01/01/2000,AEX,LA,ASW,CE,Federal Contract Tower,0,18,8,0,26,0,6,1,0,7,0,24,9,0,33,29,0,29,62
01/02/2000,AEX,LA,ASW,CE,Federal Contract Tower,0,24,8,1,33,0,9,0,0,9,0,33,8,1,42,10,0,10,52
01/03/2000,AEX,LA,ASW,CE,Federal Contract Tower,5,28,7,0,40,0,10,0,0,10,5,38,7,0,50,9,0,9,59
01/04/2000,AEX,LA,ASW,CE,Federal Contract Tower,6,37,8,7,58,10,0,0,0,10,16,37,8,7,68,71,15,86,154
01/05/2000,AEX,LA,ASW,CE,Federal Contract Tower,5,36,15,11,67,8,0,0,0,8,13,36,15,11,75,54,31,85,160
01/06/2000,AEX,LA,ASW,CE,Federal Contract Tower,4,36,15,6,61,0,0,5,0,5,4,36,20,6,66,41,35,76,142
01/07/2000,AEX,LA,ASW,CE,Federal Contract Tower,2,34,14,9,59,0,0,1,1,2,2,34,15,10,61,33,42,75,136
01/08/2000,AEX,LA,ASW,CE,Federal Contract Tower,0,24,4,4,32,0,11,0,0,11,0,35,4,4,43,15,57,72,115
01/09/2000,AEX,LA,ASW,CE,Federal Contract Tower,2,30,10,7,49,0,3,0,1,4,2,33,10,8,53,34,68,102,155
01/10/2000,AEX,LA,ASW,CE,Federal Contract Tower,5,36,13,8,62,0,1,0,1,2,5,37,13,9,64,55,108,163,227
01/11/2000,AEX,LA,ASW,CE,Federal Contract Tower,3,35,15,5,58,3,1,0,0,4,6,36,15,5,62,37,42,79,141
01/12/2000,AEX,LA,ASW,CE,Federal Contract Tower,1,37,20,13,71,0,0,6,11,17,1,37,26,24,88,6,137,143,231
01/13/2000,AEX,LA,ASW,CE,Federal Contract Tower,1,37,17,12,67,0,0,0,8,8,1,37,17,20,75,53,81,134,209
01/14/2000,AEX,LA,ASW,CE,Federal Contract Tower,3,40,16,6,65,0,1,4,0,5,3,41,20,6,70,62,140,202,272
01/15/2000,AEX,LA,ASW,CE,Federal Contract Tower,2,38,5,10,55,0,7,0,5,12,2,45,5,15,67,40,117,157,224
01/16/2000,AEX,LA,ASW,CE,Federal Contract Tower,1,36,14,8,59,0,0,4,0,4,1,36,18,8,63,22,118,140,203
01/17/2000,AEX,LA,ASW,CE,Federal Contract Tower,1,37,11,9,58,0,1,0,5,6,1,38,11,14,64,33,58,91,155
01/18/2000,AEX,LA,ASW,CE,Federal Contract Tower,5,36,18,12,71,1,0,1,9,11,6,36,19,21,82,38,28,66,148
01/19/2000,AEX,LA,ASW,CE,Federal Contract Tower,5,41,19,12,77,1,0,5,3,9,6,41,24,15,86,10,26,36,122
01/20/2000,AEX,LA,ASW,CE,Federal Contract Tower,5,53,20,14,92,0,0,0,4,4,5,53,20,18,96,36,42,78,174
01/21/2000,AEX,LA,ASW,CE,Federal Contract Tower,5,44,18,13,80,1,0,0,7,8,6,44,18,20,88,58,39,97,185
01/22/2000,AEX,LA,ASW,CE,Federal Contract Tower,0,37,12,9,58,0,4,0,2,6,0,41,12,11,64,36,21,57,121
01/23/2000,AEX,LA,ASW,CE,Federal Contract Tower,3,30,11,0,44,1,1,6,0,8,4,31,17,0,52,15,0,15,67
01/24/2000,AEX,LA,ASW,CE,Federal Contract Tower,3,37,15,5,60,0,1,3,0,4,3,38,18,5,64,21,1,22,86
01/25/2000,AEX,LA,ASW,CE,Federal Contract Tower,4,36,18,11,69,0,0,2,7,9,4,36,20,18,78,59,25,84,162
01/26/2000,AEX,LA,ASW,CE,Federal Contract Tower,4,40,16,4,64,3,0,5,0,8,7,40,21,4,72,44,30,74,146
01/27/2000,AEX,LA,ASW,CE,Federal Contract Tower,3,37,12,2,54,2,7,0,0,9,5,44,12,2,63,17,26,43,106
01/28/2000,AEX,LA,ASW,CE,Federal Contract Tower,4,37,15,3,59,3,0,2,0,5,7,37,17,3,64,1,12,13,77
01/29/2000,AEX,LA,ASW,CE,Federal Contract Tower,3,30,7,7,47,4,0,0,1,5,7,30,7,8,52,7,0,7,59
01/30/2000,AEX,LA,ASW,CE,Federal Contract Tower,1,29,11,2,43,0,5,1,0,6,1,34,12,2,49,66,0,66,115
01/31/2000,AEX,LA,ASW,CE,Federal Contract Tower,4,38,16,6,64,1,0,3,0,4,5,38,19,6,68,54,34,88,156
02/01/2000,AEX,LA,ASW,CE,Federal Contract Tower,6,43,19,3,71,7,0,0,0,7,13,43,19,3,78,56,9,65,143
02/02/2000,AEX,LA,ASW,CE,Federal Contract Tower,5,51,23,7,86,0,4,3,0,7,5,55,26,7,93,82,59,141,234
02/03/2000,AEX,LA,ASW,CE,Federal Contract Tower,2,43,21,7,73,0,0,9,0,9,2,43,30,7,82,85,19,104,186
02/04/2000,AEX,LA,ASW,CE,Federal Contract Tower,4,31,6,1,42,7,8,0,0,15,11,39,6,1,57,44,26,70,127
02/05/2000,AEX,LA,ASW,CE,Federal Contract Tower,2,33,7,4,46,0,14,0,0,14,2,47,7,4,60,57,43,100,160
02/06/2000,AEX,LA,ASW,CE,Federal Contract Tower,3,24,6,0,33,1,10,0,0,11,4,34,6,0,44,63,52,115,159
02/07/2000,AEX,LA,ASW,CE,Federal Contract Tower,3,36,16,5,60,0,1,4,0,5,3,37,20,5,65,28,64,92,157
02/08/2000,AEX,LA,ASW,CE,Federal Contract Tower,6,41,20,4,71,3,0,5,0,8,9,41,25,4,79,13,74,87,166
02/09/2000,AEX,LA,ASW,CE,Federal Contract Tower,2,36,19,9,66,0,0,3,5,8,2,36,22,14,74,49,61,110,184
02/10/2000,AEX,LA,ASW,CE,Federal Contract Tower,2,32,18,10,62,0,0,7,3,10,2,32,25,13,72,48,179,227,299
02/11/2000,AEX,LA,ASW,CE,Federal Contract Tower,5,36,17,4,62,2,0,4,0,6,7,36,21,4,68,113,295,408,476
02/12/2000,AEX,LA,ASW,CE,Federal Contract Tower,6,33,28,16,83,0,0,0,39,39,6,33,28,55,122,18,159,177,299
02/13/2000,AEX,LA,ASW,CE,Federal Contract Tower,0,28,4,7,39,0,6,0,7,13,0,34,4,14,52,22,163,185,237
02/14/2000,AEX,LA,ASW,CE,Federal Contract Tower,5,36,6,8,55,2,1,0,7,10,7,37,6,15,65,55,96,151,216
02/15/2000,AEX,LA,ASW,CE,Federal Contract Tower,4,38,22,12,76,0,0,13,0,13,4,38,35,12,89,21,27,48,137
02/16/2000,AEX,LA,ASW,CE,Federal Contract Tower,3,37,16,9,65,0,0,4,0,4,3,37,20,9,69,28,11,39,108
02/17/2000,AEX,LA,ASW,CE,Federal Contract Tower,4,38,7,10,59,1,0,0,10,11,5,38,7,20,70,35,31,66,136
02/18/2000,AEX,LA,ASW,CE,Federal Contract Tower,4,34,15,9,62,0,0,0,3,3,4,34,15,12,65,37,29,66,131
02/19/2000,AEX,LA,ASW,CE,Federal Contract Tower,2,32,11,8,53,0,0,0,3,3,2,32,11,11,56,109,22,131,187
02/20/2000,AEX,LA,ASW,CE,Federal Contract Tower,1,25,11,4,41,0,4,0,0,4,1,29,11,4,45,64,14,78,123
02/21/2000,AEX,LA,ASW,CE,Federal Contract Tower,3,37,15,3,58,0,1,6,0,7,3,38,21,3,65,9,49,58,123
02/22/2000,AEX,LA,ASW,CE,Federal Contract Tower,3,31,13,3,50,2,2,1,0,5,5,33,14,3,55,67,7,74,129
02/23/2000,AEX,LA,ASW,CE,Federal Contract Tower,1,32,10,8,51,0,2,0,4,6,1,34,10,12,57,22,2,24,81
02/24/2000,AEX,LA,ASW,CE,Federal Contract Tower,4,34,16,4,58,0,0,11,0,11,4,34,27,4,69,43,14,57,126
02/25/2000,AEX,LA,ASW,CE,Federal Contract Tower,3,30,13,2,48,0,3,2,0,5,3,33,15,2,53,60,46,106,159
02/26/2000,AEX,LA,ASW,CE,Federal Contract Tower,3,27,3,6,39,4,3,0,1,8,7,30,3,7,47,12,0,12,59
02/27/2000,AEX,LA,ASW,CE,Federal Contract Tower,0,23,5,1,29,0,12,0,0,12,0,35,5,1,41,103,0,103,144
02/28/2000,AEX,LA,ASW,CE,Federal Contract Tower,3,34,13,7,57,0,3,0,0,3,3,37,13,7,60,61,4,65,125
02/29/2000,AEX,LA,ASW,CE,Federal Contract Tower,4,37,17,2,60,4,0,3,0,7,8,37,20,2,67,3,30,33,100
03/01/2000,AEX,LA,ASW,CE,Federal Contract Tower,1,33,13,4,51,0,3,2,0,5,1,36,15,4,56,40,2,42,98
03/02/2000,AEX,LA,ASW,CE,Federal Contract Tower,2,34,14,0,50,0,0,8,0,8,2,34,22,0,58,66,5,71,129
03/03/2000,AEX,LA,ASW,CE,Federal Contract Tower,0,34,15,0,49,0,0,14,0,14,0,34,29,0,63,31,7,38,101
03/04/2000,AEX,LA,ASW,CE,Federal Contract Tower,3,24,5,2,34,0,7,0,0,7,3,31,5,2,41,60,0,60,101
03/05/2000,AEX,LA,ASW,CE,Federal Contract Tower,0,25,11,0,36,0,5,3,0,8,0,30,14,0,44,85,0,85,129
03/06/2000,AEX,LA,ASW,CE,Federal Contract Tower,4,29,4,4,41,2,7,0,0,9,6,36,4,4,50,65,4,69,119
03/07/2000,AEX,LA,ASW,CE,Federal Contract Tower,5,33,12,4,54,1,1,0,0,2,6,34,12,4,56,19,6,25,81
03/08/2000,AEX,LA,ASW,CE,Federal Contract Tower,2,35,15,6,58,0,0,4,0,4,2,35,19,6,62,32,2,34,96
03/09/2000,AEX,LA,ASW,CE,Federal Contract Tower,0,35,15,2,52,0,3,5,0,8,0,38,20,2,60,38,6,44,104
03/10/2000,AEX,LA,ASW,CE,Federal Contract Tower,3,21,9,0,33,0,4,0,0,4,3,25,9,0,37,40,0,40,77
03/11/2000,AEX,LA,ASW,CE,Federal Contract Tower,4,28,11,3,46,4,0,0,0,4,8,28,11,3,50,41,0,41,91
03/12/2000,AEX,LA,ASW,CE,Federal Contract Tower,3,26,6,2,37,0,8,0,0,8,3,34,6,2,45,87,1,88,133
03/13/2000,AEX,LA,ASW,CE,Federal Contract Tower,4,29,5,3,41,0,8,0,0,8,4,37,5,3,49,146,0,146,195
03/14/2000,AEX,LA,ASW,CE,Federal Contract Tower,6,34,16,6,62,0,0,5,3,8,6,34,21,9,70,54,9,63,133
03/15/2000,AEX,LA,ASW,CE,Federal Contract Tower,3,33,14,5,55,0,0,4,0,4,3,33,18,5,59,2,7,9,68
03/16/2000,AEX,LA,ASW,CE,Federal Contract Tower,1,38,15,8,62,0,0,4,0,4,1,38,19,8,66,32,42,74,140
03/17/2000,AEX,LA,ASW,CE,Federal Contract Tower,3,31,11,1,46,2,4,0,0,6,5,35,11,1,52,20,1,21,73
03/18/2000,AEX,LA,ASW,CE,Federal Contract Tower,3,28,10,2,43,0,4,0,0,4,3,32,10,2,47,26,0,26,73
03/19/2000,AEX,LA,ASW,CE,Federal Contract Tower,1,29,9,6,45,0,4,0,0,4,1,33,9,6,49,7,69,76,125
03/20/2000,AEX,LA,ASW,CE,Federal Contract Tower,3,29,8,5,45,0,4,0,0,4,3,33,8,5,49,84,3,87,136
03/21/2000,AEX,LA,ASW,CE,Federal Contract Tower,6,40,21,8,75,5,0,8,0,13,11,40,29,8,88,25,5,30,118
03/22/2000,AEX,LA,ASW,CE,Federal Contract Tower,5,36,17,8,66,2,0,6,1,9,7,36,23,9,75,5,69,74,149
03/23/2000,AEX,LA,ASW,CE,Federal Contract Tower,3,28,8,0,39,0,8,0,0,8,3,36,8,0,47,53,20,73,120
03/24/2000,AEX,LA,ASW,CE,Federal Contract Tower,3,35,8,7,53,0,0,0,16,16,3,35,8,23,69,41,2,43,112
03/25/2000,AEX,LA,ASW,CE,Federal Contract Tower,3,29,10,2,44,1,4,0,0,5,4,33,10,2,49,25,0,25,74
03/26/2000,AEX,LA,ASW,CE,Federal Contract Tower,4,34,6,5,49,0,0,0,8,8,4,34,6,13,57,76,10,86,143
03/27/2000,AEX,LA,ASW,CE,Federal Contract Tower,5,37,17,4,63,8,0,2,0,10,13,37,19,4,73,88,11,99,172
03/28/2000,AEX,LA,ASW,CE,Federal Contract Tower,4,34,15,6,59,2,0,0,3,5,6,34,15,9,64,59,98,157,221
03/29/2000,AEX,LA,ASW,CE,Federal Contract Tower,4,37,15,6,62,0,0,0,2,2,4,37,15,8,64,14,7,21,85
03/30/2000,AEX,LA,ASW,CE,Federal Contract Tower,5,35,10,8,58,4,0,0,19,23,9,35,10,27,81,17,23,40,121
03/31/2000,AEX,LA,ASW,CE,Federal Contract Tower,4,35,17,6,62,2,0,5,0,7,6,35,22,6,69,49,92,141,210
04/01/2000,AEX,LA,ASW,CE,Federal Contract Tower,6,43,19,3,71,7,0,0,0,7,13,43,19,3,78,56,9,65,143
04/02/2000,AEX,LA,ASW,CE,Federal Contract Tower,5,52,22,7,86,0,3,4,0,7,5,55,26,7,93,82,59,141,234
04/03/2000,AEX,LA,ASW,CE,Federal Contract Tower,2,43,20,7,72,0,0,10,0,10,2,43,30,7,82,85,19,104,186
04/04/2000,AEX,LA,ASW,CE,Federal Contract Tower,4,31,6,1,42,7,8,0,0,15,11,39,6,1,57,44,26,70,127
04/05/2000,AEX,LA,ASW,CE,Federal Contract Tower,2,33,7,4,46,0,14,0,0,14,2,47,7,4,60,57,43,100,160
04/06/2000,AEX,LA,ASW,CE,Federal Contract Tower,3,24,6,0,33,1,10,0,0,11,4,34,6,0,44,63,52,115,159
04/07/2000,AEX,LA,ASW,CE,Federal Contract Tower,3,36,16,5,60,0,1,4,0,5,3,37,20,5,65,28,64,92,157
04/08/2000,AEX,LA,ASW,CE,Federal Contract Tower,6,41,19,4,70,3,0,6,0,9,9,41,25,4,79,13,74,87,166
04/09/2000,AEX,LA,ASW,CE,Federal Contract Tower,2,36,18,10,66,0,0,4,4,8,2,36,22,14,74,49,61,110,184
04/10/2000,AEX,LA,ASW,CE,Federal Contract Tower,2,32,18,9,61,0,0,7,4,11,2,32,25,13,72,48,179,227,299
04/11/2000,AEX,LA,ASW,CE,Federal Contract Tower,5,36,16,4,61,2,0,5,0,7,7,36,21,4,68,113,295,408,476
04/12/2000,AEX,LA,ASW,CE,Federal Contract Tower,6,33,28,16,83,0,0,0,39,39,6,33,28,55,122,18,159,177,299
04/13/2000,AEX,LA,ASW,CE,Federal Contract Tower,0,29,4,6,39,0,5,0,8,13,0,34,4,14,52,22,163,185,237
04/14/2000,AEX,LA,ASW,CE,Federal Contract Tower,5,36,6,8,55,2,1,0,7,10,7,37,6,15,65,55,96,151,216
04/15/2000,AEX,LA,ASW,CE,Federal Contract Tower,4,38,22,12,76,0,0,13,0,13,4,38,35,12,89,21,27,48,137
04/16/2000,AEX,LA,ASW,CE,Federal Contract Tower,3,37,16,9,65,0,0,4,0,4,3,37,20,9,69,28,11,39,108
04/17/2000,AEX,LA,ASW,CE,Federal Contract Tower,4,38,7,10,59,1,0,0,10,11,5,38,7,20,70,35,31,66,136
04/18/2000,AEX,LA,ASW,CE,Federal Contract Tower,4,34,15,9,62,0,0,0,3,3,4,34,15,12,65,37,29,66,131
04/19/2000,AEX,LA,ASW,CE,Federal Contract Tower,2,32,11,8,53,0,0,0,3,3,2,32,11,11,56,109,22,131,187
04/20/2000,AEX,LA,ASW,CE,Federal Contract Tower,1,26,10,4,41,0,3,1,0,4,1,29,11,4,45,64,14,78,123
04/21/2000,AEX,LA,ASW,CE,Federal Contract Tower,3,37,15,3,58,0,1,6,0,7,3,38,21,3,65,9,49,58,123
04/22/2000,AEX,LA,ASW,CE,Federal Contract Tower,3,31,13,3,50,2,2,1,0,5,5,33,14,3,55,67,7,74,129
04/23/2000,AEX,LA,ASW,CE,Federal Contract Tower,1,32,10,9,52,0,2,0,3,5,1,34,10,12,57,22,2,24,81
04/24/2000,AEX,LA,ASW,CE,Federal Contract Tower,4,34,16,4,58,0,0,11,0,11,4,34,27,4,69,43,14,57,126
04/25/2000,AEX,LA,ASW,CE,Federal Contract Tower,2,22,9,2,35,1,11,6,0,18,3,33,15,2,53,60,46,106,159
04/26/2000,AEX,LA,ASW,CE,Federal Contract Tower,3,27,3,6,39,4,3,0,1,8,7,30,3,7,47,12,0,12,59
04/27/2000,AEX,LA,ASW,CE,Federal Contract Tower,0,23,5,1,29,0,12,0,0,12,0,35,5,1,41,103,0,103,144
04/28/2000,AEX,LA,ASW,CE,Federal Contract Tower,3,34,13,7,57,0,3,0,0,3,3,37,13,7,60,61,4,65,125
04/29/2000,AEX,LA,ASW,CE,Federal Contract Tower,4,37,17,2,60,4,0,3,0,7,8,37,20,2,67,3,30,33,100
04/30/2000,AEX,LA,ASW,CE,Federal Contract Tower,0,0,0,0,0,0,0,0,0,0,0,0,0,0,0,0,0,0,0
05/01/2000,AEX,LA,ASW,CE,Federal Contract Tower,7,32,11,14,64,0,4,0,0,4,7,36,11,14,68,46,2,48,116
05/02/2000,AEX,LA,ASW,CE,Federal Contract Tower,6,30,13,11,60,0,3,0,0,3,6,33,13,11,63,12,61,73,136
05/03/2000,AEX,LA,ASW,CE,Federal Contract Tower,1,25,11,5,42,0,11,0,0,11,1,36,11,5,53,27,12,39,92
05/04/2000,AEX,LA,ASW,CE,Federal Contract Tower,0,34,16,17,67,0,0,0,16,16,0,34,16,33,83,0,18,18,101
05/05/2000,AEX,LA,ASW,CE,Federal Contract Tower,2,36,17,18,73,0,0,0,14,14,2,36,17,32,87,56,5,61,148
05/06/2000,AEX,LA,ASW,CE,Federal Contract Tower,7,37,3,16,63,0,4,0,11,15,7,41,3,27,78,47,37,84,162
05/07/2000,AEX,LA,ASW,CE,Federal Contract Tower,1,31,14,12,58,0,9,0,0,9,1,40,14,12,67,33,4,37,104
05/08/2000,AEX,LA,ASW,CE,Federal Contract Tower,6,36,12,15,69,0,4,0,3,7,6,40,12,18,76,104,1,105,181
05/09/2000,AEX,LA,ASW,CE,Federal Contract Tower,10,40,20,12,82,6,0,5,0,11,16,40,25,12,93,45,30,75,168
05/10/2000,AEX,LA,ASW,CE,Federal Contract Tower,6,33,12,14,65,0,4,0,1,5,6,37,12,15,70,29,4,33,103
05/11/2000,AEX,LA,ASW,CE,Federal Contract Tower,4,38,18,16,76,0,2,1,1,4,4,40,19,17,80,61,35,96,176
05/12/2000,AEX,LA,ASW,CE,Federal Contract Tower,12,35,17,21,85,28,0,0,0,28,40,35,17,21,113,18,30,48,161
05/13/2000,AEX,LA,ASW,CE,Federal Contract Tower,8,33,7,15,63,9,0,0,3,12,17,33,7,18,75,48,23,71,146
05/14/2000,AEX,LA,ASW,CE,Federal Contract Tower,5,25,11,2,43,0,11,0,0,11,5,36,11,2,54,68,53,121,175
05/15/2000,AEX,LA,ASW,CE,Federal Contract Tower,4,37,17,11,69,0,1,8,0,9,4,38,25,11,78,127,166,293,371
05/16/2000,AEX,LA,ASW,CE,Federal Contract Tower,2,38,17,17,74,0,0,0,6,6,2,38,17,23,80,71,322,393,473
05/17/2000,AEX,LA,ASW,CE,Federal Contract Tower,4,35,18,17,74,0,0,6,0,6,4,35,24,17,80,50,126,176,256
05/18/2000,AEX,LA,ASW,CE,Federal Contract Tower,2,35,23,22,82,0,0,7,13,20,2,35,30,35,102,69,119,188,290
05/19/2000,AEX,LA,ASW,CE,Federal Contract Tower,5,27,12,11,55,1,2,0,0,3,6,29,12,11,58,48,32,80,138
05/20/2000,AEX,LA,ASW,CE,Federal Contract Tower,3,31,13,10,57,0,7,0,0,7,3,38,13,10,64,24,15,39,103
05/21/2000,AEX,LA,ASW,CE,Federal Contract Tower,1,26,5,11,43,0,10,0,0,10,1,36,5,11,53,81,22,103,156
05/22/2000,AEX,LA,ASW,CE,Federal Contract Tower,3,38,16,17,74,0,1,1,2,4,3,39,17,19,78,84,42,126,204
05/23/2000,AEX,LA,ASW,CE,Federal Contract Tower,6,40,14,18,78,0,1,0,3,4,6,41,14,21,82,43,26,69,151
05/24/2000,AEX,LA,ASW,CE,Federal Contract Tower,2,38,21,22,83,0,0,6,14,20,2,38,27,36,103,48,59,107,210
05/25/2000,AEX,LA,ASW,CE,Federal Contract Tower,7,37,21,11,76,0,0,20,0,20,7,37,41,11,96,38,32,70,166
05/26/2000,AEX,LA,ASW,CE,Federal Contract Tower,10,38,23,14,85,15,0,4,0,19,25,38,27,14,104,110,0,110,214
05/27/2000,AEX,LA,ASW,CE,Federal Contract Tower,5,28,11,5,49,10,0,0,0,10,15,28,11,5,59,80,1,81,140
05/28/2000,AEX,LA,ASW,CE,Federal Contract Tower,6,32,12,2,52,18,0,0,0,18,24,32,12,2,70,113,1,114,184
05/29/2000,AEX,LA,ASW,CE,Federal Contract Tower,3,26,11,0,40,0,10,3,0,13,3,36,14,0,53,124,0,124,177
05/30/2000,AEX,LA,ASW,CE,Federal Contract Tower,5,39,17,16,77,0,1,0,2,3,5,40,17,18,80,53,0,53,133
05/31/2000,AEX,LA,ASW,CE,Federal Contract Tower,2,34,16,12,64,0,1,6,0,7,2,35,22,12,71,98,6,104,175
06/01/2000,AEX,LA,ASW,CE,Federal Contract Tower,1,34,11,4,50,0,3,0,6,9,1,37,11,10,59,61,1,62,121
06/02/2000,AEX,LA,ASW,CE,Federal Contract Tower,4,39,17,5,65,0,0,0,3,3,4,39,17,8,68,50,0,50,118
06/03/2000,AEX,LA,ASW,CE,Federal Contract Tower,0,27,11,2,40,0,8,0,0,8,0,35,11,2,48,131,0,131,179
06/04/2000,AEX,LA,ASW,CE,Federal Contract Tower,1,28,14,0,43,0,6,0,0,6,1,34,14,0,49,56,0,56,105
06/05/2000,AEX,LA,ASW,CE,Federal Contract Tower,5,39,18,5,67,0,0,0,1,1,5,39,18,6,68,11,1,12,80
06/06/2000,AEX,LA,ASW,CE,Federal Contract Tower,5,39,14,5,63,2,0,0,5,7,7,39,14,10,70,79,2,81,151
06/07/2000,AEX,LA,ASW,CE,Federal Contract Tower,0,32,16,2,50,0,6,0,0,6,0,38,16,2,56,75,0,75,131
06/08/2000,AEX,LA,ASW,CE,Federal Contract Tower,4,36,21,5,66,0,0,2,5,7,4,36,23,10,73,93,10,103,176
06/09/2000,AEX,LA,ASW,CE,Federal Contract Tower,5,39,21,6,71,0,0,2,2,4,5,39,23,8,75,32,3,35,110
06/10/2000,AEX,LA,ASW,CE,Federal Contract Tower,0,27,12,2,41,0,7,0,0,7,0,34,12,2,48,26,0,26,74
06/11/2000,AEX,LA,ASW,CE,Federal Contract Tower,1,32,16,2,51,0,1,4,0,5,1,33,20,2,56,62,5,67,123
06/12/2000,AEX,LA,ASW,CE,Federal Contract Tower,4,35,15,5,59,0,2,0,1,3,4,37,15,6,62,78,4,82,144
06/13/2000,AEX,LA,ASW,CE,Federal Contract Tower,3,32,12,1,48,1,7,0,0,8,4,39,12,1,56,70,24,94,150
06/14/2000,AEX,LA,ASW,CE,Federal Contract Tower,1,37,19,3,60,0,0,7,0,7,1,37,26,3,67,147,0,147,214
06/15/2000,AEX,LA,ASW,CE,Federal Contract Tower,4,40,20,3,67,3,0,1,0,4,7,40,21,3,71,154,3,157,228
06/16/2000,AEX,LA,ASW,CE,Federal Contract Tower,4,38,22,7,71,4,0,1,0,5,8,38,23,7,76,31,4,35,111
06/17/2000,AEX,LA,ASW,CE,Federal Contract Tower,2,26,6,3,37,1,7,0,0,8,3,33,6,3,45,38,1,39,84
06/18/2000,AEX,LA,ASW,CE,Federal Contract Tower,1,28,7,3,39,0,9,0,0,9,1,37,7,3,48,27,11,38,86
06/19/2000,AEX,LA,ASW,CE,Federal Contract Tower,4,40,15,7,66,6,0,0,3,9,10,40,15,10,75,111,9,120,195
06/20/2000,AEX,LA,ASW,CE,Federal Contract Tower,6,42,26,4,78,5,0,14,0,19,11,42,40,4,97,105,5,110,207
06/21/2000,AEX,LA,ASW,CE,Federal Contract Tower,4,39,19,4,66,0,0,5,0,5,4,39,24,4,71,146,4,150,221
06/22/2000,AEX,LA,ASW,CE,Federal Contract Tower,5,42,24,7,78,7,0,5,0,12,12,42,29,7,90,5,192,197,287
06/23/2000,AEX,LA,ASW,CE,Federal Contract Tower,4,39,13,6,62,3,1,0,0,4,7,40,13,6,66,68,2,70,136
06/24/2000,AEX,LA,ASW,CE,Federal Contract Tower,3,32,12,3,50,2,3,0,0,5,5,35,12,3,55,79,6,85,140
06/25/2000,AEX,LA,ASW,CE,Federal Contract Tower,2,35,17,0,54,0,0,10,0,10,2,35,27,0,64,92,0,92,156
06/26/2000,AEX,LA,ASW,CE,Federal Contract Tower,4,39,12,6,61,2,3,0,0,5,6,42,12,6,66,91,26,117,183
06/27/2000,AEX,LA,ASW,CE,Federal Contract Tower,2,37,19,6,64,0,0,2,3,5,2,37,21,9,69,61,15,76,145
06/28/2000,AEX,LA,ASW,CE,Federal Contract Tower,3,37,19,7,66,0,0,0,15,15,3,37,19,22,81,57,23,80,161
06/29/2000,AEX,LA,ASW,CE,Federal Contract Tower,1,42,20,2,65,0,5,2,0,7,1,47,22,2,72,55,5,60,132
06/30/2000,AEX,LA,ASW,CE,Federal Contract Tower,4,38,19,1,62,1,0,5,0,6,5,38,24,1,68,67,0,67,135
07/01/2000,AEX,LA,ASW,CE,Federal Contract Tower,3,34,3,3,43,0,14,0,0,14,3,48,3,3,57,59,20,79,136
07/02/2000,AEX,LA,ASW,CE,Federal Contract Tower,2,25,8,0,35,0,8,0,0,8,2,33,8,0,43,30,0,30,73
07/03/2000,AEX,LA,ASW,CE,Federal Contract Tower,2,30,10,0,42,0,8,0,0,8,2,38,10,0,50,121,0,121,171
07/04/2000,AEX,LA,ASW,CE,Federal Contract Tower,0,23,5,0,28,0,11,0,0,11,0,34,5,0,39,92,3,95,134
07/05/2000,AEX,LA,ASW,CE,Federal Contract Tower,5,42,17,8,72,0,0,3,3,6,5,42,20,11,78,40,21,61,139
07/06/2000,AEX,LA,ASW,CE,Federal Contract Tower,1,35,10,6,52,0,3,0,4,7,1,38,10,10,59,177,36,213,272
07/07/2000,AEX,LA,ASW,CE,Federal Contract Tower,2,41,16,7,66,0,0,3,3,6,2,41,19,10,72,107,9,116,188
07/08/2000,AEX,LA,ASW,CE,Federal Contract Tower,0,32,4,5,41,0,5,0,7,12,0,37,4,12,53,139,10,149,202
07/09/2000,AEX,LA,ASW,CE,Federal Contract Tower,0,34,13,5,52,0,3,1,1,5,0,37,14,6,57,76,2,78,135
07/10/2000,AEX,LA,ASW,CE,Federal Contract Tower,4,38,14,3,59,0,4,0,0,4,4,42,14,3,63,71,5,76,139
07/11/2000,AEX,LA,ASW,CE,Federal Contract Tower,4,38,15,2,59,0,1,4,0,5,4,39,19,2,64,94,4,98,162
07/12/2000,AEX,LA,ASW,CE,Federal Contract Tower,5,38,16,5,64,2,0,3,0,5,7,38,19,5,69,94,0,94,163
07/13/2000,AEX,LA,ASW,CE,Federal Contract Tower,3,42,16,8,69,0,0,0,6,6,3,42,16,14,75,114,60,174,249
07/14/2000,AEX,LA,ASW,CE,Federal Contract Tower,2,39,10,7,58,0,0,0,7,7,2,39,10,14,65,173,9,182,247
07/15/2000,AEX,LA,ASW,CE,Federal Contract Tower,2,30,7,6,45,0,4,0,1,5,2,34,7,7,50,119,9,128,178
07/16/2000,AEX,LA,ASW,CE,Federal Contract Tower,2,26,3,1,32,0,12,0,0,12,2,38,3,1,44,124,0,124,168
07/17/2000,AEX,LA,ASW,CE,Federal Contract Tower,5,36,17,8,66,0,0,8,0,8,5,36,25,8,74,146,32,178,252
07/18/2000,AEX,LA,ASW,CE,Federal Contract Tower,4,37,14,1,56,0,2,4,0,6,4,39,18,1,62,140,3,143,205
07/19/2000,AEX,LA,ASW,CE,Federal Contract Tower,2,39,15,5,61,0,0,10,0,10,2,39,25,5,71,68,0,68,139
07/20/2000,AEX,LA,ASW,CE,Federal Contract Tower,5,31,15,2,53,7,0,12,0,19,12,31,27,2,72,89,9,98,170
07/21/2000,AEX,LA,ASW,CE,Federal Contract Tower,5,39,18,9,71,0,0,7,7,14,5,39,25,16,85,126,3,129,214
07/22/2000,AEX,LA,ASW,CE,Federal Contract Tower,4,40,7,7,58,0,7,0,0,7,4,47,7,7,65,68,0,68,133
07/23/2000,AEX,LA,ASW,CE,Federal Contract Tower,1,35,11,7,54,0,0,3,1,4,1,35,14,8,58,43,21,64,122
07/24/2000,AEX,LA,ASW,CE,Federal Contract Tower,5,42,16,9,72,1,0,2,3,6,6,42,18,12,78,106,27,133,211
07/25/2000,AEX,LA,ASW,CE,Federal Contract Tower,6,52,13,6,77,13,0,0,0,13,19,52,13,6,90,88,14,102,192
07/26/2000,AEX,LA,ASW,CE,Federal Contract Tower,6,53,13,10,82,3,0,0,2,5,9,53,13,12,87,113,19,132,219
07/27/2000,AEX,LA,ASW,CE,Federal Contract Tower,6,40,19,8,73,13,0,4,0,17,19,40,23,8,90,129,20,149,239
07/28/2000,AEX,LA,ASW,CE,Federal Contract Tower,6,36,18,9,69,6,0,0,10,16,12,36,18,19,85,62,28,90,175
07/29/2000,AEX,LA,ASW,CE,Federal Contract Tower,1,34,12,6,53,0,3,0,0,3,1,37,12,6,56,55,31,86,142
07/30/2000,AEX,LA,ASW,CE,Federal Contract Tower,2,33,12,0,47,0,3,3,0,6,2,36,15,0,53,40,18,58,111
07/31/2000,AEX,LA,ASW,CE,Federal Contract Tower,3,32,9,4,48,0,4,0,0,4,3,36,9,4,52,30,78,108,160
08/01/2000,AEX,LA,ASW,CE,Federal Contract Tower,7,40,15,2,64,1,0,6,0,7,8,40,21,2,71,63,21,84,155
08/02/2000,AEX,LA,ASW,CE,Federal Contract Tower,2,34,13,5,54,0,4,2,0,6,2,38,15,5,60,80,3,83,143
08/03/2000,AEX,LA,ASW,CE,Federal Contract Tower,2,34,12,7,55,0,4,7,1,12,2,38,19,8,67,62,71,133,200
08/04/2000,AEX,LA,ASW,CE,Federal Contract Tower,3,37,14,8,62,0,0,0,3,3,3,37,14,11,65,79,77,156,221
08/05/2000,AEX,LA,ASW,CE,Federal Contract Tower,0,31,9,7,47,0,5,0,3,8,0,36,9,10,55,110,62,172,227
08/06/2000,AEX,LA,ASW,CE,Federal Contract Tower,0,33,12,2,47,0,6,5,0,11,0,39,17,2,58,134,3,137,195
08/07/2000,AEX,LA,ASW,CE,Federal Contract Tower,4,34,12,7,57,0,2,0,0,2,4,36,12,7,59,69,52,121,180
08/08/2000,AEX,LA,ASW,CE,Federal Contract Tower,5,38,11,8,62,0,1,0,3,4,5,39,11,11,66,74,48,122,188
08/09/2000,AEX,LA,ASW,CE,Federal Contract Tower,7,41,16,12,76,0,0,0,24,24,7,41,16,36,100,114,20,134,234
08/10/2000,AEX,LA,ASW,CE,Federal Contract Tower,8,40,15,9,72,0,0,0,8,8,8,40,15,17,80,100,51,151,231
08/11/2000,AEX,LA,ASW,CE,Federal Contract Tower,7,38,7,2,54,9,4,0,0,13,16,42,7,2,67,168,16,184,251
08/12/2000,AEX,LA,ASW,CE,Federal Contract Tower,5,30,6,1,42,4,7,0,0,11,9,37,6,1,53,6,91,97,150
08/13/2000,AEX,LA,ASW,CE,Federal Contract Tower,6,37,12,6,61,4,0,0,0,4,10,37,12,6,65,78,21,99,164
08/14/2000,AEX,LA,ASW,CE,Federal Contract Tower,6,37,12,6,61,3,1,0,0,4,9,38,12,6,65,98,16,114,179
08/15/2000,AEX,LA,ASW,CE,Federal Contract Tower,5,32,12,3,52,0,5,0,0,5,5,37,12,3,57,183,13,196,253
08/16/2000,AEX,LA,ASW,CE,Federal Contract Tower,7,38,16,2,63,3,0,6,0,9,10,38,22,2,72,66,9,75,147
08/17/2000,AEX,LA,ASW,CE,Federal Contract Tower,6,37,13,3,59,0,6,0,0,6,6,43,13,3,65,118,18,136,201
08/18/2000,AEX,LA,ASW,CE,Federal Contract Tower,6,40,15,7,68,0,0,5,0,5,6,40,20,7,73,69,15,84,157
08/19/2000,AEX,LA,ASW,CE,Federal Contract Tower,2,25,6,0,33,0,10,0,0,10,2,35,6,0,43,93,0,93,136
08/20/2000,AEX,LA,ASW,CE,Federal Contract Tower,5,37,9,8,59,1,3,0,0,4,6,40,9,8,63,116,10,126,189
08/21/2000,AEX,LA,ASW,CE,Federal Contract Tower,4,32,8,2,46,0,8,0,0,8,4,40,8,2,54,130,4,134,188
08/22/2000,AEX,LA,ASW,CE,Federal Contract Tower,6,40,14,5,65,1,0,5,0,6,7,40,19,5,71,8,57,65,136
08/23/2000,AEX,LA,ASW,CE,Federal Contract Tower,3,34,11,5,53,0,3,2,0,5,3,37,13,5,58,68,16,84,142
08/24/2000,AEX,LA,ASW,CE,Federal Contract Tower,6,37,14,9,66,1,0,0,5,6,7,37,14,14,72,109,30,139,211
08/25/2000,AEX,LA,ASW,CE,Federal Contract Tower,8,39,20,12,79,5,0,2,11,18,13,39,22,23,97,126,8,134,231
08/26/2000,AEX,LA,ASW,CE,Federal Contract Tower,4,32,7,5,48,0,6,0,0,6,4,38,7,5,54,98,35,133,187
08/27/2000,AEX,LA,ASW,CE,Federal Contract Tower,0,34,10,8,52,0,3,0,3,6,0,37,10,11,58,60,26,86,144
08/28/2000,AEX,LA,ASW,CE,Federal Contract Tower,7,42,16,10,75,2,0,2,0,4,9,42,18,10,79,121,95,216,295
08/29/2000,AEX,LA,ASW,CE,Federal Contract Tower,7,39,17,11,74,6,0,0,8,14,13,39,17,19,88,147,82,229,317
08/30/2000,AEX,LA,ASW,CE,Federal Contract Tower,3,36,16,9,64,0,0,7,3,10,3,36,23,12,74,134,22,156,230
08/31/2000,AEX,LA,ASW,CE,Federal Contract Tower,6,41,15,8,70,1,0,0,0,1,7,41,15,8,71,65,92,157,228
09/01/2000,AEX,LA,ASW,CE,Federal Contract Tower,6,37,17,9,69,1,0,4,0,5,7,37,21,9,74,79,68,147,221
09/02/2000,AEX,LA,ASW,CE,Federal Contract Tower,2,38,5,9,54,0,16,0,0,16,2,54,5,9,70,94,59,153,223
09/03/2000,AEX,LA,ASW,CE,Federal Contract Tower,4,28,2,4,38,6,8,0,0,14,10,36,2,4,52,72,41,113,165
09/04/2000,AEX,LA,ASW,CE,Federal Contract Tower,5,31,14,1,51,1,3,3,0,7,6,34,17,1,58,108,94,202,260
09/05/2000,AEX,LA,ASW,CE,Federal Contract Tower,6,38,10,8,62,6,3,0,0,9,12,41,10,8,71,110,139,249,320
09/06/2000,AEX,LA,ASW,CE,Federal Contract Tower,3,35,16,11,65,0,0,0,11,11,3,35,16,22,76,98,104,202,278
09/07/2000,AEX,LA,ASW,CE,Federal Contract Tower,2,38,18,12,70,0,0,0,14,14,2,38,18,26,84,144,138,282,366
09/08/2000,AEX,LA,ASW,CE,Federal Contract Tower,3,41,23,15,82,0,0,10,9,19,3,41,33,24,101,99,70,169,270
09/09/2000,AEX,LA,ASW,CE,Federal Contract Tower,2,38,8,12,60,0,0,0,20,20,2,38,8,32,80,8,63,71,151
09/10/2000,AEX,LA,ASW,CE,Federal Contract Tower,1,34,15,9,59,0,2,2,0,4,1,36,17,9,63,33,60,93,156
09/11/2000,AEX,LA,ASW,CE,Federal Contract Tower,5,43,9,13,70,0,0,0,16,16,5,43,9,29,86,101,182,283,369
09/12/2000,AEX,LA,ASW,CE,Federal Contract Tower,7,34,17,12,70,8,0,0,3,11,15,34,17,15,81,53,42,95,176
09/13/2000,AEX,LA,ASW,CE,Federal Contract Tower,5,39,21,13,78,0,0,2,9,11,5,39,23,22,89,77,29,106,195
09/14/2000,AEX,LA,ASW,CE,Federal Contract Tower,7,41,13,12,73,0,0,0,9,9,7,41,13,21,82,159,45,204,286
09/15/2000,AEX,LA,ASW,CE,Federal Contract Tower,5,41,21,14,81,0,0,8,1,9,5,41,29,15,90,103,37,140,230
09/16/2000,AEX,LA,ASW,CE,Federal Contract Tower,2,32,13,6,53,0,5,1,0,6,2,37,14,6,59,100,42,142,201
09/17/2000,AEX,LA,ASW,CE,Federal Contract Tower,0,30,8,1,39,0,15,0,0,15,0,45,8,1,54,102,17,119,173
09/18/2000,AEX,LA,ASW,CE,Federal Contract Tower,4,40,17,13,74,0,0,2,2,4,4,40,19,15,78,75,20,95,173
09/19/2000,AEX,LA,ASW,CE,Federal Contract Tower,5,40,17,10,72,4,0,0,0,4,9,40,17,10,76,143,31,174,250
09/20/2000,AEX,LA,ASW,CE,Federal Contract Tower,3,37,17,13,70,0,0,9,2,11,3,37,26,15,81,76,21,97,178
09/21/2000,AEX,LA,ASW,CE,Federal Contract Tower,5,42,16,11,74,2,0,0,0,2,7,42,16,11,76,23,63,86,162
09/22/2000,AEX,LA,ASW,CE,Federal Contract Tower,6,46,18,5,75,0,7,1,0,8,6,53,19,5,83,30,9,39,122
09/23/2000,AEX,LA,ASW,CE,Federal Contract Tower,9,66,27,14,116,2,0,6,0,8,11,66,33,14,124,20,5,25,149
09/24/2000,AEX,LA,ASW,CE,Federal Contract Tower,2,36,14,2,54,0,1,10,0,11,2,37,24,2,65,38,0,38,103
09/25/2000,AEX,LA,ASW,CE,Federal Contract Tower,5,38,12,10,65,3,1,0,0,4,8,39,12,10,69,39,14,53,122
09/26/2000,AEX,LA,ASW,CE,Federal Contract Tower,6,50,20,2,78,7,2,3,0,12,13,52,23,2,90,100,10,110,200
09/27/2000,AEX,LA,ASW,CE,Federal Contract Tower,5,39,17,8,69,4,0,4,0,8,9,39,21,8,77,142,8,150,227
09/28/2000,AEX,LA,ASW,CE,Federal Contract Tower,4,30,11,1,46,1,8,0,0,9,5,38,11,1,55,131,11,142,197
09/29/2000,AEX,LA,ASW,CE,Federal Contract Tower,4,37,15,1,57,0,5,5,0,10,4,42,20,1,67,88,0,88,155
09/30/2000,AEX,LA,ASW,CE,Federal Contract Tower,1,27,10,0,38,0,10,0,0,10,1,37,10,0,48,120,0,120,168
10/01/2000,AEX,LA,ASW,CE,Federal Contract Tower,2,25,10,0,37,0,10,0,0,10,2,35,10,0,47,70,0,70,117
10/02/2000,AEX,LA,ASW,CE,Federal Contract Tower,3,30,15,0,48,0,4,5,0,9,3,34,20,0,57,80,0,80,137
10/03/2000,AEX,LA,ASW,CE,Federal Contract Tower,5,36,17,1,59,4,3,1,0,8,9,39,18,1,67,106,1,107,174
10/04/2000,AEX,LA,ASW,CE,Federal Contract Tower,6,36,16,7,65,2,1,0,0,3,8,37,16,7,68,73,18,91,159
10/05/2000,AEX,LA,ASW,CE,Federal Contract Tower,6,35,19,9,69,3,0,4,0,7,9,35,23,9,76,42,13,55,131
10/06/2000,AEX,LA,ASW,CE,Federal Contract Tower,4,29,14,2,49,0,5,1,0,6,4,34,15,2,55,0,17,17,72
10/07/2000,AEX,LA,ASW,CE,Federal Contract Tower,3,27,6,4,40,0,11,0,0,11,3,38,6,4,51,26,19,45,96
10/08/2000,AEX,LA,ASW,CE,Federal Contract Tower,3,25,11,0,39,0,8,0,0,8,3,33,11,0,47,33,8,41,88
10/09/2000,AEX,LA,ASW,CE,Federal Contract Tower,2,29,10,7,48,0,7,0,0,7,2,36,10,7,55,62,172,234,289
10/10/2000,AEX,LA,ASW,CE,Federal Contract Tower,5,34,16,0,55,4,2,2,0,8,9,36,18,0,63,123,0,123,186
10/11/2000,AEX,LA,ASW,CE,Federal Contract Tower,5,39,17,9,70,0,1,0,1,2,5,40,17,10,72,97,80,177,249
10/12/2000,AEX,LA,ASW,CE,Federal Contract Tower,2,32,15,2,51,0,3,5,0,8,2,35,20,2,59,95,85,180,239
10/13/2000,AEX,LA,ASW,CE,Federal Contract Tower,6,38,19,10,73,0,0,1,2,3,6,38,20,12,76,49,204,253,329
10/14/2000,AEX,LA,ASW,CE,Federal Contract Tower,1,35,6,9,51,0,4,0,11,15,1,39,6,20,66,65,219,284,350
10/15/2000,AEX,LA,ASW,CE,Federal Contract Tower,1,34,16,9,60,0,3,1,0,4,1,37,17,9,64,30,164,194,258
10/16/2000,AEX,LA,ASW,CE,Federal Contract Tower,0,28,9,8,45,0,6,0,0,6,0,34,9,8,51,45,88,133,184
10/17/2000,AEX,LA,ASW,CE,Federal Contract Tower,4,34,15,2,55,3,4,0,0,7,7,38,15,2,62,93,62,155,217
10/18/2000,AEX,LA,ASW,CE,Federal Contract Tower,3,36,18,10,67,0,0,2,5,7,3,36,20,15,74,68,32,100,174
10/19/2000,AEX,LA,ASW,CE,Federal Contract Tower,5,38,19,11,73,1,0,1,2,4,6,38,20,13,77,107,32,139,216
10/20/2000,AEX,LA,ASW,CE,Federal Contract Tower,4,38,23,14,79,0,0,4,15,19,4,38,27,29,98,99,12,111,209
10/21/2000,AEX,LA,ASW,CE,Federal Contract Tower,2,28,11,5,46,0,5,0,0,5,2,33,11,5,51,45,2,47,98
10/22/2000,AEX,LA,ASW,CE,Federal Contract Tower,0,34,15,3,52,0,0,10,0,10,0,34,25,3,62,68,0,68,130
10/23/2000,AEX,LA,ASW,CE,Federal Contract Tower,5,37,16,11,69,2,0,0,7,9,7,37,16,18,78,58,9,67,145
10/24/2000,AEX,LA,ASW,CE,Federal Contract Tower,4,54,24,10,92,0,1,5,0,6,4,55,29,10,98,49,27,76,174
10/25/2000,AEX,LA,ASW,CE,Federal Contract Tower,4,37,17,2,60,0,0,9,0,9,4,37,26,2,69,141,28,169,238
10/26/2000,AEX,LA,ASW,CE,Federal Contract Tower,2,39,16,10,67,0,0,0,9,9,2,39,16,19,76,58,5,63,139
10/27/2000,AEX,LA,ASW,CE,Federal Contract Tower,4,41,21,11,77,0,0,8,0,8,4,41,29,11,85,55,3,58,143
10/28/2000,AEX,LA,ASW,CE,Federal Contract Tower,4,29,8,7,48,5,0,0,6,11,9,29,8,13,59,67,53,120,179
10/29/2000,AEX,LA,ASW,CE,Federal Contract Tower,5,34,17,10,66,2,0,0,9,11,7,34,17,19,77,64,49,113,190
10/30/2000,AEX,LA,ASW,CE,Federal Contract Tower,5,37,12,3,57,10,1,0,0,11,15,38,12,3,68,75,6,81,149
10/31/2000,AEX,LA,ASW,CE,Federal Contract Tower,6,34,17,12,69,8,0,0,16,24,14,34,17,28,93,87,65,152,245
11/01/2000,AEX,LA,ASW,CE,Federal Contract Tower,5,35,16,6,62,4,0,7,0,11,9,35,23,6,73,25,42,67,140
11/02/2000,AEX,LA,ASW,CE,Federal Contract Tower,1,30,13,2,46,0,9,0,0,9,1,39,13,2,55,12,90,102,157
11/03/2000,AEX,LA,ASW,CE,Federal Contract Tower,5,41,16,7,69,0,1,3,0,4,5,42,19,7,73,25,35,60,133
11/04/2000,AEX,LA,ASW,CE,Federal Contract Tower,1,29,5,7,42,0,10,0,0,10,1,39,5,7,52,7,17,24,76
11/05/2000,AEX,LA,ASW,CE,Federal Contract Tower,4,27,11,3,45,0,2,2,0,4,4,29,13,3,49,5,0,5,54
11/06/2000,AEX,LA,ASW,CE,Federal Contract Tower,3,34,20,13,70,0,0,2,16,18,3,34,22,29,88,38,109,147,235
11/07/2000,AEX,LA,ASW,CE,Federal Contract Tower,5,38,12,12,67,0,0,0,14,14,5,38,12,26,81,39,170,209,290
11/08/2000,AEX,LA,ASW,CE,Federal Contract Tower,1,24,9,3,37,0,6,0,0,6,1,30,9,3,43,0,3,3,46
11/09/2000,AEX,LA,ASW,CE,Federal Contract Tower,1,45,20,14,80,0,0,5,6,11,1,45,25,20,91,70,80,150,241
11/10/2000,AEX,LA,ASW,CE,Federal Contract Tower,0,33,13,4,50,0,5,4,0,9,0,38,17,4,59,74,25,99,158
11/11/2000,AEX,LA,ASW,CE,Federal Contract Tower,0,29,6,8,43,0,6,0,4,10,0,35,6,12,53,81,8,89,142
11/12/2000,AEX,LA,ASW,CE,Federal Contract Tower,1,38,16,9,64,0,0,5,0,5,1,38,21,9,69,105,47,152,221
11/13/2000,AEX,LA,ASW,CE,Federal Contract Tower,4,37,19,12,72,0,0,4,7,11,4,37,23,19,83,67,15,82,165
11/14/2000,AEX,LA,ASW,CE,Federal Contract Tower,2,39,17,12,70,0,0,0,11,11,2,39,17,23,81,88,45,133,214
11/15/2000,AEX,LA,ASW,CE,Federal Contract Tower,5,37,18,15,75,9,0,0,6,15,14,37,18,21,90,76,1,77,167
11/16/2000,AEX,LA,ASW,CE,Federal Contract Tower,6,49,22,17,94,0,0,3,7,10,6,49,25,24,104,10,22,32,136
11/17/2000,AEX,LA,ASW,CE,Federal Contract Tower,2,28,3,2,35,0,13,0,0,13,2,41,3,2,48,88,22,110,158
11/18/2000,AEX,LA,ASW,CE,Federal Contract Tower,3,33,2,9,47,2,2,0,6,10,5,35,2,15,57,0,0,0,57
11/19/2000,AEX,LA,ASW,CE,Federal Contract Tower,3,33,12,6,54,1,1,2,0,4,4,34,14,6,58,69,29,98,156
11/20/2000,AEX,LA,ASW,CE,Federal Contract Tower,7,42,24,18,91,10,0,0,13,23,17,42,24,31,114,69,46,115,229
11/21/2000,AEX,LA,ASW,CE,Federal Contract Tower,5,41,19,9,74,11,0,2,0,13,16,41,21,9,87,62,13,75,162
11/22/2000,AEX,LA,ASW,CE,Federal Contract Tower,4,39,14,7,64,4,0,0,0,4,8,39,14,7,68,70,1,71,139
11/23/2000,AEX,LA,ASW,CE,Federal Contract Tower,0,18,0,0,18,0,13,0,0,13,0,31,0,0,31,9,7,16,47
11/24/2000,AEX,LA,ASW,CE,Federal Contract Tower,0,22,8,0,30,0,9,0,0,9,0,31,8,0,39,18,0,18,57
11/25/2000,AEX,LA,ASW,CE,Federal Contract Tower,0,22,2,0,24,0,15,0,0,15,0,37,2,0,39,60,7,67,106
11/26/2000,AEX,LA,ASW,CE,Federal Contract Tower,0,25,9,0,34,0,10,0,0,10,0,35,9,0,44,99,0,99,143
11/27/2000,AEX,LA,ASW,CE,Federal Contract Tower,3,36,14,2,55,0,4,4,0,8,3,40,18,2,63,99,5,104,167
11/28/2000,AEX,LA,ASW,CE,Federal Contract Tower,4,37,16,6,63,2,0,5,0,7,6,37,21,6,70,36,5,41,111
11/29/2000,AEX,LA,ASW,CE,Federal Contract Tower,4,38,15,4,61,0,0,6,0,6,4,38,21,4,67,25,0,25,92
11/30/2000,AEX,LA,ASW,CE,Federal Contract Tower,0,0,0,0,0,0,0,0,0,0,0,0,0,0,0,0,0,0,0
12/01/2000,AEX,LA,ASW,CE,Federal Contract Tower,3,28,19,5,55,0,0,3,3,6,3,28,22,8,61,25,0,25,86
12/02/2000,AEX,LA,ASW,CE,Federal Contract Tower,2,23,6,3,34,4,2,0,1,7,6,25,6,4,41,90,3,93,134
12/03/2000,AEX,LA,ASW,CE,Federal Contract Tower,0,18,6,2,26,0,7,0,0,7,0,25,6,2,33,61,2,63,96
12/04/2000,AEX,LA,ASW,CE,Federal Contract Tower,3,26,12,2,43,1,2,0,0,3,4,28,12,2,46,47,4,51,97
12/05/2000,AEX,LA,ASW,CE,Federal Contract Tower,3,27,14,0,44,3,1,0,0,4,6,28,14,0,48,119,4,123,171
12/06/2000,AEX,LA,ASW,CE,Federal Contract Tower,2,35,16,4,57,0,3,0,2,5,2,38,16,6,62,5,8,13,75
12/07/2000,AEX,LA,ASW,CE,Federal Contract Tower,1,30,20,4,55,0,0,8,1,9,1,30,28,5,64,70,7,77,141
12/08/2000,AEX,LA,ASW,CE,Federal Contract Tower,4,28,22,4,58,0,0,1,10,11,4,28,23,14,69,48,30,78,147
12/09/2000,AEX,LA,ASW,CE,Federal Contract Tower,0,22,9,2,33,0,6,0,0,6,0,28,9,2,39,72,3,75,114
12/10/2000,AEX,LA,ASW,CE,Federal Contract Tower,0,21,9,2,32,0,3,0,2,5,0,24,9,4,37,41,0,41,78
12/11/2000,AEX,LA,ASW,CE,Federal Contract Tower,4,30,20,4,58,0,0,1,5,6,4,30,21,9,64,26,0,26,90
12/12/2000,AEX,LA,ASW,CE,Federal Contract Tower,3,28,11,3,45,5,0,0,2,7,8,28,11,5,52,25,10,35,87
12/13/2000,AEX,LA,ASW,CE,Federal Contract Tower,1,17,9,0,27,0,0,3,0,3,1,17,12,0,30,0,0,0,30
12/14/2000,AEX,LA,ASW,CE,Federal Contract Tower,3,28,22,4,57,0,0,4,8,12,3,28,26,12,69,0,0,0,69
12/15/2000,AEX,LA,ASW,CE,Federal Contract Tower,3,17,14,3,37,0,0,6,3,9,3,17,20,6,46,0,0,0,46
12/16/2000,AEX,LA,ASW,CE,Federal Contract Tower,1,18,7,2,28,0,3,0,0,3,1,21,7,2,31,10,0,10,41
12/17/2000,AEX,LA,ASW,CE,Federal Contract Tower,1,22,12,0,35,0,0,4,0,4,1,22,16,0,39,25,2,27,66
12/18/2000,AEX,LA,ASW,CE,Federal Contract Tower,2,34,16,2,54,2,2,0,0,4,4,36,16,2,58,31,0,31,89
12/19/2000,AEX,LA,ASW,CE,Federal Contract Tower,2,28,8,4,42,1,5,0,1,7,3,33,8,5,49,35,17,52,101
12/20/2000,AEX,LA,ASW,CE,Federal Contract Tower,1,29,18,5,53,0,0,1,6,7,1,29,19,11,60,66,21,87,147
12/21/2000,AEX,LA,ASW,CE,Federal Contract Tower,2,30,18,1,51,3,0,6,0,9,5,30,24,1,60,32,0,32,92
12/22/2000,AEX,LA,ASW,CE,Federal Contract Tower,1,22,9,0,32,2,3,0,0,5,3,25,9,0,37,131,4,135,172
12/23/2000,AEX,LA,ASW,CE,Federal Contract Tower,0,16,8,0,24,0,3,1,0,4,0,19,9,0,28,36,1,37,65
12/24/2000,AEX,LA,ASW,CE,Federal Contract Tower,0,20,10,0,30,0,1,3,0,4,0,21,13,0,34,28,0,28,62
12/25/2000,AEX,LA,ASW,CE,Federal Contract Tower,0,17,8,0,25,0,2,2,0,4,0,19,10,0,29,0,2,2,31
12/26/2000,AEX,LA,ASW,CE,Federal Contract Tower,1,21,12,0,34,0,0,5,0,5,1,21,17,0,39,39,0,39,78
12/27/2000,AEX,LA,ASW,CE,Federal Contract Tower,1,20,10,2,33,1,1,0,0,2,2,21,10,2,35,6,2,8,43
12/28/2000,AEX,LA,ASW,CE,Federal Contract Tower,2,31,19,0,52,1,0,8,0,9,3,31,27,0,61,6,0,6,67
12/29/2000,AEX,LA,ASW,CE,Federal Contract Tower,0,32,16,0,48,0,7,0,0,7,0,39,16,0,55,57,1,58,113
12/30/2000,AEX,LA,ASW,CE,Federal Contract Tower,0,27,12,0,39,0,8,0,0,8,0,35,12,0,47,33,0,33,80
12/31/2000,AEX,LA,ASW,CE,Federal Contract Tower,0,15,2,0,17,0,9,0,0,9,0,24,2,0,26,31,0,31,57
01/01/2001,AEX,LA,ASW,CE,Federal Contract Tower,0,17,9,0,26,0,6,0,0,6,0,23,9,0,32,3,0,3,35
01/02/2001,AEX,LA,ASW,CE,Federal Contract Tower,4,26,13,4,47,0,1,2,0,3,4,27,15,4,50,44,0,44,94
01/03/2001,AEX,LA,ASW,CE,Federal Contract Tower,5,24,9,2,40,2,4,0,0,6,7,28,9,2,46,69,0,69,115
01/04/2001,AEX,LA,ASW,CE,Federal Contract Tower,5,29,15,2,51,1,1,3,0,5,6,30,18,2,56,66,0,66,122
01/05/2001,AEX,LA,ASW,CE,Federal Contract Tower,6,31,21,9,67,0,0,9,3,12,6,31,30,12,79,120,0,120,199
01/06/2001,AEX,LA,ASW,CE,Federal Contract Tower,2,28,10,5,45,0,8,0,0,8,2,36,10,5,53,148,1,149,202
01/07/2001,AEX,LA,ASW,CE,Federal Contract Tower,4,30,10,0,44,0,13,0,0,13,4,43,10,0,57,15,11,26,83
01/08/2001,AEX,LA,ASW,CE,Federal Contract Tower,8,51,14,12,85,1,0,0,11,12,9,51,14,23,97,20,22,42,139
01/09/2001,AEX,LA,ASW,CE,Federal Contract Tower,5,28,15,6,54,4,0,0,0,4,9,28,15,6,58,76,7,83,141
01/10/2001,AEX,LA,ASW,CE,Federal Contract Tower,5,28,17,5,55,1,0,7,0,8,6,28,24,5,63,24,25,49,112
01/11/2001,AEX,LA,ASW,CE,Federal Contract Tower,1,26,14,6,47,0,0,4,1,5,1,26,18,7,52,16,1,17,69
01/12/2001,AEX,LA,ASW,CE,Federal Contract Tower,3,31,17,9,60,0,0,2,1,3,3,31,19,10,63,6,18,24,87
01/13/2001,AEX,LA,ASW,CE,Federal Contract Tower,2,27,10,7,46,0,0,0,6,6,2,27,10,13,52,3,13,16,68
01/14/2001,AEX,LA,ASW,CE,Federal Contract Tower,1,24,10,6,41,0,2,0,0,2,1,26,10,6,43,53,16,69,112
01/15/2001,AEX,LA,ASW,CE,Federal Contract Tower,1,27,12,7,47,0,2,0,0,2,1,29,12,7,49,112,7,119,168
01/16/2001,AEX,LA,ASW,CE,Federal Contract Tower,3,28,13,0,44,3,0,4,0,7,6,28,17,0,51,10,0,10,61
01/17/2001,AEX,LA,ASW,CE,Federal Contract Tower,4,26,14,8,52,0,0,0,4,4,4,26,14,12,56,0,0,0,56
01/18/2001,AEX,LA,ASW,CE,Federal Contract Tower,2,22,10,0,34,0,4,3,0,7,2,26,13,0,41,0,0,0,41
01/19/2001,AEX,LA,ASW,CE,Federal Contract Tower,3,27,10,6,46,2,1,0,0,3,5,28,10,6,49,17,2,19,68
01/20/2001,AEX,LA,ASW,CE,Federal Contract Tower,1,29,13,7,50,0,0,0,4,4,1,29,13,11,54,100,0,100,154
01/21/2001,AEX,LA,ASW,CE,Federal Contract Tower,3,24,9,7,43,2,0,0,3,5,5,24,9,10,48,82,28,110,158
01/22/2001,AEX,LA,ASW,CE,Federal Contract Tower,5,30,15,7,57,5,0,0,3,8,10,30,15,10,65,86,21,107,172
01/23/2001,AEX,LA,ASW,CE,Federal Contract Tower,4,28,17,4,53,6,0,5,0,11,10,28,22,4,64,59,14,73,137
01/24/2001,AEX,LA,ASW,CE,Federal Contract Tower,5,34,20,7,66,5,0,3,0,8,10,34,23,7,74,114,12,126,200
01/25/2001,AEX,LA,ASW,CE,Federal Contract Tower,6,44,14,9,73,0,7,0,1,8,6,51,14,10,81,85,7,92,173
01/26/2001,AEX,LA,ASW,CE,Federal Contract Tower,6,30,17,9,62,2,0,0,16,18,8,30,17,25,80,68,43,111,191
01/27/2001,AEX,LA,ASW,CE,Federal Contract Tower,2,19,9,0,30,0,5,0,0,5,2,24,9,0,35,84,0,84,119
01/28/2001,AEX,LA,ASW,CE,Federal Contract Tower,1,22,11,1,35,0,4,2,0,6,1,26,13,1,41,75,1,76,117
01/29/2001,AEX,LA,ASW,CE,Federal Contract Tower,1,32,18,7,58,0,0,3,4,7,1,32,21,11,65,16,8,24,89
01/30/2001,AEX,LA,ASW,CE,Federal Contract Tower,4,37,18,3,62,0,3,3,0,6,4,40,21,3,68,59,10,69,137
01/31/2001,AEX,LA,ASW,CE,Federal Contract Tower,2,37,19,8,66,0,2,1,0,3,2,39,20,8,69,118,55,173,242
02/01/2001,AEX,LA,ASW,CE,Federal Contract Tower,6,4,15,8,33,29,0,0,0,29,35,4,15,8,62,73,21,94,156
02/02/2001,AEX,LA,ASW,CE,Federal Contract Tower,8,27,21,16,72,0,0,0,13,13,8,27,21,29,85,132,58,190,275
02/03/2001,AEX,LA,ASW,CE,Federal Contract Tower,0,13,4,3,20,0,8,0,0,8,0,21,4,3,28,126,76,202,230
02/04/2001,AEX,LA,ASW,CE,Federal Contract Tower,2,23,12,6,43,0,2,4,0,6,2,25,16,6,49,64,76,140,189
02/05/2001,AEX,LA,ASW,CE,Federal Contract Tower,1,28,19,13,61,0,0,3,9,12,1,28,22,22,73,122,76,198,271
02/06/2001,AEX,LA,ASW,CE,Federal Contract Tower,4,28,15,6,53,0,0,7,0,7,4,28,22,6,60,102,131,233,293
02/07/2001,AEX,LA,ASW,CE,Federal Contract Tower,2,29,15,12,58,0,0,0,6,6,2,29,15,18,64,53,82,135,199
02/08/2001,AEX,LA,ASW,CE,Federal Contract Tower,2,26,12,10,50,0,2,0,3,5,2,28,12,13,55,52,166,218,273
02/09/2001,AEX,LA,ASW,CE,Federal Contract Tower,5,24,10,7,46,2,3,0,0,5,7,27,10,7,51,16,32,48,99
02/10/2001,AEX,LA,ASW,CE,Federal Contract Tower,4,18,5,0,27,2,10,0,0,12,6,28,5,0,39,111,250,361,400
02/11/2001,AEX,LA,ASW,CE,Federal Contract Tower,2,28,17,12,59,0,0,6,1,7,2,28,23,13,66,64,158,222,288
02/12/2001,AEX,LA,ASW,CE,Federal Contract Tower,3,28,11,11,53,0,0,0,7,7,3,28,11,18,60,44,131,175,235
02/13/2001,AEX,LA,ASW,CE,Federal Contract Tower,2,19,13,10,44,0,0,7,1,8,2,19,20,11,52,29,54,83,135
02/14/2001,AEX,LA,ASW,CE,Federal Contract Tower,4,29,12,11,56,0,0,0,6,6,4,29,12,17,62,28,48,76,138
02/15/2001,AEX,LA,ASW,CE,Federal Contract Tower,4,27,11,12,54,2,0,0,2,4,6,27,11,14,58,26,52,78,136
02/16/2001,AEX,LA,ASW,CE,Federal Contract Tower,4,18,14,12,48,0,0,7,3,10,4,18,21,15,58,0,16,16,74
02/17/2001,AEX,LA,ASW,CE,Federal Contract Tower,2,23,8,7,40,0,7,0,0,7,2,30,8,7,47,59,29,88,135
02/18/2001,AEX,LA,ASW,CE,Federal Contract Tower,1,22,5,10,38,0,5,0,3,8,1,27,5,13,46,87,50,137,183
02/19/2001,AEX,LA,ASW,CE,Federal Contract Tower,0,23,11,8,42,0,5,0,0,5,0,28,11,8,47,62,5,67,114
02/20/2001,AEX,LA,ASW,CE,Federal Contract Tower,5,30,14,8,57,3,1,0,0,4,8,31,14,8,61,129,0,129,190
02/21/2001,AEX,LA,ASW,CE,Federal Contract Tower,4,25,11,4,44,3,5,0,0,8,7,30,11,4,52,42,6,48,100
02/22/2001,AEX,LA,ASW,CE,Federal Contract Tower,4,23,13,8,48,1,0,6,0,7,5,23,19,8,55,35,15,50,105
02/23/2001,AEX,LA,ASW,CE,Federal Contract Tower,4,28,15,8,55,0,0,6,0,6,4,28,21,8,61,90,1,91,152
02/24/2001,AEX,LA,ASW,CE,Federal Contract Tower,2,17,5,1,25,2,7,0,0,9,4,24,5,1,34,2,4,6,40
02/25/2001,AEX,LA,ASW,CE,Federal Contract Tower,2,27,14,9,52,0,4,0,0,4,2,31,14,9,56,55,7,62,118
02/26/2001,AEX,LA,ASW,CE,Federal Contract Tower,4,24,13,8,49,0,0,1,0,1,4,24,14,8,50,8,2,10,60
02/27/2001,AEX,LA,ASW,CE,Federal Contract Tower,3,21,5,3,32,2,10,0,0,12,5,31,5,3,44,56,3,59,103
02/28/2001,AEX,LA,ASW,CE,Federal Contract Tower,0,27,13,10,50,0,1,0,4,5,0,28,13,14,55,0,11,11,66
03/01/2001,AEX,LA,ASW,CE,Federal Contract Tower,0,16,5,0,21,0,12,0,0,12,0,28,5,0,33,0,0,0,33
03/02/2001,AEX,LA,ASW,CE,Federal Contract Tower,1,22,11,0,34,0,7,4,0,11,1,29,15,0,45,0,0,0,45
03/03/2001,AEX,LA,ASW,CE,Federal Contract Tower,1,18,5,2,26,0,11,0,0,11,1,29,5,2,37,4,0,4,41
03/04/2001,AEX,LA,ASW,CE,Federal Contract Tower,0,16,3,0,19,0,15,0,0,15,0,31,3,0,34,124,0,124,158
03/05/2001,AEX,LA,ASW,CE,Federal Contract Tower,1,25,14,6,46,0,5,0,0,5,1,30,14,6,51,89,2,91,142
03/06/2001,AEX,LA,ASW,CE,Federal Contract Tower,6,28,17,8,59,0,0,0,4,4,6,28,17,12,63,165,7,172,235
03/07/2001,AEX,LA,ASW,CE,Federal Contract Tower,3,26,15,3,47,0,1,6,0,7,3,27,21,3,54,196,49,245,299
03/08/2001,AEX,LA,ASW,CE,Federal Contract Tower,4,28,16,7,55,0,0,1,3,4,4,28,17,10,59,112,15,127,186
03/09/2001,AEX,LA,ASW,CE,Federal Contract Tower,6,27,15,2,50,1,0,5,0,6,7,27,20,2,56,53,0,53,109
03/10/2001,AEX,LA,ASW,CE,Federal Contract Tower,3,27,7,8,45,0,3,0,6,9,3,30,7,14,54,94,8,102,156
03/11/2001,AEX,LA,ASW,CE,Federal Contract Tower,5,23,7,4,39,3,4,0,0,7,8,27,7,4,46,98,0,98,144
03/12/2001,AEX,LA,ASW,CE,Federal Contract Tower,4,25,13,4,46,0,4,0,0,4,4,29,13,4,50,38,0,38,88
03/13/2001,AEX,LA,ASW,CE,Federal Contract Tower,7,30,16,11,64,4,0,0,12,16,11,30,16,23,80,227,90,317,397
03/14/2001,AEX,LA,ASW,CE,Federal Contract Tower,5,31,17,4,57,4,0,1,0,5,9,31,18,4,62,8,0,8,70
03/15/2001,AEX,LA,ASW,CE,Federal Contract Tower,6,29,18,11,64,6,0,0,5,11,12,29,18,16,75,110,114,224,299
03/16/2001,AEX,LA,ASW,CE,Federal Contract Tower,4,26,11,3,44,10,0,0,0,10,14,26,11,3,54,111,16,127,181
03/17/2001,AEX,LA,ASW,CE,Federal Contract Tower,4,27,10,3,44,10,0,0,0,10,14,27,10,3,54,138,11,149,203
03/18/2001,AEX,LA,ASW,CE,Federal Contract Tower,4,23,5,4,36,4,6,0,0,10,8,29,5,4,46,154,17,171,217
03/19/2001,AEX,LA,ASW,CE,Federal Contract Tower,6,30,20,6,62,8,0,2,0,10,14,30,22,6,72,136,39,175,247
03/20/2001,AEX,LA,ASW,CE,Federal Contract Tower,7,26,22,10,65,7,0,2,5,14,14,26,24,15,79,123,50,173,252
03/21/2001,AEX,LA,ASW,CE,Federal Contract Tower,2,28,17,8,55,0,0,4,2,6,2,28,21,10,61,126,62,188,249
03/22/2001,AEX,LA,ASW,CE,Federal Contract Tower,2,26,16,8,52,0,0,0,9,9,2,26,16,17,61,79,62,141,202
03/23/2001,AEX,LA,ASW,CE,Federal Contract Tower,5,27,21,9,62,0,0,2,9,11,5,27,23,18,73,102,18,120,193
03/24/2001,AEX,LA,ASW,CE,Federal Contract Tower,0,19,9,0,28,0,9,0,0,9,0,28,9,0,37,24,8,32,69
03/25/2001,AEX,LA,ASW,CE,Federal Contract Tower,4,24,13,0,41,1,5,0,0,6,5,29,13,0,47,68,2,70,117
03/26/2001,AEX,LA,ASW,CE,Federal Contract Tower,2,30,18,10,60,0,0,0,12,12,2,30,18,22,72,82,8,90,162
03/27/2001,AEX,LA,ASW,CE,Federal Contract Tower,4,27,17,7,55,0,0,5,0,5,4,27,22,7,60,53,18,71,131
03/28/2001,AEX,LA,ASW,CE,Federal Contract Tower,3,28,20,9,60,0,0,9,1,10,3,28,29,10,70,5,0,5,75
03/29/2001,AEX,LA,ASW,CE,Federal Contract Tower,1,26,16,4,47,0,0,9,0,9,1,26,25,4,56,1,2,3,59
03/30/2001,AEX,LA,ASW,CE,Federal Contract Tower,2,27,12,8,49,0,0,0,5,5,2,27,12,13,54,35,26,61,115
03/31/2001,AEX,LA,ASW,CE,Federal Contract Tower,0,28,16,2,46,0,0,10,0,10,0,28,26,2,56,101,24,125,181
04/01/2001,AEX,LA,ASW,CE,Federal Contract Tower,2,28,16,2,48,0,1,0,0,1,2,29,16,2,49,100,2,102,151
04/02/2001,AEX,LA,ASW,CE,Federal Contract Tower,4,30,13,12,59,0,0,1,1,2,4,30,14,13,61,86,32,118,179
04/03/2001,AEX,LA,ASW,CE,Federal Contract Tower,5,26,21,28,80,0,0,1,1,2,5,26,22,29,82,25,0,25,107
04/04/2001,AEX,LA,ASW,CE,Federal Contract Tower,13,29,15,27,84,0,0,1,1,2,13,29,16,28,86,100,20,120,206
04/05/2001,AEX,LA,ASW,CE,Federal Contract Tower,24,28,24,23,99,0,0,1,1,2,24,28,25,24,101,66,46,112,213
04/06/2001,AEX,LA,ASW,CE,Federal Contract Tower,9,30,24,8,71,14,0,2,0,16,23,30,26,8,87,51,29,80,167
04/07/2001,AEX,LA,ASW,CE,Federal Contract Tower,14,29,7,14,64,0,0,0,2,2,14,29,7,16,66,110,35,145,211
04/08/2001,AEX,LA,ASW,CE,Federal Contract Tower,5,29,24,6,64,0,0,0,1,1,5,29,24,7,65,65,45,110,175
04/09/2001,AEX,LA,ASW,CE,Federal Contract Tower,5,30,14,23,72,0,0,0,0,0,5,30,14,23,72,59,60,119,191
04/10/2001,AEX,LA,ASW,CE,Federal Contract Tower,7,28,10,30,75,0,0,0,0,0,7,28,10,30,75,108,121,229,304
04/11/2001,AEX,LA,ASW,CE,Federal Contract Tower,5,28,19,11,63,0,0,0,0,0,5,28,19,11,63,58,79,137,200
04/12/2001,AEX,LA,ASW,CE,Federal Contract Tower,6,30,11,9,56,0,0,0,0,0,6,30,11,9,56,41,106,147,203
04/13/2001,AEX,LA,ASW,CE,Federal Contract Tower,6,25,14,13,58,0,0,0,0,0,6,25,14,13,58,61,75,136,194
04/14/2001,AEX,LA,ASW,CE,Federal Contract Tower,1,19,6,10,36,0,7,0,1,8,1,26,6,11,44,48,82,130,174
04/15/2001,AEX,LA,ASW,CE,Federal Contract Tower,0,27,18,2,47,0,0,0,0,0,0,27,18,2,47,23,45,68,115
04/16/2001,AEX,LA,ASW,CE,Federal Contract Tower,3,30,27,9,69,0,0,0,0,0,3,30,27,9,69,70,109,179,248
04/17/2001,AEX,LA,ASW,CE,Federal Contract Tower,6,27,10,19,62,0,0,0,0,0,6,27,10,19,62,103,237,340,402
04/18/2001,AEX,LA,ASW,CE,Federal Contract Tower,3,28,24,16,71,0,0,0,0,0,3,28,24,16,71,128,185,313,384
04/19/2001,AEX,LA,ASW,CE,Federal Contract Tower,5,31,14,13,63,0,0,0,0,0,5,31,14,13,63,153,53,206,269
04/20/2001,AEX,LA,ASW,CE,Federal Contract Tower,4,27,30,4,65,0,0,0,0,0,4,27,30,4,65,33,58,91,156
04/21/2001,AEX,LA,ASW,CE,Federal Contract Tower,0,27,22,12,61,0,0,0,0,0,0,27,22,12,61,89,26,115,176
04/22/2001,AEX,LA,ASW,CE,Federal Contract Tower,1,29,21,10,61,0,0,0,0,0,1,29,21,10,61,63,57,120,181
04/23/2001,AEX,LA,ASW,CE,Federal Contract Tower,5,28,17,18,68,0,0,0,0,0,5,28,17,18,68,61,59,120,188
04/24/2001,AEX,LA,ASW,CE,Federal Contract Tower,4,29,19,22,74,0,0,0,0,0,4,29,19,22,74,94,22,116,190
04/25/2001,AEX,LA,ASW,CE,Federal Contract Tower,2,26,17,23,68,0,0,0,0,0,2,26,17,23,68,215,75,290,358
04/26/2001,AEX,LA,ASW,CE,Federal Contract Tower,4,28,15,11,58,0,0,0,0,0,4,28,15,11,58,221,52,273,331
04/27/2001,AEX,LA,ASW,CE,Federal Contract Tower,5,28,26,14,73,0,0,0,0,0,5,28,26,14,73,149,22,171,244
04/28/2001,AEX,LA,ASW,CE,Federal Contract Tower,4,26,12,7,49,0,0,0,0,0,4,26,12,7,49,142,9,151,200
04/29/2001,AEX,LA,ASW,CE,Federal Contract Tower,1,27,13,9,50,0,0,0,0,0,1,27,13,9,50,114,74,188,238
04/30/2001,AEX,LA,ASW,CE,Federal Contract Tower,7,31,23,5,66,0,0,0,0,0,7,31,23,5,66,110,43,153,219
05/01/2001,AEX,LA,ASW,CE,Federal Contract Tower,13,28,14,8,63,1,0,0,0,1,14,28,14,8,64,135,0,135,199
05/02/2001,AEX,LA,ASW,CE,Federal Contract Tower,4,31,23,7,65,1,0,0,0,1,5,31,23,7,66,124,4,128,194
05/03/2001,AEX,LA,ASW,CE,Federal Contract Tower,6,29,15,14,64,1,0,0,0,1,7,29,15,14,65,79,36,115,180
05/04/2001,AEX,LA,ASW,CE,Federal Contract Tower,8,29,20,18,75,0,0,1,0,1,8,29,21,18,76,104,10,114,190
05/05/2001,AEX,LA,ASW,CE,Federal Contract Tower,5,27,3,9,44,0,0,1,0,1,5,27,4,9,45,139,22,161,206
05/06/2001,AEX,LA,ASW,CE,Federal Contract Tower,6,31,15,2,54,0,0,0,0,0,6,31,15,2,54,52,30,82,136
05/07/2001,AEX,LA,ASW,CE,Federal Contract Tower,6,25,20,6,57,0,0,0,0,0,6,25,20,6,57,26,6,32,89
05/08/2001,AEX,LA,ASW,CE,Federal Contract Tower,5,28,20,0,53,0,0,0,0,0,5,28,20,0,53,70,23,93,146
05/09/2001,AEX,LA,ASW,CE,Federal Contract Tower,3,29,40,6,78,0,0,0,0,0,3,29,40,6,78,103,107,210,288
05/10/2001,AEX,LA,ASW,CE,Federal Contract Tower,3,27,21,6,57,0,0,0,0,0,3,27,21,6,57,40,67,107,164
05/11/2001,AEX,LA,ASW,CE,Federal Contract Tower,6,28,20,10,64,0,0,0,0,0,6,28,20,10,64,104,106,210,274
05/12/2001,AEX,LA,ASW,CE,Federal Contract Tower,1,27,7,5,40,0,0,0,0,0,1,27,7,5,40,59,101,160,200
05/13/2001,AEX,LA,ASW,CE,Federal Contract Tower,0,30,9,7,46,0,0,0,0,0,0,30,9,7,46,59,103,162,208
05/14/2001,AEX,LA,ASW,CE,Federal Contract Tower,4,28,12,24,68,0,0,0,0,0,4,28,12,24,68,134,70,204,272
05/15/2001,AEX,LA,ASW,CE,Federal Contract Tower,7,31,19,27,84,0,0,0,0,0,7,31,19,27,84,108,355,463,547
05/16/2001,AEX,LA,ASW,CE,Federal Contract Tower,3,29,13,34,79,0,0,0,0,0,3,29,13,34,79,134,233,367,446
05/17/2001,AEX,LA,ASW,CE,Federal Contract Tower,6,30,16,22,74,0,0,0,0,0,6,30,16,22,74,82,170,252,326
05/18/2001,AEX,LA,ASW,CE,Federal Contract Tower,7,28,34,18,87,0,0,0,0,0,7,28,34,18,87,60,53,113,200
05/19/2001,AEX,LA,ASW,CE,Federal Contract Tower,2,26,5,4,37,0,0,0,0,0,2,26,5,4,37,66,4,70,107
05/20/2001,AEX,LA,ASW,CE,Federal Contract Tower,3,28,11,14,56,0,0,0,0,0,3,28,11,14,56,17,38,55,111
05/21/2001,AEX,LA,ASW,CE,Federal Contract Tower,6,29,15,9,59,0,0,0,0,0,6,29,15,9,59,56,11,67,126
05/22/2001,AEX,LA,ASW,CE,Federal Contract Tower,7,27,30,12,76,0,0,0,0,0,7,27,30,12,76,93,79,172,248
05/23/2001,AEX,LA,ASW,CE,Federal Contract Tower,5,28,24,21,78,0,0,0,0,0,5,28,24,21,78,137,48,185,263
05/24/2001,AEX,LA,ASW,CE,Federal Contract Tower,3,30,13,5,51,0,0,0,0,0,3,30,13,5,51,75,7,82,133
05/25/2001,AEX,LA,ASW,CE,Federal Contract Tower,1,26,13,9,49,0,2,0,3,5,1,28,13,12,54,138,9,147,201
05/26/2001,AEX,LA,ASW,CE,Federal Contract Tower,4,28,6,26,64,0,0,0,0,0,4,28,6,26,64,79,0,79,143
05/27/2001,AEX,LA,ASW,CE,Federal Contract Tower,0,21,6,2,29,0,0,0,0,0,0,21,6,2,29,68,0,68,97
05/28/2001,AEX,LA,ASW,CE,Federal Contract Tower,0,26,9,0,35,0,0,0,0,0,0,26,9,0,35,26,0,26,61
05/29/2001,AEX,LA,ASW,CE,Federal Contract Tower,7,29,17,3,56,0,0,0,0,0,7,29,17,3,56,111,27,138,194
05/30/2001,AEX,LA,ASW,CE,Federal Contract Tower,7,28,22,3,60,0,0,0,0,0,7,28,22,3,60,67,41,108,168
05/31/2001,AEX,LA,ASW,CE,Federal Contract Tower,12,27,16,6,61,0,0,0,0,0,12,27,16,6,61,82,6,88,149
06/01/2001,AEX,LA,ASW,CE,Federal Contract Tower,6,29,20,17,72,1,0,0,0,1,7,29,20,17,73,123,39,162,235
06/02/2001,AEX,LA,ASW,CE,Federal Contract Tower,4,25,12,8,49,0,1,0,0,1,4,26,12,8,50,56,9,65,115
06/03/2001,AEX,LA,ASW,CE,Federal Contract Tower,14,36,4,10,64,1,0,0,0,1,15,36,4,10,65,24,6,30,95
06/04/2001,AEX,LA,ASW,CE,Federal Contract Tower,5,24,19,6,54,1,0,0,0,1,6,24,19,6,55,67,20,87,142
06/05/2001,AEX,LA,ASW,CE,Federal Contract Tower,11,31,9,1,52,0,0,1,0,1,11,31,10,1,53,69,0,69,122
06/06/2001,AEX,LA,ASW,CE,Federal Contract Tower,6,28,7,4,45,0,0,0,1,1,6,28,7,5,46,42,6,48,94
06/07/2001,AEX,LA,ASW,CE,Federal Contract Tower,4,28,9,0,41,0,0,0,0,0,4,28,9,0,41,52,0,52,93
06/08/2001,AEX,LA,ASW,CE,Federal Contract Tower,2,31,17,4,54,0,0,0,1,1,2,31,17,5,55,30,2,32,87
06/09/2001,AEX,LA,ASW,CE,Federal Contract Tower,0,19,8,6,33,0,0,0,0,0,0,19,8,6,33,36,6,42,75
06/10/2001,AEX,LA,ASW,CE,Federal Contract Tower,2,26,14,8,50,0,5,0,0,5,2,31,14,8,55,85,16,101,156
06/11/2001,AEX,LA,ASW,CE,Federal Contract Tower,3,30,25,5,63,0,0,0,0,0,3,30,25,5,63,88,13,101,164
06/12/2001,AEX,LA,ASW,CE,Federal Contract Tower,3,29,17,14,63,0,0,0,0,0,3,29,17,14,63,155,30,185,248
06/13/2001,AEX,LA,ASW,CE,Federal Contract Tower,2,26,26,32,86,0,0,0,0,0,2,26,26,32,86,114,51,165,251
06/14/2001,AEX,LA,ASW,CE,Federal Contract Tower,2,26,21,21,70,0,0,0,0,0,2,26,21,21,70,149,8,157,227
06/15/2001,AEX,LA,ASW,CE,Federal Contract Tower,2,32,16,8,58,0,0,0,0,0,2,32,16,8,58,180,10,190,248
06/16/2001,AEX,LA,ASW,CE,Federal Contract Tower,2,23,12,8,45,0,0,0,0,0,2,23,12,8,45,145,10,155,200
06/17/2001,AEX,LA,ASW,CE,Federal Contract Tower,5,31,15,9,60,0,0,0,0,0,5,31,15,9,60,96,14,110,170
06/18/2001,AEX,LA,ASW,CE,Federal Contract Tower,2,31,18,20,71,0,0,0,0,0,2,31,18,20,71,69,55,124,195
06/19/2001,AEX,LA,ASW,CE,Federal Contract Tower,9,33,17,4,63,0,0,0,0,0,9,33,17,4,63,55,58,113,176
06/20/2001,AEX,LA,ASW,CE,Federal Contract Tower,23,28,23,14,88,0,0,0,0,0,23,28,23,14,88,86,16,102,190
06/21/2001,AEX,LA,ASW,CE,Federal Contract Tower,17,30,14,22,83,0,0,0,0,0,17,30,14,22,83,66,55,121,204
06/22/2001,AEX,LA,ASW,CE,Federal Contract Tower,13,27,21,11,72,0,0,0,0,0,13,27,21,11,72,137,37,174,246
06/23/2001,AEX,LA,ASW,CE,Federal Contract Tower,15,28,6,2,51,0,0,0,0,0,15,28,6,2,51,188,21,209,260
06/24/2001,AEX,LA,ASW,CE,Federal Contract Tower,0,30,22,22,74,0,0,0,0,0,0,30,22,22,74,78,6,84,158
06/25/2001,AEX,LA,ASW,CE,Federal Contract Tower,6,30,22,10,68,0,0,0,0,0,6,30,22,10,68,227,2,229,297
06/26/2001,AEX,LA,ASW,CE,Federal Contract Tower,5,31,11,9,56,0,0,0,0,0,5,31,11,9,56,106,30,136,192
06/27/2001,AEX,LA,ASW,CE,Federal Contract Tower,6,21,18,6,51,0,0,0,0,0,6,21,18,6,51,76,50,126,177
06/28/2001,AEX,LA,ASW,CE,Federal Contract Tower,6,32,7,6,51,0,0,0,0,0,6,32,7,6,51,105,30,135,186
06/29/2001,AEX,LA,ASW,CE,Federal Contract Tower,2,30,15,13,60,0,0,0,0,0,2,30,15,13,60,62,20,82,142
06/30/2001,AEX,LA,ASW,CE,Federal Contract Tower,2,26,15,11,54,0,0,0,0,0,2,26,15,11,54,145,0,145,199
07/01/2001,AEX,LA,ASW,CE,Federal Contract Tower,1,29,3,15,48,1,0,0,0,1,2,29,3,15,49,39,6,45,94
07/02/2001,AEX,LA,ASW,CE,Federal Contract Tower,4,28,23,19,74,2,0,0,0,2,6,28,23,19,76,62,48,110,186
07/03/2001,AEX,LA,ASW,CE,Federal Contract Tower,9,25,13,7,54,1,0,0,0,1,10,25,13,7,55,186,4,190,245
07/04/2001,AEX,LA,ASW,CE,Federal Contract Tower,0,20,10,0,30,1,0,0,0,1,1,20,10,0,31,260,2,262,293
07/05/2001,AEX,LA,ASW,CE,Federal Contract Tower,1,25,11,4,41,1,0,0,1,2,2,25,11,5,43,133,52,185,228
07/06/2001,AEX,LA,ASW,CE,Federal Contract Tower,2,26,9,9,46,1,0,0,1,2,3,26,9,10,48,78,39,117,165
07/07/2001,AEX,LA,ASW,CE,Federal Contract Tower,22,24,13,2,61,1,0,0,1,2,23,24,13,3,63,126,14,140,203
07/08/2001,AEX,LA,ASW,CE,Federal Contract Tower,13,32,7,18,70,0,0,0,1,1,13,32,7,19,71,69,17,86,157
07/09/2001,AEX,LA,ASW,CE,Federal Contract Tower,4,32,13,14,63,0,0,0,1,1,4,32,13,15,64,148,12,160,224
07/10/2001,AEX,LA,ASW,CE,Federal Contract Tower,9,29,15,3,56,0,0,0,1,1,9,29,15,4,57,123,37,160,217
07/11/2001,AEX,LA,ASW,CE,Federal Contract Tower,4,31,21,2,58,0,0,0,1,1,4,31,21,3,59,209,38,247,306
07/12/2001,AEX,LA,ASW,CE,Federal Contract Tower,7,30,14,0,51,0,0,0,1,1,7,30,14,1,52,101,16,117,169
07/13/2001,AEX,LA,ASW,CE,Federal Contract Tower,4,28,14,2,48,0,2,9,0,11,4,30,23,2,59,202,8,210,269
07/14/2001,AEX,LA,ASW,CE,Federal Contract Tower,4,25,10,0,39,0,0,0,0,0,4,25,10,0,39,110,0,110,149
07/15/2001,AEX,LA,ASW,CE,Federal Contract Tower,3,29,6,4,42,0,0,0,0,0,3,29,6,4,42,101,12,113,155
07/16/2001,AEX,LA,ASW,CE,Federal Contract Tower,5,32,4,4,45,0,0,0,0,0,5,32,4,4,45,150,18,168,213
07/17/2001,AEX,LA,ASW,CE,Federal Contract Tower,5,28,23,3,59,0,0,0,0,0,5,28,23,3,59,79,31,110,169
07/18/2001,AEX,LA,ASW,CE,Federal Contract Tower,8,30,20,8,66,0,0,0,0,0,8,30,20,8,66,94,4,98,164
07/19/2001,AEX,LA,ASW,CE,Federal Contract Tower,25,32,16,18,91,0,0,0,0,0,25,32,16,18,91,137,39,176,267
07/20/2001,AEX,LA,ASW,CE,Federal Contract Tower,3,37,29,25,94,0,0,0,0,0,3,37,29,25,94,111,31,142,236
07/21/2001,AEX,LA,ASW,CE,Federal Contract Tower,4,27,8,11,50,0,0,0,0,0,4,27,8,11,50,119,18,137,187
07/22/2001,AEX,LA,ASW,CE,Federal Contract Tower,4,27,12,8,51,0,3,2,0,5,4,30,14,8,56,58,12,70,126
07/23/2001,AEX,LA,ASW,CE,Federal Contract Tower,4,35,6,20,65,0,0,0,0,0,4,35,6,20,65,170,25,195,260
07/24/2001,AEX,LA,ASW,CE,Federal Contract Tower,6,30,16,5,57,0,0,0,0,0,6,30,16,5,57,130,7,137,194
07/25/2001,AEX,LA,ASW,CE,Federal Contract Tower,11,34,20,20,85,0,0,0,0,0,11,34,20,20,85,121,2,123,208
07/26/2001,AEX,LA,ASW,CE,Federal Contract Tower,11,28,16,16,71,0,0,0,0,0,11,28,16,16,71,145,3,148,219
07/27/2001,AEX,LA,ASW,CE,Federal Contract Tower,11,30,26,6,73,0,0,0,0,0,11,30,26,6,73,33,0,33,106
07/28/2001,AEX,LA,ASW,CE,Federal Contract Tower,25,28,6,1,60,0,0,0,0,0,25,28,6,1,60,86,1,87,147
07/29/2001,AEX,LA,ASW,CE,Federal Contract Tower,11,29,9,15,64,0,0,0,0,0,11,29,9,15,64,33,38,71,135
07/30/2001,AEX,LA,ASW,CE,Federal Contract Tower,41,30,13,23,107,0,0,0,0,0,41,30,13,23,107,84,14,98,205
07/31/2001,AEX,LA,ASW,CE,Federal Contract Tower,15,30,12,25,82,0,0,0,0,0,15,30,12,25,82,88,69,157,239
08/01/2001,AEX,LA,ASW,CE,Federal Contract Tower,7,33,15,23,78,0,0,1,0,1,7,33,16,23,79,54,45,99,178
08/02/2001,AEX,LA,ASW,CE,Federal Contract Tower,5,29,16,11,61,0,0,1,0,1,5,29,17,11,62,67,76,143,205
08/03/2001,AEX,LA,ASW,CE,Federal Contract Tower,7,30,31,22,90,0,0,1,0,1,7,30,32,22,91,187,157,344,435
08/04/2001,AEX,LA,ASW,CE,Federal Contract Tower,8,24,13,13,58,0,0,1,0,1,8,24,14,13,59,190,249,439,498
08/05/2001,AEX,LA,ASW,CE,Federal Contract Tower,1,29,8,16,54,0,0,0,1,1,1,29,8,17,55,39,213,252,307
08/06/2001,AEX,LA,ASW,CE,Federal Contract Tower,4,27,25,13,69,0,0,0,0,0,4,27,25,13,69,158,145,303,372
08/07/2001,AEX,LA,ASW,CE,Federal Contract Tower,8,32,12,24,76,0,0,0,0,0,8,32,12,24,76,89,82,171,247
08/08/2001,AEX,LA,ASW,CE,Federal Contract Tower,6,25,10,11,52,0,5,0,0,5,6,30,10,11,57,84,14,98,155
08/09/2001,AEX,LA,ASW,CE,Federal Contract Tower,12,30,8,23,73,0,0,0,0,0,12,30,8,23,73,125,56,181,254
08/10/2001,AEX,LA,ASW,CE,Federal Contract Tower,7,30,14,45,96,0,0,0,0,0,7,30,14,45,96,56,64,120,216
08/11/2001,AEX,LA,ASW,CE,Federal Contract Tower,7,25,6,17,55,0,0,0,0,0,7,25,6,17,55,55,71,126,181
08/12/2001,AEX,LA,ASW,CE,Federal Contract Tower,0,30,3,10,43,0,0,0,0,0,0,30,3,10,43,46,24,70,113
08/13/2001,AEX,LA,ASW,CE,Federal Contract Tower,5,30,16,8,59,0,0,0,0,0,5,30,16,8,59,10,24,34,93
08/14/2001,AEX,LA,ASW,CE,Federal Contract Tower,4,29,48,9,90,0,0,0,0,0,4,29,48,9,90,64,31,95,185
08/15/2001,AEX,LA,ASW,CE,Federal Contract Tower,3,31,27,24,85,0,0,0,0,0,3,31,27,24,85,105,21,126,211
08/16/2001,AEX,LA,ASW,CE,Federal Contract Tower,25,29,18,16,88,0,0,0,0,0,25,29,18,16,88,102,34,136,224
08/17/2001,AEX,LA,ASW,CE,Federal Contract Tower,26,28,4,16,74,0,0,0,0,0,26,28,4,16,74,68,1,69,143
08/18/2001,AEX,LA,ASW,CE,Federal Contract Tower,3,24,10,0,37,0,0,0,0,0,3,24,10,0,37,75,8,83,120
08/19/2001,AEX,LA,ASW,CE,Federal Contract Tower,3,28,10,8,49,0,0,0,0,0,3,28,10,8,49,80,0,80,129
08/20/2001,AEX,LA,ASW,CE,Federal Contract Tower,8,30,7,15,60,0,0,0,0,0,8,30,7,15,60,50,19,69,129
08/21/2001,AEX,LA,ASW,CE,Federal Contract Tower,7,34,16,15,72,0,0,0,0,0,7,34,16,15,72,129,14,143,215
08/22/2001,AEX,LA,ASW,CE,Federal Contract Tower,4,30,17,13,64,0,0,0,0,0,4,30,17,13,64,94,26,120,184
08/23/2001,AEX,LA,ASW,CE,Federal Contract Tower,5,29,22,7,63,0,0,0,0,0,5,29,22,7,63,118,37,155,218
08/24/2001,AEX,LA,ASW,CE,Federal Contract Tower,7,30,20,13,70,0,0,0,0,0,7,30,20,13,70,106,4,110,180
08/25/2001,AEX,LA,ASW,CE,Federal Contract Tower,3,24,9,24,60,0,0,0,0,0,3,24,9,24,60,82,4,86,146
08/26/2001,AEX,LA,ASW,CE,Federal Contract Tower,4,28,10,4,46,0,0,0,0,0,4,28,10,4,46,52,0,52,98
08/27/2001,AEX,LA,ASW,CE,Federal Contract Tower,17,29,11,7,64,0,0,0,0,0,17,29,11,7,64,57,10,67,131
08/28/2001,AEX,LA,ASW,CE,Federal Contract Tower,11,31,17,5,64,0,0,0,0,0,11,31,17,5,64,101,14,115,179
08/29/2001,AEX,LA,ASW,CE,Federal Contract Tower,10,30,27,9,76,0,0,0,0,0,10,30,27,9,76,46,2,48,124
08/30/2001,AEX,LA,ASW,CE,Federal Contract Tower,15,30,12,9,66,0,0,0,0,0,15,30,12,9,66,77,4,81,147
08/31/2001,AEX,LA,ASW,CE,Federal Contract Tower,10,30,19,8,67,0,0,0,0,0,10,30,19,8,67,22,3,25,92
09/01/2001,AEX,LA,ASW,CE,Federal Contract Tower,5,22,4,6,37,1,0,0,0,1,6,22,4,6,38,44,2,46,84
09/02/2001,AEX,LA,ASW,CE,Federal Contract Tower,5,20,7,1,33,2,0,0,0,2,7,20,7,1,35,13,0,13,48
09/03/2001,AEX,LA,ASW,CE,Federal Contract Tower,1,27,2,0,30,2,0,0,0,2,3,27,2,0,32,76,4,80,112
09/04/2001,AEX,LA,ASW,CE,Federal Contract Tower,7,9,12,4,32,0,22,0,0,22,7,31,12,4,54,78,13,91,145
09/05/2001,AEX,LA,ASW,CE,Federal Contract Tower,2,30,14,11,57,2,0,0,0,2,4,30,14,11,59,106,18,124,183
09/06/2001,AEX,LA,ASW,CE,Federal Contract Tower,3,30,4,12,49,2,0,0,0,2,5,30,4,12,51,72,40,112,163
09/07/2001,AEX,LA,ASW,CE,Federal Contract Tower,4,30,13,14,61,1,0,0,1,2,5,30,13,15,63,70,31,101,164
09/08/2001,AEX,LA,ASW,CE,Federal Contract Tower,0,24,8,6,38,0,0,0,1,1,0,24,8,7,39,56,9,65,104
09/09/2001,AEX,LA,ASW,CE,Federal Contract Tower,0,34,2,4,40,0,0,0,1,1,0,34,2,5,41,21,21,42,83
09/10/2001,AEX,LA,ASW,CE,Federal Contract Tower,1,32,5,2,40,1,0,0,0,1,2,32,5,2,41,107,11,118,159
09/11/2001,AEX,LA,ASW,CE,Federal Contract Tower,0,6,1,2,9,1,0,0,0,1,1,6,1,2,10,30,0,30,40
09/12/2001,AEX,LA,ASW,CE,Federal Contract Tower,2,0,0,0,2,0,0,0,0,0,2,0,0,0,2,0,0,0,2
09/13/2001,AEX,LA,ASW,CE,Federal Contract Tower,3,7,0,7,17,1,0,0,0,1,4,7,0,7,18,0,36,36,54
09/14/2001,AEX,LA,ASW,CE,Federal Contract Tower,3,29,2,10,44,1,0,0,0,1,4,29,2,10,45,16,42,58,103
09/15/2001,AEX,LA,ASW,CE,Federal Contract Tower,0,23,30,0,53,0,0,0,0,0,0,23,30,0,53,102,0,102,155
09/16/2001,AEX,LA,ASW,CE,Federal Contract Tower,1,31,9,2,43,1,0,0,0,1,2,31,9,2,44,43,0,43,87
09/17/2001,AEX,LA,ASW,CE,Federal Contract Tower,4,30,11,5,50,0,0,0,0,0,4,30,11,5,50,0,0,0,50
09/18/2001,AEX,LA,ASW,CE,Federal Contract Tower,9,31,18,4,62,0,0,0,0,0,9,31,18,4,62,55,7,62,124
09/19/2001,AEX,LA,ASW,CE,Federal Contract Tower,9,27,20,24,80,0,0,0,0,0,9,27,20,24,80,17,70,87,167
09/20/2001,AEX,LA,ASW,CE,Federal Contract Tower,7,29,14,6,56,7,0,3,0,10,14,29,17,6,66,109,11,120,186
09/21/2001,AEX,LA,ASW,CE,Federal Contract Tower,17,31,23,11,82,0,0,0,0,0,17,31,23,11,82,28,9,37,119
09/22/2001,AEX,LA,ASW,CE,Federal Contract Tower,12,22,8,0,42,0,0,0,0,0,12,22,8,0,42,52,2,54,96
09/23/2001,AEX,LA,ASW,CE,Federal Contract Tower,2,26,9,20,57,0,0,0,0,0,2,26,9,20,57,5,20,25,82
09/24/2001,AEX,LA,ASW,CE,Federal Contract Tower,8,32,15,17,72,0,0,0,0,0,8,32,15,17,72,38,9,47,119
09/25/2001,AEX,LA,ASW,CE,Federal Contract Tower,12,30,24,17,83,0,0,0,0,0,12,30,24,17,83,112,25,137,220
09/26/2001,AEX,LA,ASW,CE,Federal Contract Tower,4,30,14,8,56,0,0,0,0,0,4,30,14,8,56,147,7,154,210
09/27/2001,AEX,LA,ASW,CE,Federal Contract Tower,3,26,9,0,38,0,0,0,0,0,3,26,9,0,38,110,0,110,148
09/28/2001,AEX,LA,ASW,CE,Federal Contract Tower,7,26,15,2,50,0,0,0,0,0,7,26,15,2,50,173,31,204,254
09/29/2001,AEX,LA,ASW,CE,Federal Contract Tower,7,25,7,4,43,0,0,0,0,0,7,25,7,4,43,32,28,60,103
09/30/2001,AEX,LA,ASW,CE,Federal Contract Tower,0,25,7,5,37,0,0,0,0,0,0,25,7,5,37,94,10,104,141
10/01/2001,AEX,LA,ASW,CE,Federal Contract Tower,3,26,17,3,49,0,0,0,0,0,3,26,17,3,49,56,58,114,163
10/02/2001,AEX,LA,ASW,CE,Federal Contract Tower,7,29,20,29,85,0,0,0,0,0,7,29,20,29,85,100,44,144,229
10/03/2001,AEX,LA,ASW,CE,Federal Contract Tower,3,26,13,4,46,0,0,0,0,0,3,26,13,4,46,109,75,184,230
10/04/2001,AEX,LA,ASW,CE,Federal Contract Tower,3,26,15,11,55,0,0,0,0,0,3,26,15,11,55,82,104,186,241
10/05/2001,AEX,LA,ASW,CE,Federal Contract Tower,2,28,20,5,55,0,0,0,0,0,2,28,20,5,55,43,47,90,145
10/06/2001,AEX,LA,ASW,CE,Federal Contract Tower,1,27,17,1,46,0,0,0,0,0,1,27,17,1,46,37,136,173,219
10/07/2001,AEX,LA,ASW,CE,Federal Contract Tower,2,27,9,3,41,0,0,0,0,0,2,27,9,3,41,50,328,378,419
10/08/2001,AEX,LA,ASW,CE,Federal Contract Tower,0,24,28,8,60,0,0,0,0,0,0,24,28,8,60,143,127,270,330
10/09/2001,AEX,LA,ASW,CE,Federal Contract Tower,4,27,18,9,58,0,0,0,0,0,4,27,18,9,58,66,22,88,146
10/10/2001,AEX,LA,ASW,CE,Federal Contract Tower,3,29,15,7,54,0,0,0,0,0,3,29,15,7,54,39,19,58,112
10/11/2001,AEX,LA,ASW,CE,Federal Contract Tower,3,26,11,0,40,0,0,0,0,0,3,26,11,0,40,24,12,36,76
10/12/2001,AEX,LA,ASW,CE,Federal Contract Tower,4,24,6,30,64,0,0,0,0,0,4,24,6,30,64,0,40,40,104
10/13/2001,AEX,LA,ASW,CE,Federal Contract Tower,1,19,5,5,30,0,0,0,0,0,1,19,5,5,30,3,0,3,33
10/14/2001,AEX,LA,ASW,CE,Federal Contract Tower,1,26,12,8,47,0,0,0,0,0,1,26,12,8,47,78,0,78,125
10/15/2001,AEX,LA,ASW,CE,Federal Contract Tower,5,30,9,13,57,0,0,0,0,0,5,30,9,13,57,97,22,119,176
10/16/2001,AEX,LA,ASW,CE,Federal Contract Tower,8,26,5,16,55,0,0,0,0,0,8,26,5,16,55,38,42,80,135
10/17/2001,AEX,LA,ASW,CE,Federal Contract Tower,4,26,20,23,73,0,0,0,0,0,4,26,20,23,73,160,10,170,243
10/18/2001,AEX,LA,ASW,CE,Federal Contract Tower,4,25,9,13,51,0,0,0,0,0,4,25,9,13,51,172,17,189,240
10/19/2001,AEX,LA,ASW,CE,Federal Contract Tower,4,26,23,7,60,0,0,0,0,0,4,26,23,7,60,85,26,111,171
10/20/2001,AEX,LA,ASW,CE,Federal Contract Tower,4,24,6,2,36,0,0,0,0,0,4,24,6,2,36,65,10,75,111
10/21/2001,AEX,LA,ASW,CE,Federal Contract Tower,0,28,20,11,59,0,0,0,0,0,0,28,20,11,59,70,1,71,130
10/22/2001,AEX,LA,ASW,CE,Federal Contract Tower,4,28,16,24,72,0,0,0,0,0,4,28,16,24,72,84,0,84,156
10/23/2001,AEX,LA,ASW,CE,Federal Contract Tower,6,26,24,15,71,0,0,0,0,0,6,26,24,15,71,135,2,137,208
10/24/2001,AEX,LA,ASW,CE,Federal Contract Tower,5,28,12,6,51,0,0,0,0,0,5,28,12,6,51,62,1,63,114
10/25/2001,AEX,LA,ASW,CE,Federal Contract Tower,3,27,23,8,61,0,0,0,0,0,3,27,23,8,61,82,8,90,151
10/26/2001,AEX,LA,ASW,CE,Federal Contract Tower,6,26,21,19,72,0,0,0,0,0,6,26,21,19,72,131,5,136,208
10/27/2001,AEX,LA,ASW,CE,Federal Contract Tower,3,24,12,0,39,0,0,0,0,0,3,24,12,0,39,80,0,80,119
10/28/2001,AEX,LA,ASW,CE,Federal Contract Tower,2,26,5,1,34,0,0,0,0,0,2,26,5,1,34,90,1,91,125
10/29/2001,AEX,LA,ASW,CE,Federal Contract Tower,4,28,18,4,54,0,0,0,0,0,4,28,18,4,54,103,0,103,157
10/30/2001,AEX,LA,ASW,CE,Federal Contract Tower,11,25,14,4,54,0,0,0,0,0,11,25,14,4,54,141,6,147,201
10/31/2001,AEX,LA,ASW,CE,Federal Contract Tower,3,25,26,12,66,0,0,0,0,0,3,25,26,12,66,69,4,73,139
11/01/2001,AEX,LA,ASW,CE,Federal Contract Tower,3,26,6,31,66,1,0,0,0,1,4,26,6,31,67,83,124,207,274
11/02/2001,AEX,LA,ASW,CE,Federal Contract Tower,3,25,13,26,67,0,1,0,0,1,3,26,13,26,68,71,25,96,164
11/03/2001,AEX,LA,ASW,CE,Federal Contract Tower,5,24,15,10,54,0,0,0,0,0,5,24,15,10,54,53,4,57,111
11/04/2001,AEX,LA,ASW,CE,Federal Contract Tower,1,26,7,0,34,0,0,0,0,0,1,26,7,0,34,59,8,67,101
11/05/2001,AEX,LA,ASW,CE,Federal Contract Tower,1,29,9,4,43,0,0,0,0,0,1,29,9,4,43,68,7,75,118
11/06/2001,AEX,LA,ASW,CE,Federal Contract Tower,7,25,9,22,63,0,0,0,0,0,7,25,9,22,63,88,53,141,204
11/07/2001,AEX,LA,ASW,CE,Federal Contract Tower,3,27,11,27,68,0,0,0,0,0,3,27,11,27,68,78,31,109,177
11/08/2001,AEX,LA,ASW,CE,Federal Contract Tower,5,26,22,11,64,0,0,0,0,0,5,26,22,11,64,29,7,36,100
11/09/2001,AEX,LA,ASW,CE,Federal Contract Tower,5,28,15,23,71,0,0,0,0,0,5,28,15,23,71,51,4,55,126
11/10/2001,AEX,LA,ASW,CE,Federal Contract Tower,0,25,9,8,42,0,0,0,0,0,0,25,9,8,42,74,0,74,116
11/11/2001,AEX,LA,ASW,CE,Federal Contract Tower,1,26,14,0,41,0,0,0,0,0,1,26,14,0,41,49,0,49,90
11/12/2001,AEX,LA,ASW,CE,Federal Contract Tower,0,18,10,0,28,0,8,1,0,9,0,26,11,0,37,113,0,113,150
11/13/2001,AEX,LA,ASW,CE,Federal Contract Tower,7,26,18,10,61,0,0,0,0,0,7,26,18,10,61,71,31,102,163
11/14/2001,AEX,LA,ASW,CE,Federal Contract Tower,4,26,8,4,42,0,0,0,0,0,4,26,8,4,42,93,10,103,145
11/15/2001,AEX,LA,ASW,CE,Federal Contract Tower,2,26,18,17,63,0,0,0,0,0,2,26,18,17,63,153,4,157,220
11/16/2001,AEX,LA,ASW,CE,Federal Contract Tower,7,30,20,9,66,0,0,0,0,0,7,30,20,9,66,70,21,91,157
11/17/2001,AEX,LA,ASW,CE,Federal Contract Tower,0,24,20,7,51,0,0,0,0,0,0,24,20,7,51,59,0,59,110
11/18/2001,AEX,LA,ASW,CE,Federal Contract Tower,6,27,20,3,56,0,0,0,0,0,6,27,20,3,56,61,3,64,120
11/19/2001,AEX,LA,ASW,CE,Federal Contract Tower,3,28,32,9,72,0,0,0,0,0,3,28,32,9,72,63,12,75,147
11/20/2001,AEX,LA,ASW,CE,Federal Contract Tower,5,26,17,13,61,1,0,0,9,10,6,26,17,22,71,75,24,99,170
11/21/2001,AEX,LA,ASW,CE,Federal Contract Tower,5,26,19,9,59,0,0,0,0,0,5,26,19,9,59,136,6,142,201
11/22/2001,AEX,LA,ASW,CE,Federal Contract Tower,0,24,6,0,30,0,0,0,0,0,0,24,6,0,30,37,0,37,67
11/23/2001,AEX,LA,ASW,CE,Federal Contract Tower,0,22,20,2,44,0,0,0,0,0,0,22,20,2,44,54,0,54,98
11/24/2001,AEX,LA,ASW,CE,Federal Contract Tower,9,25,8,0,42,0,0,0,0,0,9,25,8,0,42,30,0,30,72
11/25/2001,AEX,LA,ASW,CE,Federal Contract Tower,10,28,22,2,62,0,0,0,0,0,10,28,22,2,62,101,4,105,167
11/26/2001,AEX,LA,ASW,CE,Federal Contract Tower,7,26,20,2,55,0,0,0,0,0,7,26,20,2,55,29,3,32,87
11/27/2001,AEX,LA,ASW,CE,Federal Contract Tower,10,29,4,2,45,0,0,0,0,0,10,29,4,2,45,0,0,0,45
11/28/2001,AEX,LA,ASW,CE,Federal Contract Tower,10,20,6,4,40,0,0,0,0,0,10,20,6,4,40,0,0,0,40
11/29/2001,AEX,LA,ASW,CE,Federal Contract Tower,6,29,11,2,48,0,0,0,0,0,6,29,11,2,48,22,0,22,70
11/30/2001,AEX,LA,ASW,CE,Federal Contract Tower,4,29,10,36,79,0,0,0,0,0,4,29,10,36,79,58,72,130,209
12/01/2001,AEX,LA,ASW,CE,Federal Contract Tower,6,26,3,11,46,1,0,0,0,1,7,26,3,11,47,48,43,91,138
12/02/2001,AEX,LA,ASW,CE,Federal Contract Tower,5,29,7,6,47,0,0,1,0,1,5,29,8,6,48,34,13,47,95
12/03/2001,AEX,LA,ASW,CE,Federal Contract Tower,3,24,6,6,39,0,0,1,0,1,3,24,7,6,40,131,36,167,207
12/04/2001,AEX,LA,ASW,CE,Federal Contract Tower,4,33,18,13,68,0,0,1,0,1,4,33,19,13,69,118,58,176,245
12/05/2001,AEX,LA,ASW,CE,Federal Contract Tower,2,25,20,20,67,0,0,1,0,1,2,25,21,20,68,40,21,61,129
12/06/2001,AEX,LA,ASW,CE,Federal Contract Tower,8,26,20,14,68,0,0,1,0,1,8,26,21,14,69,68,82,150,219
12/07/2001,AEX,LA,ASW,CE,Federal Contract Tower,11,28,9,27,75,0,0,1,0,1,11,28,10,27,76,22,109,131,207
12/08/2001,AEX,LA,ASW,CE,Federal Contract Tower,0,24,0,16,40,0,0,1,0,1,0,24,1,16,41,1,40,41,82
12/09/2001,AEX,LA,ASW,CE,Federal Contract Tower,1,30,10,7,48,0,0,5,0,5,1,30,15,7,53,77,19,96,149
12/10/2001,AEX,LA,ASW,CE,Federal Contract Tower,1,32,10,9,52,0,0,2,0,2,1,32,12,9,54,76,13,89,143
12/11/2001,AEX,LA,ASW,CE,Federal Contract Tower,4,25,17,25,71,0,0,2,0,2,4,25,19,25,73,21,76,97,170
12/12/2001,AEX,LA,ASW,CE,Federal Contract Tower,3,29,15,3,50,0,0,1,0,1,3,29,16,3,51,2,1,3,54
12/13/2001,AEX,LA,ASW,CE,Federal Contract Tower,6,15,7,4,32,0,0,1,0,1,6,15,8,4,33,1,0,1,34
12/14/2001,AEX,LA,ASW,CE,Federal Contract Tower,7,29,21,16,73,0,0,0,26,26,7,29,21,42,99,79,15,94,193
12/15/2001,AEX,LA,ASW,CE,Federal Contract Tower,1,16,1,2,20,0,8,0,0,8,1,24,1,2,28,71,8,79,107
12/16/2001,AEX,LA,ASW,CE,Federal Contract Tower,0,18,5,0,23,0,11,0,0,11,0,29,5,0,34,0,0,0,34
12/17/2001,AEX,LA,ASW,CE,Federal Contract Tower,2,28,15,11,56,0,0,1,8,9,2,28,16,19,65,40,6,46,111
12/18/2001,AEX,LA,ASW,CE,Federal Contract Tower,3,26,6,7,42,6,0,0,0,6,9,26,6,7,48,57,27,84,132
12/19/2001,AEX,LA,ASW,CE,Federal Contract Tower,8,30,18,10,66,0,0,0,0,0,8,30,18,10,66,34,19,53,119
12/20/2001,AEX,LA,ASW,CE,Federal Contract Tower,4,28,13,8,53,6,0,0,0,6,10,28,13,8,59,143,21,164,223
12/21/2001,AEX,LA,ASW,CE,Federal Contract Tower,7,26,18,7,58,0,0,0,0,0,7,26,18,7,58,143,16,159,217
12/22/2001,AEX,LA,ASW,CE,Federal Contract Tower,7,24,17,0,48,0,0,0,0,0,7,24,17,0,48,48,2,50,98
12/23/2001,AEX,LA,ASW,CE,Federal Contract Tower,4,26,13,0,43,0,0,0,0,0,4,26,13,0,43,78,0,78,121
12/24/2001,AEX,LA,ASW,CE,Federal Contract Tower,0,26,8,0,34,0,0,0,0,0,0,26,8,0,34,81,0,81,115
12/25/2001,AEX,LA,ASW,CE,Federal Contract Tower,0,20,4,0,24,0,0,0,0,0,0,20,4,0,24,41,0,41,65
12/26/2001,AEX,LA,ASW,CE,Federal Contract Tower,0,25,9,0,34,0,0,0,0,0,0,25,9,0,34,111,0,111,145
12/27/2001,AEX,LA,ASW,CE,Federal Contract Tower,1,25,14,6,46,0,0,0,0,0,1,25,14,6,46,98,6,104,150
12/28/2001,AEX,LA,ASW,CE,Federal Contract Tower,1,18,6,0,25,0,8,0,0,8,1,26,6,0,33,36,0,36,69
12/29/2001,AEX,LA,ASW,CE,Federal Contract Tower,2,20,7,0,29,1,7,0,0,8,3,27,7,0,37,84,0,84,121
12/30/2001,AEX,LA,ASW,CE,Federal Contract Tower,0,19,8,0,27,0,7,1,0,8,0,26,9,0,35,76,0,76,111
12/31/2001,AEX,LA,ASW,CE,Federal Contract Tower,0,16,5,0,21,0,8,0,0,8,0,24,5,0,29,45,0,45,74
01/01/2002,AEX,LA,ASW,CE,Federal Contract Tower,0,23,5,0,28,0,1,0,0,1,0,24,5,0,29,33,0,33,62
01/02/2002,AEX,LA,ASW,CE,Federal Contract Tower,1,16,5,2,24,1,8,0,0,9,2,24,5,2,33,56,0,56,89
01/03/2002,AEX,LA,ASW,CE,Federal Contract Tower,6,20,11,4,41,0,0,1,0,1,6,20,12,4,42,96,6,102,144
01/04/2002,AEX,LA,ASW,CE,Federal Contract Tower,3,25,13,12,53,0,0,7,0,7,3,25,20,12,60,60,6,66,126
01/05/2002,AEX,LA,ASW,CE,Federal Contract Tower,12,25,2,0,39,0,0,1,0,1,12,25,3,0,40,5,0,5,45
01/06/2002,AEX,LA,ASW,CE,Federal Contract Tower,4,27,6,19,56,0,0,1,0,1,4,27,7,19,57,5,19,24,81
01/07/2002,AEX,LA,ASW,CE,Federal Contract Tower,9,26,5,5,45,0,0,1,0,1,9,26,6,5,46,69,0,69,115
01/08/2002,AEX,LA,ASW,CE,Federal Contract Tower,4,26,10,12,52,6,0,0,1,7,10,26,10,13,59,91,12,103,162
01/09/2002,AEX,LA,ASW,CE,Federal Contract Tower,6,26,18,16,66,1,0,2,10,13,7,26,20,26,79,57,31,88,167
01/10/2002,AEX,LA,ASW,CE,Federal Contract Tower,6,26,13,8,53,0,0,0,0,0,6,26,13,8,53,103,15,118,171
01/11/2002,AEX,LA,ASW,CE,Federal Contract Tower,3,31,16,14,64,0,0,1,3,4,3,31,17,17,68,64,10,74,142
01/12/2002,AEX,LA,ASW,CE,Federal Contract Tower,2,26,6,2,36,0,0,0,0,0,2,26,6,2,36,36,0,36,72
01/13/2002,AEX,LA,ASW,CE,Federal Contract Tower,0,19,8,4,31,0,8,0,0,8,0,27,8,4,39,79,4,83,122
01/14/2002,AEX,LA,ASW,CE,Federal Contract Tower,4,26,12,12,54,0,0,0,8,8,4,26,12,20,62,82,20,102,164
01/15/2002,AEX,LA,ASW,CE,Federal Contract Tower,6,26,17,12,61,0,0,0,0,0,6,26,17,12,61,74,41,115,176
01/16/2002,AEX,LA,ASW,CE,Federal Contract Tower,2,29,17,16,64,0,0,0,0,0,2,29,17,16,64,40,52,92,156
01/17/2002,AEX,LA,ASW,CE,Federal Contract Tower,2,26,18,16,62,0,0,0,0,0,2,26,18,16,62,76,23,99,161
01/18/2002,AEX,LA,ASW,CE,Federal Contract Tower,2,27,36,6,71,0,0,0,0,0,2,27,36,6,71,4,4,8,79
01/19/2002,AEX,LA,ASW,CE,Federal Contract Tower,1,17,6,1,25,0,9,0,0,9,1,26,6,1,34,64,0,64,98
01/20/2002,AEX,LA,ASW,CE,Federal Contract Tower,0,26,11,26,63,0,0,0,0,0,0,26,11,26,63,50,13,63,126
01/21/2002,AEX,LA,ASW,CE,Federal Contract Tower,0,27,16,15,58,0,0,0,0,0,0,27,16,15,58,73,35,108,166
01/22/2002,AEX,LA,ASW,CE,Federal Contract Tower,10,28,18,14,70,0,0,0,0,0,10,28,18,14,70,0,0,0,70
01/23/2002,AEX,LA,ASW,CE,Federal Contract Tower,3,26,13,19,61,0,0,0,0,0,3,26,13,19,61,43,50,93,154
01/24/2002,AEX,LA,ASW,CE,Federal Contract Tower,5,26,10,6,47,0,0,0,0,0,5,26,10,6,47,13,1,14,61
01/25/2002,AEX,LA,ASW,CE,Federal Contract Tower,10,28,11,10,59,0,0,0,0,0,10,28,11,10,59,84,27,111,170
01/26/2002,AEX,LA,ASW,CE,Federal Contract Tower,7,26,10,1,44,0,0,0,0,0,7,26,10,1,44,65,4,69,113
01/27/2002,AEX,LA,ASW,CE,Federal Contract Tower,1,26,10,2,39,0,0,0,0,0,1,26,10,2,39,69,10,79,118
01/28/2002,AEX,LA,ASW,CE,Federal Contract Tower,4,26,12,9,51,0,0,0,0,0,4,26,12,9,51,82,3,85,136
01/29/2002,AEX,LA,ASW,CE,Federal Contract Tower,6,26,13,7,52,0,0,0,0,0,6,26,13,7,52,22,22,44,96
01/30/2002,AEX,LA,ASW,CE,Federal Contract Tower,5,23,16,49,93,0,0,0,0,0,5,23,16,49,93,44,41,85,178
01/31/2002,AEX,LA,ASW,CE,Federal Contract Tower,3,27,11,0,41,0,0,0,0,0,3,27,11,0,41,76,0,76,117
02/01/2002,AEX,LA,ASW,CE,Federal Contract Tower,2,28,15,17,62,1,0,0,0,1,3,28,15,17,63,115,69,184,247
02/02/2002,AEX,LA,ASW,CE,Federal Contract Tower,0,24,3,7,34,0,0,1,0,1,0,24,4,7,35,49,101,150,185
02/03/2002,AEX,LA,ASW,CE,Federal Contract Tower,0,28,12,0,40,0,0,0,0,0,0,28,12,0,40,42,93,135,175
02/04/2002,AEX,LA,ASW,CE,Federal Contract Tower,1,26,17,6,50,2,0,2,1,5,3,26,19,7,55,42,116,158,213
02/05/2002,AEX,LA,ASW,CE,Federal Contract Tower,2,23,15,7,47,2,0,0,0,2,4,23,15,7,49,1,16,17,66
02/06/2002,AEX,LA,ASW,CE,Federal Contract Tower,7,23,16,5,51,0,0,0,1,1,7,23,16,6,52,3,77,80,132
02/07/2002,AEX,LA,ASW,CE,Federal Contract Tower,3,26,15,1,45,0,0,0,0,0,3,26,15,1,45,97,301,398,443
02/08/2002,AEX,LA,ASW,CE,Federal Contract Tower,9,27,12,13,61,0,0,0,0,0,9,27,12,13,61,105,216,321,382
02/09/2002,AEX,LA,ASW,CE,Federal Contract Tower,13,24,6,6,49,0,0,0,0,0,13,24,6,6,49,86,132,218,267
02/10/2002,AEX,LA,ASW,CE,Federal Contract Tower,5,25,7,7,44,0,0,0,0,0,5,25,7,7,44,35,23,58,102
02/11/2002,AEX,LA,ASW,CE,Federal Contract Tower,9,28,18,7,62,0,0,0,0,0,9,28,18,7,62,74,41,115,177
02/12/2002,AEX,LA,ASW,CE,Federal Contract Tower,7,26,14,4,51,0,0,0,0,0,7,26,14,4,51,95,24,119,170
02/13/2002,AEX,LA,ASW,CE,Federal Contract Tower,1,26,21,1,49,0,0,0,0,0,1,26,21,1,49,117,17,134,183
02/14/2002,AEX,LA,ASW,CE,Federal Contract Tower,3,26,19,6,54,0,0,0,0,0,3,26,19,6,54,194,28,222,276
02/15/2002,AEX,LA,ASW,CE,Federal Contract Tower,4,29,20,3,56,0,0,0,0,0,4,29,20,3,56,111,17,128,184
02/16/2002,AEX,LA,ASW,CE,Federal Contract Tower,0,24,8,10,42,0,0,0,0,0,0,24,8,10,42,112,13,125,167
02/17/2002,AEX,LA,ASW,CE,Federal Contract Tower,0,26,13,6,45,0,3,0,2,5,0,29,13,8,50,75,5,80,130
02/18/2002,AEX,LA,ASW,CE,Federal Contract Tower,0,21,11,0,32,0,7,0,0,7,0,28,11,0,39,120,0,120,159
02/19/2002,AEX,LA,ASW,CE,Federal Contract Tower,5,23,9,0,37,0,0,0,0,0,5,23,9,0,37,11,42,53,90
02/20/2002,AEX,LA,ASW,CE,Federal Contract Tower,2,26,23,9,60,0,0,0,0,0,2,26,23,9,60,61,53,114,174
02/21/2002,AEX,LA,ASW,CE,Federal Contract Tower,2,26,10,5,43,0,0,0,0,0,2,26,10,5,43,133,4,137,180
02/22/2002,AEX,LA,ASW,CE,Federal Contract Tower,3,26,23,8,60,0,0,0,0,0,3,26,23,8,60,100,28,128,188
02/23/2002,AEX,LA,ASW,CE,Federal Contract Tower,0,22,15,6,43,0,0,0,0,0,0,22,15,6,43,110,10,120,163
02/24/2002,AEX,LA,ASW,CE,Federal Contract Tower,0,26,11,0,37,0,0,0,0,0,0,26,11,0,37,55,2,57,94
02/25/2002,AEX,LA,ASW,CE,Federal Contract Tower,4,26,16,8,54,0,0,0,0,0,4,26,16,8,54,0,74,74,128
02/26/2002,AEX,LA,ASW,CE,Federal Contract Tower,8,26,27,2,63,0,0,0,0,0,8,26,27,2,63,59,11,70,133
02/27/2002,AEX,LA,ASW,CE,Federal Contract Tower,3,29,18,12,62,0,0,0,0,0,3,29,18,12,62,120,7,127,189
02/28/2002,AEX,LA,ASW,CE,Federal Contract Tower,4,26,15,8,53,0,0,0,0,0,4,26,15,8,53,101,20,121,174
03/01/2002,AEX,LA,ASW,CE,Federal Contract Tower,4,25,16,5,50,0,0,1,0,1,4,25,17,5,51,1,0,1,52
03/02/2002,AEX,LA,ASW,CE,Federal Contract Tower,2,26,10,3,41,0,0,1,0,1,2,26,11,3,42,2,0,2,44
03/03/2002,AEX,LA,ASW,CE,Federal Contract Tower,0,28,7,8,43,0,0,1,0,1,0,28,8,8,44,48,23,71,115
03/04/2002,AEX,LA,ASW,CE,Federal Contract Tower,9,26,20,8,63,0,0,1,0,1,9,26,21,8,64,90,2,92,156
03/05/2002,AEX,LA,ASW,CE,Federal Contract Tower,3,26,17,9,55,0,0,1,0,1,3,26,18,9,56,104,9,113,169
03/06/2002,AEX,LA,ASW,CE,Federal Contract Tower,2,26,19,7,54,0,0,1,0,1,2,26,20,7,55,17,17,34,89
03/07/2002,AEX,LA,ASW,CE,Federal Contract Tower,4,26,14,17,61,0,0,1,0,1,4,26,15,17,62,97,61,158,220
03/08/2002,AEX,LA,ASW,CE,Federal Contract Tower,3,27,21,22,73,0,0,1,0,1,3,27,22,22,74,30,7,37,111
03/09/2002,AEX,LA,ASW,CE,Federal Contract Tower,0,25,10,2,37,0,0,1,0,1,0,25,11,2,38,40,8,48,86
03/10/2002,AEX,LA,ASW,CE,Federal Contract Tower,0,25,18,8,51,0,0,1,0,1,0,25,19,8,52,126,19,145,197
03/11/2002,AEX,LA,ASW,CE,Federal Contract Tower,3,26,8,11,48,0,0,0,0,0,3,26,8,11,48,51,2,53,101
03/12/2002,AEX,LA,ASW,CE,Federal Contract Tower,4,28,13,9,54,0,0,0,0,0,4,28,13,9,54,56,7,63,117
03/13/2002,AEX,LA,ASW,CE,Federal Contract Tower,2,26,19,6,53,0,0,0,0,0,2,26,19,6,53,102,10,112,165
03/14/2002,AEX,LA,ASW,CE,Federal Contract Tower,3,16,23,26,68,0,10,0,0,10,3,26,23,26,78,33,1,34,112
03/15/2002,AEX,LA,ASW,CE,Federal Contract Tower,5,29,19,5,58,0,0,0,0,0,5,29,19,5,58,49,0,49,107
03/16/2002,AEX,LA,ASW,CE,Federal Contract Tower,0,28,17,1,46,0,0,0,0,0,0,28,17,1,46,74,6,80,126
03/17/2002,AEX,LA,ASW,CE,Federal Contract Tower,0,31,11,3,45,0,0,0,0,0,0,31,11,3,45,66,10,76,121
03/18/2002,AEX,LA,ASW,CE,Federal Contract Tower,0,25,18,10,53,0,0,0,0,0,0,25,18,10,53,31,4,35,88
03/19/2002,AEX,LA,ASW,CE,Federal Contract Tower,7,27,11,3,48,0,0,0,0,0,7,27,11,3,48,57,24,81,129
03/20/2002,AEX,LA,ASW,CE,Federal Contract Tower,2,27,17,3,49,0,0,0,0,0,2,27,17,3,49,25,2,27,76
03/21/2002,AEX,LA,ASW,CE,Federal Contract Tower,3,26,22,8,59,0,0,0,0,0,3,26,22,8,59,33,0,33,92
03/22/2002,AEX,LA,ASW,CE,Federal Contract Tower,4,28,16,8,56,0,0,0,0,0,4,28,16,8,56,65,10,75,131
03/23/2002,AEX,LA,ASW,CE,Federal Contract Tower,4,23,13,9,49,0,0,0,0,0,4,23,13,9,49,124,11,135,184
03/24/2002,AEX,LA,ASW,CE,Federal Contract Tower,0,29,5,6,40,0,0,0,0,0,0,29,5,6,40,57,11,68,108
03/25/2002,AEX,LA,ASW,CE,Federal Contract Tower,8,28,9,15,60,0,0,0,0,0,8,28,9,15,60,33,5,38,98
03/26/2002,AEX,LA,ASW,CE,Federal Contract Tower,7,27,25,12,71,0,0,0,0,0,7,27,25,12,71,30,11,41,112
03/27/2002,AEX,LA,ASW,CE,Federal Contract Tower,7,27,30,6,70,0,0,0,0,0,7,27,30,6,70,99,12,111,181
03/28/2002,AEX,LA,ASW,CE,Federal Contract Tower,9,28,19,20,76,0,0,0,0,0,9,28,19,20,76,119,6,125,201
03/29/2002,AEX,LA,ASW,CE,Federal Contract Tower,4,28,24,1,57,0,0,0,0,0,4,28,24,1,57,39,8,47,104
03/30/2002,AEX,LA,ASW,CE,Federal Contract Tower,3,23,10,1,37,0,0,0,0,0,3,23,10,1,37,10,3,13,50
03/31/2002,AEX,LA,ASW,CE,Federal Contract Tower,1,28,15,0,44,0,0,0,0,0,1,28,15,0,44,14,0,14,58
04/01/2002,AEX,LA,ASW,CE,Federal Contract Tower,2,20,11,2,35,0,6,2,0,8,2,26,13,2,43,107,18,125,168
04/02/2002,AEX,LA,ASW,CE,Federal Contract Tower,10,26,17,3,56,1,0,0,0,1,11,26,17,3,57,110,11,121,178
04/03/2002,AEX,LA,ASW,CE,Federal Contract Tower,6,26,11,8,51,0,0,0,1,1,6,26,11,9,52,88,29,117,169
04/04/2002,AEX,LA,ASW,CE,Federal Contract Tower,6,26,22,7,61,0,0,0,1,1,6,26,22,8,62,89,70,159,221
04/05/2002,AEX,LA,ASW,CE,Federal Contract Tower,3,24,11,14,52,0,0,0,1,1,3,24,11,15,53,48,75,123,176
04/06/2002,AEX,LA,ASW,CE,Federal Contract Tower,2,24,7,7,40,0,0,0,1,1,2,24,7,8,41,44,61,105,146
04/07/2002,AEX,LA,ASW,CE,Federal Contract Tower,0,25,17,19,61,0,0,0,1,1,0,25,17,20,62,66,60,126,188
04/08/2002,AEX,LA,ASW,CE,Federal Contract Tower,3,26,8,4,41,0,0,0,1,1,3,26,8,5,42,10,8,18,60
04/09/2002,AEX,LA,ASW,CE,Federal Contract Tower,5,29,20,19,73,0,0,0,1,1,5,29,20,20,74,81,109,190,264
04/10/2002,AEX,LA,ASW,CE,Federal Contract Tower,2,27,26,30,85,0,0,0,0,0,2,27,26,30,85,71,141,212,297
04/11/2002,AEX,LA,ASW,CE,Federal Contract Tower,4,25,14,18,61,0,0,0,0,0,4,25,14,18,61,116,140,256,317
04/12/2002,AEX,LA,ASW,CE,Federal Contract Tower,4,27,24,21,76,0,0,0,0,0,4,27,24,21,76,19,125,144,220
04/13/2002,AEX,LA,ASW,CE,Federal Contract Tower,2,30,16,18,66,0,0,0,0,0,2,30,16,18,66,96,50,146,212
04/14/2002,AEX,LA,ASW,CE,Federal Contract Tower,2,26,11,5,44,0,0,0,0,0,2,26,11,5,44,78,20,98,142
04/15/2002,AEX,LA,ASW,CE,Federal Contract Tower,1,28,22,16,67,0,0,0,0,0,1,28,22,16,67,79,35,114,181
04/16/2002,AEX,LA,ASW,CE,Federal Contract Tower,9,23,11,8,51,0,0,0,0,0,9,23,11,8,51,41,27,68,119
04/17/2002,AEX,LA,ASW,CE,Federal Contract Tower,4,26,20,11,61,0,0,0,0,0,4,26,20,11,61,53,28,81,142
04/18/2002,AEX,LA,ASW,CE,Federal Contract Tower,4,28,16,19,67,0,0,0,0,0,4,28,16,19,67,38,3,41,108
04/19/2002,AEX,LA,ASW,CE,Federal Contract Tower,5,28,18,12,63,0,0,0,0,0,5,28,18,12,63,97,26,123,186
04/20/2002,AEX,LA,ASW,CE,Federal Contract Tower,1,24,13,2,40,0,0,0,0,0,1,24,13,2,40,66,19,85,125
04/21/2002,AEX,LA,ASW,CE,Federal Contract Tower,3,27,10,3,43,0,0,0,0,0,3,27,10,3,43,35,23,58,101
04/22/2002,AEX,LA,ASW,CE,Federal Contract Tower,8,27,15,9,59,0,0,0,0,0,8,27,15,9,59,44,6,50,109
04/23/2002,AEX,LA,ASW,CE,Federal Contract Tower,8,27,23,16,74,0,0,0,0,0,8,27,23,16,74,52,44,96,170
04/24/2002,AEX,LA,ASW,CE,Federal Contract Tower,14,27,23,13,77,0,0,0,0,0,14,27,23,13,77,18,67,85,162
04/25/2002,AEX,LA,ASW,CE,Federal Contract Tower,18,26,9,24,77,0,0,0,0,0,18,26,9,24,77,116,77,193,270
04/26/2002,AEX,LA,ASW,CE,Federal Contract Tower,20,28,20,14,82,0,0,0,0,0,20,28,20,14,82,144,73,217,299
04/27/2002,AEX,LA,ASW,CE,Federal Contract Tower,3,24,7,11,45,0,0,0,0,0,3,24,7,11,45,85,93,178,223
04/28/2002,AEX,LA,ASW,CE,Federal Contract Tower,4,29,14,6,53,0,0,0,0,0,4,29,14,6,53,53,90,143,196
04/29/2002,AEX,LA,ASW,CE,Federal Contract Tower,10,26,11,19,66,0,0,0,0,0,10,26,11,19,66,38,81,119,185
04/30/2002,AEX,LA,ASW,CE,Federal Contract Tower,12,26,14,18,70,0,0,0,0,0,12,26,14,18,70,51,41,92,162
05/01/2002,AEX,LA,ASW,CE,Federal Contract Tower,4,27,9,16,56,1,0,0,0,1,5,27,9,16,57,37,99,136,193
05/02/2002,AEX,LA,ASW,CE,Federal Contract Tower,1,27,16,14,58,2,0,0,0,2,3,27,16,14,60,51,64,115,175
05/03/2002,AEX,LA,ASW,CE,Federal Contract Tower,1,27,23,30,81,2,0,0,0,2,3,27,23,30,83,58,173,231,314
05/04/2002,AEX,LA,ASW,CE,Federal Contract Tower,0,24,14,23,61,2,0,0,0,2,2,24,14,23,63,97,104,201,264
05/05/2002,AEX,LA,ASW,CE,Federal Contract Tower,0,28,14,12,54,2,0,0,0,2,2,28,14,12,56,27,159,186,242
05/06/2002,AEX,LA,ASW,CE,Federal Contract Tower,2,28,14,20,64,1,0,0,0,1,3,28,14,20,65,93,182,275,340
05/07/2002,AEX,LA,ASW,CE,Federal Contract Tower,5,26,8,21,60,1,0,0,0,1,6,26,8,21,61,123,83,206,267
05/08/2002,AEX,LA,ASW,CE,Federal Contract Tower,2,26,16,25,69,1,0,0,0,1,3,26,16,25,70,125,192,317,387
05/09/2002,AEX,LA,ASW,CE,Federal Contract Tower,2,26,15,24,67,1,0,0,0,1,3,26,15,24,68,48,58,106,174
05/10/2002,AEX,LA,ASW,CE,Federal Contract Tower,2,26,27,43,98,1,0,0,0,1,3,26,27,43,99,78,129,207,306
05/11/2002,AEX,LA,ASW,CE,Federal Contract Tower,0,24,9,0,33,1,0,0,0,1,1,24,9,0,34,85,80,165,199
05/12/2002,AEX,LA,ASW,CE,Federal Contract Tower,0,26,14,0,40,0,0,0,0,0,0,26,14,0,40,74,21,95,135
05/13/2002,AEX,LA,ASW,CE,Federal Contract Tower,3,27,4,9,43,1,0,0,0,1,4,27,4,9,44,61,18,79,123
05/14/2002,AEX,LA,ASW,CE,Federal Contract Tower,4,27,12,12,55,1,0,0,0,1,5,27,12,12,56,116,25,141,197
05/15/2002,AEX,LA,ASW,CE,Federal Contract Tower,3,26,17,12,58,1,0,0,0,1,4,26,17,12,59,92,41,133,192
05/16/2002,AEX,LA,ASW,CE,Federal Contract Tower,5,26,20,18,69,1,0,0,0,1,6,26,20,18,70,92,36,128,198
05/17/2002,AEX,LA,ASW,CE,Federal Contract Tower,8,26,19,4,57,1,0,0,0,1,9,26,19,4,58,27,28,55,113
05/18/2002,AEX,LA,ASW,CE,Federal Contract Tower,18,24,4,23,69,1,0,0,0,1,19,24,4,23,70,24,84,108,178
05/19/2002,AEX,LA,ASW,CE,Federal Contract Tower,8,25,9,0,42,1,0,0,0,1,9,25,9,0,43,44,8,52,95
05/20/2002,AEX,LA,ASW,CE,Federal Contract Tower,3,4,10,8,25,0,22,0,0,22,3,26,10,8,47,82,90,172,219
05/21/2002,AEX,LA,ASW,CE,Federal Contract Tower,5,29,12,11,57,0,0,0,0,0,5,29,12,11,57,94,54,148,205
05/22/2002,AEX,LA,ASW,CE,Federal Contract Tower,4,27,10,44,85,0,0,0,0,0,4,27,10,44,85,137,55,192,277
05/23/2002,AEX,LA,ASW,CE,Federal Contract Tower,3,26,16,0,45,0,0,0,0,0,3,26,16,0,45,84,15,99,144
05/24/2002,AEX,LA,ASW,CE,Federal Contract Tower,3,26,26,3,58,0,0,0,0,0,3,26,26,3,58,143,11,154,212
05/25/2002,AEX,LA,ASW,CE,Federal Contract Tower,25,1,13,1,40,0,0,0,0,0,25,1,13,1,40,115,2,117,157
05/26/2002,AEX,LA,ASW,CE,Federal Contract Tower,4,21,8,0,33,0,0,0,0,0,4,21,8,0,33,56,0,56,89
05/27/2002,AEX,LA,ASW,CE,Federal Contract Tower,0,27,9,2,38,0,0,0,0,0,0,27,9,2,38,131,0,131,169
05/28/2002,AEX,LA,ASW,CE,Federal Contract Tower,5,30,19,10,64,0,0,0,0,0,5,30,19,10,64,125,14,139,203
05/29/2002,AEX,LA,ASW,CE,Federal Contract Tower,5,26,25,11,67,0,0,0,0,0,5,26,25,11,67,49,10,59,126
05/30/2002,AEX,LA,ASW,CE,Federal Contract Tower,2,26,17,0,45,0,0,0,0,0,2,26,17,0,45,45,0,45,90
05/31/2002,AEX,LA,ASW,CE,Federal Contract Tower,1,27,13,5,46,0,0,0,0,0,1,27,13,5,46,72,11,83,129
06/01/2002,AEX,LA,ASW,CE,Federal Contract Tower,3,24,8,7,42,0,0,0,1,1,3,24,8,8,43,145,13,158,201
06/02/2002,AEX,LA,ASW,CE,Federal Contract Tower,0,26,15,2,43,0,0,0,1,1,0,26,15,3,44,84,7,91,135
06/03/2002,AEX,LA,ASW,CE,Federal Contract Tower,5,27,6,24,62,0,0,0,0,0,5,27,6,24,62,75,42,117,179
06/04/2002,AEX,LA,ASW,CE,Federal Contract Tower,7,25,9,40,81,0,0,0,0,0,7,25,9,40,81,115,42,157,238
06/05/2002,AEX,LA,ASW,CE,Federal Contract Tower,3,26,18,18,65,0,0,2,0,2,3,26,20,18,67,78,17,95,162
06/06/2002,AEX,LA,ASW,CE,Federal Contract Tower,3,27,12,24,66,0,0,0,0,0,3,27,12,24,66,59,30,89,155
06/07/2002,AEX,LA,ASW,CE,Federal Contract Tower,4,27,17,40,88,0,0,0,0,0,4,27,17,40,88,164,125,289,377
06/08/2002,AEX,LA,ASW,CE,Federal Contract Tower,0,29,14,30,73,0,0,0,0,0,0,29,14,30,73,69,43,112,185
06/09/2002,AEX,LA,ASW,CE,Federal Contract Tower,0,25,18,9,52,0,0,0,0,0,0,25,18,9,52,25,40,65,117
06/10/2002,AEX,LA,ASW,CE,Federal Contract Tower,3,29,17,14,63,0,0,0,0,0,3,29,17,14,63,10,43,53,116
06/11/2002,AEX,LA,ASW,CE,Federal Contract Tower,5,29,13,25,72,0,0,0,0,0,5,29,13,25,72,72,68,140,212
06/12/2002,AEX,LA,ASW,CE,Federal Contract Tower,4,28,15,9,56,0,0,0,0,0,4,28,15,9,56,47,339,386,442
06/13/2002,AEX,LA,ASW,CE,Federal Contract Tower,3,26,12,26,67,0,0,0,0,0,3,26,12,26,67,98,174,272,339
06/14/2002,AEX,LA,ASW,CE,Federal Contract Tower,3,28,12,32,75,0,0,0,0,0,3,28,12,32,75,122,89,211,286
06/15/2002,AEX,LA,ASW,CE,Federal Contract Tower,0,26,13,47,86,0,0,0,0,0,0,26,13,47,86,65,64,129,215
06/16/2002,AEX,LA,ASW,CE,Federal Contract Tower,0,26,5,17,48,0,0,0,0,0,0,26,5,17,48,60,49,109,157
06/17/2002,AEX,LA,ASW,CE,Federal Contract Tower,2,30,11,20,63,0,0,0,0,0,2,30,11,20,63,96,42,138,201
06/18/2002,AEX,LA,ASW,CE,Federal Contract Tower,5,27,10,33,75,0,0,0,0,0,5,27,10,33,75,99,64,163,238
06/19/2002,AEX,LA,ASW,CE,Federal Contract Tower,2,27,13,6,48,0,0,0,0,0,2,27,13,6,48,143,21,164,212
06/20/2002,AEX,LA,ASW,CE,Federal Contract Tower,3,28,6,22,59,0,0,0,0,0,3,28,6,22,59,68,101,169,228
06/21/2002,AEX,LA,ASW,CE,Federal Contract Tower,6,28,16,36,86,0,0,0,0,0,6,28,16,36,86,85,13,98,184
06/22/2002,AEX,LA,ASW,CE,Federal Contract Tower,0,23,11,24,58,0,0,0,0,0,0,23,11,24,58,60,99,159,217
06/23/2002,AEX,LA,ASW,CE,Federal Contract Tower,5,30,15,6,56,0,0,0,0,0,5,30,15,6,56,28,6,34,90
06/24/2002,AEX,LA,ASW,CE,Federal Contract Tower,4,34,14,11,63,0,0,0,0,0,4,34,14,11,63,83,43,126,189
06/25/2002,AEX,LA,ASW,CE,Federal Contract Tower,10,29,16,4,59,0,0,0,0,0,10,29,16,4,59,115,26,141,200
06/26/2002,AEX,LA,ASW,CE,Federal Contract Tower,4,29,20,8,61,0,0,0,0,0,4,29,20,8,61,44,0,44,105
06/27/2002,AEX,LA,ASW,CE,Federal Contract Tower,2,26,6,1,35,0,0,0,0,0,2,26,6,1,35,70,3,73,108
06/28/2002,AEX,LA,ASW,CE,Federal Contract Tower,2,28,14,4,48,0,0,0,0,0,2,28,14,4,48,69,0,69,117
06/29/2002,AEX,LA,ASW,CE,Federal Contract Tower,0,27,14,27,68,0,0,0,0,0,0,27,14,27,68,47,19,66,134
06/30/2002,AEX,LA,ASW,CE,Federal Contract Tower,0,25,7,0,32,0,0,0,0,0,0,25,7,0,32,63,0,63,95
07/01/2002,AEX,LA,ASW,CE,Federal Contract Tower,3,27,12,1,43,1,0,0,0,1,4,27,12,1,44,121,4,125,169
07/02/2002,AEX,LA,ASW,CE,Federal Contract Tower,4,29,23,0,56,1,0,0,0,1,5,29,23,0,57,93,2,95,152
07/03/2002,AEX,LA,ASW,CE,Federal Contract Tower,2,28,18,0,48,1,0,0,0,1,3,28,18,0,49,130,2,132,181
07/04/2002,AEX,LA,ASW,CE,Federal Contract Tower,0,26,6,0,32,0,0,1,0,1,0,26,7,0,33,58,0,58,91
07/05/2002,AEX,LA,ASW,CE,Federal Contract Tower,0,26,2,0,28,0,0,1,0,1,0,26,3,0,29,105,0,105,134
07/06/2002,AEX,LA,ASW,CE,Federal Contract Tower,0,23,7,2,32,0,0,1,1,2,0,23,8,3,34,151,14,165,199
07/07/2002,AEX,LA,ASW,CE,Federal Contract Tower,0,16,2,0,18,0,9,0,0,9,0,25,2,0,27,81,0,81,108
07/08/2002,AEX,LA,ASW,CE,Federal Contract Tower,5,28,18,4,55,0,0,1,1,2,5,28,19,5,57,93,0,93,150
07/09/2002,AEX,LA,ASW,CE,Federal Contract Tower,4,28,12,12,56,0,0,0,1,1,4,28,12,13,57,108,40,148,205
07/10/2002,AEX,LA,ASW,CE,Federal Contract Tower,2,27,10,0,39,0,0,0,0,0,2,27,10,0,39,104,37,141,180
07/11/2002,AEX,LA,ASW,CE,Federal Contract Tower,0,27,15,0,42,0,0,0,0,0,0,27,15,0,42,62,107,169,211
07/12/2002,AEX,LA,ASW,CE,Federal Contract Tower,2,27,18,8,55,0,0,0,0,0,2,27,18,8,55,114,52,166,221
07/13/2002,AEX,LA,ASW,CE,Federal Contract Tower,1,27,5,0,33,0,0,0,0,0,1,27,5,0,33,62,32,94,127
07/14/2002,AEX,LA,ASW,CE,Federal Contract Tower,0,24,7,8,39,0,0,0,0,0,0,24,7,8,39,40,1,41,80
07/15/2002,AEX,LA,ASW,CE,Federal Contract Tower,8,28,16,0,52,0,0,0,0,0,8,28,16,0,52,31,9,40,92
07/16/2002,AEX,LA,ASW,CE,Federal Contract Tower,5,28,15,4,52,0,0,0,0,0,5,28,15,4,52,70,5,75,127
07/17/2002,AEX,LA,ASW,CE,Federal Contract Tower,3,26,20,9,58,0,0,0,0,0,3,26,20,9,58,77,44,121,179
07/18/2002,AEX,LA,ASW,CE,Federal Contract Tower,5,39,27,25,96,0,0,0,0,0,5,39,27,25,96,147,25,172,268
07/19/2002,AEX,LA,ASW,CE,Federal Contract Tower,2,28,20,15,65,0,0,0,0,0,2,28,20,15,65,102,55,157,222
07/20/2002,AEX,LA,ASW,CE,Federal Contract Tower,0,26,2,8,36,0,0,0,0,0,0,26,2,8,36,69,17,86,122
07/21/2002,AEX,LA,ASW,CE,Federal Contract Tower,0,29,13,7,49,0,0,0,0,0,0,29,13,7,49,45,10,55,104
07/22/2002,AEX,LA,ASW,CE,Federal Contract Tower,6,28,12,16,62,0,0,0,0,0,6,28,12,16,62,21,20,41,103
07/23/2002,AEX,LA,ASW,CE,Federal Contract Tower,8,30,12,17,67,0,0,0,0,0,8,30,12,17,67,53,1,54,121
07/24/2002,AEX,LA,ASW,CE,Federal Contract Tower,3,29,21,9,62,0,0,0,0,0,3,29,21,9,62,49,7,56,118
07/25/2002,AEX,LA,ASW,CE,Federal Contract Tower,4,28,9,8,49,0,0,0,0,0,4,28,9,8,49,93,7,100,149
07/26/2002,AEX,LA,ASW,CE,Federal Contract Tower,5,27,19,27,78,0,0,0,0,0,5,27,19,27,78,72,26,98,176
07/27/2002,AEX,LA,ASW,CE,Federal Contract Tower,4,25,9,5,43,0,0,0,0,0,4,25,9,5,43,105,9,114,157
07/28/2002,AEX,LA,ASW,CE,Federal Contract Tower,0,28,11,4,43,0,0,0,0,0,0,28,11,4,43,44,6,50,93
07/29/2002,AEX,LA,ASW,CE,Federal Contract Tower,6,29,12,22,69,0,0,0,0,0,6,29,12,22,69,4,49,53,122
07/30/2002,AEX,LA,ASW,CE,Federal Contract Tower,5,27,14,20,66,0,0,0,0,0,5,27,14,20,66,131,18,149,215
07/31/2002,AEX,LA,ASW,CE,Federal Contract Tower,5,32,19,22,78,0,0,0,0,0,5,32,19,22,78,90,15,105,183
08/01/2002,AEX,LA,ASW,CE,Federal Contract Tower,3,28,14,2,47,1,0,0,0,1,4,28,14,2,48,82,0,82,130
08/02/2002,AEX,LA,ASW,CE,Federal Contract Tower,3,28,14,6,51,0,0,0,1,1,3,28,14,7,52,52,11,63,115
08/03/2002,AEX,LA,ASW,CE,Federal Contract Tower,2,25,18,8,53,0,0,0,1,1,2,25,18,9,54,31,10,41,95
08/04/2002,AEX,LA,ASW,CE,Federal Contract Tower,0,28,14,1,43,0,0,0,1,1,0,28,14,2,44,68,28,96,140
08/05/2002,AEX,LA,ASW,CE,Federal Contract Tower,3,30,17,6,56,0,0,0,2,2,3,30,17,8,58,101,78,179,237
08/06/2002,AEX,LA,ASW,CE,Federal Contract Tower,4,29,10,7,50,0,0,0,2,2,4,29,10,9,52,39,28,67,119
08/07/2002,AEX,LA,ASW,CE,Federal Contract Tower,2,30,15,2,49,1,0,6,0,7,3,30,21,2,56,111,129,240,296
08/08/2002,AEX,LA,ASW,CE,Federal Contract Tower,2,28,21,12,63,0,0,0,0,0,2,28,21,12,63,39,104,143,206
08/09/2002,AEX,LA,ASW,CE,Federal Contract Tower,2,28,8,6,44,0,0,0,0,0,2,28,8,6,44,93,89,182,226
08/10/2002,AEX,LA,ASW,CE,Federal Contract Tower,0,25,9,5,39,0,0,0,0,0,0,25,9,5,39,57,81,138,177
08/11/2002,AEX,LA,ASW,CE,Federal Contract Tower,0,28,10,6,44,0,0,0,0,0,0,28,10,6,44,74,68,142,186
08/12/2002,AEX,LA,ASW,CE,Federal Contract Tower,6,28,12,7,53,0,0,0,0,0,6,28,12,7,53,69,36,105,158
08/13/2002,AEX,LA,ASW,CE,Federal Contract Tower,4,28,11,10,53,0,0,0,0,0,4,28,11,10,53,83,17,100,153
08/14/2002,AEX,LA,ASW,CE,Federal Contract Tower,1,29,11,14,55,0,0,0,0,0,1,29,11,14,55,40,6,46,101
08/15/2002,AEX,LA,ASW,CE,Federal Contract Tower,0,21,8,4,33,0,0,0,0,0,0,21,8,4,33,7,1,8,41
08/16/2002,AEX,LA,ASW,CE,Federal Contract Tower,3,27,11,12,53,0,0,0,0,0,3,27,11,12,53,78,10,88,141
08/17/2002,AEX,LA,ASW,CE,Federal Contract Tower,0,26,11,8,45,0,0,0,0,0,0,26,11,8,45,109,0,109,154
08/18/2002,AEX,LA,ASW,CE,Federal Contract Tower,2,28,11,16,57,0,0,0,0,0,2,28,11,16,57,74,0,74,131
08/19/2002,AEX,LA,ASW,CE,Federal Contract Tower,5,32,10,15,62,0,0,0,0,0,5,32,10,15,62,28,5,33,95
08/20/2002,AEX,LA,ASW,CE,Federal Contract Tower,6,32,19,10,67,0,0,0,0,0,6,32,19,10,67,72,8,80,147
08/21/2002,AEX,LA,ASW,CE,Federal Contract Tower,7,29,20,14,70,0,0,0,0,0,7,29,20,14,70,54,15,69,139
08/22/2002,AEX,LA,ASW,CE,Federal Contract Tower,2,25,19,14,60,0,0,0,0,0,2,25,19,14,60,51,25,76,136
08/23/2002,AEX,LA,ASW,CE,Federal Contract Tower,1,26,17,20,64,0,0,0,0,0,1,26,17,20,64,121,71,192,256
08/24/2002,AEX,LA,ASW,CE,Federal Contract Tower,0,28,7,8,43,0,0,0,0,0,0,28,7,8,43,174,9,183,226
08/25/2002,AEX,LA,ASW,CE,Federal Contract Tower,8,30,7,12,57,0,0,0,0,0,8,30,7,12,57,69,11,80,137
08/26/2002,AEX,LA,ASW,CE,Federal Contract Tower,6,29,19,13,67,0,0,0,0,0,6,29,19,13,67,61,11,72,139
08/27/2002,AEX,LA,ASW,CE,Federal Contract Tower,5,28,8,6,47,0,0,0,0,0,5,28,8,6,47,78,4,82,129
08/28/2002,AEX,LA,ASW,CE,Federal Contract Tower,2,27,26,6,61,0,0,0,0,0,2,27,26,6,61,47,7,54,115
08/29/2002,AEX,LA,ASW,CE,Federal Contract Tower,4,28,17,19,68,0,0,0,0,0,4,28,17,19,68,74,95,169,237
08/30/2002,AEX,LA,ASW,CE,Federal Contract Tower,2,29,10,12,53,0,0,0,0,0,2,29,10,12,53,90,41,131,184
08/31/2002,AEX,LA,ASW,CE,Federal Contract Tower,0,24,10,0,34,0,0,0,0,0,0,24,10,0,34,51,0,51,85
09/01/2002,AEX,LA,ASW,CE,Federal Contract Tower,0,25,2,0,27,0,0,0,0,0,0,25,2,0,27,39,0,39,66
09/02/2002,AEX,LA,ASW,CE,Federal Contract Tower,0,0,0,0,0,8,25,10,0,43,8,25,10,0,43,46,0,46,89
09/03/2002,AEX,LA,ASW,CE,Federal Contract Tower,0,0,0,0,0,5,31,13,13,62,5,31,13,13,62,23,20,43,105
09/04/2002,AEX,LA,ASW,CE,Federal Contract Tower,0,0,0,0,0,5,29,11,8,53,5,29,11,8,53,55,0,55,108
09/05/2002,AEX,LA,ASW,CE,Federal Contract Tower,0,0,0,0,0,5,27,12,3,47,5,27,12,3,47,98,44,142,189
09/06/2002,AEX,LA,ASW,CE,Federal Contract Tower,0,0,0,0,0,2,27,18,4,51,2,27,18,4,51,39,26,65,116
09/07/2002,AEX,LA,ASW,CE,Federal Contract Tower,0,0,0,0,0,8,23,5,0,36,8,23,5,0,36,2,3,5,41
09/08/2002,AEX,LA,ASW,CE,Federal Contract Tower,0,0,0,0,0,2,29,14,0,45,2,29,14,0,45,23,20,43,88
09/09/2002,AEX,LA,ASW,CE,Federal Contract Tower,0,0,0,0,0,3,28,9,6,46,3,28,9,6,46,46,60,106,152
09/10/2002,AEX,LA,ASW,CE,Federal Contract Tower,0,0,0,0,0,8,25,14,14,61,8,25,14,14,61,135,23,158,219
09/11/2002,AEX,LA,ASW,CE,Federal Contract Tower,0,0,0,0,0,3,20,16,18,57,3,20,16,18,57,114,99,213,270
09/12/2002,AEX,LA,ASW,CE,Federal Contract Tower,0,0,0,0,0,9,22,15,21,67,9,22,15,21,67,126,154,280,347
09/13/2002,AEX,LA,ASW,CE,Federal Contract Tower,0,0,0,0,0,4,27,23,29,83,4,27,23,29,83,111,83,194,277
09/14/2002,AEX,LA,ASW,CE,Federal Contract Tower,0,0,0,0,0,2,25,11,28,66,2,25,11,28,66,50,173,223,289
09/15/2002,AEX,LA,ASW,CE,Federal Contract Tower,0,0,0,0,0,0,27,0,10,37,0,27,0,10,37,50,109,159,196
09/16/2002,AEX,LA,ASW,CE,Federal Contract Tower,0,0,0,0,0,0,28,10,16,54,0,28,10,16,54,31,123,154,208
09/17/2002,AEX,LA,ASW,CE,Federal Contract Tower,0,0,0,0,0,5,28,7,7,47,5,28,7,7,47,72,50,122,169
09/18/2002,AEX,LA,ASW,CE,Federal Contract Tower,0,0,0,0,0,4,27,20,13,64,4,27,20,13,64,59,25,84,148
09/19/2002,AEX,LA,ASW,CE,Federal Contract Tower,0,0,0,0,0,2,28,20,6,56,2,28,20,6,56,7,0,7,63
09/20/2002,AEX,LA,ASW,CE,Federal Contract Tower,0,0,0,0,0,5,27,15,12,59,5,27,15,12,59,21,0,21,80
09/21/2002,AEX,LA,ASW,CE,Federal Contract Tower,0,0,0,0,0,0,24,14,7,45,0,24,14,7,45,32,7,39,84
09/22/2002,AEX,LA,ASW,CE,Federal Contract Tower,0,0,0,0,0,0,28,5,4,37,0,28,5,4,37,55,0,55,92
09/23/2002,AEX,LA,ASW,CE,Federal Contract Tower,0,0,0,0,0,4,28,13,8,53,4,28,13,8,53,108,11,119,172
09/24/2002,AEX,LA,ASW,CE,Federal Contract Tower,0,0,0,0,0,5,32,20,27,84,5,32,20,27,84,108,40,148,232
09/25/2002,AEX,LA,ASW,CE,Federal Contract Tower,0,0,0,0,0,2,26,8,5,41,2,26,8,5,41,12,9,21,62
09/26/2002,AEX,LA,ASW,CE,Federal Contract Tower,0,0,0,0,0,6,26,6,0,38,6,26,6,0,38,3,0,3,41
09/27/2002,AEX,LA,ASW,CE,Federal Contract Tower,0,0,0,0,0,4,29,16,6,55,4,29,16,6,55,51,13,64,119
09/28/2002,AEX,LA,ASW,CE,Federal Contract Tower,0,0,0,0,0,2,24,5,0,31,2,24,5,0,31,77,0,77,108
09/29/2002,AEX,LA,ASW,CE,Federal Contract Tower,0,0,0,0,0,18,24,4,2,48,18,24,4,2,48,109,7,116,164
09/30/2002,AEX,LA,ASW,CE,Federal Contract Tower,0,0,0,0,0,12,28,12,14,66,12,28,12,14,66,39,24,63,129
10/01/2002,AEX,LA,ASW,CE,Federal Contract Tower,19,18,10,5,52,0,1,0,0,1,19,19,10,5,53,93,10,103,156
10/02/2002,AEX,LA,ASW,CE,Federal Contract Tower,9,28,15,13,65,0,1,0,0,1,9,29,15,13,66,0,20,20,86
10/03/2002,AEX,LA,ASW,CE,Federal Contract Tower,0,3,0,0,3,0,1,0,0,1,0,4,0,0,4,0,0,0,4
10/04/2002,AEX,LA,ASW,CE,Federal Contract Tower,4,18,13,4,39,0,1,0,0,1,4,19,13,4,40,90,2,92,132
10/05/2002,AEX,LA,ASW,CE,Federal Contract Tower,3,23,14,7,47,0,1,0,0,1,3,24,14,7,48,36,9,45,93
10/06/2002,AEX,LA,ASW,CE,Federal Contract Tower,1,26,13,12,52,0,0,0,0,0,1,26,13,12,52,39,35,74,126
10/07/2002,AEX,LA,ASW,CE,Federal Contract Tower,9,26,14,8,57,0,0,0,0,0,9,26,14,8,57,24,12,36,93
10/08/2002,AEX,LA,ASW,CE,Federal Contract Tower,6,29,17,11,63,0,0,0,0,0,6,29,17,11,63,0,100,100,163
10/09/2002,AEX,LA,ASW,CE,Federal Contract Tower,4,27,26,6,63,0,0,0,0,0,4,27,26,6,63,0,56,56,119
10/10/2002,AEX,LA,ASW,CE,Federal Contract Tower,4,24,22,5,55,0,0,0,0,0,4,24,22,5,55,95,81,176,231
10/11/2002,AEX,LA,ASW,CE,Federal Contract Tower,3,27,30,5,65,0,0,0,0,0,3,27,30,5,65,48,108,156,221
10/12/2002,AEX,LA,ASW,CE,Federal Contract Tower,0,23,17,12,52,0,0,0,0,0,0,23,17,12,52,39,108,147,199
10/13/2002,AEX,LA,ASW,CE,Federal Contract Tower,0,25,11,6,42,0,0,0,0,0,0,25,11,6,42,10,84,94,136
10/14/2002,AEX,LA,ASW,CE,Federal Contract Tower,0,27,7,3,37,0,0,0,0,0,0,27,7,3,37,36,45,81,118
10/15/2002,AEX,LA,ASW,CE,Federal Contract Tower,5,26,14,9,54,0,0,0,0,0,5,26,14,9,54,70,30,100,154
10/16/2002,AEX,LA,ASW,CE,Federal Contract Tower,4,26,27,10,67,0,0,0,0,0,4,26,27,10,67,92,11,103,170
10/17/2002,AEX,LA,ASW,CE,Federal Contract Tower,3,26,15,13,57,0,0,0,0,0,3,26,15,13,57,132,29,161,218
10/18/2002,AEX,LA,ASW,CE,Federal Contract Tower,3,24,32,18,77,0,0,0,0,0,3,24,32,18,77,43,3,46,123
10/19/2002,AEX,LA,ASW,CE,Federal Contract Tower,1,24,14,4,43,0,0,0,0,0,1,24,14,4,43,0,0,0,43
10/20/2002,AEX,LA,ASW,CE,Federal Contract Tower,2,26,35,4,67,0,0,0,0,0,2,26,35,4,67,0,2,2,69
10/21/2002,AEX,LA,ASW,CE,Federal Contract Tower,3,16,14,6,39,1,0,0,4,5,4,16,14,10,44,24,11,35,79
10/22/2002,AEX,LA,ASW,CE,Federal Contract Tower,5,28,19,3,55,0,0,0,0,0,5,28,19,3,55,0,4,4,59
10/23/2002,AEX,LA,ASW,CE,Federal Contract Tower,9,25,15,13,62,0,0,0,0,0,9,25,15,13,62,25,36,61,123
10/24/2002,AEX,LA,ASW,CE,Federal Contract Tower,5,25,14,16,60,0,0,0,0,0,5,25,14,16,60,47,14,61,121
10/25/2002,AEX,LA,ASW,CE,Federal Contract Tower,9,26,29,6,70,0,0,0,0,0,9,26,29,6,70,31,4,35,105
10/26/2002,AEX,LA,ASW,CE,Federal Contract Tower,11,24,3,2,40,0,0,0,0,0,11,24,3,2,40,0,0,0,40
10/27/2002,AEX,LA,ASW,CE,Federal Contract Tower,7,26,14,0,47,0,0,0,0,0,7,26,14,0,47,0,0,0,47
10/28/2002,AEX,LA,ASW,CE,Federal Contract Tower,6,30,19,5,60,0,0,0,0,0,6,30,19,5,60,4,3,7,67
10/29/2002,AEX,LA,ASW,CE,Federal Contract Tower,5,33,13,16,67,0,0,0,0,0,5,33,13,16,67,46,24,70,137
10/30/2002,AEX,LA,ASW,CE,Federal Contract Tower,3,28,21,2,54,0,0,0,0,0,3,28,21,2,54,29,26,55,109
10/31/2002,AEX,LA,ASW,CE,Federal Contract Tower,1,28,14,3,46,0,0,0,0,0,1,28,14,3,46,64,12,76,122
11/01/2002,AEX,LA,ASW,CE,Federal Contract Tower,0,27,16,13,56,1,0,0,0,1,1,27,16,13,57,26,26,52,109
11/02/2002,AEX,LA,ASW,CE,Federal Contract Tower,0,25,10,3,38,1,0,0,0,1,1,25,10,3,39,87,17,104,143
11/03/2002,AEX,LA,ASW,CE,Federal Contract Tower,1,23,4,2,30,0,1,0,0,1,1,24,4,2,31,1,2,3,34
11/04/2002,AEX,LA,ASW,CE,Federal Contract Tower,3,25,7,0,35,0,1,0,0,1,3,26,7,0,36,4,2,6,42
11/05/2002,AEX,LA,ASW,CE,Federal Contract Tower,6,25,11,1,43,0,0,0,0,0,6,25,11,1,43,41,7,48,91
11/06/2002,AEX,LA,ASW,CE,Federal Contract Tower,3,30,15,10,58,0,0,0,0,0,3,30,15,10,58,124,7,131,189
11/07/2002,AEX,LA,ASW,CE,Federal Contract Tower,5,25,21,11,62,0,0,0,0,0,5,25,21,11,62,43,16,59,121
11/08/2002,AEX,LA,ASW,CE,Federal Contract Tower,4,26,9,23,62,0,0,0,0,0,4,26,9,23,62,40,23,63,125
11/09/2002,AEX,LA,ASW,CE,Federal Contract Tower,1,24,12,0,37,0,0,0,0,0,1,24,12,0,37,81,0,81,118
11/10/2002,AEX,LA,ASW,CE,Federal Contract Tower,0,26,8,13,47,0,0,0,0,0,0,26,8,13,47,47,0,47,94
11/11/2002,AEX,LA,ASW,CE,Federal Contract Tower,0,28,22,0,50,0,0,0,0,0,0,28,22,0,50,91,0,91,141
11/12/2002,AEX,LA,ASW,CE,Federal Contract Tower,5,23,15,16,59,0,0,0,0,0,5,23,15,16,59,38,17,55,114
11/13/2002,AEX,LA,ASW,CE,Federal Contract Tower,2,24,22,12,60,0,0,0,0,0,2,24,22,12,60,24,36,60,120
11/14/2002,AEX,LA,ASW,CE,Federal Contract Tower,1,27,17,8,53,0,0,2,2,4,1,27,19,10,57,24,23,47,104
11/15/2002,AEX,LA,ASW,CE,Federal Contract Tower,4,27,19,9,59,0,0,0,0,0,4,27,19,9,59,54,31,85,144
11/16/2002,AEX,LA,ASW,CE,Federal Contract Tower,0,24,2,2,28,0,0,0,0,0,0,24,2,2,28,62,42,104,132
11/17/2002,AEX,LA,ASW,CE,Federal Contract Tower,0,26,8,7,41,0,0,0,0,0,0,26,8,7,41,83,8,91,132
11/18/2002,AEX,LA,ASW,CE,Federal Contract Tower,3,26,13,7,49,0,0,0,0,0,3,26,13,7,49,40,3,43,92
11/19/2002,AEX,LA,ASW,CE,Federal Contract Tower,5,26,21,2,54,0,0,0,0,0,5,26,21,2,54,32,2,34,88
11/20/2002,AEX,LA,ASW,CE,Federal Contract Tower,4,27,15,11,57,0,0,0,0,0,4,27,15,11,57,33,11,44,101
11/21/2002,AEX,LA,ASW,CE,Federal Contract Tower,2,26,28,5,61,0,0,0,0,0,2,26,28,5,61,95,16,111,172
11/22/2002,AEX,LA,ASW,CE,Federal Contract Tower,2,27,22,17,68,0,0,0,0,0,2,27,22,17,68,97,11,108,176
11/23/2002,AEX,LA,ASW,CE,Federal Contract Tower,2,24,10,22,58,0,0,0,0,0,2,24,10,22,58,40,17,57,115
11/24/2002,AEX,LA,ASW,CE,Federal Contract Tower,0,29,15,4,48,0,0,0,0,0,0,29,15,4,48,40,9,49,97
11/25/2002,AEX,LA,ASW,CE,Federal Contract Tower,4,26,20,10,60,0,0,0,0,0,4,26,20,10,60,18,22,40,100
11/26/2002,AEX,LA,ASW,CE,Federal Contract Tower,8,30,34,5,77,0,0,0,0,0,8,30,34,5,77,0,0,0,77
11/27/2002,AEX,LA,ASW,CE,Federal Contract Tower,3,33,27,5,68,0,0,0,0,0,3,33,27,5,68,124,9,133,201
11/28/2002,AEX,LA,ASW,CE,Federal Contract Tower,2,29,18,0,49,0,0,0,0,0,2,29,18,0,49,116,0,116,165
11/29/2002,AEX,LA,ASW,CE,Federal Contract Tower,9,24,12,1,46,0,0,0,0,0,9,24,12,1,46,93,0,93,139
11/30/2002,AEX,LA,ASW,CE,Federal Contract Tower,4,25,10,1,40,0,0,0,0,0,4,25,10,1,40,71,2,73,113
12/01/2002,AEX,LA,ASW,CE,Federal Contract Tower,15,33,18,2,68,0,0,0,0,0,15,33,18,2,68,47,0,47,115
12/02/2002,AEX,LA,ASW,CE,Federal Contract Tower,4,28,28,9,69,0,0,0,0,0,4,28,28,9,69,44,14,58,127
12/03/2002,AEX,LA,ASW,CE,Federal Contract Tower,11,31,14,4,60,0,0,0,0,0,11,31,14,4,60,48,21,69,129
12/04/2002,AEX,LA,ASW,CE,Federal Contract Tower,5,26,15,4,50,0,0,0,0,0,5,26,15,4,50,8,13,21,71
12/05/2002,AEX,LA,ASW,CE,Federal Contract Tower,3,26,12,18,59,0,0,0,0,0,3,26,12,18,59,29,81,110,169
12/06/2002,AEX,LA,ASW,CE,Federal Contract Tower,6,28,14,9,57,0,0,0,0,0,6,28,14,9,57,62,57,119,176
12/07/2002,AEX,LA,ASW,CE,Federal Contract Tower,0,24,12,4,40,0,0,0,0,0,0,24,12,4,40,65,129,194,234
12/08/2002,AEX,LA,ASW,CE,Federal Contract Tower,0,26,12,11,49,0,0,0,0,0,0,26,12,11,49,21,158,179,228
12/09/2002,AEX,LA,ASW,CE,Federal Contract Tower,0,27,21,2,50,0,0,0,0,0,0,27,21,2,50,80,95,175,225
12/10/2002,AEX,LA,ASW,CE,Federal Contract Tower,6,28,26,6,66,0,0,0,0,0,6,28,26,6,66,65,40,105,171
12/11/2002,AEX,LA,ASW,CE,Federal Contract Tower,4,25,21,3,53,0,0,0,0,0,4,25,21,3,53,54,12,66,119
12/12/2002,AEX,LA,ASW,CE,Federal Contract Tower,2,26,8,13,49,0,0,0,0,0,2,26,8,13,49,34,5,39,88
12/13/2002,AEX,LA,ASW,CE,Federal Contract Tower,2,25,17,3,47,0,0,0,0,0,2,25,17,3,47,29,22,51,98
12/14/2002,AEX,LA,ASW,CE,Federal Contract Tower,0,24,12,0,36,0,0,0,0,0,0,24,12,0,36,58,0,58,94
12/15/2002,AEX,LA,ASW,CE,Federal Contract Tower,0,27,9,7,43,0,0,0,0,0,0,27,9,7,43,89,7,96,139
12/16/2002,AEX,LA,ASW,CE,Federal Contract Tower,4,28,14,8,54,0,0,0,0,0,4,28,14,8,54,44,14,58,112
12/17/2002,AEX,LA,ASW,CE,Federal Contract Tower,9,25,24,16,74,0,0,0,0,0,9,25,24,16,74,39,20,59,133
12/18/2002,AEX,LA,ASW,CE,Federal Contract Tower,3,27,25,6,61,0,0,0,0,0,3,27,25,6,61,5,37,42,103
12/19/2002,AEX,LA,ASW,CE,Federal Contract Tower,11,30,17,3,61,0,0,0,0,0,11,30,17,3,61,13,5,18,79
12/20/2002,AEX,LA,ASW,CE,Federal Contract Tower,17,27,21,6,71,0,0,0,0,0,17,27,21,6,71,113,30,143,214
12/21/2002,AEX,LA,ASW,CE,Federal Contract Tower,7,33,22,0,62,0,0,0,0,0,7,33,22,0,62,105,4,109,171
12/22/2002,AEX,LA,ASW,CE,Federal Contract Tower,6,30,10,3,49,0,0,0,0,0,6,30,10,3,49,125,11,136,185
12/23/2002,AEX,LA,ASW,CE,Federal Contract Tower,7,27,14,2,50,0,0,0,0,0,7,27,14,2,50,24,0,24,74
12/24/2002,AEX,LA,ASW,CE,Federal Contract Tower,0,19,18,1,38,0,0,0,0,0,0,19,18,1,38,29,1,30,68
12/25/2002,AEX,LA,ASW,CE,Federal Contract Tower,0,21,3,0,24,0,0,0,0,0,0,21,3,0,24,22,0,22,46
12/26/2002,AEX,LA,ASW,CE,Federal Contract Tower,0,27,24,0,51,0,0,0,0,0,0,27,24,0,51,28,0,28,79
12/27/2002,AEX,LA,ASW,CE,Federal Contract Tower,3,36,9,5,53,0,0,0,0,0,3,36,9,5,53,121,15,136,189
12/28/2002,AEX,LA,ASW,CE,Federal Contract Tower,3,27,12,0,42,0,0,0,0,0,3,27,12,0,42,133,12,145,187
12/29/2002,AEX,LA,ASW,CE,Federal Contract Tower,0,28,15,2,45,0,0,0,0,0,0,28,15,2,45,35,2,37,82
12/30/2002,AEX,LA,ASW,CE,Federal Contract Tower,2,24,2,0,28,0,0,0,0,0,2,24,2,0,28,111,7,118,146
12/31/2002,AEX,LA,ASW,CE,Federal Contract Tower,0,18,12,0,30,0,0,0,0,0,0,18,12,0,30,0,0,0,30
01/01/2003,AEX,LA,ASW,CE,Federal Contract Tower,0,22,15,0,37,0,0,1,0,1,0,22,16,0,38,157,0,157,195
01/02/2003,AEX,LA,ASW,CE,Federal Contract Tower,0,24,21,1,46,0,0,1,1,2,0,24,22,2,48,86,0,86,134
01/03/2003,AEX,LA,ASW,CE,Federal Contract Tower,3,25,11,2,41,1,3,0,0,4,4,28,11,2,45,107,0,107,152
01/04/2003,AEX,LA,ASW,CE,Federal Contract Tower,0,25,6,8,39,0,0,1,1,2,0,25,7,9,41,82,7,89,130
01/05/2003,AEX,LA,ASW,CE,Federal Contract Tower,2,28,19,0,49,0,0,0,1,1,2,28,19,1,50,67,14,81,131
01/06/2003,AEX,LA,ASW,CE,Federal Contract Tower,3,33,12,4,52,3,4,0,0,7,6,37,12,4,59,38,12,50,109
01/07/2003,AEX,LA,ASW,CE,Federal Contract Tower,4,31,12,5,52,0,0,0,1,1,4,31,12,6,53,46,6,52,105
01/08/2003,AEX,LA,ASW,CE,Federal Contract Tower,5,27,12,5,49,0,0,0,1,1,5,27,12,6,50,51,7,58,108
01/09/2003,AEX,LA,ASW,CE,Federal Contract Tower,3,29,14,2,48,0,0,0,1,1,3,29,14,3,49,46,15,61,110
01/10/2003,AEX,LA,ASW,CE,Federal Contract Tower,12,28,16,18,74,0,0,0,1,1,12,28,16,19,75,106,31,137,212
01/11/2003,AEX,LA,ASW,CE,Federal Contract Tower,4,22,1,14,41,0,0,0,0,0,4,22,1,14,41,74,23,97,138
01/12/2003,AEX,LA,ASW,CE,Federal Contract Tower,0,29,1,17,47,0,0,0,0,0,0,29,1,17,47,33,42,75,122
01/13/2003,AEX,LA,ASW,CE,Federal Contract Tower,4,29,11,2,46,0,0,0,0,0,4,29,11,2,46,43,11,54,100
01/14/2003,AEX,LA,ASW,CE,Federal Contract Tower,2,33,23,8,66,0,0,0,0,0,2,33,23,8,66,2,12,14,80
01/15/2003,AEX,LA,ASW,CE,Federal Contract Tower,7,27,16,10,60,0,0,0,0,0,7,27,16,10,60,47,6,53,113
01/16/2003,AEX,LA,ASW,CE,Federal Contract Tower,4,27,17,4,52,0,0,0,0,0,4,27,17,4,52,60,44,104,156
01/17/2003,AEX,LA,ASW,CE,Federal Contract Tower,3,28,15,5,51,0,0,0,0,0,3,28,15,5,51,89,43,132,183
01/18/2003,AEX,LA,ASW,CE,Federal Contract Tower,1,23,5,5,34,0,0,0,0,0,1,23,5,5,34,28,22,50,84
01/19/2003,AEX,LA,ASW,CE,Federal Contract Tower,0,28,5,0,33,0,0,0,0,0,0,28,5,0,33,40,65,105,138
01/20/2003,AEX,LA,ASW,CE,Federal Contract Tower,8,28,11,0,47,0,0,0,0,0,8,28,11,0,47,41,32,73,120
01/21/2003,AEX,LA,ASW,CE,Federal Contract Tower,6,27,13,3,49,0,0,0,0,0,6,27,13,3,49,62,40,102,151
01/22/2003,AEX,LA,ASW,CE,Federal Contract Tower,1,27,15,5,48,0,0,5,0,5,1,27,20,5,53,34,63,97,150
01/23/2003,AEX,LA,ASW,CE,Federal Contract Tower,1,24,11,4,40,0,4,0,0,4,1,28,11,4,44,27,57,84,128
01/24/2003,AEX,LA,ASW,CE,Federal Contract Tower,1,30,20,11,62,0,0,0,0,0,1,30,20,11,62,65,168,233,295
01/25/2003,AEX,LA,ASW,CE,Federal Contract Tower,2,23,11,7,43,0,0,0,0,0,2,23,11,7,43,41,94,135,178
01/26/2003,AEX,LA,ASW,CE,Federal Contract Tower,2,26,8,5,41,0,0,0,0,0,2,26,8,5,41,0,20,20,61
01/27/2003,AEX,LA,ASW,CE,Federal Contract Tower,4,23,13,6,46,0,0,0,0,0,4,23,13,6,46,90,21,111,157
01/28/2003,AEX,LA,ASW,CE,Federal Contract Tower,7,26,32,12,77,0,0,0,0,0,7,26,32,12,77,35,24,59,136
01/29/2003,AEX,LA,ASW,CE,Federal Contract Tower,2,27,23,2,54,0,0,0,0,0,2,27,23,2,54,11,2,13,67
01/30/2003,AEX,LA,ASW,CE,Federal Contract Tower,3,26,27,17,73,0,0,0,0,0,3,26,27,17,73,0,0,0,73
01/31/2003,AEX,LA,ASW,CE,Federal Contract Tower,3,24,21,10,58,0,0,0,0,0,3,24,21,10,58,10,5,15,73
02/01/2003,AEX,LA,ASW,CE,Federal Contract Tower,0,20,11,0,31,0,0,1,0,1,0,20,12,0,32,23,7,30,62
02/02/2003,AEX,LA,ASW,CE,Federal Contract Tower,0,26,18,4,48,0,0,1,0,1,0,26,19,4,49,35,17,52,101
02/03/2003,AEX,LA,ASW,CE,Federal Contract Tower,9,28,19,7,63,0,0,1,0,1,9,28,20,7,64,39,4,43,107
02/04/2003,AEX,LA,ASW,CE,Federal Contract Tower,6,27,30,25,88,0,0,1,0,1,6,27,31,25,89,103,49,152,241
02/05/2003,AEX,LA,ASW,CE,Federal Contract Tower,12,27,21,8,68,0,0,1,0,1,12,27,22,8,69,25,18,43,112
02/06/2003,AEX,LA,ASW,CE,Federal Contract Tower,13,30,17,7,67,0,0,0,0,0,13,30,17,7,67,5,0,5,72
02/07/2003,AEX,LA,ASW,CE,Federal Contract Tower,7,23,10,20,60,0,0,0,0,0,7,23,10,20,60,36,31,67,127
02/08/2003,AEX,LA,ASW,CE,Federal Contract Tower,1,23,6,18,48,0,0,0,0,0,1,23,6,18,48,43,26,69,117
02/09/2003,AEX,LA,ASW,CE,Federal Contract Tower,5,29,7,10,51,0,0,0,0,0,5,29,7,10,51,28,9,37,88
02/10/2003,AEX,LA,ASW,CE,Federal Contract Tower,4,29,14,8,55,1,0,0,4,5,5,29,14,12,60,96,40,136,196
02/11/2003,AEX,LA,ASW,CE,Federal Contract Tower,7,27,17,5,56,0,0,0,0,0,7,27,17,5,56,64,22,86,142
02/12/2003,AEX,LA,ASW,CE,Federal Contract Tower,2,26,32,10,70,0,0,0,0,0,2,26,32,10,70,66,6,72,142
02/13/2003,AEX,LA,ASW,CE,Federal Contract Tower,2,28,17,1,48,0,0,0,0,0,2,28,17,1,48,99,12,111,159
02/14/2003,AEX,LA,ASW,CE,Federal Contract Tower,4,28,16,0,48,0,0,0,0,0,4,28,16,0,48,43,0,43,91
02/15/2003,AEX,LA,ASW,CE,Federal Contract Tower,0,23,7,0,30,0,0,0,0,0,0,23,7,0,30,12,0,12,42
02/16/2003,AEX,LA,ASW,CE,Federal Contract Tower,0,27,13,8,48,0,0,0,0,0,0,27,13,8,48,1,2,3,51
02/17/2003,AEX,LA,ASW,CE,Federal Contract Tower,0,33,15,10,58,0,0,0,0,0,0,33,15,10,58,131,0,131,189
02/18/2003,AEX,LA,ASW,CE,Federal Contract Tower,4,27,22,4,57,0,0,0,0,0,4,27,22,4,57,169,3,172,229
02/19/2003,AEX,LA,ASW,CE,Federal Contract Tower,3,29,24,4,60,0,0,0,0,0,3,29,24,4,60,68,21,89,149
02/20/2003,AEX,LA,ASW,CE,Federal Contract Tower,2,28,21,14,65,0,0,0,0,0,2,28,21,14,65,21,14,35,100
02/21/2003,AEX,LA,ASW,CE,Federal Contract Tower,3,22,4,1,30,0,0,0,0,0,3,22,4,1,30,7,0,7,37
02/22/2003,AEX,LA,ASW,CE,Federal Contract Tower,0,19,6,8,33,0,0,0,0,0,0,19,6,8,33,0,7,7,40
02/23/2003,AEX,LA,ASW,CE,Federal Contract Tower,2,27,19,9,57,0,0,0,0,0,2,27,19,9,57,102,6,108,165
02/24/2003,AEX,LA,ASW,CE,Federal Contract Tower,7,29,27,7,70,0,0,0,0,0,7,29,27,7,70,67,21,88,158
02/25/2003,AEX,LA,ASW,CE,Federal Contract Tower,6,19,22,3,50,0,0,0,0,0,6,19,22,3,50,2,4,6,56
02/26/2003,AEX,LA,ASW,CE,Federal Contract Tower,4,28,26,0,58,0,0,0,0,0,4,28,26,0,58,2,0,2,60
02/27/2003,AEX,LA,ASW,CE,Federal Contract Tower,4,35,33,5,77,0,0,0,0,0,4,35,33,5,77,16,11,27,104
02/28/2003,AEX,LA,ASW,CE,Federal Contract Tower,5,29,25,18,77,0,0,0,0,0,5,29,25,18,77,28,13,41,118
03/01/2003,AEX,LA,ASW,CE,Federal Contract Tower,1,22,10,2,35,0,0,1,0,1,1,22,11,2,36,56,18,74,110
03/02/2003,AEX,LA,ASW,CE,Federal Contract Tower,0,27,5,4,36,0,0,1,0,1,0,27,6,4,37,66,15,81,118
03/03/2003,AEX,LA,ASW,CE,Federal Contract Tower,2,29,8,4,43,0,0,0,0,0,2,29,8,4,43,12,4,16,59
03/04/2003,AEX,LA,ASW,CE,Federal Contract Tower,3,31,14,4,52,0,0,0,0,0,3,31,14,4,52,4,5,9,61
03/05/2003,AEX,LA,ASW,CE,Federal Contract Tower,1,32,24,5,62,0,0,0,0,0,1,32,24,5,62,0,0,0,62
03/06/2003,AEX,LA,ASW,CE,Federal Contract Tower,6,30,21,6,63,0,0,0,0,0,6,30,21,6,63,45,0,45,108
03/07/2003,AEX,LA,ASW,CE,Federal Contract Tower,3,28,16,5,52,0,0,0,0,0,3,28,16,5,52,69,2,71,123
03/08/2003,AEX,LA,ASW,CE,Federal Contract Tower,2,22,13,6,43,0,0,0,0,0,2,22,13,6,43,51,0,51,94
03/09/2003,AEX,LA,ASW,CE,Federal Contract Tower,0,29,13,8,50,0,0,0,0,0,0,29,13,8,50,54,21,75,125
03/10/2003,AEX,LA,ASW,CE,Federal Contract Tower,2,27,14,7,50,0,0,0,0,0,2,27,14,7,50,86,258,344,394
03/11/2003,AEX,LA,ASW,CE,Federal Contract Tower,2,26,14,9,51,2,0,0,0,2,4,26,14,9,53,61,47,108,161
03/12/2003,AEX,LA,ASW,CE,Federal Contract Tower,4,28,21,3,56,0,0,0,0,0,4,28,21,3,56,77,56,133,189
03/13/2003,AEX,LA,ASW,CE,Federal Contract Tower,2,28,10,2,42,0,0,0,0,0,2,28,10,2,42,44,0,44,86
03/14/2003,AEX,LA,ASW,CE,Federal Contract Tower,9,29,28,25,91,0,0,0,0,0,9,29,28,25,91,27,25,52,143
03/15/2003,AEX,LA,ASW,CE,Federal Contract Tower,3,20,36,6,65,0,0,0,0,0,3,20,36,6,65,103,16,119,184
03/16/2003,AEX,LA,ASW,CE,Federal Contract Tower,2,28,23,16,69,0,0,0,0,0,2,28,23,16,69,136,36,172,241
03/17/2003,AEX,LA,ASW,CE,Federal Contract Tower,4,27,12,8,51,0,0,0,0,0,4,27,12,8,51,42,10,52,103
03/18/2003,AEX,LA,ASW,CE,Federal Contract Tower,4,25,13,5,47,0,0,0,0,0,4,25,13,5,47,5,5,10,57
03/19/2003,AEX,LA,ASW,CE,Federal Contract Tower,6,25,10,33,74,0,0,0,0,0,6,25,10,33,74,60,46,106,180
03/20/2003,AEX,LA,ASW,CE,Federal Contract Tower,8,31,8,13,60,0,0,0,0,0,8,31,8,13,60,71,17,88,148
03/21/2003,AEX,LA,ASW,CE,Federal Contract Tower,2,27,35,5,69,0,0,0,0,0,2,27,35,5,69,56,11,67,136
03/22/2003,AEX,LA,ASW,CE,Federal Contract Tower,2,24,10,6,42,0,0,0,0,0,2,24,10,6,42,92,8,100,142
03/23/2003,AEX,LA,ASW,CE,Federal Contract Tower,2,28,16,15,61,0,0,0,0,0,2,28,16,15,61,128,93,221,282
03/24/2003,AEX,LA,ASW,CE,Federal Contract Tower,6,29,9,12,56,0,0,0,0,0,6,29,9,12,56,137,39,176,232
03/25/2003,AEX,LA,ASW,CE,Federal Contract Tower,7,27,20,1,55,0,0,0,0,0,7,27,20,1,55,92,10,102,157
03/26/2003,AEX,LA,ASW,CE,Federal Contract Tower,4,28,25,0,57,0,0,0,0,0,4,28,25,0,57,31,10,41,98
03/27/2003,AEX,LA,ASW,CE,Federal Contract Tower,1,27,26,16,70,0,0,0,0,0,1,27,26,16,70,57,41,98,168
03/28/2003,AEX,LA,ASW,CE,Federal Contract Tower,4,26,21,15,66,0,0,0,0,0,4,26,21,15,66,32,41,73,139
03/29/2003,AEX,LA,ASW,CE,Federal Contract Tower,2,22,15,6,45,0,0,0,0,0,2,22,15,6,45,32,19,51,96
03/30/2003,AEX,LA,ASW,CE,Federal Contract Tower,0,28,8,13,49,0,0,0,0,0,0,28,8,13,49,58,16,74,123
03/31/2003,AEX,LA,ASW,CE,Federal Contract Tower,1,28,18,29,76,0,0,0,0,0,1,28,18,29,76,66,31,97,173
04/01/2003,AEX,LA,ASW,CE,Federal Contract Tower,7,27,15,17,66,0,0,0,0,0,7,27,15,17,66,48,51,99,165
04/02/2003,AEX,LA,ASW,CE,Federal Contract Tower,3,28,22,20,73,0,0,0,0,0,3,28,22,20,73,56,23,79,152
04/03/2003,AEX,LA,ASW,CE,Federal Contract Tower,3,28,19,13,63,0,0,0,0,0,3,28,19,13,63,33,60,93,156
04/04/2003,AEX,LA,ASW,CE,Federal Contract Tower,3,28,14,20,65,0,0,0,0,0,3,28,14,20,65,87,14,101,166
04/05/2003,AEX,LA,ASW,CE,Federal Contract Tower,0,22,9,11,42,0,0,0,0,0,0,22,9,11,42,74,34,108,150
04/06/2003,AEX,LA,ASW,CE,Federal Contract Tower,2,26,14,0,42,0,0,0,0,0,2,26,14,0,42,30,0,30,72
04/07/2003,AEX,LA,ASW,CE,Federal Contract Tower,4,33,19,24,80,0,0,0,0,0,4,33,19,24,80,82,38,120,200
04/08/2003,AEX,LA,ASW,CE,Federal Contract Tower,6,26,7,3,42,0,0,0,0,0,6,26,7,3,42,115,17,132,174
04/09/2003,AEX,LA,ASW,CE,Federal Contract Tower,5,26,28,11,70,0,0,0,0,0,5,26,28,11,70,42,57,99,169
04/10/2003,AEX,LA,ASW,CE,Federal Contract Tower,6,28,10,4,48,0,0,0,0,0,6,28,10,4,48,113,4,117,165
04/11/2003,AEX,LA,ASW,CE,Federal Contract Tower,8,27,2,11,48,0,0,0,0,0,8,27,2,11,48,127,5,132,180
04/12/2003,AEX,LA,ASW,CE,Federal Contract Tower,6,23,2,2,33,0,0,0,0,0,6,23,2,2,33,112,3,115,148
04/13/2003,AEX,LA,ASW,CE,Federal Contract Tower,8,27,2,12,49,0,0,0,0,0,8,27,2,12,49,94,0,94,143
04/14/2003,AEX,LA,ASW,CE,Federal Contract Tower,6,28,6,2,42,0,0,0,0,0,6,28,6,2,42,113,2,115,157
04/15/2003,AEX,LA,ASW,CE,Federal Contract Tower,6,26,18,20,70,0,0,0,0,0,6,26,18,20,70,72,30,102,172
04/16/2003,AEX,LA,ASW,CE,Federal Contract Tower,7,26,19,19,71,0,0,0,0,0,7,26,19,19,71,57,52,109,180
04/17/2003,AEX,LA,ASW,CE,Federal Contract Tower,4,28,23,13,68,0,0,0,0,0,4,28,23,13,68,61,27,88,156
04/18/2003,AEX,LA,ASW,CE,Federal Contract Tower,2,28,14,4,48,0,0,0,0,0,2,28,14,4,48,109,16,125,173
04/19/2003,AEX,LA,ASW,CE,Federal Contract Tower,0,21,9,3,33,0,0,0,0,0,0,21,9,3,33,41,0,41,74
04/20/2003,AEX,LA,ASW,CE,Federal Contract Tower,2,28,10,3,43,0,0,0,0,0,2,28,10,3,43,95,5,100,143
04/21/2003,AEX,LA,ASW,CE,Federal Contract Tower,3,28,11,1,43,0,0,0,0,0,3,28,11,1,43,134,29,163,206
04/22/2003,AEX,LA,ASW,CE,Federal Contract Tower,6,28,16,10,60,0,0,0,0,0,6,28,16,10,60,67,8,75,135
04/23/2003,AEX,LA,ASW,CE,Federal Contract Tower,5,27,15,5,52,0,0,0,0,0,5,27,15,5,52,60,12,72,124
04/24/2003,AEX,LA,ASW,CE,Federal Contract Tower,6,32,9,9,56,0,0,0,0,0,6,32,9,9,56,34,24,58,114
04/25/2003,AEX,LA,ASW,CE,Federal Contract Tower,15,26,22,45,108,0,0,0,0,0,15,26,22,45,108,88,15,103,211
04/26/2003,AEX,LA,ASW,CE,Federal Contract Tower,7,22,9,17,55,0,0,0,0,0,7,22,9,17,55,163,20,183,238
04/27/2003,AEX,LA,ASW,CE,Federal Contract Tower,3,16,26,5,50,0,0,0,0,0,3,16,26,5,50,142,14,156,206
04/28/2003,AEX,LA,ASW,CE,Federal Contract Tower,4,29,16,10,59,0,0,0,0,0,4,29,16,10,59,74,2,76,135
04/29/2003,AEX,LA,ASW,CE,Federal Contract Tower,7,28,14,9,58,0,0,0,0,0,7,28,14,9,58,175,49,224,282
04/30/2003,AEX,LA,ASW,CE,Federal Contract Tower,7,27,24,4,62,0,0,0,0,0,7,27,24,4,62,95,7,102,164
05/01/2003,AEX,LA,ASW,CE,Federal Contract Tower,7,26,18,14,65,0,0,0,0,0,7,26,18,14,65,73,2,75,140
05/02/2003,AEX,LA,ASW,CE,Federal Contract Tower,9,29,10,29,77,0,0,0,0,0,9,29,10,29,77,68,75,143,220
05/03/2003,AEX,LA,ASW,CE,Federal Contract Tower,0,24,13,52,89,0,0,0,0,0,0,24,13,52,89,119,75,194,283
05/04/2003,AEX,LA,ASW,CE,Federal Contract Tower,3,28,16,5,52,0,0,0,0,0,3,28,16,5,52,16,1,17,69
05/05/2003,AEX,LA,ASW,CE,Federal Contract Tower,8,28,17,6,59,0,0,0,0,0,8,28,17,6,59,24,5,29,88
05/06/2003,AEX,LA,ASW,CE,Federal Contract Tower,9,24,12,10,55,0,0,0,0,0,9,24,12,10,55,31,30,61,116
05/07/2003,AEX,LA,ASW,CE,Federal Contract Tower,3,26,10,27,66,0,0,0,0,0,3,26,10,27,66,118,15,133,199
05/08/2003,AEX,LA,ASW,CE,Federal Contract Tower,2,27,16,7,52,0,0,0,0,0,2,27,16,7,52,79,35,114,166
05/09/2003,AEX,LA,ASW,CE,Federal Contract Tower,11,25,22,24,82,0,0,0,0,0,11,25,22,24,82,110,34,144,226
05/10/2003,AEX,LA,ASW,CE,Federal Contract Tower,2,22,7,8,39,0,0,0,0,0,2,22,7,8,39,50,16,66,105
05/11/2003,AEX,LA,ASW,CE,Federal Contract Tower,5,26,7,3,41,0,0,0,0,0,5,26,7,3,41,14,5,19,60
05/12/2003,AEX,LA,ASW,CE,Federal Contract Tower,2,28,24,2,56,0,0,0,0,0,2,28,24,2,56,172,14,186,242
05/13/2003,AEX,LA,ASW,CE,Federal Contract Tower,13,35,12,3,63,0,0,0,0,0,13,35,12,3,63,69,8,77,140
05/14/2003,AEX,LA,ASW,CE,Federal Contract Tower,3,26,20,16,65,0,0,0,0,0,3,26,20,16,65,69,44,113,178
05/15/2003,AEX,LA,ASW,CE,Federal Contract Tower,5,26,26,9,66,0,0,0,0,0,5,26,26,9,66,121,27,148,214
05/16/2003,AEX,LA,ASW,CE,Federal Contract Tower,5,28,22,25,80,0,0,0,0,0,5,28,22,25,80,72,14,86,166
05/17/2003,AEX,LA,ASW,CE,Federal Contract Tower,3,23,11,6,43,0,0,0,0,0,3,23,11,6,43,26,17,43,86
05/18/2003,AEX,LA,ASW,CE,Federal Contract Tower,0,27,14,21,62,0,0,0,0,0,0,27,14,21,62,129,158,287,349
05/19/2003,AEX,LA,ASW,CE,Federal Contract Tower,3,26,20,23,72,0,0,0,0,0,3,26,20,23,72,117,21,138,210
05/20/2003,AEX,LA,ASW,CE,Federal Contract Tower,5,32,15,19,71,0,0,0,0,0,5,32,15,19,71,125,51,176,247
05/21/2003,AEX,LA,ASW,CE,Federal Contract Tower,2,32,21,26,81,0,0,0,0,0,2,32,21,26,81,18,119,137,218
05/22/2003,AEX,LA,ASW,CE,Federal Contract Tower,3,24,17,17,61,0,0,0,0,0,3,24,17,17,61,144,31,175,236
05/23/2003,AEX,LA,ASW,CE,Federal Contract Tower,3,28,30,6,67,0,0,0,0,0,3,28,30,6,67,150,24,174,241
05/24/2003,AEX,LA,ASW,CE,Federal Contract Tower,3,22,8,5,38,0,0,0,0,0,3,22,8,5,38,79,4,83,121
05/25/2003,AEX,LA,ASW,CE,Federal Contract Tower,0,24,14,4,42,0,0,0,0,0,0,24,14,4,42,22,8,30,72
05/26/2003,AEX,LA,ASW,CE,Federal Contract Tower,0,26,13,0,39,0,0,0,0,0,0,26,13,0,39,24,0,24,63
05/27/2003,AEX,LA,ASW,CE,Federal Contract Tower,9,29,19,10,67,0,0,0,0,0,9,29,19,10,67,101,63,164,231
05/28/2003,AEX,LA,ASW,CE,Federal Contract Tower,3,28,26,10,67,0,0,0,0,0,3,28,26,10,67,98,16,114,181
05/29/2003,AEX,LA,ASW,CE,Federal Contract Tower,12,28,14,11,65,0,0,0,0,0,12,28,14,11,65,120,5,125,190
05/30/2003,AEX,LA,ASW,CE,Federal Contract Tower,7,27,17,33,84,0,0,0,0,0,7,27,17,33,84,174,57,231,315
05/31/2003,AEX,LA,ASW,CE,Federal Contract Tower,4,23,8,4,39,0,0,0,0,0,4,23,8,4,39,88,4,92,131
06/01/2003,AEX,LA,ASW,CE,Federal Contract Tower,7,28,8,8,51,0,0,0,0,0,7,28,8,8,51,97,12,109,160
06/02/2003,AEX,LA,ASW,CE,Federal Contract Tower,11,28,8,4,51,0,0,0,0,0,11,28,8,4,51,124,13,137,188
06/03/2003,AEX,LA,ASW,CE,Federal Contract Tower,9,28,16,17,70,0,0,0,0,0,9,28,16,17,70,96,19,115,185
06/04/2003,AEX,LA,ASW,CE,Federal Contract Tower,12,34,10,12,68,0,0,0,0,0,12,34,10,12,68,93,17,110,178
06/05/2003,AEX,LA,ASW,CE,Federal Contract Tower,7,32,15,6,60,0,0,0,0,0,7,32,15,6,60,55,6,61,121
06/06/2003,AEX,LA,ASW,CE,Federal Contract Tower,8,30,12,17,67,0,0,0,0,0,8,30,12,17,67,36,36,72,139
06/07/2003,AEX,LA,ASW,CE,Federal Contract Tower,4,23,8,33,68,0,0,0,0,0,4,23,8,33,68,121,30,151,219
06/08/2003,AEX,LA,ASW,CE,Federal Contract Tower,4,30,7,6,47,0,0,0,0,0,4,30,7,6,47,75,0,75,122
06/09/2003,AEX,LA,ASW,CE,Federal Contract Tower,0,30,14,13,57,0,0,0,0,0,0,30,14,13,57,158,39,197,254
06/10/2003,AEX,LA,ASW,CE,Federal Contract Tower,3,28,12,23,66,0,0,0,0,0,3,28,12,23,66,129,11,140,206
06/11/2003,AEX,LA,ASW,CE,Federal Contract Tower,4,26,16,7,53,0,0,0,0,0,4,26,16,7,53,34,0,34,87
06/12/2003,AEX,LA,ASW,CE,Federal Contract Tower,4,26,13,6,49,0,0,0,0,0,4,26,13,6,49,39,13,52,101
06/13/2003,AEX,LA,ASW,CE,Federal Contract Tower,6,36,11,8,61,0,0,0,0,0,6,36,11,8,61,98,13,111,172
06/14/2003,AEX,LA,ASW,CE,Federal Contract Tower,4,29,11,10,54,0,0,0,0,0,4,29,11,10,54,89,0,89,143
06/15/2003,AEX,LA,ASW,CE,Federal Contract Tower,2,30,10,4,46,0,0,0,0,0,2,30,10,4,46,43,2,45,91
06/16/2003,AEX,LA,ASW,CE,Federal Contract Tower,1,29,8,11,49,0,0,0,0,0,1,29,8,11,49,49,48,97,146
06/17/2003,AEX,LA,ASW,CE,Federal Contract Tower,6,28,9,9,52,0,0,0,0,0,6,28,9,9,52,118,34,152,204
06/18/2003,AEX,LA,ASW,CE,Federal Contract Tower,2,30,13,2,47,0,0,0,0,0,2,30,13,2,47,74,2,76,123
06/19/2003,AEX,LA,ASW,CE,Federal Contract Tower,2,30,8,9,49,0,0,0,0,0,2,30,8,9,49,159,7,166,215
06/20/2003,AEX,LA,ASW,CE,Federal Contract Tower,1,30,13,13,57,0,0,0,0,0,1,30,13,13,57,118,29,147,204
06/21/2003,AEX,LA,ASW,CE,Federal Contract Tower,4,25,8,4,41,0,0,0,0,0,4,25,8,4,41,60,4,64,105
06/22/2003,AEX,LA,ASW,CE,Federal Contract Tower,2,30,11,6,49,0,0,0,0,0,2,30,11,6,49,63,1,64,113
06/23/2003,AEX,LA,ASW,CE,Federal Contract Tower,1,29,7,14,51,0,0,0,0,0,1,29,7,14,51,88,26,114,165
06/24/2003,AEX,LA,ASW,CE,Federal Contract Tower,10,33,19,9,71,0,0,0,0,0,10,33,19,9,71,64,1,65,136
06/25/2003,AEX,LA,ASW,CE,Federal Contract Tower,4,31,18,14,67,0,0,0,0,0,4,31,18,14,67,219,15,234,301
06/26/2003,AEX,LA,ASW,CE,Federal Contract Tower,3,30,18,6,57,0,0,0,0,0,3,30,18,6,57,161,6,167,224
06/27/2003,AEX,LA,ASW,CE,Federal Contract Tower,4,30,10,6,50,0,0,0,0,0,4,30,10,6,50,89,2,91,141
06/28/2003,AEX,LA,ASW,CE,Federal Contract Tower,0,24,14,14,52,0,0,0,0,0,0,24,14,14,52,269,21,290,342
06/29/2003,AEX,LA,ASW,CE,Federal Contract Tower,0,30,18,3,51,0,0,0,0,0,0,30,18,3,51,52,11,63,114
06/30/2003,AEX,LA,ASW,CE,Federal Contract Tower,3,34,12,5,54,0,0,0,0,0,3,34,12,5,54,44,5,49,103
07/01/2003,AEX,LA,ASW,CE,Federal Contract Tower,4,30,12,13,59,0,0,0,0,0,4,30,12,13,59,95,38,133,192
07/02/2003,AEX,LA,ASW,CE,Federal Contract Tower,2,27,20,18,67,0,0,0,0,0,2,27,20,18,67,182,68,250,317
07/03/2003,AEX,LA,ASW,CE,Federal Contract Tower,6,26,20,4,56,0,0,0,0,0,6,26,20,4,56,102,1,103,159
07/04/2003,AEX,LA,ASW,CE,Federal Contract Tower,2,23,6,8,39,0,0,0,0,0,2,23,6,8,39,36,0,36,75
07/05/2003,AEX,LA,ASW,CE,Federal Contract Tower,3,18,9,9,39,0,0,0,0,0,3,18,9,9,39,27,0,27,66
07/06/2003,AEX,LA,ASW,CE,Federal Contract Tower,4,25,7,11,47,0,0,0,0,0,4,25,7,11,47,126,4,130,177
07/07/2003,AEX,LA,ASW,CE,Federal Contract Tower,5,28,13,16,62,0,0,0,0,0,5,28,13,16,62,181,17,198,260
07/08/2003,AEX,LA,ASW,CE,Federal Contract Tower,9,26,9,6,50,0,0,0,0,0,9,26,9,6,50,161,22,183,233
07/09/2003,AEX,LA,ASW,CE,Federal Contract Tower,2,31,19,11,63,0,0,0,0,0,2,31,19,11,63,164,30,194,257
07/10/2003,AEX,LA,ASW,CE,Federal Contract Tower,7,25,17,2,51,0,0,0,0,0,7,25,17,2,51,127,0,127,178
07/11/2003,AEX,LA,ASW,CE,Federal Contract Tower,4,27,11,10,52,0,0,0,0,0,4,27,11,10,52,184,18,202,254
07/12/2003,AEX,LA,ASW,CE,Federal Contract Tower,1,22,9,2,34,0,0,0,0,0,1,22,9,2,34,140,6,146,180
07/13/2003,AEX,LA,ASW,CE,Federal Contract Tower,0,28,12,5,45,0,0,0,0,0,0,28,12,5,45,121,21,142,187
07/14/2003,AEX,LA,ASW,CE,Federal Contract Tower,2,26,28,20,76,0,0,0,0,0,2,26,28,20,76,135,23,158,234
07/15/2003,AEX,LA,ASW,CE,Federal Contract Tower,5,28,9,18,60,0,0,0,0,0,5,28,9,18,60,135,24,159,219
07/16/2003,AEX,LA,ASW,CE,Federal Contract Tower,4,25,14,21,64,0,0,0,0,0,4,25,14,21,64,68,40,108,172
07/17/2003,AEX,LA,ASW,CE,Federal Contract Tower,3,27,7,3,40,0,0,0,0,0,3,27,7,3,40,99,9,108,148
07/18/2003,AEX,LA,ASW,CE,Federal Contract Tower,3,26,11,8,48,0,0,0,0,0,3,26,11,8,48,174,34,208,256
07/19/2003,AEX,LA,ASW,CE,Federal Contract Tower,0,21,13,0,34,0,0,0,0,0,0,21,13,0,34,163,0,163,197
07/20/2003,AEX,LA,ASW,CE,Federal Contract Tower,0,26,6,4,36,0,0,0,0,0,0,26,6,4,36,114,14,128,164
07/21/2003,AEX,LA,ASW,CE,Federal Contract Tower,5,26,11,12,54,0,0,0,0,0,5,26,11,12,54,106,14,120,174
07/22/2003,AEX,LA,ASW,CE,Federal Contract Tower,8,21,10,17,56,0,0,0,0,0,8,21,10,17,56,94,8,102,158
07/23/2003,AEX,LA,ASW,CE,Federal Contract Tower,3,25,13,6,47,0,0,0,0,0,3,25,13,6,47,61,10,71,118
07/24/2003,AEX,LA,ASW,CE,Federal Contract Tower,10,26,11,12,59,0,0,0,0,0,10,26,11,12,59,121,26,147,206
07/25/2003,AEX,LA,ASW,CE,Federal Contract Tower,3,26,15,22,66,0,0,0,0,0,3,26,15,22,66,114,47,161,227
07/26/2003,AEX,LA,ASW,CE,Federal Contract Tower,1,21,11,10,43,0,0,0,0,0,1,21,11,10,43,57,11,68,111
07/27/2003,AEX,LA,ASW,CE,Federal Contract Tower,0,25,11,2,38,0,0,0,0,0,0,25,11,2,38,97,0,97,135
07/28/2003,AEX,LA,ASW,CE,Federal Contract Tower,2,26,12,7,47,0,0,0,0,0,2,26,12,7,47,97,6,103,150
07/29/2003,AEX,LA,ASW,CE,Federal Contract Tower,7,27,9,32,75,0,0,0,0,0,7,27,9,32,75,73,68,141,216
07/30/2003,AEX,LA,ASW,CE,Federal Contract Tower,7,28,13,51,99,0,0,0,0,0,7,28,13,51,99,203,45,248,347
07/31/2003,AEX,LA,ASW,CE,Federal Contract Tower,5,26,26,15,72,0,0,0,0,0,5,26,26,15,72,99,62,161,233
08/01/2003,AEX,LA,ASW,CE,Federal Contract Tower,5,26,10,31,72,0,0,0,0,0,5,26,10,31,72,43,21,64,136
08/02/2003,AEX,LA,ASW,CE,Federal Contract Tower,0,21,8,7,36,0,6,0,0,6,0,27,8,7,42,121,11,132,174
08/03/2003,AEX,LA,ASW,CE,Federal Contract Tower,0,21,2,4,27,0,0,0,0,0,0,21,2,4,27,85,0,85,112
08/04/2003,AEX,LA,ASW,CE,Federal Contract Tower,4,30,8,7,49,0,0,0,0,0,4,30,8,7,49,128,28,156,205
08/05/2003,AEX,LA,ASW,CE,Federal Contract Tower,5,27,21,11,64,0,0,0,0,0,5,27,21,11,64,261,22,283,347
08/06/2003,AEX,LA,ASW,CE,Federal Contract Tower,4,26,11,16,57,0,0,0,0,0,4,26,11,16,57,81,30,111,168
08/07/2003,AEX,LA,ASW,CE,Federal Contract Tower,4,26,14,13,57,0,0,0,0,0,4,26,14,13,57,141,43,184,241
08/08/2003,AEX,LA,ASW,CE,Federal Contract Tower,7,26,18,20,71,0,0,0,0,0,7,26,18,20,71,81,7,88,159
08/09/2003,AEX,LA,ASW,CE,Federal Contract Tower,0,21,11,8,40,0,0,0,0,0,0,21,11,8,40,122,82,204,244
08/10/2003,AEX,LA,ASW,CE,Federal Contract Tower,0,25,10,13,48,0,0,0,0,0,0,25,10,13,48,92,27,119,167
08/11/2003,AEX,LA,ASW,CE,Federal Contract Tower,2,24,14,2,42,0,0,0,0,0,2,24,14,2,42,66,0,66,108
08/12/2003,AEX,LA,ASW,CE,Federal Contract Tower,4,24,9,8,45,0,0,0,0,0,4,24,9,8,45,62,11,73,118
08/13/2003,AEX,LA,ASW,CE,Federal Contract Tower,5,27,11,12,55,0,0,0,0,0,5,27,11,12,55,76,28,104,159
08/14/2003,AEX,LA,ASW,CE,Federal Contract Tower,3,26,14,12,55,0,0,0,0,0,3,26,14,12,55,49,8,57,112
08/15/2003,AEX,LA,ASW,CE,Federal Contract Tower,3,25,6,16,50,0,0,0,0,0,3,25,6,16,50,75,32,107,157
08/16/2003,AEX,LA,ASW,CE,Federal Contract Tower,6,25,12,12,55,0,0,0,0,0,6,25,12,12,55,149,12,161,216
08/17/2003,AEX,LA,ASW,CE,Federal Contract Tower,1,25,10,2,38,0,0,0,0,0,1,25,10,2,38,63,1,64,102
08/18/2003,AEX,LA,ASW,CE,Federal Contract Tower,11,26,6,14,57,0,0,0,0,0,11,26,6,14,57,43,40,83,140
08/19/2003,AEX,LA,ASW,CE,Federal Contract Tower,15,25,17,25,82,0,0,0,0,0,15,25,17,25,82,83,41,124,206
08/20/2003,AEX,LA,ASW,CE,Federal Contract Tower,9,25,18,12,64,0,0,0,0,0,9,25,18,12,64,150,14,164,228
08/21/2003,AEX,LA,ASW,CE,Federal Contract Tower,3,26,27,17,73,0,0,0,0,0,3,26,27,17,73,74,26,100,173
08/22/2003,AEX,LA,ASW,CE,Federal Contract Tower,3,25,24,13,65,0,0,0,0,0,3,25,24,13,65,107,12,119,184
08/23/2003,AEX,LA,ASW,CE,Federal Contract Tower,0,20,4,1,25,0,0,0,0,0,0,20,4,1,25,173,2,175,200
08/24/2003,AEX,LA,ASW,CE,Federal Contract Tower,2,29,10,31,72,0,0,0,0,0,2,29,10,31,72,93,57,150,222
08/25/2003,AEX,LA,ASW,CE,Federal Contract Tower,6,26,15,4,51,0,0,0,0,0,6,26,15,4,51,80,28,108,159
08/26/2003,AEX,LA,ASW,CE,Federal Contract Tower,3,25,19,7,54,0,0,0,0,0,3,25,19,7,54,132,7,139,193
08/27/2003,AEX,LA,ASW,CE,Federal Contract Tower,7,24,21,4,56,0,0,0,0,0,7,24,21,4,56,115,20,135,191
08/28/2003,AEX,LA,ASW,CE,Federal Contract Tower,3,27,22,12,64,0,0,0,0,0,3,27,22,12,64,75,38,113,177
08/29/2003,AEX,LA,ASW,CE,Federal Contract Tower,2,26,12,4,44,0,0,0,0,0,2,26,12,4,44,51,7,58,102
08/30/2003,AEX,LA,ASW,CE,Federal Contract Tower,0,20,9,2,31,0,0,0,0,0,0,20,9,2,31,88,0,88,119
08/31/2003,AEX,LA,ASW,CE,Federal Contract Tower,2,22,5,2,31,0,0,0,0,0,2,22,5,2,31,35,0,35,66
09/01/2003,AEX,LA,ASW,CE,Federal Contract Tower,0,23,8,2,33,0,0,0,0,0,0,23,8,2,33,27,0,27,60
09/02/2003,AEX,LA,ASW,CE,Federal Contract Tower,5,25,8,6,44,0,0,0,0,0,5,25,8,6,44,13,6,19,63
09/03/2003,AEX,LA,ASW,CE,Federal Contract Tower,2,24,8,11,45,0,0,0,0,0,2,24,8,11,45,73,10,83,128
09/04/2003,AEX,LA,ASW,CE,Federal Contract Tower,2,24,13,2,41,0,0,0,0,0,2,24,13,2,41,122,0,122,163
09/05/2003,AEX,LA,ASW,CE,Federal Contract Tower,3,23,12,29,67,0,0,0,0,0,3,23,12,29,67,289,68,357,424
09/06/2003,AEX,LA,ASW,CE,Federal Contract Tower,0,21,5,10,36,0,0,0,0,0,0,21,5,10,36,130,10,140,176
09/07/2003,AEX,LA,ASW,CE,Federal Contract Tower,0,25,24,4,53,0,0,0,0,0,0,25,24,4,53,104,41,145,198
09/08/2003,AEX,LA,ASW,CE,Federal Contract Tower,3,25,13,8,49,0,0,0,0,0,3,25,13,8,49,177,42,219,268
09/09/2003,AEX,LA,ASW,CE,Federal Contract Tower,5,24,21,4,54,0,0,0,0,0,5,24,21,4,54,159,32,191,245
09/10/2003,AEX,LA,ASW,CE,Federal Contract Tower,4,30,14,2,50,0,0,0,0,0,4,30,14,2,50,86,13,99,149
09/11/2003,AEX,LA,ASW,CE,Federal Contract Tower,2,20,19,5,46,0,0,0,0,0,2,20,19,5,46,45,10,55,101
09/12/2003,AEX,LA,ASW,CE,Federal Contract Tower,4,28,14,4,50,0,0,0,0,0,4,28,14,4,50,30,12,42,92
09/13/2003,AEX,LA,ASW,CE,Federal Contract Tower,3,21,11,4,39,0,0,0,0,0,3,21,11,4,39,160,33,193,232
09/14/2003,AEX,LA,ASW,CE,Federal Contract Tower,0,25,24,2,51,0,0,0,0,0,0,25,24,2,51,141,0,141,192
09/15/2003,AEX,LA,ASW,CE,Federal Contract Tower,4,26,4,10,44,0,0,0,0,0,4,26,4,10,44,63,22,85,129
09/16/2003,AEX,LA,ASW,CE,Federal Contract Tower,6,24,20,6,56,0,0,0,0,0,6,24,20,6,56,50,35,85,141
09/17/2003,AEX,LA,ASW,CE,Federal Contract Tower,2,24,18,10,54,0,0,0,0,0,2,24,18,10,54,108,24,132,186
09/18/2003,AEX,LA,ASW,CE,Federal Contract Tower,2,27,8,8,45,0,0,0,0,0,2,27,8,8,45,90,25,115,160
09/19/2003,AEX,LA,ASW,CE,Federal Contract Tower,2,25,18,9,54,0,0,0,0,0,2,25,18,9,54,165,29,194,248
09/20/2003,AEX,LA,ASW,CE,Federal Contract Tower,1,21,22,4,48,0,0,0,0,0,1,21,22,4,48,165,77,242,290
09/21/2003,AEX,LA,ASW,CE,Federal Contract Tower,0,18,4,0,22,0,0,0,0,0,0,18,4,0,22,16,0,16,38
09/22/2003,AEX,LA,ASW,CE,Federal Contract Tower,3,24,19,18,64,0,0,0,0,0,3,24,19,18,64,54,9,63,127
09/23/2003,AEX,LA,ASW,CE,Federal Contract Tower,4,28,29,15,76,0,0,0,0,0,4,28,29,15,76,63,22,85,161
09/24/2003,AEX,LA,ASW,CE,Federal Contract Tower,3,25,17,7,52,0,0,0,0,0,3,25,17,7,52,118,34,152,204
09/25/2003,AEX,LA,ASW,CE,Federal Contract Tower,6,31,11,5,53,0,0,0,0,0,6,31,11,5,53,106,25,131,184
09/26/2003,AEX,LA,ASW,CE,Federal Contract Tower,7,28,17,4,56,0,0,0,0,0,7,28,17,4,56,75,7,82,138
09/27/2003,AEX,LA,ASW,CE,Federal Contract Tower,0,21,12,0,33,0,0,0,0,0,0,21,12,0,33,210,10,220,253
09/28/2003,AEX,LA,ASW,CE,Federal Contract Tower,4,23,13,4,44,0,0,0,0,0,4,23,13,4,44,71,1,72,116
09/29/2003,AEX,LA,ASW,CE,Federal Contract Tower,3,25,13,4,45,0,0,0,0,0,3,25,13,4,45,93,5,98,143
09/30/2003,AEX,LA,ASW,CE,Federal Contract Tower,4,26,14,9,53,0,0,0,0,0,4,26,14,9,53,125,14,139,192
10/01/2003,AEX,LA,ASW,CE,Federal Contract Tower,3,25,16,15,59,0,0,0,0,0,3,25,16,15,59,145,29,174,233
10/02/2003,AEX,LA,ASW,CE,Federal Contract Tower,3,27,16,5,51,0,0,0,0,0,3,27,16,5,51,109,21,130,181
10/03/2003,AEX,LA,ASW,CE,Federal Contract Tower,2,25,19,14,60,0,0,0,0,0,2,25,19,14,60,137,32,169,229
10/04/2003,AEX,LA,ASW,CE,Federal Contract Tower,0,21,8,3,32,0,0,0,0,0,0,21,8,3,32,90,7,97,129
10/05/2003,AEX,LA,ASW,CE,Federal Contract Tower,0,28,13,5,46,0,0,0,0,0,0,28,13,5,46,154,0,154,200
10/06/2003,AEX,LA,ASW,CE,Federal Contract Tower,3,27,14,7,51,0,0,0,0,0,3,27,14,7,51,87,15,102,153
10/07/2003,AEX,LA,ASW,CE,Federal Contract Tower,7,22,13,16,58,0,0,0,0,0,7,22,13,16,58,87,3,90,148
10/08/2003,AEX,LA,ASW,CE,Federal Contract Tower,4,16,25,10,55,0,0,0,0,0,4,16,25,10,55,86,22,108,163
10/09/2003,AEX,LA,ASW,CE,Federal Contract Tower,2,18,16,2,38,0,0,0,0,0,2,18,16,2,38,27,0,27,65
10/10/2003,AEX,LA,ASW,CE,Federal Contract Tower,2,24,16,16,58,0,0,0,0,0,2,24,16,16,58,92,22,114,172
10/11/2003,AEX,LA,ASW,CE,Federal Contract Tower,0,20,18,1,39,0,0,0,0,0,0,20,18,1,39,43,2,45,84
10/12/2003,AEX,LA,ASW,CE,Federal Contract Tower,0,25,14,8,47,0,0,0,0,0,0,25,14,8,47,24,4,28,75
10/13/2003,AEX,LA,ASW,CE,Federal Contract Tower,0,26,13,0,39,0,0,0,0,0,0,26,13,0,39,112,0,112,151
10/14/2003,AEX,LA,ASW,CE,Federal Contract Tower,6,23,17,2,48,0,0,0,0,0,6,23,17,2,48,21,8,29,77
10/15/2003,AEX,LA,ASW,CE,Federal Contract Tower,3,25,17,5,50,0,0,0,0,0,3,25,17,5,50,104,3,107,157
10/16/2003,AEX,LA,ASW,CE,Federal Contract Tower,4,27,15,5,51,0,0,0,0,0,4,27,15,5,51,86,6,92,143
10/17/2003,AEX,LA,ASW,CE,Federal Contract Tower,4,25,16,12,57,0,0,0,0,0,4,25,16,12,57,53,3,56,113
10/18/2003,AEX,LA,ASW,CE,Federal Contract Tower,0,22,12,6,40,0,0,0,0,0,0,22,12,6,40,98,12,110,150
10/19/2003,AEX,LA,ASW,CE,Federal Contract Tower,1,25,20,2,48,0,0,0,0,0,1,25,20,2,48,114,0,114,162
10/20/2003,AEX,LA,ASW,CE,Federal Contract Tower,6,26,15,2,49,0,0,0,0,0,6,26,15,2,49,123,2,125,174
10/21/2003,AEX,LA,ASW,CE,Federal Contract Tower,3,24,18,7,52,0,0,0,0,0,3,24,18,7,52,61,11,72,124
10/22/2003,AEX,LA,ASW,CE,Federal Contract Tower,4,24,18,0,46,0,0,0,0,0,4,24,18,0,46,126,0,126,172
10/23/2003,AEX,LA,ASW,CE,Federal Contract Tower,2,30,22,7,61,0,0,0,0,0,2,30,22,7,61,42,13,55,116
10/24/2003,AEX,LA,ASW,CE,Federal Contract Tower,2,32,24,5,63,0,0,0,0,0,2,32,24,5,63,88,32,120,183
10/25/2003,AEX,LA,ASW,CE,Federal Contract Tower,0,18,8,3,29,0,0,0,0,0,0,18,8,3,29,30,12,42,71
10/26/2003,AEX,LA,ASW,CE,Federal Contract Tower,1,9,16,4,30,0,0,0,0,0,1,9,16,4,30,5,30,35,65
10/27/2003,AEX,LA,ASW,CE,Federal Contract Tower,4,25,15,6,50,0,0,0,0,0,4,25,15,6,50,86,26,112,162
10/28/2003,AEX,LA,ASW,CE,Federal Contract Tower,5,24,14,11,54,0,0,0,0,0,5,24,14,11,54,126,16,142,196
10/29/2003,AEX,LA,ASW,CE,Federal Contract Tower,2,24,11,0,37,0,0,0,0,0,2,24,11,0,37,126,12,138,175
10/30/2003,AEX,LA,ASW,CE,Federal Contract Tower,2,27,20,0,49,0,0,0,0,0,2,27,20,0,49,113,0,113,162
10/31/2003,AEX,LA,ASW,CE,Federal Contract Tower,5,27,19,22,73,0,0,0,0,0,5,27,19,22,73,67,55,122,195
11/01/2003,AEX,LA,ASW,CE,Federal Contract Tower,0,24,7,14,45,0,0,0,0,0,0,24,7,14,45,131,1,132,177
11/02/2003,AEX,LA,ASW,CE,Federal Contract Tower,0,26,11,5,42,0,0,0,0,0,0,26,11,5,42,108,18,126,168
11/03/2003,AEX,LA,ASW,CE,Federal Contract Tower,3,25,16,2,46,0,0,0,0,0,3,25,16,2,46,140,1,141,187
11/04/2003,AEX,LA,ASW,CE,Federal Contract Tower,0,28,15,5,48,0,0,0,0,0,0,28,15,5,48,139,6,145,193
11/05/2003,AEX,LA,ASW,CE,Federal Contract Tower,4,24,25,2,55,0,0,0,0,0,4,24,25,2,55,150,21,171,226
11/06/2003,AEX,LA,ASW,CE,Federal Contract Tower,7,27,34,14,82,0,0,0,0,0,7,27,34,14,82,61,18,79,161
11/07/2003,AEX,LA,ASW,CE,Federal Contract Tower,3,26,24,0,53,0,0,0,0,0,3,26,24,0,53,79,0,79,132
11/08/2003,AEX,LA,ASW,CE,Federal Contract Tower,2,20,10,3,35,0,0,0,0,0,2,20,10,3,35,44,1,45,80
11/09/2003,AEX,LA,ASW,CE,Federal Contract Tower,0,26,18,2,46,0,0,0,0,0,0,26,18,2,46,70,14,84,130
11/10/2003,AEX,LA,ASW,CE,Federal Contract Tower,5,26,17,18,66,0,0,0,0,0,5,26,17,18,66,61,32,93,159
11/11/2003,AEX,LA,ASW,CE,Federal Contract Tower,0,24,11,0,35,0,0,0,0,0,0,24,11,0,35,75,0,75,110
11/12/2003,AEX,LA,ASW,CE,Federal Contract Tower,3,23,10,5,41,0,0,0,0,0,3,23,10,5,41,22,49,71,112
11/13/2003,AEX,LA,ASW,CE,Federal Contract Tower,4,27,6,3,40,0,0,0,0,0,4,27,6,3,40,35,8,43,83
11/14/2003,AEX,LA,ASW,CE,Federal Contract Tower,4,26,29,16,75,0,0,0,0,0,4,26,29,16,75,123,20,143,218
11/15/2003,AEX,LA,ASW,CE,Federal Contract Tower,1,20,9,5,35,0,0,0,0,0,1,20,9,5,35,148,30,178,213
11/16/2003,AEX,LA,ASW,CE,Federal Contract Tower,0,21,9,2,32,0,0,0,0,0,0,21,9,2,32,127,2,129,161
11/17/2003,AEX,LA,ASW,CE,Federal Contract Tower,4,27,11,3,45,0,0,0,0,0,4,27,11,3,45,71,0,71,116
11/18/2003,AEX,LA,ASW,CE,Federal Contract Tower,7,21,4,10,42,0,0,0,0,0,7,21,4,10,42,12,0,12,54
11/19/2003,AEX,LA,ASW,CE,Federal Contract Tower,3,27,17,2,49,0,0,0,0,0,3,27,17,2,49,112,12,124,173
11/20/2003,AEX,LA,ASW,CE,Federal Contract Tower,3,26,4,3,36,0,0,0,0,0,3,26,4,3,36,111,17,128,164
11/21/2003,AEX,LA,ASW,CE,Federal Contract Tower,7,29,9,10,55,0,0,0,0,0,7,29,9,10,55,181,15,196,251
11/22/2003,AEX,LA,ASW,CE,Federal Contract Tower,0,21,6,3,30,0,0,0,0,0,0,21,6,3,30,78,1,79,109
11/23/2003,AEX,LA,ASW,CE,Federal Contract Tower,0,24,8,2,34,0,0,0,0,0,0,24,8,2,34,14,0,14,48
11/24/2003,AEX,LA,ASW,CE,Federal Contract Tower,5,28,9,12,54,0,0,0,0,0,5,28,9,12,54,85,31,116,170
11/25/2003,AEX,LA,ASW,CE,Federal Contract Tower,4,27,18,6,55,0,0,0,0,0,4,27,18,6,55,102,10,112,167
11/26/2003,AEX,LA,ASW,CE,Federal Contract Tower,3,24,22,0,49,0,0,0,0,0,3,24,22,0,49,113,0,113,162
11/27/2003,AEX,LA,ASW,CE,Federal Contract Tower,0,18,9,0,27,0,0,0,0,0,0,18,9,0,27,3,0,3,30
11/28/2003,AEX,LA,ASW,CE,Federal Contract Tower,0,19,6,0,25,0,0,0,0,0,0,19,6,0,25,48,0,48,73
11/29/2003,AEX,LA,ASW,CE,Federal Contract Tower,0,21,10,0,31,0,0,0,0,0,0,21,10,0,31,75,0,75,106
11/30/2003,AEX,LA,ASW,CE,Federal Contract Tower,0,25,18,0,43,0,0,0,0,0,0,25,18,0,43,108,1,109,152
12/01/2003,AEX,LA,ASW,CE,Federal Contract Tower,7,26,7,4,44,0,0,0,0,0,7,26,7,4,44,91,20,111,155
12/02/2003,AEX,LA,ASW,CE,Federal Contract Tower,4,28,13,5,50,0,0,0,0,0,4,28,13,5,50,67,51,118,168
12/03/2003,AEX,LA,ASW,CE,Federal Contract Tower,3,28,18,6,55,0,0,0,0,0,3,28,18,6,55,62,0,62,117
12/04/2003,AEX,LA,ASW,CE,Federal Contract Tower,0,29,16,13,58,0,0,0,0,0,0,29,16,13,58,48,8,56,114
12/05/2003,AEX,LA,ASW,CE,Federal Contract Tower,3,27,20,19,69,0,0,0,0,0,3,27,20,19,69,61,40,101,170
12/06/2003,AEX,LA,ASW,CE,Federal Contract Tower,0,19,8,2,29,0,0,0,0,0,0,19,8,2,29,99,2,101,130
12/07/2003,AEX,LA,ASW,CE,Federal Contract Tower,0,22,15,0,37,0,0,0,0,0,0,22,15,0,37,110,0,110,147
12/08/2003,AEX,LA,ASW,CE,Federal Contract Tower,2,26,13,0,41,0,0,0,0,0,2,26,13,0,41,78,0,78,119
12/09/2003,AEX,LA,ASW,CE,Federal Contract Tower,7,25,14,0,46,0,0,0,0,0,7,25,14,0,46,16,0,16,62
12/10/2003,AEX,LA,ASW,CE,Federal Contract Tower,2,22,19,12,55,0,0,0,0,0,2,22,19,12,55,68,39,107,162
12/11/2003,AEX,LA,ASW,CE,Federal Contract Tower,3,28,29,21,81,0,0,0,0,0,3,28,29,21,81,65,21,86,167
12/12/2003,AEX,LA,ASW,CE,Federal Contract Tower,3,32,21,25,81,0,0,0,0,0,3,32,21,25,81,53,15,68,149
12/13/2003,AEX,LA,ASW,CE,Federal Contract Tower,2,22,14,5,43,0,0,0,0,0,2,22,14,5,43,8,1,9,52
12/14/2003,AEX,LA,ASW,CE,Federal Contract Tower,0,25,9,7,41,0,0,0,0,0,0,25,9,7,41,110,9,119,160
12/15/2003,AEX,LA,ASW,CE,Federal Contract Tower,4,26,6,7,43,0,0,0,0,0,4,26,6,7,43,100,32,132,175
12/16/2003,AEX,LA,ASW,CE,Federal Contract Tower,4,25,6,13,48,0,0,0,0,0,4,25,6,13,48,44,65,109,157
12/17/2003,AEX,LA,ASW,CE,Federal Contract Tower,2,26,18,6,52,0,0,0,0,0,2,26,18,6,52,126,21,147,199
12/18/2003,AEX,LA,ASW,CE,Federal Contract Tower,2,28,21,8,59,0,0,0,0,0,2,28,21,8,59,114,27,141,200
12/19/2003,AEX,LA,ASW,CE,Federal Contract Tower,2,26,24,2,54,0,0,0,0,0,2,26,24,2,54,86,0,86,140
12/20/2003,AEX,LA,ASW,CE,Federal Contract Tower,2,21,6,1,30,0,0,0,0,0,2,21,6,1,30,115,3,118,148
12/21/2003,AEX,LA,ASW,CE,Federal Contract Tower,0,25,6,0,31,0,0,0,0,0,0,25,6,0,31,126,0,126,157
12/22/2003,AEX,LA,ASW,CE,Federal Contract Tower,5,25,11,3,44,0,0,0,0,0,5,25,11,3,44,15,1,16,60
12/23/2003,AEX,LA,ASW,CE,Federal Contract Tower,3,26,15,0,44,0,0,0,0,0,3,26,15,0,44,17,0,17,61
12/24/2003,AEX,LA,ASW,CE,Federal Contract Tower,0,20,1,1,22,0,0,0,0,0,0,20,1,1,22,37,2,39,61
12/25/2003,AEX,LA,ASW,CE,Federal Contract Tower,0,22,6,0,28,0,0,0,0,0,0,22,6,0,28,61,0,61,89
12/26/2003,AEX,LA,ASW,CE,Federal Contract Tower,0,22,12,0,34,0,0,0,0,0,0,22,12,0,34,162,0,162,196
12/27/2003,AEX,LA,ASW,CE,Federal Contract Tower,0,21,20,0,41,0,0,0,0,0,0,21,20,0,41,99,4,103,144
12/28/2003,AEX,LA,ASW,CE,Federal Contract Tower,0,25,14,0,39,0,0,0,0,0,0,25,14,0,39,13,0,13,52
12/29/2003,AEX,LA,ASW,CE,Federal Contract Tower,8,26,11,1,46,0,0,0,0,0,8,26,11,1,46,18,8,26,72
12/30/2003,AEX,LA,ASW,CE,Federal Contract Tower,10,28,13,8,59,0,0,0,0,0,10,28,13,8,59,89,20,109,168
12/31/2003,AEX,LA,ASW,CE,Federal Contract Tower,9,18,10,1,38,0,0,0,0,0,9,18,10,1,38,80,1,81,119
01/01/2004,AEX,LA,ASW,CE,Federal Contract Tower,10,19,9,0,38,0,0,0,0,0,10,19,9,0,38,60,0,60,98
01/02/2004,AEX,LA,ASW,CE,Federal Contract Tower,8,26,14,0,48,0,0,0,0,0,8,26,14,0,48,9,0,9,57
01/03/2004,AEX,LA,ASW,CE,Federal Contract Tower,15,19,22,4,60,0,0,0,0,0,15,19,22,4,60,49,0,49,109
01/04/2004,AEX,LA,ASW,CE,Federal Contract Tower,0,42,15,2,59,0,0,0,0,0,0,42,15,2,59,61,0,61,120
01/05/2004,AEX,LA,ASW,CE,Federal Contract Tower,8,26,15,0,49,0,0,0,0,0,8,26,15,0,49,106,0,106,155
01/06/2004,AEX,LA,ASW,CE,Federal Contract Tower,6,23,13,1,43,0,0,0,0,0,6,23,13,1,43,82,1,83,126
01/07/2004,AEX,LA,ASW,CE,Federal Contract Tower,1,23,5,6,35,0,0,0,0,0,1,23,5,6,35,30,14,44,79
01/08/2004,AEX,LA,ASW,CE,Federal Contract Tower,4,26,18,4,52,0,0,0,0,0,4,26,18,4,52,12,0,12,64
01/09/2004,AEX,LA,ASW,CE,Federal Contract Tower,4,23,24,20,71,0,0,0,0,0,4,23,24,20,71,74,24,98,169
01/10/2004,AEX,LA,ASW,CE,Federal Contract Tower,0,15,6,2,23,0,0,0,0,0,0,15,6,2,23,90,2,92,115
01/11/2004,AEX,LA,ASW,CE,Federal Contract Tower,0,22,5,3,30,0,0,0,0,0,0,22,5,3,30,101,3,104,134
01/12/2004,AEX,LA,ASW,CE,Federal Contract Tower,5,26,13,5,49,0,0,0,0,0,5,26,13,5,49,72,4,76,125
01/13/2004,AEX,LA,ASW,CE,Federal Contract Tower,6,22,22,3,53,0,0,0,0,0,6,22,22,3,53,81,10,91,144
01/14/2004,AEX,LA,ASW,CE,Federal Contract Tower,4,31,12,13,60,0,0,0,0,0,4,31,12,13,60,60,16,76,136
01/15/2004,AEX,LA,ASW,CE,Federal Contract Tower,3,24,22,9,58,0,0,0,0,0,3,24,22,9,58,90,60,150,208
01/16/2004,AEX,LA,ASW,CE,Federal Contract Tower,2,26,17,16,61,0,0,0,0,0,2,26,17,16,61,86,16,102,163
01/17/2004,AEX,LA,ASW,CE,Federal Contract Tower,1,19,13,7,40,0,0,0,0,0,1,19,13,7,40,0,0,0,40
01/18/2004,AEX,LA,ASW,CE,Federal Contract Tower,0,23,13,7,43,0,0,0,0,0,0,23,13,7,43,45,1,46,89
01/19/2004,AEX,LA,ASW,CE,Federal Contract Tower,2,24,20,6,52,0,0,0,0,0,2,24,20,6,52,107,6,113,165
01/20/2004,AEX,LA,ASW,CE,Federal Contract Tower,7,22,12,17,58,0,0,0,0,0,7,22,12,17,58,94,49,143,201
01/21/2004,AEX,LA,ASW,CE,Federal Contract Tower,1,22,15,7,45,0,0,0,0,0,1,22,15,7,45,112,39,151,196
01/22/2004,AEX,LA,ASW,CE,Federal Contract Tower,3,24,21,21,69,0,0,0,0,0,3,24,21,21,69,69,29,98,167
01/23/2004,AEX,LA,ASW,CE,Federal Contract Tower,3,24,15,24,66,0,0,0,0,0,3,24,15,24,66,58,17,75,141
01/24/2004,AEX,LA,ASW,CE,Federal Contract Tower,0,18,11,9,38,0,0,0,0,0,0,18,11,9,38,6,3,9,47
01/25/2004,AEX,LA,ASW,CE,Federal Contract Tower,0,25,5,6,36,0,0,0,0,0,0,25,5,6,36,87,2,89,125
01/26/2004,AEX,LA,ASW,CE,Federal Contract Tower,6,24,12,26,68,0,0,0,0,0,6,24,12,26,68,69,52,121,189
01/27/2004,AEX,LA,ASW,CE,Federal Contract Tower,10,25,19,2,56,0,0,0,0,0,10,25,19,2,56,96,7,103,159
01/28/2004,AEX,LA,ASW,CE,Federal Contract Tower,28,21,21,17,87,0,0,0,0,0,28,21,21,17,87,44,7,51,138
01/29/2004,AEX,LA,ASW,CE,Federal Contract Tower,23,25,11,13,72,0,0,0,0,0,23,25,11,13,72,35,0,35,107
01/30/2004,AEX,LA,ASW,CE,Federal Contract Tower,5,24,16,5,50,0,0,0,0,0,5,24,16,5,50,40,8,48,98
01/31/2004,AEX,LA,ASW,CE,Federal Contract Tower,4,21,13,2,40,0,0,0,0,0,4,21,13,2,40,80,55,135,175
02/01/2004,AEX,LA,ASW,CE,Federal Contract Tower,0,27,44,1,72,0,0,0,0,0,0,27,44,1,72,0,0,0,72
02/02/2004,AEX,LA,ASW,CE,Federal Contract Tower,10,26,15,15,66,0,0,0,0,0,10,26,15,15,66,39,10,49,115
02/03/2004,AEX,LA,ASW,CE,Federal Contract Tower,8,24,22,13,67,0,0,0,0,0,8,24,22,13,67,69,19,88,155
02/04/2004,AEX,LA,ASW,CE,Federal Contract Tower,0,26,23,1,50,0,0,0,0,0,0,26,23,1,50,42,7,49,99
02/05/2004,AEX,LA,ASW,CE,Federal Contract Tower,4,31,11,7,53,0,0,0,0,0,4,31,11,7,53,30,0,30,83
02/06/2004,AEX,LA,ASW,CE,Federal Contract Tower,4,24,18,11,57,0,0,0,0,0,4,24,18,11,57,34,5,39,96
02/07/2004,AEX,LA,ASW,CE,Federal Contract Tower,1,20,13,0,34,0,0,0,0,0,1,20,13,0,34,118,0,118,152
02/08/2004,AEX,LA,ASW,CE,Federal Contract Tower,0,25,22,1,48,0,0,0,0,0,0,25,22,1,48,49,3,52,100
02/09/2004,AEX,LA,ASW,CE,Federal Contract Tower,4,26,13,8,51,0,0,0,0,0,4,26,13,8,51,19,7,26,77
02/10/2004,AEX,LA,ASW,CE,Federal Contract Tower,7,23,18,2,50,0,0,0,0,0,7,23,18,2,50,0,0,0,50
02/11/2004,AEX,LA,ASW,CE,Federal Contract Tower,8,26,13,0,47,0,0,0,0,0,8,26,13,0,47,5,0,5,52
02/12/2004,AEX,LA,ASW,CE,Federal Contract Tower,2,24,18,6,50,0,0,0,0,0,2,24,18,6,50,6,2,8,58
02/13/2004,AEX,LA,ASW,CE,Federal Contract Tower,6,27,14,4,51,0,0,0,0,0,6,27,14,4,51,32,8,40,91
02/14/2004,AEX,LA,ASW,CE,Federal Contract Tower,4,23,3,0,30,0,0,0,0,0,4,23,3,0,30,0,0,0,30
02/15/2004,AEX,LA,ASW,CE,Federal Contract Tower,0,25,7,2,34,0,0,0,0,0,0,25,7,2,34,71,62,133,167
02/16/2004,AEX,LA,ASW,CE,Federal Contract Tower,0,26,18,6,50,0,0,0,0,0,0,26,18,6,50,68,4,72,122
02/17/2004,AEX,LA,ASW,CE,Federal Contract Tower,9,26,7,9,51,0,0,0,0,0,9,26,7,9,51,19,47,66,117
02/18/2004,AEX,LA,ASW,CE,Federal Contract Tower,3,30,26,2,61,0,0,0,0,0,3,30,26,2,61,77,12,89,150
02/19/2004,AEX,LA,ASW,CE,Federal Contract Tower,6,25,27,10,68,0,0,0,0,0,6,25,27,10,68,86,2,88,156
02/20/2004,AEX,LA,ASW,CE,Federal Contract Tower,3,26,20,11,60,0,0,0,0,0,3,26,20,11,60,40,45,85,145
02/21/2004,AEX,LA,ASW,CE,Federal Contract Tower,0,20,19,0,39,0,0,0,0,0,0,20,19,0,39,127,0,127,166
02/22/2004,AEX,LA,ASW,CE,Federal Contract Tower,0,29,6,9,44,0,0,0,0,0,0,29,6,9,44,36,8,44,88
02/23/2004,AEX,LA,ASW,CE,Federal Contract Tower,5,28,8,25,66,0,0,0,0,0,5,28,8,25,66,33,8,41,107
02/24/2004,AEX,LA,ASW,CE,Federal Contract Tower,3,26,19,4,52,0,0,0,0,0,3,26,19,4,52,0,0,0,52
02/25/2004,AEX,LA,ASW,CE,Federal Contract Tower,7,26,25,15,73,0,0,0,0,0,7,26,25,15,73,50,8,58,131
02/26/2004,AEX,LA,ASW,CE,Federal Contract Tower,10,23,25,7,65,0,0,0,0,0,10,23,25,7,65,46,1,47,112
02/27/2004,AEX,LA,ASW,CE,Federal Contract Tower,5,26,11,1,43,0,0,0,0,0,5,26,11,1,43,110,4,114,157
02/28/2004,AEX,LA,ASW,CE,Federal Contract Tower,9,26,26,4,65,0,0,0,0,0,9,26,26,4,65,43,4,47,112
02/29/2004,AEX,LA,ASW,CE,Federal Contract Tower,0,25,13,0,38,0,0,0,0,0,0,25,13,0,38,45,0,45,83
03/01/2004,AEX,LA,ASW,CE,Federal Contract Tower,8,24,12,11,55,0,0,0,0,0,8,24,12,11,55,29,11,40,95
03/02/2004,AEX,LA,ASW,CE,Federal Contract Tower,8,24,21,7,60,0,0,0,0,0,8,24,21,7,60,25,12,37,97
03/03/2004,AEX,LA,ASW,CE,Federal Contract Tower,10,25,12,5,52,0,0,0,0,0,10,25,12,5,52,57,20,77,129
03/04/2004,AEX,LA,ASW,CE,Federal Contract Tower,14,25,11,9,59,0,0,0,0,0,14,25,11,9,59,22,9,31,90
03/05/2004,AEX,LA,ASW,CE,Federal Contract Tower,5,26,21,4,56,0,0,0,0,0,5,26,21,4,56,20,0,20,76
03/06/2004,AEX,LA,ASW,CE,Federal Contract Tower,6,26,8,6,46,0,0,0,0,0,6,26,8,6,46,96,13,109,155
03/07/2004,AEX,LA,ASW,CE,Federal Contract Tower,6,28,29,4,67,0,0,0,0,0,6,28,29,4,67,112,5,117,184
03/08/2004,AEX,LA,ASW,CE,Federal Contract Tower,6,26,8,1,41,0,0,0,0,0,6,26,8,1,41,74,1,75,116
03/09/2004,AEX,LA,ASW,CE,Federal Contract Tower,5,26,20,15,66,0,0,0,0,0,5,26,20,15,66,38,27,65,131
03/10/2004,AEX,LA,ASW,CE,Federal Contract Tower,6,28,29,4,67,0,0,0,0,0,6,28,29,4,67,99,8,107,174
03/11/2004,AEX,LA,ASW,CE,Federal Contract Tower,6,26,18,10,60,0,0,0,0,0,6,26,18,10,60,122,0,122,182
03/12/2004,AEX,LA,ASW,CE,Federal Contract Tower,3,28,23,20,74,0,0,0,0,0,3,28,23,20,74,69,35,104,178
03/13/2004,AEX,LA,ASW,CE,Federal Contract Tower,2,21,17,0,40,0,0,0,0,0,2,21,17,0,40,48,1,49,89
03/14/2004,AEX,LA,ASW,CE,Federal Contract Tower,1,27,11,9,48,0,0,0,0,0,1,27,11,9,48,0,0,0,48
03/15/2004,AEX,LA,ASW,CE,Federal Contract Tower,5,26,18,22,71,0,0,0,0,0,5,26,18,22,71,15,3,18,89
03/16/2004,AEX,LA,ASW,CE,Federal Contract Tower,6,24,18,13,61,0,0,0,0,0,6,24,18,13,61,105,24,129,190
03/17/2004,AEX,LA,ASW,CE,Federal Contract Tower,2,26,25,7,60,0,0,0,0,0,2,26,25,7,60,116,35,151,211
03/18/2004,AEX,LA,ASW,CE,Federal Contract Tower,6,26,35,27,94,0,0,0,0,0,6,26,35,27,94,47,22,69,163
03/19/2004,AEX,LA,ASW,CE,Federal Contract Tower,14,25,23,11,73,0,0,0,0,0,14,25,23,11,73,35,33,68,141
03/20/2004,AEX,LA,ASW,CE,Federal Contract Tower,6,20,24,21,71,0,0,0,0,0,6,20,24,21,71,88,66,154,225
03/21/2004,AEX,LA,ASW,CE,Federal Contract Tower,5,26,21,9,61,0,0,0,0,0,5,26,21,9,61,113,23,136,197
03/22/2004,AEX,LA,ASW,CE,Federal Contract Tower,9,26,13,7,55,0,0,0,0,0,9,26,13,7,55,66,31,97,152
03/23/2004,AEX,LA,ASW,CE,Federal Contract Tower,7,26,28,8,69,0,0,0,0,0,7,26,28,8,69,38,5,43,112
03/24/2004,AEX,LA,ASW,CE,Federal Contract Tower,4,26,18,10,58,0,0,0,0,0,4,26,18,10,58,34,7,41,99
03/25/2004,AEX,LA,ASW,CE,Federal Contract Tower,4,28,26,10,68,0,0,0,0,0,4,28,26,10,68,17,3,20,88
03/26/2004,AEX,LA,ASW,CE,Federal Contract Tower,5,27,21,16,69,0,0,0,0,0,5,27,21,16,69,86,9,95,164
03/27/2004,AEX,LA,ASW,CE,Federal Contract Tower,3,21,17,8,49,0,0,0,0,0,3,21,17,8,49,70,10,80,129
03/28/2004,AEX,LA,ASW,CE,Federal Contract Tower,2,25,8,1,36,0,0,0,0,0,2,25,8,1,36,49,0,49,85
03/29/2004,AEX,LA,ASW,CE,Federal Contract Tower,6,26,16,10,58,0,0,0,0,0,6,26,16,10,58,31,0,31,89
03/30/2004,AEX,LA,ASW,CE,Federal Contract Tower,5,26,15,9,55,0,0,0,0,0,5,26,15,9,55,48,6,54,109
03/31/2004,AEX,LA,ASW,CE,Federal Contract Tower,12,25,18,5,60,0,0,0,0,0,12,25,18,5,60,114,15,129,189
04/01/2004,AEX,LA,ASW,CE,Federal Contract Tower,26,27,21,4,78,0,0,0,0,0,26,27,21,4,78,130,26,156,234
04/02/2004,AEX,LA,ASW,CE,Federal Contract Tower,22,27,23,22,94,0,0,0,0,0,22,27,23,22,94,69,8,77,171
04/03/2004,AEX,LA,ASW,CE,Federal Contract Tower,7,21,8,0,36,0,0,0,0,0,7,21,8,0,36,65,0,65,101
04/04/2004,AEX,LA,ASW,CE,Federal Contract Tower,0,33,4,2,39,0,0,0,0,0,0,33,4,2,39,58,5,63,102
04/05/2004,AEX,LA,ASW,CE,Federal Contract Tower,3,26,38,7,74,0,0,0,0,0,3,26,38,7,74,112,24,136,210
04/06/2004,AEX,LA,ASW,CE,Federal Contract Tower,12,22,16,16,66,0,0,0,0,0,12,22,16,16,66,73,16,89,155
04/07/2004,AEX,LA,ASW,CE,Federal Contract Tower,3,31,13,7,54,0,0,0,0,0,3,31,13,7,54,51,14,65,119
04/08/2004,AEX,LA,ASW,CE,Federal Contract Tower,7,26,23,3,59,0,0,0,0,0,7,26,23,3,59,18,7,25,84
04/09/2004,AEX,LA,ASW,CE,Federal Contract Tower,5,23,13,13,54,0,0,0,0,0,5,23,13,13,54,54,25,79,133
04/10/2004,AEX,LA,ASW,CE,Federal Contract Tower,0,26,3,2,31,0,0,0,0,0,0,26,3,2,31,33,0,33,64
04/11/2004,AEX,LA,ASW,CE,Federal Contract Tower,6,26,7,0,39,0,0,0,0,0,6,26,7,0,39,0,0,0,39
04/12/2004,AEX,LA,ASW,CE,Federal Contract Tower,1,26,25,2,54,0,0,0,0,0,1,26,25,2,54,0,0,0,54
04/13/2004,AEX,LA,ASW,CE,Federal Contract Tower,4,26,18,7,55,0,0,0,0,0,4,26,18,7,55,68,12,80,135
04/14/2004,AEX,LA,ASW,CE,Federal Contract Tower,3,26,25,25,79,0,0,0,0,0,3,26,25,25,79,34,31,65,144
04/15/2004,AEX,LA,ASW,CE,Federal Contract Tower,3,26,24,18,71,0,0,0,0,0,3,26,24,18,71,143,27,170,241
04/16/2004,AEX,LA,ASW,CE,Federal Contract Tower,3,26,19,9,57,0,0,0,0,0,3,26,19,9,57,72,16,88,145
04/17/2004,AEX,LA,ASW,CE,Federal Contract Tower,0,21,13,13,47,0,0,0,0,0,0,21,13,13,47,13,0,13,60
04/18/2004,AEX,LA,ASW,CE,Federal Contract Tower,2,25,29,3,59,0,0,0,0,0,2,25,29,3,59,34,0,34,93
04/19/2004,AEX,LA,ASW,CE,Federal Contract Tower,7,26,25,5,63,0,0,0,0,0,7,26,25,5,63,39,3,42,105
04/20/2004,AEX,LA,ASW,CE,Federal Contract Tower,8,24,21,7,60,0,0,0,0,0,8,24,21,7,60,59,31,90,150
04/21/2004,AEX,LA,ASW,CE,Federal Contract Tower,1,27,11,5,44,0,0,0,0,0,1,27,11,5,44,79,52,131,175
04/22/2004,AEX,LA,ASW,CE,Federal Contract Tower,5,29,17,16,67,0,0,0,0,0,5,29,17,16,67,10,21,31,98
04/23/2004,AEX,LA,ASW,CE,Federal Contract Tower,9,28,22,9,68,0,0,0,0,0,9,28,22,9,68,37,3,40,108
04/24/2004,AEX,LA,ASW,CE,Federal Contract Tower,1,20,5,0,26,0,0,0,0,0,1,20,5,0,26,17,0,17,43
04/25/2004,AEX,LA,ASW,CE,Federal Contract Tower,2,22,15,0,39,0,0,0,0,0,2,22,15,0,39,0,0,0,39
04/26/2004,AEX,LA,ASW,CE,Federal Contract Tower,4,26,19,15,64,0,0,0,0,0,4,26,19,15,64,29,45,74,138
04/27/2004,AEX,LA,ASW,CE,Federal Contract Tower,7,24,26,11,68,0,0,0,0,0,7,24,26,11,68,72,20,92,160
04/28/2004,AEX,LA,ASW,CE,Federal Contract Tower,1,27,18,2,48,0,0,0,0,0,1,27,18,2,48,111,4,115,163
04/29/2004,AEX,LA,ASW,CE,Federal Contract Tower,2,29,14,11,56,0,0,0,0,0,2,29,14,11,56,19,151,170,226
04/30/2004,AEX,LA,ASW,CE,Federal Contract Tower,3,28,21,21,73,0,0,0,0,0,3,28,21,21,73,1,30,31,104
05/01/2004,AEX,LA,ASW,CE,Federal Contract Tower,3,18,6,2,29,0,0,0,0,0,3,18,6,2,29,0,0,0,29
05/02/2004,AEX,LA,ASW,CE,Federal Contract Tower,0,26,7,26,59,0,0,0,0,0,0,26,7,26,59,111,80,191,250
05/03/2004,AEX,LA,ASW,CE,Federal Contract Tower,2,28,7,5,42,0,0,0,0,0,2,28,7,5,42,101,27,128,170
05/04/2004,AEX,LA,ASW,CE,Federal Contract Tower,0,28,37,21,86,0,0,0,0,0,0,28,37,21,86,40,24,64,150
05/05/2004,AEX,LA,ASW,CE,Federal Contract Tower,5,24,15,9,53,0,0,0,0,0,5,24,15,9,53,104,14,118,171
05/06/2004,AEX,LA,ASW,CE,Federal Contract Tower,3,26,31,13,73,0,0,0,0,0,3,26,31,13,73,38,25,63,136
05/07/2004,AEX,LA,ASW,CE,Federal Contract Tower,4,29,24,16,73,0,0,0,0,0,4,29,24,16,73,100,29,129,202
05/08/2004,AEX,LA,ASW,CE,Federal Contract Tower,3,20,7,3,33,0,0,0,0,0,3,20,7,3,33,35,9,44,77
05/09/2004,AEX,LA,ASW,CE,Federal Contract Tower,0,25,4,5,34,0,0,0,0,0,0,25,4,5,34,20,1,21,55
05/10/2004,AEX,LA,ASW,CE,Federal Contract Tower,4,28,14,3,49,0,0,0,0,0,4,28,14,3,49,80,8,88,137
05/11/2004,AEX,LA,ASW,CE,Federal Contract Tower,7,26,21,8,62,0,0,0,0,0,7,26,21,8,62,45,10,55,117
05/12/2004,AEX,LA,ASW,CE,Federal Contract Tower,5,26,17,0,48,0,0,0,0,0,5,26,17,0,48,20,0,20,68
05/13/2004,AEX,LA,ASW,CE,Federal Contract Tower,3,17,10,3,33,0,0,0,0,0,3,17,10,3,33,15,6,21,54
05/14/2004,AEX,LA,ASW,CE,Federal Contract Tower,1,26,8,2,37,0,0,0,0,0,1,26,8,2,37,3,0,3,40
05/15/2004,AEX,LA,ASW,CE,Federal Contract Tower,2,21,10,13,46,0,0,0,0,0,2,21,10,13,46,75,28,103,149
05/16/2004,AEX,LA,ASW,CE,Federal Contract Tower,0,26,25,16,67,0,0,0,0,0,0,26,25,16,67,14,14,28,95
05/17/2004,AEX,LA,ASW,CE,Federal Contract Tower,5,24,8,2,39,0,0,0,0,0,5,24,8,2,39,5,2,7,46
05/18/2004,AEX,LA,ASW,CE,Federal Contract Tower,1,20,15,4,40,0,0,0,0,0,1,20,15,4,40,34,4,38,78
05/19/2004,AEX,LA,ASW,CE,Federal Contract Tower,4,27,16,6,53,0,0,0,0,0,4,27,16,6,53,23,22,45,98
05/20/2004,AEX,LA,ASW,CE,Federal Contract Tower,4,27,22,5,58,0,0,0,0,0,4,27,22,5,58,91,5,96,154
05/21/2004,AEX,LA,ASW,CE,Federal Contract Tower,3,26,13,27,69,0,0,0,0,0,3,26,13,27,69,85,18,103,172
05/22/2004,AEX,LA,ASW,CE,Federal Contract Tower,5,21,4,25,55,0,0,0,0,0,5,21,4,25,55,64,9,73,128
05/23/2004,AEX,LA,ASW,CE,Federal Contract Tower,2,25,12,29,68,0,0,0,0,0,2,25,12,29,68,114,24,138,206
05/24/2004,AEX,LA,ASW,CE,Federal Contract Tower,3,26,6,5,40,0,0,0,0,0,3,26,6,5,40,55,1,56,96
05/25/2004,AEX,LA,ASW,CE,Federal Contract Tower,6,26,19,5,56,0,0,0,0,0,6,26,19,5,56,69,8,77,133
05/26/2004,AEX,LA,ASW,CE,Federal Contract Tower,3,26,16,6,51,0,0,0,0,0,3,26,16,6,51,88,12,100,151
05/27/2004,AEX,LA,ASW,CE,Federal Contract Tower,3,28,22,12,65,0,0,0,0,0,3,28,22,12,65,61,8,69,134
05/28/2004,AEX,LA,ASW,CE,Federal Contract Tower,3,32,23,4,62,0,0,0,0,0,3,32,23,4,62,25,5,30,92
05/29/2004,AEX,LA,ASW,CE,Federal Contract Tower,0,23,9,0,32,0,0,0,0,0,0,23,9,0,32,62,0,62,94
05/30/2004,AEX,LA,ASW,CE,Federal Contract Tower,0,23,4,0,27,0,0,0,0,0,0,23,4,0,27,22,0,22,49
05/31/2004,AEX,LA,ASW,CE,Federal Contract Tower,0,24,9,2,35,0,0,0,0,0,0,24,9,2,35,77,5,82,117
06/01/2004,AEX,LA,ASW,CE,Federal Contract Tower,6,28,17,1,52,17,0,0,0,17,23,28,17,1,69,45,8,53,122
06/02/2004,AEX,LA,ASW,CE,Federal Contract Tower,4,22,12,2,40,0,1,3,0,4,4,23,15,2,44,75,6,81,125
06/03/2004,AEX,LA,ASW,CE,Federal Contract Tower,3,25,14,6,48,0,1,2,0,3,3,26,16,6,51,49,36,85,136
06/04/2004,AEX,LA,ASW,CE,Federal Contract Tower,4,24,14,8,50,0,0,0,6,6,4,24,14,14,56,90,20,110,166
06/05/2004,AEX,LA,ASW,CE,Federal Contract Tower,0,13,2,1,16,0,11,0,0,11,0,24,2,1,27,30,0,30,57
06/06/2004,AEX,LA,ASW,CE,Federal Contract Tower,0,17,5,3,25,0,10,0,0,10,0,27,5,3,35,11,0,11,46
06/07/2004,AEX,LA,ASW,CE,Federal Contract Tower,0,20,9,5,34,0,6,0,0,6,0,26,9,5,40,56,15,71,111
06/08/2004,AEX,LA,ASW,CE,Federal Contract Tower,6,25,18,11,60,0,0,1,11,12,6,25,19,22,72,26,26,52,124
06/09/2004,AEX,LA,ASW,CE,Federal Contract Tower,6,25,17,10,58,1,0,6,1,8,7,25,23,11,66,97,25,122,188
06/10/2004,AEX,LA,ASW,CE,Federal Contract Tower,5,24,13,10,52,0,0,0,13,13,5,24,13,23,65,35,79,114,179
06/11/2004,AEX,LA,ASW,CE,Federal Contract Tower,5,26,17,12,60,0,0,0,20,20,5,26,17,32,80,100,13,113,193
06/12/2004,AEX,LA,ASW,CE,Federal Contract Tower,0,14,7,0,21,0,7,0,0,7,0,21,7,0,28,49,0,49,77
06/13/2004,AEX,LA,ASW,CE,Federal Contract Tower,0,21,9,6,36,0,0,0,6,6,0,21,9,12,42,73,1,74,116
06/14/2004,AEX,LA,ASW,CE,Federal Contract Tower,2,21,11,0,34,0,9,0,0,9,2,30,11,0,43,45,2,47,90
06/15/2004,AEX,LA,ASW,CE,Federal Contract Tower,5,23,11,7,46,3,0,0,1,4,8,23,11,8,50,113,45,158,208
06/16/2004,AEX,LA,ASW,CE,Federal Contract Tower,3,22,12,2,39,1,4,0,0,5,4,26,12,2,44,36,2,38,82
06/17/2004,AEX,LA,ASW,CE,Federal Contract Tower,3,21,12,2,38,1,4,0,0,5,4,25,12,2,43,124,9,133,176
06/18/2004,AEX,LA,ASW,CE,Federal Contract Tower,4,26,17,10,57,0,0,1,5,6,4,26,18,15,63,101,30,131,194
06/19/2004,AEX,LA,ASW,CE,Federal Contract Tower,0,17,9,1,27,0,6,1,0,7,0,23,10,1,34,79,9,88,122
06/20/2004,AEX,LA,ASW,CE,Federal Contract Tower,0,20,4,7,31,0,7,0,3,10,0,27,4,10,41,59,14,73,114
06/21/2004,AEX,LA,ASW,CE,Federal Contract Tower,4,26,17,10,57,0,0,3,4,7,4,26,20,14,64,76,23,99,163
06/22/2004,AEX,LA,ASW,CE,Federal Contract Tower,4,23,17,10,54,0,0,9,1,10,4,23,26,11,64,112,13,125,189
06/23/2004,AEX,LA,ASW,CE,Federal Contract Tower,5,32,15,3,55,2,1,4,0,7,7,33,19,3,62,82,5,87,149
06/24/2004,AEX,LA,ASW,CE,Federal Contract Tower,3,21,8,0,32,3,5,0,0,8,6,26,8,0,40,45,0,45,85
06/25/2004,AEX,LA,ASW,CE,Federal Contract Tower,4,24,12,0,40,5,0,4,0,9,9,24,16,0,49,31,0,31,80
06/26/2004,AEX,LA,ASW,CE,Federal Contract Tower,0,11,2,0,13,0,8,0,0,8,0,19,2,0,21,32,0,32,53
06/27/2004,AEX,LA,ASW,CE,Federal Contract Tower,2,15,3,0,20,0,9,0,0,9,2,24,3,0,29,22,0,22,51
06/28/2004,AEX,LA,ASW,CE,Federal Contract Tower,3,23,10,6,42,2,1,0,0,3,5,24,10,6,45,18,6,24,69
06/29/2004,AEX,LA,ASW,CE,Federal Contract Tower,4,21,14,9,48,1,0,6,1,8,5,21,20,10,56,53,16,69,125
06/30/2004,AEX,LA,ASW,CE,Federal Contract Tower,3,22,15,10,50,0,0,2,7,9,3,22,17,17,59,31,13,44,103
07/01/2004,AEX,LA,ASW,CE,Federal Contract Tower,4,25,12,10,51,0,0,0,5,5,4,25,12,15,56,110,15,125,181
07/02/2004,AEX,LA,ASW,CE,Federal Contract Tower,4,19,9,0,32,2,7,0,0,9,6,26,9,0,41,106,0,106,147
07/03/2004,AEX,LA,ASW,CE,Federal Contract Tower,1,14,9,0,24,0,6,1,0,7,1,20,10,0,31,86,0,86,117
07/04/2004,AEX,LA,ASW,CE,Federal Contract Tower,0,16,8,4,28,0,7,0,0,7,0,23,8,4,35,79,10,89,124
07/05/2004,AEX,LA,ASW,CE,Federal Contract Tower,1,14,7,0,22,0,9,0,0,9,1,23,7,0,31,81,0,81,112
07/06/2004,AEX,LA,ASW,CE,Federal Contract Tower,4,23,11,3,41,0,8,0,0,8,4,31,11,3,49,43,17,60,109
07/07/2004,AEX,LA,ASW,CE,Federal Contract Tower,3,24,15,5,47,0,0,6,0,6,3,24,21,5,53,51,2,53,106
07/08/2004,AEX,LA,ASW,CE,Federal Contract Tower,4,23,13,0,40,3,4,2,0,9,7,27,15,0,49,159,11,170,219
07/09/2004,AEX,LA,ASW,CE,Federal Contract Tower,5,26,20,13,64,0,0,0,8,8,5,26,20,21,72,51,21,72,144
07/10/2004,AEX,LA,ASW,CE,Federal Contract Tower,0,20,5,8,33,0,1,0,9,10,0,21,5,17,43,91,57,148,191
07/11/2004,AEX,LA,ASW,CE,Federal Contract Tower,1,25,7,11,44,0,0,0,17,17,1,25,7,28,61,28,65,93,154
07/12/2004,AEX,LA,ASW,CE,Federal Contract Tower,7,26,16,15,64,4,0,0,14,18,11,26,16,29,82,98,24,122,204
07/13/2004,AEX,LA,ASW,CE,Federal Contract Tower,4,22,11,6,43,3,2,0,0,5,7,24,11,6,48,65,7,72,120
07/14/2004,AEX,LA,ASW,CE,Federal Contract Tower,4,23,14,2,43,1,0,6,0,7,5,23,20,2,50,58,2,60,110
07/15/2004,AEX,LA,ASW,CE,Federal Contract Tower,4,21,9,4,38,3,4,0,0,7,7,25,9,4,45,68,21,89,134
07/16/2004,AEX,LA,ASW,CE,Federal Contract Tower,2,26,16,10,54,0,0,4,0,4,2,26,20,10,58,81,13,94,152
07/17/2004,AEX,LA,ASW,CE,Federal Contract Tower,1,12,4,0,17,0,10,0,0,10,1,22,4,0,27,27,0,27,54
07/18/2004,AEX,LA,ASW,CE,Federal Contract Tower,1,18,10,4,33,0,6,0,0,6,1,24,10,4,39,86,0,86,125
07/19/2004,AEX,LA,ASW,CE,Federal Contract Tower,3,26,19,15,63,0,0,6,6,12,3,26,25,21,75,59,10,69,144
07/20/2004,AEX,LA,ASW,CE,Federal Contract Tower,5,23,20,15,63,0,0,10,4,14,5,23,30,19,77,33,19,52,129
07/21/2004,AEX,LA,ASW,CE,Federal Contract Tower,4,25,14,4,47,5,0,3,0,8,9,25,17,4,55,54,3,57,112
07/22/2004,AEX,LA,ASW,CE,Federal Contract Tower,3,24,3,10,40,0,5,0,4,9,3,29,3,14,49,37,12,49,98
07/23/2004,AEX,LA,ASW,CE,Federal Contract Tower,4,25,17,12,58,1,0,6,0,7,5,25,23,12,65,78,25,103,168
07/24/2004,AEX,LA,ASW,CE,Federal Contract Tower,0,21,10,11,42,0,0,0,9,9,0,21,10,20,51,133,20,153,204
07/25/2004,AEX,LA,ASW,CE,Federal Contract Tower,1,21,7,2,31,0,13,0,0,13,1,34,7,2,44,60,5,65,109
07/26/2004,AEX,LA,ASW,CE,Federal Contract Tower,5,27,17,12,61,0,0,8,0,8,5,27,25,12,69,22,12,34,103
07/27/2004,AEX,LA,ASW,CE,Federal Contract Tower,6,23,22,16,67,1,0,10,6,17,7,23,32,22,84,57,22,79,163
07/28/2004,AEX,LA,ASW,CE,Federal Contract Tower,4,26,17,11,58,1,0,6,0,7,5,26,23,11,65,36,11,47,112
07/29/2004,AEX,LA,ASW,CE,Federal Contract Tower,4,26,12,12,54,1,0,0,9,10,5,26,12,21,64,50,41,91,155
07/30/2004,AEX,LA,ASW,CE,Federal Contract Tower,3,24,10,4,41,5,3,0,0,8,8,27,10,4,49,48,2,50,99
07/31/2004,AEX,LA,ASW,CE,Federal Contract Tower,2,15,7,1,25,0,6,0,0,6,2,21,7,1,31,126,16,142,173
08/01/2004,AEX,LA,ASW,CE,Federal Contract Tower,0,20,11,2,33,0,9,8,0,17,0,29,19,2,50,86,2,88,138
08/02/2004,AEX,LA,ASW,CE,Federal Contract Tower,3,26,15,17,61,0,0,5,1,6,3,26,20,18,67,21,42,63,130
08/03/2004,AEX,LA,ASW,CE,Federal Contract Tower,5,24,10,19,58,0,0,0,11,11,5,24,10,30,69,43,59,102,171
08/04/2004,AEX,LA,ASW,CE,Federal Contract Tower,0,17,10,10,37,0,7,0,0,7,0,24,10,10,44,35,10,45,89
08/05/2004,AEX,LA,ASW,CE,Federal Contract Tower,9,29,18,14,70,7,0,2,0,9,16,29,20,14,79,56,28,84,163
08/06/2004,AEX,LA,ASW,CE,Federal Contract Tower,3,26,12,19,60,0,0,0,11,11,3,26,12,30,71,53,10,63,134
08/07/2004,AEX,LA,ASW,CE,Federal Contract Tower,0,12,6,4,22,0,10,0,0,10,0,22,6,4,32,132,0,132,164
08/08/2004,AEX,LA,ASW,CE,Federal Contract Tower,0,13,7,0,20,0,14,0,0,14,0,27,7,0,34,93,6,99,133
08/09/2004,AEX,LA,ASW,CE,Federal Contract Tower,6,21,7,10,44,2,7,0,0,9,8,28,7,10,53,19,8,27,80
08/10/2004,AEX,LA,ASW,CE,Federal Contract Tower,5,15,4,6,30,0,9,0,0,9,5,24,4,6,39,55,20,75,114
08/11/2004,AEX,LA,ASW,CE,Federal Contract Tower,1,23,13,16,53,0,1,1,4,6,1,24,14,20,59,29,46,75,134
08/12/2004,AEX,LA,ASW,CE,Federal Contract Tower,2,25,12,17,56,0,1,0,6,7,2,26,12,23,63,100,23,123,186
08/13/2004,AEX,LA,ASW,CE,Federal Contract Tower,4,28,14,22,68,0,0,0,13,13,4,28,14,35,81,106,43,149,230
08/14/2004,AEX,LA,ASW,CE,Federal Contract Tower,1,19,10,15,45,0,0,0,10,10,1,19,10,25,55,39,26,65,120
08/15/2004,AEX,LA,ASW,CE,Federal Contract Tower,2,14,6,0,22,0,11,0,0,11,2,25,6,0,33,102,0,102,135
08/16/2004,AEX,LA,ASW,CE,Federal Contract Tower,6,26,15,8,55,2,0,6,0,8,8,26,21,8,63,99,21,120,183
08/17/2004,AEX,LA,ASW,CE,Federal Contract Tower,6,23,15,10,54,0,0,11,0,11,6,23,26,10,65,113,61,174,239
08/18/2004,AEX,LA,ASW,CE,Federal Contract Tower,2,19,11,0,32,0,5,8,0,13,2,24,19,0,45,106,16,122,167
08/19/2004,AEX,LA,ASW,CE,Federal Contract Tower,3,20,11,2,36,0,3,9,0,12,3,23,20,2,48,64,2,66,114
08/20/2004,AEX,LA,ASW,CE,Federal Contract Tower,2,21,12,6,41,0,6,3,0,9,2,27,15,6,50,2,2,4,54
08/21/2004,AEX,LA,ASW,CE,Federal Contract Tower,0,21,4,19,44,0,0,0,29,29,0,21,4,48,73,39,31,70,143
08/22/2004,AEX,LA,ASW,CE,Federal Contract Tower,0,26,11,18,55,0,0,0,16,16,0,26,11,34,71,54,11,65,136
08/23/2004,AEX,LA,ASW,CE,Federal Contract Tower,6,26,5,17,54,0,0,0,12,12,6,26,5,29,66,87,22,109,175
08/24/2004,AEX,LA,ASW,CE,Federal Contract Tower,7,4,11,19,41,16,0,0,16,32,23,4,11,35,73,106,34,140,213
08/25/2004,AEX,LA,ASW,CE,Federal Contract Tower,4,24,16,20,64,0,0,0,14,14,4,24,16,34,78,70,85,155,233
08/26/2004,AEX,LA,ASW,CE,Federal Contract Tower,4,26,15,19,64,0,0,6,0,6,4,26,21,19,70,63,7,70,140
08/27/2004,AEX,LA,ASW,CE,Federal Contract Tower,8,28,17,17,70,7,0,1,0,8,15,28,18,17,78,54,17,71,149
08/28/2004,AEX,LA,ASW,CE,Federal Contract Tower,4,16,8,0,28,2,7,2,0,11,6,23,10,0,39,53,1,54,93
08/29/2004,AEX,LA,ASW,CE,Federal Contract Tower,7,25,14,4,50,18,0,0,0,18,25,25,14,4,68,53,9,62,130
08/30/2004,AEX,LA,ASW,CE,Federal Contract Tower,9,26,19,20,74,11,0,3,0,14,20,26,22,20,88,86,28,114,202
08/31/2004,AEX,LA,ASW,CE,Federal Contract Tower,7,25,15,3,50,17,0,3,0,20,24,25,18,3,70,118,54,172,242
09/01/2004,AEX,LA,ASW,CE,Federal Contract Tower,14,24,20,12,70,15,0,1,0,16,29,24,21,12,86,76,146,222,308
09/02/2004,AEX,LA,ASW,CE,Federal Contract Tower,11,27,9,11,58,9,0,0,0,9,20,27,9,11,67,137,76,213,280
09/03/2004,AEX,LA,ASW,CE,Federal Contract Tower,16,25,10,17,68,5,0,0,22,27,21,25,10,39,95,12,63,75,170
09/04/2004,AEX,LA,ASW,CE,Federal Contract Tower,0,21,11,4,36,0,11,3,0,14,0,32,14,4,50,0,75,75,125
09/05/2004,AEX,LA,ASW,CE,Federal Contract Tower,0,17,10,7,34,0,1,3,3,7,0,18,13,10,41,54,110,164,205
09/06/2004,AEX,LA,ASW,CE,Federal Contract Tower,0,16,8,4,28,0,9,1,0,10,0,25,9,4,38,138,176,314,352
09/07/2004,AEX,LA,ASW,CE,Federal Contract Tower,8,23,4,10,45,0,5,0,6,11,8,28,4,16,56,132,16,148,204
09/08/2004,AEX,LA,ASW,CE,Federal Contract Tower,5,22,9,10,46,0,0,0,10,10,5,22,9,20,56,99,116,215,271
09/09/2004,AEX,LA,ASW,CE,Federal Contract Tower,4,24,13,9,50,0,2,5,0,7,4,26,18,9,57,76,128,204,261
09/10/2004,AEX,LA,ASW,CE,Federal Contract Tower,6,22,12,4,44,0,6,3,0,9,6,28,15,4,53,154,92,246,299
09/11/2004,AEX,LA,ASW,CE,Federal Contract Tower,4,20,11,9,44,0,1,1,2,4,4,21,12,11,48,154,11,165,213
09/12/2004,AEX,LA,ASW,CE,Federal Contract Tower,5,14,4,1,24,0,10,0,0,10,5,24,4,1,34,17,80,97,131
09/13/2004,AEX,LA,ASW,CE,Federal Contract Tower,0,24,16,13,53,0,0,6,9,15,0,24,22,22,68,44,165,209,277
09/14/2004,AEX,LA,ASW,CE,Federal Contract Tower,11,27,12,2,52,8,4,0,0,12,19,31,12,2,64,24,101,125,189
09/15/2004,AEX,LA,ASW,CE,Federal Contract Tower,9,24,14,2,49,4,3,3,0,10,13,27,17,2,59,120,192,312,371
09/16/2004,AEX,LA,ASW,CE,Federal Contract Tower,8,21,4,10,43,4,5,0,0,9,12,26,4,10,52,47,90,137,189
09/17/2004,AEX,LA,ASW,CE,Federal Contract Tower,10,25,6,12,53,6,0,0,4,10,16,25,6,16,63,114,135,249,312
09/18/2004,AEX,LA,ASW,CE,Federal Contract Tower,4,20,8,10,42,0,0,0,7,7,4,20,8,17,49,142,17,159,208
09/19/2004,AEX,LA,ASW,CE,Federal Contract Tower,2,16,8,3,29,0,6,1,0,7,2,22,9,3,36,230,3,233,269
09/20/2004,AEX,LA,ASW,CE,Federal Contract Tower,2,24,12,9,47,0,3,5,0,8,2,27,17,9,55,124,219,343,398
09/21/2004,AEX,LA,ASW,CE,Federal Contract Tower,4,26,17,16,63,0,0,1,14,15,4,26,18,30,78,75,200,275,353
09/22/2004,AEX,LA,ASW,CE,Federal Contract Tower,8,21,18,16,63,0,0,4,16,20,8,21,22,32,83,75,170,245,328
09/23/2004,AEX,LA,ASW,CE,Federal Contract Tower,3,22,10,4,39,0,4,7,0,11,3,26,17,4,50,30,86,116,166
09/24/2004,AEX,LA,ASW,CE,Federal Contract Tower,5,23,11,9,48,0,3,2,0,5,5,26,13,9,53,51,95,146,199
09/25/2004,AEX,LA,ASW,CE,Federal Contract Tower,0,12,6,0,18,0,8,1,0,9,0,20,7,0,27,110,192,302,329
09/26/2004,AEX,LA,ASW,CE,Federal Contract Tower,1,17,9,4,31,0,8,0,0,8,1,25,9,4,39,92,4,96,135
09/27/2004,AEX,LA,ASW,CE,Federal Contract Tower,6,23,14,11,54,0,0,2,4,6,6,23,16,15,60,80,28,108,168
09/28/2004,AEX,LA,ASW,CE,Federal Contract Tower,14,26,21,6,67,10,0,12,0,22,24,26,33,6,89,72,29,101,190
09/29/2004,AEX,LA,ASW,CE,Federal Contract Tower,10,24,12,5,51,13,0,0,0,13,23,24,12,5,64,125,14,139,203
09/30/2004,AEX,LA,ASW,CE,Federal Contract Tower,10,27,15,1,53,15,0,0,0,15,25,27,15,1,68,52,4,56,124
10/01/2004,AEX,LA,ASW,CE,Federal Contract Tower,20,25,16,8,69,0,0,0,0,0,20,25,16,8,69,194,34,228,297
10/02/2004,AEX,LA,ASW,CE,Federal Contract Tower,26,22,0,13,61,0,0,0,0,0,26,22,0,13,61,139,26,165,226
10/03/2004,AEX,LA,ASW,CE,Federal Contract Tower,31,27,15,10,83,0,0,0,0,0,31,27,15,10,83,75,35,110,193
10/04/2004,AEX,LA,ASW,CE,Federal Contract Tower,25,24,12,9,70,0,0,0,0,0,25,24,12,9,70,103,9,112,182
10/05/2004,AEX,LA,ASW,CE,Federal Contract Tower,6,25,14,10,55,0,0,0,0,0,6,25,14,10,55,46,14,60,115
10/06/2004,AEX,LA,ASW,CE,Federal Contract Tower,6,24,18,29,77,0,0,0,0,0,6,24,18,29,77,44,51,95,172
10/07/2004,AEX,LA,ASW,CE,Federal Contract Tower,10,27,14,4,55,0,0,0,0,0,10,27,14,4,55,28,4,32,87
10/08/2004,AEX,LA,ASW,CE,Federal Contract Tower,7,27,25,2,61,0,0,0,0,0,7,27,25,2,61,26,0,26,87
10/09/2004,AEX,LA,ASW,CE,Federal Contract Tower,6,22,14,8,50,0,0,0,0,0,6,22,14,8,50,97,28,125,175
10/10/2004,AEX,LA,ASW,CE,Federal Contract Tower,0,27,10,0,37,0,0,0,0,0,0,27,10,0,37,40,0,40,77
10/11/2004,AEX,LA,ASW,CE,Federal Contract Tower,0,25,17,7,49,0,0,0,0,0,0,25,17,7,49,0,0,0,49
10/12/2004,AEX,LA,ASW,CE,Federal Contract Tower,6,28,13,4,51,0,0,0,0,0,6,28,13,4,51,64,10,74,125
10/13/2004,AEX,LA,ASW,CE,Federal Contract Tower,3,23,16,33,75,0,0,0,0,0,3,23,16,33,75,136,46,182,257
10/14/2004,AEX,LA,ASW,CE,Federal Contract Tower,6,26,16,24,72,0,0,0,0,0,6,26,16,24,72,21,86,107,179
10/15/2004,AEX,LA,ASW,CE,Federal Contract Tower,4,25,14,5,48,0,0,0,0,0,4,25,14,5,48,74,23,97,145
10/16/2004,AEX,LA,ASW,CE,Federal Contract Tower,1,23,11,8,43,0,0,0,0,0,1,23,11,8,43,171,51,222,265
10/17/2004,AEX,LA,ASW,CE,Federal Contract Tower,1,28,18,19,66,0,0,0,0,0,1,28,18,19,66,56,22,78,144
10/18/2004,AEX,LA,ASW,CE,Federal Contract Tower,2,26,12,4,44,0,0,0,0,0,2,26,12,4,44,74,10,84,128
10/19/2004,AEX,LA,ASW,CE,Federal Contract Tower,5,24,18,13,60,0,0,0,0,0,5,24,18,13,60,82,13,95,155
10/20/2004,AEX,LA,ASW,CE,Federal Contract Tower,2,24,14,14,54,0,0,0,0,0,2,24,14,14,54,90,61,151,205
10/21/2004,AEX,LA,ASW,CE,Federal Contract Tower,10,30,21,7,68,0,0,0,0,0,10,30,21,7,68,9,24,33,101
10/22/2004,AEX,LA,ASW,CE,Federal Contract Tower,5,25,22,19,71,0,0,0,0,0,5,25,22,19,71,102,8,110,181
10/23/2004,AEX,LA,ASW,CE,Federal Contract Tower,17,21,11,4,53,0,0,0,0,0,17,21,11,4,53,111,16,127,180
10/24/2004,AEX,LA,ASW,CE,Federal Contract Tower,13,24,16,0,53,0,0,0,0,0,13,24,16,0,53,104,4,108,161
10/25/2004,AEX,LA,ASW,CE,Federal Contract Tower,19,30,11,6,66,0,0,0,0,0,19,30,11,6,66,103,26,129,195
10/26/2004,AEX,LA,ASW,CE,Federal Contract Tower,29,29,21,22,101,0,0,0,0,0,29,29,21,22,101,87,66,153,254
10/27/2004,AEX,LA,ASW,CE,Federal Contract Tower,14,24,16,4,58,0,0,0,0,0,14,24,16,4,58,96,35,131,189
10/28/2004,AEX,LA,ASW,CE,Federal Contract Tower,2,25,11,13,51,0,0,0,0,0,2,25,11,13,51,10,2,12,63
10/29/2004,AEX,LA,ASW,CE,Federal Contract Tower,7,28,22,9,66,0,0,0,0,0,7,28,22,9,66,91,17,108,174
10/30/2004,AEX,LA,ASW,CE,Federal Contract Tower,4,19,8,8,39,0,0,0,0,0,4,19,8,8,39,25,55,80,119
10/31/2004,AEX,LA,ASW,CE,Federal Contract Tower,3,24,9,3,39,0,0,0,0,0,3,24,9,3,39,86,2,88,127
11/01/2004,AEX,LA,ASW,CE,Federal Contract Tower,4,24,11,0,39,0,0,0,0,0,4,24,11,0,39,21,4,25,64
11/02/2004,AEX,LA,ASW,CE,Federal Contract Tower,5,22,5,0,32,0,0,0,0,0,5,22,5,0,32,4,4,8,40
11/03/2004,AEX,LA,ASW,CE,Federal Contract Tower,5,22,13,24,64,0,0,0,0,0,5,22,13,24,64,14,24,38,102
11/04/2004,AEX,LA,ASW,CE,Federal Contract Tower,4,23,18,11,56,0,0,0,0,0,4,23,18,11,56,19,67,86,142
11/05/2004,AEX,LA,ASW,CE,Federal Contract Tower,5,23,25,25,78,0,0,0,0,0,5,23,25,25,78,61,31,92,170
11/06/2004,AEX,LA,ASW,CE,Federal Contract Tower,2,16,12,5,35,0,0,0,0,0,2,16,12,5,35,150,8,158,193
11/07/2004,AEX,LA,ASW,CE,Federal Contract Tower,4,22,2,0,28,0,0,0,0,0,4,22,2,0,28,79,2,81,109
11/08/2004,AEX,LA,ASW,CE,Federal Contract Tower,3,26,18,8,55,0,0,0,0,0,3,26,18,8,55,50,12,62,117
11/09/2004,AEX,LA,ASW,CE,Federal Contract Tower,6,22,14,8,50,0,0,0,0,0,6,22,14,8,50,97,28,125,175
11/10/2004,AEX,LA,ASW,CE,Federal Contract Tower,7,20,21,18,66,0,0,0,0,0,7,20,21,18,66,55,77,132,198
11/11/2004,AEX,LA,ASW,CE,Federal Contract Tower,8,27,9,5,49,0,0,0,0,0,8,27,9,5,49,36,3,39,88
11/12/2004,AEX,LA,ASW,CE,Federal Contract Tower,11,28,21,12,72,0,0,0,0,0,11,28,21,12,72,49,3,52,124
11/13/2004,AEX,LA,ASW,CE,Federal Contract Tower,7,18,9,3,37,0,0,0,0,0,7,18,9,3,37,70,6,76,113
11/14/2004,AEX,LA,ASW,CE,Federal Contract Tower,9,22,5,1,37,0,0,0,0,0,9,22,5,1,37,66,0,66,103
11/15/2004,AEX,LA,ASW,CE,Federal Contract Tower,9,22,23,18,72,0,0,0,0,0,9,22,23,18,72,24,19,43,115
11/16/2004,AEX,LA,ASW,CE,Federal Contract Tower,6,22,20,18,66,0,0,0,0,0,6,22,20,18,66,53,58,111,177
11/17/2004,AEX,LA,ASW,CE,Federal Contract Tower,4,25,30,1,60,0,0,0,0,0,4,25,30,1,60,93,12,105,165
11/18/2004,AEX,LA,ASW,CE,Federal Contract Tower,3,23,14,28,68,0,0,0,0,0,3,23,14,28,68,3,28,31,99
11/19/2004,AEX,LA,ASW,CE,Federal Contract Tower,4,25,13,7,49,0,0,0,0,0,4,25,13,7,49,57,45,102,151
11/20/2004,AEX,LA,ASW,CE,Federal Contract Tower,0,18,24,0,42,0,0,0,0,0,0,18,24,0,42,2,0,2,44
11/21/2004,AEX,LA,ASW,CE,Federal Contract Tower,2,22,8,2,34,0,0,0,0,0,2,22,8,2,34,9,0,9,43
11/22/2004,AEX,LA,ASW,CE,Federal Contract Tower,3,22,6,0,31,0,0,0,0,0,3,22,6,0,31,0,0,0,31
11/23/2004,AEX,LA,ASW,CE,Federal Contract Tower,5,17,13,23,58,0,0,0,0,0,5,17,13,23,58,5,0,5,63
11/24/2004,AEX,LA,ASW,CE,Federal Contract Tower,4,24,29,12,69,0,0,0,0,0,4,24,29,12,69,14,33,47,116
11/25/2004,AEX,LA,ASW,CE,Federal Contract Tower,2,20,8,2,32,0,0,0,0,0,2,20,8,2,32,40,2,42,74
11/26/2004,AEX,LA,ASW,CE,Federal Contract Tower,13,19,9,4,45,0,0,0,0,0,13,19,9,4,45,43,0,43,88
11/27/2004,AEX,LA,ASW,CE,Federal Contract Tower,5,24,10,3,42,0,0,0,0,0,5,24,10,3,42,20,0,20,62
11/28/2004,AEX,LA,ASW,CE,Federal Contract Tower,8,24,10,1,43,0,0,0,0,0,8,24,10,1,43,60,0,60,103
11/29/2004,AEX,LA,ASW,CE,Federal Contract Tower,9,29,19,17,74,0,0,0,0,0,9,29,19,17,74,21,35,56,130
11/30/2004,AEX,LA,ASW,CE,Federal Contract Tower,7,21,14,14,56,0,0,0,0,0,7,21,14,14,56,9,10,19,75
12/01/2004,AEX,LA,ASW,CE,Federal Contract Tower,5,23,15,2,45,0,0,0,0,0,5,23,15,2,45,89,17,106,151
12/02/2004,AEX,LA,ASW,CE,Federal Contract Tower,6,24,11,8,49,0,0,0,0,0,6,24,11,8,49,70,49,119,168
12/03/2004,AEX,LA,ASW,CE,Federal Contract Tower,4,24,14,10,52,0,0,0,0,0,4,24,14,10,52,59,10,69,121
12/04/2004,AEX,LA,ASW,CE,Federal Contract Tower,1,18,10,3,32,0,0,0,0,0,1,18,10,3,32,65,12,77,109
12/05/2004,AEX,LA,ASW,CE,Federal Contract Tower,2,28,9,0,39,0,0,0,0,0,2,28,9,0,39,11,0,11,50
12/06/2004,AEX,LA,ASW,CE,Federal Contract Tower,5,24,17,1,47,0,0,0,0,0,5,24,17,1,47,4,0,4,51
12/07/2004,AEX,LA,ASW,CE,Federal Contract Tower,5,22,13,6,46,0,0,0,0,0,5,22,13,6,46,131,25,156,202
12/08/2004,AEX,LA,ASW,CE,Federal Contract Tower,14,24,29,7,74,0,0,0,0,0,14,24,29,7,74,35,33,68,142
12/09/2004,AEX,LA,ASW,CE,Federal Contract Tower,5,24,8,22,59,0,0,0,0,0,5,24,8,22,59,45,116,161,220
12/10/2004,AEX,LA,ASW,CE,Federal Contract Tower,6,24,22,26,78,0,0,0,0,0,6,24,22,26,78,63,46,109,187
12/11/2004,AEX,LA,ASW,CE,Federal Contract Tower,2,18,7,11,38,0,0,0,0,0,2,18,7,11,38,26,57,83,121
12/12/2004,AEX,LA,ASW,CE,Federal Contract Tower,0,22,11,13,46,0,0,0,0,0,0,22,11,13,46,70,35,105,151
12/13/2004,AEX,LA,ASW,CE,Federal Contract Tower,5,27,20,5,57,0,0,0,0,0,5,27,20,5,57,84,30,114,171
12/14/2004,AEX,LA,ASW,CE,Federal Contract Tower,6,22,20,5,53,0,0,0,0,0,6,22,20,5,53,45,116,161,214
12/15/2004,AEX,LA,ASW,CE,Federal Contract Tower,3,24,26,12,65,0,0,0,0,0,3,24,26,12,65,37,20,57,122
12/16/2004,AEX,LA,ASW,CE,Federal Contract Tower,7,25,21,0,53,0,0,0,0,0,7,25,21,0,53,53,11,64,117
12/17/2004,AEX,LA,ASW,CE,Federal Contract Tower,8,23,34,7,72,0,0,0,0,0,8,23,34,7,72,60,13,73,145
12/18/2004,AEX,LA,ASW,CE,Federal Contract Tower,1,18,10,13,42,0,0,0,0,0,1,18,10,13,42,49,51,100,142
12/19/2004,AEX,LA,ASW,CE,Federal Contract Tower,0,22,12,4,38,0,0,0,0,0,0,22,12,4,38,47,18,65,103
12/20/2004,AEX,LA,ASW,CE,Federal Contract Tower,12,27,52,20,111,0,0,0,0,0,12,27,52,20,111,17,17,34,145
12/21/2004,AEX,LA,ASW,CE,Federal Contract Tower,9,23,10,12,54,0,0,0,0,0,9,23,10,12,54,31,14,45,99
12/22/2004,AEX,LA,ASW,CE,Federal Contract Tower,3,18,9,6,36,0,0,0,0,0,3,18,9,6,36,20,0,20,56
12/23/2004,AEX,LA,ASW,CE,Federal Contract Tower,5,24,17,3,49,0,0,0,0,0,5,24,17,3,49,85,18,103,152
12/24/2004,AEX,LA,ASW,CE,Federal Contract Tower,0,21,7,2,30,0,0,0,0,0,0,21,7,2,30,96,2,98,128
12/25/2004,AEX,LA,ASW,CE,Federal Contract Tower,0,14,1,0,15,0,0,0,0,0,0,14,1,0,15,52,0,52,67
12/26/2004,AEX,LA,ASW,CE,Federal Contract Tower,0,22,23,0,45,0,0,0,0,0,0,22,23,0,45,100,0,100,145
12/27/2004,AEX,LA,ASW,CE,Federal Contract Tower,6,25,12,2,45,0,0,0,0,0,6,25,12,2,45,122,13,135,180
12/28/2004,AEX,LA,ASW,CE,Federal Contract Tower,6,23,19,0,48,0,0,0,0,0,6,23,19,0,48,144,7,151,199
12/29/2004,AEX,LA,ASW,CE,Federal Contract Tower,3,26,18,0,47,0,0,0,0,0,3,26,18,0,47,32,0,32,79
12/30/2004,AEX,LA,ASW,CE,Federal Contract Tower,0,25,0,2,27,0,0,0,0,0,0,25,0,2,27,44,2,46,73
12/31/2004,AEX,LA,ASW,CE,Federal Contract Tower,0,20,14,0,34,0,0,0,0,0,0,20,14,0,34,31,0,31,65
01/01/2005,AEX,LA,ASW,CE,Federal Contract Tower,17,0,4,0,21,0,0,0,0,0,17,0,4,0,21,5,0,5,26
01/02/2005,AEX,LA,ASW,CE,Federal Contract Tower,0,22,10,4,36,0,0,0,0,0,0,22,10,4,36,2,0,2,38
01/03/2005,AEX,LA,ASW,CE,Federal Contract Tower,13,24,20,7,64,0,0,0,0,0,13,24,20,7,64,70,8,78,142
01/04/2005,AEX,LA,ASW,CE,Federal Contract Tower,18,28,15,18,79,0,0,0,0,0,18,28,15,18,79,78,13,91,170
01/05/2005,AEX,LA,ASW,CE,Federal Contract Tower,25,22,27,15,89,0,0,0,0,0,25,22,27,15,89,41,18,59,148
01/06/2005,AEX,LA,ASW,CE,Federal Contract Tower,20,26,14,4,64,0,0,0,0,0,20,26,14,4,64,36,10,46,110
01/07/2005,AEX,LA,ASW,CE,Federal Contract Tower,4,25,19,3,51,0,0,0,0,0,4,25,19,3,51,0,0,0,51
01/08/2005,AEX,LA,ASW,CE,Federal Contract Tower,2,19,8,10,39,0,0,0,0,0,2,19,8,10,39,66,25,91,130
01/09/2005,AEX,LA,ASW,CE,Federal Contract Tower,1,26,11,5,43,0,0,0,0,0,1,26,11,5,43,66,12,78,121
01/10/2005,AEX,LA,ASW,CE,Federal Contract Tower,3,27,12,14,56,0,0,0,0,0,3,27,12,14,56,9,20,29,85
01/11/2005,AEX,LA,ASW,CE,Federal Contract Tower,6,22,13,27,68,0,0,0,0,0,6,22,13,27,68,16,11,27,95
01/12/2005,AEX,LA,ASW,CE,Federal Contract Tower,3,25,21,2,51,0,0,0,0,0,3,25,21,2,51,47,22,69,120
01/13/2005,AEX,LA,ASW,CE,Federal Contract Tower,4,26,16,26,72,0,0,0,0,0,4,26,16,26,72,51,19,70,142
01/14/2005,AEX,LA,ASW,CE,Federal Contract Tower,4,25,20,9,58,0,0,0,0,0,4,25,20,9,58,66,7,73,131
01/15/2005,AEX,LA,ASW,CE,Federal Contract Tower,2,20,6,26,54,0,0,0,0,0,2,20,6,26,54,60,35,95,149
01/16/2005,AEX,LA,ASW,CE,Federal Contract Tower,0,25,11,25,61,0,0,0,0,0,0,25,11,25,61,14,59,73,134
01/17/2005,AEX,LA,ASW,CE,Federal Contract Tower,0,23,6,4,33,0,0,0,0,0,0,23,6,4,33,38,13,51,84
01/18/2005,AEX,LA,ASW,CE,Federal Contract Tower,5,22,13,13,53,0,0,0,0,0,5,22,13,13,53,50,33,83,136
01/19/2005,AEX,LA,ASW,CE,Federal Contract Tower,1,22,16,16,55,0,0,0,0,0,1,22,16,16,55,88,18,106,161
01/20/2005,AEX,LA,ASW,CE,Federal Contract Tower,10,27,19,12,68,0,0,0,0,0,10,27,19,12,68,110,43,153,221
01/21/2005,AEX,LA,ASW,CE,Federal Contract Tower,4,26,17,10,57,0,0,0,0,0,4,26,17,10,57,68,12,80,137
01/22/2005,AEX,LA,ASW,CE,Federal Contract Tower,4,21,3,6,34,0,0,0,0,0,4,21,3,6,34,29,12,41,75
01/23/2005,AEX,LA,ASW,CE,Federal Contract Tower,0,24,3,5,32,0,0,0,0,0,0,24,3,5,32,42,0,42,74
01/24/2005,AEX,LA,ASW,CE,Federal Contract Tower,10,25,12,14,61,0,0,0,0,0,10,25,12,14,61,45,19,64,125
01/25/2005,AEX,LA,ASW,CE,Federal Contract Tower,11,23,19,16,69,0,0,0,0,0,11,23,19,16,69,63,42,105,174
01/26/2005,AEX,LA,ASW,CE,Federal Contract Tower,7,26,20,28,81,0,0,0,0,0,7,26,20,28,81,50,32,82,163
01/27/2005,AEX,LA,ASW,CE,Federal Contract Tower,8,26,18,20,72,0,0,0,0,0,8,26,18,20,72,55,81,136,208
01/28/2005,AEX,LA,ASW,CE,Federal Contract Tower,8,26,13,8,55,0,0,0,0,0,8,26,13,8,55,1,4,5,60
01/29/2005,AEX,LA,ASW,CE,Federal Contract Tower,4,15,10,0,29,0,0,0,0,0,4,15,10,0,29,3,0,3,32
01/30/2005,AEX,LA,ASW,CE,Federal Contract Tower,0,16,13,5,34,0,0,0,0,0,0,16,13,5,34,20,21,41,75
01/31/2005,AEX,LA,ASW,CE,Federal Contract Tower,6,22,6,5,39,0,0,0,0,0,6,22,6,5,39,0,0,0,39
02/01/2005,AEX,LA,ASW,CE,Federal Contract Tower,5,18,16,0,39,0,0,0,0,0,5,18,16,0,39,0,0,0,39
02/02/2005,AEX,LA,ASW,CE,Federal Contract Tower,6,24,18,19,67,0,0,0,0,0,6,24,18,19,67,7,29,36,103
02/03/2005,AEX,LA,ASW,CE,Federal Contract Tower,4,24,26,20,74,0,0,0,0,0,4,24,26,20,74,19,109,128,202
02/04/2005,AEX,LA,ASW,CE,Federal Contract Tower,4,18,9,13,44,0,0,0,0,0,4,18,9,13,44,54,65,119,163
02/05/2005,AEX,LA,ASW,CE,Federal Contract Tower,0,18,14,9,41,0,0,0,0,0,0,18,14,9,41,115,83,198,239
02/06/2005,AEX,LA,ASW,CE,Federal Contract Tower,0,19,7,0,26,0,0,0,0,0,0,19,7,0,26,28,128,156,182
02/07/2005,AEX,LA,ASW,CE,Federal Contract Tower,2,26,7,9,44,0,0,0,0,0,2,26,7,9,44,0,5,5,49
02/08/2005,AEX,LA,ASW,CE,Federal Contract Tower,5,23,16,23,67,0,0,0,0,0,5,23,16,23,67,1,0,1,68
02/09/2005,AEX,LA,ASW,CE,Federal Contract Tower,1,21,18,23,63,0,0,0,0,0,1,21,18,23,63,3,25,28,91
02/10/2005,AEX,LA,ASW,CE,Federal Contract Tower,4,25,11,8,48,0,0,0,0,0,4,25,11,8,48,58,51,109,157
02/11/2005,AEX,LA,ASW,CE,Federal Contract Tower,3,25,13,16,57,0,0,0,0,0,3,25,13,16,57,87,77,164,221
02/12/2005,AEX,LA,ASW,CE,Federal Contract Tower,0,17,12,28,57,0,0,0,0,0,0,17,12,28,57,123,171,294,351
02/13/2005,AEX,LA,ASW,CE,Federal Contract Tower,0,20,11,4,35,0,0,0,0,0,0,20,11,4,35,6,10,16,51
02/14/2005,AEX,LA,ASW,CE,Federal Contract Tower,1,20,8,11,40,0,0,0,0,0,1,20,8,11,40,90,101,191,231
02/15/2005,AEX,LA,ASW,CE,Federal Contract Tower,4,16,24,26,70,0,0,0,0,0,4,16,24,26,70,2,99,101,171
02/16/2005,AEX,LA,ASW,CE,Federal Contract Tower,8,25,33,20,86,0,0,0,0,0,8,25,33,20,86,42,6,48,134
02/17/2005,AEX,LA,ASW,CE,Federal Contract Tower,4,24,22,14,64,0,0,0,0,0,4,24,22,14,64,27,362,389,453
02/18/2005,AEX,LA,ASW,CE,Federal Contract Tower,4,23,18,6,51,0,0,0,0,0,4,23,18,6,51,83,302,385,436
02/19/2005,AEX,LA,ASW,CE,Federal Contract Tower,0,17,6,14,37,0,0,0,0,0,0,17,6,14,37,116,180,296,333
02/20/2005,AEX,LA,ASW,CE,Federal Contract Tower,0,20,9,16,45,0,0,0,0,0,0,20,9,16,45,84,113,197,242
02/21/2005,AEX,LA,ASW,CE,Federal Contract Tower,2,25,27,3,57,0,0,0,0,0,2,25,27,3,57,42,106,148,205
02/22/2005,AEX,LA,ASW,CE,Federal Contract Tower,5,29,20,4,58,0,0,0,0,0,5,29,20,4,58,38,84,122,180
02/23/2005,AEX,LA,ASW,CE,Federal Contract Tower,4,24,10,4,42,0,0,0,0,0,4,24,10,4,42,0,8,8,50
02/24/2005,AEX,LA,ASW,CE,Federal Contract Tower,12,27,11,5,55,0,0,0,0,0,12,27,11,5,55,0,0,0,55
02/25/2005,AEX,LA,ASW,CE,Federal Contract Tower,3,21,18,37,79,0,0,0,0,0,3,21,18,37,79,72,101,173,252
02/26/2005,AEX,LA,ASW,CE,Federal Contract Tower,0,18,23,9,50,0,0,0,0,0,0,18,23,9,50,141,14,155,205
02/27/2005,AEX,LA,ASW,CE,Federal Contract Tower,0,18,16,12,46,0,0,0,0,0,0,18,16,12,46,14,0,14,60
02/28/2005,AEX,LA,ASW,CE,Federal Contract Tower,10,23,13,26,72,0,0,0,0,0,10,23,13,26,72,86,2,88,160
03/01/2005,AEX,LA,ASW,CE,Federal Contract Tower,8,23,9,25,65,0,0,0,0,0,8,23,9,25,65,163,37,200,265
03/02/2005,AEX,LA,ASW,CE,Federal Contract Tower,14,24,21,4,63,0,0,0,0,0,14,24,21,4,63,14,20,34,97
03/03/2005,AEX,LA,ASW,CE,Federal Contract Tower,20,28,10,6,64,0,0,0,0,0,20,28,10,6,64,50,13,63,127
03/04/2005,AEX,LA,ASW,CE,Federal Contract Tower,19,26,19,0,64,0,0,0,0,0,19,26,19,0,64,49,9,58,122
03/05/2005,AEX,LA,ASW,CE,Federal Contract Tower,3,23,20,13,59,0,0,0,0,0,3,23,20,13,59,114,43,157,216
03/06/2005,AEX,LA,ASW,CE,Federal Contract Tower,2,23,12,9,46,0,0,0,0,0,2,23,12,9,46,79,34,113,159
03/07/2005,AEX,LA,ASW,CE,Federal Contract Tower,4,29,12,9,54,0,0,0,0,0,4,29,12,9,54,22,15,37,91
03/08/2005,AEX,LA,ASW,CE,Federal Contract Tower,5,22,30,12,69,0,0,0,0,0,5,22,30,12,69,77,24,101,170
03/09/2005,AEX,LA,ASW,CE,Federal Contract Tower,3,27,17,0,47,0,0,0,0,0,3,27,17,0,47,26,143,169,216
03/10/2005,AEX,LA,ASW,CE,Federal Contract Tower,4,21,35,11,71,0,0,0,0,0,4,21,35,11,71,77,57,134,205
03/11/2005,AEX,LA,ASW,CE,Federal Contract Tower,6,23,24,26,79,0,0,0,0,0,6,23,24,26,79,63,30,93,172
03/12/2005,AEX,LA,ASW,CE,Federal Contract Tower,0,19,6,8,33,0,0,0,0,0,0,19,6,8,33,63,10,73,106
03/13/2005,AEX,LA,ASW,CE,Federal Contract Tower,0,23,10,11,44,0,0,0,0,0,0,23,10,11,44,72,25,97,141
03/14/2005,AEX,LA,ASW,CE,Federal Contract Tower,5,23,11,7,46,0,0,0,0,0,5,23,11,7,46,66,15,81,127
03/15/2005,AEX,LA,ASW,CE,Federal Contract Tower,5,26,19,1,51,0,0,0,0,0,5,26,19,1,51,4,6,10,61
03/16/2005,AEX,LA,ASW,CE,Federal Contract Tower,5,27,23,20,75,0,0,0,0,0,5,27,23,20,75,11,10,21,96
03/17/2005,AEX,LA,ASW,CE,Federal Contract Tower,2,23,25,33,83,0,0,0,0,0,2,23,25,33,83,75,70,145,228
03/18/2005,AEX,LA,ASW,CE,Federal Contract Tower,4,25,23,15,67,0,0,0,0,0,4,25,23,15,67,63,27,90,157
03/19/2005,AEX,LA,ASW,CE,Federal Contract Tower,0,17,11,27,55,0,0,0,0,0,0,17,11,27,55,59,44,103,158
03/20/2005,AEX,LA,ASW,CE,Federal Contract Tower,0,23,9,14,46,0,0,0,0,0,0,23,9,14,46,12,22,34,80
03/21/2005,AEX,LA,ASW,CE,Federal Contract Tower,4,22,10,10,46,0,0,0,0,0,4,22,10,10,46,81,30,111,157
03/22/2005,AEX,LA,ASW,CE,Federal Contract Tower,8,22,33,25,88,0,0,0,0,0,8,22,33,25,88,79,74,153,241
03/23/2005,AEX,LA,ASW,CE,Federal Contract Tower,5,25,11,28,69,0,0,0,0,0,5,25,11,28,69,163,52,215,284
03/24/2005,AEX,LA,ASW,CE,Federal Contract Tower,8,26,18,10,62,0,0,0,0,0,8,26,18,10,62,53,130,183,245
03/25/2005,AEX,LA,ASW,CE,Federal Contract Tower,10,21,20,34,85,0,0,0,0,0,10,21,20,34,85,43,86,129,214
03/26/2005,AEX,LA,ASW,CE,Federal Contract Tower,9,21,6,4,40,0,0,0,0,0,9,21,6,4,40,33,6,39,79
03/27/2005,AEX,LA,ASW,CE,Federal Contract Tower,18,23,3,0,44,0,0,0,0,0,18,23,3,0,44,6,0,6,50
03/28/2005,AEX,LA,ASW,CE,Federal Contract Tower,8,23,14,25,70,0,0,0,0,0,8,23,14,25,70,142,91,233,303
03/29/2005,AEX,LA,ASW,CE,Federal Contract Tower,9,23,30,32,94,0,0,0,0,0,9,23,30,32,94,145,134,279,373
03/30/2005,AEX,LA,ASW,CE,Federal Contract Tower,2,23,18,27,70,0,0,0,0,0,2,23,18,27,70,119,161,280,350
03/31/2005,AEX,LA,ASW,CE,Federal Contract Tower,4,21,10,11,46,0,0,0,0,0,4,21,10,11,46,90,194,284,330
04/01/2005,AEX,LA,ASW,CE,Federal Contract Tower,3,24,14,27,68,0,0,0,0,0,3,24,14,27,68,19,193,212,280
04/02/2005,AEX,LA,ASW,CE,Federal Contract Tower,0,20,13,15,48,0,0,0,0,0,0,20,13,15,48,67,130,197,245
04/03/2005,AEX,LA,ASW,CE,Federal Contract Tower,0,24,17,4,45,0,0,0,0,0,0,24,17,4,45,53,252,305,350
04/04/2005,AEX,LA,ASW,CE,Federal Contract Tower,2,21,16,13,52,0,0,0,0,0,2,21,16,13,52,26,183,209,261
04/05/2005,AEX,LA,ASW,CE,Federal Contract Tower,7,20,10,6,43,0,0,0,0,0,7,20,10,6,43,62,267,329,372
04/06/2005,AEX,LA,ASW,CE,Federal Contract Tower,3,20,16,1,40,0,0,0,0,0,3,20,16,1,40,53,179,232,272
04/07/2005,AEX,LA,ASW,CE,Federal Contract Tower,4,22,21,14,61,0,0,0,0,0,4,22,21,14,61,116,108,224,285
04/08/2005,AEX,LA,ASW,CE,Federal Contract Tower,4,26,17,4,51,0,0,0,0,0,4,26,17,4,51,137,139,276,327
04/09/2005,AEX,LA,ASW,CE,Federal Contract Tower,2,19,21,0,42,0,0,0,0,0,2,19,21,0,42,55,85,140,182
04/10/2005,AEX,LA,ASW,CE,Federal Contract Tower,0,22,15,4,41,0,0,0,0,0,0,22,15,4,41,5,136,141,182
04/11/2005,AEX,LA,ASW,CE,Federal Contract Tower,4,22,9,3,38,0,0,0,0,0,4,22,9,3,38,17,30,47,85
04/12/2005,AEX,LA,ASW,CE,Federal Contract Tower,6,20,13,23,62,0,0,0,0,0,6,20,13,23,62,118,191,309,371
04/13/2005,AEX,LA,ASW,CE,Federal Contract Tower,3,23,18,23,67,0,0,0,0,0,3,23,18,23,67,72,390,462,529
04/14/2005,AEX,LA,ASW,CE,Federal Contract Tower,3,22,18,9,52,0,0,0,0,0,3,22,18,9,52,86,317,403,455
04/15/2005,AEX,LA,ASW,CE,Federal Contract Tower,3,24,12,24,63,0,0,0,0,0,3,24,12,24,63,77,115,192,255
04/16/2005,AEX,LA,ASW,CE,Federal Contract Tower,0,19,17,12,48,0,0,0,0,0,0,19,17,12,48,43,251,294,342
04/17/2005,AEX,LA,ASW,CE,Federal Contract Tower,0,20,15,3,38,0,0,0,0,0,0,20,15,3,38,69,209,278,316
04/18/2005,AEX,LA,ASW,CE,Federal Contract Tower,4,24,8,14,50,0,0,0,0,0,4,24,8,14,50,68,70,138,188
04/19/2005,AEX,LA,ASW,CE,Federal Contract Tower,5,20,16,10,51,0,0,0,0,0,5,20,16,10,51,41,126,167,218
04/20/2005,AEX,LA,ASW,CE,Federal Contract Tower,3,24,21,13,61,0,0,0,0,0,3,24,21,13,61,107,118,225,286
04/21/2005,AEX,LA,ASW,CE,Federal Contract Tower,8,24,19,27,78,0,0,0,0,0,8,24,19,27,78,149,122,271,349
04/22/2005,AEX,LA,ASW,CE,Federal Contract Tower,6,21,16,4,47,0,0,0,0,0,6,21,16,4,47,123,123,246,293
04/23/2005,AEX,LA,ASW,CE,Federal Contract Tower,2,20,7,6,35,0,0,0,0,0,2,20,7,6,35,162,62,224,259
04/24/2005,AEX,LA,ASW,CE,Federal Contract Tower,0,23,11,6,40,0,0,0,0,0,0,23,11,6,40,48,83,131,171
04/25/2005,AEX,LA,ASW,CE,Federal Contract Tower,4,22,11,1,38,0,0,0,0,0,4,22,11,1,38,38,10,48,86
04/26/2005,AEX,LA,ASW,CE,Federal Contract Tower,6,17,9,1,33,0,0,0,0,0,6,17,9,1,33,60,6,66,99
04/27/2005,AEX,LA,ASW,CE,Federal Contract Tower,6,22,10,9,47,0,0,0,0,0,6,22,10,9,47,130,25,155,202
04/28/2005,AEX,LA,ASW,CE,Federal Contract Tower,7,22,12,6,47,0,0,0,0,0,7,22,12,6,47,92,30,122,169
04/29/2005,AEX,LA,ASW,CE,Federal Contract Tower,10,23,9,5,47,0,0,0,0,0,10,23,9,5,47,11,4,15,62
04/30/2005,AEX,LA,ASW,CE,Federal Contract Tower,3,17,5,3,28,0,0,0,0,0,3,17,5,3,28,49,4,53,81
05/01/2005,AEX,LA,ASW,CE,Federal Contract Tower,4,22,6,4,36,0,0,0,0,0,4,22,6,4,36,38,6,44,80
05/02/2005,AEX,LA,ASW,CE,Federal Contract Tower,10,24,11,5,50,0,0,0,0,0,10,24,11,5,50,64,0,64,114
05/03/2005,AEX,LA,ASW,CE,Federal Contract Tower,10,20,21,3,54,0,0,0,0,0,10,20,21,3,54,42,27,69,123
05/04/2005,AEX,LA,ASW,CE,Federal Contract Tower,4,22,16,2,44,0,0,0,0,0,4,22,16,2,44,28,2,30,74
05/05/2005,AEX,LA,ASW,CE,Federal Contract Tower,6,22,22,14,64,0,0,0,0,0,6,22,22,14,64,77,41,118,182
05/06/2005,AEX,LA,ASW,CE,Federal Contract Tower,6,22,10,30,68,0,0,0,0,0,6,22,10,30,68,133,49,182,250
05/07/2005,AEX,LA,ASW,CE,Federal Contract Tower,0,19,5,11,35,0,0,0,0,0,0,19,5,11,35,104,26,130,165
05/08/2005,AEX,LA,ASW,CE,Federal Contract Tower,0,31,3,26,60,0,0,0,0,0,0,31,3,26,60,51,5,56,116
05/09/2005,AEX,LA,ASW,CE,Federal Contract Tower,4,22,12,34,72,0,0,0,0,0,4,22,12,34,72,11,4,15,87
05/10/2005,AEX,LA,ASW,CE,Federal Contract Tower,5,20,22,6,53,0,0,0,0,0,5,20,22,6,53,48,0,48,101
05/11/2005,AEX,LA,ASW,CE,Federal Contract Tower,7,22,21,18,68,0,0,0,0,0,7,22,21,18,68,33,23,56,124
05/12/2005,AEX,LA,ASW,CE,Federal Contract Tower,2,22,19,17,60,0,0,0,0,0,2,22,19,17,60,89,28,117,177
05/13/2005,AEX,LA,ASW,CE,Federal Contract Tower,4,22,11,10,47,0,0,0,0,0,4,22,11,10,47,87,58,145,192
05/14/2005,AEX,LA,ASW,CE,Federal Contract Tower,0,19,11,21,51,0,0,0,0,0,0,19,11,21,51,93,20,113,164
05/15/2005,AEX,LA,ASW,CE,Federal Contract Tower,0,21,2,14,37,0,0,0,0,0,0,21,2,14,37,76,16,92,129
05/16/2005,AEX,LA,ASW,CE,Federal Contract Tower,4,21,7,6,38,0,0,0,0,0,4,21,7,6,38,65,21,86,124
05/17/2005,AEX,LA,ASW,CE,Federal Contract Tower,4,21,23,3,51,0,0,0,0,0,4,21,23,3,51,61,30,91,142
05/18/2005,AEX,LA,ASW,CE,Federal Contract Tower,3,22,24,12,61,0,0,0,0,0,3,22,24,12,61,12,42,54,115
05/19/2005,AEX,LA,ASW,CE,Federal Contract Tower,6,25,14,14,59,0,0,0,0,0,6,25,14,14,59,44,37,81,140
05/20/2005,AEX,LA,ASW,CE,Federal Contract Tower,4,22,10,5,41,0,0,0,0,0,4,22,10,5,41,60,130,190,231
05/21/2005,AEX,LA,ASW,CE,Federal Contract Tower,0,19,4,11,34,0,0,0,0,0,0,19,4,11,34,85,40,125,159
05/22/2005,AEX,LA,ASW,CE,Federal Contract Tower,3,21,5,1,30,0,0,0,0,0,3,21,5,1,30,63,1,64,94
05/23/2005,AEX,LA,ASW,CE,Federal Contract Tower,13,23,7,8,51,0,0,0,0,0,13,23,7,8,51,44,27,71,122
05/24/2005,AEX,LA,ASW,CE,Federal Contract Tower,14,22,16,6,58,0,0,0,0,0,14,22,16,6,58,58,40,98,156
05/25/2005,AEX,LA,ASW,CE,Federal Contract Tower,15,27,16,3,61,0,0,0,0,0,15,27,16,3,61,79,9,88,149
05/26/2005,AEX,LA,ASW,CE,Federal Contract Tower,9,24,7,23,63,0,0,0,0,0,9,24,7,23,63,20,45,65,128
05/27/2005,AEX,LA,ASW,CE,Federal Contract Tower,11,21,14,6,52,0,0,0,0,0,11,21,14,6,52,89,10,99,151
05/28/2005,AEX,LA,ASW,CE,Federal Contract Tower,3,18,2,6,29,0,0,0,0,0,3,18,2,6,29,96,10,106,135
05/29/2005,AEX,LA,ASW,CE,Federal Contract Tower,2,18,1,0,21,0,0,0,0,0,2,18,1,0,21,84,0,84,105
05/30/2005,AEX,LA,ASW,CE,Federal Contract Tower,0,22,8,0,30,0,0,0,0,0,0,22,8,0,30,0,0,0,30
05/31/2005,AEX,LA,ASW,CE,Federal Contract Tower,11,21,10,7,49,0,0,0,0,0,11,21,10,7,49,40,18,58,107
06/01/2005,AEX,LA,ASW,CE,Federal Contract Tower,9,21,19,4,53,0,0,0,0,0,9,21,19,4,53,79,3,82,135
06/02/2005,AEX,LA,ASW,CE,Federal Contract Tower,8,21,23,7,59,0,0,0,0,0,8,21,23,7,59,103,50,153,212
06/03/2005,AEX,LA,ASW,CE,Federal Contract Tower,10,22,24,16,72,0,0,0,0,0,10,22,24,16,72,58,96,154,226
06/04/2005,AEX,LA,ASW,CE,Federal Contract Tower,10,21,17,2,50,0,0,0,0,0,10,21,17,2,50,112,14,126,176
06/05/2005,AEX,LA,ASW,CE,Federal Contract Tower,4,20,5,9,38,0,0,0,0,0,4,20,5,9,38,66,56,122,160
06/06/2005,AEX,LA,ASW,CE,Federal Contract Tower,7,23,6,8,44,0,0,0,0,0,7,23,6,8,44,87,46,133,177
06/07/2005,AEX,LA,ASW,CE,Federal Contract Tower,7,21,16,8,52,0,0,0,0,0,7,21,16,8,52,79,65,144,196
06/08/2005,AEX,LA,ASW,CE,Federal Contract Tower,5,22,8,3,38,0,0,0,0,0,5,22,8,3,38,162,61,223,261
06/09/2005,AEX,LA,ASW,CE,Federal Contract Tower,6,20,12,12,50,0,0,0,0,0,6,20,12,12,50,96,63,159,209
06/10/2005,AEX,LA,ASW,CE,Federal Contract Tower,4,23,20,14,61,0,0,0,0,0,4,23,20,14,61,79,98,177,238
06/11/2005,AEX,LA,ASW,CE,Federal Contract Tower,0,20,10,9,39,0,0,0,0,0,0,20,10,9,39,90,102,192,231
06/12/2005,AEX,LA,ASW,CE,Federal Contract Tower,0,22,8,1,31,0,0,0,0,0,0,22,8,1,31,102,80,182,213
06/13/2005,AEX,LA,ASW,CE,Federal Contract Tower,4,24,14,14,56,0,0,0,0,0,4,24,14,14,56,46,122,168,224
06/14/2005,AEX,LA,ASW,CE,Federal Contract Tower,5,23,14,13,55,0,0,0,0,0,5,23,14,13,55,87,119,206,261
06/15/2005,AEX,LA,ASW,CE,Federal Contract Tower,3,21,14,17,55,0,0,0,0,0,3,21,14,17,55,30,112,142,197
06/16/2005,AEX,LA,ASW,CE,Federal Contract Tower,4,24,17,1,46,0,0,0,0,0,4,24,17,1,46,72,62,134,180
06/17/2005,AEX,LA,ASW,CE,Federal Contract Tower,3,22,18,9,52,0,0,0,0,0,3,22,18,9,52,39,113,152,204
06/18/2005,AEX,LA,ASW,CE,Federal Contract Tower,3,18,4,4,29,0,0,0,0,0,3,18,4,4,29,30,54,84,113
06/19/2005,AEX,LA,ASW,CE,Federal Contract Tower,1,21,14,0,36,0,0,0,0,0,1,21,14,0,36,104,126,230,266
06/20/2005,AEX,LA,ASW,CE,Federal Contract Tower,7,23,23,2,55,0,0,0,0,0,7,23,23,2,55,96,112,208,263
06/21/2005,AEX,LA,ASW,CE,Federal Contract Tower,5,20,20,8,53,0,0,0,0,0,5,20,20,8,53,94,96,190,243
06/22/2005,AEX,LA,ASW,CE,Federal Contract Tower,5,21,14,4,44,0,0,0,0,0,5,21,14,4,44,71,163,234,278
06/23/2005,AEX,LA,ASW,CE,Federal Contract Tower,3,27,21,15,66,0,0,0,0,0,3,27,21,15,66,70,170,240,306
06/24/2005,AEX,LA,ASW,CE,Federal Contract Tower,6,23,15,8,52,0,0,0,0,0,6,23,15,8,52,63,48,111,163
06/25/2005,AEX,LA,ASW,CE,Federal Contract Tower,7,18,12,5,42,0,0,0,0,0,7,18,12,5,42,62,5,67,109
06/26/2005,AEX,LA,ASW,CE,Federal Contract Tower,8,22,11,2,43,0,0,0,0,0,8,22,11,2,43,15,2,17,60
06/27/2005,AEX,LA,ASW,CE,Federal Contract Tower,14,23,24,10,71,0,0,0,0,0,14,23,24,10,71,43,28,71,142
06/28/2005,AEX,LA,ASW,CE,Federal Contract Tower,24,22,17,10,73,0,0,0,0,0,24,22,17,10,73,83,31,114,187
06/29/2005,AEX,LA,ASW,CE,Federal Contract Tower,12,21,23,16,72,0,0,0,0,0,12,21,23,16,72,20,61,81,153
06/30/2005,AEX,LA,ASW,CE,Federal Contract Tower,6,25,17,5,53,0,0,0,0,0,6,25,17,5,53,154,47,201,254
07/01/2005,AEX,LA,ASW,CE,Federal Contract Tower,3,19,12,6,40,0,0,0,0,0,3,19,12,6,40,148,29,177,217
07/02/2005,AEX,LA,ASW,CE,Federal Contract Tower,1,18,1,2,22,0,0,0,0,0,1,18,1,2,22,35,0,35,57
07/03/2005,AEX,LA,ASW,CE,Federal Contract Tower,0,20,7,0,27,0,0,0,0,0,0,20,7,0,27,31,0,31,58
07/04/2005,AEX,LA,ASW,CE,Federal Contract Tower,0,21,11,2,34,0,0,0,0,0,0,21,11,2,34,131,0,131,165
07/05/2005,AEX,LA,ASW,CE,Federal Contract Tower,5,24,14,2,45,0,0,0,0,0,5,24,14,2,45,42,81,123,168
07/06/2005,AEX,LA,ASW,CE,Federal Contract Tower,3,27,13,6,49,0,0,0,0,0,3,27,13,6,49,78,16,94,143
07/07/2005,AEX,LA,ASW,CE,Federal Contract Tower,4,27,10,8,49,0,0,0,0,0,4,27,10,8,49,106,23,129,178
07/08/2005,AEX,LA,ASW,CE,Federal Contract Tower,6,30,22,2,60,0,0,0,0,0,6,30,22,2,60,138,8,146,206
07/09/2005,AEX,LA,ASW,CE,Federal Contract Tower,3,26,3,6,38,0,0,0,0,0,3,26,3,6,38,90,0,90,128
07/10/2005,AEX,LA,ASW,CE,Federal Contract Tower,0,28,7,0,35,0,0,0,0,0,0,28,7,0,35,70,20,90,125
07/11/2005,AEX,LA,ASW,CE,Federal Contract Tower,6,23,14,2,45,0,0,0,0,0,6,23,14,2,45,79,2,81,126
07/12/2005,AEX,LA,ASW,CE,Federal Contract Tower,5,22,7,6,40,0,0,0,0,0,5,22,7,6,40,183,53,236,276
07/13/2005,AEX,LA,ASW,CE,Federal Contract Tower,3,25,18,11,57,0,0,0,0,0,3,25,18,11,57,80,42,122,179
07/14/2005,AEX,LA,ASW,CE,Federal Contract Tower,3,25,19,2,49,0,0,0,0,0,3,25,19,2,49,123,2,125,174
07/15/2005,AEX,LA,ASW,CE,Federal Contract Tower,3,24,13,2,42,0,0,0,0,0,3,24,13,2,42,47,2,49,91
07/16/2005,AEX,LA,ASW,CE,Federal Contract Tower,0,19,0,2,21,0,0,0,0,0,0,19,0,2,21,25,0,25,46
07/17/2005,AEX,LA,ASW,CE,Federal Contract Tower,0,23,12,0,35,0,0,0,0,0,0,23,12,0,35,37,0,37,72
07/18/2005,AEX,LA,ASW,CE,Federal Contract Tower,3,30,6,4,43,0,0,0,0,0,3,30,6,4,43,75,4,79,122
07/19/2005,AEX,LA,ASW,CE,Federal Contract Tower,8,22,21,8,59,0,0,0,0,0,8,22,21,8,59,175,0,175,234
07/20/2005,AEX,LA,ASW,CE,Federal Contract Tower,5,25,21,5,56,0,0,0,0,0,5,25,21,5,56,131,13,144,200
07/21/2005,AEX,LA,ASW,CE,Federal Contract Tower,4,22,13,2,41,0,0,0,0,0,4,22,13,2,41,77,14,91,132
07/22/2005,AEX,LA,ASW,CE,Federal Contract Tower,4,24,29,2,59,0,0,0,0,0,4,24,29,2,59,100,0,100,159
07/23/2005,AEX,LA,ASW,CE,Federal Contract Tower,0,20,10,0,30,0,0,0,0,0,0,20,10,0,30,72,0,72,102
07/24/2005,AEX,LA,ASW,CE,Federal Contract Tower,0,24,12,0,36,0,0,0,0,0,0,24,12,0,36,50,0,50,86
07/25/2005,AEX,LA,ASW,CE,Federal Contract Tower,4,26,14,6,50,0,0,0,0,0,4,26,14,6,50,32,34,66,116
07/26/2005,AEX,LA,ASW,CE,Federal Contract Tower,25,10,12,3,50,0,0,0,0,0,25,10,12,3,50,101,17,118,168
07/27/2005,AEX,LA,ASW,CE,Federal Contract Tower,3,23,12,4,42,0,0,0,0,0,3,23,12,4,42,162,22,184,226
07/28/2005,AEX,LA,ASW,CE,Federal Contract Tower,4,24,17,9,54,0,0,0,0,0,4,24,17,9,54,149,26,175,229
07/29/2005,AEX,LA,ASW,CE,Federal Contract Tower,6,27,21,9,63,0,0,0,0,0,6,27,21,9,63,105,1,106,169
07/30/2005,AEX,LA,ASW,CE,Federal Contract Tower,2,19,11,2,34,0,0,0,0,0,2,19,11,2,34,88,4,92,126
07/31/2005,AEX,LA,ASW,CE,Federal Contract Tower,2,25,5,1,33,0,0,0,0,0,2,25,5,1,33,23,0,23,56
08/01/2005,AEX,LA,ASW,CE,Federal Contract Tower,16,24,15,0,55,0,0,0,0,0,16,24,15,0,55,73,2,75,130
08/02/2005,AEX,LA,ASW,CE,Federal Contract Tower,22,28,13,4,67,0,0,0,0,0,22,28,13,4,67,73,18,91,158
08/03/2005,AEX,LA,ASW,CE,Federal Contract Tower,17,22,19,0,58,0,0,0,0,0,17,22,19,0,58,131,13,144,202
08/04/2005,AEX,LA,ASW,CE,Federal Contract Tower,4,23,13,0,40,0,0,0,0,0,4,23,13,0,40,104,20,124,164
08/05/2005,AEX,LA,ASW,CE,Federal Contract Tower,5,27,12,0,44,0,0,0,0,0,5,27,12,0,44,107,16,123,167
08/06/2005,AEX,LA,ASW,CE,Federal Contract Tower,1,19,12,20,52,0,0,0,0,0,1,19,12,20,52,148,40,188,240
08/07/2005,AEX,LA,ASW,CE,Federal Contract Tower,1,24,9,4,38,0,0,0,0,0,1,24,9,4,38,66,20,86,124
08/08/2005,AEX,LA,ASW,CE,Federal Contract Tower,6,23,10,5,44,0,0,0,0,0,6,23,10,5,44,70,4,74,118
08/09/2005,AEX,LA,ASW,CE,Federal Contract Tower,5,22,13,0,40,0,0,0,0,0,5,22,13,0,40,92,0,92,132
08/10/2005,AEX,LA,ASW,CE,Federal Contract Tower,3,30,20,12,65,0,0,0,0,0,3,30,20,12,65,39,12,51,116
08/11/2005,AEX,LA,ASW,CE,Federal Contract Tower,4,24,13,10,51,0,0,0,0,0,4,24,13,10,51,230,8,238,289
08/12/2005,AEX,LA,ASW,CE,Federal Contract Tower,4,26,21,6,57,0,0,0,0,0,4,26,21,6,57,139,13,152,209
08/13/2005,AEX,LA,ASW,CE,Federal Contract Tower,1,19,7,0,27,0,0,0,0,0,1,19,7,0,27,179,4,183,210
08/14/2005,AEX,LA,ASW,CE,Federal Contract Tower,0,24,13,0,37,0,0,0,0,0,0,24,13,0,37,75,0,75,112
08/15/2005,AEX,LA,ASW,CE,Federal Contract Tower,2,23,10,2,37,0,0,0,0,0,2,23,10,2,37,56,0,56,93
08/16/2005,AEX,LA,ASW,CE,Federal Contract Tower,6,25,7,14,52,0,0,0,0,0,6,25,7,14,52,91,9,100,152
08/17/2005,AEX,LA,ASW,CE,Federal Contract Tower,5,26,10,8,49,0,0,0,0,0,5,26,10,8,49,143,27,170,219
08/18/2005,AEX,LA,ASW,CE,Federal Contract Tower,3,22,14,26,65,0,0,0,0,0,3,22,14,26,65,151,22,173,238
08/19/2005,AEX,LA,ASW,CE,Federal Contract Tower,5,26,14,7,52,0,0,0,0,0,5,26,14,7,52,128,34,162,214
08/20/2005,AEX,LA,ASW,CE,Federal Contract Tower,0,18,3,3,24,0,0,0,0,0,0,18,3,3,24,127,5,132,156
08/21/2005,AEX,LA,ASW,CE,Federal Contract Tower,0,22,4,0,26,0,0,0,0,0,0,22,4,0,26,68,0,68,94
08/22/2005,AEX,LA,ASW,CE,Federal Contract Tower,4,23,15,3,45,0,0,0,0,0,4,23,15,3,45,169,10,179,224
08/23/2005,AEX,LA,ASW,CE,Federal Contract Tower,5,23,25,11,64,0,0,0,0,0,5,23,25,11,64,146,19,165,229
08/24/2005,AEX,LA,ASW,CE,Federal Contract Tower,3,24,27,9,63,0,0,0,0,0,3,24,27,9,63,28,14,42,105
08/25/2005,AEX,LA,ASW,CE,Federal Contract Tower,4,29,19,8,60,0,0,0,0,0,4,29,19,8,60,102,18,120,180
08/26/2005,AEX,LA,ASW,CE,Federal Contract Tower,3,28,16,15,62,0,0,0,0,0,3,28,16,15,62,94,21,115,177
08/27/2005,AEX,LA,ASW,CE,Federal Contract Tower,11,21,14,1,47,0,0,0,0,0,11,21,14,1,47,105,19,124,171
08/28/2005,AEX,LA,ASW,CE,Federal Contract Tower,16,28,16,1,61,0,0,0,0,0,16,28,16,1,61,92,14,106,167
08/29/2005,AEX,LA,ASW,CE,Federal Contract Tower,10,10,3,9,32,0,0,0,0,0,10,10,3,9,32,18,24,42,74
08/30/2005,AEX,LA,ASW,CE,Federal Contract Tower,11,22,15,8,56,0,0,0,0,0,11,22,15,8,56,99,56,155,211
08/31/2005,AEX,LA,ASW,CE,Federal Contract Tower,2,20,25,24,71,0,0,0,0,0,2,20,25,24,71,79,25,104,175
09/01/2005,AEX,LA,ASW,CE,Federal Contract Tower,3,23,26,17,69,0,0,0,0,0,3,23,26,17,69,154,36,190,259
09/02/2005,AEX,LA,ASW,CE,Federal Contract Tower,5,22,6,34,67,0,0,0,0,0,5,22,6,34,67,65,186,251,318
09/03/2005,AEX,LA,ASW,CE,Federal Contract Tower,7,19,21,67,114,0,0,0,0,0,7,19,21,67,114,82,148,230,344
09/04/2005,AEX,LA,ASW,CE,Federal Contract Tower,9,15,12,60,96,0,0,0,0,0,9,15,12,60,96,28,167,195,291
09/05/2005,AEX,LA,ASW,CE,Federal Contract Tower,0,20,23,44,87,0,0,0,0,0,0,20,23,44,87,64,76,140,227
09/06/2005,AEX,LA,ASW,CE,Federal Contract Tower,4,28,23,53,108,0,0,0,0,0,4,28,23,53,108,30,132,162,270
09/07/2005,AEX,LA,ASW,CE,Federal Contract Tower,5,22,25,40,92,0,0,0,0,0,5,22,25,40,92,51,29,80,172
09/08/2005,AEX,LA,ASW,CE,Federal Contract Tower,14,26,42,37,119,0,0,0,0,0,14,26,42,37,119,36,27,63,182
09/09/2005,AEX,LA,ASW,CE,Federal Contract Tower,14,24,30,31,99,0,0,0,0,0,14,24,30,31,99,33,40,73,172
09/10/2005,AEX,LA,ASW,CE,Federal Contract Tower,8,20,30,53,111,0,0,0,0,0,8,20,30,53,111,139,58,197,308
09/11/2005,AEX,LA,ASW,CE,Federal Contract Tower,25,5,19,24,73,0,0,0,0,0,25,5,19,24,73,74,17,91,164
09/12/2005,AEX,LA,ASW,CE,Federal Contract Tower,4,24,16,32,76,0,0,0,0,0,4,24,16,32,76,81,27,108,184
09/13/2005,AEX,LA,ASW,CE,Federal Contract Tower,10,23,17,35,85,0,0,0,0,0,10,23,17,35,85,74,62,136,221
09/14/2005,AEX,LA,ASW,CE,Federal Contract Tower,7,21,24,44,96,0,0,0,0,0,7,21,24,44,96,49,43,92,188
09/15/2005,AEX,LA,ASW,CE,Federal Contract Tower,6,26,20,32,84,0,0,0,0,0,6,26,20,32,84,27,81,108,192
09/16/2005,AEX,LA,ASW,CE,Federal Contract Tower,3,28,23,20,74,0,0,0,0,0,3,28,23,20,74,25,33,58,132
09/17/2005,AEX,LA,ASW,CE,Federal Contract Tower,5,22,14,23,64,0,0,0,0,0,5,22,14,23,64,122,34,156,220
09/18/2005,AEX,LA,ASW,CE,Federal Contract Tower,2,22,15,24,63,0,0,0,0,0,2,22,15,24,63,99,85,184,247
09/19/2005,AEX,LA,ASW,CE,Federal Contract Tower,6,24,14,23,67,0,0,0,0,0,6,24,14,23,67,106,40,146,213
09/20/2005,AEX,LA,ASW,CE,Federal Contract Tower,10,22,15,16,63,0,0,0,0,0,10,22,15,16,63,97,24,121,184
09/21/2005,AEX,LA,ASW,CE,Federal Contract Tower,5,25,43,41,114,0,0,0,0,0,5,25,43,41,114,44,93,137,251
09/22/2005,AEX,LA,ASW,CE,Federal Contract Tower,4,29,22,40,95,0,0,0,0,0,4,29,22,40,95,136,7,143,238
09/23/2005,AEX,LA,ASW,CE,Federal Contract Tower,10,10,13,7,40,0,0,0,0,0,10,10,13,7,40,8,2,10,50
09/24/2005,AEX,LA,ASW,CE,Federal Contract Tower,2,0,0,1,3,0,0,0,0,0,2,0,0,1,3,0,1,1,4
09/25/2005,AEX,LA,ASW,CE,Federal Contract Tower,0,8,17,30,55,0,0,0,0,0,0,8,17,30,55,111,10,121,176
09/26/2005,AEX,LA,ASW,CE,Federal Contract Tower,8,25,43,42,118,0,0,0,0,0,8,25,43,42,118,127,76,203,321
09/27/2005,AEX,LA,ASW,CE,Federal Contract Tower,16,23,14,17,70,0,0,0,0,0,16,23,14,17,70,76,41,117,187
09/28/2005,AEX,LA,ASW,CE,Federal Contract Tower,9,21,25,24,79,0,0,0,0,0,9,21,25,24,79,89,35,124,203
09/29/2005,AEX,LA,ASW,CE,Federal Contract Tower,13,26,22,18,79,0,0,0,0,0,13,26,22,18,79,75,4,79,158
09/30/2005,AEX,LA,ASW,CE,Federal Contract Tower,11,25,8,10,54,0,0,0,0,0,11,25,8,10,54,70,57,127,181
10/01/2005,AEX,LA,ASW,CE,Federal Contract Tower,3,19,18,7,47,0,0,0,0,0,3,19,18,7,47,115,7,122,169
10/02/2005,AEX,LA,ASW,CE,Federal Contract Tower,2,27,5,15,49,0,0,0,0,0,2,27,5,15,49,87,27,114,163
10/03/2005,AEX,LA,ASW,CE,Federal Contract Tower,4,24,13,15,56,0,0,0,0,0,4,24,13,15,56,26,27,53,109
10/04/2005,AEX,LA,ASW,CE,Federal Contract Tower,5,22,15,27,69,0,0,0,0,0,5,22,15,27,69,54,10,64,133
10/05/2005,AEX,LA,ASW,CE,Federal Contract Tower,5,24,16,54,99,0,0,0,0,0,5,24,16,54,99,72,72,144,243
10/06/2005,AEX,LA,ASW,CE,Federal Contract Tower,4,26,18,3,51,0,0,0,0,0,4,26,18,3,51,98,26,124,175
10/07/2005,AEX,LA,ASW,CE,Federal Contract Tower,6,23,38,13,80,0,0,0,0,0,6,23,38,13,80,112,17,129,209
10/08/2005,AEX,LA,ASW,CE,Federal Contract Tower,2,21,21,4,48,0,0,0,0,0,2,21,21,4,48,64,0,64,112
10/09/2005,AEX,LA,ASW,CE,Federal Contract Tower,4,22,25,6,57,0,0,0,0,0,4,22,25,6,57,106,0,106,163
10/10/2005,AEX,LA,ASW,CE,Federal Contract Tower,0,25,9,5,39,0,0,0,0,0,0,25,9,5,39,109,6,115,154
10/11/2005,AEX,LA,ASW,CE,Federal Contract Tower,9,22,16,12,59,0,0,0,0,0,9,22,16,12,59,153,32,185,244
10/12/2005,AEX,LA,ASW,CE,Federal Contract Tower,5,24,20,10,59,0,0,0,0,0,5,24,20,10,59,62,27,89,148
10/13/2005,AEX,LA,ASW,CE,Federal Contract Tower,2,24,16,11,53,0,0,0,0,0,2,24,16,11,53,119,22,141,194
10/14/2005,AEX,LA,ASW,CE,Federal Contract Tower,4,27,20,12,63,0,0,0,0,0,4,27,20,12,63,53,29,82,145
10/15/2005,AEX,LA,ASW,CE,Federal Contract Tower,0,23,12,7,42,0,0,0,0,0,0,23,12,7,42,33,1,34,76
10/16/2005,AEX,LA,ASW,CE,Federal Contract Tower,0,26,19,6,51,0,0,0,0,0,0,26,19,6,51,40,0,40,91
10/17/2005,AEX,LA,ASW,CE,Federal Contract Tower,4,24,10,5,43,0,0,0,0,0,4,24,10,5,43,65,14,79,122
10/18/2005,AEX,LA,ASW,CE,Federal Contract Tower,5,25,22,16,68,0,0,0,0,0,5,25,22,16,68,107,68,175,243
10/19/2005,AEX,LA,ASW,CE,Federal Contract Tower,3,25,17,15,60,0,0,0,0,0,3,25,17,15,60,78,52,130,190
10/20/2005,AEX,LA,ASW,CE,Federal Contract Tower,3,26,20,15,64,0,0,0,0,0,3,26,20,15,64,35,2,37,101
10/21/2005,AEX,LA,ASW,CE,Federal Contract Tower,7,24,25,9,65,0,0,0,0,0,7,24,25,9,65,82,14,96,161
10/22/2005,AEX,LA,ASW,CE,Federal Contract Tower,2,20,6,2,30,0,0,0,0,0,2,20,6,2,30,79,0,79,109
10/23/2005,AEX,LA,ASW,CE,Federal Contract Tower,4,22,11,1,38,0,0,0,0,0,4,22,11,1,38,85,0,85,123
10/24/2005,AEX,LA,ASW,CE,Federal Contract Tower,4,24,8,2,38,0,0,0,0,0,4,24,8,2,38,84,24,108,146
10/25/2005,AEX,LA,ASW,CE,Federal Contract Tower,6,22,15,15,58,0,0,0,0,0,6,22,15,15,58,92,46,138,196
10/26/2005,AEX,LA,ASW,CE,Federal Contract Tower,3,26,14,15,58,0,0,0,0,0,3,26,14,15,58,133,56,189,247
10/27/2005,AEX,LA,ASW,CE,Federal Contract Tower,4,25,10,6,45,0,0,0,0,0,4,25,10,6,45,96,30,126,171
10/28/2005,AEX,LA,ASW,CE,Federal Contract Tower,4,24,9,7,44,0,0,0,0,0,4,24,9,7,44,68,10,78,122
10/29/2005,AEX,LA,ASW,CE,Federal Contract Tower,0,21,10,0,31,0,0,0,0,0,0,21,10,0,31,109,2,111,142
10/30/2005,AEX,LA,ASW,CE,Federal Contract Tower,0,20,8,1,29,0,0,0,0,0,0,20,8,1,29,46,1,47,76
10/31/2005,AEX,LA,ASW,CE,Federal Contract Tower,4,22,13,15,54,0,0,0,0,0,4,22,13,15,54,46,21,67,121
11/01/2005,AEX,LA,ASW,CE,Federal Contract Tower,7,23,20,1,51,0,0,0,0,0,7,23,20,1,51,44,1,45,96
11/02/2005,AEX,LA,ASW,CE,Federal Contract Tower,5,24,22,14,65,0,0,0,0,0,5,24,22,14,65,92,47,139,204
11/03/2005,AEX,LA,ASW,CE,Federal Contract Tower,4,26,20,9,59,0,0,0,0,0,4,26,20,9,59,148,20,168,227
11/04/2005,AEX,LA,ASW,CE,Federal Contract Tower,9,27,18,7,61,0,0,0,0,0,9,27,18,7,61,83,28,111,172
11/05/2005,AEX,LA,ASW,CE,Federal Contract Tower,2,20,12,5,39,0,0,0,0,0,2,20,12,5,39,55,23,78,117
11/06/2005,AEX,LA,ASW,CE,Federal Contract Tower,3,23,13,2,41,0,0,0,0,0,3,23,13,2,41,82,2,84,125
11/07/2005,AEX,LA,ASW,CE,Federal Contract Tower,3,25,18,0,46,0,0,0,0,0,3,25,18,0,46,49,2,51,97
11/08/2005,AEX,LA,ASW,CE,Federal Contract Tower,6,23,17,27,73,0,0,0,0,0,6,23,17,27,73,17,17,34,107
11/09/2005,AEX,LA,ASW,CE,Federal Contract Tower,2,24,13,21,60,0,0,0,0,0,2,24,13,21,60,98,19,117,177
11/10/2005,AEX,LA,ASW,CE,Federal Contract Tower,3,25,27,1,56,0,0,0,0,0,3,25,27,1,56,94,18,112,168
11/11/2005,AEX,LA,ASW,CE,Federal Contract Tower,0,22,18,1,41,0,0,0,0,0,0,22,18,1,41,94,19,113,154
11/12/2005,AEX,LA,ASW,CE,Federal Contract Tower,0,20,10,0,30,0,0,0,0,0,0,20,10,0,30,91,0,91,121
11/13/2005,AEX,LA,ASW,CE,Federal Contract Tower,0,23,16,2,41,0,0,0,0,0,0,23,16,2,41,50,2,52,93
11/14/2005,AEX,LA,ASW,CE,Federal Contract Tower,5,24,24,7,60,0,0,0,0,0,5,24,24,7,60,47,11,58,118
11/15/2005,AEX,LA,ASW,CE,Federal Contract Tower,5,13,12,10,40,0,0,0,0,0,5,13,12,10,40,6,33,39,79
11/16/2005,AEX,LA,ASW,CE,Federal Contract Tower,2,26,18,9,55,0,0,0,0,0,2,26,18,9,55,69,11,80,135
11/17/2005,AEX,LA,ASW,CE,Federal Contract Tower,7,26,22,4,59,0,0,0,0,0,7,26,22,4,59,106,34,140,199
11/18/2005,AEX,LA,ASW,CE,Federal Contract Tower,6,24,21,4,55,0,0,0,0,0,6,24,21,4,55,165,28,193,248
11/19/2005,AEX,LA,ASW,CE,Federal Contract Tower,2,20,15,14,51,0,0,0,0,0,2,20,15,14,51,71,37,108,159
11/20/2005,AEX,LA,ASW,CE,Federal Contract Tower,0,22,7,0,29,0,0,0,0,0,0,22,7,0,29,91,8,99,128
11/21/2005,AEX,LA,ASW,CE,Federal Contract Tower,8,21,7,16,52,0,0,0,0,0,8,21,7,16,52,46,29,75,127
11/22/2005,AEX,LA,ASW,CE,Federal Contract Tower,6,25,10,10,51,0,0,0,0,0,6,25,10,10,51,43,2,45,96
11/23/2005,AEX,LA,ASW,CE,Federal Contract Tower,5,24,14,0,43,0,0,0,0,0,5,24,14,0,43,62,2,64,107
11/24/2005,AEX,LA,ASW,CE,Federal Contract Tower,1,17,9,0,27,0,0,0,0,0,1,17,9,0,27,132,0,132,159
11/25/2005,AEX,LA,ASW,CE,Federal Contract Tower,0,18,9,0,27,0,0,0,0,0,0,18,9,0,27,64,0,64,91
11/26/2005,AEX,LA,ASW,CE,Federal Contract Tower,0,21,13,2,36,0,0,0,0,0,0,21,13,2,36,29,2,31,67
11/27/2005,AEX,LA,ASW,CE,Federal Contract Tower,0,25,22,0,47,0,0,0,0,0,0,25,22,0,47,32,0,32,79
11/28/2005,AEX,LA,ASW,CE,Federal Contract Tower,4,23,8,12,47,0,0,0,0,0,4,23,8,12,47,25,12,37,84
11/29/2005,AEX,LA,ASW,CE,Federal Contract Tower,5,24,10,5,44,0,0,0,0,0,5,24,10,5,44,49,7,56,100
11/30/2005,AEX,LA,ASW,CE,Federal Contract Tower,3,23,13,9,48,0,0,0,0,0,3,23,13,9,48,54,12,66,114
12/01/2005,AEX,LA,ASW,CE,Federal Contract Tower,4,24,20,9,57,0,0,0,0,0,4,24,20,9,57,118,11,129,186
12/02/2005,AEX,LA,ASW,CE,Federal Contract Tower,6,22,15,2,45,0,0,0,0,0,6,22,15,2,45,99,29,128,173
12/03/2005,AEX,LA,ASW,CE,Federal Contract Tower,0,18,8,13,39,0,0,0,0,0,0,18,8,13,39,52,3,55,94
12/04/2005,AEX,LA,ASW,CE,Federal Contract Tower,0,21,13,1,35,0,0,0,0,0,0,21,13,1,35,41,0,41,76
12/05/2005,AEX,LA,ASW,CE,Federal Contract Tower,4,29,18,12,63,0,0,0,0,0,4,29,18,12,63,67,35,102,165
12/06/2005,AEX,LA,ASW,CE,Federal Contract Tower,4,17,13,0,34,0,0,0,0,0,4,17,13,0,34,86,2,88,122
12/07/2005,AEX,LA,ASW,CE,Federal Contract Tower,2,22,25,4,53,0,0,0,0,0,2,22,25,4,53,41,35,76,129
12/08/2005,AEX,LA,ASW,CE,Federal Contract Tower,4,28,18,22,72,0,0,0,0,0,4,28,18,22,72,1,0,1,73
12/09/2005,AEX,LA,ASW,CE,Federal Contract Tower,4,28,23,16,71,0,0,0,0,0,4,28,23,16,71,103,19,122,193
12/10/2005,AEX,LA,ASW,CE,Federal Contract Tower,2,18,17,6,43,0,0,0,0,0,2,18,17,6,43,94,6,100,143
12/11/2005,AEX,LA,ASW,CE,Federal Contract Tower,0,22,13,0,35,0,0,0,0,0,0,22,13,0,35,113,0,113,148
12/12/2005,AEX,LA,ASW,CE,Federal Contract Tower,4,25,12,15,56,0,0,0,0,0,4,25,12,15,56,124,44,168,224
12/13/2005,AEX,LA,ASW,CE,Federal Contract Tower,5,23,15,5,48,0,0,0,0,0,5,23,15,5,48,64,42,106,154
12/14/2005,AEX,LA,ASW,CE,Federal Contract Tower,4,29,15,0,48,0,0,0,0,0,4,29,15,0,48,23,4,27,75
12/15/2005,AEX,LA,ASW,CE,Federal Contract Tower,8,22,20,20,70,0,0,0,0,0,8,22,20,20,70,83,43,126,196
12/16/2005,AEX,LA,ASW,CE,Federal Contract Tower,4,25,18,4,51,0,0,0,0,0,4,25,18,4,51,78,22,100,151
12/17/2005,AEX,LA,ASW,CE,Federal Contract Tower,2,19,11,0,32,0,0,0,0,0,2,19,11,0,32,78,3,81,113
12/18/2005,AEX,LA,ASW,CE,Federal Contract Tower,0,25,7,0,32,0,0,0,0,0,0,25,7,0,32,166,11,177,209
12/19/2005,AEX,LA,ASW,CE,Federal Contract Tower,4,24,21,0,49,0,0,0,0,0,4,24,21,0,49,90,4,94,143
12/20/2005,AEX,LA,ASW,CE,Federal Contract Tower,5,27,21,7,60,0,0,0,0,0,5,27,21,7,60,17,10,27,87
12/21/2005,AEX,LA,ASW,CE,Federal Contract Tower,2,24,18,22,66,0,0,0,0,0,2,24,18,22,66,18,26,44,110
12/22/2005,AEX,LA,ASW,CE,Federal Contract Tower,2,25,21,0,48,0,0,0,0,0,2,25,21,0,48,106,0,106,154
12/23/2005,AEX,LA,ASW,CE,Federal Contract Tower,3,24,21,0,48,0,0,0,0,0,3,24,21,0,48,127,0,127,175
12/24/2005,AEX,LA,ASW,CE,Federal Contract Tower,0,17,3,0,20,0,0,0,0,0,0,17,3,0,20,109,0,109,129
12/25/2005,AEX,LA,ASW,CE,Federal Contract Tower,0,19,0,0,19,0,0,0,0,0,0,19,0,0,19,105,0,105,124
12/26/2005,AEX,LA,ASW,CE,Federal Contract Tower,0,25,10,0,35,0,0,0,0,0,0,25,10,0,35,114,0,114,149
12/27/2005,AEX,LA,ASW,CE,Federal Contract Tower,3,26,13,2,44,0,0,0,0,0,3,26,13,2,44,90,6,96,140
12/28/2005,AEX,LA,ASW,CE,Federal Contract Tower,3,23,7,12,45,0,0,0,0,0,3,23,7,12,45,53,25,78,123
12/29/2005,AEX,LA,ASW,CE,Federal Contract Tower,4,24,6,0,34,0,0,0,0,0,4,24,6,0,34,75,5,80,114
12/30/2005,AEX,LA,ASW,CE,Federal Contract Tower,4,28,7,0,39,0,0,0,0,0,4,28,7,0,39,18,0,18,57
12/31/2005,AEX,LA,ASW,CE,Federal Contract Tower,0,17,4,0,21,0,0,0,0,0,0,17,4,0,21,33,0,33,54
01/01/2006,AEX,LA,ASW,CE,Federal Contract Tower,0,24,8,0,32,0,0,0,0,0,0,24,8,0,32,15,0,15,47
01/02/2006,AEX,LA,ASW,CE,Federal Contract Tower,0,24,7,0,31,0,0,0,0,0,0,24,7,0,31,18,0,18,49
01/03/2006,AEX,LA,ASW,CE,Federal Contract Tower,5,26,8,20,59,0,0,0,0,0,5,26,8,20,59,104,19,123,182
01/04/2006,AEX,LA,ASW,CE,Federal Contract Tower,3,22,8,8,41,0,0,0,0,0,3,22,8,8,41,120,54,174,215
01/05/2006,AEX,LA,ASW,CE,Federal Contract Tower,4,26,11,29,70,0,0,0,0,0,4,26,11,29,70,89,54,143,213
01/06/2006,AEX,LA,ASW,CE,Federal Contract Tower,5,24,12,24,65,0,0,0,0,0,5,24,12,24,65,36,8,44,109
01/07/2006,AEX,LA,ASW,CE,Federal Contract Tower,1,18,6,0,25,0,0,0,0,0,1,18,6,0,25,75,6,81,106
01/08/2006,AEX,LA,ASW,CE,Federal Contract Tower,0,22,10,0,32,0,0,0,0,0,0,22,10,0,32,62,1,63,95
01/09/2006,AEX,LA,ASW,CE,Federal Contract Tower,4,24,18,7,53,0,0,0,0,0,4,24,18,7,53,82,39,121,174
01/10/2006,AEX,LA,ASW,CE,Federal Contract Tower,3,23,15,5,46,0,0,0,0,0,3,23,15,5,46,72,53,125,171
01/11/2006,AEX,LA,ASW,CE,Federal Contract Tower,2,23,30,14,69,0,0,0,0,0,2,23,30,14,69,66,16,82,151
01/12/2006,AEX,LA,ASW,CE,Federal Contract Tower,3,24,15,15,57,0,0,0,0,0,3,24,15,15,57,36,41,77,134
01/13/2006,AEX,LA,ASW,CE,Federal Contract Tower,3,28,22,36,89,0,0,0,0,0,3,28,22,36,89,29,30,59,148
01/14/2006,AEX,LA,ASW,CE,Federal Contract Tower,0,18,6,0,24,0,0,0,0,0,0,18,6,0,24,67,0,67,91
01/15/2006,AEX,LA,ASW,CE,Federal Contract Tower,0,22,8,0,30,0,0,0,0,0,0,22,8,0,30,56,0,56,86
01/16/2006,AEX,LA,ASW,CE,Federal Contract Tower,0,28,6,0,34,0,0,0,0,0,0,28,6,0,34,94,4,98,132
01/17/2006,AEX,LA,ASW,CE,Federal Contract Tower,5,32,11,6,54,0,0,0,0,0,5,32,11,6,54,79,31,110,164
01/18/2006,AEX,LA,ASW,CE,Federal Contract Tower,3,23,15,15,56,0,0,0,0,0,3,23,15,15,56,72,22,94,150
01/19/2006,AEX,LA,ASW,CE,Federal Contract Tower,4,26,14,3,47,0,0,0,0,0,4,26,14,3,47,51,99,150,197
01/20/2006,AEX,LA,ASW,CE,Federal Contract Tower,3,23,12,14,52,0,0,0,0,0,3,23,12,14,52,63,16,79,131
01/21/2006,AEX,LA,ASW,CE,Federal Contract Tower,1,18,12,0,31,0,0,0,0,0,1,18,12,0,31,74,0,74,105
01/22/2006,AEX,LA,ASW,CE,Federal Contract Tower,0,25,5,0,30,0,0,0,0,0,0,25,5,0,30,1,0,1,31
01/23/2006,AEX,LA,ASW,CE,Federal Contract Tower,4,24,20,8,56,0,0,0,0,0,4,24,20,8,56,0,0,0,56
01/24/2006,AEX,LA,ASW,CE,Federal Contract Tower,6,22,14,10,52,0,0,0,0,0,6,22,14,10,52,115,47,162,214
01/25/2006,AEX,LA,ASW,CE,Federal Contract Tower,0,0,0,0,0,2,21,16,6,45,2,21,16,6,45,104,50,154,199
01/26/2006,AEX,LA,ASW,CE,Federal Contract Tower,0,0,0,0,0,3,24,24,21,72,3,24,24,21,72,47,27,74,146
01/27/2006,AEX,LA,ASW,CE,Federal Contract Tower,4,25,5,23,57,0,0,0,0,0,4,25,5,23,57,50,83,133,190
01/28/2006,AEX,LA,ASW,CE,Federal Contract Tower,0,15,1,5,21,0,0,0,0,0,0,15,1,5,21,1,0,1,22
01/29/2006,AEX,LA,ASW,CE,Federal Contract Tower,0,21,8,0,29,0,0,0,0,0,0,21,8,0,29,20,0,20,49
01/30/2006,AEX,LA,ASW,CE,Federal Contract Tower,6,25,11,7,49,0,0,0,0,0,6,25,11,7,49,102,17,119,168
01/31/2006,AEX,LA,ASW,CE,Federal Contract Tower,7,22,19,13,61,0,0,0,0,0,7,22,19,13,61,109,46,155,216
02/01/2006,AEX,LA,ASW,CE,Federal Contract Tower,3,23,14,5,45,0,0,0,0,0,3,23,14,5,45,50,11,61,106
02/02/2006,AEX,LA,ASW,CE,Federal Contract Tower,4,25,10,38,77,0,0,0,0,0,4,25,10,38,77,95,29,124,201
02/03/2006,AEX,LA,ASW,CE,Federal Contract Tower,0,0,0,0,0,5,25,10,38,78,5,25,10,38,78,95,29,124,202
02/04/2006,AEX,LA,ASW,CE,Federal Contract Tower,3,24,3,3,33,0,0,0,0,0,3,24,3,3,33,50,4,54,87
02/05/2006,AEX,LA,ASW,CE,Federal Contract Tower,0,21,3,3,27,0,0,0,0,0,0,21,3,3,27,54,4,58,85
02/06/2006,AEX,LA,ASW,CE,Federal Contract Tower,5,23,16,13,57,0,0,0,0,0,5,23,16,13,57,29,15,44,101
02/07/2006,AEX,LA,ASW,CE,Federal Contract Tower,7,23,9,11,50,0,0,0,0,0,7,23,9,11,50,60,18,78,128
02/08/2006,AEX,LA,ASW,CE,Federal Contract Tower,3,24,19,17,63,0,0,0,0,0,3,24,19,17,63,76,29,105,168
02/09/2006,AEX,LA,ASW,CE,Federal Contract Tower,5,26,16,15,62,0,0,0,0,0,5,26,16,15,62,78,72,150,212
02/10/2006,AEX,LA,ASW,CE,Federal Contract Tower,3,18,4,1,26,0,0,0,0,0,3,18,4,1,26,8,0,8,34
02/11/2006,AEX,LA,ASW,CE,Federal Contract Tower,2,25,0,0,27,0,0,0,0,0,2,25,0,0,27,79,17,96,123
02/12/2006,AEX,LA,ASW,CE,Federal Contract Tower,2,25,27,8,62,0,0,0,0,0,2,25,27,8,62,101,50,151,213
02/13/2006,AEX,LA,ASW,CE,Federal Contract Tower,4,24,28,18,74,0,0,0,0,0,4,24,28,18,74,50,13,63,137
02/14/2006,AEX,LA,ASW,CE,Federal Contract Tower,5,22,8,13,48,0,0,0,0,0,5,22,8,13,48,80,23,103,151
02/15/2006,AEX,LA,ASW,CE,Federal Contract Tower,2,25,19,6,52,0,0,0,0,0,2,25,19,6,52,134,47,181,233
02/16/2006,AEX,LA,ASW,CE,Federal Contract Tower,4,27,31,17,79,0,0,0,0,0,4,27,31,17,79,39,16,55,134
02/17/2006,AEX,LA,ASW,CE,Federal Contract Tower,4,24,24,21,73,1,0,0,0,1,5,24,24,21,74,56,2,58,132
02/18/2006,AEX,LA,ASW,CE,Federal Contract Tower,0,21,8,2,31,0,0,0,0,0,0,21,8,2,31,0,0,0,31
02/19/2006,AEX,LA,ASW,CE,Federal Contract Tower,2,22,6,0,30,0,0,0,0,0,2,22,6,0,30,32,0,32,62
02/20/2006,AEX,LA,ASW,CE,Federal Contract Tower,3,29,9,2,43,0,0,0,0,0,3,29,9,2,43,0,0,0,43
02/21/2006,AEX,LA,ASW,CE,Federal Contract Tower,9,31,23,0,63,0,0,0,0,0,9,31,23,0,63,0,0,0,63
02/22/2006,AEX,LA,ASW,CE,Federal Contract Tower,5,34,15,5,59,0,0,0,0,0,5,34,15,5,59,46,1,47,106
02/23/2006,AEX,LA,ASW,CE,Federal Contract Tower,4,23,13,13,53,0,0,0,0,0,4,23,13,13,53,89,25,114,167
02/24/2006,AEX,LA,ASW,CE,Federal Contract Tower,8,25,18,7,58,0,0,0,0,0,8,25,18,7,58,29,7,36,94
02/25/2006,AEX,LA,ASW,CE,Federal Contract Tower,1,18,2,6,27,0,0,0,0,0,1,18,2,6,27,0,0,0,27
02/26/2006,AEX,LA,ASW,CE,Federal Contract Tower,0,21,7,0,28,0,0,0,0,0,0,21,7,0,28,42,2,44,72
02/27/2006,AEX,LA,ASW,CE,Federal Contract Tower,4,26,8,22,60,0,0,0,0,0,4,26,8,22,60,42,22,64,124
02/28/2006,AEX,LA,ASW,CE,Federal Contract Tower,6,20,6,0,32,0,0,0,0,0,6,20,6,0,32,73,2,75,107
03/01/2006,AEX,LA,ASW,CE,Federal Contract Tower,3,22,21,14,60,0,0,0,0,0,3,22,21,14,60,165,19,184,244
03/02/2006,AEX,LA,ASW,CE,Federal Contract Tower,3,25,28,16,72,0,0,0,0,0,3,25,28,16,72,141,1,142,214
03/03/2006,AEX,LA,ASW,CE,Federal Contract Tower,3,28,13,14,58,0,0,0,0,0,3,28,13,14,58,164,28,192,250
03/04/2006,AEX,LA,ASW,CE,Federal Contract Tower,3,18,4,22,47,0,0,0,0,0,3,18,4,22,47,120,52,172,219
03/05/2006,AEX,LA,ASW,CE,Federal Contract Tower,0,21,9,15,45,0,0,0,0,0,0,21,9,15,45,94,23,117,162
03/06/2006,AEX,LA,ASW,CE,Federal Contract Tower,1,28,10,7,46,0,0,0,0,0,1,28,10,7,46,100,19,119,165
03/07/2006,AEX,LA,ASW,CE,Federal Contract Tower,9,20,15,24,68,0,0,0,0,0,9,20,15,24,68,39,36,75,143
03/08/2006,AEX,LA,ASW,CE,Federal Contract Tower,6,24,15,17,62,0,0,0,0,0,6,24,15,17,62,31,16,47,109
03/09/2006,AEX,LA,ASW,CE,Federal Contract Tower,6,16,14,4,40,0,0,0,0,0,6,16,14,4,40,46,9,55,95
03/10/2006,AEX,LA,ASW,CE,Federal Contract Tower,7,24,14,8,53,0,0,0,0,0,7,24,14,8,53,144,34,178,231
03/11/2006,AEX,LA,ASW,CE,Federal Contract Tower,2,18,9,4,33,0,0,0,0,0,2,18,9,4,33,117,11,128,161
03/12/2006,AEX,LA,ASW,CE,Federal Contract Tower,0,21,15,2,38,0,0,0,0,0,0,21,15,2,38,88,0,88,126
03/13/2006,AEX,LA,ASW,CE,Federal Contract Tower,6,23,16,0,45,0,0,0,0,0,6,23,16,0,45,83,9,92,137
03/14/2006,AEX,LA,ASW,CE,Federal Contract Tower,5,24,19,6,54,0,0,0,0,0,5,24,19,6,54,80,59,139,193
03/15/2006,AEX,LA,ASW,CE,Federal Contract Tower,5,24,19,6,54,0,0,0,0,0,5,24,19,6,54,80,4,84,138
03/16/2006,AEX,LA,ASW,CE,Federal Contract Tower,5,28,17,7,57,0,0,0,0,0,5,28,17,7,57,131,13,144,201
03/17/2006,AEX,LA,ASW,CE,Federal Contract Tower,7,26,32,15,80,0,0,0,0,0,7,26,32,15,80,173,51,224,304
03/18/2006,AEX,LA,ASW,CE,Federal Contract Tower,3,18,20,5,46,0,0,0,0,0,3,18,20,5,46,78,9,87,133
03/19/2006,AEX,LA,ASW,CE,Federal Contract Tower,0,23,10,2,35,0,0,0,0,0,0,23,10,2,35,54,0,54,89
03/20/2006,AEX,LA,ASW,CE,Federal Contract Tower,4,29,10,1,44,0,0,0,0,0,4,29,10,1,44,3,2,5,49
03/21/2006,AEX,LA,ASW,CE,Federal Contract Tower,4,24,13,13,54,0,0,0,0,0,4,24,13,13,54,82,32,114,168
03/22/2006,AEX,LA,ASW,CE,Federal Contract Tower,3,25,11,10,49,0,0,0,0,0,3,25,11,10,49,82,38,120,169
03/23/2006,AEX,LA,ASW,CE,Federal Contract Tower,3,25,23,27,78,0,0,0,0,0,3,25,23,27,78,60,33,93,171
03/24/2006,AEX,LA,ASW,CE,Federal Contract Tower,4,24,12,40,80,0,0,0,0,0,4,24,12,40,80,82,44,126,206
03/25/2006,AEX,LA,ASW,CE,Federal Contract Tower,3,18,23,6,50,0,0,0,0,0,3,18,23,6,50,158,10,168,218
03/26/2006,AEX,LA,ASW,CE,Federal Contract Tower,1,22,10,3,36,0,0,0,0,0,1,22,10,3,36,133,10,143,179
03/27/2006,AEX,LA,ASW,CE,Federal Contract Tower,9,24,9,17,59,0,0,0,0,0,9,24,9,17,59,46,18,64,123
03/28/2006,AEX,LA,ASW,CE,Federal Contract Tower,5,22,13,2,42,0,0,0,0,0,5,22,13,2,42,52,2,54,96
03/29/2006,AEX,LA,ASW,CE,Federal Contract Tower,6,22,22,3,53,0,0,0,0,0,6,22,22,3,53,44,49,93,146
03/30/2006,AEX,LA,ASW,CE,Federal Contract Tower,7,24,20,1,52,0,0,0,0,0,7,24,20,1,52,60,12,72,124
03/31/2006,AEX,LA,ASW,CE,Federal Contract Tower,8,24,20,18,70,0,0,0,0,0,8,24,20,18,70,150,15,165,235
04/01/2006,AEX,LA,ASW,CE,Federal Contract Tower,2,20,19,4,45,0,0,0,0,0,2,20,19,4,45,102,51,153,198
04/02/2006,AEX,LA,ASW,CE,Federal Contract Tower,0,22,13,6,41,0,0,0,0,0,0,22,13,6,41,84,19,103,144
04/03/2006,AEX,LA,ASW,CE,Federal Contract Tower,13,22,20,3,58,0,0,0,0,0,13,22,20,3,58,142,16,158,216
04/04/2006,AEX,LA,ASW,CE,Federal Contract Tower,20,20,15,19,74,0,0,0,0,0,20,20,15,19,74,42,17,59,133
04/05/2006,AEX,LA,ASW,CE,Federal Contract Tower,14,24,15,16,69,0,0,0,0,0,14,24,15,16,69,34,38,72,141
04/06/2006,AEX,LA,ASW,CE,Federal Contract Tower,5,31,26,22,84,0,0,0,0,0,5,31,26,22,84,33,32,65,149
04/07/2006,AEX,LA,ASW,CE,Federal Contract Tower,3,24,18,9,54,0,0,0,0,0,3,24,18,9,54,62,2,64,118
04/08/2006,AEX,LA,ASW,CE,Federal Contract Tower,3,18,6,1,28,0,0,0,0,0,3,18,6,1,28,96,4,100,128
04/09/2006,AEX,LA,ASW,CE,Federal Contract Tower,0,22,7,0,29,0,0,0,0,0,0,22,7,0,29,125,11,136,165
04/10/2006,AEX,LA,ASW,CE,Federal Contract Tower,24,0,8,11,43,0,0,0,0,0,24,0,8,11,43,45,18,63,106
04/11/2006,AEX,LA,ASW,CE,Federal Contract Tower,5,22,17,30,74,0,0,0,0,0,5,22,17,30,74,45,13,58,132
04/12/2006,AEX,LA,ASW,CE,Federal Contract Tower,3,24,20,9,56,0,0,0,0,0,3,24,20,9,56,107,27,134,190
04/13/2006,AEX,LA,ASW,CE,Federal Contract Tower,5,30,17,8,60,0,0,0,0,0,5,30,17,8,60,46,20,66,126
04/14/2006,AEX,LA,ASW,CE,Federal Contract Tower,3,25,9,9,46,0,0,0,0,0,3,25,9,9,46,91,20,111,157
04/15/2006,AEX,LA,ASW,CE,Federal Contract Tower,0,17,4,10,31,0,0,0,0,0,0,17,4,10,31,66,23,89,120
04/16/2006,AEX,LA,ASW,CE,Federal Contract Tower,0,20,9,2,31,0,0,0,0,0,0,20,9,2,31,64,0,64,95
04/17/2006,AEX,LA,ASW,CE,Federal Contract Tower,12,24,21,13,70,0,0,0,0,0,12,24,21,13,70,96,19,115,185
04/18/2006,AEX,LA,ASW,CE,Federal Contract Tower,7,24,18,14,63,0,0,0,0,0,7,24,18,14,63,101,65,166,229
04/19/2006,AEX,LA,ASW,CE,Federal Contract Tower,2,25,19,26,72,0,0,0,0,0,2,25,19,26,72,86,29,115,187
04/20/2006,AEX,LA,ASW,CE,Federal Contract Tower,4,28,20,0,52,0,0,0,0,0,4,28,20,0,52,120,92,212,264
04/21/2006,AEX,LA,ASW,CE,Federal Contract Tower,2,21,5,2,30,0,0,0,0,0,2,21,5,2,30,41,6,47,77
04/22/2006,AEX,LA,ASW,CE,Federal Contract Tower,3,21,14,0,38,0,0,0,0,0,3,21,14,0,38,71,0,71,109
04/23/2006,AEX,LA,ASW,CE,Federal Contract Tower,0,24,15,2,41,0,0,0,0,0,0,24,15,2,41,55,0,55,96
04/24/2006,AEX,LA,ASW,CE,Federal Contract Tower,5,23,15,6,49,0,0,0,0,0,5,23,15,6,49,136,43,179,228
04/25/2006,AEX,LA,ASW,CE,Federal Contract Tower,7,22,12,17,58,0,0,0,0,0,7,22,12,17,58,137,14,151,209
04/26/2006,AEX,LA,ASW,CE,Federal Contract Tower,22,27,16,14,79,0,0,0,0,0,22,27,16,14,79,28,13,41,120
04/27/2006,AEX,LA,ASW,CE,Federal Contract Tower,24,23,13,24,84,0,0,0,0,0,24,23,13,24,84,161,38,199,283
04/28/2006,AEX,LA,ASW,CE,Federal Contract Tower,13,22,12,19,66,0,0,0,0,0,13,22,12,19,66,30,21,51,117
04/29/2006,AEX,LA,ASW,CE,Federal Contract Tower,5,22,3,0,30,0,0,0,0,0,5,22,3,0,30,5,0,5,35
04/30/2006,AEX,LA,ASW,CE,Federal Contract Tower,0,24,24,0,48,0,0,0,0,0,0,24,24,0,48,29,4,33,81
05/01/2006,AEX,LA,ASW,CE,Federal Contract Tower,2,27,16,11,56,0,0,0,0,0,2,27,16,11,56,83,18,101,157
05/02/2006,AEX,LA,ASW,CE,Federal Contract Tower,4,22,16,21,63,0,0,0,0,0,4,22,16,21,63,53,48,101,164
05/03/2006,AEX,LA,ASW,CE,Federal Contract Tower,2,23,24,18,67,0,0,0,0,0,2,23,24,18,67,181,15,196,263
05/04/2006,AEX,LA,ASW,CE,Federal Contract Tower,5,24,15,32,76,0,0,0,0,0,5,24,15,32,76,124,2,126,202
05/05/2006,AEX,LA,ASW,CE,Federal Contract Tower,3,24,12,9,48,0,0,0,0,0,3,24,12,9,48,71,10,81,129
05/06/2006,AEX,LA,ASW,CE,Federal Contract Tower,2,16,18,6,42,0,0,0,0,0,2,16,18,6,42,32,10,42,84
05/07/2006,AEX,LA,ASW,CE,Federal Contract Tower,0,24,18,8,50,0,0,0,0,0,0,24,18,8,50,24,0,24,74
05/08/2006,AEX,LA,ASW,CE,Federal Contract Tower,6,27,20,5,58,0,0,0,0,0,6,27,20,5,58,128,0,128,186
05/09/2006,AEX,LA,ASW,CE,Federal Contract Tower,8,23,11,20,62,0,0,0,0,0,8,23,11,20,62,110,23,133,195
05/10/2006,AEX,LA,ASW,CE,Federal Contract Tower,4,26,23,23,76,0,0,0,0,0,4,26,23,23,76,74,31,105,181
05/11/2006,AEX,LA,ASW,CE,Federal Contract Tower,3,25,16,11,55,0,0,0,0,0,3,25,16,11,55,63,15,78,133
05/12/2006,AEX,LA,ASW,CE,Federal Contract Tower,1,24,13,28,66,0,0,0,0,0,1,24,13,28,66,122,45,167,233
05/13/2006,AEX,LA,ASW,CE,Federal Contract Tower,2,18,7,0,27,0,0,0,0,0,2,18,7,0,27,70,0,70,97
05/14/2006,AEX,LA,ASW,CE,Federal Contract Tower,0,35,4,0,39,0,0,0,0,0,0,35,4,0,39,78,0,78,117
05/15/2006,AEX,LA,ASW,CE,Federal Contract Tower,4,22,11,48,85,0,0,0,0,0,4,22,11,48,85,63,19,82,167
05/16/2006,AEX,LA,ASW,CE,Federal Contract Tower,5,21,14,12,52,0,0,0,0,0,5,21,14,12,52,124,0,124,176
05/17/2006,AEX,LA,ASW,CE,Federal Contract Tower,3,27,5,6,41,0,0,0,0,0,3,27,5,6,41,91,28,119,160
05/18/2006,AEX,LA,ASW,CE,Federal Contract Tower,5,26,11,32,74,0,0,0,0,0,5,26,11,32,74,192,40,232,306
05/19/2006,AEX,LA,ASW,CE,Federal Contract Tower,2,24,18,43,87,0,0,0,0,0,2,24,18,43,87,56,42,98,185
05/20/2006,AEX,LA,ASW,CE,Federal Contract Tower,3,18,7,6,34,0,0,0,0,0,3,18,7,6,34,134,0,134,168
05/21/2006,AEX,LA,ASW,CE,Federal Contract Tower,0,24,14,6,44,0,0,0,0,0,0,24,14,6,44,35,12,47,91
05/22/2006,AEX,LA,ASW,CE,Federal Contract Tower,6,24,12,26,68,0,0,0,0,0,6,24,12,26,68,60,27,87,155
05/23/2006,AEX,LA,ASW,CE,Federal Contract Tower,5,21,13,20,59,0,0,0,0,0,5,21,13,20,59,114,25,139,198
05/24/2006,AEX,LA,ASW,CE,Federal Contract Tower,4,24,9,17,54,0,0,0,0,0,4,24,9,17,54,140,23,163,217
05/25/2006,AEX,LA,ASW,CE,Federal Contract Tower,2,24,15,17,58,0,0,0,0,0,2,24,15,17,58,101,11,112,170
05/26/2006,AEX,LA,ASW,CE,Federal Contract Tower,3,26,14,5,48,0,0,0,0,0,3,26,14,5,48,140,4,144,192
05/27/2006,AEX,LA,ASW,CE,Federal Contract Tower,2,17,12,0,31,0,0,0,0,0,2,17,12,0,31,107,0,107,138
05/28/2006,AEX,LA,ASW,CE,Federal Contract Tower,0,19,6,0,25,0,0,0,0,0,0,19,6,0,25,46,0,46,71
05/29/2006,AEX,LA,ASW,CE,Federal Contract Tower,0,22,8,0,30,0,0,0,0,0,0,22,8,0,30,53,0,53,83
05/30/2006,AEX,LA,ASW,CE,Federal Contract Tower,5,25,6,3,39,0,0,0,0,0,5,25,6,3,39,43,7,50,89
05/31/2006,AEX,LA,ASW,CE,Federal Contract Tower,12,25,31,15,83,0,0,0,0,0,12,25,31,15,83,69,116,185,268
06/01/2006,AEX,LA,ASW,CE,Federal Contract Tower,8,24,19,18,69,0,0,0,0,0,8,24,19,18,69,99,16,115,184
06/02/2006,AEX,LA,ASW,CE,Federal Contract Tower,3,25,13,19,60,0,0,0,0,0,3,25,13,19,60,77,56,133,193
06/03/2006,AEX,LA,ASW,CE,Federal Contract Tower,4,20,7,4,35,0,0,0,0,0,4,20,7,4,35,90,25,115,150
06/04/2006,AEX,LA,ASW,CE,Federal Contract Tower,0,25,11,6,42,0,0,0,0,0,0,25,11,6,42,57,18,75,117
06/05/2006,AEX,LA,ASW,CE,Federal Contract Tower,4,24,12,11,51,0,0,0,0,0,4,24,12,11,51,60,22,82,133
06/06/2006,AEX,LA,ASW,CE,Federal Contract Tower,9,28,18,19,74,0,0,0,0,0,9,28,18,19,74,56,65,121,195
06/07/2006,AEX,LA,ASW,CE,Federal Contract Tower,3,26,12,2,43,0,0,0,0,0,3,26,12,2,43,71,2,73,116
06/08/2006,AEX,LA,ASW,CE,Federal Contract Tower,5,25,5,3,38,0,0,0,0,0,5,25,5,3,38,73,14,87,125
06/09/2006,AEX,LA,ASW,CE,Federal Contract Tower,2,24,9,35,70,0,0,0,0,0,2,24,9,35,70,4,37,41,111
06/10/2006,AEX,LA,ASW,CE,Federal Contract Tower,3,17,4,4,28,0,0,0,0,0,3,17,4,4,28,60,4,64,92
06/11/2006,AEX,LA,ASW,CE,Federal Contract Tower,0,24,10,10,44,0,0,0,0,0,0,24,10,10,44,52,11,63,107
06/12/2006,AEX,LA,ASW,CE,Federal Contract Tower,6,28,11,22,67,0,0,0,0,0,6,28,11,22,67,46,65,111,178
06/13/2006,AEX,LA,ASW,CE,Federal Contract Tower,5,24,11,23,63,0,0,0,0,0,5,24,11,23,63,69,69,138,201
06/14/2006,AEX,LA,ASW,CE,Federal Contract Tower,3,24,20,7,54,0,0,0,0,0,3,24,20,7,54,77,15,92,146
06/15/2006,AEX,LA,ASW,CE,Federal Contract Tower,2,24,29,16,71,0,0,0,0,0,2,24,29,16,71,95,14,109,180
06/16/2006,AEX,LA,ASW,CE,Federal Contract Tower,2,26,15,0,43,0,0,0,0,0,2,26,15,0,43,69,16,85,128
06/17/2006,AEX,LA,ASW,CE,Federal Contract Tower,2,18,7,0,27,0,0,0,0,0,2,18,7,0,27,99,10,109,136
06/18/2006,AEX,LA,ASW,CE,Federal Contract Tower,0,22,8,2,32,0,0,0,0,0,0,22,8,2,32,56,16,72,104
06/19/2006,AEX,LA,ASW,CE,Federal Contract Tower,4,20,24,5,53,0,0,0,0,0,4,20,24,5,53,123,28,151,204
06/20/2006,AEX,LA,ASW,CE,Federal Contract Tower,7,24,27,7,65,0,0,0,0,0,7,24,27,7,65,69,28,97,162
06/21/2006,AEX,LA,ASW,CE,Federal Contract Tower,3,26,16,14,59,0,0,0,0,0,3,26,16,14,59,57,15,72,131
06/22/2006,AEX,LA,ASW,CE,Federal Contract Tower,3,27,17,26,73,0,0,0,0,0,3,27,17,26,73,137,54,191,264
06/23/2006,AEX,LA,ASW,CE,Federal Contract Tower,5,24,10,26,65,0,0,0,0,0,5,24,10,26,65,98,14,112,177
06/24/2006,AEX,LA,ASW,CE,Federal Contract Tower,2,19,12,7,40,0,0,0,0,0,2,19,12,7,40,169,35,204,244
06/25/2006,AEX,LA,ASW,CE,Federal Contract Tower,0,22,6,2,30,0,0,0,0,0,0,22,6,2,30,68,0,68,98
06/26/2006,AEX,LA,ASW,CE,Federal Contract Tower,6,24,9,26,65,0,0,0,0,0,6,24,9,26,65,74,12,86,151
06/27/2006,AEX,LA,ASW,CE,Federal Contract Tower,4,25,12,7,48,0,0,0,0,0,4,25,12,7,48,82,32,114,162
06/28/2006,AEX,LA,ASW,CE,Federal Contract Tower,2,24,13,35,74,0,0,0,0,0,2,24,13,35,74,88,55,143,217
06/29/2006,AEX,LA,ASW,CE,Federal Contract Tower,2,24,19,27,72,0,0,0,0,0,2,24,19,27,72,38,58,96,168
06/30/2006,AEX,LA,ASW,CE,Federal Contract Tower,3,26,14,14,57,0,0,0,0,0,3,26,14,14,57,53,10,63,120
07/01/2006,AEX,LA,ASW,CE,Federal Contract Tower,0,20,12,0,32,0,0,0,0,0,0,20,12,0,32,141,0,141,173
07/02/2006,AEX,LA,ASW,CE,Federal Contract Tower,0,23,5,0,28,0,0,0,0,0,0,23,5,0,28,63,0,63,91
07/03/2006,AEX,LA,ASW,CE,Federal Contract Tower,4,16,6,0,26,0,0,0,0,0,4,16,6,0,26,36,0,36,62
07/04/2006,AEX,LA,ASW,CE,Federal Contract Tower,0,22,7,2,31,0,0,0,0,0,0,22,7,2,31,66,0,66,97
07/05/2006,AEX,LA,ASW,CE,Federal Contract Tower,3,22,7,2,34,0,0,0,0,0,3,22,7,2,34,25,3,28,62
07/06/2006,AEX,LA,ASW,CE,Federal Contract Tower,3,24,12,0,39,0,0,0,0,0,3,24,12,0,39,12,2,14,53
07/07/2006,AEX,LA,ASW,CE,Federal Contract Tower,3,24,17,37,81,0,0,0,0,0,3,24,17,37,81,79,61,140,221
07/08/2006,AEX,LA,ASW,CE,Federal Contract Tower,3,21,5,9,38,0,0,0,0,0,3,21,5,9,38,111,64,175,213
07/09/2006,AEX,LA,ASW,CE,Federal Contract Tower,2,26,11,9,48,0,0,0,0,0,2,26,11,9,48,90,16,106,154
07/10/2006,AEX,LA,ASW,CE,Federal Contract Tower,2,25,14,3,44,0,0,0,0,0,2,25,14,3,44,66,27,93,137
07/11/2006,AEX,LA,ASW,CE,Federal Contract Tower,5,25,21,12,63,0,0,0,0,0,5,25,21,12,63,66,5,71,134
07/12/2006,AEX,LA,ASW,CE,Federal Contract Tower,3,26,21,24,74,0,0,0,0,0,3,26,21,24,74,77,23,100,174
07/13/2006,AEX,LA,ASW,CE,Federal Contract Tower,4,26,9,14,53,0,0,0,0,0,4,26,9,14,53,79,22,101,154
07/14/2006,AEX,LA,ASW,CE,Federal Contract Tower,4,25,20,20,69,0,0,0,0,0,4,25,20,20,69,106,33,139,208
07/15/2006,AEX,LA,ASW,CE,Federal Contract Tower,18,4,4,20,46,0,0,0,0,0,18,4,4,20,46,76,15,91,137
07/16/2006,AEX,LA,ASW,CE,Federal Contract Tower,0,22,5,2,29,0,0,0,0,0,0,22,5,2,29,88,9,97,126
07/17/2006,AEX,LA,ASW,CE,Federal Contract Tower,4,26,12,11,53,0,0,0,0,0,4,26,12,11,53,145,42,187,240
07/18/2006,AEX,LA,ASW,CE,Federal Contract Tower,4,26,14,8,52,0,0,0,0,0,4,26,14,8,52,48,11,59,111
07/19/2006,AEX,LA,ASW,CE,Federal Contract Tower,2,22,15,15,54,0,0,0,0,0,2,22,15,15,54,90,22,112,166
07/20/2006,AEX,LA,ASW,CE,Federal Contract Tower,6,25,19,16,66,0,0,0,0,0,6,25,19,16,66,78,33,111,177
07/21/2006,AEX,LA,ASW,CE,Federal Contract Tower,2,24,20,24,70,0,0,0,0,0,2,24,20,24,70,76,9,85,155
07/22/2006,AEX,LA,ASW,CE,Federal Contract Tower,2,18,11,5,36,0,0,0,0,0,2,18,11,5,36,70,0,70,106
07/23/2006,AEX,LA,ASW,CE,Federal Contract Tower,0,32,10,1,43,0,0,0,0,0,0,32,10,1,43,47,1,48,91
07/24/2006,AEX,LA,ASW,CE,Federal Contract Tower,6,18,8,13,45,0,0,0,0,0,6,18,8,13,45,125,27,152,197
07/25/2006,AEX,LA,ASW,CE,Federal Contract Tower,15,29,16,5,65,0,0,0,0,0,15,29,16,5,65,46,8,54,119
07/26/2006,AEX,LA,ASW,CE,Federal Contract Tower,4,21,9,1,35,0,0,0,0,0,4,21,9,1,35,4,0,4,39
07/27/2006,AEX,LA,ASW,CE,Federal Contract Tower,4,26,22,4,56,0,0,0,0,0,4,26,22,4,56,51,21,72,128
07/28/2006,AEX,LA,ASW,CE,Federal Contract Tower,5,25,16,3,49,0,0,0,0,0,5,25,16,3,49,258,52,310,359
07/29/2006,AEX,LA,ASW,CE,Federal Contract Tower,8,20,7,12,47,0,0,0,0,0,8,20,7,12,47,97,7,104,151
07/30/2006,AEX,LA,ASW,CE,Federal Contract Tower,2,27,6,1,36,0,0,0,0,0,2,27,6,1,36,86,38,124,160
07/31/2006,AEX,LA,ASW,CE,Federal Contract Tower,6,24,12,6,48,0,0,0,0,0,6,24,12,6,48,169,60,229,277
08/01/2006,AEX,LA,ASW,CE,Federal Contract Tower,6,24,10,11,51,0,0,0,0,0,6,24,10,11,51,153,24,177,228
08/02/2006,AEX,LA,ASW,CE,Federal Contract Tower,5,25,14,14,58,0,0,0,0,0,5,25,14,14,58,105,2,107,165
08/03/2006,AEX,LA,ASW,CE,Federal Contract Tower,12,22,10,33,77,0,0,0,0,0,12,22,10,33,77,191,56,247,324
08/04/2006,AEX,LA,ASW,CE,Federal Contract Tower,6,26,14,5,51,0,0,28,1,29,6,26,42,6,80,170,3,173,253
08/05/2006,AEX,LA,ASW,CE,Federal Contract Tower,2,17,4,10,33,0,0,0,0,0,2,17,4,10,33,13,1,14,47
08/06/2006,AEX,LA,ASW,CE,Federal Contract Tower,5,24,7,7,43,0,0,0,0,0,5,24,7,7,43,21,12,33,76
08/07/2006,AEX,LA,ASW,CE,Federal Contract Tower,8,26,12,5,51,0,0,0,0,0,8,26,12,5,51,59,1,60,111
08/08/2006,AEX,LA,ASW,CE,Federal Contract Tower,5,26,11,14,56,0,0,0,0,0,5,26,11,14,56,108,34,142,198
08/09/2006,AEX,LA,ASW,CE,Federal Contract Tower,4,24,20,16,64,0,0,0,0,0,4,24,20,16,64,129,48,177,241
08/10/2006,AEX,LA,ASW,CE,Federal Contract Tower,3,22,20,12,57,0,0,0,0,0,3,22,20,12,57,96,7,103,160
08/11/2006,AEX,LA,ASW,CE,Federal Contract Tower,4,22,20,33,79,0,0,0,0,0,4,22,20,33,79,122,16,138,217
08/12/2006,AEX,LA,ASW,CE,Federal Contract Tower,1,19,17,22,59,0,0,0,0,0,1,19,17,22,59,68,32,100,159
08/13/2006,AEX,LA,ASW,CE,Federal Contract Tower,1,24,4,6,35,0,0,0,0,0,1,24,4,6,35,25,2,27,62
08/14/2006,AEX,LA,ASW,CE,Federal Contract Tower,7,24,15,20,66,0,0,0,0,0,7,24,15,20,66,123,18,141,207
08/15/2006,AEX,LA,ASW,CE,Federal Contract Tower,6,24,13,23,66,0,0,0,0,0,6,24,13,23,66,147,35,182,248
08/16/2006,AEX,LA,ASW,CE,Federal Contract Tower,3,26,20,15,64,0,0,0,0,0,3,26,20,15,64,43,15,58,122
08/17/2006,AEX,LA,ASW,CE,Federal Contract Tower,5,37,19,22,83,0,0,0,0,0,5,37,19,22,83,78,10,88,171
08/18/2006,AEX,LA,ASW,CE,Federal Contract Tower,2,27,16,2,47,0,0,0,0,0,2,27,16,2,47,43,100,143,190
08/19/2006,AEX,LA,ASW,CE,Federal Contract Tower,1,22,13,11,47,0,0,0,0,0,1,22,13,11,47,77,89,166,213
08/20/2006,AEX,LA,ASW,CE,Federal Contract Tower,0,24,6,0,30,0,0,0,0,0,0,24,6,0,30,12,4,16,46
08/21/2006,AEX,LA,ASW,CE,Federal Contract Tower,4,27,22,40,93,0,0,0,0,0,4,27,22,40,93,68,15,83,176
08/22/2006,AEX,LA,ASW,CE,Federal Contract Tower,5,23,8,2,38,0,0,0,0,0,5,23,8,2,38,122,6,128,166
08/23/2006,AEX,LA,ASW,CE,Federal Contract Tower,3,33,21,0,57,0,0,0,0,0,3,33,21,0,57,95,22,117,174
08/24/2006,AEX,LA,ASW,CE,Federal Contract Tower,2,31,14,0,47,0,0,0,0,0,2,31,14,0,47,153,64,217,264
08/25/2006,AEX,LA,ASW,CE,Federal Contract Tower,6,26,16,23,71,0,0,0,0,0,6,26,16,23,71,65,1,66,137
08/26/2006,AEX,LA,ASW,CE,Federal Contract Tower,8,22,8,0,38,0,0,0,0,0,8,22,8,0,38,31,1,32,70
08/27/2006,AEX,LA,ASW,CE,Federal Contract Tower,4,22,7,13,46,0,0,0,0,0,4,22,7,13,46,13,24,37,83
08/28/2006,AEX,LA,ASW,CE,Federal Contract Tower,9,25,10,2,46,0,0,0,0,0,9,25,10,2,46,81,3,84,130
08/29/2006,AEX,LA,ASW,CE,Federal Contract Tower,13,25,5,9,52,0,0,0,0,0,13,25,5,9,52,161,9,170,222
08/30/2006,AEX,LA,ASW,CE,Federal Contract Tower,9,25,16,19,69,0,0,0,0,0,9,25,16,19,69,138,51,189,258
08/31/2006,AEX,LA,ASW,CE,Federal Contract Tower,10,27,23,12,72,0,0,0,0,0,10,27,23,12,72,145,22,167,239
09/01/2006,AEX,LA,ASW,CE,Federal Contract Tower,11,23,15,11,60,0,0,0,0,0,11,23,15,11,60,58,33,91,151
09/02/2006,AEX,LA,ASW,CE,Federal Contract Tower,8,20,12,0,40,0,0,0,0,0,8,20,12,0,40,99,0,99,139
09/03/2006,AEX,LA,ASW,CE,Federal Contract Tower,5,20,6,0,31,0,0,0,0,0,5,20,6,0,31,59,0,59,90
09/04/2006,AEX,LA,ASW,CE,Federal Contract Tower,0,21,17,0,38,0,0,0,0,0,0,21,17,0,38,33,0,33,71
09/05/2006,AEX,LA,ASW,CE,Federal Contract Tower,7,27,15,14,63,0,0,0,0,0,7,27,15,14,63,55,34,89,152
09/06/2006,AEX,LA,ASW,CE,Federal Contract Tower,7,24,20,18,69,0,0,0,0,0,7,24,20,18,69,151,25,176,245
09/07/2006,AEX,LA,ASW,CE,Federal Contract Tower,5,26,18,19,68,0,0,0,0,0,5,26,18,19,68,86,23,109,177
09/08/2006,AEX,LA,ASW,CE,Federal Contract Tower,6,26,20,25,77,0,0,0,0,0,6,26,20,25,77,123,57,180,257
09/09/2006,AEX,LA,ASW,CE,Federal Contract Tower,2,20,10,2,34,0,0,0,0,0,2,20,10,2,34,39,9,48,82
09/10/2006,AEX,LA,ASW,CE,Federal Contract Tower,0,22,8,6,36,0,0,0,0,0,0,22,8,6,36,65,0,65,101
09/11/2006,AEX,LA,ASW,CE,Federal Contract Tower,4,23,10,4,41,0,0,0,0,0,4,23,10,4,41,19,4,23,64
09/12/2006,AEX,LA,ASW,CE,Federal Contract Tower,6,22,15,22,65,0,0,0,0,0,6,22,15,22,65,23,0,23,88
09/13/2006,AEX,LA,ASW,CE,Federal Contract Tower,2,27,16,4,49,0,0,0,0,0,2,27,16,4,49,97,21,118,167
09/14/2006,AEX,LA,ASW,CE,Federal Contract Tower,3,27,22,14,66,0,0,0,0,0,3,27,22,14,66,118,23,141,207
09/15/2006,AEX,LA,ASW,CE,Federal Contract Tower,2,26,17,16,61,0,0,0,0,0,2,26,17,16,61,100,27,127,188
09/16/2006,AEX,LA,ASW,CE,Federal Contract Tower,1,19,11,4,35,0,0,0,0,0,1,19,11,4,35,42,0,42,77
09/17/2006,AEX,LA,ASW,CE,Federal Contract Tower,1,27,11,5,44,0,0,0,0,0,1,27,11,5,44,48,0,48,92
09/18/2006,AEX,LA,ASW,CE,Federal Contract Tower,9,21,9,2,41,0,0,0,0,0,9,21,9,2,41,70,0,70,111
09/19/2006,AEX,LA,ASW,CE,Federal Contract Tower,6,25,14,1,46,0,0,0,0,0,6,25,14,1,46,98,1,99,145
09/20/2006,AEX,LA,ASW,CE,Federal Contract Tower,9,24,13,17,63,0,0,0,0,0,9,24,13,17,63,47,27,74,137
09/21/2006,AEX,LA,ASW,CE,Federal Contract Tower,5,29,20,20,74,0,0,0,0,0,5,29,20,20,74,94,33,127,201
09/22/2006,AEX,LA,ASW,CE,Federal Contract Tower,7,28,18,0,53,0,0,0,0,0,7,28,18,0,53,84,25,109,162
09/23/2006,AEX,LA,ASW,CE,Federal Contract Tower,3,16,4,2,25,0,0,0,0,0,3,16,4,2,25,105,26,131,156
09/24/2006,AEX,LA,ASW,CE,Federal Contract Tower,1,24,8,2,35,0,0,0,0,0,1,24,8,2,35,69,16,85,120
09/25/2006,AEX,LA,ASW,CE,Federal Contract Tower,10,27,9,7,53,0,0,0,0,0,10,27,9,7,53,97,24,121,174
09/26/2006,AEX,LA,ASW,CE,Federal Contract Tower,24,21,12,2,59,0,0,146,9,155,24,21,158,11,214,106,0,106,320
09/27/2006,AEX,LA,ASW,CE,Federal Contract Tower,6,25,14,6,51,0,0,0,0,0,6,25,14,6,51,81,24,105,156
09/28/2006,AEX,LA,ASW,CE,Federal Contract Tower,5,26,9,6,46,0,0,0,0,0,5,26,9,6,46,159,3,162,208
09/29/2006,AEX,LA,ASW,CE,Federal Contract Tower,4,27,8,2,41,0,0,0,0,0,4,27,8,2,41,119,42,161,202
09/30/2006,AEX,LA,ASW,CE,Federal Contract Tower,2,20,12,2,36,0,0,0,0,0,2,20,12,2,36,144,4,148,184
10/01/2006,AEX,LA,ASW,CE,Federal Contract Tower,0,25,8,3,36,0,0,0,0,0,0,25,8,3,36,80,21,101,137
10/02/2006,AEX,LA,ASW,CE,Federal Contract Tower,3,25,19,25,72,0,0,0,0,0,3,25,19,25,72,61,1,62,134
10/03/2006,AEX,LA,ASW,CE,Federal Contract Tower,7,26,19,8,60,0,0,0,0,0,7,26,19,8,60,109,41,150,210
10/04/2006,AEX,LA,ASW,CE,Federal Contract Tower,4,29,16,8,57,0,0,0,0,0,4,29,16,8,57,75,26,101,158
10/05/2006,AEX,LA,ASW,CE,Federal Contract Tower,3,27,19,8,57,0,0,0,0,0,3,27,19,8,57,47,20,67,124
10/06/2006,AEX,LA,ASW,CE,Federal Contract Tower,1,26,14,10,51,0,0,0,0,0,1,26,14,10,51,100,20,120,171
10/07/2006,AEX,LA,ASW,CE,Federal Contract Tower,3,20,2,0,25,0,0,0,0,0,3,20,2,0,25,109,18,127,152
10/08/2006,AEX,LA,ASW,CE,Federal Contract Tower,0,28,10,0,38,0,0,0,0,0,0,28,10,0,38,132,29,161,199
10/09/2006,AEX,LA,ASW,CE,Federal Contract Tower,0,26,16,14,56,0,0,0,0,0,0,26,16,14,56,50,10,60,116
10/10/2006,AEX,LA,ASW,CE,Federal Contract Tower,8,31,8,11,58,0,0,0,0,0,8,31,8,11,58,112,34,146,204
10/11/2006,AEX,LA,ASW,CE,Federal Contract Tower,4,28,16,9,57,0,0,0,0,0,4,28,16,9,57,53,17,70,127
10/12/2006,AEX,LA,ASW,CE,Federal Contract Tower,4,28,16,15,63,0,0,0,0,0,4,28,16,15,63,41,29,70,133
10/13/2006,AEX,LA,ASW,CE,Federal Contract Tower,13,28,25,24,90,0,0,0,0,0,13,28,25,24,90,123,11,134,224
10/14/2006,AEX,LA,ASW,CE,Federal Contract Tower,10,20,6,7,43,0,0,0,0,0,10,20,6,7,43,87,36,123,166
10/15/2006,AEX,LA,ASW,CE,Federal Contract Tower,3,24,13,3,43,0,0,0,0,0,3,24,13,3,43,69,18,87,130
10/16/2006,AEX,LA,ASW,CE,Federal Contract Tower,8,8,2,0,18,0,0,0,0,0,8,8,2,0,18,0,0,0,18
10/17/2006,AEX,LA,ASW,CE,Federal Contract Tower,16,22,9,15,62,0,0,0,0,0,16,22,9,15,62,78,15,93,155
10/18/2006,AEX,LA,ASW,CE,Federal Contract Tower,10,27,5,10,52,0,0,0,0,0,10,27,5,10,52,46,2,48,100
10/19/2006,AEX,LA,ASW,CE,Federal Contract Tower,16,34,18,2,70,0,0,0,0,0,16,34,18,2,70,10,2,12,82
10/20/2006,AEX,LA,ASW,CE,Federal Contract Tower,17,28,20,14,79,0,0,0,0,0,17,28,20,14,79,76,61,137,216
10/21/2006,AEX,LA,ASW,CE,Federal Contract Tower,10,10,13,4,37,0,11,0,0,11,10,21,13,4,48,48,48,96,144
10/22/2006,AEX,LA,ASW,CE,Federal Contract Tower,1,25,10,0,36,0,0,0,0,0,1,25,10,0,36,119,31,150,186
10/23/2006,AEX,LA,ASW,CE,Federal Contract Tower,4,24,13,16,57,0,0,0,0,0,4,24,13,16,57,92,4,96,153
10/24/2006,AEX,LA,ASW,CE,Federal Contract Tower,7,22,19,6,54,0,0,0,0,0,7,22,19,6,54,97,11,108,162
10/25/2006,AEX,LA,ASW,CE,Federal Contract Tower,3,25,28,12,68,0,0,0,0,0,3,25,28,12,68,28,12,40,108
10/26/2006,AEX,LA,ASW,CE,Federal Contract Tower,4,32,9,0,45,0,0,0,0,0,4,32,9,0,45,0,0,0,45
10/27/2006,AEX,LA,ASW,CE,Federal Contract Tower,4,29,10,35,78,0,0,0,0,0,4,29,10,35,78,75,20,95,173
10/28/2006,AEX,LA,ASW,CE,Federal Contract Tower,1,19,9,2,31,0,0,0,0,0,1,19,9,2,31,106,2,108,139
10/29/2006,AEX,LA,ASW,CE,Federal Contract Tower,0,25,12,1,38,0,0,0,0,0,0,25,12,1,38,94,5,99,137
10/30/2006,AEX,LA,ASW,CE,Federal Contract Tower,6,23,16,20,65,0,0,0,0,0,6,23,16,20,65,0,8,8,73
11/01/2006,AEX,LA,ASW,CE,Federal Contract Tower,5,30,30,15,80,0,0,0,0,0,5,30,30,15,80,31,5,36,116
11/02/2006,AEX,LA,ASW,CE,Federal Contract Tower,4,24,26,8,62,0,0,0,0,0,4,24,26,8,62,96,6,102,164
11/03/2006,AEX,LA,ASW,CE,Federal Contract Tower,5,26,9,30,70,0,0,0,0,0,5,26,9,30,70,22,49,71,141
11/04/2006,AEX,LA,ASW,CE,Federal Contract Tower,1,19,10,11,41,0,0,0,0,0,1,19,10,11,41,32,13,45,86
11/05/2006,AEX,LA,ASW,CE,Federal Contract Tower,3,27,15,11,56,0,0,0,0,0,3,27,15,11,56,32,7,39,95
11/06/2006,AEX,LA,ASW,CE,Federal Contract Tower,8,19,7,2,36,0,0,0,0,0,8,19,7,2,36,74,0,74,110
11/07/2006,AEX,LA,ASW,CE,Federal Contract Tower,7,22,31,27,87,0,0,0,0,0,7,22,31,27,87,87,35,122,209
11/08/2006,AEX,LA,ASW,CE,Federal Contract Tower,13,26,16,26,81,0,0,0,0,0,13,26,16,26,81,82,27,109,190
11/09/2006,AEX,LA,ASW,CE,Federal Contract Tower,18,26,20,13,77,0,0,0,0,0,18,26,20,13,77,87,29,116,193
11/10/2006,AEX,LA,ASW,CE,Federal Contract Tower,18,26,20,13,77,0,0,0,0,0,18,26,20,13,77,87,29,116,193
11/11/2006,AEX,LA,ASW,CE,Federal Contract Tower,10,21,10,1,42,0,0,0,0,0,10,21,10,1,42,41,1,42,84
11/12/2006,AEX,LA,ASW,CE,Federal Contract Tower,8,23,20,12,63,0,0,0,0,0,8,23,20,12,63,63,0,63,126
11/13/2006,AEX,LA,ASW,CE,Federal Contract Tower,7,25,15,5,52,0,0,0,0,0,7,25,15,5,52,105,3,108,160
11/14/2006,AEX,LA,ASW,CE,Federal Contract Tower,9,22,12,16,59,0,0,0,0,0,9,22,12,16,59,47,16,63,122
11/15/2006,AEX,LA,ASW,CE,Federal Contract Tower,7,20,8,12,47,0,0,0,0,0,7,20,8,12,47,82,18,100,147
11/16/2006,AEX,LA,ASW,CE,Federal Contract Tower,5,30,12,18,65,0,0,0,0,0,5,30,12,18,65,43,4,47,112
11/17/2006,AEX,LA,ASW,CE,Federal Contract Tower,6,28,18,24,76,0,0,0,0,0,6,28,18,24,76,86,51,137,213
11/18/2006,AEX,LA,ASW,CE,Federal Contract Tower,2,21,5,5,33,0,0,0,0,0,2,21,5,5,33,25,5,30,63
11/19/2006,AEX,LA,ASW,CE,Federal Contract Tower,0,25,13,0,38,0,0,0,0,0,0,25,13,0,38,43,0,43,81
11/20/2006,AEX,LA,ASW,CE,Federal Contract Tower,5,22,12,22,61,0,0,0,0,0,5,22,12,22,61,38,44,82,143
11/21/2006,AEX,LA,ASW,CE,Federal Contract Tower,13,26,14,30,83,0,0,0,0,0,13,26,14,30,83,66,25,91,174
11/22/2006,AEX,LA,ASW,CE,Federal Contract Tower,5,28,30,31,94,0,0,0,0,0,5,28,30,31,94,139,35,174,268
11/23/2006,AEX,LA,ASW,CE,Federal Contract Tower,3,17,10,0,30,0,0,0,0,0,3,17,10,0,30,99,0,99,129
11/24/2006,AEX,LA,ASW,CE,Federal Contract Tower,2,19,14,0,35,0,0,0,0,0,2,19,14,0,35,117,14,131,166
11/25/2006,AEX,LA,ASW,CE,Federal Contract Tower,2,24,17,0,43,0,0,0,0,0,2,24,17,0,43,54,0,54,97
11/26/2006,AEX,LA,ASW,CE,Federal Contract Tower,3,27,9,0,39,0,0,0,0,0,3,27,9,0,39,25,0,25,64
11/27/2006,AEX,LA,ASW,CE,Federal Contract Tower,6,26,4,5,41,0,0,0,0,0,6,26,4,5,41,24,5,29,70
11/28/2006,AEX,LA,ASW,CE,Federal Contract Tower,7,28,13,19,67,0,0,0,0,0,7,28,13,19,67,51,5,56,123
11/29/2006,AEX,LA,ASW,CE,Federal Contract Tower,6,23,22,3,54,0,0,0,0,0,6,23,22,3,54,65,8,73,127
11/30/2006,AEX,LA,ASW,CE,Federal Contract Tower,4,34,17,4,59,0,0,0,0,0,4,34,17,4,59,59,2,61,120
12/01/2006,AEX,LA,ASW,CE,Federal Contract Tower,1,27,27,17,72,0,0,0,0,0,1,27,27,17,72,19,6,25,97
12/02/2006,AEX,LA,ASW,CE,Federal Contract Tower,4,21,13,3,41,0,0,0,0,0,4,21,13,3,41,109,0,109,150
12/03/2006,AEX,LA,ASW,CE,Federal Contract Tower,2,24,15,6,47,0,0,0,0,0,2,24,15,6,47,26,6,32,79
12/04/2006,AEX,LA,ASW,CE,Federal Contract Tower,9,24,19,18,70,0,0,0,0,0,9,24,19,18,70,30,21,51,121
12/05/2006,AEX,LA,ASW,CE,Federal Contract Tower,8,25,20,16,69,0,0,0,0,0,8,25,20,16,69,18,4,22,91
12/06/2006,AEX,LA,ASW,CE,Federal Contract Tower,6,26,27,16,75,0,0,0,0,0,6,26,27,16,75,84,12,96,171
12/07/2006,AEX,LA,ASW,CE,Federal Contract Tower,4,28,13,3,48,0,0,0,0,0,4,28,13,3,48,140,16,156,204
12/08/2006,AEX,LA,ASW,CE,Federal Contract Tower,9,26,25,35,95,0,0,0,0,0,9,26,25,35,95,40,46,86,181
12/09/2006,AEX,LA,ASW,CE,Federal Contract Tower,0,21,7,9,37,0,0,0,0,0,0,21,7,9,37,99,8,107,144
12/10/2006,AEX,LA,ASW,CE,Federal Contract Tower,0,26,11,2,39,0,0,0,0,0,0,26,11,2,39,106,20,126,165
12/11/2006,AEX,LA,ASW,CE,Federal Contract Tower,6,24,15,2,47,0,0,0,0,0,6,24,15,2,47,3,0,3,50
12/12/2006,AEX,LA,ASW,CE,Federal Contract Tower,6,22,10,10,48,0,0,0,0,0,6,22,10,10,48,18,4,22,70
12/13/2006,AEX,LA,ASW,CE,Federal Contract Tower,4,29,16,31,80,0,0,0,0,0,4,29,16,31,80,101,16,117,197
12/14/2006,AEX,LA,ASW,CE,Federal Contract Tower,8,30,11,7,56,0,0,0,0,0,8,30,11,7,56,40,42,82,138
12/15/2006,AEX,LA,ASW,CE,Federal Contract Tower,5,31,10,43,89,0,0,0,0,0,5,31,10,43,89,72,50,122,211
12/16/2006,AEX,LA,ASW,CE,Federal Contract Tower,5,26,2,0,33,0,0,0,0,0,5,26,2,0,33,69,0,69,102
12/17/2006,AEX,LA,ASW,CE,Federal Contract Tower,0,29,9,0,38,0,0,0,0,0,0,29,9,0,38,55,0,55,93
12/18/2006,AEX,LA,ASW,CE,Federal Contract Tower,8,32,16,7,63,0,0,0,0,0,8,32,16,7,63,21,0,21,84
12/19/2006,AEX,LA,ASW,CE,Federal Contract Tower,11,39,9,14,73,0,0,0,0,0,11,39,9,14,73,39,0,39,112
12/20/2006,AEX,LA,ASW,CE,Federal Contract Tower,8,32,27,3,70,0,0,0,0,0,8,32,27,3,70,43,3,46,116
12/21/2006,AEX,LA,ASW,CE,Federal Contract Tower,6,32,14,1,53,0,0,0,0,0,6,32,14,1,53,0,0,0,53
12/22/2006,AEX,LA,ASW,CE,Federal Contract Tower,3,30,9,0,42,0,0,0,0,0,3,30,9,0,42,72,1,73,115
12/23/2006,AEX,LA,ASW,CE,Federal Contract Tower,2,26,5,0,33,0,0,0,0,0,2,26,5,0,33,40,0,40,73
12/24/2006,AEX,LA,ASW,CE,Federal Contract Tower,0,25,5,0,30,0,0,0,0,0,0,25,5,0,30,0,0,0,30
12/25/2006,AEX,LA,ASW,CE,Federal Contract Tower,0,21,2,5,28,0,0,0,0,0,0,21,2,5,28,0,0,0,28
12/26/2006,AEX,LA,ASW,CE,Federal Contract Tower,4,32,17,2,55,0,0,0,0,0,4,32,17,2,55,61,3,64,119
12/27/2006,AEX,LA,ASW,CE,Federal Contract Tower,1,31,11,6,49,0,0,0,0,0,1,31,11,6,49,119,32,151,200
12/28/2006,AEX,LA,ASW,CE,Federal Contract Tower,4,32,12,0,48,0,0,0,0,0,4,32,12,0,48,96,0,96,144
12/29/2006,AEX,LA,ASW,CE,Federal Contract Tower,3,28,2,1,34,0,0,0,0,0,3,28,2,1,34,58,0,58,92
12/30/2006,AEX,LA,ASW,CE,Federal Contract Tower,1,27,7,1,36,0,0,0,0,0,1,27,7,1,36,76,0,76,112
12/31/2006,AEX,LA,ASW,CE,Federal Contract Tower,0,20,8,0,28,0,0,0,0,0,0,20,8,0,28,66,0,66,94
01/01/2007,AEX,LA,ASW,CE,Federal Contract Tower,1,26,4,2,33,0,0,0,0,0,1,26,4,2,33,111,0,111,144
01/02/2007,AEX,LA,ASW,CE,Federal Contract Tower,7,2,11,0,20,0,30,0,0,30,7,32,11,0,50,138,2,140,190
01/03/2007,AEX,LA,ASW,CE,Federal Contract Tower,2,29,50,3,84,0,0,0,0,0,2,29,50,3,84,27,10,37,121
01/04/2007,AEX,LA,ASW,CE,Federal Contract Tower,4,29,4,0,37,0,0,0,0,0,4,29,4,0,37,0,0,0,37
01/05/2007,AEX,LA,ASW,CE,Federal Contract Tower,7,32,11,6,56,0,0,0,0,0,7,32,11,6,56,40,6,46,102
01/06/2007,AEX,LA,ASW,CE,Federal Contract Tower,5,28,15,11,59,0,0,0,0,0,5,28,15,11,59,6,30,36,95
01/07/2007,AEX,LA,ASW,CE,Federal Contract Tower,10,30,11,2,53,0,0,0,0,0,10,30,11,2,53,0,0,0,53
01/08/2007,AEX,LA,ASW,CE,Federal Contract Tower,13,33,7,16,69,0,0,0,0,0,13,33,7,16,69,87,18,105,174
01/09/2007,AEX,LA,ASW,CE,Federal Contract Tower,10,30,20,18,78,0,0,0,0,0,10,30,20,18,78,79,21,100,178
01/10/2007,AEX,LA,ASW,CE,Federal Contract Tower,5,32,12,19,68,0,0,0,0,0,5,32,12,19,68,77,71,148,216
01/11/2007,AEX,LA,ASW,CE,Federal Contract Tower,3,34,18,29,84,0,0,0,0,0,3,34,18,29,84,48,128,176,260
01/12/2007,AEX,LA,ASW,CE,Federal Contract Tower,3,33,20,20,76,0,0,0,0,0,3,33,20,20,76,63,6,69,145
01/13/2007,AEX,LA,ASW,CE,Federal Contract Tower,1,22,20,4,47,0,0,0,0,0,1,22,20,4,47,0,0,0,47
01/14/2007,AEX,LA,ASW,CE,Federal Contract Tower,0,29,11,0,40,0,0,0,0,0,0,29,11,0,40,2,0,2,42
01/15/2007,AEX,LA,ASW,CE,Federal Contract Tower,0,30,10,0,40,0,0,0,0,0,0,30,10,0,40,0,0,0,40
01/16/2007,AEX,LA,ASW,CE,Federal Contract Tower,7,24,8,4,43,0,0,0,0,0,7,24,8,4,43,68,3,71,114
01/17/2007,AEX,LA,ASW,CE,Federal Contract Tower,1,28,8,8,45,0,0,0,0,0,1,28,8,8,45,13,0,13,58
01/18/2007,AEX,LA,ASW,CE,Federal Contract Tower,3,30,19,24,76,0,0,0,0,0,3,30,19,24,76,60,29,89,165
01/19/2007,AEX,LA,ASW,CE,Federal Contract Tower,4,31,15,13,63,0,0,0,0,0,4,31,15,13,63,113,0,113,176
01/20/2007,AEX,LA,ASW,CE,Federal Contract Tower,3,26,8,2,39,0,0,0,0,0,3,26,8,2,39,47,2,49,88
01/21/2007,AEX,LA,ASW,CE,Federal Contract Tower,1,30,10,0,41,0,0,0,0,0,1,30,10,0,41,8,0,8,49
01/22/2007,AEX,LA,ASW,CE,Federal Contract Tower,7,33,14,6,60,0,0,0,0,0,7,33,14,6,60,102,15,117,177
01/23/2007,AEX,LA,ASW,CE,Federal Contract Tower,6,34,18,7,65,0,0,0,0,0,6,34,18,7,65,90,25,115,180
01/24/2007,AEX,LA,ASW,CE,Federal Contract Tower,2,32,22,14,70,0,0,0,0,0,2,32,22,14,70,62,28,90,160
01/25/2007,AEX,LA,ASW,CE,Federal Contract Tower,9,32,12,33,86,0,0,0,0,0,9,32,12,33,86,71,13,84,170
01/26/2007,AEX,LA,ASW,CE,Federal Contract Tower,10,0,8,26,44,0,30,0,0,30,10,30,8,26,74,164,30,194,268
01/27/2007,AEX,LA,ASW,CE,Federal Contract Tower,11,37,1,8,57,0,0,0,0,0,11,37,1,8,57,3,0,3,60
01/28/2007,AEX,LA,ASW,CE,Federal Contract Tower,11,30,22,3,66,0,0,0,0,0,11,30,22,3,66,76,0,76,142
01/29/2007,AEX,LA,ASW,CE,Federal Contract Tower,17,32,13,34,96,0,0,0,0,0,17,32,13,34,96,60,7,67,163
01/30/2007,AEX,LA,ASW,CE,Federal Contract Tower,9,30,7,12,58,0,0,0,0,0,9,30,7,12,58,82,12,94,152
01/31/2007,AEX,LA,ASW,CE,Federal Contract Tower,5,31,3,14,53,0,0,0,0,0,5,31,3,14,53,81,35,116,169
02/01/2007,AEX,LA,ASW,CE,Federal Contract Tower,3,30,12,1,46,0,0,0,0,0,3,30,12,1,46,3,0,3,49
02/02/2007,AEX,LA,ASW,CE,Federal Contract Tower,5,31,19,19,74,0,0,0,0,0,5,31,19,19,74,18,6,24,98
02/03/2007,AEX,LA,ASW,CE,Federal Contract Tower,3,25,7,2,37,0,0,0,0,0,3,25,7,2,37,92,9,101,138
02/04/2007,AEX,LA,ASW,CE,Federal Contract Tower,0,26,7,0,33,0,0,0,0,0,0,26,7,0,33,87,2,89,122
02/05/2007,AEX,LA,ASW,CE,Federal Contract Tower,8,31,10,15,64,0,0,0,0,0,8,31,10,15,64,55,1,56,120
02/06/2007,AEX,LA,ASW,CE,Federal Contract Tower,6,28,17,38,89,0,0,0,0,0,6,28,17,38,89,49,9,58,147
02/07/2007,AEX,LA,ASW,CE,Federal Contract Tower,4,30,14,2,50,0,0,0,0,0,4,30,14,2,50,123,25,148,198
02/08/2007,AEX,LA,ASW,CE,Federal Contract Tower,7,34,11,3,55,0,0,0,0,0,7,34,11,3,55,88,7,95,150
02/09/2007,AEX,LA,ASW,CE,Federal Contract Tower,7,32,33,14,86,0,0,0,0,0,7,32,33,14,86,0,0,0,86
02/10/2007,AEX,LA,ASW,CE,Federal Contract Tower,0,28,6,13,47,0,0,0,0,0,0,28,6,13,47,202,0,202,249
02/11/2007,AEX,LA,ASW,CE,Federal Contract Tower,0,30,9,8,47,0,0,0,0,0,0,30,9,8,47,87,4,91,138
02/12/2007,AEX,LA,ASW,CE,Federal Contract Tower,6,29,5,4,44,0,0,0,0,0,6,29,5,4,44,34,4,38,82
02/13/2007,AEX,LA,ASW,CE,Federal Contract Tower,6,29,9,63,107,0,0,0,0,0,6,29,9,63,107,37,0,37,144
02/14/2007,AEX,LA,ASW,CE,Federal Contract Tower,4,32,15,6,57,0,0,0,0,0,4,32,15,6,57,60,20,80,137
02/15/2007,AEX,LA,ASW,CE,Federal Contract Tower,9,32,16,12,69,0,0,0,0,0,9,32,16,12,69,94,5,99,168
02/16/2007,AEX,LA,ASW,CE,Federal Contract Tower,4,32,23,4,63,0,0,0,0,0,4,32,23,4,63,122,2,124,187
02/17/2007,AEX,LA,ASW,CE,Federal Contract Tower,2,28,7,2,39,0,0,0,0,0,2,28,7,2,39,75,1,76,115
02/18/2007,AEX,LA,ASW,CE,Federal Contract Tower,10,29,6,0,45,0,0,0,0,0,10,29,6,0,45,120,0,120,165
02/19/2007,AEX,LA,ASW,CE,Federal Contract Tower,2,32,17,0,51,0,0,0,0,0,2,32,17,0,51,110,0,110,161
02/20/2007,AEX,LA,ASW,CE,Federal Contract Tower,16,31,11,18,76,0,0,0,0,0,16,31,11,18,76,43,0,43,119
02/21/2007,AEX,LA,ASW,CE,Federal Contract Tower,4,33,17,33,87,0,0,0,0,0,4,33,17,33,87,56,19,75,162
02/23/2007,AEX,LA,ASW,CE,Federal Contract Tower,2,22,13,14,51,0,0,0,0,0,2,22,13,14,51,203,20,223,274
02/24/2007,AEX,LA,ASW,CE,Federal Contract Tower,4,26,2,0,32,0,0,0,0,0,4,26,2,0,32,0,0,0,32
02/25/2007,AEX,LA,ASW,CE,Federal Contract Tower,2,28,7,2,39,0,0,0,0,0,2,28,7,2,39,95,0,95,134
02/26/2007,AEX,LA,ASW,CE,Federal Contract Tower,9,33,23,7,72,0,0,0,0,0,9,33,23,7,72,92,6,98,170
02/27/2007,AEX,LA,ASW,CE,Federal Contract Tower,13,33,20,31,97,0,0,0,0,0,13,33,20,31,97,92,19,111,208
02/28/2007,AEX,LA,ASW,CE,Federal Contract Tower,9,36,40,2,87,0,0,0,0,0,9,36,40,2,87,0,2,2,89
03/01/2007,AEX,LA,ASW,CE,Federal Contract Tower,4,33,15,6,58,0,0,0,0,0,4,33,15,6,58,39,17,56,114
03/02/2007,AEX,LA,ASW,CE,Federal Contract Tower,7,35,13,38,93,0,0,0,0,0,7,35,13,38,93,83,65,148,241
03/03/2007,AEX,LA,ASW,CE,Federal Contract Tower,8,31,7,14,60,0,0,0,0,0,8,31,7,14,60,55,33,88,148
03/04/2007,AEX,LA,ASW,CE,Federal Contract Tower,2,30,4,9,45,0,0,0,0,0,2,30,4,9,45,57,25,82,127
03/05/2007,AEX,LA,ASW,CE,Federal Contract Tower,6,33,17,12,68,0,0,0,0,0,6,33,17,12,68,90,40,130,198
03/06/2007,AEX,LA,ASW,CE,Federal Contract Tower,1,34,22,9,66,0,0,0,0,0,1,34,22,9,66,66,3,69,135
03/07/2007,AEX,LA,ASW,CE,Federal Contract Tower,4,34,11,22,71,0,0,0,0,0,4,34,11,22,71,30,30,60,131
03/08/2007,AEX,LA,ASW,CE,Federal Contract Tower,2,34,16,3,55,0,0,0,0,0,2,34,16,3,55,52,7,59,114
03/09/2007,AEX,LA,ASW,CE,Federal Contract Tower,2,34,20,33,89,0,0,0,0,0,2,34,20,33,89,88,35,123,212
03/10/2007,AEX,LA,ASW,CE,Federal Contract Tower,4,27,16,10,57,0,0,0,0,0,4,27,16,10,57,40,15,55,112
03/11/2007,AEX,LA,ASW,CE,Federal Contract Tower,0,32,13,1,46,0,0,0,0,0,0,32,13,1,46,100,10,110,156
03/12/2007,AEX,LA,ASW,CE,Federal Contract Tower,5,34,7,12,58,0,0,0,0,0,5,34,7,12,58,6,13,19,77
03/13/2007,AEX,LA,ASW,CE,Federal Contract Tower,6,35,14,20,75,0,0,0,0,0,6,35,14,20,75,80,52,132,207
03/14/2007,AEX,LA,ASW,CE,Federal Contract Tower,4,34,6,9,53,0,0,0,0,0,4,34,6,9,53,28,2,30,83
03/15/2007,AEX,LA,ASW,CE,Federal Contract Tower,3,39,15,15,72,0,0,0,0,0,3,39,15,15,72,33,22,55,127
03/16/2007,AEX,LA,ASW,CE,Federal Contract Tower,4,34,23,37,98,0,0,0,0,0,4,34,23,37,98,66,38,104,202
03/17/2007,AEX,LA,ASW,CE,Federal Contract Tower,5,28,12,4,49,0,0,0,0,0,5,28,12,4,49,93,21,114,163
03/18/2007,AEX,LA,ASW,CE,Federal Contract Tower,0,29,12,5,46,0,0,0,0,0,0,29,12,5,46,113,2,115,161
03/19/2007,AEX,LA,ASW,CE,Federal Contract Tower,6,34,27,21,88,0,0,0,0,0,6,34,27,21,88,81,29,110,198
03/20/2007,AEX,LA,ASW,CE,Federal Contract Tower,4,32,12,15,63,0,0,0,0,0,4,32,12,15,63,54,26,80,143
03/21/2007,AEX,LA,ASW,CE,Federal Contract Tower,6,32,27,27,92,0,0,0,0,0,6,32,27,27,92,95,10,105,197
03/22/2007,AEX,LA,ASW,CE,Federal Contract Tower,8,33,15,4,60,0,0,0,0,0,8,33,15,4,60,91,50,141,201
03/23/2007,AEX,LA,ASW,CE,Federal Contract Tower,21,37,12,37,107,0,0,0,0,0,21,37,12,37,107,42,28,70,177
03/24/2007,AEX,LA,ASW,CE,Federal Contract Tower,14,30,18,4,66,0,0,0,0,0,14,30,18,4,66,58,6,64,130
03/25/2007,AEX,LA,ASW,CE,Federal Contract Tower,9,31,14,0,54,0,0,0,0,0,9,31,14,0,54,105,0,105,159
03/26/2007,AEX,LA,ASW,CE,Federal Contract Tower,9,32,24,20,85,0,0,0,0,0,9,32,24,20,85,76,16,92,177
03/27/2007,AEX,LA,ASW,CE,Federal Contract Tower,7,31,17,9,64,0,0,0,0,0,7,31,17,9,64,52,20,72,136
03/28/2007,AEX,LA,ASW,CE,Federal Contract Tower,11,32,28,25,96,0,0,0,0,0,11,32,28,25,96,140,38,178,274
03/29/2007,AEX,LA,ASW,CE,Federal Contract Tower,12,30,17,14,73,0,0,0,0,0,12,30,17,14,73,56,16,72,145
03/30/2007,AEX,LA,ASW,CE,Federal Contract Tower,13,29,13,45,100,0,0,0,0,0,13,29,13,45,100,50,30,80,180
03/31/2007,AEX,LA,ASW,CE,Federal Contract Tower,10,31,8,0,49,0,0,0,0,0,10,31,8,0,49,76,2,78,127
04/01/2007,AEX,LA,ASW,CE,Federal Contract Tower,0,28,9,0,37,0,0,0,0,0,0,28,9,0,37,71,7,78,115
04/02/2007,AEX,LA,ASW,CE,Federal Contract Tower,7,28,13,23,71,0,0,0,0,0,7,28,13,23,71,59,13,72,143
04/03/2007,AEX,LA,ASW,CE,Federal Contract Tower,4,33,10,14,61,0,0,0,0,0,4,33,10,14,61,36,13,49,110
04/04/2007,AEX,LA,ASW,CE,Federal Contract Tower,7,2,13,6,28,0,30,0,0,30,7,32,13,6,58,41,7,48,106
04/05/2007,AEX,LA,ASW,CE,Federal Contract Tower,3,33,17,13,66,0,0,0,0,0,3,33,17,13,66,89,52,141,207
04/06/2007,AEX,LA,ASW,CE,Federal Contract Tower,3,33,12,17,65,0,0,0,0,0,3,33,12,17,65,73,33,106,171
04/07/2007,AEX,LA,ASW,CE,Federal Contract Tower,2,28,6,0,36,0,0,0,0,0,2,28,6,0,36,48,0,48,84
04/08/2007,AEX,LA,ASW,CE,Federal Contract Tower,0,30,6,5,41,0,0,0,0,0,0,30,6,5,41,59,2,61,102
04/09/2007,AEX,LA,ASW,CE,Federal Contract Tower,6,30,22,10,68,0,0,0,0,0,6,30,22,10,68,169,2,171,239
04/10/2007,AEX,LA,ASW,CE,Federal Contract Tower,5,32,12,4,53,0,0,0,0,0,5,32,12,4,53,34,14,48,101
04/11/2007,AEX,LA,ASW,CE,Federal Contract Tower,4,32,23,41,100,0,0,0,0,0,4,32,23,41,100,72,74,146,246
04/12/2007,AEX,LA,ASW,CE,Federal Contract Tower,7,34,16,35,92,0,0,0,0,0,7,34,16,35,92,174,63,237,329
04/13/2007,AEX,LA,ASW,CE,Federal Contract Tower,1,35,16,22,74,0,0,0,0,0,1,35,16,22,74,18,75,93,167
04/14/2007,AEX,LA,ASW,CE,Federal Contract Tower,2,27,4,0,33,0,0,0,0,0,2,27,4,0,33,24,2,26,59
04/15/2007,AEX,LA,ASW,CE,Federal Contract Tower,4,28,9,3,44,0,0,0,2,2,4,28,9,5,46,45,3,48,94
04/16/2007,AEX,LA,ASW,CE,Federal Contract Tower,6,32,21,17,76,0,0,0,0,0,6,32,21,17,76,104,18,122,198
04/17/2007,AEX,LA,ASW,CE,Federal Contract Tower,15,33,20,14,82,0,0,0,0,0,15,33,20,14,82,110,9,119,201
04/18/2007,AEX,LA,ASW,CE,Federal Contract Tower,16,30,26,0,72,0,0,0,0,0,16,30,26,0,72,45,14,59,131
04/19/2007,AEX,LA,ASW,CE,Federal Contract Tower,9,39,12,26,86,0,0,0,0,0,9,39,12,26,86,116,43,159,245
04/20/2007,AEX,LA,ASW,CE,Federal Contract Tower,10,32,29,7,78,0,0,0,10,10,10,32,29,17,88,93,6,99,187
04/21/2007,AEX,LA,ASW,CE,Federal Contract Tower,1,59,15,14,89,0,0,0,0,0,1,59,15,14,89,105,9,114,203
04/22/2007,AEX,LA,ASW,CE,Federal Contract Tower,0,31,16,2,49,0,0,0,0,0,0,31,16,2,49,37,1,38,87
04/23/2007,AEX,LA,ASW,CE,Federal Contract Tower,4,31,30,16,81,0,0,0,0,0,4,31,30,16,81,65,14,79,160
04/24/2007,AEX,LA,ASW,CE,Federal Contract Tower,4,35,22,12,73,0,0,0,0,0,4,35,22,12,73,125,0,125,198
04/26/2007,AEX,LA,ASW,CE,Federal Contract Tower,8,30,16,48,102,0,0,0,0,0,8,30,16,48,102,214,44,258,360
04/27/2007,AEX,LA,ASW,CE,Federal Contract Tower,6,32,24,22,84,0,0,0,0,0,6,32,24,22,84,196,34,230,314
04/29/2007,AEX,LA,ASW,CE,Federal Contract Tower,0,30,14,6,50,0,0,0,0,0,0,30,14,6,50,13,6,19,69
04/30/2007,AEX,LA,ASW,CE,Federal Contract Tower,6,35,11,19,71,0,0,0,0,0,6,35,11,19,71,71,26,97,168
05/01/2007,AEX,LA,ASW,CE,Federal Contract Tower,5,33,20,9,67,0,0,0,0,0,5,33,20,9,67,65,29,94,161
05/02/2007,AEX,LA,ASW,CE,Federal Contract Tower,7,36,21,24,88,0,0,0,0,0,7,36,21,24,88,48,42,90,178
05/03/2007,AEX,LA,ASW,CE,Federal Contract Tower,7,24,21,17,69,0,0,0,0,0,7,24,21,17,69,23,9,32,101
05/04/2007,AEX,LA,ASW,CE,Federal Contract Tower,4,40,12,36,92,0,0,0,0,0,4,40,12,36,92,6,5,11,103
05/05/2007,AEX,LA,ASW,CE,Federal Contract Tower,0,26,4,0,30,0,0,0,0,0,0,26,4,0,30,53,13,66,96
05/06/2007,AEX,LA,ASW,CE,Federal Contract Tower,0,28,12,2,42,0,0,0,0,0,0,28,12,2,42,17,6,23,65
05/07/2007,AEX,LA,ASW,CE,Federal Contract Tower,2,29,12,33,76,0,0,0,0,0,2,29,12,33,76,37,0,37,113
05/08/2007,AEX,LA,ASW,CE,Federal Contract Tower,3,31,13,6,53,0,0,0,0,0,3,31,13,6,53,92,28,120,173
05/09/2007,AEX,LA,ASW,CE,Federal Contract Tower,4,30,26,26,86,0,0,0,0,0,4,30,26,26,86,94,89,183,269
05/10/2007,AEX,LA,ASW,CE,Federal Contract Tower,5,42,16,3,66,0,0,0,0,0,5,42,16,3,66,92,32,124,190
05/11/2007,AEX,LA,ASW,CE,Federal Contract Tower,3,34,10,16,63,0,0,0,0,0,3,34,10,16,63,90,23,113,176
05/12/2007,AEX,LA,ASW,CE,Federal Contract Tower,5,24,6,1,36,0,0,0,0,0,5,24,6,1,36,194,6,200,236
05/13/2007,AEX,LA,ASW,CE,Federal Contract Tower,0,28,6,7,41,0,0,0,0,0,0,28,6,7,41,88,13,101,142
05/14/2007,AEX,LA,ASW,CE,Federal Contract Tower,4,35,9,12,60,0,0,0,0,0,4,35,9,12,60,37,1,38,98
05/15/2007,AEX,LA,ASW,CE,Federal Contract Tower,6,32,17,10,65,0,0,0,0,0,6,32,17,10,65,31,8,39,104
05/16/2007,AEX,LA,ASW,CE,Federal Contract Tower,3,29,14,2,48,0,0,0,0,0,3,29,14,2,48,55,11,66,114
05/17/2007,AEX,LA,ASW,CE,Federal Contract Tower,5,36,21,6,68,0,0,0,0,0,5,36,21,6,68,116,11,127,195
05/18/2007,AEX,LA,ASW,CE,Federal Contract Tower,2,30,13,19,64,0,0,0,0,0,2,30,13,19,64,100,37,137,201
05/19/2007,AEX,LA,ASW,CE,Federal Contract Tower,1,23,9,6,39,0,0,0,0,0,1,23,9,6,39,65,10,75,114
05/20/2007,AEX,LA,ASW,CE,Federal Contract Tower,0,28,4,8,40,0,0,0,0,0,0,28,4,8,40,128,15,143,183
05/21/2007,AEX,LA,ASW,CE,Federal Contract Tower,4,30,7,31,72,0,0,0,0,0,4,30,7,31,72,76,11,87,159
05/22/2007,AEX,LA,ASW,CE,Federal Contract Tower,5,26,20,18,69,0,0,0,0,0,5,26,20,18,69,28,0,28,97
05/23/2007,AEX,LA,ASW,CE,Federal Contract Tower,7,30,16,0,53,0,0,0,0,0,7,30,16,0,53,141,13,154,207
05/24/2007,AEX,LA,ASW,CE,Federal Contract Tower,5,29,16,6,56,0,0,0,0,0,5,29,16,6,56,111,32,143,199
05/25/2007,AEX,LA,ASW,CE,Federal Contract Tower,4,32,13,0,49,0,0,0,0,0,4,32,13,0,49,39,1,40,89
05/26/2007,AEX,LA,ASW,CE,Federal Contract Tower,1,24,7,2,34,0,0,0,0,0,1,24,7,2,34,62,2,64,98
05/27/2007,AEX,LA,ASW,CE,Federal Contract Tower,0,26,4,0,30,0,0,0,0,0,0,26,4,0,30,44,0,44,74
05/28/2007,AEX,LA,ASW,CE,Federal Contract Tower,0,36,9,5,50,0,0,0,0,0,0,36,9,5,50,33,8,41,91
05/29/2007,AEX,LA,ASW,CE,Federal Contract Tower,9,35,9,4,57,0,0,0,0,0,9,35,9,4,57,11,21,32,89
05/31/2007,AEX,LA,ASW,CE,Federal Contract Tower,6,33,6,12,57,0,0,0,0,0,6,33,6,12,57,93,18,111,168
06/01/2007,AEX,LA,ASW,CE,Federal Contract Tower,2,31,30,6,69,0,0,0,0,0,2,31,30,6,69,42,44,86,155
06/02/2007,AEX,LA,ASW,CE,Federal Contract Tower,2,23,20,10,55,0,0,0,0,0,2,23,20,10,55,84,97,181,236
06/03/2007,AEX,LA,ASW,CE,Federal Contract Tower,0,28,7,0,35,0,0,0,0,0,0,28,7,0,35,13,0,13,48
06/04/2007,AEX,LA,ASW,CE,Federal Contract Tower,10,29,11,5,55,0,0,0,0,0,10,29,11,5,55,125,22,147,202
06/05/2007,AEX,LA,ASW,CE,Federal Contract Tower,4,35,12,21,72,0,0,0,0,0,4,35,12,21,72,16,20,36,108
06/06/2007,AEX,LA,ASW,CE,Federal Contract Tower,7,31,27,25,90,0,0,0,0,0,7,31,27,25,90,64,54,118,208
06/07/2007,AEX,LA,ASW,CE,Federal Contract Tower,3,31,26,9,69,0,0,0,0,0,3,31,26,9,69,65,46,111,180
06/08/2007,AEX,LA,ASW,CE,Federal Contract Tower,2,34,23,34,93,0,0,0,0,0,2,34,23,34,93,97,47,144,237
06/09/2007,AEX,LA,ASW,CE,Federal Contract Tower,2,23,12,0,37,0,0,0,0,0,2,23,12,0,37,69,0,69,106
06/10/2007,AEX,LA,ASW,CE,Federal Contract Tower,0,32,15,0,47,0,0,0,0,0,0,32,15,0,47,67,0,67,114
06/11/2007,AEX,LA,ASW,CE,Federal Contract Tower,4,42,7,19,72,0,0,0,0,0,4,42,7,19,72,39,17,56,128
06/12/2007,AEX,LA,ASW,CE,Federal Contract Tower,5,31,17,21,74,0,0,0,0,0,5,31,17,21,74,76,47,123,197
06/13/2007,AEX,LA,ASW,CE,Federal Contract Tower,2,38,32,39,111,0,0,0,0,0,2,38,32,39,111,67,68,135,246
06/14/2007,AEX,LA,ASW,CE,Federal Contract Tower,3,30,27,6,66,0,0,0,0,0,3,30,27,6,66,39,12,51,117
06/15/2007,AEX,LA,ASW,CE,Federal Contract Tower,9,28,20,15,72,0,0,0,0,0,9,28,20,15,72,47,12,59,131
06/16/2007,AEX,LA,ASW,CE,Federal Contract Tower,3,22,5,0,30,0,0,0,0,0,3,22,5,0,30,51,0,51,81
06/17/2007,AEX,LA,ASW,CE,Federal Contract Tower,4,33,12,6,55,0,0,0,0,0,4,33,12,6,55,84,8,92,147
06/18/2007,AEX,LA,ASW,CE,Federal Contract Tower,7,32,8,37,84,0,0,0,0,0,7,32,8,37,84,22,37,59,143
06/19/2007,AEX,LA,ASW,CE,Federal Contract Tower,9,32,12,7,60,0,0,0,0,0,9,32,12,7,60,65,0,65,125
06/20/2007,AEX,LA,ASW,CE,Federal Contract Tower,7,33,16,28,84,0,0,0,0,0,7,33,16,28,84,39,9,48,132
06/21/2007,AEX,LA,ASW,CE,Federal Contract Tower,3,32,10,10,55,0,0,0,0,0,3,32,10,10,55,65,4,69,124
06/22/2007,AEX,LA,ASW,CE,Federal Contract Tower,3,35,17,5,60,0,0,0,0,0,3,35,17,5,60,77,8,85,145
06/23/2007,AEX,LA,ASW,CE,Federal Contract Tower,2,26,17,2,47,0,0,0,0,0,2,26,17,2,47,127,0,127,174
06/24/2007,AEX,LA,ASW,CE,Federal Contract Tower,1,32,15,21,69,0,0,0,0,0,1,32,15,21,69,74,6,80,149
06/25/2007,AEX,LA,ASW,CE,Federal Contract Tower,4,37,16,0,57,0,0,0,0,0,4,37,16,0,57,17,2,19,76
06/26/2007,AEX,LA,ASW,CE,Federal Contract Tower,5,34,26,5,70,0,0,0,0,0,5,34,26,5,70,15,5,20,90
06/27/2007,AEX,LA,ASW,CE,Federal Contract Tower,3,35,16,10,64,0,0,0,0,0,3,35,16,10,64,75,31,106,170
06/28/2007,AEX,LA,ASW,CE,Federal Contract Tower,6,34,10,32,82,0,0,0,0,0,6,34,10,32,82,54,18,72,154
06/29/2007,AEX,LA,ASW,CE,Federal Contract Tower,3,37,19,31,90,0,0,0,0,0,3,37,19,31,90,28,9,37,127
06/30/2007,AEX,LA,ASW,CE,Federal Contract Tower,4,25,16,0,45,0,0,0,0,0,4,25,16,0,45,82,8,90,135
07/01/2007,AEX,LA,ASW,CE,Federal Contract Tower,2,24,9,8,43,0,0,0,0,0,2,24,9,8,43,44,0,44,87
07/02/2007,AEX,LA,ASW,CE,Federal Contract Tower,6,29,13,4,52,0,0,0,0,0,6,29,13,4,52,9,0,9,61
07/03/2007,AEX,LA,ASW,CE,Federal Contract Tower,2,27,6,0,35,0,0,0,0,0,2,27,6,0,35,44,0,44,79
07/04/2007,AEX,LA,ASW,CE,Federal Contract Tower,2,22,12,0,36,0,0,0,0,0,2,22,12,0,36,35,0,35,71
07/05/2007,AEX,LA,ASW,CE,Federal Contract Tower,6,26,9,0,41,0,0,0,0,0,6,26,9,0,41,23,4,27,68
07/06/2007,AEX,LA,ASW,CE,Federal Contract Tower,2,25,9,0,36,0,0,0,0,0,2,25,9,0,36,2,0,2,38
07/07/2007,AEX,LA,ASW,CE,Federal Contract Tower,3,25,5,9,42,0,0,0,0,0,3,25,5,9,42,62,0,62,104
07/08/2007,AEX,LA,ASW,CE,Federal Contract Tower,0,32,12,2,46,0,0,0,0,0,0,32,12,2,46,121,9,130,176
07/09/2007,AEX,LA,ASW,CE,Federal Contract Tower,3,34,18,8,63,0,0,0,0,0,3,34,18,8,63,65,3,68,131
07/10/2007,AEX,LA,ASW,CE,Federal Contract Tower,4,28,15,15,62,0,0,0,6,6,4,28,15,21,68,85,11,96,164
07/11/2007,AEX,LA,ASW,CE,Federal Contract Tower,2,30,22,20,74,0,0,0,0,0,2,30,22,20,74,140,27,167,241
07/12/2007,AEX,LA,ASW,CE,Federal Contract Tower,7,30,30,14,81,0,0,0,0,0,7,30,30,14,81,78,20,98,179
07/13/2007,AEX,LA,ASW,CE,Federal Contract Tower,2,35,27,12,76,0,0,0,0,0,2,35,27,12,76,47,4,51,127
07/14/2007,AEX,LA,ASW,CE,Federal Contract Tower,5,28,10,0,43,0,0,0,0,0,5,28,10,0,43,4,0,4,47
07/15/2007,AEX,LA,ASW,CE,Federal Contract Tower,0,36,7,0,43,0,0,0,0,0,0,36,7,0,43,48,0,48,91
07/16/2007,AEX,LA,ASW,CE,Federal Contract Tower,5,34,7,10,56,0,0,0,0,0,5,34,7,10,56,57,14,71,127
07/17/2007,AEX,LA,ASW,CE,Federal Contract Tower,3,38,16,8,65,0,0,0,0,0,3,38,16,8,65,156,28,184,249
07/18/2007,AEX,LA,ASW,CE,Federal Contract Tower,7,33,19,23,82,0,0,0,0,0,7,33,19,23,82,62,18,80,162
07/19/2007,AEX,LA,ASW,CE,Federal Contract Tower,4,33,18,4,59,0,0,0,0,0,4,33,18,4,59,104,37,141,200
07/20/2007,AEX,LA,ASW,CE,Federal Contract Tower,4,39,24,4,71,0,0,0,0,0,4,39,24,4,71,133,5,138,209
07/21/2007,AEX,LA,ASW,CE,Federal Contract Tower,2,27,5,0,34,0,0,0,0,0,2,27,5,0,34,42,0,42,76
07/22/2007,AEX,LA,ASW,CE,Federal Contract Tower,2,34,7,8,51,0,0,0,0,0,2,34,7,8,51,44,0,44,95
07/23/2007,AEX,LA,ASW,CE,Federal Contract Tower,5,32,15,22,74,0,0,0,0,0,5,32,15,22,74,118,10,128,202
07/24/2007,AEX,LA,ASW,CE,Federal Contract Tower,5,32,8,6,51,0,0,0,0,0,5,32,8,6,51,127,18,145,196
07/25/2007,AEX,LA,ASW,CE,Federal Contract Tower,3,32,25,22,82,0,0,0,0,0,3,32,25,22,82,87,22,109,191
07/26/2007,AEX,LA,ASW,CE,Federal Contract Tower,3,34,12,4,53,0,0,0,0,0,3,34,12,4,53,80,21,101,154
07/27/2007,AEX,LA,ASW,CE,Federal Contract Tower,4,32,13,7,56,0,0,0,0,0,4,32,13,7,56,56,33,89,145
07/28/2007,AEX,LA,ASW,CE,Federal Contract Tower,3,26,11,0,40,0,0,0,0,0,3,26,11,0,40,7,0,7,47
07/29/2007,AEX,LA,ASW,CE,Federal Contract Tower,0,35,7,13,55,0,0,0,0,0,0,35,7,13,55,19,1,20,75
07/30/2007,AEX,LA,ASW,CE,Federal Contract Tower,7,33,10,11,61,0,0,0,0,0,7,33,10,11,61,47,21,68,129
07/31/2007,AEX,LA,ASW,CE,Federal Contract Tower,5,33,13,7,58,0,0,0,0,0,5,33,13,7,58,20,8,28,86
08/01/2007,AEX,LA,ASW,CE,Federal Contract Tower,3,34,23,0,60,0,0,0,0,0,3,34,23,0,60,91,0,91,151
08/02/2007,AEX,LA,ASW,CE,Federal Contract Tower,10,31,17,13,71,0,0,0,0,0,10,31,17,13,71,89,16,105,176
08/03/2007,AEX,LA,ASW,CE,Federal Contract Tower,11,0,18,5,34,0,0,0,0,0,11,0,18,5,34,169,1,170,204
08/04/2007,AEX,LA,ASW,CE,Federal Contract Tower,2,30,11,2,45,0,0,0,0,0,2,30,11,2,45,62,4,66,111
08/05/2007,AEX,LA,ASW,CE,Federal Contract Tower,6,33,11,25,75,0,0,0,0,0,6,33,11,25,75,58,19,77,152
08/06/2007,AEX,LA,ASW,CE,Federal Contract Tower,5,32,8,14,59,0,0,0,0,0,5,32,8,14,59,61,10,71,130
08/07/2007,AEX,LA,ASW,CE,Federal Contract Tower,8,31,5,9,53,0,0,0,0,0,8,31,5,9,53,83,29,112,165
08/08/2007,AEX,LA,ASW,CE,Federal Contract Tower,8,30,11,21,70,0,0,0,0,0,8,30,11,21,70,49,75,124,194
08/09/2007,AEX,LA,ASW,CE,Federal Contract Tower,9,32,11,13,65,0,0,0,0,0,9,32,11,13,65,123,52,175,240
08/10/2007,AEX,LA,ASW,CE,Federal Contract Tower,5,34,6,13,58,0,0,0,0,0,5,34,6,13,58,62,24,86,144
08/11/2007,AEX,LA,ASW,CE,Federal Contract Tower,2,2,8,13,25,0,24,0,0,24,2,26,8,13,49,49,4,53,102
08/12/2007,AEX,LA,ASW,CE,Federal Contract Tower,0,32,5,4,41,0,0,0,0,0,0,32,5,4,41,44,9,53,94
08/13/2007,AEX,LA,ASW,CE,Federal Contract Tower,6,31,11,10,58,0,0,0,0,0,6,31,11,10,58,22,8,30,88
08/14/2007,AEX,LA,ASW,CE,Federal Contract Tower,5,33,23,31,92,0,0,0,0,0,5,33,23,31,92,57,14,71,163
08/15/2007,AEX,LA,ASW,CE,Federal Contract Tower,5,32,23,22,82,0,0,0,0,0,5,32,23,22,82,86,44,130,212
08/16/2007,AEX,LA,ASW,CE,Federal Contract Tower,3,45,15,9,72,0,0,0,0,0,3,45,15,9,72,48,4,52,124
08/17/2007,AEX,LA,ASW,CE,Federal Contract Tower,2,42,11,10,65,0,0,0,0,0,2,42,11,10,65,77,2,79,144
08/18/2007,AEX,LA,ASW,CE,Federal Contract Tower,3,36,12,0,51,0,0,0,0,0,3,36,12,0,51,143,3,146,197
08/19/2007,AEX,LA,ASW,CE,Federal Contract Tower,0,32,12,2,46,0,0,0,0,0,0,32,12,2,46,44,1,45,91
08/20/2007,AEX,LA,ASW,CE,Federal Contract Tower,4,28,20,26,78,0,0,0,0,0,4,28,20,26,78,140,9,149,227
08/21/2007,AEX,LA,ASW,CE,Federal Contract Tower,5,28,11,21,65,0,0,0,0,0,5,28,11,21,65,68,6,74,139
08/22/2007,AEX,LA,ASW,CE,Federal Contract Tower,3,28,28,6,65,0,0,0,0,0,3,28,28,6,65,121,6,127,192
08/23/2007,AEX,LA,ASW,CE,Federal Contract Tower,4,30,9,17,60,0,0,0,0,0,4,30,9,17,60,95,66,161,221
08/24/2007,AEX,LA,ASW,CE,Federal Contract Tower,6,30,14,15,65,0,0,0,0,0,6,30,14,15,65,112,10,122,187
08/25/2007,AEX,LA,ASW,CE,Federal Contract Tower,2,30,8,0,40,0,0,0,0,0,2,30,8,0,40,21,2,23,63
08/26/2007,AEX,LA,ASW,CE,Federal Contract Tower,0,29,5,0,34,0,0,0,0,0,0,29,5,0,34,18,3,21,55
08/27/2007,AEX,LA,ASW,CE,Federal Contract Tower,7,37,3,0,47,0,0,0,0,0,7,37,3,0,47,54,13,67,114
08/28/2007,AEX,LA,ASW,CE,Federal Contract Tower,5,26,11,2,44,0,0,0,0,0,5,26,11,2,44,52,13,65,109
08/29/2007,AEX,LA,ASW,CE,Federal Contract Tower,3,35,9,4,51,0,0,0,0,0,3,35,9,4,51,87,17,104,155
08/30/2007,AEX,LA,ASW,CE,Federal Contract Tower,13,30,30,22,95,0,0,0,0,0,13,30,30,22,95,58,48,106,201
08/31/2007,AEX,LA,ASW,CE,Federal Contract Tower,7,29,10,0,46,0,0,0,0,0,7,29,10,0,46,72,12,84,130
09/01/2007,AEX,LA,ASW,CE,Federal Contract Tower,12,5,3,2,22,0,20,0,0,20,12,25,3,2,42,53,7,60,102
09/02/2007,AEX,LA,ASW,CE,Federal Contract Tower,0,30,5,0,35,0,0,0,0,0,0,30,5,0,35,29,0,29,64
09/03/2007,AEX,LA,ASW,CE,Federal Contract Tower,0,25,16,1,42,0,0,0,0,0,0,25,16,1,42,101,11,112,154
09/04/2007,AEX,LA,ASW,CE,Federal Contract Tower,5,31,12,14,62,0,0,0,0,0,5,31,12,14,62,99,3,102,164
09/05/2007,AEX,LA,ASW,CE,Federal Contract Tower,2,29,9,10,50,0,0,0,0,0,2,29,9,10,50,87,6,93,143
09/06/2007,AEX,LA,ASW,CE,Federal Contract Tower,4,30,14,6,54,0,0,0,0,0,4,30,14,6,54,106,8,114,168
09/07/2007,AEX,LA,ASW,CE,Federal Contract Tower,2,33,14,37,86,0,0,0,0,0,2,33,14,37,86,114,27,141,227
09/08/2007,AEX,LA,ASW,CE,Federal Contract Tower,2,30,12,1,45,0,0,0,0,0,2,30,12,1,45,65,11,76,121
09/10/2007,AEX,LA,ASW,CE,Federal Contract Tower,6,28,19,5,58,0,0,0,0,0,6,28,19,5,58,145,5,150,208
09/11/2007,AEX,LA,ASW,CE,Federal Contract Tower,5,26,10,3,44,0,0,0,0,0,5,26,10,3,44,16,1,17,61
09/12/2007,AEX,LA,ASW,CE,Federal Contract Tower,5,28,26,1,60,0,0,0,0,0,5,28,26,1,60,7,1,8,68
09/14/2007,AEX,LA,ASW,CE,Federal Contract Tower,7,29,14,29,79,0,0,0,0,0,7,29,14,29,79,143,18,161,240
09/15/2007,AEX,LA,ASW,CE,Federal Contract Tower,2,23,9,14,48,0,0,0,0,0,2,23,9,14,48,31,56,87,135
09/16/2007,AEX,LA,ASW,CE,Federal Contract Tower,0,26,15,0,41,2,0,0,0,2,2,26,15,0,43,145,21,166,209
09/17/2007,AEX,LA,ASW,CE,Federal Contract Tower,8,31,22,19,80,0,0,0,0,0,8,31,22,19,80,122,34,156,236
09/18/2007,AEX,LA,ASW,CE,Federal Contract Tower,5,29,24,23,81,0,0,0,0,0,5,29,24,23,81,100,35,135,216
09/21/2007,AEX,LA,ASW,CE,Federal Contract Tower,5,29,13,13,60,1,0,0,0,1,6,29,13,13,61,126,19,145,206
09/22/2007,AEX,LA,ASW,CE,Federal Contract Tower,1,24,6,2,33,0,0,0,0,0,1,24,6,2,33,74,5,79,112
09/24/2007,AEX,LA,ASW,CE,Federal Contract Tower,5,31,12,0,48,0,0,0,0,0,5,31,12,0,48,9,0,9,57
09/25/2007,AEX,LA,ASW,CE,Federal Contract Tower,10,28,17,8,63,0,0,0,0,0,10,28,17,8,63,14,0,14,77
09/26/2007,AEX,LA,ASW,CE,Federal Contract Tower,3,28,19,0,50,0,0,0,0,0,3,28,19,0,50,5,2,7,57
09/27/2007,AEX,LA,ASW,CE,Federal Contract Tower,4,32,25,20,81,0,0,0,0,0,4,32,25,20,81,72,38,110,191
09/28/2007,AEX,LA,ASW,CE,Federal Contract Tower,7,29,17,0,53,0,0,0,0,0,7,29,17,0,53,113,0,113,166
09/29/2007,AEX,LA,ASW,CE,Federal Contract Tower,5,24,14,0,43,0,0,0,0,0,5,24,14,0,43,140,0,140,183
09/30/2007,AEX,LA,ASW,CE,Federal Contract Tower,0,28,12,0,40,0,0,0,0,0,0,28,12,0,40,71,0,71,111
10/01/2007,AEX,LA,ASW,CE,Federal Contract Tower,9,30,12,14,65,0,0,0,0,0,9,30,12,14,65,85,32,117,182
10/02/2007,AEX,LA,ASW,CE,Federal Contract Tower,4,28,15,30,77,0,0,13,9,22,4,28,28,39,99,126,110,236,335
10/03/2007,AEX,LA,ASW,CE,Federal Contract Tower,4,34,11,23,72,0,0,14,16,30,4,34,25,39,102,28,50,78,180
10/04/2007,AEX,LA,ASW,CE,Federal Contract Tower,5,30,11,28,74,0,0,0,0,0,5,30,11,28,74,42,14,56,130
10/05/2007,AEX,LA,ASW,CE,Federal Contract Tower,3,37,18,36,94,0,0,0,0,0,3,37,18,36,94,32,0,32,126
10/06/2007,AEX,LA,ASW,CE,Federal Contract Tower,0,24,13,2,39,0,0,0,0,0,0,24,13,2,39,75,0,75,114
10/07/2007,AEX,LA,ASW,CE,Federal Contract Tower,2,27,17,12,58,0,0,0,0,0,2,27,17,12,58,62,0,62,120
10/08/2007,AEX,LA,ASW,CE,Federal Contract Tower,0,31,14,15,60,0,0,0,0,0,0,31,14,15,60,36,32,68,128
10/09/2007,AEX,LA,ASW,CE,Federal Contract Tower,10,27,21,12,70,0,0,0,0,0,10,27,21,12,70,74,9,83,153
10/10/2007,AEX,LA,ASW,CE,Federal Contract Tower,5,30,17,11,63,0,0,0,0,0,5,30,17,11,63,90,30,120,183
10/11/2007,AEX,LA,ASW,CE,Federal Contract Tower,5,29,20,5,59,0,0,0,0,0,5,29,20,5,59,26,1,27,86
10/12/2007,AEX,LA,ASW,CE,Federal Contract Tower,11,30,14,25,80,0,2,22,2,26,11,32,36,27,106,56,10,66,172
10/13/2007,AEX,LA,ASW,CE,Federal Contract Tower,0,28,11,3,42,0,0,0,0,0,0,28,11,3,42,78,18,96,138
10/14/2007,AEX,LA,ASW,CE,Federal Contract Tower,0,28,14,12,54,0,0,0,0,0,0,28,14,12,54,49,5,54,108
10/15/2007,AEX,LA,ASW,CE,Federal Contract Tower,4,24,18,16,62,0,0,0,0,0,4,24,18,16,62,55,29,84,146
10/16/2007,AEX,LA,ASW,CE,Federal Contract Tower,5,32,27,10,74,0,0,0,0,0,5,32,27,10,74,85,0,85,159
10/17/2007,AEX,LA,ASW,CE,Federal Contract Tower,0,0,0,0,0,6,35,14,0,55,6,35,14,0,55,21,0,21,76
10/18/2007,AEX,LA,ASW,CE,Federal Contract Tower,4,31,13,32,80,0,0,0,0,0,4,31,13,32,80,16,18,34,114
10/19/2007,AEX,LA,ASW,CE,Federal Contract Tower,0,0,0,0,0,3,29,10,57,99,3,29,10,57,99,64,23,87,186
10/20/2007,AEX,LA,ASW,CE,Federal Contract Tower,0,24,10,11,45,0,0,9,19,28,0,24,19,30,73,8,74,82,155
10/21/2007,AEX,LA,ASW,CE,Federal Contract Tower,0,31,8,7,46,0,0,15,22,37,0,31,23,29,83,0,46,46,129
10/22/2007,AEX,LA,ASW,CE,Federal Contract Tower,8,36,12,39,95,0,0,0,0,0,8,36,12,39,95,17,6,23,118
10/23/2007,AEX,LA,ASW,CE,Federal Contract Tower,4,27,18,49,98,0,0,0,0,0,4,27,18,49,98,85,83,168,266
10/24/2007,AEX,LA,ASW,CE,Federal Contract Tower,7,34,18,59,118,0,0,0,0,0,7,34,18,59,118,19,59,78,196
10/25/2007,AEX,LA,ASW,CE,Federal Contract Tower,11,30,23,8,72,0,0,0,0,0,11,30,23,8,72,80,0,80,152
10/26/2007,AEX,LA,ASW,CE,Federal Contract Tower,6,30,15,4,55,0,0,0,0,0,6,30,15,4,55,53,2,55,110
10/27/2007,AEX,LA,ASW,CE,Federal Contract Tower,2,24,9,2,37,0,0,5,0,5,2,24,14,2,42,10,0,10,52
10/28/2007,AEX,LA,ASW,CE,Federal Contract Tower,0,29,9,6,44,0,0,0,0,0,0,29,9,6,44,29,8,37,81
10/29/2007,AEX,LA,ASW,CE,Federal Contract Tower,0,0,0,0,0,4,30,13,12,59,4,30,13,12,59,42,15,57,116
10/30/2007,AEX,LA,ASW,CE,Federal Contract Tower,6,28,19,21,74,0,0,0,0,0,6,28,19,21,74,86,24,110,184
10/31/2007,AEX,LA,ASW,CE,Federal Contract Tower,5,26,9,11,51,0,0,0,0,0,5,26,9,11,51,27,109,136,187
11/01/2007,AEX,LA,ASW,CE,Federal Contract Tower,10,30,17,16,73,0,0,0,0,0,10,30,17,16,73,86,28,114,187
11/02/2007,AEX,LA,ASW,CE,Federal Contract Tower,6,30,14,40,90,0,0,0,0,0,6,30,14,40,90,79,9,88,178
11/03/2007,AEX,LA,ASW,CE,Federal Contract Tower,2,24,8,3,37,0,0,0,0,0,2,24,8,3,37,11,8,19,56
11/04/2007,AEX,LA,ASW,CE,Federal Contract Tower,0,28,7,20,55,0,0,27,0,27,0,28,34,20,82,18,2,20,102
11/05/2007,AEX,LA,ASW,CE,Federal Contract Tower,10,30,17,20,77,0,0,0,0,0,10,30,17,20,77,58,9,67,144
11/06/2007,AEX,LA,ASW,CE,Federal Contract Tower,4,28,11,11,54,0,0,0,0,0,4,28,11,11,54,49,19,68,122
11/07/2007,AEX,LA,ASW,CE,Federal Contract Tower,5,36,26,12,79,0,0,0,0,0,5,36,26,12,79,12,60,72,151
11/08/2007,AEX,LA,ASW,CE,Federal Contract Tower,4,31,12,13,60,0,0,0,0,0,4,31,12,13,60,56,11,67,127
11/09/2007,AEX,LA,ASW,CE,Federal Contract Tower,5,32,7,1,45,0,0,0,0,0,5,32,7,1,45,114,21,135,180
11/10/2007,AEX,LA,ASW,CE,Federal Contract Tower,2,24,3,0,29,0,0,0,0,0,2,24,3,0,29,32,1,33,62
11/11/2007,AEX,LA,ASW,CE,Federal Contract Tower,0,28,9,0,37,0,0,0,0,0,0,28,9,0,37,29,0,29,66
11/12/2007,AEX,LA,ASW,CE,Federal Contract Tower,17,30,23,0,70,0,0,0,0,0,17,30,23,0,70,37,0,37,107
11/13/2007,AEX,LA,ASW,CE,Federal Contract Tower,10,30,12,16,68,0,0,0,0,0,10,30,12,16,68,61,17,78,146
11/14/2007,AEX,LA,ASW,CE,Federal Contract Tower,6,31,18,15,70,0,0,0,0,0,6,31,18,15,70,79,27,106,176
11/15/2007,AEX,LA,ASW,CE,Federal Contract Tower,5,30,23,24,82,0,0,0,0,0,5,30,23,24,82,57,39,96,178
11/16/2007,AEX,LA,ASW,CE,Federal Contract Tower,8,31,24,35,98,0,0,0,0,0,8,31,24,35,98,59,30,89,187
11/17/2007,AEX,LA,ASW,CE,Federal Contract Tower,0,22,21,11,54,0,0,0,0,0,0,22,21,11,54,44,10,54,108
11/18/2007,AEX,LA,ASW,CE,Federal Contract Tower,2,29,15,20,66,0,0,0,0,0,2,29,15,20,66,2,10,12,78
11/19/2007,AEX,LA,ASW,CE,Federal Contract Tower,8,30,20,10,68,0,0,7,7,14,8,30,27,17,82,32,14,46,128
11/20/2007,AEX,LA,ASW,CE,Federal Contract Tower,4,29,29,12,74,0,0,0,0,0,4,29,29,12,74,76,10,86,160
11/21/2007,AEX,LA,ASW,CE,Federal Contract Tower,7,1,17,2,27,0,0,0,0,0,7,1,17,2,27,46,1,47,74
11/22/2007,AEX,LA,ASW,CE,Federal Contract Tower,2,21,0,0,23,0,0,0,0,0,2,21,0,0,23,83,0,83,106
11/23/2007,AEX,LA,ASW,CE,Federal Contract Tower,4,24,18,0,46,0,0,0,0,0,4,24,18,0,46,25,0,25,71
11/24/2007,AEX,LA,ASW,CE,Federal Contract Tower,0,23,4,0,27,0,0,0,0,0,0,23,4,0,27,6,0,6,33
11/25/2007,AEX,LA,ASW,CE,Federal Contract Tower,6,27,4,0,37,0,0,0,0,0,6,27,4,0,37,0,0,0,37
11/26/2007,AEX,LA,ASW,CE,Federal Contract Tower,11,30,17,21,79,0,0,0,0,0,11,30,17,21,79,2,16,18,97
11/27/2007,AEX,LA,ASW,CE,Federal Contract Tower,10,28,15,25,78,0,0,0,0,0,10,28,15,25,78,43,20,63,141
11/28/2007,AEX,LA,ASW,CE,Federal Contract Tower,14,30,21,2,67,0,0,0,0,0,14,30,21,2,67,58,5,63,130
11/29/2007,AEX,LA,ASW,CE,Federal Contract Tower,16,33,13,19,81,0,0,0,0,0,16,33,13,19,81,97,12,109,190
11/30/2007,AEX,LA,ASW,CE,Federal Contract Tower,7,40,15,49,111,0,0,0,0,0,7,40,15,49,111,94,29,123,234
12/01/2007,AEX,LA,ASW,CE,Federal Contract Tower,0,28,14,0,42,0,0,0,0,0,0,28,14,0,42,44,0,44,86
12/02/2007,AEX,LA,ASW,CE,Federal Contract Tower,1,28,11,3,43,0,0,0,0,0,1,28,11,3,43,14,0,14,57
12/03/2007,AEX,LA,ASW,CE,Federal Contract Tower,10,31,5,30,76,0,0,0,0,0,10,31,5,30,76,54,24,78,154
12/04/2007,AEX,LA,ASW,CE,Federal Contract Tower,8,26,11,23,68,0,0,0,0,0,8,26,11,23,68,73,16,89,157
12/05/2007,AEX,LA,ASW,CE,Federal Contract Tower,6,28,18,8,60,0,0,0,0,0,6,28,18,8,60,68,23,91,151
12/06/2007,AEX,LA,ASW,CE,Federal Contract Tower,6,31,7,12,56,0,0,0,0,0,6,31,7,12,56,87,4,91,147
12/07/2007,AEX,LA,ASW,CE,Federal Contract Tower,9,33,11,45,98,0,0,0,0,0,9,33,11,45,98,74,12,86,184
12/08/2007,AEX,LA,ASW,CE,Federal Contract Tower,0,22,16,0,38,0,0,0,0,0,0,22,16,0,38,19,1,20,58
12/09/2007,AEX,LA,ASW,CE,Federal Contract Tower,2,27,6,1,36,0,0,0,0,0,2,27,6,1,36,67,0,67,103
12/10/2007,AEX,LA,ASW,CE,Federal Contract Tower,5,29,9,12,55,0,0,0,0,0,5,29,9,12,55,22,10,32,87
12/11/2007,AEX,LA,ASW,CE,Federal Contract Tower,5,24,16,3,48,0,0,0,0,0,5,24,16,3,48,20,4,24,72
12/12/2007,AEX,LA,ASW,CE,Federal Contract Tower,8,32,27,15,82,0,0,0,0,0,8,32,27,15,82,15,5,20,102
12/13/2007,AEX,LA,ASW,CE,Federal Contract Tower,6,33,13,14,66,0,0,0,0,0,6,33,13,14,66,25,6,31,97
12/14/2007,AEX,LA,ASW,CE,Federal Contract Tower,9,32,18,19,78,0,0,0,0,0,9,32,18,19,78,0,0,0,78
12/15/2007,AEX,LA,ASW,CE,Federal Contract Tower,2,29,4,0,35,0,0,0,0,0,2,29,4,0,35,21,0,21,56
12/16/2007,AEX,LA,ASW,CE,Federal Contract Tower,2,25,15,2,44,0,0,0,0,0,2,25,15,2,44,31,0,31,75
12/17/2007,AEX,LA,ASW,CE,Federal Contract Tower,8,32,31,24,95,0,0,0,0,0,8,32,31,24,95,13,19,32,127
12/18/2007,AEX,LA,ASW,CE,Federal Contract Tower,6,32,12,7,57,0,0,0,0,0,6,32,12,7,57,22,4,26,83
12/19/2007,AEX,LA,ASW,CE,Federal Contract Tower,2,27,17,6,52,0,0,0,0,0,2,27,17,6,52,18,4,22,74
12/20/2007,AEX,LA,ASW,CE,Federal Contract Tower,3,34,6,6,49,0,0,0,0,0,3,34,6,6,49,40,13,53,102
12/21/2007,AEX,LA,ASW,CE,Federal Contract Tower,10,35,20,2,67,0,0,0,0,0,10,35,20,2,67,67,5,72,139
12/22/2007,AEX,LA,ASW,CE,Federal Contract Tower,4,32,7,0,43,0,0,0,0,0,4,32,7,0,43,11,3,14,57
12/23/2007,AEX,LA,ASW,CE,Federal Contract Tower,0,29,11,0,40,0,0,0,0,0,0,29,11,0,40,58,0,58,98
12/24/2007,AEX,LA,ASW,CE,Federal Contract Tower,0,21,6,2,29,0,0,0,0,0,0,21,6,2,29,68,0,68,97
12/25/2007,AEX,LA,ASW,CE,Federal Contract Tower,1,22,3,0,26,0,0,0,0,0,1,22,3,0,26,65,0,65,91
12/26/2007,AEX,LA,ASW,CE,Federal Contract Tower,10,34,11,0,55,0,0,0,0,0,10,34,11,0,55,12,0,12,67
12/27/2007,AEX,LA,ASW,CE,Federal Contract Tower,6,31,10,4,51,0,0,0,0,0,6,31,10,4,51,44,4,48,99
12/28/2007,AEX,LA,ASW,CE,Federal Contract Tower,7,31,5,2,45,0,0,0,0,0,7,31,5,2,45,48,0,48,93
12/29/2007,AEX,LA,ASW,CE,Federal Contract Tower,2,29,6,0,37,0,0,0,0,0,2,29,6,0,37,50,0,50,87
12/30/2007,AEX,LA,ASW,CE,Federal Contract Tower,0,30,6,0,36,0,0,0,0,0,0,30,6,0,36,37,0,37,73
12/31/2007,AEX,LA,ASW,CE,Federal Contract Tower,0,26,9,0,35,0,4,17,0,21,0,30,26,0,56,31,0,31,87
01/01/2008,AEX,LA,ASW,CE,Federal Contract Tower,1,30,4,0,35,0,0,0,0,0,1,30,4,0,35,8,0,8,43
01/02/2008,AEX,LA,ASW,CE,Federal Contract Tower,6,29,11,0,46,0,0,0,0,0,6,29,11,0,46,29,0,29,75
01/03/2008,AEX,LA,ASW,CE,Federal Contract Tower,6,30,6,1,43,0,0,0,0,0,6,30,6,1,43,41,1,42,85
01/04/2008,AEX,LA,ASW,CE,Federal Contract Tower,7,32,14,12,65,0,0,0,0,0,7,32,14,12,65,51,18,69,134
01/05/2008,AEX,LA,ASW,CE,Federal Contract Tower,0,28,12,23,63,0,0,0,0,0,0,28,12,23,63,46,25,71,134
01/06/2008,AEX,LA,ASW,CE,Federal Contract Tower,3,28,9,5,45,0,0,0,0,0,3,28,9,5,45,65,15,80,125
01/07/2008,AEX,LA,ASW,CE,Federal Contract Tower,8,30,7,17,62,0,0,0,0,0,8,30,7,17,62,46,22,68,130
01/08/2008,AEX,LA,ASW,CE,Federal Contract Tower,6,31,13,1,51,0,0,0,0,0,6,31,13,1,51,20,1,21,72
01/09/2008,AEX,LA,ASW,CE,Federal Contract Tower,6,30,21,12,69,0,0,0,0,0,6,30,21,12,69,50,3,53,122
01/10/2008,AEX,LA,ASW,CE,Federal Contract Tower,2,32,17,1,52,0,0,0,0,0,2,32,17,1,52,0,2,2,54
01/11/2008,AEX,LA,ASW,CE,Federal Contract Tower,7,31,13,41,92,0,0,0,0,0,7,31,13,41,92,44,3,47,139
01/12/2008,AEX,LA,ASW,CE,Federal Contract Tower,2,26,6,23,57,0,0,0,0,0,2,26,6,23,57,51,30,81,138
01/13/2008,AEX,LA,ASW,CE,Federal Contract Tower,0,27,12,26,65,0,0,0,0,0,0,27,12,26,65,76,12,88,153
01/14/2008,AEX,LA,ASW,CE,Federal Contract Tower,0,0,0,0,0,9,30,4,8,51,9,30,4,8,51,50,8,58,109
01/15/2008,AEX,LA,ASW,CE,Federal Contract Tower,14,28,22,24,88,0,0,0,0,0,14,28,22,24,88,30,34,64,152
01/16/2008,AEX,LA,ASW,CE,Federal Contract Tower,10,33,18,6,67,0,0,0,0,0,10,33,18,6,67,0,0,0,67
01/17/2008,AEX,LA,ASW,CE,Federal Contract Tower,8,29,22,15,74,0,0,0,0,0,8,29,22,15,74,6,10,16,90
01/18/2008,AEX,LA,ASW,CE,Federal Contract Tower,11,33,17,13,74,0,1,14,0,15,11,34,31,13,89,13,0,13,102
01/19/2008,AEX,LA,ASW,CE,Federal Contract Tower,2,22,2,2,28,0,0,0,1,1,2,22,2,3,29,37,13,50,79
01/20/2008,AEX,LA,ASW,CE,Federal Contract Tower,0,28,19,8,55,0,0,0,0,0,0,28,19,8,55,63,5,68,123
01/21/2008,AEX,LA,ASW,CE,Federal Contract Tower,0,27,18,7,52,0,0,0,0,0,0,27,18,7,52,8,63,71,123
01/22/2008,AEX,LA,ASW,CE,Federal Contract Tower,0,25,20,10,55,3,0,0,0,3,3,25,20,10,58,0,0,0,58
01/23/2008,AEX,LA,ASW,CE,Federal Contract Tower,12,29,21,3,65,0,0,0,0,0,12,29,21,3,65,0,0,0,65
01/24/2008,AEX,LA,ASW,CE,Federal Contract Tower,12,30,15,13,70,0,0,0,0,0,12,30,15,13,70,11,11,22,92
01/25/2008,AEX,LA,ASW,CE,Federal Contract Tower,10,32,12,2,56,0,0,0,0,0,10,32,12,2,56,6,6,12,68
01/26/2008,AEX,LA,ASW,CE,Federal Contract Tower,4,21,23,2,50,0,0,0,0,0,4,21,23,2,50,0,0,0,50
01/27/2008,AEX,LA,ASW,CE,Federal Contract Tower,0,25,15,5,45,0,0,0,0,0,0,25,15,5,45,49,3,52,97
01/28/2008,AEX,LA,ASW,CE,Federal Contract Tower,6,30,15,17,68,0,0,0,0,0,6,30,15,17,68,40,18,58,126
01/29/2008,AEX,LA,ASW,CE,Federal Contract Tower,8,26,9,2,45,0,0,0,0,0,8,26,9,2,45,2,0,2,47
01/30/2008,AEX,LA,ASW,CE,Federal Contract Tower,6,31,29,40,106,0,0,0,0,0,6,31,29,40,106,29,40,69,175
01/31/2008,AEX,LA,ASW,CE,Federal Contract Tower,6,23,7,1,37,0,0,0,0,0,6,23,7,1,37,7,7,14,51
02/01/2008,AEX,LA,ASW,CE,Federal Contract Tower,4,31,5,26,66,0,0,0,0,0,4,31,5,26,66,15,20,35,101
02/02/2008,AEX,LA,ASW,CE,Federal Contract Tower,2,23,22,2,49,0,0,0,0,0,2,23,22,2,49,46,0,46,95
02/03/2008,AEX,LA,ASW,CE,Federal Contract Tower,0,27,2,7,36,0,0,0,0,0,0,27,2,7,36,10,5,15,51
02/04/2008,AEX,LA,ASW,CE,Federal Contract Tower,10,30,12,9,61,0,0,0,0,0,10,30,12,9,61,31,0,31,92
02/05/2008,AEX,LA,ASW,CE,Federal Contract Tower,8,26,7,7,48,0,0,0,0,0,8,26,7,7,48,11,1,12,60
02/06/2008,AEX,LA,ASW,CE,Federal Contract Tower,6,25,25,28,84,0,0,0,0,0,6,25,25,28,84,36,18,54,138
02/07/2008,AEX,LA,ASW,CE,Federal Contract Tower,5,29,14,28,76,0,0,0,0,0,5,29,14,28,76,52,15,67,143
02/08/2008,AEX,LA,ASW,CE,Federal Contract Tower,5,26,20,18,69,0,0,0,0,0,5,26,20,18,69,11,11,22,91
02/09/2008,AEX,LA,ASW,CE,Federal Contract Tower,0,22,4,2,28,0,0,0,0,0,0,22,4,2,28,65,3,68,96
02/10/2008,AEX,LA,ASW,CE,Federal Contract Tower,0,25,3,23,51,0,0,0,0,0,0,25,3,23,51,84,17,101,152
02/11/2008,AEX,LA,ASW,CE,Federal Contract Tower,4,28,9,6,47,0,0,0,0,0,4,28,9,6,47,57,9,66,113
02/12/2008,AEX,LA,ASW,CE,Federal Contract Tower,4,24,10,4,42,0,0,0,0,0,4,24,10,4,42,17,0,17,59
02/13/2008,AEX,LA,ASW,CE,Federal Contract Tower,8,26,16,26,76,0,0,0,0,0,8,26,16,26,76,69,18,87,163
02/14/2008,AEX,LA,ASW,CE,Federal Contract Tower,6,31,7,32,76,0,0,0,0,0,6,31,7,32,76,26,35,61,137
02/15/2008,AEX,LA,ASW,CE,Federal Contract Tower,7,32,23,4,66,0,0,0,0,0,7,32,23,4,66,18,15,33,99
02/16/2008,AEX,LA,ASW,CE,Federal Contract Tower,5,25,0,0,30,0,0,0,0,0,5,25,0,0,30,9,0,9,39
02/17/2008,AEX,LA,ASW,CE,Federal Contract Tower,6,27,2,0,35,0,0,0,0,0,6,27,2,0,35,17,0,17,52
02/18/2008,AEX,LA,ASW,CE,Federal Contract Tower,3,31,14,0,48,0,0,47,0,47,3,31,61,0,95,31,0,31,126
02/19/2008,AEX,LA,ASW,CE,Federal Contract Tower,8,28,6,10,52,0,0,0,0,0,8,28,6,10,52,68,35,103,155
02/20/2008,AEX,LA,ASW,CE,Federal Contract Tower,6,33,13,4,56,0,0,0,0,0,6,33,13,4,56,12,58,70,126
02/21/2008,AEX,LA,ASW,CE,Federal Contract Tower,4,26,7,6,43,0,0,0,0,0,4,26,7,6,43,22,2,24,67
02/22/2008,AEX,LA,ASW,CE,Federal Contract Tower,4,26,22,19,71,0,0,0,0,0,4,26,22,19,71,0,0,0,71
02/23/2008,AEX,LA,ASW,CE,Federal Contract Tower,5,27,15,28,75,0,0,0,0,0,5,27,15,28,75,41,24,65,140
02/24/2008,AEX,LA,ASW,CE,Federal Contract Tower,0,30,6,2,38,0,0,0,0,0,0,30,6,2,38,18,14,32,70
02/25/2008,AEX,LA,ASW,CE,Federal Contract Tower,6,31,10,24,71,0,0,0,0,0,6,31,10,24,71,30,39,69,140
02/26/2008,AEX,LA,ASW,CE,Federal Contract Tower,7,26,15,61,109,0,0,0,0,0,7,26,15,61,109,17,17,34,143
02/27/2008,AEX,LA,ASW,CE,Federal Contract Tower,4,31,13,43,91,0,0,0,0,0,4,31,13,43,91,80,20,100,191
02/28/2008,AEX,LA,ASW,CE,Federal Contract Tower,0,0,0,0,0,6,27,90,48,171,6,27,90,48,171,10,61,71,242
02/29/2008,AEX,LA,ASW,CE,Federal Contract Tower,6,31,9,7,53,0,0,0,0,0,6,31,9,7,53,44,10,54,107
03/01/2008,AEX,LA,ASW,CE,Federal Contract Tower,0,28,10,6,44,0,0,0,0,0,0,28,10,6,44,112,16,128,172
03/02/2008,AEX,LA,ASW,CE,Federal Contract Tower,0,5,1,11,17,0,0,0,0,0,0,5,1,11,17,38,5,43,60
03/03/2008,AEX,LA,ASW,CE,Federal Contract Tower,6,22,11,4,43,0,0,0,0,0,6,22,11,4,43,0,1,1,44
03/04/2008,AEX,LA,ASW,CE,Federal Contract Tower,6,26,13,39,84,0,0,0,0,0,6,26,13,39,84,91,123,214,298
03/05/2008,AEX,LA,ASW,CE,Federal Contract Tower,11,31,13,22,77,0,0,0,0,0,11,31,13,22,77,90,18,108,185
03/06/2008,AEX,LA,ASW,CE,Federal Contract Tower,5,30,13,26,74,0,0,0,0,0,5,30,13,26,74,71,19,90,164
03/07/2008,AEX,LA,ASW,CE,Federal Contract Tower,5,29,7,1,42,0,0,0,0,0,5,29,7,1,42,17,0,17,59
03/08/2008,AEX,LA,ASW,CE,Federal Contract Tower,2,26,10,2,40,0,0,0,0,0,2,26,10,2,40,48,0,48,88
03/09/2008,AEX,LA,ASW,CE,Federal Contract Tower,0,28,6,3,37,0,0,0,0,0,0,28,6,3,37,101,45,146,183
03/10/2008,AEX,LA,ASW,CE,Federal Contract Tower,9,33,12,17,71,0,0,0,0,0,9,33,12,17,71,21,34,55,126
03/11/2008,AEX,LA,ASW,CE,Federal Contract Tower,7,26,20,10,63,0,0,0,0,0,7,26,20,10,63,8,26,34,97
03/12/2008,AEX,LA,ASW,CE,Federal Contract Tower,4,30,14,26,74,0,0,0,0,0,4,30,14,26,74,87,16,103,177
03/13/2008,AEX,LA,ASW,CE,Federal Contract Tower,7,30,17,24,78,0,0,0,0,0,7,30,17,24,78,71,10,81,159
03/14/2008,AEX,LA,ASW,CE,Federal Contract Tower,8,32,31,20,91,0,0,0,0,0,8,32,31,20,91,40,40,80,171
03/15/2008,AEX,LA,ASW,CE,Federal Contract Tower,0,25,10,0,35,0,0,0,0,0,0,25,10,0,35,61,0,61,96
03/16/2008,AEX,LA,ASW,CE,Federal Contract Tower,0,28,5,14,47,0,0,0,0,0,0,28,5,14,47,70,10,80,127
03/17/2008,AEX,LA,ASW,CE,Federal Contract Tower,4,26,21,14,65,0,0,0,0,0,4,26,21,14,65,19,19,38,103
03/18/2008,AEX,LA,ASW,CE,Federal Contract Tower,8,25,4,6,43,0,0,0,0,0,8,25,4,6,43,1,0,1,44
03/19/2008,AEX,LA,ASW,CE,Federal Contract Tower,12,32,5,44,93,0,0,0,0,0,12,32,5,44,93,35,7,42,135
03/20/2008,AEX,LA,ASW,CE,Federal Contract Tower,5,30,23,10,68,0,0,0,0,0,5,30,23,10,68,82,46,128,196
03/21/2008,AEX,LA,ASW,CE,Federal Contract Tower,8,32,21,9,70,0,0,0,0,0,8,32,21,9,70,74,38,112,182
03/22/2008,AEX,LA,ASW,CE,Federal Contract Tower,2,28,7,4,41,0,0,0,0,0,2,28,7,4,41,81,0,81,122
03/23/2008,AEX,LA,ASW,CE,Federal Contract Tower,0,27,3,2,32,0,0,0,0,0,0,27,3,2,32,45,2,47,79
03/24/2008,AEX,LA,ASW,CE,Federal Contract Tower,6,28,22,4,60,0,0,0,0,0,6,28,22,4,60,20,19,39,99
03/25/2008,AEX,LA,ASW,CE,Federal Contract Tower,6,32,21,4,63,0,0,0,0,0,6,32,21,4,63,50,2,52,115
03/26/2008,AEX,LA,ASW,CE,Federal Contract Tower,4,29,16,15,64,0,0,0,0,0,4,29,16,15,64,27,7,34,98
03/27/2008,AEX,LA,ASW,CE,Federal Contract Tower,6,30,6,8,50,0,0,0,0,0,6,30,6,8,50,79,26,105,155
03/28/2008,AEX,LA,ASW,CE,Federal Contract Tower,6,30,19,40,95,0,0,0,0,0,6,30,19,40,95,26,0,26,121
03/29/2008,AEX,LA,ASW,CE,Federal Contract Tower,2,30,31,0,63,0,0,0,0,0,2,30,31,0,63,92,0,92,155
03/30/2008,AEX,LA,ASW,CE,Federal Contract Tower,0,24,20,2,46,0,0,18,0,18,0,24,38,2,64,26,0,26,90
03/31/2008,AEX,LA,ASW,CE,Federal Contract Tower,8,31,8,8,55,0,0,0,0,0,8,31,8,8,55,41,10,51,106
04/01/2008,AEX,LA,ASW,CE,Federal Contract Tower,4,28,17,5,54,0,0,0,0,0,4,28,17,5,54,0,0,0,54
04/02/2008,AEX,LA,ASW,CE,Federal Contract Tower,10,30,17,30,87,0,0,0,0,0,10,30,17,30,87,6,9,15,102
04/03/2008,AEX,LA,ASW,CE,Federal Contract Tower,8,30,17,27,82,0,0,0,0,0,8,30,17,27,82,13,31,44,126
04/04/2008,AEX,LA,ASW,CE,Federal Contract Tower,8,20,10,5,43,0,0,0,0,0,8,20,10,5,43,15,1,16,59
04/05/2008,AEX,LA,ASW,CE,Federal Contract Tower,3,25,10,25,63,0,0,0,0,0,3,25,10,25,63,51,25,76,139
04/06/2008,AEX,LA,ASW,CE,Federal Contract Tower,1,28,14,1,44,0,0,0,0,0,1,28,14,1,44,14,0,14,58
04/07/2008,AEX,LA,ASW,CE,Federal Contract Tower,8,29,15,16,68,0,0,0,0,0,8,29,15,16,68,96,17,113,181
04/08/2008,AEX,LA,ASW,CE,Federal Contract Tower,5,26,16,5,52,0,0,0,0,0,5,26,16,5,52,20,12,32,84
04/09/2008,AEX,LA,ASW,CE,Federal Contract Tower,6,26,29,30,91,0,0,0,0,0,6,26,29,30,91,27,1,28,119
04/10/2008,AEX,LA,ASW,CE,Federal Contract Tower,6,25,11,16,58,0,0,0,0,0,6,25,11,16,58,8,0,8,66
04/11/2008,AEX,LA,ASW,CE,Federal Contract Tower,6,28,13,21,68,0,0,0,0,0,6,28,13,21,68,19,14,33,101
04/12/2008,AEX,LA,ASW,CE,Federal Contract Tower,0,26,20,5,51,0,0,0,0,0,0,26,20,5,51,83,6,89,140
04/13/2008,AEX,LA,ASW,CE,Federal Contract Tower,0,25,17,15,57,0,0,0,0,0,0,25,17,15,57,75,18,93,150
04/14/2008,AEX,LA,ASW,CE,Federal Contract Tower,4,29,9,11,53,0,0,0,0,0,4,29,9,11,53,33,12,45,98
04/15/2008,AEX,LA,ASW,CE,Federal Contract Tower,8,26,4,31,69,0,0,0,0,0,8,26,4,31,69,42,42,84,153
04/16/2008,AEX,LA,ASW,CE,Federal Contract Tower,2,25,21,18,66,0,0,0,0,0,2,25,21,18,66,16,12,28,94
04/17/2008,AEX,LA,ASW,CE,Federal Contract Tower,7,32,32,22,93,0,0,0,0,0,7,32,32,22,93,39,18,57,150
04/18/2008,AEX,LA,ASW,CE,Federal Contract Tower,8,27,16,1,52,0,0,0,0,0,8,27,16,1,52,4,0,4,56
04/19/2008,AEX,LA,ASW,CE,Federal Contract Tower,2,27,5,4,38,0,0,0,0,0,2,27,5,4,38,70,44,114,152
04/20/2008,AEX,LA,ASW,CE,Federal Contract Tower,1,26,7,6,40,0,0,0,0,0,1,26,7,6,40,42,5,47,87
04/21/2008,AEX,LA,ASW,CE,Federal Contract Tower,6,30,7,42,85,0,0,0,0,0,6,30,7,42,85,122,22,144,229
04/22/2008,AEX,LA,ASW,CE,Federal Contract Tower,5,25,11,13,54,0,0,0,0,0,5,25,11,13,54,33,34,67,121
04/23/2008,AEX,LA,ASW,CE,Federal Contract Tower,6,29,18,23,76,0,0,0,0,0,6,29,18,23,76,58,57,115,191
04/24/2008,AEX,LA,ASW,CE,Federal Contract Tower,8,30,20,15,73,0,0,0,0,0,8,30,20,15,73,18,4,22,95
04/25/2008,AEX,LA,ASW,CE,Federal Contract Tower,8,28,18,4,58,0,0,0,0,0,8,28,18,4,58,18,0,18,76
04/26/2008,AEX,LA,ASW,CE,Federal Contract Tower,6,24,5,2,37,0,0,0,0,0,6,24,5,2,37,71,4,75,112
04/27/2008,AEX,LA,ASW,CE,Federal Contract Tower,9,26,6,2,43,0,0,0,0,0,9,26,6,2,43,23,2,25,68
04/28/2008,AEX,LA,ASW,CE,Federal Contract Tower,6,28,19,13,66,0,0,0,0,0,6,28,19,13,66,72,7,79,145
04/29/2008,AEX,LA,ASW,CE,Federal Contract Tower,10,28,9,12,59,0,0,0,0,0,10,28,9,12,59,24,10,34,93
04/30/2008,AEX,LA,ASW,CE,Federal Contract Tower,17,26,13,24,80,0,0,0,0,0,17,26,13,24,80,69,107,176,256
05/01/2008,AEX,LA,ASW,CE,Federal Contract Tower,33,28,7,28,96,0,0,0,0,0,33,28,7,28,96,25,25,50,146
05/02/2008,AEX,LA,ASW,CE,Federal Contract Tower,20,30,10,9,69,0,0,0,0,0,20,30,10,9,69,10,13,23,92
05/03/2008,AEX,LA,ASW,CE,Federal Contract Tower,0,26,8,2,36,0,0,0,0,0,0,26,8,2,36,22,26,48,84
05/04/2008,AEX,LA,ASW,CE,Federal Contract Tower,0,28,2,2,32,0,0,0,0,0,0,28,2,2,32,68,2,70,102
05/05/2008,AEX,LA,ASW,CE,Federal Contract Tower,3,30,5,5,43,0,0,0,0,0,3,30,5,5,43,75,20,95,138
05/06/2008,AEX,LA,ASW,CE,Federal Contract Tower,5,26,9,44,84,0,0,0,0,0,5,26,9,44,84,82,90,172,256
05/07/2008,AEX,LA,ASW,CE,Federal Contract Tower,6,29,14,21,70,0,0,0,0,0,6,29,14,21,70,65,101,166,236
05/08/2008,AEX,LA,ASW,CE,Federal Contract Tower,8,26,18,17,69,0,0,0,0,0,8,26,18,17,69,35,40,75,144
05/09/2008,AEX,LA,ASW,CE,Federal Contract Tower,6,33,8,14,61,0,0,0,0,0,6,33,8,14,61,32,81,113,174
05/10/2008,AEX,LA,ASW,CE,Federal Contract Tower,2,27,7,8,44,0,0,0,0,0,2,27,7,8,44,6,6,12,56
05/11/2008,AEX,LA,ASW,CE,Federal Contract Tower,2,28,12,1,43,0,0,0,0,0,2,28,12,1,43,18,5,23,66
05/12/2008,AEX,LA,ASW,CE,Federal Contract Tower,4,30,22,11,67,0,0,0,0,0,4,30,22,11,67,64,60,124,191
05/13/2008,AEX,LA,ASW,CE,Federal Contract Tower,6,28,22,9,65,0,0,0,0,0,6,28,22,9,65,59,32,91,156
05/14/2008,AEX,LA,ASW,CE,Federal Contract Tower,4,23,25,3,55,0,0,0,0,0,4,23,25,3,55,4,0,4,59
05/15/2008,AEX,LA,ASW,CE,Federal Contract Tower,7,3,2,5,17,0,20,0,0,20,7,23,2,5,37,15,0,15,52
05/16/2008,AEX,LA,ASW,CE,Federal Contract Tower,6,30,8,17,61,0,0,0,0,0,6,30,8,17,61,8,18,26,87
05/17/2008,AEX,LA,ASW,CE,Federal Contract Tower,4,26,11,2,43,0,0,0,0,0,4,26,11,2,43,87,11,98,141
05/18/2008,AEX,LA,ASW,CE,Federal Contract Tower,4,31,11,1,47,0,0,0,0,0,4,31,11,1,47,27,14,41,88
05/19/2008,AEX,LA,ASW,CE,Federal Contract Tower,10,30,13,4,57,0,0,0,0,0,10,30,13,4,57,34,6,40,97
05/20/2008,AEX,LA,ASW,CE,Federal Contract Tower,5,31,15,46,97,0,0,0,0,0,5,31,15,46,97,133,20,153,250
05/21/2008,AEX,LA,ASW,CE,Federal Contract Tower,6,32,15,38,91,0,0,0,0,0,6,32,15,38,91,42,42,84,175
05/22/2008,AEX,LA,ASW,CE,Federal Contract Tower,11,39,19,4,73,0,0,0,0,0,11,39,19,4,73,20,0,20,93
05/23/2008,AEX,LA,ASW,CE,Federal Contract Tower,18,30,11,4,63,0,0,0,0,0,18,30,11,4,63,42,0,42,105
05/24/2008,AEX,LA,ASW,CE,Federal Contract Tower,18,24,10,2,54,0,0,0,0,0,18,24,10,2,54,54,0,54,108
05/25/2008,AEX,LA,ASW,CE,Federal Contract Tower,20,24,4,1,49,0,0,0,0,0,20,24,4,1,49,17,1,18,67
05/26/2008,AEX,LA,ASW,CE,Federal Contract Tower,2,29,6,0,37,0,0,0,0,0,2,29,6,0,37,22,0,22,59
05/27/2008,AEX,LA,ASW,CE,Federal Contract Tower,8,29,15,25,77,0,0,0,0,0,8,29,15,25,77,46,24,70,147
05/28/2008,AEX,LA,ASW,CE,Federal Contract Tower,6,32,15,7,60,0,0,0,0,0,6,32,15,7,60,42,5,47,107
05/29/2008,AEX,LA,ASW,CE,Federal Contract Tower,6,30,13,23,72,0,0,0,0,0,6,30,13,23,72,41,23,64,136
05/30/2008,AEX,LA,ASW,CE,Federal Contract Tower,6,30,10,54,100,0,0,0,0,0,6,30,10,54,100,18,91,109,209
05/31/2008,AEX,LA,ASW,CE,Federal Contract Tower,2,28,10,0,40,0,0,0,0,0,2,28,10,0,40,27,2,29,69
06/01/2008,AEX,LA,ASW,CE,Federal Contract Tower,0,28,5,3,36,0,0,0,0,0,0,28,5,3,36,20,8,28,64
06/02/2008,AEX,LA,ASW,CE,Federal Contract Tower,6,30,14,39,89,0,0,0,0,0,6,30,14,39,89,28,13,41,130
06/03/2008,AEX,LA,ASW,CE,Federal Contract Tower,6,28,10,55,99,0,0,0,0,0,6,28,10,55,99,25,79,104,203
06/04/2008,AEX,LA,ASW,CE,Federal Contract Tower,6,28,13,14,61,0,0,0,0,0,6,28,13,14,61,63,15,78,139
06/05/2008,AEX,LA,ASW,CE,Federal Contract Tower,6,30,27,15,78,0,0,0,0,0,6,30,27,15,78,43,10,53,131
06/06/2008,AEX,LA,ASW,CE,Federal Contract Tower,8,32,19,36,95,0,0,0,0,0,8,32,19,36,95,15,40,55,150
06/07/2008,AEX,LA,ASW,CE,Federal Contract Tower,26,30,19,10,85,0,0,0,0,0,26,30,19,10,85,76,30,106,191
06/08/2008,AEX,LA,ASW,CE,Federal Contract Tower,4,28,10,20,62,0,0,0,0,0,4,28,10,20,62,52,23,75,137
06/09/2008,AEX,LA,ASW,CE,Federal Contract Tower,6,32,14,18,70,0,0,0,0,0,6,32,14,18,70,43,13,56,126
06/10/2008,AEX,LA,ASW,CE,Federal Contract Tower,6,34,10,12,62,0,0,0,0,0,6,34,10,12,62,46,0,46,108
06/11/2008,AEX,LA,ASW,CE,Federal Contract Tower,4,30,42,5,81,0,0,0,0,0,4,30,42,5,81,45,17,62,143
06/12/2008,AEX,LA,ASW,CE,Federal Contract Tower,8,35,15,33,91,0,0,0,0,0,8,35,15,33,91,83,22,105,196
06/13/2008,AEX,LA,ASW,CE,Federal Contract Tower,6,30,11,19,66,0,0,0,0,0,6,30,11,19,66,6,110,116,182
06/14/2008,AEX,LA,ASW,CE,Federal Contract Tower,2,30,10,2,44,0,0,0,0,0,2,30,10,2,44,86,0,86,130
06/15/2008,AEX,LA,ASW,CE,Federal Contract Tower,0,31,8,31,70,0,0,0,0,0,0,31,8,31,70,21,30,51,121
06/16/2008,AEX,LA,ASW,CE,Federal Contract Tower,9,30,13,26,78,0,0,0,0,0,9,30,13,26,78,53,39,92,170
06/17/2008,AEX,LA,ASW,CE,Federal Contract Tower,6,29,13,12,60,0,0,0,0,0,6,29,13,12,60,43,9,52,112
06/18/2008,AEX,LA,ASW,CE,Federal Contract Tower,6,35,20,20,81,0,0,0,0,0,6,35,20,20,81,50,14,64,145
06/19/2008,AEX,LA,ASW,CE,Federal Contract Tower,6,32,2,23,63,0,0,0,0,0,6,32,2,23,63,57,38,95,158
06/20/2008,AEX,LA,ASW,CE,Federal Contract Tower,6,29,14,4,53,0,0,0,0,0,6,29,14,4,53,27,26,53,106
06/21/2008,AEX,LA,ASW,CE,Federal Contract Tower,4,31,7,1,43,0,0,0,0,0,4,31,7,1,43,76,1,77,120
06/22/2008,AEX,LA,ASW,CE,Federal Contract Tower,0,31,7,0,38,0,0,0,0,0,0,31,7,0,38,108,0,108,146
06/23/2008,AEX,LA,ASW,CE,Federal Contract Tower,6,30,7,16,59,0,0,0,0,0,6,30,7,16,59,31,41,72,131
06/24/2008,AEX,LA,ASW,CE,Federal Contract Tower,3,30,8,12,53,0,0,0,0,0,3,30,8,12,53,4,23,27,80
06/25/2008,AEX,LA,ASW,CE,Federal Contract Tower,5,30,10,14,59,0,0,0,0,0,5,30,10,14,59,20,14,34,93
06/26/2008,AEX,LA,ASW,CE,Federal Contract Tower,7,37,11,11,66,0,0,0,0,0,7,37,11,11,66,61,5,66,132
06/27/2008,AEX,LA,ASW,CE,Federal Contract Tower,11,31,10,25,77,0,0,0,0,0,11,31,10,25,77,70,49,119,196
06/28/2008,AEX,LA,ASW,CE,Federal Contract Tower,3,28,20,0,51,0,0,0,0,0,3,28,20,0,51,39,40,79,130
06/29/2008,AEX,LA,ASW,CE,Federal Contract Tower,0,28,10,3,41,0,0,0,0,0,0,28,10,3,41,43,0,43,84
06/30/2008,AEX,LA,ASW,CE,Federal Contract Tower,4,29,9,22,64,0,0,0,0,0,4,29,9,22,64,42,42,84,148
07/01/2008,AEX,LA,ASW,CE,Federal Contract Tower,7,32,7,30,76,0,0,0,0,0,7,32,7,30,76,66,1,67,143
07/02/2008,AEX,LA,ASW,CE,Federal Contract Tower,6,34,17,33,90,0,0,0,0,0,6,34,17,33,90,30,4,34,124
07/03/2008,AEX,LA,ASW,CE,Federal Contract Tower,6,33,12,14,65,0,0,0,0,0,6,33,12,14,65,57,7,64,129
07/04/2008,AEX,LA,ASW,CE,Federal Contract Tower,2,25,1,0,28,0,0,0,0,0,2,25,1,0,28,1,0,1,29
07/05/2008,AEX,LA,ASW,CE,Federal Contract Tower,1,23,4,2,30,0,0,0,0,0,1,23,4,2,30,69,2,71,101
07/06/2008,AEX,LA,ASW,CE,Federal Contract Tower,2,29,0,15,46,0,0,0,0,0,2,29,0,15,46,74,0,74,120
07/07/2008,AEX,LA,ASW,CE,Federal Contract Tower,5,30,7,4,46,0,0,0,0,0,5,30,7,4,46,58,4,62,108
07/08/2008,AEX,LA,ASW,CE,Federal Contract Tower,3,28,12,35,78,0,0,0,0,0,3,28,12,35,78,10,4,14,92
07/09/2008,AEX,LA,ASW,CE,Federal Contract Tower,6,33,12,22,73,0,0,0,0,0,6,33,12,22,73,37,6,43,116
07/10/2008,AEX,LA,ASW,CE,Federal Contract Tower,8,32,15,7,62,0,0,0,0,0,8,32,15,7,62,13,10,23,85
07/11/2008,AEX,LA,ASW,CE,Federal Contract Tower,6,32,11,22,71,0,0,0,0,0,6,32,11,22,71,86,20,106,177
07/12/2008,AEX,LA,ASW,CE,Federal Contract Tower,0,26,3,2,31,0,0,0,0,0,0,26,3,2,31,104,14,118,149
07/13/2008,AEX,LA,ASW,CE,Federal Contract Tower,0,26,6,24,56,0,0,0,0,0,0,26,6,24,56,66,19,85,141
07/14/2008,AEX,LA,ASW,CE,Federal Contract Tower,6,37,34,6,83,0,0,0,0,0,6,37,34,6,83,22,4,26,109
07/15/2008,AEX,LA,ASW,CE,Federal Contract Tower,6,33,11,35,85,0,0,0,0,0,6,33,11,35,85,100,53,153,238
07/16/2008,AEX,LA,ASW,CE,Federal Contract Tower,7,32,13,19,71,0,0,0,0,0,7,32,13,19,71,38,18,56,127
07/17/2008,AEX,LA,ASW,CE,Federal Contract Tower,6,33,11,34,84,0,0,0,0,0,6,33,11,34,84,37,2,39,123
07/18/2008,AEX,LA,ASW,CE,Federal Contract Tower,5,34,16,48,103,0,0,0,0,0,5,34,16,48,103,59,41,100,203
07/19/2008,AEX,LA,ASW,CE,Federal Contract Tower,3,26,24,19,72,0,0,0,0,0,3,26,24,19,72,81,43,124,196
07/20/2008,AEX,LA,ASW,CE,Federal Contract Tower,0,29,9,33,71,0,0,0,0,0,0,29,9,33,71,59,16,75,146
07/21/2008,AEX,LA,ASW,CE,Federal Contract Tower,6,31,11,19,67,0,0,0,0,0,6,31,11,19,67,70,16,86,153
07/22/2008,AEX,LA,ASW,CE,Federal Contract Tower,7,31,7,20,65,0,0,0,0,0,7,31,7,20,65,84,14,98,163
07/23/2008,AEX,LA,ASW,CE,Federal Contract Tower,13,31,10,10,64,0,0,0,0,0,13,31,10,10,64,70,22,92,156
07/24/2008,AEX,LA,ASW,CE,Federal Contract Tower,8,36,14,21,79,0,0,0,0,0,8,36,14,21,79,10,9,19,98
07/25/2008,AEX,LA,ASW,CE,Federal Contract Tower,24,29,48,14,115,0,0,0,0,0,24,29,48,14,115,35,3,38,153
07/26/2008,AEX,LA,ASW,CE,Federal Contract Tower,23,26,2,6,57,0,0,0,0,0,23,26,2,6,57,82,16,98,155
07/27/2008,AEX,LA,ASW,CE,Federal Contract Tower,17,30,20,1,68,0,0,0,0,0,17,30,20,1,68,78,5,83,151
07/28/2008,AEX,LA,ASW,CE,Federal Contract Tower,6,33,8,21,68,0,0,0,0,0,6,33,8,21,68,16,56,72,140
07/29/2008,AEX,LA,ASW,CE,Federal Contract Tower,4,32,8,24,68,0,0,0,0,0,4,32,8,24,68,67,20,87,155
07/30/2008,AEX,LA,ASW,CE,Federal Contract Tower,9,29,12,48,98,0,0,0,0,0,9,29,12,48,98,30,30,60,158
07/31/2008,AEX,LA,ASW,CE,Federal Contract Tower,8,35,7,31,81,0,0,0,0,0,8,35,7,31,81,17,10,27,108
08/01/2008,AEX,LA,ASW,CE,Federal Contract Tower,4,34,6,12,56,0,0,0,0,0,4,34,6,12,56,61,8,69,125
08/02/2008,AEX,LA,ASW,CE,Federal Contract Tower,5,26,8,14,53,0,0,0,0,0,5,26,8,14,53,61,8,69,122
08/03/2008,AEX,LA,ASW,CE,Federal Contract Tower,1,30,1,0,32,0,0,0,0,0,1,30,1,0,32,67,8,75,107
08/04/2008,AEX,LA,ASW,CE,Federal Contract Tower,5,30,19,9,63,0,0,0,0,0,5,30,19,9,63,107,10,117,180
08/05/2008,AEX,LA,ASW,CE,Federal Contract Tower,8,26,15,26,75,0,0,0,0,0,8,26,15,26,75,25,18,43,118
08/06/2008,AEX,LA,ASW,CE,Federal Contract Tower,7,30,11,16,64,0,0,0,0,0,7,30,11,16,64,83,23,106,170
08/07/2008,AEX,LA,ASW,CE,Federal Contract Tower,5,30,11,8,54,0,0,0,0,0,5,30,11,8,54,20,20,40,94
08/08/2008,AEX,LA,ASW,CE,Federal Contract Tower,6,32,21,1,60,0,0,0,0,0,6,32,21,1,60,8,0,8,68
08/09/2008,AEX,LA,ASW,CE,Federal Contract Tower,0,26,3,2,31,0,0,0,0,0,0,26,3,2,31,78,5,83,114
08/10/2008,AEX,LA,ASW,CE,Federal Contract Tower,0,29,18,2,49,0,0,0,0,0,0,29,18,2,49,49,9,58,107
08/11/2008,AEX,LA,ASW,CE,Federal Contract Tower,5,28,17,5,55,0,0,0,0,0,5,28,17,5,55,54,2,56,111
08/12/2008,AEX,LA,ASW,CE,Federal Contract Tower,3,27,20,13,63,0,0,0,0,0,3,27,20,13,63,3,2,5,68
08/13/2008,AEX,LA,ASW,CE,Federal Contract Tower,8,30,29,25,92,0,0,0,0,0,8,30,29,25,92,33,28,61,153
08/14/2008,AEX,LA,ASW,CE,Federal Contract Tower,8,30,13,16,67,0,0,0,0,0,8,30,13,16,67,33,33,66,133
08/15/2008,AEX,LA,ASW,CE,Federal Contract Tower,9,52,12,41,114,0,0,0,0,0,9,52,12,41,114,11,22,33,147
08/16/2008,AEX,LA,ASW,CE,Federal Contract Tower,2,27,4,21,54,0,0,0,0,0,2,27,4,21,54,1,4,5,59
08/17/2008,AEX,LA,ASW,CE,Federal Contract Tower,2,30,5,12,49,0,0,0,0,0,2,30,5,12,49,16,2,18,67
08/18/2008,AEX,LA,ASW,CE,Federal Contract Tower,4,30,9,9,52,0,0,0,0,0,4,30,9,9,52,34,5,39,91
08/19/2008,AEX,LA,ASW,CE,Federal Contract Tower,8,31,18,23,80,0,0,0,0,0,8,31,18,23,80,22,9,31,111
08/20/2008,AEX,LA,ASW,CE,Federal Contract Tower,27,29,17,12,85,0,0,0,0,0,27,29,17,12,85,8,0,8,93
08/21/2008,AEX,LA,ASW,CE,Federal Contract Tower,25,29,5,6,65,0,0,0,0,0,25,29,5,6,65,13,0,13,78
08/22/2008,AEX,LA,ASW,CE,Federal Contract Tower,28,30,10,6,74,0,0,0,0,0,28,30,10,6,74,30,30,60,134
08/23/2008,AEX,LA,ASW,CE,Federal Contract Tower,1,24,5,0,30,0,0,0,0,0,1,24,5,0,30,19,0,19,49
08/24/2008,AEX,LA,ASW,CE,Federal Contract Tower,0,27,5,4,36,0,0,0,0,0,0,27,5,4,36,4,0,4,40
08/25/2008,AEX,LA,ASW,CE,Federal Contract Tower,6,28,9,13,56,0,0,0,0,0,6,28,9,13,56,32,0,32,88
08/26/2008,AEX,LA,ASW,CE,Federal Contract Tower,6,30,27,25,88,0,0,0,0,0,6,30,27,25,88,71,54,125,213
08/27/2008,AEX,LA,ASW,CE,Federal Contract Tower,6,28,17,16,67,0,0,0,0,0,6,28,17,16,67,26,26,52,119
08/28/2008,AEX,LA,ASW,CE,Federal Contract Tower,7,33,11,21,72,0,0,0,0,0,7,33,11,21,72,39,23,62,134
08/29/2008,AEX,LA,ASW,CE,Federal Contract Tower,5,33,13,41,92,0,0,0,0,0,5,33,13,41,92,105,37,142,234
08/30/2008,AEX,LA,ASW,CE,Federal Contract Tower,4,27,18,0,49,0,0,0,0,0,4,27,18,0,49,153,2,155,204
08/31/2008,AEX,LA,ASW,CE,Federal Contract Tower,5,25,19,15,64,0,0,0,0,0,5,25,19,15,64,82,1,83,147
10/01/2008,AEX,LA,ASW,CE,Federal Contract Tower,4,25,12,15,56,0,0,0,0,0,4,25,12,15,56,41,26,67,123
10/02/2008,AEX,LA,ASW,CE,Federal Contract Tower,3,28,7,8,46,0,0,0,0,0,3,28,7,8,46,60,23,83,129
10/03/2008,AEX,LA,ASW,CE,Federal Contract Tower,6,28,9,19,62,0,0,0,0,0,6,28,9,19,62,66,8,74,136
10/04/2008,AEX,LA,ASW,CE,Federal Contract Tower,2,22,7,0,31,0,0,0,0,0,2,22,7,0,31,55,0,55,86
10/05/2008,AEX,LA,ASW,CE,Federal Contract Tower,7,31,14,2,54,0,0,0,0,0,7,31,14,2,54,48,8,56,110
10/06/2008,AEX,LA,ASW,CE,Federal Contract Tower,6,28,12,29,75,0,0,0,0,0,6,28,12,29,75,15,16,31,106
10/07/2008,AEX,LA,ASW,CE,Federal Contract Tower,17,30,14,10,71,0,0,0,0,0,17,30,14,10,71,12,3,15,86
10/08/2008,AEX,LA,ASW,CE,Federal Contract Tower,24,26,25,39,114,0,0,0,0,0,24,26,25,39,114,20,31,51,165
10/09/2008,AEX,LA,ASW,CE,Federal Contract Tower,18,28,15,12,73,0,0,0,0,0,18,28,15,12,73,52,30,82,155
10/10/2008,AEX,LA,ASW,CE,Federal Contract Tower,6,28,15,13,62,0,0,0,0,0,6,28,15,13,62,44,1,45,107
10/11/2008,AEX,LA,ASW,CE,Federal Contract Tower,0,22,4,0,26,0,0,0,0,0,0,22,4,0,26,76,0,76,102
10/12/2008,AEX,LA,ASW,CE,Federal Contract Tower,2,28,7,9,46,0,0,0,0,0,2,28,7,9,46,49,20,69,115
10/13/2008,AEX,LA,ASW,CE,Federal Contract Tower,0,27,11,3,41,0,0,0,0,0,0,27,11,3,41,41,6,47,88
10/14/2008,AEX,LA,ASW,CE,Federal Contract Tower,6,25,13,10,54,0,0,0,0,0,6,25,13,10,54,10,14,24,78
10/15/2008,AEX,LA,ASW,CE,Federal Contract Tower,4,44,18,12,78,0,0,0,0,0,4,44,18,12,78,20,14,34,112
10/16/2008,AEX,LA,ASW,CE,Federal Contract Tower,12,22,8,9,51,0,0,0,0,0,12,22,8,9,51,11,2,13,64
10/17/2008,AEX,LA,ASW,CE,Federal Contract Tower,6,30,15,16,67,0,0,0,0,0,6,30,15,16,67,50,53,103,170
10/18/2008,AEX,LA,ASW,CE,Federal Contract Tower,0,23,8,1,32,0,0,0,0,0,0,23,8,1,32,67,1,68,100
10/19/2008,AEX,LA,ASW,CE,Federal Contract Tower,0,28,1,8,37,0,0,0,0,0,0,28,1,8,37,12,12,24,61
10/20/2008,AEX,LA,ASW,CE,Federal Contract Tower,4,30,12,20,66,0,0,0,0,0,4,30,12,20,66,60,26,86,152
10/21/2008,AEX,LA,ASW,CE,Federal Contract Tower,6,26,9,22,63,0,0,0,0,0,6,26,9,22,63,40,23,63,126
10/22/2008,AEX,LA,ASW,CE,Federal Contract Tower,6,29,8,29,72,0,0,0,0,0,6,29,8,29,72,30,35,65,137
10/23/2008,AEX,LA,ASW,CE,Federal Contract Tower,8,28,7,13,56,0,0,0,0,0,8,28,7,13,56,8,2,10,66
10/24/2008,AEX,LA,ASW,CE,Federal Contract Tower,6,28,14,18,66,0,0,0,0,0,6,28,14,18,66,20,23,43,109
10/25/2008,AEX,LA,ASW,CE,Federal Contract Tower,0,24,17,2,43,0,0,0,0,0,0,24,17,2,43,84,8,92,135
10/26/2008,AEX,LA,ASW,CE,Federal Contract Tower,0,27,7,24,58,0,0,0,0,0,0,27,7,24,58,48,36,84,142
10/27/2008,AEX,LA,ASW,CE,Federal Contract Tower,6,30,13,18,67,0,0,0,0,0,6,30,13,18,67,14,22,36,103
10/28/2008,AEX,LA,ASW,CE,Federal Contract Tower,7,27,4,41,79,0,0,0,0,0,7,27,4,41,79,81,32,113,192
10/29/2008,AEX,LA,ASW,CE,Federal Contract Tower,23,28,9,29,89,0,0,0,0,0,23,28,9,29,89,30,45,75,164
10/30/2008,AEX,LA,ASW,CE,Federal Contract Tower,19,31,3,18,71,0,0,0,0,0,19,31,3,18,71,11,7,18,89
10/31/2008,AEX,LA,ASW,CE,Federal Contract Tower,26,27,6,4,63,0,0,0,0,0,26,27,6,4,63,49,1,50,113
11/01/2008,AEX,LA,ASW,CE,Federal Contract Tower,3,26,4,2,35,0,0,0,0,0,3,26,4,2,35,59,7,66,101
11/02/2008,AEX,LA,ASW,CE,Federal Contract Tower,0,29,9,15,53,0,0,0,0,0,0,29,9,15,53,42,29,71,124
11/03/2008,AEX,LA,ASW,CE,Federal Contract Tower,4,29,21,8,62,0,0,0,0,0,4,29,21,8,62,19,57,76,138
11/04/2008,AEX,LA,ASW,CE,Federal Contract Tower,8,24,17,29,78,0,0,0,0,0,8,24,17,29,78,44,20,64,142
11/05/2008,AEX,LA,ASW,CE,Federal Contract Tower,4,24,17,18,63,0,0,0,0,0,4,24,17,18,63,25,20,45,108
11/06/2008,AEX,LA,ASW,CE,Federal Contract Tower,6,25,18,6,55,0,0,0,0,0,6,25,18,6,55,81,0,81,136
11/07/2008,AEX,LA,ASW,CE,Federal Contract Tower,8,30,14,5,57,0,0,0,0,0,8,30,14,5,57,17,13,30,87
11/08/2008,AEX,LA,ASW,CE,Federal Contract Tower,0,22,8,11,41,0,0,0,0,0,0,22,8,11,41,80,22,102,143
11/09/2008,AEX,LA,ASW,CE,Federal Contract Tower,0,28,10,2,40,0,0,0,0,0,0,28,10,2,40,55,10,65,105
11/10/2008,AEX,LA,ASW,CE,Federal Contract Tower,4,27,7,13,51,0,0,0,0,0,4,27,7,13,51,15,1,16,67
11/11/2008,AEX,LA,ASW,CE,Federal Contract Tower,0,19,3,1,23,0,0,0,0,0,0,19,3,1,23,2,0,2,25
11/12/2008,AEX,LA,ASW,CE,Federal Contract Tower,6,25,11,18,60,0,0,0,0,0,6,25,11,18,60,0,2,2,62
11/13/2008,AEX,LA,ASW,CE,Federal Contract Tower,6,25,18,28,77,0,0,0,0,0,6,25,18,28,77,12,11,23,100
11/14/2008,AEX,LA,ASW,CE,Federal Contract Tower,8,33,11,16,68,0,0,0,0,0,8,33,11,16,68,0,0,0,68
11/15/2008,AEX,LA,ASW,CE,Federal Contract Tower,2,22,5,3,32,0,0,0,0,0,2,22,5,3,32,24,2,26,58
11/16/2008,AEX,LA,ASW,CE,Federal Contract Tower,0,28,14,1,43,0,0,0,0,0,0,28,14,1,43,40,0,40,83
11/17/2008,AEX,LA,ASW,CE,Federal Contract Tower,6,28,6,23,63,0,0,0,0,0,6,28,6,23,63,44,23,67,130
11/18/2008,AEX,LA,ASW,CE,Federal Contract Tower,2,24,20,15,61,0,0,0,0,0,2,24,20,15,61,37,37,74,135
11/19/2008,AEX,LA,ASW,CE,Federal Contract Tower,4,26,21,15,66,0,0,0,0,0,4,26,21,15,66,23,11,34,100
11/20/2008,AEX,LA,ASW,CE,Federal Contract Tower,12,26,25,18,81,0,0,0,0,0,12,26,25,18,81,23,16,39,120
11/21/2008,AEX,LA,ASW,CE,Federal Contract Tower,8,30,6,14,58,0,0,0,0,0,8,30,6,14,58,10,9,19,77
11/22/2008,AEX,LA,ASW,CE,Federal Contract Tower,0,22,9,3,34,0,0,0,0,0,0,22,9,3,34,32,7,39,73
11/23/2008,AEX,LA,ASW,CE,Federal Contract Tower,0,30,10,9,49,0,0,0,0,0,0,30,10,9,49,11,8,19,68
11/24/2008,AEX,LA,ASW,CE,Federal Contract Tower,6,16,17,0,39,0,0,0,0,0,6,16,17,0,39,32,1,33,72
11/25/2008,AEX,LA,ASW,CE,Federal Contract Tower,8,26,15,29,78,0,0,0,0,0,8,26,15,29,78,51,28,79,157
11/26/2008,AEX,LA,ASW,CE,Federal Contract Tower,6,29,9,0,44,0,0,0,0,0,6,29,9,0,44,41,0,41,85
11/27/2008,AEX,LA,ASW,CE,Federal Contract Tower,0,19,9,0,28,0,0,0,0,0,0,19,9,0,28,0,36,36,64
11/28/2008,AEX,LA,ASW,CE,Federal Contract Tower,4,21,5,0,30,0,0,0,0,0,4,21,5,0,30,11,0,11,41
11/29/2008,AEX,LA,ASW,CE,Federal Contract Tower,0,24,12,2,38,0,0,0,0,0,0,24,12,2,38,0,1,1,39
11/30/2008,AEX,LA,ASW,CE,Federal Contract Tower,0,29,4,4,37,0,0,0,0,0,0,29,4,4,37,8,2,10,47
12/01/2008,AEX,LA,ASW,CE,Federal Contract Tower,8,29,4,40,81,0,0,0,0,0,8,29,4,40,81,36,23,59,140
12/02/2008,AEX,LA,ASW,CE,Federal Contract Tower,10,25,8,44,87,0,0,0,0,0,10,25,8,44,87,65,68,133,220
12/03/2008,AEX,LA,ASW,CE,Federal Contract Tower,4,26,18,38,86,0,0,0,0,0,4,26,18,38,86,33,32,65,151
12/04/2008,AEX,LA,ASW,CE,Federal Contract Tower,6,35,16,19,76,0,0,0,0,0,6,35,16,19,76,4,29,33,109
12/05/2008,AEX,LA,ASW,CE,Federal Contract Tower,6,28,24,22,80,0,0,0,0,0,6,28,24,22,80,48,32,80,160
12/06/2008,AEX,LA,ASW,CE,Federal Contract Tower,6,21,6,7,40,0,0,0,0,0,6,21,6,7,40,20,11,31,71
12/07/2008,AEX,LA,ASW,CE,Federal Contract Tower,0,28,10,4,42,0,0,0,0,0,0,28,10,4,42,27,6,33,75
12/08/2008,AEX,LA,ASW,CE,Federal Contract Tower,5,28,12,24,69,0,0,0,0,0,5,28,12,24,69,43,20,63,132
12/09/2008,AEX,LA,ASW,CE,Federal Contract Tower,5,20,3,4,32,0,0,0,0,0,5,20,3,4,32,0,0,0,32
12/10/2008,AEX,LA,ASW,CE,Federal Contract Tower,4,26,7,14,51,0,0,0,0,0,4,26,7,14,51,0,0,0,51
12/11/2008,AEX,LA,ASW,CE,Federal Contract Tower,7,25,4,9,45,0,0,0,0,0,7,25,4,9,45,20,2,22,67
12/12/2008,AEX,LA,ASW,CE,Federal Contract Tower,6,31,17,15,69,0,0,0,0,0,6,31,17,15,69,57,25,82,151
12/13/2008,AEX,LA,ASW,CE,Federal Contract Tower,2,21,6,16,45,0,0,0,0,0,2,21,6,16,45,18,0,18,63
12/14/2008,AEX,LA,ASW,CE,Federal Contract Tower,2,29,3,12,46,0,0,0,0,0,2,29,3,12,46,6,4,10,56
12/15/2008,AEX,LA,ASW,CE,Federal Contract Tower,6,24,21,9,60,0,0,0,0,0,6,24,21,9,60,10,9,19,79
12/16/2008,AEX,LA,ASW,CE,Federal Contract Tower,21,29,8,1,59,0,0,0,0,0,21,29,8,1,59,0,0,0,59
12/17/2008,AEX,LA,ASW,CE,Federal Contract Tower,22,27,15,5,69,0,0,0,0,0,22,27,15,5,69,0,1,1,70
12/18/2008,AEX,LA,ASW,CE,Federal Contract Tower,10,26,10,1,47,0,0,0,0,0,10,26,10,1,47,12,1,13,60
12/19/2008,AEX,LA,ASW,CE,Federal Contract Tower,13,27,9,11,60,0,0,0,0,0,13,27,9,11,60,22,11,33,93
12/20/2008,AEX,LA,ASW,CE,Federal Contract Tower,11,27,6,3,47,0,0,0,0,0,11,27,6,3,47,4,5,9,56
12/21/2008,AEX,LA,ASW,CE,Federal Contract Tower,2,26,9,10,47,0,0,0,0,0,2,26,9,10,47,9,9,18,65
12/22/2008,AEX,LA,ASW,CE,Federal Contract Tower,7,29,16,34,86,0,0,0,0,0,7,29,16,34,86,49,12,61,147
12/23/2008,AEX,LA,ASW,CE,Federal Contract Tower,7,28,12,13,60,0,0,0,0,0,7,28,12,13,60,18,23,41,101
12/24/2008,AEX,LA,ASW,CE,Federal Contract Tower,2,21,3,2,28,0,0,0,0,0,2,21,3,2,28,15,1,16,44
12/25/2008,AEX,LA,ASW,CE,Federal Contract Tower,0,21,8,0,29,0,0,0,0,0,0,21,8,0,29,13,0,13,42
12/26/2008,AEX,LA,ASW,CE,Federal Contract Tower,0,25,15,0,40,0,0,0,0,0,0,25,15,0,40,11,0,11,51
12/27/2008,AEX,LA,ASW,CE,Federal Contract Tower,0,23,6,2,31,0,0,0,0,0,0,23,6,2,31,31,0,31,62
12/28/2008,AEX,LA,ASW,CE,Federal Contract Tower,0,26,6,0,32,0,0,0,0,0,0,26,6,0,32,6,0,6,38
12/29/2008,AEX,LA,ASW,CE,Federal Contract Tower,9,25,10,3,47,0,0,0,0,0,9,25,10,3,47,25,25,50,97
12/30/2008,AEX,LA,ASW,CE,Federal Contract Tower,10,27,10,2,49,0,0,0,0,0,10,27,10,2,49,19,19,38,87
12/31/2008,AEX,LA,ASW,CE,Federal Contract Tower,5,24,5,0,34,0,0,0,0,0,5,24,5,0,34,13,13,26,60
01/01/2009,AEX,LA,ASW,CE,Federal Contract Tower,5,25,3,0,33,0,0,0,0,0,5,25,3,0,33,13,17,30,63
01/02/2009,AEX,LA,ASW,CE,Federal Contract Tower,3,26,2,1,32,0,0,0,0,0,3,26,2,1,32,6,14,20,52
01/03/2009,AEX,LA,ASW,CE,Federal Contract Tower,0,29,3,0,32,0,0,0,0,0,0,29,3,0,32,4,0,4,36
01/04/2009,AEX,LA,ASW,CE,Federal Contract Tower,0,24,5,0,29,0,0,0,0,0,0,24,5,0,29,17,0,17,46
01/05/2009,AEX,LA,ASW,CE,Federal Contract Tower,15,27,12,1,55,0,0,0,0,0,15,27,12,1,55,5,0,5,60
01/06/2009,AEX,LA,ASW,CE,Federal Contract Tower,11,26,8,0,45,0,0,0,0,0,11,26,8,0,45,0,0,0,45
01/07/2009,AEX,LA,ASW,CE,Federal Contract Tower,10,24,11,28,73,0,0,0,0,0,10,24,11,28,73,60,32,92,165
01/08/2009,AEX,LA,ASW,CE,Federal Contract Tower,12,28,11,31,82,0,0,0,0,0,12,28,11,31,82,25,29,54,136
01/09/2009,AEX,LA,ASW,CE,Federal Contract Tower,16,29,15,35,95,0,0,0,0,0,16,29,15,35,95,40,53,93,188
01/10/2009,AEX,LA,ASW,CE,Federal Contract Tower,6,22,11,9,48,0,0,0,0,0,6,22,11,9,48,7,50,57,105
01/11/2009,AEX,LA,ASW,CE,Federal Contract Tower,2,25,8,9,44,0,0,0,0,0,2,25,8,9,44,19,55,74,118
01/12/2009,AEX,LA,ASW,CE,Federal Contract Tower,4,28,11,17,60,0,0,0,0,0,4,28,11,17,60,50,9,59,119
01/13/2009,AEX,LA,ASW,CE,Federal Contract Tower,4,24,10,24,62,0,0,0,0,0,4,24,10,24,62,21,19,40,102
01/14/2009,AEX,LA,ASW,CE,Federal Contract Tower,8,24,17,30,79,0,0,0,0,0,8,24,17,30,79,46,38,84,163
01/15/2009,AEX,LA,ASW,CE,Federal Contract Tower,3,29,6,11,49,0,0,0,0,0,3,29,6,11,49,83,175,258,307
01/16/2009,AEX,LA,ASW,CE,Federal Contract Tower,6,28,19,38,91,0,0,0,0,0,6,28,19,38,91,123,49,172,263
01/17/2009,AEX,LA,ASW,CE,Federal Contract Tower,2,22,5,3,32,0,0,0,0,0,2,22,5,3,32,57,2,59,91
01/18/2009,AEX,LA,ASW,CE,Federal Contract Tower,1,24,7,6,38,0,0,0,0,0,1,24,7,6,38,58,4,62,100
01/19/2009,AEX,LA,ASW,CE,Federal Contract Tower,0,29,22,2,53,0,0,0,0,0,0,29,22,2,53,20,15,35,88
01/20/2009,AEX,LA,ASW,CE,Federal Contract Tower,4,25,9,25,63,0,0,0,0,0,4,25,9,25,63,34,16,50,113
01/21/2009,AEX,LA,ASW,CE,Federal Contract Tower,3,27,6,35,71,0,0,0,0,0,3,27,6,35,71,26,14,40,111
01/22/2009,AEX,LA,ASW,CE,Federal Contract Tower,8,29,9,25,71,0,0,0,0,0,8,29,9,25,71,68,30,98,169
01/23/2009,AEX,LA,ASW,CE,Federal Contract Tower,10,28,11,28,77,0,0,0,0,0,10,28,11,28,77,57,38,95,172
01/24/2009,AEX,LA,ASW,CE,Federal Contract Tower,0,23,9,0,32,0,0,0,0,0,0,23,9,0,32,1,0,1,33
01/25/2009,AEX,LA,ASW,CE,Federal Contract Tower,0,25,2,9,36,0,0,0,0,0,0,25,2,9,36,8,0,8,44
01/26/2009,AEX,LA,ASW,CE,Federal Contract Tower,7,27,14,18,66,0,0,0,0,0,7,27,14,18,66,7,20,27,93
01/27/2009,AEX,LA,ASW,CE,Federal Contract Tower,4,22,8,9,43,0,0,0,0,0,4,22,8,9,43,17,7,24,67
01/28/2009,AEX,LA,ASW,CE,Federal Contract Tower,10,24,6,16,56,0,0,0,0,0,10,24,6,16,56,26,18,44,100
01/29/2009,AEX,LA,ASW,CE,Federal Contract Tower,8,31,12,38,89,0,0,0,0,0,8,31,12,38,89,81,25,106,195
01/30/2009,AEX,LA,ASW,CE,Federal Contract Tower,15,28,11,20,74,0,0,0,0,0,15,28,11,20,74,132,56,188,262
01/31/2009,AEX,LA,ASW,CE,Federal Contract Tower,9,21,6,6,42,0,0,0,0,0,9,21,6,6,42,82,1,83,125
02/01/2009,AEX,LA,ASW,CE,Federal Contract Tower,4,25,3,6,38,0,0,0,0,0,4,25,3,6,38,18,8,26,64
02/02/2009,AEX,LA,ASW,CE,Federal Contract Tower,6,29,4,12,51,0,0,0,0,0,6,29,4,12,51,15,37,52,103
02/03/2009,AEX,LA,ASW,CE,Federal Contract Tower,4,27,11,31,73,0,0,0,0,0,4,27,11,31,73,37,37,74,147
02/04/2009,AEX,LA,ASW,CE,Federal Contract Tower,6,24,20,17,67,0,0,0,0,0,6,24,20,17,67,50,31,81,148
02/05/2009,AEX,LA,ASW,CE,Federal Contract Tower,30,28,12,41,111,0,0,0,0,0,30,28,12,41,111,59,31,90,201
02/06/2009,AEX,LA,ASW,CE,Federal Contract Tower,25,29,12,25,91,0,0,0,0,0,25,29,12,25,91,67,55,122,213
02/07/2009,AEX,LA,ASW,CE,Federal Contract Tower,12,23,4,11,50,0,0,0,0,0,12,23,4,11,50,36,24,60,110
02/08/2009,AEX,LA,ASW,CE,Federal Contract Tower,6,26,9,27,68,0,0,0,0,0,6,26,9,27,68,23,61,84,152
02/09/2009,AEX,LA,ASW,CE,Federal Contract Tower,4,28,10,23,65,0,0,0,0,0,4,28,10,23,65,0,35,35,100
02/10/2009,AEX,LA,ASW,CE,Federal Contract Tower,4,25,11,19,59,0,0,0,0,0,4,25,11,19,59,10,17,27,86
02/11/2009,AEX,LA,ASW,CE,Federal Contract Tower,4,25,10,29,68,0,0,0,0,0,4,25,10,29,68,20,31,51,119
02/12/2009,AEX,LA,ASW,CE,Federal Contract Tower,6,28,9,26,69,0,0,0,0,0,6,28,9,26,69,37,20,57,126
02/13/2009,AEX,LA,ASW,CE,Federal Contract Tower,6,29,2,9,46,0,0,0,0,0,6,29,2,9,46,0,0,0,46
02/14/2009,AEX,LA,ASW,CE,Federal Contract Tower,2,21,10,13,46,0,0,0,0,0,2,21,10,13,46,52,15,67,113
02/15/2009,AEX,LA,ASW,CE,Federal Contract Tower,0,26,5,13,44,0,0,0,0,0,0,26,5,13,44,33,22,55,99
02/16/2009,AEX,LA,ASW,CE,Federal Contract Tower,0,30,13,10,53,0,0,0,0,0,0,30,13,10,53,99,39,138,191
02/17/2009,AEX,LA,ASW,CE,Federal Contract Tower,4,27,8,9,48,0,0,0,0,0,4,27,8,9,48,33,32,65,113
02/18/2009,AEX,LA,ASW,CE,Federal Contract Tower,6,27,22,32,87,0,0,0,0,0,6,27,22,32,87,14,15,29,116
02/19/2009,AEX,LA,ASW,CE,Federal Contract Tower,9,30,14,6,59,0,0,0,0,0,9,30,14,6,59,44,27,71,130
02/20/2009,AEX,LA,ASW,CE,Federal Contract Tower,8,29,7,27,71,0,0,0,0,0,8,29,7,27,71,45,16,61,132
02/21/2009,AEX,LA,ASW,CE,Federal Contract Tower,0,22,14,8,44,0,0,0,0,0,0,22,14,8,44,10,31,41,85
02/22/2009,AEX,LA,ASW,CE,Federal Contract Tower,4,28,10,32,74,0,0,0,0,0,4,28,10,32,74,57,26,83,157
02/23/2009,AEX,LA,ASW,CE,Federal Contract Tower,7,28,3,29,67,0,0,0,0,0,7,28,3,29,67,56,54,110,177
02/24/2009,AEX,LA,ASW,CE,Federal Contract Tower,9,25,19,14,67,0,0,0,0,0,9,25,19,14,67,33,33,66,133
02/25/2009,AEX,LA,ASW,CE,Federal Contract Tower,8,30,6,44,88,0,0,0,0,0,8,30,6,44,88,31,40,71,159
02/26/2009,AEX,LA,ASW,CE,Federal Contract Tower,13,31,15,20,79,0,0,0,0,0,13,31,15,20,79,38,14,52,131
02/27/2009,AEX,LA,ASW,CE,Federal Contract Tower,16,28,8,13,65,0,0,0,0,0,16,28,8,13,65,9,17,26,91
02/28/2009,AEX,LA,ASW,CE,Federal Contract Tower,2,22,26,0,50,0,0,0,0,0,2,22,26,0,50,13,0,13,63
03/01/2009,AEX,LA,ASW,CE,Federal Contract Tower,2,25,1,12,40,0,0,0,0,0,2,25,1,12,40,48,17,65,105
03/02/2009,AEX,LA,ASW,CE,Federal Contract Tower,6,28,0,13,47,0,0,0,0,0,6,28,0,13,47,69,20,89,136
03/03/2009,AEX,LA,ASW,CE,Federal Contract Tower,4,28,6,39,77,0,0,0,0,0,4,28,6,39,77,54,46,100,177
03/04/2009,AEX,LA,ASW,CE,Federal Contract Tower,2,26,17,29,74,0,0,0,0,0,2,26,17,29,74,35,9,44,118
03/05/2009,AEX,LA,ASW,CE,Federal Contract Tower,6,28,15,15,64,0,0,0,0,0,6,28,15,15,64,25,24,49,113
03/06/2009,AEX,LA,ASW,CE,Federal Contract Tower,6,26,10,17,59,0,0,0,0,0,6,26,10,17,59,27,34,61,120
03/07/2009,AEX,LA,ASW,CE,Federal Contract Tower,0,25,10,8,43,0,0,0,0,0,0,25,10,8,43,53,7,60,103
03/08/2009,AEX,LA,ASW,CE,Federal Contract Tower,0,28,9,9,46,0,0,0,0,0,0,28,9,9,46,74,19,93,139
03/09/2009,AEX,LA,ASW,CE,Federal Contract Tower,8,28,4,12,52,0,0,0,0,0,8,28,4,12,52,29,10,39,91
03/10/2009,AEX,LA,ASW,CE,Federal Contract Tower,8,24,5,33,70,0,0,0,0,0,8,24,5,33,70,30,21,51,121
03/11/2009,AEX,LA,ASW,CE,Federal Contract Tower,6,29,17,4,56,0,0,0,0,0,6,29,17,4,56,7,45,52,108
03/12/2009,AEX,LA,ASW,CE,Federal Contract Tower,8,24,20,6,58,0,0,0,0,0,8,24,20,6,58,27,27,54,112
03/13/2009,AEX,LA,ASW,CE,Federal Contract Tower,6,29,14,3,52,0,0,0,0,0,6,29,14,3,52,1,0,1,53
03/14/2009,AEX,LA,ASW,CE,Federal Contract Tower,0,22,5,0,27,0,0,0,0,0,0,22,5,0,27,12,0,12,39
03/15/2009,AEX,LA,ASW,CE,Federal Contract Tower,0,24,7,0,31,0,0,0,0,0,0,24,7,0,31,15,0,15,46
03/16/2009,AEX,LA,ASW,CE,Federal Contract Tower,4,28,14,53,99,0,0,0,0,0,4,28,14,53,99,22,10,32,131
03/17/2009,AEX,LA,ASW,CE,Federal Contract Tower,4,24,6,56,90,0,0,0,0,0,4,24,6,56,90,65,12,77,167
03/18/2009,AEX,LA,ASW,CE,Federal Contract Tower,3,37,15,20,75,0,0,0,0,0,3,37,15,20,75,56,88,144,219
03/19/2009,AEX,LA,ASW,CE,Federal Contract Tower,7,37,7,46,97,0,0,0,0,0,7,37,7,46,97,31,96,127,224
03/20/2009,AEX,LA,ASW,CE,Federal Contract Tower,5,24,18,39,86,0,0,0,0,0,5,24,18,39,86,50,57,107,193
03/21/2009,AEX,LA,ASW,CE,Federal Contract Tower,1,26,7,15,49,0,0,0,0,0,1,26,7,15,49,28,1,29,78
03/22/2009,AEX,LA,ASW,CE,Federal Contract Tower,0,32,4,2,38,0,0,0,0,0,0,32,4,2,38,71,0,71,109
03/23/2009,AEX,LA,ASW,CE,Federal Contract Tower,7,28,8,7,50,0,0,0,0,0,7,28,8,7,50,67,11,78,128
03/24/2009,AEX,LA,ASW,CE,Federal Contract Tower,11,26,12,8,57,0,0,0,0,0,11,26,12,8,57,57,12,69,126
03/25/2009,AEX,LA,ASW,CE,Federal Contract Tower,9,24,14,6,53,0,0,0,0,0,9,24,14,6,53,30,0,30,83
03/26/2009,AEX,LA,ASW,CE,Federal Contract Tower,26,40,7,14,87,0,0,0,0,0,26,40,7,14,87,10,6,16,103
03/27/2009,AEX,LA,ASW,CE,Federal Contract Tower,19,21,10,2,52,0,0,0,0,0,19,21,10,2,52,11,10,21,73
03/28/2009,AEX,LA,ASW,CE,Federal Contract Tower,12,28,8,5,53,0,0,0,0,0,12,28,8,5,53,20,0,20,73
03/29/2009,AEX,LA,ASW,CE,Federal Contract Tower,0,26,6,8,40,0,0,0,0,0,0,26,6,8,40,37,16,53,93
03/30/2009,AEX,LA,ASW,CE,Federal Contract Tower,4,28,15,21,68,0,0,0,0,0,4,28,15,21,68,30,18,48,116
03/31/2009,AEX,LA,ASW,CE,Federal Contract Tower,4,26,7,7,44,0,0,0,0,0,4,26,7,7,44,40,27,67,111
04/01/2009,AEX,LA,ASW,CE,Federal Contract Tower,25,25,25,25,100,0,0,0,0,0,25,25,25,25,100,20,20,40,140
04/02/2009,AEX,LA,ASW,CE,Federal Contract Tower,3,20,3,9,35,0,0,0,0,0,3,20,3,9,35,13,19,32,67
04/03/2009,AEX,LA,ASW,CE,Federal Contract Tower,6,33,6,34,79,0,0,0,0,0,6,33,6,34,79,59,120,179,258
04/04/2009,AEX,LA,ASW,CE,Federal Contract Tower,0,22,3,10,35,0,0,0,0,0,0,22,3,10,35,106,1,107,142
04/05/2009,AEX,LA,ASW,CE,Federal Contract Tower,0,28,6,6,40,0,0,0,0,0,0,28,6,6,40,38,7,45,85
04/06/2009,AEX,LA,ASW,CE,Federal Contract Tower,4,31,14,32,81,0,0,0,0,0,4,31,14,32,81,5,42,47,128
04/07/2009,AEX,LA,ASW,CE,Federal Contract Tower,2,26,12,29,69,0,0,0,0,0,2,26,12,29,69,62,56,118,187
04/08/2009,AEX,LA,ASW,CE,Federal Contract Tower,4,25,26,11,66,0,0,0,0,0,4,25,26,11,66,68,15,83,149
04/09/2009,AEX,LA,ASW,CE,Federal Contract Tower,2,30,21,4,57,0,0,0,0,0,2,30,21,4,57,20,9,29,86
04/10/2009,AEX,LA,ASW,CE,Federal Contract Tower,4,29,10,10,53,0,0,0,0,0,4,29,10,10,53,19,19,38,91
04/11/2009,AEX,LA,ASW,CE,Federal Contract Tower,2,25,7,0,34,0,0,0,0,0,2,25,7,0,34,32,0,32,66
04/12/2009,AEX,LA,ASW,CE,Federal Contract Tower,0,27,3,0,30,0,0,0,0,0,0,27,3,0,30,0,0,0,30
04/13/2009,AEX,LA,ASW,CE,Federal Contract Tower,4,31,16,46,97,0,0,0,0,0,4,31,16,46,97,6,40,46,143
04/14/2009,AEX,LA,ASW,CE,Federal Contract Tower,2,28,11,26,67,0,0,0,0,0,2,28,11,26,67,50,41,91,158
04/15/2009,AEX,LA,ASW,CE,Federal Contract Tower,10,24,14,50,98,0,0,0,0,0,10,24,14,50,98,50,47,97,195
04/16/2009,AEX,LA,ASW,CE,Federal Contract Tower,6,30,11,17,64,0,0,0,0,0,6,30,11,17,64,66,25,91,155
04/17/2009,AEX,LA,ASW,CE,Federal Contract Tower,6,21,14,10,51,0,0,0,0,0,6,21,14,10,51,0,54,54,105
04/18/2009,AEX,LA,ASW,CE,Federal Contract Tower,10,20,6,2,38,0,0,0,0,0,10,20,6,2,38,24,0,24,62
04/19/2009,AEX,LA,ASW,CE,Federal Contract Tower,17,30,3,18,68,0,0,0,0,0,17,30,3,18,68,29,18,47,115
04/20/2009,AEX,LA,ASW,CE,Federal Contract Tower,23,30,13,34,100,0,0,0,0,0,23,30,13,34,100,34,54,88,188
04/21/2009,AEX,LA,ASW,CE,Federal Contract Tower,12,27,14,15,68,0,0,0,0,0,12,27,14,15,68,64,8,72,140
04/22/2009,AEX,LA,ASW,CE,Federal Contract Tower,8,26,13,34,81,0,0,0,0,0,8,26,13,34,81,20,11,31,112
04/23/2009,AEX,LA,ASW,CE,Federal Contract Tower,6,29,33,33,101,0,0,0,0,0,6,29,33,33,101,39,30,69,170
04/24/2009,AEX,LA,ASW,CE,Federal Contract Tower,10,30,13,11,64,0,0,0,0,0,10,30,13,11,64,32,14,46,110
04/25/2009,AEX,LA,ASW,CE,Federal Contract Tower,16,23,6,2,47,0,0,0,0,0,16,23,6,2,47,38,3,41,88
04/26/2009,AEX,LA,ASW,CE,Federal Contract Tower,13,29,7,22,71,0,0,0,0,0,13,29,7,22,71,30,14,44,115
04/27/2009,AEX,LA,ASW,CE,Federal Contract Tower,15,27,8,4,54,0,0,0,0,0,15,27,8,4,54,25,14,39,93
04/28/2009,AEX,LA,ASW,CE,Federal Contract Tower,4,30,10,3,47,0,0,0,0,0,4,30,10,3,47,21,4,25,72
04/29/2009,AEX,LA,ASW,CE,Federal Contract Tower,6,25,17,13,61,0,0,0,0,0,6,25,17,13,61,30,10,40,101
04/30/2009,AEX,LA,ASW,CE,Federal Contract Tower,6,35,16,5,62,0,0,0,0,0,6,35,16,5,62,45,10,55,117
05/01/2009,AEX,LA,ASW,CE,Federal Contract Tower,4,30,13,11,58,0,0,0,0,0,4,30,13,11,58,69,24,93,151
05/02/2009,AEX,LA,ASW,CE,Federal Contract Tower,2,20,2,14,38,0,0,0,0,0,2,20,2,14,38,45,14,59,97
05/03/2009,AEX,LA,ASW,CE,Federal Contract Tower,0,29,11,1,41,0,0,0,0,0,0,29,11,1,41,13,0,13,54
05/04/2009,AEX,LA,ASW,CE,Federal Contract Tower,4,30,8,18,60,0,0,0,0,0,4,30,8,18,60,20,22,42,102
05/05/2009,AEX,LA,ASW,CE,Federal Contract Tower,4,26,17,39,86,0,0,0,0,0,4,26,17,39,86,9,4,13,99
05/06/2009,AEX,LA,ASW,CE,Federal Contract Tower,8,26,44,16,94,0,0,0,0,0,8,26,44,16,94,7,7,14,108
05/07/2009,AEX,LA,ASW,CE,Federal Contract Tower,11,30,15,26,82,0,0,0,0,0,11,30,15,26,82,18,50,68,150
05/08/2009,AEX,LA,ASW,CE,Federal Contract Tower,11,29,9,25,74,0,0,0,0,0,11,29,9,25,74,25,34,59,133
05/09/2009,AEX,LA,ASW,CE,Federal Contract Tower,4,22,5,0,31,0,0,0,0,0,4,22,5,0,31,45,26,71,102
05/10/2009,AEX,LA,ASW,CE,Federal Contract Tower,0,30,8,3,41,0,0,0,0,0,0,30,8,3,41,31,14,45,86
05/11/2009,AEX,LA,ASW,CE,Federal Contract Tower,4,27,14,8,53,0,0,0,0,0,4,27,14,8,53,2,0,2,55
05/12/2009,AEX,LA,ASW,CE,Federal Contract Tower,7,26,14,18,65,0,0,0,0,0,7,26,14,18,65,25,30,55,120
05/13/2009,AEX,LA,ASW,CE,Federal Contract Tower,1,27,19,57,104,0,0,0,0,0,1,27,19,57,104,66,53,119,223
05/14/2009,AEX,LA,ASW,CE,Federal Contract Tower,6,30,9,14,59,0,0,0,0,0,6,30,9,14,59,23,8,31,90
05/15/2009,AEX,LA,ASW,CE,Federal Contract Tower,6,29,11,28,74,0,0,0,0,0,6,29,11,28,74,40,43,83,157
05/16/2009,AEX,LA,ASW,CE,Federal Contract Tower,1,22,6,0,29,0,0,0,0,0,1,22,6,0,29,12,1,13,42
05/17/2009,AEX,LA,ASW,CE,Federal Contract Tower,6,28,7,10,51,0,0,0,0,0,6,28,7,10,51,35,18,53,104
05/18/2009,AEX,LA,ASW,CE,Federal Contract Tower,12,31,15,12,70,0,0,0,0,0,12,31,15,12,70,60,45,105,175
05/19/2009,AEX,LA,ASW,CE,Federal Contract Tower,16,27,18,15,76,0,0,0,0,0,16,27,18,15,76,37,40,77,153
05/20/2009,AEX,LA,ASW,CE,Federal Contract Tower,25,25,50,25,125,0,0,0,0,0,25,25,50,25,125,25,25,50,175
05/21/2009,AEX,LA,ASW,CE,Federal Contract Tower,8,30,12,21,71,0,0,0,0,0,8,30,12,21,71,54,12,66,137
05/22/2009,AEX,LA,ASW,CE,Federal Contract Tower,8,30,14,26,78,0,0,0,0,0,8,30,14,26,78,46,0,46,124
05/23/2009,AEX,LA,ASW,CE,Federal Contract Tower,0,21,0,0,21,0,0,0,0,0,0,21,0,0,21,14,4,18,39
05/24/2009,AEX,LA,ASW,CE,Federal Contract Tower,1,19,4,0,24,0,0,0,0,0,1,19,4,0,24,18,0,18,42
05/25/2009,AEX,LA,ASW,CE,Federal Contract Tower,0,28,13,1,42,0,0,0,0,0,0,28,13,1,42,21,2,23,65
05/26/2009,AEX,LA,ASW,CE,Federal Contract Tower,4,30,24,36,94,0,0,0,0,0,4,30,24,36,94,23,37,60,154
05/27/2009,AEX,LA,ASW,CE,Federal Contract Tower,4,28,21,31,84,0,0,0,0,0,4,28,21,31,84,18,5,23,107
05/28/2009,AEX,LA,ASW,CE,Federal Contract Tower,7,30,31,18,86,0,0,0,0,0,7,30,31,18,86,39,22,61,147
05/29/2009,AEX,LA,ASW,CE,Federal Contract Tower,4,30,14,29,77,0,0,0,0,0,4,30,14,29,77,35,35,70,147
05/30/2009,AEX,LA,ASW,CE,Federal Contract Tower,0,24,7,0,31,0,0,0,0,0,0,24,7,0,31,27,0,27,58
05/31/2009,AEX,LA,ASW,CE,Federal Contract Tower,0,30,1,9,40,0,0,0,0,0,0,30,1,9,40,27,20,47,87
06/01/2009,AEX,LA,ASW,CE,Federal Contract Tower,2,32,6,9,49,0,0,0,0,0,2,32,6,9,49,22,68,90,139
06/02/2009,AEX,LA,ASW,CE,Federal Contract Tower,4,26,10,33,73,0,0,0,0,0,4,26,10,33,73,20,78,98,171
06/03/2009,AEX,LA,ASW,CE,Federal Contract Tower,5,23,7,3,38,0,0,0,0,0,5,23,7,3,38,20,5,25,63
06/04/2009,AEX,LA,ASW,CE,Federal Contract Tower,9,32,11,9,61,0,0,0,0,0,9,32,11,9,61,16,22,38,99
06/05/2009,AEX,LA,ASW,CE,Federal Contract Tower,18,30,5,82,135,0,0,0,0,0,18,30,5,82,135,31,52,83,218
06/06/2009,AEX,LA,ASW,CE,Federal Contract Tower,17,22,4,20,63,0,0,0,0,0,17,22,4,20,63,38,23,61,124
06/07/2009,AEX,LA,ASW,CE,Federal Contract Tower,8,28,6,22,64,0,0,0,0,0,8,28,6,22,64,11,35,46,110
06/08/2009,AEX,LA,ASW,CE,Federal Contract Tower,14,30,13,19,76,0,0,0,0,0,14,30,13,19,76,21,21,42,118
06/09/2009,AEX,LA,ASW,CE,Federal Contract Tower,9,26,12,9,56,0,0,0,0,0,9,26,12,9,56,36,20,56,112
06/10/2009,AEX,LA,ASW,CE,Federal Contract Tower,8,28,7,18,61,0,0,0,0,0,8,28,7,18,61,20,36,56,117
06/11/2009,AEX,LA,ASW,CE,Federal Contract Tower,9,25,7,6,47,0,0,0,0,0,9,25,7,6,47,16,3,19,66
06/12/2009,AEX,LA,ASW,CE,Federal Contract Tower,5,31,14,4,54,0,0,0,0,0,5,31,14,4,54,87,21,108,162
06/13/2009,AEX,LA,ASW,CE,Federal Contract Tower,2,22,7,6,37,0,0,0,0,0,2,22,7,6,37,15,2,17,54
06/14/2009,AEX,LA,ASW,CE,Federal Contract Tower,0,24,7,2,33,0,0,0,0,0,0,24,7,2,33,20,2,22,55
06/15/2009,AEX,LA,ASW,CE,Federal Contract Tower,4,32,7,22,65,0,0,0,0,0,4,32,7,22,65,52,15,67,132
06/16/2009,AEX,LA,ASW,CE,Federal Contract Tower,8,28,13,24,73,0,0,0,0,0,8,28,13,24,73,41,27,68,141
06/17/2009,AEX,LA,ASW,CE,Federal Contract Tower,3,30,13,16,62,0,0,0,0,0,3,30,13,16,62,20,13,33,95
06/18/2009,AEX,LA,ASW,CE,Federal Contract Tower,10,30,13,15,68,0,0,0,0,0,10,30,13,15,68,20,9,29,97
06/19/2009,AEX,LA,ASW,CE,Federal Contract Tower,8,30,8,15,61,0,0,0,0,0,8,30,8,15,61,20,13,33,94
06/20/2009,AEX,LA,ASW,CE,Federal Contract Tower,4,21,5,3,33,0,0,0,0,0,4,21,5,3,33,8,4,12,45
06/21/2009,AEX,LA,ASW,CE,Federal Contract Tower,2,27,7,6,42,0,0,0,0,0,2,27,7,6,42,7,4,11,53
06/22/2009,AEX,LA,ASW,CE,Federal Contract Tower,8,31,10,11,60,0,0,0,0,0,8,31,10,11,60,44,30,74,134
06/23/2009,AEX,LA,ASW,CE,Federal Contract Tower,7,32,5,4,48,0,0,0,0,0,7,32,5,4,48,15,8,23,71
06/24/2009,AEX,LA,ASW,CE,Federal Contract Tower,4,34,15,9,62,0,0,0,0,0,4,34,15,9,62,42,17,59,121
06/25/2009,AEX,LA,ASW,CE,Federal Contract Tower,12,31,13,8,64,0,0,0,0,0,12,31,13,8,64,16,25,41,105
06/26/2009,AEX,LA,ASW,CE,Federal Contract Tower,5,30,8,31,74,0,0,0,0,0,5,30,8,31,74,30,30,60,134
06/27/2009,AEX,LA,ASW,CE,Federal Contract Tower,4,22,3,14,43,0,0,0,0,0,4,22,3,14,43,23,4,27,70
06/28/2009,AEX,LA,ASW,CE,Federal Contract Tower,2,28,4,28,62,0,0,0,0,0,2,28,4,28,62,22,27,49,111
06/29/2009,AEX,LA,ASW,CE,Federal Contract Tower,2,30,10,5,47,0,0,0,0,0,2,30,10,5,47,6,8,14,61
06/30/2009,AEX,LA,ASW,CE,Federal Contract Tower,8,29,11,17,65,0,0,0,0,0,8,29,11,17,65,52,3,55,120
07/01/2009,AEX,LA,ASW,CE,Federal Contract Tower,2,32,16,8,58,0,0,0,0,0,2,32,16,8,58,63,5,68,126
07/02/2009,AEX,LA,ASW,CE,Federal Contract Tower,6,29,13,9,57,0,0,0,0,0,6,29,13,9,57,62,20,82,139
07/03/2009,AEX,LA,ASW,CE,Federal Contract Tower,11,25,4,0,40,0,0,0,0,0,11,25,4,0,40,75,8,83,123
07/04/2009,AEX,LA,ASW,CE,Federal Contract Tower,8,20,2,0,30,0,0,0,0,0,8,20,2,0,30,1,48,49,79
07/05/2009,AEX,LA,ASW,CE,Federal Contract Tower,11,27,5,0,43,0,0,0,0,0,11,27,5,0,43,34,0,34,77
07/06/2009,AEX,LA,ASW,CE,Federal Contract Tower,16,34,16,1,67,0,0,0,0,0,16,34,16,1,67,12,1,13,80
07/07/2009,AEX,LA,ASW,CE,Federal Contract Tower,10,39,16,5,70,0,0,0,0,0,10,39,16,5,70,44,19,63,133
07/08/2009,AEX,LA,ASW,CE,Federal Contract Tower,9,27,12,10,58,0,0,0,0,0,9,27,12,10,58,103,4,107,165
07/09/2009,AEX,LA,ASW,CE,Federal Contract Tower,15,31,7,16,69,0,0,0,0,0,15,31,7,16,69,54,12,66,135
07/10/2009,AEX,LA,ASW,CE,Federal Contract Tower,8,30,9,33,80,0,0,0,0,0,8,30,9,33,80,83,4,87,167
07/11/2009,AEX,LA,ASW,CE,Federal Contract Tower,0,22,13,19,54,0,0,0,0,0,0,22,13,19,54,10,23,33,87
07/12/2009,AEX,LA,ASW,CE,Federal Contract Tower,0,23,4,20,47,0,0,0,0,0,0,23,4,20,47,21,61,82,129
07/13/2009,AEX,LA,ASW,CE,Federal Contract Tower,4,32,7,4,47,0,0,0,0,0,4,32,7,4,47,28,5,33,80
07/14/2009,AEX,LA,ASW,CE,Federal Contract Tower,4,27,15,14,60,0,0,0,0,0,4,27,15,14,60,15,28,43,103
07/15/2009,AEX,LA,ASW,CE,Federal Contract Tower,2,30,14,17,63,0,0,0,0,0,2,30,14,17,63,36,31,67,130
07/16/2009,AEX,LA,ASW,CE,Federal Contract Tower,9,32,3,11,55,0,0,0,0,0,9,32,3,11,55,69,41,110,165
07/17/2009,AEX,LA,ASW,CE,Federal Contract Tower,6,31,9,8,54,0,0,0,0,0,6,31,9,8,54,11,20,31,85
07/18/2009,AEX,LA,ASW,CE,Federal Contract Tower,4,25,3,11,43,0,0,0,0,0,4,25,3,11,43,10,23,33,76
07/19/2009,AEX,LA,ASW,CE,Federal Contract Tower,0,29,5,7,41,0,0,0,0,0,0,29,5,7,41,14,30,44,85
07/20/2009,AEX,LA,ASW,CE,Federal Contract Tower,4,29,6,22,61,0,0,0,0,0,4,29,6,22,61,69,39,108,169
07/21/2009,AEX,LA,ASW,CE,Federal Contract Tower,4,25,6,10,45,0,0,0,0,0,4,25,6,10,45,23,9,32,77
07/22/2009,AEX,LA,ASW,CE,Federal Contract Tower,3,30,19,16,68,0,0,0,0,0,3,30,19,16,68,0,37,37,105
07/23/2009,AEX,LA,ASW,CE,Federal Contract Tower,8,32,10,19,69,0,0,0,0,0,8,32,10,19,69,25,33,58,127
07/24/2009,AEX,LA,ASW,CE,Federal Contract Tower,9,30,14,12,65,0,0,0,0,0,9,30,14,12,65,76,15,91,156
07/25/2009,AEX,LA,ASW,CE,Federal Contract Tower,14,24,6,16,60,0,0,0,0,0,14,24,6,16,60,30,38,68,128
07/26/2009,AEX,LA,ASW,CE,Federal Contract Tower,4,28,10,2,44,0,0,0,0,0,4,28,10,2,44,20,10,30,74
07/27/2009,AEX,LA,ASW,CE,Federal Contract Tower,11,30,6,8,55,0,0,0,0,0,11,30,6,8,55,14,2,16,71
07/28/2009,AEX,LA,ASW,CE,Federal Contract Tower,5,29,9,2,45,0,0,0,0,0,5,29,9,2,45,15,1,16,61
07/29/2009,AEX,LA,ASW,CE,Federal Contract Tower,4,30,10,23,67,0,0,0,0,0,4,30,10,23,67,40,50,90,157
07/30/2009,AEX,LA,ASW,CE,Federal Contract Tower,10,28,12,5,55,0,0,0,0,0,10,28,12,5,55,43,17,60,115
07/31/2009,AEX,LA,ASW,CE,Federal Contract Tower,7,24,13,18,62,0,0,0,0,0,7,24,13,18,62,38,21,59,121
08/01/2009,AEX,LA,ASW,CE,Federal Contract Tower,18,11,15,15,59,0,0,0,0,0,18,11,15,15,59,0,0,0,59
08/02/2009,AEX,LA,ASW,CE,Federal Contract Tower,14,15,10,20,59,0,0,0,0,0,14,15,10,20,59,0,0,0,59
08/03/2009,AEX,LA,ASW,CE,Federal Contract Tower,18,32,10,13,73,0,0,0,0,0,18,32,10,13,73,20,33,53,126
08/04/2009,AEX,LA,ASW,CE,Federal Contract Tower,16,30,13,56,115,0,0,0,0,0,16,30,13,56,115,22,21,43,158
08/05/2009,AEX,LA,ASW,CE,Federal Contract Tower,19,33,19,34,105,0,0,0,0,0,19,33,19,34,105,22,20,42,147
08/06/2009,AEX,LA,ASW,CE,Federal Contract Tower,8,30,11,13,62,0,0,0,0,0,8,30,11,13,62,30,9,39,101
08/07/2009,AEX,LA,ASW,CE,Federal Contract Tower,12,22,13,31,78,0,0,0,0,0,12,22,13,31,78,10,20,30,108
08/08/2009,AEX,LA,ASW,CE,Federal Contract Tower,1,20,11,0,32,0,0,0,0,0,1,20,11,0,32,36,1,37,69
08/09/2009,AEX,LA,ASW,CE,Federal Contract Tower,1,28,8,9,46,0,0,0,0,0,1,28,8,9,46,22,37,59,105
08/10/2009,AEX,LA,ASW,CE,Federal Contract Tower,4,29,7,23,63,0,0,0,0,0,4,29,7,23,63,31,31,62,125
08/11/2009,AEX,LA,ASW,CE,Federal Contract Tower,4,28,10,21,63,0,0,0,0,0,4,28,10,21,63,47,31,78,141
08/12/2009,AEX,LA,ASW,CE,Federal Contract Tower,4,35,12,2,53,0,0,0,0,0,4,35,12,2,53,66,14,80,133
08/13/2009,AEX,LA,ASW,CE,Federal Contract Tower,8,29,14,10,61,0,0,0,0,0,8,29,14,10,61,38,23,61,122
08/14/2009,AEX,LA,ASW,CE,Federal Contract Tower,7,30,13,7,57,0,0,0,0,0,7,30,13,7,57,46,6,52,109
08/15/2009,AEX,LA,ASW,CE,Federal Contract Tower,1,22,1,3,27,0,0,0,0,0,1,22,1,3,27,65,10,75,102
08/16/2009,AEX,LA,ASW,CE,Federal Contract Tower,0,27,15,22,64,0,0,0,0,0,0,27,15,22,64,45,20,65,129
08/17/2009,AEX,LA,ASW,CE,Federal Contract Tower,4,29,8,9,50,0,0,0,0,0,4,29,8,9,50,5,40,45,95
08/18/2009,AEX,LA,ASW,CE,Federal Contract Tower,6,28,18,18,70,0,0,0,0,0,6,28,18,18,70,6,18,24,94
08/19/2009,AEX,LA,ASW,CE,Federal Contract Tower,20,32,24,20,96,0,0,0,0,0,20,32,24,20,96,43,49,92,188
08/20/2009,AEX,LA,ASW,CE,Federal Contract Tower,7,30,12,12,61,0,0,0,0,0,7,30,12,12,61,10,23,33,94
08/21/2009,AEX,LA,ASW,CE,Federal Contract Tower,3,34,14,13,64,0,0,0,0,0,3,34,14,13,64,20,25,45,109
08/22/2009,AEX,LA,ASW,CE,Federal Contract Tower,3,21,8,4,36,0,0,0,0,0,3,21,8,4,36,55,15,70,106
08/23/2009,AEX,LA,ASW,CE,Federal Contract Tower,1,28,7,2,38,0,0,0,0,0,1,28,7,2,38,66,4,70,108
08/24/2009,AEX,LA,ASW,CE,Federal Contract Tower,7,30,9,9,55,0,0,0,0,0,7,30,9,9,55,54,12,66,121
08/25/2009,AEX,LA,ASW,CE,Federal Contract Tower,25,18,31,27,101,0,0,0,0,0,25,18,31,27,101,12,14,26,127
08/26/2009,AEX,LA,ASW,CE,Federal Contract Tower,6,29,20,6,61,0,0,0,0,0,6,29,20,6,61,28,8,36,97
08/27/2009,AEX,LA,ASW,CE,Federal Contract Tower,21,31,8,6,66,0,0,0,0,0,21,31,8,6,66,40,7,47,113
08/28/2009,AEX,LA,ASW,CE,Federal Contract Tower,25,29,14,17,85,0,0,0,0,0,25,29,14,17,85,20,13,33,118
08/29/2009,AEX,LA,ASW,CE,Federal Contract Tower,14,20,7,4,45,0,0,0,0,0,14,20,7,4,45,40,0,40,85
08/30/2009,AEX,LA,ASW,CE,Federal Contract Tower,0,28,12,1,41,0,0,0,0,0,0,28,12,1,41,18,2,20,61
08/31/2009,AEX,LA,ASW,CE,Federal Contract Tower,6,30,2,10,48,0,0,0,0,0,6,30,2,10,48,76,12,88,136
09/01/2009,AEX,LA,ASW,CE,Federal Contract Tower,9,26,6,14,55,0,0,0,0,0,9,26,6,14,55,34,44,78,133
09/02/2009,AEX,LA,ASW,CE,Federal Contract Tower,8,25,15,9,57,0,0,0,0,0,8,25,15,9,57,40,45,85,142
09/03/2009,AEX,LA,ASW,CE,Federal Contract Tower,9,31,17,15,72,0,0,0,0,0,9,31,17,15,72,31,9,40,112
09/04/2009,AEX,LA,ASW,CE,Federal Contract Tower,6,32,9,8,55,0,0,0,0,0,6,32,9,8,55,20,1,21,76
09/05/2009,AEX,LA,ASW,CE,Federal Contract Tower,4,20,6,2,32,0,0,0,0,0,4,20,6,2,32,32,2,34,66
09/06/2009,AEX,LA,ASW,CE,Federal Contract Tower,0,24,5,2,31,0,0,0,0,0,0,24,5,2,31,3,0,3,34
09/07/2009,AEX,LA,ASW,CE,Federal Contract Tower,0,29,9,2,40,0,0,0,0,0,0,29,9,2,40,91,0,91,131
09/08/2009,AEX,LA,ASW,CE,Federal Contract Tower,4,30,8,7,49,0,0,0,0,0,4,30,8,7,49,20,15,35,84
09/09/2009,AEX,LA,ASW,CE,Federal Contract Tower,2,30,17,9,58,0,0,0,0,0,2,30,17,9,58,25,50,75,133
09/10/2009,AEX,LA,ASW,CE,Federal Contract Tower,8,37,5,11,61,0,0,0,0,0,8,37,5,11,61,64,17,81,142
09/11/2009,AEX,LA,ASW,CE,Federal Contract Tower,5,37,8,7,57,0,0,0,0,0,5,37,8,7,57,5,0,5,62
09/12/2009,AEX,LA,ASW,CE,Federal Contract Tower,3,20,11,6,40,0,0,0,0,0,3,20,11,6,40,5,4,9,49
09/13/2009,AEX,LA,ASW,CE,Federal Contract Tower,6,30,8,3,47,0,0,0,0,0,6,30,8,3,47,6,4,10,57
09/14/2009,AEX,LA,ASW,CE,Federal Contract Tower,6,30,8,3,47,0,0,0,0,0,6,30,8,3,47,20,2,22,69
09/15/2009,AEX,LA,ASW,CE,Federal Contract Tower,9,26,9,3,47,0,0,0,0,0,9,26,9,3,47,38,0,38,85
09/16/2009,AEX,LA,ASW,CE,Federal Contract Tower,8,28,12,3,51,0,0,0,0,0,8,28,12,3,51,45,8,53,104
09/17/2009,AEX,LA,ASW,CE,Federal Contract Tower,7,29,11,24,71,0,0,0,0,0,7,29,11,24,71,26,26,52,123
09/18/2009,AEX,LA,ASW,CE,Federal Contract Tower,6,30,14,35,85,0,0,0,0,0,6,30,14,35,85,74,49,123,208
09/19/2009,AEX,LA,ASW,CE,Federal Contract Tower,2,20,10,0,32,0,0,0,0,0,2,20,10,0,32,24,0,24,56
09/20/2009,AEX,LA,ASW,CE,Federal Contract Tower,3,27,11,14,55,0,0,0,0,0,3,27,11,14,55,0,0,0,55
09/21/2009,AEX,LA,ASW,CE,Federal Contract Tower,10,27,3,9,49,0,0,0,0,0,10,27,3,9,49,25,12,37,86
09/22/2009,AEX,LA,ASW,CE,Federal Contract Tower,6,31,9,15,61,0,0,0,0,0,6,31,9,15,61,9,1,10,71
09/23/2009,AEX,LA,ASW,CE,Federal Contract Tower,3,26,11,20,60,0,0,0,0,0,3,26,11,20,60,26,25,51,111
09/24/2009,AEX,LA,ASW,CE,Federal Contract Tower,7,29,16,17,69,0,0,0,0,0,7,29,16,17,69,2,2,4,73
09/25/2009,AEX,LA,ASW,CE,Federal Contract Tower,4,30,17,30,81,0,0,0,0,0,4,30,17,30,81,11,15,26,107
09/26/2009,AEX,LA,ASW,CE,Federal Contract Tower,1,21,11,0,33,0,0,0,0,0,1,21,11,0,33,16,1,17,50
09/27/2009,AEX,LA,ASW,CE,Federal Contract Tower,3,27,9,13,52,0,0,0,0,0,3,27,9,13,52,32,7,39,91
09/28/2009,AEX,LA,ASW,CE,Federal Contract Tower,6,36,14,9,65,0,0,0,0,0,6,36,14,9,65,46,22,68,133
09/29/2009,AEX,LA,ASW,CE,Federal Contract Tower,4,30,12,8,54,0,0,0,0,0,4,30,12,8,54,49,4,53,107
09/30/2009,AEX,LA,ASW,CE,Federal Contract Tower,10,26,14,9,59,0,0,0,0,0,10,26,14,9,59,90,11,101,160
10/01/2009,AEX,LA,ASW,CE,Federal Contract Tower,10,28,22,23,83,0,0,0,0,0,10,28,22,23,83,0,0,0,83
10/02/2009,AEX,LA,ASW,CE,Federal Contract Tower,8,31,12,5,56,0,0,0,0,0,8,31,12,5,56,20,21,41,97
10/03/2009,AEX,LA,ASW,CE,Federal Contract Tower,0,27,7,4,38,0,0,0,0,0,0,27,7,4,38,42,11,53,91
10/04/2009,AEX,LA,ASW,CE,Federal Contract Tower,0,29,7,0,36,0,0,0,0,0,0,29,7,0,36,1,0,1,37
10/05/2009,AEX,LA,ASW,CE,Federal Contract Tower,8,24,7,9,48,0,0,0,0,0,8,24,7,9,48,23,1,24,72
10/06/2009,AEX,LA,ASW,CE,Federal Contract Tower,6,26,14,3,49,0,0,0,0,0,6,26,14,3,49,16,18,34,83
10/07/2009,AEX,LA,ASW,CE,Federal Contract Tower,4,29,34,8,75,0,0,0,0,0,4,29,34,8,75,21,25,46,121
10/08/2009,AEX,LA,ASW,CE,Federal Contract Tower,8,34,13,2,57,0,0,0,0,0,8,34,13,2,57,14,40,54,111
10/09/2009,AEX,LA,ASW,CE,Federal Contract Tower,6,27,14,2,49,0,0,0,0,0,6,27,14,2,49,6,5,11,60
10/10/2009,AEX,LA,ASW,CE,Federal Contract Tower,0,23,9,0,32,0,0,0,0,0,0,23,9,0,32,0,0,0,32
10/11/2009,AEX,LA,ASW,CE,Federal Contract Tower,0,26,3,2,31,0,0,0,0,0,0,26,3,2,31,13,0,13,44
10/12/2009,AEX,LA,ASW,CE,Federal Contract Tower,2,16,1,0,19,0,0,0,0,0,2,16,1,0,19,4,0,4,23
10/13/2009,AEX,LA,ASW,CE,Federal Contract Tower,7,26,3,1,37,0,0,0,0,0,7,26,3,1,37,21,1,22,59
10/14/2009,AEX,LA,ASW,CE,Federal Contract Tower,8,25,10,4,47,0,0,0,0,0,8,25,10,4,47,25,9,34,81
10/15/2009,AEX,LA,ASW,CE,Federal Contract Tower,6,29,5,23,63,0,0,0,0,0,6,29,5,23,63,47,4,51,114
10/16/2009,AEX,LA,ASW,CE,Federal Contract Tower,7,33,18,40,98,0,0,0,0,0,7,33,18,40,98,50,25,75,173
10/17/2009,AEX,LA,ASW,CE,Federal Contract Tower,2,20,10,7,39,0,0,0,0,0,2,20,10,7,39,68,39,107,146
10/18/2009,AEX,LA,ASW,CE,Federal Contract Tower,2,29,3,17,51,0,0,0,0,0,2,29,3,17,51,59,13,72,123
10/19/2009,AEX,LA,ASW,CE,Federal Contract Tower,6,30,13,26,75,0,0,0,0,0,6,30,13,26,75,26,1,27,102
10/20/2009,AEX,LA,ASW,CE,Federal Contract Tower,8,34,13,8,63,0,0,0,0,0,8,34,13,8,63,18,39,57,120
10/21/2009,AEX,LA,ASW,CE,Federal Contract Tower,10,25,16,7,58,0,0,0,0,0,10,25,16,7,58,22,30,52,110
10/22/2009,AEX,LA,ASW,CE,Federal Contract Tower,8,26,12,4,50,0,0,0,0,0,8,26,12,4,50,3,4,7,57
10/23/2009,AEX,LA,ASW,CE,Federal Contract Tower,5,30,17,27,79,0,0,0,0,0,5,30,17,27,79,24,8,32,111
10/24/2009,AEX,LA,ASW,CE,Federal Contract Tower,1,20,1,3,25,0,0,0,0,0,1,20,1,3,25,20,6,26,51
10/25/2009,AEX,LA,ASW,CE,Federal Contract Tower,0,26,5,14,45,0,0,0,0,0,0,26,5,14,45,20,6,26,71
10/26/2009,AEX,LA,ASW,CE,Federal Contract Tower,11,26,11,1,49,0,0,0,0,0,11,26,11,1,49,12,0,12,61
10/27/2009,AEX,LA,ASW,CE,Federal Contract Tower,7,22,10,10,49,0,0,0,0,0,7,22,10,10,49,12,38,50,99
10/28/2009,AEX,LA,ASW,CE,Federal Contract Tower,27,6,16,11,60,0,0,0,0,0,27,6,16,11,60,56,5,61,121
10/29/2009,AEX,LA,ASW,CE,Federal Contract Tower,6,23,9,5,43,0,0,0,0,0,6,23,9,5,43,1,0,1,44
10/30/2009,AEX,LA,ASW,CE,Federal Contract Tower,6,26,11,0,43,0,0,0,0,0,6,26,11,0,43,0,0,0,43
10/31/2009,AEX,LA,ASW,CE,Federal Contract Tower,10,25,5,0,40,0,0,0,0,0,10,25,5,0,40,63,0,63,103
11/01/2009,AEX,LA,ASW,CE,Federal Contract Tower,0,31,9,0,40,0,0,0,0,0,0,31,9,0,40,92,0,92,132
11/02/2009,AEX,LA,ASW,CE,Federal Contract Tower,12,31,11,6,60,0,0,0,0,0,12,31,11,6,60,73,7,80,140
11/03/2009,AEX,LA,ASW,CE,Federal Contract Tower,6,27,15,4,52,0,0,0,0,0,6,27,15,4,52,44,3,47,99
11/04/2009,AEX,LA,ASW,CE,Federal Contract Tower,4,32,11,10,57,0,0,0,0,0,4,32,11,10,57,98,10,108,165
11/05/2009,AEX,LA,ASW,CE,Federal Contract Tower,11,29,17,8,65,0,0,0,0,0,11,29,17,8,65,38,8,46,111
11/06/2009,AEX,LA,ASW,CE,Federal Contract Tower,7,32,7,6,52,0,0,0,0,0,7,32,7,6,52,51,46,97,149
11/07/2009,AEX,LA,ASW,CE,Federal Contract Tower,2,20,11,1,34,0,0,0,0,0,2,20,11,1,34,30,28,58,92
11/08/2009,AEX,LA,ASW,CE,Federal Contract Tower,4,27,9,5,45,0,0,0,0,0,4,27,9,5,45,40,33,73,118
11/09/2009,AEX,LA,ASW,CE,Federal Contract Tower,5,30,3,6,44,0,0,0,0,0,5,30,3,6,44,64,22,86,130
11/10/2009,AEX,LA,ASW,CE,Federal Contract Tower,6,25,9,1,41,0,0,0,0,0,6,25,9,1,41,28,4,32,73
11/11/2009,AEX,LA,ASW,CE,Federal Contract Tower,2,26,11,4,43,0,0,0,0,0,2,26,11,4,43,47,15,62,105
11/12/2009,AEX,LA,ASW,CE,Federal Contract Tower,9,26,8,13,56,0,0,0,0,0,9,26,8,13,56,25,26,51,107
11/13/2009,AEX,LA,ASW,CE,Federal Contract Tower,8,30,11,8,57,0,0,0,0,0,8,30,11,8,57,14,23,37,94
11/14/2009,AEX,LA,ASW,CE,Federal Contract Tower,0,20,7,7,34,0,0,0,0,0,0,20,7,7,34,64,17,81,115
11/15/2009,AEX,LA,ASW,CE,Federal Contract Tower,0,28,9,0,37,0,0,0,0,0,0,28,9,0,37,44,0,44,81
11/16/2009,AEX,LA,ASW,CE,Federal Contract Tower,8,31,14,7,60,0,0,0,0,0,8,31,14,7,60,24,20,44,104
11/17/2009,AEX,LA,ASW,CE,Federal Contract Tower,6,26,13,30,75,0,0,0,0,0,6,26,13,30,75,22,23,45,120
11/18/2009,AEX,LA,ASW,CE,Federal Contract Tower,7,26,5,23,61,0,0,0,0,0,7,26,5,23,61,38,8,46,107
11/19/2009,AEX,LA,ASW,CE,Federal Contract Tower,18,33,15,10,76,0,0,0,0,0,18,33,15,10,76,34,7,41,117
11/20/2009,AEX,LA,ASW,CE,Federal Contract Tower,12,30,18,12,72,0,0,0,0,0,12,30,18,12,72,45,4,49,121
11/21/2009,AEX,LA,ASW,CE,Federal Contract Tower,0,21,4,0,25,0,0,0,0,0,0,21,4,0,25,13,0,13,38
11/22/2009,AEX,LA,ASW,CE,Federal Contract Tower,0,23,17,0,40,0,0,0,0,0,0,23,17,0,40,8,0,8,48
11/23/2009,AEX,LA,ASW,CE,Federal Contract Tower,11,23,10,2,46,0,0,0,0,0,11,23,10,2,46,4,10,14,60
11/24/2009,AEX,LA,ASW,CE,Federal Contract Tower,7,28,5,3,43,0,0,0,0,0,7,28,5,3,43,8,40,48,91
11/25/2009,AEX,LA,ASW,CE,Federal Contract Tower,6,30,13,14,63,0,0,0,0,0,6,30,13,14,63,44,9,53,116
11/26/2009,AEX,LA,ASW,CE,Federal Contract Tower,0,14,7,0,21,0,0,0,0,0,0,14,7,0,21,0,0,0,21
11/27/2009,AEX,LA,ASW,CE,Federal Contract Tower,4,19,6,0,29,0,0,0,0,0,4,19,6,0,29,38,0,38,67
11/28/2009,AEX,LA,ASW,CE,Federal Contract Tower,0,32,11,0,43,0,0,0,0,0,0,32,11,0,43,19,0,19,62
11/29/2009,AEX,LA,ASW,CE,Federal Contract Tower,0,32,10,0,42,0,0,0,0,0,0,32,10,0,42,33,0,33,75
11/30/2009,AEX,LA,ASW,CE,Federal Contract Tower,0,25,10,12,47,0,0,0,0,0,0,25,10,12,47,3,5,8,55
12/01/2009,AEX,LA,ASW,CE,Federal Contract Tower,4,30,22,10,66,0,0,0,0,0,4,30,22,10,66,12,20,32,98
12/02/2009,AEX,LA,ASW,CE,Federal Contract Tower,4,27,13,18,62,0,0,0,0,0,4,27,13,18,62,19,14,33,95
12/03/2009,AEX,LA,ASW,CE,Federal Contract Tower,7,35,8,10,60,0,0,0,0,0,7,35,8,10,60,14,12,26,86
12/04/2009,AEX,LA,ASW,CE,Federal Contract Tower,9,19,14,3,45,0,0,0,0,0,9,19,14,3,45,21,2,23,68
12/05/2009,AEX,LA,ASW,CE,Federal Contract Tower,4,19,6,3,32,0,0,0,0,0,4,19,6,3,32,14,2,16,48
12/06/2009,AEX,LA,ASW,CE,Federal Contract Tower,0,27,4,0,31,0,0,0,0,0,0,27,4,0,31,17,1,18,49
12/07/2009,AEX,LA,ASW,CE,Federal Contract Tower,7,28,5,9,49,0,0,0,0,0,7,28,5,9,49,0,0,0,49
12/08/2009,AEX,LA,ASW,CE,Federal Contract Tower,5,19,4,10,38,0,0,0,0,0,5,19,4,10,38,0,0,0,38
12/09/2009,AEX,LA,ASW,CE,Federal Contract Tower,4,30,17,20,71,0,0,0,0,0,4,30,17,20,71,75,10,85,156
12/10/2009,AEX,LA,ASW,CE,Federal Contract Tower,8,33,16,6,63,0,0,0,0,0,8,33,16,6,63,57,13,70,133
12/11/2009,AEX,LA,ASW,CE,Federal Contract Tower,7,30,3,21,61,0,0,0,0,0,7,30,3,21,61,13,12,25,86
12/12/2009,AEX,LA,ASW,CE,Federal Contract Tower,0,19,9,0,28,0,0,0,0,0,0,19,9,0,28,0,0,0,28
12/13/2009,AEX,LA,ASW,CE,Federal Contract Tower,0,15,7,0,22,0,0,0,0,0,0,15,7,0,22,3,0,3,25
12/14/2009,AEX,LA,ASW,CE,Federal Contract Tower,7,23,4,1,35,0,0,0,0,0,7,23,4,1,35,2,0,2,37
12/15/2009,AEX,LA,ASW,CE,Federal Contract Tower,4,28,6,6,44,0,0,0,0,0,4,28,6,6,44,0,17,17,61
12/16/2009,AEX,LA,ASW,CE,Federal Contract Tower,7,28,11,13,59,0,0,0,0,0,7,28,11,13,59,10,81,91,150
12/17/2009,AEX,LA,ASW,CE,Federal Contract Tower,10,28,7,2,47,0,0,0,0,0,10,28,7,2,47,19,0,19,66
12/18/2009,AEX,LA,ASW,CE,Federal Contract Tower,7,29,15,14,65,0,0,0,0,0,7,29,15,14,65,33,2,35,100
12/19/2009,AEX,LA,ASW,CE,Federal Contract Tower,1,27,3,0,31,0,0,0,0,0,1,27,3,0,31,31,1,32,63
12/20/2009,AEX,LA,ASW,CE,Federal Contract Tower,2,30,16,3,51,0,0,0,0,0,2,30,16,3,51,46,1,47,98
12/21/2009,AEX,LA,ASW,CE,Federal Contract Tower,5,31,3,4,43,0,0,0,0,0,5,31,3,4,43,45,0,45,88
12/22/2009,AEX,LA,ASW,CE,Federal Contract Tower,8,31,10,4,53,0,0,0,0,0,8,31,10,4,53,17,0,17,70
12/23/2009,AEX,LA,ASW,CE,Federal Contract Tower,8,28,7,0,43,0,0,0,0,0,8,28,7,0,43,27,5,32,75
12/24/2009,AEX,LA,ASW,CE,Federal Contract Tower,4,14,3,0,21,0,0,0,0,0,4,14,3,0,21,0,2,2,23
12/25/2009,AEX,LA,ASW,CE,Federal Contract Tower,0,16,3,0,19,0,0,0,0,0,0,16,3,0,19,31,0,31,50
12/26/2009,AEX,LA,ASW,CE,Federal Contract Tower,0,26,3,0,29,0,0,0,0,0,0,26,3,0,29,17,0,17,46
12/27/2009,AEX,LA,ASW,CE,Federal Contract Tower,0,26,5,0,31,0,0,0,0,0,0,26,5,0,31,5,0,5,36
12/28/2009,AEX,LA,ASW,CE,Federal Contract Tower,8,28,6,0,42,0,0,0,0,0,8,28,6,0,42,10,2,12,54
12/29/2009,AEX,LA,ASW,CE,Federal Contract Tower,6,26,7,8,47,0,0,0,0,0,6,26,7,8,47,26,0,26,73
12/30/2009,AEX,LA,ASW,CE,Federal Contract Tower,3,22,12,0,37,0,0,0,0,0,3,22,12,0,37,3,0,3,40
12/31/2009,AEX,LA,ASW,CE,Federal Contract Tower,2,25,12,0,39,0,0,0,0,0,2,25,12,0,39,0,0,0,39
01/01/2010,AEX,LA,ASW,CE,Federal Contract Tower,0,23,2,0,25,0,0,0,0,0,0,23,2,0,25,36,0,36,61
01/02/2010,AEX,LA,ASW,CE,Federal Contract Tower,0,24,1,1,26,0,0,0,0,0,0,24,1,1,26,15,2,17,43
01/03/2010,AEX,LA,ASW,CE,Federal Contract Tower,0,26,7,3,36,0,0,0,0,0,0,26,7,3,36,0,35,35,71
01/04/2010,AEX,LA,ASW,CE,Federal Contract Tower,5,30,13,3,51,0,0,0,0,0,5,30,13,3,51,2,20,22,73
01/05/2010,AEX,LA,ASW,CE,Federal Contract Tower,4,25,12,5,46,0,0,0,0,0,4,25,12,5,46,26,2,28,74
01/06/2010,AEX,LA,ASW,CE,Federal Contract Tower,6,26,18,1,51,0,0,0,0,0,6,26,18,1,51,52,14,66,117
01/07/2010,AEX,LA,ASW,CE,Federal Contract Tower,6,24,7,4,41,0,0,0,0,0,6,24,7,4,41,38,0,38,79
01/08/2010,AEX,LA,ASW,CE,Federal Contract Tower,8,29,11,15,63,0,0,0,0,0,8,29,11,15,63,62,12,74,137
01/09/2010,AEX,LA,ASW,CE,Federal Contract Tower,0,22,14,4,40,0,0,0,0,0,0,22,14,4,40,28,9,37,77
01/10/2010,AEX,LA,ASW,CE,Federal Contract Tower,0,29,6,14,49,0,0,0,0,0,0,29,6,14,49,46,2,48,97
01/11/2010,AEX,LA,ASW,CE,Federal Contract Tower,4,25,9,4,42,0,0,0,0,0,4,25,9,4,42,49,1,50,92
01/12/2010,AEX,LA,ASW,CE,Federal Contract Tower,4,25,8,6,43,0,0,0,0,0,4,25,8,6,43,30,34,64,107
01/13/2010,AEX,LA,ASW,CE,Federal Contract Tower,6,28,20,6,60,0,0,0,0,0,6,28,20,6,60,132,5,137,197
01/14/2010,AEX,LA,ASW,CE,Federal Contract Tower,12,31,8,8,59,0,0,0,0,0,12,31,8,8,59,81,18,99,158
01/15/2010,AEX,LA,ASW,CE,Federal Contract Tower,6,30,9,9,54,0,0,0,0,0,6,30,9,9,54,36,30,66,120
01/16/2010,AEX,LA,ASW,CE,Federal Contract Tower,1,25,5,0,31,0,0,0,0,0,1,25,5,0,31,0,0,0,31
01/17/2010,AEX,LA,ASW,CE,Federal Contract Tower,0,25,8,0,33,0,0,0,0,0,0,25,8,0,33,47,0,47,80
01/18/2010,AEX,LA,ASW,CE,Federal Contract Tower,1,32,8,4,45,0,0,0,0,0,1,32,8,4,45,10,2,12,57
01/19/2010,AEX,LA,ASW,CE,Federal Contract Tower,4,26,6,22,58,0,0,0,0,0,4,26,6,22,58,25,1,26,84
01/20/2010,AEX,LA,ASW,CE,Federal Contract Tower,4,27,8,0,39,0,0,0,0,0,4,27,8,0,39,5,0,5,44
01/21/2010,AEX,LA,ASW,CE,Federal Contract Tower,9,37,11,17,74,0,0,0,0,0,9,37,11,17,74,51,19,70,144
01/22/2010,AEX,LA,ASW,CE,Federal Contract Tower,8,30,15,20,73,0,0,0,0,0,8,30,15,20,73,17,24,41,114
01/23/2010,AEX,LA,ASW,CE,Federal Contract Tower,0,22,8,10,40,0,0,0,0,0,0,22,8,10,40,0,0,0,40
01/24/2010,AEX,LA,ASW,CE,Federal Contract Tower,0,25,13,7,45,0,0,0,0,0,0,25,13,7,45,40,6,46,91
01/25/2010,AEX,LA,ASW,CE,Federal Contract Tower,9,30,14,21,74,0,0,0,0,0,9,30,14,21,74,24,8,32,106
01/26/2010,AEX,LA,ASW,CE,Federal Contract Tower,5,25,7,6,43,0,0,0,0,0,5,25,7,6,43,49,5,54,97
01/27/2010,AEX,LA,ASW,CE,Federal Contract Tower,9,25,20,2,56,0,0,0,0,0,9,25,20,2,56,40,8,48,104
01/28/2010,AEX,LA,ASW,CE,Federal Contract Tower,8,26,10,17,61,0,0,0,0,0,8,26,10,17,61,47,34,81,142
01/29/2010,AEX,LA,ASW,CE,Federal Contract Tower,6,28,3,3,40,0,0,0,0,0,6,28,3,3,40,0,0,0,40
01/30/2010,AEX,LA,ASW,CE,Federal Contract Tower,1,20,13,0,34,0,0,0,0,0,1,20,13,0,34,33,0,33,67
01/31/2010,AEX,LA,ASW,CE,Federal Contract Tower,0,28,4,9,41,0,0,0,0,0,0,28,4,9,41,50,14,64,105
02/01/2010,AEX,LA,ASW,CE,Federal Contract Tower,7,31,2,4,44,0,0,0,0,0,7,31,2,4,44,6,0,6,50
02/02/2010,AEX,LA,ASW,CE,Federal Contract Tower,8,25,5,7,45,0,0,0,0,0,8,25,5,7,45,59,10,69,114
02/03/2010,AEX,LA,ASW,CE,Federal Contract Tower,9,28,12,12,61,0,0,0,0,0,9,28,12,12,61,13,5,18,79
02/04/2010,AEX,LA,ASW,CE,Federal Contract Tower,8,30,9,11,58,0,0,0,0,0,8,30,9,11,58,2,10,12,70
02/05/2010,AEX,LA,ASW,CE,Federal Contract Tower,10,31,13,51,105,0,0,0,0,0,10,31,13,51,105,26,27,53,158
02/06/2010,AEX,LA,ASW,CE,Federal Contract Tower,5,23,10,15,53,0,0,0,0,0,5,23,10,15,53,47,30,77,130
02/07/2010,AEX,LA,ASW,CE,Federal Contract Tower,3,28,7,56,94,0,0,0,0,0,3,28,7,56,94,26,29,55,149
02/08/2010,AEX,LA,ASW,CE,Federal Contract Tower,15,26,14,7,62,0,0,0,0,0,15,26,14,7,62,14,8,22,84
02/09/2010,AEX,LA,ASW,CE,Federal Contract Tower,2,26,8,14,50,0,0,0,0,0,2,26,8,14,50,15,7,22,72
02/10/2010,AEX,LA,ASW,CE,Federal Contract Tower,17,24,12,15,68,0,0,0,0,0,17,24,12,15,68,63,4,67,135
02/11/2010,AEX,LA,ASW,CE,Federal Contract Tower,8,18,7,2,35,0,0,0,0,0,8,18,7,2,35,0,0,0,35
02/12/2010,AEX,LA,ASW,CE,Federal Contract Tower,2,16,5,8,31,0,0,0,0,0,2,16,5,8,31,22,10,32,63
02/13/2010,AEX,LA,ASW,CE,Federal Contract Tower,1,16,12,1,30,0,0,0,0,0,1,16,12,1,30,5,0,5,35
02/14/2010,AEX,LA,ASW,CE,Federal Contract Tower,1,27,13,2,43,0,0,0,0,0,1,27,13,2,43,23,0,23,66
02/15/2010,AEX,LA,ASW,CE,Federal Contract Tower,2,23,9,5,39,0,0,0,0,0,2,23,9,5,39,48,7,55,94
02/16/2010,AEX,LA,ASW,CE,Federal Contract Tower,8,6,3,30,47,0,0,0,0,0,8,6,3,30,47,71,39,110,157
02/17/2010,AEX,LA,ASW,CE,Federal Contract Tower,8,24,9,11,52,0,0,0,0,0,8,24,9,11,52,30,14,44,96
02/18/2010,AEX,LA,ASW,CE,Federal Contract Tower,6,25,10,22,63,0,0,0,0,0,6,25,10,22,63,31,40,71,134
02/19/2010,AEX,LA,ASW,CE,Federal Contract Tower,9,27,11,9,56,0,0,0,0,0,9,27,11,9,56,47,4,51,107
02/20/2010,AEX,LA,ASW,CE,Federal Contract Tower,1,19,15,12,47,0,0,0,0,0,1,19,15,12,47,50,10,60,107
02/21/2010,AEX,LA,ASW,CE,Federal Contract Tower,0,21,12,10,43,0,0,0,0,0,0,21,12,10,43,26,0,26,69
02/22/2010,AEX,LA,ASW,CE,Federal Contract Tower,6,26,8,14,54,0,0,0,0,0,6,26,8,14,54,13,0,13,67
02/23/2010,AEX,LA,ASW,CE,Federal Contract Tower,7,22,12,9,50,0,0,0,0,0,7,22,12,9,50,12,9,21,71
02/24/2010,AEX,LA,ASW,CE,Federal Contract Tower,4,23,13,18,58,0,0,0,0,0,4,23,13,18,58,26,44,70,128
02/25/2010,AEX,LA,ASW,CE,Federal Contract Tower,8,29,4,7,48,0,0,0,0,0,8,29,4,7,48,60,0,60,108
02/26/2010,AEX,LA,ASW,CE,Federal Contract Tower,6,27,12,17,62,0,0,0,0,0,6,27,12,17,62,7,0,7,69
02/27/2010,AEX,LA,ASW,CE,Federal Contract Tower,2,23,6,7,38,0,0,0,0,0,2,23,6,7,38,23,0,23,61
02/28/2010,AEX,LA,ASW,CE,Federal Contract Tower,0,24,6,0,30,0,0,0,0,0,0,24,6,0,30,62,0,62,92
03/01/2010,AEX,LA,ASW,CE,Federal Contract Tower,8,28,2,2,40,0,0,0,0,0,8,28,2,2,40,0,0,0,40
03/02/2010,AEX,LA,ASW,CE,Federal Contract Tower,8,23,9,22,62,0,0,0,0,0,8,23,9,22,62,21,19,40,102
03/03/2010,AEX,LA,ASW,CE,Federal Contract Tower,4,25,12,21,62,0,0,0,0,0,4,25,12,21,62,24,15,39,101
03/04/2010,AEX,LA,ASW,CE,Federal Contract Tower,10,25,27,22,84,0,0,0,0,0,10,25,27,22,84,25,17,42,126
03/05/2010,AEX,LA,ASW,CE,Federal Contract Tower,7,29,16,7,59,0,0,0,0,0,7,29,16,7,59,43,4,47,106
03/06/2010,AEX,LA,ASW,CE,Federal Contract Tower,5,20,3,10,38,0,0,0,0,0,5,20,3,10,38,47,2,49,87
03/07/2010,AEX,LA,ASW,CE,Federal Contract Tower,2,22,7,7,38,0,0,0,0,0,2,22,7,7,38,32,7,39,77
03/08/2010,AEX,LA,ASW,CE,Federal Contract Tower,14,24,2,27,67,0,0,0,0,0,14,24,2,27,67,23,10,33,100
03/09/2010,AEX,LA,ASW,CE,Federal Contract Tower,9,24,6,4,43,0,0,0,0,0,9,24,6,4,43,0,0,0,43
03/10/2010,AEX,LA,ASW,CE,Federal Contract Tower,11,26,11,3,51,0,0,0,0,0,11,26,11,3,51,51,27,78,129
03/11/2010,AEX,LA,ASW,CE,Federal Contract Tower,9,27,7,21,64,0,0,0,0,0,9,27,7,21,64,39,18,57,121
03/12/2010,AEX,LA,ASW,CE,Federal Contract Tower,5,20,11,19,55,0,0,0,0,0,5,20,11,19,55,42,9,51,106
03/13/2010,AEX,LA,ASW,CE,Federal Contract Tower,1,21,11,6,39,0,0,0,0,0,1,21,11,6,39,66,25,91,130
03/14/2010,AEX,LA,ASW,CE,Federal Contract Tower,0,19,15,3,37,0,0,0,0,0,0,19,15,3,37,83,0,83,120
03/15/2010,AEX,LA,ASW,CE,Federal Contract Tower,6,27,12,5,50,0,0,0,0,0,6,27,12,5,50,73,4,77,127
03/16/2010,AEX,LA,ASW,CE,Federal Contract Tower,4,24,12,2,42,0,0,0,0,0,4,24,12,2,42,54,2,56,98
03/17/2010,AEX,LA,ASW,CE,Federal Contract Tower,10,24,21,17,72,0,0,0,0,0,10,24,21,17,72,12,8,20,92
03/18/2010,AEX,LA,ASW,CE,Federal Contract Tower,6,27,11,16,60,0,0,0,0,0,6,27,11,16,60,56,29,85,145
03/19/2010,AEX,LA,ASW,CE,Federal Contract Tower,8,24,15,27,74,0,0,0,0,0,8,24,15,27,74,46,10,56,130
03/20/2010,AEX,LA,ASW,CE,Federal Contract Tower,0,24,3,0,27,0,0,0,0,0,0,24,3,0,27,26,2,28,55
03/21/2010,AEX,LA,ASW,CE,Federal Contract Tower,0,25,9,2,36,0,0,0,0,0,0,25,9,2,36,6,3,9,45
03/22/2010,AEX,LA,ASW,CE,Federal Contract Tower,6,27,9,4,46,0,0,0,0,0,6,27,9,4,46,39,7,46,92
03/23/2010,AEX,LA,ASW,CE,Federal Contract Tower,6,25,21,30,82,0,0,0,0,0,6,25,21,30,82,58,53,111,193
03/24/2010,AEX,LA,ASW,CE,Federal Contract Tower,6,23,12,8,49,0,0,0,0,0,6,23,12,8,49,1,5,6,55
03/25/2010,AEX,LA,ASW,CE,Federal Contract Tower,8,27,14,29,78,0,0,0,0,0,8,27,14,29,78,8,16,24,102
03/26/2010,AEX,LA,ASW,CE,Federal Contract Tower,5,30,14,36,85,0,0,0,0,0,5,30,14,36,85,47,15,62,147
03/27/2010,AEX,LA,ASW,CE,Federal Contract Tower,3,20,12,31,66,0,0,0,0,0,3,20,12,31,66,7,16,23,89
03/28/2010,AEX,LA,ASW,CE,Federal Contract Tower,0,23,12,14,49,0,0,0,0,0,0,23,12,14,49,12,11,23,72
03/29/2010,AEX,LA,ASW,CE,Federal Contract Tower,6,28,7,11,52,0,0,0,0,0,6,28,7,11,52,79,4,83,135
03/30/2010,AEX,LA,ASW,CE,Federal Contract Tower,7,25,8,42,82,0,0,0,0,0,7,25,8,42,82,63,15,78,160
03/31/2010,AEX,LA,ASW,CE,Federal Contract Tower,4,22,15,23,64,0,0,0,0,0,4,22,15,23,64,10,25,35,99
04/01/2010,AEX,LA,ASW,CE,Federal Contract Tower,3,26,10,16,55,0,0,0,0,0,3,26,10,16,55,17,18,35,90
04/02/2010,AEX,LA,ASW,CE,Federal Contract Tower,8,31,2,11,52,0,0,0,0,0,8,31,2,11,52,29,7,36,88
04/03/2010,AEX,LA,ASW,CE,Federal Contract Tower,0,20,2,9,31,0,0,0,0,0,0,20,2,9,31,21,0,21,52
04/04/2010,AEX,LA,ASW,CE,Federal Contract Tower,3,24,7,0,34,0,0,0,0,0,3,24,7,0,34,9,0,9,43
04/05/2010,AEX,LA,ASW,CE,Federal Contract Tower,26,25,9,16,76,0,0,0,0,0,26,25,9,16,76,12,35,47,123
04/06/2010,AEX,LA,ASW,CE,Federal Contract Tower,26,23,10,16,75,0,0,0,0,0,26,23,10,16,75,26,9,35,110
04/07/2010,AEX,LA,ASW,CE,Federal Contract Tower,28,23,17,7,75,0,0,0,0,0,28,23,17,7,75,16,4,20,95
04/08/2010,AEX,LA,ASW,CE,Federal Contract Tower,11,27,9,33,80,0,0,0,0,0,11,27,9,33,80,86,34,120,200
04/09/2010,AEX,LA,ASW,CE,Federal Contract Tower,8,28,7,53,96,0,0,0,0,0,8,28,7,53,96,20,41,61,157
04/10/2010,AEX,LA,ASW,CE,Federal Contract Tower,1,21,8,6,36,0,0,0,0,0,1,21,8,6,36,30,0,30,66
04/11/2010,AEX,LA,ASW,CE,Federal Contract Tower,0,24,8,3,35,0,0,0,0,0,0,24,8,3,35,26,16,42,77
04/12/2010,AEX,LA,ASW,CE,Federal Contract Tower,7,29,1,22,59,0,0,0,0,0,7,29,1,22,59,33,11,44,103
04/13/2010,AEX,LA,ASW,CE,Federal Contract Tower,6,24,12,16,58,0,0,0,0,0,6,24,12,16,58,48,18,66,124
04/14/2010,AEX,LA,ASW,CE,Federal Contract Tower,9,24,17,42,92,0,0,0,0,0,9,24,17,42,92,40,17,57,149
04/15/2010,AEX,LA,ASW,CE,Federal Contract Tower,6,30,8,15,59,0,0,0,0,0,6,30,8,15,59,44,16,60,119
04/16/2010,AEX,LA,ASW,CE,Federal Contract Tower,6,30,11,22,69,0,0,0,0,0,6,30,11,22,69,30,46,76,145
04/17/2010,AEX,LA,ASW,CE,Federal Contract Tower,1,21,9,13,44,0,0,0,0,0,1,21,9,13,44,47,24,71,115
04/18/2010,AEX,LA,ASW,CE,Federal Contract Tower,0,26,5,13,44,0,0,0,0,0,0,26,5,13,44,20,22,42,86
04/19/2010,AEX,LA,ASW,CE,Federal Contract Tower,9,28,10,7,54,0,0,0,0,0,9,28,10,7,54,24,17,41,95
04/20/2010,AEX,LA,ASW,CE,Federal Contract Tower,7,22,20,18,67,0,0,0,0,0,7,22,20,18,67,51,16,67,134
04/21/2010,AEX,LA,ASW,CE,Federal Contract Tower,5,24,19,9,57,0,0,0,0,0,5,24,19,9,57,42,20,62,119
04/22/2010,AEX,LA,ASW,CE,Federal Contract Tower,7,25,30,15,77,0,0,0,0,0,7,25,30,15,77,35,10,45,122
04/23/2010,AEX,LA,ASW,CE,Federal Contract Tower,8,28,21,4,61,0,0,0,0,0,8,28,21,4,61,12,8,20,81
04/24/2010,AEX,LA,ASW,CE,Federal Contract Tower,6,20,7,4,37,0,0,0,0,0,6,20,7,4,37,29,8,37,74
04/25/2010,AEX,LA,ASW,CE,Federal Contract Tower,5,24,12,3,44,0,0,0,0,0,5,24,12,3,44,56,10,66,110
04/26/2010,AEX,LA,ASW,CE,Federal Contract Tower,14,28,7,6,55,0,0,0,0,0,14,28,7,6,55,33,33,66,121
04/27/2010,AEX,LA,ASW,CE,Federal Contract Tower,5,27,2,14,48,0,0,0,0,0,5,27,2,14,48,29,20,49,97
04/28/2010,AEX,LA,ASW,CE,Federal Contract Tower,21,25,15,20,81,0,0,0,0,0,21,25,15,20,81,48,36,84,165
04/29/2010,AEX,LA,ASW,CE,Federal Contract Tower,20,30,11,22,83,0,0,0,0,0,20,30,11,22,83,44,44,88,171
04/30/2010,AEX,LA,ASW,CE,Federal Contract Tower,20,29,16,10,75,0,0,0,0,0,20,29,16,10,75,7,0,7,82
05/01/2010,AEX,LA,ASW,CE,Federal Contract Tower,24,20,7,4,55,0,0,0,0,0,24,20,7,4,55,1,0,1,56
05/02/2010,AEX,LA,ASW,CE,Federal Contract Tower,15,24,10,2,51,0,0,0,0,0,15,24,10,2,51,9,4,13,64
05/03/2010,AEX,LA,ASW,CE,Federal Contract Tower,10,29,15,17,71,0,0,0,0,0,10,29,15,17,71,28,14,42,113
05/04/2010,AEX,LA,ASW,CE,Federal Contract Tower,8,25,11,8,52,0,0,0,0,0,8,25,11,8,52,39,14,53,105
05/05/2010,AEX,LA,ASW,CE,Federal Contract Tower,6,26,18,4,54,0,0,0,0,0,6,26,18,4,54,48,35,83,137
05/06/2010,AEX,LA,ASW,CE,Federal Contract Tower,7,29,12,25,73,0,0,0,0,0,7,29,12,25,73,48,54,102,175
05/07/2010,AEX,LA,ASW,CE,Federal Contract Tower,9,28,3,24,64,0,0,0,0,0,9,28,3,24,64,36,19,55,119
05/08/2010,AEX,LA,ASW,CE,Federal Contract Tower,1,20,11,6,38,0,0,0,0,0,1,20,11,6,38,36,18,54,92
05/09/2010,AEX,LA,ASW,CE,Federal Contract Tower,2,24,9,11,46,0,0,0,0,0,2,24,9,11,46,15,16,31,77
05/10/2010,AEX,LA,ASW,CE,Federal Contract Tower,4,28,10,25,67,0,0,0,0,0,4,28,10,25,67,22,12,34,101
05/11/2010,AEX,LA,ASW,CE,Federal Contract Tower,6,26,6,16,54,0,0,0,0,0,6,26,6,16,54,31,51,82,136
05/12/2010,AEX,LA,ASW,CE,Federal Contract Tower,8,31,18,16,73,0,0,0,0,0,8,31,18,16,73,33,12,45,118
05/13/2010,AEX,LA,ASW,CE,Federal Contract Tower,6,24,11,10,51,0,0,0,0,0,6,24,11,10,51,13,4,17,68
05/14/2010,AEX,LA,ASW,CE,Federal Contract Tower,8,29,8,2,47,0,0,0,0,0,8,29,8,2,47,45,5,50,97
05/15/2010,AEX,LA,ASW,CE,Federal Contract Tower,0,24,7,2,33,0,0,0,0,0,0,24,7,2,33,24,0,24,57
05/16/2010,AEX,LA,ASW,CE,Federal Contract Tower,0,22,10,0,32,0,0,0,0,0,0,22,10,0,32,21,84,105,137
05/17/2010,AEX,LA,ASW,CE,Federal Contract Tower,5,29,5,7,46,0,0,0,0,0,5,29,5,7,46,12,23,35,81
05/18/2010,AEX,LA,ASW,CE,Federal Contract Tower,2,26,9,37,74,0,0,0,0,0,2,26,9,37,74,48,8,56,130
05/19/2010,AEX,LA,ASW,CE,Federal Contract Tower,7,25,16,13,61,0,0,0,0,0,7,25,16,13,61,39,13,52,113
05/20/2010,AEX,LA,ASW,CE,Federal Contract Tower,10,29,21,3,63,0,0,0,0,0,10,29,21,3,63,25,2,27,90
05/21/2010,AEX,LA,ASW,CE,Federal Contract Tower,10,28,17,37,92,0,0,0,0,0,10,28,17,37,92,64,10,74,166
05/22/2010,AEX,LA,ASW,CE,Federal Contract Tower,1,20,5,11,37,0,0,0,0,0,1,20,5,11,37,45,20,65,102
05/23/2010,AEX,LA,ASW,CE,Federal Contract Tower,1,24,20,6,51,0,0,0,0,0,1,24,20,6,51,40,17,57,108
05/24/2010,AEX,LA,ASW,CE,Federal Contract Tower,8,27,18,21,74,0,0,0,0,0,8,27,18,21,74,36,14,50,124
05/25/2010,AEX,LA,ASW,CE,Federal Contract Tower,6,24,20,27,77,0,0,0,0,0,6,24,20,27,77,58,11,69,146
05/26/2010,AEX,LA,ASW,CE,Federal Contract Tower,10,24,17,9,60,0,0,0,0,0,10,24,17,9,60,14,8,22,82
05/27/2010,AEX,LA,ASW,CE,Federal Contract Tower,6,27,17,9,59,0,0,0,0,0,6,27,17,9,59,34,25,59,118
05/28/2010,AEX,LA,ASW,CE,Federal Contract Tower,8,27,14,13,62,0,0,0,0,0,8,27,14,13,62,39,6,45,107
05/29/2010,AEX,LA,ASW,CE,Federal Contract Tower,2,21,2,0,25,0,0,0,0,0,2,21,2,0,25,26,0,26,51
05/30/2010,AEX,LA,ASW,CE,Federal Contract Tower,0,22,0,1,23,0,0,0,0,0,0,22,0,1,23,35,0,35,58
05/31/2010,AEX,LA,ASW,CE,Federal Contract Tower,0,24,6,2,32,0,0,0,0,0,0,24,6,2,32,40,1,41,73
06/01/2010,AEX,LA,ASW,CE,Federal Contract Tower,14,31,23,12,80,0,0,0,0,0,14,31,23,12,80,30,3,33,113
06/02/2010,AEX,LA,ASW,CE,Federal Contract Tower,8,26,17,16,67,0,0,0,0,0,8,26,17,16,67,18,22,40,107
06/03/2010,AEX,LA,ASW,CE,Federal Contract Tower,6,26,10,2,44,0,0,0,0,0,6,26,10,2,44,10,3,13,57
06/04/2010,AEX,LA,ASW,CE,Federal Contract Tower,9,28,18,4,59,0,0,0,0,0,9,28,18,4,59,20,0,20,79
06/05/2010,AEX,LA,ASW,CE,Federal Contract Tower,3,21,4,27,55,0,0,0,0,0,3,21,4,27,55,33,39,72,127
06/06/2010,AEX,LA,ASW,CE,Federal Contract Tower,0,24,16,8,48,0,0,0,0,0,0,24,16,8,48,45,0,45,93
06/07/2010,AEX,LA,ASW,CE,Federal Contract Tower,7,30,11,8,56,0,0,0,0,0,7,30,11,8,56,10,5,15,71
06/08/2010,AEX,LA,ASW,CE,Federal Contract Tower,6,28,26,15,75,0,0,0,0,0,6,28,26,15,75,39,7,46,121
06/09/2010,AEX,LA,ASW,CE,Federal Contract Tower,9,24,15,17,65,0,0,0,0,0,9,24,15,17,65,30,9,39,104
06/10/2010,AEX,LA,ASW,CE,Federal Contract Tower,8,27,23,3,61,0,0,0,0,0,8,27,23,3,61,20,3,23,84
06/11/2010,AEX,LA,ASW,CE,Federal Contract Tower,8,23,20,25,76,0,0,0,0,0,8,23,20,25,76,69,5,74,150
06/12/2010,AEX,LA,ASW,CE,Federal Contract Tower,3,25,13,6,47,0,0,0,0,0,3,25,13,6,47,59,9,68,115
06/13/2010,AEX,LA,ASW,CE,Federal Contract Tower,2,24,8,0,34,0,0,0,0,0,2,24,8,0,34,51,4,55,89
06/14/2010,AEX,LA,ASW,CE,Federal Contract Tower,8,28,13,15,64,0,0,0,0,0,8,28,13,15,64,30,13,43,107
06/15/2010,AEX,LA,ASW,CE,Federal Contract Tower,8,26,3,22,59,0,0,0,0,0,8,26,3,22,59,27,37,64,123
06/16/2010,AEX,LA,ASW,CE,Federal Contract Tower,8,28,18,23,77,0,0,0,0,0,8,28,18,23,77,17,13,30,107
06/17/2010,AEX,LA,ASW,CE,Federal Contract Tower,9,29,15,21,74,0,0,0,0,0,9,29,15,21,74,43,37,80,154
06/18/2010,AEX,LA,ASW,CE,Federal Contract Tower,10,28,12,28,78,0,0,0,0,0,10,28,12,28,78,29,36,65,143
06/19/2010,AEX,LA,ASW,CE,Federal Contract Tower,1,22,8,7,38,0,0,0,0,0,1,22,8,7,38,18,29,47,85
06/20/2010,AEX,LA,ASW,CE,Federal Contract Tower,1,22,8,8,39,0,0,0,0,0,1,22,8,8,39,24,42,66,105
06/21/2010,AEX,LA,ASW,CE,Federal Contract Tower,5,30,12,11,58,0,0,0,0,0,5,30,12,11,58,57,40,97,155
06/22/2010,AEX,LA,ASW,CE,Federal Contract Tower,5,26,8,15,54,0,0,0,0,0,5,26,8,15,54,28,40,68,122
06/23/2010,AEX,LA,ASW,CE,Federal Contract Tower,4,28,15,15,62,0,0,0,0,0,4,28,15,15,62,18,18,36,98
06/24/2010,AEX,LA,ASW,CE,Federal Contract Tower,10,28,6,16,60,0,0,0,0,0,10,28,6,16,60,34,10,44,104
06/25/2010,AEX,LA,ASW,CE,Federal Contract Tower,6,30,9,26,71,0,0,0,0,0,6,30,9,26,71,39,29,68,139
06/26/2010,AEX,LA,ASW,CE,Federal Contract Tower,4,14,7,1,26,0,0,0,0,0,4,14,7,1,26,14,1,15,41
06/27/2010,AEX,LA,ASW,CE,Federal Contract Tower,0,22,7,8,37,0,0,0,0,0,0,22,7,8,37,6,4,10,47
06/28/2010,AEX,LA,ASW,CE,Federal Contract Tower,10,24,12,21,67,0,0,0,0,0,10,24,12,21,67,54,13,67,134
06/29/2010,AEX,LA,ASW,CE,Federal Contract Tower,7,30,9,14,60,0,0,0,0,0,7,30,9,14,60,30,39,69,129
06/30/2010,AEX,LA,ASW,CE,Federal Contract Tower,10,27,18,8,63,0,0,0,0,0,10,27,18,8,63,10,0,10,73
07/01/2010,AEX,LA,ASW,CE,Federal Contract Tower,6,32,17,12,67,0,0,0,0,0,6,32,17,12,67,33,13,46,113
07/02/2010,AEX,LA,ASW,CE,Federal Contract Tower,8,49,9,12,78,0,0,0,0,0,8,49,9,12,78,6,0,6,84
07/03/2010,AEX,LA,ASW,CE,Federal Contract Tower,1,23,0,2,26,0,0,0,0,0,1,23,0,2,26,16,0,16,42
07/04/2010,AEX,LA,ASW,CE,Federal Contract Tower,0,21,4,0,25,0,0,0,0,0,0,21,4,0,25,15,0,15,40
07/05/2010,AEX,LA,ASW,CE,Federal Contract Tower,0,24,3,3,30,0,0,0,0,0,0,24,3,3,30,6,0,6,36
07/06/2010,AEX,LA,ASW,CE,Federal Contract Tower,8,29,10,2,49,0,0,0,0,0,8,29,10,2,49,35,8,43,92
07/07/2010,AEX,LA,ASW,CE,Federal Contract Tower,6,27,18,8,59,0,0,0,0,0,6,27,18,8,59,31,17,48,107
07/08/2010,AEX,LA,ASW,CE,Federal Contract Tower,12,24,19,25,80,0,0,0,0,0,12,24,19,25,80,67,5,72,152
07/09/2010,AEX,LA,ASW,CE,Federal Contract Tower,8,28,14,37,87,0,0,0,0,0,8,28,14,37,87,52,8,60,147
07/10/2010,AEX,LA,ASW,CE,Federal Contract Tower,0,23,8,7,38,0,0,0,0,0,0,23,8,7,38,7,1,8,46
07/11/2010,AEX,LA,ASW,CE,Federal Contract Tower,5,26,4,11,46,0,0,0,0,0,5,26,4,11,46,20,29,49,95
07/12/2010,AEX,LA,ASW,CE,Federal Contract Tower,5,26,11,22,64,0,0,0,0,0,5,26,11,22,64,61,0,61,125
07/13/2010,AEX,LA,ASW,CE,Federal Contract Tower,8,31,4,37,80,0,0,0,0,0,8,31,4,37,80,50,13,63,143
07/14/2010,AEX,LA,ASW,CE,Federal Contract Tower,8,29,13,15,65,0,0,0,0,0,8,29,13,15,65,20,21,41,106
07/15/2010,AEX,LA,ASW,CE,Federal Contract Tower,6,26,14,8,54,0,0,0,0,0,6,26,14,8,54,44,0,44,98
07/16/2010,AEX,LA,ASW,CE,Federal Contract Tower,7,27,14,48,96,0,0,0,0,0,7,27,14,48,96,27,22,49,145
07/17/2010,AEX,LA,ASW,CE,Federal Contract Tower,1,26,5,2,34,0,0,0,0,0,1,26,5,2,34,11,0,11,45
07/18/2010,AEX,LA,ASW,CE,Federal Contract Tower,2,23,6,11,42,0,0,0,0,0,2,23,6,11,42,8,38,46,88
07/19/2010,AEX,LA,ASW,CE,Federal Contract Tower,10,30,3,1,44,0,0,0,0,0,10,30,3,1,44,23,3,26,70
07/20/2010,AEX,LA,ASW,CE,Federal Contract Tower,5,27,14,61,107,0,0,0,0,0,5,27,14,61,107,42,90,132,239
07/21/2010,AEX,LA,ASW,CE,Federal Contract Tower,6,30,16,38,90,0,0,0,0,0,6,30,16,38,90,48,49,97,187
07/22/2010,AEX,LA,ASW,CE,Federal Contract Tower,8,28,5,32,73,0,0,0,0,0,8,28,5,32,73,98,65,163,236
07/23/2010,AEX,LA,ASW,CE,Federal Contract Tower,8,27,13,13,61,0,0,0,0,0,8,27,13,13,61,33,24,57,118
07/24/2010,AEX,LA,ASW,CE,Federal Contract Tower,0,22,9,4,35,0,0,0,0,0,0,22,9,4,35,20,49,69,104
07/25/2010,AEX,LA,ASW,CE,Federal Contract Tower,0,24,5,22,51,0,0,0,0,0,0,24,5,22,51,25,14,39,90
07/26/2010,AEX,LA,ASW,CE,Federal Contract Tower,8,24,8,19,59,0,0,0,0,0,8,24,8,19,59,14,8,22,81
07/27/2010,AEX,LA,ASW,CE,Federal Contract Tower,6,25,11,25,67,0,0,0,0,0,6,25,11,25,67,2,25,27,94
07/28/2010,AEX,LA,ASW,CE,Federal Contract Tower,11,29,12,11,63,0,0,0,0,0,11,29,12,11,63,59,19,78,141
07/29/2010,AEX,LA,ASW,CE,Federal Contract Tower,11,29,8,32,80,0,0,0,0,0,11,29,8,32,80,30,10,40,120
07/30/2010,AEX,LA,ASW,CE,Federal Contract Tower,10,24,9,37,80,0,0,0,0,0,10,24,9,37,80,6,54,60,140
07/31/2010,AEX,LA,ASW,CE,Federal Contract Tower,2,23,5,27,57,0,0,0,0,0,2,23,5,27,57,29,38,67,124
08/01/2010,AEX,LA,ASW,CE,Federal Contract Tower,0,22,9,13,44,0,0,0,0,0,0,22,9,13,44,18,11,29,73
08/02/2010,AEX,LA,ASW,CE,Federal Contract Tower,6,26,6,5,43,0,0,0,0,0,6,26,6,5,43,25,1,26,69
08/03/2010,AEX,LA,ASW,CE,Federal Contract Tower,5,29,7,6,47,0,0,0,0,0,5,29,7,6,47,47,1,48,95
08/04/2010,AEX,LA,ASW,CE,Federal Contract Tower,7,28,12,5,52,0,0,0,0,0,7,28,12,5,52,28,17,45,97
08/05/2010,AEX,LA,ASW,CE,Federal Contract Tower,4,24,15,7,50,0,0,0,0,0,4,24,15,7,50,40,18,58,108
08/06/2010,AEX,LA,ASW,CE,Federal Contract Tower,10,24,13,23,70,0,0,0,0,0,10,24,13,23,70,50,10,60,130
08/07/2010,AEX,LA,ASW,CE,Federal Contract Tower,2,25,4,12,43,0,0,0,0,0,2,25,4,12,43,20,8,28,71
08/08/2010,AEX,LA,ASW,CE,Federal Contract Tower,0,23,4,7,34,0,0,0,0,0,0,23,4,7,34,16,3,19,53
08/09/2010,AEX,LA,ASW,CE,Federal Contract Tower,7,28,6,9,50,0,0,0,0,0,7,28,6,9,50,19,10,29,79
08/10/2010,AEX,LA,ASW,CE,Federal Contract Tower,4,27,16,9,56,0,0,0,0,0,4,27,16,9,56,27,8,35,91
08/11/2010,AEX,LA,ASW,CE,Federal Contract Tower,3,27,14,6,50,0,0,0,0,0,3,27,14,6,50,12,11,23,73
08/12/2010,AEX,LA,ASW,CE,Federal Contract Tower,4,26,6,6,42,0,0,0,0,0,4,26,6,6,42,60,9,69,111
08/13/2010,AEX,LA,ASW,CE,Federal Contract Tower,5,25,5,12,47,0,0,0,0,0,5,25,5,12,47,87,18,105,152
08/14/2010,AEX,LA,ASW,CE,Federal Contract Tower,4,22,8,34,68,0,0,0,0,0,4,22,8,34,68,23,33,56,124
08/15/2010,AEX,LA,ASW,CE,Federal Contract Tower,6,24,7,2,39,0,0,0,0,0,6,24,7,2,39,3,12,15,54
08/16/2010,AEX,LA,ASW,CE,Federal Contract Tower,9,28,1,19,57,0,0,0,0,0,9,28,1,19,57,38,9,47,104
08/17/2010,AEX,LA,ASW,CE,Federal Contract Tower,21,23,13,28,85,0,0,0,0,0,21,23,13,28,85,24,24,48,133
08/18/2010,AEX,LA,ASW,CE,Federal Contract Tower,13,16,5,8,42,0,0,0,0,0,13,16,5,8,42,13,0,13,55
08/19/2010,AEX,LA,ASW,CE,Federal Contract Tower,10,27,15,12,64,0,0,0,0,0,10,27,15,12,64,31,1,32,96
08/20/2010,AEX,LA,ASW,CE,Federal Contract Tower,9,26,14,4,53,0,0,0,0,0,9,26,14,4,53,57,4,61,114
08/21/2010,AEX,LA,ASW,CE,Federal Contract Tower,1,21,6,1,29,0,0,0,0,0,1,21,6,1,29,46,13,59,88
08/22/2010,AEX,LA,ASW,CE,Federal Contract Tower,0,24,4,2,30,0,0,0,0,0,0,24,4,2,30,64,2,66,96
08/23/2010,AEX,LA,ASW,CE,Federal Contract Tower,10,28,6,34,78,0,0,0,0,0,10,28,6,34,78,27,47,74,152
08/24/2010,AEX,LA,ASW,CE,Federal Contract Tower,2,24,1,27,54,0,0,0,0,0,2,24,1,27,54,31,18,49,103
08/25/2010,AEX,LA,ASW,CE,Federal Contract Tower,5,26,13,17,61,0,0,0,0,0,5,26,13,17,61,19,13,32,93
08/26/2010,AEX,LA,ASW,CE,Federal Contract Tower,7,28,15,13,63,0,0,0,0,0,7,28,15,13,63,20,14,34,97
08/27/2010,AEX,LA,ASW,CE,Federal Contract Tower,11,30,9,25,75,0,0,0,0,0,11,30,9,25,75,40,9,49,124
08/28/2010,AEX,LA,ASW,CE,Federal Contract Tower,1,20,14,12,47,0,0,0,0,0,1,20,14,12,47,73,1,74,121
08/29/2010,AEX,LA,ASW,CE,Federal Contract Tower,0,24,8,0,32,0,0,0,0,0,0,24,8,0,32,6,0,6,38
08/30/2010,AEX,LA,ASW,CE,Federal Contract Tower,5,25,20,4,54,0,0,0,0,0,5,25,20,4,54,28,6,34,88
08/31/2010,AEX,LA,ASW,CE,Federal Contract Tower,6,25,19,18,68,0,0,0,0,0,6,25,19,18,68,39,21,60,128
09/01/2010,AEX,LA,ASW,CE,Federal Contract Tower,6,25,23,26,80,0,0,0,0,0,6,25,23,26,80,36,13,49,129
09/02/2010,AEX,LA,ASW,CE,Federal Contract Tower,11,37,18,20,86,0,0,0,0,0,11,37,18,20,86,22,28,50,136
09/03/2010,AEX,LA,ASW,CE,Federal Contract Tower,6,27,18,2,53,0,0,0,0,0,6,27,18,2,53,20,2,22,75
09/04/2010,AEX,LA,ASW,CE,Federal Contract Tower,3,22,8,0,33,0,0,0,0,0,3,22,8,0,33,40,1,41,74
09/05/2010,AEX,LA,ASW,CE,Federal Contract Tower,2,20,2,4,28,0,0,0,0,0,2,20,2,4,28,39,0,39,67
09/06/2010,AEX,LA,ASW,CE,Federal Contract Tower,1,30,4,0,35,0,0,0,0,0,1,30,4,0,35,57,0,57,92
09/07/2010,AEX,LA,ASW,CE,Federal Contract Tower,7,38,9,5,59,0,0,0,0,0,7,38,9,5,59,28,5,33,92
09/08/2010,AEX,LA,ASW,CE,Federal Contract Tower,20,27,11,24,82,0,0,0,0,0,20,27,11,24,82,34,4,38,120
09/09/2010,AEX,LA,ASW,CE,Federal Contract Tower,34,25,21,16,96,0,0,0,0,0,34,25,21,16,96,41,13,54,150
09/10/2010,AEX,LA,ASW,CE,Federal Contract Tower,17,28,16,10,71,0,0,0,0,0,17,28,16,10,71,47,1,48,119
09/11/2010,AEX,LA,ASW,CE,Federal Contract Tower,8,22,13,4,47,0,0,0,0,0,8,22,13,4,47,103,0,103,150
09/12/2010,AEX,LA,ASW,CE,Federal Contract Tower,3,28,9,23,63,0,0,0,0,0,3,28,9,23,63,54,4,58,121
09/13/2010,AEX,LA,ASW,CE,Federal Contract Tower,7,28,15,9,59,0,0,0,0,0,7,28,15,9,59,21,10,31,90
09/14/2010,AEX,LA,ASW,CE,Federal Contract Tower,3,29,14,51,97,0,0,0,0,0,3,29,14,51,97,62,33,95,192
09/15/2010,AEX,LA,ASW,CE,Federal Contract Tower,2,30,16,43,91,0,0,0,0,0,2,30,16,43,91,50,23,73,164
09/16/2010,AEX,LA,ASW,CE,Federal Contract Tower,8,29,22,40,99,0,0,0,0,0,8,29,22,40,99,55,14,69,168
09/17/2010,AEX,LA,ASW,CE,Federal Contract Tower,7,31,8,21,67,0,0,0,0,0,7,31,8,21,67,21,4,25,92
09/18/2010,AEX,LA,ASW,CE,Federal Contract Tower,3,23,10,0,36,0,0,0,0,0,3,23,10,0,36,30,0,30,66
09/19/2010,AEX,LA,ASW,CE,Federal Contract Tower,0,26,7,12,45,0,0,0,0,0,0,26,7,12,45,60,0,60,105
09/20/2010,AEX,LA,ASW,CE,Federal Contract Tower,6,28,8,8,50,0,0,0,0,0,6,28,8,8,50,45,22,67,117
09/21/2010,AEX,LA,ASW,CE,Federal Contract Tower,4,27,10,14,55,0,0,0,0,0,4,27,10,14,55,33,10,43,98
09/22/2010,AEX,LA,ASW,CE,Federal Contract Tower,7,28,16,44,95,0,0,0,0,0,7,28,16,44,95,23,24,47,142
09/23/2010,AEX,LA,ASW,CE,Federal Contract Tower,6,30,7,20,63,0,0,0,0,0,6,30,7,20,63,24,24,48,111
09/24/2010,AEX,LA,ASW,CE,Federal Contract Tower,18,21,6,26,71,0,0,0,0,0,18,21,6,26,71,32,0,32,103
09/25/2010,AEX,LA,ASW,CE,Federal Contract Tower,3,23,4,5,35,0,0,0,0,0,3,23,4,5,35,14,2,16,51
09/26/2010,AEX,LA,ASW,CE,Federal Contract Tower,2,24,11,1,38,0,0,0,0,0,2,24,11,1,38,24,0,24,62
09/27/2010,AEX,LA,ASW,CE,Federal Contract Tower,6,28,9,31,74,0,0,0,0,0,6,28,9,31,74,43,14,57,131
09/28/2010,AEX,LA,ASW,CE,Federal Contract Tower,6,26,6,20,58,0,0,0,0,0,6,26,6,20,58,26,20,46,104
09/29/2010,AEX,LA,ASW,CE,Federal Contract Tower,8,28,32,5,73,0,0,0,0,0,8,28,32,5,73,37,15,52,125
09/30/2010,AEX,LA,ASW,CE,Federal Contract Tower,11,29,4,52,96,0,0,0,0,0,11,29,4,52,96,21,43,64,160
10/01/2010,AEX,LA,ASW,CE,Federal Contract Tower,9,30,9,7,55,0,0,0,0,0,9,30,9,7,55,23,4,27,82
10/02/2010,AEX,LA,ASW,CE,Federal Contract Tower,0,22,3,2,27,0,0,0,0,0,0,22,3,2,27,36,0,36,63
10/03/2010,AEX,LA,ASW,CE,Federal Contract Tower,2,26,5,0,33,0,0,0,0,0,2,26,5,0,33,18,0,18,51
10/04/2010,AEX,LA,ASW,CE,Federal Contract Tower,11,30,7,1,49,0,0,0,0,0,11,30,7,1,49,26,7,33,82
10/05/2010,AEX,LA,ASW,CE,Federal Contract Tower,18,34,19,20,91,0,0,0,0,0,18,34,19,20,91,41,18,59,150
10/06/2010,AEX,LA,ASW,CE,Federal Contract Tower,17,27,6,29,79,0,0,0,0,0,17,27,6,29,79,27,19,46,125
10/07/2010,AEX,LA,ASW,CE,Federal Contract Tower,21,32,6,34,93,0,0,0,0,0,21,32,6,34,93,54,46,100,193
10/08/2010,AEX,LA,ASW,CE,Federal Contract Tower,14,27,23,15,79,0,0,0,0,0,14,27,23,15,79,25,83,108,187
10/09/2010,AEX,LA,ASW,CE,Federal Contract Tower,3,33,9,2,47,0,0,0,0,0,3,33,9,2,47,22,59,81,128
10/10/2010,AEX,LA,ASW,CE,Federal Contract Tower,0,25,7,6,38,0,0,0,0,0,0,25,7,6,38,27,49,76,114
10/11/2010,AEX,LA,ASW,CE,Federal Contract Tower,2,30,6,7,45,0,0,0,0,0,2,30,6,7,45,16,36,52,97
10/12/2010,AEX,LA,ASW,CE,Federal Contract Tower,6,31,21,15,73,0,0,0,0,0,6,31,21,15,73,37,71,108,181
10/13/2010,AEX,LA,ASW,CE,Federal Contract Tower,4,28,18,17,67,0,0,0,0,0,4,28,18,17,67,40,116,156,223
10/14/2010,AEX,LA,ASW,CE,Federal Contract Tower,5,30,14,14,63,0,0,0,0,0,5,30,14,14,63,99,125,224,287
10/15/2010,AEX,LA,ASW,CE,Federal Contract Tower,13,26,10,37,86,0,0,0,0,0,13,26,10,37,86,45,79,124,210
10/16/2010,AEX,LA,ASW,CE,Federal Contract Tower,2,22,9,19,52,0,0,0,0,0,2,22,9,19,52,38,45,83,135
10/17/2010,AEX,LA,ASW,CE,Federal Contract Tower,0,26,4,10,40,0,0,0,0,0,0,26,4,10,40,29,30,59,99
10/18/2010,AEX,LA,ASW,CE,Federal Contract Tower,9,16,7,33,65,0,0,0,0,0,9,16,7,33,65,30,78,108,173
10/19/2010,AEX,LA,ASW,CE,Federal Contract Tower,4,26,11,4,45,0,0,0,0,0,4,26,11,4,45,39,98,137,182
10/20/2010,AEX,LA,ASW,CE,Federal Contract Tower,6,28,12,21,67,0,0,0,0,0,6,28,12,21,67,43,131,174,241
10/21/2010,AEX,LA,ASW,CE,Federal Contract Tower,8,27,13,19,67,0,0,0,0,0,8,27,13,19,67,50,175,225,292
10/22/2010,AEX,LA,ASW,CE,Federal Contract Tower,8,27,17,29,81,0,0,0,0,0,8,27,17,29,81,45,152,197,278
10/23/2010,AEX,LA,ASW,CE,Federal Contract Tower,4,20,5,5,34,0,0,0,0,0,4,20,5,5,34,21,70,91,125
10/24/2010,AEX,LA,ASW,CE,Federal Contract Tower,3,27,10,5,45,0,0,0,0,0,3,27,10,5,45,15,42,57,102
10/25/2010,AEX,LA,ASW,CE,Federal Contract Tower,9,25,13,21,68,0,0,0,0,0,9,25,13,21,68,26,50,76,144
10/26/2010,AEX,LA,ASW,CE,Federal Contract Tower,4,26,5,4,39,0,0,0,0,0,4,26,5,4,39,14,153,167,206
10/27/2010,AEX,LA,ASW,CE,Federal Contract Tower,7,28,13,16,64,0,0,0,0,0,7,28,13,16,64,49,50,99,163
10/28/2010,AEX,LA,ASW,CE,Federal Contract Tower,8,25,16,33,82,0,0,0,0,0,8,25,16,33,82,87,69,156,238
10/29/2010,AEX,LA,ASW,CE,Federal Contract Tower,14,28,10,9,61,0,0,0,0,0,14,28,10,9,61,64,17,81,142
10/30/2010,AEX,LA,ASW,CE,Federal Contract Tower,14,21,4,3,42,0,0,0,0,0,14,21,4,3,42,58,2,60,102
10/31/2010,AEX,LA,ASW,CE,Federal Contract Tower,24,26,14,2,66,0,0,0,0,0,24,26,14,2,66,23,0,23,89
11/01/2010,AEX,LA,ASW,CE,Federal Contract Tower,30,31,8,3,72,0,0,0,0,0,30,31,8,3,72,8,5,13,85
11/02/2010,AEX,LA,ASW,CE,Federal Contract Tower,37,23,5,7,72,0,0,0,0,0,37,23,5,7,72,0,0,0,72
11/03/2010,AEX,LA,ASW,CE,Federal Contract Tower,14,27,11,4,56,0,0,0,0,0,14,27,11,4,56,0,0,0,56
11/04/2010,AEX,LA,ASW,CE,Federal Contract Tower,6,27,9,17,59,0,0,0,0,0,6,27,9,17,59,51,15,66,125
11/05/2010,AEX,LA,ASW,CE,Federal Contract Tower,10,26,5,37,78,0,0,0,0,0,10,26,5,37,78,38,24,62,140
11/06/2010,AEX,LA,ASW,CE,Federal Contract Tower,0,20,1,8,29,0,0,0,0,0,0,20,1,8,29,54,3,57,86
11/07/2010,AEX,LA,ASW,CE,Federal Contract Tower,2,20,11,1,34,0,0,0,0,0,2,20,11,1,34,30,28,58,92
11/08/2010,AEX,LA,ASW,CE,Federal Contract Tower,6,25,7,7,45,0,0,0,0,0,6,25,7,7,45,24,10,34,79
11/09/2010,AEX,LA,ASW,CE,Federal Contract Tower,5,22,14,10,51,0,0,0,0,0,5,22,14,10,51,15,10,25,76
11/10/2010,AEX,LA,ASW,CE,Federal Contract Tower,4,24,19,17,64,0,0,0,0,0,4,24,19,17,64,63,8,71,135
11/11/2010,AEX,LA,ASW,CE,Federal Contract Tower,1,25,12,3,41,0,0,0,0,0,1,25,12,3,41,35,13,48,89
11/12/2010,AEX,LA,ASW,CE,Federal Contract Tower,4,27,13,19,63,0,0,0,0,0,4,27,13,19,63,63,71,134,197
11/13/2010,AEX,LA,ASW,CE,Federal Contract Tower,2,20,23,0,45,0,0,0,0,0,2,20,23,0,45,4,0,4,49
11/14/2010,AEX,LA,ASW,CE,Federal Contract Tower,2,32,10,11,55,0,0,0,0,0,2,32,10,11,55,72,16,88,143
11/15/2010,AEX,LA,ASW,CE,Federal Contract Tower,6,24,4,11,45,0,0,0,0,0,6,24,4,11,45,1,1,2,47
11/16/2010,AEX,LA,ASW,CE,Federal Contract Tower,5,27,14,19,65,0,0,0,0,0,5,27,14,19,65,21,15,36,101
11/17/2010,AEX,LA,ASW,CE,Federal Contract Tower,4,27,24,11,66,0,0,0,0,0,4,27,24,11,66,36,43,79,145
11/18/2010,AEX,LA,ASW,CE,Federal Contract Tower,8,26,28,35,97,0,0,0,0,0,8,26,28,35,97,24,10,34,131
11/19/2010,AEX,LA,ASW,CE,Federal Contract Tower,9,27,34,15,85,0,0,0,0,0,9,27,34,15,85,7,21,28,113
11/20/2010,AEX,LA,ASW,CE,Federal Contract Tower,2,20,6,5,33,0,0,0,0,0,2,20,6,5,33,16,16,32,65
11/21/2010,AEX,LA,ASW,CE,Federal Contract Tower,6,30,20,7,63,0,0,0,0,0,6,30,20,7,63,12,0,12,75
11/22/2010,AEX,LA,ASW,CE,Federal Contract Tower,30,24,13,12,79,0,0,0,0,0,30,24,13,12,79,30,10,40,119
11/23/2010,AEX,LA,ASW,CE,Federal Contract Tower,23,24,16,10,73,0,0,0,0,0,23,24,16,10,73,26,17,43,116
11/24/2010,AEX,LA,ASW,CE,Federal Contract Tower,17,28,15,11,71,0,0,0,0,0,17,28,15,11,71,11,4,15,86
11/25/2010,AEX,LA,ASW,CE,Federal Contract Tower,5,22,6,0,33,0,0,0,0,0,5,22,6,0,33,3,0,3,36
11/26/2010,AEX,LA,ASW,CE,Federal Contract Tower,5,18,13,2,38,0,0,0,0,0,5,18,13,2,38,46,0,46,84
11/27/2010,AEX,LA,ASW,CE,Federal Contract Tower,4,22,9,0,35,0,0,0,0,0,4,22,9,0,35,49,0,49,84
11/28/2010,AEX,LA,ASW,CE,Federal Contract Tower,2,27,13,0,42,0,0,0,0,0,2,27,13,0,42,53,0,53,95
11/29/2010,AEX,LA,ASW,CE,Federal Contract Tower,0,24,12,2,38,0,0,0,0,0,0,24,12,2,38,1,1,2,40
11/30/2010,AEX,LA,ASW,CE,Federal Contract Tower,5,24,18,26,73,0,0,0,0,0,5,24,18,26,73,2,13,15,88
12/01/2010,AEX,LA,ASW,CE,Federal Contract Tower,6,24,16,14,60,0,0,0,0,0,6,24,16,14,60,26,26,52,112
12/02/2010,AEX,LA,ASW,CE,Federal Contract Tower,6,28,17,7,58,0,0,0,0,0,6,28,17,7,58,28,6,34,92
12/03/2010,AEX,LA,ASW,CE,Federal Contract Tower,4,26,23,36,89,0,0,0,0,0,4,26,23,36,89,73,39,112,201
12/04/2010,AEX,LA,ASW,CE,Federal Contract Tower,2,21,9,5,37,0,0,0,0,0,2,21,9,5,37,69,0,69,106
12/05/2010,AEX,LA,ASW,CE,Federal Contract Tower,2,23,3,26,54,0,0,0,0,0,2,23,3,26,54,47,42,89,143
12/06/2010,AEX,LA,ASW,CE,Federal Contract Tower,6,26,21,23,76,0,0,0,0,0,6,26,21,23,76,15,3,18,94
12/07/2010,AEX,LA,ASW,CE,Federal Contract Tower,4,26,6,9,45,0,0,0,0,0,4,26,6,9,45,36,11,47,92
12/08/2010,AEX,LA,ASW,CE,Federal Contract Tower,6,24,20,20,70,0,0,0,0,0,6,24,20,20,70,22,22,44,114
12/09/2010,AEX,LA,ASW,CE,Federal Contract Tower,5,25,10,19,59,0,0,0,0,0,5,25,10,19,59,12,19,31,90
12/10/2010,AEX,LA,ASW,CE,Federal Contract Tower,6,26,14,6,52,0,0,0,0,0,6,26,14,6,52,54,6,60,112
12/11/2010,AEX,LA,ASW,CE,Federal Contract Tower,0,19,4,5,28,0,0,1,0,1,0,19,5,5,29,9,14,23,52
12/12/2010,AEX,LA,ASW,CE,Federal Contract Tower,1,26,6,0,33,0,0,0,0,0,1,26,6,0,33,46,0,46,79
12/13/2010,AEX,LA,ASW,CE,Federal Contract Tower,4,24,13,9,50,0,0,0,0,0,4,24,13,9,50,37,2,39,89
12/14/2010,AEX,LA,ASW,CE,Federal Contract Tower,6,24,17,18,65,0,0,0,0,0,6,24,17,18,65,69,24,93,158
12/15/2010,AEX,LA,ASW,CE,Federal Contract Tower,5,23,15,59,102,0,0,0,0,0,5,23,15,59,102,22,27,49,151
12/16/2010,AEX,LA,ASW,CE,Federal Contract Tower,3,36,18,26,83,0,0,0,0,0,3,36,18,26,83,23,17,40,123
12/17/2010,AEX,LA,ASW,CE,Federal Contract Tower,7,26,20,14,67,0,0,0,0,0,7,26,20,14,67,14,21,35,102
12/18/2010,AEX,LA,ASW,CE,Federal Contract Tower,0,24,13,2,39,0,0,0,0,0,0,24,13,2,39,46,0,46,85
12/19/2010,AEX,LA,ASW,CE,Federal Contract Tower,4,25,4,1,34,0,0,0,0,0,4,25,4,1,34,22,0,22,56
12/20/2010,AEX,LA,ASW,CE,Federal Contract Tower,8,24,9,16,57,0,0,0,0,0,8,24,9,16,57,40,8,48,105
12/21/2010,AEX,LA,ASW,CE,Federal Contract Tower,5,23,8,2,38,0,0,0,0,0,5,23,8,2,38,18,0,18,56
12/22/2010,AEX,LA,ASW,CE,Federal Contract Tower,6,24,13,21,64,0,0,0,0,0,6,24,13,21,64,7,0,7,71
12/23/2010,AEX,LA,ASW,CE,Federal Contract Tower,7,26,9,0,42,0,0,0,0,0,7,26,9,0,42,36,0,36,78
12/24/2010,AEX,LA,ASW,CE,Federal Contract Tower,0,18,5,0,23,0,0,0,0,0,0,18,5,0,23,13,0,13,36
12/25/2010,AEX,LA,ASW,CE,Federal Contract Tower,0,17,3,2,22,0,0,0,0,0,0,17,3,2,22,14,0,14,36
12/26/2010,AEX,LA,ASW,CE,Federal Contract Tower,0,24,12,0,36,0,0,0,0,0,0,24,12,0,36,22,0,22,58
12/27/2010,AEX,LA,ASW,CE,Federal Contract Tower,6,24,7,0,37,0,0,0,0,0,6,24,7,0,37,50,0,50,87
12/28/2010,AEX,LA,ASW,CE,Federal Contract Tower,7,26,6,0,39,0,0,0,0,0,7,26,6,0,39,28,4,32,71
12/29/2010,AEX,LA,ASW,CE,Federal Contract Tower,5,21,10,5,41,0,0,0,0,0,5,21,10,5,41,1,2,3,44
12/30/2010,AEX,LA,ASW,CE,Federal Contract Tower,11,24,9,2,46,0,0,0,0,0,11,24,9,2,46,6,0,6,52
12/31/2010,AEX,LA,ASW,CE,Federal Contract Tower,0,22,5,0,27,0,0,0,0,0,0,22,5,0,27,0,0,0,27
01/01/2011,AEX,LA,ASW,CE,Federal Contract Tower,1,20,1,2,24,0,0,0,0,0,1,20,1,2,24,10,6,16,40
01/02/2011,AEX,LA,ASW,CE,Federal Contract Tower,2,21,7,0,30,0,0,0,0,0,2,21,7,0,30,13,0,13,43
01/03/2011,AEX,LA,ASW,CE,Federal Contract Tower,9,24,10,1,44,0,0,0,0,0,9,24,10,1,44,28,0,28,72
01/04/2011,AEX,LA,ASW,CE,Federal Contract Tower,7,23,11,3,44,0,0,0,0,0,7,23,11,3,44,29,0,29,73
01/05/2011,AEX,LA,ASW,CE,Federal Contract Tower,16,25,17,22,80,0,0,0,0,0,16,25,17,22,80,1,43,44,124
01/06/2011,AEX,LA,ASW,CE,Federal Contract Tower,6,26,14,43,89,0,0,0,0,0,6,26,14,43,89,92,43,135,224
01/07/2011,AEX,LA,ASW,CE,Federal Contract Tower,7,27,10,13,57,0,0,0,0,0,7,27,10,13,57,12,32,44,101
01/08/2011,AEX,LA,ASW,CE,Federal Contract Tower,0,17,10,5,32,0,0,0,0,0,0,17,10,5,32,46,3,49,81
01/09/2011,AEX,LA,ASW,CE,Federal Contract Tower,3,20,7,0,30,0,0,0,0,0,3,20,7,0,30,0,0,0,30
01/10/2011,AEX,LA,ASW,CE,Federal Contract Tower,4,16,9,0,29,0,0,0,0,0,4,16,9,0,29,0,0,0,29
01/11/2011,AEX,LA,ASW,CE,Federal Contract Tower,10,17,20,9,56,0,0,0,0,0,10,17,20,9,56,16,17,33,89
01/12/2011,AEX,LA,ASW,CE,Federal Contract Tower,6,18,19,26,69,0,0,0,0,0,6,18,19,26,69,19,17,36,105
01/13/2011,AEX,LA,ASW,CE,Federal Contract Tower,8,24,14,28,74,0,0,0,0,0,8,24,14,28,74,41,32,73,147
01/14/2011,AEX,LA,ASW,CE,Federal Contract Tower,6,28,16,40,90,0,0,0,0,0,6,28,16,40,90,54,19,73,163
01/15/2011,AEX,LA,ASW,CE,Federal Contract Tower,0,19,4,8,31,0,0,0,0,0,0,19,4,8,31,23,16,39,70
01/16/2011,AEX,LA,ASW,CE,Federal Contract Tower,2,23,4,2,31,0,0,0,0,0,2,23,4,2,31,1,2,3,34
01/17/2011,AEX,LA,ASW,CE,Federal Contract Tower,2,27,9,7,45,0,0,0,0,0,2,27,9,7,45,3,0,3,48
01/18/2011,AEX,LA,ASW,CE,Federal Contract Tower,6,26,15,30,77,0,0,0,0,0,6,26,15,30,77,15,7,22,99
01/19/2011,AEX,LA,ASW,CE,Federal Contract Tower,4,27,17,29,77,0,0,0,0,0,4,27,17,29,77,30,79,109,186
01/20/2011,AEX,LA,ASW,CE,Federal Contract Tower,4,27,18,7,56,0,0,0,0,0,4,27,18,7,56,0,0,0,56
01/21/2011,AEX,LA,ASW,CE,Federal Contract Tower,9,31,12,12,64,0,0,0,0,0,9,31,12,12,64,25,8,33,97
01/22/2011,AEX,LA,ASW,CE,Federal Contract Tower,1,20,6,17,44,0,0,0,0,0,1,20,6,17,44,36,17,53,97
01/23/2011,AEX,LA,ASW,CE,Federal Contract Tower,1,20,6,11,38,0,0,0,0,0,1,20,6,11,38,25,16,41,79
01/24/2011,AEX,LA,ASW,CE,Federal Contract Tower,7,26,29,19,81,0,0,0,0,0,7,26,29,19,81,1,0,1,82
01/25/2011,AEX,LA,ASW,CE,Federal Contract Tower,9,24,26,19,78,0,0,0,0,0,9,24,26,19,78,46,36,82,160
01/26/2011,AEX,LA,ASW,CE,Federal Contract Tower,2,23,15,13,53,0,0,0,0,0,2,23,15,13,53,55,16,71,124
01/27/2011,AEX,LA,ASW,CE,Federal Contract Tower,10,26,12,19,67,0,0,0,0,0,10,26,12,19,67,34,1,35,102
01/28/2011,AEX,LA,ASW,CE,Federal Contract Tower,12,25,23,24,84,0,0,0,0,0,12,25,23,24,84,43,11,54,138
01/29/2011,AEX,LA,ASW,CE,Federal Contract Tower,4,20,5,33,62,0,0,0,0,0,4,20,5,33,62,37,9,46,108
01/30/2011,AEX,LA,ASW,CE,Federal Contract Tower,6,24,2,0,32,0,0,0,0,0,6,24,2,0,32,5,0,5,37
01/31/2011,AEX,LA,ASW,CE,Federal Contract Tower,16,27,11,7,61,0,0,0,0,0,16,27,11,7,61,8,3,11,72
02/01/2011,AEX,LA,ASW,CE,Federal Contract Tower,0,0,6,10,16,0,0,44,28,72,0,0,50,38,88,232,136,368,456
02/02/2011,AEX,LA,ASW,CE,Federal Contract Tower,0,0,3,13,16,0,0,56,17,73,0,0,59,30,89,272,161,433,522
02/03/2011,AEX,LA,ASW,CE,Federal Contract Tower,0,0,1,1,2,0,0,47,30,77,0,0,48,31,79,291,130,421,500
02/04/2011,AEX,LA,ASW,CE,Federal Contract Tower,0,0,4,5,9,0,0,68,8,76,0,0,72,13,85,240,37,277,362
02/05/2011,AEX,LA,ASW,CE,Federal Contract Tower,0,0,0,4,4,0,0,51,3,54,0,0,51,7,58,282,26,308,366
02/06/2011,AEX,LA,ASW,CE,Federal Contract Tower,0,0,0,2,2,0,0,10,2,12,0,0,10,4,14,115,2,117,131
02/07/2011,AEX,LA,ASW,CE,Federal Contract Tower,0,0,5,11,16,0,0,41,10,51,0,0,46,21,67,166,104,270,337
02/08/2011,AEX,LA,ASW,CE,Federal Contract Tower,0,0,1,4,5,0,0,41,22,63,0,0,42,26,68,217,152,369,437
02/09/2011,AEX,LA,ASW,CE,Federal Contract Tower,0,0,3,16,19,0,0,66,16,82,0,0,69,32,101,386,122,508,609
02/10/2011,AEX,LA,ASW,CE,Federal Contract Tower,0,0,2,9,11,0,0,43,16,59,0,0,45,25,70,225,129,354,424
02/11/2011,AEX,LA,ASW,CE,Federal Contract Tower,0,0,3,3,6,0,0,29,11,40,0,0,32,14,46,161,116,277,323
02/12/2011,AEX,LA,ASW,CE,Federal Contract Tower,0,0,5,2,7,0,0,67,5,72,0,0,72,7,79,244,18,262,341
02/13/2011,AEX,LA,ASW,CE,Federal Contract Tower,0,0,1,4,5,0,0,56,10,66,0,0,57,14,71,219,3,222,293
02/14/2011,AEX,LA,ASW,CE,Federal Contract Tower,0,0,5,11,16,0,0,76,11,87,0,0,81,22,103,267,62,329,432
02/15/2011,AEX,LA,ASW,CE,Federal Contract Tower,0,0,2,6,8,0,0,58,19,77,0,0,60,25,85,298,111,409,494
02/16/2011,AEX,LA,ASW,CE,Federal Contract Tower,0,0,2,11,13,0,0,44,16,60,0,0,46,27,73,335,143,478,551
02/17/2011,AEX,LA,ASW,CE,Federal Contract Tower,0,0,3,9,12,0,0,69,13,82,0,0,72,22,94,291,112,403,497
02/18/2011,AEX,LA,ASW,CE,Federal Contract Tower,0,0,3,8,11,0,0,63,12,75,0,0,66,20,86,322,33,355,441
02/19/2011,AEX,LA,ASW,CE,Federal Contract Tower,0,0,2,2,4,0,0,46,4,50,0,0,48,6,54,250,16,266,320
02/20/2011,AEX,LA,ASW,CE,Federal Contract Tower,1,0,4,4,9,0,0,29,2,31,1,0,33,6,40,184,90,274,314
02/21/2011,AEX,LA,ASW,CE,Federal Contract Tower,0,0,0,2,2,0,0,43,3,46,0,0,43,5,48,218,2,220,268
02/22/2011,AEX,LA,ASW,CE,Federal Contract Tower,0,0,2,10,12,0,0,49,6,55,0,0,51,16,67,280,93,373,440
02/23/2011,AEX,LA,ASW,CE,Federal Contract Tower,0,0,4,9,13,0,0,56,17,73,0,0,60,26,86,339,186,525,611
02/24/2011,AEX,LA,ASW,CE,Federal Contract Tower,0,0,6,11,17,0,0,53,9,62,0,0,59,20,79,249,108,357,436
02/25/2011,AEX,LA,ASW,CE,Federal Contract Tower,0,0,9,3,12,0,0,32,6,38,0,0,41,9,50,173,103,276,326
02/26/2011,AEX,LA,ASW,CE,Federal Contract Tower,0,0,6,1,7,0,0,45,3,48,0,0,51,4,55,314,36,350,405
02/27/2011,AEX,LA,ASW,CE,Federal Contract Tower,0,0,7,1,8,0,0,48,0,48,0,0,55,1,56,219,11,230,286
02/28/2011,AEX,LA,ASW,CE,Federal Contract Tower,0,0,0,7,7,0,0,54,13,67,0,0,54,20,74,397,89,486,560
03/01/2011,AEX,LA,ASW,CE,Federal Contract Tower,13,25,10,16,64,0,0,0,0,0,13,25,10,16,64,37,9,46,110
03/02/2011,AEX,LA,ASW,CE,Federal Contract Tower,8,24,10,14,56,0,0,0,0,0,8,24,10,14,56,33,17,50,106
03/03/2011,AEX,LA,ASW,CE,Federal Contract Tower,7,31,27,21,86,0,0,0,0,0,7,31,27,21,86,29,20,49,135
03/04/2011,AEX,LA,ASW,CE,Federal Contract Tower,6,27,12,57,102,0,0,0,0,0,6,27,12,57,102,23,52,75,177
03/05/2011,AEX,LA,ASW,CE,Federal Contract Tower,5,21,12,0,38,0,0,0,0,0,5,21,12,0,38,0,0,0,38
03/06/2011,AEX,LA,ASW,CE,Federal Contract Tower,11,26,10,12,59,0,0,0,0,0,11,26,10,12,59,15,21,36,95
03/07/2011,AEX,LA,ASW,CE,Federal Contract Tower,27,27,6,15,75,0,0,0,0,0,27,27,6,15,75,37,11,48,123
03/08/2011,AEX,LA,ASW,CE,Federal Contract Tower,16,24,18,2,60,0,0,0,0,0,16,24,18,2,60,4,0,4,64
03/09/2011,AEX,LA,ASW,CE,Federal Contract Tower,11,21,9,16,57,0,0,0,0,0,11,21,9,16,57,23,10,33,90
03/10/2011,AEX,LA,ASW,CE,Federal Contract Tower,8,29,11,5,53,0,0,0,0,0,8,29,11,5,53,69,12,81,134
03/11/2011,AEX,LA,ASW,CE,Federal Contract Tower,5,29,21,29,84,0,0,0,0,0,5,29,21,29,84,89,19,108,192
03/12/2011,AEX,LA,ASW,CE,Federal Contract Tower,4,18,7,2,31,0,0,0,0,0,4,18,7,2,31,74,0,74,105
03/13/2011,AEX,LA,ASW,CE,Federal Contract Tower,0,27,8,24,59,0,0,20,0,20,0,27,28,24,79,27,23,50,129
03/14/2011,AEX,LA,ASW,CE,Federal Contract Tower,5,22,8,1,36,0,0,0,0,0,5,22,8,1,36,2,0,2,38
03/15/2011,AEX,LA,ASW,CE,Federal Contract Tower,5,24,12,29,70,0,0,0,0,0,5,24,12,29,70,53,14,67,137
03/16/2011,AEX,LA,ASW,CE,Federal Contract Tower,6,25,10,27,68,0,0,0,0,0,6,25,10,27,68,26,11,37,105
03/17/2011,AEX,LA,ASW,CE,Federal Contract Tower,4,29,19,11,63,0,0,0,0,0,4,29,19,11,63,2,6,8,71
03/18/2011,AEX,LA,ASW,CE,Federal Contract Tower,6,28,20,26,80,0,0,0,0,0,6,28,20,26,80,12,21,33,113
03/19/2011,AEX,LA,ASW,CE,Federal Contract Tower,2,22,13,5,42,0,0,0,0,0,2,22,13,5,42,18,10,28,70
03/20/2011,AEX,LA,ASW,CE,Federal Contract Tower,0,24,16,28,68,0,0,0,0,0,0,24,16,28,68,60,18,78,146
03/21/2011,AEX,LA,ASW,CE,Federal Contract Tower,3,27,12,21,63,0,0,0,0,0,3,27,12,21,63,82,27,109,172
03/22/2011,AEX,LA,ASW,CE,Federal Contract Tower,45,22,11,29,107,0,0,0,0,0,45,22,11,29,107,8,11,19,126
03/23/2011,AEX,LA,ASW,CE,Federal Contract Tower,5,23,23,29,80,0,0,0,0,0,5,23,23,29,80,32,18,50,130
03/24/2011,AEX,LA,ASW,CE,Federal Contract Tower,8,26,10,9,53,0,0,0,0,0,8,26,10,9,53,47,2,49,102
03/25/2011,AEX,LA,ASW,CE,Federal Contract Tower,7,25,19,40,91,0,0,0,0,0,7,25,19,40,91,58,41,99,190
03/26/2011,AEX,LA,ASW,CE,Federal Contract Tower,5,21,16,46,88,0,0,0,0,0,5,21,16,46,88,48,26,74,162
03/27/2011,AEX,LA,ASW,CE,Federal Contract Tower,0,25,9,19,53,0,0,0,0,0,0,25,9,19,53,22,2,24,77
03/28/2011,AEX,LA,ASW,CE,Federal Contract Tower,7,32,16,20,75,0,0,0,0,0,7,32,16,20,75,66,7,73,148
03/29/2011,AEX,LA,ASW,CE,Federal Contract Tower,11,23,12,10,56,0,0,0,0,0,11,23,12,10,56,10,11,21,77
03/30/2011,AEX,LA,ASW,CE,Federal Contract Tower,7,23,20,15,65,0,0,0,0,0,7,23,20,15,65,25,13,38,103
03/31/2011,AEX,LA,ASW,CE,Federal Contract Tower,13,27,18,22,80,0,0,0,0,0,13,27,18,22,80,3,10,13,93
04/01/2011,AEX,LA,ASW,CE,Federal Contract Tower,15,22,11,24,72,0,0,0,0,0,15,22,11,24,72,53,58,111,183
04/02/2011,AEX,LA,ASW,CE,Federal Contract Tower,11,20,7,8,46,0,0,0,0,0,11,20,7,8,46,61,16,77,123
04/03/2011,AEX,LA,ASW,CE,Federal Contract Tower,4,21,8,14,47,0,0,0,0,0,4,21,8,14,47,24,7,31,78
04/04/2011,AEX,LA,ASW,CE,Federal Contract Tower,4,21,2,9,36,0,0,0,0,0,4,21,2,9,36,26,0,26,62
04/05/2011,AEX,LA,ASW,CE,Federal Contract Tower,4,27,21,26,78,0,0,0,0,0,4,27,21,26,78,16,30,46,124
04/06/2011,AEX,LA,ASW,CE,Federal Contract Tower,4,22,23,35,84,0,0,0,0,0,4,22,23,35,84,32,27,59,143
04/07/2011,AEX,LA,ASW,CE,Federal Contract Tower,6,25,22,36,89,0,0,0,0,0,6,25,22,36,89,15,5,20,109
04/08/2011,AEX,LA,ASW,CE,Federal Contract Tower,7,22,10,15,54,0,0,0,0,0,7,22,10,15,54,39,5,44,98
04/09/2011,AEX,LA,ASW,CE,Federal Contract Tower,1,19,5,2,27,0,0,0,0,0,1,19,5,2,27,15,0,15,42
04/10/2011,AEX,LA,ASW,CE,Federal Contract Tower,0,25,8,0,33,0,0,0,0,0,0,25,8,0,33,6,0,6,39
04/11/2011,AEX,LA,ASW,CE,Federal Contract Tower,4,26,12,5,47,0,0,0,0,0,4,26,12,5,47,19,2,21,68
04/12/2011,AEX,LA,ASW,CE,Federal Contract Tower,2,20,16,20,58,0,0,0,0,0,2,20,16,20,58,74,0,74,132
04/13/2011,AEX,LA,ASW,CE,Federal Contract Tower,6,24,13,4,47,0,0,0,0,0,6,24,13,4,47,51,0,51,98
04/14/2011,AEX,LA,ASW,CE,Federal Contract Tower,6,25,18,32,81,0,0,0,0,0,6,25,18,32,81,27,17,44,125
04/15/2011,AEX,LA,ASW,CE,Federal Contract Tower,4,24,7,7,42,0,0,0,0,0,4,24,7,7,42,14,1,15,57
04/16/2011,AEX,LA,ASW,CE,Federal Contract Tower,0,20,7,15,42,0,0,0,0,0,0,20,7,15,42,15,31,46,88
04/17/2011,AEX,LA,ASW,CE,Federal Contract Tower,0,22,4,3,29,0,0,0,0,0,0,22,4,3,29,25,4,29,58
04/18/2011,AEX,LA,ASW,CE,Federal Contract Tower,4,29,10,37,80,0,0,0,0,0,4,29,10,37,80,38,5,43,123
04/19/2011,AEX,LA,ASW,CE,Federal Contract Tower,6,24,16,7,53,0,0,0,0,0,6,24,16,7,53,56,29,85,138
04/20/2011,AEX,LA,ASW,CE,Federal Contract Tower,2,23,15,6,46,0,0,0,0,0,2,23,15,6,46,59,0,59,105
04/21/2011,AEX,LA,ASW,CE,Federal Contract Tower,3,26,17,22,68,0,0,0,0,0,3,26,17,22,68,16,13,29,97
04/22/2011,AEX,LA,ASW,CE,Federal Contract Tower,6,26,4,27,63,0,0,2,2,4,6,26,6,29,67,2,5,7,74
04/23/2011,AEX,LA,ASW,CE,Federal Contract Tower,0,21,7,0,28,0,0,0,0,0,0,21,7,0,28,12,2,14,42
04/24/2011,AEX,LA,ASW,CE,Federal Contract Tower,1,17,1,0,19,0,0,0,0,0,1,17,1,0,19,12,2,14,33
04/25/2011,AEX,LA,ASW,CE,Federal Contract Tower,10,23,10,17,60,0,0,0,0,0,10,23,10,17,60,36,2,38,98
04/26/2011,AEX,LA,ASW,CE,Federal Contract Tower,5,31,9,33,78,0,0,0,0,0,5,31,9,33,78,34,3,37,115
04/27/2011,AEX,LA,ASW,CE,Federal Contract Tower,9,24,12,23,68,0,0,0,0,0,9,24,12,23,68,46,18,64,132
04/28/2011,AEX,LA,ASW,CE,Federal Contract Tower,10,18,21,14,63,0,0,0,0,0,10,18,21,14,63,38,15,53,116
04/29/2011,AEX,LA,ASW,CE,Federal Contract Tower,6,25,16,75,122,0,0,0,0,0,6,25,16,75,122,19,50,69,191
04/30/2011,AEX,LA,ASW,CE,Federal Contract Tower,1,18,9,10,38,0,0,0,0,0,1,18,9,10,38,3,1,4,42
05/01/2011,AEX,LA,ASW,CE,Federal Contract Tower,0,23,12,14,49,0,0,0,0,0,0,23,12,14,49,7,7,14,63
05/02/2011,AEX,LA,ASW,CE,Federal Contract Tower,4,24,9,6,43,0,0,0,0,0,4,24,9,6,43,7,0,7,50
05/03/2011,AEX,LA,ASW,CE,Federal Contract Tower,4,24,12,14,54,0,0,0,0,0,4,24,12,14,54,38,26,64,118
05/04/2011,AEX,LA,ASW,CE,Federal Contract Tower,3,25,11,26,65,0,0,0,0,0,3,25,11,26,65,51,32,83,148
05/05/2011,AEX,LA,ASW,CE,Federal Contract Tower,6,27,8,28,69,0,0,0,0,0,6,27,8,28,69,23,52,75,144
05/06/2011,AEX,LA,ASW,CE,Federal Contract Tower,8,25,16,49,98,0,0,0,0,0,8,25,16,49,98,50,39,89,187
05/07/2011,AEX,LA,ASW,CE,Federal Contract Tower,2,21,5,0,28,0,0,0,0,0,2,21,5,0,28,27,8,35,63
05/08/2011,AEX,LA,ASW,CE,Federal Contract Tower,5,23,8,35,71,0,0,0,0,0,5,23,8,35,71,32,6,38,109
05/09/2011,AEX,LA,ASW,CE,Federal Contract Tower,6,23,18,10,57,0,0,0,0,0,6,23,18,10,57,10,11,21,78
05/10/2011,AEX,LA,ASW,CE,Federal Contract Tower,5,26,7,10,48,0,0,0,0,0,5,26,7,10,48,41,2,43,91
05/11/2011,AEX,LA,ASW,CE,Federal Contract Tower,9,28,23,27,87,0,0,0,0,0,9,28,23,27,87,45,39,84,171
05/12/2011,AEX,LA,ASW,CE,Federal Contract Tower,6,24,13,5,48,0,0,0,0,0,6,24,13,5,48,27,21,48,96
05/13/2011,AEX,LA,ASW,CE,Federal Contract Tower,6,27,9,18,60,0,0,0,0,0,6,27,9,18,60,25,25,50,110
05/14/2011,AEX,LA,ASW,CE,Federal Contract Tower,2,20,3,4,29,0,0,0,0,0,2,20,3,4,29,55,4,59,88
05/15/2011,AEX,LA,ASW,CE,Federal Contract Tower,0,23,6,4,33,0,0,0,0,0,0,23,6,4,33,26,1,27,60
05/16/2011,AEX,LA,ASW,CE,Federal Contract Tower,7,27,10,14,58,0,0,0,0,0,7,27,10,14,58,32,4,36,94
05/17/2011,AEX,LA,ASW,CE,Federal Contract Tower,5,25,18,23,71,0,0,0,0,0,5,25,18,23,71,64,14,78,149
05/18/2011,AEX,LA,ASW,CE,Federal Contract Tower,4,24,17,26,71,0,0,0,0,0,4,24,17,26,71,68,39,107,178
05/19/2011,AEX,LA,ASW,CE,Federal Contract Tower,5,30,23,30,88,0,0,0,0,0,5,30,23,30,88,64,32,96,184
05/20/2011,AEX,LA,ASW,CE,Federal Contract Tower,10,24,16,4,54,0,0,0,0,0,10,24,16,4,54,25,31,56,110
05/21/2011,AEX,LA,ASW,CE,Federal Contract Tower,0,23,7,16,46,0,0,0,0,0,0,23,7,16,46,10,17,27,73
05/22/2011,AEX,LA,ASW,CE,Federal Contract Tower,0,23,8,39,70,0,0,0,0,0,0,23,8,39,70,19,30,49,119
05/23/2011,AEX,LA,ASW,CE,Federal Contract Tower,8,27,18,21,74,0,0,0,0,0,8,27,18,21,74,53,34,87,161
05/24/2011,AEX,LA,ASW,CE,Federal Contract Tower,6,24,18,12,60,0,0,0,0,0,6,24,18,12,60,48,27,75,135
05/25/2011,AEX,LA,ASW,CE,Federal Contract Tower,5,26,10,11,52,0,0,0,0,0,5,26,10,11,52,39,6,45,97
05/26/2011,AEX,LA,ASW,CE,Federal Contract Tower,8,24,11,38,81,0,0,0,0,0,8,24,11,38,81,41,51,92,173
05/27/2011,AEX,LA,ASW,CE,Federal Contract Tower,6,27,12,7,52,0,0,0,0,0,6,27,12,7,52,38,52,90,142
05/28/2011,AEX,LA,ASW,CE,Federal Contract Tower,2,22,3,0,27,0,0,0,0,0,2,22,3,0,27,41,0,41,68
05/29/2011,AEX,LA,ASW,CE,Federal Contract Tower,2,17,3,0,22,0,0,0,0,0,2,17,3,0,22,23,2,25,47
05/30/2011,AEX,LA,ASW,CE,Federal Contract Tower,1,23,13,2,39,0,0,0,0,0,1,23,13,2,39,26,19,45,84
05/31/2011,AEX,LA,ASW,CE,Federal Contract Tower,5,27,19,9,60,0,0,0,0,0,5,27,19,9,60,30,4,34,94
06/01/2011,AEX,LA,ASW,CE,Federal Contract Tower,10,25,13,15,63,0,0,0,0,0,10,25,13,15,63,55,3,58,121
06/02/2011,AEX,LA,ASW,CE,Federal Contract Tower,8,25,10,6,49,0,0,0,0,0,8,25,10,6,49,43,36,79,128
06/03/2011,AEX,LA,ASW,CE,Federal Contract Tower,6,26,12,22,66,0,0,0,0,0,6,26,12,22,66,52,40,92,158
06/04/2011,AEX,LA,ASW,CE,Federal Contract Tower,1,18,4,10,33,0,0,0,0,0,1,18,4,10,33,9,40,49,82
06/05/2011,AEX,LA,ASW,CE,Federal Contract Tower,0,25,12,19,56,0,0,0,0,0,0,25,12,19,56,40,7,47,103
06/06/2011,AEX,LA,ASW,CE,Federal Contract Tower,8,25,10,8,51,0,0,0,0,0,8,25,10,8,51,34,20,54,105
06/07/2011,AEX,LA,ASW,CE,Federal Contract Tower,3,26,8,19,56,0,0,0,0,0,3,26,8,19,56,24,9,33,89
06/08/2011,AEX,LA,ASW,CE,Federal Contract Tower,4,22,18,14,58,0,0,0,0,0,4,22,18,14,58,17,3,20,78
06/09/2011,AEX,LA,ASW,CE,Federal Contract Tower,8,26,9,24,67,0,0,0,0,0,8,26,9,24,67,22,30,52,119
06/10/2011,AEX,LA,ASW,CE,Federal Contract Tower,6,28,16,47,97,0,0,0,0,0,6,28,16,47,97,42,25,67,164
06/11/2011,AEX,LA,ASW,CE,Federal Contract Tower,2,20,8,2,32,0,0,0,0,0,2,20,8,2,32,51,4,55,87
06/12/2011,AEX,LA,ASW,CE,Federal Contract Tower,1,23,6,11,41,0,0,0,0,0,1,23,6,11,41,50,6,56,97
06/13/2011,AEX,LA,ASW,CE,Federal Contract Tower,7,25,10,36,78,0,0,0,0,0,7,25,10,36,78,18,27,45,123
06/14/2011,AEX,LA,ASW,CE,Federal Contract Tower,5,20,4,38,67,0,0,0,0,0,5,20,4,38,67,25,4,29,96
06/15/2011,AEX,LA,ASW,CE,Federal Contract Tower,1,27,17,16,61,0,0,0,0,0,1,27,17,16,61,24,9,33,94
06/16/2011,AEX,LA,ASW,CE,Federal Contract Tower,8,24,20,30,82,0,0,0,0,0,8,24,20,30,82,56,45,101,183
06/17/2011,AEX,LA,ASW,CE,Federal Contract Tower,9,24,13,56,102,0,0,0,0,0,9,24,13,56,102,36,104,140,242
06/18/2011,AEX,LA,ASW,CE,Federal Contract Tower,2,20,2,15,39,0,0,0,0,0,2,20,2,15,39,100,2,102,141
06/19/2011,AEX,LA,ASW,CE,Federal Contract Tower,0,22,9,28,59,0,0,0,0,0,0,22,9,28,59,39,31,70,129
06/20/2011,AEX,LA,ASW,CE,Federal Contract Tower,6,23,12,22,63,0,0,0,0,0,6,23,12,22,63,40,41,81,144
06/21/2011,AEX,LA,ASW,CE,Federal Contract Tower,6,23,11,6,46,0,0,0,0,0,6,23,11,6,46,5,4,9,55
06/22/2011,AEX,LA,ASW,CE,Federal Contract Tower,7,27,10,6,50,0,0,0,0,0,7,27,10,6,50,0,4,4,54
06/23/2011,AEX,LA,ASW,CE,Federal Contract Tower,6,27,12,31,76,0,0,0,0,0,6,27,12,31,76,12,29,41,117
06/24/2011,AEX,LA,ASW,CE,Federal Contract Tower,3,27,29,20,79,0,0,0,0,0,3,27,29,20,79,25,10,35,114
06/25/2011,AEX,LA,ASW,CE,Federal Contract Tower,2,19,17,6,44,0,0,0,0,0,2,19,17,6,44,25,13,38,82
06/26/2011,AEX,LA,ASW,CE,Federal Contract Tower,1,22,8,34,65,0,0,0,0,0,1,22,8,34,65,30,21,51,116
06/27/2011,AEX,LA,ASW,CE,Federal Contract Tower,9,25,8,10,52,0,0,0,0,0,9,25,8,10,52,0,36,36,88
06/28/2011,AEX,LA,ASW,CE,Federal Contract Tower,9,23,8,17,57,0,0,0,0,0,9,23,8,17,57,36,8,44,101
06/29/2011,AEX,LA,ASW,CE,Federal Contract Tower,8,26,14,16,64,0,0,8,0,8,8,26,22,16,72,6,15,21,93
06/30/2011,AEX,LA,ASW,CE,Federal Contract Tower,6,24,19,11,60,0,0,0,0,0,6,24,19,11,60,41,10,51,111
07/01/2011,AEX,LA,ASW,CE,Federal Contract Tower,9,24,18,4,55,0,0,0,0,0,9,24,18,4,55,33,1,34,89
07/02/2011,AEX,LA,ASW,CE,Federal Contract Tower,1,23,8,0,32,0,0,0,0,0,1,23,8,0,32,79,0,79,111
07/03/2011,AEX,LA,ASW,CE,Federal Contract Tower,0,16,7,0,23,0,0,0,0,0,0,16,7,0,23,33,0,33,56
07/04/2011,AEX,LA,ASW,CE,Federal Contract Tower,0,24,20,15,59,0,0,0,0,0,0,24,20,15,59,10,4,14,73
07/05/2011,AEX,LA,ASW,CE,Federal Contract Tower,6,29,13,20,68,0,0,0,0,0,6,29,13,20,68,40,39,79,147
07/06/2011,AEX,LA,ASW,CE,Federal Contract Tower,7,26,10,19,62,0,0,0,0,0,7,26,10,19,62,57,17,74,136
07/07/2011,AEX,LA,ASW,CE,Federal Contract Tower,4,24,4,17,49,0,0,0,0,0,4,24,4,17,49,30,8,38,87
07/08/2011,AEX,LA,ASW,CE,Federal Contract Tower,6,25,6,24,61,0,0,0,0,0,6,25,6,24,61,21,3,24,85
07/09/2011,AEX,LA,ASW,CE,Federal Contract Tower,2,19,6,3,30,0,0,0,0,0,2,19,6,3,30,30,6,36,66
07/10/2011,AEX,LA,ASW,CE,Federal Contract Tower,0,29,8,0,37,0,0,0,0,0,0,29,8,0,37,55,4,59,96
07/11/2011,AEX,LA,ASW,CE,Federal Contract Tower,4,24,12,31,71,0,0,0,0,0,4,24,12,31,71,59,21,80,151
07/12/2011,AEX,LA,ASW,CE,Federal Contract Tower,4,26,10,37,77,0,0,0,0,0,4,26,10,37,77,13,40,53,130
07/13/2011,AEX,LA,ASW,CE,Federal Contract Tower,6,27,12,12,57,0,0,0,0,0,6,27,12,12,57,76,51,127,184
07/14/2011,AEX,LA,ASW,CE,Federal Contract Tower,6,24,10,10,50,0,0,0,0,0,6,24,10,10,50,9,8,17,67
07/15/2011,AEX,LA,ASW,CE,Federal Contract Tower,6,22,18,4,50,0,0,0,0,0,6,22,18,4,50,14,20,34,84
07/16/2011,AEX,LA,ASW,CE,Federal Contract Tower,0,20,1,0,21,0,0,0,0,0,0,20,1,0,21,8,3,11,32
07/17/2011,AEX,LA,ASW,CE,Federal Contract Tower,4,21,6,0,31,0,0,0,0,0,4,21,6,0,31,15,8,23,54
07/18/2011,AEX,LA,ASW,CE,Federal Contract Tower,6,24,20,21,71,0,0,0,0,0,6,24,20,21,71,5,3,8,79
07/19/2011,AEX,LA,ASW,CE,Federal Contract Tower,4,24,23,5,56,0,0,0,0,0,4,24,23,5,56,64,17,81,137
07/20/2011,AEX,LA,ASW,CE,Federal Contract Tower,2,26,11,12,51,0,0,0,0,0,2,26,11,12,51,45,0,45,96
07/21/2011,AEX,LA,ASW,CE,Federal Contract Tower,6,24,8,30,68,0,0,0,0,0,6,24,8,30,68,36,30,66,134
07/22/2011,AEX,LA,ASW,CE,Federal Contract Tower,8,24,16,30,78,0,0,0,0,0,8,24,16,30,78,30,8,38,116
07/23/2011,AEX,LA,ASW,CE,Federal Contract Tower,3,24,8,2,37,0,0,0,0,0,3,24,8,2,37,33,0,33,70
07/24/2011,AEX,LA,ASW,CE,Federal Contract Tower,1,27,5,5,38,0,0,0,0,0,1,27,5,5,38,23,0,23,61
07/25/2011,AEX,LA,ASW,CE,Federal Contract Tower,8,26,13,11,58,0,0,0,0,0,8,26,13,11,58,52,4,56,114
07/26/2011,AEX,LA,ASW,CE,Federal Contract Tower,10,24,6,6,46,0,0,0,0,0,10,24,6,6,46,52,9,61,107
07/27/2011,AEX,LA,ASW,CE,Federal Contract Tower,9,26,11,17,63,0,0,0,0,0,9,26,11,17,63,35,10,45,108
07/28/2011,AEX,LA,ASW,CE,Federal Contract Tower,11,23,10,3,47,0,0,0,0,0,11,23,10,3,47,37,15,52,99
07/29/2011,AEX,LA,ASW,CE,Federal Contract Tower,5,24,13,8,50,0,0,0,0,0,5,24,13,8,50,51,22,73,123
07/30/2011,AEX,LA,ASW,CE,Federal Contract Tower,4,20,5,8,37,0,0,0,0,0,4,20,5,8,37,58,2,60,97
07/31/2011,AEX,LA,ASW,CE,Federal Contract Tower,10,24,4,29,67,0,0,0,0,0,10,24,4,29,67,27,16,43,110
08/01/2011,AEX,LA,ASW,CE,Federal Contract Tower,19,24,11,44,98,0,0,0,0,0,19,24,11,44,98,26,35,61,159
08/02/2011,AEX,LA,ASW,CE,Federal Contract Tower,19,24,11,12,66,0,0,0,0,0,19,24,11,12,66,45,50,95,161
08/03/2011,AEX,LA,ASW,CE,Federal Contract Tower,11,24,22,6,63,0,0,0,0,0,11,24,22,6,63,61,49,110,173
08/04/2011,AEX,LA,ASW,CE,Federal Contract Tower,6,27,8,39,80,0,0,0,0,0,6,27,8,39,80,59,59,118,198
08/05/2011,AEX,LA,ASW,CE,Federal Contract Tower,9,23,15,55,102,0,0,0,0,0,9,23,15,55,102,54,39,93,195
08/06/2011,AEX,LA,ASW,CE,Federal Contract Tower,0,20,2,6,28,0,0,0,0,0,0,20,2,6,28,67,9,76,104
08/07/2011,AEX,LA,ASW,CE,Federal Contract Tower,0,25,6,14,45,0,0,0,0,0,0,25,6,14,45,24,6,30,75
08/08/2011,AEX,LA,ASW,CE,Federal Contract Tower,6,25,9,32,72,0,0,0,0,0,6,25,9,32,72,6,68,74,146
08/09/2011,AEX,LA,ASW,CE,Federal Contract Tower,4,26,5,23,58,0,0,0,0,0,4,26,5,23,58,51,32,83,141
08/10/2011,AEX,LA,ASW,CE,Federal Contract Tower,10,23,17,49,99,0,0,0,0,0,10,23,17,49,99,68,74,142,241
08/11/2011,AEX,LA,ASW,CE,Federal Contract Tower,5,25,9,17,56,0,0,0,0,0,5,25,9,17,56,21,22,43,99
08/12/2011,AEX,LA,ASW,CE,Federal Contract Tower,4,27,13,27,71,0,0,0,0,0,4,27,13,27,71,51,52,103,174
08/13/2011,AEX,LA,ASW,CE,Federal Contract Tower,0,23,9,6,38,0,0,0,0,0,0,23,9,6,38,18,10,28,66
08/14/2011,AEX,LA,ASW,CE,Federal Contract Tower,0,25,22,5,52,0,0,0,0,0,0,25,22,5,52,28,23,51,103
08/15/2011,AEX,LA,ASW,CE,Federal Contract Tower,4,28,14,16,62,0,0,0,0,0,4,28,14,16,62,60,79,139,201
08/16/2011,AEX,LA,ASW,CE,Federal Contract Tower,6,24,14,16,60,0,0,0,0,0,6,24,14,16,60,57,34,91,151
08/17/2011,AEX,LA,ASW,CE,Federal Contract Tower,6,24,4,33,67,0,0,0,0,0,6,24,4,33,67,81,46,127,194
08/18/2011,AEX,LA,ASW,CE,Federal Contract Tower,10,26,5,23,64,0,0,0,0,0,10,26,5,23,64,36,53,89,153
08/19/2011,AEX,LA,ASW,CE,Federal Contract Tower,8,24,10,17,59,0,0,0,0,0,8,24,10,17,59,40,31,71,130
08/20/2011,AEX,LA,ASW,CE,Federal Contract Tower,0,20,4,8,32,0,0,0,0,0,0,20,4,8,32,8,30,38,70
08/21/2011,AEX,LA,ASW,CE,Federal Contract Tower,2,25,11,20,58,0,0,0,0,0,2,25,11,20,58,24,14,38,96
08/22/2011,AEX,LA,ASW,CE,Federal Contract Tower,6,28,11,9,54,0,0,0,0,0,6,28,11,9,54,14,12,26,80
08/23/2011,AEX,LA,ASW,CE,Federal Contract Tower,10,22,7,24,63,0,0,0,0,0,10,22,7,24,63,28,35,63,126
08/24/2011,AEX,LA,ASW,CE,Federal Contract Tower,10,26,12,27,75,0,0,0,0,0,10,26,12,27,75,24,49,73,148
08/25/2011,AEX,LA,ASW,CE,Federal Contract Tower,18,25,11,34,88,0,0,0,0,0,18,25,11,34,88,45,35,80,168
08/26/2011,AEX,LA,ASW,CE,Federal Contract Tower,18,24,14,35,91,0,0,0,0,0,18,24,14,35,91,20,44,64,155
08/27/2011,AEX,LA,ASW,CE,Federal Contract Tower,13,18,4,0,35,0,0,0,0,0,13,18,4,0,35,16,0,16,51
08/28/2011,AEX,LA,ASW,CE,Federal Contract Tower,8,20,4,0,32,0,0,0,0,0,8,20,4,0,32,12,3,15,47
08/29/2011,AEX,LA,ASW,CE,Federal Contract Tower,12,24,8,16,60,0,0,0,0,0,12,24,8,16,60,15,7,22,82
08/30/2011,AEX,LA,ASW,CE,Federal Contract Tower,13,27,5,28,73,0,0,0,0,0,13,27,5,28,73,20,4,24,97
08/31/2011,AEX,LA,ASW,CE,Federal Contract Tower,6,22,10,17,55,0,0,0,0,0,6,22,10,17,55,46,22,68,123
09/01/2011,AEX,LA,ASW,CE,Federal Contract Tower,8,28,17,33,86,0,0,0,0,0,8,28,17,33,86,37,14,51,137
09/02/2011,AEX,LA,ASW,CE,Federal Contract Tower,6,25,11,3,45,0,0,0,0,0,6,25,11,3,45,39,6,45,90
09/03/2011,AEX,LA,ASW,CE,Federal Contract Tower,1,13,1,0,15,0,0,0,0,0,1,13,1,0,15,0,0,0,15
09/04/2011,AEX,LA,ASW,CE,Federal Contract Tower,1,10,1,0,12,0,0,0,0,0,1,10,1,0,12,4,0,4,16
09/05/2011,AEX,LA,ASW,CE,Federal Contract Tower,0,21,4,0,25,0,0,0,0,0,0,21,4,0,25,9,4,13,38
09/06/2011,AEX,LA,ASW,CE,Federal Contract Tower,8,25,12,58,103,0,0,0,0,0,8,25,12,58,103,39,18,57,160
09/07/2011,AEX,LA,ASW,CE,Federal Contract Tower,4,23,13,17,57,0,0,0,0,0,4,23,13,17,57,32,14,46,103
09/08/2011,AEX,LA,ASW,CE,Federal Contract Tower,4,24,7,27,62,0,0,0,0,0,4,24,7,27,62,46,6,52,114
09/09/2011,AEX,LA,ASW,CE,Federal Contract Tower,5,25,8,24,62,0,0,0,0,0,5,25,8,24,62,55,66,121,183
09/10/2011,AEX,LA,ASW,CE,Federal Contract Tower,1,23,5,10,39,0,0,0,0,0,1,23,5,10,39,54,20,74,113
09/11/2011,AEX,LA,ASW,CE,Federal Contract Tower,0,26,1,4,31,0,0,0,0,0,0,26,1,4,31,70,2,72,103
09/12/2011,AEX,LA,ASW,CE,Federal Contract Tower,5,28,10,6,49,0,0,0,0,0,5,28,10,6,49,46,10,56,105
09/13/2011,AEX,LA,ASW,CE,Federal Contract Tower,6,22,16,19,63,0,0,0,0,0,6,22,16,19,63,28,21,49,112
09/14/2011,AEX,LA,ASW,CE,Federal Contract Tower,8,22,10,9,49,0,0,0,0,0,8,22,10,9,49,8,17,25,74
09/15/2011,AEX,LA,ASW,CE,Federal Contract Tower,3,24,15,21,63,0,0,0,0,0,3,24,15,21,63,11,8,19,82
09/16/2011,AEX,LA,ASW,CE,Federal Contract Tower,5,26,11,55,97,0,0,0,0,0,5,26,11,55,97,46,27,73,170
09/17/2011,AEX,LA,ASW,CE,Federal Contract Tower,0,19,3,4,26,0,0,0,0,0,0,19,3,4,26,72,16,88,114
09/18/2011,AEX,LA,ASW,CE,Federal Contract Tower,4,23,9,18,54,0,0,0,0,0,4,23,9,18,54,16,30,46,100
09/19/2011,AEX,LA,ASW,CE,Federal Contract Tower,6,24,12,18,60,0,0,0,0,0,6,24,12,18,60,12,1,13,73
09/20/2011,AEX,LA,ASW,CE,Federal Contract Tower,4,21,12,14,51,0,0,0,0,0,4,21,12,14,51,43,31,74,125
09/21/2011,AEX,LA,ASW,CE,Federal Contract Tower,2,21,15,12,50,0,0,0,0,0,2,21,15,12,50,29,46,75,125
09/22/2011,AEX,LA,ASW,CE,Federal Contract Tower,6,26,9,22,63,0,0,0,0,0,6,26,9,22,63,12,13,25,88
09/23/2011,AEX,LA,ASW,CE,Federal Contract Tower,7,26,18,55,106,0,0,0,0,0,7,26,18,55,106,40,48,88,194
09/24/2011,AEX,LA,ASW,CE,Federal Contract Tower,1,18,5,13,37,0,0,0,0,0,1,18,5,13,37,49,53,102,139
09/25/2011,AEX,LA,ASW,CE,Federal Contract Tower,0,22,9,16,47,0,0,0,0,0,0,22,9,16,47,49,8,57,104
09/26/2011,AEX,LA,ASW,CE,Federal Contract Tower,9,29,8,7,53,0,0,0,0,0,9,29,8,7,53,29,2,31,84
09/27/2011,AEX,LA,ASW,CE,Federal Contract Tower,9,28,10,17,64,0,0,0,0,0,9,28,10,17,64,60,47,107,171
09/28/2011,AEX,LA,ASW,CE,Federal Contract Tower,6,21,20,18,65,0,0,0,0,0,6,21,20,18,65,19,17,36,101
09/29/2011,AEX,LA,ASW,CE,Federal Contract Tower,6,28,4,5,43,0,0,0,0,0,6,28,4,5,43,26,6,32,75
09/30/2011,AEX,LA,ASW,CE,Federal Contract Tower,6,25,12,7,50,0,0,0,0,0,6,25,12,7,50,20,10,30,80
10/01/2011,AEX,LA,ASW,CE,Federal Contract Tower,4,20,12,0,36,0,0,0,0,0,4,20,12,0,36,13,0,13,49
10/02/2011,AEX,LA,ASW,CE,Federal Contract Tower,0,24,9,0,33,0,0,0,0,0,0,24,9,0,33,33,4,37,70
10/03/2011,AEX,LA,ASW,CE,Federal Contract Tower,6,22,10,17,55,0,0,0,0,0,6,22,10,17,55,34,24,58,113
10/04/2011,AEX,LA,ASW,CE,Federal Contract Tower,4,20,12,4,40,0,0,0,0,0,4,20,12,4,40,33,9,42,82
10/05/2011,AEX,LA,ASW,CE,Federal Contract Tower,4,18,20,30,72,0,0,0,0,0,4,18,20,30,72,50,16,66,138
10/06/2011,AEX,LA,ASW,CE,Federal Contract Tower,10,27,16,35,88,0,0,0,0,0,10,27,16,35,88,14,16,30,118
10/07/2011,AEX,LA,ASW,CE,Federal Contract Tower,5,26,11,16,58,0,0,0,0,0,5,26,11,16,58,29,6,35,93
10/08/2011,AEX,LA,ASW,CE,Federal Contract Tower,3,18,2,0,23,0,0,0,0,0,3,18,2,0,23,21,0,21,44
10/09/2011,AEX,LA,ASW,CE,Federal Contract Tower,1,21,5,2,29,0,0,0,0,0,1,21,5,2,29,23,0,23,52
10/10/2011,AEX,LA,ASW,CE,Federal Contract Tower,4,25,11,1,41,0,0,0,0,0,4,25,11,1,41,44,0,44,85
10/11/2011,AEX,LA,ASW,CE,Federal Contract Tower,4,20,15,19,58,0,0,0,0,0,4,20,15,19,58,30,9,39,97
10/12/2011,AEX,LA,ASW,CE,Federal Contract Tower,5,20,12,22,59,0,0,0,0,0,5,20,12,22,59,10,12,22,81
10/13/2011,AEX,LA,ASW,CE,Federal Contract Tower,8,24,19,32,83,0,0,0,0,0,8,24,19,32,83,19,48,67,150
10/14/2011,AEX,LA,ASW,CE,Federal Contract Tower,8,29,12,42,91,0,0,0,0,0,8,29,12,42,91,15,11,26,117
10/15/2011,AEX,LA,ASW,CE,Federal Contract Tower,2,18,5,6,31,0,0,0,0,0,2,18,5,6,31,36,12,48,79
10/16/2011,AEX,LA,ASW,CE,Federal Contract Tower,0,24,5,23,52,0,0,0,0,0,0,24,5,23,52,26,46,72,124
10/17/2011,AEX,LA,ASW,CE,Federal Contract Tower,9,31,19,37,96,0,0,0,0,0,9,31,19,37,96,36,16,52,148
10/18/2011,AEX,LA,ASW,CE,Federal Contract Tower,6,20,8,17,51,0,0,0,0,0,6,20,8,17,51,10,1,11,62
10/19/2011,AEX,LA,ASW,CE,Federal Contract Tower,7,24,7,24,62,0,0,0,0,0,7,24,7,24,62,7,13,20,82
10/20/2011,AEX,LA,ASW,CE,Federal Contract Tower,8,28,10,19,65,0,0,0,0,0,8,28,10,19,65,20,6,26,91
10/21/2011,AEX,LA,ASW,CE,Federal Contract Tower,7,27,10,62,106,0,0,0,0,0,7,27,10,62,106,58,17,75,181
10/22/2011,AEX,LA,ASW,CE,Federal Contract Tower,3,21,2,2,28,0,0,0,0,0,3,21,2,2,28,17,2,19,47
10/23/2011,AEX,LA,ASW,CE,Federal Contract Tower,2,20,4,11,37,0,0,0,0,0,2,20,4,11,37,22,6,28,65
10/24/2011,AEX,LA,ASW,CE,Federal Contract Tower,7,23,9,39,78,0,0,0,0,0,7,23,9,39,78,15,58,73,151
10/25/2011,AEX,LA,ASW,CE,Federal Contract Tower,17,23,8,12,60,0,0,0,0,0,17,23,8,12,60,16,26,42,102
10/26/2011,AEX,LA,ASW,CE,Federal Contract Tower,24,20,18,60,122,0,0,0,0,0,24,20,18,60,122,54,55,109,231
10/27/2011,AEX,LA,ASW,CE,Federal Contract Tower,23,23,8,16,70,0,0,0,0,0,23,23,8,16,70,22,9,31,101
10/28/2011,AEX,LA,ASW,CE,Federal Contract Tower,17,31,12,49,109,0,0,0,0,0,17,31,12,49,109,13,26,39,148
10/29/2011,AEX,LA,ASW,CE,Federal Contract Tower,5,19,9,14,47,0,0,0,0,0,5,19,9,14,47,28,8,36,83
10/30/2011,AEX,LA,ASW,CE,Federal Contract Tower,0,24,5,20,49,0,0,0,0,0,0,24,5,20,49,43,2,45,94
10/31/2011,AEX,LA,ASW,CE,Federal Contract Tower,5,26,5,3,39,0,0,0,0,0,5,26,5,3,39,54,2,56,95
11/01/2011,AEX,LA,ASW,CE,Federal Contract Tower,7,22,4,6,39,0,0,0,0,0,7,22,4,6,39,36,11,47,86
11/02/2011,AEX,LA,ASW,CE,Federal Contract Tower,2,22,7,8,39,0,0,0,0,0,2,22,7,8,39,40,27,67,106
11/03/2011,AEX,LA,ASW,CE,Federal Contract Tower,6,24,19,32,81,0,0,0,0,0,6,24,19,32,81,43,30,73,154
11/04/2011,AEX,LA,ASW,CE,Federal Contract Tower,5,24,10,5,44,0,0,0,0,0,5,24,10,5,44,32,3,35,79
11/05/2011,AEX,LA,ASW,CE,Federal Contract Tower,1,21,11,14,47,0,0,0,0,0,1,21,11,14,47,20,4,24,71
11/06/2011,AEX,LA,ASW,CE,Federal Contract Tower,1,24,13,27,65,0,0,0,0,0,1,24,13,27,65,11,12,23,88
11/07/2011,AEX,LA,ASW,CE,Federal Contract Tower,3,28,12,5,48,0,0,0,0,0,3,28,12,5,48,22,12,34,82
11/08/2011,AEX,LA,ASW,CE,Federal Contract Tower,6,18,9,5,38,0,0,0,0,0,6,18,9,5,38,7,6,13,51
11/09/2011,AEX,LA,ASW,CE,Federal Contract Tower,6,27,17,28,78,0,0,0,0,0,6,27,17,28,78,42,53,95,173
11/10/2011,AEX,LA,ASW,CE,Federal Contract Tower,12,28,4,13,57,0,0,0,0,0,12,28,4,13,57,40,21,61,118
11/11/2011,AEX,LA,ASW,CE,Federal Contract Tower,0,25,8,41,74,0,0,0,0,0,0,25,8,41,74,30,12,42,116
11/12/2011,AEX,LA,ASW,CE,Federal Contract Tower,2,19,9,0,30,0,0,0,0,0,2,19,9,0,30,20,0,20,50
11/13/2011,AEX,LA,ASW,CE,Federal Contract Tower,0,31,6,0,37,0,0,0,0,0,0,31,6,0,37,21,2,23,60
11/14/2011,AEX,LA,ASW,CE,Federal Contract Tower,4,27,8,7,46,0,0,0,0,0,4,27,8,7,46,24,10,34,80
11/15/2011,AEX,LA,ASW,CE,Federal Contract Tower,6,27,10,10,53,0,0,0,0,0,6,27,10,10,53,43,15,58,111
11/16/2011,AEX,LA,ASW,CE,Federal Contract Tower,6,29,25,20,80,0,0,0,0,0,6,29,25,20,80,46,18,64,144
11/17/2011,AEX,LA,ASW,CE,Federal Contract Tower,6,28,10,15,59,0,0,0,0,0,6,28,10,15,59,24,6,30,89
11/18/2011,AEX,LA,ASW,CE,Federal Contract Tower,5,25,19,13,62,0,0,0,0,0,5,25,19,13,62,25,10,35,97
11/19/2011,AEX,LA,ASW,CE,Federal Contract Tower,11,19,10,10,50,0,0,0,0,0,11,19,10,10,50,35,14,49,99
11/20/2011,AEX,LA,ASW,CE,Federal Contract Tower,14,24,6,8,52,0,0,0,0,0,14,24,6,8,52,6,2,8,60
11/21/2011,AEX,LA,ASW,CE,Federal Contract Tower,20,28,5,46,99,0,0,0,0,0,20,28,5,46,99,8,14,22,121
11/22/2011,AEX,LA,ASW,CE,Federal Contract Tower,22,26,2,2,52,0,0,0,0,0,22,26,2,2,52,1,0,1,53
11/23/2011,AEX,LA,ASW,CE,Federal Contract Tower,10,32,11,16,69,0,0,0,0,0,10,32,11,16,69,52,1,53,122
11/24/2011,AEX,LA,ASW,CE,Federal Contract Tower,0,22,6,0,28,0,0,0,0,0,0,22,6,0,28,28,0,28,56
11/25/2011,AEX,LA,ASW,CE,Federal Contract Tower,4,18,9,0,31,0,0,0,0,0,4,18,9,0,31,34,0,34,65
11/26/2011,AEX,LA,ASW,CE,Federal Contract Tower,0,30,4,0,34,0,0,0,0,0,0,30,4,0,34,11,0,11,45
11/27/2011,AEX,LA,ASW,CE,Federal Contract Tower,0,30,7,1,38,0,0,0,0,0,0,30,7,1,38,3,1,4,42
11/28/2011,AEX,LA,ASW,CE,Federal Contract Tower,5,24,13,19,61,0,0,0,0,0,5,24,13,19,61,28,15,43,104
11/29/2011,AEX,LA,ASW,CE,Federal Contract Tower,9,24,6,7,46,0,0,0,0,0,9,24,6,7,46,31,2,33,79
11/30/2011,AEX,LA,ASW,CE,Federal Contract Tower,6,23,17,14,60,0,0,0,0,0,6,23,17,14,60,44,19,63,123
12/01/2011,AEX,LA,ASW,CE,Federal Contract Tower,6,25,21,20,72,0,0,0,0,0,6,25,21,20,72,15,51,66,138
12/02/2011,AEX,LA,ASW,CE,Federal Contract Tower,6,24,9,21,60,0,0,0,0,0,6,24,9,21,60,14,20,34,94
12/03/2011,AEX,LA,ASW,CE,Federal Contract Tower,0,19,6,7,32,0,0,0,0,0,0,19,6,7,32,10,11,21,53
12/04/2011,AEX,LA,ASW,CE,Federal Contract Tower,0,23,4,3,30,0,0,0,0,0,0,23,4,3,30,2,1,3,33
12/05/2011,AEX,LA,ASW,CE,Federal Contract Tower,4,28,5,3,40,0,0,0,0,0,4,28,5,3,40,0,0,0,40
12/06/2011,AEX,LA,ASW,CE,Federal Contract Tower,8,25,9,14,56,0,0,0,0,0,8,25,9,14,56,9,2,11,67
12/07/2011,AEX,LA,ASW,CE,Federal Contract Tower,6,22,13,24,65,0,0,0,0,0,6,22,13,24,65,52,26,78,143
12/08/2011,AEX,LA,ASW,CE,Federal Contract Tower,4,25,8,20,57,0,0,0,0,0,4,25,8,20,57,18,9,27,84
12/09/2011,AEX,LA,ASW,CE,Federal Contract Tower,5,24,15,27,71,0,0,0,0,0,5,24,15,27,71,29,75,104,175
12/10/2011,AEX,LA,ASW,CE,Federal Contract Tower,0,20,8,6,34,0,0,0,0,0,0,20,8,6,34,30,24,54,88
12/11/2011,AEX,LA,ASW,CE,Federal Contract Tower,1,22,13,17,53,0,0,0,0,0,1,22,13,17,53,28,35,63,116
12/12/2011,AEX,LA,ASW,CE,Federal Contract Tower,6,23,10,41,80,0,0,0,0,0,6,23,10,41,80,29,17,46,126
12/13/2011,AEX,LA,ASW,CE,Federal Contract Tower,9,32,4,51,96,0,0,0,0,0,9,32,4,51,96,10,12,22,118
12/14/2011,AEX,LA,ASW,CE,Federal Contract Tower,4,22,22,9,57,0,0,0,0,0,4,22,22,9,57,6,14,20,77
12/15/2011,AEX,LA,ASW,CE,Federal Contract Tower,6,24,13,13,56,0,0,0,0,0,6,24,13,13,56,20,16,36,92
12/16/2011,AEX,LA,ASW,CE,Federal Contract Tower,10,29,8,8,55,0,0,0,0,0,10,29,8,8,55,0,0,0,55
12/17/2011,AEX,LA,ASW,CE,Federal Contract Tower,0,23,13,8,44,0,0,0,0,0,0,23,13,8,44,30,30,60,104
12/18/2011,AEX,LA,ASW,CE,Federal Contract Tower,0,24,4,4,32,0,0,0,0,0,0,24,4,4,32,23,4,27,59
12/19/2011,AEX,LA,ASW,CE,Federal Contract Tower,6,28,4,23,61,0,0,0,0,0,6,28,4,23,61,20,24,44,105
12/20/2011,AEX,LA,ASW,CE,Federal Contract Tower,5,24,0,4,33,0,0,0,0,0,5,24,0,4,33,0,0,0,33
12/21/2011,AEX,LA,ASW,CE,Federal Contract Tower,2,27,15,17,61,0,0,6,0,6,2,27,21,17,67,7,5,12,79
12/22/2011,AEX,LA,ASW,CE,Federal Contract Tower,7,24,4,0,35,0,0,0,0,0,7,24,4,0,35,0,0,0,35
12/23/2011,AEX,LA,ASW,CE,Federal Contract Tower,9,24,9,0,42,0,0,0,0,0,9,24,9,0,42,9,0,9,51
12/24/2011,AEX,LA,ASW,CE,Federal Contract Tower,0,17,1,0,18,0,0,0,0,0,0,17,1,0,18,0,0,0,18
12/25/2011,AEX,LA,ASW,CE,Federal Contract Tower,0,19,1,0,20,0,0,0,0,0,0,19,1,0,20,0,0,0,20
12/26/2011,AEX,LA,ASW,CE,Federal Contract Tower,0,24,4,0,28,0,0,0,0,0,0,24,4,0,28,2,0,2,30
12/27/2011,AEX,LA,ASW,CE,Federal Contract Tower,5,24,6,0,35,0,0,0,0,0,5,24,6,0,35,19,0,19,54
12/28/2011,AEX,LA,ASW,CE,Federal Contract Tower,8,26,9,2,45,0,0,0,0,0,8,26,9,2,45,68,7,75,120
12/29/2011,AEX,LA,ASW,CE,Federal Contract Tower,4,31,8,0,43,0,0,0,0,0,4,31,8,0,43,9,8,17,60
12/30/2011,AEX,LA,ASW,CE,Federal Contract Tower,9,25,5,0,39,0,0,0,0,0,9,25,5,0,39,41,0,41,80
12/31/2011,AEX,LA,ASW,CE,Federal Contract Tower,0,15,7,0,22,0,0,0,0,0,0,15,7,0,22,6,0,6,28
01/01/2012,AEX,LA,ASW,CE,Federal Contract Tower,0,20,1,0,21,0,0,0,0,0,0,20,1,0,21,30,0,30,51
01/02/2012,AEX,LA,ASW,CE,Federal Contract Tower,0,24,11,2,37,0,0,0,0,0,0,24,11,2,37,19,0,19,56
01/03/2012,AEX,LA,ASW,CE,Federal Contract Tower,24,8,2,0,34,0,0,0,0,0,24,8,2,0,34,34,0,34,68
01/04/2012,AEX,LA,ASW,CE,Federal Contract Tower,12,22,6,4,44,0,0,0,0,0,12,22,6,4,44,26,2,28,72
01/05/2012,AEX,LA,ASW,CE,Federal Contract Tower,14,25,6,33,78,0,0,0,0,0,14,25,6,33,78,13,14,27,105
01/06/2012,AEX,LA,ASW,CE,Federal Contract Tower,10,24,14,34,82,0,0,0,0,0,10,24,14,34,82,42,2,44,126
01/07/2012,AEX,LA,ASW,CE,Federal Contract Tower,5,18,7,12,42,0,0,0,0,0,5,18,7,12,42,21,6,27,69
01/08/2012,AEX,LA,ASW,CE,Federal Contract Tower,1,20,4,9,34,0,0,0,0,0,1,20,4,9,34,2,10,12,46
01/09/2012,AEX,LA,ASW,CE,Federal Contract Tower,4,21,21,0,46,0,0,0,0,0,4,21,21,0,46,0,0,0,46
01/10/2012,AEX,LA,ASW,CE,Federal Contract Tower,6,24,7,14,51,0,0,0,0,0,6,24,7,14,51,5,10,15,66
01/11/2012,AEX,LA,ASW,CE,Federal Contract Tower,3,22,15,43,83,0,0,0,0,0,3,22,15,43,83,17,15,32,115
01/12/2012,AEX,LA,ASW,CE,Federal Contract Tower,3,25,17,19,64,0,0,0,0,0,3,25,17,19,64,35,35,70,134
01/13/2012,AEX,LA,ASW,CE,Federal Contract Tower,11,25,15,3,54,0,0,0,0,0,11,25,15,3,54,24,1,25,79
01/14/2012,AEX,LA,ASW,CE,Federal Contract Tower,0,19,2,4,25,0,0,0,0,0,0,19,2,4,25,31,0,31,56
01/15/2012,AEX,LA,ASW,CE,Federal Contract Tower,0,20,4,2,26,0,0,0,0,0,0,20,4,2,26,21,0,21,47
01/16/2012,AEX,LA,ASW,CE,Federal Contract Tower,0,24,6,4,34,0,0,0,0,0,0,24,6,4,34,14,0,14,48
01/17/2012,AEX,LA,ASW,CE,Federal Contract Tower,8,23,12,4,47,0,0,0,0,0,8,23,12,4,47,0,6,6,53
01/18/2012,AEX,LA,ASW,CE,Federal Contract Tower,4,20,14,12,50,0,0,0,0,0,4,20,14,12,50,44,13,57,107
01/19/2012,AEX,LA,ASW,CE,Federal Contract Tower,6,28,15,38,87,0,0,0,0,0,6,28,15,38,87,31,0,31,118
01/20/2012,AEX,LA,ASW,CE,Federal Contract Tower,6,25,20,23,74,0,0,0,0,0,6,25,20,23,74,10,15,25,99
01/21/2012,AEX,LA,ASW,CE,Federal Contract Tower,2,18,13,12,45,0,0,0,0,0,2,18,13,12,45,1,8,9,54
01/22/2012,AEX,LA,ASW,CE,Federal Contract Tower,0,22,8,5,35,0,0,0,0,0,0,22,8,5,35,5,0,5,40
01/23/2012,AEX,LA,ASW,CE,Federal Contract Tower,8,24,16,12,60,0,0,0,0,0,8,24,16,12,60,55,7,62,122
01/24/2012,AEX,LA,ASW,CE,Federal Contract Tower,5,22,15,14,56,0,0,0,0,0,5,22,15,14,56,30,6,36,92
01/25/2012,AEX,LA,ASW,CE,Federal Contract Tower,8,17,13,9,47,0,0,0,0,0,8,17,13,9,47,26,1,27,74
01/26/2012,AEX,LA,ASW,CE,Federal Contract Tower,8,29,18,23,78,0,0,0,0,0,8,29,18,23,78,15,24,39,117
01/27/2012,AEX,LA,ASW,CE,Federal Contract Tower,5,29,23,5,62,0,0,0,0,0,5,29,23,5,62,30,11,41,103
01/28/2012,AEX,LA,ASW,CE,Federal Contract Tower,1,19,4,0,24,0,0,0,0,0,1,19,4,0,24,25,10,35,59
01/29/2012,AEX,LA,ASW,CE,Federal Contract Tower,4,25,18,4,51,0,0,0,0,0,4,25,18,4,51,61,0,61,112
01/30/2012,AEX,LA,ASW,CE,Federal Contract Tower,10,24,7,31,72,0,0,0,0,0,10,24,7,31,72,10,19,29,101
01/31/2012,AEX,LA,ASW,CE,Federal Contract Tower,14,22,8,18,62,0,0,0,0,0,14,22,8,18,62,15,16,31,93
02/01/2012,AEX,LA,ASW,CE,Federal Contract Tower,10,20,19,12,61,0,0,0,0,0,10,20,19,12,61,7,7,14,75
02/02/2012,AEX,LA,ASW,CE,Federal Contract Tower,5,26,12,6,49,0,0,0,0,0,5,26,12,6,49,26,2,28,77
02/03/2012,AEX,LA,ASW,CE,Federal Contract Tower,11,20,4,0,35,0,0,0,0,0,11,20,4,0,35,0,2,2,37
02/04/2012,AEX,LA,ASW,CE,Federal Contract Tower,2,18,6,2,28,0,0,0,0,0,2,18,6,2,28,1,0,1,29
02/05/2012,AEX,LA,ASW,CE,Federal Contract Tower,4,21,7,2,34,0,0,0,0,0,4,21,7,2,34,12,0,12,46
02/06/2012,AEX,LA,ASW,CE,Federal Contract Tower,6,25,9,26,66,0,0,0,0,0,6,25,9,26,66,37,29,66,132
02/07/2012,AEX,LA,ASW,CE,Federal Contract Tower,6,23,8,10,47,0,0,0,0,0,6,23,8,10,47,34,2,36,83
02/08/2012,AEX,LA,ASW,CE,Federal Contract Tower,6,22,17,31,76,0,0,0,0,0,6,22,17,31,76,14,40,54,130
02/09/2012,AEX,LA,ASW,CE,Federal Contract Tower,6,25,13,14,58,0,0,0,0,0,6,25,13,14,58,47,23,70,128
02/10/2012,AEX,LA,ASW,CE,Federal Contract Tower,5,25,11,17,58,0,0,0,0,0,5,25,11,17,58,8,0,8,66
02/11/2012,AEX,LA,ASW,CE,Federal Contract Tower,0,19,5,11,35,0,0,0,0,0,0,19,5,11,35,45,9,54,89
02/12/2012,AEX,LA,ASW,CE,Federal Contract Tower,4,22,8,2,36,0,0,0,0,0,4,22,8,2,36,25,1,26,62
02/13/2012,AEX,LA,ASW,CE,Federal Contract Tower,6,24,5,0,35,0,0,0,0,0,6,24,5,0,35,3,0,3,38
02/14/2012,AEX,LA,ASW,CE,Federal Contract Tower,5,23,16,8,52,0,0,0,0,0,5,23,16,8,52,5,6,11,63
02/15/2012,AEX,LA,ASW,CE,Federal Contract Tower,6,22,13,2,43,0,0,0,0,0,6,22,13,2,43,10,0,10,53
02/16/2012,AEX,LA,ASW,CE,Federal Contract Tower,4,24,13,6,47,0,0,0,0,0,4,24,13,6,47,12,5,17,64
02/17/2012,AEX,LA,ASW,CE,Federal Contract Tower,6,24,12,15,57,0,0,0,0,0,6,24,12,15,57,20,17,37,94
02/18/2012,AEX,LA,ASW,CE,Federal Contract Tower,2,21,2,1,26,0,0,0,0,0,2,21,2,1,26,0,0,0,26
02/19/2012,AEX,LA,ASW,CE,Federal Contract Tower,0,25,6,6,37,0,0,0,0,0,0,25,6,6,37,26,0,26,63
02/20/2012,AEX,LA,ASW,CE,Federal Contract Tower,0,24,12,9,45,0,0,0,0,0,0,24,12,9,45,18,24,42,87
02/21/2012,AEX,LA,ASW,CE,Federal Contract Tower,9,24,10,72,115,0,0,0,0,0,9,24,10,72,115,85,35,120,235
02/22/2012,AEX,LA,ASW,CE,Federal Contract Tower,5,22,12,27,66,0,0,0,0,0,5,22,12,27,66,20,45,65,131
02/23/2012,AEX,LA,ASW,CE,Federal Contract Tower,10,27,12,66,115,0,0,0,0,0,10,27,12,66,115,7,30,37,152
02/24/2012,AEX,LA,ASW,CE,Federal Contract Tower,0,18,9,8,35,0,0,0,0,0,0,18,9,8,35,51,14,65,100
02/25/2012,AEX,LA,ASW,CE,Federal Contract Tower,1,19,9,5,34,0,0,0,0,0,1,19,9,5,34,51,15,66,100
02/26/2012,AEX,LA,ASW,CE,Federal Contract Tower,0,22,6,29,57,0,0,0,0,0,0,22,6,29,57,19,21,40,97
02/27/2012,AEX,LA,ASW,CE,Federal Contract Tower,6,27,12,1,46,0,0,0,0,0,6,27,12,1,46,17,6,23,69
02/28/2012,AEX,LA,ASW,CE,Federal Contract Tower,8,23,23,5,59,0,0,0,0,0,8,23,23,5,59,6,19,25,84
02/29/2012,AEX,LA,ASW,CE,Federal Contract Tower,16,26,10,12,64,0,0,0,0,0,16,26,10,12,64,18,11,29,93
03/01/2012,AEX,LA,ASW,CE,Federal Contract Tower,8,25,5,6,44,0,0,0,0,0,8,25,5,6,44,18,24,42,86
03/02/2012,AEX,LA,ASW,CE,Federal Contract Tower,15,25,14,6,60,0,0,0,0,0,15,25,14,6,60,30,40,70,130
03/03/2012,AEX,LA,ASW,CE,Federal Contract Tower,3,20,9,0,32,0,0,0,0,0,3,20,9,0,32,21,6,27,59
03/04/2012,AEX,LA,ASW,CE,Federal Contract Tower,22,7,5,14,48,0,0,0,0,0,22,7,5,14,48,22,11,33,81
03/05/2012,AEX,LA,ASW,CE,Federal Contract Tower,14,23,13,1,51,0,0,0,0,0,14,23,13,1,51,65,2,67,118
03/06/2012,AEX,LA,ASW,CE,Federal Contract Tower,11,23,18,4,56,0,0,0,0,0,11,23,18,4,56,20,13,33,89
03/07/2012,AEX,LA,ASW,CE,Federal Contract Tower,8,26,10,18,62,0,0,0,0,0,8,26,10,18,62,34,23,57,119
03/08/2012,AEX,LA,ASW,CE,Federal Contract Tower,10,28,6,9,53,0,0,0,0,0,10,28,6,9,53,12,5,17,70
03/09/2012,AEX,LA,ASW,CE,Federal Contract Tower,5,30,14,15,64,0,0,0,0,0,5,30,14,15,64,4,0,4,68
03/10/2012,AEX,LA,ASW,CE,Federal Contract Tower,1,14,7,4,26,0,0,0,0,0,1,14,7,4,26,29,4,33,59
03/11/2012,AEX,LA,ASW,CE,Federal Contract Tower,0,30,5,2,37,0,0,0,0,0,0,30,5,2,37,0,0,0,37
03/12/2012,AEX,LA,ASW,CE,Federal Contract Tower,4,31,16,14,65,0,0,0,0,0,4,31,16,14,65,11,0,11,76
03/13/2012,AEX,LA,ASW,CE,Federal Contract Tower,4,26,6,20,56,0,0,0,0,0,4,26,6,20,56,74,18,92,148
03/14/2012,AEX,LA,ASW,CE,Federal Contract Tower,2,24,19,16,61,0,0,0,0,0,2,24,19,16,61,28,4,32,93
03/15/2012,AEX,LA,ASW,CE,Federal Contract Tower,4,26,19,11,60,0,0,0,0,0,4,26,19,11,60,60,0,60,120
03/16/2012,AEX,LA,ASW,CE,Federal Contract Tower,6,27,10,61,104,0,0,0,0,0,6,27,10,61,104,26,20,46,150
03/17/2012,AEX,LA,ASW,CE,Federal Contract Tower,0,18,6,5,29,0,0,0,0,0,0,18,6,5,29,9,3,12,41
03/18/2012,AEX,LA,ASW,CE,Federal Contract Tower,1,25,11,48,85,0,0,0,0,0,1,25,11,48,85,15,24,39,124
03/19/2012,AEX,LA,ASW,CE,Federal Contract Tower,8,27,18,2,55,0,0,0,0,0,8,27,18,2,55,16,30,46,101
03/20/2012,AEX,LA,ASW,CE,Federal Contract Tower,8,19,8,5,40,0,0,0,0,0,8,19,8,5,40,9,0,9,49
03/21/2012,AEX,LA,ASW,CE,Federal Contract Tower,4,21,6,6,37,0,0,0,0,0,4,21,6,6,37,5,0,5,42
03/22/2012,AEX,LA,ASW,CE,Federal Contract Tower,9,30,13,13,65,0,0,0,0,0,9,30,13,13,65,33,20,53,118
03/23/2012,AEX,LA,ASW,CE,Federal Contract Tower,5,29,19,18,71,0,0,0,0,0,5,29,19,18,71,50,57,107,178
03/24/2012,AEX,LA,ASW,CE,Federal Contract Tower,1,18,12,16,47,0,0,0,0,0,1,18,12,16,47,70,17,87,134
03/25/2012,AEX,LA,ASW,CE,Federal Contract Tower,2,24,11,5,42,0,0,0,0,0,2,24,11,5,42,30,9,39,81
03/26/2012,AEX,LA,ASW,CE,Federal Contract Tower,9,26,6,15,56,0,0,0,0,0,9,26,6,15,56,78,18,96,152
03/27/2012,AEX,LA,ASW,CE,Federal Contract Tower,8,27,21,8,64,0,0,0,0,0,8,27,21,8,64,25,6,31,95
03/28/2012,AEX,LA,ASW,CE,Federal Contract Tower,6,23,15,23,67,0,0,0,0,0,6,23,15,23,67,36,29,65,132
03/29/2012,AEX,LA,ASW,CE,Federal Contract Tower,19,26,17,6,68,0,0,0,0,0,19,26,17,6,68,25,18,43,111
03/30/2012,AEX,LA,ASW,CE,Federal Contract Tower,10,29,13,20,72,0,0,0,0,0,10,29,13,20,72,15,37,52,124
03/31/2012,AEX,LA,ASW,CE,Federal Contract Tower,8,20,2,3,33,0,0,0,0,0,8,20,2,3,33,20,3,23,56
04/01/2012,AEX,LA,ASW,CE,Federal Contract Tower,7,26,9,1,43,0,0,0,0,0,7,26,9,1,43,25,0,25,68
04/02/2012,AEX,LA,ASW,CE,Federal Contract Tower,13,21,8,8,50,0,0,0,0,0,13,21,8,8,50,19,0,19,69
04/03/2012,AEX,LA,ASW,CE,Federal Contract Tower,8,21,10,13,52,0,0,0,0,0,8,21,10,13,52,51,13,64,116
04/04/2012,AEX,LA,ASW,CE,Federal Contract Tower,8,21,10,7,46,0,0,0,0,0,8,21,10,7,46,27,8,35,81
04/05/2012,AEX,LA,ASW,CE,Federal Contract Tower,2,28,11,18,59,0,0,0,0,0,2,28,11,18,59,46,22,68,127
04/06/2012,AEX,LA,ASW,CE,Federal Contract Tower,3,29,12,6,50,0,0,0,0,0,3,29,12,6,50,35,4,39,89
04/07/2012,AEX,LA,ASW,CE,Federal Contract Tower,0,20,4,0,24,0,0,0,0,0,0,20,4,0,24,42,0,42,66
04/08/2012,AEX,LA,ASW,CE,Federal Contract Tower,0,24,3,1,28,0,0,0,0,0,0,24,3,1,28,14,0,14,42
04/09/2012,AEX,LA,ASW,CE,Federal Contract Tower,5,28,10,21,64,0,0,0,0,0,5,28,10,21,64,16,17,33,97
04/10/2012,AEX,LA,ASW,CE,Federal Contract Tower,4,23,10,40,77,0,0,0,0,0,4,23,10,40,77,55,33,88,165
04/11/2012,AEX,LA,ASW,CE,Federal Contract Tower,4,25,8,18,55,0,0,0,0,0,4,25,8,18,55,33,11,44,99
04/12/2012,AEX,LA,ASW,CE,Federal Contract Tower,6,27,12,31,76,0,0,0,0,0,6,27,12,31,76,25,58,83,159
04/13/2012,AEX,LA,ASW,CE,Federal Contract Tower,4,27,15,30,76,0,0,0,0,0,4,27,15,30,76,64,12,76,152
04/14/2012,AEX,LA,ASW,CE,Federal Contract Tower,0,23,8,6,37,0,0,0,0,0,0,23,8,6,37,8,6,14,51
04/15/2012,AEX,LA,ASW,CE,Federal Contract Tower,4,25,5,0,34,0,0,0,0,0,4,25,5,0,34,8,0,8,42
04/16/2012,AEX,LA,ASW,CE,Federal Contract Tower,8,21,5,2,36,0,0,0,0,0,8,21,5,2,36,4,2,6,42
04/17/2012,AEX,LA,ASW,CE,Federal Contract Tower,5,27,5,9,46,0,0,0,0,0,5,27,5,9,46,24,25,49,95
04/18/2012,AEX,LA,ASW,CE,Federal Contract Tower,9,24,11,27,71,0,0,0,0,0,9,24,11,27,71,57,36,93,164
04/19/2012,AEX,LA,ASW,CE,Federal Contract Tower,5,26,13,20,64,0,0,0,0,0,5,26,13,20,64,40,7,47,111
04/20/2012,AEX,LA,ASW,CE,Federal Contract Tower,7,29,12,7,55,0,0,0,0,0,7,29,12,7,55,28,15,43,98
04/21/2012,AEX,LA,ASW,CE,Federal Contract Tower,2,21,3,2,28,0,0,0,0,0,2,21,3,2,28,17,2,19,47
04/22/2012,AEX,LA,ASW,CE,Federal Contract Tower,0,24,14,22,60,0,0,0,0,0,0,24,14,22,60,81,24,105,165
04/23/2012,AEX,LA,ASW,CE,Federal Contract Tower,12,26,9,18,65,0,0,0,0,0,12,26,9,18,65,25,29,54,119
04/24/2012,AEX,LA,ASW,CE,Federal Contract Tower,4,24,14,18,60,0,0,0,0,0,4,24,14,18,60,43,44,87,147
04/25/2012,AEX,LA,ASW,CE,Federal Contract Tower,9,24,24,36,93,0,0,0,0,0,9,24,24,36,93,16,19,35,128
04/26/2012,AEX,LA,ASW,CE,Federal Contract Tower,7,26,19,94,146,0,0,0,0,0,7,26,19,94,146,20,5,25,171
04/27/2012,AEX,LA,ASW,CE,Federal Contract Tower,7,24,18,45,94,0,0,0,0,0,7,24,18,45,94,22,10,32,126
04/28/2012,AEX,LA,ASW,CE,Federal Contract Tower,2,22,8,9,41,0,0,0,0,0,2,22,8,9,41,9,40,49,90
04/29/2012,AEX,LA,ASW,CE,Federal Contract Tower,0,24,6,26,56,0,0,0,0,0,0,24,6,26,56,33,38,71,127
04/30/2012,AEX,LA,ASW,CE,Federal Contract Tower,4,28,10,22,64,0,0,0,0,0,4,28,10,22,64,30,30,60,124
05/01/2012,AEX,LA,ASW,CE,Federal Contract Tower,6,24,5,21,56,0,0,0,0,0,6,24,5,21,56,100,43,143,199
05/02/2012,AEX,LA,ASW,CE,Federal Contract Tower,7,23,12,15,57,0,0,0,0,0,7,23,12,15,57,30,16,46,103
05/03/2012,AEX,LA,ASW,CE,Federal Contract Tower,8,25,25,13,71,0,0,0,0,0,8,25,25,13,71,12,0,12,83
05/04/2012,AEX,LA,ASW,CE,Federal Contract Tower,7,30,20,52,109,0,0,0,0,0,7,30,20,52,109,42,22,64,173
05/05/2012,AEX,LA,ASW,CE,Federal Contract Tower,1,20,10,5,36,0,0,0,0,0,1,20,10,5,36,22,14,36,72
05/06/2012,AEX,LA,ASW,CE,Federal Contract Tower,0,25,18,16,59,0,0,0,0,0,0,25,18,16,59,17,28,45,104
05/07/2012,AEX,LA,ASW,CE,Federal Contract Tower,6,26,13,20,65,0,0,0,0,0,6,26,13,20,65,21,33,54,119
05/08/2012,AEX,LA,ASW,CE,Federal Contract Tower,8,27,11,14,60,0,0,0,0,0,8,27,11,14,60,35,36,71,131
05/09/2012,AEX,LA,ASW,CE,Federal Contract Tower,6,26,13,19,64,0,0,0,0,0,6,26,13,19,64,33,40,73,137
05/10/2012,AEX,LA,ASW,CE,Federal Contract Tower,8,28,11,19,66,0,0,0,0,0,8,28,11,19,66,25,11,36,102
05/11/2012,AEX,LA,ASW,CE,Federal Contract Tower,5,30,16,9,60,0,0,0,0,0,5,30,16,9,60,5,0,5,65
05/12/2012,AEX,LA,ASW,CE,Federal Contract Tower,1,23,0,8,32,0,0,0,0,0,1,23,0,8,32,2,27,29,61
05/13/2012,AEX,LA,ASW,CE,Federal Contract Tower,6,26,5,17,54,0,0,0,0,0,6,26,5,17,54,21,12,33,87
05/14/2012,AEX,LA,ASW,CE,Federal Contract Tower,6,28,17,13,64,0,0,0,0,0,6,28,17,13,64,25,9,34,98
05/15/2012,AEX,LA,ASW,CE,Federal Contract Tower,11,24,16,12,63,0,0,0,0,0,11,24,16,12,63,30,30,60,123
05/16/2012,AEX,LA,ASW,CE,Federal Contract Tower,11,25,16,20,72,0,0,0,0,0,11,25,16,20,72,11,11,22,94
05/17/2012,AEX,LA,ASW,CE,Federal Contract Tower,9,24,7,13,53,0,0,0,0,0,9,24,7,13,53,15,24,39,92
05/18/2012,AEX,LA,ASW,CE,Federal Contract Tower,10,26,12,12,60,0,0,0,0,0,10,26,12,12,60,23,7,30,90
05/19/2012,AEX,LA,ASW,CE,Federal Contract Tower,12,37,3,19,71,0,0,0,0,0,12,37,3,19,71,29,44,73,144
05/20/2012,AEX,LA,ASW,CE,Federal Contract Tower,12,28,4,2,46,0,0,0,0,0,12,28,4,2,46,19,1,20,66
05/21/2012,AEX,LA,ASW,CE,Federal Contract Tower,6,22,11,7,46,0,0,0,0,0,6,22,11,7,46,32,0,32,78
05/22/2012,AEX,LA,ASW,CE,Federal Contract Tower,10,24,9,20,63,0,0,0,0,0,10,24,9,20,63,32,15,47,110
05/23/2012,AEX,LA,ASW,CE,Federal Contract Tower,7,22,65,40,134,0,0,0,0,0,7,22,65,40,134,20,25,45,179
05/24/2012,AEX,LA,ASW,CE,Federal Contract Tower,6,27,5,18,56,0,0,0,0,0,6,27,5,18,56,53,100,153,209
05/25/2012,AEX,LA,ASW,CE,Federal Contract Tower,6,23,10,1,40,0,0,0,0,0,6,23,10,1,40,36,1,37,77
05/26/2012,AEX,LA,ASW,CE,Federal Contract Tower,0,19,9,0,28,0,0,0,0,0,0,19,9,0,28,31,2,33,61
05/27/2012,AEX,LA,ASW,CE,Federal Contract Tower,1,23,7,0,31,0,0,0,0,0,1,23,7,0,31,18,0,18,49
05/28/2012,AEX,LA,ASW,CE,Federal Contract Tower,4,23,3,2,32,0,0,0,0,0,4,23,3,2,32,14,0,14,46
05/29/2012,AEX,LA,ASW,CE,Federal Contract Tower,9,27,8,65,109,0,0,0,0,0,9,27,8,65,109,48,9,57,166
05/30/2012,AEX,LA,ASW,CE,Federal Contract Tower,8,23,27,15,73,0,0,0,0,0,8,23,27,15,73,38,20,58,131
05/31/2012,AEX,LA,ASW,CE,Federal Contract Tower,6,22,15,6,49,0,0,0,0,0,6,22,15,6,49,10,4,14,63
06/01/2012,AEX,LA,ASW,CE,Federal Contract Tower,11,31,10,50,102,0,0,0,0,0,11,31,10,50,102,31,0,31,133
06/02/2012,AEX,LA,ASW,CE,Federal Contract Tower,0,25,6,21,52,0,0,0,0,0,0,25,6,21,52,19,17,36,88
06/03/2012,AEX,LA,ASW,CE,Federal Contract Tower,0,27,12,4,43,0,0,0,0,0,0,27,12,4,43,14,0,14,57
06/04/2012,AEX,LA,ASW,CE,Federal Contract Tower,5,43,5,38,91,0,0,0,0,0,5,43,5,38,91,40,13,53,144
06/05/2012,AEX,LA,ASW,CE,Federal Contract Tower,4,24,5,17,50,0,0,0,0,0,4,24,5,17,50,44,28,72,122
06/06/2012,AEX,LA,ASW,CE,Federal Contract Tower,6,27,17,24,74,0,0,0,0,0,6,27,17,24,74,60,25,85,159
06/07/2012,AEX,LA,ASW,CE,Federal Contract Tower,12,27,10,26,75,0,0,0,0,0,12,27,10,26,75,50,56,106,181
06/08/2012,AEX,LA,ASW,CE,Federal Contract Tower,10,26,16,8,60,0,0,0,0,0,10,26,16,8,60,15,10,25,85
06/09/2012,AEX,LA,ASW,CE,Federal Contract Tower,0,22,11,4,37,0,0,0,0,0,0,22,11,4,37,18,11,29,66
06/10/2012,AEX,LA,ASW,CE,Federal Contract Tower,0,26,8,11,45,0,0,0,0,0,0,26,8,11,45,15,3,18,63
06/11/2012,AEX,LA,ASW,CE,Federal Contract Tower,7,49,12,27,95,0,0,0,0,0,7,49,12,27,95,20,18,38,133
06/12/2012,AEX,LA,ASW,CE,Federal Contract Tower,4,29,12,2,47,0,0,0,0,0,4,29,12,2,47,11,4,15,62
06/13/2012,AEX,LA,ASW,CE,Federal Contract Tower,8,24,9,3,44,0,0,0,0,0,8,24,9,3,44,10,5,15,59
06/14/2012,AEX,LA,ASW,CE,Federal Contract Tower,14,24,7,3,48,0,0,0,0,0,14,24,7,3,48,20,10,30,78
06/15/2012,AEX,LA,ASW,CE,Federal Contract Tower,15,27,9,56,107,0,0,0,0,0,15,27,9,56,107,34,33,67,174
06/16/2012,AEX,LA,ASW,CE,Federal Contract Tower,6,23,11,0,40,0,0,0,0,0,6,23,11,0,40,69,0,69,109
06/17/2012,AEX,LA,ASW,CE,Federal Contract Tower,2,24,2,1,29,0,0,0,0,0,2,24,2,1,29,6,0,6,35
06/18/2012,AEX,LA,ASW,CE,Federal Contract Tower,6,26,7,0,39,0,0,0,0,0,6,26,7,0,39,6,0,6,45
06/19/2012,AEX,LA,ASW,CE,Federal Contract Tower,6,30,12,14,62,0,0,0,0,0,6,30,12,14,62,46,18,64,126
06/20/2012,AEX,LA,ASW,CE,Federal Contract Tower,6,26,7,26,65,0,0,0,0,0,6,26,7,26,65,40,58,98,163
06/21/2012,AEX,LA,ASW,CE,Federal Contract Tower,15,29,9,26,79,0,0,0,0,0,15,29,9,26,79,45,27,72,151
06/22/2012,AEX,LA,ASW,CE,Federal Contract Tower,8,26,7,43,84,0,0,0,0,0,8,26,7,43,84,40,50,90,174
06/23/2012,AEX,LA,ASW,CE,Federal Contract Tower,0,22,10,0,32,0,0,0,0,0,0,22,10,0,32,21,0,21,53
06/24/2012,AEX,LA,ASW,CE,Federal Contract Tower,0,24,5,7,36,0,0,0,0,0,0,24,5,7,36,12,8,20,56
06/25/2012,AEX,LA,ASW,CE,Federal Contract Tower,7,26,2,31,66,0,0,0,0,0,7,26,2,31,66,15,11,26,92
06/26/2012,AEX,LA,ASW,CE,Federal Contract Tower,9,28,6,44,87,0,0,0,0,0,9,28,6,44,87,32,24,56,143
06/27/2012,AEX,LA,ASW,CE,Federal Contract Tower,6,28,10,5,49,0,0,0,0,0,6,28,10,5,49,43,0,43,92
06/28/2012,AEX,LA,ASW,CE,Federal Contract Tower,8,26,9,24,67,0,0,0,0,0,8,26,9,24,67,41,41,82,149
06/29/2012,AEX,LA,ASW,CE,Federal Contract Tower,8,26,3,22,59,0,0,0,0,0,8,26,3,22,59,40,31,71,130
06/30/2012,AEX,LA,ASW,CE,Federal Contract Tower,2,22,1,8,33,0,0,0,0,0,2,22,1,8,33,52,10,62,95
07/01/2012,AEX,LA,ASW,CE,Federal Contract Tower,2,24,1,4,31,0,0,0,0,0,2,24,1,4,31,15,10,25,56
07/02/2012,AEX,LA,ASW,CE,Federal Contract Tower,6,24,10,20,60,0,0,0,0,0,6,24,10,20,60,43,20,63,123
07/03/2012,AEX,LA,ASW,CE,Federal Contract Tower,6,19,9,1,35,0,0,0,0,0,6,19,9,1,35,23,7,30,65
07/04/2012,AEX,LA,ASW,CE,Federal Contract Tower,2,18,4,0,24,0,0,0,0,0,2,18,4,0,24,16,0,16,40
07/05/2012,AEX,LA,ASW,CE,Federal Contract Tower,10,18,2,1,31,0,0,0,0,0,10,18,2,1,31,9,4,13,44
07/06/2012,AEX,LA,ASW,CE,Federal Contract Tower,8,22,2,0,32,0,0,0,0,0,8,22,2,0,32,6,24,30,62
07/07/2012,AEX,LA,ASW,CE,Federal Contract Tower,0,22,3,0,25,0,0,0,0,0,0,22,3,0,25,23,0,23,48
07/08/2012,AEX,LA,ASW,CE,Federal Contract Tower,1,22,6,0,29,0,0,0,0,0,1,22,6,0,29,3,0,3,32
07/09/2012,AEX,LA,ASW,CE,Federal Contract Tower,7,26,6,0,39,0,0,0,0,0,7,26,6,0,39,5,0,5,44
07/10/2012,AEX,LA,ASW,CE,Federal Contract Tower,4,26,10,6,46,0,0,0,0,0,4,26,10,6,46,90,6,96,142
07/11/2012,AEX,LA,ASW,CE,Federal Contract Tower,4,31,8,9,52,0,0,0,0,0,4,31,8,9,52,3,0,3,55
07/12/2012,AEX,LA,ASW,CE,Federal Contract Tower,8,25,9,4,46,0,0,0,0,0,8,25,9,4,46,9,0,9,55
07/13/2012,AEX,LA,ASW,CE,Federal Contract Tower,4,25,15,7,51,0,0,0,0,0,4,25,15,7,51,28,48,76,127
07/14/2012,AEX,LA,ASW,CE,Federal Contract Tower,3,26,12,18,59,0,0,0,0,0,3,26,12,18,59,51,10,61,120
07/15/2012,AEX,LA,ASW,CE,Federal Contract Tower,0,24,12,1,37,0,0,0,0,0,0,24,12,1,37,24,2,26,63
07/16/2012,AEX,LA,ASW,CE,Federal Contract Tower,6,29,9,13,57,0,0,0,0,0,6,29,9,13,57,19,20,39,96
07/17/2012,AEX,LA,ASW,CE,Federal Contract Tower,7,25,6,37,75,0,0,10,16,26,7,25,16,53,101,19,47,66,167
07/18/2012,AEX,LA,ASW,CE,Federal Contract Tower,4,30,15,23,72,0,0,0,0,0,4,30,15,23,72,27,26,53,125
07/19/2012,AEX,LA,ASW,CE,Federal Contract Tower,8,30,6,23,67,0,0,0,0,0,8,30,6,23,67,28,44,72,139
07/20/2012,AEX,LA,ASW,CE,Federal Contract Tower,7,28,3,15,53,0,0,0,0,0,7,28,3,15,53,22,18,40,93
07/21/2012,AEX,LA,ASW,CE,Federal Contract Tower,0,20,7,7,34,0,0,0,0,0,0,20,7,7,34,10,32,42,76
07/22/2012,AEX,LA,ASW,CE,Federal Contract Tower,1,24,2,11,38,0,0,0,0,0,1,24,2,11,38,15,20,35,73
07/23/2012,AEX,LA,ASW,CE,Federal Contract Tower,4,29,10,5,48,0,0,0,0,0,4,29,10,5,48,29,12,41,89
07/24/2012,AEX,LA,ASW,CE,Federal Contract Tower,7,29,10,5,51,0,0,0,0,0,7,29,10,5,51,60,24,84,135
07/25/2012,AEX,LA,ASW,CE,Federal Contract Tower,21,24,15,34,94,0,0,0,0,0,21,24,15,34,94,43,20,63,157
07/26/2012,AEX,LA,ASW,CE,Federal Contract Tower,9,31,10,25,75,0,0,0,0,0,9,31,10,25,75,39,15,54,129
07/27/2012,AEX,LA,ASW,CE,Federal Contract Tower,13,28,6,40,87,0,0,0,0,0,13,28,6,40,87,57,88,145,232
07/28/2012,AEX,LA,ASW,CE,Federal Contract Tower,3,23,9,12,47,0,0,0,0,0,3,23,9,12,47,42,11,53,100
07/29/2012,AEX,LA,ASW,CE,Federal Contract Tower,0,24,2,30,56,0,0,0,0,0,0,24,2,30,56,27,12,39,95
07/30/2012,AEX,LA,ASW,CE,Federal Contract Tower,12,28,4,13,57,0,0,0,0,0,12,28,4,13,57,30,21,51,108
07/31/2012,AEX,LA,ASW,CE,Federal Contract Tower,4,25,35,7,71,0,0,0,0,0,4,25,35,7,71,61,37,98,169
08/01/2012,AEX,LA,ASW,CE,Federal Contract Tower,4,27,38,16,85,0,0,0,0,0,4,27,38,16,85,19,11,30,115
08/02/2012,AEX,LA,ASW,CE,Federal Contract Tower,17,26,5,31,79,0,0,0,0,0,17,26,5,31,79,54,30,84,163
08/03/2012,AEX,LA,ASW,CE,Federal Contract Tower,5,28,19,64,116,0,0,0,0,0,5,28,19,64,116,20,25,45,161
08/04/2012,AEX,LA,ASW,CE,Federal Contract Tower,0,23,4,9,36,0,0,0,0,0,0,23,4,9,36,20,13,33,69
08/05/2012,AEX,LA,ASW,CE,Federal Contract Tower,0,23,5,21,49,0,0,0,0,0,0,23,5,21,49,16,15,31,80
08/06/2012,AEX,LA,ASW,CE,Federal Contract Tower,12,30,10,27,79,0,0,0,0,0,12,30,10,27,79,22,22,44,123
08/07/2012,AEX,LA,ASW,CE,Federal Contract Tower,8,23,2,4,37,0,0,0,0,0,8,23,2,4,37,10,7,17,54
08/08/2012,AEX,LA,ASW,CE,Federal Contract Tower,10,24,12,17,63,0,0,0,0,0,10,24,12,17,63,23,17,40,103
08/09/2012,AEX,LA,ASW,CE,Federal Contract Tower,8,29,18,25,80,0,0,0,0,0,8,29,18,25,80,62,7,69,149
08/10/2012,AEX,LA,ASW,CE,Federal Contract Tower,9,24,16,18,67,0,0,0,0,0,9,24,16,18,67,46,22,68,135
08/11/2012,AEX,LA,ASW,CE,Federal Contract Tower,3,29,16,0,48,0,0,0,0,0,3,29,16,0,48,63,0,63,111
08/12/2012,AEX,LA,ASW,CE,Federal Contract Tower,1,26,4,0,31,0,0,0,0,0,1,26,4,0,31,21,4,25,56
08/13/2012,AEX,LA,ASW,CE,Federal Contract Tower,6,26,2,18,52,0,0,0,0,0,6,26,2,18,52,27,18,45,97
08/14/2012,AEX,LA,ASW,CE,Federal Contract Tower,5,28,1,10,44,0,0,0,0,0,5,28,1,10,44,27,12,39,83
08/15/2012,AEX,LA,ASW,CE,Federal Contract Tower,5,24,8,11,48,0,0,0,0,0,5,24,8,11,48,30,24,54,102
08/16/2012,AEX,LA,ASW,CE,Federal Contract Tower,6,25,17,40,88,0,0,0,0,0,6,25,17,40,88,19,34,53,141
08/17/2012,AEX,LA,ASW,CE,Federal Contract Tower,8,29,22,26,85,0,0,0,0,0,8,29,22,26,85,70,35,105,190
08/18/2012,AEX,LA,ASW,CE,Federal Contract Tower,3,23,13,9,48,0,0,0,0,0,3,23,13,9,48,25,48,73,121
08/19/2012,AEX,LA,ASW,CE,Federal Contract Tower,0,24,11,6,41,0,0,0,0,0,0,24,11,6,41,9,19,28,69
08/20/2012,AEX,LA,ASW,CE,Federal Contract Tower,10,27,16,6,59,0,0,0,0,0,10,27,16,6,59,32,15,47,106
08/21/2012,AEX,LA,ASW,CE,Federal Contract Tower,8,28,11,16,63,0,0,0,0,0,8,28,11,16,63,58,55,113,176
08/22/2012,AEX,LA,ASW,CE,Federal Contract Tower,4,24,14,38,80,0,0,0,0,0,4,24,14,38,80,31,40,71,151
08/23/2012,AEX,LA,ASW,CE,Federal Contract Tower,4,29,14,26,73,0,0,0,0,0,4,29,14,26,73,16,41,57,130
08/24/2012,AEX,LA,ASW,CE,Federal Contract Tower,5,27,7,8,47,0,0,0,0,0,5,27,7,8,47,17,2,19,66
08/25/2012,AEX,LA,ASW,CE,Federal Contract Tower,9,24,2,0,35,0,0,0,0,0,9,24,2,0,35,37,5,42,77
08/26/2012,AEX,LA,ASW,CE,Federal Contract Tower,10,26,3,28,67,0,0,0,0,0,10,26,3,28,67,37,13,50,117
08/27/2012,AEX,LA,ASW,CE,Federal Contract Tower,7,26,5,33,71,0,0,0,0,0,7,26,5,33,71,37,76,113,184
08/28/2012,AEX,LA,ASW,CE,Federal Contract Tower,8,26,8,8,50,0,0,0,0,0,8,26,8,8,50,31,5,36,86
08/29/2012,AEX,LA,ASW,CE,Federal Contract Tower,0,13,1,0,14,0,0,0,0,0,0,13,1,0,14,1,8,9,23
08/30/2012,AEX,LA,ASW,CE,Federal Contract Tower,4,6,0,0,10,0,0,0,0,0,4,6,0,0,10,0,0,0,10
08/31/2012,AEX,LA,ASW,CE,Federal Contract Tower,14,23,4,0,41,0,0,0,0,0,14,23,4,0,41,10,2,12,53
09/01/2012,AEX,LA,ASW,CE,Federal Contract Tower,1,24,9,0,34,0,0,0,0,0,1,24,9,0,34,29,0,29,63
09/02/2012,AEX,LA,ASW,CE,Federal Contract Tower,6,19,12,0,37,0,0,0,0,0,6,19,12,0,37,21,4,25,62
09/03/2012,AEX,LA,ASW,CE,Federal Contract Tower,3,24,11,6,44,0,0,0,0,0,3,24,11,6,44,43,1,44,88
09/04/2012,AEX,LA,ASW,CE,Federal Contract Tower,9,30,10,26,75,0,0,0,0,0,9,30,10,26,75,19,30,49,124
09/05/2012,AEX,LA,ASW,CE,Federal Contract Tower,4,23,19,10,56,0,0,0,0,0,4,23,19,10,56,24,19,43,99
09/06/2012,AEX,LA,ASW,CE,Federal Contract Tower,7,26,15,24,72,0,0,0,0,0,7,26,15,24,72,50,48,98,170
09/07/2012,AEX,LA,ASW,CE,Federal Contract Tower,8,25,9,46,88,0,0,0,0,0,8,25,9,46,88,15,47,62,150
09/08/2012,AEX,LA,ASW,CE,Federal Contract Tower,2,20,2,5,29,0,0,0,0,0,2,20,2,5,29,13,2,15,44
09/09/2012,AEX,LA,ASW,CE,Federal Contract Tower,1,22,7,38,68,0,0,0,0,0,1,22,7,38,68,47,20,67,135
09/10/2012,AEX,LA,ASW,CE,Federal Contract Tower,6,24,3,21,54,0,0,0,0,0,6,24,3,21,54,74,10,84,138
09/11/2012,AEX,LA,ASW,CE,Federal Contract Tower,6,22,4,9,41,0,0,0,0,0,6,22,4,9,41,39,18,57,98
09/12/2012,AEX,LA,ASW,CE,Federal Contract Tower,2,25,18,21,66,0,0,0,0,0,2,25,18,21,66,34,13,47,113
09/13/2012,AEX,LA,ASW,CE,Federal Contract Tower,11,23,17,19,70,0,0,0,0,0,11,23,17,19,70,20,21,41,111
09/14/2012,AEX,LA,ASW,CE,Federal Contract Tower,6,27,7,15,55,0,0,0,0,0,6,27,7,15,55,40,39,79,134
09/15/2012,AEX,LA,ASW,CE,Federal Contract Tower,0,19,1,3,23,0,0,0,0,0,0,19,1,3,23,31,2,33,56
09/16/2012,AEX,LA,ASW,CE,Federal Contract Tower,1,24,6,15,46,0,0,0,0,0,1,24,6,15,46,10,3,13,59
09/17/2012,AEX,LA,ASW,CE,Federal Contract Tower,8,24,1,11,44,0,0,0,0,0,8,24,1,11,44,0,0,0,44
09/18/2012,AEX,LA,ASW,CE,Federal Contract Tower,11,22,10,21,64,0,0,0,0,0,11,22,10,21,64,18,26,44,108
09/19/2012,AEX,LA,ASW,CE,Federal Contract Tower,11,23,12,35,81,0,0,0,0,0,11,23,12,35,81,27,43,70,151
09/20/2012,AEX,LA,ASW,CE,Federal Contract Tower,8,26,7,11,52,0,0,0,0,0,8,26,7,11,52,17,20,37,89
09/21/2012,AEX,LA,ASW,CE,Federal Contract Tower,16,27,9,25,77,0,0,0,0,0,16,27,9,25,77,39,39,78,155
09/22/2012,AEX,LA,ASW,CE,Federal Contract Tower,5,21,0,0,26,0,0,0,0,0,5,21,0,0,26,33,0,33,59
09/23/2012,AEX,LA,ASW,CE,Federal Contract Tower,0,25,2,0,27,0,0,0,0,0,0,25,2,0,27,13,0,13,40
09/24/2012,AEX,LA,ASW,CE,Federal Contract Tower,8,25,1,8,42,0,0,0,0,0,8,25,1,8,42,20,7,27,69
09/25/2012,AEX,LA,ASW,CE,Federal Contract Tower,6,24,8,41,79,0,0,0,0,0,6,24,8,41,79,25,6,31,110
09/26/2012,AEX,LA,ASW,CE,Federal Contract Tower,8,24,15,32,79,0,0,0,0,0,8,24,15,32,79,30,14,44,123
09/27/2012,AEX,LA,ASW,CE,Federal Contract Tower,8,28,10,21,67,0,0,0,0,0,8,28,10,21,67,13,9,22,89
09/28/2012,AEX,LA,ASW,CE,Federal Contract Tower,14,27,6,20,67,0,0,0,0,0,14,27,6,20,67,63,62,125,192
09/29/2012,AEX,LA,ASW,CE,Federal Contract Tower,2,21,3,0,26,0,0,0,0,0,2,21,3,0,26,0,0,0,26
09/30/2012,AEX,LA,ASW,CE,Federal Contract Tower,5,22,5,7,39,0,0,0,0,0,5,22,5,7,39,0,0,0,39
10/01/2012,AEX,LA,ASW,CE,Federal Contract Tower,12,26,14,57,109,0,0,0,0,0,12,26,14,57,109,6,5,11,120
10/02/2012,AEX,LA,ASW,CE,Federal Contract Tower,15,19,10,28,72,0,0,0,0,0,15,19,10,28,72,19,41,60,132
10/03/2012,AEX,LA,ASW,CE,Federal Contract Tower,6,20,11,35,72,0,0,0,0,0,6,20,11,35,72,34,58,92,164
10/04/2012,AEX,LA,ASW,CE,Federal Contract Tower,8,23,12,20,63,0,0,0,0,0,8,23,12,20,63,54,69,123,186
10/05/2012,AEX,LA,ASW,CE,Federal Contract Tower,7,26,20,11,64,0,0,0,0,0,7,26,20,11,64,25,80,105,169
10/06/2012,AEX,LA,ASW,CE,Federal Contract Tower,0,20,2,6,28,0,0,0,0,0,0,20,2,6,28,20,58,78,106
10/07/2012,AEX,LA,ASW,CE,Federal Contract Tower,0,22,10,3,35,0,0,0,0,0,0,22,10,3,35,20,57,77,112
10/08/2012,AEX,LA,ASW,CE,Federal Contract Tower,2,26,10,3,41,0,0,0,0,0,2,26,10,3,41,14,86,100,141
10/09/2012,AEX,LA,ASW,CE,Federal Contract Tower,4,20,8,23,55,0,0,0,0,0,4,20,8,23,55,43,125,168,223
10/10/2012,AEX,LA,ASW,CE,Federal Contract Tower,4,24,14,46,88,0,0,0,0,0,4,24,14,46,88,15,142,157,245
10/11/2012,AEX,LA,ASW,CE,Federal Contract Tower,6,24,22,21,73,0,0,0,0,0,6,24,22,21,73,22,157,179,252
10/12/2012,AEX,LA,ASW,CE,Federal Contract Tower,6,26,13,42,87,0,0,0,0,0,6,26,13,42,87,51,215,266,353
10/13/2012,AEX,LA,ASW,CE,Federal Contract Tower,0,22,12,7,41,0,0,0,0,0,0,22,12,7,41,40,75,115,156
10/14/2012,AEX,LA,ASW,CE,Federal Contract Tower,2,22,13,5,42,0,0,0,0,0,2,22,13,5,42,15,53,68,110
10/15/2012,AEX,LA,ASW,CE,Federal Contract Tower,6,23,4,52,85,0,0,0,0,0,6,23,4,52,85,133,29,162,247
10/16/2012,AEX,LA,ASW,CE,Federal Contract Tower,6,20,8,38,72,0,0,0,0,0,6,20,8,38,72,34,151,185,257
10/17/2012,AEX,LA,ASW,CE,Federal Contract Tower,4,20,9,42,75,0,0,0,0,0,4,20,9,42,75,18,85,103,178
10/18/2012,AEX,LA,ASW,CE,Federal Contract Tower,6,26,8,34,74,0,0,0,0,0,6,26,8,34,74,19,78,97,171
10/19/2012,AEX,LA,ASW,CE,Federal Contract Tower,5,28,10,40,83,0,0,0,0,0,5,28,10,40,83,30,87,117,200
10/20/2012,AEX,LA,ASW,CE,Federal Contract Tower,1,24,2,21,48,0,0,0,0,0,1,24,2,21,48,29,89,118,166
10/21/2012,AEX,LA,ASW,CE,Federal Contract Tower,3,22,7,17,49,0,0,0,0,0,3,22,7,17,49,40,51,91,140
10/22/2012,AEX,LA,ASW,CE,Federal Contract Tower,5,25,4,15,49,0,0,0,0,0,5,25,4,15,49,20,27,47,96
10/23/2012,AEX,LA,ASW,CE,Federal Contract Tower,8,23,16,22,69,0,0,0,0,0,8,23,16,22,69,49,29,78,147
10/24/2012,AEX,LA,ASW,CE,Federal Contract Tower,16,20,7,45,88,0,0,0,0,0,16,20,7,45,88,10,30,40,128
10/25/2012,AEX,LA,ASW,CE,Federal Contract Tower,22,23,14,28,87,0,0,0,0,0,22,23,14,28,87,25,20,45,132
10/26/2012,AEX,LA,ASW,CE,Federal Contract Tower,17,23,13,21,74,0,0,0,0,0,17,23,13,21,74,2,0,2,76
10/27/2012,AEX,LA,ASW,CE,Federal Contract Tower,5,20,3,9,37,0,0,0,0,0,5,20,3,9,37,18,33,51,88
10/28/2012,AEX,LA,ASW,CE,Federal Contract Tower,15,22,7,15,59,0,0,0,0,0,15,22,7,15,59,10,41,51,110
10/29/2012,AEX,LA,ASW,CE,Federal Contract Tower,18,25,5,8,56,0,0,0,0,0,18,25,5,8,56,19,20,39,95
10/30/2012,AEX,LA,ASW,CE,Federal Contract Tower,19,18,3,35,75,0,0,0,0,0,19,18,3,35,75,35,15,50,125
10/31/2012,AEX,LA,ASW,CE,Federal Contract Tower,8,19,4,50,81,0,0,0,0,0,8,19,4,50,81,32,40,72,153
11/01/2012,AEX,LA,ASW,CE,Federal Contract Tower,6,20,6,36,68,0,0,0,0,0,6,20,6,36,68,14,25,39,107
11/02/2012,AEX,LA,ASW,CE,Federal Contract Tower,9,24,8,24,65,0,0,0,0,0,9,24,8,24,65,25,68,93,158
11/03/2012,AEX,LA,ASW,CE,Federal Contract Tower,0,23,4,3,30,0,0,0,0,0,0,23,4,3,30,28,47,75,105
11/04/2012,AEX,LA,ASW,CE,Federal Contract Tower,1,26,5,0,32,0,0,0,0,0,1,26,5,0,32,8,2,10,42
11/05/2012,AEX,LA,ASW,CE,Federal Contract Tower,4,27,16,15,62,0,0,0,0,0,4,27,16,15,62,15,18,33,95
11/06/2012,AEX,LA,ASW,CE,Federal Contract Tower,5,23,2,14,44,0,0,0,0,0,5,23,2,14,44,20,13,33,77
11/07/2012,AEX,LA,ASW,CE,Federal Contract Tower,8,22,9,9,48,0,0,0,0,0,8,22,9,9,48,32,32,64,112
11/08/2012,AEX,LA,ASW,CE,Federal Contract Tower,6,26,11,7,50,0,0,0,0,0,6,26,11,7,50,45,21,66,116
11/09/2012,AEX,LA,ASW,CE,Federal Contract Tower,6,29,13,21,69,0,0,0,0,0,6,29,13,21,69,43,42,85,154
11/10/2012,AEX,LA,ASW,CE,Federal Contract Tower,0,20,1,4,25,0,0,0,0,0,0,20,1,4,25,13,24,37,62
11/11/2012,AEX,LA,ASW,CE,Federal Contract Tower,0,28,16,14,58,0,0,0,0,0,0,28,16,14,58,20,24,44,102
11/12/2012,AEX,LA,ASW,CE,Federal Contract Tower,3,25,12,2,42,0,0,0,0,0,3,25,12,2,42,12,10,22,64
11/13/2012,AEX,LA,ASW,CE,Federal Contract Tower,6,22,15,9,52,0,0,0,0,0,6,22,15,9,52,20,16,36,88
11/14/2012,AEX,LA,ASW,CE,Federal Contract Tower,6,24,22,18,70,0,0,0,0,0,6,24,22,18,70,62,23,85,155
11/15/2012,AEX,LA,ASW,CE,Federal Contract Tower,6,22,3,6,37,0,0,0,0,0,6,22,3,6,37,45,36,81,118
11/16/2012,AEX,LA,ASW,CE,Federal Contract Tower,3,19,15,20,57,0,0,0,0,0,3,19,15,20,57,22,25,47,104
11/17/2012,AEX,LA,ASW,CE,Federal Contract Tower,2,19,5,2,28,0,0,0,0,0,2,19,5,2,28,34,0,34,62
11/18/2012,AEX,LA,ASW,CE,Federal Contract Tower,2,22,18,1,43,0,0,0,0,0,2,22,18,1,43,51,0,51,94
11/19/2012,AEX,LA,ASW,CE,Federal Contract Tower,9,22,4,12,47,0,0,0,0,0,9,22,4,12,47,10,34,44,91
11/20/2012,AEX,LA,ASW,CE,Federal Contract Tower,16,22,18,4,60,0,0,0,0,0,16,22,18,4,60,25,25,50,110
11/21/2012,AEX,LA,ASW,CE,Federal Contract Tower,25,27,19,6,77,0,0,0,0,0,25,27,19,6,77,20,18,38,115
11/22/2012,AEX,LA,ASW,CE,Federal Contract Tower,2,14,15,0,31,0,0,0,0,0,2,14,15,0,31,18,0,18,49
11/23/2012,AEX,LA,ASW,CE,Federal Contract Tower,5,15,3,0,23,0,0,0,0,0,5,15,3,0,23,8,0,8,31
11/24/2012,AEX,LA,ASW,CE,Federal Contract Tower,1,21,4,0,26,0,0,0,0,0,1,21,4,0,26,34,0,34,60
11/25/2012,AEX,LA,ASW,CE,Federal Contract Tower,1,22,5,0,28,0,0,0,0,0,1,22,5,0,28,28,0,28,56
11/26/2012,AEX,LA,ASW,CE,Federal Contract Tower,8,23,5,5,41,0,0,0,0,0,8,23,5,5,41,32,9,41,82
11/27/2012,AEX,LA,ASW,CE,Federal Contract Tower,4,25,16,9,54,0,0,0,0,0,4,25,16,9,54,15,11,26,80
11/28/2012,AEX,LA,ASW,CE,Federal Contract Tower,5,18,16,25,64,0,0,0,0,0,5,18,16,25,64,25,17,42,106
11/29/2012,AEX,LA,ASW,CE,Federal Contract Tower,8,28,9,18,63,0,0,0,0,0,8,28,9,18,63,70,32,102,165
11/30/2012,AEX,LA,ASW,CE,Federal Contract Tower,4,21,11,23,59,0,0,0,0,0,4,21,11,23,59,26,19,45,104
12/01/2012,AEX,LA,ASW,CE,Federal Contract Tower,4,17,3,9,33,0,0,0,0,0,4,17,3,9,33,28,24,52,85
12/02/2012,AEX,LA,ASW,CE,Federal Contract Tower,3,14,6,0,23,0,0,0,0,0,3,14,6,0,23,21,6,27,50
12/03/2012,AEX,LA,ASW,CE,Federal Contract Tower,5,23,5,15,48,0,0,0,0,0,5,23,5,15,48,4,12,16,64
12/04/2012,AEX,LA,ASW,CE,Federal Contract Tower,6,20,15,4,45,0,0,0,0,0,6,20,15,4,45,17,0,17,62
12/05/2012,AEX,LA,ASW,CE,Federal Contract Tower,8,22,30,15,75,0,0,0,0,0,8,22,30,15,75,5,2,7,82
12/06/2012,AEX,LA,ASW,CE,Federal Contract Tower,8,22,16,8,54,0,0,0,0,0,8,22,16,8,54,3,2,5,59
12/07/2012,AEX,LA,ASW,CE,Federal Contract Tower,4,23,4,24,55,0,0,0,0,0,4,23,4,24,55,24,18,42,97
12/08/2012,AEX,LA,ASW,CE,Federal Contract Tower,0,18,7,2,27,0,0,0,0,0,0,18,7,2,27,10,2,12,39
12/09/2012,AEX,LA,ASW,CE,Federal Contract Tower,0,27,4,4,35,0,0,0,0,0,0,27,4,4,35,6,5,11,46
12/10/2012,AEX,LA,ASW,CE,Federal Contract Tower,8,22,9,10,49,0,0,0,0,0,8,22,9,10,49,18,4,22,71
12/11/2012,AEX,LA,ASW,CE,Federal Contract Tower,5,21,11,19,56,0,0,0,0,0,5,21,11,19,56,31,10,41,97
12/12/2012,AEX,LA,ASW,CE,Federal Contract Tower,6,23,9,16,54,0,0,0,0,0,6,23,9,16,54,30,30,60,114
12/13/2012,AEX,LA,ASW,CE,Federal Contract Tower,8,24,15,9,56,0,0,0,0,0,8,24,15,9,56,25,37,62,118
12/14/2012,AEX,LA,ASW,CE,Federal Contract Tower,8,22,15,21,66,0,0,0,0,0,8,22,15,21,66,19,2,21,87
12/15/2012,AEX,LA,ASW,CE,Federal Contract Tower,0,18,3,1,22,0,0,0,0,0,0,18,3,1,22,10,1,11,33
12/16/2012,AEX,LA,ASW,CE,Federal Contract Tower,0,22,5,2,29,0,0,0,0,0,0,22,5,2,29,7,0,7,36
12/17/2012,AEX,LA,ASW,CE,Federal Contract Tower,6,21,5,28,60,0,0,0,0,0,6,21,5,28,60,6,15,21,81
12/18/2012,AEX,LA,ASW,CE,Federal Contract Tower,8,22,10,10,50,0,0,0,0,0,8,22,10,10,50,45,8,53,103
12/19/2012,AEX,LA,ASW,CE,Federal Contract Tower,6,21,12,16,55,0,0,0,0,0,6,21,12,16,55,26,27,53,108
12/20/2012,AEX,LA,ASW,CE,Federal Contract Tower,8,25,7,14,54,0,0,0,0,0,8,25,7,14,54,12,12,24,78
12/21/2012,AEX,LA,ASW,CE,Federal Contract Tower,4,23,9,7,43,0,0,0,0,0,4,23,9,7,43,24,6,30,73
12/22/2012,AEX,LA,ASW,CE,Federal Contract Tower,3,20,9,2,34,0,0,0,0,0,3,20,9,2,34,9,0,9,43
12/23/2012,AEX,LA,ASW,CE,Federal Contract Tower,0,19,4,0,23,0,0,0,0,0,0,19,4,0,23,15,0,15,38
12/24/2012,AEX,LA,ASW,CE,Federal Contract Tower,5,17,3,0,25,0,0,0,0,0,5,17,3,0,25,27,0,27,52
12/25/2012,AEX,LA,ASW,CE,Federal Contract Tower,0,13,0,0,13,0,0,0,0,0,0,13,0,0,13,0,0,0,13
12/26/2012,AEX,LA,ASW,CE,Federal Contract Tower,5,24,6,0,35,0,0,0,0,0,5,24,6,0,35,14,0,14,49
12/27/2012,AEX,LA,ASW,CE,Federal Contract Tower,6,24,14,0,44,0,0,0,0,0,6,24,14,0,44,14,0,14,58
12/28/2012,AEX,LA,ASW,CE,Federal Contract Tower,7,26,4,0,37,0,0,0,0,0,7,26,4,0,37,0,0,0,37
12/29/2012,AEX,LA,ASW,CE,Federal Contract Tower,0,21,11,0,32,0,0,0,0,0,0,21,11,0,32,29,0,29,61
12/30/2012,AEX,LA,ASW,CE,Federal Contract Tower,1,23,5,0,29,0,0,0,0,0,1,23,5,0,29,17,0,17,46
12/31/2012,AEX,LA,ASW,CE,Federal Contract Tower,4,20,9,0,33,0,0,0,0,0,4,20,9,0,33,23,0,23,56
01/01/2013,AEX,LA,ASW,CE,Federal Contract Tower,1,15,0,0,16,0,0,0,0,0,1,15,0,0,16,0,0,0,16
01/02/2013,AEX,LA,ASW,CE,Federal Contract Tower,5,22,5,0,32,0,0,0,0,0,5,22,5,0,32,9,0,9,41
01/03/2013,AEX,LA,ASW,CE,Federal Contract Tower,8,25,8,13,54,0,0,0,0,0,8,25,8,13,54,34,55,89,143
01/04/2013,AEX,LA,ASW,CE,Federal Contract Tower,6,29,8,5,48,0,0,0,0,0,6,29,8,5,48,20,18,38,86
01/05/2013,AEX,LA,ASW,CE,Federal Contract Tower,2,21,2,2,27,0,0,0,0,0,2,21,2,2,27,12,0,12,39
01/06/2013,AEX,LA,ASW,CE,Federal Contract Tower,0,24,6,3,33,0,0,0,0,0,0,24,6,3,33,39,4,43,76
01/07/2013,AEX,LA,ASW,CE,Federal Contract Tower,10,24,7,5,46,0,0,0,0,0,10,24,7,5,46,16,1,17,63
01/08/2013,AEX,LA,ASW,CE,Federal Contract Tower,8,19,7,5,39,0,0,0,0,0,8,19,7,5,39,5,22,27,66
01/09/2013,AEX,LA,ASW,CE,Federal Contract Tower,6,17,5,0,28,0,0,0,0,0,6,17,5,0,28,0,0,0,28
01/10/2013,AEX,LA,ASW,CE,Federal Contract Tower,11,24,7,2,44,0,0,0,0,0,11,24,7,2,44,11,11,22,66
01/11/2013,AEX,LA,ASW,CE,Federal Contract Tower,10,24,12,12,58,0,0,0,0,0,10,24,12,12,58,15,24,39,97
01/12/2013,AEX,LA,ASW,CE,Federal Contract Tower,0,18,3,6,27,0,0,0,0,0,0,18,3,6,27,23,5,28,55
01/13/2013,AEX,LA,ASW,CE,Federal Contract Tower,0,20,0,2,22,0,0,0,0,0,0,20,0,2,22,0,0,0,22
01/14/2013,AEX,LA,ASW,CE,Federal Contract Tower,9,26,11,4,50,0,0,0,0,0,9,26,11,4,50,0,0,0,50
01/15/2013,AEX,LA,ASW,CE,Federal Contract Tower,4,20,5,5,34,0,0,0,0,0,4,20,5,5,34,5,0,5,39
01/16/2013,AEX,LA,ASW,CE,Federal Contract Tower,4,19,16,9,48,0,0,0,0,0,4,19,16,9,48,2,2,4,52
01/17/2013,AEX,LA,ASW,CE,Federal Contract Tower,8,22,11,9,50,0,0,0,0,0,8,22,11,9,50,29,2,31,81
01/18/2013,AEX,LA,ASW,CE,Federal Contract Tower,8,23,11,26,68,0,0,0,0,0,8,23,11,26,68,45,38,83,151
01/19/2013,AEX,LA,ASW,CE,Federal Contract Tower,0,19,7,2,28,0,0,0,0,0,0,19,7,2,28,35,50,85,113
01/20/2013,AEX,LA,ASW,CE,Federal Contract Tower,0,32,13,0,45,0,0,0,0,0,0,32,13,0,45,45,40,85,130
01/21/2013,AEX,LA,ASW,CE,Federal Contract Tower,0,25,6,5,36,0,0,0,0,0,0,25,6,5,36,51,4,55,91
01/22/2013,AEX,LA,ASW,CE,Federal Contract Tower,4,19,15,15,53,0,0,0,0,0,4,19,15,15,53,74,23,97,150
01/23/2013,AEX,LA,ASW,CE,Federal Contract Tower,4,14,19,18,55,0,0,0,0,0,4,14,19,18,55,79,19,98,153
01/24/2013,AEX,LA,ASW,CE,Federal Contract Tower,7,22,18,18,65,0,0,0,0,0,7,22,18,18,65,34,28,62,127
01/25/2013,AEX,LA,ASW,CE,Federal Contract Tower,5,23,13,114,155,0,0,0,0,0,5,23,13,114,155,30,34,64,219
01/26/2013,AEX,LA,ASW,CE,Federal Contract Tower,0,20,15,11,46,0,0,0,0,0,0,20,15,11,46,10,13,23,69
01/27/2013,AEX,LA,ASW,CE,Federal Contract Tower,0,20,10,20,50,0,0,0,0,0,0,20,10,20,50,24,31,55,105
01/28/2013,AEX,LA,ASW,CE,Federal Contract Tower,8,22,24,5,59,0,0,0,0,0,8,22,24,5,59,34,20,54,113
01/29/2013,AEX,LA,ASW,CE,Federal Contract Tower,3,16,11,16,46,0,0,0,0,0,3,16,11,16,46,7,2,9,55
01/30/2013,AEX,LA,ASW,CE,Federal Contract Tower,4,21,9,24,58,0,0,0,0,0,4,21,9,24,58,13,25,38,96
01/31/2013,AEX,LA,ASW,CE,Federal Contract Tower,15,24,8,17,64,0,0,0,0,0,15,24,8,17,64,36,18,54,118
02/01/2013,AEX,LA,ASW,CE,Federal Contract Tower,9,22,12,17,60,0,0,0,0,0,9,22,12,17,60,46,6,52,112
02/02/2013,AEX,LA,ASW,CE,Federal Contract Tower,1,18,1,3,23,0,0,0,0,0,1,18,1,3,23,46,5,51,74
02/03/2013,AEX,LA,ASW,CE,Federal Contract Tower,0,20,0,10,30,0,0,0,0,0,0,20,0,10,30,49,4,53,83
02/04/2013,AEX,LA,ASW,CE,Federal Contract Tower,6,22,10,5,43,0,0,0,0,0,6,22,10,5,43,19,0,19,62
02/05/2013,AEX,LA,ASW,CE,Federal Contract Tower,5,18,10,7,40,0,0,0,0,0,5,18,10,7,40,11,4,15,55
02/06/2013,AEX,LA,ASW,CE,Federal Contract Tower,7,19,15,6,47,0,0,0,0,0,7,19,15,6,47,0,0,0,47
02/07/2013,AEX,LA,ASW,CE,Federal Contract Tower,8,27,11,31,77,0,0,0,0,0,8,27,11,31,77,31,13,44,121
02/08/2013,AEX,LA,ASW,CE,Federal Contract Tower,7,23,7,18,55,0,0,0,0,0,7,23,7,18,55,5,22,27,82
02/09/2013,AEX,LA,ASW,CE,Federal Contract Tower,0,18,15,3,36,0,0,0,0,0,0,18,15,3,36,21,7,28,64
02/10/2013,AEX,LA,ASW,CE,Federal Contract Tower,0,20,1,0,21,0,0,0,0,0,0,20,1,0,21,0,0,0,21
02/11/2013,AEX,LA,ASW,CE,Federal Contract Tower,8,22,3,3,36,0,0,0,0,0,8,22,3,3,36,0,0,0,36
02/12/2013,AEX,LA,ASW,CE,Federal Contract Tower,4,20,6,3,33,0,0,0,0,0,4,20,6,3,33,0,0,0,33
02/13/2013,AEX,LA,ASW,CE,Federal Contract Tower,6,19,11,29,65,0,0,0,0,0,6,19,11,29,65,36,33,69,134
02/14/2013,AEX,LA,ASW,CE,Federal Contract Tower,6,22,17,19,64,0,0,0,0,0,6,22,17,19,64,55,4,59,123
02/15/2013,AEX,LA,ASW,CE,Federal Contract Tower,6,22,29,9,66,0,0,0,0,0,6,22,29,9,66,12,28,40,106
02/16/2013,AEX,LA,ASW,CE,Federal Contract Tower,0,18,2,0,20,0,0,0,0,0,0,18,2,0,20,25,4,29,49
02/17/2013,AEX,LA,ASW,CE,Federal Contract Tower,0,20,2,3,25,0,0,0,0,0,0,20,2,3,25,8,20,28,53
02/18/2013,AEX,LA,ASW,CE,Federal Contract Tower,2,22,2,0,26,0,0,0,0,0,2,22,2,0,26,14,0,14,40
02/19/2013,AEX,LA,ASW,CE,Federal Contract Tower,5,18,7,17,47,0,0,0,0,0,5,18,7,17,47,20,15,35,82
02/20/2013,AEX,LA,ASW,CE,Federal Contract Tower,5,18,13,14,50,0,0,0,0,0,5,18,13,14,50,7,9,16,66
02/21/2013,AEX,LA,ASW,CE,Federal Contract Tower,9,25,0,2,36,0,0,0,0,0,9,25,0,2,36,0,0,0,36
02/22/2013,AEX,LA,ASW,CE,Federal Contract Tower,6,23,5,37,71,0,0,0,0,0,6,23,5,37,71,31,19,50,121
02/23/2013,AEX,LA,ASW,CE,Federal Contract Tower,0,18,1,7,26,0,0,0,0,0,0,18,1,7,26,9,18,27,53
02/24/2013,AEX,LA,ASW,CE,Federal Contract Tower,0,20,2,2,24,0,0,0,0,0,0,20,2,2,24,40,16,56,80
02/25/2013,AEX,LA,ASW,CE,Federal Contract Tower,7,20,10,18,55,0,0,0,0,0,7,20,10,18,55,13,41,54,109
02/26/2013,AEX,LA,ASW,CE,Federal Contract Tower,7,18,8,21,54,0,0,0,0,0,7,18,8,21,54,25,28,53,107
02/27/2013,AEX,LA,ASW,CE,Federal Contract Tower,13,13,12,33,71,0,0,0,0,0,13,13,12,33,71,20,44,64,135
02/28/2013,AEX,LA,ASW,CE,Federal Contract Tower,6,23,12,4,45,0,0,0,0,0,6,23,12,4,45,33,11,44,89
03/01/2013,AEX,LA,ASW,CE,Federal Contract Tower,6,22,6,5,39,0,0,0,0,0,6,22,6,5,39,23,3,26,65
03/02/2013,AEX,LA,ASW,CE,Federal Contract Tower,1,19,6,5,31,0,0,0,0,0,1,19,6,5,31,54,7,61,92
03/03/2013,AEX,LA,ASW,CE,Federal Contract Tower,1,20,6,0,27,0,0,0,0,0,1,20,6,0,27,51,0,51,78
03/04/2013,AEX,LA,ASW,CE,Federal Contract Tower,4,24,4,6,38,0,0,0,0,0,4,24,4,6,38,23,2,25,63
03/05/2013,AEX,LA,ASW,CE,Federal Contract Tower,4,23,9,7,43,0,0,0,0,0,4,23,9,7,43,35,32,67,110
03/06/2013,AEX,LA,ASW,CE,Federal Contract Tower,4,26,16,4,50,0,0,0,0,0,4,26,16,4,50,70,19,89,139
03/07/2013,AEX,LA,ASW,CE,Federal Contract Tower,6,23,6,18,53,0,0,0,0,0,6,23,6,18,53,66,22,88,141
03/08/2013,AEX,LA,ASW,CE,Federal Contract Tower,6,20,13,1,40,0,0,0,0,0,6,20,13,1,40,37,1,38,78
03/09/2013,AEX,LA,ASW,CE,Federal Contract Tower,0,25,9,2,36,0,0,0,0,0,0,25,9,2,36,50,0,50,86
03/10/2013,AEX,LA,ASW,CE,Federal Contract Tower,3,22,0,0,25,0,0,0,0,0,3,22,0,0,25,1,0,1,26
03/11/2013,AEX,LA,ASW,CE,Federal Contract Tower,6,27,9,10,52,0,0,0,0,0,6,27,9,10,52,32,16,48,100
03/12/2013,AEX,LA,ASW,CE,Federal Contract Tower,5,23,14,10,52,0,0,0,0,0,5,23,14,10,52,25,36,61,113
03/13/2013,AEX,LA,ASW,CE,Federal Contract Tower,4,22,14,9,49,0,0,0,0,0,4,22,14,9,49,50,36,86,135
03/14/2013,AEX,LA,ASW,CE,Federal Contract Tower,6,23,8,10,47,0,0,0,0,0,6,23,8,10,47,40,13,53,100
03/15/2013,AEX,LA,ASW,CE,Federal Contract Tower,6,26,8,5,45,0,0,0,0,0,6,26,8,5,45,34,7,41,86
03/16/2013,AEX,LA,ASW,CE,Federal Contract Tower,0,18,3,0,21,0,0,0,0,0,0,18,3,0,21,27,0,27,48
03/17/2013,AEX,LA,ASW,CE,Federal Contract Tower,0,24,8,18,50,0,0,0,0,0,0,24,8,18,50,6,7,13,63
03/18/2013,AEX,LA,ASW,CE,Federal Contract Tower,3,22,10,14,49,0,0,0,0,0,3,22,10,14,49,14,0,14,63
03/19/2013,AEX,LA,ASW,CE,Federal Contract Tower,12,19,7,24,62,0,0,0,0,0,12,19,7,24,62,46,35,81,143
03/20/2013,AEX,LA,ASW,CE,Federal Contract Tower,6,22,12,13,53,0,0,0,0,0,6,22,12,13,53,20,25,45,98
03/21/2013,AEX,LA,ASW,CE,Federal Contract Tower,7,21,4,21,53,0,0,0,0,0,7,21,4,21,53,19,30,49,102
03/22/2013,AEX,LA,ASW,CE,Federal Contract Tower,7,26,19,11,63,0,0,0,0,0,7,26,19,11,63,4,6,10,73
03/23/2013,AEX,LA,ASW,CE,Federal Contract Tower,1,24,3,2,30,0,0,0,0,0,1,24,3,2,30,1,1,2,32
03/24/2013,AEX,LA,ASW,CE,Federal Contract Tower,0,21,12,12,45,0,0,0,0,0,0,21,12,12,45,33,12,45,90
03/25/2013,AEX,LA,ASW,CE,Federal Contract Tower,3,40,7,12,62,0,0,0,0,0,3,40,7,12,62,37,13,50,112
03/26/2013,AEX,LA,ASW,CE,Federal Contract Tower,6,26,14,8,54,0,0,0,0,0,6,26,14,8,54,69,22,91,145
03/27/2013,AEX,LA,ASW,CE,Federal Contract Tower,2,22,11,28,63,0,0,0,0,0,2,22,11,28,63,42,84,126,189
03/28/2013,AEX,LA,ASW,CE,Federal Contract Tower,6,23,20,14,63,0,0,0,0,0,6,23,20,14,63,20,23,43,106
03/29/2013,AEX,LA,ASW,CE,Federal Contract Tower,2,27,1,11,41,0,0,0,0,0,2,27,1,11,41,24,0,24,65
03/30/2013,AEX,LA,ASW,CE,Federal Contract Tower,1,19,12,0,32,0,0,0,0,0,1,19,12,0,32,17,0,17,49
03/31/2013,AEX,LA,ASW,CE,Federal Contract Tower,1,20,4,0,25,0,0,0,0,0,1,20,4,0,25,8,0,8,33
04/01/2013,AEX,LA,ASW,CE,Federal Contract Tower,4,23,11,19,57,0,0,0,0,0,4,23,11,19,57,31,5,36,93
04/02/2013,AEX,LA,ASW,CE,Federal Contract Tower,10,27,16,8,61,0,0,0,0,0,10,27,16,8,61,31,4,35,96
04/03/2013,AEX,LA,ASW,CE,Federal Contract Tower,10,27,12,4,53,0,0,0,0,0,10,27,12,4,53,0,0,0,53
04/04/2013,AEX,LA,ASW,CE,Federal Contract Tower,7,22,13,19,61,0,0,0,0,0,7,22,13,19,61,13,15,28,89
04/05/2013,AEX,LA,ASW,CE,Federal Contract Tower,5,26,10,19,60,0,0,0,0,0,5,26,10,19,60,16,15,31,91
04/06/2013,AEX,LA,ASW,CE,Federal Contract Tower,0,21,5,21,47,0,0,0,0,0,0,21,5,21,47,54,6,60,107
04/07/2013,AEX,LA,ASW,CE,Federal Contract Tower,0,24,13,27,64,0,0,0,0,0,0,24,13,27,64,21,11,32,96
04/08/2013,AEX,LA,ASW,CE,Federal Contract Tower,4,25,3,9,41,0,0,0,0,0,4,25,3,9,41,10,0,10,51
04/09/2013,AEX,LA,ASW,CE,Federal Contract Tower,4,22,6,19,51,0,0,0,0,0,4,22,6,19,51,17,13,30,81
04/10/2013,AEX,LA,ASW,CE,Federal Contract Tower,4,20,6,18,48,0,0,0,0,0,4,20,6,18,48,6,38,44,92
04/11/2013,AEX,LA,ASW,CE,Federal Contract Tower,4,21,9,8,42,0,0,0,0,0,4,21,9,8,42,6,24,30,72
04/12/2013,AEX,LA,ASW,CE,Federal Contract Tower,9,27,7,6,49,0,0,0,0,0,9,27,7,6,49,25,30,55,104
04/13/2013,AEX,LA,ASW,CE,Federal Contract Tower,0,18,5,1,24,0,0,0,0,0,0,18,5,1,24,30,1,31,55
04/14/2013,AEX,LA,ASW,CE,Federal Contract Tower,0,22,9,1,32,0,0,0,0,0,0,22,9,1,32,25,4,29,61
04/15/2013,AEX,LA,ASW,CE,Federal Contract Tower,6,26,9,3,44,0,0,0,0,0,6,26,9,3,44,17,3,20,64
04/16/2013,AEX,LA,ASW,CE,Federal Contract Tower,4,23,15,15,57,0,0,0,0,0,4,23,15,15,57,18,2,20,77
04/17/2013,AEX,LA,ASW,CE,Federal Contract Tower,4,27,13,11,55,0,0,0,0,0,4,27,13,11,55,34,2,36,91
04/18/2013,AEX,LA,ASW,CE,Federal Contract Tower,8,18,6,1,33,0,0,0,0,0,8,18,6,1,33,10,5,15,48
04/19/2013,AEX,LA,ASW,CE,Federal Contract Tower,8,26,9,7,50,0,0,0,0,0,8,26,9,7,50,20,26,46,96
04/20/2013,AEX,LA,ASW,CE,Federal Contract Tower,2,21,8,0,31,0,0,0,0,0,2,21,8,0,31,55,0,55,86
04/21/2013,AEX,LA,ASW,CE,Federal Contract Tower,1,22,5,4,32,0,0,0,0,0,1,22,5,4,32,20,8,28,60
04/22/2013,AEX,LA,ASW,CE,Federal Contract Tower,4,26,5,3,38,0,0,0,0,0,4,26,5,3,38,43,25,68,106
04/23/2013,AEX,LA,ASW,CE,Federal Contract Tower,8,23,11,16,58,0,0,0,0,0,8,23,11,16,58,14,11,25,83
04/24/2013,AEX,LA,ASW,CE,Federal Contract Tower,3,26,16,11,56,0,0,0,0,0,3,26,16,11,56,4,8,12,68
04/25/2013,AEX,LA,ASW,CE,Federal Contract Tower,6,25,16,11,58,0,0,0,0,0,6,25,16,11,58,83,18,101,159
04/26/2013,AEX,LA,ASW,CE,Federal Contract Tower,7,29,12,7,55,0,0,0,0,0,7,29,12,7,55,28,18,46,101
04/27/2013,AEX,LA,ASW,CE,Federal Contract Tower,4,21,3,2,30,0,0,0,0,0,4,21,3,2,30,8,4,12,42
04/28/2013,AEX,LA,ASW,CE,Federal Contract Tower,0,24,0,5,29,0,0,0,0,0,0,24,0,5,29,14,0,14,43
04/29/2013,AEX,LA,ASW,CE,Federal Contract Tower,4,28,8,13,53,0,0,0,0,0,4,28,8,13,53,9,2,11,64
04/30/2013,AEX,LA,ASW,CE,Federal Contract Tower,4,29,15,16,64,0,0,0,0,0,4,29,15,16,64,11,14,25,89
05/01/2013,AEX,LA,ASW,CE,Federal Contract Tower,6,23,15,10,54,0,0,0,0,0,6,23,15,10,54,14,0,14,68
05/02/2013,AEX,LA,ASW,CE,Federal Contract Tower,6,27,7,5,45,0,0,0,0,0,6,27,7,5,45,9,8,17,62
05/03/2013,AEX,LA,ASW,CE,Federal Contract Tower,5,23,18,5,51,0,0,0,0,0,5,23,18,5,51,26,10,36,87
05/04/2013,AEX,LA,ASW,CE,Federal Contract Tower,1,23,7,4,35,0,0,0,0,0,1,23,7,4,35,32,9,41,76
05/05/2013,AEX,LA,ASW,CE,Federal Contract Tower,4,25,7,1,37,0,0,0,0,0,4,25,7,1,37,21,10,31,68
05/06/2013,AEX,LA,ASW,CE,Federal Contract Tower,7,24,8,10,49,0,0,0,0,0,7,24,8,10,49,44,6,50,99
05/07/2013,AEX,LA,ASW,CE,Federal Contract Tower,5,27,13,13,58,0,0,0,0,0,5,27,13,13,58,37,15,52,110
05/08/2013,AEX,LA,ASW,CE,Federal Contract Tower,4,25,14,10,53,0,0,0,0,0,4,25,14,10,53,28,15,43,96
05/09/2013,AEX,LA,ASW,CE,Federal Contract Tower,7,23,8,12,50,0,0,0,0,0,7,23,8,12,50,36,6,42,92
05/10/2013,AEX,LA,ASW,CE,Federal Contract Tower,5,27,18,10,60,0,0,0,0,0,5,27,18,10,60,7,12,19,79
05/11/2013,AEX,LA,ASW,CE,Federal Contract Tower,1,23,11,1,36,0,0,0,0,0,1,23,11,1,36,43,13,56,92
05/12/2013,AEX,LA,ASW,CE,Federal Contract Tower,2,24,10,2,38,0,0,0,0,0,2,24,10,2,38,25,12,37,75
05/13/2013,AEX,LA,ASW,CE,Federal Contract Tower,4,23,2,16,45,0,0,0,0,0,4,23,2,16,45,19,40,59,104
05/14/2013,AEX,LA,ASW,CE,Federal Contract Tower,4,23,11,15,53,0,0,0,0,0,4,23,11,15,53,108,33,141,194
05/15/2013,AEX,LA,ASW,CE,Federal Contract Tower,1,25,3,7,36,0,0,0,0,0,1,25,3,7,36,44,21,65,101
05/16/2013,AEX,LA,ASW,CE,Federal Contract Tower,6,25,15,16,62,0,0,0,0,0,6,25,15,16,62,56,46,102,164
05/17/2013,AEX,LA,ASW,CE,Federal Contract Tower,6,25,14,34,79,0,0,0,0,0,6,25,14,34,79,30,22,52,131
05/18/2013,AEX,LA,ASW,CE,Federal Contract Tower,0,20,17,5,42,0,0,0,0,0,0,20,17,5,42,21,22,43,85
05/19/2013,AEX,LA,ASW,CE,Federal Contract Tower,2,22,14,20,58,0,0,0,0,0,2,22,14,20,58,29,24,53,111
05/20/2013,AEX,LA,ASW,CE,Federal Contract Tower,8,25,8,29,70,0,0,0,0,0,8,25,8,29,70,16,10,26,96
05/21/2013,AEX,LA,ASW,CE,Federal Contract Tower,4,18,27,14,63,0,0,0,0,0,4,18,27,14,63,12,30,42,105
05/22/2013,AEX,LA,ASW,CE,Federal Contract Tower,3,23,7,30,63,0,0,0,0,0,3,23,7,30,63,12,16,28,91
05/23/2013,AEX,LA,ASW,CE,Federal Contract Tower,9,26,18,12,65,0,0,0,0,0,9,26,18,12,65,49,3,52,117
05/24/2013,AEX,LA,ASW,CE,Federal Contract Tower,11,24,11,1,47,0,0,0,0,0,11,24,11,1,47,50,0,50,97
05/25/2013,AEX,LA,ASW,CE,Federal Contract Tower,2,23,5,0,30,0,0,0,0,0,2,23,5,0,30,13,3,16,46
05/26/2013,AEX,LA,ASW,CE,Federal Contract Tower,10,17,4,3,34,0,0,0,0,0,10,17,4,3,34,13,79,92,126
05/27/2013,AEX,LA,ASW,CE,Federal Contract Tower,10,24,3,1,38,0,0,0,0,0,10,24,3,1,38,35,5,40,78
05/28/2013,AEX,LA,ASW,CE,Federal Contract Tower,10,24,15,33,82,0,0,0,0,0,10,24,15,33,82,14,30,44,126
05/29/2013,AEX,LA,ASW,CE,Federal Contract Tower,7,19,14,30,70,0,0,0,0,0,7,19,14,30,70,20,0,20,90
05/30/2013,AEX,LA,ASW,CE,Federal Contract Tower,9,27,21,5,62,0,0,0,0,0,9,27,21,5,62,19,1,20,82
05/31/2013,AEX,LA,ASW,CE,Federal Contract Tower,3,25,12,18,58,0,0,0,0,0,3,25,12,18,58,8,15,23,81
06/01/2013,AEX,LA,ASW,CE,Federal Contract Tower,2,20,13,3,38,0,0,0,0,0,2,20,13,3,38,6,2,8,46
06/02/2013,AEX,LA,ASW,CE,Federal Contract Tower,0,23,7,1,31,0,0,0,0,0,0,23,7,1,31,11,6,17,48
06/03/2013,AEX,LA,ASW,CE,Federal Contract Tower,2,24,21,4,51,0,0,0,0,0,2,24,21,4,51,30,2,32,83
06/04/2013,AEX,LA,ASW,CE,Federal Contract Tower,1,26,5,17,49,0,0,0,0,0,1,26,5,17,49,40,35,75,124
06/05/2013,AEX,LA,ASW,CE,Federal Contract Tower,5,23,11,11,50,0,0,0,0,0,5,23,11,11,50,30,11,41,91
06/06/2013,AEX,LA,ASW,CE,Federal Contract Tower,6,21,1,7,35,0,0,0,0,0,6,21,1,7,35,10,0,10,45
06/07/2013,AEX,LA,ASW,CE,Federal Contract Tower,8,26,20,15,69,0,0,0,0,0,8,26,20,15,69,30,13,43,112
06/08/2013,AEX,LA,ASW,CE,Federal Contract Tower,1,22,11,5,39,0,0,0,0,0,1,22,11,5,39,36,18,54,93
06/09/2013,AEX,LA,ASW,CE,Federal Contract Tower,1,21,6,8,36,0,0,0,0,0,1,21,6,8,36,11,11,22,58
06/10/2013,AEX,LA,ASW,CE,Federal Contract Tower,4,28,25,20,77,0,0,0,0,0,4,28,25,20,77,71,19,90,167
06/11/2013,AEX,LA,ASW,CE,Federal Contract Tower,5,24,8,25,62,0,0,0,0,0,5,24,8,25,62,25,30,55,117
06/12/2013,AEX,LA,ASW,CE,Federal Contract Tower,3,26,14,21,64,0,0,0,0,0,3,26,14,21,64,37,30,67,131
06/13/2013,AEX,LA,ASW,CE,Federal Contract Tower,8,22,9,23,62,0,0,0,0,0,8,22,9,23,62,23,33,56,118
06/14/2013,AEX,LA,ASW,CE,Federal Contract Tower,5,24,9,38,76,0,0,0,0,0,5,24,9,38,76,28,22,50,126
06/15/2013,AEX,LA,ASW,CE,Federal Contract Tower,1,21,16,1,39,0,0,0,0,0,1,21,16,1,39,48,0,48,87
06/16/2013,AEX,LA,ASW,CE,Federal Contract Tower,0,23,7,32,62,0,0,0,0,0,0,23,7,32,62,22,7,29,91
06/17/2013,AEX,LA,ASW,CE,Federal Contract Tower,4,20,6,12,42,0,0,0,0,0,4,20,6,12,42,10,17,27,69
06/18/2013,AEX,LA,ASW,CE,Federal Contract Tower,6,24,8,1,39,0,0,0,0,0,6,24,8,1,39,7,9,16,55
06/19/2013,AEX,LA,ASW,CE,Federal Contract Tower,13,24,20,6,63,0,0,0,0,0,13,24,20,6,63,40,11,51,114
06/20/2013,AEX,LA,ASW,CE,Federal Contract Tower,25,25,16,19,85,0,0,0,0,0,25,25,16,19,85,12,3,15,100
06/21/2013,AEX,LA,ASW,CE,Federal Contract Tower,22,25,8,23,78,0,0,0,0,0,22,25,8,23,78,7,10,17,95
06/22/2013,AEX,LA,ASW,CE,Federal Contract Tower,0,22,45,8,75,0,0,0,0,0,0,22,45,8,75,12,0,12,87
06/23/2013,AEX,LA,ASW,CE,Federal Contract Tower,1,23,9,14,47,0,0,0,0,0,1,23,9,14,47,21,0,21,68
06/24/2013,AEX,LA,ASW,CE,Federal Contract Tower,6,24,18,14,62,0,0,0,0,0,6,24,18,14,62,40,22,62,124
06/25/2013,AEX,LA,ASW,CE,Federal Contract Tower,4,29,9,9,51,0,0,0,0,0,4,29,9,9,51,25,19,44,95
06/26/2013,AEX,LA,ASW,CE,Federal Contract Tower,4,27,10,27,68,0,0,0,0,0,4,27,10,27,68,37,13,50,118
06/27/2013,AEX,LA,ASW,CE,Federal Contract Tower,7,21,10,21,59,0,0,0,0,0,7,21,10,21,59,30,6,36,95
06/28/2013,AEX,LA,ASW,CE,Federal Contract Tower,8,26,11,3,48,0,0,0,0,0,8,26,11,3,48,29,0,29,77
06/29/2013,AEX,LA,ASW,CE,Federal Contract Tower,0,22,11,28,61,0,0,0,0,0,0,22,11,28,61,20,33,53,114
06/30/2013,AEX,LA,ASW,CE,Federal Contract Tower,1,24,4,5,34,0,0,0,0,0,1,24,4,5,34,23,3,26,60
07/01/2013,AEX,LA,ASW,CE,Federal Contract Tower,6,24,9,10,49,0,0,0,0,0,6,24,9,10,49,20,19,39,88
07/02/2013,AEX,LA,ASW,CE,Federal Contract Tower,4,23,12,8,47,0,0,0,0,0,4,23,12,8,47,57,11,68,115
07/03/2013,AEX,LA,ASW,CE,Federal Contract Tower,5,23,14,21,63,0,0,0,0,0,5,23,14,21,63,21,14,35,98
07/04/2013,AEX,LA,ASW,CE,Federal Contract Tower,0,33,9,0,42,0,0,0,0,0,0,33,9,0,42,45,0,45,87
07/05/2013,AEX,LA,ASW,CE,Federal Contract Tower,11,20,7,2,40,0,0,0,0,0,11,20,7,2,40,12,12,24,64
07/06/2013,AEX,LA,ASW,CE,Federal Contract Tower,0,22,6,0,28,0,0,0,0,0,0,22,6,0,28,15,0,15,43
07/07/2013,AEX,LA,ASW,CE,Federal Contract Tower,3,24,6,0,33,0,0,0,0,0,3,24,6,0,33,25,0,25,58
07/08/2013,AEX,LA,ASW,CE,Federal Contract Tower,6,23,12,1,42,0,0,0,0,0,6,23,12,1,42,17,10,27,69
07/09/2013,AEX,LA,ASW,CE,Federal Contract Tower,4,24,7,7,42,0,0,0,0,0,4,24,7,7,42,12,12,24,66
07/10/2013,AEX,LA,ASW,CE,Federal Contract Tower,3,22,18,19,62,0,0,0,0,0,3,22,18,19,62,51,37,88,150
07/11/2013,AEX,LA,ASW,CE,Federal Contract Tower,3,26,7,9,45,0,0,0,0,0,3,26,7,9,45,8,24,32,77
07/12/2013,AEX,LA,ASW,CE,Federal Contract Tower,6,23,10,21,60,0,0,0,0,0,6,23,10,21,60,29,90,119,179
07/13/2013,AEX,LA,ASW,CE,Federal Contract Tower,1,28,25,7,61,0,0,0,0,0,1,28,25,7,61,20,30,50,111
07/14/2013,AEX,LA,ASW,CE,Federal Contract Tower,1,24,8,4,37,0,0,0,0,0,1,24,8,4,37,11,2,13,50
07/15/2013,AEX,LA,ASW,CE,Federal Contract Tower,7,25,6,1,39,0,0,0,0,0,7,25,6,1,39,15,15,30,69
07/16/2013,AEX,LA,ASW,CE,Federal Contract Tower,5,28,13,4,50,0,0,0,0,0,5,28,13,4,50,19,12,31,81
07/17/2013,AEX,LA,ASW,CE,Federal Contract Tower,9,23,10,12,54,0,0,0,0,0,9,23,10,12,54,17,10,27,81
07/18/2013,AEX,LA,ASW,CE,Federal Contract Tower,7,26,4,9,46,0,0,0,0,0,7,26,4,9,46,26,1,27,73
07/19/2013,AEX,LA,ASW,CE,Federal Contract Tower,7,25,12,4,48,0,0,0,0,0,7,25,12,4,48,20,2,22,70
07/20/2013,AEX,LA,ASW,CE,Federal Contract Tower,5,25,6,2,38,0,0,0,0,0,5,25,6,2,38,27,8,35,73
07/21/2013,AEX,LA,ASW,CE,Federal Contract Tower,0,21,5,3,29,0,0,0,0,0,0,21,5,3,29,25,1,26,55
07/22/2013,AEX,LA,ASW,CE,Federal Contract Tower,1,26,10,14,51,0,0,0,0,0,1,26,10,14,51,30,33,63,114
07/23/2013,AEX,LA,ASW,CE,Federal Contract Tower,3,24,8,10,45,0,0,0,0,0,3,24,8,10,45,26,40,66,111
07/24/2013,AEX,LA,ASW,CE,Federal Contract Tower,3,23,12,21,59,0,0,0,0,0,3,23,12,21,59,14,25,39,98
07/25/2013,AEX,LA,ASW,CE,Federal Contract Tower,11,26,10,25,72,0,0,0,0,0,11,26,10,25,72,46,13,59,131
07/26/2013,AEX,LA,ASW,CE,Federal Contract Tower,4,23,9,20,56,0,0,0,0,0,4,23,9,20,56,7,30,37,93
07/27/2013,AEX,LA,ASW,CE,Federal Contract Tower,4,22,7,2,35,0,0,0,0,0,4,22,7,2,35,5,2,7,42
07/28/2013,AEX,LA,ASW,CE,Federal Contract Tower,1,24,7,7,39,0,0,0,0,0,1,24,7,7,39,18,4,22,61
07/29/2013,AEX,LA,ASW,CE,Federal Contract Tower,4,24,12,13,53,0,0,0,0,0,4,24,12,13,53,21,21,42,95
07/30/2013,AEX,LA,ASW,CE,Federal Contract Tower,6,22,6,23,57,0,0,0,0,0,6,22,6,23,57,15,6,21,78
07/31/2013,AEX,LA,ASW,CE,Federal Contract Tower,3,21,29,21,74,0,0,0,0,0,3,21,29,21,74,24,52,76,150
08/01/2013,AEX,LA,ASW,CE,Federal Contract Tower,10,25,7,24,66,0,0,0,0,0,10,25,7,24,66,14,23,37,103
08/02/2013,AEX,LA,ASW,CE,Federal Contract Tower,2,24,8,25,59,0,0,0,0,0,2,24,8,25,59,5,6,11,70
08/03/2013,AEX,LA,ASW,CE,Federal Contract Tower,0,25,9,0,34,0,0,0,0,0,0,25,9,0,34,61,0,61,95
08/04/2013,AEX,LA,ASW,CE,Federal Contract Tower,11,24,6,16,57,0,0,0,0,0,11,24,6,16,57,14,3,17,74
08/05/2013,AEX,LA,ASW,CE,Federal Contract Tower,7,26,5,4,42,0,0,0,0,0,7,26,5,4,42,40,56,96,138
08/06/2013,AEX,LA,ASW,CE,Federal Contract Tower,9,24,7,5,45,0,0,0,0,0,9,24,7,5,45,29,41,70,115
08/07/2013,AEX,LA,ASW,CE,Federal Contract Tower,7,25,14,35,81,0,0,0,0,0,7,25,14,35,81,31,36,67,148
08/08/2013,AEX,LA,ASW,CE,Federal Contract Tower,5,25,7,3,40,0,0,0,0,0,5,25,7,3,40,25,16,41,81
08/09/2013,AEX,LA,ASW,CE,Federal Contract Tower,9,22,8,45,84,0,0,0,0,0,9,22,8,45,84,13,70,83,167
08/10/2013,AEX,LA,ASW,CE,Federal Contract Tower,8,21,6,7,42,0,0,0,0,0,8,21,6,7,42,45,46,91,133
08/11/2013,AEX,LA,ASW,CE,Federal Contract Tower,3,25,3,10,41,0,0,0,0,0,3,25,3,10,41,26,97,123,164
08/12/2013,AEX,LA,ASW,CE,Federal Contract Tower,9,24,7,14,54,0,0,0,0,0,9,24,7,14,54,35,96,131,185
08/13/2013,AEX,LA,ASW,CE,Federal Contract Tower,13,20,10,29,72,0,0,0,0,0,13,20,10,29,72,46,32,78,150
08/14/2013,AEX,LA,ASW,CE,Federal Contract Tower,4,33,15,6,58,0,0,0,0,0,4,33,15,6,58,22,63,85,143
08/15/2013,AEX,LA,ASW,CE,Federal Contract Tower,5,28,12,17,62,0,0,0,0,0,5,28,12,17,62,51,117,168,230
08/16/2013,AEX,LA,ASW,CE,Federal Contract Tower,7,25,7,62,101,0,0,0,0,0,7,25,7,62,101,20,147,167,268
08/17/2013,AEX,LA,ASW,CE,Federal Contract Tower,0,21,8,14,43,0,0,0,0,0,0,21,8,14,43,48,48,96,139
08/18/2013,AEX,LA,ASW,CE,Federal Contract Tower,5,24,10,25,64,0,0,0,0,0,5,24,10,25,64,24,60,84,148
08/19/2013,AEX,LA,ASW,CE,Federal Contract Tower,8,24,2,24,58,0,0,0,0,0,8,24,2,24,58,40,178,218,276
08/20/2013,AEX,LA,ASW,CE,Federal Contract Tower,6,25,18,26,75,0,0,0,0,0,6,25,18,26,75,66,49,115,190
08/21/2013,AEX,LA,ASW,CE,Federal Contract Tower,2,23,15,22,62,0,0,0,0,0,2,23,15,22,62,35,142,177,239
08/22/2013,AEX,LA,ASW,CE,Federal Contract Tower,4,25,14,17,60,0,0,0,0,0,4,25,14,17,60,22,71,93,153
08/23/2013,AEX,LA,ASW,CE,Federal Contract Tower,7,24,16,47,94,0,0,0,0,0,7,24,16,47,94,10,90,100,194
08/24/2013,AEX,LA,ASW,CE,Federal Contract Tower,0,21,3,10,34,0,0,0,0,0,0,21,3,10,34,77,77,154,188
08/25/2013,AEX,LA,ASW,CE,Federal Contract Tower,1,28,6,33,68,0,0,0,0,0,1,28,6,33,68,24,127,151,219
08/26/2013,AEX,LA,ASW,CE,Federal Contract Tower,4,24,13,13,54,0,0,0,0,0,4,24,13,13,54,35,76,111,165
08/27/2013,AEX,LA,ASW,CE,Federal Contract Tower,8,25,7,4,44,0,0,0,0,0,8,25,7,4,44,40,111,151,195
08/28/2013,AEX,LA,ASW,CE,Federal Contract Tower,3,24,9,20,56,0,0,0,0,0,3,24,9,20,56,52,137,189,245
08/29/2013,AEX,LA,ASW,CE,Federal Contract Tower,8,25,11,10,54,0,0,0,0,0,8,25,11,10,54,55,131,186,240
08/30/2013,AEX,LA,ASW,CE,Federal Contract Tower,6,27,21,17,71,0,0,0,0,0,6,27,21,17,71,40,61,101,172
08/31/2013,AEX,LA,ASW,CE,Federal Contract Tower,0,20,9,2,31,0,0,0,0,0,0,20,9,2,31,15,15,30,61
09/01/2013,AEX,LA,ASW,CE,Federal Contract Tower,0,18,5,0,23,0,0,0,0,0,0,18,5,0,23,17,1,18,41
09/02/2013,AEX,LA,ASW,CE,Federal Contract Tower,7,22,4,2,35,0,0,0,0,0,7,22,4,2,35,15,27,42,77
09/03/2013,AEX,LA,ASW,CE,Federal Contract Tower,24,22,7,9,62,0,0,0,0,0,24,22,7,9,62,10,8,18,80
09/04/2013,AEX,LA,ASW,CE,Federal Contract Tower,33,22,15,14,84,0,0,0,0,0,33,22,15,14,84,27,21,48,132
09/05/2013,AEX,LA,ASW,CE,Federal Contract Tower,16,28,4,5,53,0,0,0,0,0,16,28,4,5,53,16,16,32,85
09/06/2013,AEX,LA,ASW,CE,Federal Contract Tower,11,24,5,20,60,0,0,0,0,0,11,24,5,20,60,10,7,17,77
09/07/2013,AEX,LA,ASW,CE,Federal Contract Tower,9,19,8,2,38,0,0,0,0,0,9,19,8,2,38,24,24,48,86
09/08/2013,AEX,LA,ASW,CE,Federal Contract Tower,0,22,7,20,49,0,0,0,0,0,0,22,7,20,49,46,6,52,101
09/09/2013,AEX,LA,ASW,CE,Federal Contract Tower,2,24,6,27,59,0,0,0,0,0,2,24,6,27,59,20,16,36,95
09/10/2013,AEX,LA,ASW,CE,Federal Contract Tower,10,20,16,10,56,0,0,0,0,0,10,20,16,10,56,19,16,35,91
09/11/2013,AEX,LA,ASW,CE,Federal Contract Tower,2,21,12,5,40,0,0,0,0,0,2,21,12,5,40,23,15,38,78
09/12/2013,AEX,LA,ASW,CE,Federal Contract Tower,7,23,9,12,51,0,0,0,0,0,7,23,9,12,51,50,8,58,109
09/13/2013,AEX,LA,ASW,CE,Federal Contract Tower,7,26,9,13,55,0,0,0,0,0,7,26,9,13,55,22,0,22,77
09/14/2013,AEX,LA,ASW,CE,Federal Contract Tower,0,20,4,10,34,0,0,0,0,0,0,20,4,10,34,17,17,34,68
09/15/2013,AEX,LA,ASW,CE,Federal Contract Tower,0,22,6,9,37,0,0,0,0,0,0,22,6,9,37,9,8,17,54
09/16/2013,AEX,LA,ASW,CE,Federal Contract Tower,6,24,6,3,39,0,0,0,0,0,6,24,6,3,39,32,4,36,75
09/17/2013,AEX,LA,ASW,CE,Federal Contract Tower,6,20,10,14,50,0,0,0,0,0,6,20,10,14,50,89,58,147,197
09/18/2013,AEX,LA,ASW,CE,Federal Contract Tower,3,19,5,10,37,0,0,0,0,0,3,19,5,10,37,50,36,86,123
09/19/2013,AEX,LA,ASW,CE,Federal Contract Tower,6,24,3,6,39,0,0,0,0,0,6,24,3,6,39,24,6,30,69
09/20/2013,AEX,LA,ASW,CE,Federal Contract Tower,7,29,8,10,54,0,0,0,0,0,7,29,8,10,54,11,0,11,65
09/21/2013,AEX,LA,ASW,CE,Federal Contract Tower,0,20,5,0,25,0,0,0,0,0,0,20,5,0,25,2,0,2,27
09/22/2013,AEX,LA,ASW,CE,Federal Contract Tower,4,24,10,1,39,0,0,0,0,0,4,24,10,1,39,24,4,28,67
09/23/2013,AEX,LA,ASW,CE,Federal Contract Tower,5,25,5,34,69,0,0,0,0,0,5,25,5,34,69,12,22,34,103
09/24/2013,AEX,LA,ASW,CE,Federal Contract Tower,4,22,13,8,47,0,0,0,0,0,4,22,13,8,47,24,9,33,80
09/25/2013,AEX,LA,ASW,CE,Federal Contract Tower,7,20,23,66,116,0,0,0,0,0,7,20,23,66,116,30,55,85,201
09/26/2013,AEX,LA,ASW,CE,Federal Contract Tower,7,24,13,18,62,0,0,0,0,0,7,24,13,18,62,48,24,72,134
09/27/2013,AEX,LA,ASW,CE,Federal Contract Tower,7,24,19,36,86,0,0,0,0,0,7,24,19,36,86,25,25,50,136
09/28/2013,AEX,LA,ASW,CE,Federal Contract Tower,0,22,8,2,32,0,0,0,0,0,0,22,8,2,32,32,32,64,96
09/29/2013,AEX,LA,ASW,CE,Federal Contract Tower,0,21,5,0,26,0,0,0,0,0,0,21,5,0,26,2,8,10,36
09/30/2013,AEX,LA,ASW,CE,Federal Contract Tower,4,26,10,3,43,0,0,0,0,0,4,26,10,3,43,8,3,11,54
10/01/2013,AEX,LA,ASW,CE,Federal Contract Tower,4,20,17,1,42,0,0,0,0,0,4,20,17,1,42,30,2,32,74
10/02/2013,AEX,LA,ASW,CE,Federal Contract Tower,2,20,14,19,55,0,0,0,0,0,2,20,14,19,55,11,4,15,70
10/03/2013,AEX,LA,ASW,CE,Federal Contract Tower,5,24,14,3,46,0,0,0,0,0,5,24,14,3,46,16,8,24,70
10/04/2013,AEX,LA,ASW,CE,Federal Contract Tower,5,26,14,2,47,0,0,0,0,0,5,26,14,2,47,11,0,11,58
10/05/2013,AEX,LA,ASW,CE,Federal Contract Tower,0,20,4,0,24,0,0,0,0,0,0,20,4,0,24,16,16,32,56
10/06/2013,AEX,LA,ASW,CE,Federal Contract Tower,0,24,5,0,29,0,0,0,0,0,0,24,5,0,29,25,0,25,54
10/07/2013,AEX,LA,ASW,CE,Federal Contract Tower,4,25,4,4,37,0,0,0,0,0,4,25,4,4,37,25,20,45,82
10/08/2013,AEX,LA,ASW,CE,Federal Contract Tower,5,20,8,5,38,0,0,0,0,0,5,20,8,5,38,30,10,40,78
10/09/2013,AEX,LA,ASW,CE,Federal Contract Tower,3,22,11,7,43,0,0,0,0,0,3,22,11,7,43,53,2,55,98
10/10/2013,AEX,LA,ASW,CE,Federal Contract Tower,6,25,11,9,51,0,0,0,0,0,6,25,11,9,51,26,1,27,78
10/11/2013,AEX,LA,ASW,CE,Federal Contract Tower,4,25,10,4,43,0,0,0,0,0,4,25,10,4,43,13,0,13,56
10/12/2013,AEX,LA,ASW,CE,Federal Contract Tower,0,22,7,0,29,0,0,0,0,0,0,22,7,0,29,5,6,11,40
10/13/2013,AEX,LA,ASW,CE,Federal Contract Tower,0,22,1,0,23,0,0,0,0,0,0,22,1,0,23,16,0,16,39
10/14/2013,AEX,LA,ASW,CE,Federal Contract Tower,3,25,7,2,37,0,0,0,0,0,3,25,7,2,37,41,0,41,78
10/15/2013,AEX,LA,ASW,CE,Federal Contract Tower,2,21,11,19,53,0,0,0,0,0,2,21,11,19,53,21,7,28,81
10/16/2013,AEX,LA,ASW,CE,Federal Contract Tower,6,21,9,5,41,0,0,0,0,0,6,21,9,5,41,2,0,2,43
10/17/2013,AEX,LA,ASW,CE,Federal Contract Tower,7,35,20,16,78,0,0,0,0,0,7,35,20,16,78,33,4,37,115
10/18/2013,AEX,LA,ASW,CE,Federal Contract Tower,3,24,13,22,62,0,0,0,0,0,3,24,13,22,62,10,7,17,79
10/19/2013,AEX,LA,ASW,CE,Federal Contract Tower,0,24,9,2,35,0,0,0,0,0,0,24,9,2,35,8,8,16,51
10/20/2013,AEX,LA,ASW,CE,Federal Contract Tower,0,22,11,0,33,0,0,0,0,0,0,22,11,0,33,23,0,23,56
10/21/2013,AEX,LA,ASW,CE,Federal Contract Tower,5,26,13,18,62,0,0,0,0,0,5,26,13,18,62,16,7,23,85
10/22/2013,AEX,LA,ASW,CE,Federal Contract Tower,3,21,19,14,57,0,0,0,0,0,3,21,19,14,57,11,1,12,69
10/23/2013,AEX,LA,ASW,CE,Federal Contract Tower,4,24,12,8,48,0,0,0,0,0,4,24,12,8,48,26,33,59,107
10/24/2013,AEX,LA,ASW,CE,Federal Contract Tower,7,26,18,12,63,0,0,0,0,0,7,26,18,12,63,55,26,81,144
10/25/2013,AEX,LA,ASW,CE,Federal Contract Tower,7,22,14,13,56,0,0,0,0,0,7,22,14,13,56,10,15,25,81
10/26/2013,AEX,LA,ASW,CE,Federal Contract Tower,1,20,4,4,29,0,0,0,0,0,1,20,4,4,29,17,17,34,63
10/27/2013,AEX,LA,ASW,CE,Federal Contract Tower,2,23,9,7,41,0,0,0,0,0,2,23,9,7,41,1,3,4,45
10/28/2013,AEX,LA,ASW,CE,Federal Contract Tower,4,23,27,13,67,0,0,0,0,0,4,23,27,13,67,5,2,7,74
10/29/2013,AEX,LA,ASW,CE,Federal Contract Tower,5,22,11,6,44,0,0,0,0,0,5,22,11,6,44,19,15,34,78
10/30/2013,AEX,LA,ASW,CE,Federal Contract Tower,5,23,5,2,35,0,0,0,0,0,5,23,5,2,35,11,0,11,46
10/31/2013,AEX,LA,ASW,CE,Federal Contract Tower,7,24,4,0,35,0,0,0,0,0,7,24,4,0,35,0,0,0,35
11/01/2013,AEX,LA,ASW,CE,Federal Contract Tower,3,24,12,27,66,0,0,0,0,0,3,24,12,27,66,20,22,42,108
11/02/2013,AEX,LA,ASW,CE,Federal Contract Tower,0,20,6,6,32,0,0,0,0,0,0,20,6,6,32,21,20,41,73
11/03/2013,AEX,LA,ASW,CE,Federal Contract Tower,0,20,11,1,32,0,0,0,0,0,0,20,11,1,32,32,7,39,71
11/04/2013,AEX,LA,ASW,CE,Federal Contract Tower,4,24,12,23,63,0,0,0,0,0,4,24,12,23,63,23,15,38,101
11/05/2013,AEX,LA,ASW,CE,Federal Contract Tower,4,22,13,10,49,0,0,0,0,0,4,22,13,10,49,25,10,35,84
11/06/2013,AEX,LA,ASW,CE,Federal Contract Tower,4,17,15,4,40,0,0,0,0,0,4,17,15,4,40,5,0,5,45
11/07/2013,AEX,LA,ASW,CE,Federal Contract Tower,7,26,6,9,48,0,0,0,0,0,7,26,6,9,48,29,13,42,90
11/08/2013,AEX,LA,ASW,CE,Federal Contract Tower,4,24,17,9,54,0,0,0,0,0,4,24,17,9,54,22,0,22,76
11/09/2013,AEX,LA,ASW,CE,Federal Contract Tower,1,20,4,5,30,0,0,0,0,0,1,20,4,5,30,30,9,39,69
11/10/2013,AEX,LA,ASW,CE,Federal Contract Tower,0,22,9,4,35,0,0,0,0,0,0,22,9,4,35,66,0,66,101
11/11/2013,AEX,LA,ASW,CE,Federal Contract Tower,2,24,11,1,38,0,0,0,0,0,2,24,11,1,38,21,0,21,59
11/12/2013,AEX,LA,ASW,CE,Federal Contract Tower,8,18,11,32,69,0,0,0,0,0,8,18,11,32,69,24,17,41,110
11/13/2013,AEX,LA,ASW,CE,Federal Contract Tower,4,20,12,24,60,0,0,0,0,0,4,20,12,24,60,25,25,50,110
11/14/2013,AEX,LA,ASW,CE,Federal Contract Tower,7,26,9,23,65,0,0,0,0,0,7,26,9,23,65,29,16,45,110
11/15/2013,AEX,LA,ASW,CE,Federal Contract Tower,5,26,16,58,105,0,0,0,0,0,5,26,16,58,105,7,30,37,142
11/16/2013,AEX,LA,ASW,CE,Federal Contract Tower,0,21,10,4,35,0,0,0,0,0,0,21,10,4,35,5,5,10,45
11/17/2013,AEX,LA,ASW,CE,Federal Contract Tower,0,24,2,17,43,0,0,0,0,0,0,24,2,17,43,6,5,11,54
11/18/2013,AEX,LA,ASW,CE,Federal Contract Tower,4,24,15,12,55,0,0,0,0,0,4,24,15,12,55,25,28,53,108
11/19/2013,AEX,LA,ASW,CE,Federal Contract Tower,4,22,11,16,53,0,0,0,0,0,4,22,11,16,53,17,15,32,85
11/20/2013,AEX,LA,ASW,CE,Federal Contract Tower,8,22,21,7,58,0,0,0,0,0,8,22,21,7,58,33,15,48,106
11/21/2013,AEX,LA,ASW,CE,Federal Contract Tower,9,19,12,6,46,0,0,0,0,0,9,19,12,6,46,2,14,16,62
11/22/2013,AEX,LA,ASW,CE,Federal Contract Tower,7,20,9,1,37,0,0,0,0,0,7,20,9,1,37,5,0,5,42
11/23/2013,AEX,LA,ASW,CE,Federal Contract Tower,3,21,10,3,37,0,0,0,0,0,3,21,10,3,37,2,2,4,41
11/24/2013,AEX,LA,ASW,CE,Federal Contract Tower,2,19,12,0,33,0,0,0,0,0,2,19,12,0,33,28,6,34,67
11/25/2013,AEX,LA,ASW,CE,Federal Contract Tower,6,25,3,0,34,0,0,0,0,0,6,25,3,0,34,0,0,0,34
11/26/2013,AEX,LA,ASW,CE,Federal Contract Tower,6,26,4,0,36,0,0,0,0,0,6,26,4,0,36,0,0,0,36
11/27/2013,AEX,LA,ASW,CE,Federal Contract Tower,6,27,9,6,48,0,0,0,0,0,6,27,9,6,48,25,1,26,74
11/28/2013,AEX,LA,ASW,CE,Federal Contract Tower,0,12,2,0,14,0,0,0,0,0,0,12,2,0,14,4,0,4,18
11/29/2013,AEX,LA,ASW,CE,Federal Contract Tower,4,18,9,0,31,0,0,0,0,0,4,18,9,0,31,34,4,38,69
11/30/2013,AEX,LA,ASW,CE,Federal Contract Tower,0,24,4,0,28,0,0,0,0,0,0,24,4,0,28,13,13,26,54
12/01/2013,AEX,LA,ASW,CE,Federal Contract Tower,0,24,7,0,31,0,0,0,0,0,0,24,7,0,31,18,0,18,49
12/02/2013,AEX,LA,ASW,CE,Federal Contract Tower,2,25,11,13,51,0,0,0,0,0,2,25,11,13,51,12,8,20,71
12/03/2013,AEX,LA,ASW,CE,Federal Contract Tower,4,17,19,15,55,0,0,0,0,0,4,17,19,15,55,16,7,23,78
12/04/2013,AEX,LA,ASW,CE,Federal Contract Tower,4,18,21,26,69,0,0,0,0,0,4,18,21,26,69,1,4,5,74
12/05/2013,AEX,LA,ASW,CE,Federal Contract Tower,5,18,12,4,39,0,0,0,0,0,5,18,12,4,39,1,1,2,41
12/06/2013,AEX,LA,ASW,CE,Federal Contract Tower,3,17,11,10,41,0,0,0,0,0,3,17,11,10,41,4,0,4,45
12/07/2013,AEX,LA,ASW,CE,Federal Contract Tower,0,11,2,4,17,0,0,0,0,0,0,11,2,4,17,4,4,8,25
12/08/2013,AEX,LA,ASW,CE,Federal Contract Tower,0,25,9,1,35,0,0,0,0,0,0,25,9,1,35,0,0,0,35
12/09/2013,AEX,LA,ASW,CE,Federal Contract Tower,2,20,5,7,34,0,0,0,0,0,2,20,5,7,34,0,0,0,34
12/10/2013,AEX,LA,ASW,CE,Federal Contract Tower,8,21,10,20,59,0,0,0,0,0,8,21,10,20,59,33,13,46,105
12/11/2013,AEX,LA,ASW,CE,Federal Contract Tower,3,23,19,26,71,0,0,0,0,0,3,23,19,26,71,35,15,50,121
12/12/2013,AEX,LA,ASW,CE,Federal Contract Tower,8,20,5,18,51,0,0,0,0,0,8,20,5,18,51,30,15,45,96
12/13/2013,AEX,LA,ASW,CE,Federal Contract Tower,5,26,6,37,74,0,0,0,0,0,5,26,6,37,74,14,20,34,108
12/14/2013,AEX,LA,ASW,CE,Federal Contract Tower,0,22,9,1,32,0,0,0,0,0,0,22,9,1,32,6,6,12,44
12/15/2013,AEX,LA,ASW,CE,Federal Contract Tower,0,21,10,1,32,0,0,0,0,0,0,21,10,1,32,14,0,14,46
12/16/2013,AEX,LA,ASW,CE,Federal Contract Tower,6,21,2,27,56,0,0,0,0,0,6,21,2,27,56,10,23,33,89
12/17/2013,AEX,LA,ASW,CE,Federal Contract Tower,3,19,12,13,47,0,0,0,0,0,3,19,12,13,47,63,23,86,133
12/18/2013,AEX,LA,ASW,CE,Federal Contract Tower,3,20,11,19,53,0,0,0,0,0,3,20,11,19,53,62,13,75,128
12/19/2013,AEX,LA,ASW,CE,Federal Contract Tower,7,20,32,12,71,0,0,0,0,0,7,20,32,12,71,37,2,39,110
12/20/2013,AEX,LA,ASW,CE,Federal Contract Tower,9,17,23,7,56,0,0,0,0,0,9,17,23,7,56,16,0,16,72
12/21/2013,AEX,LA,ASW,CE,Federal Contract Tower,0,22,0,0,22,0,0,0,0,0,0,22,0,0,22,0,0,0,22
12/22/2013,AEX,LA,ASW,CE,Federal Contract Tower,0,17,7,0,24,0,0,0,0,0,0,17,7,0,24,23,0,23,47
12/23/2013,AEX,LA,ASW,CE,Federal Contract Tower,4,18,1,0,23,0,0,0,0,0,4,18,1,0,23,21,21,42,65
12/24/2013,AEX,LA,ASW,CE,Federal Contract Tower,3,18,9,0,30,0,0,0,0,0,3,18,9,0,30,9,9,18,48
12/25/2013,AEX,LA,ASW,CE,Federal Contract Tower,0,14,2,0,16,0,0,0,0,0,0,14,2,0,16,5,5,10,26
12/26/2013,AEX,LA,ASW,CE,Federal Contract Tower,6,21,15,0,42,0,0,0,0,0,6,21,15,0,42,11,10,21,63
12/27/2013,AEX,LA,ASW,CE,Federal Contract Tower,6,20,10,2,38,0,0,0,0,0,6,20,10,2,38,1,2,3,41
12/28/2013,AEX,LA,ASW,CE,Federal Contract Tower,0,24,7,7,38,0,0,0,0,0,0,24,7,7,38,8,7,15,53
12/29/2013,AEX,LA,ASW,CE,Federal Contract Tower,1,18,12,0,31,0,0,0,0,0,1,18,12,0,31,17,0,17,48
12/30/2013,AEX,LA,ASW,CE,Federal Contract Tower,4,20,9,0,33,0,0,0,0,0,4,20,9,0,33,23,0,23,56
12/31/2013,AEX,LA,ASW,CE,Federal Contract Tower,3,18,8,0,29,0,0,0,0,0,3,18,8,0,29,9,0,9,38
01/01/2014,AEX,LA,ASW,CE,Federal Contract Tower,0,14,7,0,21,0,0,0,0,0,0,14,7,0,21,4,0,4,25
01/02/2014,AEX,LA,ASW,CE,Federal Contract Tower,5,21,9,3,38,0,0,0,0,0,5,21,9,3,38,16,10,26,64
01/03/2014,AEX,LA,ASW,CE,Federal Contract Tower,4,18,5,4,31,0,0,0,0,0,4,18,5,4,31,30,0,30,61
01/04/2014,AEX,LA,ASW,CE,Federal Contract Tower,0,21,1,0,22,0,0,0,0,0,0,21,1,0,22,12,0,12,34
01/05/2014,AEX,LA,ASW,CE,Federal Contract Tower,7,17,10,2,36,0,0,0,0,0,7,17,10,2,36,6,0,6,42
01/06/2014,AEX,LA,ASW,CE,Federal Contract Tower,4,11,7,26,48,0,0,0,0,0,4,11,7,26,48,20,30,50,98
01/07/2014,AEX,LA,ASW,CE,Federal Contract Tower,3,17,14,31,65,0,0,0,0,0,3,17,14,31,65,40,14,54,119
01/08/2014,AEX,LA,ASW,CE,Federal Contract Tower,2,18,19,8,47,0,0,0,0,0,2,18,19,8,47,23,31,54,101
01/09/2014,AEX,LA,ASW,CE,Federal Contract Tower,6,22,15,23,66,0,0,0,0,0,6,22,15,23,66,41,41,82,148
01/10/2014,AEX,LA,ASW,CE,Federal Contract Tower,3,22,12,47,84,0,0,0,0,0,3,22,12,47,84,0,1,1,85
01/11/2014,AEX,LA,ASW,CE,Federal Contract Tower,1,19,2,3,25,0,0,0,0,0,1,19,2,3,25,13,17,30,55
01/12/2014,AEX,LA,ASW,CE,Federal Contract Tower,1,22,7,38,68,0,0,0,0,0,1,22,7,38,68,23,80,103,171
01/13/2014,AEX,LA,ASW,CE,Federal Contract Tower,3,19,7,3,32,0,0,0,0,0,3,19,7,3,32,0,48,48,80
01/14/2014,AEX,LA,ASW,CE,Federal Contract Tower,6,21,19,12,58,0,0,0,0,0,6,21,19,12,58,23,33,56,114
01/15/2014,AEX,LA,ASW,CE,Federal Contract Tower,4,24,11,32,71,0,0,0,0,0,4,24,11,32,71,25,10,35,106
01/16/2014,AEX,LA,ASW,CE,Federal Contract Tower,6,20,13,28,67,0,0,0,0,0,6,20,13,28,67,42,42,84,151
01/17/2014,AEX,LA,ASW,CE,Federal Contract Tower,6,22,7,43,78,0,0,0,0,0,6,22,7,43,78,33,18,51,129
01/18/2014,AEX,LA,ASW,CE,Federal Contract Tower,3,16,14,20,53,0,0,0,0,0,3,16,14,20,53,37,18,55,108
01/19/2014,AEX,LA,ASW,CE,Federal Contract Tower,0,18,7,3,28,0,0,0,0,0,0,18,7,3,28,26,10,36,64
01/20/2014,AEX,LA,ASW,CE,Federal Contract Tower,2,24,12,5,43,0,0,0,0,0,2,24,12,5,43,30,35,65,108
01/21/2014,AEX,LA,ASW,CE,Federal Contract Tower,3,22,8,18,51,0,0,0,0,0,3,22,8,18,51,24,32,56,107
01/22/2014,AEX,LA,ASW,CE,Federal Contract Tower,4,24,19,18,65,0,0,0,0,0,4,24,19,18,65,49,26,75,140
01/23/2014,AEX,LA,ASW,CE,Federal Contract Tower,9,17,11,9,46,0,0,0,0,0,9,17,11,9,46,38,38,76,122
01/24/2014,AEX,LA,ASW,CE,Federal Contract Tower,1,12,11,3,27,0,0,0,0,0,1,12,11,3,27,9,10,19,46
01/25/2014,AEX,LA,ASW,CE,Federal Contract Tower,1,16,13,26,56,0,0,0,0,0,1,16,13,26,56,27,0,27,83
01/26/2014,AEX,LA,ASW,CE,Federal Contract Tower,0,17,0,9,26,0,0,0,0,0,0,17,0,9,26,30,10,40,66
01/27/2014,AEX,LA,ASW,CE,Federal Contract Tower,4,20,7,10,41,0,0,0,0,0,4,20,7,10,41,6,6,12,53
01/28/2014,AEX,LA,ASW,CE,Federal Contract Tower,0,0,0,0,0,0,0,0,0,0,0,0,0,0,0,7,0,7,7
01/29/2014,AEX,LA,ASW,CE,Federal Contract Tower,0,7,5,4,16,0,0,0,0,0,0,7,5,4,16,14,21,35,51
01/30/2014,AEX,LA,ASW,CE,Federal Contract Tower,1,18,8,19,46,0,0,0,0,0,1,18,8,19,46,20,20,40,86
01/31/2014,AEX,LA,ASW,CE,Federal Contract Tower,10,20,8,9,47,0,0,0,0,0,10,20,8,9,47,19,14,33,80
02/01/2014,AEX,LA,ASW,CE,Federal Contract Tower,0,16,14,15,45,0,0,0,0,0,0,16,14,15,45,3,5,8,53
02/02/2014,AEX,LA,ASW,CE,Federal Contract Tower,1,16,2,0,19,0,0,0,0,0,1,16,2,0,19,0,0,0,19
02/03/2014,AEX,LA,ASW,CE,Federal Contract Tower,6,19,14,9,48,0,0,0,0,0,6,19,14,9,48,2,0,2,50
02/04/2014,AEX,LA,ASW,CE,Federal Contract Tower,4,20,8,6,38,0,0,0,0,0,4,20,8,6,38,6,0,6,44
02/05/2014,AEX,LA,ASW,CE,Federal Contract Tower,2,21,16,8,47,0,0,0,0,0,2,21,16,8,47,36,7,43,90
02/06/2014,AEX,LA,ASW,CE,Federal Contract Tower,5,27,14,6,52,0,0,0,0,0,5,27,14,6,52,11,11,22,74
02/07/2014,AEX,LA,ASW,CE,Federal Contract Tower,4,19,13,48,84,0,0,0,0,0,4,19,13,48,84,20,23,43,127
02/08/2014,AEX,LA,ASW,CE,Federal Contract Tower,0,18,7,8,33,0,0,0,0,0,0,18,7,8,33,9,11,20,53
02/09/2014,AEX,LA,ASW,CE,Federal Contract Tower,0,20,11,6,37,0,0,0,0,0,0,20,11,6,37,25,10,35,72
02/10/2014,AEX,LA,ASW,CE,Federal Contract Tower,5,25,9,6,45,0,0,0,0,0,5,25,9,6,45,0,0,0,45
02/11/2014,AEX,LA,ASW,CE,Federal Contract Tower,6,10,3,4,23,0,0,0,0,0,6,10,3,4,23,2,0,2,25
02/12/2014,AEX,LA,ASW,CE,Federal Contract Tower,6,8,6,4,24,0,0,0,0,0,6,8,6,4,24,2,0,2,26
02/13/2014,AEX,LA,ASW,CE,Federal Contract Tower,6,17,9,25,57,0,0,0,0,0,6,17,9,25,57,35,12,47,104
02/14/2014,AEX,LA,ASW,CE,Federal Contract Tower,7,19,27,10,63,0,0,0,0,0,7,19,27,10,63,6,2,8,71
02/15/2014,AEX,LA,ASW,CE,Federal Contract Tower,0,16,13,0,29,0,0,0,0,0,0,16,13,0,29,20,0,20,49
02/16/2014,AEX,LA,ASW,CE,Federal Contract Tower,1,19,7,0,27,0,0,0,0,0,1,19,7,0,27,22,0,22,49
02/17/2014,AEX,LA,ASW,CE,Federal Contract Tower,4,20,12,0,36,0,0,0,0,0,4,20,12,0,36,30,0,30,66
02/18/2014,AEX,LA,ASW,CE,Federal Contract Tower,4,18,9,11,42,0,0,0,0,0,4,18,9,11,42,21,6,27,69
02/19/2014,AEX,LA,ASW,CE,Federal Contract Tower,4,20,18,25,67,0,0,0,0,0,4,20,18,25,67,38,8,46,113
02/20/2014,AEX,LA,ASW,CE,Federal Contract Tower,7,18,10,19,54,0,0,0,0,0,7,18,10,19,54,11,11,22,76
02/21/2014,AEX,LA,ASW,CE,Federal Contract Tower,4,23,16,15,58,0,0,0,0,0,4,23,16,15,58,75,11,86,144
02/22/2014,AEX,LA,ASW,CE,Federal Contract Tower,1,19,12,4,36,0,0,0,0,0,1,19,12,4,36,57,8,65,101
02/23/2014,AEX,LA,ASW,CE,Federal Contract Tower,0,25,0,13,38,0,0,0,0,0,0,25,0,13,38,1,0,1,39
02/24/2014,AEX,LA,ASW,CE,Federal Contract Tower,4,19,7,4,34,0,0,0,0,0,4,19,7,4,34,17,4,21,55
02/25/2014,AEX,LA,ASW,CE,Federal Contract Tower,8,18,20,6,52,0,0,0,0,0,8,18,20,6,52,10,3,13,65
02/26/2014,AEX,LA,ASW,CE,Federal Contract Tower,4,26,16,14,60,0,0,0,0,0,4,26,16,14,60,14,29,43,103
02/27/2014,AEX,LA,ASW,CE,Federal Contract Tower,8,21,5,3,37,0,0,0,0,0,8,21,5,3,37,33,32,65,102
02/28/2014,AEX,LA,ASW,CE,Federal Contract Tower,6,20,12,15,53,0,0,0,0,0,6,20,12,15,53,29,2,31,84
03/01/2014,AEX,LA,ASW,CE,Federal Contract Tower,1,19,8,2,30,0,0,0,0,0,1,19,8,2,30,21,2,23,53
03/02/2014,AEX,LA,ASW,CE,Federal Contract Tower,1,14,0,6,21,0,0,0,0,0,1,14,0,6,21,11,0,11,32
03/03/2014,AEX,LA,ASW,CE,Federal Contract Tower,4,18,5,7,34,0,0,0,0,0,4,18,5,7,34,3,0,3,37
03/04/2014,AEX,LA,ASW,CE,Federal Contract Tower,6,13,9,0,28,0,0,0,0,0,6,13,9,0,28,14,12,26,54
03/05/2014,AEX,LA,ASW,CE,Federal Contract Tower,3,22,11,10,46,0,0,0,0,0,3,22,11,10,46,7,5,12,58
03/06/2014,AEX,LA,ASW,CE,Federal Contract Tower,6,23,17,13,59,0,0,0,0,0,6,23,17,13,59,9,10,19,78
03/07/2014,AEX,LA,ASW,CE,Federal Contract Tower,6,20,10,37,73,0,0,0,0,0,6,20,10,37,73,50,39,89,162
03/08/2014,AEX,LA,ASW,CE,Federal Contract Tower,2,18,13,13,46,0,0,0,0,0,2,18,13,13,46,30,54,84,130
03/09/2014,AEX,LA,ASW,CE,Federal Contract Tower,3,20,10,1,34,0,0,0,0,0,3,20,10,1,34,1,4,5,39
03/10/2014,AEX,LA,ASW,CE,Federal Contract Tower,4,24,8,8,44,0,0,0,0,0,4,24,8,8,44,45,90,135,179
03/11/2014,AEX,LA,ASW,CE,Federal Contract Tower,4,20,9,14,47,0,0,0,0,0,4,20,9,14,47,7,37,44,91
03/12/2014,AEX,LA,ASW,CE,Federal Contract Tower,3,20,14,30,67,0,0,0,0,0,3,20,14,30,67,15,76,91,158
03/13/2014,AEX,LA,ASW,CE,Federal Contract Tower,6,20,20,13,59,0,0,0,0,0,6,20,20,13,59,114,113,227,286
03/14/2014,AEX,LA,ASW,CE,Federal Contract Tower,5,20,15,7,47,0,0,0,0,0,5,20,15,7,47,67,96,163,210
03/15/2014,AEX,LA,ASW,CE,Federal Contract Tower,0,16,8,12,36,0,0,0,0,0,0,16,8,12,36,14,31,45,81
03/16/2014,AEX,LA,ASW,CE,Federal Contract Tower,0,20,16,3,39,0,0,0,0,0,0,20,16,3,39,3,31,34,73
03/17/2014,AEX,LA,ASW,CE,Federal Contract Tower,4,21,9,12,46,0,0,0,0,0,4,21,9,12,46,24,15,39,85
03/18/2014,AEX,LA,ASW,CE,Federal Contract Tower,4,22,10,32,68,0,0,0,0,0,4,22,10,32,68,27,34,61,129
03/19/2014,AEX,LA,ASW,CE,Federal Contract Tower,4,20,12,56,92,0,0,0,0,0,4,20,12,56,92,56,70,126,218
03/20/2014,AEX,LA,ASW,CE,Federal Contract Tower,6,26,14,12,58,0,0,0,0,0,6,26,14,12,58,23,22,45,103
03/21/2014,AEX,LA,ASW,CE,Federal Contract Tower,4,20,7,37,68,0,0,0,0,0,4,20,7,37,68,52,7,59,127
03/22/2014,AEX,LA,ASW,CE,Federal Contract Tower,0,19,21,0,40,0,0,0,0,0,0,19,21,0,40,46,6,52,92
03/23/2014,AEX,LA,ASW,CE,Federal Contract Tower,1,20,8,3,32,0,0,0,0,0,1,20,8,3,32,13,1,14,46
03/24/2014,AEX,LA,ASW,CE,Federal Contract Tower,4,19,7,16,46,0,0,0,0,0,4,19,7,16,46,18,11,29,75
03/25/2014,AEX,LA,ASW,CE,Federal Contract Tower,6,20,6,27,59,0,0,0,0,0,6,20,6,27,59,24,62,86,145
03/26/2014,AEX,LA,ASW,CE,Federal Contract Tower,3,26,22,24,75,0,0,0,0,0,3,26,22,24,75,30,18,48,123
03/27/2014,AEX,LA,ASW,CE,Federal Contract Tower,7,19,8,10,44,0,0,0,0,0,7,19,8,10,44,2,0,2,46
03/28/2014,AEX,LA,ASW,CE,Federal Contract Tower,6,19,15,16,56,0,0,0,0,0,6,19,15,16,56,4,1,5,61
03/29/2014,AEX,LA,ASW,CE,Federal Contract Tower,3,22,12,8,45,0,0,0,0,0,3,22,12,8,45,22,0,22,67
03/30/2014,AEX,LA,ASW,CE,Federal Contract Tower,2,20,7,10,39,0,0,0,0,0,2,20,7,10,39,27,0,27,66
03/31/2014,AEX,LA,ASW,CE,Federal Contract Tower,6,20,2,17,45,0,0,0,0,0,6,20,2,17,45,10,19,29,74
04/01/2014,AEX,LA,ASW,CE,Federal Contract Tower,3,18,10,15,46,0,0,0,0,0,3,18,10,15,46,28,7,35,81
04/02/2014,AEX,LA,ASW,CE,Federal Contract Tower,4,18,24,20,66,0,0,0,0,0,4,18,24,20,66,10,35,45,111
04/03/2014,AEX,LA,ASW,CE,Federal Contract Tower,12,19,7,9,47,0,0,0,0,0,12,19,7,9,47,28,27,55,102
04/04/2014,AEX,LA,ASW,CE,Federal Contract Tower,18,18,10,5,51,0,0,0,0,0,18,18,10,5,51,28,13,41,92
04/05/2014,AEX,LA,ASW,CE,Federal Contract Tower,11,16,9,6,42,0,0,0,0,0,11,16,9,6,42,17,32,49,91
04/06/2014,AEX,LA,ASW,CE,Federal Contract Tower,8,30,14,0,52,0,0,0,0,0,8,30,14,0,52,0,0,0,52
04/07/2014,AEX,LA,ASW,CE,Federal Contract Tower,9,19,14,10,52,0,0,0,0,0,9,19,14,10,52,25,35,60,112
04/08/2014,AEX,LA,ASW,CE,Federal Contract Tower,10,16,11,11,48,0,0,0,0,0,10,16,11,11,48,17,28,45,93
04/09/2014,AEX,LA,ASW,CE,Federal Contract Tower,5,18,16,11,50,0,0,0,0,0,5,18,16,11,50,30,50,80,130
04/10/2014,AEX,LA,ASW,CE,Federal Contract Tower,10,18,16,18,62,0,0,0,0,0,10,18,16,18,62,44,44,88,150
04/11/2014,AEX,LA,ASW,CE,Federal Contract Tower,8,20,20,45,93,0,0,0,0,0,8,20,20,45,93,24,78,102,195
04/12/2014,AEX,LA,ASW,CE,Federal Contract Tower,0,18,3,5,26,0,0,0,0,0,0,18,3,5,26,19,35,54,80
04/13/2014,AEX,LA,ASW,CE,Federal Contract Tower,1,19,3,33,56,0,0,0,0,0,1,19,3,33,56,4,40,44,100
04/14/2014,AEX,LA,ASW,CE,Federal Contract Tower,10,18,7,12,47,0,0,0,0,0,10,18,7,12,47,5,6,11,58
04/15/2014,AEX,LA,ASW,CE,Federal Contract Tower,10,16,7,8,41,0,0,0,0,0,10,16,7,8,41,23,49,72,113
04/16/2014,AEX,LA,ASW,CE,Federal Contract Tower,3,19,17,18,57,0,0,0,0,0,3,19,17,18,57,37,192,229,286
04/17/2014,AEX,LA,ASW,CE,Federal Contract Tower,9,18,15,25,67,0,0,0,0,0,9,18,15,25,67,93,92,185,252
04/18/2014,AEX,LA,ASW,CE,Federal Contract Tower,3,18,11,10,42,0,0,0,0,0,3,18,11,10,42,99,18,117,159
04/19/2014,AEX,LA,ASW,CE,Federal Contract Tower,1,17,12,6,36,0,0,0,0,0,1,17,12,6,36,26,105,131,167
04/20/2014,AEX,LA,ASW,CE,Federal Contract Tower,1,17,1,0,19,0,0,0,0,0,1,17,1,0,19,10,70,80,99
04/21/2014,AEX,LA,ASW,CE,Federal Contract Tower,8,18,12,13,51,0,0,0,0,0,8,18,12,13,51,15,19,34,85
04/22/2014,AEX,LA,ASW,CE,Federal Contract Tower,8,14,15,16,53,0,0,0,0,0,8,14,15,16,53,26,11,37,90
04/23/2014,AEX,LA,ASW,CE,Federal Contract Tower,8,23,24,14,69,0,0,0,0,0,8,23,24,14,69,40,27,67,136
04/24/2014,AEX,LA,ASW,CE,Federal Contract Tower,9,19,30,9,67,0,0,0,0,0,9,19,30,9,67,23,22,45,112
04/25/2014,AEX,LA,ASW,CE,Federal Contract Tower,13,24,8,93,138,0,0,0,0,0,13,24,8,93,138,59,1,60,198
04/26/2014,AEX,LA,ASW,CE,Federal Contract Tower,2,14,6,6,28,0,0,0,0,0,2,14,6,6,28,25,39,64,92
04/27/2014,AEX,LA,ASW,CE,Federal Contract Tower,1,17,15,40,73,0,0,0,0,0,1,17,15,40,73,2,9,11,84
04/28/2014,AEX,LA,ASW,CE,Federal Contract Tower,11,16,8,1,36,0,0,0,0,0,11,16,8,1,36,9,0,9,45
04/29/2014,AEX,LA,ASW,CE,Federal Contract Tower,17,17,11,13,58,0,0,0,0,0,17,17,11,13,58,50,49,99,157
04/30/2014,AEX,LA,ASW,CE,Federal Contract Tower,14,16,13,19,62,0,0,0,0,0,14,16,13,19,62,48,12,60,122
05/01/2014,AEX,LA,ASW,CE,Federal Contract Tower,17,17,17,5,56,0,0,0,0,0,17,17,17,5,56,39,39,78,134
05/02/2014,AEX,LA,ASW,CE,Federal Contract Tower,11,18,11,48,88,0,0,0,0,0,11,18,11,48,88,23,3,26,114
05/03/2014,AEX,LA,ASW,CE,Federal Contract Tower,1,15,14,1,31,0,0,0,0,0,1,15,14,1,31,22,14,36,67
05/04/2014,AEX,LA,ASW,CE,Federal Contract Tower,2,15,12,6,35,0,0,0,0,0,2,15,12,6,35,27,5,32,67
05/05/2014,AEX,LA,ASW,CE,Federal Contract Tower,4,23,7,13,47,0,0,0,0,0,4,23,7,13,47,13,11,24,71
05/06/2014,AEX,LA,ASW,CE,Federal Contract Tower,5,19,12,22,58,0,0,0,0,0,5,19,12,22,58,23,47,70,128
05/07/2014,AEX,LA,ASW,CE,Federal Contract Tower,4,20,12,23,59,0,0,0,0,0,4,20,12,23,59,42,32,74,133
05/08/2014,AEX,LA,ASW,CE,Federal Contract Tower,8,15,5,13,41,0,0,0,0,0,8,15,5,13,41,13,13,26,67
05/09/2014,AEX,LA,ASW,CE,Federal Contract Tower,11,20,6,6,43,0,0,0,0,0,11,20,6,6,43,1,0,1,44
05/10/2014,AEX,LA,ASW,CE,Federal Contract Tower,8,17,1,6,32,0,0,0,0,0,8,17,1,6,32,13,16,29,61
05/11/2014,AEX,LA,ASW,CE,Federal Contract Tower,3,16,5,0,24,0,0,0,0,0,3,16,5,0,24,0,0,0,24
05/12/2014,AEX,LA,ASW,CE,Federal Contract Tower,7,18,6,7,38,0,0,0,0,0,7,18,6,7,38,1,0,1,39
05/13/2014,AEX,LA,ASW,CE,Federal Contract Tower,5,18,7,2,32,0,0,0,0,0,5,18,7,2,32,6,0,6,38
05/14/2014,AEX,LA,ASW,CE,Federal Contract Tower,8,18,15,0,41,0,0,0,0,0,8,18,15,0,41,2,9,11,52
05/15/2014,AEX,LA,ASW,CE,Federal Contract Tower,7,18,18,17,60,0,0,0,0,0,7,18,18,17,60,36,36,72,132
05/16/2014,AEX,LA,ASW,CE,Federal Contract Tower,7,19,9,7,42,0,0,0,0,0,7,19,9,7,42,16,4,20,62
05/17/2014,AEX,LA,ASW,CE,Federal Contract Tower,5,17,7,2,31,0,0,0,0,0,5,17,7,2,31,30,4,34,65
05/18/2014,AEX,LA,ASW,CE,Federal Contract Tower,3,18,14,14,49,0,0,0,0,0,3,18,14,14,49,15,16,31,80
05/19/2014,AEX,LA,ASW,CE,Federal Contract Tower,5,20,15,14,54,0,0,0,0,0,5,20,15,14,54,20,4,24,78
05/20/2014,AEX,LA,ASW,CE,Federal Contract Tower,4,20,15,8,47,0,0,0,0,0,4,20,15,8,47,19,14,33,80
05/21/2014,AEX,LA,ASW,CE,Federal Contract Tower,4,20,22,26,72,0,0,0,0,0,4,20,22,26,72,16,2,18,90
05/22/2014,AEX,LA,ASW,CE,Federal Contract Tower,9,20,20,4,53,0,0,0,0,0,9,20,20,4,53,15,15,30,83
05/23/2014,AEX,LA,ASW,CE,Federal Contract Tower,10,19,5,1,35,0,0,0,0,0,10,19,5,1,35,18,0,18,53
05/24/2014,AEX,LA,ASW,CE,Federal Contract Tower,3,16,7,0,26,0,0,0,0,0,3,16,7,0,26,60,0,60,86
05/25/2014,AEX,LA,ASW,CE,Federal Contract Tower,3,18,4,1,26,0,0,0,0,0,3,18,4,1,26,13,0,13,39
05/26/2014,AEX,LA,ASW,CE,Federal Contract Tower,5,22,9,2,38,0,0,0,0,0,5,22,9,2,38,7,0,7,45
05/27/2014,AEX,LA,ASW,CE,Federal Contract Tower,10,18,3,3,34,0,0,0,0,0,10,18,3,3,34,8,4,12,46
05/28/2014,AEX,LA,ASW,CE,Federal Contract Tower,7,21,5,5,38,0,0,0,0,0,7,21,5,5,38,0,0,0,38
05/29/2014,AEX,LA,ASW,CE,Federal Contract Tower,10,19,0,7,36,0,0,0,0,0,10,19,0,7,36,6,7,13,49
05/30/2014,AEX,LA,ASW,CE,Federal Contract Tower,6,19,17,24,66,0,0,0,0,0,6,19,17,24,66,0,4,4,70
05/31/2014,AEX,LA,ASW,CE,Federal Contract Tower,3,16,8,1,28,0,0,0,0,0,3,16,8,1,28,9,4,13,41
06/01/2014,AEX,LA,ASW,CE,Federal Contract Tower,6,16,9,15,46,0,0,0,0,0,6,16,9,15,46,0,0,0,46
06/02/2014,AEX,LA,ASW,CE,Federal Contract Tower,10,19,11,12,52,0,0,0,0,0,10,19,11,12,52,14,6,20,72
06/03/2014,AEX,LA,ASW,CE,Federal Contract Tower,7,17,24,4,52,0,0,0,0,0,7,17,24,4,52,28,28,56,108
06/04/2014,AEX,LA,ASW,CE,Federal Contract Tower,5,17,8,18,48,0,0,0,0,0,5,17,8,18,48,23,7,30,78
06/05/2014,AEX,LA,ASW,CE,Federal Contract Tower,6,22,12,10,50,0,0,0,0,0,6,22,12,10,50,11,11,22,72
06/06/2014,AEX,LA,ASW,CE,Federal Contract Tower,12,20,26,25,83,0,0,0,0,0,12,20,26,25,83,23,10,33,116
06/07/2014,AEX,LA,ASW,CE,Federal Contract Tower,12,19,8,7,46,0,0,0,0,0,12,19,8,7,46,15,0,15,61
06/08/2014,AEX,LA,ASW,CE,Federal Contract Tower,10,22,10,22,64,0,0,0,0,0,10,22,10,22,64,7,14,21,85
06/09/2014,AEX,LA,ASW,CE,Federal Contract Tower,21,24,8,3,56,0,0,0,0,0,21,24,8,3,56,8,2,10,66
06/10/2014,AEX,LA,ASW,CE,Federal Contract Tower,10,26,13,8,57,0,0,0,0,0,10,26,13,8,57,10,31,41,98
06/11/2014,AEX,LA,ASW,CE,Federal Contract Tower,4,19,12,26,61,0,0,0,0,0,4,19,12,26,61,49,32,81,142
06/12/2014,AEX,LA,ASW,CE,Federal Contract Tower,9,19,9,15,52,0,0,0,0,0,9,19,9,15,52,21,21,42,94
06/13/2014,AEX,LA,ASW,CE,Federal Contract Tower,10,19,7,29,65,0,0,0,0,0,10,19,7,29,65,19,22,41,106
06/14/2014,AEX,LA,ASW,CE,Federal Contract Tower,0,20,4,2,26,0,0,0,0,0,0,20,4,2,26,18,4,22,48
06/15/2014,AEX,LA,ASW,CE,Federal Contract Tower,3,20,5,2,30,0,0,0,0,0,3,20,5,2,30,5,16,21,51
06/16/2014,AEX,LA,ASW,CE,Federal Contract Tower,4,20,19,19,62,0,0,0,0,0,4,20,19,19,62,14,38,52,114
06/17/2014,AEX,LA,ASW,CE,Federal Contract Tower,6,22,18,12,58,0,0,0,0,0,6,22,18,12,58,32,26,58,116
06/18/2014,AEX,LA,ASW,CE,Federal Contract Tower,6,23,20,26,75,0,0,0,0,0,6,23,20,26,75,27,20,47,122
06/19/2014,AEX,LA,ASW,CE,Federal Contract Tower,10,22,16,20,68,0,0,0,0,0,10,22,16,20,68,32,32,64,132
06/20/2014,AEX,LA,ASW,CE,Federal Contract Tower,8,26,9,30,73,0,0,0,0,0,8,26,9,30,73,42,5,47,120
06/21/2014,AEX,LA,ASW,CE,Federal Contract Tower,2,16,5,13,36,0,0,0,0,0,2,16,5,13,36,39,4,43,79
06/22/2014,AEX,LA,ASW,CE,Federal Contract Tower,1,17,17,7,42,0,0,0,0,0,1,17,17,7,42,37,0,37,79
06/23/2014,AEX,LA,ASW,CE,Federal Contract Tower,7,17,9,9,42,0,0,0,0,0,7,17,9,9,42,19,10,29,71
06/24/2014,AEX,LA,ASW,CE,Federal Contract Tower,5,13,8,9,35,0,0,0,0,0,5,13,8,9,35,21,4,25,60
06/25/2014,AEX,LA,ASW,CE,Federal Contract Tower,8,18,8,3,37,0,0,0,0,0,8,18,8,3,37,26,14,40,77
06/26/2014,AEX,LA,ASW,CE,Federal Contract Tower,13,19,17,6,55,0,0,0,0,0,13,19,17,6,55,9,9,18,73
06/27/2014,AEX,LA,ASW,CE,Federal Contract Tower,18,20,15,4,57,0,0,0,0,0,18,20,15,4,57,15,9,24,81
06/28/2014,AEX,LA,ASW,CE,Federal Contract Tower,19,18,9,1,47,0,0,0,0,0,19,18,9,1,47,5,0,5,52
06/29/2014,AEX,LA,ASW,CE,Federal Contract Tower,8,21,11,1,41,0,0,0,0,0,8,21,11,1,41,30,0,30,71
06/30/2014,AEX,LA,ASW,CE,Federal Contract Tower,11,21,9,7,48,0,0,0,0,0,11,21,9,7,48,15,19,34,82
07/01/2014,AEX,LA,ASW,CE,Federal Contract Tower,9,20,11,14,54,0,0,0,0,0,9,20,11,14,54,46,1,47,101
07/02/2014,AEX,LA,ASW,CE,Federal Contract Tower,4,21,16,16,57,0,0,0,0,0,4,21,16,16,57,20,32,52,109
07/03/2014,AEX,LA,ASW,CE,Federal Contract Tower,7,23,11,13,54,0,0,0,0,0,7,23,11,13,54,33,32,65,119
07/04/2014,AEX,LA,ASW,CE,Federal Contract Tower,4,16,7,0,27,0,0,0,0,0,4,16,7,0,27,28,1,29,56
07/05/2014,AEX,LA,ASW,CE,Federal Contract Tower,4,10,8,0,22,0,0,0,0,0,4,10,8,0,22,29,0,29,51
07/06/2014,AEX,LA,ASW,CE,Federal Contract Tower,1,21,7,0,29,0,0,0,0,0,1,21,7,0,29,12,0,12,41
07/07/2014,AEX,LA,ASW,CE,Federal Contract Tower,5,24,5,1,35,0,0,0,0,0,5,24,5,1,35,25,3,28,63
07/08/2014,AEX,LA,ASW,CE,Federal Contract Tower,4,19,4,13,40,0,0,0,0,0,4,19,4,13,40,24,9,33,73
07/09/2014,AEX,LA,ASW,CE,Federal Contract Tower,5,20,10,24,59,0,0,0,0,0,5,20,10,24,59,8,14,22,81
07/10/2014,AEX,LA,ASW,CE,Federal Contract Tower,6,20,11,12,49,0,0,0,0,0,6,20,11,12,49,15,16,31,80
07/11/2014,AEX,LA,ASW,CE,Federal Contract Tower,11,20,10,24,65,0,0,0,0,0,11,20,10,24,65,24,46,70,135
07/12/2014,AEX,LA,ASW,CE,Federal Contract Tower,1,19,17,18,55,0,0,0,0,0,1,19,17,18,55,48,31,79,134
07/13/2014,AEX,LA,ASW,CE,Federal Contract Tower,1,23,5,23,52,0,0,0,0,0,1,23,5,23,52,28,2,30,82
07/14/2014,AEX,LA,ASW,CE,Federal Contract Tower,4,23,9,11,47,0,0,0,0,0,4,23,9,11,47,20,22,42,89
07/15/2014,AEX,LA,ASW,CE,Federal Contract Tower,4,21,13,0,38,0,0,0,0,0,4,21,13,0,38,24,23,47,85
07/16/2014,AEX,LA,ASW,CE,Federal Contract Tower,8,22,15,20,65,0,0,0,0,0,8,22,15,20,65,53,34,87,152
07/17/2014,AEX,LA,ASW,CE,Federal Contract Tower,7,16,6,9,38,0,0,0,0,0,7,16,6,9,38,12,13,25,63
07/18/2014,AEX,LA,ASW,CE,Federal Contract Tower,8,18,6,1,33,0,0,0,0,0,8,18,6,1,33,4,0,4,37
07/19/2014,AEX,LA,ASW,CE,Federal Contract Tower,0,18,10,30,58,0,0,0,0,0,0,18,10,30,58,20,14,34,92
07/20/2014,AEX,LA,ASW,CE,Federal Contract Tower,1,20,21,8,50,0,0,0,0,0,1,20,21,8,50,23,0,23,73
07/21/2014,AEX,LA,ASW,CE,Federal Contract Tower,4,20,5,26,55,0,0,0,0,0,4,20,5,26,55,19,23,42,97
07/22/2014,AEX,LA,ASW,CE,Federal Contract Tower,4,20,6,24,54,0,0,0,0,0,4,20,6,24,54,55,21,76,130
07/23/2014,AEX,LA,ASW,CE,Federal Contract Tower,5,21,11,15,52,0,0,0,0,0,5,21,11,15,52,32,14,46,98
07/24/2014,AEX,LA,ASW,CE,Federal Contract Tower,10,17,4,25,56,0,0,0,0,0,10,17,4,25,56,59,40,99,155
07/25/2014,AEX,LA,ASW,CE,Federal Contract Tower,13,21,17,13,64,0,0,0,0,0,13,21,17,13,64,14,7,21,85
07/26/2014,AEX,LA,ASW,CE,Federal Contract Tower,0,19,6,49,74,0,0,0,0,0,0,19,6,49,74,37,11,48,122
07/27/2014,AEX,LA,ASW,CE,Federal Contract Tower,2,21,9,10,42,0,0,0,0,0,2,21,9,10,42,43,2,45,87
07/28/2014,AEX,LA,ASW,CE,Federal Contract Tower,6,24,10,2,42,0,0,0,0,0,6,24,10,2,42,13,4,17,59
07/29/2014,AEX,LA,ASW,CE,Federal Contract Tower,4,19,9,11,43,0,0,0,0,0,4,19,9,11,43,23,19,42,85
07/30/2014,AEX,LA,ASW,CE,Federal Contract Tower,3,22,7,17,49,0,0,0,0,0,3,22,7,17,49,58,26,84,133
07/31/2014,AEX,LA,ASW,CE,Federal Contract Tower,7,20,2,15,44,0,0,0,0,0,7,20,2,15,44,20,31,51,95
08/01/2014,AEX,LA,ASW,CE,Federal Contract Tower,8,25,11,8,52,0,0,0,0,0,8,25,11,8,52,1,5,6,58
08/02/2014,AEX,LA,ASW,CE,Federal Contract Tower,0,16,9,39,64,0,0,0,0,0,0,16,9,39,64,12,28,40,104
08/03/2014,AEX,LA,ASW,CE,Federal Contract Tower,0,20,6,12,38,0,0,0,0,0,0,20,6,12,38,5,13,18,56
08/04/2014,AEX,LA,ASW,CE,Federal Contract Tower,5,20,6,11,42,0,0,0,0,0,5,20,6,11,42,8,10,18,60
08/05/2014,AEX,LA,ASW,CE,Federal Contract Tower,4,21,13,8,46,0,0,0,0,0,4,21,13,8,46,20,20,40,86
08/06/2014,AEX,LA,ASW,CE,Federal Contract Tower,8,23,8,7,46,0,0,0,0,0,8,23,8,7,46,7,12,19,65
08/07/2014,AEX,LA,ASW,CE,Federal Contract Tower,8,19,11,6,44,0,0,0,0,0,8,19,11,6,44,15,12,27,71
08/08/2014,AEX,LA,ASW,CE,Federal Contract Tower,8,17,8,24,57,0,0,0,0,0,8,17,8,24,57,32,8,40,97
08/09/2014,AEX,LA,ASW,CE,Federal Contract Tower,0,19,8,3,30,0,0,0,0,0,0,19,8,3,30,14,0,14,44
08/10/2014,AEX,LA,ASW,CE,Federal Contract Tower,2,19,12,18,51,0,0,0,0,0,2,19,12,18,51,17,2,19,70
08/11/2014,AEX,LA,ASW,CE,Federal Contract Tower,6,19,4,0,29,0,0,0,0,0,6,19,4,0,29,18,0,18,47
08/12/2014,AEX,LA,ASW,CE,Federal Contract Tower,3,19,12,12,46,0,0,0,0,0,3,19,12,12,46,36,18,54,100
08/13/2014,AEX,LA,ASW,CE,Federal Contract Tower,3,18,5,16,42,0,0,0,0,0,3,18,5,16,42,42,6,48,90
08/14/2014,AEX,LA,ASW,CE,Federal Contract Tower,8,20,16,7,51,0,0,0,0,0,8,20,16,7,51,20,20,40,91
08/15/2014,AEX,LA,ASW,CE,Federal Contract Tower,9,22,10,27,68,0,0,0,0,0,9,22,10,27,68,25,0,25,93
08/16/2014,AEX,LA,ASW,CE,Federal Contract Tower,0,18,16,2,36,0,0,0,0,0,0,18,16,2,36,28,10,38,74
08/17/2014,AEX,LA,ASW,CE,Federal Contract Tower,1,17,9,2,29,0,0,0,0,0,1,17,9,2,29,13,0,13,42
08/18/2014,AEX,LA,ASW,CE,Federal Contract Tower,4,21,5,12,42,0,0,0,0,0,4,21,5,12,42,10,12,22,64
08/19/2014,AEX,LA,ASW,CE,Federal Contract Tower,18,4,24,21,67,0,0,0,0,0,18,4,24,21,67,17,1,18,85
08/20/2014,AEX,LA,ASW,CE,Federal Contract Tower,4,19,8,7,38,0,0,0,0,0,4,19,8,7,38,37,21,58,96
08/21/2014,AEX,LA,ASW,CE,Federal Contract Tower,12,18,9,7,46,0,0,0,0,0,12,18,9,7,46,15,15,30,76
08/22/2014,AEX,LA,ASW,CE,Federal Contract Tower,9,18,11,13,51,0,0,0,0,0,9,18,11,13,51,33,3,36,87
08/23/2014,AEX,LA,ASW,CE,Federal Contract Tower,3,12,9,20,44,0,0,0,0,0,3,12,9,20,44,40,12,52,96
08/24/2014,AEX,LA,ASW,CE,Federal Contract Tower,3,16,8,12,39,0,0,0,0,0,3,16,8,12,39,20,2,22,61
08/25/2014,AEX,LA,ASW,CE,Federal Contract Tower,6,17,10,19,52,0,0,0,0,0,6,17,10,19,52,10,13,23,75
08/26/2014,AEX,LA,ASW,CE,Federal Contract Tower,5,18,50,23,96,0,0,0,0,0,5,18,50,23,96,30,4,34,130
08/27/2014,AEX,LA,ASW,CE,Federal Contract Tower,2,18,8,16,44,0,0,0,0,0,2,18,8,16,44,55,15,70,114
08/28/2014,AEX,LA,ASW,CE,Federal Contract Tower,12,16,13,12,53,0,0,0,0,0,12,16,13,12,53,29,30,59,112
08/29/2014,AEX,LA,ASW,CE,Federal Contract Tower,12,18,9,11,50,0,0,0,0,0,12,18,9,11,50,8,3,11,61
08/30/2014,AEX,LA,ASW,CE,Federal Contract Tower,3,11,4,0,18,0,0,0,0,0,3,11,4,0,18,0,0,0,18
08/31/2014,AEX,LA,ASW,CE,Federal Contract Tower,1,18,6,0,25,0,0,0,0,0,1,18,6,0,25,3,1,4,29
09/01/2014,AEX,LA,ASW,CE,Federal Contract Tower,7,18,7,1,33,0,0,0,0,0,7,18,7,1,33,9,2,11,44
09/02/2014,AEX,LA,ASW,CE,Federal Contract Tower,4,22,12,17,55,0,0,0,0,0,4,22,12,17,55,4,0,4,59
09/03/2014,AEX,LA,ASW,CE,Federal Contract Tower,9,15,18,34,76,0,0,0,0,0,9,15,18,34,76,18,7,25,101
09/04/2014,AEX,LA,ASW,CE,Federal Contract Tower,8,19,9,10,46,0,0,0,0,0,8,19,9,10,46,18,19,37,83
09/05/2014,AEX,LA,ASW,CE,Federal Contract Tower,14,16,3,14,47,0,0,0,0,0,14,16,3,14,47,17,3,20,67
09/06/2014,AEX,LA,ASW,CE,Federal Contract Tower,2,10,9,10,31,0,0,0,0,0,2,10,9,10,31,50,3,53,84
09/07/2014,AEX,LA,ASW,CE,Federal Contract Tower,3,25,5,6,39,0,0,0,0,0,3,25,5,6,39,20,12,32,71
09/08/2014,AEX,LA,ASW,CE,Federal Contract Tower,12,16,1,14,43,0,0,0,0,0,12,16,1,14,43,20,35,55,98
09/09/2014,AEX,LA,ASW,CE,Federal Contract Tower,7,24,22,13,66,0,0,0,0,0,7,24,22,13,66,24,34,58,124
09/10/2014,AEX,LA,ASW,CE,Federal Contract Tower,6,14,19,24,63,0,0,0,0,0,6,14,19,24,63,24,141,165,228
09/11/2014,AEX,LA,ASW,CE,Federal Contract Tower,9,18,8,9,44,0,0,0,0,0,9,18,8,9,44,36,36,72,116
09/12/2014,AEX,LA,ASW,CE,Federal Contract Tower,7,18,13,21,59,0,0,0,0,0,7,18,13,21,59,20,67,87,146
09/13/2014,AEX,LA,ASW,CE,Federal Contract Tower,2,15,9,7,33,0,0,0,0,0,2,15,9,7,33,0,45,45,78
09/14/2014,AEX,LA,ASW,CE,Federal Contract Tower,2,20,3,26,51,0,0,0,0,0,2,20,3,26,51,13,28,41,92
09/15/2014,AEX,LA,ASW,CE,Federal Contract Tower,7,19,4,18,48,0,0,0,0,0,7,19,4,18,48,30,163,193,241
09/16/2014,AEX,LA,ASW,CE,Federal Contract Tower,7,15,27,27,76,0,0,0,0,0,7,15,27,27,76,20,40,60,136
09/17/2014,AEX,LA,ASW,CE,Federal Contract Tower,4,21,12,31,68,0,0,0,0,0,4,21,12,31,68,34,59,93,161
09/18/2014,AEX,LA,ASW,CE,Federal Contract Tower,8,16,11,30,65,0,0,0,0,0,8,16,11,30,65,70,70,140,205
09/19/2014,AEX,LA,ASW,CE,Federal Contract Tower,8,17,10,71,106,0,0,0,0,0,8,17,10,71,106,41,111,152,258
09/20/2014,AEX,LA,ASW,CE,Federal Contract Tower,7,14,9,22,52,0,0,0,0,0,7,14,9,22,52,30,84,114,166
09/21/2014,AEX,LA,ASW,CE,Federal Contract Tower,2,19,8,25,54,0,0,0,0,0,2,19,8,25,54,19,102,121,175
09/22/2014,AEX,LA,ASW,CE,Federal Contract Tower,8,16,7,22,53,0,0,0,0,0,8,16,7,22,53,20,62,82,135
09/23/2014,AEX,LA,ASW,CE,Federal Contract Tower,7,15,9,41,72,0,0,0,0,0,7,15,9,41,72,35,34,69,141
09/24/2014,AEX,LA,ASW,CE,Federal Contract Tower,7,9,20,25,61,0,0,0,0,0,7,9,20,25,61,36,16,52,113
09/25/2014,AEX,LA,ASW,CE,Federal Contract Tower,12,19,10,13,54,0,0,0,0,0,12,19,10,13,54,24,24,48,102
09/26/2014,AEX,LA,ASW,CE,Federal Contract Tower,9,19,21,26,75,0,0,0,0,0,9,19,21,26,75,22,27,49,124
09/27/2014,AEX,LA,ASW,CE,Federal Contract Tower,2,14,22,23,61,0,0,0,0,0,2,14,22,23,61,35,33,68,129
09/28/2014,AEX,LA,ASW,CE,Federal Contract Tower,3,20,14,0,37,0,0,0,0,0,3,20,14,0,37,11,0,11,48
09/29/2014,AEX,LA,ASW,CE,Federal Contract Tower,10,23,16,7,56,0,0,0,0,0,10,23,16,7,56,25,2,27,83
09/30/2014,AEX,LA,ASW,CE,Federal Contract Tower,5,15,53,28,101,0,0,0,0,0,5,15,53,28,101,18,20,38,139
10/01/2014,AEX,LA,ASW,CE,Federal Contract Tower,0,14,7,0,21,0,0,0,0,0,0,14,7,0,21,4,0,4,25
10/02/2014,AEX,LA,ASW,CE,Federal Contract Tower,12,12,6,10,40,0,0,0,0,0,12,12,6,10,40,20,20,40,80
10/03/2014,AEX,LA,ASW,CE,Federal Contract Tower,12,16,11,38,77,0,0,0,0,0,12,16,11,38,77,14,12,26,103
10/04/2014,AEX,LA,ASW,CE,Federal Contract Tower,2,12,8,1,23,0,0,0,0,0,2,12,8,1,23,25,2,27,50
10/05/2014,AEX,LA,ASW,CE,Federal Contract Tower,7,17,16,5,45,0,0,0,0,0,7,17,16,5,45,25,7,32,77
10/06/2014,AEX,LA,ASW,CE,Federal Contract Tower,9,15,5,3,32,0,0,0,0,0,9,15,5,3,32,6,0,6,38
10/07/2014,AEX,LA,ASW,CE,Federal Contract Tower,9,15,30,10,64,0,0,0,0,0,9,15,30,10,64,20,4,24,88
10/08/2014,AEX,LA,ASW,CE,Federal Contract Tower,8,31,18,13,70,0,0,0,0,0,8,31,18,13,70,14,19,33,103
10/09/2014,AEX,LA,ASW,CE,Federal Contract Tower,10,17,17,2,46,0,0,0,0,0,10,17,17,2,46,9,10,19,65
10/10/2014,AEX,LA,ASW,CE,Federal Contract Tower,14,17,13,17,61,0,0,0,0,0,14,17,13,17,61,7,12,19,80
10/11/2014,AEX,LA,ASW,CE,Federal Contract Tower,1,14,3,0,18,0,0,0,0,0,1,14,3,0,18,37,0,37,55
10/12/2014,AEX,LA,ASW,CE,Federal Contract Tower,4,17,9,0,30,0,0,0,0,0,4,17,9,0,30,4,0,4,34
10/13/2014,AEX,LA,ASW,CE,Federal Contract Tower,4,16,6,0,26,0,0,0,0,0,4,16,6,0,26,0,0,0,26
10/14/2014,AEX,LA,ASW,CE,Federal Contract Tower,8,14,34,13,69,0,0,0,0,0,8,14,34,13,69,19,7,26,95
10/15/2014,AEX,LA,ASW,CE,Federal Contract Tower,13,14,11,11,49,0,0,0,0,0,13,14,11,11,49,42,25,67,116
10/16/2014,AEX,LA,ASW,CE,Federal Contract Tower,10,18,20,5,53,0,0,0,0,0,10,18,20,5,53,31,16,47,100
10/17/2014,AEX,LA,ASW,CE,Federal Contract Tower,14,17,9,0,40,0,0,0,0,0,14,17,9,0,40,28,5,33,73
10/18/2014,AEX,LA,ASW,CE,Federal Contract Tower,2,18,5,3,28,0,0,0,0,0,2,18,5,3,28,7,2,9,37
10/19/2014,AEX,LA,ASW,CE,Federal Contract Tower,4,19,20,0,43,0,0,0,0,0,4,19,20,0,43,20,2,22,65
10/20/2014,AEX,LA,ASW,CE,Federal Contract Tower,11,19,9,1,40,0,0,0,0,0,11,19,9,1,40,26,12,38,78
10/21/2014,AEX,LA,ASW,CE,Federal Contract Tower,14,10,40,26,90,0,0,0,0,0,14,10,40,26,90,28,6,34,124
10/22/2014,AEX,LA,ASW,CE,Federal Contract Tower,7,18,25,7,57,0,0,0,0,0,7,18,25,7,57,38,7,45,102
10/23/2014,AEX,LA,ASW,CE,Federal Contract Tower,9,17,14,7,47,0,0,0,0,0,9,17,14,7,47,22,1,23,70
10/24/2014,AEX,LA,ASW,CE,Federal Contract Tower,12,16,11,7,46,0,0,0,0,0,12,16,11,7,46,18,5,23,69
10/25/2014,AEX,LA,ASW,CE,Federal Contract Tower,2,12,6,12,32,0,0,0,0,0,2,12,6,12,32,18,14,32,64
10/26/2014,AEX,LA,ASW,CE,Federal Contract Tower,5,15,8,6,34,0,0,0,0,0,5,15,8,6,34,28,0,28,62
10/27/2014,AEX,LA,ASW,CE,Federal Contract Tower,10,15,8,7,40,0,0,0,0,0,10,15,8,7,40,24,20,44,84
10/28/2014,AEX,LA,ASW,CE,Federal Contract Tower,8,13,41,6,68,0,0,0,0,0,8,13,41,6,68,7,4,11,79
10/29/2014,AEX,LA,ASW,CE,Federal Contract Tower,10,15,11,16,52,0,0,0,0,0,10,15,11,16,52,13,6,19,71
10/30/2014,AEX,LA,ASW,CE,Federal Contract Tower,9,17,7,14,47,0,0,0,0,0,9,17,7,14,47,25,10,35,82
10/31/2014,AEX,LA,ASW,CE,Federal Contract Tower,7,22,9,9,47,0,0,0,0,0,7,22,9,9,47,7,0,7,54
11/01/2014,AEX,LA,ASW,CE,Federal Contract Tower,6,13,6,0,25,0,0,0,0,0,6,13,6,0,25,22,0,22,47
11/02/2014,AEX,LA,ASW,CE,Federal Contract Tower,4,17,8,4,33,0,0,0,0,0,4,17,8,4,33,30,0,30,63
11/03/2014,AEX,LA,ASW,CE,Federal Contract Tower,9,17,11,17,54,0,0,0,0,0,9,17,11,17,54,30,16,46,100
11/04/2014,AEX,LA,ASW,CE,Federal Contract Tower,10,13,24,5,52,0,0,0,0,0,10,13,24,5,52,7,6,13,65
11/05/2014,AEX,LA,ASW,CE,Federal Contract Tower,10,21,17,7,55,0,0,0,0,0,10,21,17,7,55,10,0,10,65
11/06/2014,AEX,LA,ASW,CE,Federal Contract Tower,8,17,8,5,38,0,0,0,0,0,8,17,8,5,38,17,10,27,65
11/07/2014,AEX,LA,ASW,CE,Federal Contract Tower,9,21,27,15,72,0,0,0,0,0,9,21,27,15,72,8,18,26,98
11/08/2014,AEX,LA,ASW,CE,Federal Contract Tower,2,13,4,1,20,0,0,0,0,0,2,13,4,1,20,19,0,19,39
11/09/2014,AEX,LA,ASW,CE,Federal Contract Tower,4,15,9,12,40,0,0,0,0,0,4,15,9,12,40,18,0,18,58
11/10/2014,AEX,LA,ASW,CE,Federal Contract Tower,12,17,6,9,44,0,0,0,0,0,12,17,6,9,44,12,13,25,69
11/11/2014,AEX,LA,ASW,CE,Federal Contract Tower,4,16,32,1,53,0,0,0,0,0,4,16,32,1,53,7,0,7,60
11/12/2014,AEX,LA,ASW,CE,Federal Contract Tower,8,19,18,10,55,0,0,0,0,0,8,19,18,10,55,18,1,19,74
11/13/2014,AEX,LA,ASW,CE,Federal Contract Tower,9,17,10,10,46,0,0,0,0,0,9,17,10,10,46,22,7,29,75
11/14/2014,AEX,LA,ASW,CE,Federal Contract Tower,12,18,9,15,54,0,0,0,0,0,12,18,9,15,54,22,6,28,82
11/15/2014,AEX,LA,ASW,CE,Federal Contract Tower,4,12,1,7,24,0,0,0,0,0,4,12,1,7,24,38,3,41,65
11/16/2014,AEX,LA,ASW,CE,Federal Contract Tower,3,15,2,0,20,0,0,0,0,0,3,15,2,0,20,0,0,0,20
11/17/2014,AEX,LA,ASW,CE,Federal Contract Tower,5,18,14,28,65,0,0,0,0,0,5,18,14,28,65,15,11,26,91
11/18/2014,AEX,LA,ASW,CE,Federal Contract Tower,6,17,34,35,92,0,0,0,0,0,6,17,34,35,92,13,9,22,114
11/19/2014,AEX,LA,ASW,CE,Federal Contract Tower,8,20,29,18,75,0,0,0,0,0,8,20,29,18,75,37,7,44,119
11/20/2014,AEX,LA,ASW,CE,Federal Contract Tower,10,19,15,5,49,0,0,0,0,0,10,19,15,5,49,26,0,26,75
11/21/2014,AEX,LA,ASW,CE,Federal Contract Tower,8,19,15,9,51,0,0,0,0,0,8,19,15,9,51,13,2,15,66
11/22/2014,AEX,LA,ASW,CE,Federal Contract Tower,2,12,11,0,25,0,0,0,0,0,2,12,11,0,25,14,1,15,40
11/23/2014,AEX,LA,ASW,CE,Federal Contract Tower,3,15,13,7,38,0,0,0,0,0,3,15,13,7,38,8,0,8,46
11/24/2014,AEX,LA,ASW,CE,Federal Contract Tower,6,17,6,8,37,0,0,0,0,0,6,17,6,8,37,38,7,45,82
11/25/2014,AEX,LA,ASW,CE,Federal Contract Tower,7,14,36,29,86,0,0,0,0,0,7,14,36,29,86,22,12,34,120
11/26/2014,AEX,LA,ASW,CE,Federal Contract Tower,7,23,6,0,36,0,0,0,0,0,7,23,6,0,36,28,2,30,66
11/27/2014,AEX,LA,ASW,CE,Federal Contract Tower,2,10,2,0,14,0,0,0,0,0,2,10,2,0,14,19,0,19,33
11/28/2014,AEX,LA,ASW,CE,Federal Contract Tower,4,20,9,0,33,0,0,0,0,0,4,20,9,0,33,15,0,15,48
11/29/2014,AEX,LA,ASW,CE,Federal Contract Tower,5,13,10,2,30,0,0,0,0,0,5,13,10,2,30,11,0,11,41
11/30/2014,AEX,LA,ASW,CE,Federal Contract Tower,3,18,12,0,33,0,0,0,0,0,3,18,12,0,33,20,0,20,53
12/01/2014,AEX,LA,ASW,CE,Federal Contract Tower,6,21,10,9,46,0,0,0,0,0,6,21,10,9,46,12,2,14,60
12/02/2014,AEX,LA,ASW,CE,Federal Contract Tower,7,14,11,2,34,0,0,0,0,0,7,14,11,2,34,0,0,0,34
12/03/2014,AEX,LA,ASW,CE,Federal Contract Tower,6,18,10,13,47,0,0,0,0,0,6,18,10,13,47,8,5,13,60
12/04/2014,AEX,LA,ASW,CE,Federal Contract Tower,7,18,16,3,44,0,0,0,0,0,7,18,16,3,44,31,6,37,81
12/05/2014,AEX,LA,ASW,CE,Federal Contract Tower,10,18,16,3,47,0,0,0,0,0,10,18,16,3,47,8,15,23,70
12/06/2014,AEX,LA,ASW,CE,Federal Contract Tower,0,15,4,6,25,0,0,0,0,0,0,15,4,6,25,18,0,18,43
12/07/2014,AEX,LA,ASW,CE,Federal Contract Tower,6,13,17,4,40,0,0,0,0,0,6,13,17,4,40,11,8,19,59
12/08/2014,AEX,LA,ASW,CE,Federal Contract Tower,7,16,18,5,46,0,0,0,0,0,7,16,18,5,46,22,12,34,80
12/09/2014,AEX,LA,ASW,CE,Federal Contract Tower,7,13,59,21,100,0,0,0,0,0,7,13,59,21,100,50,9,59,159
12/10/2014,AEX,LA,ASW,CE,Federal Contract Tower,7,15,11,5,38,0,0,0,0,0,7,15,11,5,38,21,0,21,59
12/11/2014,AEX,LA,ASW,CE,Federal Contract Tower,10,13,19,6,48,0,0,0,0,0,10,13,19,6,48,40,5,45,93
12/12/2014,AEX,LA,ASW,CE,Federal Contract Tower,9,16,19,8,52,0,0,0,0,0,9,16,19,8,52,17,2,19,71
12/13/2014,AEX,LA,ASW,CE,Federal Contract Tower,4,12,10,5,31,0,0,0,0,0,4,12,10,5,31,28,1,29,60
12/14/2014,AEX,LA,ASW,CE,Federal Contract Tower,5,11,8,2,26,0,0,0,0,0,5,11,8,2,26,16,0,16,42
12/15/2014,AEX,LA,ASW,CE,Federal Contract Tower,6,16,6,5,33,0,0,0,0,0,6,16,6,5,33,10,15,25,58
12/16/2014,AEX,LA,ASW,CE,Federal Contract Tower,7,18,50,18,93,0,0,0,0,0,7,18,50,18,93,40,15,55,148
12/17/2014,AEX,LA,ASW,CE,Federal Contract Tower,13,22,21,10,66,0,0,0,0,0,13,22,21,10,66,44,14,58,124
12/18/2014,AEX,LA,ASW,CE,Federal Contract Tower,10,15,12,5,42,0,0,0,0,0,10,15,12,5,42,4,2,6,48
12/19/2014,AEX,LA,ASW,CE,Federal Contract Tower,13,19,8,0,40,0,0,0,0,0,13,19,8,0,40,0,0,0,40
12/20/2014,AEX,LA,ASW,CE,Federal Contract Tower,1,20,7,24,52,0,0,0,0,0,1,20,7,24,52,9,5,14,66
12/21/2014,AEX,LA,ASW,CE,Federal Contract Tower,1,21,14,6,42,0,0,0,0,0,1,21,14,6,42,23,1,24,66
12/22/2014,AEX,LA,ASW,CE,Federal Contract Tower,5,18,8,3,34,0,0,0,0,0,5,18,8,3,34,8,8,16,50
12/23/2014,AEX,LA,ASW,CE,Federal Contract Tower,4,20,10,0,34,0,0,0,0,0,4,20,10,0,34,1,1,2,36
12/24/2014,AEX,LA,ASW,CE,Federal Contract Tower,0,21,8,0,29,0,0,0,0,0,0,21,8,0,29,7,6,13,42
12/25/2014,AEX,LA,ASW,CE,Federal Contract Tower,0,16,0,0,16,0,0,0,0,0,0,16,0,0,16,18,0,18,34
12/26/2014,AEX,LA,ASW,CE,Federal Contract Tower,1,19,18,0,38,0,0,0,0,0,1,19,18,0,38,7,2,9,47
12/27/2014,AEX,LA,ASW,CE,Federal Contract Tower,2,18,12,0,32,0,0,0,0,0,2,18,12,0,32,0,0,0,32
12/28/2014,AEX,LA,ASW,CE,Federal Contract Tower,1,27,11,0,39,0,0,0,0,0,1,27,11,0,39,0,0,0,39
12/29/2014,AEX,LA,ASW,CE,Federal Contract Tower,4,26,31,0,61,0,0,0,0,0,4,26,31,0,61,4,0,4,65
12/30/2014,AEX,LA,ASW,CE,Federal Contract Tower,4,30,32,2,68,0,0,0,0,0,4,30,32,2,68,9,0,9,77
12/31/2014,AEX,LA,ASW,CE,Federal Contract Tower,0,25,28,0,53,0,0,0,0,0,0,25,28,0,53,17,0,17,70
01/01/2015,AEX,LA,ASW,CE,Federal Contract Tower,1,15,3,0,19,0,0,0,0,0,1,15,3,0,19,1,0,1,20
01/02/2015,AEX,LA,ASW,CE,Federal Contract Tower,7,20,10,0,37,0,0,0,0,0,7,20,10,0,37,0,0,0,37
01/03/2015,AEX,LA,ASW,CE,Federal Contract Tower,0,22,3,0,25,0,0,0,0,0,0,22,3,0,25,0,0,0,25
01/04/2015,AEX,LA,ASW,CE,Federal Contract Tower,1,20,10,0,31,0,0,0,0,0,1,20,10,0,31,8,0,8,39
01/05/2015,AEX,LA,ASW,CE,Federal Contract Tower,9,20,17,1,47,0,0,0,0,0,9,20,17,1,47,25,16,41,88
01/06/2015,AEX,LA,ASW,CE,Federal Contract Tower,11,15,46,16,88,0,0,0,0,0,11,15,46,16,88,26,4,30,118
01/07/2015,AEX,LA,ASW,CE,Federal Contract Tower,7,16,12,17,52,0,0,0,0,0,7,16,12,17,52,24,21,45,97
01/08/2015,AEX,LA,ASW,CE,Federal Contract Tower,11,18,3,19,51,0,0,0,0,0,11,18,3,19,51,48,28,76,127
01/09/2015,AEX,LA,ASW,CE,Federal Contract Tower,18,21,16,4,59,0,0,0,0,0,18,21,16,4,59,2,16,18,77
01/10/2015,AEX,LA,ASW,CE,Federal Contract Tower,10,20,10,5,45,0,0,0,0,0,10,20,10,5,45,51,47,98,143
01/11/2015,AEX,LA,ASW,CE,Federal Contract Tower,5,19,3,2,29,0,0,0,0,0,5,19,3,2,29,0,3,3,32
01/12/2015,AEX,LA,ASW,CE,Federal Contract Tower,4,25,3,4,36,0,0,0,0,0,4,25,3,4,36,0,0,0,36
01/13/2015,AEX,LA,ASW,CE,Federal Contract Tower,4,20,20,68,112,0,0,0,0,0,4,20,20,68,112,46,68,114,226
01/14/2015,AEX,LA,ASW,CE,Federal Contract Tower,4,19,16,30,69,0,0,0,0,0,4,19,16,30,69,7,57,64,133
01/15/2015,AEX,LA,ASW,CE,Federal Contract Tower,10,18,15,24,67,0,0,0,0,0,10,18,15,24,67,9,75,84,151
01/16/2015,AEX,LA,ASW,CE,Federal Contract Tower,7,19,10,7,43,0,0,0,0,0,7,19,10,7,43,20,75,95,138
01/17/2015,AEX,LA,ASW,CE,Federal Contract Tower,1,14,9,9,33,0,0,0,0,0,1,14,9,9,33,30,87,117,150
01/18/2015,AEX,LA,ASW,CE,Federal Contract Tower,1,20,14,5,40,0,0,0,0,0,1,20,14,5,40,17,103,120,160
01/19/2015,AEX,LA,ASW,CE,Federal Contract Tower,7,19,11,11,48,0,0,0,0,0,7,19,11,11,48,10,99,109,157
01/20/2015,AEX,LA,ASW,CE,Federal Contract Tower,9,18,24,65,116,0,0,0,0,0,9,18,24,65,116,21,40,61,177
01/21/2015,AEX,LA,ASW,CE,Federal Contract Tower,2,27,22,12,63,0,0,0,0,0,2,27,22,12,63,47,59,106,169
01/22/2015,AEX,LA,ASW,CE,Federal Contract Tower,5,20,9,5,39,0,0,0,0,0,5,20,9,5,39,1,27,28,67
01/23/2015,AEX,LA,ASW,CE,Federal Contract Tower,9,19,14,2,44,0,0,0,0,0,9,19,14,2,44,0,18,18,62
01/24/2015,AEX,LA,ASW,CE,Federal Contract Tower,1,14,12,13,40,0,0,0,0,0,1,14,12,13,40,33,134,167,207
01/25/2015,AEX,LA,ASW,CE,Federal Contract Tower,4,22,18,2,46,0,0,0,0,0,4,22,18,2,46,18,94,112,158
01/26/2015,AEX,LA,ASW,CE,Federal Contract Tower,2,21,5,7,35,0,0,0,0,0,2,21,5,7,35,26,80,106,141
01/27/2015,AEX,LA,ASW,CE,Federal Contract Tower,10,22,53,29,114,0,0,0,0,0,10,22,53,29,114,15,20,35,149
01/28/2015,AEX,LA,ASW,CE,Federal Contract Tower,0,20,9,7,36,0,0,0,0,0,0,20,9,7,36,17,5,22,58
01/29/2015,AEX,LA,ASW,CE,Federal Contract Tower,6,20,7,14,47,0,0,0,0,0,6,20,7,14,47,17,1,18,65
01/30/2015,AEX,LA,ASW,CE,Federal Contract Tower,12,23,14,30,79,0,0,0,0,0,12,23,14,30,79,17,26,43,122
01/31/2015,AEX,LA,ASW,CE,Federal Contract Tower,14,18,2,10,44,0,0,0,0,0,14,18,2,10,44,25,36,61,105
02/01/2015,AEX,LA,ASW,CE,Federal Contract Tower,4,21,5,0,30,0,0,0,0,0,4,21,5,0,30,0,0,0,30
02/02/2015,AEX,LA,ASW,CE,Federal Contract Tower,10,19,43,82,154,0,0,0,0,0,10,19,43,82,154,15,60,75,229
02/03/2015,AEX,LA,ASW,CE,Federal Contract Tower,22,21,34,18,95,0,0,0,0,0,22,21,34,18,95,6,26,32,127
02/04/2015,AEX,LA,ASW,CE,Federal Contract Tower,10,19,10,14,53,0,0,0,0,0,10,19,10,14,53,5,0,5,58
02/05/2015,AEX,LA,ASW,CE,Federal Contract Tower,10,21,5,14,50,0,0,0,0,0,10,21,5,14,50,16,17,33,83
02/06/2015,AEX,LA,ASW,CE,Federal Contract Tower,3,21,10,49,83,0,0,0,0,0,3,21,10,49,83,60,8,68,151
02/07/2015,AEX,LA,ASW,CE,Federal Contract Tower,0,13,18,9,40,0,0,0,0,0,0,13,18,9,40,46,11,57,97
02/08/2015,AEX,LA,ASW,CE,Federal Contract Tower,0,21,8,4,33,0,0,0,0,0,0,21,8,4,33,6,0,6,39
02/09/2015,AEX,LA,ASW,CE,Federal Contract Tower,2,21,6,10,39,0,0,0,0,0,2,21,6,10,39,31,31,62,101
02/10/2015,AEX,LA,ASW,CE,Federal Contract Tower,2,17,5,6,30,0,0,0,0,0,2,17,5,6,30,31,31,62,92
02/11/2015,AEX,LA,ASW,CE,Federal Contract Tower,4,24,18,13,59,0,0,0,0,0,4,24,18,13,59,52,25,77,136
02/12/2015,AEX,LA,ASW,CE,Federal Contract Tower,7,20,8,4,39,0,0,0,0,0,7,20,8,4,39,35,1,36,75
02/13/2015,AEX,LA,ASW,CE,Federal Contract Tower,2,20,12,23,57,0,0,0,0,0,2,20,12,23,57,9,16,25,82
02/14/2015,AEX,LA,ASW,CE,Federal Contract Tower,0,18,9,0,27,0,0,0,0,0,0,18,9,0,27,13,14,27,54
02/15/2015,AEX,LA,ASW,CE,Federal Contract Tower,0,19,9,12,40,0,0,0,0,0,0,19,9,12,40,20,20,40,80
02/16/2015,AEX,LA,ASW,CE,Federal Contract Tower,1,18,0,0,19,0,0,0,0,0,1,18,0,0,19,1,0,1,20
02/17/2015,AEX,LA,ASW,CE,Federal Contract Tower,6,20,13,4,43,0,0,0,0,0,6,20,13,4,43,11,10,21,64
02/18/2015,AEX,LA,ASW,CE,Federal Contract Tower,3,34,13,13,63,0,0,0,0,0,3,34,13,13,63,30,11,41,104
02/19/2015,AEX,LA,ASW,CE,Federal Contract Tower,4,20,9,24,57,0,0,0,0,0,4,20,9,24,57,38,44,82,139
02/20/2015,AEX,LA,ASW,CE,Federal Contract Tower,4,20,15,23,62,0,0,0,0,0,4,20,15,23,62,19,15,34,96
02/21/2015,AEX,LA,ASW,CE,Federal Contract Tower,1,17,2,23,43,0,0,0,0,0,1,17,2,23,43,3,32,35,78
02/22/2015,AEX,LA,ASW,CE,Federal Contract Tower,2,18,15,25,60,0,0,0,0,0,2,18,15,25,60,0,7,7,67
02/23/2015,AEX,LA,ASW,CE,Federal Contract Tower,4,4,3,2,13,0,0,0,0,0,4,4,3,2,13,2,2,4,17
02/24/2015,AEX,LA,ASW,CE,Federal Contract Tower,4,13,9,1,27,0,0,0,0,0,4,13,9,1,27,0,9,9,36
02/25/2015,AEX,LA,ASW,CE,Federal Contract Tower,3,17,11,6,37,0,0,0,0,0,3,17,11,6,37,0,0,0,37
02/26/2015,AEX,LA,ASW,CE,Federal Contract Tower,10,16,21,50,97,0,0,0,0,0,10,16,21,50,97,30,20,50,147
02/27/2015,AEX,LA,ASW,CE,Federal Contract Tower,10,19,8,8,45,0,0,0,0,0,10,19,8,8,45,24,12,36,81
02/28/2015,AEX,LA,ASW,CE,Federal Contract Tower,2,13,9,29,53,0,0,0,0,0,2,13,9,29,53,19,9,28,81
03/01/2015,AEX,LA,ASW,CE,Federal Contract Tower,12,16,4,0,32,0,0,0,0,0,12,16,4,0,32,0,0,0,32
03/02/2015,AEX,LA,ASW,CE,Federal Contract Tower,12,26,10,3,51,0,0,0,0,0,12,26,10,3,51,0,0,0,51
03/03/2015,AEX,LA,ASW,CE,Federal Contract Tower,3,18,11,8,40,0,0,0,0,0,3,18,11,8,40,0,0,0,40
03/04/2015,AEX,LA,ASW,CE,Federal Contract Tower,3,19,5,14,41,0,0,0,0,0,3,19,5,14,41,5,19,24,65
03/05/2015,AEX,LA,ASW,CE,Federal Contract Tower,3,5,7,3,18,0,0,0,0,0,3,5,7,3,18,2,1,3,21
03/06/2015,AEX,LA,ASW,CE,Federal Contract Tower,6,21,14,12,53,0,0,0,0,0,6,21,14,12,53,15,2,17,70
03/07/2015,AEX,LA,ASW,CE,Federal Contract Tower,4,16,7,10,37,0,0,0,0,0,4,16,7,10,37,57,4,61,98
03/08/2015,AEX,LA,ASW,CE,Federal Contract Tower,0,18,2,22,42,0,0,0,0,0,0,18,2,22,42,1,0,1,43
03/09/2015,AEX,LA,ASW,CE,Federal Contract Tower,4,21,5,1,31,0,0,0,0,0,4,21,5,1,31,0,0,0,31
03/10/2015,AEX,LA,ASW,CE,Federal Contract Tower,3,18,4,2,27,0,0,0,0,0,3,18,4,2,27,0,0,0,27
03/11/2015,AEX,LA,ASW,CE,Federal Contract Tower,2,26,15,4,47,0,0,0,0,0,2,26,15,4,47,4,4,8,55
03/12/2015,AEX,LA,ASW,CE,Federal Contract Tower,4,20,8,2,34,0,0,0,0,0,4,20,8,2,34,0,0,0,34
03/13/2015,AEX,LA,ASW,CE,Federal Contract Tower,6,21,6,5,38,0,0,0,0,0,6,21,6,5,38,0,0,0,38
03/14/2015,AEX,LA,ASW,CE,Federal Contract Tower,2,22,13,45,82,0,0,0,0,0,2,22,13,45,82,32,10,42,124
03/15/2015,AEX,LA,ASW,CE,Federal Contract Tower,4,22,0,35,61,0,0,0,0,0,4,22,0,35,61,10,25,35,96
03/16/2015,AEX,LA,ASW,CE,Federal Contract Tower,4,21,4,5,34,0,0,0,0,0,4,21,4,5,34,21,21,42,76
03/17/2015,AEX,LA,ASW,CE,Federal Contract Tower,3,17,7,29,56,0,0,0,0,0,3,17,7,29,56,15,26,41,97
03/18/2015,AEX,LA,ASW,CE,Federal Contract Tower,2,24,8,15,49,0,0,0,0,0,2,24,8,15,49,6,33,39,88
03/19/2015,AEX,LA,ASW,CE,Federal Contract Tower,4,23,14,16,57,0,0,0,0,0,4,23,14,16,57,13,70,83,140
03/20/2015,AEX,LA,ASW,CE,Federal Contract Tower,4,23,13,4,44,0,0,0,0,0,4,23,13,4,44,9,13,22,66
03/21/2015,AEX,LA,ASW,CE,Federal Contract Tower,0,18,2,2,22,0,0,0,0,0,0,18,2,2,22,2,22,24,46
03/22/2015,AEX,LA,ASW,CE,Federal Contract Tower,1,22,7,4,34,0,0,0,0,0,1,22,7,4,34,5,0,5,39
03/23/2015,AEX,LA,ASW,CE,Federal Contract Tower,4,22,12,3,41,0,0,0,0,0,4,22,12,3,41,13,6,19,60
03/24/2015,AEX,LA,ASW,CE,Federal Contract Tower,2,20,15,20,57,0,0,0,0,0,2,20,15,20,57,32,21,53,110
03/25/2015,AEX,LA,ASW,CE,Federal Contract Tower,4,22,16,31,73,0,0,0,0,0,4,22,16,31,73,22,7,29,102
03/26/2015,AEX,LA,ASW,CE,Federal Contract Tower,10,21,13,11,55,0,0,0,0,0,10,21,13,11,55,21,10,31,86
03/27/2015,AEX,LA,ASW,CE,Federal Contract Tower,11,21,20,32,84,0,0,0,0,0,11,21,20,32,84,39,8,47,131
03/29/2015,AEX,LA,ASW,CE,Federal Contract Tower,1,20,9,3,33,0,0,0,0,0,1,20,9,3,33,17,12,29,62
03/30/2015,AEX,LA,ASW,CE,Federal Contract Tower,6,20,7,1,34,0,0,0,0,0,6,20,7,1,34,14,11,25,59
03/31/2015,AEX,LA,ASW,CE,Federal Contract Tower,2,19,6,13,40,0,0,0,0,0,2,19,6,13,40,28,14,42,82
04/01/2015,AEX,LA,ASW,CE,Federal Contract Tower,2,21,16,20,59,0,0,0,0,0,2,21,16,20,59,14,34,48,107
04/02/2015,AEX,LA,ASW,CE,Federal Contract Tower,8,20,18,15,61,0,0,0,0,0,8,20,18,15,61,27,28,55,116
04/03/2015,AEX,LA,ASW,CE,Federal Contract Tower,3,23,11,6,43,0,0,0,0,0,3,23,11,6,43,13,0,13,56
04/04/2015,AEX,LA,ASW,CE,Federal Contract Tower,1,23,11,4,39,0,0,0,0,0,1,23,11,4,39,20,13,33,72
04/05/2015,AEX,LA,ASW,CE,Federal Contract Tower,2,20,0,0,22,0,0,0,0,0,2,20,0,0,22,4,0,4,26
04/06/2015,AEX,LA,ASW,CE,Federal Contract Tower,4,21,11,7,43,0,0,0,0,0,4,21,11,7,43,6,25,31,74
04/07/2015,AEX,LA,ASW,CE,Federal Contract Tower,4,19,11,26,60,0,0,0,0,0,4,19,11,26,60,26,51,77,137
04/08/2015,AEX,LA,ASW,CE,Federal Contract Tower,4,19,13,11,47,0,0,0,0,0,4,19,13,11,47,52,47,99,146
04/09/2015,AEX,LA,ASW,CE,Federal Contract Tower,6,20,17,25,68,0,0,0,0,0,6,20,17,25,68,33,53,86,154
04/10/2015,AEX,LA,ASW,CE,Federal Contract Tower,4,22,15,12,53,0,0,0,0,0,4,22,15,12,53,0,66,66,119
04/11/2015,AEX,LA,ASW,CE,Federal Contract Tower,2,18,8,6,34,0,0,0,0,0,2,18,8,6,34,13,183,196,230
04/12/2015,AEX,LA,ASW,CE,Federal Contract Tower,2,20,8,1,31,0,0,0,0,0,2,20,8,1,31,0,53,53,84
04/13/2015,AEX,LA,ASW,CE,Federal Contract Tower,2,22,6,27,57,0,0,0,0,0,2,22,6,27,57,20,95,115,172
04/14/2015,AEX,LA,ASW,CE,Federal Contract Tower,2,20,13,4,39,0,0,0,0,0,2,20,13,4,39,6,51,57,96
04/15/2015,AEX,LA,ASW,CE,Federal Contract Tower,2,25,19,23,69,0,0,0,0,0,2,25,19,23,69,8,89,97,166
04/16/2015,AEX,LA,ASW,CE,Federal Contract Tower,10,17,5,26,58,0,0,0,0,0,10,17,5,26,58,10,23,33,91
04/17/2015,AEX,LA,ASW,CE,Federal Contract Tower,4,17,10,31,62,0,0,0,0,0,4,17,10,31,62,12,64,76,138
04/18/2015,AEX,LA,ASW,CE,Federal Contract Tower,2,17,12,12,43,0,0,0,0,0,2,17,12,12,43,6,47,53,96
04/19/2015,AEX,LA,ASW,CE,Federal Contract Tower,0,17,7,16,40,0,0,0,0,0,0,17,7,16,40,18,87,105,145
04/20/2015,AEX,LA,ASW,CE,Federal Contract Tower,4,20,10,24,58,0,0,0,0,0,4,20,10,24,58,22,66,88,146
04/21/2015,AEX,LA,ASW,CE,Federal Contract Tower,5,18,3,17,43,0,0,0,0,0,5,18,3,17,43,9,49,58,101
04/22/2015,AEX,LA,ASW,CE,Federal Contract Tower,2,21,19,23,65,0,0,0,0,0,2,21,19,23,65,13,25,38,103
04/23/2015,AEX,LA,ASW,CE,Federal Contract Tower,5,20,18,26,69,0,0,0,0,0,5,20,18,26,69,13,39,52,121
04/24/2015,AEX,LA,ASW,CE,Federal Contract Tower,6,24,19,28,77,0,0,0,0,0,6,24,19,28,77,13,3,16,93
04/25/2015,AEX,LA,ASW,CE,Federal Contract Tower,3,22,0,0,25,0,0,0,0,0,3,22,0,0,25,12,5,17,42
04/26/2015,AEX,LA,ASW,CE,Federal Contract Tower,1,27,6,2,36,0,0,0,0,0,1,27,6,2,36,18,0,18,54
04/27/2015,AEX,LA,ASW,CE,Federal Contract Tower,4,23,3,1,31,0,0,0,0,0,4,23,3,1,31,13,1,14,45
04/28/2015,AEX,LA,ASW,CE,Federal Contract Tower,12,19,12,12,55,0,0,0,0,0,12,19,12,12,55,27,5,32,87
04/29/2015,AEX,LA,ASW,CE,Federal Contract Tower,6,20,15,15,56,0,0,0,0,0,6,20,15,15,56,28,24,52,108
04/30/2015,AEX,LA,ASW,CE,Federal Contract Tower,6,20,19,20,65,0,0,0,0,0,6,20,19,20,65,33,27,60,125
05/01/2015,AEX,LA,ASW,CE,Federal Contract Tower,8,20,7,33,68,0,0,0,0,0,8,20,7,33,68,60,7,67,135
05/02/2015,AEX,LA,ASW,CE,Federal Contract Tower,2,16,7,9,34,0,0,0,0,0,2,16,7,9,34,70,20,90,124
05/03/2015,AEX,LA,ASW,CE,Federal Contract Tower,2,21,5,14,42,0,0,0,0,0,2,21,5,14,42,8,8,16,58
05/04/2015,AEX,LA,ASW,CE,Federal Contract Tower,4,22,10,2,38,0,0,0,0,0,4,22,10,2,38,23,16,39,77
05/05/2015,AEX,LA,ASW,CE,Federal Contract Tower,7,20,25,4,56,0,0,0,0,0,7,20,25,4,56,21,18,39,95
05/06/2015,AEX,LA,ASW,CE,Federal Contract Tower,12,22,8,26,68,0,0,0,0,0,12,22,8,26,68,27,13,40,108
05/07/2015,AEX,LA,ASW,CE,Federal Contract Tower,12,20,9,10,51,0,0,0,0,0,12,20,9,10,51,12,26,38,89
05/08/2015,AEX,LA,ASW,CE,Federal Contract Tower,10,20,12,27,69,0,0,0,0,0,10,20,12,27,69,9,46,55,124
05/09/2015,AEX,LA,ASW,CE,Federal Contract Tower,4,18,8,8,38,0,0,0,0,0,4,18,8,8,38,15,61,76,114
05/10/2015,AEX,LA,ASW,CE,Federal Contract Tower,2,12,7,14,35,0,0,0,0,0,2,12,7,14,35,33,33,66,101
05/11/2015,AEX,LA,ASW,CE,Federal Contract Tower,2,15,2,4,23,0,0,0,0,0,2,15,2,4,23,5,20,25,48
05/12/2015,AEX,LA,ASW,CE,Federal Contract Tower,8,22,9,6,45,0,0,0,0,0,8,22,9,6,45,18,19,37,82
05/13/2015,AEX,LA,ASW,CE,Federal Contract Tower,4,20,10,20,54,0,0,0,0,0,4,20,10,20,54,5,58,63,117
05/14/2015,AEX,LA,ASW,CE,Federal Contract Tower,6,20,11,22,59,0,0,0,0,0,6,20,11,22,59,50,19,69,128
05/15/2015,AEX,LA,ASW,CE,Federal Contract Tower,5,20,7,40,72,0,0,0,0,0,5,20,7,40,72,12,118,130,202
05/16/2015,AEX,LA,ASW,CE,Federal Contract Tower,1,14,4,16,35,0,0,0,0,0,1,14,4,16,35,7,111,118,153
05/17/2015,AEX,LA,ASW,CE,Federal Contract Tower,1,21,9,23,54,0,0,0,0,0,1,21,9,23,54,10,56,66,120
05/18/2015,AEX,LA,ASW,CE,Federal Contract Tower,2,19,10,21,52,0,0,0,0,0,2,19,10,21,52,0,40,40,92
05/19/2015,AEX,LA,ASW,CE,Federal Contract Tower,3,21,22,30,76,0,0,0,0,0,3,21,22,30,76,50,51,101,177
05/20/2015,AEX,LA,ASW,CE,Federal Contract Tower,5,21,8,20,54,0,0,0,0,0,5,21,8,20,54,45,27,72,126
05/21/2015,AEX,LA,ASW,CE,Federal Contract Tower,7,18,6,4,35,0,0,0,0,0,7,18,6,4,35,9,13,22,57
05/22/2015,AEX,LA,ASW,CE,Federal Contract Tower,6,22,12,5,45,0,0,0,0,0,6,22,12,5,45,25,14,39,84
05/23/2015,AEX,LA,ASW,CE,Federal Contract Tower,1,13,7,0,21,0,0,0,0,0,1,13,7,0,21,34,0,34,55
05/24/2015,AEX,LA,ASW,CE,Federal Contract Tower,0,17,5,0,22,0,0,0,0,0,0,17,5,0,22,9,6,15,37
05/25/2015,AEX,LA,ASW,CE,Federal Contract Tower,1,17,8,0,26,0,0,0,0,0,1,17,8,0,26,19,4,23,49
05/26/2015,AEX,LA,ASW,CE,Federal Contract Tower,5,18,8,5,36,0,0,0,0,0,5,18,8,5,36,12,12,24,60
05/27/2015,AEX,LA,ASW,CE,Federal Contract Tower,6,23,5,1,35,0,0,0,0,0,6,23,5,1,35,13,10,23,58
05/28/2015,AEX,LA,ASW,CE,Federal Contract Tower,10,20,9,1,40,0,0,0,0,0,10,20,9,1,40,47,21,68,108
05/29/2015,AEX,LA,ASW,CE,Federal Contract Tower,16,20,9,12,57,0,0,0,0,0,16,20,9,12,57,15,15,30,87
05/30/2015,AEX,LA,ASW,CE,Federal Contract Tower,2,19,8,0,29,0,0,0,0,0,2,19,8,0,29,6,0,6,35
05/31/2015,AEX,LA,ASW,CE,Federal Contract Tower,4,18,7,6,35,0,0,0,0,0,4,18,7,6,35,11,4,15,50
06/01/2015,AEX,LA,ASW,CE,Federal Contract Tower,11,19,12,11,53,0,0,0,0,0,11,19,12,11,53,29,6,35,88
06/02/2015,AEX,LA,ASW,CE,Federal Contract Tower,6,19,11,7,43,0,0,0,0,0,6,19,11,7,43,20,21,41,84
06/03/2015,AEX,LA,ASW,CE,Federal Contract Tower,11,21,10,20,62,0,0,0,0,0,11,21,10,20,62,38,28,66,128
06/04/2015,AEX,LA,ASW,CE,Federal Contract Tower,7,19,8,8,42,0,0,0,0,0,7,19,8,8,42,67,39,106,148
06/05/2015,AEX,LA,ASW,CE,Federal Contract Tower,6,23,10,7,46,0,0,0,0,0,6,23,10,7,46,12,19,31,77
06/06/2015,AEX,LA,ASW,CE,Federal Contract Tower,0,19,8,43,70,0,0,0,0,0,0,19,8,43,70,37,48,85,155
06/07/2015,AEX,LA,ASW,CE,Federal Contract Tower,4,20,4,17,45,0,0,0,0,0,4,20,4,17,45,31,25,56,101
06/08/2015,AEX,LA,ASW,CE,Federal Contract Tower,6,20,6,10,42,0,0,0,0,0,6,20,6,10,42,24,36,60,102
06/09/2015,AEX,LA,ASW,CE,Federal Contract Tower,1,22,5,8,36,0,0,0,0,0,1,22,5,8,36,25,24,49,85
06/10/2015,AEX,LA,ASW,CE,Federal Contract Tower,2,21,12,12,47,0,0,0,0,0,2,21,12,12,47,17,19,36,83
06/11/2015,AEX,LA,ASW,CE,Federal Contract Tower,6,20,8,17,51,0,0,0,0,0,6,20,8,17,51,19,40,59,110
06/12/2015,AEX,LA,ASW,CE,Federal Contract Tower,7,22,8,9,46,0,0,0,0,0,7,22,8,9,46,19,7,26,72
06/13/2015,AEX,LA,ASW,CE,Federal Contract Tower,0,16,0,0,16,0,0,0,0,0,0,16,0,0,16,10,0,10,26
06/14/2015,AEX,LA,ASW,CE,Federal Contract Tower,1,21,9,4,35,0,0,0,0,0,1,21,9,4,35,28,11,39,74
06/15/2015,AEX,LA,ASW,CE,Federal Contract Tower,4,20,8,1,33,0,0,0,0,0,4,20,8,1,33,33,24,57,90
06/16/2015,AEX,LA,ASW,CE,Federal Contract Tower,3,18,9,8,38,0,0,0,0,0,3,18,9,8,38,20,17,37,75
06/17/2015,AEX,LA,ASW,CE,Federal Contract Tower,3,14,20,4,41,0,0,0,0,0,3,14,20,4,41,9,24,33,74
06/18/2015,AEX,LA,ASW,CE,Federal Contract Tower,5,26,8,5,44,0,0,0,0,0,5,26,8,5,44,32,4,36,80
06/19/2015,AEX,LA,ASW,CE,Federal Contract Tower,8,26,15,37,86,0,0,0,0,0,8,26,15,37,86,35,48,83,169
06/20/2015,AEX,LA,ASW,CE,Federal Contract Tower,0,18,11,6,35,0,0,0,0,0,0,18,11,6,35,19,2,21,56
06/21/2015,AEX,LA,ASW,CE,Federal Contract Tower,1,21,7,5,34,0,0,0,0,0,1,21,7,5,34,11,7,18,52
06/22/2015,AEX,LA,ASW,CE,Federal Contract Tower,5,20,5,16,46,0,0,0,0,0,5,20,5,16,46,42,5,47,93
06/23/2015,AEX,LA,ASW,CE,Federal Contract Tower,1,24,9,8,42,0,0,0,0,0,1,24,9,8,42,28,10,38,80
06/24/2015,AEX,LA,ASW,CE,Federal Contract Tower,4,16,11,6,37,0,0,0,0,0,4,16,11,6,37,23,2,25,62
06/25/2015,AEX,LA,ASW,CE,Federal Contract Tower,4,22,11,3,40,0,0,0,0,0,4,22,11,3,40,28,3,31,71
06/26/2015,AEX,LA,ASW,CE,Federal Contract Tower,8,19,22,8,57,0,0,0,0,0,8,19,22,8,57,11,16,27,84
06/27/2015,AEX,LA,ASW,CE,Federal Contract Tower,2,17,6,2,27,0,0,0,0,0,2,17,6,2,27,13,8,21,48
06/30/2015,AEX,LA,ASW,CE,Federal Contract Tower,4,20,11,6,41,0,0,0,0,0,4,20,11,6,41,25,13,38,79
08/01/2015,AEX,LA,ASW,CE,Federal Contract Tower,1,18,10,4,33,0,0,0,0,0,1,18,10,4,33,25,7,32,65
08/02/2015,AEX,LA,ASW,CE,Federal Contract Tower,1,20,10,3,34,0,0,0,0,0,1,20,10,3,34,17,3,20,54
08/03/2015,AEX,LA,ASW,CE,Federal Contract Tower,4,19,6,7,36,0,0,0,0,0,4,19,6,7,36,29,19,48,84
08/04/2015,AEX,LA,ASW,CE,Federal Contract Tower,4,21,5,10,40,0,0,0,0,0,4,21,5,10,40,26,20,46,86
08/05/2015,AEX,LA,ASW,CE,Federal Contract Tower,4,20,16,10,50,0,0,0,0,0,4,20,16,10,50,17,20,37,87
08/06/2015,AEX,LA,ASW,CE,Federal Contract Tower,5,25,8,18,56,0,0,0,0,0,5,25,8,18,56,41,13,54,110
08/07/2015,AEX,LA,ASW,CE,Federal Contract Tower,9,21,6,13,49,0,0,0,0,0,9,21,6,13,49,16,24,40,89
08/08/2015,AEX,LA,ASW,CE,Federal Contract Tower,2,20,6,22,50,0,0,0,0,0,2,20,6,22,50,15,7,22,72
08/09/2015,AEX,LA,ASW,CE,Federal Contract Tower,2,21,10,3,36,0,0,0,0,0,2,21,10,3,36,29,1,30,66
08/10/2015,AEX,LA,ASW,CE,Federal Contract Tower,2,24,5,18,49,0,0,0,0,0,2,24,5,18,49,12,17,29,78
08/11/2015,AEX,LA,ASW,CE,Federal Contract Tower,1,21,10,6,38,0,0,0,0,0,1,21,10,6,38,14,16,30,68
08/12/2015,AEX,LA,ASW,CE,Federal Contract Tower,6,22,14,6,48,0,0,0,0,0,6,22,14,6,48,23,7,30,78
08/13/2015,AEX,LA,ASW,CE,Federal Contract Tower,4,20,5,6,35,0,0,0,0,0,4,20,5,6,35,22,28,50,85
08/14/2015,AEX,LA,ASW,CE,Federal Contract Tower,28,20,14,15,77,0,0,0,0,0,28,20,14,15,77,33,5,38,115
08/15/2015,AEX,LA,ASW,CE,Federal Contract Tower,16,20,5,0,41,0,0,0,0,0,16,20,5,0,41,35,10,45,86
08/16/2015,AEX,LA,ASW,CE,Federal Contract Tower,0,19,8,7,34,0,0,0,0,0,0,19,8,7,34,12,9,21,55
08/17/2015,AEX,LA,ASW,CE,Federal Contract Tower,7,20,7,1,35,0,0,0,0,0,7,20,7,1,35,22,0,22,57
08/18/2015,AEX,LA,ASW,CE,Federal Contract Tower,4,17,6,4,31,0,0,0,0,0,4,17,6,4,31,25,9,34,65
08/19/2015,AEX,LA,ASW,CE,Federal Contract Tower,4,21,10,10,45,0,0,0,0,0,4,21,10,10,45,4,8,12,57
08/20/2015,AEX,LA,ASW,CE,Federal Contract Tower,5,20,12,6,43,0,0,0,0,0,5,20,12,6,43,32,14,46,89
08/21/2015,AEX,LA,ASW,CE,Federal Contract Tower,5,24,6,15,50,0,0,0,0,0,5,24,6,15,50,12,49,61,111
08/22/2015,AEX,LA,ASW,CE,Federal Contract Tower,0,14,7,10,31,0,0,0,0,0,0,14,7,10,31,6,86,92,123
08/23/2015,AEX,LA,ASW,CE,Federal Contract Tower,0,29,0,7,36,0,0,0,0,0,0,29,0,7,36,26,32,58,94
08/24/2015,AEX,LA,ASW,CE,Federal Contract Tower,4,20,7,7,38,0,0,0,0,0,4,20,7,7,38,26,54,80,118
08/25/2015,AEX,LA,ASW,CE,Federal Contract Tower,5,24,8,7,44,0,0,0,0,0,5,24,8,7,44,9,36,45,89
08/26/2015,AEX,LA,ASW,CE,Federal Contract Tower,5,18,14,11,48,0,0,0,0,0,5,18,14,11,48,34,85,119,167
08/27/2015,AEX,LA,ASW,CE,Federal Contract Tower,9,20,13,0,42,0,0,0,0,0,9,20,13,0,42,31,148,179,221
08/28/2015,AEX,LA,ASW,CE,Federal Contract Tower,8,17,6,22,53,0,0,0,0,0,8,17,6,22,53,28,95,123,176
08/29/2015,AEX,LA,ASW,CE,Federal Contract Tower,1,13,6,2,22,0,0,0,0,0,1,13,6,2,22,39,25,64,86
08/30/2015,AEX,LA,ASW,CE,Federal Contract Tower,4,18,8,14,44,0,0,0,0,0,4,18,8,14,44,24,32,56,100
08/31/2015,AEX,LA,ASW,CE,Federal Contract Tower,7,20,8,8,43,0,0,0,0,0,7,20,8,8,43,26,19,45,88
09/01/2015,AEX,LA,ASW,CE,Federal Contract Tower,3,22,13,10,48,0,0,0,0,0,3,22,13,10,48,12,9,21,69
09/02/2015,AEX,LA,ASW,CE,Federal Contract Tower,4,23,13,16,56,0,0,0,0,0,4,23,13,16,56,13,13,26,82
09/03/2015,AEX,LA,ASW,CE,Federal Contract Tower,7,23,18,7,55,0,0,0,0,0,7,23,18,7,55,10,7,17,72
09/04/2015,AEX,LA,ASW,CE,Federal Contract Tower,12,25,23,7,67,0,0,0,0,0,12,25,23,7,67,23,0,23,90
09/05/2015,AEX,LA,ASW,CE,Federal Contract Tower,0,14,31,6,51,0,0,0,0,0,0,14,31,6,51,10,0,10,61
09/06/2015,AEX,LA,ASW,CE,Federal Contract Tower,0,21,19,2,42,0,0,0,0,0,0,21,19,2,42,0,0,0,42
09/07/2015,AEX,LA,ASW,CE,Federal Contract Tower,1,17,26,1,45,0,0,0,0,0,1,17,26,1,45,26,0,26,71
09/08/2015,AEX,LA,ASW,CE,Federal Contract Tower,3,17,26,11,57,0,0,0,0,0,3,17,26,11,57,13,11,24,81
09/09/2015,AEX,LA,ASW,CE,Federal Contract Tower,3,22,20,10,55,0,0,0,0,0,3,22,20,10,55,15,9,24,79
09/10/2015,AEX,LA,ASW,CE,Federal Contract Tower,0,22,17,9,48,0,0,0,0,0,0,22,17,9,48,16,8,24,72
09/11/2015,AEX,LA,ASW,CE,Federal Contract Tower,0,21,20,10,51,0,0,0,0,0,0,21,20,10,51,10,0,10,61
09/12/2015,AEX,LA,ASW,CE,Federal Contract Tower,0,14,7,30,51,0,0,0,0,0,0,14,7,30,51,10,11,21,72
09/13/2015,AEX,LA,ASW,CE,Federal Contract Tower,1,20,22,4,47,0,0,0,0,0,1,20,22,4,47,20,0,20,67
09/14/2015,AEX,LA,ASW,CE,Federal Contract Tower,1,22,11,20,54,0,0,0,0,0,1,22,11,20,54,14,14,28,82
09/15/2015,AEX,LA,ASW,CE,Federal Contract Tower,0,22,9,7,38,0,0,0,0,0,0,22,9,7,38,10,6,16,54
09/16/2015,AEX,LA,ASW,CE,Federal Contract Tower,5,24,20,8,57,0,0,0,0,0,5,24,20,8,57,19,0,19,76
09/17/2015,AEX,LA,ASW,CE,Federal Contract Tower,4,24,9,6,43,0,0,0,0,0,4,24,9,6,43,20,6,26,69
09/18/2015,AEX,LA,ASW,CE,Federal Contract Tower,5,25,14,8,52,0,0,0,0,0,5,25,14,8,52,30,8,38,90
09/19/2015,AEX,LA,ASW,CE,Federal Contract Tower,2,14,10,3,29,0,0,0,0,0,2,14,10,3,29,30,10,40,69
09/20/2015,AEX,LA,ASW,CE,Federal Contract Tower,6,25,10,5,46,0,0,0,0,0,6,25,10,5,46,23,18,41,87
09/21/2015,AEX,LA,ASW,CE,Federal Contract Tower,0,24,15,15,54,0,0,0,0,0,0,24,15,15,54,25,30,55,109
09/23/2015,AEX,LA,ASW,CE,Federal Contract Tower,11,19,13,21,64,0,0,0,0,0,11,19,13,21,64,26,31,57,121
09/24/2015,AEX,LA,ASW,CE,Federal Contract Tower,12,21,11,16,60,0,0,0,0,0,12,21,11,16,60,30,32,62,122
09/25/2015,AEX,LA,ASW,CE,Federal Contract Tower,7,24,11,35,77,0,0,0,0,0,7,24,11,35,77,30,62,92,169
09/26/2015,AEX,LA,ASW,CE,Federal Contract Tower,3,15,3,4,25,0,0,0,0,0,3,15,3,4,25,30,23,53,78
09/27/2015,AEX,LA,ASW,CE,Federal Contract Tower,1,21,19,13,54,0,0,0,0,0,1,21,19,13,54,13,19,32,86
09/28/2015,AEX,LA,ASW,CE,Federal Contract Tower,9,20,8,6,43,0,0,0,0,0,9,20,8,6,43,7,44,51,94
09/29/2015,AEX,LA,ASW,CE,Federal Contract Tower,3,22,9,2,36,0,0,0,0,0,3,22,9,2,36,12,29,41,77
09/30/2015,AEX,LA,ASW,CE,Federal Contract Tower,4,20,11,6,41,0,0,0,0,0,4,20,11,6,41,15,15,30,71
10/01/2015,AEX,LA,ASW,CE,Federal Contract Tower,10,20,22,38,90,0,0,0,0,0,10,20,22,38,90,37,92,129,219
10/02/2015,AEX,LA,ASW,CE,Federal Contract Tower,10,20,9,27,66,0,0,0,0,0,10,20,9,27,66,29,210,239,305
10/03/2015,AEX,LA,ASW,CE,Federal Contract Tower,0,14,11,20,45,0,0,0,0,0,0,14,11,20,45,26,105,131,176
10/04/2015,AEX,LA,ASW,CE,Federal Contract Tower,0,22,17,10,49,0,0,0,0,0,0,22,17,10,49,2,46,48,97
10/05/2015,AEX,LA,ASW,CE,Federal Contract Tower,6,20,5,9,40,0,0,0,0,0,6,20,5,9,40,25,14,39,79
10/06/2015,AEX,LA,ASW,CE,Federal Contract Tower,2,20,10,6,38,0,0,0,0,0,2,20,10,6,38,15,11,26,64
10/07/2015,AEX,LA,ASW,CE,Federal Contract Tower,4,19,19,12,54,0,0,0,0,0,4,19,19,12,54,28,37,65,119
10/08/2015,AEX,LA,ASW,CE,Federal Contract Tower,2,20,7,13,42,0,0,0,0,0,2,20,7,13,42,14,10,24,66
10/09/2015,AEX,LA,ASW,CE,Federal Contract Tower,5,29,10,15,59,0,0,0,0,0,5,29,10,15,59,35,16,51,110
10/10/2015,AEX,LA,ASW,CE,Federal Contract Tower,0,13,8,10,31,0,0,0,0,0,0,13,8,10,31,31,5,36,67
10/11/2015,AEX,LA,ASW,CE,Federal Contract Tower,1,20,8,2,31,0,0,0,0,0,1,20,8,2,31,28,0,28,59
10/12/2015,AEX,LA,ASW,CE,Federal Contract Tower,0,20,7,8,35,0,0,0,0,0,0,20,7,8,35,18,17,35,70
10/13/2015,AEX,LA,ASW,CE,Federal Contract Tower,4,18,4,8,34,0,0,0,0,0,4,18,4,8,34,50,7,57,91
10/14/2015,AEX,LA,ASW,CE,Federal Contract Tower,4,20,12,8,44,0,0,0,0,0,4,20,12,8,44,50,7,57,101
10/15/2015,AEX,LA,ASW,CE,Federal Contract Tower,4,20,19,21,64,0,0,0,0,0,4,20,19,21,64,22,4,26,90
10/16/2015,AEX,LA,ASW,CE,Federal Contract Tower,4,24,23,6,57,0,0,0,0,0,4,24,23,6,57,27,8,35,92
10/17/2015,AEX,LA,ASW,CE,Federal Contract Tower,2,12,7,0,21,0,0,0,0,0,2,12,7,0,21,58,18,76,97
10/18/2015,AEX,LA,ASW,CE,Federal Contract Tower,1,20,10,26,57,0,0,0,0,0,1,20,10,26,57,22,0,22,79
10/19/2015,AEX,LA,ASW,CE,Federal Contract Tower,7,19,7,19,52,0,0,0,0,0,7,19,7,19,52,10,20,30,82
10/20/2015,AEX,LA,ASW,CE,Federal Contract Tower,5,18,11,16,50,0,0,0,0,0,5,18,11,16,50,20,28,48,98
10/21/2015,AEX,LA,ASW,CE,Federal Contract Tower,5,20,20,29,74,0,0,0,0,0,5,20,20,29,74,16,22,38,112
10/22/2015,AEX,LA,ASW,CE,Federal Contract Tower,5,18,6,16,45,0,0,0,0,0,5,18,6,16,45,15,81,96,141
10/23/2015,AEX,LA,ASW,CE,Federal Contract Tower,7,16,11,12,46,0,0,0,0,0,7,16,11,12,46,14,14,28,74
10/24/2015,AEX,LA,ASW,CE,Federal Contract Tower,3,11,5,0,19,0,0,0,0,0,3,11,5,0,19,4,4,8,27
10/25/2015,AEX,LA,ASW,CE,Federal Contract Tower,2,22,1,0,25,0,0,0,0,0,2,22,1,0,25,0,0,0,25
10/26/2015,AEX,LA,ASW,CE,Federal Contract Tower,9,21,5,0,35,0,0,0,0,0,9,21,5,0,35,0,0,0,35
10/27/2015,AEX,LA,ASW,CE,Federal Contract Tower,0,17,19,11,47,0,0,0,0,0,0,17,19,11,47,8,24,32,79
10/28/2015,AEX,LA,ASW,CE,Federal Contract Tower,7,21,21,27,76,0,0,0,0,0,7,21,21,27,76,39,94,133,209
10/29/2015,AEX,LA,ASW,CE,Federal Contract Tower,8,20,19,8,55,0,0,0,0,0,8,20,19,8,55,22,89,111,166
10/30/2015,AEX,LA,ASW,CE,Federal Contract Tower,7,16,3,19,45,0,0,0,0,0,7,16,3,19,45,10,4,14,59
11/02/2015,AEX,LA,ASW,CE,Federal Contract Tower,2,20,15,35,72,0,0,0,0,0,2,20,15,35,72,3,7,10,82
11/03/2015,AEX,LA,ASW,CE,Federal Contract Tower,7,19,22,31,79,0,0,0,0,0,7,19,22,31,79,2,143,145,224
11/04/2015,AEX,LA,ASW,CE,Federal Contract Tower,1,23,36,41,101,0,0,0,0,0,1,23,36,41,101,28,75,103,204
11/05/2015,AEX,LA,ASW,CE,Federal Contract Tower,7,19,24,9,59,0,0,0,0,0,7,19,24,9,59,38,85,123,182
11/06/2015,AEX,LA,ASW,CE,Federal Contract Tower,7,19,6,22,54,0,0,0,0,0,7,19,6,22,54,22,77,99,153
11/07/2015,AEX,LA,ASW,CE,Federal Contract Tower,1,12,3,20,36,0,0,0,0,0,1,12,3,20,36,0,3,3,39
11/08/2015,AEX,LA,ASW,CE,Federal Contract Tower,1,22,10,7,40,0,0,0,0,0,1,22,10,7,40,22,21,43,83
11/09/2015,AEX,LA,ASW,CE,Federal Contract Tower,5,22,8,5,40,0,0,0,0,0,5,22,8,5,40,32,19,51,91
11/10/2015,AEX,LA,ASW,CE,Federal Contract Tower,4,19,17,21,61,0,0,0,0,0,4,19,17,21,61,32,25,57,118
11/11/2015,AEX,LA,ASW,CE,Federal Contract Tower,1,22,26,2,51,0,0,0,0,0,1,22,26,2,51,10,4,14,65
11/12/2015,AEX,LA,ASW,CE,Federal Contract Tower,5,21,13,7,46,0,0,0,0,0,5,21,13,7,46,34,23,57,103
11/13/2015,AEX,LA,ASW,CE,Federal Contract Tower,6,23,13,5,47,0,0,0,0,0,6,23,13,5,47,30,12,42,89
11/14/2015,AEX,LA,ASW,CE,Federal Contract Tower,0,12,5,10,27,0,0,0,0,0,0,12,5,10,27,23,18,41,68
11/15/2015,AEX,LA,ASW,CE,Federal Contract Tower,3,20,12,1,36,0,0,0,0,0,3,20,12,1,36,31,3,34,70
11/16/2015,AEX,LA,ASW,CE,Federal Contract Tower,5,20,6,4,35,0,0,0,0,0,5,20,6,4,35,5,2,7,42
11/17/2015,AEX,LA,ASW,CE,Federal Contract Tower,6,17,2,0,25,0,0,0,0,0,6,17,2,0,25,0,0,0,25
11/18/2015,AEX,LA,ASW,CE,Federal Contract Tower,4,18,15,40,77,0,0,0,0,0,4,18,15,40,77,16,24,40,117
11/19/2015,AEX,LA,ASW,CE,Federal Contract Tower,5,26,7,1,39,0,0,0,0,0,5,26,7,1,39,29,4,33,72
11/20/2015,AEX,LA,ASW,CE,Federal Contract Tower,6,21,15,28,70,0,0,0,0,0,6,21,15,28,70,38,18,56,126
11/21/2015,AEX,LA,ASW,CE,Federal Contract Tower,0,12,9,12,33,0,0,0,0,0,0,12,9,12,33,14,20,34,67
11/22/2015,AEX,LA,ASW,CE,Federal Contract Tower,1,16,11,2,30,0,0,0,0,0,1,16,11,2,30,26,0,26,56
11/23/2015,AEX,LA,ASW,CE,Federal Contract Tower,4,16,14,14,48,0,0,0,0,0,4,16,14,14,48,35,18,53,101
11/24/2015,AEX,LA,ASW,CE,Federal Contract Tower,3,16,7,7,33,0,0,0,0,0,3,16,7,7,33,19,49,68,101
11/25/2015,AEX,LA,ASW,CE,Federal Contract Tower,4,27,14,7,52,0,0,0,0,0,4,27,14,7,52,29,2,31,83
11/26/2015,AEX,LA,ASW,CE,Federal Contract Tower,1,16,3,0,20,0,0,0,0,0,1,16,3,0,20,0,0,0,20
11/28/2015,AEX,LA,ASW,CE,Federal Contract Tower,2,25,14,0,41,0,0,0,0,0,2,25,14,0,41,21,0,21,62
11/29/2015,AEX,LA,ASW,CE,Federal Contract Tower,5,26,16,0,47,0,0,0,0,0,5,26,16,0,47,0,0,0,47
11/30/2015,AEX,LA,ASW,CE,Federal Contract Tower,4,21,28,2,55,0,0,0,0,0,4,21,28,2,55,11,0,11,66
12/01/2015,AEX,LA,ASW,CE,Federal Contract Tower,6,18,24,4,52,0,0,0,0,0,6,18,24,4,52,0,0,0,52
12/02/2015,AEX,LA,ASW,CE,Federal Contract Tower,3,24,15,17,59,0,0,0,0,0,3,24,15,17,59,25,20,45,104
12/03/2015,AEX,LA,ASW,CE,Federal Contract Tower,7,27,20,18,72,0,0,0,0,0,7,27,20,18,72,35,12,47,119
12/04/2015,AEX,LA,ASW,CE,Federal Contract Tower,6,22,7,3,38,0,0,0,0,0,6,22,7,3,38,54,2,56,94
12/05/2015,AEX,LA,ASW,CE,Federal Contract Tower,0,12,10,18,40,0,0,0,0,0,0,12,10,18,40,44,8,52,92
12/06/2015,AEX,LA,ASW,CE,Federal Contract Tower,0,20,9,0,29,0,0,0,0,0,0,20,9,0,29,18,2,20,49
12/07/2015,AEX,LA,ASW,CE,Federal Contract Tower,4,20,20,17,61,0,0,0,0,0,4,20,20,17,61,24,3,27,88
12/08/2015,AEX,LA,ASW,CE,Federal Contract Tower,2,19,17,5,43,0,0,0,0,0,2,19,17,5,43,77,9,86,129
12/09/2015,AEX,LA,ASW,CE,Federal Contract Tower,4,19,23,16,62,0,0,0,0,0,4,19,23,16,62,9,4,13,75
12/10/2015,AEX,LA,ASW,CE,Federal Contract Tower,6,25,16,3,50,0,0,0,0,0,6,25,16,3,50,6,1,7,57
12/11/2015,AEX,LA,ASW,CE,Federal Contract Tower,6,20,31,8,65,0,0,0,0,0,6,20,31,8,65,36,6,42,107
12/12/2015,AEX,LA,ASW,CE,Federal Contract Tower,1,11,11,0,23,0,0,0,0,0,1,11,11,0,23,11,0,11,34
12/14/2015,AEX,LA,ASW,CE,Federal Contract Tower,3,20,10,4,37,0,0,0,0,0,3,20,10,4,37,37,2,39,76
12/15/2015,AEX,LA,ASW,CE,Federal Contract Tower,3,19,14,0,36,0,0,0,0,0,3,19,14,0,36,55,7,62,98
12/16/2015,AEX,LA,ASW,CE,Federal Contract Tower,7,28,7,16,58,0,0,0,0,0,7,28,7,16,58,7,16,23,81
12/17/2015,AEX,LA,ASW,CE,Federal Contract Tower,6,24,27,22,79,0,0,0,0,0,6,24,27,22,79,42,8,50,129
12/18/2015,AEX,LA,ASW,CE,Federal Contract Tower,7,24,16,10,57,0,0,0,0,0,7,24,16,10,57,21,3,24,81
12/19/2015,AEX,LA,ASW,CE,Federal Contract Tower,0,21,15,0,36,0,0,0,0,0,0,21,15,0,36,60,0,60,96
12/20/2015,AEX,LA,ASW,CE,Federal Contract Tower,0,19,4,0,23,0,0,0,0,0,0,19,4,0,23,7,0,7,30
12/21/2015,AEX,LA,ASW,CE,Federal Contract Tower,6,21,5,0,32,0,0,0,0,0,6,21,5,0,32,6,0,6,38
12/22/2015,AEX,LA,ASW,CE,Federal Contract Tower,4,22,27,0,53,0,0,0,0,0,4,22,27,0,53,7,0,7,60
12/23/2015,AEX,LA,ASW,CE,Federal Contract Tower,6,20,5,0,31,0,0,0,0,0,6,20,5,0,31,7,0,7,38
12/24/2015,AEX,LA,ASW,CE,Federal Contract Tower,0,16,3,0,19,0,0,0,0,0,0,16,3,0,19,0,0,0,19
12/25/2015,AEX,LA,ASW,CE,Federal Contract Tower,0,16,2,0,18,0,0,0,0,0,0,16,2,0,18,2,0,2,20
12/26/2015,AEX,LA,ASW,CE,Federal Contract Tower,2,16,15,0,33,0,0,0,0,0,2,16,15,0,33,28,0,28,61
12/27/2015,AEX,LA,ASW,CE,Federal Contract Tower,2,14,8,0,24,0,0,0,0,0,2,14,8,0,24,14,0,14,38
12/28/2015,AEX,LA,ASW,CE,Federal Contract Tower,4,16,12,0,32,0,0,0,0,0,4,16,12,0,32,20,0,20,52
12/29/2015,AEX,LA,ASW,CE,Federal Contract Tower,4,22,16,2,44,0,0,0,0,0,4,22,16,2,44,31,0,31,75
12/30/2015,AEX,LA,ASW,CE,Federal Contract Tower,6,18,12,4,40,0,0,0,0,0,6,18,12,4,40,22,4,26,66
12/31/2015,AEX,LA,ASW,CE,Federal Contract Tower,0,17,5,0,22,0,0,0,0,0,0,17,5,0,22,14,0,14,36
01/01/2016,AEX,LA,ASW,CE,Federal Contract Tower,1,19,6,0,26,0,0,0,0,0,1,19,6,0,26,21,0,21,47
01/02/2016,AEX,LA,ASW,CE,Federal Contract Tower,0,19,22,0,41,0,0,0,0,0,0,19,22,0,41,34,0,34,75
01/03/2016,AEX,LA,ASW,CE,Federal Contract Tower,1,22,17,0,40,0,0,0,0,0,1,22,17,0,40,0,38,38,78
01/04/2016,AEX,LA,ASW,CE,Federal Contract Tower,4,20,13,3,40,0,0,0,0,0,4,20,13,3,40,49,0,49,89
01/05/2016,AEX,LA,ASW,CE,Federal Contract Tower,2,15,7,12,36,0,0,0,0,0,2,15,7,12,36,64,13,77,113
01/06/2016,AEX,LA,ASW,CE,Federal Contract Tower,4,17,16,21,58,0,0,0,0,0,4,17,16,21,58,12,17,29,87
01/07/2016,AEX,LA,ASW,CE,Federal Contract Tower,8,20,7,14,49,0,0,0,0,0,8,20,7,14,49,11,1,12,61
01/08/2016,AEX,LA,ASW,CE,Federal Contract Tower,7,21,19,14,61,0,0,0,0,0,7,21,19,14,61,2,2,4,65
01/09/2016,AEX,LA,ASW,CE,Federal Contract Tower,8,14,16,25,63,0,0,0,0,0,8,14,16,25,63,22,6,28,91
01/10/2016,AEX,LA,ASW,CE,Federal Contract Tower,2,20,14,11,47,0,0,0,0,0,2,20,14,11,47,23,5,28,75
01/11/2016,AEX,LA,ASW,CE,Federal Contract Tower,2,25,12,15,54,0,0,0,0,0,2,25,12,15,54,36,4,40,94
01/12/2016,AEX,LA,ASW,CE,Federal Contract Tower,2,18,9,9,38,0,0,0,0,0,2,18,9,9,38,41,9,50,88
01/13/2016,AEX,LA,ASW,CE,Federal Contract Tower,9,18,21,24,72,0,0,0,0,0,9,18,21,24,72,30,12,42,114
01/14/2016,AEX,LA,ASW,CE,Federal Contract Tower,7,22,20,8,57,0,0,0,0,0,7,22,20,8,57,35,10,45,102
01/15/2016,AEX,LA,ASW,CE,Federal Contract Tower,11,24,19,13,67,0,0,0,0,0,11,24,19,13,67,11,7,18,85
01/16/2016,AEX,LA,ASW,CE,Federal Contract Tower,1,9,9,12,31,0,0,0,0,0,1,9,9,12,31,42,15,57,88
01/17/2016,AEX,LA,ASW,CE,Federal Contract Tower,0,18,0,21,39,0,0,0,0,0,0,18,0,21,39,35,6,41,80
01/18/2016,AEX,LA,ASW,CE,Federal Contract Tower,3,18,9,3,33,0,0,0,0,0,3,18,9,3,33,35,10,45,78
01/19/2016,AEX,LA,ASW,CE,Federal Contract Tower,2,16,15,2,35,0,0,0,0,0,2,16,15,2,35,52,11,63,98
01/20/2016,AEX,LA,ASW,CE,Federal Contract Tower,2,18,17,11,48,0,0,0,0,0,2,18,17,11,48,27,7,34,82
01/21/2016,AEX,LA,ASW,CE,Federal Contract Tower,10,20,1,3,34,0,0,0,0,0,10,20,1,3,34,0,0,0,34
01/22/2016,AEX,LA,ASW,CE,Federal Contract Tower,4,22,19,4,49,0,0,0,0,0,4,22,19,4,49,28,0,28,77
01/23/2016,AEX,LA,ASW,CE,Federal Contract Tower,6,10,20,2,38,0,0,0,0,0,6,10,20,2,38,32,2,34,72
01/24/2016,AEX,LA,ASW,CE,Federal Contract Tower,6,17,23,6,52,0,0,0,0,0,6,17,23,6,52,36,14,50,102
01/25/2016,AEX,LA,ASW,CE,Federal Contract Tower,4,22,9,5,40,0,0,0,0,0,4,22,9,5,40,31,8,39,79
01/26/2016,AEX,LA,ASW,CE,Federal Contract Tower,3,16,13,6,38,0,0,0,0,0,3,16,13,6,38,21,0,21,59
01/27/2016,AEX,LA,ASW,CE,Federal Contract Tower,7,16,15,3,41,0,0,0,0,0,7,16,15,3,41,30,3,33,74
01/28/2016,AEX,LA,ASW,CE,Federal Contract Tower,5,19,11,6,41,0,0,0,0,0,5,19,11,6,41,58,4,62,103
01/29/2016,AEX,LA,ASW,CE,Federal Contract Tower,8,22,15,1,46,0,0,0,0,0,8,22,15,1,46,46,2,48,94
01/30/2016,AEX,LA,ASW,CE,Federal Contract Tower,1,10,4,11,26,0,0,0,0,0,1,10,4,11,26,42,0,42,68
01/31/2016,AEX,LA,ASW,CE,Federal Contract Tower,0,18,16,4,38,0,0,0,0,0,0,18,16,4,38,11,6,17,55
02/01/2016,AEX,LA,ASW,CE,Federal Contract Tower,2,24,12,1,39,0,0,0,0,0,2,24,12,1,39,25,4,29,68
02/02/2016,AEX,LA,ASW,CE,Federal Contract Tower,3,22,2,6,33,0,0,0,0,0,3,22,2,6,33,5,16,21,54
02/03/2016,AEX,LA,ASW,CE,Federal Contract Tower,13,18,15,4,50,0,0,0,0,0,13,18,15,4,50,29,10,39,89
02/04/2016,AEX,LA,ASW,CE,Federal Contract Tower,8,22,9,10,49,0,0,0,0,0,8,22,9,10,49,40,7,47,96
02/05/2016,AEX,LA,ASW,CE,Federal Contract Tower,13,22,16,6,57,0,0,0,0,0,13,22,16,6,57,80,8,88,145
02/06/2016,AEX,LA,ASW,CE,Federal Contract Tower,6,10,8,0,24,0,0,0,0,0,6,10,8,0,24,49,0,49,73
02/07/2016,AEX,LA,ASW,CE,Federal Contract Tower,8,16,6,3,33,0,0,0,0,0,8,16,6,3,33,26,0,26,59
02/08/2016,AEX,LA,ASW,CE,Federal Contract Tower,5,20,20,15,60,0,0,0,0,0,5,20,20,15,60,32,16,48,108
02/09/2016,AEX,LA,ASW,CE,Federal Contract Tower,6,16,8,20,50,0,0,0,0,0,6,16,8,20,50,29,36,65,115
02/10/2016,AEX,LA,ASW,CE,Federal Contract Tower,7,19,26,12,64,0,0,0,0,0,7,19,26,12,64,34,43,77,141
02/11/2016,AEX,LA,ASW,CE,Federal Contract Tower,6,23,18,27,74,0,0,0,0,0,6,23,18,27,74,57,67,124,198
02/12/2016,AEX,LA,ASW,CE,Federal Contract Tower,11,20,13,6,50,0,0,0,0,0,11,20,13,6,50,36,22,58,108
02/13/2016,AEX,LA,ASW,CE,Federal Contract Tower,2,15,10,7,34,0,0,0,0,0,2,15,10,7,34,25,59,84,118
02/14/2016,AEX,LA,ASW,CE,Federal Contract Tower,1,17,5,8,31,0,0,0,0,0,1,17,5,8,31,13,42,55,86
02/15/2016,AEX,LA,ASW,CE,Federal Contract Tower,0,21,7,2,30,0,0,0,0,0,0,21,7,2,30,4,8,12,42
02/16/2016,AEX,LA,ASW,CE,Federal Contract Tower,2,21,13,19,55,0,0,0,0,0,2,21,13,19,55,40,52,92,147
02/17/2016,AEX,LA,ASW,CE,Federal Contract Tower,4,20,11,28,63,0,0,0,0,0,4,20,11,28,63,35,75,110,173
02/18/2016,AEX,LA,ASW,CE,Federal Contract Tower,8,21,20,21,70,0,0,0,0,0,8,21,20,21,70,50,132,182,252
02/19/2016,AEX,LA,ASW,CE,Federal Contract Tower,7,20,14,14,55,0,0,0,0,0,7,20,14,14,55,56,125,181,236
02/20/2016,AEX,LA,ASW,CE,Federal Contract Tower,2,15,17,19,53,0,0,0,0,0,2,15,17,19,53,36,17,53,106
02/21/2016,AEX,LA,ASW,CE,Federal Contract Tower,0,18,23,17,58,0,0,0,0,0,0,18,23,17,58,8,12,20,78
02/22/2016,AEX,LA,ASW,CE,Federal Contract Tower,1,23,21,16,61,0,0,0,0,0,1,23,21,16,61,4,0,4,65
02/23/2016,AEX,LA,ASW,CE,Federal Contract Tower,4,18,8,2,32,0,0,0,0,0,4,18,8,2,32,6,2,8,40
02/24/2016,AEX,LA,ASW,CE,Federal Contract Tower,6,20,19,27,72,0,0,0,0,0,6,20,19,27,72,17,60,77,149
02/25/2016,AEX,LA,ASW,CE,Federal Contract Tower,5,20,21,8,54,0,0,0,0,0,5,20,21,8,54,39,7,46,100
02/26/2016,AEX,LA,ASW,CE,Federal Contract Tower,5,22,14,12,53,0,0,0,0,0,5,22,14,12,53,36,13,49,102
02/27/2016,AEX,LA,ASW,CE,Federal Contract Tower,2,19,12,0,33,0,0,0,0,0,2,19,12,0,33,60,5,65,98
02/28/2016,AEX,LA,ASW,CE,Federal Contract Tower,0,20,17,8,45,0,0,0,0,0,0,20,17,8,45,1,25,26,71
02/29/2016,AEX,LA,ASW,CE,Federal Contract Tower,5,20,11,7,43,0,0,0,0,0,5,20,11,7,43,21,30,51,94
03/01/2016,AEX,LA,ASW,CE,Federal Contract Tower,5,18,27,3,53,0,0,0,0,0,5,18,27,3,53,15,5,20,73
03/02/2016,AEX,LA,ASW,CE,Federal Contract Tower,9,20,14,6,49,0,0,0,0,0,9,20,14,6,49,49,14,63,112
03/03/2016,AEX,LA,ASW,CE,Federal Contract Tower,10,22,7,4,43,0,0,0,0,0,10,22,7,4,43,25,27,52,95
03/04/2016,AEX,LA,ASW,CE,Federal Contract Tower,9,21,9,35,74,0,0,0,0,0,9,21,9,35,74,47,47,94,168
03/05/2016,AEX,LA,ASW,CE,Federal Contract Tower,5,15,13,3,36,0,0,0,0,0,5,15,13,3,36,29,1,30,66
03/06/2016,AEX,LA,ASW,CE,Federal Contract Tower,14,25,6,16,61,0,0,0,0,0,14,25,6,16,61,6,51,57,118
03/07/2016,AEX,LA,ASW,CE,Federal Contract Tower,6,21,24,16,67,0,0,0,0,0,6,21,24,16,67,18,5,23,90
03/08/2016,AEX,LA,ASW,CE,Federal Contract Tower,9,13,0,5,27,0,0,0,0,0,9,13,0,5,27,0,0,0,27
03/09/2016,AEX,LA,ASW,CE,Federal Contract Tower,4,17,6,3,30,0,0,0,0,0,4,17,6,3,30,0,0,0,30
03/10/2016,AEX,LA,ASW,CE,Federal Contract Tower,6,22,3,1,32,0,0,0,0,0,6,22,3,1,32,1,0,1,33
03/11/2016,AEX,LA,ASW,CE,Federal Contract Tower,5,20,9,12,46,0,0,0,0,0,5,20,9,12,46,14,0,14,60
03/12/2016,AEX,LA,ASW,CE,Federal Contract Tower,1,13,9,9,32,0,0,0,0,0,1,13,9,9,32,2,14,16,48
03/13/2016,AEX,LA,ASW,CE,Federal Contract Tower,2,22,11,3,38,0,0,0,0,0,2,22,11,3,38,29,52,81,119
03/14/2016,AEX,LA,ASW,CE,Federal Contract Tower,2,21,15,7,45,0,0,0,0,0,2,21,15,7,45,51,52,103,148
03/15/2016,AEX,LA,ASW,CE,Federal Contract Tower,0,20,17,5,42,0,0,0,0,0,0,20,17,5,42,52,59,111,153
03/16/2016,AEX,LA,ASW,CE,Federal Contract Tower,10,18,17,6,51,0,0,0,0,0,10,18,17,6,51,27,79,106,157
03/17/2016,AEX,LA,ASW,CE,Federal Contract Tower,10,21,8,3,42,0,0,0,0,0,10,21,8,3,42,13,63,76,118
03/18/2016,AEX,LA,ASW,CE,Federal Contract Tower,7,24,17,3,51,0,0,0,0,0,7,24,17,3,51,11,30,41,92
03/19/2016,AEX,LA,ASW,CE,Federal Contract Tower,3,14,14,4,35,0,0,0,0,0,3,14,14,4,35,21,66,87,122
03/20/2016,AEX,LA,ASW,CE,Federal Contract Tower,3,19,9,4,35,0,0,0,0,0,3,19,9,4,35,24,78,102,137
03/21/2016,AEX,LA,ASW,CE,Federal Contract Tower,6,22,16,6,50,0,0,0,0,0,6,22,16,6,50,80,19,99,149
03/22/2016,AEX,LA,ASW,CE,Federal Contract Tower,4,22,10,12,48,0,0,0,0,0,4,22,10,12,48,22,18,40,88
03/23/2016,AEX,LA,ASW,CE,Federal Contract Tower,3,25,20,22,70,0,0,0,0,0,3,25,20,22,70,20,19,39,109
03/24/2016,AEX,LA,ASW,CE,Federal Contract Tower,11,21,9,8,49,0,0,0,0,0,11,21,9,8,49,11,26,37,86
03/25/2016,AEX,LA,ASW,CE,Federal Contract Tower,13,19,10,23,65,0,0,0,0,0,13,19,10,23,65,9,20,29,94
03/26/2016,AEX,LA,ASW,CE,Federal Contract Tower,5,18,13,9,45,0,0,0,0,0,5,18,13,9,45,29,0,29,74
03/27/2016,AEX,LA,ASW,CE,Federal Contract Tower,2,28,1,4,35,0,0,0,0,0,2,28,1,4,35,30,0,30,65
03/28/2016,AEX,LA,ASW,CE,Federal Contract Tower,4,20,5,3,32,0,0,0,0,0,4,20,5,3,32,18,0,18,50
03/29/2016,AEX,LA,ASW,CE,Federal Contract Tower,4,20,23,9,56,0,0,0,0,0,4,20,23,9,56,15,19,34,90
03/30/2016,AEX,LA,ASW,CE,Federal Contract Tower,8,17,14,10,49,0,0,0,0,0,8,17,14,10,49,7,0,7,56
03/31/2016,AEX,LA,ASW,CE,Federal Contract Tower,7,26,6,16,55,0,0,0,0,0,7,26,6,16,55,17,7,24,79
04/01/2016,AEX,LA,ASW,CE,Federal Contract Tower,6,22,0,0,28,0,0,0,0,0,6,22,0,0,28,23,0,23,51
04/02/2016,AEX,LA,ASW,CE,Federal Contract Tower,0,14,5,0,19,0,0,0,0,0,0,14,5,0,19,69,0,69,88
04/03/2016,AEX,LA,ASW,CE,Federal Contract Tower,0,18,9,0,27,0,0,0,0,0,0,18,9,0,27,48,8,56,83
04/04/2016,AEX,LA,ASW,CE,Federal Contract Tower,2,20,21,5,48,0,0,0,0,0,2,20,21,5,48,41,36,77,125
04/05/2016,AEX,LA,ASW,CE,Federal Contract Tower,4,18,5,17,44,0,0,0,0,0,4,18,5,17,44,41,23,64,108
04/06/2016,AEX,LA,ASW,CE,Federal Contract Tower,5,18,18,4,45,0,0,0,0,0,5,18,18,4,45,25,66,91,136
04/07/2016,AEX,LA,ASW,CE,Federal Contract Tower,7,23,16,6,52,0,0,0,0,0,7,23,16,6,52,61,54,115,167
04/08/2016,AEX,LA,ASW,CE,Federal Contract Tower,7,19,10,7,43,0,0,0,0,0,7,19,10,7,43,15,74,89,132
04/09/2016,AEX,LA,ASW,CE,Federal Contract Tower,1,18,18,0,37,0,0,0,0,0,1,18,18,0,37,46,23,69,106
04/10/2016,AEX,LA,ASW,CE,Federal Contract Tower,3,20,10,23,56,0,0,0,0,0,3,20,10,23,56,12,50,62,118
04/11/2016,AEX,LA,ASW,CE,Federal Contract Tower,4,20,1,1,26,0,0,0,0,0,4,20,1,1,26,7,6,13,39
04/12/2016,AEX,LA,ASW,CE,Federal Contract Tower,2,21,22,5,50,0,0,0,0,0,2,21,22,5,50,10,62,72,122
04/13/2016,AEX,LA,ASW,CE,Federal Contract Tower,7,17,8,9,41,0,0,0,0,0,7,17,8,9,41,12,80,92,133
04/14/2016,AEX,LA,ASW,CE,Federal Contract Tower,2,21,18,20,61,0,0,0,0,0,2,21,18,20,61,11,12,23,84
04/15/2016,AEX,LA,ASW,CE,Federal Contract Tower,4,24,12,13,53,0,0,0,0,0,4,24,12,13,53,24,58,82,135
04/16/2016,AEX,LA,ASW,CE,Federal Contract Tower,0,16,18,15,49,0,0,0,0,0,0,16,18,15,49,18,32,50,99
04/17/2016,AEX,LA,ASW,CE,Federal Contract Tower,0,14,12,14,40,0,0,0,0,0,0,14,12,14,40,12,32,44,84
04/18/2016,AEX,LA,ASW,CE,Federal Contract Tower,2,15,7,27,51,0,0,0,0,0,2,15,7,27,51,6,6,12,63
04/19/2016,AEX,LA,ASW,CE,Federal Contract Tower,6,18,3,9,36,0,0,0,0,0,6,18,3,9,36,4,7,11,47
04/20/2016,AEX,LA,ASW,CE,Federal Contract Tower,2,19,12,15,48,0,0,0,0,0,2,19,12,15,48,2,9,11,59
04/21/2016,AEX,LA,ASW,CE,Federal Contract Tower,7,28,7,15,57,0,0,0,0,0,7,28,7,15,57,9,9,18,75
04/22/2016,AEX,LA,ASW,CE,Federal Contract Tower,7,20,17,21,65,0,0,0,0,0,7,20,17,21,65,58,51,109,174
04/23/2016,AEX,LA,ASW,CE,Federal Contract Tower,0,17,11,15,43,0,0,0,0,0,0,17,11,15,43,28,12,40,83
04/24/2016,AEX,LA,ASW,CE,Federal Contract Tower,2,17,10,10,39,0,0,0,0,0,2,17,10,10,39,21,5,26,65
04/25/2016,AEX,LA,ASW,CE,Federal Contract Tower,4,20,7,8,39,0,0,0,0,0,4,20,7,8,39,10,5,15,54
04/26/2016,AEX,LA,ASW,CE,Federal Contract Tower,2,19,17,9,47,0,0,0,0,0,2,19,17,9,47,12,20,32,79
04/27/2016,AEX,LA,ASW,CE,Federal Contract Tower,4,18,10,10,42,0,0,0,0,0,4,18,10,10,42,8,12,20,62
04/28/2016,AEX,LA,ASW,CE,Federal Contract Tower,6,21,21,23,71,0,0,0,0,0,6,21,21,23,71,23,8,31,102
04/29/2016,AEX,LA,ASW,CE,Federal Contract Tower,6,20,11,7,44,0,0,0,0,0,6,20,11,7,44,17,4,21,65
04/30/2016,AEX,LA,ASW,CE,Federal Contract Tower,0,18,4,0,22,0,0,0,0,0,0,18,4,0,22,9,9,18,40
05/01/2016,AEX,LA,ASW,CE,Federal Contract Tower,0,18,8,16,42,0,0,0,0,0,0,18,8,16,42,7,3,10,52
05/02/2016,AEX,LA,ASW,CE,Federal Contract Tower,2,20,11,0,33,0,0,0,0,0,2,20,11,0,33,12,0,12,45
05/03/2016,AEX,LA,ASW,CE,Federal Contract Tower,8,18,12,13,51,0,0,0,0,0,8,18,12,13,51,28,2,30,81
05/04/2016,AEX,LA,ASW,CE,Federal Contract Tower,4,18,16,12,50,0,0,0,0,0,4,18,16,12,50,56,31,87,137
05/05/2016,AEX,LA,ASW,CE,Federal Contract Tower,4,19,16,2,41,0,0,0,0,0,4,19,16,2,41,45,41,86,127
05/06/2016,AEX,LA,ASW,CE,Federal Contract Tower,7,26,15,13,61,0,0,0,0,0,7,26,15,13,61,31,83,114,175
05/07/2016,AEX,LA,ASW,CE,Federal Contract Tower,0,15,9,2,26,0,0,0,0,0,0,15,9,2,26,31,82,113,139
05/08/2016,AEX,LA,ASW,CE,Federal Contract Tower,0,24,21,4,49,0,0,0,0,0,0,24,21,4,49,41,68,109,158
05/09/2016,AEX,LA,ASW,CE,Federal Contract Tower,4,20,17,10,51,0,0,0,0,0,4,20,17,10,51,20,23,43,94
05/10/2016,AEX,LA,ASW,CE,Federal Contract Tower,4,20,16,11,51,0,0,0,0,0,4,20,16,11,51,23,29,52,103
05/11/2016,AEX,LA,ASW,CE,Federal Contract Tower,7,23,28,11,69,0,0,0,0,0,7,23,28,11,69,35,63,98,167
05/12/2016,AEX,LA,ASW,CE,Federal Contract Tower,6,20,16,13,55,0,0,0,0,0,6,20,16,13,55,33,100,133,188
05/13/2016,AEX,LA,ASW,CE,Federal Contract Tower,6,22,9,45,82,0,0,0,0,0,6,22,9,45,82,47,181,228,310
05/14/2016,AEX,LA,ASW,CE,Federal Contract Tower,10,22,9,8,49,0,0,0,0,0,10,22,9,8,49,14,79,93,142
05/15/2016,AEX,LA,ASW,CE,Federal Contract Tower,10,22,10,6,48,0,0,0,0,0,10,22,10,6,48,23,108,131,179
05/16/2016,AEX,LA,ASW,CE,Federal Contract Tower,2,20,5,10,37,0,0,0,0,0,2,20,5,10,37,10,34,44,81
05/17/2016,AEX,LA,ASW,CE,Federal Contract Tower,2,20,12,37,71,0,0,0,0,0,2,20,12,37,71,3,36,39,110
05/18/2016,AEX,LA,ASW,CE,Federal Contract Tower,4,21,23,26,74,0,0,0,0,0,4,21,23,26,74,4,46,50,124
05/19/2016,AEX,LA,ASW,CE,Federal Contract Tower,8,23,13,11,55,0,0,0,0,0,8,23,13,11,55,20,22,42,97
05/20/2016,AEX,LA,ASW,CE,Federal Contract Tower,6,22,13,10,51,0,0,0,0,0,6,22,13,10,51,16,16,32,83
05/21/2016,AEX,LA,ASW,CE,Federal Contract Tower,0,16,11,8,35,0,0,0,0,0,0,16,11,8,35,42,56,98,133
05/22/2016,AEX,LA,ASW,CE,Federal Contract Tower,4,20,5,12,41,0,0,0,0,0,4,20,5,12,41,43,85,128,169
05/23/2016,AEX,LA,ASW,CE,Federal Contract Tower,3,20,10,19,52,0,0,0,0,0,3,20,10,19,52,24,12,36,88
05/24/2016,AEX,LA,ASW,CE,Federal Contract Tower,9,20,21,24,74,0,0,0,0,0,9,20,21,24,74,36,35,71,145
05/25/2016,AEX,LA,ASW,CE,Federal Contract Tower,7,19,24,5,55,0,0,6,0,6,7,19,30,5,61,20,18,38,99
05/26/2016,AEX,LA,ASW,CE,Federal Contract Tower,8,26,8,4,46,0,0,0,0,0,8,26,8,4,46,9,2,11,57
05/27/2016,AEX,LA,ASW,CE,Federal Contract Tower,6,20,6,2,34,0,0,0,0,0,6,20,6,2,34,0,0,0,34
05/28/2016,AEX,LA,ASW,CE,Federal Contract Tower,2,16,10,1,29,0,0,0,0,0,2,16,10,1,29,28,0,28,57
05/29/2016,AEX,LA,ASW,CE,Federal Contract Tower,1,16,10,0,27,0,0,0,0,0,1,16,10,0,27,45,0,45,72
05/30/2016,AEX,LA,ASW,CE,Federal Contract Tower,2,20,5,0,27,0,0,0,0,0,2,20,5,0,27,36,0,36,63
05/31/2016,AEX,LA,ASW,CE,Federal Contract Tower,3,20,9,6,38,0,0,0,0,0,3,20,9,6,38,32,19,51,89
06/01/2016,AEX,LA,ASW,CE,Federal Contract Tower,8,20,11,6,45,0,0,0,0,0,8,20,11,6,45,0,0,0,45
06/02/2016,AEX,LA,ASW,CE,Federal Contract Tower,2,18,7,2,29,0,0,0,0,0,2,18,7,2,29,1,9,10,39
06/03/2016,AEX,LA,ASW,CE,Federal Contract Tower,6,19,6,2,33,0,0,0,0,0,6,19,6,2,33,1,8,9,42
06/04/2016,AEX,LA,ASW,CE,Federal Contract Tower,4,17,8,2,31,0,0,0,0,0,4,17,8,2,31,0,0,0,31
06/05/2016,AEX,LA,ASW,CE,Federal Contract Tower,0,19,7,0,26,0,0,0,0,0,0,19,7,0,26,14,21,35,61
06/06/2016,AEX,LA,ASW,CE,Federal Contract Tower,4,19,10,3,36,0,0,0,0,0,4,19,10,3,36,20,7,27,63
06/07/2016,AEX,LA,ASW,CE,Federal Contract Tower,2,20,14,3,39,0,0,0,0,0,2,20,14,3,39,25,23,48,87
06/08/2016,AEX,LA,ASW,CE,Federal Contract Tower,5,20,17,7,49,0,0,0,0,0,5,20,17,7,49,45,19,64,113
06/09/2016,AEX,LA,ASW,CE,Federal Contract Tower,9,24,15,6,54,0,0,0,0,0,9,24,15,6,54,52,20,72,126
06/10/2016,AEX,LA,ASW,CE,Federal Contract Tower,8,20,5,4,37,0,0,0,0,0,8,20,5,4,37,30,7,37,74
06/11/2016,AEX,LA,ASW,CE,Federal Contract Tower,2,15,7,4,28,0,0,0,0,0,2,15,7,4,28,22,9,31,59
06/12/2016,AEX,LA,ASW,CE,Federal Contract Tower,2,12,14,6,34,0,0,0,0,0,2,12,14,6,34,13,4,17,51
06/13/2016,AEX,LA,ASW,CE,Federal Contract Tower,4,19,4,0,27,0,0,0,0,0,4,19,4,0,27,7,10,17,44
06/14/2016,AEX,LA,ASW,CE,Federal Contract Tower,2,22,12,4,40,0,0,0,0,0,2,22,12,4,40,15,15,30,70
06/15/2016,AEX,LA,ASW,CE,Federal Contract Tower,4,21,25,4,54,0,0,0,0,0,4,21,25,4,54,38,2,40,94
06/16/2016,AEX,LA,ASW,CE,Federal Contract Tower,8,21,13,4,46,0,0,0,0,0,8,21,13,4,46,34,9,43,89
06/17/2016,AEX,LA,ASW,CE,Federal Contract Tower,6,20,13,4,43,0,0,0,0,0,6,20,13,4,43,59,7,66,109
06/18/2016,AEX,LA,ASW,CE,Federal Contract Tower,2,17,11,1,31,0,0,0,0,0,2,17,11,1,31,16,0,16,47
06/19/2016,AEX,LA,ASW,CE,Federal Contract Tower,2,19,15,4,40,0,0,0,0,0,2,19,15,4,40,9,0,9,49
06/20/2016,AEX,LA,ASW,CE,Federal Contract Tower,7,21,4,2,34,0,0,0,0,0,7,21,4,2,34,25,5,30,64
06/21/2016,AEX,LA,ASW,CE,Federal Contract Tower,1,24,13,6,44,0,0,0,0,0,1,24,13,6,44,16,10,26,70
06/22/2016,AEX,LA,ASW,CE,Federal Contract Tower,4,20,17,0,41,0,0,0,0,0,4,20,17,0,41,48,14,62,103
06/23/2016,AEX,LA,ASW,CE,Federal Contract Tower,6,22,11,5,44,0,0,0,0,0,6,22,11,5,44,35,0,35,79
06/24/2016,AEX,LA,ASW,CE,Federal Contract Tower,6,26,9,1,42,0,0,0,0,0,6,26,9,1,42,35,7,42,84
06/25/2016,AEX,LA,ASW,CE,Federal Contract Tower,1,17,6,2,26,0,0,0,0,0,1,17,6,2,26,25,12,37,63
06/26/2016,AEX,LA,ASW,CE,Federal Contract Tower,1,17,12,0,30,0,0,0,0,0,1,17,12,0,30,22,4,26,56
06/27/2016,AEX,LA,ASW,CE,Federal Contract Tower,5,20,5,1,31,0,0,0,0,0,5,20,5,1,31,13,2,15,46
06/28/2016,AEX,LA,ASW,CE,Federal Contract Tower,1,20,6,3,30,0,0,0,0,0,1,20,6,3,30,9,5,14,44
06/29/2016,AEX,LA,ASW,CE,Federal Contract Tower,3,25,11,2,41,0,0,0,0,0,3,25,11,2,41,17,6,23,64
06/30/2016,AEX,LA,ASW,CE,Federal Contract Tower,5,21,17,14,57,0,0,0,0,0,5,21,17,14,57,40,8,48,105
07/01/2016,AEX,LA,ASW,CE,Federal Contract Tower,10,28,8,3,49,0,0,0,0,0,10,28,8,3,49,23,0,23,72
07/03/2016,AEX,LA,ASW,CE,Federal Contract Tower,2,10,5,0,17,0,0,0,0,0,2,10,5,0,17,19,0,19,36
07/04/2016,AEX,LA,ASW,CE,Federal Contract Tower,0,11,7,0,18,0,0,0,0,0,0,11,7,0,18,19,0,19,37
07/05/2016,AEX,LA,ASW,CE,Federal Contract Tower,4,20,2,9,35,0,0,0,0,0,4,20,2,9,35,25,1,26,61
07/07/2016,AEX,LA,ASW,CE,Federal Contract Tower,14,22,13,2,51,0,0,0,0,0,14,22,13,2,51,26,6,32,83
07/08/2016,AEX,LA,ASW,CE,Federal Contract Tower,9,22,22,8,61,0,0,0,0,0,9,22,22,8,61,0,51,51,112
07/09/2016,AEX,LA,ASW,CE,Federal Contract Tower,12,20,8,0,40,0,0,0,0,0,12,20,8,0,40,61,18,79,119
07/10/2016,AEX,LA,ASW,CE,Federal Contract Tower,14,19,3,10,46,0,0,0,0,0,14,19,3,10,46,24,5,29,75
07/11/2016,AEX,LA,ASW,CE,Federal Contract Tower,21,22,4,7,54,0,0,0,0,0,21,22,4,7,54,31,63,94,148
07/12/2016,AEX,LA,ASW,CE,Federal Contract Tower,19,24,11,0,54,0,0,0,0,0,19,24,11,0,54,35,0,35,89
07/13/2016,AEX,LA,ASW,CE,Federal Contract Tower,9,20,13,15,57,0,0,0,0,0,9,20,13,15,57,33,12,45,102
07/14/2016,AEX,LA,ASW,CE,Federal Contract Tower,8,18,8,18,52,0,0,0,0,0,8,18,8,18,52,28,2,30,82
07/15/2016,AEX,LA,ASW,CE,Federal Contract Tower,7,22,20,7,56,0,0,0,0,0,7,22,20,7,56,11,17,28,84
07/16/2016,AEX,LA,ASW,CE,Federal Contract Tower,1,17,15,2,35,0,0,0,0,0,1,17,15,2,35,27,4,31,66
07/17/2016,AEX,LA,ASW,CE,Federal Contract Tower,1,19,9,46,75,0,0,0,0,0,1,19,9,46,75,15,41,56,131
07/18/2016,AEX,LA,ASW,CE,Federal Contract Tower,3,21,8,2,34,0,0,0,0,0,3,21,8,2,34,6,4,10,44
07/19/2016,AEX,LA,ASW,CE,Federal Contract Tower,12,20,17,14,63,0,0,0,0,0,12,20,17,14,63,43,0,43,106
07/20/2016,AEX,LA,ASW,CE,Federal Contract Tower,3,20,3,6,32,0,0,0,0,0,3,20,3,6,32,19,14,33,65
07/21/2016,AEX,LA,ASW,CE,Federal Contract Tower,23,20,12,4,59,0,0,0,0,0,23,20,12,4,59,30,2,32,91
07/22/2016,AEX,LA,ASW,CE,Federal Contract Tower,6,24,7,8,45,0,0,0,0,0,6,24,7,8,45,22,29,51,96
07/23/2016,AEX,LA,ASW,CE,Federal Contract Tower,2,18,1,1,22,0,0,0,0,0,2,18,1,1,22,16,8,24,46
07/24/2016,AEX,LA,ASW,CE,Federal Contract Tower,2,22,6,6,36,0,0,0,0,0,2,22,6,6,36,10,15,25,61
07/25/2016,AEX,LA,ASW,CE,Federal Contract Tower,5,17,6,8,36,0,0,0,0,0,5,17,6,8,36,14,2,16,52
07/26/2016,AEX,LA,ASW,CE,Federal Contract Tower,6,21,12,3,42,0,0,0,0,0,6,21,12,3,42,18,0,18,60
07/27/2016,AEX,LA,ASW,CE,Federal Contract Tower,13,19,9,4,45,0,0,0,0,0,13,19,9,4,45,7,3,10,55
07/28/2016,AEX,LA,ASW,CE,Federal Contract Tower,9,22,5,4,40,0,0,0,0,0,9,22,5,4,40,3,8,11,51
07/29/2016,AEX,LA,ASW,CE,Federal Contract Tower,8,25,14,2,49,0,0,0,0,0,8,25,14,2,49,18,0,18,67
07/30/2016,AEX,LA,ASW,CE,Federal Contract Tower,2,20,9,2,33,0,0,0,0,0,2,20,9,2,33,22,4,26,59
07/31/2016,AEX,LA,ASW,CE,Federal Contract Tower,1,21,6,0,28,0,0,0,0,0,1,21,6,0,28,23,0,23,51
08/01/2016,AEX,LA,ASW,CE,Federal Contract Tower,19,20,8,8,55,0,0,0,0,0,19,20,8,8,55,18,1,19,74
08/02/2016,AEX,LA,ASW,CE,Federal Contract Tower,34,25,9,15,83,0,0,0,0,0,34,25,9,15,83,42,0,42,125
08/03/2016,AEX,LA,ASW,CE,Federal Contract Tower,18,20,22,27,87,0,0,0,0,0,18,20,22,27,87,44,62,106,193
08/04/2016,AEX,LA,ASW,CE,Federal Contract Tower,16,24,14,17,71,0,0,0,0,0,16,24,14,17,71,26,13,39,110
08/05/2016,AEX,LA,ASW,CE,Federal Contract Tower,7,21,10,24,62,0,0,0,0,0,7,21,10,24,62,38,26,64,126
08/06/2016,AEX,LA,ASW,CE,Federal Contract Tower,0,18,6,0,24,0,0,0,0,0,0,18,6,0,24,48,6,54,78
08/07/2016,AEX,LA,ASW,CE,Federal Contract Tower,1,20,7,0,28,0,0,0,0,0,1,20,7,0,28,23,0,23,51
08/08/2016,AEX,LA,ASW,CE,Federal Contract Tower,3,22,21,10,56,0,0,0,0,0,3,22,21,10,56,34,13,47,103
08/09/2016,AEX,LA,ASW,CE,Federal Contract Tower,2,20,11,6,39,0,0,0,0,0,2,20,11,6,39,28,18,46,85
08/10/2016,AEX,LA,ASW,CE,Federal Contract Tower,5,20,5,11,41,0,0,0,0,0,5,20,5,11,41,20,20,40,81
08/11/2016,AEX,LA,ASW,CE,Federal Contract Tower,5,20,9,9,43,0,0,0,0,0,5,20,9,9,43,6,37,43,86
08/12/2016,AEX,LA,ASW,CE,Federal Contract Tower,5,20,6,1,32,0,0,0,0,0,5,20,6,1,32,4,38,42,74
08/13/2016,AEX,LA,ASW,CE,Federal Contract Tower,0,18,5,6,29,0,0,0,0,0,0,18,5,6,29,1,0,1,30
08/14/2016,AEX,LA,ASW,CE,Federal Contract Tower,1,22,7,0,30,0,0,0,0,0,1,22,7,0,30,7,30,37,67
08/15/2016,AEX,LA,ASW,CE,Federal Contract Tower,8,19,2,6,35,0,0,0,0,0,8,19,2,6,35,16,63,79,114
08/16/2016,AEX,LA,ASW,CE,Federal Contract Tower,4,19,5,3,31,0,0,0,0,0,4,19,5,3,31,4,21,25,56
08/17/2016,AEX,LA,ASW,CE,Federal Contract Tower,4,21,8,12,45,0,0,0,0,0,4,21,8,12,45,10,37,47,92
08/18/2016,AEX,LA,ASW,CE,Federal Contract Tower,8,21,0,35,64,0,0,0,0,0,8,21,0,35,64,19,17,36,100
08/19/2016,AEX,LA,ASW,CE,Federal Contract Tower,6,15,10,28,59,0,0,0,0,0,6,15,10,28,59,15,30,45,104
08/20/2016,AEX,LA,ASW,CE,Federal Contract Tower,0,16,16,39,71,0,0,0,0,0,0,16,16,39,71,28,63,91,162
08/21/2016,AEX,LA,ASW,CE,Federal Contract Tower,0,16,8,17,41,0,0,0,0,0,0,16,8,17,41,20,70,90,131
08/23/2016,AEX,LA,ASW,CE,Federal Contract Tower,4,33,15,6,58,0,0,0,0,0,4,33,15,6,58,35,32,67,125
08/24/2016,AEX,LA,ASW,CE,Federal Contract Tower,14,19,19,14,66,0,0,0,0,0,14,19,19,14,66,23,40,63,129
08/25/2016,AEX,LA,ASW,CE,Federal Contract Tower,10,19,15,9,53,0,0,0,0,0,10,19,15,9,53,8,53,61,114
08/26/2016,AEX,LA,ASW,CE,Federal Contract Tower,8,20,26,30,84,0,0,0,0,0,8,20,26,30,84,18,20,38,122
08/27/2016,AEX,LA,ASW,CE,Federal Contract Tower,2,17,14,9,42,0,0,0,0,0,2,17,14,9,42,17,17,34,76
08/28/2016,AEX,LA,ASW,CE,Federal Contract Tower,0,21,23,8,52,0,0,0,0,0,0,21,23,8,52,9,14,23,75
08/29/2016,AEX,LA,ASW,CE,Federal Contract Tower,4,20,14,4,42,0,0,0,0,0,4,20,14,4,42,13,18,31,73
08/30/2016,AEX,LA,ASW,CE,Federal Contract Tower,7,17,20,18,62,0,0,0,0,0,7,17,20,18,62,26,19,45,107
08/31/2016,AEX,LA,ASW,CE,Federal Contract Tower,4,19,21,12,56,0,0,0,0,0,4,19,21,12,56,45,24,69,125
09/01/2016,AEX,LA,ASW,CE,Federal Contract Tower,8,18,12,14,52,0,0,0,0,0,8,18,12,14,52,29,10,39,91
09/02/2016,AEX,LA,ASW,CE,Federal Contract Tower,8,24,12,3,47,0,0,0,0,0,8,24,12,3,47,26,10,36,83
09/03/2016,AEX,LA,ASW,CE,Federal Contract Tower,0,13,9,4,26,0,0,0,0,0,0,13,9,4,26,37,0,37,63
09/04/2016,AEX,LA,ASW,CE,Federal Contract Tower,0,10,13,0,23,0,0,0,0,0,0,10,13,0,23,14,4,18,41
09/05/2016,AEX,LA,ASW,CE,Federal Contract Tower,0,18,13,2,33,0,0,0,0,0,0,18,13,2,33,29,0,29,62
09/06/2016,AEX,LA,ASW,CE,Federal Contract Tower,4,20,14,10,48,0,0,0,0,0,4,20,14,10,48,9,15,24,72
09/07/2016,AEX,LA,ASW,CE,Federal Contract Tower,6,20,16,8,50,0,0,0,0,0,6,20,16,8,50,26,16,42,92
09/08/2016,AEX,LA,ASW,CE,Federal Contract Tower,6,18,10,17,51,0,0,0,0,0,6,18,10,17,51,17,5,22,73
09/09/2016,AEX,LA,ASW,CE,Federal Contract Tower,6,19,18,32,75,0,0,0,0,0,6,19,18,32,75,21,9,30,105
09/10/2016,AEX,LA,ASW,CE,Federal Contract Tower,1,18,14,0,33,0,0,0,0,0,1,18,14,0,33,30,6,36,69
09/11/2016,AEX,LA,ASW,CE,Federal Contract Tower,0,24,12,2,38,0,0,0,0,0,0,24,12,2,38,24,0,24,62
09/12/2016,AEX,LA,ASW,CE,Federal Contract Tower,4,19,12,8,43,0,0,0,0,0,4,19,12,8,43,21,5,26,69
09/13/2016,AEX,LA,ASW,CE,Federal Contract Tower,2,20,9,8,39,0,0,0,0,0,2,20,9,8,39,14,19,33,72
09/14/2016,AEX,LA,ASW,CE,Federal Contract Tower,2,19,10,12,43,0,0,0,0,0,2,19,10,12,43,19,8,27,70
09/15/2016,AEX,LA,ASW,CE,Federal Contract Tower,8,21,10,6,45,0,0,0,0,0,8,21,10,6,45,22,10,32,77
09/16/2016,AEX,LA,ASW,CE,Federal Contract Tower,6,31,20,23,80,0,0,0,0,0,6,31,20,23,80,23,5,28,108
09/17/2016,AEX,LA,ASW,CE,Federal Contract Tower,2,16,11,1,30,0,0,0,0,0,2,16,11,1,30,5,3,8,38
09/18/2016,AEX,LA,ASW,CE,Federal Contract Tower,2,20,4,5,31,0,0,0,0,0,2,20,4,5,31,49,3,52,83
09/19/2016,AEX,LA,ASW,CE,Federal Contract Tower,6,21,5,6,38,0,0,0,0,0,6,21,5,6,38,57,5,62,100
09/20/2016,AEX,LA,ASW,CE,Federal Contract Tower,2,24,6,7,39,0,0,0,0,0,2,24,6,7,39,35,3,38,77
09/21/2016,AEX,LA,ASW,CE,Federal Contract Tower,4,20,9,21,54,0,0,0,0,0,4,20,9,21,54,15,35,50,104
09/22/2016,AEX,LA,ASW,CE,Federal Contract Tower,10,21,14,20,65,0,0,0,0,0,10,21,14,20,65,39,11,50,115
09/23/2016,AEX,LA,ASW,CE,Federal Contract Tower,6,22,9,2,39,0,0,0,0,0,6,22,9,2,39,46,5,51,90
09/24/2016,AEX,LA,ASW,CE,Federal Contract Tower,2,15,3,0,20,0,0,0,0,0,2,15,3,0,20,57,1,58,78
09/25/2016,AEX,LA,ASW,CE,Federal Contract Tower,2,19,6,24,51,0,0,0,0,0,2,19,6,24,51,14,35,49,100
09/26/2016,AEX,LA,ASW,CE,Federal Contract Tower,5,22,8,10,45,0,0,0,0,0,5,22,8,10,45,8,13,21,66
09/27/2016,AEX,LA,ASW,CE,Federal Contract Tower,5,21,7,20,53,0,0,0,0,0,5,21,7,20,53,46,24,70,123
09/28/2016,AEX,LA,ASW,CE,Federal Contract Tower,4,18,14,4,40,0,0,0,0,0,4,18,14,4,40,42,4,46,86
09/29/2016,AEX,LA,ASW,CE,Federal Contract Tower,8,20,9,2,39,0,0,0,0,0,8,20,9,2,39,23,1,24,63
09/30/2016,AEX,LA,ASW,CE,Federal Contract Tower,6,19,14,5,44,0,0,0,0,0,6,19,14,5,44,13,11,24,68
10/01/2016,AEX,LA,ASW,CE,Federal Contract Tower,2,12,8,2,24,0,0,0,0,0,2,12,8,2,24,19,6,25,49
10/02/2016,AEX,LA,ASW,CE,Federal Contract Tower,1,20,8,0,29,0,0,0,0,0,1,20,8,0,29,21,13,34,63
10/03/2016,AEX,LA,ASW,CE,Federal Contract Tower,2,24,8,22,56,0,0,0,0,0,2,24,8,22,56,27,33,60,116
10/04/2016,AEX,LA,ASW,CE,Federal Contract Tower,3,21,11,35,70,0,0,0,0,0,3,21,11,35,70,16,26,42,112
10/05/2016,AEX,LA,ASW,CE,Federal Contract Tower,7,22,10,17,56,0,0,0,0,0,7,22,10,17,56,22,40,62,118
10/06/2016,AEX,LA,ASW,CE,Federal Contract Tower,5,23,11,6,45,0,0,0,0,0,5,23,11,6,45,36,7,43,88
10/07/2016,AEX,LA,ASW,CE,Federal Contract Tower,8,19,17,7,51,0,0,0,0,0,8,19,17,7,51,22,11,33,84
10/08/2016,AEX,LA,ASW,CE,Federal Contract Tower,3,11,9,34,57,0,0,0,0,0,3,11,9,34,57,28,29,57,114
10/09/2016,AEX,LA,ASW,CE,Federal Contract Tower,0,20,3,17,40,0,0,0,0,0,0,20,3,17,40,29,23,52,92
10/10/2016,AEX,LA,ASW,CE,Federal Contract Tower,1,22,10,7,40,0,0,0,0,0,1,22,10,7,40,36,14,50,90
10/11/2016,AEX,LA,ASW,CE,Federal Contract Tower,4,22,15,17,58,0,0,0,0,0,4,22,15,17,58,26,6,32,90
10/12/2016,AEX,LA,ASW,CE,Federal Contract Tower,6,20,17,4,47,0,0,0,0,0,6,20,17,4,47,31,4,35,82
10/13/2016,AEX,LA,ASW,CE,Federal Contract Tower,8,22,14,32,76,0,0,0,0,0,8,22,14,32,76,28,26,54,130
10/14/2016,AEX,LA,ASW,CE,Federal Contract Tower,6,20,20,18,64,0,0,0,0,0,6,20,20,18,64,18,7,25,89
10/15/2016,AEX,LA,ASW,CE,Federal Contract Tower,3,11,5,0,19,0,0,0,0,0,3,11,5,0,19,35,7,42,61
10/16/2016,AEX,LA,ASW,CE,Federal Contract Tower,0,21,22,16,59,0,0,0,0,0,0,21,22,16,59,33,32,65,124
10/17/2016,AEX,LA,ASW,CE,Federal Contract Tower,3,20,11,0,34,0,0,0,0,0,3,20,11,0,34,24,3,27,61
10/18/2016,AEX,LA,ASW,CE,Federal Contract Tower,4,21,21,5,51,0,0,0,0,0,4,21,21,5,51,36,8,44,95
10/19/2016,AEX,LA,ASW,CE,Federal Contract Tower,6,22,13,2,43,0,0,0,0,0,6,22,13,2,43,25,16,41,84
10/20/2016,AEX,LA,ASW,CE,Federal Contract Tower,4,24,17,4,49,0,0,0,0,0,4,24,17,4,49,18,2,20,69
10/21/2016,AEX,LA,ASW,CE,Federal Contract Tower,6,23,16,15,60,0,0,0,0,0,6,23,16,15,60,15,5,20,80
10/22/2016,AEX,LA,ASW,CE,Federal Contract Tower,5,14,7,6,32,0,0,0,0,0,5,14,7,6,32,27,0,27,59
10/23/2016,AEX,LA,ASW,CE,Federal Contract Tower,6,23,8,0,37,0,0,0,0,0,6,23,8,0,37,38,1,39,76
10/24/2016,AEX,LA,ASW,CE,Federal Contract Tower,4,21,4,2,31,0,0,0,0,0,4,21,4,2,31,13,1,14,45
10/25/2016,AEX,LA,ASW,CE,Federal Contract Tower,3,19,6,10,38,0,0,0,0,0,3,19,6,10,38,20,24,44,82
10/26/2016,AEX,LA,ASW,CE,Federal Contract Tower,3,16,19,11,49,0,0,0,0,0,3,16,19,11,49,36,14,50,99
10/27/2016,AEX,LA,ASW,CE,Federal Contract Tower,8,21,16,33,78,0,0,0,0,0,8,21,16,33,78,34,9,43,121
10/28/2016,AEX,LA,ASW,CE,Federal Contract Tower,5,20,25,6,56,0,0,0,0,0,5,20,25,6,56,20,22,42,98
10/29/2016,AEX,LA,ASW,CE,Federal Contract Tower,0,15,12,5,32,0,0,0,0,0,0,15,12,5,32,32,11,43,75
10/30/2016,AEX,LA,ASW,CE,Federal Contract Tower,2,20,5,4,31,0,0,0,0,0,2,20,5,4,31,24,4,28,59
10/31/2016,AEX,LA,ASW,CE,Federal Contract Tower,12,17,9,9,47,0,0,0,0,0,12,17,9,9,47,30,4,34,81
11/01/2016,AEX,LA,ASW,CE,Federal Contract Tower,6,19,12,12,49,0,0,0,0,0,6,19,12,12,49,11,9,20,69
11/02/2016,AEX,LA,ASW,CE,Federal Contract Tower,4,18,17,12,51,0,0,0,0,0,4,18,17,12,51,25,23,48,99
11/03/2016,AEX,LA,ASW,CE,Federal Contract Tower,7,23,17,8,55,0,0,0,0,0,7,23,17,8,55,38,13,51,106
11/04/2016,AEX,LA,ASW,CE,Federal Contract Tower,7,20,20,31,78,0,0,0,0,0,7,20,20,31,78,24,2,26,104
11/05/2016,AEX,LA,ASW,CE,Federal Contract Tower,1,11,6,6,24,0,0,0,0,0,1,11,6,6,24,42,9,51,75
11/06/2016,AEX,LA,ASW,CE,Federal Contract Tower,2,19,15,8,44,0,0,0,0,0,2,19,15,8,44,14,14,28,72
11/07/2016,AEX,LA,ASW,CE,Federal Contract Tower,2,20,14,3,39,0,0,0,0,0,2,20,14,3,39,9,9,18,57
11/08/2016,AEX,LA,ASW,CE,Federal Contract Tower,4,19,5,34,62,0,0,0,0,0,4,19,5,34,62,2,2,4,66
11/09/2016,AEX,LA,ASW,CE,Federal Contract Tower,5,18,21,18,62,0,0,0,0,0,5,18,21,18,62,13,14,27,89
11/10/2016,AEX,LA,ASW,CE,Federal Contract Tower,7,22,4,5,38,0,0,0,0,0,7,22,4,5,38,21,1,22,60
11/11/2016,AEX,LA,ASW,CE,Federal Contract Tower,8,20,8,0,36,0,0,0,0,0,8,20,8,0,36,34,5,39,75
11/12/2016,AEX,LA,ASW,CE,Federal Contract Tower,0,12,4,0,16,0,0,0,0,0,0,12,4,0,16,36,0,36,52
11/13/2016,AEX,LA,ASW,CE,Federal Contract Tower,4,20,13,10,47,0,0,0,0,0,4,20,13,10,47,39,4,43,90
11/14/2016,AEX,LA,ASW,CE,Federal Contract Tower,6,20,12,2,40,0,0,0,0,0,6,20,12,2,40,17,0,17,57
11/15/2016,AEX,LA,ASW,CE,Federal Contract Tower,2,21,6,3,32,0,0,0,0,0,2,21,6,3,32,16,6,22,54
11/16/2016,AEX,LA,ASW,CE,Federal Contract Tower,4,22,8,7,41,0,0,0,0,0,4,22,8,7,41,33,25,58,99
11/17/2016,AEX,LA,ASW,CE,Federal Contract Tower,8,24,13,1,46,0,0,0,0,0,8,24,13,1,46,46,1,47,93
11/18/2016,AEX,LA,ASW,CE,Federal Contract Tower,6,20,12,4,42,0,0,0,0,0,6,20,12,4,42,19,0,19,61
11/19/2016,AEX,LA,ASW,CE,Federal Contract Tower,1,14,9,6,30,0,0,0,0,0,1,14,9,6,30,35,17,52,82
11/20/2016,AEX,LA,ASW,CE,Federal Contract Tower,3,22,11,0,36,0,0,0,0,0,3,22,11,0,36,16,2,18,54
11/21/2016,AEX,LA,ASW,CE,Federal Contract Tower,4,15,6,3,28,0,0,0,0,0,4,15,6,3,28,37,4,41,69
11/22/2016,AEX,LA,ASW,CE,Federal Contract Tower,4,30,14,12,60,0,0,0,0,0,4,30,14,12,60,39,4,43,103
11/23/2016,AEX,LA,ASW,CE,Federal Contract Tower,6,20,12,0,38,0,0,0,0,0,6,20,12,0,38,18,0,18,56
11/24/2016,AEX,LA,ASW,CE,Federal Contract Tower,0,14,7,0,21,0,0,0,0,0,0,14,7,0,21,4,0,4,25
11/25/2016,AEX,LA,ASW,CE,Federal Contract Tower,6,17,7,0,30,0,0,0,0,0,6,17,7,0,30,15,0,15,45
11/26/2016,AEX,LA,ASW,CE,Federal Contract Tower,0,24,18,0,42,0,0,0,0,0,0,24,18,0,42,22,0,22,64
11/27/2016,AEX,LA,ASW,CE,Federal Contract Tower,2,23,25,0,50,0,0,0,0,0,2,23,25,0,50,11,0,11,61
11/28/2016,AEX,LA,ASW,CE,Federal Contract Tower,8,22,5,1,36,0,0,0,0,0,8,22,5,1,36,0,0,0,36
11/29/2016,AEX,LA,ASW,CE,Federal Contract Tower,4,21,2,2,29,0,0,0,0,0,4,21,2,2,29,13,2,15,44
11/30/2016,AEX,LA,ASW,CE,Federal Contract Tower,8,18,11,3,40,0,0,0,0,0,8,18,11,3,40,35,9,44,84
12/01/2016,AEX,LA,ASW,CE,Federal Contract Tower,6,18,10,3,37,0,0,0,0,0,6,18,10,3,37,35,1,36,73
12/02/2016,AEX,LA,ASW,CE,Federal Contract Tower,8,18,7,12,45,0,0,0,0,0,8,18,7,12,45,22,20,42,87
12/03/2016,AEX,LA,ASW,CE,Federal Contract Tower,2,14,0,0,16,0,0,0,0,0,2,14,0,0,16,0,0,0,16
12/04/2016,AEX,LA,ASW,CE,Federal Contract Tower,10,17,3,0,30,0,0,0,0,0,10,17,3,0,30,0,0,0,30
12/05/2016,AEX,LA,ASW,CE,Federal Contract Tower,6,18,2,3,29,0,0,0,0,0,6,18,2,3,29,1,0,1,30
12/06/2016,AEX,LA,ASW,CE,Federal Contract Tower,6,20,11,6,43,0,0,0,0,0,6,20,11,6,43,7,0,7,50
12/07/2016,AEX,LA,ASW,CE,Federal Contract Tower,7,21,14,6,48,0,0,0,0,0,7,21,14,6,48,7,2,9,57
12/08/2016,AEX,LA,ASW,CE,Federal Contract Tower,4,18,6,3,31,0,0,0,0,0,4,18,6,3,31,29,14,43,74
12/09/2016,AEX,LA,ASW,CE,Federal Contract Tower,8,18,10,7,43,0,0,0,0,0,8,18,10,7,43,23,10,33,76
12/10/2016,AEX,LA,ASW,CE,Federal Contract Tower,4,16,13,0,33,0,0,0,0,0,4,16,13,0,33,33,0,33,66
12/11/2016,AEX,LA,ASW,CE,Federal Contract Tower,4,17,8,3,32,0,0,0,0,0,4,17,8,3,32,20,2,22,54
12/12/2016,AEX,LA,ASW,CE,Federal Contract Tower,8,22,4,5,39,0,0,0,0,0,8,22,4,5,39,9,4,13,52
12/13/2016,AEX,LA,ASW,CE,Federal Contract Tower,4,18,10,4,36,0,0,0,0,0,4,18,10,4,36,0,2,2,38
12/14/2016,AEX,LA,ASW,CE,Federal Contract Tower,3,19,12,7,41,0,0,0,0,0,3,19,12,7,41,14,7,21,62
12/15/2016,AEX,LA,ASW,CE,Federal Contract Tower,7,18,17,2,44,0,0,0,0,0,7,18,17,2,44,27,1,28,72
12/16/2016,AEX,LA,ASW,CE,Federal Contract Tower,9,18,15,3,45,0,0,0,0,0,9,18,15,3,45,12,2,14,59
12/17/2016,AEX,LA,ASW,CE,Federal Contract Tower,1,17,4,0,22,0,0,0,0,0,1,17,4,0,22,3,0,3,25
12/18/2016,AEX,LA,ASW,CE,Federal Contract Tower,2,18,9,1,30,0,0,0,0,0,2,18,9,1,30,12,0,12,42
12/19/2016,AEX,LA,ASW,CE,Federal Contract Tower,8,18,10,1,37,0,0,0,0,0,8,18,10,1,37,34,4,38,75
12/20/2016,AEX,LA,ASW,CE,Federal Contract Tower,3,16,13,0,32,0,0,0,0,0,3,16,13,0,32,18,5,23,55
12/21/2016,AEX,LA,ASW,CE,Federal Contract Tower,2,21,10,5,38,0,0,0,0,0,2,21,10,5,38,35,8,43,81
12/22/2016,AEX,LA,ASW,CE,Federal Contract Tower,8,18,9,2,37,0,0,0,0,0,8,18,9,2,37,35,0,35,72
12/23/2016,AEX,LA,ASW,CE,Federal Contract Tower,8,20,10,0,38,0,0,0,0,0,8,20,10,0,38,0,0,0,38
12/24/2016,AEX,LA,ASW,CE,Federal Contract Tower,1,14,2,0,17,0,0,0,0,0,1,14,2,0,17,13,0,13,30
12/25/2016,AEX,LA,ASW,CE,Federal Contract Tower,0,19,2,0,21,0,0,0,0,0,0,19,2,0,21,0,0,0,21
12/26/2016,AEX,LA,ASW,CE,Federal Contract Tower,1,17,13,0,31,0,0,0,0,0,1,17,13,0,31,25,0,25,56
12/27/2016,AEX,LA,ASW,CE,Federal Contract Tower,6,17,12,0,35,0,0,0,0,0,6,17,12,0,35,17,3,20,55
12/28/2016,AEX,LA,ASW,CE,Federal Contract Tower,4,18,10,0,32,0,0,0,0,0,4,18,10,0,32,12,0,12,44
12/29/2016,AEX,LA,ASW,CE,Federal Contract Tower,9,21,7,0,37,0,0,0,0,0,9,21,7,0,37,22,3,25,62
12/30/2016,AEX,LA,ASW,CE,Federal Contract Tower,4,22,4,0,30,0,0,0,0,0,4,22,4,0,30,50,2,52,82
12/31/2016,AEX,LA,ASW,CE,Federal Contract Tower,0,14,10,0,24,0,0,0,0,0,0,14,10,0,24,0,0,0,24
01/01/2017,AEX,LA,ASW,CE,Federal Contract Tower,0,16,2,0,18,0,0,0,0,0,0,16,2,0,18,0,0,0,18
01/02/2017,AEX,LA,ASW,CE,Federal Contract Tower,1,15,9,0,25,0,0,0,0,0,1,15,9,0,25,17,0,17,42
01/03/2017,AEX,LA,ASW,CE,Federal Contract Tower,4,17,15,0,36,0,0,0,0,0,4,17,15,0,36,40,2,42,78
01/04/2017,AEX,LA,ASW,CE,Federal Contract Tower,6,17,6,3,32,0,0,0,0,0,6,17,6,3,32,21,9,30,62
01/05/2017,AEX,LA,ASW,CE,Federal Contract Tower,11,21,13,5,50,0,0,0,0,0,11,21,13,5,50,4,2,6,56
01/06/2017,AEX,LA,ASW,CE,Federal Contract Tower,9,6,2,2,19,0,0,0,0,0,9,6,2,2,19,0,0,0,19
01/07/2017,AEX,LA,ASW,CE,Federal Contract Tower,13,14,7,8,42,0,0,0,0,0,13,14,7,8,42,40,62,102,144
01/08/2017,AEX,LA,ASW,CE,Federal Contract Tower,17,14,5,1,37,0,0,0,0,0,17,14,5,1,37,38,36,74,111
01/09/2017,AEX,LA,ASW,CE,Federal Contract Tower,19,27,4,3,53,0,0,0,0,0,19,27,4,3,53,12,59,71,124
01/10/2017,AEX,LA,ASW,CE,Federal Contract Tower,10,19,14,29,72,0,0,0,0,0,10,19,14,29,72,12,76,88,160
01/11/2017,AEX,LA,ASW,CE,Federal Contract Tower,4,15,9,8,36,0,0,0,0,0,4,15,9,8,36,7,46,53,89
01/12/2017,AEX,LA,ASW,CE,Federal Contract Tower,6,24,14,13,57,0,0,0,0,0,6,24,14,13,57,35,21,56,113
01/13/2017,AEX,LA,ASW,CE,Federal Contract Tower,6,22,11,22,61,0,0,0,0,0,6,22,11,22,61,17,54,71,132
01/14/2017,AEX,LA,ASW,CE,Federal Contract Tower,3,14,4,3,24,0,0,0,0,0,3,14,4,3,24,29,36,65,89
01/15/2017,AEX,LA,ASW,CE,Federal Contract Tower,1,17,10,2,30,0,0,0,0,0,1,17,10,2,30,31,31,62,92
01/16/2017,AEX,LA,ASW,CE,Federal Contract Tower,4,19,5,9,37,0,0,0,0,0,4,19,5,9,37,4,12,16,53
01/17/2017,AEX,LA,ASW,CE,Federal Contract Tower,3,18,9,3,33,0,0,0,0,0,3,18,9,3,33,0,0,0,33
01/18/2017,AEX,LA,ASW,CE,Federal Contract Tower,11,16,14,7,48,0,0,0,0,0,11,16,14,7,48,0,0,0,48
01/19/2017,AEX,LA,ASW,CE,Federal Contract Tower,15,20,8,3,46,0,0,0,0,0,15,20,8,3,46,13,17,30,76
01/20/2017,AEX,LA,ASW,CE,Federal Contract Tower,11,21,18,45,95,0,0,0,0,0,11,21,18,45,95,27,69,96,191
01/21/2017,AEX,LA,ASW,CE,Federal Contract Tower,4,10,10,5,29,0,0,0,0,0,4,10,10,5,29,18,10,28,57
01/22/2017,AEX,LA,ASW,CE,Federal Contract Tower,1,17,8,0,26,0,0,0,0,0,1,17,8,0,26,16,10,26,52
01/23/2017,AEX,LA,ASW,CE,Federal Contract Tower,11,21,14,0,46,0,0,0,0,0,11,21,14,0,46,36,7,43,89
01/24/2017,AEX,LA,ASW,CE,Federal Contract Tower,6,20,20,4,50,0,0,0,0,0,6,20,20,4,50,18,5,23,73
01/25/2017,AEX,LA,ASW,CE,Federal Contract Tower,7,16,15,5,43,0,0,0,0,0,7,16,15,5,43,9,15,24,67
01/26/2017,AEX,LA,ASW,CE,Federal Contract Tower,9,22,19,6,56,0,0,0,0,0,9,22,19,6,56,42,21,63,119
01/27/2017,AEX,LA,ASW,CE,Federal Contract Tower,11,20,17,19,67,0,0,0,0,0,11,20,17,19,67,20,12,32,99
01/28/2017,AEX,LA,ASW,CE,Federal Contract Tower,1,12,7,7,27,0,0,0,0,0,1,12,7,7,27,43,0,43,70
01/29/2017,AEX,LA,ASW,CE,Federal Contract Tower,7,18,9,11,45,0,0,0,0,0,7,18,9,11,45,33,2,35,80
01/30/2017,AEX,LA,ASW,CE,Federal Contract Tower,11,19,12,1,43,0,0,0,0,0,11,19,12,1,43,2,5,7,50
01/31/2017,AEX,LA,ASW,CE,Federal Contract Tower,21,16,15,11,63,0,0,0,0,0,21,16,15,11,63,45,18,63,126
02/01/2017,AEX,LA,ASW,CE,Federal Contract Tower,26,14,9,13,62,0,0,0,0,0,26,14,9,13,62,21,11,32,94
02/02/2017,AEX,LA,ASW,CE,Federal Contract Tower,33,23,19,3,78,0,0,0,0,0,33,23,19,3,78,6,0,6,84
02/03/2017,AEX,LA,ASW,CE,Federal Contract Tower,20,23,12,4,59,0,0,0,0,0,20,23,12,4,59,17,18,35,94
02/04/2017,AEX,LA,ASW,CE,Federal Contract Tower,9,13,12,12,46,0,0,0,0,0,9,13,12,12,46,25,10,35,81
02/05/2017,AEX,LA,ASW,CE,Federal Contract Tower,1,14,6,0,21,0,0,0,0,0,1,14,6,0,21,4,3,7,28
02/06/2017,AEX,LA,ASW,CE,Federal Contract Tower,12,21,17,10,60,0,0,0,0,0,12,21,17,10,60,15,91,106,166
02/07/2017,AEX,LA,ASW,CE,Federal Contract Tower,8,19,21,4,52,0,0,0,0,0,8,19,21,4,52,8,40,48,100
02/08/2017,AEX,LA,ASW,CE,Federal Contract Tower,7,14,20,13,54,0,0,0,0,0,7,14,20,13,54,30,133,163,217
02/09/2017,AEX,LA,ASW,CE,Federal Contract Tower,6,19,17,13,55,0,0,0,0,0,6,19,17,13,55,23,29,52,107
02/10/2017,AEX,LA,ASW,CE,Federal Contract Tower,10,22,22,26,80,0,0,0,0,0,10,22,22,26,80,32,32,64,144
02/11/2017,AEX,LA,ASW,CE,Federal Contract Tower,1,10,6,9,26,0,0,0,0,0,1,10,6,9,26,6,52,58,84
02/12/2017,AEX,LA,ASW,CE,Federal Contract Tower,1,20,13,14,48,0,0,0,0,0,1,20,13,14,48,113,38,151,199
02/13/2017,AEX,LA,ASW,CE,Federal Contract Tower,10,19,34,17,80,0,0,0,0,0,10,19,34,17,80,12,89,101,181
02/14/2017,AEX,LA,ASW,CE,Federal Contract Tower,5,21,5,0,31,0,0,0,0,0,5,21,5,0,31,3,36,39,70
02/15/2017,AEX,LA,ASW,CE,Federal Contract Tower,2,14,10,28,54,0,0,0,0,0,2,14,10,28,54,25,58,83,137
02/16/2017,AEX,LA,ASW,CE,Federal Contract Tower,10,20,14,23,67,0,0,0,0,0,10,20,14,23,67,16,36,52,119
02/17/2017,AEX,LA,ASW,CE,Federal Contract Tower,13,20,15,14,62,0,0,0,0,0,13,20,15,14,62,21,21,42,104
02/18/2017,AEX,LA,ASW,CE,Federal Contract Tower,1,15,7,34,57,0,0,0,0,0,1,15,7,34,57,19,16,35,92
02/19/2017,AEX,LA,ASW,CE,Federal Contract Tower,0,13,6,2,21,0,0,0,0,0,0,13,6,2,21,15,4,19,40
02/20/2017,AEX,LA,ASW,CE,Federal Contract Tower,6,22,7,5,40,0,0,0,0,0,6,22,7,5,40,4,0,4,44
02/21/2017,AEX,LA,ASW,CE,Federal Contract Tower,9,21,31,20,81,0,0,0,0,0,9,21,31,20,81,5,17,22,103
02/22/2017,AEX,LA,ASW,CE,Federal Contract Tower,16,25,19,9,69,0,0,0,0,0,16,25,19,9,69,17,36,53,122
02/23/2017,AEX,LA,ASW,CE,Federal Contract Tower,13,22,16,6,57,0,0,0,0,0,13,22,16,6,57,24,14,38,95
02/24/2017,AEX,LA,ASW,CE,Federal Contract Tower,12,29,10,11,62,0,0,0,0,0,12,29,10,11,62,27,27,54,116
02/25/2017,AEX,LA,ASW,CE,Federal Contract Tower,2,17,6,4,29,0,0,0,0,0,2,17,6,4,29,10,9,19,48
02/26/2017,AEX,LA,ASW,CE,Federal Contract Tower,2,20,13,2,37,0,0,0,0,0,2,20,13,2,37,24,10,34,71
02/27/2017,AEX,LA,ASW,CE,Federal Contract Tower,12,23,7,1,43,0,0,0,0,0,12,23,7,1,43,5,0,5,48
02/28/2017,AEX,LA,ASW,CE,Federal Contract Tower,5,22,7,19,53,0,0,0,0,0,5,22,7,19,53,6,61,67,120
03/01/2017,AEX,LA,ASW,CE,Federal Contract Tower,8,19,11,12,50,0,0,0,0,0,8,19,11,12,50,11,18,29,79
03/02/2017,AEX,LA,ASW,CE,Federal Contract Tower,26,19,15,10,70,0,0,0,0,0,26,19,15,10,70,30,9,39,109
03/03/2017,AEX,LA,ASW,CE,Federal Contract Tower,26,23,19,17,85,0,0,0,0,0,26,23,19,17,85,35,36,71,156
03/04/2017,AEX,LA,ASW,CE,Federal Contract Tower,20,19,14,18,71,0,0,0,0,0,20,19,14,18,71,29,6,35,106
03/05/2017,AEX,LA,ASW,CE,Federal Contract Tower,14,21,12,9,56,0,0,0,0,0,14,21,12,9,56,1,30,31,87
03/06/2017,AEX,LA,ASW,CE,Federal Contract Tower,20,21,8,6,55,0,0,0,0,0,20,21,8,6,55,5,0,5,60
03/07/2017,AEX,LA,ASW,CE,Federal Contract Tower,8,18,9,14,49,0,0,0,0,0,8,18,9,14,49,8,7,15,64
03/08/2017,AEX,LA,ASW,CE,Federal Contract Tower,15,22,14,19,70,0,0,0,0,0,15,22,14,19,70,32,42,74,144
03/09/2017,AEX,LA,ASW,CE,Federal Contract Tower,10,21,14,5,50,0,0,0,0,0,10,21,14,5,50,14,10,24,74
03/10/2017,AEX,LA,ASW,CE,Federal Contract Tower,16,20,7,9,52,0,0,0,0,0,16,20,7,9,52,35,35,70,122
03/11/2017,AEX,LA,ASW,CE,Federal Contract Tower,4,18,5,4,31,0,0,0,0,0,4,18,5,4,31,6,60,66,97
03/12/2017,AEX,LA,ASW,CE,Federal Contract Tower,3,21,16,15,55,0,0,0,0,0,3,21,16,15,55,23,32,55,110
03/13/2017,AEX,LA,ASW,CE,Federal Contract Tower,6,23,11,15,55,0,0,0,0,0,6,23,11,15,55,18,72,90,145
03/14/2017,AEX,LA,ASW,CE,Federal Contract Tower,3,19,16,15,53,0,0,0,0,0,3,19,16,15,53,19,130,149,202
03/15/2017,AEX,LA,ASW,CE,Federal Contract Tower,2,21,15,17,55,0,0,0,0,0,2,21,15,17,55,38,70,108,163
03/16/2017,AEX,LA,ASW,CE,Federal Contract Tower,9,20,20,13,62,0,0,0,0,0,9,20,20,13,62,18,95,113,175
03/17/2017,AEX,LA,ASW,CE,Federal Contract Tower,14,19,15,20,68,0,0,0,0,0,14,19,15,20,68,41,202,243,311
03/18/2017,AEX,LA,ASW,CE,Federal Contract Tower,1,14,9,14,38,0,0,0,0,0,1,14,9,14,38,26,113,139,177
03/19/2017,AEX,LA,ASW,CE,Federal Contract Tower,1,19,16,25,61,0,0,0,0,0,1,19,16,25,61,12,58,70,131
03/20/2017,AEX,LA,ASW,CE,Federal Contract Tower,6,23,8,36,73,0,0,0,0,0,6,23,8,36,73,12,53,65,138
03/21/2017,AEX,LA,ASW,CE,Federal Contract Tower,2,29,9,4,44,0,0,0,0,0,2,29,9,4,44,21,16,37,81
03/22/2017,AEX,LA,ASW,CE,Federal Contract Tower,6,20,16,8,50,0,0,0,0,0,6,20,16,8,50,25,20,45,95
03/23/2017,AEX,LA,ASW,CE,Federal Contract Tower,6,25,6,32,69,0,0,0,0,0,6,25,6,32,69,25,30,55,124
03/24/2017,AEX,LA,ASW,CE,Federal Contract Tower,6,24,7,6,43,0,0,0,0,0,6,24,7,6,43,14,14,28,71
03/25/2017,AEX,LA,ASW,CE,Federal Contract Tower,3,13,12,0,28,0,0,0,0,0,3,13,12,0,28,7,4,11,39
03/26/2017,AEX,LA,ASW,CE,Federal Contract Tower,0,19,16,11,46,0,0,0,0,0,0,19,16,11,46,13,0,13,59
03/27/2017,AEX,LA,ASW,CE,Federal Contract Tower,8,31,4,11,54,0,0,0,0,0,8,31,4,11,54,4,0,4,58
03/28/2017,AEX,LA,ASW,CE,Federal Contract Tower,3,21,14,10,48,0,0,0,0,0,3,21,14,10,48,15,16,31,79
03/29/2017,AEX,LA,ASW,CE,Federal Contract Tower,10,23,8,4,45,0,0,0,0,0,10,23,8,4,45,17,14,31,76
04/01/2017,AEX,LA,ASW,CE,Federal Contract Tower,19,14,3,2,38,0,0,0,0,0,19,14,3,2,38,41,5,46,84
04/02/2017,AEX,LA,ASW,CE,Federal Contract Tower,12,13,3,2,30,0,0,0,0,0,12,13,3,2,30,0,0,0,30
04/03/2017,AEX,LA,ASW,CE,Federal Contract Tower,25,21,14,19,79,0,0,0,0,0,25,21,14,19,79,20,15,35,114
04/04/2017,AEX,LA,ASW,CE,Federal Contract Tower,19,22,14,19,74,0,0,0,0,0,19,22,14,19,74,41,4,45,119
04/05/2017,AEX,LA,ASW,CE,Federal Contract Tower,9,14,16,12,51,0,0,0,0,0,9,14,16,12,51,6,22,28,79
04/06/2017,AEX,LA,ASW,CE,Federal Contract Tower,8,15,10,12,45,0,0,0,0,0,8,15,10,12,45,22,23,45,90
04/07/2017,AEX,LA,ASW,CE,Federal Contract Tower,15,12,9,2,38,0,0,0,0,0,15,12,9,2,38,15,16,31,69
04/08/2017,AEX,LA,ASW,CE,Federal Contract Tower,2,13,5,6,26,0,0,0,0,0,2,13,5,6,26,45,0,45,71
04/09/2017,AEX,LA,ASW,CE,Federal Contract Tower,1,22,11,9,43,0,0,0,0,0,1,22,11,9,43,20,8,28,71
04/10/2017,AEX,LA,ASW,CE,Federal Contract Tower,2,18,2,16,38,0,0,0,0,0,2,18,2,16,38,25,4,29,67
04/11/2017,AEX,LA,ASW,CE,Federal Contract Tower,6,19,5,2,32,0,0,0,0,0,6,19,5,2,32,0,0,0,32
04/12/2017,AEX,LA,ASW,CE,Federal Contract Tower,5,25,13,9,52,0,0,0,0,0,5,25,13,9,52,12,5,17,69
04/13/2017,AEX,LA,ASW,CE,Federal Contract Tower,5,31,19,25,80,0,0,0,0,0,5,31,19,25,80,26,39,65,145
04/14/2017,AEX,LA,ASW,CE,Federal Contract Tower,3,22,10,26,61,0,0,0,0,0,3,22,10,26,61,2,26,28,89
04/15/2017,AEX,LA,ASW,CE,Federal Contract Tower,2,15,4,0,21,0,0,0,0,0,2,15,4,0,21,13,0,13,34
04/16/2017,AEX,LA,ASW,CE,Federal Contract Tower,0,20,2,0,22,0,0,0,0,0,0,20,2,0,22,1,0,1,23
04/17/2017,AEX,LA,ASW,CE,Federal Contract Tower,4,22,10,4,40,0,0,0,0,0,4,22,10,4,40,11,0,11,51
04/18/2017,AEX,LA,ASW,CE,Federal Contract Tower,3,18,7,7,35,0,0,0,0,0,3,18,7,7,35,7,8,15,50
04/19/2017,AEX,LA,ASW,CE,Federal Contract Tower,6,23,20,4,53,0,0,0,0,0,6,23,20,4,53,12,1,13,66
04/20/2017,AEX,LA,ASW,CE,Federal Contract Tower,7,23,12,3,45,0,0,0,0,0,7,23,12,3,45,23,2,25,70
04/21/2017,AEX,LA,ASW,CE,Federal Contract Tower,8,24,15,8,55,0,0,0,0,0,8,24,15,8,55,20,22,42,97
04/22/2017,AEX,LA,ASW,CE,Federal Contract Tower,0,12,6,2,20,0,0,0,0,0,0,12,6,2,20,6,2,8,28
04/23/2017,AEX,LA,ASW,CE,Federal Contract Tower,1,18,13,15,47,0,0,0,0,0,1,18,13,15,47,21,13,34,81
04/24/2017,AEX,LA,ASW,CE,Federal Contract Tower,8,22,8,11,49,0,0,0,0,0,8,22,8,11,49,39,40,79,128
04/25/2017,AEX,LA,ASW,CE,Federal Contract Tower,2,19,11,3,35,0,0,0,0,0,2,19,11,3,35,11,5,16,51
04/26/2017,AEX,LA,ASW,CE,Federal Contract Tower,10,16,6,6,38,0,0,0,0,0,10,16,6,6,38,9,1,10,48
04/27/2017,AEX,LA,ASW,CE,Federal Contract Tower,5,29,58,13,105,0,0,0,0,0,5,29,58,13,105,15,5,20,125
04/28/2017,AEX,LA,ASW,CE,Federal Contract Tower,8,22,16,6,52,0,0,0,0,0,8,22,16,6,52,10,19,29,81
04/29/2017,AEX,LA,ASW,CE,Federal Contract Tower,0,13,6,0,19,0,0,0,0,0,0,13,6,0,19,20,1,21,40
04/30/2017,AEX,LA,ASW,CE,Federal Contract Tower,1,19,4,0,24,0,0,0,0,0,1,19,4,0,24,11,10,21,45
05/01/2017,AEX,LA,ASW,CE,Federal Contract Tower,7,25,11,6,49,0,0,0,0,0,7,25,11,6,49,27,9,36,85
05/02/2017,AEX,LA,ASW,CE,Federal Contract Tower,4,22,13,7,46,0,0,0,0,0,4,22,13,7,46,54,15,69,115
05/03/2017,AEX,LA,ASW,CE,Federal Contract Tower,2,20,5,2,29,0,0,0,0,0,2,20,5,2,29,1,0,1,30
05/04/2017,AEX,LA,ASW,CE,Federal Contract Tower,7,23,13,23,66,0,0,0,0,0,7,23,13,23,66,11,46,57,123
05/05/2017,AEX,LA,ASW,CE,Federal Contract Tower,12,23,9,4,48,0,0,0,0,0,12,23,9,4,48,23,16,39,87
05/06/2017,AEX,LA,ASW,CE,Federal Contract Tower,4,16,2,14,36,0,0,0,0,0,4,16,2,14,36,20,7,27,63
05/07/2017,AEX,LA,ASW,CE,Federal Contract Tower,5,19,11,2,37,0,0,0,0,0,5,19,11,2,37,35,2,37,74
05/08/2017,AEX,LA,ASW,CE,Federal Contract Tower,5,21,12,7,45,0,0,0,0,0,5,21,12,7,45,34,23,57,102
05/09/2017,AEX,LA,ASW,CE,Federal Contract Tower,2,21,4,5,32,0,0,0,0,0,2,21,4,5,32,15,20,35,67
05/10/2017,AEX,LA,ASW,CE,Federal Contract Tower,2,19,17,8,46,0,0,0,0,0,2,19,17,8,46,27,64,91,137
05/11/2017,AEX,LA,ASW,CE,Federal Contract Tower,8,20,10,12,50,0,0,0,0,0,8,20,10,12,50,76,18,94,144
05/12/2017,AEX,LA,ASW,CE,Federal Contract Tower,9,22,13,22,66,0,0,0,0,0,9,22,13,22,66,21,61,82,148
05/13/2017,AEX,LA,ASW,CE,Federal Contract Tower,2,17,16,0,35,0,0,0,0,0,2,17,16,0,35,25,35,60,95
05/14/2017,AEX,LA,ASW,CE,Federal Contract Tower,0,17,5,0,22,0,0,0,0,0,0,17,5,0,22,45,65,110,132
05/15/2017,AEX,LA,ASW,CE,Federal Contract Tower,3,20,10,3,36,0,0,0,0,0,3,20,10,3,36,29,73,102,138
05/16/2017,AEX,LA,ASW,CE,Federal Contract Tower,2,23,12,4,41,0,0,0,0,0,2,23,12,4,41,28,108,136,177
05/17/2017,AEX,LA,ASW,CE,Federal Contract Tower,4,20,12,7,43,0,0,0,0,0,4,20,12,7,43,10,31,41,84
05/18/2017,AEX,LA,ASW,CE,Federal Contract Tower,8,18,10,5,41,0,0,0,0,0,8,18,10,5,41,8,40,48,89
05/19/2017,AEX,LA,ASW,CE,Federal Contract Tower,6,21,11,26,64,0,0,0,0,0,6,21,11,26,64,18,11,29,93
05/20/2017,AEX,LA,ASW,CE,Federal Contract Tower,0,19,9,2,30,0,0,0,0,0,0,19,9,2,30,10,0,10,40
05/21/2017,AEX,LA,ASW,CE,Federal Contract Tower,2,17,2,3,24,0,0,0,0,0,2,17,2,3,24,3,0,3,27
05/22/2017,AEX,LA,ASW,CE,Federal Contract Tower,4,19,2,2,27,0,0,0,0,0,4,19,2,2,27,4,0,4,31
05/23/2017,AEX,LA,ASW,CE,Federal Contract Tower,4,21,17,6,48,0,0,0,0,0,4,21,17,6,48,2,5,7,55
05/24/2017,AEX,LA,ASW,CE,Federal Contract Tower,2,22,8,12,44,0,0,0,0,0,2,22,8,12,44,16,51,67,111
05/25/2017,AEX,LA,ASW,CE,Federal Contract Tower,6,20,10,8,44,0,0,0,0,0,6,20,10,8,44,31,38,69,113
05/26/2017,AEX,LA,ASW,CE,Federal Contract Tower,10,20,14,1,45,0,0,0,0,0,10,20,14,1,45,16,7,23,68
05/27/2017,AEX,LA,ASW,CE,Federal Contract Tower,0,19,20,0,39,0,0,0,0,0,0,19,20,0,39,19,0,19,58
05/28/2017,AEX,LA,ASW,CE,Federal Contract Tower,0,11,0,0,11,0,0,0,0,0,0,11,0,0,11,6,0,6,17
05/29/2017,AEX,LA,ASW,CE,Federal Contract Tower,0,21,8,0,29,0,0,0,0,0,0,21,8,0,29,15,13,28,57
05/30/2017,AEX,LA,ASW,CE,Federal Contract Tower,13,20,12,6,51,0,0,0,0,0,13,20,12,6,51,8,14,22,73
05/31/2017,AEX,LA,ASW,CE,Federal Contract Tower,9,20,13,4,46,0,0,0,0,0,9,20,13,4,46,12,3,15,61
06/01/2017,AEX,LA,ASW,CE,Federal Contract Tower,5,21,6,8,40,0,0,0,0,0,5,21,6,8,40,11,13,24,64
06/02/2017,AEX,LA,ASW,CE,Federal Contract Tower,8,18,6,13,45,0,0,0,0,0,8,18,6,13,45,17,8,25,70
06/03/2017,AEX,LA,ASW,CE,Federal Contract Tower,9,15,5,2,31,0,0,0,0,0,9,15,5,2,31,6,1,7,38
06/04/2017,AEX,LA,ASW,CE,Federal Contract Tower,4,17,9,0,30,0,0,0,0,0,4,17,9,0,30,1,0,1,31
06/05/2017,AEX,LA,ASW,CE,Federal Contract Tower,9,22,13,0,44,0,0,0,0,0,9,22,13,0,44,30,18,48,92
06/06/2017,AEX,LA,ASW,CE,Federal Contract Tower,11,24,4,2,41,0,0,0,0,0,11,24,4,2,41,6,24,30,71
06/07/2017,AEX,LA,ASW,CE,Federal Contract Tower,8,24,8,13,53,0,0,0,0,0,8,24,8,13,53,59,71,130,183
06/08/2017,AEX,LA,ASW,CE,Federal Contract Tower,14,25,9,23,71,0,0,0,0,0,14,25,9,23,71,62,156,218,289
06/09/2017,AEX,LA,ASW,CE,Federal Contract Tower,9,22,11,25,67,0,0,0,0,0,9,22,11,25,67,39,39,78,145
06/10/2017,AEX,LA,ASW,CE,Federal Contract Tower,1,14,12,14,41,0,0,0,0,0,1,14,12,14,41,28,93,121,162
06/11/2017,AEX,LA,ASW,CE,Federal Contract Tower,2,21,10,3,36,0,0,0,0,0,2,21,10,3,36,7,70,77,113
06/12/2017,AEX,LA,ASW,CE,Federal Contract Tower,4,22,4,27,57,0,0,0,0,0,4,22,4,27,57,3,8,11,68
06/13/2017,AEX,LA,ASW,CE,Federal Contract Tower,2,28,11,22,63,0,0,0,0,0,2,28,11,22,63,12,22,34,97
06/14/2017,AEX,LA,ASW,CE,Federal Contract Tower,10,19,15,20,64,0,0,0,0,0,10,19,15,20,64,12,49,61,125
06/15/2017,AEX,LA,ASW,CE,Federal Contract Tower,13,20,16,28,77,0,0,0,0,0,13,20,16,28,77,30,14,44,121
06/16/2017,AEX,LA,ASW,CE,Federal Contract Tower,8,20,13,50,91,0,0,0,0,0,8,20,13,50,91,5,48,53,144
06/17/2017,AEX,LA,ASW,CE,Federal Contract Tower,0,14,17,5,36,0,0,0,0,0,0,14,17,5,36,27,13,40,76
06/18/2017,AEX,LA,ASW,CE,Federal Contract Tower,2,17,10,0,29,0,0,0,0,0,2,17,10,0,29,19,18,37,66
06/19/2017,AEX,LA,ASW,CE,Federal Contract Tower,5,20,3,17,45,0,0,0,0,0,5,20,3,17,45,18,7,25,70
06/20/2017,AEX,LA,ASW,CE,Federal Contract Tower,3,22,14,5,44,0,0,0,0,0,3,22,14,5,44,5,1,6,50
06/21/2017,AEX,LA,ASW,CE,Federal Contract Tower,4,21,3,5,33,0,0,0,0,0,4,21,3,5,33,6,3,9,42
06/22/2017,AEX,LA,ASW,CE,Federal Contract Tower,4,20,5,0,29,0,0,0,0,0,4,20,5,0,29,0,0,0,29
06/23/2017,AEX,LA,ASW,CE,Federal Contract Tower,12,20,7,6,45,0,0,0,0,0,12,20,7,6,45,14,17,31,76
06/24/2017,AEX,LA,ASW,CE,Federal Contract Tower,0,15,10,1,26,0,0,0,0,0,0,15,10,1,26,44,2,46,72
06/25/2017,AEX,LA,ASW,CE,Federal Contract Tower,2,17,12,4,35,0,0,0,0,0,2,17,12,4,35,11,21,32,67
06/26/2017,AEX,LA,ASW,CE,Federal Contract Tower,7,20,6,15,48,0,0,0,0,0,7,20,6,15,48,28,14,42,90
06/27/2017,AEX,LA,ASW,CE,Federal Contract Tower,5,20,19,2,46,0,0,0,0,0,5,20,19,2,46,19,43,62,108
06/28/2017,AEX,LA,ASW,CE,Federal Contract Tower,15,20,10,4,49,0,0,0,0,0,15,20,10,4,49,3,9,12,61
06/29/2017,AEX,LA,ASW,CE,Federal Contract Tower,10,21,3,2,36,0,0,0,0,0,10,21,3,2,36,6,3,9,45
06/30/2017,AEX,LA,ASW,CE,Federal Contract Tower,15,21,6,31,73,0,0,0,0,0,15,21,6,31,73,3,40,43,116
07/01/2017,AEX,LA,ASW,CE,Federal Contract Tower,5,15,14,0,34,0,0,0,0,0,5,15,14,0,34,7,0,7,41
07/02/2017,AEX,LA,ASW,CE,Federal Contract Tower,7,16,7,0,30,0,0,0,0,0,7,16,7,0,30,31,0,31,61
07/03/2017,AEX,LA,ASW,CE,Federal Contract Tower,2,24,12,0,38,0,0,0,0,0,2,24,12,0,38,15,0,15,53
07/04/2017,AEX,LA,ASW,CE,Federal Contract Tower,1,15,2,4,22,0,0,0,0,0,1,15,2,4,22,18,5,23,45
07/05/2017,AEX,LA,ASW,CE,Federal Contract Tower,6,22,7,5,40,0,0,0,0,0,6,22,7,5,40,23,4,27,67
07/06/2017,AEX,LA,ASW,CE,Federal Contract Tower,12,16,19,10,57,0,0,0,0,0,12,16,19,10,57,19,1,20,77
07/07/2017,AEX,LA,ASW,CE,Federal Contract Tower,9,22,11,0,42,0,0,0,0,0,9,22,11,0,42,57,1,58,100
07/08/2017,AEX,LA,ASW,CE,Federal Contract Tower,1,23,12,0,36,0,0,0,0,0,1,23,12,0,36,38,4,42,78
07/09/2017,AEX,LA,ASW,CE,Federal Contract Tower,1,21,9,16,47,0,0,0,0,0,1,21,9,16,47,22,10,32,79
07/10/2017,AEX,LA,ASW,CE,Federal Contract Tower,6,20,4,5,35,0,0,0,0,0,6,20,4,5,35,1,2,3,38
07/11/2017,AEX,LA,ASW,CE,Federal Contract Tower,7,23,11,8,49,0,0,0,0,0,7,23,11,8,49,9,22,31,80
07/12/2017,AEX,LA,ASW,CE,Federal Contract Tower,4,22,10,6,42,0,0,0,0,0,4,22,10,6,42,11,14,25,67
07/13/2017,AEX,LA,ASW,CE,Federal Contract Tower,13,20,0,6,39,0,0,0,0,0,13,20,0,6,39,10,12,22,61
07/14/2017,AEX,LA,ASW,CE,Federal Contract Tower,12,22,19,29,82,0,0,0,0,0,12,22,19,29,82,18,14,32,114
07/15/2017,AEX,LA,ASW,CE,Federal Contract Tower,7,13,7,10,37,0,0,0,0,0,7,13,7,10,37,3,0,3,40
07/16/2017,AEX,LA,ASW,CE,Federal Contract Tower,10,20,7,1,38,0,0,0,0,0,10,20,7,1,38,8,57,65,103
07/17/2017,AEX,LA,ASW,CE,Federal Contract Tower,13,21,9,3,46,0,0,0,0,0,13,21,9,3,46,27,25,52,98
07/18/2017,AEX,LA,ASW,CE,Federal Contract Tower,3,22,17,10,52,0,0,0,0,0,3,22,17,10,52,40,3,43,95
07/19/2017,AEX,LA,ASW,CE,Federal Contract Tower,2,20,12,5,39,0,0,0,0,0,2,20,12,5,39,38,16,54,93
07/20/2017,AEX,LA,ASW,CE,Federal Contract Tower,6,21,17,4,48,0,0,0,0,0,6,21,17,4,48,52,29,81,129
07/21/2017,AEX,LA,ASW,CE,Federal Contract Tower,8,20,8,3,39,0,0,0,0,0,8,20,8,3,39,44,0,44,83
07/22/2017,AEX,LA,ASW,CE,Federal Contract Tower,0,12,9,0,21,0,0,0,0,0,0,12,9,0,21,21,1,22,43
07/23/2017,AEX,LA,ASW,CE,Federal Contract Tower,2,20,13,20,55,0,0,0,0,0,2,20,13,20,55,2,10,12,67
07/24/2017,AEX,LA,ASW,CE,Federal Contract Tower,6,22,6,2,36,0,0,0,0,0,6,22,6,2,36,12,4,16,52
07/25/2017,AEX,LA,ASW,CE,Federal Contract Tower,2,20,7,9,38,0,0,0,0,0,2,20,7,9,38,44,8,52,90
07/26/2017,AEX,LA,ASW,CE,Federal Contract Tower,5,22,12,7,46,0,0,0,0,0,5,22,12,7,46,23,10,33,79
07/27/2017,AEX,LA,ASW,CE,Federal Contract Tower,10,22,18,12,62,0,0,0,0,0,10,22,18,12,62,60,9,69,131
07/28/2017,AEX,LA,ASW,CE,Federal Contract Tower,10,21,11,2,44,0,0,0,0,0,10,21,11,2,44,24,2,26,70
07/29/2017,AEX,LA,ASW,CE,Federal Contract Tower,2,12,7,0,21,0,0,0,0,0,2,12,7,0,21,22,1,23,44
07/30/2017,AEX,LA,ASW,CE,Federal Contract Tower,2,19,2,10,33,0,0,0,0,0,2,19,2,10,33,12,18,30,63
07/31/2017,AEX,LA,ASW,CE,Federal Contract Tower,8,20,6,9,43,0,0,0,0,0,8,20,6,9,43,24,4,28,71
08/01/2017,AEX,LA,ASW,CE,Federal Contract Tower,4,20,10,23,57,0,0,0,0,0,4,20,10,23,57,17,15,32,89
08/02/2017,AEX,LA,ASW,CE,Federal Contract Tower,2,19,19,21,61,0,0,0,0,0,2,19,19,21,61,27,12,39,100
08/03/2017,AEX,LA,ASW,CE,Federal Contract Tower,8,21,7,7,43,0,0,0,0,0,8,21,7,7,43,28,2,30,73
08/04/2017,AEX,LA,ASW,CE,Federal Contract Tower,6,21,10,20,57,0,0,0,0,0,6,21,10,20,57,20,20,40,97
08/05/2017,AEX,LA,ASW,CE,Federal Contract Tower,1,12,10,4,27,0,0,0,0,0,1,12,10,4,27,41,8,49,76
08/06/2017,AEX,LA,ASW,CE,Federal Contract Tower,1,20,4,18,43,0,0,0,0,0,1,20,4,18,43,8,14,22,65
08/07/2017,AEX,LA,ASW,CE,Federal Contract Tower,8,20,10,4,42,0,0,0,0,0,8,20,10,4,42,12,11,23,65
08/08/2017,AEX,LA,ASW,CE,Federal Contract Tower,6,22,9,6,43,0,0,0,0,0,6,22,9,6,43,1,10,11,54
08/09/2017,AEX,LA,ASW,CE,Federal Contract Tower,10,19,11,8,48,0,0,0,0,0,10,19,11,8,48,12,4,16,64
08/10/2017,AEX,LA,ASW,CE,Federal Contract Tower,16,21,7,11,55,0,0,0,0,0,16,21,7,11,55,9,4,13,68
08/11/2017,AEX,LA,ASW,CE,Federal Contract Tower,9,19,8,1,37,0,0,0,0,0,9,19,8,1,37,8,8,16,53
08/12/2017,AEX,LA,ASW,CE,Federal Contract Tower,0,13,7,0,20,0,0,0,0,0,0,13,7,0,20,10,2,12,32
08/13/2017,AEX,LA,ASW,CE,Federal Contract Tower,0,20,3,4,27,0,0,0,0,0,0,20,3,4,27,34,4,38,65
08/14/2017,AEX,LA,ASW,CE,Federal Contract Tower,7,20,7,12,46,0,0,0,0,0,7,20,7,12,46,33,22,55,101
08/15/2017,AEX,LA,ASW,CE,Federal Contract Tower,3,18,11,8,40,0,0,0,0,0,3,18,11,8,40,52,1,53,93
08/16/2017,AEX,LA,ASW,CE,Federal Contract Tower,5,21,14,4,44,0,0,0,0,0,5,21,14,4,44,5,3,8,52
08/17/2017,AEX,LA,ASW,CE,Federal Contract Tower,5,23,11,4,43,0,0,0,0,0,5,23,11,4,43,51,0,51,94
08/18/2017,AEX,LA,ASW,CE,Federal Contract Tower,10,23,6,9,48,0,0,0,0,0,10,23,6,9,48,26,8,34,82
08/19/2017,AEX,LA,ASW,CE,Federal Contract Tower,2,13,16,9,40,0,0,0,0,0,2,13,16,9,40,73,11,84,124
08/20/2017,AEX,LA,ASW,CE,Federal Contract Tower,0,21,9,13,43,0,0,0,0,0,0,21,9,13,43,14,2,16,59
08/21/2017,AEX,LA,ASW,CE,Federal Contract Tower,4,20,2,4,30,0,0,0,0,0,4,20,2,4,30,20,6,26,56
08/22/2017,AEX,LA,ASW,CE,Federal Contract Tower,3,22,9,17,51,0,0,0,0,0,3,22,9,17,51,37,22,59,110
08/23/2017,AEX,LA,ASW,CE,Federal Contract Tower,6,20,14,8,48,0,0,0,0,0,6,20,14,8,48,22,18,40,88
08/24/2017,AEX,LA,ASW,CE,Federal Contract Tower,6,21,13,3,43,0,0,0,0,0,6,21,13,3,43,17,10,27,70
08/25/2017,AEX,LA,ASW,CE,Federal Contract Tower,9,21,11,4,45,0,0,0,0,0,9,21,11,4,45,22,22,44,89
08/26/2017,AEX,LA,ASW,CE,Federal Contract Tower,2,14,5,2,23,0,0,0,0,0,2,14,5,2,23,27,0,27,50
08/27/2017,AEX,LA,ASW,CE,Federal Contract Tower,1,13,2,0,16,0,0,0,0,0,1,13,2,0,16,2,0,2,18
08/28/2017,AEX,LA,ASW,CE,Federal Contract Tower,7,15,2,2,26,0,0,0,0,0,7,15,2,2,26,1,0,1,27
08/29/2017,AEX,LA,ASW,CE,Federal Contract Tower,4,18,3,2,27,0,0,0,0,0,4,18,3,2,27,4,0,4,31
08/30/2017,AEX,LA,ASW,CE,Federal Contract Tower,5,12,2,0,19,0,0,0,0,0,5,12,2,0,19,2,0,2,21
08/31/2017,AEX,LA,ASW,CE,Federal Contract Tower,9,14,11,4,38,0,0,0,0,0,9,14,11,4,38,14,4,18,56
09/01/2017,AEX,LA,ASW,CE,Federal Contract Tower,11,40,23,1,75,0,0,0,0,0,11,40,23,1,75,61,0,61,136
09/02/2017,AEX,LA,ASW,CE,Federal Contract Tower,2,9,19,5,35,0,0,0,0,0,2,9,19,5,35,46,8,54,89
09/03/2017,AEX,LA,ASW,CE,Federal Contract Tower,0,9,12,0,21,0,0,0,0,0,0,9,12,0,21,43,0,43,64
09/04/2017,AEX,LA,ASW,CE,Federal Contract Tower,4,14,18,0,36,0,0,0,0,0,4,14,18,0,36,41,0,41,77
09/05/2017,AEX,LA,ASW,CE,Federal Contract Tower,10,17,10,25,62,0,0,0,0,0,10,17,10,25,62,17,13,30,92
09/06/2017,AEX,LA,ASW,CE,Federal Contract Tower,8,15,13,5,41,0,0,0,0,0,8,15,13,5,41,26,2,28,69
09/07/2017,AEX,LA,ASW,CE,Federal Contract Tower,5,18,11,7,41,0,0,0,0,0,5,18,11,7,41,36,5,41,82
09/08/2017,AEX,LA,ASW,CE,Federal Contract Tower,6,16,16,25,63,0,0,0,0,0,6,16,16,25,63,35,44,79,142
09/09/2017,AEX,LA,ASW,CE,Federal Contract Tower,9,9,15,6,39,0,0,0,0,0,9,9,15,6,39,60,2,62,101
09/10/2017,AEX,LA,ASW,CE,Federal Contract Tower,1,19,14,17,51,0,0,0,0,0,1,19,14,17,51,16,16,32,83
09/11/2017,AEX,LA,ASW,CE,Federal Contract Tower,7,12,21,18,58,0,0,0,0,0,7,12,21,18,58,58,10,68,126
09/12/2017,AEX,LA,ASW,CE,Federal Contract Tower,6,19,16,22,63,0,0,0,0,0,6,19,16,22,63,46,42,88,151
09/13/2017,AEX,LA,ASW,CE,Federal Contract Tower,8,21,10,6,45,0,0,0,0,0,8,21,10,6,45,33,11,44,89
09/14/2017,AEX,LA,ASW,CE,Federal Contract Tower,5,23,23,9,60,0,0,0,0,0,5,23,23,9,60,30,4,34,94
09/15/2017,AEX,LA,ASW,CE,Federal Contract Tower,8,22,8,10,48,0,0,0,0,0,8,22,8,10,48,32,25,57,105
09/16/2017,AEX,LA,ASW,CE,Federal Contract Tower,0,17,14,4,35,0,0,0,0,0,0,17,14,4,35,23,4,27,62
09/17/2017,AEX,LA,ASW,CE,Federal Contract Tower,5,20,12,8,45,0,0,0,0,0,5,20,12,8,45,20,1,21,66
09/18/2017,AEX,LA,ASW,CE,Federal Contract Tower,3,25,7,8,43,0,0,0,0,0,3,25,7,8,43,22,7,29,72
09/19/2017,AEX,LA,ASW,CE,Federal Contract Tower,4,17,11,12,44,0,0,0,0,0,4,17,11,12,44,15,15,30,74
09/20/2017,AEX,LA,ASW,CE,Federal Contract Tower,6,17,15,2,40,0,0,0,0,0,6,17,15,2,40,33,35,68,108
09/21/2017,AEX,LA,ASW,CE,Federal Contract Tower,6,23,14,2,45,0,0,0,0,0,6,23,14,2,45,51,45,96,141
09/22/2017,AEX,LA,ASW,CE,Federal Contract Tower,11,19,6,38,74,0,0,0,0,0,11,19,6,38,74,36,80,116,190
09/23/2017,AEX,LA,ASW,CE,Federal Contract Tower,13,17,4,6,40,0,0,0,0,0,13,17,4,6,40,37,21,58,98
09/24/2017,AEX,LA,ASW,CE,Federal Contract Tower,2,20,8,2,32,0,0,0,0,0,2,20,8,2,32,14,25,39,71
09/25/2017,AEX,LA,ASW,CE,Federal Contract Tower,9,22,9,11,51,0,0,0,0,0,9,22,9,11,51,10,15,25,76
09/26/2017,AEX,LA,ASW,CE,Federal Contract Tower,2,19,22,19,62,0,0,0,0,0,2,19,22,19,62,19,29,48,110
09/27/2017,AEX,LA,ASW,CE,Federal Contract Tower,2,18,18,20,58,0,0,0,0,0,2,18,18,20,58,17,44,61,119
09/28/2017,AEX,LA,ASW,CE,Federal Contract Tower,10,20,10,21,61,0,0,0,0,0,10,20,10,21,61,14,86,100,161
09/29/2017,AEX,LA,ASW,CE,Federal Contract Tower,19,23,11,40,93,0,0,0,0,0,19,23,11,40,93,27,84,111,204
09/30/2017,AEX,LA,ASW,CE,Federal Contract Tower,1,13,6,8,28,0,0,0,0,0,1,13,6,8,28,10,104,114,142
10/01/2017,AEX,LA,ASW,CE,Federal Contract Tower,2,19,9,21,51,0,0,0,0,0,2,19,9,21,51,32,76,108,159
10/02/2017,AEX,LA,ASW,CE,Federal Contract Tower,4,20,9,34,67,0,0,0,0,0,4,20,9,34,67,11,20,31,98
10/03/2017,AEX,LA,ASW,CE,Federal Contract Tower,6,21,5,19,51,0,0,0,0,0,6,21,5,19,51,20,34,54,105
10/04/2017,AEX,LA,ASW,CE,Federal Contract Tower,8,19,18,17,62,0,0,0,0,0,8,19,18,17,62,24,46,70,132
10/05/2017,AEX,LA,ASW,CE,Federal Contract Tower,8,19,12,1,40,0,0,0,0,0,8,19,12,1,40,44,56,100,140
10/06/2017,AEX,LA,ASW,CE,Federal Contract Tower,8,18,11,16,53,0,0,0,0,0,8,18,11,16,53,22,70,92,145
10/07/2017,AEX,LA,ASW,CE,Federal Contract Tower,0,11,10,3,24,0,0,0,0,0,0,11,10,3,24,9,9,18,42
10/08/2017,AEX,LA,ASW,CE,Federal Contract Tower,0,18,6,0,24,0,0,0,0,0,0,18,6,0,24,4,3,7,31
10/09/2017,AEX,LA,ASW,CE,Federal Contract Tower,1,21,6,7,35,0,0,0,0,0,1,21,6,7,35,4,10,14,49
10/10/2017,AEX,LA,ASW,CE,Federal Contract Tower,7,16,7,8,38,0,0,0,0,0,7,16,7,8,38,8,4,12,50
10/11/2017,AEX,LA,ASW,CE,Federal Contract Tower,6,20,12,13,51,0,0,0,0,0,6,20,12,13,51,16,19,35,86
10/12/2017,AEX,LA,ASW,CE,Federal Contract Tower,7,20,11,7,45,0,0,0,0,0,7,20,11,7,45,25,28,53,98
10/13/2017,AEX,LA,ASW,CE,Federal Contract Tower,9,20,6,19,54,0,0,0,0,0,9,20,6,19,54,33,60,93,147
10/14/2017,AEX,LA,ASW,CE,Federal Contract Tower,2,16,11,4,33,0,0,0,0,0,2,16,11,4,33,22,21,43,76
10/15/2017,AEX,LA,ASW,CE,Federal Contract Tower,2,21,12,16,51,0,0,0,0,0,2,21,12,16,51,16,31,47,98
10/16/2017,AEX,LA,ASW,CE,Federal Contract Tower,4,22,11,2,39,0,0,0,0,0,4,22,11,2,39,65,7,72,111
10/17/2017,AEX,LA,ASW,CE,Federal Contract Tower,7,17,9,12,45,0,0,0,0,0,7,17,9,12,45,26,8,34,79
10/18/2017,AEX,LA,ASW,CE,Federal Contract Tower,8,20,5,2,35,0,0,0,0,0,8,20,5,2,35,47,6,53,88
10/19/2017,AEX,LA,ASW,CE,Federal Contract Tower,8,21,14,6,49,0,0,0,0,0,8,21,14,6,49,23,14,37,86
10/20/2017,AEX,LA,ASW,CE,Federal Contract Tower,7,19,7,26,59,0,0,0,0,0,7,19,7,26,59,6,36,42,101
10/21/2017,AEX,LA,ASW,CE,Federal Contract Tower,4,13,10,2,29,0,0,0,0,0,4,13,10,2,29,10,0,10,39
10/22/2017,AEX,LA,ASW,CE,Federal Contract Tower,0,20,14,7,41,0,0,0,0,0,0,20,14,7,41,9,0,9,50
10/23/2017,AEX,LA,ASW,CE,Federal Contract Tower,4,20,7,10,41,0,0,0,0,0,4,20,7,10,41,18,25,43,84
10/24/2017,AEX,LA,ASW,CE,Federal Contract Tower,2,14,5,2,23,0,0,0,0,0,2,14,5,2,23,25,61,86,109
10/25/2017,AEX,LA,ASW,CE,Federal Contract Tower,4,18,14,3,39,0,0,0,0,0,4,18,14,3,39,21,49,70,109
10/26/2017,AEX,LA,ASW,CE,Federal Contract Tower,10,20,15,4,49,0,0,0,0,0,10,20,15,4,49,43,26,69,118
10/27/2017,AEX,LA,ASW,CE,Federal Contract Tower,6,22,24,4,56,0,0,0,0,0,6,22,24,4,56,6,22,28,84
10/28/2017,AEX,LA,ASW,CE,Federal Contract Tower,3,11,5,1,20,0,0,0,0,0,3,11,5,1,20,42,16,58,78
10/29/2017,AEX,LA,ASW,CE,Federal Contract Tower,1,19,6,2,28,0,0,0,0,0,1,19,6,2,28,17,20,37,65
10/30/2017,AEX,LA,ASW,CE,Federal Contract Tower,4,19,9,8,40,0,0,0,0,0,4,19,9,8,40,34,33,67,107
10/31/2017,AEX,LA,ASW,CE,Federal Contract Tower,4,16,6,2,28,0,0,0,0,0,4,16,6,2,28,17,53,70,98
11/01/2017,AEX,LA,ASW,CE,Federal Contract Tower,6,21,11,0,38,0,0,0,0,0,6,21,11,0,38,0,62,62,100
11/02/2017,AEX,LA,ASW,CE,Federal Contract Tower,10,19,14,4,47,0,0,0,0,0,10,19,14,4,47,13,26,39,86
11/03/2017,AEX,LA,ASW,CE,Federal Contract Tower,6,19,10,7,42,0,0,0,0,0,6,19,10,7,42,24,62,86,128
11/04/2017,AEX,LA,ASW,CE,Federal Contract Tower,0,13,8,3,24,0,0,0,0,0,0,13,8,3,24,33,4,37,61
11/05/2017,AEX,LA,ASW,CE,Federal Contract Tower,2,20,12,12,46,0,0,0,0,0,2,20,12,12,46,25,12,37,83
11/06/2017,AEX,LA,ASW,CE,Federal Contract Tower,6,19,9,5,39,0,0,0,0,0,6,19,9,5,39,5,4,9,48
11/07/2017,AEX,LA,ASW,CE,Federal Contract Tower,4,20,15,4,43,0,0,0,0,0,4,20,15,4,43,8,8,16,59
11/08/2017,AEX,LA,ASW,CE,Federal Contract Tower,4,22,9,5,40,0,0,0,0,0,4,22,9,5,40,6,1,7,47
11/09/2017,AEX,LA,ASW,CE,Federal Contract Tower,5,19,0,4,28,0,0,0,0,0,5,19,0,4,28,13,1,14,42
11/10/2017,AEX,LA,ASW,CE,Federal Contract Tower,6,22,11,0,39,0,0,0,0,0,6,22,11,0,39,39,0,39,78
11/11/2017,AEX,LA,ASW,CE,Federal Contract Tower,3,12,3,0,18,0,0,0,0,0,3,12,3,0,18,37,3,40,58
11/12/2017,AEX,LA,ASW,CE,Federal Contract Tower,1,20,4,8,33,0,0,0,0,0,1,20,4,8,33,11,14,25,58
11/13/2017,AEX,LA,ASW,CE,Federal Contract Tower,6,19,21,3,49,0,0,0,0,0,6,19,21,3,49,20,8,28,77
11/14/2017,AEX,LA,ASW,CE,Federal Contract Tower,4,18,9,6,37,0,0,0,0,0,4,18,9,6,37,33,12,45,82
11/15/2017,AEX,LA,ASW,CE,Federal Contract Tower,4,20,4,9,37,0,0,0,0,0,4,20,4,9,37,22,24,46,83
11/16/2017,AEX,LA,ASW,CE,Federal Contract Tower,8,20,21,2,51,0,0,0,0,0,8,20,21,2,51,21,12,33,84
11/17/2017,AEX,LA,ASW,CE,Federal Contract Tower,7,20,14,12,53,0,0,0,0,0,7,20,14,12,53,25,6,31,84
11/19/2017,AEX,LA,ASW,CE,Federal Contract Tower,3,16,19,19,57,0,0,0,0,0,3,16,19,19,57,6,7,13,70
11/20/2017,AEX,LA,ASW,CE,Federal Contract Tower,9,15,9,0,33,0,0,0,0,0,9,15,9,0,33,26,1,27,60
11/21/2017,AEX,LA,ASW,CE,Federal Contract Tower,14,19,18,1,52,0,0,0,0,0,14,19,18,1,52,17,3,20,72
11/22/2017,AEX,LA,ASW,CE,Federal Contract Tower,10,22,19,2,53,0,0,0,0,0,10,22,19,2,53,26,1,27,80
11/23/2017,AEX,LA,ASW,CE,Federal Contract Tower,1,12,5,0,18,0,0,0,0,0,1,12,5,0,18,1,0,1,19
11/24/2017,AEX,LA,ASW,CE,Federal Contract Tower,11,16,3,0,30,0,0,0,0,0,11,16,3,0,30,56,0,56,86
11/25/2017,AEX,LA,ASW,CE,Federal Contract Tower,0,21,8,0,29,0,0,0,0,0,0,21,8,0,29,46,0,46,75
11/26/2017,AEX,LA,ASW,CE,Federal Contract Tower,2,20,11,0,33,0,0,0,0,0,2,20,11,0,33,35,0,35,68
11/27/2017,AEX,LA,ASW,CE,Federal Contract Tower,6,19,7,2,34,0,0,0,0,0,6,19,7,2,34,67,0,67,101
11/28/2017,AEX,LA,ASW,CE,Federal Contract Tower,8,17,8,2,35,0,0,0,0,0,8,17,8,2,35,32,2,34,69
11/29/2017,AEX,LA,ASW,CE,Federal Contract Tower,16,16,13,3,48,0,0,0,0,0,16,16,13,3,48,21,7,28,76
11/30/2017,AEX,LA,ASW,CE,Federal Contract Tower,8,18,8,6,40,0,0,0,0,0,8,18,8,6,40,14,6,20,60
12/01/2017,AEX,LA,ASW,CE,Federal Contract Tower,8,20,19,5,52,0,0,0,0,0,8,20,19,5,52,10,40,50,102
12/02/2017,AEX,LA,ASW,CE,Federal Contract Tower,1,13,11,0,25,0,0,0,0,0,1,13,11,0,25,39,0,39,64
12/03/2017,AEX,LA,ASW,CE,Federal Contract Tower,1,16,12,5,34,0,0,0,0,0,1,16,12,5,34,2,1,3,37
12/04/2017,AEX,LA,ASW,CE,Federal Contract Tower,7,17,19,1,44,0,0,0,0,0,7,17,19,1,44,6,2,8,52
12/05/2017,AEX,LA,ASW,CE,Federal Contract Tower,5,19,10,5,39,0,0,0,0,0,5,19,10,5,39,6,6,12,51
12/06/2017,AEX,LA,ASW,CE,Federal Contract Tower,6,19,11,4,40,0,0,0,0,0,6,19,11,4,40,18,2,20,60
12/07/2017,AEX,LA,ASW,CE,Federal Contract Tower,11,19,16,7,53,0,0,0,0,0,11,19,16,7,53,26,11,37,90
12/08/2017,AEX,LA,ASW,CE,Federal Contract Tower,2,11,9,2,24,0,0,0,0,0,2,11,9,2,24,2,20,22,46
12/09/2017,AEX,LA,ASW,CE,Federal Contract Tower,4,12,12,10,38,0,0,0,0,0,4,12,12,10,38,25,10,35,73
12/10/2017,AEX,LA,ASW,CE,Federal Contract Tower,4,15,10,0,29,0,0,0,0,0,4,15,10,0,29,19,0,19,48
12/11/2017,AEX,LA,ASW,CE,Federal Contract Tower,5,18,8,4,35,0,0,0,0,0,5,18,8,4,35,27,5,32,67
12/12/2017,AEX,LA,ASW,CE,Federal Contract Tower,3,20,8,4,35,0,0,0,0,0,3,20,8,4,35,24,8,32,67
12/13/2017,AEX,LA,ASW,CE,Federal Contract Tower,8,20,9,7,44,0,0,0,0,0,8,20,9,7,44,18,15,33,77
12/14/2017,AEX,LA,ASW,CE,Federal Contract Tower,8,20,8,4,40,0,0,0,0,0,8,20,8,4,40,37,13,50,90
12/15/2017,AEX,LA,ASW,CE,Federal Contract Tower,9,18,13,9,49,0,0,0,0,0,9,18,13,9,49,34,6,40,89
12/16/2017,AEX,LA,ASW,CE,Federal Contract Tower,1,15,10,2,28,0,0,0,0,0,1,15,10,2,28,32,14,46,74
12/17/2017,AEX,LA,ASW,CE,Federal Contract Tower,6,9,6,0,21,0,0,0,0,0,6,9,6,0,21,1,0,1,22
12/18/2017,AEX,LA,ASW,CE,Federal Contract Tower,8,18,6,1,33,0,0,0,0,0,8,18,6,1,33,0,0,0,33
12/19/2017,AEX,LA,ASW,CE,Federal Contract Tower,2,21,12,1,36,0,0,0,0,0,2,21,12,1,36,3,0,3,39
12/20/2017,AEX,LA,ASW,CE,Federal Contract Tower,4,30,9,11,54,0,0,0,0,0,4,30,9,11,54,26,10,36,90
12/21/2017,AEX,LA,ASW,CE,Federal Contract Tower,10,22,10,3,45,0,0,0,0,0,10,22,10,3,45,25,1,26,71
12/22/2017,AEX,LA,ASW,CE,Federal Contract Tower,6,20,12,1,39,0,0,0,0,0,6,20,12,1,39,14,0,14,53
12/23/2017,AEX,LA,ASW,CE,Federal Contract Tower,3,16,10,0,29,0,0,0,0,0,3,16,10,0,29,2,0,2,31
12/24/2017,AEX,LA,ASW,CE,Federal Contract Tower,0,11,3,0,14,0,0,0,0,0,0,11,3,0,14,11,0,11,25
12/25/2017,AEX,LA,ASW,CE,Federal Contract Tower,1,17,0,1,19,0,0,0,0,0,1,17,0,1,19,14,0,14,33
12/26/2017,AEX,LA,ASW,CE,Federal Contract Tower,6,21,8,0,35,0,0,0,0,0,6,21,8,0,35,6,0,6,41
12/27/2017,AEX,LA,ASW,CE,Federal Contract Tower,5,17,16,4,42,0,0,0,0,0,5,17,16,4,42,10,0,10,52
12/28/2017,AEX,LA,ASW,CE,Federal Contract Tower,6,19,8,0,33,0,0,0,0,0,6,19,8,0,33,11,0,11,44
12/29/2017,AEX,LA,ASW,CE,Federal Contract Tower,7,22,9,0,38,0,0,0,0,0,7,22,9,0,38,17,0,17,55
12/30/2017,AEX,LA,ASW,CE,Federal Contract Tower,1,17,11,0,29,0,0,0,0,0,1,17,11,0,29,6,0,6,35
12/31/2017,AEX,LA,ASW,CE,Federal Contract Tower,0,10,3,0,13,0,0,0,0,0,0,10,3,0,13,8,0,8,21
01/01/2018,AEX,LA,ASW,CE,Federal Contract Tower,2,16,11,0,29,0,0,0,0,0,2,16,11,0,29,15,0,15,44
01/02/2018,AEX,LA,ASW,CE,Federal Contract Tower,10,17,1,0,28,0,0,0,0,0,10,17,1,0,28,35,0,35,63
01/03/2018,AEX,LA,ASW,CE,Federal Contract Tower,4,19,11,6,40,0,0,0,0,0,4,19,11,6,40,26,7,33,73
01/04/2018,AEX,LA,ASW,CE,Federal Contract Tower,9,18,6,4,37,0,0,0,0,0,9,18,6,4,37,40,14,54,91
01/05/2018,AEX,LA,ASW,CE,Federal Contract Tower,16,18,12,10,56,0,0,0,0,0,16,18,12,10,56,10,31,41,97
01/06/2018,AEX,LA,ASW,CE,Federal Contract Tower,4,14,6,0,24,0,0,0,0,0,4,14,6,0,24,6,0,6,30
01/07/2018,AEX,LA,ASW,CE,Federal Contract Tower,2,16,10,7,35,0,0,0,0,0,2,16,10,7,35,11,14,25,60
01/08/2018,AEX,LA,ASW,CE,Federal Contract Tower,7,22,11,6,46,0,0,0,0,0,7,22,11,6,46,21,1,22,68
01/09/2018,AEX,LA,ASW,CE,Federal Contract Tower,2,20,11,2,35,0,0,0,0,0,2,20,11,2,35,0,0,0,35
01/10/2018,AEX,LA,ASW,CE,Federal Contract Tower,5,18,11,0,34,0,0,0,0,0,5,18,11,0,34,1,0,1,35
01/11/2018,AEX,LA,ASW,CE,Federal Contract Tower,8,17,7,4,36,0,0,0,0,0,8,17,7,4,36,6,1,7,43
01/12/2018,AEX,LA,ASW,CE,Federal Contract Tower,9,22,12,0,43,0,0,0,0,0,9,22,12,0,43,30,8,38,81
01/13/2018,AEX,LA,ASW,CE,Federal Contract Tower,0,20,4,0,24,0,0,0,0,0,0,20,4,0,24,43,6,49,73
01/14/2018,AEX,LA,ASW,CE,Federal Contract Tower,0,14,4,0,18,0,0,0,0,0,0,14,4,0,18,24,0,24,42
01/15/2018,AEX,LA,ASW,CE,Federal Contract Tower,1,19,6,4,30,0,0,0,0,0,1,19,6,4,30,24,8,32,62
01/16/2018,AEX,LA,ASW,CE,Federal Contract Tower,3,9,6,1,19,0,0,0,0,0,3,9,6,1,19,16,0,16,35
01/17/2018,AEX,LA,ASW,CE,Federal Contract Tower,6,14,11,0,31,0,0,0,0,0,6,14,11,0,31,34,7,41,72
01/18/2018,AEX,LA,ASW,CE,Federal Contract Tower,9,24,9,2,44,0,0,0,0,0,9,24,9,2,44,21,19,40,84
01/19/2018,AEX,LA,ASW,CE,Federal Contract Tower,8,22,15,0,45,0,0,0,0,0,8,22,15,0,45,25,5,30,75
01/20/2018,AEX,LA,ASW,CE,Federal Contract Tower,0,12,12,14,38,0,0,0,0,0,0,12,12,14,38,18,14,32,70
01/21/2018,AEX,LA,ASW,CE,Federal Contract Tower,3,15,4,14,36,0,0,0,0,0,3,15,4,14,36,14,1,15,51
01/22/2018,AEX,LA,ASW,CE,Federal Contract Tower,5,21,9,0,35,0,0,0,0,0,5,21,9,0,35,21,0,21,56
01/23/2018,AEX,LA,ASW,CE,Federal Contract Tower,2,18,11,0,31,0,0,0,0,0,2,18,11,0,31,58,2,60,91
01/24/2018,AEX,LA,ASW,CE,Federal Contract Tower,7,20,11,7,45,0,0,0,0,0,7,20,11,7,45,52,21,73,118
01/25/2018,AEX,LA,ASW,CE,Federal Contract Tower,10,20,9,5,44,0,0,0,0,0,10,20,9,5,44,41,6,47,91
01/26/2018,AEX,LA,ASW,CE,Federal Contract Tower,8,24,15,18,65,0,0,0,0,0,8,24,15,18,65,32,22,54,119
01/27/2018,AEX,LA,ASW,CE,Federal Contract Tower,8,14,4,1,27,0,0,0,0,0,8,14,4,1,27,0,0,0,27
01/28/2018,AEX,LA,ASW,CE,Federal Contract Tower,5,19,3,3,30,0,0,0,0,0,5,19,3,3,30,23,0,23,53
01/29/2018,AEX,LA,ASW,CE,Federal Contract Tower,14,21,1,27,63,0,0,0,0,0,14,21,1,27,63,30,3,33,96
01/30/2018,AEX,LA,ASW,CE,Federal Contract Tower,10,16,7,2,35,0,0,0,0,0,10,16,7,2,35,18,12,30,65
01/31/2018,AEX,LA,ASW,CE,Federal Contract Tower,9,18,28,11,66,0,0,0,0,0,9,18,28,11,66,39,22,61,127
02/01/2018,AEX,LA,ASW,CE,Federal Contract Tower,15,20,22,12,69,0,0,0,0,0,15,20,22,12,69,10,10,20,89
02/02/2018,AEX,LA,ASW,CE,Federal Contract Tower,14,20,8,3,45,0,0,0,0,0,14,20,8,3,45,19,14,33,78
02/03/2018,AEX,LA,ASW,CE,Federal Contract Tower,5,14,1,4,24,0,0,0,0,0,5,14,1,4,24,9,11,20,44
02/04/2018,AEX,LA,ASW,CE,Federal Contract Tower,5,17,9,8,39,0,0,0,0,0,5,17,9,8,39,11,0,11,50
02/05/2018,AEX,LA,ASW,CE,Federal Contract Tower,8,19,4,5,36,0,0,0,0,0,8,19,4,5,36,11,3,14,50
02/06/2018,AEX,LA,ASW,CE,Federal Contract Tower,6,18,10,15,49,0,0,0,0,0,6,18,10,15,49,1,0,1,50
02/07/2018,AEX,LA,ASW,CE,Federal Contract Tower,8,22,16,2,48,0,0,0,0,0,8,22,16,2,48,0,0,0,48
02/08/2018,AEX,LA,ASW,CE,Federal Contract Tower,8,22,23,16,69,0,0,0,0,0,8,22,23,16,69,52,24,76,145
02/09/2018,AEX,LA,ASW,CE,Federal Contract Tower,6,25,16,16,63,0,0,0,0,0,6,25,16,16,63,12,38,50,113
02/10/2018,AEX,LA,ASW,CE,Federal Contract Tower,10,10,0,2,22,0,0,0,0,0,10,10,0,2,22,6,0,6,28
02/11/2018,AEX,LA,ASW,CE,Federal Contract Tower,1,16,11,14,42,0,0,0,0,0,1,16,11,14,42,8,0,8,50
02/12/2018,AEX,LA,ASW,CE,Federal Contract Tower,7,22,8,16,53,0,0,0,0,0,7,22,8,16,53,20,29,49,102
02/13/2018,AEX,LA,ASW,CE,Federal Contract Tower,8,16,5,1,30,0,0,0,0,0,8,16,5,1,30,6,0,6,36
02/14/2018,AEX,LA,ASW,CE,Federal Contract Tower,7,19,8,9,43,0,0,0,0,0,7,19,8,9,43,4,12,16,59
02/15/2018,AEX,LA,ASW,CE,Federal Contract Tower,10,20,18,14,62,0,0,0,0,0,10,20,18,14,62,59,12,71,133
02/16/2018,AEX,LA,ASW,CE,Federal Contract Tower,7,21,7,13,48,0,0,0,0,0,7,21,7,13,48,32,5,37,85
02/17/2018,AEX,LA,ASW,CE,Federal Contract Tower,4,14,6,17,41,0,0,0,0,0,4,14,6,17,41,9,5,14,55
02/18/2018,AEX,LA,ASW,CE,Federal Contract Tower,0,13,10,11,34,0,0,0,0,0,0,13,10,11,34,3,0,3,37
02/19/2018,AEX,LA,ASW,CE,Federal Contract Tower,1,22,11,3,37,0,0,0,0,0,1,22,11,3,37,42,6,48,85
02/20/2018,AEX,LA,ASW,CE,Federal Contract Tower,8,20,11,17,56,0,0,0,0,0,8,20,11,17,56,0,22,22,78
02/21/2018,AEX,LA,ASW,CE,Federal Contract Tower,10,18,8,0,36,0,0,0,0,0,10,18,8,0,36,17,0,17,53
02/22/2018,AEX,LA,ASW,CE,Federal Contract Tower,8,21,11,5,45,0,0,0,0,0,8,21,11,5,45,3,5,8,53
02/23/2018,AEX,LA,ASW,CE,Federal Contract Tower,12,22,7,6,47,0,0,0,0,0,12,22,7,6,47,30,7,37,84
02/24/2018,AEX,LA,ASW,CE,Federal Contract Tower,0,17,7,0,24,0,0,0,0,0,0,17,7,0,24,30,0,30,54
02/25/2018,AEX,LA,ASW,CE,Federal Contract Tower,2,24,4,0,30,0,0,0,0,0,2,24,4,0,30,6,0,6,36
02/26/2018,AEX,LA,ASW,CE,Federal Contract Tower,9,21,8,4,42,0,0,0,0,0,9,21,8,4,42,8,0,8,50
02/27/2018,AEX,LA,ASW,CE,Federal Contract Tower,4,21,10,3,38,0,0,0,0,0,4,21,10,3,38,11,14,25,63
02/28/2018,AEX,LA,ASW,CE,Federal Contract Tower,21,19,4,25,69,0,0,0,0,0,21,19,4,25,69,24,9,33,102
03/01/2018,AEX,LA,ASW,CE,Federal Contract Tower,11,18,14,9,52,0,0,0,0,0,11,18,14,9,52,16,5,21,73
03/02/2018,AEX,LA,ASW,CE,Federal Contract Tower,10,20,18,4,52,0,0,0,0,0,10,20,18,4,52,20,5,25,77
03/03/2018,AEX,LA,ASW,CE,Federal Contract Tower,7,18,12,0,37,0,0,0,0,0,7,18,12,0,37,38,2,40,77
03/04/2018,AEX,LA,ASW,CE,Federal Contract Tower,6,23,23,0,52,0,0,0,0,0,6,23,23,0,52,48,2,50,102
03/05/2018,AEX,LA,ASW,CE,Federal Contract Tower,10,20,6,2,38,0,0,0,0,0,10,20,6,2,38,11,1,12,50
03/06/2018,AEX,LA,ASW,CE,Federal Contract Tower,7,31,5,3,46,0,0,0,0,0,7,31,5,3,46,29,25,54,100
03/07/2018,AEX,LA,ASW,CE,Federal Contract Tower,5,24,18,6,53,0,0,0,0,0,5,24,18,6,53,26,58,84,137
03/08/2018,AEX,LA,ASW,CE,Federal Contract Tower,8,22,11,8,49,0,0,0,0,0,8,22,11,8,49,59,6,65,114
03/09/2018,AEX,LA,ASW,CE,Federal Contract Tower,10,19,18,0,47,0,0,0,0,0,10,19,18,0,47,10,21,31,78
03/10/2018,AEX,LA,ASW,CE,Federal Contract Tower,2,14,10,6,32,0,0,0,0,0,2,14,10,6,32,38,28,66,98
03/11/2018,AEX,LA,ASW,CE,Federal Contract Tower,4,24,6,1,35,0,0,0,0,0,4,24,6,1,35,13,42,55,90
03/12/2018,AEX,LA,ASW,CE,Federal Contract Tower,6,23,17,2,48,0,0,0,0,0,6,23,17,2,48,54,125,179,227
03/13/2018,AEX,LA,ASW,CE,Federal Contract Tower,2,22,17,6,47,0,0,0,0,0,2,22,17,6,47,36,12,48,95
03/14/2018,AEX,LA,ASW,CE,Federal Contract Tower,4,22,12,4,42,0,0,0,0,0,4,22,12,4,42,41,9,50,92
03/15/2018,AEX,LA,ASW,CE,Federal Contract Tower,11,21,10,8,50,0,0,0,0,0,11,21,10,8,50,23,6,29,79
03/16/2018,AEX,LA,ASW,CE,Federal Contract Tower,8,22,13,11,54,0,0,0,0,0,8,22,13,11,54,21,4,25,79
03/17/2018,AEX,LA,ASW,CE,Federal Contract Tower,3,15,4,1,23,0,0,0,0,0,3,15,4,1,23,35,0,35,58
03/18/2018,AEX,LA,ASW,CE,Federal Contract Tower,1,20,2,14,37,0,0,0,0,0,1,20,2,14,37,17,1,18,55
03/19/2018,AEX,LA,ASW,CE,Federal Contract Tower,8,21,18,11,58,0,0,0,0,0,8,21,18,11,58,8,24,32,90
03/20/2018,AEX,LA,ASW,CE,Federal Contract Tower,4,20,3,13,40,0,0,0,0,0,4,20,3,13,40,16,2,18,58
03/21/2018,AEX,LA,ASW,CE,Federal Contract Tower,4,19,12,4,39,0,0,0,0,0,4,19,12,4,39,38,8,46,85
03/22/2018,AEX,LA,ASW,CE,Federal Contract Tower,8,21,7,5,41,0,0,0,0,0,8,21,7,5,41,32,1,33,74
03/23/2018,AEX,LA,ASW,CE,Federal Contract Tower,8,23,8,39,78,0,0,0,0,0,8,23,8,39,78,22,5,27,105
03/24/2018,AEX,LA,ASW,CE,Federal Contract Tower,0,14,5,4,23,0,0,0,0,0,0,14,5,4,23,20,0,20,43
03/25/2018,AEX,LA,ASW,CE,Federal Contract Tower,2,22,10,0,34,0,0,0,0,0,2,22,10,0,34,27,0,27,61
03/26/2018,AEX,LA,ASW,CE,Federal Contract Tower,5,23,8,4,40,0,0,0,0,0,5,23,8,4,40,4,1,5,45
03/27/2018,AEX,LA,ASW,CE,Federal Contract Tower,2,25,4,20,51,0,0,0,0,0,2,25,4,20,51,26,18,44,95
03/28/2018,AEX,LA,ASW,CE,Federal Contract Tower,7,14,14,4,39,0,0,0,0,0,7,14,14,4,39,3,1,4,43
03/29/2018,AEX,LA,ASW,CE,Federal Contract Tower,11,25,8,11,55,0,0,0,0,0,11,25,8,11,55,7,7,14,69
03/30/2018,AEX,LA,ASW,CE,Federal Contract Tower,2,21,6,4,33,0,0,0,0,0,2,21,6,4,33,17,42,59,92
03/31/2018,AEX,LA,ASW,CE,Federal Contract Tower,0,15,8,0,23,0,0,0,0,0,0,15,8,0,23,29,61,90,113
04/01/2018,AEX,LA,ASW,CE,Federal Contract Tower,2,16,8,6,32,0,0,0,0,0,2,16,8,6,32,35,84,119,151
04/02/2018,AEX,LA,ASW,CE,Federal Contract Tower,3,20,8,21,52,0,0,0,0,0,3,20,8,21,52,30,68,98,150
04/03/2018,AEX,LA,ASW,CE,Federal Contract Tower,6,22,12,7,47,0,0,0,0,0,6,22,12,7,47,12,83,95,142
04/04/2018,AEX,LA,ASW,CE,Federal Contract Tower,4,20,21,15,60,0,0,0,0,0,4,20,21,15,60,106,60,166,226
04/05/2018,AEX,LA,ASW,CE,Federal Contract Tower,10,20,12,7,49,0,0,0,0,0,10,20,12,7,49,45,89,134,183
04/06/2018,AEX,LA,ASW,CE,Federal Contract Tower,10,18,11,27,66,0,0,0,0,0,10,18,11,27,66,4,28,32,98
04/07/2018,AEX,LA,ASW,CE,Federal Contract Tower,1,17,10,18,46,0,0,0,0,0,1,17,10,18,46,2,0,2,48
04/08/2018,AEX,LA,ASW,CE,Federal Contract Tower,1,25,13,52,91,0,0,0,0,0,1,25,13,52,91,36,148,184,275
04/09/2018,AEX,LA,ASW,CE,Federal Contract Tower,4,20,18,34,76,0,0,0,0,0,4,20,18,34,76,17,133,150,226
04/10/2018,AEX,LA,ASW,CE,Federal Contract Tower,4,22,11,18,55,0,0,0,0,0,4,22,11,18,55,58,91,149,204
04/11/2018,AEX,LA,ASW,CE,Federal Contract Tower,4,20,6,4,34,0,0,0,0,0,4,20,6,4,34,29,37,66,100
04/12/2018,AEX,LA,ASW,CE,Federal Contract Tower,10,21,15,14,60,0,0,0,0,0,10,21,15,14,60,33,16,49,109
04/13/2018,AEX,LA,ASW,CE,Federal Contract Tower,6,19,5,19,49,0,0,0,0,0,6,19,5,19,49,19,21,40,89
04/14/2018,AEX,LA,ASW,CE,Federal Contract Tower,0,24,2,5,31,0,0,0,0,0,0,24,2,5,31,19,20,39,70
04/15/2018,AEX,LA,ASW,CE,Federal Contract Tower,2,23,6,20,51,0,0,0,0,0,2,23,6,20,51,33,60,93,144
04/16/2018,AEX,LA,ASW,CE,Federal Contract Tower,4,21,13,8,46,0,0,0,0,0,4,21,13,8,46,34,11,45,91
04/17/2018,AEX,LA,ASW,CE,Federal Contract Tower,6,21,0,7,34,0,0,0,0,0,6,21,0,7,34,46,4,50,84
04/18/2018,AEX,LA,ASW,CE,Federal Contract Tower,5,21,13,9,48,0,0,0,0,0,5,21,13,9,48,21,11,32,80
04/19/2018,AEX,LA,ASW,CE,Federal Contract Tower,9,21,10,9,49,0,0,0,0,0,9,21,10,9,49,28,2,30,79
04/20/2018,AEX,LA,ASW,CE,Federal Contract Tower,5,20,9,30,64,0,0,0,0,0,5,20,9,30,64,12,26,38,102
04/21/2018,AEX,LA,ASW,CE,Federal Contract Tower,3,22,4,15,44,0,0,0,0,0,3,22,4,15,44,28,12,40,84
04/22/2018,AEX,LA,ASW,CE,Federal Contract Tower,1,22,11,2,36,0,0,0,0,0,1,22,11,2,36,6,0,6,42
04/23/2018,AEX,LA,ASW,CE,Federal Contract Tower,4,26,5,9,44,0,0,0,0,0,4,26,5,9,44,28,42,70,114
04/24/2018,AEX,LA,ASW,CE,Federal Contract Tower,7,20,6,9,42,0,0,0,0,0,7,20,6,9,42,37,12,49,91
04/25/2018,AEX,LA,ASW,CE,Federal Contract Tower,4,21,18,8,51,0,0,0,0,0,4,21,18,8,51,37,18,55,106
04/26/2018,AEX,LA,ASW,CE,Federal Contract Tower,11,20,26,0,57,0,0,0,0,0,11,20,26,0,57,8,3,11,68
04/27/2018,AEX,LA,ASW,CE,Federal Contract Tower,7,19,12,39,77,0,0,0,0,0,7,19,12,39,77,13,2,15,92
04/28/2018,AEX,LA,ASW,CE,Federal Contract Tower,0,16,6,35,57,0,0,0,0,0,0,16,6,35,57,35,26,61,118
04/29/2018,AEX,LA,ASW,CE,Federal Contract Tower,5,22,10,15,52,0,0,0,0,0,5,22,10,15,52,29,6,35,87
04/30/2018,AEX,LA,ASW,CE,Federal Contract Tower,10,20,10,16,56,0,0,0,0,0,10,20,10,16,56,23,38,61,117
05/01/2018,AEX,LA,ASW,CE,Federal Contract Tower,6,20,22,30,78,0,0,0,0,0,6,20,22,30,78,22,34,56,134
05/02/2018,AEX,LA,ASW,CE,Federal Contract Tower,14,20,18,7,59,0,0,0,0,0,14,20,18,7,59,18,22,40,99
05/03/2018,AEX,LA,ASW,CE,Federal Contract Tower,7,21,3,13,44,0,0,0,0,0,7,21,3,13,44,31,40,71,115
05/04/2018,AEX,LA,ASW,CE,Federal Contract Tower,7,20,9,12,48,0,0,0,0,0,7,20,9,12,48,12,8,20,68
05/05/2018,AEX,LA,ASW,CE,Federal Contract Tower,2,16,6,2,26,0,0,0,0,0,2,16,6,2,26,12,10,22,48
05/06/2018,AEX,LA,ASW,CE,Federal Contract Tower,1,18,5,8,32,0,0,0,0,0,1,18,5,8,32,30,18,48,80
05/07/2018,AEX,LA,ASW,CE,Federal Contract Tower,6,24,12,9,51,0,0,0,0,0,6,24,12,9,51,20,28,48,99
05/08/2018,AEX,LA,ASW,CE,Federal Contract Tower,5,21,14,10,50,0,0,0,0,0,5,21,14,10,50,2,39,41,91
05/09/2018,AEX,LA,ASW,CE,Federal Contract Tower,6,20,13,10,49,0,0,0,0,0,6,20,13,10,49,24,38,62,111
05/10/2018,AEX,LA,ASW,CE,Federal Contract Tower,10,22,13,10,55,0,0,0,0,0,10,22,13,10,55,35,34,69,124
05/11/2018,AEX,LA,ASW,CE,Federal Contract Tower,7,22,16,7,52,0,0,0,0,0,7,22,16,7,52,30,45,75,127
05/12/2018,AEX,LA,ASW,CE,Federal Contract Tower,1,18,9,4,32,0,0,0,0,0,1,18,9,4,32,32,64,96,128
05/13/2018,AEX,LA,ASW,CE,Federal Contract Tower,2,19,10,3,34,0,0,0,0,0,2,19,10,3,34,12,15,27,61
05/14/2018,AEX,LA,ASW,CE,Federal Contract Tower,5,19,9,3,36,0,0,0,0,0,5,19,9,3,36,25,2,27,63
05/15/2018,AEX,LA,ASW,CE,Federal Contract Tower,8,26,10,11,55,0,0,0,0,0,8,26,10,11,55,15,20,35,90
05/16/2018,AEX,LA,ASW,CE,Federal Contract Tower,4,22,10,6,42,0,0,0,0,0,4,22,10,6,42,30,2,32,74
05/17/2018,AEX,LA,ASW,CE,Federal Contract Tower,8,22,14,3,47,0,0,0,0,0,8,22,14,3,47,23,18,41,88
05/18/2018,AEX,LA,ASW,CE,Federal Contract Tower,7,20,15,9,51,0,0,0,0,0,7,20,15,9,51,17,3,20,71
05/19/2018,AEX,LA,ASW,CE,Federal Contract Tower,1,16,10,0,27,0,0,0,0,0,1,16,10,0,27,25,2,27,54
05/20/2018,AEX,LA,ASW,CE,Federal Contract Tower,7,22,21,5,55,0,0,0,0,0,7,22,21,5,55,20,0,20,75
05/21/2018,AEX,LA,ASW,CE,Federal Contract Tower,4,25,3,5,37,0,0,0,0,0,4,25,3,5,37,30,5,35,72
05/22/2018,AEX,LA,ASW,CE,Federal Contract Tower,16,21,17,43,97,0,0,0,0,0,16,21,17,43,97,19,20,39,136
05/23/2018,AEX,LA,ASW,CE,Federal Contract Tower,6,24,15,6,51,0,0,0,0,0,6,24,15,6,51,11,6,17,68
05/24/2018,AEX,LA,ASW,CE,Federal Contract Tower,14,21,9,6,50,0,0,0,0,0,14,21,9,6,50,20,1,21,71
05/25/2018,AEX,LA,ASW,CE,Federal Contract Tower,13,20,15,5,53,0,0,0,0,0,13,20,15,5,53,24,1,25,78
05/26/2018,AEX,LA,ASW,CE,Federal Contract Tower,4,15,5,0,24,0,0,0,0,0,4,15,5,0,24,8,0,8,32
05/27/2018,AEX,LA,ASW,CE,Federal Contract Tower,1,17,9,0,27,0,0,0,0,0,1,17,9,0,27,25,0,25,52
05/28/2018,AEX,LA,ASW,CE,Federal Contract Tower,1,20,6,0,27,0,0,0,0,0,1,20,6,0,27,30,0,30,57
05/29/2018,AEX,LA,ASW,CE,Federal Contract Tower,8,22,6,10,46,0,0,0,0,0,8,22,6,10,46,38,25,63,109
05/30/2018,AEX,LA,ASW,CE,Federal Contract Tower,6,23,10,9,48,0,0,0,0,0,6,23,10,9,48,34,47,81,129
05/31/2018,AEX,LA,ASW,CE,Federal Contract Tower,10,20,13,1,44,0,0,0,0,0,10,20,13,1,44,28,8,36,80
06/01/2018,AEX,LA,ASW,CE,Federal Contract Tower,10,18,51,11,90,0,0,0,0,0,10,18,51,11,90,37,16,53,143
06/02/2018,AEX,LA,ASW,CE,Federal Contract Tower,2,17,9,28,56,0,0,0,0,0,2,17,9,28,56,16,9,25,81
06/03/2018,AEX,LA,ASW,CE,Federal Contract Tower,3,21,7,21,52,0,0,0,0,0,3,21,7,21,52,3,3,6,58
06/04/2018,AEX,LA,ASW,CE,Federal Contract Tower,7,20,5,1,33,0,0,0,0,0,7,20,5,1,33,19,5,24,57
06/05/2018,AEX,LA,ASW,CE,Federal Contract Tower,5,23,7,0,35,0,0,0,0,0,5,23,7,0,35,7,0,7,42
06/06/2018,AEX,LA,ASW,CE,Federal Contract Tower,4,22,20,3,49,0,0,0,0,0,4,22,20,3,49,49,5,54,103
06/07/2018,AEX,LA,ASW,CE,Federal Contract Tower,6,26,19,4,55,0,0,0,0,0,6,26,19,4,55,10,6,16,71
06/08/2018,AEX,LA,ASW,CE,Federal Contract Tower,4,21,13,12,50,0,0,0,0,0,4,21,13,12,50,14,10,24,74
06/09/2018,AEX,LA,ASW,CE,Federal Contract Tower,10,19,10,12,51,0,0,0,0,0,10,19,10,12,51,17,13,30,81
06/10/2018,AEX,LA,ASW,CE,Federal Contract Tower,0,19,8,0,27,0,0,0,0,0,0,19,8,0,27,19,22,41,68
06/11/2018,AEX,LA,ASW,CE,Federal Contract Tower,10,18,15,5,48,0,0,0,0,0,10,18,15,5,48,6,9,15,63
06/12/2018,AEX,LA,ASW,CE,Federal Contract Tower,21,22,19,13,75,0,0,0,0,0,21,22,19,13,75,32,25,57,132
06/13/2018,AEX,LA,ASW,CE,Federal Contract Tower,12,20,14,14,60,0,0,0,0,0,12,20,14,14,60,40,16,56,116
06/14/2018,AEX,LA,ASW,CE,Federal Contract Tower,10,22,9,10,51,0,0,0,0,0,10,22,9,10,51,38,52,90,141
06/15/2018,AEX,LA,ASW,CE,Federal Contract Tower,13,24,12,14,63,0,0,0,0,0,13,24,12,14,63,7,16,23,86
06/16/2018,AEX,LA,ASW,CE,Federal Contract Tower,9,17,3,6,35,0,0,0,0,0,9,17,3,6,35,8,59,67,102
06/17/2018,AEX,LA,ASW,CE,Federal Contract Tower,7,17,4,1,29,0,0,0,0,0,7,17,4,1,29,7,25,32,61
06/18/2018,AEX,LA,ASW,CE,Federal Contract Tower,16,22,4,6,48,0,0,0,0,0,16,22,4,6,48,11,21,32,80
06/19/2018,AEX,LA,ASW,CE,Federal Contract Tower,5,21,4,7,37,0,0,0,0,0,5,21,4,7,37,2,24,26,63
06/20/2018,AEX,LA,ASW,CE,Federal Contract Tower,2,20,14,8,44,0,0,0,0,0,2,20,14,8,44,5,49,54,98
06/21/2018,AEX,LA,ASW,CE,Federal Contract Tower,6,24,6,10,46,0,0,0,0,0,6,24,6,10,46,14,43,57,103
06/22/2018,AEX,LA,ASW,CE,Federal Contract Tower,7,23,9,11,50,0,0,0,0,0,7,23,9,11,50,15,36,51,101
06/23/2018,AEX,LA,ASW,CE,Federal Contract Tower,3,21,8,3,35,0,0,0,0,0,3,21,8,3,35,6,41,47,82
06/24/2018,AEX,LA,ASW,CE,Federal Contract Tower,2,19,11,9,41,0,0,0,0,0,2,19,11,9,41,50,26,76,117
06/25/2018,AEX,LA,ASW,CE,Federal Contract Tower,6,17,7,4,34,0,0,0,0,0,6,17,7,4,34,48,72,120,154
06/26/2018,AEX,LA,ASW,CE,Federal Contract Tower,5,25,9,10,49,0,0,0,0,0,5,25,9,10,49,25,32,57,106
06/27/2018,AEX,LA,ASW,CE,Federal Contract Tower,7,21,17,7,52,0,0,0,0,0,7,21,17,7,52,47,9,56,108
06/28/2018,AEX,LA,ASW,CE,Federal Contract Tower,7,20,16,13,56,0,0,0,0,0,7,20,16,13,56,20,49,69,125
06/29/2018,AEX,LA,ASW,CE,Federal Contract Tower,3,20,11,16,50,0,0,0,0,0,3,20,11,16,50,20,16,36,86
06/30/2018,AEX,LA,ASW,CE,Federal Contract Tower,1,17,10,0,28,0,0,0,0,0,1,17,10,0,28,21,11,32,60
07/01/2018,AEX,LA,ASW,CE,Federal Contract Tower,2,18,9,4,33,0,0,0,0,0,2,18,9,4,33,29,12,41,74
07/02/2018,AEX,LA,ASW,CE,Federal Contract Tower,7,19,6,30,62,0,0,0,0,0,7,19,6,30,62,19,23,42,104
07/03/2018,AEX,LA,ASW,CE,Federal Contract Tower,6,23,7,4,40,0,0,0,0,0,6,23,7,4,40,11,2,13,53
07/04/2018,AEX,LA,ASW,CE,Federal Contract Tower,2,12,2,5,21,0,0,0,0,0,2,12,2,5,21,18,17,35,56
07/05/2018,AEX,LA,ASW,CE,Federal Contract Tower,8,13,11,3,35,0,0,0,0,0,8,13,11,3,35,26,14,40,75
07/06/2018,AEX,LA,ASW,CE,Federal Contract Tower,7,16,5,19,47,0,0,0,0,0,7,16,5,19,47,11,14,25,72
07/07/2018,AEX,LA,ASW,CE,Federal Contract Tower,0,16,9,0,25,0,0,0,0,0,0,16,9,0,25,32,3,35,60
07/08/2018,AEX,LA,ASW,CE,Federal Contract Tower,1,19,11,6,37,0,0,0,0,0,1,19,11,6,37,11,14,25,62
07/09/2018,AEX,LA,ASW,CE,Federal Contract Tower,7,18,4,3,32,0,0,0,0,0,7,18,4,3,32,9,16,25,57
07/10/2018,AEX,LA,ASW,CE,Federal Contract Tower,4,21,7,12,44,0,0,0,0,0,4,21,7,12,44,16,0,16,60
07/11/2018,AEX,LA,ASW,CE,Federal Contract Tower,13,20,16,2,51,0,0,0,0,0,13,20,16,2,51,32,4,36,87
07/12/2018,AEX,LA,ASW,CE,Federal Contract Tower,15,17,5,4,41,0,0,0,0,0,15,17,5,4,41,47,0,47,88
07/13/2018,AEX,LA,ASW,CE,Federal Contract Tower,11,20,10,37,78,0,0,0,0,0,11,20,10,37,78,25,27,52,130
07/14/2018,AEX,LA,ASW,CE,Federal Contract Tower,22,18,6,15,61,0,0,0,0,0,22,18,6,15,61,36,24,60,121
07/15/2018,AEX,LA,ASW,CE,Federal Contract Tower,10,18,11,4,43,0,0,0,0,0,10,18,11,4,43,31,7,38,81
07/16/2018,AEX,LA,ASW,CE,Federal Contract Tower,26,23,10,11,70,0,0,0,0,0,26,23,10,11,70,76,17,93,163
07/17/2018,AEX,LA,ASW,CE,Federal Contract Tower,8,23,7,28,66,0,0,0,0,0,8,23,7,28,66,26,2,28,94
07/18/2018,AEX,LA,ASW,CE,Federal Contract Tower,8,22,20,9,59,0,0,0,0,0,8,22,20,9,59,30,15,45,104
07/19/2018,AEX,LA,ASW,CE,Federal Contract Tower,9,20,12,23,64,0,0,0,0,0,9,20,12,23,64,32,20,52,116
07/20/2018,AEX,LA,ASW,CE,Federal Contract Tower,4,22,15,13,54,0,0,0,0,0,4,22,15,13,54,30,9,39,93
07/21/2018,AEX,LA,ASW,CE,Federal Contract Tower,6,17,12,2,37,0,0,0,0,0,6,17,12,2,37,27,1,28,65
07/22/2018,AEX,LA,ASW,CE,Federal Contract Tower,3,17,8,0,28,0,0,0,0,0,3,17,8,0,28,34,15,49,77
07/23/2018,AEX,LA,ASW,CE,Federal Contract Tower,6,20,7,11,44,0,0,0,0,0,6,20,7,11,44,14,8,22,66
07/24/2018,AEX,LA,ASW,CE,Federal Contract Tower,6,21,12,8,47,0,0,0,0,0,6,21,12,8,47,55,6,61,108
07/25/2018,AEX,LA,ASW,CE,Federal Contract Tower,10,22,15,14,61,0,0,0,0,0,10,22,15,14,61,58,38,96,157
07/26/2018,AEX,LA,ASW,CE,Federal Contract Tower,6,20,11,22,59,0,0,0,0,0,6,20,11,22,59,90,65,155,214
07/27/2018,AEX,LA,ASW,CE,Federal Contract Tower,4,22,16,18,60,0,0,0,0,0,4,22,16,18,60,70,38,108,168
07/28/2018,AEX,LA,ASW,CE,Federal Contract Tower,1,18,5,5,29,0,0,0,0,0,1,18,5,5,29,56,5,61,90
07/29/2018,AEX,LA,ASW,CE,Federal Contract Tower,2,18,14,3,37,0,0,0,0,0,2,18,14,3,37,16,17,33,70
07/30/2018,AEX,LA,ASW,CE,Federal Contract Tower,6,20,14,7,47,0,0,0,0,0,6,20,14,7,47,11,34,45,92
07/31/2018,AEX,LA,ASW,CE,Federal Contract Tower,6,18,8,17,49,0,0,0,0,0,6,18,8,17,49,14,18,32,81
08/01/2018,AEX,LA,ASW,CE,Federal Contract Tower,4,21,13,6,44,0,0,0,0,0,4,21,13,6,44,29,52,81,125
08/02/2018,AEX,LA,ASW,CE,Federal Contract Tower,6,21,9,30,66,0,0,0,0,0,6,21,9,30,66,10,50,60,126
08/03/2018,AEX,LA,ASW,CE,Federal Contract Tower,6,23,9,11,49,0,0,0,0,0,6,23,9,11,49,20,22,42,91
08/04/2018,AEX,LA,ASW,CE,Federal Contract Tower,0,17,10,7,34,0,0,0,0,0,0,17,10,7,34,42,14,56,90
08/05/2018,AEX,LA,ASW,CE,Federal Contract Tower,0,22,2,3,27,0,0,0,0,0,0,22,2,3,27,39,11,50,77
08/06/2018,AEX,LA,ASW,CE,Federal Contract Tower,5,22,8,13,48,0,0,0,0,0,5,22,8,13,48,18,7,25,73
08/07/2018,AEX,LA,ASW,CE,Federal Contract Tower,6,21,13,9,49,0,0,0,0,0,6,21,13,9,49,37,3,40,89
08/08/2018,AEX,LA,ASW,CE,Federal Contract Tower,6,19,14,6,45,0,0,0,0,0,6,19,14,6,45,11,12,23,68
08/09/2018,AEX,LA,ASW,CE,Federal Contract Tower,6,19,9,6,40,0,0,0,0,0,6,19,9,6,40,5,10,15,55
08/10/2018,AEX,LA,ASW,CE,Federal Contract Tower,5,20,2,5,32,0,0,0,0,0,5,20,2,5,32,10,26,36,68
08/11/2018,AEX,LA,ASW,CE,Federal Contract Tower,0,15,5,0,20,0,0,0,0,0,0,15,5,0,20,40,4,44,64
08/12/2018,AEX,LA,ASW,CE,Federal Contract Tower,0,19,5,4,28,0,0,0,0,0,0,19,5,4,28,26,17,43,71
08/13/2018,AEX,LA,ASW,CE,Federal Contract Tower,4,21,13,3,41,0,0,0,0,0,4,21,13,3,41,24,12,36,77
08/14/2018,AEX,LA,ASW,CE,Federal Contract Tower,7,26,4,22,59,0,0,0,0,0,7,26,4,22,59,33,21,54,113
08/15/2018,AEX,LA,ASW,CE,Federal Contract Tower,9,22,17,16,64,0,0,0,0,0,9,22,17,16,64,27,8,35,99
08/16/2018,AEX,LA,ASW,CE,Federal Contract Tower,6,22,9,29,66,0,0,0,0,0,6,22,9,29,66,12,36,48,114
08/17/2018,AEX,LA,ASW,CE,Federal Contract Tower,5,23,15,16,59,0,0,0,0,0,5,23,15,16,59,40,43,83,142
08/18/2018,AEX,LA,ASW,CE,Federal Contract Tower,0,16,8,0,24,0,0,0,0,0,0,16,8,0,24,68,0,68,92
08/19/2018,AEX,LA,ASW,CE,Federal Contract Tower,1,17,6,6,30,0,0,0,0,0,1,17,6,6,30,10,10,20,50
08/20/2018,AEX,LA,ASW,CE,Federal Contract Tower,6,24,12,12,54,0,0,0,0,0,6,24,12,12,54,27,3,30,84
08/21/2018,AEX,LA,ASW,CE,Federal Contract Tower,13,27,12,17,69,0,0,0,0,0,13,27,12,17,69,22,8,30,99
08/22/2018,AEX,LA,ASW,CE,Federal Contract Tower,6,21,8,10,45,0,0,0,0,0,6,21,8,10,45,29,22,51,96
08/23/2018,AEX,LA,ASW,CE,Federal Contract Tower,4,20,8,11,43,0,0,0,0,0,4,20,8,11,43,32,43,75,118
08/24/2018,AEX,LA,ASW,CE,Federal Contract Tower,7,20,11,8,46,0,0,0,0,0,7,20,11,8,46,40,33,73,119
08/25/2018,AEX,LA,ASW,CE,Federal Contract Tower,0,19,6,0,25,0,0,0,0,0,0,19,6,0,25,21,49,70,95
08/26/2018,AEX,LA,ASW,CE,Federal Contract Tower,1,21,6,27,55,0,0,0,0,0,1,21,6,27,55,23,23,46,101
08/27/2018,AEX,LA,ASW,CE,Federal Contract Tower,6,20,6,7,39,0,0,0,0,0,6,20,6,7,39,35,38,73,112
08/28/2018,AEX,LA,ASW,CE,Federal Contract Tower,3,21,7,8,39,0,0,0,0,0,3,21,7,8,39,15,25,40,79
08/29/2018,AEX,LA,ASW,CE,Federal Contract Tower,3,22,14,5,44,0,0,0,0,0,3,22,14,5,44,18,10,28,72
08/30/2018,AEX,LA,ASW,CE,Federal Contract Tower,9,20,10,10,49,0,0,0,0,0,9,20,10,10,49,6,60,66,115
08/31/2018,AEX,LA,ASW,CE,Federal Contract Tower,8,21,14,0,43,0,0,0,0,0,8,21,14,0,43,20,62,82,125
09/01/2018,AEX,LA,ASW,CE,Federal Contract Tower,4,16,3,2,25,0,0,0,0,0,4,16,3,2,25,14,45,59,84
09/02/2018,AEX,LA,ASW,CE,Federal Contract Tower,1,12,4,0,17,0,0,0,0,0,1,12,4,0,17,5,4,9,26
09/03/2018,AEX,LA,ASW,CE,Federal Contract Tower,0,19,8,0,27,0,0,0,0,0,0,19,8,0,27,0,13,13,40
09/04/2018,AEX,LA,ASW,CE,Federal Contract Tower,11,19,11,0,41,0,0,0,0,0,11,19,11,0,41,11,9,20,61
09/05/2018,AEX,LA,ASW,CE,Federal Contract Tower,4,16,11,5,36,0,0,0,0,0,4,16,11,5,36,16,19,35,71
09/06/2018,AEX,LA,ASW,CE,Federal Contract Tower,7,17,16,3,43,0,0,0,0,0,7,17,16,3,43,6,40,46,89
09/08/2018,AEX,LA,ASW,CE,Federal Contract Tower,1,16,13,7,37,0,0,0,0,0,1,16,13,7,37,12,6,18,55
09/09/2018,AEX,LA,ASW,CE,Federal Contract Tower,1,19,17,0,37,0,0,0,0,0,1,19,17,0,37,1,2,3,40
09/10/2018,AEX,LA,ASW,CE,Federal Contract Tower,2,22,5,3,32,0,0,0,0,0,2,22,5,3,32,0,0,0,32
09/11/2018,AEX,LA,ASW,CE,Federal Contract Tower,4,25,7,2,38,0,0,0,0,0,4,25,7,2,38,5,0,5,43
09/12/2018,AEX,LA,ASW,CE,Federal Contract Tower,4,26,10,7,47,0,0,0,0,0,4,26,10,7,47,28,7,35,82
09/13/2018,AEX,LA,ASW,CE,Federal Contract Tower,4,22,14,7,47,0,0,0,0,0,4,22,14,7,47,15,16,31,78
09/14/2018,AEX,LA,ASW,CE,Federal Contract Tower,8,19,20,6,53,0,0,0,0,0,8,19,20,6,53,47,16,63,116
09/15/2018,AEX,LA,ASW,CE,Federal Contract Tower,1,17,5,0,23,0,0,0,0,0,1,17,5,0,23,30,0,30,53
09/16/2018,AEX,LA,ASW,CE,Federal Contract Tower,3,23,5,2,33,0,0,0,0,0,3,23,5,2,33,17,2,19,52
09/17/2018,AEX,LA,ASW,CE,Federal Contract Tower,6,23,12,10,51,0,0,0,0,0,6,23,12,10,51,23,5,28,79
09/18/2018,AEX,LA,ASW,CE,Federal Contract Tower,8,23,3,7,41,0,0,0,0,0,8,23,3,7,41,35,10,45,86
09/19/2018,AEX,LA,ASW,CE,Federal Contract Tower,6,22,14,9,51,0,0,0,0,0,6,22,14,9,51,4,33,37,88
09/20/2018,AEX,LA,ASW,CE,Federal Contract Tower,14,25,8,1,48,0,0,0,0,0,14,25,8,1,48,36,8,44,92
09/21/2018,AEX,LA,ASW,CE,Federal Contract Tower,9,18,14,2,43,0,0,0,0,0,9,18,14,2,43,6,18,24,67
09/22/2018,AEX,LA,ASW,CE,Federal Contract Tower,1,19,9,0,29,0,0,0,0,0,1,19,9,0,29,9,5,14,43
09/23/2018,AEX,LA,ASW,CE,Federal Contract Tower,2,19,11,1,33,0,0,0,0,0,2,19,11,1,33,18,0,18,51
09/24/2018,AEX,LA,ASW,CE,Federal Contract Tower,5,20,8,2,35,0,0,0,0,0,5,20,8,2,35,20,2,22,57
09/25/2018,AEX,LA,ASW,CE,Federal Contract Tower,11,23,12,11,57,0,0,0,0,0,11,23,12,11,57,38,0,38,95
09/26/2018,AEX,LA,ASW,CE,Federal Contract Tower,3,23,6,2,34,0,0,0,0,0,3,23,6,2,34,5,0,5,39
09/27/2018,AEX,LA,ASW,CE,Federal Contract Tower,6,24,10,11,51,0,0,0,0,0,6,24,10,11,51,7,8,15,66
09/28/2018,AEX,LA,ASW,CE,Federal Contract Tower,9,22,20,14,65,0,0,0,0,0,9,22,20,14,65,17,4,21,86
09/29/2018,AEX,LA,ASW,CE,Federal Contract Tower,0,17,11,12,40,0,0,0,0,0,0,17,11,12,40,16,6,22,62
10/01/2018,AEX,LA,ASW,CE,Federal Contract Tower,2,20,7,12,41,0,0,0,0,0,2,20,7,12,41,24,23,47,88
10/02/2018,AEX,LA,ASW,CE,Federal Contract Tower,6,21,18,19,64,0,0,0,0,0,6,21,18,19,64,26,41,67,131
10/03/2018,AEX,LA,ASW,CE,Federal Contract Tower,7,19,12,18,56,0,0,0,0,0,7,19,12,18,56,68,12,80,136
10/04/2018,AEX,LA,ASW,CE,Federal Contract Tower,4,21,11,7,43,0,0,0,0,0,4,21,11,7,43,20,35,55,98
10/05/2018,AEX,LA,ASW,CE,Federal Contract Tower,7,22,6,3,38,0,0,0,0,0,7,22,6,3,38,18,0,18,56
10/06/2018,AEX,LA,ASW,CE,Federal Contract Tower,4,16,11,0,31,0,0,0,0,0,4,16,11,0,31,24,0,24,55
10/07/2018,AEX,LA,ASW,CE,Federal Contract Tower,0,24,30,0,54,0,0,0,0,0,0,24,30,0,54,33,0,33,87
10/08/2018,AEX,LA,ASW,CE,Federal Contract Tower,0,19,10,8,37,0,0,0,0,0,0,19,10,8,37,27,1,28,65
10/09/2018,AEX,LA,ASW,CE,Federal Contract Tower,6,24,10,4,44,0,0,0,0,0,6,24,10,4,44,6,0,6,50
10/10/2018,AEX,LA,ASW,CE,Federal Contract Tower,7,19,15,6,47,0,0,0,0,0,7,19,15,6,47,42,29,71,118
10/11/2018,AEX,LA,ASW,CE,Federal Contract Tower,4,21,14,4,43,0,0,0,0,0,4,21,14,4,43,24,1,25,68
10/12/2018,AEX,LA,ASW,CE,Federal Contract Tower,10,21,6,6,43,0,0,0,0,0,10,21,6,6,43,75,12,87,130
10/13/2018,AEX,LA,ASW,CE,Federal Contract Tower,5,13,13,0,31,0,0,0,0,0,5,13,13,0,31,42,10,52,83
10/14/2018,AEX,LA,ASW,CE,Federal Contract Tower,3,30,10,2,45,0,0,0,0,0,3,30,10,2,45,74,4,78,123
10/15/2018,AEX,LA,ASW,CE,Federal Contract Tower,2,20,9,3,34,0,0,0,0,0,2,20,9,3,34,24,0,24,58
10/16/2018,AEX,LA,ASW,CE,Federal Contract Tower,6,22,6,0,34,0,0,0,0,0,6,22,6,0,34,2,0,2,36
10/17/2018,AEX,LA,ASW,CE,Federal Contract Tower,5,20,20,8,53,0,0,0,0,0,5,20,20,8,53,7,2,9,62
10/18/2018,AEX,LA,ASW,CE,Federal Contract Tower,4,21,23,11,59,0,0,0,0,0,4,21,23,11,59,35,35,70,129
10/19/2018,AEX,LA,ASW,CE,Federal Contract Tower,5,21,20,9,55,0,0,0,0,0,5,21,20,9,55,43,4,47,102
10/20/2018,AEX,LA,ASW,CE,Federal Contract Tower,1,18,4,2,25,0,0,0,0,0,1,18,4,2,25,7,0,7,32
10/21/2018,AEX,LA,ASW,CE,Federal Contract Tower,3,20,16,0,39,0,0,0,0,0,3,20,16,0,39,25,4,29,68
10/22/2018,AEX,LA,ASW,CE,Federal Contract Tower,4,20,9,6,39,0,0,0,0,0,4,20,9,6,39,38,21,59,98
10/23/2018,AEX,LA,ASW,CE,Federal Contract Tower,6,22,12,12,52,0,0,0,0,0,6,22,12,12,52,38,18,56,108
10/24/2018,AEX,LA,ASW,CE,Federal Contract Tower,9,24,12,5,50,0,0,0,0,0,9,24,12,5,50,14,4,18,68
10/25/2018,AEX,LA,ASW,CE,Federal Contract Tower,8,24,11,7,50,0,0,0,0,0,8,24,11,7,50,6,6,12,62
10/26/2018,AEX,LA,ASW,CE,Federal Contract Tower,11,27,10,26,74,0,0,0,0,0,11,27,10,26,74,83,15,98,172
10/27/2018,AEX,LA,ASW,CE,Federal Contract Tower,3,15,17,0,35,0,0,0,0,0,3,15,17,0,35,41,0,41,76
10/28/2018,AEX,LA,ASW,CE,Federal Contract Tower,4,21,7,6,38,0,0,0,0,0,4,21,7,6,38,60,0,60,98
10/29/2018,AEX,LA,ASW,CE,Federal Contract Tower,7,19,9,6,41,0,0,0,0,0,7,19,9,6,41,40,1,41,82
10/30/2018,AEX,LA,ASW,CE,Federal Contract Tower,7,22,4,16,49,0,0,0,0,0,7,22,4,16,49,27,26,53,102
10/31/2018,AEX,LA,ASW,CE,Federal Contract Tower,9,15,5,5,34,0,0,0,0,0,9,15,5,5,34,9,1,10,44
11/01/2018,AEX,LA,ASW,CE,Federal Contract Tower,6,19,16,16,57,0,0,0,0,0,6,19,16,16,57,3,0,3,60
11/02/2018,AEX,LA,ASW,CE,Federal Contract Tower,5,20,17,10,52,0,0,0,0,0,5,20,17,10,52,13,25,38,90
11/03/2018,AEX,LA,ASW,CE,Federal Contract Tower,1,14,8,1,24,0,0,0,0,0,1,14,8,1,24,16,8,24,48
11/04/2018,AEX,LA,ASW,CE,Federal Contract Tower,1,19,15,7,42,0,0,0,0,0,1,19,15,7,42,9,4,13,55
11/05/2018,AEX,LA,ASW,CE,Federal Contract Tower,6,21,13,13,53,0,0,0,0,0,6,21,13,13,53,12,2,14,67
11/06/2018,AEX,LA,ASW,CE,Federal Contract Tower,5,21,11,23,60,0,0,0,0,0,5,21,11,23,60,40,13,53,113
11/07/2018,AEX,LA,ASW,CE,Federal Contract Tower,5,19,8,7,39,0,0,0,0,0,5,19,8,7,39,20,1,21,60
11/08/2018,AEX,LA,ASW,CE,Federal Contract Tower,8,23,9,10,50,0,0,0,0,0,8,23,9,10,50,0,0,0,50
11/09/2018,AEX,LA,ASW,CE,Federal Contract Tower,7,21,14,1,43,0,0,0,0,0,7,21,14,1,43,20,1,21,64
11/10/2018,AEX,LA,ASW,CE,Federal Contract Tower,0,15,8,0,23,0,0,0,0,0,0,15,8,0,23,53,4,57,80
11/11/2018,AEX,LA,ASW,CE,Federal Contract Tower,0,17,4,0,21,0,0,0,0,0,0,17,4,0,21,14,0,14,35
11/12/2018,AEX,LA,ASW,CE,Federal Contract Tower,2,26,9,3,40,0,0,0,0,0,2,26,9,3,40,0,0,0,40
11/13/2018,AEX,LA,ASW,CE,Federal Contract Tower,6,22,11,2,41,0,0,0,0,0,6,22,11,2,41,8,0,8,49
11/14/2018,AEX,LA,ASW,CE,Federal Contract Tower,6,19,15,15,55,0,0,0,0,0,6,19,15,15,55,50,14,64,119
11/15/2018,AEX,LA,ASW,CE,Federal Contract Tower,5,20,14,6,45,0,0,0,0,0,5,20,14,6,45,26,12,38,83
11/16/2018,AEX,LA,ASW,CE,Federal Contract Tower,7,20,9,9,45,0,0,0,0,0,7,20,9,9,45,22,15,37,82
11/17/2018,AEX,LA,ASW,CE,Federal Contract Tower,6,14,3,0,23,0,0,0,0,0,6,14,3,0,23,46,1,47,70
11/18/2018,AEX,LA,ASW,CE,Federal Contract Tower,8,17,12,2,39,0,0,0,0,0,8,17,12,2,39,28,0,28,67
11/19/2018,AEX,LA,ASW,CE,Federal Contract Tower,9,16,5,0,30,0,0,0,0,0,9,16,5,0,30,0,0,0,30
11/20/2018,AEX,LA,ASW,CE,Federal Contract Tower,14,20,10,5,49,0,0,0,0,0,14,20,10,5,49,41,15,56,105
11/21/2018,AEX,LA,ASW,CE,Federal Contract Tower,11,21,10,2,44,0,0,0,0,0,11,21,10,2,44,36,4,40,84
11/22/2018,AEX,LA,ASW,CE,Federal Contract Tower,3,9,4,0,16,0,0,0,0,0,3,9,4,0,16,19,0,19,35
11/23/2018,AEX,LA,ASW,CE,Federal Contract Tower,9,15,5,0,29,0,0,0,0,0,9,15,5,0,29,9,0,9,38
11/24/2018,AEX,LA,ASW,CE,Federal Contract Tower,2,17,6,0,25,0,0,0,0,0,2,17,6,0,25,32,0,32,57
11/25/2018,AEX,LA,ASW,CE,Federal Contract Tower,4,21,16,0,41,0,0,0,0,0,4,21,16,0,41,22,0,22,63
11/26/2018,AEX,LA,ASW,CE,Federal Contract Tower,10,22,16,10,58,0,0,0,0,0,10,22,16,10,58,29,14,43,101
11/27/2018,AEX,LA,ASW,CE,Federal Contract Tower,4,20,8,12,44,0,0,0,0,0,4,20,8,12,44,82,18,100,144
11/28/2018,AEX,LA,ASW,CE,Federal Contract Tower,6,20,18,4,48,0,0,0,0,0,6,20,18,4,48,76,0,76,124
11/29/2018,AEX,LA,ASW,CE,Federal Contract Tower,8,21,21,9,59,0,0,0,0,0,8,21,21,9,59,22,5,27,86
11/30/2018,AEX,LA,ASW,CE,Federal Contract Tower,7,19,19,8,53,0,0,0,0,0,7,19,19,8,53,0,0,0,53
12/01/2018,AEX,LA,ASW,CE,Federal Contract Tower,1,17,6,1,25,0,0,0,0,0,1,17,6,1,25,15,0,15,40
12/02/2018,AEX,LA,ASW,CE,Federal Contract Tower,3,15,14,19,51,0,0,0,0,0,3,15,14,19,51,73,8,81,132
12/03/2018,AEX,LA,ASW,CE,Federal Contract Tower,5,25,4,8,42,0,0,0,0,0,5,25,4,8,42,85,24,109,151
12/04/2018,AEX,LA,ASW,CE,Federal Contract Tower,6,19,10,13,48,0,0,0,0,0,6,19,10,13,48,40,8,48,96
12/05/2018,AEX,LA,ASW,CE,Federal Contract Tower,21,4,25,4,54,0,0,0,0,0,21,4,25,4,54,86,5,91,145
12/06/2018,AEX,LA,ASW,CE,Federal Contract Tower,6,23,11,8,48,0,0,0,0,0,6,23,11,8,48,76,3,79,127
12/07/2018,AEX,LA,ASW,CE,Federal Contract Tower,9,20,8,0,37,0,0,0,0,0,9,20,8,0,37,4,2,6,43
12/08/2018,AEX,LA,ASW,CE,Federal Contract Tower,0,16,2,0,18,0,0,0,0,0,0,16,2,0,18,18,0,18,36
12/09/2018,AEX,LA,ASW,CE,Federal Contract Tower,8,15,6,2,31,0,0,0,0,0,8,15,6,2,31,8,0,8,39
12/10/2018,AEX,LA,ASW,CE,Federal Contract Tower,10,21,11,2,44,0,0,0,0,0,10,21,11,2,44,45,1,46,90
12/11/2018,AEX,LA,ASW,CE,Federal Contract Tower,5,20,20,4,49,0,0,0,0,0,5,20,20,4,49,38,7,45,94
12/12/2018,AEX,LA,ASW,CE,Federal Contract Tower,5,20,7,2,34,0,0,0,0,0,5,20,7,2,34,64,3,67,101
12/13/2018,AEX,LA,ASW,CE,Federal Contract Tower,7,20,7,2,36,0,0,0,0,0,7,20,7,2,36,0,0,0,36
12/14/2018,AEX,LA,ASW,CE,Federal Contract Tower,7,23,11,38,79,0,0,0,0,0,7,23,11,38,79,3,9,12,91
12/15/2018,AEX,LA,ASW,CE,Federal Contract Tower,0,18,16,6,40,0,0,0,0,0,0,18,16,6,40,15,9,24,64
12/16/2018,AEX,LA,ASW,CE,Federal Contract Tower,1,19,21,1,42,0,0,0,0,0,1,19,21,1,42,34,1,35,77
12/17/2018,AEX,LA,ASW,CE,Federal Contract Tower,6,21,18,6,51,0,0,0,0,0,6,21,18,6,51,40,6,46,97
12/18/2018,AEX,LA,ASW,CE,Federal Contract Tower,6,21,14,8,49,0,0,0,0,0,6,21,14,8,49,31,0,31,80
12/19/2018,AEX,LA,ASW,CE,Federal Contract Tower,7,19,14,4,44,0,0,0,0,0,7,19,14,4,44,0,0,0,44
12/20/2018,AEX,LA,ASW,CE,Federal Contract Tower,6,19,5,4,34,0,0,2,0,2,6,19,7,4,36,13,0,13,49
12/21/2018,AEX,LA,ASW,CE,Federal Contract Tower,8,19,13,11,51,0,0,0,0,0,8,19,13,11,51,31,39,70,121
12/22/2018,AEX,LA,ASW,CE,Federal Contract Tower,2,13,16,0,31,0,0,0,0,0,2,13,16,0,31,12,0,12,43
12/23/2018,AEX,LA,ASW,CE,Federal Contract Tower,1,19,8,0,28,0,0,0,0,0,1,19,8,0,28,29,2,31,59
12/25/2018,AEX,LA,ASW,CE,Federal Contract Tower,0,9,1,0,10,0,0,0,0,0,0,9,1,0,10,0,0,0,10
12/26/2018,AEX,LA,ASW,CE,Federal Contract Tower,7,16,2,0,25,0,0,0,0,0,7,16,2,0,25,5,0,5,30
12/27/2018,AEX,LA,ASW,CE,Federal Contract Tower,5,20,9,0,34,0,0,0,0,0,5,20,9,0,34,4,0,4,38
12/28/2018,AEX,LA,ASW,CE,Federal Contract Tower,5,27,8,0,40,0,0,0,0,0,5,27,8,0,40,73,2,75,115
12/29/2018,AEX,LA,ASW,CE,Federal Contract Tower,0,15,9,0,24,0,0,0,0,0,0,15,9,0,24,1,0,1,25
12/30/2018,AEX,LA,ASW,CE,Federal Contract Tower,0,20,9,0,29,0,0,0,0,0,0,20,9,0,29,0,0,0,29
12/31/2018,AEX,LA,ASW,CE,Federal Contract Tower,6,12,8,0,26,0,0,0,0,0,6,12,8,0,26,1,0,1,27
01/01/2019,AEX,LA,ASW,CE,Federal Contract Tower,0,10,8,0,18,0,0,0,0,0,0,10,8,0,18,24,0,24,42
01/02/2019,AEX,LA,ASW,CE,Federal Contract Tower,3,18,3,0,24,0,0,0,0,0,3,18,3,0,24,0,0,0,24
01/03/2019,AEX,LA,ASW,CE,Federal Contract Tower,9,18,12,0,39,0,0,0,0,0,9,18,12,0,39,0,0,0,39
01/04/2019,AEX,LA,ASW,CE,Federal Contract Tower,9,19,12,4,44,0,0,0,0,0,9,19,12,4,44,20,1,21,65
01/05/2019,AEX,LA,ASW,CE,Federal Contract Tower,1,14,14,0,29,0,0,0,0,0,1,14,14,0,29,31,0,31,60
01/06/2019,AEX,LA,ASW,CE,Federal Contract Tower,2,15,12,6,35,0,0,0,0,0,2,15,12,6,35,17,0,17,52
01/07/2019,AEX,LA,ASW,CE,Federal Contract Tower,8,21,11,1,41,0,0,0,0,0,8,21,11,1,41,14,2,16,57
01/08/2019,AEX,LA,ASW,CE,Federal Contract Tower,4,24,8,7,43,0,0,0,0,0,4,24,8,7,43,27,7,34,77
01/09/2019,AEX,LA,ASW,CE,Federal Contract Tower,8,20,10,2,40,0,0,0,0,0,8,20,10,2,40,32,16,48,88
01/10/2019,AEX,LA,ASW,CE,Federal Contract Tower,4,23,5,15,47,0,0,0,0,0,4,23,5,15,47,40,54,94,141
01/11/2019,AEX,LA,ASW,CE,Federal Contract Tower,3,11,6,4,24,0,0,6,2,8,3,11,12,6,32,17,4,21,53
01/12/2019,AEX,LA,ASW,CE,Federal Contract Tower,4,10,2,6,22,0,0,8,6,14,4,10,10,12,36,0,12,12,48
01/13/2019,AEX,LA,ASW,CE,Federal Contract Tower,2,20,11,1,34,0,0,0,0,0,2,20,11,1,34,10,22,32,66
01/14/2019,AEX,LA,ASW,CE,Federal Contract Tower,5,19,18,13,55,0,0,0,0,0,5,19,18,13,55,13,8,21,76
01/15/2019,AEX,LA,ASW,CE,Federal Contract Tower,4,18,11,12,45,0,0,0,0,0,4,18,11,12,45,27,62,89,134
01/16/2019,AEX,LA,ASW,CE,Federal Contract Tower,8,19,9,10,46,0,0,0,0,0,8,19,9,10,46,44,71,115,161
01/17/2019,AEX,LA,ASW,CE,Federal Contract Tower,20,4,17,8,49,0,0,0,0,0,20,4,17,8,49,13,56,69,118
01/18/2019,AEX,LA,ASW,CE,Federal Contract Tower,8,22,13,20,63,0,0,0,0,0,8,22,13,20,63,5,0,5,68
01/19/2019,AEX,LA,ASW,CE,Federal Contract Tower,1,11,6,6,24,0,0,0,0,0,1,11,6,6,24,4,18,22,46
01/20/2019,AEX,LA,ASW,CE,Federal Contract Tower,5,14,13,16,48,0,0,0,0,0,5,14,13,16,48,31,42,73,121
01/21/2019,AEX,LA,ASW,CE,Federal Contract Tower,2,18,15,6,41,0,0,0,0,0,2,18,15,6,41,42,22,64,105
01/22/2019,AEX,LA,ASW,CE,Federal Contract Tower,8,20,15,18,61,0,0,0,0,0,8,20,15,18,61,25,55,80,141
01/23/2019,AEX,LA,ASW,CE,Federal Contract Tower,8,18,7,3,36,0,0,0,0,0,8,18,7,3,36,13,9,22,58
01/24/2019,AEX,LA,ASW,CE,Federal Contract Tower,6,20,13,25,64,0,0,0,0,0,6,20,13,25,64,60,26,86,150
01/25/2019,AEX,LA,ASW,CE,Federal Contract Tower,10,18,14,6,48,0,0,37,3,40,10,18,51,9,88,5,4,9,97
01/26/2019,AEX,LA,ASW,CE,Federal Contract Tower,1,11,18,12,42,0,0,0,0,0,1,11,18,12,42,65,11,76,118
01/27/2019,AEX,LA,ASW,CE,Federal Contract Tower,1,34,10,3,48,0,0,0,0,0,1,34,10,3,48,22,0,22,70
01/28/2019,AEX,LA,ASW,CE,Federal Contract Tower,7,21,8,7,43,0,0,0,0,0,7,21,8,7,43,14,2,16,59
01/30/2019,AEX,LA,ASW,CE,Federal Contract Tower,12,20,5,9,46,0,0,24,8,32,12,20,29,17,78,31,12,43,121
01/31/2019,AEX,LA,ASW,CE,Federal Contract Tower,13,21,4,12,50,0,0,0,0,0,13,21,4,12,50,60,31,91,141
02/01/2019,AEX,LA,ASW,CE,Federal Contract Tower,22,18,4,8,52,0,0,0,0,0,22,18,4,8,52,7,8,15,67
02/02/2019,AEX,LA,ASW,CE,Federal Contract Tower,11,11,8,0,30,0,0,0,0,0,11,11,8,0,30,32,0,32,62
02/03/2019,AEX,LA,ASW,CE,Federal Contract Tower,15,14,13,2,44,0,0,0,0,0,15,14,13,2,44,17,0,17,61
02/04/2019,AEX,LA,ASW,CE,Federal Contract Tower,10,19,8,4,41,0,0,0,0,0,10,19,8,4,41,0,5,5,46
02/05/2019,AEX,LA,ASW,CE,Federal Contract Tower,6,19,7,4,36,0,0,0,0,0,6,19,7,4,36,1,0,1,37
02/06/2019,AEX,LA,ASW,CE,Federal Contract Tower,6,20,11,18,55,0,0,0,0,0,6,20,11,18,55,39,0,39,94
02/07/2019,AEX,LA,ASW,CE,Federal Contract Tower,12,17,4,1,34,0,0,5,0,5,12,17,9,1,39,4,6,10,49
02/08/2019,AEX,LA,ASW,CE,Federal Contract Tower,6,22,9,12,49,0,0,0,0,0,6,22,9,12,49,26,19,45,94
02/09/2019,AEX,LA,ASW,CE,Federal Contract Tower,0,11,5,3,19,0,0,10,6,16,0,11,15,9,35,6,16,22,57
02/10/2019,AEX,LA,ASW,CE,Federal Contract Tower,0,18,7,13,38,0,0,0,0,0,0,18,7,13,38,46,7,53,91
02/11/2019,AEX,LA,ASW,CE,Federal Contract Tower,4,21,22,14,61,0,0,0,0,0,4,21,22,14,61,13,2,15,76
02/12/2019,AEX,LA,ASW,CE,Federal Contract Tower,6,24,10,11,51,0,0,0,0,0,6,24,10,11,51,27,5,32,83
02/13/2019,AEX,LA,ASW,CE,Federal Contract Tower,4,18,12,8,42,0,0,22,11,33,4,18,34,19,75,47,23,70,145
02/14/2019,AEX,LA,ASW,CE,Federal Contract Tower,10,21,6,7,44,0,0,0,0,0,10,21,6,7,44,31,16,47,91
02/15/2019,AEX,LA,ASW,CE,Federal Contract Tower,6,20,11,38,75,0,0,0,0,0,6,20,11,38,75,16,16,32,107
02/16/2019,AEX,LA,ASW,CE,Federal Contract Tower,1,12,13,21,47,0,0,0,0,0,1,12,13,21,47,0,6,6,53
02/17/2019,AEX,LA,ASW,CE,Federal Contract Tower,0,12,5,0,17,0,0,0,0,0,0,12,5,0,17,0,0,0,17
02/18/2019,AEX,LA,ASW,CE,Federal Contract Tower,2,21,2,13,38,0,0,0,0,0,2,21,2,13,38,33,4,37,75
02/19/2019,AEX,LA,ASW,CE,Federal Contract Tower,8,23,0,3,34,0,0,0,0,0,8,23,0,3,34,2,2,4,38
02/20/2019,AEX,LA,ASW,CE,Federal Contract Tower,5,20,11,16,52,0,0,0,0,0,5,20,11,16,52,27,37,64,116
02/21/2019,AEX,LA,ASW,CE,Federal Contract Tower,7,23,8,7,45,0,0,0,0,0,7,23,8,7,45,9,1,10,55
02/22/2019,AEX,LA,ASW,CE,Federal Contract Tower,9,22,4,29,64,0,0,0,0,0,9,22,4,29,64,0,0,0,64
02/23/2019,AEX,LA,ASW,CE,Federal Contract Tower,2,14,4,7,27,0,0,8,3,11,2,14,12,10,38,10,0,10,48
02/24/2019,AEX,LA,ASW,CE,Federal Contract Tower,5,17,7,6,35,0,0,0,0,0,5,17,7,6,35,41,13,54,89
02/25/2019,AEX,LA,ASW,CE,Federal Contract Tower,7,25,12,2,46,0,0,0,0,0,7,25,12,2,46,20,4,24,70
02/26/2019,AEX,LA,ASW,CE,Federal Contract Tower,14,19,12,2,47,0,0,0,0,0,14,19,12,2,47,14,0,14,61
02/27/2019,AEX,LA,ASW,CE,Federal Contract Tower,11,21,9,3,44,0,0,0,0,0,11,21,9,3,44,3,0,3,47
02/28/2019,AEX,LA,ASW,CE,Federal Contract Tower,14,20,10,6,50,0,0,1,0,1,14,20,11,6,51,0,0,0,51
03/01/2019,AEX,LA,ASW,CE,Federal Contract Tower,17,23,6,7,53,0,0,0,0,0,17,23,6,7,53,4,0,4,57
03/02/2019,AEX,LA,ASW,CE,Federal Contract Tower,4,11,14,1,30,0,0,0,0,0,4,11,14,1,30,25,11,36,66
03/03/2019,AEX,LA,ASW,CE,Federal Contract Tower,4,22,4,0,30,0,0,0,0,0,4,22,4,0,30,2,0,2,32
03/04/2019,AEX,LA,ASW,CE,Federal Contract Tower,4,22,4,4,34,0,0,0,0,0,4,22,4,4,34,20,25,45,79
03/05/2019,AEX,LA,ASW,CE,Federal Contract Tower,6,20,16,8,50,0,0,0,0,0,6,20,16,8,50,38,31,69,119
03/06/2019,AEX,LA,ASW,CE,Federal Contract Tower,6,22,16,4,48,0,0,0,0,0,6,22,16,4,48,38,31,69,117
03/07/2019,AEX,LA,ASW,CE,Federal Contract Tower,7,24,9,8,48,0,0,50,4,54,7,24,59,12,102,4,6,10,112
03/08/2019,AEX,LA,ASW,CE,Federal Contract Tower,13,19,9,2,43,0,0,0,0,0,13,19,9,2,43,2,2,4,47
03/09/2019,AEX,LA,ASW,CE,Federal Contract Tower,2,12,4,0,18,0,0,0,0,0,2,12,4,0,18,4,0,4,22
03/10/2019,AEX,LA,ASW,CE,Federal Contract Tower,1,21,9,11,42,0,0,0,0,0,1,21,9,11,42,19,11,30,72
03/11/2019,AEX,LA,ASW,CE,Federal Contract Tower,6,26,22,7,61,0,0,0,0,0,6,26,22,7,61,25,4,29,90
03/12/2019,AEX,LA,ASW,CE,Federal Contract Tower,11,21,16,6,54,0,0,0,0,0,11,21,16,6,54,36,6,42,96
03/13/2019,AEX,LA,ASW,CE,Federal Contract Tower,4,19,7,2,32,0,0,0,0,0,4,19,7,2,32,1,2,3,35
03/14/2019,AEX,LA,ASW,CE,Federal Contract Tower,23,8,14,5,50,0,0,0,0,0,23,8,14,5,50,21,3,24,74
03/15/2019,AEX,LA,ASW,CE,Federal Contract Tower,8,22,18,43,91,0,0,0,0,0,8,22,18,43,91,64,30,94,185
03/16/2019,AEX,LA,ASW,CE,Federal Contract Tower,1,13,11,0,25,0,0,0,0,0,1,13,11,0,25,61,1,62,87
03/17/2019,AEX,LA,ASW,CE,Federal Contract Tower,1,19,8,9,37,0,0,0,0,0,1,19,8,9,37,34,20,54,91
03/18/2019,AEX,LA,ASW,CE,Federal Contract Tower,3,19,14,18,54,0,0,0,0,0,3,19,14,18,54,62,33,95,149
03/19/2019,AEX,LA,ASW,CE,Federal Contract Tower,7,19,11,5,42,0,0,0,0,0,7,19,11,5,42,54,17,71,113
03/20/2019,AEX,LA,ASW,CE,Federal Contract Tower,3,20,15,10,48,0,0,0,0,0,3,20,15,10,48,23,3,26,74
03/21/2019,AEX,LA,ASW,CE,Federal Contract Tower,9,20,6,8,43,0,0,0,0,0,9,20,6,8,43,7,43,50,93
03/22/2019,AEX,LA,ASW,CE,Federal Contract Tower,6,20,12,32,70,0,0,0,0,0,6,20,12,32,70,45,29,74,144
03/23/2019,AEX,LA,ASW,CE,Federal Contract Tower,1,11,18,26,56,0,0,0,0,0,1,11,18,26,56,36,19,55,111
03/24/2019,AEX,LA,ASW,CE,Federal Contract Tower,0,22,13,11,46,0,0,0,0,0,0,22,13,11,46,34,1,35,81
03/25/2019,AEX,LA,ASW,CE,Federal Contract Tower,8,26,6,1,41,0,0,0,0,0,8,26,6,1,41,34,4,38,79
03/26/2019,AEX,LA,ASW,CE,Federal Contract Tower,6,22,8,8,44,0,0,0,0,0,6,22,8,8,44,25,13,38,82
03/27/2019,AEX,LA,ASW,CE,Federal Contract Tower,7,19,6,12,44,0,0,0,0,0,7,19,6,12,44,25,43,68,112
03/28/2019,AEX,LA,ASW,CE,Federal Contract Tower,9,25,9,12,55,0,0,0,0,0,9,25,9,12,55,3,49,52,107
03/29/2019,AEX,LA,ASW,CE,Federal Contract Tower,11,22,3,12,48,0,0,0,0,0,11,22,3,12,48,28,0,28,76
03/31/2019,AEX,LA,ASW,CE,Federal Contract Tower,4,25,14,17,60,0,0,0,0,0,4,25,14,17,60,16,24,40,100
04/01/2019,AEX,LA,ASW,CE,Federal Contract Tower,12,22,9,7,50,0,0,0,0,0,12,22,9,7,50,36,14,50,100
04/02/2019,AEX,LA,ASW,CE,Federal Contract Tower,18,20,16,14,68,0,0,0,0,0,18,20,16,14,68,40,16,56,124
04/03/2019,AEX,LA,ASW,CE,Federal Contract Tower,4,22,18,14,58,0,0,0,0,0,4,22,18,14,58,54,46,100,158
04/04/2019,AEX,LA,ASW,CE,Federal Contract Tower,6,22,1,1,30,0,0,0,0,0,6,22,1,1,30,4,10,14,44
04/05/2019,AEX,LA,ASW,CE,Federal Contract Tower,8,22,20,7,57,0,0,0,0,0,8,22,20,7,57,22,10,32,89
04/06/2019,AEX,LA,ASW,CE,Federal Contract Tower,0,15,5,0,20,0,0,0,0,0,0,15,5,0,20,0,0,0,20
04/07/2019,AEX,LA,ASW,CE,Federal Contract Tower,1,18,3,20,42,0,0,0,0,0,1,18,3,20,42,0,0,0,42
04/08/2019,AEX,LA,ASW,CE,Federal Contract Tower,7,23,23,18,71,0,0,0,0,0,7,23,23,18,71,1,2,3,74
04/09/2019,AEX,LA,ASW,CE,Federal Contract Tower,5,20,16,17,58,0,0,0,0,0,5,20,16,17,58,40,66,106,164
04/10/2019,AEX,LA,ASW,CE,Federal Contract Tower,7,20,24,18,69,0,0,0,0,0,7,20,24,18,69,19,34,53,122
04/11/2019,AEX,LA,ASW,CE,Federal Contract Tower,12,22,9,14,57,0,0,0,0,0,12,22,9,14,57,38,22,60,117
04/12/2019,AEX,LA,ASW,CE,Federal Contract Tower,7,20,7,4,38,0,0,0,0,0,7,20,7,4,38,20,4,24,62
04/13/2019,AEX,LA,ASW,CE,Federal Contract Tower,1,14,0,8,23,0,0,0,0,0,1,14,0,8,23,0,0,0,23
04/14/2019,AEX,LA,ASW,CE,Federal Contract Tower,2,22,6,9,39,0,0,0,0,0,2,22,6,9,39,26,24,50,89
04/15/2019,AEX,LA,ASW,CE,Federal Contract Tower,4,20,8,4,36,0,0,0,0,0,4,20,8,4,36,39,15,54,90
04/16/2019,AEX,LA,ASW,CE,Federal Contract Tower,6,21,7,15,49,0,0,0,0,0,6,21,7,15,49,73,29,102,151
04/17/2019,AEX,LA,ASW,CE,Federal Contract Tower,4,21,13,5,43,0,0,0,0,0,4,21,13,5,43,17,7,24,67
04/18/2019,AEX,LA,ASW,CE,Federal Contract Tower,2,14,0,2,18,0,0,0,0,0,2,14,0,2,18,7,2,9,27
04/19/2019,AEX,LA,ASW,CE,Federal Contract Tower,2,19,5,14,40,0,0,4,3,7,2,19,9,17,47,9,14,23,70
04/20/2019,AEX,LA,ASW,CE,Federal Contract Tower,0,13,17,10,40,0,0,26,4,30,0,13,43,14,70,0,0,0,70
04/21/2019,AEX,LA,ASW,CE,Federal Contract Tower,1,17,4,0,22,0,0,0,0,0,1,17,4,0,22,7,6,13,35
04/22/2019,AEX,LA,ASW,CE,Federal Contract Tower,4,21,13,7,45,0,0,0,0,0,4,21,13,7,45,8,5,13,58
04/23/2019,AEX,LA,ASW,CE,Federal Contract Tower,10,23,11,9,53,0,0,0,0,0,10,23,11,9,53,35,15,50,103
04/24/2019,AEX,LA,ASW,CE,Federal Contract Tower,16,18,4,5,43,0,0,0,0,0,16,18,4,5,43,19,3,22,65
04/25/2019,AEX,LA,ASW,CE,Federal Contract Tower,14,22,7,2,45,0,0,0,0,0,14,22,7,2,45,33,10,43,88
04/26/2019,AEX,LA,ASW,CE,Federal Contract Tower,6,20,7,11,44,0,0,0,0,0,6,20,7,11,44,40,18,58,102
04/27/2019,AEX,LA,ASW,CE,Federal Contract Tower,10,14,5,1,30,0,0,0,0,0,10,14,5,1,30,30,24,54,84
04/28/2019,AEX,LA,ASW,CE,Federal Contract Tower,10,20,10,15,55,0,0,0,0,0,10,20,10,15,55,28,6,34,89
04/29/2019,AEX,LA,ASW,CE,Federal Contract Tower,11,22,22,1,56,0,0,0,0,0,11,22,22,1,56,29,7,36,92
04/30/2019,AEX,LA,ASW,CE,Federal Contract Tower,30,20,8,11,69,0,0,0,0,0,30,20,8,11,69,22,22,44,113
05/01/2019,AEX,LA,ASW,CE,Federal Contract Tower,17,22,21,9,69,0,0,0,0,0,17,22,21,9,69,37,13,50,119
05/02/2019,AEX,LA,ASW,CE,Federal Contract Tower,17,18,14,4,53,0,0,0,0,0,17,18,14,4,53,11,6,17,70
05/03/2019,AEX,LA,ASW,CE,Federal Contract Tower,4,18,3,2,27,0,0,0,0,0,4,18,3,2,27,15,0,15,42
05/04/2019,AEX,LA,ASW,CE,Federal Contract Tower,2,16,3,0,21,0,0,0,0,0,2,16,3,0,21,22,11,33,54
05/05/2019,AEX,LA,ASW,CE,Federal Contract Tower,0,20,7,8,35,0,0,0,0,0,0,20,7,8,35,28,6,34,69
05/06/2019,AEX,LA,ASW,CE,Federal Contract Tower,4,18,21,25,68,0,0,0,0,0,4,18,21,25,68,49,25,74,142
05/07/2019,AEX,LA,ASW,CE,Federal Contract Tower,6,18,14,13,51,0,0,0,0,0,6,18,14,13,51,21,0,21,72
05/08/2019,AEX,LA,ASW,CE,Federal Contract Tower,6,14,11,2,33,0,0,0,0,0,6,14,11,2,33,6,5,11,44
05/09/2019,AEX,LA,ASW,CE,Federal Contract Tower,7,17,8,0,32,0,0,0,0,0,7,17,8,0,32,4,0,4,36
05/10/2019,AEX,LA,ASW,CE,Federal Contract Tower,6,19,5,8,38,0,0,0,0,0,6,19,5,8,38,5,4,9,47
05/11/2019,AEX,LA,ASW,CE,Federal Contract Tower,0,15,3,2,20,0,0,0,0,0,0,15,3,2,20,4,0,4,24
05/12/2019,AEX,LA,ASW,CE,Federal Contract Tower,0,16,18,8,42,0,0,0,0,0,0,16,18,8,42,39,12,51,93
05/13/2019,AEX,LA,ASW,CE,Federal Contract Tower,4,22,14,12,52,0,0,0,0,0,4,22,14,12,52,20,23,43,95
05/14/2019,AEX,LA,ASW,CE,Federal Contract Tower,4,23,13,14,54,0,0,0,0,0,4,23,13,14,54,60,14,74,128
05/15/2019,AEX,LA,ASW,CE,Federal Contract Tower,4,25,13,5,47,0,0,0,0,0,4,25,13,5,47,48,9,57,104
05/16/2019,AEX,LA,ASW,CE,Federal Contract Tower,7,21,19,12,59,0,0,0,0,0,7,21,19,12,59,46,14,60,119
05/17/2019,AEX,LA,ASW,CE,Federal Contract Tower,8,21,6,12,47,0,0,0,0,0,8,21,6,12,47,18,16,34,81
05/18/2019,AEX,LA,ASW,CE,Federal Contract Tower,1,12,2,0,15,0,0,0,0,0,1,12,2,0,15,14,0,14,29
05/19/2019,AEX,LA,ASW,CE,Federal Contract Tower,0,18,4,0,22,0,0,0,0,0,0,18,4,0,22,10,0,10,32
05/20/2019,AEX,LA,ASW,CE,Federal Contract Tower,9,21,7,6,43,0,0,0,0,0,9,21,7,6,43,42,8,50,93
05/21/2019,AEX,LA,ASW,CE,Federal Contract Tower,6,18,4,8,36,0,0,0,0,0,6,18,4,8,36,2,10,12,48
05/22/2019,AEX,LA,ASW,CE,Federal Contract Tower,2,21,5,8,36,0,0,0,0,0,2,21,5,8,36,25,38,63,99
05/23/2019,AEX,LA,ASW,CE,Federal Contract Tower,6,23,15,7,51,0,0,0,0,0,6,23,15,7,51,16,31,47,98
05/24/2019,AEX,LA,ASW,CE,Federal Contract Tower,10,22,26,0,58,0,0,0,0,0,10,22,26,0,58,6,8,14,72
05/25/2019,AEX,LA,ASW,CE,Federal Contract Tower,21,14,12,4,51,0,0,0,0,0,21,14,12,4,51,11,4,15,66
05/26/2019,AEX,LA,ASW,CE,Federal Contract Tower,12,12,7,0,31,0,0,0,0,0,12,12,7,0,31,58,0,58,89
05/27/2019,AEX,LA,ASW,CE,Federal Contract Tower,16,19,11,0,46,0,0,0,0,0,16,19,11,0,46,34,0,34,80
05/28/2019,AEX,LA,ASW,CE,Federal Contract Tower,13,20,12,0,45,0,0,0,0,0,13,20,12,0,45,21,0,21,66
05/29/2019,AEX,LA,ASW,CE,Federal Contract Tower,7,18,18,3,46,0,0,0,0,0,7,18,18,3,46,28,9,37,83
05/30/2019,AEX,LA,ASW,CE,Federal Contract Tower,6,20,6,0,32,0,0,0,0,0,6,20,6,0,32,45,0,45,77
05/31/2019,AEX,LA,ASW,CE,Federal Contract Tower,9,21,14,29,73,0,0,0,0,0,9,21,14,29,73,11,29,40,113
06/01/2019,AEX,LA,ASW,CE,Federal Contract Tower,4,14,11,1,30,0,0,0,0,0,4,14,11,1,30,11,10,21,51
06/02/2019,AEX,LA,ASW,CE,Federal Contract Tower,7,19,6,0,32,0,0,0,0,0,7,19,6,0,32,39,7,46,78
06/03/2019,AEX,LA,ASW,CE,Federal Contract Tower,10,19,7,26,62,0,0,0,0,0,10,19,7,26,62,61,5,66,128
06/04/2019,AEX,LA,ASW,CE,Federal Contract Tower,9,19,8,5,41,0,0,0,0,0,9,19,8,5,41,35,2,37,78
06/05/2019,AEX,LA,ASW,CE,Federal Contract Tower,4,24,13,0,41,0,0,2,0,2,4,24,15,0,43,1,0,1,44
06/06/2019,AEX,LA,ASW,CE,Federal Contract Tower,13,21,12,4,50,0,0,0,0,0,13,21,12,4,50,14,0,14,64
06/07/2019,AEX,LA,ASW,CE,Federal Contract Tower,10,17,10,39,76,0,0,0,0,0,10,17,10,39,76,8,0,8,84
06/08/2019,AEX,LA,ASW,CE,Federal Contract Tower,0,12,15,2,29,0,0,0,0,0,0,12,15,2,29,30,12,42,71
06/09/2019,AEX,LA,ASW,CE,Federal Contract Tower,1,14,15,17,47,0,0,0,0,0,1,14,15,17,47,30,15,45,92
06/10/2019,AEX,LA,ASW,CE,Federal Contract Tower,8,18,10,5,41,0,0,0,0,0,8,18,10,5,41,37,31,68,109
06/11/2019,AEX,LA,ASW,CE,Federal Contract Tower,9,19,5,2,35,0,0,0,0,0,9,19,5,2,35,59,12,71,106
06/12/2019,AEX,LA,ASW,CE,Federal Contract Tower,5,21,9,7,42,0,0,0,0,0,5,21,9,7,42,45,5,50,92
06/13/2019,AEX,LA,ASW,CE,Federal Contract Tower,10,18,9,4,41,0,0,0,0,0,10,18,9,4,41,17,0,17,58
06/14/2019,AEX,LA,ASW,CE,Federal Contract Tower,9,23,10,5,47,0,0,0,0,0,9,23,10,5,47,22,7,29,76
06/15/2019,AEX,LA,ASW,CE,Federal Contract Tower,6,14,6,2,28,0,0,0,0,0,6,14,6,2,28,4,19,23,51
06/16/2019,AEX,LA,ASW,CE,Federal Contract Tower,2,11,11,0,24,0,0,0,0,0,2,11,11,0,24,10,0,10,34
06/17/2019,AEX,LA,ASW,CE,Federal Contract Tower,3,18,12,6,39,0,0,0,0,0,3,18,12,6,39,10,2,12,51
06/18/2019,AEX,LA,ASW,CE,Federal Contract Tower,9,20,5,11,45,0,0,0,0,0,9,20,5,11,45,16,21,37,82
06/19/2019,AEX,LA,ASW,CE,Federal Contract Tower,7,16,10,4,37,0,0,0,0,0,7,16,10,4,37,8,9,17,54
06/20/2019,AEX,LA,ASW,CE,Federal Contract Tower,6,19,16,9,50,0,0,0,0,0,6,19,16,9,50,24,12,36,86
06/21/2019,AEX,LA,ASW,CE,Federal Contract Tower,8,20,10,9,47,0,0,0,0,0,8,20,10,9,47,8,7,15,62
06/22/2019,AEX,LA,ASW,CE,Federal Contract Tower,0,15,11,19,45,0,0,0,0,0,0,15,11,19,45,23,6,29,74
06/23/2019,AEX,LA,ASW,CE,Federal Contract Tower,2,18,10,5,35,0,0,0,0,0,2,18,10,5,35,20,16,36,71
06/24/2019,AEX,LA,ASW,CE,Federal Contract Tower,10,17,6,6,39,0,0,0,0,0,10,17,6,6,39,27,7,34,73
06/25/2019,AEX,LA,ASW,CE,Federal Contract Tower,12,18,11,4,45,0,0,0,0,0,12,18,11,4,45,10,0,10,55
06/26/2019,AEX,LA,ASW,CE,Federal Contract Tower,14,21,8,2,45,0,0,0,0,0,14,21,8,2,45,13,42,55,100
06/27/2019,AEX,LA,ASW,CE,Federal Contract Tower,9,25,10,3,47,0,0,0,0,0,9,25,10,3,47,31,10,41,88
06/28/2019,AEX,LA,ASW,CE,Federal Contract Tower,6,18,7,1,32,0,0,0,0,0,6,18,7,1,32,12,3,15,47
06/29/2019,AEX,LA,ASW,CE,Federal Contract Tower,1,14,8,0,23,0,0,0,0,0,1,14,8,0,23,27,0,27,50
06/30/2019,AEX,LA,ASW,CE,Federal Contract Tower,2,14,4,0,20,0,0,0,0,0,2,14,4,0,20,21,0,21,41
07/01/2019,AEX,LA,ASW,CE,Federal Contract Tower,6,20,24,2,52,0,0,0,0,0,6,20,24,2,52,62,7,69,121
07/03/2019,AEX,LA,ASW,CE,Federal Contract Tower,8,17,20,2,47,0,0,0,0,0,8,17,20,2,47,4,2,6,53
07/04/2019,AEX,LA,ASW,CE,Federal Contract Tower,0,12,5,0,17,0,0,0,0,0,0,12,5,0,17,13,0,13,30
07/05/2019,AEX,LA,ASW,CE,Federal Contract Tower,8,11,4,0,23,0,0,0,0,0,8,11,4,0,23,26,0,26,49
07/06/2019,AEX,LA,ASW,CE,Federal Contract Tower,4,14,13,2,33,0,0,0,0,0,4,14,13,2,33,15,0,15,48
07/07/2019,AEX,LA,ASW,CE,Federal Contract Tower,2,19,13,0,34,0,0,0,0,0,2,19,13,0,34,23,0,23,57
07/08/2019,AEX,LA,ASW,CE,Federal Contract Tower,6,18,13,7,44,0,0,0,0,0,6,18,13,7,44,12,0,12,56
07/09/2019,AEX,LA,ASW,CE,Federal Contract Tower,5,19,15,2,41,0,0,0,0,0,5,19,15,2,41,47,17,64,105
07/10/2019,AEX,LA,ASW,CE,Federal Contract Tower,7,16,4,13,40,0,0,0,0,0,7,16,4,13,40,9,3,12,52
07/11/2019,AEX,LA,ASW,CE,Federal Contract Tower,9,19,11,4,43,0,0,0,0,0,9,19,11,4,43,23,11,34,77
07/12/2019,AEX,LA,ASW,CE,Federal Contract Tower,9,18,10,1,38,0,0,0,0,0,9,18,10,1,38,6,2,8,46
07/13/2019,AEX,LA,ASW,CE,Federal Contract Tower,1,13,3,0,17,0,0,0,0,0,1,13,3,0,17,0,0,0,17
07/14/2019,AEX,LA,ASW,CE,Federal Contract Tower,1,16,1,0,18,0,0,0,0,0,1,16,1,0,18,0,0,0,18
07/15/2019,AEX,LA,ASW,CE,Federal Contract Tower,3,17,4,14,38,0,0,0,0,0,3,17,4,14,38,7,7,14,52
07/16/2019,AEX,LA,ASW,CE,Federal Contract Tower,10,18,14,6,48,0,0,0,0,0,10,18,14,6,48,9,37,46,94
07/17/2019,AEX,LA,ASW,CE,Federal Contract Tower,7,20,15,7,49,0,0,0,0,0,7,20,15,7,49,43,113,156,205
07/18/2019,AEX,LA,ASW,CE,Federal Contract Tower,7,19,16,23,65,0,0,0,0,0,7,19,16,23,65,13,101,114,179
07/19/2019,AEX,LA,ASW,CE,Federal Contract Tower,9,18,13,14,54,0,0,0,0,0,9,18,13,14,54,20,84,104,158
07/20/2019,AEX,LA,ASW,CE,Federal Contract Tower,14,15,13,8,50,0,0,0,0,0,14,15,13,8,50,20,49,69,119
07/21/2019,AEX,LA,ASW,CE,Federal Contract Tower,2,18,9,2,31,0,0,0,0,0,2,18,9,2,31,27,2,29,60
07/22/2019,AEX,LA,ASW,CE,Federal Contract Tower,4,19,12,6,41,0,0,0,0,0,4,19,12,6,41,11,1,12,53
07/23/2019,AEX,LA,ASW,CE,Federal Contract Tower,10,18,14,1,43,0,0,0,0,0,10,18,14,1,43,12,4,16,59
07/24/2019,AEX,LA,ASW,CE,Federal Contract Tower,10,18,15,12,55,0,0,0,0,0,10,18,15,12,55,38,6,44,99
07/25/2019,AEX,LA,ASW,CE,Federal Contract Tower,8,20,3,4,35,0,0,0,0,0,8,20,3,4,35,12,1,13,48
07/26/2019,AEX,LA,ASW,CE,Federal Contract Tower,10,19,2,1,32,0,0,0,0,0,10,19,2,1,32,19,16,35,67
07/27/2019,AEX,LA,ASW,CE,Federal Contract Tower,2,14,8,2,26,0,0,0,0,0,2,14,8,2,26,14,6,20,46
07/28/2019,AEX,LA,ASW,CE,Federal Contract Tower,1,17,8,2,28,0,0,0,0,0,1,17,8,2,28,11,6,17,45
07/29/2019,AEX,LA,ASW,CE,Federal Contract Tower,8,16,5,2,31,0,0,0,0,0,8,16,5,2,31,8,0,8,39
07/30/2019,AEX,LA,ASW,CE,Federal Contract Tower,8,20,6,3,37,0,0,0,0,0,8,20,6,3,37,3,0,3,40
07/31/2019,AEX,LA,ASW,CE,Federal Contract Tower,9,18,8,8,43,0,0,0,0,0,9,18,8,8,43,13,12,25,68
08/01/2019,AEX,LA,ASW,CE,Federal Contract Tower,7,20,4,11,42,0,0,0,0,0,7,20,4,11,42,41,7,48,90
08/02/2019,AEX,LA,ASW,CE,Federal Contract Tower,7,21,11,12,51,0,0,0,0,0,7,21,11,12,51,30,11,41,92
08/03/2019,AEX,LA,ASW,CE,Federal Contract Tower,0,14,9,11,34,0,0,0,0,0,0,14,9,11,34,18,2,20,54
08/04/2019,AEX,LA,ASW,CE,Federal Contract Tower,0,19,9,2,30,0,0,0,0,0,0,19,9,2,30,25,3,28,58
08/05/2019,AEX,LA,ASW,CE,Federal Contract Tower,5,18,12,6,41,0,0,0,0,0,5,18,12,6,41,64,5,69,110
08/06/2019,AEX,LA,ASW,CE,Federal Contract Tower,8,18,8,2,36,0,0,0,0,0,8,18,8,2,36,48,7,55,91
08/07/2019,AEX,LA,ASW,CE,Federal Contract Tower,6,21,12,2,41,0,0,0,0,0,6,21,12,2,41,58,1,59,100
08/08/2019,AEX,LA,ASW,CE,Federal Contract Tower,8,18,3,10,39,0,0,0,0,0,8,18,3,10,39,17,6,23,62
08/09/2019,AEX,LA,ASW,CE,Federal Contract Tower,6,18,7,13,44,0,0,0,0,0,6,18,7,13,44,14,25,39,83
08/10/2019,AEX,LA,ASW,CE,Federal Contract Tower,4,15,7,0,26,0,0,0,0,0,4,15,7,0,26,8,11,19,45
08/11/2019,AEX,LA,ASW,CE,Federal Contract Tower,0,17,8,2,27,0,0,0,0,0,0,17,8,2,27,17,0,17,44
08/12/2019,AEX,LA,ASW,CE,Federal Contract Tower,2,19,9,0,30,0,0,0,0,0,2,19,9,0,30,15,2,17,47
08/13/2019,AEX,LA,ASW,CE,Federal Contract Tower,8,18,5,4,35,0,0,0,0,0,8,18,5,4,35,12,14,26,61
08/14/2019,AEX,LA,ASW,CE,Federal Contract Tower,6,18,13,2,39,0,0,0,0,0,6,18,13,2,39,25,0,25,64
08/15/2019,AEX,LA,ASW,CE,Federal Contract Tower,6,19,6,27,58,0,0,0,0,0,6,19,6,27,58,23,17,40,98
08/16/2019,AEX,LA,ASW,CE,Federal Contract Tower,7,18,4,7,36,0,0,0,0,0,7,18,4,7,36,14,9,23,59
08/17/2019,AEX,LA,ASW,CE,Federal Contract Tower,1,18,15,0,34,0,0,0,0,0,1,18,15,0,34,30,1,31,65
08/18/2019,AEX,LA,ASW,CE,Federal Contract Tower,0,18,2,0,20,0,0,0,0,0,0,18,2,0,20,28,0,28,48
08/19/2019,AEX,LA,ASW,CE,Federal Contract Tower,6,18,14,6,44,0,0,0,0,0,6,18,14,6,44,12,0,12,56
08/20/2019,AEX,LA,ASW,CE,Federal Contract Tower,7,18,11,14,50,0,0,0,0,0,7,18,11,14,50,25,0,25,75
08/21/2019,AEX,LA,ASW,CE,Federal Contract Tower,7,19,13,8,47,0,0,0,0,0,7,19,13,8,47,20,2,22,69
08/22/2019,AEX,LA,ASW,CE,Federal Contract Tower,8,18,21,17,64,0,0,0,0,0,8,18,21,17,64,22,18,40,104
08/23/2019,AEX,LA,ASW,CE,Federal Contract Tower,9,18,20,7,54,0,0,0,0,0,9,18,20,7,54,13,6,19,73
08/24/2019,AEX,LA,ASW,CE,Federal Contract Tower,14,0,1,0,15,0,0,0,0,0,14,0,1,0,15,54,0,54,69
08/25/2019,AEX,LA,ASW,CE,Federal Contract Tower,3,17,4,5,29,0,0,0,0,0,3,17,4,5,29,0,0,0,29
08/26/2019,AEX,LA,ASW,CE,Federal Contract Tower,8,18,7,3,36,0,0,0,0,0,8,18,7,3,36,35,9,44,80
08/27/2019,AEX,LA,ASW,CE,Federal Contract Tower,8,16,6,10,40,0,0,0,0,0,8,16,6,10,40,45,18,63,103
08/28/2019,AEX,LA,ASW,CE,Federal Contract Tower,7,19,4,8,38,0,0,0,0,0,7,19,4,8,38,14,3,17,55
08/29/2019,AEX,LA,ASW,CE,Federal Contract Tower,10,17,12,4,43,0,0,0,0,0,10,17,12,4,43,37,19,56,99
08/30/2019,AEX,LA,ASW,CE,Federal Contract Tower,8,18,19,0,45,0,0,0,0,0,8,18,19,0,45,49,8,57,102
08/31/2019,AEX,LA,ASW,CE,Federal Contract Tower,2,11,8,0,21,0,0,0,0,0,2,11,8,0,21,23,34,57,78
09/01/2019,AEX,LA,ASW,CE,Federal Contract Tower,0,14,13,0,27,0,0,0,0,0,0,14,13,0,27,20,5,25,52
09/02/2019,AEX,LA,ASW,CE,Federal Contract Tower,6,18,19,0,43,0,0,0,0,0,6,18,19,0,43,25,18,43,86
09/03/2019,AEX,LA,ASW,CE,Federal Contract Tower,6,18,14,2,40,0,0,0,0,0,6,18,14,2,40,22,32,54,94
09/04/2019,AEX,LA,ASW,CE,Federal Contract Tower,6,18,15,0,39,0,0,0,0,0,6,18,15,0,39,46,30,76,115
09/05/2019,AEX,LA,ASW,CE,Federal Contract Tower,9,18,5,2,34,0,0,0,0,0,9,18,5,2,34,15,11,26,60
09/06/2019,AEX,LA,ASW,CE,Federal Contract Tower,12,18,11,1,42,0,0,0,0,0,12,18,11,1,42,3,6,9,51
09/07/2019,AEX,LA,ASW,CE,Federal Contract Tower,3,16,3,7,29,0,0,0,0,0,3,16,3,7,29,39,5,44,73
09/08/2019,AEX,LA,ASW,CE,Federal Contract Tower,4,17,10,6,37,0,0,0,0,0,4,17,10,6,37,21,23,44,81
09/09/2019,AEX,LA,ASW,CE,Federal Contract Tower,10,21,18,0,49,0,0,0,0,0,10,21,18,0,49,31,12,43,92
09/10/2019,AEX,LA,ASW,CE,Federal Contract Tower,12,24,3,1,40,0,0,0,0,0,12,24,3,1,40,15,9,24,64
09/11/2019,AEX,LA,ASW,CE,Federal Contract Tower,14,18,13,3,48,0,0,0,0,0,14,18,13,3,48,24,8,32,80
09/12/2019,AEX,LA,ASW,CE,Federal Contract Tower,18,22,15,0,55,0,0,0,0,0,18,22,15,0,55,27,0,27,82
09/13/2019,AEX,LA,ASW,CE,Federal Contract Tower,14,23,22,15,74,0,0,0,0,0,14,23,22,15,74,20,4,24,98
09/14/2019,AEX,LA,ASW,CE,Federal Contract Tower,7,14,7,5,33,0,0,0,0,0,7,14,7,5,33,24,7,31,64
09/15/2019,AEX,LA,ASW,CE,Federal Contract Tower,11,21,6,13,51,0,0,0,0,0,11,21,6,13,51,35,14,49,100
09/16/2019,AEX,LA,ASW,CE,Federal Contract Tower,11,20,8,12,51,0,0,0,0,0,11,20,8,12,51,31,14,45,96
09/17/2019,AEX,LA,ASW,CE,Federal Contract Tower,13,22,12,0,47,0,0,0,0,0,13,22,12,0,47,15,4,19,66
09/18/2019,AEX,LA,ASW,CE,Federal Contract Tower,5,20,9,4,38,0,0,0,0,0,5,20,9,4,38,2,0,2,40
09/19/2019,AEX,LA,ASW,CE,Federal Contract Tower,5,20,14,9,48,0,0,0,0,0,5,20,14,9,48,4,13,17,65
09/20/2019,AEX,LA,ASW,CE,Federal Contract Tower,9,15,8,5,37,0,0,0,0,0,9,15,8,5,37,1,2,3,40
09/21/2019,AEX,LA,ASW,CE,Federal Contract Tower,0,14,3,4,21,0,0,0,0,0,0,14,3,4,21,14,28,42,63
09/22/2019,AEX,LA,ASW,CE,Federal Contract Tower,5,18,19,14,56,0,0,0,0,0,5,18,19,14,56,23,14,37,93
09/23/2019,AEX,LA,ASW,CE,Federal Contract Tower,11,18,8,10,47,0,0,0,0,0,11,18,8,10,47,18,16,34,81
09/24/2019,AEX,LA,ASW,CE,Federal Contract Tower,6,21,3,0,30,0,0,0,0,0,6,21,3,0,30,33,5,38,68
09/25/2019,AEX,LA,ASW,CE,Federal Contract Tower,8,21,8,6,43,0,0,0,0,0,8,21,8,6,43,50,6,56,99
09/26/2019,AEX,LA,ASW,CE,Federal Contract Tower,8,22,16,1,47,0,0,0,0,0,8,22,16,1,47,17,7,24,71
09/27/2019,AEX,LA,ASW,CE,Federal Contract Tower,9,23,20,0,52,0,0,0,0,0,9,23,20,0,52,37,0,37,89
09/28/2019,AEX,LA,ASW,CE,Federal Contract Tower,1,15,6,0,22,0,0,0,0,0,1,15,6,0,22,19,0,19,41
09/29/2019,AEX,LA,ASW,CE,Federal Contract Tower,4,22,17,4,47,0,0,0,0,0,4,22,17,4,47,20,0,20,67
09/30/2019,AEX,LA,ASW,CE,Federal Contract Tower,9,22,19,0,50,0,0,0,0,0,9,22,19,0,50,18,0,18,68
10/01/2019,AEX,LA,ASW,CE,Federal Contract Tower,8,21,8,4,41,0,0,0,0,0,8,21,8,4,41,32,0,32,73
10/02/2019,AEX,LA,ASW,CE,Federal Contract Tower,6,23,12,2,43,0,0,0,0,0,6,23,12,2,43,72,1,73,116
10/03/2019,AEX,LA,ASW,CE,Federal Contract Tower,7,21,5,7,40,0,0,0,0,0,7,21,5,7,40,2,18,20,60
10/04/2019,AEX,LA,ASW,CE,Federal Contract Tower,5,21,7,0,33,0,0,0,0,0,5,21,7,0,33,14,4,18,51
10/05/2019,AEX,LA,ASW,CE,Federal Contract Tower,3,16,4,0,23,0,0,0,0,0,3,16,4,0,23,2,0,2,25
10/06/2019,AEX,LA,ASW,CE,Federal Contract Tower,1,18,8,12,39,0,0,0,0,0,1,18,8,12,39,19,0,19,58
10/07/2019,AEX,LA,ASW,CE,Federal Contract Tower,6,20,5,2,33,0,0,0,0,0,6,20,5,2,33,9,0,9,42
10/08/2019,AEX,LA,ASW,CE,Federal Contract Tower,6,19,14,0,39,0,0,0,0,0,6,19,14,0,39,19,2,21,60
10/09/2019,AEX,LA,ASW,CE,Federal Contract Tower,7,21,22,4,54,0,0,0,0,0,7,21,22,4,54,19,9,28,82
10/10/2019,AEX,LA,ASW,CE,Federal Contract Tower,8,20,15,4,47,0,0,0,0,0,8,20,15,4,47,10,8,18,65
10/11/2019,AEX,LA,ASW,CE,Federal Contract Tower,7,24,15,0,46,0,0,0,0,0,7,24,15,0,46,2,0,2,48
10/12/2019,AEX,LA,ASW,CE,Federal Contract Tower,16,18,7,0,41,0,0,0,0,0,16,18,7,0,41,13,0,13,54
10/13/2019,AEX,LA,ASW,CE,Federal Contract Tower,16,22,10,0,48,0,0,0,0,0,16,22,10,0,48,44,37,81,129
10/15/2019,AEX,LA,ASW,CE,Federal Contract Tower,21,23,4,1,49,0,0,0,0,0,21,23,4,1,49,12,1,13,62
10/16/2019,AEX,LA,ASW,CE,Federal Contract Tower,16,20,7,4,47,0,0,0,0,0,16,20,7,4,47,16,5,21,68
10/17/2019,AEX,LA,ASW,CE,Federal Contract Tower,19,21,15,4,59,0,0,0,0,0,19,21,15,4,59,33,12,45,104
10/18/2019,AEX,LA,ASW,CE,Federal Contract Tower,19,23,9,2,53,0,0,0,0,0,19,23,9,2,53,55,24,79,132
10/19/2019,AEX,LA,ASW,CE,Federal Contract Tower,8,17,8,2,35,0,0,0,0,0,8,17,8,2,35,69,45,114,149
10/20/2019,AEX,LA,ASW,CE,Federal Contract Tower,4,27,8,3,42,0,0,0,0,0,4,27,8,3,42,7,9,16,58
10/21/2019,AEX,LA,ASW,CE,Federal Contract Tower,8,22,7,8,45,0,0,0,0,0,8,22,7,8,45,3,4,7,52
10/22/2019,AEX,LA,ASW,CE,Federal Contract Tower,16,21,18,15,70,0,0,0,0,0,16,21,18,15,70,27,24,51,121
10/23/2019,AEX,LA,ASW,CE,Federal Contract Tower,4,21,16,16,57,0,0,0,0,0,4,21,16,16,57,42,18,60,117
10/24/2019,AEX,LA,ASW,CE,Federal Contract Tower,13,16,19,7,55,0,0,0,0,0,13,16,19,7,55,9,31,40,95
10/25/2019,AEX,LA,ASW,CE,Federal Contract Tower,5,28,5,20,58,0,0,0,0,0,5,28,5,20,58,5,1,6,64
10/26/2019,AEX,LA,ASW,CE,Federal Contract Tower,3,16,4,9,32,0,0,0,0,0,3,16,4,9,32,0,3,3,35
10/27/2019,AEX,LA,ASW,CE,Federal Contract Tower,3,25,13,2,43,0,0,0,0,0,3,25,13,2,43,37,1,38,81
10/28/2019,AEX,LA,ASW,CE,Federal Contract Tower,9,20,18,6,53,0,0,0,0,0,9,20,18,6,53,17,0,17,70
10/29/2019,AEX,LA,ASW,CE,Federal Contract Tower,11,20,10,26,67,0,0,0,0,0,11,20,10,26,67,23,9,32,99
10/30/2019,AEX,LA,ASW,CE,Federal Contract Tower,7,18,6,0,31,0,0,0,0,0,7,18,6,0,31,3,0,3,34
10/31/2019,AEX,LA,ASW,CE,Federal Contract Tower,11,14,15,5,45,0,0,0,0,0,11,14,15,5,45,22,1,23,68
11/01/2019,AEX,LA,ASW,CE,Federal Contract Tower,6,20,16,7,49,0,0,0,0,0,6,20,16,7,49,44,7,51,100
11/02/2019,AEX,LA,ASW,CE,Federal Contract Tower,2,19,6,0,27,0,0,0,0,0,2,19,6,0,27,49,0,49,76
11/03/2019,AEX,LA,ASW,CE,Federal Contract Tower,3,18,15,2,38,0,0,0,0,0,3,18,15,2,38,22,2,24,62
11/04/2019,AEX,LA,ASW,CE,Federal Contract Tower,8,22,8,0,38,0,0,0,0,0,8,22,8,0,38,35,5,40,78
11/05/2019,AEX,LA,ASW,CE,Federal Contract Tower,9,20,9,0,38,0,0,0,0,0,9,20,9,0,38,24,24,48,86
11/06/2019,AEX,LA,ASW,CE,Federal Contract Tower,7,22,21,13,63,0,0,0,0,0,7,22,21,13,63,33,10,43,106
11/07/2019,AEX,LA,ASW,CE,Federal Contract Tower,16,20,7,0,43,0,0,0,0,0,16,20,7,0,43,6,0,6,49
11/08/2019,AEX,LA,ASW,CE,Federal Contract Tower,12,33,14,0,59,0,0,0,0,0,12,33,14,0,59,8,0,8,67
11/09/2019,AEX,LA,ASW,CE,Federal Contract Tower,7,16,3,15,41,0,0,0,0,0,7,16,3,15,41,70,1,71,112
11/10/2019,AEX,LA,ASW,CE,Federal Contract Tower,7,21,23,3,54,0,0,0,0,0,7,21,23,3,54,35,0,35,89
11/11/2019,AEX,LA,ASW,CE,Federal Contract Tower,19,20,0,19,58,0,0,0,0,0,19,20,0,19,58,0,0,0,58
11/12/2019,AEX,LA,ASW,CE,Federal Contract Tower,25,23,3,1,52,0,0,0,0,0,25,23,3,1,52,44,14,58,110
11/13/2019,AEX,LA,ASW,CE,Federal Contract Tower,5,21,3,9,38,0,0,0,0,0,5,21,3,9,38,20,29,49,87
11/14/2019,AEX,LA,ASW,CE,Federal Contract Tower,8,20,6,2,36,0,0,0,0,0,8,20,6,2,36,0,0,0,36
11/15/2019,AEX,LA,ASW,CE,Federal Contract Tower,11,18,9,0,38,0,0,0,0,0,11,18,9,0,38,32,15,47,85
11/16/2019,AEX,LA,ASW,CE,Federal Contract Tower,1,15,6,0,22,0,0,0,0,0,1,15,6,0,22,61,0,61,83
11/17/2019,AEX,LA,ASW,CE,Federal Contract Tower,2,23,9,2,36,0,0,0,0,0,2,23,9,2,36,19,6,25,61
11/18/2019,AEX,LA,ASW,CE,Federal Contract Tower,4,23,9,16,52,0,0,0,0,0,4,23,9,16,52,22,8,30,82
11/19/2019,AEX,LA,ASW,CE,Federal Contract Tower,6,21,15,11,53,0,0,0,0,0,6,21,15,11,53,20,28,48,101
11/20/2019,AEX,LA,ASW,CE,Federal Contract Tower,9,21,9,12,51,0,0,0,0,0,9,21,9,12,51,30,0,30,81
11/21/2019,AEX,LA,ASW,CE,Federal Contract Tower,7,20,11,12,50,0,0,0,0,0,7,20,11,12,50,12,4,16,66
11/22/2019,AEX,LA,ASW,CE,Federal Contract Tower,7,22,11,0,40,0,0,0,0,0,7,22,11,0,40,0,0,0,40
11/23/2019,AEX,LA,ASW,CE,Federal Contract Tower,2,16,10,2,30,0,0,0,0,0,2,16,10,2,30,40,2,42,72
11/24/2019,AEX,LA,ASW,CE,Federal Contract Tower,0,21,33,0,54,0,0,0,0,0,0,21,33,0,54,58,0,58,112
11/25/2019,AEX,LA,ASW,CE,Federal Contract Tower,7,21,12,2,42,0,0,0,0,0,7,21,12,2,42,25,0,25,67
11/26/2019,AEX,LA,ASW,CE,Federal Contract Tower,4,18,2,0,24,0,0,0,0,0,4,18,2,0,24,3,0,3,27
11/27/2019,AEX,LA,ASW,CE,Federal Contract Tower,6,20,14,0,40,0,0,0,0,0,6,20,14,0,40,21,10,31,71
11/28/2019,AEX,LA,ASW,CE,Federal Contract Tower,2,9,5,0,16,0,0,0,0,0,2,9,5,0,16,17,3,20,36
11/29/2019,AEX,LA,ASW,CE,Federal Contract Tower,9,18,7,0,34,0,0,0,0,0,9,18,7,0,34,13,1,14,48
11/30/2019,AEX,LA,ASW,CE,Federal Contract Tower,2,18,11,0,31,0,0,0,0,0,2,18,11,0,31,0,0,0,31
12/01/2019,AEX,LA,ASW,CE,Federal Contract Tower,4,19,15,0,38,0,0,0,0,0,4,19,15,0,38,18,2,20,58
12/02/2019,AEX,LA,ASW,CE,Federal Contract Tower,7,22,20,15,64,0,0,0,0,0,7,22,20,15,64,53,14,67,131
12/03/2019,AEX,LA,ASW,CE,Federal Contract Tower,7,20,6,7,40,0,0,0,0,0,7,20,6,7,40,19,6,25,65
12/04/2019,AEX,LA,ASW,CE,Federal Contract Tower,7,22,18,8,55,0,0,0,0,0,7,22,18,8,55,26,11,37,92
12/05/2019,AEX,LA,ASW,CE,Federal Contract Tower,9,19,7,10,45,0,0,0,0,0,9,19,7,10,45,27,6,33,78
12/06/2019,AEX,LA,ASW,CE,Federal Contract Tower,3,19,12,3,37,0,0,0,0,0,3,19,12,3,37,13,0,13,50
12/07/2019,AEX,LA,ASW,CE,Federal Contract Tower,4,17,9,0,30,0,0,0,0,0,4,17,9,0,30,18,14,32,62
12/08/2019,AEX,LA,ASW,CE,Federal Contract Tower,2,20,14,10,46,0,0,0,0,0,2,20,14,10,46,40,14,54,100
12/09/2019,AEX,LA,ASW,CE,Federal Contract Tower,3,17,10,0,30,0,0,0,0,0,3,17,10,0,30,11,8,19,49
12/10/2019,AEX,LA,ASW,CE,Federal Contract Tower,10,28,7,6,51,0,0,0,0,0,10,28,7,6,51,0,0,0,51
12/11/2019,AEX,LA,ASW,CE,Federal Contract Tower,13,21,7,6,47,0,0,0,0,0,13,21,7,6,47,42,10,52,99
12/12/2019,AEX,LA,ASW,CE,Federal Contract Tower,10,20,13,19,62,0,0,0,0,0,10,20,13,19,62,65,7,72,134
12/13/2019,AEX,LA,ASW,CE,Federal Contract Tower,11,20,15,8,54,0,0,0,0,0,11,20,15,8,54,16,20,36,90
12/14/2019,AEX,LA,ASW,CE,Federal Contract Tower,5,17,4,19,45,0,0,0,0,0,5,17,4,19,45,9,33,42,87
12/15/2019,AEX,LA,ASW,CE,Federal Contract Tower,2,20,3,4,29,0,0,0,0,0,2,20,3,4,29,6,0,6,35
12/16/2019,AEX,LA,ASW,CE,Federal Contract Tower,6,23,6,0,35,0,0,0,0,0,6,23,6,0,35,0,0,0,35
12/17/2019,AEX,LA,ASW,CE,Federal Contract Tower,6,25,6,2,39,0,0,0,0,0,6,25,6,2,39,37,8,45,84
12/18/2019,AEX,LA,ASW,CE,Federal Contract Tower,8,21,11,5,45,0,0,0,0,0,8,21,11,5,45,57,9,66,111
12/19/2019,AEX,LA,ASW,CE,Federal Contract Tower,6,25,7,16,54,0,0,0,0,0,6,25,7,16,54,27,26,53,107
12/20/2019,AEX,LA,ASW,CE,Federal Contract Tower,6,19,13,0,38,0,0,0,0,0,6,19,13,0,38,18,0,18,56
12/21/2019,AEX,LA,ASW,CE,Federal Contract Tower,0,15,6,0,21,0,0,0,0,0,0,15,6,0,21,0,0,0,21
12/22/2019,AEX,LA,ASW,CE,Federal Contract Tower,1,18,4,0,23,0,0,0,0,0,1,18,4,0,23,20,0,20,43
12/23/2019,AEX,LA,ASW,CE,Federal Contract Tower,5,16,8,0,29,0,0,0,0,0,5,16,8,0,29,23,0,23,52
12/24/2019,AEX,LA,ASW,CE,Federal Contract Tower,8,15,0,0,23,0,0,0,0,0,8,15,0,0,23,13,0,13,36
12/25/2019,AEX,LA,ASW,CE,Federal Contract Tower,13,0,0,0,13,0,0,0,0,0,13,0,0,0,13,9,0,9,22
12/26/2019,AEX,LA,ASW,CE,Federal Contract Tower,7,18,10,0,35,0,0,0,0,0,7,18,10,0,35,22,0,22,57
12/27/2019,AEX,LA,ASW,CE,Federal Contract Tower,8,18,9,0,35,0,0,0,0,0,8,18,9,0,35,2,0,2,37
12/28/2019,AEX,LA,ASW,CE,Federal Contract Tower,1,14,8,0,23,0,0,0,0,0,1,14,8,0,23,1,0,1,24
12/29/2019,AEX,LA,ASW,CE,Federal Contract Tower,1,19,5,0,25,0,0,0,0,0,1,19,5,0,25,0,0,0,25
12/30/2019,AEX,LA,ASW,CE,Federal Contract Tower,7,18,11,0,36,0,0,0,0,0,7,18,11,0,36,21,0,21,57
12/31/2019,AEX,LA,ASW,CE,Federal Contract Tower,5,13,5,0,23,0,0,0,0,0,5,13,5,0,23,33,0,33,56
01/01/2020,AEX,LA,ASW,CE,Federal Contract Tower,1,12,8,0,21,0,0,0,0,0,1,12,8,0,21,35,0,35,56
01/02/2020,AEX,LA,ASW,CE,Federal Contract Tower,19,4,2,0,25,0,0,0,0,0,19,4,2,0,25,4,0,4,29
01/03/2020,AEX,LA,ASW,CE,Federal Contract Tower,16,17,4,1,38,0,0,0,0,0,16,17,4,1,38,14,10,24,62
01/04/2020,AEX,LA,ASW,CE,Federal Contract Tower,8,14,8,1,31,0,0,0,0,0,8,14,8,1,31,21,0,21,52
01/05/2020,AEX,LA,ASW,CE,Federal Contract Tower,8,16,14,1,39,0,0,0,0,0,8,16,14,1,39,31,0,31,70
01/06/2020,AEX,LA,ASW,CE,Federal Contract Tower,15,18,9,4,46,0,0,0,0,0,15,18,9,4,46,59,7,66,112
01/07/2020,AEX,LA,ASW,CE,Federal Contract Tower,23,20,16,1,60,0,0,0,0,0,23,20,16,1,60,90,41,131,191
01/08/2020,AEX,LA,ASW,CE,Federal Contract Tower,13,18,10,9,50,0,0,0,0,0,13,18,10,9,50,44,78,122,172
01/09/2020,AEX,LA,ASW,CE,Federal Contract Tower,8,19,10,19,56,0,0,0,0,0,8,19,10,19,56,28,68,96,152
01/10/2020,AEX,LA,ASW,CE,Federal Contract Tower,8,16,3,0,27,0,0,0,0,0,8,16,3,0,27,10,0,10,37
01/11/2020,AEX,LA,ASW,CE,Federal Contract Tower,3,12,10,17,42,0,0,0,0,0,3,12,10,17,42,48,41,89,131
01/12/2020,AEX,LA,ASW,CE,Federal Contract Tower,2,20,26,26,74,0,0,0,0,0,2,20,26,26,74,18,86,104,178
01/13/2020,AEX,LA,ASW,CE,Federal Contract Tower,4,25,13,17,59,0,0,0,0,0,4,25,13,17,59,2,10,12,71
01/14/2020,AEX,LA,ASW,CE,Federal Contract Tower,4,24,11,2,41,0,0,0,0,0,4,24,11,2,41,0,0,0,41
01/15/2020,AEX,LA,ASW,CE,Federal Contract Tower,6,17,23,7,53,0,0,0,0,0,6,17,23,7,53,17,10,27,80
01/16/2020,AEX,LA,ASW,CE,Federal Contract Tower,10,17,7,12,46,0,0,0,0,0,10,17,7,12,46,8,49,57,103
01/17/2020,AEX,LA,ASW,CE,Federal Contract Tower,14,19,18,10,61,0,0,0,0,0,14,19,18,10,61,20,47,67,128
01/18/2020,AEX,LA,ASW,CE,Federal Contract Tower,0,11,7,10,28,0,0,0,0,0,0,11,7,10,28,3,47,50,78
01/19/2020,AEX,LA,ASW,CE,Federal Contract Tower,0,14,12,5,31,0,0,0,0,0,0,14,12,5,31,27,30,57,88
01/20/2020,AEX,LA,ASW,CE,Federal Contract Tower,4,18,14,6,42,0,0,0,0,0,4,18,14,6,42,47,24,71,113
01/21/2020,AEX,LA,ASW,CE,Federal Contract Tower,8,17,15,11,51,0,0,0,0,0,8,17,15,11,51,20,8,28,79
01/22/2020,AEX,LA,ASW,CE,Federal Contract Tower,6,20,15,7,48,0,0,0,0,0,6,20,15,7,48,4,0,4,52
01/23/2020,AEX,LA,ASW,CE,Federal Contract Tower,11,20,3,11,45,0,0,0,0,0,11,20,3,11,45,6,6,12,57
01/24/2020,AEX,LA,ASW,CE,Federal Contract Tower,4,26,8,7,45,0,0,0,0,0,4,26,8,7,45,38,27,65,110
01/25/2020,AEX,LA,ASW,CE,Federal Contract Tower,1,19,7,1,28,0,0,0,0,0,1,19,7,1,28,48,8,56,84
01/26/2020,AEX,LA,ASW,CE,Federal Contract Tower,1,20,6,1,28,0,0,0,0,0,1,20,6,1,28,5,5,10,38
01/27/2020,AEX,LA,ASW,CE,Federal Contract Tower,7,20,11,5,43,0,0,0,0,0,7,20,11,5,43,2,2,4,47
01/28/2020,AEX,LA,ASW,CE,Federal Contract Tower,5,20,6,4,35,0,0,0,0,0,5,20,6,4,35,0,0,0,35
01/29/2020,AEX,LA,ASW,CE,Federal Contract Tower,8,20,20,8,56,0,0,0,0,0,8,20,20,8,56,0,1,1,57
01/30/2020,AEX,LA,ASW,CE,Federal Contract Tower,11,21,14,6,52,0,0,0,0,0,11,21,14,6,52,14,13,27,79
01/31/2020,AEX,LA,ASW,CE,Federal Contract Tower,8,21,10,10,49,0,0,0,0,0,8,21,10,10,49,6,0,6,55
02/01/2020,AEX,LA,ASW,CE,Federal Contract Tower,5,13,10,6,34,0,0,0,0,0,5,13,10,6,34,10,64,74,108
02/02/2020,AEX,LA,ASW,CE,Federal Contract Tower,10,14,1,0,25,0,0,0,0,0,10,14,1,0,25,21,0,21,46
02/03/2020,AEX,LA,ASW,CE,Federal Contract Tower,11,22,12,11,56,0,0,0,0,0,11,22,12,11,56,20,1,21,77
02/04/2020,AEX,LA,ASW,CE,Federal Contract Tower,12,18,9,9,48,0,0,0,0,0,12,18,9,9,48,4,19,23,71
02/05/2020,AEX,LA,ASW,CE,Federal Contract Tower,12,18,4,0,34,0,0,0,0,0,12,18,4,0,34,0,0,0,34
02/06/2020,AEX,LA,ASW,CE,Federal Contract Tower,7,22,8,18,55,0,0,0,0,0,7,22,8,18,55,13,14,27,82
02/07/2020,AEX,LA,ASW,CE,Federal Contract Tower,6,17,13,6,42,0,0,0,0,0,6,17,13,6,42,27,13,40,82
02/08/2020,AEX,LA,ASW,CE,Federal Contract Tower,0,13,4,0,17,0,0,0,0,0,0,13,4,0,17,33,2,35,52
02/09/2020,AEX,LA,ASW,CE,Federal Contract Tower,1,18,4,14,37,0,0,0,0,0,1,18,4,14,37,19,23,42,79
02/10/2020,AEX,LA,ASW,CE,Federal Contract Tower,4,18,7,2,31,0,0,0,0,0,4,18,7,2,31,0,0,0,31
02/11/2020,AEX,LA,ASW,CE,Federal Contract Tower,4,20,2,0,26,0,0,0,0,0,4,20,2,0,26,0,0,0,26
02/12/2020,AEX,LA,ASW,CE,Federal Contract Tower,6,19,7,0,32,0,0,0,0,0,6,19,7,0,32,8,0,8,40
02/13/2020,AEX,LA,ASW,CE,Federal Contract Tower,8,18,17,13,56,0,0,0,0,0,8,18,17,13,56,20,4,24,80
02/14/2020,AEX,LA,ASW,CE,Federal Contract Tower,7,29,25,10,71,0,0,0,0,0,7,29,25,10,71,69,3,72,143
02/15/2020,AEX,LA,ASW,CE,Federal Contract Tower,1,15,12,0,28,0,0,0,0,0,1,15,12,0,28,30,0,30,58
02/16/2020,AEX,LA,ASW,CE,Federal Contract Tower,1,16,11,0,28,0,0,0,0,0,1,16,11,0,28,3,0,3,31
02/17/2020,AEX,LA,ASW,CE,Federal Contract Tower,4,21,9,0,34,0,0,0,0,0,4,21,9,0,34,16,0,16,50
02/18/2020,AEX,LA,ASW,CE,Federal Contract Tower,10,24,7,0,41,0,0,0,0,0,10,24,7,0,41,5,0,5,46
02/19/2020,AEX,LA,ASW,CE,Federal Contract Tower,4,20,6,1,31,0,0,0,0,0,4,20,6,1,31,2,0,2,33
02/20/2020,AEX,LA,ASW,CE,Federal Contract Tower,8,20,3,0,31,0,0,0,0,0,8,20,3,0,31,1,7,8,39
02/21/2020,AEX,LA,ASW,CE,Federal Contract Tower,8,20,14,0,42,0,0,0,0,0,8,20,14,0,42,24,2,26,68
02/22/2020,AEX,LA,ASW,CE,Federal Contract Tower,0,15,5,0,20,0,0,0,0,0,0,15,5,0,20,26,0,26,46
02/23/2020,AEX,LA,ASW,CE,Federal Contract Tower,1,20,10,2,33,0,0,0,0,0,1,20,10,2,33,18,5,23,56
02/24/2020,AEX,LA,ASW,CE,Federal Contract Tower,7,18,2,1,28,0,0,0,0,0,7,18,2,1,28,1,0,1,29
02/25/2020,AEX,LA,ASW,CE,Federal Contract Tower,6,22,13,4,45,0,0,0,0,0,6,22,13,4,45,29,19,48,93
02/26/2020,AEX,LA,ASW,CE,Federal Contract Tower,8,18,9,3,38,0,0,0,0,0,8,18,9,3,38,16,15,31,69
02/27/2020,AEX,LA,ASW,CE,Federal Contract Tower,8,24,11,4,47,0,0,0,0,0,8,24,11,4,47,24,23,47,94
02/28/2020,AEX,LA,ASW,CE,Federal Contract Tower,9,20,9,15,53,0,0,0,0,0,9,20,9,15,53,6,0,6,59
02/29/2020,AEX,LA,ASW,CE,Federal Contract Tower,1,21,6,8,36,0,0,0,0,0,1,21,6,8,36,89,7,96,132
03/01/2020,AEX,LA,ASW,CE,Federal Contract Tower,2,19,13,0,34,0,0,0,0,0,2,19,13,0,34,27,0,27,61
03/02/2020,AEX,LA,ASW,CE,Federal Contract Tower,5,21,6,1,33,0,0,0,0,0,5,21,6,1,33,8,1,9,42
03/03/2020,AEX,LA,ASW,CE,Federal Contract Tower,8,20,2,0,30,0,0,0,0,0,8,20,2,0,30,9,4,13,43
03/04/2020,AEX,LA,ASW,CE,Federal Contract Tower,6,24,4,0,34,0,0,0,0,0,6,24,4,0,34,0,0,0,34
03/05/2020,AEX,LA,ASW,CE,Federal Contract Tower,7,18,7,7,39,0,0,0,0,0,7,18,7,7,39,24,24,48,87
03/06/2020,AEX,LA,ASW,CE,Federal Contract Tower,5,18,7,0,30,0,0,0,0,0,5,18,7,0,30,55,6,61,91
03/07/2020,AEX,LA,ASW,CE,Federal Contract Tower,4,16,9,2,31,0,0,0,0,0,4,16,9,2,31,28,0,28,59
03/08/2020,AEX,LA,ASW,CE,Federal Contract Tower,2,20,12,8,42,0,0,0,0,0,2,20,12,8,42,48,14,62,104
03/09/2020,AEX,LA,ASW,CE,Federal Contract Tower,6,19,11,9,45,0,0,0,0,0,6,19,11,9,45,6,0,6,51
03/10/2020,AEX,LA,ASW,CE,Federal Contract Tower,4,20,14,8,46,0,0,0,0,0,4,20,14,8,46,30,17,47,93
03/11/2020,AEX,LA,ASW,CE,Federal Contract Tower,4,17,6,6,33,0,0,0,0,0,4,17,6,6,33,24,14,38,71
03/12/2020,AEX,LA,ASW,CE,Federal Contract Tower,8,23,9,8,48,0,0,0,0,0,8,23,9,8,48,31,31,62,110
03/13/2020,AEX,LA,ASW,CE,Federal Contract Tower,7,18,15,16,56,0,0,0,0,0,7,18,15,16,56,44,0,44,100
03/14/2020,AEX,LA,ASW,CE,Federal Contract Tower,1,20,7,0,28,0,0,0,0,0,1,20,7,0,28,7,0,7,35
03/15/2020,AEX,LA,ASW,CE,Federal Contract Tower,2,20,4,0,26,0,0,0,0,0,2,20,4,0,26,11,4,15,41
03/16/2020,AEX,LA,ASW,CE,Federal Contract Tower,4,18,11,2,35,0,0,0,0,0,4,18,11,2,35,7,2,9,44
03/17/2020,AEX,LA,ASW,CE,Federal Contract Tower,8,18,5,0,31,0,0,0,0,0,8,18,5,0,31,14,4,18,49
03/18/2020,AEX,LA,ASW,CE,Federal Contract Tower,6,19,17,2,44,0,0,0,0,0,6,19,17,2,44,9,0,9,53
03/19/2020,AEX,LA,ASW,CE,Federal Contract Tower,4,16,0,5,25,0,0,0,0,0,4,16,0,5,25,8,8,16,41
03/20/2020,AEX,LA,ASW,CE,Federal Contract Tower,1,18,2,0,21,0,0,0,0,0,1,18,2,0,21,0,0,0,21
03/21/2020,AEX,LA,ASW,CE,Federal Contract Tower,0,18,2,0,20,0,0,0,0,0,0,18,2,0,20,0,3,3,23
03/22/2020,AEX,LA,ASW,CE,Federal Contract Tower,2,17,7,0,26,0,0,0,0,0,2,17,7,0,26,1,0,1,27
03/23/2020,AEX,LA,ASW,CE,Federal Contract Tower,5,10,6,11,32,0,0,0,0,0,5,10,6,11,32,6,13,19,51
03/24/2020,AEX,LA,ASW,CE,Federal Contract Tower,6,14,2,2,24,0,0,0,0,0,6,14,2,2,24,16,6,22,46
03/25/2020,AEX,LA,ASW,CE,Federal Contract Tower,4,13,8,6,31,0,0,0,0,0,4,13,8,6,31,2,18,20,51
03/26/2020,AEX,LA,ASW,CE,Federal Contract Tower,2,4,5,7,18,0,0,0,0,0,2,4,5,7,18,10,14,24,42
03/27/2020,AEX,LA,ASW,CE,Federal Contract Tower,9,9,5,2,25,0,0,0,0,0,9,9,5,2,25,15,2,17,42
03/28/2020,AEX,LA,ASW,CE,Federal Contract Tower,2,7,1,0,10,0,0,0,0,0,2,7,1,0,10,13,0,13,23
03/30/2020,AEX,LA,ASW,CE,Federal Contract Tower,3,10,2,2,17,0,0,0,0,0,3,10,2,2,17,8,0,8,25
03/31/2020,AEX,LA,ASW,CE,Federal Contract Tower,7,13,4,6,30,0,0,0,0,0,7,13,4,6,30,0,56,56,86
04/01/2020,AEX,LA,ASW,CE,Federal Contract Tower,8,9,8,7,32,0,0,0,0,0,8,9,8,7,32,61,1,62,94
04/02/2020,AEX,LA,ASW,CE,Federal Contract Tower,5,7,7,0,19,0,0,0,0,0,5,7,7,0,19,16,0,16,35
04/03/2020,AEX,LA,ASW,CE,Federal Contract Tower,4,10,7,2,23,0,0,0,0,0,4,10,7,2,23,39,0,39,62
04/04/2020,AEX,LA,ASW,CE,Federal Contract Tower,0,8,2,0,10,0,0,0,0,0,0,8,2,0,10,3,0,3,13
04/05/2020,AEX,LA,ASW,CE,Federal Contract Tower,7,0,3,0,10,0,0,0,0,0,7,0,3,0,10,28,1,29,39
04/06/2020,AEX,LA,ASW,CE,Federal Contract Tower,3,8,7,5,23,0,0,0,0,0,3,8,7,5,23,15,3,18,41
04/07/2020,AEX,LA,ASW,CE,Federal Contract Tower,4,11,0,4,19,0,0,0,0,0,4,11,0,4,19,15,4,19,38
04/08/2020,AEX,LA,ASW,CE,Federal Contract Tower,2,13,6,11,32,0,0,0,0,0,2,13,6,11,32,12,3,15,47
04/09/2020,AEX,LA,ASW,CE,Federal Contract Tower,4,9,0,2,15,0,0,0,0,0,4,9,0,2,15,0,0,0,15
04/10/2020,AEX,LA,ASW,CE,Federal Contract Tower,4,8,3,2,17,0,0,0,0,0,4,8,3,2,17,14,4,18,35
04/11/2020,AEX,LA,ASW,CE,Federal Contract Tower,0,8,3,0,11,0,0,0,0,0,0,8,3,0,11,26,0,26,37
04/12/2020,AEX,LA,ASW,CE,Federal Contract Tower,0,9,0,0,9,0,0,0,0,0,0,9,0,0,9,1,0,1,10
04/13/2020,AEX,LA,ASW,CE,Federal Contract Tower,4,10,8,2,24,0,0,0,0,0,4,10,8,2,24,16,2,18,42
04/14/2020,AEX,LA,ASW,CE,Federal Contract Tower,0,10,0,4,14,0,0,0,0,0,0,10,0,4,14,14,2,16,30
04/15/2020,AEX,LA,ASW,CE,Federal Contract Tower,6,9,4,0,19,0,0,0,0,0,6,9,4,0,19,82,16,98,117
04/16/2020,AEX,LA,ASW,CE,Federal Contract Tower,4,9,2,14,29,0,0,0,0,0,4,9,2,14,29,20,2,22,51
04/17/2020,AEX,LA,ASW,CE,Federal Contract Tower,4,8,2,0,14,0,0,0,0,0,4,8,2,0,14,12,2,14,28
04/18/2020,AEX,LA,ASW,CE,Federal Contract Tower,0,6,4,0,10,0,0,0,0,0,0,6,4,0,10,5,0,5,15
04/19/2020,AEX,LA,ASW,CE,Federal Contract Tower,0,8,0,0,8,0,0,0,0,0,0,8,0,0,8,0,0,0,8
04/20/2020,AEX,LA,ASW,CE,Federal Contract Tower,4,6,22,5,37,0,0,0,0,0,4,6,22,5,37,20,18,38,75
04/21/2020,AEX,LA,ASW,CE,Federal Contract Tower,6,9,3,2,20,0,0,0,0,0,6,9,3,2,20,47,9,56,76
04/22/2020,AEX,LA,ASW,CE,Federal Contract Tower,2,8,4,1,15,0,0,0,0,0,2,8,4,1,15,3,0,3,18
04/23/2020,AEX,LA,ASW,CE,Federal Contract Tower,4,8,0,34,46,0,0,0,0,0,4,8,0,34,46,11,7,18,64
04/25/2020,AEX,LA,ASW,CE,Federal Contract Tower,2,6,5,0,13,0,0,0,0,0,2,6,5,0,13,10,0,10,23
04/26/2020,AEX,LA,ASW,CE,Federal Contract Tower,1,7,4,3,15,0,0,0,0,0,1,7,4,3,15,38,3,41,56
04/27/2020,AEX,LA,ASW,CE,Federal Contract Tower,3,7,3,8,21,0,0,0,0,0,3,7,3,8,21,46,1,47,68
04/28/2020,AEX,LA,ASW,CE,Federal Contract Tower,4,7,4,1,16,0,0,0,0,0,4,7,4,1,16,9,3,12,28
04/29/2020,AEX,LA,ASW,CE,Federal Contract Tower,2,13,5,9,29,0,0,0,0,0,2,13,5,9,29,21,10,31,60
04/30/2020,AEX,LA,ASW,CE,Federal Contract Tower,4,8,3,0,15,0,0,0,0,0,4,8,3,0,15,55,8,63,78
05/01/2020,AEX,LA,ASW,CE,Federal Contract Tower,4,5,4,14,27,0,0,0,0,0,4,5,4,14,27,11,24,35,62
05/02/2020,AEX,LA,ASW,CE,Federal Contract Tower,0,4,4,2,10,0,0,0,0,0,0,4,4,2,10,23,0,23,33
05/03/2020,AEX,LA,ASW,CE,Federal Contract Tower,0,11,12,0,23,0,0,0,0,0,0,11,12,0,23,10,0,10,33
05/04/2020,AEX,LA,ASW,CE,Federal Contract Tower,8,5,12,8,33,0,0,0,0,0,8,5,12,8,33,22,3,25,58
05/06/2020,AEX,LA,ASW,CE,Federal Contract Tower,4,6,9,0,19,0,0,0,0,0,4,6,9,0,19,20,1,21,40
05/07/2020,AEX,LA,ASW,CE,Federal Contract Tower,7,3,7,10,27,0,0,0,0,0,7,3,7,10,27,13,1,14,41
05/08/2020,AEX,LA,ASW,CE,Federal Contract Tower,5,7,8,0,20,0,0,0,0,0,5,7,8,0,20,4,1,5,25
05/09/2020,AEX,LA,ASW,CE,Federal Contract Tower,2,5,8,4,19,0,0,0,0,0,2,5,8,4,19,33,3,36,55
05/10/2020,AEX,LA,ASW,CE,Federal Contract Tower,0,3,17,0,20,0,0,0,0,0,0,3,17,0,20,19,0,19,39
05/11/2020,AEX,LA,ASW,CE,Federal Contract Tower,6,9,11,6,32,0,0,0,0,0,6,9,11,6,32,31,0,31,63
05/12/2020,AEX,LA,ASW,CE,Federal Contract Tower,6,4,8,8,26,0,0,0,0,0,6,4,8,8,26,2,29,31,57
05/13/2020,AEX,LA,ASW,CE,Federal Contract Tower,4,3,6,1,14,0,0,0,0,0,4,3,6,1,14,15,3,18,32
05/14/2020,AEX,LA,ASW,CE,Federal Contract Tower,5,5,5,0,15,0,0,0,0,0,5,5,5,0,15,2,4,6,21
05/15/2020,AEX,LA,ASW,CE,Federal Contract Tower,7,6,6,5,24,0,0,0,0,0,7,6,6,5,24,6,1,7,31
05/16/2020,AEX,LA,ASW,CE,Federal Contract Tower,4,6,0,0,10,0,0,0,0,0,4,6,0,0,10,2,0,2,12
05/17/2020,AEX,LA,ASW,CE,Federal Contract Tower,0,3,0,0,3,0,0,0,0,0,0,3,0,0,3,5,0,5,8
05/18/2020,AEX,LA,ASW,CE,Federal Contract Tower,7,5,14,4,30,0,0,0,0,0,7,5,14,4,30,2,23,25,55
05/19/2020,AEX,LA,ASW,CE,Federal Contract Tower,6,5,3,0,14,0,0,0,0,0,6,5,3,0,14,60,6,66,80
05/21/2020,AEX,LA,ASW,CE,Federal Contract Tower,8,4,13,9,34,0,0,0,0,0,8,4,13,9,34,15,5,20,54
05/22/2020,AEX,LA,ASW,CE,Federal Contract Tower,6,6,16,2,30,0,0,0,0,0,6,6,16,2,30,8,2,10,40
05/23/2020,AEX,LA,ASW,CE,Federal Contract Tower,0,4,8,2,14,0,0,0,0,0,0,4,8,2,14,0,1,1,15
05/24/2020,AEX,LA,ASW,CE,Federal Contract Tower,0,4,2,2,8,0,0,0,0,0,0,4,2,2,8,3,0,3,11
05/27/2020,AEX,LA,ASW,CE,Federal Contract Tower,2,4,9,2,17,0,0,0,0,0,2,4,9,2,17,16,0,16,33
05/28/2020,AEX,LA,ASW,CE,Federal Contract Tower,13,5,0,4,22,0,0,0,0,0,13,5,0,4,22,11,0,11,33
05/29/2020,AEX,LA,ASW,CE,Federal Contract Tower,10,6,3,9,28,0,0,0,0,0,10,6,3,9,28,52,10,62,90
05/30/2020,AEX,LA,ASW,CE,Federal Contract Tower,6,5,9,0,20,0,0,0,0,0,6,5,9,0,20,26,0,26,46
05/31/2020,AEX,LA,ASW,CE,Federal Contract Tower,1,3,7,0,11,0,0,0,0,0,1,3,7,0,11,35,0,35,46
06/01/2020,AEX,LA,ASW,CE,Federal Contract Tower,5,4,16,1,26,0,0,0,0,0,5,4,16,1,26,12,7,19,45
06/02/2020,AEX,LA,ASW,CE,Federal Contract Tower,6,5,7,4,22,0,0,0,0,0,6,5,7,4,22,32,4,36,58
06/03/2020,AEX,LA,ASW,CE,Federal Contract Tower,3,4,12,8,27,0,0,0,0,0,3,4,12,8,27,19,4,23,50
06/04/2020,AEX,LA,ASW,CE,Federal Contract Tower,7,5,2,5,19,0,0,0,0,0,7,5,2,5,19,24,0,24,43
06/05/2020,AEX,LA,ASW,CE,Federal Contract Tower,4,7,11,2,24,0,0,0,0,0,4,7,11,2,24,15,2,17,41
06/06/2020,AEX,LA,ASW,CE,Federal Contract Tower,0,8,8,0,16,0,0,0,0,0,0,8,8,0,16,45,0,45,61
06/07/2020,AEX,LA,ASW,CE,Federal Contract Tower,0,3,4,0,7,0,0,0,0,0,0,3,4,0,7,9,1,10,17
06/08/2020,AEX,LA,ASW,CE,Federal Contract Tower,6,9,3,0,18,0,0,0,0,0,6,9,3,0,18,2,3,5,23
06/09/2020,AEX,LA,ASW,CE,Federal Contract Tower,11,7,13,0,31,0,0,0,0,0,11,7,13,0,31,6,5,11,42
06/10/2020,AEX,LA,ASW,CE,Federal Contract Tower,5,5,11,7,28,0,0,0,0,0,5,5,11,7,28,24,16,40,68
06/11/2020,AEX,LA,ASW,CE,Federal Contract Tower,5,5,9,3,22,0,0,0,0,0,5,5,9,3,22,42,3,45,67
06/12/2020,AEX,LA,ASW,CE,Federal Contract Tower,8,6,13,0,27,0,0,0,0,0,8,6,13,0,27,37,4,41,68
06/13/2020,AEX,LA,ASW,CE,Federal Contract Tower,0,8,6,2,16,0,0,0,0,0,0,8,6,2,16,21,2,23,39
06/14/2020,AEX,LA,ASW,CE,Federal Contract Tower,1,4,9,0,14,0,0,0,0,0,1,4,9,0,14,39,0,39,53
06/15/2020,AEX,LA,ASW,CE,Federal Contract Tower,2,6,11,0,19,0,0,0,0,0,2,6,11,0,19,9,0,9,28
06/16/2020,AEX,LA,ASW,CE,Federal Contract Tower,8,5,10,3,26,0,0,0,0,0,8,5,10,3,26,27,11,38,64
06/17/2020,AEX,LA,ASW,CE,Federal Contract Tower,7,4,13,0,24,0,0,0,0,0,7,4,13,0,24,46,0,46,70
06/18/2020,AEX,LA,ASW,CE,Federal Contract Tower,4,7,11,2,24,0,0,0,0,0,4,7,11,2,24,23,30,53,77
06/19/2020,AEX,LA,ASW,CE,Federal Contract Tower,10,6,12,0,28,0,0,0,0,0,10,6,12,0,28,57,0,57,85
06/20/2020,AEX,LA,ASW,CE,Federal Contract Tower,0,5,11,0,16,0,0,0,0,0,0,5,11,0,16,34,0,34,50
06/21/2020,AEX,LA,ASW,CE,Federal Contract Tower,6,2,21,0,29,0,0,0,0,0,6,2,21,0,29,29,0,29,58
06/22/2020,AEX,LA,ASW,CE,Federal Contract Tower,13,5,4,0,22,0,0,0,0,0,13,5,4,0,22,23,1,24,46
06/23/2020,AEX,LA,ASW,CE,Federal Contract Tower,5,6,9,3,23,0,0,0,0,0,5,6,9,3,23,12,2,14,37
06/24/2020,AEX,LA,ASW,CE,Federal Contract Tower,6,5,9,0,20,0,0,0,0,0,6,5,9,0,20,9,0,9,29
06/25/2020,AEX,LA,ASW,CE,Federal Contract Tower,14,5,9,2,30,0,0,0,0,0,14,5,9,2,30,6,0,6,36
06/26/2020,AEX,LA,ASW,CE,Federal Contract Tower,10,6,7,1,24,0,0,0,0,0,10,6,7,1,24,0,0,0,24
06/27/2020,AEX,LA,ASW,CE,Federal Contract Tower,5,4,15,0,24,0,0,0,0,0,5,4,15,0,24,24,0,24,48
06/28/2020,AEX,LA,ASW,CE,Federal Contract Tower,3,4,7,0,14,0,0,0,0,0,3,4,7,0,14,12,0,12,26
06/29/2020,AEX,LA,ASW,CE,Federal Contract Tower,5,5,5,10,25,0,0,0,0,0,5,5,5,10,25,11,10,21,46
06/30/2020,AEX,LA,ASW,CE,Federal Contract Tower,4,8,10,6,28,0,0,0,0,0,4,8,10,6,28,17,1,18,46
07/01/2020,AEX,LA,ASW,CE,Federal Contract Tower,10,6,7,4,27,0,0,0,0,0,10,6,7,4,27,17,10,27,54
07/02/2020,AEX,LA,ASW,CE,Federal Contract Tower,2,7,8,0,17,0,0,0,0,0,2,7,8,0,17,30,0,30,47
07/03/2020,AEX,LA,ASW,CE,Federal Contract Tower,10,10,7,2,29,0,0,0,0,0,10,10,7,2,29,4,1,5,34
07/04/2020,AEX,LA,ASW,CE,Federal Contract Tower,0,7,13,0,20,0,0,0,0,0,0,7,13,0,20,9,9,18,38
07/05/2020,AEX,LA,ASW,CE,Federal Contract Tower,0,6,5,0,11,0,0,0,0,0,0,6,5,0,11,7,4,11,22
07/06/2020,AEX,LA,ASW,CE,Federal Contract Tower,2,9,7,2,20,0,0,0,0,0,2,9,7,2,20,10,1,11,31
07/07/2020,AEX,LA,ASW,CE,Federal Contract Tower,8,13,3,0,24,0,0,0,0,0,8,13,3,0,24,3,2,5,29
07/08/2020,AEX,LA,ASW,CE,Federal Contract Tower,8,10,6,0,24,0,0,0,0,0,8,10,6,0,24,0,3,3,27
07/09/2020,AEX,LA,ASW,CE,Federal Contract Tower,6,10,13,0,29,0,0,0,0,0,6,10,13,0,29,17,0,17,46
07/10/2020,AEX,LA,ASW,CE,Federal Contract Tower,8,14,1,4,27,0,0,0,0,0,8,14,1,4,27,23,2,25,52
07/11/2020,AEX,LA,ASW,CE,Federal Contract Tower,0,11,4,0,15,0,0,0,0,0,0,11,4,0,15,12,2,14,29
07/12/2020,AEX,LA,ASW,CE,Federal Contract Tower,0,11,8,0,19,0,0,0,0,0,0,11,8,0,19,11,0,11,30
07/13/2020,AEX,LA,ASW,CE,Federal Contract Tower,4,14,8,1,27,0,0,0,0,0,4,14,8,1,27,43,13,56,83
07/14/2020,AEX,LA,ASW,CE,Federal Contract Tower,6,14,7,1,28,0,0,0,0,0,6,14,7,1,28,27,4,31,59
07/15/2020,AEX,LA,ASW,CE,Federal Contract Tower,8,15,8,2,33,0,0,0,0,0,8,15,8,2,33,14,11,25,58
07/16/2020,AEX,LA,ASW,CE,Federal Contract Tower,1,10,9,0,20,0,0,0,0,0,1,10,9,0,20,25,0,25,45
07/17/2020,AEX,LA,ASW,CE,Federal Contract Tower,7,12,5,0,24,0,0,0,0,0,7,12,5,0,24,33,10,43,67
07/18/2020,AEX,LA,ASW,CE,Federal Contract Tower,0,10,5,0,15,0,0,0,0,0,0,10,5,0,15,10,0,10,25
07/19/2020,AEX,LA,ASW,CE,Federal Contract Tower,0,13,9,0,22,0,0,0,0,0,0,13,9,0,22,16,1,17,39
07/20/2020,AEX,LA,ASW,CE,Federal Contract Tower,6,12,8,2,28,0,0,0,0,0,6,12,8,2,28,25,2,27,55
07/21/2020,AEX,LA,ASW,CE,Federal Contract Tower,7,11,4,0,22,0,0,0,0,0,7,11,4,0,22,18,0,18,40
07/22/2020,AEX,LA,ASW,CE,Federal Contract Tower,10,12,11,10,43,0,0,0,0,0,10,12,11,10,43,90,21,111,154
07/23/2020,AEX,LA,ASW,CE,Federal Contract Tower,4,11,8,2,25,0,0,0,0,0,4,11,8,2,25,12,11,23,48
07/24/2020,AEX,LA,ASW,CE,Federal Contract Tower,6,11,2,0,19,0,0,0,0,0,6,11,2,0,19,11,4,15,34
07/25/2020,AEX,LA,ASW,CE,Federal Contract Tower,1,13,7,0,21,0,0,0,0,0,1,13,7,0,21,4,0,4,25
07/26/2020,AEX,LA,ASW,CE,Federal Contract Tower,1,14,4,2,21,0,0,0,0,0,1,14,4,2,21,6,0,6,27
07/27/2020,AEX,LA,ASW,CE,Federal Contract Tower,6,13,13,9,41,0,0,0,0,0,6,13,13,9,41,13,3,16,57
07/28/2020,AEX,LA,ASW,CE,Federal Contract Tower,4,12,8,11,35,0,0,0,0,0,4,12,8,11,35,44,14,58,93
07/29/2020,AEX,LA,ASW,CE,Federal Contract Tower,6,10,8,14,38,0,0,0,0,0,6,10,8,14,38,45,13,58,96
07/30/2020,AEX,LA,ASW,CE,Federal Contract Tower,4,11,11,17,43,0,0,0,0,0,4,11,11,17,43,42,28,70,113
07/31/2020,AEX,LA,ASW,CE,Federal Contract Tower,7,11,3,2,23,0,0,0,0,0,7,11,3,2,23,27,4,31,54
08/01/2020,AEX,LA,ASW,CE,Federal Contract Tower,0,10,8,0,18,0,0,0,0,0,0,10,8,0,18,8,0,8,26
08/02/2020,AEX,LA,ASW,CE,Federal Contract Tower,1,11,9,0,21,0,0,0,0,0,1,11,9,0,21,25,0,25,46
08/03/2020,AEX,LA,ASW,CE,Federal Contract Tower,4,11,6,7,28,0,0,0,0,0,4,11,6,7,28,76,4,80,108
08/04/2020,AEX,LA,ASW,CE,Federal Contract Tower,9,12,15,4,40,0,0,0,0,0,9,12,15,4,40,64,12,76,116
08/05/2020,AEX,LA,ASW,CE,Federal Contract Tower,9,10,18,17,54,0,0,0,0,0,9,10,18,17,54,65,23,88,142
08/06/2020,AEX,LA,ASW,CE,Federal Contract Tower,6,12,2,3,23,0,0,0,0,0,6,12,2,3,23,17,4,21,44
08/07/2020,AEX,LA,ASW,CE,Federal Contract Tower,11,11,20,13,55,0,0,0,0,0,11,11,20,13,55,37,14,51,106
08/08/2020,AEX,LA,ASW,CE,Federal Contract Tower,2,11,2,0,15,0,0,0,0,0,2,11,2,0,15,13,0,13,28
08/09/2020,AEX,LA,ASW,CE,Federal Contract Tower,0,13,3,0,16,0,0,0,0,0,0,13,3,0,16,22,6,28,44
08/10/2020,AEX,LA,ASW,CE,Federal Contract Tower,10,14,13,13,50,0,0,0,0,0,10,14,13,13,50,28,25,53,103
08/11/2020,AEX,LA,ASW,CE,Federal Contract Tower,3,15,6,16,40,0,0,0,0,0,3,15,6,16,40,10,21,31,71
08/12/2020,AEX,LA,ASW,CE,Federal Contract Tower,9,11,19,21,60,0,0,0,0,0,9,11,19,21,60,42,10,52,112
08/13/2020,AEX,LA,ASW,CE,Federal Contract Tower,6,12,4,0,22,0,0,0,0,0,6,12,4,0,22,31,6,37,59
08/14/2020,AEX,LA,ASW,CE,Federal Contract Tower,7,14,6,1,28,0,0,0,0,0,7,14,6,1,28,47,1,48,76
08/15/2020,AEX,LA,ASW,CE,Federal Contract Tower,3,12,3,1,19,0,0,0,0,0,3,12,3,1,19,36,5,41,60
08/16/2020,AEX,LA,ASW,CE,Federal Contract Tower,1,14,8,0,23,0,0,0,0,0,1,14,8,0,23,33,0,33,56
08/17/2020,AEX,LA,ASW,CE,Federal Contract Tower,3,16,8,3,30,0,0,0,0,0,3,16,8,3,30,43,15,58,88
08/18/2020,AEX,LA,ASW,CE,Federal Contract Tower,11,12,1,8,32,0,0,0,0,0,11,12,1,8,32,57,24,81,113
08/19/2020,AEX,LA,ASW,CE,Federal Contract Tower,10,14,5,21,50,0,0,0,0,0,10,14,5,21,50,38,41,79,129
08/20/2020,AEX,LA,ASW,CE,Federal Contract Tower,2,11,7,19,39,0,0,0,0,0,2,11,7,19,39,48,78,126,165
08/21/2020,AEX,LA,ASW,CE,Federal Contract Tower,13,12,12,11,48,0,0,0,0,0,13,12,12,11,48,15,21,36,84
08/22/2020,AEX,LA,ASW,CE,Federal Contract Tower,0,11,2,13,26,0,0,0,0,0,0,11,2,13,26,34,20,54,80
08/23/2020,AEX,LA,ASW,CE,Federal Contract Tower,2,12,4,7,25,0,0,0,0,0,2,12,4,7,25,35,8,43,68
08/24/2020,AEX,LA,ASW,CE,Federal Contract Tower,2,13,8,10,33,0,0,0,0,0,2,13,8,10,33,20,6,26,59
08/25/2020,AEX,LA,ASW,CE,Federal Contract Tower,9,13,7,3,32,0,0,0,0,0,9,13,7,3,32,0,3,3,35
08/27/2020,AEX,LA,ASW,CE,Federal Contract Tower,0,0,0,0,0,0,0,0,0,0,0,0,0,0,0,10,0,10,10
08/28/2020,AEX,LA,ASW,CE,Federal Contract Tower,0,4,3,0,7,0,0,0,0,0,0,4,3,0,7,32,8,40,47
08/29/2020,AEX,LA,ASW,CE,Federal Contract Tower,0,8,6,0,14,0,0,0,0,0,0,8,6,0,14,35,0,35,49
08/30/2020,AEX,LA,ASW,CE,Federal Contract Tower,0,18,3,1,22,0,0,0,0,0,0,18,3,1,22,33,8,41,63
08/31/2020,AEX,LA,ASW,CE,Federal Contract Tower,8,18,6,2,34,0,0,0,0,0,8,18,6,2,34,30,3,33,67
09/01/2020,AEX,LA,ASW,CE,Federal Contract Tower,11,11,12,8,42,0,0,0,0,0,11,11,12,8,42,53,19,72,114
09/02/2020,AEX,LA,ASW,CE,Federal Contract Tower,12,13,13,4,42,0,0,0,0,0,12,13,13,4,42,67,4,71,113
09/03/2020,AEX,LA,ASW,CE,Federal Contract Tower,0,13,8,14,35,0,0,0,0,0,0,13,8,14,35,66,8,74,109
09/04/2020,AEX,LA,ASW,CE,Federal Contract Tower,8,12,10,0,30,0,0,0,0,0,8,12,10,0,30,47,13,60,90
09/05/2020,AEX,LA,ASW,CE,Federal Contract Tower,2,12,6,0,20,0,0,0,0,0,2,12,6,0,20,25,0,25,45
09/06/2020,AEX,LA,ASW,CE,Federal Contract Tower,4,11,3,0,18,0,0,0,0,0,4,11,3,0,18,40,15,55,73
09/07/2020,AEX,LA,ASW,CE,Federal Contract Tower,5,19,8,0,32,0,0,0,0,0,5,19,8,0,32,11,8,19,51
09/08/2020,AEX,LA,ASW,CE,Federal Contract Tower,6,12,7,2,27,0,0,0,0,0,6,12,7,2,27,26,14,40,67
09/09/2020,AEX,LA,ASW,CE,Federal Contract Tower,9,11,17,5,42,0,0,0,0,0,9,11,17,5,42,24,25,49,91
09/10/2020,AEX,LA,ASW,CE,Federal Contract Tower,3,12,5,16,36,0,0,0,0,0,3,12,5,16,36,6,38,44,80
09/11/2020,AEX,LA,ASW,CE,Federal Contract Tower,7,12,9,25,53,0,0,0,0,0,7,12,9,25,53,23,29,52,105
09/12/2020,AEX,LA,ASW,CE,Federal Contract Tower,0,11,6,24,41,0,0,0,0,0,0,11,6,24,41,10,19,29,70
09/13/2020,AEX,LA,ASW,CE,Federal Contract Tower,0,10,11,0,21,0,0,0,0,0,0,10,11,0,21,29,11,40,61
09/14/2020,AEX,LA,ASW,CE,Federal Contract Tower,4,12,6,9,31,0,0,0,0,0,4,12,6,9,31,13,85,98,129
09/15/2020,AEX,LA,ASW,CE,Federal Contract Tower,8,13,9,3,33,0,0,0,0,0,8,13,9,3,33,14,111,125,158
09/16/2020,AEX,LA,ASW,CE,Federal Contract Tower,15,13,8,18,54,0,0,0,0,0,15,13,8,18,54,24,91,115,169
09/17/2020,AEX,LA,ASW,CE,Federal Contract Tower,3,12,4,6,25,0,0,0,0,0,3,12,4,6,25,37,33,70,95
09/18/2020,AEX,LA,ASW,CE,Federal Contract Tower,7,12,9,0,28,0,0,0,0,0,7,12,9,0,28,1,12,13,41
09/19/2020,AEX,LA,ASW,CE,Federal Contract Tower,1,13,9,0,23,0,0,0,0,0,1,13,9,0,23,41,10,51,74
09/20/2020,AEX,LA,ASW,CE,Federal Contract Tower,1,13,12,4,30,0,0,0,0,0,1,13,12,4,30,10,1,11,41
09/21/2020,AEX,LA,ASW,CE,Federal Contract Tower,4,11,13,0,28,0,0,0,0,0,4,11,13,0,28,0,2,2,30
09/22/2020,AEX,LA,ASW,CE,Federal Contract Tower,12,15,6,6,39,0,0,0,0,0,12,15,6,6,39,0,0,0,39
09/23/2020,AEX,LA,ASW,CE,Federal Contract Tower,10,15,7,4,36,0,0,0,0,0,10,15,7,4,36,2,0,2,38
09/24/2020,AEX,LA,ASW,CE,Federal Contract Tower,4,11,9,8,32,0,0,0,0,0,4,11,9,8,32,3,7,10,42
09/25/2020,AEX,LA,ASW,CE,Federal Contract Tower,13,11,16,2,42,0,0,0,0,0,13,11,16,2,42,24,7,31,73
09/26/2020,AEX,LA,ASW,CE,Federal Contract Tower,3,12,16,6,37,0,0,0,0,0,3,12,16,6,37,18,0,18,55
09/27/2020,AEX,LA,ASW,CE,Federal Contract Tower,1,12,14,10,37,0,0,0,0,0,1,12,14,10,37,23,60,83,120
09/28/2020,AEX,LA,ASW,CE,Federal Contract Tower,4,14,10,1,29,0,0,0,0,0,4,14,10,1,29,5,6,11,40
09/29/2020,AEX,LA,ASW,CE,Federal Contract Tower,8,11,14,11,44,0,0,0,0,0,8,11,14,11,44,74,11,85,129
09/30/2020,AEX,LA,ASW,CE,Federal Contract Tower,11,12,11,5,39,0,0,0,0,0,11,12,11,5,39,1,49,50,89
10/01/2020,AEX,LA,ASW,CE,Federal Contract Tower,5,18,11,6,40,0,0,0,0,0,5,18,11,6,40,30,7,37,77
10/02/2020,AEX,LA,ASW,CE,Federal Contract Tower,21,17,8,15,61,0,0,0,0,0,21,17,8,15,61,24,11,35,96
10/03/2020,AEX,LA,ASW,CE,Federal Contract Tower,3,14,8,5,30,0,0,0,0,0,3,14,8,5,30,42,3,45,75
10/04/2020,AEX,LA,ASW,CE,Federal Contract Tower,4,9,14,0,27,0,0,0,0,0,4,9,14,0,27,53,2,55,82
10/05/2020,AEX,LA,ASW,CE,Federal Contract Tower,9,15,13,8,45,0,0,0,0,0,9,15,13,8,45,19,8,27,72
10/06/2020,AEX,LA,ASW,CE,Federal Contract Tower,13,14,7,7,41,0,0,0,0,0,13,14,7,7,41,24,8,32,73
10/07/2020,AEX,LA,ASW,CE,Federal Contract Tower,16,15,14,4,49,0,0,0,0,0,16,15,14,4,49,68,10,78,127
10/08/2020,AEX,LA,ASW,CE,Federal Contract Tower,12,17,9,3,41,0,0,0,0,0,12,17,9,3,41,2,13,15,56
10/10/2020,AEX,LA,ASW,CE,Federal Contract Tower,8,15,3,0,26,0,0,0,0,0,8,15,3,0,26,38,1,39,65
10/11/2020,AEX,LA,ASW,CE,Federal Contract Tower,3,15,8,0,26,0,0,0,0,0,3,15,8,0,26,62,0,62,88
10/12/2020,AEX,LA,ASW,CE,Federal Contract Tower,4,18,5,10,37,0,0,0,0,0,4,18,5,10,37,18,31,49,86
10/13/2020,AEX,LA,ASW,CE,Federal Contract Tower,12,15,10,5,42,0,0,0,0,0,12,15,10,5,42,42,2,44,86
10/14/2020,AEX,LA,ASW,CE,Federal Contract Tower,6,15,10,9,40,0,0,0,0,0,6,15,10,9,40,35,11,46,86
10/15/2020,AEX,LA,ASW,CE,Federal Contract Tower,3,16,7,2,28,0,0,0,0,0,3,16,7,2,28,30,17,47,75
10/16/2020,AEX,LA,ASW,CE,Federal Contract Tower,9,16,8,13,46,0,0,0,0,0,9,16,8,13,46,0,1,1,47
10/18/2020,AEX,LA,ASW,CE,Federal Contract Tower,0,16,11,4,31,0,0,0,0,0,0,16,11,4,31,71,12,83,114
10/19/2020,AEX,LA,ASW,CE,Federal Contract Tower,3,16,16,12,47,0,0,0,0,0,3,16,16,12,47,30,24,54,101
10/20/2020,AEX,LA,ASW,CE,Federal Contract Tower,6,15,7,7,35,0,0,0,0,0,6,15,7,7,35,46,2,48,83
10/21/2020,AEX,LA,ASW,CE,Federal Contract Tower,8,18,19,6,51,0,0,0,0,0,8,18,19,6,51,9,6,15,66
10/22/2020,AEX,LA,ASW,CE,Federal Contract Tower,4,16,11,4,35,0,0,0,0,0,4,16,11,4,35,34,3,37,72
10/23/2020,AEX,LA,ASW,CE,Federal Contract Tower,8,16,5,3,32,0,0,0,0,0,8,16,5,3,32,9,1,10,42
10/24/2020,AEX,LA,ASW,CE,Federal Contract Tower,2,16,8,3,29,0,0,0,0,0,2,16,8,3,29,0,1,1,30
10/25/2020,AEX,LA,ASW,CE,Federal Contract Tower,1,19,8,1,29,0,0,0,0,0,1,19,8,1,29,10,10,20,49
10/26/2020,AEX,LA,ASW,CE,Federal Contract Tower,6,16,15,8,45,0,0,0,0,0,6,16,15,8,45,37,10,47,92
10/27/2020,AEX,LA,ASW,CE,Federal Contract Tower,8,14,6,6,34,0,0,0,0,0,8,14,6,6,34,16,14,30,64
10/28/2020,AEX,LA,ASW,CE,Federal Contract Tower,10,15,3,0,28,0,0,0,0,0,10,15,3,0,28,2,0,2,30
10/29/2020,AEX,LA,ASW,CE,Federal Contract Tower,7,16,5,0,28,0,0,0,0,0,7,16,5,0,28,25,4,29,57
10/30/2020,AEX,LA,ASW,CE,Federal Contract Tower,11,18,15,0,44,0,0,0,0,0,11,18,15,0,44,28,8,36,80
10/31/2020,AEX,LA,ASW,CE,Federal Contract Tower,0,12,2,0,14,0,0,0,0,0,0,12,2,0,14,65,0,65,79
11/01/2020,AEX,LA,ASW,CE,Federal Contract Tower,6,16,4,3,29,0,0,0,0,0,6,16,4,3,29,32,0,32,61
11/02/2020,AEX,LA,ASW,CE,Federal Contract Tower,11,16,10,3,40,0,0,0,0,0,11,16,10,3,40,18,2,20,60
11/03/2020,AEX,LA,ASW,CE,Federal Contract Tower,13,16,3,1,33,0,0,0,0,0,13,16,3,1,33,13,14,27,60
11/04/2020,AEX,LA,ASW,CE,Federal Contract Tower,13,16,3,1,33,0,0,0,0,0,13,16,3,1,33,46,21,67,100
11/05/2020,AEX,LA,ASW,CE,Federal Contract Tower,14,20,9,3,46,0,0,0,0,0,14,20,9,3,46,75,11,86,132
11/06/2020,AEX,LA,ASW,CE,Federal Contract Tower,19,16,11,12,58,0,0,0,0,0,19,16,11,12,58,41,12,53,111
11/07/2020,AEX,LA,ASW,CE,Federal Contract Tower,15,15,3,0,33,0,0,0,0,0,15,15,3,0,33,22,20,42,75
11/08/2020,AEX,LA,ASW,CE,Federal Contract Tower,9,15,16,8,48,0,0,0,0,0,9,15,16,8,48,2,5,7,55
11/09/2020,AEX,LA,ASW,CE,Federal Contract Tower,5,18,9,7,39,0,0,0,0,0,5,18,9,7,39,11,16,27,66
11/10/2020,AEX,LA,ASW,CE,Federal Contract Tower,9,16,7,10,42,0,0,0,0,0,9,16,7,10,42,58,12,70,112
11/11/2020,AEX,LA,ASW,CE,Federal Contract Tower,8,16,5,0,29,0,0,0,0,0,8,16,5,0,29,11,2,13,42
11/12/2020,AEX,LA,ASW,CE,Federal Contract Tower,2,16,6,6,30,0,0,0,0,0,2,16,6,6,30,12,25,37,67
11/13/2020,AEX,LA,ASW,CE,Federal Contract Tower,8,16,14,0,38,0,0,0,0,0,8,16,14,0,38,28,0,28,66
11/14/2020,AEX,LA,ASW,CE,Federal Contract Tower,2,14,11,0,27,0,0,0,0,0,2,14,11,0,27,26,1,27,54
11/15/2020,AEX,LA,ASW,CE,Federal Contract Tower,2,14,12,2,30,0,0,0,0,0,2,14,12,2,30,4,4,8,38
11/16/2020,AEX,LA,ASW,CE,Federal Contract Tower,4,19,9,4,36,0,0,0,0,0,4,19,9,4,36,4,45,49,85
11/17/2020,AEX,LA,ASW,CE,Federal Contract Tower,12,22,10,6,50,0,0,0,0,0,12,22,10,6,50,26,6,32,82
11/18/2020,AEX,LA,ASW,CE,Federal Contract Tower,10,17,5,15,47,0,0,0,0,0,10,17,5,15,47,39,5,44,91
11/19/2020,AEX,LA,ASW,CE,Federal Contract Tower,5,16,15,2,38,0,0,0,0,0,5,16,15,2,38,53,1,54,92
11/20/2020,AEX,LA,ASW,CE,Federal Contract Tower,8,16,14,21,59,0,0,0,0,0,8,16,14,21,59,20,10,30,89
11/21/2020,AEX,LA,ASW,CE,Federal Contract Tower,0,16,12,4,32,0,0,0,0,0,0,16,12,4,32,28,7,35,67
11/22/2020,AEX,LA,ASW,CE,Federal Contract Tower,0,14,4,0,18,0,0,0,0,0,0,14,4,0,18,19,0,19,37
11/23/2020,AEX,LA,ASW,CE,Federal Contract Tower,2,16,12,2,32,0,0,0,0,0,2,16,12,2,32,58,0,58,90
11/24/2020,AEX,LA,ASW,CE,Federal Contract Tower,10,17,4,5,36,0,0,0,0,0,10,17,4,5,36,12,0,12,48
11/26/2020,AEX,LA,ASW,CE,Federal Contract Tower,0,8,0,0,8,0,0,0,0,0,0,8,0,0,8,4,0,4,12
11/27/2020,AEX,LA,ASW,CE,Federal Contract Tower,7,14,10,0,31,0,0,0,0,0,7,14,10,0,31,0,0,0,31
11/28/2020,AEX,LA,ASW,CE,Federal Contract Tower,1,16,3,0,20,0,0,0,0,0,1,16,3,0,20,1,0,1,21
11/29/2020,AEX,LA,ASW,CE,Federal Contract Tower,3,18,8,0,29,0,0,0,0,0,3,18,8,0,29,0,0,0,29
11/30/2020,AEX,LA,ASW,CE,Federal Contract Tower,10,16,3,10,39,0,0,0,0,0,10,16,3,10,39,6,0,6,45
12/01/2020,AEX,LA,ASW,CE,Federal Contract Tower,12,18,13,2,45,0,0,0,0,0,12,18,13,2,45,34,1,35,80
12/02/2020,AEX,LA,ASW,CE,Federal Contract Tower,16,17,6,5,44,0,0,0,0,0,16,17,6,5,44,21,3,24,68
12/03/2020,AEX,LA,ASW,CE,Federal Contract Tower,8,15,15,3,41,0,0,0,0,0,8,15,15,3,41,1,3,4,45
12/04/2020,AEX,LA,ASW,CE,Federal Contract Tower,8,15,10,9,42,0,0,0,0,0,8,15,10,9,42,5,26,31,73
12/05/2020,AEX,LA,ASW,CE,Federal Contract Tower,2,11,5,0,18,0,0,0,0,0,2,11,5,0,18,24,3,27,45
12/06/2020,AEX,LA,ASW,CE,Federal Contract Tower,1,14,9,0,24,0,0,0,0,0,1,14,9,0,24,49,2,51,75
12/07/2020,AEX,LA,ASW,CE,Federal Contract Tower,5,16,9,7,37,0,0,0,0,0,5,16,9,7,37,26,3,29,66
12/08/2020,AEX,LA,ASW,CE,Federal Contract Tower,8,12,5,5,30,0,0,0,0,0,8,12,5,5,30,24,22,46,76
12/09/2020,AEX,LA,ASW,CE,Federal Contract Tower,6,16,11,1,34,0,0,0,0,0,6,16,11,1,34,56,6,62,96
12/10/2020,AEX,LA,ASW,CE,Federal Contract Tower,2,15,3,5,25,0,0,0,0,0,2,15,3,5,25,48,29,77,102
12/11/2020,AEX,LA,ASW,CE,Federal Contract Tower,6,18,14,5,43,0,0,0,0,0,6,18,14,5,43,31,1,32,75
12/12/2020,AEX,LA,ASW,CE,Federal Contract Tower,0,11,10,0,21,0,0,0,0,0,0,11,10,0,21,19,0,19,40
12/13/2020,AEX,LA,ASW,CE,Federal Contract Tower,0,18,2,0,20,0,0,0,0,0,0,18,2,0,20,7,0,7,27
12/14/2020,AEX,LA,ASW,CE,Federal Contract Tower,2,18,7,7,34,0,0,0,0,0,2,18,7,7,34,13,11,24,58
12/15/2020,AEX,LA,ASW,CE,Federal Contract Tower,10,12,7,2,31,0,0,0,0,0,10,12,7,2,31,0,0,0,31
12/16/2020,AEX,LA,ASW,CE,Federal Contract Tower,8,14,11,8,41,0,0,0,0,0,8,14,11,8,41,7,7,14,55
12/17/2020,AEX,LA,ASW,CE,Federal Contract Tower,2,21,12,2,37,0,0,0,0,0,2,21,12,2,37,52,7,59,96
12/18/2020,AEX,LA,ASW,CE,Federal Contract Tower,8,19,6,0,33,0,0,0,0,0,8,19,6,0,33,32,0,32,65
12/19/2020,AEX,LA,ASW,CE,Federal Contract Tower,2,20,3,0,25,0,0,0,0,0,2,20,3,0,25,0,0,0,25
12/20/2020,AEX,LA,ASW,CE,Federal Contract Tower,0,24,8,0,32,0,0,0,0,0,0,24,8,0,32,32,0,32,64
12/21/2020,AEX,LA,ASW,CE,Federal Contract Tower,2,21,9,11,43,0,0,0,0,0,2,21,9,11,43,25,5,30,73
12/22/2020,AEX,LA,ASW,CE,Federal Contract Tower,8,22,3,0,33,0,0,0,0,0,8,22,3,0,33,25,0,25,58
12/23/2020,AEX,LA,ASW,CE,Federal Contract Tower,6,18,8,0,32,0,0,0,0,0,6,18,8,0,32,46,0,46,78
12/24/2020,AEX,LA,ASW,CE,Federal Contract Tower,2,17,2,0,21,0,0,0,0,0,2,17,2,0,21,18,0,18,39
12/25/2020,AEX,LA,ASW,CE,Federal Contract Tower,0,12,0,0,12,0,0,0,0,0,0,12,0,0,12,5,0,5,17
12/26/2020,AEX,LA,ASW,CE,Federal Contract Tower,0,20,5,0,25,0,0,0,0,0,0,20,5,0,25,12,0,12,37
12/27/2020,AEX,LA,ASW,CE,Federal Contract Tower,2,20,3,0,25,0,0,0,0,0,2,20,3,0,25,40,0,40,65
12/28/2020,AEX,LA,ASW,CE,Federal Contract Tower,3,20,8,0,31,0,0,0,0,0,3,20,8,0,31,25,0,25,56
12/29/2020,AEX,LA,ASW,CE,Federal Contract Tower,8,20,7,4,39,0,0,0,0,0,8,20,7,4,39,17,8,25,64
12/30/2020,AEX,LA,ASW,CE,Federal Contract Tower,7,18,5,0,30,0,0,0,0,0,7,18,5,0,30,0,0,0,30
12/31/2020,AEX,LA,ASW,CE,Federal Contract Tower,0,14,0,0,14,0,0,0,0,0,0,14,0,0,14,0,0,0,14
01/01/2021,AEX,LA,ASW,CE,Federal Contract Tower,0,15,3,1,19,0,0,0,0,0,0,15,3,1,19,15,1,16,35
01/02/2021,AEX,LA,ASW,CE,Federal Contract Tower,2,18,6,0,26,0,0,0,0,0,2,18,6,0,26,21,0,21,47
01/03/2021,AEX,LA,ASW,CE,Federal Contract Tower,2,24,8,0,34,0,0,0,0,0,2,24,8,0,34,23,0,23,57
01/04/2021,AEX,LA,ASW,CE,Federal Contract Tower,8,20,11,2,41,0,0,0,0,0,8,20,11,2,41,20,0,20,61
01/05/2021,AEX,LA,ASW,CE,Federal Contract Tower,10,14,6,0,30,0,0,0,0,0,10,14,6,0,30,21,0,21,51
01/06/2021,AEX,LA,ASW,CE,Federal Contract Tower,8,22,6,9,45,0,0,0,0,0,8,22,6,9,45,1,13,14,59
01/07/2021,AEX,LA,ASW,CE,Federal Contract Tower,0,21,9,4,34,0,0,0,0,0,0,21,9,4,34,1,11,12,46
01/08/2021,AEX,LA,ASW,CE,Federal Contract Tower,10,19,4,3,36,0,0,0,0,0,10,19,4,3,36,20,5,25,61
01/09/2021,AEX,LA,ASW,CE,Federal Contract Tower,1,15,2,0,18,0,0,0,0,0,1,15,2,0,18,28,0,28,46
01/10/2021,AEX,LA,ASW,CE,Federal Contract Tower,1,10,2,0,13,0,0,0,0,0,1,10,2,0,13,6,0,6,19
01/11/2021,AEX,LA,ASW,CE,Federal Contract Tower,5,18,9,0,32,0,0,0,0,0,5,18,9,0,32,3,0,3,35
01/12/2021,AEX,LA,ASW,CE,Federal Contract Tower,7,15,10,9,41,0,0,0,0,0,7,15,10,9,41,23,3,26,67
01/13/2021,AEX,LA,ASW,CE,Federal Contract Tower,9,20,11,10,50,0,0,0,0,0,9,20,11,10,50,19,9,28,78
01/14/2021,AEX,LA,ASW,CE,Federal Contract Tower,1,16,6,0,23,0,0,0,0,0,1,16,6,0,23,24,4,28,51
01/15/2021,AEX,LA,ASW,CE,Federal Contract Tower,8,18,9,3,38,0,0,0,0,0,8,18,9,3,38,34,5,39,77
01/16/2021,AEX,LA,ASW,CE,Federal Contract Tower,12,14,3,1,30,0,0,0,0,0,12,14,3,1,30,35,5,40,70
01/17/2021,AEX,LA,ASW,CE,Federal Contract Tower,6,14,7,0,27,0,0,0,0,0,6,14,7,0,27,22,0,22,49
01/18/2021,AEX,LA,ASW,CE,Federal Contract Tower,4,18,22,0,44,0,0,0,0,0,4,18,22,0,44,32,0,32,76
01/19/2021,AEX,LA,ASW,CE,Federal Contract Tower,10,14,4,3,31,0,0,0,0,0,10,14,4,3,31,22,3,25,56
01/20/2021,AEX,LA,ASW,CE,Federal Contract Tower,10,12,10,0,32,0,0,0,0,0,10,12,10,0,32,30,2,32,64
01/21/2021,AEX,LA,ASW,CE,Federal Contract Tower,2,14,13,7,36,0,0,0,0,0,2,14,13,7,36,0,0,0,36
01/22/2021,AEX,LA,ASW,CE,Federal Contract Tower,2,14,3,4,23,0,0,0,0,0,2,14,3,4,23,0,0,0,23
01/23/2021,AEX,LA,ASW,CE,Federal Contract Tower,3,12,6,9,30,0,0,0,0,0,3,12,6,9,30,4,0,4,34
01/24/2021,AEX,LA,ASW,CE,Federal Contract Tower,1,16,3,3,23,0,0,0,0,0,1,16,3,3,23,1,0,1,24
01/25/2021,AEX,LA,ASW,CE,Federal Contract Tower,4,18,10,5,37,0,0,0,0,0,4,18,10,5,37,2,2,4,41
01/26/2021,AEX,LA,ASW,CE,Federal Contract Tower,5,13,9,24,51,0,0,0,0,0,5,13,9,24,51,39,51,90,141
01/27/2021,AEX,LA,ASW,CE,Federal Contract Tower,7,13,11,28,59,0,0,0,0,0,7,13,11,28,59,27,46,73,132
01/28/2021,AEX,LA,ASW,CE,Federal Contract Tower,5,19,11,2,37,0,0,0,0,0,5,19,11,2,37,12,51,63,100
01/29/2021,AEX,LA,ASW,CE,Federal Contract Tower,16,20,15,14,65,0,0,0,0,0,16,20,15,14,65,46,45,91,156
01/30/2021,AEX,LA,ASW,CE,Federal Contract Tower,0,12,6,11,29,0,0,0,0,0,0,12,6,11,29,39,3,42,71
01/31/2021,AEX,LA,ASW,CE,Federal Contract Tower,2,20,7,9,38,0,0,0,0,0,2,20,7,9,38,6,51,57,95
02/01/2021,AEX,LA,ASW,CE,Federal Contract Tower,4,19,7,5,35,0,0,0,0,0,4,19,7,5,35,42,72,114,149
02/02/2021,AEX,LA,ASW,CE,Federal Contract Tower,17,18,19,19,73,0,0,0,0,0,17,18,19,19,73,83,122,205,278
02/03/2021,AEX,LA,ASW,CE,Federal Contract Tower,8,18,6,27,59,0,0,0,0,0,8,18,6,27,59,52,120,172,231
02/04/2021,AEX,LA,ASW,CE,Federal Contract Tower,4,19,8,16,47,0,0,0,0,0,4,19,8,16,47,24,92,116,163
02/05/2021,AEX,LA,ASW,CE,Federal Contract Tower,8,22,8,10,48,0,0,0,0,0,8,22,8,10,48,33,79,112,160
02/06/2021,AEX,LA,ASW,CE,Federal Contract Tower,1,16,6,6,29,0,0,0,0,0,1,16,6,6,29,4,4,8,37
02/07/2021,AEX,LA,ASW,CE,Federal Contract Tower,0,15,13,6,34,0,0,0,0,0,0,15,13,6,34,35,11,46,80
02/08/2021,AEX,LA,ASW,CE,Federal Contract Tower,4,16,27,11,58,0,0,0,0,0,4,16,27,11,58,50,14,64,122
02/09/2021,AEX,LA,ASW,CE,Federal Contract Tower,4,14,6,13,37,0,0,0,0,0,4,14,6,13,37,32,4,36,73
02/10/2021,AEX,LA,ASW,CE,Federal Contract Tower,7,15,6,5,33,0,0,0,0,0,7,15,6,5,33,0,10,10,43
02/11/2021,AEX,LA,ASW,CE,Federal Contract Tower,0,21,2,0,23,0,0,0,0,0,0,21,2,0,23,3,0,3,26
02/12/2021,AEX,LA,ASW,CE,Federal Contract Tower,7,18,2,0,27,0,0,0,0,0,7,18,2,0,27,1,0,1,28
02/13/2021,AEX,LA,ASW,CE,Federal Contract Tower,1,16,3,0,20,0,0,0,0,0,1,16,3,0,20,1,0,1,21
02/14/2021,AEX,LA,ASW,CE,Federal Contract Tower,1,6,0,0,7,0,0,0,0,0,1,6,0,0,7,0,0,0,7
02/19/2021,AEX,LA,ASW,CE,Federal Contract Tower,0,0,4,2,6,0,0,0,0,0,0,0,4,2,6,12,4,16,22
02/20/2021,AEX,LA,ASW,CE,Federal Contract Tower,9,11,5,0,25,0,0,0,0,0,9,11,5,0,25,48,9,57,82
02/21/2021,AEX,LA,ASW,CE,Federal Contract Tower,0,18,4,2,24,0,0,0,0,0,0,18,4,2,24,20,0,20,44
02/22/2021,AEX,LA,ASW,CE,Federal Contract Tower,6,19,13,3,41,0,0,0,0,0,6,19,13,3,41,20,0,20,61
02/23/2021,AEX,LA,ASW,CE,Federal Contract Tower,10,15,13,6,44,0,0,0,0,0,10,15,13,6,44,15,2,17,61
02/24/2021,AEX,LA,ASW,CE,Federal Contract Tower,11,15,12,14,52,0,0,0,0,0,11,15,12,14,52,13,1,14,66
02/25/2021,AEX,LA,ASW,CE,Federal Contract Tower,6,20,9,5,40,0,0,0,0,0,6,20,9,5,40,5,0,5,45
02/26/2021,AEX,LA,ASW,CE,Federal Contract Tower,14,18,10,10,52,0,0,0,0,0,14,18,10,10,52,9,14,23,75
02/27/2021,AEX,LA,ASW,CE,Federal Contract Tower,4,16,13,0,33,0,0,0,0,0,4,16,13,0,33,12,12,24,57
02/28/2021,AEX,LA,ASW,CE,Federal Contract Tower,2,18,7,7,34,0,0,0,0,0,2,18,7,7,34,9,4,13,47
03/01/2021,AEX,LA,ASW,CE,Federal Contract Tower,6,18,9,4,37,0,0,0,0,0,6,18,9,4,37,1,10,11,48
03/02/2021,AEX,LA,ASW,CE,Federal Contract Tower,8,18,4,3,33,0,0,0,0,0,8,18,4,3,33,9,30,39,72
03/03/2021,AEX,LA,ASW,CE,Federal Contract Tower,8,20,10,16,54,0,0,0,0,0,8,20,10,16,54,33,37,70,124
03/04/2021,AEX,LA,ASW,CE,Federal Contract Tower,0,22,14,14,50,0,0,0,0,0,0,22,14,14,50,23,12,35,85
03/05/2021,AEX,LA,ASW,CE,Federal Contract Tower,6,20,13,2,41,0,0,0,0,0,6,20,13,2,41,19,5,24,65
03/06/2021,AEX,LA,ASW,CE,Federal Contract Tower,4,14,6,7,31,0,0,0,0,0,4,14,6,7,31,45,141,186,217
03/07/2021,AEX,LA,ASW,CE,Federal Contract Tower,0,19,11,30,60,0,0,0,0,0,0,19,11,30,60,40,42,82,142
03/08/2021,AEX,LA,ASW,CE,Federal Contract Tower,2,22,17,36,77,0,0,0,0,0,2,22,17,36,77,85,48,133,210
03/09/2021,AEX,LA,ASW,CE,Federal Contract Tower,4,17,12,11,44,0,0,0,0,0,4,17,12,11,44,56,89,145,189
03/10/2021,AEX,LA,ASW,CE,Federal Contract Tower,10,16,17,39,82,0,0,0,0,0,10,16,17,39,82,52,66,118,200
03/11/2021,AEX,LA,ASW,CE,Federal Contract Tower,2,20,7,28,57,0,0,0,0,0,2,20,7,28,57,31,59,90,147
03/12/2021,AEX,LA,ASW,CE,Federal Contract Tower,4,23,24,14,65,0,0,0,0,0,4,23,24,14,65,70,15,85,150
03/13/2021,AEX,LA,ASW,CE,Federal Contract Tower,0,14,30,27,71,0,0,0,0,0,0,14,30,27,71,27,34,61,132
03/14/2021,AEX,LA,ASW,CE,Federal Contract Tower,2,26,17,0,45,0,0,0,0,0,2,26,17,0,45,48,13,61,106
03/15/2021,AEX,LA,ASW,CE,Federal Contract Tower,2,26,18,7,53,0,0,0,0,0,2,26,18,7,53,35,12,47,100
03/16/2021,AEX,LA,ASW,CE,Federal Contract Tower,8,16,12,23,59,0,0,0,0,0,8,16,12,23,59,21,2,23,82
03/17/2021,AEX,LA,ASW,CE,Federal Contract Tower,13,10,13,4,40,0,0,0,0,0,13,10,13,4,40,7,0,7,47
03/18/2021,AEX,LA,ASW,CE,Federal Contract Tower,4,19,21,8,52,0,0,0,0,0,4,19,21,8,52,85,18,103,155
03/19/2021,AEX,LA,ASW,CE,Federal Contract Tower,8,25,13,2,48,0,0,0,0,0,8,25,13,2,48,96,0,96,144
03/20/2021,AEX,LA,ASW,CE,Federal Contract Tower,0,14,12,3,29,0,0,0,0,0,0,14,12,3,29,54,1,55,84
03/21/2021,AEX,LA,ASW,CE,Federal Contract Tower,3,19,10,2,34,0,0,0,0,0,3,19,10,2,34,102,7,109,143
03/22/2021,AEX,LA,ASW,CE,Federal Contract Tower,6,20,12,13,51,0,0,0,0,0,6,20,12,13,51,21,4,25,76
03/23/2021,AEX,LA,ASW,CE,Federal Contract Tower,15,15,7,9,46,0,0,0,0,0,15,15,7,9,46,25,36,61,107
03/24/2021,AEX,LA,ASW,CE,Federal Contract Tower,11,16,8,1,36,0,0,0,0,0,11,16,8,1,36,7,0,7,43
03/25/2021,AEX,LA,ASW,CE,Federal Contract Tower,4,23,5,10,42,0,0,0,0,0,4,23,5,10,42,28,2,30,72
03/26/2021,AEX,LA,ASW,CE,Federal Contract Tower,11,22,12,0,45,0,0,0,0,0,11,22,12,0,45,28,0,28,73
03/27/2021,AEX,LA,ASW,CE,Federal Contract Tower,4,15,8,1,28,0,0,0,0,0,4,15,8,1,28,2,4,6,34
03/28/2021,AEX,LA,ASW,CE,Federal Contract Tower,4,18,7,0,29,0,0,0,0,0,4,18,7,0,29,5,1,6,35
03/29/2021,AEX,LA,ASW,CE,Federal Contract Tower,2,20,5,15,42,0,0,0,0,0,2,20,5,15,42,53,8,61,103
03/30/2021,AEX,LA,ASW,CE,Federal Contract Tower,6,15,9,1,31,0,0,0,0,0,6,15,9,1,31,19,3,22,53
03/31/2021,AEX,LA,ASW,CE,Federal Contract Tower,12,16,11,0,39,0,0,0,0,0,12,16,11,0,39,0,3,3,42
04/01/2021,AEX,LA,ASW,CE,Federal Contract Tower,12,22,11,0,45,0,0,0,0,0,12,22,11,0,45,13,32,45,90
04/02/2021,AEX,LA,ASW,CE,Federal Contract Tower,9,18,5,8,40,0,0,0,0,0,9,18,5,8,40,33,14,47,87
04/03/2021,AEX,LA,ASW,CE,Federal Contract Tower,4,18,4,2,28,0,0,0,0,0,4,18,4,2,28,23,41,64,92
04/04/2021,AEX,LA,ASW,CE,Federal Contract Tower,3,19,7,19,48,0,0,0,0,0,3,19,7,19,48,19,61,80,128
04/05/2021,AEX,LA,ASW,CE,Federal Contract Tower,6,22,9,15,52,0,0,0,0,0,6,22,9,15,52,33,97,130,182
04/06/2021,AEX,LA,ASW,CE,Federal Contract Tower,8,17,5,10,40,0,0,0,0,0,8,17,5,10,40,23,80,103,143
04/07/2021,AEX,LA,ASW,CE,Federal Contract Tower,10,15,15,6,46,0,0,0,0,0,10,15,15,6,46,3,0,3,49
04/08/2021,AEX,LA,ASW,CE,Federal Contract Tower,0,21,21,13,55,0,0,0,0,0,0,21,21,13,55,5,84,89,144
04/09/2021,AEX,LA,ASW,CE,Federal Contract Tower,9,19,6,18,52,0,0,0,0,0,9,19,6,18,52,22,14,36,88
04/10/2021,AEX,LA,ASW,CE,Federal Contract Tower,2,18,5,5,30,0,0,0,0,0,2,18,5,5,30,16,67,83,113
04/11/2021,AEX,LA,ASW,CE,Federal Contract Tower,4,20,14,5,43,0,0,0,0,0,4,20,14,5,43,30,37,67,110
04/12/2021,AEX,LA,ASW,CE,Federal Contract Tower,4,22,15,20,61,0,0,0,0,0,4,22,15,20,61,18,105,123,184
04/13/2021,AEX,LA,ASW,CE,Federal Contract Tower,4,20,4,2,30,0,0,0,0,0,4,20,4,2,30,12,30,42,72
04/14/2021,AEX,LA,ASW,CE,Federal Contract Tower,8,18,1,3,30,0,0,0,0,0,8,18,1,3,30,1,6,7,37
04/15/2021,AEX,LA,ASW,CE,Federal Contract Tower,0,20,5,2,27,0,0,0,0,0,0,20,5,2,27,16,43,59,86
04/16/2021,AEX,LA,ASW,CE,Federal Contract Tower,8,23,2,0,33,0,0,0,0,0,8,23,2,0,33,11,0,11,44
04/17/2021,AEX,LA,ASW,CE,Federal Contract Tower,5,19,5,2,31,0,0,0,0,0,5,19,5,2,31,11,16,27,58
04/18/2021,AEX,LA,ASW,CE,Federal Contract Tower,3,24,24,1,52,0,0,0,0,0,3,24,24,1,52,45,23,68,120
04/19/2021,AEX,LA,ASW,CE,Federal Contract Tower,8,19,9,6,42,0,0,0,0,0,8,19,9,6,42,44,5,49,91
04/20/2021,AEX,LA,ASW,CE,Federal Contract Tower,8,18,9,3,38,0,0,0,0,0,8,18,9,3,38,32,3,35,73
04/21/2021,AEX,LA,ASW,CE,Federal Contract Tower,9,17,9,6,41,0,0,0,0,0,9,17,9,6,41,31,11,42,83
04/22/2021,AEX,LA,ASW,CE,Federal Contract Tower,5,20,13,5,43,0,0,0,0,0,5,20,13,5,43,11,56,67,110
04/23/2021,AEX,LA,ASW,CE,Federal Contract Tower,10,15,11,8,44,0,0,0,0,0,10,15,11,8,44,4,12,16,60
04/24/2021,AEX,LA,ASW,CE,Federal Contract Tower,3,16,8,0,27,0,0,0,0,0,3,16,8,0,27,72,0,72,99
04/25/2021,AEX,LA,ASW,CE,Federal Contract Tower,6,24,12,2,44,0,0,0,0,0,6,24,12,2,44,55,4,59,103
04/26/2021,AEX,LA,ASW,CE,Federal Contract Tower,6,21,13,2,42,0,0,0,0,0,6,21,13,2,42,29,2,31,73
04/27/2021,AEX,LA,ASW,CE,Federal Contract Tower,10,22,17,18,67,0,0,0,0,0,10,22,17,18,67,21,12,33,100
04/28/2021,AEX,LA,ASW,CE,Federal Contract Tower,15,20,10,5,50,0,0,0,0,0,15,20,10,5,50,19,13,32,82
04/29/2021,AEX,LA,ASW,CE,Federal Contract Tower,8,22,10,13,53,0,0,0,0,0,8,22,10,13,53,4,36,40,93
04/30/2021,AEX,LA,ASW,CE,Federal Contract Tower,10,19,6,0,35,0,0,0,0,0,10,19,6,0,35,0,0,0,35
05/01/2021,AEX,LA,ASW,CE,Federal Contract Tower,5,17,9,1,32,0,0,0,0,0,5,17,9,1,32,7,0,7,39
05/02/2021,AEX,LA,ASW,CE,Federal Contract Tower,7,18,3,0,28,0,0,0,0,0,7,18,3,0,28,6,0,6,34
05/03/2021,AEX,LA,ASW,CE,Federal Contract Tower,5,21,11,11,48,0,0,0,0,0,5,21,11,11,48,14,9,23,71
05/04/2021,AEX,LA,ASW,CE,Federal Contract Tower,7,18,11,1,37,0,0,0,0,0,7,18,11,1,37,5,1,6,43
05/05/2021,AEX,LA,ASW,CE,Federal Contract Tower,12,16,20,7,55,0,0,0,0,0,12,16,20,7,55,28,4,32,87
05/06/2021,AEX,LA,ASW,CE,Federal Contract Tower,5,18,13,8,44,0,0,0,0,0,5,18,13,8,44,74,2,76,120
05/07/2021,AEX,LA,ASW,CE,Federal Contract Tower,12,19,19,21,71,0,0,0,0,0,12,19,19,21,71,35,11,46,117
05/08/2021,AEX,LA,ASW,CE,Federal Contract Tower,1,15,8,0,24,0,0,0,0,0,1,15,8,0,24,24,0,24,48
05/09/2021,AEX,LA,ASW,CE,Federal Contract Tower,3,19,7,0,29,0,0,0,0,0,3,19,7,0,29,36,4,40,69
05/10/2021,AEX,LA,ASW,CE,Federal Contract Tower,4,18,4,15,41,0,0,0,0,0,4,18,4,15,41,0,0,0,41
05/11/2021,AEX,LA,ASW,CE,Federal Contract Tower,10,15,6,2,33,0,0,0,0,0,10,15,6,2,33,2,1,3,36
05/12/2021,AEX,LA,ASW,CE,Federal Contract Tower,12,19,3,2,36,0,0,0,0,0,12,19,3,2,36,0,0,0,36
05/13/2021,AEX,LA,ASW,CE,Federal Contract Tower,3,23,14,12,52,0,0,0,0,0,3,23,14,12,52,61,1,62,114
05/14/2021,AEX,LA,ASW,CE,Federal Contract Tower,9,22,20,14,65,0,0,0,0,0,9,22,20,14,65,47,13,60,125
05/15/2021,AEX,LA,ASW,CE,Federal Contract Tower,1,14,3,2,20,0,0,0,0,0,1,14,3,2,20,47,4,51,71
05/16/2021,AEX,LA,ASW,CE,Federal Contract Tower,3,17,16,1,37,0,0,0,0,0,3,17,16,1,37,37,1,38,75
05/17/2021,AEX,LA,ASW,CE,Federal Contract Tower,7,19,9,0,35,0,0,0,0,0,7,19,9,0,35,2,0,2,37
05/18/2021,AEX,LA,ASW,CE,Federal Contract Tower,6,18,7,2,33,0,0,0,0,0,6,18,7,2,33,0,21,21,54
05/19/2021,AEX,LA,ASW,CE,Federal Contract Tower,12,18,5,8,43,0,0,0,0,0,12,18,5,8,43,6,0,6,49
05/21/2021,AEX,LA,ASW,CE,Federal Contract Tower,15,22,11,7,55,0,0,0,0,0,15,22,11,7,55,3,6,9,64
05/22/2021,AEX,LA,ASW,CE,Federal Contract Tower,2,16,25,5,48,0,0,0,0,0,2,16,25,5,48,34,55,89,137
05/23/2021,AEX,LA,ASW,CE,Federal Contract Tower,8,18,19,55,100,0,0,0,0,0,8,18,19,55,100,14,18,32,132
05/24/2021,AEX,LA,ASW,CE,Federal Contract Tower,7,19,21,18,65,0,0,0,0,0,7,19,21,18,65,42,64,106,171
05/25/2021,AEX,LA,ASW,CE,Federal Contract Tower,5,18,7,16,46,0,0,0,0,0,5,18,7,16,46,99,12,111,157
05/26/2021,AEX,LA,ASW,CE,Federal Contract Tower,18,19,16,18,71,0,0,0,0,0,18,19,16,18,71,49,17,66,137
05/27/2021,AEX,LA,ASW,CE,Federal Contract Tower,11,18,4,4,37,0,0,0,0,0,11,18,4,4,37,39,3,42,79
05/28/2021,AEX,LA,ASW,CE,Federal Contract Tower,7,20,2,2,31,0,0,0,0,0,7,20,2,2,31,17,1,18,49
05/29/2021,AEX,LA,ASW,CE,Federal Contract Tower,4,18,10,0,32,0,0,0,0,0,4,18,10,0,32,14,2,16,48
05/30/2021,AEX,LA,ASW,CE,Federal Contract Tower,3,18,5,0,26,0,0,0,0,0,3,18,5,0,26,77,0,77,103
05/31/2021,AEX,LA,ASW,CE,Federal Contract Tower,10,18,9,0,37,0,0,0,0,0,10,18,9,0,37,62,0,62,99
06/01/2021,AEX,LA,ASW,CE,Federal Contract Tower,21,17,9,2,49,0,0,0,0,0,21,17,9,2,49,21,0,21,70
06/02/2021,AEX,LA,ASW,CE,Federal Contract Tower,10,18,14,6,48,0,0,16,5,21,10,18,30,11,69,0,0,0,69
06/03/2021,AEX,LA,ASW,CE,Federal Contract Tower,6,19,13,9,47,0,0,0,0,0,6,19,13,9,47,50,3,53,100
06/04/2021,AEX,LA,ASW,CE,Federal Contract Tower,6,18,13,7,44,0,0,0,0,0,6,18,13,7,44,6,17,23,67
06/05/2021,AEX,LA,ASW,CE,Federal Contract Tower,2,13,3,4,22,0,0,0,0,0,2,13,3,4,22,20,4,24,46
06/06/2021,AEX,LA,ASW,CE,Federal Contract Tower,6,19,7,0,32,0,0,0,0,0,6,19,7,0,32,20,1,21,53
06/07/2021,AEX,LA,ASW,CE,Federal Contract Tower,3,18,15,0,36,0,0,0,0,0,3,18,15,0,36,41,1,42,78
06/08/2021,AEX,LA,ASW,CE,Federal Contract Tower,8,17,12,17,54,0,0,0,0,0,8,17,12,17,54,3,6,9,63
06/09/2021,AEX,LA,ASW,CE,Federal Contract Tower,12,20,16,3,51,0,0,0,0,0,12,20,16,3,51,49,8,57,108
06/10/2021,AEX,LA,ASW,CE,Federal Contract Tower,5,20,12,4,41,0,0,0,0,0,5,20,12,4,41,31,0,31,72
06/11/2021,AEX,LA,ASW,CE,Federal Contract Tower,8,18,12,6,44,0,0,0,0,0,8,18,12,6,44,83,18,101,145
06/12/2021,AEX,LA,ASW,CE,Federal Contract Tower,1,15,9,2,27,0,0,0,0,0,1,15,9,2,27,52,11,63,90
06/13/2021,AEX,LA,ASW,CE,Federal Contract Tower,5,19,10,5,39,0,0,0,0,0,5,19,10,5,39,33,9,42,81
06/14/2021,AEX,LA,ASW,CE,Federal Contract Tower,5,20,12,7,44,0,0,0,0,0,5,20,12,7,44,34,7,41,85
06/15/2021,AEX,LA,ASW,CE,Federal Contract Tower,10,23,10,9,52,0,0,0,0,0,10,23,10,9,52,33,29,62,114
06/16/2021,AEX,LA,ASW,CE,Federal Contract Tower,13,17,5,4,39,0,0,0,0,0,13,17,5,4,39,48,9,57,96
06/17/2021,AEX,LA,ASW,CE,Federal Contract Tower,7,20,12,2,41,0,0,0,0,0,7,20,12,2,41,42,32,74,115
06/18/2021,AEX,LA,ASW,CE,Federal Contract Tower,6,23,9,0,38,0,0,0,0,0,6,23,9,0,38,30,0,30,68
06/19/2021,AEX,LA,ASW,CE,Federal Contract Tower,2,12,4,0,18,0,0,0,0,0,2,12,4,0,18,56,6,62,80
06/20/2021,AEX,LA,ASW,CE,Federal Contract Tower,5,16,8,6,35,0,0,0,0,0,5,16,8,6,35,28,6,34,69
06/21/2021,AEX,LA,ASW,CE,Federal Contract Tower,2,21,10,8,41,0,0,0,0,0,2,21,10,8,41,29,0,29,70
06/22/2021,AEX,LA,ASW,CE,Federal Contract Tower,8,16,10,3,37,0,0,0,0,0,8,16,10,3,37,24,4,28,65
06/23/2021,AEX,LA,ASW,CE,Federal Contract Tower,9,14,13,10,46,0,0,0,0,0,9,14,13,10,46,21,1,22,68
06/24/2021,AEX,LA,ASW,CE,Federal Contract Tower,8,24,6,3,41,0,0,0,0,0,8,24,6,3,41,22,6,28,69
06/25/2021,AEX,LA,ASW,CE,Federal Contract Tower,18,23,12,12,65,0,0,0,0,0,18,23,12,12,65,20,23,43,108
06/26/2021,AEX,LA,ASW,CE,Federal Contract Tower,3,14,12,8,37,0,0,0,0,0,3,14,12,8,37,8,13,21,58
06/27/2021,AEX,LA,ASW,CE,Federal Contract Tower,7,19,7,5,38,0,0,0,0,0,7,19,7,5,38,10,12,22,60
06/28/2021,AEX,LA,ASW,CE,Federal Contract Tower,17,23,4,9,53,0,0,0,0,0,17,23,4,9,53,3,2,5,58
06/29/2021,AEX,LA,ASW,CE,Federal Contract Tower,10,17,6,10,43,0,0,0,0,0,10,17,6,10,43,33,2,35,78
06/30/2021,AEX,LA,ASW,CE,Federal Contract Tower,11,16,16,11,54,0,0,0,0,0,11,16,16,11,54,44,9,53,107
07/01/2021,AEX,LA,ASW,CE,Federal Contract Tower,5,19,13,0,37,0,0,0,0,0,5,19,13,0,37,16,0,16,53
07/02/2021,AEX,LA,ASW,CE,Federal Contract Tower,8,20,10,0,38,0,0,0,0,0,8,20,10,0,38,4,0,4,42
07/03/2021,AEX,LA,ASW,CE,Federal Contract Tower,4,19,7,0,30,0,0,0,0,0,4,19,7,0,30,12,0,12,42
07/04/2021,AEX,LA,ASW,CE,Federal Contract Tower,2,17,8,0,27,0,0,0,0,0,2,17,8,0,27,36,0,36,63
07/05/2021,AEX,LA,ASW,CE,Federal Contract Tower,4,18,5,2,29,0,0,0,0,0,4,18,5,2,29,23,0,23,52
07/06/2021,AEX,LA,ASW,CE,Federal Contract Tower,11,16,11,3,41,0,0,0,0,0,11,16,11,3,41,12,7,19,60
07/07/2021,AEX,LA,ASW,CE,Federal Contract Tower,6,15,10,4,35,0,0,4,0,4,6,15,14,4,39,11,0,11,50
07/08/2021,AEX,LA,ASW,CE,Federal Contract Tower,6,18,15,13,52,0,0,0,0,0,6,18,15,13,52,45,11,56,108
07/09/2021,AEX,LA,ASW,CE,Federal Contract Tower,10,17,6,8,41,0,0,0,0,0,10,17,6,8,41,34,0,34,75
07/10/2021,AEX,LA,ASW,CE,Federal Contract Tower,10,16,0,3,29,0,0,0,0,0,10,16,0,3,29,6,0,6,35
07/11/2021,AEX,LA,ASW,CE,Federal Contract Tower,8,18,6,0,32,0,0,0,0,0,8,18,6,0,32,0,0,0,32
07/12/2021,AEX,LA,ASW,CE,Federal Contract Tower,2,17,7,0,26,0,0,0,0,0,2,17,7,0,26,8,14,22,48
07/13/2021,AEX,LA,ASW,CE,Federal Contract Tower,7,18,15,9,49,0,0,0,0,0,7,18,15,9,49,20,7,27,76
07/14/2021,AEX,LA,ASW,CE,Federal Contract Tower,13,14,15,13,55,0,0,0,0,0,13,14,15,13,55,46,30,76,131
07/15/2021,AEX,LA,ASW,CE,Federal Contract Tower,7,19,0,7,33,0,0,0,0,0,7,19,0,7,33,16,16,32,65
07/16/2021,AEX,LA,ASW,CE,Federal Contract Tower,13,18,5,4,40,0,0,0,0,0,13,18,5,4,40,56,17,73,113
07/17/2021,AEX,LA,ASW,CE,Federal Contract Tower,3,14,21,17,55,0,0,0,0,0,3,14,21,17,55,19,16,35,90
07/18/2021,AEX,LA,ASW,CE,Federal Contract Tower,6,23,9,12,50,0,0,0,0,0,6,23,9,12,50,59,29,88,138
07/19/2021,AEX,LA,ASW,CE,Federal Contract Tower,6,18,10,6,40,0,0,0,0,0,6,18,10,6,40,21,6,27,67
07/20/2021,AEX,LA,ASW,CE,Federal Contract Tower,6,17,11,10,44,0,0,0,0,0,6,17,11,10,44,7,7,14,58
07/21/2021,AEX,LA,ASW,CE,Federal Contract Tower,10,15,16,9,50,0,0,0,0,0,10,15,16,9,50,50,57,107,157
07/22/2021,AEX,LA,ASW,CE,Federal Contract Tower,6,16,5,20,47,0,0,0,0,0,6,16,5,20,47,40,39,79,126
07/23/2021,AEX,LA,ASW,CE,Federal Contract Tower,7,21,6,18,52,0,0,0,0,0,7,21,6,18,52,33,43,76,128
07/24/2021,AEX,LA,ASW,CE,Federal Contract Tower,2,18,11,7,38,0,0,0,0,0,2,18,11,7,38,25,4,29,67
07/25/2021,AEX,LA,ASW,CE,Federal Contract Tower,5,15,13,7,40,0,0,0,0,0,5,15,13,7,40,47,5,52,92
07/26/2021,AEX,LA,ASW,CE,Federal Contract Tower,4,19,11,9,43,0,0,0,0,0,4,19,11,9,43,48,21,69,112
07/27/2021,AEX,LA,ASW,CE,Federal Contract Tower,9,14,9,5,37,0,0,0,0,0,9,14,9,5,37,19,5,24,61
07/28/2021,AEX,LA,ASW,CE,Federal Contract Tower,12,15,6,3,36,0,0,0,0,0,12,15,6,3,36,12,13,25,61
07/29/2021,AEX,LA,ASW,CE,Federal Contract Tower,6,16,14,0,36,0,0,0,0,0,6,16,14,0,36,41,0,41,77
07/30/2021,AEX,LA,ASW,CE,Federal Contract Tower,10,20,16,10,56,0,0,0,0,0,10,20,16,10,56,44,7,51,107
07/31/2021,AEX,LA,ASW,CE,Federal Contract Tower,2,15,6,4,27,0,0,0,0,0,2,15,6,4,27,52,32,84,111
08/01/2021,AEX,LA,ASW,CE,Federal Contract Tower,4,20,4,5,33,0,0,0,0,0,4,20,4,5,33,42,23,65,98
08/02/2021,AEX,LA,ASW,CE,Federal Contract Tower,3,23,6,2,34,0,0,0,0,0,3,23,6,2,34,1,0,1,35
08/03/2021,AEX,LA,ASW,CE,Federal Contract Tower,20,15,3,8,46,0,0,0,0,0,20,15,3,8,46,2,0,2,48
08/04/2021,AEX,LA,ASW,CE,Federal Contract Tower,20,13,0,15,48,0,0,0,0,0,20,13,0,15,48,30,26,56,104
08/05/2021,AEX,LA,ASW,CE,Federal Contract Tower,7,19,9,12,47,0,0,0,0,0,7,19,9,12,47,20,23,43,90
08/06/2021,AEX,LA,ASW,CE,Federal Contract Tower,12,16,16,5,49,0,0,0,0,0,12,16,16,5,49,16,7,23,72
08/07/2021,AEX,LA,ASW,CE,Federal Contract Tower,6,17,11,0,34,0,0,0,0,0,6,17,11,0,34,52,0,52,86
08/08/2021,AEX,LA,ASW,CE,Federal Contract Tower,4,19,14,2,39,0,0,0,0,0,4,19,14,2,39,7,0,7,46
08/09/2021,AEX,LA,ASW,CE,Federal Contract Tower,12,20,9,11,52,0,0,0,0,0,12,20,9,11,52,14,4,18,70
08/10/2021,AEX,LA,ASW,CE,Federal Contract Tower,12,14,15,0,41,0,0,0,0,0,12,14,15,0,41,16,0,16,57
08/11/2021,AEX,LA,ASW,CE,Federal Contract Tower,13,16,17,13,59,0,0,0,0,0,13,16,17,13,59,43,6,49,108
08/12/2021,AEX,LA,ASW,CE,Federal Contract Tower,10,21,7,23,61,0,0,0,0,0,10,21,7,23,61,31,4,35,96
08/13/2021,AEX,LA,ASW,CE,Federal Contract Tower,8,17,14,26,65,0,0,0,0,0,8,17,14,26,65,40,29,69,134
08/14/2021,AEX,LA,ASW,CE,Federal Contract Tower,5,16,7,6,34,0,0,0,0,0,5,16,7,6,34,9,8,17,51
08/15/2021,AEX,LA,ASW,CE,Federal Contract Tower,6,13,2,12,33,0,0,0,0,0,6,13,2,12,33,3,23,26,59
08/16/2021,AEX,LA,ASW,CE,Federal Contract Tower,6,17,13,0,36,0,0,0,0,0,6,17,13,0,36,27,0,27,63
08/17/2021,AEX,LA,ASW,CE,Federal Contract Tower,16,7,4,14,41,0,0,0,0,0,16,7,4,14,41,43,3,46,87
08/18/2021,AEX,LA,ASW,CE,Federal Contract Tower,12,14,13,11,50,0,0,0,0,0,12,14,13,11,50,11,0,11,61
08/19/2021,AEX,LA,ASW,CE,Federal Contract Tower,3,22,6,3,34,0,0,0,0,0,3,22,6,3,34,16,4,20,54
08/20/2021,AEX,LA,ASW,CE,Federal Contract Tower,13,17,14,6,50,0,0,0,0,0,13,17,14,6,50,44,5,49,99
08/21/2021,AEX,LA,ASW,CE,Federal Contract Tower,7,16,4,3,30,0,0,0,0,0,7,16,4,3,30,49,1,50,80
08/22/2021,AEX,LA,ASW,CE,Federal Contract Tower,5,16,8,2,31,0,0,0,0,0,5,16,8,2,31,29,0,29,60
08/23/2021,AEX,LA,ASW,CE,Federal Contract Tower,4,18,4,7,33,0,0,0,0,0,4,18,4,7,33,26,1,27,60
08/24/2021,AEX,LA,ASW,CE,Federal Contract Tower,10,15,8,0,33,0,0,0,0,0,10,15,8,0,33,31,2,33,66
08/25/2021,AEX,LA,ASW,CE,Federal Contract Tower,9,13,4,13,39,0,0,0,0,0,9,13,4,13,39,31,51,82,121
08/26/2021,AEX,LA,ASW,CE,Federal Contract Tower,12,15,5,9,41,0,0,0,0,0,12,15,5,9,41,30,19,49,90
08/27/2021,AEX,LA,ASW,CE,Federal Contract Tower,10,20,6,2,38,0,0,0,0,0,10,20,6,2,38,12,0,12,50
08/28/2021,AEX,LA,ASW,CE,Federal Contract Tower,2,14,10,0,26,0,0,0,0,0,2,14,10,0,26,24,0,24,50
08/29/2021,AEX,LA,ASW,CE,Federal Contract Tower,2,8,1,0,11,0,0,0,0,0,2,8,1,0,11,4,0,4,15
08/30/2021,AEX,LA,ASW,CE,Federal Contract Tower,3,8,6,1,18,0,0,0,0,0,3,8,6,1,18,19,3,22,40
08/31/2021,AEX,LA,ASW,CE,Federal Contract Tower,13,8,5,7,33,0,0,0,0,0,13,8,5,7,33,64,2,66,99
09/01/2021,AEX,LA,ASW,CE,Federal Contract Tower,8,16,6,7,37,0,0,0,0,0,8,16,6,7,37,56,10,66,103
09/02/2021,AEX,LA,ASW,CE,Federal Contract Tower,7,25,7,0,39,0,0,0,0,0,7,25,7,0,39,16,2,18,57
09/03/2021,AEX,LA,ASW,CE,Federal Contract Tower,12,18,12,0,42,0,0,0,0,0,12,18,12,0,42,11,2,13,55
09/04/2021,AEX,LA,ASW,CE,Federal Contract Tower,2,17,13,2,34,0,0,0,0,0,2,17,13,2,34,29,9,38,72
09/05/2021,AEX,LA,ASW,CE,Federal Contract Tower,3,11,14,0,28,0,0,0,0,0,3,11,14,0,28,19,0,19,47
09/06/2021,AEX,LA,ASW,CE,Federal Contract Tower,3,16,8,0,27,0,0,0,0,0,3,16,8,0,27,23,0,23,50
09/07/2021,AEX,LA,ASW,CE,Federal Contract Tower,9,13,7,6,35,0,0,0,0,0,9,13,7,6,35,36,10,46,81
09/08/2021,AEX,LA,ASW,CE,Federal Contract Tower,9,15,10,4,38,0,0,0,0,0,9,15,10,4,38,95,2,97,135
09/09/2021,AEX,LA,ASW,CE,Federal Contract Tower,8,12,6,17,43,0,0,0,0,0,8,12,6,17,43,14,26,40,83
09/10/2021,AEX,LA,ASW,CE,Federal Contract Tower,12,12,14,6,44,0,0,0,0,0,12,12,14,6,44,19,21,40,84
09/11/2021,AEX,LA,ASW,CE,Federal Contract Tower,2,7,2,2,13,0,0,0,0,0,2,7,2,2,13,51,54,105,118
09/12/2021,AEX,LA,ASW,CE,Federal Contract Tower,4,16,13,4,37,0,0,0,0,0,4,16,13,4,37,19,91,110,147
09/13/2021,AEX,LA,ASW,CE,Federal Contract Tower,3,18,7,0,28,0,0,0,0,0,3,18,7,0,28,9,22,31,59
09/14/2021,AEX,LA,ASW,CE,Federal Contract Tower,7,13,1,3,24,0,0,0,0,0,7,13,1,3,24,0,0,0,24
09/15/2021,AEX,LA,ASW,CE,Federal Contract Tower,10,16,7,2,35,0,0,0,0,0,10,16,7,2,35,11,10,21,56
09/17/2021,AEX,LA,ASW,CE,Federal Contract Tower,9,17,16,25,67,0,0,0,0,0,9,17,16,25,67,11,25,36,103
09/18/2021,AEX,LA,ASW,CE,Federal Contract Tower,2,12,7,4,25,0,0,0,0,0,2,12,7,4,25,16,39,55,80
09/19/2021,AEX,LA,ASW,CE,Federal Contract Tower,6,19,14,2,41,0,0,0,0,0,6,19,14,2,41,24,98,122,163
09/20/2021,AEX,LA,ASW,CE,Federal Contract Tower,2,16,7,3,28,0,0,0,0,0,2,16,7,3,28,19,42,61,89
09/22/2021,AEX,LA,ASW,CE,Federal Contract Tower,9,19,12,2,42,0,0,0,0,0,9,19,12,2,42,72,2,74,116
09/23/2021,AEX,LA,ASW,CE,Federal Contract Tower,7,18,12,5,42,0,0,0,0,0,7,18,12,5,42,80,21,101,143
09/24/2021,AEX,LA,ASW,CE,Federal Contract Tower,8,18,15,16,57,0,0,0,0,0,8,18,15,16,57,58,0,58,115
09/25/2021,AEX,LA,ASW,CE,Federal Contract Tower,3,9,4,0,16,0,0,0,0,0,3,9,4,0,16,46,2,48,64
09/26/2021,AEX,LA,ASW,CE,Federal Contract Tower,5,18,9,14,46,0,0,0,0,0,5,18,9,14,46,26,11,37,83
09/27/2021,AEX,LA,ASW,CE,Federal Contract Tower,2,16,6,3,27,0,0,0,0,0,2,16,6,3,27,35,11,46,73
09/28/2021,AEX,LA,ASW,CE,Federal Contract Tower,6,14,5,3,28,0,0,0,0,0,6,14,5,3,28,19,0,19,47
09/29/2021,AEX,LA,ASW,CE,Federal Contract Tower,10,18,15,2,45,0,0,0,0,0,10,18,15,2,45,2,2,4,49
09/30/2021,AEX,LA,ASW,CE,Federal Contract Tower,7,14,8,6,35,0,0,0,0,0,7,14,8,6,35,24,8,32,67
10/01/2021,AEX,LA,ASW,CE,Federal Contract Tower,6,18,13,0,37,0,0,0,0,0,6,18,13,0,37,3,0,3,40
10/02/2021,AEX,LA,ASW,CE,Federal Contract Tower,4,12,2,2,20,0,0,0,0,0,4,12,2,2,20,17,0,17,37
10/03/2021,AEX,LA,ASW,CE,Federal Contract Tower,4,17,7,0,28,0,0,0,0,0,4,17,7,0,28,20,0,20,48
10/04/2021,AEX,LA,ASW,CE,Federal Contract Tower,2,20,9,8,39,0,0,0,0,0,2,20,9,8,39,52,13,65,104
10/05/2021,AEX,LA,ASW,CE,Federal Contract Tower,12,17,8,20,57,0,0,0,0,0,12,17,8,20,57,59,13,72,129
10/06/2021,AEX,LA,ASW,CE,Federal Contract Tower,10,19,10,11,50,0,0,0,0,0,10,19,10,11,50,50,13,63,113
10/07/2021,AEX,LA,ASW,CE,Federal Contract Tower,6,18,13,6,43,0,0,0,0,0,6,18,13,6,43,20,10,30,73
10/08/2021,AEX,LA,ASW,CE,Federal Contract Tower,12,16,22,11,61,0,0,0,0,0,12,16,22,11,61,20,18,38,99
10/09/2021,AEX,LA,ASW,CE,Federal Contract Tower,5,12,3,0,20,0,0,0,0,0,5,12,3,0,20,49,0,49,69
10/10/2021,AEX,LA,ASW,CE,Federal Contract Tower,6,15,14,0,35,0,0,0,0,0,6,15,14,0,35,12,0,12,47
10/11/2021,AEX,LA,ASW,CE,Federal Contract Tower,3,15,8,1,27,0,0,0,0,0,3,15,8,1,27,5,1,6,33
10/12/2021,AEX,LA,ASW,CE,Federal Contract Tower,7,11,15,0,33,0,0,0,0,0,7,11,15,0,33,17,2,19,52
10/13/2021,AEX,LA,ASW,CE,Federal Contract Tower,11,11,20,3,45,0,0,0,0,0,11,11,20,3,45,22,1,23,68
10/14/2021,AEX,LA,ASW,CE,Federal Contract Tower,10,17,11,2,40,0,0,0,0,0,10,17,11,2,40,6,0,6,46
10/15/2021,AEX,LA,ASW,CE,Federal Contract Tower,10,16,18,4,48,0,0,0,0,0,10,16,18,4,48,9,2,11,59
10/16/2021,AEX,LA,ASW,CE,Federal Contract Tower,1,11,2,9,23,0,0,0,0,0,1,11,2,9,23,36,3,39,62
10/17/2021,AEX,LA,ASW,CE,Federal Contract Tower,4,20,9,0,33,0,0,0,0,0,4,20,9,0,33,36,2,38,71
10/18/2021,AEX,LA,ASW,CE,Federal Contract Tower,4,14,6,5,29,0,0,0,0,0,4,14,6,5,29,30,13,43,72
10/19/2021,AEX,LA,ASW,CE,Federal Contract Tower,9,17,13,1,40,0,0,0,0,0,9,17,13,1,40,16,5,21,61
10/20/2021,AEX,LA,ASW,CE,Federal Contract Tower,10,17,13,2,42,0,0,0,0,0,10,17,13,2,42,29,3,32,74
10/21/2021,AEX,LA,ASW,CE,Federal Contract Tower,8,18,8,0,34,0,0,0,0,0,8,18,8,0,34,15,0,15,49
10/22/2021,AEX,LA,ASW,CE,Federal Contract Tower,11,16,20,9,56,0,0,0,0,0,11,16,20,9,56,26,3,29,85
10/23/2021,AEX,LA,ASW,CE,Federal Contract Tower,2,15,11,1,29,0,0,0,0,0,2,15,11,1,29,13,1,14,43
10/24/2021,AEX,LA,ASW,CE,Federal Contract Tower,5,19,22,0,46,0,0,0,0,0,5,19,22,0,46,10,0,10,56
10/25/2021,AEX,LA,ASW,CE,Federal Contract Tower,4,15,7,0,26,0,0,0,0,0,4,15,7,0,26,11,0,11,37
10/26/2021,AEX,LA,ASW,CE,Federal Contract Tower,9,13,7,0,29,0,0,0,0,0,9,13,7,0,29,24,0,24,53
10/27/2021,AEX,LA,ASW,CE,Federal Contract Tower,9,16,5,2,32,0,0,0,0,0,9,16,5,2,32,3,0,3,35
10/28/2021,AEX,LA,ASW,CE,Federal Contract Tower,6,16,3,2,27,0,0,0,0,0,6,16,3,2,27,11,0,11,38
10/29/2021,AEX,LA,ASW,CE,Federal Contract Tower,7,20,6,3,36,0,0,0,0,0,7,20,6,3,36,19,5,24,60
10/30/2021,AEX,LA,ASW,CE,Federal Contract Tower,4,13,13,4,34,0,0,0,0,0,4,13,13,4,34,56,2,58,92
10/31/2021,AEX,LA,ASW,CE,Federal Contract Tower,6,14,9,0,29,0,0,0,0,0,6,14,9,0,29,58,0,58,87
11/01/2021,AEX,LA,ASW,CE,Federal Contract Tower,3,16,8,0,27,0,0,0,0,0,3,16,8,0,27,44,0,44,71
11/02/2021,AEX,LA,ASW,CE,Federal Contract Tower,8,18,13,18,57,0,0,0,0,0,8,18,13,18,57,51,4,55,112
11/03/2021,AEX,LA,ASW,CE,Federal Contract Tower,14,14,24,0,52,0,0,0,0,0,14,14,24,0,52,24,0,24,76
11/04/2021,AEX,LA,ASW,CE,Federal Contract Tower,9,18,15,0,42,0,0,0,0,0,9,18,15,0,42,44,1,45,87
11/05/2021,AEX,LA,ASW,CE,Federal Contract Tower,18,15,22,8,63,0,0,0,0,0,18,15,22,8,63,37,21,58,121
11/06/2021,AEX,LA,ASW,CE,Federal Contract Tower,0,17,6,2,25,0,0,0,0,0,0,17,6,2,25,17,5,22,47
11/07/2021,AEX,LA,ASW,CE,Federal Contract Tower,7,12,13,0,32,0,0,0,0,0,7,12,13,0,32,41,0,41,73
11/08/2021,AEX,LA,ASW,CE,Federal Contract Tower,8,19,12,2,41,0,0,0,0,0,8,19,12,2,41,29,5,34,75
11/09/2021,AEX,LA,ASW,CE,Federal Contract Tower,5,15,4,2,26,0,0,0,0,0,5,15,4,2,26,31,0,31,57
11/10/2021,AEX,LA,ASW,CE,Federal Contract Tower,12,15,24,9,60,0,0,0,0,0,12,15,24,9,60,51,11,62,122
11/11/2021,AEX,LA,ASW,CE,Federal Contract Tower,6,15,15,5,41,0,0,0,0,0,6,15,15,5,41,46,10,56,97
11/12/2021,AEX,LA,ASW,CE,Federal Contract Tower,8,16,14,0,38,0,0,0,0,0,8,16,14,0,38,18,0,18,56
11/13/2021,AEX,LA,ASW,CE,Federal Contract Tower,4,17,9,1,31,0,0,0,0,0,4,17,9,1,31,34,0,34,65
11/14/2021,AEX,LA,ASW,CE,Federal Contract Tower,7,13,9,0,29,0,0,0,0,0,7,13,9,0,29,44,0,44,73
11/15/2021,AEX,LA,ASW,CE,Federal Contract Tower,11,15,9,0,35,0,0,0,0,0,11,15,9,0,35,32,0,32,67
11/16/2021,AEX,LA,ASW,CE,Federal Contract Tower,4,17,10,7,38,0,0,0,0,0,4,17,10,7,38,51,3,54,92
11/17/2021,AEX,LA,ASW,CE,Federal Contract Tower,10,14,14,0,38,0,0,0,0,0,10,14,14,0,38,38,1,39,77
11/18/2021,AEX,LA,ASW,CE,Federal Contract Tower,8,16,14,3,41,0,0,0,0,0,8,16,14,3,41,1,0,1,42
11/19/2021,AEX,LA,ASW,CE,Federal Contract Tower,8,15,2,13,38,0,0,0,0,0,8,15,2,13,38,24,4,28,66
11/20/2021,AEX,LA,ASW,CE,Federal Contract Tower,2,17,3,0,22,0,0,0,0,0,2,17,3,0,22,49,0,49,71
11/22/2021,AEX,LA,ASW,CE,Federal Contract Tower,8,18,6,1,33,0,0,0,0,0,8,18,6,1,33,56,1,57,90
11/23/2021,AEX,LA,ASW,CE,Federal Contract Tower,6,22,9,2,39,0,0,0,0,0,6,22,9,2,39,26,4,30,69
11/24/2021,AEX,LA,ASW,CE,Federal Contract Tower,10,20,13,0,43,0,0,0,0,0,10,20,13,0,43,29,0,29,72
11/25/2021,AEX,LA,ASW,CE,Federal Contract Tower,2,8,3,0,13,0,0,0,0,0,2,8,3,0,13,5,0,5,18
11/26/2021,AEX,LA,ASW,CE,Federal Contract Tower,8,14,13,0,35,0,0,0,0,0,8,14,13,0,35,15,0,15,50
11/27/2021,AEX,LA,ASW,CE,Federal Contract Tower,3,16,11,0,30,0,0,0,0,0,3,16,11,0,30,19,0,19,49
11/28/2021,AEX,LA,ASW,CE,Federal Contract Tower,1,18,8,2,29,0,0,0,0,0,1,18,8,2,29,11,0,11,40
11/29/2021,AEX,LA,ASW,CE,Federal Contract Tower,7,15,10,0,32,0,0,0,0,0,7,15,10,0,32,8,0,8,40
11/30/2021,AEX,LA,ASW,CE,Federal Contract Tower,6,18,6,4,34,0,0,0,0,0,6,18,6,4,34,41,0,41,75
12/01/2021,AEX,LA,ASW,CE,Federal Contract Tower,7,17,15,3,42,0,0,0,0,0,7,17,15,3,42,25,11,36,78
12/02/2021,AEX,LA,ASW,CE,Federal Contract Tower,6,18,14,7,45,0,0,0,0,0,6,18,14,7,45,16,8,24,69
12/03/2021,AEX,LA,ASW,CE,Federal Contract Tower,5,15,4,14,38,0,0,0,0,0,5,15,4,14,38,27,0,27,65
12/04/2021,AEX,LA,ASW,CE,Federal Contract Tower,3,15,8,2,28,0,0,0,0,0,3,15,8,2,28,33,4,37,65
12/05/2021,AEX,LA,ASW,CE,Federal Contract Tower,6,19,11,0,36,0,0,0,0,0,6,19,11,0,36,11,0,11,47
12/06/2021,AEX,LA,ASW,CE,Federal Contract Tower,8,16,2,0,26,0,0,0,0,0,8,16,2,0,26,5,0,5,31
12/07/2021,AEX,LA,ASW,CE,Federal Contract Tower,12,15,8,4,39,0,0,0,0,0,12,15,8,4,39,3,0,3,42
12/08/2021,AEX,LA,ASW,CE,Federal Contract Tower,10,17,10,0,37,0,0,0,0,0,10,17,10,0,37,14,3,17,54
12/09/2021,AEX,LA,ASW,CE,Federal Contract Tower,7,19,2,7,35,0,0,0,0,0,7,19,2,7,35,8,3,11,46
12/10/2021,AEX,LA,ASW,CE,Federal Contract Tower,11,19,11,0,41,0,0,0,0,0,11,19,11,0,41,9,0,9,50
12/11/2021,AEX,LA,ASW,CE,Federal Contract Tower,3,18,6,0,27,0,0,0,0,0,3,18,6,0,27,4,0,4,31
12/12/2021,AEX,LA,ASW,CE,Federal Contract Tower,2,13,10,7,32,0,0,0,0,0,2,13,10,7,32,13,0,13,45
12/13/2021,AEX,LA,ASW,CE,Federal Contract Tower,6,14,4,3,27,0,0,0,0,0,6,14,4,3,27,58,0,58,85
12/14/2021,AEX,LA,ASW,CE,Federal Contract Tower,10,13,9,6,38,0,0,0,0,0,10,13,9,6,38,42,9,51,89
12/15/2021,AEX,LA,ASW,CE,Federal Contract Tower,11,13,12,9,45,0,0,0,0,0,11,13,12,9,45,15,13,28,73
12/16/2021,AEX,LA,ASW,CE,Federal Contract Tower,7,17,12,8,44,0,0,0,0,0,7,17,12,8,44,8,11,19,63
12/17/2021,AEX,LA,ASW,CE,Federal Contract Tower,7,20,8,19,54,0,0,0,0,0,7,20,8,19,54,9,21,30,84
12/18/2021,AEX,LA,ASW,CE,Federal Contract Tower,7,9,1,2,19,0,0,0,0,0,7,9,1,2,19,1,0,1,20
12/19/2021,AEX,LA,ASW,CE,Federal Contract Tower,5,17,6,2,30,0,0,0,0,0,5,17,6,2,30,34,0,34,64
12/20/2021,AEX,LA,ASW,CE,Federal Contract Tower,5,16,8,0,29,0,0,0,0,0,5,16,8,0,29,3,0,3,32
12/21/2021,AEX,LA,ASW,CE,Federal Contract Tower,8,17,9,16,50,0,0,0,0,0,8,17,9,16,50,13,2,15,65
12/22/2021,AEX,LA,ASW,CE,Federal Contract Tower,11,15,14,1,41,0,0,0,0,0,11,15,14,1,41,23,5,28,69
12/23/2021,AEX,LA,ASW,CE,Federal Contract Tower,3,17,5,0,25,0,0,0,0,0,3,17,5,0,25,24,0,24,49
12/24/2021,AEX,LA,ASW,CE,Federal Contract Tower,2,12,2,0,16,0,0,0,0,0,2,12,2,0,16,18,0,18,34
12/25/2021,AEX,LA,ASW,CE,Federal Contract Tower,2,13,0,0,15,0,0,0,0,0,2,13,0,0,15,22,0,22,37
12/26/2021,AEX,LA,ASW,CE,Federal Contract Tower,1,20,12,0,33,0,0,0,0,0,1,20,12,0,33,23,0,23,56
12/27/2021,AEX,LA,ASW,CE,Federal Contract Tower,3,16,18,0,37,0,0,0,0,0,3,16,18,0,37,12,0,12,49
12/28/2021,AEX,LA,ASW,CE,Federal Contract Tower,7,16,12,2,37,0,0,0,0,0,7,16,12,2,37,9,0,9,46
12/29/2021,AEX,LA,ASW,CE,Federal Contract Tower,15,15,8,5,43,0,0,0,0,0,15,15,8,5,43,9,1,10,53
12/30/2021,AEX,LA,ASW,CE,Federal Contract Tower,7,15,15,0,37,0,0,0,0,0,7,15,15,0,37,13,0,13,50
12/31/2021,AEX,LA,ASW,CE,Federal Contract Tower,2,13,9,0,24,0,0,0,0,0,2,13,9,0,24,1,4,5,29
01/01/2022,AEX,LA,ASW,CE,Federal Contract Tower,4,11,4,0,19,0,0,0,0,0,4,11,4,0,19,0,0,0,19
01/02/2022,AEX,LA,ASW,CE,Federal Contract Tower,2,17,9,0,28,0,0,0,0,0,2,17,9,0,28,0,0,0,28
01/03/2022,AEX,LA,ASW,CE,Federal Contract Tower,7,14,11,2,34,0,0,0,0,0,7,14,11,2,34,0,0,0,34
01/04/2022,AEX,LA,ASW,CE,Federal Contract Tower,19,15,2,0,36,0,0,0,0,0,19,15,2,0,36,31,0,31,67
01/05/2022,AEX,LA,ASW,CE,Federal Contract Tower,22,14,9,5,50,0,0,0,0,0,22,14,9,5,50,27,19,46,96
01/06/2022,AEX,LA,ASW,CE,Federal Contract Tower,11,18,7,4,40,0,0,0,0,0,11,18,7,4,40,11,9,20,60
01/07/2022,AEX,LA,ASW,CE,Federal Contract Tower,14,19,12,1,46,0,0,0,0,0,14,19,12,1,46,22,25,47,93
01/08/2022,AEX,LA,ASW,CE,Federal Contract Tower,22,16,4,2,44,0,0,0,0,0,22,16,4,2,44,17,16,33,77
01/09/2022,AEX,LA,ASW,CE,Federal Contract Tower,8,14,9,3,34,0,0,0,0,0,8,14,9,3,34,10,13,23,57
01/10/2022,AEX,LA,ASW,CE,Federal Contract Tower,7,19,5,11,42,0,0,0,0,0,7,19,5,11,42,20,38,58,100
01/11/2022,AEX,LA,ASW,CE,Federal Contract Tower,8,15,12,8,43,0,0,0,0,0,8,15,12,8,43,34,74,108,151
01/12/2022,AEX,LA,ASW,CE,Federal Contract Tower,11,15,8,18,52,0,0,0,0,0,11,15,8,18,52,24,49,73,125
01/13/2022,AEX,LA,ASW,CE,Federal Contract Tower,9,18,4,19,50,0,0,0,0,0,9,18,4,19,50,27,72,99,149
01/14/2022,AEX,LA,ASW,CE,Federal Contract Tower,8,18,13,1,40,0,0,0,0,0,8,18,13,1,40,32,61,93,133
01/15/2022,AEX,LA,ASW,CE,Federal Contract Tower,4,16,4,2,26,0,0,0,0,0,4,16,4,2,26,12,26,38,64
01/16/2022,AEX,LA,ASW,CE,Federal Contract Tower,4,12,6,3,25,0,0,0,0,0,4,12,6,3,25,23,34,57,82
01/17/2022,AEX,LA,ASW,CE,Federal Contract Tower,3,17,21,7,48,0,0,0,0,0,3,17,21,7,48,37,33,70,118
01/18/2022,AEX,LA,ASW,CE,Federal Contract Tower,9,17,15,15,56,0,0,0,0,0,9,17,15,15,56,44,36,80,136
01/19/2022,AEX,LA,ASW,CE,Federal Contract Tower,10,16,7,13,46,0,0,0,0,0,10,16,7,13,46,14,20,34,80
01/20/2022,AEX,LA,ASW,CE,Federal Contract Tower,6,15,15,9,45,0,0,0,0,0,6,15,15,9,45,11,0,11,56
01/21/2022,AEX,LA,ASW,CE,Federal Contract Tower,8,20,5,22,55,0,0,0,0,0,8,20,5,22,55,33,13,46,101
01/22/2022,AEX,LA,ASW,CE,Federal Contract Tower,3,13,12,1,29,0,0,0,0,0,3,13,12,1,29,28,5,33,62
01/23/2022,AEX,LA,ASW,CE,Federal Contract Tower,3,18,6,9,36,0,0,0,0,0,3,18,6,9,36,44,0,44,80
01/24/2022,AEX,LA,ASW,CE,Federal Contract Tower,5,18,10,0,33,0,0,0,0,0,5,18,10,0,33,23,9,32,65
01/25/2022,AEX,LA,ASW,CE,Federal Contract Tower,7,16,8,1,32,0,0,0,0,0,7,16,8,1,32,4,8,12,44
01/26/2022,AEX,LA,ASW,CE,Federal Contract Tower,12,13,14,6,45,0,0,0,0,0,12,13,14,6,45,25,10,35,80
01/27/2022,AEX,LA,ASW,CE,Federal Contract Tower,10,16,15,10,51,0,0,0,0,0,10,16,15,10,51,35,12,47,98
01/28/2022,AEX,LA,ASW,CE,Federal Contract Tower,10,16,14,9,49,0,0,0,0,0,10,16,14,9,49,22,34,56,105
01/29/2022,AEX,LA,ASW,CE,Federal Contract Tower,5,16,12,2,35,0,0,0,0,0,5,16,12,2,35,22,0,22,57
01/30/2022,AEX,LA,ASW,CE,Federal Contract Tower,4,16,8,6,34,0,0,0,0,0,4,16,8,6,34,19,4,23,57
01/31/2022,AEX,LA,ASW,CE,Federal Contract Tower,9,26,12,18,65,0,0,0,0,0,9,26,12,18,65,17,1,18,83
02/01/2022,AEX,LA,ASW,CE,Federal Contract Tower,17,17,4,2,40,0,0,0,0,0,17,17,4,2,40,5,10,15,55
02/02/2022,AEX,LA,ASW,CE,Federal Contract Tower,21,16,6,16,59,0,0,0,0,0,21,16,6,16,59,6,29,35,94
02/03/2022,AEX,LA,ASW,CE,Federal Contract Tower,8,11,5,0,24,0,0,0,0,0,8,11,5,0,24,0,0,0,24
02/04/2022,AEX,LA,ASW,CE,Federal Contract Tower,22,19,5,12,58,0,0,0,0,0,22,19,5,12,58,25,38,63,121
02/05/2022,AEX,LA,ASW,CE,Federal Contract Tower,9,15,10,3,37,0,0,0,0,0,9,15,10,3,37,40,9,49,86
02/06/2022,AEX,LA,ASW,CE,Federal Contract Tower,6,15,7,2,30,0,0,0,0,0,6,15,7,2,30,17,4,21,51
02/07/2022,AEX,LA,ASW,CE,Federal Contract Tower,8,16,8,21,53,0,0,0,0,0,8,16,8,21,53,47,48,95,148
02/08/2022,AEX,LA,ASW,CE,Federal Contract Tower,6,14,9,22,51,0,0,0,0,0,6,14,9,22,51,39,13,52,103
02/09/2022,AEX,LA,ASW,CE,Federal Contract Tower,12,14,13,12,51,0,0,0,0,0,12,14,13,12,51,39,27,66,117
02/10/2022,AEX,LA,ASW,CE,Federal Contract Tower,10,16,7,10,43,0,0,0,0,0,10,16,7,10,43,53,120,173,216
02/11/2022,AEX,LA,ASW,CE,Federal Contract Tower,3,18,9,8,38,0,0,0,0,0,3,18,9,8,38,45,29,74,112
02/12/2022,AEX,LA,ASW,CE,Federal Contract Tower,2,16,4,0,22,0,0,0,0,0,2,16,4,0,22,2,45,47,69
02/13/2022,AEX,LA,ASW,CE,Federal Contract Tower,5,16,18,2,41,0,0,0,0,0,5,16,18,2,41,45,1,46,87
02/14/2022,AEX,LA,ASW,CE,Federal Contract Tower,3,20,9,6,38,0,0,0,0,0,3,20,9,6,38,47,47,94,132
02/15/2022,AEX,LA,ASW,CE,Federal Contract Tower,10,15,4,15,44,0,0,0,0,0,10,15,4,15,44,34,192,226,270
02/16/2022,AEX,LA,ASW,CE,Federal Contract Tower,10,15,14,4,43,0,0,0,0,0,10,15,14,4,43,20,162,182,225
02/17/2022,AEX,LA,ASW,CE,Federal Contract Tower,6,19,12,0,37,0,0,0,0,0,6,19,12,0,37,8,38,46,83
02/18/2022,AEX,LA,ASW,CE,Federal Contract Tower,4,18,15,29,66,0,0,0,0,0,4,18,15,29,66,35,29,64,130
02/19/2022,AEX,LA,ASW,CE,Federal Contract Tower,3,14,4,1,22,0,0,0,0,0,3,14,4,1,22,72,68,140,162
02/20/2022,AEX,LA,ASW,CE,Federal Contract Tower,4,13,20,1,38,0,0,0,0,0,4,13,20,1,38,46,6,52,90
02/21/2022,AEX,LA,ASW,CE,Federal Contract Tower,6,17,11,0,34,0,0,0,0,0,6,17,11,0,34,5,2,7,41
02/22/2022,AEX,LA,ASW,CE,Federal Contract Tower,8,15,13,0,36,0,0,0,0,0,8,15,13,0,36,14,7,21,57
02/23/2022,AEX,LA,ASW,CE,Federal Contract Tower,13,9,14,0,36,0,0,0,0,0,13,9,14,0,36,0,0,0,36
02/24/2022,AEX,LA,ASW,CE,Federal Contract Tower,3,11,6,2,22,0,0,0,0,0,3,11,6,2,22,0,0,0,22
02/25/2022,AEX,LA,ASW,CE,Federal Contract Tower,9,17,18,10,54,0,0,0,0,0,9,17,18,10,54,12,9,21,75
02/26/2022,AEX,LA,ASW,CE,Federal Contract Tower,4,19,6,1,30,0,0,0,0,0,4,19,6,1,30,0,0,0,30
02/27/2022,AEX,LA,ASW,CE,Federal Contract Tower,4,17,11,1,33,0,0,0,0,0,4,17,11,1,33,31,2,33,66
02/28/2022,AEX,LA,ASW,CE,Federal Contract Tower,6,17,8,3,34,0,0,0,0,0,6,17,8,3,34,72,16,88,122
03/01/2022,AEX,LA,ASW,CE,Federal Contract Tower,10,18,7,19,54,0,0,0,0,0,10,18,7,19,54,51,8,59,113
03/02/2022,AEX,LA,ASW,CE,Federal Contract Tower,12,12,6,0,30,0,0,0,0,0,12,12,6,0,30,33,0,33,63
03/03/2022,AEX,LA,ASW,CE,Federal Contract Tower,11,17,15,11,54,0,0,0,0,0,11,17,15,11,54,36,26,62,116
03/04/2022,AEX,LA,ASW,CE,Federal Contract Tower,13,20,19,7,59,0,0,0,0,0,13,20,19,7,59,62,8,70,129
03/05/2022,AEX,LA,ASW,CE,Federal Contract Tower,5,17,10,5,37,0,0,0,0,0,5,17,10,5,37,9,0,9,46
03/06/2022,AEX,LA,ASW,CE,Federal Contract Tower,8,16,11,2,37,0,0,0,0,0,8,16,11,2,37,7,0,7,44
03/07/2022,AEX,LA,ASW,CE,Federal Contract Tower,4,22,8,5,39,0,0,0,0,0,4,22,8,5,39,11,14,25,64
03/08/2022,AEX,LA,ASW,CE,Federal Contract Tower,7,14,4,1,26,0,0,0,0,0,7,14,4,1,26,1,0,1,27
03/09/2022,AEX,LA,ASW,CE,Federal Contract Tower,12,15,10,13,50,0,0,0,0,0,12,15,10,13,50,2,30,32,82
03/10/2022,AEX,LA,ASW,CE,Federal Contract Tower,8,17,14,1,40,0,0,0,0,0,8,17,14,1,40,50,44,94,134
03/11/2022,AEX,LA,ASW,CE,Federal Contract Tower,9,16,27,17,69,0,0,0,0,0,9,16,27,17,69,41,28,69,138
03/12/2022,AEX,LA,ASW,CE,Federal Contract Tower,0,16,7,4,27,0,0,0,0,0,0,16,7,4,27,9,5,14,41
03/14/2022,AEX,LA,ASW,CE,Federal Contract Tower,6,14,20,2,42,0,0,0,0,0,6,14,20,2,42,18,2,20,62
03/15/2022,AEX,LA,ASW,CE,Federal Contract Tower,14,14,11,6,45,0,0,0,0,0,14,14,11,6,45,6,5,11,56
03/16/2022,AEX,LA,ASW,CE,Federal Contract Tower,13,14,18,3,48,0,0,0,0,0,13,14,18,3,48,13,19,32,80
03/17/2022,AEX,LA,ASW,CE,Federal Contract Tower,7,18,7,3,35,0,0,0,0,0,7,18,7,3,35,23,47,70,105
03/18/2022,AEX,LA,ASW,CE,Federal Contract Tower,11,16,11,17,55,0,0,0,0,0,11,16,11,17,55,36,14,50,105
03/19/2022,AEX,LA,ASW,CE,Federal Contract Tower,6,15,9,4,34,0,0,0,0,0,6,15,9,4,34,59,4,63,97
03/20/2022,AEX,LA,ASW,CE,Federal Contract Tower,6,17,6,19,48,0,0,0,0,0,6,17,6,19,48,28,4,32,80
03/21/2022,AEX,LA,ASW,CE,Federal Contract Tower,6,15,11,5,37,0,0,0,0,0,6,15,11,5,37,27,0,27,64
03/22/2022,AEX,LA,ASW,CE,Federal Contract Tower,8,19,7,3,37,0,0,0,0,0,8,19,7,3,37,21,0,21,58
03/23/2022,AEX,LA,ASW,CE,Federal Contract Tower,13,18,23,9,63,0,0,0,0,0,13,18,23,9,63,24,22,46,109
03/24/2022,AEX,LA,ASW,CE,Federal Contract Tower,10,15,10,9,44,0,0,0,0,0,10,15,10,9,44,19,11,30,74
03/25/2022,AEX,LA,ASW,CE,Federal Contract Tower,11,20,20,5,56,0,0,0,0,0,11,20,20,5,56,31,7,38,94
03/26/2022,AEX,LA,ASW,CE,Federal Contract Tower,6,13,8,0,27,0,0,0,0,0,6,13,8,0,27,69,0,69,96
03/27/2022,AEX,LA,ASW,CE,Federal Contract Tower,4,20,9,2,35,0,0,0,0,0,4,20,9,2,35,67,24,91,126
03/28/2022,AEX,LA,ASW,CE,Federal Contract Tower,6,18,10,0,34,0,0,0,0,0,6,18,10,0,34,18,17,35,69
03/29/2022,AEX,LA,ASW,CE,Federal Contract Tower,10,14,12,0,36,0,0,0,0,0,10,14,12,0,36,13,25,38,74
03/30/2022,AEX,LA,ASW,CE,Federal Contract Tower,19,15,3,4,41,0,0,0,0,0,19,15,3,4,41,10,6,16,57
03/31/2022,AEX,LA,ASW,CE,Federal Contract Tower,13,16,14,14,57,0,0,0,0,0,13,16,14,14,57,37,36,73,130
04/01/2022,AEX,LA,ASW,CE,Federal Contract Tower,10,20,15,3,48,0,0,0,0,0,10,20,15,3,48,47,13,60,108
04/02/2022,AEX,LA,ASW,CE,Federal Contract Tower,7,18,7,0,32,0,0,0,0,0,7,18,7,0,32,79,9,88,120
04/03/2022,AEX,LA,ASW,CE,Federal Contract Tower,8,15,0,5,28,0,0,0,0,0,8,15,0,5,28,49,4,53,81
04/04/2022,AEX,LA,ASW,CE,Federal Contract Tower,4,18,10,1,33,0,0,0,0,0,4,18,10,1,33,42,0,42,75
04/05/2022,AEX,LA,ASW,CE,Federal Contract Tower,6,16,10,5,37,0,0,0,0,0,6,16,10,5,37,19,31,50,87
04/06/2022,AEX,LA,ASW,CE,Federal Contract Tower,11,14,16,28,69,0,0,0,0,0,11,14,16,28,69,12,21,33,102
04/07/2022,AEX,LA,ASW,CE,Federal Contract Tower,6,18,12,16,52,0,0,0,0,0,6,18,12,16,52,22,86,108,160
04/08/2022,AEX,LA,ASW,CE,Federal Contract Tower,9,18,17,23,67,0,0,0,0,0,9,18,17,23,67,20,28,48,115
04/09/2022,AEX,LA,ASW,CE,Federal Contract Tower,2,15,1,2,20,0,0,0,0,0,2,15,1,2,20,28,23,51,71
04/10/2022,AEX,LA,ASW,CE,Federal Contract Tower,2,19,8,6,35,0,0,0,0,0,2,19,8,6,35,13,20,33,68
04/11/2022,AEX,LA,ASW,CE,Federal Contract Tower,4,17,9,5,35,0,0,0,0,0,4,17,9,5,35,9,0,9,44
04/12/2022,AEX,LA,ASW,CE,Federal Contract Tower,6,19,6,4,35,0,0,0,0,0,6,19,6,4,35,6,0,6,41
04/13/2022,AEX,LA,ASW,CE,Federal Contract Tower,4,18,5,1,28,0,0,0,0,0,4,18,5,1,28,1,1,2,30
04/14/2022,AEX,LA,ASW,CE,Federal Contract Tower,7,18,10,5,40,0,0,0,0,0,7,18,10,5,40,34,23,57,97
04/15/2022,AEX,LA,ASW,CE,Federal Contract Tower,4,23,5,3,35,0,0,0,0,0,4,23,5,3,35,39,1,40,75
04/16/2022,AEX,LA,ASW,CE,Federal Contract Tower,2,16,4,0,22,0,0,0,0,0,2,16,4,0,22,6,0,6,28
04/17/2022,AEX,LA,ASW,CE,Federal Contract Tower,2,17,6,0,25,0,0,0,0,0,2,17,6,0,25,15,6,21,46
04/18/2022,AEX,LA,ASW,CE,Federal Contract Tower,4,17,19,8,48,0,0,0,0,0,4,17,19,8,48,67,6,73,121
04/19/2022,AEX,LA,ASW,CE,Federal Contract Tower,10,14,20,7,51,0,0,0,0,0,10,14,20,7,51,79,33,112,163
04/20/2022,AEX,LA,ASW,CE,Federal Contract Tower,8,18,18,8,52,0,0,0,0,0,8,18,18,8,52,34,4,38,90
04/21/2022,AEX,LA,ASW,CE,Federal Contract Tower,6,16,19,12,53,0,0,0,0,0,6,16,19,12,53,50,40,90,143
04/22/2022,AEX,LA,ASW,CE,Federal Contract Tower,8,18,11,0,37,0,0,0,0,0,8,18,11,0,37,104,13,117,154
04/23/2022,AEX,LA,ASW,CE,Federal Contract Tower,1,15,12,0,28,0,0,0,0,0,1,15,12,0,28,49,0,49,77
04/24/2022,AEX,LA,ASW,CE,Federal Contract Tower,2,16,10,6,34,0,0,0,0,0,2,16,10,6,34,60,8,68,102
04/25/2022,AEX,LA,ASW,CE,Federal Contract Tower,4,18,17,0,39,0,0,0,0,0,4,18,17,0,39,0,1,1,40
04/26/2022,AEX,LA,ASW,CE,Federal Contract Tower,8,19,2,9,38,0,0,0,0,0,8,19,2,9,38,51,6,57,95
04/27/2022,AEX,LA,ASW,CE,Federal Contract Tower,8,20,8,15,51,0,0,0,0,0,8,20,8,15,51,66,36,102,153
04/28/2022,AEX,LA,ASW,CE,Federal Contract Tower,8,16,8,7,39,0,0,0,0,0,8,16,8,7,39,52,0,52,91
04/29/2022,AEX,LA,ASW,CE,Federal Contract Tower,8,18,9,10,45,0,0,0,0,0,8,18,9,10,45,78,6,84,129
04/30/2022,AEX,LA,ASW,CE,Federal Contract Tower,3,14,3,0,20,0,0,0,0,0,3,14,3,0,20,37,0,37,57
05/01/2022,AEX,LA,ASW,CE,Federal Contract Tower,2,17,4,0,23,0,0,0,0,0,2,17,4,0,23,40,0,40,63
05/02/2022,AEX,LA,ASW,CE,Federal Contract Tower,4,19,12,7,42,0,0,0,0,0,4,19,12,7,42,39,0,39,81
05/03/2022,AEX,LA,ASW,CE,Federal Contract Tower,10,18,7,1,36,0,0,0,0,0,10,18,7,1,36,38,1,39,75
05/04/2022,AEX,LA,ASW,CE,Federal Contract Tower,8,20,10,6,44,0,0,0,0,0,8,20,10,6,44,65,13,78,122
05/05/2022,AEX,LA,ASW,CE,Federal Contract Tower,6,13,8,1,28,0,0,0,0,0,6,13,8,1,28,11,0,11,39
05/06/2022,AEX,LA,ASW,CE,Federal Contract Tower,12,16,7,6,41,0,0,0,0,0,12,16,7,6,41,69,7,76,117
05/07/2022,AEX,LA,ASW,CE,Federal Contract Tower,3,14,10,0,27,0,0,0,0,0,3,14,10,0,27,71,0,71,98
05/08/2022,AEX,LA,ASW,CE,Federal Contract Tower,3,17,3,9,32,0,0,0,0,0,3,17,3,9,32,69,0,69,101
05/09/2022,AEX,LA,ASW,CE,Federal Contract Tower,6,16,12,4,38,0,0,0,0,0,6,16,12,4,38,45,8,53,91
05/10/2022,AEX,LA,ASW,CE,Federal Contract Tower,4,14,10,13,41,0,0,0,0,0,4,14,10,13,41,32,29,61,102
05/11/2022,AEX,LA,ASW,CE,Federal Contract Tower,12,13,15,5,45,0,0,0,0,0,12,13,15,5,45,35,19,54,99
05/12/2022,AEX,LA,ASW,CE,Federal Contract Tower,3,18,9,7,37,0,0,0,0,0,3,18,9,7,37,52,15,67,104
05/13/2022,AEX,LA,ASW,CE,Federal Contract Tower,8,19,12,1,40,0,0,0,0,0,8,19,12,1,40,14,1,15,55
05/14/2022,AEX,LA,ASW,CE,Federal Contract Tower,3,16,12,0,31,0,0,0,0,0,3,16,12,0,31,66,10,76,107
05/15/2022,AEX,LA,ASW,CE,Federal Contract Tower,4,16,19,2,41,0,0,0,0,0,4,16,19,2,41,36,5,41,82
05/16/2022,AEX,LA,ASW,CE,Federal Contract Tower,4,14,6,4,28,0,0,0,0,0,4,14,6,4,28,49,16,65,93
05/17/2022,AEX,LA,ASW,CE,Federal Contract Tower,10,16,9,16,51,0,0,0,0,0,10,16,9,16,51,39,11,50,101
05/18/2022,AEX,LA,ASW,CE,Federal Contract Tower,14,12,13,0,39,0,0,0,0,0,14,12,13,0,39,58,3,61,100
05/19/2022,AEX,LA,ASW,CE,Federal Contract Tower,4,17,14,12,47,0,0,0,0,0,4,17,14,12,47,31,14,45,92
05/20/2022,AEX,LA,ASW,CE,Federal Contract Tower,5,18,7,4,34,0,0,0,0,0,5,18,7,4,34,38,10,48,82
05/21/2022,AEX,LA,ASW,CE,Federal Contract Tower,2,13,5,8,28,0,0,0,0,0,2,13,5,8,28,3,6,9,37
05/22/2022,AEX,LA,ASW,CE,Federal Contract Tower,4,16,8,0,28,0,0,0,0,0,4,16,8,0,28,18,0,18,46
05/23/2022,AEX,LA,ASW,CE,Federal Contract Tower,3,16,13,14,46,0,0,0,0,0,3,16,13,14,46,37,0,37,83
05/24/2022,AEX,LA,ASW,CE,Federal Contract Tower,6,17,4,2,29,0,0,0,0,0,6,17,4,2,29,3,9,12,41
05/25/2022,AEX,LA,ASW,CE,Federal Contract Tower,16,14,5,0,35,0,0,0,0,0,16,14,5,0,35,37,0,37,72
05/26/2022,AEX,LA,ASW,CE,Federal Contract Tower,6,15,4,30,55,0,0,0,0,0,6,15,4,30,55,15,82,97,152
05/27/2022,AEX,LA,ASW,CE,Federal Contract Tower,6,16,17,0,39,0,0,0,0,0,6,16,17,0,39,59,0,59,98
05/28/2022,AEX,LA,ASW,CE,Federal Contract Tower,6,13,5,0,24,0,0,0,0,0,6,13,5,0,24,58,2,60,84
05/29/2022,AEX,LA,ASW,CE,Federal Contract Tower,3,14,5,0,22,0,0,4,0,4,3,14,9,0,26,25,0,25,51
05/30/2022,AEX,LA,ASW,CE,Federal Contract Tower,5,13,8,0,26,0,0,0,0,0,5,13,8,0,26,66,0,66,92
05/31/2022,AEX,LA,ASW,CE,Federal Contract Tower,9,19,11,6,45,0,0,0,0,0,9,19,11,6,45,9,10,19,64
06/01/2022,AEX,LA,ASW,CE,Federal Contract Tower,11,12,14,0,37,0,0,0,0,0,11,12,14,0,37,4,6,10,47
06/02/2022,AEX,LA,ASW,CE,Federal Contract Tower,10,16,5,0,31,0,0,0,0,0,10,16,5,0,31,20,4,24,55
06/03/2022,AEX,LA,ASW,CE,Federal Contract Tower,10,10,11,7,38,0,0,0,0,0,10,10,11,7,38,73,10,83,121
06/04/2022,AEX,LA,ASW,CE,Federal Contract Tower,2,12,4,0,18,0,0,0,0,0,2,12,4,0,18,62,0,62,80
06/05/2022,AEX,LA,ASW,CE,Federal Contract Tower,3,15,9,0,27,0,0,0,0,0,3,15,9,0,27,34,0,34,61
06/06/2022,AEX,LA,ASW,CE,Federal Contract Tower,4,13,9,4,30,0,0,0,0,0,4,13,9,4,30,70,2,72,102
06/07/2022,AEX,LA,ASW,CE,Federal Contract Tower,8,11,10,23,52,0,0,0,0,0,8,11,10,23,52,59,26,85,137
06/08/2022,AEX,LA,ASW,CE,Federal Contract Tower,8,13,25,20,66,0,0,0,0,0,8,13,25,20,66,68,41,109,175
06/09/2022,AEX,LA,ASW,CE,Federal Contract Tower,7,11,13,12,43,0,0,0,0,0,7,11,13,12,43,54,1,55,98
06/10/2022,AEX,LA,ASW,CE,Federal Contract Tower,8,18,5,16,47,0,0,0,0,0,8,18,5,16,47,28,21,49,96
06/11/2022,AEX,LA,ASW,CE,Federal Contract Tower,2,9,21,6,38,0,0,0,0,0,2,9,21,6,38,69,4,73,111
06/12/2022,AEX,LA,ASW,CE,Federal Contract Tower,5,13,11,16,45,0,0,0,0,0,5,13,11,16,45,36,0,36,81
06/13/2022,AEX,LA,ASW,CE,Federal Contract Tower,4,12,10,2,28,0,0,0,0,0,4,12,10,2,28,82,0,82,110
06/14/2022,AEX,LA,ASW,CE,Federal Contract Tower,4,11,8,10,33,0,0,0,0,0,4,11,8,10,33,43,22,65,98
06/15/2022,AEX,LA,ASW,CE,Federal Contract Tower,9,11,15,3,38,0,0,0,0,0,9,11,15,3,38,55,10,65,103
06/16/2022,AEX,LA,ASW,CE,Federal Contract Tower,5,12,7,12,36,0,0,0,0,0,5,12,7,12,36,19,2,21,57
06/17/2022,AEX,LA,ASW,CE,Federal Contract Tower,4,11,11,15,41,0,0,0,0,0,4,11,11,15,41,39,7,46,87
06/18/2022,AEX,LA,ASW,CE,Federal Contract Tower,2,12,7,0,21,0,0,0,0,0,2,12,7,0,21,32,4,36,57
06/19/2022,AEX,LA,ASW,CE,Federal Contract Tower,2,11,1,3,17,0,0,0,0,0,2,11,1,3,17,36,0,36,53
06/20/2022,AEX,LA,ASW,CE,Federal Contract Tower,3,11,7,0,21,0,0,0,0,0,3,11,7,0,21,45,0,45,66
06/21/2022,AEX,LA,ASW,CE,Federal Contract Tower,8,12,5,22,47,0,0,0,0,0,8,12,5,22,47,80,22,102,149
06/22/2022,AEX,LA,ASW,CE,Federal Contract Tower,8,10,6,0,24,0,0,0,0,0,8,10,6,0,24,17,0,17,41
06/23/2022,AEX,LA,ASW,CE,Federal Contract Tower,4,12,3,18,37,0,0,0,0,0,4,12,3,18,37,97,10,107,144
06/24/2022,AEX,LA,ASW,CE,Federal Contract Tower,5,15,9,19,48,0,0,0,0,0,5,15,9,19,48,82,17,99,147
06/25/2022,AEX,LA,ASW,CE,Federal Contract Tower,4,12,6,0,22,0,0,0,0,0,4,12,6,0,22,31,0,31,53
06/26/2022,AEX,LA,ASW,CE,Federal Contract Tower,1,13,11,0,25,0,0,0,0,0,1,13,11,0,25,16,0,16,41
06/27/2022,AEX,LA,ASW,CE,Federal Contract Tower,7,10,15,1,33,0,0,0,0,0,7,10,15,1,33,34,0,34,67
06/28/2022,AEX,LA,ASW,CE,Federal Contract Tower,11,11,5,16,43,0,0,0,0,0,11,11,5,16,43,59,5,64,107
06/29/2022,AEX,LA,ASW,CE,Federal Contract Tower,7,9,18,1,35,0,0,0,0,0,7,9,18,1,35,50,7,57,92
06/30/2022,AEX,LA,ASW,CE,Federal Contract Tower,14,11,8,8,41,0,0,0,0,0,14,11,8,8,41,41,0,41,82
07/01/2022,AEX,LA,ASW,CE,Federal Contract Tower,7,12,8,0,27,0,0,0,0,0,7,12,8,0,27,15,0,15,42
07/02/2022,AEX,LA,ASW,CE,Federal Contract Tower,3,14,7,0,24,0,0,0,0,0,3,14,7,0,24,23,0,23,47
07/03/2022,AEX,LA,ASW,CE,Federal Contract Tower,0,8,12,0,20,0,0,0,0,0,0,8,12,0,20,14,0,14,34
07/04/2022,AEX,LA,ASW,CE,Federal Contract Tower,2,9,6,0,17,0,0,0,0,0,2,9,6,0,17,67,0,67,84
07/05/2022,AEX,LA,ASW,CE,Federal Contract Tower,10,14,10,16,50,0,0,0,0,0,10,14,10,16,50,63,8,71,121
07/06/2022,AEX,LA,ASW,CE,Federal Contract Tower,10,10,5,0,25,0,0,0,0,0,10,10,5,0,25,21,2,23,48
07/07/2022,AEX,LA,ASW,CE,Federal Contract Tower,16,11,8,8,43,0,0,0,0,0,16,11,8,8,43,166,0,166,209
07/08/2022,AEX,LA,ASW,CE,Federal Contract Tower,17,11,13,20,61,0,0,0,0,0,17,11,13,20,61,42,20,62,123
07/09/2022,AEX,LA,ASW,CE,Federal Contract Tower,22,13,11,5,51,0,0,0,0,0,22,13,11,5,51,54,12,66,117
07/10/2022,AEX,LA,ASW,CE,Federal Contract Tower,7,12,2,2,23,0,0,0,0,0,7,12,2,2,23,12,3,15,38
07/11/2022,AEX,LA,ASW,CE,Federal Contract Tower,3,12,10,26,51,0,0,0,0,0,3,12,10,26,51,15,16,31,82
07/12/2022,AEX,LA,ASW,CE,Federal Contract Tower,8,11,7,2,28,0,0,0,0,0,8,11,7,2,28,23,25,48,76
07/13/2022,AEX,LA,ASW,CE,Federal Contract Tower,9,11,18,11,49,0,0,0,0,0,9,11,18,11,49,31,14,45,94
07/14/2022,AEX,LA,ASW,CE,Federal Contract Tower,7,9,11,4,31,0,0,0,0,0,7,9,11,4,31,58,0,58,89
07/15/2022,AEX,LA,ASW,CE,Federal Contract Tower,6,11,4,7,28,0,0,0,0,0,6,11,4,7,28,11,8,19,47
07/16/2022,AEX,LA,ASW,CE,Federal Contract Tower,3,9,10,0,22,0,0,0,0,0,3,9,10,0,22,35,0,35,57
07/17/2022,AEX,LA,ASW,CE,Federal Contract Tower,1,11,9,3,24,0,0,0,0,0,1,11,9,3,24,57,0,57,81
07/18/2022,AEX,LA,ASW,CE,Federal Contract Tower,4,14,14,6,38,0,0,0,0,0,4,14,14,6,38,79,0,79,117
07/19/2022,AEX,LA,ASW,CE,Federal Contract Tower,6,11,8,9,34,0,0,0,0,0,6,11,8,9,34,61,12,73,107
07/20/2022,AEX,LA,ASW,CE,Federal Contract Tower,8,10,9,26,53,0,0,0,0,0,8,10,9,26,53,25,23,48,101
07/21/2022,AEX,LA,ASW,CE,Federal Contract Tower,6,11,14,8,39,0,0,0,0,0,6,11,14,8,39,62,0,62,101
07/22/2022,AEX,LA,ASW,CE,Federal Contract Tower,9,12,6,2,29,0,0,0,0,0,9,12,6,2,29,25,14,39,68
07/23/2022,AEX,LA,ASW,CE,Federal Contract Tower,2,14,14,0,30,0,0,0,0,0,2,14,14,0,30,27,14,41,71
07/24/2022,AEX,LA,ASW,CE,Federal Contract Tower,4,10,5,6,25,0,0,0,0,0,4,10,5,6,25,53,14,67,92
07/25/2022,AEX,LA,ASW,CE,Federal Contract Tower,5,12,20,11,48,0,0,0,0,0,5,12,20,11,48,96,0,96,144
07/26/2022,AEX,LA,ASW,CE,Federal Contract Tower,4,12,9,2,27,0,0,0,0,0,4,12,9,2,27,24,10,34,61
07/27/2022,AEX,LA,ASW,CE,Federal Contract Tower,5,12,10,4,31,0,0,0,0,0,5,12,10,4,31,41,8,49,80
07/28/2022,AEX,LA,ASW,CE,Federal Contract Tower,7,10,8,3,28,0,0,0,0,0,7,10,8,3,28,50,25,75,103
07/29/2022,AEX,LA,ASW,CE,Federal Contract Tower,9,10,8,0,27,0,0,0,0,0,9,10,8,0,27,35,0,35,62
07/30/2022,AEX,LA,ASW,CE,Federal Contract Tower,5,10,2,0,17,0,0,0,0,0,5,10,2,0,17,6,0,6,23
07/31/2022,AEX,LA,ASW,CE,Federal Contract Tower,6,10,11,0,27,0,0,0,0,0,6,10,11,0,27,7,14,21,48
08/01/2022,AEX,LA,ASW,CE,Federal Contract Tower,7,10,3,4,24,0,0,0,0,0,7,10,3,4,24,41,0,41,65
08/02/2022,AEX,LA,ASW,CE,Federal Contract Tower,25,15,8,0,48,0,0,0,0,0,25,15,8,0,48,24,0,24,72
08/03/2022,AEX,LA,ASW,CE,Federal Contract Tower,22,11,8,1,42,0,0,0,0,0,22,11,8,1,42,15,3,18,60
08/04/2022,AEX,LA,ASW,CE,Federal Contract Tower,10,8,2,7,27,0,0,0,0,0,10,8,2,7,27,20,0,20,47
08/05/2022,AEX,LA,ASW,CE,Federal Contract Tower,17,11,19,0,47,0,0,0,0,0,17,11,19,0,47,24,0,24,71
08/06/2022,AEX,LA,ASW,CE,Federal Contract Tower,12,10,7,3,32,0,0,0,0,0,12,10,7,3,32,28,26,54,86
08/07/2022,AEX,LA,ASW,CE,Federal Contract Tower,2,9,9,3,23,0,0,0,0,0,2,9,9,3,23,64,8,72,95
08/08/2022,AEX,LA,ASW,CE,Federal Contract Tower,2,10,6,24,42,0,0,0,0,0,2,10,6,24,42,39,110,149,191
08/09/2022,AEX,LA,ASW,CE,Federal Contract Tower,5,12,11,6,34,0,0,0,0,0,5,12,11,6,34,29,13,42,76
08/10/2022,AEX,LA,ASW,CE,Federal Contract Tower,12,8,5,15,40,0,0,0,0,0,12,8,5,15,40,57,39,96,136
08/11/2022,AEX,LA,ASW,CE,Federal Contract Tower,7,11,10,9,37,0,0,0,0,0,7,11,10,9,37,64,21,85,122
08/12/2022,AEX,LA,ASW,CE,Federal Contract Tower,9,10,3,4,26,0,0,0,0,0,9,10,3,4,26,23,59,82,108
08/13/2022,AEX,LA,ASW,CE,Federal Contract Tower,5,9,15,4,33,0,0,0,0,0,5,9,15,4,33,44,154,198,231
08/14/2022,AEX,LA,ASW,CE,Federal Contract Tower,8,9,1,3,21,0,0,0,0,0,8,9,1,3,21,44,50,94,115
08/15/2022,AEX,LA,ASW,CE,Federal Contract Tower,5,9,6,23,43,0,0,0,0,0,5,9,6,23,43,23,127,150,193
08/16/2022,AEX,LA,ASW,CE,Federal Contract Tower,8,9,8,8,33,0,0,0,0,0,8,9,8,8,33,38,80,118,151
08/17/2022,AEX,LA,ASW,CE,Federal Contract Tower,11,6,10,15,42,0,0,0,0,0,11,6,10,15,42,58,80,138,180
08/18/2022,AEX,LA,ASW,CE,Federal Contract Tower,6,7,4,4,21,0,0,0,0,0,6,7,4,4,21,6,4,10,31
08/19/2022,AEX,LA,ASW,CE,Federal Contract Tower,8,13,6,8,35,0,0,0,0,0,8,13,6,8,35,13,6,19,54
08/20/2022,AEX,LA,ASW,CE,Federal Contract Tower,4,8,7,1,20,0,0,0,0,0,4,8,7,1,20,6,4,10,30
08/21/2022,AEX,LA,ASW,CE,Federal Contract Tower,5,6,9,10,30,0,0,0,0,0,5,6,9,10,30,10,21,31,61
08/22/2022,AEX,LA,ASW,CE,Federal Contract Tower,9,4,8,0,21,0,0,0,0,0,9,4,8,0,21,24,0,24,45
08/23/2022,AEX,LA,ASW,CE,Federal Contract Tower,6,10,0,0,16,0,0,0,0,0,6,10,0,0,16,8,2,10,26
08/24/2022,AEX,LA,ASW,CE,Federal Contract Tower,12,11,4,2,29,0,0,0,0,0,12,11,4,2,29,0,0,0,29
08/25/2022,AEX,LA,ASW,CE,Federal Contract Tower,8,11,3,2,24,0,0,0,0,0,8,11,3,2,24,11,0,11,35
08/26/2022,AEX,LA,ASW,CE,Federal Contract Tower,7,7,8,3,25,0,0,0,0,0,7,7,8,3,25,10,11,21,46
08/27/2022,AEX,LA,ASW,CE,Federal Contract Tower,5,8,11,4,28,0,0,0,0,0,5,8,11,4,28,12,0,12,40
08/28/2022,AEX,LA,ASW,CE,Federal Contract Tower,4,12,8,1,25,0,0,0,0,0,4,12,8,1,25,20,1,21,46
08/29/2022,AEX,LA,ASW,CE,Federal Contract Tower,7,9,11,1,28,0,0,0,0,0,7,9,11,1,28,43,0,43,71
08/30/2022,AEX,LA,ASW,CE,Federal Contract Tower,8,11,8,7,34,0,0,0,0,0,8,11,8,7,34,50,4,54,88
08/31/2022,AEX,LA,ASW,CE,Federal Contract Tower,15,6,17,0,38,0,0,0,0,0,15,6,17,0,38,27,45,72,110
09/01/2022,AEX,LA,ASW,CE,Federal Contract Tower,13,10,8,10,41,0,0,0,0,0,13,10,8,10,41,30,80,110,151
09/02/2022,AEX,LA,ASW,CE,Federal Contract Tower,14,9,11,1,35,0,0,0,0,0,14,9,11,1,35,45,24,69,104
09/03/2022,AEX,LA,ASW,CE,Federal Contract Tower,9,6,3,4,22,0,0,0,0,0,9,6,3,4,22,7,27,34,56
09/04/2022,AEX,LA,ASW,CE,Federal Contract Tower,4,7,5,0,16,0,0,0,0,0,4,7,5,0,16,41,21,62,78
09/05/2022,AEX,LA,ASW,CE,Federal Contract Tower,3,8,21,0,32,0,0,0,0,0,3,8,21,0,32,37,10,47,79
09/06/2022,AEX,LA,ASW,CE,Federal Contract Tower,11,9,9,1,30,0,0,0,0,0,11,9,9,1,30,61,38,99,129
09/07/2022,AEX,LA,ASW,CE,Federal Contract Tower,14,5,3,11,33,0,0,0,0,0,14,5,3,11,33,69,89,158,191
09/08/2022,AEX,LA,ASW,CE,Federal Contract Tower,14,6,5,17,42,0,0,0,0,0,14,6,5,17,42,20,269,289,331
09/09/2022,AEX,LA,ASW,CE,Federal Contract Tower,8,10,12,1,31,0,0,0,0,0,8,10,12,1,31,40,88,128,159
09/10/2022,AEX,LA,ASW,CE,Federal Contract Tower,6,11,6,4,27,0,0,0,0,0,6,11,6,4,27,11,111,122,149
09/11/2022,AEX,LA,ASW,CE,Federal Contract Tower,6,6,11,0,23,0,0,0,0,0,6,6,11,0,23,62,58,120,143
09/12/2022,AEX,LA,ASW,CE,Federal Contract Tower,6,7,17,18,48,0,0,0,0,0,6,7,17,18,48,60,37,97,145
09/13/2022,AEX,LA,ASW,CE,Federal Contract Tower,12,8,13,10,43,0,0,0,0,0,12,8,13,10,43,36,50,86,129
09/14/2022,AEX,LA,ASW,CE,Federal Contract Tower,19,8,9,3,39,0,0,0,0,0,19,8,9,3,39,55,6,61,100
09/15/2022,AEX,LA,ASW,CE,Federal Contract Tower,9,8,6,7,30,0,0,0,0,0,9,8,6,7,30,28,25,53,83
09/16/2022,AEX,LA,ASW,CE,Federal Contract Tower,15,4,14,29,62,0,0,0,0,0,15,4,14,29,62,58,19,77,139
09/17/2022,AEX,LA,ASW,CE,Federal Contract Tower,2,12,10,0,24,0,0,0,0,0,2,12,10,0,24,78,0,78,102
09/18/2022,AEX,LA,ASW,CE,Federal Contract Tower,6,8,4,8,26,0,0,0,0,0,6,8,4,8,26,56,4,60,86
09/19/2022,AEX,LA,ASW,CE,Federal Contract Tower,11,5,11,0,27,0,0,0,0,0,11,5,11,0,27,77,5,82,109
09/20/2022,AEX,LA,ASW,CE,Federal Contract Tower,9,12,12,6,39,0,0,0,0,0,9,12,12,6,39,31,26,57,96
09/21/2022,AEX,LA,ASW,CE,Federal Contract Tower,14,6,12,11,43,0,0,0,0,0,14,6,12,11,43,44,10,54,97
09/22/2022,AEX,LA,ASW,CE,Federal Contract Tower,9,11,8,8,36,0,0,0,0,0,9,11,8,8,36,42,12,54,90
09/23/2022,AEX,LA,ASW,CE,Federal Contract Tower,10,3,4,10,27,0,0,0,0,0,10,3,4,10,27,63,0,63,90
09/24/2022,AEX,LA,ASW,CE,Federal Contract Tower,6,14,3,1,24,0,0,0,0,0,6,14,3,1,24,53,4,57,81
09/25/2022,AEX,LA,ASW,CE,Federal Contract Tower,8,7,3,14,32,0,0,0,0,0,8,7,3,14,32,43,1,44,76
09/26/2022,AEX,LA,ASW,CE,Federal Contract Tower,11,7,5,7,30,0,0,0,0,0,11,7,5,7,30,35,4,39,69
09/27/2022,AEX,LA,ASW,CE,Federal Contract Tower,9,11,14,12,46,0,0,0,0,0,9,11,14,12,46,31,44,75,121
09/28/2022,AEX,LA,ASW,CE,Federal Contract Tower,12,4,13,13,42,0,0,0,0,0,12,4,13,13,42,47,53,100,142
09/29/2022,AEX,LA,ASW,CE,Federal Contract Tower,12,5,13,7,37,0,0,0,0,0,12,5,13,7,37,23,29,52,89
09/30/2022,AEX,LA,ASW,CE,Federal Contract Tower,8,9,6,4,27,0,0,0,0,0,8,9,6,4,27,30,9,39,66
10/01/2022,AEX,LA,ASW,CE,Federal Contract Tower,7,4,8,2,21,0,0,0,0,0,7,4,8,2,21,29,0,29,50
10/02/2022,AEX,LA,ASW,CE,Federal Contract Tower,7,5,8,0,20,0,0,0,0,0,7,5,8,0,20,35,4,39,59
10/03/2022,AEX,LA,ASW,CE,Federal Contract Tower,11,4,10,8,33,0,0,0,0,0,11,4,10,8,33,34,6,40,73
10/04/2022,AEX,LA,ASW,CE,Federal Contract Tower,14,10,10,6,40,0,0,0,0,0,14,10,10,6,40,58,2,60,100
10/05/2022,AEX,LA,ASW,CE,Federal Contract Tower,15,8,11,2,36,0,0,0,0,0,15,8,11,2,36,27,1,28,64
10/06/2022,AEX,LA,ASW,CE,Federal Contract Tower,15,8,7,2,32,0,0,0,0,0,15,8,7,2,32,28,3,31,63
10/07/2022,AEX,LA,ASW,CE,Federal Contract Tower,13,6,6,0,25,0,0,0,0,0,13,6,6,0,25,60,8,68,93
10/08/2022,AEX,LA,ASW,CE,Federal Contract Tower,11,7,3,0,21,0,0,0,0,0,11,7,3,0,21,31,0,31,52
10/09/2022,AEX,LA,ASW,CE,Federal Contract Tower,12,4,17,0,33,0,0,0,0,0,12,4,17,0,33,36,0,36,69
10/10/2022,AEX,LA,ASW,CE,Federal Contract Tower,13,7,6,0,26,0,0,0,0,0,13,7,6,0,26,47,0,47,73
10/11/2022,AEX,LA,ASW,CE,Federal Contract Tower,13,9,4,0,26,0,0,0,0,0,13,9,4,0,26,50,7,57,83
10/12/2022,AEX,LA,ASW,CE,Federal Contract Tower,16,9,13,1,39,0,0,0,0,0,16,9,13,1,39,27,1,28,67
10/13/2022,AEX,LA,ASW,CE,Federal Contract Tower,15,2,5,10,32,0,0,0,0,0,15,2,5,10,32,35,5,40,72
10/14/2022,AEX,LA,ASW,CE,Federal Contract Tower,16,3,6,0,25,0,0,0,0,0,16,3,6,0,25,83,18,101,126
10/15/2022,AEX,LA,ASW,CE,Federal Contract Tower,10,6,7,0,23,0,0,0,0,0,10,6,7,0,23,37,0,37,60
10/16/2022,AEX,LA,ASW,CE,Federal Contract Tower,12,2,11,4,29,0,0,0,0,0,12,2,11,4,29,17,6,23,52
10/17/2022,AEX,LA,ASW,CE,Federal Contract Tower,5,11,9,0,25,0,0,0,0,0,5,11,9,0,25,31,4,35,60
10/18/2022,AEX,LA,ASW,CE,Federal Contract Tower,7,8,6,6,27,0,0,0,0,0,7,8,6,6,27,21,8,29,56
10/19/2022,AEX,LA,ASW,CE,Federal Contract Tower,18,1,13,3,35,0,0,0,0,0,18,1,13,3,35,30,7,37,72
10/20/2022,AEX,LA,ASW,CE,Federal Contract Tower,18,1,1,9,29,0,0,0,0,0,18,1,1,9,29,31,1,32,61
10/21/2022,AEX,LA,ASW,CE,Federal Contract Tower,18,4,12,2,36,0,0,0,0,0,18,4,12,2,36,22,0,22,58
10/22/2022,AEX,LA,ASW,CE,Federal Contract Tower,24,2,5,0,31,0,0,0,0,0,24,2,5,0,31,39,4,43,74
10/23/2022,AEX,LA,ASW,CE,Federal Contract Tower,15,2,7,10,34,0,0,0,0,0,15,2,7,10,34,56,0,56,90
10/24/2022,AEX,LA,ASW,CE,Federal Contract Tower,23,0,11,2,36,0,0,0,0,0,23,0,11,2,36,25,1,26,62
10/25/2022,AEX,LA,ASW,CE,Federal Contract Tower,11,2,4,2,19,0,0,0,0,0,11,2,4,2,19,17,0,17,36
10/27/2022,AEX,LA,ASW,CE,Federal Contract Tower,12,7,10,10,39,0,0,0,0,0,12,7,10,10,39,40,1,41,80
10/29/2022,AEX,LA,ASW,CE,Federal Contract Tower,9,5,8,0,22,0,0,0,0,0,9,5,8,0,22,11,5,16,38
10/30/2022,AEX,LA,ASW,CE,Federal Contract Tower,11,1,0,7,19,0,0,0,0,0,11,1,0,7,19,9,0,9,28
10/31/2022,AEX,LA,ASW,CE,Federal Contract Tower,7,7,19,6,39,0,0,0,0,0,7,7,19,6,39,22,8,30,69
11/01/2022,AEX,LA,ASW,CE,Federal Contract Tower,13,7,7,18,45,0,0,0,0,0,13,7,7,18,45,25,26,51,96
11/02/2022,AEX,LA,ASW,CE,Federal Contract Tower,17,3,21,20,61,0,0,0,0,0,17,3,21,20,61,25,49,74,135
11/03/2022,AEX,LA,ASW,CE,Federal Contract Tower,15,5,4,10,34,0,0,0,0,0,15,5,4,10,34,27,17,44,78
11/04/2022,AEX,LA,ASW,CE,Federal Contract Tower,14,2,10,12,38,0,0,0,0,0,14,2,10,12,38,7,14,21,59
11/05/2022,AEX,LA,ASW,CE,Federal Contract Tower,13,0,4,5,22,0,0,0,0,0,13,0,4,5,22,23,9,32,54
11/06/2022,AEX,LA,ASW,CE,Federal Contract Tower,14,0,14,8,36,0,0,0,0,0,14,0,14,8,36,27,56,83,119
11/07/2022,AEX,LA,ASW,CE,Federal Contract Tower,16,2,14,8,40,0,0,0,0,0,16,2,14,8,40,40,13,53,93
11/08/2022,AEX,LA,ASW,CE,Federal Contract Tower,14,3,4,11,32,0,0,0,0,0,14,3,4,11,32,46,0,46,78
11/09/2022,AEX,LA,ASW,CE,Federal Contract Tower,20,0,12,4,36,0,0,0,0,0,20,0,12,4,36,38,11,49,85
11/10/2022,AEX,LA,ASW,CE,Federal Contract Tower,21,0,5,19,45,0,0,0,0,0,21,0,5,19,45,25,5,30,75
11/11/2022,AEX,LA,ASW,CE,Federal Contract Tower,12,2,14,1,29,0,0,0,0,0,12,2,14,1,29,39,0,39,68
11/12/2022,AEX,LA,ASW,CE,Federal Contract Tower,10,2,5,0,17,0,0,0,0,0,10,2,5,0,17,8,12,20,37
11/13/2022,AEX,LA,ASW,CE,Federal Contract Tower,7,8,12,0,27,0,0,0,0,0,7,8,12,0,27,12,0,12,39
11/14/2022,AEX,LA,ASW,CE,Federal Contract Tower,10,2,12,1,25,0,0,0,0,0,10,2,12,1,25,4,0,4,29
11/15/2022,AEX,LA,ASW,CE,Federal Contract Tower,17,9,15,0,41,0,0,0,0,0,17,9,15,0,41,6,5,11,52
11/16/2022,AEX,LA,ASW,CE,Federal Contract Tower,18,7,18,0,43,0,0,0,0,0,18,7,18,0,43,56,10,66,109
11/17/2022,AEX,LA,ASW,CE,Federal Contract Tower,17,5,9,9,40,0,0,0,0,0,17,5,9,9,40,53,14,67,107
11/18/2022,AEX,LA,ASW,CE,Federal Contract Tower,16,9,7,0,32,0,0,0,0,0,16,9,7,0,32,50,3,53,85
11/19/2022,AEX,LA,ASW,CE,Federal Contract Tower,11,2,13,0,26,0,0,0,0,0,11,2,13,0,26,45,0,45,71
11/20/2022,AEX,LA,ASW,CE,Federal Contract Tower,9,6,13,0,28,0,0,0,0,0,9,6,13,0,28,31,0,31,59
11/21/2022,AEX,LA,ASW,CE,Federal Contract Tower,4,10,5,0,19,0,0,0,0,0,4,10,5,0,19,33,2,35,54
11/22/2022,AEX,LA,ASW,CE,Federal Contract Tower,14,5,11,0,30,0,0,0,0,0,14,5,11,0,30,29,3,32,62
11/23/2022,AEX,LA,ASW,CE,Federal Contract Tower,17,5,10,0,32,0,0,0,0,0,17,5,10,0,32,37,6,43,75
11/24/2022,AEX,LA,ASW,CE,Federal Contract Tower,6,3,1,0,10,0,0,0,0,0,6,3,1,0,10,2,0,2,12
11/25/2022,AEX,LA,ASW,CE,Federal Contract Tower,11,7,5,0,23,0,0,0,0,0,11,7,5,0,23,3,0,3,26
11/26/2022,AEX,LA,ASW,CE,Federal Contract Tower,11,2,7,0,20,0,0,0,0,0,11,2,7,0,20,4,0,4,24
11/27/2022,AEX,LA,ASW,CE,Federal Contract Tower,11,3,13,0,27,0,0,0,0,0,11,3,13,0,27,23,0,23,50
11/28/2022,AEX,LA,ASW,CE,Federal Contract Tower,14,6,15,0,35,0,0,0,0,0,14,6,15,0,35,47,0,47,82
11/29/2022,AEX,LA,ASW,CE,Federal Contract Tower,9,6,9,0,24,0,0,0,0,0,9,6,9,0,24,0,0,0,24
11/30/2022,AEX,LA,ASW,CE,Federal Contract Tower,12,5,1,12,30,0,0,0,0,0,12,5,1,12,30,52,10,62,92
12/01/2022,AEX,LA,ASW,CE,Federal Contract Tower,16,4,1,12,33,0,0,0,0,0,16,4,1,12,33,35,3,38,71
12/02/2022,AEX,LA,ASW,CE,Federal Contract Tower,18,3,8,8,37,0,0,0,0,0,18,3,8,8,37,26,2,28,65
12/03/2022,AEX,LA,ASW,CE,Federal Contract Tower,10,3,4,1,18,0,0,0,0,0,10,3,4,1,18,11,14,25,43
12/04/2022,AEX,LA,ASW,CE,Federal Contract Tower,12,2,9,0,23,0,0,0,0,0,12,2,9,0,23,15,1,16,39
12/05/2022,AEX,LA,ASW,CE,Federal Contract Tower,11,1,5,6,23,0,0,0,0,0,11,1,5,6,23,17,3,20,43
12/06/2022,AEX,LA,ASW,CE,Federal Contract Tower,17,3,11,6,37,0,0,0,0,0,17,3,11,6,37,16,15,31,68
12/07/2022,AEX,LA,ASW,CE,Federal Contract Tower,15,1,18,3,37,0,0,0,0,0,15,1,18,3,37,15,3,18,55
12/08/2022,AEX,LA,ASW,CE,Federal Contract Tower,11,4,6,8,29,0,0,0,0,0,11,4,6,8,29,66,6,72,101
12/09/2022,AEX,LA,ASW,CE,Federal Contract Tower,14,2,10,1,27,0,0,0,0,0,14,2,10,1,27,11,1,12,39
12/10/2022,AEX,LA,ASW,CE,Federal Contract Tower,12,7,8,1,28,0,0,0,0,0,12,7,8,1,28,4,0,4,32
12/11/2022,AEX,LA,ASW,CE,Federal Contract Tower,8,3,10,0,21,0,0,0,0,0,8,3,10,0,21,3,0,3,24
12/12/2022,AEX,LA,ASW,CE,Federal Contract Tower,7,3,8,0,18,0,0,0,0,0,7,3,8,0,18,9,0,9,27
12/13/2022,AEX,LA,ASW,CE,Federal Contract Tower,11,9,14,0,34,0,0,0,0,0,11,9,14,0,34,0,0,0,34
12/14/2022,AEX,LA,ASW,CE,Federal Contract Tower,17,3,14,1,35,0,0,0,0,0,17,3,14,1,35,27,3,30,65
12/15/2022,AEX,LA,ASW,CE,Federal Contract Tower,19,5,2,9,35,0,0,0,0,0,19,5,2,9,35,97,2,99,134
12/16/2022,AEX,LA,ASW,CE,Federal Contract Tower,20,2,15,2,39,0,0,0,0,0,20,2,15,2,39,28,0,28,67
12/17/2022,AEX,LA,ASW,CE,Federal Contract Tower,11,2,7,0,20,0,0,0,0,0,11,2,7,0,20,14,0,14,34
12/18/2022,AEX,LA,ASW,CE,Federal Contract Tower,12,4,5,0,21,0,0,0,0,0,12,4,5,0,21,6,0,6,27
12/19/2022,AEX,LA,ASW,CE,Federal Contract Tower,14,3,7,0,24,0,0,0,0,0,14,3,7,0,24,1,0,1,25
12/20/2022,AEX,LA,ASW,CE,Federal Contract Tower,15,3,16,0,34,0,0,0,0,0,15,3,16,0,34,4,0,4,38
12/21/2022,AEX,LA,ASW,CE,Federal Contract Tower,13,2,8,2,25,0,0,0,0,0,13,2,8,2,25,0,0,0,25
12/22/2022,AEX,LA,ASW,CE,Federal Contract Tower,17,4,6,2,29,0,0,0,0,0,17,4,6,2,29,0,0,0,29
12/23/2022,AEX,LA,ASW,CE,Federal Contract Tower,18,0,4,0,22,0,0,0,0,0,18,0,4,0,22,7,0,7,29
12/24/2022,AEX,LA,ASW,CE,Federal Contract Tower,8,2,0,0,10,0,0,0,0,0,8,2,0,0,10,14,0,14,24
12/26/2022,AEX,LA,ASW,CE,Federal Contract Tower,13,1,5,0,19,0,0,0,0,0,13,1,5,0,19,13,0,13,32
12/27/2022,AEX,LA,ASW,CE,Federal Contract Tower,16,2,8,0,26,0,0,0,0,0,16,2,8,0,26,22,0,22,48
12/28/2022,AEX,LA,ASW,CE,Federal Contract Tower,17,4,7,2,30,0,0,0,0,0,17,4,7,2,30,61,0,61,91
12/29/2022,AEX,LA,ASW,CE,Federal Contract Tower,12,2,2,2,18,0,0,0,0,0,12,2,2,2,18,6,0,6,24
12/30/2022,AEX,LA,ASW,CE,Federal Contract Tower,16,3,14,0,33,0,0,0,0,0,16,3,14,0,33,1,0,1,34
12/31/2022,AEX,LA,ASW,CE,Federal Contract Tower,9,2,2,0,13,0,0,0,0,0,9,2,2,0,13,8,0,8,21
01/01/2023,AEX,LA,ASW,CE,Federal Contract Tower,7,2,4,0,13,0,0,0,0,0,7,2,4,0,13,1,0,1,14
01/02/2023,AEX,LA,ASW,CE,Federal Contract Tower,10,0,0,0,10,0,0,0,0,0,10,0,0,0,10,6,0,6,16
01/03/2023,AEX,LA,ASW,CE,Federal Contract Tower,17,1,11,0,29,0,0,0,0,0,17,1,11,0,29,0,14,14,43
01/04/2023,AEX,LA,ASW,CE,Federal Contract Tower,20,4,13,3,40,0,0,0,0,0,20,4,13,3,40,48,14,62,102
01/05/2023,AEX,LA,ASW,CE,Federal Contract Tower,18,4,10,11,43,0,0,0,0,0,18,4,10,11,43,17,7,24,67
01/06/2023,AEX,LA,ASW,CE,Federal Contract Tower,18,2,14,0,34,0,0,0,0,0,18,2,14,0,34,29,8,37,71
01/07/2023,AEX,LA,ASW,CE,Federal Contract Tower,12,4,12,0,28,0,0,0,0,0,12,4,12,0,28,8,3,11,39
01/08/2023,AEX,LA,ASW,CE,Federal Contract Tower,11,4,6,0,21,0,0,0,0,0,11,4,6,0,21,1,0,1,22
01/09/2023,AEX,LA,ASW,CE,Federal Contract Tower,13,3,3,0,19,0,0,0,0,0,13,3,3,0,19,48,27,75,94
01/10/2023,AEX,LA,ASW,CE,Federal Contract Tower,14,3,8,2,27,0,0,0,0,0,14,3,8,2,27,9,6,15,42
01/11/2023,AEX,LA,ASW,CE,Federal Contract Tower,14,4,14,2,34,0,0,0,0,0,14,4,14,2,34,21,7,28,62
01/12/2023,AEX,LA,ASW,CE,Federal Contract Tower,18,2,12,0,32,0,0,0,0,0,18,2,12,0,32,14,57,71,103
01/13/2023,AEX,LA,ASW,CE,Federal Contract Tower,17,7,12,0,36,0,0,0,0,0,17,7,12,0,36,47,79,126,162
01/14/2023,AEX,LA,ASW,CE,Federal Contract Tower,7,6,5,2,20,0,0,0,0,0,7,6,5,2,20,74,48,122,142
01/15/2023,AEX,LA,ASW,CE,Federal Contract Tower,11,4,13,0,28,0,0,0,0,0,11,4,13,0,28,22,8,30,58
01/16/2023,AEX,LA,ASW,CE,Federal Contract Tower,10,2,3,4,19,0,0,0,0,0,10,2,3,4,19,8,18,26,45
01/17/2023,AEX,LA,ASW,CE,Federal Contract Tower,18,0,8,8,34,0,0,0,0,0,18,0,8,8,34,30,36,66,100
01/18/2023,AEX,LA,ASW,CE,Federal Contract Tower,15,12,7,12,46,0,0,0,0,0,15,12,7,12,46,4,7,11,57
01/19/2023,AEX,LA,ASW,CE,Federal Contract Tower,14,4,11,5,34,0,0,0,0,0,14,4,11,5,34,49,48,97,131
01/20/2023,AEX,LA,ASW,CE,Federal Contract Tower,18,4,13,22,57,0,0,0,0,0,18,4,13,22,57,45,52,97,154
01/21/2023,AEX,LA,ASW,CE,Federal Contract Tower,9,2,1,4,16,0,0,0,0,0,9,2,1,4,16,11,0,11,27
01/22/2023,AEX,LA,ASW,CE,Federal Contract Tower,9,8,5,6,28,0,0,0,0,0,9,8,5,6,28,17,30,47,75
01/23/2023,AEX,LA,ASW,CE,Federal Contract Tower,10,3,10,0,23,0,0,0,0,0,10,3,10,0,23,72,10,82,105
01/24/2023,AEX,LA,ASW,CE,Federal Contract Tower,17,4,4,0,25,0,0,0,0,0,17,4,4,0,25,7,1,8,33
01/25/2023,AEX,LA,ASW,CE,Federal Contract Tower,19,5,14,1,39,0,0,0,0,0,19,5,14,1,39,32,2,34,73
01/26/2023,AEX,LA,ASW,CE,Federal Contract Tower,17,0,1,7,25,0,0,0,0,0,17,0,1,7,25,79,0,79,104
01/27/2023,AEX,LA,ASW,CE,Federal Contract Tower,20,1,5,3,29,0,0,0,0,0,20,1,5,3,29,83,4,87,116
01/28/2023,AEX,LA,ASW,CE,Federal Contract Tower,10,5,5,1,21,0,0,0,0,0,10,5,5,1,21,15,23,38,59
01/29/2023,AEX,LA,ASW,CE,Federal Contract Tower,18,0,4,0,22,0,0,0,0,0,18,0,4,0,22,1,0,1,23
01/30/2023,AEX,LA,ASW,CE,Federal Contract Tower,7,0,5,0,12,0,0,0,0,0,7,0,5,0,12,0,0,0,12
01/31/2023,AEX,LA,ASW,CE,Federal Contract Tower,8,0,0,0,8,0,0,0,0,0,8,0,0,0,8,0,0,0,8
02/01/2023,AEX,LA,ASW,CE,Federal Contract Tower,12,2,8,2,24,0,0,0,0,0,12,2,8,2,24,0,0,0,24
02/02/2023,AEX,LA,ASW,CE,Federal Contract Tower,12,2,0,0,14,0,0,0,0,0,12,2,0,0,14,0,0,0,14
02/03/2023,AEX,LA,ASW,CE,Federal Contract Tower,18,2,10,15,45,0,0,0,0,0,18,2,10,15,45,44,14,58,103
02/04/2023,AEX,LA,ASW,CE,Federal Contract Tower,12,2,5,1,20,0,0,0,0,0,12,2,5,1,20,93,3,96,116
02/05/2023,AEX,LA,ASW,CE,Federal Contract Tower,12,2,9,2,25,0,0,0,0,0,12,2,9,2,25,17,0,17,42
02/06/2023,AEX,LA,ASW,CE,Federal Contract Tower,14,5,4,0,23,0,0,0,0,0,14,5,4,0,23,81,12,93,116
02/07/2023,AEX,LA,ASW,CE,Federal Contract Tower,16,5,5,8,34,0,0,0,0,0,16,5,5,8,34,55,16,71,105
02/08/2023,AEX,LA,ASW,CE,Federal Contract Tower,16,2,5,3,26,0,0,0,0,0,16,2,5,3,26,2,0,2,28
02/09/2023,AEX,LA,ASW,CE,Federal Contract Tower,23,10,6,22,61,0,0,0,0,0,23,10,6,22,61,50,43,93,154
02/10/2023,AEX,LA,ASW,CE,Federal Contract Tower,19,4,6,1,30,0,0,0,0,0,19,4,6,1,30,68,17,85,115
02/12/2023,AEX,LA,ASW,CE,Federal Contract Tower,19,14,11,0,44,0,0,0,0,0,19,14,11,0,44,35,39,74,118
02/13/2023,AEX,LA,ASW,CE,Federal Contract Tower,19,4,6,5,34,0,0,0,0,0,19,4,6,5,34,15,92,107,141
02/14/2023,AEX,LA,ASW,CE,Federal Contract Tower,12,11,5,3,31,0,0,0,0,0,12,11,5,3,31,8,12,20,51
02/15/2023,AEX,LA,ASW,CE,Federal Contract Tower,11,6,17,9,43,0,0,0,0,0,11,6,17,9,43,4,6,10,53
02/16/2023,AEX,LA,ASW,CE,Federal Contract Tower,10,8,8,0,26,0,0,0,0,0,10,8,8,0,26,10,2,12,38
02/17/2023,AEX,LA,ASW,CE,Federal Contract Tower,14,6,3,2,25,0,0,0,0,0,14,6,3,2,25,53,43,96,121
02/18/2023,AEX,LA,ASW,CE,Federal Contract Tower,10,4,6,0,20,0,0,0,0,0,10,4,6,0,20,49,42,91,111
02/19/2023,AEX,LA,ASW,CE,Federal Contract Tower,10,3,1,0,14,0,0,0,0,0,10,3,1,0,14,39,28,67,81
02/20/2023,AEX,LA,ASW,CE,Federal Contract Tower,9,5,6,0,20,0,0,0,0,0,9,5,6,0,20,46,0,46,66
02/21/2023,AEX,LA,ASW,CE,Federal Contract Tower,12,5,5,2,24,0,0,0,0,0,12,5,5,2,24,28,50,78,102
02/22/2023,AEX,LA,ASW,CE,Federal Contract Tower,12,8,7,4,31,0,0,0,0,0,12,8,7,4,31,3,44,47,78
02/23/2023,AEX,LA,ASW,CE,Federal Contract Tower,17,7,5,8,37,0,0,0,0,0,17,7,5,8,37,50,16,66,103
02/24/2023,AEX,LA,ASW,CE,Federal Contract Tower,10,10,18,3,41,0,0,0,0,0,10,10,18,3,41,80,65,145,186
02/25/2023,AEX,LA,ASW,CE,Federal Contract Tower,11,6,5,6,28,0,0,0,0,0,11,6,5,6,28,26,20,46,74
02/26/2023,AEX,LA,ASW,CE,Federal Contract Tower,10,5,11,2,28,0,0,0,0,0,10,5,11,2,28,52,6,58,86
02/27/2023,AEX,LA,ASW,CE,Federal Contract Tower,12,7,11,1,31,0,0,0,0,0,12,7,11,1,31,44,0,44,75
02/28/2023,AEX,LA,ASW,CE,Federal Contract Tower,10,4,7,6,27,0,0,0,0,0,10,4,7,6,27,69,4,73,100
03/01/2023,AEX,LA,ASW,CE,Federal Contract Tower,13,9,15,7,44,0,1,0,0,1,13,10,15,7,45,38,7,45,90
03/02/2023,AEX,LA,ASW,CE,Federal Contract Tower,15,3,11,5,34,0,0,0,0,0,15,3,11,5,34,16,8,24,58
03/03/2023,AEX,LA,ASW,CE,Federal Contract Tower,17,4,11,1,33,0,0,0,0,0,17,4,11,1,33,35,22,57,90
03/04/2023,AEX,LA,ASW,CE,Federal Contract Tower,10,6,6,2,24,0,0,0,0,0,10,6,6,2,24,65,6,71,95
03/05/2023,AEX,LA,ASW,CE,Federal Contract Tower,9,3,10,3,25,0,0,0,0,0,9,3,10,3,25,18,43,61,86
03/06/2023,AEX,LA,ASW,CE,Federal Contract Tower,12,5,8,4,29,0,0,0,0,0,12,5,8,4,29,50,0,50,79
03/07/2023,AEX,LA,ASW,CE,Federal Contract Tower,14,6,12,0,32,0,0,0,0,0,14,6,12,0,32,69,24,93,125
03/08/2023,AEX,LA,ASW,CE,Federal Contract Tower,16,4,26,9,55,0,1,0,0,1,16,5,26,9,56,53,19,72,128
03/09/2023,AEX,LA,ASW,CE,Federal Contract Tower,11,4,7,10,32,0,0,0,0,0,11,4,7,10,32,91,15,106,138
03/10/2023,AEX,LA,ASW,CE,Federal Contract Tower,19,3,22,3,47,0,0,0,0,0,19,3,22,3,47,6,0,6,53
03/11/2023,AEX,LA,ASW,CE,Federal Contract Tower,17,4,6,3,30,0,0,0,0,0,17,4,6,3,30,25,11,36,66
03/12/2023,AEX,LA,ASW,CE,Federal Contract Tower,14,5,8,1,28,0,0,0,0,0,14,5,8,1,28,3,0,3,31
03/13/2023,AEX,LA,ASW,CE,Federal Contract Tower,19,6,12,2,39,0,0,0,0,0,19,6,12,2,39,41,4,45,84
03/14/2023,AEX,LA,ASW,CE,Federal Contract Tower,16,4,5,6,31,0,0,0,0,0,16,4,5,6,31,76,2,78,109
03/15/2023,AEX,LA,ASW,CE,Federal Contract Tower,14,7,14,4,39,0,0,0,0,0,14,7,14,4,39,55,8,63,102
03/16/2023,AEX,LA,ASW,CE,Federal Contract Tower,13,8,8,6,35,0,0,0,0,0,13,8,8,6,35,26,0,26,61
03/17/2023,AEX,LA,ASW,CE,Federal Contract Tower,10,9,4,2,25,0,0,0,0,0,10,9,4,2,25,4,0,4,29
03/18/2023,AEX,LA,ASW,CE,Federal Contract Tower,7,5,4,0,16,0,0,0,0,0,7,5,4,0,16,35,0,35,51
03/19/2023,AEX,LA,ASW,CE,Federal Contract Tower,8,5,5,0,18,0,0,0,0,0,8,5,5,0,18,30,0,30,48
03/20/2023,AEX,LA,ASW,CE,Federal Contract Tower,19,8,10,13,50,0,0,0,0,0,19,8,10,13,50,31,11,42,92
03/21/2023,AEX,LA,ASW,CE,Federal Contract Tower,14,4,10,3,31,0,0,0,0,0,14,4,10,3,31,30,12,42,73
03/22/2023,AEX,LA,ASW,CE,Federal Contract Tower,17,5,9,6,37,0,0,0,0,0,17,5,9,6,37,26,15,41,78
03/23/2023,AEX,LA,ASW,CE,Federal Contract Tower,11,4,11,5,31,0,0,0,0,0,11,4,11,5,31,40,5,45,76
03/24/2023,AEX,LA,ASW,CE,Federal Contract Tower,11,6,8,1,26,0,0,0,0,0,11,6,8,1,26,5,0,5,31
03/25/2023,AEX,LA,ASW,CE,Federal Contract Tower,11,3,23,2,39,0,0,0,0,0,11,3,23,2,39,27,16,43,82
03/26/2023,AEX,LA,ASW,CE,Federal Contract Tower,6,4,6,2,18,0,0,0,0,0,6,4,6,2,18,13,0,13,31
03/27/2023,AEX,LA,ASW,CE,Federal Contract Tower,16,7,9,0,32,0,0,0,0,0,16,7,9,0,32,49,0,49,81
03/28/2023,AEX,LA,ASW,CE,Federal Contract Tower,16,10,9,0,35,0,0,0,0,0,16,10,9,0,35,62,0,62,97
03/29/2023,AEX,LA,ASW,CE,Federal Contract Tower,16,4,13,2,35,0,0,0,0,0,16,4,13,2,35,81,4,85,120
03/30/2023,AEX,LA,ASW,CE,Federal Contract Tower,14,4,4,8,30,0,0,0,0,0,14,4,4,8,30,53,9,62,92
03/31/2023,AEX,LA,ASW,CE,Federal Contract Tower,12,5,13,2,32,0,0,0,0,0,12,5,13,2,32,0,0,0,32
04/01/2023,AEX,LA,ASW,CE,Federal Contract Tower,8,7,12,2,29,0,0,0,0,0,8,7,12,2,29,52,0,52,81
04/02/2023,AEX,LA,ASW,CE,Federal Contract Tower,3,4,10,4,21,0,0,0,0,0,3,4,10,4,21,60,2,62,83
04/03/2023,AEX,LA,ASW,CE,Federal Contract Tower,16,0,17,12,45,0,0,0,0,0,16,0,17,12,45,24,36,60,105
04/04/2023,AEX,LA,ASW,CE,Federal Contract Tower,18,0,15,5,38,0,0,0,0,0,18,0,15,5,38,15,12,27,65
04/05/2023,AEX,LA,ASW,CE,Federal Contract Tower,14,0,10,9,33,0,0,0,0,0,14,0,10,9,33,8,0,8,41
04/06/2023,AEX,LA,ASW,CE,Federal Contract Tower,12,2,0,11,25,0,0,0,0,0,12,2,0,11,25,2,0,2,27
04/07/2023,AEX,LA,ASW,CE,Federal Contract Tower,13,2,6,0,21,0,0,0,0,0,13,2,6,0,21,0,0,0,21
04/08/2023,AEX,LA,ASW,CE,Federal Contract Tower,15,0,18,0,33,0,0,0,0,0,15,0,18,0,33,3,0,3,36
04/09/2023,AEX,LA,ASW,CE,Federal Contract Tower,12,2,9,2,25,0,0,0,0,0,12,2,9,2,25,6,0,6,31
04/10/2023,AEX,LA,ASW,CE,Federal Contract Tower,19,0,5,0,24,0,0,0,0,0,19,0,5,0,24,48,0,48,72
04/11/2023,AEX,LA,ASW,CE,Federal Contract Tower,19,0,10,0,29,0,0,0,0,0,19,0,10,0,29,42,7,49,78
04/12/2023,AEX,LA,ASW,CE,Federal Contract Tower,20,3,10,12,45,0,0,0,0,0,20,3,10,12,45,73,4,77,122
04/13/2023,AEX,LA,ASW,CE,Federal Contract Tower,20,4,20,16,60,0,0,0,0,0,20,4,20,16,60,77,2,79,139
04/14/2023,AEX,LA,ASW,CE,Federal Contract Tower,17,1,18,0,36,0,0,0,0,0,17,1,18,0,36,71,18,89,125
04/15/2023,AEX,LA,ASW,CE,Federal Contract Tower,14,3,1,0,18,0,0,0,0,0,14,3,1,0,18,11,6,17,35
04/16/2023,AEX,LA,ASW,CE,Federal Contract Tower,13,4,14,0,31,0,0,0,0,0,13,4,14,0,31,33,23,56,87
04/17/2023,AEX,LA,ASW,CE,Federal Contract Tower,16,0,11,11,38,0,0,0,0,0,16,0,11,11,38,48,48,96,134
04/18/2023,AEX,LA,ASW,CE,Federal Contract Tower,18,0,15,4,37,0,0,0,0,0,18,0,15,4,37,76,113,189,226
04/19/2023,AEX,LA,ASW,CE,Federal Contract Tower,16,0,7,14,37,0,0,0,0,0,16,0,7,14,37,45,70,115,152
04/20/2023,AEX,LA,ASW,CE,Federal Contract Tower,15,2,7,10,34,0,0,0,0,0,15,2,7,10,34,45,60,105,139
04/21/2023,AEX,LA,ASW,CE,Federal Contract Tower,22,2,2,19,45,0,0,0,0,0,22,2,2,19,45,7,51,58,103
04/22/2023,AEX,LA,ASW,CE,Federal Contract Tower,15,2,12,12,41,0,0,0,0,0,15,2,12,12,41,31,97,128,169
04/23/2023,AEX,LA,ASW,CE,Federal Contract Tower,10,0,11,29,50,0,0,0,0,0,10,0,11,29,50,36,63,99,149
04/24/2023,AEX,LA,ASW,CE,Federal Contract Tower,15,0,13,11,39,0,2,0,0,2,15,2,13,11,41,36,59,95,136
04/25/2023,AEX,LA,ASW,CE,Federal Contract Tower,21,0,10,8,39,0,0,0,0,0,21,0,10,8,39,47,51,98,137
04/26/2023,AEX,LA,ASW,CE,Federal Contract Tower,19,0,13,15,47,0,0,0,0,0,19,0,13,15,47,32,35,67,114
04/27/2023,AEX,LA,ASW,CE,Federal Contract Tower,18,0,20,4,42,0,0,0,0,0,18,0,20,4,42,49,6,55,97
04/28/2023,AEX,LA,ASW,CE,Federal Contract Tower,17,0,11,8,36,0,0,0,0,0,17,0,11,8,36,56,2,58,94
04/30/2023,AEX,LA,ASW,CE,Federal Contract Tower,12,1,10,8,31,0,0,0,0,0,12,1,10,8,31,28,16,44,75
05/01/2023,AEX,LA,ASW,CE,Federal Contract Tower,10,4,18,0,32,0,0,0,0,0,10,4,18,0,32,39,0,39,71
05/02/2023,AEX,LA,ASW,CE,Federal Contract Tower,19,3,5,4,31,0,0,0,0,0,19,3,5,4,31,66,24,90,121
05/03/2023,AEX,LA,ASW,CE,Federal Contract Tower,23,2,15,3,43,0,0,0,0,0,23,2,15,3,43,57,19,76,119
05/04/2023,AEX,LA,ASW,CE,Federal Contract Tower,14,0,8,0,22,0,0,0,0,0,14,0,8,0,22,106,5,111,133
05/05/2023,AEX,LA,ASW,CE,Federal Contract Tower,17,0,10,2,29,0,0,0,0,0,17,0,10,2,29,11,0,11,40
05/06/2023,AEX,LA,ASW,CE,Federal Contract Tower,12,1,1,0,14,0,0,0,0,0,12,1,1,0,14,9,0,9,23
05/07/2023,AEX,LA,ASW,CE,Federal Contract Tower,14,2,12,0,28,0,0,0,0,0,14,2,12,0,28,6,0,6,34
05/08/2023,AEX,LA,ASW,CE,Federal Contract Tower,14,2,5,3,24,0,0,0,0,0,14,2,5,3,24,38,0,38,62
05/09/2023,AEX,LA,ASW,CE,Federal Contract Tower,21,4,11,2,38,0,0,0,0,0,21,4,11,2,38,3,4,7,45
05/10/2023,AEX,LA,ASW,CE,Federal Contract Tower,18,0,18,4,40,0,0,0,0,0,18,0,18,4,40,3,0,3,43
05/11/2023,AEX,LA,ASW,CE,Federal Contract Tower,15,5,1,1,22,0,0,0,0,0,15,5,1,1,22,24,3,27,49
05/12/2023,AEX,LA,ASW,CE,Federal Contract Tower,26,1,19,2,48,0,0,0,0,0,26,1,19,2,48,14,0,14,62
05/13/2023,AEX,LA,ASW,CE,Federal Contract Tower,13,0,5,0,18,0,0,0,0,0,13,0,5,0,18,26,4,30,48
05/14/2023,AEX,LA,ASW,CE,Federal Contract Tower,17,0,5,0,22,0,0,0,0,0,17,0,5,0,22,11,0,11,33
05/15/2023,AEX,LA,ASW,CE,Federal Contract Tower,21,6,10,4,41,0,0,0,0,0,21,6,10,4,41,32,8,40,81
05/16/2023,AEX,LA,ASW,CE,Federal Contract Tower,18,5,10,11,44,0,0,0,0,0,18,5,10,11,44,21,18,39,83
05/17/2023,AEX,LA,ASW,CE,Federal Contract Tower,22,1,18,1,42,0,0,0,0,0,22,1,18,1,42,75,5,80,122
05/18/2023,AEX,LA,ASW,CE,Federal Contract Tower,23,0,3,15,41,0,0,0,0,0,23,0,3,15,41,47,6,53,94
05/19/2023,AEX,LA,ASW,CE,Federal Contract Tower,29,1,9,17,56,0,0,0,0,0,29,1,9,17,56,7,44,51,107
05/20/2023,AEX,LA,ASW,CE,Federal Contract Tower,11,2,15,0,28,0,0,0,0,0,11,2,15,0,28,76,0,76,104
05/21/2023,AEX,LA,ASW,CE,Federal Contract Tower,27,4,8,1,40,0,0,0,0,0,27,4,8,1,40,71,15,86,126
05/22/2023,AEX,LA,ASW,CE,Federal Contract Tower,34,1,6,6,47,0,0,0,0,0,34,1,6,6,47,63,39,102,149
05/23/2023,AEX,LA,ASW,CE,Federal Contract Tower,27,3,6,3,39,0,0,0,0,0,27,3,6,3,39,38,18,56,95
05/24/2023,AEX,LA,ASW,CE,Federal Contract Tower,29,4,18,8,59,0,0,0,0,0,29,4,18,8,59,67,32,99,158
05/25/2023,AEX,LA,ASW,CE,Federal Contract Tower,25,0,8,8,41,0,0,0,0,0,25,0,8,8,41,57,5,62,103
05/26/2023,AEX,LA,ASW,CE,Federal Contract Tower,22,0,7,0,29,0,0,0,0,0,22,0,7,0,29,41,0,41,70
05/27/2023,AEX,LA,ASW,CE,Federal Contract Tower,14,0,9,1,24,0,0,0,0,0,14,0,9,1,24,35,0,35,59
05/28/2023,AEX,LA,ASW,CE,Federal Contract Tower,11,2,8,0,21,0,0,0,0,0,11,2,8,0,21,32,1,33,54
05/29/2023,AEX,LA,ASW,CE,Federal Contract Tower,14,4,8,2,28,0,0,0,0,0,14,4,8,2,28,18,6,24,52
05/30/2023,AEX,LA,ASW,CE,Federal Contract Tower,25,5,1,5,36,0,0,0,0,0,25,5,1,5,36,65,16,81,117
05/31/2023,AEX,LA,ASW,CE,Federal Contract Tower,26,1,16,2,45,0,0,0,0,0,26,1,16,2,45,51,8,59,104
06/01/2023,AEX,LA,ASW,CE,Federal Contract Tower,21,1,11,7,40,0,0,0,0,0,21,1,11,7,40,63,14,77,117
06/02/2023,AEX,LA,ASW,CE,Federal Contract Tower,23,3,18,2,46,0,0,0,0,0,23,3,18,2,46,53,14,67,113
06/03/2023,AEX,LA,ASW,CE,Federal Contract Tower,12,0,9,0,21,0,0,0,0,0,12,0,9,0,21,35,4,39,60
06/04/2023,AEX,LA,ASW,CE,Federal Contract Tower,12,1,11,6,30,0,0,0,0,0,12,1,11,6,30,76,13,89,119
06/05/2023,AEX,LA,ASW,CE,Federal Contract Tower,21,3,6,10,40,0,0,0,0,0,21,3,6,10,40,43,4,47,87
06/06/2023,AEX,LA,ASW,CE,Federal Contract Tower,18,4,10,4,36,0,0,0,0,0,18,4,10,4,36,43,19,62,98
06/07/2023,AEX,LA,ASW,CE,Federal Contract Tower,19,3,15,9,46,0,0,0,0,0,19,3,15,9,46,70,7,77,123
06/08/2023,AEX,LA,ASW,CE,Federal Contract Tower,26,0,2,2,30,0,0,0,0,0,26,0,2,2,30,41,28,69,99
06/09/2023,AEX,LA,ASW,CE,Federal Contract Tower,21,0,4,7,32,0,0,0,0,0,21,0,4,7,32,43,13,56,88
06/10/2023,AEX,LA,ASW,CE,Federal Contract Tower,10,0,9,0,19,0,0,0,0,0,10,0,9,0,19,27,2,29,48
06/11/2023,AEX,LA,ASW,CE,Federal Contract Tower,13,0,6,0,19,0,0,0,0,0,13,0,6,0,19,23,0,23,42
06/12/2023,AEX,LA,ASW,CE,Federal Contract Tower,19,3,4,4,30,0,0,0,0,0,19,3,4,4,30,28,8,36,66
06/13/2023,AEX,LA,ASW,CE,Federal Contract Tower,18,1,17,0,36,0,0,0,0,0,18,1,17,0,36,15,16,31,67
06/14/2023,AEX,LA,ASW,CE,Federal Contract Tower,28,3,14,9,54,0,0,0,0,0,28,3,14,9,54,31,21,52,106
06/15/2023,AEX,LA,ASW,CE,Federal Contract Tower,27,1,3,11,42,0,0,0,0,0,27,1,3,11,42,62,0,62,104
06/16/2023,AEX,LA,ASW,CE,Federal Contract Tower,25,3,10,0,38,0,0,0,0,0,25,3,10,0,38,37,0,37,75
06/17/2023,AEX,LA,ASW,CE,Federal Contract Tower,27,0,6,0,33,0,0,0,0,0,27,0,6,0,33,40,0,40,73
06/18/2023,AEX,LA,ASW,CE,Federal Contract Tower,13,2,12,0,27,0,0,0,0,0,13,2,12,0,27,14,4,18,45
06/19/2023,AEX,LA,ASW,CE,Federal Contract Tower,24,0,11,0,35,0,0,0,0,0,24,0,11,0,35,47,0,47,82
06/20/2023,AEX,LA,ASW,CE,Federal Contract Tower,19,0,10,3,32,0,0,0,0,0,19,0,10,3,32,30,10,40,72
06/21/2023,AEX,LA,ASW,CE,Federal Contract Tower,23,3,20,4,50,0,0,0,0,0,23,3,20,4,50,45,7,52,102
06/22/2023,AEX,LA,ASW,CE,Federal Contract Tower,29,4,2,8,43,0,0,0,0,0,29,4,2,8,43,37,1,38,81
06/23/2023,AEX,LA,ASW,CE,Federal Contract Tower,26,1,21,25,73,0,0,0,0,0,26,1,21,25,73,45,3,48,121
06/24/2023,AEX,LA,ASW,CE,Federal Contract Tower,15,2,6,0,23,0,0,0,0,0,15,2,6,0,23,36,0,36,59
06/25/2023,AEX,LA,ASW,CE,Federal Contract Tower,9,4,13,4,30,0,0,0,0,0,9,4,13,4,30,31,0,31,61
06/26/2023,AEX,LA,ASW,CE,Federal Contract Tower,15,0,5,0,20,0,0,0,0,0,15,0,5,0,20,17,7,24,44
06/27/2023,AEX,LA,ASW,CE,Federal Contract Tower,22,3,10,1,36,0,0,0,0,0,22,3,10,1,36,31,7,38,74
06/28/2023,AEX,LA,ASW,CE,Federal Contract Tower,21,2,18,1,42,0,0,0,0,0,21,2,18,1,42,30,1,31,73
06/29/2023,AEX,LA,ASW,CE,Federal Contract Tower,24,3,3,9,39,0,0,0,0,0,24,3,3,9,39,49,5,54,93
06/30/2023,AEX,LA,ASW,CE,Federal Contract Tower,19,0,6,0,25,0,0,0,0,0,19,0,6,0,25,37,4,41,66
07/01/2023,AEX,LA,ASW,CE,Federal Contract Tower,11,0,5,0,16,0,0,0,0,0,11,0,5,0,16,40,0,40,56
07/02/2023,AEX,LA,ASW,CE,Federal Contract Tower,10,0,5,0,15,0,0,0,0,0,10,0,5,0,15,48,0,48,63
07/03/2023,AEX,LA,ASW,CE,Federal Contract Tower,12,2,5,0,19,0,2,0,0,2,12,4,5,0,21,31,0,31,52
07/04/2023,AEX,LA,ASW,CE,Federal Contract Tower,12,3,0,0,15,0,0,0,0,0,12,3,0,0,15,26,0,26,41
07/05/2023,AEX,LA,ASW,CE,Federal Contract Tower,11,2,5,0,18,0,0,0,0,0,11,2,5,0,18,33,0,33,51
07/06/2023,AEX,LA,ASW,CE,Federal Contract Tower,14,3,5,2,24,0,0,0,0,0,14,3,5,2,24,28,6,34,58
07/07/2023,AEX,LA,ASW,CE,Federal Contract Tower,13,3,4,24,44,0,0,0,0,0,13,3,4,24,44,53,10,63,107
07/08/2023,AEX,LA,ASW,CE,Federal Contract Tower,16,1,12,5,34,0,0,0,0,0,16,1,12,5,34,36,4,40,74
07/09/2023,AEX,LA,ASW,CE,Federal Contract Tower,21,0,7,0,28,0,0,0,0,0,21,0,7,0,28,22,1,23,51
07/10/2023,AEX,LA,ASW,CE,Federal Contract Tower,27,2,7,3,39,0,0,0,0,0,27,2,7,3,39,21,0,21,60
07/11/2023,AEX,LA,ASW,CE,Federal Contract Tower,17,2,11,1,31,0,0,0,0,0,17,2,11,1,31,29,17,46,77
07/12/2023,AEX,LA,ASW,CE,Federal Contract Tower,31,2,25,0,58,0,0,0,0,0,31,2,25,0,58,29,22,51,109
07/13/2023,AEX,LA,ASW,CE,Federal Contract Tower,21,4,10,0,35,0,0,0,0,0,21,4,10,0,35,34,20,54,89
07/14/2023,AEX,LA,ASW,CE,Federal Contract Tower,12,10,13,0,35,0,0,0,0,0,12,10,13,0,35,39,17,56,91
07/15/2023,AEX,LA,ASW,CE,Federal Contract Tower,15,0,4,3,22,0,0,0,0,0,15,0,4,3,22,39,3,42,64
07/16/2023,AEX,LA,ASW,CE,Federal Contract Tower,10,2,6,1,19,0,0,0,0,0,10,2,6,1,19,2,2,4,23
07/17/2023,AEX,LA,ASW,CE,Federal Contract Tower,17,2,5,0,24,0,0,0,0,0,17,2,5,0,24,71,6,77,101
07/18/2023,AEX,LA,ASW,CE,Federal Contract Tower,18,1,6,0,25,0,0,0,0,0,18,1,6,0,25,55,12,67,92
07/19/2023,AEX,LA,ASW,CE,Federal Contract Tower,19,0,6,1,26,0,0,0,0,0,19,0,6,1,26,46,10,56,82
07/20/2023,AEX,LA,ASW,CE,Federal Contract Tower,23,0,12,8,43,0,0,0,0,0,23,0,12,8,43,46,20,66,109
07/21/2023,AEX,LA,ASW,CE,Federal Contract Tower,9,12,14,6,41,0,0,0,0,0,9,12,14,6,41,47,8,55,96
07/22/2023,AEX,LA,ASW,CE,Federal Contract Tower,14,0,8,1,23,0,0,0,0,0,14,0,8,1,23,41,10,51,74
07/23/2023,AEX,LA,ASW,CE,Federal Contract Tower,12,2,12,4,30,0,0,0,0,0,12,2,12,4,30,27,6,33,63
07/24/2023,AEX,LA,ASW,CE,Federal Contract Tower,19,2,7,4,32,0,0,0,0,0,19,2,7,4,32,12,1,13,45
07/25/2023,AEX,LA,ASW,CE,Federal Contract Tower,27,0,6,0,33,0,0,0,0,0,27,0,6,0,33,45,8,53,86
07/26/2023,AEX,LA,ASW,CE,Federal Contract Tower,22,3,11,1,37,0,0,0,0,0,22,3,11,1,37,73,9,82,119
07/27/2023,AEX,LA,ASW,CE,Federal Contract Tower,21,3,2,6,32,0,0,0,0,0,21,3,2,6,32,38,8,46,78
07/28/2023,AEX,LA,ASW,CE,Federal Contract Tower,21,0,11,2,34,0,0,0,0,0,21,0,11,2,34,47,2,49,83
07/29/2023,AEX,LA,ASW,CE,Federal Contract Tower,12,0,9,0,21,0,0,0,0,0,12,0,9,0,21,51,13,64,85
07/30/2023,AEX,LA,ASW,CE,Federal Contract Tower,12,1,6,1,20,0,0,0,0,0,12,1,6,1,20,39,9,48,68
07/31/2023,AEX,LA,ASW,CE,Federal Contract Tower,18,6,7,3,34,0,0,0,0,0,18,6,7,3,34,64,1,65,99
08/01/2023,AEX,LA,ASW,CE,Federal Contract Tower,23,3,15,1,42,0,0,0,0,0,23,3,15,1,42,38,2,40,82
08/02/2023,AEX,LA,ASW,CE,Federal Contract Tower,21,4,13,1,39,0,0,0,0,0,21,4,13,1,39,61,10,71,110
08/03/2023,AEX,LA,ASW,CE,Federal Contract Tower,23,2,7,5,37,0,0,0,0,0,23,2,7,5,37,78,18,96,133
08/04/2023,AEX,LA,ASW,CE,Federal Contract Tower,31,2,9,2,44,0,0,0,0,0,31,2,9,2,44,89,6,95,139
08/05/2023,AEX,LA,ASW,CE,Federal Contract Tower,24,0,7,0,31,0,0,0,0,0,24,0,7,0,31,29,6,35,66
08/06/2023,AEX,LA,ASW,CE,Federal Contract Tower,21,0,7,0,28,0,0,0,0,0,21,0,7,0,28,18,0,18,46
08/07/2023,AEX,LA,ASW,CE,Federal Contract Tower,15,0,9,2,26,0,0,0,0,0,15,0,9,2,26,17,0,17,43
08/08/2023,AEX,LA,ASW,CE,Federal Contract Tower,27,0,14,2,43,0,0,0,0,0,27,0,14,2,43,17,0,17,60
08/09/2023,AEX,LA,ASW,CE,Federal Contract Tower,22,2,9,1,34,0,0,0,0,0,22,2,9,1,34,77,0,77,111
08/10/2023,AEX,LA,ASW,CE,Federal Contract Tower,21,2,8,0,31,0,0,0,0,0,21,2,8,0,31,35,3,38,69
08/11/2023,AEX,LA,ASW,CE,Federal Contract Tower,21,0,5,0,26,0,0,0,0,0,21,0,5,0,26,21,4,25,51
08/12/2023,AEX,LA,ASW,CE,Federal Contract Tower,23,4,8,8,43,0,0,0,0,0,23,4,8,8,43,70,15,85,128
08/13/2023,AEX,LA,ASW,CE,Federal Contract Tower,13,3,5,1,22,0,0,0,0,0,13,3,5,1,22,18,34,52,74
08/14/2023,AEX,LA,ASW,CE,Federal Contract Tower,24,0,4,4,32,0,2,0,0,2,24,2,4,4,34,30,47,77,111
08/15/2023,AEX,LA,ASW,CE,Federal Contract Tower,22,2,9,3,36,0,0,0,0,0,22,2,9,3,36,37,22,59,95
08/16/2023,AEX,LA,ASW,CE,Federal Contract Tower,20,2,6,0,28,0,0,0,0,0,20,2,6,0,28,53,27,80,108
08/17/2023,AEX,LA,ASW,CE,Federal Contract Tower,27,2,14,0,43,0,0,0,0,0,27,2,14,0,43,50,49,99,142
08/18/2023,AEX,LA,ASW,CE,Federal Contract Tower,22,2,13,4,41,0,0,0,0,0,22,2,13,4,41,30,49,79,120
08/19/2023,AEX,LA,ASW,CE,Federal Contract Tower,15,0,5,0,20,0,0,0,0,0,15,0,5,0,20,32,13,45,65
08/20/2023,AEX,LA,ASW,CE,Federal Contract Tower,15,0,12,1,28,0,0,0,0,0,15,0,12,1,28,31,33,64,92
08/21/2023,AEX,LA,ASW,CE,Federal Contract Tower,16,0,9,0,25,0,0,0,0,0,16,0,9,0,25,27,36,63,88
08/22/2023,AEX,LA,ASW,CE,Federal Contract Tower,21,0,10,4,35,0,0,0,0,0,21,0,10,4,35,22,25,47,82
08/23/2023,AEX,LA,ASW,CE,Federal Contract Tower,21,0,19,2,42,0,0,0,0,0,21,0,19,2,42,32,50,82,124
08/24/2023,AEX,LA,ASW,CE,Federal Contract Tower,25,6,15,2,48,0,0,0,0,0,25,6,15,2,48,36,47,83,131
08/25/2023,AEX,LA,ASW,CE,Federal Contract Tower,20,0,9,0,29,0,0,0,0,0,20,0,9,0,29,23,7,30,59
08/26/2023,AEX,LA,ASW,CE,Federal Contract Tower,15,0,4,0,19,0,0,0,0,0,15,0,4,0,19,49,32,81,100
08/27/2023,AEX,LA,ASW,CE,Federal Contract Tower,14,1,5,0,20,0,0,0,0,0,14,1,5,0,20,37,10,47,67
08/28/2023,AEX,LA,ASW,CE,Federal Contract Tower,18,2,12,2,34,0,0,0,0,0,18,2,12,2,34,50,12,62,96
08/29/2023,AEX,LA,ASW,CE,Federal Contract Tower,23,3,6,2,34,0,0,0,0,0,23,3,6,2,34,54,1,55,89
08/30/2023,AEX,LA,ASW,CE,Federal Contract Tower,22,3,18,5,48,0,0,0,0,0,22,3,18,5,48,38,20,58,106
08/31/2023,AEX,LA,ASW,CE,Federal Contract Tower,31,2,17,2,52,0,0,0,0,0,31,2,17,2,52,91,16,107,159
