01/01/2000,AFW,TX,ASW,CE,Towers with Display (VFR),0,0,0,0,0,0,1,27,0,28,0,1,27,0,28,40,0,40,68
01/02/2000,AFW,TX,ASW,CE,Towers with Display (VFR),1,0,3,0,4,0,1,21,0,22,1,1,24,0,26,60,0,60,86
01/03/2000,AFW,TX,ASW,CE,Towers with Display (VFR),11,6,16,3,36,1,9,6,5,21,12,15,22,8,57,16,32,48,105
01/04/2000,AFW,TX,ASW,CE,Towers with Display (VFR),24,6,33,2,65,12,0,58,0,70,36,6,91,2,135,226,24,250,385
01/05/2000,AFW,TX,ASW,CE,Towers with Display (VFR),23,10,31,7,71,17,3,91,2,113,40,13,122,9,184,308,46,354,538
01/06/2000,AFW,TX,ASW,CE,Towers with Display (VFR),28,5,39,0,72,0,0,78,0,78,28,5,117,0,150,228,0,228,378
01/07/2000,AFW,TX,ASW,CE,Towers with Display (VFR),26,10,34,4,74,7,0,22,0,29,33,10,56,4,103,94,0,94,197
01/08/2000,AFW,TX,ASW,CE,Towers with Display (VFR),13,7,22,3,45,0,22,6,0,28,13,29,28,3,73,18,0,18,91
01/09/2000,AFW,TX,ASW,CE,Towers with Display (VFR),3,8,25,6,42,0,15,39,22,76,3,23,64,28,118,151,32,183,301
01/10/2000,AFW,TX,ASW,CE,Towers with Display (VFR),7,7,20,5,39,0,4,104,9,117,7,11,124,14,156,456,26,482,638
01/11/2000,AFW,TX,ASW,CE,Towers with Display (VFR),29,5,39,10,83,8,0,106,0,114,37,5,145,10,197,468,80,548,745
01/12/2000,AFW,TX,ASW,CE,Towers with Display (VFR),31,8,38,10,87,19,0,140,2,161,50,8,178,12,248,342,30,372,620
01/13/2000,AFW,TX,ASW,CE,Towers with Display (VFR),40,16,51,14,121,11,2,82,13,108,51,18,133,27,229,348,64,412,641
01/14/2000,AFW,TX,ASW,CE,Towers with Display (VFR),19,11,36,6,72,0,10,118,0,128,19,21,154,6,200,252,6,258,458
01/15/2000,AFW,TX,ASW,CE,Towers with Display (VFR),7,7,21,0,35,0,1,51,0,52,7,8,72,0,87,258,0,258,345
01/16/2000,AFW,TX,ASW,CE,Towers with Display (VFR),4,6,25,2,37,0,0,86,0,86,4,6,111,2,123,322,0,322,445
01/17/2000,AFW,TX,ASW,CE,Towers with Display (VFR),12,6,22,6,46,0,0,84,4,88,12,6,106,10,134,438,52,490,624
01/18/2000,AFW,TX,ASW,CE,Towers with Display (VFR),36,13,45,12,106,2,0,37,9,48,38,13,82,21,154,246,0,246,400
01/19/2000,AFW,TX,ASW,CE,Towers with Display (VFR),38,14,47,3,102,1,2,65,0,68,39,16,112,3,170,132,2,134,304
01/20/2000,AFW,TX,ASW,CE,Towers with Display (VFR),28,10,34,7,79,11,0,39,0,50,39,10,73,7,129,180,4,184,313
01/21/2000,AFW,TX,ASW,CE,Towers with Display (VFR),35,15,47,13,110,0,0,64,11,75,35,15,111,24,185,280,56,336,521
01/22/2000,AFW,TX,ASW,CE,Towers with Display (VFR),12,8,27,5,52,0,3,76,0,79,12,11,103,5,131,232,0,232,363
01/23/2000,AFW,TX,ASW,CE,Towers with Display (VFR),1,5,15,4,25,0,5,76,18,99,1,10,91,22,124,182,74,256,380
01/24/2000,AFW,TX,ASW,CE,Towers with Display (VFR),6,7,24,2,39,0,7,80,0,87,6,14,104,2,126,202,24,226,352
01/25/2000,AFW,TX,ASW,CE,Towers with Display (VFR),35,14,44,12,105,2,4,60,6,72,37,18,104,18,177,112,16,128,305
01/26/2000,AFW,TX,ASW,CE,Towers with Display (VFR),30,12,37,9,88,12,1,57,0,70,42,13,94,9,158,168,0,168,326
01/27/2000,AFW,TX,ASW,CE,Towers with Display (VFR),12,3,2,0,17,29,0,0,0,29,41,3,2,0,46,0,0,0,46
01/28/2000,AFW,TX,ASW,CE,Towers with Display (VFR),13,4,16,0,33,16,8,2,0,26,29,12,18,0,59,88,0,88,147
01/29/2000,AFW,TX,ASW,CE,Towers with Display (VFR),8,0,12,0,20,0,0,37,0,37,8,0,49,0,57,101,0,101,158
01/30/2000,AFW,TX,ASW,CE,Towers with Display (VFR),4,2,11,2,19,0,0,73,0,73,4,2,84,2,92,132,2,134,226
01/31/2000,AFW,TX,ASW,CE,Towers with Display (VFR),11,8,27,0,46,0,1,97,0,98,11,9,124,0,144,318,0,318,462
02/01/2000,AFW,TX,ASW,CE,Towers with Display (VFR),26,10,33,3,72,15,8,47,0,70,41,18,80,3,142,146,8,154,296
02/02/2000,AFW,TX,ASW,CE,Towers with Display (VFR),30,9,38,2,79,13,0,64,0,77,43,9,102,2,156,166,14,180,336
02/03/2000,AFW,TX,ASW,CE,Towers with Display (VFR),28,5,35,0,68,11,0,78,0,89,39,5,113,0,157,232,0,232,389
02/04/2000,AFW,TX,ASW,CE,Towers with Display (VFR),32,12,40,16,100,3,4,43,20,70,35,16,83,36,170,162,32,194,364
02/05/2000,AFW,TX,ASW,CE,Towers with Display (VFR),8,7,23,9,47,0,10,86,1,97,8,17,109,10,144,124,6,130,274
02/06/2000,AFW,TX,ASW,CE,Towers with Display (VFR),1,5,20,8,34,0,0,55,49,104,1,5,75,57,138,202,28,230,368
02/07/2000,AFW,TX,ASW,CE,Towers with Display (VFR),6,1,21,9,37,0,0,83,5,88,6,1,104,14,125,310,18,328,453
02/08/2000,AFW,TX,ASW,CE,Towers with Display (VFR),23,4,30,2,59,21,0,69,0,90,44,4,99,2,149,188,0,188,337
02/09/2000,AFW,TX,ASW,CE,Towers with Display (VFR),22,2,28,2,54,14,0,66,0,80,36,2,94,2,134,176,0,176,310
02/10/2000,AFW,TX,ASW,CE,Towers with Display (VFR),32,11,40,3,86,2,0,102,0,104,34,11,142,3,190,188,2,190,380
02/11/2000,AFW,TX,ASW,CE,Towers with Display (VFR),38,2,48,20,108,0,0,54,24,78,38,2,102,44,186,298,126,424,610
02/12/2000,AFW,TX,ASW,CE,Towers with Display (VFR),9,5,21,5,40,0,0,72,0,72,9,5,93,5,112,192,2,194,306
02/13/2000,AFW,TX,ASW,CE,Towers with Display (VFR),4,6,19,7,36,0,0,25,21,46,4,6,44,28,82,122,42,164,246
02/14/2000,AFW,TX,ASW,CE,Towers with Display (VFR),9,7,22,9,47,0,2,68,4,74,9,9,90,13,121,310,52,362,483
02/15/2000,AFW,TX,ASW,CE,Towers with Display (VFR),31,11,37,16,95,10,5,74,0,89,41,16,111,16,184,342,44,386,570
02/16/2000,AFW,TX,ASW,CE,Towers with Display (VFR),33,12,39,8,92,9,3,21,0,33,42,15,60,8,125,87,0,87,212
02/17/2000,AFW,TX,ASW,CE,Towers with Display (VFR),27,5,33,11,76,11,0,23,0,34,38,5,56,11,110,64,0,64,174
02/18/2000,AFW,TX,ASW,CE,Towers with Display (VFR),29,6,34,12,81,2,0,51,0,53,31,6,85,12,134,138,24,162,296
02/19/2000,AFW,TX,ASW,CE,Towers with Display (VFR),11,0,18,7,36,0,0,101,0,101,11,0,119,7,137,340,20,360,497
02/20/2000,AFW,TX,ASW,CE,Towers with Display (VFR),1,4,14,7,26,0,0,106,2,108,1,4,120,9,134,292,4,296,430
02/21/2000,AFW,TX,ASW,CE,Towers with Display (VFR),24,12,42,8,86,0,10,94,0,104,24,22,136,8,190,276,18,294,484
02/22/2000,AFW,TX,ASW,CE,Towers with Display (VFR),27,7,32,14,80,23,0,29,0,52,50,7,61,14,132,54,10,64,196
02/23/2000,AFW,TX,ASW,CE,Towers with Display (VFR),43,15,53,9,120,1,5,110,0,116,44,20,163,9,236,306,32,338,574
02/24/2000,AFW,TX,ASW,CE,Towers with Display (VFR),26,9,32,2,69,9,0,26,0,35,35,9,58,2,104,52,4,56,160
02/25/2000,AFW,TX,ASW,CE,Towers with Display (VFR),23,2,27,12,64,12,0,15,18,45,35,2,42,30,109,94,6,100,209
02/26/2000,AFW,TX,ASW,CE,Towers with Display (VFR),11,4,24,10,49,0,0,51,11,62,11,4,75,21,111,114,50,164,275
02/27/2000,AFW,TX,ASW,CE,Towers with Display (VFR),1,6,24,10,41,0,1,86,18,105,1,7,110,28,146,262,32,294,440
02/28/2000,AFW,TX,ASW,CE,Towers with Display (VFR),16,7,28,12,63,0,1,75,6,82,16,8,103,18,145,228,56,284,429
02/29/2000,AFW,TX,ASW,CE,Towers with Display (VFR),25,8,31,12,76,10,4,59,1,74,35,12,90,13,150,680,42,722,872
03/01/2000,AFW,TX,ASW,CE,Towers with Display (VFR),31,7,33,6,77,12,0,96,0,108,43,7,129,6,185,332,36,368,553
03/02/2000,AFW,TX,ASW,CE,Towers with Display (VFR),28,13,30,8,79,10,0,6,1,17,38,13,36,9,96,14,12,26,122
03/03/2000,AFW,TX,ASW,CE,Towers with Display (VFR),31,3,33,9,76,7,0,55,28,90,38,3,88,37,166,161,22,183,349
03/04/2000,AFW,TX,ASW,CE,Towers with Display (VFR),10,2,17,3,32,0,0,129,0,129,10,2,146,3,161,284,0,284,445
03/05/2000,AFW,TX,ASW,CE,Towers with Display (VFR),2,4,14,4,24,0,0,76,24,100,2,4,90,28,124,262,20,282,406
03/06/2000,AFW,TX,ASW,CE,Towers with Display (VFR),9,9,19,1,38,0,0,89,0,89,9,9,108,1,127,359,0,359,486
03/07/2000,AFW,TX,ASW,CE,Towers with Display (VFR),24,8,25,7,64,15,0,56,8,79,39,8,81,15,143,278,36,314,457
03/08/2000,AFW,TX,ASW,CE,Towers with Display (VFR),33,12,34,10,89,6,0,134,0,140,39,12,168,10,229,424,0,424,653
03/09/2000,AFW,TX,ASW,CE,Towers with Display (VFR),33,13,34,10,90,4,0,162,7,173,37,13,196,17,263,328,16,344,607
03/10/2000,AFW,TX,ASW,CE,Towers with Display (VFR),15,5,17,1,38,15,0,8,0,23,30,5,25,1,61,54,0,54,115
03/11/2000,AFW,TX,ASW,CE,Towers with Display (VFR),8,6,25,5,44,0,0,107,0,107,8,6,132,5,151,150,8,158,309
03/12/2000,AFW,TX,ASW,CE,Towers with Display (VFR),4,6,17,5,32,0,0,69,25,94,4,6,86,30,126,176,54,230,356
03/13/2000,AFW,TX,ASW,CE,Towers with Display (VFR),13,9,24,6,52,0,0,114,1,115,13,9,138,7,167,342,64,406,573
03/14/2000,AFW,TX,ASW,CE,Towers with Display (VFR),26,13,26,4,69,18,1,73,0,92,44,14,99,4,161,378,12,390,551
03/15/2000,AFW,TX,ASW,CE,Towers with Display (VFR),34,13,33,11,91,4,0,73,8,85,38,13,106,19,176,326,26,352,528
03/16/2000,AFW,TX,ASW,CE,Towers with Display (VFR),28,11,27,4,70,12,0,19,0,31,40,11,46,4,101,38,26,64,165
03/17/2000,AFW,TX,ASW,CE,Towers with Display (VFR),29,14,30,7,80,5,4,30,0,39,34,18,60,7,119,132,14,146,265
03/18/2000,AFW,TX,ASW,CE,Towers with Display (VFR),11,8,15,3,37,0,1,38,0,39,11,9,53,3,76,122,8,130,206
03/19/2000,AFW,TX,ASW,CE,Towers with Display (VFR),17,8,16,6,47,7,9,56,3,75,24,17,72,9,122,280,0,280,402
03/20/2000,AFW,TX,ASW,CE,Towers with Display (VFR),8,7,15,5,35,0,6,80,4,90,8,13,95,9,125,200,8,208,333
03/21/2000,AFW,TX,ASW,CE,Towers with Display (VFR),43,20,43,13,119,0,1,45,2,48,43,21,88,15,167,190,4,194,361
03/22/2000,AFW,TX,ASW,CE,Towers with Display (VFR),34,6,35,0,75,7,0,36,0,43,41,6,71,0,118,197,0,197,315
03/23/2000,AFW,TX,ASW,CE,Towers with Display (VFR),31,13,31,2,77,9,0,80,0,89,40,13,111,2,166,106,0,106,272
03/24/2000,AFW,TX,ASW,CE,Towers with Display (VFR),43,20,43,13,119,7,5,142,1,155,50,25,185,14,274,428,40,468,742
03/25/2000,AFW,TX,ASW,CE,Towers with Display (VFR),5,7,14,5,31,0,16,68,0,84,5,23,82,5,115,168,20,188,303
03/26/2000,AFW,TX,ASW,CE,Towers with Display (VFR),4,4,12,4,24,0,0,102,11,113,4,4,114,15,137,384,14,398,535
03/27/2000,AFW,TX,ASW,CE,Towers with Display (VFR),5,10,20,7,42,0,11,161,1,173,5,21,181,8,215,570,8,578,793
03/28/2000,AFW,TX,ASW,CE,Towers with Display (VFR),31,15,32,4,82,5,0,69,0,74,36,15,101,4,156,314,4,318,474
03/29/2000,AFW,TX,ASW,CE,Towers with Display (VFR),36,19,41,11,107,0,1,99,0,100,36,20,140,11,207,342,14,356,563
03/30/2000,AFW,TX,ASW,CE,Towers with Display (VFR),37,23,48,0,108,0,37,86,0,123,37,60,134,0,231,208,0,208,439
03/31/2000,AFW,TX,ASW,CE,Towers with Display (VFR),36,17,37,7,97,0,19,122,0,141,36,36,159,7,238,256,6,262,500
04/01/2000,AFW,TX,ASW,CE,Towers with Display (VFR),9,16,26,0,51,0,35,97,0,132,9,51,123,0,183,44,0,44,227
04/02/2000,AFW,TX,ASW,CE,Towers with Display (VFR),5,50,81,2,138,0,130,220,0,350,5,180,301,2,488,4,0,4,492
04/03/2000,AFW,TX,ASW,CE,Towers with Display (VFR),5,8,13,0,26,0,3,78,0,81,5,11,91,0,107,118,0,118,225
04/04/2000,AFW,TX,ASW,CE,Towers with Display (VFR),38,19,41,9,107,6,0,127,0,133,44,19,168,9,240,506,26,532,772
04/05/2000,AFW,TX,ASW,CE,Towers with Display (VFR),29,14,32,11,86,8,0,106,5,119,37,14,138,16,205,384,0,384,589
04/06/2000,AFW,TX,ASW,CE,Towers with Display (VFR),34,23,38,5,100,5,2,94,0,101,39,25,132,5,201,224,0,224,425
04/07/2000,AFW,TX,ASW,CE,Towers with Display (VFR),29,8,32,11,80,0,0,65,5,70,29,8,97,16,150,232,30,262,412
04/08/2000,AFW,TX,ASW,CE,Towers with Display (VFR),11,0,13,4,28,0,0,99,2,101,11,0,112,6,129,268,0,268,397
04/09/2000,AFW,TX,ASW,CE,Towers with Display (VFR),8,6,15,6,35,0,0,77,12,89,8,6,92,18,124,286,36,322,446
04/10/2000,AFW,TX,ASW,CE,Towers with Display (VFR),21,12,21,6,60,11,3,58,0,72,32,15,79,6,132,300,6,306,438
04/11/2000,AFW,TX,ASW,CE,Towers with Display (VFR),24,8,25,4,61,12,0,31,0,43,36,8,56,4,104,156,0,156,260
04/12/2000,AFW,TX,ASW,CE,Towers with Display (VFR),12,7,12,4,35,32,2,9,0,43,44,9,21,4,78,6,0,6,84
04/13/2000,AFW,TX,ASW,CE,Towers with Display (VFR),28,8,29,11,76,10,0,71,2,83,38,8,100,13,159,252,54,306,465
04/14/2000,AFW,TX,ASW,CE,Towers with Display (VFR),20,3,20,8,51,10,0,46,40,96,30,3,66,48,147,80,22,102,249
04/15/2000,AFW,TX,ASW,CE,Towers with Display (VFR),9,1,11,4,25,0,0,47,0,47,9,1,58,4,72,140,0,140,212
04/16/2000,AFW,TX,ASW,CE,Towers with Display (VFR),2,8,18,7,35,0,0,71,5,76,2,8,89,12,111,364,0,364,475
04/17/2000,AFW,TX,ASW,CE,Towers with Display (VFR),8,7,13,5,33,0,2,100,0,102,8,9,113,5,135,394,20,414,549
04/18/2000,AFW,TX,ASW,CE,Towers with Display (VFR),32,11,34,9,86,9,0,85,0,94,41,11,119,9,180,359,28,387,567
04/19/2000,AFW,TX,ASW,CE,Towers with Display (VFR),31,13,32,2,78,24,0,104,0,128,55,13,136,2,206,300,0,300,506
04/20/2000,AFW,TX,ASW,CE,Towers with Display (VFR),30,18,31,12,91,9,0,70,12,91,39,18,101,24,182,210,42,252,434
04/21/2000,AFW,TX,ASW,CE,Towers with Display (VFR),24,15,25,10,74,9,1,100,7,117,33,16,125,17,191,422,52,474,665
04/22/2000,AFW,TX,ASW,CE,Towers with Display (VFR),11,6,11,0,28,0,1,85,0,86,11,7,96,0,114,266,0,266,380
04/23/2000,AFW,TX,ASW,CE,Towers with Display (VFR),5,3,4,0,12,1,2,20,0,23,6,5,24,0,35,56,0,56,91
04/24/2000,AFW,TX,ASW,CE,Towers with Display (VFR),11,3,17,7,38,0,0,135,4,139,11,3,152,11,177,454,24,478,655
04/25/2000,AFW,TX,ASW,CE,Towers with Display (VFR),31,20,34,12,97,5,3,107,9,124,36,23,141,21,221,446,20,466,687
04/26/2000,AFW,TX,ASW,CE,Towers with Display (VFR),31,19,34,12,96,12,5,68,3,88,43,24,102,15,184,276,50,326,510
04/27/2000,AFW,TX,ASW,CE,Towers with Display (VFR),33,11,35,12,91,4,0,65,5,74,37,11,100,17,165,164,44,208,373
04/28/2000,AFW,TX,ASW,CE,Towers with Display (VFR),33,21,35,12,101,1,6,87,17,111,34,27,122,29,212,292,70,362,574
04/29/2000,AFW,TX,ASW,CE,Towers with Display (VFR),13,7,16,5,41,0,0,59,1,60,13,7,75,6,101,120,20,140,241
04/30/2000,AFW,TX,ASW,CE,Towers with Display (VFR),2,4,7,2,15,0,4,2,2,8,2,8,9,4,23,16,0,16,39
05/01/2000,AFW,TX,ASW,CE,Towers with Display (VFR),5,6,13,7,31,0,5,64,2,71,5,11,77,9,102,192,22,214,316
05/02/2000,AFW,TX,ASW,CE,Towers with Display (VFR),38,9,26,6,79,1,0,118,0,119,39,9,144,6,198,353,20,373,571
05/03/2000,AFW,TX,ASW,CE,Towers with Display (VFR),34,8,22,4,68,8,0,13,0,21,42,8,35,4,89,62,0,62,151
05/04/2000,AFW,TX,ASW,CE,Towers with Display (VFR),40,11,26,2,79,0,11,55,0,66,40,22,81,2,145,104,0,104,249
05/05/2000,AFW,TX,ASW,CE,Towers with Display (VFR),24,7,5,5,41,11,2,0,0,13,35,9,5,5,54,0,0,0,54
05/06/2000,AFW,TX,ASW,CE,Towers with Display (VFR),7,1,6,1,15,8,0,20,0,28,15,1,26,1,43,98,0,98,141
05/07/2000,AFW,TX,ASW,CE,Towers with Display (VFR),6,3,6,3,18,0,0,40,8,48,6,3,46,11,66,122,0,122,188
05/08/2000,AFW,TX,ASW,CE,Towers with Display (VFR),5,1,12,4,22,0,0,105,0,105,5,1,117,4,127,312,2,314,441
05/09/2000,AFW,TX,ASW,CE,Towers with Display (VFR),32,9,21,7,69,7,5,65,0,77,39,14,86,7,146,228,0,228,374
05/10/2000,AFW,TX,ASW,CE,Towers with Display (VFR),30,9,21,9,69,8,7,100,0,115,38,16,121,9,184,288,48,336,520
05/11/2000,AFW,TX,ASW,CE,Towers with Display (VFR),39,15,35,18,107,0,9,53,23,85,39,24,88,41,192,234,40,274,466
05/12/2000,AFW,TX,ASW,CE,Towers with Display (VFR),34,11,25,13,83,0,15,40,7,62,34,26,65,20,145,116,30,146,291
05/13/2000,AFW,TX,ASW,CE,Towers with Display (VFR),20,6,13,5,44,1,4,95,0,100,21,10,108,5,144,266,14,280,424
05/14/2000,AFW,TX,ASW,CE,Towers with Display (VFR),15,2,15,7,39,0,0,75,19,94,15,2,90,26,133,226,34,260,393
05/15/2000,AFW,TX,ASW,CE,Towers with Display (VFR),19,3,21,12,55,0,0,81,25,106,19,3,102,37,161,320,18,338,499
05/16/2000,AFW,TX,ASW,CE,Towers with Display (VFR),44,12,30,16,102,1,8,54,4,67,45,20,84,20,169,212,18,230,399
05/17/2000,AFW,TX,ASW,CE,Towers with Display (VFR),37,7,23,13,80,11,0,34,4,49,48,7,57,17,129,244,26,270,399
05/18/2000,AFW,TX,ASW,CE,Towers with Display (VFR),33,5,20,8,66,22,0,42,0,64,55,5,62,8,130,40,28,68,198
05/19/2000,AFW,TX,ASW,CE,Towers with Display (VFR),22,5,14,0,41,12,2,18,0,32,34,7,32,0,73,28,0,28,101
05/20/2000,AFW,TX,ASW,CE,Towers with Display (VFR),15,4,12,0,31,0,0,121,0,121,15,4,133,0,152,288,0,288,440
05/21/2000,AFW,TX,ASW,CE,Towers with Display (VFR),0,0,0,0,0,4,8,91,8,111,4,8,91,8,111,286,6,292,403
05/22/2000,AFW,TX,ASW,CE,Towers with Display (VFR),8,4,9,6,27,0,6,60,4,70,8,10,69,10,97,204,16,220,317
05/23/2000,AFW,TX,ASW,CE,Towers with Display (VFR),37,9,23,7,76,5,6,91,0,102,42,15,114,7,178,380,30,410,588
05/24/2000,AFW,TX,ASW,CE,Towers with Display (VFR),29,7,18,0,54,9,4,93,0,106,38,11,111,0,160,452,0,452,612
05/25/2000,AFW,TX,ASW,CE,Towers with Display (VFR),36,9,22,13,80,6,0,45,3,54,42,9,67,16,134,172,6,178,312
05/26/2000,AFW,TX,ASW,CE,Towers with Display (VFR),30,8,19,4,61,10,2,42,0,54,40,10,61,4,115,160,4,164,279
05/27/2000,AFW,TX,ASW,CE,Towers with Display (VFR),0,0,0,0,0,12,3,46,0,61,12,3,46,0,61,134,0,134,195
05/28/2000,AFW,TX,ASW,CE,Towers with Display (VFR),9,2,6,4,21,0,3,64,3,70,9,5,70,7,91,294,16,310,401
05/29/2000,AFW,TX,ASW,CE,Towers with Display (VFR),12,0,8,4,24,6,0,79,0,85,18,0,87,4,109,346,32,378,487
05/30/2000,AFW,TX,ASW,CE,Towers with Display (VFR),14,6,17,9,46,0,0,75,16,91,14,6,92,25,137,240,76,316,453
05/31/2000,AFW,TX,ASW,CE,Towers with Display (VFR),39,12,30,15,96,0,0,110,10,120,39,12,140,25,216,384,52,436,652
06/01/2000,AFW,TX,ASW,CE,Towers with Display (VFR),29,7,33,8,77,11,1,114,0,126,40,8,147,8,203,304,16,320,523
06/02/2000,AFW,TX,ASW,CE,Towers with Display (VFR),30,7,33,9,79,1,7,66,2,76,31,14,99,11,155,218,24,242,397
06/03/2000,AFW,TX,ASW,CE,Towers with Display (VFR),15,0,20,1,36,0,0,43,0,43,15,0,63,1,79,128,10,138,217
06/04/2000,AFW,TX,ASW,CE,Towers with Display (VFR),4,3,14,3,24,0,1,33,3,37,4,4,47,6,61,100,8,108,169
06/05/2000,AFW,TX,ASW,CE,Towers with Display (VFR),8,6,27,7,48,0,3,95,18,116,8,9,122,25,164,252,78,330,494
06/06/2000,AFW,TX,ASW,CE,Towers with Display (VFR),40,8,49,13,110,0,0,65,6,71,40,8,114,19,181,166,24,190,371
06/07/2000,AFW,TX,ASW,CE,Towers with Display (VFR),36,9,41,11,97,0,12,91,7,110,36,21,132,18,207,360,60,420,627
06/08/2000,AFW,TX,ASW,CE,Towers with Display (VFR),36,9,40,11,96,8,5,88,4,105,44,14,128,15,201,230,30,260,461
06/09/2000,AFW,TX,ASW,CE,Towers with Display (VFR),26,6,30,8,70,4,3,26,13,46,30,9,56,21,116,28,2,30,146
06/10/2000,AFW,TX,ASW,CE,Towers with Display (VFR),17,5,20,5,47,0,8,13,1,22,17,13,33,6,69,10,6,16,85
06/11/2000,AFW,TX,ASW,CE,Towers with Display (VFR),2,4,16,3,25,0,0,65,0,65,2,4,81,3,90,12,0,12,102
06/12/2000,AFW,TX,ASW,CE,Towers with Display (VFR),11,2,11,2,26,2,0,80,0,82,13,2,91,2,108,298,0,298,406
06/13/2000,AFW,TX,ASW,CE,Towers with Display (VFR),28,2,29,8,67,11,0,99,7,117,39,2,128,15,184,366,8,374,558
06/14/2000,AFW,TX,ASW,CE,Towers with Display (VFR),30,7,31,0,68,9,7,60,0,76,39,14,91,0,144,174,0,174,318
06/15/2000,AFW,TX,ASW,CE,Towers with Display (VFR),38,7,47,13,105,0,0,62,5,67,38,7,109,18,172,202,0,202,374
06/16/2000,AFW,TX,ASW,CE,Towers with Display (VFR),40,8,42,11,101,12,0,39,5,56,52,8,81,16,157,178,14,192,349
06/17/2000,AFW,TX,ASW,CE,Towers with Display (VFR),12,0,12,5,29,0,0,9,0,9,12,0,21,5,38,48,8,56,94
06/18/2000,AFW,TX,ASW,CE,Towers with Display (VFR),6,2,13,5,26,0,8,43,15,66,6,10,56,20,92,232,2,234,326
06/19/2000,AFW,TX,ASW,CE,Towers with Display (VFR),8,1,20,6,35,0,0,95,2,97,8,1,115,8,132,248,4,252,384
06/20/2000,AFW,TX,ASW,CE,Towers with Display (VFR),32,6,34,11,83,4,6,57,2,69,36,12,91,13,152,164,14,178,330
06/21/2000,AFW,TX,ASW,CE,Towers with Display (VFR),24,5,26,0,55,22,1,75,0,98,46,6,101,0,153,266,0,266,419
06/22/2000,AFW,TX,ASW,CE,Towers with Display (VFR),36,7,39,12,94,2,4,98,3,107,38,11,137,15,201,362,16,378,579
06/23/2000,AFW,TX,ASW,CE,Towers with Display (VFR),36,5,40,12,93,0,0,84,9,93,36,5,124,21,186,312,30,342,528
06/24/2000,AFW,TX,ASW,CE,Towers with Display (VFR),16,0,19,3,38,0,0,77,0,77,16,0,96,3,115,172,26,198,313
06/25/2000,AFW,TX,ASW,CE,Towers with Display (VFR),7,3,20,6,36,0,0,96,1,97,7,3,116,7,133,252,20,272,405
06/26/2000,AFW,TX,ASW,CE,Towers with Display (VFR),6,0,22,7,35,0,0,91,13,104,6,0,113,20,139,342,14,356,495
06/27/2000,AFW,TX,ASW,CE,Towers with Display (VFR),32,6,34,10,82,7,1,81,0,89,39,7,115,10,171,148,0,148,319
06/28/2000,AFW,TX,ASW,CE,Towers with Display (VFR),36,7,40,7,90,11,0,67,0,78,47,7,107,7,168,138,38,176,344
06/29/2000,AFW,TX,ASW,CE,Towers with Display (VFR),36,7,39,4,86,6,0,96,0,102,42,7,135,4,188,288,0,288,476
06/30/2000,AFW,TX,ASW,CE,Towers with Display (VFR),29,3,31,1,64,4,0,65,0,69,33,3,96,1,133,354,0,354,487
07/01/2000,AFW,TX,ASW,CE,Towers with Display (VFR),14,0,23,0,37,0,0,79,0,79,14,0,102,0,116,328,0,328,444
07/02/2000,AFW,TX,ASW,CE,Towers with Display (VFR),2,0,12,1,15,0,0,73,0,73,2,0,85,1,88,248,0,248,336
07/03/2000,AFW,TX,ASW,CE,Towers with Display (VFR),1,5,23,0,29,0,1,107,0,108,1,6,130,0,137,222,0,222,359
07/04/2000,AFW,TX,ASW,CE,Towers with Display (VFR),1,1,3,0,5,3,0,19,0,22,4,1,22,0,27,144,0,144,171
07/05/2000,AFW,TX,ASW,CE,Towers with Display (VFR),9,4,14,3,30,0,3,83,0,86,9,7,97,3,116,220,6,226,342
07/06/2000,AFW,TX,ASW,CE,Towers with Display (VFR),23,3,31,13,70,15,0,67,5,87,38,3,98,18,157,258,8,266,423
07/07/2000,AFW,TX,ASW,CE,Towers with Display (VFR),22,7,29,12,70,9,14,54,4,81,31,21,83,16,151,228,26,254,405
07/08/2000,AFW,TX,ASW,CE,Towers with Display (VFR),10,0,13,5,28,1,0,74,2,77,11,0,87,7,105,280,8,288,393
07/09/2000,AFW,TX,ASW,CE,Towers with Display (VFR),4,2,19,7,32,0,0,58,25,83,4,2,77,32,115,312,76,388,503
07/10/2000,AFW,TX,ASW,CE,Towers with Display (VFR),9,2,28,9,48,0,0,133,0,133,9,2,161,9,181,386,22,408,589
07/11/2000,AFW,TX,ASW,CE,Towers with Display (VFR),26,8,34,9,77,17,3,94,0,114,43,11,128,9,191,368,20,388,579
07/12/2000,AFW,TX,ASW,CE,Towers with Display (VFR),25,5,31,13,74,15,0,80,6,101,40,5,111,19,175,262,6,268,443
07/13/2000,AFW,TX,ASW,CE,Towers with Display (VFR),22,6,27,4,59,19,0,73,0,92,41,6,100,4,151,412,8,420,571
07/14/2000,AFW,TX,ASW,CE,Towers with Display (VFR),25,7,30,13,75,8,4,83,1,96,33,11,113,14,171,330,32,362,533
07/15/2000,AFW,TX,ASW,CE,Towers with Display (VFR),9,4,15,0,28,0,1,108,0,109,9,5,123,0,137,426,0,426,563
07/16/2000,AFW,TX,ASW,CE,Towers with Display (VFR),4,2,19,9,34,0,0,90,5,95,4,2,109,14,129,388,36,424,553
07/17/2000,AFW,TX,ASW,CE,Towers with Display (VFR),5,6,28,13,52,0,12,108,24,144,5,18,136,37,196,468,86,554,750
07/18/2000,AFW,TX,ASW,CE,Towers with Display (VFR),34,12,53,23,122,0,23,102,9,134,34,35,155,32,256,570,110,680,936
07/19/2000,AFW,TX,ASW,CE,Towers with Display (VFR),38,10,47,6,101,3,0,138,0,141,41,10,185,6,242,486,12,498,740
07/20/2000,AFW,TX,ASW,CE,Towers with Display (VFR),28,8,35,16,87,10,7,86,4,107,38,15,121,20,194,300,54,354,548
07/21/2000,AFW,TX,ASW,CE,Towers with Display (VFR),34,10,44,19,107,0,0,56,16,72,34,10,100,35,179,424,68,492,671
07/22/2000,AFW,TX,ASW,CE,Towers with Display (VFR),8,0,17,4,29,0,0,105,0,105,8,0,122,4,134,426,40,466,600
07/23/2000,AFW,TX,ASW,CE,Towers with Display (VFR),0,3,14,7,24,0,1,94,8,103,0,4,108,15,127,438,52,490,617
07/24/2000,AFW,TX,ASW,CE,Towers with Display (VFR),8,4,18,9,39,0,10,136,3,149,8,14,154,12,188,580,30,610,798
07/25/2000,AFW,TX,ASW,CE,Towers with Display (VFR),35,4,45,7,91,4,0,162,0,166,39,4,207,7,257,608,22,630,887
07/26/2000,AFW,TX,ASW,CE,Towers with Display (VFR),23,6,29,8,66,14,1,142,0,157,37,7,171,8,223,542,22,564,787
07/27/2000,AFW,TX,ASW,CE,Towers with Display (VFR),28,7,35,11,81,8,9,117,0,134,36,16,152,11,215,412,72,484,699
07/28/2000,AFW,TX,ASW,CE,Towers with Display (VFR),21,3,26,11,61,9,0,125,1,135,30,3,151,12,196,436,38,474,670
07/29/2000,AFW,TX,ASW,CE,Towers with Display (VFR),10,2,16,6,34,0,0,144,5,149,10,2,160,11,183,444,32,476,659
07/30/2000,AFW,TX,ASW,CE,Towers with Display (VFR),2,2,13,5,22,0,1,114,1,116,2,3,127,6,138,530,0,530,668
07/31/2000,AFW,TX,ASW,CE,Towers with Display (VFR),10,1,24,8,43,0,0,128,0,128,10,1,152,8,171,602,40,642,813
08/01/2000,AFW,TX,ASW,CE,Towers with Display (VFR),29,4,34,2,69,11,0,113,0,124,40,4,147,2,193,624,10,634,827
08/02/2000,AFW,TX,ASW,CE,Towers with Display (VFR),28,2,33,9,72,16,0,111,0,127,44,2,144,9,199,488,14,502,701
08/03/2000,AFW,TX,ASW,CE,Towers with Display (VFR),34,5,39,10,88,4,0,114,0,118,38,5,153,10,206,544,32,576,782
08/04/2000,AFW,TX,ASW,CE,Towers with Display (VFR),30,2,35,18,85,1,0,135,14,150,31,2,170,32,235,440,130,570,805
08/05/2000,AFW,TX,ASW,CE,Towers with Display (VFR),13,0,19,9,41,0,0,108,4,112,13,0,127,13,153,380,40,420,573
08/06/2000,AFW,TX,ASW,CE,Towers with Display (VFR),3,0,11,6,20,0,0,101,7,108,3,0,112,13,128,366,8,374,502
08/07/2000,AFW,TX,ASW,CE,Towers with Display (VFR),14,1,23,12,50,0,0,110,9,119,14,1,133,21,169,408,56,464,633
08/08/2000,AFW,TX,ASW,CE,Towers with Display (VFR),34,4,39,21,98,0,0,127,0,127,34,4,166,21,225,656,36,692,917
08/09/2000,AFW,TX,ASW,CE,Towers with Display (VFR),27,6,31,8,72,10,11,119,0,140,37,17,150,8,212,518,14,532,744
08/10/2000,AFW,TX,ASW,CE,Towers with Display (VFR),29,6,33,14,82,12,1,120,0,133,41,7,153,14,215,516,22,538,753
08/11/2000,AFW,TX,ASW,CE,Towers with Display (VFR),30,7,39,21,97,0,2,68,15,85,30,9,107,36,182,402,92,494,676
08/12/2000,AFW,TX,ASW,CE,Towers with Display (VFR),11,0,23,12,46,0,0,113,6,119,11,0,136,18,165,412,32,444,609
08/13/2000,AFW,TX,ASW,CE,Towers with Display (VFR),1,2,9,4,16,0,0,111,18,129,1,2,120,22,145,374,4,378,523
08/14/2000,AFW,TX,ASW,CE,Towers with Display (VFR),8,1,23,12,44,0,0,130,3,133,8,1,153,15,177,456,70,526,703
08/15/2000,AFW,TX,ASW,CE,Towers with Display (VFR),33,7,37,13,90,8,6,96,0,110,41,13,133,13,200,420,34,454,654
08/16/2000,AFW,TX,ASW,CE,Towers with Display (VFR),33,7,36,19,95,9,4,145,1,159,42,11,181,20,254,376,34,410,664
08/17/2000,AFW,TX,ASW,CE,Towers with Display (VFR),38,8,43,23,112,0,10,114,12,136,38,18,157,35,248,362,44,406,654
08/18/2000,AFW,TX,ASW,CE,Towers with Display (VFR),33,9,55,30,127,0,0,54,45,99,33,9,109,75,226,266,98,364,590
08/19/2000,AFW,TX,ASW,CE,Towers with Display (VFR),10,0,12,6,28,0,0,71,1,72,10,0,83,7,100,376,4,380,480
08/20/2000,AFW,TX,ASW,CE,Towers with Display (VFR),8,1,16,9,34,0,0,97,7,104,8,1,113,16,138,388,4,392,530
08/21/2000,AFW,TX,ASW,CE,Towers with Display (VFR),11,3,22,5,41,0,11,140,0,151,11,14,162,5,192,380,30,410,602
08/22/2000,AFW,TX,ASW,CE,Towers with Display (VFR),34,6,37,16,93,5,4,149,0,158,39,10,186,16,251,514,28,542,793
08/23/2000,AFW,TX,ASW,CE,Towers with Display (VFR),30,5,33,9,77,8,3,163,0,174,38,8,196,9,251,486,54,540,791
08/24/2000,AFW,TX,ASW,CE,Towers with Display (VFR),37,5,40,22,104,5,0,106,14,125,42,5,146,36,229,456,44,500,729
08/25/2000,AFW,TX,ASW,CE,Towers with Display (VFR),41,8,47,26,122,13,6,80,20,119,54,14,127,46,241,394,50,444,685
08/26/2000,AFW,TX,ASW,CE,Towers with Display (VFR),12,1,21,12,46,0,0,125,8,133,12,1,146,20,179,520,36,556,735
08/27/2000,AFW,TX,ASW,CE,Towers with Display (VFR),2,2,17,10,31,0,0,122,12,134,2,2,139,22,165,382,60,442,607
08/28/2000,AFW,TX,ASW,CE,Towers with Display (VFR),7,2,20,11,40,0,0,119,2,121,7,2,139,13,161,568,14,582,743
08/29/2000,AFW,TX,ASW,CE,Towers with Display (VFR),37,7,42,6,92,16,3,132,0,151,53,10,174,6,243,506,12,518,761
08/30/2000,AFW,TX,ASW,CE,Towers with Display (VFR),40,7,45,18,110,4,9,123,0,136,44,16,168,18,246,430,50,480,726
08/31/2000,AFW,TX,ASW,CE,Towers with Display (VFR),35,6,40,16,97,8,3,95,0,106,43,9,135,16,203,400,48,448,651
09/01/2000,AFW,TX,ASW,CE,Towers with Display (VFR),26,6,34,14,80,6,0,101,9,116,32,6,135,23,196,326,26,352,548
09/02/2000,AFW,TX,ASW,CE,Towers with Display (VFR),10,2,15,3,30,0,0,107,0,107,10,2,122,3,137,396,4,400,537
09/03/2000,AFW,TX,ASW,CE,Towers with Display (VFR),6,3,10,0,19,1,0,104,0,105,7,3,114,0,124,293,0,293,417
09/04/2000,AFW,TX,ASW,CE,Towers with Display (VFR),7,0,11,3,21,0,0,94,0,94,7,0,105,3,115,464,24,488,603
09/05/2000,AFW,TX,ASW,CE,Towers with Display (VFR),4,1,22,9,36,0,0,111,0,111,4,1,133,9,147,452,14,466,613
09/06/2000,AFW,TX,ASW,CE,Towers with Display (VFR),38,9,47,10,104,8,0,87,0,95,46,9,134,10,199,510,10,520,719
09/07/2000,AFW,TX,ASW,CE,Towers with Display (VFR),30,6,37,16,89,8,0,78,0,86,38,6,115,16,175,292,24,316,491
09/08/2000,AFW,TX,ASW,CE,Towers with Display (VFR),30,3,37,16,86,9,0,88,23,120,39,3,125,39,206,272,22,294,500
09/09/2000,AFW,TX,ASW,CE,Towers with Display (VFR),8,5,24,9,46,0,1,64,16,81,8,6,88,25,127,378,36,414,541
09/10/2000,AFW,TX,ASW,CE,Towers with Display (VFR),2,4,17,7,30,0,31,49,8,88,2,35,66,15,118,358,56,414,532
09/11/2000,AFW,TX,ASW,CE,Towers with Display (VFR),22,1,28,10,61,2,0,72,0,74,24,1,100,10,135,444,22,466,601
09/12/2000,AFW,TX,ASW,CE,Towers with Display (VFR),31,9,38,3,81,15,4,70,0,89,46,13,108,3,170,466,0,466,636
09/13/2000,AFW,TX,ASW,CE,Towers with Display (VFR),33,9,39,6,87,20,5,93,0,118,53,14,132,6,205,616,12,628,833
09/14/2000,AFW,TX,ASW,CE,Towers with Display (VFR),38,10,45,19,112,5,6,111,4,126,43,16,156,23,238,454,46,500,738
09/15/2000,AFW,TX,ASW,CE,Towers with Display (VFR),39,4,46,20,109,0,0,87,26,113,39,4,133,46,222,328,58,386,608
09/16/2000,AFW,TX,ASW,CE,Towers with Display (VFR),11,0,22,9,42,0,0,77,11,88,11,0,99,20,130,468,6,474,604
09/17/2000,AFW,TX,ASW,CE,Towers with Display (VFR),5,6,25,10,46,0,0,98,13,111,5,6,123,23,157,0,374,374,531
09/18/2000,AFW,TX,ASW,CE,Towers with Display (VFR),12,3,29,13,57,0,0,115,13,128,12,3,144,26,185,498,86,584,769
09/19/2000,AFW,TX,ASW,CE,Towers with Display (VFR),35,8,41,16,100,13,2,134,0,149,48,10,175,16,249,562,76,638,887
09/20/2000,AFW,TX,ASW,CE,Towers with Display (VFR),27,4,31,13,75,12,0,88,0,100,39,4,119,13,175,468,62,530,705
09/21/2000,AFW,TX,ASW,CE,Towers with Display (VFR),37,7,43,19,106,7,0,84,16,107,44,7,127,35,213,392,98,490,703
09/22/2000,AFW,TX,ASW,CE,Towers with Display (VFR),35,8,41,19,103,3,2,57,10,72,38,10,98,29,175,394,44,438,613
09/23/2000,AFW,TX,ASW,CE,Towers with Display (VFR),13,0,33,15,61,0,0,72,29,101,13,0,105,44,162,350,50,400,562
09/24/2000,AFW,TX,ASW,CE,Towers with Display (VFR),0,2,11,6,19,0,4,71,6,81,0,6,82,12,100,110,16,126,226
09/25/2000,AFW,TX,ASW,CE,Towers with Display (VFR),7,2,25,10,44,0,0,122,0,122,7,2,147,10,166,422,20,442,608
09/26/2000,AFW,TX,ASW,CE,Towers with Display (VFR),34,9,42,11,96,6,6,139,0,151,40,15,181,11,247,586,30,616,863
09/27/2000,AFW,TX,ASW,CE,Towers with Display (VFR),31,7,36,4,78,5,3,148,0,156,36,10,184,4,234,576,20,596,830
09/28/2000,AFW,TX,ASW,CE,Towers with Display (VFR),34,8,39,4,85,8,0,107,0,115,42,8,146,4,200,328,8,336,536
09/29/2000,AFW,TX,ASW,CE,Towers with Display (VFR),26,6,32,4,68,8,4,84,0,96,34,10,116,4,164,243,0,243,407
09/30/2000,AFW,TX,ASW,CE,Towers with Display (VFR),12,0,21,2,35,0,0,198,0,198,12,0,219,2,233,516,0,516,749
10/01/2000,AFW,TX,ASW,CE,Towers with Display (VFR),4,1,11,2,18,0,0,102,0,102,4,1,113,2,120,364,16,380,500
10/02/2000,AFW,TX,ASW,CE,Towers with Display (VFR),14,4,22,6,46,12,0,114,16,142,26,4,136,22,188,528,64,592,780
10/03/2000,AFW,TX,ASW,CE,Towers with Display (VFR),33,13,46,10,102,19,5,70,0,94,52,18,116,10,196,494,32,526,722
10/04/2000,AFW,TX,ASW,CE,Towers with Display (VFR),25,10,34,8,77,18,2,138,0,158,43,12,172,8,235,436,38,474,709
10/05/2000,AFW,TX,ASW,CE,Towers with Display (VFR),30,10,41,13,94,15,0,154,7,176,45,10,195,20,270,474,62,536,806
10/06/2000,AFW,TX,ASW,CE,Towers with Display (VFR),29,9,39,12,89,9,0,96,31,136,38,9,135,43,225,14,218,232,457
10/07/2000,AFW,TX,ASW,CE,Towers with Display (VFR),8,2,10,3,23,4,0,32,2,38,12,2,42,5,61,36,8,44,105
10/08/2000,AFW,TX,ASW,CE,Towers with Display (VFR),1,2,6,1,10,0,1,194,8,203,1,3,200,9,213,108,0,108,321
10/09/2000,AFW,TX,ASW,CE,Towers with Display (VFR),10,6,44,14,74,0,0,105,43,148,10,6,149,57,222,344,140,484,706
10/10/2000,AFW,TX,ASW,CE,Towers with Display (VFR),35,9,49,17,110,0,0,87,20,107,35,9,136,37,217,488,90,578,795
10/11/2000,AFW,TX,ASW,CE,Towers with Display (VFR),42,14,60,20,136,0,6,123,0,129,42,20,183,20,265,568,26,594,859
10/12/2000,AFW,TX,ASW,CE,Towers with Display (VFR),38,12,51,17,118,2,0,100,8,110,40,12,151,25,228,436,46,482,710
10/13/2000,AFW,TX,ASW,CE,Towers with Display (VFR),45,16,70,23,154,0,26,74,1,101,45,42,144,24,255,412,34,446,701
10/14/2000,AFW,TX,ASW,CE,Towers with Display (VFR),14,1,22,8,45,0,0,89,2,91,14,1,111,10,136,478,14,492,628
10/15/2000,AFW,TX,ASW,CE,Towers with Display (VFR),0,2,18,3,23,0,0,87,0,87,0,2,105,3,110,120,0,120,230
10/16/2000,AFW,TX,ASW,CE,Towers with Display (VFR),5,4,29,10,48,0,0,133,2,135,5,4,162,12,183,412,16,428,611
10/17/2000,AFW,TX,ASW,CE,Towers with Display (VFR),32,10,42,5,89,11,5,116,0,132,43,15,158,5,221,510,20,530,751
10/18/2000,AFW,TX,ASW,CE,Towers with Display (VFR),32,10,42,9,93,11,8,97,0,116,43,18,139,9,209,522,0,522,731
10/19/2000,AFW,TX,ASW,CE,Towers with Display (VFR),34,10,46,10,100,9,0,116,0,125,43,10,162,10,225,592,8,600,825
10/20/2000,AFW,TX,ASW,CE,Towers with Display (VFR),23,7,31,10,71,10,0,49,0,59,33,7,80,10,130,148,0,148,278
10/21/2000,AFW,TX,ASW,CE,Towers with Display (VFR),10,1,26,0,37,0,0,63,0,63,10,1,89,0,100,114,0,114,214
10/22/2000,AFW,TX,ASW,CE,Towers with Display (VFR),0,1,8,2,11,0,2,18,0,20,0,3,26,2,31,26,0,26,57
10/23/2000,AFW,TX,ASW,CE,Towers with Display (VFR),5,2,13,0,20,0,2,25,0,27,5,4,38,0,47,32,0,32,79
10/24/2000,AFW,TX,ASW,CE,Towers with Display (VFR),40,12,54,2,108,1,13,87,0,101,41,25,141,2,209,462,8,470,679
10/25/2000,AFW,TX,ASW,CE,Towers with Display (VFR),44,14,61,4,123,24,7,37,0,68,68,21,98,4,191,430,24,454,645
10/26/2000,AFW,TX,ASW,CE,Towers with Display (VFR),38,12,52,6,108,5,3,106,0,114,43,15,158,6,222,276,0,276,498
10/27/2000,AFW,TX,ASW,CE,Towers with Display (VFR),36,6,49,15,106,7,0,87,0,94,43,6,136,15,200,156,104,260,460
10/28/2000,AFW,TX,ASW,CE,Towers with Display (VFR),13,1,24,7,45,0,0,43,5,48,13,1,67,12,93,218,10,228,321
10/29/2000,AFW,TX,ASW,CE,Towers with Display (VFR),2,3,21,2,28,0,0,65,0,65,2,3,86,2,93,412,0,412,505
10/30/2000,AFW,TX,ASW,CE,Towers with Display (VFR),17,12,52,16,97,0,1,109,16,126,17,13,161,32,223,444,46,490,713
10/31/2000,AFW,TX,ASW,CE,Towers with Display (VFR),40,8,54,14,116,2,0,139,0,141,42,8,193,14,257,424,88,512,769
11/01/2000,AFW,TX,ASW,CE,Towers with Display (VFR),45,13,44,4,106,2,2,76,0,80,47,15,120,4,186,318,0,318,504
11/02/2000,AFW,TX,ASW,CE,Towers with Display (VFR),35,10,34,11,90,6,4,136,1,147,41,14,170,12,237,418,12,430,667
11/03/2000,AFW,TX,ASW,CE,Towers with Display (VFR),36,10,35,0,81,4,0,7,0,11,40,10,42,0,92,0,0,0,92
11/04/2000,AFW,TX,ASW,CE,Towers with Display (VFR),10,1,8,2,21,5,0,0,0,5,15,1,8,2,26,0,0,0,26
11/05/2000,AFW,TX,ASW,CE,Towers with Display (VFR),1,3,11,3,18,0,0,5,4,9,1,3,16,7,27,2,0,2,29
11/06/2000,AFW,TX,ASW,CE,Towers with Display (VFR),10,5,35,11,61,0,0,104,13,117,10,5,139,24,178,350,82,432,610
11/07/2000,AFW,TX,ASW,CE,Towers with Display (VFR),30,9,29,8,76,14,7,41,0,62,44,16,70,8,138,416,0,416,554
11/08/2000,AFW,TX,ASW,CE,Towers with Display (VFR),33,10,31,2,76,10,3,0,0,13,43,13,31,2,89,32,0,32,121
11/09/2000,AFW,TX,ASW,CE,Towers with Display (VFR),52,15,52,16,135,0,13,135,4,152,52,28,187,20,287,414,60,474,761
11/10/2000,AFW,TX,ASW,CE,Towers with Display (VFR),33,7,32,10,82,1,0,89,4,94,34,7,121,14,176,176,20,196,372
11/11/2000,AFW,TX,ASW,CE,Towers with Display (VFR),11,0,15,4,30,0,0,23,4,27,11,0,38,8,57,34,0,34,91
11/12/2000,AFW,TX,ASW,CE,Towers with Display (VFR),3,2,7,2,14,0,0,3,0,3,3,2,10,2,17,10,0,10,27
11/13/2000,AFW,TX,ASW,CE,Towers with Display (VFR),16,4,31,9,60,0,0,103,18,121,16,4,134,27,181,402,16,418,599
11/14/2000,AFW,TX,ASW,CE,Towers with Display (VFR),44,12,41,11,108,0,1,122,0,123,44,13,163,11,231,524,56,580,811
11/15/2000,AFW,TX,ASW,CE,Towers with Display (VFR),30,8,28,9,75,12,2,71,1,86,42,10,99,10,161,292,28,320,481
11/16/2000,AFW,TX,ASW,CE,Towers with Display (VFR),46,12,42,14,114,2,1,76,16,95,48,13,118,30,209,346,78,424,633
11/17/2000,AFW,TX,ASW,CE,Towers with Display (VFR),32,8,28,10,78,1,2,87,9,99,33,10,115,19,177,292,58,350,527
11/18/2000,AFW,TX,ASW,CE,Towers with Display (VFR),8,0,11,0,19,0,0,89,0,89,8,0,100,0,108,350,0,350,458
11/19/2000,AFW,TX,ASW,CE,Towers with Display (VFR),8,4,15,5,32,0,2,157,10,169,8,6,172,15,201,562,44,606,807
11/20/2000,AFW,TX,ASW,CE,Towers with Display (VFR),14,3,17,6,40,0,0,76,6,82,14,3,93,12,122,472,8,480,602
11/21/2000,AFW,TX,ASW,CE,Towers with Display (VFR),37,9,34,5,85,1,7,95,0,103,38,16,129,5,188,466,36,502,690
11/22/2000,AFW,TX,ASW,CE,Towers with Display (VFR),38,10,35,8,91,14,4,81,0,99,52,14,116,8,190,386,50,436,626
11/23/2000,AFW,TX,ASW,CE,Towers with Display (VFR),8,2,0,0,10,4,6,0,0,10,12,8,0,0,20,0,0,0,20
11/24/2000,AFW,TX,ASW,CE,Towers with Display (VFR),16,1,13,0,30,8,0,0,0,8,24,1,13,0,38,0,0,0,38
11/25/2000,AFW,TX,ASW,CE,Towers with Display (VFR),9,0,10,3,22,0,0,78,1,79,9,0,88,4,101,322,32,354,455
11/26/2000,AFW,TX,ASW,CE,Towers with Display (VFR),2,3,11,1,17,0,0,101,0,101,2,3,112,1,118,340,0,340,458
11/27/2000,AFW,TX,ASW,CE,Towers with Display (VFR),7,3,18,5,33,0,0,103,0,103,7,3,121,5,136,514,40,554,690
11/28/2000,AFW,TX,ASW,CE,Towers with Display (VFR),44,11,42,1,98,7,1,135,0,143,51,12,177,1,241,0,511,511,752
11/29/2000,AFW,TX,ASW,CE,Towers with Display (VFR),42,11,39,12,104,10,3,87,4,104,52,14,126,16,208,444,54,498,706
11/30/2000,AFW,TX,ASW,CE,Towers with Display (VFR),38,9,35,7,89,14,0,180,0,194,52,9,215,7,283,484,26,510,793
12/01/2000,AFW,TX,ASW,CE,Towers with Display (VFR),46,9,28,11,94,10,0,71,0,81,56,9,99,11,175,268,18,286,461
12/02/2000,AFW,TX,ASW,CE,Towers with Display (VFR),41,7,25,12,85,11,0,33,0,44,52,7,58,12,129,152,0,152,281
12/03/2000,AFW,TX,ASW,CE,Towers with Display (VFR),6,4,11,2,23,0,0,112,0,112,6,4,123,2,135,370,0,370,505
12/04/2000,AFW,TX,ASW,CE,Towers with Display (VFR),9,5,15,8,37,0,0,86,15,101,9,5,101,23,138,284,80,364,502
12/05/2000,AFW,TX,ASW,CE,Towers with Display (VFR),51,16,40,23,130,0,4,88,11,103,51,20,128,34,233,466,80,546,779
12/06/2000,AFW,TX,ASW,CE,Towers with Display (VFR),43,11,26,2,82,12,0,80,0,92,55,11,106,2,174,278,4,282,456
12/07/2000,AFW,TX,ASW,CE,Towers with Display (VFR),50,12,29,16,107,7,1,60,3,71,57,13,89,19,178,220,62,282,460
12/08/2000,AFW,TX,ASW,CE,Towers with Display (VFR),51,12,32,17,112,0,0,85,26,111,51,12,117,43,223,318,106,424,647
12/09/2000,AFW,TX,ASW,CE,Towers with Display (VFR),43,4,26,14,87,8,0,67,6,81,51,4,93,20,168,366,20,386,554
12/10/2000,AFW,TX,ASW,CE,Towers with Display (VFR),5,3,14,7,29,0,0,91,37,128,5,3,105,44,157,408,78,486,643
12/11/2000,AFW,TX,ASW,CE,Towers with Display (VFR),7,2,9,4,22,0,0,17,12,29,7,2,26,16,51,64,56,120,171
12/12/2000,AFW,TX,ASW,CE,Towers with Display (VFR),40,9,24,4,77,9,0,37,0,46,49,9,61,4,123,0,174,174,297
12/13/2000,AFW,TX,ASW,CE,Towers with Display (VFR),28,6,17,3,54,6,0,5,0,11,34,6,22,3,65,0,0,0,65
12/14/2000,AFW,TX,ASW,CE,Towers with Display (VFR),55,14,37,20,126,0,0,117,7,124,55,14,154,27,250,458,82,540,790
12/15/2000,AFW,TX,ASW,CE,Towers with Display (VFR),53,14,35,19,121,0,0,14,21,35,53,14,49,40,156,198,10,208,364
12/16/2000,AFW,TX,ASW,CE,Towers with Display (VFR),31,3,17,10,61,22,0,3,0,25,53,3,20,10,86,42,44,86,172
12/17/2000,AFW,TX,ASW,CE,Towers with Display (VFR),8,3,12,8,31,0,0,125,18,143,8,3,137,26,174,284,44,328,502
12/18/2000,AFW,TX,ASW,CE,Towers with Display (VFR),5,3,8,1,17,0,5,97,0,102,5,8,105,1,119,284,0,284,403
12/19/2000,AFW,TX,ASW,CE,Towers with Display (VFR),51,12,31,12,106,0,2,128,0,130,51,14,159,12,236,574,20,594,830
12/20/2000,AFW,TX,ASW,CE,Towers with Display (VFR),45,10,25,12,92,11,2,48,0,61,56,12,73,12,153,172,66,238,391
12/21/2000,AFW,TX,ASW,CE,Towers with Display (VFR),50,11,28,14,103,1,2,111,0,114,51,13,139,14,217,486,82,568,785
12/22/2000,AFW,TX,ASW,CE,Towers with Display (VFR),44,10,25,0,79,12,3,78,0,93,56,13,103,0,172,336,0,336,508
12/23/2000,AFW,TX,ASW,CE,Towers with Display (VFR),30,6,17,0,53,14,6,55,0,75,44,12,72,0,128,20,312,332,460
12/24/2000,AFW,TX,ASW,CE,Towers with Display (VFR),3,1,3,0,7,0,1,36,0,37,3,2,39,0,44,0,70,70,114
12/25/2000,AFW,TX,ASW,CE,Towers with Display (VFR),0,0,0,0,0,0,0,0,0,0,0,0,0,0,0,0,0,0,0
12/26/2000,AFW,TX,ASW,CE,Towers with Display (VFR),3,0,0,0,3,5,1,3,0,9,8,1,3,0,12,0,0,0,12
12/27/2000,AFW,TX,ASW,CE,Towers with Display (VFR),26,5,4,0,35,19,1,0,0,20,45,6,4,0,55,0,0,0,55
12/28/2000,AFW,TX,ASW,CE,Towers with Display (VFR),38,8,21,2,69,6,3,84,0,93,44,11,105,2,162,370,0,370,532
12/29/2000,AFW,TX,ASW,CE,Towers with Display (VFR),32,6,19,5,62,6,0,81,0,87,38,6,100,5,149,188,8,196,345
12/30/2000,AFW,TX,ASW,CE,Towers with Display (VFR),2,2,8,0,12,0,0,134,0,134,2,2,142,0,146,438,0,438,584
12/31/2000,AFW,TX,ASW,CE,Towers with Display (VFR),2,0,2,0,4,0,0,13,0,13,2,0,15,0,17,24,0,24,41
01/01/2001,AFW,TX,ASW,CE,Towers with Display (VFR),1,0,2,0,3,2,0,0,0,2,3,0,2,0,5,0,0,0,5
01/02/2001,AFW,TX,ASW,CE,Towers with Display (VFR),3,2,12,1,18,0,0,63,0,63,3,2,75,1,81,202,0,202,283
01/03/2001,AFW,TX,ASW,CE,Towers with Display (VFR),30,8,28,8,74,11,6,114,0,131,41,14,142,8,205,526,58,584,789
01/04/2001,AFW,TX,ASW,CE,Towers with Display (VFR),38,9,35,24,106,5,5,88,5,103,43,14,123,29,209,342,184,526,735
01/05/2001,AFW,TX,ASW,CE,Towers with Display (VFR),32,7,30,19,88,3,0,51,15,69,35,7,81,34,157,312,54,366,523
01/06/2001,AFW,TX,ASW,CE,Towers with Display (VFR),10,0,13,6,29,0,0,91,0,91,10,0,104,6,120,316,0,316,436
01/07/2001,AFW,TX,ASW,CE,Towers with Display (VFR),0,4,15,9,28,0,0,65,17,82,0,4,80,26,110,202,14,216,326
01/08/2001,AFW,TX,ASW,CE,Towers with Display (VFR),8,3,18,7,36,0,0,172,0,172,8,3,190,7,208,492,22,514,722
01/09/2001,AFW,TX,ASW,CE,Towers with Display (VFR),32,8,30,14,84,6,0,153,0,159,38,8,183,14,243,594,48,642,885
01/10/2001,AFW,TX,ASW,CE,Towers with Display (VFR),42,8,31,3,84,51,0,0,0,51,93,8,31,3,135,104,0,104,239
01/11/2001,AFW,TX,ASW,CE,Towers with Display (VFR),40,9,40,24,113,0,0,42,10,52,40,9,82,34,165,224,22,246,411
01/12/2001,AFW,TX,ASW,CE,Towers with Display (VFR),39,6,27,24,96,0,0,0,18,18,39,6,27,42,114,0,0,0,114
01/13/2001,AFW,TX,ASW,CE,Towers with Display (VFR),11,0,23,14,48,0,0,22,19,41,11,0,45,33,89,106,58,164,253
01/14/2001,AFW,TX,ASW,CE,Towers with Display (VFR),3,3,18,10,34,0,0,126,9,135,3,3,144,19,169,592,28,620,789
01/15/2001,AFW,TX,ASW,CE,Towers with Display (VFR),8,4,13,8,33,0,3,109,1,113,8,7,122,9,146,462,46,508,654
01/16/2001,AFW,TX,ASW,CE,Towers with Display (VFR),31,8,30,0,69,17,6,9,0,32,48,14,39,0,101,0,0,0,101
01/17/2001,AFW,TX,ASW,CE,Towers with Display (VFR),38,9,36,6,89,8,1,7,0,16,46,10,43,6,105,8,0,8,113
01/18/2001,AFW,TX,ASW,CE,Towers with Display (VFR),28,7,22,4,61,16,1,0,0,17,44,8,22,4,78,24,0,24,102
01/19/2001,AFW,TX,ASW,CE,Towers with Display (VFR),36,7,33,22,98,4,0,87,2,93,40,7,120,24,191,376,56,432,623
01/20/2001,AFW,TX,ASW,CE,Towers with Display (VFR),11,0,17,10,38,0,0,119,0,119,11,0,136,10,157,436,14,450,607
01/21/2001,AFW,TX,ASW,CE,Towers with Display (VFR),3,2,22,15,42,0,0,95,30,125,3,2,117,45,167,548,62,610,777
01/22/2001,AFW,TX,ASW,CE,Towers with Display (VFR),12,3,15,7,37,0,1,125,0,126,12,4,140,7,163,486,8,494,657
01/23/2001,AFW,TX,ASW,CE,Towers with Display (VFR),38,9,37,13,97,0,1,137,0,138,38,10,174,13,235,516,22,538,773
01/24/2001,AFW,TX,ASW,CE,Towers with Display (VFR),38,8,35,22,103,0,0,130,5,135,38,8,165,27,238,578,94,672,910
01/25/2001,AFW,TX,ASW,CE,Towers with Display (VFR),38,9,38,24,109,0,1,110,12,123,38,10,148,36,232,752,92,844,1076
01/26/2001,AFW,TX,ASW,CE,Towers with Display (VFR),30,6,28,17,81,4,1,89,13,107,34,7,117,30,188,298,30,328,516
01/27/2001,AFW,TX,ASW,CE,Towers with Display (VFR),9,0,8,4,21,5,0,6,0,11,14,0,14,4,32,30,0,30,62
01/28/2001,AFW,TX,ASW,CE,Towers with Display (VFR),3,1,6,1,11,0,4,2,0,6,3,5,8,1,17,0,0,0,17
01/29/2001,AFW,TX,ASW,CE,Towers with Display (VFR),6,3,17,10,36,0,0,55,20,75,6,3,72,30,111,260,70,330,441
01/30/2001,AFW,TX,ASW,CE,Towers with Display (VFR),36,8,34,20,98,8,5,88,1,102,44,13,122,21,200,406,76,482,682
01/31/2001,AFW,TX,ASW,CE,Towers with Display (VFR),39,8,36,23,106,3,1,136,4,144,42,9,172,27,250,520,50,570,820
02/01/2001,AFW,TX,ASW,CE,Towers with Display (VFR),41,11,45,14,111,0,2,122,0,124,41,13,167,14,235,572,14,586,821
02/02/2001,AFW,TX,ASW,CE,Towers with Display (VFR),35,10,42,14,101,0,2,96,20,118,35,12,138,34,219,380,46,426,645
02/03/2001,AFW,TX,ASW,CE,Towers with Display (VFR),14,9,37,12,72,0,10,110,21,141,14,19,147,33,213,444,12,456,669
02/04/2001,AFW,TX,ASW,CE,Towers with Display (VFR),3,3,19,6,31,0,0,104,10,114,3,3,123,16,145,504,26,530,675
02/05/2001,AFW,TX,ASW,CE,Towers with Display (VFR),8,4,21,7,40,0,0,122,3,125,8,4,143,10,165,532,22,554,719
02/06/2001,AFW,TX,ASW,CE,Towers with Display (VFR),42,11,45,8,106,14,2,160,0,176,56,13,205,8,282,720,30,750,1032
02/07/2001,AFW,TX,ASW,CE,Towers with Display (VFR),30,8,33,5,76,9,0,85,0,94,39,8,118,5,170,438,34,472,642
02/08/2001,AFW,TX,ASW,CE,Towers with Display (VFR),34,9,38,13,94,7,5,94,4,110,41,14,132,17,204,400,24,424,628
02/09/2001,AFW,TX,ASW,CE,Towers with Display (VFR),23,6,26,7,62,11,1,12,0,24,34,7,38,7,86,34,0,34,120
02/10/2001,AFW,TX,ASW,CE,Towers with Display (VFR),11,0,19,6,36,0,0,133,14,147,11,0,152,20,183,524,38,562,745
02/11/2001,AFW,TX,ASW,CE,Towers with Display (VFR),0,2,20,7,29,0,0,87,12,99,0,2,107,19,128,388,12,400,528
02/12/2001,AFW,TX,ASW,CE,Towers with Display (VFR),5,1,10,1,17,0,0,9,0,9,5,1,19,1,26,0,0,0,26
02/13/2001,AFW,TX,ASW,CE,Towers with Display (VFR),25,3,18,0,46,19,0,0,0,19,44,3,18,0,65,0,0,0,65
02/14/2001,AFW,TX,ASW,CE,Towers with Display (VFR),31,7,32,0,70,6,0,23,0,29,37,7,55,0,99,88,0,88,187
02/15/2001,AFW,TX,ASW,CE,Towers with Display (VFR),26,7,17,1,51,18,0,0,0,18,44,7,17,1,69,0,0,0,69
02/16/2001,AFW,TX,ASW,CE,Towers with Display (VFR),32,5,33,12,82,10,0,7,3,20,42,5,40,15,102,60,16,76,178
02/17/2001,AFW,TX,ASW,CE,Towers with Display (VFR),10,0,15,5,30,0,0,120,0,120,10,0,135,5,150,360,0,360,510
02/18/2001,AFW,TX,ASW,CE,Towers with Display (VFR),2,4,17,3,26,0,0,105,0,105,2,4,122,3,131,522,18,540,671
02/19/2001,AFW,TX,ASW,CE,Towers with Display (VFR),7,4,28,11,50,0,0,117,19,136,7,4,145,30,186,494,72,566,752
02/20/2001,AFW,TX,ASW,CE,Towers with Display (VFR),46,8,49,18,121,4,0,133,3,140,50,8,182,21,261,622,22,644,905
02/21/2001,AFW,TX,ASW,CE,Towers with Display (VFR),35,8,33,13,89,4,2,0,1,7,39,10,33,14,96,20,0,20,116
02/22/2001,AFW,TX,ASW,CE,Towers with Display (VFR),40,9,42,14,105,5,2,122,0,129,45,11,164,14,234,826,74,900,1134
02/23/2001,AFW,TX,ASW,CE,Towers with Display (VFR),25,5,17,8,55,8,2,0,0,10,33,7,17,8,65,20,0,20,85
02/24/2001,AFW,TX,ASW,CE,Towers with Display (VFR),10,0,9,0,19,6,0,11,0,17,16,0,20,0,36,42,0,42,78
02/25/2001,AFW,TX,ASW,CE,Towers with Display (VFR),4,2,13,5,24,0,0,212,9,221,4,2,225,14,245,806,18,824,1069
02/26/2001,AFW,TX,ASW,CE,Towers with Display (VFR),3,3,27,4,37,0,0,156,0,156,3,3,183,4,193,558,14,572,765
02/27/2001,AFW,TX,ASW,CE,Towers with Display (VFR),30,7,14,0,51,17,13,0,0,30,47,20,14,0,81,0,0,0,81
02/28/2001,AFW,TX,ASW,CE,Towers with Display (VFR),29,6,16,0,51,12,13,0,0,25,41,19,16,0,76,0,0,0,76
03/01/2001,AFW,TX,ASW,CE,Towers with Display (VFR),37,19,47,15,118,4,0,60,4,68,41,19,107,19,186,322,0,322,508
03/02/2001,AFW,TX,ASW,CE,Towers with Display (VFR),32,16,41,4,93,10,4,104,0,118,42,20,145,4,211,348,0,348,559
03/03/2001,AFW,TX,ASW,CE,Towers with Display (VFR),9,0,21,6,36,0,0,47,13,60,9,0,68,19,96,220,22,242,338
03/04/2001,AFW,TX,ASW,CE,Towers with Display (VFR),2,0,26,8,36,0,0,154,2,156,2,0,180,10,192,630,8,638,830
03/05/2001,AFW,TX,ASW,CE,Towers with Display (VFR),4,7,24,3,38,0,0,139,0,139,4,7,163,3,177,490,0,490,667
03/06/2001,AFW,TX,ASW,CE,Towers with Display (VFR),34,18,45,9,106,13,1,131,0,145,47,19,176,9,251,560,12,572,823
03/07/2001,AFW,TX,ASW,CE,Towers with Display (VFR),41,21,53,18,133,0,0,112,19,131,41,21,165,37,264,496,202,698,962
03/08/2001,AFW,TX,ASW,CE,Towers with Display (VFR),25,13,33,0,71,22,12,86,0,120,47,25,119,0,191,304,0,304,495
03/09/2001,AFW,TX,ASW,CE,Towers with Display (VFR),33,17,43,14,107,3,11,122,7,143,36,28,165,21,250,386,38,424,674
03/10/2001,AFW,TX,ASW,CE,Towers with Display (VFR),13,1,17,5,36,0,0,120,13,133,13,1,137,18,169,514,16,530,699
03/11/2001,AFW,TX,ASW,CE,Towers with Display (VFR),4,0,7,2,13,0,0,0,6,6,4,0,7,8,19,0,0,0,19
03/12/2001,AFW,TX,ASW,CE,Towers with Display (VFR),6,3,24,7,40,0,0,98,6,104,6,3,122,13,144,466,10,476,620
03/13/2001,AFW,TX,ASW,CE,Towers with Display (VFR),36,19,46,15,116,7,4,123,3,137,43,23,169,18,253,576,54,630,883
03/14/2001,AFW,TX,ASW,CE,Towers with Display (VFR),31,16,38,8,93,9,3,69,0,81,40,19,107,8,174,398,40,438,612
03/15/2001,AFW,TX,ASW,CE,Towers with Display (VFR),30,15,38,4,87,18,9,139,0,166,48,24,177,4,253,504,50,554,807
03/16/2001,AFW,TX,ASW,CE,Towers with Display (VFR),38,17,47,17,119,5,0,88,13,106,43,17,135,30,225,306,38,344,569
03/17/2001,AFW,TX,ASW,CE,Towers with Display (VFR),10,0,24,9,43,0,0,102,9,111,10,0,126,18,154,502,68,570,724
03/18/2001,AFW,TX,ASW,CE,Towers with Display (VFR),1,0,11,5,17,0,0,74,21,95,1,0,85,26,112,370,58,428,540
03/19/2001,AFW,TX,ASW,CE,Towers with Display (VFR),4,2,18,6,30,0,0,132,0,132,4,2,150,6,162,582,88,670,832
03/20/2001,AFW,TX,ASW,CE,Towers with Display (VFR),37,18,46,13,114,4,3,145,0,152,41,21,191,13,266,790,30,820,1086
03/21/2001,AFW,TX,ASW,CE,Towers with Display (VFR),34,16,42,15,107,6,9,73,3,91,40,25,115,18,198,622,0,622,820
03/22/2001,AFW,TX,ASW,CE,Towers with Display (VFR),38,18,46,16,118,3,6,132,6,147,41,24,178,22,265,528,48,576,841
03/23/2001,AFW,TX,ASW,CE,Towers with Display (VFR),34,15,41,15,105,7,0,90,4,101,41,15,131,19,206,470,106,576,782
03/24/2001,AFW,TX,ASW,CE,Towers with Display (VFR),8,0,10,4,22,3,0,28,0,31,11,0,38,4,53,108,4,112,165
03/25/2001,AFW,TX,ASW,CE,Towers with Display (VFR),7,0,19,6,32,0,0,151,0,151,7,0,170,6,183,558,26,584,767
03/26/2001,AFW,TX,ASW,CE,Towers with Display (VFR),6,4,18,1,29,0,0,176,0,176,6,4,194,1,205,660,0,660,865
03/27/2001,AFW,TX,ASW,CE,Towers with Display (VFR),27,13,19,6,65,15,5,0,0,20,42,18,19,6,85,0,0,0,85
03/28/2001,AFW,TX,ASW,CE,Towers with Display (VFR),36,17,44,4,101,4,6,2,0,12,40,23,46,4,113,0,0,0,113
03/29/2001,AFW,TX,ASW,CE,Towers with Display (VFR),48,26,67,9,150,0,0,53,0,53,48,26,120,9,203,248,12,260,463
03/30/2001,AFW,TX,ASW,CE,Towers with Display (VFR),40,20,53,11,124,0,1,196,0,197,40,21,249,11,321,434,0,434,755
03/31/2001,AFW,TX,ASW,CE,Towers with Display (VFR),10,18,47,15,90,0,314,174,5,493,10,332,221,20,583,376,40,416,999
04/01/2001,AFW,TX,ASW,CE,Towers with Display (VFR),12,43,155,7,217,0,1237,296,0,1533,12,1280,451,7,1750,148,0,148,1898
04/02/2001,AFW,TX,ASW,CE,Towers with Display (VFR),3,4,44,15,66,0,0,93,26,119,3,4,137,41,185,550,132,682,867
04/03/2001,AFW,TX,ASW,CE,Towers with Display (VFR),38,19,69,23,149,4,3,58,6,71,42,22,127,29,220,440,52,492,712
04/04/2001,AFW,TX,ASW,CE,Towers with Display (VFR),26,14,49,9,98,16,4,52,0,72,42,18,101,9,170,372,18,390,560
04/05/2001,AFW,TX,ASW,CE,Towers with Display (VFR),28,14,52,12,106,12,5,47,0,64,40,19,99,12,170,222,30,252,422
04/06/2001,AFW,TX,ASW,CE,Towers with Display (VFR),28,14,52,17,111,11,2,43,23,79,39,16,95,40,190,220,26,246,436
04/07/2001,AFW,TX,ASW,CE,Towers with Display (VFR),13,0,28,9,50,0,0,101,12,113,13,0,129,21,163,474,52,526,689
04/08/2001,AFW,TX,ASW,CE,Towers with Display (VFR),3,4,19,6,32,0,0,113,5,118,3,4,132,11,150,482,54,536,686
04/09/2001,AFW,TX,ASW,CE,Towers with Display (VFR),5,3,32,11,51,0,0,141,4,145,5,3,173,15,196,646,20,666,862
04/10/2001,AFW,TX,ASW,CE,Towers with Display (VFR),21,11,40,12,84,17,11,78,0,106,38,22,118,12,190,522,28,550,740
04/11/2001,AFW,TX,ASW,CE,Towers with Display (VFR),23,12,43,6,84,17,13,37,0,67,40,25,80,6,151,438,28,466,617
04/12/2001,AFW,TX,ASW,CE,Towers with Display (VFR),28,15,52,15,110,15,13,65,0,93,43,28,117,15,203,376,48,424,627
04/13/2001,AFW,TX,ASW,CE,Towers with Display (VFR),22,11,39,14,86,17,6,63,0,86,39,17,102,14,172,343,14,357,529
04/14/2001,AFW,TX,ASW,CE,Towers with Display (VFR),6,1,9,2,18,4,0,79,0,83,10,1,88,2,101,442,0,442,543
04/15/2001,AFW,TX,ASW,CE,Towers with Display (VFR),2,0,9,3,14,0,0,111,4,115,2,0,120,7,129,466,40,506,635
04/16/2001,AFW,TX,ASW,CE,Towers with Display (VFR),6,4,27,9,46,0,0,149,6,155,6,4,176,15,201,554,40,594,795
04/17/2001,AFW,TX,ASW,CE,Towers with Display (VFR),30,15,53,10,108,13,12,65,0,90,43,27,118,10,198,548,82,630,828
04/18/2001,AFW,TX,ASW,CE,Towers with Display (VFR),32,15,57,20,124,10,6,110,2,128,42,21,167,22,252,652,44,696,948
04/19/2001,AFW,TX,ASW,CE,Towers with Display (VFR),31,15,55,19,120,12,4,21,2,39,43,19,76,21,159,122,80,202,361
04/20/2001,AFW,TX,ASW,CE,Towers with Display (VFR),24,11,42,12,89,14,5,53,0,72,38,16,95,12,161,152,4,156,317
04/21/2001,AFW,TX,ASW,CE,Towers with Display (VFR),21,0,56,17,94,0,0,164,0,164,21,0,220,17,258,444,56,500,758
04/22/2001,AFW,TX,ASW,CE,Towers with Display (VFR),5,1,28,10,44,0,0,156,15,171,5,1,184,25,215,310,56,366,581
04/23/2001,AFW,TX,ASW,CE,Towers with Display (VFR),13,4,42,15,74,0,0,127,14,141,13,4,169,29,215,432,46,478,693
04/24/2001,AFW,TX,ASW,CE,Towers with Display (VFR),29,14,52,11,106,8,7,91,0,106,37,21,143,11,212,462,60,522,734
04/25/2001,AFW,TX,ASW,CE,Towers with Display (VFR),26,12,46,4,88,17,10,91,0,118,43,22,137,4,206,484,40,524,730
04/26/2001,AFW,TX,ASW,CE,Towers with Display (VFR),30,14,54,8,106,10,5,149,0,164,40,19,203,8,270,494,38,532,802
04/27/2001,AFW,TX,ASW,CE,Towers with Display (VFR),29,13,51,17,110,6,2,131,4,143,35,15,182,21,253,492,92,584,837
04/28/2001,AFW,TX,ASW,CE,Towers with Display (VFR),8,1,35,11,55,0,0,169,17,186,8,1,204,28,241,710,96,806,1047
04/29/2001,AFW,TX,ASW,CE,Towers with Display (VFR),2,7,40,14,63,0,0,159,8,167,2,7,199,22,230,498,64,562,792
04/30/2001,AFW,TX,ASW,CE,Towers with Display (VFR),4,5,26,8,43,0,0,129,9,138,4,5,155,17,181,554,28,582,763
05/01/2001,AFW,TX,ASW,CE,Towers with Display (VFR),29,18,44,6,97,7,3,108,0,118,36,21,152,6,215,678,10,688,903
05/02/2001,AFW,TX,ASW,CE,Towers with Display (VFR),28,17,42,16,103,4,7,77,4,92,32,24,119,20,195,686,112,798,993
05/03/2001,AFW,TX,ASW,CE,Towers with Display (VFR),29,20,49,11,109,0,2,73,0,75,29,22,122,11,184,78,42,120,304
05/04/2001,AFW,TX,ASW,CE,Towers with Display (VFR),22,14,34,1,71,7,2,40,0,49,29,16,74,1,120,300,4,304,424
05/05/2001,AFW,TX,ASW,CE,Towers with Display (VFR),11,3,17,7,38,0,0,46,3,49,11,3,63,10,87,194,52,246,333
05/06/2001,AFW,TX,ASW,CE,Towers with Display (VFR),3,0,20,8,31,0,0,84,14,98,3,0,104,22,129,372,54,426,555
05/07/2001,AFW,TX,ASW,CE,Towers with Display (VFR),4,5,18,7,34,0,0,89,4,93,4,5,107,11,127,506,30,536,663
05/08/2001,AFW,TX,ASW,CE,Towers with Display (VFR),23,14,35,3,75,11,7,127,0,145,34,21,162,3,220,596,4,600,820
05/09/2001,AFW,TX,ASW,CE,Towers with Display (VFR),29,18,44,17,108,3,11,104,9,127,32,29,148,26,235,316,4,320,555
05/10/2001,AFW,TX,ASW,CE,Towers with Display (VFR),26,16,40,6,88,11,6,78,0,95,37,22,118,6,183,240,28,268,451
05/11/2001,AFW,TX,ASW,CE,Towers with Display (VFR),28,16,50,19,113,0,0,58,34,92,28,16,108,53,205,286,66,352,557
05/12/2001,AFW,TX,ASW,CE,Towers with Display (VFR),7,8,30,11,56,0,0,147,21,168,7,8,177,32,224,402,96,498,722
05/13/2001,AFW,TX,ASW,CE,Towers with Display (VFR),0,0,17,7,24,0,0,109,22,131,0,0,126,29,155,394,80,474,629
05/14/2001,AFW,TX,ASW,CE,Towers with Display (VFR),13,6,29,11,59,0,0,133,8,141,13,6,162,19,200,544,18,562,762
05/15/2001,AFW,TX,ASW,CE,Towers with Display (VFR),32,19,47,18,116,7,6,80,0,93,39,25,127,18,209,312,40,352,561
05/16/2001,AFW,TX,ASW,CE,Towers with Display (VFR),32,20,47,19,118,5,2,65,2,74,37,22,112,21,192,316,2,318,510
05/17/2001,AFW,TX,ASW,CE,Towers with Display (VFR),24,14,34,8,80,8,6,96,0,110,32,20,130,8,190,282,20,302,492
05/18/2001,AFW,TX,ASW,CE,Towers with Display (VFR),30,17,43,18,108,5,0,57,29,91,35,17,100,47,199,348,70,418,617
05/19/2001,AFW,TX,ASW,CE,Towers with Display (VFR),6,0,13,5,24,0,0,92,7,99,6,0,105,12,123,446,132,578,701
05/20/2001,AFW,TX,ASW,CE,Towers with Display (VFR),6,0,28,12,46,0,0,124,29,153,6,0,152,41,199,452,154,606,805
05/21/2001,AFW,TX,ASW,CE,Towers with Display (VFR),5,4,16,6,31,0,0,102,0,102,5,4,118,6,133,410,30,440,573
05/22/2001,AFW,TX,ASW,CE,Towers with Display (VFR),27,15,39,6,87,6,5,178,0,189,33,20,217,6,276,838,8,846,1122
05/23/2001,AFW,TX,ASW,CE,Towers with Display (VFR),29,16,41,16,102,15,4,76,0,95,44,20,117,16,197,636,50,686,883
05/24/2001,AFW,TX,ASW,CE,Towers with Display (VFR),27,15,39,15,96,4,5,111,0,120,31,20,150,15,216,288,44,332,548
05/25/2001,AFW,TX,ASW,CE,Towers with Display (VFR),23,13,33,8,77,6,5,125,0,136,29,18,158,8,213,348,6,354,567
05/26/2001,AFW,TX,ASW,CE,Towers with Display (VFR),7,0,9,0,16,1,0,132,0,133,8,0,141,0,149,502,0,502,651
05/27/2001,AFW,TX,ASW,CE,Towers with Display (VFR),1,3,14,6,24,0,0,95,0,95,1,3,109,6,119,440,32,472,591
05/28/2001,AFW,TX,ASW,CE,Towers with Display (VFR),1,0,14,2,17,0,0,104,0,104,1,0,118,2,121,378,4,382,503
05/29/2001,AFW,TX,ASW,CE,Towers with Display (VFR),6,7,27,5,45,0,0,141,0,141,6,7,168,5,186,564,58,622,808
05/30/2001,AFW,TX,ASW,CE,Towers with Display (VFR),25,15,38,2,80,5,14,84,0,103,30,29,122,2,183,534,14,548,731
05/31/2001,AFW,TX,ASW,CE,Towers with Display (VFR),28,16,42,16,102,3,5,96,2,106,31,21,138,18,208,198,24,222,430
06/01/2001,AFW,TX,ASW,CE,Towers with Display (VFR),26,19,39,17,101,0,0,94,3,97,26,19,133,20,198,260,46,306,504
06/02/2001,AFW,TX,ASW,CE,Towers with Display (VFR),8,0,10,24,42,0,0,141,0,141,8,0,151,24,183,456,64,520,703
06/03/2001,AFW,TX,ASW,CE,Towers with Display (VFR),2,1,17,29,49,0,0,84,3,87,2,1,101,32,136,216,46,262,398
06/04/2001,AFW,TX,ASW,CE,Towers with Display (VFR),9,9,20,27,65,0,0,126,0,126,9,9,146,27,191,316,78,394,585
06/05/2001,AFW,TX,ASW,CE,Towers with Display (VFR),31,22,26,18,97,0,1,103,5,109,31,23,129,23,206,494,14,508,714
06/06/2001,AFW,TX,ASW,CE,Towers with Display (VFR),35,23,78,10,146,0,0,97,1,98,35,23,175,11,244,550,8,558,802
06/07/2001,AFW,TX,ASW,CE,Towers with Display (VFR),31,21,42,15,109,3,2,98,4,107,34,23,140,19,216,308,6,314,530
06/08/2001,AFW,TX,ASW,CE,Towers with Display (VFR),25,14,57,41,137,4,6,142,12,164,29,20,199,53,301,388,116,504,805
06/09/2001,AFW,TX,ASW,CE,Towers with Display (VFR),8,5,40,30,83,0,41,134,3,178,8,46,174,33,261,324,98,422,683
06/10/2001,AFW,TX,ASW,CE,Towers with Display (VFR),1,0,35,33,69,0,0,156,0,156,1,0,191,33,225,518,86,604,829
06/11/2001,AFW,TX,ASW,CE,Towers with Display (VFR),9,4,30,43,86,0,1,85,0,86,9,5,115,43,172,392,146,538,710
06/12/2001,AFW,TX,ASW,CE,Towers with Display (VFR),30,20,37,34,121,0,3,96,2,101,30,23,133,36,222,408,118,526,748
06/13/2001,AFW,TX,ASW,CE,Towers with Display (VFR),32,24,21,29,106,0,0,93,0,93,32,24,114,29,199,482,84,566,765
06/14/2001,AFW,TX,ASW,CE,Towers with Display (VFR),26,17,24,6,73,0,4,31,0,35,26,21,55,6,108,48,0,48,156
06/15/2001,AFW,TX,ASW,CE,Towers with Display (VFR),29,16,46,30,121,2,5,57,13,77,31,21,103,43,198,238,22,260,458
06/16/2001,AFW,TX,ASW,CE,Towers with Display (VFR),10,0,19,19,48,0,0,86,5,91,10,0,105,24,139,388,84,472,611
06/17/2001,AFW,TX,ASW,CE,Towers with Display (VFR),1,0,42,17,60,0,0,88,0,88,1,0,130,17,148,494,36,530,678
06/18/2001,AFW,TX,ASW,CE,Towers with Display (VFR),8,3,29,8,48,0,0,132,0,132,8,3,161,8,180,570,4,574,754
06/19/2001,AFW,TX,ASW,CE,Towers with Display (VFR),31,22,32,13,98,0,0,100,4,104,31,22,132,17,202,460,104,564,766
06/20/2001,AFW,TX,ASW,CE,Towers with Display (VFR),38,21,20,15,94,0,1,108,0,109,38,22,128,15,203,450,46,496,699
06/21/2001,AFW,TX,ASW,CE,Towers with Display (VFR),30,19,17,5,71,0,1,55,2,58,30,20,72,7,129,174,8,182,311
06/22/2001,AFW,TX,ASW,CE,Towers with Display (VFR),32,15,25,16,88,3,0,52,5,60,35,15,77,21,148,110,12,122,270
06/23/2001,AFW,TX,ASW,CE,Towers with Display (VFR),7,0,28,11,46,0,0,45,0,45,7,0,73,11,91,100,0,100,191
06/24/2001,AFW,TX,ASW,CE,Towers with Display (VFR),1,0,19,27,47,0,1,54,0,55,1,1,73,27,102,156,8,164,266
06/25/2001,AFW,TX,ASW,CE,Towers with Display (VFR),4,3,21,10,38,0,0,41,2,43,4,3,62,12,81,84,22,106,187
06/26/2001,AFW,TX,ASW,CE,Towers with Display (VFR),28,18,30,16,92,0,0,78,2,80,28,18,108,18,172,344,68,412,584
06/27/2001,AFW,TX,ASW,CE,Towers with Display (VFR),31,15,48,5,99,0,0,79,4,83,31,15,127,9,182,232,4,236,418
06/28/2001,AFW,TX,ASW,CE,Towers with Display (VFR),26,16,26,36,104,0,0,60,2,62,26,16,86,38,166,144,24,168,334
06/29/2001,AFW,TX,ASW,CE,Towers with Display (VFR),35,13,25,14,87,0,0,37,0,37,35,13,62,14,124,94,4,98,222
06/30/2001,AFW,TX,ASW,CE,Towers with Display (VFR),10,0,21,1,32,1,0,35,0,36,11,0,56,1,68,94,0,94,162
07/01/2001,AFW,TX,ASW,CE,Towers with Display (VFR),5,2,22,18,47,0,0,34,7,41,5,2,56,25,88,54,28,82,170
07/02/2001,AFW,TX,ASW,CE,Towers with Display (VFR),5,4,37,11,57,0,1,68,0,69,5,5,105,11,126,190,20,210,336
07/03/2001,AFW,TX,ASW,CE,Towers with Display (VFR),27,17,28,19,91,0,0,113,0,113,27,17,141,19,204,386,50,436,640
07/04/2001,AFW,TX,ASW,CE,Towers with Display (VFR),8,1,20,0,29,0,2,50,0,52,8,3,70,0,81,164,0,164,245
07/05/2001,AFW,TX,ASW,CE,Towers with Display (VFR),27,17,18,2,64,0,2,54,0,56,27,19,72,2,120,54,0,54,174
07/06/2001,AFW,TX,ASW,CE,Towers with Display (VFR),27,11,14,27,79,0,0,73,0,73,27,11,87,27,152,168,6,174,326
07/07/2001,AFW,TX,ASW,CE,Towers with Display (VFR),6,0,13,29,48,0,0,71,0,71,6,0,84,29,119,218,32,250,369
07/08/2001,AFW,TX,ASW,CE,Towers with Display (VFR),4,2,15,17,38,0,0,38,2,40,4,2,53,19,78,194,12,206,284
07/09/2001,AFW,TX,ASW,CE,Towers with Display (VFR),7,3,13,2,25,0,5,47,0,52,7,8,60,2,77,120,0,120,197
07/10/2001,AFW,TX,ASW,CE,Towers with Display (VFR),27,16,24,14,81,0,4,65,0,69,27,20,89,14,150,146,22,168,318
07/11/2001,AFW,TX,ASW,CE,Towers with Display (VFR),28,18,32,15,93,0,0,66,8,74,28,18,98,23,167,142,12,154,321
07/12/2001,AFW,TX,ASW,CE,Towers with Display (VFR),30,15,14,14,73,0,0,44,0,44,30,15,58,14,117,112,8,120,237
07/13/2001,AFW,TX,ASW,CE,Towers with Display (VFR),25,14,18,22,79,5,0,50,1,56,30,14,68,23,135,120,20,140,275
07/14/2001,AFW,TX,ASW,CE,Towers with Display (VFR),8,0,15,6,29,0,0,54,4,58,8,0,69,10,87,116,0,116,203
07/15/2001,AFW,TX,ASW,CE,Towers with Display (VFR),3,0,22,17,42,0,0,29,2,31,3,0,51,19,73,82,24,106,179
07/16/2001,AFW,TX,ASW,CE,Towers with Display (VFR),3,3,26,7,39,0,0,40,0,40,3,3,66,7,79,80,0,80,159
07/17/2001,AFW,TX,ASW,CE,Towers with Display (VFR),29,19,18,10,76,0,0,79,2,81,29,19,97,12,157,298,24,322,479
07/18/2001,AFW,TX,ASW,CE,Towers with Display (VFR),30,23,23,12,88,1,2,80,1,84,31,25,103,13,172,156,26,182,354
07/19/2001,AFW,TX,ASW,CE,Towers with Display (VFR),28,17,15,17,77,0,0,70,2,72,28,17,85,19,149,216,14,230,379
07/20/2001,AFW,TX,ASW,CE,Towers with Display (VFR),30,12,22,47,111,0,0,49,1,50,30,12,71,48,161,134,36,170,331
07/21/2001,AFW,TX,ASW,CE,Towers with Display (VFR),16,0,20,13,49,0,0,68,0,68,16,0,88,13,117,152,12,164,281
07/22/2001,AFW,TX,ASW,CE,Towers with Display (VFR),9,0,14,31,54,0,0,41,1,42,9,0,55,32,96,120,42,162,258
07/23/2001,AFW,TX,ASW,CE,Towers with Display (VFR),6,3,16,17,42,0,0,53,2,55,6,3,69,19,97,166,82,248,345
07/24/2001,AFW,TX,ASW,CE,Towers with Display (VFR),29,16,18,13,76,0,0,45,0,45,29,16,63,13,121,118,24,142,263
07/25/2001,AFW,TX,ASW,CE,Towers with Display (VFR),29,15,46,14,104,0,0,87,3,90,29,15,133,17,194,208,18,226,420
07/26/2001,AFW,TX,ASW,CE,Towers with Display (VFR),28,18,30,37,113,0,1,61,7,69,28,19,91,44,182,108,2,110,292
07/27/2001,AFW,TX,ASW,CE,Towers with Display (VFR),29,15,17,47,108,0,1,44,5,50,29,16,61,52,158,36,16,52,210
07/28/2001,AFW,TX,ASW,CE,Towers with Display (VFR),9,2,20,34,65,0,0,67,1,68,9,2,87,35,133,238,52,290,423
07/29/2001,AFW,TX,ASW,CE,Towers with Display (VFR),5,3,12,24,44,0,0,33,11,44,5,3,45,35,88,48,42,90,178
07/30/2001,AFW,TX,ASW,CE,Towers with Display (VFR),4,5,25,16,50,0,0,77,1,78,4,5,102,17,128,102,18,120,248
07/31/2001,AFW,TX,ASW,CE,Towers with Display (VFR),30,19,21,39,109,0,0,92,0,92,30,19,113,39,201,190,32,222,423
08/01/2001,AFW,TX,ASW,CE,Towers with Display (VFR),26,15,24,13,78,0,0,74,3,77,26,15,98,16,155,166,4,170,325
08/02/2001,AFW,TX,ASW,CE,Towers with Display (VFR),39,19,12,6,76,0,0,76,1,77,39,19,88,7,153,276,4,280,433
08/03/2001,AFW,TX,ASW,CE,Towers with Display (VFR),31,15,22,24,92,0,0,74,0,74,31,15,96,24,166,136,16,152,318
08/04/2001,AFW,TX,ASW,CE,Towers with Display (VFR),13,0,7,18,38,0,0,71,0,71,13,0,78,18,109,176,0,176,285
08/05/2001,AFW,TX,ASW,CE,Towers with Display (VFR),4,2,16,6,28,0,0,28,1,29,4,2,44,7,57,88,12,100,157
08/06/2001,AFW,TX,ASW,CE,Towers with Display (VFR),9,3,33,22,67,0,2,93,0,95,9,5,126,22,162,180,16,196,358
08/07/2001,AFW,TX,ASW,CE,Towers with Display (VFR),29,15,31,17,92,0,1,97,0,98,29,16,128,17,190,272,6,278,468
08/08/2001,AFW,TX,ASW,CE,Towers with Display (VFR),27,15,36,15,93,0,1,110,2,113,27,16,146,17,206,314,8,322,528
08/09/2001,AFW,TX,ASW,CE,Towers with Display (VFR),30,16,28,26,100,0,2,79,3,84,30,18,107,29,184,304,10,314,498
08/10/2001,AFW,TX,ASW,CE,Towers with Display (VFR),24,13,28,23,88,0,0,49,12,61,24,13,77,35,149,146,34,180,329
08/11/2001,AFW,TX,ASW,CE,Towers with Display (VFR),7,0,25,14,46,0,4,50,0,54,7,4,75,14,100,82,12,94,194
08/12/2001,AFW,TX,ASW,CE,Towers with Display (VFR),8,0,13,17,38,0,0,58,3,61,8,0,71,20,99,168,18,186,285
08/13/2001,AFW,TX,ASW,CE,Towers with Display (VFR),7,3,25,4,39,0,0,98,1,99,7,3,123,5,138,218,0,218,356
08/14/2001,AFW,TX,ASW,CE,Towers with Display (VFR),30,17,12,19,78,0,16,69,0,85,30,33,81,19,163,168,36,204,367
08/15/2001,AFW,TX,ASW,CE,Towers with Display (VFR),31,16,19,21,87,0,0,68,6,74,31,16,87,27,161,108,0,108,269
08/16/2001,AFW,TX,ASW,CE,Towers with Display (VFR),30,21,29,24,104,0,0,65,3,68,30,21,94,27,172,92,14,106,278
08/17/2001,AFW,TX,ASW,CE,Towers with Display (VFR),25,13,17,24,79,0,0,14,0,14,25,13,31,24,93,20,16,36,129
08/18/2001,AFW,TX,ASW,CE,Towers with Display (VFR),8,0,22,5,35,0,0,72,3,75,8,0,94,8,110,188,4,192,302
08/19/2001,AFW,TX,ASW,CE,Towers with Display (VFR),2,0,16,24,42,0,0,77,1,78,2,0,93,25,120,196,16,212,332
08/20/2001,AFW,TX,ASW,CE,Towers with Display (VFR),3,3,31,28,65,0,0,79,3,82,3,3,110,31,147,130,22,152,299
08/21/2001,AFW,TX,ASW,CE,Towers with Display (VFR),29,17,27,4,77,0,0,71,2,73,29,17,98,6,150,154,0,154,304
08/22/2001,AFW,TX,ASW,CE,Towers with Display (VFR),31,16,14,17,78,0,0,59,4,63,31,16,73,21,141,78,22,100,241
08/23/2001,AFW,TX,ASW,CE,Towers with Display (VFR),32,19,27,23,101,0,0,67,0,67,32,19,94,23,168,110,24,134,302
08/24/2001,AFW,TX,ASW,CE,Towers with Display (VFR),32,13,40,35,120,0,3,65,2,70,32,16,105,37,190,30,14,44,234
08/25/2001,AFW,TX,ASW,CE,Towers with Display (VFR),11,0,33,4,48,0,0,72,2,74,11,0,105,6,122,108,0,108,230
08/26/2001,AFW,TX,ASW,CE,Towers with Display (VFR),2,0,27,4,33,0,0,36,0,36,2,0,63,4,69,38,0,38,107
08/27/2001,AFW,TX,ASW,CE,Towers with Display (VFR),6,4,44,8,62,0,1,88,0,89,6,5,132,8,151,228,0,228,379
08/28/2001,AFW,TX,ASW,CE,Towers with Display (VFR),26,24,42,14,106,0,0,70,1,71,26,24,112,15,177,178,16,194,371
08/29/2001,AFW,TX,ASW,CE,Towers with Display (VFR),29,21,25,11,86,0,0,48,6,54,29,21,73,17,140,86,0,86,226
08/30/2001,AFW,TX,ASW,CE,Towers with Display (VFR),27,19,39,6,91,0,0,0,0,0,27,19,39,6,91,0,2,2,93
08/31/2001,AFW,TX,ASW,CE,Towers with Display (VFR),18,11,19,1,49,6,5,11,0,22,24,16,30,1,71,46,4,50,121
09/01/2001,AFW,TX,ASW,CE,Towers with Display (VFR),8,0,27,0,35,0,0,16,0,16,8,0,43,0,51,40,0,40,91
09/02/2001,AFW,TX,ASW,CE,Towers with Display (VFR),2,0,9,10,21,0,0,31,0,31,2,0,40,10,52,88,6,94,146
09/03/2001,AFW,TX,ASW,CE,Towers with Display (VFR),3,0,17,6,26,0,0,57,0,57,3,0,74,6,83,138,0,138,221
09/04/2001,AFW,TX,ASW,CE,Towers with Display (VFR),4,4,21,5,34,0,0,17,0,17,4,4,38,5,51,48,0,48,99
09/05/2001,AFW,TX,ASW,CE,Towers with Display (VFR),29,30,21,7,87,0,0,7,0,7,29,30,28,7,94,28,2,30,124
09/06/2001,AFW,TX,ASW,CE,Towers with Display (VFR),29,20,31,6,86,0,1,69,2,72,29,21,100,8,158,222,4,226,384
09/07/2001,AFW,TX,ASW,CE,Towers with Display (VFR),25,20,27,49,121,0,0,62,2,64,25,20,89,51,185,58,44,102,287
09/08/2001,AFW,TX,ASW,CE,Towers with Display (VFR),6,0,31,33,70,0,0,47,6,53,6,0,78,39,123,142,40,182,305
09/09/2001,AFW,TX,ASW,CE,Towers with Display (VFR),4,2,19,28,53,0,0,32,5,37,4,2,51,33,90,66,16,82,172
09/10/2001,AFW,TX,ASW,CE,Towers with Display (VFR),6,3,36,22,67,0,0,82,2,84,6,3,118,24,151,158,24,182,333
09/11/2001,AFW,TX,ASW,CE,Towers with Display (VFR),17,13,2,1,33,0,0,9,0,9,17,13,11,1,42,4,0,4,46
09/12/2001,AFW,TX,ASW,CE,Towers with Display (VFR),0,3,0,0,3,0,0,0,0,0,0,3,0,0,3,0,0,0,3
09/13/2001,AFW,TX,ASW,CE,Towers with Display (VFR),5,22,0,0,27,0,2,6,0,8,5,24,6,0,35,20,0,20,55
09/14/2001,AFW,TX,ASW,CE,Towers with Display (VFR),28,10,1,12,51,1,4,0,4,9,29,14,1,16,60,10,26,36,96
09/15/2001,AFW,TX,ASW,CE,Towers with Display (VFR),8,1,29,6,44,0,1,1,0,2,8,2,30,6,46,28,22,50,96
09/16/2001,AFW,TX,ASW,CE,Towers with Display (VFR),6,4,10,8,28,0,1,1,0,2,6,5,11,8,30,18,10,28,58
09/17/2001,AFW,TX,ASW,CE,Towers with Display (VFR),9,7,23,26,65,0,0,0,0,0,9,7,23,26,65,0,74,74,139
09/18/2001,AFW,TX,ASW,CE,Towers with Display (VFR),28,25,23,13,89,0,4,0,2,6,28,29,23,15,95,0,0,0,95
09/19/2001,AFW,TX,ASW,CE,Towers with Display (VFR),28,20,40,15,103,0,1,1,0,2,28,21,41,15,105,2,0,2,107
09/20/2001,AFW,TX,ASW,CE,Towers with Display (VFR),28,23,44,6,101,0,0,0,0,0,28,23,44,6,101,0,6,6,107
09/21/2001,AFW,TX,ASW,CE,Towers with Display (VFR),26,18,44,33,121,0,0,0,0,0,26,18,44,33,121,16,0,16,137
09/22/2001,AFW,TX,ASW,CE,Towers with Display (VFR),10,2,16,24,52,1,2,3,3,9,11,4,19,27,61,0,24,24,85
09/23/2001,AFW,TX,ASW,CE,Towers with Display (VFR),0,0,29,6,35,0,0,14,1,15,0,0,43,7,50,14,0,14,64
09/24/2001,AFW,TX,ASW,CE,Towers with Display (VFR),6,3,40,2,51,0,0,26,0,26,6,3,66,2,77,86,0,86,163
09/25/2001,AFW,TX,ASW,CE,Towers with Display (VFR),29,26,17,17,89,0,2,20,0,22,29,28,37,17,111,88,38,126,237
09/26/2001,AFW,TX,ASW,CE,Towers with Display (VFR),29,23,30,4,86,0,2,17,0,19,29,25,47,4,105,74,8,82,187
09/27/2001,AFW,TX,ASW,CE,Towers with Display (VFR),26,18,30,2,76,0,4,24,0,28,26,22,54,2,104,102,0,102,206
09/28/2001,AFW,TX,ASW,CE,Towers with Display (VFR),24,23,30,0,77,0,5,28,0,33,24,28,58,0,110,66,0,66,176
09/29/2001,AFW,TX,ASW,CE,Towers with Display (VFR),6,0,17,0,23,0,0,16,0,16,6,0,33,0,39,44,0,44,83
09/30/2001,AFW,TX,ASW,CE,Towers with Display (VFR),2,0,15,0,17,0,0,17,0,17,2,0,32,0,34,18,0,18,52
10/01/2001,AFW,TX,ASW,CE,Towers with Display (VFR),11,4,33,10,58,0,6,28,1,35,11,10,61,11,93,84,8,92,185
10/02/2001,AFW,TX,ASW,CE,Towers with Display (VFR),29,23,30,4,86,0,1,28,0,29,29,24,58,4,115,86,4,90,205
10/03/2001,AFW,TX,ASW,CE,Towers with Display (VFR),28,21,28,17,94,0,7,33,8,48,28,28,61,25,142,98,46,144,286
10/04/2001,AFW,TX,ASW,CE,Towers with Display (VFR),33,27,41,27,128,0,5,35,0,40,33,32,76,27,168,110,44,154,322
10/05/2001,AFW,TX,ASW,CE,Towers with Display (VFR),29,18,46,0,93,4,2,14,0,20,33,20,60,0,113,14,0,14,127
10/06/2001,AFW,TX,ASW,CE,Towers with Display (VFR),6,7,28,4,45,0,11,30,0,41,6,18,58,4,86,120,42,162,248
10/07/2001,AFW,TX,ASW,CE,Towers with Display (VFR),0,2,20,5,27,0,0,18,5,23,0,2,38,10,50,42,14,56,106
10/08/2001,AFW,TX,ASW,CE,Towers with Display (VFR),4,4,33,0,41,0,0,32,0,32,4,4,65,0,73,160,0,160,233
10/09/2001,AFW,TX,ASW,CE,Towers with Display (VFR),29,24,31,4,88,0,0,22,0,22,29,24,53,4,110,26,0,26,136
10/10/2001,AFW,TX,ASW,CE,Towers with Display (VFR),28,25,29,0,82,0,0,6,2,8,28,25,35,2,90,10,2,12,102
10/11/2001,AFW,TX,ASW,CE,Towers with Display (VFR),32,22,46,6,106,0,0,12,0,12,32,22,58,6,118,78,0,78,196
10/12/2001,AFW,TX,ASW,CE,Towers with Display (VFR),30,22,32,8,92,0,0,14,1,15,30,22,46,9,107,34,6,40,147
10/13/2001,AFW,TX,ASW,CE,Towers with Display (VFR),6,4,25,15,50,0,0,24,0,24,6,4,49,15,74,134,10,144,218
10/14/2001,AFW,TX,ASW,CE,Towers with Display (VFR),0,5,22,30,57,0,0,31,3,34,0,5,53,33,91,100,20,120,211
10/15/2001,AFW,TX,ASW,CE,Towers with Display (VFR),5,8,20,4,37,0,5,26,0,31,5,13,46,4,68,104,4,108,176
10/16/2001,AFW,TX,ASW,CE,Towers with Display (VFR),27,21,27,7,82,0,0,51,0,51,27,21,78,7,133,102,2,104,237
10/17/2001,AFW,TX,ASW,CE,Towers with Display (VFR),27,29,26,20,102,0,1,58,7,66,27,30,84,27,168,124,58,182,350
10/18/2001,AFW,TX,ASW,CE,Towers with Display (VFR),34,25,22,13,94,0,2,47,1,50,34,27,69,14,144,42,12,54,198
10/19/2001,AFW,TX,ASW,CE,Towers with Display (VFR),22,17,15,17,71,0,3,56,0,59,22,20,71,17,130,46,68,114,244
10/20/2001,AFW,TX,ASW,CE,Towers with Display (VFR),8,0,4,2,14,0,1,14,0,15,8,1,18,2,29,10,0,10,39
10/21/2001,AFW,TX,ASW,CE,Towers with Display (VFR),0,1,2,12,15,0,2,38,7,47,0,3,40,19,62,0,0,0,62
10/22/2001,AFW,TX,ASW,CE,Towers with Display (VFR),4,3,10,15,32,0,1,39,0,40,4,4,49,15,72,56,0,56,128
10/23/2001,AFW,TX,ASW,CE,Towers with Display (VFR),29,21,31,8,89,0,1,51,0,52,29,22,82,8,141,76,6,82,223
10/24/2001,AFW,TX,ASW,CE,Towers with Display (VFR),31,22,41,14,108,0,0,70,0,70,31,22,111,14,178,90,44,134,312
10/25/2001,AFW,TX,ASW,CE,Towers with Display (VFR),32,19,62,16,129,0,1,58,2,61,32,20,120,18,190,112,0,112,302
10/26/2001,AFW,TX,ASW,CE,Towers with Display (VFR),30,16,20,12,78,0,7,52,2,61,30,23,72,14,139,158,22,180,319
10/27/2001,AFW,TX,ASW,CE,Towers with Display (VFR),6,0,20,31,57,0,0,48,2,50,6,0,68,33,107,136,16,152,259
10/28/2001,AFW,TX,ASW,CE,Towers with Display (VFR),1,0,12,10,23,0,0,55,0,55,1,0,67,10,78,104,0,104,182
10/29/2001,AFW,TX,ASW,CE,Towers with Display (VFR),7,8,18,10,43,0,0,55,0,55,7,8,73,10,98,162,0,162,260
10/30/2001,AFW,TX,ASW,CE,Towers with Display (VFR),27,22,39,5,93,0,1,52,0,53,27,23,91,5,146,92,0,92,238
10/31/2001,AFW,TX,ASW,CE,Towers with Display (VFR),28,21,19,5,73,0,3,41,1,45,28,24,60,6,118,164,8,172,290
11/01/2001,AFW,TX,ASW,CE,Towers with Display (VFR),29,26,23,2,80,0,3,36,0,39,29,29,59,2,119,36,0,36,155
11/02/2001,AFW,TX,ASW,CE,Towers with Display (VFR),33,20,24,20,97,0,4,33,0,37,33,24,57,20,134,50,6,56,190
11/03/2001,AFW,TX,ASW,CE,Towers with Display (VFR),7,2,45,0,54,0,0,74,0,74,7,2,119,0,128,168,0,168,296
11/04/2001,AFW,TX,ASW,CE,Towers with Display (VFR),1,0,28,2,31,0,0,48,0,48,1,0,76,2,79,166,0,166,245
11/05/2001,AFW,TX,ASW,CE,Towers with Display (VFR),12,6,22,23,63,0,3,50,0,53,12,9,72,23,116,98,14,112,228
11/06/2001,AFW,TX,ASW,CE,Towers with Display (VFR),31,24,27,27,109,0,0,70,4,74,31,24,97,31,183,156,14,170,353
11/07/2001,AFW,TX,ASW,CE,Towers with Display (VFR),31,23,32,9,95,0,0,78,1,79,31,23,110,10,174,188,24,212,386
11/08/2001,AFW,TX,ASW,CE,Towers with Display (VFR),29,20,32,0,81,0,4,42,0,46,29,24,74,0,127,66,0,66,193
11/09/2001,AFW,TX,ASW,CE,Towers with Display (VFR),30,20,32,13,95,0,2,22,3,27,30,22,54,16,122,70,6,76,198
11/10/2001,AFW,TX,ASW,CE,Towers with Display (VFR),7,0,22,3,32,0,0,58,0,58,7,0,80,3,90,146,0,146,236
11/11/2001,AFW,TX,ASW,CE,Towers with Display (VFR),2,1,18,0,21,0,0,0,0,0,2,1,18,0,21,0,0,0,21
11/12/2001,AFW,TX,ASW,CE,Towers with Display (VFR),5,6,22,0,33,0,0,3,0,3,5,6,25,0,36,28,0,28,64
11/13/2001,AFW,TX,ASW,CE,Towers with Display (VFR),32,22,50,23,127,0,0,10,0,10,32,22,60,23,137,6,0,6,143
11/14/2001,AFW,TX,ASW,CE,Towers with Display (VFR),28,23,51,13,115,0,0,54,4,58,28,23,105,17,173,92,0,92,265
11/15/2001,AFW,TX,ASW,CE,Towers with Display (VFR),31,21,38,2,92,0,0,20,1,21,31,21,58,3,113,90,0,90,203
11/16/2001,AFW,TX,ASW,CE,Towers with Display (VFR),26,23,18,12,79,0,0,41,2,43,26,23,59,14,122,144,2,146,268
11/17/2001,AFW,TX,ASW,CE,Towers with Display (VFR),6,0,25,10,41,0,0,46,0,46,6,0,71,10,87,140,8,148,235
11/18/2001,AFW,TX,ASW,CE,Towers with Display (VFR),0,0,18,10,28,0,0,25,0,25,0,0,43,10,53,128,20,148,201
11/19/2001,AFW,TX,ASW,CE,Towers with Display (VFR),2,2,22,10,36,0,0,24,4,28,2,2,46,14,64,78,22,100,164
11/20/2001,AFW,TX,ASW,CE,Towers with Display (VFR),27,29,24,11,91,0,0,80,0,80,27,29,104,11,171,216,20,236,407
11/21/2001,AFW,TX,ASW,CE,Towers with Display (VFR),30,24,28,11,93,0,0,61,7,68,30,24,89,18,161,204,22,226,387
11/22/2001,AFW,TX,ASW,CE,Towers with Display (VFR),5,2,6,0,13,0,0,15,0,15,5,2,21,0,28,32,0,32,60
11/23/2001,AFW,TX,ASW,CE,Towers with Display (VFR),12,14,18,0,44,0,4,17,0,21,12,18,35,0,65,34,0,34,99
11/24/2001,AFW,TX,ASW,CE,Towers with Display (VFR),6,1,20,8,35,0,0,55,0,55,6,1,75,8,90,118,0,118,208
11/25/2001,AFW,TX,ASW,CE,Towers with Display (VFR),2,1,22,0,25,0,0,40,1,41,2,1,62,1,66,56,0,56,122
11/26/2001,AFW,TX,ASW,CE,Towers with Display (VFR),5,6,21,19,51,0,2,56,0,58,5,8,77,19,109,212,12,224,333
11/27/2001,AFW,TX,ASW,CE,Towers with Display (VFR),34,9,27,0,70,0,2,26,0,28,34,11,53,0,98,116,0,116,214
11/28/2001,AFW,TX,ASW,CE,Towers with Display (VFR),2,1,2,0,5,1,0,3,0,4,3,1,5,0,9,0,0,0,9
11/29/2001,AFW,TX,ASW,CE,Towers with Display (VFR),46,16,22,19,103,0,3,39,0,42,46,19,61,19,145,76,14,90,235
11/30/2001,AFW,TX,ASW,CE,Towers with Display (VFR),33,12,27,5,77,0,3,56,10,69,33,15,83,15,146,154,0,154,300
12/01/2001,AFW,TX,ASW,CE,Towers with Display (VFR),9,2,21,12,44,1,0,70,0,71,10,2,91,12,115,66,0,66,181
12/02/2001,AFW,TX,ASW,CE,Towers with Display (VFR),0,0,29,12,41,0,0,65,4,69,0,0,94,16,110,126,18,144,254
12/03/2001,AFW,TX,ASW,CE,Towers with Display (VFR),3,2,42,6,53,3,0,4,0,7,6,2,46,6,60,2,0,2,62
12/04/2001,AFW,TX,ASW,CE,Towers with Display (VFR),43,20,41,9,113,3,0,19,0,22,46,20,60,9,135,0,22,22,157
12/05/2001,AFW,TX,ASW,CE,Towers with Display (VFR),40,15,35,16,106,3,0,22,0,25,43,15,57,16,131,28,0,28,159
12/06/2001,AFW,TX,ASW,CE,Towers with Display (VFR),37,20,37,4,98,3,0,44,3,50,40,20,81,7,148,56,10,66,214
12/07/2001,AFW,TX,ASW,CE,Towers with Display (VFR),33,12,29,13,87,1,0,69,0,70,34,12,98,13,157,160,40,200,357
12/08/2001,AFW,TX,ASW,CE,Towers with Display (VFR),8,0,19,0,27,2,1,27,0,30,10,1,46,0,57,92,0,92,149
12/09/2001,AFW,TX,ASW,CE,Towers with Display (VFR),0,0,20,1,21,0,2,38,4,44,0,2,58,5,65,102,0,102,167
12/10/2001,AFW,TX,ASW,CE,Towers with Display (VFR),1,2,39,14,56,2,1,42,0,45,3,3,81,14,101,184,0,184,285
12/11/2001,AFW,TX,ASW,CE,Towers with Display (VFR),39,15,39,0,93,1,0,13,0,14,40,15,52,0,107,64,0,64,171
12/12/2001,AFW,TX,ASW,CE,Towers with Display (VFR),34,20,35,10,99,1,3,20,0,24,35,23,55,10,123,38,0,38,161
12/13/2001,AFW,TX,ASW,CE,Towers with Display (VFR),38,14,31,4,87,1,5,0,0,6,39,19,31,4,93,2,0,2,95
12/14/2001,AFW,TX,ASW,CE,Towers with Display (VFR),38,7,36,19,100,1,4,54,5,64,39,11,90,24,164,116,40,156,320
12/15/2001,AFW,TX,ASW,CE,Towers with Display (VFR),8,1,27,2,38,1,1,25,0,27,9,2,52,2,65,74,0,74,139
12/16/2001,AFW,TX,ASW,CE,Towers with Display (VFR),4,1,9,2,16,1,0,0,0,1,5,1,9,2,17,0,0,0,17
12/17/2001,AFW,TX,ASW,CE,Towers with Display (VFR),3,5,37,13,58,1,0,71,6,78,4,5,108,19,136,356,18,374,510
12/18/2001,AFW,TX,ASW,CE,Towers with Display (VFR),45,18,36,0,99,1,2,77,0,80,46,20,113,0,179,156,0,156,335
12/19/2001,AFW,TX,ASW,CE,Towers with Display (VFR),42,19,39,7,107,1,0,54,3,58,43,19,93,10,165,138,34,172,337
12/20/2001,AFW,TX,ASW,CE,Towers with Display (VFR),47,18,34,21,120,1,6,68,0,75,48,24,102,21,195,132,12,144,339
12/21/2001,AFW,TX,ASW,CE,Towers with Display (VFR),45,16,20,4,85,1,0,26,0,27,46,16,46,4,112,104,20,124,236
12/22/2001,AFW,TX,ASW,CE,Towers with Display (VFR),31,11,21,2,65,1,0,33,0,34,32,11,54,2,99,44,0,44,143
12/23/2001,AFW,TX,ASW,CE,Towers with Display (VFR),0,0,19,0,19,0,0,29,0,29,0,0,48,0,48,0,68,68,116
12/24/2001,AFW,TX,ASW,CE,Towers with Display (VFR),0,0,14,0,14,0,0,19,0,19,0,0,33,0,33,0,30,30,63
12/25/2001,AFW,TX,ASW,CE,Towers with Display (VFR),0,0,10,0,10,0,0,17,0,17,0,0,27,0,27,0,20,20,47
12/26/2001,AFW,TX,ASW,CE,Towers with Display (VFR),0,0,14,0,14,0,0,66,0,66,0,0,80,0,80,0,88,88,168
12/27/2001,AFW,TX,ASW,CE,Towers with Display (VFR),0,1,24,4,29,0,0,90,11,101,0,1,114,15,130,170,40,210,340
12/28/2001,AFW,TX,ASW,CE,Towers with Display (VFR),1,2,19,3,25,0,0,81,1,82,1,2,100,4,107,92,0,92,199
12/29/2001,AFW,TX,ASW,CE,Towers with Display (VFR),0,0,26,0,26,0,0,22,0,22,0,0,48,0,48,76,0,76,124
12/30/2001,AFW,TX,ASW,CE,Towers with Display (VFR),0,0,36,0,36,0,0,37,0,37,0,0,73,0,73,0,32,32,105
12/31/2001,AFW,TX,ASW,CE,Towers with Display (VFR),0,0,18,0,18,0,0,30,0,30,0,0,48,0,48,0,68,68,116
01/01/2002,AFW,TX,ASW,CE,Towers with Display (VFR),1,0,17,0,18,0,0,16,0,16,1,0,33,0,34,0,32,32,66
01/02/2002,AFW,TX,ASW,CE,Towers with Display (VFR),8,4,23,0,35,0,0,9,0,9,8,4,32,0,44,0,8,8,52
01/03/2002,AFW,TX,ASW,CE,Towers with Display (VFR),27,12,33,4,76,0,3,53,1,57,27,15,86,5,133,0,130,130,263
01/04/2002,AFW,TX,ASW,CE,Towers with Display (VFR),32,6,23,18,79,0,0,28,0,28,32,6,51,18,107,76,0,76,183
01/05/2002,AFW,TX,ASW,CE,Towers with Display (VFR),5,0,5,0,10,0,0,21,0,21,5,0,26,0,31,24,0,24,55
01/06/2002,AFW,TX,ASW,CE,Towers with Display (VFR),0,0,33,7,40,0,0,52,5,57,0,0,85,12,97,168,0,168,265
01/07/2002,AFW,TX,ASW,CE,Towers with Display (VFR),4,4,27,22,57,0,0,60,0,60,4,4,87,22,117,138,100,238,355
01/08/2002,AFW,TX,ASW,CE,Towers with Display (VFR),22,10,24,33,89,0,0,63,0,63,22,10,87,33,152,164,8,172,324
01/09/2002,AFW,TX,ASW,CE,Towers with Display (VFR),25,15,45,18,103,0,0,72,2,74,25,15,117,20,177,286,34,320,497
01/10/2002,AFW,TX,ASW,CE,Towers with Display (VFR),23,9,33,36,101,0,3,37,1,41,23,12,70,37,142,122,50,172,314
01/11/2002,AFW,TX,ASW,CE,Towers with Display (VFR),18,6,24,15,63,0,0,67,0,67,18,6,91,15,130,232,16,248,378
01/12/2002,AFW,TX,ASW,CE,Towers with Display (VFR),6,2,12,0,20,0,0,43,0,43,6,2,55,0,63,118,0,118,181
01/13/2002,AFW,TX,ASW,CE,Towers with Display (VFR),2,0,18,25,45,0,0,35,3,38,2,0,53,28,83,88,14,102,185
01/14/2002,AFW,TX,ASW,CE,Towers with Display (VFR),7,7,26,8,48,0,0,90,0,90,7,7,116,8,138,294,0,294,432
01/15/2002,AFW,TX,ASW,CE,Towers with Display (VFR),20,11,23,14,68,0,0,65,0,65,20,11,88,14,133,292,34,326,459
01/16/2002,AFW,TX,ASW,CE,Towers with Display (VFR),22,11,36,5,74,0,2,55,0,57,22,13,91,5,131,132,24,156,287
01/17/2002,AFW,TX,ASW,CE,Towers with Display (VFR),23,13,31,19,86,0,0,33,0,33,23,13,64,19,119,50,0,50,169
01/18/2002,AFW,TX,ASW,CE,Towers with Display (VFR),20,7,47,16,90,0,1,0,1,2,20,8,47,17,92,20,2,22,114
01/19/2002,AFW,TX,ASW,CE,Towers with Display (VFR),9,1,24,4,38,0,0,31,0,31,9,1,55,4,69,78,0,78,147
01/20/2002,AFW,TX,ASW,CE,Towers with Display (VFR),3,0,17,14,34,0,2,26,4,32,3,2,43,18,66,86,22,108,174
01/21/2002,AFW,TX,ASW,CE,Towers with Display (VFR),6,5,29,15,55,0,0,57,0,57,6,5,86,15,112,262,0,262,374
01/22/2002,AFW,TX,ASW,CE,Towers with Display (VFR),24,13,37,38,112,0,0,52,0,52,24,13,89,38,164,162,60,222,386
01/23/2002,AFW,TX,ASW,CE,Towers with Display (VFR),23,12,20,8,63,0,1,19,0,20,23,13,39,8,83,60,2,62,145
01/24/2002,AFW,TX,ASW,CE,Towers with Display (VFR),21,12,38,6,77,0,2,28,2,32,21,14,66,8,109,82,12,94,203
01/25/2002,AFW,TX,ASW,CE,Towers with Display (VFR),18,6,35,17,76,0,5,64,1,70,18,11,99,18,146,274,2,276,422
01/26/2002,AFW,TX,ASW,CE,Towers with Display (VFR),11,0,28,0,39,0,0,56,0,56,11,0,84,0,95,118,0,118,213
01/27/2002,AFW,TX,ASW,CE,Towers with Display (VFR),2,1,21,7,31,0,0,50,0,50,2,1,71,7,81,118,10,128,209
01/28/2002,AFW,TX,ASW,CE,Towers with Display (VFR),4,7,37,30,78,0,3,46,2,51,4,10,83,32,129,162,42,204,333
01/29/2002,AFW,TX,ASW,CE,Towers with Display (VFR),21,26,34,11,92,0,0,54,0,54,21,26,88,11,146,162,8,170,316
01/30/2002,AFW,TX,ASW,CE,Towers with Display (VFR),21,17,41,8,87,0,0,0,0,0,21,17,41,8,87,0,0,0,87
01/31/2002,AFW,TX,ASW,CE,Towers with Display (VFR),28,13,27,3,71,0,0,19,0,19,28,13,46,3,90,70,0,70,160
02/01/2002,AFW,TX,ASW,CE,Towers with Display (VFR),19,7,29,10,65,0,0,58,2,60,19,7,87,12,125,88,4,92,217
02/02/2002,AFW,TX,ASW,CE,Towers with Display (VFR),8,2,17,2,29,0,0,54,0,54,8,2,71,2,83,126,0,126,209
02/03/2002,AFW,TX,ASW,CE,Towers with Display (VFR),5,0,24,0,29,0,0,27,2,29,5,0,51,2,58,64,2,66,124
02/04/2002,AFW,TX,ASW,CE,Towers with Display (VFR),4,7,30,0,41,0,0,69,0,69,4,7,99,0,110,216,0,216,326
02/05/2002,AFW,TX,ASW,CE,Towers with Display (VFR),21,13,10,0,44,0,0,0,0,0,21,13,10,0,44,0,0,0,44
02/06/2002,AFW,TX,ASW,CE,Towers with Display (VFR),21,12,23,0,56,0,0,18,0,18,21,12,41,0,74,48,0,48,122
02/07/2002,AFW,TX,ASW,CE,Towers with Display (VFR),24,11,33,17,85,0,0,64,3,67,24,11,97,20,152,88,8,96,248
02/08/2002,AFW,TX,ASW,CE,Towers with Display (VFR),20,10,35,15,80,0,0,52,0,52,20,10,87,15,132,144,10,154,286
02/09/2002,AFW,TX,ASW,CE,Towers with Display (VFR),7,4,13,2,26,0,0,49,0,49,7,4,62,2,75,134,0,134,209
02/10/2002,AFW,TX,ASW,CE,Towers with Display (VFR),0,0,14,19,33,0,1,22,2,25,0,1,36,21,58,48,8,56,114
02/11/2002,AFW,TX,ASW,CE,Towers with Display (VFR),4,3,26,24,57,0,0,80,0,80,4,3,106,24,137,264,12,276,413
02/12/2002,AFW,TX,ASW,CE,Towers with Display (VFR),23,11,39,25,98,0,0,69,5,74,23,11,108,30,172,158,72,230,402
02/13/2002,AFW,TX,ASW,CE,Towers with Display (VFR),24,19,30,7,80,0,3,68,3,74,24,22,98,10,154,218,8,226,380
02/14/2002,AFW,TX,ASW,CE,Towers with Display (VFR),26,12,32,19,89,0,2,41,1,44,26,14,73,20,133,112,2,114,247
02/15/2002,AFW,TX,ASW,CE,Towers with Display (VFR),20,9,37,13,79,0,2,53,0,55,20,11,90,13,134,124,24,148,282
02/16/2002,AFW,TX,ASW,CE,Towers with Display (VFR),9,0,29,4,42,0,0,71,0,71,9,0,100,4,113,254,0,254,367
02/17/2002,AFW,TX,ASW,CE,Towers with Display (VFR),0,0,23,3,26,0,0,56,0,56,0,0,79,3,82,142,14,156,238
02/18/2002,AFW,TX,ASW,CE,Towers with Display (VFR),7,5,38,3,53,0,0,19,0,19,7,5,57,3,72,112,0,112,184
02/19/2002,AFW,TX,ASW,CE,Towers with Display (VFR),17,18,11,24,70,0,0,42,0,42,17,18,53,24,112,98,24,122,234
02/20/2002,AFW,TX,ASW,CE,Towers with Display (VFR),22,17,43,5,87,0,0,81,0,81,22,17,124,5,168,218,6,224,392
02/21/2002,AFW,TX,ASW,CE,Towers with Display (VFR),25,14,35,11,85,0,2,35,2,39,25,16,70,13,124,92,0,92,216
02/22/2002,AFW,TX,ASW,CE,Towers with Display (VFR),21,9,37,20,87,0,0,55,0,55,21,9,92,20,142,82,22,104,246
02/23/2002,AFW,TX,ASW,CE,Towers with Display (VFR),8,4,26,6,44,0,0,87,0,87,8,4,113,6,131,272,0,272,403
02/24/2002,AFW,TX,ASW,CE,Towers with Display (VFR),2,0,20,21,43,0,0,27,4,31,2,0,47,25,74,80,0,80,154
02/25/2002,AFW,TX,ASW,CE,Towers with Display (VFR),3,8,22,10,43,0,4,25,0,29,3,12,47,10,72,90,6,96,168
02/26/2002,AFW,TX,ASW,CE,Towers with Display (VFR),21,17,23,9,70,0,0,30,0,30,21,17,53,9,100,0,24,24,124
02/27/2002,AFW,TX,ASW,CE,Towers with Display (VFR),20,22,21,11,74,0,0,67,0,67,20,22,88,11,141,132,30,162,303
02/28/2002,AFW,TX,ASW,CE,Towers with Display (VFR),21,11,34,17,83,0,0,78,0,78,21,11,112,17,161,98,10,108,269
03/01/2002,AFW,TX,ASW,CE,Towers with Display (VFR),18,12,41,16,87,0,0,1,0,1,18,12,42,16,88,50,0,50,138
03/02/2002,AFW,TX,ASW,CE,Towers with Display (VFR),8,0,6,2,16,0,0,8,0,8,8,0,14,2,24,0,0,0,24
03/03/2002,AFW,TX,ASW,CE,Towers with Display (VFR),4,0,24,10,38,0,0,48,4,52,4,0,72,14,90,152,20,172,262
03/04/2002,AFW,TX,ASW,CE,Towers with Display (VFR),4,7,27,2,40,0,5,44,0,49,4,12,71,2,89,84,0,84,173
03/05/2002,AFW,TX,ASW,CE,Towers with Display (VFR),22,24,54,12,112,0,0,73,0,73,22,24,127,12,185,130,8,138,323
03/06/2002,AFW,TX,ASW,CE,Towers with Display (VFR),20,12,40,29,101,0,2,32,8,42,20,14,72,37,143,78,22,100,243
03/07/2002,AFW,TX,ASW,CE,Towers with Display (VFR),20,14,41,16,91,0,0,58,0,58,20,14,99,16,149,120,16,136,285
03/08/2002,AFW,TX,ASW,CE,Towers with Display (VFR),19,8,27,40,94,0,0,18,0,18,19,8,45,40,112,32,22,54,166
03/09/2002,AFW,TX,ASW,CE,Towers with Display (VFR),9,0,21,3,33,0,1,50,0,51,9,1,71,3,84,150,0,150,234
03/10/2002,AFW,TX,ASW,CE,Towers with Display (VFR),0,0,12,27,39,0,2,53,0,55,0,2,65,27,94,128,2,130,224
03/11/2002,AFW,TX,ASW,CE,Towers with Display (VFR),5,4,37,10,56,0,0,27,0,27,5,4,64,10,83,96,14,110,193
03/12/2002,AFW,TX,ASW,CE,Towers with Display (VFR),21,10,30,28,89,1,0,75,0,76,22,10,105,28,165,138,56,194,359
03/13/2002,AFW,TX,ASW,CE,Towers with Display (VFR),20,11,17,15,63,1,0,39,15,55,21,11,56,30,118,134,8,142,260
03/14/2002,AFW,TX,ASW,CE,Towers with Display (VFR),21,15,36,36,108,0,0,52,4,56,21,15,88,40,164,144,14,158,322
03/15/2002,AFW,TX,ASW,CE,Towers with Display (VFR),21,6,20,39,86,0,0,37,0,37,21,6,57,39,123,122,16,138,261
03/16/2002,AFW,TX,ASW,CE,Towers with Display (VFR),9,0,18,10,37,0,0,49,0,49,9,0,67,10,86,106,4,110,196
03/17/2002,AFW,TX,ASW,CE,Towers with Display (VFR),3,0,14,31,48,0,0,19,7,26,3,0,33,38,74,34,30,64,138
03/18/2002,AFW,TX,ASW,CE,Towers with Display (VFR),6,4,23,0,33,0,0,0,0,0,6,4,23,0,33,0,0,0,33
03/19/2002,AFW,TX,ASW,CE,Towers with Display (VFR),21,9,25,0,55,0,0,0,0,0,21,9,25,0,55,0,0,0,55
03/20/2002,AFW,TX,ASW,CE,Towers with Display (VFR),26,16,44,9,95,1,0,38,1,40,27,16,82,10,135,64,0,64,199
03/21/2002,AFW,TX,ASW,CE,Towers with Display (VFR),25,10,32,33,100,0,2,85,0,87,25,12,117,33,187,182,58,240,427
03/22/2002,AFW,TX,ASW,CE,Towers with Display (VFR),22,6,22,10,60,0,0,87,3,90,22,6,109,13,150,162,2,164,314
03/23/2002,AFW,TX,ASW,CE,Towers with Display (VFR),10,0,19,2,31,0,0,35,0,35,10,0,54,2,66,102,2,104,170
03/24/2002,AFW,TX,ASW,CE,Towers with Display (VFR),1,0,10,9,20,0,0,17,0,17,1,0,27,9,37,42,34,76,113
03/25/2002,AFW,TX,ASW,CE,Towers with Display (VFR),4,3,41,2,50,0,0,30,0,30,4,3,71,2,80,24,0,24,104
03/26/2002,AFW,TX,ASW,CE,Towers with Display (VFR),24,17,11,8,60,0,0,112,0,112,24,17,123,8,172,192,10,202,374
03/27/2002,AFW,TX,ASW,CE,Towers with Display (VFR),21,11,46,11,89,0,0,72,0,72,21,11,118,11,161,286,12,298,459
03/28/2002,AFW,TX,ASW,CE,Towers with Display (VFR),23,11,50,7,91,0,0,58,1,59,23,11,108,8,150,28,14,42,192
03/29/2002,AFW,TX,ASW,CE,Towers with Display (VFR),18,10,28,3,59,0,4,62,5,71,18,14,90,8,130,164,6,170,300
03/30/2002,AFW,TX,ASW,CE,Towers with Display (VFR),9,3,8,0,20,0,0,1,0,1,9,3,9,0,21,0,0,0,21
03/31/2002,AFW,TX,ASW,CE,Towers with Display (VFR),1,0,9,0,10,0,0,17,0,17,1,0,26,0,27,26,0,26,53
04/01/2002,AFW,TX,ASW,CE,Towers with Display (VFR),3,5,22,7,37,0,3,89,0,92,3,8,111,7,129,206,18,224,353
04/02/2002,AFW,TX,ASW,CE,Towers with Display (VFR),25,13,31,17,86,0,0,59,0,59,25,13,90,17,145,88,100,188,333
04/03/2002,AFW,TX,ASW,CE,Towers with Display (VFR),20,11,45,11,87,3,3,42,4,52,23,14,87,15,139,100,14,114,253
04/04/2002,AFW,TX,ASW,CE,Towers with Display (VFR),23,17,74,17,131,0,0,61,1,62,23,17,135,18,193,152,12,164,357
04/05/2002,AFW,TX,ASW,CE,Towers with Display (VFR),17,7,44,10,78,0,3,45,0,48,17,10,89,10,126,34,0,34,160
04/06/2002,AFW,TX,ASW,CE,Towers with Display (VFR),10,5,55,2,72,0,59,35,0,94,10,64,90,2,166,18,2,20,186
04/07/2002,AFW,TX,ASW,CE,Towers with Display (VFR),3,18,52,0,73,0,31,4,0,35,3,49,56,0,108,0,0,0,108
04/08/2002,AFW,TX,ASW,CE,Towers with Display (VFR),4,13,102,3,122,0,31,92,0,123,4,44,194,3,245,70,0,70,315
04/09/2002,AFW,TX,ASW,CE,Towers with Display (VFR),32,5,36,18,91,0,0,67,0,67,32,5,103,18,158,188,12,200,358
04/10/2002,AFW,TX,ASW,CE,Towers with Display (VFR),21,13,68,22,124,0,0,72,0,72,21,13,140,22,196,184,6,190,386
04/11/2002,AFW,TX,ASW,CE,Towers with Display (VFR),23,10,42,9,84,0,1,71,1,73,23,11,113,10,157,148,6,154,311
04/12/2002,AFW,TX,ASW,CE,Towers with Display (VFR),19,9,48,8,84,0,4,52,1,57,19,13,100,9,141,86,0,86,227
04/13/2002,AFW,TX,ASW,CE,Towers with Display (VFR),8,5,22,10,45,0,0,35,0,35,8,5,57,10,80,20,18,38,118
04/14/2002,AFW,TX,ASW,CE,Towers with Display (VFR),3,1,39,8,51,0,2,59,0,61,3,3,98,8,112,112,0,112,224
04/15/2002,AFW,TX,ASW,CE,Towers with Display (VFR),7,3,34,8,52,0,0,51,0,51,7,3,85,8,103,136,0,136,239
04/16/2002,AFW,TX,ASW,CE,Towers with Display (VFR),27,17,36,4,84,0,0,44,0,44,27,17,80,4,128,58,0,58,186
04/17/2002,AFW,TX,ASW,CE,Towers with Display (VFR),20,13,59,19,111,2,1,69,4,76,22,14,128,23,187,174,10,184,371
04/18/2002,AFW,TX,ASW,CE,Towers with Display (VFR),23,12,50,12,97,0,0,43,3,46,23,12,93,15,143,108,6,114,257
04/19/2002,AFW,TX,ASW,CE,Towers with Display (VFR),24,12,32,19,87,0,0,73,0,73,24,12,105,19,160,26,66,92,252
04/20/2002,AFW,TX,ASW,CE,Towers with Display (VFR),9,3,18,12,42,0,0,56,0,56,9,3,74,12,98,204,0,204,302
04/21/2002,AFW,TX,ASW,CE,Towers with Display (VFR),2,1,15,16,34,0,3,47,0,50,2,4,62,16,84,24,8,32,116
04/22/2002,AFW,TX,ASW,CE,Towers with Display (VFR),3,4,49,16,72,0,0,66,2,68,3,4,115,18,140,180,24,204,344
04/23/2002,AFW,TX,ASW,CE,Towers with Display (VFR),25,12,34,9,80,0,0,53,0,53,25,12,87,9,133,106,2,108,241
04/24/2002,AFW,TX,ASW,CE,Towers with Display (VFR),23,11,15,15,64,0,0,91,0,91,23,11,106,15,155,168,20,188,343
04/25/2002,AFW,TX,ASW,CE,Towers with Display (VFR),26,12,31,12,81,0,1,33,2,36,26,13,64,14,117,74,36,110,227
04/26/2002,AFW,TX,ASW,CE,Towers with Display (VFR),21,7,39,12,79,0,1,13,2,16,21,8,52,14,95,54,0,54,149
04/27/2002,AFW,TX,ASW,CE,Towers with Display (VFR),9,1,16,9,35,0,2,30,1,33,9,3,46,10,68,92,0,92,160
04/28/2002,AFW,TX,ASW,CE,Towers with Display (VFR),3,0,33,7,43,0,0,60,2,62,3,0,93,9,105,90,20,110,215
04/29/2002,AFW,TX,ASW,CE,Towers with Display (VFR),5,6,34,16,61,0,0,66,5,71,5,6,100,21,132,106,22,128,260
04/30/2002,AFW,TX,ASW,CE,Towers with Display (VFR),21,11,31,31,94,0,0,72,0,72,21,11,103,31,166,134,8,142,308
05/01/2002,AFW,TX,ASW,CE,Towers with Display (VFR),24,12,31,23,90,0,5,52,2,59,24,17,83,25,149,204,22,226,375
05/02/2002,AFW,TX,ASW,CE,Towers with Display (VFR),21,14,39,21,95,0,0,36,1,37,21,14,75,22,132,56,6,62,194
05/03/2002,AFW,TX,ASW,CE,Towers with Display (VFR),21,8,31,19,79,0,2,54,2,58,21,10,85,21,137,106,16,122,259
05/04/2002,AFW,TX,ASW,CE,Towers with Display (VFR),10,3,48,0,61,0,1,87,2,90,10,4,135,2,151,188,0,188,339
05/05/2002,AFW,TX,ASW,CE,Towers with Display (VFR),1,5,10,22,38,0,0,38,0,38,1,5,48,22,76,138,2,140,216
05/06/2002,AFW,TX,ASW,CE,Towers with Display (VFR),4,6,54,10,74,0,3,49,0,52,4,9,103,10,126,198,6,204,330
05/07/2002,AFW,TX,ASW,CE,Towers with Display (VFR),23,12,23,18,76,0,0,42,8,50,23,12,65,26,126,64,8,72,198
05/08/2002,AFW,TX,ASW,CE,Towers with Display (VFR),24,7,23,15,69,0,1,29,0,30,24,8,52,15,99,34,32,66,165
05/09/2002,AFW,TX,ASW,CE,Towers with Display (VFR),26,10,32,18,86,0,1,42,2,45,26,11,74,20,131,68,4,72,203
05/10/2002,AFW,TX,ASW,CE,Towers with Display (VFR),30,16,44,33,123,0,1,66,5,72,30,17,110,38,195,196,6,202,397
05/11/2002,AFW,TX,ASW,CE,Towers with Display (VFR),8,4,17,20,49,0,0,64,0,64,8,4,81,20,113,166,0,166,279
05/12/2002,AFW,TX,ASW,CE,Towers with Display (VFR),2,0,9,0,11,0,0,10,0,10,2,0,19,0,21,0,0,0,21
05/13/2002,AFW,TX,ASW,CE,Towers with Display (VFR),5,3,39,16,63,0,0,89,8,97,5,3,128,24,160,178,32,210,370
05/14/2002,AFW,TX,ASW,CE,Towers with Display (VFR),22,10,25,28,85,0,0,75,0,75,22,10,100,28,160,196,2,198,358
05/15/2002,AFW,TX,ASW,CE,Towers with Display (VFR),22,14,10,13,59,0,0,58,0,58,22,14,68,13,117,96,10,106,223
05/16/2002,AFW,TX,ASW,CE,Towers with Display (VFR),26,9,31,8,74,0,2,34,1,37,26,11,65,9,111,112,0,112,223
05/17/2002,AFW,TX,ASW,CE,Towers with Display (VFR),21,5,27,16,69,0,1,37,7,45,21,6,64,23,114,112,24,136,250
05/18/2002,AFW,TX,ASW,CE,Towers with Display (VFR),8,0,14,14,36,0,0,76,7,83,8,0,90,21,119,176,54,230,349
05/19/2002,AFW,TX,ASW,CE,Towers with Display (VFR),0,0,10,12,22,0,3,80,0,83,0,3,90,12,105,94,2,96,201
05/20/2002,AFW,TX,ASW,CE,Towers with Display (VFR),5,2,22,12,41,0,3,63,0,66,5,5,85,12,107,146,20,166,273
05/21/2002,AFW,TX,ASW,CE,Towers with Display (VFR),21,20,43,33,117,0,0,84,0,84,21,20,127,33,201,166,8,174,375
05/22/2002,AFW,TX,ASW,CE,Towers with Display (VFR),23,9,37,14,83,3,9,49,0,61,26,18,86,14,144,98,66,164,308
05/23/2002,AFW,TX,ASW,CE,Towers with Display (VFR),26,9,33,17,85,0,1,45,7,53,26,10,78,24,138,86,46,132,270
05/24/2002,AFW,TX,ASW,CE,Towers with Display (VFR),20,10,43,18,91,0,2,49,0,51,20,12,92,18,142,92,12,104,246
05/25/2002,AFW,TX,ASW,CE,Towers with Display (VFR),9,4,24,0,37,0,4,51,5,60,9,8,75,5,97,146,42,188,285
05/26/2002,AFW,TX,ASW,CE,Towers with Display (VFR),0,1,19,0,20,0,0,40,0,40,0,1,59,0,60,76,0,76,136
05/27/2002,AFW,TX,ASW,CE,Towers with Display (VFR),0,2,10,4,16,0,0,31,0,31,0,2,41,4,47,58,8,66,113
05/28/2002,AFW,TX,ASW,CE,Towers with Display (VFR),5,7,39,12,63,0,0,54,0,54,5,7,93,12,117,144,8,152,269
05/29/2002,AFW,TX,ASW,CE,Towers with Display (VFR),23,6,30,41,100,0,1,40,3,44,23,7,70,44,144,112,18,130,274
05/30/2002,AFW,TX,ASW,CE,Towers with Display (VFR),27,6,31,18,82,0,2,62,4,68,27,8,93,22,150,124,14,138,288
05/31/2002,AFW,TX,ASW,CE,Towers with Display (VFR),23,11,18,28,80,0,1,63,3,67,23,12,81,31,147,132,12,144,291
06/01/2002,AFW,TX,ASW,CE,Towers with Display (VFR),7,0,22,0,29,1,0,57,0,58,8,0,79,0,87,0,134,134,221
06/02/2002,AFW,TX,ASW,CE,Towers with Display (VFR),0,1,26,11,38,0,1,45,6,52,0,2,71,17,90,80,12,92,182
06/03/2002,AFW,TX,ASW,CE,Towers with Display (VFR),3,3,19,17,42,1,4,71,1,77,4,7,90,18,119,162,20,182,301
06/04/2002,AFW,TX,ASW,CE,Towers with Display (VFR),21,12,16,17,66,1,0,96,0,97,22,12,112,17,163,268,0,268,431
06/05/2002,AFW,TX,ASW,CE,Towers with Display (VFR),24,7,41,7,79,0,6,30,0,36,24,13,71,7,115,50,8,58,173
06/06/2002,AFW,TX,ASW,CE,Towers with Display (VFR),23,13,41,37,114,1,4,67,6,78,24,17,108,43,192,206,48,254,446
06/07/2002,AFW,TX,ASW,CE,Towers with Display (VFR),19,6,42,29,96,0,5,67,1,73,19,11,109,30,169,46,40,86,255
06/08/2002,AFW,TX,ASW,CE,Towers with Display (VFR),6,0,47,1,54,0,0,50,0,50,6,0,97,1,104,128,0,128,232
06/09/2002,AFW,TX,ASW,CE,Towers with Display (VFR),0,1,25,20,46,0,0,50,5,55,0,1,75,25,101,170,6,176,277
06/10/2002,AFW,TX,ASW,CE,Towers with Display (VFR),5,5,15,24,49,0,0,61,0,61,5,5,76,24,110,188,106,294,404
06/11/2002,AFW,TX,ASW,CE,Towers with Display (VFR),24,8,25,26,83,0,0,70,0,70,24,8,95,26,153,254,28,282,435
06/12/2002,AFW,TX,ASW,CE,Towers with Display (VFR),22,9,30,13,74,0,3,65,10,78,22,12,95,23,152,220,10,230,382
06/13/2002,AFW,TX,ASW,CE,Towers with Display (VFR),26,11,33,27,97,0,3,18,10,31,26,14,51,37,128,18,2,20,148
06/14/2002,AFW,TX,ASW,CE,Towers with Display (VFR),22,4,32,16,74,0,1,63,1,65,22,5,95,17,139,114,12,126,265
06/15/2002,AFW,TX,ASW,CE,Towers with Display (VFR),10,0,11,0,21,0,0,52,1,53,10,0,63,1,74,172,2,174,248
06/16/2002,AFW,TX,ASW,CE,Towers with Display (VFR),4,0,20,41,65,0,0,30,0,30,4,0,50,41,95,60,32,92,187
06/17/2002,AFW,TX,ASW,CE,Towers with Display (VFR),11,3,24,17,55,0,0,67,0,67,11,3,91,17,122,212,22,234,356
06/18/2002,AFW,TX,ASW,CE,Towers with Display (VFR),26,17,32,31,106,0,0,105,0,105,26,17,137,31,211,198,36,234,445
06/19/2002,AFW,TX,ASW,CE,Towers with Display (VFR),21,9,49,26,105,0,8,106,0,114,21,17,155,26,219,164,24,188,407
06/20/2002,AFW,TX,ASW,CE,Towers with Display (VFR),23,6,73,19,121,0,0,62,7,69,23,6,135,26,190,72,34,106,296
06/21/2002,AFW,TX,ASW,CE,Towers with Display (VFR),19,4,27,18,68,0,2,35,1,38,19,6,62,19,106,60,0,60,166
06/22/2002,AFW,TX,ASW,CE,Towers with Display (VFR),6,1,10,14,31,0,0,60,0,60,6,1,70,14,91,234,8,242,333
06/23/2002,AFW,TX,ASW,CE,Towers with Display (VFR),1,0,15,21,37,0,0,44,5,49,1,0,59,26,86,142,28,170,256
06/24/2002,AFW,TX,ASW,CE,Towers with Display (VFR),4,1,22,22,49,0,0,87,8,95,4,1,109,30,144,156,0,156,300
06/25/2002,AFW,TX,ASW,CE,Towers with Display (VFR),25,11,32,24,92,0,0,53,0,53,25,11,85,24,145,186,64,250,395
06/26/2002,AFW,TX,ASW,CE,Towers with Display (VFR),24,10,21,6,61,2,0,49,2,53,26,10,70,8,114,68,36,104,218
06/27/2002,AFW,TX,ASW,CE,Towers with Display (VFR),22,22,32,27,103,0,0,66,2,68,22,22,98,29,171,162,0,162,333
06/28/2002,AFW,TX,ASW,CE,Towers with Display (VFR),20,12,17,29,78,0,1,27,2,30,20,13,44,31,108,42,0,42,150
06/29/2002,AFW,TX,ASW,CE,Towers with Display (VFR),8,4,22,0,34,0,0,39,0,39,8,4,61,0,73,154,0,154,227
06/30/2002,AFW,TX,ASW,CE,Towers with Display (VFR),1,1,23,0,25,0,2,12,0,14,1,3,35,0,39,8,0,8,47
07/01/2002,AFW,TX,ASW,CE,Towers with Display (VFR),4,8,14,3,29,1,0,9,2,12,5,8,23,5,41,6,2,8,49
07/02/2002,AFW,TX,ASW,CE,Towers with Display (VFR),25,11,15,3,54,0,0,13,1,14,25,11,28,4,68,18,0,18,86
07/03/2002,AFW,TX,ASW,CE,Towers with Display (VFR),26,7,35,9,77,0,0,17,1,18,26,7,52,10,95,18,2,20,115
07/04/2002,AFW,TX,ASW,CE,Towers with Display (VFR),6,0,42,0,48,0,0,15,2,17,6,0,57,2,65,12,16,28,93
07/05/2002,AFW,TX,ASW,CE,Towers with Display (VFR),7,3,40,0,50,1,0,32,3,36,8,3,72,3,86,54,0,54,140
07/06/2002,AFW,TX,ASW,CE,Towers with Display (VFR),6,2,15,0,23,0,0,33,0,33,6,2,48,0,56,100,0,100,156
07/07/2002,AFW,TX,ASW,CE,Towers with Display (VFR),0,1,10,0,11,0,0,27,0,27,0,1,37,0,38,74,0,74,112
07/08/2002,AFW,TX,ASW,CE,Towers with Display (VFR),13,5,29,18,65,0,7,49,6,62,13,12,78,24,127,124,2,126,253
07/09/2002,AFW,TX,ASW,CE,Towers with Display (VFR),25,13,37,20,95,0,1,81,13,95,25,14,118,33,190,194,40,234,424
07/10/2002,AFW,TX,ASW,CE,Towers with Display (VFR),21,7,25,14,67,4,2,61,7,74,25,9,86,21,141,70,2,72,213
07/11/2002,AFW,TX,ASW,CE,Towers with Display (VFR),25,6,10,30,71,0,0,51,3,54,25,6,61,33,125,54,26,80,205
07/12/2002,AFW,TX,ASW,CE,Towers with Display (VFR),29,8,23,22,82,0,0,46,1,47,29,8,69,23,129,132,42,174,303
07/13/2002,AFW,TX,ASW,CE,Towers with Display (VFR),8,0,21,3,32,0,0,34,1,35,8,0,55,4,67,36,0,36,103
07/14/2002,AFW,TX,ASW,CE,Towers with Display (VFR),1,0,26,14,41,0,0,77,13,90,1,0,103,27,131,154,10,164,295
07/15/2002,AFW,TX,ASW,CE,Towers with Display (VFR),3,3,19,13,38,0,2,68,4,74,3,5,87,17,112,114,24,138,250
07/16/2002,AFW,TX,ASW,CE,Towers with Display (VFR),22,10,30,19,81,0,0,17,1,18,22,10,47,20,99,6,2,8,107
07/17/2002,AFW,TX,ASW,CE,Towers with Display (VFR),22,9,15,27,73,0,2,25,7,34,22,11,40,34,107,26,14,40,147
07/18/2002,AFW,TX,ASW,CE,Towers with Display (VFR),25,9,42,11,87,0,1,57,2,60,25,10,99,13,147,132,10,142,289
07/19/2002,AFW,TX,ASW,CE,Towers with Display (VFR),20,6,29,13,68,0,2,69,3,74,20,8,98,16,142,150,14,164,306
07/20/2002,AFW,TX,ASW,CE,Towers with Display (VFR),10,1,8,14,33,0,0,32,1,33,10,1,40,15,66,112,6,118,184
07/21/2002,AFW,TX,ASW,CE,Towers with Display (VFR),2,0,20,13,35,0,0,52,3,55,2,0,72,16,90,136,0,136,226
07/22/2002,AFW,TX,ASW,CE,Towers with Display (VFR),3,3,16,38,60,0,0,51,3,54,3,3,67,41,114,136,36,172,286
07/23/2002,AFW,TX,ASW,CE,Towers with Display (VFR),19,9,13,37,78,0,0,59,1,60,19,9,72,38,138,130,68,198,336
07/24/2002,AFW,TX,ASW,CE,Towers with Display (VFR),18,9,29,13,69,7,5,87,0,99,25,14,116,13,168,110,0,110,278
07/25/2002,AFW,TX,ASW,CE,Towers with Display (VFR),16,8,27,8,59,5,0,62,0,67,21,8,89,8,126,94,6,100,226
07/26/2002,AFW,TX,ASW,CE,Towers with Display (VFR),21,9,12,64,106,0,0,42,7,49,21,9,54,71,155,56,52,108,263
07/27/2002,AFW,TX,ASW,CE,Towers with Display (VFR),8,0,20,2,30,0,0,47,1,48,8,0,67,3,78,126,2,128,206
07/28/2002,AFW,TX,ASW,CE,Towers with Display (VFR),0,0,11,35,46,0,0,14,4,18,0,0,25,39,64,80,48,128,192
07/29/2002,AFW,TX,ASW,CE,Towers with Display (VFR),4,6,23,0,33,0,1,35,1,37,4,7,58,1,70,196,0,196,266
07/30/2002,AFW,TX,ASW,CE,Towers with Display (VFR),23,22,25,7,77,0,0,64,0,64,23,22,89,7,141,276,20,296,437
07/31/2002,AFW,TX,ASW,CE,Towers with Display (VFR),23,14,18,14,69,0,0,68,4,72,23,14,86,18,141,230,38,268,409
08/01/2002,AFW,TX,ASW,CE,Towers with Display (VFR),22,13,21,31,87,0,0,49,4,53,22,13,70,35,140,62,42,104,244
08/02/2002,AFW,TX,ASW,CE,Towers with Display (VFR),21,8,16,52,97,0,3,63,4,70,21,11,79,56,167,122,31,153,320
08/03/2002,AFW,TX,ASW,CE,Towers with Display (VFR),8,2,18,2,30,0,0,56,0,56,8,2,74,2,86,166,0,166,252
08/04/2002,AFW,TX,ASW,CE,Towers with Display (VFR),1,1,31,51,84,0,0,63,3,66,1,1,94,54,150,164,0,164,314
08/05/2002,AFW,TX,ASW,CE,Towers with Display (VFR),5,5,21,22,53,0,4,56,5,65,5,9,77,27,118,228,10,238,356
08/06/2002,AFW,TX,ASW,CE,Towers with Display (VFR),29,12,14,40,95,0,1,59,0,60,29,13,73,40,155,144,68,212,367
08/07/2002,AFW,TX,ASW,CE,Towers with Display (VFR),24,11,15,9,59,0,0,46,1,47,24,11,61,10,106,132,24,156,262
08/08/2002,AFW,TX,ASW,CE,Towers with Display (VFR),23,9,18,21,71,0,1,42,4,47,23,10,60,25,118,100,10,110,228
08/09/2002,AFW,TX,ASW,CE,Towers with Display (VFR),20,8,20,36,84,0,1,57,1,59,20,9,77,37,143,146,24,170,313
08/10/2002,AFW,TX,ASW,CE,Towers with Display (VFR),11,2,9,5,27,0,0,10,1,11,11,2,19,6,38,6,0,6,44
08/11/2002,AFW,TX,ASW,CE,Towers with Display (VFR),0,0,19,8,27,0,0,57,4,61,0,0,76,12,88,258,12,270,358
08/12/2002,AFW,TX,ASW,CE,Towers with Display (VFR),5,2,25,63,95,0,0,60,11,71,5,2,85,74,166,170,128,298,464
08/13/2002,AFW,TX,ASW,CE,Towers with Display (VFR),20,12,14,47,93,0,1,64,1,66,20,13,78,48,159,82,136,218,377
08/14/2002,AFW,TX,ASW,CE,Towers with Display (VFR),29,12,17,3,61,0,0,34,1,35,29,12,51,4,96,82,18,100,196
08/15/2002,AFW,TX,ASW,CE,Towers with Display (VFR),26,13,15,36,90,0,0,50,2,52,26,13,65,38,142,84,86,170,312
08/16/2002,AFW,TX,ASW,CE,Towers with Display (VFR),20,6,24,53,103,0,0,44,5,49,20,6,68,58,152,126,36,162,314
08/17/2002,AFW,TX,ASW,CE,Towers with Display (VFR),6,3,8,65,82,0,0,51,1,52,6,3,59,66,134,180,134,314,448
08/18/2002,AFW,TX,ASW,CE,Towers with Display (VFR),0,0,24,6,30,0,0,45,2,47,0,0,69,8,77,116,16,132,209
08/19/2002,AFW,TX,ASW,CE,Towers with Display (VFR),4,3,31,55,93,0,0,69,13,82,4,3,100,68,175,194,52,246,421
08/20/2002,AFW,TX,ASW,CE,Towers with Display (VFR),19,8,27,33,87,3,3,53,0,59,22,11,80,33,146,146,20,166,312
08/21/2002,AFW,TX,ASW,CE,Towers with Display (VFR),14,5,20,22,61,10,3,29,0,42,24,8,49,22,103,124,20,144,247
08/22/2002,AFW,TX,ASW,CE,Towers with Display (VFR),26,7,17,8,58,0,4,60,0,64,26,11,77,8,122,154,2,156,278
08/23/2002,AFW,TX,ASW,CE,Towers with Display (VFR),24,6,29,35,94,0,1,68,2,71,24,7,97,37,165,104,54,158,323
08/24/2002,AFW,TX,ASW,CE,Towers with Display (VFR),12,1,36,8,57,0,0,57,0,57,12,1,93,8,114,180,14,194,308
08/25/2002,AFW,TX,ASW,CE,Towers with Display (VFR),5,0,10,42,57,0,0,28,7,35,5,0,38,49,92,96,32,128,220
08/26/2002,AFW,TX,ASW,CE,Towers with Display (VFR),2,4,22,25,53,0,0,63,3,66,2,4,85,28,119,182,26,208,327
08/27/2002,AFW,TX,ASW,CE,Towers with Display (VFR),24,14,22,12,72,0,0,55,0,55,24,14,77,12,127,184,16,200,327
08/28/2002,AFW,TX,ASW,CE,Towers with Display (VFR),24,8,34,9,75,0,0,60,6,66,24,8,94,15,141,86,10,96,237
08/29/2002,AFW,TX,ASW,CE,Towers with Display (VFR),22,12,23,8,65,0,0,45,0,45,22,12,68,8,110,120,0,120,230
08/30/2002,AFW,TX,ASW,CE,Towers with Display (VFR),20,12,26,24,82,0,1,60,0,61,20,13,86,24,143,164,10,174,317
08/31/2002,AFW,TX,ASW,CE,Towers with Display (VFR),6,0,24,0,30,0,0,66,0,66,6,0,90,0,96,158,0,158,254
09/01/2002,AFW,TX,ASW,CE,Towers with Display (VFR),1,0,11,2,14,0,0,22,0,22,1,0,33,2,36,50,8,58,94
09/02/2002,AFW,TX,ASW,CE,Towers with Display (VFR),0,0,5,2,7,0,0,18,0,18,0,0,23,2,25,18,0,18,43
09/03/2002,AFW,TX,ASW,CE,Towers with Display (VFR),2,4,4,39,49,0,0,45,0,45,2,4,49,39,94,104,38,142,236
09/04/2002,AFW,TX,ASW,CE,Towers with Display (VFR),29,15,20,14,78,0,0,54,0,54,29,15,74,14,132,98,4,102,234
09/05/2002,AFW,TX,ASW,CE,Towers with Display (VFR),33,14,15,15,77,0,5,37,3,45,33,19,52,18,122,88,44,132,254
09/06/2002,AFW,TX,ASW,CE,Towers with Display (VFR),24,8,19,46,97,1,0,45,3,49,25,8,64,49,146,70,52,122,268
09/07/2002,AFW,TX,ASW,CE,Towers with Display (VFR),9,1,10,19,39,0,0,63,1,64,9,1,73,20,103,162,46,208,311
09/08/2002,AFW,TX,ASW,CE,Towers with Display (VFR),1,3,13,4,21,0,0,3,0,3,1,3,16,4,24,0,0,0,24
09/09/2002,AFW,TX,ASW,CE,Towers with Display (VFR),3,3,21,12,39,0,5,17,1,23,3,8,38,13,62,46,2,48,110
09/10/2002,AFW,TX,ASW,CE,Towers with Display (VFR),29,10,10,13,62,0,0,78,0,78,29,10,88,13,140,296,32,328,468
09/11/2002,AFW,TX,ASW,CE,Towers with Display (VFR),27,9,21,22,79,0,6,53,0,59,27,15,74,22,138,142,88,230,368
09/12/2002,AFW,TX,ASW,CE,Towers with Display (VFR),28,7,36,16,87,0,1,42,4,47,28,8,78,20,134,28,56,84,218
09/13/2002,AFW,TX,ASW,CE,Towers with Display (VFR),25,6,37,48,116,0,1,30,4,35,25,7,67,52,151,60,34,94,245
09/14/2002,AFW,TX,ASW,CE,Towers with Display (VFR),8,6,20,24,58,0,0,36,0,36,8,6,56,24,94,44,40,84,178
09/15/2002,AFW,TX,ASW,CE,Towers with Display (VFR),0,1,44,37,82,0,32,59,6,97,0,33,103,43,179,64,50,114,293
09/16/2002,AFW,TX,ASW,CE,Towers with Display (VFR),6,9,21,10,46,0,0,65,7,72,6,9,86,17,118,118,6,124,242
09/17/2002,AFW,TX,ASW,CE,Towers with Display (VFR),27,22,14,21,84,0,0,53,0,53,27,22,67,21,137,92,4,96,233
09/18/2002,AFW,TX,ASW,CE,Towers with Display (VFR),23,12,21,18,74,0,4,42,0,46,23,16,63,18,120,178,4,182,302
09/19/2002,AFW,TX,ASW,CE,Towers with Display (VFR),30,8,23,21,82,0,0,32,0,32,30,8,55,21,114,90,0,90,204
09/20/2002,AFW,TX,ASW,CE,Towers with Display (VFR),32,8,31,49,120,0,6,63,6,75,32,14,94,55,195,146,42,188,383
09/21/2002,AFW,TX,ASW,CE,Towers with Display (VFR),7,1,16,25,49,0,0,57,0,57,7,1,73,25,106,144,36,180,286
09/22/2002,AFW,TX,ASW,CE,Towers with Display (VFR),2,3,14,17,36,0,0,37,7,44,2,3,51,24,80,110,44,154,234
09/23/2002,AFW,TX,ASW,CE,Towers with Display (VFR),5,6,28,21,60,0,0,57,0,57,5,6,85,21,117,86,10,96,213
09/24/2002,AFW,TX,ASW,CE,Towers with Display (VFR),26,10,22,18,76,0,0,73,0,73,26,10,95,18,149,170,34,204,353
09/25/2002,AFW,TX,ASW,CE,Towers with Display (VFR),32,9,17,23,81,0,0,36,2,38,32,9,53,25,119,170,0,170,289
09/26/2002,AFW,TX,ASW,CE,Towers with Display (VFR),34,14,26,8,82,0,1,38,2,41,34,15,64,10,123,78,58,136,259
09/27/2002,AFW,TX,ASW,CE,Towers with Display (VFR),23,9,10,0,42,0,0,43,0,43,23,9,53,0,85,0,66,66,151
09/28/2002,AFW,TX,ASW,CE,Towers with Display (VFR),6,2,14,0,22,0,0,61,0,61,6,2,75,0,83,204,0,204,287
09/29/2002,AFW,TX,ASW,CE,Towers with Display (VFR),4,0,23,0,27,0,0,45,0,45,4,0,68,0,72,136,0,136,208
09/30/2002,AFW,TX,ASW,CE,Towers with Display (VFR),7,5,30,0,42,0,5,38,0,43,7,10,68,0,85,188,0,188,273
10/01/2002,AFW,TX,ASW,CE,Towers with Display (VFR),33,15,27,50,125,0,0,42,0,42,33,15,69,50,167,116,26,142,309
10/02/2002,AFW,TX,ASW,CE,Towers with Display (VFR),28,9,26,29,92,0,4,41,2,47,28,13,67,31,139,106,4,110,249
10/03/2002,AFW,TX,ASW,CE,Towers with Display (VFR),29,8,17,25,79,0,0,40,4,44,29,8,57,29,123,112,26,138,261
10/04/2002,AFW,TX,ASW,CE,Towers with Display (VFR),24,9,24,44,101,2,4,59,0,65,26,13,83,44,166,72,14,86,252
10/05/2002,AFW,TX,ASW,CE,Towers with Display (VFR),7,1,25,14,47,0,0,63,0,63,7,1,88,14,110,150,18,168,278
10/06/2002,AFW,TX,ASW,CE,Towers with Display (VFR),1,0,17,6,24,0,0,30,2,32,1,0,47,8,56,48,0,48,104
10/07/2002,AFW,TX,ASW,CE,Towers with Display (VFR),3,4,18,15,40,0,4,32,0,36,3,8,50,15,76,104,14,118,194
10/08/2002,AFW,TX,ASW,CE,Towers with Display (VFR),29,15,34,2,80,0,0,0,0,0,29,15,34,2,80,26,0,26,106
10/09/2002,AFW,TX,ASW,CE,Towers with Display (VFR),28,8,55,5,96,0,0,0,0,0,28,8,55,5,96,10,0,10,106
10/10/2002,AFW,TX,ASW,CE,Towers with Display (VFR),31,10,23,22,86,0,3,18,2,23,31,13,41,24,109,0,2,2,111
10/11/2002,AFW,TX,ASW,CE,Towers with Display (VFR),25,5,7,20,57,0,4,29,24,57,25,9,36,44,114,8,36,44,158
10/12/2002,AFW,TX,ASW,CE,Towers with Display (VFR),8,0,3,5,16,0,0,23,0,23,8,0,26,5,39,0,6,6,45
10/13/2002,AFW,TX,ASW,CE,Towers with Display (VFR),0,0,2,7,9,0,0,30,1,31,0,0,32,8,40,0,0,0,40
10/14/2002,AFW,TX,ASW,CE,Towers with Display (VFR),6,3,12,22,43,0,0,45,2,47,6,3,57,24,90,148,14,162,252
10/15/2002,AFW,TX,ASW,CE,Towers with Display (VFR),28,8,34,10,80,0,0,56,0,56,28,8,90,10,136,146,0,146,282
10/16/2002,AFW,TX,ASW,CE,Towers with Display (VFR),30,10,46,23,109,0,1,81,5,87,30,11,127,28,196,176,28,204,400
10/17/2002,AFW,TX,ASW,CE,Towers with Display (VFR),26,11,39,18,94,0,1,59,14,74,26,12,98,32,168,142,20,162,330
10/18/2002,AFW,TX,ASW,CE,Towers with Display (VFR),26,6,13,7,52,0,0,6,3,9,26,6,19,10,61,12,8,20,81
10/19/2002,AFW,TX,ASW,CE,Towers with Display (VFR),11,1,41,9,62,0,0,6,0,6,11,1,47,9,68,8,6,14,82
10/20/2002,AFW,TX,ASW,CE,Towers with Display (VFR),1,4,29,17,51,0,0,9,0,9,1,4,38,17,60,6,0,6,66
10/21/2002,AFW,TX,ASW,CE,Towers with Display (VFR),4,9,33,14,60,0,2,23,5,30,4,11,56,19,90,88,4,92,182
10/22/2002,AFW,TX,ASW,CE,Towers with Display (VFR),29,19,51,10,109,0,0,17,0,17,29,19,68,10,126,48,0,48,174
10/23/2002,AFW,TX,ASW,CE,Towers with Display (VFR),35,37,42,19,133,0,0,12,6,18,35,37,54,25,151,32,16,48,199
10/24/2002,AFW,TX,ASW,CE,Towers with Display (VFR),41,14,35,0,90,0,0,0,0,0,41,14,35,0,90,0,0,0,90
10/25/2002,AFW,TX,ASW,CE,Towers with Display (VFR),23,6,60,40,129,0,0,15,0,15,23,6,75,40,144,60,0,60,204
10/26/2002,AFW,TX,ASW,CE,Towers with Display (VFR),6,4,7,10,27,0,0,32,0,32,6,4,39,10,59,126,8,134,193
10/27/2002,AFW,TX,ASW,CE,Towers with Display (VFR),2,0,38,7,47,0,0,0,1,1,2,0,38,8,48,0,0,0,48
10/28/2002,AFW,TX,ASW,CE,Towers with Display (VFR),5,5,23,8,41,0,1,0,1,2,5,6,23,9,43,0,6,6,49
10/29/2002,AFW,TX,ASW,CE,Towers with Display (VFR),33,14,42,25,114,0,0,54,0,54,33,14,96,25,168,124,16,140,308
10/30/2002,AFW,TX,ASW,CE,Towers with Display (VFR),23,12,23,17,75,0,2,18,1,21,23,14,41,18,96,74,0,74,170
10/31/2002,AFW,TX,ASW,CE,Towers with Display (VFR),37,11,27,7,82,0,2,36,1,39,37,13,63,8,121,56,4,60,181
11/01/2002,AFW,TX,ASW,CE,Towers with Display (VFR),29,10,25,12,76,0,1,1,0,2,29,11,26,12,78,0,0,0,78
11/02/2002,AFW,TX,ASW,CE,Towers with Display (VFR),6,5,27,19,57,0,0,10,0,10,6,5,37,19,67,18,4,22,89
11/03/2002,AFW,TX,ASW,CE,Towers with Display (VFR),1,3,25,16,45,0,0,24,0,24,1,3,49,16,69,52,0,52,121
11/04/2002,AFW,TX,ASW,CE,Towers with Display (VFR),5,6,17,46,74,0,0,78,0,78,5,6,95,46,152,166,48,214,366
11/05/2002,AFW,TX,ASW,CE,Towers with Display (VFR),28,9,31,31,99,0,0,80,0,80,28,9,111,31,179,192,40,232,411
11/06/2002,AFW,TX,ASW,CE,Towers with Display (VFR),32,15,43,4,94,0,1,128,3,132,32,16,171,7,226,288,12,300,526
11/07/2002,AFW,TX,ASW,CE,Towers with Display (VFR),32,8,54,21,115,2,9,109,6,126,34,17,163,27,241,110,16,126,367
11/08/2002,AFW,TX,ASW,CE,Towers with Display (VFR),26,6,31,24,87,0,0,92,5,97,26,6,123,29,184,88,40,128,312
11/09/2002,AFW,TX,ASW,CE,Towers with Display (VFR),12,0,21,10,43,0,0,64,0,64,12,0,85,10,107,126,6,132,239
11/10/2002,AFW,TX,ASW,CE,Towers with Display (VFR),2,0,17,7,26,0,0,71,0,71,2,0,88,7,97,198,0,198,295
11/11/2002,AFW,TX,ASW,CE,Towers with Display (VFR),6,3,23,62,94,0,0,55,2,57,6,3,78,64,151,130,84,214,365
11/12/2002,AFW,TX,ASW,CE,Towers with Display (VFR),31,9,31,12,83,0,0,60,0,60,31,9,91,12,143,144,0,144,287
11/13/2002,AFW,TX,ASW,CE,Towers with Display (VFR),33,10,12,13,68,0,0,56,5,61,33,10,68,18,129,256,26,282,411
11/14/2002,AFW,TX,ASW,CE,Towers with Display (VFR),33,14,14,25,86,0,2,45,6,53,33,16,59,31,139,42,22,64,203
11/15/2002,AFW,TX,ASW,CE,Towers with Display (VFR),26,6,33,55,120,0,0,42,4,46,26,6,75,59,166,62,38,100,266
11/16/2002,AFW,TX,ASW,CE,Towers with Display (VFR),6,2,9,33,50,0,0,55,0,55,6,2,64,33,105,78,32,110,215
11/17/2002,AFW,TX,ASW,CE,Towers with Display (VFR),0,1,19,18,38,0,2,39,0,41,0,3,58,18,79,232,0,232,311
11/18/2002,AFW,TX,ASW,CE,Towers with Display (VFR),2,9,14,35,60,0,0,63,4,67,2,9,77,39,127,194,168,362,489
11/19/2002,AFW,TX,ASW,CE,Towers with Display (VFR),31,23,13,27,94,8,0,87,0,95,39,23,100,27,189,182,22,204,393
11/20/2002,AFW,TX,ASW,CE,Towers with Display (VFR),30,9,28,16,83,0,0,63,3,66,30,9,91,19,149,162,22,184,333
11/21/2002,AFW,TX,ASW,CE,Towers with Display (VFR),28,11,32,19,90,0,0,58,2,60,28,11,90,21,150,48,40,88,238
11/22/2002,AFW,TX,ASW,CE,Towers with Display (VFR),29,8,27,29,93,0,3,50,4,57,29,11,77,33,150,118,10,128,278
11/23/2002,AFW,TX,ASW,CE,Towers with Display (VFR),6,4,14,29,53,0,0,61,0,61,6,4,75,29,114,262,28,290,404
11/24/2002,AFW,TX,ASW,CE,Towers with Display (VFR),1,1,31,15,48,0,0,51,1,52,1,1,82,16,100,142,8,150,250
11/25/2002,AFW,TX,ASW,CE,Towers with Display (VFR),4,7,15,21,47,0,0,36,4,40,4,7,51,25,87,144,14,158,245
11/26/2002,AFW,TX,ASW,CE,Towers with Display (VFR),32,11,25,20,88,0,0,45,0,45,32,11,70,20,133,226,6,232,365
11/27/2002,AFW,TX,ASW,CE,Towers with Display (VFR),34,8,23,7,72,2,3,57,1,63,36,11,80,8,135,112,18,130,265
11/28/2002,AFW,TX,ASW,CE,Towers with Display (VFR),4,1,3,0,8,0,1,20,0,21,4,2,23,0,29,0,24,24,53
11/29/2002,AFW,TX,ASW,CE,Towers with Display (VFR),17,3,24,1,45,0,2,34,5,41,17,5,58,6,86,52,0,52,138
11/30/2002,AFW,TX,ASW,CE,Towers with Display (VFR),9,0,13,4,26,0,0,40,0,40,9,0,53,4,66,54,20,74,140
12/01/2002,AFW,TX,ASW,CE,Towers with Display (VFR),2,0,26,1,29,0,0,43,0,43,2,0,69,1,72,108,0,108,180
12/02/2002,AFW,TX,ASW,CE,Towers with Display (VFR),3,4,5,6,18,0,0,72,5,77,3,4,77,11,95,258,0,258,353
12/03/2002,AFW,TX,ASW,CE,Towers with Display (VFR),40,12,21,6,79,0,0,4,0,4,40,12,25,6,83,8,0,8,91
12/04/2002,AFW,TX,ASW,CE,Towers with Display (VFR),41,6,12,0,59,0,3,8,0,11,41,9,20,0,70,28,0,28,98
12/05/2002,AFW,TX,ASW,CE,Towers with Display (VFR),43,14,29,12,98,0,2,34,2,38,43,16,63,14,136,98,8,106,242
12/06/2002,AFW,TX,ASW,CE,Towers with Display (VFR),38,15,24,25,102,0,4,37,0,41,38,19,61,25,143,74,10,84,227
12/07/2002,AFW,TX,ASW,CE,Towers with Display (VFR),27,2,23,7,59,0,0,41,0,41,27,2,64,7,100,198,8,206,306
12/08/2002,AFW,TX,ASW,CE,Towers with Display (VFR),1,2,16,8,27,0,0,3,2,5,1,2,19,10,32,10,0,10,42
12/09/2002,AFW,TX,ASW,CE,Towers with Display (VFR),4,2,19,4,29,0,0,1,0,1,4,2,20,4,30,0,0,0,30
12/10/2002,AFW,TX,ASW,CE,Towers with Display (VFR),35,14,20,14,83,0,0,12,0,12,35,14,32,14,95,12,0,12,107
12/11/2002,AFW,TX,ASW,CE,Towers with Display (VFR),42,13,31,17,103,2,3,6,2,13,44,16,37,19,116,22,2,24,140
12/12/2002,AFW,TX,ASW,CE,Towers with Display (VFR),41,9,29,8,87,0,0,5,0,5,41,9,34,8,92,0,0,0,92
12/13/2002,AFW,TX,ASW,CE,Towers with Display (VFR),45,8,26,43,122,0,0,27,0,27,45,8,53,43,149,72,4,76,225
12/14/2002,AFW,TX,ASW,CE,Towers with Display (VFR),32,6,10,46,94,0,0,63,0,63,32,6,73,46,157,176,62,238,395
12/15/2002,AFW,TX,ASW,CE,Towers with Display (VFR),4,0,19,18,41,0,0,56,15,71,4,0,75,33,112,162,40,202,314
12/16/2002,AFW,TX,ASW,CE,Towers with Display (VFR),10,5,30,24,69,0,0,43,6,49,10,5,73,30,118,96,106,202,320
12/17/2002,AFW,TX,ASW,CE,Towers with Display (VFR),42,12,34,16,104,0,0,55,0,55,42,12,89,16,159,126,30,156,315
12/18/2002,AFW,TX,ASW,CE,Towers with Display (VFR),40,10,33,6,89,0,0,73,1,74,40,10,106,7,163,146,0,146,309
12/19/2002,AFW,TX,ASW,CE,Towers with Display (VFR),50,14,29,5,98,0,5,39,4,48,50,19,68,9,146,70,0,70,216
12/20/2002,AFW,TX,ASW,CE,Towers with Display (VFR),39,13,31,1,84,0,0,65,0,65,39,13,96,1,149,70,0,70,219
12/21/2002,AFW,TX,ASW,CE,Towers with Display (VFR),33,3,17,3,56,0,0,28,0,28,33,3,45,3,84,34,0,34,118
12/22/2002,AFW,TX,ASW,CE,Towers with Display (VFR),0,0,25,0,25,0,0,61,0,61,0,0,86,0,86,226,0,226,312
12/23/2002,AFW,TX,ASW,CE,Towers with Display (VFR),1,2,9,1,13,0,0,0,0,0,1,2,9,1,13,0,0,0,13
12/24/2002,AFW,TX,ASW,CE,Towers with Display (VFR),38,13,4,0,55,0,0,7,0,7,38,13,11,0,62,0,2,2,64
12/25/2002,AFW,TX,ASW,CE,Towers with Display (VFR),6,0,3,0,9,0,0,7,0,7,6,0,10,0,16,0,20,20,36
12/26/2002,AFW,TX,ASW,CE,Towers with Display (VFR),2,4,22,2,30,0,0,25,2,27,2,4,47,4,57,0,74,74,131
12/27/2002,AFW,TX,ASW,CE,Towers with Display (VFR),0,4,20,11,35,0,2,62,3,67,0,6,82,14,102,78,26,104,206
12/28/2002,AFW,TX,ASW,CE,Towers with Display (VFR),0,0,18,1,19,0,0,40,3,43,0,0,58,4,62,74,2,76,138
12/29/2002,AFW,TX,ASW,CE,Towers with Display (VFR),0,0,19,1,20,0,0,14,0,14,0,0,33,1,34,14,0,14,48
12/30/2002,AFW,TX,ASW,CE,Towers with Display (VFR),0,2,7,2,11,0,5,13,0,18,0,7,20,2,29,44,10,54,83
12/31/2002,AFW,TX,ASW,CE,Towers with Display (VFR),0,2,20,0,22,0,0,37,0,37,0,2,57,0,59,22,0,22,81
01/01/2003,AFW,TX,ASW,CE,Towers with Display (VFR),0,2,13,0,15,0,2,17,0,19,0,4,30,0,34,4,0,4,38
01/02/2003,AFW,TX,ASW,CE,Towers with Display (VFR),0,2,18,35,55,0,1,41,9,51,0,3,59,44,106,64,32,96,202
01/03/2003,AFW,TX,ASW,CE,Towers with Display (VFR),7,2,21,28,58,0,4,69,1,74,7,6,90,29,132,114,32,146,278
01/04/2003,AFW,TX,ASW,CE,Towers with Display (VFR),8,2,26,19,55,0,0,55,2,57,8,2,81,21,112,126,16,142,254
01/05/2003,AFW,TX,ASW,CE,Towers with Display (VFR),0,0,36,11,47,0,2,72,6,80,0,2,108,17,127,252,8,260,387
01/06/2003,AFW,TX,ASW,CE,Towers with Display (VFR),5,2,14,12,33,0,0,60,1,61,5,2,74,13,94,196,0,196,290
01/07/2003,AFW,TX,ASW,CE,Towers with Display (VFR),26,13,21,33,93,0,1,37,5,43,26,14,58,38,136,86,22,108,244
01/08/2003,AFW,TX,ASW,CE,Towers with Display (VFR),25,11,41,11,88,0,3,86,5,94,25,14,127,16,182,272,20,292,474
01/09/2003,AFW,TX,ASW,CE,Towers with Display (VFR),26,9,30,14,79,0,1,42,3,46,26,10,72,17,125,26,28,54,179
01/10/2003,AFW,TX,ASW,CE,Towers with Display (VFR),23,7,32,37,99,0,0,40,7,47,23,7,72,44,146,46,18,64,210
01/11/2003,AFW,TX,ASW,CE,Towers with Display (VFR),6,3,41,35,85,0,2,32,4,38,6,5,73,39,123,32,22,54,177
01/12/2003,AFW,TX,ASW,CE,Towers with Display (VFR),0,0,6,0,6,0,0,0,1,1,0,0,6,1,7,0,0,0,7
01/13/2003,AFW,TX,ASW,CE,Towers with Display (VFR),4,6,17,21,48,0,0,15,0,15,4,6,32,21,63,0,0,0,63
01/14/2003,AFW,TX,ASW,CE,Towers with Display (VFR),30,10,53,22,115,0,0,86,7,93,30,10,139,29,208,344,50,394,602
01/15/2003,AFW,TX,ASW,CE,Towers with Display (VFR),25,14,36,2,77,0,0,0,0,0,25,14,36,2,77,0,0,0,77
01/16/2003,AFW,TX,ASW,CE,Towers with Display (VFR),25,13,11,2,51,0,2,19,0,21,25,15,30,2,72,46,0,46,118
01/17/2003,AFW,TX,ASW,CE,Towers with Display (VFR),29,6,39,20,94,0,5,45,5,55,29,11,84,25,149,18,12,30,179
01/18/2003,AFW,TX,ASW,CE,Towers with Display (VFR),6,0,43,7,56,0,0,56,0,56,6,0,99,7,112,44,16,60,172
01/19/2003,AFW,TX,ASW,CE,Towers with Display (VFR),0,0,20,18,38,0,5,39,4,48,0,5,59,22,86,104,48,152,238
01/20/2003,AFW,TX,ASW,CE,Towers with Display (VFR),4,2,33,21,60,0,0,80,4,84,4,2,113,25,144,250,12,262,406
01/21/2003,AFW,TX,ASW,CE,Towers with Display (VFR),23,15,20,53,111,0,0,71,0,71,23,15,91,53,182,106,76,182,364
01/22/2003,AFW,TX,ASW,CE,Towers with Display (VFR),24,11,31,13,79,0,0,28,0,28,24,11,59,13,107,30,4,34,141
01/23/2003,AFW,TX,ASW,CE,Towers with Display (VFR),24,9,28,14,75,0,0,29,2,31,24,9,57,16,106,74,16,90,196
01/24/2003,AFW,TX,ASW,CE,Towers with Display (VFR),6,1,18,9,34,0,0,50,0,50,6,1,68,9,84,70,0,70,154
01/25/2003,AFW,TX,ASW,CE,Towers with Display (VFR),22,9,43,22,96,8,2,37,0,47,30,11,80,22,143,120,20,140,283
01/26/2003,AFW,TX,ASW,CE,Towers with Display (VFR),0,0,25,17,42,0,2,15,0,17,0,2,40,17,59,6,0,6,65
01/27/2003,AFW,TX,ASW,CE,Towers with Display (VFR),5,1,28,9,43,1,0,40,0,41,6,1,68,9,84,70,0,70,154
01/28/2003,AFW,TX,ASW,CE,Towers with Display (VFR),30,11,40,22,103,0,0,40,0,40,30,11,80,22,143,120,20,140,283
01/29/2003,AFW,TX,ASW,CE,Towers with Display (VFR),26,11,25,39,101,0,0,15,7,22,26,11,40,46,123,32,2,34,157
01/30/2003,AFW,TX,ASW,CE,Towers with Display (VFR),26,12,28,10,76,0,3,17,4,24,26,15,45,14,100,46,0,46,146
01/31/2003,AFW,TX,ASW,CE,Towers with Display (VFR),25,8,37,28,98,0,1,71,9,81,25,9,108,37,179,94,12,106,285
02/01/2003,AFW,TX,ASW,CE,Towers with Display (VFR),8,4,14,7,33,0,0,34,0,34,8,4,48,7,67,78,0,78,145
02/02/2003,AFW,TX,ASW,CE,Towers with Display (VFR),1,3,5,11,20,0,0,12,4,16,1,3,17,15,36,12,50,62,98
02/03/2003,AFW,TX,ASW,CE,Towers with Display (VFR),6,6,11,34,57,0,0,40,2,42,6,6,51,36,99,28,22,50,149
02/04/2003,AFW,TX,ASW,CE,Towers with Display (VFR),23,15,28,11,77,0,1,80,0,81,23,16,108,11,158,242,32,274,432
02/05/2003,AFW,TX,ASW,CE,Towers with Display (VFR),20,8,21,20,69,0,4,43,3,50,20,12,64,23,119,102,0,102,221
02/06/2003,AFW,TX,ASW,CE,Towers with Display (VFR),20,11,44,3,78,0,0,6,0,6,20,11,50,3,84,0,0,0,84
02/07/2003,AFW,TX,ASW,CE,Towers with Display (VFR),18,10,28,23,79,0,0,46,3,49,18,10,74,26,128,82,48,130,258
02/08/2003,AFW,TX,ASW,CE,Towers with Display (VFR),8,2,19,13,42,0,2,24,5,31,8,4,43,18,73,72,50,122,195
02/09/2003,AFW,TX,ASW,CE,Towers with Display (VFR),1,0,23,19,43,0,0,15,2,17,1,0,38,21,60,12,14,26,86
02/10/2003,AFW,TX,ASW,CE,Towers with Display (VFR),3,5,22,52,82,3,4,85,38,130,6,9,107,90,212,392,108,500,712
02/11/2003,AFW,TX,ASW,CE,Towers with Display (VFR),25,16,31,39,111,0,0,81,0,81,25,16,112,39,192,236,38,274,466
02/12/2003,AFW,TX,ASW,CE,Towers with Display (VFR),30,16,38,13,97,0,1,75,3,79,30,17,113,16,176,300,84,384,560
02/13/2003,AFW,TX,ASW,CE,Towers with Display (VFR),36,18,33,16,103,0,0,4,0,4,36,18,37,16,107,0,0,0,107
02/14/2003,AFW,TX,ASW,CE,Towers with Display (VFR),36,13,11,10,70,0,4,21,0,25,36,17,32,10,95,60,8,68,163
02/15/2003,AFW,TX,ASW,CE,Towers with Display (VFR),8,5,26,3,42,0,0,14,0,14,8,5,40,3,56,22,0,22,78
02/16/2003,AFW,TX,ASW,CE,Towers with Display (VFR),0,4,7,0,11,0,1,17,0,18,0,5,24,0,29,66,0,66,95
02/17/2003,AFW,TX,ASW,CE,Towers with Display (VFR),5,3,25,8,41,0,0,49,0,49,5,3,74,8,90,150,34,184,274
02/18/2003,AFW,TX,ASW,CE,Towers with Display (VFR),20,8,30,10,68,0,4,66,3,73,20,12,96,13,141,308,8,316,457
02/19/2003,AFW,TX,ASW,CE,Towers with Display (VFR),24,11,32,6,73,0,2,20,1,23,24,13,52,7,96,78,6,84,180
02/20/2003,AFW,TX,ASW,CE,Towers with Display (VFR),21,13,28,0,62,0,0,2,0,2,21,13,30,0,64,0,0,0,64
02/21/2003,AFW,TX,ASW,CE,Towers with Display (VFR),19,7,11,12,49,0,0,0,0,0,19,7,11,12,49,0,0,0,49
02/22/2003,AFW,TX,ASW,CE,Towers with Display (VFR),6,2,12,26,46,0,0,51,2,53,6,2,63,28,99,116,14,130,229
02/23/2003,AFW,TX,ASW,CE,Towers with Display (VFR),1,2,8,28,39,0,2,21,0,23,1,4,29,28,62,30,14,44,106
02/24/2003,AFW,TX,ASW,CE,Towers with Display (VFR),5,5,5,13,28,0,0,8,0,8,5,5,13,13,36,28,0,28,64
02/25/2003,AFW,TX,ASW,CE,Towers with Display (VFR),21,8,9,0,38,0,0,1,0,1,21,8,10,0,39,0,0,0,39
02/26/2003,AFW,TX,ASW,CE,Towers with Display (VFR),22,7,8,1,38,0,0,2,0,2,22,7,10,1,40,0,0,0,40
02/27/2003,AFW,TX,ASW,CE,Towers with Display (VFR),24,9,9,21,63,0,0,3,0,3,24,9,12,21,66,10,30,40,106
02/28/2003,AFW,TX,ASW,CE,Towers with Display (VFR),27,6,28,29,90,0,0,12,0,12,27,6,40,29,102,46,6,52,154
03/01/2003,AFW,TX,ASW,CE,Towers with Display (VFR),10,0,24,6,40,0,0,3,0,3,10,0,27,6,43,0,0,0,43
03/02/2003,AFW,TX,ASW,CE,Towers with Display (VFR),0,0,6,16,22,0,0,9,0,9,0,0,15,16,31,4,20,24,55
03/03/2003,AFW,TX,ASW,CE,Towers with Display (VFR),4,3,17,7,31,0,0,20,0,20,4,3,37,7,51,24,12,36,87
03/04/2003,AFW,TX,ASW,CE,Towers with Display (VFR),23,15,35,27,100,0,1,20,7,28,23,16,55,34,128,36,12,48,176
03/05/2003,AFW,TX,ASW,CE,Towers with Display (VFR),21,16,23,3,63,0,0,41,2,43,21,16,64,5,106,56,0,56,162
03/06/2003,AFW,TX,ASW,CE,Towers with Display (VFR),27,8,51,28,114,0,1,71,8,80,27,9,122,36,194,106,22,128,322
03/07/2003,AFW,TX,ASW,CE,Towers with Display (VFR),19,12,29,19,79,0,1,61,1,63,19,13,90,20,142,90,18,108,250
03/08/2003,AFW,TX,ASW,CE,Towers with Display (VFR),6,0,34,12,52,0,50,55,6,111,6,50,89,18,163,48,8,56,219
03/09/2003,AFW,TX,ASW,CE,Towers with Display (VFR),0,0,12,15,27,0,0,34,2,36,0,0,46,17,63,64,42,106,169
03/10/2003,AFW,TX,ASW,CE,Towers with Display (VFR),3,2,19,30,54,0,0,45,5,50,3,2,64,35,104,70,36,106,210
03/11/2003,AFW,TX,ASW,CE,Towers with Display (VFR),21,10,27,11,69,0,4,40,1,45,21,14,67,12,114,58,4,62,176
03/12/2003,AFW,TX,ASW,CE,Towers with Display (VFR),27,11,18,22,78,0,6,15,1,22,27,17,33,23,100,32,12,44,144
03/13/2003,AFW,TX,ASW,CE,Towers with Display (VFR),24,9,23,10,66,0,1,43,4,48,24,10,66,14,114,46,0,46,160
03/14/2003,AFW,TX,ASW,CE,Towers with Display (VFR),23,8,12,22,65,0,2,46,4,52,23,10,58,26,117,44,18,62,179
03/15/2003,AFW,TX,ASW,CE,Towers with Display (VFR),8,1,26,22,57,0,0,47,0,47,8,1,73,22,104,132,16,148,252
03/16/2003,AFW,TX,ASW,CE,Towers with Display (VFR),0,0,12,28,40,0,0,31,3,34,0,0,43,31,74,60,26,86,160
03/17/2003,AFW,TX,ASW,CE,Towers with Display (VFR),5,4,16,11,36,0,0,13,3,16,5,4,29,14,52,54,12,66,118
03/18/2003,AFW,TX,ASW,CE,Towers with Display (VFR),25,17,31,4,77,0,2,30,1,33,25,19,61,5,110,108,10,118,228
03/19/2003,AFW,TX,ASW,CE,Towers with Display (VFR),25,13,25,17,80,0,4,30,3,37,25,17,55,20,117,90,22,112,229
03/20/2003,AFW,TX,ASW,CE,Towers with Display (VFR),23,11,33,17,84,0,1,33,0,34,23,12,66,17,118,12,32,44,162
03/21/2003,AFW,TX,ASW,CE,Towers with Display (VFR),18,5,25,45,93,0,0,35,3,38,18,5,60,48,131,64,8,72,203
03/22/2003,AFW,TX,ASW,CE,Towers with Display (VFR),6,0,27,36,69,0,2,33,0,35,6,2,60,36,104,86,4,90,194
03/23/2003,AFW,TX,ASW,CE,Towers with Display (VFR),0,1,13,26,40,0,0,27,1,28,0,1,40,27,68,54,16,70,138
03/24/2003,AFW,TX,ASW,CE,Towers with Display (VFR),7,6,20,21,54,0,0,65,0,65,7,6,85,21,119,192,12,204,323
03/25/2003,AFW,TX,ASW,CE,Towers with Display (VFR),22,10,23,2,57,0,10,28,0,38,22,20,51,2,95,88,0,88,183
03/26/2003,AFW,TX,ASW,CE,Towers with Display (VFR),23,15,38,42,118,0,10,79,0,89,23,25,117,42,207,202,40,242,449
03/27/2003,AFW,TX,ASW,CE,Towers with Display (VFR),29,16,79,20,144,0,15,33,5,53,29,31,112,25,197,16,8,24,221
03/28/2003,AFW,TX,ASW,CE,Towers with Display (VFR),22,8,30,64,124,0,2,48,2,52,22,10,78,66,176,64,98,162,338
03/29/2003,AFW,TX,ASW,CE,Towers with Display (VFR),8,11,57,9,85,1,29,69,15,114,9,40,126,24,199,40,0,40,239
03/30/2003,AFW,TX,ASW,CE,Towers with Display (VFR),8,9,129,13,159,0,275,473,54,802,8,284,602,67,961,74,26,100,1061
03/31/2003,AFW,TX,ASW,CE,Towers with Display (VFR),4,4,13,17,38,0,5,82,0,87,4,9,95,17,125,210,12,222,347
04/01/2003,AFW,TX,ASW,CE,Towers with Display (VFR),29,12,12,9,62,0,0,59,0,59,29,12,71,9,121,166,22,188,309
04/02/2003,AFW,TX,ASW,CE,Towers with Display (VFR),23,9,22,38,92,0,0,42,2,44,23,9,64,40,136,142,44,186,322
04/03/2003,AFW,TX,ASW,CE,Towers with Display (VFR),23,10,14,33,80,0,2,33,5,40,23,12,47,38,120,96,72,168,288
04/04/2003,AFW,TX,ASW,CE,Towers with Display (VFR),19,6,30,52,107,0,2,55,4,61,19,8,85,56,168,120,10,130,298
04/05/2003,AFW,TX,ASW,CE,Towers with Display (VFR),6,0,24,12,42,0,0,39,0,39,6,0,63,12,81,114,2,116,197
04/06/2003,AFW,TX,ASW,CE,Towers with Display (VFR),0,0,4,22,26,0,0,17,6,23,0,0,21,28,49,94,82,176,225
04/07/2003,AFW,TX,ASW,CE,Towers with Display (VFR),4,3,9,8,24,1,0,48,9,58,5,3,57,17,82,90,6,96,178
04/08/2003,AFW,TX,ASW,CE,Towers with Display (VFR),27,9,20,29,85,0,2,26,2,30,27,11,46,31,115,54,40,94,209
04/09/2003,AFW,TX,ASW,CE,Towers with Display (VFR),24,10,16,20,70,0,2,52,0,54,24,12,68,20,124,224,12,236,360
04/10/2003,AFW,TX,ASW,CE,Towers with Display (VFR),24,12,25,11,72,0,0,78,2,80,24,12,103,13,152,134,38,172,324
04/11/2003,AFW,TX,ASW,CE,Towers with Display (VFR),21,6,25,23,75,0,0,53,0,53,21,6,78,23,128,54,12,66,194
04/12/2003,AFW,TX,ASW,CE,Towers with Display (VFR),9,2,16,19,46,0,0,53,3,56,9,2,69,22,102,122,6,128,230
04/13/2003,AFW,TX,ASW,CE,Towers with Display (VFR),3,0,22,10,35,0,0,49,0,49,3,0,71,10,84,118,10,128,212
04/14/2003,AFW,TX,ASW,CE,Towers with Display (VFR),4,3,22,35,64,0,0,64,6,70,4,3,86,41,134,212,36,248,382
04/15/2003,AFW,TX,ASW,CE,Towers with Display (VFR),24,14,15,11,64,0,0,31,2,33,24,14,46,13,97,113,4,117,214
04/16/2003,AFW,TX,ASW,CE,Towers with Display (VFR),29,9,15,1,54,0,5,55,8,68,29,14,70,9,122,130,0,130,252
04/17/2003,AFW,TX,ASW,CE,Towers with Display (VFR),26,9,10,3,48,0,3,74,3,80,26,12,84,6,128,146,4,150,278
04/18/2003,AFW,TX,ASW,CE,Towers with Display (VFR),19,6,43,25,93,0,1,51,0,52,19,7,94,25,145,52,12,64,209
04/19/2003,AFW,TX,ASW,CE,Towers with Display (VFR),6,0,14,4,24,0,0,14,0,14,6,0,28,4,38,18,0,18,56
04/20/2003,AFW,TX,ASW,CE,Towers with Display (VFR),0,0,15,14,29,0,0,55,1,56,0,0,70,15,85,190,62,252,337
04/21/2003,AFW,TX,ASW,CE,Towers with Display (VFR),3,5,27,7,42,0,0,86,5,91,3,5,113,12,133,240,4,244,377
04/22/2003,AFW,TX,ASW,CE,Towers with Display (VFR),23,8,31,2,64,0,5,43,0,48,23,13,74,2,112,72,0,72,184
04/23/2003,AFW,TX,ASW,CE,Towers with Display (VFR),20,9,31,2,62,0,0,0,0,0,20,9,31,2,62,0,0,0,62
04/24/2003,AFW,TX,ASW,CE,Towers with Display (VFR),26,10,16,16,68,0,2,45,0,47,26,12,61,16,115,72,66,138,253
04/25/2003,AFW,TX,ASW,CE,Towers with Display (VFR),21,6,26,46,99,0,5,45,0,50,21,11,71,46,149,70,26,96,245
04/26/2003,AFW,TX,ASW,CE,Towers with Display (VFR),6,0,16,17,39,0,0,45,4,49,6,0,61,21,88,114,18,132,220
04/27/2003,AFW,TX,ASW,CE,Towers with Display (VFR),0,1,26,20,47,0,0,21,0,21,0,1,47,20,68,36,34,70,138
04/28/2003,AFW,TX,ASW,CE,Towers with Display (VFR),3,4,23,12,42,0,2,43,3,48,3,6,66,15,90,164,46,210,300
04/29/2003,AFW,TX,ASW,CE,Towers with Display (VFR),30,10,23,18,81,0,0,63,2,65,30,10,86,20,146,154,28,182,328
04/30/2003,AFW,TX,ASW,CE,Towers with Display (VFR),26,9,41,16,92,0,4,61,4,69,26,13,102,20,161,196,50,246,407
05/01/2003,AFW,TX,ASW,CE,Towers with Display (VFR),28,14,28,12,82,0,3,40,6,49,28,17,68,18,131,66,82,148,279
05/02/2003,AFW,TX,ASW,CE,Towers with Display (VFR),23,7,64,25,119,0,0,26,0,26,23,7,90,25,145,44,28,72,217
05/03/2003,AFW,TX,ASW,CE,Towers with Display (VFR),11,4,13,18,46,0,0,43,4,47,11,4,56,22,93,204,22,226,319
05/04/2003,AFW,TX,ASW,CE,Towers with Display (VFR),3,2,25,18,48,0,0,22,8,30,3,2,47,26,78,128,68,196,274
05/05/2003,AFW,TX,ASW,CE,Towers with Display (VFR),7,4,16,42,69,0,0,47,0,47,7,4,63,42,116,176,44,220,336
05/06/2003,AFW,TX,ASW,CE,Towers with Display (VFR),33,12,12,17,74,0,5,32,1,38,33,17,44,18,112,182,30,212,324
05/07/2003,AFW,TX,ASW,CE,Towers with Display (VFR),29,11,21,34,95,0,3,72,4,79,29,14,93,38,174,338,20,358,532
05/08/2003,AFW,TX,ASW,CE,Towers with Display (VFR),32,11,36,27,106,0,1,24,0,25,32,12,60,27,131,96,0,96,227
05/09/2003,AFW,TX,ASW,CE,Towers with Display (VFR),32,4,30,21,87,0,0,39,7,46,32,4,69,28,133,84,14,98,231
05/10/2003,AFW,TX,ASW,CE,Towers with Display (VFR),6,0,18,41,65,0,0,11,0,11,6,0,29,41,76,18,24,42,118
05/11/2003,AFW,TX,ASW,CE,Towers with Display (VFR),2,0,13,22,37,0,0,60,1,61,2,0,73,23,98,176,16,192,290
05/12/2003,AFW,TX,ASW,CE,Towers with Display (VFR),4,3,17,21,45,0,1,60,5,66,4,4,77,26,111,170,22,192,303
05/13/2003,AFW,TX,ASW,CE,Towers with Display (VFR),24,12,24,22,82,1,4,22,0,27,25,16,46,22,109,28,20,48,157
05/14/2003,AFW,TX,ASW,CE,Towers with Display (VFR),27,9,44,15,95,0,3,45,4,52,27,12,89,19,147,132,48,180,327
05/15/2003,AFW,TX,ASW,CE,Towers with Display (VFR),24,14,56,12,106,0,2,26,0,28,24,16,82,12,134,70,0,70,204
05/16/2003,AFW,TX,ASW,CE,Towers with Display (VFR),24,6,28,37,95,0,3,34,0,37,24,9,62,37,132,68,44,112,244
05/17/2003,AFW,TX,ASW,CE,Towers with Display (VFR),9,0,19,37,65,0,1,38,8,47,9,1,57,45,112,118,42,160,272
05/18/2003,AFW,TX,ASW,CE,Towers with Display (VFR),0,1,16,19,36,0,2,54,8,64,0,3,70,27,100,154,64,218,318
05/19/2003,AFW,TX,ASW,CE,Towers with Display (VFR),6,5,11,23,45,0,0,75,4,79,6,5,86,27,124,200,64,264,388
05/20/2003,AFW,TX,ASW,CE,Towers with Display (VFR),26,11,31,1,69,0,1,7,0,8,26,12,38,1,77,14,0,14,91
05/21/2003,AFW,TX,ASW,CE,Towers with Display (VFR),27,17,45,12,101,0,2,23,1,26,27,19,68,13,127,66,6,72,199
05/22/2003,AFW,TX,ASW,CE,Towers with Display (VFR),21,11,22,15,69,0,4,50,0,54,21,15,72,15,123,186,0,186,309
05/23/2003,AFW,TX,ASW,CE,Towers with Display (VFR),25,7,25,12,69,0,0,52,5,57,25,7,77,17,126,92,4,96,222
05/24/2003,AFW,TX,ASW,CE,Towers with Display (VFR),8,3,25,4,40,0,0,35,2,37,8,3,60,6,77,92,8,100,177
05/25/2003,AFW,TX,ASW,CE,Towers with Display (VFR),0,0,12,6,18,0,0,13,2,15,0,0,25,8,33,32,0,32,65
05/26/2003,AFW,TX,ASW,CE,Towers with Display (VFR),0,0,33,3,36,0,0,62,4,66,0,0,95,7,102,100,66,166,268
05/27/2003,AFW,TX,ASW,CE,Towers with Display (VFR),4,2,19,14,39,0,3,33,3,39,4,5,52,17,78,48,16,64,142
05/28/2003,AFW,TX,ASW,CE,Towers with Display (VFR),25,18,15,11,69,0,7,19,5,31,25,25,34,16,100,38,6,44,144
05/29/2003,AFW,TX,ASW,CE,Towers with Display (VFR),26,8,26,18,78,0,6,42,5,53,26,14,68,23,131,66,38,104,235
05/30/2003,AFW,TX,ASW,CE,Towers with Display (VFR),20,7,23,22,72,0,0,70,7,77,20,7,93,29,149,104,70,174,323
05/31/2003,AFW,TX,ASW,CE,Towers with Display (VFR),7,2,12,16,37,0,0,38,1,39,7,2,50,17,76,88,4,92,168
06/01/2003,AFW,TX,ASW,CE,Towers with Display (VFR),1,1,12,17,31,0,0,42,4,46,1,1,54,21,77,74,28,102,179
06/02/2003,AFW,TX,ASW,CE,Towers with Display (VFR),5,6,31,3,45,0,0,72,1,73,5,6,103,4,118,170,56,226,344
06/03/2003,AFW,TX,ASW,CE,Towers with Display (VFR),23,12,20,15,70,0,3,66,1,70,23,15,86,16,140,162,40,202,342
06/04/2003,AFW,TX,ASW,CE,Towers with Display (VFR),22,12,24,10,68,0,0,31,0,31,22,12,55,10,99,32,12,44,143
06/05/2003,AFW,TX,ASW,CE,Towers with Display (VFR),25,13,30,4,72,0,0,6,1,7,25,13,36,5,79,8,0,8,87
06/06/2003,AFW,TX,ASW,CE,Towers with Display (VFR),23,5,53,45,126,0,1,86,10,97,23,6,139,55,223,66,88,154,377
06/07/2003,AFW,TX,ASW,CE,Towers with Display (VFR),13,4,48,15,80,0,3,123,1,127,13,7,171,16,207,94,0,94,301
06/08/2003,AFW,TX,ASW,CE,Towers with Display (VFR),1,0,53,23,77,0,0,33,0,33,1,0,86,23,110,62,6,68,178
06/09/2003,AFW,TX,ASW,CE,Towers with Display (VFR),4,6,15,6,31,0,4,59,3,66,4,10,74,9,97,218,6,224,321
06/10/2003,AFW,TX,ASW,CE,Towers with Display (VFR),22,12,13,0,47,0,0,28,0,28,22,12,41,0,75,40,0,40,115
06/11/2003,AFW,TX,ASW,CE,Towers with Display (VFR),26,17,15,9,67,0,8,37,3,48,26,25,52,12,115,118,26,144,259
06/12/2003,AFW,TX,ASW,CE,Towers with Display (VFR),24,17,11,14,66,0,1,36,3,40,24,18,47,17,106,68,14,82,188
06/13/2003,AFW,TX,ASW,CE,Towers with Display (VFR),18,12,19,2,51,0,0,13,0,13,18,12,32,2,64,0,4,4,68
06/14/2003,AFW,TX,ASW,CE,Towers with Display (VFR),6,1,13,3,23,0,2,27,0,29,6,3,40,3,52,74,2,76,128
06/15/2003,AFW,TX,ASW,CE,Towers with Display (VFR),0,0,15,5,20,0,0,21,2,23,0,0,36,7,43,50,12,62,105
06/16/2003,AFW,TX,ASW,CE,Towers with Display (VFR),3,8,25,21,57,0,0,101,0,101,3,8,126,21,158,242,16,258,416
06/17/2003,AFW,TX,ASW,CE,Towers with Display (VFR),23,18,40,10,91,0,3,35,0,38,23,21,75,10,129,100,12,112,241
06/18/2003,AFW,TX,ASW,CE,Towers with Display (VFR),24,20,39,18,101,0,1,77,6,84,24,21,116,24,185,268,56,324,509
06/19/2003,AFW,TX,ASW,CE,Towers with Display (VFR),21,14,28,27,90,0,6,77,0,83,21,20,105,27,173,242,36,278,451
06/20/2003,AFW,TX,ASW,CE,Towers with Display (VFR),17,7,22,60,106,0,3,78,0,81,17,10,100,60,187,184,32,216,403
06/21/2003,AFW,TX,ASW,CE,Towers with Display (VFR),7,3,20,57,87,1,1,29,2,33,8,4,49,59,120,46,24,70,190
06/22/2003,AFW,TX,ASW,CE,Towers with Display (VFR),6,1,31,30,68,0,0,34,3,37,6,1,65,33,105,148,4,152,257
06/23/2003,AFW,TX,ASW,CE,Towers with Display (VFR),7,7,14,9,37,0,5,69,4,78,7,12,83,13,115,228,12,240,355
06/24/2003,AFW,TX,ASW,CE,Towers with Display (VFR),24,9,17,14,64,0,2,33,2,37,24,11,50,16,101,42,10,52,153
06/25/2003,AFW,TX,ASW,CE,Towers with Display (VFR),24,13,12,1,50,0,2,40,1,43,24,15,52,2,93,94,0,94,187
06/26/2003,AFW,TX,ASW,CE,Towers with Display (VFR),23,11,52,2,88,0,10,20,0,30,23,21,72,2,118,24,0,24,142
06/27/2003,AFW,TX,ASW,CE,Towers with Display (VFR),18,12,10,39,79,0,0,60,6,66,18,12,70,45,145,76,42,118,263
06/28/2003,AFW,TX,ASW,CE,Towers with Display (VFR),7,1,13,33,54,0,2,52,0,54,7,3,65,33,108,140,26,166,274
06/29/2003,AFW,TX,ASW,CE,Towers with Display (VFR),0,0,18,43,61,0,0,48,5,53,0,0,66,48,114,128,26,154,268
06/30/2003,AFW,TX,ASW,CE,Towers with Display (VFR),8,4,35,32,79,0,3,68,12,83,8,7,103,44,162,118,24,142,304
07/01/2003,AFW,TX,ASW,CE,Towers with Display (VFR),26,12,23,31,92,0,2,70,4,76,26,14,93,35,168,236,82,318,486
07/02/2003,AFW,TX,ASW,CE,Towers with Display (VFR),31,15,29,14,89,0,2,64,4,70,31,17,93,18,159,76,40,116,275
07/03/2003,AFW,TX,ASW,CE,Towers with Display (VFR),21,9,37,2,69,0,0,58,2,60,21,9,95,4,129,90,0,90,219
07/04/2003,AFW,TX,ASW,CE,Towers with Display (VFR),0,2,5,8,15,0,0,14,2,16,0,2,19,10,31,60,30,90,121
07/05/2003,AFW,TX,ASW,CE,Towers with Display (VFR),25,13,30,4,72,0,0,6,1,7,25,13,36,5,79,8,0,8,87
07/06/2003,AFW,TX,ASW,CE,Towers with Display (VFR),2,2,27,4,35,0,0,23,0,23,2,2,50,4,58,76,4,80,138
07/07/2003,AFW,TX,ASW,CE,Towers with Display (VFR),7,7,26,50,90,0,0,47,0,47,7,7,73,50,137,58,94,152,289
07/08/2003,AFW,TX,ASW,CE,Towers with Display (VFR),22,20,28,14,84,0,2,37,4,43,22,22,65,18,127,94,66,160,287
07/09/2003,AFW,TX,ASW,CE,Towers with Display (VFR),23,13,34,28,98,0,4,68,0,72,23,17,102,28,170,210,20,230,400
07/10/2003,AFW,TX,ASW,CE,Towers with Display (VFR),26,13,23,22,84,0,0,73,7,80,26,13,96,29,164,112,40,152,316
07/11/2003,AFW,TX,ASW,CE,Towers with Display (VFR),21,6,13,53,93,0,4,57,6,67,21,10,70,59,160,92,28,120,280
07/12/2003,AFW,TX,ASW,CE,Towers with Display (VFR),6,0,11,22,39,0,0,57,2,59,6,0,68,24,98,198,26,224,322
07/13/2003,AFW,TX,ASW,CE,Towers with Display (VFR),0,0,14,24,38,0,0,30,3,33,0,0,44,27,71,124,40,164,235
07/14/2003,AFW,TX,ASW,CE,Towers with Display (VFR),4,4,15,29,52,0,1,40,7,48,4,5,55,36,100,86,80,166,266
07/15/2003,AFW,TX,ASW,CE,Towers with Display (VFR),24,10,22,20,76,0,3,37,3,43,24,13,59,23,119,148,4,152,271
07/16/2003,AFW,TX,ASW,CE,Towers with Display (VFR),21,10,22,10,63,0,4,48,6,58,21,14,70,16,121,124,24,148,269
07/17/2003,AFW,TX,ASW,CE,Towers with Display (VFR),22,10,34,18,84,0,7,100,5,112,22,17,134,23,196,188,18,206,402
07/18/2003,AFW,TX,ASW,CE,Towers with Display (VFR),20,4,24,58,106,0,0,25,3,28,20,4,49,61,134,36,24,60,194
07/19/2003,AFW,TX,ASW,CE,Towers with Display (VFR),8,2,13,25,48,0,0,48,2,50,8,2,61,27,98,98,6,104,202
07/20/2003,AFW,TX,ASW,CE,Towers with Display (VFR),2,0,20,17,39,0,0,41,0,41,2,0,61,17,80,160,14,174,254
07/21/2003,AFW,TX,ASW,CE,Towers with Display (VFR),3,6,29,17,55,0,0,78,1,79,3,6,107,18,134,126,28,154,288
07/22/2003,AFW,TX,ASW,CE,Towers with Display (VFR),25,8,24,11,68,0,6,39,0,45,25,14,63,11,113,24,6,30,143
07/23/2003,AFW,TX,ASW,CE,Towers with Display (VFR),26,12,18,8,64,0,5,69,6,80,26,17,87,14,144,148,16,164,308
07/24/2003,AFW,TX,ASW,CE,Towers with Display (VFR),22,10,36,15,83,0,1,61,3,65,22,11,97,18,148,130,24,154,302
07/25/2003,AFW,TX,ASW,CE,Towers with Display (VFR),21,7,19,90,137,0,3,70,4,77,21,10,89,94,214,122,12,134,348
07/26/2003,AFW,TX,ASW,CE,Towers with Display (VFR),8,2,26,28,64,0,0,43,0,43,8,2,69,28,107,116,26,142,249
07/27/2003,AFW,TX,ASW,CE,Towers with Display (VFR),0,2,21,31,54,0,0,24,2,26,0,2,45,33,80,94,8,102,182
07/28/2003,AFW,TX,ASW,CE,Towers with Display (VFR),4,5,21,25,55,0,2,44,2,48,4,7,65,27,103,78,26,104,207
07/29/2003,AFW,TX,ASW,CE,Towers with Display (VFR),23,11,25,25,84,0,1,42,0,43,23,12,67,25,127,110,20,130,257
07/30/2003,AFW,TX,ASW,CE,Towers with Display (VFR),21,11,21,29,82,0,3,37,2,42,21,14,58,31,124,54,48,102,226
07/31/2003,AFW,TX,ASW,CE,Towers with Display (VFR),23,13,18,15,69,0,0,35,9,44,23,13,53,24,113,72,30,102,215
08/01/2003,AFW,TX,ASW,CE,Towers with Display (VFR),24,10,17,82,133,0,9,38,7,54,24,19,55,89,187,130,34,164,351
08/02/2003,AFW,TX,ASW,CE,Towers with Display (VFR),9,0,1,33,43,0,0,10,2,12,9,0,11,35,55,8,64,72,127
08/03/2003,AFW,TX,ASW,CE,Towers with Display (VFR),0,1,8,13,22,1,0,25,0,26,1,1,33,13,48,96,0,96,144
08/04/2003,AFW,TX,ASW,CE,Towers with Display (VFR),4,16,18,12,50,0,2,67,1,70,4,18,85,13,120,212,20,232,352
08/05/2003,AFW,TX,ASW,CE,Towers with Display (VFR),26,13,23,11,73,0,0,57,3,60,26,13,80,14,133,58,60,118,251
08/06/2003,AFW,TX,ASW,CE,Towers with Display (VFR),21,11,26,18,76,0,7,72,9,88,21,18,98,27,164,202,34,236,400
08/07/2003,AFW,TX,ASW,CE,Towers with Display (VFR),26,10,29,8,73,0,6,58,9,73,26,16,87,17,146,88,34,122,268
08/08/2003,AFW,TX,ASW,CE,Towers with Display (VFR),20,7,32,33,92,0,0,26,0,26,20,7,58,33,118,30,48,78,196
08/09/2003,AFW,TX,ASW,CE,Towers with Display (VFR),9,1,9,33,52,0,0,15,1,16,9,1,24,34,68,22,4,26,94
08/10/2003,AFW,TX,ASW,CE,Towers with Display (VFR),2,0,15,28,45,0,0,22,4,26,2,0,37,32,71,64,38,102,173
08/11/2003,AFW,TX,ASW,CE,Towers with Display (VFR),7,5,21,11,44,0,6,16,0,22,7,11,37,11,66,0,24,24,90
08/12/2003,AFW,TX,ASW,CE,Towers with Display (VFR),20,11,26,14,71,0,6,49,0,55,20,17,75,14,126,98,18,116,242
08/13/2003,AFW,TX,ASW,CE,Towers with Display (VFR),23,12,14,17,66,0,5,49,6,60,23,17,63,23,126,150,8,158,284
08/14/2003,AFW,TX,ASW,CE,Towers with Display (VFR),24,10,32,15,81,0,0,36,0,36,24,10,68,15,117,74,0,74,191
08/15/2003,AFW,TX,ASW,CE,Towers with Display (VFR),19,9,17,44,89,0,2,35,8,45,19,11,52,52,134,50,22,72,206
08/16/2003,AFW,TX,ASW,CE,Towers with Display (VFR),8,1,11,80,100,0,0,56,16,72,8,1,67,96,172,136,60,196,368
08/17/2003,AFW,TX,ASW,CE,Towers with Display (VFR),0,2,20,52,74,0,0,66,2,68,0,2,86,54,142,128,124,252,394
08/18/2003,AFW,TX,ASW,CE,Towers with Display (VFR),7,6,23,28,64,0,3,70,4,77,7,9,93,32,141,194,8,202,343
08/19/2003,AFW,TX,ASW,CE,Towers with Display (VFR),22,9,13,23,67,0,0,49,0,49,22,9,62,23,116,160,14,174,290
08/20/2003,AFW,TX,ASW,CE,Towers with Display (VFR),24,9,19,52,104,0,4,61,0,65,24,13,80,52,169,152,116,268,437
08/21/2003,AFW,TX,ASW,CE,Towers with Display (VFR),22,16,25,22,85,0,3,39,1,43,22,19,64,23,128,110,42,152,280
08/22/2003,AFW,TX,ASW,CE,Towers with Display (VFR),19,7,25,30,81,0,0,37,8,45,19,7,62,38,126,84,58,142,268
08/23/2003,AFW,TX,ASW,CE,Towers with Display (VFR),7,2,7,21,37,0,0,26,3,29,7,2,33,24,66,58,20,78,144
08/24/2003,AFW,TX,ASW,CE,Towers with Display (VFR),3,3,14,15,35,0,0,52,0,52,3,3,66,15,87,138,50,188,275
08/25/2003,AFW,TX,ASW,CE,Towers with Display (VFR),8,8,23,23,62,0,7,62,2,71,8,15,85,25,133,94,64,158,291
08/26/2003,AFW,TX,ASW,CE,Towers with Display (VFR),32,15,17,3,67,0,9,40,4,53,32,24,57,7,120,148,54,202,322
08/27/2003,AFW,TX,ASW,CE,Towers with Display (VFR),28,11,40,5,84,0,5,61,0,66,28,16,101,5,150,182,0,182,332
08/28/2003,AFW,TX,ASW,CE,Towers with Display (VFR),22,10,25,12,69,0,1,42,3,46,22,11,67,15,115,144,46,190,305
08/29/2003,AFW,TX,ASW,CE,Towers with Display (VFR),24,6,24,29,83,0,0,25,3,28,24,6,49,32,111,42,78,120,231
08/30/2003,AFW,TX,ASW,CE,Towers with Display (VFR),6,1,12,9,28,0,0,27,0,27,6,1,39,9,55,64,8,72,127
08/31/2003,AFW,TX,ASW,CE,Towers with Display (VFR),0,0,24,0,24,0,0,13,0,13,0,0,37,0,37,48,0,48,85
09/01/2003,AFW,TX,ASW,CE,Towers with Display (VFR),4,3,23,4,34,0,0,3,1,4,4,3,26,5,38,10,20,30,68
09/02/2003,AFW,TX,ASW,CE,Towers with Display (VFR),3,10,12,30,55,0,0,28,0,28,3,10,40,30,83,46,80,126,209
09/03/2003,AFW,TX,ASW,CE,Towers with Display (VFR),26,11,16,56,109,0,2,48,0,50,26,13,64,56,159,96,84,180,339
09/04/2003,AFW,TX,ASW,CE,Towers with Display (VFR),23,13,41,14,91,0,3,43,0,46,23,16,84,14,137,94,12,106,243
09/05/2003,AFW,TX,ASW,CE,Towers with Display (VFR),21,10,23,44,98,0,2,38,7,47,21,12,61,51,145,44,36,80,225
09/06/2003,AFW,TX,ASW,CE,Towers with Display (VFR),6,1,9,49,65,0,0,24,3,27,6,1,33,52,92,56,20,76,168
09/07/2003,AFW,TX,ASW,CE,Towers with Display (VFR),0,4,8,27,39,0,0,27,0,27,0,4,35,27,66,52,42,94,160
09/08/2003,AFW,TX,ASW,CE,Towers with Display (VFR),4,4,15,13,36,0,0,50,7,57,4,4,65,20,93,94,34,128,221
09/09/2003,AFW,TX,ASW,CE,Towers with Display (VFR),28,12,18,30,88,0,0,69,0,69,28,12,87,30,157,244,32,276,433
09/10/2003,AFW,TX,ASW,CE,Towers with Display (VFR),24,23,31,64,142,0,0,53,0,53,24,23,84,64,195,192,92,284,479
09/11/2003,AFW,TX,ASW,CE,Towers with Display (VFR),23,7,15,2,47,0,0,0,0,0,23,7,15,2,47,0,0,0,47
09/12/2003,AFW,TX,ASW,CE,Towers with Display (VFR),28,7,17,36,88,0,0,8,4,12,28,7,25,40,100,6,26,32,132
09/13/2003,AFW,TX,ASW,CE,Towers with Display (VFR),7,2,15,37,61,0,0,46,12,58,7,2,61,49,119,96,28,124,243
09/14/2003,AFW,TX,ASW,CE,Towers with Display (VFR),1,7,23,24,55,0,8,8,3,19,1,15,31,27,74,12,40,52,126
09/15/2003,AFW,TX,ASW,CE,Towers with Display (VFR),3,3,9,40,55,0,4,39,0,43,3,7,48,40,98,46,36,82,180
09/16/2003,AFW,TX,ASW,CE,Towers with Display (VFR),26,18,27,35,106,0,0,68,2,70,26,18,95,37,176,156,50,206,382
09/17/2003,AFW,TX,ASW,CE,Towers with Display (VFR),24,14,14,45,97,0,0,56,14,70,24,14,70,59,167,116,154,270,437
09/18/2003,AFW,TX,ASW,CE,Towers with Display (VFR),23,15,25,11,74,0,6,51,8,65,23,21,76,19,139,86,18,104,243
09/19/2003,AFW,TX,ASW,CE,Towers with Display (VFR),26,8,18,55,107,0,1,51,3,55,26,9,69,58,162,78,154,232,394
09/20/2003,AFW,TX,ASW,CE,Towers with Display (VFR),10,0,9,40,59,0,0,54,0,54,10,0,63,40,113,144,52,196,309
09/21/2003,AFW,TX,ASW,CE,Towers with Display (VFR),0,2,12,36,50,0,0,32,5,37,0,2,44,41,87,114,132,246,333
09/22/2003,AFW,TX,ASW,CE,Towers with Display (VFR),2,5,21,28,56,0,0,62,5,67,2,5,83,33,123,122,16,138,261
09/23/2003,AFW,TX,ASW,CE,Towers with Display (VFR),31,10,24,13,78,0,5,62,6,73,31,15,86,19,151,148,28,176,327
09/24/2003,AFW,TX,ASW,CE,Towers with Display (VFR),26,14,19,19,78,0,30,38,13,81,26,44,57,32,159,106,50,156,315
09/25/2003,AFW,TX,ASW,CE,Towers with Display (VFR),27,10,5,6,48,0,3,31,6,40,27,13,36,12,88,64,0,64,152
09/26/2003,AFW,TX,ASW,CE,Towers with Display (VFR),21,6,5,16,48,0,13,60,12,85,21,19,65,28,133,26,90,116,249
09/27/2003,AFW,TX,ASW,CE,Towers with Display (VFR),6,0,2,0,8,0,5,31,0,36,6,5,33,0,44,2,0,2,46
09/28/2003,AFW,TX,ASW,CE,Towers with Display (VFR),1,0,2,11,14,0,1,44,3,48,1,1,46,14,62,0,10,10,72
09/29/2003,AFW,TX,ASW,CE,Towers with Display (VFR),5,16,11,12,44,0,2,49,5,56,5,18,60,17,100,48,10,58,158
09/30/2003,AFW,TX,ASW,CE,Towers with Display (VFR),27,12,19,1,59,0,5,47,1,53,27,17,66,2,112,124,0,124,236
10/01/2003,AFW,TX,ASW,CE,Towers with Display (VFR),24,12,40,2,78,0,2,36,1,39,24,14,76,3,117,82,20,102,219
10/02/2003,AFW,TX,ASW,CE,Towers with Display (VFR),27,14,19,9,69,0,1,54,2,57,27,15,73,11,126,218,16,234,360
10/03/2003,AFW,TX,ASW,CE,Towers with Display (VFR),22,9,21,22,74,0,0,79,9,88,22,9,100,31,162,266,60,326,488
10/04/2003,AFW,TX,ASW,CE,Towers with Display (VFR),10,2,20,25,57,0,0,55,7,62,10,2,75,32,119,176,22,198,317
10/05/2003,AFW,TX,ASW,CE,Towers with Display (VFR),0,0,26,22,48,0,2,7,0,9,0,2,33,22,57,0,0,0,57
10/06/2003,AFW,TX,ASW,CE,Towers with Display (VFR),5,3,33,41,82,0,0,21,0,21,5,3,54,41,103,10,38,48,151
10/07/2003,AFW,TX,ASW,CE,Towers with Display (VFR),24,10,19,26,79,0,1,26,3,30,24,11,45,29,109,82,0,82,191
10/08/2003,AFW,TX,ASW,CE,Towers with Display (VFR),26,11,28,33,98,1,2,27,0,30,27,13,55,33,128,114,114,228,356
10/09/2003,AFW,TX,ASW,CE,Towers with Display (VFR),27,13,40,30,110,0,0,41,0,41,27,13,81,30,151,166,0,166,317
10/10/2003,AFW,TX,ASW,CE,Towers with Display (VFR),24,11,47,35,117,0,3,51,0,54,24,14,98,35,171,106,38,144,315
10/11/2003,AFW,TX,ASW,CE,Towers with Display (VFR),9,6,41,8,64,0,1,59,0,60,9,7,100,8,124,128,8,136,260
10/12/2003,AFW,TX,ASW,CE,Towers with Display (VFR),2,1,56,7,66,0,23,73,0,96,2,24,129,7,162,88,2,90,252
10/13/2003,AFW,TX,ASW,CE,Towers with Display (VFR),3,3,30,6,42,0,2,38,0,40,3,5,68,6,82,78,0,78,160
10/14/2003,AFW,TX,ASW,CE,Towers with Display (VFR),28,12,20,16,76,0,6,54,4,64,28,18,74,20,140,190,42,232,372
10/15/2003,AFW,TX,ASW,CE,Towers with Display (VFR),26,12,21,6,65,0,2,99,0,101,26,14,120,6,166,350,0,350,516
10/16/2003,AFW,TX,ASW,CE,Towers with Display (VFR),28,13,22,16,79,0,2,40,1,43,28,15,62,17,122,76,86,162,284
10/17/2003,AFW,TX,ASW,CE,Towers with Display (VFR),25,8,22,31,86,0,0,47,7,54,25,8,69,38,140,78,16,94,234
10/18/2003,AFW,TX,ASW,CE,Towers with Display (VFR),6,1,11,39,57,0,0,30,2,32,6,1,41,41,89,48,20,68,157
10/19/2003,AFW,TX,ASW,CE,Towers with Display (VFR),0,3,19,28,50,0,0,33,0,33,0,3,52,28,83,108,40,148,231
10/20/2003,AFW,TX,ASW,CE,Towers with Display (VFR),7,4,7,29,47,0,1,37,2,40,7,5,44,31,87,88,38,126,213
10/21/2003,AFW,TX,ASW,CE,Towers with Display (VFR),24,6,18,21,69,0,8,63,3,74,24,14,81,24,143,58,22,80,223
10/22/2003,AFW,TX,ASW,CE,Towers with Display (VFR),24,16,21,27,88,0,4,68,3,75,24,20,89,30,163,160,64,224,387
10/23/2003,AFW,TX,ASW,CE,Towers with Display (VFR),26,12,43,19,100,0,7,50,0,57,26,19,93,19,157,156,46,202,359
10/24/2003,AFW,TX,ASW,CE,Towers with Display (VFR),24,7,26,43,100,0,0,32,7,39,24,7,58,50,139,66,62,128,267
10/25/2003,AFW,TX,ASW,CE,Towers with Display (VFR),6,0,12,17,35,0,0,26,5,31,6,0,38,22,66,36,40,76,142
10/26/2003,AFW,TX,ASW,CE,Towers with Display (VFR),4,1,21,34,60,0,0,30,0,30,4,1,51,34,90,42,20,62,152
10/27/2003,AFW,TX,ASW,CE,Towers with Display (VFR),3,7,27,41,78,0,0,64,7,71,3,7,91,48,149,134,42,176,325
10/28/2003,AFW,TX,ASW,CE,Towers with Display (VFR),28,12,34,15,89,0,2,76,1,79,28,14,110,16,168,142,14,156,324
10/29/2003,AFW,TX,ASW,CE,Towers with Display (VFR),25,15,40,37,117,0,0,46,0,46,25,15,86,37,163,106,60,166,329
10/30/2003,AFW,TX,ASW,CE,Towers with Display (VFR),25,13,24,21,83,0,3,51,0,54,25,16,75,21,137,128,16,144,281
10/31/2003,AFW,TX,ASW,CE,Towers with Display (VFR),20,9,17,58,104,0,2,27,4,33,20,11,44,62,137,54,16,70,207
11/01/2003,AFW,TX,ASW,CE,Towers with Display (VFR),6,3,16,31,56,0,0,35,1,36,6,3,51,32,92,82,0,82,174
11/02/2003,AFW,TX,ASW,CE,Towers with Display (VFR),0,4,12,66,82,0,0,29,3,32,0,4,41,69,114,70,50,120,234
11/03/2003,AFW,TX,ASW,CE,Towers with Display (VFR),4,8,21,49,82,0,4,53,0,57,4,12,74,49,139,144,50,194,333
11/04/2003,AFW,TX,ASW,CE,Towers with Display (VFR),24,15,21,9,69,0,7,61,1,69,24,22,82,10,138,104,94,198,336
11/05/2003,AFW,TX,ASW,CE,Towers with Display (VFR),24,12,43,8,87,0,3,10,0,13,24,15,53,8,100,60,0,60,160
11/06/2003,AFW,TX,ASW,CE,Towers with Display (VFR),30,9,24,9,72,0,0,17,0,17,30,9,41,9,89,42,0,42,131
11/07/2003,AFW,TX,ASW,CE,Towers with Display (VFR),22,12,28,6,68,0,1,0,0,1,22,13,28,6,69,26,0,26,95
11/08/2003,AFW,TX,ASW,CE,Towers with Display (VFR),6,1,32,9,48,0,0,0,0,0,6,1,32,9,48,0,0,0,48
11/09/2003,AFW,TX,ASW,CE,Towers with Display (VFR),4,2,24,21,51,0,0,5,0,5,4,2,29,21,56,16,22,38,94
11/10/2003,AFW,TX,ASW,CE,Towers with Display (VFR),4,3,44,23,74,0,0,69,0,69,4,3,113,23,143,150,0,150,293
11/11/2003,AFW,TX,ASW,CE,Towers with Display (VFR),28,14,24,11,77,0,4,60,9,73,28,18,84,20,150,118,24,142,292
11/12/2003,AFW,TX,ASW,CE,Towers with Display (VFR),25,11,18,17,71,0,1,50,1,52,25,12,68,18,123,160,18,178,301
11/13/2003,AFW,TX,ASW,CE,Towers with Display (VFR),26,16,45,17,104,0,4,33,1,38,26,20,78,18,142,74,42,116,258
11/14/2003,AFW,TX,ASW,CE,Towers with Display (VFR),22,16,32,34,104,0,6,40,0,46,22,22,72,34,150,42,22,64,214
11/15/2003,AFW,TX,ASW,CE,Towers with Display (VFR),6,1,8,2,17,0,0,25,0,25,6,1,33,2,42,52,0,52,94
11/16/2003,AFW,TX,ASW,CE,Towers with Display (VFR),2,5,14,13,34,0,0,20,0,20,2,5,34,13,54,42,20,62,116
11/17/2003,AFW,TX,ASW,CE,Towers with Display (VFR),3,5,11,6,25,0,0,6,0,6,3,5,17,6,31,10,0,10,41
11/18/2003,AFW,TX,ASW,CE,Towers with Display (VFR),30,16,17,12,75,0,1,33,0,34,30,17,50,12,109,82,18,100,209
11/19/2003,AFW,TX,ASW,CE,Towers with Display (VFR),26,21,20,23,90,0,5,48,0,53,26,26,68,23,143,138,82,220,363
11/20/2003,AFW,TX,ASW,CE,Towers with Display (VFR),24,17,55,23,119,0,6,71,0,77,24,23,126,23,196,156,24,180,376
11/21/2003,AFW,TX,ASW,CE,Towers with Display (VFR),24,12,32,24,92,0,7,44,7,58,24,19,76,31,150,50,24,74,224
11/22/2003,AFW,TX,ASW,CE,Towers with Display (VFR),6,0,9,31,46,0,0,31,5,36,6,0,40,36,82,54,38,92,174
11/23/2003,AFW,TX,ASW,CE,Towers with Display (VFR),0,1,9,39,49,0,0,6,1,7,0,1,15,40,56,30,32,62,118
11/24/2003,AFW,TX,ASW,CE,Towers with Display (VFR),3,5,29,35,72,0,0,51,3,54,3,5,80,38,126,90,18,108,234
11/25/2003,AFW,TX,ASW,CE,Towers with Display (VFR),27,12,17,23,79,0,0,19,4,23,27,12,36,27,102,16,18,34,136
11/26/2003,AFW,TX,ASW,CE,Towers with Display (VFR),29,19,28,2,78,0,0,31,0,31,29,19,59,2,109,88,0,88,197
11/27/2003,AFW,TX,ASW,CE,Towers with Display (VFR),4,0,4,0,8,0,0,10,0,10,4,0,14,0,18,34,0,34,52
11/28/2003,AFW,TX,ASW,CE,Towers with Display (VFR),9,4,14,0,27,0,2,24,0,26,9,6,38,0,53,4,0,4,57
11/29/2003,AFW,TX,ASW,CE,Towers with Display (VFR),0,2,20,3,25,0,0,31,0,31,0,2,51,3,56,22,12,34,90
11/30/2003,AFW,TX,ASW,CE,Towers with Display (VFR),1,4,25,2,32,0,0,35,0,35,1,4,60,2,67,66,0,66,133
12/01/2003,AFW,TX,ASW,CE,Towers with Display (VFR),6,9,8,0,23,0,0,28,5,33,6,9,36,5,56,84,0,84,140
12/02/2003,AFW,TX,ASW,CE,Towers with Display (VFR),38,14,20,3,75,0,12,32,1,45,38,26,52,4,120,46,0,46,166
12/03/2003,AFW,TX,ASW,CE,Towers with Display (VFR),41,15,22,3,81,0,4,51,2,57,41,19,73,5,138,116,11,127,265
12/04/2003,AFW,TX,ASW,CE,Towers with Display (VFR),38,13,35,18,104,1,2,71,5,79,39,15,106,23,183,190,38,228,411
12/05/2003,AFW,TX,ASW,CE,Towers with Display (VFR),39,10,12,41,102,0,0,23,4,27,39,10,35,45,129,22,46,68,197
12/06/2003,AFW,TX,ASW,CE,Towers with Display (VFR),6,1,9,47,63,0,0,36,0,36,6,1,45,47,99,48,36,84,183
12/07/2003,AFW,TX,ASW,CE,Towers with Display (VFR),0,2,12,34,48,0,0,28,0,28,0,2,40,34,76,122,48,170,246
12/08/2003,AFW,TX,ASW,CE,Towers with Display (VFR),6,5,16,30,57,0,0,65,0,65,6,5,81,30,122,126,20,146,268
12/09/2003,AFW,TX,ASW,CE,Towers with Display (VFR),35,8,12,14,69,0,0,12,0,12,35,8,24,14,81,14,18,32,113
12/10/2003,AFW,TX,ASW,CE,Towers with Display (VFR),35,14,16,23,88,0,0,50,4,54,35,14,66,27,142,218,58,276,418
12/11/2003,AFW,TX,ASW,CE,Towers with Display (VFR),37,16,22,52,127,0,0,65,5,70,37,16,87,57,197,86,84,170,367
12/12/2003,AFW,TX,ASW,CE,Towers with Display (VFR),6,0,18,39,63,0,0,16,1,17,6,0,34,40,80,18,28,46,126
12/13/2003,AFW,TX,ASW,CE,Towers with Display (VFR),33,7,23,21,84,0,0,12,0,12,33,7,35,21,96,40,0,40,136
12/14/2003,AFW,TX,ASW,CE,Towers with Display (VFR),0,0,15,36,51,0,0,34,2,36,0,0,49,38,87,156,20,176,263
12/15/2003,AFW,TX,ASW,CE,Towers with Display (VFR),4,6,13,16,39,0,0,15,4,19,4,6,28,20,58,28,76,104,162
12/16/2003,AFW,TX,ASW,CE,Towers with Display (VFR),35,21,19,21,96,0,0,57,3,60,35,21,76,24,156,100,16,116,272
12/17/2003,AFW,TX,ASW,CE,Towers with Display (VFR),38,13,30,23,104,0,2,62,6,70,38,15,92,29,174,202,8,210,384
12/18/2003,AFW,TX,ASW,CE,Towers with Display (VFR),36,20,7,33,96,0,3,61,2,66,36,23,68,35,162,92,122,214,376
12/19/2003,AFW,TX,ASW,CE,Towers with Display (VFR),40,16,23,11,90,0,0,60,0,60,40,16,83,11,150,120,22,142,292
12/20/2003,AFW,TX,ASW,CE,Towers with Display (VFR),27,8,22,7,64,0,0,47,2,49,27,8,69,9,113,126,4,130,243
12/21/2003,AFW,TX,ASW,CE,Towers with Display (VFR),3,2,18,19,42,0,0,16,4,20,3,2,34,23,62,66,8,74,136
12/22/2003,AFW,TX,ASW,CE,Towers with Display (VFR),7,7,18,4,36,0,0,34,5,39,7,7,52,9,75,98,38,136,211
12/23/2003,AFW,TX,ASW,CE,Towers with Display (VFR),43,13,21,7,84,0,0,53,1,54,43,13,74,8,138,164,0,164,302
12/24/2003,AFW,TX,ASW,CE,Towers with Display (VFR),34,8,19,0,61,0,0,52,0,52,34,8,71,0,113,62,0,62,175
12/25/2003,AFW,TX,ASW,CE,Towers with Display (VFR),0,0,1,0,1,0,0,6,0,6,0,0,7,0,7,0,0,0,7
12/26/2003,AFW,TX,ASW,CE,Towers with Display (VFR),0,2,31,0,33,0,0,0,0,0,0,2,31,0,33,0,0,0,33
12/27/2003,AFW,TX,ASW,CE,Towers with Display (VFR),0,0,6,2,8,0,0,12,0,12,0,0,18,2,20,0,2,2,22
12/28/2003,AFW,TX,ASW,CE,Towers with Display (VFR),0,2,18,10,30,0,0,42,0,42,0,2,60,10,72,106,0,106,178
12/29/2003,AFW,TX,ASW,CE,Towers with Display (VFR),0,1,14,2,17,0,1,63,2,66,0,2,77,4,83,124,0,124,207
12/30/2003,AFW,TX,ASW,CE,Towers with Display (VFR),0,3,14,21,38,0,0,58,0,58,0,3,72,21,96,98,8,106,202
12/31/2003,AFW,TX,ASW,CE,Towers with Display (VFR),0,4,24,0,28,0,0,39,1,40,0,4,63,1,68,0,64,64,132
01/01/2004,AFW,TX,ASW,CE,Towers with Display (VFR),0,0,6,0,6,0,0,4,0,4,0,0,10,0,10,0,0,0,10
01/02/2004,AFW,TX,ASW,CE,Towers with Display (VFR),0,2,19,0,21,0,0,39,0,39,0,2,58,0,60,0,64,64,124
01/03/2004,AFW,TX,ASW,CE,Towers with Display (VFR),1,0,0,0,1,0,36,0,0,36,1,36,0,0,37,0,22,22,59
01/04/2004,AFW,TX,ASW,CE,Towers with Display (VFR),2,2,16,0,20,0,0,16,0,16,2,2,32,0,36,0,60,60,96
01/05/2004,AFW,TX,ASW,CE,Towers with Display (VFR),4,6,22,10,42,0,0,36,4,40,4,6,58,14,82,42,42,84,166
01/06/2004,AFW,TX,ASW,CE,Towers with Display (VFR),20,16,30,6,72,0,3,43,0,46,20,19,73,6,118,180,10,190,308
01/07/2004,AFW,TX,ASW,CE,Towers with Display (VFR),19,10,22,15,66,0,0,42,0,42,19,10,64,15,108,140,6,146,254
01/08/2004,AFW,TX,ASW,CE,Towers with Display (VFR),22,13,18,15,68,0,0,49,0,49,22,13,67,15,117,86,2,88,205
01/09/2004,AFW,TX,ASW,CE,Towers with Display (VFR),17,11,16,44,88,0,2,44,3,49,17,13,60,47,137,74,50,124,261
01/10/2004,AFW,TX,ASW,CE,Towers with Display (VFR),6,0,13,11,30,0,0,69,2,71,6,0,82,13,101,106,6,112,213
01/11/2004,AFW,TX,ASW,CE,Towers with Display (VFR),0,0,8,26,34,1,0,24,2,27,1,0,32,28,61,40,60,100,161
01/12/2004,AFW,TX,ASW,CE,Towers with Display (VFR),4,4,14,29,51,0,3,29,0,32,4,7,43,29,83,40,18,58,141
01/13/2004,AFW,TX,ASW,CE,Towers with Display (VFR),21,7,22,17,67,0,1,45,2,48,21,8,67,19,115,134,24,158,273
01/14/2004,AFW,TX,ASW,CE,Towers with Display (VFR),23,9,24,42,98,0,11,28,0,39,23,20,52,42,137,86,50,136,273
01/15/2004,AFW,TX,ASW,CE,Towers with Display (VFR),20,8,38,8,74,0,4,6,0,10,20,12,44,8,84,6,0,6,90
01/16/2004,AFW,TX,ASW,CE,Towers with Display (VFR),21,9,19,10,59,0,0,0,0,0,21,9,19,10,59,0,0,0,59
01/17/2004,AFW,TX,ASW,CE,Towers with Display (VFR),12,0,25,5,42,1,1,12,2,16,13,1,37,7,58,0,16,16,74
01/18/2004,AFW,TX,ASW,CE,Towers with Display (VFR),6,5,20,5,36,0,3,7,0,10,6,8,27,5,46,18,10,28,74
01/19/2004,AFW,TX,ASW,CE,Towers with Display (VFR),5,6,20,11,42,0,3,65,2,70,5,9,85,13,112,116,56,172,284
01/20/2004,AFW,TX,ASW,CE,Towers with Display (VFR),19,11,27,28,85,0,1,72,4,77,19,12,99,32,162,116,26,142,304
01/21/2004,AFW,TX,ASW,CE,Towers with Display (VFR),24,11,32,16,83,0,1,65,2,68,24,12,97,18,151,152,28,180,331
01/22/2004,AFW,TX,ASW,CE,Towers with Display (VFR),20,18,34,8,80,0,0,69,0,69,20,18,103,8,149,110,62,172,321
01/23/2004,AFW,TX,ASW,CE,Towers with Display (VFR),22,8,24,29,83,0,2,27,6,35,22,10,51,35,118,106,36,142,260
01/24/2004,AFW,TX,ASW,CE,Towers with Display (VFR),8,2,28,17,55,0,0,1,0,1,8,2,29,17,56,0,0,0,56
01/25/2004,AFW,TX,ASW,CE,Towers with Display (VFR),0,0,14,11,25,0,0,30,0,30,0,0,44,11,55,42,0,42,97
01/26/2004,AFW,TX,ASW,CE,Towers with Display (VFR),2,7,16,42,67,0,1,10,5,16,2,8,26,47,83,24,34,58,141
01/27/2004,AFW,TX,ASW,CE,Towers with Display (VFR),20,13,31,29,93,0,1,62,3,66,20,14,93,32,159,110,22,132,291
01/28/2004,AFW,TX,ASW,CE,Towers with Display (VFR),21,13,31,12,77,0,0,56,3,59,21,13,87,15,136,202,0,202,338
01/29/2004,AFW,TX,ASW,CE,Towers with Display (VFR),17,11,40,6,74,0,0,53,7,60,17,11,93,13,134,186,26,212,346
01/30/2004,AFW,TX,ASW,CE,Towers with Display (VFR),25,10,28,76,139,0,6,48,7,61,25,16,76,83,200,142,22,164,364
01/31/2004,AFW,TX,ASW,CE,Towers with Display (VFR),9,0,39,30,78,0,0,9,0,9,9,0,48,30,87,0,0,0,87
02/01/2004,AFW,TX,ASW,CE,Towers with Display (VFR),0,2,11,21,34,0,0,0,0,0,0,2,11,21,34,0,0,0,34
02/02/2004,AFW,TX,ASW,CE,Towers with Display (VFR),3,13,21,36,73,0,5,37,9,51,3,18,58,45,124,106,44,150,274
02/03/2004,AFW,TX,ASW,CE,Towers with Display (VFR),22,8,27,17,74,0,7,72,4,83,22,15,99,21,157,144,74,218,375
02/04/2004,AFW,TX,ASW,CE,Towers with Display (VFR),24,7,17,2,50,0,3,0,0,3,24,10,17,2,53,4,0,4,57
02/05/2004,AFW,TX,ASW,CE,Towers with Display (VFR),28,17,27,2,74,0,0,19,0,19,28,17,46,2,93,0,12,12,105
02/06/2004,AFW,TX,ASW,CE,Towers with Display (VFR),21,9,21,25,76,0,3,45,0,48,21,12,66,25,124,60,36,96,220
02/07/2004,AFW,TX,ASW,CE,Towers with Display (VFR),5,2,28,15,50,0,1,68,3,72,5,3,96,18,122,162,0,162,284
02/08/2004,AFW,TX,ASW,CE,Towers with Display (VFR),1,0,20,36,57,0,2,43,0,45,1,2,63,36,102,104,24,128,230
02/09/2004,AFW,TX,ASW,CE,Towers with Display (VFR),4,2,18,15,39,0,1,0,0,1,4,3,18,15,40,0,0,0,40
02/10/2004,AFW,TX,ASW,CE,Towers with Display (VFR),30,12,35,12,89,0,6,57,0,63,30,18,92,12,152,316,8,324,476
02/11/2004,AFW,TX,ASW,CE,Towers with Display (VFR),29,21,42,2,94,0,0,0,0,0,29,21,42,2,94,40,0,40,134
02/12/2004,AFW,TX,ASW,CE,Towers with Display (VFR),26,14,29,27,96,0,5,35,1,41,26,19,64,28,137,64,24,88,225
02/13/2004,AFW,TX,ASW,CE,Towers with Display (VFR),26,10,45,10,91,1,0,23,3,27,27,10,68,13,118,36,12,48,166
02/14/2004,AFW,TX,ASW,CE,Towers with Display (VFR),8,1,9,2,20,0,0,2,0,2,8,1,11,2,22,0,0,0,22
02/15/2004,AFW,TX,ASW,CE,Towers with Display (VFR),2,1,23,3,29,0,0,36,0,36,2,1,59,3,65,82,0,82,147
02/16/2004,AFW,TX,ASW,CE,Towers with Display (VFR),7,3,15,3,28,0,0,61,5,66,7,3,76,8,94,200,22,222,316
02/17/2004,AFW,TX,ASW,CE,Towers with Display (VFR),22,9,38,8,77,0,0,84,6,90,22,9,122,14,167,238,12,250,417
02/18/2004,AFW,TX,ASW,CE,Towers with Display (VFR),23,12,29,8,72,0,3,37,4,44,23,15,66,12,116,74,26,100,216
02/19/2004,AFW,TX,ASW,CE,Towers with Display (VFR),23,12,8,2,45,0,0,20,0,20,23,12,28,2,65,46,0,46,111
02/20/2004,AFW,TX,ASW,CE,Towers with Display (VFR),17,12,37,54,120,0,5,65,0,70,17,17,102,54,190,50,2,52,242
02/21/2004,AFW,TX,ASW,CE,Towers with Display (VFR),9,2,21,39,71,0,0,62,4,66,9,2,83,43,137,116,48,164,301
02/22/2004,AFW,TX,ASW,CE,Towers with Display (VFR),2,0,21,37,60,0,0,43,3,46,2,0,64,40,106,110,62,172,278
02/23/2004,AFW,TX,ASW,CE,Towers with Display (VFR),0,0,0,0,0,1,3,43,7,54,1,3,43,7,54,8,0,8,62
02/24/2004,AFW,TX,ASW,CE,Towers with Display (VFR),28,10,12,0,50,0,0,0,0,0,28,10,12,0,50,0,0,0,50
02/25/2004,AFW,TX,ASW,CE,Towers with Display (VFR),24,10,24,2,60,0,0,30,0,30,24,10,54,2,90,0,56,56,146
02/26/2004,AFW,TX,ASW,CE,Towers with Display (VFR),22,11,36,18,87,0,0,82,0,82,22,11,118,18,169,174,14,188,357
02/27/2004,AFW,TX,ASW,CE,Towers with Display (VFR),19,6,23,52,100,0,4,51,2,57,19,10,74,54,157,128,60,188,345
02/28/2004,AFW,TX,ASW,CE,Towers with Display (VFR),10,0,13,34,57,0,0,10,3,13,10,0,23,37,70,34,46,80,150
02/29/2004,AFW,TX,ASW,CE,Towers with Display (VFR),0,2,11,37,50,0,0,24,3,27,0,2,35,40,77,96,70,166,243
03/01/2004,AFW,TX,ASW,CE,Towers with Display (VFR),4,5,23,42,74,0,0,60,2,62,4,5,83,44,136,180,50,230,366
03/02/2004,AFW,TX,ASW,CE,Towers with Display (VFR),22,7,21,12,62,0,0,76,0,76,22,7,97,12,138,144,52,196,334
03/03/2004,AFW,TX,ASW,CE,Towers with Display (VFR),21,8,15,2,46,1,0,5,0,6,22,8,20,2,52,4,4,8,60
03/04/2004,AFW,TX,ASW,CE,Towers with Display (VFR),26,11,9,1,47,0,0,9,0,9,26,11,18,1,56,14,0,14,70
03/05/2004,AFW,TX,ASW,CE,Towers with Display (VFR),15,10,30,40,95,11,0,67,0,78,26,10,97,40,173,80,40,120,293
03/06/2004,AFW,TX,ASW,CE,Towers with Display (VFR),9,2,22,15,48,0,39,64,1,104,9,41,86,16,152,164,26,190,342
03/07/2004,AFW,TX,ASW,CE,Towers with Display (VFR),1,1,19,27,48,0,0,28,6,34,1,1,47,33,82,34,28,62,144
03/08/2004,AFW,TX,ASW,CE,Towers with Display (VFR),3,10,20,3,36,0,10,38,2,50,3,20,58,5,86,126,0,126,212
03/09/2004,AFW,TX,ASW,CE,Towers with Display (VFR),23,13,23,4,63,0,5,76,0,81,23,18,99,4,144,160,0,160,304
03/10/2004,AFW,TX,ASW,CE,Towers with Display (VFR),24,12,33,6,75,0,0,77,0,77,24,12,110,6,152,168,4,172,324
03/11/2004,AFW,TX,ASW,CE,Towers with Display (VFR),20,12,22,14,68,1,4,77,11,93,21,16,99,25,161,80,42,122,283
03/12/2004,AFW,TX,ASW,CE,Towers with Display (VFR),24,7,19,38,88,2,3,26,5,36,26,10,45,43,124,38,130,168,292
03/13/2004,AFW,TX,ASW,CE,Towers with Display (VFR),12,1,35,7,55,2,0,14,0,16,14,1,49,7,71,32,0,32,103
03/14/2004,AFW,TX,ASW,CE,Towers with Display (VFR),2,3,29,6,40,0,0,7,1,8,2,3,36,7,48,46,26,72,120
03/15/2004,AFW,TX,ASW,CE,Towers with Display (VFR),5,2,31,17,55,0,5,56,0,61,5,7,87,17,116,200,24,224,340
03/16/2004,AFW,TX,ASW,CE,Towers with Display (VFR),21,9,32,18,80,0,2,83,8,93,21,11,115,26,173,158,76,234,407
03/17/2004,AFW,TX,ASW,CE,Towers with Display (VFR),24,12,24,24,84,0,0,63,0,63,24,12,87,24,147,240,52,292,439
03/18/2004,AFW,TX,ASW,CE,Towers with Display (VFR),21,18,11,32,82,0,0,68,0,68,21,18,79,32,150,92,34,126,276
03/19/2004,AFW,TX,ASW,CE,Towers with Display (VFR),21,8,19,22,70,0,3,22,8,33,21,11,41,30,103,42,28,70,173
03/20/2004,AFW,TX,ASW,CE,Towers with Display (VFR),6,3,21,5,35,0,0,28,5,33,6,3,49,10,68,50,6,56,124
03/21/2004,AFW,TX,ASW,CE,Towers with Display (VFR),3,2,38,43,86,0,0,46,3,49,3,2,84,46,135,130,12,142,277
03/22/2004,AFW,TX,ASW,CE,Towers with Display (VFR),5,8,31,20,64,0,0,57,0,57,5,8,88,20,121,162,82,244,365
03/23/2004,AFW,TX,ASW,CE,Towers with Display (VFR),23,18,34,46,121,0,0,83,3,86,23,18,117,49,207,278,58,336,543
03/24/2004,AFW,TX,ASW,CE,Towers with Display (VFR),25,12,38,9,84,0,0,38,5,43,25,12,76,14,127,18,4,22,149
03/25/2004,AFW,TX,ASW,CE,Towers with Display (VFR),25,13,23,31,92,0,0,24,0,24,25,13,47,31,116,96,22,118,234
03/26/2004,AFW,TX,ASW,CE,Towers with Display (VFR),19,9,39,50,117,0,0,37,0,37,19,9,76,50,154,36,54,90,244
03/27/2004,AFW,TX,ASW,CE,Towers with Display (VFR),11,2,3,25,41,0,0,3,0,3,11,2,6,25,44,8,4,12,56
03/28/2004,AFW,TX,ASW,CE,Towers with Display (VFR),6,0,19,27,52,0,0,18,2,20,6,0,37,29,72,30,2,32,104
03/29/2004,AFW,TX,ASW,CE,Towers with Display (VFR),4,2,15,9,30,0,4,86,1,91,4,6,101,10,121,178,4,182,303
03/30/2004,AFW,TX,ASW,CE,Towers with Display (VFR),26,21,30,30,107,0,0,72,7,79,26,21,102,37,186,222,58,280,466
03/31/2004,AFW,TX,ASW,CE,Towers with Display (VFR),27,11,48,41,127,0,0,129,22,151,27,11,177,63,278,264,110,374,652
04/01/2004,AFW,TX,ASW,CE,Towers with Display (VFR),29,23,49,15,116,0,0,83,0,83,29,23,132,15,199,214,8,222,421
04/02/2004,AFW,TX,ASW,CE,Towers with Display (VFR),19,12,43,33,107,0,2,43,4,49,19,14,86,37,156,48,48,96,252
04/03/2004,AFW,TX,ASW,CE,Towers with Display (VFR),11,4,44,6,65,0,20,51,6,77,11,24,95,12,142,26,10,36,178
04/04/2004,AFW,TX,ASW,CE,Towers with Display (VFR),4,14,148,8,174,0,444,265,15,724,4,458,413,23,898,10,38,48,946
04/05/2004,AFW,TX,ASW,CE,Towers with Display (VFR),4,9,19,38,70,0,1,43,0,44,4,10,62,38,114,60,30,90,204
04/06/2004,AFW,TX,ASW,CE,Towers with Display (VFR),21,12,18,12,63,0,0,24,0,24,21,12,42,12,87,30,18,48,135
04/07/2004,AFW,TX,ASW,CE,Towers with Display (VFR),24,10,29,18,81,0,0,31,0,31,24,10,60,18,112,66,42,108,220
04/08/2004,AFW,TX,ASW,CE,Towers with Display (VFR),21,13,18,1,53,0,0,76,0,76,21,13,94,1,129,114,0,114,243
04/09/2004,AFW,TX,ASW,CE,Towers with Display (VFR),24,12,17,23,76,0,0,46,3,49,24,12,63,26,125,134,14,148,273
04/10/2004,AFW,TX,ASW,CE,Towers with Display (VFR),12,0,29,1,42,0,0,4,0,4,12,0,33,1,46,56,0,56,102
04/11/2004,AFW,TX,ASW,CE,Towers with Display (VFR),0,2,13,1,16,0,0,6,2,8,0,2,19,3,24,18,0,18,42
04/12/2004,AFW,TX,ASW,CE,Towers with Display (VFR),3,5,35,11,54,0,0,47,0,47,3,5,82,11,101,170,0,170,271
04/13/2004,AFW,TX,ASW,CE,Towers with Display (VFR),23,17,16,18,74,0,0,87,3,90,23,17,103,21,164,234,82,316,480
04/14/2004,AFW,TX,ASW,CE,Towers with Display (VFR),23,10,24,38,95,9,10,127,4,150,32,20,151,42,245,228,88,316,561
04/15/2004,AFW,TX,ASW,CE,Towers with Display (VFR),24,14,32,8,78,0,0,79,0,79,24,14,111,8,157,164,10,174,331
04/16/2004,AFW,TX,ASW,CE,Towers with Display (VFR),20,11,22,42,95,0,0,65,11,76,20,11,87,53,171,258,34,292,463
04/17/2004,AFW,TX,ASW,CE,Towers with Display (VFR),7,0,22,46,75,0,0,39,3,42,7,0,61,49,117,146,2,148,265
04/18/2004,AFW,TX,ASW,CE,Towers with Display (VFR),1,1,7,32,41,0,0,10,2,12,1,1,17,34,53,22,20,42,95
04/19/2004,AFW,TX,ASW,CE,Towers with Display (VFR),4,14,16,28,62,0,2,32,2,36,4,16,48,30,98,88,22,110,208
04/20/2004,AFW,TX,ASW,CE,Towers with Display (VFR),22,14,21,44,101,0,0,68,0,68,22,14,89,44,169,132,88,220,389
04/21/2004,AFW,TX,ASW,CE,Towers with Display (VFR),24,13,20,22,79,0,0,41,0,41,24,13,61,22,120,164,40,204,324
04/22/2004,AFW,TX,ASW,CE,Towers with Display (VFR),33,20,32,29,114,0,0,70,8,78,33,20,102,37,192,106,60,166,358
04/23/2004,AFW,TX,ASW,CE,Towers with Display (VFR),7,7,21,21,56,14,0,24,4,42,21,7,45,25,98,38,6,44,142
04/24/2004,AFW,TX,ASW,CE,Towers with Display (VFR),7,0,23,4,34,0,0,9,0,9,7,0,32,4,43,4,8,12,55
04/25/2004,AFW,TX,ASW,CE,Towers with Display (VFR),1,0,12,17,30,0,0,70,10,80,1,0,82,27,110,208,30,238,348
04/26/2004,AFW,TX,ASW,CE,Towers with Display (VFR),3,4,31,52,90,0,0,76,5,81,3,4,107,57,171,296,22,318,489
04/27/2004,AFW,TX,ASW,CE,Towers with Display (VFR),25,11,54,37,127,0,0,93,5,98,25,11,147,42,225,258,94,352,577
04/28/2004,AFW,TX,ASW,CE,Towers with Display (VFR),21,18,5,25,69,0,0,55,0,55,21,18,60,25,124,136,74,210,334
04/29/2004,AFW,TX,ASW,CE,Towers with Display (VFR),26,9,30,28,93,0,0,54,0,54,26,9,84,28,147,72,30,102,249
04/30/2004,AFW,TX,ASW,CE,Towers with Display (VFR),17,11,31,10,69,0,0,14,2,16,17,11,45,12,85,26,0,26,111
05/01/2004,AFW,TX,ASW,CE,Towers with Display (VFR),6,2,10,5,23,0,0,9,0,9,6,2,19,5,32,14,14,28,60
05/02/2004,AFW,TX,ASW,CE,Towers with Display (VFR),0,3,14,24,41,0,0,83,0,83,0,3,97,24,124,206,16,222,346
05/03/2004,AFW,TX,ASW,CE,Towers with Display (VFR),3,7,22,18,50,0,4,65,0,69,3,11,87,18,119,160,24,184,303
05/04/2004,AFW,TX,ASW,CE,Towers with Display (VFR),25,13,52,17,107,6,2,59,0,67,31,15,111,17,174,236,18,254,428
05/05/2004,AFW,TX,ASW,CE,Towers with Display (VFR),30,11,39,19,99,0,2,60,4,66,30,13,99,23,165,138,14,152,317
05/06/2004,AFW,TX,ASW,CE,Towers with Display (VFR),34,12,24,13,83,0,0,51,0,51,34,12,75,13,134,102,16,118,252
05/07/2004,AFW,TX,ASW,CE,Towers with Display (VFR),25,10,27,43,105,0,3,47,3,53,25,13,74,46,158,110,16,126,284
05/08/2004,AFW,TX,ASW,CE,Towers with Display (VFR),6,3,25,37,71,0,0,41,9,50,6,3,66,46,121,104,26,130,251
05/09/2004,AFW,TX,ASW,CE,Towers with Display (VFR),0,1,19,30,50,0,0,30,11,41,0,1,49,41,91,68,26,94,185
05/10/2004,AFW,TX,ASW,CE,Towers with Display (VFR),3,6,15,38,62,0,0,32,1,33,3,6,47,39,95,142,38,180,275
05/11/2004,AFW,TX,ASW,CE,Towers with Display (VFR),22,14,26,26,88,0,0,66,0,66,22,14,92,26,154,156,0,156,310
05/12/2004,AFW,TX,ASW,CE,Towers with Display (VFR),27,10,24,34,95,1,5,29,3,38,28,15,53,37,133,92,36,128,261
05/13/2004,AFW,TX,ASW,CE,Towers with Display (VFR),23,14,26,10,73,0,0,22,0,22,23,14,48,10,95,12,0,12,107
05/14/2004,AFW,TX,ASW,CE,Towers with Display (VFR),25,8,26,29,88,0,4,31,1,36,25,12,57,30,124,36,74,110,234
05/15/2004,AFW,TX,ASW,CE,Towers with Display (VFR),10,0,36,39,85,0,0,38,7,45,10,0,74,46,130,56,18,74,204
05/16/2004,AFW,TX,ASW,CE,Towers with Display (VFR),0,1,23,43,67,0,0,37,6,43,0,1,60,49,110,62,80,142,252
05/17/2004,AFW,TX,ASW,CE,Towers with Display (VFR),4,2,27,35,68,0,4,40,0,44,4,6,67,35,112,152,28,180,292
05/18/2004,AFW,TX,ASW,CE,Towers with Display (VFR),22,15,24,40,101,0,2,66,11,79,22,17,90,51,180,190,108,298,478
05/19/2004,AFW,TX,ASW,CE,Towers with Display (VFR),24,16,20,2,62,0,0,60,5,65,24,16,80,7,127,162,34,196,323
05/20/2004,AFW,TX,ASW,CE,Towers with Display (VFR),23,18,18,25,84,0,0,64,0,64,23,18,82,25,148,154,116,270,418
05/21/2004,AFW,TX,ASW,CE,Towers with Display (VFR),20,9,25,38,92,0,6,47,3,56,20,15,72,41,148,78,18,96,244
05/22/2004,AFW,TX,ASW,CE,Towers with Display (VFR),8,2,11,38,59,0,0,20,5,25,8,2,31,43,84,56,46,102,186
05/23/2004,AFW,TX,ASW,CE,Towers with Display (VFR),0,4,22,34,60,0,3,20,4,27,0,7,42,38,87,48,86,134,221
05/24/2004,AFW,TX,ASW,CE,Towers with Display (VFR),4,5,22,13,44,0,0,38,0,38,4,5,60,13,82,186,36,222,304
05/25/2004,AFW,TX,ASW,CE,Towers with Display (VFR),22,11,11,5,49,0,0,47,0,47,22,11,58,5,96,188,0,188,284
05/26/2004,AFW,TX,ASW,CE,Towers with Display (VFR),22,20,42,23,107,0,1,63,0,64,22,21,105,23,171,226,42,268,439
05/27/2004,AFW,TX,ASW,CE,Towers with Display (VFR),20,10,22,21,73,0,1,25,0,26,20,11,47,21,99,88,12,100,199
05/28/2004,AFW,TX,ASW,CE,Towers with Display (VFR),21,9,38,13,81,0,0,47,0,47,21,9,85,13,128,62,34,96,224
05/29/2004,AFW,TX,ASW,CE,Towers with Display (VFR),8,1,18,9,36,0,0,43,0,43,8,1,61,9,79,136,0,136,215
05/30/2004,AFW,TX,ASW,CE,Towers with Display (VFR),2,1,13,2,18,0,0,20,1,21,2,1,33,3,39,80,10,90,129
05/31/2004,AFW,TX,ASW,CE,Towers with Display (VFR),0,2,25,3,30,0,0,60,0,60,0,2,85,3,90,148,18,166,256
06/01/2004,AFW,TX,ASW,CE,Towers with Display (VFR),1,6,17,7,31,0,6,46,0,52,1,12,63,7,83,106,12,118,201
06/02/2004,AFW,TX,ASW,CE,Towers with Display (VFR),18,9,26,22,75,7,3,20,11,41,25,12,46,33,116,118,74,192,308
06/03/2004,AFW,TX,ASW,CE,Towers with Display (VFR),18,10,27,8,63,10,3,43,0,56,28,13,70,8,119,36,10,46,165
06/04/2004,AFW,TX,ASW,CE,Towers with Display (VFR),24,9,35,30,98,0,0,47,12,59,24,9,82,42,157,20,36,56,213
06/05/2004,AFW,TX,ASW,CE,Towers with Display (VFR),13,3,22,19,57,0,0,36,3,39,13,3,58,22,96,84,16,100,196
06/06/2004,AFW,TX,ASW,CE,Towers with Display (VFR),1,1,12,11,25,0,0,42,11,53,1,1,54,22,78,60,12,72,150
06/07/2004,AFW,TX,ASW,CE,Towers with Display (VFR),8,5,15,14,42,0,0,45,0,45,8,5,60,14,87,192,52,244,331
06/08/2004,AFW,TX,ASW,CE,Towers with Display (VFR),14,7,20,9,50,9,4,10,0,23,23,11,30,9,73,102,0,102,175
06/09/2004,AFW,TX,ASW,CE,Towers with Display (VFR),17,9,25,4,55,9,12,6,0,27,26,21,31,4,82,18,2,20,102
06/10/2004,AFW,TX,ASW,CE,Towers with Display (VFR),24,14,38,33,109,0,7,45,3,55,24,21,83,36,164,54,46,100,264
06/11/2004,AFW,TX,ASW,CE,Towers with Display (VFR),20,5,34,29,88,0,0,64,1,65,20,5,98,30,153,94,12,106,259
06/12/2004,AFW,TX,ASW,CE,Towers with Display (VFR),7,12,32,28,79,0,16,121,5,142,7,28,153,33,221,30,10,40,261
06/13/2004,AFW,TX,ASW,CE,Towers with Display (VFR),1,0,15,13,29,0,0,33,12,45,1,0,48,25,74,60,46,106,180
06/14/2004,AFW,TX,ASW,CE,Towers with Display (VFR),3,3,29,26,61,0,0,42,45,87,3,3,71,71,148,132,70,202,350
06/15/2004,AFW,TX,ASW,CE,Towers with Display (VFR),19,11,28,15,73,2,5,51,0,58,21,16,79,15,131,168,60,228,359
06/16/2004,AFW,TX,ASW,CE,Towers with Display (VFR),23,13,34,30,100,0,4,56,14,74,23,17,90,44,174,202,66,268,442
06/17/2004,AFW,TX,ASW,CE,Towers with Display (VFR),17,10,25,22,74,5,9,32,2,48,22,19,57,24,122,128,26,154,276
06/18/2004,AFW,TX,ASW,CE,Towers with Display (VFR),18,8,26,23,75,1,0,30,2,33,19,8,56,25,108,18,18,36,144
06/19/2004,AFW,TX,ASW,CE,Towers with Display (VFR),11,1,18,13,43,1,0,65,2,68,12,1,83,15,111,172,0,172,283
06/20/2004,AFW,TX,ASW,CE,Towers with Display (VFR),3,0,17,13,33,0,0,55,5,60,3,0,72,18,93,144,30,174,267
06/21/2004,AFW,TX,ASW,CE,Towers with Display (VFR),3,4,11,3,21,0,2,64,0,66,3,6,75,3,87,210,0,210,297
06/22/2004,AFW,TX,ASW,CE,Towers with Display (VFR),14,8,22,10,54,9,5,71,0,85,23,13,93,10,139,296,0,296,435
06/23/2004,AFW,TX,ASW,CE,Towers with Display (VFR),16,10,26,16,68,7,3,106,0,116,23,13,132,16,184,318,38,356,540
06/24/2004,AFW,TX,ASW,CE,Towers with Display (VFR),17,9,28,22,76,6,0,34,7,47,23,9,62,29,123,58,24,82,205
06/25/2004,AFW,TX,ASW,CE,Towers with Display (VFR),12,8,20,15,55,5,1,21,13,40,17,9,41,28,95,116,38,154,249
06/26/2004,AFW,TX,ASW,CE,Towers with Display (VFR),6,2,11,5,24,0,0,27,0,27,6,2,38,5,51,58,0,58,109
06/27/2004,AFW,TX,ASW,CE,Towers with Display (VFR),0,2,6,5,13,0,1,21,3,25,0,3,27,8,38,60,12,72,110
06/28/2004,AFW,TX,ASW,CE,Towers with Display (VFR),2,5,15,7,29,0,2,32,0,34,2,7,47,7,63,68,0,68,131
06/29/2004,AFW,TX,ASW,CE,Towers with Display (VFR),16,9,26,13,64,10,2,10,0,22,26,11,36,13,86,16,0,16,102
06/30/2004,AFW,TX,ASW,CE,Towers with Display (VFR),13,6,19,2,40,11,5,30,0,46,24,11,49,2,86,144,4,148,234
07/01/2004,AFW,TX,ASW,CE,Towers with Display (VFR),27,18,21,9,75,0,0,30,0,30,27,18,51,9,105,74,8,82,187
07/02/2004,AFW,TX,ASW,CE,Towers with Display (VFR),20,6,25,4,55,0,0,42,0,42,20,6,67,4,97,104,2,106,203
07/03/2004,AFW,TX,ASW,CE,Towers with Display (VFR),13,2,13,0,28,2,0,48,0,50,15,2,61,0,78,198,0,198,276
07/04/2004,AFW,TX,ASW,CE,Towers with Display (VFR),0,0,10,4,14,0,0,23,1,24,0,0,33,5,38,104,0,104,142
07/05/2004,AFW,TX,ASW,CE,Towers with Display (VFR),0,4,19,5,28,0,0,45,6,51,0,4,64,11,79,188,38,226,305
07/06/2004,AFW,TX,ASW,CE,Towers with Display (VFR),4,13,14,15,46,0,0,80,0,80,4,13,94,15,126,346,8,354,480
07/07/2004,AFW,TX,ASW,CE,Towers with Display (VFR),21,8,26,5,60,0,8,57,1,66,21,16,83,6,126,214,0,214,340
07/08/2004,AFW,TX,ASW,CE,Towers with Display (VFR),26,11,25,18,80,0,0,84,0,84,26,11,109,18,164,190,8,198,362
07/09/2004,AFW,TX,ASW,CE,Towers with Display (VFR),20,9,30,41,100,0,0,46,8,54,20,9,76,49,154,210,16,226,380
07/10/2004,AFW,TX,ASW,CE,Towers with Display (VFR),6,0,21,49,76,0,3,40,9,52,6,3,61,58,128,120,78,198,326
07/11/2004,AFW,TX,ASW,CE,Towers with Display (VFR),2,1,10,37,50,0,0,40,2,42,2,1,50,39,92,230,54,284,376
07/12/2004,AFW,TX,ASW,CE,Towers with Display (VFR),6,9,20,45,80,0,0,110,2,112,6,9,130,47,192,346,116,462,654
07/13/2004,AFW,TX,ASW,CE,Towers with Display (VFR),23,16,24,31,94,0,9,108,8,125,23,25,132,39,219,332,54,386,605
07/14/2004,AFW,TX,ASW,CE,Towers with Display (VFR),23,12,24,23,82,0,0,50,4,54,23,12,74,27,136,230,88,318,454
07/15/2004,AFW,TX,ASW,CE,Towers with Display (VFR),21,14,14,20,69,0,0,56,0,56,21,14,70,20,125,90,60,150,275
07/16/2004,AFW,TX,ASW,CE,Towers with Display (VFR),21,12,15,37,85,0,0,42,4,46,21,12,57,41,131,46,30,76,207
07/17/2004,AFW,TX,ASW,CE,Towers with Display (VFR),10,1,5,23,39,0,2,32,1,35,10,3,37,24,74,174,48,222,296
07/18/2004,AFW,TX,ASW,CE,Towers with Display (VFR),2,3,23,24,52,0,0,38,0,38,2,3,61,24,90,62,24,86,176
07/19/2004,AFW,TX,ASW,CE,Towers with Display (VFR),5,5,22,24,56,0,0,52,5,57,5,5,74,29,113,134,38,172,285
07/20/2004,AFW,TX,ASW,CE,Towers with Display (VFR),21,10,26,18,75,1,0,56,4,61,22,10,82,22,136,196,52,248,384
07/21/2004,AFW,TX,ASW,CE,Towers with Display (VFR),22,21,24,7,74,0,0,47,1,48,22,21,71,8,122,238,12,250,372
07/22/2004,AFW,TX,ASW,CE,Towers with Display (VFR),20,10,29,16,75,0,0,55,0,55,20,10,84,16,130,172,30,202,332
07/23/2004,AFW,TX,ASW,CE,Towers with Display (VFR),18,5,17,57,97,0,4,33,0,37,18,9,50,57,134,86,92,178,312
07/24/2004,AFW,TX,ASW,CE,Towers with Display (VFR),6,8,35,17,66,0,4,48,5,57,6,12,83,22,123,174,46,220,343
07/25/2004,AFW,TX,ASW,CE,Towers with Display (VFR),5,0,24,7,36,0,0,27,0,27,5,0,51,7,63,148,34,182,245
07/26/2004,AFW,TX,ASW,CE,Towers with Display (VFR),5,4,24,8,41,0,3,89,1,93,5,7,113,9,134,298,10,308,442
07/27/2004,AFW,TX,ASW,CE,Towers with Display (VFR),22,17,16,47,102,0,4,46,0,50,22,21,62,47,152,176,94,270,422
07/28/2004,AFW,TX,ASW,CE,Towers with Display (VFR),21,10,18,2,51,0,2,56,0,58,21,12,74,2,109,108,0,108,217
07/29/2004,AFW,TX,ASW,CE,Towers with Display (VFR),21,13,30,5,69,0,0,17,0,17,21,13,47,5,86,26,0,26,112
07/30/2004,AFW,TX,ASW,CE,Towers with Display (VFR),26,7,25,44,102,0,2,33,0,35,26,9,58,44,137,54,40,94,231
07/31/2004,AFW,TX,ASW,CE,Towers with Display (VFR),6,1,12,74,93,0,2,47,4,53,6,3,59,78,146,140,74,214,360
08/01/2004,AFW,TX,ASW,CE,Towers with Display (VFR),0,0,22,60,82,0,0,48,4,52,0,0,70,64,134,140,144,284,418
08/02/2004,AFW,TX,ASW,CE,Towers with Display (VFR),4,3,31,34,72,0,5,45,7,57,4,8,76,41,129,238,60,298,427
08/03/2004,AFW,TX,ASW,CE,Towers with Display (VFR),24,7,22,18,71,0,3,32,1,36,24,10,54,19,107,122,16,138,245
08/04/2004,AFW,TX,ASW,CE,Towers with Display (VFR),29,10,31,3,73,0,0,44,3,47,29,10,75,6,120,222,4,226,346
08/05/2004,AFW,TX,ASW,CE,Towers with Display (VFR),28,12,9,21,70,0,0,42,0,42,28,12,51,21,112,96,56,152,264
08/06/2004,AFW,TX,ASW,CE,Towers with Display (VFR),22,6,14,34,76,0,1,44,0,45,22,7,58,34,121,82,56,138,259
08/07/2004,AFW,TX,ASW,CE,Towers with Display (VFR),11,2,20,32,65,0,0,45,1,46,11,2,65,33,111,160,52,212,323
08/08/2004,AFW,TX,ASW,CE,Towers with Display (VFR),2,4,3,43,52,0,0,47,4,51,2,4,50,47,103,142,126,268,371
08/09/2004,AFW,TX,ASW,CE,Towers with Display (VFR),7,6,20,30,63,0,2,47,2,51,7,8,67,32,114,264,64,328,442
08/10/2004,AFW,TX,ASW,CE,Towers with Display (VFR),24,33,15,25,97,0,0,102,0,102,24,33,117,25,199,334,64,398,597
08/11/2004,AFW,TX,ASW,CE,Towers with Display (VFR),28,22,16,20,86,0,9,29,0,38,28,31,45,20,124,84,0,84,208
08/12/2004,AFW,TX,ASW,CE,Towers with Display (VFR),25,14,18,59,116,0,0,64,0,64,25,14,82,59,180,162,116,278,458
08/13/2004,AFW,TX,ASW,CE,Towers with Display (VFR),25,8,23,42,98,1,0,63,2,66,26,8,86,44,164,202,72,274,438
08/14/2004,AFW,TX,ASW,CE,Towers with Display (VFR),7,1,21,52,81,0,2,52,0,54,7,3,73,52,135,156,98,254,389
08/15/2004,AFW,TX,ASW,CE,Towers with Display (VFR),0,5,15,26,46,0,0,41,1,42,0,5,56,27,88,150,36,186,274
08/16/2004,AFW,TX,ASW,CE,Towers with Display (VFR),5,4,19,6,34,0,8,45,0,53,5,12,64,6,87,180,8,188,275
08/17/2004,AFW,TX,ASW,CE,Towers with Display (VFR),25,16,26,10,77,0,5,83,0,88,25,21,109,10,165,274,18,292,457
08/18/2004,AFW,TX,ASW,CE,Towers with Display (VFR),22,15,22,6,65,0,0,62,4,66,22,15,84,10,131,238,20,258,389
08/19/2004,AFW,TX,ASW,CE,Towers with Display (VFR),27,9,20,0,56,0,0,3,0,3,27,9,23,0,59,0,0,0,59
08/20/2004,AFW,TX,ASW,CE,Towers with Display (VFR),17,7,13,10,47,0,3,21,1,25,17,10,34,11,72,82,8,90,162
08/21/2004,AFW,TX,ASW,CE,Towers with Display (VFR),6,5,18,10,39,0,0,41,0,41,6,5,59,10,80,76,0,76,156
08/22/2004,AFW,TX,ASW,CE,Towers with Display (VFR),0,0,26,18,44,0,0,19,7,26,0,0,45,25,70,102,36,138,208
08/23/2004,AFW,TX,ASW,CE,Towers with Display (VFR),3,4,43,53,103,0,1,72,9,82,3,5,115,62,185,278,58,336,521
08/24/2004,AFW,TX,ASW,CE,Towers with Display (VFR),28,14,18,34,94,0,0,41,0,41,28,14,59,34,135,198,20,218,353
08/25/2004,AFW,TX,ASW,CE,Towers with Display (VFR),25,14,15,17,71,0,3,62,0,65,25,17,77,17,136,156,22,178,314
08/26/2004,AFW,TX,ASW,CE,Towers with Display (VFR),23,13,19,16,71,0,0,68,0,68,23,13,87,16,139,222,40,262,401
08/27/2004,AFW,TX,ASW,CE,Towers with Display (VFR),26,9,16,26,77,0,0,37,12,49,26,9,53,38,126,56,44,100,226
08/28/2004,AFW,TX,ASW,CE,Towers with Display (VFR),8,2,16,5,31,0,1,38,1,40,8,3,54,6,71,56,10,66,137
08/29/2004,AFW,TX,ASW,CE,Towers with Display (VFR),0,3,21,22,46,0,0,62,17,79,0,3,83,39,125,194,82,276,401
08/30/2004,AFW,TX,ASW,CE,Towers with Display (VFR),8,7,18,32,65,0,2,95,1,98,8,9,113,33,163,278,144,422,585
08/31/2004,AFW,TX,ASW,CE,Towers with Display (VFR),29,8,19,12,68,0,2,71,4,77,29,10,90,16,145,318,44,362,507
09/01/2004,AFW,TX,ASW,CE,Towers with Display (VFR),28,11,19,30,88,0,1,49,4,54,28,12,68,34,142,76,64,140,282
09/02/2004,AFW,TX,ASW,CE,Towers with Display (VFR),32,18,26,20,96,0,0,74,0,74,32,18,100,20,170,100,22,122,292
09/03/2004,AFW,TX,ASW,CE,Towers with Display (VFR),23,8,18,38,87,0,3,45,0,48,23,11,63,38,135,72,12,84,219
09/04/2004,AFW,TX,ASW,CE,Towers with Display (VFR),4,1,14,33,52,0,0,39,0,39,4,1,53,33,91,120,86,206,297
09/05/2004,AFW,TX,ASW,CE,Towers with Display (VFR),0,0,8,36,44,0,4,53,11,68,0,4,61,47,112,128,106,234,346
09/06/2004,AFW,TX,ASW,CE,Towers with Display (VFR),0,0,28,45,73,0,0,49,4,53,0,0,77,49,126,132,220,352,478
09/07/2004,AFW,TX,ASW,CE,Towers with Display (VFR),4,4,27,48,83,0,0,71,1,72,4,4,98,49,155,286,44,330,485
09/08/2004,AFW,TX,ASW,CE,Towers with Display (VFR),29,13,25,14,81,0,0,72,1,73,29,13,97,15,154,132,20,152,306
09/09/2004,AFW,TX,ASW,CE,Towers with Display (VFR),31,24,8,12,75,0,0,58,0,58,31,24,66,12,133,98,16,114,247
09/10/2004,AFW,TX,ASW,CE,Towers with Display (VFR),26,11,12,61,110,1,0,30,0,31,27,11,42,61,141,30,48,78,219
09/11/2004,AFW,TX,ASW,CE,Towers with Display (VFR),10,1,16,58,85,0,2,44,3,49,10,3,60,61,134,92,50,142,276
09/12/2004,AFW,TX,ASW,CE,Towers with Display (VFR),2,2,16,84,104,0,0,50,12,62,2,2,66,96,166,110,136,246,412
09/13/2004,AFW,TX,ASW,CE,Towers with Display (VFR),4,4,17,73,98,0,2,36,1,39,4,6,53,74,137,44,8,52,189
09/14/2004,AFW,TX,ASW,CE,Towers with Display (VFR),31,13,26,11,81,0,15,52,3,70,31,28,78,14,151,210,10,220,371
09/15/2004,AFW,TX,ASW,CE,Towers with Display (VFR),29,28,25,36,118,0,0,66,6,72,29,28,91,42,190,198,88,286,476
09/16/2004,AFW,TX,ASW,CE,Towers with Display (VFR),30,18,25,23,96,0,0,64,0,64,30,18,89,23,160,82,44,126,286
09/17/2004,AFW,TX,ASW,CE,Towers with Display (VFR),24,10,11,24,69,0,2,53,2,57,24,12,64,26,126,34,12,46,172
09/18/2004,AFW,TX,ASW,CE,Towers with Display (VFR),7,5,2,0,14,0,3,19,0,22,7,8,21,0,36,16,0,16,52
09/19/2004,AFW,TX,ASW,CE,Towers with Display (VFR),2,2,4,11,19,0,6,60,12,78,2,8,64,23,97,20,4,24,121
09/20/2004,AFW,TX,ASW,CE,Towers with Display (VFR),6,8,23,25,62,0,2,90,5,97,6,10,113,30,159,148,36,184,343
09/21/2004,AFW,TX,ASW,CE,Towers with Display (VFR),30,9,24,17,80,0,0,83,2,85,30,9,107,19,165,262,22,284,449
09/22/2004,AFW,TX,ASW,CE,Towers with Display (VFR),26,13,20,12,71,0,0,74,3,77,26,13,94,15,148,202,4,206,354
09/23/2004,AFW,TX,ASW,CE,Towers with Display (VFR),35,14,26,25,100,0,0,54,0,54,35,14,80,25,154,108,8,116,270
09/24/2004,AFW,TX,ASW,CE,Towers with Display (VFR),29,9,25,20,83,0,3,41,0,44,29,12,66,20,127,82,37,119,246
09/25/2004,AFW,TX,ASW,CE,Towers with Display (VFR),8,0,12,8,28,0,0,49,3,52,8,0,61,11,80,112,18,130,210
09/26/2004,AFW,TX,ASW,CE,Towers with Display (VFR),1,2,27,7,37,0,0,49,10,59,1,2,76,17,96,126,60,186,282
09/27/2004,AFW,TX,ASW,CE,Towers with Display (VFR),6,4,15,32,57,0,2,61,5,68,6,6,76,37,125,190,52,242,367
09/28/2004,AFW,TX,ASW,CE,Towers with Display (VFR),33,12,35,44,124,0,3,62,2,67,33,15,97,46,191,270,22,292,483
09/29/2004,AFW,TX,ASW,CE,Towers with Display (VFR),26,12,26,0,64,0,14,83,0,97,26,26,109,0,161,230,0,230,391
09/30/2004,AFW,TX,ASW,CE,Towers with Display (VFR),31,16,10,2,59,0,0,79,0,79,31,16,89,2,138,102,32,134,272
10/01/2004,AFW,TX,ASW,CE,Towers with Radar,28,8,31,6,73,0,0,30,0,30,28,8,61,6,103,28,0,28,131
10/02/2004,AFW,TX,ASW,CE,Towers with Radar,7,0,20,48,75,0,2,38,0,40,7,2,58,48,115,76,24,100,215
10/03/2004,AFW,TX,ASW,CE,Towers with Radar,0,0,20,18,38,0,0,30,2,32,0,0,50,20,70,24,6,30,100
10/04/2004,AFW,TX,ASW,CE,Towers with Radar,4,9,18,0,31,0,1,2,0,3,4,10,20,0,34,0,0,0,34
10/05/2004,AFW,TX,ASW,CE,Towers with Radar,27,14,27,10,78,0,3,28,0,31,27,17,55,10,109,56,16,72,181
10/06/2004,AFW,TX,ASW,CE,Towers with Radar,29,15,37,9,90,0,0,91,0,91,29,15,128,9,181,172,20,192,373
10/07/2004,AFW,TX,ASW,CE,Towers with Radar,27,8,14,13,62,0,3,21,0,24,27,11,35,13,86,36,4,40,126
10/08/2004,AFW,TX,ASW,CE,Towers with Radar,27,14,11,22,74,0,0,32,0,32,27,14,43,22,106,68,34,102,208
10/09/2004,AFW,TX,ASW,CE,Towers with Radar,7,4,37,15,63,0,0,18,1,19,7,4,55,16,82,14,0,14,96
10/10/2004,AFW,TX,ASW,CE,Towers with Radar,0,3,15,0,18,0,0,0,18,18,0,3,15,18,36,0,0,0,36
10/11/2004,AFW,TX,ASW,CE,Towers with Radar,4,3,21,15,43,0,0,15,0,15,4,3,36,15,58,28,0,28,86
10/12/2004,AFW,TX,ASW,CE,Towers with Radar,30,13,16,31,90,0,1,74,1,76,30,14,90,32,166,112,30,142,308
10/13/2004,AFW,TX,ASW,CE,Towers with Radar,27,13,36,30,106,0,0,56,5,61,27,13,92,35,167,208,104,312,479
10/14/2004,AFW,TX,ASW,CE,Towers with Radar,31,17,38,22,108,0,0,63,0,63,31,17,101,22,171,102,16,118,289
10/15/2004,AFW,TX,ASW,CE,Towers with Radar,30,12,30,56,128,0,5,68,0,73,30,17,98,56,201,74,37,111,312
10/16/2004,AFW,TX,ASW,CE,Towers with Radar,7,2,39,34,82,0,10,77,2,89,7,12,116,36,171,104,16,120,291
10/17/2004,AFW,TX,ASW,CE,Towers with Radar,3,7,66,28,104,0,7,156,9,172,3,14,222,37,276,18,44,62,338
10/18/2004,AFW,TX,ASW,CE,Towers with Radar,5,1,26,21,53,0,0,53,4,57,5,1,79,25,110,132,24,156,266
10/19/2004,AFW,TX,ASW,CE,Towers with Radar,29,15,28,28,100,0,0,75,0,75,29,15,103,28,175,216,46,262,437
10/20/2004,AFW,TX,ASW,CE,Towers with Radar,29,12,25,22,88,0,0,113,3,116,29,12,138,25,204,258,94,352,556
10/21/2004,AFW,TX,ASW,CE,Towers with Radar,29,9,21,16,75,0,2,54,0,56,29,11,75,16,131,140,0,140,271
10/22/2004,AFW,TX,ASW,CE,Towers with Radar,32,11,20,27,90,1,1,24,0,26,33,12,44,27,116,70,28,98,214
10/23/2004,AFW,TX,ASW,CE,Towers with Radar,6,3,26,44,79,0,3,47,4,54,6,6,73,48,133,98,30,128,261
10/24/2004,AFW,TX,ASW,CE,Towers with Radar,0,6,19,48,73,0,0,33,7,40,0,6,52,55,113,92,16,108,221
10/25/2004,AFW,TX,ASW,CE,Towers with Radar,2,11,21,24,58,0,9,18,2,29,2,20,39,26,87,38,38,76,163
10/26/2004,AFW,TX,ASW,CE,Towers with Radar,31,8,20,24,83,0,4,34,2,40,31,12,54,26,123,114,0,114,237
10/27/2004,AFW,TX,ASW,CE,Towers with Radar,25,17,25,30,97,0,0,21,0,21,25,17,46,30,118,76,22,98,216
10/28/2004,AFW,TX,ASW,CE,Towers with Radar,38,11,31,49,129,0,0,23,0,23,38,11,54,49,152,32,58,90,242
10/29/2004,AFW,TX,ASW,CE,Towers with Radar,28,9,24,35,96,0,3,21,0,24,28,12,45,35,120,34,0,34,154
10/30/2004,AFW,TX,ASW,CE,Towers with Radar,10,3,18,4,35,0,0,52,3,55,10,3,70,7,90,90,8,98,188
10/31/2004,AFW,TX,ASW,CE,Towers with Radar,3,5,18,17,43,0,0,0,0,0,3,5,18,17,43,2,0,2,45
11/01/2004,AFW,TX,ASW,CE,Towers with Radar,6,5,18,37,66,0,0,15,0,15,6,5,33,37,81,8,6,14,95
11/02/2004,AFW,TX,ASW,CE,Towers with Radar,30,12,29,10,81,0,0,4,0,4,30,12,33,10,85,16,0,16,101
11/03/2004,AFW,TX,ASW,CE,Towers with Radar,33,18,20,8,79,0,4,27,0,31,33,22,47,8,110,44,2,46,156
11/04/2004,AFW,TX,ASW,CE,Towers with Radar,33,14,30,8,85,0,0,53,0,53,33,14,83,8,138,76,0,76,214
11/05/2004,AFW,TX,ASW,CE,Towers with Radar,27,15,31,35,108,0,5,53,3,61,27,20,84,38,169,82,52,134,303
11/06/2004,AFW,TX,ASW,CE,Towers with Radar,10,0,9,35,54,0,2,37,3,42,10,2,46,38,96,136,12,148,244
11/07/2004,AFW,TX,ASW,CE,Towers with Radar,2,3,25,23,53,0,0,56,4,60,2,3,81,27,113,96,46,142,255
11/08/2004,AFW,TX,ASW,CE,Towers with Radar,8,5,30,22,65,0,0,56,1,57,8,5,86,23,122,246,36,282,404
11/09/2004,AFW,TX,ASW,CE,Towers with Radar,33,12,30,2,77,0,0,77,5,82,33,12,107,7,159,192,24,216,375
11/10/2004,AFW,TX,ASW,CE,Towers with Radar,32,16,25,28,101,0,0,59,3,62,32,16,84,31,163,140,70,210,373
11/11/2004,AFW,TX,ASW,CE,Towers with Radar,35,14,24,35,108,0,0,27,0,27,35,14,51,35,135,14,10,24,159
11/12/2004,AFW,TX,ASW,CE,Towers with Radar,27,11,30,17,85,0,0,25,2,27,27,11,55,19,112,102,18,120,232
11/13/2004,AFW,TX,ASW,CE,Towers with Radar,10,0,21,5,36,0,0,9,0,9,10,0,30,5,45,50,0,50,95
11/14/2004,AFW,TX,ASW,CE,Towers with Radar,1,6,31,3,41,0,0,0,0,0,1,6,31,3,41,0,0,0,41
11/15/2004,AFW,TX,ASW,CE,Towers with Radar,2,6,23,2,33,0,0,0,0,0,2,6,23,2,33,0,0,0,33
11/16/2004,AFW,TX,ASW,CE,Towers with Radar,35,12,37,6,90,0,0,5,0,5,35,12,42,6,95,0,0,0,95
11/17/2004,AFW,TX,ASW,CE,Towers with Radar,31,14,21,1,67,0,0,0,0,0,31,14,21,1,67,0,0,0,67
11/18/2004,AFW,TX,ASW,CE,Towers with Radar,35,11,36,15,97,0,0,4,0,4,35,11,40,15,101,6,2,8,109
11/19/2004,AFW,TX,ASW,CE,Towers with Radar,27,13,22,24,86,0,1,42,0,43,27,14,64,24,129,106,14,120,249
11/20/2004,AFW,TX,ASW,CE,Towers with Radar,6,2,28,12,48,0,2,12,0,14,6,4,40,12,62,2,0,2,64
11/21/2004,AFW,TX,ASW,CE,Towers with Radar,0,0,20,22,42,0,0,0,0,0,0,0,20,22,42,0,0,0,42
11/22/2004,AFW,TX,ASW,CE,Towers with Radar,2,10,7,3,22,0,0,0,0,0,2,10,7,3,22,0,0,0,22
11/23/2004,AFW,TX,ASW,CE,Towers with Radar,37,18,12,7,74,0,0,14,0,14,37,18,26,7,88,4,0,4,92
11/24/2004,AFW,TX,ASW,CE,Towers with Radar,43,12,28,11,94,0,0,33,0,33,43,12,61,11,127,152,26,178,305
11/25/2004,AFW,TX,ASW,CE,Towers with Radar,8,2,6,0,16,0,1,13,0,14,8,3,19,0,30,12,0,12,42
11/26/2004,AFW,TX,ASW,CE,Towers with Radar,15,3,11,1,30,0,3,23,0,26,15,6,34,1,56,22,0,22,78
11/27/2004,AFW,TX,ASW,CE,Towers with Radar,7,0,17,2,26,0,0,38,0,38,7,0,55,2,64,70,4,74,138
11/28/2004,AFW,TX,ASW,CE,Towers with Radar,2,2,20,2,26,0,0,17,0,17,2,2,37,2,43,38,0,38,81
11/29/2004,AFW,TX,ASW,CE,Towers with Radar,7,6,18,1,32,0,0,1,0,1,7,6,19,1,33,0,0,0,33
11/30/2004,AFW,TX,ASW,CE,Towers with Radar,43,14,19,14,90,0,0,20,3,23,43,14,39,17,113,26,12,38,151
12/01/2004,AFW,TX,ASW,CE,Towers with Radar,45,18,23,8,94,0,3,32,11,46,45,21,55,19,140,66,22,88,228
12/02/2004,AFW,TX,ASW,CE,Towers with Radar,42,19,35,14,110,0,2,47,3,52,42,21,82,17,162,54,16,70,232
12/03/2004,AFW,TX,ASW,CE,Towers with Radar,35,14,26,52,127,0,3,53,5,61,35,17,79,57,188,80,40,120,308
12/04/2004,AFW,TX,ASW,CE,Towers with Radar,12,1,30,31,74,0,0,54,1,55,12,1,84,32,129,70,30,100,229
12/05/2004,AFW,TX,ASW,CE,Towers with Radar,5,0,15,42,62,0,0,9,0,9,5,0,24,42,71,6,10,16,87
12/06/2004,AFW,TX,ASW,CE,Towers with Radar,7,5,24,9,45,0,0,21,0,21,7,5,45,9,66,30,0,30,96
12/07/2004,AFW,TX,ASW,CE,Towers with Radar,47,18,25,27,117,0,10,62,0,72,47,28,87,27,189,86,8,94,283
12/08/2004,AFW,TX,ASW,CE,Towers with Radar,41,12,35,4,92,0,24,43,0,67,41,36,78,4,159,122,8,130,289
12/09/2004,AFW,TX,ASW,CE,Towers with Radar,41,40,18,14,113,0,0,58,0,58,41,40,76,14,171,24,8,32,203
12/10/2004,AFW,TX,ASW,CE,Towers with Radar,37,17,15,63,132,0,3,50,0,53,37,20,65,63,185,78,36,114,299
12/11/2004,AFW,TX,ASW,CE,Towers with Radar,8,1,11,44,64,0,0,42,10,52,8,1,53,54,116,74,6,80,196
12/12/2004,AFW,TX,ASW,CE,Towers with Radar,0,2,15,50,67,0,0,43,3,46,0,2,58,53,113,110,32,142,255
12/13/2004,AFW,TX,ASW,CE,Towers with Radar,7,3,14,26,50,0,2,29,0,31,7,5,43,26,81,22,14,36,117
12/14/2004,AFW,TX,ASW,CE,Towers with Radar,43,20,20,14,97,0,1,52,2,55,43,21,72,16,152,78,26,104,256
12/15/2004,AFW,TX,ASW,CE,Towers with Radar,41,15,25,19,100,0,2,67,1,70,41,17,92,20,170,156,84,240,410
12/16/2004,AFW,TX,ASW,CE,Towers with Radar,43,18,15,32,108,0,2,72,7,81,43,20,87,39,189,142,56,198,387
12/17/2004,AFW,TX,ASW,CE,Towers with Radar,43,16,27,15,101,2,0,51,9,62,45,16,78,24,163,96,8,104,267
12/18/2004,AFW,TX,ASW,CE,Towers with Radar,34,8,20,45,107,0,0,50,2,52,34,8,70,47,159,72,52,124,283
12/19/2004,AFW,TX,ASW,CE,Towers with Radar,2,0,18,39,59,0,0,48,0,48,2,0,66,39,107,86,16,102,209
12/20/2004,AFW,TX,ASW,CE,Towers with Radar,9,1,15,5,30,0,0,27,0,27,9,1,42,5,57,32,0,32,89
12/21/2004,AFW,TX,ASW,CE,Towers with Radar,47,23,35,3,108,0,1,75,4,80,47,24,110,7,188,224,0,224,412
12/22/2004,AFW,TX,ASW,CE,Towers with Radar,44,13,8,0,65,0,1,0,0,1,44,14,8,0,66,0,0,0,66
12/23/2004,AFW,TX,ASW,CE,Towers with Radar,44,17,13,0,74,1,0,20,8,29,45,17,33,8,103,52,18,70,173
12/24/2004,AFW,TX,ASW,CE,Towers with Radar,32,11,9,0,52,1,2,15,0,18,33,13,24,0,70,2,0,2,72
12/25/2004,AFW,TX,ASW,CE,Towers with Radar,0,0,0,0,0,0,0,3,0,3,0,0,3,0,3,2,0,2,5
12/26/2004,AFW,TX,ASW,CE,Towers with Radar,3,3,18,0,24,0,0,32,0,32,3,3,50,0,56,36,0,36,92
12/27/2004,AFW,TX,ASW,CE,Towers with Radar,3,4,39,3,49,0,0,69,0,69,3,4,108,3,118,94,0,94,212
12/28/2004,AFW,TX,ASW,CE,Towers with Radar,26,8,12,13,59,0,0,28,0,28,26,8,40,13,87,44,12,56,143
12/29/2004,AFW,TX,ASW,CE,Towers with Radar,27,12,16,5,60,0,13,22,4,39,27,25,38,9,99,28,2,30,129
12/30/2004,AFW,TX,ASW,CE,Towers with Radar,27,15,8,0,50,0,2,27,0,29,27,17,35,0,79,16,0,16,95
12/31/2004,AFW,TX,ASW,CE,Towers with Radar,23,7,2,2,34,0,0,8,0,8,23,7,10,2,42,8,0,8,50
01/01/2005,AFW,TX,ASW,CE,Towers with Radar,0,1,11,0,12,0,0,8,0,8,0,1,19,0,20,8,0,8,28
01/02/2005,AFW,TX,ASW,CE,Towers with Radar,0,2,11,0,13,0,0,2,0,2,0,2,13,0,15,0,0,0,15
01/03/2005,AFW,TX,ASW,CE,Towers with Radar,4,7,9,0,20,0,0,5,0,5,4,7,14,0,25,12,0,12,37
01/04/2005,AFW,TX,ASW,CE,Towers with Radar,27,11,27,0,65,0,1,4,0,5,27,12,31,0,70,0,0,0,70
01/05/2005,AFW,TX,ASW,CE,Towers with Radar,26,11,19,20,76,0,0,0,0,0,26,11,19,20,76,0,0,0,76
01/06/2005,AFW,TX,ASW,CE,Towers with Radar,27,14,24,35,100,0,0,58,0,58,27,14,82,35,158,48,38,86,244
01/07/2005,AFW,TX,ASW,CE,Towers with Radar,27,6,23,47,103,0,6,47,7,60,27,12,70,54,163,84,46,130,293
01/08/2005,AFW,TX,ASW,CE,Towers with Radar,6,0,17,22,45,0,8,18,2,28,6,8,35,24,73,34,6,40,113
01/09/2005,AFW,TX,ASW,CE,Towers with Radar,0,1,16,7,24,0,0,30,2,32,0,1,46,9,56,52,28,80,136
01/10/2005,AFW,TX,ASW,CE,Towers with Radar,3,4,20,24,51,0,22,18,3,43,3,26,38,27,94,50,4,54,148
01/11/2005,AFW,TX,ASW,CE,Towers with Radar,27,11,19,33,90,0,33,50,5,88,27,44,69,38,178,106,22,128,306
01/12/2005,AFW,TX,ASW,CE,Towers with Radar,28,8,5,10,51,0,36,22,0,58,28,44,27,10,109,12,2,14,123
01/13/2005,AFW,TX,ASW,CE,Towers with Radar,35,9,15,23,82,0,22,56,0,78,35,31,71,23,160,66,8,74,234
01/14/2005,AFW,TX,ASW,CE,Towers with Radar,28,8,13,48,97,1,14,62,1,78,29,22,75,49,175,88,24,112,287
01/15/2005,AFW,TX,ASW,CE,Towers with Radar,7,0,27,36,70,0,0,56,6,62,7,0,83,42,132,124,22,146,278
01/16/2005,AFW,TX,ASW,CE,Towers with Radar,0,5,24,16,45,0,0,32,2,34,0,5,56,18,79,82,34,116,195
01/17/2005,AFW,TX,ASW,CE,Towers with Radar,3,14,25,17,59,0,14,93,2,109,3,28,118,19,168,96,12,108,276
01/18/2005,AFW,TX,ASW,CE,Towers with Radar,26,10,22,44,102,0,37,93,3,133,26,47,115,47,235,274,48,322,557
01/19/2005,AFW,TX,ASW,CE,Towers with Radar,32,23,18,20,93,0,7,91,2,100,32,30,109,22,193,254,22,276,469
01/20/2005,AFW,TX,ASW,CE,Towers with Radar,24,20,40,24,108,0,16,61,0,77,24,36,101,24,185,100,20,120,305
01/21/2005,AFW,TX,ASW,CE,Towers with Radar,24,10,27,25,86,0,15,83,5,103,24,25,110,30,189,98,110,208,397
01/22/2005,AFW,TX,ASW,CE,Towers with Radar,6,11,10,19,46,0,0,19,1,20,6,11,29,20,66,20,40,60,126
01/23/2005,AFW,TX,ASW,CE,Towers with Radar,0,0,19,26,45,0,0,37,0,37,0,0,56,26,82,108,14,122,204
01/24/2005,AFW,TX,ASW,CE,Towers with Radar,5,4,15,8,32,0,2,98,0,100,5,6,113,8,132,200,86,286,418
01/25/2005,AFW,TX,ASW,CE,Towers with Radar,29,27,16,9,81,0,0,92,7,99,29,27,108,16,180,166,52,218,398
01/26/2005,AFW,TX,ASW,CE,Towers with Radar,26,11,23,32,92,0,4,119,0,123,26,15,142,32,215,284,74,358,573
01/27/2005,AFW,TX,ASW,CE,Towers with Radar,27,31,20,2,80,0,0,55,0,55,27,31,75,2,135,62,0,62,197
01/28/2005,AFW,TX,ASW,CE,Towers with Radar,23,7,60,6,96,0,0,5,0,5,23,7,65,6,101,6,0,6,107
01/29/2005,AFW,TX,ASW,CE,Towers with Radar,8,3,21,37,69,0,0,9,0,9,8,3,30,37,78,20,32,52,130
01/30/2005,AFW,TX,ASW,CE,Towers with Radar,1,1,24,9,35,0,0,0,0,0,1,1,24,9,35,0,0,0,35
01/31/2005,AFW,TX,ASW,CE,Towers with Radar,6,4,20,30,60,0,2,40,2,44,6,6,60,32,104,22,24,46,150
02/01/2005,AFW,TX,ASW,CE,Towers with Radar,26,10,11,0,47,0,2,53,0,55,26,12,64,0,102,52,0,52,154
02/02/2005,AFW,TX,ASW,CE,Towers with Radar,25,17,30,6,78,0,0,32,0,32,25,17,62,6,110,78,0,78,188
02/03/2005,AFW,TX,ASW,CE,Towers with Radar,27,27,12,16,82,0,0,99,0,99,27,27,111,16,181,128,50,178,359
02/04/2005,AFW,TX,ASW,CE,Towers with Radar,26,13,27,40,106,0,2,58,7,67,26,15,85,47,173,76,42,118,291
02/05/2005,AFW,TX,ASW,CE,Towers with Radar,6,6,22,10,44,0,0,39,5,44,6,6,61,15,88,84,4,88,176
02/06/2005,AFW,TX,ASW,CE,Towers with Radar,0,1,11,14,26,0,0,10,0,10,0,1,21,14,36,64,0,64,100
02/07/2005,AFW,TX,ASW,CE,Towers with Radar,3,8,27,45,83,1,1,55,1,58,4,9,82,46,141,46,38,84,225
02/08/2005,AFW,TX,ASW,CE,Towers with Radar,25,12,29,18,84,0,0,14,0,14,25,12,43,18,98,56,8,64,162
02/09/2005,AFW,TX,ASW,CE,Towers with Radar,33,10,30,21,94,0,0,86,11,97,33,10,116,32,191,204,38,242,433
02/10/2005,AFW,TX,ASW,CE,Towers with Radar,33,13,40,19,105,0,0,97,0,97,33,13,137,19,202,92,24,116,318
02/11/2005,AFW,TX,ASW,CE,Towers with Radar,26,14,44,20,104,0,5,76,10,91,26,19,120,30,195,80,44,124,319
02/12/2005,AFW,TX,ASW,CE,Towers with Radar,6,7,25,18,56,0,2,5,4,11,6,9,30,22,67,2,8,10,77
02/13/2005,AFW,TX,ASW,CE,Towers with Radar,0,2,22,15,39,0,1,33,3,37,0,3,55,18,76,50,6,56,132
02/14/2005,AFW,TX,ASW,CE,Towers with Radar,2,3,35,16,56,0,4,124,1,129,2,7,159,17,185,178,14,192,377
02/15/2005,AFW,TX,ASW,CE,Towers with Radar,27,13,49,2,91,0,0,135,2,137,27,13,184,4,228,230,18,248,476
02/16/2005,AFW,TX,ASW,CE,Towers with Radar,26,15,27,20,88,0,2,82,2,86,26,17,109,22,174,168,38,206,380
02/17/2005,AFW,TX,ASW,CE,Towers with Radar,28,28,15,11,82,0,2,135,0,137,28,30,150,11,219,130,14,144,363
02/18/2005,AFW,TX,ASW,CE,Towers with Radar,23,15,27,8,73,0,0,55,5,60,23,15,82,13,133,90,4,94,227
02/19/2005,AFW,TX,ASW,CE,Towers with Radar,8,6,17,10,41,0,0,22,0,22,8,6,39,10,63,56,0,56,119
02/20/2005,AFW,TX,ASW,CE,Towers with Radar,1,5,5,6,17,0,0,30,2,32,1,5,35,8,49,46,0,46,95
02/21/2005,AFW,TX,ASW,CE,Towers with Radar,2,5,22,33,62,0,3,77,4,84,2,8,99,37,146,102,130,232,378
02/22/2005,AFW,TX,ASW,CE,Towers with Radar,27,17,83,32,159,0,0,72,0,72,27,17,155,32,231,118,60,178,409
02/23/2005,AFW,TX,ASW,CE,Towers with Radar,28,27,16,17,88,0,0,75,0,75,28,27,91,17,163,62,30,92,255
02/24/2005,AFW,TX,ASW,CE,Towers with Radar,28,18,20,17,83,0,0,74,0,74,28,18,94,17,157,98,20,118,275
02/25/2005,AFW,TX,ASW,CE,Towers with Radar,27,10,33,42,112,0,2,102,1,105,27,12,135,43,217,62,38,100,317
02/26/2005,AFW,TX,ASW,CE,Towers with Radar,7,1,22,14,44,0,0,22,0,22,7,1,44,14,66,88,0,88,154
02/27/2005,AFW,TX,ASW,CE,Towers with Radar,1,2,38,19,60,0,0,39,9,48,1,2,77,28,108,132,64,196,304
02/28/2005,AFW,TX,ASW,CE,Towers with Radar,2,9,26,18,55,0,3,103,2,108,2,12,129,20,163,110,0,110,273
03/01/2005,AFW,TX,ASW,CE,Towers with Radar,36,22,18,6,82,0,0,105,0,105,36,22,123,6,187,64,24,88,275
03/02/2005,AFW,TX,ASW,CE,Towers with Radar,33,22,59,3,117,0,0,0,0,0,33,22,59,3,117,12,0,12,129
03/03/2005,AFW,TX,ASW,CE,Towers with Radar,32,22,28,25,107,0,0,75,0,75,32,22,103,25,182,74,2,76,258
03/04/2005,AFW,TX,ASW,CE,Towers with Radar,31,9,23,42,105,0,4,28,2,34,31,13,51,44,139,8,28,36,175
03/05/2005,AFW,TX,ASW,CE,Towers with Radar,6,2,22,17,47,0,1,42,3,46,6,3,64,20,93,48,32,80,173
03/06/2005,AFW,TX,ASW,CE,Towers with Radar,0,1,24,24,49,0,0,19,5,24,0,1,43,29,73,58,32,90,163
03/07/2005,AFW,TX,ASW,CE,Towers with Radar,2,3,26,25,56,0,2,83,0,85,2,5,109,25,141,6,56,62,203
03/08/2005,AFW,TX,ASW,CE,Towers with Radar,39,14,29,4,86,0,0,113,0,113,39,14,142,4,199,136,0,136,335
03/09/2005,AFW,TX,ASW,CE,Towers with Radar,33,22,23,12,90,0,0,78,0,78,33,22,101,12,168,24,6,30,198
03/10/2005,AFW,TX,ASW,CE,Towers with Radar,29,15,24,3,71,0,0,127,0,127,29,15,151,3,198,112,6,118,316
03/11/2005,AFW,TX,ASW,CE,Towers with Radar,29,10,29,34,102,0,3,75,4,82,29,13,104,38,184,34,58,92,276
03/12/2005,AFW,TX,ASW,CE,Towers with Radar,10,7,11,24,52,0,2,26,3,31,10,9,37,27,83,34,26,60,143
03/13/2005,AFW,TX,ASW,CE,Towers with Radar,0,4,10,67,81,0,0,17,0,17,0,4,27,67,98,68,20,88,186
03/14/2005,AFW,TX,ASW,CE,Towers with Radar,5,3,21,30,59,0,2,87,1,90,5,5,108,31,149,18,0,18,167
03/15/2005,AFW,TX,ASW,CE,Towers with Radar,34,18,12,32,96,0,0,85,0,85,34,18,97,32,181,60,30,90,271
03/16/2005,AFW,TX,ASW,CE,Towers with Radar,36,14,16,3,69,0,5,57,3,65,36,19,73,6,134,92,12,104,238
03/17/2005,AFW,TX,ASW,CE,Towers with Radar,38,17,21,13,89,0,0,95,0,95,38,17,116,13,184,66,12,78,262
03/18/2005,AFW,TX,ASW,CE,Towers with Radar,30,12,36,44,122,0,3,83,3,89,30,15,119,47,211,30,28,58,269
03/19/2005,AFW,TX,ASW,CE,Towers with Radar,6,6,15,35,62,0,0,30,7,37,6,6,45,42,99,44,34,78,177
03/20/2005,AFW,TX,ASW,CE,Towers with Radar,2,2,14,61,79,0,0,41,3,44,2,2,55,64,123,90,128,218,341
03/21/2005,AFW,TX,ASW,CE,Towers with Radar,10,10,18,66,104,0,7,63,2,72,10,17,81,68,176,46,34,80,256
03/22/2005,AFW,TX,ASW,CE,Towers with Radar,37,25,28,22,112,0,0,110,5,115,37,25,138,27,227,126,36,162,389
03/23/2005,AFW,TX,ASW,CE,Towers with Radar,32,23,17,10,82,0,0,90,0,90,32,23,107,10,172,76,20,96,268
03/24/2005,AFW,TX,ASW,CE,Towers with Radar,34,16,25,14,89,0,5,68,0,73,34,21,93,14,162,82,16,98,260
03/25/2005,AFW,TX,ASW,CE,Towers with Radar,31,11,27,66,135,0,4,47,5,56,31,15,74,71,191,10,72,82,273
03/26/2005,AFW,TX,ASW,CE,Towers with Radar,6,2,20,9,37,0,0,0,0,0,6,2,20,9,37,0,0,0,37
03/27/2005,AFW,TX,ASW,CE,Towers with Radar,3,2,9,14,28,0,0,22,3,25,3,2,31,17,53,66,22,88,141
03/28/2005,AFW,TX,ASW,CE,Towers with Radar,7,10,32,28,77,0,3,115,0,118,7,13,147,28,195,188,24,212,407
03/29/2005,AFW,TX,ASW,CE,Towers with Radar,32,18,20,23,93,0,0,83,0,83,32,18,103,23,176,56,10,66,242
03/30/2005,AFW,TX,ASW,CE,Towers with Radar,32,13,38,13,96,0,5,119,3,127,32,18,157,16,223,174,0,174,397
03/31/2005,AFW,TX,ASW,CE,Towers with Radar,36,24,15,22,97,0,0,109,0,109,36,24,124,22,206,114,50,164,370
04/01/2005,AFW,TX,ASW,CE,Towers with Radar,32,9,33,22,96,0,7,58,5,70,32,16,91,27,166,28,22,50,216
04/02/2005,AFW,TX,ASW,CE,Towers with Radar,6,2,16,39,63,0,3,54,5,62,6,5,70,44,125,104,72,176,301
04/03/2005,AFW,TX,ASW,CE,Towers with Radar,0,3,26,36,65,0,0,26,3,29,0,3,52,39,94,46,72,118,212
04/04/2005,AFW,TX,ASW,CE,Towers with Radar,4,9,30,19,62,0,4,58,12,74,4,13,88,31,136,76,14,90,226
04/05/2005,AFW,TX,ASW,CE,Towers with Radar,36,22,30,10,98,0,1,77,2,80,36,23,107,12,178,42,14,56,234
04/06/2005,AFW,TX,ASW,CE,Towers with Radar,31,19,22,26,98,0,0,56,15,71,31,19,78,41,169,22,24,46,215
04/07/2005,AFW,TX,ASW,CE,Towers with Radar,33,20,23,7,83,0,8,74,0,82,33,28,97,7,165,52,0,52,217
04/08/2005,AFW,TX,ASW,CE,Towers with Radar,28,14,40,38,120,0,2,70,0,72,28,16,110,38,192,128,26,154,346
04/09/2005,AFW,TX,ASW,CE,Towers with Radar,6,2,19,12,39,0,1,21,0,22,6,3,40,12,61,44,4,48,109
04/10/2005,AFW,TX,ASW,CE,Towers with Radar,2,9,7,14,32,0,0,10,0,10,2,9,17,14,42,0,0,0,42
04/11/2005,AFW,TX,ASW,CE,Towers with Radar,4,7,24,17,52,0,1,76,1,78,4,8,100,18,130,86,14,100,230
04/12/2005,AFW,TX,ASW,CE,Towers with Radar,33,16,25,17,91,0,2,123,4,129,33,18,148,21,220,154,32,186,406
04/13/2005,AFW,TX,ASW,CE,Towers with Radar,36,17,57,31,141,1,8,132,3,144,37,25,189,34,285,200,66,266,551
04/14/2005,AFW,TX,ASW,CE,Towers with Radar,37,19,78,36,170,0,5,110,3,118,37,24,188,39,288,88,34,122,410
04/15/2005,AFW,TX,ASW,CE,Towers with Radar,28,12,56,44,140,0,3,100,4,107,28,15,156,48,247,60,72,132,379
04/16/2005,AFW,TX,ASW,CE,Towers with Radar,11,5,67,40,123,0,21,40,6,67,11,26,107,46,190,34,26,60,250
04/17/2005,AFW,TX,ASW,CE,Towers with Radar,8,11,144,22,185,0,155,51,6,212,8,166,195,28,397,14,14,28,425
04/18/2005,AFW,TX,ASW,CE,Towers with Radar,3,13,20,15,51,0,5,56,2,63,3,18,76,17,114,26,6,32,146
04/19/2005,AFW,TX,ASW,CE,Towers with Radar,38,20,34,32,124,0,5,80,1,86,38,25,114,33,210,124,76,200,410
04/20/2005,AFW,TX,ASW,CE,Towers with Radar,31,17,35,22,105,0,4,68,9,81,31,21,103,31,186,66,6,72,258
04/21/2005,AFW,TX,ASW,CE,Towers with Radar,32,18,30,22,102,0,6,83,0,89,32,24,113,22,191,70,0,70,261
04/22/2005,AFW,TX,ASW,CE,Towers with Radar,28,10,29,45,112,0,4,65,5,74,28,14,94,50,186,72,94,166,352
04/23/2005,AFW,TX,ASW,CE,Towers with Radar,6,2,14,26,48,0,0,58,3,61,6,2,72,29,109,94,12,106,215
04/24/2005,AFW,TX,ASW,CE,Towers with Radar,0,3,17,10,30,0,0,32,2,34,0,3,49,12,64,78,2,80,144
04/25/2005,AFW,TX,ASW,CE,Towers with Radar,6,5,21,9,41,0,4,97,1,102,6,9,118,10,143,64,16,80,223
04/26/2005,AFW,TX,ASW,CE,Towers with Radar,30,14,27,10,81,0,1,97,6,104,30,15,124,16,185,114,30,144,329
04/27/2005,AFW,TX,ASW,CE,Towers with Radar,30,23,36,19,108,0,1,106,4,111,30,24,142,23,219,86,6,92,311
04/28/2005,AFW,TX,ASW,CE,Towers with Radar,32,17,26,13,88,0,0,62,0,62,32,17,88,13,150,122,14,136,286
04/29/2005,AFW,TX,ASW,CE,Towers with Radar,30,13,38,61,142,0,0,47,0,47,30,13,85,61,189,40,50,90,279
04/30/2005,AFW,TX,ASW,CE,Towers with Radar,6,1,14,48,69,0,0,40,0,40,6,1,54,48,109,104,46,150,259
05/01/2005,AFW,TX,ASW,CE,Towers with Radar,1,2,21,33,57,0,2,42,4,48,1,4,63,37,105,58,80,138,243
05/02/2005,AFW,TX,ASW,CE,Towers with Radar,3,4,33,39,79,0,3,86,0,89,3,7,119,39,168,64,28,92,260
05/03/2005,AFW,TX,ASW,CE,Towers with Radar,33,20,28,40,121,0,6,95,0,101,33,26,123,40,222,142,30,172,394
05/04/2005,AFW,TX,ASW,CE,Towers with Radar,34,19,48,2,103,0,0,33,0,33,34,19,81,2,136,90,6,96,232
05/05/2005,AFW,TX,ASW,CE,Towers with Radar,42,12,26,4,84,0,5,72,7,84,42,17,98,11,168,40,28,68,236
05/06/2005,AFW,TX,ASW,CE,Towers with Radar,32,12,26,49,119,0,3,68,16,87,32,15,94,65,206,96,36,132,338
05/07/2005,AFW,TX,ASW,CE,Towers with Radar,9,5,16,33,63,0,1,21,7,29,9,6,37,40,92,56,56,112,204
05/08/2005,AFW,TX,ASW,CE,Towers with Radar,2,1,11,9,23,0,0,26,1,27,2,1,37,10,50,0,4,4,54
05/09/2005,AFW,TX,ASW,CE,Towers with Radar,5,7,34,8,54,0,5,74,1,80,5,12,108,9,134,22,4,26,160
05/10/2005,AFW,TX,ASW,CE,Towers with Radar,30,20,43,9,102,0,6,82,6,94,30,26,125,15,196,84,28,112,308
05/11/2005,AFW,TX,ASW,CE,Towers with Radar,33,14,31,13,91,0,17,77,2,96,33,31,108,15,187,104,24,128,315
05/12/2005,AFW,TX,ASW,CE,Towers with Radar,30,13,48,53,144,0,23,74,3,100,30,36,122,56,244,36,42,78,322
05/13/2005,AFW,TX,ASW,CE,Towers with Radar,28,9,30,44,111,0,7,36,8,51,28,16,66,52,162,44,30,74,236
05/14/2005,AFW,TX,ASW,CE,Towers with Radar,12,1,16,32,61,0,0,24,0,24,12,1,40,32,85,72,24,96,181
05/15/2005,AFW,TX,ASW,CE,Towers with Radar,1,6,24,19,50,0,0,65,4,69,1,6,89,23,119,114,54,168,287
05/16/2005,AFW,TX,ASW,CE,Towers with Radar,3,3,24,16,46,0,5,102,4,111,3,8,126,20,157,58,52,110,267
05/17/2005,AFW,TX,ASW,CE,Towers with Radar,33,17,38,22,110,0,1,120,6,127,33,18,158,28,237,144,32,176,413
05/18/2005,AFW,TX,ASW,CE,Towers with Radar,31,19,24,22,96,0,0,72,0,72,31,19,96,22,168,18,34,52,220
05/19/2005,AFW,TX,ASW,CE,Towers with Radar,31,20,33,31,115,0,7,98,0,105,31,27,131,31,220,120,30,150,370
05/20/2005,AFW,TX,ASW,CE,Towers with Radar,27,11,21,28,87,0,0,71,10,81,27,11,92,38,168,34,30,64,232
05/21/2005,AFW,TX,ASW,CE,Towers with Radar,9,3,18,20,50,0,0,49,2,51,9,3,67,22,101,48,20,68,169
05/22/2005,AFW,TX,ASW,CE,Towers with Radar,0,1,16,15,32,0,0,46,0,46,0,1,62,15,78,0,2,2,80
05/23/2005,AFW,TX,ASW,CE,Towers with Radar,6,9,23,1,39,0,0,69,4,73,6,9,92,5,112,50,0,50,162
05/24/2005,AFW,TX,ASW,CE,Towers with Radar,31,20,41,15,107,0,0,120,0,120,31,20,161,15,227,58,26,84,311
05/25/2005,AFW,TX,ASW,CE,Towers with Radar,38,16,30,9,93,0,0,74,0,74,38,16,104,9,167,74,30,104,271
05/26/2005,AFW,TX,ASW,CE,Towers with Radar,33,19,35,18,105,0,0,91,0,91,33,19,126,18,196,68,8,76,272
05/27/2005,AFW,TX,ASW,CE,Towers with Radar,30,9,30,3,72,7,0,72,4,83,37,9,102,7,155,60,2,62,217
05/28/2005,AFW,TX,ASW,CE,Towers with Radar,11,3,9,1,24,0,0,1,0,1,11,3,10,1,25,0,0,0,25
05/29/2005,AFW,TX,ASW,CE,Towers with Radar,0,1,13,3,17,0,0,18,0,18,0,1,31,3,35,18,0,18,53
05/30/2005,AFW,TX,ASW,CE,Towers with Radar,0,1,24,7,32,0,0,17,2,19,0,1,41,9,51,36,10,46,97
05/31/2005,AFW,TX,ASW,CE,Towers with Radar,8,6,60,22,96,0,3,81,4,88,8,9,141,26,184,98,52,150,334
06/01/2005,AFW,TX,ASW,CE,Towers with Radar,35,29,11,43,118,0,0,73,0,73,35,29,84,43,191,42,38,80,271
06/02/2005,AFW,TX,ASW,CE,Towers with Radar,32,21,34,8,95,0,5,94,2,101,32,26,128,10,196,90,14,104,300
06/03/2005,AFW,TX,ASW,CE,Towers with Radar,31,14,33,15,93,0,0,84,5,89,31,14,117,20,182,130,16,146,328
06/04/2005,AFW,TX,ASW,CE,Towers with Radar,6,3,13,10,32,0,0,28,7,35,6,3,41,17,67,36,0,36,103
06/05/2005,AFW,TX,ASW,CE,Towers with Radar,0,0,35,32,67,0,1,52,3,56,0,1,87,35,123,94,36,130,253
06/06/2005,AFW,TX,ASW,CE,Towers with Radar,4,13,22,12,51,0,5,111,4,120,4,18,133,16,171,156,10,166,337
06/07/2005,AFW,TX,ASW,CE,Towers with Radar,33,28,17,26,104,0,0,113,0,113,33,28,130,26,217,156,30,186,403
06/08/2005,AFW,TX,ASW,CE,Towers with Radar,36,18,37,11,102,0,7,94,1,102,36,25,131,12,204,118,14,132,336
06/09/2005,AFW,TX,ASW,CE,Towers with Radar,38,16,34,15,103,4,7,67,3,81,42,23,101,18,184,98,40,138,322
06/10/2005,AFW,TX,ASW,CE,Towers with Radar,30,11,49,35,125,0,19,82,0,101,30,30,131,35,226,26,38,64,290
06/11/2005,AFW,TX,ASW,CE,Towers with Radar,8,9,51,11,79,0,32,115,9,156,8,41,166,20,235,24,14,38,273
06/12/2005,AFW,TX,ASW,CE,Towers with Radar,3,3,13,9,28,0,2,56,5,63,3,5,69,14,91,84,12,96,187
06/13/2005,AFW,TX,ASW,CE,Towers with Radar,4,4,39,9,56,0,3,74,3,80,4,7,113,12,136,62,0,62,198
06/14/2005,AFW,TX,ASW,CE,Towers with Radar,34,19,29,18,100,0,6,113,0,119,34,25,142,18,219,156,12,168,387
06/15/2005,AFW,TX,ASW,CE,Towers with Radar,33,17,18,5,73,0,8,118,1,127,33,25,136,6,200,122,6,128,328
06/16/2005,AFW,TX,ASW,CE,Towers with Radar,32,16,29,31,108,0,1,80,4,85,32,17,109,35,193,94,22,116,309
06/17/2005,AFW,TX,ASW,CE,Towers with Radar,30,8,31,36,105,0,4,65,10,79,30,12,96,46,184,102,40,142,326
06/18/2005,AFW,TX,ASW,CE,Towers with Radar,8,2,9,43,62,0,0,16,5,21,8,2,25,48,83,68,0,68,151
06/19/2005,AFW,TX,ASW,CE,Towers with Radar,0,1,10,18,29,0,0,24,1,25,0,1,34,19,54,48,0,48,102
06/20/2005,AFW,TX,ASW,CE,Towers with Radar,5,8,22,10,45,0,0,107,5,112,5,8,129,15,157,122,20,142,299
06/21/2005,AFW,TX,ASW,CE,Towers with Radar,32,16,26,12,86,0,0,94,0,94,32,16,120,12,180,50,24,74,254
06/22/2005,AFW,TX,ASW,CE,Towers with Radar,34,18,28,5,85,0,4,81,0,85,34,22,109,5,170,142,0,142,312
06/23/2005,AFW,TX,ASW,CE,Towers with Radar,38,28,13,12,91,0,0,89,0,89,38,28,102,12,180,62,28,90,270
06/24/2005,AFW,TX,ASW,CE,Towers with Radar,33,10,19,22,84,0,2,66,4,72,33,12,85,26,156,88,34,122,278
06/25/2005,AFW,TX,ASW,CE,Towers with Radar,12,2,28,24,66,0,0,39,10,49,12,2,67,34,115,42,12,54,169
06/26/2005,AFW,TX,ASW,CE,Towers with Radar,6,2,10,18,36,0,1,32,2,35,6,3,42,20,71,50,6,56,127
06/27/2005,AFW,TX,ASW,CE,Towers with Radar,4,5,16,13,38,0,3,123,3,129,4,8,139,16,167,120,46,166,333
06/28/2005,AFW,TX,ASW,CE,Towers with Radar,34,11,26,24,95,0,2,122,0,124,34,13,148,24,219,214,26,240,459
06/29/2005,AFW,TX,ASW,CE,Towers with Radar,32,11,29,10,82,0,0,115,5,120,32,11,144,15,202,168,102,270,472
06/30/2005,AFW,TX,ASW,CE,Towers with Radar,34,11,30,16,91,0,2,94,4,100,34,13,124,20,191,174,50,224,415
07/01/2005,AFW,TX,ASW,CE,Towers with Radar,27,7,19,6,59,0,4,31,8,43,27,11,50,14,102,56,8,64,166
07/02/2005,AFW,TX,ASW,CE,Towers with Radar,7,0,9,6,22,0,2,17,1,20,7,2,26,7,42,4,8,12,54
07/03/2005,AFW,TX,ASW,CE,Towers with Radar,0,0,8,10,18,0,30,4,0,34,0,30,12,10,52,8,0,8,60
07/04/2005,AFW,TX,ASW,CE,Towers with Radar,0,0,6,10,16,0,0,6,1,7,0,0,12,11,23,0,6,6,29
07/05/2005,AFW,TX,ASW,CE,Towers with Radar,6,7,28,11,52,10,0,35,5,50,16,7,63,16,102,132,0,132,234
07/06/2005,AFW,TX,ASW,CE,Towers with Radar,32,16,22,7,77,0,0,63,3,66,32,16,85,10,143,96,62,158,301
07/07/2005,AFW,TX,ASW,CE,Towers with Radar,32,11,23,4,70,0,0,10,0,10,32,11,33,4,80,0,8,8,88
07/08/2005,AFW,TX,ASW,CE,Towers with Radar,30,12,12,51,105,2,2,39,12,55,32,14,51,63,160,110,114,224,384
07/09/2005,AFW,TX,ASW,CE,Towers with Radar,8,4,10,64,86,0,0,25,8,33,8,4,35,72,119,54,74,128,247
07/10/2005,AFW,TX,ASW,CE,Towers with Radar,2,2,14,70,88,0,0,37,0,37,2,2,51,70,125,22,462,484,609
07/11/2005,AFW,TX,ASW,CE,Towers with Radar,5,8,20,43,76,0,1,55,3,59,5,9,75,46,135,64,42,106,241
07/12/2005,AFW,TX,ASW,CE,Towers with Radar,33,15,26,37,111,0,4,84,7,95,33,19,110,44,206,82,124,206,412
07/13/2005,AFW,TX,ASW,CE,Towers with Radar,35,19,24,16,94,0,14,71,3,88,35,33,95,19,182,46,0,46,228
07/14/2005,AFW,TX,ASW,CE,Towers with Radar,32,15,35,7,89,0,7,77,0,84,32,22,112,7,173,76,8,84,257
07/15/2005,AFW,TX,ASW,CE,Towers with Radar,30,10,26,27,93,0,8,48,4,60,30,18,74,31,153,44,50,94,247
07/16/2005,AFW,TX,ASW,CE,Towers with Radar,7,1,12,19,39,0,0,18,2,20,7,1,30,21,59,36,12,48,107
07/17/2005,AFW,TX,ASW,CE,Towers with Radar,0,3,12,16,31,0,0,28,0,28,0,3,40,16,59,82,0,82,141
07/18/2005,AFW,TX,ASW,CE,Towers with Radar,4,4,22,27,57,0,2,52,5,59,4,6,74,32,116,50,12,62,178
07/19/2005,AFW,TX,ASW,CE,Towers with Radar,33,14,19,11,77,0,0,100,0,100,33,14,119,11,177,110,22,132,309
07/20/2005,AFW,TX,ASW,CE,Towers with Radar,40,9,13,13,75,0,3,80,5,88,40,12,93,18,163,72,8,80,243
07/21/2005,AFW,TX,ASW,CE,Towers with Radar,34,10,39,16,99,0,2,60,1,63,34,12,99,17,162,90,32,122,284
07/22/2005,AFW,TX,ASW,CE,Towers with Radar,28,10,30,27,95,0,9,61,6,76,28,19,91,33,171,70,38,108,279
07/23/2005,AFW,TX,ASW,CE,Towers with Radar,8,2,17,31,58,0,0,35,0,35,8,2,52,31,93,40,10,50,143
07/24/2005,AFW,TX,ASW,CE,Towers with Radar,0,0,9,17,26,0,0,24,0,24,0,0,33,17,50,48,0,48,98
07/25/2005,AFW,TX,ASW,CE,Towers with Radar,5,14,27,30,76,0,2,77,5,84,5,16,104,35,160,74,36,110,270
07/26/2005,AFW,TX,ASW,CE,Towers with Radar,34,22,25,20,101,0,0,86,0,86,34,22,111,20,187,154,22,176,363
07/27/2005,AFW,TX,ASW,CE,Towers with Radar,33,12,26,4,75,0,0,53,0,53,33,12,79,4,128,46,8,54,182
07/28/2005,AFW,TX,ASW,CE,Towers with Radar,32,19,48,11,110,0,8,56,2,66,32,27,104,13,176,66,20,86,262
07/29/2005,AFW,TX,ASW,CE,Towers with Radar,35,14,21,43,113,0,4,100,7,111,35,18,121,50,224,138,48,186,410
07/30/2005,AFW,TX,ASW,CE,Towers with Radar,7,0,28,41,76,0,1,40,4,45,7,1,68,45,121,80,14,94,215
07/31/2005,AFW,TX,ASW,CE,Towers with Radar,0,0,23,35,58,0,0,21,8,29,0,0,44,43,87,2,78,80,167
08/01/2005,AFW,TX,ASW,CE,Towers with Radar,5,6,26,8,45,0,0,67,0,67,5,6,93,8,112,72,6,78,190
08/02/2005,AFW,TX,ASW,CE,Towers with Radar,32,19,62,11,124,0,0,121,0,121,32,19,183,11,245,150,16,166,411
08/03/2005,AFW,TX,ASW,CE,Towers with Radar,29,14,60,9,112,0,0,74,0,74,29,14,134,9,186,126,20,146,332
08/04/2005,AFW,TX,ASW,CE,Towers with Radar,34,12,31,8,85,0,0,76,0,76,34,12,107,8,161,98,48,146,307
08/05/2005,AFW,TX,ASW,CE,Towers with Radar,30,13,35,18,96,0,0,66,7,73,30,13,101,25,169,56,68,124,293
08/06/2005,AFW,TX,ASW,CE,Towers with Radar,6,4,14,10,34,0,0,37,3,40,6,4,51,13,74,112,52,164,238
08/07/2005,AFW,TX,ASW,CE,Towers with Radar,2,6,16,6,30,0,0,26,4,30,2,6,42,10,60,50,0,50,110
08/08/2005,AFW,TX,ASW,CE,Towers with Radar,3,7,21,2,33,0,0,56,1,57,3,7,77,3,90,26,0,26,116
08/09/2005,AFW,TX,ASW,CE,Towers with Radar,38,16,34,1,89,0,0,75,1,76,38,16,109,2,165,46,2,48,213
08/10/2005,AFW,TX,ASW,CE,Towers with Radar,32,17,34,15,98,0,0,84,0,84,32,17,118,15,182,40,0,40,222
08/11/2005,AFW,TX,ASW,CE,Towers with Radar,32,14,38,15,99,0,2,54,4,60,32,16,92,19,159,62,10,72,231
08/12/2005,AFW,TX,ASW,CE,Towers with Radar,29,17,27,40,113,0,6,69,10,85,29,23,96,50,198,106,46,152,350
08/13/2005,AFW,TX,ASW,CE,Towers with Radar,6,2,15,25,48,0,0,35,13,48,6,2,50,38,96,106,66,172,268
08/14/2005,AFW,TX,ASW,CE,Towers with Radar,4,6,11,29,50,0,1,15,0,16,4,7,26,29,66,56,26,82,148
08/15/2005,AFW,TX,ASW,CE,Towers with Radar,9,9,24,16,58,0,4,53,0,57,9,13,77,16,115,44,16,60,175
08/16/2005,AFW,TX,ASW,CE,Towers with Radar,37,13,33,2,85,0,0,64,2,66,37,13,97,4,151,100,0,100,251
08/17/2005,AFW,TX,ASW,CE,Towers with Radar,44,26,27,11,108,0,3,82,10,95,44,29,109,21,203,82,34,116,319
08/18/2005,AFW,TX,ASW,CE,Towers with Radar,34,15,23,3,75,0,0,90,4,94,34,15,113,7,169,124,2,126,295
08/19/2005,AFW,TX,ASW,CE,Towers with Radar,31,12,19,58,120,1,1,79,3,84,32,13,98,61,204,66,94,160,364
08/20/2005,AFW,TX,ASW,CE,Towers with Radar,6,1,16,47,70,0,0,26,11,37,6,1,42,58,107,58,6,64,171
08/21/2005,AFW,TX,ASW,CE,Towers with Radar,0,9,20,56,85,0,0,55,19,74,0,9,75,75,159,78,54,132,291
08/22/2005,AFW,TX,ASW,CE,Towers with Radar,3,2,25,22,52,0,3,60,8,71,3,5,85,30,123,84,34,118,241
08/23/2005,AFW,TX,ASW,CE,Towers with Radar,33,21,22,25,101,0,1,62,11,74,33,22,84,36,175,66,74,140,315
08/24/2005,AFW,TX,ASW,CE,Towers with Radar,40,23,34,24,121,0,0,92,0,92,40,23,126,24,213,52,14,66,279
08/25/2005,AFW,TX,ASW,CE,Towers with Radar,36,17,34,12,99,0,1,68,2,71,36,18,102,14,170,50,10,60,230
08/26/2005,AFW,TX,ASW,CE,Towers with Radar,27,18,14,37,96,1,2,81,4,88,28,20,95,41,184,84,50,134,318
08/27/2005,AFW,TX,ASW,CE,Towers with Radar,6,4,11,43,64,0,1,36,3,40,6,5,47,46,104,82,40,122,226
08/28/2005,AFW,TX,ASW,CE,Towers with Radar,0,2,32,57,91,0,0,32,0,32,0,2,64,57,123,50,86,136,259
08/29/2005,AFW,TX,ASW,CE,Towers with Radar,3,3,19,45,70,0,0,61,6,67,3,3,80,51,137,30,202,232,369
08/30/2005,AFW,TX,ASW,CE,Towers with Radar,37,20,12,38,107,0,0,69,0,69,37,20,81,38,176,50,22,72,248
08/31/2005,AFW,TX,ASW,CE,Towers with Radar,35,15,25,29,104,0,6,71,11,88,35,21,96,40,192,62,116,178,370
09/01/2005,AFW,TX,ASW,CE,Towers with Radar,34,20,13,34,101,0,3,87,0,90,34,23,100,34,191,24,46,70,261
09/02/2005,AFW,TX,ASW,CE,Towers with Radar,31,11,39,21,102,0,0,54,10,64,31,11,93,31,166,40,38,78,244
09/03/2005,AFW,TX,ASW,CE,Towers with Radar,16,4,27,4,51,0,2,34,0,36,16,6,61,4,87,56,6,62,149
09/04/2005,AFW,TX,ASW,CE,Towers with Radar,26,2,4,3,35,0,0,21,6,27,26,2,25,9,62,24,14,38,100
09/05/2005,AFW,TX,ASW,CE,Towers with Radar,7,6,11,12,36,0,2,59,2,63,7,8,70,14,99,62,22,84,183
09/06/2005,AFW,TX,ASW,CE,Towers with Radar,19,7,15,57,98,0,3,36,2,41,19,10,51,59,139,54,52,106,245
09/07/2005,AFW,TX,ASW,CE,Towers with Radar,45,18,30,17,110,0,3,64,3,70,45,21,94,20,180,98,46,144,324
09/08/2005,AFW,TX,ASW,CE,Towers with Radar,38,15,35,4,92,0,1,76,2,79,38,16,111,6,171,78,0,78,249
09/09/2005,AFW,TX,ASW,CE,Towers with Radar,34,13,31,25,103,0,3,53,2,58,34,16,84,27,161,52,14,66,227
09/10/2005,AFW,TX,ASW,CE,Towers with Radar,11,2,15,22,50,0,0,22,2,24,11,2,37,24,74,54,10,64,138
09/11/2005,AFW,TX,ASW,CE,Towers with Radar,2,3,13,12,30,0,1,14,1,16,2,4,27,13,46,18,2,20,66
09/12/2005,AFW,TX,ASW,CE,Towers with Radar,6,12,19,24,61,0,4,61,0,65,6,16,80,24,126,28,14,42,168
09/13/2005,AFW,TX,ASW,CE,Towers with Radar,38,30,20,51,139,0,0,47,0,47,38,30,67,51,186,50,22,72,258
09/14/2005,AFW,TX,ASW,CE,Towers with Radar,33,16,24,12,85,0,5,64,4,73,33,21,88,16,158,38,36,74,232
09/15/2005,AFW,TX,ASW,CE,Towers with Radar,35,21,14,18,88,0,0,57,0,57,35,21,71,18,145,22,14,36,181
09/16/2005,AFW,TX,ASW,CE,Towers with Radar,29,15,41,31,116,0,3,68,12,83,29,18,109,43,199,32,38,70,269
09/17/2005,AFW,TX,ASW,CE,Towers with Radar,9,6,16,47,78,1,0,34,3,38,10,6,50,50,116,42,64,106,222
09/18/2005,AFW,TX,ASW,CE,Towers with Radar,0,10,17,36,63,0,0,27,6,33,0,10,44,42,96,30,40,70,166
09/19/2005,AFW,TX,ASW,CE,Towers with Radar,4,7,18,9,38,0,0,91,5,96,4,7,109,14,134,98,6,104,238
09/20/2005,AFW,TX,ASW,CE,Towers with Radar,38,22,17,11,88,0,2,86,1,89,38,24,103,12,177,20,14,34,211
09/21/2005,AFW,TX,ASW,CE,Towers with Radar,33,14,29,9,85,0,5,83,9,97,33,19,112,18,182,28,74,102,284
09/22/2005,AFW,TX,ASW,CE,Towers with Radar,35,23,16,8,82,0,4,74,8,86,35,27,90,16,168,34,6,40,208
09/23/2005,AFW,TX,ASW,CE,Towers with Radar,34,8,11,8,61,0,2,55,1,58,34,10,66,9,119,34,10,44,163
09/24/2005,AFW,TX,ASW,CE,Towers with Radar,7,3,9,5,24,0,3,14,0,17,7,6,23,5,41,34,14,48,89
09/25/2005,AFW,TX,ASW,CE,Towers with Radar,0,3,18,4,25,0,1,19,2,22,0,4,37,6,47,18,0,18,65
09/26/2005,AFW,TX,ASW,CE,Towers with Radar,6,9,9,5,29,0,1,37,0,38,6,10,46,5,67,26,2,28,95
09/27/2005,AFW,TX,ASW,CE,Towers with Radar,37,22,12,17,88,0,0,66,0,66,37,22,78,17,154,88,36,124,278
09/28/2005,AFW,TX,ASW,CE,Towers with Radar,36,21,22,10,89,0,3,88,5,96,36,24,110,15,185,100,18,118,303
09/29/2005,AFW,TX,ASW,CE,Towers with Radar,42,26,21,7,96,0,0,118,0,118,42,26,139,7,214,60,0,60,274
09/30/2005,AFW,TX,ASW,CE,Towers with Radar,28,11,27,4,70,0,5,74,5,84,28,16,101,9,154,78,8,86,240
10/01/2005,AFW,TX,ASW,CE,Towers with Radar,7,3,14,0,24,0,0,22,5,27,7,3,36,5,51,38,4,42,93
10/02/2005,AFW,TX,ASW,CE,Towers with Radar,2,4,21,1,28,0,0,19,3,22,2,4,40,4,50,20,0,20,70
10/03/2005,AFW,TX,ASW,CE,Towers with Radar,5,10,31,35,81,0,0,46,3,49,5,10,77,38,130,12,20,32,162
10/04/2005,AFW,TX,ASW,CE,Towers with Radar,35,15,16,15,81,0,8,69,5,82,35,23,85,20,163,28,84,112,275
10/05/2005,AFW,TX,ASW,CE,Towers with Radar,38,13,28,26,105,0,2,77,9,88,38,15,105,35,193,92,22,114,307
10/06/2005,AFW,TX,ASW,CE,Towers with Radar,41,13,26,14,94,0,2,50,0,52,41,15,76,14,146,22,10,32,178
10/07/2005,AFW,TX,ASW,CE,Towers with Radar,40,10,36,31,117,0,0,58,3,61,40,10,94,34,178,58,18,76,254
10/08/2005,AFW,TX,ASW,CE,Towers with Radar,9,1,16,22,48,0,0,37,0,37,9,1,53,22,85,104,8,112,197
10/09/2005,AFW,TX,ASW,CE,Towers with Radar,0,7,17,29,53,0,0,29,2,31,0,7,46,31,84,68,16,84,168
10/10/2005,AFW,TX,ASW,CE,Towers with Radar,6,4,31,55,96,6,0,58,5,69,12,4,89,60,165,84,28,112,277
10/11/2005,AFW,TX,ASW,CE,Towers with Radar,35,25,20,37,117,0,0,54,0,54,35,25,74,37,171,18,4,22,193
10/12/2005,AFW,TX,ASW,CE,Towers with Radar,38,15,29,12,94,0,4,79,5,88,38,19,108,17,182,62,80,142,324
10/13/2005,AFW,TX,ASW,CE,Towers with Radar,37,17,13,42,109,0,0,85,0,85,37,17,98,42,194,68,56,124,318
10/14/2005,AFW,TX,ASW,CE,Towers with Radar,34,11,30,75,150,0,4,77,2,83,34,15,107,77,233,68,46,114,347
10/15/2005,AFW,TX,ASW,CE,Towers with Radar,6,9,15,22,52,0,0,34,6,40,6,9,49,28,92,64,2,66,158
10/16/2005,AFW,TX,ASW,CE,Towers with Radar,0,4,16,20,40,0,0,39,3,42,0,4,55,23,82,68,14,82,164
10/17/2005,AFW,TX,ASW,CE,Towers with Radar,8,5,27,13,53,0,0,72,5,77,8,5,99,18,130,80,34,114,244
10/18/2005,AFW,TX,ASW,CE,Towers with Radar,36,12,30,36,114,0,3,91,1,95,36,15,121,37,209,136,90,226,435
10/19/2005,AFW,TX,ASW,CE,Towers with Radar,37,21,32,9,99,0,18,137,2,157,37,39,169,11,256,244,4,248,504
10/20/2005,AFW,TX,ASW,CE,Towers with Radar,41,10,17,19,87,0,0,103,8,111,41,10,120,27,198,148,36,184,382
10/21/2005,AFW,TX,ASW,CE,Towers with Radar,37,12,32,35,116,0,8,75,1,84,37,20,107,36,200,94,18,112,312
10/22/2005,AFW,TX,ASW,CE,Towers with Radar,8,3,21,32,64,2,4,37,3,46,10,7,58,35,110,52,30,82,192
10/23/2005,AFW,TX,ASW,CE,Towers with Radar,1,1,16,32,50,0,0,4,6,10,1,1,20,38,60,10,16,26,86
10/24/2005,AFW,TX,ASW,CE,Towers with Radar,5,6,32,29,72,0,0,86,6,92,5,6,118,35,164,106,30,136,300
10/25/2005,AFW,TX,ASW,CE,Towers with Radar,38,16,37,33,124,0,0,101,13,114,38,16,138,46,238,174,26,200,438
10/26/2005,AFW,TX,ASW,CE,Towers with Radar,35,21,17,39,112,0,0,101,0,101,35,21,118,39,213,52,4,56,269
10/27/2005,AFW,TX,ASW,CE,Towers with Radar,37,17,14,15,83,0,0,120,15,135,37,17,134,30,218,110,10,120,338
10/28/2005,AFW,TX,ASW,CE,Towers with Radar,31,13,23,53,120,1,0,106,6,113,32,13,129,59,233,50,80,130,363
10/29/2005,AFW,TX,ASW,CE,Towers with Radar,7,6,12,33,58,0,2,41,7,50,7,8,53,40,108,60,10,70,178
10/30/2005,AFW,TX,ASW,CE,Towers with Radar,1,2,18,11,32,0,0,31,5,36,1,2,49,16,68,84,12,96,164
10/31/2005,AFW,TX,ASW,CE,Towers with Radar,6,9,10,0,25,0,0,20,0,20,6,9,30,0,45,0,0,0,45
11/01/2005,AFW,TX,ASW,CE,Towers with Radar,39,16,20,51,126,0,0,92,5,97,39,16,112,56,223,78,24,102,325
11/02/2005,AFW,TX,ASW,CE,Towers with Radar,39,17,32,18,106,0,5,87,2,94,39,22,119,20,200,98,30,128,328
11/03/2005,AFW,TX,ASW,CE,Towers with Radar,36,23,95,23,177,4,2,92,6,104,40,25,187,29,281,110,8,118,399
11/04/2005,AFW,TX,ASW,CE,Towers with Radar,35,9,51,42,137,0,0,66,4,70,35,9,117,46,207,30,36,66,273
11/05/2005,AFW,TX,ASW,CE,Towers with Radar,15,4,47,24,90,0,12,95,6,113,15,16,142,30,203,12,28,40,243
11/06/2005,AFW,TX,ASW,CE,Towers with Radar,4,21,142,7,174,0,106,97,4,207,4,127,239,11,381,20,0,20,401
11/07/2005,AFW,TX,ASW,CE,Towers with Radar,7,4,22,21,54,0,0,85,2,87,7,4,107,23,141,72,0,72,213
11/08/2005,AFW,TX,ASW,CE,Towers with Radar,35,15,24,32,106,0,3,101,3,107,35,18,125,35,213,126,28,154,367
11/09/2005,AFW,TX,ASW,CE,Towers with Radar,37,16,16,13,82,0,1,85,6,92,37,17,101,19,174,112,34,146,320
11/10/2005,AFW,TX,ASW,CE,Towers with Radar,39,39,23,22,123,0,22,107,12,141,39,61,130,34,264,156,40,196,460
11/11/2005,AFW,TX,ASW,CE,Towers with Radar,32,10,24,26,92,0,1,84,8,93,32,11,108,34,185,132,0,132,317
11/12/2005,AFW,TX,ASW,CE,Towers with Radar,6,5,5,13,29,0,0,17,7,24,6,5,22,20,53,58,0,58,111
11/13/2005,AFW,TX,ASW,CE,Towers with Radar,0,2,26,14,42,0,0,32,4,36,0,2,58,18,78,80,34,114,192
11/14/2005,AFW,TX,ASW,CE,Towers with Radar,7,9,25,16,57,0,0,96,4,100,7,9,121,20,157,160,24,184,341
11/15/2005,AFW,TX,ASW,CE,Towers with Radar,37,12,41,24,114,0,3,35,17,55,37,15,76,41,169,64,24,88,257
11/16/2005,AFW,TX,ASW,CE,Towers with Radar,39,18,13,20,90,0,0,112,0,112,39,18,125,20,202,128,16,144,346
11/17/2005,AFW,TX,ASW,CE,Towers with Radar,35,19,22,18,94,0,0,109,0,109,35,19,131,18,203,154,20,174,377
11/18/2005,AFW,TX,ASW,CE,Towers with Radar,31,16,21,28,96,3,5,70,0,78,34,21,91,28,174,66,52,118,292
11/19/2005,AFW,TX,ASW,CE,Towers with Radar,10,0,6,19,35,0,0,36,6,42,10,0,42,25,77,62,16,78,155
11/20/2005,AFW,TX,ASW,CE,Towers with Radar,2,1,13,8,24,0,0,37,0,37,2,1,50,8,61,98,2,100,161
11/21/2005,AFW,TX,ASW,CE,Towers with Radar,4,4,15,21,44,0,0,76,4,80,4,4,91,25,124,128,34,162,286
11/22/2005,AFW,TX,ASW,CE,Towers with Radar,36,19,28,7,90,0,2,108,0,110,36,21,136,7,200,146,0,146,346
11/23/2005,AFW,TX,ASW,CE,Towers with Radar,38,24,21,13,96,0,0,89,6,95,38,24,110,19,191,132,44,176,367
11/24/2005,AFW,TX,ASW,CE,Towers with Radar,7,1,2,1,11,0,1,6,0,7,7,2,8,1,18,4,0,4,22
11/25/2005,AFW,TX,ASW,CE,Towers with Radar,13,8,17,6,44,0,2,12,5,19,13,10,29,11,63,0,2,2,65
11/26/2005,AFW,TX,ASW,CE,Towers with Radar,6,1,12,10,29,0,0,20,1,21,6,1,32,11,50,36,14,50,100
11/27/2005,AFW,TX,ASW,CE,Towers with Radar,1,4,9,23,37,0,0,7,0,7,1,4,16,23,44,0,0,0,44
11/28/2005,AFW,TX,ASW,CE,Towers with Radar,4,4,31,20,59,0,0,78,2,80,4,4,109,22,139,46,12,58,197
11/29/2005,AFW,TX,ASW,CE,Towers with Radar,46,24,12,21,103,0,3,76,0,79,46,27,88,21,182,82,38,120,302
11/30/2005,AFW,TX,ASW,CE,Towers with Radar,44,24,23,5,96,0,0,71,4,75,44,24,94,9,171,114,4,118,289
12/01/2005,AFW,TX,ASW,CE,Towers with Radar,45,21,26,11,103,2,2,83,1,88,47,23,109,12,191,132,4,136,327
12/02/2005,AFW,TX,ASW,CE,Towers with Radar,41,14,25,36,116,1,0,65,6,72,42,14,90,42,188,70,24,94,282
12/03/2005,AFW,TX,ASW,CE,Towers with Radar,8,5,14,64,91,0,0,30,17,47,8,5,44,81,138,80,44,124,262
12/04/2005,AFW,TX,ASW,CE,Towers with Radar,0,2,31,27,60,0,0,46,7,53,0,2,77,34,113,18,14,32,145
12/05/2005,AFW,TX,ASW,CE,Towers with Radar,4,8,19,6,37,0,7,97,9,113,4,15,116,15,150,72,12,84,234
12/06/2005,AFW,TX,ASW,CE,Towers with Radar,42,24,32,18,116,0,3,93,6,102,42,27,125,24,218,86,10,96,314
12/07/2005,AFW,TX,ASW,CE,Towers with Radar,28,18,10,0,56,0,0,3,0,3,28,18,13,0,59,10,0,10,69
12/08/2005,AFW,TX,ASW,CE,Towers with Radar,45,17,17,7,86,0,0,67,0,67,45,17,84,7,153,50,0,50,203
12/09/2005,AFW,TX,ASW,CE,Towers with Radar,39,19,22,37,117,1,1,66,6,74,40,20,88,43,191,42,60,102,293
12/10/2005,AFW,TX,ASW,CE,Towers with Radar,13,0,12,38,63,0,0,27,4,31,13,0,39,42,94,24,2,26,120
12/11/2005,AFW,TX,ASW,CE,Towers with Radar,3,2,13,26,44,1,0,44,11,56,4,2,57,37,100,104,48,152,252
12/12/2005,AFW,TX,ASW,CE,Towers with Radar,8,5,16,10,39,0,0,62,6,68,8,5,78,16,107,52,50,102,209
12/13/2005,AFW,TX,ASW,CE,Towers with Radar,40,21,19,43,123,0,0,87,0,87,40,21,106,43,210,86,76,162,372
12/14/2005,AFW,TX,ASW,CE,Towers with Radar,47,24,33,26,130,0,0,73,9,82,47,24,106,35,212,64,54,118,330
12/15/2005,AFW,TX,ASW,CE,Towers with Radar,42,20,21,24,107,0,0,113,0,113,42,20,134,24,220,106,38,144,364
12/16/2005,AFW,TX,ASW,CE,Towers with Radar,50,20,17,27,114,0,0,58,6,64,50,20,75,33,178,44,8,52,230
12/17/2005,AFW,TX,ASW,CE,Towers with Radar,34,9,4,3,50,0,0,9,0,9,34,9,13,3,59,28,0,28,87
12/18/2005,AFW,TX,ASW,CE,Towers with Radar,2,1,14,19,36,0,0,27,2,29,2,1,41,21,65,60,8,68,133
12/19/2005,AFW,TX,ASW,CE,Towers with Radar,5,8,16,10,39,0,1,44,0,45,5,9,60,10,84,60,14,74,158
12/20/2005,AFW,TX,ASW,CE,Towers with Radar,48,26,31,16,121,0,0,16,0,16,48,26,47,16,137,0,40,40,177
12/21/2005,AFW,TX,ASW,CE,Towers with Radar,51,21,19,20,111,0,0,56,7,63,51,21,75,27,174,28,32,60,234
12/22/2005,AFW,TX,ASW,CE,Towers with Radar,56,26,9,9,100,0,0,64,0,64,56,26,73,9,164,56,12,68,232
12/23/2005,AFW,TX,ASW,CE,Towers with Radar,51,21,16,2,90,0,0,30,6,36,51,21,46,8,126,32,2,34,160
12/24/2005,AFW,TX,ASW,CE,Towers with Radar,32,8,7,0,47,0,0,10,0,10,32,8,17,0,57,10,0,10,67
12/25/2005,AFW,TX,ASW,CE,Towers with Radar,0,1,4,0,5,0,0,7,0,7,0,1,11,0,12,12,0,12,24
12/26/2005,AFW,TX,ASW,CE,Towers with Radar,0,3,13,0,16,0,0,41,0,41,0,3,54,0,57,80,0,80,137
12/27/2005,AFW,TX,ASW,CE,Towers with Radar,6,2,13,9,30,0,0,44,1,45,6,2,57,10,75,68,0,68,143
12/28/2005,AFW,TX,ASW,CE,Towers with Radar,39,12,20,11,82,0,2,61,5,68,39,14,81,16,150,60,42,102,252
12/29/2005,AFW,TX,ASW,CE,Towers with Radar,37,13,16,5,71,0,0,48,0,48,37,13,64,5,119,74,10,84,203
12/30/2005,AFW,TX,ASW,CE,Towers with Radar,29,14,18,4,65,0,1,34,4,39,29,15,52,8,104,72,0,72,176
12/31/2005,AFW,TX,ASW,CE,Towers with Radar,6,2,8,0,16,0,0,22,1,23,6,2,30,1,39,18,0,18,57
01/01/2006,AFW,TX,ASW,CE,Towers with Radar,0,4,2,0,6,0,0,5,0,5,0,4,7,0,11,16,0,16,27
01/02/2006,AFW,TX,ASW,CE,Towers with Radar,3,3,11,4,21,0,0,28,0,28,3,3,39,4,49,52,2,54,103
01/03/2006,AFW,TX,ASW,CE,Towers with Radar,4,2,19,11,36,0,1,38,0,39,4,3,57,11,75,54,6,60,135
01/04/2006,AFW,TX,ASW,CE,Towers with Radar,37,16,16,10,79,0,2,33,5,40,37,18,49,15,119,56,46,102,221
01/05/2006,AFW,TX,ASW,CE,Towers with Radar,39,15,38,8,100,0,1,55,2,58,39,16,93,10,158,34,24,58,216
01/06/2006,AFW,TX,ASW,CE,Towers with Radar,31,10,35,27,103,0,0,69,9,78,31,10,104,36,181,72,38,110,291
01/07/2006,AFW,TX,ASW,CE,Towers with Radar,6,3,12,52,73,0,0,39,11,50,6,3,51,63,123,64,72,136,259
01/08/2006,AFW,TX,ASW,CE,Towers with Radar,0,0,16,22,38,0,0,22,10,32,0,0,38,32,70,8,10,18,88
01/09/2006,AFW,TX,ASW,CE,Towers with Radar,5,6,19,17,47,0,1,78,2,81,5,7,97,19,128,78,42,120,248
01/10/2006,AFW,TX,ASW,CE,Towers with Radar,37,17,13,28,95,0,3,85,0,88,37,20,98,28,183,116,32,148,331
01/11/2006,AFW,TX,ASW,CE,Towers with Radar,38,16,32,32,118,0,6,103,1,110,38,22,135,33,228,50,56,106,334
01/12/2006,AFW,TX,ASW,CE,Towers with Radar,38,12,20,13,83,0,3,73,5,81,38,15,93,18,164,36,66,102,266
01/13/2006,AFW,TX,ASW,CE,Towers with Radar,30,8,7,24,69,0,4,52,1,57,30,12,59,25,126,60,58,118,244
01/14/2006,AFW,TX,ASW,CE,Towers with Radar,6,2,22,23,53,0,1,63,0,64,6,3,85,23,117,86,66,152,269
01/15/2006,AFW,TX,ASW,CE,Towers with Radar,4,0,13,31,48,0,0,20,0,20,4,0,33,31,68,20,12,32,100
01/16/2006,AFW,TX,ASW,CE,Towers with Radar,4,5,14,20,43,0,0,41,0,41,4,5,55,20,84,4,4,8,92
01/17/2006,AFW,TX,ASW,CE,Towers with Radar,42,15,18,38,113,0,1,66,4,71,42,16,84,42,184,18,44,62,246
01/18/2006,AFW,TX,ASW,CE,Towers with Radar,36,14,16,15,81,0,0,70,0,70,36,14,86,15,151,54,22,76,227
01/19/2006,AFW,TX,ASW,CE,Towers with Radar,34,15,22,12,83,0,4,78,3,85,34,19,100,15,168,122,6,128,296
01/20/2006,AFW,TX,ASW,CE,Towers with Radar,33,19,27,69,148,0,4,80,0,84,33,23,107,69,232,116,96,212,444
01/21/2006,AFW,TX,ASW,CE,Towers with Radar,8,1,14,50,73,0,0,50,15,65,8,1,64,65,138,60,8,68,206
01/22/2006,AFW,TX,ASW,CE,Towers with Radar,2,1,15,7,25,0,0,2,1,3,2,1,17,8,28,0,0,0,28
01/23/2006,AFW,TX,ASW,CE,Towers with Radar,12,6,22,12,52,0,3,76,2,81,12,9,98,14,133,116,30,146,279
01/24/2006,AFW,TX,ASW,CE,Towers with Radar,41,14,10,14,79,0,4,96,2,102,41,18,106,16,181,82,30,112,293
01/25/2006,AFW,TX,ASW,CE,Towers with Radar,38,20,31,4,93,0,0,127,0,127,38,20,158,4,220,160,0,160,380
01/26/2006,AFW,TX,ASW,CE,Towers with Radar,37,20,31,33,121,0,5,119,0,124,37,25,150,33,245,186,20,206,451
01/27/2006,AFW,TX,ASW,CE,Towers with Radar,35,10,40,56,141,0,2,69,0,71,35,12,109,56,212,70,68,138,350
01/28/2006,AFW,TX,ASW,CE,Towers with Radar,8,5,18,20,51,0,0,8,1,9,8,5,26,21,60,12,4,16,76
01/29/2006,AFW,TX,ASW,CE,Towers with Radar,2,3,17,32,54,0,0,52,7,59,2,3,69,39,113,72,12,84,197
01/30/2006,AFW,TX,ASW,CE,Towers with Radar,6,7,33,4,50,0,4,91,2,97,6,11,124,6,147,74,0,74,221
01/31/2006,AFW,TX,ASW,CE,Towers with Radar,34,13,28,18,93,0,2,89,1,92,34,15,117,19,185,108,24,132,317
02/01/2006,AFW,TX,ASW,CE,Towers with Radar,48,15,18,14,95,0,6,86,3,95,48,21,104,17,190,130,4,134,324
02/02/2006,AFW,TX,ASW,CE,Towers with Radar,49,23,14,25,111,0,0,107,0,107,49,23,121,25,218,116,22,138,356
02/03/2006,AFW,TX,ASW,CE,Towers with Radar,34,15,29,22,100,0,4,24,13,41,34,19,53,35,141,32,12,44,185
02/04/2006,AFW,TX,ASW,CE,Towers with Radar,7,5,13,27,52,0,0,53,2,55,7,5,66,29,107,130,0,130,237
02/05/2006,AFW,TX,ASW,CE,Towers with Radar,2,1,15,4,22,0,0,17,1,18,2,1,32,5,40,6,0,6,46
02/06/2006,AFW,TX,ASW,CE,Towers with Radar,4,7,23,27,61,0,9,58,0,67,4,16,81,27,128,108,18,126,254
02/07/2006,AFW,TX,ASW,CE,Towers with Radar,41,17,31,22,111,0,4,86,4,94,41,21,117,26,205,196,34,230,435
02/08/2006,AFW,TX,ASW,CE,Towers with Radar,37,16,20,23,96,0,0,113,0,113,37,16,133,23,209,98,28,126,335
02/09/2006,AFW,TX,ASW,CE,Towers with Radar,38,18,24,26,106,0,3,86,0,89,38,21,110,26,195,6,46,52,247
02/10/2006,AFW,TX,ASW,CE,Towers with Radar,32,11,20,53,116,0,3,29,2,34,32,14,49,55,150,42,8,50,200
02/11/2006,AFW,TX,ASW,CE,Towers with Radar,10,3,8,11,32,0,0,18,6,24,10,3,26,17,56,10,14,24,80
02/12/2006,AFW,TX,ASW,CE,Towers with Radar,2,2,14,16,34,0,0,21,3,24,2,2,35,19,58,18,40,58,116
02/13/2006,AFW,TX,ASW,CE,Towers with Radar,7,2,23,7,39,0,2,91,0,93,7,4,114,7,132,98,18,116,248
02/14/2006,AFW,TX,ASW,CE,Towers with Radar,48,18,20,8,94,0,2,97,2,101,48,20,117,10,195,194,4,198,393
02/15/2006,AFW,TX,ASW,CE,Towers with Radar,37,25,22,38,122,0,7,71,0,78,37,32,93,38,200,74,28,102,302
02/16/2006,AFW,TX,ASW,CE,Towers with Radar,39,18,14,7,78,0,0,67,0,67,39,18,81,7,145,0,4,4,149
02/17/2006,AFW,TX,ASW,CE,Towers with Radar,30,12,18,10,70,2,9,33,0,44,32,21,51,10,114,6,38,44,158
02/18/2006,AFW,TX,ASW,CE,Towers with Radar,6,0,4,0,10,0,0,0,0,0,6,0,4,0,10,0,0,0,10
02/19/2006,AFW,TX,ASW,CE,Towers with Radar,0,0,0,0,0,0,0,0,0,0,0,0,0,0,0,0,0,0,0
02/20/2006,AFW,TX,ASW,CE,Towers with Radar,9,2,32,15,58,0,0,31,0,31,9,2,63,15,89,34,10,44,133
02/21/2006,AFW,TX,ASW,CE,Towers with Radar,38,11,24,3,76,0,0,0,0,0,38,11,24,3,76,0,0,0,76
02/22/2006,AFW,TX,ASW,CE,Towers with Radar,40,14,24,5,83,0,0,0,0,0,40,14,24,5,83,0,0,0,83
02/23/2006,AFW,TX,ASW,CE,Towers with Radar,37,18,26,2,83,0,0,105,0,105,37,18,131,2,188,134,0,134,322
02/24/2006,AFW,TX,ASW,CE,Towers with Radar,35,16,25,30,106,0,1,83,0,84,35,17,108,30,190,118,30,148,338
02/25/2006,AFW,TX,ASW,CE,Towers with Radar,9,9,27,34,79,0,2,5,0,7,9,11,32,34,86,0,10,10,96
02/26/2006,AFW,TX,ASW,CE,Towers with Radar,0,7,25,27,59,0,0,69,0,69,0,7,94,27,128,198,30,228,356
02/27/2006,AFW,TX,ASW,CE,Towers with Radar,6,12,15,2,35,0,0,72,13,85,6,12,87,15,120,84,0,84,204
02/28/2006,AFW,TX,ASW,CE,Towers with Radar,43,20,20,3,86,0,4,126,0,130,43,24,146,3,216,204,0,204,420
03/01/2006,AFW,TX,ASW,CE,Towers with Radar,41,15,27,17,100,0,4,127,2,133,41,19,154,19,233,172,6,178,411
03/02/2006,AFW,TX,ASW,CE,Towers with Radar,37,20,10,15,82,0,3,88,0,91,37,23,98,15,173,88,32,120,293
03/03/2006,AFW,TX,ASW,CE,Towers with Radar,31,14,43,25,113,2,0,78,16,96,33,14,121,41,209,78,28,106,315
03/04/2006,AFW,TX,ASW,CE,Towers with Radar,6,0,16,11,33,0,3,40,7,50,6,3,56,18,83,62,14,76,159
03/05/2006,AFW,TX,ASW,CE,Towers with Radar,0,2,13,11,26,0,0,25,2,27,0,2,38,13,53,58,8,66,119
03/06/2006,AFW,TX,ASW,CE,Towers with Radar,6,8,15,49,78,0,0,113,7,120,6,8,128,56,198,122,88,210,408
03/07/2006,AFW,TX,ASW,CE,Towers with Radar,38,23,28,32,121,0,0,64,5,69,38,23,92,37,190,26,6,32,222
03/08/2006,AFW,TX,ASW,CE,Towers with Radar,40,17,23,29,109,0,4,88,16,108,40,21,111,45,217,88,32,120,337
03/09/2006,AFW,TX,ASW,CE,Towers with Radar,45,25,11,23,104,0,0,69,2,71,45,25,80,25,175,56,20,76,251
03/10/2006,AFW,TX,ASW,CE,Towers with Radar,33,15,27,24,99,0,7,109,16,132,33,22,136,40,231,106,18,124,355
03/11/2006,AFW,TX,ASW,CE,Towers with Radar,10,6,21,23,60,0,0,57,6,63,10,6,78,29,123,132,50,182,305
03/12/2006,AFW,TX,ASW,CE,Towers with Radar,0,1,13,7,21,0,0,15,2,17,0,1,28,9,38,36,14,50,88
03/13/2006,AFW,TX,ASW,CE,Towers with Radar,7,4,45,9,65,0,3,131,6,140,7,7,176,15,205,186,16,202,407
03/14/2006,AFW,TX,ASW,CE,Towers with Radar,38,28,28,10,104,0,11,171,7,189,38,39,199,17,293,240,16,256,549
03/15/2006,AFW,TX,ASW,CE,Towers with Radar,42,18,17,12,89,0,5,102,11,118,42,23,119,23,207,86,38,124,331
03/16/2006,AFW,TX,ASW,CE,Towers with Radar,35,20,26,8,89,0,2,91,2,95,35,22,117,10,184,176,0,176,360
03/17/2006,AFW,TX,ASW,CE,Towers with Radar,17,20,25,6,68,17,0,85,4,106,34,20,110,10,174,90,6,96,270
03/18/2006,AFW,TX,ASW,CE,Towers with Radar,10,6,8,4,28,0,0,1,0,1,10,6,9,4,29,2,0,2,31
03/19/2006,AFW,TX,ASW,CE,Towers with Radar,0,0,0,0,0,0,4,17,0,21,0,4,17,0,21,0,0,0,21
03/20/2006,AFW,TX,ASW,CE,Towers with Radar,7,7,15,23,52,0,6,78,0,84,7,13,93,23,136,36,16,52,188
03/21/2006,AFW,TX,ASW,CE,Towers with Radar,36,16,16,15,83,0,3,120,7,130,36,19,136,22,213,214,6,220,433
03/22/2006,AFW,TX,ASW,CE,Towers with Radar,38,19,21,13,91,0,0,107,0,107,38,19,128,13,198,166,6,172,370
03/23/2006,AFW,TX,ASW,CE,Towers with Radar,39,20,18,20,97,0,4,107,5,116,39,24,125,25,213,137,24,161,374
03/24/2006,AFW,TX,ASW,CE,Towers with Radar,38,14,22,34,108,1,2,102,19,124,39,16,124,53,232,132,12,144,376
03/25/2006,AFW,TX,ASW,CE,Towers with Radar,8,4,18,37,67,0,1,64,8,73,8,5,82,45,140,230,40,270,410
03/26/2006,AFW,TX,ASW,CE,Towers with Radar,0,0,20,10,30,0,0,16,1,17,0,0,36,11,47,4,6,10,57
03/27/2006,AFW,TX,ASW,CE,Towers with Radar,9,3,29,29,70,0,0,81,2,83,9,3,110,31,153,46,10,56,209
03/28/2006,AFW,TX,ASW,CE,Towers with Radar,36,24,15,25,100,0,3,84,2,89,36,27,99,27,189,32,28,60,249
03/29/2006,AFW,TX,ASW,CE,Towers with Radar,37,19,22,14,92,0,1,46,1,48,37,20,68,15,140,40,32,72,212
03/30/2006,AFW,TX,ASW,CE,Towers with Radar,40,21,26,31,118,0,0,85,0,85,40,21,111,31,203,44,18,62,265
03/31/2006,AFW,TX,ASW,CE,Towers with Radar,32,22,23,44,121,0,0,90,6,96,32,22,113,50,217,90,36,126,343
04/01/2006,AFW,TX,ASW,CE,Towers with Radar,7,2,23,24,56,0,2,24,3,29,7,4,47,27,85,28,18,46,131
04/02/2006,AFW,TX,ASW,CE,Towers with Radar,0,3,19,19,41,0,0,40,2,42,0,3,59,21,83,104,8,112,195
04/03/2006,AFW,TX,ASW,CE,Towers with Radar,8,11,45,11,75,0,2,112,4,118,8,13,157,15,193,168,4,172,365
04/04/2006,AFW,TX,ASW,CE,Towers with Radar,36,26,29,9,100,0,8,107,9,124,36,34,136,18,224,176,14,190,414
04/05/2006,AFW,TX,ASW,CE,Towers with Radar,34,29,47,20,130,0,12,98,15,125,34,41,145,35,255,102,58,160,415
04/06/2006,AFW,TX,ASW,CE,Towers with Radar,38,32,52,13,135,0,0,117,0,117,38,32,169,13,252,86,2,88,340
04/07/2006,AFW,TX,ASW,CE,Towers with Radar,39,19,38,21,117,2,9,86,7,104,41,28,124,28,221,70,24,94,315
04/08/2006,AFW,TX,ASW,CE,Towers with Radar,6,6,68,11,91,2,10,27,5,44,8,16,95,16,135,10,12,22,157
04/09/2006,AFW,TX,ASW,CE,Towers with Radar,5,14,150,13,182,0,161,116,7,284,5,175,266,20,466,6,26,32,498
04/10/2006,AFW,TX,ASW,CE,Towers with Radar,5,7,25,18,55,0,0,86,8,94,5,7,111,26,149,92,28,120,269
04/11/2006,AFW,TX,ASW,CE,Towers with Radar,38,24,26,25,113,0,2,114,1,117,38,26,140,26,230,96,8,104,334
04/12/2006,AFW,TX,ASW,CE,Towers with Radar,35,20,20,25,100,0,0,100,0,100,35,20,120,25,200,84,8,92,292
04/13/2006,AFW,TX,ASW,CE,Towers with Radar,34,22,29,9,94,0,0,93,0,93,34,22,122,9,187,36,20,56,243
04/14/2006,AFW,TX,ASW,CE,Towers with Radar,30,10,18,11,69,0,4,41,5,50,30,14,59,16,119,56,36,92,211
04/15/2006,AFW,TX,ASW,CE,Towers with Radar,11,2,3,3,19,0,0,20,0,20,11,2,23,3,39,78,4,82,121
04/16/2006,AFW,TX,ASW,CE,Towers with Radar,0,4,14,1,19,0,0,22,0,22,0,4,36,1,41,30,0,30,71
04/17/2006,AFW,TX,ASW,CE,Towers with Radar,3,12,17,19,51,0,7,88,6,101,3,19,105,25,152,114,24,138,290
04/18/2006,AFW,TX,ASW,CE,Towers with Radar,36,22,34,33,125,0,7,115,5,127,36,29,149,38,252,140,38,178,430
04/19/2006,AFW,TX,ASW,CE,Towers with Radar,37,18,37,9,101,0,6,134,3,143,37,24,171,12,244,118,52,170,414
04/20/2006,AFW,TX,ASW,CE,Towers with Radar,37,26,17,7,87,0,0,70,0,70,37,26,87,7,157,14,8,22,179
04/21/2006,AFW,TX,ASW,CE,Towers with Radar,32,17,30,29,108,0,2,91,0,93,32,19,121,29,201,98,64,162,363
04/22/2006,AFW,TX,ASW,CE,Towers with Radar,7,1,14,18,40,0,0,38,2,40,7,1,52,20,80,68,10,78,158
04/23/2006,AFW,TX,ASW,CE,Towers with Radar,2,5,12,21,40,0,0,29,2,31,2,5,41,23,71,62,10,72,143
04/24/2006,AFW,TX,ASW,CE,Towers with Radar,3,10,17,9,39,0,1,94,1,96,3,11,111,10,135,80,0,80,215
04/25/2006,AFW,TX,ASW,CE,Towers with Radar,35,21,17,9,82,0,4,78,0,82,35,25,95,9,164,56,56,112,276
04/26/2006,AFW,TX,ASW,CE,Towers with Radar,35,21,23,11,90,0,2,95,0,97,35,23,118,11,187,58,18,76,263
04/27/2006,AFW,TX,ASW,CE,Towers with Radar,35,18,29,37,119,0,2,131,0,133,35,20,160,37,252,74,30,104,356
04/28/2006,AFW,TX,ASW,CE,Towers with Radar,32,20,28,25,105,0,4,43,0,47,32,24,71,25,152,52,2,54,206
04/29/2006,AFW,TX,ASW,CE,Towers with Radar,7,2,21,11,41,0,2,15,0,17,7,4,36,11,58,24,6,30,88
04/30/2006,AFW,TX,ASW,CE,Towers with Radar,0,6,12,6,24,0,0,47,9,56,0,6,59,15,80,100,0,100,180
05/01/2006,AFW,TX,ASW,CE,Towers with Radar,39,19,36,18,112,0,7,88,9,104,39,26,124,27,216,58,10,68,284
05/02/2006,AFW,TX,ASW,CE,Towers with Radar,34,24,30,8,96,0,5,86,3,94,34,29,116,11,190,104,0,104,294
05/03/2006,AFW,TX,ASW,CE,Towers with Radar,36,25,21,28,110,0,5,104,4,113,36,30,125,32,223,128,0,128,351
05/04/2006,AFW,TX,ASW,CE,Towers with Radar,39,19,36,18,112,0,7,88,9,104,39,26,124,27,216,58,10,68,284
05/05/2006,AFW,TX,ASW,CE,Towers with Radar,34,17,24,8,83,3,11,43,0,57,37,28,67,8,140,42,16,58,198
05/06/2006,AFW,TX,ASW,CE,Towers with Radar,8,2,12,12,34,0,0,5,0,5,8,2,17,12,39,20,0,20,59
05/07/2006,AFW,TX,ASW,CE,Towers with Radar,1,6,19,20,46,1,0,33,0,34,2,6,52,20,80,50,8,58,138
05/08/2006,AFW,TX,ASW,CE,Towers with Radar,8,12,37,7,64,0,2,88,4,94,8,14,125,11,158,108,18,126,284
05/09/2006,AFW,TX,ASW,CE,Towers with Radar,37,18,42,22,119,0,1,85,9,95,37,19,127,31,214,56,42,98,312
05/10/2006,AFW,TX,ASW,CE,Towers with Radar,35,17,28,39,119,0,4,88,8,100,35,21,116,47,219,58,76,134,353
05/11/2006,AFW,TX,ASW,CE,Towers with Radar,39,18,33,19,109,0,2,130,12,144,39,20,163,31,253,128,26,154,407
05/12/2006,AFW,TX,ASW,CE,Towers with Radar,30,21,34,25,110,0,0,102,5,107,30,21,136,30,217,108,20,128,345
05/13/2006,AFW,TX,ASW,CE,Towers with Radar,8,0,15,25,48,0,0,37,1,38,8,0,52,26,86,76,14,90,176
05/14/2006,AFW,TX,ASW,CE,Towers with Radar,0,4,23,15,42,0,2,15,11,28,0,6,38,26,70,8,8,16,86
05/15/2006,AFW,TX,ASW,CE,Towers with Radar,4,13,29,24,70,0,2,84,1,87,4,15,113,25,157,78,32,110,267
05/16/2006,AFW,TX,ASW,CE,Towers with Radar,38,22,43,22,125,0,3,117,15,135,38,25,160,37,260,146,20,166,426
05/17/2006,AFW,TX,ASW,CE,Towers with Radar,34,20,31,29,114,0,0,129,0,129,34,20,160,29,243,72,36,108,351
05/18/2006,AFW,TX,ASW,CE,Towers with Radar,37,21,26,13,97,0,1,169,12,182,37,22,195,25,279,92,12,104,383
05/19/2006,AFW,TX,ASW,CE,Towers with Radar,31,16,29,22,98,0,2,70,5,77,31,18,99,27,175,84,82,166,341
05/20/2006,AFW,TX,ASW,CE,Towers with Radar,7,4,15,27,53,0,0,28,3,31,7,4,43,30,84,74,4,78,162
05/21/2006,AFW,TX,ASW,CE,Towers with Radar,0,4,17,28,49,0,1,28,5,34,0,5,45,33,83,32,8,40,123
05/22/2006,AFW,TX,ASW,CE,Towers with Radar,5,16,27,12,60,0,5,96,5,106,5,21,123,17,166,60,18,78,244
05/23/2006,AFW,TX,ASW,CE,Towers with Radar,34,22,31,23,110,0,0,91,1,92,34,22,122,24,202,72,6,78,280
05/24/2006,AFW,TX,ASW,CE,Towers with Radar,39,28,19,31,117,0,0,114,0,114,39,28,133,31,231,126,44,170,401
05/25/2006,AFW,TX,ASW,CE,Towers with Radar,35,23,16,27,101,0,0,89,0,89,35,23,105,27,190,93,12,105,295
05/26/2006,AFW,TX,ASW,CE,Towers with Radar,33,19,39,11,102,0,2,82,0,84,33,21,121,11,186,102,16,118,304
05/27/2006,AFW,TX,ASW,CE,Towers with Radar,10,3,15,4,32,0,0,22,6,28,10,3,37,10,60,48,0,48,108
05/28/2006,AFW,TX,ASW,CE,Towers with Radar,1,1,13,3,18,0,0,13,0,13,1,1,26,3,31,76,0,76,107
05/29/2006,AFW,TX,ASW,CE,Towers with Radar,0,4,18,17,39,0,1,28,3,32,0,5,46,20,71,52,8,60,131
05/30/2006,AFW,TX,ASW,CE,Towers with Radar,6,11,22,48,87,0,4,85,0,89,6,15,107,48,176,92,26,118,294
05/31/2006,AFW,TX,ASW,CE,Towers with Radar,38,29,35,20,122,0,12,65,4,81,38,41,100,24,203,120,4,124,327
06/01/2006,AFW,TX,ASW,CE,Towers with Radar,35,25,20,4,84,0,5,78,0,83,35,30,98,4,167,56,10,66,233
06/02/2006,AFW,TX,ASW,CE,Towers with Radar,31,18,31,25,105,0,0,73,5,78,31,18,104,30,183,83,42,125,308
06/03/2006,AFW,TX,ASW,CE,Towers with Radar,9,5,18,38,70,0,1,24,3,28,9,6,42,41,98,96,16,112,210
06/04/2006,AFW,TX,ASW,CE,Towers with Radar,1,3,14,41,59,0,1,18,8,27,1,4,32,49,86,36,24,60,146
06/05/2006,AFW,TX,ASW,CE,Towers with Radar,5,16,17,17,55,0,3,59,0,62,5,19,76,17,117,12,12,24,141
06/06/2006,AFW,TX,ASW,CE,Towers with Radar,34,24,16,13,87,0,5,129,0,134,34,29,145,13,221,130,6,136,357
06/07/2006,AFW,TX,ASW,CE,Towers with Radar,38,21,45,10,114,0,0,103,0,103,38,21,148,10,217,104,30,134,351
06/08/2006,AFW,TX,ASW,CE,Towers with Radar,36,22,37,14,109,0,5,105,4,114,36,27,142,18,223,82,24,106,329
06/09/2006,AFW,TX,ASW,CE,Towers with Radar,34,16,41,28,119,0,1,84,3,88,34,17,125,31,207,10,104,114,321
06/10/2006,AFW,TX,ASW,CE,Towers with Radar,9,3,46,28,86,0,10,111,1,122,9,13,157,29,208,52,90,142,350
06/11/2006,AFW,TX,ASW,CE,Towers with Radar,2,4,16,16,38,0,0,17,3,20,2,4,33,19,58,4,6,10,68
06/12/2006,AFW,TX,ASW,CE,Towers with Radar,5,9,17,9,40,0,4,85,4,93,5,13,102,13,133,88,8,96,229
06/13/2006,AFW,TX,ASW,CE,Towers with Radar,38,21,40,16,115,0,5,77,4,86,38,26,117,20,201,72,18,90,291
06/14/2006,AFW,TX,ASW,CE,Towers with Radar,33,26,34,24,117,0,7,92,1,100,33,33,126,25,217,94,34,128,345
06/15/2006,AFW,TX,ASW,CE,Towers with Radar,37,18,22,5,82,0,9,71,8,88,37,27,93,13,170,20,0,20,190
06/16/2006,AFW,TX,ASW,CE,Towers with Radar,28,19,22,45,114,0,6,56,3,65,28,25,78,48,179,42,54,96,275
06/17/2006,AFW,TX,ASW,CE,Towers with Radar,6,1,19,19,45,0,0,17,11,28,6,1,36,30,73,42,26,68,141
06/18/2006,AFW,TX,ASW,CE,Towers with Radar,0,5,10,16,31,0,0,36,5,41,0,5,46,21,72,76,6,82,154
06/19/2006,AFW,TX,ASW,CE,Towers with Radar,8,6,22,25,61,0,1,87,2,90,8,7,109,27,151,44,54,98,249
06/20/2006,AFW,TX,ASW,CE,Towers with Radar,36,17,28,26,107,0,2,76,7,85,36,19,104,33,192,66,38,104,296
06/21/2006,AFW,TX,ASW,CE,Towers with Radar,36,22,27,23,108,0,0,89,0,89,36,22,116,23,197,72,50,122,319
06/22/2006,AFW,TX,ASW,CE,Towers with Radar,37,21,40,20,118,0,0,120,9,129,37,21,160,29,247,98,6,104,351
06/23/2006,AFW,TX,ASW,CE,Towers with Radar,32,17,29,20,98,0,5,62,12,79,32,22,91,32,177,72,12,84,261
06/24/2006,AFW,TX,ASW,CE,Towers with Radar,8,2,18,15,43,0,2,13,3,18,8,4,31,18,61,12,0,12,73
06/25/2006,AFW,TX,ASW,CE,Towers with Radar,0,1,18,23,42,0,0,19,7,26,0,1,37,30,68,38,22,60,128
06/26/2006,AFW,TX,ASW,CE,Towers with Radar,5,5,24,24,58,0,0,84,2,86,5,5,108,26,144,84,44,128,272
06/27/2006,AFW,TX,ASW,CE,Towers with Radar,38,22,27,31,118,0,5,75,4,84,38,27,102,35,202,136,58,194,396
06/28/2006,AFW,TX,ASW,CE,Towers with Radar,38,20,23,26,107,0,2,80,14,96,38,22,103,40,203,112,36,148,351
06/29/2006,AFW,TX,ASW,CE,Towers with Radar,37,17,30,13,97,0,2,51,21,74,37,19,81,34,171,114,18,132,303
06/30/2006,AFW,TX,ASW,CE,Towers with Radar,29,14,20,12,75,1,2,52,14,69,30,16,72,26,144,124,24,148,292
07/01/2006,AFW,TX,ASW,CE,Towers with Radar,6,0,8,7,21,0,0,11,6,17,6,0,19,13,38,8,24,32,70
07/02/2006,AFW,TX,ASW,CE,Towers with Radar,0,2,7,7,16,0,1,18,3,22,0,3,25,10,38,12,28,40,78
07/03/2006,AFW,TX,ASW,CE,Towers with Radar,7,6,8,3,24,0,0,11,1,12,7,6,19,4,36,24,0,24,60
07/04/2006,AFW,TX,ASW,CE,Towers with Radar,10,1,6,3,20,0,0,7,3,10,10,1,13,6,30,10,2,12,42
07/05/2006,AFW,TX,ASW,CE,Towers with Radar,28,10,14,8,60,0,0,16,0,16,28,10,30,8,76,42,0,42,118
07/06/2006,AFW,TX,ASW,CE,Towers with Radar,35,16,27,15,93,0,0,36,14,50,35,16,63,29,143,84,20,104,247
07/07/2006,AFW,TX,ASW,CE,Towers with Radar,28,14,25,30,97,0,0,65,1,66,28,14,90,31,163,58,22,80,243
07/08/2006,AFW,TX,ASW,CE,Towers with Radar,6,0,22,13,41,0,0,40,4,44,6,0,62,17,85,136,18,154,239
07/09/2006,AFW,TX,ASW,CE,Towers with Radar,0,3,13,34,50,0,2,27,10,39,0,5,40,44,89,32,14,46,135
07/10/2006,AFW,TX,ASW,CE,Towers with Radar,5,11,32,17,65,1,0,72,4,77,6,11,104,21,142,112,32,144,286
07/11/2006,AFW,TX,ASW,CE,Towers with Radar,35,21,17,29,102,0,2,72,0,74,35,23,89,29,176,114,6,120,296
07/12/2006,AFW,TX,ASW,CE,Towers with Radar,36,25,23,16,100,0,3,83,0,86,36,28,106,16,186,66,16,82,268
07/13/2006,AFW,TX,ASW,CE,Towers with Radar,33,23,31,11,98,0,2,88,2,92,33,25,119,13,190,66,6,72,262
07/14/2006,AFW,TX,ASW,CE,Towers with Radar,34,14,17,22,87,0,0,76,2,78,34,14,93,24,165,126,40,166,331
07/15/2006,AFW,TX,ASW,CE,Towers with Radar,7,2,13,14,36,0,0,25,1,26,7,2,38,15,62,112,10,122,184
07/16/2006,AFW,TX,ASW,CE,Towers with Radar,0,5,7,18,30,0,0,32,2,34,0,5,39,20,64,62,12,74,138
07/17/2006,AFW,TX,ASW,CE,Towers with Radar,4,10,25,18,57,0,0,47,0,47,4,10,72,18,104,96,12,108,212
07/18/2006,AFW,TX,ASW,CE,Towers with Radar,37,19,17,10,83,0,6,101,1,108,37,25,118,11,191,128,0,128,319
07/19/2006,AFW,TX,ASW,CE,Towers with Radar,33,24,16,30,103,0,0,101,0,101,33,24,117,30,204,120,46,166,370
07/20/2006,AFW,TX,ASW,CE,Towers with Radar,38,20,17,14,89,0,3,102,1,106,38,23,119,15,195,130,12,142,337
07/21/2006,AFW,TX,ASW,CE,Towers with Radar,30,20,22,19,91,0,0,82,7,89,30,20,104,26,180,108,36,144,324
07/22/2006,AFW,TX,ASW,CE,Towers with Radar,8,3,11,23,45,0,0,28,2,30,8,3,39,25,75,66,22,88,163
07/23/2006,AFW,TX,ASW,CE,Towers with Radar,4,2,10,19,35,0,0,24,0,24,4,2,34,19,59,26,8,34,93
07/24/2006,AFW,TX,ASW,CE,Towers with Radar,11,5,12,3,31,0,3,107,6,116,11,8,119,9,147,50,0,50,197
07/25/2006,AFW,TX,ASW,CE,Towers with Radar,39,18,24,9,90,0,3,118,1,122,39,21,142,10,212,128,20,148,360
07/26/2006,AFW,TX,ASW,CE,Towers with Radar,36,15,31,17,99,0,5,119,1,125,36,20,150,18,224,88,16,104,328
07/27/2006,AFW,TX,ASW,CE,Towers with Radar,37,17,14,21,89,0,4,94,9,107,37,21,108,30,196,98,10,108,304
07/28/2006,AFW,TX,ASW,CE,Towers with Radar,30,22,26,41,119,2,3,86,2,93,32,25,112,43,212,52,42,94,306
07/29/2006,AFW,TX,ASW,CE,Towers with Radar,6,2,9,15,32,0,0,24,6,30,6,2,33,21,62,18,4,22,84
07/30/2006,AFW,TX,ASW,CE,Towers with Radar,0,3,18,6,27,0,0,27,0,27,0,3,45,6,54,18,10,28,82
07/31/2006,AFW,TX,ASW,CE,Towers with Radar,5,4,22,15,46,0,5,62,4,71,5,9,84,19,117,118,8,126,243
08/01/2006,AFW,TX,ASW,CE,Towers with Radar,36,18,33,34,121,0,0,75,2,77,36,18,108,36,198,90,18,108,306
08/02/2006,AFW,TX,ASW,CE,Towers with Radar,34,14,15,25,88,0,0,77,0,77,34,14,92,25,165,92,14,106,271
08/03/2006,AFW,TX,ASW,CE,Towers with Radar,34,24,26,27,111,0,0,110,0,110,34,24,136,27,221,64,18,82,303
08/04/2006,AFW,TX,ASW,CE,Towers with Radar,30,33,23,28,114,0,2,57,11,70,30,35,80,39,184,70,70,140,324
08/05/2006,AFW,TX,ASW,CE,Towers with Radar,8,1,9,44,62,0,1,51,13,65,8,2,60,57,127,148,76,224,351
08/06/2006,AFW,TX,ASW,CE,Towers with Radar,0,4,13,24,41,0,4,15,9,28,0,8,28,33,69,22,14,36,105
08/07/2006,AFW,TX,ASW,CE,Towers with Radar,7,7,9,16,39,0,3,63,0,66,7,10,72,16,105,118,28,146,251
08/08/2006,AFW,TX,ASW,CE,Towers with Radar,35,19,28,20,102,0,4,96,3,103,35,23,124,23,205,144,28,172,377
08/09/2006,AFW,TX,ASW,CE,Towers with Radar,33,16,19,25,93,0,0,75,9,84,33,16,94,34,177,120,82,202,379
08/10/2006,AFW,TX,ASW,CE,Towers with Radar,35,19,38,12,104,0,0,80,13,93,35,19,118,25,197,68,26,94,291
08/11/2006,AFW,TX,ASW,CE,Towers with Radar,32,24,15,23,94,0,7,84,11,102,32,31,99,34,196,74,14,88,284
08/12/2006,AFW,TX,ASW,CE,Towers with Radar,7,0,9,36,52,0,12,23,13,48,7,12,32,49,100,48,64,112,212
08/13/2006,AFW,TX,ASW,CE,Towers with Radar,2,12,9,22,45,1,2,21,19,43,3,14,30,41,88,56,0,56,144
08/14/2006,AFW,TX,ASW,CE,Towers with Radar,4,5,17,16,42,0,0,72,1,73,4,5,89,17,115,96,34,130,245
08/15/2006,AFW,TX,ASW,CE,Towers with Radar,38,15,26,31,110,0,2,79,5,86,38,17,105,36,196,136,104,240,436
08/16/2006,AFW,TX,ASW,CE,Towers with Radar,33,25,43,27,128,0,0,61,0,61,33,25,104,27,189,82,52,134,323
08/17/2006,AFW,TX,ASW,CE,Towers with Radar,36,16,32,13,97,0,11,84,18,113,36,27,116,31,210,78,12,90,300
08/18/2006,AFW,TX,ASW,CE,Towers with Radar,28,13,28,43,112,0,0,83,4,87,28,13,111,47,199,130,8,138,337
08/19/2006,AFW,TX,ASW,CE,Towers with Radar,9,4,7,33,53,0,0,30,3,33,9,4,37,36,86,50,2,52,138
08/20/2006,AFW,TX,ASW,CE,Towers with Radar,2,4,13,11,30,0,0,15,0,15,2,4,28,11,45,70,2,72,117
08/21/2006,AFW,TX,ASW,CE,Towers with Radar,8,7,23,23,61,0,2,59,8,69,8,9,82,31,130,148,58,206,336
08/22/2006,AFW,TX,ASW,CE,Towers with Radar,40,25,33,29,127,0,3,65,4,72,40,28,98,33,199,60,12,72,271
08/23/2006,AFW,TX,ASW,CE,Towers with Radar,36,22,38,22,118,0,1,69,1,71,36,23,107,23,189,114,24,138,327
08/24/2006,AFW,TX,ASW,CE,Towers with Radar,35,18,28,10,91,0,0,95,7,102,35,18,123,17,193,102,8,110,303
08/25/2006,AFW,TX,ASW,CE,Towers with Radar,36,16,33,29,114,2,0,84,2,88,38,16,117,31,202,88,54,142,344
08/26/2006,AFW,TX,ASW,CE,Towers with Radar,8,0,8,18,34,0,2,31,2,35,8,2,39,20,69,50,14,64,133
08/27/2006,AFW,TX,ASW,CE,Towers with Radar,0,3,11,51,65,0,0,20,5,25,0,3,31,56,90,22,10,32,122
08/28/2006,AFW,TX,ASW,CE,Towers with Radar,10,12,22,2,46,0,0,32,0,32,10,12,54,2,78,0,2,2,80
08/29/2006,AFW,TX,ASW,CE,Towers with Radar,38,24,36,7,105,0,5,91,1,97,38,29,127,8,202,84,18,102,304
08/30/2006,AFW,TX,ASW,CE,Towers with Radar,52,24,32,7,115,0,0,81,0,81,52,24,113,7,196,150,6,156,352
08/31/2006,AFW,TX,ASW,CE,Towers with Radar,77,21,34,15,147,0,0,96,4,100,77,21,130,19,247,90,38,128,375
09/01/2006,AFW,TX,ASW,CE,Towers with Radar,31,17,24,2,74,1,3,72,3,79,32,20,96,5,153,68,12,80,233
09/02/2006,AFW,TX,ASW,CE,Towers with Radar,7,1,19,2,29,0,0,27,1,28,7,1,46,3,57,28,4,32,89
09/03/2006,AFW,TX,ASW,CE,Towers with Radar,1,4,1,8,14,0,0,20,0,20,1,4,21,8,34,48,0,48,82
09/04/2006,AFW,TX,ASW,CE,Towers with Radar,1,2,30,5,38,0,0,0,0,0,1,2,30,5,38,0,0,0,38
09/05/2006,AFW,TX,ASW,CE,Towers with Radar,4,5,17,25,51,0,3,56,5,64,4,8,73,30,115,40,10,50,165
09/06/2006,AFW,TX,ASW,CE,Towers with Radar,42,23,41,1,107,9,2,72,0,83,51,25,113,1,190,146,0,146,336
09/07/2006,AFW,TX,ASW,CE,Towers with Radar,39,22,22,4,87,0,3,73,2,78,39,25,95,6,165,146,20,166,331
09/08/2006,AFW,TX,ASW,CE,Towers with Radar,31,16,20,32,99,1,9,61,11,82,32,25,81,43,181,164,32,196,377
09/09/2006,AFW,TX,ASW,CE,Towers with Radar,6,1,18,53,78,0,4,27,16,47,6,5,45,69,125,30,60,90,215
09/10/2006,AFW,TX,ASW,CE,Towers with Radar,1,5,13,42,61,0,0,18,11,29,1,5,31,53,90,34,8,42,132
09/11/2006,AFW,TX,ASW,CE,Towers with Radar,4,3,27,35,69,0,2,75,4,81,4,5,102,39,150,68,4,72,222
09/12/2006,AFW,TX,ASW,CE,Towers with Radar,36,25,32,32,125,0,6,84,3,93,36,31,116,35,218,98,16,114,332
09/13/2006,AFW,TX,ASW,CE,Towers with Radar,38,23,11,63,135,0,0,109,0,109,38,23,120,63,244,88,44,132,376
09/14/2006,AFW,TX,ASW,CE,Towers with Radar,38,28,29,3,98,0,4,94,9,107,38,32,123,12,205,22,4,26,231
09/15/2006,AFW,TX,ASW,CE,Towers with Radar,37,24,20,47,128,0,1,50,2,53,37,25,70,49,181,28,30,58,239
09/16/2006,AFW,TX,ASW,CE,Towers with Radar,6,5,10,32,53,0,0,32,0,32,6,5,42,32,85,48,28,76,161
09/17/2006,AFW,TX,ASW,CE,Towers with Radar,0,4,9,13,26,0,5,9,0,14,0,9,18,13,40,16,0,16,56
09/18/2006,AFW,TX,ASW,CE,Towers with Radar,5,9,16,27,57,0,6,77,0,83,5,15,93,27,140,40,14,54,194
09/19/2006,AFW,TX,ASW,CE,Towers with Radar,43,24,42,29,138,0,5,72,1,78,43,29,114,30,216,42,52,94,310
09/20/2006,AFW,TX,ASW,CE,Towers with Radar,35,22,49,20,126,0,1,91,14,106,35,23,140,34,232,86,18,104,336
09/21/2006,AFW,TX,ASW,CE,Towers with Radar,38,21,32,14,105,0,6,60,6,72,38,27,92,20,177,58,66,124,301
09/22/2006,AFW,TX,ASW,CE,Towers with Radar,30,18,31,15,94,0,2,47,11,60,30,20,78,26,154,46,30,76,230
09/23/2006,AFW,TX,ASW,CE,Towers with Radar,8,2,9,9,28,0,0,33,2,35,8,2,42,11,63,110,0,110,173
09/24/2006,AFW,TX,ASW,CE,Towers with Radar,4,5,24,24,57,0,0,26,5,31,4,5,50,29,88,68,4,72,160
09/25/2006,AFW,TX,ASW,CE,Towers with Radar,8,7,25,26,66,0,1,75,4,80,8,8,100,30,146,134,58,192,338
09/26/2006,AFW,TX,ASW,CE,Towers with Radar,41,19,35,9,104,0,8,79,6,93,41,27,114,15,197,108,14,122,319
09/27/2006,AFW,TX,ASW,CE,Towers with Radar,39,21,23,17,100,0,0,99,0,99,39,21,122,17,199,70,30,100,299
09/28/2006,AFW,TX,ASW,CE,Towers with Radar,38,20,32,7,97,0,3,99,8,110,38,23,131,15,207,108,26,134,341
09/29/2006,AFW,TX,ASW,CE,Towers with Radar,29,16,22,11,78,0,9,54,3,66,29,25,76,14,144,26,28,54,198
09/30/2006,AFW,TX,ASW,CE,Towers with Radar,7,0,2,0,9,0,3,7,2,12,7,3,9,2,21,0,0,0,21
10/01/2006,AFW,TX,ASW,CE,Towers with Radar,1,2,3,4,10,1,5,35,7,48,2,7,38,11,58,4,2,6,64
10/02/2006,AFW,TX,ASW,CE,Towers with Radar,8,6,16,15,45,0,3,48,5,56,8,9,64,20,101,22,2,24,125
10/03/2006,AFW,TX,ASW,CE,Towers with Radar,37,20,17,21,95,0,2,83,8,93,37,22,100,29,188,110,32,142,330
10/04/2006,AFW,TX,ASW,CE,Towers with Radar,37,17,42,8,104,0,7,85,6,98,37,24,127,14,202,78,22,100,302
10/05/2006,AFW,TX,ASW,CE,Towers with Radar,44,21,22,5,92,0,2,84,8,94,44,23,106,13,186,62,12,74,260
10/06/2006,AFW,TX,ASW,CE,Towers with Radar,35,11,19,22,87,0,5,74,4,83,35,16,93,26,170,52,14,66,236
10/07/2006,AFW,TX,ASW,CE,Towers with Radar,9,0,10,16,35,0,0,22,3,25,9,0,32,19,60,34,2,36,96
10/08/2006,AFW,TX,ASW,CE,Towers with Radar,2,0,15,22,39,0,0,34,1,35,2,0,49,23,74,86,30,116,190
10/09/2006,AFW,TX,ASW,CE,Towers with Radar,6,4,20,12,42,0,1,108,1,110,6,5,128,13,152,100,6,106,258
10/10/2006,AFW,TX,ASW,CE,Towers with Radar,38,18,15,10,81,0,4,35,1,40,38,22,50,11,121,0,0,0,121
10/11/2006,AFW,TX,ASW,CE,Towers with Radar,41,24,22,35,122,0,0,118,0,118,41,24,140,35,240,134,14,148,388
10/12/2006,AFW,TX,ASW,CE,Towers with Radar,35,20,19,19,93,0,5,68,2,75,35,25,87,21,168,50,14,64,232
10/13/2006,AFW,TX,ASW,CE,Towers with Radar,33,20,18,28,99,0,1,85,5,91,33,21,103,33,190,100,56,156,346
10/14/2006,AFW,TX,ASW,CE,Towers with Radar,8,2,20,55,85,0,0,29,6,35,8,2,49,61,120,86,60,146,266
10/15/2006,AFW,TX,ASW,CE,Towers with Radar,1,7,12,17,37,0,0,0,1,1,1,7,12,18,38,0,0,0,38
10/16/2006,AFW,TX,ASW,CE,Towers with Radar,4,10,37,15,66,0,0,52,3,55,4,10,89,18,121,26,18,44,165
10/17/2006,AFW,TX,ASW,CE,Towers with Radar,43,28,19,20,110,0,5,68,1,74,43,33,87,21,184,90,38,128,312
10/18/2006,AFW,TX,ASW,CE,Towers with Radar,33,16,17,38,104,0,12,80,1,93,33,28,97,39,197,158,8,166,363
10/19/2006,AFW,TX,ASW,CE,Towers with Radar,44,29,15,2,90,0,0,79,0,79,44,29,94,2,169,54,0,54,223
10/20/2006,AFW,TX,ASW,CE,Towers with Radar,30,19,31,41,121,0,5,105,0,110,30,24,136,41,231,130,100,230,461
10/21/2006,AFW,TX,ASW,CE,Towers with Radar,6,1,23,63,93,0,1,39,0,40,6,2,62,63,133,90,86,176,309
10/22/2006,AFW,TX,ASW,CE,Towers with Radar,2,7,12,39,60,0,0,32,3,35,2,7,44,42,95,36,12,48,143
10/23/2006,AFW,TX,ASW,CE,Towers with Radar,8,8,24,19,59,0,4,66,3,73,8,12,90,22,132,60,20,80,212
10/24/2006,AFW,TX,ASW,CE,Towers with Radar,38,21,34,0,93,0,3,80,2,85,38,24,114,2,178,26,2,28,206
10/25/2006,AFW,TX,ASW,CE,Towers with Radar,43,24,28,6,101,0,0,43,0,43,43,24,71,6,144,12,0,12,156
10/26/2006,AFW,TX,ASW,CE,Towers with Radar,49,24,23,14,110,0,4,69,2,75,49,28,92,16,185,101,34,135,320
10/27/2006,AFW,TX,ASW,CE,Towers with Radar,40,13,17,48,118,0,4,29,0,33,40,17,46,48,151,12,58,70,221
10/28/2006,AFW,TX,ASW,CE,Towers with Radar,6,6,15,29,56,0,1,29,4,34,6,7,44,33,90,74,6,80,170
10/29/2006,AFW,TX,ASW,CE,Towers with Radar,1,3,10,24,38,0,0,23,2,25,1,3,33,26,63,52,18,70,133
10/30/2006,AFW,TX,ASW,CE,Towers with Radar,5,9,14,16,44,2,2,62,2,68,7,11,76,18,112,60,0,60,172
10/31/2006,AFW,TX,ASW,CE,Towers with Radar,41,19,40,14,114,0,8,47,3,58,41,27,87,17,172,88,4,92,264
11/01/2006,AFW,TX,ASW,CE,Towers with Radar,37,17,45,19,118,0,2,75,4,81,37,19,120,23,199,84,20,104,303
11/02/2006,AFW,TX,ASW,CE,Towers with Radar,36,25,91,9,161,1,4,9,8,22,37,29,100,17,183,38,26,64,247
11/03/2006,AFW,TX,ASW,CE,Towers with Radar,31,25,57,30,143,2,0,83,8,93,33,25,140,38,236,94,10,104,340
11/04/2006,AFW,TX,ASW,CE,Towers with Radar,11,5,46,1,63,0,2,27,0,29,11,7,73,1,92,20,0,20,112
11/05/2006,AFW,TX,ASW,CE,Towers with Radar,3,15,137,9,164,0,168,126,1,295,3,183,263,10,459,0,0,0,459
11/06/2006,AFW,TX,ASW,CE,Towers with Radar,5,4,45,26,80,0,2,33,0,35,5,6,78,26,115,8,22,30,145
11/07/2006,AFW,TX,ASW,CE,Towers with Radar,42,16,24,15,97,0,1,124,3,128,42,17,148,18,225,114,30,144,369
11/08/2006,AFW,TX,ASW,CE,Towers with Radar,40,16,33,19,108,0,0,87,0,87,40,16,120,19,195,54,10,64,259
11/09/2006,AFW,TX,ASW,CE,Towers with Radar,37,15,36,6,94,0,11,68,4,83,37,26,104,10,177,98,8,106,283
11/10/2006,AFW,TX,ASW,CE,Towers with Radar,34,24,26,3,87,0,2,46,2,50,34,26,72,5,137,42,0,42,179
11/11/2006,AFW,TX,ASW,CE,Towers with Radar,7,9,22,3,41,0,0,48,5,53,7,9,70,8,94,62,22,84,178
11/12/2006,AFW,TX,ASW,CE,Towers with Radar,0,4,20,19,43,0,1,29,0,30,0,5,49,19,73,80,10,90,163
11/13/2006,AFW,TX,ASW,CE,Towers with Radar,9,7,21,16,53,0,1,75,2,78,9,8,96,18,131,56,0,56,187
11/14/2006,AFW,TX,ASW,CE,Towers with Radar,38,13,23,12,86,0,3,90,0,93,38,16,113,12,179,88,8,96,275
11/15/2006,AFW,TX,ASW,CE,Towers with Radar,37,14,9,3,63,0,1,13,0,14,37,15,22,3,77,6,0,6,83
11/16/2006,AFW,TX,ASW,CE,Towers with Radar,36,17,27,18,98,0,3,81,6,90,36,20,108,24,188,70,22,92,280
11/17/2006,AFW,TX,ASW,CE,Towers with Radar,32,8,13,20,73,0,0,65,11,76,32,8,78,31,149,48,25,73,222
11/18/2006,AFW,TX,ASW,CE,Towers with Radar,8,0,10,20,38,0,1,49,3,53,8,1,59,23,91,114,18,132,223
11/19/2006,AFW,TX,ASW,CE,Towers with Radar,0,6,27,17,50,0,0,31,0,31,0,6,58,17,81,52,0,52,133
11/20/2006,AFW,TX,ASW,CE,Towers with Radar,11,4,27,12,54,0,2,100,4,106,11,6,127,16,160,76,16,92,252
11/21/2006,AFW,TX,ASW,CE,Towers with Radar,43,17,47,2,109,0,6,70,8,84,43,23,117,10,193,64,6,70,263
11/22/2006,AFW,TX,ASW,CE,Towers with Radar,39,10,24,6,79,0,0,59,0,59,39,10,83,6,138,62,0,62,200
11/23/2006,AFW,TX,ASW,CE,Towers with Radar,8,1,1,0,10,0,0,8,0,8,8,1,9,0,18,8,0,8,26
11/24/2006,AFW,TX,ASW,CE,Towers with Radar,14,3,1,1,19,0,0,43,0,43,14,3,44,1,62,52,0,52,114
11/25/2006,AFW,TX,ASW,CE,Towers with Radar,9,1,12,0,22,0,1,16,0,17,9,2,28,0,39,40,0,40,79
11/26/2006,AFW,TX,ASW,CE,Towers with Radar,2,0,26,0,28,0,0,25,0,25,2,0,51,0,53,38,0,38,91
11/27/2006,AFW,TX,ASW,CE,Towers with Radar,4,6,17,13,40,0,3,70,1,74,4,9,87,14,114,82,22,104,218
11/28/2006,AFW,TX,ASW,CE,Towers with Radar,43,23,28,12,106,0,5,67,4,76,43,28,95,16,182,74,2,76,258
11/29/2006,AFW,TX,ASW,CE,Towers with Radar,43,12,31,9,95,0,1,64,1,66,43,13,95,10,161,42,10,52,213
11/30/2006,AFW,TX,ASW,CE,Towers with Radar,40,9,9,0,58,0,0,0,0,0,40,9,9,0,58,0,0,0,58
12/01/2006,AFW,TX,ASW,CE,Towers with Radar,36,11,21,36,104,0,1,63,9,73,36,12,84,45,177,68,50,118,295
12/02/2006,AFW,TX,ASW,CE,Towers with Radar,8,2,12,46,68,0,2,52,7,61,8,4,64,53,129,116,26,142,271
12/03/2006,AFW,TX,ASW,CE,Towers with Radar,1,0,10,17,28,0,0,19,6,25,1,0,29,23,53,40,18,58,111
12/04/2006,AFW,TX,ASW,CE,Towers with Radar,7,4,18,20,49,0,3,78,4,85,7,7,96,24,134,102,6,108,242
12/05/2006,AFW,TX,ASW,CE,Towers with Radar,44,15,23,15,97,0,1,91,5,97,44,16,114,20,194,80,22,102,296
12/06/2006,AFW,TX,ASW,CE,Towers with Radar,44,15,21,17,97,0,0,108,0,108,44,15,129,17,205,114,20,134,339
12/07/2006,AFW,TX,ASW,CE,Towers with Radar,44,16,20,9,89,0,6,97,2,105,44,22,117,11,194,64,10,74,268
12/08/2006,AFW,TX,ASW,CE,Towers with Radar,32,8,33,20,93,0,9,57,1,67,32,17,90,21,160,64,28,92,252
12/09/2006,AFW,TX,ASW,CE,Towers with Radar,8,0,4,8,20,0,4,37,3,44,8,4,41,11,64,100,18,118,182
12/10/2006,AFW,TX,ASW,CE,Towers with Radar,1,1,17,32,51,0,0,18,10,28,1,1,35,42,79,36,4,40,119
12/11/2006,AFW,TX,ASW,CE,Towers with Radar,6,7,19,29,61,0,2,56,2,60,6,9,75,31,121,52,18,70,191
12/12/2006,AFW,TX,ASW,CE,Towers with Radar,50,28,27,22,127,0,2,65,4,71,50,30,92,26,198,72,26,98,296
12/13/2006,AFW,TX,ASW,CE,Towers with Radar,50,29,44,4,127,0,1,82,2,85,50,30,126,6,212,22,0,22,234
12/14/2006,AFW,TX,ASW,CE,Towers with Radar,51,25,18,12,106,0,8,81,3,92,51,33,99,15,198,70,16,86,284
12/15/2006,AFW,TX,ASW,CE,Towers with Radar,55,17,33,27,132,0,4,53,5,62,55,21,86,32,194,48,8,56,250
12/16/2006,AFW,TX,ASW,CE,Towers with Radar,31,12,12,8,63,0,0,24,4,28,31,12,36,12,91,42,0,42,133
12/17/2006,AFW,TX,ASW,CE,Towers with Radar,0,8,11,6,25,0,0,36,1,37,0,8,47,7,62,78,0,78,140
12/18/2006,AFW,TX,ASW,CE,Towers with Radar,7,10,29,6,52,0,0,25,1,26,7,10,54,7,78,64,0,64,142
12/19/2006,AFW,TX,ASW,CE,Towers with Radar,50,19,31,14,114,0,0,1,0,1,50,19,32,14,115,0,0,0,115
12/20/2006,AFW,TX,ASW,CE,Towers with Radar,49,27,24,30,130,0,0,27,0,27,49,27,51,30,157,26,6,32,189
12/21/2006,AFW,TX,ASW,CE,Towers with Radar,55,23,24,21,123,0,0,69,2,71,55,23,93,23,194,114,2,116,310
12/22/2006,AFW,TX,ASW,CE,Towers with Radar,41,19,22,7,89,0,4,34,5,43,41,23,56,12,132,68,24,92,224
12/23/2006,AFW,TX,ASW,CE,Towers with Radar,8,6,16,2,32,0,0,25,5,30,8,6,41,7,62,38,0,38,100
12/24/2006,AFW,TX,ASW,CE,Towers with Radar,0,1,6,1,8,0,0,5,0,5,0,1,11,1,13,8,0,8,21
12/25/2006,AFW,TX,ASW,CE,Towers with Radar,0,0,1,0,1,0,0,3,0,3,0,0,4,0,4,0,0,0,4
12/26/2006,AFW,TX,ASW,CE,Towers with Radar,5,6,19,0,30,0,0,52,1,53,5,6,71,1,83,98,0,98,181
12/27/2006,AFW,TX,ASW,CE,Towers with Radar,42,10,25,2,79,0,0,37,0,37,42,10,62,2,116,50,0,50,166
12/28/2006,AFW,TX,ASW,CE,Towers with Radar,38,14,16,2,70,0,0,18,0,18,38,14,34,2,88,30,0,30,118
12/29/2006,AFW,TX,ASW,CE,Towers with Radar,30,6,16,0,52,0,2,3,0,5,30,8,19,0,57,0,0,0,57
12/30/2006,AFW,TX,ASW,CE,Towers with Radar,6,2,7,0,15,0,2,23,4,29,6,4,30,4,44,76,10,86,130
12/31/2006,AFW,TX,ASW,CE,Towers with Radar,0,2,2,0,4,0,0,11,0,11,0,2,13,0,15,18,0,18,33
01/01/2007,AFW,TX,ASW,CE,Towers with Radar,1,0,12,0,13,0,0,25,3,28,1,0,37,3,41,34,4,38,79
01/02/2007,AFW,TX,ASW,CE,Towers with Radar,5,5,14,0,24,0,0,33,0,33,5,5,47,0,57,40,0,40,97
01/03/2007,AFW,TX,ASW,CE,Towers with Radar,37,10,20,6,73,0,2,14,4,20,37,12,34,10,93,48,14,62,155
01/04/2007,AFW,TX,ASW,CE,Towers with Radar,36,20,28,12,96,0,1,1,0,2,36,21,29,12,98,0,0,0,98
01/05/2007,AFW,TX,ASW,CE,Towers with Radar,16,16,27,37,96,12,0,33,5,50,28,16,60,42,146,60,48,108,254
01/06/2007,AFW,TX,ASW,CE,Towers with Radar,6,2,25,39,72,0,0,24,3,27,6,2,49,42,99,54,12,66,165
01/07/2007,AFW,TX,ASW,CE,Towers with Radar,2,1,10,13,26,0,2,33,3,38,2,3,43,16,64,136,8,144,208
01/08/2007,AFW,TX,ASW,CE,Towers with Radar,9,5,27,16,57,0,1,80,6,87,9,6,107,22,144,118,10,128,272
01/09/2007,AFW,TX,ASW,CE,Towers with Radar,36,17,31,21,105,0,12,75,3,90,36,29,106,24,195,66,56,122,317
01/10/2007,AFW,TX,ASW,CE,Towers with Radar,36,15,34,13,98,0,1,102,7,110,36,16,136,20,208,86,4,90,298
01/11/2007,AFW,TX,ASW,CE,Towers with Radar,37,11,17,20,85,0,14,62,2,78,37,25,79,22,163,44,0,44,207
01/12/2007,AFW,TX,ASW,CE,Towers with Radar,39,7,12,2,60,0,1,25,4,30,39,8,37,6,90,8,0,8,98
01/13/2007,AFW,TX,ASW,CE,Towers with Radar,6,1,4,1,12,0,0,0,0,0,6,1,4,1,12,0,0,0,12
01/14/2007,AFW,TX,ASW,CE,Towers with Radar,1,1,0,0,2,0,0,0,0,0,1,1,0,0,2,0,0,0,2
01/15/2007,AFW,TX,ASW,CE,Towers with Radar,4,5,6,2,17,0,0,30,0,30,4,5,36,2,47,46,0,46,93
01/16/2007,AFW,TX,ASW,CE,Towers with Radar,37,11,21,3,72,0,8,64,7,79,37,19,85,10,151,54,4,58,209
01/17/2007,AFW,TX,ASW,CE,Towers with Radar,38,5,17,0,60,0,6,10,0,16,38,11,27,0,76,0,0,0,76
01/18/2007,AFW,TX,ASW,CE,Towers with Radar,35,14,13,8,70,0,5,69,1,75,35,19,82,9,145,4,0,4,149
01/19/2007,AFW,TX,ASW,CE,Towers with Radar,30,10,24,10,74,0,4,42,1,47,30,14,66,11,121,2,0,2,123
01/20/2007,AFW,TX,ASW,CE,Towers with Radar,6,2,2,0,10,0,0,0,0,0,6,2,2,0,10,0,0,0,10
01/21/2007,AFW,TX,ASW,CE,Towers with Radar,0,1,10,12,23,0,0,42,0,42,0,1,52,12,65,98,10,108,173
01/22/2007,AFW,TX,ASW,CE,Towers with Radar,7,3,24,10,44,0,8,60,0,68,7,11,84,10,112,30,10,40,152
01/23/2007,AFW,TX,ASW,CE,Towers with Radar,39,14,25,18,96,0,7,89,2,98,39,21,114,20,194,78,40,118,312
01/24/2007,AFW,TX,ASW,CE,Towers with Radar,40,17,47,27,131,0,0,74,6,80,40,17,121,33,211,94,60,154,365
01/25/2007,AFW,TX,ASW,CE,Towers with Radar,35,12,35,18,100,0,13,109,2,124,35,25,144,20,224,158,2,160,384
01/26/2007,AFW,TX,ASW,CE,Towers with Radar,30,11,18,46,105,0,4,88,4,96,30,15,106,50,201,124,34,158,359
01/27/2007,AFW,TX,ASW,CE,Towers with Radar,8,0,16,41,65,0,0,40,2,42,8,0,56,43,107,68,26,94,201
01/28/2007,AFW,TX,ASW,CE,Towers with Radar,0,0,23,21,44,0,0,50,3,53,0,0,73,24,97,90,8,98,195
01/29/2007,AFW,TX,ASW,CE,Towers with Radar,6,9,19,11,45,0,6,101,10,117,6,15,120,21,162,90,42,132,294
01/30/2007,AFW,TX,ASW,CE,Towers with Radar,35,13,18,28,94,0,5,93,8,106,35,18,111,36,200,122,38,160,360
01/31/2007,AFW,TX,ASW,CE,Towers with Radar,35,11,17,3,66,0,3,44,1,48,35,14,61,4,114,0,0,0,114
02/01/2007,AFW,TX,ASW,CE,Towers with Radar,39,11,28,0,78,0,0,2,0,2,39,11,30,0,80,2,0,2,82
02/02/2007,AFW,TX,ASW,CE,Towers with Radar,34,10,15,5,64,0,8,65,0,73,34,18,80,5,137,62,12,74,211
02/03/2007,AFW,TX,ASW,CE,Towers with Radar,12,6,14,16,48,0,0,44,0,44,12,6,58,16,92,100,0,100,192
02/04/2007,AFW,TX,ASW,CE,Towers with Radar,2,3,16,6,27,0,0,16,1,17,2,3,32,7,44,14,4,18,62
02/05/2007,AFW,TX,ASW,CE,Towers with Radar,6,6,39,14,65,0,6,110,1,117,6,12,149,15,182,114,2,116,298
02/06/2007,AFW,TX,ASW,CE,Towers with Radar,34,12,44,19,109,0,7,112,4,123,34,19,156,23,232,154,44,198,430
02/07/2007,AFW,TX,ASW,CE,Towers with Radar,37,19,17,46,119,0,21,71,6,98,37,40,88,52,217,68,22,90,307
02/08/2007,AFW,TX,ASW,CE,Towers with Radar,42,11,70,11,134,0,2,2,0,4,42,13,72,11,138,10,0,10,148
02/09/2007,AFW,TX,ASW,CE,Towers with Radar,29,17,28,35,109,0,0,44,1,45,29,17,72,36,154,10,8,18,172
02/10/2007,AFW,TX,ASW,CE,Towers with Radar,6,1,15,19,41,0,0,27,0,27,6,1,42,19,68,80,22,102,170
02/11/2007,AFW,TX,ASW,CE,Towers with Radar,3,4,11,34,52,0,3,21,2,26,3,7,32,36,78,36,14,50,128
02/12/2007,AFW,TX,ASW,CE,Towers with Radar,9,8,28,5,50,0,1,14,0,15,9,9,42,5,65,14,0,14,79
02/13/2007,AFW,TX,ASW,CE,Towers with Radar,34,13,22,38,107,0,8,45,4,57,34,21,67,42,164,4,16,20,184
02/14/2007,AFW,TX,ASW,CE,Towers with Radar,37,14,33,8,92,0,5,67,0,72,37,19,100,8,164,122,12,134,298
02/15/2007,AFW,TX,ASW,CE,Towers with Radar,38,17,23,6,84,0,0,121,1,122,38,17,144,7,206,92,2,94,300
02/16/2007,AFW,TX,ASW,CE,Towers with Radar,30,12,19,18,79,0,0,87,5,92,30,12,106,23,171,114,20,134,305
02/17/2007,AFW,TX,ASW,CE,Towers with Radar,6,3,18,0,27,0,0,26,0,26,6,3,44,0,53,62,0,62,115
02/18/2007,AFW,TX,ASW,CE,Towers with Radar,0,2,9,7,18,0,0,52,0,52,0,2,61,7,70,96,2,98,168
02/19/2007,AFW,TX,ASW,CE,Towers with Radar,6,5,8,30,49,0,1,47,0,48,6,6,55,30,97,34,50,84,181
02/20/2007,AFW,TX,ASW,CE,Towers with Radar,35,14,26,40,115,0,2,62,4,68,35,16,88,44,183,70,26,96,279
02/21/2007,AFW,TX,ASW,CE,Towers with Radar,35,26,24,22,107,0,0,100,5,105,35,26,124,27,212,166,24,190,402
02/22/2007,AFW,TX,ASW,CE,Towers with Radar,33,21,26,27,107,0,5,106,2,113,33,26,132,29,220,108,6,114,334
02/23/2007,AFW,TX,ASW,CE,Towers with Radar,30,17,46,18,111,0,1,43,2,46,30,18,89,20,157,18,14,32,189
02/24/2007,AFW,TX,ASW,CE,Towers with Radar,9,7,1,11,28,0,0,1,3,4,9,7,2,14,32,0,34,34,66
02/25/2007,AFW,TX,ASW,CE,Towers with Radar,1,7,21,12,41,0,0,47,6,53,1,7,68,18,94,46,0,46,140
02/26/2007,AFW,TX,ASW,CE,Towers with Radar,6,3,14,34,57,0,3,75,9,87,6,6,89,43,144,70,8,78,222
02/27/2007,AFW,TX,ASW,CE,Towers with Radar,34,19,30,25,108,0,3,72,4,79,34,22,102,29,187,78,30,108,295
02/28/2007,AFW,TX,ASW,CE,Towers with Radar,38,14,35,18,105,0,9,42,1,52,38,23,77,19,157,68,12,80,237
03/01/2007,AFW,TX,ASW,CE,Towers with Radar,39,19,32,9,99,0,2,78,8,88,39,21,110,17,187,74,12,86,273
03/02/2007,AFW,TX,ASW,CE,Towers with Radar,32,16,27,44,119,0,4,79,1,84,32,20,106,45,203,108,18,126,329
03/03/2007,AFW,TX,ASW,CE,Towers with Radar,7,1,11,13,32,0,0,35,0,35,7,1,46,13,67,106,24,130,197
03/04/2007,AFW,TX,ASW,CE,Towers with Radar,2,3,10,17,32,0,1,46,0,47,2,4,56,17,79,186,4,190,269
03/05/2007,AFW,TX,ASW,CE,Towers with Radar,4,4,21,13,42,0,1,94,5,100,4,5,115,18,142,86,24,110,252
03/06/2007,AFW,TX,ASW,CE,Towers with Radar,35,14,20,4,73,0,4,110,3,117,35,18,130,7,190,129,0,129,319
03/07/2007,AFW,TX,ASW,CE,Towers with Radar,35,21,30,18,104,0,4,96,7,107,35,25,126,25,211,128,12,140,351
03/08/2007,AFW,TX,ASW,CE,Towers with Radar,37,17,28,17,99,0,1,103,4,108,37,18,131,21,207,98,6,104,311
03/09/2007,AFW,TX,ASW,CE,Towers with Radar,29,17,17,40,103,0,0,83,3,86,29,17,100,43,189,104,2,106,295
03/10/2007,AFW,TX,ASW,CE,Towers with Radar,8,4,19,31,62,0,0,67,6,73,8,4,86,37,135,296,80,376,511
03/11/2007,AFW,TX,ASW,CE,Towers with Radar,0,5,14,14,33,0,0,30,0,30,0,5,44,14,63,100,26,126,189
03/12/2007,AFW,TX,ASW,CE,Towers with Radar,7,7,24,15,53,0,0,54,1,55,7,7,78,16,108,32,46,78,186
03/13/2007,AFW,TX,ASW,CE,Towers with Radar,33,13,23,1,70,0,1,36,0,37,33,14,59,1,107,4,0,4,111
03/14/2007,AFW,TX,ASW,CE,Towers with Radar,42,13,31,28,114,0,0,52,0,52,42,13,83,28,166,18,2,20,186
03/15/2007,AFW,TX,ASW,CE,Towers with Radar,36,12,16,11,75,0,3,84,2,89,36,15,100,13,164,72,6,78,242
03/16/2007,AFW,TX,ASW,CE,Towers with Radar,31,12,20,27,90,1,2,68,3,74,32,14,88,30,164,58,84,142,306
03/17/2007,AFW,TX,ASW,CE,Towers with Radar,6,1,9,24,40,0,0,66,0,66,6,1,75,24,106,142,14,156,262
03/18/2007,AFW,TX,ASW,CE,Towers with Radar,0,9,27,22,58,0,0,16,0,16,0,9,43,22,74,42,0,42,116
03/19/2007,AFW,TX,ASW,CE,Towers with Radar,5,6,24,34,69,0,0,75,4,79,5,6,99,38,148,100,46,146,294
03/20/2007,AFW,TX,ASW,CE,Towers with Radar,38,13,24,28,103,0,6,60,2,68,38,19,84,30,171,66,4,70,241
03/21/2007,AFW,TX,ASW,CE,Towers with Radar,33,13,29,8,83,0,3,45,0,48,33,16,74,8,131,16,0,16,147
03/22/2007,AFW,TX,ASW,CE,Towers with Radar,38,14,34,8,94,0,2,86,0,88,38,16,120,8,182,58,0,58,240
03/23/2007,AFW,TX,ASW,CE,Towers with Radar,29,11,33,2,75,1,0,48,2,51,30,11,81,4,126,22,0,22,148
03/24/2007,AFW,TX,ASW,CE,Towers with Radar,6,4,6,7,23,0,7,20,2,29,6,11,26,9,52,118,8,126,178
03/25/2007,AFW,TX,ASW,CE,Towers with Radar,2,2,25,5,34,0,1,26,0,27,2,3,51,5,61,92,2,94,155
03/26/2007,AFW,TX,ASW,CE,Towers with Radar,4,4,12,1,21,0,0,27,0,27,4,4,39,1,48,0,0,0,48
03/27/2007,AFW,TX,ASW,CE,Towers with Radar,33,14,28,15,90,0,3,92,3,98,33,17,120,18,188,86,2,88,276
03/28/2007,AFW,TX,ASW,CE,Towers with Radar,34,16,20,12,82,0,2,63,1,66,34,18,83,13,148,0,0,0,148
03/29/2007,AFW,TX,ASW,CE,Towers with Radar,32,9,24,1,66,0,3,42,0,45,32,12,66,1,111,18,0,18,129
03/30/2007,AFW,TX,ASW,CE,Towers with Radar,38,15,41,2,96,0,4,28,0,32,38,19,69,2,128,12,0,12,140
03/31/2007,AFW,TX,ASW,CE,Towers with Radar,8,5,12,24,49,0,0,44,0,44,8,5,56,24,93,88,90,178,271
04/01/2007,AFW,TX,ASW,CE,Towers with Radar,2,4,14,17,37,0,0,46,0,46,2,4,60,17,83,106,4,110,193
04/02/2007,AFW,TX,ASW,CE,Towers with Radar,5,9,12,12,38,0,4,68,0,72,5,13,80,12,110,138,6,144,254
04/03/2007,AFW,TX,ASW,CE,Towers with Radar,36,16,26,9,87,0,2,80,0,82,36,18,106,9,169,126,2,128,297
04/04/2007,AFW,TX,ASW,CE,Towers with Radar,37,17,27,19,100,0,1,55,6,62,37,18,82,25,162,32,20,52,214
04/05/2007,AFW,TX,ASW,CE,Towers with Radar,33,17,27,5,82,0,4,62,3,69,33,21,89,8,151,54,0,54,205
04/06/2007,AFW,TX,ASW,CE,Towers with Radar,31,19,22,12,84,0,3,30,0,33,31,22,52,12,117,78,0,78,195
04/07/2007,AFW,TX,ASW,CE,Towers with Radar,8,2,2,0,12,0,0,15,0,15,8,2,17,0,27,82,0,82,109
04/08/2007,AFW,TX,ASW,CE,Towers with Radar,1,1,6,0,8,0,0,5,0,5,1,1,11,0,13,10,0,10,23
04/09/2007,AFW,TX,ASW,CE,Towers with Radar,5,9,5,0,19,0,8,75,0,83,5,17,80,0,102,90,0,90,192
04/10/2007,AFW,TX,ASW,CE,Towers with Radar,33,15,29,27,104,0,5,40,5,50,33,20,69,32,154,4,30,34,188
04/11/2007,AFW,TX,ASW,CE,Towers with Radar,35,19,69,13,136,0,2,92,6,100,35,21,161,19,236,138,0,138,374
04/12/2007,AFW,TX,ASW,CE,Towers with Radar,36,22,68,6,132,0,7,82,2,91,36,29,150,8,223,60,0,60,283
04/13/2007,AFW,TX,ASW,CE,Towers with Radar,30,12,29,8,79,0,4,40,0,44,30,16,69,8,123,38,4,42,165
04/14/2007,AFW,TX,ASW,CE,Towers with Radar,9,25,37,10,81,0,0,29,0,29,9,25,66,10,110,16,0,16,126
04/15/2007,AFW,TX,ASW,CE,Towers with Radar,3,13,153,2,171,0,86,80,3,169,3,99,233,5,340,44,4,48,388
04/16/2007,AFW,TX,ASW,CE,Towers with Radar,4,9,34,8,55,0,0,109,3,112,4,9,143,11,167,310,12,322,489
04/17/2007,AFW,TX,ASW,CE,Towers with Radar,33,12,45,15,105,0,1,36,0,37,33,13,81,15,142,54,0,54,196
04/18/2007,AFW,TX,ASW,CE,Towers with Radar,35,17,33,20,105,0,6,98,8,112,35,23,131,28,217,98,32,130,347
04/19/2007,AFW,TX,ASW,CE,Towers with Radar,36,17,27,19,99,0,2,101,7,110,36,19,128,26,209,66,8,74,283
04/20/2007,AFW,TX,ASW,CE,Towers with Radar,31,13,34,33,111,0,3,74,3,80,31,16,108,36,191,120,12,132,323
04/21/2007,AFW,TX,ASW,CE,Towers with Radar,10,3,12,34,59,0,2,42,4,48,10,5,54,38,107,106,28,134,241
04/22/2007,AFW,TX,ASW,CE,Towers with Radar,4,5,19,26,54,0,0,24,2,26,4,5,43,28,80,32,4,36,116
04/23/2007,AFW,TX,ASW,CE,Towers with Radar,7,5,31,2,45,0,3,75,0,78,7,8,106,2,123,64,0,64,187
04/24/2007,AFW,TX,ASW,CE,Towers with Radar,32,11,26,2,71,0,0,20,0,20,32,11,46,2,91,6,0,6,97
04/25/2007,AFW,TX,ASW,CE,Towers with Radar,50,22,25,11,108,0,0,82,1,83,50,22,107,12,191,0,0,0,191
04/26/2007,AFW,TX,ASW,CE,Towers with Radar,37,15,24,24,100,0,4,149,3,156,37,19,173,27,256,180,8,188,444
04/27/2007,AFW,TX,ASW,CE,Towers with Radar,29,18,18,25,90,0,3,119,0,122,29,21,137,25,212,152,48,200,412
04/28/2007,AFW,TX,ASW,CE,Towers with Radar,6,0,26,76,108,0,0,51,0,51,6,0,77,76,159,158,94,252,411
04/29/2007,AFW,TX,ASW,CE,Towers with Radar,0,2,16,28,46,0,0,45,6,51,0,2,61,34,97,102,10,112,209
04/30/2007,AFW,TX,ASW,CE,Towers with Radar,5,13,10,2,30,0,4,63,0,67,5,17,73,2,97,84,0,84,181
05/01/2007,AFW,TX,ASW,CE,Towers with Radar,40,17,29,7,93,0,1,37,0,38,40,18,66,7,131,24,6,30,161
05/02/2007,AFW,TX,ASW,CE,Towers with Radar,35,11,23,10,79,1,0,48,0,49,36,11,71,10,128,26,0,26,154
05/03/2007,AFW,TX,ASW,CE,Towers with Radar,39,10,35,18,102,0,2,55,3,60,39,12,90,21,162,22,10,32,194
05/04/2007,AFW,TX,ASW,CE,Towers with Radar,30,15,35,26,106,0,1,65,17,83,30,16,100,43,189,90,14,104,293
05/05/2007,AFW,TX,ASW,CE,Towers with Radar,7,6,26,17,56,0,2,11,1,14,7,8,37,18,70,40,8,48,118
05/06/2007,AFW,TX,ASW,CE,Towers with Radar,0,2,15,29,46,0,0,11,7,18,0,2,26,36,64,20,12,32,96
05/07/2007,AFW,TX,ASW,CE,Towers with Radar,4,6,22,4,36,0,11,58,5,74,4,17,80,9,110,26,0,26,136
05/08/2007,AFW,TX,ASW,CE,Towers with Radar,34,12,30,12,88,0,7,68,8,83,34,19,98,20,171,132,0,132,303
05/09/2007,AFW,TX,ASW,CE,Towers with Radar,47,12,22,19,100,0,7,63,2,72,47,19,85,21,172,52,0,52,224
05/10/2007,AFW,TX,ASW,CE,Towers with Radar,43,10,26,18,97,1,7,98,0,106,44,17,124,18,203,54,0,54,257
05/11/2007,AFW,TX,ASW,CE,Towers with Radar,29,17,35,10,91,0,0,69,5,74,29,17,104,15,165,114,8,122,287
05/12/2007,AFW,TX,ASW,CE,Towers with Radar,6,8,28,6,48,0,0,45,0,45,6,8,73,6,93,110,12,122,215
05/13/2007,AFW,TX,ASW,CE,Towers with Radar,2,3,12,9,26,0,0,31,3,34,2,3,43,12,60,90,2,92,152
05/14/2007,AFW,TX,ASW,CE,Towers with Radar,7,9,17,11,44,0,0,58,3,61,7,9,75,14,105,20,4,24,129
05/15/2007,AFW,TX,ASW,CE,Towers with Radar,35,10,31,18,94,0,13,60,0,73,35,23,91,18,167,106,14,120,287
05/16/2007,AFW,TX,ASW,CE,Towers with Radar,35,24,27,22,108,0,1,99,4,104,35,25,126,26,212,78,12,90,302
05/17/2007,AFW,TX,ASW,CE,Towers with Radar,35,20,26,18,99,0,0,108,3,111,35,20,134,21,210,112,4,116,326
05/18/2007,AFW,TX,ASW,CE,Towers with Radar,33,10,19,36,98,0,9,127,3,139,33,19,146,39,237,142,14,156,393
05/19/2007,AFW,TX,ASW,CE,Towers with Radar,6,1,16,35,58,0,1,44,1,46,6,2,60,36,104,86,42,128,232
05/20/2007,AFW,TX,ASW,CE,Towers with Radar,0,4,11,49,64,0,0,41,3,44,0,4,52,52,108,86,44,130,238
05/21/2007,AFW,TX,ASW,CE,Towers with Radar,6,6,32,16,60,0,5,57,3,65,6,11,89,19,125,28,10,38,163
05/22/2007,AFW,TX,ASW,CE,Towers with Radar,36,14,31,42,123,0,6,46,5,57,36,20,77,47,180,70,22,92,272
05/23/2007,AFW,TX,ASW,CE,Towers with Radar,33,11,25,47,116,0,6,52,0,58,33,17,77,47,174,82,44,126,300
05/24/2007,AFW,TX,ASW,CE,Towers with Radar,33,9,19,14,75,0,1,43,9,53,33,10,62,23,128,32,22,54,182
05/25/2007,AFW,TX,ASW,CE,Towers with Radar,32,11,33,0,76,1,1,12,0,14,33,12,45,0,90,0,2,2,92
05/26/2007,AFW,TX,ASW,CE,Towers with Radar,8,0,14,12,34,0,0,4,0,4,8,0,18,12,38,4,6,10,48
05/27/2007,AFW,TX,ASW,CE,Towers with Radar,0,0,12,0,12,0,0,2,0,2,0,0,14,0,14,0,0,0,14
05/28/2007,AFW,TX,ASW,CE,Towers with Radar,0,4,15,23,42,0,0,14,0,14,0,4,29,23,56,42,4,46,102
05/29/2007,AFW,TX,ASW,CE,Towers with Radar,4,6,14,15,39,0,8,55,3,66,4,14,69,18,105,26,10,36,141
05/30/2007,AFW,TX,ASW,CE,Towers with Radar,34,13,31,7,85,0,1,61,0,62,34,14,92,7,147,54,10,64,211
05/31/2007,AFW,TX,ASW,CE,Towers with Radar,38,13,35,6,92,0,3,60,0,63,38,16,95,6,155,58,6,64,219
06/01/2007,AFW,TX,ASW,CE,Towers with Radar,31,11,11,17,70,0,0,66,3,69,31,11,77,20,139,92,32,124,263
06/02/2007,AFW,TX,ASW,CE,Towers with Radar,8,1,12,13,34,0,1,41,3,45,8,2,53,16,79,80,28,108,187
06/03/2007,AFW,TX,ASW,CE,Towers with Radar,1,2,11,14,28,0,0,44,0,44,1,2,55,14,72,70,2,72,144
06/04/2007,AFW,TX,ASW,CE,Towers with Radar,16,6,21,4,47,0,8,66,20,94,16,14,87,24,141,106,2,108,249
06/05/2007,AFW,TX,ASW,CE,Towers with Radar,34,19,29,15,97,0,2,80,12,94,34,21,109,27,191,104,30,134,325
06/06/2007,AFW,TX,ASW,CE,Towers with Radar,33,15,37,29,114,0,1,73,12,86,33,16,110,41,200,118,34,152,352
06/07/2007,AFW,TX,ASW,CE,Towers with Radar,36,12,33,22,103,0,3,60,2,65,36,15,93,24,168,26,26,52,220
06/08/2007,AFW,TX,ASW,CE,Towers with Radar,27,12,39,18,96,0,6,58,3,67,27,18,97,21,163,42,42,84,247
06/09/2007,AFW,TX,ASW,CE,Towers with Radar,12,9,13,21,55,0,0,46,0,46,12,9,59,21,101,34,14,48,149
06/10/2007,AFW,TX,ASW,CE,Towers with Radar,2,8,29,19,58,0,0,31,0,31,2,8,60,19,89,44,22,66,155
06/11/2007,AFW,TX,ASW,CE,Towers with Radar,5,4,17,19,45,0,2,98,2,102,5,6,115,21,147,112,4,116,263
06/12/2007,AFW,TX,ASW,CE,Towers with Radar,35,17,34,18,104,0,1,106,4,111,35,18,140,22,215,118,50,168,383
06/13/2007,AFW,TX,ASW,CE,Towers with Radar,34,27,24,18,103,0,1,73,5,79,34,28,97,23,182,58,36,94,276
06/14/2007,AFW,TX,ASW,CE,Towers with Radar,36,19,12,7,74,0,4,70,6,80,36,23,82,13,154,54,6,60,214
06/15/2007,AFW,TX,ASW,CE,Towers with Radar,27,11,24,13,75,1,3,54,1,59,28,14,78,14,134,64,34,98,232
06/16/2007,AFW,TX,ASW,CE,Towers with Radar,7,4,15,17,43,0,0,8,0,8,7,4,23,17,51,14,12,26,77
06/17/2007,AFW,TX,ASW,CE,Towers with Radar,0,5,17,11,33,0,0,0,1,1,0,5,17,12,34,0,0,0,34
06/18/2007,AFW,TX,ASW,CE,Towers with Radar,5,6,16,17,44,0,3,57,2,62,5,9,73,19,106,34,2,36,142
06/19/2007,AFW,TX,ASW,CE,Towers with Radar,33,15,34,21,103,0,3,58,11,72,33,18,92,32,175,32,54,86,261
06/20/2007,AFW,TX,ASW,CE,Towers with Radar,32,18,26,8,84,0,4,96,0,100,32,22,122,8,184,136,0,136,320
06/21/2007,AFW,TX,ASW,CE,Towers with Radar,36,20,34,9,99,0,3,86,0,89,36,23,120,9,188,146,0,146,334
06/22/2007,AFW,TX,ASW,CE,Towers with Radar,28,8,32,40,108,4,0,64,8,76,32,8,96,48,184,48,24,72,256
06/23/2007,AFW,TX,ASW,CE,Towers with Radar,6,0,12,51,69,0,0,53,0,53,6,0,65,51,122,130,26,156,278
06/24/2007,AFW,TX,ASW,CE,Towers with Radar,0,3,27,27,57,0,0,43,2,45,0,3,70,29,102,16,14,30,132
06/25/2007,AFW,TX,ASW,CE,Towers with Radar,6,5,23,4,38,0,2,69,0,71,6,7,92,4,109,98,0,98,207
06/26/2007,AFW,TX,ASW,CE,Towers with Radar,31,12,42,2,87,0,0,39,2,41,31,12,81,4,128,40,0,40,168
06/27/2007,AFW,TX,ASW,CE,Towers with Radar,37,20,38,8,103,0,5,59,0,64,37,25,97,8,167,158,22,180,347
06/28/2007,AFW,TX,ASW,CE,Towers with Radar,31,16,36,0,83,0,0,61,3,64,31,16,97,3,147,106,10,116,263
06/29/2007,AFW,TX,ASW,CE,Towers with Radar,30,18,18,13,79,1,2,43,4,50,31,20,61,17,129,94,4,98,227
06/30/2007,AFW,TX,ASW,CE,Towers with Radar,6,6,11,9,32,0,0,39,1,40,6,6,50,10,72,126,18,144,216
07/01/2007,AFW,TX,ASW,CE,Towers with Radar,1,1,4,9,15,0,0,26,0,26,1,1,30,9,41,56,0,56,97
07/02/2007,AFW,TX,ASW,CE,Towers with Radar,5,5,24,3,37,0,0,25,1,26,5,5,49,4,63,68,0,68,131
07/03/2007,AFW,TX,ASW,CE,Towers with Radar,33,10,30,4,77,0,0,19,3,22,33,10,49,7,99,26,2,28,127
07/04/2007,AFW,TX,ASW,CE,Towers with Radar,8,2,14,0,24,0,0,33,2,35,8,2,47,2,59,54,0,54,113
07/05/2007,AFW,TX,ASW,CE,Towers with Radar,23,7,23,6,59,0,0,24,0,24,23,7,47,6,83,8,0,8,91
07/06/2007,AFW,TX,ASW,CE,Towers with Radar,25,9,14,23,71,0,0,67,0,67,25,9,81,23,138,88,20,108,246
07/07/2007,AFW,TX,ASW,CE,Towers with Radar,6,5,18,12,41,0,1,77,4,82,6,6,95,16,123,174,12,186,309
07/08/2007,AFW,TX,ASW,CE,Towers with Radar,4,4,20,6,34,0,1,29,3,33,4,5,49,9,67,46,0,46,113
07/09/2007,AFW,TX,ASW,CE,Towers with Radar,7,5,33,32,77,0,0,86,6,92,7,5,119,38,169,200,26,226,395
07/10/2007,AFW,TX,ASW,CE,Towers with Radar,32,22,28,10,92,0,0,75,3,78,32,22,103,13,170,128,36,164,334
07/11/2007,AFW,TX,ASW,CE,Towers with Radar,34,14,34,10,92,0,2,92,0,94,34,16,126,10,186,96,0,96,282
07/12/2007,AFW,TX,ASW,CE,Towers with Radar,34,11,27,11,83,0,2,93,3,98,34,13,120,14,181,90,18,108,289
07/13/2007,AFW,TX,ASW,CE,Towers with Radar,28,7,19,3,57,0,1,58,0,59,28,8,77,3,116,100,0,100,216
07/14/2007,AFW,TX,ASW,CE,Towers with Radar,12,0,18,49,79,0,0,46,3,49,12,0,64,52,128,146,96,242,370
07/15/2007,AFW,TX,ASW,CE,Towers with Radar,1,5,12,31,49,0,0,29,0,29,1,5,41,31,78,46,16,62,140
07/16/2007,AFW,TX,ASW,CE,Towers with Radar,6,2,22,21,51,0,1,68,0,69,6,3,90,21,120,160,26,186,306
07/17/2007,AFW,TX,ASW,CE,Towers with Radar,31,16,42,5,94,0,4,76,3,83,31,20,118,8,177,147,0,147,324
07/18/2007,AFW,TX,ASW,CE,Towers with Radar,33,13,32,15,93,0,1,62,5,68,33,14,94,20,161,48,4,52,213
07/19/2007,AFW,TX,ASW,CE,Towers with Radar,37,16,41,31,125,0,0,87,6,93,37,16,128,37,218,140,12,152,370
07/20/2007,AFW,TX,ASW,CE,Towers with Radar,27,13,21,33,94,1,4,65,6,76,28,17,86,39,170,104,66,170,340
07/21/2007,AFW,TX,ASW,CE,Towers with Radar,8,5,26,28,67,0,2,24,1,27,8,7,50,29,94,48,16,64,158
07/22/2007,AFW,TX,ASW,CE,Towers with Radar,0,4,8,24,36,0,0,36,1,37,0,4,44,25,73,74,58,132,205
07/23/2007,AFW,TX,ASW,CE,Towers with Radar,6,4,16,10,36,0,2,57,3,62,6,6,73,13,98,138,22,160,258
07/24/2007,AFW,TX,ASW,CE,Towers with Radar,31,20,26,3,80,0,10,88,6,104,31,30,114,9,184,210,4,214,398
07/25/2007,AFW,TX,ASW,CE,Towers with Radar,33,19,28,6,86,0,10,93,1,104,33,29,121,7,190,234,2,236,426
07/26/2007,AFW,TX,ASW,CE,Towers with Radar,29,15,30,16,90,0,9,113,6,128,29,24,143,22,218,202,20,222,440
07/27/2007,AFW,TX,ASW,CE,Towers with Radar,28,17,25,17,87,1,6,76,4,87,29,23,101,21,174,112,36,148,322
07/28/2007,AFW,TX,ASW,CE,Towers with Radar,8,1,17,13,39,0,0,41,0,41,8,1,58,13,80,84,0,84,164
07/29/2007,AFW,TX,ASW,CE,Towers with Radar,0,3,18,17,38,0,0,24,2,26,0,3,42,19,64,31,6,37,101
07/30/2007,AFW,TX,ASW,CE,Towers with Radar,5,9,35,5,54,0,4,46,0,50,5,13,81,5,104,16,0,16,120
07/31/2007,AFW,TX,ASW,CE,Towers with Radar,29,18,20,19,86,0,4,47,2,53,29,22,67,21,139,158,6,164,303
08/01/2007,AFW,TX,ASW,CE,Towers with Radar,30,18,35,10,93,0,2,53,5,60,30,20,88,15,153,100,36,136,289
08/02/2007,AFW,TX,ASW,CE,Towers with Radar,35,15,33,22,105,0,3,89,1,93,35,18,122,23,198,164,8,172,370
08/03/2007,AFW,TX,ASW,CE,Towers with Radar,26,17,26,30,99,0,4,87,5,96,26,21,113,35,195,150,2,152,347
08/04/2007,AFW,TX,ASW,CE,Towers with Radar,7,1,19,24,51,0,0,60,3,63,7,1,79,27,114,176,26,202,316
08/05/2007,AFW,TX,ASW,CE,Towers with Radar,0,6,18,14,38,0,0,31,7,38,0,6,49,21,76,78,16,94,170
08/06/2007,AFW,TX,ASW,CE,Towers with Radar,6,2,16,12,36,1,2,62,1,66,7,4,78,13,102,130,40,170,272
08/07/2007,AFW,TX,ASW,CE,Towers with Radar,32,16,30,4,82,0,19,86,6,111,32,35,116,10,193,150,0,150,343
08/08/2007,AFW,TX,ASW,CE,Towers with Radar,30,18,25,15,88,0,6,77,1,84,30,24,102,16,172,102,2,104,276
08/09/2007,AFW,TX,ASW,CE,Towers with Radar,31,17,17,8,73,0,1,85,0,86,31,18,102,8,159,36,0,36,195
08/10/2007,AFW,TX,ASW,CE,Towers with Radar,27,16,23,27,93,1,1,68,4,74,28,17,91,31,167,122,20,142,309
08/11/2007,AFW,TX,ASW,CE,Towers with Radar,6,5,14,44,69,0,0,43,3,46,6,5,57,47,115,92,18,110,225
08/12/2007,AFW,TX,ASW,CE,Towers with Radar,0,3,9,22,34,0,0,33,3,36,0,3,42,25,70,50,10,60,130
08/13/2007,AFW,TX,ASW,CE,Towers with Radar,5,4,29,3,41,0,6,62,16,84,5,10,91,19,125,130,10,140,265
08/14/2007,AFW,TX,ASW,CE,Towers with Radar,31,20,24,11,86,0,5,89,3,97,31,25,113,14,183,124,16,140,323
08/15/2007,AFW,TX,ASW,CE,Towers with Radar,32,14,28,31,105,0,11,83,6,100,32,25,111,37,205,126,14,140,345
08/16/2007,AFW,TX,ASW,CE,Towers with Radar,30,24,28,4,86,0,4,117,0,121,30,28,145,4,207,98,0,98,305
08/17/2007,AFW,TX,ASW,CE,Towers with Radar,30,14,37,12,93,0,2,53,1,56,30,16,90,13,149,46,2,48,197
08/18/2007,AFW,TX,ASW,CE,Towers with Radar,7,0,23,20,50,0,0,33,1,34,7,0,56,21,84,74,0,74,158
08/19/2007,AFW,TX,ASW,CE,Towers with Radar,0,0,14,14,28,0,0,40,0,40,0,0,54,14,68,108,14,122,190
08/20/2007,AFW,TX,ASW,CE,Towers with Radar,5,5,20,13,43,0,3,69,0,72,5,8,89,13,115,96,12,108,223
08/21/2007,AFW,TX,ASW,CE,Towers with Radar,30,20,39,20,109,0,2,65,0,67,30,22,104,20,176,116,8,124,300
08/22/2007,AFW,TX,ASW,CE,Towers with Radar,29,22,29,39,119,0,0,73,3,76,29,22,102,42,195,74,6,80,275
08/23/2007,AFW,TX,ASW,CE,Towers with Radar,32,23,26,12,93,0,2,85,5,92,32,25,111,17,185,120,26,146,331
08/24/2007,AFW,TX,ASW,CE,Towers with Radar,30,15,39,28,112,0,1,103,8,112,30,16,142,36,224,82,58,140,364
08/25/2007,AFW,TX,ASW,CE,Towers with Radar,9,0,15,10,34,0,1,55,4,60,9,1,70,14,94,136,12,148,242
08/26/2007,AFW,TX,ASW,CE,Towers with Radar,1,1,10,15,27,0,0,41,0,41,1,1,51,15,68,81,10,91,159
08/27/2007,AFW,TX,ASW,CE,Towers with Radar,5,8,17,8,38,0,6,64,3,73,5,14,81,11,111,146,0,146,257
08/28/2007,AFW,TX,ASW,CE,Towers with Radar,32,19,27,16,94,0,1,72,3,76,32,20,99,19,170,146,16,162,332
08/29/2007,AFW,TX,ASW,CE,Towers with Radar,32,20,29,24,105,0,4,76,8,88,32,24,105,32,193,88,10,98,291
08/30/2007,AFW,TX,ASW,CE,Towers with Radar,48,24,15,8,95,0,0,55,1,56,48,24,70,9,151,80,2,82,233
08/31/2007,AFW,TX,ASW,CE,Towers with Radar,28,16,27,8,79,3,3,93,1,100,31,19,120,9,179,146,0,146,325
09/01/2007,AFW,TX,ASW,CE,Towers with Radar,7,0,7,5,19,0,0,46,6,52,7,0,53,11,71,108,4,112,183
09/02/2007,AFW,TX,ASW,CE,Towers with Radar,0,3,23,6,32,0,0,36,3,39,0,3,59,9,71,116,0,116,187
09/03/2007,AFW,TX,ASW,CE,Towers with Radar,1,6,18,1,26,0,0,44,0,44,1,6,62,1,70,158,0,158,228
09/04/2007,AFW,TX,ASW,CE,Towers with Radar,3,9,16,6,34,0,4,72,0,76,3,13,88,6,110,138,2,140,250
09/05/2007,AFW,TX,ASW,CE,Towers with Radar,35,19,40,17,111,0,3,49,0,52,35,22,89,17,163,66,14,80,243
09/06/2007,AFW,TX,ASW,CE,Towers with Radar,32,17,30,12,91,0,1,67,4,72,32,18,97,16,163,122,2,124,287
09/07/2007,AFW,TX,ASW,CE,Towers with Radar,28,16,28,33,105,0,2,94,8,104,28,18,122,41,209,102,34,136,345
09/08/2007,AFW,TX,ASW,CE,Towers with Radar,6,2,13,40,61,0,0,52,2,54,6,2,65,42,115,134,10,144,259
09/09/2007,AFW,TX,ASW,CE,Towers with Radar,10,11,12,34,67,0,0,9,9,18,10,11,21,43,85,18,8,26,111
09/10/2007,AFW,TX,ASW,CE,Towers with Radar,5,3,22,0,30,0,3,22,0,25,5,6,44,0,55,2,0,2,57
09/11/2007,AFW,TX,ASW,CE,Towers with Radar,30,17,41,23,111,0,2,79,12,93,30,19,120,35,204,174,42,216,420
09/12/2007,AFW,TX,ASW,CE,Towers with Radar,33,14,29,27,103,0,3,79,3,85,33,17,108,30,188,102,40,142,330
09/13/2007,AFW,TX,ASW,CE,Towers with Radar,31,20,35,17,103,0,1,82,6,89,31,21,117,23,192,60,22,82,274
09/14/2007,AFW,TX,ASW,CE,Towers with Radar,29,12,30,27,98,0,2,122,4,128,29,14,152,31,226,178,38,216,442
09/15/2007,AFW,TX,ASW,CE,Towers with Radar,6,2,12,54,74,0,0,37,2,39,6,2,49,56,113,104,20,124,237
09/16/2007,AFW,TX,ASW,CE,Towers with Radar,1,5,24,58,88,0,0,25,4,29,1,5,49,62,117,50,20,70,187
09/17/2007,AFW,TX,ASW,CE,Towers with Radar,8,2,18,10,38,0,2,67,3,72,8,4,85,13,110,40,42,82,192
09/18/2007,AFW,TX,ASW,CE,Towers with Radar,33,16,34,18,101,0,8,82,2,92,33,24,116,20,193,78,14,92,285
09/19/2007,AFW,TX,ASW,CE,Towers with Radar,33,23,50,24,130,0,0,109,1,110,33,23,159,25,240,86,76,162,402
09/20/2007,AFW,TX,ASW,CE,Towers with Radar,31,21,34,20,106,0,9,120,0,129,31,30,154,20,235,202,2,204,439
09/21/2007,AFW,TX,ASW,CE,Towers with Radar,26,12,30,21,89,0,2,90,3,95,26,14,120,24,184,88,36,124,308
09/22/2007,AFW,TX,ASW,CE,Towers with Radar,6,2,14,26,48,0,1,56,0,57,6,3,70,26,105,124,14,138,243
09/23/2007,AFW,TX,ASW,CE,Towers with Radar,1,1,16,24,42,0,0,30,0,30,1,1,46,24,72,62,12,74,146
09/24/2007,AFW,TX,ASW,CE,Towers with Radar,6,2,19,36,63,0,3,65,8,76,6,5,84,44,139,88,84,172,311
09/25/2007,AFW,TX,ASW,CE,Towers with Radar,41,21,28,16,106,0,9,79,0,88,41,30,107,16,194,150,14,164,358
09/26/2007,AFW,TX,ASW,CE,Towers with Radar,30,18,27,17,92,0,7,74,1,82,30,25,101,18,174,40,24,64,238
09/27/2007,AFW,TX,ASW,CE,Towers with Radar,32,14,29,6,81,0,6,73,2,81,32,20,102,8,162,48,0,48,210
09/28/2007,AFW,TX,ASW,CE,Towers with Radar,30,13,1,2,46,0,4,129,0,133,30,17,130,2,179,56,0,56,235
09/29/2007,AFW,TX,ASW,CE,Towers with Radar,7,0,22,0,29,0,1,54,0,55,7,1,76,0,84,168,0,168,252
09/30/2007,AFW,TX,ASW,CE,Towers with Radar,1,6,20,17,44,0,0,29,0,29,1,6,49,17,73,18,16,34,107
10/01/2007,AFW,TX,ASW,CE,Towers with Radar,6,9,17,2,34,0,1,73,4,78,6,10,90,6,112,130,0,130,242
10/02/2007,AFW,TX,ASW,CE,Towers with Radar,31,20,26,29,106,0,2,76,2,80,31,22,102,31,186,104,34,138,324
10/03/2007,AFW,TX,ASW,CE,Towers with Radar,31,35,27,12,105,0,4,65,0,69,31,39,92,12,174,128,0,128,302
10/04/2007,AFW,TX,ASW,CE,Towers with Radar,30,13,36,7,86,0,6,83,0,89,30,19,119,7,175,100,24,124,299
10/05/2007,AFW,TX,ASW,CE,Towers with Radar,26,20,31,14,91,0,1,69,0,70,26,21,100,14,161,76,10,86,247
10/06/2007,AFW,TX,ASW,CE,Towers with Radar,7,0,30,7,44,0,1,33,0,34,7,1,63,7,78,78,0,78,156
10/07/2007,AFW,TX,ASW,CE,Towers with Radar,0,2,24,5,31,0,2,46,0,48,0,4,70,5,79,110,0,110,189
10/08/2007,AFW,TX,ASW,CE,Towers with Radar,7,3,23,21,54,0,0,40,1,41,7,3,63,22,95,38,16,54,149
10/09/2007,AFW,TX,ASW,CE,Towers with Radar,31,18,33,21,103,0,2,79,1,82,31,20,112,22,185,182,18,200,385
10/10/2007,AFW,TX,ASW,CE,Towers with Radar,32,15,40,6,93,0,1,89,4,94,32,16,129,10,187,124,12,136,323
10/11/2007,AFW,TX,ASW,CE,Towers with Radar,30,19,27,5,81,0,0,96,3,99,30,19,123,8,180,150,34,184,364
10/12/2007,AFW,TX,ASW,CE,Towers with Radar,26,15,26,10,77,0,0,85,0,85,26,15,111,10,162,94,36,130,292
10/13/2007,AFW,TX,ASW,CE,Towers with Radar,8,8,10,19,45,0,0,54,2,56,8,8,64,21,101,36,2,38,139
10/14/2007,AFW,TX,ASW,CE,Towers with Radar,1,7,14,18,40,0,1,47,2,50,1,8,61,20,90,40,4,44,134
10/15/2007,AFW,TX,ASW,CE,Towers with Radar,8,5,11,8,32,0,1,45,1,47,8,6,56,9,79,10,0,10,89
10/16/2007,AFW,TX,ASW,CE,Towers with Radar,32,17,74,15,138,0,1,32,0,33,32,18,106,15,171,28,0,28,199
10/17/2007,AFW,TX,ASW,CE,Towers with Radar,35,12,51,31,129,0,11,65,1,77,35,23,116,32,206,74,0,74,280
10/18/2007,AFW,TX,ASW,CE,Towers with Radar,36,16,10,12,74,0,8,78,13,99,36,24,88,25,173,82,20,102,275
10/19/2007,AFW,TX,ASW,CE,Towers with Radar,25,14,9,15,63,0,6,65,6,77,25,20,74,21,140,22,48,70,210
10/20/2007,AFW,TX,ASW,CE,Towers with Radar,6,0,0,9,15,0,3,34,2,39,6,3,34,11,54,20,2,22,76
10/21/2007,AFW,TX,ASW,CE,Towers with Radar,1,2,0,12,15,0,3,29,2,34,1,5,29,14,49,0,4,4,53
10/22/2007,AFW,TX,ASW,CE,Towers with Radar,8,9,11,22,50,1,9,31,3,44,9,18,42,25,94,8,8,16,110
10/23/2007,AFW,TX,ASW,CE,Towers with Radar,31,17,23,49,120,0,7,111,8,126,31,24,134,57,246,170,60,230,476
10/24/2007,AFW,TX,ASW,CE,Towers with Radar,32,20,31,20,103,0,9,74,7,90,32,29,105,27,193,112,12,124,317
10/25/2007,AFW,TX,ASW,CE,Towers with Radar,34,24,50,20,128,0,2,114,4,120,34,26,164,24,248,194,14,208,456
10/26/2007,AFW,TX,ASW,CE,Towers with Radar,26,13,33,21,93,0,4,116,7,127,26,17,149,28,220,288,42,330,550
10/27/2007,AFW,TX,ASW,CE,Towers with Radar,9,6,14,18,47,0,0,71,0,71,9,6,85,18,118,202,40,242,360
10/28/2007,AFW,TX,ASW,CE,Towers with Radar,0,6,21,10,37,0,0,36,3,39,0,6,57,13,76,102,4,106,182
10/29/2007,AFW,TX,ASW,CE,Towers with Radar,6,5,27,11,49,0,8,119,1,128,6,13,146,12,177,260,2,262,439
10/30/2007,AFW,TX,ASW,CE,Towers with Radar,30,21,28,3,82,0,7,84,1,92,30,28,112,4,174,232,4,236,410
10/31/2007,AFW,TX,ASW,CE,Towers with Radar,32,21,47,9,109,0,7,100,5,112,32,28,147,14,221,206,0,206,427
11/01/2007,AFW,TX,ASW,CE,Towers with Radar,37,23,73,7,140,0,3,95,0,98,37,26,168,7,238,120,2,122,360
11/02/2007,AFW,TX,ASW,CE,Towers with Radar,26,16,58,16,116,0,4,66,6,76,26,20,124,22,192,124,26,150,342
11/03/2007,AFW,TX,ASW,CE,Towers with Radar,10,5,68,4,87,0,8,45,6,59,10,13,113,10,146,16,8,24,170
11/04/2007,AFW,TX,ASW,CE,Towers with Radar,2,20,137,6,165,0,140,58,1,199,2,160,195,7,364,6,0,6,370
11/05/2007,AFW,TX,ASW,CE,Towers with Radar,8,13,34,42,97,0,0,116,0,116,8,13,150,42,213,112,18,130,343
11/06/2007,AFW,TX,ASW,CE,Towers with Radar,38,23,43,12,116,0,2,103,2,107,38,25,146,14,223,142,10,152,375
11/07/2007,AFW,TX,ASW,CE,Towers with Radar,37,23,28,31,119,0,2,119,0,121,37,25,147,31,240,234,10,244,484
11/08/2007,AFW,TX,ASW,CE,Towers with Radar,37,22,29,15,103,0,2,155,3,160,37,24,184,18,263,210,18,228,491
11/09/2007,AFW,TX,ASW,CE,Towers with Radar,34,23,28,33,118,1,1,112,4,118,35,24,140,37,236,162,46,208,444
11/10/2007,AFW,TX,ASW,CE,Towers with Radar,10,3,18,7,38,0,4,95,16,115,10,7,113,23,153,102,16,118,271
11/11/2007,AFW,TX,ASW,CE,Towers with Radar,0,4,21,27,52,0,0,33,2,35,0,4,54,29,87,46,2,48,135
11/12/2007,AFW,TX,ASW,CE,Towers with Radar,7,11,22,20,60,0,0,73,5,78,7,11,95,25,138,94,28,122,260
11/13/2007,AFW,TX,ASW,CE,Towers with Radar,36,21,29,18,104,0,2,104,5,111,36,23,133,23,215,184,34,218,433
11/14/2007,AFW,TX,ASW,CE,Towers with Radar,44,19,26,29,118,0,1,66,7,74,44,20,92,36,192,84,42,126,318
11/15/2007,AFW,TX,ASW,CE,Towers with Radar,39,38,21,22,120,0,0,110,8,118,39,38,131,30,238,140,34,174,412
11/16/2007,AFW,TX,ASW,CE,Towers with Radar,30,15,29,20,94,0,1,82,1,84,30,16,111,21,178,96,18,114,292
11/17/2007,AFW,TX,ASW,CE,Towers with Radar,8,6,18,18,50,0,3,71,0,74,8,9,89,18,124,264,14,278,402
11/18/2007,AFW,TX,ASW,CE,Towers with Radar,0,1,5,15,21,0,0,36,0,36,0,1,41,15,57,48,2,50,107
11/19/2007,AFW,TX,ASW,CE,Towers with Radar,9,10,10,4,33,0,3,64,2,69,9,13,74,6,102,92,20,112,214
11/20/2007,AFW,TX,ASW,CE,Towers with Radar,37,20,28,15,100,0,2,57,8,67,37,22,85,23,167,162,8,170,337
11/21/2007,AFW,TX,ASW,CE,Towers with Radar,39,14,15,0,68,0,0,23,0,23,39,14,38,0,91,68,0,68,159
11/22/2007,AFW,TX,ASW,CE,Towers with Radar,10,1,8,0,19,0,2,11,0,13,10,3,19,0,32,4,0,4,36
11/23/2007,AFW,TX,ASW,CE,Towers with Radar,15,3,13,0,31,0,0,55,0,55,15,3,68,0,86,110,0,110,196
11/24/2007,AFW,TX,ASW,CE,Towers with Radar,9,4,3,0,16,0,1,4,0,5,9,5,7,0,21,8,0,8,29
11/25/2007,AFW,TX,ASW,CE,Towers with Radar,2,4,14,1,21,0,0,0,0,0,2,4,14,1,21,0,0,0,21
11/26/2007,AFW,TX,ASW,CE,Towers with Radar,6,9,17,23,55,0,1,80,4,85,6,10,97,27,140,56,6,62,202
11/27/2007,AFW,TX,ASW,CE,Towers with Radar,53,22,21,19,115,0,4,104,6,114,53,26,125,25,229,206,2,208,437
11/28/2007,AFW,TX,ASW,CE,Towers with Radar,36,31,36,11,114,0,9,104,5,118,36,40,140,16,232,146,2,148,380
11/29/2007,AFW,TX,ASW,CE,Towers with Radar,39,22,27,11,99,0,3,125,4,132,39,25,152,15,231,174,4,178,409
11/30/2007,AFW,TX,ASW,CE,Towers with Radar,32,16,23,43,114,0,0,105,0,105,32,16,128,43,219,150,34,184,403
12/01/2007,AFW,TX,ASW,CE,Towers with Radar,8,0,11,21,40,0,0,1,0,1,8,0,12,21,41,0,0,0,41
12/02/2007,AFW,TX,ASW,CE,Towers with Radar,0,3,12,42,57,0,0,23,4,27,0,3,35,46,84,8,44,52,136
12/03/2007,AFW,TX,ASW,CE,Towers with Radar,4,10,11,14,39,0,3,66,7,76,4,13,77,21,115,68,50,118,233
12/04/2007,AFW,TX,ASW,CE,Towers with Radar,48,25,34,33,140,0,0,82,7,89,48,25,116,40,229,140,42,182,411
12/05/2007,AFW,TX,ASW,CE,Towers with Radar,40,25,27,19,111,0,2,107,5,114,40,27,134,24,225,146,6,152,377
12/06/2007,AFW,TX,ASW,CE,Towers with Radar,39,25,33,9,106,0,2,125,8,135,39,27,158,17,241,172,4,176,417
12/07/2007,AFW,TX,ASW,CE,Towers with Radar,34,16,23,47,120,0,1,70,6,77,34,17,93,53,197,50,16,66,263
12/08/2007,AFW,TX,ASW,CE,Towers with Radar,11,0,17,14,42,0,0,19,1,20,11,0,36,15,62,72,0,72,134
12/09/2007,AFW,TX,ASW,CE,Towers with Radar,3,3,19,7,32,0,0,0,0,0,3,3,19,7,32,0,0,0,32
12/10/2007,AFW,TX,ASW,CE,Towers with Radar,4,10,16,2,32,2,0,0,0,2,6,10,16,2,34,0,0,0,34
12/11/2007,AFW,TX,ASW,CE,Towers with Radar,50,4,49,0,103,0,0,7,0,7,50,4,56,0,110,0,0,0,110
12/12/2007,AFW,TX,ASW,CE,Towers with Radar,47,22,41,2,112,0,0,23,0,23,47,22,64,2,135,2,0,2,137
12/13/2007,AFW,TX,ASW,CE,Towers with Radar,51,17,33,21,122,0,1,67,10,78,51,18,100,31,200,74,0,74,274
12/14/2007,AFW,TX,ASW,CE,Towers with Radar,43,15,15,5,78,1,1,0,0,2,44,16,15,5,80,0,0,0,80
12/15/2007,AFW,TX,ASW,CE,Towers with Radar,10,4,10,10,34,0,0,21,1,22,10,4,31,11,56,32,0,32,88
12/16/2007,AFW,TX,ASW,CE,Towers with Radar,3,1,8,33,45,0,0,65,0,65,3,1,73,33,110,158,38,196,306
12/17/2007,AFW,TX,ASW,CE,Towers with Radar,7,7,17,48,79,0,3,95,7,105,7,10,112,55,184,246,30,276,460
12/18/2007,AFW,TX,ASW,CE,Towers with Radar,50,27,26,27,130,0,7,85,11,103,50,34,111,38,233,224,18,242,475
12/19/2007,AFW,TX,ASW,CE,Towers with Radar,52,17,31,13,113,0,4,79,2,85,52,21,110,15,198,104,2,106,304
12/20/2007,AFW,TX,ASW,CE,Towers with Radar,54,23,35,24,136,0,3,68,6,77,54,26,103,30,213,74,72,146,359
12/21/2007,AFW,TX,ASW,CE,Towers with Radar,49,19,20,3,91,0,0,64,4,68,49,19,84,7,159,130,8,138,297
12/22/2007,AFW,TX,ASW,CE,Towers with Radar,35,7,12,0,54,1,0,6,0,7,36,7,18,0,61,16,0,16,77
12/23/2007,AFW,TX,ASW,CE,Towers with Radar,0,0,17,2,19,0,0,40,0,40,0,0,57,2,59,77,0,77,136
12/24/2007,AFW,TX,ASW,CE,Towers with Radar,0,0,6,0,6,0,0,16,0,16,0,0,22,0,22,18,0,18,40
12/25/2007,AFW,TX,ASW,CE,Towers with Radar,0,2,1,0,3,0,0,8,0,8,0,2,9,0,11,66,0,66,77
12/26/2007,AFW,TX,ASW,CE,Towers with Radar,12,4,10,0,26,0,2,30,0,32,12,6,40,0,58,40,0,40,98
12/27/2007,AFW,TX,ASW,CE,Towers with Radar,32,14,27,3,76,0,3,28,1,32,32,17,55,4,108,64,0,64,172
12/28/2007,AFW,TX,ASW,CE,Towers with Radar,26,13,23,4,66,0,0,46,7,53,26,13,69,11,119,130,0,130,249
12/29/2007,AFW,TX,ASW,CE,Towers with Radar,10,1,24,0,35,0,0,53,2,55,10,1,77,2,90,126,0,126,216
12/30/2007,AFW,TX,ASW,CE,Towers with Radar,0,2,7,5,14,0,0,38,0,38,0,2,45,5,52,22,8,30,82
12/31/2007,AFW,TX,ASW,CE,Towers with Radar,0,2,7,3,12,0,2,38,3,43,0,4,45,6,55,92,0,92,147
01/01/2008,AFW,TX,ASW,CE,Towers with Radar,1,2,5,0,8,0,1,12,5,18,1,3,17,5,26,12,14,26,52
01/02/2008,AFW,TX,ASW,CE,Towers with Radar,12,6,8,6,32,0,3,64,6,73,12,9,72,12,105,118,30,148,253
01/03/2008,AFW,TX,ASW,CE,Towers with Radar,32,22,24,6,84,0,0,69,15,84,32,22,93,21,168,108,6,114,282
01/04/2008,AFW,TX,ASW,CE,Towers with Radar,28,13,21,42,104,1,1,37,1,40,29,14,58,43,144,46,24,70,214
01/05/2008,AFW,TX,ASW,CE,Towers with Radar,6,3,15,19,43,0,1,39,7,47,6,4,54,26,90,72,4,76,166
01/06/2008,AFW,TX,ASW,CE,Towers with Radar,1,0,14,2,17,0,0,29,3,32,1,0,43,5,49,72,0,72,121
01/07/2008,AFW,TX,ASW,CE,Towers with Radar,5,3,7,8,23,0,3,77,2,82,5,6,84,10,105,70,6,76,181
01/08/2008,AFW,TX,ASW,CE,Towers with Radar,32,18,28,22,100,0,2,77,8,87,32,20,105,30,187,108,62,170,357
01/09/2008,AFW,TX,ASW,CE,Towers with Radar,29,16,18,26,89,0,2,98,1,101,29,18,116,27,190,250,28,278,468
01/10/2008,AFW,TX,ASW,CE,Towers with Radar,34,31,25,9,99,0,5,81,5,91,34,36,106,14,190,70,22,92,282
01/11/2008,AFW,TX,ASW,CE,Towers with Radar,25,16,46,36,123,1,6,124,4,135,26,22,170,40,258,170,50,220,478
01/12/2008,AFW,TX,ASW,CE,Towers with Radar,6,3,15,18,42,0,0,45,5,50,6,3,60,23,92,58,26,84,176
01/13/2008,AFW,TX,ASW,CE,Towers with Radar,4,8,10,25,47,0,0,44,0,44,4,8,54,25,91,82,34,116,207
01/14/2008,AFW,TX,ASW,CE,Towers with Radar,4,7,13,32,56,0,7,96,1,104,4,14,109,33,160,170,10,180,340
01/15/2008,AFW,TX,ASW,CE,Towers with Radar,30,19,31,17,97,0,3,88,8,99,30,22,119,25,196,156,16,172,368
01/16/2008,AFW,TX,ASW,CE,Towers with Radar,30,25,34,41,130,0,2,62,5,69,30,27,96,46,199,86,14,100,299
01/17/2008,AFW,TX,ASW,CE,Towers with Radar,35,22,28,6,91,0,1,103,1,105,35,23,131,7,196,122,0,122,318
01/18/2008,AFW,TX,ASW,CE,Towers with Radar,29,15,25,13,82,1,3,80,6,90,30,18,105,19,172,150,28,178,350
01/19/2008,AFW,TX,ASW,CE,Towers with Radar,8,2,11,15,36,0,2,52,1,55,8,4,63,16,91,134,6,140,231
01/20/2008,AFW,TX,ASW,CE,Towers with Radar,1,2,6,12,21,0,0,40,4,44,1,2,46,16,65,44,12,56,121
01/21/2008,AFW,TX,ASW,CE,Towers with Radar,8,5,20,6,39,0,0,35,0,35,8,5,55,6,74,38,0,38,112
01/22/2008,AFW,TX,ASW,CE,Towers with Radar,34,10,38,4,86,1,2,35,0,38,35,12,73,4,124,14,0,14,138
01/23/2008,AFW,TX,ASW,CE,Towers with Radar,33,20,24,12,89,1,4,72,0,77,34,24,96,12,166,142,8,150,316
01/24/2008,AFW,TX,ASW,CE,Towers with Radar,29,15,20,9,73,0,0,74,3,77,29,15,94,12,150,78,0,78,228
01/25/2008,AFW,TX,ASW,CE,Towers with Radar,26,6,21,7,60,0,1,7,0,8,26,7,28,7,68,14,0,14,82
01/26/2008,AFW,TX,ASW,CE,Towers with Radar,7,0,12,11,30,0,0,42,0,42,7,0,54,11,72,110,20,130,202
01/27/2008,AFW,TX,ASW,CE,Towers with Radar,1,2,16,14,33,0,0,26,0,26,1,2,42,14,59,68,0,68,127
01/28/2008,AFW,TX,ASW,CE,Towers with Radar,3,4,16,5,28,0,0,52,0,52,3,4,68,5,80,36,6,42,122
01/29/2008,AFW,TX,ASW,CE,Towers with Radar,33,17,17,3,70,0,1,47,0,48,33,18,64,3,118,18,6,24,142
01/30/2008,AFW,TX,ASW,CE,Towers with Radar,31,21,22,14,88,0,8,67,0,75,31,29,89,14,163,46,2,48,211
01/31/2008,AFW,TX,ASW,CE,Towers with Radar,34,18,20,0,72,0,2,33,0,35,34,20,53,0,107,44,0,44,151
02/01/2008,AFW,TX,ASW,CE,Towers with Radar,27,13,27,6,73,0,2,63,1,66,27,15,90,7,139,80,22,102,241
02/02/2008,AFW,TX,ASW,CE,Towers with Radar,6,5,6,23,40,0,3,58,0,61,6,8,64,23,101,176,6,182,283
02/03/2008,AFW,TX,ASW,CE,Towers with Radar,1,4,18,15,38,0,1,29,0,30,1,5,47,15,68,72,0,72,140
02/04/2008,AFW,TX,ASW,CE,Towers with Radar,4,9,15,29,57,0,0,56,3,59,4,9,71,32,116,52,40,92,208
02/05/2008,AFW,TX,ASW,CE,Towers with Radar,30,20,17,33,100,0,1,45,14,60,30,21,62,47,160,58,12,70,230
02/06/2008,AFW,TX,ASW,CE,Towers with Radar,32,23,27,29,111,0,2,89,4,95,32,25,116,33,206,146,18,164,370
02/07/2008,AFW,TX,ASW,CE,Towers with Radar,31,18,20,31,100,0,4,73,0,77,31,22,93,31,177,50,50,100,277
02/08/2008,AFW,TX,ASW,CE,Towers with Radar,29,12,28,34,103,0,4,56,2,62,29,16,84,36,165,53,26,79,244
02/09/2008,AFW,TX,ASW,CE,Towers with Radar,6,2,17,9,34,0,0,50,2,52,6,2,67,11,86,130,22,152,238
02/10/2008,AFW,TX,ASW,CE,Towers with Radar,0,1,21,8,30,0,0,18,1,19,0,1,39,9,49,36,6,42,91
02/11/2008,AFW,TX,ASW,CE,Towers with Radar,5,4,13,0,22,0,0,45,0,45,5,4,58,0,67,30,0,30,97
02/12/2008,AFW,TX,ASW,CE,Towers with Radar,35,23,39,20,117,0,5,55,1,61,35,28,94,21,178,26,28,54,232
02/13/2008,AFW,TX,ASW,CE,Towers with Radar,35,21,36,2,94,0,3,85,0,88,35,24,121,2,182,102,0,102,284
02/14/2008,AFW,TX,ASW,CE,Towers with Radar,35,21,21,12,89,0,3,56,2,61,35,24,77,14,150,48,18,66,216
02/15/2008,AFW,TX,ASW,CE,Towers with Radar,26,14,48,9,97,0,2,8,0,10,26,16,56,9,107,2,0,2,109
02/16/2008,AFW,TX,ASW,CE,Towers with Radar,6,0,4,1,11,0,0,0,0,0,6,0,4,1,11,0,0,0,11
02/17/2008,AFW,TX,ASW,CE,Towers with Radar,7,2,10,10,29,0,0,13,1,14,7,2,23,11,43,74,2,76,119
02/18/2008,AFW,TX,ASW,CE,Towers with Radar,4,6,21,11,42,0,0,74,0,74,4,6,95,11,116,118,0,118,234
02/19/2008,AFW,TX,ASW,CE,Towers with Radar,30,14,23,26,93,0,1,67,2,70,30,15,90,28,163,36,18,54,217
02/20/2008,AFW,TX,ASW,CE,Towers with Radar,28,24,33,29,114,0,5,73,0,78,28,29,106,29,192,152,26,178,370
02/21/2008,AFW,TX,ASW,CE,Towers with Radar,31,15,33,5,84,0,0,18,0,18,31,15,51,5,102,0,0,0,102
02/22/2008,AFW,TX,ASW,CE,Towers with Radar,32,15,30,77,154,0,1,57,3,61,32,16,87,80,215,70,90,160,375
02/23/2008,AFW,TX,ASW,CE,Towers with Radar,6,10,9,28,53,0,0,40,1,41,6,10,49,29,94,90,12,102,196
02/24/2008,AFW,TX,ASW,CE,Towers with Radar,2,3,17,32,54,0,2,26,4,32,2,5,43,36,86,60,12,72,158
02/25/2008,AFW,TX,ASW,CE,Towers with Radar,7,7,19,32,65,0,6,57,10,73,7,13,76,42,138,16,4,20,158
02/26/2008,AFW,TX,ASW,CE,Towers with Radar,29,21,30,47,127,0,3,48,0,51,29,24,78,47,178,16,28,44,222
02/27/2008,AFW,TX,ASW,CE,Towers with Radar,35,19,22,11,87,2,1,116,5,124,37,20,138,16,211,196,16,212,423
02/28/2008,AFW,TX,ASW,CE,Towers with Radar,29,14,30,21,94,0,0,92,3,95,29,14,122,24,189,80,4,84,273
02/29/2008,AFW,TX,ASW,CE,Towers with Radar,26,16,19,44,105,0,2,92,2,96,26,18,111,46,201,218,44,262,463
03/01/2008,AFW,TX,ASW,CE,Towers with Radar,7,3,18,30,58,0,2,53,2,57,7,5,71,32,115,189,40,229,344
03/02/2008,AFW,TX,ASW,CE,Towers with Radar,1,1,5,34,41,0,0,3,0,3,1,1,8,34,44,4,4,8,52
03/03/2008,AFW,TX,ASW,CE,Towers with Radar,4,2,8,3,17,0,0,22,0,22,4,2,30,3,39,0,0,0,39
03/04/2008,AFW,TX,ASW,CE,Towers with Radar,29,17,28,19,93,0,6,95,17,118,29,23,123,36,211,138,14,152,363
03/05/2008,AFW,TX,ASW,CE,Towers with Radar,31,24,28,32,115,0,8,91,20,119,31,32,119,52,234,86,28,114,348
03/06/2008,AFW,TX,ASW,CE,Towers with Radar,32,17,18,0,67,0,1,19,0,20,32,18,37,0,87,24,0,24,111
03/07/2008,AFW,TX,ASW,CE,Towers with Radar,28,9,25,14,76,0,3,70,1,74,28,12,95,15,150,50,8,58,208
03/08/2008,AFW,TX,ASW,CE,Towers with Radar,8,3,22,13,46,0,2,74,3,79,8,5,96,16,125,102,26,128,253
03/09/2008,AFW,TX,ASW,CE,Towers with Radar,1,2,15,4,22,0,2,43,5,50,1,4,58,9,72,62,0,62,134
03/10/2008,AFW,TX,ASW,CE,Towers with Radar,3,7,23,5,38,0,10,94,0,104,3,17,117,5,142,122,2,124,266
03/11/2008,AFW,TX,ASW,CE,Towers with Radar,32,18,34,3,87,0,5,98,3,106,32,23,132,6,193,176,0,176,369
03/12/2008,AFW,TX,ASW,CE,Towers with Radar,30,22,31,7,90,0,18,94,1,113,30,40,125,8,203,130,10,140,343
03/13/2008,AFW,TX,ASW,CE,Towers with Radar,33,28,26,23,110,0,7,66,7,80,33,35,92,30,190,82,4,86,276
03/14/2008,AFW,TX,ASW,CE,Towers with Radar,28,10,29,38,105,0,7,63,3,73,28,17,92,41,178,146,76,222,400
03/15/2008,AFW,TX,ASW,CE,Towers with Radar,6,7,23,23,59,0,2,51,3,56,6,9,74,26,115,94,14,108,223
03/16/2008,AFW,TX,ASW,CE,Towers with Radar,2,1,15,43,61,0,2,28,6,36,2,3,43,49,97,46,10,56,153
03/17/2008,AFW,TX,ASW,CE,Towers with Radar,3,5,10,4,22,0,0,54,0,54,3,5,64,4,76,6,0,6,82
03/18/2008,AFW,TX,ASW,CE,Towers with Radar,32,11,21,0,64,0,0,7,0,7,32,11,28,0,71,0,0,0,71
03/19/2008,AFW,TX,ASW,CE,Towers with Radar,40,18,34,12,104,0,6,89,10,105,40,24,123,22,209,124,22,146,355
03/20/2008,AFW,TX,ASW,CE,Towers with Radar,31,18,36,12,97,0,6,82,4,92,31,24,118,16,189,100,10,110,299
03/21/2008,AFW,TX,ASW,CE,Towers with Radar,29,10,28,28,95,0,2,64,0,66,29,12,92,28,161,118,30,148,309
03/22/2008,AFW,TX,ASW,CE,Towers with Radar,9,1,12,1,23,0,0,54,0,54,9,1,66,1,77,124,0,124,201
03/23/2008,AFW,TX,ASW,CE,Towers with Radar,0,1,6,2,9,0,0,17,0,17,0,1,23,2,26,10,2,12,38
03/24/2008,AFW,TX,ASW,CE,Towers with Radar,9,6,38,7,60,0,4,94,3,101,9,10,132,10,161,218,0,218,379
03/25/2008,AFW,TX,ASW,CE,Towers with Radar,31,16,21,11,79,4,8,65,6,83,35,24,86,17,162,142,26,168,330
03/26/2008,AFW,TX,ASW,CE,Towers with Radar,30,18,20,12,80,1,11,86,5,103,31,29,106,17,183,72,28,100,283
03/27/2008,AFW,TX,ASW,CE,Towers with Radar,36,18,23,40,117,0,7,70,1,78,36,25,93,41,195,60,6,66,261
03/28/2008,AFW,TX,ASW,CE,Towers with Radar,28,13,35,15,91,2,2,59,0,63,30,15,94,15,154,242,24,266,420
03/29/2008,AFW,TX,ASW,CE,Towers with Radar,6,12,12,15,45,0,0,1,0,1,6,12,13,15,46,0,0,0,46
03/30/2008,AFW,TX,ASW,CE,Towers with Radar,0,0,11,13,24,0,0,23,2,25,0,0,34,15,49,100,8,108,157
03/31/2008,AFW,TX,ASW,CE,Towers with Radar,5,7,17,11,40,0,4,51,0,55,5,11,68,11,95,88,30,118,213
04/01/2008,AFW,TX,ASW,CE,Towers with Radar,38,17,20,14,89,0,4,76,0,80,38,21,96,14,169,130,24,154,323
04/02/2008,AFW,TX,ASW,CE,Towers with Radar,30,21,49,9,109,0,0,79,0,79,30,21,128,9,188,116,0,116,304
04/03/2008,AFW,TX,ASW,CE,Towers with Radar,30,20,76,10,136,0,0,56,1,57,30,20,132,11,193,16,34,50,243
04/04/2008,AFW,TX,ASW,CE,Towers with Radar,28,15,45,16,104,0,4,88,4,96,28,19,133,20,200,70,8,78,278
04/05/2008,AFW,TX,ASW,CE,Towers with Radar,8,10,48,11,77,0,4,66,15,85,8,14,114,26,162,94,6,100,262
04/06/2008,AFW,TX,ASW,CE,Towers with Radar,3,22,132,4,161,0,87,50,5,142,3,109,182,9,303,26,8,34,337
04/07/2008,AFW,TX,ASW,CE,Towers with Radar,3,11,49,14,77,0,9,89,1,99,3,20,138,15,176,68,16,84,260
04/08/2008,AFW,TX,ASW,CE,Towers with Radar,29,17,25,6,77,0,5,109,8,122,29,22,134,14,199,192,20,212,411
04/09/2008,AFW,TX,ASW,CE,Towers with Radar,27,21,43,3,94,0,0,16,0,16,27,21,59,3,110,4,0,4,114
04/10/2008,AFW,TX,ASW,CE,Towers with Radar,32,23,33,20,108,0,1,74,1,76,32,24,107,21,184,56,0,56,240
04/11/2008,AFW,TX,ASW,CE,Towers with Radar,27,16,24,35,102,2,0,88,6,96,29,16,112,41,198,180,64,244,442
04/12/2008,AFW,TX,ASW,CE,Towers with Radar,7,4,6,37,54,0,0,38,4,42,7,4,44,41,96,46,48,94,190
04/13/2008,AFW,TX,ASW,CE,Towers with Radar,2,2,20,19,43,0,0,20,6,26,2,2,40,25,69,46,14,60,129
04/14/2008,AFW,TX,ASW,CE,Towers with Radar,5,8,35,6,54,0,6,103,8,117,5,14,138,14,171,128,18,146,317
04/15/2008,AFW,TX,ASW,CE,Towers with Radar,28,19,23,14,84,0,2,98,10,110,28,21,121,24,194,182,26,208,402
04/16/2008,AFW,TX,ASW,CE,Towers with Radar,25,21,32,23,101,0,0,85,10,95,25,21,117,33,196,118,66,184,380
04/17/2008,AFW,TX,ASW,CE,Towers with Radar,29,15,17,24,85,0,3,85,1,89,29,18,102,25,174,74,6,80,254
04/18/2008,AFW,TX,ASW,CE,Towers with Radar,23,9,31,25,88,0,3,108,1,112,23,12,139,26,200,164,38,202,402
04/19/2008,AFW,TX,ASW,CE,Towers with Radar,6,4,16,20,46,0,0,71,9,80,6,4,87,29,126,202,22,224,350
04/20/2008,AFW,TX,ASW,CE,Towers with Radar,0,4,24,23,51,0,4,44,0,48,0,8,68,23,99,130,8,138,237
04/21/2008,AFW,TX,ASW,CE,Towers with Radar,4,14,44,18,80,0,2,83,3,88,4,16,127,21,168,142,30,172,340
04/22/2008,AFW,TX,ASW,CE,Towers with Radar,40,18,32,37,127,3,2,96,0,101,43,20,128,37,228,192,0,192,420
04/23/2008,AFW,TX,ASW,CE,Towers with Radar,27,21,37,5,90,0,0,74,0,74,27,21,111,5,164,110,0,110,274
04/24/2008,AFW,TX,ASW,CE,Towers with Radar,31,21,31,12,95,0,6,66,3,75,31,27,97,15,170,134,16,150,320
04/25/2008,AFW,TX,ASW,CE,Towers with Radar,22,10,23,12,67,2,9,40,0,51,24,19,63,12,118,26,30,56,174
04/26/2008,AFW,TX,ASW,CE,Towers with Radar,6,2,11,13,32,0,3,53,3,59,6,5,64,16,91,136,76,212,303
04/27/2008,AFW,TX,ASW,CE,Towers with Radar,1,4,13,10,28,0,2,9,3,14,1,6,22,13,42,52,20,72,114
04/28/2008,AFW,TX,ASW,CE,Towers with Radar,4,8,23,10,45,0,6,95,5,106,4,14,118,15,151,212,44,256,407
04/29/2008,AFW,TX,ASW,CE,Towers with Radar,28,18,23,19,88,0,5,96,8,109,28,23,119,27,197,124,100,224,421
04/30/2008,AFW,TX,ASW,CE,Towers with Radar,29,16,24,24,93,0,6,70,0,76,29,22,94,24,169,122,10,132,301
05/01/2008,AFW,TX,ASW,CE,Towers with Radar,32,12,17,12,73,0,4,53,2,59,32,16,70,14,132,108,18,126,258
05/02/2008,AFW,TX,ASW,CE,Towers with Radar,25,16,34,6,81,0,3,89,0,92,25,19,123,6,173,240,2,242,415
05/03/2008,AFW,TX,ASW,CE,Towers with Radar,6,1,12,21,40,0,0,35,4,39,6,1,47,25,79,78,72,150,229
05/04/2008,AFW,TX,ASW,CE,Towers with Radar,1,3,11,17,32,0,0,49,1,50,1,3,60,18,82,108,0,108,190
05/05/2008,AFW,TX,ASW,CE,Towers with Radar,4,9,22,3,38,0,0,70,0,70,4,9,92,3,108,110,2,112,220
05/06/2008,AFW,TX,ASW,CE,Towers with Radar,26,19,60,5,110,0,1,36,0,37,26,20,96,5,147,52,0,52,199
05/07/2008,AFW,TX,ASW,CE,Towers with Radar,28,13,28,9,78,0,2,72,0,74,28,15,100,9,152,154,10,164,316
05/08/2008,AFW,TX,ASW,CE,Towers with Radar,31,9,26,10,76,0,3,146,11,160,31,12,172,21,236,216,18,234,470
05/09/2008,AFW,TX,ASW,CE,Towers with Radar,18,9,29,38,94,0,2,77,1,80,18,11,106,39,174,188,48,236,410
05/10/2008,AFW,TX,ASW,CE,Towers with Radar,6,3,22,14,45,0,0,43,1,44,6,3,65,15,89,92,12,104,193
05/11/2008,AFW,TX,ASW,CE,Towers with Radar,1,0,14,2,17,0,0,23,6,29,1,0,37,8,46,66,0,66,112
05/12/2008,AFW,TX,ASW,CE,Towers with Radar,5,6,28,0,39,0,2,81,1,84,5,8,109,1,123,96,0,96,219
05/13/2008,AFW,TX,ASW,CE,Towers with Radar,29,15,29,2,75,0,8,28,0,36,29,23,57,2,111,8,0,8,119
05/14/2008,AFW,TX,ASW,CE,Towers with Radar,27,17,39,2,85,0,4,51,3,58,27,21,90,5,143,92,0,92,235
05/15/2008,AFW,TX,ASW,CE,Towers with Radar,53,19,46,6,124,0,9,90,5,104,53,28,136,11,228,104,2,106,334
05/16/2008,AFW,TX,ASW,CE,Towers with Radar,19,15,32,29,95,0,7,87,0,94,19,22,119,29,189,192,22,214,403
05/17/2008,AFW,TX,ASW,CE,Towers with Radar,7,2,8,41,58,0,1,49,5,55,7,3,57,46,113,86,26,112,225
05/18/2008,AFW,TX,ASW,CE,Towers with Radar,0,11,14,29,54,0,0,26,4,30,0,11,40,33,84,100,4,104,188
05/19/2008,AFW,TX,ASW,CE,Towers with Radar,6,9,18,25,58,0,4,92,3,99,6,13,110,28,157,90,2,92,249
05/20/2008,AFW,TX,ASW,CE,Towers with Radar,26,20,26,21,93,1,6,109,2,118,27,26,135,23,211,184,16,200,411
05/21/2008,AFW,TX,ASW,CE,Towers with Radar,29,13,29,16,87,1,4,107,6,118,30,17,136,22,205,222,6,228,433
05/22/2008,AFW,TX,ASW,CE,Towers with Radar,26,18,28,14,86,0,4,83,4,91,26,22,111,18,177,52,8,60,237
05/23/2008,AFW,TX,ASW,CE,Towers with Radar,22,20,41,27,110,0,0,57,5,62,22,20,98,32,172,110,16,126,298
05/24/2008,AFW,TX,ASW,CE,Towers with Radar,6,1,12,9,28,0,1,37,5,43,6,2,49,14,71,122,6,128,199
05/25/2008,AFW,TX,ASW,CE,Towers with Radar,1,4,15,10,30,0,0,21,0,21,1,4,36,10,51,66,10,76,127
05/26/2008,AFW,TX,ASW,CE,Towers with Radar,0,6,17,7,30,0,2,34,3,39,0,8,51,10,69,114,8,122,191
05/27/2008,AFW,TX,ASW,CE,Towers with Radar,6,9,18,6,39,0,0,24,3,27,6,9,42,9,66,32,0,32,98
05/28/2008,AFW,TX,ASW,CE,Towers with Radar,27,19,27,32,105,0,8,107,8,123,27,27,134,40,228,212,74,286,514
05/29/2008,AFW,TX,ASW,CE,Towers with Radar,27,16,41,11,95,0,4,100,7,111,27,20,141,18,206,178,36,214,420
05/30/2008,AFW,TX,ASW,CE,Towers with Radar,20,11,17,24,72,0,8,73,0,81,20,19,90,24,153,134,42,176,329
05/31/2008,AFW,TX,ASW,CE,Towers with Radar,6,2,14,23,45,0,3,59,8,70,6,5,73,31,115,130,74,204,319
06/01/2008,AFW,TX,ASW,CE,Towers with Radar,1,2,10,33,46,0,0,30,3,33,1,2,40,36,79,122,8,130,209
06/02/2008,AFW,TX,ASW,CE,Towers with Radar,4,7,15,16,42,0,4,57,4,65,4,11,72,20,107,104,8,112,219
06/03/2008,AFW,TX,ASW,CE,Towers with Radar,26,18,18,2,64,0,0,71,4,75,26,18,89,6,139,88,0,88,227
06/04/2008,AFW,TX,ASW,CE,Towers with Radar,25,22,24,0,71,0,10,75,2,87,25,32,99,2,158,98,0,98,256
06/05/2008,AFW,TX,ASW,CE,Towers with Radar,24,15,29,13,81,0,1,50,2,53,24,16,79,15,134,16,4,20,154
06/06/2008,AFW,TX,ASW,CE,Towers with Radar,20,16,34,19,89,0,12,79,1,92,20,28,113,20,181,70,22,92,273
06/07/2008,AFW,TX,ASW,CE,Towers with Radar,7,4,30,24,65,0,1,39,9,49,7,5,69,33,114,114,12,126,240
06/08/2008,AFW,TX,ASW,CE,Towers with Radar,0,4,35,25,64,0,0,14,5,19,0,4,49,30,83,36,18,54,137
06/09/2008,AFW,TX,ASW,CE,Towers with Radar,6,5,16,7,34,0,1,67,5,73,6,6,83,12,107,150,12,162,269
06/10/2008,AFW,TX,ASW,CE,Towers with Radar,24,11,25,25,85,0,3,96,6,105,24,14,121,31,190,234,8,242,432
06/11/2008,AFW,TX,ASW,CE,Towers with Radar,25,12,12,14,63,0,8,99,16,123,25,20,111,30,186,244,58,302,488
06/12/2008,AFW,TX,ASW,CE,Towers with Radar,27,15,20,22,84,0,3,100,4,107,27,18,120,26,191,132,26,158,349
06/13/2008,AFW,TX,ASW,CE,Towers with Radar,20,9,32,23,84,0,7,50,8,65,20,16,82,31,149,86,20,106,255
06/14/2008,AFW,TX,ASW,CE,Towers with Radar,6,2,17,10,35,0,0,60,3,63,6,2,77,13,98,110,2,112,210
06/15/2008,AFW,TX,ASW,CE,Towers with Radar,1,3,33,10,47,0,1,49,0,50,1,4,82,10,97,102,0,102,199
06/16/2008,AFW,TX,ASW,CE,Towers with Radar,5,12,27,26,70,0,3,96,12,111,5,15,123,38,181,114,14,128,309
06/17/2008,AFW,TX,ASW,CE,Towers with Radar,26,13,21,3,63,0,3,105,2,110,26,16,126,5,173,116,0,116,289
06/18/2008,AFW,TX,ASW,CE,Towers with Radar,27,19,32,18,96,0,2,81,1,84,27,21,113,19,180,158,58,216,396
06/19/2008,AFW,TX,ASW,CE,Towers with Radar,24,17,26,3,70,2,4,98,3,107,26,21,124,6,177,186,4,190,367
06/20/2008,AFW,TX,ASW,CE,Towers with Radar,18,10,32,23,83,0,5,88,0,93,18,15,120,23,176,176,40,216,392
06/21/2008,AFW,TX,ASW,CE,Towers with Radar,6,2,11,18,37,0,1,40,3,44,6,3,51,21,81,86,62,148,229
06/22/2008,AFW,TX,ASW,CE,Towers with Radar,1,1,15,32,49,0,5,14,0,19,1,6,29,32,68,44,12,56,124
06/23/2008,AFW,TX,ASW,CE,Towers with Radar,4,12,9,24,49,0,4,69,1,74,4,16,78,25,123,154,26,180,303
06/24/2008,AFW,TX,ASW,CE,Towers with Radar,25,13,19,44,101,0,6,70,12,88,25,19,89,56,189,170,56,226,415
06/25/2008,AFW,TX,ASW,CE,Towers with Radar,30,24,21,6,81,0,14,52,4,70,30,38,73,10,151,180,6,186,337
06/26/2008,AFW,TX,ASW,CE,Towers with Radar,26,15,28,41,110,0,12,80,2,94,26,27,108,43,204,122,36,158,362
06/27/2008,AFW,TX,ASW,CE,Towers with Radar,20,14,32,38,104,0,6,73,6,85,20,20,105,44,189,128,46,174,363
06/28/2008,AFW,TX,ASW,CE,Towers with Radar,8,6,11,22,47,0,0,48,1,49,8,6,59,23,96,156,2,158,254
06/29/2008,AFW,TX,ASW,CE,Towers with Radar,2,4,7,23,36,0,0,14,0,14,2,4,21,23,50,48,8,56,106
06/30/2008,AFW,TX,ASW,CE,Towers with Radar,3,7,15,14,39,4,0,59,5,68,7,7,74,19,107,156,0,156,263
07/01/2008,AFW,TX,ASW,CE,Towers with Radar,27,18,20,14,79,0,2,87,4,93,27,20,107,18,172,350,16,366,538
07/02/2008,AFW,TX,ASW,CE,Towers with Radar,24,19,81,20,144,0,0,32,0,32,24,19,113,20,176,260,38,298,474
07/03/2008,AFW,TX,ASW,CE,Towers with Radar,19,11,22,16,68,0,0,59,6,65,19,11,81,22,133,150,22,172,305
07/04/2008,AFW,TX,ASW,CE,Towers with Radar,4,0,5,1,10,0,0,30,0,30,4,0,35,1,40,40,0,40,80
07/05/2008,AFW,TX,ASW,CE,Towers with Radar,1,0,4,1,6,0,1,29,0,30,1,1,33,1,36,104,0,104,140
07/06/2008,AFW,TX,ASW,CE,Towers with Radar,2,1,15,2,20,0,0,33,0,33,2,1,48,2,53,52,0,52,105
07/07/2008,AFW,TX,ASW,CE,Towers with Radar,4,7,22,2,35,0,0,69,0,69,4,7,91,2,104,122,10,132,236
07/08/2008,AFW,TX,ASW,CE,Towers with Radar,27,16,28,35,106,0,0,71,1,72,27,16,99,36,178,162,40,202,380
07/09/2008,AFW,TX,ASW,CE,Towers with Radar,25,12,27,60,124,0,3,83,9,95,25,15,110,69,219,180,82,262,481
07/10/2008,AFW,TX,ASW,CE,Towers with Radar,27,11,25,30,93,0,2,102,4,108,27,13,127,34,201,140,16,156,357
07/11/2008,AFW,TX,ASW,CE,Towers with Radar,21,9,24,40,94,0,0,65,4,69,21,9,89,44,163,124,64,188,351
07/12/2008,AFW,TX,ASW,CE,Towers with Radar,6,2,18,14,40,0,0,39,4,43,6,2,57,18,83,118,60,178,261
07/13/2008,AFW,TX,ASW,CE,Towers with Radar,2,4,21,34,61,0,0,54,6,60,2,4,75,40,121,50,54,104,225
07/14/2008,AFW,TX,ASW,CE,Towers with Radar,4,4,30,9,47,0,0,97,2,99,4,4,127,11,146,174,8,182,328
07/15/2008,AFW,TX,ASW,CE,Towers with Radar,24,15,26,16,81,0,0,49,5,54,24,15,75,21,135,116,24,140,275
07/16/2008,AFW,TX,ASW,CE,Towers with Radar,26,14,26,7,73,0,0,72,4,76,26,14,98,11,149,96,4,100,249
07/17/2008,AFW,TX,ASW,CE,Towers with Radar,24,14,38,8,84,0,2,128,0,130,24,16,166,8,214,118,4,122,336
07/18/2008,AFW,TX,ASW,CE,Towers with Radar,17,11,9,35,72,0,1,51,4,56,17,12,60,39,128,38,36,74,202
07/19/2008,AFW,TX,ASW,CE,Towers with Radar,6,3,15,14,38,0,0,63,2,65,6,3,78,16,103,256,32,288,391
07/20/2008,AFW,TX,ASW,CE,Towers with Radar,0,7,13,17,37,0,0,29,5,34,0,7,42,22,71,76,16,92,163
07/21/2008,AFW,TX,ASW,CE,Towers with Radar,4,5,17,14,40,0,2,65,0,67,4,7,82,14,107,136,22,158,265
07/22/2008,AFW,TX,ASW,CE,Towers with Radar,24,16,17,71,128,0,0,74,9,83,24,16,91,80,211,218,24,242,453
07/23/2008,AFW,TX,ASW,CE,Towers with Radar,25,17,22,48,112,0,5,84,5,94,25,22,106,53,206,184,52,236,442
07/24/2008,AFW,TX,ASW,CE,Towers with Radar,28,19,28,21,96,0,1,95,10,106,28,20,123,31,202,92,10,102,304
07/25/2008,AFW,TX,ASW,CE,Towers with Radar,17,10,23,51,101,0,2,86,0,88,17,12,109,51,189,152,22,174,363
07/26/2008,AFW,TX,ASW,CE,Towers with Radar,7,1,20,4,32,0,3,37,2,42,7,4,57,6,74,148,8,156,230
07/27/2008,AFW,TX,ASW,CE,Towers with Radar,1,0,17,3,21,0,2,24,0,26,1,2,41,3,47,42,6,48,95
07/28/2008,AFW,TX,ASW,CE,Towers with Radar,6,3,11,14,34,0,4,49,3,56,6,7,60,17,90,114,4,118,208
07/29/2008,AFW,TX,ASW,CE,Towers with Radar,23,19,32,19,93,0,3,92,0,95,23,22,124,19,188,120,8,128,316
07/30/2008,AFW,TX,ASW,CE,Towers with Radar,23,11,17,32,83,0,2,70,7,79,23,13,87,39,162,138,20,158,320
07/31/2008,AFW,TX,ASW,CE,Towers with Radar,27,16,33,12,88,0,3,100,5,108,27,19,133,17,196,180,28,208,404
08/01/2008,AFW,TX,ASW,CE,Towers with Radar,13,11,19,16,59,0,1,97,7,105,13,12,116,23,164,186,46,232,396
08/02/2008,AFW,TX,ASW,CE,Towers with Radar,2,0,14,15,31,0,1,54,4,59,2,1,68,19,90,128,30,158,248
08/03/2008,AFW,TX,ASW,CE,Towers with Radar,0,2,10,12,24,0,0,27,2,29,0,2,37,14,53,40,10,50,103
08/04/2008,AFW,TX,ASW,CE,Towers with Radar,5,10,24,23,62,0,0,81,2,83,5,10,105,25,145,88,12,100,245
08/05/2008,AFW,TX,ASW,CE,Towers with Radar,23,17,27,23,90,0,2,70,2,74,23,19,97,25,164,100,10,110,274
08/06/2008,AFW,TX,ASW,CE,Towers with Radar,25,14,29,5,73,0,0,102,3,105,25,14,131,8,178,146,2,148,326
08/07/2008,AFW,TX,ASW,CE,Towers with Radar,24,11,22,37,94,0,2,108,12,122,24,13,130,49,216,126,24,150,366
08/08/2008,AFW,TX,ASW,CE,Towers with Radar,13,10,20,17,60,0,7,68,4,79,13,17,88,21,139,88,26,114,253
08/09/2008,AFW,TX,ASW,CE,Towers with Radar,2,2,20,9,33,0,0,52,2,54,2,2,72,11,87,152,10,162,249
08/10/2008,AFW,TX,ASW,CE,Towers with Radar,2,3,8,20,33,0,0,20,5,25,2,3,28,25,58,36,58,94,152
08/11/2008,AFW,TX,ASW,CE,Towers with Radar,4,5,33,5,47,0,2,61,3,66,4,7,94,8,113,74,4,78,191
08/12/2008,AFW,TX,ASW,CE,Towers with Radar,24,21,42,29,116,0,2,76,2,80,24,23,118,31,196,104,46,150,346
08/13/2008,AFW,TX,ASW,CE,Towers with Radar,26,14,32,12,84,0,3,102,6,111,26,17,134,18,195,172,32,204,399
08/14/2008,AFW,TX,ASW,CE,Towers with Radar,24,16,36,15,91,0,1,132,0,133,24,17,168,15,224,150,12,162,386
08/15/2008,AFW,TX,ASW,CE,Towers with Radar,12,10,39,22,83,0,0,41,0,41,12,10,80,22,124,40,0,40,164
08/16/2008,AFW,TX,ASW,CE,Towers with Radar,2,1,29,45,77,0,0,42,3,45,2,1,71,48,122,138,82,220,342
08/17/2008,AFW,TX,ASW,CE,Towers with Radar,0,4,21,30,55,0,0,28,6,34,0,4,49,36,89,46,24,70,159
08/18/2008,AFW,TX,ASW,CE,Towers with Radar,4,7,23,5,39,0,0,4,0,4,4,7,27,5,43,0,0,0,43
08/19/2008,AFW,TX,ASW,CE,Towers with Radar,25,12,32,14,83,0,4,19,3,26,25,16,51,17,109,12,20,32,141
08/20/2008,AFW,TX,ASW,CE,Towers with Radar,29,18,31,8,86,0,2,39,0,41,29,20,70,8,127,84,2,86,213
08/21/2008,AFW,TX,ASW,CE,Towers with Radar,26,19,42,28,115,0,2,87,3,92,26,21,129,31,207,88,30,118,325
08/22/2008,AFW,TX,ASW,CE,Towers with Radar,19,7,39,38,103,0,2,110,9,121,19,9,149,47,224,172,46,218,442
08/23/2008,AFW,TX,ASW,CE,Towers with Radar,11,0,20,40,71,0,0,49,14,63,11,0,69,54,134,106,30,136,270
08/24/2008,AFW,TX,ASW,CE,Towers with Radar,5,2,11,36,54,0,1,42,2,45,5,3,53,38,99,78,12,90,189
08/25/2008,AFW,TX,ASW,CE,Towers with Radar,7,7,19,35,68,0,2,81,2,85,7,9,100,37,153,170,24,194,347
08/26/2008,AFW,TX,ASW,CE,Towers with Radar,27,14,21,29,91,0,6,92,6,104,27,20,113,35,195,266,28,294,489
08/27/2008,AFW,TX,ASW,CE,Towers with Radar,25,10,32,13,80,0,0,85,0,85,25,10,117,13,165,216,8,224,389
08/28/2008,AFW,TX,ASW,CE,Towers with Radar,27,13,32,5,77,0,3,128,8,139,27,16,160,13,216,182,16,198,414
08/29/2008,AFW,TX,ASW,CE,Towers with Radar,16,8,19,5,48,0,3,80,2,85,16,11,99,7,133,84,8,92,225
08/30/2008,AFW,TX,ASW,CE,Towers with Radar,4,3,14,3,24,0,0,54,1,55,4,3,68,4,79,184,8,192,271
08/31/2008,AFW,TX,ASW,CE,Towers with Radar,2,8,17,6,33,0,0,22,1,23,2,8,39,7,56,36,0,36,92
09/01/2008,AFW,TX,ASW,CE,Towers with Radar,0,2,17,3,22,0,0,32,0,32,0,2,49,3,54,26,46,72,126
09/02/2008,AFW,TX,ASW,CE,Towers with Radar,8,7,21,13,49,0,1,61,3,65,8,8,82,16,114,50,20,70,184
09/03/2008,AFW,TX,ASW,CE,Towers with Radar,27,14,23,11,75,0,0,28,3,31,27,14,51,14,106,4,18,22,128
09/04/2008,AFW,TX,ASW,CE,Towers with Radar,23,12,31,33,99,0,0,0,0,0,23,12,31,33,99,150,38,188,287
09/05/2008,AFW,TX,ASW,CE,Towers with Radar,18,9,24,29,80,0,0,95,7,102,18,9,119,36,182,84,54,138,320
09/06/2008,AFW,TX,ASW,CE,Towers with Radar,0,1,12,14,27,0,1,48,1,50,0,2,60,15,77,182,52,234,311
09/07/2008,AFW,TX,ASW,CE,Towers with Radar,1,2,15,24,42,0,1,32,0,33,1,3,47,24,75,54,18,72,147
09/08/2008,AFW,TX,ASW,CE,Towers with Radar,4,4,19,4,31,0,0,54,2,56,4,4,73,6,87,108,12,120,207
09/09/2008,AFW,TX,ASW,CE,Towers with Radar,29,14,26,12,81,0,0,17,0,17,29,14,43,12,98,10,0,10,108
09/10/2008,AFW,TX,ASW,CE,Towers with Radar,23,18,33,18,92,0,0,33,0,33,23,18,66,18,125,14,0,14,139
09/11/2008,AFW,TX,ASW,CE,Towers with Radar,29,20,47,32,128,0,3,103,3,109,29,23,150,35,237,156,6,162,399
09/12/2008,AFW,TX,ASW,CE,Towers with Radar,14,9,24,42,89,0,2,94,2,98,14,11,118,44,187,110,54,164,351
09/13/2008,AFW,TX,ASW,CE,Towers with Radar,3,0,3,17,23,0,0,7,0,7,3,0,10,17,30,8,0,8,38
09/14/2008,AFW,TX,ASW,CE,Towers with Radar,1,3,17,3,24,0,0,10,0,10,1,3,27,3,34,16,2,18,52
09/15/2008,AFW,TX,ASW,CE,Towers with Radar,5,4,25,11,45,0,2,67,17,86,5,6,92,28,131,60,12,72,203
09/16/2008,AFW,TX,ASW,CE,Towers with Radar,26,14,26,6,72,0,0,73,9,82,26,14,99,15,154,100,62,162,316
09/17/2008,AFW,TX,ASW,CE,Towers with Radar,24,16,22,10,72,0,2,75,10,87,24,18,97,20,159,154,30,184,343
09/18/2008,AFW,TX,ASW,CE,Towers with Radar,27,15,30,30,102,0,1,90,7,98,27,16,120,37,200,150,40,190,390
09/19/2008,AFW,TX,ASW,CE,Towers with Radar,16,10,21,28,75,0,2,69,2,73,16,12,90,30,148,120,42,162,310
09/20/2008,AFW,TX,ASW,CE,Towers with Radar,1,1,8,22,32,0,5,38,1,44,1,6,46,23,76,106,54,160,236
09/21/2008,AFW,TX,ASW,CE,Towers with Radar,1,7,10,22,40,0,1,17,2,20,1,8,27,24,60,30,28,58,118
09/22/2008,AFW,TX,ASW,CE,Towers with Radar,4,6,35,16,61,0,5,75,12,92,4,11,110,28,153,98,12,110,263
09/23/2008,AFW,TX,ASW,CE,Towers with Radar,27,18,33,20,98,0,6,80,7,93,27,24,113,27,191,138,58,196,387
09/24/2008,AFW,TX,ASW,CE,Towers with Radar,28,18,29,30,105,0,0,116,11,127,28,18,145,41,232,216,18,234,466
09/25/2008,AFW,TX,ASW,CE,Towers with Radar,30,24,24,29,107,0,2,229,5,236,30,26,253,34,343,192,52,244,587
09/26/2008,AFW,TX,ASW,CE,Towers with Radar,14,11,21,10,56,0,0,85,2,87,14,11,106,12,143,158,50,208,351
09/27/2008,AFW,TX,ASW,CE,Towers with Radar,0,3,12,22,37,0,2,66,7,75,0,5,78,29,112,194,20,214,326
09/28/2008,AFW,TX,ASW,CE,Towers with Radar,0,1,9,14,24,0,10,35,2,47,0,11,44,16,71,50,4,54,125
09/29/2008,AFW,TX,ASW,CE,Towers with Radar,4,4,12,5,25,0,1,64,1,66,4,5,76,6,91,148,2,150,241
09/30/2008,AFW,TX,ASW,CE,Towers with Radar,24,13,33,2,72,0,5,96,5,106,24,18,129,7,178,294,4,298,476
10/01/2008,AFW,TX,ASW,CE,Towers with Radar,26,9,45,28,108,0,0,116,2,118,26,9,161,30,226,170,26,196,422
10/02/2008,AFW,TX,ASW,CE,Towers with Radar,23,13,43,13,92,0,2,103,0,105,23,15,146,13,197,88,12,100,297
10/03/2008,AFW,TX,ASW,CE,Towers with Radar,17,10,22,42,91,0,1,94,2,97,17,11,116,44,188,146,34,180,368
10/04/2008,AFW,TX,ASW,CE,Towers with Radar,1,0,16,19,36,0,0,37,2,39,1,0,53,21,75,108,44,152,227
10/05/2008,AFW,TX,ASW,CE,Towers with Radar,2,3,22,21,48,0,0,29,3,32,2,3,51,24,80,124,28,152,232
10/06/2008,AFW,TX,ASW,CE,Towers with Radar,5,3,25,3,36,0,0,49,0,49,5,3,74,3,85,18,0,18,103
10/07/2008,AFW,TX,ASW,CE,Towers with Radar,24,18,21,18,81,0,1,75,4,80,24,19,96,22,161,72,4,76,237
10/08/2008,AFW,TX,ASW,CE,Towers with Radar,28,12,21,16,77,0,3,113,4,120,28,15,134,20,197,184,20,204,401
10/09/2008,AFW,TX,ASW,CE,Towers with Radar,25,17,24,25,91,0,9,99,9,117,25,26,123,34,208,64,32,96,304
10/10/2008,AFW,TX,ASW,CE,Towers with Radar,14,10,9,14,47,0,2,28,13,43,14,12,37,27,90,12,18,30,120
10/11/2008,AFW,TX,ASW,CE,Towers with Radar,0,0,2,0,2,0,1,28,1,30,0,1,30,1,32,0,0,0,32
10/12/2008,AFW,TX,ASW,CE,Towers with Radar,0,0,6,6,12,0,5,33,5,43,0,5,39,11,55,0,0,0,55
10/13/2008,AFW,TX,ASW,CE,Towers with Radar,8,11,10,31,60,0,1,53,4,58,8,12,63,35,118,66,10,76,194
10/14/2008,AFW,TX,ASW,CE,Towers with Radar,28,25,20,34,107,0,0,14,1,15,28,25,34,35,122,26,0,26,148
10/15/2008,AFW,TX,ASW,CE,Towers with Radar,24,25,34,12,95,0,2,36,0,38,24,27,70,12,133,64,12,76,209
10/16/2008,AFW,TX,ASW,CE,Towers with Radar,28,27,20,22,97,0,3,103,1,107,28,30,123,23,204,96,50,146,350
10/17/2008,AFW,TX,ASW,CE,Towers with Radar,15,30,33,14,92,0,8,99,1,108,15,38,132,15,200,122,40,162,362
10/18/2008,AFW,TX,ASW,CE,Towers with Radar,2,0,8,18,28,0,0,38,2,40,2,0,46,20,68,142,16,158,226
10/19/2008,AFW,TX,ASW,CE,Towers with Radar,2,3,18,12,35,1,0,60,0,61,3,3,78,12,96,190,12,202,298
10/20/2008,AFW,TX,ASW,CE,Towers with Radar,5,8,16,8,37,0,6,86,1,93,5,14,102,9,130,262,4,266,396
10/21/2008,AFW,TX,ASW,CE,Towers with Radar,24,15,26,16,81,0,7,113,6,126,24,22,139,22,207,288,26,314,521
10/22/2008,AFW,TX,ASW,CE,Towers with Radar,23,12,25,2,62,0,5,53,0,58,23,17,78,2,120,96,0,96,216
10/23/2008,AFW,TX,ASW,CE,Towers with Radar,26,15,23,18,82,0,6,108,3,117,26,21,131,21,199,172,36,208,407
10/24/2008,AFW,TX,ASW,CE,Towers with Radar,14,8,15,13,50,0,5,86,5,96,14,13,101,18,146,196,4,200,346
10/25/2008,AFW,TX,ASW,CE,Towers with Radar,0,4,6,18,28,0,5,79,2,86,0,9,85,20,114,312,20,332,446
10/26/2008,AFW,TX,ASW,CE,Towers with Radar,0,2,15,22,39,0,26,52,2,80,0,28,67,24,119,132,38,170,289
10/27/2008,AFW,TX,ASW,CE,Towers with Radar,3,5,12,10,30,0,8,89,3,100,3,13,101,13,130,208,4,212,342
10/28/2008,AFW,TX,ASW,CE,Towers with Radar,25,12,27,12,76,0,7,102,3,112,25,19,129,15,188,280,8,288,476
10/29/2008,AFW,TX,ASW,CE,Towers with Radar,28,26,30,31,115,0,4,121,0,125,28,30,151,31,240,296,22,318,558
10/30/2008,AFW,TX,ASW,CE,Towers with Radar,27,28,75,19,149,0,4,140,1,145,27,32,215,20,294,262,0,262,556
10/31/2008,AFW,TX,ASW,CE,Towers with Radar,17,10,48,23,98,0,4,97,0,101,17,14,145,23,199,234,2,236,435
11/01/2008,AFW,TX,ASW,CE,Towers with Radar,1,6,54,7,68,0,7,67,2,76,1,13,121,9,144,214,4,218,362
11/02/2008,AFW,TX,ASW,CE,Towers with Radar,0,9,102,6,117,0,87,50,0,137,0,96,152,6,254,78,2,80,334
11/03/2008,AFW,TX,ASW,CE,Towers with Radar,4,13,25,4,46,0,7,108,0,115,4,20,133,4,161,180,0,180,341
11/04/2008,AFW,TX,ASW,CE,Towers with Radar,24,19,23,11,77,0,4,90,1,95,24,23,113,12,172,230,0,230,402
11/05/2008,AFW,TX,ASW,CE,Towers with Radar,25,12,50,20,107,0,6,84,4,94,25,18,134,24,201,58,2,60,261
11/06/2008,AFW,TX,ASW,CE,Towers with Radar,24,15,37,24,100,0,12,121,0,133,24,27,158,24,233,176,40,216,449
11/07/2008,AFW,TX,ASW,CE,Towers with Radar,16,10,39,25,90,0,3,117,0,120,16,13,156,25,210,184,36,220,430
11/08/2008,AFW,TX,ASW,CE,Towers with Radar,2,2,15,10,29,0,2,60,0,62,2,4,75,10,91,190,0,190,281
11/09/2008,AFW,TX,ASW,CE,Towers with Radar,1,4,15,25,45,0,2,48,7,57,1,6,63,32,102,104,20,124,226
11/10/2008,AFW,TX,ASW,CE,Towers with Radar,2,4,19,24,49,0,0,44,1,45,2,4,63,25,94,62,6,68,162
11/11/2008,AFW,TX,ASW,CE,Towers with Radar,28,13,27,6,74,0,3,83,5,91,28,16,110,11,165,94,16,110,275
11/12/2008,AFW,TX,ASW,CE,Towers with Radar,25,20,29,51,125,0,2,82,2,86,25,22,111,53,211,108,16,124,335
11/13/2008,AFW,TX,ASW,CE,Towers with Radar,24,16,39,15,94,0,2,130,2,134,24,18,169,17,228,158,10,168,396
11/14/2008,AFW,TX,ASW,CE,Towers with Radar,13,15,41,44,113,0,0,69,13,82,13,15,110,57,195,46,46,92,287
11/15/2008,AFW,TX,ASW,CE,Towers with Radar,0,1,8,40,49,0,1,20,3,24,0,2,28,43,73,54,4,58,131
11/16/2008,AFW,TX,ASW,CE,Towers with Radar,2,2,17,23,44,0,0,61,8,69,2,2,78,31,113,190,8,198,311
11/17/2008,AFW,TX,ASW,CE,Towers with Radar,4,5,30,27,66,0,2,108,0,110,4,7,138,27,176,152,28,180,356
11/18/2008,AFW,TX,ASW,CE,Towers with Radar,27,14,35,18,94,0,2,103,2,107,27,16,138,20,201,276,14,290,491
11/19/2008,AFW,TX,ASW,CE,Towers with Radar,27,18,35,19,99,0,5,125,2,132,27,23,160,21,231,184,8,192,423
11/20/2008,AFW,TX,ASW,CE,Towers with Radar,22,15,35,27,99,0,0,82,13,95,22,15,117,40,194,114,2,116,310
11/21/2008,AFW,TX,ASW,CE,Towers with Radar,15,10,26,26,77,0,1,80,4,85,15,11,106,30,162,166,20,186,348
11/22/2008,AFW,TX,ASW,CE,Towers with Radar,2,0,31,11,44,0,1,54,9,64,2,1,85,20,108,138,34,172,280
11/23/2008,AFW,TX,ASW,CE,Towers with Radar,1,3,30,8,42,0,0,11,5,16,1,3,41,13,58,44,30,74,132
11/24/2008,AFW,TX,ASW,CE,Towers with Radar,4,3,18,14,39,0,0,60,4,64,4,3,78,18,103,156,16,172,275
11/25/2008,AFW,TX,ASW,CE,Towers with Radar,24,16,35,23,98,0,1,62,4,67,24,17,97,27,165,130,16,146,311
11/26/2008,AFW,TX,ASW,CE,Towers with Radar,24,9,33,6,72,0,5,71,0,76,24,14,104,6,148,126,0,126,274
11/27/2008,AFW,TX,ASW,CE,Towers with Radar,7,1,1,0,9,0,0,14,0,14,7,1,15,0,23,52,0,52,75
11/28/2008,AFW,TX,ASW,CE,Towers with Radar,8,4,9,2,23,0,0,9,0,9,8,4,18,2,32,20,0,20,52
11/29/2008,AFW,TX,ASW,CE,Towers with Radar,0,0,9,8,17,0,0,43,0,43,0,0,52,8,60,106,0,106,166
11/30/2008,AFW,TX,ASW,CE,Towers with Radar,0,2,9,8,19,0,1,17,0,18,0,3,26,8,37,24,0,24,61
12/01/2008,AFW,TX,ASW,CE,Towers with Radar,8,3,25,32,68,0,1,84,2,87,8,4,109,34,155,134,32,166,321
12/02/2008,AFW,TX,ASW,CE,Towers with Radar,26,15,20,15,76,0,0,101,2,103,26,15,121,17,179,90,36,126,305
12/03/2008,AFW,TX,ASW,CE,Towers with Radar,30,14,24,31,99,0,1,89,2,92,30,15,113,33,191,70,18,88,279
12/04/2008,AFW,TX,ASW,CE,Towers with Radar,28,10,36,19,93,0,7,100,3,110,28,17,136,22,203,152,16,168,371
12/05/2008,AFW,TX,ASW,CE,Towers with Radar,24,11,19,23,77,0,4,70,7,81,24,15,89,30,158,34,56,90,248
12/06/2008,AFW,TX,ASW,CE,Towers with Radar,6,2,20,10,38,0,0,40,7,47,6,2,60,17,85,124,22,146,231
12/07/2008,AFW,TX,ASW,CE,Towers with Radar,1,2,15,7,25,0,1,30,2,33,1,3,45,9,58,44,2,46,104
12/08/2008,AFW,TX,ASW,CE,Towers with Radar,3,6,21,6,36,0,1,57,0,58,3,7,78,6,94,46,0,46,140
12/09/2008,AFW,TX,ASW,CE,Towers with Radar,33,20,24,19,96,0,1,65,2,68,33,21,89,21,164,28,6,34,198
12/10/2008,AFW,TX,ASW,CE,Towers with Radar,31,13,33,15,92,0,1,117,1,119,31,14,150,16,211,118,14,132,343
12/11/2008,AFW,TX,ASW,CE,Towers with Radar,35,24,47,28,134,0,0,105,2,107,35,24,152,30,241,152,44,196,437
12/12/2008,AFW,TX,ASW,CE,Towers with Radar,25,9,17,44,95,2,0,68,0,70,27,9,85,44,165,64,28,92,257
12/13/2008,AFW,TX,ASW,CE,Towers with Radar,10,1,17,44,72,0,0,33,9,42,10,1,50,53,114,72,34,106,220
12/14/2008,AFW,TX,ASW,CE,Towers with Radar,2,0,19,27,48,0,2,25,7,34,2,2,44,34,82,42,10,52,134
12/15/2008,AFW,TX,ASW,CE,Towers with Radar,5,2,25,25,57,0,0,27,0,27,5,2,52,25,84,36,24,60,144
12/16/2008,AFW,TX,ASW,CE,Towers with Radar,39,8,7,1,55,0,0,3,0,3,39,8,10,1,58,6,0,6,64
12/17/2008,AFW,TX,ASW,CE,Towers with Radar,41,11,34,8,94,0,0,0,0,0,41,11,34,8,94,0,0,0,94
12/18/2008,AFW,TX,ASW,CE,Towers with Radar,37,9,17,0,63,0,0,1,0,1,37,9,18,0,64,0,12,12,76
12/19/2008,AFW,TX,ASW,CE,Towers with Radar,42,13,27,31,113,0,4,100,7,111,42,17,127,38,224,240,12,252,476
12/20/2008,AFW,TX,ASW,CE,Towers with Radar,23,8,24,42,97,0,0,43,8,51,23,8,67,50,148,98,28,126,274
12/21/2008,AFW,TX,ASW,CE,Towers with Radar,0,1,21,16,38,0,0,14,11,25,0,1,35,27,63,22,44,66,129
12/22/2008,AFW,TX,ASW,CE,Towers with Radar,4,9,23,6,42,0,0,36,0,36,4,9,59,6,78,68,0,68,146
12/23/2008,AFW,TX,ASW,CE,Towers with Radar,37,14,11,2,64,0,0,0,0,0,37,14,11,2,64,0,0,0,64
12/24/2008,AFW,TX,ASW,CE,Towers with Radar,31,9,13,0,53,0,1,42,0,43,31,10,55,0,96,96,0,96,192
12/25/2008,AFW,TX,ASW,CE,Towers with Radar,0,0,4,0,4,0,0,0,0,0,0,0,4,0,4,0,0,0,4
12/26/2008,AFW,TX,ASW,CE,Towers with Radar,3,2,13,0,18,0,0,5,0,5,3,2,18,0,23,0,0,0,23
12/27/2008,AFW,TX,ASW,CE,Towers with Radar,2,2,2,0,6,0,1,7,0,8,2,3,9,0,14,36,0,36,50
12/28/2008,AFW,TX,ASW,CE,Towers with Radar,0,4,11,1,16,0,0,27,0,27,0,4,38,1,43,64,0,64,107
12/29/2008,AFW,TX,ASW,CE,Towers with Radar,5,9,20,1,35,0,0,67,2,69,5,9,87,3,104,178,2,180,284
12/30/2008,AFW,TX,ASW,CE,Towers with Radar,29,14,16,2,61,0,1,55,9,65,29,15,71,11,126,180,0,180,306
12/31/2008,AFW,TX,ASW,CE,Towers with Radar,20,6,11,5,42,0,1,48,16,65,20,7,59,21,107,78,38,116,223
01/01/2009,AFW,TX,ASW,CE,Towers with Radar,2,0,7,0,9,0,0,18,8,26,2,0,25,8,35,36,12,48,83
01/02/2009,AFW,TX,ASW,CE,Towers with Radar,0,3,14,4,21,0,1,50,3,54,0,4,64,7,75,88,0,88,163
01/03/2009,AFW,TX,ASW,CE,Towers with Radar,1,3,13,3,20,0,0,23,6,29,1,3,36,9,49,52,26,78,127
01/04/2009,AFW,TX,ASW,CE,Towers with Radar,2,2,16,2,22,0,0,30,0,30,2,2,46,2,52,38,0,38,90
01/05/2009,AFW,TX,ASW,CE,Towers with Radar,4,6,3,1,14,0,0,0,0,0,4,6,3,1,14,0,0,0,14
01/06/2009,AFW,TX,ASW,CE,Towers with Radar,26,7,18,27,78,0,0,34,1,35,26,7,52,28,113,42,62,104,217
01/07/2009,AFW,TX,ASW,CE,Towers with Radar,21,15,22,41,99,0,3,64,10,77,21,18,86,51,176,134,62,196,372
01/08/2009,AFW,TX,ASW,CE,Towers with Radar,25,10,22,20,77,0,3,86,6,95,25,13,108,26,172,158,68,226,398
01/09/2009,AFW,TX,ASW,CE,Towers with Radar,12,8,15,53,88,0,2,36,5,43,12,10,51,58,131,94,24,118,249
01/10/2009,AFW,TX,ASW,CE,Towers with Radar,0,1,11,28,40,0,0,29,0,29,0,1,40,28,69,38,14,52,121
01/11/2009,AFW,TX,ASW,CE,Towers with Radar,0,0,20,17,37,0,2,45,6,53,0,2,65,23,90,94,8,102,192
01/12/2009,AFW,TX,ASW,CE,Towers with Radar,4,8,24,21,57,0,4,67,0,71,4,12,91,21,128,128,0,128,256
01/13/2009,AFW,TX,ASW,CE,Towers with Radar,24,11,43,35,113,0,4,85,1,90,24,15,128,36,203,164,54,218,421
01/14/2009,AFW,TX,ASW,CE,Towers with Radar,21,16,41,39,117,0,2,99,6,107,21,18,140,45,224,196,46,242,466
01/15/2009,AFW,TX,ASW,CE,Towers with Radar,25,12,27,12,76,0,4,105,1,110,25,16,132,13,186,72,22,94,280
01/16/2009,AFW,TX,ASW,CE,Towers with Radar,14,7,36,15,72,0,1,84,0,85,14,8,120,15,157,132,32,164,321
01/17/2009,AFW,TX,ASW,CE,Towers with Radar,3,2,19,18,42,0,0,26,0,26,3,2,45,18,68,80,6,86,154
01/18/2009,AFW,TX,ASW,CE,Towers with Radar,0,2,22,4,28,0,0,22,2,24,0,2,44,6,52,10,2,12,64
01/19/2009,AFW,TX,ASW,CE,Towers with Radar,4,3,18,37,62,0,0,51,0,51,4,3,69,37,113,20,50,70,183
01/20/2009,AFW,TX,ASW,CE,Towers with Radar,25,10,24,29,88,0,0,86,1,87,25,10,110,30,175,154,34,188,363
01/21/2009,AFW,TX,ASW,CE,Towers with Radar,26,12,19,19,76,0,3,107,0,110,26,15,126,19,186,140,44,184,370
01/22/2009,AFW,TX,ASW,CE,Towers with Radar,24,13,28,12,77,0,3,112,0,115,24,16,140,12,192,118,6,124,316
01/23/2009,AFW,TX,ASW,CE,Towers with Radar,15,10,23,30,78,0,5,86,0,91,15,15,109,30,169,64,22,86,255
01/24/2009,AFW,TX,ASW,CE,Towers with Radar,3,2,14,16,35,0,0,23,0,23,3,2,37,16,58,68,36,104,162
01/25/2009,AFW,TX,ASW,CE,Towers with Radar,1,0,22,29,52,0,2,17,5,24,1,2,39,34,76,78,22,100,176
01/26/2009,AFW,TX,ASW,CE,Towers with Radar,3,0,9,0,12,0,0,0,0,0,3,0,9,0,12,0,0,0,12
01/27/2009,AFW,TX,ASW,CE,Towers with Radar,21,5,10,0,36,0,0,0,0,0,21,5,10,0,36,0,0,0,36
01/28/2009,AFW,TX,ASW,CE,Towers with Radar,25,4,38,10,77,0,0,98,0,98,25,4,136,10,175,90,14,104,279
01/29/2009,AFW,TX,ASW,CE,Towers with Radar,25,10,33,11,79,0,2,124,0,126,25,12,157,11,205,120,0,120,325
01/30/2009,AFW,TX,ASW,CE,Towers with Radar,12,8,28,21,69,0,2,114,12,128,12,10,142,33,197,126,58,184,381
01/31/2009,AFW,TX,ASW,CE,Towers with Radar,3,1,23,37,64,0,0,74,1,75,3,1,97,38,139,158,48,206,345
02/01/2009,AFW,TX,ASW,CE,Towers with Radar,0,0,16,35,51,0,0,35,2,37,0,0,51,37,88,52,8,60,148
02/02/2009,AFW,TX,ASW,CE,Towers with Radar,4,5,22,13,44,0,7,77,0,84,4,12,99,13,128,84,18,102,230
02/03/2009,AFW,TX,ASW,CE,Towers with Radar,19,14,25,1,59,0,0,85,1,86,19,14,110,2,145,172,0,172,317
02/04/2009,AFW,TX,ASW,CE,Towers with Radar,22,13,24,4,63,0,1,121,4,126,22,14,145,8,189,208,18,226,415
02/05/2009,AFW,TX,ASW,CE,Towers with Radar,20,16,34,24,94,0,3,73,4,80,20,19,107,28,174,70,42,112,286
02/06/2009,AFW,TX,ASW,CE,Towers with Radar,12,12,20,30,74,0,5,44,0,49,12,17,64,30,123,78,32,110,233
02/07/2009,AFW,TX,ASW,CE,Towers with Radar,0,1,13,49,63,0,0,43,0,43,0,1,56,49,106,54,38,92,198
02/08/2009,AFW,TX,ASW,CE,Towers with Radar,0,3,12,35,50,0,0,6,0,6,0,3,18,35,56,14,0,14,70
02/09/2009,AFW,TX,ASW,CE,Towers with Radar,6,7,15,45,73,0,6,81,3,90,6,13,96,48,163,170,64,234,397
02/10/2009,AFW,TX,ASW,CE,Towers with Radar,19,12,15,2,48,0,2,36,0,38,19,14,51,2,86,8,0,8,94
02/11/2009,AFW,TX,ASW,CE,Towers with Radar,23,11,21,12,67,0,9,79,8,96,23,20,100,20,163,156,48,204,367
02/12/2009,AFW,TX,ASW,CE,Towers with Radar,24,22,17,9,72,0,8,118,2,128,24,30,135,11,200,228,22,250,450
02/13/2009,AFW,TX,ASW,CE,Towers with Radar,13,16,34,26,89,0,0,62,2,64,13,16,96,28,153,98,22,120,273
02/14/2009,AFW,TX,ASW,CE,Towers with Radar,6,0,12,32,50,0,2,36,2,40,6,2,48,34,90,134,14,148,238
02/15/2009,AFW,TX,ASW,CE,Towers with Radar,3,1,26,10,40,0,0,57,4,61,3,1,83,14,101,128,4,132,233
02/16/2009,AFW,TX,ASW,CE,Towers with Radar,6,6,23,9,44,0,0,99,0,99,6,6,122,9,143,112,0,112,255
02/17/2009,AFW,TX,ASW,CE,Towers with Radar,20,10,16,15,61,0,1,37,0,38,20,11,53,15,99,102,0,102,201
02/18/2009,AFW,TX,ASW,CE,Towers with Radar,20,18,11,8,57,0,4,87,0,91,20,22,98,8,148,114,4,118,266
02/19/2009,AFW,TX,ASW,CE,Towers with Radar,24,14,30,14,82,0,2,142,0,144,24,16,172,14,226,150,8,158,384
02/20/2009,AFW,TX,ASW,CE,Towers with Radar,12,16,19,19,66,0,5,82,0,87,12,21,101,19,153,144,18,162,315
02/21/2009,AFW,TX,ASW,CE,Towers with Radar,1,2,6,18,27,0,0,26,1,27,1,2,32,19,54,70,4,74,128
02/22/2009,AFW,TX,ASW,CE,Towers with Radar,0,1,22,10,33,0,0,68,3,71,0,1,90,13,104,122,24,146,250
02/23/2009,AFW,TX,ASW,CE,Towers with Radar,3,4,21,12,40,0,0,72,2,74,3,4,93,14,114,130,0,130,244
02/24/2009,AFW,TX,ASW,CE,Towers with Radar,21,14,24,16,75,0,0,72,2,74,21,14,96,18,149,190,8,198,347
02/25/2009,AFW,TX,ASW,CE,Towers with Radar,22,17,28,23,90,0,0,99,3,102,22,17,127,26,192,118,22,140,332
02/26/2009,AFW,TX,ASW,CE,Towers with Radar,22,17,27,34,100,0,4,85,1,90,22,21,112,35,190,112,22,134,324
02/27/2009,AFW,TX,ASW,CE,Towers with Radar,14,10,34,39,97,0,5,53,0,58,14,15,87,39,155,198,40,238,393
02/28/2009,AFW,TX,ASW,CE,Towers with Radar,0,2,18,39,59,0,0,19,2,21,0,2,37,41,80,40,24,64,144
03/01/2009,AFW,TX,ASW,CE,Towers with Radar,0,7,14,35,56,0,0,60,2,62,0,7,74,37,118,130,0,130,248
03/02/2009,AFW,TX,ASW,CE,Towers with Radar,3,2,20,7,32,0,0,84,0,84,3,2,104,7,116,102,6,108,224
03/03/2009,AFW,TX,ASW,CE,Towers with Radar,20,16,31,10,77,0,5,137,3,145,20,21,168,13,222,326,26,352,574
03/04/2009,AFW,TX,ASW,CE,Towers with Radar,19,20,15,12,66,0,5,56,4,65,19,25,71,16,131,114,30,144,275
03/05/2009,AFW,TX,ASW,CE,Towers with Radar,22,18,15,22,77,0,6,66,4,76,22,24,81,26,153,82,30,112,265
03/06/2009,AFW,TX,ASW,CE,Towers with Radar,11,11,25,31,78,0,4,65,7,76,11,15,90,38,154,118,56,174,328
03/07/2009,AFW,TX,ASW,CE,Towers with Radar,0,6,13,19,38,0,0,21,3,24,0,6,34,22,62,120,16,136,198
03/08/2009,AFW,TX,ASW,CE,Towers with Radar,0,2,17,23,42,0,2,44,6,52,0,4,61,29,94,130,18,148,242
03/09/2009,AFW,TX,ASW,CE,Towers with Radar,3,4,28,8,43,0,7,80,0,87,3,11,108,8,130,101,0,101,231
03/10/2009,AFW,TX,ASW,CE,Towers with Radar,22,15,27,24,88,0,4,76,5,85,22,19,103,29,173,172,14,186,359
03/11/2009,AFW,TX,ASW,CE,Towers with Radar,20,12,13,2,47,0,1,26,1,28,20,13,39,3,75,22,0,22,97
03/12/2009,AFW,TX,ASW,CE,Towers with Radar,20,19,31,6,76,0,1,35,0,36,20,20,66,6,112,48,0,48,160
03/13/2009,AFW,TX,ASW,CE,Towers with Radar,11,10,18,7,46,0,0,14,0,14,11,10,32,7,60,34,0,34,94
03/14/2009,AFW,TX,ASW,CE,Towers with Radar,2,4,12,13,31,0,0,5,0,5,2,4,17,13,36,28,8,36,72
03/15/2009,AFW,TX,ASW,CE,Towers with Radar,3,4,17,4,28,0,0,28,3,31,3,4,45,7,59,78,0,78,137
03/16/2009,AFW,TX,ASW,CE,Towers with Radar,7,3,22,21,53,0,1,101,6,108,7,4,123,27,161,284,22,306,467
03/17/2009,AFW,TX,ASW,CE,Towers with Radar,22,18,15,14,69,0,4,101,6,111,22,22,116,20,180,140,8,148,328
03/18/2009,AFW,TX,ASW,CE,Towers with Radar,22,12,33,13,80,0,7,119,12,138,22,19,152,25,218,222,12,234,452
03/19/2009,AFW,TX,ASW,CE,Towers with Radar,32,11,31,17,91,1,8,86,9,104,33,19,117,26,195,104,2,106,301
03/20/2009,AFW,TX,ASW,CE,Towers with Radar,13,11,20,32,76,0,2,99,10,111,13,13,119,42,187,168,62,230,417
03/21/2009,AFW,TX,ASW,CE,Towers with Radar,0,1,33,23,57,0,0,61,7,68,0,1,94,30,125,80,16,96,221
03/22/2009,AFW,TX,ASW,CE,Towers with Radar,1,5,20,28,54,0,0,22,9,31,1,5,42,37,85,82,16,98,183
03/23/2009,AFW,TX,ASW,CE,Towers with Radar,3,5,32,11,51,0,0,52,3,55,3,5,84,14,106,32,2,34,140
03/24/2009,AFW,TX,ASW,CE,Towers with Radar,24,11,24,12,71,0,8,76,1,85,24,19,100,13,156,132,22,154,310
03/25/2009,AFW,TX,ASW,CE,Towers with Radar,21,8,25,13,67,0,0,41,0,41,21,8,66,13,108,26,0,26,134
03/26/2009,AFW,TX,ASW,CE,Towers with Radar,25,15,68,26,134,0,0,36,2,38,25,15,104,28,172,58,0,58,230
03/27/2009,AFW,TX,ASW,CE,Towers with Radar,14,11,35,20,80,0,0,20,4,24,14,11,55,24,104,0,8,8,112
03/28/2009,AFW,TX,ASW,CE,Towers with Radar,0,1,11,20,32,0,0,5,2,7,0,1,16,22,39,12,24,36,75
03/29/2009,AFW,TX,ASW,CE,Towers with Radar,0,0,42,26,68,0,0,55,6,61,0,0,97,32,129,90,22,112,241
03/30/2009,AFW,TX,ASW,CE,Towers with Radar,6,12,40,19,77,0,3,95,3,101,6,15,135,22,178,134,6,140,318
03/31/2009,AFW,TX,ASW,CE,Towers with Radar,21,13,50,17,101,0,3,111,5,119,21,16,161,22,220,134,54,188,408
04/01/2009,AFW,TX,ASW,CE,Towers with Radar,21,15,57,11,104,0,9,84,2,95,21,24,141,13,199,50,22,72,271
04/02/2009,AFW,TX,ASW,CE,Towers with Radar,20,24,54,10,108,0,3,42,2,47,20,27,96,12,155,44,4,48,203
04/03/2009,AFW,TX,ASW,CE,Towers with Radar,11,8,33,40,92,0,17,145,3,165,11,25,178,43,257,138,84,222,479
04/04/2009,AFW,TX,ASW,CE,Towers with Radar,1,6,69,17,93,0,9,23,5,37,1,15,92,22,130,22,20,42,172
04/05/2009,AFW,TX,ASW,CE,Towers with Radar,9,26,90,15,140,0,59,32,5,96,9,85,122,20,236,38,16,54,290
04/06/2009,AFW,TX,ASW,CE,Towers with Radar,4,4,32,15,55,0,2,94,0,96,4,6,126,15,151,124,6,130,281
04/07/2009,AFW,TX,ASW,CE,Towers with Radar,25,16,49,14,104,0,7,149,2,158,25,23,198,16,262,350,2,352,614
04/08/2009,AFW,TX,ASW,CE,Towers with Radar,21,12,69,7,109,0,15,129,3,147,21,27,198,10,256,210,14,224,480
04/09/2009,AFW,TX,ASW,CE,Towers with Radar,22,9,27,5,63,0,8,56,1,65,22,17,83,6,128,42,6,48,176
04/10/2009,AFW,TX,ASW,CE,Towers with Radar,10,7,43,19,79,0,2,67,9,78,10,9,110,28,157,182,10,192,349
04/11/2009,AFW,TX,ASW,CE,Towers with Radar,3,0,19,10,32,0,0,74,4,78,3,0,93,14,110,186,16,202,312
04/12/2009,AFW,TX,ASW,CE,Towers with Radar,3,3,9,5,20,0,0,2,1,3,3,3,11,6,23,0,0,0,23
04/13/2009,AFW,TX,ASW,CE,Towers with Radar,6,3,33,5,47,0,1,86,2,89,6,4,119,7,136,116,10,126,262
04/14/2009,AFW,TX,ASW,CE,Towers with Radar,20,15,37,8,80,0,2,169,1,172,20,17,206,9,252,332,2,334,586
04/15/2009,AFW,TX,ASW,CE,Towers with Radar,23,10,51,5,89,0,9,117,1,127,23,19,168,6,216,218,0,218,434
04/16/2009,AFW,TX,ASW,CE,Towers with Radar,20,16,21,6,63,0,1,69,1,71,20,17,90,7,134,66,56,122,256
04/17/2009,AFW,TX,ASW,CE,Towers with Radar,15,15,19,0,49,0,0,8,1,9,15,15,27,1,58,4,0,4,62
04/18/2009,AFW,TX,ASW,CE,Towers with Radar,5,8,26,16,55,0,0,7,0,7,5,8,33,16,62,32,0,32,94
04/19/2009,AFW,TX,ASW,CE,Towers with Radar,5,2,28,28,63,0,0,35,3,38,5,2,63,31,101,114,32,146,247
04/20/2009,AFW,TX,ASW,CE,Towers with Radar,3,13,20,17,53,0,7,133,7,147,3,20,153,24,200,224,16,240,440
04/21/2009,AFW,TX,ASW,CE,Towers with Radar,22,12,34,7,75,0,0,155,4,159,22,12,189,11,234,364,28,392,626
04/22/2009,AFW,TX,ASW,CE,Towers with Radar,32,19,32,16,99,0,0,108,7,115,32,19,140,23,214,189,28,217,431
04/23/2009,AFW,TX,ASW,CE,Towers with Radar,20,19,39,26,104,0,3,106,11,120,20,22,145,37,224,66,14,80,304
04/24/2009,AFW,TX,ASW,CE,Towers with Radar,14,7,22,18,61,0,0,77,4,81,14,7,99,22,142,128,36,164,306
04/25/2009,AFW,TX,ASW,CE,Towers with Radar,1,2,20,21,44,0,2,25,2,29,1,4,45,23,73,54,32,86,159
04/26/2009,AFW,TX,ASW,CE,Towers with Radar,2,2,10,22,36,0,1,10,3,14,2,3,20,25,50,14,12,26,76
04/27/2009,AFW,TX,ASW,CE,Towers with Radar,6,8,10,3,27,0,2,59,0,61,6,10,69,3,88,192,8,200,288
04/28/2009,AFW,TX,ASW,CE,Towers with Radar,26,15,34,9,84,0,2,58,0,60,26,17,92,9,144,134,0,134,278
04/29/2009,AFW,TX,ASW,CE,Towers with Radar,24,12,21,5,62,0,0,55,0,55,24,12,76,5,117,46,0,46,163
04/30/2009,AFW,TX,ASW,CE,Towers with Radar,22,12,23,15,72,0,1,88,0,89,22,13,111,15,161,116,0,116,277
05/01/2009,AFW,TX,ASW,CE,Towers with Radar,13,12,26,16,67,0,0,67,2,69,13,12,93,18,136,182,10,192,328
05/02/2009,AFW,TX,ASW,CE,Towers with Radar,3,6,15,6,30,0,1,22,0,23,3,7,37,6,53,62,0,62,115
05/03/2009,AFW,TX,ASW,CE,Towers with Radar,0,6,30,6,42,0,2,14,1,17,0,8,44,7,59,30,8,38,97
05/04/2009,AFW,TX,ASW,CE,Towers with Radar,3,8,32,3,46,0,5,121,3,129,3,13,153,6,175,226,2,228,403
05/05/2009,AFW,TX,ASW,CE,Towers with Radar,15,13,57,17,102,0,8,31,0,39,15,21,88,17,141,40,6,46,187
05/06/2009,AFW,TX,ASW,CE,Towers with Radar,20,12,29,14,75,0,13,82,0,95,20,25,111,14,170,148,6,154,324
05/07/2009,AFW,TX,ASW,CE,Towers with Radar,19,22,52,2,95,0,6,115,0,121,19,28,167,2,216,258,10,268,484
05/08/2009,AFW,TX,ASW,CE,Towers with Radar,18,10,37,14,79,0,1,98,4,103,18,11,135,18,182,276,4,280,462
05/09/2009,AFW,TX,ASW,CE,Towers with Radar,6,0,29,9,44,0,0,35,0,35,6,0,64,9,79,72,6,78,157
05/10/2009,AFW,TX,ASW,CE,Towers with Radar,1,4,23,10,38,0,0,17,0,17,1,4,40,10,55,66,2,68,123
05/11/2009,AFW,TX,ASW,CE,Towers with Radar,7,5,47,9,68,0,0,58,1,59,7,5,105,10,127,100,0,100,227
05/12/2009,AFW,TX,ASW,CE,Towers with Radar,17,22,47,17,103,0,2,95,5,102,17,24,142,22,205,132,26,158,363
05/13/2009,AFW,TX,ASW,CE,Towers with Radar,20,18,33,13,84,0,6,62,1,69,20,24,95,14,153,42,12,54,207
05/14/2009,AFW,TX,ASW,CE,Towers with Radar,19,12,45,9,85,0,4,108,3,115,19,16,153,12,200,158,12,170,370
05/15/2009,AFW,TX,ASW,CE,Towers with Radar,16,8,21,17,62,0,6,90,13,109,16,14,111,30,171,142,4,146,317
05/16/2009,AFW,TX,ASW,CE,Towers with Radar,0,0,6,1,7,0,2,12,0,14,0,2,18,1,21,28,0,28,49
05/17/2009,AFW,TX,ASW,CE,Towers with Radar,1,2,27,18,48,0,0,48,2,50,1,2,75,20,98,156,4,160,258
05/18/2009,AFW,TX,ASW,CE,Towers with Radar,8,8,26,6,48,0,3,118,5,126,8,11,144,11,174,222,24,246,420
05/19/2009,AFW,TX,ASW,CE,Towers with Radar,16,15,55,11,97,0,7,158,0,165,16,22,213,11,262,211,0,211,473
05/20/2009,AFW,TX,ASW,CE,Towers with Radar,19,14,37,12,82,0,5,127,4,136,19,19,164,16,218,250,10,260,478
05/21/2009,AFW,TX,ASW,CE,Towers with Radar,17,13,37,11,78,0,2,187,3,192,17,15,224,14,270,326,26,352,622
05/22/2009,AFW,TX,ASW,CE,Towers with Radar,14,6,14,26,60,0,3,109,6,118,14,9,123,32,178,212,24,236,414
05/23/2009,AFW,TX,ASW,CE,Towers with Radar,1,0,13,5,19,0,0,45,1,46,1,0,58,6,65,190,0,190,255
05/24/2009,AFW,TX,ASW,CE,Towers with Radar,0,1,8,3,12,0,0,16,2,18,0,1,24,5,30,64,2,66,96
05/25/2009,AFW,TX,ASW,CE,Towers with Radar,0,1,15,22,38,0,0,51,1,52,0,1,66,23,90,250,6,256,346
05/26/2009,AFW,TX,ASW,CE,Towers with Radar,5,4,22,16,47,0,2,88,2,92,5,6,110,18,139,238,0,238,377
05/27/2009,AFW,TX,ASW,CE,Towers with Radar,18,13,43,7,81,0,7,118,4,129,18,20,161,11,210,214,20,234,444
05/28/2009,AFW,TX,ASW,CE,Towers with Radar,17,18,36,16,87,0,3,127,4,134,17,21,163,20,221,256,24,280,501
05/29/2009,AFW,TX,ASW,CE,Towers with Radar,12,9,20,58,99,0,2,130,8,140,12,11,150,66,239,330,88,418,657
05/30/2009,AFW,TX,ASW,CE,Towers with Radar,0,1,18,38,57,0,1,81,5,87,0,2,99,43,144,220,80,300,444
05/31/2009,AFW,TX,ASW,CE,Towers with Radar,0,2,24,32,58,0,0,32,2,34,0,2,56,34,92,84,12,96,188
06/01/2009,AFW,TX,ASW,CE,Towers with Radar,3,4,30,20,57,0,1,100,3,104,3,5,130,23,161,200,20,220,381
06/02/2009,AFW,TX,ASW,CE,Towers with Radar,18,17,39,21,95,0,4,103,0,107,18,21,142,21,202,110,26,136,338
06/03/2009,AFW,TX,ASW,CE,Towers with Radar,23,18,42,21,104,0,3,124,0,127,23,21,166,21,231,264,6,270,501
06/04/2009,AFW,TX,ASW,CE,Towers with Radar,17,15,67,16,115,0,4,136,2,142,17,19,203,18,257,232,18,250,507
06/05/2009,AFW,TX,ASW,CE,Towers with Radar,15,16,56,25,112,1,2,111,4,118,16,18,167,29,230,226,42,268,498
06/06/2009,AFW,TX,ASW,CE,Towers with Radar,3,3,36,25,67,0,0,64,3,67,3,3,100,28,134,194,38,232,366
06/07/2009,AFW,TX,ASW,CE,Towers with Radar,0,6,33,10,49,0,5,46,5,56,0,11,79,15,105,38,0,38,143
06/08/2009,AFW,TX,ASW,CE,Towers with Radar,4,6,43,14,67,0,9,106,8,123,4,15,149,22,190,234,33,267,457
06/09/2009,AFW,TX,ASW,CE,Towers with Radar,17,14,52,11,94,0,8,110,0,118,17,22,162,11,212,160,12,172,384
06/10/2009,AFW,TX,ASW,CE,Towers with Radar,17,17,38,18,90,0,12,77,2,91,17,29,115,20,181,78,10,88,269
06/11/2009,AFW,TX,ASW,CE,Towers with Radar,19,15,40,3,77,0,6,66,0,72,19,21,106,3,149,52,0,52,201
06/12/2009,AFW,TX,ASW,CE,Towers with Radar,14,10,30,14,68,0,6,84,7,97,14,16,114,21,165,120,8,128,293
06/13/2009,AFW,TX,ASW,CE,Towers with Radar,0,0,24,19,43,0,0,48,4,52,0,0,72,23,95,104,12,116,211
06/14/2009,AFW,TX,ASW,CE,Towers with Radar,0,3,19,10,32,0,0,34,4,38,0,3,53,14,70,100,8,108,178
06/15/2009,AFW,TX,ASW,CE,Towers with Radar,6,5,27,6,44,0,2,94,2,98,6,7,121,8,142,106,8,114,256
06/16/2009,AFW,TX,ASW,CE,Towers with Radar,17,12,38,8,75,0,1,106,7,114,17,13,144,15,189,176,0,176,365
06/17/2009,AFW,TX,ASW,CE,Towers with Radar,17,16,39,9,81,0,6,103,3,112,17,22,142,12,193,150,10,160,353
06/18/2009,AFW,TX,ASW,CE,Towers with Radar,18,16,29,10,73,0,7,81,8,96,18,23,110,18,169,176,38,214,383
06/19/2009,AFW,TX,ASW,CE,Towers with Radar,15,9,27,29,80,0,11,76,12,99,15,20,103,41,179,180,24,204,383
06/20/2009,AFW,TX,ASW,CE,Towers with Radar,0,2,18,28,48,0,1,55,2,58,0,3,73,30,106,192,68,260,366
06/21/2009,AFW,TX,ASW,CE,Towers with Radar,2,4,11,16,33,1,0,34,8,43,3,4,45,24,76,138,2,140,216
06/22/2009,AFW,TX,ASW,CE,Towers with Radar,3,6,50,15,74,0,14,103,2,119,3,20,153,17,193,170,8,178,371
06/23/2009,AFW,TX,ASW,CE,Towers with Radar,19,15,40,5,79,0,4,115,5,124,19,19,155,10,203,214,10,224,427
06/24/2009,AFW,TX,ASW,CE,Towers with Radar,18,10,33,10,71,0,3,94,5,102,18,13,127,15,173,252,4,256,429
06/25/2009,AFW,TX,ASW,CE,Towers with Radar,15,15,40,4,74,0,2,114,0,116,15,17,154,4,190,176,0,176,366
06/26/2009,AFW,TX,ASW,CE,Towers with Radar,14,13,41,17,85,0,2,104,0,106,14,15,145,17,191,142,32,174,365
06/27/2009,AFW,TX,ASW,CE,Towers with Radar,1,2,15,24,42,0,0,69,4,73,1,2,84,28,115,194,42,236,351
06/28/2009,AFW,TX,ASW,CE,Towers with Radar,2,0,17,41,60,0,0,23,3,26,2,0,40,44,86,38,10,48,134
06/29/2009,AFW,TX,ASW,CE,Towers with Radar,3,5,17,10,35,0,0,40,2,42,3,5,57,12,77,118,20,138,215
06/30/2009,AFW,TX,ASW,CE,Towers with Radar,16,17,29,16,78,0,4,57,0,61,16,21,86,16,139,122,0,122,261
07/01/2009,AFW,TX,ASW,CE,Towers with Radar,17,12,27,38,94,0,5,73,2,80,17,17,100,40,174,142,18,160,334
07/02/2009,AFW,TX,ASW,CE,Towers with Radar,15,10,29,20,74,0,7,73,1,81,15,17,102,21,155,126,14,140,295
07/03/2009,AFW,TX,ASW,CE,Towers with Radar,12,6,10,5,33,0,0,52,0,52,12,6,62,5,85,122,6,128,213
07/04/2009,AFW,TX,ASW,CE,Towers with Radar,0,2,6,2,10,0,0,17,0,17,0,2,23,2,27,56,0,56,83
07/05/2009,AFW,TX,ASW,CE,Towers with Radar,2,0,15,4,21,0,0,8,0,8,2,0,23,4,29,0,0,0,29
07/06/2009,AFW,TX,ASW,CE,Towers with Radar,8,7,40,2,57,0,6,107,1,114,8,13,147,3,171,282,12,294,465
07/07/2009,AFW,TX,ASW,CE,Towers with Radar,16,11,29,13,69,0,2,87,1,90,16,13,116,14,159,192,14,206,365
07/08/2009,AFW,TX,ASW,CE,Towers with Radar,13,14,38,21,86,0,6,101,8,115,13,20,139,29,201,172,18,190,391
07/09/2009,AFW,TX,ASW,CE,Towers with Radar,20,12,56,10,98,0,1,104,0,105,20,13,160,10,203,134,6,140,343
07/10/2009,AFW,TX,ASW,CE,Towers with Radar,12,9,49,31,101,0,1,90,1,92,12,10,139,32,193,188,40,228,421
07/11/2009,AFW,TX,ASW,CE,Towers with Radar,1,0,14,64,79,0,2,49,0,51,1,2,63,64,130,176,74,250,380
07/12/2009,AFW,TX,ASW,CE,Towers with Radar,1,4,25,50,80,0,0,26,1,27,1,4,51,51,107,62,40,102,209
07/13/2009,AFW,TX,ASW,CE,Towers with Radar,5,3,15,20,43,0,0,65,2,67,5,3,80,22,110,166,20,186,296
07/14/2009,AFW,TX,ASW,CE,Towers with Radar,15,16,34,18,83,0,4,75,5,84,15,20,109,23,167,128,20,148,315
07/15/2009,AFW,TX,ASW,CE,Towers with Radar,17,17,27,6,67,0,2,90,1,93,17,19,117,7,160,242,0,242,402
07/16/2009,AFW,TX,ASW,CE,Towers with Radar,16,13,29,27,85,0,3,92,0,95,16,16,121,27,180,206,30,236,416
07/17/2009,AFW,TX,ASW,CE,Towers with Radar,10,9,29,40,88,0,0,76,8,84,10,9,105,48,172,182,66,248,420
07/18/2009,AFW,TX,ASW,CE,Towers with Radar,1,3,17,77,98,0,0,49,5,54,1,3,66,82,152,92,114,206,358
07/19/2009,AFW,TX,ASW,CE,Towers with Radar,2,1,23,41,67,0,1,37,2,40,2,2,60,43,107,46,12,58,165
07/20/2009,AFW,TX,ASW,CE,Towers with Radar,5,6,21,3,35,0,5,43,0,48,5,11,64,3,83,54,0,54,137
07/21/2009,AFW,TX,ASW,CE,Towers with Radar,14,11,39,13,77,0,1,86,10,97,14,12,125,23,174,252,26,278,452
07/22/2009,AFW,TX,ASW,CE,Towers with Radar,19,18,38,23,98,0,1,71,2,74,19,19,109,25,172,130,8,138,310
07/23/2009,AFW,TX,ASW,CE,Towers with Radar,16,20,42,16,94,0,1,88,2,91,16,21,130,18,185,156,28,184,369
07/24/2009,AFW,TX,ASW,CE,Towers with Radar,12,8,39,13,72,0,5,90,4,99,12,13,129,17,171,270,66,336,507
07/25/2009,AFW,TX,ASW,CE,Towers with Radar,1,0,19,22,42,0,0,54,3,57,1,0,73,25,99,218,42,260,359
07/26/2009,AFW,TX,ASW,CE,Towers with Radar,2,2,8,48,60,0,0,39,13,52,2,2,47,61,112,40,34,74,186
07/27/2009,AFW,TX,ASW,CE,Towers with Radar,3,4,25,5,37,0,0,27,0,27,3,4,52,5,64,18,0,18,82
07/28/2009,AFW,TX,ASW,CE,Towers with Radar,15,15,43,7,80,0,1,81,0,82,15,16,124,7,162,174,14,188,350
07/29/2009,AFW,TX,ASW,CE,Towers with Radar,14,18,53,10,95,0,3,81,11,95,14,21,134,21,190,132,10,142,332
07/30/2009,AFW,TX,ASW,CE,Towers with Radar,16,14,64,15,109,0,0,59,3,62,16,14,123,18,171,134,6,140,311
07/31/2009,AFW,TX,ASW,CE,Towers with Radar,13,10,25,33,81,0,1,62,12,75,13,11,87,45,156,130,68,198,354
08/01/2009,AFW,TX,ASW,CE,Towers with Radar,3,1,15,21,40,0,0,24,0,24,3,1,39,21,64,22,62,84,148
08/02/2009,AFW,TX,ASW,CE,Towers with Radar,1,4,26,39,70,0,0,39,4,43,1,4,65,43,113,56,8,64,177
08/03/2009,AFW,TX,ASW,CE,Towers with Radar,6,9,23,9,47,0,7,69,0,76,6,16,92,9,123,140,6,146,269
08/04/2009,AFW,TX,ASW,CE,Towers with Radar,21,16,30,21,88,0,11,94,3,108,21,27,124,24,196,154,14,168,364
08/05/2009,AFW,TX,ASW,CE,Towers with Radar,13,12,23,25,73,0,2,86,1,89,13,14,109,26,162,162,10,172,334
08/06/2009,AFW,TX,ASW,CE,Towers with Radar,17,22,29,19,87,0,2,118,4,124,17,24,147,23,211,200,18,218,429
08/07/2009,AFW,TX,ASW,CE,Towers with Radar,14,10,27,29,80,0,1,86,5,92,14,11,113,34,172,120,62,182,354
08/08/2009,AFW,TX,ASW,CE,Towers with Radar,1,2,11,49,63,0,1,48,4,53,1,3,59,53,116,140,24,164,280
08/09/2009,AFW,TX,ASW,CE,Towers with Radar,1,4,11,33,49,0,0,20,2,22,1,4,31,35,71,10,4,14,85
08/10/2009,AFW,TX,ASW,CE,Towers with Radar,4,13,12,31,60,0,2,74,3,79,4,15,86,34,139,144,38,182,321
08/11/2009,AFW,TX,ASW,CE,Towers with Radar,17,13,27,10,67,0,2,86,2,90,17,15,113,12,157,240,8,248,405
08/12/2009,AFW,TX,ASW,CE,Towers with Radar,14,17,38,6,75,0,2,82,0,84,14,19,120,6,159,216,12,228,387
08/13/2009,AFW,TX,ASW,CE,Towers with Radar,17,12,39,19,87,0,3,81,0,84,17,15,120,19,171,156,0,156,327
08/14/2009,AFW,TX,ASW,CE,Towers with Radar,12,10,26,37,85,0,0,61,0,61,12,10,87,37,146,150,50,200,346
08/15/2009,AFW,TX,ASW,CE,Towers with Radar,1,2,18,34,55,0,0,44,4,48,1,2,62,38,103,116,40,156,259
08/16/2009,AFW,TX,ASW,CE,Towers with Radar,2,1,21,25,49,0,1,30,0,31,2,2,51,25,80,84,8,92,172
08/17/2009,AFW,TX,ASW,CE,Towers with Radar,3,6,35,23,67,0,2,83,5,90,3,8,118,28,157,134,70,204,361
08/18/2009,AFW,TX,ASW,CE,Towers with Radar,19,15,33,47,114,2,3,66,8,79,21,18,99,55,193,164,28,192,385
08/19/2009,AFW,TX,ASW,CE,Towers with Radar,15,21,32,21,89,0,2,87,5,94,15,23,119,26,183,156,32,188,371
08/20/2009,AFW,TX,ASW,CE,Towers with Radar,14,16,32,14,76,0,2,73,7,82,14,18,105,21,158,136,46,182,340
08/21/2009,AFW,TX,ASW,CE,Towers with Radar,13,10,18,52,93,0,2,65,1,68,13,12,83,53,161,136,122,258,419
08/22/2009,AFW,TX,ASW,CE,Towers with Radar,1,0,19,15,35,0,0,38,5,43,1,0,57,20,78,152,26,178,256
08/23/2009,AFW,TX,ASW,CE,Towers with Radar,1,3,14,47,65,0,0,23,3,26,1,3,37,50,91,54,12,66,157
08/24/2009,AFW,TX,ASW,CE,Towers with Radar,5,6,22,17,50,0,0,84,0,84,5,6,106,17,134,80,34,114,248
08/25/2009,AFW,TX,ASW,CE,Towers with Radar,16,11,32,45,104,0,1,67,8,76,16,12,99,53,180,74,60,134,314
08/26/2009,AFW,TX,ASW,CE,Towers with Radar,13,16,43,29,101,0,3,79,10,92,13,19,122,39,193,110,72,182,375
08/27/2009,AFW,TX,ASW,CE,Towers with Radar,10,14,39,4,67,0,1,76,2,79,10,15,115,6,146,90,8,98,244
08/28/2009,AFW,TX,ASW,CE,Towers with Radar,21,9,23,45,98,0,3,56,2,61,21,12,79,47,159,40,32,72,231
08/29/2009,AFW,TX,ASW,CE,Towers with Radar,1,0,19,27,47,0,0,44,2,46,1,0,63,29,93,108,34,142,235
08/30/2009,AFW,TX,ASW,CE,Towers with Radar,3,4,9,29,45,0,0,36,3,39,3,4,45,32,84,68,18,86,170
08/31/2009,AFW,TX,ASW,CE,Towers with Radar,6,7,22,14,49,0,0,63,1,64,6,7,85,15,113,100,40,140,253
09/01/2009,AFW,TX,ASW,CE,Towers with Radar,13,18,29,4,64,0,0,50,1,51,13,18,79,5,115,68,2,70,185
09/02/2009,AFW,TX,ASW,CE,Towers with Radar,16,13,30,10,69,0,12,80,0,92,16,25,110,10,161,138,36,174,335
09/03/2009,AFW,TX,ASW,CE,Towers with Radar,15,15,40,24,94,0,8,80,0,88,15,23,120,24,182,44,4,48,230
09/04/2009,AFW,TX,ASW,CE,Towers with Radar,14,11,15,34,74,0,0,41,1,42,14,11,56,35,116,56,68,124,240
09/05/2009,AFW,TX,ASW,CE,Towers with Radar,1,3,8,27,39,0,0,22,0,22,1,3,30,27,61,58,26,84,145
09/06/2009,AFW,TX,ASW,CE,Towers with Radar,0,1,24,1,26,0,0,33,0,33,0,1,57,1,59,88,0,88,147
09/07/2009,AFW,TX,ASW,CE,Towers with Radar,1,4,19,18,42,0,0,28,1,29,1,4,47,19,71,42,4,46,117
09/08/2009,AFW,TX,ASW,CE,Towers with Radar,6,9,19,28,62,0,5,78,1,84,6,14,97,29,146,94,20,114,260
09/09/2009,AFW,TX,ASW,CE,Towers with Radar,13,16,21,36,86,0,2,88,2,92,13,18,109,38,178,108,36,144,322
09/10/2009,AFW,TX,ASW,CE,Towers with Radar,18,14,40,0,72,0,1,79,2,82,18,15,119,2,154,108,0,108,262
09/11/2009,AFW,TX,ASW,CE,Towers with Radar,12,13,21,4,50,0,3,17,0,20,12,16,38,4,70,28,0,28,98
09/12/2009,AFW,TX,ASW,CE,Towers with Radar,0,1,11,2,14,0,0,1,0,1,0,1,12,2,15,0,0,0,15
09/13/2009,AFW,TX,ASW,CE,Towers with Radar,1,1,12,3,17,0,0,5,0,5,1,1,17,3,22,0,0,0,22
09/14/2009,AFW,TX,ASW,CE,Towers with Radar,4,5,51,3,63,0,0,1,0,1,4,5,52,3,64,4,0,4,68
09/15/2009,AFW,TX,ASW,CE,Towers with Radar,14,12,81,6,113,0,3,24,0,27,14,15,105,6,140,68,0,68,208
09/16/2009,AFW,TX,ASW,CE,Towers with Radar,17,12,50,6,85,0,0,59,0,59,17,12,109,6,144,54,20,74,218
09/17/2009,AFW,TX,ASW,CE,Towers with Radar,17,17,75,5,114,0,4,30,0,34,17,21,105,5,148,36,0,36,184
09/18/2009,AFW,TX,ASW,CE,Towers with Radar,13,12,32,16,73,0,4,57,11,72,13,16,89,27,145,108,44,152,297
09/19/2009,AFW,TX,ASW,CE,Towers with Radar,2,0,13,5,20,0,0,30,3,33,2,0,43,8,53,124,0,124,177
09/20/2009,AFW,TX,ASW,CE,Towers with Radar,1,2,10,4,17,0,9,20,10,39,1,11,30,14,56,26,8,34,90
09/21/2009,AFW,TX,ASW,CE,Towers with Radar,1,7,15,0,23,0,3,43,0,46,1,10,58,0,69,76,0,76,145
09/22/2009,AFW,TX,ASW,CE,Towers with Radar,16,11,22,4,53,0,5,35,3,43,16,16,57,7,96,40,14,54,150
09/23/2009,AFW,TX,ASW,CE,Towers with Radar,16,19,22,10,67,0,6,61,4,71,16,25,83,14,138,78,32,110,248
09/24/2009,AFW,TX,ASW,CE,Towers with Radar,15,14,30,12,71,0,8,41,0,49,15,22,71,12,120,64,36,100,220
09/25/2009,AFW,TX,ASW,CE,Towers with Radar,13,9,22,18,62,0,2,52,4,58,13,11,74,22,120,76,34,110,230
09/26/2009,AFW,TX,ASW,CE,Towers with Radar,3,0,14,10,27,0,0,38,4,42,3,0,52,14,69,132,22,154,223
09/27/2009,AFW,TX,ASW,CE,Towers with Radar,2,2,10,8,22,0,0,20,11,31,2,2,30,19,53,40,8,48,101
09/28/2009,AFW,TX,ASW,CE,Towers with Radar,3,8,15,16,42,0,3,59,0,62,3,11,74,16,104,40,2,42,146
09/29/2009,AFW,TX,ASW,CE,Towers with Radar,21,15,21,7,64,0,0,75,0,75,21,15,96,7,139,38,0,38,177
09/30/2009,AFW,TX,ASW,CE,Towers with Radar,16,16,23,1,56,0,1,77,0,78,16,17,100,1,134,151,0,151,285
10/01/2009,AFW,TX,ASW,CE,Towers with Radar,22,11,28,5,66,0,1,71,0,72,22,12,99,5,138,90,0,90,228
10/02/2009,AFW,TX,ASW,CE,Towers with Radar,17,11,20,13,61,0,3,70,0,73,17,14,90,13,134,96,2,98,232
10/03/2009,AFW,TX,ASW,CE,Towers with Radar,0,0,9,6,15,0,0,27,3,30,0,0,36,9,45,54,6,60,105
10/04/2009,AFW,TX,ASW,CE,Towers with Radar,2,0,17,1,20,0,0,0,0,0,2,0,17,1,20,0,0,0,20
10/05/2009,AFW,TX,ASW,CE,Towers with Radar,8,7,25,14,54,0,0,22,0,22,8,7,47,14,76,12,0,12,88
10/06/2009,AFW,TX,ASW,CE,Towers with Radar,8,11,14,4,37,0,0,20,0,20,8,11,34,4,57,0,0,0,57
10/07/2009,AFW,TX,ASW,CE,Towers with Radar,14,13,29,0,56,0,0,14,0,14,14,13,43,0,70,14,0,14,84
10/08/2009,AFW,TX,ASW,CE,Towers with Radar,6,9,21,1,37,0,0,65,0,65,6,9,86,1,102,124,0,124,226
10/09/2009,AFW,TX,ASW,CE,Towers with Radar,9,3,24,11,47,0,1,19,0,20,9,4,43,11,67,34,4,38,105
10/10/2009,AFW,TX,ASW,CE,Towers with Radar,3,2,12,4,21,0,0,42,0,42,3,2,54,4,63,116,0,116,179
10/11/2009,AFW,TX,ASW,CE,Towers with Radar,8,2,14,2,26,0,0,13,0,13,8,2,27,2,39,34,0,34,73
10/12/2009,AFW,TX,ASW,CE,Towers with Radar,6,7,25,8,46,0,0,0,0,0,6,7,25,8,46,0,0,0,46
10/13/2009,AFW,TX,ASW,CE,Towers with Radar,20,13,21,7,61,0,0,0,0,0,20,13,21,7,61,0,0,0,61
10/14/2009,AFW,TX,ASW,CE,Towers with Radar,20,9,24,5,58,0,3,30,0,33,20,12,54,5,91,44,0,44,135
10/15/2009,AFW,TX,ASW,CE,Towers with Radar,22,15,45,12,94,0,0,40,0,40,22,15,85,12,134,66,0,66,200
10/16/2009,AFW,TX,ASW,CE,Towers with Radar,17,8,24,25,74,0,1,92,12,105,17,9,116,37,179,176,36,212,391
10/17/2009,AFW,TX,ASW,CE,Towers with Radar,0,0,6,7,13,0,2,43,4,49,0,2,49,11,62,126,14,140,202
10/18/2009,AFW,TX,ASW,CE,Towers with Radar,3,3,9,28,43,0,0,40,2,42,3,3,49,30,85,130,6,136,221
10/19/2009,AFW,TX,ASW,CE,Towers with Radar,3,10,32,27,72,0,6,60,4,70,3,16,92,31,142,76,8,84,226
10/20/2009,AFW,TX,ASW,CE,Towers with Radar,18,16,20,13,67,0,5,70,8,83,18,21,90,21,150,118,66,184,334
10/21/2009,AFW,TX,ASW,CE,Towers with Radar,15,17,41,2,75,0,6,1,0,7,15,23,42,2,82,6,0,6,88
10/22/2009,AFW,TX,ASW,CE,Towers with Radar,19,10,18,12,59,0,6,25,34,65,19,16,43,46,124,0,14,14,138
10/23/2009,AFW,TX,ASW,CE,Towers with Radar,20,10,5,17,52,1,9,41,49,100,21,19,46,66,152,18,52,70,222
10/24/2009,AFW,TX,ASW,CE,Towers with Radar,0,2,1,0,3,0,3,41,33,77,0,5,42,33,80,0,0,0,80
10/25/2009,AFW,TX,ASW,CE,Towers with Radar,4,1,1,9,15,0,8,14,13,35,4,9,15,22,50,0,0,0,50
10/26/2009,AFW,TX,ASW,CE,Towers with Radar,5,4,19,26,54,0,6,27,6,39,5,10,46,32,93,18,0,18,111
10/27/2009,AFW,TX,ASW,CE,Towers with Radar,18,13,21,23,75,0,7,83,5,95,18,20,104,28,170,118,26,144,314
10/28/2009,AFW,TX,ASW,CE,Towers with Radar,21,17,21,16,75,0,3,65,4,72,21,20,86,20,147,74,2,76,223
10/29/2009,AFW,TX,ASW,CE,Towers with Radar,17,11,14,7,49,0,2,25,1,28,17,13,39,8,77,24,2,26,103
10/30/2009,AFW,TX,ASW,CE,Towers with Radar,16,10,22,15,63,0,3,58,6,67,16,13,80,21,130,112,36,148,278
10/31/2009,AFW,TX,ASW,CE,Towers with Radar,2,1,7,35,45,0,0,38,3,41,2,1,45,38,86,114,8,122,208
11/01/2009,AFW,TX,ASW,CE,Towers with Radar,2,5,10,17,34,0,0,33,1,34,2,5,43,18,68,44,2,46,114
11/02/2009,AFW,TX,ASW,CE,Towers with Radar,5,11,22,19,57,0,8,74,3,85,5,19,96,22,142,120,22,142,284
11/03/2009,AFW,TX,ASW,CE,Towers with Radar,21,18,29,2,70,0,9,100,5,114,21,27,129,7,184,128,8,136,320
11/04/2009,AFW,TX,ASW,CE,Towers with Radar,20,20,17,15,72,0,2,96,4,102,20,22,113,19,174,148,24,172,346
11/05/2009,AFW,TX,ASW,CE,Towers with Radar,17,25,73,14,129,0,2,90,3,95,17,27,163,17,224,124,16,140,364
11/06/2009,AFW,TX,ASW,CE,Towers with Radar,18,19,41,13,91,0,6,74,8,88,18,25,115,21,179,140,10,150,329
11/07/2009,AFW,TX,ASW,CE,Towers with Radar,1,13,47,10,71,0,28,29,8,65,1,41,76,18,136,44,30,74,210
11/08/2009,AFW,TX,ASW,CE,Towers with Radar,3,49,110,54,216,0,37,53,10,100,3,86,163,64,316,34,2,36,352
11/09/2009,AFW,TX,ASW,CE,Towers with Radar,6,9,19,22,56,0,3,91,3,97,6,12,110,25,153,82,18,100,253
11/10/2009,AFW,TX,ASW,CE,Towers with Radar,19,14,24,27,84,0,1,89,15,105,19,15,113,42,189,108,58,166,355
11/11/2009,AFW,TX,ASW,CE,Towers with Radar,19,17,29,8,73,0,0,57,4,61,19,17,86,12,134,24,0,24,158
11/12/2009,AFW,TX,ASW,CE,Towers with Radar,18,16,24,11,69,0,0,101,6,107,18,16,125,17,176,118,2,120,296
11/13/2009,AFW,TX,ASW,CE,Towers with Radar,17,19,15,11,62,0,1,76,1,78,17,20,91,12,140,114,40,154,294
11/14/2009,AFW,TX,ASW,CE,Towers with Radar,1,3,13,11,28,0,0,46,0,46,1,3,59,11,74,62,0,62,136
11/15/2009,AFW,TX,ASW,CE,Towers with Radar,7,0,11,9,27,0,0,5,1,6,7,0,16,10,33,6,4,10,43
11/16/2009,AFW,TX,ASW,CE,Towers with Radar,5,3,16,8,32,0,0,52,7,59,5,3,68,15,91,38,28,66,157
11/17/2009,AFW,TX,ASW,CE,Towers with Radar,19,15,36,9,79,0,6,88,5,99,19,21,124,14,178,118,6,124,302
11/18/2009,AFW,TX,ASW,CE,Towers with Radar,20,14,35,2,71,0,1,101,2,104,20,15,136,4,175,130,0,130,305
11/19/2009,AFW,TX,ASW,CE,Towers with Radar,17,12,20,12,61,0,4,100,0,104,17,16,120,12,165,134,2,136,301
11/20/2009,AFW,TX,ASW,CE,Towers with Radar,17,17,26,41,101,0,0,32,0,32,17,17,58,41,133,20,4,24,157
11/21/2009,AFW,TX,ASW,CE,Towers with Radar,4,0,15,65,84,0,0,27,1,28,4,0,42,66,112,78,62,140,252
11/22/2009,AFW,TX,ASW,CE,Towers with Radar,3,0,24,40,67,0,0,33,0,33,3,0,57,40,100,124,4,128,228
11/23/2009,AFW,TX,ASW,CE,Towers with Radar,4,3,22,15,44,0,0,58,1,59,4,3,80,16,103,86,6,92,195
11/24/2009,AFW,TX,ASW,CE,Towers with Radar,26,11,13,21,71,0,3,67,3,73,26,14,80,24,144,122,10,132,276
11/25/2009,AFW,TX,ASW,CE,Towers with Radar,21,13,33,10,77,0,5,64,1,70,21,18,97,11,147,90,6,96,243
11/26/2009,AFW,TX,ASW,CE,Towers with Radar,6,0,6,0,12,0,0,18,0,18,6,0,24,0,30,6,0,6,36
11/27/2009,AFW,TX,ASW,CE,Towers with Radar,9,8,16,0,33,0,0,45,0,45,9,8,61,0,78,54,0,54,132
11/28/2009,AFW,TX,ASW,CE,Towers with Radar,1,0,8,2,11,1,0,22,0,23,2,0,30,2,34,36,14,50,84
11/29/2009,AFW,TX,ASW,CE,Towers with Radar,5,0,19,0,24,0,0,8,0,8,5,0,27,0,32,10,0,10,42
11/30/2009,AFW,TX,ASW,CE,Towers with Radar,5,9,25,7,46,0,2,84,2,88,5,11,109,9,134,66,20,86,220
12/01/2009,AFW,TX,ASW,CE,Towers with Radar,26,21,24,8,79,0,0,62,0,62,26,21,86,8,141,82,0,82,223
12/02/2009,AFW,TX,ASW,CE,Towers with Radar,26,14,16,2,58,0,0,56,0,56,26,14,72,2,114,32,0,32,146
12/03/2009,AFW,TX,ASW,CE,Towers with Radar,25,13,30,4,72,0,0,99,3,102,25,13,129,7,174,114,4,118,292
12/04/2009,AFW,TX,ASW,CE,Towers with Radar,26,6,22,24,78,0,1,59,1,61,26,7,81,25,139,28,14,42,181
12/05/2009,AFW,TX,ASW,CE,Towers with Radar,3,1,12,28,44,0,2,23,3,28,3,3,35,31,72,54,4,58,130
12/06/2009,AFW,TX,ASW,CE,Towers with Radar,2,2,5,17,26,0,1,7,0,8,2,3,12,17,34,8,0,8,42
12/07/2009,AFW,TX,ASW,CE,Towers with Radar,7,6,34,5,52,0,0,0,0,0,7,6,34,5,52,0,0,0,52
12/08/2009,AFW,TX,ASW,CE,Towers with Radar,23,11,44,13,91,0,0,32,0,32,23,11,76,13,123,44,0,44,167
12/09/2009,AFW,TX,ASW,CE,Towers with Radar,27,18,41,27,113,0,2,84,1,87,27,20,125,28,200,72,30,102,302
12/10/2009,AFW,TX,ASW,CE,Towers with Radar,26,22,31,40,119,0,0,98,8,106,26,22,129,48,225,62,50,112,337
12/11/2009,AFW,TX,ASW,CE,Towers with Radar,22,13,24,24,83,0,0,68,2,70,22,13,92,26,153,98,12,110,263
12/12/2009,AFW,TX,ASW,CE,Towers with Radar,2,2,18,10,32,0,0,1,0,1,2,2,19,10,33,0,0,0,33
12/13/2009,AFW,TX,ASW,CE,Towers with Radar,0,4,26,15,45,0,1,29,1,31,0,5,55,16,76,56,4,60,136
12/14/2009,AFW,TX,ASW,CE,Towers with Radar,5,6,27,18,56,0,0,61,1,62,5,6,88,19,118,100,22,122,240
12/15/2009,AFW,TX,ASW,CE,Towers with Radar,26,23,35,43,127,0,1,73,9,83,26,24,108,52,210,144,26,170,380
12/16/2009,AFW,TX,ASW,CE,Towers with Radar,29,17,24,34,104,0,3,68,1,72,29,20,92,35,176,78,12,90,266
12/17/2009,AFW,TX,ASW,CE,Towers with Radar,25,14,31,28,98,0,0,51,7,58,25,14,82,35,156,80,58,138,294
12/18/2009,AFW,TX,ASW,CE,Towers with Radar,20,7,25,14,66,0,2,52,4,58,20,9,77,18,124,78,16,94,218
12/19/2009,AFW,TX,ASW,CE,Towers with Radar,7,1,8,14,30,0,1,40,1,42,7,2,48,15,72,80,14,94,166
12/20/2009,AFW,TX,ASW,CE,Towers with Radar,0,3,14,11,28,0,0,47,4,51,0,3,61,15,79,66,2,68,147
12/21/2009,AFW,TX,ASW,CE,Towers with Radar,8,8,30,11,57,0,0,85,2,87,8,8,115,13,144,136,8,144,288
12/22/2009,AFW,TX,ASW,CE,Towers with Radar,33,14,11,10,68,0,0,31,0,31,33,14,42,10,99,40,10,50,149
12/23/2009,AFW,TX,ASW,CE,Towers with Radar,33,19,10,6,68,0,2,35,1,38,33,21,45,7,106,108,4,112,218
12/24/2009,AFW,TX,ASW,CE,Towers with Radar,24,10,7,0,41,0,0,0,0,0,24,10,7,0,41,0,0,0,41
12/25/2009,AFW,TX,ASW,CE,Towers with Radar,0,0,2,0,2,0,0,0,0,0,0,0,2,0,2,0,0,0,2
12/26/2009,AFW,TX,ASW,CE,Towers with Radar,4,3,7,0,14,0,0,33,0,33,4,3,40,0,47,38,0,38,85
12/27/2009,AFW,TX,ASW,CE,Towers with Radar,0,1,13,0,14,0,2,27,0,29,0,3,40,0,43,68,0,68,111
12/28/2009,AFW,TX,ASW,CE,Towers with Radar,3,3,15,3,24,0,1,41,2,44,3,4,56,5,68,130,0,130,198
12/29/2009,AFW,TX,ASW,CE,Towers with Radar,22,8,4,6,40,0,1,19,0,20,22,9,23,6,60,58,0,58,118
12/30/2009,AFW,TX,ASW,CE,Towers with Radar,24,12,22,13,71,0,0,22,8,30,24,12,44,21,101,50,10,60,161
12/31/2009,AFW,TX,ASW,CE,Towers with Radar,20,8,11,3,42,0,0,1,0,1,20,8,12,3,43,0,0,0,43
01/01/2010,AFW,TX,ASW,CE,Towers with Radar,1,2,2,0,5,0,0,28,2,30,1,2,30,2,35,94,0,94,129
01/02/2010,AFW,TX,ASW,CE,Towers with Radar,4,2,17,4,27,0,0,43,2,45,4,2,60,6,72,76,0,76,148
01/03/2010,AFW,TX,ASW,CE,Towers with Radar,0,0,10,5,15,0,0,57,1,58,0,0,67,6,73,142,0,142,215
01/04/2010,AFW,TX,ASW,CE,Towers with Radar,4,6,15,2,27,0,3,37,1,41,4,9,52,3,68,76,0,76,144
01/05/2010,AFW,TX,ASW,CE,Towers with Radar,15,15,16,5,51,0,6,55,0,61,15,21,71,5,112,108,10,118,230
01/06/2010,AFW,TX,ASW,CE,Towers with Radar,17,15,12,15,59,0,4,46,2,52,17,19,58,17,111,148,6,154,265
01/07/2010,AFW,TX,ASW,CE,Towers with Radar,17,8,9,8,42,0,0,15,2,17,17,8,24,10,59,4,6,10,69
01/08/2010,AFW,TX,ASW,CE,Towers with Radar,13,9,13,50,85,0,2,47,6,55,13,11,60,56,140,52,20,72,212
01/09/2010,AFW,TX,ASW,CE,Towers with Radar,1,0,11,38,50,0,1,47,8,56,1,1,58,46,106,150,18,168,274
01/10/2010,AFW,TX,ASW,CE,Towers with Radar,1,1,7,20,29,0,1,25,5,31,1,2,32,25,60,86,12,98,158
01/11/2010,AFW,TX,ASW,CE,Towers with Radar,3,4,11,22,40,0,0,86,6,92,3,4,97,28,132,144,14,158,290
01/12/2010,AFW,TX,ASW,CE,Towers with Radar,16,13,20,31,80,0,1,80,3,84,16,14,100,34,164,110,16,126,290
01/13/2010,AFW,TX,ASW,CE,Towers with Radar,19,13,30,25,87,0,2,95,15,112,19,15,125,40,199,72,40,112,311
01/14/2010,AFW,TX,ASW,CE,Towers with Radar,15,13,42,30,100,0,0,23,0,23,15,13,65,30,123,0,0,0,123
01/15/2010,AFW,TX,ASW,CE,Towers with Radar,16,8,27,13,64,0,2,50,4,56,16,10,77,17,120,142,6,148,268
01/16/2010,AFW,TX,ASW,CE,Towers with Radar,3,2,11,7,23,0,0,25,3,28,3,2,36,10,51,50,0,50,101
01/17/2010,AFW,TX,ASW,CE,Towers with Radar,3,3,7,17,30,0,0,30,3,33,3,3,37,20,63,56,26,82,145
01/18/2010,AFW,TX,ASW,CE,Towers with Radar,5,6,15,24,50,0,2,71,0,73,5,8,86,24,123,116,16,132,255
01/19/2010,AFW,TX,ASW,CE,Towers with Radar,15,13,36,22,86,0,3,57,5,65,15,16,93,27,151,46,26,72,223
01/20/2010,AFW,TX,ASW,CE,Towers with Radar,16,14,29,35,94,0,12,48,1,61,16,26,77,36,155,24,18,42,197
01/21/2010,AFW,TX,ASW,CE,Towers with Radar,28,22,32,27,109,0,0,124,1,125,28,22,156,28,234,142,30,172,406
01/22/2010,AFW,TX,ASW,CE,Towers with Radar,12,7,16,39,74,0,2,56,5,63,12,9,72,44,137,108,100,208,345
01/23/2010,AFW,TX,ASW,CE,Towers with Radar,3,0,6,7,16,0,0,20,1,21,3,0,26,8,37,98,0,98,135
01/24/2010,AFW,TX,ASW,CE,Towers with Radar,0,2,13,11,26,0,0,27,6,33,0,2,40,17,59,74,18,92,151
01/25/2010,AFW,TX,ASW,CE,Towers with Radar,6,3,16,28,53,0,2,80,6,88,6,5,96,34,141,120,72,192,333
01/26/2010,AFW,TX,ASW,CE,Towers with Radar,15,11,27,30,83,0,0,78,2,80,15,11,105,32,163,154,32,186,349
01/27/2010,AFW,TX,ASW,CE,Towers with Radar,18,16,32,18,84,0,1,73,5,79,18,17,105,23,163,142,4,146,309
01/28/2010,AFW,TX,ASW,CE,Towers with Radar,18,13,17,0,48,0,0,11,0,11,18,13,28,0,59,0,0,0,59
01/29/2010,AFW,TX,ASW,CE,Towers with Radar,13,6,23,11,53,0,0,8,0,8,13,6,31,11,61,2,10,12,73
01/30/2010,AFW,TX,ASW,CE,Towers with Radar,0,0,17,13,30,0,0,27,0,27,0,0,44,13,57,84,12,96,153
01/31/2010,AFW,TX,ASW,CE,Towers with Radar,7,2,14,10,33,0,0,2,0,2,7,2,16,10,35,0,0,0,35
02/01/2010,AFW,TX,ASW,CE,Towers with Radar,5,3,26,18,52,0,0,35,0,35,5,3,61,18,87,0,2,2,89
02/02/2010,AFW,TX,ASW,CE,Towers with Radar,19,12,37,36,104,0,5,99,4,108,19,17,136,40,212,160,34,194,406
02/03/2010,AFW,TX,ASW,CE,Towers with Radar,19,13,23,22,77,0,2,42,2,46,19,15,65,24,123,62,16,78,201
02/04/2010,AFW,TX,ASW,CE,Towers with Radar,22,11,63,5,101,0,0,0,0,0,22,11,63,5,101,0,0,0,101
02/05/2010,AFW,TX,ASW,CE,Towers with Radar,16,12,37,27,92,0,1,38,4,43,16,13,75,31,135,84,52,136,271
02/06/2010,AFW,TX,ASW,CE,Towers with Radar,0,0,14,74,88,0,0,47,0,47,0,0,61,74,135,118,34,152,287
02/07/2010,AFW,TX,ASW,CE,Towers with Radar,2,2,12,15,31,0,2,11,1,14,2,4,23,16,45,62,50,112,157
02/08/2010,AFW,TX,ASW,CE,Towers with Radar,2,5,31,0,38,0,0,10,0,10,2,5,41,0,48,0,0,0,48
02/09/2010,AFW,TX,ASW,CE,Towers with Radar,23,14,32,25,94,0,4,70,1,75,23,18,102,26,169,78,24,102,271
02/10/2010,AFW,TX,ASW,CE,Towers with Radar,24,17,33,25,99,0,14,84,2,100,24,31,117,27,199,150,30,180,379
02/11/2010,AFW,TX,ASW,CE,Towers with Radar,16,4,8,0,28,0,0,0,0,0,16,4,8,0,28,0,0,0,28
02/12/2010,AFW,TX,ASW,CE,Towers with Radar,16,15,31,20,82,0,2,4,0,6,16,17,35,20,88,174,0,174,262
02/13/2010,AFW,TX,ASW,CE,Towers with Radar,2,2,9,8,21,0,0,31,0,31,2,2,40,8,52,74,0,74,126
02/14/2010,AFW,TX,ASW,CE,Towers with Radar,3,3,9,5,20,0,0,6,0,6,3,3,15,5,26,6,0,6,32
02/15/2010,AFW,TX,ASW,CE,Towers with Radar,6,9,17,8,40,0,3,82,1,86,6,12,99,9,126,92,4,96,222
02/16/2010,AFW,TX,ASW,CE,Towers with Radar,19,11,14,12,56,0,1,77,8,86,19,12,91,20,142,178,22,200,342
02/17/2010,AFW,TX,ASW,CE,Towers with Radar,20,17,32,30,99,0,2,132,6,140,20,19,164,36,239,178,40,218,457
02/18/2010,AFW,TX,ASW,CE,Towers with Radar,21,9,26,10,66,0,9,98,2,109,21,18,124,12,175,156,0,156,331
02/19/2010,AFW,TX,ASW,CE,Towers with Radar,18,12,43,30,103,1,2,53,1,57,19,14,96,31,160,82,8,90,250
02/20/2010,AFW,TX,ASW,CE,Towers with Radar,1,3,16,18,38,0,1,35,4,40,1,4,51,22,78,96,0,96,174
02/21/2010,AFW,TX,ASW,CE,Towers with Radar,4,2,22,40,68,0,0,1,0,1,4,2,23,40,69,2,0,2,71
02/22/2010,AFW,TX,ASW,CE,Towers with Radar,5,3,20,19,47,0,3,88,3,94,5,6,108,22,141,182,10,192,333
02/23/2010,AFW,TX,ASW,CE,Towers with Radar,21,9,33,12,75,0,0,37,9,46,21,9,70,21,121,14,40,54,175
02/24/2010,AFW,TX,ASW,CE,Towers with Radar,18,13,36,31,98,0,3,89,1,93,18,16,125,32,191,254,74,328,519
02/25/2010,AFW,TX,ASW,CE,Towers with Radar,21,13,34,20,88,0,1,82,3,86,21,14,116,23,174,122,22,144,318
02/26/2010,AFW,TX,ASW,CE,Towers with Radar,17,8,14,4,43,0,0,18,0,18,17,8,32,4,61,36,0,36,97
02/27/2010,AFW,TX,ASW,CE,Towers with Radar,1,0,11,48,60,0,0,57,1,58,1,0,68,49,118,102,38,140,258
02/28/2010,AFW,TX,ASW,CE,Towers with Radar,3,1,7,28,39,0,0,30,0,30,3,1,37,28,69,108,0,108,177
03/01/2010,AFW,TX,ASW,CE,Towers with Radar,8,6,42,0,56,0,0,26,0,26,8,6,68,0,82,14,0,14,96
03/02/2010,AFW,TX,ASW,CE,Towers with Radar,20,11,29,42,102,0,2,79,5,86,20,13,108,47,188,88,94,182,370
03/03/2010,AFW,TX,ASW,CE,Towers with Radar,25,13,28,22,88,0,4,84,3,91,25,17,112,25,179,192,26,218,397
03/04/2010,AFW,TX,ASW,CE,Towers with Radar,19,14,34,17,84,0,6,84,4,94,19,20,118,21,178,112,26,138,316
03/05/2010,AFW,TX,ASW,CE,Towers with Radar,16,9,36,24,85,0,4,52,8,64,16,13,88,32,149,174,22,196,345
03/06/2010,AFW,TX,ASW,CE,Towers with Radar,3,2,18,19,42,0,0,46,4,50,3,2,64,23,92,208,6,214,306
03/07/2010,AFW,TX,ASW,CE,Towers with Radar,7,4,29,11,51,0,0,2,0,2,7,4,31,11,53,4,0,4,57
03/08/2010,AFW,TX,ASW,CE,Towers with Radar,8,7,29,8,52,0,9,13,0,22,8,16,42,8,74,16,0,16,90
03/09/2010,AFW,TX,ASW,CE,Towers with Radar,19,15,35,11,80,0,6,93,2,101,19,21,128,13,181,120,2,122,303
03/10/2010,AFW,TX,ASW,CE,Towers with Radar,20,22,32,5,79,0,5,54,0,59,20,27,86,5,138,78,0,78,216
03/11/2010,AFW,TX,ASW,CE,Towers with Radar,20,16,34,20,90,0,6,90,7,103,20,22,124,27,193,198,2,200,393
03/12/2010,AFW,TX,ASW,CE,Towers with Radar,14,12,39,25,90,0,2,43,4,49,14,14,82,29,139,20,8,28,167
03/13/2010,AFW,TX,ASW,CE,Towers with Radar,8,0,27,102,137,0,2,56,2,60,8,2,83,104,197,54,34,88,285
03/14/2010,AFW,TX,ASW,CE,Towers with Radar,2,2,17,82,103,0,2,40,9,51,2,4,57,91,154,50,18,68,222
03/15/2010,AFW,TX,ASW,CE,Towers with Radar,9,7,25,9,50,0,2,94,6,102,9,9,119,15,152,124,22,146,298
03/16/2010,AFW,TX,ASW,CE,Towers with Radar,20,19,19,8,66,0,0,55,1,56,20,19,74,9,122,116,0,116,238
03/17/2010,AFW,TX,ASW,CE,Towers with Radar,22,10,21,20,73,0,5,75,5,85,22,15,96,25,158,80,16,96,254
03/18/2010,AFW,TX,ASW,CE,Towers with Radar,20,9,38,9,76,0,1,128,4,133,20,10,166,13,209,232,44,276,485
03/19/2010,AFW,TX,ASW,CE,Towers with Radar,20,5,40,18,83,0,3,53,20,76,20,8,93,38,159,64,56,120,279
03/20/2010,AFW,TX,ASW,CE,Towers with Radar,1,4,7,2,14,0,0,2,0,2,1,4,9,2,16,0,0,0,16
03/21/2010,AFW,TX,ASW,CE,Towers with Radar,3,4,10,25,42,0,0,5,10,15,3,4,15,35,57,6,0,6,63
03/22/2010,AFW,TX,ASW,CE,Towers with Radar,4,11,26,21,62,0,4,98,5,107,4,15,124,26,169,218,30,248,417
03/23/2010,AFW,TX,ASW,CE,Towers with Radar,22,11,28,30,91,0,4,89,1,94,22,15,117,31,185,106,22,128,313
03/24/2010,AFW,TX,ASW,CE,Towers with Radar,20,13,28,25,86,0,4,46,0,50,20,17,74,25,136,24,22,46,182
03/25/2010,AFW,TX,ASW,CE,Towers with Radar,23,12,33,52,120,0,0,49,1,50,23,12,82,53,170,30,22,52,222
03/26/2010,AFW,TX,ASW,CE,Towers with Radar,16,6,28,34,84,0,2,80,4,86,16,8,108,38,170,114,34,148,318
03/27/2010,AFW,TX,ASW,CE,Towers with Radar,3,2,7,31,43,0,1,10,1,12,3,3,17,32,55,16,26,42,97
03/28/2010,AFW,TX,ASW,CE,Towers with Radar,1,0,8,27,36,0,0,16,4,20,1,0,24,31,56,24,12,36,92
03/29/2010,AFW,TX,ASW,CE,Towers with Radar,7,5,20,13,45,0,2,118,0,120,7,7,138,13,165,234,16,250,415
03/30/2010,AFW,TX,ASW,CE,Towers with Radar,23,13,25,10,71,0,3,89,0,92,23,16,114,10,163,130,8,138,301
03/31/2010,AFW,TX,ASW,CE,Towers with Radar,21,13,26,38,98,0,0,48,2,50,21,13,74,40,148,96,70,166,314
04/01/2010,AFW,TX,ASW,CE,Towers with Radar,20,12,42,7,81,0,2,44,0,46,20,14,86,7,127,100,4,104,231
04/02/2010,AFW,TX,ASW,CE,Towers with Radar,15,5,24,14,58,0,0,27,1,28,15,5,51,15,86,42,30,72,158
04/03/2010,AFW,TX,ASW,CE,Towers with Radar,3,0,13,24,40,0,0,57,2,59,3,0,70,26,99,186,2,188,287
04/04/2010,AFW,TX,ASW,CE,Towers with Radar,5,3,13,11,32,0,0,8,0,8,5,3,21,11,40,0,0,0,40
04/05/2010,AFW,TX,ASW,CE,Towers with Radar,7,6,27,15,55,0,2,74,0,76,7,8,101,15,131,96,6,102,233
04/06/2010,AFW,TX,ASW,CE,Towers with Radar,23,11,29,31,94,0,1,53,2,56,23,12,82,33,150,6,12,18,168
04/07/2010,AFW,TX,ASW,CE,Towers with Radar,22,9,39,30,100,0,4,49,5,58,22,13,88,35,158,38,42,80,238
04/08/2010,AFW,TX,ASW,CE,Towers with Radar,20,17,39,18,94,0,5,118,4,127,20,22,157,22,221,204,18,222,443
04/09/2010,AFW,TX,ASW,CE,Towers with Radar,20,11,30,10,71,0,3,84,7,94,20,14,114,17,165,188,34,222,387
04/10/2010,AFW,TX,ASW,CE,Towers with Radar,3,1,11,32,47,0,0,49,1,50,3,1,60,33,97,214,40,254,351
04/11/2010,AFW,TX,ASW,CE,Towers with Radar,0,5,13,12,30,0,0,26,1,27,0,5,39,13,57,78,0,78,135
04/12/2010,AFW,TX,ASW,CE,Towers with Radar,7,5,28,17,57,0,3,107,4,114,7,8,135,21,171,108,6,114,285
04/13/2010,AFW,TX,ASW,CE,Towers with Radar,22,14,27,7,70,0,4,98,0,102,22,18,125,7,172,120,14,134,306
04/14/2010,AFW,TX,ASW,CE,Towers with Radar,24,11,36,19,90,0,1,84,7,92,24,12,120,26,182,164,26,190,372
04/15/2010,AFW,TX,ASW,CE,Towers with Radar,19,24,90,14,147,0,4,60,1,65,19,28,150,15,212,68,6,74,286
04/16/2010,AFW,TX,ASW,CE,Towers with Radar,15,15,53,38,121,0,5,69,2,76,15,20,122,40,197,160,26,186,383
04/17/2010,AFW,TX,ASW,CE,Towers with Radar,3,6,37,1,47,0,0,3,1,4,3,6,40,2,51,0,0,0,51
04/18/2010,AFW,TX,ASW,CE,Towers with Radar,1,17,47,2,67,0,14,6,0,20,1,31,53,2,87,0,0,0,87
04/19/2010,AFW,TX,ASW,CE,Towers with Radar,6,31,99,3,139,0,29,56,2,87,6,60,155,5,226,208,0,208,434
04/20/2010,AFW,TX,ASW,CE,Towers with Radar,22,16,43,13,94,0,2,100,0,102,22,18,143,13,196,142,10,152,348
04/21/2010,AFW,TX,ASW,CE,Towers with Radar,21,14,33,11,79,0,3,79,2,84,21,17,112,13,163,154,30,184,347
04/22/2010,AFW,TX,ASW,CE,Towers with Radar,21,9,23,21,74,0,0,47,0,47,21,9,70,21,121,20,6,26,147
04/23/2010,AFW,TX,ASW,CE,Towers with Radar,15,7,26,21,69,0,4,61,5,70,15,11,87,26,139,116,28,144,283
04/24/2010,AFW,TX,ASW,CE,Towers with Radar,7,0,6,19,32,0,1,25,0,26,7,1,31,19,58,61,12,73,131
04/25/2010,AFW,TX,ASW,CE,Towers with Radar,4,0,4,44,52,0,0,10,9,19,4,0,14,53,71,22,20,42,113
04/26/2010,AFW,TX,ASW,CE,Towers with Radar,6,5,42,26,79,0,4,80,2,86,6,9,122,28,165,112,2,114,279
04/27/2010,AFW,TX,ASW,CE,Towers with Radar,21,15,27,18,81,0,6,89,3,98,21,21,116,21,179,196,6,202,381
04/28/2010,AFW,TX,ASW,CE,Towers with Radar,20,15,28,4,67,0,5,77,1,83,20,20,105,5,150,126,0,126,276
04/29/2010,AFW,TX,ASW,CE,Towers with Radar,25,14,29,8,76,0,1,42,0,43,25,15,71,8,119,6,2,8,127
04/30/2010,AFW,TX,ASW,CE,Towers with Radar,22,11,19,18,70,0,0,50,2,52,22,11,69,20,122,46,10,56,178
05/01/2010,AFW,TX,ASW,CE,Towers with Radar,0,1,4,23,28,0,0,34,2,36,0,1,38,25,64,114,56,170,234
05/02/2010,AFW,TX,ASW,CE,Towers with Radar,3,8,8,17,36,0,0,25,4,29,3,8,33,21,65,38,6,44,109
05/03/2010,AFW,TX,ASW,CE,Towers with Radar,6,8,26,7,47,0,5,54,0,59,6,13,80,7,106,60,2,62,168
05/04/2010,AFW,TX,ASW,CE,Towers with Radar,28,18,33,9,88,0,11,107,4,122,28,29,140,13,210,188,14,202,412
05/05/2010,AFW,TX,ASW,CE,Towers with Radar,35,9,25,17,86,0,6,75,5,86,35,15,100,22,172,86,2,88,260
05/06/2010,AFW,TX,ASW,CE,Towers with Radar,30,16,27,18,91,0,1,101,5,107,30,17,128,23,198,124,16,140,338
05/07/2010,AFW,TX,ASW,CE,Towers with Radar,25,13,37,44,119,0,0,78,5,83,25,13,115,49,202,142,96,238,440
05/08/2010,AFW,TX,ASW,CE,Towers with Radar,6,2,12,21,41,0,2,35,0,37,6,4,47,21,78,88,0,88,166
05/09/2010,AFW,TX,ASW,CE,Towers with Radar,0,6,9,14,29,0,0,5,0,5,0,6,14,14,34,8,0,8,42
05/10/2010,AFW,TX,ASW,CE,Towers with Radar,7,7,20,15,49,0,3,49,1,53,7,10,69,16,102,14,0,14,116
05/11/2010,AFW,TX,ASW,CE,Towers with Radar,31,12,29,14,86,0,2,69,1,72,31,14,98,15,158,106,4,110,268
05/12/2010,AFW,TX,ASW,CE,Towers with Radar,29,17,22,11,79,0,0,50,7,57,29,17,72,18,136,54,30,84,220
05/13/2010,AFW,TX,ASW,CE,Towers with Radar,29,7,24,17,77,0,4,48,3,55,29,11,72,20,132,84,30,114,246
05/14/2010,AFW,TX,ASW,CE,Towers with Radar,21,12,12,1,46,0,0,13,2,15,21,12,25,3,61,8,4,12,73
05/15/2010,AFW,TX,ASW,CE,Towers with Radar,1,2,24,2,29,0,0,11,0,11,1,2,35,2,40,36,0,36,76
05/16/2010,AFW,TX,ASW,CE,Towers with Radar,2,3,9,21,35,0,0,22,1,23,2,3,31,22,58,32,0,32,90
05/17/2010,AFW,TX,ASW,CE,Towers with Radar,6,6,17,21,50,0,5,76,5,86,6,11,93,26,136,110,52,162,298
05/18/2010,AFW,TX,ASW,CE,Towers with Radar,29,15,26,12,82,0,6,58,6,70,29,21,84,18,152,120,34,154,306
05/19/2010,AFW,TX,ASW,CE,Towers with Radar,29,9,23,13,74,0,12,73,5,90,29,21,96,18,164,80,32,112,276
05/20/2010,AFW,TX,ASW,CE,Towers with Radar,32,17,26,8,83,0,6,98,2,106,32,23,124,10,189,128,0,128,317
05/21/2010,AFW,TX,ASW,CE,Towers with Radar,23,6,34,35,98,0,2,62,3,67,23,8,96,38,165,92,32,124,289
05/22/2010,AFW,TX,ASW,CE,Towers with Radar,0,0,15,15,30,0,0,37,3,40,0,0,52,18,70,102,16,118,188
05/23/2010,AFW,TX,ASW,CE,Towers with Radar,2,2,10,26,40,0,0,24,3,27,2,2,34,29,67,48,0,48,115
05/24/2010,AFW,TX,ASW,CE,Towers with Radar,6,4,38,29,77,0,3,72,7,82,6,7,110,36,159,86,34,120,279
05/25/2010,AFW,TX,ASW,CE,Towers with Radar,29,13,29,46,117,0,12,71,5,88,29,25,100,51,205,124,60,184,389
05/26/2010,AFW,TX,ASW,CE,Towers with Radar,31,14,22,19,86,0,2,84,1,87,31,16,106,20,173,190,12,202,375
05/27/2010,AFW,TX,ASW,CE,Towers with Radar,28,13,40,20,101,0,4,94,1,99,28,17,134,21,200,130,16,146,346
05/28/2010,AFW,TX,ASW,CE,Towers with Radar,21,8,28,18,75,0,3,75,2,80,21,11,103,20,155,94,46,140,295
05/29/2010,AFW,TX,ASW,CE,Towers with Radar,0,1,4,6,11,0,0,44,0,44,0,1,48,6,55,72,4,76,131
05/30/2010,AFW,TX,ASW,CE,Towers with Radar,2,0,9,8,19,0,3,22,0,25,2,3,31,8,44,72,10,82,126
05/31/2010,AFW,TX,ASW,CE,Towers with Radar,1,1,9,10,21,0,0,30,23,53,1,1,39,33,74,44,28,72,146
06/01/2010,AFW,TX,ASW,CE,Towers with Radar,7,5,26,69,107,0,4,47,41,92,7,9,73,110,199,116,154,270,469
06/02/2010,AFW,TX,ASW,CE,Towers with Radar,29,17,36,8,90,0,1,74,0,75,29,18,110,8,165,158,0,158,323
06/03/2010,AFW,TX,ASW,CE,Towers with Radar,29,14,32,26,101,0,4,53,8,65,29,18,85,34,166,124,42,166,332
06/04/2010,AFW,TX,ASW,CE,Towers with Radar,24,11,29,49,113,0,1,44,8,53,24,12,73,57,166,72,140,212,378
06/05/2010,AFW,TX,ASW,CE,Towers with Radar,2,5,29,23,59,0,0,31,11,42,2,5,60,34,101,28,26,54,155
06/06/2010,AFW,TX,ASW,CE,Towers with Radar,3,1,19,31,54,0,0,11,5,16,3,1,30,36,70,6,18,24,94
06/07/2010,AFW,TX,ASW,CE,Towers with Radar,7,8,18,15,48,0,3,56,0,59,7,11,74,15,107,86,12,98,205
06/08/2010,AFW,TX,ASW,CE,Towers with Radar,28,11,24,14,77,0,5,69,6,80,28,16,93,20,157,138,10,148,305
06/09/2010,AFW,TX,ASW,CE,Towers with Radar,33,12,28,10,83,0,0,35,1,36,33,12,63,11,119,16,4,20,139
06/10/2010,AFW,TX,ASW,CE,Towers with Radar,36,16,33,5,90,0,1,42,1,44,36,17,75,6,134,22,0,22,156
06/11/2010,AFW,TX,ASW,CE,Towers with Radar,26,8,37,61,132,0,2,49,31,82,26,10,86,92,214,70,202,272,486
06/12/2010,AFW,TX,ASW,CE,Towers with Radar,3,0,9,26,38,0,0,29,10,39,3,0,38,36,77,70,22,92,169
06/13/2010,AFW,TX,ASW,CE,Towers with Radar,3,4,19,39,65,0,0,15,6,21,3,4,34,45,86,10,12,22,108
06/14/2010,AFW,TX,ASW,CE,Towers with Radar,7,6,22,30,65,0,1,47,9,57,7,7,69,39,122,74,10,84,206
06/15/2010,AFW,TX,ASW,CE,Towers with Radar,31,11,29,10,81,0,3,61,2,66,31,14,90,12,147,78,16,94,241
06/16/2010,AFW,TX,ASW,CE,Towers with Radar,31,14,32,29,106,0,3,101,0,104,31,17,133,29,210,88,26,114,324
06/17/2010,AFW,TX,ASW,CE,Towers with Radar,32,14,25,41,112,0,4,102,4,110,32,18,127,45,222,152,38,190,412
06/18/2010,AFW,TX,ASW,CE,Towers with Radar,21,9,34,21,85,0,6,83,2,91,21,15,117,23,176,186,28,214,390
06/19/2010,AFW,TX,ASW,CE,Towers with Radar,1,2,11,15,29,0,0,42,1,43,1,2,53,16,72,134,26,160,232
06/20/2010,AFW,TX,ASW,CE,Towers with Radar,1,0,18,21,40,0,0,18,10,28,1,0,36,31,68,12,6,18,86
06/21/2010,AFW,TX,ASW,CE,Towers with Radar,6,7,18,21,52,0,2,95,6,103,6,9,113,27,155,88,48,136,291
06/22/2010,AFW,TX,ASW,CE,Towers with Radar,27,14,32,24,97,0,0,94,7,101,27,14,126,31,198,94,22,116,314
06/23/2010,AFW,TX,ASW,CE,Towers with Radar,31,14,29,28,102,0,6,99,7,112,31,20,128,35,214,114,20,134,348
06/24/2010,AFW,TX,ASW,CE,Towers with Radar,31,13,36,9,89,0,4,106,2,112,31,17,142,11,201,106,34,140,341
06/25/2010,AFW,TX,ASW,CE,Towers with Radar,25,9,30,47,111,0,4,86,8,98,25,13,116,55,209,118,60,178,387
06/26/2010,AFW,TX,ASW,CE,Towers with Radar,0,0,12,29,41,0,0,46,2,48,0,0,58,31,89,70,22,92,181
06/27/2010,AFW,TX,ASW,CE,Towers with Radar,2,2,8,48,60,0,0,18,15,33,2,2,26,63,93,10,38,48,141
06/28/2010,AFW,TX,ASW,CE,Towers with Radar,6,4,16,11,37,0,2,35,2,39,6,6,51,13,76,50,6,56,132
06/29/2010,AFW,TX,ASW,CE,Towers with Radar,30,11,29,18,88,0,3,26,1,30,30,14,55,19,118,30,12,42,160
06/30/2010,AFW,TX,ASW,CE,Towers with Radar,27,16,33,48,124,0,6,24,5,35,27,22,57,53,159,42,64,106,265
07/01/2010,AFW,TX,ASW,CE,Towers with Radar,28,11,23,22,84,0,0,48,2,50,28,11,71,24,134,122,26,148,282
07/02/2010,AFW,TX,ASW,CE,Towers with Radar,25,10,19,15,69,0,0,17,0,17,25,10,36,15,86,38,0,38,124
07/03/2010,AFW,TX,ASW,CE,Towers with Radar,5,2,8,2,17,0,3,5,0,8,5,5,13,2,25,18,0,18,43
07/04/2010,AFW,TX,ASW,CE,Towers with Radar,0,2,3,0,5,0,0,14,0,14,0,2,17,0,19,14,0,14,33
07/05/2010,AFW,TX,ASW,CE,Towers with Radar,1,1,10,8,20,0,0,32,0,32,1,1,42,8,52,56,14,70,122
07/06/2010,AFW,TX,ASW,CE,Towers with Radar,7,4,11,25,47,0,0,38,8,46,7,4,49,33,93,124,66,190,283
07/07/2010,AFW,TX,ASW,CE,Towers with Radar,34,14,48,22,118,0,2,76,2,80,34,16,124,24,198,124,6,130,328
07/08/2010,AFW,TX,ASW,CE,Towers with Radar,27,19,33,8,87,0,1,37,5,43,27,20,70,13,130,50,14,64,194
07/09/2010,AFW,TX,ASW,CE,Towers with Radar,25,13,28,4,70,0,3,35,1,39,25,16,63,5,109,94,8,102,211
07/10/2010,AFW,TX,ASW,CE,Towers with Radar,2,2,8,11,23,0,0,8,4,12,2,2,16,15,35,20,18,38,73
07/11/2010,AFW,TX,ASW,CE,Towers with Radar,0,4,24,32,60,0,0,24,5,29,0,4,48,37,89,62,8,70,159
07/12/2010,AFW,TX,ASW,CE,Towers with Radar,6,3,30,31,70,0,0,60,3,63,6,3,90,34,133,118,30,148,281
07/13/2010,AFW,TX,ASW,CE,Towers with Radar,30,17,27,9,83,0,0,71,0,71,30,17,98,9,154,122,0,122,276
07/14/2010,AFW,TX,ASW,CE,Towers with Radar,31,20,26,0,77,0,2,46,0,48,31,22,72,0,125,112,0,112,237
07/15/2010,AFW,TX,ASW,CE,Towers with Radar,29,15,31,5,80,0,3,65,0,68,29,18,96,5,148,216,0,216,364
07/16/2010,AFW,TX,ASW,CE,Towers with Radar,25,9,21,13,68,0,1,71,3,75,25,10,92,16,143,200,24,224,367
07/17/2010,AFW,TX,ASW,CE,Towers with Radar,1,1,6,24,32,0,0,21,5,26,1,1,27,29,58,106,12,118,176
07/18/2010,AFW,TX,ASW,CE,Towers with Radar,2,2,9,21,34,0,0,25,2,27,2,2,34,23,61,46,2,48,109
07/19/2010,AFW,TX,ASW,CE,Towers with Radar,8,7,25,29,69,0,1,78,2,81,8,8,103,31,150,206,54,260,410
07/20/2010,AFW,TX,ASW,CE,Towers with Radar,27,19,28,45,119,0,2,62,0,64,27,21,90,45,183,116,24,140,323
07/21/2010,AFW,TX,ASW,CE,Towers with Radar,31,14,33,26,104,0,1,113,9,123,31,15,146,35,227,244,44,288,515
07/22/2010,AFW,TX,ASW,CE,Towers with Radar,32,9,40,17,98,0,2,147,4,153,32,11,187,21,251,200,22,222,473
07/23/2010,AFW,TX,ASW,CE,Towers with Radar,21,14,30,31,96,0,1,65,3,69,21,15,95,34,165,106,32,138,303
07/24/2010,AFW,TX,ASW,CE,Towers with Radar,1,3,7,48,59,0,0,52,0,52,1,3,59,48,111,188,10,198,309
07/25/2010,AFW,TX,ASW,CE,Towers with Radar,3,2,16,42,63,0,0,29,3,32,3,2,45,45,95,18,12,30,125
07/26/2010,AFW,TX,ASW,CE,Towers with Radar,6,10,16,9,41,0,0,47,2,49,6,10,63,11,90,16,16,32,122
07/27/2010,AFW,TX,ASW,CE,Towers with Radar,33,17,23,39,112,0,3,77,4,84,33,20,100,43,196,180,26,206,402
07/28/2010,AFW,TX,ASW,CE,Towers with Radar,26,23,33,11,93,0,4,76,6,86,26,27,109,17,179,112,14,126,305
07/29/2010,AFW,TX,ASW,CE,Towers with Radar,30,16,32,31,109,0,3,98,5,106,30,19,130,36,215,102,40,142,357
07/30/2010,AFW,TX,ASW,CE,Towers with Radar,20,10,31,39,100,0,1,84,4,89,20,11,115,43,189,76,76,152,341
07/31/2010,AFW,TX,ASW,CE,Towers with Radar,2,0,12,35,49,0,0,47,1,48,2,0,59,36,97,146,48,194,291
08/01/2010,AFW,TX,ASW,CE,Towers with Radar,2,0,8,29,39,0,0,20,0,20,2,0,28,29,59,52,0,52,111
08/02/2010,AFW,TX,ASW,CE,Towers with Radar,9,5,23,22,59,0,3,70,5,78,9,8,93,27,137,116,24,140,277
08/03/2010,AFW,TX,ASW,CE,Towers with Radar,34,16,32,15,97,0,6,105,3,114,34,22,137,18,211,228,46,274,485
08/04/2010,AFW,TX,ASW,CE,Towers with Radar,31,15,41,19,106,0,0,94,6,100,31,15,135,25,206,160,16,176,382
08/05/2010,AFW,TX,ASW,CE,Towers with Radar,35,13,43,25,116,0,3,119,5,127,35,16,162,30,243,214,12,226,469
08/06/2010,AFW,TX,ASW,CE,Towers with Radar,33,13,21,15,82,0,1,102,6,109,33,14,123,21,191,144,8,152,343
08/07/2010,AFW,TX,ASW,CE,Towers with Radar,3,1,9,11,24,0,0,71,6,77,3,1,80,17,101,180,20,200,301
08/08/2010,AFW,TX,ASW,CE,Towers with Radar,3,9,19,15,46,0,0,29,4,33,3,9,48,19,79,96,4,100,179
08/09/2010,AFW,TX,ASW,CE,Towers with Radar,13,7,21,18,59,0,0,117,2,119,13,7,138,20,178,132,24,156,334
08/10/2010,AFW,TX,ASW,CE,Towers with Radar,33,17,37,20,107,0,5,87,10,102,33,22,124,30,209,156,60,216,425
08/11/2010,AFW,TX,ASW,CE,Towers with Radar,32,14,39,24,109,0,9,95,1,105,32,23,134,25,214,212,16,228,442
08/12/2010,AFW,TX,ASW,CE,Towers with Radar,31,11,36,28,106,0,4,133,0,137,31,15,169,28,243,108,24,132,375
08/13/2010,AFW,TX,ASW,CE,Towers with Radar,27,12,27,56,122,0,6,106,4,116,27,18,133,60,238,130,82,212,450
08/14/2010,AFW,TX,ASW,CE,Towers with Radar,5,0,15,50,70,0,0,57,0,57,5,0,72,50,127,172,68,240,367
08/15/2010,AFW,TX,ASW,CE,Towers with Radar,2,2,19,33,56,0,0,25,11,36,2,2,44,44,92,66,10,76,168
08/16/2010,AFW,TX,ASW,CE,Towers with Radar,6,6,25,41,78,0,0,52,6,58,6,6,77,47,136,82,40,122,258
08/17/2010,AFW,TX,ASW,CE,Towers with Radar,33,15,40,35,123,0,7,93,3,103,33,22,133,38,226,114,72,186,412
08/18/2010,AFW,TX,ASW,CE,Towers with Radar,32,14,33,35,114,0,0,53,0,53,32,14,86,35,167,112,40,152,319
08/19/2010,AFW,TX,ASW,CE,Towers with Radar,34,12,31,7,84,0,3,132,2,137,34,15,163,9,221,192,6,198,419
08/20/2010,AFW,TX,ASW,CE,Towers with Radar,27,15,20,37,99,0,5,94,6,105,27,20,114,43,204,96,30,126,330
08/21/2010,AFW,TX,ASW,CE,Towers with Radar,1,4,9,69,83,0,5,37,8,50,1,9,46,77,133,80,38,118,251
08/22/2010,AFW,TX,ASW,CE,Towers with Radar,1,4,13,24,42,0,0,34,11,45,1,4,47,35,87,22,4,26,113
08/23/2010,AFW,TX,ASW,CE,Towers with Radar,7,12,25,6,50,0,2,74,0,76,7,14,99,6,126,134,0,134,260
08/24/2010,AFW,TX,ASW,CE,Towers with Radar,33,15,18,2,68,0,0,69,3,72,33,15,87,5,140,70,2,72,212
08/25/2010,AFW,TX,ASW,CE,Towers with Radar,33,14,36,25,108,0,1,102,12,115,33,15,138,37,223,198,40,238,461
08/26/2010,AFW,TX,ASW,CE,Towers with Radar,30,10,44,10,94,0,13,122,2,137,30,23,166,12,231,116,26,142,373
08/27/2010,AFW,TX,ASW,CE,Towers with Radar,29,9,32,16,86,0,4,108,7,119,29,13,140,23,205,132,78,210,415
08/28/2010,AFW,TX,ASW,CE,Towers with Radar,0,0,17,32,49,0,1,61,6,68,0,1,78,38,117,154,48,202,319
08/29/2010,AFW,TX,ASW,CE,Towers with Radar,2,0,18,22,42,0,0,42,7,49,2,0,60,29,91,82,20,102,193
08/30/2010,AFW,TX,ASW,CE,Towers with Radar,6,7,30,42,85,0,1,66,0,67,6,8,96,42,152,110,14,124,276
08/31/2010,AFW,TX,ASW,CE,Towers with Radar,37,13,47,22,119,0,2,68,2,72,37,15,115,24,191,104,4,108,299
09/01/2010,AFW,TX,ASW,CE,Towers with Radar,34,15,30,12,91,0,2,61,1,64,34,17,91,13,155,32,6,38,193
09/02/2010,AFW,TX,ASW,CE,Towers with Radar,30,13,36,37,116,0,0,108,5,113,30,13,144,42,229,82,36,118,347
09/03/2010,AFW,TX,ASW,CE,Towers with Radar,28,13,35,14,90,0,2,83,5,90,28,15,118,19,180,60,38,98,278
09/04/2010,AFW,TX,ASW,CE,Towers with Radar,2,0,18,2,22,0,0,71,7,78,2,0,89,9,100,124,4,128,228
09/05/2010,AFW,TX,ASW,CE,Towers with Radar,0,4,12,1,17,0,0,47,0,47,0,4,59,1,64,108,6,114,178
09/06/2010,AFW,TX,ASW,CE,Towers with Radar,3,4,27,18,52,0,0,50,7,57,3,4,77,25,109,70,8,78,187
09/07/2010,AFW,TX,ASW,CE,Towers with Radar,9,1,16,2,28,0,0,18,0,18,9,1,34,2,46,0,0,0,46
09/08/2010,AFW,TX,ASW,CE,Towers with Radar,35,10,4,2,51,0,0,43,0,43,35,10,47,2,94,42,0,42,136
09/09/2010,AFW,TX,ASW,CE,Towers with Radar,31,15,39,34,119,0,8,81,0,89,31,23,120,34,208,140,28,168,376
09/10/2010,AFW,TX,ASW,CE,Towers with Radar,30,14,19,51,114,0,12,83,5,100,30,26,102,56,214,122,36,158,372
09/11/2010,AFW,TX,ASW,CE,Towers with Radar,1,2,11,23,37,0,0,49,4,53,1,2,60,27,90,84,32,116,206
09/12/2010,AFW,TX,ASW,CE,Towers with Radar,2,5,25,13,45,0,0,32,4,36,2,5,57,17,81,36,12,48,129
09/13/2010,AFW,TX,ASW,CE,Towers with Radar,10,5,21,14,50,0,5,70,0,75,10,10,91,14,125,142,16,158,283
09/14/2010,AFW,TX,ASW,CE,Towers with Radar,41,26,46,29,142,0,7,83,4,94,41,33,129,33,236,124,30,154,390
09/15/2010,AFW,TX,ASW,CE,Towers with Radar,34,14,48,59,155,0,2,86,13,101,34,16,134,72,256,166,48,214,470
09/16/2010,AFW,TX,ASW,CE,Towers with Radar,35,21,30,9,95,0,7,107,10,124,35,28,137,19,219,128,24,152,371
09/17/2010,AFW,TX,ASW,CE,Towers with Radar,25,8,51,43,127,0,3,91,9,103,25,11,142,52,230,190,84,274,504
09/18/2010,AFW,TX,ASW,CE,Towers with Radar,1,0,15,45,61,0,0,46,7,53,1,0,61,52,114,32,32,64,178
09/19/2010,AFW,TX,ASW,CE,Towers with Radar,0,2,19,30,51,0,0,28,19,47,0,2,47,49,98,46,22,68,166
09/20/2010,AFW,TX,ASW,CE,Towers with Radar,10,5,27,55,97,0,6,76,5,87,10,11,103,60,184,94,56,150,334
09/21/2010,AFW,TX,ASW,CE,Towers with Radar,35,14,35,28,112,0,8,112,2,122,35,22,147,30,234,154,38,192,426
09/22/2010,AFW,TX,ASW,CE,Towers with Radar,34,12,43,51,140,0,9,89,3,101,34,21,132,54,241,94,72,166,407
09/23/2010,AFW,TX,ASW,CE,Towers with Radar,40,10,53,25,128,0,6,99,2,107,40,16,152,27,235,80,12,92,327
09/24/2010,AFW,TX,ASW,CE,Towers with Radar,25,15,36,14,90,0,2,59,9,70,25,17,95,23,160,90,34,124,284
09/25/2010,AFW,TX,ASW,CE,Towers with Radar,2,2,8,12,24,0,0,4,0,4,2,2,12,12,28,0,8,8,36
09/26/2010,AFW,TX,ASW,CE,Towers with Radar,2,9,23,14,48,0,0,40,5,45,2,9,63,19,93,48,20,68,161
09/27/2010,AFW,TX,ASW,CE,Towers with Radar,7,4,32,18,61,0,7,108,1,116,7,11,140,19,177,170,28,198,375
09/28/2010,AFW,TX,ASW,CE,Towers with Radar,37,11,48,9,105,0,4,145,6,155,37,15,193,15,260,180,4,184,444
09/29/2010,AFW,TX,ASW,CE,Towers with Radar,37,12,35,7,91,0,7,131,8,146,37,19,166,15,237,188,20,208,445
09/30/2010,AFW,TX,ASW,CE,Towers with Radar,33,8,46,5,92,0,1,150,6,157,33,9,196,11,249,178,10,188,437
10/01/2010,AFW,TX,ASW,CE,Towers with Radar,38,10,36,12,96,1,2,108,2,113,39,12,144,14,209,242,24,266,475
10/02/2010,AFW,TX,ASW,CE,Towers with Radar,7,0,14,32,53,0,0,54,1,55,7,0,68,33,108,76,26,102,210
10/03/2010,AFW,TX,ASW,CE,Towers with Radar,1,4,20,14,39,0,0,46,6,52,1,4,66,20,91,62,10,72,163
10/04/2010,AFW,TX,ASW,CE,Towers with Radar,6,4,12,13,35,0,10,92,3,105,6,14,104,16,140,80,24,104,244
10/05/2010,AFW,TX,ASW,CE,Towers with Radar,37,14,41,10,102,0,11,115,1,127,37,25,156,11,229,112,40,152,381
10/06/2010,AFW,TX,ASW,CE,Towers with Radar,35,12,27,21,95,0,4,139,2,145,35,16,166,23,240,218,36,254,494
10/07/2010,AFW,TX,ASW,CE,Towers with Radar,34,7,25,29,95,0,5,145,2,152,34,12,170,31,247,202,40,242,489
10/08/2010,AFW,TX,ASW,CE,Towers with Radar,27,10,31,18,86,0,2,96,11,109,27,12,127,29,195,156,18,174,369
10/09/2010,AFW,TX,ASW,CE,Towers with Radar,1,1,21,1,24,0,4,70,1,75,1,5,91,2,99,88,10,98,197
10/10/2010,AFW,TX,ASW,CE,Towers with Radar,4,2,11,6,23,0,0,40,0,40,4,2,51,6,63,22,0,22,85
10/11/2010,AFW,TX,ASW,CE,Towers with Radar,7,4,19,20,50,0,1,89,3,93,7,5,108,23,143,136,10,146,289
10/12/2010,AFW,TX,ASW,CE,Towers with Radar,36,15,38,35,124,0,2,100,4,106,36,17,138,39,230,172,20,192,422
10/13/2010,AFW,TX,ASW,CE,Towers with Radar,33,14,41,38,126,2,2,80,4,88,35,16,121,42,214,182,46,228,442
10/14/2010,AFW,TX,ASW,CE,Towers with Radar,41,15,36,20,112,0,1,78,6,85,41,16,114,26,197,102,22,124,321
10/15/2010,AFW,TX,ASW,CE,Towers with Radar,25,8,44,8,85,0,4,117,4,125,25,12,161,12,210,164,4,168,378
10/16/2010,AFW,TX,ASW,CE,Towers with Radar,2,1,13,40,56,0,3,55,8,66,2,4,68,48,122,74,72,146,268
10/17/2010,AFW,TX,ASW,CE,Towers with Radar,3,2,22,24,51,0,2,64,6,72,3,4,86,30,123,72,16,88,211
10/18/2010,AFW,TX,ASW,CE,Towers with Radar,7,8,23,14,52,0,5,124,1,130,7,13,147,15,182,122,8,130,312
10/19/2010,AFW,TX,ASW,CE,Towers with Radar,32,17,30,14,93,0,11,132,6,149,32,28,162,20,242,184,20,204,446
10/20/2010,AFW,TX,ASW,CE,Towers with Radar,37,12,46,21,116,0,5,171,3,179,37,17,217,24,295,210,8,218,513
10/21/2010,AFW,TX,ASW,CE,Towers with Radar,36,14,51,22,123,0,5,153,7,165,36,19,204,29,288,102,36,138,426
10/22/2010,AFW,TX,ASW,CE,Towers with Radar,29,11,33,58,131,0,5,65,18,88,29,16,98,76,219,92,76,168,387
10/23/2010,AFW,TX,ASW,CE,Towers with Radar,3,2,8,5,18,0,0,15,1,16,3,2,23,6,34,12,8,20,54
10/24/2010,AFW,TX,ASW,CE,Towers with Radar,0,2,20,36,58,0,0,35,2,37,0,2,55,38,95,16,28,44,139
10/25/2010,AFW,TX,ASW,CE,Towers with Radar,8,4,22,50,84,0,5,69,6,80,8,9,91,56,164,42,44,86,250
10/26/2010,AFW,TX,ASW,CE,Towers with Radar,34,13,35,56,138,0,10,127,3,140,34,23,162,59,278,210,50,260,538
10/27/2010,AFW,TX,ASW,CE,Towers with Radar,39,10,43,38,130,0,28,135,12,175,39,38,178,50,305,114,36,150,455
10/28/2010,AFW,TX,ASW,CE,Towers with Radar,39,11,26,10,86,0,11,48,1,60,39,22,74,11,146,26,34,60,206
10/29/2010,AFW,TX,ASW,CE,Towers with Radar,31,8,11,7,57,1,6,61,17,85,32,14,72,24,142,50,42,92,234
10/30/2010,AFW,TX,ASW,CE,Towers with Radar,0,0,2,0,2,0,0,52,21,73,0,0,54,21,75,8,12,20,95
10/31/2010,AFW,TX,ASW,CE,Towers with Radar,2,1,3,9,15,0,5,30,19,54,2,6,33,28,69,0,0,0,69
11/01/2010,AFW,TX,ASW,CE,Towers with Radar,10,6,35,35,86,0,6,107,4,117,10,12,142,39,203,26,10,36,239
11/02/2010,AFW,TX,ASW,CE,Towers with Radar,36,10,39,10,95,0,0,71,0,71,36,10,110,10,166,36,0,36,202
11/03/2010,AFW,TX,ASW,CE,Towers with Radar,35,20,34,22,111,0,3,82,3,88,35,23,116,25,199,146,16,162,361
11/04/2010,AFW,TX,ASW,CE,Towers with Radar,37,20,76,12,145,0,5,89,0,94,37,25,165,12,239,134,4,138,377
11/05/2010,AFW,TX,ASW,CE,Towers with Radar,27,14,60,14,115,0,1,120,6,127,27,15,180,20,242,78,10,88,330
11/06/2010,AFW,TX,ASW,CE,Towers with Radar,1,12,54,12,79,0,6,82,3,91,1,18,136,15,170,48,2,50,220
11/07/2010,AFW,TX,ASW,CE,Towers with Radar,2,17,107,12,138,0,40,92,1,133,2,57,199,13,271,14,2,16,287
11/08/2010,AFW,TX,ASW,CE,Towers with Radar,9,11,47,42,109,0,11,103,17,131,9,22,150,59,240,92,114,206,446
11/09/2010,AFW,TX,ASW,CE,Towers with Radar,34,19,57,25,135,0,5,106,7,118,34,24,163,32,253,172,12,184,437
11/10/2010,AFW,TX,ASW,CE,Towers with Radar,35,18,60,23,136,0,4,114,9,127,35,22,174,32,263,114,16,130,393
11/11/2010,AFW,TX,ASW,CE,Towers with Radar,35,12,40,7,94,0,0,73,15,88,35,12,113,22,182,86,2,88,270
11/12/2010,AFW,TX,ASW,CE,Towers with Radar,30,10,30,30,100,0,0,59,3,62,30,10,89,33,162,46,14,60,222
11/13/2010,AFW,TX,ASW,CE,Towers with Radar,1,2,14,23,40,0,0,47,10,57,1,2,61,33,97,130,48,178,275
11/14/2010,AFW,TX,ASW,CE,Towers with Radar,0,5,21,7,33,0,0,84,2,86,0,5,105,9,119,96,2,98,217
11/15/2010,AFW,TX,ASW,CE,Towers with Radar,7,2,20,14,43,0,3,90,3,96,7,5,110,17,139,128,80,208,347
11/16/2010,AFW,TX,ASW,CE,Towers with Radar,33,11,50,18,112,0,8,133,4,145,33,19,183,22,257,114,10,124,381
11/17/2010,AFW,TX,ASW,CE,Towers with Radar,35,13,44,24,116,0,5,116,10,131,35,18,160,34,247,76,30,106,353
11/18/2010,AFW,TX,ASW,CE,Towers with Radar,31,10,49,16,106,0,5,115,1,121,31,15,164,17,227,158,0,158,385
11/19/2010,AFW,TX,ASW,CE,Towers with Radar,35,12,46,40,133,0,5,115,23,143,35,17,161,63,276,70,42,112,388
11/20/2010,AFW,TX,ASW,CE,Towers with Radar,4,0,16,36,56,0,3,44,9,56,4,3,60,45,112,20,62,82,194
11/21/2010,AFW,TX,ASW,CE,Towers with Radar,0,4,12,30,46,0,0,10,3,13,0,4,22,33,59,0,8,8,67
11/22/2010,AFW,TX,ASW,CE,Towers with Radar,6,1,37,10,54,0,1,73,8,82,6,2,110,18,136,100,12,112,248
11/23/2010,AFW,TX,ASW,CE,Towers with Radar,42,11,40,13,106,0,4,82,16,102,42,15,122,29,208,130,54,184,392
11/24/2010,AFW,TX,ASW,CE,Towers with Radar,41,6,15,3,65,0,5,20,7,32,41,11,35,10,97,20,6,26,123
11/25/2010,AFW,TX,ASW,CE,Towers with Radar,11,1,2,0,14,0,0,0,0,0,11,1,2,0,14,0,0,0,14
11/26/2010,AFW,TX,ASW,CE,Towers with Radar,17,1,12,0,30,0,0,24,6,30,17,1,36,6,60,16,2,18,78
11/27/2010,AFW,TX,ASW,CE,Towers with Radar,0,0,7,0,7,0,0,53,4,57,0,0,60,4,64,118,2,120,184
11/28/2010,AFW,TX,ASW,CE,Towers with Radar,3,0,16,1,20,0,4,29,0,33,3,4,45,1,53,60,0,60,113
11/29/2010,AFW,TX,ASW,CE,Towers with Radar,5,8,30,19,62,0,3,53,4,60,5,11,83,23,122,60,22,82,204
11/30/2010,AFW,TX,ASW,CE,Towers with Radar,40,12,34,15,101,0,0,68,9,77,40,12,102,24,178,34,10,44,222
12/01/2010,AFW,TX,ASW,CE,Towers with Radar,46,19,60,22,147,0,3,120,1,124,46,22,180,23,271,110,8,118,389
12/02/2010,AFW,TX,ASW,CE,Towers with Radar,60,17,73,19,169,0,2,169,8,179,60,19,242,27,348,71,10,81,429
12/03/2010,AFW,TX,ASW,CE,Towers with Radar,24,10,34,15,83,0,1,110,2,113,24,11,144,17,196,70,16,86,282
12/04/2010,AFW,TX,ASW,CE,Towers with Radar,2,3,12,28,45,0,0,32,0,32,2,3,44,28,77,32,8,40,117
12/05/2010,AFW,TX,ASW,CE,Towers with Radar,2,3,9,13,27,0,0,29,0,29,2,3,38,13,56,22,0,22,78
12/06/2010,AFW,TX,ASW,CE,Towers with Radar,8,4,20,17,49,0,6,112,3,121,8,10,132,20,170,94,24,118,288
12/07/2010,AFW,TX,ASW,CE,Towers with Radar,47,21,31,28,127,0,9,111,7,127,47,30,142,35,254,200,36,236,490
12/08/2010,AFW,TX,ASW,CE,Towers with Radar,44,22,32,25,123,0,7,98,13,118,44,29,130,38,241,112,24,136,377
12/09/2010,AFW,TX,ASW,CE,Towers with Radar,48,19,21,2,90,0,11,110,5,126,48,30,131,7,216,236,26,262,478
12/10/2010,AFW,TX,ASW,CE,Towers with Radar,33,13,25,73,144,0,3,95,11,109,33,16,120,84,253,94,36,130,383
12/11/2010,AFW,TX,ASW,CE,Towers with Radar,9,1,8,33,51,0,2,18,12,32,9,3,26,45,83,14,40,54,137
12/12/2010,AFW,TX,ASW,CE,Towers with Radar,1,2,10,45,58,0,2,30,16,48,1,4,40,61,106,24,16,40,146
12/13/2010,AFW,TX,ASW,CE,Towers with Radar,7,5,30,12,54,0,6,106,13,125,7,11,136,25,179,50,36,86,265
12/14/2010,AFW,TX,ASW,CE,Towers with Radar,46,20,32,39,137,0,3,77,8,88,46,23,109,47,225,86,46,132,357
12/15/2010,AFW,TX,ASW,CE,Towers with Radar,44,21,27,42,134,0,2,39,8,49,44,23,66,50,183,22,36,58,241
12/16/2010,AFW,TX,ASW,CE,Towers with Radar,44,19,34,16,113,0,5,62,3,70,44,24,96,19,183,34,0,34,217
12/17/2010,AFW,TX,ASW,CE,Towers with Radar,38,12,23,72,145,0,4,49,8,61,38,16,72,80,206,62,60,122,328
12/18/2010,AFW,TX,ASW,CE,Towers with Radar,10,2,13,17,42,0,0,60,5,65,10,2,73,22,107,94,8,102,209
12/19/2010,AFW,TX,ASW,CE,Towers with Radar,0,0,15,9,24,0,2,30,1,33,0,2,45,10,57,18,0,18,75
12/20/2010,AFW,TX,ASW,CE,Towers with Radar,6,6,22,24,58,0,6,58,3,67,6,12,80,27,125,42,20,62,187
12/21/2010,AFW,TX,ASW,CE,Towers with Radar,46,19,33,3,101,0,6,67,3,76,46,25,100,6,177,86,22,108,285
12/22/2010,AFW,TX,ASW,CE,Towers with Radar,53,20,33,10,116,0,5,43,1,49,53,25,76,11,165,100,2,102,267
12/23/2010,AFW,TX,ASW,CE,Towers with Radar,48,13,24,0,85,0,0,44,0,44,48,13,68,0,129,106,0,106,235
12/24/2010,AFW,TX,ASW,CE,Towers with Radar,37,8,1,0,46,0,0,1,0,1,37,8,2,0,47,0,0,0,47
12/25/2010,AFW,TX,ASW,CE,Towers with Radar,0,1,0,0,1,0,0,1,0,1,0,1,1,0,2,0,0,0,2
12/26/2010,AFW,TX,ASW,CE,Towers with Radar,2,0,5,0,7,0,2,19,0,21,2,2,24,0,28,28,0,28,56
12/27/2010,AFW,TX,ASW,CE,Towers with Radar,6,4,16,1,27,0,0,46,0,46,6,4,62,1,73,68,0,68,141
12/28/2010,AFW,TX,ASW,CE,Towers with Radar,37,11,16,1,65,0,0,0,0,0,37,11,16,1,65,0,0,0,65
12/29/2010,AFW,TX,ASW,CE,Towers with Radar,37,11,15,6,69,0,1,37,8,46,37,12,52,14,115,26,26,52,167
12/30/2010,AFW,TX,ASW,CE,Towers with Radar,43,17,17,4,81,0,0,35,3,38,43,17,52,7,119,104,14,118,237
12/31/2010,AFW,TX,ASW,CE,Towers with Radar,24,8,10,0,42,0,0,17,0,17,24,8,27,0,59,24,0,24,83
01/01/2011,AFW,TX,ASW,CE,Towers with Radar,0,0,2,0,2,0,0,38,0,38,0,0,40,0,40,114,0,114,154
01/02/2011,AFW,TX,ASW,CE,Towers with Radar,0,3,14,0,17,0,0,50,0,50,0,3,64,0,67,88,0,88,155
01/03/2011,AFW,TX,ASW,CE,Towers with Radar,9,6,19,1,35,0,3,62,1,66,9,9,81,2,101,128,0,128,229
01/04/2011,AFW,TX,ASW,CE,Towers with Radar,32,22,41,20,115,0,2,39,3,44,32,24,80,23,159,134,12,146,305
01/05/2011,AFW,TX,ASW,CE,Towers with Radar,33,12,48,19,112,0,6,86,7,99,33,18,134,26,211,164,58,222,433
01/06/2011,AFW,TX,ASW,CE,Towers with Radar,31,12,40,42,125,0,1,62,20,83,31,13,102,62,208,134,148,282,490
01/07/2011,AFW,TX,ASW,CE,Towers with Radar,28,14,32,28,102,0,0,92,6,98,28,14,124,34,200,120,50,170,370
01/08/2011,AFW,TX,ASW,CE,Towers with Radar,2,2,19,51,74,0,2,59,5,66,2,4,78,56,140,118,38,156,296
01/09/2011,AFW,TX,ASW,CE,Towers with Radar,0,0,11,3,14,0,0,0,0,0,0,0,11,3,14,0,0,0,14
01/10/2011,AFW,TX,ASW,CE,Towers with Radar,8,4,22,0,34,0,0,11,0,11,8,4,33,0,45,0,0,0,45
01/11/2011,AFW,TX,ASW,CE,Towers with Radar,34,13,36,20,103,0,5,59,4,68,34,18,95,24,171,58,34,92,263
01/12/2011,AFW,TX,ASW,CE,Towers with Radar,35,10,30,74,149,0,1,83,7,91,35,11,113,81,240,154,92,246,486
01/13/2011,AFW,TX,ASW,CE,Towers with Radar,36,15,46,66,163,0,1,115,4,120,36,16,161,70,283,160,82,242,525
01/14/2011,AFW,TX,ASW,CE,Towers with Radar,31,11,28,26,96,0,1,103,5,109,31,12,131,31,205,160,12,172,377
01/15/2011,AFW,TX,ASW,CE,Towers with Radar,0,2,14,2,18,0,0,12,1,13,0,2,26,3,31,36,0,36,67
01/16/2011,AFW,TX,ASW,CE,Towers with Radar,2,2,10,3,17,0,0,0,0,0,2,2,10,3,17,0,0,0,17
01/17/2011,AFW,TX,ASW,CE,Towers with Radar,8,3,36,20,67,0,0,68,1,69,8,3,104,21,136,22,42,64,200
01/18/2011,AFW,TX,ASW,CE,Towers with Radar,35,10,27,57,129,0,0,73,9,82,35,10,100,66,211,90,64,154,365
01/19/2011,AFW,TX,ASW,CE,Towers with Radar,32,13,30,20,95,0,11,122,11,144,32,24,152,31,239,176,58,234,473
01/20/2011,AFW,TX,ASW,CE,Towers with Radar,36,7,13,10,66,0,0,65,1,66,36,7,78,11,132,34,4,38,170
01/21/2011,AFW,TX,ASW,CE,Towers with Radar,26,9,39,30,104,0,2,101,10,113,26,11,140,40,217,176,70,246,463
01/22/2011,AFW,TX,ASW,CE,Towers with Radar,2,0,21,25,48,0,0,78,6,84,2,0,99,31,132,136,30,166,298
01/23/2011,AFW,TX,ASW,CE,Towers with Radar,6,0,21,28,55,0,0,19,4,23,6,0,40,32,78,30,8,38,116
01/24/2011,AFW,TX,ASW,CE,Towers with Radar,8,4,30,16,58,0,4,76,4,84,8,8,106,20,142,78,34,112,254
01/25/2011,AFW,TX,ASW,CE,Towers with Radar,33,13,36,4,86,0,5,89,1,95,33,18,125,5,181,170,0,170,351
01/26/2011,AFW,TX,ASW,CE,Towers with Radar,30,11,30,23,94,0,1,97,11,109,30,12,127,34,203,110,54,164,367
01/27/2011,AFW,TX,ASW,CE,Towers with Radar,38,16,34,12,100,0,3,109,0,112,38,19,143,12,212,194,14,208,420
01/28/2011,AFW,TX,ASW,CE,Towers with Radar,31,11,25,34,101,0,0,104,3,107,31,11,129,37,208,184,6,190,398
01/29/2011,AFW,TX,ASW,CE,Towers with Radar,1,0,17,13,31,0,1,64,3,68,1,1,81,16,99,172,6,178,277
01/30/2011,AFW,TX,ASW,CE,Towers with Radar,1,0,30,13,44,0,0,16,0,16,1,0,46,13,60,30,16,46,106
01/31/2011,AFW,TX,ASW,CE,Towers with Radar,10,8,39,8,65,0,0,28,0,28,10,8,67,8,93,20,0,20,113
02/01/2011,AFW,TX,ASW,CE,Towers with Radar,11,2,2,0,15,0,0,0,0,0,11,2,2,0,15,0,0,0,15
02/02/2011,AFW,TX,ASW,CE,Towers with Radar,11,0,5,0,16,0,0,0,0,0,11,0,5,0,16,0,0,0,16
02/03/2011,AFW,TX,ASW,CE,Towers with Radar,12,4,19,0,35,0,2,46,0,48,12,6,65,0,83,406,0,406,489
02/04/2011,AFW,TX,ASW,CE,Towers with Radar,2,5,10,0,17,0,0,12,0,12,2,5,22,0,29,408,0,408,437
02/05/2011,AFW,TX,ASW,CE,Towers with Radar,7,2,17,5,31,0,0,47,0,47,7,2,64,5,78,82,8,90,168
02/06/2011,AFW,TX,ASW,CE,Towers with Radar,1,2,19,1,23,0,0,8,0,8,1,2,27,1,31,12,0,12,43
02/07/2011,AFW,TX,ASW,CE,Towers with Radar,9,10,37,27,83,0,2,63,2,67,9,12,100,29,150,72,10,82,232
02/08/2011,AFW,TX,ASW,CE,Towers with Radar,38,15,45,56,154,0,6,102,2,110,38,21,147,58,264,230,68,298,562
02/09/2011,AFW,TX,ASW,CE,Towers with Radar,40,4,13,0,57,0,0,24,2,26,40,4,37,2,83,84,0,84,167
02/10/2011,AFW,TX,ASW,CE,Towers with Radar,42,14,37,16,109,0,2,82,0,84,42,16,119,16,193,112,6,118,311
02/11/2011,AFW,TX,ASW,CE,Towers with Radar,23,13,37,42,115,0,1,99,6,106,23,14,136,48,221,194,54,248,469
02/12/2011,AFW,TX,ASW,CE,Towers with Radar,1,0,11,18,30,0,0,67,2,69,1,0,78,20,99,218,78,296,395
02/13/2011,AFW,TX,ASW,CE,Towers with Radar,7,2,21,23,53,1,0,41,10,52,8,2,62,33,105,96,4,100,205
02/14/2011,AFW,TX,ASW,CE,Towers with Radar,10,3,18,47,78,0,4,110,4,118,10,7,128,51,196,154,54,208,404
02/15/2011,AFW,TX,ASW,CE,Towers with Radar,35,15,51,14,115,0,5,110,10,125,35,20,161,24,240,136,14,150,390
02/16/2011,AFW,TX,ASW,CE,Towers with Radar,35,11,33,54,133,0,2,82,2,86,35,13,115,56,219,126,68,194,413
02/17/2011,AFW,TX,ASW,CE,Towers with Radar,32,16,42,38,128,0,4,80,5,89,32,20,122,43,217,158,28,186,403
02/18/2011,AFW,TX,ASW,CE,Towers with Radar,32,13,29,18,92,0,0,101,11,112,32,13,130,29,204,246,64,310,514
02/19/2011,AFW,TX,ASW,CE,Towers with Radar,1,0,20,17,38,0,0,36,11,47,1,0,56,28,85,62,22,84,169
02/20/2011,AFW,TX,ASW,CE,Towers with Radar,0,0,13,14,27,0,0,14,4,18,0,0,27,18,45,48,12,60,105
02/21/2011,AFW,TX,ASW,CE,Towers with Radar,11,3,17,8,39,0,0,93,7,100,11,3,110,15,139,126,80,206,345
02/22/2011,AFW,TX,ASW,CE,Towers with Radar,32,21,38,32,123,0,1,127,6,134,32,22,165,38,257,246,60,306,563
02/23/2011,AFW,TX,ASW,CE,Towers with Radar,39,19,50,6,114,0,0,54,0,54,39,19,104,6,168,2,0,2,170
02/24/2011,AFW,TX,ASW,CE,Towers with Radar,33,14,45,0,92,0,1,48,4,53,33,15,93,4,145,60,10,70,215
02/25/2011,AFW,TX,ASW,CE,Towers with Radar,26,13,50,35,124,0,8,109,12,129,26,21,159,47,253,218,42,260,513
02/26/2011,AFW,TX,ASW,CE,Towers with Radar,2,3,19,15,39,0,0,39,7,46,2,3,58,22,85,92,14,106,191
02/27/2011,AFW,TX,ASW,CE,Towers with Radar,2,3,14,7,26,0,0,10,2,12,2,3,24,9,38,16,4,20,58
02/28/2011,AFW,TX,ASW,CE,Towers with Radar,11,5,29,20,65,0,4,84,4,92,11,9,113,24,157,196,24,220,377
03/01/2011,AFW,TX,ASW,CE,Towers with Radar,34,17,38,13,102,0,6,126,11,143,34,23,164,24,245,262,46,308,553
03/02/2011,AFW,TX,ASW,CE,Towers with Radar,35,15,52,27,129,0,2,108,12,122,35,17,160,39,251,234,52,286,537
03/03/2011,AFW,TX,ASW,CE,Towers with Radar,31,17,31,28,107,0,0,91,7,98,31,17,122,35,205,242,54,296,501
03/04/2011,AFW,TX,ASW,CE,Towers with Radar,28,11,44,33,116,0,1,78,3,82,28,12,122,36,198,178,30,208,406
03/05/2011,AFW,TX,ASW,CE,Towers with Radar,1,1,13,41,56,0,0,30,13,43,1,1,43,54,99,150,34,184,283
03/06/2011,AFW,TX,ASW,CE,Towers with Radar,4,1,19,31,55,0,6,65,5,76,4,7,84,36,131,230,6,236,367
03/07/2011,AFW,TX,ASW,CE,Towers with Radar,7,3,29,31,70,0,3,79,17,99,7,6,108,48,169,116,108,224,393
03/08/2011,AFW,TX,ASW,CE,Towers with Radar,35,13,51,43,142,0,4,53,10,67,35,17,104,53,209,78,28,106,315
03/09/2011,AFW,TX,ASW,CE,Towers with Radar,35,14,45,41,135,0,0,98,15,113,35,14,143,56,248,194,56,250,498
03/10/2011,AFW,TX,ASW,CE,Towers with Radar,32,17,32,5,86,0,0,185,6,191,32,17,217,11,277,610,4,614,891
03/11/2011,AFW,TX,ASW,CE,Towers with Radar,26,8,38,29,101,0,5,61,15,81,26,13,99,44,182,104,54,158,340
03/12/2011,AFW,TX,ASW,CE,Towers with Radar,0,2,16,24,42,0,0,97,8,105,0,2,113,32,147,390,18,408,555
03/13/2011,AFW,TX,ASW,CE,Towers with Radar,2,2,20,26,50,0,0,28,8,36,2,2,48,34,86,144,20,164,250
03/14/2011,AFW,TX,ASW,CE,Towers with Radar,9,9,25,35,78,0,2,80,3,85,9,11,105,38,163,246,22,268,431
03/15/2011,AFW,TX,ASW,CE,Towers with Radar,35,16,34,18,103,0,0,162,10,172,35,16,196,28,275,564,42,606,881
03/16/2011,AFW,TX,ASW,CE,Towers with Radar,33,12,39,30,114,0,3,103,8,114,33,15,142,38,228,232,22,254,482
03/17/2011,AFW,TX,ASW,CE,Towers with Radar,37,13,18,29,97,0,3,66,8,77,37,16,84,37,174,126,28,154,328
03/18/2011,AFW,TX,ASW,CE,Towers with Radar,27,13,30,22,92,0,0,135,14,149,27,13,165,36,241,220,30,250,491
03/19/2011,AFW,TX,ASW,CE,Towers with Radar,0,1,17,14,32,0,0,62,10,72,0,1,79,24,104,202,20,222,326
03/20/2011,AFW,TX,ASW,CE,Towers with Radar,2,0,10,31,43,0,0,41,15,56,2,0,51,46,99,88,8,96,195
03/21/2011,AFW,TX,ASW,CE,Towers with Radar,9,2,18,54,83,0,1,107,4,112,9,3,125,58,195,214,16,230,425
03/22/2011,AFW,TX,ASW,CE,Towers with Radar,38,14,23,49,124,0,0,89,7,96,38,14,112,56,220,24,14,38,258
03/23/2011,AFW,TX,ASW,CE,Towers with Radar,36,14,38,24,112,0,3,182,3,188,36,17,220,27,300,428,30,458,758
03/24/2011,AFW,TX,ASW,CE,Towers with Radar,37,14,39,26,116,0,1,146,8,155,37,15,185,34,271,286,22,308,579
03/25/2011,AFW,TX,ASW,CE,Towers with Radar,25,11,38,35,109,0,5,133,23,161,25,16,171,58,270,244,116,360,630
03/26/2011,AFW,TX,ASW,CE,Towers with Radar,0,2,18,59,79,0,2,49,8,59,0,4,67,67,138,168,52,220,358
03/27/2011,AFW,TX,ASW,CE,Towers with Radar,0,3,45,43,91,0,0,6,0,6,0,3,51,43,97,10,0,10,107
03/28/2011,AFW,TX,ASW,CE,Towers with Radar,10,5,36,58,109,0,5,103,5,113,10,10,139,63,222,196,40,236,458
03/29/2011,AFW,TX,ASW,CE,Towers with Radar,35,12,53,23,123,0,0,9,0,9,35,12,62,23,132,0,0,0,132
03/30/2011,AFW,TX,ASW,CE,Towers with Radar,34,16,48,60,158,0,6,108,2,116,34,22,156,62,274,248,12,260,534
03/31/2011,AFW,TX,ASW,CE,Towers with Radar,39,10,41,25,115,0,4,111,3,118,39,14,152,28,233,324,42,366,599
04/01/2011,AFW,TX,ASW,CE,Towers with Radar,31,8,21,25,85,0,1,140,19,160,31,9,161,44,245,288,78,366,611
04/02/2011,AFW,TX,ASW,CE,Towers with Radar,4,3,19,22,48,0,0,68,5,73,4,3,87,27,121,160,16,176,297
04/03/2011,AFW,TX,ASW,CE,Towers with Radar,3,2,5,18,28,0,0,4,13,17,3,2,9,31,45,4,42,46,91
04/04/2011,AFW,TX,ASW,CE,Towers with Radar,8,3,12,12,35,0,2,50,1,53,8,5,62,13,88,24,0,24,112
04/05/2011,AFW,TX,ASW,CE,Towers with Radar,36,14,47,17,114,0,5,153,0,158,36,19,200,17,272,234,8,242,514
04/06/2011,AFW,TX,ASW,CE,Towers with Radar,39,10,54,7,110,0,2,81,8,91,39,12,135,15,201,92,6,98,299
04/07/2011,AFW,TX,ASW,CE,Towers with Radar,33,16,90,8,147,0,2,126,7,135,33,18,216,15,282,198,12,210,492
04/08/2011,AFW,TX,ASW,CE,Towers with Radar,28,15,64,23,130,0,15,80,8,103,28,30,144,31,233,108,34,142,375
04/09/2011,AFW,TX,ASW,CE,Towers with Radar,16,4,81,10,111,0,31,59,6,96,16,35,140,16,207,98,14,112,319
04/10/2011,AFW,TX,ASW,CE,Towers with Radar,4,2,32,9,47,0,0,32,8,40,4,2,64,17,87,42,10,52,139
04/11/2011,AFW,TX,ASW,CE,Towers with Radar,6,8,29,22,65,0,1,84,12,97,6,9,113,34,162,134,60,194,356
04/12/2011,AFW,TX,ASW,CE,Towers with Radar,41,14,45,7,107,0,4,149,0,153,41,18,194,7,260,252,16,268,528
04/13/2011,AFW,TX,ASW,CE,Towers with Radar,34,17,45,10,106,0,2,129,9,140,34,19,174,19,246,390,48,438,684
04/14/2011,AFW,TX,ASW,CE,Towers with Radar,33,10,43,20,106,0,5,95,1,101,33,15,138,21,207,152,8,160,367
04/15/2011,AFW,TX,ASW,CE,Towers with Radar,31,12,19,28,90,0,1,34,1,36,31,13,53,29,126,34,10,44,170
04/16/2011,AFW,TX,ASW,CE,Towers with Radar,3,3,49,6,61,0,0,114,0,114,3,3,163,6,175,296,0,296,471
04/17/2011,AFW,TX,ASW,CE,Towers with Radar,2,5,20,24,51,0,0,41,1,42,2,5,61,25,93,76,40,116,209
04/18/2011,AFW,TX,ASW,CE,Towers with Radar,10,13,16,41,80,0,5,72,9,86,10,18,88,50,166,120,56,176,342
04/19/2011,AFW,TX,ASW,CE,Towers with Radar,52,22,37,21,132,0,5,90,8,103,52,27,127,29,235,182,4,186,421
04/20/2011,AFW,TX,ASW,CE,Towers with Radar,35,17,59,7,118,0,1,59,0,60,35,18,118,7,178,32,0,32,210
04/21/2011,AFW,TX,ASW,CE,Towers with Radar,40,15,36,7,98,0,1,35,0,36,40,16,71,7,134,70,4,74,208
04/22/2011,AFW,TX,ASW,CE,Towers with Radar,32,9,34,44,119,0,0,42,5,47,32,9,76,49,166,44,46,90,256
04/23/2011,AFW,TX,ASW,CE,Towers with Radar,3,0,14,37,54,0,3,27,1,31,3,3,41,38,85,104,8,112,197
04/24/2011,AFW,TX,ASW,CE,Towers with Radar,3,0,8,1,12,0,0,16,1,17,3,0,24,2,29,52,0,52,81
04/25/2011,AFW,TX,ASW,CE,Towers with Radar,9,5,15,12,41,0,0,46,1,47,9,5,61,13,88,46,6,52,140
04/26/2011,AFW,TX,ASW,CE,Towers with Radar,32,11,32,22,97,0,0,88,4,92,32,11,120,26,189,180,10,190,379
04/27/2011,AFW,TX,ASW,CE,Towers with Radar,37,12,35,12,96,0,5,60,6,71,37,17,95,18,167,106,20,126,293
04/28/2011,AFW,TX,ASW,CE,Towers with Radar,28,14,37,10,89,0,3,171,16,190,28,17,208,26,279,280,54,334,613
04/29/2011,AFW,TX,ASW,CE,Towers with Radar,26,12,31,61,130,0,2,72,7,81,26,14,103,68,211,144,20,164,375
04/30/2011,AFW,TX,ASW,CE,Towers with Radar,2,2,16,3,23,0,2,66,2,70,2,4,82,5,93,216,10,226,319
05/01/2011,AFW,TX,ASW,CE,Towers with Radar,4,6,13,5,28,0,0,0,0,0,4,6,13,5,28,0,2,2,30
05/02/2011,AFW,TX,ASW,CE,Towers with Radar,6,3,17,5,31,0,2,16,0,18,6,5,33,5,49,28,0,28,77
05/03/2011,AFW,TX,ASW,CE,Towers with Radar,40,16,50,26,132,0,2,156,8,166,40,18,206,34,298,350,28,378,676
05/04/2011,AFW,TX,ASW,CE,Towers with Radar,41,17,34,73,165,1,10,100,4,115,42,27,134,77,280,178,62,240,520
05/05/2011,AFW,TX,ASW,CE,Towers with Radar,37,16,31,26,110,0,1,101,3,105,37,17,132,29,215,224,28,252,467
05/06/2011,AFW,TX,ASW,CE,Towers with Radar,32,19,35,15,101,0,3,75,2,80,32,22,110,17,181,182,16,198,379
05/07/2011,AFW,TX,ASW,CE,Towers with Radar,5,1,8,8,22,0,2,52,1,55,5,3,60,9,77,94,18,112,189
05/08/2011,AFW,TX,ASW,CE,Towers with Radar,4,0,12,12,28,0,1,35,2,38,4,1,47,14,66,54,30,84,150
05/09/2011,AFW,TX,ASW,CE,Towers with Radar,9,7,15,19,50,0,4,58,4,66,9,11,73,23,116,140,22,162,278
05/10/2011,AFW,TX,ASW,CE,Towers with Radar,34,12,32,6,84,0,5,53,0,58,34,17,85,6,142,26,0,26,168
05/11/2011,AFW,TX,ASW,CE,Towers with Radar,41,15,32,4,92,0,2,55,0,57,41,17,87,4,149,34,0,34,183
05/12/2011,AFW,TX,ASW,CE,Towers with Radar,49,19,38,36,142,1,12,96,3,112,50,31,134,39,254,116,50,166,420
05/13/2011,AFW,TX,ASW,CE,Towers with Radar,25,15,45,46,131,0,1,125,7,133,25,16,170,53,264,178,28,206,470
05/14/2011,AFW,TX,ASW,CE,Towers with Radar,2,3,25,22,52,0,1,81,6,88,2,4,106,28,140,142,20,162,302
05/15/2011,AFW,TX,ASW,CE,Towers with Radar,4,0,21,27,52,0,0,65,12,77,4,0,86,39,129,174,58,232,361
05/16/2011,AFW,TX,ASW,CE,Towers with Radar,6,5,38,18,67,0,9,106,5,120,6,14,144,23,187,262,70,332,519
05/17/2011,AFW,TX,ASW,CE,Towers with Radar,34,20,43,35,132,0,12,105,4,121,34,32,148,39,253,234,78,312,565
05/18/2011,AFW,TX,ASW,CE,Towers with Radar,36,18,53,43,150,0,2,101,2,105,36,20,154,45,255,130,26,156,411
05/19/2011,AFW,TX,ASW,CE,Towers with Radar,32,11,42,25,110,0,2,87,1,90,32,13,129,26,200,100,30,130,330
05/20/2011,AFW,TX,ASW,CE,Towers with Radar,27,10,46,22,105,0,0,70,3,73,27,10,116,25,178,88,22,110,288
05/21/2011,AFW,TX,ASW,CE,Towers with Radar,2,0,14,13,29,0,4,32,4,40,2,4,46,17,69,66,36,102,171
05/22/2011,AFW,TX,ASW,CE,Towers with Radar,1,0,13,22,36,0,0,12,6,18,1,0,25,28,54,26,36,62,116
05/23/2011,AFW,TX,ASW,CE,Towers with Radar,10,4,33,4,51,0,0,70,1,71,10,4,103,5,122,66,6,72,194
05/24/2011,AFW,TX,ASW,CE,Towers with Radar,32,14,43,15,104,0,3,58,0,61,32,17,101,15,165,120,2,122,287
05/25/2011,AFW,TX,ASW,CE,Towers with Radar,38,18,35,29,120,0,0,136,4,140,38,18,171,33,260,138,14,152,412
05/26/2011,AFW,TX,ASW,CE,Towers with Radar,36,19,55,9,119,0,3,154,5,162,36,22,209,14,281,276,30,306,587
05/27/2011,AFW,TX,ASW,CE,Towers with Radar,30,10,44,37,121,0,2,88,6,96,30,12,132,43,217,158,28,186,403
05/28/2011,AFW,TX,ASW,CE,Towers with Radar,3,0,10,1,14,0,0,34,2,36,3,0,44,3,50,108,0,108,158
05/29/2011,AFW,TX,ASW,CE,Towers with Radar,2,3,6,2,13,0,0,11,0,11,2,3,17,2,24,28,2,30,54
05/30/2011,AFW,TX,ASW,CE,Towers with Radar,1,0,12,10,23,0,1,21,2,24,1,1,33,12,47,10,16,26,73
05/31/2011,AFW,TX,ASW,CE,Towers with Radar,10,7,21,5,43,0,4,62,3,69,10,11,83,8,112,100,10,110,222
06/01/2011,AFW,TX,ASW,CE,Towers with Radar,41,16,44,41,142,0,2,77,11,90,41,18,121,52,232,134,40,174,406
06/02/2011,AFW,TX,ASW,CE,Towers with Radar,33,16,40,27,116,0,0,86,10,96,33,16,126,37,212,202,32,234,446
06/03/2011,AFW,TX,ASW,CE,Towers with Radar,22,12,38,53,125,0,4,95,12,111,22,16,133,65,236,150,72,222,458
06/04/2011,AFW,TX,ASW,CE,Towers with Radar,3,5,15,13,36,0,5,50,5,60,3,10,65,18,96,170,36,206,302
06/05/2011,AFW,TX,ASW,CE,Towers with Radar,0,3,17,9,29,0,2,31,8,41,0,5,48,17,70,62,26,88,158
06/06/2011,AFW,TX,ASW,CE,Towers with Radar,12,6,23,7,48,0,0,83,0,83,12,6,106,7,131,164,8,172,303
06/07/2011,AFW,TX,ASW,CE,Towers with Radar,32,17,44,11,104,0,6,109,11,126,32,23,153,22,230,138,28,166,396
06/08/2011,AFW,TX,ASW,CE,Towers with Radar,37,13,52,20,122,0,3,104,6,113,37,16,156,26,235,160,28,188,423
06/09/2011,AFW,TX,ASW,CE,Towers with Radar,37,16,56,33,142,0,10,107,2,119,37,26,163,35,261,214,46,260,521
06/10/2011,AFW,TX,ASW,CE,Towers with Radar,29,13,60,98,200,0,3,112,28,143,29,16,172,126,343,170,94,264,607
06/11/2011,AFW,TX,ASW,CE,Towers with Radar,4,0,33,14,51,0,1,61,10,72,4,1,94,24,123,100,62,162,285
06/12/2011,AFW,TX,ASW,CE,Towers with Radar,3,3,19,59,84,0,0,35,13,48,3,3,54,72,132,52,12,64,196
06/13/2011,AFW,TX,ASW,CE,Towers with Radar,8,8,18,17,51,0,7,115,0,122,8,15,133,17,173,116,10,126,299
06/14/2011,AFW,TX,ASW,CE,Towers with Radar,33,16,31,38,118,0,7,101,10,118,33,23,132,48,236,88,34,122,358
06/15/2011,AFW,TX,ASW,CE,Towers with Radar,34,14,45,14,107,0,1,145,0,146,34,15,190,14,253,214,16,230,483
06/16/2011,AFW,TX,ASW,CE,Towers with Radar,41,18,31,31,121,0,5,124,2,131,41,23,155,33,252,138,28,166,418
06/17/2011,AFW,TX,ASW,CE,Towers with Radar,26,10,14,51,101,0,8,74,4,86,26,18,88,55,187,130,88,218,405
06/18/2011,AFW,TX,ASW,CE,Towers with Radar,1,2,3,30,36,0,0,11,2,13,1,2,14,32,49,20,4,24,73
06/19/2011,AFW,TX,ASW,CE,Towers with Radar,2,3,14,15,34,0,0,23,4,27,2,3,37,19,61,8,10,18,79
06/20/2011,AFW,TX,ASW,CE,Towers with Radar,2,6,19,11,38,0,0,67,2,69,2,6,86,13,107,140,26,166,273
06/21/2011,AFW,TX,ASW,CE,Towers with Radar,42,10,37,31,120,0,9,88,0,97,42,19,125,31,217,248,34,282,499
06/22/2011,AFW,TX,ASW,CE,Towers with Radar,34,18,34,71,157,0,5,135,6,146,34,23,169,77,303,296,60,356,659
06/23/2011,AFW,TX,ASW,CE,Towers with Radar,35,17,34,50,136,0,7,153,8,168,35,24,187,58,304,416,14,430,734
06/24/2011,AFW,TX,ASW,CE,Towers with Radar,25,8,13,38,84,0,2,104,5,111,25,10,117,43,195,248,48,296,491
06/25/2011,AFW,TX,ASW,CE,Towers with Radar,5,2,4,9,20,0,0,54,2,56,5,2,58,11,76,158,18,176,252
06/26/2011,AFW,TX,ASW,CE,Towers with Radar,2,4,6,8,20,0,0,23,3,26,2,4,29,11,46,108,12,120,166
06/27/2011,AFW,TX,ASW,CE,Towers with Radar,10,3,6,14,33,0,6,107,10,123,10,9,113,24,156,234,26,260,416
06/28/2011,AFW,TX,ASW,CE,Towers with Radar,33,13,21,56,123,0,7,106,10,123,33,20,127,66,246,262,46,308,554
06/29/2011,AFW,TX,ASW,CE,Towers with Radar,34,12,25,37,108,0,2,127,10,139,34,14,152,47,247,320,20,340,587
06/30/2011,AFW,TX,ASW,CE,Towers with Radar,33,11,20,31,95,0,2,163,7,172,33,13,183,38,267,196,20,216,483
07/01/2011,AFW,TX,ASW,CE,Towers with Radar,26,11,21,4,62,0,2,80,6,88,26,13,101,10,150,198,16,214,364
07/02/2011,AFW,TX,ASW,CE,Towers with Radar,0,2,5,2,9,0,0,46,4,50,0,2,51,6,59,146,4,150,209
07/03/2011,AFW,TX,ASW,CE,Towers with Radar,4,2,8,0,14,0,0,33,0,33,4,2,41,0,47,98,0,98,145
07/04/2011,AFW,TX,ASW,CE,Towers with Radar,1,0,12,0,13,0,0,40,0,40,1,0,52,0,53,100,0,100,153
07/05/2011,AFW,TX,ASW,CE,Towers with Radar,10,9,21,14,54,0,4,68,1,73,10,13,89,15,127,194,26,220,347
07/06/2011,AFW,TX,ASW,CE,Towers with Radar,38,12,30,15,95,0,4,79,8,91,38,16,109,23,186,282,22,304,490
07/07/2011,AFW,TX,ASW,CE,Towers with Radar,31,13,45,20,109,0,0,91,0,91,31,13,136,20,200,200,14,214,414
07/08/2011,AFW,TX,ASW,CE,Towers with Radar,27,7,35,38,107,0,2,110,3,115,27,9,145,41,222,160,48,208,430
07/09/2011,AFW,TX,ASW,CE,Towers with Radar,1,0,12,44,57,0,0,61,3,64,1,0,73,47,121,74,24,98,219
07/10/2011,AFW,TX,ASW,CE,Towers with Radar,1,0,10,39,50,0,0,51,1,52,1,0,61,40,102,116,40,156,258
07/11/2011,AFW,TX,ASW,CE,Towers with Radar,11,10,42,30,93,0,3,91,3,97,11,13,133,33,190,124,56,180,370
07/12/2011,AFW,TX,ASW,CE,Towers with Radar,39,12,44,9,104,0,1,146,2,149,39,13,190,11,253,204,0,204,457
07/13/2011,AFW,TX,ASW,CE,Towers with Radar,32,13,41,27,113,0,1,104,0,105,32,14,145,27,218,208,6,214,432
07/14/2011,AFW,TX,ASW,CE,Towers with Radar,34,12,51,26,123,0,1,148,2,151,34,13,199,28,274,266,8,274,548
07/15/2011,AFW,TX,ASW,CE,Towers with Radar,26,9,45,43,123,0,0,115,11,126,26,9,160,54,249,196,26,222,471
07/16/2011,AFW,TX,ASW,CE,Towers with Radar,2,2,13,17,34,0,0,81,5,86,2,2,94,22,120,214,30,244,364
07/17/2011,AFW,TX,ASW,CE,Towers with Radar,3,2,22,15,42,0,0,57,2,59,3,2,79,17,101,188,0,188,289
07/18/2011,AFW,TX,ASW,CE,Towers with Radar,11,9,34,25,79,0,1,127,2,130,11,10,161,27,209,356,34,390,599
07/19/2011,AFW,TX,ASW,CE,Towers with Radar,35,19,57,9,120,0,4,176,1,181,35,23,233,10,301,350,46,396,697
07/20/2011,AFW,TX,ASW,CE,Towers with Radar,38,13,63,26,140,0,3,146,5,154,38,16,209,31,294,220,30,250,544
07/21/2011,AFW,TX,ASW,CE,Towers with Radar,33,18,69,20,140,0,0,120,1,121,33,18,189,21,261,226,2,228,489
07/22/2011,AFW,TX,ASW,CE,Towers with Radar,26,10,49,16,101,0,0,133,2,135,26,10,182,18,236,284,18,302,538
07/23/2011,AFW,TX,ASW,CE,Towers with Radar,3,0,22,26,51,0,0,58,0,58,3,0,80,26,109,80,6,86,195
07/24/2011,AFW,TX,ASW,CE,Towers with Radar,2,1,29,30,62,0,0,47,0,47,2,1,76,30,109,60,6,66,175
07/25/2011,AFW,TX,ASW,CE,Towers with Radar,8,6,41,16,71,0,6,83,1,90,8,12,124,17,161,154,18,172,333
07/26/2011,AFW,TX,ASW,CE,Towers with Radar,32,16,49,5,102,0,9,114,1,124,32,25,163,6,226,188,2,190,416
07/27/2011,AFW,TX,ASW,CE,Towers with Radar,36,12,51,24,123,0,11,102,3,116,36,23,153,27,239,166,28,194,433
07/28/2011,AFW,TX,ASW,CE,Towers with Radar,33,16,49,22,120,0,7,112,3,122,33,23,161,25,242,74,16,90,332
07/29/2011,AFW,TX,ASW,CE,Towers with Radar,25,7,29,58,119,0,0,115,10,125,25,7,144,68,244,272,120,392,636
07/30/2011,AFW,TX,ASW,CE,Towers with Radar,2,1,14,27,44,0,1,51,5,57,2,2,65,32,101,126,42,168,269
07/31/2011,AFW,TX,ASW,CE,Towers with Radar,2,0,12,76,90,0,2,40,12,54,2,2,52,88,144,72,14,86,230
08/01/2011,AFW,TX,ASW,CE,Towers with Radar,10,9,39,38,96,0,3,102,8,113,10,12,141,46,209,176,22,198,407
08/02/2011,AFW,TX,ASW,CE,Towers with Radar,33,21,29,21,104,0,7,97,6,110,33,28,126,27,214,174,10,184,398
08/03/2011,AFW,TX,ASW,CE,Towers with Radar,37,15,43,12,107,0,4,80,6,90,37,19,123,18,197,94,30,124,321
08/04/2011,AFW,TX,ASW,CE,Towers with Radar,37,11,25,22,95,0,17,108,8,133,37,28,133,30,228,260,36,296,524
08/05/2011,AFW,TX,ASW,CE,Towers with Radar,28,11,37,20,96,0,0,108,9,117,28,11,145,29,213,198,22,220,433
08/06/2011,AFW,TX,ASW,CE,Towers with Radar,3,2,17,18,40,0,0,64,4,68,3,2,81,22,108,188,0,188,296
08/07/2011,AFW,TX,ASW,CE,Towers with Radar,2,2,23,13,40,0,0,45,0,45,2,2,68,13,85,126,32,158,243
08/08/2011,AFW,TX,ASW,CE,Towers with Radar,6,4,30,17,57,0,3,102,12,117,6,7,132,29,174,154,38,192,366
08/09/2011,AFW,TX,ASW,CE,Towers with Radar,36,12,39,34,121,0,5,97,13,115,36,17,136,47,236,158,22,180,416
08/10/2011,AFW,TX,ASW,CE,Towers with Radar,32,19,40,35,126,0,0,86,16,102,32,19,126,51,228,128,20,148,376
08/11/2011,AFW,TX,ASW,CE,Towers with Radar,32,16,33,17,98,0,2,85,12,99,32,18,118,29,197,104,44,148,345
08/12/2011,AFW,TX,ASW,CE,Towers with Radar,30,10,26,28,94,0,1,95,18,114,30,11,121,46,208,82,62,144,352
08/13/2011,AFW,TX,ASW,CE,Towers with Radar,3,1,15,46,65,0,0,15,3,18,3,1,30,49,83,30,36,66,149
08/14/2011,AFW,TX,ASW,CE,Towers with Radar,4,4,13,29,50,0,0,53,6,59,4,4,66,35,109,94,6,100,209
08/15/2011,AFW,TX,ASW,CE,Towers with Radar,8,6,17,30,61,0,1,93,1,95,8,7,110,31,156,170,26,196,352
08/16/2011,AFW,TX,ASW,CE,Towers with Radar,37,16,46,35,134,0,5,86,6,97,37,21,132,41,231,82,20,102,333
08/17/2011,AFW,TX,ASW,CE,Towers with Radar,39,16,54,24,133,0,3,120,7,130,39,19,174,31,263,124,44,168,431
08/18/2011,AFW,TX,ASW,CE,Towers with Radar,34,11,42,18,105,0,7,107,6,120,34,18,149,24,225,88,30,118,343
08/19/2011,AFW,TX,ASW,CE,Towers with Radar,30,7,29,32,98,0,0,78,12,90,30,7,107,44,188,142,30,172,360
08/20/2011,AFW,TX,ASW,CE,Towers with Radar,6,4,17,35,62,1,0,54,10,65,7,4,71,45,127,42,64,106,233
08/21/2011,AFW,TX,ASW,CE,Towers with Radar,4,1,20,40,65,0,0,38,2,40,4,1,58,42,105,62,10,72,177
08/22/2011,AFW,TX,ASW,CE,Towers with Radar,11,6,19,34,70,0,2,88,9,99,11,8,107,43,169,102,44,146,315
08/23/2011,AFW,TX,ASW,CE,Towers with Radar,38,20,33,32,123,0,4,80,1,85,38,24,113,33,208,108,12,120,328
08/24/2011,AFW,TX,ASW,CE,Towers with Radar,34,17,34,16,101,0,5,88,3,96,34,22,122,19,197,76,14,90,287
08/25/2011,AFW,TX,ASW,CE,Towers with Radar,34,16,34,11,95,0,4,86,3,93,34,20,120,14,188,100,14,114,302
08/26/2011,AFW,TX,ASW,CE,Towers with Radar,24,15,36,27,102,0,0,65,8,73,24,15,101,35,175,82,32,114,289
08/27/2011,AFW,TX,ASW,CE,Towers with Radar,2,1,15,9,27,0,0,64,5,69,2,1,79,14,96,170,4,174,270
08/28/2011,AFW,TX,ASW,CE,Towers with Radar,3,2,20,8,33,15,0,54,8,77,18,2,74,16,110,114,20,134,244
08/29/2011,AFW,TX,ASW,CE,Towers with Radar,11,6,32,3,52,0,1,79,1,81,11,7,111,4,133,104,16,120,253
08/30/2011,AFW,TX,ASW,CE,Towers with Radar,34,17,48,11,110,0,3,80,6,89,34,20,128,17,199,104,16,120,319
08/31/2011,AFW,TX,ASW,CE,Towers with Radar,39,17,33,21,110,0,8,80,3,91,39,25,113,24,201,108,12,120,321
09/01/2011,AFW,TX,ASW,CE,Towers with Radar,35,14,46,11,106,0,3,92,6,101,35,17,138,17,207,82,16,98,305
09/02/2011,AFW,TX,ASW,CE,Towers with Radar,29,8,32,54,123,0,0,80,21,101,29,8,112,75,224,84,44,128,352
09/03/2011,AFW,TX,ASW,CE,Towers with Radar,4,0,6,0,10,0,0,43,12,55,4,0,49,12,65,108,16,124,189
09/04/2011,AFW,TX,ASW,CE,Towers with Radar,1,0,4,2,7,0,0,43,10,53,1,0,47,12,60,60,14,74,134
09/05/2011,AFW,TX,ASW,CE,Towers with Radar,0,4,29,7,40,0,1,39,7,47,0,5,68,14,87,46,4,50,137
09/06/2011,AFW,TX,ASW,CE,Towers with Radar,6,5,22,21,54,0,6,70,2,78,6,11,92,23,132,80,6,86,218
09/07/2011,AFW,TX,ASW,CE,Towers with Radar,43,14,34,31,122,0,6,79,1,86,43,20,113,32,208,134,48,182,390
09/08/2011,AFW,TX,ASW,CE,Towers with Radar,39,13,47,23,122,0,0,96,4,100,39,13,143,27,222,180,2,182,404
09/09/2011,AFW,TX,ASW,CE,Towers with Radar,27,17,54,60,158,0,0,92,8,100,27,17,146,68,258,124,72,196,454
09/10/2011,AFW,TX,ASW,CE,Towers with Radar,3,1,19,65,88,0,0,77,1,78,3,1,96,66,166,112,10,122,288
09/11/2011,AFW,TX,ASW,CE,Towers with Radar,1,3,25,53,82,0,1,55,14,70,1,4,80,67,152,138,20,158,310
09/12/2011,AFW,TX,ASW,CE,Towers with Radar,8,9,20,53,90,0,4,113,2,119,8,13,133,55,209,122,22,144,353
09/13/2011,AFW,TX,ASW,CE,Towers with Radar,39,18,43,35,135,0,9,120,2,131,39,27,163,37,266,60,30,90,356
09/14/2011,AFW,TX,ASW,CE,Towers with Radar,34,19,42,7,102,0,10,86,0,96,34,29,128,7,198,86,0,86,284
09/15/2011,AFW,TX,ASW,CE,Towers with Radar,32,18,43,11,104,0,6,99,2,107,32,24,142,13,211,82,0,82,293
09/16/2011,AFW,TX,ASW,CE,Towers with Radar,28,15,34,18,95,0,0,91,1,92,28,15,125,19,187,148,16,164,351
09/17/2011,AFW,TX,ASW,CE,Towers with Radar,1,4,18,7,30,0,1,44,3,48,1,5,62,10,78,120,2,122,200
09/18/2011,AFW,TX,ASW,CE,Towers with Radar,9,0,21,7,37,0,0,28,0,28,9,0,49,7,65,82,6,88,153
09/19/2011,AFW,TX,ASW,CE,Towers with Radar,8,8,18,29,63,0,1,119,2,122,8,9,137,31,185,178,40,218,403
09/20/2011,AFW,TX,ASW,CE,Towers with Radar,34,17,29,40,120,0,4,119,1,124,34,21,148,41,244,140,42,182,426
09/21/2011,AFW,TX,ASW,CE,Towers with Radar,35,13,21,24,93,0,8,109,0,117,35,21,130,24,210,220,28,248,458
09/22/2011,AFW,TX,ASW,CE,Towers with Radar,35,12,35,28,110,0,0,135,0,135,35,12,170,28,245,146,12,158,403
09/23/2011,AFW,TX,ASW,CE,Towers with Radar,26,9,36,32,103,0,0,150,5,155,26,9,186,37,258,100,48,148,406
09/24/2011,AFW,TX,ASW,CE,Towers with Radar,4,0,21,6,31,0,0,96,4,100,4,0,117,10,131,176,2,178,309
09/25/2011,AFW,TX,ASW,CE,Towers with Radar,4,6,13,4,27,8,0,50,3,61,12,6,63,7,88,136,10,146,234
09/26/2011,AFW,TX,ASW,CE,Towers with Radar,7,2,18,20,47,0,4,111,5,120,7,6,129,25,167,124,24,148,315
09/27/2011,AFW,TX,ASW,CE,Towers with Radar,35,14,33,37,119,0,4,117,2,123,35,18,150,39,242,212,44,256,498
09/28/2011,AFW,TX,ASW,CE,Towers with Radar,34,12,35,21,102,0,1,129,7,137,34,13,164,28,239,290,26,316,555
09/29/2011,AFW,TX,ASW,CE,Towers with Radar,37,12,43,18,110,0,6,144,7,157,37,18,187,25,267,184,28,212,479
09/30/2011,AFW,TX,ASW,CE,Towers with Radar,28,11,42,17,98,0,0,103,10,113,28,11,145,27,211,114,78,192,403
10/01/2011,AFW,TX,ASW,CE,Towers with Radar,4,0,17,2,23,0,0,74,4,78,4,0,91,6,101,48,14,62,163
10/02/2011,AFW,TX,ASW,CE,Towers with Radar,6,0,19,6,31,0,0,53,2,55,6,0,72,8,86,134,16,150,236
10/03/2011,AFW,TX,ASW,CE,Towers with Radar,6,10,19,46,81,0,12,95,6,113,6,22,114,52,194,286,50,336,530
10/04/2011,AFW,TX,ASW,CE,Towers with Radar,33,15,27,14,89,0,4,51,2,57,33,19,78,16,146,58,2,60,206
10/05/2011,AFW,TX,ASW,CE,Towers with Radar,29,14,39,26,108,0,8,111,13,132,29,22,150,39,240,320,36,356,596
10/06/2011,AFW,TX,ASW,CE,Towers with Radar,27,15,38,6,86,0,0,102,6,108,27,15,140,12,194,106,4,110,304
10/07/2011,AFW,TX,ASW,CE,Towers with Radar,26,10,41,24,101,0,0,84,11,95,26,10,125,35,196,90,34,124,320
10/08/2011,AFW,TX,ASW,CE,Towers with Radar,5,0,21,2,28,0,0,24,2,26,5,0,45,4,54,92,2,94,148
10/09/2011,AFW,TX,ASW,CE,Towers with Radar,5,0,13,2,20,0,0,3,0,3,5,0,16,2,23,0,0,0,23
10/10/2011,AFW,TX,ASW,CE,Towers with Radar,8,8,27,16,59,0,0,52,1,53,8,8,79,17,112,154,0,154,266
10/11/2011,AFW,TX,ASW,CE,Towers with Radar,29,11,23,15,78,0,0,130,7,137,29,11,153,22,215,234,46,280,495
10/12/2011,AFW,TX,ASW,CE,Towers with Radar,37,12,45,17,111,0,4,96,4,104,37,16,141,21,215,161,18,179,394
10/13/2011,AFW,TX,ASW,CE,Towers with Radar,38,11,53,5,107,0,5,128,2,135,38,16,181,7,242,204,2,206,448
10/14/2011,AFW,TX,ASW,CE,Towers with Radar,23,12,32,26,93,11,3,119,2,135,34,15,151,28,228,178,8,186,414
10/15/2011,AFW,TX,ASW,CE,Towers with Radar,0,0,12,38,50,0,0,77,2,79,0,0,89,40,129,147,4,151,280
10/16/2011,AFW,TX,ASW,CE,Towers with Radar,0,3,21,27,51,0,0,70,0,70,0,3,91,27,121,70,0,70,191
10/17/2011,AFW,TX,ASW,CE,Towers with Radar,8,4,32,40,84,0,2,93,5,100,8,6,125,45,184,50,48,98,282
10/18/2011,AFW,TX,ASW,CE,Towers with Radar,28,12,37,8,85,0,1,117,2,120,28,13,154,10,205,128,2,130,335
10/19/2011,AFW,TX,ASW,CE,Towers with Radar,32,14,46,2,94,0,7,151,0,158,32,21,197,2,252,142,0,142,394
10/20/2011,AFW,TX,ASW,CE,Towers with Radar,32,15,18,8,73,0,0,115,14,129,32,15,133,22,202,126,28,154,356
10/21/2011,AFW,TX,ASW,CE,Towers with Radar,21,10,11,18,60,0,0,81,16,97,21,10,92,34,157,58,54,112,269
10/22/2011,AFW,TX,ASW,CE,Towers with Radar,2,2,2,1,7,0,0,47,19,66,2,2,49,20,73,14,2,16,89
10/23/2011,AFW,TX,ASW,CE,Towers with Radar,0,1,5,23,29,0,3,55,6,64,0,4,60,29,93,14,16,30,123
10/24/2011,AFW,TX,ASW,CE,Towers with Radar,10,3,21,27,61,0,8,88,1,97,10,11,109,28,158,192,8,200,358
10/25/2011,AFW,TX,ASW,CE,Towers with Radar,29,18,33,16,96,0,6,110,3,119,29,24,143,19,215,186,4,190,405
10/26/2011,AFW,TX,ASW,CE,Towers with Radar,29,9,33,19,90,0,2,112,6,120,29,11,145,25,210,242,40,282,492
10/27/2011,AFW,TX,ASW,CE,Towers with Radar,28,18,50,2,98,0,0,68,0,68,28,18,118,2,166,38,0,38,204
10/28/2011,AFW,TX,ASW,CE,Towers with Radar,23,11,42,33,109,0,1,126,6,133,23,12,168,39,242,226,44,270,512
10/29/2011,AFW,TX,ASW,CE,Towers with Radar,0,1,29,27,57,0,0,91,1,92,0,1,120,28,149,168,0,168,317
10/30/2011,AFW,TX,ASW,CE,Towers with Radar,3,3,12,17,35,0,0,85,8,93,3,3,97,25,128,238,8,246,374
10/31/2011,AFW,TX,ASW,CE,Towers with Radar,8,8,28,21,65,0,4,109,8,121,8,12,137,29,186,176,54,230,416
11/01/2011,AFW,TX,ASW,CE,Towers with Radar,30,14,32,12,88,0,1,122,0,123,30,15,154,12,211,182,12,194,405
11/02/2011,AFW,TX,ASW,CE,Towers with Radar,34,14,44,31,123,0,2,85,5,92,34,16,129,36,215,26,14,40,255
11/03/2011,AFW,TX,ASW,CE,Towers with Radar,34,21,82,60,197,0,0,104,12,116,34,21,186,72,313,222,82,304,617
11/04/2011,AFW,TX,ASW,CE,Towers with Radar,29,17,64,45,155,0,2,117,18,137,29,19,181,63,292,210,26,236,528
11/05/2011,AFW,TX,ASW,CE,Towers with Radar,3,2,52,5,62,0,3,63,6,72,3,5,115,11,134,156,2,158,292
11/06/2011,AFW,TX,ASW,CE,Towers with Radar,4,10,96,0,110,0,13,27,1,41,4,23,123,1,151,0,0,0,151
11/07/2011,AFW,TX,ASW,CE,Towers with Radar,7,7,32,36,82,0,4,88,2,94,7,11,120,38,176,130,76,206,382
11/08/2011,AFW,TX,ASW,CE,Towers with Radar,36,14,47,14,111,0,3,78,2,83,36,17,125,16,194,138,54,192,386
11/09/2011,AFW,TX,ASW,CE,Towers with Radar,41,13,42,15,111,0,1,110,3,114,41,14,152,18,225,198,106,304,529
11/10/2011,AFW,TX,ASW,CE,Towers with Radar,33,12,38,18,101,0,0,93,6,99,33,12,131,24,200,216,10,226,426
11/11/2011,AFW,TX,ASW,CE,Towers with Radar,28,15,31,15,89,0,0,69,15,84,28,15,100,30,173,44,48,92,265
11/12/2011,AFW,TX,ASW,CE,Towers with Radar,3,0,14,11,28,0,0,26,4,30,3,0,40,15,58,30,10,40,98
11/13/2011,AFW,TX,ASW,CE,Towers with Radar,3,2,11,18,34,0,0,20,6,26,3,2,31,24,60,70,22,92,152
11/14/2011,AFW,TX,ASW,CE,Towers with Radar,8,8,26,20,62,0,5,73,4,82,8,13,99,24,144,100,34,134,278
11/15/2011,AFW,TX,ASW,CE,Towers with Radar,37,13,35,17,102,0,3,93,4,100,37,16,128,21,202,166,6,172,374
11/16/2011,AFW,TX,ASW,CE,Towers with Radar,28,14,47,23,112,0,3,73,0,76,28,17,120,23,188,170,40,210,398
11/17/2011,AFW,TX,ASW,CE,Towers with Radar,33,14,46,16,109,0,0,128,3,131,33,14,174,19,240,218,16,234,474
11/18/2011,AFW,TX,ASW,CE,Towers with Radar,25,17,29,31,102,0,0,73,7,80,25,17,102,38,182,62,44,106,288
11/19/2011,AFW,TX,ASW,CE,Towers with Radar,2,2,11,36,51,0,0,34,7,41,2,2,45,43,92,84,8,92,184
11/20/2011,AFW,TX,ASW,CE,Towers with Radar,2,5,28,24,59,0,0,5,2,7,2,5,33,26,66,0,4,4,70
11/21/2011,AFW,TX,ASW,CE,Towers with Radar,4,8,10,0,22,0,0,0,0,0,4,8,10,0,22,0,0,0,22
11/22/2011,AFW,TX,ASW,CE,Towers with Radar,45,19,47,12,123,0,0,46,3,49,45,19,93,15,172,116,0,116,288
11/23/2011,AFW,TX,ASW,CE,Towers with Radar,44,11,30,1,86,0,0,81,14,95,44,11,111,15,181,212,24,236,417
11/24/2011,AFW,TX,ASW,CE,Towers with Radar,11,0,9,0,20,0,0,17,0,17,11,0,26,0,37,36,0,36,73
11/25/2011,AFW,TX,ASW,CE,Towers with Radar,19,1,9,0,29,0,0,28,0,28,19,1,37,0,57,46,0,46,103
11/26/2011,AFW,TX,ASW,CE,Towers with Radar,2,0,2,0,4,0,0,15,0,15,2,0,17,0,19,80,0,80,99
11/27/2011,AFW,TX,ASW,CE,Towers with Radar,3,1,14,6,24,0,0,24,0,24,3,1,38,6,48,32,8,40,88
11/28/2011,AFW,TX,ASW,CE,Towers with Radar,10,10,28,15,63,0,2,121,6,129,10,12,149,21,192,244,26,270,462
11/29/2011,AFW,TX,ASW,CE,Towers with Radar,39,13,30,15,97,0,4,102,1,107,39,17,132,16,204,162,6,168,372
11/30/2011,AFW,TX,ASW,CE,Towers with Radar,42,16,31,7,96,0,3,118,3,124,42,19,149,10,220,100,20,120,340
12/01/2011,AFW,TX,ASW,CE,Towers with Radar,38,9,41,10,98,0,0,118,5,123,38,9,159,15,221,136,12,148,369
12/02/2011,AFW,TX,ASW,CE,Towers with Radar,31,10,9,4,54,0,0,0,0,0,31,10,9,4,54,0,0,0,54
12/03/2011,AFW,TX,ASW,CE,Towers with Radar,2,2,9,8,21,0,0,6,1,7,2,2,15,9,28,0,0,0,28
12/04/2011,AFW,TX,ASW,CE,Towers with Radar,2,4,26,5,37,0,0,0,0,0,2,4,26,5,37,0,0,0,37
12/05/2011,AFW,TX,ASW,CE,Towers with Radar,10,5,17,12,44,0,1,64,0,65,10,6,81,12,109,44,36,80,189
12/06/2011,AFW,TX,ASW,CE,Towers with Radar,55,9,30,8,102,0,1,146,4,151,55,10,176,12,253,114,2,116,369
12/07/2011,AFW,TX,ASW,CE,Towers with Radar,46,17,34,14,111,0,2,116,10,128,46,19,150,24,239,114,48,162,401
12/08/2011,AFW,TX,ASW,CE,Towers with Radar,49,10,43,11,113,0,0,113,6,119,49,10,156,17,232,162,6,168,400
12/09/2011,AFW,TX,ASW,CE,Towers with Radar,42,19,38,4,103,0,0,42,3,45,42,19,80,7,148,92,0,92,240
12/10/2011,AFW,TX,ASW,CE,Towers with Radar,8,4,22,12,46,0,0,72,3,75,8,4,94,15,121,184,6,190,311
12/11/2011,AFW,TX,ASW,CE,Towers with Radar,0,6,21,5,32,0,2,56,0,58,0,8,77,5,90,118,0,118,208
12/12/2011,AFW,TX,ASW,CE,Towers with Radar,14,8,25,51,98,0,6,97,2,105,14,14,122,53,203,176,32,208,411
12/13/2011,AFW,TX,ASW,CE,Towers with Radar,50,16,65,7,138,0,0,4,0,4,50,16,69,7,142,8,0,8,150
12/14/2011,AFW,TX,ASW,CE,Towers with Radar,50,15,20,4,89,0,0,18,0,18,50,15,38,4,107,8,0,8,115
12/15/2011,AFW,TX,ASW,CE,Towers with Radar,51,9,31,8,99,0,0,47,0,47,51,9,78,8,146,6,4,10,156
12/16/2011,AFW,TX,ASW,CE,Towers with Radar,43,12,26,66,147,0,2,100,0,102,43,14,126,66,249,160,66,226,475
12/17/2011,AFW,TX,ASW,CE,Towers with Radar,41,8,18,42,109,0,0,72,2,74,41,8,90,44,183,130,52,182,365
12/18/2011,AFW,TX,ASW,CE,Towers with Radar,0,11,16,41,68,0,0,33,5,38,0,11,49,46,106,120,24,144,250
12/19/2011,AFW,TX,ASW,CE,Towers with Radar,8,8,19,15,50,0,0,15,0,15,8,8,34,15,65,14,2,16,81
12/20/2011,AFW,TX,ASW,CE,Towers with Radar,55,16,25,32,128,0,0,35,4,39,55,16,60,36,167,24,16,40,207
12/21/2011,AFW,TX,ASW,CE,Towers with Radar,55,16,23,31,125,0,0,102,3,105,55,16,125,34,230,200,58,258,488
12/22/2011,AFW,TX,ASW,CE,Towers with Radar,55,18,14,20,107,0,2,50,0,52,55,20,64,20,159,98,50,148,307
12/23/2011,AFW,TX,ASW,CE,Towers with Radar,51,19,10,0,80,0,0,7,0,7,51,19,17,0,87,0,0,0,87
12/24/2011,AFW,TX,ASW,CE,Towers with Radar,30,3,2,0,35,0,0,2,0,2,30,3,4,0,37,2,0,2,39
12/25/2011,AFW,TX,ASW,CE,Towers with Radar,0,1,0,0,1,0,0,0,0,0,0,1,0,0,1,0,0,0,1
12/26/2011,AFW,TX,ASW,CE,Towers with Radar,0,8,12,1,21,0,0,10,1,11,0,8,22,2,32,66,0,66,98
12/27/2011,AFW,TX,ASW,CE,Towers with Radar,9,4,14,2,29,0,0,29,0,29,9,4,43,2,58,58,12,70,128
12/28/2011,AFW,TX,ASW,CE,Towers with Radar,37,8,17,6,68,0,0,57,2,59,37,8,74,8,127,140,16,156,283
12/29/2011,AFW,TX,ASW,CE,Towers with Radar,35,8,15,12,70,0,0,65,4,69,35,8,80,16,139,124,4,128,267
12/30/2011,AFW,TX,ASW,CE,Towers with Radar,28,10,11,1,50,0,8,98,7,113,28,18,109,8,163,130,16,146,309
12/31/2011,AFW,TX,ASW,CE,Towers with Radar,0,0,7,2,9,0,2,51,1,54,0,2,58,3,63,80,4,84,147
01/01/2012,AFW,TX,ASW,CE,Towers with Radar,0,2,9,0,11,0,1,39,0,40,0,3,48,0,51,86,0,86,137
01/02/2012,AFW,TX,ASW,CE,Towers with Radar,2,1,9,2,14,0,1,52,0,53,2,2,61,2,67,74,4,78,145
01/03/2012,AFW,TX,ASW,CE,Towers with Radar,4,4,17,9,34,0,0,47,8,55,4,4,64,17,89,104,10,114,203
01/04/2012,AFW,TX,ASW,CE,Towers with Radar,33,16,26,5,80,0,1,66,18,85,33,17,92,23,165,166,12,178,343
01/05/2012,AFW,TX,ASW,CE,Towers with Radar,29,11,29,21,90,0,3,71,9,83,29,14,100,30,173,122,48,170,343
01/06/2012,AFW,TX,ASW,CE,Towers with Radar,22,4,22,20,68,0,0,82,16,98,22,4,104,36,166,106,50,156,322
01/07/2012,AFW,TX,ASW,CE,Towers with Radar,4,0,19,52,75,0,1,42,7,50,4,1,61,59,125,166,52,218,343
01/08/2012,AFW,TX,ASW,CE,Towers with Radar,7,5,12,37,61,0,0,2,3,5,7,5,14,40,66,0,20,20,86
01/09/2012,AFW,TX,ASW,CE,Towers with Radar,8,5,6,0,19,0,0,38,0,38,8,5,44,0,57,16,0,16,73
01/10/2012,AFW,TX,ASW,CE,Towers with Radar,30,15,52,5,102,0,0,11,0,11,30,15,63,5,113,2,6,8,121
01/11/2012,AFW,TX,ASW,CE,Towers with Radar,27,11,37,29,104,0,1,115,3,119,27,12,152,32,223,190,26,216,439
01/12/2012,AFW,TX,ASW,CE,Towers with Radar,36,14,37,30,117,0,2,134,6,142,36,16,171,36,259,118,44,162,421
01/13/2012,AFW,TX,ASW,CE,Towers with Radar,21,8,35,37,101,0,3,117,8,128,21,11,152,45,229,128,24,152,381
01/14/2012,AFW,TX,ASW,CE,Towers with Radar,5,0,13,17,35,0,0,67,14,81,5,0,80,31,116,122,52,174,290
01/15/2012,AFW,TX,ASW,CE,Towers with Radar,5,1,11,36,53,0,2,41,6,49,5,3,52,42,102,132,10,142,244
01/16/2012,AFW,TX,ASW,CE,Towers with Radar,8,6,13,24,51,0,3,71,0,74,8,9,84,24,125,102,0,102,227
01/17/2012,AFW,TX,ASW,CE,Towers with Radar,33,10,38,34,115,0,0,86,2,88,33,10,124,36,203,94,20,114,317
01/18/2012,AFW,TX,ASW,CE,Towers with Radar,30,14,43,31,118,0,0,99,6,105,30,14,142,37,223,136,16,152,375
01/19/2012,AFW,TX,ASW,CE,Towers with Radar,29,17,38,19,103,0,2,122,8,132,29,19,160,27,235,206,32,238,473
01/20/2012,AFW,TX,ASW,CE,Towers with Radar,26,10,28,61,125,0,4,89,1,94,26,14,117,62,219,136,70,206,425
01/21/2012,AFW,TX,ASW,CE,Towers with Radar,2,6,7,31,46,0,1,63,8,72,2,7,70,39,118,208,44,252,370
01/22/2012,AFW,TX,ASW,CE,Towers with Radar,0,1,6,15,22,0,0,2,6,8,0,1,8,21,30,0,0,0,30
01/23/2012,AFW,TX,ASW,CE,Towers with Radar,5,4,21,15,45,0,2,102,8,112,5,6,123,23,157,200,28,228,385
01/24/2012,AFW,TX,ASW,CE,Towers with Radar,29,15,40,1,85,0,1,55,0,56,29,16,95,1,141,42,18,60,201
01/25/2012,AFW,TX,ASW,CE,Towers with Radar,32,12,51,2,97,0,0,0,0,0,32,12,51,2,97,0,0,0,97
01/26/2012,AFW,TX,ASW,CE,Towers with Radar,33,11,42,7,93,0,0,116,5,121,33,11,158,12,214,132,12,144,358
01/27/2012,AFW,TX,ASW,CE,Towers with Radar,22,5,34,36,97,0,3,72,12,87,22,8,106,48,184,186,58,244,428
01/28/2012,AFW,TX,ASW,CE,Towers with Radar,1,0,16,32,49,0,0,68,9,77,1,0,84,41,126,172,38,210,336
01/29/2012,AFW,TX,ASW,CE,Towers with Radar,2,2,14,44,62,0,1,46,7,54,2,3,60,51,116,104,0,104,220
01/30/2012,AFW,TX,ASW,CE,Towers with Radar,5,5,29,19,58,0,2,71,8,81,5,7,100,27,139,122,62,184,323
01/31/2012,AFW,TX,ASW,CE,Towers with Radar,30,13,46,8,97,0,2,86,3,91,30,15,132,11,188,142,8,150,338
02/01/2012,AFW,TX,ASW,CE,Towers with Radar,31,14,22,10,77,0,0,100,1,101,31,14,122,11,178,174,14,188,366
02/02/2012,AFW,TX,ASW,CE,Towers with Radar,30,14,46,7,97,0,2,86,3,91,30,16,132,10,188,210,4,214,402
02/03/2012,AFW,TX,ASW,CE,Towers with Radar,22,6,19,12,59,0,0,14,0,14,22,6,33,12,73,20,40,60,133
02/04/2012,AFW,TX,ASW,CE,Towers with Radar,4,2,7,67,80,0,0,57,4,61,4,2,64,71,141,216,4,220,361
02/05/2012,AFW,TX,ASW,CE,Towers with Radar,3,2,8,35,48,0,0,15,3,18,3,2,23,38,66,60,2,62,128
02/06/2012,AFW,TX,ASW,CE,Towers with Radar,8,7,36,49,100,0,1,118,2,121,8,8,154,51,221,300,28,328,549
02/07/2012,AFW,TX,ASW,CE,Towers with Radar,33,9,33,48,123,0,1,102,5,108,33,10,135,53,231,258,10,268,499
02/08/2012,AFW,TX,ASW,CE,Towers with Radar,33,16,51,41,141,0,0,84,1,85,33,16,135,42,226,154,38,192,418
02/09/2012,AFW,TX,ASW,CE,Towers with Radar,34,12,47,60,153,0,0,100,0,100,34,12,147,60,253,180,46,226,479
02/10/2012,AFW,TX,ASW,CE,Towers with Radar,30,5,23,57,115,0,6,65,12,83,30,11,88,69,198,90,136,226,424
02/11/2012,AFW,TX,ASW,CE,Towers with Radar,5,3,13,51,72,0,0,52,17,69,5,3,65,68,141,152,74,226,367
02/12/2012,AFW,TX,ASW,CE,Towers with Radar,3,1,13,76,93,0,0,25,14,39,3,1,38,90,132,74,20,94,226
02/13/2012,AFW,TX,ASW,CE,Towers with Radar,7,2,16,11,36,0,0,7,1,8,7,2,23,12,44,0,0,0,44
02/14/2012,AFW,TX,ASW,CE,Towers with Radar,39,12,29,38,118,0,1,66,2,69,39,13,95,40,187,120,0,120,307
02/15/2012,AFW,TX,ASW,CE,Towers with Radar,28,12,42,31,113,0,1,85,3,89,28,13,127,34,202,52,34,86,288
02/16/2012,AFW,TX,ASW,CE,Towers with Radar,33,12,53,27,125,0,0,79,3,82,33,12,132,30,207,124,0,124,331
02/17/2012,AFW,TX,ASW,CE,Towers with Radar,24,5,38,53,120,0,4,50,1,55,24,9,88,54,175,110,26,136,311
02/18/2012,AFW,TX,ASW,CE,Towers with Radar,0,0,7,2,9,0,0,0,0,0,0,0,7,2,9,0,0,0,9
02/19/2012,AFW,TX,ASW,CE,Towers with Radar,1,0,18,8,27,0,0,39,0,39,1,0,57,8,66,78,0,78,144
02/20/2012,AFW,TX,ASW,CE,Towers with Radar,10,2,16,40,68,0,6,37,2,45,10,8,53,42,113,76,14,90,203
02/21/2012,AFW,TX,ASW,CE,Towers with Radar,34,15,18,21,88,0,6,170,3,179,34,21,188,24,267,264,40,304,571
02/22/2012,AFW,TX,ASW,CE,Towers with Radar,31,14,29,16,90,0,3,96,4,103,31,17,125,20,193,130,18,148,341
02/23/2012,AFW,TX,ASW,CE,Towers with Radar,32,15,37,35,119,0,3,74,0,77,32,18,111,35,196,54,44,98,294
02/24/2012,AFW,TX,ASW,CE,Towers with Radar,18,19,42,42,121,0,6,96,9,111,18,25,138,51,232,188,72,260,492
02/25/2012,AFW,TX,ASW,CE,Towers with Radar,0,0,10,38,48,0,0,84,4,88,0,0,94,42,136,190,26,216,352
02/26/2012,AFW,TX,ASW,CE,Towers with Radar,0,0,12,32,44,0,0,27,0,27,0,0,39,32,71,44,6,50,121
02/27/2012,AFW,TX,ASW,CE,Towers with Radar,7,6,39,26,78,0,5,89,2,96,7,11,128,28,174,112,30,142,316
02/28/2012,AFW,TX,ASW,CE,Towers with Radar,33,10,44,31,118,0,0,39,0,39,33,10,83,31,157,86,10,96,253
02/29/2012,AFW,TX,ASW,CE,Towers with Radar,35,12,38,14,99,0,7,95,9,111,35,19,133,23,210,132,8,140,350
03/01/2012,AFW,TX,ASW,CE,Towers with Radar,36,10,40,12,98,0,4,96,12,112,36,14,136,24,210,178,28,206,416
03/02/2012,AFW,TX,ASW,CE,Towers with Radar,27,11,40,26,104,0,0,96,11,107,27,11,136,37,211,164,36,200,411
03/03/2012,AFW,TX,ASW,CE,Towers with Radar,1,6,11,32,50,0,0,74,12,86,1,6,85,44,136,188,84,272,408
03/04/2012,AFW,TX,ASW,CE,Towers with Radar,0,0,19,28,47,0,0,49,4,53,0,0,68,32,100,88,12,100,200
03/05/2012,AFW,TX,ASW,CE,Towers with Radar,13,7,34,19,73,0,6,135,1,142,13,13,169,20,215,120,40,160,375
03/06/2012,AFW,TX,ASW,CE,Towers with Radar,31,8,25,18,82,0,6,91,1,98,31,14,116,19,180,72,12,84,264
03/07/2012,AFW,TX,ASW,CE,Towers with Radar,34,11,37,11,93,0,4,66,0,70,34,15,103,11,163,105,0,105,268
03/08/2012,AFW,TX,ASW,CE,Towers with Radar,35,9,35,10,89,0,0,53,0,53,35,9,88,10,142,41,0,41,183
03/09/2012,AFW,TX,ASW,CE,Towers with Radar,32,10,33,18,93,0,0,65,2,67,32,10,98,20,160,80,26,106,266
03/10/2012,AFW,TX,ASW,CE,Towers with Radar,2,1,5,1,9,0,0,3,0,3,2,1,8,1,12,8,0,8,20
03/11/2012,AFW,TX,ASW,CE,Towers with Radar,1,2,13,7,23,0,0,22,1,23,1,2,35,8,46,62,0,62,108
03/12/2012,AFW,TX,ASW,CE,Towers with Radar,14,4,29,11,58,0,7,116,2,125,14,11,145,13,183,244,20,264,447
03/13/2012,AFW,TX,ASW,CE,Towers with Radar,35,14,67,12,128,0,5,109,5,119,35,19,176,17,247,260,24,284,531
03/14/2012,AFW,TX,ASW,CE,Towers with Radar,31,9,51,39,130,0,0,107,10,117,31,9,158,49,247,196,32,228,475
03/15/2012,AFW,TX,ASW,CE,Towers with Radar,30,13,36,43,122,0,0,101,5,106,30,13,137,48,228,190,32,222,450
03/16/2012,AFW,TX,ASW,CE,Towers with Radar,27,10,40,57,134,0,0,76,7,83,27,10,116,64,217,150,70,220,437
03/17/2012,AFW,TX,ASW,CE,Towers with Radar,1,2,12,27,42,0,0,29,2,31,1,2,41,29,73,72,10,82,155
03/18/2012,AFW,TX,ASW,CE,Towers with Radar,4,1,16,31,52,0,0,3,0,3,4,1,19,31,55,0,0,0,55
03/19/2012,AFW,TX,ASW,CE,Towers with Radar,9,6,24,0,39,0,0,37,0,37,9,6,61,0,76,36,0,36,112
03/20/2012,AFW,TX,ASW,CE,Towers with Radar,28,12,18,19,77,0,0,78,10,88,28,12,96,29,165,148,14,162,327
03/21/2012,AFW,TX,ASW,CE,Towers with Radar,32,11,40,54,137,0,4,120,9,133,32,15,160,63,270,304,56,360,630
03/22/2012,AFW,TX,ASW,CE,Towers with Radar,34,24,19,14,91,0,3,115,1,119,34,27,134,15,210,198,38,236,446
03/23/2012,AFW,TX,ASW,CE,Towers with Radar,24,10,27,49,110,0,1,103,4,108,24,11,130,53,218,216,62,278,496
03/24/2012,AFW,TX,ASW,CE,Towers with Radar,3,1,17,22,43,0,0,76,4,80,3,1,93,26,123,176,12,188,311
03/25/2012,AFW,TX,ASW,CE,Towers with Radar,4,1,20,7,32,0,3,58,8,69,4,4,78,15,101,140,4,144,245
03/26/2012,AFW,TX,ASW,CE,Towers with Radar,11,3,28,17,59,0,1,91,2,94,11,4,119,19,153,200,14,214,367
03/27/2012,AFW,TX,ASW,CE,Towers with Radar,31,15,37,19,102,0,3,113,1,117,31,18,150,20,219,176,28,204,423
03/28/2012,AFW,TX,ASW,CE,Towers with Radar,32,9,65,8,114,0,2,88,2,92,32,11,153,10,206,136,0,136,342
03/29/2012,AFW,TX,ASW,CE,Towers with Radar,26,7,51,25,109,0,1,79,1,81,26,8,130,26,190,114,38,152,342
03/30/2012,AFW,TX,ASW,CE,Towers with Radar,28,9,65,36,138,0,3,58,6,67,28,12,123,42,205,124,126,250,455
03/31/2012,AFW,TX,ASW,CE,Towers with Radar,4,4,14,45,67,0,0,52,0,52,4,4,66,45,119,132,28,160,279
04/01/2012,AFW,TX,ASW,CE,Towers with Radar,3,0,13,21,37,0,0,34,16,50,3,0,47,37,87,118,4,122,209
04/02/2012,AFW,TX,ASW,CE,Towers with Radar,7,4,33,25,69,0,0,64,1,65,7,4,97,26,134,90,60,150,284
04/03/2012,AFW,TX,ASW,CE,Towers with Radar,26,16,31,7,80,0,0,18,0,18,26,16,49,7,98,68,0,68,166
04/04/2012,AFW,TX,ASW,CE,Towers with Radar,35,14,45,41,135,0,2,105,7,114,35,16,150,48,249,164,28,192,441
04/05/2012,AFW,TX,ASW,CE,Towers with Radar,32,12,50,26,120,0,4,121,4,129,32,16,171,30,249,174,20,194,443
04/06/2012,AFW,TX,ASW,CE,Towers with Radar,26,11,40,9,86,0,2,93,9,104,26,13,133,18,190,160,36,196,386
04/07/2012,AFW,TX,ASW,CE,Towers with Radar,3,3,20,3,29,0,0,64,3,67,3,3,84,6,96,168,2,170,266
04/08/2012,AFW,TX,ASW,CE,Towers with Radar,4,3,25,0,32,0,0,13,0,13,4,3,38,0,45,46,0,46,91
04/09/2012,AFW,TX,ASW,CE,Towers with Radar,5,12,61,3,81,0,2,45,0,47,5,14,106,3,128,110,0,110,238
04/10/2012,AFW,TX,ASW,CE,Towers with Radar,33,15,42,8,98,0,3,102,1,106,33,18,144,9,204,116,24,140,344
04/11/2012,AFW,TX,ASW,CE,Towers with Radar,31,15,44,9,99,0,4,114,2,120,31,19,158,11,219,198,20,218,437
04/12/2012,AFW,TX,ASW,CE,Towers with Radar,33,14,59,23,129,0,0,116,5,121,33,14,175,28,250,100,22,122,372
04/13/2012,AFW,TX,ASW,CE,Towers with Radar,26,15,42,18,101,0,3,100,7,110,26,18,142,25,211,82,26,108,319
04/14/2012,AFW,TX,ASW,CE,Towers with Radar,7,14,62,11,94,0,31,20,2,53,7,45,82,13,147,0,2,2,149
04/15/2012,AFW,TX,ASW,CE,Towers with Radar,2,3,25,10,40,0,2,18,4,24,2,5,43,14,64,56,2,58,122
04/16/2012,AFW,TX,ASW,CE,Towers with Radar,9,11,27,4,51,0,3,88,0,91,9,14,115,4,142,90,6,96,238
04/17/2012,AFW,TX,ASW,CE,Towers with Radar,30,8,39,22,99,0,0,114,4,118,30,8,153,26,217,116,28,144,361
04/18/2012,AFW,TX,ASW,CE,Towers with Radar,29,11,36,8,84,0,6,122,9,137,29,17,158,17,221,124,16,140,361
04/19/2012,AFW,TX,ASW,CE,Towers with Radar,27,17,31,17,92,0,8,134,3,145,27,25,165,20,237,128,8,136,373
04/20/2012,AFW,TX,ASW,CE,Towers with Radar,24,10,37,48,119,0,4,68,1,73,24,14,105,49,192,78,36,114,306
04/21/2012,AFW,TX,ASW,CE,Towers with Radar,4,1,10,19,34,0,0,50,4,54,4,1,60,23,88,150,20,170,258
04/22/2012,AFW,TX,ASW,CE,Towers with Radar,1,2,16,27,46,0,0,48,0,48,1,2,64,27,94,94,0,94,188
04/23/2012,AFW,TX,ASW,CE,Towers with Radar,10,4,18,10,42,0,1,115,7,123,10,5,133,17,165,176,16,192,357
04/24/2012,AFW,TX,ASW,CE,Towers with Radar,31,14,25,19,89,0,8,92,0,100,31,22,117,19,189,174,2,176,365
04/25/2012,AFW,TX,ASW,CE,Towers with Radar,30,12,38,18,98,0,9,109,0,118,30,21,147,18,216,148,16,164,380
04/26/2012,AFW,TX,ASW,CE,Towers with Radar,30,16,39,6,91,0,7,98,1,106,30,23,137,7,197,56,10,66,263
04/27/2012,AFW,TX,ASW,CE,Towers with Radar,25,7,22,85,139,0,1,55,8,64,25,8,77,93,203,26,46,72,275
04/28/2012,AFW,TX,ASW,CE,Towers with Radar,3,0,13,36,52,0,0,33,4,37,3,0,46,40,89,66,10,76,165
04/29/2012,AFW,TX,ASW,CE,Towers with Radar,2,1,20,40,63,0,0,10,4,14,2,1,30,44,77,40,6,46,123
04/30/2012,AFW,TX,ASW,CE,Towers with Radar,6,4,24,34,68,0,5,91,5,101,6,9,115,39,169,168,24,192,361
05/01/2012,AFW,TX,ASW,CE,Towers with Radar,33,15,27,36,111,0,2,79,3,84,33,17,106,39,195,114,30,144,339
05/02/2012,AFW,TX,ASW,CE,Towers with Radar,29,14,39,44,126,0,4,75,5,84,29,18,114,49,210,112,86,198,408
05/03/2012,AFW,TX,ASW,CE,Towers with Radar,35,11,31,29,106,0,0,96,4,100,35,11,127,33,206,98,16,114,320
05/04/2012,AFW,TX,ASW,CE,Towers with Radar,22,12,26,36,96,0,0,76,3,79,22,12,102,39,175,112,42,154,329
05/05/2012,AFW,TX,ASW,CE,Towers with Radar,2,3,10,36,51,0,3,35,4,42,2,6,45,40,93,62,26,88,181
05/06/2012,AFW,TX,ASW,CE,Towers with Radar,1,3,11,55,70,0,0,18,1,19,1,3,29,56,89,40,4,44,133
05/07/2012,AFW,TX,ASW,CE,Towers with Radar,6,1,32,13,52,0,3,75,3,81,6,4,107,16,133,74,26,100,233
05/08/2012,AFW,TX,ASW,CE,Towers with Radar,43,19,70,4,136,0,2,70,0,72,43,21,140,4,208,34,0,34,242
05/09/2012,AFW,TX,ASW,CE,Towers with Radar,30,15,47,31,123,0,3,82,1,86,30,18,129,32,209,100,38,138,347
05/10/2012,AFW,TX,ASW,CE,Towers with Radar,33,11,27,9,80,0,0,116,0,116,33,11,143,9,196,104,10,114,310
05/11/2012,AFW,TX,ASW,CE,Towers with Radar,32,19,35,8,94,0,0,68,0,68,32,19,103,8,162,26,4,30,192
05/12/2012,AFW,TX,ASW,CE,Towers with Radar,3,0,11,12,26,0,0,20,0,20,3,0,31,12,46,44,0,44,90
05/13/2012,AFW,TX,ASW,CE,Towers with Radar,2,2,18,9,31,0,0,35,1,36,2,2,53,10,67,100,0,100,167
05/14/2012,AFW,TX,ASW,CE,Towers with Radar,7,8,32,4,51,0,0,91,0,91,7,8,123,4,142,28,20,48,190
05/15/2012,AFW,TX,ASW,CE,Towers with Radar,30,14,30,11,85,0,4,127,0,131,30,18,157,11,216,144,8,152,368
05/16/2012,AFW,TX,ASW,CE,Towers with Radar,31,14,27,7,79,0,6,120,3,129,31,20,147,10,208,166,30,196,404
05/17/2012,AFW,TX,ASW,CE,Towers with Radar,28,9,31,0,68,0,5,118,6,129,28,14,149,6,197,92,18,110,307
05/18/2012,AFW,TX,ASW,CE,Towers with Radar,28,7,16,5,56,0,6,68,0,74,28,13,84,5,130,70,14,84,214
05/19/2012,AFW,TX,ASW,CE,Towers with Radar,1,4,9,15,29,0,0,11,1,12,1,4,20,16,41,20,6,26,67
05/20/2012,AFW,TX,ASW,CE,Towers with Radar,3,2,13,6,24,0,0,51,0,51,3,2,64,6,75,114,2,116,191
05/21/2012,AFW,TX,ASW,CE,Towers with Radar,11,8,22,5,46,0,0,70,4,74,11,8,92,9,120,64,20,84,204
05/22/2012,AFW,TX,ASW,CE,Towers with Radar,27,16,35,6,84,0,8,128,3,139,27,24,163,9,223,186,6,192,415
05/23/2012,AFW,TX,ASW,CE,Towers with Radar,25,22,41,18,106,0,3,101,3,107,25,25,142,21,213,42,44,86,299
05/24/2012,AFW,TX,ASW,CE,Towers with Radar,30,11,31,6,78,0,0,87,3,90,30,11,118,9,168,28,0,28,196
05/25/2012,AFW,TX,ASW,CE,Towers with Radar,23,10,16,2,51,0,2,71,4,77,23,12,87,6,128,46,6,52,180
05/26/2012,AFW,TX,ASW,CE,Towers with Radar,0,2,11,1,14,0,0,38,5,43,0,2,49,6,57,84,4,88,145
05/27/2012,AFW,TX,ASW,CE,Towers with Radar,1,0,7,0,8,0,0,13,5,18,1,0,20,5,26,42,4,46,72
05/28/2012,AFW,TX,ASW,CE,Towers with Radar,4,0,10,0,14,0,0,36,3,39,4,0,46,3,53,30,2,32,85
05/29/2012,AFW,TX,ASW,CE,Towers with Radar,9,10,11,3,33,0,0,72,0,72,9,10,83,3,105,56,10,66,171
05/30/2012,AFW,TX,ASW,CE,Towers with Radar,31,23,35,3,92,0,0,52,4,56,31,23,87,7,148,84,16,100,248
05/31/2012,AFW,TX,ASW,CE,Towers with Radar,32,15,33,2,82,0,0,85,2,87,32,15,118,4,169,154,10,164,333
06/01/2012,AFW,TX,ASW,CE,Towers with Radar,23,7,36,38,104,0,1,101,12,114,23,8,137,50,218,136,100,236,454
06/02/2012,AFW,TX,ASW,CE,Towers with Radar,2,0,9,23,34,0,0,68,8,76,2,0,77,31,110,154,6,160,270
06/03/2012,AFW,TX,ASW,CE,Towers with Radar,1,1,10,20,32,0,0,42,3,45,1,1,52,23,77,104,10,114,191
06/04/2012,AFW,TX,ASW,CE,Towers with Radar,8,3,20,10,41,0,1,82,4,87,8,4,102,14,128,104,34,138,266
06/05/2012,AFW,TX,ASW,CE,Towers with Radar,29,17,28,6,80,0,6,73,8,87,29,23,101,14,167,74,2,76,243
06/06/2012,AFW,TX,ASW,CE,Towers with Radar,29,16,34,4,83,0,6,85,5,96,29,22,119,9,179,124,4,128,307
06/07/2012,AFW,TX,ASW,CE,Towers with Radar,31,15,49,0,95,0,1,51,0,52,31,16,100,0,147,92,0,92,239
06/08/2012,AFW,TX,ASW,CE,Towers with Radar,22,14,43,28,107,0,7,101,11,119,22,21,144,39,226,108,42,150,376
06/09/2012,AFW,TX,ASW,CE,Towers with Radar,6,5,44,49,104,0,0,53,13,66,6,5,97,62,170,92,34,126,296
06/10/2012,AFW,TX,ASW,CE,Towers with Radar,2,4,16,33,55,0,0,22,3,25,2,4,38,36,80,70,0,70,150
06/11/2012,AFW,TX,ASW,CE,Towers with Radar,8,5,19,0,32,0,0,81,6,87,8,5,100,6,119,32,14,46,165
06/12/2012,AFW,TX,ASW,CE,Towers with Radar,32,14,33,5,84,0,1,94,3,98,32,15,127,8,182,144,16,160,342
06/13/2012,AFW,TX,ASW,CE,Towers with Radar,34,16,32,2,84,0,2,102,0,104,34,18,134,2,188,90,4,94,282
06/14/2012,AFW,TX,ASW,CE,Towers with Radar,23,16,38,8,85,0,10,115,2,127,23,26,153,10,212,196,12,208,420
06/15/2012,AFW,TX,ASW,CE,Towers with Radar,25,5,31,44,105,0,1,87,4,92,25,6,118,48,197,64,26,90,287
06/16/2012,AFW,TX,ASW,CE,Towers with Radar,3,4,10,6,23,0,0,42,0,42,3,4,52,6,65,50,8,58,123
06/17/2012,AFW,TX,ASW,CE,Towers with Radar,1,5,12,53,71,0,1,52,1,54,1,6,64,54,125,104,8,112,237
06/18/2012,AFW,TX,ASW,CE,Towers with Radar,9,7,15,21,52,0,3,98,15,116,9,10,113,36,168,122,14,136,304
06/19/2012,AFW,TX,ASW,CE,Towers with Radar,27,16,27,62,132,0,0,103,2,105,27,16,130,64,237,134,66,200,437
06/20/2012,AFW,TX,ASW,CE,Towers with Radar,31,14,45,55,145,0,0,105,3,108,31,14,150,58,253,124,28,152,405
06/21/2012,AFW,TX,ASW,CE,Towers with Radar,26,21,20,31,98,0,6,147,5,158,26,27,167,36,256,204,34,238,494
06/22/2012,AFW,TX,ASW,CE,Towers with Radar,23,8,16,49,96,0,2,96,8,106,23,10,112,57,202,172,46,218,420
06/23/2012,AFW,TX,ASW,CE,Towers with Radar,2,2,13,19,36,0,0,51,3,54,2,2,64,22,90,174,60,234,324
06/24/2012,AFW,TX,ASW,CE,Towers with Radar,0,6,25,16,47,0,0,37,7,44,0,6,62,23,91,120,2,122,213
06/25/2012,AFW,TX,ASW,CE,Towers with Radar,6,3,22,45,76,0,3,95,7,105,6,6,117,52,181,130,36,166,347
06/26/2012,AFW,TX,ASW,CE,Towers with Radar,25,14,35,33,107,0,0,125,1,126,25,14,160,34,233,178,4,182,415
06/27/2012,AFW,TX,ASW,CE,Towers with Radar,27,13,24,29,93,0,0,77,3,80,27,13,101,32,173,106,46,152,325
06/28/2012,AFW,TX,ASW,CE,Towers with Radar,27,13,34,54,128,0,6,98,9,113,27,19,132,63,241,122,28,150,391
06/29/2012,AFW,TX,ASW,CE,Towers with Radar,19,7,26,14,66,0,0,79,4,83,19,7,105,18,149,58,24,82,231
06/30/2012,AFW,TX,ASW,CE,Towers with Radar,2,4,19,4,29,0,0,43,0,43,2,4,62,4,72,78,0,78,150
07/01/2012,AFW,TX,ASW,CE,Towers with Radar,1,0,11,11,23,0,0,28,2,30,1,0,39,13,53,50,12,62,115
07/02/2012,AFW,TX,ASW,CE,Towers with Radar,9,4,17,26,56,0,0,47,5,52,9,4,64,31,108,144,14,158,266
07/03/2012,AFW,TX,ASW,CE,Towers with Radar,33,12,22,19,86,0,1,45,6,52,33,13,67,25,138,70,30,100,238
07/04/2012,AFW,TX,ASW,CE,Towers with Radar,9,2,9,0,20,0,0,39,0,39,9,2,48,0,59,84,0,84,143
07/05/2012,AFW,TX,ASW,CE,Towers with Radar,20,7,35,1,63,0,0,66,0,66,20,7,101,1,129,128,2,130,259
07/06/2012,AFW,TX,ASW,CE,Towers with Radar,20,12,29,22,83,0,0,70,7,77,20,12,99,29,160,124,10,134,294
07/07/2012,AFW,TX,ASW,CE,Towers with Radar,0,2,9,1,12,0,0,36,0,36,0,2,45,1,48,134,0,134,182
07/08/2012,AFW,TX,ASW,CE,Towers with Radar,3,4,17,27,51,0,0,32,0,32,3,4,49,27,83,104,0,104,187
07/09/2012,AFW,TX,ASW,CE,Towers with Radar,9,5,39,11,64,0,0,74,2,76,9,5,113,13,140,68,0,68,208
07/10/2012,AFW,TX,ASW,CE,Towers with Radar,29,13,35,14,91,0,0,54,0,54,29,13,89,14,145,78,12,90,235
07/11/2012,AFW,TX,ASW,CE,Towers with Radar,28,14,49,13,104,0,2,84,1,87,28,16,133,14,191,44,10,54,245
07/12/2012,AFW,TX,ASW,CE,Towers with Radar,27,12,35,16,90,0,1,114,2,117,27,13,149,18,207,140,0,140,347
07/13/2012,AFW,TX,ASW,CE,Towers with Radar,20,10,28,53,111,0,1,98,1,100,20,11,126,54,211,130,40,170,381
07/14/2012,AFW,TX,ASW,CE,Towers with Radar,7,0,10,46,63,0,0,47,0,47,7,0,57,46,110,86,72,158,268
07/15/2012,AFW,TX,ASW,CE,Towers with Radar,1,0,15,20,36,0,0,39,5,44,1,0,54,25,80,106,6,112,192
07/16/2012,AFW,TX,ASW,CE,Towers with Radar,5,6,33,24,68,0,3,85,8,96,5,9,118,32,164,172,94,266,430
07/17/2012,AFW,TX,ASW,CE,Towers with Radar,30,12,38,15,95,0,0,124,3,127,30,12,162,18,222,164,20,184,406
07/18/2012,AFW,TX,ASW,CE,Towers with Radar,26,15,31,17,89,0,2,113,2,117,26,17,144,19,206,128,12,140,346
07/19/2012,AFW,TX,ASW,CE,Towers with Radar,28,21,34,16,99,0,4,103,0,107,28,25,137,16,206,254,16,270,476
07/20/2012,AFW,TX,ASW,CE,Towers with Radar,23,7,36,26,92,0,0,80,4,84,23,7,116,30,176,44,20,64,240
07/21/2012,AFW,TX,ASW,CE,Towers with Radar,4,0,14,35,53,0,0,37,11,48,4,0,51,46,101,100,34,134,235
07/22/2012,AFW,TX,ASW,CE,Towers with Radar,2,3,18,19,42,0,1,23,8,32,2,4,41,27,74,58,6,64,138
07/23/2012,AFW,TX,ASW,CE,Towers with Radar,9,4,30,15,58,0,8,97,8,113,9,12,127,23,171,130,60,190,361
07/24/2012,AFW,TX,ASW,CE,Towers with Radar,27,12,26,2,67,0,0,91,9,100,27,12,117,11,167,80,32,112,279
07/25/2012,AFW,TX,ASW,CE,Towers with Radar,25,12,31,26,94,0,0,83,17,100,25,12,114,43,194,134,46,180,374
07/26/2012,AFW,TX,ASW,CE,Towers with Radar,28,15,37,29,109,0,1,89,4,94,28,16,126,33,203,62,44,106,309
07/27/2012,AFW,TX,ASW,CE,Towers with Radar,25,12,23,31,91,0,0,102,0,102,25,12,125,31,193,158,12,170,363
07/28/2012,AFW,TX,ASW,CE,Towers with Radar,2,2,8,61,73,0,0,41,11,52,2,2,49,72,125,108,34,142,267
07/29/2012,AFW,TX,ASW,CE,Towers with Radar,1,3,11,24,39,0,0,23,3,26,1,3,34,27,65,36,0,36,101
07/30/2012,AFW,TX,ASW,CE,Towers with Radar,5,7,10,24,46,0,1,85,0,86,5,8,95,24,132,156,14,170,302
07/31/2012,AFW,TX,ASW,CE,Towers with Radar,27,11,28,27,93,0,0,62,4,66,27,11,90,31,159,68,14,82,241
08/01/2012,AFW,TX,ASW,CE,Towers with Radar,28,16,22,34,100,0,2,85,2,89,28,18,107,36,189,108,54,162,351
08/02/2012,AFW,TX,ASW,CE,Towers with Radar,27,13,29,19,88,0,2,99,2,103,27,15,128,21,191,102,42,144,335
08/03/2012,AFW,TX,ASW,CE,Towers with Radar,22,8,28,61,119,0,4,104,4,112,22,12,132,65,231,108,24,132,363
08/04/2012,AFW,TX,ASW,CE,Towers with Radar,2,3,7,30,42,0,0,33,1,34,2,3,40,31,76,48,14,62,138
08/05/2012,AFW,TX,ASW,CE,Towers with Radar,2,0,13,37,52,0,0,34,1,35,2,0,47,38,87,82,8,90,177
08/06/2012,AFW,TX,ASW,CE,Towers with Radar,9,2,18,26,55,0,1,94,3,98,9,3,112,29,153,214,36,250,403
08/07/2012,AFW,TX,ASW,CE,Towers with Radar,27,14,41,26,108,0,1,99,9,109,27,15,140,35,217,42,30,72,289
08/08/2012,AFW,TX,ASW,CE,Towers with Radar,26,14,36,28,104,0,4,99,6,109,26,18,135,34,213,150,14,164,377
08/09/2012,AFW,TX,ASW,CE,Towers with Radar,29,13,39,26,107,0,0,97,9,106,29,13,136,35,213,94,36,130,343
08/10/2012,AFW,TX,ASW,CE,Towers with Radar,20,12,35,43,110,0,0,115,8,123,20,12,150,51,233,174,54,228,461
08/11/2012,AFW,TX,ASW,CE,Towers with Radar,5,3,14,21,43,0,0,76,9,85,5,3,90,30,128,112,12,124,252
08/12/2012,AFW,TX,ASW,CE,Towers with Radar,2,5,13,21,41,0,3,19,5,27,2,8,32,26,68,16,6,22,90
08/13/2012,AFW,TX,ASW,CE,Towers with Radar,11,8,28,14,61,0,0,77,5,82,11,8,105,19,143,120,18,138,281
08/14/2012,AFW,TX,ASW,CE,Towers with Radar,31,14,46,12,103,0,0,73,7,80,31,14,119,19,183,100,10,110,293
08/15/2012,AFW,TX,ASW,CE,Towers with Radar,32,16,46,14,108,0,1,103,5,109,32,17,149,19,217,130,42,172,389
08/16/2012,AFW,TX,ASW,CE,Towers with Radar,34,14,36,0,84,0,1,89,2,92,34,15,125,2,176,68,0,68,244
08/17/2012,AFW,TX,ASW,CE,Towers with Radar,19,11,31,8,69,0,0,90,3,93,19,11,121,11,162,168,12,180,342
08/18/2012,AFW,TX,ASW,CE,Towers with Radar,3,2,12,6,23,0,0,40,0,40,3,2,52,6,63,80,0,80,143
08/19/2012,AFW,TX,ASW,CE,Towers with Radar,5,5,13,15,38,0,0,27,1,28,5,5,40,16,66,34,10,44,110
08/20/2012,AFW,TX,ASW,CE,Towers with Radar,9,4,18,16,47,0,0,76,6,82,9,4,94,22,129,122,20,142,271
08/21/2012,AFW,TX,ASW,CE,Towers with Radar,29,21,35,19,104,0,0,73,0,73,29,21,108,19,177,26,0,26,203
08/22/2012,AFW,TX,ASW,CE,Towers with Radar,29,10,35,40,114,0,1,114,8,123,29,11,149,48,237,128,84,212,449
08/23/2012,AFW,TX,ASW,CE,Towers with Radar,29,12,36,19,96,0,5,127,6,138,29,17,163,25,234,178,58,236,470
08/24/2012,AFW,TX,ASW,CE,Towers with Radar,21,12,29,54,116,0,0,94,5,99,21,12,123,59,215,190,124,314,529
08/25/2012,AFW,TX,ASW,CE,Towers with Radar,1,2,6,52,61,0,0,29,1,30,1,2,35,53,91,78,14,92,183
08/26/2012,AFW,TX,ASW,CE,Towers with Radar,0,0,7,55,62,0,0,7,4,11,0,0,14,59,73,4,46,50,123
08/27/2012,AFW,TX,ASW,CE,Towers with Radar,11,3,25,2,41,0,1,72,0,73,11,4,97,2,114,114,0,114,228
08/28/2012,AFW,TX,ASW,CE,Towers with Radar,28,14,42,6,90,0,0,98,3,101,28,14,140,9,191,112,6,118,309
08/29/2012,AFW,TX,ASW,CE,Towers with Radar,28,12,30,49,119,0,1,86,10,97,28,13,116,59,216,94,22,116,332
08/30/2012,AFW,TX,ASW,CE,Towers with Radar,26,13,36,15,90,0,0,90,6,96,26,13,126,21,186,82,12,94,280
08/31/2012,AFW,TX,ASW,CE,Towers with Radar,25,13,26,51,115,0,0,80,11,91,25,13,106,62,206,80,48,128,334
09/01/2012,AFW,TX,ASW,CE,Towers with Radar,1,1,3,9,14,0,1,46,7,54,1,2,49,16,68,72,20,92,160
09/02/2012,AFW,TX,ASW,CE,Towers with Radar,1,0,7,1,9,0,0,52,4,56,1,0,59,5,65,32,4,36,101
09/03/2012,AFW,TX,ASW,CE,Towers with Radar,0,0,4,13,17,0,0,26,1,27,0,0,30,14,44,72,0,72,116
09/04/2012,AFW,TX,ASW,CE,Towers with Radar,7,10,22,22,61,0,2,111,4,117,7,12,133,26,178,124,10,134,312
09/05/2012,AFW,TX,ASW,CE,Towers with Radar,39,13,37,17,106,0,3,77,14,94,39,16,114,31,200,92,40,132,332
09/06/2012,AFW,TX,ASW,CE,Towers with Radar,26,15,35,5,81,0,3,81,6,90,26,18,116,11,171,120,8,128,299
09/07/2012,AFW,TX,ASW,CE,Towers with Radar,22,7,38,40,107,0,3,83,12,98,22,10,121,52,205,68,42,110,315
09/08/2012,AFW,TX,ASW,CE,Towers with Radar,4,0,4,27,35,0,0,27,10,37,4,0,31,37,72,104,38,142,214
09/09/2012,AFW,TX,ASW,CE,Towers with Radar,2,2,8,18,30,0,24,33,10,67,2,26,41,28,97,104,24,128,225
09/10/2012,AFW,TX,ASW,CE,Towers with Radar,11,9,25,36,81,0,0,67,5,72,11,9,92,41,153,52,12,64,217
09/11/2012,AFW,TX,ASW,CE,Towers with Radar,32,18,37,65,152,0,3,93,6,102,32,21,130,71,254,126,32,158,412
09/12/2012,AFW,TX,ASW,CE,Towers with Radar,30,19,36,45,130,0,0,86,5,91,30,19,122,50,221,60,62,122,343
09/13/2012,AFW,TX,ASW,CE,Towers with Radar,27,16,31,2,76,0,2,54,2,58,27,18,85,4,134,0,6,6,140
09/14/2012,AFW,TX,ASW,CE,Towers with Radar,26,11,41,33,111,0,0,30,2,32,26,11,71,35,143,24,0,24,167
09/15/2012,AFW,TX,ASW,CE,Towers with Radar,2,3,19,10,34,0,1,27,3,31,2,4,46,13,65,52,6,58,123
09/16/2012,AFW,TX,ASW,CE,Towers with Radar,2,5,11,9,27,0,0,6,0,6,2,5,17,9,33,0,0,0,33
09/17/2012,AFW,TX,ASW,CE,Towers with Radar,7,8,27,34,76,0,1,104,4,109,7,9,131,38,185,100,18,118,303
09/18/2012,AFW,TX,ASW,CE,Towers with Radar,26,15,44,37,122,0,0,86,7,93,26,15,130,44,215,108,14,122,337
09/19/2012,AFW,TX,ASW,CE,Towers with Radar,29,13,35,26,103,0,0,129,2,131,29,13,164,28,234,144,26,170,404
09/20/2012,AFW,TX,ASW,CE,Towers with Radar,29,15,38,35,117,0,3,103,6,112,29,18,141,41,229,78,42,120,349
09/21/2012,AFW,TX,ASW,CE,Towers with Radar,21,17,22,40,100,0,3,72,8,83,21,20,94,48,183,64,54,118,301
09/22/2012,AFW,TX,ASW,CE,Towers with Radar,7,3,11,19,40,0,0,40,0,40,7,3,51,19,80,62,20,82,162
09/23/2012,AFW,TX,ASW,CE,Towers with Radar,1,6,6,10,23,0,0,38,2,40,1,6,44,12,63,98,2,100,163
09/24/2012,AFW,TX,ASW,CE,Towers with Radar,6,15,18,42,81,0,0,78,3,81,6,15,96,45,162,108,6,114,276
09/25/2012,AFW,TX,ASW,CE,Towers with Radar,31,17,40,27,115,0,2,75,0,77,31,19,115,27,192,80,38,118,310
09/26/2012,AFW,TX,ASW,CE,Towers with Radar,27,18,24,72,141,0,0,91,5,96,27,18,115,77,237,106,58,164,401
09/27/2012,AFW,TX,ASW,CE,Towers with Radar,28,10,32,8,78,0,0,115,5,120,28,10,147,13,198,126,18,144,342
09/28/2012,AFW,TX,ASW,CE,Towers with Radar,22,11,28,12,73,0,0,71,3,74,22,11,99,15,147,86,22,108,255
09/29/2012,AFW,TX,ASW,CE,Towers with Radar,1,3,4,1,9,0,0,0,0,0,1,3,4,1,9,0,0,0,9
09/30/2012,AFW,TX,ASW,CE,Towers with Radar,0,2,11,4,17,0,0,17,1,18,0,2,28,5,35,60,0,60,95
10/01/2012,AFW,TX,ASW,CE,Towers with Radar,6,5,16,25,52,0,1,70,3,74,6,6,86,28,126,62,28,90,216
10/02/2012,AFW,TX,ASW,CE,Towers with Radar,27,13,28,10,78,0,6,71,7,84,27,19,99,17,162,148,12,160,322
10/03/2012,AFW,TX,ASW,CE,Towers with Radar,25,17,30,15,87,0,1,92,3,96,25,18,122,18,183,96,8,104,287
10/04/2012,AFW,TX,ASW,CE,Towers with Radar,24,17,22,12,75,0,0,39,13,52,24,17,61,25,127,18,30,48,175
10/05/2012,AFW,TX,ASW,CE,Towers with Radar,22,7,8,21,58,0,1,40,43,84,22,8,48,64,142,14,16,30,172
10/06/2012,AFW,TX,ASW,CE,Towers with Radar,3,0,0,0,3,0,2,14,20,36,3,2,14,20,39,0,0,0,39
10/07/2012,AFW,TX,ASW,CE,Towers with Radar,3,1,5,3,12,0,2,18,21,41,3,3,23,24,53,4,0,4,57
10/08/2012,AFW,TX,ASW,CE,Towers with Radar,10,6,27,13,56,0,2,71,4,77,10,8,98,17,133,20,10,30,163
10/09/2012,AFW,TX,ASW,CE,Towers with Radar,29,13,22,38,102,0,4,92,7,103,29,17,114,45,205,102,52,154,359
10/10/2012,AFW,TX,ASW,CE,Towers with Radar,23,21,50,17,111,0,0,8,0,8,23,21,58,17,119,0,0,0,119
10/11/2012,AFW,TX,ASW,CE,Towers with Radar,24,15,43,12,94,0,0,75,1,76,24,15,118,13,170,66,2,68,238
10/12/2012,AFW,TX,ASW,CE,Towers with Radar,18,12,35,68,133,0,0,95,3,98,18,12,130,71,231,140,80,220,451
10/13/2012,AFW,TX,ASW,CE,Towers with Radar,1,2,4,11,18,0,0,8,0,8,1,2,12,11,26,12,4,16,42
10/14/2012,AFW,TX,ASW,CE,Towers with Radar,0,3,12,25,40,0,0,22,3,25,0,3,34,28,65,52,32,84,149
10/15/2012,AFW,TX,ASW,CE,Towers with Radar,4,5,28,7,44,0,1,122,5,128,4,6,150,12,172,136,8,144,316
10/16/2012,AFW,TX,ASW,CE,Towers with Radar,26,13,35,12,86,0,1,124,5,130,26,14,159,17,216,66,20,86,302
10/17/2012,AFW,TX,ASW,CE,Towers with Radar,26,15,31,35,107,0,2,111,3,116,26,17,142,38,223,146,6,152,375
10/18/2012,AFW,TX,ASW,CE,Towers with Radar,26,12,48,13,99,0,0,137,2,139,26,12,185,15,238,134,34,168,406
10/19/2012,AFW,TX,ASW,CE,Towers with Radar,20,12,37,40,109,0,3,91,2,96,20,15,128,42,205,160,54,214,419
10/20/2012,AFW,TX,ASW,CE,Towers with Radar,1,0,11,37,49,0,0,42,3,45,1,0,53,40,94,44,0,44,138
10/21/2012,AFW,TX,ASW,CE,Towers with Radar,4,2,15,31,52,0,0,6,4,10,4,2,21,35,62,14,2,16,78
10/22/2012,AFW,TX,ASW,CE,Towers with Radar,7,2,31,8,48,0,0,81,1,82,7,2,112,9,130,62,0,62,192
10/23/2012,AFW,TX,ASW,CE,Towers with Radar,27,11,45,19,102,0,0,93,4,97,27,11,138,23,199,70,4,74,273
10/24/2012,AFW,TX,ASW,CE,Towers with Radar,30,11,53,19,113,0,2,89,5,96,30,13,142,24,209,110,14,124,333
10/25/2012,AFW,TX,ASW,CE,Towers with Radar,22,14,33,52,121,0,0,83,0,83,22,14,116,52,204,88,36,124,328
10/26/2012,AFW,TX,ASW,CE,Towers with Radar,22,12,45,24,103,0,2,69,3,74,22,14,114,27,177,58,36,94,271
10/27/2012,AFW,TX,ASW,CE,Towers with Radar,1,1,15,9,26,0,0,20,0,20,1,1,35,9,46,76,0,76,122
10/28/2012,AFW,TX,ASW,CE,Towers with Radar,2,4,21,2,29,0,1,19,3,23,2,5,40,5,52,38,0,38,90
10/29/2012,AFW,TX,ASW,CE,Towers with Radar,9,3,19,24,55,0,3,96,3,102,9,6,115,27,157,124,20,144,301
10/30/2012,AFW,TX,ASW,CE,Towers with Radar,27,14,38,28,107,0,0,115,3,118,27,14,153,31,225,142,28,170,395
10/31/2012,AFW,TX,ASW,CE,Towers with Radar,25,11,35,34,105,0,0,109,2,111,25,11,144,36,216,132,30,162,378
11/01/2012,AFW,TX,ASW,CE,Towers with Radar,29,12,69,14,124,0,0,122,5,127,29,12,191,19,251,140,24,164,415
11/02/2012,AFW,TX,ASW,CE,Towers with Radar,26,9,39,25,99,0,1,70,2,73,26,10,109,27,172,116,48,164,336
11/03/2012,AFW,TX,ASW,CE,Towers with Radar,3,3,28,1,35,0,0,71,0,71,3,3,99,1,106,88,0,88,194
11/04/2012,AFW,TX,ASW,CE,Towers with Radar,4,12,104,3,123,0,11,55,0,66,4,23,159,3,189,4,18,22,211
11/05/2012,AFW,TX,ASW,CE,Towers with Radar,9,15,29,45,98,0,2,102,5,109,9,17,131,50,207,100,54,154,361
11/06/2012,AFW,TX,ASW,CE,Towers with Radar,26,16,49,29,120,0,0,120,6,126,26,16,169,35,246,202,68,270,516
11/07/2012,AFW,TX,ASW,CE,Towers with Radar,30,21,39,21,111,0,0,116,3,119,30,21,155,24,230,190,48,238,468
11/08/2012,AFW,TX,ASW,CE,Towers with Radar,26,27,37,9,99,0,2,94,3,99,26,29,131,12,198,104,10,114,312
11/09/2012,AFW,TX,ASW,CE,Towers with Radar,20,17,34,7,78,0,0,55,3,58,20,17,89,10,136,44,12,56,192
11/10/2012,AFW,TX,ASW,CE,Towers with Radar,3,0,7,4,14,0,0,11,2,13,3,0,18,6,27,0,2,2,29
11/11/2012,AFW,TX,ASW,CE,Towers with Radar,3,3,8,2,16,0,0,6,0,6,3,3,14,2,22,2,0,2,24
11/12/2012,AFW,TX,ASW,CE,Towers with Radar,7,4,18,7,36,0,0,113,0,113,7,4,131,7,149,132,0,132,281
11/13/2012,AFW,TX,ASW,CE,Towers with Radar,27,15,24,15,81,0,2,108,3,113,27,17,132,18,194,90,20,110,304
11/14/2012,AFW,TX,ASW,CE,Towers with Radar,31,16,26,20,93,0,0,117,15,132,31,16,143,35,225,102,74,176,401
11/15/2012,AFW,TX,ASW,CE,Towers with Radar,29,12,36,22,99,0,0,115,5,120,29,12,151,27,219,144,34,178,397
11/16/2012,AFW,TX,ASW,CE,Towers with Radar,21,15,18,16,70,0,0,66,5,71,21,15,84,21,141,80,30,110,251
11/17/2012,AFW,TX,ASW,CE,Towers with Radar,0,0,3,43,46,0,0,37,0,37,0,0,40,43,83,82,20,102,185
11/18/2012,AFW,TX,ASW,CE,Towers with Radar,2,1,15,21,39,0,0,14,9,23,2,1,29,30,62,44,8,52,114
11/19/2012,AFW,TX,ASW,CE,Towers with Radar,9,11,31,30,81,0,0,69,5,74,9,11,100,35,155,160,6,166,321
11/20/2012,AFW,TX,ASW,CE,Towers with Radar,33,16,43,8,100,0,5,65,3,73,33,21,108,11,173,92,4,96,269
11/21/2012,AFW,TX,ASW,CE,Towers with Radar,27,13,31,5,76,0,0,48,0,48,27,13,79,5,124,56,0,56,180
11/22/2012,AFW,TX,ASW,CE,Towers with Radar,5,1,4,0,10,0,0,4,0,4,5,1,8,0,14,0,0,0,14
11/23/2012,AFW,TX,ASW,CE,Towers with Radar,7,3,8,0,18,0,0,11,0,11,7,3,19,0,29,14,0,14,43
11/24/2012,AFW,TX,ASW,CE,Towers with Radar,0,1,8,0,9,0,0,23,0,23,0,1,31,0,32,26,0,26,58
11/25/2012,AFW,TX,ASW,CE,Towers with Radar,0,1,20,1,22,0,0,34,0,34,0,1,54,1,56,26,0,26,82
11/26/2012,AFW,TX,ASW,CE,Towers with Radar,8,3,37,35,83,0,0,57,0,57,8,3,94,35,140,66,4,70,210
11/27/2012,AFW,TX,ASW,CE,Towers with Radar,32,15,54,4,105,0,0,65,0,65,32,15,119,4,170,74,0,74,244
11/28/2012,AFW,TX,ASW,CE,Towers with Radar,38,17,72,20,147,0,2,132,0,134,38,19,204,20,281,158,12,170,451
11/29/2012,AFW,TX,ASW,CE,Towers with Radar,33,19,53,8,113,0,0,163,3,166,33,19,216,11,279,244,26,270,549
11/30/2012,AFW,TX,ASW,CE,Towers with Radar,24,8,56,66,154,0,0,110,14,124,24,8,166,80,278,64,52,116,394
12/01/2012,AFW,TX,ASW,CE,Towers with Radar,0,2,10,60,72,0,0,31,5,36,0,2,41,65,108,88,12,100,208
12/02/2012,AFW,TX,ASW,CE,Towers with Radar,0,4,12,37,53,0,2,27,8,37,0,6,39,45,90,16,14,30,120
12/03/2012,AFW,TX,ASW,CE,Towers with Radar,6,4,33,33,76,0,4,72,5,81,6,8,105,38,157,64,10,74,231
12/04/2012,AFW,TX,ASW,CE,Towers with Radar,33,19,60,47,159,0,0,100,2,102,33,19,160,49,261,148,40,188,449
12/05/2012,AFW,TX,ASW,CE,Towers with Radar,31,14,64,33,142,0,0,152,7,159,31,14,216,40,301,192,28,220,521
12/06/2012,AFW,TX,ASW,CE,Towers with Radar,32,16,64,15,127,0,0,92,3,95,32,16,156,18,222,96,6,102,324
12/07/2012,AFW,TX,ASW,CE,Towers with Radar,27,9,42,85,163,0,0,107,3,110,27,9,149,88,273,146,32,178,451
12/08/2012,AFW,TX,ASW,CE,Towers with Radar,8,10,16,109,143,0,0,62,3,65,8,10,78,112,208,210,18,228,436
12/09/2012,AFW,TX,ASW,CE,Towers with Radar,1,8,12,42,63,0,0,12,1,13,1,8,24,43,76,24,6,30,106
12/10/2012,AFW,TX,ASW,CE,Towers with Radar,11,10,36,46,103,0,2,73,14,89,11,12,109,60,192,90,36,126,318
12/11/2012,AFW,TX,ASW,CE,Towers with Radar,45,16,46,13,120,0,0,98,4,102,45,16,144,17,222,196,54,250,472
12/12/2012,AFW,TX,ASW,CE,Towers with Radar,42,13,63,24,142,0,0,120,2,122,42,13,183,26,264,186,12,198,462
12/13/2012,AFW,TX,ASW,CE,Towers with Radar,45,17,57,49,168,0,4,98,2,104,45,21,155,51,272,128,36,164,436
12/14/2012,AFW,TX,ASW,CE,Towers with Radar,35,13,31,82,161,0,1,46,2,49,35,14,77,84,210,98,40,138,348
12/15/2012,AFW,TX,ASW,CE,Towers with Radar,6,4,7,71,88,0,0,18,9,27,6,4,25,80,115,42,36,78,193
12/16/2012,AFW,TX,ASW,CE,Towers with Radar,0,2,16,26,44,0,0,24,6,30,0,2,40,32,74,16,10,26,100
12/17/2012,AFW,TX,ASW,CE,Towers with Radar,10,6,29,38,83,0,1,65,7,73,10,7,94,45,156,80,38,118,274
12/18/2012,AFW,TX,ASW,CE,Towers with Radar,49,13,55,53,170,0,2,55,15,72,49,15,110,68,242,88,60,148,390
12/19/2012,AFW,TX,ASW,CE,Towers with Radar,47,17,55,20,139,0,0,47,0,47,47,17,102,20,186,18,6,24,210
12/20/2012,AFW,TX,ASW,CE,Towers with Radar,64,19,20,27,130,0,0,35,12,47,64,19,55,39,177,66,60,126,303
12/21/2012,AFW,TX,ASW,CE,Towers with Radar,51,14,12,6,83,0,2,54,5,61,51,16,66,11,144,78,6,84,228
12/22/2012,AFW,TX,ASW,CE,Towers with Radar,35,15,15,2,67,0,0,31,2,33,35,15,46,4,100,76,2,78,178
12/23/2012,AFW,TX,ASW,CE,Towers with Radar,0,3,6,0,9,0,0,31,1,32,0,3,37,1,41,154,0,154,195
12/24/2012,AFW,TX,ASW,CE,Towers with Radar,0,2,7,0,9,0,0,18,0,18,0,2,25,0,27,56,0,56,83
12/25/2012,AFW,TX,ASW,CE,Towers with Radar,0,0,0,0,0,0,0,0,0,0,0,0,0,0,0,0,0,0,0
12/26/2012,AFW,TX,ASW,CE,Towers with Radar,6,4,9,0,19,0,0,10,0,10,6,4,19,0,29,18,0,18,47
12/27/2012,AFW,TX,ASW,CE,Towers with Radar,24,11,24,2,61,0,0,21,1,22,24,11,45,3,83,48,2,50,133
12/28/2012,AFW,TX,ASW,CE,Towers with Radar,22,8,11,16,57,0,0,1,1,2,22,8,12,17,59,0,6,6,65
12/29/2012,AFW,TX,ASW,CE,Towers with Radar,0,3,14,1,18,0,0,35,0,35,0,3,49,1,53,62,8,70,123
12/30/2012,AFW,TX,ASW,CE,Towers with Radar,0,3,6,1,10,0,0,14,0,14,0,3,20,1,24,32,0,32,56
12/31/2012,AFW,TX,ASW,CE,Towers with Radar,0,3,3,0,6,0,0,0,0,0,0,3,3,0,6,0,0,0,6
01/01/2013,AFW,TX,ASW,CE,Towers with Radar,0,2,6,0,8,0,0,0,0,0,0,2,6,0,8,0,0,0,8
01/02/2013,AFW,TX,ASW,CE,Towers with Radar,6,5,24,1,36,0,2,37,0,39,6,7,61,1,75,90,14,104,179
01/03/2013,AFW,TX,ASW,CE,Towers with Radar,32,14,13,4,63,0,0,50,2,52,32,14,63,6,115,52,38,90,205
01/04/2013,AFW,TX,ASW,CE,Towers with Radar,19,12,22,9,62,0,1,58,7,66,19,13,80,16,128,120,16,136,264
01/05/2013,AFW,TX,ASW,CE,Towers with Radar,0,4,11,43,58,0,0,23,4,27,0,4,34,47,85,56,8,64,149
01/06/2013,AFW,TX,ASW,CE,Towers with Radar,0,3,3,7,13,0,0,42,0,42,0,3,45,7,55,132,0,132,187
01/07/2013,AFW,TX,ASW,CE,Towers with Radar,5,8,24,23,60,0,0,86,0,86,5,8,110,23,146,64,32,96,242
01/08/2013,AFW,TX,ASW,CE,Towers with Radar,25,17,36,4,82,0,0,31,0,31,25,17,67,4,113,36,0,36,149
01/09/2013,AFW,TX,ASW,CE,Towers with Radar,29,14,27,0,70,0,0,5,0,5,29,14,32,0,75,0,0,0,75
01/10/2013,AFW,TX,ASW,CE,Towers with Radar,24,15,66,34,139,0,0,113,6,119,24,15,179,40,258,102,46,148,406
01/11/2013,AFW,TX,ASW,CE,Towers with Radar,20,13,42,52,127,0,0,102,6,108,20,13,144,58,235,26,32,58,293
01/12/2013,AFW,TX,ASW,CE,Towers with Radar,0,0,17,59,76,0,0,6,0,6,0,0,23,59,82,8,0,8,90
01/13/2013,AFW,TX,ASW,CE,Towers with Radar,0,4,9,26,39,0,0,24,9,33,0,4,33,35,72,80,4,84,156
01/14/2013,AFW,TX,ASW,CE,Towers with Radar,4,6,42,13,65,0,4,118,5,127,4,10,160,18,192,128,14,142,334
01/15/2013,AFW,TX,ASW,CE,Towers with Radar,22,11,33,9,75,0,2,60,1,63,22,13,93,10,138,132,24,156,294
01/16/2013,AFW,TX,ASW,CE,Towers with Radar,24,14,62,48,148,0,3,124,5,132,24,17,186,53,280,186,74,260,540
01/17/2013,AFW,TX,ASW,CE,Towers with Radar,24,12,61,10,107,0,2,143,3,148,24,14,204,13,255,188,12,200,455
01/18/2013,AFW,TX,ASW,CE,Towers with Radar,20,13,33,32,98,0,0,106,4,110,20,13,139,36,208,148,6,154,362
01/19/2013,AFW,TX,ASW,CE,Towers with Radar,0,3,4,2,9,0,0,55,0,55,0,3,59,2,64,102,0,102,166
01/20/2013,AFW,TX,ASW,CE,Towers with Radar,0,1,11,1,13,0,1,24,0,25,0,2,35,1,38,42,0,42,80
01/21/2013,AFW,TX,ASW,CE,Towers with Radar,6,10,12,4,32,0,2,67,0,69,6,12,79,4,101,112,0,112,213
01/22/2013,AFW,TX,ASW,CE,Towers with Radar,26,11,28,13,78,0,0,62,0,62,26,11,90,13,140,64,10,74,214
01/23/2013,AFW,TX,ASW,CE,Towers with Radar,25,15,62,34,136,0,2,126,3,131,25,17,188,37,267,156,44,200,467
01/24/2013,AFW,TX,ASW,CE,Towers with Radar,23,12,70,31,136,0,0,91,5,96,23,12,161,36,232,120,38,158,390
01/25/2013,AFW,TX,ASW,CE,Towers with Radar,17,9,45,27,98,0,0,15,2,17,17,9,60,29,115,24,12,36,151
01/26/2013,AFW,TX,ASW,CE,Towers with Radar,1,2,25,22,50,0,0,7,0,7,1,2,32,22,57,4,0,4,61
01/27/2013,AFW,TX,ASW,CE,Towers with Radar,2,5,8,9,24,0,0,7,0,7,2,5,15,9,31,16,0,16,47
01/28/2013,AFW,TX,ASW,CE,Towers with Radar,6,5,56,28,95,0,5,44,1,50,6,10,100,29,145,46,18,64,209
01/29/2013,AFW,TX,ASW,CE,Towers with Radar,30,24,43,5,102,0,0,44,1,45,30,24,87,6,147,16,0,16,163
01/30/2013,AFW,TX,ASW,CE,Towers with Radar,34,13,59,41,147,0,3,99,3,105,34,16,158,44,252,134,36,170,422
01/31/2013,AFW,TX,ASW,CE,Towers with Radar,26,15,62,34,137,0,4,145,1,150,26,19,207,35,287,246,10,256,543
02/01/2013,AFW,TX,ASW,CE,Towers with Radar,18,12,48,6,84,0,3,88,5,96,18,15,136,11,180,124,6,130,310
02/02/2013,AFW,TX,ASW,CE,Towers with Radar,0,3,15,18,36,0,0,70,0,70,0,3,85,18,106,228,2,230,336
02/03/2013,AFW,TX,ASW,CE,Towers with Radar,0,1,9,6,16,0,0,36,2,38,0,1,45,8,54,98,0,98,152
02/04/2013,AFW,TX,ASW,CE,Towers with Radar,5,15,32,10,62,0,0,86,3,89,5,15,118,13,151,176,12,188,339
02/05/2013,AFW,TX,ASW,CE,Towers with Radar,27,32,67,6,132,0,0,6,0,6,27,32,73,6,138,20,0,20,158
02/06/2013,AFW,TX,ASW,CE,Towers with Radar,26,14,47,9,96,0,3,88,0,91,26,17,135,9,187,168,18,186,373
02/07/2013,AFW,TX,ASW,CE,Towers with Radar,27,16,58,36,137,0,0,106,1,107,27,16,164,37,244,122,42,164,408
02/08/2013,AFW,TX,ASW,CE,Towers with Radar,21,11,67,24,123,0,3,146,6,155,21,14,213,30,278,396,38,434,712
02/09/2013,AFW,TX,ASW,CE,Towers with Radar,1,1,12,11,25,0,0,5,0,5,1,1,17,11,30,4,0,4,34
02/10/2013,AFW,TX,ASW,CE,Towers with Radar,1,5,16,18,40,0,0,31,2,33,1,5,47,20,73,34,10,44,117
02/11/2013,AFW,TX,ASW,CE,Towers with Radar,6,4,31,25,66,0,2,98,5,105,6,6,129,30,171,184,22,206,377
02/12/2013,AFW,TX,ASW,CE,Towers with Radar,26,20,63,0,109,0,0,6,0,6,26,20,69,0,115,4,0,4,119
02/13/2013,AFW,TX,ASW,CE,Towers with Radar,30,14,68,45,157,0,2,112,1,115,30,16,180,46,272,198,32,230,502
02/14/2013,AFW,TX,ASW,CE,Towers with Radar,25,15,56,5,101,0,2,145,0,147,25,17,201,5,248,254,4,258,506
02/15/2013,AFW,TX,ASW,CE,Towers with Radar,19,12,45,11,87,0,0,77,6,83,19,12,122,17,170,126,88,214,384
02/16/2013,AFW,TX,ASW,CE,Towers with Radar,0,1,10,19,30,0,0,47,0,47,0,1,57,19,77,132,0,132,209
02/17/2013,AFW,TX,ASW,CE,Towers with Radar,0,2,5,12,19,0,1,18,0,19,0,3,23,12,38,42,4,46,84
02/18/2013,AFW,TX,ASW,CE,Towers with Radar,5,2,14,0,21,0,3,64,1,68,5,5,78,1,89,22,0,22,111
02/19/2013,AFW,TX,ASW,CE,Towers with Radar,26,14,36,21,97,0,2,116,1,119,26,16,152,22,216,168,20,188,404
02/20/2013,AFW,TX,ASW,CE,Towers with Radar,24,18,45,1,88,0,1,78,0,79,24,19,123,1,167,14,12,26,193
02/21/2013,AFW,TX,ASW,CE,Towers with Radar,26,9,53,13,101,0,0,87,2,89,26,9,140,15,190,52,24,76,266
02/22/2013,AFW,TX,ASW,CE,Towers with Radar,20,11,55,68,154,0,2,99,4,105,20,13,154,72,259,253,84,337,596
02/23/2013,AFW,TX,ASW,CE,Towers with Radar,1,0,8,58,67,0,0,55,4,59,1,0,63,62,126,128,24,152,278
02/24/2013,AFW,TX,ASW,CE,Towers with Radar,0,0,8,19,27,0,0,23,1,24,0,0,31,20,51,40,10,50,101
02/25/2013,AFW,TX,ASW,CE,Towers with Radar,2,3,12,0,17,0,0,81,0,81,2,3,93,0,98,32,0,32,130
02/26/2013,AFW,TX,ASW,CE,Towers with Radar,26,12,68,45,151,0,3,87,4,94,26,15,155,49,245,82,36,118,363
02/27/2013,AFW,TX,ASW,CE,Towers with Radar,26,24,57,13,120,0,5,115,3,123,26,29,172,16,243,266,36,302,545
02/28/2013,AFW,TX,ASW,CE,Towers with Radar,26,12,63,30,131,0,0,146,4,150,26,12,209,34,281,200,54,254,535
03/01/2013,AFW,TX,ASW,CE,Towers with Radar,17,10,45,30,102,0,5,143,6,154,17,15,188,36,256,266,14,280,536
03/02/2013,AFW,TX,ASW,CE,Towers with Radar,0,3,3,33,39,0,0,40,6,46,0,3,43,39,85,84,12,96,181
03/03/2013,AFW,TX,ASW,CE,Towers with Radar,1,2,9,26,38,0,0,41,3,44,1,2,50,29,82,72,0,72,154
03/04/2013,AFW,TX,ASW,CE,Towers with Radar,7,8,19,15,49,0,4,74,0,78,7,12,93,15,127,12,22,34,161
03/05/2013,AFW,TX,ASW,CE,Towers with Radar,30,17,56,12,115,0,3,58,3,64,30,20,114,15,179,120,24,144,323
03/06/2013,AFW,TX,ASW,CE,Towers with Radar,23,13,65,20,121,0,0,109,1,110,23,13,174,21,231,214,26,240,471
03/07/2013,AFW,TX,ASW,CE,Towers with Radar,25,12,51,2,90,0,8,108,0,116,25,20,159,2,206,272,2,274,480
03/08/2013,AFW,TX,ASW,CE,Towers with Radar,18,14,56,52,140,0,2,39,0,41,18,16,95,52,181,114,0,114,295
03/09/2013,AFW,TX,ASW,CE,Towers with Radar,0,2,3,6,11,0,0,2,0,2,0,2,5,6,13,0,0,0,13
03/10/2013,AFW,TX,ASW,CE,Towers with Radar,1,2,3,1,7,0,0,1,0,1,1,2,4,1,8,16,0,16,24
03/11/2013,AFW,TX,ASW,CE,Towers with Radar,5,10,40,15,70,0,1,129,0,130,5,11,169,15,200,218,18,236,436
03/12/2013,AFW,TX,ASW,CE,Towers with Radar,26,12,42,6,86,0,0,144,5,149,26,12,186,11,235,198,10,208,443
03/13/2013,AFW,TX,ASW,CE,Towers with Radar,28,15,51,20,114,0,0,119,6,125,28,15,170,26,239,222,20,242,481
03/14/2013,AFW,TX,ASW,CE,Towers with Radar,23,11,66,5,105,0,0,150,5,155,23,11,216,10,260,252,14,266,526
03/15/2013,AFW,TX,ASW,CE,Towers with Radar,18,10,31,19,78,0,0,102,1,103,18,10,133,20,181,168,12,180,361
03/16/2013,AFW,TX,ASW,CE,Towers with Radar,0,1,15,29,45,0,0,43,3,46,0,1,58,32,91,64,16,80,171
03/17/2013,AFW,TX,ASW,CE,Towers with Radar,1,2,5,22,30,0,0,23,4,27,1,2,28,26,57,76,10,86,143
03/18/2013,AFW,TX,ASW,CE,Towers with Radar,6,3,44,25,78,0,2,115,2,119,6,5,159,27,197,186,30,216,413
03/19/2013,AFW,TX,ASW,CE,Towers with Radar,24,17,60,26,127,0,1,109,2,112,24,18,169,28,239,188,18,206,445
03/20/2013,AFW,TX,ASW,CE,Towers with Radar,23,19,56,37,135,0,0,137,7,144,23,19,193,44,279,252,76,328,607
03/21/2013,AFW,TX,ASW,CE,Towers with Radar,24,15,58,48,145,0,0,104,8,112,24,15,162,56,257,66,36,102,359
03/22/2013,AFW,TX,ASW,CE,Towers with Radar,26,10,65,12,113,0,0,21,0,21,26,10,86,12,134,30,0,30,164
03/23/2013,AFW,TX,ASW,CE,Towers with Radar,1,3,20,55,79,0,0,0,0,0,1,3,20,55,79,12,0,12,91
03/24/2013,AFW,TX,ASW,CE,Towers with Radar,0,1,8,15,24,0,0,24,4,28,0,1,32,19,52,36,20,56,108
03/25/2013,AFW,TX,ASW,CE,Towers with Radar,6,5,40,47,98,0,3,131,7,141,6,8,171,54,239,150,30,180,419
03/26/2013,AFW,TX,ASW,CE,Towers with Radar,26,19,61,40,146,0,1,143,8,152,26,20,204,48,298,254,24,278,576
03/27/2013,AFW,TX,ASW,CE,Towers with Radar,23,11,74,53,161,0,4,117,3,124,23,15,191,56,285,236,38,274,559
03/28/2013,AFW,TX,ASW,CE,Towers with Radar,25,9,71,49,154,0,0,98,3,101,25,9,169,52,255,320,32,352,607
03/29/2013,AFW,TX,ASW,CE,Towers with Radar,18,9,62,31,120,0,0,38,8,46,18,9,100,39,166,132,2,134,300
03/30/2013,AFW,TX,ASW,CE,Towers with Radar,0,3,7,1,11,0,0,21,0,21,0,3,28,1,32,60,0,60,92
03/31/2013,AFW,TX,ASW,CE,Towers with Radar,0,0,7,6,13,0,0,24,0,24,0,0,31,6,37,30,4,34,71
04/01/2013,AFW,TX,ASW,CE,Towers with Radar,5,4,22,29,60,0,3,132,5,140,5,7,154,34,200,238,22,260,460
04/02/2013,AFW,TX,ASW,CE,Towers with Radar,30,17,31,2,80,0,0,45,1,46,30,17,76,3,126,58,0,58,184
04/03/2013,AFW,TX,ASW,CE,Towers with Radar,44,16,97,1,158,0,0,5,0,5,44,16,102,1,163,0,0,0,163
04/04/2013,AFW,TX,ASW,CE,Towers with Radar,24,14,49,7,94,0,0,129,0,129,24,14,178,7,223,194,0,194,417
04/05/2013,AFW,TX,ASW,CE,Towers with Radar,19,13,60,10,102,0,0,140,8,148,19,13,200,18,250,206,36,242,492
04/06/2013,AFW,TX,ASW,CE,Towers with Radar,0,10,17,41,68,0,0,35,10,45,0,10,52,51,113,62,36,98,211
04/07/2013,AFW,TX,ASW,CE,Towers with Radar,0,0,10,27,37,0,0,23,0,23,0,0,33,27,60,84,8,92,152
04/08/2013,AFW,TX,ASW,CE,Towers with Radar,10,4,26,0,40,0,2,78,3,83,10,6,104,3,123,86,4,90,213
04/09/2013,AFW,TX,ASW,CE,Towers with Radar,24,16,69,12,121,0,0,74,1,75,24,16,143,13,196,102,8,110,306
04/10/2013,AFW,TX,ASW,CE,Towers with Radar,26,15,41,4,86,0,0,33,0,33,26,15,74,4,119,76,0,76,195
04/11/2013,AFW,TX,ASW,CE,Towers with Radar,34,16,61,16,127,0,1,111,3,115,34,17,172,19,242,248,4,252,494
04/12/2013,AFW,TX,ASW,CE,Towers with Radar,33,18,51,26,128,0,0,122,1,123,33,18,173,27,251,248,22,270,521
04/13/2013,AFW,TX,ASW,CE,Towers with Radar,2,11,66,28,107,0,26,46,1,73,2,37,112,29,180,84,8,92,272
04/14/2013,AFW,TX,ASW,CE,Towers with Radar,3,5,53,15,76,0,0,76,0,76,3,5,129,15,152,106,0,106,258
04/15/2013,AFW,TX,ASW,CE,Towers with Radar,5,10,31,6,52,0,1,89,1,91,5,11,120,7,143,208,12,220,363
04/16/2013,AFW,TX,ASW,CE,Towers with Radar,25,13,64,18,120,0,2,124,2,128,25,15,188,20,248,356,34,390,638
04/17/2013,AFW,TX,ASW,CE,Towers with Radar,25,12,57,32,126,0,5,64,0,69,25,17,121,32,195,98,8,106,301
04/18/2013,AFW,TX,ASW,CE,Towers with Radar,25,17,44,8,94,0,0,91,0,91,25,17,135,8,185,126,0,126,311
04/19/2013,AFW,TX,ASW,CE,Towers with Radar,21,13,54,29,117,0,1,127,2,130,21,14,181,31,247,202,22,224,471
04/20/2013,AFW,TX,ASW,CE,Towers with Radar,0,0,8,31,39,0,0,41,0,41,0,0,49,31,80,100,10,110,190
04/21/2013,AFW,TX,ASW,CE,Towers with Radar,0,1,14,9,24,0,0,59,4,63,0,1,73,13,87,118,0,118,205
04/22/2013,AFW,TX,ASW,CE,Towers with Radar,3,6,50,22,81,0,1,112,2,115,3,7,162,24,196,108,18,126,322
04/23/2013,AFW,TX,ASW,CE,Towers with Radar,26,15,56,7,104,0,0,57,1,58,26,15,113,8,162,12,14,26,188
04/24/2013,AFW,TX,ASW,CE,Towers with Radar,25,18,65,0,108,0,1,107,3,111,25,19,172,3,219,138,0,138,357
04/25/2013,AFW,TX,ASW,CE,Towers with Radar,25,14,83,0,122,0,0,26,0,26,25,14,109,0,148,34,0,34,182
04/26/2013,AFW,TX,ASW,CE,Towers with Radar,22,11,63,25,121,0,0,70,0,70,22,11,133,25,191,94,0,94,285
04/27/2013,AFW,TX,ASW,CE,Towers with Radar,0,0,17,47,64,0,0,19,0,19,0,0,36,47,83,56,28,84,167
04/28/2013,AFW,TX,ASW,CE,Towers with Radar,0,9,32,22,63,0,0,80,2,82,0,9,112,24,145,118,10,128,273
04/29/2013,AFW,TX,ASW,CE,Towers with Radar,12,10,28,13,63,0,4,123,6,133,12,14,151,19,196,162,26,188,384
04/30/2013,AFW,TX,ASW,CE,Towers with Radar,24,14,40,31,109,0,1,100,4,105,24,15,140,35,214,204,56,260,474
05/01/2013,AFW,TX,ASW,CE,Towers with Radar,24,19,74,23,140,0,1,89,4,94,24,20,163,27,234,116,16,132,366
05/02/2013,AFW,TX,ASW,CE,Towers with Radar,23,10,62,0,95,0,0,87,1,88,23,10,149,1,183,130,0,130,313
05/03/2013,AFW,TX,ASW,CE,Towers with Radar,19,16,58,27,120,0,1,100,5,106,19,17,158,32,226,78,24,102,328
05/04/2013,AFW,TX,ASW,CE,Towers with Radar,1,2,18,47,68,0,0,47,5,52,1,2,65,52,120,82,12,94,214
05/05/2013,AFW,TX,ASW,CE,Towers with Radar,1,3,37,18,59,0,0,54,5,59,1,3,91,23,118,162,12,174,292
05/06/2013,AFW,TX,ASW,CE,Towers with Radar,6,7,27,30,70,0,0,132,2,134,6,7,159,32,204,194,16,210,414
05/07/2013,AFW,TX,ASW,CE,Towers with Radar,27,17,64,30,138,0,0,168,1,169,27,17,232,31,307,380,28,408,715
05/08/2013,AFW,TX,ASW,CE,Towers with Radar,23,20,68,16,127,0,0,120,1,121,23,20,188,17,248,208,2,210,458
05/09/2013,AFW,TX,ASW,CE,Towers with Radar,23,15,22,14,74,0,0,47,1,48,23,15,69,15,122,20,2,22,144
05/10/2013,AFW,TX,ASW,CE,Towers with Radar,21,10,50,13,94,0,1,64,1,66,21,11,114,14,160,140,4,144,304
05/11/2013,AFW,TX,ASW,CE,Towers with Radar,0,5,28,19,52,0,0,66,1,67,0,5,94,20,119,170,12,182,301
05/12/2013,AFW,TX,ASW,CE,Towers with Radar,0,1,10,11,22,0,0,37,3,40,0,1,47,14,62,40,2,42,104
05/13/2013,AFW,TX,ASW,CE,Towers with Radar,6,5,30,54,95,0,0,113,4,117,6,5,143,58,212,180,50,230,442
05/14/2013,AFW,TX,ASW,CE,Towers with Radar,25,17,62,26,130,0,1,108,2,111,25,18,170,28,241,170,14,184,425
05/15/2013,AFW,TX,ASW,CE,Towers with Radar,22,13,53,7,95,0,2,61,2,65,22,15,114,9,160,116,2,118,278
05/16/2013,AFW,TX,ASW,CE,Towers with Radar,25,16,79,62,182,0,0,106,3,109,25,16,185,65,291,98,18,116,407
05/17/2013,AFW,TX,ASW,CE,Towers with Radar,20,10,41,11,82,0,0,81,10,91,20,10,122,21,173,52,18,70,243
05/18/2013,AFW,TX,ASW,CE,Towers with Radar,1,1,10,56,68,0,0,48,1,49,1,1,58,57,117,110,2,112,229
05/19/2013,AFW,TX,ASW,CE,Towers with Radar,0,12,14,16,42,0,0,17,5,22,0,12,31,21,64,22,0,22,86
05/20/2013,AFW,TX,ASW,CE,Towers with Radar,6,4,40,11,61,0,0,85,0,85,6,4,125,11,146,66,4,70,216
05/21/2013,AFW,TX,ASW,CE,Towers with Radar,23,18,36,3,80,0,1,67,0,68,23,19,103,3,148,78,0,78,226
05/22/2013,AFW,TX,ASW,CE,Towers with Radar,26,16,72,12,126,0,0,108,2,110,26,16,180,14,236,134,30,164,400
05/23/2013,AFW,TX,ASW,CE,Towers with Radar,27,13,99,16,155,0,0,98,7,105,27,13,197,23,260,106,2,108,368
05/24/2013,AFW,TX,ASW,CE,Towers with Radar,18,13,39,2,72,0,2,54,6,62,18,15,93,8,134,36,4,40,174
05/25/2013,AFW,TX,ASW,CE,Towers with Radar,0,6,15,2,23,0,0,36,2,38,0,6,51,4,61,122,12,134,195
05/26/2013,AFW,TX,ASW,CE,Towers with Radar,0,0,6,0,6,0,0,16,0,16,0,0,22,0,22,80,0,80,102
05/27/2013,AFW,TX,ASW,CE,Towers with Radar,0,4,14,1,19,0,0,34,0,34,0,4,48,1,53,112,0,112,165
05/28/2013,AFW,TX,ASW,CE,Towers with Radar,4,3,26,43,76,0,2,51,2,55,4,5,77,45,131,52,48,100,231
05/29/2013,AFW,TX,ASW,CE,Towers with Radar,25,16,50,10,101,0,3,72,0,75,25,19,122,10,176,124,4,128,304
05/30/2013,AFW,TX,ASW,CE,Towers with Radar,24,14,69,22,129,0,1,63,4,68,24,15,132,26,197,124,14,138,335
05/31/2013,AFW,TX,ASW,CE,Towers with Radar,20,10,67,25,122,0,5,89,1,95,20,15,156,26,217,90,0,90,307
06/01/2013,AFW,TX,ASW,CE,Towers with Radar,0,1,11,22,34,0,0,30,1,31,0,1,41,23,65,132,6,138,203
06/02/2013,AFW,TX,ASW,CE,Towers with Radar,2,2,17,2,23,0,1,46,1,48,2,3,63,3,71,113,0,113,184
06/03/2013,AFW,TX,ASW,CE,Towers with Radar,4,5,30,24,63,0,2,120,1,123,4,7,150,25,186,202,46,248,434
06/04/2013,AFW,TX,ASW,CE,Towers with Radar,26,14,55,9,104,0,2,106,4,112,26,16,161,13,216,162,12,174,390
06/05/2013,AFW,TX,ASW,CE,Towers with Radar,24,21,71,18,134,0,5,138,5,148,24,26,209,23,282,278,18,296,578
06/06/2013,AFW,TX,ASW,CE,Towers with Radar,29,16,49,2,96,0,3,89,0,92,29,19,138,2,188,150,0,150,338
06/07/2013,AFW,TX,ASW,CE,Towers with Radar,18,17,57,12,104,0,6,106,0,112,18,23,163,12,216,218,2,220,436
06/08/2013,AFW,TX,ASW,CE,Towers with Radar,2,5,27,28,62,0,2,52,4,58,2,7,79,32,120,158,8,166,286
06/09/2013,AFW,TX,ASW,CE,Towers with Radar,5,4,22,3,34,0,0,30,3,33,5,4,52,6,67,81,0,81,148
06/10/2013,AFW,TX,ASW,CE,Towers with Radar,8,5,19,3,35,0,3,101,4,108,8,8,120,7,143,108,28,136,279
06/11/2013,AFW,TX,ASW,CE,Towers with Radar,22,19,53,6,100,0,1,146,1,148,22,20,199,7,248,274,12,286,534
06/12/2013,AFW,TX,ASW,CE,Towers with Radar,24,16,61,11,112,0,0,105,2,107,24,16,166,13,219,118,20,138,357
06/13/2013,AFW,TX,ASW,CE,Towers with Radar,23,17,79,28,147,0,1,120,1,122,23,18,199,29,269,164,6,170,439
06/14/2013,AFW,TX,ASW,CE,Towers with Radar,21,11,53,27,112,0,7,150,5,162,21,18,203,32,274,144,10,154,428
06/15/2013,AFW,TX,ASW,CE,Towers with Radar,1,0,12,5,18,0,0,35,1,36,1,0,47,6,54,30,2,32,86
06/16/2013,AFW,TX,ASW,CE,Towers with Radar,1,2,2,3,8,0,0,19,0,19,1,2,21,3,27,52,2,54,81
06/17/2013,AFW,TX,ASW,CE,Towers with Radar,7,3,40,8,58,0,2,87,2,91,7,5,127,10,149,184,4,188,337
06/18/2013,AFW,TX,ASW,CE,Towers with Radar,26,14,65,30,135,0,2,121,1,124,26,16,186,31,259,219,6,225,484
06/19/2013,AFW,TX,ASW,CE,Towers with Radar,25,17,72,15,129,0,0,118,4,122,25,17,190,19,251,244,12,256,507
06/20/2013,AFW,TX,ASW,CE,Towers with Radar,24,15,44,31,114,0,0,149,6,155,24,15,193,37,269,314,60,374,643
06/21/2013,AFW,TX,ASW,CE,Towers with Radar,19,11,50,27,107,0,0,129,5,134,19,11,179,32,241,266,14,280,521
06/22/2013,AFW,TX,ASW,CE,Towers with Radar,0,1,18,12,31,0,0,43,2,45,0,1,61,14,76,108,28,136,212
06/23/2013,AFW,TX,ASW,CE,Towers with Radar,0,1,13,8,22,0,0,40,2,42,0,1,53,10,64,128,0,128,192
06/24/2013,AFW,TX,ASW,CE,Towers with Radar,3,4,34,59,100,0,0,95,2,97,3,4,129,61,197,96,22,118,315
06/25/2013,AFW,TX,ASW,CE,Towers with Radar,28,14,44,29,115,0,2,103,1,106,28,16,147,30,221,174,28,202,423
06/26/2013,AFW,TX,ASW,CE,Towers with Radar,24,13,53,40,130,0,8,114,3,125,24,21,167,43,255,218,50,268,523
06/27/2013,AFW,TX,ASW,CE,Towers with Radar,26,12,54,41,133,0,0,142,5,147,26,12,196,46,280,190,38,228,508
06/28/2013,AFW,TX,ASW,CE,Towers with Radar,21,7,45,19,92,0,6,92,1,99,21,13,137,20,191,112,8,120,311
06/29/2013,AFW,TX,ASW,CE,Towers with Radar,0,1,17,8,26,0,0,49,2,51,0,1,66,10,77,96,18,114,191
06/30/2013,AFW,TX,ASW,CE,Towers with Radar,0,2,11,17,30,0,1,32,0,33,0,3,43,17,63,64,2,66,129
07/01/2013,AFW,TX,ASW,CE,Towers with Radar,7,1,31,11,50,0,0,60,5,65,7,1,91,16,115,110,28,138,253
07/02/2013,AFW,TX,ASW,CE,Towers with Radar,25,12,43,28,108,0,5,76,1,82,25,17,119,29,190,130,20,150,340
07/03/2013,AFW,TX,ASW,CE,Towers with Radar,27,12,30,15,84,0,0,65,3,68,27,12,95,18,152,216,14,230,382
07/04/2013,AFW,TX,ASW,CE,Towers with Radar,6,4,7,0,17,0,0,30,0,30,6,4,37,0,47,24,0,24,71
07/05/2013,AFW,TX,ASW,CE,Towers with Radar,14,5,11,0,30,0,0,30,1,31,14,5,41,1,61,74,0,74,135
07/06/2013,AFW,TX,ASW,CE,Towers with Radar,0,0,18,0,18,0,1,36,2,39,0,1,54,2,57,58,0,58,115
07/07/2013,AFW,TX,ASW,CE,Towers with Radar,0,4,7,0,11,0,0,51,0,51,0,4,58,0,62,80,0,80,142
07/08/2013,AFW,TX,ASW,CE,Towers with Radar,5,5,23,24,57,0,0,62,1,63,5,5,85,25,120,98,40,138,258
07/09/2013,AFW,TX,ASW,CE,Towers with Radar,24,19,41,29,113,0,3,82,8,93,24,22,123,37,206,118,78,196,402
07/10/2013,AFW,TX,ASW,CE,Towers with Radar,30,19,63,13,125,0,2,135,8,145,30,21,198,21,270,222,32,254,524
07/11/2013,AFW,TX,ASW,CE,Towers with Radar,32,20,37,35,124,0,8,143,2,153,32,28,180,37,277,230,42,272,549
07/12/2013,AFW,TX,ASW,CE,Towers with Radar,19,17,23,45,104,0,2,127,1,130,19,19,150,46,234,208,4,212,446
07/13/2013,AFW,TX,ASW,CE,Towers with Radar,0,2,14,32,48,0,0,31,0,31,0,2,45,32,79,108,16,124,203
07/14/2013,AFW,TX,ASW,CE,Towers with Radar,0,3,24,5,32,0,0,1,0,1,0,3,25,5,33,0,0,0,33
07/15/2013,AFW,TX,ASW,CE,Towers with Radar,6,5,59,0,70,0,0,33,0,33,6,5,92,0,103,112,0,112,215
07/16/2013,AFW,TX,ASW,CE,Towers with Radar,32,15,63,12,122,0,0,21,0,21,32,15,84,12,143,52,26,78,221
07/17/2013,AFW,TX,ASW,CE,Towers with Radar,23,20,56,35,134,0,0,87,2,89,23,20,143,37,223,188,38,226,449
07/18/2013,AFW,TX,ASW,CE,Towers with Radar,24,20,68,66,178,0,0,105,6,111,24,20,173,72,289,246,44,290,579
07/19/2013,AFW,TX,ASW,CE,Towers with Radar,25,13,41,29,108,0,2,130,6,138,25,15,171,35,246,222,4,226,472
07/20/2013,AFW,TX,ASW,CE,Towers with Radar,0,0,28,16,44,0,1,55,2,58,0,1,83,18,102,96,10,106,208
07/21/2013,AFW,TX,ASW,CE,Towers with Radar,1,2,21,22,46,0,1,42,2,45,1,3,63,24,91,126,6,132,223
07/22/2013,AFW,TX,ASW,CE,Towers with Radar,5,5,29,31,70,0,0,87,1,88,5,5,116,32,158,138,12,150,308
07/23/2013,AFW,TX,ASW,CE,Towers with Radar,27,16,54,28,125,0,0,98,9,107,27,16,152,37,232,166,28,194,426
07/24/2013,AFW,TX,ASW,CE,Towers with Radar,28,18,64,26,136,0,0,88,5,93,28,18,152,31,229,158,6,164,393
07/25/2013,AFW,TX,ASW,CE,Towers with Radar,25,11,60,37,133,0,1,135,2,138,25,12,195,39,271,242,0,242,513
07/26/2013,AFW,TX,ASW,CE,Towers with Radar,18,11,22,18,69,0,0,75,4,79,18,11,97,22,148,50,34,84,232
07/27/2013,AFW,TX,ASW,CE,Towers with Radar,0,6,23,26,55,0,0,43,4,47,0,6,66,30,102,72,36,108,210
07/28/2013,AFW,TX,ASW,CE,Towers with Radar,0,6,16,17,39,0,0,36,5,41,0,6,52,22,80,54,6,60,140
07/29/2013,AFW,TX,ASW,CE,Towers with Radar,5,5,39,49,98,0,0,90,9,99,5,5,129,58,197,32,46,78,275
07/30/2013,AFW,TX,ASW,CE,Towers with Radar,28,11,74,48,161,0,0,116,8,124,28,11,190,56,285,92,60,152,437
07/31/2013,AFW,TX,ASW,CE,Towers with Radar,25,17,68,36,146,0,4,124,19,147,25,21,192,55,293,136,34,170,463
08/01/2013,AFW,TX,ASW,CE,Towers with Radar,26,18,63,25,132,0,1,89,17,107,26,19,152,42,239,104,74,178,417
08/02/2013,AFW,TX,ASW,CE,Towers with Radar,21,15,57,61,154,0,0,80,25,105,21,15,137,86,259,78,48,126,385
08/03/2013,AFW,TX,ASW,CE,Towers with Radar,1,7,14,43,65,0,0,49,22,71,1,7,63,65,136,56,88,144,280
08/04/2013,AFW,TX,ASW,CE,Towers with Radar,0,3,17,46,66,0,0,30,1,31,0,3,47,47,97,50,8,58,155
08/05/2013,AFW,TX,ASW,CE,Towers with Radar,4,5,22,46,77,0,0,88,17,105,4,5,110,63,182,60,52,112,294
08/06/2013,AFW,TX,ASW,CE,Towers with Radar,27,12,42,62,143,0,0,95,21,116,27,12,137,83,259,80,58,138,397
08/07/2013,AFW,TX,ASW,CE,Towers with Radar,24,13,64,30,131,0,0,101,18,119,24,13,165,48,250,112,32,144,394
08/08/2013,AFW,TX,ASW,CE,Towers with Radar,26,13,57,34,130,0,0,103,0,103,26,13,160,34,233,50,20,70,303
08/09/2013,AFW,TX,ASW,CE,Towers with Radar,26,14,30,28,98,0,0,77,1,78,26,14,107,29,176,46,28,74,250
08/10/2013,AFW,TX,ASW,CE,Towers with Radar,0,3,20,71,94,0,0,30,0,30,0,3,50,71,124,64,48,112,236
08/11/2013,AFW,TX,ASW,CE,Towers with Radar,4,3,10,36,53,0,0,8,3,11,4,3,18,39,64,18,0,18,82
08/12/2013,AFW,TX,ASW,CE,Towers with Radar,4,3,21,44,72,0,4,102,19,125,4,7,123,63,197,68,34,102,299
08/13/2013,AFW,TX,ASW,CE,Towers with Radar,31,14,43,15,103,0,3,108,18,129,31,17,151,33,232,64,18,82,314
08/14/2013,AFW,TX,ASW,CE,Towers with Radar,22,18,59,20,119,0,0,85,10,95,22,18,144,30,214,74,26,100,314
08/15/2013,AFW,TX,ASW,CE,Towers with Radar,26,14,56,79,175,0,1,107,18,126,26,15,163,97,301,134,70,204,505
08/16/2013,AFW,TX,ASW,CE,Towers with Radar,23,11,37,23,94,0,1,71,2,74,23,12,108,25,168,52,6,58,226
08/17/2013,AFW,TX,ASW,CE,Towers with Radar,1,1,17,40,59,0,0,27,2,29,1,1,44,42,88,44,18,62,150
08/18/2013,AFW,TX,ASW,CE,Towers with Radar,0,7,12,22,41,0,0,26,1,27,0,7,38,23,68,66,4,70,138
08/19/2013,AFW,TX,ASW,CE,Towers with Radar,5,10,21,45,81,0,0,74,20,94,5,10,95,65,175,66,50,116,291
08/20/2013,AFW,TX,ASW,CE,Towers with Radar,25,21,55,37,138,0,1,102,21,124,25,22,157,58,262,94,122,216,478
08/21/2013,AFW,TX,ASW,CE,Towers with Radar,24,16,52,34,126,0,0,135,22,157,24,16,187,56,283,68,98,166,449
08/22/2013,AFW,TX,ASW,CE,Towers with Radar,25,16,74,10,125,0,4,165,19,188,25,20,239,29,313,134,42,176,489
08/23/2013,AFW,TX,ASW,CE,Towers with Radar,19,14,41,82,156,0,0,116,28,144,19,14,157,110,300,132,24,156,456
08/24/2013,AFW,TX,ASW,CE,Towers with Radar,4,4,18,42,68,0,2,44,7,53,4,6,62,49,121,130,22,152,273
08/25/2013,AFW,TX,ASW,CE,Towers with Radar,0,1,10,18,29,0,0,12,3,15,0,1,22,21,44,18,4,22,66
08/26/2013,AFW,TX,ASW,CE,Towers with Radar,6,7,39,22,74,0,0,66,18,84,6,7,105,40,158,84,64,148,306
08/27/2013,AFW,TX,ASW,CE,Towers with Radar,27,18,46,54,145,0,0,112,10,122,27,18,158,64,267,200,24,224,491
08/28/2013,AFW,TX,ASW,CE,Towers with Radar,23,11,35,36,105,0,0,121,29,150,23,11,156,65,255,114,72,186,441
08/29/2013,AFW,TX,ASW,CE,Towers with Radar,25,23,36,36,120,0,0,112,43,155,25,23,148,79,275,78,50,128,403
08/30/2013,AFW,TX,ASW,CE,Towers with Radar,21,9,27,32,89,0,0,108,18,126,21,9,135,50,215,102,6,108,323
08/31/2013,AFW,TX,ASW,CE,Towers with Radar,0,1,15,0,16,0,0,31,0,31,0,1,46,0,47,46,0,46,93
09/01/2013,AFW,TX,ASW,CE,Towers with Radar,0,1,6,0,7,0,0,19,0,19,0,1,25,0,26,4,0,4,30
09/02/2013,AFW,TX,ASW,CE,Towers with Radar,0,0,5,3,8,0,1,21,1,23,0,1,26,4,31,16,0,16,47
09/03/2013,AFW,TX,ASW,CE,Towers with Radar,8,6,13,12,39,0,0,47,3,50,8,6,60,15,89,27,14,41,130
09/04/2013,AFW,TX,ASW,CE,Towers with Radar,25,12,21,54,112,0,0,79,32,111,25,12,100,86,223,64,46,110,333
09/05/2013,AFW,TX,ASW,CE,Towers with Radar,23,14,24,50,111,0,3,73,30,106,23,17,97,80,217,108,24,132,349
09/06/2013,AFW,TX,ASW,CE,Towers with Radar,18,9,36,87,150,0,0,55,20,75,18,9,91,107,225,28,38,66,291
09/07/2013,AFW,TX,ASW,CE,Towers with Radar,0,2,13,55,70,0,0,40,2,42,0,2,53,57,112,110,26,136,248
09/08/2013,AFW,TX,ASW,CE,Towers with Radar,0,3,23,16,42,0,0,46,3,49,0,3,69,19,91,106,0,106,197
09/09/2013,AFW,TX,ASW,CE,Towers with Radar,6,9,28,37,80,0,0,91,10,101,6,9,119,47,181,116,2,118,299
09/10/2013,AFW,TX,ASW,CE,Towers with Radar,23,16,25,79,143,0,1,85,43,129,23,17,110,122,272,74,42,116,388
09/11/2013,AFW,TX,ASW,CE,Towers with Radar,25,17,29,64,135,0,0,100,39,139,25,17,129,103,274,118,26,144,418
09/12/2013,AFW,TX,ASW,CE,Towers with Radar,24,18,43,55,140,0,0,97,35,132,24,18,140,90,272,138,20,158,430
09/13/2013,AFW,TX,ASW,CE,Towers with Radar,18,10,25,70,123,0,2,69,36,107,18,12,94,106,230,104,34,138,368
09/14/2013,AFW,TX,ASW,CE,Towers with Radar,1,3,8,46,58,0,0,18,3,21,1,3,26,49,79,46,22,68,147
09/15/2013,AFW,TX,ASW,CE,Towers with Radar,1,4,15,15,35,0,0,24,2,26,1,4,39,17,61,86,0,86,147
09/16/2013,AFW,TX,ASW,CE,Towers with Radar,6,5,19,67,97,0,0,68,20,88,6,5,87,87,185,94,24,118,303
09/17/2013,AFW,TX,ASW,CE,Towers with Radar,24,20,30,83,157,0,4,114,31,149,24,24,144,114,306,162,48,210,516
09/18/2013,AFW,TX,ASW,CE,Towers with Radar,23,16,40,75,154,0,1,82,23,106,23,17,122,98,260,208,60,268,528
09/19/2013,AFW,TX,ASW,CE,Towers with Radar,26,20,23,44,113,0,1,78,33,112,26,21,101,77,225,96,30,126,351
09/20/2013,AFW,TX,ASW,CE,Towers with Radar,19,8,41,12,80,0,0,8,1,9,19,8,49,13,89,2,0,2,91
09/21/2013,AFW,TX,ASW,CE,Towers with Radar,1,2,17,10,30,0,0,44,2,46,1,2,61,12,76,90,0,90,166
09/22/2013,AFW,TX,ASW,CE,Towers with Radar,0,2,8,10,20,0,0,37,2,39,0,2,45,12,59,168,2,170,229
09/23/2013,AFW,TX,ASW,CE,Towers with Radar,5,3,15,26,49,0,2,86,22,110,5,5,101,48,159,168,26,194,353
09/24/2013,AFW,TX,ASW,CE,Towers with Radar,25,18,32,44,119,0,2,100,33,135,25,20,132,77,254,170,48,218,472
09/25/2013,AFW,TX,ASW,CE,Towers with Radar,25,16,29,41,111,0,1,118,37,156,25,17,147,78,267,268,42,310,577
09/26/2013,AFW,TX,ASW,CE,Towers with Radar,23,11,16,33,83,0,3,75,33,111,23,14,91,66,194,130,30,160,354
09/27/2013,AFW,TX,ASW,CE,Towers with Radar,19,19,27,30,95,0,0,73,36,109,19,19,100,66,204,108,32,140,344
09/28/2013,AFW,TX,ASW,CE,Towers with Radar,3,2,6,0,11,0,0,2,0,2,3,2,8,0,13,8,0,8,21
09/29/2013,AFW,TX,ASW,CE,Towers with Radar,0,4,13,6,23,0,0,43,0,43,0,4,56,6,66,106,4,110,176
09/30/2013,AFW,TX,ASW,CE,Towers with Radar,5,9,17,33,64,0,0,94,2,96,5,9,111,35,160,96,4,100,260
10/01/2013,AFW,TX,ASW,CE,Towers with Radar,25,15,16,25,81,0,0,69,5,74,25,15,85,30,155,91,26,117,272
10/02/2013,AFW,TX,ASW,CE,Towers with Radar,24,15,23,23,85,0,0,51,1,52,24,15,74,24,137,26,20,46,183
10/03/2013,AFW,TX,ASW,CE,Towers with Radar,21,19,15,38,93,0,0,86,2,88,21,19,101,40,181,72,42,114,295
10/04/2013,AFW,TX,ASW,CE,Towers with Radar,17,13,29,68,127,0,0,76,0,76,17,13,105,68,203,33,24,57,260
10/05/2013,AFW,TX,ASW,CE,Towers with Radar,0,6,24,0,30,0,1,12,0,13,0,7,36,0,43,22,0,22,65
10/06/2013,AFW,TX,ASW,CE,Towers with Radar,2,5,22,0,29,0,0,26,0,26,2,5,48,0,55,42,0,42,97
10/07/2013,AFW,TX,ASW,CE,Towers with Radar,5,3,13,22,43,0,1,83,1,85,5,4,96,23,128,172,26,198,326
10/08/2013,AFW,TX,ASW,CE,Towers with Radar,23,17,22,24,86,0,0,110,7,117,23,17,132,31,203,292,18,310,513
10/09/2013,AFW,TX,ASW,CE,Towers with Radar,22,16,24,6,68,0,2,108,0,110,22,18,132,6,178,202,6,208,386
10/10/2013,AFW,TX,ASW,CE,Towers with Radar,23,14,24,19,80,0,0,134,3,137,23,14,158,22,217,194,14,208,425
10/11/2013,AFW,TX,ASW,CE,Towers with Radar,19,12,40,22,93,0,0,94,0,94,19,12,134,22,187,118,0,118,305
10/12/2013,AFW,TX,ASW,CE,Towers with Radar,0,0,19,0,19,0,0,25,0,25,0,0,44,0,44,44,0,44,88
10/13/2013,AFW,TX,ASW,CE,Towers with Radar,1,0,27,0,28,0,0,5,0,5,1,0,32,0,33,0,0,0,33
10/14/2013,AFW,TX,ASW,CE,Towers with Radar,7,4,27,18,56,0,0,33,0,33,7,4,60,18,89,0,0,0,89
10/15/2013,AFW,TX,ASW,CE,Towers with Radar,26,13,41,2,82,0,0,36,0,36,26,13,77,2,118,0,0,0,118
10/16/2013,AFW,TX,ASW,CE,Towers with Radar,23,20,21,5,69,0,0,146,0,146,23,20,167,5,215,150,10,160,375
10/17/2013,AFW,TX,ASW,CE,Towers with Radar,22,25,22,14,83,0,0,156,10,166,22,25,178,24,249,151,10,161,410
10/18/2013,AFW,TX,ASW,CE,Towers with Radar,19,12,9,1,41,0,0,55,2,57,19,12,64,3,98,44,0,44,142
10/19/2013,AFW,TX,ASW,CE,Towers with Radar,0,3,1,0,4,0,0,35,8,43,0,3,36,8,47,30,10,40,87
10/20/2013,AFW,TX,ASW,CE,Towers with Radar,0,1,4,0,5,0,3,26,3,32,0,4,30,3,37,6,0,6,43
10/21/2013,AFW,TX,ASW,CE,Towers with Radar,4,3,24,49,80,0,1,109,6,116,4,4,133,55,196,178,52,230,426
10/22/2013,AFW,TX,ASW,CE,Towers with Radar,25,14,22,54,115,0,0,97,11,108,25,14,119,65,223,128,2,130,353
10/23/2013,AFW,TX,ASW,CE,Towers with Radar,22,13,23,52,110,0,0,101,14,115,22,13,124,66,225,164,32,196,421
10/24/2013,AFW,TX,ASW,CE,Towers with Radar,22,14,24,7,67,0,0,105,5,110,22,14,129,12,177,132,6,138,315
10/25/2013,AFW,TX,ASW,CE,Towers with Radar,19,7,19,40,85,0,0,93,2,95,19,7,112,42,180,156,20,176,356
10/26/2013,AFW,TX,ASW,CE,Towers with Radar,0,1,24,25,50,0,0,12,0,12,0,1,36,25,62,50,4,54,116
10/27/2013,AFW,TX,ASW,CE,Towers with Radar,0,7,9,19,35,0,0,7,0,7,0,7,16,19,42,22,20,42,84
10/28/2013,AFW,TX,ASW,CE,Towers with Radar,4,11,24,22,61,0,3,54,5,62,4,14,78,27,123,46,2,48,171
10/29/2013,AFW,TX,ASW,CE,Towers with Radar,23,24,61,93,201,0,2,79,10,91,23,26,140,103,292,118,46,164,456
10/30/2013,AFW,TX,ASW,CE,Towers with Radar,25,13,60,34,132,0,0,17,0,17,25,13,77,34,149,0,0,0,149
10/31/2013,AFW,TX,ASW,CE,Towers with Radar,32,21,44,13,110,0,1,83,16,100,32,22,127,29,210,24,24,48,258
11/01/2013,AFW,TX,ASW,CE,Towers with Radar,21,11,52,50,134,0,3,125,11,139,21,14,177,61,273,98,22,120,393
11/02/2013,AFW,TX,ASW,CE,Towers with Radar,3,8,32,20,63,0,1,56,4,61,3,9,88,24,124,130,6,136,260
11/03/2013,AFW,TX,ASW,CE,Towers with Radar,2,12,82,16,112,0,1,45,0,46,2,13,127,16,158,50,4,54,212
11/04/2013,AFW,TX,ASW,CE,Towers with Radar,8,12,17,28,65,0,0,34,5,39,8,12,51,33,104,0,0,0,104
11/05/2013,AFW,TX,ASW,CE,Towers with Radar,27,14,23,49,113,0,0,19,0,19,27,14,42,49,132,0,0,0,132
11/06/2013,AFW,TX,ASW,CE,Towers with Radar,25,15,38,70,148,0,1,69,14,84,25,16,107,84,232,24,26,50,282
11/07/2013,AFW,TX,ASW,CE,Towers with Radar,25,18,41,51,135,0,1,120,24,145,25,19,161,75,280,146,60,206,486
11/08/2013,AFW,TX,ASW,CE,Towers with Radar,21,12,40,28,101,0,0,121,2,123,21,12,161,30,224,96,16,112,336
11/09/2013,AFW,TX,ASW,CE,Towers with Radar,0,2,9,35,46,0,2,44,5,51,0,4,53,40,97,70,20,90,187
11/10/2013,AFW,TX,ASW,CE,Towers with Radar,1,3,13,12,29,0,1,37,2,40,1,4,50,14,69,128,0,128,197
11/11/2013,AFW,TX,ASW,CE,Towers with Radar,6,6,20,1,33,0,0,91,0,91,6,6,111,1,124,158,0,158,282
11/12/2013,AFW,TX,ASW,CE,Towers with Radar,26,19,22,27,94,0,1,52,6,59,26,20,74,33,153,48,14,62,215
11/13/2013,AFW,TX,ASW,CE,Towers with Radar,24,20,57,27,128,0,0,177,10,187,24,20,234,37,315,202,22,224,539
11/14/2013,AFW,TX,ASW,CE,Towers with Radar,26,23,63,34,146,0,3,152,4,159,26,26,215,38,305,116,10,126,431
11/15/2013,AFW,TX,ASW,CE,Towers with Radar,21,11,31,28,91,0,0,102,6,108,21,11,133,34,199,90,14,104,303
11/16/2013,AFW,TX,ASW,CE,Towers with Radar,0,0,17,56,73,0,0,16,0,16,0,0,33,56,89,28,0,28,117
11/17/2013,AFW,TX,ASW,CE,Towers with Radar,0,2,17,15,34,0,0,30,3,33,0,2,47,18,67,54,0,54,121
11/18/2013,AFW,TX,ASW,CE,Towers with Radar,6,8,15,31,60,0,0,96,7,103,6,8,111,38,163,88,32,120,283
11/19/2013,AFW,TX,ASW,CE,Towers with Radar,28,17,60,36,141,0,1,110,8,119,28,18,170,44,260,122,36,158,418
11/20/2013,AFW,TX,ASW,CE,Towers with Radar,26,15,58,9,108,0,0,116,5,121,26,15,174,14,229,160,10,170,399
11/21/2013,AFW,TX,ASW,CE,Towers with Radar,25,16,48,24,113,0,0,37,0,37,25,16,85,24,150,0,0,0,150
11/22/2013,AFW,TX,ASW,CE,Towers with Radar,23,10,15,8,56,0,0,29,0,29,23,10,44,8,85,4,0,4,89
11/23/2013,AFW,TX,ASW,CE,Towers with Radar,3,2,4,0,9,0,0,1,0,1,3,2,5,0,10,0,0,0,10
11/24/2013,AFW,TX,ASW,CE,Towers with Radar,0,0,4,0,4,0,0,2,0,2,0,0,6,0,6,2,0,2,8
11/25/2013,AFW,TX,ASW,CE,Towers with Radar,5,2,4,0,11,0,0,0,0,0,5,2,4,0,11,0,0,0,11
11/26/2013,AFW,TX,ASW,CE,Towers with Radar,31,16,20,13,80,0,2,26,2,30,31,18,46,15,110,32,2,34,144
11/27/2013,AFW,TX,ASW,CE,Towers with Radar,28,22,30,12,92,0,0,42,0,42,28,22,72,12,134,156,22,178,312
11/28/2013,AFW,TX,ASW,CE,Towers with Radar,8,0,5,0,13,0,0,11,0,11,8,0,16,0,24,22,0,22,46
11/29/2013,AFW,TX,ASW,CE,Towers with Radar,13,6,7,0,26,0,0,25,0,25,13,6,32,0,51,28,0,28,79
11/30/2013,AFW,TX,ASW,CE,Towers with Radar,0,3,16,0,19,0,0,31,0,31,0,3,47,0,50,56,0,56,106
12/01/2013,AFW,TX,ASW,CE,Towers with Radar,0,0,19,0,19,0,0,24,0,24,0,0,43,0,43,56,0,56,99
12/02/2013,AFW,TX,ASW,CE,Towers with Radar,7,13,17,32,69,0,2,46,7,55,7,15,63,39,124,38,26,64,188
12/03/2013,AFW,TX,ASW,CE,Towers with Radar,41,28,58,21,148,0,0,130,2,132,41,28,188,23,280,188,18,206,486
12/04/2013,AFW,TX,ASW,CE,Towers with Radar,45,17,53,7,122,0,0,127,2,129,45,17,180,9,251,146,6,152,403
12/05/2013,AFW,TX,ASW,CE,Towers with Radar,35,12,25,1,73,0,1,49,0,50,35,13,74,1,123,38,0,38,161
12/06/2013,AFW,TX,ASW,CE,Towers with Radar,0,0,0,0,0,0,0,0,0,0,0,0,0,0,0,0,0,0,0
12/07/2013,AFW,TX,ASW,CE,Towers with Radar,0,0,2,0,2,0,0,1,0,1,0,0,3,0,3,0,0,0,3
12/08/2013,AFW,TX,ASW,CE,Towers with Radar,1,0,3,0,4,0,0,0,0,0,1,0,3,0,4,0,0,0,4
12/09/2013,AFW,TX,ASW,CE,Towers with Radar,11,5,26,7,49,0,0,35,0,35,11,5,61,7,84,48,24,72,156
12/10/2013,AFW,TX,ASW,CE,Towers with Radar,45,15,42,32,134,0,2,86,9,97,45,17,128,41,231,100,74,174,405
12/11/2013,AFW,TX,ASW,CE,Towers with Radar,47,18,54,35,154,0,0,117,4,121,47,18,171,39,275,144,26,170,445
12/12/2013,AFW,TX,ASW,CE,Towers with Radar,42,24,48,21,135,0,0,133,5,138,42,24,181,26,273,128,2,130,403
12/13/2013,AFW,TX,ASW,CE,Towers with Radar,37,21,50,23,131,0,0,83,0,83,37,21,133,23,214,10,0,10,224
12/14/2013,AFW,TX,ASW,CE,Towers with Radar,8,5,18,54,85,0,0,20,2,22,8,5,38,56,107,56,22,78,185
12/15/2013,AFW,TX,ASW,CE,Towers with Radar,0,4,19,6,29,0,0,46,16,62,0,4,65,22,91,134,16,150,241
12/16/2013,AFW,TX,ASW,CE,Towers with Radar,8,7,13,51,79,0,0,96,4,100,8,7,109,55,179,112,22,134,313
12/17/2013,AFW,TX,ASW,CE,Towers with Radar,48,19,58,31,156,0,2,152,9,163,48,21,210,40,319,146,34,180,499
12/18/2013,AFW,TX,ASW,CE,Towers with Radar,42,24,46,20,132,0,1,127,4,132,42,25,173,24,264,88,36,124,388
12/19/2013,AFW,TX,ASW,CE,Towers with Radar,45,15,54,13,127,0,0,66,5,71,45,15,120,18,198,48,16,64,262
12/20/2013,AFW,TX,ASW,CE,Towers with Radar,46,15,43,9,113,0,0,33,0,33,46,15,76,9,146,40,10,50,196
12/21/2013,AFW,TX,ASW,CE,Towers with Radar,34,7,4,0,45,0,0,0,0,0,34,7,4,0,45,0,0,0,45
12/22/2013,AFW,TX,ASW,CE,Towers with Radar,6,0,0,0,6,0,0,15,0,15,6,0,15,0,21,48,0,48,69
12/23/2013,AFW,TX,ASW,CE,Towers with Radar,11,3,15,18,47,0,1,58,0,59,11,4,73,18,106,148,4,152,258
12/24/2013,AFW,TX,ASW,CE,Towers with Radar,34,12,9,0,55,0,0,30,0,30,34,12,39,0,85,76,0,76,161
12/25/2013,AFW,TX,ASW,CE,Towers with Radar,0,0,1,0,1,0,0,8,0,8,0,0,9,0,9,0,0,0,9
12/26/2013,AFW,TX,ASW,CE,Towers with Radar,1,0,15,3,19,0,0,19,0,19,1,0,34,3,38,38,2,40,78
12/27/2013,AFW,TX,ASW,CE,Towers with Radar,0,2,21,0,23,0,0,43,0,43,0,2,64,0,66,16,0,16,82
12/28/2013,AFW,TX,ASW,CE,Towers with Radar,0,4,11,0,15,0,0,49,0,49,0,4,60,0,64,34,0,34,98
12/29/2013,AFW,TX,ASW,CE,Towers with Radar,0,2,13,0,15,0,0,2,0,2,0,2,15,0,17,2,0,2,19
12/30/2013,AFW,TX,ASW,CE,Towers with Radar,6,8,15,7,36,0,0,41,2,43,6,8,56,9,79,128,2,130,209
12/31/2013,AFW,TX,ASW,CE,Towers with Radar,18,10,10,0,38,0,0,46,0,46,18,10,56,0,84,114,0,114,198
01/01/2014,AFW,TX,ASW,CE,Towers with Radar,0,6,6,0,12,0,0,25,0,25,0,6,31,0,37,78,0,78,115
01/02/2014,AFW,TX,ASW,CE,Towers with Radar,3,4,23,12,42,0,0,42,0,42,3,4,65,12,84,74,0,74,158
01/03/2014,AFW,TX,ASW,CE,Towers with Radar,19,8,27,50,104,0,0,59,4,63,19,8,86,54,167,50,42,92,259
01/04/2014,AFW,TX,ASW,CE,Towers with Radar,0,2,22,4,28,0,0,25,4,29,0,2,47,8,57,44,6,50,107
01/05/2014,AFW,TX,ASW,CE,Towers with Radar,0,3,8,3,14,0,0,5,2,7,0,3,13,5,21,0,0,0,21
01/06/2014,AFW,TX,ASW,CE,Towers with Radar,4,6,13,7,30,0,2,38,0,40,4,8,51,7,70,68,2,70,140
01/07/2014,AFW,TX,ASW,CE,Towers with Radar,23,17,30,33,103,0,1,55,0,56,23,18,85,33,159,128,6,134,293
01/08/2014,AFW,TX,ASW,CE,Towers with Radar,22,11,36,11,80,0,0,0,0,0,22,11,36,11,80,14,0,14,94
01/09/2014,AFW,TX,ASW,CE,Towers with Radar,21,11,6,1,39,0,0,0,0,0,21,11,6,1,39,0,0,0,39
01/10/2014,AFW,TX,ASW,CE,Towers with Radar,15,9,41,52,117,0,0,89,6,95,15,9,130,58,212,104,6,110,322
01/11/2014,AFW,TX,ASW,CE,Towers with Radar,0,2,29,36,67,0,0,72,17,89,0,2,101,53,156,102,38,140,296
01/12/2014,AFW,TX,ASW,CE,Towers with Radar,0,4,10,29,43,0,0,18,3,21,0,4,28,32,64,6,14,20,84
01/13/2014,AFW,TX,ASW,CE,Towers with Radar,3,3,22,17,45,0,1,131,4,136,3,4,153,21,181,182,38,220,401
01/14/2014,AFW,TX,ASW,CE,Towers with Radar,23,14,35,48,120,0,6,131,12,149,23,20,166,60,269,204,78,282,551
01/15/2014,AFW,TX,ASW,CE,Towers with Radar,23,13,40,54,130,0,2,156,4,162,23,15,196,58,292,252,98,350,642
01/16/2014,AFW,TX,ASW,CE,Towers with Radar,23,15,55,36,129,0,1,121,5,127,23,16,176,41,256,142,48,190,446
01/17/2014,AFW,TX,ASW,CE,Towers with Radar,19,8,38,70,135,0,1,87,3,91,19,9,125,73,226,138,38,176,402
01/18/2014,AFW,TX,ASW,CE,Towers with Radar,0,5,9,27,41,0,0,42,5,47,0,5,51,32,88,122,2,124,212
01/19/2014,AFW,TX,ASW,CE,Towers with Radar,0,1,25,23,49,0,0,48,3,51,0,1,73,26,100,92,8,100,200
01/20/2014,AFW,TX,ASW,CE,Towers with Radar,4,7,11,2,24,0,0,52,0,52,4,7,63,2,76,48,0,48,124
01/21/2014,AFW,TX,ASW,CE,Towers with Radar,22,16,28,68,134,0,4,69,12,85,22,20,97,80,219,174,26,200,419
01/22/2014,AFW,TX,ASW,CE,Towers with Radar,20,15,41,52,128,0,1,152,7,160,20,16,193,59,288,194,40,234,522
01/23/2014,AFW,TX,ASW,CE,Towers with Radar,20,11,47,8,86,2,4,95,2,103,22,15,142,10,189,42,8,50,239
01/24/2014,AFW,TX,ASW,CE,Towers with Radar,21,13,31,79,144,0,0,116,1,117,21,13,147,80,261,222,36,258,519
01/25/2014,AFW,TX,ASW,CE,Towers with Radar,0,0,6,19,25,0,2,58,5,65,0,2,64,24,90,168,0,168,258
01/26/2014,AFW,TX,ASW,CE,Towers with Radar,0,2,21,3,26,0,0,29,1,30,0,2,50,4,56,42,0,42,98
01/27/2014,AFW,TX,ASW,CE,Towers with Radar,3,8,22,37,70,0,2,69,0,71,3,10,91,37,141,0,18,18,159
01/28/2014,AFW,TX,ASW,CE,Towers with Radar,25,8,54,17,104,0,2,131,5,138,25,10,185,22,242,180,20,200,442
01/29/2014,AFW,TX,ASW,CE,Towers with Radar,24,9,55,32,120,0,0,116,11,127,24,9,171,43,247,146,14,160,407
01/30/2014,AFW,TX,ASW,CE,Towers with Radar,21,14,45,36,116,0,1,82,1,84,21,15,127,37,200,40,50,90,290
01/31/2014,AFW,TX,ASW,CE,Towers with Radar,20,7,55,28,110,0,0,108,13,121,20,7,163,41,231,184,116,300,531
02/01/2014,AFW,TX,ASW,CE,Towers with Radar,0,1,28,14,43,0,1,11,0,12,0,2,39,14,55,24,0,24,79
02/02/2014,AFW,TX,ASW,CE,Towers with Radar,0,0,6,0,6,0,0,1,0,1,0,0,7,0,7,0,0,0,7
02/03/2014,AFW,TX,ASW,CE,Towers with Radar,5,7,15,45,72,0,0,56,0,56,5,7,71,45,128,32,8,40,168
02/04/2014,AFW,TX,ASW,CE,Towers with Radar,23,14,44,24,105,0,2,27,0,29,23,16,71,24,134,34,0,34,168
02/05/2014,AFW,TX,ASW,CE,Towers with Radar,22,16,45,35,118,0,0,84,5,89,22,16,129,40,207,60,34,94,301
02/06/2014,AFW,TX,ASW,CE,Towers with Radar,23,16,3,1,43,0,0,0,0,0,23,16,3,1,43,0,0,0,43
02/07/2014,AFW,TX,ASW,CE,Towers with Radar,22,10,42,28,102,0,1,81,0,82,22,11,123,28,184,16,2,18,202
02/08/2014,AFW,TX,ASW,CE,Towers with Radar,0,5,29,15,49,0,0,32,0,32,0,5,61,15,81,126,0,126,207
02/09/2014,AFW,TX,ASW,CE,Towers with Radar,0,3,20,14,37,0,0,0,0,0,0,3,20,14,37,0,0,0,37
02/10/2014,AFW,TX,ASW,CE,Towers with Radar,2,0,12,5,19,0,0,0,0,0,2,0,12,5,19,0,0,0,19
02/11/2014,AFW,TX,ASW,CE,Towers with Radar,21,1,11,2,35,0,1,83,0,84,21,2,94,2,119,52,0,52,171
02/12/2014,AFW,TX,ASW,CE,Towers with Radar,22,14,72,25,133,0,3,200,5,208,22,17,272,30,341,288,8,296,637
02/13/2014,AFW,TX,ASW,CE,Towers with Radar,23,13,62,22,120,0,2,181,2,185,23,15,243,24,305,206,38,244,549
02/14/2014,AFW,TX,ASW,CE,Towers with Radar,22,16,36,42,116,0,6,114,10,130,22,22,150,52,246,108,26,134,380
02/15/2014,AFW,TX,ASW,CE,Towers with Radar,0,3,12,17,32,0,0,76,8,84,0,3,88,25,116,138,6,144,260
02/16/2014,AFW,TX,ASW,CE,Towers with Radar,0,1,22,21,44,0,0,20,5,25,0,1,42,26,69,62,20,82,151
02/17/2014,AFW,TX,ASW,CE,Towers with Radar,5,6,17,2,30,0,0,110,4,114,5,6,127,6,144,156,0,156,300
02/18/2014,AFW,TX,ASW,CE,Towers with Radar,28,22,23,12,85,0,2,127,0,129,28,24,150,12,214,240,18,258,472
02/19/2014,AFW,TX,ASW,CE,Towers with Radar,24,21,74,2,121,0,0,60,0,60,24,21,134,2,181,18,0,18,199
02/20/2014,AFW,TX,ASW,CE,Towers with Radar,24,13,38,21,96,0,2,114,1,117,24,15,152,22,213,64,10,74,287
02/21/2014,AFW,TX,ASW,CE,Towers with Radar,19,9,41,20,89,0,1,141,3,145,19,10,182,23,234,204,34,238,472
02/22/2014,AFW,TX,ASW,CE,Towers with Radar,0,2,13,12,27,0,0,46,0,46,0,2,59,12,73,80,8,88,161
02/23/2014,AFW,TX,ASW,CE,Towers with Radar,0,0,17,10,27,0,0,24,0,24,0,0,41,10,51,58,10,68,119
02/24/2014,AFW,TX,ASW,CE,Towers with Radar,4,8,22,54,88,0,4,126,3,133,4,12,148,57,221,168,24,192,413
02/25/2014,AFW,TX,ASW,CE,Towers with Radar,21,11,51,23,106,0,0,75,0,75,21,11,126,23,181,88,2,90,271
02/26/2014,AFW,TX,ASW,CE,Towers with Radar,23,12,44,27,106,0,0,158,4,162,23,12,202,31,268,182,58,240,508
02/27/2014,AFW,TX,ASW,CE,Towers with Radar,21,18,61,29,129,0,1,173,3,177,21,19,234,32,306,367,12,379,685
02/28/2014,AFW,TX,ASW,CE,Towers with Radar,20,8,41,82,151,0,3,123,6,132,20,11,164,88,283,230,70,300,583
03/01/2014,AFW,TX,ASW,CE,Towers with Radar,0,2,12,29,43,0,0,66,6,72,0,2,78,35,115,226,6,232,347
03/02/2014,AFW,TX,ASW,CE,Towers with Radar,0,0,8,0,8,0,0,0,0,0,0,0,8,0,8,0,0,0,8
03/03/2014,AFW,TX,ASW,CE,Towers with Radar,5,5,22,7,39,0,0,76,0,76,5,5,98,7,115,188,0,188,303
03/04/2014,AFW,TX,ASW,CE,Towers with Radar,21,11,43,60,135,0,0,160,4,164,21,11,203,64,299,292,34,326,625
03/05/2014,AFW,TX,ASW,CE,Towers with Radar,25,13,58,31,127,0,0,140,2,142,25,13,198,33,269,272,48,320,589
03/06/2014,AFW,TX,ASW,CE,Towers with Radar,22,21,62,44,149,0,0,148,3,151,22,21,210,47,300,380,48,428,728
03/07/2014,AFW,TX,ASW,CE,Towers with Radar,18,13,43,55,129,0,0,113,3,116,18,13,156,58,245,238,62,300,545
03/08/2014,AFW,TX,ASW,CE,Towers with Radar,0,1,14,15,30,0,0,4,0,4,0,1,18,15,34,4,0,4,38
03/09/2014,AFW,TX,ASW,CE,Towers with Radar,0,1,23,27,51,0,0,37,0,37,0,1,60,27,88,182,0,182,270
03/10/2014,AFW,TX,ASW,CE,Towers with Radar,3,10,22,34,69,0,1,118,7,126,3,11,140,41,195,236,10,246,441
03/11/2014,AFW,TX,ASW,CE,Towers with Radar,21,20,56,27,124,0,2,157,9,168,21,22,213,36,292,268,52,320,612
03/12/2014,AFW,TX,ASW,CE,Towers with Radar,25,19,49,13,106,0,0,94,5,99,25,19,143,18,205,100,36,136,341
03/13/2014,AFW,TX,ASW,CE,Towers with Radar,21,16,55,20,112,0,0,186,6,192,21,16,241,26,304,256,42,298,602
03/14/2014,AFW,TX,ASW,CE,Towers with Radar,21,14,36,32,103,0,0,141,4,145,21,14,177,36,248,278,32,310,558
03/15/2014,AFW,TX,ASW,CE,Towers with Radar,0,3,11,7,21,0,0,2,1,3,0,3,13,8,24,0,2,2,26
03/16/2014,AFW,TX,ASW,CE,Towers with Radar,1,3,14,11,29,0,0,2,0,2,1,3,16,11,31,0,12,12,43
03/17/2014,AFW,TX,ASW,CE,Towers with Radar,3,14,13,42,72,0,1,123,4,128,3,15,136,46,200,282,8,290,490
03/18/2014,AFW,TX,ASW,CE,Towers with Radar,24,13,46,35,118,0,3,117,1,121,24,16,163,36,239,74,2,76,315
03/19/2014,AFW,TX,ASW,CE,Towers with Radar,24,15,65,14,118,0,2,152,1,155,24,17,217,15,273,324,0,324,597
03/20/2014,AFW,TX,ASW,CE,Towers with Radar,21,15,50,14,100,0,0,165,2,167,21,15,215,16,267,200,14,214,481
03/21/2014,AFW,TX,ASW,CE,Towers with Radar,19,8,49,33,109,0,0,113,10,123,19,8,162,43,232,282,28,310,542
03/22/2014,AFW,TX,ASW,CE,Towers with Radar,0,3,15,17,35,0,0,21,1,22,0,3,36,18,57,108,28,136,193
03/23/2014,AFW,TX,ASW,CE,Towers with Radar,0,2,20,1,23,0,0,48,0,48,0,2,68,1,71,218,0,218,289
03/24/2014,AFW,TX,ASW,CE,Towers with Radar,3,7,18,33,61,0,0,139,1,140,3,7,157,34,201,286,54,340,541
03/25/2014,AFW,TX,ASW,CE,Towers with Radar,23,15,50,44,132,0,0,151,3,154,23,15,201,47,286,248,36,284,570
03/26/2014,AFW,TX,ASW,CE,Towers with Radar,23,15,50,37,125,0,0,119,1,120,23,15,169,38,245,98,32,130,375
03/27/2014,AFW,TX,ASW,CE,Towers with Radar,22,11,43,30,106,0,0,60,2,62,22,11,103,32,168,24,6,30,198
03/28/2014,AFW,TX,ASW,CE,Towers with Radar,18,12,34,58,122,0,2,98,11,111,18,14,132,69,233,222,28,250,483
03/29/2014,AFW,TX,ASW,CE,Towers with Radar,0,1,14,67,82,0,6,89,4,99,0,7,103,71,181,268,10,278,459
03/30/2014,AFW,TX,ASW,CE,Towers with Radar,0,2,11,31,44,0,0,57,5,62,0,2,68,36,106,220,10,230,336
03/31/2014,AFW,TX,ASW,CE,Towers with Radar,2,6,12,21,41,0,3,136,8,147,2,9,148,29,188,236,4,240,428
04/01/2014,AFW,TX,ASW,CE,Towers with Radar,23,15,33,15,86,0,0,133,4,137,23,15,166,19,223,152,0,152,375
04/02/2014,AFW,TX,ASW,CE,Towers with Radar,25,16,73,27,141,0,1,108,4,113,25,17,181,31,254,240,14,254,508
04/03/2014,AFW,TX,ASW,CE,Towers with Radar,25,19,39,16,99,0,3,94,0,97,25,22,133,16,196,126,2,128,324
04/04/2014,AFW,TX,ASW,CE,Towers with Radar,20,16,46,47,129,0,1,166,2,169,20,17,212,49,298,220,18,238,536
04/05/2014,AFW,TX,ASW,CE,Towers with Radar,1,4,37,28,70,0,0,69,0,69,1,4,106,28,139,244,0,244,383
04/06/2014,AFW,TX,ASW,CE,Towers with Radar,3,9,48,6,66,0,0,1,0,1,3,9,49,6,67,0,0,0,67
04/07/2014,AFW,TX,ASW,CE,Towers with Radar,5,10,53,6,74,0,3,85,0,88,5,13,138,6,162,138,6,144,306
04/08/2014,AFW,TX,ASW,CE,Towers with Radar,23,14,35,20,92,0,13,114,4,131,23,27,149,24,223,76,38,114,337
04/09/2014,AFW,TX,ASW,CE,Towers with Radar,30,12,51,26,119,0,4,172,5,181,30,16,223,31,300,342,74,416,716
04/10/2014,AFW,TX,ASW,CE,Towers with Radar,24,17,43,40,124,0,0,129,1,130,24,17,172,41,254,114,36,150,404
04/11/2014,AFW,TX,ASW,CE,Towers with Radar,19,11,42,29,101,0,0,147,1,148,19,11,189,30,249,282,36,318,567
04/12/2014,AFW,TX,ASW,CE,Towers with Radar,0,2,11,24,37,0,2,43,2,47,0,4,54,26,84,140,2,142,226
04/13/2014,AFW,TX,ASW,CE,Towers with Radar,0,6,8,23,37,0,0,0,0,0,0,6,8,23,37,0,0,0,37
04/14/2014,AFW,TX,ASW,CE,Towers with Radar,4,8,32,6,50,0,0,88,0,88,4,8,120,6,138,18,8,26,164
04/15/2014,AFW,TX,ASW,CE,Towers with Radar,23,21,46,11,101,0,5,239,5,249,23,26,285,16,350,422,10,432,782
04/16/2014,AFW,TX,ASW,CE,Towers with Radar,24,15,45,10,94,0,0,157,4,161,24,15,202,14,255,220,8,228,483
04/17/2014,AFW,TX,ASW,CE,Towers with Radar,22,14,86,15,137,0,0,74,0,74,22,14,160,15,211,76,2,78,289
04/18/2014,AFW,TX,ASW,CE,Towers with Radar,18,9,44,20,91,0,1,121,2,124,18,10,165,22,215,388,42,430,645
04/19/2014,AFW,TX,ASW,CE,Towers with Radar,0,3,13,3,19,0,0,99,0,99,0,3,112,3,118,336,2,338,456
04/20/2014,AFW,TX,ASW,CE,Towers with Radar,0,0,11,1,12,0,0,12,0,12,0,0,23,1,24,36,0,36,60
04/21/2014,AFW,TX,ASW,CE,Towers with Radar,3,3,13,13,32,0,1,71,0,72,3,4,84,13,104,272,0,272,376
04/22/2014,AFW,TX,ASW,CE,Towers with Radar,24,10,39,27,100,0,1,145,3,149,24,11,184,30,249,254,58,312,561
04/23/2014,AFW,TX,ASW,CE,Towers with Radar,23,14,48,7,92,0,0,142,2,144,23,14,190,9,236,358,6,364,600
04/24/2014,AFW,TX,ASW,CE,Towers with Radar,22,16,58,5,101,0,0,138,1,139,22,16,196,6,240,172,24,196,436
04/25/2014,AFW,TX,ASW,CE,Towers with Radar,18,11,54,27,110,0,1,177,1,179,18,12,231,28,289,358,18,376,665
04/26/2014,AFW,TX,ASW,CE,Towers with Radar,0,0,22,44,66,0,0,40,0,40,0,0,62,44,106,118,8,126,232
04/27/2014,AFW,TX,ASW,CE,Towers with Radar,0,2,21,32,55,0,0,14,3,17,0,2,35,35,72,42,4,46,118
04/28/2014,AFW,TX,ASW,CE,Towers with Radar,3,5,20,17,45,0,0,134,5,139,3,5,154,22,184,182,18,200,384
04/29/2014,AFW,TX,ASW,CE,Towers with Radar,25,14,29,91,159,0,4,110,2,116,25,18,139,93,275,164,20,184,459
04/30/2014,AFW,TX,ASW,CE,Towers with Radar,24,14,66,31,135,0,1,137,2,140,24,15,203,33,275,208,36,244,519
05/01/2014,AFW,TX,ASW,CE,Towers with Radar,22,15,68,26,131,0,1,156,3,160,22,16,224,29,291,236,22,258,549
05/02/2014,AFW,TX,ASW,CE,Towers with Radar,19,12,40,23,94,0,0,154,1,155,19,12,194,24,249,270,14,284,533
05/03/2014,AFW,TX,ASW,CE,Towers with Radar,0,0,6,20,26,0,0,55,3,58,0,0,61,23,84,196,8,204,288
05/04/2014,AFW,TX,ASW,CE,Towers with Radar,0,3,8,15,26,0,0,38,1,39,0,3,46,16,65,96,2,98,163
05/05/2014,AFW,TX,ASW,CE,Towers with Radar,3,8,25,11,47,0,0,85,0,85,3,8,110,11,132,150,0,150,282
05/06/2014,AFW,TX,ASW,CE,Towers with Radar,22,17,55,13,107,0,3,93,4,100,22,20,148,17,207,168,22,190,397
05/07/2014,AFW,TX,ASW,CE,Towers with Radar,24,11,65,17,117,0,0,101,0,101,24,11,166,17,218,172,18,190,408
05/08/2014,AFW,TX,ASW,CE,Towers with Radar,27,17,43,6,93,0,0,66,0,66,27,17,109,6,159,20,0,20,179
05/09/2014,AFW,TX,ASW,CE,Towers with Radar,22,9,41,54,126,0,1,115,3,119,22,10,156,57,245,138,24,162,407
05/10/2014,AFW,TX,ASW,CE,Towers with Radar,0,0,11,18,29,0,0,58,1,59,0,0,69,19,88,178,2,180,268
05/11/2014,AFW,TX,ASW,CE,Towers with Radar,0,1,28,57,86,0,0,15,2,17,0,1,43,59,103,22,8,30,133
05/12/2014,AFW,TX,ASW,CE,Towers with Radar,0,4,27,9,40,0,0,44,0,44,0,4,71,9,84,28,6,34,118
05/13/2014,AFW,TX,ASW,CE,Towers with Radar,27,14,62,33,136,0,2,157,2,161,27,16,219,35,297,198,6,204,501
05/14/2014,AFW,TX,ASW,CE,Towers with Radar,25,11,60,27,123,0,0,144,4,148,25,11,204,31,271,212,18,230,501
05/15/2014,AFW,TX,ASW,CE,Towers with Radar,20,19,52,14,105,0,0,162,1,163,20,19,214,15,268,210,18,228,496
05/16/2014,AFW,TX,ASW,CE,Towers with Radar,19,16,41,53,129,0,3,124,7,134,19,19,165,60,263,246,42,288,551
05/17/2014,AFW,TX,ASW,CE,Towers with Radar,0,1,8,57,66,0,0,50,4,54,0,1,58,61,120,164,12,176,296
05/18/2014,AFW,TX,ASW,CE,Towers with Radar,0,5,19,20,44,0,0,24,4,28,0,5,43,24,72,96,0,96,168
05/19/2014,AFW,TX,ASW,CE,Towers with Radar,5,3,31,20,59,0,5,91,6,102,5,8,122,26,161,122,34,156,317
05/20/2014,AFW,TX,ASW,CE,Towers with Radar,26,11,57,44,138,0,0,114,7,121,26,11,171,51,259,168,38,206,465
05/21/2014,AFW,TX,ASW,CE,Towers with Radar,29,11,61,30,131,0,0,149,4,153,29,11,210,34,284,220,56,276,560
05/22/2014,AFW,TX,ASW,CE,Towers with Radar,20,15,75,18,128,0,0,156,3,159,20,15,231,21,287,200,32,232,519
05/23/2014,AFW,TX,ASW,CE,Towers with Radar,19,12,51,21,103,0,0,123,4,127,19,12,174,25,230,120,22,142,372
05/24/2014,AFW,TX,ASW,CE,Towers with Radar,0,2,24,8,34,0,0,50,0,50,0,2,74,8,84,78,4,82,166
05/25/2014,AFW,TX,ASW,CE,Towers with Radar,20,2,15,9,46,0,0,14,0,14,20,2,29,9,60,34,14,48,108
05/26/2014,AFW,TX,ASW,CE,Towers with Radar,0,2,17,8,27,0,1,45,2,48,0,3,62,10,75,180,18,198,273
05/27/2014,AFW,TX,ASW,CE,Towers with Radar,3,4,21,16,44,0,0,85,0,85,3,4,106,16,129,88,6,94,223
05/28/2014,AFW,TX,ASW,CE,Towers with Radar,27,17,50,47,141,0,0,120,10,130,27,17,170,57,271,198,106,304,575
05/29/2014,AFW,TX,ASW,CE,Towers with Radar,24,12,46,22,104,0,0,137,2,139,24,12,183,24,243,212,46,258,501
05/30/2014,AFW,TX,ASW,CE,Towers with Radar,25,11,58,47,141,0,0,86,5,91,25,11,144,52,232,74,24,98,330
05/31/2014,AFW,TX,ASW,CE,Towers with Radar,0,0,15,87,102,0,0,24,1,25,0,0,39,88,127,108,16,124,251
06/01/2014,AFW,TX,ASW,CE,Towers with Radar,1,2,19,20,42,0,0,31,3,34,1,2,50,23,76,36,6,42,118
06/02/2014,AFW,TX,ASW,CE,Towers with Radar,2,5,25,5,37,0,1,64,1,66,2,6,89,6,103,124,2,126,229
06/03/2014,AFW,TX,ASW,CE,Towers with Radar,22,15,48,21,106,0,0,138,2,140,22,15,186,23,246,274,40,314,560
06/04/2014,AFW,TX,ASW,CE,Towers with Radar,28,13,51,34,126,0,0,101,4,105,28,13,152,38,231,184,48,232,463
06/05/2014,AFW,TX,ASW,CE,Towers with Radar,27,15,60,11,113,0,1,149,3,153,27,16,209,14,266,206,22,228,494
06/06/2014,AFW,TX,ASW,CE,Towers with Radar,25,9,25,28,87,0,0,120,6,126,25,9,145,34,213,122,30,152,365
06/07/2014,AFW,TX,ASW,CE,Towers with Radar,2,9,19,21,51,0,2,35,1,38,2,11,54,22,89,82,4,86,175
06/08/2014,AFW,TX,ASW,CE,Towers with Radar,3,2,23,4,32,0,0,15,0,15,3,2,38,4,47,32,0,32,79
06/09/2014,AFW,TX,ASW,CE,Towers with Radar,1,5,13,22,41,0,2,59,0,61,1,7,72,22,102,28,6,34,136
06/10/2014,AFW,TX,ASW,CE,Towers with Radar,25,10,47,33,115,0,2,102,1,105,25,12,149,34,220,92,26,118,338
06/11/2014,AFW,TX,ASW,CE,Towers with Radar,26,12,35,32,105,0,7,149,6,162,26,19,184,38,267,154,64,218,485
06/12/2014,AFW,TX,ASW,CE,Towers with Radar,21,9,26,5,61,0,0,94,2,96,21,9,120,7,157,104,10,114,271
06/13/2014,AFW,TX,ASW,CE,Towers with Radar,19,10,46,46,121,0,0,106,16,122,19,10,152,62,243,178,36,214,457
06/14/2014,AFW,TX,ASW,CE,Towers with Radar,2,1,13,49,65,0,0,47,8,55,2,1,60,57,120,144,18,162,282
06/15/2014,AFW,TX,ASW,CE,Towers with Radar,0,1,12,28,41,0,0,25,8,33,0,1,37,36,74,44,0,44,118
06/16/2014,AFW,TX,ASW,CE,Towers with Radar,5,5,24,45,79,0,5,116,3,124,5,10,140,48,203,106,8,114,317
06/17/2014,AFW,TX,ASW,CE,Towers with Radar,21,13,54,31,119,0,0,99,3,102,21,13,153,34,221,124,26,150,371
06/18/2014,AFW,TX,ASW,CE,Towers with Radar,25,13,63,57,158,0,0,100,2,102,25,13,163,59,260,158,8,166,426
06/19/2014,AFW,TX,ASW,CE,Towers with Radar,25,13,59,29,126,0,1,145,0,146,25,14,204,29,272,192,2,194,466
06/20/2014,AFW,TX,ASW,CE,Towers with Radar,21,9,30,38,98,0,0,116,5,121,21,9,146,43,219,148,20,168,387
06/21/2014,AFW,TX,ASW,CE,Towers with Radar,0,0,11,29,40,0,0,36,1,37,0,0,47,30,77,126,12,138,215
06/22/2014,AFW,TX,ASW,CE,Towers with Radar,0,3,7,18,28,0,0,17,0,17,0,3,24,18,45,24,0,24,69
06/23/2014,AFW,TX,ASW,CE,Towers with Radar,7,8,22,35,72,0,0,92,5,97,7,8,114,40,169,94,26,120,289
06/24/2014,AFW,TX,ASW,CE,Towers with Radar,22,11,33,22,88,0,0,125,0,125,22,11,158,22,213,126,6,132,345
06/25/2014,AFW,TX,ASW,CE,Towers with Radar,25,10,52,14,101,0,1,68,0,69,25,11,120,14,170,48,0,48,218
06/26/2014,AFW,TX,ASW,CE,Towers with Radar,20,15,57,26,118,0,0,115,0,115,20,15,172,26,233,110,4,114,347
06/27/2014,AFW,TX,ASW,CE,Towers with Radar,17,8,34,47,106,0,3,94,1,98,17,11,128,48,204,98,70,168,372
06/28/2014,AFW,TX,ASW,CE,Towers with Radar,0,2,11,20,33,0,0,21,0,21,0,2,32,20,54,44,2,46,100
06/29/2014,AFW,TX,ASW,CE,Towers with Radar,0,2,22,16,40,0,0,23,0,23,0,2,45,16,63,90,2,92,155
06/30/2014,AFW,TX,ASW,CE,Towers with Radar,5,7,19,25,56,0,2,83,4,89,5,9,102,29,145,86,30,116,261
07/01/2014,AFW,TX,ASW,CE,Towers with Radar,21,13,31,53,118,0,2,108,10,120,21,15,139,63,238,172,92,264,502
07/02/2014,AFW,TX,ASW,CE,Towers with Radar,26,18,26,21,91,0,3,86,0,89,26,21,112,21,180,174,14,188,368
07/03/2014,AFW,TX,ASW,CE,Towers with Radar,21,12,23,3,59,0,0,22,1,23,21,12,45,4,82,96,0,96,178
07/04/2014,AFW,TX,ASW,CE,Towers with Radar,0,2,10,0,12,0,0,43,0,43,0,2,53,0,55,94,0,94,149
07/05/2014,AFW,TX,ASW,CE,Towers with Radar,0,0,9,1,10,0,0,67,0,67,0,0,76,1,77,158,0,158,235
07/06/2014,AFW,TX,ASW,CE,Towers with Radar,0,3,13,0,16,0,0,36,0,36,0,3,49,0,52,130,0,130,182
07/07/2014,AFW,TX,ASW,CE,Towers with Radar,7,5,11,1,24,0,0,82,0,82,7,5,93,1,106,158,12,170,276
07/08/2014,AFW,TX,ASW,CE,Towers with Radar,24,15,42,29,110,0,0,147,1,148,24,15,189,30,258,284,32,316,574
07/09/2014,AFW,TX,ASW,CE,Towers with Radar,21,16,56,5,98,0,4,127,0,131,21,20,183,5,229,194,6,200,429
07/10/2014,AFW,TX,ASW,CE,Towers with Radar,21,17,58,34,130,0,1,151,0,152,21,18,209,34,282,212,24,236,518
07/11/2014,AFW,TX,ASW,CE,Towers with Radar,16,13,25,105,159,0,0,110,5,115,16,13,135,110,274,200,48,248,522
07/12/2014,AFW,TX,ASW,CE,Towers with Radar,0,2,21,63,86,0,0,40,12,52,0,2,61,75,138,134,10,144,282
07/13/2014,AFW,TX,ASW,CE,Towers with Radar,0,2,21,37,60,0,0,43,3,46,0,2,64,40,106,104,2,106,212
07/14/2014,AFW,TX,ASW,CE,Towers with Radar,4,3,24,45,76,0,0,78,1,79,4,3,102,46,155,110,26,136,291
07/15/2014,AFW,TX,ASW,CE,Towers with Radar,24,12,34,21,91,0,0,99,6,105,24,12,133,27,196,192,14,206,402
07/16/2014,AFW,TX,ASW,CE,Towers with Radar,23,19,44,66,152,0,0,102,0,102,23,19,146,66,254,208,52,260,514
07/17/2014,AFW,TX,ASW,CE,Towers with Radar,19,15,25,0,59,0,0,16,0,16,19,15,41,0,75,0,0,0,75
07/18/2014,AFW,TX,ASW,CE,Towers with Radar,17,14,60,43,134,0,4,29,0,33,17,18,89,43,167,70,2,72,239
07/19/2014,AFW,TX,ASW,CE,Towers with Radar,0,2,13,45,60,0,0,33,1,34,0,2,46,46,94,90,26,116,210
07/20/2014,AFW,TX,ASW,CE,Towers with Radar,0,3,20,28,51,0,0,53,8,61,0,3,73,36,112,118,28,146,258
07/21/2014,AFW,TX,ASW,CE,Towers with Radar,3,5,29,26,63,0,1,59,1,61,3,6,88,27,124,142,4,146,270
07/22/2014,AFW,TX,ASW,CE,Towers with Radar,22,12,36,13,83,0,1,80,1,82,22,13,116,14,165,138,10,148,313
07/23/2014,AFW,TX,ASW,CE,Towers with Radar,24,21,20,18,83,0,0,112,2,114,24,21,132,20,197,152,30,182,379
07/24/2014,AFW,TX,ASW,CE,Towers with Radar,20,12,33,10,75,0,1,120,2,123,20,13,153,12,198,150,4,154,352
07/25/2014,AFW,TX,ASW,CE,Towers with Radar,18,10,17,18,63,0,1,102,0,103,18,11,119,18,166,134,12,146,312
07/26/2014,AFW,TX,ASW,CE,Towers with Radar,0,2,15,32,49,0,0,42,0,42,0,2,57,32,91,104,32,136,227
07/27/2014,AFW,TX,ASW,CE,Towers with Radar,0,1,8,38,47,0,0,29,1,30,0,1,37,39,77,114,10,124,201
07/28/2014,AFW,TX,ASW,CE,Towers with Radar,3,4,19,22,48,0,0,74,1,75,3,4,93,23,123,72,2,74,197
07/29/2014,AFW,TX,ASW,CE,Towers with Radar,25,13,14,28,80,0,0,71,0,71,25,13,85,28,151,68,36,104,255
07/30/2014,AFW,TX,ASW,CE,Towers with Radar,24,11,22,21,78,0,0,63,1,64,24,11,85,22,142,184,14,198,340
07/31/2014,AFW,TX,ASW,CE,Towers with Radar,20,19,22,12,73,0,1,54,0,55,20,20,76,12,128,52,2,54,182
08/01/2014,AFW,TX,ASW,CE,Towers with Radar,18,11,20,50,99,0,0,56,3,59,18,11,76,53,158,108,46,154,312
08/02/2014,AFW,TX,ASW,CE,Towers with Radar,2,0,7,28,37,0,0,18,7,25,2,0,25,35,62,52,40,92,154
08/03/2014,AFW,TX,ASW,CE,Towers with Radar,0,1,6,8,15,0,0,25,1,26,0,1,31,9,41,50,0,50,91
08/04/2014,AFW,TX,ASW,CE,Towers with Radar,2,5,23,27,57,0,0,74,7,81,2,5,97,34,138,34,42,76,214
08/05/2014,AFW,TX,ASW,CE,Towers with Radar,39,18,23,6,86,0,5,79,1,85,39,23,102,7,171,94,10,104,275
08/06/2014,AFW,TX,ASW,CE,Towers with Radar,24,18,32,12,86,1,0,87,3,91,25,18,119,15,177,60,22,82,259
08/07/2014,AFW,TX,ASW,CE,Towers with Radar,22,14,37,19,92,0,0,116,2,118,22,14,153,21,210,134,24,158,368
08/08/2014,AFW,TX,ASW,CE,Towers with Radar,19,10,48,63,140,0,0,78,1,79,19,10,126,64,219,74,32,106,325
08/09/2014,AFW,TX,ASW,CE,Towers with Radar,0,2,13,43,58,0,0,34,3,37,0,2,47,46,95,54,22,76,171
08/10/2014,AFW,TX,ASW,CE,Towers with Radar,4,2,19,64,89,0,0,20,4,24,4,2,39,68,113,26,10,36,149
08/11/2014,AFW,TX,ASW,CE,Towers with Radar,7,4,37,16,64,0,0,81,1,82,7,4,118,17,146,92,8,100,246
08/12/2014,AFW,TX,ASW,CE,Towers with Radar,24,11,43,18,96,0,2,109,0,111,24,13,152,18,207,104,26,130,337
08/13/2014,AFW,TX,ASW,CE,Towers with Radar,23,14,34,35,106,0,1,128,5,134,23,15,162,40,240,176,26,202,442
08/14/2014,AFW,TX,ASW,CE,Towers with Radar,19,14,27,18,78,0,0,107,3,110,19,14,134,21,188,186,34,220,408
08/15/2014,AFW,TX,ASW,CE,Towers with Radar,17,15,34,18,84,0,1,129,0,130,17,16,163,18,214,88,22,110,324
08/16/2014,AFW,TX,ASW,CE,Towers with Radar,0,6,12,34,52,0,0,28,2,30,0,6,40,36,82,78,32,110,192
08/17/2014,AFW,TX,ASW,CE,Towers with Radar,16,4,18,17,55,0,1,26,6,33,16,5,44,23,88,56,2,58,146
08/18/2014,AFW,TX,ASW,CE,Towers with Radar,4,6,24,1,35,0,0,82,1,83,4,6,106,2,118,70,0,70,188
08/19/2014,AFW,TX,ASW,CE,Towers with Radar,21,19,21,0,61,0,0,87,0,87,21,19,108,0,148,104,0,104,252
08/20/2014,AFW,TX,ASW,CE,Towers with Radar,22,14,30,20,86,0,0,106,3,109,22,14,136,23,195,64,14,78,273
08/21/2014,AFW,TX,ASW,CE,Towers with Radar,22,13,30,15,80,0,0,100,0,100,22,13,130,15,180,46,20,66,246
08/22/2014,AFW,TX,ASW,CE,Towers with Radar,18,13,35,42,108,0,1,93,1,95,18,14,128,43,203,60,44,104,307
08/23/2014,AFW,TX,ASW,CE,Towers with Radar,0,3,7,42,52,0,0,62,2,64,0,3,69,44,116,190,12,202,318
08/24/2014,AFW,TX,ASW,CE,Towers with Radar,0,3,16,24,43,0,0,36,1,37,0,3,52,25,80,54,2,56,136
08/25/2014,AFW,TX,ASW,CE,Towers with Radar,3,6,20,33,62,0,0,86,3,89,3,6,106,36,151,48,42,90,241
08/26/2014,AFW,TX,ASW,CE,Towers with Radar,24,14,30,21,89,0,0,131,2,133,24,14,161,23,222,118,40,158,380
08/27/2014,AFW,TX,ASW,CE,Towers with Radar,24,15,30,70,139,0,0,91,6,97,24,15,121,76,236,42,104,146,382
08/28/2014,AFW,TX,ASW,CE,Towers with Radar,19,15,20,32,86,0,0,114,2,116,19,15,134,34,202,74,26,100,302
08/29/2014,AFW,TX,ASW,CE,Towers with Radar,22,14,27,37,100,0,0,90,3,93,22,14,117,40,193,54,14,68,261
08/30/2014,AFW,TX,ASW,CE,Towers with Radar,0,1,16,0,17,0,0,44,0,44,0,1,60,0,61,128,0,128,189
08/31/2014,AFW,TX,ASW,CE,Towers with Radar,0,6,8,0,14,0,1,23,0,24,0,7,31,0,38,50,0,50,88
09/01/2014,AFW,TX,ASW,CE,Towers with Radar,0,5,12,22,39,0,0,24,0,24,0,5,36,22,63,36,0,36,99
09/02/2014,AFW,TX,ASW,CE,Towers with Radar,3,7,42,34,86,0,0,94,2,96,3,7,136,36,182,84,28,112,294
09/03/2014,AFW,TX,ASW,CE,Towers with Radar,30,22,40,45,137,0,2,190,5,197,30,24,230,50,334,136,56,192,526
09/04/2014,AFW,TX,ASW,CE,Towers with Radar,31,18,39,15,103,0,1,139,1,141,31,19,178,16,244,104,2,106,350
09/05/2014,AFW,TX,ASW,CE,Towers with Radar,23,14,73,90,200,0,3,161,5,169,23,17,234,95,369,58,40,98,467
09/06/2014,AFW,TX,ASW,CE,Towers with Radar,0,4,34,41,79,0,2,83,1,86,0,6,117,42,165,0,0,0,165
09/07/2014,AFW,TX,ASW,CE,Towers with Radar,0,3,68,24,95,0,0,131,4,135,0,3,199,28,230,0,0,0,230
09/08/2014,AFW,TX,ASW,CE,Towers with Radar,3,15,25,31,74,0,5,108,0,113,3,20,133,31,187,62,16,78,265
09/09/2014,AFW,TX,ASW,CE,Towers with Radar,32,21,42,30,125,0,4,117,2,123,32,25,159,32,248,142,6,148,396
09/10/2014,AFW,TX,ASW,CE,Towers with Radar,30,18,44,34,126,0,2,118,1,121,30,20,162,35,247,114,6,120,367
09/11/2014,AFW,TX,ASW,CE,Towers with Radar,28,19,72,32,151,0,0,72,0,72,28,19,144,32,223,48,0,48,271
09/12/2014,AFW,TX,ASW,CE,Towers with Radar,26,17,49,90,182,0,1,17,0,18,26,18,66,90,200,54,2,56,256
09/13/2014,AFW,TX,ASW,CE,Towers with Radar,0,0,21,23,44,0,0,18,0,18,0,0,39,23,62,66,6,72,134
09/14/2014,AFW,TX,ASW,CE,Towers with Radar,0,4,23,12,39,0,0,15,0,15,0,4,38,12,54,38,0,38,92
09/15/2014,AFW,TX,ASW,CE,Towers with Radar,7,7,44,50,108,0,3,119,2,124,7,10,163,52,232,120,4,124,356
09/16/2014,AFW,TX,ASW,CE,Towers with Radar,30,21,41,43,135,0,2,127,1,130,30,23,168,44,265,172,20,192,457
09/17/2014,AFW,TX,ASW,CE,Towers with Radar,27,21,37,27,112,0,0,129,4,133,27,21,166,31,245,82,18,100,345
09/18/2014,AFW,TX,ASW,CE,Towers with Radar,30,17,40,39,126,0,1,118,0,119,30,18,158,39,245,90,24,114,359
09/19/2014,AFW,TX,ASW,CE,Towers with Radar,23,14,31,83,151,0,2,114,4,120,23,16,145,87,271,128,118,246,517
09/20/2014,AFW,TX,ASW,CE,Towers with Radar,0,0,19,63,82,0,1,52,1,54,0,1,71,64,136,86,40,126,262
09/21/2014,AFW,TX,ASW,CE,Towers with Radar,0,4,17,34,55,0,0,40,3,43,0,4,57,37,98,36,2,38,136
09/22/2014,AFW,TX,ASW,CE,Towers with Radar,3,8,43,24,78,0,6,115,7,128,3,14,158,31,206,80,22,102,308
09/23/2014,AFW,TX,ASW,CE,Towers with Radar,32,22,42,29,125,0,5,143,6,154,32,27,185,35,279,196,18,214,493
09/24/2014,AFW,TX,ASW,CE,Towers with Radar,30,20,42,75,167,0,0,200,4,204,30,20,242,79,371,216,52,268,639
09/25/2014,AFW,TX,ASW,CE,Towers with Radar,29,23,40,29,121,0,0,169,5,174,29,23,209,34,295,164,42,206,501
09/26/2014,AFW,TX,ASW,CE,Towers with Radar,27,20,32,103,182,0,0,135,4,139,27,20,167,107,321,150,42,192,513
09/27/2014,AFW,TX,ASW,CE,Towers with Radar,0,1,5,44,50,0,0,60,9,69,0,1,65,53,119,82,48,130,249
09/28/2014,AFW,TX,ASW,CE,Towers with Radar,0,3,18,32,53,0,0,26,8,34,0,3,44,40,87,36,40,76,163
09/29/2014,AFW,TX,ASW,CE,Towers with Radar,6,5,35,12,58,0,0,113,2,115,6,5,148,14,173,102,14,116,289
09/30/2014,AFW,TX,ASW,CE,Towers with Radar,32,22,29,0,83,0,0,152,0,152,32,22,181,0,235,148,0,148,383
10/01/2014,AFW,TX,ASW,CE,Towers with Radar,31,26,36,44,137,0,1,127,4,132,31,27,163,48,269,68,30,98,367
10/02/2014,AFW,TX,ASW,CE,Towers with Radar,26,16,25,28,95,0,1,96,2,99,26,17,121,30,194,58,20,78,272
10/03/2014,AFW,TX,ASW,CE,Towers with Radar,31,18,29,58,136,0,0,148,1,149,31,18,177,59,285,186,32,218,503
10/04/2014,AFW,TX,ASW,CE,Towers with Radar,0,0,17,10,27,0,0,80,2,82,0,0,97,12,109,84,0,84,193
10/05/2014,AFW,TX,ASW,CE,Towers with Radar,0,1,8,12,21,0,0,34,0,34,0,1,42,12,55,98,12,110,165
10/06/2014,AFW,TX,ASW,CE,Towers with Radar,6,13,25,4,48,0,0,126,0,126,6,13,151,4,174,148,2,150,324
10/07/2014,AFW,TX,ASW,CE,Towers with Radar,33,16,55,48,152,0,0,136,3,139,33,16,191,51,291,236,60,296,587
10/08/2014,AFW,TX,ASW,CE,Towers with Radar,29,22,52,22,125,0,2,113,1,116,29,24,165,23,241,242,48,290,531
10/09/2014,AFW,TX,ASW,CE,Towers with Radar,26,28,43,9,106,0,1,151,0,152,26,29,194,9,258,189,0,189,447
10/10/2014,AFW,TX,ASW,CE,Towers with Radar,21,18,23,25,87,0,0,79,1,80,21,18,102,26,167,108,24,132,299
10/11/2014,AFW,TX,ASW,CE,Towers with Radar,2,2,18,0,22,0,0,16,0,16,2,2,34,0,38,88,0,88,126
10/12/2014,AFW,TX,ASW,CE,Towers with Radar,1,3,24,1,29,0,0,29,0,29,1,3,53,1,58,30,0,30,88
10/13/2014,AFW,TX,ASW,CE,Towers with Radar,6,5,13,5,29,0,0,24,0,24,6,5,37,5,53,42,0,42,95
10/14/2014,AFW,TX,ASW,CE,Towers with Radar,33,20,30,26,109,0,1,107,5,113,33,21,137,31,222,140,16,156,378
10/15/2014,AFW,TX,ASW,CE,Towers with Radar,35,22,38,17,112,0,2,103,1,106,35,24,141,18,218,190,14,204,422
10/16/2014,AFW,TX,ASW,CE,Towers with Radar,28,18,36,31,113,0,0,124,2,126,28,18,160,33,239,118,48,166,405
10/17/2014,AFW,TX,ASW,CE,Towers with Radar,23,16,23,51,113,0,1,96,9,106,23,17,119,60,219,172,56,228,447
10/18/2014,AFW,TX,ASW,CE,Towers with Radar,0,2,11,35,48,0,0,81,3,84,0,2,92,38,132,148,22,170,302
10/19/2014,AFW,TX,ASW,CE,Towers with Radar,0,3,20,19,42,0,0,44,2,46,0,3,64,21,88,34,4,38,126
10/20/2014,AFW,TX,ASW,CE,Towers with Radar,5,10,20,3,38,0,1,104,2,107,5,11,124,5,145,172,10,182,327
10/21/2014,AFW,TX,ASW,CE,Towers with Radar,36,19,48,11,114,0,3,116,0,119,36,22,164,11,233,204,6,210,443
10/22/2014,AFW,TX,ASW,CE,Towers with Radar,30,19,43,30,122,0,1,130,2,133,30,20,173,32,255,108,8,116,371
10/23/2014,AFW,TX,ASW,CE,Towers with Radar,30,20,35,8,93,0,1,84,2,87,30,21,119,10,180,65,16,81,261
10/24/2014,AFW,TX,ASW,CE,Towers with Radar,27,14,11,7,59,0,0,59,13,72,27,14,70,20,131,2,48,50,181
10/25/2014,AFW,TX,ASW,CE,Towers with Radar,0,0,2,0,2,0,1,44,2,47,0,1,46,2,49,2,0,2,51
10/26/2014,AFW,TX,ASW,CE,Towers with Radar,4,1,1,3,9,0,0,61,19,80,4,1,62,22,89,14,2,16,105
10/27/2014,AFW,TX,ASW,CE,Towers with Radar,5,8,11,10,34,0,3,116,1,120,5,11,127,11,154,128,2,130,284
10/28/2014,AFW,TX,ASW,CE,Towers with Radar,35,22,66,14,137,0,1,130,4,135,35,23,196,18,272,194,2,196,468
10/29/2014,AFW,TX,ASW,CE,Towers with Radar,34,20,70,35,159,0,0,164,0,164,34,20,234,35,323,228,4,232,555
10/30/2014,AFW,TX,ASW,CE,Towers with Radar,34,21,64,36,155,0,1,134,0,135,34,22,198,36,290,340,2,342,632
10/31/2014,AFW,TX,ASW,CE,Towers with Radar,26,21,36,30,113,0,0,106,2,108,26,21,142,32,221,88,10,98,319
11/01/2014,AFW,TX,ASW,CE,Towers with Radar,7,3,42,5,57,0,0,79,2,81,7,3,121,7,138,111,28,139,277
11/02/2014,AFW,TX,ASW,CE,Towers with Radar,5,7,94,6,112,0,0,84,1,85,5,7,178,7,197,2,2,4,201
11/03/2014,AFW,TX,ASW,CE,Towers with Radar,5,12,35,51,103,0,3,80,1,84,5,15,115,52,187,126,18,144,331
11/04/2014,AFW,TX,ASW,CE,Towers with Radar,34,22,20,0,76,0,0,26,0,26,34,22,46,0,102,0,0,0,102
11/05/2014,AFW,TX,ASW,CE,Towers with Radar,33,20,89,47,189,0,0,126,0,126,33,20,215,47,315,144,34,178,493
11/06/2014,AFW,TX,ASW,CE,Towers with Radar,28,22,59,53,162,0,0,136,0,136,28,22,195,53,298,198,38,236,534
11/07/2014,AFW,TX,ASW,CE,Towers with Radar,22,18,55,13,108,0,0,114,3,117,22,18,169,16,225,300,22,322,547
11/08/2014,AFW,TX,ASW,CE,Towers with Radar,4,4,2,6,16,0,0,16,1,17,4,4,18,7,33,26,22,48,81
11/09/2014,AFW,TX,ASW,CE,Towers with Radar,2,1,15,6,24,0,0,35,3,38,2,1,50,9,62,132,6,138,200
11/10/2014,AFW,TX,ASW,CE,Towers with Radar,5,5,9,10,29,0,0,78,0,78,5,5,87,10,107,30,12,42,149
11/11/2014,AFW,TX,ASW,CE,Towers with Radar,29,18,29,1,77,0,1,76,0,77,29,19,105,1,154,118,0,118,272
11/12/2014,AFW,TX,ASW,CE,Towers with Radar,33,15,32,49,129,0,4,119,4,127,33,19,151,53,256,126,92,218,474
11/13/2014,AFW,TX,ASW,CE,Towers with Radar,30,14,76,25,145,0,0,155,2,157,30,14,231,27,302,206,28,234,536
11/14/2014,AFW,TX,ASW,CE,Towers with Radar,28,19,44,39,130,0,3,129,7,139,28,22,173,46,269,366,28,394,663
11/15/2014,AFW,TX,ASW,CE,Towers with Radar,9,0,33,36,78,0,0,56,1,57,9,0,89,37,135,103,30,133,268
11/16/2014,AFW,TX,ASW,CE,Towers with Radar,0,3,12,11,26,0,0,0,0,0,0,3,12,11,26,0,0,0,26
11/17/2014,AFW,TX,ASW,CE,Towers with Radar,3,15,23,22,63,0,0,117,4,121,3,15,140,26,184,154,30,184,368
11/18/2014,AFW,TX,ASW,CE,Towers with Radar,34,29,57,16,136,0,3,121,0,124,34,32,178,16,260,198,4,202,462
11/19/2014,AFW,TX,ASW,CE,Towers with Radar,35,20,80,17,152,0,0,179,1,180,35,20,259,18,332,220,12,232,564
11/20/2014,AFW,TX,ASW,CE,Towers with Radar,32,16,71,11,130,0,2,169,4,175,32,18,240,15,305,246,12,258,563
11/21/2014,AFW,TX,ASW,CE,Towers with Radar,24,19,51,17,111,0,0,30,0,30,24,19,81,17,141,30,10,40,181
11/22/2014,AFW,TX,ASW,CE,Towers with Radar,2,0,2,0,4,0,0,0,0,0,2,0,2,0,4,0,0,0,4
11/23/2014,AFW,TX,ASW,CE,Towers with Radar,0,2,10,18,30,0,0,7,2,9,0,2,17,20,39,28,0,28,67
11/24/2014,AFW,TX,ASW,CE,Towers with Radar,4,8,20,6,38,0,0,122,0,122,4,8,142,6,160,166,4,170,330
11/25/2014,AFW,TX,ASW,CE,Towers with Radar,47,18,60,8,133,0,0,132,5,137,47,18,192,13,270,254,6,260,530
11/26/2014,AFW,TX,ASW,CE,Towers with Radar,37,17,35,17,106,0,0,93,1,94,37,17,128,18,200,150,0,150,350
11/27/2014,AFW,TX,ASW,CE,Towers with Radar,9,2,2,0,13,0,0,18,0,18,9,2,20,0,31,6,0,6,37
11/28/2014,AFW,TX,ASW,CE,Towers with Radar,16,6,6,0,28,0,0,21,0,21,16,6,27,0,49,12,0,12,61
11/29/2014,AFW,TX,ASW,CE,Towers with Radar,1,2,19,0,22,0,0,35,0,35,1,2,54,0,57,34,0,34,91
11/30/2014,AFW,TX,ASW,CE,Towers with Radar,2,3,18,0,23,0,0,27,0,27,2,3,45,0,50,20,0,20,70
12/01/2014,AFW,TX,ASW,CE,Towers with Radar,10,8,20,25,63,0,0,75,4,79,10,8,95,29,142,18,8,26,168
12/02/2014,AFW,TX,ASW,CE,Towers with Radar,65,18,72,41,196,0,0,123,2,125,65,18,195,43,321,116,6,122,443
12/03/2014,AFW,TX,ASW,CE,Towers with Radar,61,20,80,41,202,0,4,88,0,92,61,24,168,41,294,72,22,94,388
12/04/2014,AFW,TX,ASW,CE,Towers with Radar,63,24,96,53,236,0,0,48,0,48,63,24,144,53,284,26,2,28,312
12/05/2014,AFW,TX,ASW,CE,Towers with Radar,40,19,64,80,203,0,0,98,7,105,40,19,162,87,308,94,48,142,450
12/06/2014,AFW,TX,ASW,CE,Towers with Radar,9,1,17,27,54,0,0,58,14,72,9,1,75,41,126,80,16,96,222
12/07/2014,AFW,TX,ASW,CE,Towers with Radar,2,6,18,53,79,0,0,1,0,1,2,6,19,53,80,0,0,0,80
12/08/2014,AFW,TX,ASW,CE,Towers with Radar,13,4,43,7,67,0,0,75,0,75,13,4,118,7,142,58,0,58,200
12/09/2014,AFW,TX,ASW,CE,Towers with Radar,64,16,24,13,117,0,0,51,4,55,64,16,75,17,172,114,18,132,304
12/10/2014,AFW,TX,ASW,CE,Towers with Radar,69,20,64,42,195,0,1,155,6,162,69,21,219,48,357,177,22,199,556
12/11/2014,AFW,TX,ASW,CE,Towers with Radar,65,21,80,33,199,0,0,201,2,203,65,21,281,35,402,238,4,242,644
12/12/2014,AFW,TX,ASW,CE,Towers with Radar,38,17,48,106,209,0,2,147,1,150,38,19,195,107,359,228,8,236,595
12/13/2014,AFW,TX,ASW,CE,Towers with Radar,13,2,23,40,78,0,0,54,0,54,13,2,77,40,132,66,26,92,224
12/14/2014,AFW,TX,ASW,CE,Towers with Radar,2,3,6,8,19,0,0,4,0,4,2,3,10,8,23,0,0,0,23
12/15/2014,AFW,TX,ASW,CE,Towers with Radar,13,9,33,16,71,0,0,134,1,135,13,9,167,17,206,86,26,112,318
12/16/2014,AFW,TX,ASW,CE,Towers with Radar,68,17,65,21,171,0,0,190,0,190,68,17,255,21,361,224,6,230,591
12/17/2014,AFW,TX,ASW,CE,Towers with Radar,65,25,62,8,160,0,3,82,2,87,65,28,144,10,247,230,0,230,477
12/18/2014,AFW,TX,ASW,CE,Towers with Radar,63,23,49,48,183,0,2,22,0,24,63,25,71,48,207,14,0,14,221
12/19/2014,AFW,TX,ASW,CE,Towers with Radar,47,21,47,16,131,0,0,5,0,5,47,21,52,16,136,0,0,0,136
12/20/2014,AFW,TX,ASW,CE,Towers with Radar,39,15,26,11,91,0,0,8,1,9,39,15,34,12,100,32,0,32,132
12/21/2014,AFW,TX,ASW,CE,Towers with Radar,7,3,37,5,52,0,0,12,0,12,7,3,49,5,64,72,0,72,136
12/22/2014,AFW,TX,ASW,CE,Towers with Radar,12,5,39,28,84,0,1,91,0,92,12,6,130,28,176,182,6,188,364
12/23/2014,AFW,TX,ASW,CE,Towers with Radar,59,20,20,0,99,0,0,43,0,43,59,20,63,0,142,150,0,150,292
12/24/2014,AFW,TX,ASW,CE,Towers with Radar,50,15,10,0,75,0,0,16,0,16,50,15,26,0,91,20,0,20,111
12/25/2014,AFW,TX,ASW,CE,Towers with Radar,0,0,3,0,3,0,0,2,0,2,0,0,5,0,5,6,0,6,11
12/26/2014,AFW,TX,ASW,CE,Towers with Radar,1,4,14,0,19,0,0,17,0,17,1,4,31,0,36,32,0,32,68
12/27/2014,AFW,TX,ASW,CE,Towers with Radar,2,2,11,0,15,0,0,6,0,6,2,2,17,0,21,16,0,16,37
12/28/2014,AFW,TX,ASW,CE,Towers with Radar,2,6,16,0,24,0,0,53,0,53,2,6,69,0,77,78,0,78,155
12/29/2014,AFW,TX,ASW,CE,Towers with Radar,5,4,17,10,36,0,0,92,1,93,5,4,109,11,129,194,6,200,329
12/30/2014,AFW,TX,ASW,CE,Towers with Radar,29,15,38,3,85,0,0,55,0,55,29,15,93,3,140,116,10,126,266
12/31/2014,AFW,TX,ASW,CE,Towers with Radar,29,8,11,5,53,0,0,24,1,25,29,8,35,6,78,142,0,142,220
01/01/2015,AFW,TX,ASW,CE,Towers with Radar,0,0,2,0,2,0,0,0,0,0,0,0,2,0,2,0,0,0,2
01/02/2015,AFW,TX,ASW,CE,Towers with Radar,0,8,5,0,13,0,0,0,0,0,0,8,5,0,13,0,0,0,13
01/03/2015,AFW,TX,ASW,CE,Towers with Radar,1,0,8,0,9,0,0,46,0,46,1,0,54,0,55,112,0,112,167
01/04/2015,AFW,TX,ASW,CE,Towers with Radar,0,1,14,0,15,0,0,31,0,31,0,1,45,0,46,82,0,82,128
01/05/2015,AFW,TX,ASW,CE,Towers with Radar,3,6,19,9,37,0,2,72,1,75,3,8,91,10,112,152,0,152,264
01/06/2015,AFW,TX,ASW,CE,Towers with Radar,33,20,35,29,117,0,3,102,4,109,33,23,137,33,226,186,24,210,436
01/07/2015,AFW,TX,ASW,CE,Towers with Radar,32,21,30,36,119,0,4,44,16,64,32,25,74,52,183,32,44,76,259
01/08/2015,AFW,TX,ASW,CE,Towers with Radar,34,17,28,29,108,0,3,149,4,156,34,20,177,33,264,300,40,340,604
01/09/2015,AFW,TX,ASW,CE,Towers with Radar,25,13,40,27,105,0,0,107,2,109,25,13,147,29,214,188,52,240,454
01/10/2015,AFW,TX,ASW,CE,Towers with Radar,0,3,5,8,16,0,0,26,0,26,0,3,31,8,42,22,0,22,64
01/11/2015,AFW,TX,ASW,CE,Towers with Radar,0,2,8,2,12,0,0,0,0,0,0,2,8,2,12,0,0,0,12
01/12/2015,AFW,TX,ASW,CE,Towers with Radar,4,4,46,30,84,0,0,39,0,39,4,4,85,30,123,72,0,72,195
01/13/2015,AFW,TX,ASW,CE,Towers with Radar,32,19,22,23,96,0,0,52,0,52,32,19,74,23,148,156,18,174,322
01/14/2015,AFW,TX,ASW,CE,Towers with Radar,37,21,40,62,160,0,0,105,4,109,37,21,145,66,269,208,34,242,511
01/15/2015,AFW,TX,ASW,CE,Towers with Radar,31,20,48,38,137,0,1,145,0,146,31,21,193,38,283,172,26,198,481
01/16/2015,AFW,TX,ASW,CE,Towers with Radar,25,12,31,46,114,0,1,130,3,134,25,13,161,49,248,258,50,308,556
01/17/2015,AFW,TX,ASW,CE,Towers with Radar,3,4,14,19,40,0,0,40,1,41,3,4,54,20,81,72,8,80,161
01/18/2015,AFW,TX,ASW,CE,Towers with Radar,1,1,11,15,28,0,0,46,0,46,1,1,57,15,74,104,0,104,178
01/19/2015,AFW,TX,ASW,CE,Towers with Radar,6,6,22,9,43,0,1,135,0,136,6,7,157,9,179,218,0,218,397
01/20/2015,AFW,TX,ASW,CE,Towers with Radar,36,22,19,39,116,0,0,101,2,103,36,22,120,41,219,130,42,172,391
01/21/2015,AFW,TX,ASW,CE,Towers with Radar,33,17,47,27,124,0,0,133,0,133,33,17,180,27,257,152,60,212,469
01/22/2015,AFW,TX,ASW,CE,Towers with Radar,29,18,57,0,104,0,0,18,0,18,29,18,75,0,122,0,0,0,122
01/23/2015,AFW,TX,ASW,CE,Towers with Radar,28,12,43,27,110,0,1,156,2,159,28,13,199,29,269,256,88,344,613
01/24/2015,AFW,TX,ASW,CE,Towers with Radar,0,2,7,10,19,0,0,83,6,89,0,2,90,16,108,244,36,280,388
01/25/2015,AFW,TX,ASW,CE,Towers with Radar,0,2,14,25,41,0,2,21,2,25,0,4,35,27,66,42,2,44,110
01/26/2015,AFW,TX,ASW,CE,Towers with Radar,6,7,35,10,58,0,0,140,0,140,6,7,175,10,198,126,2,128,326
01/27/2015,AFW,TX,ASW,CE,Towers with Radar,30,18,60,29,137,0,1,193,0,194,30,19,253,29,331,310,34,344,675
01/28/2015,AFW,TX,ASW,CE,Towers with Radar,33,19,54,36,142,0,1,171,5,177,33,20,225,41,319,274,20,294,613
01/29/2015,AFW,TX,ASW,CE,Towers with Radar,30,17,56,32,135,0,3,171,1,175,30,20,227,33,310,264,2,266,576
01/30/2015,AFW,TX,ASW,CE,Towers with Radar,22,17,43,74,156,0,0,163,3,166,22,17,206,77,322,124,16,140,462
01/31/2015,AFW,TX,ASW,CE,Towers with Radar,2,0,15,0,17,0,0,9,0,9,2,0,24,0,26,58,0,58,84
02/01/2015,AFW,TX,ASW,CE,Towers with Radar,0,0,2,47,49,0,0,0,0,0,0,0,2,47,49,0,0,0,49
02/02/2015,AFW,TX,ASW,CE,Towers with Radar,6,8,24,13,51,0,0,130,1,131,6,8,154,14,182,150,8,158,340
02/03/2015,AFW,TX,ASW,CE,Towers with Radar,32,20,50,9,111,0,9,145,0,154,32,29,195,9,265,170,14,184,449
02/04/2015,AFW,TX,ASW,CE,Towers with Radar,33,19,94,26,172,0,0,69,1,70,33,19,163,27,242,66,0,66,308
02/05/2015,AFW,TX,ASW,CE,Towers with Radar,30,16,19,24,89,0,0,61,0,61,30,16,80,24,150,102,0,102,252
02/06/2015,AFW,TX,ASW,CE,Towers with Radar,23,16,54,89,182,0,0,168,2,170,23,16,222,91,352,192,6,198,550
02/07/2015,AFW,TX,ASW,CE,Towers with Radar,0,4,5,42,51,0,0,87,5,92,0,4,92,47,143,164,36,200,343
02/08/2015,AFW,TX,ASW,CE,Towers with Radar,0,5,19,37,61,0,0,27,4,31,0,5,46,41,92,36,0,36,128
02/09/2015,AFW,TX,ASW,CE,Towers with Radar,9,5,33,50,97,0,2,115,3,120,9,7,148,53,217,100,50,150,367
02/10/2015,AFW,TX,ASW,CE,Towers with Radar,37,19,60,34,150,0,0,194,4,198,37,19,254,38,348,316,20,336,684
02/11/2015,AFW,TX,ASW,CE,Towers with Radar,39,21,58,21,139,0,5,171,3,179,39,26,229,24,318,248,2,250,568
02/12/2015,AFW,TX,ASW,CE,Towers with Radar,48,20,55,25,148,0,4,169,3,176,48,24,224,28,324,216,6,222,546
02/13/2015,AFW,TX,ASW,CE,Towers with Radar,29,16,39,62,146,0,0,146,7,153,29,16,185,69,299,274,36,310,609
02/14/2015,AFW,TX,ASW,CE,Towers with Radar,0,0,6,32,38,0,2,87,4,93,0,2,93,36,131,192,16,208,339
02/15/2015,AFW,TX,ASW,CE,Towers with Radar,0,3,8,18,29,0,0,14,0,14,0,3,22,18,43,32,0,32,75
02/16/2015,AFW,TX,ASW,CE,Towers with Radar,7,6,6,1,20,0,0,49,0,49,7,6,55,1,69,6,0,6,75
02/17/2015,AFW,TX,ASW,CE,Towers with Radar,28,20,28,42,118,0,2,129,9,140,28,22,157,51,258,186,20,206,464
02/18/2015,AFW,TX,ASW,CE,Towers with Radar,37,22,46,51,156,0,7,191,5,203,37,29,237,56,359,234,12,246,605
02/19/2015,AFW,TX,ASW,CE,Towers with Radar,32,19,51,29,131,0,3,176,1,180,32,22,227,30,311,184,10,194,505
02/20/2015,AFW,TX,ASW,CE,Towers with Radar,23,14,47,64,148,0,0,54,0,54,23,14,101,64,202,50,50,100,302
02/21/2015,AFW,TX,ASW,CE,Towers with Radar,0,1,15,39,55,0,0,30,0,30,0,1,45,39,85,76,10,86,171
02/22/2015,AFW,TX,ASW,CE,Towers with Radar,1,0,9,2,12,0,0,5,0,5,1,0,14,2,17,4,0,4,21
02/23/2015,AFW,TX,ASW,CE,Towers with Radar,4,1,2,0,7,0,0,0,0,0,4,1,2,0,7,0,0,0,7
02/24/2015,AFW,TX,ASW,CE,Towers with Radar,27,11,10,20,68,0,0,29,0,29,27,11,39,20,97,0,22,22,119
02/25/2015,AFW,TX,ASW,CE,Towers with Radar,32,10,18,13,73,0,2,81,0,83,32,12,99,13,156,124,0,124,280
02/26/2015,AFW,TX,ASW,CE,Towers with Radar,34,19,18,24,95,0,1,81,0,82,34,20,99,24,177,38,16,54,231
02/27/2015,AFW,TX,ASW,CE,Towers with Radar,24,11,9,0,44,0,0,7,0,7,24,11,16,0,51,2,0,2,53
02/28/2015,AFW,TX,ASW,CE,Towers with Radar,0,1,0,0,1,0,0,0,0,0,0,1,0,0,1,0,0,0,1
03/01/2015,AFW,TX,ASW,CE,Towers with Radar,1,0,5,3,9,0,0,0,0,0,1,0,5,3,9,0,0,0,9
03/02/2015,AFW,TX,ASW,CE,Towers with Radar,4,4,61,5,74,0,0,0,0,0,4,4,61,5,74,0,0,0,74
03/03/2015,AFW,TX,ASW,CE,Towers with Radar,29,10,60,32,131,0,0,21,0,21,29,10,81,32,152,26,0,26,178
03/04/2015,AFW,TX,ASW,CE,Towers with Radar,31,11,41,3,86,0,0,25,0,25,31,11,66,3,111,58,0,58,169
03/05/2015,AFW,TX,ASW,CE,Towers with Radar,31,9,13,8,61,0,0,72,0,72,31,9,85,8,133,26,0,26,159
03/06/2015,AFW,TX,ASW,CE,Towers with Radar,24,18,49,38,129,0,2,154,6,162,24,20,203,44,291,206,52,258,549
03/07/2015,AFW,TX,ASW,CE,Towers with Radar,2,2,27,53,84,0,0,92,6,98,2,2,119,59,182,184,16,200,382
03/08/2015,AFW,TX,ASW,CE,Towers with Radar,0,1,7,12,20,0,0,7,4,11,0,1,14,16,31,2,0,2,33
03/09/2015,AFW,TX,ASW,CE,Towers with Radar,4,11,30,5,50,0,0,0,0,0,4,11,30,5,50,0,0,0,50
03/10/2015,AFW,TX,ASW,CE,Towers with Radar,30,19,94,12,155,0,4,74,1,79,30,23,168,13,234,74,0,74,308
03/11/2015,AFW,TX,ASW,CE,Towers with Radar,36,18,45,28,127,0,0,125,2,127,36,18,170,30,254,118,10,128,382
03/12/2015,AFW,TX,ASW,CE,Towers with Radar,31,20,62,19,132,0,0,185,1,186,31,20,247,20,318,280,0,280,598
03/13/2015,AFW,TX,ASW,CE,Towers with Radar,26,17,52,60,155,0,0,64,2,66,26,17,116,62,221,26,12,38,259
03/14/2015,AFW,TX,ASW,CE,Towers with Radar,0,5,12,24,41,0,0,42,6,48,0,5,54,30,89,78,4,82,171
03/15/2015,AFW,TX,ASW,CE,Towers with Radar,0,2,16,13,31,0,0,41,1,42,0,2,57,14,73,124,0,124,197
03/16/2015,AFW,TX,ASW,CE,Towers with Radar,5,11,29,13,58,0,3,141,1,145,5,14,170,14,203,172,2,174,377
03/17/2015,AFW,TX,ASW,CE,Towers with Radar,30,27,53,24,134,0,3,203,0,206,30,30,256,24,340,202,8,210,550
03/18/2015,AFW,TX,ASW,CE,Towers with Radar,33,16,61,19,129,0,4,79,0,83,33,20,140,19,212,104,0,104,316
03/19/2015,AFW,TX,ASW,CE,Towers with Radar,30,20,70,9,129,0,0,55,0,55,30,20,125,9,184,80,0,80,264
03/20/2015,AFW,TX,ASW,CE,Towers with Radar,25,15,62,2,104,0,0,14,0,14,25,15,76,2,118,48,0,48,166
03/21/2015,AFW,TX,ASW,CE,Towers with Radar,2,5,23,1,31,0,0,22,0,22,2,5,45,1,53,52,0,52,105
03/22/2015,AFW,TX,ASW,CE,Towers with Radar,0,1,19,6,26,0,0,32,1,33,0,1,51,7,59,98,2,100,159
03/23/2015,AFW,TX,ASW,CE,Towers with Radar,4,9,25,33,71,0,0,147,6,153,4,9,172,39,224,234,14,248,472
03/24/2015,AFW,TX,ASW,CE,Towers with Radar,34,24,64,10,132,0,1,140,2,143,34,25,204,12,275,200,4,204,479
03/25/2015,AFW,TX,ASW,CE,Towers with Radar,30,17,64,28,139,0,4,122,5,131,30,21,186,33,270,156,8,164,434
03/26/2015,AFW,TX,ASW,CE,Towers with Radar,31,12,63,41,147,0,2,135,4,141,31,14,198,45,288,164,14,178,466
03/27/2015,AFW,TX,ASW,CE,Towers with Radar,23,18,43,30,114,0,0,183,4,187,23,18,226,34,301,262,34,296,597
03/28/2015,AFW,TX,ASW,CE,Towers with Radar,0,3,9,7,19,0,0,70,0,70,0,3,79,7,89,90,8,98,187
03/29/2015,AFW,TX,ASW,CE,Towers with Radar,0,5,13,11,29,0,0,36,4,40,0,5,49,15,69,92,0,92,161
03/30/2015,AFW,TX,ASW,CE,Towers with Radar,6,11,32,5,54,0,1,160,1,162,6,12,192,6,216,320,10,330,546
03/31/2015,AFW,TX,ASW,CE,Towers with Radar,34,20,49,31,134,0,2,182,1,185,34,22,231,32,319,232,16,248,567
04/01/2015,AFW,TX,ASW,CE,Towers with Radar,35,20,66,13,134,0,0,82,2,84,35,20,148,15,218,126,18,144,362
04/02/2015,AFW,TX,ASW,CE,Towers with Radar,31,24,46,39,140,0,0,107,5,112,31,24,153,44,252,98,38,136,388
04/03/2015,AFW,TX,ASW,CE,Towers with Radar,25,19,27,17,88,0,0,102,2,104,25,19,129,19,192,86,26,112,304
04/04/2015,AFW,TX,ASW,CE,Towers with Radar,0,3,19,0,22,0,0,49,0,49,0,3,68,0,71,162,0,162,233
04/05/2015,AFW,TX,ASW,CE,Towers with Radar,0,2,13,8,23,0,0,1,0,1,0,2,14,8,24,0,0,0,24
04/06/2015,AFW,TX,ASW,CE,Towers with Radar,5,6,35,27,73,0,0,95,0,95,5,6,130,27,168,66,8,74,242
04/07/2015,AFW,TX,ASW,CE,Towers with Radar,29,20,59,44,152,0,6,149,0,155,29,26,208,44,307,180,40,220,527
04/08/2015,AFW,TX,ASW,CE,Towers with Radar,30,20,36,26,112,0,0,92,0,92,30,20,128,26,204,140,0,140,344
04/09/2015,AFW,TX,ASW,CE,Towers with Radar,37,22,81,20,160,0,0,109,4,113,37,22,190,24,273,162,10,172,445
04/10/2015,AFW,TX,ASW,CE,Towers with Radar,27,25,54,30,136,0,6,138,8,152,27,31,192,38,288,216,56,272,560
04/11/2015,AFW,TX,ASW,CE,Towers with Radar,5,7,70,7,89,0,0,51,2,53,5,7,121,9,142,96,12,108,250
04/12/2015,AFW,TX,ASW,CE,Towers with Radar,4,6,41,12,63,0,0,15,1,16,4,6,56,13,79,12,6,18,97
04/13/2015,AFW,TX,ASW,CE,Towers with Radar,3,11,24,5,43,0,0,54,1,55,3,11,78,6,98,46,4,50,148
04/14/2015,AFW,TX,ASW,CE,Towers with Radar,33,22,61,24,140,0,0,80,0,80,33,22,141,24,220,110,0,110,330
04/15/2015,AFW,TX,ASW,CE,Towers with Radar,31,21,65,20,137,0,2,210,6,218,31,23,275,26,355,398,46,444,799
04/16/2015,AFW,TX,ASW,CE,Towers with Radar,27,26,87,29,169,0,0,82,0,82,27,26,169,29,251,150,0,150,401
04/17/2015,AFW,TX,ASW,CE,Towers with Radar,24,20,70,25,139,0,0,27,0,27,24,20,97,25,166,40,8,48,214
04/18/2015,AFW,TX,ASW,CE,Towers with Radar,5,3,12,22,42,0,0,80,0,80,5,3,92,22,122,230,0,230,352
04/19/2015,AFW,TX,ASW,CE,Towers with Radar,0,4,16,34,54,0,0,26,7,33,0,4,42,41,87,46,22,68,155
04/20/2015,AFW,TX,ASW,CE,Towers with Radar,4,5,25,23,57,0,2,144,3,149,4,7,169,26,206,132,24,156,362
04/21/2015,AFW,TX,ASW,CE,Towers with Radar,32,26,46,4,108,0,0,117,0,117,32,26,163,4,225,138,4,142,367
04/22/2015,AFW,TX,ASW,CE,Towers with Radar,31,27,71,33,162,0,2,80,0,82,31,29,151,33,244,102,4,106,350
04/23/2015,AFW,TX,ASW,CE,Towers with Radar,29,21,68,27,145,0,0,15,0,15,29,21,83,27,160,2,0,2,162
04/24/2015,AFW,TX,ASW,CE,Towers with Radar,23,19,26,28,96,0,0,40,0,40,23,19,66,28,136,20,0,20,156
04/25/2015,AFW,TX,ASW,CE,Towers with Radar,1,5,10,29,45,0,3,92,1,96,1,8,102,30,141,230,4,234,375
04/26/2015,AFW,TX,ASW,CE,Towers with Radar,0,3,5,14,22,0,0,31,0,31,0,3,36,14,53,8,18,26,79
04/27/2015,AFW,TX,ASW,CE,Towers with Radar,4,11,37,10,62,0,1,65,0,66,4,12,102,10,128,66,0,66,194
04/28/2015,AFW,TX,ASW,CE,Towers with Radar,30,20,57,34,141,0,1,32,0,33,30,21,89,34,174,82,0,82,256
04/29/2015,AFW,TX,ASW,CE,Towers with Radar,32,26,68,33,159,0,3,178,1,182,32,29,246,34,341,310,8,318,659
04/30/2015,AFW,TX,ASW,CE,Towers with Radar,27,23,47,26,123,0,2,148,0,150,27,25,195,26,273,188,6,194,467
05/01/2015,AFW,TX,ASW,CE,Towers with Radar,19,20,30,85,154,0,4,137,0,141,19,24,167,85,295,232,32,264,559
05/02/2015,AFW,TX,ASW,CE,Towers with Radar,0,3,11,16,30,0,0,94,6,100,0,3,105,22,130,166,4,170,300
05/03/2015,AFW,TX,ASW,CE,Towers with Radar,0,5,24,6,35,0,0,37,0,37,0,5,61,6,72,100,0,100,172
05/04/2015,AFW,TX,ASW,CE,Towers with Radar,5,9,28,63,105,0,1,71,1,73,5,10,99,64,178,182,16,198,376
05/05/2015,AFW,TX,ASW,CE,Towers with Radar,34,17,58,18,127,0,0,38,1,39,34,17,96,19,166,176,24,200,366
05/06/2015,AFW,TX,ASW,CE,Towers with Radar,34,22,71,35,162,0,3,50,0,53,34,25,121,35,215,110,6,116,331
05/07/2015,AFW,TX,ASW,CE,Towers with Radar,29,17,77,27,150,0,2,25,0,27,29,19,102,27,177,46,2,48,225
05/08/2015,AFW,TX,ASW,CE,Towers with Radar,27,29,37,26,119,0,4,38,1,43,27,33,75,27,162,33,23,56,218
05/09/2015,AFW,TX,ASW,CE,Towers with Radar,0,1,13,2,16,0,0,6,0,6,0,1,19,2,22,6,0,6,28
05/10/2015,AFW,TX,ASW,CE,Towers with Radar,0,4,6,4,14,0,0,0,0,0,0,4,6,4,14,0,0,0,14
05/11/2015,AFW,TX,ASW,CE,Towers with Radar,5,15,43,27,90,0,0,123,2,125,5,15,166,29,215,286,22,308,523
05/12/2015,AFW,TX,ASW,CE,Towers with Radar,28,29,58,28,143,0,2,79,1,82,28,31,137,29,225,122,8,130,355
05/13/2015,AFW,TX,ASW,CE,Towers with Radar,31,30,42,10,113,0,0,12,0,12,31,30,54,10,125,32,0,32,157
05/14/2015,AFW,TX,ASW,CE,Towers with Radar,25,31,54,18,128,0,0,56,1,57,25,31,110,19,185,156,0,156,341
05/15/2015,AFW,TX,ASW,CE,Towers with Radar,20,28,30,29,107,0,1,34,5,40,20,29,64,34,147,154,20,174,321
05/16/2015,AFW,TX,ASW,CE,Towers with Radar,0,2,7,21,30,0,0,15,0,15,0,2,22,21,45,38,0,38,83
05/17/2015,AFW,TX,ASW,CE,Towers with Radar,0,3,8,3,14,0,0,29,1,30,0,3,37,4,44,104,0,104,148
05/18/2015,AFW,TX,ASW,CE,Towers with Radar,4,8,34,15,61,0,0,90,1,91,4,8,124,16,152,252,20,272,424
05/19/2015,AFW,TX,ASW,CE,Towers with Radar,26,33,48,14,121,0,0,30,1,31,26,33,78,15,152,70,6,76,228
05/20/2015,AFW,TX,ASW,CE,Towers with Radar,29,26,69,47,171,0,0,53,4,57,29,26,122,51,228,130,44,174,402
05/21/2015,AFW,TX,ASW,CE,Towers with Radar,25,23,74,14,136,0,1,39,0,40,25,24,113,14,176,138,0,138,314
05/22/2015,AFW,TX,ASW,CE,Towers with Radar,21,20,41,2,84,0,0,3,0,3,21,20,44,2,87,0,0,0,87
05/23/2015,AFW,TX,ASW,CE,Towers with Radar,0,0,2,0,2,0,0,2,0,2,0,0,4,0,4,0,0,0,4
05/24/2015,AFW,TX,ASW,CE,Towers with Radar,0,0,7,0,7,0,0,19,0,19,0,0,26,0,26,26,0,26,52
05/25/2015,AFW,TX,ASW,CE,Towers with Radar,0,2,13,1,16,0,0,15,0,15,0,2,28,1,31,73,0,73,104
05/26/2015,AFW,TX,ASW,CE,Towers with Radar,2,24,17,12,55,0,0,3,0,3,2,24,20,12,58,42,0,42,100
05/27/2015,AFW,TX,ASW,CE,Towers with Radar,37,32,52,5,126,0,3,92,6,101,37,35,144,11,227,172,12,184,411
05/28/2015,AFW,TX,ASW,CE,Towers with Radar,28,26,41,18,113,0,7,89,5,101,28,33,130,23,214,192,24,216,430
05/29/2015,AFW,TX,ASW,CE,Towers with Radar,26,14,48,43,131,0,1,35,0,36,26,15,83,43,167,88,0,88,255
05/30/2015,AFW,TX,ASW,CE,Towers with Radar,0,0,23,23,46,0,0,23,0,23,0,0,46,23,69,108,84,192,261
05/31/2015,AFW,TX,ASW,CE,Towers with Radar,0,10,24,6,40,0,0,62,1,63,0,10,86,7,103,150,2,152,255
06/01/2015,AFW,TX,ASW,CE,Towers with Radar,4,15,29,16,64,0,0,108,0,108,4,15,137,16,172,194,8,202,374
06/02/2015,AFW,TX,ASW,CE,Towers with Radar,30,28,36,41,135,0,2,124,1,127,30,30,160,42,262,244,6,250,512
06/03/2015,AFW,TX,ASW,CE,Towers with Radar,28,27,59,43,157,0,5,143,2,150,28,32,202,45,307,326,40,366,673
06/04/2015,AFW,TX,ASW,CE,Towers with Radar,26,26,50,23,125,0,0,124,7,131,26,26,174,30,256,272,8,280,536
06/05/2015,AFW,TX,ASW,CE,Towers with Radar,23,24,67,38,152,0,2,125,7,134,23,26,192,45,286,150,12,162,448
06/06/2015,AFW,TX,ASW,CE,Towers with Radar,1,6,20,31,58,0,2,77,7,86,1,8,97,38,144,132,18,150,294
06/07/2015,AFW,TX,ASW,CE,Towers with Radar,2,1,22,25,50,0,0,51,1,52,2,1,73,26,102,118,2,120,222
06/08/2015,AFW,TX,ASW,CE,Towers with Radar,4,12,24,20,60,0,1,130,2,133,4,13,154,22,193,222,0,222,415
06/09/2015,AFW,TX,ASW,CE,Towers with Radar,23,34,50,21,128,0,0,125,2,127,23,34,175,23,255,292,20,312,567
06/10/2015,AFW,TX,ASW,CE,Towers with Radar,30,25,66,25,146,0,0,138,0,138,30,25,204,25,284,286,0,286,570
06/11/2015,AFW,TX,ASW,CE,Towers with Radar,26,28,59,26,139,0,1,116,1,118,26,29,175,27,257,218,0,218,475
06/12/2015,AFW,TX,ASW,CE,Towers with Radar,19,18,40,118,195,0,1,70,4,75,19,19,110,122,270,160,68,228,498
06/13/2015,AFW,TX,ASW,CE,Towers with Radar,0,0,10,35,45,0,0,36,11,47,0,0,46,46,92,164,130,294,386
06/14/2015,AFW,TX,ASW,CE,Towers with Radar,0,8,13,60,81,0,0,20,2,22,0,8,33,62,103,56,4,60,163
06/15/2015,AFW,TX,ASW,CE,Towers with Radar,4,7,31,11,53,0,2,22,1,25,4,9,53,12,78,44,0,44,122
06/16/2015,AFW,TX,ASW,CE,Towers with Radar,28,22,46,10,106,0,0,11,0,11,28,22,57,10,117,16,0,16,133
06/17/2015,AFW,TX,ASW,CE,Towers with Radar,29,27,17,0,73,0,0,3,0,3,29,27,20,0,76,0,0,0,76
06/18/2015,AFW,TX,ASW,CE,Towers with Radar,28,27,65,15,135,0,0,117,1,118,28,27,182,16,253,194,10,204,457
06/19/2015,AFW,TX,ASW,CE,Towers with Radar,19,18,53,15,105,0,0,115,0,115,19,18,168,15,220,240,0,240,460
06/20/2015,AFW,TX,ASW,CE,Towers with Radar,0,1,11,28,40,0,0,50,0,50,0,1,61,28,90,142,18,160,250
06/21/2015,AFW,TX,ASW,CE,Towers with Radar,0,7,10,18,35,0,0,17,1,18,0,7,27,19,53,64,12,76,129
06/22/2015,AFW,TX,ASW,CE,Towers with Radar,3,8,32,27,70,0,0,97,2,99,3,8,129,29,169,178,26,204,373
06/23/2015,AFW,TX,ASW,CE,Towers with Radar,28,28,46,26,128,0,0,150,0,150,28,28,196,26,278,228,24,252,530
06/24/2015,AFW,TX,ASW,CE,Towers with Radar,32,23,61,39,155,0,0,136,7,143,32,23,197,46,298,154,60,214,512
06/25/2015,AFW,TX,ASW,CE,Towers with Radar,27,29,60,15,131,0,0,87,2,89,27,29,147,17,220,184,6,190,410
06/26/2015,AFW,TX,ASW,CE,Towers with Radar,20,18,48,73,159,0,0,78,2,80,20,18,126,75,239,152,96,248,487
06/27/2015,AFW,TX,ASW,CE,Towers with Radar,0,4,9,25,38,0,0,68,3,71,0,4,77,28,109,148,18,166,275
06/28/2015,AFW,TX,ASW,CE,Towers with Radar,0,5,8,48,61,0,1,40,4,45,0,6,48,52,106,94,12,106,212
06/29/2015,AFW,TX,ASW,CE,Towers with Radar,6,8,27,41,82,0,1,88,5,94,6,9,115,46,176,198,10,208,384
06/30/2015,AFW,TX,ASW,CE,Towers with Radar,24,32,53,28,137,0,2,98,5,105,24,34,151,33,242,126,16,142,384
07/01/2015,AFW,TX,ASW,CE,Towers with Radar,26,27,42,75,170,0,0,103,8,111,26,27,145,83,281,154,100,254,535
07/02/2015,AFW,TX,ASW,CE,Towers with Radar,26,25,22,1,74,0,0,53,2,55,26,25,75,3,129,76,2,78,207
07/03/2015,AFW,TX,ASW,CE,Towers with Radar,21,16,10,0,47,0,0,34,1,35,21,16,44,1,82,126,0,126,208
07/04/2015,AFW,TX,ASW,CE,Towers with Radar,0,0,0,0,0,0,0,28,0,28,0,0,28,0,28,74,0,74,102
07/05/2015,AFW,TX,ASW,CE,Towers with Radar,0,4,10,0,14,0,0,32,0,32,0,4,42,0,46,106,0,106,152
07/06/2015,AFW,TX,ASW,CE,Towers with Radar,3,8,11,55,77,0,0,77,0,77,3,8,88,55,154,159,18,177,331
07/07/2015,AFW,TX,ASW,CE,Towers with Radar,30,23,40,54,147,0,1,62,2,65,30,24,102,56,212,78,72,150,362
07/08/2015,AFW,TX,ASW,CE,Towers with Radar,27,23,44,13,107,0,3,54,0,57,27,26,98,13,164,80,0,80,244
07/09/2015,AFW,TX,ASW,CE,Towers with Radar,28,29,66,29,152,0,2,110,0,112,28,31,176,29,264,154,10,164,428
07/10/2015,AFW,TX,ASW,CE,Towers with Radar,19,21,58,33,131,0,1,115,0,116,19,22,173,33,247,126,26,152,399
07/11/2015,AFW,TX,ASW,CE,Towers with Radar,0,3,11,33,47,0,0,72,2,74,0,3,83,35,121,124,20,144,265
07/12/2015,AFW,TX,ASW,CE,Towers with Radar,0,4,9,59,72,0,0,53,5,58,0,4,62,64,130,134,44,178,308
07/13/2015,AFW,TX,ASW,CE,Towers with Radar,5,9,43,10,67,0,0,115,0,115,5,9,158,10,182,308,8,316,498
07/14/2015,AFW,TX,ASW,CE,Towers with Radar,27,23,58,44,152,0,0,120,1,121,27,23,178,45,273,194,10,204,477
07/15/2015,AFW,TX,ASW,CE,Towers with Radar,30,23,51,56,160,0,0,119,0,119,30,23,170,56,279,182,16,198,477
07/16/2015,AFW,TX,ASW,CE,Towers with Radar,29,29,63,43,164,0,0,110,0,110,29,29,173,43,274,138,34,172,446
07/17/2015,AFW,TX,ASW,CE,Towers with Radar,21,27,27,77,152,0,1,96,3,100,21,28,123,80,252,122,56,178,430
07/18/2015,AFW,TX,ASW,CE,Towers with Radar,0,0,17,33,50,0,0,67,1,68,0,0,84,34,118,144,18,162,280
07/19/2015,AFW,TX,ASW,CE,Towers with Radar,0,0,19,27,46,0,0,38,1,39,0,0,57,28,85,74,34,108,193
07/20/2015,AFW,TX,ASW,CE,Towers with Radar,6,3,15,30,54,0,0,70,3,73,6,3,85,33,127,232,50,282,409
07/21/2015,AFW,TX,ASW,CE,Towers with Radar,27,25,53,28,133,0,0,113,3,116,27,25,166,31,249,214,0,214,463
07/22/2015,AFW,TX,ASW,CE,Towers with Radar,33,24,65,16,138,0,2,91,2,95,33,26,156,18,233,252,14,266,499
07/23/2015,AFW,TX,ASW,CE,Towers with Radar,26,25,56,26,133,0,1,115,4,120,26,26,171,30,253,250,32,282,535
07/24/2015,AFW,TX,ASW,CE,Towers with Radar,21,16,43,68,148,0,0,84,2,86,21,16,127,70,234,134,32,166,400
07/25/2015,AFW,TX,ASW,CE,Towers with Radar,0,2,6,63,71,0,0,55,4,59,0,2,61,67,130,206,52,258,388
07/26/2015,AFW,TX,ASW,CE,Towers with Radar,0,1,13,51,65,0,0,39,10,49,0,1,52,61,114,58,12,70,184
07/27/2015,AFW,TX,ASW,CE,Towers with Radar,4,8,39,0,51,0,0,89,12,101,4,8,128,12,152,128,8,136,288
07/28/2015,AFW,TX,ASW,CE,Towers with Radar,29,26,56,10,121,0,0,150,2,152,29,26,206,12,273,232,0,232,505
07/29/2015,AFW,TX,ASW,CE,Towers with Radar,31,27,67,6,131,0,0,122,2,124,31,27,189,8,255,240,20,260,515
07/30/2015,AFW,TX,ASW,CE,Towers with Radar,29,26,68,18,141,0,0,119,8,127,29,26,187,26,268,158,32,190,458
07/31/2015,AFW,TX,ASW,CE,Towers with Radar,19,15,40,43,117,0,2,77,6,85,19,17,117,49,202,156,16,172,374
08/01/2015,AFW,TX,ASW,CE,Towers with Radar,0,0,8,24,32,0,0,51,3,54,0,0,59,27,86,138,8,146,232
08/02/2015,AFW,TX,ASW,CE,Towers with Radar,0,2,10,22,34,0,0,47,1,48,0,2,57,23,82,60,16,76,158
08/03/2015,AFW,TX,ASW,CE,Towers with Radar,4,8,15,16,43,0,1,82,2,85,4,9,97,18,128,228,16,244,372
08/04/2015,AFW,TX,ASW,CE,Towers with Radar,27,22,42,8,99,0,1,110,1,112,27,23,152,9,211,258,4,262,473
08/05/2015,AFW,TX,ASW,CE,Towers with Radar,29,23,59,35,146,0,0,121,8,129,29,23,180,43,275,212,16,228,503
08/06/2015,AFW,TX,ASW,CE,Towers with Radar,30,30,55,49,164,0,0,102,8,110,30,30,157,57,274,204,46,250,524
08/07/2015,AFW,TX,ASW,CE,Towers with Radar,20,17,43,52,132,0,0,91,2,93,20,17,134,54,225,278,48,326,551
08/08/2015,AFW,TX,ASW,CE,Towers with Radar,0,0,9,30,39,0,0,54,1,55,0,0,63,31,94,130,54,184,278
08/09/2015,AFW,TX,ASW,CE,Towers with Radar,0,3,11,27,41,0,0,27,2,29,0,3,38,29,70,32,8,40,110
08/10/2015,AFW,TX,ASW,CE,Towers with Radar,9,10,27,31,77,0,0,68,1,69,9,10,95,32,146,134,32,166,312
08/11/2015,AFW,TX,ASW,CE,Towers with Radar,26,27,58,43,154,0,0,90,4,94,26,27,148,47,248,116,28,144,392
08/12/2015,AFW,TX,ASW,CE,Towers with Radar,32,22,57,32,143,0,0,100,5,105,32,22,157,37,248,160,28,188,436
08/13/2015,AFW,TX,ASW,CE,Towers with Radar,28,22,51,23,124,0,0,132,0,132,28,22,183,23,256,262,16,278,534
08/14/2015,AFW,TX,ASW,CE,Towers with Radar,23,16,30,58,127,0,0,54,4,58,23,16,84,62,185,192,62,254,439
08/15/2015,AFW,TX,ASW,CE,Towers with Radar,1,1,10,32,44,0,0,46,1,47,1,1,56,33,91,130,18,148,239
08/16/2015,AFW,TX,ASW,CE,Towers with Radar,0,0,8,29,37,0,0,15,0,15,0,0,23,29,52,20,0,20,72
08/17/2015,AFW,TX,ASW,CE,Towers with Radar,4,11,16,52,83,0,0,52,1,53,4,11,68,53,136,72,6,78,214
08/18/2015,AFW,TX,ASW,CE,Towers with Radar,26,23,43,90,182,0,0,79,2,81,26,23,122,92,263,180,32,212,475
08/19/2015,AFW,TX,ASW,CE,Towers with Radar,28,22,48,42,140,0,0,41,4,45,28,22,89,46,185,72,24,96,281
08/20/2015,AFW,TX,ASW,CE,Towers with Radar,30,22,48,54,154,0,2,117,1,120,30,24,165,55,274,278,10,288,562
08/21/2015,AFW,TX,ASW,CE,Towers with Radar,20,21,43,42,126,0,0,74,4,78,20,21,117,46,204,216,16,232,436
08/22/2015,AFW,TX,ASW,CE,Towers with Radar,0,1,7,12,20,0,0,54,4,58,0,1,61,16,78,144,14,158,236
08/23/2015,AFW,TX,ASW,CE,Towers with Radar,0,1,14,7,22,0,0,31,5,36,0,1,45,12,58,26,0,26,84
08/24/2015,AFW,TX,ASW,CE,Towers with Radar,8,5,19,31,63,0,0,114,0,114,8,5,133,31,177,198,40,238,415
08/25/2015,AFW,TX,ASW,CE,Towers with Radar,29,30,50,32,141,0,0,118,4,122,29,30,168,36,263,168,26,194,457
08/26/2015,AFW,TX,ASW,CE,Towers with Radar,30,19,62,42,153,1,0,116,8,125,31,19,178,50,278,224,32,256,534
08/27/2015,AFW,TX,ASW,CE,Towers with Radar,31,22,68,42,163,0,2,126,4,132,31,24,194,46,295,384,14,398,693
08/28/2015,AFW,TX,ASW,CE,Towers with Radar,18,16,34,36,104,0,3,115,8,126,18,19,149,44,230,164,46,210,440
08/29/2015,AFW,TX,ASW,CE,Towers with Radar,0,3,4,10,17,0,0,57,3,60,0,3,61,13,77,144,10,154,231
08/30/2015,AFW,TX,ASW,CE,Towers with Radar,0,1,12,27,40,0,0,39,0,39,0,1,51,27,79,118,14,132,211
08/31/2015,AFW,TX,ASW,CE,Towers with Radar,6,15,12,19,52,0,0,57,3,60,6,15,69,22,112,100,4,104,216
09/01/2015,AFW,TX,ASW,CE,Towers with Radar,35,21,37,14,107,0,0,78,2,80,35,21,115,16,187,238,4,242,429
09/02/2015,AFW,TX,ASW,CE,Towers with Radar,32,22,49,2,105,0,2,124,4,130,32,24,173,6,235,266,8,274,509
09/03/2015,AFW,TX,ASW,CE,Towers with Radar,29,27,63,13,132,0,1,118,7,126,29,28,181,20,258,190,12,202,460
09/04/2015,AFW,TX,ASW,CE,Towers with Radar,25,18,50,14,107,0,0,91,2,93,25,18,141,16,200,114,2,116,316
09/05/2015,AFW,TX,ASW,CE,Towers with Radar,0,1,23,0,24,0,0,53,0,53,0,1,76,0,77,88,0,88,165
09/06/2015,AFW,TX,ASW,CE,Towers with Radar,0,2,23,0,25,0,0,32,0,32,0,2,55,0,57,38,0,38,95
09/07/2015,AFW,TX,ASW,CE,Towers with Radar,3,1,8,4,16,1,0,41,0,42,4,1,49,4,58,76,4,80,138
09/08/2015,AFW,TX,ASW,CE,Towers with Radar,7,5,13,24,49,0,1,42,1,44,7,6,55,25,93,110,10,120,213
09/09/2015,AFW,TX,ASW,CE,Towers with Radar,35,23,32,37,127,0,0,27,11,38,35,23,59,48,165,24,28,52,217
09/10/2015,AFW,TX,ASW,CE,Towers with Radar,35,21,15,5,76,0,1,44,15,60,35,22,59,20,136,38,10,48,184
09/11/2015,AFW,TX,ASW,CE,Towers with Radar,29,13,10,2,54,0,0,55,2,57,29,13,65,4,111,2,8,10,121
09/12/2015,AFW,TX,ASW,CE,Towers with Radar,0,0,0,0,0,0,0,25,1,26,0,0,25,1,26,24,0,24,50
09/13/2015,AFW,TX,ASW,CE,Towers with Radar,0,5,3,6,14,0,0,49,2,51,0,5,52,8,65,2,0,2,67
09/14/2015,AFW,TX,ASW,CE,Towers with Radar,3,8,27,6,44,0,1,88,1,90,3,9,115,7,134,54,2,56,190
09/15/2015,AFW,TX,ASW,CE,Towers with Radar,32,28,54,32,146,0,0,101,1,102,32,28,155,33,248,146,6,152,400
09/16/2015,AFW,TX,ASW,CE,Towers with Radar,33,25,71,20,149,0,3,86,4,93,33,28,157,24,242,108,2,110,352
09/17/2015,AFW,TX,ASW,CE,Towers with Radar,29,26,69,37,161,0,2,135,0,137,29,28,204,37,298,208,22,230,528
09/18/2015,AFW,TX,ASW,CE,Towers with Radar,22,22,53,27,124,0,1,133,3,137,22,23,186,30,261,164,38,202,463
09/19/2015,AFW,TX,ASW,CE,Towers with Radar,2,3,24,40,69,0,0,35,0,35,2,3,59,40,104,34,46,80,184
09/20/2015,AFW,TX,ASW,CE,Towers with Radar,0,5,18,26,49,0,0,57,11,68,0,5,75,37,117,154,12,166,283
09/21/2015,AFW,TX,ASW,CE,Towers with Radar,5,6,35,29,75,0,0,120,1,121,5,6,155,30,196,240,40,280,476
09/22/2015,AFW,TX,ASW,CE,Towers with Radar,30,23,51,37,141,0,4,179,1,184,30,27,230,38,325,346,52,398,723
09/23/2015,AFW,TX,ASW,CE,Towers with Radar,32,28,75,44,179,0,2,177,3,182,32,30,252,47,361,246,38,284,645
09/24/2015,AFW,TX,ASW,CE,Towers with Radar,31,21,65,24,141,0,0,168,3,171,31,21,233,27,312,254,22,276,588
09/25/2015,AFW,TX,ASW,CE,Towers with Radar,22,17,57,21,117,0,0,127,1,128,22,17,184,22,245,44,20,64,309
09/26/2015,AFW,TX,ASW,CE,Towers with Radar,0,0,13,28,41,0,0,124,1,125,0,0,137,29,166,108,14,122,288
09/27/2015,AFW,TX,ASW,CE,Towers with Radar,0,2,39,10,51,0,0,111,0,111,0,2,150,10,162,26,0,26,188
09/28/2015,AFW,TX,ASW,CE,Towers with Radar,5,8,28,23,64,0,0,85,0,85,5,8,113,23,149,252,12,264,413
09/29/2015,AFW,TX,ASW,CE,Towers with Radar,30,25,69,15,139,0,1,116,0,117,30,26,185,15,256,198,4,202,458
09/30/2015,AFW,TX,ASW,CE,Towers with Radar,31,25,70,2,128,0,1,139,0,140,31,26,209,2,268,258,0,258,526
10/01/2015,AFW,TX,ASW,CE,Towers with Radar,32,24,40,36,132,0,1,98,2,101,32,25,138,38,233,222,2,224,457
10/02/2015,AFW,TX,ASW,CE,Towers with Radar,21,20,28,20,89,0,0,97,8,105,21,20,125,28,194,198,22,220,414
10/03/2015,AFW,TX,ASW,CE,Towers with Radar,0,0,12,14,26,0,0,62,0,62,0,0,74,14,88,134,0,134,222
10/04/2015,AFW,TX,ASW,CE,Towers with Radar,0,2,13,6,21,0,0,37,0,37,0,2,50,6,58,82,0,82,140
10/05/2015,AFW,TX,ASW,CE,Towers with Radar,3,9,27,41,80,0,1,97,0,98,3,10,124,41,178,190,0,190,368
10/06/2015,AFW,TX,ASW,CE,Towers with Radar,32,24,60,40,156,0,1,108,2,111,32,25,168,42,267,168,12,180,447
10/07/2015,AFW,TX,ASW,CE,Towers with Radar,31,33,63,22,149,0,0,126,2,128,31,33,189,24,277,208,6,214,491
10/08/2015,AFW,TX,ASW,CE,Towers with Radar,29,25,80,41,175,0,1,142,3,146,29,26,222,44,321,412,0,412,733
10/09/2015,AFW,TX,ASW,CE,Towers with Radar,22,18,68,17,125,0,2,112,0,114,22,20,180,17,239,212,2,214,453
10/10/2015,AFW,TX,ASW,CE,Towers with Radar,0,2,30,2,34,0,0,117,0,117,0,2,147,2,151,112,0,112,263
10/11/2015,AFW,TX,ASW,CE,Towers with Radar,1,3,29,0,33,0,0,55,0,55,1,3,84,0,88,30,0,30,118
10/12/2015,AFW,TX,ASW,CE,Towers with Radar,6,9,19,1,35,0,0,88,0,88,6,9,107,1,123,180,0,180,303
10/13/2015,AFW,TX,ASW,CE,Towers with Radar,35,29,18,33,115,0,2,73,0,75,35,31,91,33,190,150,10,160,350
10/14/2015,AFW,TX,ASW,CE,Towers with Radar,31,24,52,30,137,0,1,113,1,115,31,25,165,31,252,236,0,236,488
10/15/2015,AFW,TX,ASW,CE,Towers with Radar,30,29,69,23,151,0,1,113,0,114,30,30,182,23,265,224,0,224,489
10/16/2015,AFW,TX,ASW,CE,Towers with Radar,22,19,48,48,137,0,3,99,2,104,22,22,147,50,241,218,40,258,499
10/17/2015,AFW,TX,ASW,CE,Towers with Radar,3,4,26,28,61,0,0,96,2,98,3,4,122,30,159,182,8,190,349
10/18/2015,AFW,TX,ASW,CE,Towers with Radar,0,4,13,22,39,0,0,42,1,43,0,4,55,23,82,126,2,128,210
10/19/2015,AFW,TX,ASW,CE,Towers with Radar,6,19,14,10,49,0,0,98,3,101,6,19,112,13,150,196,0,196,346
10/20/2015,AFW,TX,ASW,CE,Towers with Radar,29,24,57,26,136,0,1,124,0,125,29,25,181,26,261,192,16,208,469
10/21/2015,AFW,TX,ASW,CE,Towers with Radar,34,25,82,16,157,0,0,63,0,63,34,25,145,16,220,64,0,64,284
10/22/2015,AFW,TX,ASW,CE,Towers with Radar,32,20,51,14,117,0,0,27,0,27,32,20,78,14,144,78,0,78,222
10/23/2015,AFW,TX,ASW,CE,Towers with Radar,22,21,19,1,63,0,0,0,0,0,22,21,19,1,63,0,0,0,63
10/24/2015,AFW,TX,ASW,CE,Towers with Radar,0,2,6,0,8,0,0,0,0,0,0,2,6,0,8,0,0,0,8
10/25/2015,AFW,TX,ASW,CE,Towers with Radar,0,2,5,9,16,0,0,9,1,10,0,2,14,10,26,44,6,50,76
10/26/2015,AFW,TX,ASW,CE,Towers with Radar,4,6,35,13,58,0,1,79,1,81,4,7,114,14,139,162,8,170,309
10/27/2015,AFW,TX,ASW,CE,Towers with Radar,32,24,56,11,123,0,0,147,0,147,32,24,203,11,270,282,14,296,566
10/28/2015,AFW,TX,ASW,CE,Towers with Radar,32,26,85,31,174,0,0,127,3,130,32,26,212,34,304,142,60,202,506
10/29/2015,AFW,TX,ASW,CE,Towers with Radar,32,25,76,20,153,0,1,134,1,136,32,26,210,21,289,298,4,302,591
10/30/2015,AFW,TX,ASW,CE,Towers with Radar,27,23,16,0,66,0,0,2,0,2,27,23,18,0,68,0,0,0,68
10/31/2015,AFW,TX,ASW,CE,Towers with Radar,3,8,17,18,46,0,0,3,0,3,3,8,20,18,49,0,0,0,49
11/01/2015,AFW,TX,ASW,CE,Towers with Radar,0,3,13,6,22,0,0,12,0,12,0,3,25,6,34,10,0,10,44
11/02/2015,AFW,TX,ASW,CE,Towers with Radar,5,4,27,5,41,0,0,84,5,89,5,4,111,10,130,142,14,156,286
11/03/2015,AFW,TX,ASW,CE,Towers with Radar,35,18,42,9,104,0,3,91,5,99,35,21,133,14,203,206,0,206,409
11/04/2015,AFW,TX,ASW,CE,Towers with Radar,39,17,92,24,172,0,2,83,0,85,39,19,175,24,257,188,6,194,451
11/05/2015,AFW,TX,ASW,CE,Towers with Radar,46,13,46,1,106,0,0,4,0,4,46,13,50,1,110,8,0,8,118
11/06/2015,AFW,TX,ASW,CE,Towers with Radar,33,17,39,35,124,0,4,62,1,67,33,21,101,36,191,92,14,106,297
11/07/2015,AFW,TX,ASW,CE,Towers with Radar,4,6,42,3,55,0,0,42,0,42,4,6,84,3,97,54,0,54,151
11/08/2015,AFW,TX,ASW,CE,Towers with Radar,10,7,82,8,107,0,0,68,0,68,10,7,150,8,175,30,0,30,205
11/09/2015,AFW,TX,ASW,CE,Towers with Radar,5,11,25,40,81,0,2,103,0,105,5,13,128,40,186,244,24,268,454
11/10/2015,AFW,TX,ASW,CE,Towers with Radar,35,26,42,26,129,0,5,108,2,115,35,31,150,28,244,276,2,278,522
11/11/2015,AFW,TX,ASW,CE,Towers with Radar,39,23,33,15,110,0,1,30,2,33,39,24,63,17,143,42,0,42,185
11/12/2015,AFW,TX,ASW,CE,Towers with Radar,39,22,27,44,132,0,4,110,2,116,39,26,137,46,248,292,8,300,548
11/13/2015,AFW,TX,ASW,CE,Towers with Radar,26,21,48,34,129,0,1,96,2,99,26,22,144,36,228,266,18,284,512
11/14/2015,AFW,TX,ASW,CE,Towers with Radar,3,0,7,4,14,0,0,57,0,57,3,0,64,4,71,174,22,196,267
11/15/2015,AFW,TX,ASW,CE,Towers with Radar,1,2,12,7,22,0,0,24,0,24,1,2,36,7,46,134,0,134,180
11/16/2015,AFW,TX,ASW,CE,Towers with Radar,3,7,8,25,43,0,0,0,0,0,3,7,8,25,43,0,0,0,43
11/17/2015,AFW,TX,ASW,CE,Towers with Radar,36,15,48,16,115,0,4,83,5,92,36,19,131,21,207,170,6,176,383
11/18/2015,AFW,TX,ASW,CE,Towers with Radar,38,24,58,44,164,0,1,146,3,150,38,25,204,47,314,290,20,310,624
11/19/2015,AFW,TX,ASW,CE,Towers with Radar,35,24,56,12,127,0,4,124,1,129,35,28,180,13,256,220,0,220,476
11/20/2015,AFW,TX,ASW,CE,Towers with Radar,28,21,42,28,119,0,1,105,1,107,28,22,147,29,226,300,24,324,550
11/21/2015,AFW,TX,ASW,CE,Towers with Radar,0,18,11,30,59,0,0,18,2,20,0,18,29,32,79,8,22,30,109
11/22/2015,AFW,TX,ASW,CE,Towers with Radar,0,3,21,9,33,0,0,89,5,94,0,3,110,14,127,246,2,248,375
11/23/2015,AFW,TX,ASW,CE,Towers with Radar,9,11,33,26,79,0,0,97,3,100,9,11,130,29,179,228,20,248,427
11/24/2015,AFW,TX,ASW,CE,Towers with Radar,36,25,63,14,138,0,0,83,0,83,36,25,146,14,221,324,4,328,549
11/25/2015,AFW,TX,ASW,CE,Towers with Radar,41,21,51,0,113,0,0,9,0,9,41,21,60,0,122,6,0,6,128
11/26/2015,AFW,TX,ASW,CE,Towers with Radar,9,0,0,0,9,0,0,0,0,0,9,0,0,0,9,0,0,0,9
11/27/2015,AFW,TX,ASW,CE,Towers with Radar,15,9,4,0,28,0,0,0,0,0,15,9,4,0,28,0,0,0,28
11/28/2015,AFW,TX,ASW,CE,Towers with Radar,2,0,5,0,7,0,0,0,0,0,2,0,5,0,7,0,0,0,7
11/29/2015,AFW,TX,ASW,CE,Towers with Radar,0,1,7,0,8,0,0,0,0,0,0,1,7,0,8,0,0,0,8
11/30/2015,AFW,TX,ASW,CE,Towers with Radar,8,5,36,29,78,0,4,14,0,18,8,9,50,29,96,70,2,72,168
12/01/2015,AFW,TX,ASW,CE,Towers with Radar,42,29,46,19,136,0,3,86,1,90,42,32,132,20,226,240,4,244,470
12/02/2015,AFW,TX,ASW,CE,Towers with Radar,42,23,57,50,172,0,0,108,3,111,42,23,165,53,283,150,2,152,435
12/03/2015,AFW,TX,ASW,CE,Towers with Radar,45,22,71,29,167,0,0,131,0,131,45,22,202,29,298,175,0,175,473
12/04/2015,AFW,TX,ASW,CE,Towers with Radar,31,18,54,30,133,0,0,107,0,107,31,18,161,30,240,262,12,274,514
12/05/2015,AFW,TX,ASW,CE,Towers with Radar,4,2,9,42,57,0,0,76,0,76,4,2,85,42,133,176,20,196,329
12/06/2015,AFW,TX,ASW,CE,Towers with Radar,0,1,5,11,17,0,0,37,1,38,0,1,42,12,55,48,0,48,103
12/07/2015,AFW,TX,ASW,CE,Towers with Radar,6,9,41,18,74,0,1,107,2,110,6,10,148,20,184,207,0,207,391
12/08/2015,AFW,TX,ASW,CE,Towers with Radar,42,21,47,48,158,0,0,82,4,86,42,21,129,52,244,202,10,212,456
12/09/2015,AFW,TX,ASW,CE,Towers with Radar,43,26,56,38,163,0,5,134,1,140,43,31,190,39,303,240,16,256,559
12/10/2015,AFW,TX,ASW,CE,Towers with Radar,46,28,87,22,183,0,1,122,0,123,46,29,209,22,306,292,0,292,598
12/11/2015,AFW,TX,ASW,CE,Towers with Radar,34,19,59,42,154,0,2,94,5,101,34,21,153,47,255,156,36,192,447
12/12/2015,AFW,TX,ASW,CE,Towers with Radar,5,2,13,6,26,0,0,9,0,9,5,2,22,6,35,40,0,40,75
12/13/2015,AFW,TX,ASW,CE,Towers with Radar,0,5,12,12,29,0,0,22,1,23,0,5,34,13,52,66,0,66,118
12/14/2015,AFW,TX,ASW,CE,Towers with Radar,10,8,24,18,60,0,13,73,1,87,10,21,97,19,147,48,14,62,209
12/15/2015,AFW,TX,ASW,CE,Towers with Radar,45,23,82,22,172,0,0,102,4,106,45,23,184,26,278,176,6,182,460
12/16/2015,AFW,TX,ASW,CE,Towers with Radar,48,25,116,26,215,0,1,121,0,122,48,26,237,26,337,122,16,138,475
12/17/2015,AFW,TX,ASW,CE,Towers with Radar,45,22,82,27,176,0,1,115,3,119,45,23,197,30,295,236,58,294,589
12/18/2015,AFW,TX,ASW,CE,Towers with Radar,38,19,52,31,140,0,0,76,5,81,38,19,128,36,221,204,46,250,471
12/19/2015,AFW,TX,ASW,CE,Towers with Radar,26,17,17,28,88,0,0,46,2,48,26,17,63,30,136,174,12,186,322
12/20/2015,AFW,TX,ASW,CE,Towers with Radar,9,1,9,16,35,0,0,2,0,2,9,1,11,16,37,10,0,10,47
12/21/2015,AFW,TX,ASW,CE,Towers with Radar,9,6,22,5,42,0,0,95,1,96,9,6,117,6,138,158,4,162,300
12/22/2015,AFW,TX,ASW,CE,Towers with Radar,47,29,44,3,123,0,0,99,1,100,47,29,143,4,223,198,0,198,421
12/23/2015,AFW,TX,ASW,CE,Towers with Radar,48,17,29,5,99,0,0,41,1,42,48,17,70,6,141,82,0,82,223
12/24/2015,AFW,TX,ASW,CE,Towers with Radar,37,14,12,0,63,0,0,30,0,30,37,14,42,0,93,96,0,96,189
12/25/2015,AFW,TX,ASW,CE,Towers with Radar,0,0,5,0,5,0,0,3,0,3,0,0,8,0,8,6,0,6,14
12/26/2015,AFW,TX,ASW,CE,Towers with Radar,2,0,12,0,14,0,0,4,0,4,2,0,16,0,18,14,0,14,32
12/27/2015,AFW,TX,ASW,CE,Towers with Radar,7,8,3,0,18,0,0,0,0,0,7,8,3,0,18,0,0,0,18
12/28/2015,AFW,TX,ASW,CE,Towers with Radar,5,9,9,2,25,0,0,0,0,0,5,9,9,2,25,0,0,0,25
12/29/2015,AFW,TX,ASW,CE,Towers with Radar,38,22,19,4,83,0,0,67,0,67,38,22,86,4,150,146,8,154,304
12/30/2015,AFW,TX,ASW,CE,Towers with Radar,38,20,25,15,98,0,0,50,2,52,38,20,75,17,150,114,10,124,274
12/31/2015,AFW,TX,ASW,CE,Towers with Radar,34,14,11,0,59,0,0,53,1,54,34,14,64,1,113,122,0,122,235
01/01/2016,AFW,TX,ASW,CE,Towers with Radar,0,0,1,0,1,0,0,20,0,20,0,0,21,0,21,58,0,58,79
01/02/2016,AFW,TX,ASW,CE,Towers with Radar,0,4,19,0,23,0,0,50,0,50,0,4,69,0,73,140,0,140,213
01/03/2016,AFW,TX,ASW,CE,Towers with Radar,0,3,18,0,21,0,0,33,0,33,0,3,51,0,54,109,0,109,163
01/04/2016,AFW,TX,ASW,CE,Towers with Radar,4,6,31,2,43,0,0,79,0,79,4,6,110,2,122,118,0,118,240
01/05/2016,AFW,TX,ASW,CE,Towers with Radar,39,17,65,31,152,1,0,72,0,73,40,17,137,31,225,134,46,180,405
01/06/2016,AFW,TX,ASW,CE,Towers with Radar,37,14,84,62,197,0,0,23,0,23,37,14,107,62,220,78,6,84,304
01/07/2016,AFW,TX,ASW,CE,Towers with Radar,41,21,45,18,125,0,0,74,2,76,41,21,119,20,201,218,0,218,419
01/08/2016,AFW,TX,ASW,CE,Towers with Radar,25,16,38,125,204,0,3,92,1,96,25,19,130,126,300,156,110,266,566
01/09/2016,AFW,TX,ASW,CE,Towers with Radar,0,0,6,31,37,0,0,8,1,9,0,0,14,32,46,34,16,50,96
01/10/2016,AFW,TX,ASW,CE,Towers with Radar,0,1,13,42,56,0,0,36,2,38,0,1,49,44,94,100,74,174,268
01/11/2016,AFW,TX,ASW,CE,Towers with Radar,5,6,15,45,71,0,0,89,3,92,5,6,104,48,163,140,56,196,359
01/12/2016,AFW,TX,ASW,CE,Towers with Radar,37,30,32,30,129,0,0,107,3,110,37,30,139,33,239,186,0,186,425
01/13/2016,AFW,TX,ASW,CE,Towers with Radar,40,21,60,17,138,0,0,80,0,80,40,21,140,17,218,112,4,116,334
01/14/2016,AFW,TX,ASW,CE,Towers with Radar,37,24,49,26,136,0,4,76,0,80,37,28,125,26,216,114,0,114,330
01/15/2016,AFW,TX,ASW,CE,Towers with Radar,22,15,62,4,103,0,0,89,0,89,22,15,151,4,192,208,10,218,410
01/16/2016,AFW,TX,ASW,CE,Towers with Radar,0,1,5,24,30,0,0,14,0,14,0,1,19,24,44,36,0,36,80
01/17/2016,AFW,TX,ASW,CE,Towers with Radar,0,0,5,9,14,0,0,35,0,35,0,0,40,9,49,112,2,114,163
01/18/2016,AFW,TX,ASW,CE,Towers with Radar,6,11,17,12,46,0,1,51,0,52,6,12,68,12,98,132,0,132,230
01/19/2016,AFW,TX,ASW,CE,Towers with Radar,43,22,20,45,130,0,0,31,0,31,43,22,51,45,161,80,0,80,241
01/20/2016,AFW,TX,ASW,CE,Towers with Radar,37,22,56,74,189,0,1,63,2,66,37,23,119,76,255,70,8,78,333
01/21/2016,AFW,TX,ASW,CE,Towers with Radar,38,22,23,25,108,0,0,2,0,2,38,22,25,25,110,14,6,20,130
01/22/2016,AFW,TX,ASW,CE,Towers with Radar,22,17,53,44,136,0,3,74,3,80,22,20,127,47,216,132,34,166,382
01/23/2016,AFW,TX,ASW,CE,Towers with Radar,0,4,17,27,48,0,2,49,2,53,0,6,66,29,101,156,18,174,275
01/24/2016,AFW,TX,ASW,CE,Towers with Radar,0,0,12,17,29,0,0,45,3,48,0,0,57,20,77,68,20,88,165
01/25/2016,AFW,TX,ASW,CE,Towers with Radar,5,9,33,61,108,0,0,48,1,49,5,9,81,62,157,160,16,176,333
01/26/2016,AFW,TX,ASW,CE,Towers with Radar,40,27,46,23,136,0,0,50,1,51,40,27,96,24,187,108,22,130,317
01/27/2016,AFW,TX,ASW,CE,Towers with Radar,40,22,64,59,185,0,2,85,0,87,40,24,149,59,272,206,22,228,500
01/28/2016,AFW,TX,ASW,CE,Towers with Radar,39,26,53,22,140,0,1,101,1,103,39,27,154,23,243,220,12,232,475
01/29/2016,AFW,TX,ASW,CE,Towers with Radar,23,19,57,15,114,0,2,73,1,76,23,21,130,16,190,68,0,68,258
01/30/2016,AFW,TX,ASW,CE,Towers with Radar,0,3,17,31,51,0,0,58,2,60,0,3,75,33,111,52,4,56,167
01/31/2016,AFW,TX,ASW,CE,Towers with Radar,1,3,18,19,41,0,0,44,5,49,1,3,62,24,90,82,0,82,172
02/01/2016,AFW,TX,ASW,CE,Towers with Radar,5,3,32,12,52,0,0,23,2,25,5,3,55,14,77,30,14,44,121
02/02/2016,AFW,TX,ASW,CE,Towers with Radar,39,20,35,18,112,0,2,24,1,27,39,22,59,19,139,20,0,20,159
02/03/2016,AFW,TX,ASW,CE,Towers with Radar,45,18,67,17,147,0,0,74,2,76,45,18,141,19,223,122,0,122,345
02/04/2016,AFW,TX,ASW,CE,Towers with Radar,36,26,68,27,157,0,1,89,0,90,36,27,157,27,247,99,36,135,382
02/05/2016,AFW,TX,ASW,CE,Towers with Radar,24,17,53,52,146,0,1,97,7,105,24,18,150,59,251,216,68,284,535
02/06/2016,AFW,TX,ASW,CE,Towers with Radar,0,5,13,33,51,0,0,32,3,35,0,5,45,36,86,80,88,168,254
02/07/2016,AFW,TX,ASW,CE,Towers with Radar,0,1,18,14,33,0,0,35,0,35,0,1,53,14,68,68,0,68,136
02/08/2016,AFW,TX,ASW,CE,Towers with Radar,5,6,25,7,43,0,2,37,1,40,5,8,62,8,83,38,0,38,121
02/09/2016,AFW,TX,ASW,CE,Towers with Radar,45,24,51,29,149,0,2,102,2,106,45,26,153,31,255,194,8,202,457
02/10/2016,AFW,TX,ASW,CE,Towers with Radar,39,22,49,32,142,0,0,100,3,103,39,22,149,35,245,68,26,94,339
02/11/2016,AFW,TX,ASW,CE,Towers with Radar,44,22,59,15,140,0,2,102,1,105,44,24,161,16,245,276,44,320,565
02/12/2016,AFW,TX,ASW,CE,Towers with Radar,27,17,58,19,121,0,0,113,8,121,27,17,171,27,242,194,8,202,444
02/13/2016,AFW,TX,ASW,CE,Towers with Radar,0,0,12,17,29,0,0,64,8,72,0,0,76,25,101,112,6,118,219
02/14/2016,AFW,TX,ASW,CE,Towers with Radar,0,1,9,13,23,0,0,24,5,29,0,1,33,18,52,30,4,34,86
02/15/2016,AFW,TX,ASW,CE,Towers with Radar,5,6,23,5,39,0,0,61,5,66,5,6,84,10,105,80,0,80,185
02/16/2016,AFW,TX,ASW,CE,Towers with Radar,38,20,26,45,129,0,0,96,0,96,38,20,122,45,225,154,36,190,415
02/17/2016,AFW,TX,ASW,CE,Towers with Radar,40,24,47,19,130,0,0,110,1,111,40,24,157,20,241,162,30,192,433
02/18/2016,AFW,TX,ASW,CE,Towers with Radar,39,24,50,43,156,0,0,75,2,77,39,24,125,45,233,106,24,130,363
02/19/2016,AFW,TX,ASW,CE,Towers with Radar,26,19,57,51,153,0,0,120,3,123,26,19,177,54,276,230,24,254,530
02/20/2016,AFW,TX,ASW,CE,Towers with Radar,0,3,14,20,37,0,0,44,0,44,0,3,58,20,81,116,16,132,213
02/21/2016,AFW,TX,ASW,CE,Towers with Radar,0,3,28,1,32,0,0,5,0,5,0,3,33,1,37,0,0,0,37
02/22/2016,AFW,TX,ASW,CE,Towers with Radar,2,6,10,7,25,0,0,43,0,43,2,6,53,7,68,100,0,100,168
02/23/2016,AFW,TX,ASW,CE,Towers with Radar,45,16,12,9,82,0,0,2,0,2,45,16,14,9,84,24,0,24,108
02/24/2016,AFW,TX,ASW,CE,Towers with Radar,39,26,61,43,169,0,0,89,2,91,39,26,150,45,260,220,6,226,486
02/25/2016,AFW,TX,ASW,CE,Towers with Radar,40,23,61,44,168,0,0,135,1,136,40,23,196,45,304,258,14,272,576
02/26/2016,AFW,TX,ASW,CE,Towers with Radar,23,17,59,20,119,0,0,115,1,116,23,17,174,21,235,210,4,214,449
02/27/2016,AFW,TX,ASW,CE,Towers with Radar,0,3,15,16,34,0,0,62,4,66,0,3,77,20,100,116,4,120,220
02/28/2016,AFW,TX,ASW,CE,Towers with Radar,0,2,9,7,18,0,0,21,0,21,0,2,30,7,39,22,0,22,61
02/29/2016,AFW,TX,ASW,CE,Towers with Radar,5,12,42,33,92,0,0,82,3,85,5,12,124,36,177,128,4,132,309
03/01/2016,AFW,TX,ASW,CE,Towers with Radar,39,27,39,32,137,0,2,58,1,61,39,29,97,33,198,44,0,44,242
03/02/2016,AFW,TX,ASW,CE,Towers with Radar,39,28,56,34,157,0,0,117,1,118,39,28,173,35,275,216,18,234,509
03/03/2016,AFW,TX,ASW,CE,Towers with Radar,38,23,46,56,163,0,1,105,3,109,38,24,151,59,272,100,8,108,380
03/04/2016,AFW,TX,ASW,CE,Towers with Radar,27,15,59,32,133,0,2,151,1,154,27,17,210,33,287,336,4,340,627
03/05/2016,AFW,TX,ASW,CE,Towers with Radar,0,7,11,40,58,0,0,74,0,74,0,7,85,40,132,204,4,208,340
03/06/2016,AFW,TX,ASW,CE,Towers with Radar,0,1,11,12,24,0,0,17,1,18,0,1,28,13,42,2,0,2,44
03/07/2016,AFW,TX,ASW,CE,Towers with Radar,4,7,21,12,44,0,0,5,0,5,4,7,26,12,49,26,0,26,75
03/08/2016,AFW,TX,ASW,CE,Towers with Radar,37,18,14,4,73,0,0,1,0,1,37,18,15,4,74,0,0,0,74
03/09/2016,AFW,TX,ASW,CE,Towers with Radar,39,18,44,19,120,0,0,26,0,26,39,18,70,19,146,52,0,52,198
03/10/2016,AFW,TX,ASW,CE,Towers with Radar,40,20,73,16,149,0,0,9,0,9,40,20,82,16,158,30,0,30,188
03/11/2016,AFW,TX,ASW,CE,Towers with Radar,26,19,72,26,143,0,2,0,0,2,26,21,72,26,145,14,0,14,159
03/12/2016,AFW,TX,ASW,CE,Towers with Radar,0,4,15,11,30,0,0,11,0,11,0,4,26,11,41,6,0,6,47
03/13/2016,AFW,TX,ASW,CE,Towers with Radar,2,2,15,16,35,0,0,21,1,22,2,2,36,17,57,56,12,68,125
03/14/2016,AFW,TX,ASW,CE,Towers with Radar,5,8,37,21,71,0,0,127,4,131,5,8,164,25,202,104,36,140,342
03/15/2016,AFW,TX,ASW,CE,Towers with Radar,38,24,70,21,153,0,0,121,2,123,38,24,191,23,276,226,24,250,526
03/16/2016,AFW,TX,ASW,CE,Towers with Radar,40,19,55,7,121,0,0,154,1,155,40,19,209,8,276,196,0,196,472
03/17/2016,AFW,TX,ASW,CE,Towers with Radar,37,24,41,2,104,0,0,34,0,34,37,24,75,2,138,90,0,90,228
03/18/2016,AFW,TX,ASW,CE,Towers with Radar,27,16,67,41,151,0,0,7,0,7,27,16,74,41,158,40,10,50,208
03/19/2016,AFW,TX,ASW,CE,Towers with Radar,0,0,25,42,67,0,0,63,1,64,0,0,88,43,131,162,2,164,295
03/20/2016,AFW,TX,ASW,CE,Towers with Radar,0,2,10,8,20,0,0,37,3,40,0,2,47,11,60,64,0,64,124
03/21/2016,AFW,TX,ASW,CE,Towers with Radar,4,6,24,30,64,0,0,59,1,60,4,6,83,31,124,92,12,104,228
03/22/2016,AFW,TX,ASW,CE,Towers with Radar,38,22,60,12,132,0,1,78,0,79,38,23,138,12,211,122,2,124,335
03/23/2016,AFW,TX,ASW,CE,Towers with Radar,38,14,65,38,155,0,0,49,5,54,38,14,114,43,209,74,20,94,303
03/24/2016,AFW,TX,ASW,CE,Towers with Radar,40,19,56,9,124,0,3,62,3,68,40,22,118,12,192,84,20,104,296
03/25/2016,AFW,TX,ASW,CE,Towers with Radar,24,13,50,44,131,0,6,127,3,136,24,19,177,47,267,280,36,316,583
03/26/2016,AFW,TX,ASW,CE,Towers with Radar,0,0,15,6,21,0,0,69,4,73,0,0,84,10,94,165,4,169,263
03/27/2016,AFW,TX,ASW,CE,Towers with Radar,0,2,14,1,17,0,0,14,0,14,0,2,28,1,31,0,0,0,31
03/28/2016,AFW,TX,ASW,CE,Towers with Radar,5,9,28,36,78,0,7,106,4,117,5,16,134,40,195,216,28,244,439
03/29/2016,AFW,TX,ASW,CE,Towers with Radar,37,25,77,22,161,0,2,71,0,73,37,27,148,22,234,100,0,100,334
03/30/2016,AFW,TX,ASW,CE,Towers with Radar,40,20,46,3,109,0,0,14,0,14,40,20,60,3,123,48,0,48,171
03/31/2016,AFW,TX,ASW,CE,Towers with Radar,41,21,76,58,196,0,5,109,3,117,41,26,185,61,313,184,86,270,583
04/01/2016,AFW,TX,ASW,CE,Towers with Radar,24,20,42,55,141,0,2,76,1,79,24,22,118,56,220,148,14,162,382
04/02/2016,AFW,TX,ASW,CE,Towers with Radar,0,4,24,38,66,0,0,69,4,73,0,4,93,42,139,106,2,108,247
04/03/2016,AFW,TX,ASW,CE,Towers with Radar,0,2,9,22,33,0,0,24,4,28,0,2,33,26,61,66,44,110,171
04/04/2016,AFW,TX,ASW,CE,Towers with Radar,6,6,34,46,92,0,1,89,1,91,6,7,123,47,183,162,4,166,349
04/05/2016,AFW,TX,ASW,CE,Towers with Radar,42,19,43,42,146,0,2,89,6,97,42,21,132,48,243,182,60,242,485
04/06/2016,AFW,TX,ASW,CE,Towers with Radar,43,19,41,3,106,0,3,73,2,78,43,22,114,5,184,98,6,104,288
04/07/2016,AFW,TX,ASW,CE,Towers with Radar,45,24,64,31,164,0,3,89,4,96,45,27,153,35,260,178,24,202,462
04/08/2016,AFW,TX,ASW,CE,Towers with Radar,31,16,52,43,142,0,0,115,14,129,31,16,167,57,271,200,40,240,511
04/09/2016,AFW,TX,ASW,CE,Towers with Radar,2,7,38,8,55,0,0,70,2,72,2,7,108,10,127,74,0,74,201
04/10/2016,AFW,TX,ASW,CE,Towers with Radar,3,9,62,7,81,0,0,28,0,28,3,9,90,7,109,0,0,0,109
04/11/2016,AFW,TX,ASW,CE,Towers with Radar,8,10,23,19,60,0,0,43,2,45,8,10,66,21,105,40,4,44,149
04/12/2016,AFW,TX,ASW,CE,Towers with Radar,43,16,53,13,125,0,0,72,1,73,43,16,125,14,198,76,4,80,278
04/13/2016,AFW,TX,ASW,CE,Towers with Radar,42,21,71,31,165,0,1,27,0,28,42,22,98,31,193,48,56,104,297
04/14/2016,AFW,TX,ASW,CE,Towers with Radar,43,24,66,26,159,0,0,74,5,79,43,24,140,31,238,326,10,336,574
04/15/2016,AFW,TX,ASW,CE,Towers with Radar,25,16,60,30,131,0,0,65,0,65,25,16,125,30,196,92,2,94,290
04/16/2016,AFW,TX,ASW,CE,Towers with Radar,0,5,8,20,33,0,2,5,1,8,0,7,13,21,41,0,6,6,47
04/17/2016,AFW,TX,ASW,CE,Towers with Radar,0,3,5,3,11,0,0,0,0,0,0,3,5,3,11,0,0,0,11
04/18/2016,AFW,TX,ASW,CE,Towers with Radar,5,4,33,11,53,0,0,12,0,12,5,4,45,11,65,32,0,32,97
04/19/2016,AFW,TX,ASW,CE,Towers with Radar,42,23,78,16,159,0,0,55,1,56,42,23,133,17,215,108,22,130,345
04/20/2016,AFW,TX,ASW,CE,Towers with Radar,44,22,68,23,157,0,1,61,2,64,44,23,129,25,221,124,22,146,367
04/21/2016,AFW,TX,ASW,CE,Towers with Radar,46,21,73,24,164,2,2,113,3,120,48,23,186,27,284,182,10,192,476
04/22/2016,AFW,TX,ASW,CE,Towers with Radar,26,16,38,26,106,0,0,105,1,106,26,16,143,27,212,132,4,136,348
04/23/2016,AFW,TX,ASW,CE,Towers with Radar,2,2,19,14,37,0,0,62,0,62,2,2,81,14,99,122,12,134,233
04/24/2016,AFW,TX,ASW,CE,Towers with Radar,0,6,16,16,38,0,10,22,1,33,0,16,38,17,71,70,0,70,141
04/25/2016,AFW,TX,ASW,CE,Towers with Radar,5,8,32,22,67,0,0,52,2,54,5,8,84,24,121,30,0,30,151
04/26/2016,AFW,TX,ASW,CE,Towers with Radar,39,17,55,16,127,0,5,51,0,56,39,22,106,16,183,52,0,52,235
04/27/2016,AFW,TX,ASW,CE,Towers with Radar,44,10,77,19,150,0,0,94,2,96,44,10,171,21,246,230,2,232,478
04/28/2016,AFW,TX,ASW,CE,Towers with Radar,42,22,72,34,170,0,2,105,1,108,42,24,177,35,278,164,8,172,450
04/29/2016,AFW,TX,ASW,CE,Towers with Radar,28,14,52,13,107,0,1,9,1,11,28,15,61,14,118,20,2,22,140
04/30/2016,AFW,TX,ASW,CE,Towers with Radar,0,3,10,29,42,0,0,17,0,17,0,3,27,29,59,38,0,38,97
05/01/2016,AFW,TX,ASW,CE,Towers with Radar,0,2,14,29,45,0,0,27,2,29,0,2,41,31,74,26,10,36,110
05/02/2016,AFW,TX,ASW,CE,Towers with Radar,5,7,39,7,58,0,0,59,0,59,5,7,98,7,117,130,2,132,249
05/03/2016,AFW,TX,ASW,CE,Towers with Radar,45,19,69,11,144,0,2,131,4,137,45,21,200,15,281,242,0,242,523
05/04/2016,AFW,TX,ASW,CE,Towers with Radar,44,21,80,16,161,0,2,106,3,111,44,23,186,19,272,198,8,206,478
05/05/2016,AFW,TX,ASW,CE,Towers with Radar,46,17,81,14,158,0,0,121,1,122,46,17,202,15,280,224,0,224,504
05/06/2016,AFW,TX,ASW,CE,Towers with Radar,26,27,59,32,144,0,4,103,1,108,26,31,162,33,252,147,8,155,407
05/07/2016,AFW,TX,ASW,CE,Towers with Radar,0,0,14,20,34,0,0,31,0,31,0,0,45,20,65,72,0,72,137
05/08/2016,AFW,TX,ASW,CE,Towers with Radar,0,1,7,17,25,0,1,7,0,8,0,2,14,17,33,0,0,0,33
05/09/2016,AFW,TX,ASW,CE,Towers with Radar,6,7,19,24,56,0,0,52,1,53,6,7,71,25,109,62,10,72,181
05/10/2016,AFW,TX,ASW,CE,Towers with Radar,41,18,68,14,141,0,0,90,0,90,41,18,158,14,231,108,2,110,341
05/11/2016,AFW,TX,ASW,CE,Towers with Radar,43,13,75,25,156,0,0,104,2,106,43,13,179,27,262,178,20,198,460
05/12/2016,AFW,TX,ASW,CE,Towers with Radar,46,16,76,11,149,0,1,90,1,92,46,17,166,12,241,130,10,140,381
05/13/2016,AFW,TX,ASW,CE,Towers with Radar,27,13,62,31,133,0,3,111,2,116,27,16,173,33,249,198,58,256,505
05/14/2016,AFW,TX,ASW,CE,Towers with Radar,0,0,16,41,57,0,0,39,0,39,0,0,55,41,96,34,0,34,130
05/15/2016,AFW,TX,ASW,CE,Towers with Radar,0,1,8,56,65,0,0,17,1,18,0,1,25,57,83,16,0,16,99
05/16/2016,AFW,TX,ASW,CE,Towers with Radar,8,8,19,24,59,0,0,20,0,20,8,8,39,24,79,40,12,52,131
05/17/2016,AFW,TX,ASW,CE,Towers with Radar,42,14,61,37,154,0,0,51,0,51,42,14,112,37,205,108,32,140,345
05/18/2016,AFW,TX,ASW,CE,Towers with Radar,44,21,53,42,160,0,0,26,0,26,44,21,79,42,186,22,0,22,208
05/19/2016,AFW,TX,ASW,CE,Towers with Radar,41,26,70,20,157,0,0,8,0,8,41,26,78,20,165,6,0,6,171
05/20/2016,AFW,TX,ASW,CE,Towers with Radar,27,14,55,28,124,0,0,83,3,86,27,14,138,31,210,302,50,352,562
05/21/2016,AFW,TX,ASW,CE,Towers with Radar,0,0,20,36,56,0,0,54,1,55,0,0,74,37,111,148,14,162,273
05/22/2016,AFW,TX,ASW,CE,Towers with Radar,0,5,15,14,34,0,0,10,4,14,0,5,25,18,48,42,4,46,94
05/23/2016,AFW,TX,ASW,CE,Towers with Radar,4,10,59,40,113,0,0,54,3,57,4,10,113,43,170,58,10,68,238
05/24/2016,AFW,TX,ASW,CE,Towers with Radar,44,26,81,50,201,0,0,51,4,55,44,26,132,54,256,112,14,126,382
05/25/2016,AFW,TX,ASW,CE,Towers with Radar,42,21,103,65,231,0,0,51,0,51,42,21,154,65,282,98,40,138,420
05/26/2016,AFW,TX,ASW,CE,Towers with Radar,39,13,76,4,132,0,0,59,0,59,39,13,135,4,191,62,0,62,253
05/27/2016,AFW,TX,ASW,CE,Towers with Radar,29,11,29,2,71,0,1,46,3,50,29,12,75,5,121,54,12,66,187
05/28/2016,AFW,TX,ASW,CE,Towers with Radar,0,2,9,1,12,0,0,37,0,37,0,2,46,1,49,62,0,62,111
05/29/2016,AFW,TX,ASW,CE,Towers with Radar,6,3,6,0,15,0,0,19,1,20,6,3,25,1,35,18,0,18,53
05/30/2016,AFW,TX,ASW,CE,Towers with Radar,0,0,8,1,9,0,0,20,0,20,0,0,28,1,29,86,0,86,115
05/31/2016,AFW,TX,ASW,CE,Towers with Radar,4,5,21,2,32,0,0,25,0,25,4,5,46,2,57,46,0,46,103
06/01/2016,AFW,TX,ASW,CE,Towers with Radar,40,16,73,35,164,0,0,15,0,15,40,16,88,35,179,58,24,82,261
06/02/2016,AFW,TX,ASW,CE,Towers with Radar,44,18,13,14,89,0,0,2,0,2,44,18,15,14,91,18,0,18,109
06/03/2016,AFW,TX,ASW,CE,Towers with Radar,26,16,61,10,113,0,0,26,0,26,26,16,87,10,139,88,4,92,231
06/04/2016,AFW,TX,ASW,CE,Towers with Radar,0,2,13,29,44,0,0,48,0,48,0,2,61,29,92,118,6,124,216
06/05/2016,AFW,TX,ASW,CE,Towers with Radar,0,3,18,25,46,0,0,9,2,11,0,3,27,27,57,14,10,24,81
06/06/2016,AFW,TX,ASW,CE,Towers with Radar,5,4,38,6,53,0,0,87,2,89,5,4,125,8,142,140,20,160,302
06/07/2016,AFW,TX,ASW,CE,Towers with Radar,44,18,78,16,156,0,1,139,0,140,44,19,217,16,296,252,2,254,550
06/08/2016,AFW,TX,ASW,CE,Towers with Radar,40,26,80,27,173,0,3,137,1,141,40,29,217,28,314,244,26,270,584
06/09/2016,AFW,TX,ASW,CE,Towers with Radar,47,15,93,32,187,0,2,153,1,156,47,17,246,33,343,172,14,186,529
06/10/2016,AFW,TX,ASW,CE,Towers with Radar,27,18,63,18,126,0,2,133,1,136,27,20,196,19,262,132,20,152,414
06/11/2016,AFW,TX,ASW,CE,Towers with Radar,2,5,19,12,38,0,0,24,1,25,2,5,43,13,63,38,4,42,105
06/12/2016,AFW,TX,ASW,CE,Towers with Radar,3,4,29,10,46,0,0,19,2,21,3,4,48,12,67,22,14,36,103
06/13/2016,AFW,TX,ASW,CE,Towers with Radar,5,8,43,6,62,0,0,28,0,28,5,8,71,6,90,18,0,18,108
06/14/2016,AFW,TX,ASW,CE,Towers with Radar,42,20,105,5,172,0,1,70,1,72,42,21,175,6,244,106,4,110,354
06/15/2016,AFW,TX,ASW,CE,Towers with Radar,42,19,100,20,181,0,0,107,1,108,42,19,207,21,289,102,12,114,403
06/16/2016,AFW,TX,ASW,CE,Towers with Radar,41,27,77,12,157,0,2,141,1,144,41,29,218,13,301,118,26,144,445
06/17/2016,AFW,TX,ASW,CE,Towers with Radar,28,14,50,46,138,0,0,86,5,91,28,14,136,51,229,222,46,268,497
06/18/2016,AFW,TX,ASW,CE,Towers with Radar,1,1,5,38,45,0,0,30,5,35,1,1,35,43,80,72,24,96,176
06/19/2016,AFW,TX,ASW,CE,Towers with Radar,0,0,28,13,41,0,1,13,1,15,0,1,41,14,56,0,12,12,68
06/20/2016,AFW,TX,ASW,CE,Towers with Radar,9,11,34,16,70,0,1,67,13,81,9,12,101,29,151,182,74,256,407
06/21/2016,AFW,TX,ASW,CE,Towers with Radar,47,16,85,9,157,0,0,115,1,116,47,16,200,10,273,218,0,218,491
06/22/2016,AFW,TX,ASW,CE,Towers with Radar,40,18,98,17,173,0,1,123,4,128,40,19,221,21,301,160,34,194,495
06/23/2016,AFW,TX,ASW,CE,Towers with Radar,44,26,88,15,173,0,2,122,2,126,44,28,210,17,299,126,40,166,465
06/24/2016,AFW,TX,ASW,CE,Towers with Radar,25,13,64,30,132,0,0,106,2,108,25,13,170,32,240,162,38,200,440
06/25/2016,AFW,TX,ASW,CE,Towers with Radar,8,1,14,33,56,0,0,18,1,19,8,1,32,34,75,35,8,43,118
06/26/2016,AFW,TX,ASW,CE,Towers with Radar,0,4,12,19,35,0,2,18,5,25,0,6,30,24,60,40,0,40,100
06/27/2016,AFW,TX,ASW,CE,Towers with Radar,7,9,29,19,64,0,1,57,0,58,7,10,86,19,122,50,30,80,202
06/28/2016,AFW,TX,ASW,CE,Towers with Radar,38,42,45,18,143,0,0,99,2,101,38,42,144,20,244,86,42,128,372
06/29/2016,AFW,TX,ASW,CE,Towers with Radar,41,23,45,24,133,0,4,95,1,100,41,27,140,25,233,148,22,170,403
06/30/2016,AFW,TX,ASW,CE,Towers with Radar,39,23,52,51,165,0,0,99,7,106,39,23,151,58,271,150,34,184,455
07/01/2016,AFW,TX,ASW,CE,Towers with Radar,24,19,31,54,128,0,0,67,0,67,24,19,98,54,195,90,24,114,309
07/02/2016,AFW,TX,ASW,CE,Towers with Radar,0,3,11,1,15,0,0,20,0,20,0,3,31,1,35,26,0,26,61
07/03/2016,AFW,TX,ASW,CE,Towers with Radar,0,4,6,0,10,0,0,15,1,16,0,4,21,1,26,50,0,50,76
07/04/2016,AFW,TX,ASW,CE,Towers with Radar,0,3,4,0,7,0,0,11,0,11,0,3,15,0,18,24,0,24,42
07/05/2016,AFW,TX,ASW,CE,Towers with Radar,5,10,12,3,30,0,2,30,0,32,5,12,42,3,62,56,0,56,118
07/06/2016,AFW,TX,ASW,CE,Towers with Radar,35,19,58,32,144,0,0,76,3,79,35,19,134,35,223,134,18,152,375
07/07/2016,AFW,TX,ASW,CE,Towers with Radar,36,17,50,38,141,0,0,123,1,124,36,17,173,39,265,160,0,160,425
07/08/2016,AFW,TX,ASW,CE,Towers with Radar,26,14,38,61,139,0,0,87,3,90,26,14,125,64,229,188,44,232,461
07/09/2016,AFW,TX,ASW,CE,Towers with Radar,0,1,9,7,17,0,0,22,1,23,0,1,31,8,40,60,2,62,102
07/10/2016,AFW,TX,ASW,CE,Towers with Radar,0,2,26,25,53,0,0,36,5,41,0,2,62,30,94,80,22,102,196
07/11/2016,AFW,TX,ASW,CE,Towers with Radar,6,9,32,39,86,0,0,51,0,51,6,9,83,39,137,164,0,164,301
07/12/2016,AFW,TX,ASW,CE,Towers with Radar,34,22,69,41,166,0,0,77,0,77,34,22,146,41,243,80,12,92,335
07/13/2016,AFW,TX,ASW,CE,Towers with Radar,36,18,66,60,180,0,0,93,1,94,36,18,159,61,274,166,10,176,450
07/14/2016,AFW,TX,ASW,CE,Towers with Radar,39,18,82,33,172,0,0,83,7,90,39,18,165,40,262,186,16,202,464
07/15/2016,AFW,TX,ASW,CE,Towers with Radar,22,22,53,28,125,0,1,87,1,89,22,23,140,29,214,164,14,178,392
07/16/2016,AFW,TX,ASW,CE,Towers with Radar,0,3,14,21,38,0,0,62,1,63,0,3,76,22,101,154,36,190,291
07/17/2016,AFW,TX,ASW,CE,Towers with Radar,0,4,23,13,40,0,0,48,4,52,0,4,71,17,92,90,6,96,188
07/18/2016,AFW,TX,ASW,CE,Towers with Radar,6,8,40,29,83,0,0,83,1,84,6,8,123,30,167,84,18,102,269
07/19/2016,AFW,TX,ASW,CE,Towers with Radar,35,18,74,20,147,0,0,99,0,99,35,18,173,20,246,154,0,154,400
07/20/2016,AFW,TX,ASW,CE,Towers with Radar,34,19,80,19,152,0,0,121,1,122,34,19,201,20,274,136,16,152,426
07/21/2016,AFW,TX,ASW,CE,Towers with Radar,37,17,76,24,154,0,0,100,1,101,37,17,176,25,255,249,6,255,510
07/22/2016,AFW,TX,ASW,CE,Towers with Radar,24,16,75,37,152,0,1,74,3,78,24,17,149,40,230,124,10,134,364
07/23/2016,AFW,TX,ASW,CE,Towers with Radar,0,3,8,12,23,0,1,36,0,37,0,4,44,12,60,82,6,88,148
07/24/2016,AFW,TX,ASW,CE,Towers with Radar,0,5,6,4,15,0,0,16,2,18,0,5,22,6,33,50,10,60,93
07/25/2016,AFW,TX,ASW,CE,Towers with Radar,4,5,36,13,58,0,0,43,0,43,4,5,79,13,101,68,0,68,169
07/26/2016,AFW,TX,ASW,CE,Towers with Radar,39,21,90,8,158,0,0,103,1,104,39,21,193,9,262,224,0,224,486
07/27/2016,AFW,TX,ASW,CE,Towers with Radar,35,19,65,25,144,0,3,71,2,76,35,22,136,27,220,102,6,108,328
07/28/2016,AFW,TX,ASW,CE,Towers with Radar,39,27,85,12,163,0,1,91,0,92,39,28,176,12,255,172,0,172,427
07/29/2016,AFW,TX,ASW,CE,Towers with Radar,23,19,61,49,152,0,0,69,2,71,23,19,130,51,223,170,0,170,393
07/30/2016,AFW,TX,ASW,CE,Towers with Radar,0,0,8,21,29,0,0,26,0,26,0,0,34,21,55,52,8,60,115
07/31/2016,AFW,TX,ASW,CE,Towers with Radar,0,3,8,11,22,0,0,20,1,21,0,3,28,12,43,40,0,40,83
08/01/2016,AFW,TX,ASW,CE,Towers with Radar,5,6,32,11,54,0,0,91,2,93,5,6,123,13,147,144,24,168,315
08/02/2016,AFW,TX,ASW,CE,Towers with Radar,36,22,69,28,155,0,1,94,1,96,36,23,163,29,251,74,8,82,333
08/03/2016,AFW,TX,ASW,CE,Towers with Radar,37,20,66,19,142,0,1,103,2,106,37,21,169,21,248,86,6,92,340
08/04/2016,AFW,TX,ASW,CE,Towers with Radar,42,16,51,13,122,0,0,78,2,80,42,16,129,15,202,126,14,140,342
08/05/2016,AFW,TX,ASW,CE,Towers with Radar,28,12,49,30,119,0,1,58,5,64,28,13,107,35,183,114,22,136,319
08/06/2016,AFW,TX,ASW,CE,Towers with Radar,3,1,8,51,63,0,0,28,4,32,3,1,36,55,95,66,36,102,197
08/07/2016,AFW,TX,ASW,CE,Towers with Radar,3,3,6,36,48,0,0,20,7,27,3,3,26,43,75,70,0,70,145
08/08/2016,AFW,TX,ASW,CE,Towers with Radar,9,6,16,9,40,0,0,43,2,45,9,6,59,11,85,82,6,88,173
08/09/2016,AFW,TX,ASW,CE,Towers with Radar,39,20,74,36,169,0,0,82,1,83,39,20,156,37,252,170,2,172,424
08/10/2016,AFW,TX,ASW,CE,Towers with Radar,38,18,75,49,180,0,0,132,3,135,38,18,207,52,315,180,48,228,543
08/11/2016,AFW,TX,ASW,CE,Towers with Radar,39,20,59,26,144,0,0,118,2,120,39,20,177,28,264,154,2,156,420
08/12/2016,AFW,TX,ASW,CE,Towers with Radar,34,13,57,42,146,0,2,95,1,98,34,15,152,43,244,92,32,124,368
08/13/2016,AFW,TX,ASW,CE,Towers with Radar,2,1,10,40,53,0,0,21,2,23,2,1,31,42,76,74,0,74,150
08/14/2016,AFW,TX,ASW,CE,Towers with Radar,0,7,17,60,84,0,0,16,7,23,0,7,33,67,107,26,42,68,175
08/15/2016,AFW,TX,ASW,CE,Towers with Radar,7,10,52,51,120,0,2,54,5,61,7,12,106,56,181,122,24,146,327
08/16/2016,AFW,TX,ASW,CE,Towers with Radar,38,22,106,25,191,0,0,76,2,78,38,22,182,27,269,80,6,86,355
08/17/2016,AFW,TX,ASW,CE,Towers with Radar,35,26,83,36,180,0,0,26,0,26,35,26,109,36,206,36,8,44,250
08/18/2016,AFW,TX,ASW,CE,Towers with Radar,40,26,71,19,156,0,0,29,1,30,40,26,100,20,186,66,36,102,288
08/19/2016,AFW,TX,ASW,CE,Towers with Radar,23,13,34,13,83,0,0,7,0,7,23,13,41,13,90,42,8,50,140
08/20/2016,AFW,TX,ASW,CE,Towers with Radar,0,3,15,23,41,0,0,5,1,6,0,3,20,24,47,46,6,52,99
08/21/2016,AFW,TX,ASW,CE,Towers with Radar,0,2,9,43,54,0,0,22,10,32,0,2,31,53,86,62,22,84,170
08/22/2016,AFW,TX,ASW,CE,Towers with Radar,3,11,30,29,73,0,0,25,1,26,3,11,55,30,99,34,48,82,181
08/23/2016,AFW,TX,ASW,CE,Towers with Radar,42,23,77,31,173,0,0,71,0,71,42,23,148,31,244,178,42,220,464
08/24/2016,AFW,TX,ASW,CE,Towers with Radar,34,17,76,65,192,0,0,98,1,99,34,17,174,66,291,208,38,246,537
08/25/2016,AFW,TX,ASW,CE,Towers with Radar,35,23,49,51,158,0,2,98,2,102,35,25,147,53,260,248,6,254,514
08/26/2016,AFW,TX,ASW,CE,Towers with Radar,24,22,46,60,152,0,0,44,1,45,24,22,90,61,197,114,32,146,343
08/27/2016,AFW,TX,ASW,CE,Towers with Radar,0,6,24,51,81,0,0,28,4,32,0,6,52,55,113,66,50,116,229
08/28/2016,AFW,TX,ASW,CE,Towers with Radar,7,2,15,28,52,0,2,19,3,24,7,4,34,31,76,52,6,58,134
08/29/2016,AFW,TX,ASW,CE,Towers with Radar,5,8,33,44,90,1,7,48,2,58,6,15,81,46,148,120,20,140,288
08/30/2016,AFW,TX,ASW,CE,Towers with Radar,36,21,70,42,169,0,0,112,1,113,36,21,182,43,282,216,4,220,502
08/31/2016,AFW,TX,ASW,CE,Towers with Radar,37,29,70,46,182,0,0,87,1,88,37,29,157,47,270,134,0,134,404
09/01/2016,AFW,TX,ASW,CE,Towers with Radar,38,24,68,16,146,0,0,41,0,41,38,24,109,16,187,60,8,68,255
09/02/2016,AFW,TX,ASW,CE,Towers with Radar,26,19,81,0,126,0,0,56,0,56,26,19,137,0,182,70,0,70,252
09/03/2016,AFW,TX,ASW,CE,Towers with Radar,1,3,21,0,25,0,0,46,0,46,1,3,67,0,71,44,0,44,115
09/04/2016,AFW,TX,ASW,CE,Towers with Radar,0,8,17,0,25,0,0,26,0,26,0,8,43,0,51,68,0,68,119
09/05/2016,AFW,TX,ASW,CE,Towers with Radar,0,5,10,0,15,0,0,36,0,36,0,5,46,0,51,70,0,70,121
09/06/2016,AFW,TX,ASW,CE,Towers with Radar,6,16,24,31,77,0,0,74,2,76,6,16,98,33,153,114,0,114,267
09/07/2016,AFW,TX,ASW,CE,Towers with Radar,39,21,33,19,112,0,0,53,0,53,39,21,86,19,165,138,6,144,309
09/08/2016,AFW,TX,ASW,CE,Towers with Radar,36,19,34,13,102,0,3,109,1,113,36,22,143,14,215,202,8,210,425
09/09/2016,AFW,TX,ASW,CE,Towers with Radar,23,14,45,82,164,0,0,92,2,94,23,14,137,84,258,164,12,176,434
09/10/2016,AFW,TX,ASW,CE,Towers with Radar,0,0,8,26,34,0,0,27,5,32,0,0,35,31,66,22,42,64,130
09/11/2016,AFW,TX,ASW,CE,Towers with Radar,0,4,7,8,19,0,0,33,11,44,0,4,40,19,63,44,0,44,107
09/12/2016,AFW,TX,ASW,CE,Towers with Radar,5,7,19,14,45,0,0,78,2,80,5,7,97,16,125,198,6,204,329
09/13/2016,AFW,TX,ASW,CE,Towers with Radar,38,20,87,17,162,0,1,114,1,116,38,21,201,18,278,208,10,218,496
09/14/2016,AFW,TX,ASW,CE,Towers with Radar,34,21,73,16,144,0,0,74,4,78,34,21,147,20,222,90,38,128,350
09/15/2016,AFW,TX,ASW,CE,Towers with Radar,42,26,73,17,158,0,0,98,7,105,42,26,171,24,263,182,70,252,515
09/16/2016,AFW,TX,ASW,CE,Towers with Radar,23,15,57,21,116,0,3,96,3,102,23,18,153,24,218,148,50,198,416
09/17/2016,AFW,TX,ASW,CE,Towers with Radar,0,3,8,17,28,0,0,76,0,76,0,3,84,17,104,98,24,122,226
09/18/2016,AFW,TX,ASW,CE,Towers with Radar,0,8,7,8,23,0,2,15,0,17,0,10,22,8,40,58,0,58,98
09/19/2016,AFW,TX,ASW,CE,Towers with Radar,10,9,15,43,77,0,1,94,2,97,10,10,109,45,174,106,24,130,304
09/20/2016,AFW,TX,ASW,CE,Towers with Radar,36,21,68,50,175,0,0,134,5,139,36,21,202,55,314,226,40,266,580
09/21/2016,AFW,TX,ASW,CE,Towers with Radar,35,21,62,10,128,0,0,97,2,99,35,21,159,12,227,104,12,116,343
09/22/2016,AFW,TX,ASW,CE,Towers with Radar,34,23,59,20,136,0,6,96,4,106,34,29,155,24,242,188,20,208,450
09/23/2016,AFW,TX,ASW,CE,Towers with Radar,27,12,28,16,83,0,0,57,4,61,27,12,85,20,144,158,22,180,324
09/24/2016,AFW,TX,ASW,CE,Towers with Radar,0,2,11,17,30,0,0,21,0,21,0,2,32,17,51,66,4,70,121
09/25/2016,AFW,TX,ASW,CE,Towers with Radar,0,5,7,8,20,0,0,0,0,0,0,5,7,8,20,0,0,0,20
09/26/2016,AFW,TX,ASW,CE,Towers with Radar,3,6,20,16,45,0,20,31,0,51,3,26,51,16,96,116,8,124,220
09/27/2016,AFW,TX,ASW,CE,Towers with Radar,40,21,57,25,143,0,4,104,11,119,40,25,161,36,262,198,62,260,522
09/28/2016,AFW,TX,ASW,CE,Towers with Radar,34,17,68,15,134,0,0,148,2,150,34,17,216,17,284,274,28,302,586
09/29/2016,AFW,TX,ASW,CE,Towers with Radar,35,23,29,8,95,0,1,103,3,107,35,24,132,11,202,256,20,276,478
09/30/2016,AFW,TX,ASW,CE,Towers with Radar,26,17,16,4,63,0,0,89,4,93,26,17,105,8,156,186,26,212,368
10/01/2016,AFW,TX,ASW,CE,Towers with Radar,1,3,11,2,17,0,2,76,1,79,1,5,87,3,96,120,0,120,216
10/02/2016,AFW,TX,ASW,CE,Towers with Radar,0,4,11,8,23,0,0,23,1,24,0,4,34,9,47,36,12,48,95
10/03/2016,AFW,TX,ASW,CE,Towers with Radar,7,9,10,9,35,0,3,82,1,86,7,12,92,10,121,130,0,130,251
10/04/2016,AFW,TX,ASW,CE,Towers with Radar,32,26,92,2,152,0,1,127,0,128,32,27,219,2,280,226,8,234,514
10/05/2016,AFW,TX,ASW,CE,Towers with Radar,35,26,86,25,172,0,0,132,2,134,35,26,218,27,306,212,40,252,558
10/06/2016,AFW,TX,ASW,CE,Towers with Radar,29,22,89,36,176,0,0,101,0,101,29,22,190,36,277,190,14,204,481
10/07/2016,AFW,TX,ASW,CE,Towers with Radar,26,12,58,62,158,0,0,3,1,4,26,12,61,63,162,22,14,36,198
10/08/2016,AFW,TX,ASW,CE,Towers with Radar,0,7,10,7,24,0,0,82,1,83,0,7,92,8,107,120,0,120,227
10/09/2016,AFW,TX,ASW,CE,Towers with Radar,0,1,27,0,28,0,2,36,0,38,0,3,63,0,66,62,0,62,128
10/10/2016,AFW,TX,ASW,CE,Towers with Radar,8,7,17,13,45,0,0,103,0,103,8,7,120,13,148,168,14,182,330
10/11/2016,AFW,TX,ASW,CE,Towers with Radar,37,22,34,35,128,0,1,107,4,112,37,23,141,39,240,216,26,242,482
10/12/2016,AFW,TX,ASW,CE,Towers with Radar,32,21,52,38,143,0,0,107,0,107,32,21,159,38,250,142,44,186,436
10/13/2016,AFW,TX,ASW,CE,Towers with Radar,33,21,22,13,89,0,2,31,13,46,33,23,53,26,135,96,2,98,233
10/14/2016,AFW,TX,ASW,CE,Towers with Radar,27,19,10,11,67,0,0,48,12,60,27,19,58,23,127,60,22,82,209
10/15/2016,AFW,TX,ASW,CE,Towers with Radar,0,3,2,0,5,0,0,22,11,33,0,3,24,11,38,4,0,4,42
10/16/2016,AFW,TX,ASW,CE,Towers with Radar,0,0,3,7,10,0,1,45,19,65,0,1,48,26,75,2,0,2,77
10/17/2016,AFW,TX,ASW,CE,Towers with Radar,3,9,26,16,54,0,2,70,1,73,3,11,96,17,127,110,24,134,261
10/18/2016,AFW,TX,ASW,CE,Towers with Radar,35,26,56,5,122,0,1,108,1,110,35,27,164,6,232,188,0,188,420
10/19/2016,AFW,TX,ASW,CE,Towers with Radar,30,27,64,11,132,0,0,85,0,85,30,27,149,11,217,120,6,126,343
10/20/2016,AFW,TX,ASW,CE,Towers with Radar,33,19,61,16,129,0,0,59,2,61,33,19,120,18,190,128,18,146,336
10/21/2016,AFW,TX,ASW,CE,Towers with Radar,22,16,66,16,120,0,0,125,5,130,22,16,191,21,250,248,8,256,506
10/22/2016,AFW,TX,ASW,CE,Towers with Radar,0,2,19,3,24,0,1,66,3,70,0,3,85,6,94,56,0,56,150
10/23/2016,AFW,TX,ASW,CE,Towers with Radar,0,4,17,10,31,0,0,29,0,29,0,4,46,10,60,66,0,66,126
10/24/2016,AFW,TX,ASW,CE,Towers with Radar,4,12,30,4,50,0,0,99,1,100,4,12,129,5,150,88,0,88,238
10/25/2016,AFW,TX,ASW,CE,Towers with Radar,33,21,64,10,128,0,2,119,1,122,33,23,183,11,250,340,0,340,590
10/26/2016,AFW,TX,ASW,CE,Towers with Radar,29,23,72,24,148,0,0,117,6,123,29,23,189,30,271,194,18,212,483
10/27/2016,AFW,TX,ASW,CE,Towers with Radar,31,24,61,12,128,0,4,121,1,126,31,28,182,13,254,210,2,212,466
10/28/2016,AFW,TX,ASW,CE,Towers with Radar,20,18,65,37,140,0,0,93,3,96,20,18,158,40,236,202,38,240,476
10/29/2016,AFW,TX,ASW,CE,Towers with Radar,0,1,13,12,26,0,0,56,0,56,0,1,69,12,82,110,2,112,194
10/30/2016,AFW,TX,ASW,CE,Towers with Radar,0,8,12,22,42,0,0,31,6,37,0,8,43,28,79,34,16,50,129
10/31/2016,AFW,TX,ASW,CE,Towers with Radar,10,7,34,32,83,0,1,80,0,81,10,8,114,32,164,102,0,102,266
11/01/2016,AFW,TX,ASW,CE,Towers with Radar,34,22,99,21,176,0,1,64,0,65,34,23,163,21,241,174,0,174,415
11/02/2016,AFW,TX,ASW,CE,Towers with Radar,33,18,88,21,160,0,2,51,1,54,33,20,139,22,214,32,4,36,250
11/03/2016,AFW,TX,ASW,CE,Towers with Radar,39,24,73,9,145,0,0,24,0,24,39,24,97,9,169,68,0,68,237
11/04/2016,AFW,TX,ASW,CE,Towers with Radar,34,25,54,50,163,0,0,10,2,12,34,25,64,52,175,18,28,46,221
11/05/2016,AFW,TX,ASW,CE,Towers with Radar,3,11,32,7,53,0,3,53,2,58,3,14,85,9,111,118,10,128,239
11/06/2016,AFW,TX,ASW,CE,Towers with Radar,2,17,60,7,86,0,0,29,3,32,2,17,89,10,118,0,22,22,140
11/07/2016,AFW,TX,ASW,CE,Towers with Radar,11,12,18,4,45,0,0,0,0,0,11,12,18,4,45,0,0,0,45
11/08/2016,AFW,TX,ASW,CE,Towers with Radar,38,17,78,46,179,0,0,8,0,8,38,17,86,46,187,12,0,12,199
11/09/2016,AFW,TX,ASW,CE,Towers with Radar,34,28,111,41,214,0,0,43,3,46,34,28,154,44,260,90,2,92,352
11/10/2016,AFW,TX,ASW,CE,Towers with Radar,35,21,67,32,155,0,1,139,2,142,35,22,206,34,297,284,18,302,599
11/11/2016,AFW,TX,ASW,CE,Towers with Radar,23,24,31,6,84,0,2,100,2,104,23,26,131,8,188,256,18,274,462
11/12/2016,AFW,TX,ASW,CE,Towers with Radar,0,5,20,5,30,0,0,100,0,100,0,5,120,5,130,245,2,247,377
11/13/2016,AFW,TX,ASW,CE,Towers with Radar,0,4,17,15,36,0,0,33,0,33,0,4,50,15,69,106,28,134,203
11/14/2016,AFW,TX,ASW,CE,Towers with Radar,5,6,24,31,66,0,0,103,2,105,5,6,127,33,171,244,38,282,453
11/15/2016,AFW,TX,ASW,CE,Towers with Radar,37,21,80,23,161,0,0,138,4,142,37,21,218,27,303,288,22,310,613
11/16/2016,AFW,TX,ASW,CE,Towers with Radar,33,21,78,23,155,0,0,130,4,134,33,21,208,27,289,344,8,352,641
11/17/2016,AFW,TX,ASW,CE,Towers with Radar,33,21,78,38,170,0,0,120,5,125,33,21,198,43,295,156,38,194,489
11/18/2016,AFW,TX,ASW,CE,Towers with Radar,27,18,51,46,142,0,0,76,1,77,27,18,127,47,219,158,56,214,433
11/19/2016,AFW,TX,ASW,CE,Towers with Radar,2,1,12,14,29,0,0,70,3,73,2,1,82,17,102,174,8,182,284
11/20/2016,AFW,TX,ASW,CE,Towers with Radar,0,3,14,31,48,0,0,30,4,34,0,3,44,35,82,92,0,92,174
11/21/2016,AFW,TX,ASW,CE,Towers with Radar,6,13,38,23,80,0,0,95,6,101,6,13,133,29,181,158,22,180,361
11/22/2016,AFW,TX,ASW,CE,Towers with Radar,41,17,31,14,103,0,0,15,2,17,41,17,46,16,120,42,6,48,168
11/23/2016,AFW,TX,ASW,CE,Towers with Radar,43,17,11,12,83,0,2,54,5,61,43,19,65,17,144,82,12,94,238
11/24/2016,AFW,TX,ASW,CE,Towers with Radar,7,2,3,0,12,0,0,7,0,7,7,2,10,0,19,8,0,8,27
11/25/2016,AFW,TX,ASW,CE,Towers with Radar,15,1,11,0,27,0,0,18,0,18,15,1,29,0,45,20,0,20,65
11/26/2016,AFW,TX,ASW,CE,Towers with Radar,0,0,8,0,8,0,0,35,0,35,0,0,43,0,43,86,0,86,129
11/27/2016,AFW,TX,ASW,CE,Towers with Radar,0,4,28,1,33,0,0,12,0,12,0,4,40,1,45,26,0,26,71
11/28/2016,AFW,TX,ASW,CE,Towers with Radar,11,9,19,16,55,0,0,14,0,14,11,9,33,16,69,50,8,58,127
11/29/2016,AFW,TX,ASW,CE,Towers with Radar,51,20,49,30,150,0,0,102,2,104,51,20,151,32,254,218,12,230,484
11/30/2016,AFW,TX,ASW,CE,Towers with Radar,52,22,68,7,149,0,3,134,5,142,52,25,202,12,291,262,2,264,555
12/01/2016,AFW,TX,ASW,CE,Towers with Radar,47,26,78,25,176,0,0,109,3,112,47,26,187,28,288,232,22,254,542
12/02/2016,AFW,TX,ASW,CE,Towers with Radar,34,24,60,76,194,0,0,80,2,82,34,24,140,78,276,134,10,144,420
12/03/2016,AFW,TX,ASW,CE,Towers with Radar,0,2,6,10,18,0,0,0,0,0,0,2,6,10,18,0,0,0,18
12/04/2016,AFW,TX,ASW,CE,Towers with Radar,0,2,8,29,39,0,0,4,1,5,0,2,12,30,44,10,0,10,54
12/05/2016,AFW,TX,ASW,CE,Towers with Radar,12,10,59,16,97,0,0,31,0,31,12,10,90,16,128,48,0,48,176
12/06/2016,AFW,TX,ASW,CE,Towers with Radar,50,23,78,13,164,0,0,33,0,33,50,23,111,13,197,64,0,64,261
12/07/2016,AFW,TX,ASW,CE,Towers with Radar,50,19,81,10,160,0,0,64,0,64,50,19,145,10,224,156,0,156,380
12/08/2016,AFW,TX,ASW,CE,Towers with Radar,49,28,63,20,160,0,0,77,0,77,49,28,140,20,237,132,6,138,375
12/09/2016,AFW,TX,ASW,CE,Towers with Radar,34,26,68,6,134,0,0,108,4,112,34,26,176,10,246,185,0,185,431
12/10/2016,AFW,TX,ASW,CE,Towers with Radar,0,2,6,25,33,0,0,44,0,44,0,2,50,25,77,80,32,112,189
12/11/2016,AFW,TX,ASW,CE,Towers with Radar,0,5,9,10,24,0,0,14,0,14,0,5,23,10,38,14,0,14,52
12/12/2016,AFW,TX,ASW,CE,Towers with Radar,10,13,33,34,90,0,8,94,5,107,10,21,127,39,197,208,16,224,421
12/13/2016,AFW,TX,ASW,CE,Towers with Radar,47,24,69,26,166,0,0,60,2,62,47,24,129,28,228,126,0,126,354
12/14/2016,AFW,TX,ASW,CE,Towers with Radar,48,22,89,19,178,0,0,69,1,70,48,22,158,20,248,196,14,210,458
12/15/2016,AFW,TX,ASW,CE,Towers with Radar,51,21,64,16,152,0,0,15,0,15,51,21,79,16,167,0,0,0,167
12/16/2016,AFW,TX,ASW,CE,Towers with Radar,38,16,54,87,195,0,0,21,5,26,38,16,75,92,221,48,16,64,285
12/17/2016,AFW,TX,ASW,CE,Towers with Radar,0,0,18,55,73,0,0,25,0,25,0,0,43,55,98,39,10,49,147
12/18/2016,AFW,TX,ASW,CE,Towers with Radar,12,1,10,42,65,0,0,17,2,19,12,1,27,44,84,8,20,28,112
12/19/2016,AFW,TX,ASW,CE,Towers with Radar,11,2,32,28,73,0,0,87,0,87,11,2,119,28,160,130,28,158,318
12/20/2016,AFW,TX,ASW,CE,Towers with Radar,55,26,59,12,152,0,0,137,2,139,55,26,196,14,291,236,30,266,557
12/21/2016,AFW,TX,ASW,CE,Towers with Radar,50,17,51,34,152,0,0,106,2,108,50,17,157,36,260,148,20,168,428
12/22/2016,AFW,TX,ASW,CE,Towers with Radar,54,23,37,47,161,0,0,96,5,101,54,23,133,52,262,192,34,226,488
12/23/2016,AFW,TX,ASW,CE,Towers with Radar,41,18,26,3,88,0,0,4,0,4,41,18,30,3,92,0,0,0,92
12/24/2016,AFW,TX,ASW,CE,Towers with Radar,24,10,14,0,48,0,0,0,0,0,24,10,14,0,48,0,0,0,48
12/25/2016,AFW,TX,ASW,CE,Towers with Radar,0,2,2,0,4,0,0,1,0,1,0,2,3,0,5,0,0,0,5
12/26/2016,AFW,TX,ASW,CE,Towers with Radar,0,2,23,0,25,0,0,15,0,15,0,2,38,0,40,32,0,32,72
12/27/2016,AFW,TX,ASW,CE,Towers with Radar,7,16,21,14,58,0,3,59,0,62,7,19,80,14,120,86,0,86,206
12/28/2016,AFW,TX,ASW,CE,Towers with Radar,48,16,27,13,104,0,0,43,2,45,48,16,70,15,149,122,0,122,271
12/29/2016,AFW,TX,ASW,CE,Towers with Radar,42,19,23,19,103,0,0,82,1,83,42,19,105,20,186,166,0,166,352
12/30/2016,AFW,TX,ASW,CE,Towers with Radar,31,15,20,6,72,0,4,71,0,75,31,19,91,6,147,190,2,192,339
12/31/2016,AFW,TX,ASW,CE,Towers with Radar,0,0,9,2,11,0,0,22,2,24,0,0,31,4,35,58,0,58,93
01/01/2017,AFW,TX,ASW,CE,Towers with Radar,0,3,6,0,9,0,0,13,0,13,0,3,19,0,22,34,0,34,56
01/02/2017,AFW,TX,ASW,CE,Towers with Radar,0,2,13,0,15,0,0,78,0,78,0,2,91,0,93,102,0,102,195
01/03/2017,AFW,TX,ASW,CE,Towers with Radar,8,4,39,1,52,0,0,22,0,22,8,4,61,1,74,30,0,30,104
01/04/2017,AFW,TX,ASW,CE,Towers with Radar,38,17,54,6,115,0,0,127,4,131,38,17,181,10,246,214,28,242,488
01/05/2017,AFW,TX,ASW,CE,Towers with Radar,41,15,43,13,112,0,0,60,0,60,41,15,103,13,172,106,10,116,288
01/06/2017,AFW,TX,ASW,CE,Towers with Radar,28,15,15,10,68,0,0,15,0,15,28,15,30,10,83,14,0,14,97
01/07/2017,AFW,TX,ASW,CE,Towers with Radar,0,2,15,30,47,0,0,65,1,66,0,2,80,31,113,174,0,174,287
01/08/2017,AFW,TX,ASW,CE,Towers with Radar,0,1,8,6,15,0,0,37,6,43,0,1,45,12,58,70,4,74,132
01/09/2017,AFW,TX,ASW,CE,Towers with Radar,7,5,45,48,105,0,4,78,8,90,7,9,123,56,195,40,22,62,257
01/10/2017,AFW,TX,ASW,CE,Towers with Radar,39,22,50,37,148,0,0,128,1,129,39,22,178,38,277,246,36,282,559
01/11/2017,AFW,TX,ASW,CE,Towers with Radar,35,21,72,46,174,0,0,77,3,80,35,21,149,49,254,58,56,114,368
01/12/2017,AFW,TX,ASW,CE,Towers with Radar,36,17,90,25,168,0,0,88,10,98,36,17,178,35,266,212,30,242,508
01/13/2017,AFW,TX,ASW,CE,Towers with Radar,30,19,28,3,80,0,0,4,0,4,30,19,32,3,84,22,0,22,106
01/14/2017,AFW,TX,ASW,CE,Towers with Radar,0,5,3,0,8,0,0,0,0,0,0,5,3,0,8,0,0,0,8
01/15/2017,AFW,TX,ASW,CE,Towers with Radar,0,0,5,0,5,0,0,0,0,0,0,0,5,0,5,0,0,0,5
01/16/2017,AFW,TX,ASW,CE,Towers with Radar,9,7,10,3,29,0,0,65,0,65,9,7,75,3,94,109,2,111,205
01/17/2017,AFW,TX,ASW,CE,Towers with Radar,35,23,25,10,93,0,5,56,0,61,35,28,81,10,154,106,4,110,264
01/18/2017,AFW,TX,ASW,CE,Towers with Radar,37,21,39,9,106,0,0,4,0,4,37,21,43,9,110,20,0,20,130
01/19/2017,AFW,TX,ASW,CE,Towers with Radar,33,23,48,26,130,0,4,94,2,100,33,27,142,28,230,150,14,164,394
01/20/2017,AFW,TX,ASW,CE,Towers with Radar,27,20,70,83,200,0,4,101,8,113,27,24,171,91,313,114,80,194,507
01/21/2017,AFW,TX,ASW,CE,Towers with Radar,0,5,14,113,132,0,1,34,14,49,0,6,48,127,181,70,66,136,317
01/22/2017,AFW,TX,ASW,CE,Towers with Radar,0,2,7,33,42,0,0,7,3,10,0,2,14,36,52,8,0,8,60
01/23/2017,AFW,TX,ASW,CE,Towers with Radar,8,10,25,20,63,0,5,91,0,96,8,15,116,20,159,112,2,114,273
01/24/2017,AFW,TX,ASW,CE,Towers with Radar,35,22,70,22,149,0,2,124,1,127,35,24,194,23,276,216,2,218,494
01/25/2017,AFW,TX,ASW,CE,Towers with Radar,38,21,68,18,145,0,1,131,2,134,38,22,199,20,279,168,30,198,477
01/26/2017,AFW,TX,ASW,CE,Towers with Radar,35,17,71,7,130,0,0,134,2,136,35,17,205,9,266,144,0,144,410
01/27/2017,AFW,TX,ASW,CE,Towers with Radar,24,16,76,26,142,0,0,89,5,94,24,16,165,31,236,156,2,158,394
01/28/2017,AFW,TX,ASW,CE,Towers with Radar,0,4,28,13,45,0,1,62,1,64,0,5,90,14,109,136,0,136,245
01/29/2017,AFW,TX,ASW,CE,Towers with Radar,0,11,11,6,28,0,0,19,0,19,0,11,30,6,47,72,0,72,119
01/30/2017,AFW,TX,ASW,CE,Towers with Radar,12,10,28,13,63,0,1,108,0,109,12,11,136,13,172,142,0,142,314
01/31/2017,AFW,TX,ASW,CE,Towers with Radar,37,22,68,24,151,0,3,139,0,142,37,25,207,24,293,198,8,206,499
02/01/2017,AFW,TX,ASW,CE,Towers with Radar,32,21,63,29,145,0,0,170,6,176,32,21,233,35,321,278,16,294,615
02/02/2017,AFW,TX,ASW,CE,Towers with Radar,38,17,72,26,153,0,1,76,3,80,38,18,148,29,233,184,32,216,449
02/03/2017,AFW,TX,ASW,CE,Towers with Radar,24,16,49,20,109,0,0,96,0,96,24,16,145,20,205,194,8,202,407
02/04/2017,AFW,TX,ASW,CE,Towers with Radar,0,3,8,5,16,0,0,53,1,54,0,3,61,6,70,134,54,188,258
02/05/2017,AFW,TX,ASW,CE,Towers with Radar,0,4,8,8,20,0,1,12,0,13,0,5,20,8,33,46,2,48,81
02/06/2017,AFW,TX,ASW,CE,Towers with Radar,11,10,32,10,63,0,0,38,7,45,11,10,70,17,108,68,20,88,196
02/07/2017,AFW,TX,ASW,CE,Towers with Radar,39,25,59,12,135,0,1,158,3,162,39,26,217,15,297,238,18,256,553
02/08/2017,AFW,TX,ASW,CE,Towers with Radar,38,20,68,15,141,0,0,118,4,122,38,20,186,19,263,152,30,182,445
02/09/2017,AFW,TX,ASW,CE,Towers with Radar,40,16,63,35,154,0,2,165,6,173,40,18,228,41,327,334,36,370,697
02/10/2017,AFW,TX,ASW,CE,Towers with Radar,23,21,60,24,128,0,0,87,13,100,23,21,147,37,228,146,20,166,394
02/11/2017,AFW,TX,ASW,CE,Towers with Radar,0,2,19,23,44,0,0,63,9,72,0,2,82,32,116,66,2,68,184
02/12/2017,AFW,TX,ASW,CE,Towers with Radar,0,3,10,13,26,0,0,4,4,8,0,3,14,17,34,0,2,2,36
02/13/2017,AFW,TX,ASW,CE,Towers with Radar,8,6,47,24,85,0,0,101,1,102,8,6,148,25,187,190,8,198,385
02/14/2017,AFW,TX,ASW,CE,Towers with Radar,49,14,54,1,118,0,0,18,0,18,49,14,72,1,136,12,0,12,148
02/15/2017,AFW,TX,ASW,CE,Towers with Radar,39,27,66,23,155,0,0,149,9,158,39,27,215,32,313,212,62,274,587
02/16/2017,AFW,TX,ASW,CE,Towers with Radar,37,18,63,12,130,0,0,157,0,157,37,18,220,12,287,286,2,288,575
02/17/2017,AFW,TX,ASW,CE,Towers with Radar,23,24,62,18,127,0,0,139,8,147,23,24,201,26,274,136,14,150,424
02/18/2017,AFW,TX,ASW,CE,Towers with Radar,0,2,10,0,12,0,0,100,2,102,0,2,110,2,114,118,0,118,232
02/19/2017,AFW,TX,ASW,CE,Towers with Radar,0,2,12,0,14,0,0,1,0,1,0,2,13,0,15,0,0,0,15
02/20/2017,AFW,TX,ASW,CE,Towers with Radar,13,9,14,0,36,0,0,44,0,44,13,9,58,0,80,92,0,92,172
02/21/2017,AFW,TX,ASW,CE,Towers with Radar,40,16,32,18,106,0,3,123,5,131,40,19,155,23,237,176,32,208,445
02/22/2017,AFW,TX,ASW,CE,Towers with Radar,38,18,53,24,133,0,0,151,5,156,38,18,204,29,289,172,16,188,477
02/23/2017,AFW,TX,ASW,CE,Towers with Radar,33,20,57,30,140,0,5,148,3,156,33,25,205,33,296,234,20,254,550
02/24/2017,AFW,TX,ASW,CE,Towers with Radar,27,14,36,13,90,0,0,137,3,140,27,14,173,16,230,150,24,174,404
02/25/2017,AFW,TX,ASW,CE,Towers with Radar,0,2,13,1,16,0,0,53,1,54,0,2,66,2,70,136,0,136,206
02/26/2017,AFW,TX,ASW,CE,Towers with Radar,0,3,11,25,39,0,0,6,2,8,0,3,17,27,47,20,14,34,81
02/27/2017,AFW,TX,ASW,CE,Towers with Radar,9,8,19,31,67,0,0,19,11,30,9,8,38,42,97,52,0,52,149
02/28/2017,AFW,TX,ASW,CE,Towers with Radar,40,22,83,57,202,0,1,64,2,67,40,23,147,59,269,148,6,154,423
03/01/2017,AFW,TX,ASW,CE,Towers with Radar,38,14,73,32,157,0,2,135,7,144,38,16,208,39,301,188,18,206,507
03/02/2017,AFW,TX,ASW,CE,Towers with Radar,43,18,54,38,153,0,0,173,1,174,43,18,227,39,327,256,4,260,587
03/03/2017,AFW,TX,ASW,CE,Towers with Radar,25,17,53,15,110,0,4,158,1,163,25,21,211,16,273,260,4,264,537
03/04/2017,AFW,TX,ASW,CE,Towers with Radar,2,2,14,0,18,0,0,48,0,48,2,2,62,0,66,132,0,132,198
03/05/2017,AFW,TX,ASW,CE,Towers with Radar,0,1,10,4,15,0,0,0,0,0,0,1,10,4,15,0,0,0,15
03/06/2017,AFW,TX,ASW,CE,Towers with Radar,9,9,48,26,92,0,1,35,1,37,9,10,83,27,129,28,0,28,157
03/07/2017,AFW,TX,ASW,CE,Towers with Radar,45,19,58,22,144,0,1,98,7,106,45,20,156,29,250,196,4,200,450
03/08/2017,AFW,TX,ASW,CE,Towers with Radar,38,25,72,39,174,0,2,115,7,124,38,27,187,46,298,162,18,180,478
03/09/2017,AFW,TX,ASW,CE,Towers with Radar,43,20,102,38,203,0,0,77,2,79,43,20,179,40,282,110,2,112,394
03/10/2017,AFW,TX,ASW,CE,Towers with Radar,23,22,46,16,107,0,0,31,1,32,23,22,77,17,139,62,28,90,229
03/11/2017,AFW,TX,ASW,CE,Towers with Radar,2,4,31,16,53,0,0,32,1,33,2,4,63,17,86,128,4,132,218
03/12/2017,AFW,TX,ASW,CE,Towers with Radar,1,2,4,13,20,0,0,10,1,11,1,2,14,14,31,22,2,24,55
03/13/2017,AFW,TX,ASW,CE,Towers with Radar,10,3,13,5,31,0,0,47,8,55,10,3,60,13,86,112,2,114,200
03/14/2017,AFW,TX,ASW,CE,Towers with Radar,40,24,54,34,152,0,0,145,2,147,40,24,199,36,299,142,0,142,441
03/15/2017,AFW,TX,ASW,CE,Towers with Radar,41,26,65,22,154,0,0,130,2,132,41,26,195,24,286,210,18,228,514
03/16/2017,AFW,TX,ASW,CE,Towers with Radar,41,15,75,26,157,0,0,40,0,40,41,15,115,26,197,80,0,80,277
03/17/2017,AFW,TX,ASW,CE,Towers with Radar,26,11,53,31,121,0,0,77,11,88,26,11,130,42,209,156,68,224,433
03/18/2017,AFW,TX,ASW,CE,Towers with Radar,2,6,29,6,43,0,0,61,2,63,2,6,90,8,106,178,2,180,286
03/19/2017,AFW,TX,ASW,CE,Towers with Radar,5,2,21,16,44,0,0,14,2,16,5,2,35,18,60,36,4,40,100
03/20/2017,AFW,TX,ASW,CE,Towers with Radar,23,8,29,50,110,0,0,89,0,89,23,8,118,50,199,132,14,146,345
03/21/2017,AFW,TX,ASW,CE,Towers with Radar,44,20,54,71,189,0,0,136,8,144,44,20,190,79,333,214,22,236,569
03/22/2017,AFW,TX,ASW,CE,Towers with Radar,45,19,83,49,196,0,0,130,10,140,45,19,213,59,336,192,26,218,554
03/23/2017,AFW,TX,ASW,CE,Towers with Radar,39,18,60,19,136,0,0,89,9,98,39,18,149,28,234,70,8,78,312
03/24/2017,AFW,TX,ASW,CE,Towers with Radar,25,14,25,35,99,0,0,29,14,43,25,14,54,49,142,48,22,70,212
03/25/2017,AFW,TX,ASW,CE,Towers with Radar,0,2,26,28,56,0,0,61,11,72,0,2,87,39,128,118,46,164,292
03/26/2017,AFW,TX,ASW,CE,Towers with Radar,1,0,7,23,31,0,0,8,6,14,1,0,15,29,45,36,6,42,87
03/27/2017,AFW,TX,ASW,CE,Towers with Radar,10,8,42,17,77,0,1,72,0,73,10,9,114,17,150,148,12,160,310
03/28/2017,AFW,TX,ASW,CE,Towers with Radar,37,16,76,18,147,0,0,36,0,36,37,16,112,18,183,76,2,78,261
03/29/2017,AFW,TX,ASW,CE,Towers with Radar,41,15,46,60,162,0,1,89,17,107,41,16,135,77,269,128,84,212,481
03/30/2017,AFW,TX,ASW,CE,Towers with Radar,41,21,42,22,126,0,0,111,1,112,41,21,153,23,238,206,2,208,446
03/31/2017,AFW,TX,ASW,CE,Towers with Radar,22,20,39,8,89,0,2,141,2,145,22,22,180,10,234,220,48,268,502
04/01/2017,AFW,TX,ASW,CE,Towers with Radar,0,6,23,2,31,0,0,27,0,27,0,6,50,2,58,72,0,72,130
04/02/2017,AFW,TX,ASW,CE,Towers with Radar,1,3,8,8,20,0,0,0,1,1,1,3,8,9,21,0,20,20,41
04/03/2017,AFW,TX,ASW,CE,Towers with Radar,8,5,37,33,83,0,0,104,9,113,8,5,141,42,196,234,30,264,460
04/04/2017,AFW,TX,ASW,CE,Towers with Radar,41,20,33,43,137,0,2,97,3,102,41,22,130,46,239,138,36,174,413
04/05/2017,AFW,TX,ASW,CE,Towers with Radar,40,19,23,9,91,0,2,92,2,96,40,21,115,11,187,86,12,98,285
04/06/2017,AFW,TX,ASW,CE,Towers with Radar,44,20,54,26,144,0,3,102,3,108,44,23,156,29,252,194,24,218,470
04/07/2017,AFW,TX,ASW,CE,Towers with Radar,24,19,51,46,140,0,8,101,0,109,24,27,152,46,249,202,30,232,481
04/08/2017,AFW,TX,ASW,CE,Towers with Radar,1,3,50,26,80,0,0,36,3,39,1,3,86,29,119,56,42,98,217
04/09/2017,AFW,TX,ASW,CE,Towers with Radar,5,12,81,9,107,0,1,35,13,49,5,13,116,22,156,10,6,16,172
04/10/2017,AFW,TX,ASW,CE,Towers with Radar,8,9,30,7,54,0,0,30,1,31,8,9,60,8,85,64,0,64,149
04/11/2017,AFW,TX,ASW,CE,Towers with Radar,43,16,76,29,164,0,0,102,0,102,43,16,178,29,266,236,24,260,526
04/12/2017,AFW,TX,ASW,CE,Towers with Radar,48,25,100,27,200,0,0,92,0,92,48,25,192,27,292,218,0,218,510
04/13/2017,AFW,TX,ASW,CE,Towers with Radar,37,16,98,20,171,0,0,70,2,72,37,16,168,22,243,90,0,90,333
04/14/2017,AFW,TX,ASW,CE,Towers with Radar,25,11,76,15,127,0,0,115,1,116,25,11,191,16,243,138,6,144,387
04/15/2017,AFW,TX,ASW,CE,Towers with Radar,0,2,14,8,24,0,0,33,0,33,0,2,47,8,57,96,0,96,153
04/16/2017,AFW,TX,ASW,CE,Towers with Radar,1,3,14,6,24,0,0,7,0,7,1,3,21,6,31,14,2,16,47
04/17/2017,AFW,TX,ASW,CE,Towers with Radar,11,18,39,3,71,0,0,24,0,24,11,18,63,3,95,12,0,12,107
04/18/2017,AFW,TX,ASW,CE,Towers with Radar,40,15,74,19,148,0,0,97,0,97,40,15,171,19,245,184,0,184,429
04/19/2017,AFW,TX,ASW,CE,Towers with Radar,40,21,96,22,179,0,0,75,0,75,40,21,171,22,254,40,18,58,312
04/20/2017,AFW,TX,ASW,CE,Towers with Radar,37,19,117,26,199,0,0,86,4,90,37,19,203,30,289,186,16,202,491
04/21/2017,AFW,TX,ASW,CE,Towers with Radar,29,17,72,27,145,0,0,50,4,54,29,17,122,31,199,86,6,92,291
04/22/2017,AFW,TX,ASW,CE,Towers with Radar,1,0,31,7,39,0,0,30,1,31,1,0,61,8,70,94,20,114,184
04/23/2017,AFW,TX,ASW,CE,Towers with Radar,2,1,15,21,39,0,0,32,2,34,2,1,47,23,73,56,46,102,175
04/24/2017,AFW,TX,ASW,CE,Towers with Radar,7,5,23,14,49,0,0,103,0,103,7,5,126,14,152,160,0,160,312
04/25/2017,AFW,TX,ASW,CE,Towers with Radar,42,18,71,38,169,0,0,113,10,123,42,18,184,48,292,122,28,150,442
04/26/2017,AFW,TX,ASW,CE,Towers with Radar,40,17,76,17,150,0,0,58,1,59,40,17,134,18,209,122,16,138,347
04/27/2017,AFW,TX,ASW,CE,Towers with Radar,37,22,79,21,159,0,0,129,5,134,37,22,208,26,293,232,0,232,525
04/28/2017,AFW,TX,ASW,CE,Towers with Radar,26,15,74,53,168,0,1,94,3,98,26,16,168,56,266,216,12,228,494
04/29/2017,AFW,TX,ASW,CE,Towers with Radar,0,2,4,4,10,0,0,2,0,2,0,2,6,4,12,0,18,18,30
04/30/2017,AFW,TX,ASW,CE,Towers with Radar,1,4,10,3,18,0,0,5,4,9,1,4,15,7,27,8,0,8,35
05/01/2017,AFW,TX,ASW,CE,Towers with Radar,11,6,38,21,76,0,0,101,2,103,11,6,139,23,179,166,32,198,377
05/02/2017,AFW,TX,ASW,CE,Towers with Radar,36,20,92,17,165,0,0,135,7,142,36,20,227,24,307,184,6,190,497
05/03/2017,AFW,TX,ASW,CE,Towers with Radar,41,17,55,16,129,0,0,37,2,39,41,17,92,18,168,108,0,108,276
05/04/2017,AFW,TX,ASW,CE,Towers with Radar,37,19,63,9,128,0,0,111,6,117,37,19,174,15,245,168,4,172,417
05/05/2017,AFW,TX,ASW,CE,Towers with Radar,27,21,54,32,134,0,0,116,7,123,27,21,170,39,257,248,60,308,565
05/06/2017,AFW,TX,ASW,CE,Towers with Radar,1,5,20,5,31,0,0,44,11,55,1,5,64,16,86,202,0,202,288
05/07/2017,AFW,TX,ASW,CE,Towers with Radar,1,3,14,9,27,0,0,45,2,47,1,3,59,11,74,198,30,228,302
05/08/2017,AFW,TX,ASW,CE,Towers with Radar,9,4,29,22,64,0,1,97,1,99,9,5,126,23,163,180,22,202,365
05/09/2017,AFW,TX,ASW,CE,Towers with Radar,49,24,62,2,137,0,1,130,2,133,49,25,192,4,270,204,4,208,478
05/10/2017,AFW,TX,ASW,CE,Towers with Radar,43,15,87,20,165,0,0,43,3,46,43,15,130,23,211,90,6,96,307
05/11/2017,AFW,TX,ASW,CE,Towers with Radar,44,19,74,28,165,0,9,98,3,110,44,28,172,31,275,150,36,186,461
05/12/2017,AFW,TX,ASW,CE,Towers with Radar,33,18,47,21,119,0,5,69,7,81,33,23,116,28,200,80,94,174,374
05/13/2017,AFW,TX,ASW,CE,Towers with Radar,0,2,9,17,28,0,0,50,5,55,0,2,59,22,83,175,29,204,287
05/14/2017,AFW,TX,ASW,CE,Towers with Radar,1,1,1,25,28,0,0,30,1,31,1,1,31,26,59,102,14,116,175
05/15/2017,AFW,TX,ASW,CE,Towers with Radar,9,4,39,60,112,0,0,104,4,108,9,4,143,64,220,218,32,250,470
05/16/2017,AFW,TX,ASW,CE,Towers with Radar,39,25,65,34,163,0,1,80,3,84,39,26,145,37,247,156,10,166,413
05/17/2017,AFW,TX,ASW,CE,Towers with Radar,39,21,71,19,150,0,0,117,7,124,39,21,188,26,274,206,16,222,496
05/18/2017,AFW,TX,ASW,CE,Towers with Radar,35,18,68,45,166,0,1,85,8,94,35,19,153,53,260,74,28,102,362
05/19/2017,AFW,TX,ASW,CE,Towers with Radar,27,11,40,6,84,0,0,24,0,24,27,11,64,6,108,16,10,26,134
05/20/2017,AFW,TX,ASW,CE,Towers with Radar,0,2,12,2,16,0,0,22,1,23,0,2,34,3,39,34,10,44,83
05/21/2017,AFW,TX,ASW,CE,Towers with Radar,1,3,14,8,26,0,0,27,9,36,1,3,41,17,62,72,4,76,138
05/22/2017,AFW,TX,ASW,CE,Towers with Radar,8,15,29,30,82,0,1,76,3,80,8,16,105,33,162,118,20,138,300
05/23/2017,AFW,TX,ASW,CE,Towers with Radar,44,19,58,4,125,0,0,48,1,49,44,19,106,5,174,80,8,88,262
05/24/2017,AFW,TX,ASW,CE,Towers with Radar,39,20,64,11,134,0,1,154,0,155,39,21,218,11,289,168,14,182,471
05/25/2017,AFW,TX,ASW,CE,Towers with Radar,39,12,77,26,154,0,0,158,11,169,39,12,235,37,323,234,22,256,579
05/26/2017,AFW,TX,ASW,CE,Towers with Radar,25,18,49,11,103,0,0,92,5,97,25,18,141,16,200,216,20,236,436
05/27/2017,AFW,TX,ASW,CE,Towers with Radar,0,0,8,1,9,0,0,22,0,22,0,0,30,1,31,68,0,68,99
05/28/2017,AFW,TX,ASW,CE,Towers with Radar,1,2,8,5,16,0,0,11,0,11,1,2,19,5,27,18,0,18,45
05/29/2017,AFW,TX,ASW,CE,Towers with Radar,1,2,13,8,24,0,0,52,1,53,1,2,65,9,77,94,14,108,185
05/30/2017,AFW,TX,ASW,CE,Towers with Radar,11,5,47,42,105,0,1,132,2,135,11,6,179,44,240,218,14,232,472
05/31/2017,AFW,TX,ASW,CE,Towers with Radar,41,14,42,12,109,0,0,139,8,147,41,14,181,20,256,142,6,148,404
06/01/2017,AFW,TX,ASW,CE,Towers with Radar,41,17,40,17,115,0,0,63,4,67,41,17,103,21,182,82,0,82,264
06/02/2017,AFW,TX,ASW,CE,Towers with Radar,31,20,31,4,86,0,0,12,1,13,31,20,43,5,99,38,2,40,139
06/03/2017,AFW,TX,ASW,CE,Towers with Radar,1,4,2,1,8,0,0,1,0,1,1,4,3,1,9,2,12,14,23
06/04/2017,AFW,TX,ASW,CE,Towers with Radar,1,10,9,12,32,0,0,11,8,19,1,10,20,20,51,40,10,50,101
06/05/2017,AFW,TX,ASW,CE,Towers with Radar,9,13,17,8,47,0,0,16,3,19,9,13,33,11,66,29,2,31,97
06/06/2017,AFW,TX,ASW,CE,Towers with Radar,44,18,48,22,132,0,3,140,1,144,44,21,188,23,276,144,14,158,434
06/07/2017,AFW,TX,ASW,CE,Towers with Radar,41,16,73,21,151,0,0,155,1,156,41,16,228,22,307,266,16,282,589
06/08/2017,AFW,TX,ASW,CE,Towers with Radar,42,23,71,46,182,0,0,128,4,132,42,23,199,50,314,262,20,282,596
06/09/2017,AFW,TX,ASW,CE,Towers with Radar,27,17,56,12,112,0,0,44,1,45,27,17,100,13,157,158,0,158,315
06/10/2017,AFW,TX,ASW,CE,Towers with Radar,0,8,22,0,30,0,0,42,0,42,0,8,64,0,72,82,0,82,154
06/11/2017,AFW,TX,ASW,CE,Towers with Radar,2,2,19,14,37,0,0,23,1,24,2,2,42,15,61,42,0,42,103
06/12/2017,AFW,TX,ASW,CE,Towers with Radar,8,3,38,41,90,0,2,120,7,129,8,5,158,48,219,166,26,192,411
06/13/2017,AFW,TX,ASW,CE,Towers with Radar,44,15,59,28,146,0,0,107,6,113,44,15,166,34,259,186,16,202,461
06/14/2017,AFW,TX,ASW,CE,Towers with Radar,39,14,62,11,126,0,0,104,4,108,39,14,166,15,234,98,18,116,350
06/15/2017,AFW,TX,ASW,CE,Towers with Radar,40,13,54,21,128,0,0,124,8,132,40,13,178,29,260,150,12,162,422
06/16/2017,AFW,TX,ASW,CE,Towers with Radar,28,14,27,21,90,0,0,102,4,106,28,14,129,25,196,100,16,116,312
06/17/2017,AFW,TX,ASW,CE,Towers with Radar,0,1,9,4,14,0,0,21,0,21,0,1,30,4,35,82,0,82,117
06/18/2017,AFW,TX,ASW,CE,Towers with Radar,1,1,10,14,26,0,0,14,5,19,1,1,24,19,45,72,20,92,137
06/19/2017,AFW,TX,ASW,CE,Towers with Radar,10,6,26,17,59,0,2,50,2,54,10,8,76,19,113,138,12,150,263
06/20/2017,AFW,TX,ASW,CE,Towers with Radar,44,17,67,15,143,0,0,138,3,141,44,17,205,18,284,172,16,188,472
06/21/2017,AFW,TX,ASW,CE,Towers with Radar,43,17,57,28,145,0,0,151,2,153,43,17,208,30,298,138,44,182,480
06/22/2017,AFW,TX,ASW,CE,Towers with Radar,37,23,76,8,144,0,1,106,1,108,37,24,182,9,252,214,8,222,474
06/23/2017,AFW,TX,ASW,CE,Towers with Radar,30,17,53,37,137,0,0,117,3,120,30,17,170,40,257,116,56,172,429
06/24/2017,AFW,TX,ASW,CE,Towers with Radar,0,4,12,19,35,0,0,14,1,15,0,4,26,20,50,10,22,32,82
06/25/2017,AFW,TX,ASW,CE,Towers with Radar,1,5,18,24,48,0,1,41,7,49,1,6,59,31,97,96,22,118,215
06/26/2017,AFW,TX,ASW,CE,Towers with Radar,11,3,35,1,50,0,0,60,0,60,11,3,95,1,110,236,10,246,356
06/27/2017,AFW,TX,ASW,CE,Towers with Radar,44,24,57,2,127,0,0,107,2,109,44,24,164,4,236,114,6,120,356
06/28/2017,AFW,TX,ASW,CE,Towers with Radar,40,19,73,6,138,0,0,130,5,135,40,19,203,11,273,150,26,176,449
06/29/2017,AFW,TX,ASW,CE,Towers with Radar,38,21,78,15,152,0,0,69,1,70,38,21,147,16,222,130,2,132,354
06/30/2017,AFW,TX,ASW,CE,Towers with Radar,29,14,54,5,102,0,0,58,0,58,29,14,112,5,160,136,0,136,296
07/01/2017,AFW,TX,ASW,CE,Towers with Radar,0,6,11,0,17,0,0,23,0,23,0,6,34,0,40,20,0,20,60
07/02/2017,AFW,TX,ASW,CE,Towers with Radar,0,1,6,0,7,0,0,29,0,29,0,1,35,0,36,86,0,86,122
07/03/2017,AFW,TX,ASW,CE,Towers with Radar,0,2,4,0,6,0,0,75,0,75,0,2,79,0,81,196,0,196,277
07/04/2017,AFW,TX,ASW,CE,Towers with Radar,0,0,7,0,7,0,0,16,0,16,0,0,23,0,23,18,0,18,41
07/05/2017,AFW,TX,ASW,CE,Towers with Radar,10,6,35,2,53,0,0,98,0,98,10,6,133,2,151,110,2,112,263
07/06/2017,AFW,TX,ASW,CE,Towers with Radar,54,15,19,13,101,0,0,107,4,111,54,15,126,17,212,110,18,128,340
07/07/2017,AFW,TX,ASW,CE,Towers with Radar,27,12,24,12,75,0,0,91,3,94,27,12,115,15,169,146,30,176,345
07/08/2017,AFW,TX,ASW,CE,Towers with Radar,1,0,4,13,18,0,0,37,1,38,1,0,41,14,56,94,20,114,170
07/09/2017,AFW,TX,ASW,CE,Towers with Radar,1,1,8,7,17,0,1,20,1,22,1,2,28,8,39,26,0,26,65
07/10/2017,AFW,TX,ASW,CE,Towers with Radar,7,6,16,33,62,0,1,81,2,84,7,7,97,35,146,120,64,184,330
07/11/2017,AFW,TX,ASW,CE,Towers with Radar,40,19,86,12,157,0,2,139,4,145,40,21,225,16,302,182,4,186,488
07/12/2017,AFW,TX,ASW,CE,Towers with Radar,43,17,74,27,161,0,1,108,4,113,43,18,182,31,274,106,20,126,400
07/13/2017,AFW,TX,ASW,CE,Towers with Radar,37,20,53,18,128,0,0,130,0,130,37,20,183,18,258,178,4,182,440
07/14/2017,AFW,TX,ASW,CE,Towers with Radar,30,15,50,29,124,0,0,105,6,111,30,15,155,35,235,132,44,176,411
07/15/2017,AFW,TX,ASW,CE,Towers with Radar,0,0,4,9,13,0,0,24,2,26,0,0,28,11,39,60,80,140,179
07/16/2017,AFW,TX,ASW,CE,Towers with Radar,1,0,7,15,23,0,0,21,0,21,1,0,28,15,44,72,0,72,116
07/17/2017,AFW,TX,ASW,CE,Towers with Radar,7,7,35,9,58,0,0,95,1,96,7,7,130,10,154,106,8,114,268
07/18/2017,AFW,TX,ASW,CE,Towers with Radar,44,20,60,15,139,0,0,129,1,130,44,20,189,16,269,96,8,104,373
07/19/2017,AFW,TX,ASW,CE,Towers with Radar,39,18,66,6,129,0,1,116,0,117,39,19,182,6,246,38,0,38,284
07/20/2017,AFW,TX,ASW,CE,Towers with Radar,36,17,54,5,112,0,0,152,0,152,36,17,206,5,264,178,0,178,442
07/21/2017,AFW,TX,ASW,CE,Towers with Radar,27,14,51,10,102,0,0,98,3,101,27,14,149,13,203,128,32,160,363
07/22/2017,AFW,TX,ASW,CE,Towers with Radar,2,0,14,9,25,0,0,26,0,26,2,0,40,9,51,124,0,124,175
07/23/2017,AFW,TX,ASW,CE,Towers with Radar,1,3,6,14,24,0,0,14,6,20,1,3,20,20,44,32,24,56,100
07/24/2017,AFW,TX,ASW,CE,Towers with Radar,8,6,18,8,40,0,1,66,3,70,8,7,84,11,110,116,6,122,232
07/25/2017,AFW,TX,ASW,CE,Towers with Radar,39,16,50,18,123,0,0,92,6,98,39,16,142,24,221,106,0,106,327
07/26/2017,AFW,TX,ASW,CE,Towers with Radar,38,22,64,14,138,0,0,118,4,122,38,22,182,18,260,126,20,146,406
07/27/2017,AFW,TX,ASW,CE,Towers with Radar,41,18,66,25,150,0,0,133,6,139,41,18,199,31,289,162,24,186,475
07/28/2017,AFW,TX,ASW,CE,Towers with Radar,24,14,63,31,132,0,0,97,7,104,24,14,160,38,236,244,14,258,494
07/29/2017,AFW,TX,ASW,CE,Towers with Radar,0,3,12,1,16,0,0,42,1,43,0,3,54,2,59,102,0,102,161
07/30/2017,AFW,TX,ASW,CE,Towers with Radar,1,2,9,6,18,0,0,25,5,30,1,2,34,11,48,76,8,84,132
07/31/2017,AFW,TX,ASW,CE,Towers with Radar,8,4,33,11,56,0,0,93,3,96,8,4,126,14,152,176,2,178,330
08/01/2017,AFW,TX,ASW,CE,Towers with Radar,40,18,50,13,121,0,0,96,6,102,40,18,146,19,223,98,10,108,331
08/02/2017,AFW,TX,ASW,CE,Towers with Radar,38,13,52,4,107,0,0,15,0,15,38,13,67,4,122,20,0,20,142
08/03/2017,AFW,TX,ASW,CE,Towers with Radar,37,17,63,20,137,0,1,98,3,102,37,18,161,23,239,128,10,138,377
08/04/2017,AFW,TX,ASW,CE,Towers with Radar,27,14,53,25,119,0,0,101,1,102,27,14,154,26,221,184,4,188,409
08/05/2017,AFW,TX,ASW,CE,Towers with Radar,0,0,6,9,15,0,0,52,0,52,0,0,58,9,67,126,18,144,211
08/06/2017,AFW,TX,ASW,CE,Towers with Radar,1,0,9,13,23,0,0,32,3,35,1,0,41,16,58,60,4,64,122
08/07/2017,AFW,TX,ASW,CE,Towers with Radar,11,5,11,6,33,0,1,52,0,53,11,6,63,6,86,100,10,110,196
08/08/2017,AFW,TX,ASW,CE,Towers with Radar,41,16,42,10,109,0,0,69,0,69,41,16,111,10,178,144,32,176,354
08/09/2017,AFW,TX,ASW,CE,Towers with Radar,37,17,55,3,112,0,0,105,5,110,37,17,160,8,222,110,2,112,334
08/10/2017,AFW,TX,ASW,CE,Towers with Radar,36,13,43,6,98,0,0,108,2,110,36,13,151,8,208,154,4,158,366
08/11/2017,AFW,TX,ASW,CE,Towers with Radar,25,15,29,30,99,0,0,94,4,98,25,15,123,34,197,86,12,98,295
08/12/2017,AFW,TX,ASW,CE,Towers with Radar,0,0,4,2,6,0,0,28,0,28,0,0,32,2,34,16,0,16,50
08/13/2017,AFW,TX,ASW,CE,Towers with Radar,1,3,11,9,24,0,0,6,1,7,1,3,17,10,31,4,0,4,35
08/14/2017,AFW,TX,ASW,CE,Towers with Radar,7,3,39,4,53,0,1,51,0,52,7,4,90,4,105,92,0,92,197
08/15/2017,AFW,TX,ASW,CE,Towers with Radar,40,12,41,6,99,0,0,107,0,107,40,12,148,6,206,145,0,145,351
08/16/2017,AFW,TX,ASW,CE,Towers with Radar,37,14,72,14,137,0,1,97,3,101,37,15,169,17,238,96,28,124,362
08/17/2017,AFW,TX,ASW,CE,Towers with Radar,44,13,62,13,132,0,0,95,4,99,44,13,157,17,231,112,8,120,351
08/18/2017,AFW,TX,ASW,CE,Towers with Radar,27,14,36,43,120,0,0,79,10,89,27,14,115,53,209,122,74,196,405
08/19/2017,AFW,TX,ASW,CE,Towers with Radar,0,4,4,21,29,0,0,28,6,34,0,4,32,27,63,74,34,108,171
08/20/2017,AFW,TX,ASW,CE,Towers with Radar,1,1,15,18,35,0,0,24,10,34,1,1,39,28,69,90,4,94,163
08/21/2017,AFW,TX,ASW,CE,Towers with Radar,7,2,14,9,32,0,0,113,0,113,7,2,127,9,145,154,6,160,305
08/22/2017,AFW,TX,ASW,CE,Towers with Radar,39,13,52,6,110,0,0,111,2,113,39,13,163,8,223,140,0,140,363
08/23/2017,AFW,TX,ASW,CE,Towers with Radar,44,10,42,16,112,0,0,30,0,30,44,10,72,16,142,68,14,82,224
08/24/2017,AFW,TX,ASW,CE,Towers with Radar,39,13,76,28,156,0,0,29,8,37,39,13,105,36,193,40,8,48,241
08/25/2017,AFW,TX,ASW,CE,Towers with Radar,27,9,37,53,126,0,0,65,0,65,27,9,102,53,191,86,28,114,305
08/26/2017,AFW,TX,ASW,CE,Towers with Radar,0,3,9,24,36,0,4,22,2,28,0,7,31,26,64,58,12,70,134
08/27/2017,AFW,TX,ASW,CE,Towers with Radar,1,1,14,15,31,0,0,11,0,11,1,1,25,15,42,0,0,0,42
08/28/2017,AFW,TX,ASW,CE,Towers with Radar,10,15,36,5,66,0,0,52,0,52,10,15,88,5,118,58,0,58,176
08/29/2017,AFW,TX,ASW,CE,Towers with Radar,40,16,55,8,119,0,1,105,5,111,40,17,160,13,230,88,32,120,350
08/30/2017,AFW,TX,ASW,CE,Towers with Radar,40,23,62,45,170,0,1,101,6,108,40,24,163,51,278,102,16,118,396
08/31/2017,AFW,TX,ASW,CE,Towers with Radar,38,13,44,7,102,0,1,117,3,121,38,14,161,10,223,160,12,172,395
09/01/2017,AFW,TX,ASW,CE,Towers with Radar,30,18,37,0,85,0,0,83,3,86,30,18,120,3,171,106,0,106,277
09/02/2017,AFW,TX,ASW,CE,Towers with Radar,0,2,9,0,11,0,1,76,0,77,0,3,85,0,88,148,0,148,236
09/03/2017,AFW,TX,ASW,CE,Towers with Radar,0,1,2,0,3,0,0,34,0,34,0,1,36,0,37,74,0,74,111
09/04/2017,AFW,TX,ASW,CE,Towers with Radar,1,8,10,0,19,0,1,49,0,50,1,9,59,0,69,76,0,76,145
09/05/2017,AFW,TX,ASW,CE,Towers with Radar,12,4,17,9,42,0,0,100,2,102,12,4,117,11,144,88,14,102,246
09/06/2017,AFW,TX,ASW,CE,Towers with Radar,41,20,52,14,127,0,0,130,0,130,41,20,182,14,257,84,4,88,345
09/07/2017,AFW,TX,ASW,CE,Towers with Radar,43,20,54,11,128,0,1,138,9,148,43,21,192,20,276,152,16,168,444
09/08/2017,AFW,TX,ASW,CE,Towers with Radar,28,18,38,33,117,4,0,79,2,85,32,18,117,35,202,84,30,114,316
09/09/2017,AFW,TX,ASW,CE,Towers with Radar,0,0,6,7,13,0,0,78,1,79,0,0,84,8,92,82,6,88,180
09/10/2017,AFW,TX,ASW,CE,Towers with Radar,3,0,7,12,22,0,1,31,1,33,3,1,38,13,55,112,10,122,177
09/11/2017,AFW,TX,ASW,CE,Towers with Radar,8,7,14,8,37,0,2,96,0,98,8,9,110,8,135,106,6,112,247
09/12/2017,AFW,TX,ASW,CE,Towers with Radar,38,13,45,15,111,0,0,120,4,124,38,13,165,19,235,108,0,108,343
09/13/2017,AFW,TX,ASW,CE,Towers with Radar,43,12,59,9,123,0,2,157,6,165,43,14,216,15,288,140,4,144,432
09/14/2017,AFW,TX,ASW,CE,Towers with Radar,39,15,36,11,101,0,2,158,4,164,39,17,194,15,265,210,22,232,497
09/15/2017,AFW,TX,ASW,CE,Towers with Radar,31,15,50,29,125,0,1,131,4,136,31,16,181,33,261,112,24,136,397
09/16/2017,AFW,TX,ASW,CE,Towers with Radar,2,2,6,20,30,0,0,67,1,68,2,2,73,21,98,80,0,80,178
09/17/2017,AFW,TX,ASW,CE,Towers with Radar,1,3,15,24,43,0,0,50,5,55,1,3,65,29,98,122,16,138,236
09/18/2017,AFW,TX,ASW,CE,Towers with Radar,9,6,44,32,91,0,0,134,6,140,9,6,178,38,231,138,32,170,401
09/19/2017,AFW,TX,ASW,CE,Towers with Radar,42,18,68,17,145,0,0,147,4,151,42,18,215,21,296,166,24,190,486
09/20/2017,AFW,TX,ASW,CE,Towers with Radar,41,16,72,19,148,0,1,152,2,155,41,17,224,21,303,156,6,162,465
09/21/2017,AFW,TX,ASW,CE,Towers with Radar,39,13,80,22,154,0,0,159,6,165,39,13,239,28,319,258,36,294,613
09/22/2017,AFW,TX,ASW,CE,Towers with Radar,25,11,44,41,121,0,0,96,3,99,25,11,140,44,220,166,26,192,412
09/23/2017,AFW,TX,ASW,CE,Towers with Radar,0,6,10,4,20,0,0,89,2,91,0,6,99,6,111,168,2,170,281
09/24/2017,AFW,TX,ASW,CE,Towers with Radar,2,1,12,11,26,0,0,42,0,42,2,1,54,11,68,106,4,110,178
09/25/2017,AFW,TX,ASW,CE,Towers with Radar,11,4,30,8,53,0,0,131,1,132,11,4,161,9,185,200,0,200,385
09/26/2017,AFW,TX,ASW,CE,Towers with Radar,43,14,72,7,136,0,0,129,2,131,43,14,201,9,267,156,2,158,425
09/27/2017,AFW,TX,ASW,CE,Towers with Radar,43,14,80,12,149,0,0,40,0,40,43,14,120,12,189,32,0,32,221
09/28/2017,AFW,TX,ASW,CE,Towers with Radar,36,17,42,2,97,0,0,9,0,9,36,17,51,2,106,32,0,32,138
09/29/2017,AFW,TX,ASW,CE,Towers with Radar,33,13,46,6,98,0,0,54,0,54,33,13,100,6,152,228,0,228,380
09/30/2017,AFW,TX,ASW,CE,Towers with Radar,0,1,12,1,14,0,0,107,1,108,0,1,119,2,122,182,0,182,304
10/01/2017,AFW,TX,ASW,CE,Towers with Radar,3,3,14,7,27,0,0,37,2,39,3,3,51,9,66,32,10,42,108
10/02/2017,AFW,TX,ASW,CE,Towers with Radar,11,3,18,23,55,0,0,116,0,116,11,3,134,23,171,168,10,178,349
10/03/2017,AFW,TX,ASW,CE,Towers with Radar,40,26,23,31,120,0,0,18,4,22,40,26,41,35,142,54,16,70,212
10/04/2017,AFW,TX,ASW,CE,Towers with Radar,48,19,30,37,134,0,0,100,0,100,48,19,130,37,234,118,18,136,370
10/05/2017,AFW,TX,ASW,CE,Towers with Radar,41,25,22,43,131,0,0,184,4,188,41,25,206,47,319,280,20,300,619
10/06/2017,AFW,TX,ASW,CE,Towers with Radar,24,14,13,4,55,0,1,109,4,114,24,15,122,8,169,222,10,232,401
10/07/2017,AFW,TX,ASW,CE,Towers with Radar,1,6,7,7,21,0,0,116,1,117,1,6,123,8,138,272,0,272,410
10/08/2017,AFW,TX,ASW,CE,Towers with Radar,0,3,10,4,17,0,0,32,4,36,0,3,42,8,53,48,6,54,107
10/09/2017,AFW,TX,ASW,CE,Towers with Radar,7,13,7,6,33,0,0,89,1,90,7,13,96,7,123,196,2,198,321
10/10/2017,AFW,TX,ASW,CE,Towers with Radar,40,23,16,10,89,0,0,84,1,85,40,23,100,11,174,198,0,198,372
10/11/2017,AFW,TX,ASW,CE,Towers with Radar,38,20,35,14,107,0,0,123,4,127,38,20,158,18,234,220,32,252,486
10/12/2017,AFW,TX,ASW,CE,Towers with Radar,39,21,48,18,126,0,0,170,2,172,39,21,218,20,298,246,4,250,548
10/13/2017,AFW,TX,ASW,CE,Towers with Radar,27,17,33,18,95,0,0,121,2,123,27,17,154,20,218,304,12,316,534
10/14/2017,AFW,TX,ASW,CE,Towers with Radar,3,2,5,24,34,0,0,60,5,65,3,2,65,29,99,150,2,152,251
10/15/2017,AFW,TX,ASW,CE,Towers with Radar,0,1,14,22,37,0,0,29,2,31,0,1,43,24,68,92,10,102,170
10/16/2017,AFW,TX,ASW,CE,Towers with Radar,9,5,32,12,58,0,2,136,0,138,9,7,168,12,196,238,20,258,454
10/17/2017,AFW,TX,ASW,CE,Towers with Radar,38,24,59,14,135,0,1,160,2,163,38,25,219,16,298,317,16,333,631
10/18/2017,AFW,TX,ASW,CE,Towers with Radar,36,23,56,16,131,0,0,127,1,128,36,23,183,17,259,194,0,194,453
10/19/2017,AFW,TX,ASW,CE,Towers with Radar,37,22,67,34,160,0,2,133,0,135,37,24,200,34,295,216,12,228,523
10/20/2017,AFW,TX,ASW,CE,Towers with Radar,26,17,55,44,142,0,2,85,9,96,26,19,140,53,238,138,18,156,394
10/21/2017,AFW,TX,ASW,CE,Towers with Radar,3,3,17,9,32,0,0,33,2,35,3,3,50,11,67,84,22,106,173
10/22/2017,AFW,TX,ASW,CE,Towers with Radar,4,7,7,23,41,0,0,25,18,43,4,7,32,41,84,46,6,52,136
10/23/2017,AFW,TX,ASW,CE,Towers with Radar,8,5,45,29,87,0,0,134,12,146,8,5,179,41,233,178,26,204,437
10/24/2017,AFW,TX,ASW,CE,Towers with Radar,37,18,40,7,102,0,0,117,1,118,37,18,157,8,220,120,8,128,348
10/25/2017,AFW,TX,ASW,CE,Towers with Radar,39,19,50,24,132,0,0,116,8,124,39,19,166,32,256,80,6,86,342
10/26/2017,AFW,TX,ASW,CE,Towers with Radar,39,14,19,8,80,0,2,54,25,81,39,16,73,33,161,10,16,26,187
10/27/2017,AFW,TX,ASW,CE,Towers with Radar,24,17,7,13,61,0,0,56,42,98,24,17,63,55,159,10,4,14,173
10/28/2017,AFW,TX,ASW,CE,Towers with Radar,1,0,0,0,1,0,0,34,6,40,1,0,34,6,41,0,0,0,41
10/29/2017,AFW,TX,ASW,CE,Towers with Radar,4,2,3,11,20,0,2,50,20,72,4,4,53,31,92,2,0,2,94
10/30/2017,AFW,TX,ASW,CE,Towers with Radar,7,5,14,7,33,0,0,102,3,105,7,5,116,10,138,78,0,78,216
10/31/2017,AFW,TX,ASW,CE,Towers with Radar,44,23,46,7,120,0,0,95,0,95,44,23,141,7,215,178,2,180,395
11/01/2017,AFW,TX,ASW,CE,Towers with Radar,37,21,44,11,113,0,1,98,7,106,37,22,142,18,219,176,88,264,483
11/02/2017,AFW,TX,ASW,CE,Towers with Radar,43,23,70,8,144,0,0,114,0,114,43,23,184,8,258,172,2,174,432
11/03/2017,AFW,TX,ASW,CE,Towers with Radar,24,16,79,24,143,0,0,82,1,83,24,16,161,25,226,100,32,132,358
11/04/2017,AFW,TX,ASW,CE,Towers with Radar,1,2,57,17,77,0,0,65,5,70,1,2,122,22,147,128,10,138,285
11/05/2017,AFW,TX,ASW,CE,Towers with Radar,2,9,100,18,129,0,2,57,1,60,2,11,157,19,189,22,0,22,211
11/06/2017,AFW,TX,ASW,CE,Towers with Radar,8,7,76,12,103,0,0,119,0,119,8,7,195,12,222,186,0,186,408
11/07/2017,AFW,TX,ASW,CE,Towers with Radar,39,20,57,15,131,0,0,94,1,95,39,20,151,16,226,200,16,216,442
11/08/2017,AFW,TX,ASW,CE,Towers with Radar,38,28,27,1,94,0,0,0,0,0,38,28,27,1,94,0,0,0,94
11/09/2017,AFW,TX,ASW,CE,Towers with Radar,42,16,64,13,135,0,0,141,4,145,42,16,205,17,280,284,22,306,586
11/10/2017,AFW,TX,ASW,CE,Towers with Radar,25,18,11,0,54,0,1,77,0,78,25,19,88,0,132,206,0,206,338
11/11/2017,AFW,TX,ASW,CE,Towers with Radar,1,1,8,1,11,0,0,78,0,78,1,1,86,1,89,188,0,188,277
11/12/2017,AFW,TX,ASW,CE,Towers with Radar,0,3,12,1,16,0,0,6,1,7,0,3,18,2,23,18,14,32,55
11/13/2017,AFW,TX,ASW,CE,Towers with Radar,12,3,41,4,60,0,0,35,0,35,12,3,76,4,95,62,0,62,157
11/14/2017,AFW,TX,ASW,CE,Towers with Radar,39,19,72,11,141,0,1,134,4,139,39,20,206,15,280,166,6,172,452
11/15/2017,AFW,TX,ASW,CE,Towers with Radar,36,17,91,3,147,0,0,82,2,84,36,17,173,5,231,88,0,88,319
11/16/2017,AFW,TX,ASW,CE,Towers with Radar,41,20,97,5,163,0,0,47,0,47,41,20,144,5,210,74,0,74,284
11/17/2017,AFW,TX,ASW,CE,Towers with Radar,26,18,44,57,145,0,0,83,5,88,26,18,127,62,233,64,62,126,359
11/18/2017,AFW,TX,ASW,CE,Towers with Radar,2,4,12,17,35,0,0,80,7,87,2,4,92,24,122,42,14,56,178
11/19/2017,AFW,TX,ASW,CE,Towers with Radar,1,1,9,31,42,0,0,46,11,57,1,1,55,42,99,34,14,48,147
11/20/2017,AFW,TX,ASW,CE,Towers with Radar,9,5,28,4,46,0,2,110,0,112,9,7,138,4,158,145,4,149,307
11/21/2017,AFW,TX,ASW,CE,Towers with Radar,41,16,47,10,114,0,0,188,0,188,41,16,235,10,302,190,0,190,492
11/22/2017,AFW,TX,ASW,CE,Towers with Radar,43,21,27,6,97,0,0,101,5,106,43,21,128,11,203,116,20,136,339
11/23/2017,AFW,TX,ASW,CE,Towers with Radar,7,1,2,0,10,0,0,15,0,15,7,1,17,0,25,30,0,30,55
11/24/2017,AFW,TX,ASW,CE,Towers with Radar,16,9,17,0,42,0,0,38,0,38,16,9,55,0,80,48,0,48,128
11/25/2017,AFW,TX,ASW,CE,Towers with Radar,0,3,13,0,16,0,0,75,3,78,0,3,88,3,94,62,28,90,184
11/26/2017,AFW,TX,ASW,CE,Towers with Radar,1,5,15,3,24,0,0,38,0,38,1,5,53,3,62,54,0,54,116
11/27/2017,AFW,TX,ASW,CE,Towers with Radar,11,6,22,6,45,0,0,117,3,120,11,6,139,9,165,194,2,196,361
11/28/2017,AFW,TX,ASW,CE,Towers with Radar,63,23,60,8,154,0,0,108,2,110,63,23,168,10,264,192,0,192,456
11/29/2017,AFW,TX,ASW,CE,Towers with Radar,57,23,67,20,167,0,1,136,1,138,57,24,203,21,305,170,6,176,481
11/30/2017,AFW,TX,ASW,CE,Towers with Radar,59,18,73,26,176,0,1,176,7,184,59,19,249,33,360,296,2,298,658
12/01/2017,AFW,TX,ASW,CE,Towers with Radar,35,21,40,28,124,0,0,142,8,150,35,21,182,36,274,264,24,288,562
12/02/2017,AFW,TX,ASW,CE,Towers with Radar,7,3,9,32,51,0,1,131,4,136,7,4,140,36,187,178,4,182,369
12/03/2017,AFW,TX,ASW,CE,Towers with Radar,1,2,8,16,27,0,0,35,6,41,1,2,43,22,68,38,0,38,106
12/04/2017,AFW,TX,ASW,CE,Towers with Radar,10,4,38,16,68,0,0,42,0,42,10,4,80,16,110,54,6,60,170
12/05/2017,AFW,TX,ASW,CE,Towers with Radar,64,19,50,21,154,0,0,100,1,101,64,19,150,22,255,182,6,188,443
12/06/2017,AFW,TX,ASW,CE,Towers with Radar,53,18,64,14,149,0,0,151,0,151,53,18,215,14,300,327,4,331,631
12/07/2017,AFW,TX,ASW,CE,Towers with Radar,56,15,70,39,180,0,1,139,3,143,56,16,209,42,323,200,0,200,523
12/08/2017,AFW,TX,ASW,CE,Towers with Radar,30,16,34,38,118,0,0,172,2,174,30,16,206,40,292,184,20,204,496
12/09/2017,AFW,TX,ASW,CE,Towers with Radar,0,0,10,29,39,0,0,101,3,104,0,0,111,32,143,244,14,258,401
12/10/2017,AFW,TX,ASW,CE,Towers with Radar,1,13,12,10,36,0,0,36,12,48,1,13,48,22,84,98,0,98,182
12/11/2017,AFW,TX,ASW,CE,Towers with Radar,11,7,26,35,79,0,1,95,7,103,11,8,121,42,182,118,16,134,316
12/12/2017,AFW,TX,ASW,CE,Towers with Radar,64,19,51,31,165,0,0,158,2,160,64,19,209,33,325,188,14,202,527
12/13/2017,AFW,TX,ASW,CE,Towers with Radar,55,21,57,27,160,0,1,134,7,142,55,22,191,34,302,166,16,182,484
12/14/2017,AFW,TX,ASW,CE,Towers with Radar,62,14,55,38,169,0,0,160,2,162,62,14,215,40,331,156,0,156,487
12/15/2017,AFW,TX,ASW,CE,Towers with Radar,30,12,55,33,130,0,0,133,7,140,30,12,188,40,270,170,34,204,474
12/16/2017,AFW,TX,ASW,CE,Towers with Radar,5,2,13,0,20,0,0,66,1,67,5,2,79,1,87,176,6,182,269
12/17/2017,AFW,TX,ASW,CE,Towers with Radar,7,5,20,16,48,0,0,4,0,4,7,5,24,16,52,0,0,0,52
12/18/2017,AFW,TX,ASW,CE,Towers with Radar,14,8,13,5,40,0,0,0,0,0,14,8,13,5,40,0,0,0,40
12/19/2017,AFW,TX,ASW,CE,Towers with Radar,64,17,13,2,96,0,0,0,0,0,64,17,13,2,96,0,0,0,96
12/20/2017,AFW,TX,ASW,CE,Towers with Radar,63,23,68,23,177,0,0,26,0,26,63,23,94,23,203,92,6,98,301
12/21/2017,AFW,TX,ASW,CE,Towers with Radar,58,20,50,34,162,0,0,190,2,192,58,20,240,36,354,278,16,294,648
12/22/2017,AFW,TX,ASW,CE,Towers with Radar,38,21,13,0,72,0,0,0,0,0,38,21,13,0,72,0,0,0,72
12/23/2017,AFW,TX,ASW,CE,Towers with Radar,26,9,10,0,45,0,0,49,0,49,26,9,59,0,94,52,0,52,146
12/24/2017,AFW,TX,ASW,CE,Towers with Radar,0,5,3,0,8,0,0,7,0,7,0,5,10,0,15,10,0,10,25
12/25/2017,AFW,TX,ASW,CE,Towers with Radar,0,2,0,0,2,0,0,1,0,1,0,2,1,0,3,0,0,0,3
12/26/2017,AFW,TX,ASW,CE,Towers with Radar,6,6,19,0,31,0,0,2,0,2,6,6,21,0,33,0,0,0,33
12/27/2017,AFW,TX,ASW,CE,Towers with Radar,51,23,36,1,111,0,0,83,0,83,51,23,119,1,194,164,4,168,362
12/28/2017,AFW,TX,ASW,CE,Towers with Radar,49,18,42,1,110,0,1,41,0,42,49,19,83,1,152,210,0,210,362
12/29/2017,AFW,TX,ASW,CE,Towers with Radar,25,14,38,2,79,0,0,35,0,35,25,14,73,2,114,170,0,170,284
12/30/2017,AFW,TX,ASW,CE,Towers with Radar,1,0,10,0,11,0,0,0,0,0,1,0,10,0,11,0,0,0,11
12/31/2017,AFW,TX,ASW,CE,Towers with Radar,0,1,0,0,1,0,0,0,0,0,0,1,0,0,1,0,0,0,1
01/01/2018,AFW,TX,ASW,CE,Towers with Radar,0,0,4,0,4,0,0,15,0,15,0,0,19,0,19,28,0,28,47
01/02/2018,AFW,TX,ASW,CE,Towers with Radar,13,4,8,2,27,0,0,53,0,53,13,4,61,2,80,122,2,124,204
01/03/2018,AFW,TX,ASW,CE,Towers with Radar,41,13,30,10,94,0,0,124,4,128,41,13,154,14,222,88,28,116,338
01/04/2018,AFW,TX,ASW,CE,Towers with Radar,41,18,35,15,109,0,0,126,2,128,41,18,161,17,237,196,4,200,437
01/05/2018,AFW,TX,ASW,CE,Towers with Radar,28,13,21,41,103,0,0,98,4,102,28,13,119,45,205,204,46,250,455
01/06/2018,AFW,TX,ASW,CE,Towers with Radar,1,0,19,25,45,0,0,83,9,92,1,0,102,34,137,134,16,150,287
01/07/2018,AFW,TX,ASW,CE,Towers with Radar,0,2,13,27,42,0,0,0,0,0,0,2,13,27,42,0,0,0,42
01/08/2018,AFW,TX,ASW,CE,Towers with Radar,7,5,32,3,47,0,0,103,0,103,7,5,135,3,150,188,4,192,342
01/09/2018,AFW,TX,ASW,CE,Towers with Radar,40,19,56,12,127,0,0,100,0,100,40,19,156,12,227,132,4,136,363
01/10/2018,AFW,TX,ASW,CE,Towers with Radar,35,22,84,9,150,0,0,11,0,11,35,22,95,9,161,18,0,18,179
01/11/2018,AFW,TX,ASW,CE,Towers with Radar,40,13,37,8,98,0,0,19,0,19,40,13,56,8,117,16,0,16,133
01/12/2018,AFW,TX,ASW,CE,Towers with Radar,23,14,49,10,96,0,0,137,9,146,23,14,186,19,242,166,14,180,422
01/13/2018,AFW,TX,ASW,CE,Towers with Radar,1,0,12,3,16,0,0,93,2,95,1,0,105,5,111,278,2,280,391
01/14/2018,AFW,TX,ASW,CE,Towers with Radar,0,3,18,7,28,0,0,45,3,48,0,3,63,10,76,116,2,118,194
01/15/2018,AFW,TX,ASW,CE,Towers with Radar,8,6,11,6,31,0,0,49,1,50,8,6,60,7,81,82,0,82,163
01/16/2018,AFW,TX,ASW,CE,Towers with Radar,33,14,10,12,69,0,0,55,1,56,33,14,65,13,125,84,16,100,225
01/17/2018,AFW,TX,ASW,CE,Towers with Radar,38,15,55,11,119,0,0,118,2,120,38,15,173,13,239,260,8,268,507
01/18/2018,AFW,TX,ASW,CE,Towers with Radar,42,20,50,13,125,0,2,128,1,131,42,22,178,14,256,228,0,228,484
01/19/2018,AFW,TX,ASW,CE,Towers with Radar,22,18,57,63,160,0,1,91,9,101,22,19,148,72,261,104,40,144,405
01/20/2018,AFW,TX,ASW,CE,Towers with Radar,1,2,11,37,51,0,0,56,6,62,1,2,67,43,113,134,26,160,273
01/21/2018,AFW,TX,ASW,CE,Towers with Radar,2,8,11,30,51,0,0,8,1,9,2,8,19,31,60,12,0,12,72
01/22/2018,AFW,TX,ASW,CE,Towers with Radar,8,5,13,11,37,0,0,8,0,8,8,5,21,11,45,18,6,24,69
01/23/2018,AFW,TX,ASW,CE,Towers with Radar,37,20,22,2,81,0,0,140,1,141,37,20,162,3,222,264,6,270,492
01/24/2018,AFW,TX,ASW,CE,Towers with Radar,42,16,32,10,100,0,0,145,1,146,42,16,177,11,246,226,14,240,486
01/25/2018,AFW,TX,ASW,CE,Towers with Radar,36,22,39,7,104,0,0,134,2,136,36,22,173,9,240,140,8,148,388
01/26/2018,AFW,TX,ASW,CE,Towers with Radar,22,13,51,23,109,0,0,16,2,18,22,13,67,25,127,22,0,22,149
01/27/2018,AFW,TX,ASW,CE,Towers with Radar,1,2,9,8,20,0,0,47,0,47,1,2,56,8,67,62,0,62,129
01/28/2018,AFW,TX,ASW,CE,Towers with Radar,0,4,12,6,22,0,0,48,4,52,0,4,60,10,74,124,4,128,202
01/29/2018,AFW,TX,ASW,CE,Towers with Radar,9,11,22,4,46,0,0,138,0,138,9,11,160,4,184,196,4,200,384
01/30/2018,AFW,TX,ASW,CE,Towers with Radar,39,17,52,14,122,0,0,114,2,116,39,17,166,16,238,202,10,212,450
01/31/2018,AFW,TX,ASW,CE,Towers with Radar,37,22,42,10,111,0,0,55,3,58,37,22,97,13,169,34,12,46,215
02/01/2018,AFW,TX,ASW,CE,Towers with Radar,36,15,53,4,108,0,0,125,2,127,36,15,178,6,235,106,0,106,341
02/02/2018,AFW,TX,ASW,CE,Towers with Radar,25,14,48,21,108,0,0,145,5,150,25,14,193,26,258,222,24,246,504
02/03/2018,AFW,TX,ASW,CE,Towers with Radar,1,3,7,9,20,0,0,90,0,90,1,3,97,9,110,96,2,98,208
02/04/2018,AFW,TX,ASW,CE,Towers with Radar,0,0,2,5,7,0,0,36,0,36,0,0,38,5,43,46,0,46,89
02/05/2018,AFW,TX,ASW,CE,Towers with Radar,9,6,21,9,45,0,0,39,2,41,9,6,60,11,86,152,0,152,238
02/06/2018,AFW,TX,ASW,CE,Towers with Radar,33,15,36,6,90,0,0,16,1,17,33,15,52,7,107,26,8,34,141
02/07/2018,AFW,TX,ASW,CE,Towers with Radar,48,18,55,15,136,0,0,127,7,134,48,18,182,22,270,134,22,156,426
02/08/2018,AFW,TX,ASW,CE,Towers with Radar,36,16,66,13,131,0,0,179,8,187,36,16,245,21,318,262,32,294,612
02/09/2018,AFW,TX,ASW,CE,Towers with Radar,23,12,39,29,103,0,0,154,1,155,23,12,193,30,258,138,12,150,408
02/10/2018,AFW,TX,ASW,CE,Towers with Radar,3,0,5,2,10,0,0,0,0,0,3,0,5,2,10,0,0,0,10
02/11/2018,AFW,TX,ASW,CE,Towers with Radar,0,5,9,3,17,0,0,18,6,24,0,5,27,9,41,6,0,6,47
02/12/2018,AFW,TX,ASW,CE,Towers with Radar,8,7,19,7,41,0,1,85,3,89,8,8,104,10,130,106,2,108,238
02/13/2018,AFW,TX,ASW,CE,Towers with Radar,45,15,47,3,110,0,5,37,1,43,45,20,84,4,153,86,6,92,245
02/14/2018,AFW,TX,ASW,CE,Towers with Radar,43,25,50,5,123,0,0,86,3,89,43,25,136,8,212,120,12,132,344
02/15/2018,AFW,TX,ASW,CE,Towers with Radar,37,16,70,7,130,0,0,85,4,89,37,16,155,11,219,88,0,88,307
02/16/2018,AFW,TX,ASW,CE,Towers with Radar,23,17,25,23,88,0,0,131,6,137,23,17,156,29,225,134,6,140,365
02/17/2018,AFW,TX,ASW,CE,Towers with Radar,1,6,9,4,20,0,2,93,6,101,1,8,102,10,121,162,14,176,297
02/18/2018,AFW,TX,ASW,CE,Towers with Radar,0,4,10,4,18,0,0,0,0,0,0,4,10,4,18,0,0,0,18
02/19/2018,AFW,TX,ASW,CE,Towers with Radar,9,4,13,0,26,0,0,16,0,16,9,4,29,0,42,38,0,38,80
02/20/2018,AFW,TX,ASW,CE,Towers with Radar,34,15,6,1,56,0,0,0,0,0,34,15,6,1,56,0,0,0,56
02/21/2018,AFW,TX,ASW,CE,Towers with Radar,39,14,16,0,69,0,0,0,0,0,39,14,16,0,69,0,0,0,69
02/22/2018,AFW,TX,ASW,CE,Towers with Radar,41,7,4,1,53,0,0,0,0,0,41,7,4,1,53,0,0,0,53
02/23/2018,AFW,TX,ASW,CE,Towers with Radar,23,12,4,2,41,0,0,0,0,0,23,12,4,2,41,0,0,0,41
02/24/2018,AFW,TX,ASW,CE,Towers with Radar,0,1,13,3,17,0,0,25,0,25,0,1,38,3,42,44,14,58,100
02/25/2018,AFW,TX,ASW,CE,Towers with Radar,2,3,10,2,17,0,0,68,0,68,2,3,78,2,85,126,0,126,211
02/26/2018,AFW,TX,ASW,CE,Towers with Radar,10,7,16,8,41,0,1,106,1,108,10,8,122,9,149,108,28,136,285
02/27/2018,AFW,TX,ASW,CE,Towers with Radar,31,18,23,1,73,0,0,0,0,0,31,18,23,1,73,0,0,0,73
02/28/2018,AFW,TX,ASW,CE,Towers with Radar,40,18,73,4,135,0,0,38,0,38,40,18,111,4,173,78,0,78,251
03/01/2018,AFW,TX,ASW,CE,Towers with Radar,40,16,60,9,125,0,0,106,4,110,40,16,166,13,235,156,0,156,391
03/02/2018,AFW,TX,ASW,CE,Towers with Radar,23,14,55,5,97,0,2,213,2,217,23,16,268,7,314,252,0,252,566
03/03/2018,AFW,TX,ASW,CE,Towers with Radar,1,1,14,11,27,0,0,139,3,142,1,1,153,14,169,224,4,228,397
03/04/2018,AFW,TX,ASW,CE,Towers with Radar,1,2,13,3,19,0,0,1,0,1,1,2,14,3,20,0,0,0,20
03/05/2018,AFW,TX,ASW,CE,Towers with Radar,9,4,24,20,57,0,0,131,1,132,9,4,155,21,189,142,8,150,339
03/06/2018,AFW,TX,ASW,CE,Towers with Radar,43,14,51,16,124,0,0,156,3,159,43,14,207,19,283,236,10,246,529
03/07/2018,AFW,TX,ASW,CE,Towers with Radar,38,16,63,9,126,0,0,143,2,145,38,16,206,11,271,328,18,346,617
03/08/2018,AFW,TX,ASW,CE,Towers with Radar,38,17,67,11,133,0,0,161,5,166,38,17,228,16,299,226,18,244,543
03/09/2018,AFW,TX,ASW,CE,Towers with Radar,21,10,49,19,99,0,0,104,1,105,21,10,153,20,204,86,6,92,296
03/10/2018,AFW,TX,ASW,CE,Towers with Radar,1,2,35,26,64,0,0,77,7,84,1,2,112,33,148,166,58,224,372
03/11/2018,AFW,TX,ASW,CE,Towers with Radar,0,8,12,21,41,0,0,12,8,20,0,8,24,29,61,32,22,54,115
03/12/2018,AFW,TX,ASW,CE,Towers with Radar,8,4,31,6,49,0,0,117,16,133,8,4,148,22,182,232,2,234,416
03/13/2018,AFW,TX,ASW,CE,Towers with Radar,41,14,49,18,122,0,0,229,12,241,41,14,278,30,363,116,24,140,503
03/14/2018,AFW,TX,ASW,CE,Towers with Radar,36,18,59,10,123,0,1,212,12,225,36,19,271,22,348,212,16,228,576
03/15/2018,AFW,TX,ASW,CE,Towers with Radar,40,19,56,3,118,0,0,165,5,170,40,19,221,8,288,94,6,100,388
03/16/2018,AFW,TX,ASW,CE,Towers with Radar,22,14,49,12,97,0,0,73,4,77,22,14,122,16,174,46,40,86,260
03/17/2018,AFW,TX,ASW,CE,Towers with Radar,1,0,11,3,15,0,0,50,1,51,1,0,61,4,66,100,18,118,184
03/18/2018,AFW,TX,ASW,CE,Towers with Radar,0,3,13,13,29,0,0,9,0,9,0,3,22,13,38,22,0,22,60
03/19/2018,AFW,TX,ASW,CE,Towers with Radar,8,11,21,1,41,0,0,61,0,61,8,11,82,1,102,52,0,52,154
03/20/2018,AFW,TX,ASW,CE,Towers with Radar,39,14,56,17,126,0,0,134,3,137,39,14,190,20,263,226,14,240,503
03/21/2018,AFW,TX,ASW,CE,Towers with Radar,41,24,59,18,142,0,0,188,15,203,41,24,247,33,345,370,22,392,737
03/22/2018,AFW,TX,ASW,CE,Towers with Radar,39,17,49,17,122,0,0,127,6,133,39,17,176,23,255,182,6,188,443
03/23/2018,AFW,TX,ASW,CE,Towers with Radar,25,15,67,22,129,0,1,59,2,62,25,16,126,24,191,172,22,194,385
03/24/2018,AFW,TX,ASW,CE,Towers with Radar,2,8,10,22,42,0,0,91,1,92,2,8,101,23,134,180,8,188,322
03/25/2018,AFW,TX,ASW,CE,Towers with Radar,0,8,22,21,51,0,0,22,0,22,0,8,44,21,73,36,0,36,109
03/26/2018,AFW,TX,ASW,CE,Towers with Radar,10,11,11,14,46,0,0,40,3,43,10,11,51,17,89,148,10,158,247
03/27/2018,AFW,TX,ASW,CE,Towers with Radar,40,23,12,0,75,0,0,0,0,0,40,23,12,0,75,0,0,0,75
03/28/2018,AFW,TX,ASW,CE,Towers with Radar,36,20,30,10,96,0,0,10,0,10,36,20,40,10,106,16,0,16,122
03/29/2018,AFW,TX,ASW,CE,Towers with Radar,42,23,51,26,142,0,0,129,7,136,42,23,180,33,278,192,2,194,472
03/30/2018,AFW,TX,ASW,CE,Towers with Radar,22,16,47,27,112,0,1,157,7,165,22,17,204,34,277,338,26,364,641
03/31/2018,AFW,TX,ASW,CE,Towers with Radar,1,3,12,10,26,0,0,78,3,81,1,3,90,13,107,200,0,200,307
04/01/2018,AFW,TX,ASW,CE,Towers with Radar,1,5,11,0,17,0,0,7,0,7,1,5,18,0,24,6,0,6,30
04/02/2018,AFW,TX,ASW,CE,Towers with Radar,9,8,22,8,47,0,0,9,0,9,9,8,31,8,56,14,0,14,70
04/03/2018,AFW,TX,ASW,CE,Towers with Radar,42,15,43,11,111,0,2,49,2,53,42,17,92,13,164,10,2,12,176
04/04/2018,AFW,TX,ASW,CE,Towers with Radar,38,17,50,33,138,0,0,197,12,209,38,17,247,45,347,182,68,250,597
04/05/2018,AFW,TX,ASW,CE,Towers with Radar,40,25,81,17,163,6,0,122,1,129,46,25,203,18,292,210,0,210,502
04/06/2018,AFW,TX,ASW,CE,Towers with Radar,22,15,77,17,131,0,0,30,2,32,22,15,107,19,163,28,28,56,219
04/07/2018,AFW,TX,ASW,CE,Towers with Radar,1,1,29,17,48,0,0,4,0,4,1,1,33,17,52,20,0,20,72
04/08/2018,AFW,TX,ASW,CE,Towers with Radar,0,11,97,14,122,0,2,42,0,44,0,13,139,14,166,76,0,76,242
04/09/2018,AFW,TX,ASW,CE,Towers with Radar,8,7,25,33,73,0,0,106,6,112,8,7,131,39,185,182,6,188,373
04/10/2018,AFW,TX,ASW,CE,Towers with Radar,40,20,40,12,112,0,0,179,5,184,40,20,219,17,296,200,8,208,504
04/11/2018,AFW,TX,ASW,CE,Towers with Radar,38,14,58,11,121,0,0,134,0,134,38,14,192,11,255,136,4,140,395
04/12/2018,AFW,TX,ASW,CE,Towers with Radar,37,21,55,27,140,0,1,89,0,90,37,22,144,27,230,40,4,44,274
04/13/2018,AFW,TX,ASW,CE,Towers with Radar,24,13,23,14,74,0,2,19,0,21,24,15,42,14,95,30,10,40,135
04/14/2018,AFW,TX,ASW,CE,Towers with Radar,1,2,9,8,20,0,0,28,9,37,1,2,37,17,57,34,24,58,115
04/15/2018,AFW,TX,ASW,CE,Towers with Radar,2,0,15,25,42,0,0,47,0,47,2,0,62,25,89,44,0,44,133
04/16/2018,AFW,TX,ASW,CE,Towers with Radar,9,10,28,14,61,0,0,133,1,134,9,10,161,15,195,252,0,252,447
04/17/2018,AFW,TX,ASW,CE,Towers with Radar,39,18,36,22,115,0,0,94,5,99,39,18,130,27,214,134,10,144,358
04/18/2018,AFW,TX,ASW,CE,Towers with Radar,38,18,67,3,126,0,0,152,5,157,38,18,219,8,283,180,18,198,481
04/19/2018,AFW,TX,ASW,CE,Towers with Radar,36,18,51,8,113,0,0,187,2,189,36,18,238,10,302,254,10,264,566
04/20/2018,AFW,TX,ASW,CE,Towers with Radar,23,16,55,28,122,0,0,117,5,122,23,16,172,33,244,154,16,170,414
04/21/2018,AFW,TX,ASW,CE,Towers with Radar,1,2,3,0,6,0,0,1,0,1,1,2,4,0,7,0,0,0,7
04/22/2018,AFW,TX,ASW,CE,Towers with Radar,0,4,14,14,32,0,0,26,7,33,0,4,40,21,65,62,20,82,147
04/23/2018,AFW,TX,ASW,CE,Towers with Radar,9,12,28,21,70,0,0,111,5,116,9,12,139,26,186,256,6,262,448
04/24/2018,AFW,TX,ASW,CE,Towers with Radar,44,29,62,23,158,0,0,188,0,188,44,29,250,23,346,228,8,236,582
04/25/2018,AFW,TX,ASW,CE,Towers with Radar,38,16,48,2,104,0,0,26,0,26,38,16,74,2,130,52,0,52,182
04/26/2018,AFW,TX,ASW,CE,Towers with Radar,38,21,55,27,141,0,2,171,0,173,38,23,226,27,314,200,8,208,522
04/27/2018,AFW,TX,ASW,CE,Towers with Radar,21,11,50,24,106,0,0,178,1,179,21,11,228,25,285,316,20,336,621
04/28/2018,AFW,TX,ASW,CE,Towers with Radar,1,0,18,8,27,0,1,99,3,103,1,1,117,11,130,134,8,142,272
04/29/2018,AFW,TX,ASW,CE,Towers with Radar,0,3,16,7,26,0,0,54,2,56,0,3,70,9,82,86,0,86,168
04/30/2018,AFW,TX,ASW,CE,Towers with Radar,6,4,42,19,71,0,0,59,2,61,6,4,101,21,132,106,14,120,252
05/01/2018,AFW,TX,ASW,CE,Towers with Radar,38,14,72,30,154,0,0,46,0,46,38,14,118,30,200,148,2,150,350
05/02/2018,AFW,TX,ASW,CE,Towers with Radar,35,15,74,35,159,0,0,38,0,38,35,15,112,35,197,52,2,54,251
05/03/2018,AFW,TX,ASW,CE,Towers with Radar,39,16,47,11,113,0,0,66,4,70,39,16,113,15,183,88,2,90,273
05/04/2018,AFW,TX,ASW,CE,Towers with Radar,24,13,20,10,67,0,0,21,0,21,24,13,41,10,88,24,0,24,112
05/05/2018,AFW,TX,ASW,CE,Towers with Radar,1,6,15,4,26,0,0,79,3,82,1,6,94,7,108,234,6,240,348
05/06/2018,AFW,TX,ASW,CE,Towers with Radar,0,2,10,17,29,0,1,36,4,41,0,3,46,21,70,72,0,72,142
05/07/2018,AFW,TX,ASW,CE,Towers with Radar,9,5,28,36,78,0,0,118,2,120,9,5,146,38,198,208,18,226,424
05/08/2018,AFW,TX,ASW,CE,Towers with Radar,42,13,61,44,160,0,0,153,5,158,42,13,214,49,318,298,20,318,636
05/09/2018,AFW,TX,ASW,CE,Towers with Radar,39,16,73,20,148,0,0,157,0,157,39,16,230,20,305,148,22,170,475
05/10/2018,AFW,TX,ASW,CE,Towers with Radar,44,16,51,46,157,0,0,165,5,170,44,16,216,51,327,302,28,330,657
05/11/2018,AFW,TX,ASW,CE,Towers with Radar,23,13,52,36,124,0,0,81,5,86,23,13,133,41,210,194,30,224,434
05/12/2018,AFW,TX,ASW,CE,Towers with Radar,0,0,20,3,23,0,0,55,3,58,0,0,75,6,81,88,4,92,173
05/13/2018,AFW,TX,ASW,CE,Towers with Radar,0,7,10,33,50,0,0,22,1,23,0,7,32,34,73,84,0,84,157
05/14/2018,AFW,TX,ASW,CE,Towers with Radar,10,4,36,14,64,0,0,90,4,94,10,4,126,18,158,134,16,150,308
05/15/2018,AFW,TX,ASW,CE,Towers with Radar,46,17,57,15,135,0,0,128,5,133,46,17,185,20,268,238,14,252,520
05/16/2018,AFW,TX,ASW,CE,Towers with Radar,37,19,58,34,148,0,1,157,11,169,37,20,215,45,317,248,12,260,577
05/17/2018,AFW,TX,ASW,CE,Towers with Radar,36,22,57,22,137,0,1,177,4,182,36,23,234,26,319,286,38,324,643
05/18/2018,AFW,TX,ASW,CE,Towers with Radar,24,15,46,27,112,0,0,111,3,114,24,15,157,30,226,182,20,202,428
05/19/2018,AFW,TX,ASW,CE,Towers with Radar,1,6,17,12,36,0,0,88,4,92,1,6,105,16,128,124,6,130,258
05/20/2018,AFW,TX,ASW,CE,Towers with Radar,2,2,18,7,29,0,0,17,5,22,2,2,35,12,51,20,18,38,89
05/21/2018,AFW,TX,ASW,CE,Towers with Radar,10,5,43,5,63,0,0,98,5,103,10,5,141,10,166,122,0,122,288
05/22/2018,AFW,TX,ASW,CE,Towers with Radar,38,17,63,30,148,0,0,106,0,106,38,17,169,30,254,256,10,266,520
05/23/2018,AFW,TX,ASW,CE,Towers with Radar,39,16,60,31,146,0,0,141,3,144,39,16,201,34,290,286,30,316,606
05/24/2018,AFW,TX,ASW,CE,Towers with Radar,38,15,59,22,134,0,0,149,12,161,38,15,208,34,295,290,34,324,619
05/25/2018,AFW,TX,ASW,CE,Towers with Radar,23,15,54,3,95,0,0,113,7,120,23,15,167,10,215,206,18,224,439
05/26/2018,AFW,TX,ASW,CE,Towers with Radar,1,4,10,3,18,0,0,84,6,90,1,4,94,9,108,144,0,144,252
05/27/2018,AFW,TX,ASW,CE,Towers with Radar,0,0,4,4,8,0,0,51,0,51,0,0,55,4,59,86,0,86,145
05/28/2018,AFW,TX,ASW,CE,Towers with Radar,0,3,11,1,15,0,0,57,0,57,0,3,68,1,72,72,0,72,144
05/29/2018,AFW,TX,ASW,CE,Towers with Radar,7,6,29,11,53,0,1,134,0,135,7,7,163,11,188,230,6,236,424
05/30/2018,AFW,TX,ASW,CE,Towers with Radar,38,17,36,35,126,0,8,153,1,162,38,25,189,36,288,136,30,166,454
05/31/2018,AFW,TX,ASW,CE,Towers with Radar,37,17,81,12,147,0,3,107,0,110,37,20,188,12,257,224,26,250,507
06/01/2018,AFW,TX,ASW,CE,Towers with Radar,27,10,66,35,138,0,1,201,8,210,27,11,267,43,348,242,22,264,612
06/02/2018,AFW,TX,ASW,CE,Towers with Radar,2,5,33,9,49,0,0,108,2,110,2,5,141,11,159,84,0,84,243
06/03/2018,AFW,TX,ASW,CE,Towers with Radar,0,5,23,11,39,0,0,60,8,68,0,5,83,19,107,100,4,104,211
06/04/2018,AFW,TX,ASW,CE,Towers with Radar,8,8,29,5,50,0,0,68,1,69,8,8,97,6,119,116,2,118,237
06/05/2018,AFW,TX,ASW,CE,Towers with Radar,39,27,55,39,160,1,2,139,0,142,40,29,194,39,302,238,20,258,560
06/06/2018,AFW,TX,ASW,CE,Towers with Radar,39,23,73,22,157,0,1,157,0,158,39,24,230,22,315,214,8,222,537
06/07/2018,AFW,TX,ASW,CE,Towers with Radar,42,24,69,8,143,0,0,137,0,137,42,24,206,8,280,179,0,179,459
06/08/2018,AFW,TX,ASW,CE,Towers with Radar,23,12,70,28,133,0,0,143,3,146,23,12,213,31,279,200,24,224,503
06/09/2018,AFW,TX,ASW,CE,Towers with Radar,2,12,22,14,50,0,0,44,0,44,2,12,66,14,94,120,0,120,214
06/10/2018,AFW,TX,ASW,CE,Towers with Radar,2,7,23,11,43,0,0,41,1,42,2,7,64,12,85,130,4,134,219
06/11/2018,AFW,TX,ASW,CE,Towers with Radar,7,11,29,24,71,0,0,120,2,122,7,11,149,26,193,238,0,238,431
06/12/2018,AFW,TX,ASW,CE,Towers with Radar,39,17,54,24,134,0,0,136,0,136,39,17,190,24,270,252,0,252,522
06/13/2018,AFW,TX,ASW,CE,Towers with Radar,39,20,50,9,118,0,0,142,0,142,39,20,192,9,260,190,2,192,452
06/14/2018,AFW,TX,ASW,CE,Towers with Radar,38,19,54,23,134,0,0,225,0,225,38,19,279,23,359,184,2,186,545
06/15/2018,AFW,TX,ASW,CE,Towers with Radar,27,17,54,22,120,0,0,189,7,196,27,17,243,29,316,236,28,264,580
06/16/2018,AFW,TX,ASW,CE,Towers with Radar,1,2,16,1,20,0,0,33,1,34,1,2,49,2,54,126,10,136,190
06/17/2018,AFW,TX,ASW,CE,Towers with Radar,0,5,6,7,18,0,0,14,1,15,0,5,20,8,33,6,8,14,47
06/18/2018,AFW,TX,ASW,CE,Towers with Radar,8,6,32,22,68,0,0,58,0,58,8,6,90,22,126,176,4,180,306
06/19/2018,AFW,TX,ASW,CE,Towers with Radar,38,22,64,16,140,0,0,30,0,30,38,22,94,16,170,108,0,108,278
06/20/2018,AFW,TX,ASW,CE,Towers with Radar,40,17,79,14,150,0,0,65,2,67,40,17,144,16,217,116,0,116,333
06/21/2018,AFW,TX,ASW,CE,Towers with Radar,39,28,67,40,174,0,0,166,8,174,39,28,233,48,348,220,18,238,586
06/22/2018,AFW,TX,ASW,CE,Towers with Radar,25,20,50,41,136,0,0,132,15,147,25,20,182,56,283,148,8,156,439
06/23/2018,AFW,TX,ASW,CE,Towers with Radar,1,2,5,1,9,0,0,41,0,41,1,2,46,1,50,28,0,28,78
06/24/2018,AFW,TX,ASW,CE,Towers with Radar,0,6,12,6,24,0,0,41,0,41,0,6,53,6,65,32,0,32,97
06/25/2018,AFW,TX,ASW,CE,Towers with Radar,7,11,32,14,64,0,0,102,3,105,7,11,134,17,169,126,10,136,305
06/26/2018,AFW,TX,ASW,CE,Towers with Radar,38,14,51,16,119,0,3,135,4,142,38,17,186,20,261,246,16,262,523
06/27/2018,AFW,TX,ASW,CE,Towers with Radar,54,19,73,12,158,0,1,175,4,180,54,20,248,16,338,222,32,254,592
06/28/2018,AFW,TX,ASW,CE,Towers with Radar,38,15,71,22,146,0,0,141,1,142,38,15,212,23,288,270,6,276,564
06/29/2018,AFW,TX,ASW,CE,Towers with Radar,24,16,39,47,126,0,2,128,2,132,24,18,167,49,258,146,26,172,430
06/30/2018,AFW,TX,ASW,CE,Towers with Radar,1,0,12,9,22,0,0,41,1,42,1,0,53,10,64,78,16,94,158
07/01/2018,AFW,TX,ASW,CE,Towers with Radar,1,1,15,20,37,0,0,37,1,38,1,1,52,21,75,48,6,54,129
07/02/2018,AFW,TX,ASW,CE,Towers with Radar,9,7,35,22,73,0,0,95,0,95,9,7,130,22,168,230,12,242,410
07/03/2018,AFW,TX,ASW,CE,Towers with Radar,44,18,31,6,99,0,0,116,1,117,44,18,147,7,216,318,16,334,550
07/04/2018,AFW,TX,ASW,CE,Towers with Radar,8,0,8,0,16,0,0,26,2,28,8,0,34,2,44,64,0,64,108
07/05/2018,AFW,TX,ASW,CE,Towers with Radar,30,18,41,3,92,0,0,90,1,91,30,18,131,4,183,222,2,224,407
07/06/2018,AFW,TX,ASW,CE,Towers with Radar,25,17,32,5,79,0,0,99,5,104,25,17,131,10,183,236,0,236,419
07/07/2018,AFW,TX,ASW,CE,Towers with Radar,0,2,13,0,15,0,0,57,4,61,0,2,70,4,76,86,2,88,164
07/08/2018,AFW,TX,ASW,CE,Towers with Radar,0,3,9,15,27,0,0,37,2,39,0,3,46,17,66,90,0,90,156
07/09/2018,AFW,TX,ASW,CE,Towers with Radar,10,8,26,18,62,0,0,62,6,68,10,8,88,24,130,90,6,96,226
07/10/2018,AFW,TX,ASW,CE,Towers with Radar,40,19,44,7,110,0,1,108,3,112,40,20,152,10,222,188,10,198,420
07/11/2018,AFW,TX,ASW,CE,Towers with Radar,39,19,59,23,140,0,0,132,0,132,39,19,191,23,272,328,0,328,600
07/12/2018,AFW,TX,ASW,CE,Towers with Radar,40,20,47,8,115,0,2,97,7,106,40,22,144,15,221,200,0,200,421
07/13/2018,AFW,TX,ASW,CE,Towers with Radar,26,15,49,39,129,0,0,116,3,119,26,15,165,42,248,160,34,194,442
07/14/2018,AFW,TX,ASW,CE,Towers with Radar,0,2,12,12,26,0,0,51,1,52,0,2,63,13,78,102,0,102,180
07/15/2018,AFW,TX,ASW,CE,Towers with Radar,1,2,9,12,24,0,0,35,4,39,1,2,44,16,63,62,0,62,125
07/16/2018,AFW,TX,ASW,CE,Towers with Radar,12,4,27,31,74,0,0,175,1,176,12,4,202,32,250,198,8,206,456
07/17/2018,AFW,TX,ASW,CE,Towers with Radar,43,22,54,28,147,0,0,165,2,167,43,22,219,30,314,312,18,330,644
07/18/2018,AFW,TX,ASW,CE,Towers with Radar,39,17,52,17,125,0,0,139,1,140,39,17,191,18,265,196,24,220,485
07/19/2018,AFW,TX,ASW,CE,Towers with Radar,40,17,46,7,110,0,0,149,6,155,40,17,195,13,265,300,14,314,579
07/20/2018,AFW,TX,ASW,CE,Towers with Radar,26,10,39,44,119,0,1,89,5,95,26,11,128,49,214,128,26,154,368
07/21/2018,AFW,TX,ASW,CE,Towers with Radar,0,2,6,25,33,0,0,34,7,41,0,2,40,32,74,64,10,74,148
07/22/2018,AFW,TX,ASW,CE,Towers with Radar,2,5,6,30,43,0,0,17,14,31,2,5,23,44,74,16,20,36,110
07/23/2018,AFW,TX,ASW,CE,Towers with Radar,9,4,25,11,49,0,0,127,6,133,9,4,152,17,182,204,14,218,400
07/24/2018,AFW,TX,ASW,CE,Towers with Radar,44,14,55,8,121,0,1,133,2,136,44,15,188,10,257,258,14,272,529
07/25/2018,AFW,TX,ASW,CE,Towers with Radar,40,23,49,25,137,0,0,152,4,156,40,23,201,29,293,266,12,278,571
07/26/2018,AFW,TX,ASW,CE,Towers with Radar,42,11,61,13,127,0,0,158,8,166,42,11,219,21,293,208,14,222,515
07/27/2018,AFW,TX,ASW,CE,Towers with Radar,27,13,28,55,123,0,1,130,1,132,27,14,158,56,255,186,22,208,463
07/28/2018,AFW,TX,ASW,CE,Towers with Radar,0,0,12,19,31,0,0,27,7,34,0,0,39,26,65,44,6,50,115
07/29/2018,AFW,TX,ASW,CE,Towers with Radar,0,4,20,27,51,0,0,21,0,21,0,4,41,27,72,30,42,72,144
07/30/2018,AFW,TX,ASW,CE,Towers with Radar,9,4,12,19,44,0,0,32,2,34,9,4,44,21,78,54,10,64,142
07/31/2018,AFW,TX,ASW,CE,Towers with Radar,43,21,52,19,135,0,2,169,1,172,43,23,221,20,307,180,38,218,525
08/01/2018,AFW,TX,ASW,CE,Towers with Radar,40,17,56,16,129,0,2,176,2,180,40,19,232,18,309,190,0,190,499
08/02/2018,AFW,TX,ASW,CE,Towers with Radar,44,19,56,19,138,0,1,136,5,142,44,20,192,24,280,250,12,262,542
08/03/2018,AFW,TX,ASW,CE,Towers with Radar,25,22,59,28,134,0,0,139,6,145,25,22,198,34,279,196,34,230,509
08/04/2018,AFW,TX,ASW,CE,Towers with Radar,1,5,15,15,36,0,0,74,2,76,1,5,89,17,112,124,2,126,238
08/05/2018,AFW,TX,ASW,CE,Towers with Radar,1,6,14,8,29,0,0,33,5,38,1,6,47,13,67,56,4,60,127
08/06/2018,AFW,TX,ASW,CE,Towers with Radar,9,11,34,24,78,0,1,109,1,111,9,12,143,25,189,124,4,128,317
08/07/2018,AFW,TX,ASW,CE,Towers with Radar,42,15,55,39,151,0,0,179,4,183,42,15,234,43,334,204,12,216,550
08/08/2018,AFW,TX,ASW,CE,Towers with Radar,48,22,52,17,139,0,0,137,4,141,48,22,189,21,280,114,24,138,418
08/09/2018,AFW,TX,ASW,CE,Towers with Radar,41,16,60,13,130,0,0,88,1,89,41,16,148,14,219,104,2,106,325
08/10/2018,AFW,TX,ASW,CE,Towers with Radar,32,11,22,4,69,0,0,54,1,55,32,11,76,5,124,34,4,38,162
08/11/2018,AFW,TX,ASW,CE,Towers with Radar,1,1,5,2,9,0,0,3,0,3,1,1,8,2,12,0,0,0,12
08/12/2018,AFW,TX,ASW,CE,Towers with Radar,0,10,7,4,21,0,0,9,0,9,0,10,16,4,30,6,0,6,36
08/13/2018,AFW,TX,ASW,CE,Towers with Radar,9,7,34,1,51,0,0,4,0,4,9,7,38,1,55,0,0,0,55
08/14/2018,AFW,TX,ASW,CE,Towers with Radar,48,16,54,22,140,0,0,100,0,100,48,16,154,22,240,134,6,140,380
08/15/2018,AFW,TX,ASW,CE,Towers with Radar,41,17,60,22,140,0,0,121,10,131,41,17,181,32,271,234,6,240,511
08/16/2018,AFW,TX,ASW,CE,Towers with Radar,40,17,63,17,137,0,0,129,3,132,40,17,192,20,269,238,10,248,517
08/17/2018,AFW,TX,ASW,CE,Towers with Radar,26,14,53,40,133,0,0,104,14,118,26,14,157,54,251,158,46,204,455
08/18/2018,AFW,TX,ASW,CE,Towers with Radar,1,2,13,8,24,0,0,43,0,43,1,2,56,8,67,62,0,62,129
08/19/2018,AFW,TX,ASW,CE,Towers with Radar,0,3,20,18,41,0,0,34,14,48,0,3,54,32,89,76,40,116,205
08/20/2018,AFW,TX,ASW,CE,Towers with Radar,11,4,26,19,60,0,0,82,0,82,11,4,108,19,142,240,24,264,406
08/21/2018,AFW,TX,ASW,CE,Towers with Radar,40,16,43,20,119,0,1,123,1,125,40,17,166,21,244,218,0,218,462
08/22/2018,AFW,TX,ASW,CE,Towers with Radar,41,16,57,10,124,0,0,141,2,143,41,16,198,12,267,220,6,226,493
08/23/2018,AFW,TX,ASW,CE,Towers with Radar,41,14,48,32,135,0,0,144,5,149,41,14,192,37,284,256,0,256,540
08/24/2018,AFW,TX,ASW,CE,Towers with Radar,24,14,30,49,117,0,0,141,10,151,24,14,171,59,268,184,36,220,488
08/25/2018,AFW,TX,ASW,CE,Towers with Radar,0,2,16,8,26,0,0,88,0,88,0,2,104,8,114,152,10,162,276
08/26/2018,AFW,TX,ASW,CE,Towers with Radar,0,1,12,51,64,0,0,51,10,61,0,1,63,61,125,64,0,64,189
08/27/2018,AFW,TX,ASW,CE,Towers with Radar,9,8,37,39,93,0,0,140,1,141,9,8,177,40,234,222,10,232,466
08/28/2018,AFW,TX,ASW,CE,Towers with Radar,40,18,74,26,158,0,0,136,5,141,40,18,210,31,299,220,0,220,519
08/29/2018,AFW,TX,ASW,CE,Towers with Radar,41,21,58,29,149,0,0,160,5,165,41,21,218,34,314,174,0,174,488
08/30/2018,AFW,TX,ASW,CE,Towers with Radar,41,17,50,20,128,0,2,129,7,138,41,19,179,27,266,213,16,229,495
08/31/2018,AFW,TX,ASW,CE,Towers with Radar,25,10,38,3,76,0,0,136,3,139,25,10,174,6,215,170,0,170,385
09/01/2018,AFW,TX,ASW,CE,Towers with Radar,1,3,14,0,18,0,0,78,2,80,1,3,92,2,98,124,0,124,222
09/02/2018,AFW,TX,ASW,CE,Towers with Radar,0,0,3,4,7,0,0,20,1,21,0,0,23,5,28,34,8,42,70
09/03/2018,AFW,TX,ASW,CE,Towers with Radar,0,1,12,1,14,0,0,0,0,0,0,1,12,1,14,0,0,0,14
09/04/2018,AFW,TX,ASW,CE,Towers with Radar,10,11,8,29,58,0,0,32,0,32,10,11,40,29,90,142,8,150,240
09/05/2018,AFW,TX,ASW,CE,Towers with Radar,41,25,50,24,140,0,3,101,9,113,41,28,151,33,253,188,40,228,481
09/06/2018,AFW,TX,ASW,CE,Towers with Radar,46,18,48,15,127,0,0,65,5,70,46,18,113,20,197,62,28,90,287
09/07/2018,AFW,TX,ASW,CE,Towers with Radar,29,15,62,23,129,0,1,93,4,98,29,16,155,27,227,206,28,234,461
09/08/2018,AFW,TX,ASW,CE,Towers with Radar,0,2,5,1,8,0,0,1,1,2,0,2,6,2,10,0,2,2,12
09/09/2018,AFW,TX,ASW,CE,Towers with Radar,0,2,21,12,35,0,0,25,0,25,0,2,46,12,60,108,6,114,174
09/10/2018,AFW,TX,ASW,CE,Towers with Radar,10,5,47,37,99,0,0,63,2,65,10,5,110,39,164,182,2,184,348
09/11/2018,AFW,TX,ASW,CE,Towers with Radar,39,17,68,25,149,0,1,8,4,13,39,18,76,29,162,20,0,20,182
09/12/2018,AFW,TX,ASW,CE,Towers with Radar,43,18,59,48,168,0,0,65,0,65,43,18,124,48,233,152,12,164,397
09/13/2018,AFW,TX,ASW,CE,Towers with Radar,38,17,72,31,158,0,0,93,1,94,38,17,165,32,252,168,44,212,464
09/14/2018,AFW,TX,ASW,CE,Towers with Radar,27,13,42,49,131,0,0,131,13,144,27,13,173,62,275,198,96,294,569
09/15/2018,AFW,TX,ASW,CE,Towers with Radar,3,2,12,5,22,0,0,76,2,78,3,2,88,7,100,122,2,124,224
09/16/2018,AFW,TX,ASW,CE,Towers with Radar,1,2,12,18,33,0,0,13,5,18,1,2,25,23,51,14,14,28,79
09/17/2018,AFW,TX,ASW,CE,Towers with Radar,11,4,29,25,69,0,0,141,0,141,11,4,170,25,210,184,0,184,394
09/18/2018,AFW,TX,ASW,CE,Towers with Radar,41,16,50,12,119,0,1,191,5,197,41,17,241,17,316,256,0,256,572
09/19/2018,AFW,TX,ASW,CE,Towers with Radar,39,21,52,44,156,0,1,165,3,169,39,22,217,47,325,222,20,242,567
09/20/2018,AFW,TX,ASW,CE,Towers with Radar,48,15,55,19,137,1,0,153,0,154,49,15,208,19,291,178,16,194,485
09/21/2018,AFW,TX,ASW,CE,Towers with Radar,26,11,67,23,127,0,0,16,0,16,26,11,83,23,143,20,0,20,163
09/22/2018,AFW,TX,ASW,CE,Towers with Radar,1,4,14,4,23,0,0,0,0,0,1,4,14,4,23,0,0,0,23
09/23/2018,AFW,TX,ASW,CE,Towers with Radar,2,1,20,10,33,0,0,0,0,0,2,1,20,10,33,24,0,24,57
09/24/2018,AFW,TX,ASW,CE,Towers with Radar,9,4,34,21,68,0,0,35,0,35,9,4,69,21,103,120,0,120,223
09/25/2018,AFW,TX,ASW,CE,Towers with Radar,40,21,54,12,127,0,0,136,5,141,40,21,190,17,268,286,4,290,558
09/26/2018,AFW,TX,ASW,CE,Towers with Radar,39,14,43,12,108,0,0,37,2,39,39,14,80,14,147,72,2,74,221
09/27/2018,AFW,TX,ASW,CE,Towers with Radar,42,20,44,16,122,0,0,185,5,190,42,20,229,21,312,272,2,274,586
09/28/2018,AFW,TX,ASW,CE,Towers with Radar,24,15,51,6,96,0,0,76,0,76,24,15,127,6,172,204,6,210,382
09/29/2018,AFW,TX,ASW,CE,Towers with Radar,1,4,16,2,23,0,0,16,1,17,1,4,32,3,40,28,0,28,68
09/30/2018,AFW,TX,ASW,CE,Towers with Radar,1,4,23,1,29,0,0,33,0,33,1,4,56,1,62,68,0,68,130
10/01/2018,AFW,TX,ASW,CE,Towers with Radar,9,13,26,8,56,0,0,70,0,70,9,13,96,8,126,170,0,170,296
10/02/2018,AFW,TX,ASW,CE,Towers with Radar,40,14,41,12,107,0,0,71,0,71,40,14,112,12,178,202,0,202,380
10/03/2018,AFW,TX,ASW,CE,Towers with Radar,41,12,46,32,131,0,2,108,2,112,41,14,154,34,243,228,4,232,475
10/04/2018,AFW,TX,ASW,CE,Towers with Radar,40,20,39,28,127,0,2,162,0,164,40,22,201,28,291,156,4,160,451
10/05/2018,AFW,TX,ASW,CE,Towers with Radar,28,15,22,8,73,0,0,130,1,131,28,15,152,9,204,246,6,252,456
10/06/2018,AFW,TX,ASW,CE,Towers with Radar,0,3,12,2,17,0,0,59,1,60,0,3,71,3,77,150,0,150,227
10/07/2018,AFW,TX,ASW,CE,Towers with Radar,2,1,19,0,22,0,0,6,2,8,2,1,25,2,30,4,4,8,38
10/08/2018,AFW,TX,ASW,CE,Towers with Radar,9,5,24,7,45,0,0,22,3,25,9,5,46,10,70,68,0,68,138
10/09/2018,AFW,TX,ASW,CE,Towers with Radar,41,15,43,5,104,0,0,2,0,2,41,15,45,5,106,0,0,0,106
10/10/2018,AFW,TX,ASW,CE,Towers with Radar,48,17,33,16,114,0,2,157,7,166,48,19,190,23,280,202,0,202,482
10/11/2018,AFW,TX,ASW,CE,Towers with Radar,39,14,28,14,95,0,0,124,13,137,39,14,152,27,232,86,12,98,330
10/12/2018,AFW,TX,ASW,CE,Towers with Radar,28,11,8,16,63,0,0,24,8,32,28,11,32,24,95,12,12,24,119
10/13/2018,AFW,TX,ASW,CE,Towers with Radar,0,0,2,0,2,0,0,0,0,0,0,0,2,0,2,0,0,0,2
10/14/2018,AFW,TX,ASW,CE,Towers with Radar,2,1,2,4,9,0,0,21,16,37,2,1,23,20,46,0,0,0,46
10/15/2018,AFW,TX,ASW,CE,Towers with Radar,10,12,6,19,47,0,0,0,1,1,10,12,6,20,48,0,4,4,52
10/16/2018,AFW,TX,ASW,CE,Towers with Radar,39,20,40,17,116,0,0,16,0,16,39,20,56,17,132,80,0,80,212
10/17/2018,AFW,TX,ASW,CE,Towers with Radar,39,15,81,21,156,0,0,77,0,77,39,15,158,21,233,52,0,52,285
10/18/2018,AFW,TX,ASW,CE,Towers with Radar,40,17,71,61,189,0,1,164,2,167,40,18,235,63,356,236,14,250,606
10/19/2018,AFW,TX,ASW,CE,Towers with Radar,27,13,49,14,103,0,0,0,0,0,27,13,49,14,103,0,0,0,103
10/20/2018,AFW,TX,ASW,CE,Towers with Radar,0,7,28,1,36,0,1,54,1,56,0,8,82,2,92,112,0,112,204
10/21/2018,AFW,TX,ASW,CE,Towers with Radar,2,1,34,10,47,0,0,77,10,87,2,1,111,20,134,110,2,112,246
10/22/2018,AFW,TX,ASW,CE,Towers with Radar,8,5,38,7,58,0,0,148,1,149,8,5,186,8,207,250,4,254,461
10/23/2018,AFW,TX,ASW,CE,Towers with Radar,45,16,58,15,134,0,0,198,4,202,45,16,256,19,336,364,0,364,700
10/24/2018,AFW,TX,ASW,CE,Towers with Radar,40,15,53,28,136,0,0,28,0,28,40,15,81,28,164,26,0,26,190
10/25/2018,AFW,TX,ASW,CE,Towers with Radar,42,17,70,27,156,0,0,60,2,62,42,17,130,29,218,180,0,180,398
10/26/2018,AFW,TX,ASW,CE,Towers with Radar,27,14,64,51,156,0,3,216,6,225,27,17,280,57,381,310,10,320,701
10/27/2018,AFW,TX,ASW,CE,Towers with Radar,0,3,23,19,45,0,2,112,0,114,0,5,135,19,159,256,0,256,415
10/28/2018,AFW,TX,ASW,CE,Towers with Radar,0,2,10,20,32,0,0,37,1,38,0,2,47,21,70,42,6,48,118
10/29/2018,AFW,TX,ASW,CE,Towers with Radar,7,7,29,35,78,0,2,132,1,135,7,9,161,36,213,194,18,212,425
10/30/2018,AFW,TX,ASW,CE,Towers with Radar,43,24,87,38,192,0,2,87,9,98,43,26,174,47,290,246,22,268,558
10/31/2018,AFW,TX,ASW,CE,Towers with Radar,40,24,49,2,115,0,0,4,2,6,40,24,53,4,121,24,0,24,145
11/01/2018,AFW,TX,ASW,CE,Towers with Radar,44,23,110,21,198,0,0,232,0,232,44,23,342,21,430,292,0,292,722
11/02/2018,AFW,TX,ASW,CE,Towers with Radar,28,25,88,48,189,0,2,183,6,191,28,27,271,54,380,190,46,236,616
11/03/2018,AFW,TX,ASW,CE,Towers with Radar,0,3,41,13,57,0,0,56,3,59,0,3,97,16,116,40,10,50,166
11/04/2018,AFW,TX,ASW,CE,Towers with Radar,1,11,107,7,126,0,0,82,8,90,1,11,189,15,216,90,4,94,310
11/05/2018,AFW,TX,ASW,CE,Towers with Radar,10,12,31,29,82,0,1,96,2,99,10,13,127,31,181,119,4,123,304
11/06/2018,AFW,TX,ASW,CE,Towers with Radar,53,21,66,44,184,0,0,136,1,137,53,21,202,45,321,210,6,216,537
11/07/2018,AFW,TX,ASW,CE,Towers with Radar,42,17,88,43,190,0,0,8,0,8,42,17,96,43,198,12,0,12,210
11/08/2018,AFW,TX,ASW,CE,Towers with Radar,41,26,84,45,196,0,0,24,1,25,41,26,108,46,221,16,0,16,237
11/09/2018,AFW,TX,ASW,CE,Towers with Radar,32,13,67,59,171,0,1,93,4,98,32,14,160,63,269,254,46,300,569
11/10/2018,AFW,TX,ASW,CE,Towers with Radar,1,1,23,9,34,0,0,150,8,158,1,1,173,17,192,230,8,238,430
11/11/2018,AFW,TX,ASW,CE,Towers with Radar,1,1,14,3,19,0,0,23,1,24,1,1,37,4,43,56,0,56,99
11/12/2018,AFW,TX,ASW,CE,Towers with Radar,10,3,24,1,38,0,0,10,0,10,10,3,34,1,48,0,0,0,48
11/13/2018,AFW,TX,ASW,CE,Towers with Radar,46,22,34,48,150,0,1,116,4,121,46,23,150,52,271,282,6,288,559
11/14/2018,AFW,TX,ASW,CE,Towers with Radar,45,19,58,38,160,0,0,296,4,300,45,19,354,42,460,252,0,252,712
11/15/2018,AFW,TX,ASW,CE,Towers with Radar,42,15,57,11,125,0,2,290,0,292,42,17,347,11,417,310,4,314,731
11/16/2018,AFW,TX,ASW,CE,Towers with Radar,25,13,59,43,140,0,0,253,9,262,25,13,312,52,402,262,16,278,680
11/17/2018,AFW,TX,ASW,CE,Towers with Radar,0,2,31,34,67,0,0,186,3,189,0,2,217,37,256,178,18,196,452
11/18/2018,AFW,TX,ASW,CE,Towers with Radar,0,1,32,11,44,0,0,41,2,43,0,1,73,13,87,66,6,72,159
11/19/2018,AFW,TX,ASW,CE,Towers with Radar,10,5,60,17,92,0,0,141,0,141,10,5,201,17,233,244,0,244,477
11/20/2018,AFW,TX,ASW,CE,Towers with Radar,46,14,57,14,131,0,2,147,0,149,46,16,204,14,280,194,0,194,474
11/21/2018,AFW,TX,ASW,CE,Towers with Radar,47,17,25,7,96,0,0,121,0,121,47,17,146,7,217,270,8,278,495
11/22/2018,AFW,TX,ASW,CE,Towers with Radar,6,1,4,0,11,0,0,9,0,9,6,1,13,0,20,12,0,12,32
11/23/2018,AFW,TX,ASW,CE,Towers with Radar,18,9,14,2,43,0,0,27,0,27,18,9,41,2,70,22,0,22,92
11/24/2018,AFW,TX,ASW,CE,Towers with Radar,2,1,23,0,26,0,1,103,0,104,2,2,126,0,130,184,0,184,314
11/25/2018,AFW,TX,ASW,CE,Towers with Radar,3,0,10,0,13,0,0,7,0,7,3,0,17,0,20,24,0,24,44
11/26/2018,AFW,TX,ASW,CE,Towers with Radar,12,3,29,18,62,0,0,111,3,114,12,3,140,21,176,284,22,306,482
11/27/2018,AFW,TX,ASW,CE,Towers with Radar,56,26,59,23,164,0,5,140,1,146,56,31,199,24,310,278,10,288,598
11/28/2018,AFW,TX,ASW,CE,Towers with Radar,59,20,75,22,176,0,1,198,8,207,59,21,273,30,383,202,10,212,595
11/29/2018,AFW,TX,ASW,CE,Towers with Radar,55,21,68,43,187,0,0,184,6,190,55,21,252,49,377,300,42,342,719
11/30/2018,AFW,TX,ASW,CE,Towers with Radar,30,17,73,50,170,0,2,60,5,67,30,19,133,55,237,158,30,188,425
12/01/2018,AFW,TX,ASW,CE,Towers with Radar,10,0,13,16,39,0,0,20,8,28,10,0,33,24,67,16,2,18,85
12/02/2018,AFW,TX,ASW,CE,Towers with Radar,0,5,10,21,36,0,0,68,9,77,0,5,78,30,113,126,6,132,245
12/03/2018,AFW,TX,ASW,CE,Towers with Radar,14,4,42,36,96,0,2,84,1,87,14,6,126,37,183,256,4,260,443
12/04/2018,AFW,TX,ASW,CE,Towers with Radar,60,22,59,37,178,0,0,126,3,129,60,22,185,40,307,226,12,238,545
12/05/2018,AFW,TX,ASW,CE,Towers with Radar,56,17,38,1,112,0,0,134,3,137,56,17,172,4,249,244,24,268,517
12/06/2018,AFW,TX,ASW,CE,Towers with Radar,60,15,80,23,178,0,0,22,0,22,60,15,102,23,200,108,0,108,308
12/07/2018,AFW,TX,ASW,CE,Towers with Radar,28,15,34,9,86,0,0,0,0,0,28,15,34,9,86,0,0,0,86
12/08/2018,AFW,TX,ASW,CE,Towers with Radar,9,6,6,2,23,0,0,0,0,0,9,6,6,2,23,0,0,0,23
12/09/2018,AFW,TX,ASW,CE,Towers with Radar,1,1,11,7,20,0,0,32,8,40,1,1,43,15,60,74,2,76,136
12/10/2018,AFW,TX,ASW,CE,Towers with Radar,12,10,43,17,82,0,1,153,0,154,12,11,196,17,236,252,4,256,492
12/11/2018,AFW,TX,ASW,CE,Towers with Radar,58,17,66,42,183,0,0,167,0,167,58,17,233,42,350,238,14,252,602
12/12/2018,AFW,TX,ASW,CE,Towers with Radar,59,22,80,34,195,0,0,118,0,118,59,22,198,34,313,248,0,248,561
12/13/2018,AFW,TX,ASW,CE,Towers with Radar,53,13,37,2,105,0,0,17,3,20,53,13,54,5,125,74,0,74,199
12/14/2018,AFW,TX,ASW,CE,Towers with Radar,33,8,21,24,86,0,0,5,0,5,33,8,26,24,91,0,0,0,91
12/15/2018,AFW,TX,ASW,CE,Towers with Radar,11,2,18,7,38,0,0,124,0,124,11,2,142,7,162,172,4,176,338
12/16/2018,AFW,TX,ASW,CE,Towers with Radar,1,0,22,5,28,0,0,42,3,45,1,0,64,8,73,60,0,60,133
12/17/2018,AFW,TX,ASW,CE,Towers with Radar,15,9,42,2,68,0,2,139,0,141,15,11,181,2,209,234,0,234,443
12/18/2018,AFW,TX,ASW,CE,Towers with Radar,60,21,67,20,168,0,1,165,3,169,60,22,232,23,337,314,0,314,651
12/19/2018,AFW,TX,ASW,CE,Towers with Radar,62,16,41,5,124,0,0,4,1,5,62,16,45,6,129,32,8,40,169
12/20/2018,AFW,TX,ASW,CE,Towers with Radar,64,17,37,11,129,0,0,81,1,82,64,17,118,12,211,136,0,136,347
12/21/2018,AFW,TX,ASW,CE,Towers with Radar,30,14,35,10,89,0,1,148,12,161,30,15,183,22,250,198,26,224,474
12/22/2018,AFW,TX,ASW,CE,Towers with Radar,11,0,22,3,36,0,0,92,5,97,11,0,114,8,133,150,2,152,285
12/23/2018,AFW,TX,ASW,CE,Towers with Radar,0,1,7,0,8,0,0,40,7,47,0,1,47,7,55,76,6,82,137
12/24/2018,AFW,TX,ASW,CE,Towers with Radar,0,0,7,0,7,0,0,22,3,25,0,0,29,3,32,32,0,32,64
12/25/2018,AFW,TX,ASW,CE,Towers with Radar,0,0,4,0,4,0,0,0,0,0,0,0,4,0,4,0,0,0,4
12/26/2018,AFW,TX,ASW,CE,Towers with Radar,12,3,10,0,25,0,0,1,0,1,12,3,11,0,26,0,0,0,26
12/27/2018,AFW,TX,ASW,CE,Towers with Radar,55,19,33,0,107,0,0,47,3,50,55,19,80,3,157,52,2,54,211
12/28/2018,AFW,TX,ASW,CE,Towers with Radar,31,8,15,0,54,0,2,85,3,90,31,10,100,3,144,200,0,200,344
12/29/2018,AFW,TX,ASW,CE,Towers with Radar,10,2,9,0,21,0,0,65,0,65,10,2,74,0,86,100,0,100,186
12/30/2018,AFW,TX,ASW,CE,Towers with Radar,1,2,12,0,15,0,0,11,0,11,1,2,23,0,26,6,0,6,32
12/31/2018,AFW,TX,ASW,CE,Towers with Radar,0,0,14,0,14,0,0,55,0,55,0,0,69,0,69,112,0,112,181
01/01/2019,AFW,TX,ASW,CE,Towers with Radar,1,0,8,0,9,0,0,7,0,7,1,0,15,0,16,40,0,40,56
01/02/2019,AFW,TX,ASW,CE,Towers with Radar,6,3,3,0,12,0,0,0,0,0,6,3,3,0,12,0,0,0,12
01/03/2019,AFW,TX,ASW,CE,Towers with Radar,49,18,7,0,74,0,0,0,0,0,49,18,7,0,74,0,0,0,74
01/04/2019,AFW,TX,ASW,CE,Towers with Radar,29,11,32,29,101,0,0,188,7,195,29,11,220,36,296,351,39,390,686
01/05/2019,AFW,TX,ASW,CE,Towers with Radar,3,0,23,23,49,0,0,118,4,122,3,0,141,27,171,160,2,162,333
01/06/2019,AFW,TX,ASW,CE,Towers with Radar,0,5,11,1,17,0,0,44,0,44,0,5,55,1,61,56,0,56,117
01/07/2019,AFW,TX,ASW,CE,Towers with Radar,12,6,26,15,59,0,0,117,2,119,12,6,143,17,178,194,8,202,380
01/08/2019,AFW,TX,ASW,CE,Towers with Radar,44,16,18,15,93,0,0,77,3,80,44,16,95,18,173,79,22,101,274
01/09/2019,AFW,TX,ASW,CE,Towers with Radar,43,13,22,14,92,0,0,171,8,179,43,13,193,22,271,248,10,258,529
01/10/2019,AFW,TX,ASW,CE,Towers with Radar,41,19,27,32,119,0,1,156,0,157,41,20,183,32,276,172,2,174,450
01/11/2019,AFW,TX,ASW,CE,Towers with Radar,24,13,25,26,88,0,0,9,1,10,24,13,34,27,98,10,4,14,112
01/12/2019,AFW,TX,ASW,CE,Towers with Radar,1,3,14,10,28,0,0,13,0,13,1,3,27,10,41,0,4,4,45
01/13/2019,AFW,TX,ASW,CE,Towers with Radar,0,1,17,10,28,0,0,30,5,35,0,1,47,15,63,94,0,94,157
01/14/2019,AFW,TX,ASW,CE,Towers with Radar,9,4,29,33,75,0,2,34,5,41,9,6,63,38,116,82,14,96,212
01/15/2019,AFW,TX,ASW,CE,Towers with Radar,42,12,34,29,117,0,0,103,4,107,42,12,137,33,224,140,8,148,372
01/16/2019,AFW,TX,ASW,CE,Towers with Radar,47,18,28,18,111,0,0,35,2,37,47,18,63,20,148,52,16,68,216
01/17/2019,AFW,TX,ASW,CE,Towers with Radar,44,13,57,36,150,0,0,141,6,147,44,13,198,42,297,254,10,264,561
01/18/2019,AFW,TX,ASW,CE,Towers with Radar,25,7,34,46,112,0,0,102,8,110,25,7,136,54,222,184,28,212,434
01/19/2019,AFW,TX,ASW,CE,Towers with Radar,1,0,2,1,4,0,0,2,1,3,1,0,4,2,7,18,0,18,25
01/20/2019,AFW,TX,ASW,CE,Towers with Radar,0,4,11,2,17,0,0,83,5,88,0,4,94,7,105,94,6,100,205
01/21/2019,AFW,TX,ASW,CE,Towers with Radar,9,7,24,10,50,0,0,32,0,32,9,7,56,10,82,28,0,28,110
01/22/2019,AFW,TX,ASW,CE,Towers with Radar,40,19,20,18,97,0,0,12,0,12,40,19,32,18,109,34,0,34,143
01/23/2019,AFW,TX,ASW,CE,Towers with Radar,45,14,36,28,123,0,0,130,6,136,45,14,166,34,259,174,26,200,459
01/24/2019,AFW,TX,ASW,CE,Towers with Radar,41,17,33,10,101,0,0,181,0,181,41,17,214,10,282,302,0,302,584
01/25/2019,AFW,TX,ASW,CE,Towers with Radar,27,12,39,65,143,0,1,134,6,141,27,13,173,71,284,258,22,280,564
01/26/2019,AFW,TX,ASW,CE,Towers with Radar,1,1,12,59,73,0,0,147,8,155,1,1,159,67,228,262,48,310,538
01/27/2019,AFW,TX,ASW,CE,Towers with Radar,0,5,17,63,85,0,0,45,1,46,0,5,62,64,131,56,0,56,187
01/28/2019,AFW,TX,ASW,CE,Towers with Radar,9,3,14,35,61,0,0,67,2,69,9,3,81,37,130,66,46,112,242
01/29/2019,AFW,TX,ASW,CE,Towers with Radar,43,16,38,41,138,0,0,149,2,151,43,16,187,43,289,220,20,240,529
01/30/2019,AFW,TX,ASW,CE,Towers with Radar,42,17,36,26,121,0,1,187,0,188,42,18,223,26,309,252,6,258,567
01/31/2019,AFW,TX,ASW,CE,Towers with Radar,41,13,54,30,138,0,0,40,2,42,41,13,94,32,180,22,0,22,202
02/01/2019,AFW,TX,ASW,CE,Towers with Radar,26,20,43,54,143,0,0,35,2,37,26,20,78,56,180,52,6,58,238
02/02/2019,AFW,TX,ASW,CE,Towers with Radar,1,1,21,13,36,0,0,9,0,9,1,1,30,13,45,76,0,76,121
02/03/2019,AFW,TX,ASW,CE,Towers with Radar,0,1,24,37,62,0,0,15,0,15,0,1,39,37,77,44,0,44,121
02/04/2019,AFW,TX,ASW,CE,Towers with Radar,9,14,37,16,76,0,0,169,5,174,9,14,206,21,250,244,30,274,524
02/05/2019,AFW,TX,ASW,CE,Towers with Radar,42,17,75,27,161,0,0,38,0,38,42,17,113,27,199,60,0,60,259
02/06/2019,AFW,TX,ASW,CE,Towers with Radar,46,18,53,58,175,0,0,41,10,51,46,18,94,68,226,38,0,38,264
02/07/2019,AFW,TX,ASW,CE,Towers with Radar,43,12,54,29,138,0,1,71,5,77,43,13,125,34,215,120,14,134,349
02/08/2019,AFW,TX,ASW,CE,Towers with Radar,29,9,33,13,84,0,0,122,4,126,29,9,155,17,210,168,12,180,390
02/09/2019,AFW,TX,ASW,CE,Towers with Radar,2,0,7,0,9,0,0,46,0,46,2,0,53,0,55,146,0,146,201
02/10/2019,AFW,TX,ASW,CE,Towers with Radar,1,0,12,1,14,0,0,0,0,0,1,0,12,1,14,0,0,0,14
02/11/2019,AFW,TX,ASW,CE,Towers with Radar,11,7,26,13,57,0,0,41,1,42,11,7,67,14,99,90,0,90,189
02/12/2019,AFW,TX,ASW,CE,Towers with Radar,48,14,56,11,129,0,2,198,1,201,48,16,254,12,330,284,0,284,614
02/13/2019,AFW,TX,ASW,CE,Towers with Radar,48,18,52,39,157,0,1,183,5,189,48,19,235,44,346,262,40,302,648
02/14/2019,AFW,TX,ASW,CE,Towers with Radar,47,17,45,29,138,0,0,110,3,113,47,17,155,32,251,132,6,138,389
02/15/2019,AFW,TX,ASW,CE,Towers with Radar,27,10,51,28,116,0,0,169,4,173,27,10,220,32,289,226,12,238,527
02/16/2019,AFW,TX,ASW,CE,Towers with Radar,3,0,13,3,19,0,0,2,0,2,3,0,15,3,21,4,0,4,25
02/17/2019,AFW,TX,ASW,CE,Towers with Radar,1,0,5,18,24,0,0,37,2,39,1,0,42,20,63,70,0,70,133
02/18/2019,AFW,TX,ASW,CE,Towers with Radar,11,7,8,0,26,0,1,91,0,92,11,8,99,0,118,108,0,108,226
02/19/2019,AFW,TX,ASW,CE,Towers with Radar,38,16,10,1,65,0,0,0,0,0,38,16,10,1,65,0,0,0,65
02/20/2019,AFW,TX,ASW,CE,Towers with Radar,45,23,54,30,152,0,1,165,4,170,45,24,219,34,322,206,16,222,544
02/21/2019,AFW,TX,ASW,CE,Towers with Radar,40,15,52,11,118,0,0,145,4,149,40,15,197,15,267,210,18,228,495
02/22/2019,AFW,TX,ASW,CE,Towers with Radar,31,16,13,25,85,0,0,0,0,0,31,16,13,25,85,0,0,0,85
02/23/2019,AFW,TX,ASW,CE,Towers with Radar,3,12,6,28,49,0,0,14,1,15,3,12,20,29,64,0,2,2,66
02/24/2019,AFW,TX,ASW,CE,Towers with Radar,1,0,22,19,42,0,3,67,3,73,1,3,89,22,115,88,8,96,211
02/25/2019,AFW,TX,ASW,CE,Towers with Radar,10,5,61,27,103,0,4,183,2,189,10,9,244,29,292,164,18,182,474
02/26/2019,AFW,TX,ASW,CE,Towers with Radar,42,13,108,39,202,0,0,73,0,73,42,13,181,39,275,248,18,266,541
02/27/2019,AFW,TX,ASW,CE,Towers with Radar,39,16,44,4,103,0,0,1,0,1,39,16,45,4,104,0,0,0,104
02/28/2019,AFW,TX,ASW,CE,Towers with Radar,38,7,36,32,113,0,1,33,5,39,38,8,69,37,152,74,0,74,226
03/01/2019,AFW,TX,ASW,CE,Towers with Radar,29,15,72,41,157,0,0,30,0,30,29,15,102,41,187,72,6,78,265
03/02/2019,AFW,TX,ASW,CE,Towers with Radar,3,0,7,7,17,0,0,0,0,0,3,0,7,7,17,0,0,0,17
03/03/2019,AFW,TX,ASW,CE,Towers with Radar,0,1,8,1,10,0,0,7,1,8,0,1,15,2,18,4,0,4,22
03/04/2019,AFW,TX,ASW,CE,Towers with Radar,8,8,34,27,77,0,0,139,0,139,8,8,173,27,216,198,30,228,444
03/05/2019,AFW,TX,ASW,CE,Towers with Radar,48,16,55,22,141,0,0,199,2,201,48,16,254,24,342,285,0,285,627
03/06/2019,AFW,TX,ASW,CE,Towers with Radar,43,19,73,52,187,0,5,149,5,159,43,24,222,57,346,202,10,212,558
03/07/2019,AFW,TX,ASW,CE,Towers with Radar,43,15,80,32,170,0,0,114,6,120,43,15,194,38,290,210,20,230,520
03/08/2019,AFW,TX,ASW,CE,Towers with Radar,27,15,58,64,164,0,0,176,2,178,27,15,234,66,342,266,12,278,620
03/09/2019,AFW,TX,ASW,CE,Towers with Radar,7,2,16,35,60,0,0,22,2,24,7,2,38,37,84,30,34,64,148
03/10/2019,AFW,TX,ASW,CE,Towers with Radar,1,2,12,33,48,0,0,32,4,36,1,2,44,37,84,60,4,64,148
03/11/2019,AFW,TX,ASW,CE,Towers with Radar,7,11,32,13,63,0,0,24,1,25,7,11,56,14,88,134,0,134,222
03/12/2019,AFW,TX,ASW,CE,Towers with Radar,42,14,19,0,75,0,0,0,0,0,42,14,19,0,75,0,0,0,75
03/13/2019,AFW,TX,ASW,CE,Towers with Radar,49,13,16,6,84,0,0,35,2,37,49,13,51,8,121,24,0,24,145
03/14/2019,AFW,TX,ASW,CE,Towers with Radar,43,15,58,44,160,0,1,108,8,117,43,16,166,52,277,202,0,202,479
03/15/2019,AFW,TX,ASW,CE,Towers with Radar,31,15,58,44,148,0,2,144,16,162,31,17,202,60,310,174,50,224,534
03/16/2019,AFW,TX,ASW,CE,Towers with Radar,1,5,14,10,30,0,0,63,12,75,1,5,77,22,105,96,14,110,215
03/17/2019,AFW,TX,ASW,CE,Towers with Radar,0,4,13,3,20,0,0,51,18,69,0,4,64,21,89,152,6,158,247
03/18/2019,AFW,TX,ASW,CE,Towers with Radar,10,6,40,12,68,0,0,160,5,165,10,6,200,17,233,194,0,194,427
03/19/2019,AFW,TX,ASW,CE,Towers with Radar,46,14,61,18,139,0,1,205,5,211,46,15,266,23,350,324,8,332,682
03/20/2019,AFW,TX,ASW,CE,Towers with Radar,46,15,72,14,147,0,9,173,11,193,46,24,245,25,340,158,0,158,498
03/21/2019,AFW,TX,ASW,CE,Towers with Radar,45,17,58,18,138,0,1,170,0,171,45,18,228,18,309,208,0,208,517
03/22/2019,AFW,TX,ASW,CE,Towers with Radar,26,9,60,36,131,0,0,177,4,181,26,9,237,40,312,162,26,188,500
03/23/2019,AFW,TX,ASW,CE,Towers with Radar,3,1,15,34,53,0,0,54,2,56,3,1,69,36,109,100,14,114,223
03/24/2019,AFW,TX,ASW,CE,Towers with Radar,0,3,16,32,51,0,0,40,5,45,0,3,56,37,96,70,4,74,170
03/25/2019,AFW,TX,ASW,CE,Towers with Radar,10,6,36,11,63,0,1,156,4,161,10,7,192,15,224,232,4,236,460
03/26/2019,AFW,TX,ASW,CE,Towers with Radar,50,13,45,11,119,0,0,179,3,182,50,13,224,14,301,226,2,228,529
03/27/2019,AFW,TX,ASW,CE,Towers with Radar,45,17,45,13,120,0,0,148,3,151,45,17,193,16,271,144,4,148,419
03/28/2019,AFW,TX,ASW,CE,Towers with Radar,42,21,63,36,162,0,0,106,8,114,42,21,169,44,276,158,20,178,454
03/29/2019,AFW,TX,ASW,CE,Towers with Radar,27,18,76,27,148,0,0,53,3,56,27,18,129,30,204,70,6,76,280
03/30/2019,AFW,TX,ASW,CE,Towers with Radar,2,6,30,37,75,0,4,13,2,19,2,10,43,39,94,94,1,95,189
03/31/2019,AFW,TX,ASW,CE,Towers with Radar,1,4,69,9,83,0,0,78,5,83,1,4,147,14,166,158,14,172,338
04/01/2019,AFW,TX,ASW,CE,Towers with Radar,12,2,29,38,81,0,0,133,0,133,12,2,162,38,214,274,12,286,500
04/02/2019,AFW,TX,ASW,CE,Towers with Radar,44,21,67,12,144,0,0,189,8,197,44,21,256,20,341,238,8,246,587
04/03/2019,AFW,TX,ASW,CE,Towers with Radar,44,11,52,32,139,0,0,133,2,135,44,11,185,34,274,188,8,196,470
04/04/2019,AFW,TX,ASW,CE,Towers with Radar,42,23,49,33,147,0,0,103,4,107,42,23,152,37,254,302,6,308,562
04/05/2019,AFW,TX,ASW,CE,Towers with Radar,30,9,56,21,116,0,0,144,3,147,30,9,200,24,263,226,14,240,503
04/06/2019,AFW,TX,ASW,CE,Towers with Radar,4,1,6,2,13,0,0,4,0,4,4,1,10,2,17,16,0,16,33
04/07/2019,AFW,TX,ASW,CE,Towers with Radar,5,1,25,30,61,0,0,4,0,4,5,1,29,30,65,0,0,0,65
04/08/2019,AFW,TX,ASW,CE,Towers with Radar,13,5,37,25,80,0,0,146,0,146,13,5,183,25,226,186,10,196,422
04/09/2019,AFW,TX,ASW,CE,Towers with Radar,48,13,54,43,158,0,0,205,4,209,48,13,259,47,367,342,18,360,727
04/10/2019,AFW,TX,ASW,CE,Towers with Radar,46,13,44,51,154,0,0,66,14,80,46,13,110,65,234,68,22,90,324
04/11/2019,AFW,TX,ASW,CE,Towers with Radar,44,16,52,36,148,0,0,119,1,120,44,16,171,37,268,194,20,214,482
04/12/2019,AFW,TX,ASW,CE,Towers with Radar,31,10,42,20,103,0,0,113,6,119,31,10,155,26,222,178,4,182,404
04/13/2019,AFW,TX,ASW,CE,Towers with Radar,1,2,4,0,7,0,0,0,0,0,1,2,4,0,7,0,0,0,7
04/14/2019,AFW,TX,ASW,CE,Towers with Radar,0,2,12,10,24,0,0,60,4,64,0,2,72,14,88,118,0,118,206
04/15/2019,AFW,TX,ASW,CE,Towers with Radar,9,6,31,24,70,0,0,92,4,96,9,6,123,28,166,114,22,136,302
04/16/2019,AFW,TX,ASW,CE,Towers with Radar,45,19,60,22,146,0,0,84,0,84,45,19,144,22,230,155,0,155,385
04/17/2019,AFW,TX,ASW,CE,Towers with Radar,42,9,74,19,144,0,0,18,1,19,42,9,92,20,163,48,4,52,215
04/18/2019,AFW,TX,ASW,CE,Towers with Radar,50,12,57,35,154,0,0,42,1,43,50,12,99,36,197,42,8,50,247
04/19/2019,AFW,TX,ASW,CE,Towers with Radar,26,9,44,40,119,0,0,110,7,117,26,9,154,47,236,270,30,300,536
04/20/2019,AFW,TX,ASW,CE,Towers with Radar,2,0,13,9,24,0,0,163,6,169,2,0,176,15,193,258,0,258,451
04/21/2019,AFW,TX,ASW,CE,Towers with Radar,0,2,7,14,23,0,0,20,1,21,0,2,27,15,44,14,0,14,58
04/22/2019,AFW,TX,ASW,CE,Towers with Radar,10,4,51,48,113,0,0,106,2,108,10,4,157,50,221,234,4,238,459
04/23/2019,AFW,TX,ASW,CE,Towers with Radar,40,12,74,15,141,0,0,61,2,63,40,12,135,17,204,172,20,192,396
04/24/2019,AFW,TX,ASW,CE,Towers with Radar,43,10,22,0,75,0,0,1,0,1,43,10,23,0,76,6,0,6,82
04/25/2019,AFW,TX,ASW,CE,Towers with Radar,46,15,75,36,172,0,1,231,7,239,46,16,306,43,411,240,8,248,659
04/26/2019,AFW,TX,ASW,CE,Towers with Radar,25,15,46,38,124,0,0,219,8,227,25,15,265,46,351,344,42,386,737
04/27/2019,AFW,TX,ASW,CE,Towers with Radar,1,2,14,20,37,0,0,65,5,70,1,2,79,25,107,100,19,119,226
04/28/2019,AFW,TX,ASW,CE,Towers with Radar,0,5,10,25,40,0,0,26,8,34,0,5,36,33,74,88,2,90,164
04/29/2019,AFW,TX,ASW,CE,Towers with Radar,10,6,40,11,67,0,0,81,2,83,10,6,121,13,150,243,8,251,401
04/30/2019,AFW,TX,ASW,CE,Towers with Radar,42,12,66,47,167,0,0,40,0,40,42,12,106,47,207,60,0,60,267
05/01/2019,AFW,TX,ASW,CE,Towers with Radar,37,12,67,48,164,0,0,40,0,40,37,12,107,48,204,70,4,74,278
05/02/2019,AFW,TX,ASW,CE,Towers with Radar,54,8,32,6,100,0,0,50,0,50,54,8,82,6,150,32,2,34,184
05/03/2019,AFW,TX,ASW,CE,Towers with Radar,26,13,60,26,125,0,0,107,0,107,26,13,167,26,232,116,10,126,358
05/04/2019,AFW,TX,ASW,CE,Towers with Radar,1,3,24,15,43,0,0,121,5,126,1,3,145,20,169,204,20,224,393
05/05/2019,AFW,TX,ASW,CE,Towers with Radar,1,4,13,14,32,0,0,89,1,90,1,4,102,15,122,196,0,196,318
05/06/2019,AFW,TX,ASW,CE,Towers with Radar,9,10,38,39,96,0,0,164,4,168,9,10,202,43,264,287,30,317,581
05/07/2019,AFW,TX,ASW,CE,Towers with Radar,43,15,81,34,173,0,2,78,1,81,43,17,159,35,254,142,0,142,396
05/08/2019,AFW,TX,ASW,CE,Towers with Radar,48,16,42,20,126,0,0,39,5,44,48,16,81,25,170,88,22,110,280
05/09/2019,AFW,TX,ASW,CE,Towers with Radar,43,15,70,10,138,0,0,40,0,40,43,15,110,10,178,82,0,82,260
05/10/2019,AFW,TX,ASW,CE,Towers with Radar,30,15,60,30,135,0,0,81,0,81,30,15,141,30,216,158,4,162,378
05/11/2019,AFW,TX,ASW,CE,Towers with Radar,3,3,26,1,33,0,0,12,0,12,3,3,38,1,45,22,0,22,67
05/12/2019,AFW,TX,ASW,CE,Towers with Radar,0,5,12,25,42,0,3,62,0,65,0,8,74,25,107,54,0,54,161
05/13/2019,AFW,TX,ASW,CE,Towers with Radar,11,5,49,27,92,0,1,179,5,185,11,6,228,32,277,273,2,275,552
05/14/2019,AFW,TX,ASW,CE,Towers with Radar,46,15,62,25,148,2,0,168,9,179,48,15,230,34,327,270,6,276,603
05/15/2019,AFW,TX,ASW,CE,Towers with Radar,41,11,63,12,127,0,1,214,10,225,41,12,277,22,352,352,0,352,704
05/16/2019,AFW,TX,ASW,CE,Towers with Radar,45,16,67,33,161,0,1,228,3,232,45,17,295,36,393,448,18,466,859
05/17/2019,AFW,TX,ASW,CE,Towers with Radar,26,9,60,55,150,0,0,84,10,94,26,9,144,65,244,162,38,200,444
05/18/2019,AFW,TX,ASW,CE,Towers with Radar,2,0,5,3,10,0,0,10,0,10,2,0,15,3,20,10,0,10,30
05/19/2019,AFW,TX,ASW,CE,Towers with Radar,0,3,19,23,45,0,0,59,1,60,0,3,78,24,105,93,10,103,208
05/20/2019,AFW,TX,ASW,CE,Towers with Radar,6,2,35,13,56,0,0,5,1,6,6,2,40,14,62,28,2,30,92
05/21/2019,AFW,TX,ASW,CE,Towers with Radar,41,14,20,51,126,0,0,51,7,58,41,14,71,58,184,71,10,81,265
05/22/2019,AFW,TX,ASW,CE,Towers with Radar,42,19,71,17,149,0,0,66,10,76,42,19,137,27,225,62,0,62,287
05/23/2019,AFW,TX,ASW,CE,Towers with Radar,43,14,80,22,159,0,0,86,10,96,43,14,166,32,255,158,4,162,417
05/24/2019,AFW,TX,ASW,CE,Towers with Radar,27,14,49,1,91,0,0,66,5,71,27,14,115,6,162,114,0,114,276
05/25/2019,AFW,TX,ASW,CE,Towers with Radar,2,2,18,7,29,0,0,97,0,97,2,2,115,7,126,191,0,191,317
05/26/2019,AFW,TX,ASW,CE,Towers with Radar,4,1,13,9,27,0,0,33,0,33,4,1,46,9,60,75,0,75,135
05/27/2019,AFW,TX,ASW,CE,Towers with Radar,0,5,14,0,19,0,0,68,0,68,0,5,82,0,87,140,0,140,227
05/28/2019,AFW,TX,ASW,CE,Towers with Radar,11,7,24,22,64,0,0,93,1,94,11,7,117,23,158,134,20,154,312
05/29/2019,AFW,TX,ASW,CE,Towers with Radar,45,20,39,4,108,0,0,19,0,19,45,20,58,4,127,35,0,35,162
05/30/2019,AFW,TX,ASW,CE,Towers with Radar,52,14,79,46,191,0,0,231,0,231,52,14,310,46,422,302,0,302,724
05/31/2019,AFW,TX,ASW,CE,Towers with Radar,33,13,24,39,109,0,7,144,2,153,33,20,168,41,262,304,36,340,602
06/01/2019,AFW,TX,ASW,CE,Towers with Radar,1,2,6,14,23,0,0,39,12,51,1,2,45,26,74,40,10,50,124
06/02/2019,AFW,TX,ASW,CE,Towers with Radar,1,6,16,11,34,0,0,30,2,32,1,6,46,13,66,77,2,79,145
06/03/2019,AFW,TX,ASW,CE,Towers with Radar,9,8,26,29,72,0,0,124,1,125,9,8,150,30,197,246,6,252,449
06/04/2019,AFW,TX,ASW,CE,Towers with Radar,40,15,53,24,132,0,0,226,0,226,40,15,279,24,358,264,6,270,628
06/05/2019,AFW,TX,ASW,CE,Towers with Radar,45,10,78,14,147,0,0,75,0,75,45,10,153,14,222,142,4,146,368
06/06/2019,AFW,TX,ASW,CE,Towers with Radar,48,15,66,62,191,0,0,185,0,185,48,15,251,62,376,266,2,268,644
06/07/2019,AFW,TX,ASW,CE,Towers with Radar,27,10,73,43,153,0,0,133,7,140,27,10,206,50,293,222,64,286,579
06/08/2019,AFW,TX,ASW,CE,Towers with Radar,2,7,21,22,52,0,0,51,10,61,2,7,72,32,113,126,30,156,269
06/09/2019,AFW,TX,ASW,CE,Towers with Radar,1,7,19,25,52,0,0,39,5,44,1,7,58,30,96,40,8,48,144
06/10/2019,AFW,TX,ASW,CE,Towers with Radar,9,5,32,52,98,0,0,156,6,162,9,5,188,58,260,170,10,180,440
06/11/2019,AFW,TX,ASW,CE,Towers with Radar,42,12,57,24,135,0,0,186,0,186,42,12,243,24,321,256,0,256,577
06/12/2019,AFW,TX,ASW,CE,Towers with Radar,40,9,42,12,103,0,1,123,2,126,40,10,165,14,229,159,12,171,400
06/13/2019,AFW,TX,ASW,CE,Towers with Radar,42,11,43,13,109,0,1,230,0,231,42,12,273,13,340,230,0,230,570
06/14/2019,AFW,TX,ASW,CE,Towers with Radar,26,8,26,23,83,0,0,108,4,112,26,8,134,27,195,142,16,158,353
06/15/2019,AFW,TX,ASW,CE,Towers with Radar,1,2,18,15,36,0,0,50,1,51,1,2,68,16,87,96,0,96,183
06/16/2019,AFW,TX,ASW,CE,Towers with Radar,5,3,13,5,26,0,0,18,0,18,5,3,31,5,44,40,0,40,84
06/17/2019,AFW,TX,ASW,CE,Towers with Radar,11,8,27,12,58,0,0,138,1,139,11,8,165,13,197,238,2,240,437
06/18/2019,AFW,TX,ASW,CE,Towers with Radar,39,12,59,12,122,0,0,171,3,174,39,12,230,15,296,194,0,194,490
06/19/2019,AFW,TX,ASW,CE,Towers with Radar,49,21,43,13,126,0,0,140,3,143,49,21,183,16,269,114,12,126,395
06/20/2019,AFW,TX,ASW,CE,Towers with Radar,40,20,55,33,148,0,0,125,1,126,40,20,180,34,274,210,22,232,506
06/21/2019,AFW,TX,ASW,CE,Towers with Radar,27,11,38,76,152,0,0,123,6,129,27,11,161,82,281,194,14,208,489
06/22/2019,AFW,TX,ASW,CE,Towers with Radar,3,1,15,17,36,0,0,29,2,31,3,1,44,19,67,54,8,62,129
06/23/2019,AFW,TX,ASW,CE,Towers with Radar,0,6,14,8,28,0,0,15,0,15,0,6,29,8,43,13,0,13,56
06/24/2019,AFW,TX,ASW,CE,Towers with Radar,5,9,19,6,39,0,0,30,1,31,5,9,49,7,70,192,14,206,276
06/25/2019,AFW,TX,ASW,CE,Towers with Radar,44,17,44,48,153,0,0,188,1,189,44,17,232,49,342,156,14,170,512
06/26/2019,AFW,TX,ASW,CE,Towers with Radar,46,19,34,27,126,0,1,162,2,165,46,20,196,29,291,282,4,286,577
06/27/2019,AFW,TX,ASW,CE,Towers with Radar,41,17,41,22,121,0,0,122,7,129,41,17,163,29,250,142,24,166,416
06/28/2019,AFW,TX,ASW,CE,Towers with Radar,27,14,46,66,153,0,0,129,3,132,27,14,175,69,285,146,28,174,459
06/29/2019,AFW,TX,ASW,CE,Towers with Radar,2,2,23,55,82,0,0,46,2,48,2,2,69,57,130,115,6,121,251
06/30/2019,AFW,TX,ASW,CE,Towers with Radar,1,3,10,19,33,0,0,52,2,54,1,3,62,21,87,92,18,110,197
07/01/2019,AFW,TX,ASW,CE,Towers with Radar,8,6,34,19,67,0,1,133,1,135,8,7,167,20,202,232,6,238,440
07/02/2019,AFW,TX,ASW,CE,Towers with Radar,37,13,42,36,128,0,0,142,10,152,37,13,184,46,280,178,8,186,466
07/03/2019,AFW,TX,ASW,CE,Towers with Radar,38,12,48,9,107,0,0,102,9,111,38,12,150,18,218,258,2,260,478
07/04/2019,AFW,TX,ASW,CE,Towers with Radar,8,4,5,1,18,0,0,17,7,24,8,4,22,8,42,34,12,46,88
07/05/2019,AFW,TX,ASW,CE,Towers with Radar,14,8,9,0,31,0,0,36,4,40,14,8,45,4,71,92,0,92,163
07/06/2019,AFW,TX,ASW,CE,Towers with Radar,0,0,3,0,3,0,0,33,0,33,0,0,36,0,36,80,0,80,116
07/07/2019,AFW,TX,ASW,CE,Towers with Radar,0,4,12,7,23,0,0,58,0,58,0,4,70,7,81,75,0,75,156
07/08/2019,AFW,TX,ASW,CE,Towers with Radar,8,12,30,4,54,0,0,63,3,66,8,12,93,7,120,150,34,184,304
07/09/2019,AFW,TX,ASW,CE,Towers with Radar,37,12,47,45,141,0,0,211,7,218,37,12,258,52,359,346,8,354,713
07/10/2019,AFW,TX,ASW,CE,Towers with Radar,37,14,47,16,114,0,0,172,7,179,37,14,219,23,293,292,26,318,611
07/11/2019,AFW,TX,ASW,CE,Towers with Radar,36,13,49,5,103,0,0,197,4,201,36,13,246,9,304,248,4,252,556
07/12/2019,AFW,TX,ASW,CE,Towers with Radar,26,9,38,47,120,0,0,122,9,131,26,9,160,56,251,240,10,250,501
07/13/2019,AFW,TX,ASW,CE,Towers with Radar,0,6,21,11,38,0,1,52,7,60,0,7,73,18,98,118,8,126,224
07/14/2019,AFW,TX,ASW,CE,Towers with Radar,0,4,13,11,28,0,0,25,8,33,0,4,38,19,61,42,4,46,107
07/15/2019,AFW,TX,ASW,CE,Towers with Radar,9,4,40,22,75,0,0,135,4,139,9,4,175,26,214,244,10,254,468
07/16/2019,AFW,TX,ASW,CE,Towers with Radar,43,16,50,21,130,0,1,194,32,227,43,17,244,53,357,282,8,290,647
07/17/2019,AFW,TX,ASW,CE,Towers with Radar,40,14,56,11,121,0,0,186,10,196,40,14,242,21,317,352,6,358,675
07/18/2019,AFW,TX,ASW,CE,Towers with Radar,35,12,56,12,115,0,0,181,7,188,35,12,237,19,303,172,2,174,477
07/19/2019,AFW,TX,ASW,CE,Towers with Radar,25,13,36,50,124,0,0,114,8,122,25,13,150,58,246,169,42,211,457
07/20/2019,AFW,TX,ASW,CE,Towers with Radar,0,2,17,16,35,0,0,87,1,88,0,2,104,17,123,144,0,144,267
07/21/2019,AFW,TX,ASW,CE,Towers with Radar,1,2,14,35,52,0,0,55,0,55,1,2,69,35,107,148,2,150,257
07/22/2019,AFW,TX,ASW,CE,Towers with Radar,7,6,27,39,79,0,1,110,2,113,7,7,137,41,192,172,8,180,372
07/23/2019,AFW,TX,ASW,CE,Towers with Radar,40,12,57,38,147,0,0,128,6,134,40,12,185,44,281,148,24,172,453
07/24/2019,AFW,TX,ASW,CE,Towers with Radar,36,14,53,26,129,0,3,196,15,214,36,17,249,41,343,188,36,224,567
07/25/2019,AFW,TX,ASW,CE,Towers with Radar,40,16,51,15,122,2,0,170,7,179,42,16,221,22,301,282,6,288,589
07/26/2019,AFW,TX,ASW,CE,Towers with Radar,22,12,17,65,116,0,0,130,5,135,22,12,147,70,251,196,38,234,485
07/27/2019,AFW,TX,ASW,CE,Towers with Radar,0,0,8,28,36,0,1,78,1,80,0,1,86,29,116,172,22,194,310
07/28/2019,AFW,TX,ASW,CE,Towers with Radar,0,3,12,17,32,0,0,48,4,52,0,3,60,21,84,88,0,88,172
07/29/2019,AFW,TX,ASW,CE,Towers with Radar,10,8,17,24,59,0,0,53,2,55,10,8,70,26,114,104,10,114,228
07/30/2019,AFW,TX,ASW,CE,Towers with Radar,43,12,41,31,127,0,0,134,7,141,43,12,175,38,268,256,16,272,540
07/31/2019,AFW,TX,ASW,CE,Towers with Radar,38,15,37,70,160,0,0,172,6,178,38,15,209,76,338,232,40,272,610
08/01/2019,AFW,TX,ASW,CE,Towers with Radar,35,12,41,36,124,0,1,138,2,141,35,13,179,38,265,306,4,310,575
08/02/2019,AFW,TX,ASW,CE,Towers with Radar,25,10,30,11,76,0,0,125,3,128,25,10,155,14,204,206,2,208,412
08/03/2019,AFW,TX,ASW,CE,Towers with Radar,2,0,6,5,13,0,0,41,7,48,2,0,47,12,61,94,10,104,165
08/04/2019,AFW,TX,ASW,CE,Towers with Radar,0,2,20,8,30,0,0,35,1,36,0,2,55,9,66,100,0,100,166
08/05/2019,AFW,TX,ASW,CE,Towers with Radar,7,5,24,68,104,0,0,120,2,122,7,5,144,70,226,166,26,192,418
08/06/2019,AFW,TX,ASW,CE,Towers with Radar,39,15,63,51,168,0,0,179,6,185,39,15,242,57,353,258,8,266,619
08/07/2019,AFW,TX,ASW,CE,Towers with Radar,37,12,75,44,168,0,0,181,7,188,37,12,256,51,356,282,16,298,654
08/08/2019,AFW,TX,ASW,CE,Towers with Radar,41,11,64,48,164,0,0,138,7,145,41,11,202,55,309,158,20,178,487
08/09/2019,AFW,TX,ASW,CE,Towers with Radar,24,13,25,43,105,0,0,129,4,133,24,13,154,47,238,158,44,202,440
08/10/2019,AFW,TX,ASW,CE,Towers with Radar,1,0,13,6,20,0,0,65,0,65,1,0,78,6,85,142,6,148,233
08/11/2019,AFW,TX,ASW,CE,Towers with Radar,1,7,10,31,49,0,0,25,2,27,1,7,35,33,76,30,2,32,108
08/12/2019,AFW,TX,ASW,CE,Towers with Radar,10,7,32,36,85,0,1,133,1,135,10,8,165,37,220,283,8,291,511
08/13/2019,AFW,TX,ASW,CE,Towers with Radar,36,11,54,34,135,0,0,114,5,119,36,11,168,39,254,180,14,194,448
08/14/2019,AFW,TX,ASW,CE,Towers with Radar,42,9,55,39,145,0,0,101,4,105,42,9,156,43,250,152,12,164,414
08/15/2019,AFW,TX,ASW,CE,Towers with Radar,42,13,62,26,143,0,0,141,6,147,42,13,203,32,290,220,10,230,520
08/16/2019,AFW,TX,ASW,CE,Towers with Radar,22,13,34,24,93,0,0,131,6,137,22,13,165,30,230,186,12,198,428
08/17/2019,AFW,TX,ASW,CE,Towers with Radar,0,0,14,24,38,0,0,74,5,79,0,0,88,29,117,108,12,120,237
08/18/2019,AFW,TX,ASW,CE,Towers with Radar,0,3,14,11,28,0,0,31,3,34,0,3,45,14,62,64,0,64,126
08/19/2019,AFW,TX,ASW,CE,Towers with Radar,7,6,35,111,159,0,0,83,2,85,7,6,118,113,244,82,14,96,340
08/20/2019,AFW,TX,ASW,CE,Towers with Radar,41,15,59,47,162,0,0,138,4,142,41,15,197,51,304,200,22,222,526
08/21/2019,AFW,TX,ASW,CE,Towers with Radar,36,15,58,74,183,0,0,153,12,165,36,15,211,86,348,148,52,200,548
08/22/2019,AFW,TX,ASW,CE,Towers with Radar,37,15,59,37,148,0,1,159,5,165,37,16,218,42,313,188,20,208,521
08/23/2019,AFW,TX,ASW,CE,Towers with Radar,25,10,41,43,119,0,0,95,1,96,25,10,136,44,215,74,3,77,292
08/24/2019,AFW,TX,ASW,CE,Towers with Radar,1,5,12,6,24,0,1,62,0,63,1,6,74,6,87,116,0,116,203
08/25/2019,AFW,TX,ASW,CE,Towers with Radar,0,7,7,16,30,0,0,54,0,54,0,7,61,16,84,34,0,34,118
08/26/2019,AFW,TX,ASW,CE,Towers with Radar,6,6,29,34,75,0,0,96,2,98,6,6,125,36,173,40,10,50,223
08/27/2019,AFW,TX,ASW,CE,Towers with Radar,38,12,10,0,60,0,0,13,0,13,38,12,23,0,73,24,0,24,97
08/28/2019,AFW,TX,ASW,CE,Towers with Radar,40,13,55,19,127,0,0,162,4,166,40,13,217,23,293,204,18,222,515
08/29/2019,AFW,TX,ASW,CE,Towers with Radar,36,18,63,3,120,0,0,153,3,156,36,18,216,6,276,152,12,164,440
08/30/2019,AFW,TX,ASW,CE,Towers with Radar,24,13,37,4,78,0,0,117,1,118,24,13,154,5,196,106,0,106,302
08/31/2019,AFW,TX,ASW,CE,Towers with Radar,0,0,24,6,30,0,0,35,3,38,0,0,59,9,68,58,2,60,128
09/01/2019,AFW,TX,ASW,CE,Towers with Radar,0,0,13,1,14,0,0,32,4,36,0,0,45,5,50,74,22,96,146
09/02/2019,AFW,TX,ASW,CE,Towers with Radar,0,4,8,4,16,0,1,33,2,36,0,5,41,6,52,80,6,86,138
09/03/2019,AFW,TX,ASW,CE,Towers with Radar,11,11,26,42,90,0,1,122,8,131,11,12,148,50,221,118,24,142,363
09/04/2019,AFW,TX,ASW,CE,Towers with Radar,42,17,54,23,136,0,0,150,9,159,42,17,204,32,295,222,32,254,549
09/05/2019,AFW,TX,ASW,CE,Towers with Radar,42,17,59,41,159,0,2,176,2,180,42,19,235,43,339,320,6,326,665
09/06/2019,AFW,TX,ASW,CE,Towers with Radar,27,12,51,94,184,0,0,167,9,176,27,12,218,103,360,164,64,228,588
09/07/2019,AFW,TX,ASW,CE,Towers with Radar,2,0,20,48,70,0,1,135,3,139,2,1,155,51,209,230,18,248,457
09/08/2019,AFW,TX,ASW,CE,Towers with Radar,0,4,13,25,42,0,0,43,14,57,0,4,56,39,99,120,42,162,261
09/09/2019,AFW,TX,ASW,CE,Towers with Radar,10,6,25,36,77,0,0,151,2,153,10,6,176,38,230,224,14,238,468
09/10/2019,AFW,TX,ASW,CE,Towers with Radar,42,18,40,26,126,0,0,162,4,166,42,18,202,30,292,162,6,168,460
09/11/2019,AFW,TX,ASW,CE,Towers with Radar,37,12,63,32,144,0,0,163,5,168,37,12,226,37,312,230,22,252,564
09/12/2019,AFW,TX,ASW,CE,Towers with Radar,38,20,56,38,152,0,5,188,4,197,38,25,244,42,349,158,26,184,533
09/13/2019,AFW,TX,ASW,CE,Towers with Radar,28,14,56,42,140,0,0,157,11,168,28,14,213,53,308,216,22,238,546
09/14/2019,AFW,TX,ASW,CE,Towers with Radar,0,3,27,26,56,0,0,115,0,115,0,3,142,26,171,216,4,220,391
09/15/2019,AFW,TX,ASW,CE,Towers with Radar,2,2,17,38,59,0,0,29,4,33,2,2,46,42,92,20,6,26,118
09/16/2019,AFW,TX,ASW,CE,Towers with Radar,10,6,34,47,97,0,0,157,4,161,10,6,191,51,258,152,8,160,418
09/17/2019,AFW,TX,ASW,CE,Towers with Radar,37,21,39,72,169,0,0,174,6,180,37,21,213,78,349,320,4,324,673
09/18/2019,AFW,TX,ASW,CE,Towers with Radar,37,20,54,40,151,0,1,148,6,155,37,21,202,46,306,236,14,250,556
09/19/2019,AFW,TX,ASW,CE,Towers with Radar,37,15,66,41,159,0,0,48,0,48,37,15,114,41,207,118,26,144,351
09/20/2019,AFW,TX,ASW,CE,Towers with Radar,25,16,64,34,139,0,0,63,5,68,25,16,127,39,207,108,38,146,353
09/21/2019,AFW,TX,ASW,CE,Towers with Radar,2,0,9,91,102,0,0,68,9,77,2,0,77,100,179,256,40,296,475
09/22/2019,AFW,TX,ASW,CE,Towers with Radar,2,1,20,23,46,1,0,39,4,44,3,1,59,27,90,76,0,76,166
09/23/2019,AFW,TX,ASW,CE,Towers with Radar,14,8,32,42,96,0,0,90,1,91,14,8,122,43,187,164,4,168,355
09/24/2019,AFW,TX,ASW,CE,Towers with Radar,37,14,61,61,173,0,1,162,4,167,37,15,223,65,340,274,6,280,620
09/25/2019,AFW,TX,ASW,CE,Towers with Radar,36,15,49,57,157,0,0,207,3,210,36,15,256,60,367,218,14,232,599
09/26/2019,AFW,TX,ASW,CE,Towers with Radar,38,19,36,21,114,0,0,139,5,144,38,19,175,26,258,188,14,202,460
09/27/2019,AFW,TX,ASW,CE,Towers with Radar,23,9,39,24,95,0,1,133,4,138,23,10,172,28,233,210,6,216,449
09/28/2019,AFW,TX,ASW,CE,Towers with Radar,6,0,21,5,32,0,0,63,9,72,6,0,84,14,104,114,2,116,220
09/29/2019,AFW,TX,ASW,CE,Towers with Radar,2,0,29,3,34,0,1,38,3,42,2,1,67,6,76,166,0,166,242
09/30/2019,AFW,TX,ASW,CE,Towers with Radar,11,10,40,18,79,0,0,75,1,76,11,10,115,19,155,226,0,226,381
10/01/2019,AFW,TX,ASW,CE,Towers with Radar,38,19,54,20,131,0,0,90,0,90,38,19,144,20,221,168,0,168,389
10/02/2019,AFW,TX,ASW,CE,Towers with Radar,37,21,30,46,134,0,0,121,5,126,37,21,151,51,260,210,4,214,474
10/03/2019,AFW,TX,ASW,CE,Towers with Radar,48,14,18,44,124,0,0,135,4,139,48,14,153,48,263,188,0,188,451
10/04/2019,AFW,TX,ASW,CE,Towers with Radar,30,12,28,35,105,0,0,131,9,140,30,12,159,44,245,212,6,218,463
10/05/2019,AFW,TX,ASW,CE,Towers with Radar,4,4,15,7,30,0,0,91,5,96,4,4,106,12,126,198,2,200,326
10/06/2019,AFW,TX,ASW,CE,Towers with Radar,3,1,21,10,35,0,0,38,0,38,3,1,59,10,73,34,0,34,107
10/07/2019,AFW,TX,ASW,CE,Towers with Radar,14,4,33,51,102,0,0,72,3,75,14,4,105,54,177,134,6,140,317
10/08/2019,AFW,TX,ASW,CE,Towers with Radar,43,17,32,51,143,0,1,163,30,194,43,18,195,81,337,254,16,270,607
10/09/2019,AFW,TX,ASW,CE,Towers with Radar,44,15,56,50,165,0,0,94,4,98,44,15,150,54,263,170,4,174,437
10/10/2019,AFW,TX,ASW,CE,Towers with Radar,37,12,40,22,111,0,0,48,2,50,37,12,88,24,161,122,0,122,283
10/11/2019,AFW,TX,ASW,CE,Towers with Radar,29,15,26,14,84,0,0,64,3,67,29,15,90,17,151,106,2,108,259
10/12/2019,AFW,TX,ASW,CE,Towers with Radar,4,3,25,0,32,0,0,101,3,104,4,3,126,3,136,240,4,244,380
10/13/2019,AFW,TX,ASW,CE,Towers with Radar,7,5,21,0,33,0,0,54,0,54,7,5,75,0,87,102,0,102,189
10/14/2019,AFW,TX,ASW,CE,Towers with Radar,13,11,10,14,48,0,0,80,1,81,13,11,90,15,129,216,16,232,361
10/15/2019,AFW,TX,ASW,CE,Towers with Radar,39,18,18,32,107,0,0,77,0,77,39,18,95,32,184,60,14,74,258
10/16/2019,AFW,TX,ASW,CE,Towers with Radar,46,14,28,15,103,0,2,207,5,214,46,16,235,20,317,191,8,199,516
10/17/2019,AFW,TX,ASW,CE,Towers with Radar,46,22,13,5,86,0,1,51,37,89,46,23,64,42,175,4,12,16,191
10/18/2019,AFW,TX,ASW,CE,Towers with Radar,28,11,14,13,66,0,1,64,30,95,28,12,78,43,161,10,6,16,177
10/19/2019,AFW,TX,ASW,CE,Towers with Radar,9,2,1,2,14,0,0,20,15,35,9,2,21,17,49,5,0,5,54
10/20/2019,AFW,TX,ASW,CE,Towers with Radar,7,1,4,5,17,0,0,51,26,77,7,1,55,31,94,0,2,2,96
10/21/2019,AFW,TX,ASW,CE,Towers with Radar,18,5,24,10,57,0,0,102,4,106,18,5,126,14,163,62,0,62,225
10/22/2019,AFW,TX,ASW,CE,Towers with Radar,46,18,56,29,149,0,2,192,3,197,46,20,248,32,346,180,8,188,534
10/23/2019,AFW,TX,ASW,CE,Towers with Radar,47,14,50,34,145,0,0,140,6,146,47,14,190,40,291,200,20,220,511
10/24/2019,AFW,TX,ASW,CE,Towers with Radar,43,11,29,8,91,0,1,26,2,29,43,12,55,10,120,26,0,26,146
10/25/2019,AFW,TX,ASW,CE,Towers with Radar,39,11,42,25,117,0,0,0,0,0,39,11,42,25,117,0,0,0,117
10/26/2019,AFW,TX,ASW,CE,Towers with Radar,12,1,14,17,44,0,0,64,2,66,12,1,78,19,110,204,6,210,320
10/27/2019,AFW,TX,ASW,CE,Towers with Radar,7,2,10,18,37,0,0,47,0,47,7,2,57,18,84,86,0,86,170
10/28/2019,AFW,TX,ASW,CE,Towers with Radar,15,5,103,51,174,0,0,34,0,34,15,5,137,51,208,38,2,40,248
10/29/2019,AFW,TX,ASW,CE,Towers with Radar,44,14,48,3,109,0,0,0,0,0,44,14,48,3,109,0,0,0,109
10/30/2019,AFW,TX,ASW,CE,Towers with Radar,48,18,23,13,102,0,0,5,1,6,48,18,28,14,108,6,0,6,114
10/31/2019,AFW,TX,ASW,CE,Towers with Radar,47,18,54,26,145,0,1,197,3,201,47,19,251,29,346,200,8,208,554
11/01/2019,AFW,TX,ASW,CE,Towers with Radar,41,19,93,66,219,0,3,216,9,228,41,22,309,75,447,316,32,348,795
11/02/2019,AFW,TX,ASW,CE,Towers with Radar,14,5,35,18,72,0,4,143,9,156,14,9,178,27,228,272,16,288,516
11/03/2019,AFW,TX,ASW,CE,Towers with Radar,11,9,79,7,106,0,0,49,4,53,11,9,128,11,159,34,16,50,209
11/04/2019,AFW,TX,ASW,CE,Towers with Radar,16,3,64,55,138,0,0,143,2,145,16,3,207,57,283,308,6,314,597
11/05/2019,AFW,TX,ASW,CE,Towers with Radar,48,15,27,35,125,0,0,0,0,0,48,15,27,35,125,0,0,0,125
11/06/2019,AFW,TX,ASW,CE,Towers with Radar,43,18,57,3,121,0,0,23,0,23,43,18,80,3,144,50,0,50,194
11/07/2019,AFW,TX,ASW,CE,Towers with Radar,52,16,19,0,87,0,0,4,0,4,52,16,23,0,91,0,0,0,91
11/08/2019,AFW,TX,ASW,CE,Towers with Radar,29,12,62,4,107,0,0,145,6,151,29,12,207,10,258,390,6,396,654
11/09/2019,AFW,TX,ASW,CE,Towers with Radar,9,2,24,0,35,0,1,102,7,110,9,3,126,7,145,248,0,248,393
11/10/2019,AFW,TX,ASW,CE,Towers with Radar,9,4,18,1,32,0,0,40,11,51,9,4,58,12,83,64,2,66,149
11/11/2019,AFW,TX,ASW,CE,Towers with Radar,17,4,17,0,38,0,0,2,2,4,17,4,19,2,42,6,0,6,48
11/12/2019,AFW,TX,ASW,CE,Towers with Radar,46,16,31,33,126,0,0,123,5,128,46,16,154,38,254,232,2,234,488
11/13/2019,AFW,TX,ASW,CE,Towers with Radar,41,16,66,11,134,0,0,202,1,203,41,16,268,12,337,240,4,244,581
11/14/2019,AFW,TX,ASW,CE,Towers with Radar,47,12,78,14,151,0,0,201,2,203,47,12,279,16,354,196,0,196,550
11/15/2019,AFW,TX,ASW,CE,Towers with Radar,29,18,73,55,175,0,0,171,6,177,29,18,244,61,352,292,8,300,652
11/16/2019,AFW,TX,ASW,CE,Towers with Radar,10,0,19,27,56,0,0,105,5,110,10,0,124,32,166,254,18,272,438
11/17/2019,AFW,TX,ASW,CE,Towers with Radar,11,11,12,28,62,0,0,40,1,41,11,11,52,29,103,46,0,46,149
11/18/2019,AFW,TX,ASW,CE,Towers with Radar,20,9,69,10,108,0,0,168,1,169,20,9,237,11,277,362,4,366,643
11/19/2019,AFW,TX,ASW,CE,Towers with Radar,45,16,89,20,170,0,1,236,4,241,45,17,325,24,411,266,18,284,695
11/20/2019,AFW,TX,ASW,CE,Towers with Radar,45,21,84,15,165,0,0,59,0,59,45,21,143,15,224,40,0,40,264
11/21/2019,AFW,TX,ASW,CE,Towers with Radar,46,16,71,12,145,0,0,79,0,79,46,16,150,12,224,108,0,108,332
11/22/2019,AFW,TX,ASW,CE,Towers with Radar,40,9,63,35,147,0,0,12,2,14,40,9,75,37,161,14,0,14,175
11/23/2019,AFW,TX,ASW,CE,Towers with Radar,10,8,14,20,52,0,0,92,7,99,10,8,106,27,151,232,6,238,389
11/24/2019,AFW,TX,ASW,CE,Towers with Radar,10,0,11,6,27,0,0,48,8,56,10,0,59,14,83,66,6,72,155
11/25/2019,AFW,TX,ASW,CE,Towers with Radar,22,7,31,9,69,0,0,133,2,135,22,7,164,11,204,140,4,144,348
11/26/2019,AFW,TX,ASW,CE,Towers with Radar,50,13,25,22,110,0,0,98,0,98,50,13,123,22,208,160,0,160,368
11/27/2019,AFW,TX,ASW,CE,Towers with Radar,57,16,26,25,124,0,0,91,0,91,57,16,117,25,215,112,11,123,338
11/28/2019,AFW,TX,ASW,CE,Towers with Radar,15,2,7,0,24,0,0,0,0,0,15,2,7,0,24,0,0,0,24
11/29/2019,AFW,TX,ASW,CE,Towers with Radar,18,7,14,0,39,0,0,0,0,0,18,7,14,0,39,0,0,0,39
11/30/2019,AFW,TX,ASW,CE,Towers with Radar,9,0,13,0,22,0,0,45,0,45,9,0,58,0,67,146,0,146,213
12/01/2019,AFW,TX,ASW,CE,Towers with Radar,13,0,22,6,41,0,0,46,0,46,13,0,68,6,87,44,0,44,131
12/02/2019,AFW,TX,ASW,CE,Towers with Radar,26,6,50,21,103,0,1,177,4,182,26,7,227,25,285,174,14,188,473
12/03/2019,AFW,TX,ASW,CE,Towers with Radar,70,17,66,64,217,0,0,210,9,219,70,17,276,73,436,190,10,200,636
12/04/2019,AFW,TX,ASW,CE,Towers with Radar,68,14,68,95,245,0,0,267,4,271,68,14,335,99,516,336,20,356,872
12/05/2019,AFW,TX,ASW,CE,Towers with Radar,73,17,75,41,206,0,0,199,3,202,73,17,274,44,408,180,8,188,596
12/06/2019,AFW,TX,ASW,CE,Towers with Radar,38,9,59,65,171,0,0,147,6,153,38,9,206,71,324,148,22,170,494
12/07/2019,AFW,TX,ASW,CE,Towers with Radar,15,3,16,26,60,0,0,102,7,109,15,3,118,33,169,150,12,162,331
12/08/2019,AFW,TX,ASW,CE,Towers with Radar,13,3,16,17,49,0,0,32,20,52,13,3,48,37,101,50,6,56,157
12/09/2019,AFW,TX,ASW,CE,Towers with Radar,22,6,48,8,84,0,0,81,0,81,22,6,129,8,165,150,0,150,315
12/10/2019,AFW,TX,ASW,CE,Towers with Radar,71,16,51,12,150,0,0,66,0,66,71,16,117,12,216,88,0,88,304
12/11/2019,AFW,TX,ASW,CE,Towers with Radar,69,19,28,17,133,0,0,110,5,115,69,19,138,22,248,240,8,248,496
12/12/2019,AFW,TX,ASW,CE,Towers with Radar,69,13,63,12,157,0,0,179,3,182,69,13,242,15,339,102,14,116,455
12/13/2019,AFW,TX,ASW,CE,Towers with Radar,41,13,54,36,144,0,0,158,8,166,41,13,212,44,310,226,22,248,558
12/14/2019,AFW,TX,ASW,CE,Towers with Radar,18,2,25,1,46,0,0,80,3,83,18,2,105,4,129,144,0,144,273
12/15/2019,AFW,TX,ASW,CE,Towers with Radar,9,0,25,16,50,0,0,35,4,39,9,0,60,20,89,46,16,62,151
12/16/2019,AFW,TX,ASW,CE,Towers with Radar,21,5,32,9,67,0,0,20,0,20,21,5,52,9,87,40,0,40,127
12/17/2019,AFW,TX,ASW,CE,Towers with Radar,75,20,72,43,210,0,0,180,9,189,75,20,252,52,399,182,14,196,595
12/18/2019,AFW,TX,ASW,CE,Towers with Radar,77,19,61,15,172,0,0,184,4,188,77,19,245,19,360,116,4,120,480
12/19/2019,AFW,TX,ASW,CE,Towers with Radar,74,17,48,15,154,0,0,187,10,197,74,17,235,25,351,152,18,170,521
12/20/2019,AFW,TX,ASW,CE,Towers with Radar,45,12,62,25,144,0,0,30,2,32,45,12,92,27,176,54,0,54,230
12/21/2019,AFW,TX,ASW,CE,Towers with Radar,19,4,18,0,41,0,0,1,0,1,19,4,19,0,42,0,0,0,42
12/22/2019,AFW,TX,ASW,CE,Towers with Radar,9,3,11,4,27,0,0,23,1,24,9,3,34,5,51,66,0,66,117
12/23/2019,AFW,TX,ASW,CE,Towers with Radar,22,5,18,4,49,0,0,90,2,92,22,5,108,6,141,50,6,56,197
12/24/2019,AFW,TX,ASW,CE,Towers with Radar,55,9,8,0,72,0,0,33,0,33,55,9,41,0,105,28,0,28,133
12/25/2019,AFW,TX,ASW,CE,Towers with Radar,0,1,0,0,1,0,0,4,0,4,0,1,4,0,5,0,0,0,5
12/26/2019,AFW,TX,ASW,CE,Towers with Radar,18,4,11,0,33,0,0,19,0,19,18,4,30,0,52,32,0,32,84
12/27/2019,AFW,TX,ASW,CE,Towers with Radar,38,13,29,2,82,0,0,41,0,41,38,13,70,2,123,84,2,86,209
12/28/2019,AFW,TX,ASW,CE,Towers with Radar,16,4,4,1,25,0,0,5,4,9,16,4,9,5,34,28,0,28,62
12/29/2019,AFW,TX,ASW,CE,Towers with Radar,9,0,4,0,13,0,0,23,1,24,9,0,27,1,37,24,0,24,61
12/30/2019,AFW,TX,ASW,CE,Towers with Radar,20,7,31,0,58,0,0,117,0,117,20,7,148,0,175,150,0,150,325
12/31/2019,AFW,TX,ASW,CE,Towers with Radar,56,10,23,2,91,0,0,88,2,90,56,10,111,4,181,158,8,166,347
01/01/2020,AFW,TX,ASW,CE,Towers with Radar,1,0,8,0,9,0,0,10,0,10,1,0,18,0,19,4,0,4,23
01/02/2020,AFW,TX,ASW,CE,Towers with Radar,12,5,14,1,32,0,0,107,4,111,12,5,121,5,143,142,26,168,311
01/03/2020,AFW,TX,ASW,CE,Towers with Radar,40,14,26,7,87,0,0,84,4,88,40,14,110,11,175,96,24,120,295
01/04/2020,AFW,TX,ASW,CE,Towers with Radar,18,1,5,5,29,0,1,81,0,82,18,2,86,5,111,82,0,82,193
01/05/2020,AFW,TX,ASW,CE,Towers with Radar,11,5,15,11,42,0,0,68,0,68,11,5,83,11,110,86,0,86,196
01/06/2020,AFW,TX,ASW,CE,Towers with Radar,24,4,36,19,83,0,0,100,0,100,24,4,136,19,183,124,10,134,317
01/07/2020,AFW,TX,ASW,CE,Towers with Radar,53,13,33,34,133,0,0,173,0,173,53,13,206,34,306,226,0,226,532
01/08/2020,AFW,TX,ASW,CE,Towers with Radar,39,15,56,16,126,0,0,140,2,142,39,15,196,18,268,138,2,140,408
01/09/2020,AFW,TX,ASW,CE,Towers with Radar,39,15,55,21,130,0,0,30,1,31,39,15,85,22,161,48,6,54,215
01/10/2020,AFW,TX,ASW,CE,Towers with Radar,26,7,30,6,69,0,0,8,0,8,26,7,38,6,77,6,0,6,83
01/11/2020,AFW,TX,ASW,CE,Towers with Radar,12,0,6,6,24,0,0,21,1,22,12,0,27,7,46,60,8,68,114
01/12/2020,AFW,TX,ASW,CE,Towers with Radar,14,1,14,13,42,0,0,46,9,55,14,1,60,22,97,94,72,166,263
01/13/2020,AFW,TX,ASW,CE,Towers with Radar,15,7,14,40,76,0,0,4,0,4,15,7,18,40,80,4,0,4,84
01/14/2020,AFW,TX,ASW,CE,Towers with Radar,52,14,68,73,207,0,0,91,5,96,52,14,159,78,303,78,22,100,403
01/15/2020,AFW,TX,ASW,CE,Towers with Radar,38,18,66,72,194,0,0,55,3,58,38,18,121,75,252,50,20,70,322
01/16/2020,AFW,TX,ASW,CE,Towers with Radar,32,18,18,2,70,0,0,0,0,0,32,18,18,2,70,0,0,0,70
01/17/2020,AFW,TX,ASW,CE,Towers with Radar,31,11,16,11,69,0,0,0,0,0,31,11,16,11,69,0,0,0,69
01/18/2020,AFW,TX,ASW,CE,Towers with Radar,8,1,19,23,51,0,0,109,16,125,8,1,128,39,176,96,18,114,290
01/19/2020,AFW,TX,ASW,CE,Towers with Radar,9,4,18,2,33,0,0,57,1,58,9,4,75,3,91,100,0,100,191
01/20/2020,AFW,TX,ASW,CE,Towers with Radar,19,9,30,1,59,0,1,56,0,57,19,10,86,1,116,68,0,68,184
01/21/2020,AFW,TX,ASW,CE,Towers with Radar,42,16,21,64,143,0,0,139,11,150,42,16,160,75,293,174,46,220,513
01/22/2020,AFW,TX,ASW,CE,Towers with Radar,39,12,15,3,69,0,0,0,0,0,39,12,15,3,69,0,0,0,69
01/23/2020,AFW,TX,ASW,CE,Towers with Radar,34,15,51,57,157,0,0,124,7,131,34,15,175,64,288,53,20,73,361
01/24/2020,AFW,TX,ASW,CE,Towers with Radar,30,14,83,36,163,0,1,217,7,225,30,15,300,43,388,224,34,258,646
01/25/2020,AFW,TX,ASW,CE,Towers with Radar,11,2,19,33,65,0,3,156,8,167,11,5,175,41,232,150,16,166,398
01/26/2020,AFW,TX,ASW,CE,Towers with Radar,9,3,17,23,52,0,0,19,0,19,9,3,36,23,71,108,0,108,179
01/27/2020,AFW,TX,ASW,CE,Towers with Radar,18,7,20,10,55,0,0,76,4,80,18,7,96,14,135,150,0,150,285
01/28/2020,AFW,TX,ASW,CE,Towers with Radar,45,15,41,16,117,0,0,5,1,6,45,15,46,17,123,22,0,22,145
01/29/2020,AFW,TX,ASW,CE,Towers with Radar,36,22,78,35,171,0,0,24,1,25,36,22,102,36,196,74,4,78,274
01/30/2020,AFW,TX,ASW,CE,Towers with Radar,39,19,47,47,152,0,0,11,0,11,39,19,58,47,163,46,0,46,209
01/31/2020,AFW,TX,ASW,CE,Towers with Radar,34,13,64,52,163,0,3,167,3,173,34,16,231,55,336,210,12,222,558
02/01/2020,AFW,TX,ASW,CE,Towers with Radar,14,3,15,13,45,0,0,134,6,140,14,3,149,19,185,300,2,302,487
02/02/2020,AFW,TX,ASW,CE,Towers with Radar,12,7,6,2,27,0,0,68,2,70,12,7,74,4,97,104,0,104,201
02/03/2020,AFW,TX,ASW,CE,Towers with Radar,15,10,73,17,115,0,0,104,0,104,15,10,177,17,219,142,2,144,363
02/04/2020,AFW,TX,ASW,CE,Towers with Radar,45,17,42,0,104,0,0,2,0,2,45,17,44,0,106,0,0,0,106
02/05/2020,AFW,TX,ASW,CE,Towers with Radar,36,9,13,0,58,0,0,2,0,2,36,9,15,0,60,0,0,0,60
02/06/2020,AFW,TX,ASW,CE,Towers with Radar,43,12,80,9,144,0,0,166,10,176,43,12,246,19,320,196,0,196,516
02/07/2020,AFW,TX,ASW,CE,Towers with Radar,30,14,47,94,185,0,0,194,13,207,30,14,241,107,392,210,50,260,652
02/08/2020,AFW,TX,ASW,CE,Towers with Radar,10,0,22,67,99,0,0,147,4,151,10,0,169,71,250,116,30,146,396
02/09/2020,AFW,TX,ASW,CE,Towers with Radar,15,0,8,59,82,0,0,2,0,2,15,0,10,59,84,0,0,0,84
02/10/2020,AFW,TX,ASW,CE,Towers with Radar,18,6,33,6,63,0,0,28,0,28,18,6,61,6,91,192,0,192,283
02/11/2020,AFW,TX,ASW,CE,Towers with Radar,42,14,7,37,100,0,0,2,0,2,42,14,9,37,102,0,0,0,102
02/12/2020,AFW,TX,ASW,CE,Towers with Radar,38,15,32,39,124,0,1,24,2,27,38,16,56,41,151,150,6,156,307
02/13/2020,AFW,TX,ASW,CE,Towers with Radar,39,22,56,32,149,0,0,118,9,127,39,22,174,41,276,174,0,174,450
02/14/2020,AFW,TX,ASW,CE,Towers with Radar,30,10,48,53,141,0,0,187,7,194,30,10,235,60,335,120,32,152,487
02/15/2020,AFW,TX,ASW,CE,Towers with Radar,15,5,23,20,63,0,0,123,15,138,15,5,146,35,201,130,34,164,365
02/16/2020,AFW,TX,ASW,CE,Towers with Radar,11,7,8,4,30,0,0,48,7,55,11,7,56,11,85,106,12,118,203
02/17/2020,AFW,TX,ASW,CE,Towers with Radar,21,7,25,10,63,0,0,94,3,97,21,7,119,13,160,196,10,206,366
02/18/2020,AFW,TX,ASW,CE,Towers with Radar,41,16,18,43,118,0,0,38,4,42,41,16,56,47,160,94,0,94,254
02/19/2020,AFW,TX,ASW,CE,Towers with Radar,37,11,72,50,170,0,3,80,1,84,37,14,152,51,254,176,8,184,438
02/20/2020,AFW,TX,ASW,CE,Towers with Radar,39,14,60,68,181,0,3,106,16,125,39,17,166,84,306,110,36,146,452
02/21/2020,AFW,TX,ASW,CE,Towers with Radar,31,12,72,82,197,0,2,178,7,187,31,14,250,89,384,276,26,302,686
02/22/2020,AFW,TX,ASW,CE,Towers with Radar,15,2,25,17,59,0,0,160,3,163,15,2,185,20,222,204,12,216,438
02/23/2020,AFW,TX,ASW,CE,Towers with Radar,11,2,21,36,70,0,0,10,0,10,11,2,31,36,80,26,0,26,106
02/24/2020,AFW,TX,ASW,CE,Towers with Radar,17,5,15,50,87,0,0,46,0,46,17,5,61,50,133,52,0,52,185
02/25/2020,AFW,TX,ASW,CE,Towers with Radar,42,14,46,66,168,0,0,161,3,164,42,14,207,69,332,130,14,144,476
02/26/2020,AFW,TX,ASW,CE,Towers with Radar,40,17,52,22,131,0,2,93,11,106,40,19,145,33,237,56,24,80,317
02/27/2020,AFW,TX,ASW,CE,Towers with Radar,38,12,60,59,169,0,0,220,10,230,38,12,280,69,399,242,12,254,653
02/28/2020,AFW,TX,ASW,CE,Towers with Radar,31,12,67,61,171,0,0,163,10,173,31,12,230,71,344,226,20,246,590
02/29/2020,AFW,TX,ASW,CE,Towers with Radar,13,2,26,3,44,0,0,127,4,131,13,2,153,7,175,230,0,230,405
03/01/2020,AFW,TX,ASW,CE,Towers with Radar,10,0,8,23,41,0,0,16,1,17,10,0,24,24,58,20,0,20,78
03/02/2020,AFW,TX,ASW,CE,Towers with Radar,20,3,27,20,70,0,0,130,3,133,20,3,157,23,203,134,4,138,341
03/03/2020,AFW,TX,ASW,CE,Towers with Radar,42,16,45,22,125,0,0,155,0,155,42,16,200,22,280,216,0,216,496
03/04/2020,AFW,TX,ASW,CE,Towers with Radar,42,16,14,5,77,0,0,4,1,5,42,16,18,6,82,0,0,0,82
03/05/2020,AFW,TX,ASW,CE,Towers with Radar,40,20,44,16,120,0,1,224,6,231,40,21,268,22,351,352,8,360,711
03/06/2020,AFW,TX,ASW,CE,Towers with Radar,29,11,44,34,118,0,0,208,7,215,29,11,252,41,333,272,13,285,618
03/07/2020,AFW,TX,ASW,CE,Towers with Radar,12,4,26,17,59,0,0,129,3,132,12,4,155,20,191,132,6,138,329
03/08/2020,AFW,TX,ASW,CE,Towers with Radar,12,2,6,32,52,0,0,14,0,14,12,2,20,32,66,24,0,24,90
03/09/2020,AFW,TX,ASW,CE,Towers with Radar,19,9,14,36,78,0,0,40,0,40,19,9,54,36,118,68,0,68,186
03/10/2020,AFW,TX,ASW,CE,Towers with Radar,43,15,59,27,144,0,0,149,0,149,43,15,208,27,293,158,6,164,457
03/11/2020,AFW,TX,ASW,CE,Towers with Radar,36,23,47,29,135,0,0,94,3,97,36,23,141,32,232,108,18,126,358
03/12/2020,AFW,TX,ASW,CE,Towers with Radar,43,16,38,10,107,0,0,71,7,78,43,16,109,17,185,72,18,90,275
03/13/2020,AFW,TX,ASW,CE,Towers with Radar,35,14,9,11,69,0,0,0,0,0,35,14,9,11,69,0,0,0,69
03/14/2020,AFW,TX,ASW,CE,Towers with Radar,18,0,8,16,42,0,0,0,0,0,18,0,8,16,42,0,0,0,42
03/15/2020,AFW,TX,ASW,CE,Towers with Radar,12,5,8,7,32,0,0,0,0,0,12,5,8,7,32,0,0,0,32
03/16/2020,AFW,TX,ASW,CE,Towers with Radar,22,8,37,1,68,0,0,9,0,9,22,8,46,1,77,12,0,12,89
03/17/2020,AFW,TX,ASW,CE,Towers with Radar,48,14,10,0,72,0,0,0,0,0,48,14,10,0,72,0,0,0,72
03/18/2020,AFW,TX,ASW,CE,Towers with Radar,43,14,32,9,98,0,0,33,1,34,43,14,65,10,132,82,0,82,214
03/19/2020,AFW,TX,ASW,CE,Towers with Radar,41,12,14,2,69,0,0,19,0,19,41,12,33,2,88,30,0,30,118
03/20/2020,AFW,TX,ASW,CE,Towers with Radar,34,11,31,2,78,0,0,94,4,98,34,11,125,6,176,184,4,188,364
03/21/2020,AFW,TX,ASW,CE,Towers with Radar,13,0,10,0,23,0,0,36,6,42,13,0,46,6,65,68,0,68,133
03/22/2020,AFW,TX,ASW,CE,Towers with Radar,18,3,11,1,33,0,0,2,0,2,18,3,13,1,35,0,0,0,35
03/23/2020,AFW,TX,ASW,CE,Towers with Radar,23,7,25,4,59,0,0,7,0,7,23,7,32,4,66,16,0,16,82
03/24/2020,AFW,TX,ASW,CE,Towers with Radar,47,14,13,0,74,0,1,79,3,83,47,15,92,3,157,44,0,44,201
03/25/2020,AFW,TX,ASW,CE,Towers with Radar,43,14,17,0,74,0,0,54,6,60,43,14,71,6,134,96,0,96,230
03/26/2020,AFW,TX,ASW,CE,Towers with Radar,46,11,28,2,87,0,1,79,3,83,46,12,107,5,170,118,2,120,290
03/27/2020,AFW,TX,ASW,CE,Towers with Radar,39,8,25,8,80,0,0,34,2,36,39,8,59,10,116,34,0,34,150
03/28/2020,AFW,TX,ASW,CE,Towers with Radar,13,2,4,1,20,0,0,16,6,22,13,2,20,7,42,28,8,36,78
03/29/2020,AFW,TX,ASW,CE,Towers with Radar,17,4,6,0,27,0,1,42,0,43,17,5,48,0,70,74,0,74,144
03/30/2020,AFW,TX,ASW,CE,Towers with Radar,20,4,13,0,37,0,0,10,0,10,20,4,23,0,47,12,0,12,59
03/31/2020,AFW,TX,ASW,CE,Towers with Radar,42,10,24,8,84,0,0,58,7,65,42,10,82,15,149,200,0,200,349
04/01/2020,AFW,TX,ASW,CE,Towers with Radar,38,14,19,4,75,0,1,75,3,79,38,15,94,7,154,136,0,136,290
04/02/2020,AFW,TX,ASW,CE,Towers with Radar,37,11,19,6,73,0,0,20,0,20,37,11,39,6,93,62,0,62,155
04/03/2020,AFW,TX,ASW,CE,Towers with Radar,29,8,18,3,58,0,0,0,0,0,29,8,18,3,58,0,0,0,58
04/04/2020,AFW,TX,ASW,CE,Towers with Radar,17,3,9,7,36,0,0,0,0,0,17,3,9,7,36,0,0,0,36
04/05/2020,AFW,TX,ASW,CE,Towers with Radar,14,4,7,0,25,0,0,4,0,4,14,4,11,0,29,26,0,26,55
04/06/2020,AFW,TX,ASW,CE,Towers with Radar,20,13,39,4,76,0,0,26,0,26,20,13,65,4,102,64,0,64,166
04/07/2020,AFW,TX,ASW,CE,Towers with Radar,52,12,25,8,97,0,0,83,7,90,52,12,108,15,187,242,8,250,437
04/08/2020,AFW,TX,ASW,CE,Towers with Radar,40,12,18,12,82,0,0,52,7,59,40,12,70,19,141,126,0,126,267
04/09/2020,AFW,TX,ASW,CE,Towers with Radar,39,12,20,21,92,0,0,44,3,47,39,12,64,24,139,110,8,118,257
04/10/2020,AFW,TX,ASW,CE,Towers with Radar,33,5,22,15,75,0,1,88,6,95,33,6,110,21,170,342,2,344,514
04/11/2020,AFW,TX,ASW,CE,Towers with Radar,19,2,4,0,25,0,0,9,1,10,19,2,13,1,35,6,0,6,41
04/12/2020,AFW,TX,ASW,CE,Towers with Radar,14,0,4,0,18,0,0,9,0,9,14,0,13,0,27,18,0,18,45
04/13/2020,AFW,TX,ASW,CE,Towers with Radar,22,11,24,12,69,0,0,58,5,63,22,11,82,17,132,154,8,162,294
04/14/2020,AFW,TX,ASW,CE,Towers with Radar,40,15,27,0,82,2,0,56,5,63,42,15,83,5,145,164,0,164,309
04/15/2020,AFW,TX,ASW,CE,Towers with Radar,39,9,18,4,70,0,0,68,3,71,39,9,86,7,141,178,0,178,319
04/16/2020,AFW,TX,ASW,CE,Towers with Radar,38,8,21,16,83,0,0,73,0,73,38,8,94,16,156,40,2,42,198
04/17/2020,AFW,TX,ASW,CE,Towers with Radar,31,5,16,15,67,0,0,31,1,32,31,5,47,16,99,54,6,60,159
04/18/2020,AFW,TX,ASW,CE,Towers with Radar,14,2,14,4,34,0,0,30,0,30,14,2,44,4,64,62,0,62,126
04/19/2020,AFW,TX,ASW,CE,Towers with Radar,16,3,10,0,29,0,1,16,0,17,16,4,26,0,46,54,0,54,100
04/20/2020,AFW,TX,ASW,CE,Towers with Radar,25,2,23,20,70,0,0,49,1,50,25,2,72,21,120,122,0,122,242
04/21/2020,AFW,TX,ASW,CE,Towers with Radar,38,10,26,23,97,0,2,64,3,69,38,12,90,26,166,164,2,166,332
04/22/2020,AFW,TX,ASW,CE,Towers with Radar,40,9,4,24,77,0,0,3,4,7,40,9,7,28,84,6,2,8,92
04/23/2020,AFW,TX,ASW,CE,Towers with Radar,40,12,33,19,104,0,0,90,3,93,40,12,123,22,197,126,8,134,331
04/24/2020,AFW,TX,ASW,CE,Towers with Radar,30,5,17,31,83,0,0,65,2,67,30,5,82,33,150,100,0,100,250
04/25/2020,AFW,TX,ASW,CE,Towers with Radar,15,5,12,2,34,0,1,47,5,53,15,6,59,7,87,110,2,112,199
04/26/2020,AFW,TX,ASW,CE,Towers with Radar,13,3,12,0,28,0,0,51,0,51,13,3,63,0,79,112,0,112,191
04/27/2020,AFW,TX,ASW,CE,Towers with Radar,21,4,14,19,58,0,1,41,0,42,21,5,55,19,100,62,0,62,162
04/28/2020,AFW,TX,ASW,CE,Towers with Radar,32,5,23,8,68,0,0,45,0,45,32,5,68,8,113,32,0,32,145
04/29/2020,AFW,TX,ASW,CE,Towers with Radar,42,10,20,4,76,0,1,55,2,58,42,11,75,6,134,124,0,124,258
04/30/2020,AFW,TX,ASW,CE,Towers with Radar,42,10,19,4,75,0,2,84,0,86,42,12,103,4,161,134,0,134,295
05/01/2020,AFW,TX,ASW,CE,Towers with Radar,30,8,20,1,59,0,0,44,1,45,30,8,64,2,104,52,0,52,156
05/02/2020,AFW,TX,ASW,CE,Towers with Radar,16,2,6,1,25,0,0,22,3,25,16,2,28,4,50,40,0,40,90
05/03/2020,AFW,TX,ASW,CE,Towers with Radar,15,2,11,0,28,0,0,52,0,52,15,2,63,0,80,166,0,166,246
05/04/2020,AFW,TX,ASW,CE,Towers with Radar,20,4,18,33,75,0,0,46,0,46,20,4,64,33,121,82,0,82,203
05/05/2020,AFW,TX,ASW,CE,Towers with Radar,42,11,22,27,102,0,1,50,5,56,42,12,72,32,158,122,0,122,280
05/06/2020,AFW,TX,ASW,CE,Towers with Radar,42,15,15,31,103,0,0,119,8,127,42,15,134,39,230,184,10,194,424
05/07/2020,AFW,TX,ASW,CE,Towers with Radar,40,15,24,20,99,0,0,68,0,68,40,15,92,20,167,114,0,114,281
05/08/2020,AFW,TX,ASW,CE,Towers with Radar,35,5,12,17,69,0,0,28,4,32,35,5,40,21,101,72,6,78,179
05/09/2020,AFW,TX,ASW,CE,Towers with Radar,17,5,8,0,30,0,0,78,7,85,17,5,86,7,115,122,0,122,237
05/10/2020,AFW,TX,ASW,CE,Towers with Radar,14,4,8,2,28,0,1,31,0,32,14,5,39,2,60,92,0,92,152
05/11/2020,AFW,TX,ASW,CE,Towers with Radar,21,7,19,14,61,0,1,71,0,72,21,8,90,14,133,136,6,142,275
05/12/2020,AFW,TX,ASW,CE,Towers with Radar,45,13,16,9,83,1,2,24,5,32,46,15,40,14,115,76,10,86,201
05/13/2020,AFW,TX,ASW,CE,Towers with Radar,40,13,15,21,89,0,0,36,2,38,40,13,51,23,127,132,0,132,259
05/14/2020,AFW,TX,ASW,CE,Towers with Radar,37,13,17,19,86,0,0,51,0,51,37,13,68,19,137,112,0,112,249
05/15/2020,AFW,TX,ASW,CE,Towers with Radar,22,12,20,13,67,0,0,38,3,41,22,12,58,16,108,46,4,50,158
05/16/2020,AFW,TX,ASW,CE,Towers with Radar,17,1,12,0,30,0,0,0,0,0,17,1,12,0,30,0,0,0,30
05/17/2020,AFW,TX,ASW,CE,Towers with Radar,14,2,11,2,29,0,0,47,5,52,14,2,58,7,81,164,2,166,247
05/18/2020,AFW,TX,ASW,CE,Towers with Radar,23,6,16,12,57,0,1,92,0,93,23,7,108,12,150,114,0,114,264
05/19/2020,AFW,TX,ASW,CE,Towers with Radar,40,20,33,19,112,0,3,60,4,67,40,23,93,23,179,76,46,122,301
05/20/2020,AFW,TX,ASW,CE,Towers with Radar,39,11,32,22,104,0,1,41,0,42,39,12,73,22,146,124,0,124,270
05/21/2020,AFW,TX,ASW,CE,Towers with Radar,39,14,34,31,118,0,0,48,0,48,39,14,82,31,166,174,6,180,346
05/22/2020,AFW,TX,ASW,CE,Towers with Radar,30,6,11,23,70,0,2,47,5,54,30,8,58,28,124,92,6,98,222
05/23/2020,AFW,TX,ASW,CE,Towers with Radar,15,3,6,2,26,0,0,47,3,50,15,3,53,5,76,96,2,98,174
05/24/2020,AFW,TX,ASW,CE,Towers with Radar,16,5,5,0,26,0,1,9,0,10,16,6,14,0,36,36,0,36,72
05/25/2020,AFW,TX,ASW,CE,Towers with Radar,20,0,9,0,29,0,0,14,0,14,20,0,23,0,43,98,0,98,141
05/26/2020,AFW,TX,ASW,CE,Towers with Radar,21,9,21,22,73,0,4,35,0,39,21,13,56,22,112,96,2,98,210
05/27/2020,AFW,TX,ASW,CE,Towers with Radar,38,14,14,0,66,0,1,74,2,77,38,15,88,2,143,124,6,130,273
05/28/2020,AFW,TX,ASW,CE,Towers with Radar,45,18,24,24,111,0,3,103,3,109,45,21,127,27,220,188,4,192,412
05/29/2020,AFW,TX,ASW,CE,Towers with Radar,29,11,19,24,83,0,4,95,10,109,29,15,114,34,192,114,14,128,320
05/30/2020,AFW,TX,ASW,CE,Towers with Radar,19,2,12,10,43,0,2,45,12,59,19,4,57,22,102,102,0,102,204
05/31/2020,AFW,TX,ASW,CE,Towers with Radar,16,1,11,0,28,0,0,51,0,51,16,1,62,0,79,72,0,72,151
06/01/2020,AFW,TX,ASW,CE,Towers with Radar,25,9,14,11,59,0,0,55,1,56,25,9,69,12,115,68,0,68,183
06/02/2020,AFW,TX,ASW,CE,Towers with Radar,49,15,44,32,140,0,0,166,4,170,49,15,210,36,310,100,0,100,410
06/03/2020,AFW,TX,ASW,CE,Towers with Radar,42,13,24,23,102,0,0,242,3,245,42,13,266,26,347,222,0,222,569
06/04/2020,AFW,TX,ASW,CE,Towers with Radar,44,16,41,11,112,0,1,219,0,220,44,17,260,11,332,224,0,224,556
06/05/2020,AFW,TX,ASW,CE,Towers with Radar,35,14,25,10,84,0,0,197,5,202,35,14,222,15,286,166,4,170,456
06/06/2020,AFW,TX,ASW,CE,Towers with Radar,24,12,34,4,74,0,2,101,7,110,24,14,135,11,184,138,2,140,324
06/07/2020,AFW,TX,ASW,CE,Towers with Radar,17,3,18,6,44,0,2,35,0,37,17,5,53,6,81,120,0,120,201
06/08/2020,AFW,TX,ASW,CE,Towers with Radar,27,4,24,27,82,0,1,141,0,142,27,5,165,27,224,186,0,186,410
06/09/2020,AFW,TX,ASW,CE,Towers with Radar,45,13,20,41,119,0,0,42,1,43,45,13,62,42,162,34,0,34,196
06/10/2020,AFW,TX,ASW,CE,Towers with Radar,47,19,36,46,148,0,6,135,3,144,47,25,171,49,292,270,0,270,562
06/11/2020,AFW,TX,ASW,CE,Towers with Radar,38,16,38,29,121,0,2,130,2,134,38,18,168,31,255,178,0,178,433
06/12/2020,AFW,TX,ASW,CE,Towers with Radar,31,12,36,10,89,0,1,165,4,170,31,13,201,14,259,215,8,223,482
06/13/2020,AFW,TX,ASW,CE,Towers with Radar,20,3,11,5,39,0,0,73,2,75,20,3,84,7,114,154,0,154,268
06/14/2020,AFW,TX,ASW,CE,Towers with Radar,21,0,24,0,45,0,0,51,2,53,21,0,75,2,98,162,0,162,260
06/15/2020,AFW,TX,ASW,CE,Towers with Radar,30,7,33,8,78,0,1,147,4,152,30,8,180,12,230,210,8,218,448
06/16/2020,AFW,TX,ASW,CE,Towers with Radar,49,12,48,14,123,0,0,155,1,156,49,12,203,15,279,238,0,238,517
06/17/2020,AFW,TX,ASW,CE,Towers with Radar,43,15,43,15,116,0,0,140,5,145,43,15,183,20,261,194,0,194,455
06/18/2020,AFW,TX,ASW,CE,Towers with Radar,39,14,36,18,107,0,2,140,2,144,39,16,176,20,251,160,0,160,411
06/19/2020,AFW,TX,ASW,CE,Towers with Radar,29,10,37,10,86,0,0,57,6,63,29,10,94,16,149,188,8,196,345
06/20/2020,AFW,TX,ASW,CE,Towers with Radar,27,5,26,4,62,0,0,42,5,47,27,5,68,9,109,88,6,94,203
06/21/2020,AFW,TX,ASW,CE,Towers with Radar,24,1,6,1,32,0,0,28,0,28,24,1,34,1,60,24,0,24,84
06/22/2020,AFW,TX,ASW,CE,Towers with Radar,30,10,20,16,76,0,1,92,0,93,30,11,112,16,169,166,0,166,335
06/23/2020,AFW,TX,ASW,CE,Towers with Radar,46,14,12,2,74,0,0,34,0,34,46,14,46,2,108,138,0,138,246
06/24/2020,AFW,TX,ASW,CE,Towers with Radar,44,14,40,2,100,0,0,176,4,180,44,14,216,6,280,282,0,282,562
06/25/2020,AFW,TX,ASW,CE,Towers with Radar,44,14,51,11,120,0,0,207,5,212,44,14,258,16,332,330,6,336,668
06/26/2020,AFW,TX,ASW,CE,Towers with Radar,41,11,40,11,103,0,0,114,6,120,41,11,154,17,223,191,0,191,414
06/27/2020,AFW,TX,ASW,CE,Towers with Radar,26,10,19,27,82,0,0,32,8,40,26,10,51,35,122,80,22,102,224
06/28/2020,AFW,TX,ASW,CE,Towers with Radar,21,1,14,14,50,0,0,5,0,5,21,1,19,14,55,28,0,28,83
06/29/2020,AFW,TX,ASW,CE,Towers with Radar,32,7,41,7,87,0,1,33,4,38,32,8,74,11,125,66,0,66,191
06/30/2020,AFW,TX,ASW,CE,Towers with Radar,49,13,41,7,110,0,1,78,4,83,49,14,119,11,193,192,2,194,387
07/01/2020,AFW,TX,ASW,CE,Towers with Radar,50,19,49,20,138,0,4,87,7,98,50,23,136,27,236,180,16,196,432
07/02/2020,AFW,TX,ASW,CE,Towers with Radar,44,14,34,10,102,0,0,61,3,64,44,14,95,13,166,144,2,146,312
07/03/2020,AFW,TX,ASW,CE,Towers with Radar,29,11,20,0,60,0,2,122,6,130,29,13,142,6,190,268,6,274,464
07/04/2020,AFW,TX,ASW,CE,Towers with Radar,4,2,10,0,16,0,1,29,10,40,4,3,39,10,56,58,4,62,118
07/05/2020,AFW,TX,ASW,CE,Towers with Radar,22,5,9,0,36,0,0,14,1,15,22,5,23,1,51,16,0,16,67
07/06/2020,AFW,TX,ASW,CE,Towers with Radar,33,10,26,0,69,0,0,13,1,14,33,10,39,1,83,18,0,18,101
07/07/2020,AFW,TX,ASW,CE,Towers with Radar,51,11,32,0,94,0,0,21,2,23,51,11,53,2,117,78,2,80,197
07/08/2020,AFW,TX,ASW,CE,Towers with Radar,49,19,40,6,114,0,6,151,6,163,49,25,191,12,277,204,2,206,483
07/09/2020,AFW,TX,ASW,CE,Towers with Radar,47,18,44,16,125,0,4,142,6,152,47,22,186,22,277,368,6,374,651
07/10/2020,AFW,TX,ASW,CE,Towers with Radar,40,9,33,1,83,0,4,126,2,132,40,13,159,3,215,146,0,146,361
07/11/2020,AFW,TX,ASW,CE,Towers with Radar,24,1,13,0,38,0,0,74,0,74,24,1,87,0,112,104,0,104,216
07/12/2020,AFW,TX,ASW,CE,Towers with Radar,28,2,8,2,40,0,0,22,0,22,28,2,30,2,62,80,0,80,142
07/13/2020,AFW,TX,ASW,CE,Towers with Radar,29,6,36,16,87,0,0,125,1,126,29,6,161,17,213,298,6,304,517
07/14/2020,AFW,TX,ASW,CE,Towers with Radar,47,17,32,8,104,0,0,99,0,99,47,17,131,8,203,164,0,164,367
07/15/2020,AFW,TX,ASW,CE,Towers with Radar,53,15,33,23,124,0,0,121,2,123,53,15,154,25,247,274,0,274,521
07/16/2020,AFW,TX,ASW,CE,Towers with Radar,45,21,36,30,132,0,1,131,2,134,45,22,167,32,266,224,2,226,492
07/17/2020,AFW,TX,ASW,CE,Towers with Radar,41,15,34,40,130,0,0,126,2,128,41,15,160,42,258,210,10,220,478
07/18/2020,AFW,TX,ASW,CE,Towers with Radar,25,2,42,4,73,0,0,37,0,37,25,2,79,4,110,92,0,92,202
07/19/2020,AFW,TX,ASW,CE,Towers with Radar,22,3,63,0,88,0,1,43,0,44,22,4,106,0,132,18,0,18,150
07/20/2020,AFW,TX,ASW,CE,Towers with Radar,28,8,18,14,68,0,1,107,0,108,28,9,125,14,176,216,0,216,392
07/21/2020,AFW,TX,ASW,CE,Towers with Radar,54,16,25,12,107,0,0,98,0,98,54,16,123,12,205,262,8,270,475
07/22/2020,AFW,TX,ASW,CE,Towers with Radar,46,20,34,34,134,0,0,110,0,110,46,20,144,34,244,306,2,308,552
07/23/2020,AFW,TX,ASW,CE,Towers with Radar,48,18,29,42,137,0,0,145,1,146,48,18,174,43,283,192,2,194,477
07/24/2020,AFW,TX,ASW,CE,Towers with Radar,44,7,20,34,105,0,2,122,2,126,44,9,142,36,231,128,24,152,383
07/25/2020,AFW,TX,ASW,CE,Towers with Radar,26,6,17,0,49,0,2,38,0,40,26,8,55,0,89,58,0,58,147
07/26/2020,AFW,TX,ASW,CE,Towers with Radar,21,6,11,7,45,0,1,29,0,30,21,7,40,7,75,94,0,94,169
07/27/2020,AFW,TX,ASW,CE,Towers with Radar,33,10,39,46,128,0,3,72,0,75,33,13,111,46,203,134,0,134,337
07/28/2020,AFW,TX,ASW,CE,Towers with Radar,50,13,32,18,113,0,0,38,0,38,50,13,70,18,151,68,0,68,219
07/29/2020,AFW,TX,ASW,CE,Towers with Radar,49,15,34,12,110,0,0,125,5,130,49,15,159,17,240,258,0,258,498
07/30/2020,AFW,TX,ASW,CE,Towers with Radar,46,18,24,25,113,0,0,117,4,121,46,18,141,29,234,180,48,228,462
07/31/2020,AFW,TX,ASW,CE,Towers with Radar,38,12,32,18,100,0,0,82,4,86,38,12,114,22,186,200,8,208,394
08/01/2020,AFW,TX,ASW,CE,Towers with Radar,25,1,11,1,38,0,0,63,0,63,25,1,74,1,101,70,0,70,171
08/02/2020,AFW,TX,ASW,CE,Towers with Radar,25,2,15,1,43,0,0,41,0,41,25,2,56,1,84,114,0,114,198
08/03/2020,AFW,TX,ASW,CE,Towers with Radar,28,8,29,25,90,0,2,106,0,108,28,10,135,25,198,240,16,256,454
08/04/2020,AFW,TX,ASW,CE,Towers with Radar,60,24,48,31,163,0,0,103,7,110,60,24,151,38,273,238,6,244,517
08/05/2020,AFW,TX,ASW,CE,Towers with Radar,46,17,27,9,99,0,0,135,8,143,46,17,162,17,242,174,10,184,426
08/06/2020,AFW,TX,ASW,CE,Towers with Radar,53,21,15,31,120,0,3,130,0,133,53,24,145,31,253,128,0,128,381
08/07/2020,AFW,TX,ASW,CE,Towers with Radar,42,16,31,21,110,0,3,107,11,121,42,19,138,32,231,156,10,166,397
08/08/2020,AFW,TX,ASW,CE,Towers with Radar,27,10,7,8,52,0,2,66,6,74,27,12,73,14,126,74,4,78,204
08/09/2020,AFW,TX,ASW,CE,Towers with Radar,25,6,16,6,53,0,1,33,1,35,25,7,49,7,88,50,0,50,138
08/10/2020,AFW,TX,ASW,CE,Towers with Radar,32,9,24,25,90,0,2,100,1,103,32,11,124,26,193,136,0,136,329
08/11/2020,AFW,TX,ASW,CE,Towers with Radar,57,21,30,13,121,0,0,104,3,107,57,21,134,16,228,134,4,138,366
08/12/2020,AFW,TX,ASW,CE,Towers with Radar,53,17,25,13,108,0,0,148,0,148,53,17,173,13,256,176,2,178,434
08/13/2020,AFW,TX,ASW,CE,Towers with Radar,53,20,27,22,122,0,0,146,4,150,53,20,173,26,272,232,14,246,518
08/14/2020,AFW,TX,ASW,CE,Towers with Radar,45,9,24,10,88,0,0,98,5,103,45,9,122,15,191,184,14,198,389
08/15/2020,AFW,TX,ASW,CE,Towers with Radar,24,4,6,4,38,0,0,49,9,58,24,4,55,13,96,80,4,84,180
08/16/2020,AFW,TX,ASW,CE,Towers with Radar,18,3,9,4,34,0,0,20,0,20,18,3,29,4,54,64,0,64,118
08/17/2020,AFW,TX,ASW,CE,Towers with Radar,35,5,21,15,76,0,0,116,0,116,35,5,137,15,192,226,0,226,418
08/18/2020,AFW,TX,ASW,CE,Towers with Radar,52,12,34,10,108,0,1,126,6,133,52,13,160,16,241,180,16,196,437
08/19/2020,AFW,TX,ASW,CE,Towers with Radar,58,16,22,18,114,0,3,114,7,124,58,19,136,25,238,200,8,208,446
08/20/2020,AFW,TX,ASW,CE,Towers with Radar,42,17,32,20,111,0,1,112,2,115,42,18,144,22,226,212,0,212,438
08/21/2020,AFW,TX,ASW,CE,Towers with Radar,49,9,23,37,118,0,0,108,5,113,49,9,131,42,231,184,38,222,453
08/22/2020,AFW,TX,ASW,CE,Towers with Radar,28,0,16,4,48,0,0,78,4,82,28,0,94,8,130,174,2,176,306
08/23/2020,AFW,TX,ASW,CE,Towers with Radar,28,5,19,31,83,0,0,29,3,32,28,5,48,34,115,70,0,70,185
08/24/2020,AFW,TX,ASW,CE,Towers with Radar,35,7,20,47,109,0,0,97,16,113,35,7,117,63,222,146,56,202,424
08/25/2020,AFW,TX,ASW,CE,Towers with Radar,54,16,25,63,158,0,3,117,11,131,54,19,142,74,289,128,24,152,441
08/26/2020,AFW,TX,ASW,CE,Towers with Radar,58,16,23,8,105,0,0,86,11,97,58,16,109,19,202,116,34,150,352
08/27/2020,AFW,TX,ASW,CE,Towers with Radar,64,22,22,16,124,0,0,92,14,106,64,22,114,30,230,90,32,122,352
08/28/2020,AFW,TX,ASW,CE,Towers with Radar,53,9,19,58,139,0,2,153,12,167,53,11,172,70,306,162,38,200,506
08/29/2020,AFW,TX,ASW,CE,Towers with Radar,34,2,2,18,56,0,0,51,0,51,34,2,53,18,107,50,2,52,159
08/30/2020,AFW,TX,ASW,CE,Towers with Radar,30,4,9,29,72,0,0,71,3,74,30,4,80,32,146,112,0,112,258
08/31/2020,AFW,TX,ASW,CE,Towers with Radar,33,10,20,74,137,0,1,128,6,135,33,11,148,80,272,204,24,228,500
09/01/2020,AFW,TX,ASW,CE,Towers with Radar,64,13,19,0,96,0,0,14,0,14,64,13,33,0,110,26,0,26,136
09/02/2020,AFW,TX,ASW,CE,Towers with Radar,73,22,27,12,134,0,1,27,10,38,73,23,54,22,172,106,18,124,296
09/03/2020,AFW,TX,ASW,CE,Towers with Radar,63,15,26,40,144,0,5,53,8,66,63,20,79,48,210,204,6,210,420
09/04/2020,AFW,TX,ASW,CE,Towers with Radar,52,15,57,10,134,0,2,58,6,66,52,17,115,16,200,158,10,168,368
09/05/2020,AFW,TX,ASW,CE,Towers with Radar,31,2,13,0,46,0,0,101,0,101,31,2,114,0,147,114,0,114,261
09/06/2020,AFW,TX,ASW,CE,Towers with Radar,29,4,5,0,38,0,0,25,0,25,29,4,30,0,63,58,0,58,121
09/07/2020,AFW,TX,ASW,CE,Towers with Radar,27,5,11,0,43,0,0,40,0,40,27,5,51,0,83,74,0,74,157
09/08/2020,AFW,TX,ASW,CE,Towers with Radar,33,14,19,26,92,0,0,113,5,118,33,14,132,31,210,200,2,202,412
09/09/2020,AFW,TX,ASW,CE,Towers with Radar,63,13,24,0,100,0,0,4,0,4,63,13,28,0,104,50,0,50,154
09/10/2020,AFW,TX,ASW,CE,Towers with Radar,68,16,39,20,143,0,0,10,1,11,68,16,49,21,154,52,0,52,206
09/11/2020,AFW,TX,ASW,CE,Towers with Radar,49,12,36,92,189,0,1,75,1,77,49,13,111,93,266,330,48,378,644
09/12/2020,AFW,TX,ASW,CE,Towers with Radar,27,4,7,46,84,0,0,135,3,138,27,4,142,49,222,170,24,194,416
09/13/2020,AFW,TX,ASW,CE,Towers with Radar,31,7,12,22,72,0,0,22,0,22,31,7,34,22,94,40,0,40,134
09/14/2020,AFW,TX,ASW,CE,Towers with Radar,36,10,27,9,82,0,1,154,7,162,36,11,181,16,244,198,2,200,444
09/15/2020,AFW,TX,ASW,CE,Towers with Radar,66,14,31,18,129,0,0,130,9,139,66,14,161,27,268,170,12,182,450
09/16/2020,AFW,TX,ASW,CE,Towers with Radar,69,14,42,8,133,0,2,135,12,149,69,16,177,20,282,210,16,226,508
09/17/2020,AFW,TX,ASW,CE,Towers with Radar,61,18,46,18,143,0,0,175,11,186,61,18,221,29,329,184,10,194,523
09/18/2020,AFW,TX,ASW,CE,Towers with Radar,55,14,23,39,131,0,0,157,13,170,55,14,180,52,301,184,22,206,507
09/19/2020,AFW,TX,ASW,CE,Towers with Radar,35,2,12,59,108,0,1,86,11,98,35,3,98,70,206,84,28,112,318
09/20/2020,AFW,TX,ASW,CE,Towers with Radar,27,8,11,4,50,0,2,25,2,29,27,10,36,6,79,60,18,78,157
09/21/2020,AFW,TX,ASW,CE,Towers with Radar,38,15,13,39,105,0,1,71,4,76,38,16,84,43,181,58,4,62,243
09/22/2020,AFW,TX,ASW,CE,Towers with Radar,69,17,22,32,140,0,0,0,0,0,69,17,22,32,140,0,0,0,140
09/23/2020,AFW,TX,ASW,CE,Towers with Radar,70,26,54,37,187,0,0,14,0,14,70,26,68,37,201,98,16,114,315
09/24/2020,AFW,TX,ASW,CE,Towers with Radar,70,25,45,23,163,0,1,95,9,105,70,26,140,32,268,298,12,310,578
09/25/2020,AFW,TX,ASW,CE,Towers with Radar,65,13,17,40,135,0,2,129,16,147,65,15,146,56,282,236,38,274,556
09/26/2020,AFW,TX,ASW,CE,Towers with Radar,29,6,13,17,65,0,0,86,0,86,29,6,99,17,151,98,4,102,253
09/27/2020,AFW,TX,ASW,CE,Towers with Radar,32,1,9,5,47,0,0,14,1,15,32,1,23,6,62,0,0,0,62
09/28/2020,AFW,TX,ASW,CE,Towers with Radar,41,6,23,38,108,0,0,79,7,86,41,6,102,45,194,96,24,120,314
09/29/2020,AFW,TX,ASW,CE,Towers with Radar,80,15,34,26,155,0,0,121,8,129,80,15,155,34,284,158,36,194,478
09/30/2020,AFW,TX,ASW,CE,Towers with Radar,84,11,45,54,194,0,0,155,14,169,84,11,200,68,363,130,50,180,543
10/01/2020,AFW,TX,ASW,CE,Towers with Radar,81,18,30,46,175,0,2,131,15,148,81,20,161,61,323,208,26,234,557
10/02/2020,AFW,TX,ASW,CE,Towers with Radar,64,19,41,60,184,0,1,170,20,191,64,20,211,80,375,192,64,256,631
10/03/2020,AFW,TX,ASW,CE,Towers with Radar,35,1,12,24,72,0,0,87,10,97,35,1,99,34,169,198,30,228,397
10/04/2020,AFW,TX,ASW,CE,Towers with Radar,34,7,9,10,60,0,0,31,12,43,34,7,40,22,103,50,12,62,165
10/05/2020,AFW,TX,ASW,CE,Towers with Radar,37,9,25,27,98,0,1,139,3,143,37,10,164,30,241,210,6,216,457
10/06/2020,AFW,TX,ASW,CE,Towers with Radar,77,19,21,36,153,0,0,142,3,145,77,19,163,39,298,222,8,230,528
10/07/2020,AFW,TX,ASW,CE,Towers with Radar,77,15,38,62,192,0,1,138,5,144,77,16,176,67,336,236,14,250,586
10/08/2020,AFW,TX,ASW,CE,Towers with Radar,84,20,36,43,183,0,1,132,4,137,84,21,168,47,320,192,8,200,520
10/09/2020,AFW,TX,ASW,CE,Towers with Radar,60,15,30,45,150,0,3,63,6,72,60,18,93,51,222,124,70,194,416
10/10/2020,AFW,TX,ASW,CE,Towers with Radar,31,7,14,40,92,0,0,42,0,42,31,7,56,40,134,16,0,16,150
10/11/2020,AFW,TX,ASW,CE,Towers with Radar,40,4,18,41,103,0,3,26,0,29,40,7,44,41,132,0,0,0,132
10/12/2020,AFW,TX,ASW,CE,Towers with Radar,35,13,9,0,57,0,0,51,0,51,35,13,60,0,108,0,0,0,108
10/13/2020,AFW,TX,ASW,CE,Towers with Radar,77,11,21,5,114,0,0,131,3,134,77,11,152,8,248,4,0,4,252
10/14/2020,AFW,TX,ASW,CE,Towers with Radar,70,19,15,17,121,0,1,143,2,146,70,20,158,19,267,6,0,6,273
10/15/2020,AFW,TX,ASW,CE,Towers with Radar,68,17,15,13,113,0,1,38,4,43,68,18,53,17,156,0,8,8,164
10/16/2020,AFW,TX,ASW,CE,Towers with Radar,50,13,11,4,78,0,0,38,13,51,50,13,49,17,129,0,2,2,131
10/17/2020,AFW,TX,ASW,CE,Towers with Radar,26,2,1,1,30,0,0,15,15,30,26,2,16,16,60,0,0,0,60
10/18/2020,AFW,TX,ASW,CE,Towers with Radar,30,0,4,2,36,0,0,16,19,35,30,0,20,21,71,2,0,2,73
10/19/2020,AFW,TX,ASW,CE,Towers with Radar,35,11,29,11,86,0,0,15,0,15,35,11,44,11,101,0,0,0,101
10/20/2020,AFW,TX,ASW,CE,Towers with Radar,67,21,45,23,156,0,0,62,4,66,67,21,107,27,222,50,0,50,272
10/21/2020,AFW,TX,ASW,CE,Towers with Radar,69,13,50,6,138,0,0,120,9,129,69,13,170,15,267,134,0,134,401
10/22/2020,AFW,TX,ASW,CE,Towers with Radar,72,24,47,8,151,0,0,97,9,106,72,24,144,17,257,102,2,104,361
10/23/2020,AFW,TX,ASW,CE,Towers with Radar,59,12,29,8,108,0,0,9,1,10,59,12,38,9,118,0,2,2,120
10/24/2020,AFW,TX,ASW,CE,Towers with Radar,28,5,47,10,90,0,0,83,8,91,28,5,130,18,181,118,2,120,301
10/25/2020,AFW,TX,ASW,CE,Towers with Radar,30,7,48,1,86,0,0,0,0,0,30,7,48,1,86,0,0,0,86
10/26/2020,AFW,TX,ASW,CE,Towers with Radar,33,6,15,2,56,0,0,0,0,0,33,6,15,2,56,0,0,0,56
10/27/2020,AFW,TX,ASW,CE,Towers with Radar,69,13,19,1,102,0,0,0,0,0,69,13,19,1,102,0,0,0,102
10/28/2020,AFW,TX,ASW,CE,Towers with Radar,72,12,64,5,153,0,0,6,2,8,72,12,70,7,161,14,0,14,175
10/29/2020,AFW,TX,ASW,CE,Towers with Radar,63,18,42,45,168,0,0,67,0,67,63,18,109,45,235,120,4,124,359
10/30/2020,AFW,TX,ASW,CE,Towers with Radar,52,15,22,20,109,0,0,160,12,172,52,15,182,32,281,314,14,328,609
10/31/2020,AFW,TX,ASW,CE,Towers with Radar,24,1,8,4,37,0,1,117,3,121,24,2,125,7,158,162,4,166,324
11/01/2020,AFW,TX,ASW,CE,Towers with Radar,32,2,16,13,63,0,0,39,1,40,32,2,55,14,103,66,8,74,177
11/02/2020,AFW,TX,ASW,CE,Towers with Radar,37,14,18,21,90,0,5,112,9,126,37,19,130,30,216,248,0,248,464
11/03/2020,AFW,TX,ASW,CE,Towers with Radar,68,14,31,29,142,0,0,116,11,127,68,14,147,40,269,226,8,234,503
11/04/2020,AFW,TX,ASW,CE,Towers with Radar,63,23,29,30,145,0,3,126,7,136,63,26,155,37,281,214,20,234,515
11/05/2020,AFW,TX,ASW,CE,Towers with Radar,67,24,37,25,153,0,2,122,10,134,67,26,159,35,287,152,22,174,461
11/06/2020,AFW,TX,ASW,CE,Towers with Radar,55,11,26,30,122,0,1,54,5,60,55,12,80,35,182,96,26,122,304
11/07/2020,AFW,TX,ASW,CE,Towers with Radar,28,1,13,5,47,0,3,71,0,74,28,4,84,5,121,108,28,136,257
11/08/2020,AFW,TX,ASW,CE,Towers with Radar,28,10,9,14,61,0,0,19,1,20,28,10,28,15,81,20,0,20,101
11/09/2020,AFW,TX,ASW,CE,Towers with Radar,33,11,19,32,95,0,0,39,16,55,33,11,58,48,150,110,22,132,282
11/10/2020,AFW,TX,ASW,CE,Towers with Radar,76,10,24,56,166,0,2,92,15,109,76,12,116,71,275,208,32,240,515
11/11/2020,AFW,TX,ASW,CE,Towers with Radar,78,14,8,5,105,0,2,111,13,126,78,16,119,18,231,274,30,304,535
11/12/2020,AFW,TX,ASW,CE,Towers with Radar,68,12,23,63,166,0,0,95,13,108,68,12,118,76,274,148,34,182,456
11/13/2020,AFW,TX,ASW,CE,Towers with Radar,55,9,19,17,100,0,4,132,8,144,55,13,151,25,244,152,12,164,408
11/14/2020,AFW,TX,ASW,CE,Towers with Radar,29,5,9,12,55,0,0,8,5,13,29,5,17,17,68,36,6,42,110
11/15/2020,AFW,TX,ASW,CE,Towers with Radar,24,5,7,10,46,0,2,49,5,56,24,7,56,15,102,110,30,140,242
11/16/2020,AFW,TX,ASW,CE,Towers with Radar,38,6,19,38,101,0,0,131,11,142,38,6,150,49,243,112,8,120,363
11/17/2020,AFW,TX,ASW,CE,Towers with Radar,73,20,31,31,155,0,0,124,14,138,73,20,155,45,293,212,6,218,511
11/18/2020,AFW,TX,ASW,CE,Towers with Radar,73,22,27,26,148,0,2,119,5,126,73,24,146,31,274,140,2,142,416
11/19/2020,AFW,TX,ASW,CE,Towers with Radar,68,27,40,21,156,0,3,72,5,80,68,30,112,26,236,76,10,86,322
11/20/2020,AFW,TX,ASW,CE,Towers with Radar,62,24,33,27,146,0,0,66,9,75,62,24,99,36,221,78,24,102,323
11/21/2020,AFW,TX,ASW,CE,Towers with Radar,29,2,20,11,62,0,2,51,6,59,29,4,71,17,121,64,6,70,191
11/22/2020,AFW,TX,ASW,CE,Towers with Radar,33,7,20,8,68,0,0,0,0,0,33,7,20,8,68,0,0,0,68
11/23/2020,AFW,TX,ASW,CE,Towers with Radar,39,11,65,10,125,0,0,29,0,29,39,11,94,10,154,68,0,68,222
11/24/2020,AFW,TX,ASW,CE,Towers with Radar,78,15,32,3,128,0,0,10,2,12,78,15,42,5,140,2,4,6,146
11/25/2020,AFW,TX,ASW,CE,Towers with Radar,81,19,16,7,123,0,0,119,6,125,81,19,135,13,248,246,4,250,498
11/26/2020,AFW,TX,ASW,CE,Towers with Radar,25,1,8,0,34,0,0,10,0,10,25,1,18,0,44,12,0,12,56
11/27/2020,AFW,TX,ASW,CE,Towers with Radar,29,7,6,0,42,0,0,49,0,49,29,7,55,0,91,62,0,62,153
11/28/2020,AFW,TX,ASW,CE,Towers with Radar,27,7,12,0,46,0,0,3,0,3,27,7,15,0,49,0,0,0,49
11/29/2020,AFW,TX,ASW,CE,Towers with Radar,27,9,16,2,54,0,0,4,0,4,27,9,20,2,58,10,0,10,68
11/30/2020,AFW,TX,ASW,CE,Towers with Radar,42,7,27,16,92,0,0,106,4,110,42,7,133,20,202,122,2,124,326
12/01/2020,AFW,TX,ASW,CE,Towers with Radar,74,17,30,21,142,0,2,99,0,101,74,19,129,21,243,68,2,70,313
12/02/2020,AFW,TX,ASW,CE,Towers with Radar,80,14,22,8,124,0,1,54,3,58,80,15,76,11,182,80,6,86,268
12/03/2020,AFW,TX,ASW,CE,Towers with Radar,79,15,34,36,164,0,0,11,1,12,79,15,45,37,176,92,0,92,268
12/04/2020,AFW,TX,ASW,CE,Towers with Radar,61,15,27,23,126,0,2,120,2,124,61,17,147,25,250,122,16,138,388
12/05/2020,AFW,TX,ASW,CE,Towers with Radar,77,8,19,8,112,0,0,99,1,100,77,8,118,9,212,252,12,264,476
12/06/2020,AFW,TX,ASW,CE,Towers with Radar,24,5,12,21,62,0,0,35,2,37,24,5,47,23,99,96,16,112,211
12/07/2020,AFW,TX,ASW,CE,Towers with Radar,38,7,22,25,92,0,0,91,4,95,38,7,113,29,187,108,20,128,315
12/08/2020,AFW,TX,ASW,CE,Towers with Radar,84,23,27,48,182,0,2,109,3,114,84,25,136,51,296,222,12,234,530
12/09/2020,AFW,TX,ASW,CE,Towers with Radar,79,17,33,31,160,0,0,181,1,182,79,17,214,32,342,270,2,272,614
12/10/2020,AFW,TX,ASW,CE,Towers with Radar,78,23,30,25,156,0,0,159,19,178,78,23,189,44,334,188,36,224,558
12/11/2020,AFW,TX,ASW,CE,Towers with Radar,61,20,30,9,120,0,0,26,11,37,61,20,56,20,157,26,26,52,209
12/12/2020,AFW,TX,ASW,CE,Towers with Radar,77,12,14,22,125,0,4,81,27,112,77,16,95,49,237,180,78,258,495
12/13/2020,AFW,TX,ASW,CE,Towers with Radar,31,2,7,9,49,0,0,1,0,1,31,2,8,9,50,2,0,2,52
12/14/2020,AFW,TX,ASW,CE,Towers with Radar,36,6,24,27,93,0,1,81,14,96,36,7,105,41,189,284,38,322,511
12/15/2020,AFW,TX,ASW,CE,Towers with Radar,74,20,12,8,114,0,2,2,0,4,74,22,14,8,118,0,0,0,118
12/16/2020,AFW,TX,ASW,CE,Towers with Radar,80,12,31,22,145,0,0,86,11,97,80,12,117,33,242,192,12,204,446
12/17/2020,AFW,TX,ASW,CE,Towers with Radar,79,16,20,17,132,0,0,136,13,149,79,16,156,30,281,160,40,200,481
12/18/2020,AFW,TX,ASW,CE,Towers with Radar,72,22,30,16,140,0,1,42,4,47,72,23,72,20,187,48,54,102,289
12/19/2020,AFW,TX,ASW,CE,Towers with Radar,79,10,18,7,114,0,0,27,2,29,79,10,45,9,143,62,12,74,217
12/20/2020,AFW,TX,ASW,CE,Towers with Radar,29,4,18,6,57,0,0,25,2,27,29,4,43,8,84,40,0,40,124
12/21/2020,AFW,TX,ASW,CE,Towers with Radar,39,11,20,13,83,0,0,94,2,96,39,11,114,15,179,142,0,142,321
12/22/2020,AFW,TX,ASW,CE,Towers with Radar,84,17,26,25,152,0,0,78,8,86,84,17,104,33,238,80,20,100,338
12/23/2020,AFW,TX,ASW,CE,Towers with Radar,74,15,18,1,108,0,0,24,6,30,74,15,42,7,138,44,2,46,184
12/24/2020,AFW,TX,ASW,CE,Towers with Radar,55,12,9,0,76,0,0,7,0,7,55,12,16,0,83,12,0,12,95
12/25/2020,AFW,TX,ASW,CE,Towers with Radar,0,5,3,0,8,0,0,4,0,4,0,5,7,0,12,2,0,2,14
12/26/2020,AFW,TX,ASW,CE,Towers with Radar,8,6,11,0,25,0,0,30,0,30,8,6,41,0,55,44,0,44,99
12/27/2020,AFW,TX,ASW,CE,Towers with Radar,23,2,8,0,33,0,0,12,0,12,23,2,20,0,45,20,0,20,65
12/28/2020,AFW,TX,ASW,CE,Towers with Radar,30,17,33,1,81,0,0,41,0,41,30,17,74,1,122,136,0,136,258
12/29/2020,AFW,TX,ASW,CE,Towers with Radar,77,17,14,13,121,0,0,9,0,9,77,17,23,13,130,0,0,0,130
12/30/2020,AFW,TX,ASW,CE,Towers with Radar,75,19,6,0,100,0,0,0,0,0,75,19,6,0,100,0,0,0,100
12/31/2020,AFW,TX,ASW,CE,Towers with Radar,59,10,1,0,70,0,0,0,0,0,59,10,1,0,70,0,0,0,70
01/01/2021,AFW,TX,ASW,CE,Towers with Radar,4,4,6,0,14,0,0,3,0,3,4,4,9,0,17,4,0,4,21
01/02/2021,AFW,TX,ASW,CE,Towers with Radar,9,6,12,0,27,0,0,44,0,44,9,6,56,0,71,60,0,60,131
01/03/2021,AFW,TX,ASW,CE,Towers with Radar,30,5,7,7,49,0,0,22,0,22,30,5,29,7,71,32,0,32,103
01/04/2021,AFW,TX,ASW,CE,Towers with Radar,32,8,26,4,70,0,1,99,0,100,32,9,125,4,170,190,2,192,362
01/05/2021,AFW,TX,ASW,CE,Towers with Radar,62,20,26,7,115,0,0,111,0,111,62,20,137,7,226,158,0,158,384
01/06/2021,AFW,TX,ASW,CE,Towers with Radar,69,15,25,22,131,0,0,21,3,24,69,15,46,25,155,16,4,20,175
01/07/2021,AFW,TX,ASW,CE,Towers with Radar,61,17,28,33,139,0,4,49,7,60,61,21,77,40,199,160,0,160,359
01/08/2021,AFW,TX,ASW,CE,Towers with Radar,52,12,22,14,100,0,0,82,4,86,52,12,104,18,186,136,24,160,346
01/09/2021,AFW,TX,ASW,CE,Towers with Radar,28,1,12,11,52,0,0,59,2,61,28,1,71,13,113,92,0,92,205
01/10/2021,AFW,TX,ASW,CE,Towers with Radar,26,2,3,4,35,0,0,2,0,2,26,2,5,4,37,0,0,0,37
01/11/2021,AFW,TX,ASW,CE,Towers with Radar,32,6,16,46,100,0,0,75,4,79,32,6,91,50,179,98,34,132,311
01/12/2021,AFW,TX,ASW,CE,Towers with Radar,72,17,25,28,142,0,0,95,5,100,72,17,120,33,242,200,16,216,458
01/13/2021,AFW,TX,ASW,CE,Towers with Radar,67,10,17,34,128,0,2,115,1,118,67,12,132,35,246,252,12,264,510
01/14/2021,AFW,TX,ASW,CE,Towers with Radar,64,12,19,25,120,0,1,41,6,48,64,13,60,31,168,40,18,58,226
01/15/2021,AFW,TX,ASW,CE,Towers with Radar,51,11,13,49,124,0,0,16,2,18,51,11,29,51,142,4,18,22,164
01/16/2021,AFW,TX,ASW,CE,Towers with Radar,27,2,15,3,47,0,0,96,1,97,27,2,111,4,144,120,12,132,276
01/17/2021,AFW,TX,ASW,CE,Towers with Radar,25,4,11,13,53,0,2,28,2,32,25,6,39,15,85,50,0,50,135
01/18/2021,AFW,TX,ASW,CE,Towers with Radar,35,11,10,1,57,0,3,31,0,34,35,14,41,1,91,82,0,82,173
01/19/2021,AFW,TX,ASW,CE,Towers with Radar,66,16,27,42,151,0,0,53,0,53,66,16,80,42,204,90,2,92,296
01/20/2021,AFW,TX,ASW,CE,Towers with Radar,72,12,22,30,136,0,0,8,0,8,72,12,30,30,144,0,0,0,144
01/21/2021,AFW,TX,ASW,CE,Towers with Radar,62,12,39,36,149,0,0,79,1,80,62,12,118,37,229,100,2,102,331
01/22/2021,AFW,TX,ASW,CE,Towers with Radar,55,15,43,48,161,0,0,5,0,5,55,15,48,48,166,0,0,0,166
01/23/2021,AFW,TX,ASW,CE,Towers with Radar,25,2,5,3,35,0,0,0,0,0,25,2,5,3,35,0,0,0,35
01/24/2021,AFW,TX,ASW,CE,Towers with Radar,28,7,8,7,50,0,0,0,0,0,28,7,8,7,50,0,0,0,50
01/25/2021,AFW,TX,ASW,CE,Towers with Radar,34,6,15,33,88,0,0,59,5,64,34,6,74,38,152,96,8,104,256
01/26/2021,AFW,TX,ASW,CE,Towers with Radar,70,14,35,17,136,0,3,154,3,160,70,17,189,20,296,232,50,282,578
01/27/2021,AFW,TX,ASW,CE,Towers with Radar,72,19,35,71,197,0,4,163,12,179,72,23,198,83,376,240,18,258,634
01/28/2021,AFW,TX,ASW,CE,Towers with Radar,65,19,24,56,164,0,1,161,0,162,65,20,185,56,326,192,4,196,522
01/29/2021,AFW,TX,ASW,CE,Towers with Radar,49,16,18,35,118,0,4,147,5,156,49,20,165,40,274,262,6,268,542
01/30/2021,AFW,TX,ASW,CE,Towers with Radar,30,0,7,1,38,0,0,0,0,0,30,0,7,1,38,0,0,0,38
01/31/2021,AFW,TX,ASW,CE,Towers with Radar,26,2,12,3,43,0,0,38,1,39,26,2,50,4,82,56,0,56,138
02/01/2021,AFW,TX,ASW,CE,Towers with Radar,32,5,30,16,83,0,2,133,3,138,32,7,163,19,221,172,16,188,409
02/02/2021,AFW,TX,ASW,CE,Towers with Radar,66,18,22,17,123,0,7,129,3,139,66,25,151,20,262,158,4,162,424
02/03/2021,AFW,TX,ASW,CE,Towers with Radar,66,20,28,12,126,0,3,137,1,141,66,23,165,13,267,128,2,130,397
02/04/2021,AFW,TX,ASW,CE,Towers with Radar,70,15,29,67,181,0,2,80,1,83,70,17,109,68,264,66,8,74,338
02/05/2021,AFW,TX,ASW,CE,Towers with Radar,48,15,10,41,114,0,0,138,0,138,48,15,148,41,252,118,14,132,384
02/06/2021,AFW,TX,ASW,CE,Towers with Radar,28,4,8,98,138,0,0,43,2,45,28,4,51,100,183,130,60,190,373
02/07/2021,AFW,TX,ASW,CE,Towers with Radar,27,6,7,48,88,0,0,15,0,15,27,6,22,48,103,44,24,68,171
02/08/2021,AFW,TX,ASW,CE,Towers with Radar,32,15,21,69,137,0,0,13,1,14,32,15,34,70,151,14,26,40,191
02/09/2021,AFW,TX,ASW,CE,Towers with Radar,68,14,23,6,111,0,0,1,0,1,68,14,24,6,112,2,0,2,114
02/10/2021,AFW,TX,ASW,CE,Towers with Radar,60,6,23,0,89,0,0,0,0,0,60,6,23,0,89,0,0,0,89
02/11/2021,AFW,TX,ASW,CE,Towers with Radar,71,3,14,4,92,0,0,3,0,3,71,3,17,4,95,32,0,32,127
02/12/2021,AFW,TX,ASW,CE,Towers with Radar,57,10,25,7,99,0,0,1,0,1,57,10,26,7,100,0,0,0,100
02/13/2021,AFW,TX,ASW,CE,Towers with Radar,23,4,5,2,34,0,0,4,0,4,23,4,9,2,38,20,0,20,58
02/14/2021,AFW,TX,ASW,CE,Towers with Radar,6,0,4,0,10,0,0,0,0,0,6,0,4,0,10,0,0,0,10
02/15/2021,AFW,TX,ASW,CE,Towers with Radar,9,0,5,0,14,0,0,0,0,0,9,0,5,0,14,0,0,0,14
02/16/2021,AFW,TX,ASW,CE,Towers with Radar,41,1,13,0,55,0,0,1,0,1,41,1,14,0,56,0,0,0,56
02/17/2021,AFW,TX,ASW,CE,Towers with Radar,38,1,5,0,44,0,0,0,0,0,38,1,5,0,44,0,0,0,44
02/18/2021,AFW,TX,ASW,CE,Towers with Radar,49,13,4,0,66,0,0,0,0,0,49,13,4,0,66,0,0,0,66
02/19/2021,AFW,TX,ASW,CE,Towers with Radar,50,8,12,25,95,0,0,18,3,21,50,8,30,28,116,18,10,28,144
02/20/2021,AFW,TX,ASW,CE,Towers with Radar,40,9,14,3,66,0,0,33,1,34,40,9,47,4,100,42,6,48,148
02/21/2021,AFW,TX,ASW,CE,Towers with Radar,25,2,15,2,44,0,0,14,0,14,25,2,29,2,58,12,0,12,70
02/22/2021,AFW,TX,ASW,CE,Towers with Radar,39,9,23,52,123,0,2,127,5,134,39,11,150,57,257,148,36,184,441
02/23/2021,AFW,TX,ASW,CE,Towers with Radar,70,26,29,44,169,0,14,136,9,159,70,40,165,53,328,138,2,140,468
02/24/2021,AFW,TX,ASW,CE,Towers with Radar,63,25,32,42,162,0,6,140,8,154,63,31,172,50,316,214,4,218,534
02/25/2021,AFW,TX,ASW,CE,Towers with Radar,64,37,36,15,152,0,4,70,0,74,64,41,106,15,226,108,0,108,334
02/26/2021,AFW,TX,ASW,CE,Towers with Radar,57,24,21,25,127,0,0,5,11,16,57,24,26,36,143,8,24,32,175
02/27/2021,AFW,TX,ASW,CE,Towers with Radar,29,0,22,6,57,0,0,0,0,0,29,0,22,6,57,0,0,0,57
02/28/2021,AFW,TX,ASW,CE,Towers with Radar,29,3,10,11,53,0,0,4,0,4,29,3,14,11,57,0,0,0,57
03/01/2021,AFW,TX,ASW,CE,Towers with Radar,38,10,14,19,81,0,8,81,5,94,38,18,95,24,175,156,24,180,355
03/02/2021,AFW,TX,ASW,CE,Towers with Radar,68,20,53,23,164,0,13,164,2,179,68,33,217,25,343,232,8,240,583
03/03/2021,AFW,TX,ASW,CE,Towers with Radar,71,31,35,13,150,0,12,135,10,157,71,43,170,23,307,212,16,228,535
03/04/2021,AFW,TX,ASW,CE,Towers with Radar,72,28,49,20,169,0,5,104,1,110,72,33,153,21,279,114,4,118,397
03/05/2021,AFW,TX,ASW,CE,Towers with Radar,53,18,29,55,155,0,6,61,4,71,53,24,90,59,226,168,10,178,404
03/06/2021,AFW,TX,ASW,CE,Towers with Radar,34,5,11,18,68,0,0,125,2,127,34,5,136,20,195,166,32,198,393
03/07/2021,AFW,TX,ASW,CE,Towers with Radar,27,5,13,18,63,0,0,34,2,36,27,5,47,20,99,46,18,64,163
03/08/2021,AFW,TX,ASW,CE,Towers with Radar,36,11,39,43,129,0,12,119,4,135,36,23,158,47,264,154,12,166,430
03/09/2021,AFW,TX,ASW,CE,Towers with Radar,67,32,48,44,191,0,0,25,5,30,67,32,73,49,221,34,6,40,261
03/10/2021,AFW,TX,ASW,CE,Towers with Radar,68,44,37,31,180,0,13,28,3,44,68,57,65,34,224,38,0,38,262
03/11/2021,AFW,TX,ASW,CE,Towers with Radar,67,37,37,91,232,0,5,76,1,82,67,42,113,92,314,68,10,78,392
03/12/2021,AFW,TX,ASW,CE,Towers with Radar,57,19,35,98,209,0,4,37,0,41,57,23,72,98,250,86,18,104,354
03/13/2021,AFW,TX,ASW,CE,Towers with Radar,28,3,19,25,75,0,0,20,0,20,28,3,39,25,95,86,6,92,187
03/14/2021,AFW,TX,ASW,CE,Towers with Radar,30,2,11,33,76,0,1,15,5,21,30,3,26,38,97,8,26,34,131
03/15/2021,AFW,TX,ASW,CE,Towers with Radar,37,10,12,21,80,0,5,51,8,64,37,15,63,29,144,30,22,52,196
03/16/2021,AFW,TX,ASW,CE,Towers with Radar,70,33,33,18,154,0,17,110,6,133,70,50,143,24,287,156,0,156,443
03/17/2021,AFW,TX,ASW,CE,Towers with Radar,62,16,19,45,142,0,13,17,5,35,62,29,36,50,177,6,2,8,185
03/18/2021,AFW,TX,ASW,CE,Towers with Radar,73,24,19,52,168,0,19,78,0,97,73,43,97,52,265,72,0,72,337
03/19/2021,AFW,TX,ASW,CE,Towers with Radar,66,13,15,68,162,2,13,88,19,122,68,26,103,87,284,248,54,302,586
03/20/2021,AFW,TX,ASW,CE,Towers with Radar,29,4,22,14,69,0,0,64,14,78,29,4,86,28,147,104,2,106,253
03/21/2021,AFW,TX,ASW,CE,Towers with Radar,39,7,13,8,67,0,0,18,2,20,39,7,31,10,87,42,0,42,129
03/22/2021,AFW,TX,ASW,CE,Towers with Radar,35,6,19,24,84,0,0,2,0,2,35,6,21,24,86,10,0,10,96
03/23/2021,AFW,TX,ASW,CE,Towers with Radar,82,24,38,44,188,0,12,69,9,90,82,36,107,53,278,158,0,158,436
03/24/2021,AFW,TX,ASW,CE,Towers with Radar,73,24,40,37,174,0,6,51,11,68,73,30,91,48,242,74,32,106,348
03/25/2021,AFW,TX,ASW,CE,Towers with Radar,73,20,30,59,182,0,4,46,5,55,73,24,76,64,237,90,6,96,333
03/26/2021,AFW,TX,ASW,CE,Towers with Radar,60,15,27,51,153,0,15,143,16,174,60,30,170,67,327,258,20,278,605
03/27/2021,AFW,TX,ASW,CE,Towers with Radar,33,0,16,15,64,0,0,57,8,65,33,0,73,23,129,78,20,98,227
03/28/2021,AFW,TX,ASW,CE,Towers with Radar,29,3,20,15,67,0,0,56,7,63,29,3,76,22,130,31,12,43,173
03/29/2021,AFW,TX,ASW,CE,Towers with Radar,40,12,33,59,144,0,3,113,2,118,40,15,146,61,262,128,20,148,410
03/30/2021,AFW,TX,ASW,CE,Towers with Radar,61,17,46,36,160,0,3,74,7,84,61,20,120,43,244,178,0,178,422
03/31/2021,AFW,TX,ASW,CE,Towers with Radar,64,20,31,13,128,0,8,40,5,53,64,28,71,18,181,50,12,62,243
04/01/2021,AFW,TX,ASW,CE,Towers with Radar,64,21,33,16,134,0,12,196,5,213,64,33,229,21,347,204,2,206,553
04/02/2021,AFW,TX,ASW,CE,Towers with Radar,54,18,41,11,124,0,7,130,9,146,54,25,171,20,270,226,12,238,508
04/03/2021,AFW,TX,ASW,CE,Towers with Radar,31,4,10,2,47,0,0,90,8,98,31,4,100,10,145,154,20,174,319
04/04/2021,AFW,TX,ASW,CE,Towers with Radar,34,5,16,1,56,0,0,9,0,9,34,5,25,1,65,30,0,30,95
04/05/2021,AFW,TX,ASW,CE,Towers with Radar,38,8,26,30,102,0,2,115,0,117,38,10,141,30,219,96,0,96,315
04/06/2021,AFW,TX,ASW,CE,Towers with Radar,57,19,42,13,131,0,0,14,3,17,57,19,56,16,148,24,0,24,172
04/07/2021,AFW,TX,ASW,CE,Towers with Radar,64,11,49,20,144,0,2,60,3,65,64,13,109,23,209,134,4,138,347
04/08/2021,AFW,TX,ASW,CE,Towers with Radar,60,25,41,15,141,0,21,146,5,172,60,46,187,20,313,210,18,228,541
04/09/2021,AFW,TX,ASW,CE,Towers with Radar,56,32,38,73,199,0,12,60,12,84,56,44,98,85,283,130,16,146,429
04/10/2021,AFW,TX,ASW,CE,Towers with Radar,33,7,13,18,71,0,2,84,4,90,33,9,97,22,161,146,16,162,323
04/11/2021,AFW,TX,ASW,CE,Towers with Radar,32,7,21,12,72,0,0,57,7,64,32,7,78,19,136,114,24,138,274
04/12/2021,AFW,TX,ASW,CE,Towers with Radar,39,22,40,55,156,0,6,123,1,130,39,28,163,56,286,118,0,118,404
04/13/2021,AFW,TX,ASW,CE,Towers with Radar,59,21,22,30,132,0,11,88,4,103,59,32,110,34,235,164,8,172,407
04/14/2021,AFW,TX,ASW,CE,Towers with Radar,65,36,47,18,166,0,9,46,0,55,65,45,93,18,221,128,0,128,349
04/15/2021,AFW,TX,ASW,CE,Towers with Radar,62,22,26,1,111,0,2,3,0,5,62,24,29,1,116,0,0,0,116
04/16/2021,AFW,TX,ASW,CE,Towers with Radar,53,16,22,15,106,0,0,0,0,0,53,16,22,15,106,0,0,0,106
04/17/2021,AFW,TX,ASW,CE,Towers with Radar,38,5,22,31,96,0,4,90,5,99,38,9,112,36,195,114,24,138,333
04/18/2021,AFW,TX,ASW,CE,Towers with Radar,28,10,13,16,67,0,0,40,4,44,28,10,53,20,111,96,6,102,213
04/19/2021,AFW,TX,ASW,CE,Towers with Radar,36,18,23,87,164,0,10,115,2,127,36,28,138,89,291,238,12,250,541
04/20/2021,AFW,TX,ASW,CE,Towers with Radar,65,23,38,80,206,0,21,90,3,114,65,44,128,83,320,136,18,154,474
04/21/2021,AFW,TX,ASW,CE,Towers with Radar,66,27,36,81,210,0,23,127,6,156,66,50,163,87,366,180,12,192,558
04/22/2021,AFW,TX,ASW,CE,Towers with Radar,65,20,50,53,188,0,17,127,0,144,65,37,177,53,332,118,6,124,456
04/23/2021,AFW,TX,ASW,CE,Towers with Radar,51,18,23,8,100,0,0,0,0,0,51,18,23,8,100,0,0,0,100
04/24/2021,AFW,TX,ASW,CE,Towers with Radar,30,9,16,18,73,0,9,29,5,43,30,18,45,23,116,68,34,102,218
04/25/2021,AFW,TX,ASW,CE,Towers with Radar,28,4,31,11,74,0,2,46,6,54,28,6,77,17,128,90,16,106,234
04/26/2021,AFW,TX,ASW,CE,Towers with Radar,32,9,38,27,106,0,6,96,0,102,32,15,134,27,208,136,0,136,344
04/27/2021,AFW,TX,ASW,CE,Towers with Radar,63,19,48,39,169,0,0,13,0,13,63,19,61,39,182,14,6,20,202
04/28/2021,AFW,TX,ASW,CE,Towers with Radar,75,16,23,2,116,0,0,6,0,6,75,16,29,2,122,10,0,10,132
04/29/2021,AFW,TX,ASW,CE,Towers with Radar,71,8,27,4,110,0,0,0,0,0,71,8,27,4,110,42,0,42,152
04/30/2021,AFW,TX,ASW,CE,Towers with Radar,52,20,39,9,120,0,17,24,1,42,52,37,63,10,162,16,0,16,178
05/01/2021,AFW,TX,ASW,CE,Towers with Radar,24,12,20,6,62,0,0,2,0,2,24,12,22,6,64,0,0,0,64
05/02/2021,AFW,TX,ASW,CE,Towers with Radar,15,16,33,22,86,0,0,20,2,22,15,16,53,24,108,48,8,56,164
05/03/2021,AFW,TX,ASW,CE,Towers with Radar,29,24,29,34,116,0,23,108,0,131,29,47,137,34,247,158,4,162,409
05/04/2021,AFW,TX,ASW,CE,Towers with Radar,76,38,51,15,180,0,12,114,1,127,76,50,165,16,307,186,4,190,497
05/05/2021,AFW,TX,ASW,CE,Towers with Radar,68,25,43,14,150,0,27,155,2,184,68,52,198,16,334,248,0,248,582
05/06/2021,AFW,TX,ASW,CE,Towers with Radar,74,22,30,23,149,0,19,165,2,186,74,41,195,25,335,304,6,310,645
05/07/2021,AFW,TX,ASW,CE,Towers with Radar,61,17,23,15,116,0,13,98,5,116,61,30,121,20,232,166,4,170,402
05/08/2021,AFW,TX,ASW,CE,Towers with Radar,46,9,11,14,80,0,0,24,9,33,46,9,35,23,113,48,4,52,165
05/09/2021,AFW,TX,ASW,CE,Towers with Radar,25,4,13,27,69,0,0,22,0,22,25,4,35,27,91,38,4,42,133
05/10/2021,AFW,TX,ASW,CE,Towers with Radar,33,14,23,17,87,0,0,0,0,0,33,14,23,17,87,0,0,0,87
05/11/2021,AFW,TX,ASW,CE,Towers with Radar,71,15,14,0,100,0,0,0,0,0,71,15,14,0,100,0,0,0,100
05/12/2021,AFW,TX,ASW,CE,Towers with Radar,69,27,65,21,182,0,0,15,1,16,69,27,80,22,198,122,0,122,320
05/13/2021,AFW,TX,ASW,CE,Towers with Radar,70,22,41,26,159,0,24,159,0,183,70,46,200,26,342,198,4,202,544
05/14/2021,AFW,TX,ASW,CE,Towers with Radar,56,22,26,35,139,0,21,94,1,116,56,43,120,36,255,189,12,201,456
05/15/2021,AFW,TX,ASW,CE,Towers with Radar,33,2,20,11,66,0,1,69,3,73,33,3,89,14,139,118,0,118,257
05/16/2021,AFW,TX,ASW,CE,Towers with Radar,32,11,15,0,58,0,0,0,0,0,32,11,15,0,58,0,0,0,58
05/17/2021,AFW,TX,ASW,CE,Towers with Radar,40,12,20,3,75,0,15,43,0,58,40,27,63,3,133,58,0,58,191
05/18/2021,AFW,TX,ASW,CE,Towers with Radar,69,20,9,5,103,1,4,8,0,13,70,24,17,5,116,12,0,12,128
05/19/2021,AFW,TX,ASW,CE,Towers with Radar,76,26,23,34,159,0,22,78,5,105,76,48,101,39,264,152,22,174,438
05/20/2021,AFW,TX,ASW,CE,Towers with Radar,75,29,33,35,172,0,3,62,0,65,75,32,95,35,237,158,0,158,395
05/21/2021,AFW,TX,ASW,CE,Towers with Radar,62,35,30,56,183,0,5,45,4,54,62,40,75,60,237,60,78,138,375
05/22/2021,AFW,TX,ASW,CE,Towers with Radar,34,6,21,1,62,0,0,5,0,5,34,6,26,1,67,0,0,0,67
05/23/2021,AFW,TX,ASW,CE,Towers with Radar,31,12,21,17,81,0,0,11,0,11,31,12,32,17,92,78,0,78,170
05/24/2021,AFW,TX,ASW,CE,Towers with Radar,38,12,21,9,80,0,0,2,0,2,38,12,23,9,82,0,0,0,82
05/25/2021,AFW,TX,ASW,CE,Towers with Radar,71,18,23,25,137,0,3,49,0,52,71,21,72,25,189,150,12,162,351
05/26/2021,AFW,TX,ASW,CE,Towers with Radar,71,23,55,44,193,0,11,116,4,131,71,34,171,48,324,158,10,168,492
05/27/2021,AFW,TX,ASW,CE,Towers with Radar,68,23,64,21,176,0,4,60,10,74,68,27,124,31,250,80,18,98,348
05/28/2021,AFW,TX,ASW,CE,Towers with Radar,59,16,35,2,112,0,0,20,2,22,59,16,55,4,134,112,0,112,246
05/29/2021,AFW,TX,ASW,CE,Towers with Radar,36,2,20,1,59,0,0,34,0,34,36,2,54,1,93,100,0,100,193
05/30/2021,AFW,TX,ASW,CE,Towers with Radar,35,2,16,3,56,0,0,16,2,18,35,2,32,5,74,28,0,28,102
05/31/2021,AFW,TX,ASW,CE,Towers with Radar,33,3,12,9,57,0,0,2,0,2,33,3,14,9,59,0,0,0,59
06/01/2021,AFW,TX,ASW,CE,Towers with Radar,42,11,29,56,138,0,0,26,1,27,42,11,55,57,165,101,0,101,266
06/02/2021,AFW,TX,ASW,CE,Towers with Radar,88,23,34,56,201,0,5,107,3,115,88,28,141,59,316,130,76,206,522
06/03/2021,AFW,TX,ASW,CE,Towers with Radar,84,22,31,29,166,0,11,138,0,149,84,33,169,29,315,236,4,240,555
06/04/2021,AFW,TX,ASW,CE,Towers with Radar,61,15,23,16,115,0,2,57,0,59,61,17,80,16,174,102,4,106,280
06/05/2021,AFW,TX,ASW,CE,Towers with Radar,36,11,10,4,61,0,0,9,0,9,36,11,19,4,70,46,0,46,116
06/06/2021,AFW,TX,ASW,CE,Towers with Radar,35,4,13,5,57,0,0,14,1,15,35,4,27,6,72,56,8,64,136
06/07/2021,AFW,TX,ASW,CE,Towers with Radar,43,10,16,0,69,0,0,16,0,16,43,10,32,0,85,6,0,6,91
06/08/2021,AFW,TX,ASW,CE,Towers with Radar,76,35,27,25,163,0,9,128,4,141,76,44,155,29,304,134,10,144,448
06/09/2021,AFW,TX,ASW,CE,Towers with Radar,89,28,53,36,206,0,7,73,0,80,89,35,126,36,286,164,0,164,450
06/10/2021,AFW,TX,ASW,CE,Towers with Radar,78,27,46,19,170,0,11,101,2,114,78,38,147,21,284,162,0,162,446
06/11/2021,AFW,TX,ASW,CE,Towers with Radar,57,22,46,55,180,0,11,96,0,107,57,33,142,55,287,136,6,142,429
06/12/2021,AFW,TX,ASW,CE,Towers with Radar,33,11,40,3,87,0,0,32,1,33,33,11,72,4,120,20,0,20,140
06/13/2021,AFW,TX,ASW,CE,Towers with Radar,30,15,58,12,115,0,0,50,2,52,30,15,108,14,167,24,0,24,191
06/14/2021,AFW,TX,ASW,CE,Towers with Radar,48,20,22,18,108,0,12,86,0,98,48,32,108,18,206,80,0,80,286
06/15/2021,AFW,TX,ASW,CE,Towers with Radar,77,28,33,40,178,0,12,149,2,163,77,40,182,42,341,160,4,164,505
06/16/2021,AFW,TX,ASW,CE,Towers with Radar,77,28,44,20,169,0,15,128,1,144,77,43,172,21,313,200,2,202,515
06/17/2021,AFW,TX,ASW,CE,Towers with Radar,87,32,42,26,187,0,20,185,8,213,87,52,227,34,400,182,24,206,606
06/18/2021,AFW,TX,ASW,CE,Towers with Radar,59,27,30,8,124,0,13,87,5,105,59,40,117,13,229,102,0,102,331
06/19/2021,AFW,TX,ASW,CE,Towers with Radar,35,3,20,0,58,0,0,78,2,80,35,3,98,2,138,26,0,26,164
06/20/2021,AFW,TX,ASW,CE,Towers with Radar,32,9,19,17,77,0,6,27,1,34,32,15,46,18,111,58,4,62,173
06/21/2021,AFW,TX,ASW,CE,Towers with Radar,42,26,23,20,111,0,1,23,0,24,42,27,46,20,135,36,0,36,171
06/22/2021,AFW,TX,ASW,CE,Towers with Radar,79,22,41,23,165,0,19,115,6,140,79,41,156,29,305,102,4,106,411
06/23/2021,AFW,TX,ASW,CE,Towers with Radar,87,53,52,26,218,0,11,66,1,78,87,64,118,27,296,88,8,96,392
06/24/2021,AFW,TX,ASW,CE,Towers with Radar,83,30,48,11,172,0,35,122,1,158,83,65,170,12,330,182,0,182,512
06/25/2021,AFW,TX,ASW,CE,Towers with Radar,66,32,49,62,209,0,31,109,8,148,66,63,158,70,357,124,30,154,511
06/26/2021,AFW,TX,ASW,CE,Towers with Radar,41,14,16,47,118,0,3,27,12,42,41,17,43,59,160,32,74,106,266
06/27/2021,AFW,TX,ASW,CE,Towers with Radar,31,12,27,52,122,0,0,21,11,32,31,12,48,63,154,32,28,60,214
06/28/2021,AFW,TX,ASW,CE,Towers with Radar,45,21,22,18,106,0,12,17,14,43,45,33,39,32,149,52,22,74,223
06/29/2021,AFW,TX,ASW,CE,Towers with Radar,83,31,42,26,182,0,12,33,5,50,83,43,75,31,232,114,20,134,366
06/30/2021,AFW,TX,ASW,CE,Towers with Radar,90,39,49,41,219,0,15,85,7,107,90,54,134,48,326,180,12,192,518
07/01/2021,AFW,TX,ASW,CE,Towers with Radar,90,27,38,33,188,0,17,100,4,121,90,44,138,37,309,96,0,96,405
07/02/2021,AFW,TX,ASW,CE,Towers with Radar,58,20,32,6,116,0,3,38,0,41,58,23,70,6,157,78,0,78,235
07/03/2021,AFW,TX,ASW,CE,Towers with Radar,33,3,10,0,46,0,0,13,0,13,33,3,23,0,59,32,0,32,91
07/04/2021,AFW,TX,ASW,CE,Towers with Radar,4,3,6,0,13,0,0,16,2,18,4,3,22,2,31,30,0,30,61
07/05/2021,AFW,TX,ASW,CE,Towers with Radar,12,14,16,0,42,0,0,66,0,66,12,14,82,0,108,100,0,100,208
07/06/2021,AFW,TX,ASW,CE,Towers with Radar,46,10,12,6,74,0,3,65,0,68,46,13,77,6,142,116,10,126,268
07/07/2021,AFW,TX,ASW,CE,Towers with Radar,80,21,27,19,147,0,9,134,2,145,80,30,161,21,292,210,10,220,512
07/08/2021,AFW,TX,ASW,CE,Towers with Radar,91,21,34,17,163,0,10,128,1,139,91,31,162,18,302,128,0,128,430
07/09/2021,AFW,TX,ASW,CE,Towers with Radar,68,15,31,75,189,0,2,30,5,37,68,17,61,80,226,26,30,56,282
07/10/2021,AFW,TX,ASW,CE,Towers with Radar,38,2,21,42,103,0,0,20,6,26,38,2,41,48,129,40,20,60,189
07/11/2021,AFW,TX,ASW,CE,Towers with Radar,34,9,22,31,96,0,0,19,1,20,34,9,41,32,116,28,0,28,144
07/12/2021,AFW,TX,ASW,CE,Towers with Radar,46,14,34,23,117,0,18,102,1,121,46,32,136,24,238,48,2,50,288
07/13/2021,AFW,TX,ASW,CE,Towers with Radar,88,21,47,28,184,0,23,126,4,153,88,44,173,32,337,230,0,230,567
07/14/2021,AFW,TX,ASW,CE,Towers with Radar,96,30,45,48,219,0,6,95,8,109,96,36,140,56,328,48,14,62,390
07/15/2021,AFW,TX,ASW,CE,Towers with Radar,88,16,41,47,192,0,19,98,3,120,88,35,139,50,312,208,12,220,532
07/16/2021,AFW,TX,ASW,CE,Towers with Radar,55,17,47,19,138,0,11,111,8,130,55,28,158,27,268,208,23,231,499
07/17/2021,AFW,TX,ASW,CE,Towers with Radar,38,13,9,3,63,0,2,35,7,44,38,15,44,10,107,46,0,46,153
07/18/2021,AFW,TX,ASW,CE,Towers with Radar,34,10,19,12,75,0,0,35,3,38,34,10,54,15,113,72,0,72,185
07/19/2021,AFW,TX,ASW,CE,Towers with Radar,43,18,30,23,114,0,23,37,0,60,43,41,67,23,174,82,0,82,256
07/20/2021,AFW,TX,ASW,CE,Towers with Radar,85,29,35,46,195,0,24,97,5,126,85,53,132,51,321,116,8,124,445
07/21/2021,AFW,TX,ASW,CE,Towers with Radar,89,27,37,26,179,0,13,101,5,119,89,40,138,31,298,124,6,130,428
07/22/2021,AFW,TX,ASW,CE,Towers with Radar,91,20,33,27,171,0,15,115,3,133,91,35,148,30,304,158,20,178,482
07/23/2021,AFW,TX,ASW,CE,Towers with Radar,61,34,34,31,160,0,9,38,4,51,61,43,72,35,211,66,12,78,289
07/24/2021,AFW,TX,ASW,CE,Towers with Radar,35,7,9,13,64,0,0,29,3,32,35,7,38,16,96,86,14,100,196
07/25/2021,AFW,TX,ASW,CE,Towers with Radar,32,8,14,19,73,0,1,33,1,35,32,9,47,20,108,6,0,6,114
07/26/2021,AFW,TX,ASW,CE,Towers with Radar,42,17,16,31,106,0,23,118,3,144,42,40,134,34,250,222,2,224,474
07/27/2021,AFW,TX,ASW,CE,Towers with Radar,86,25,39,27,177,0,19,85,0,104,86,44,124,27,281,52,4,56,337
07/28/2021,AFW,TX,ASW,CE,Towers with Radar,89,32,29,35,185,0,14,120,1,135,89,46,149,36,320,64,12,76,396
07/29/2021,AFW,TX,ASW,CE,Towers with Radar,92,28,37,52,209,0,21,110,5,136,92,49,147,57,345,90,6,96,441
07/30/2021,AFW,TX,ASW,CE,Towers with Radar,56,17,21,47,141,0,11,109,6,126,56,28,130,53,267,80,18,98,365
07/31/2021,AFW,TX,ASW,CE,Towers with Radar,40,9,10,9,68,0,0,21,0,21,40,9,31,9,89,22,0,22,111
08/01/2021,AFW,TX,ASW,CE,Towers with Radar,35,5,14,3,57,0,0,20,0,20,35,5,34,3,77,8,0,8,85
08/02/2021,AFW,TX,ASW,CE,Towers with Radar,45,19,24,20,108,0,6,23,0,29,45,25,47,20,137,20,4,24,161
08/03/2021,AFW,TX,ASW,CE,Towers with Radar,89,21,52,55,217,0,6,129,0,135,89,27,181,55,352,124,6,130,482
08/04/2021,AFW,TX,ASW,CE,Towers with Radar,91,29,36,35,191,0,9,128,1,138,91,38,164,36,329,148,0,148,477
08/05/2021,AFW,TX,ASW,CE,Towers with Radar,92,33,33,61,219,0,11,96,2,109,92,44,129,63,328,60,12,72,400
08/06/2021,AFW,TX,ASW,CE,Towers with Radar,55,31,31,75,192,0,12,87,5,104,55,43,118,80,296,92,12,104,400
08/07/2021,AFW,TX,ASW,CE,Towers with Radar,38,9,12,26,85,0,0,34,5,39,38,9,46,31,124,44,36,80,204
08/08/2021,AFW,TX,ASW,CE,Towers with Radar,36,7,8,28,79,0,0,29,5,34,36,7,37,33,113,8,0,8,121
08/09/2021,AFW,TX,ASW,CE,Towers with Radar,36,12,35,46,129,0,23,94,4,121,36,35,129,50,250,86,18,104,354
08/10/2021,AFW,TX,ASW,CE,Towers with Radar,93,34,42,42,211,0,19,98,2,119,93,53,140,44,330,86,2,88,418
08/11/2021,AFW,TX,ASW,CE,Towers with Radar,86,26,40,54,206,0,9,105,3,117,86,35,145,57,323,72,28,100,423
08/12/2021,AFW,TX,ASW,CE,Towers with Radar,88,28,38,41,195,0,14,121,1,136,88,42,159,42,331,170,22,192,523
08/13/2021,AFW,TX,ASW,CE,Towers with Radar,58,28,29,48,163,0,10,100,7,117,58,38,129,55,280,164,18,182,462
08/14/2021,AFW,TX,ASW,CE,Towers with Radar,36,7,9,6,58,0,0,25,0,25,36,7,34,6,83,18,0,18,101
08/15/2021,AFW,TX,ASW,CE,Towers with Radar,35,6,9,12,62,0,0,26,0,26,35,6,35,12,88,70,2,72,160
08/16/2021,AFW,TX,ASW,CE,Towers with Radar,39,15,24,20,98,0,8,40,3,51,39,23,64,23,149,148,8,156,305
08/17/2021,AFW,TX,ASW,CE,Towers with Radar,89,21,12,0,122,0,12,23,0,35,89,33,35,0,157,78,0,78,235
08/18/2021,AFW,TX,ASW,CE,Towers with Radar,89,20,19,1,129,0,6,6,0,12,89,26,25,1,141,2,0,2,143
08/19/2021,AFW,TX,ASW,CE,Towers with Radar,88,32,21,28,169,0,22,81,0,103,88,54,102,28,272,60,4,64,336
08/20/2021,AFW,TX,ASW,CE,Towers with Radar,61,33,22,42,158,0,19,81,2,102,61,52,103,44,260,44,4,48,308
08/21/2021,AFW,TX,ASW,CE,Towers with Radar,35,3,11,15,64,0,0,30,0,30,35,3,41,15,94,32,0,32,126
08/22/2021,AFW,TX,ASW,CE,Towers with Radar,29,6,12,7,54,0,0,11,0,11,29,6,23,7,65,22,0,22,87
08/23/2021,AFW,TX,ASW,CE,Towers with Radar,40,17,37,18,112,0,10,100,2,112,40,27,137,20,224,46,6,52,276
08/24/2021,AFW,TX,ASW,CE,Towers with Radar,84,21,33,34,172,0,11,82,8,101,84,32,115,42,273,12,6,18,291
08/25/2021,AFW,TX,ASW,CE,Towers with Radar,93,19,38,29,179,0,10,107,5,122,93,29,145,34,301,68,2,70,371
08/26/2021,AFW,TX,ASW,CE,Towers with Radar,86,22,35,49,192,0,14,104,1,119,86,36,139,50,311,56,0,56,367
08/27/2021,AFW,TX,ASW,CE,Towers with Radar,60,13,39,24,136,0,9,99,5,113,60,22,138,29,249,12,10,22,271
08/28/2021,AFW,TX,ASW,CE,Towers with Radar,36,8,18,7,69,0,1,102,7,110,36,9,120,14,179,54,4,58,237
08/29/2021,AFW,TX,ASW,CE,Towers with Radar,32,5,16,13,66,0,0,22,5,27,32,5,38,18,93,28,10,38,131
08/30/2021,AFW,TX,ASW,CE,Towers with Radar,43,4,27,41,115,0,5,107,2,114,43,9,134,43,229,66,8,74,303
08/31/2021,AFW,TX,ASW,CE,Towers with Radar,86,20,43,46,195,0,7,135,0,142,86,27,178,46,337,28,4,32,369
09/01/2021,AFW,TX,ASW,CE,Towers with Radar,86,28,42,48,204,0,13,125,3,141,86,41,167,51,345,54,6,60,405
09/02/2021,AFW,TX,ASW,CE,Towers with Radar,91,30,38,27,186,0,12,110,3,125,91,42,148,30,311,24,0,24,335
09/03/2021,AFW,TX,ASW,CE,Towers with Radar,57,20,31,4,112,0,2,99,2,103,57,22,130,6,215,16,0,16,231
09/04/2021,AFW,TX,ASW,CE,Towers with Radar,35,11,9,5,60,0,0,89,0,89,35,11,98,5,149,54,0,54,203
09/05/2021,AFW,TX,ASW,CE,Towers with Radar,36,7,23,1,67,0,0,7,0,7,36,7,30,1,74,4,0,4,78
09/06/2021,AFW,TX,ASW,CE,Towers with Radar,33,15,12,1,61,0,0,28,0,28,33,15,40,1,89,12,0,12,101
09/07/2021,AFW,TX,ASW,CE,Towers with Radar,42,5,27,41,115,0,5,128,3,136,42,10,155,44,251,62,6,68,319
09/08/2021,AFW,TX,ASW,CE,Towers with Radar,90,24,41,20,175,0,14,74,1,89,90,38,115,21,264,24,0,24,288
09/09/2021,AFW,TX,ASW,CE,Towers with Radar,89,24,36,33,182,0,19,122,0,141,89,43,158,33,323,26,0,26,349
09/10/2021,AFW,TX,ASW,CE,Towers with Radar,63,19,27,22,131,0,4,136,3,143,63,23,163,25,274,64,10,74,348
09/11/2021,AFW,TX,ASW,CE,Towers with Radar,38,8,16,3,65,0,0,66,5,71,38,8,82,8,136,40,16,56,192
09/12/2021,AFW,TX,ASW,CE,Towers with Radar,34,2,18,12,66,0,0,50,3,53,34,2,68,15,119,22,0,22,141
09/13/2021,AFW,TX,ASW,CE,Towers with Radar,43,16,35,23,117,0,15,111,0,126,43,31,146,23,243,70,0,70,313
09/14/2021,AFW,TX,ASW,CE,Towers with Radar,88,24,33,10,155,0,22,92,0,114,88,46,125,10,269,48,0,48,317
09/15/2021,AFW,TX,ASW,CE,Towers with Radar,87,26,30,39,182,0,10,84,1,95,87,36,114,40,277,50,2,52,329
09/16/2021,AFW,TX,ASW,CE,Towers with Radar,90,26,24,37,177,0,29,124,1,154,90,55,148,38,331,32,0,32,363
09/17/2021,AFW,TX,ASW,CE,Towers with Radar,57,28,25,37,147,0,26,90,7,123,57,54,115,44,270,14,12,26,296
09/18/2021,AFW,TX,ASW,CE,Towers with Radar,43,2,17,12,74,0,0,82,16,98,43,2,99,28,172,42,10,52,224
09/19/2021,AFW,TX,ASW,CE,Towers with Radar,33,9,11,11,64,0,1,26,6,33,33,10,37,17,97,6,8,14,111
09/20/2021,AFW,TX,ASW,CE,Towers with Radar,42,8,14,25,89,0,10,73,3,86,42,18,87,28,175,28,0,28,203
09/21/2021,AFW,TX,ASW,CE,Towers with Radar,87,20,32,19,158,0,22,100,0,122,87,42,132,19,280,24,6,30,310
09/22/2021,AFW,TX,ASW,CE,Towers with Radar,90,21,45,12,168,0,9,119,0,128,90,30,164,12,296,48,0,48,344
09/23/2021,AFW,TX,ASW,CE,Towers with Radar,87,34,22,15,158,0,16,146,0,162,87,50,168,15,320,32,0,32,352
09/24/2021,AFW,TX,ASW,CE,Towers with Radar,63,24,33,16,136,0,17,107,1,125,63,41,140,17,261,32,0,32,293
09/25/2021,AFW,TX,ASW,CE,Towers with Radar,35,6,24,11,76,0,0,133,0,133,35,6,157,11,209,38,0,38,247
09/26/2021,AFW,TX,ASW,CE,Towers with Radar,34,9,14,11,68,0,0,35,0,35,34,9,49,11,103,22,4,26,129
09/27/2021,AFW,TX,ASW,CE,Towers with Radar,39,15,19,41,114,0,16,109,2,127,39,31,128,43,241,34,6,40,281
09/28/2021,AFW,TX,ASW,CE,Towers with Radar,90,30,33,50,203,0,20,92,1,113,90,50,125,51,316,34,12,46,362
09/29/2021,AFW,TX,ASW,CE,Towers with Radar,87,38,44,24,193,0,5,63,2,70,87,43,107,26,263,30,8,38,301
09/30/2021,AFW,TX,ASW,CE,Towers with Radar,89,26,59,23,197,0,1,50,0,51,89,27,109,23,248,62,0,62,310
10/01/2021,AFW,TX,ASW,CE,Towers with Radar,56,15,62,4,137,0,1,66,0,67,56,16,128,4,204,14,0,14,218
10/02/2021,AFW,TX,ASW,CE,Towers with Radar,41,0,25,4,70,0,0,27,0,27,41,0,52,4,97,66,0,66,163
10/03/2021,AFW,TX,ASW,CE,Towers with Radar,35,10,30,6,81,0,2,40,2,44,35,12,70,8,125,88,0,88,213
10/04/2021,AFW,TX,ASW,CE,Towers with Radar,42,18,28,70,158,0,16,97,0,113,42,34,125,70,271,26,0,26,297
10/05/2021,AFW,TX,ASW,CE,Towers with Radar,83,27,31,65,206,0,16,136,3,155,83,43,167,68,361,58,6,64,425
10/06/2021,AFW,TX,ASW,CE,Towers with Radar,92,25,39,63,219,0,17,114,7,138,92,42,153,70,357,16,0,16,373
10/07/2021,AFW,TX,ASW,CE,Towers with Radar,91,18,47,35,191,0,16,113,6,135,91,34,160,41,326,84,10,94,420
10/08/2021,AFW,TX,ASW,CE,Towers with Radar,64,21,47,19,151,0,14,114,0,128,64,35,161,19,279,82,0,82,361
10/09/2021,AFW,TX,ASW,CE,Towers with Radar,40,7,20,0,67,0,2,90,1,93,40,9,110,1,160,70,0,70,230
10/10/2021,AFW,TX,ASW,CE,Towers with Radar,39,11,38,6,94,0,0,20,5,25,39,11,58,11,119,6,0,6,125
10/11/2021,AFW,TX,ASW,CE,Towers with Radar,49,5,15,5,74,0,2,108,1,111,49,7,123,6,185,116,2,118,303
10/12/2021,AFW,TX,ASW,CE,Towers with Radar,90,16,35,47,188,0,3,25,0,28,90,19,60,47,216,72,4,76,292
10/13/2021,AFW,TX,ASW,CE,Towers with Radar,88,17,18,5,128,0,0,20,0,20,88,17,38,5,148,2,0,2,150
10/14/2021,AFW,TX,ASW,CE,Towers with Radar,88,17,47,34,186,0,14,46,0,60,88,31,93,34,246,46,2,48,294
10/15/2021,AFW,TX,ASW,CE,Towers with Radar,65,18,67,50,200,0,2,45,0,47,65,20,112,50,247,40,10,50,297
10/16/2021,AFW,TX,ASW,CE,Towers with Radar,41,5,53,12,111,0,2,162,0,164,41,7,215,12,275,88,0,88,363
10/17/2021,AFW,TX,ASW,CE,Towers with Radar,41,13,81,3,138,0,0,45,2,47,41,13,126,5,185,7,0,7,192
10/18/2021,AFW,TX,ASW,CE,Towers with Radar,47,35,47,33,162,0,25,135,0,160,47,60,182,33,322,116,0,116,438
10/19/2021,AFW,TX,ASW,CE,Towers with Radar,89,26,32,26,173,0,23,101,3,127,89,49,133,29,300,104,0,104,404
10/20/2021,AFW,TX,ASW,CE,Towers with Radar,90,15,34,34,173,0,2,87,3,92,90,17,121,37,265,148,14,162,427
10/21/2021,AFW,TX,ASW,CE,Towers with Radar,87,19,17,3,126,0,1,51,2,54,87,20,68,5,180,16,2,18,198
10/22/2021,AFW,TX,ASW,CE,Towers with Radar,59,10,15,3,87,0,0,36,29,65,59,10,51,32,152,46,0,46,198
10/23/2021,AFW,TX,ASW,CE,Towers with Radar,38,1,11,1,51,0,1,7,20,28,38,2,18,21,79,18,0,18,97
10/24/2021,AFW,TX,ASW,CE,Towers with Radar,34,5,4,6,49,0,0,10,21,31,34,5,14,27,80,16,0,16,96
10/25/2021,AFW,TX,ASW,CE,Towers with Radar,42,15,19,16,92,0,9,103,0,112,42,24,122,16,204,114,0,114,318
10/26/2021,AFW,TX,ASW,CE,Towers with Radar,87,35,52,15,189,0,5,36,2,43,87,40,88,17,232,50,8,58,290
10/27/2021,AFW,TX,ASW,CE,Towers with Radar,87,25,39,7,158,0,0,28,1,29,87,25,67,8,187,8,0,8,195
10/28/2021,AFW,TX,ASW,CE,Towers with Radar,93,21,28,1,143,0,2,7,0,9,93,23,35,1,152,0,0,0,152
10/29/2021,AFW,TX,ASW,CE,Towers with Radar,65,29,38,3,135,0,1,19,0,20,65,30,57,3,155,0,2,2,157
10/30/2021,AFW,TX,ASW,CE,Towers with Radar,8,5,20,3,36,0,0,153,2,155,8,5,173,5,191,158,8,166,357
10/31/2021,AFW,TX,ASW,CE,Towers with Radar,39,6,16,1,62,0,0,24,0,24,39,6,40,1,86,0,0,0,86
11/01/2021,AFW,TX,ASW,CE,Towers with Radar,42,30,41,4,117,0,20,122,5,147,42,50,163,9,264,172,2,174,438
11/02/2021,AFW,TX,ASW,CE,Towers with Radar,87,35,46,20,188,0,7,19,0,26,87,42,65,20,214,22,0,22,236
11/03/2021,AFW,TX,ASW,CE,Towers with Radar,93,15,25,1,134,0,0,0,0,0,93,15,25,1,134,0,0,0,134
11/04/2021,AFW,TX,ASW,CE,Towers with Radar,94,46,47,48,235,0,21,77,6,104,94,67,124,54,339,124,2,126,465
11/05/2021,AFW,TX,ASW,CE,Towers with Radar,65,41,42,29,177,0,27,144,9,180,65,68,186,38,357,144,20,164,521
11/06/2021,AFW,TX,ASW,CE,Towers with Radar,48,21,18,27,114,1,0,133,6,140,49,21,151,33,254,116,18,134,388
11/07/2021,AFW,TX,ASW,CE,Towers with Radar,37,15,13,16,81,0,8,36,2,46,37,23,49,18,127,38,0,38,165
11/08/2021,AFW,TX,ASW,CE,Towers with Radar,56,22,33,11,122,0,12,94,2,108,56,34,127,13,230,128,2,130,360
11/09/2021,AFW,TX,ASW,CE,Towers with Radar,96,29,34,37,196,0,19,116,3,138,96,48,150,40,334,128,8,136,470
11/10/2021,AFW,TX,ASW,CE,Towers with Radar,94,39,53,43,229,0,5,24,0,29,94,44,77,43,258,60,0,60,318
11/11/2021,AFW,TX,ASW,CE,Towers with Radar,94,20,26,0,140,0,2,127,4,133,94,22,153,4,273,176,0,176,449
11/12/2021,AFW,TX,ASW,CE,Towers with Radar,70,26,27,36,159,0,8,106,3,117,70,34,133,39,276,128,12,140,416
11/13/2021,AFW,TX,ASW,CE,Towers with Radar,43,7,16,20,86,0,0,121,6,127,43,7,137,26,213,162,26,188,401
11/14/2021,AFW,TX,ASW,CE,Towers with Radar,38,17,16,4,75,0,0,42,2,44,38,17,58,6,119,50,6,56,175
11/15/2021,AFW,TX,ASW,CE,Towers with Radar,44,19,64,19,146,0,18,91,4,113,44,37,155,23,259,128,0,128,387
11/16/2021,AFW,TX,ASW,CE,Towers with Radar,90,34,36,28,188,0,26,92,4,122,90,60,128,32,310,76,6,82,392
11/17/2021,AFW,TX,ASW,CE,Towers with Radar,88,20,41,39,188,0,13,63,0,76,88,33,104,39,264,28,18,46,310
11/18/2021,AFW,TX,ASW,CE,Towers with Radar,94,39,48,43,224,0,35,74,2,111,94,74,122,45,335,72,6,78,413
11/19/2021,AFW,TX,ASW,CE,Towers with Radar,61,36,35,47,179,0,31,133,6,170,61,67,168,53,349,114,20,134,483
11/20/2021,AFW,TX,ASW,CE,Towers with Radar,45,9,12,10,76,0,0,82,2,84,45,9,94,12,160,120,2,122,282
11/21/2021,AFW,TX,ASW,CE,Towers with Radar,41,9,14,17,81,0,0,17,0,17,41,9,31,17,98,36,0,36,134
11/22/2021,AFW,TX,ASW,CE,Towers with Radar,45,18,38,51,152,0,18,112,1,131,45,36,150,52,283,160,8,168,451
11/23/2021,AFW,TX,ASW,CE,Towers with Radar,92,31,26,39,188,0,19,93,1,113,92,50,119,40,301,116,2,118,419
11/24/2021,AFW,TX,ASW,CE,Towers with Radar,86,23,29,24,162,0,2,36,0,38,86,25,65,24,200,26,0,26,226
11/25/2021,AFW,TX,ASW,CE,Towers with Radar,13,6,2,0,21,0,0,6,0,6,13,6,8,0,27,6,0,6,33
11/26/2021,AFW,TX,ASW,CE,Towers with Radar,32,10,17,0,59,0,0,48,0,48,32,10,65,0,107,24,0,24,131
11/27/2021,AFW,TX,ASW,CE,Towers with Radar,46,19,17,0,82,0,0,10,0,10,46,19,27,0,92,78,0,78,170
11/28/2021,AFW,TX,ASW,CE,Towers with Radar,38,19,19,1,77,0,3,42,0,45,38,22,61,1,122,80,0,80,202
11/29/2021,AFW,TX,ASW,CE,Towers with Radar,47,24,33,58,162,0,12,99,3,114,47,36,132,61,276,108,18,126,402
11/30/2021,AFW,TX,ASW,CE,Towers with Radar,99,29,40,50,218,0,31,115,12,158,99,60,155,62,376,120,24,144,520
12/01/2021,AFW,TX,ASW,CE,Towers with Radar,104,30,46,52,232,0,32,94,5,131,104,62,140,57,363,108,15,123,486
12/02/2021,AFW,TX,ASW,CE,Towers with Radar,101,31,42,62,236,0,33,107,6,146,101,64,149,68,382,166,17,183,565
12/03/2021,AFW,TX,ASW,CE,Towers with Radar,74,29,33,25,161,0,18,52,7,77,74,47,85,32,238,50,22,72,310
12/04/2021,AFW,TX,ASW,CE,Towers with Radar,81,14,19,41,155,0,0,49,7,56,81,14,68,48,211,116,10,126,337
12/05/2021,AFW,TX,ASW,CE,Towers with Radar,40,8,13,21,82,0,0,23,0,23,40,8,36,21,105,50,0,50,155
12/06/2021,AFW,TX,ASW,CE,Towers with Radar,46,20,42,31,139,0,18,35,7,60,46,38,77,38,199,50,24,74,273
12/07/2021,AFW,TX,ASW,CE,Towers with Radar,101,27,34,43,205,0,30,114,5,149,101,57,148,48,354,140,8,148,502
12/08/2021,AFW,TX,ASW,CE,Towers with Radar,104,22,49,9,184,0,4,45,3,52,104,26,94,12,236,62,4,66,302
12/09/2021,AFW,TX,ASW,CE,Towers with Radar,112,27,49,46,234,0,36,135,9,180,112,63,184,55,414,86,2,88,502
12/10/2021,AFW,TX,ASW,CE,Towers with Radar,79,33,45,54,211,0,13,45,1,59,79,46,90,55,270,56,4,60,330
12/11/2021,AFW,TX,ASW,CE,Towers with Radar,89,19,24,19,151,0,2,72,2,76,89,21,96,21,227,130,22,152,379
12/12/2021,AFW,TX,ASW,CE,Towers with Radar,40,13,16,7,76,0,0,39,6,45,40,13,55,13,121,30,6,36,157
12/13/2021,AFW,TX,ASW,CE,Towers with Radar,47,15,36,20,118,0,23,107,6,136,47,38,143,26,254,54,2,56,310
12/14/2021,AFW,TX,ASW,CE,Towers with Radar,107,21,40,24,192,0,29,62,5,96,107,50,102,29,288,88,2,90,378
12/15/2021,AFW,TX,ASW,CE,Towers with Radar,94,21,42,5,162,0,6,22,6,34,94,27,64,11,196,6,0,6,202
12/16/2021,AFW,TX,ASW,CE,Towers with Radar,98,47,55,36,236,0,19,50,3,72,98,66,105,39,308,30,4,34,342
12/17/2021,AFW,TX,ASW,CE,Towers with Radar,79,35,34,40,188,0,16,17,1,34,79,51,51,41,222,2,0,2,224
12/18/2021,AFW,TX,ASW,CE,Towers with Radar,89,19,12,10,130,0,0,28,1,29,89,19,40,11,159,50,0,50,209
12/19/2021,AFW,TX,ASW,CE,Towers with Radar,43,8,13,12,76,0,0,36,0,36,43,8,49,12,112,32,0,32,144
12/20/2021,AFW,TX,ASW,CE,Towers with Radar,51,23,26,16,116,0,15,50,3,68,51,38,76,19,184,58,8,66,250
12/21/2021,AFW,TX,ASW,CE,Towers with Radar,98,31,31,17,177,0,9,57,4,70,98,40,88,21,247,74,2,76,323
12/22/2021,AFW,TX,ASW,CE,Towers with Radar,104,30,30,4,168,1,4,45,0,50,105,34,75,4,218,40,0,40,258
12/23/2021,AFW,TX,ASW,CE,Towers with Radar,99,22,17,1,139,0,0,36,0,36,99,22,53,1,175,36,0,36,211
12/24/2021,AFW,TX,ASW,CE,Towers with Radar,34,14,7,2,57,0,0,8,1,9,34,14,15,3,66,52,0,52,118
12/25/2021,AFW,TX,ASW,CE,Towers with Radar,3,3,3,0,9,0,0,5,0,5,3,3,8,0,14,4,0,4,18
12/26/2021,AFW,TX,ASW,CE,Towers with Radar,7,5,11,0,23,0,0,5,0,5,7,5,16,0,28,6,0,6,34
12/27/2021,AFW,TX,ASW,CE,Towers with Radar,48,18,14,3,83,0,4,49,0,53,48,22,63,3,136,82,0,82,218
12/28/2021,AFW,TX,ASW,CE,Towers with Radar,98,15,26,16,155,0,7,43,3,53,98,22,69,19,208,44,0,44,252
12/29/2021,AFW,TX,ASW,CE,Towers with Radar,98,19,22,2,141,0,6,50,0,56,98,25,72,2,197,64,0,64,261
12/30/2021,AFW,TX,ASW,CE,Towers with Radar,101,17,18,0,136,0,1,70,0,71,101,18,88,0,207,158,0,158,365
12/31/2021,AFW,TX,ASW,CE,Towers with Radar,39,9,15,0,63,0,0,23,0,23,39,9,38,0,86,32,0,32,118
01/01/2022,AFW,TX,ASW,CE,Towers with Radar,6,8,4,0,18,0,0,0,0,0,6,8,4,0,18,0,0,0,18
01/02/2022,AFW,TX,ASW,CE,Towers with Radar,40,9,12,0,61,0,0,10,0,10,40,9,22,0,71,16,0,16,87
01/03/2022,AFW,TX,ASW,CE,Towers with Radar,44,11,20,0,75,0,13,43,0,56,44,24,63,0,131,46,0,46,177
01/04/2022,AFW,TX,ASW,CE,Towers with Radar,85,14,22,8,129,0,4,66,0,70,85,18,88,8,199,102,0,102,301
01/05/2022,AFW,TX,ASW,CE,Towers with Radar,88,18,24,17,147,0,8,69,0,77,88,26,93,17,224,88,0,88,312
01/06/2022,AFW,TX,ASW,CE,Towers with Radar,89,19,26,56,190,0,9,92,0,101,89,28,118,56,291,88,0,88,379
01/07/2022,AFW,TX,ASW,CE,Towers with Radar,64,24,28,32,148,0,11,63,1,75,64,35,91,33,223,50,2,52,275
01/08/2022,AFW,TX,ASW,CE,Towers with Radar,43,6,14,14,77,0,0,0,0,0,43,6,14,14,77,0,0,0,77
01/09/2022,AFW,TX,ASW,CE,Towers with Radar,42,7,23,3,75,0,1,9,0,10,42,8,32,3,85,18,0,18,103
01/10/2022,AFW,TX,ASW,CE,Towers with Radar,49,13,33,23,118,0,8,69,3,80,49,21,102,26,198,45,4,49,247
01/11/2022,AFW,TX,ASW,CE,Towers with Radar,95,25,27,42,189,0,18,78,0,96,95,43,105,42,285,68,4,72,357
01/12/2022,AFW,TX,ASW,CE,Towers with Radar,86,16,47,28,177,3,18,109,1,131,89,34,156,29,308,141,0,141,449
01/13/2022,AFW,TX,ASW,CE,Towers with Radar,89,28,27,34,178,0,16,108,2,126,89,44,135,36,304,122,0,122,426
01/14/2022,AFW,TX,ASW,CE,Towers with Radar,67,23,29,59,178,0,6,103,5,114,67,29,132,64,292,102,32,134,426
01/15/2022,AFW,TX,ASW,CE,Towers with Radar,39,4,8,2,53,0,0,3,0,3,39,4,11,2,56,0,0,0,56
01/16/2022,AFW,TX,ASW,CE,Towers with Radar,28,6,14,5,53,0,0,56,3,59,28,6,70,8,112,82,4,86,198
01/17/2022,AFW,TX,ASW,CE,Towers with Radar,42,16,27,2,87,0,3,56,3,62,42,19,83,5,149,120,0,120,269
01/18/2022,AFW,TX,ASW,CE,Towers with Radar,84,28,30,32,174,0,0,74,5,79,84,28,104,37,253,96,10,106,359
01/19/2022,AFW,TX,ASW,CE,Towers with Radar,86,34,29,87,236,0,12,78,12,102,86,46,107,99,338,68,36,104,442
01/20/2022,AFW,TX,ASW,CE,Towers with Radar,88,23,28,48,187,0,18,61,10,89,88,41,89,58,276,110,14,124,400
01/21/2022,AFW,TX,ASW,CE,Towers with Radar,64,20,30,52,166,0,5,124,4,133,64,25,154,56,299,100,24,124,423
01/22/2022,AFW,TX,ASW,CE,Towers with Radar,32,5,22,43,102,0,0,131,5,136,32,5,153,48,238,146,18,164,402
01/23/2022,AFW,TX,ASW,CE,Towers with Radar,30,12,12,18,72,0,0,50,1,51,30,12,62,19,123,36,6,42,165
01/24/2022,AFW,TX,ASW,CE,Towers with Radar,38,22,31,23,114,0,11,102,2,115,38,33,133,25,229,94,0,94,323
01/25/2022,AFW,TX,ASW,CE,Towers with Radar,88,30,34,38,190,0,20,89,1,110,88,50,123,39,300,40,0,40,340
01/26/2022,AFW,TX,ASW,CE,Towers with Radar,82,31,34,31,178,0,22,109,1,132,82,53,143,32,310,150,0,150,460
01/27/2022,AFW,TX,ASW,CE,Towers with Radar,91,25,41,66,223,0,18,65,0,83,91,43,106,66,306,106,8,114,420
01/28/2022,AFW,TX,ASW,CE,Towers with Radar,55,19,34,45,153,0,7,80,7,94,55,26,114,52,247,60,10,70,317
01/29/2022,AFW,TX,ASW,CE,Towers with Radar,38,2,17,20,77,0,0,88,0,88,38,2,105,20,165,97,0,97,262
01/30/2022,AFW,TX,ASW,CE,Towers with Radar,31,7,12,19,69,0,0,66,4,70,31,7,78,23,139,76,0,76,215
01/31/2022,AFW,TX,ASW,CE,Towers with Radar,39,24,36,43,142,0,15,121,0,136,39,39,157,43,278,102,0,102,380
02/01/2022,AFW,TX,ASW,CE,Towers with Radar,92,41,37,54,224,0,14,69,2,85,92,55,106,56,309,144,14,158,467
02/02/2022,AFW,TX,ASW,CE,Towers with Radar,71,18,23,0,112,0,0,8,0,8,71,18,31,0,120,4,0,4,124
02/03/2022,AFW,TX,ASW,CE,Towers with Radar,0,0,3,0,3,0,0,0,0,0,0,0,3,0,3,0,0,0,3
02/04/2022,AFW,TX,ASW,CE,Towers with Radar,26,1,10,0,37,0,0,10,0,10,26,1,20,0,47,0,0,0,47
02/05/2022,AFW,TX,ASW,CE,Towers with Radar,35,3,14,9,61,0,0,21,7,28,35,3,35,16,89,48,18,66,155
02/06/2022,AFW,TX,ASW,CE,Towers with Radar,28,12,10,4,54,0,4,42,0,46,28,16,52,4,100,20,0,20,120
02/07/2022,AFW,TX,ASW,CE,Towers with Radar,42,29,17,5,93,0,36,135,0,171,42,65,152,5,264,48,0,48,312
02/08/2022,AFW,TX,ASW,CE,Towers with Radar,91,42,40,29,202,0,20,115,0,135,91,62,155,29,337,124,0,124,461
02/09/2022,AFW,TX,ASW,CE,Towers with Radar,95,42,41,9,187,0,19,158,0,177,95,61,199,9,364,162,0,162,526
02/10/2022,AFW,TX,ASW,CE,Towers with Radar,87,31,53,29,200,0,20,150,2,172,87,51,203,31,372,206,14,220,592
02/11/2022,AFW,TX,ASW,CE,Towers with Radar,55,29,23,19,126,0,21,82,4,107,55,50,105,23,233,110,12,122,355
02/12/2022,AFW,TX,ASW,CE,Towers with Radar,38,12,9,29,88,0,0,32,6,38,38,12,41,35,126,54,14,68,194
02/13/2022,AFW,TX,ASW,CE,Towers with Radar,35,13,15,32,95,0,0,27,14,41,35,13,42,46,136,40,0,40,176
02/14/2022,AFW,TX,ASW,CE,Towers with Radar,43,23,25,1,92,0,11,153,0,164,43,34,178,1,256,120,0,120,376
02/15/2022,AFW,TX,ASW,CE,Towers with Radar,87,31,17,21,156,0,18,109,1,128,87,49,126,22,284,54,4,58,342
02/16/2022,AFW,TX,ASW,CE,Towers with Radar,89,34,28,14,165,0,18,27,0,45,89,52,55,14,210,18,6,24,234
02/17/2022,AFW,TX,ASW,CE,Towers with Radar,82,34,30,3,149,0,5,8,0,13,82,39,38,3,162,14,0,14,176
02/18/2022,AFW,TX,ASW,CE,Towers with Radar,58,35,26,33,152,0,34,130,12,176,58,69,156,45,328,200,30,230,558
02/19/2022,AFW,TX,ASW,CE,Towers with Radar,39,14,18,1,72,0,4,120,6,130,39,18,138,7,202,102,40,142,344
02/20/2022,AFW,TX,ASW,CE,Towers with Radar,30,23,16,27,96,0,2,39,4,45,30,25,55,31,141,62,24,86,227
02/21/2022,AFW,TX,ASW,CE,Towers with Radar,23,12,12,11,58,0,0,27,3,30,23,12,39,14,88,34,2,36,124
02/22/2022,AFW,TX,ASW,CE,Towers with Radar,69,33,18,20,140,0,5,110,6,121,69,38,128,26,261,112,2,114,375
02/23/2022,AFW,TX,ASW,CE,Towers with Radar,64,13,3,0,80,0,2,0,0,2,64,15,3,0,82,0,0,0,82
02/24/2022,AFW,TX,ASW,CE,Towers with Radar,29,1,8,0,38,0,0,1,0,1,29,1,9,0,39,0,0,0,39
02/25/2022,AFW,TX,ASW,CE,Towers with Radar,34,28,12,22,96,0,32,90,1,123,34,60,102,23,219,94,4,98,317
02/26/2022,AFW,TX,ASW,CE,Towers with Radar,37,11,2,5,55,0,0,1,0,1,37,11,3,5,56,24,0,24,80
02/27/2022,AFW,TX,ASW,CE,Towers with Radar,34,12,10,7,63,0,1,44,5,50,34,13,54,12,113,36,4,40,153
02/28/2022,AFW,TX,ASW,CE,Towers with Radar,42,35,45,35,157,0,21,159,2,182,42,56,204,37,339,50,4,54,393
03/01/2022,AFW,TX,ASW,CE,Towers with Radar,94,29,57,39,219,0,26,160,1,187,94,55,217,40,406,70,0,70,476
03/02/2022,AFW,TX,ASW,CE,Towers with Radar,91,27,38,29,185,0,21,108,2,131,91,48,146,31,316,86,6,92,408
03/03/2022,AFW,TX,ASW,CE,Towers with Radar,92,33,41,36,202,0,38,115,2,155,92,71,156,38,357,26,8,34,391
03/04/2022,AFW,TX,ASW,CE,Towers with Radar,56,34,56,47,193,0,10,27,0,37,56,44,83,47,230,2,6,8,238
03/05/2022,AFW,TX,ASW,CE,Towers with Radar,36,15,18,58,127,0,1,12,2,15,36,16,30,60,142,10,14,24,166
03/06/2022,AFW,TX,ASW,CE,Towers with Radar,37,15,23,5,80,0,0,6,1,7,37,15,29,6,87,14,8,22,109
03/07/2022,AFW,TX,ASW,CE,Towers with Radar,38,23,38,28,127,0,22,90,1,113,38,45,128,29,240,60,0,60,300
03/08/2022,AFW,TX,ASW,CE,Towers with Radar,88,43,45,9,185,0,9,15,0,24,88,52,60,9,209,16,0,16,225
03/09/2022,AFW,TX,ASW,CE,Towers with Radar,88,34,35,51,208,0,44,147,2,193,88,78,182,53,401,46,10,56,457
03/10/2022,AFW,TX,ASW,CE,Towers with Radar,84,42,52,32,210,0,38,148,6,192,84,80,200,38,402,68,2,70,472
03/11/2022,AFW,TX,ASW,CE,Towers with Radar,51,24,19,12,106,0,0,0,1,1,51,24,19,13,107,0,16,16,123
03/12/2022,AFW,TX,ASW,CE,Towers with Radar,30,17,17,3,67,0,0,118,1,119,30,17,135,4,186,82,0,82,268
03/13/2022,AFW,TX,ASW,CE,Towers with Radar,34,13,26,21,94,0,1,28,2,31,34,14,54,23,125,6,0,6,131
03/14/2022,AFW,TX,ASW,CE,Towers with Radar,39,27,23,39,128,0,3,34,0,37,39,30,57,39,165,0,4,4,169
03/15/2022,AFW,TX,ASW,CE,Towers with Radar,83,40,27,43,193,0,13,86,2,101,83,53,113,45,294,48,6,54,348
03/16/2022,AFW,TX,ASW,CE,Towers with Radar,82,32,21,108,243,0,14,118,4,136,82,46,139,112,379,46,24,70,449
03/17/2022,AFW,TX,ASW,CE,Towers with Radar,81,26,33,49,189,0,20,37,5,62,81,46,70,54,251,6,0,6,257
03/18/2022,AFW,TX,ASW,CE,Towers with Radar,49,29,25,75,178,0,0,13,4,17,49,29,38,79,195,0,20,20,215
03/19/2022,AFW,TX,ASW,CE,Towers with Radar,32,37,26,26,121,0,2,82,1,85,32,39,108,27,206,84,16,100,306
03/20/2022,AFW,TX,ASW,CE,Towers with Radar,32,35,37,23,127,0,0,23,1,24,32,35,60,24,151,0,6,6,157
03/21/2022,AFW,TX,ASW,CE,Towers with Radar,33,15,20,5,73,0,0,0,0,0,33,15,20,5,73,0,0,0,73
03/22/2022,AFW,TX,ASW,CE,Towers with Radar,81,28,47,61,217,0,0,25,1,26,81,28,72,62,243,32,0,32,275
03/23/2022,AFW,TX,ASW,CE,Towers with Radar,86,33,51,39,209,0,20,82,0,102,86,53,133,39,311,44,0,44,355
03/24/2022,AFW,TX,ASW,CE,Towers with Radar,79,39,46,39,203,0,30,78,0,108,79,69,124,39,311,46,10,56,367
03/25/2022,AFW,TX,ASW,CE,Towers with Radar,51,27,40,30,148,0,18,123,8,149,51,45,163,38,297,78,28,106,403
03/26/2022,AFW,TX,ASW,CE,Towers with Radar,30,17,16,36,99,0,3,82,5,90,30,20,98,41,189,68,10,78,267
03/27/2022,AFW,TX,ASW,CE,Towers with Radar,31,14,19,14,78,0,4,25,2,31,31,18,44,16,109,18,0,18,127
03/28/2022,AFW,TX,ASW,CE,Towers with Radar,36,26,13,26,101,0,9,90,5,104,36,35,103,31,205,54,2,56,261
03/29/2022,AFW,TX,ASW,CE,Towers with Radar,77,37,26,6,146,0,14,23,0,37,77,51,49,6,183,0,0,0,183
03/30/2022,AFW,TX,ASW,CE,Towers with Radar,84,26,31,19,160,0,2,21,0,23,84,28,52,19,183,32,4,36,219
03/31/2022,AFW,TX,ASW,CE,Towers with Radar,90,32,56,15,193,0,18,80,8,106,90,50,136,23,299,150,0,150,449
04/01/2022,AFW,TX,ASW,CE,Towers with Radar,51,39,33,35,158,0,22,90,8,120,51,61,123,43,278,60,18,78,356
04/02/2022,AFW,TX,ASW,CE,Towers with Radar,36,15,10,35,96,0,0,72,9,81,36,15,82,44,177,86,8,94,271
04/03/2022,AFW,TX,ASW,CE,Towers with Radar,34,8,20,39,101,0,0,18,5,23,34,8,38,44,124,0,6,6,130
04/04/2022,AFW,TX,ASW,CE,Towers with Radar,34,27,33,22,116,0,12,51,0,63,34,39,84,22,179,56,0,56,235
04/05/2022,AFW,TX,ASW,CE,Towers with Radar,96,32,24,33,185,0,20,89,1,110,96,52,113,34,295,66,8,74,369
04/06/2022,AFW,TX,ASW,CE,Towers with Radar,87,35,33,13,168,0,20,79,0,99,87,55,112,13,267,92,4,96,363
04/07/2022,AFW,TX,ASW,CE,Towers with Radar,81,25,38,21,165,0,23,43,0,66,81,48,81,21,231,32,10,42,273
04/08/2022,AFW,TX,ASW,CE,Towers with Radar,64,34,38,11,147,0,19,45,2,66,64,53,83,13,213,58,12,70,283
04/09/2022,AFW,TX,ASW,CE,Towers with Radar,32,14,20,5,71,0,0,72,3,75,32,14,92,8,146,158,4,162,308
04/10/2022,AFW,TX,ASW,CE,Towers with Radar,33,9,15,4,61,0,2,7,0,9,33,11,22,4,70,14,0,14,84
04/11/2022,AFW,TX,ASW,CE,Towers with Radar,35,31,39,33,138,0,11,38,0,49,35,42,77,33,187,0,2,2,189
04/12/2022,AFW,TX,ASW,CE,Towers with Radar,78,24,33,18,153,0,5,32,2,39,78,29,65,20,192,38,4,42,234
04/13/2022,AFW,TX,ASW,CE,Towers with Radar,84,23,36,61,204,0,4,62,2,68,84,27,98,63,272,28,4,32,304
04/14/2022,AFW,TX,ASW,CE,Towers with Radar,83,30,41,26,180,0,44,154,1,199,83,74,195,27,379,102,0,102,481
04/15/2022,AFW,TX,ASW,CE,Towers with Radar,52,32,54,24,162,0,21,44,5,70,52,53,98,29,232,54,4,58,290
04/16/2022,AFW,TX,ASW,CE,Towers with Radar,32,11,21,4,68,0,0,32,0,32,32,11,53,4,100,56,0,56,156
04/17/2022,AFW,TX,ASW,CE,Towers with Radar,29,15,21,1,66,0,0,17,1,18,29,15,38,2,84,40,0,40,124
04/18/2022,AFW,TX,ASW,CE,Towers with Radar,39,34,39,75,187,0,10,63,1,74,39,44,102,76,261,24,6,30,291
04/19/2022,AFW,TX,ASW,CE,Towers with Radar,83,35,52,41,211,0,14,88,8,110,83,49,140,49,321,76,4,80,401
04/20/2022,AFW,TX,ASW,CE,Towers with Radar,82,25,34,68,209,0,3,17,4,24,82,28,51,72,233,10,2,12,245
04/21/2022,AFW,TX,ASW,CE,Towers with Radar,85,44,54,35,218,0,10,51,5,66,85,54,105,40,284,78,0,78,362
04/22/2022,AFW,TX,ASW,CE,Towers with Radar,49,42,50,75,216,0,11,34,5,50,49,53,84,80,266,64,6,70,336
04/23/2022,AFW,TX,ASW,CE,Towers with Radar,19,11,12,24,66,0,0,19,5,24,19,11,31,29,90,40,12,52,142
04/24/2022,AFW,TX,ASW,CE,Towers with Radar,17,8,10,1,36,0,0,3,0,3,17,8,13,1,39,6,0,6,45
04/25/2022,AFW,TX,ASW,CE,Towers with Radar,37,24,35,24,120,0,16,50,2,68,37,40,85,26,188,98,0,98,286
04/26/2022,AFW,TX,ASW,CE,Towers with Radar,85,35,56,24,200,0,23,171,9,203,85,58,227,33,403,238,6,244,647
04/27/2022,AFW,TX,ASW,CE,Towers with Radar,84,35,50,30,199,0,20,126,0,146,84,55,176,30,345,212,0,212,557
04/28/2022,AFW,TX,ASW,CE,Towers with Radar,83,46,51,27,207,0,18,50,0,68,83,64,101,27,275,148,6,154,429
04/29/2022,AFW,TX,ASW,CE,Towers with Radar,58,32,69,12,171,0,7,37,7,51,58,39,106,19,222,60,0,60,282
04/30/2022,AFW,TX,ASW,CE,Towers with Radar,34,15,17,0,66,0,0,91,0,91,34,15,108,0,157,138,0,138,295
05/01/2022,AFW,TX,ASW,CE,Towers with Radar,29,12,13,1,55,0,0,36,0,36,29,12,49,1,91,40,0,40,131
05/02/2022,AFW,TX,ASW,CE,Towers with Radar,39,20,24,25,108,0,9,38,3,50,39,29,62,28,158,58,2,60,218
05/03/2022,AFW,TX,ASW,CE,Towers with Radar,85,29,28,16,158,0,2,23,0,25,85,31,51,16,183,58,0,58,241
05/04/2022,AFW,TX,ASW,CE,Towers with Radar,84,25,40,17,166,0,5,15,0,20,84,30,55,17,186,30,0,30,216
05/05/2022,AFW,TX,ASW,CE,Towers with Radar,90,28,43,8,169,0,11,38,6,55,90,39,81,14,224,50,0,50,274
05/06/2022,AFW,TX,ASW,CE,Towers with Radar,58,27,33,14,132,0,30,91,12,133,58,57,124,26,265,152,18,170,435
05/07/2022,AFW,TX,ASW,CE,Towers with Radar,35,18,13,0,66,0,0,33,0,33,35,18,46,0,99,140,0,140,239
05/08/2022,AFW,TX,ASW,CE,Towers with Radar,30,13,8,40,91,0,1,17,2,20,30,14,25,42,111,14,2,16,127
05/09/2022,AFW,TX,ASW,CE,Towers with Radar,35,27,26,27,115,0,9,44,8,61,35,36,70,35,176,14,16,30,206
05/10/2022,AFW,TX,ASW,CE,Towers with Radar,83,37,40,18,178,0,8,110,3,121,83,45,150,21,299,130,10,140,439
05/11/2022,AFW,TX,ASW,CE,Towers with Radar,80,32,63,20,195,0,23,128,2,153,80,55,191,22,348,154,0,154,502
05/12/2022,AFW,TX,ASW,CE,Towers with Radar,82,36,37,53,208,0,27,93,11,131,82,63,130,64,339,214,28,242,581
05/13/2022,AFW,TX,ASW,CE,Towers with Radar,51,25,30,24,130,0,25,96,9,130,51,50,126,33,260,166,28,194,454
05/14/2022,AFW,TX,ASW,CE,Towers with Radar,28,15,8,45,96,0,0,90,11,101,28,15,98,56,197,272,6,278,475
05/15/2022,AFW,TX,ASW,CE,Towers with Radar,31,18,21,49,119,0,0,41,11,52,31,18,62,60,171,43,16,59,230
05/16/2022,AFW,TX,ASW,CE,Towers with Radar,41,22,44,19,126,0,10,91,4,105,41,32,135,23,231,138,0,138,369
05/17/2022,AFW,TX,ASW,CE,Towers with Radar,80,33,44,8,165,0,20,115,3,138,80,53,159,11,303,66,4,70,373
05/18/2022,AFW,TX,ASW,CE,Towers with Radar,82,32,44,15,173,0,14,79,1,94,82,46,123,16,267,162,6,168,435
05/19/2022,AFW,TX,ASW,CE,Towers with Radar,81,36,47,19,183,0,22,77,11,110,81,58,124,30,293,32,6,38,331
05/20/2022,AFW,TX,ASW,CE,Towers with Radar,55,41,57,20,173,0,13,42,8,63,55,54,99,28,236,6,2,8,244
05/21/2022,AFW,TX,ASW,CE,Towers with Radar,29,35,40,10,114,0,2,29,5,36,29,37,69,15,150,52,6,58,208
05/22/2022,AFW,TX,ASW,CE,Towers with Radar,38,25,41,10,114,0,2,14,0,16,38,27,55,10,130,12,0,12,142
05/23/2022,AFW,TX,ASW,CE,Towers with Radar,33,21,43,16,113,0,3,14,0,17,33,24,57,16,130,14,0,14,144
05/24/2022,AFW,TX,ASW,CE,Towers with Radar,84,17,22,0,123,0,0,2,0,2,84,17,24,0,125,8,0,8,133
05/25/2022,AFW,TX,ASW,CE,Towers with Radar,84,33,52,74,243,0,1,30,7,38,84,34,82,81,281,116,4,120,401
05/26/2022,AFW,TX,ASW,CE,Towers with Radar,83,22,51,34,190,0,19,106,11,136,83,41,157,45,326,210,4,214,540
05/27/2022,AFW,TX,ASW,CE,Towers with Radar,49,27,42,10,128,0,22,98,10,130,49,49,140,20,258,140,14,154,412
05/28/2022,AFW,TX,ASW,CE,Towers with Radar,32,11,7,2,52,0,0,45,4,49,32,11,52,6,101,78,6,84,185
05/29/2022,AFW,TX,ASW,CE,Towers with Radar,29,6,8,0,43,0,0,21,0,21,29,6,29,0,64,0,0,0,64
05/30/2022,AFW,TX,ASW,CE,Towers with Radar,35,13,11,1,60,0,1,18,1,20,35,14,29,2,80,16,0,16,96
05/31/2022,AFW,TX,ASW,CE,Towers with Radar,32,9,31,17,89,0,0,63,6,69,32,9,94,23,158,188,0,188,346
06/01/2022,AFW,TX,ASW,CE,Towers with Radar,89,38,38,17,182,0,16,63,0,79,89,54,101,17,261,162,4,166,427
06/02/2022,AFW,TX,ASW,CE,Towers with Radar,83,29,37,85,234,0,17,95,7,119,83,46,132,92,353,114,10,124,477
06/03/2022,AFW,TX,ASW,CE,Towers with Radar,52,19,22,16,109,0,6,43,2,51,52,25,65,18,160,152,0,152,312
06/04/2022,AFW,TX,ASW,CE,Towers with Radar,34,7,11,10,62,0,0,28,1,29,34,7,39,11,91,46,0,46,137
06/05/2022,AFW,TX,ASW,CE,Towers with Radar,32,12,14,38,96,0,0,27,5,32,32,12,41,43,128,36,8,44,172
06/06/2022,AFW,TX,ASW,CE,Towers with Radar,37,23,18,24,102,0,16,118,2,136,37,39,136,26,238,132,4,136,374
06/07/2022,AFW,TX,ASW,CE,Towers with Radar,84,27,59,68,238,0,20,96,2,118,84,47,155,70,356,136,6,142,498
06/08/2022,AFW,TX,ASW,CE,Towers with Radar,84,27,36,10,157,0,13,78,3,94,84,40,114,13,251,132,4,136,387
06/09/2022,AFW,TX,ASW,CE,Towers with Radar,85,31,37,34,187,0,13,90,0,103,85,44,127,34,290,136,8,144,434
06/10/2022,AFW,TX,ASW,CE,Towers with Radar,55,22,34,52,163,0,8,90,7,105,55,30,124,59,268,128,28,156,424
06/11/2022,AFW,TX,ASW,CE,Towers with Radar,32,8,7,7,54,0,0,21,1,22,32,8,28,8,76,76,0,76,152
06/12/2022,AFW,TX,ASW,CE,Towers with Radar,32,14,18,14,78,0,0,18,3,21,32,14,36,17,99,8,2,10,109
06/13/2022,AFW,TX,ASW,CE,Towers with Radar,35,14,20,6,75,0,10,95,2,107,35,24,115,8,182,142,8,150,332
06/14/2022,AFW,TX,ASW,CE,Towers with Radar,85,38,23,16,162,0,21,56,3,80,85,59,79,19,242,24,2,26,268
06/15/2022,AFW,TX,ASW,CE,Towers with Radar,86,28,33,20,167,0,17,115,4,136,86,45,148,24,303,154,22,176,479
06/16/2022,AFW,TX,ASW,CE,Towers with Radar,83,31,36,21,171,0,19,156,3,178,83,50,192,24,349,132,8,140,489
06/17/2022,AFW,TX,ASW,CE,Towers with Radar,59,32,30,15,136,0,15,113,5,133,59,47,143,20,269,82,12,94,363
06/18/2022,AFW,TX,ASW,CE,Towers with Radar,31,9,17,2,59,0,1,22,2,25,31,10,39,4,84,60,4,64,148
06/19/2022,AFW,TX,ASW,CE,Towers with Radar,30,12,6,0,48,0,1,18,1,20,30,13,24,1,68,52,0,52,120
06/20/2022,AFW,TX,ASW,CE,Towers with Radar,35,18,21,6,80,0,2,92,3,97,35,20,113,9,177,108,0,108,285
06/21/2022,AFW,TX,ASW,CE,Towers with Radar,76,23,37,18,154,0,10,170,2,182,76,33,207,20,336,186,16,202,538
06/22/2022,AFW,TX,ASW,CE,Towers with Radar,81,29,35,6,151,0,22,147,2,171,81,51,182,8,322,236,2,238,560
06/23/2022,AFW,TX,ASW,CE,Towers with Radar,85,38,44,23,190,0,19,97,2,118,85,57,141,25,308,102,26,128,436
06/24/2022,AFW,TX,ASW,CE,Towers with Radar,45,27,29,33,134,0,17,70,5,92,45,44,99,38,226,100,18,118,344
06/25/2022,AFW,TX,ASW,CE,Towers with Radar,35,9,10,31,85,0,4,38,5,47,35,13,48,36,132,46,28,74,206
06/26/2022,AFW,TX,ASW,CE,Towers with Radar,25,13,20,14,72,0,0,23,5,28,25,13,43,19,100,30,0,30,130
06/27/2022,AFW,TX,ASW,CE,Towers with Radar,38,16,21,11,86,0,12,77,2,91,38,28,98,13,177,166,0,166,343
06/28/2022,AFW,TX,ASW,CE,Towers with Radar,82,26,57,10,175,0,10,105,1,116,82,36,162,11,291,146,0,146,437
06/29/2022,AFW,TX,ASW,CE,Towers with Radar,78,34,64,17,193,0,26,150,1,177,78,60,214,18,370,148,14,162,532
06/30/2022,AFW,TX,ASW,CE,Towers with Radar,86,25,49,13,173,0,27,136,0,163,86,52,185,13,336,230,6,236,572
07/01/2022,AFW,TX,ASW,CE,Towers with Radar,51,27,54,4,136,0,20,92,1,113,51,47,146,5,249,152,0,152,401
07/02/2022,AFW,TX,ASW,CE,Towers with Radar,34,9,18,2,63,0,0,25,0,25,34,9,43,2,88,8,0,8,96
07/03/2022,AFW,TX,ASW,CE,Towers with Radar,23,5,3,4,35,0,0,14,2,16,23,5,17,6,51,34,8,42,93
07/04/2022,AFW,TX,ASW,CE,Towers with Radar,5,2,4,3,14,0,1,13,0,14,5,3,17,3,28,30,10,40,68
07/05/2022,AFW,TX,ASW,CE,Towers with Radar,22,8,22,34,86,0,2,103,0,105,22,10,125,34,191,222,12,234,425
07/06/2022,AFW,TX,ASW,CE,Towers with Radar,81,29,43,25,178,0,13,117,2,132,81,42,160,27,310,182,6,188,498
07/07/2022,AFW,TX,ASW,CE,Towers with Radar,84,35,46,30,195,0,19,107,5,131,84,54,153,35,326,100,8,108,434
07/08/2022,AFW,TX,ASW,CE,Towers with Radar,52,31,30,24,137,0,13,95,11,119,52,44,125,35,256,170,64,234,490
07/09/2022,AFW,TX,ASW,CE,Towers with Radar,30,14,8,3,55,0,1,31,21,53,30,15,39,24,108,96,20,116,224
07/10/2022,AFW,TX,ASW,CE,Towers with Radar,29,11,13,9,62,0,1,20,22,43,29,12,33,31,105,56,26,82,187
07/11/2022,AFW,TX,ASW,CE,Towers with Radar,36,19,26,6,87,0,6,82,4,92,36,25,108,10,179,60,10,70,249
07/12/2022,AFW,TX,ASW,CE,Towers with Radar,79,33,39,63,214,0,15,86,5,106,79,48,125,68,320,172,2,174,494
07/13/2022,AFW,TX,ASW,CE,Towers with Radar,86,35,51,32,204,0,23,119,2,144,86,58,170,34,348,120,10,130,478
07/14/2022,AFW,TX,ASW,CE,Towers with Radar,82,38,40,20,180,0,19,83,2,104,82,57,123,22,284,118,0,118,402
07/15/2022,AFW,TX,ASW,CE,Towers with Radar,57,42,32,65,196,0,26,72,5,103,57,68,104,70,299,108,16,124,423
07/16/2022,AFW,TX,ASW,CE,Towers with Radar,34,11,2,41,88,0,1,41,6,48,34,12,43,47,136,103,24,127,263
07/17/2022,AFW,TX,ASW,CE,Towers with Radar,34,11,19,25,89,0,0,30,3,33,34,11,49,28,122,42,0,42,164
07/18/2022,AFW,TX,ASW,CE,Towers with Radar,37,16,29,24,106,0,5,73,2,80,37,21,102,26,186,80,2,82,268
07/19/2022,AFW,TX,ASW,CE,Towers with Radar,82,21,30,9,142,0,16,98,0,114,82,37,128,9,256,142,0,142,398
07/20/2022,AFW,TX,ASW,CE,Towers with Radar,86,25,36,23,170,0,25,93,6,124,86,50,129,29,294,112,10,122,416
07/21/2022,AFW,TX,ASW,CE,Towers with Radar,85,18,31,30,164,0,3,66,4,73,85,21,97,34,237,96,8,104,341
07/22/2022,AFW,TX,ASW,CE,Towers with Radar,56,28,30,70,184,0,26,75,4,105,56,54,105,74,289,124,6,130,419
07/23/2022,AFW,TX,ASW,CE,Towers with Radar,34,9,15,17,75,0,0,45,3,48,34,9,60,20,123,68,20,88,211
07/24/2022,AFW,TX,ASW,CE,Towers with Radar,28,15,17,25,85,0,0,24,6,30,28,15,41,31,115,26,8,34,149
07/25/2022,AFW,TX,ASW,CE,Towers with Radar,37,21,36,26,120,0,8,97,3,108,37,29,133,29,228,104,20,124,352
07/26/2022,AFW,TX,ASW,CE,Towers with Radar,80,28,44,45,197,0,10,119,3,132,80,38,163,48,329,92,2,94,423
07/27/2022,AFW,TX,ASW,CE,Towers with Radar,81,36,52,15,184,0,22,110,2,134,81,58,162,17,318,110,4,114,432
07/28/2022,AFW,TX,ASW,CE,Towers with Radar,83,37,31,20,171,0,11,92,2,105,83,48,123,22,276,94,0,94,370
07/29/2022,AFW,TX,ASW,CE,Towers with Radar,52,26,28,27,133,0,15,75,1,91,52,41,103,28,224,112,2,114,338
07/30/2022,AFW,TX,ASW,CE,Towers with Radar,37,11,13,10,71,0,2,28,1,31,37,13,41,11,102,100,4,104,206
07/31/2022,AFW,TX,ASW,CE,Towers with Radar,26,7,14,39,86,0,2,22,1,25,26,9,36,40,111,64,2,66,177
08/01/2022,AFW,TX,ASW,CE,Towers with Radar,38,18,39,11,106,0,7,100,4,111,38,25,139,15,217,142,0,142,359
08/02/2022,AFW,TX,ASW,CE,Towers with Radar,81,34,35,19,169,0,15,90,1,106,81,49,125,20,275,113,4,117,392
08/03/2022,AFW,TX,ASW,CE,Towers with Radar,83,45,43,31,202,0,20,95,4,119,83,65,138,35,321,94,10,104,425
08/04/2022,AFW,TX,ASW,CE,Towers with Radar,83,30,40,16,169,0,10,81,9,100,83,40,121,25,269,56,8,64,333
08/05/2022,AFW,TX,ASW,CE,Towers with Radar,50,27,24,26,127,0,10,73,26,109,50,37,97,52,236,60,44,104,340
08/06/2022,AFW,TX,ASW,CE,Towers with Radar,34,7,10,10,61,0,0,30,14,44,34,7,40,24,105,52,0,52,157
08/07/2022,AFW,TX,ASW,CE,Towers with Radar,23,15,9,7,54,0,0,15,8,23,23,15,24,15,77,6,12,18,95
08/08/2022,AFW,TX,ASW,CE,Towers with Radar,33,25,35,16,109,0,10,78,1,89,33,35,113,17,198,88,0,88,286
08/09/2022,AFW,TX,ASW,CE,Towers with Radar,78,30,44,20,172,0,24,53,0,77,78,54,97,20,249,88,0,88,337
08/10/2022,AFW,TX,ASW,CE,Towers with Radar,77,36,46,13,172,0,18,86,2,106,77,54,132,15,278,136,0,136,414
08/11/2022,AFW,TX,ASW,CE,Towers with Radar,86,36,53,42,217,0,13,75,3,91,86,49,128,45,308,116,2,118,426
08/12/2022,AFW,TX,ASW,CE,Towers with Radar,49,29,46,40,164,0,13,74,6,93,49,42,120,46,257,122,34,156,413
08/13/2022,AFW,TX,ASW,CE,Towers with Radar,35,11,8,33,87,0,5,29,6,40,35,16,37,39,127,62,28,90,217
08/14/2022,AFW,TX,ASW,CE,Towers with Radar,26,14,14,9,63,0,6,26,3,35,26,20,40,12,98,14,28,42,140
08/15/2022,AFW,TX,ASW,CE,Towers with Radar,36,16,27,77,156,1,19,78,7,105,37,35,105,84,261,116,32,148,409
08/16/2022,AFW,TX,ASW,CE,Towers with Radar,88,29,36,92,245,0,18,111,7,136,88,47,147,99,381,112,6,118,499
08/17/2022,AFW,TX,ASW,CE,Towers with Radar,82,28,36,45,191,0,24,70,7,101,82,52,106,52,292,20,18,38,330
08/18/2022,AFW,TX,ASW,CE,Towers with Radar,77,37,33,18,165,0,5,29,2,36,77,42,62,20,201,6,2,8,209
08/19/2022,AFW,TX,ASW,CE,Towers with Radar,53,29,38,52,172,0,1,27,9,37,53,30,65,61,209,28,34,62,271
08/20/2022,AFW,TX,ASW,CE,Towers with Radar,28,12,13,21,74,0,0,26,6,32,28,12,39,27,106,54,2,56,162
08/21/2022,AFW,TX,ASW,CE,Towers with Radar,33,18,30,4,85,0,0,5,0,5,33,18,35,4,90,28,0,28,118
08/22/2022,AFW,TX,ASW,CE,Towers with Radar,36,14,15,7,72,0,0,2,0,2,36,14,17,7,74,4,0,4,78
08/23/2022,AFW,TX,ASW,CE,Towers with Radar,90,24,24,24,162,0,2,9,0,11,90,26,33,24,173,2,0,2,175
08/24/2022,AFW,TX,ASW,CE,Towers with Radar,88,44,46,49,227,0,3,52,14,69,88,47,98,63,296,74,30,104,400
08/25/2022,AFW,TX,ASW,CE,Towers with Radar,84,34,37,41,196,0,35,117,18,170,84,69,154,59,366,114,12,126,492
08/26/2022,AFW,TX,ASW,CE,Towers with Radar,52,33,30,40,155,0,26,129,10,165,52,59,159,50,320,96,16,112,432
08/27/2022,AFW,TX,ASW,CE,Towers with Radar,34,9,14,41,98,0,0,94,3,97,34,9,108,44,195,158,18,176,371
08/28/2022,AFW,TX,ASW,CE,Towers with Radar,32,13,12,23,80,0,0,18,6,24,32,13,30,29,104,10,20,30,134
08/29/2022,AFW,TX,ASW,CE,Towers with Radar,32,26,49,13,120,0,14,117,2,133,32,40,166,15,253,96,10,106,359
08/30/2022,AFW,TX,ASW,CE,Towers with Radar,81,43,23,6,153,0,3,21,0,24,81,46,44,6,177,30,0,30,207
08/31/2022,AFW,TX,ASW,CE,Towers with Radar,83,39,57,26,205,0,9,65,0,74,83,48,122,26,279,148,0,148,427
09/01/2022,AFW,TX,ASW,CE,Towers with Radar,83,32,42,17,174,0,19,51,5,75,83,51,93,22,249,40,0,40,289
09/02/2022,AFW,TX,ASW,CE,Towers with Radar,51,32,32,1,116,0,19,73,1,93,51,51,105,2,209,80,0,80,289
09/03/2022,AFW,TX,ASW,CE,Towers with Radar,35,14,15,0,64,0,0,101,0,101,35,14,116,0,165,102,0,102,267
09/04/2022,AFW,TX,ASW,CE,Towers with Radar,28,18,11,0,57,0,4,16,0,20,28,22,27,0,77,34,0,34,111
09/05/2022,AFW,TX,ASW,CE,Towers with Radar,30,6,9,14,59,0,0,30,0,30,30,6,39,14,89,58,0,58,147
09/06/2022,AFW,TX,ASW,CE,Towers with Radar,36,14,37,14,101,0,0,138,10,148,36,14,175,24,249,152,8,160,409
09/07/2022,AFW,TX,ASW,CE,Towers with Radar,80,29,50,19,178,0,9,140,8,157,80,38,190,27,335,116,8,124,459
09/08/2022,AFW,TX,ASW,CE,Towers with Radar,76,34,47,24,181,0,13,138,2,153,76,47,185,26,334,128,0,128,462
09/09/2022,AFW,TX,ASW,CE,Towers with Radar,49,33,52,37,171,0,23,120,4,147,49,56,172,41,318,110,14,124,442
09/10/2022,AFW,TX,ASW,CE,Towers with Radar,32,14,18,22,86,0,1,109,2,112,32,15,127,24,198,138,8,146,344
09/11/2022,AFW,TX,ASW,CE,Towers with Radar,27,19,28,18,92,0,0,32,1,33,27,19,60,19,125,90,2,92,217
09/12/2022,AFW,TX,ASW,CE,Towers with Radar,36,15,36,12,99,0,14,137,0,151,36,29,173,12,250,126,0,126,376
09/13/2022,AFW,TX,ASW,CE,Towers with Radar,77,38,37,16,168,0,23,123,1,147,77,61,160,17,315,118,6,124,439
09/14/2022,AFW,TX,ASW,CE,Towers with Radar,78,38,46,31,193,0,20,166,3,189,78,58,212,34,382,110,4,114,496
09/15/2022,AFW,TX,ASW,CE,Towers with Radar,81,39,30,30,180,0,22,108,5,135,81,61,138,35,315,116,6,122,437
09/16/2022,AFW,TX,ASW,CE,Towers with Radar,57,30,32,55,174,0,15,120,1,136,57,45,152,56,310,92,14,106,416
09/17/2022,AFW,TX,ASW,CE,Towers with Radar,31,11,11,2,55,0,0,74,0,74,31,11,85,2,129,148,0,148,277
09/18/2022,AFW,TX,ASW,CE,Towers with Radar,24,15,27,10,76,0,1,17,1,19,24,16,44,11,95,22,8,30,125
09/19/2022,AFW,TX,ASW,CE,Towers with Radar,35,33,42,7,117,0,22,150,4,176,35,55,192,11,293,156,12,168,461
09/20/2022,AFW,TX,ASW,CE,Towers with Radar,76,41,42,26,185,0,16,108,3,127,76,57,150,29,312,124,2,126,438
09/21/2022,AFW,TX,ASW,CE,Towers with Radar,82,33,43,45,203,0,12,150,2,164,82,45,193,47,367,220,12,232,599
09/22/2022,AFW,TX,ASW,CE,Towers with Radar,78,32,50,48,208,0,18,118,3,139,78,50,168,51,347,213,16,229,576
09/23/2022,AFW,TX,ASW,CE,Towers with Radar,54,41,57,31,183,0,13,110,6,129,54,54,167,37,312,192,16,208,520
09/24/2022,AFW,TX,ASW,CE,Towers with Radar,38,27,25,10,100,0,0,87,4,91,38,27,112,14,191,72,2,74,265
09/25/2022,AFW,TX,ASW,CE,Towers with Radar,27,36,48,13,124,0,0,30,5,35,27,36,78,18,159,18,10,28,187
09/26/2022,AFW,TX,ASW,CE,Towers with Radar,36,22,39,44,141,0,18,113,3,134,36,40,152,47,275,160,14,174,449
09/27/2022,AFW,TX,ASW,CE,Towers with Radar,81,34,31,47,193,0,16,91,7,114,81,50,122,54,307,156,0,156,463
09/28/2022,AFW,TX,ASW,CE,Towers with Radar,79,31,30,65,205,0,17,146,7,170,79,48,176,72,375,194,4,198,573
09/29/2022,AFW,TX,ASW,CE,Towers with Radar,82,38,55,43,218,0,14,126,7,147,82,52,181,50,365,164,4,168,533
09/30/2022,AFW,TX,ASW,CE,Towers with Radar,52,27,45,34,158,0,18,125,12,155,52,45,170,46,313,174,22,196,509
10/01/2022,AFW,TX,ASW,CE,Towers with Radar,32,10,23,1,66,0,1,289,9,299,32,11,312,10,365,121,12,133,498
10/02/2022,AFW,TX,ASW,CE,Towers with Radar,31,21,14,0,66,0,0,26,0,26,31,21,40,0,92,6,0,6,98
10/03/2022,AFW,TX,ASW,CE,Towers with Radar,38,20,20,6,84,0,19,131,3,153,38,39,151,9,237,176,6,182,419
10/04/2022,AFW,TX,ASW,CE,Towers with Radar,74,35,49,19,177,0,16,130,7,153,74,51,179,26,330,170,4,174,504
10/05/2022,AFW,TX,ASW,CE,Towers with Radar,74,28,49,18,169,0,15,129,4,148,74,43,178,22,317,202,0,202,519
10/06/2022,AFW,TX,ASW,CE,Towers with Radar,78,34,45,16,173,0,16,95,1,112,78,50,140,17,285,120,4,124,409
10/07/2022,AFW,TX,ASW,CE,Towers with Radar,55,37,38,6,136,1,21,94,1,117,56,58,132,7,253,154,0,154,407
10/08/2022,AFW,TX,ASW,CE,Towers with Radar,31,16,20,2,69,0,1,118,2,121,31,17,138,4,190,167,10,177,367
10/09/2022,AFW,TX,ASW,CE,Towers with Radar,26,9,18,2,55,0,0,54,0,54,26,9,72,2,109,84,0,84,193
10/10/2022,AFW,TX,ASW,CE,Towers with Radar,40,26,30,1,97,0,0,105,0,105,40,26,135,1,202,216,0,216,418
10/11/2022,AFW,TX,ASW,CE,Towers with Radar,77,27,27,4,135,0,14,67,5,86,77,41,94,9,221,204,0,204,425
10/12/2022,AFW,TX,ASW,CE,Towers with Radar,80,24,44,13,161,0,11,93,4,108,80,35,137,17,269,96,4,100,369
10/13/2022,AFW,TX,ASW,CE,Towers with Radar,76,27,42,8,153,0,17,70,12,99,76,44,112,20,252,94,0,94,346
10/14/2022,AFW,TX,ASW,CE,Towers with Radar,53,29,33,38,153,0,25,89,6,120,53,54,122,44,273,168,22,190,463
10/15/2022,AFW,TX,ASW,CE,Towers with Radar,37,17,11,13,78,0,2,64,1,67,37,19,75,14,145,88,4,92,237
10/16/2022,AFW,TX,ASW,CE,Towers with Radar,30,15,13,13,71,0,2,0,0,2,30,17,13,13,73,8,0,8,81
10/17/2022,AFW,TX,ASW,CE,Towers with Radar,35,23,35,15,108,0,23,91,1,115,35,46,126,16,223,125,2,127,350
10/18/2022,AFW,TX,ASW,CE,Towers with Radar,76,30,50,48,204,0,25,114,4,143,76,55,164,52,347,88,2,90,437
10/19/2022,AFW,TX,ASW,CE,Towers with Radar,76,34,23,5,138,0,13,108,2,123,76,47,131,7,261,54,0,54,315
10/20/2022,AFW,TX,ASW,CE,Towers with Radar,76,23,16,8,123,0,6,47,5,58,76,29,63,13,181,18,0,18,199
10/21/2022,AFW,TX,ASW,CE,Towers with Radar,56,13,9,7,85,0,1,19,17,37,56,14,28,24,122,0,0,0,122
10/22/2022,AFW,TX,ASW,CE,Towers with Radar,9,0,3,0,12,0,1,17,20,38,9,1,20,20,50,0,0,0,50
10/23/2022,AFW,TX,ASW,CE,Towers with Radar,33,5,12,7,57,0,0,10,2,12,33,5,22,9,69,16,2,18,87
10/24/2022,AFW,TX,ASW,CE,Towers with Radar,29,14,23,7,73,0,0,0,0,0,29,14,23,7,73,0,0,0,73
10/25/2022,AFW,TX,ASW,CE,Towers with Radar,76,40,38,11,165,0,12,76,0,88,76,52,114,11,253,60,0,60,313
10/26/2022,AFW,TX,ASW,CE,Towers with Radar,76,39,41,31,187,0,32,128,4,164,76,71,169,35,351,128,14,142,493
10/27/2022,AFW,TX,ASW,CE,Towers with Radar,77,36,26,42,181,0,40,99,6,145,77,76,125,48,326,150,2,152,478
10/28/2022,AFW,TX,ASW,CE,Towers with Radar,60,19,15,11,105,0,0,0,0,0,60,19,15,11,105,0,0,0,105
10/29/2022,AFW,TX,ASW,CE,Towers with Radar,30,10,25,13,78,0,0,4,0,4,30,10,29,13,82,4,0,4,86
10/30/2022,AFW,TX,ASW,CE,Towers with Radar,31,15,14,27,87,0,0,39,6,45,31,15,53,33,132,64,14,78,210
10/31/2022,AFW,TX,ASW,CE,Towers with Radar,35,28,42,59,164,0,21,103,4,128,35,49,145,63,292,150,6,156,448
11/01/2022,AFW,TX,ASW,CE,Towers with Radar,73,31,66,55,225,0,30,114,6,150,73,61,180,61,375,82,0,82,457
11/02/2022,AFW,TX,ASW,CE,Towers with Radar,78,44,58,33,213,0,10,65,0,75,78,54,123,33,288,110,0,110,398
11/03/2022,AFW,TX,ASW,CE,Towers with Radar,81,42,53,3,179,0,5,41,2,48,81,47,94,5,227,36,8,44,271
11/04/2022,AFW,TX,ASW,CE,Towers with Radar,56,23,12,8,99,0,0,0,0,0,56,23,12,8,99,10,0,10,109
11/05/2022,AFW,TX,ASW,CE,Towers with Radar,40,12,15,12,79,0,0,92,0,92,40,12,107,12,171,178,8,186,357
11/06/2022,AFW,TX,ASW,CE,Towers with Radar,27,16,13,11,67,0,0,38,3,41,27,16,51,14,108,34,8,42,150
11/07/2022,AFW,TX,ASW,CE,Towers with Radar,37,12,20,6,75,0,1,6,0,7,37,13,26,6,82,2,0,2,84
11/08/2022,AFW,TX,ASW,CE,Towers with Radar,79,41,45,44,209,0,6,32,1,39,79,47,77,45,248,124,0,124,372
11/09/2022,AFW,TX,ASW,CE,Towers with Radar,81,39,65,6,191,0,14,70,8,92,81,53,135,14,283,68,12,80,363
11/10/2022,AFW,TX,ASW,CE,Towers with Radar,81,39,58,14,192,0,13,50,0,63,81,52,108,14,255,130,2,132,387
11/11/2022,AFW,TX,ASW,CE,Towers with Radar,56,18,17,7,98,0,0,3,1,4,56,18,20,8,102,0,2,2,104
11/12/2022,AFW,TX,ASW,CE,Towers with Radar,38,9,12,2,61,0,4,80,4,88,38,13,92,6,149,136,0,136,285
11/13/2022,AFW,TX,ASW,CE,Towers with Radar,28,9,16,4,57,0,0,41,4,45,28,9,57,8,102,152,4,156,258
11/14/2022,AFW,TX,ASW,CE,Towers with Radar,38,18,21,0,77,0,1,3,0,4,38,19,24,0,81,24,0,24,105
11/15/2022,AFW,TX,ASW,CE,Towers with Radar,76,21,45,15,157,0,12,60,4,76,76,33,105,19,233,56,0,56,289
11/16/2022,AFW,TX,ASW,CE,Towers with Radar,78,35,63,12,188,0,28,117,6,151,78,63,180,18,339,142,4,146,485
11/17/2022,AFW,TX,ASW,CE,Towers with Radar,86,35,52,5,178,0,32,187,2,221,86,67,239,7,399,44,0,44,443
11/18/2022,AFW,TX,ASW,CE,Towers with Radar,66,41,58,16,181,0,27,151,6,184,66,68,209,22,365,62,6,68,433
11/19/2022,AFW,TX,ASW,CE,Towers with Radar,40,17,24,11,92,0,0,57,6,63,40,17,81,17,155,144,0,144,299
11/20/2022,AFW,TX,ASW,CE,Towers with Radar,36,19,12,12,79,0,0,33,1,34,36,19,45,13,113,56,0,56,169
11/21/2022,AFW,TX,ASW,CE,Towers with Radar,46,25,23,3,97,0,16,68,1,85,46,41,91,4,182,110,10,120,302
11/22/2022,AFW,TX,ASW,CE,Towers with Radar,82,50,35,20,187,0,13,53,4,70,82,63,88,24,257,174,6,180,437
11/23/2022,AFW,TX,ASW,CE,Towers with Radar,83,17,18,17,135,0,1,0,0,1,83,18,18,17,136,0,0,0,136
11/24/2022,AFW,TX,ASW,CE,Towers with Radar,17,1,4,0,22,0,0,0,0,0,17,1,4,0,22,0,0,0,22
11/25/2022,AFW,TX,ASW,CE,Towers with Radar,30,16,30,1,77,0,0,1,0,1,30,16,31,1,78,4,0,4,82
11/26/2022,AFW,TX,ASW,CE,Towers with Radar,45,20,22,1,88,0,0,1,0,1,45,20,23,1,89,0,0,0,89
11/27/2022,AFW,TX,ASW,CE,Towers with Radar,39,16,10,0,65,0,0,45,0,45,39,16,55,0,110,32,0,32,142
11/28/2022,AFW,TX,ASW,CE,Towers with Radar,43,19,47,13,122,0,13,125,12,150,43,32,172,25,272,98,14,112,384
11/29/2022,AFW,TX,ASW,CE,Towers with Radar,93,24,27,14,158,0,18,97,3,118,93,42,124,17,276,90,14,104,380
11/30/2022,AFW,TX,ASW,CE,Towers with Radar,97,31,51,26,205,0,29,130,1,160,97,60,181,27,365,124,4,128,493
12/01/2022,AFW,TX,ASW,CE,Towers with Radar,104,34,41,18,197,0,22,78,2,102,104,56,119,20,299,92,12,104,403
12/02/2022,AFW,TX,ASW,CE,Towers with Radar,69,26,55,48,198,0,2,19,4,25,69,28,74,52,223,10,10,20,243
12/03/2022,AFW,TX,ASW,CE,Towers with Radar,44,16,19,6,85,0,0,71,0,71,44,16,90,6,156,118,2,120,276
12/04/2022,AFW,TX,ASW,CE,Towers with Radar,37,13,17,7,74,0,0,19,2,21,37,13,36,9,95,40,8,48,143
12/05/2022,AFW,TX,ASW,CE,Towers with Radar,45,23,45,1,114,0,13,54,5,72,45,36,99,6,186,84,0,84,270
12/06/2022,AFW,TX,ASW,CE,Towers with Radar,93,39,47,27,206,0,29,69,8,106,93,68,116,35,312,120,2,122,434
12/07/2022,AFW,TX,ASW,CE,Towers with Radar,101,17,22,5,145,0,0,0,0,0,101,17,22,5,145,0,0,0,145
12/08/2022,AFW,TX,ASW,CE,Towers with Radar,91,31,52,22,196,0,6,24,2,32,91,37,76,24,228,102,2,104,332
12/09/2022,AFW,TX,ASW,CE,Towers with Radar,64,29,52,12,157,0,2,8,0,10,64,31,60,12,167,8,0,8,175
12/10/2022,AFW,TX,ASW,CE,Towers with Radar,39,8,5,1,53,0,0,0,0,0,39,8,5,1,53,0,0,0,53
12/11/2022,AFW,TX,ASW,CE,Towers with Radar,34,10,19,5,68,0,0,6,0,6,34,10,25,5,74,0,0,0,74
12/12/2022,AFW,TX,ASW,CE,Towers with Radar,41,21,33,11,106,0,0,0,0,0,41,21,33,11,106,0,0,0,106
12/13/2022,AFW,TX,ASW,CE,Towers with Radar,113,56,49,12,230,0,22,44,7,73,113,78,93,19,303,98,2,100,403
12/14/2022,AFW,TX,ASW,CE,Towers with Radar,99,35,52,21,207,0,33,89,3,125,99,68,141,24,332,94,6,100,432
12/15/2022,AFW,TX,ASW,CE,Towers with Radar,87,38,72,23,220,0,22,124,9,155,87,60,196,32,375,258,20,278,653
12/16/2022,AFW,TX,ASW,CE,Towers with Radar,69,30,42,16,157,0,15,111,2,128,69,45,153,18,285,200,0,200,485
12/17/2022,AFW,TX,ASW,CE,Towers with Radar,37,11,20,1,69,0,0,71,2,73,37,11,91,3,142,128,4,132,274
12/18/2022,AFW,TX,ASW,CE,Towers with Radar,37,10,15,2,64,0,0,11,0,11,37,10,26,2,75,4,4,8,83
12/19/2022,AFW,TX,ASW,CE,Towers with Radar,43,27,41,5,116,0,8,27,0,35,43,35,68,5,151,90,0,90,241
12/20/2022,AFW,TX,ASW,CE,Towers with Radar,101,31,35,36,203,0,7,44,0,51,101,38,79,36,254,36,0,36,290
12/21/2022,AFW,TX,ASW,CE,Towers with Radar,97,26,24,26,173,0,5,66,5,76,97,31,90,31,249,140,6,146,395
12/22/2022,AFW,TX,ASW,CE,Towers with Radar,91,20,7,0,118,0,0,0,0,0,91,20,7,0,118,0,0,0,118
12/23/2022,AFW,TX,ASW,CE,Towers with Radar,55,18,9,0,82,0,0,20,0,20,55,18,29,0,102,56,0,56,158
12/24/2022,AFW,TX,ASW,CE,Towers with Radar,8,0,2,1,11,0,0,17,1,18,8,0,19,2,29,8,6,14,43
12/25/2022,AFW,TX,ASW,CE,Towers with Radar,3,6,2,0,11,0,0,5,0,5,3,6,7,0,16,20,0,20,36
12/26/2022,AFW,TX,ASW,CE,Towers with Radar,9,14,13,0,36,0,0,28,2,30,9,14,41,2,66,46,2,48,114
12/27/2022,AFW,TX,ASW,CE,Towers with Radar,41,20,15,8,84,0,0,53,0,53,41,20,68,8,137,38,4,42,179
12/28/2022,AFW,TX,ASW,CE,Towers with Radar,90,26,17,0,133,0,16,50,8,74,90,42,67,8,207,42,8,50,257
12/29/2022,AFW,TX,ASW,CE,Towers with Radar,84,27,31,2,144,0,15,76,5,96,84,42,107,7,240,168,0,168,408
12/30/2022,AFW,TX,ASW,CE,Towers with Radar,62,22,14,4,102,0,16,57,0,73,62,38,71,4,175,50,0,50,225
12/31/2022,AFW,TX,ASW,CE,Towers with Radar,3,2,9,0,14,0,0,19,5,24,3,2,28,5,38,12,6,18,56
01/01/2023,AFW,TX,ASW,CE,Towers with Radar,5,4,9,0,18,0,0,23,2,25,5,4,32,2,43,26,2,28,71
01/02/2023,AFW,TX,ASW,CE,Towers with Radar,31,10,16,0,57,0,0,3,0,3,31,10,19,0,60,26,0,26,86
01/03/2023,AFW,TX,ASW,CE,Towers with Radar,42,13,22,5,82,0,2,45,0,47,42,15,67,5,129,46,0,46,175
01/04/2023,AFW,TX,ASW,CE,Towers with Radar,74,23,23,15,135,0,4,83,0,87,74,27,106,15,222,114,0,114,336
01/05/2023,AFW,TX,ASW,CE,Towers with Radar,77,25,25,34,161,0,23,91,3,117,77,48,116,37,278,188,4,192,470
01/06/2023,AFW,TX,ASW,CE,Towers with Radar,60,23,33,38,154,0,5,67,1,73,60,28,100,39,227,90,2,92,319
01/07/2023,AFW,TX,ASW,CE,Towers with Radar,36,13,11,12,72,0,1,56,3,60,36,14,67,15,132,94,0,94,226
01/08/2023,AFW,TX,ASW,CE,Towers with Radar,38,15,9,0,62,0,0,30,1,31,38,15,39,1,93,14,0,14,107
01/09/2023,AFW,TX,ASW,CE,Towers with Radar,42,21,28,19,110,0,15,100,7,122,42,36,128,26,232,144,4,148,380
01/10/2023,AFW,TX,ASW,CE,Towers with Radar,82,31,44,10,167,0,18,64,3,85,82,49,108,13,252,108,4,112,364
01/11/2023,AFW,TX,ASW,CE,Towers with Radar,78,34,27,28,167,0,13,71,1,85,78,47,98,29,252,66,0,66,318
01/12/2023,AFW,TX,ASW,CE,Towers with Radar,80,30,43,19,172,0,35,47,1,83,80,65,90,20,255,82,0,82,337
01/13/2023,AFW,TX,ASW,CE,Towers with Radar,59,29,32,4,124,0,22,152,5,179,59,51,184,9,303,216,6,222,525
01/14/2023,AFW,TX,ASW,CE,Towers with Radar,41,10,8,6,65,0,0,64,11,75,41,10,72,17,140,32,8,40,180
01/15/2023,AFW,TX,ASW,CE,Towers with Radar,39,11,7,0,57,0,0,12,8,20,39,11,19,8,77,4,4,8,85
01/16/2023,AFW,TX,ASW,CE,Towers with Radar,44,16,11,1,72,0,0,23,4,27,44,16,34,5,99,40,0,40,139
01/17/2023,AFW,TX,ASW,CE,Towers with Radar,82,26,13,17,138,0,10,100,3,113,82,36,113,20,251,78,4,82,333
01/18/2023,AFW,TX,ASW,CE,Towers with Radar,88,17,35,25,165,0,3,37,2,42,88,20,72,27,207,24,0,24,231
01/19/2023,AFW,TX,ASW,CE,Towers with Radar,82,23,58,13,176,0,21,133,5,159,82,44,191,18,335,177,14,191,526
01/20/2023,AFW,TX,ASW,CE,Towers with Radar,61,31,30,35,157,0,17,132,7,156,61,48,162,42,313,92,12,104,417
01/21/2023,AFW,TX,ASW,CE,Towers with Radar,35,9,31,12,87,0,0,76,22,98,35,9,107,34,185,62,26,88,273
01/22/2023,AFW,TX,ASW,CE,Towers with Radar,35,9,13,13,70,0,0,23,8,31,35,9,36,21,101,48,36,84,185
01/23/2023,AFW,TX,ASW,CE,Towers with Radar,41,24,25,14,104,0,17,123,6,146,41,41,148,20,250,144,24,168,418
01/24/2023,AFW,TX,ASW,CE,Towers with Radar,76,15,11,0,102,0,0,0,0,0,76,15,11,0,102,0,0,0,102
01/25/2023,AFW,TX,ASW,CE,Towers with Radar,74,26,36,30,166,0,10,61,1,72,74,36,97,31,238,40,0,40,278
01/26/2023,AFW,TX,ASW,CE,Towers with Radar,69,28,38,43,178,0,26,135,13,174,69,54,173,56,352,102,10,112,464
01/27/2023,AFW,TX,ASW,CE,Towers with Radar,48,26,37,27,138,0,26,109,7,142,48,52,146,34,280,44,0,44,324
01/28/2023,AFW,TX,ASW,CE,Towers with Radar,33,9,22,3,67,0,2,26,0,28,33,11,48,3,95,44,6,50,145
01/29/2023,AFW,TX,ASW,CE,Towers with Radar,37,14,11,8,70,0,0,0,0,0,37,14,11,8,70,0,0,0,70
01/30/2023,AFW,TX,ASW,CE,Towers with Radar,31,8,8,1,48,0,0,0,0,0,31,8,8,1,48,0,0,0,48
01/31/2023,AFW,TX,ASW,CE,Towers with Radar,38,0,9,0,47,0,0,0,0,0,38,0,9,0,47,0,0,0,47
02/01/2023,AFW,TX,ASW,CE,Towers with Radar,2,3,8,0,13,0,0,0,0,0,2,3,8,0,13,0,0,0,13
02/02/2023,AFW,TX,ASW,CE,Towers with Radar,9,9,13,0,31,0,0,0,0,0,9,9,13,0,31,0,0,0,31
02/03/2023,AFW,TX,ASW,CE,Towers with Radar,51,19,23,37,130,0,13,98,9,120,51,32,121,46,250,146,14,160,410
02/04/2023,AFW,TX,ASW,CE,Towers with Radar,32,14,16,7,69,0,2,75,5,82,32,16,91,12,151,60,10,70,221
02/05/2023,AFW,TX,ASW,CE,Towers with Radar,34,19,15,17,85,0,0,35,4,39,34,19,50,21,124,92,8,100,224
02/06/2023,AFW,TX,ASW,CE,Towers with Radar,36,20,38,28,122,0,8,46,2,56,36,28,84,30,178,50,0,50,228
02/07/2023,AFW,TX,ASW,CE,Towers with Radar,61,23,32,4,120,0,0,6,0,6,61,23,38,4,126,32,0,32,158
02/08/2023,AFW,TX,ASW,CE,Towers with Radar,61,26,25,9,121,0,0,4,1,5,61,26,29,10,126,22,0,22,148
02/09/2023,AFW,TX,ASW,CE,Towers with Radar,62,31,38,27,158,0,26,191,6,223,62,57,229,33,381,176,2,178,559
02/10/2023,AFW,TX,ASW,CE,Towers with Radar,54,24,31,34,143,0,10,76,2,88,54,34,107,36,231,152,4,156,387
02/11/2023,AFW,TX,ASW,CE,Towers with Radar,28,13,13,17,71,0,1,104,6,111,28,14,117,23,182,78,4,82,264
02/12/2023,AFW,TX,ASW,CE,Towers with Radar,33,15,10,16,74,0,2,20,3,25,33,17,30,19,99,44,8,52,151
02/13/2023,AFW,TX,ASW,CE,Towers with Radar,36,20,40,30,126,0,11,162,2,175,36,31,202,32,301,78,0,78,379
02/14/2023,AFW,TX,ASW,CE,Towers with Radar,66,14,21,0,101,0,0,13,4,17,66,14,34,4,118,2,0,2,120
02/15/2023,AFW,TX,ASW,CE,Towers with Radar,66,35,46,42,189,0,20,127,15,162,66,55,173,57,351,37,14,51,402
02/16/2023,AFW,TX,ASW,CE,Towers with Radar,66,32,30,37,165,0,20,63,2,85,66,52,93,39,250,76,46,122,372
02/17/2023,AFW,TX,ASW,CE,Towers with Radar,54,21,32,59,166,0,21,160,8,189,54,42,192,67,355,200,16,216,571
02/18/2023,AFW,TX,ASW,CE,Towers with Radar,36,11,23,6,76,0,3,100,4,107,36,14,123,10,183,80,0,80,263
02/19/2023,AFW,TX,ASW,CE,Towers with Radar,36,8,7,19,70,0,0,18,11,29,36,8,25,30,99,14,8,22,121
02/20/2023,AFW,TX,ASW,CE,Towers with Radar,35,13,21,30,99,3,0,26,12,41,38,13,47,42,140,20,10,30,170
02/21/2023,AFW,TX,ASW,CE,Towers with Radar,67,19,31,59,176,0,8,125,12,145,67,27,156,71,321,132,2,134,455
02/22/2023,AFW,TX,ASW,CE,Towers with Radar,66,19,24,10,119,0,1,24,2,27,66,20,48,12,146,30,0,30,176
02/23/2023,AFW,TX,ASW,CE,Towers with Radar,56,31,52,29,168,0,31,127,14,172,56,62,179,43,340,84,6,90,430
02/24/2023,AFW,TX,ASW,CE,Towers with Radar,50,17,45,42,154,0,0,21,2,23,50,17,66,44,177,120,10,130,307
02/25/2023,AFW,TX,ASW,CE,Towers with Radar,39,6,23,17,85,0,0,0,0,0,39,6,23,17,85,0,0,0,85
02/26/2023,AFW,TX,ASW,CE,Towers with Radar,29,12,19,9,69,0,0,0,0,0,29,12,19,9,69,0,0,0,69
02/27/2023,AFW,TX,ASW,CE,Towers with Radar,40,23,51,45,159,0,12,136,5,153,40,35,187,50,312,156,6,162,474
02/28/2023,AFW,TX,ASW,CE,Towers with Radar,66,29,47,27,169,0,28,140,1,169,66,57,187,28,338,184,2,186,524
03/01/2023,AFW,TX,ASW,CE,Towers with Radar,59,36,44,3,142,0,15,73,1,89,59,51,117,4,231,150,0,150,381
03/02/2023,AFW,TX,ASW,CE,Towers with Radar,57,14,20,8,99,0,9,16,1,26,57,23,36,9,125,70,0,70,195
03/03/2023,AFW,TX,ASW,CE,Towers with Radar,54,28,28,54,164,0,15,70,7,92,54,43,98,61,256,82,18,100,356
03/04/2023,AFW,TX,ASW,CE,Towers with Radar,35,10,14,24,83,1,0,99,11,111,36,10,113,35,194,64,14,78,272
03/05/2023,AFW,TX,ASW,CE,Towers with Radar,31,18,19,17,85,0,0,27,5,32,31,18,46,22,117,6,0,6,123
03/06/2023,AFW,TX,ASW,CE,Towers with Radar,42,20,46,48,156,0,26,179,3,208,42,46,225,51,364,112,20,132,496
03/07/2023,AFW,TX,ASW,CE,Towers with Radar,65,48,28,54,195,0,12,55,0,67,65,60,83,54,262,124,0,124,386
03/08/2023,AFW,TX,ASW,CE,Towers with Radar,67,30,28,1,126,0,0,0,0,0,67,30,28,1,126,14,0,14,140
03/09/2023,AFW,TX,ASW,CE,Towers with Radar,64,17,21,0,102,0,0,0,0,0,64,17,21,0,102,0,0,0,102
03/10/2023,AFW,TX,ASW,CE,Towers with Radar,49,56,37,44,186,0,16,124,9,149,49,72,161,53,335,172,6,178,513
03/11/2023,AFW,TX,ASW,CE,Towers with Radar,34,18,18,18,88,0,0,16,1,17,34,18,34,19,105,42,4,46,151
03/12/2023,AFW,TX,ASW,CE,Towers with Radar,34,10,17,11,72,0,2,24,8,34,34,12,41,19,106,72,2,74,180
03/13/2023,AFW,TX,ASW,CE,Towers with Radar,40,22,36,12,110,0,16,104,1,121,40,38,140,13,231,94,0,94,325
03/14/2023,AFW,TX,ASW,CE,Towers with Radar,62,26,39,20,147,0,26,128,3,157,62,52,167,23,304,132,0,132,436
03/15/2023,AFW,TX,ASW,CE,Towers with Radar,61,41,52,28,182,0,29,79,5,113,61,70,131,33,295,112,6,118,413
03/16/2023,AFW,TX,ASW,CE,Towers with Radar,63,23,25,3,114,0,8,0,0,8,63,31,25,3,122,8,0,8,130
03/17/2023,AFW,TX,ASW,CE,Towers with Radar,52,30,31,21,134,0,22,70,8,100,52,52,101,29,234,86,12,98,332
03/18/2023,AFW,TX,ASW,CE,Towers with Radar,33,13,9,6,61,0,2,40,4,46,33,15,49,10,107,108,6,114,221
03/19/2023,AFW,TX,ASW,CE,Towers with Radar,32,10,15,5,62,0,0,31,0,31,32,10,46,5,93,60,0,60,153
03/20/2023,AFW,TX,ASW,CE,Towers with Radar,37,23,22,17,99,0,17,96,1,114,37,40,118,18,213,188,2,190,403
03/21/2023,AFW,TX,ASW,CE,Towers with Radar,69,20,47,18,154,0,4,19,0,23,69,24,66,18,177,48,0,48,225
03/22/2023,AFW,TX,ASW,CE,Towers with Radar,62,51,50,11,174,0,12,50,2,64,62,63,100,13,238,98,10,108,346
03/23/2023,AFW,TX,ASW,CE,Towers with Radar,65,34,35,55,189,0,16,26,3,45,65,50,61,58,234,99,4,103,337
03/24/2023,AFW,TX,ASW,CE,Towers with Radar,48,23,21,24,116,0,2,29,5,36,48,25,50,29,152,68,22,90,242
03/25/2023,AFW,TX,ASW,CE,Towers with Radar,28,12,9,42,91,0,0,65,9,74,28,12,74,51,165,72,0,72,237
03/26/2023,AFW,TX,ASW,CE,Towers with Radar,36,10,14,29,89,0,2,37,9,48,36,12,51,38,137,148,16,164,301
03/27/2023,AFW,TX,ASW,CE,Towers with Radar,37,17,33,49,136,0,10,132,0,142,37,27,165,49,278,143,10,153,431
03/28/2023,AFW,TX,ASW,CE,Towers with Radar,59,21,24,33,137,0,21,130,6,157,59,42,154,39,294,216,16,232,526
03/29/2023,AFW,TX,ASW,CE,Towers with Radar,70,30,42,28,170,0,27,141,2,170,70,57,183,30,340,264,4,268,608
03/30/2023,AFW,TX,ASW,CE,Towers with Radar,60,23,22,21,126,0,4,6,0,10,60,27,28,21,136,66,0,66,202
03/31/2023,AFW,TX,ASW,CE,Towers with Radar,53,36,40,10,139,0,1,10,3,14,53,37,50,13,153,22,0,22,175
04/01/2023,AFW,TX,ASW,CE,Towers with Radar,26,16,36,6,84,0,4,119,1,124,26,20,155,7,208,132,0,132,340
04/02/2023,AFW,TX,ASW,CE,Towers with Radar,16,17,35,30,98,0,0,24,1,25,16,17,59,31,123,48,6,54,177
04/03/2023,AFW,TX,ASW,CE,Towers with Radar,42,16,33,41,132,0,10,75,0,85,42,26,108,41,217,126,8,134,351
04/04/2023,AFW,TX,ASW,CE,Towers with Radar,63,35,43,49,190,0,4,53,4,61,63,39,96,53,251,60,2,62,313
04/05/2023,AFW,TX,ASW,CE,Towers with Radar,64,30,53,10,157,0,44,113,3,160,64,74,166,13,317,214,10,224,541
04/06/2023,AFW,TX,ASW,CE,Towers with Radar,64,29,44,26,163,0,33,99,0,132,64,62,143,26,295,170,2,172,467
04/07/2023,AFW,TX,ASW,CE,Towers with Radar,50,21,16,29,116,0,27,96,1,124,50,48,112,30,240,230,10,240,480
04/08/2023,AFW,TX,ASW,CE,Towers with Radar,31,8,22,1,62,0,2,57,0,59,31,10,79,1,121,128,0,128,249
04/09/2023,AFW,TX,ASW,CE,Towers with Radar,33,14,10,8,65,0,3,17,0,20,33,17,27,8,85,84,0,84,169
04/10/2023,AFW,TX,ASW,CE,Towers with Radar,41,19,40,51,151,0,19,147,1,167,41,38,187,52,318,147,0,147,465
04/11/2023,AFW,TX,ASW,CE,Towers with Radar,62,35,58,43,198,0,26,158,1,185,62,61,216,44,383,212,2,214,597
04/12/2023,AFW,TX,ASW,CE,Towers with Radar,61,22,53,33,169,0,44,157,5,206,61,66,210,38,375,242,6,248,623
04/13/2023,AFW,TX,ASW,CE,Towers with Radar,61,30,53,18,162,0,19,147,0,166,61,49,200,18,328,120,2,122,450
04/14/2023,AFW,TX,ASW,CE,Towers with Radar,48,27,31,9,115,0,13,61,4,78,48,40,92,13,193,66,6,72,265
04/15/2023,AFW,TX,ASW,CE,Towers with Radar,36,14,19,12,81,0,0,34,5,39,36,14,53,17,120,22,12,34,154
04/16/2023,AFW,TX,ASW,CE,Towers with Radar,37,17,23,22,99,0,1,36,0,37,37,18,59,22,136,74,6,80,216
04/17/2023,AFW,TX,ASW,CE,Towers with Radar,45,33,35,42,155,0,22,115,0,137,45,55,150,42,292,108,6,114,406
04/18/2023,AFW,TX,ASW,CE,Towers with Radar,62,30,55,70,217,0,23,66,1,90,62,53,121,71,307,86,10,96,403
04/19/2023,AFW,TX,ASW,CE,Towers with Radar,58,45,44,28,175,0,17,28,3,48,58,62,72,31,223,74,12,86,309
04/20/2023,AFW,TX,ASW,CE,Towers with Radar,62,30,30,17,139,0,20,24,2,46,62,50,54,19,185,74,0,74,259
04/21/2023,AFW,TX,ASW,CE,Towers with Radar,49,27,40,18,134,0,20,95,7,122,49,47,135,25,256,102,16,118,374
04/22/2023,AFW,TX,ASW,CE,Towers with Radar,30,11,27,0,68,0,1,72,3,76,30,12,99,3,144,68,2,70,214
04/23/2023,AFW,TX,ASW,CE,Towers with Radar,35,15,12,3,65,0,2,1,0,3,35,17,13,3,68,20,0,20,88
04/24/2023,AFW,TX,ASW,CE,Towers with Radar,44,25,40,35,144,0,13,113,2,128,44,38,153,37,272,136,0,136,408
04/25/2023,AFW,TX,ASW,CE,Towers with Radar,62,31,48,60,201,0,9,42,0,51,62,40,90,60,252,118,4,122,374
04/26/2023,AFW,TX,ASW,CE,Towers with Radar,61,24,22,0,107,0,0,2,0,2,61,24,24,0,109,0,0,0,109
04/27/2023,AFW,TX,ASW,CE,Towers with Radar,62,41,65,33,201,0,13,81,2,96,62,54,146,35,297,111,0,111,408
04/28/2023,AFW,TX,ASW,CE,Towers with Radar,50,21,41,16,128,0,22,65,1,88,50,43,106,17,216,30,0,30,246
04/29/2023,AFW,TX,ASW,CE,Towers with Radar,32,8,13,2,55,0,0,49,2,51,32,8,62,4,106,62,2,64,170
04/30/2023,AFW,TX,ASW,CE,Towers with Radar,35,13,19,6,73,0,2,34,2,38,35,15,53,8,111,60,0,60,171
05/01/2023,AFW,TX,ASW,CE,Towers with Radar,35,21,30,16,102,0,11,184,8,203,35,32,214,24,305,158,16,174,479
05/02/2023,AFW,TX,ASW,CE,Towers with Radar,63,28,53,40,184,0,14,159,4,177,63,42,212,44,361,168,4,172,533
05/03/2023,AFW,TX,ASW,CE,Towers with Radar,58,30,50,21,159,0,20,126,3,149,58,50,176,24,308,230,4,234,542
05/04/2023,AFW,TX,ASW,CE,Towers with Radar,62,28,64,47,201,0,17,92,1,110,62,45,156,48,311,84,10,94,405
05/05/2023,AFW,TX,ASW,CE,Towers with Radar,51,27,48,44,170,0,15,27,1,43,51,42,75,45,213,20,2,22,235
05/06/2023,AFW,TX,ASW,CE,Towers with Radar,33,12,20,13,78,0,0,8,7,15,33,12,28,20,93,0,0,0,93
05/07/2023,AFW,TX,ASW,CE,Towers with Radar,34,13,22,16,85,0,0,15,0,15,34,13,37,16,100,30,0,30,130
05/08/2023,AFW,TX,ASW,CE,Towers with Radar,39,24,36,40,139,0,11,129,0,140,39,35,165,40,279,90,2,92,371
05/09/2023,AFW,TX,ASW,CE,Towers with Radar,62,37,62,39,200,0,24,61,3,88,62,61,123,42,288,48,16,64,352
05/10/2023,AFW,TX,ASW,CE,Towers with Radar,56,32,56,8,152,0,14,34,1,49,56,46,90,9,201,96,0,96,297
05/11/2023,AFW,TX,ASW,CE,Towers with Radar,55,31,43,16,145,0,9,18,2,29,55,40,61,18,174,4,14,18,192
05/12/2023,AFW,TX,ASW,CE,Towers with Radar,49,27,43,14,133,0,2,24,1,27,49,29,67,15,160,104,8,112,272
05/13/2023,AFW,TX,ASW,CE,Towers with Radar,30,9,27,10,76,0,0,9,0,9,30,9,36,10,85,16,0,16,101
05/14/2023,AFW,TX,ASW,CE,Towers with Radar,30,13,10,5,58,0,0,0,0,0,30,13,10,5,58,0,0,0,58
05/15/2023,AFW,TX,ASW,CE,Towers with Radar,35,19,44,39,137,0,8,54,2,64,35,27,98,41,201,46,16,62,263
05/16/2023,AFW,TX,ASW,CE,Towers with Radar,58,35,47,64,204,0,28,98,4,130,58,63,145,68,334,176,14,190,524
05/17/2023,AFW,TX,ASW,CE,Towers with Radar,57,31,52,21,161,0,42,109,6,157,57,73,161,27,318,180,16,196,514
05/18/2023,AFW,TX,ASW,CE,Towers with Radar,54,32,49,53,188,0,21,112,5,138,54,53,161,58,326,174,4,178,504
05/19/2023,AFW,TX,ASW,CE,Towers with Radar,44,31,33,93,201,0,15,61,1,77,44,46,94,94,278,106,14,120,398
05/20/2023,AFW,TX,ASW,CE,Towers with Radar,29,10,29,24,92,0,1,50,13,64,29,11,79,37,156,48,30,78,234
05/21/2023,AFW,TX,ASW,CE,Towers with Radar,37,17,12,19,85,0,2,27,2,31,37,19,39,21,116,56,0,56,172
05/22/2023,AFW,TX,ASW,CE,Towers with Radar,37,29,30,39,135,0,18,76,0,94,37,47,106,39,229,146,16,162,391
05/23/2023,AFW,TX,ASW,CE,Towers with Radar,64,30,41,13,148,0,23,93,2,118,64,53,134,15,266,66,32,98,364
05/24/2023,AFW,TX,ASW,CE,Towers with Radar,57,32,59,22,170,0,23,60,1,84,57,55,119,23,254,98,0,98,352
05/25/2023,AFW,TX,ASW,CE,Towers with Radar,56,30,34,26,146,0,28,46,3,77,56,58,80,29,223,90,0,90,313
05/26/2023,AFW,TX,ASW,CE,Towers with Radar,57,23,28,1,109,0,12,51,4,67,57,35,79,5,176,112,0,112,288
05/27/2023,AFW,TX,ASW,CE,Towers with Radar,32,14,19,2,67,0,0,28,5,33,32,14,47,7,100,20,2,22,122
05/28/2023,AFW,TX,ASW,CE,Towers with Radar,31,11,13,0,55,0,0,18,3,21,31,11,31,3,76,28,0,28,104
05/29/2023,AFW,TX,ASW,CE,Towers with Radar,31,14,5,0,50,0,0,17,1,18,31,14,22,1,68,18,0,18,86
05/30/2023,AFW,TX,ASW,CE,Towers with Radar,38,14,29,0,81,0,0,76,0,76,38,14,105,0,157,128,0,128,285
05/31/2023,AFW,TX,ASW,CE,Towers with Radar,63,24,44,10,141,0,19,180,3,202,63,43,224,13,343,153,0,153,496
06/01/2023,AFW,TX,ASW,CE,Towers with Radar,58,28,37,34,157,0,29,150,6,185,58,57,187,40,342,78,14,92,434
06/02/2023,AFW,TX,ASW,CE,Towers with Radar,54,24,31,45,154,0,5,106,13,124,54,29,137,58,278,188,4,192,470
06/03/2023,AFW,TX,ASW,CE,Towers with Radar,31,13,10,3,57,0,1,18,2,21,31,14,28,5,78,48,4,52,130
06/04/2023,AFW,TX,ASW,CE,Towers with Radar,35,11,16,3,65,0,0,19,0,19,35,11,35,3,84,16,0,16,100
06/05/2023,AFW,TX,ASW,CE,Towers with Radar,41,19,23,38,121,0,13,77,2,92,41,32,100,40,213,98,14,112,325
06/06/2023,AFW,TX,ASW,CE,Towers with Radar,62,27,24,7,120,0,17,91,3,111,62,44,115,10,231,94,8,102,333
06/07/2023,AFW,TX,ASW,CE,Towers with Radar,54,35,47,4,140,0,23,141,4,168,54,58,188,8,308,150,6,156,464
06/08/2023,AFW,TX,ASW,CE,Towers with Radar,57,38,23,15,133,0,19,112,0,131,57,57,135,15,264,200,8,208,472
06/09/2023,AFW,TX,ASW,CE,Towers with Radar,51,20,37,9,117,0,6,169,1,176,51,26,206,10,293,240,8,248,541
06/10/2023,AFW,TX,ASW,CE,Towers with Radar,36,9,7,2,54,0,0,30,0,30,36,9,37,2,84,26,0,26,110
06/11/2023,AFW,TX,ASW,CE,Towers with Radar,30,11,20,20,81,0,1,25,0,26,30,12,45,20,107,66,0,66,173
06/12/2023,AFW,TX,ASW,CE,Towers with Radar,36,25,20,2,83,0,2,57,0,59,36,27,77,2,142,124,0,124,266
06/13/2023,AFW,TX,ASW,CE,Towers with Radar,57,27,51,6,141,0,0,2,1,3,57,27,53,7,144,0,0,0,144
06/14/2023,AFW,TX,ASW,CE,Towers with Radar,69,25,45,4,143,0,7,44,0,51,69,32,89,4,194,166,0,166,360
06/15/2023,AFW,TX,ASW,CE,Towers with Radar,53,32,48,15,148,0,19,103,2,124,53,51,151,17,272,192,0,192,464
06/16/2023,AFW,TX,ASW,CE,Towers with Radar,51,35,44,26,156,0,19,53,0,72,51,54,97,26,228,170,4,174,402
06/17/2023,AFW,TX,ASW,CE,Towers with Radar,36,12,12,4,64,0,4,11,0,15,36,16,23,4,79,54,0,54,133
06/18/2023,AFW,TX,ASW,CE,Towers with Radar,31,14,12,3,60,0,3,21,0,24,31,17,33,3,84,70,0,70,154
06/19/2023,AFW,TX,ASW,CE,Towers with Radar,34,13,19,0,66,0,6,26,0,32,34,19,45,0,98,104,0,104,202
06/20/2023,AFW,TX,ASW,CE,Towers with Radar,59,21,44,56,180,0,5,117,3,125,59,26,161,59,305,144,8,152,457
06/21/2023,AFW,TX,ASW,CE,Towers with Radar,59,28,47,31,165,0,23,54,3,80,59,51,101,34,245,80,4,84,329
06/22/2023,AFW,TX,ASW,CE,Towers with Radar,61,36,37,16,150,0,28,116,2,146,61,64,153,18,296,184,4,188,484
06/23/2023,AFW,TX,ASW,CE,Towers with Radar,46,23,17,46,132,0,9,33,2,44,46,32,50,48,176,98,26,124,300
06/24/2023,AFW,TX,ASW,CE,Towers with Radar,35,13,14,12,74,0,0,27,3,30,35,13,41,15,104,8,12,20,124
06/25/2023,AFW,TX,ASW,CE,Towers with Radar,30,8,19,13,70,0,0,17,1,18,30,8,36,14,88,74,2,76,164
06/26/2023,AFW,TX,ASW,CE,Towers with Radar,37,21,17,0,75,0,20,107,2,129,37,41,124,2,204,176,4,180,384
06/27/2023,AFW,TX,ASW,CE,Towers with Radar,58,38,30,12,138,0,17,94,2,113,58,55,124,14,251,126,4,130,381
06/28/2023,AFW,TX,ASW,CE,Towers with Radar,64,32,46,11,153,0,24,102,5,131,64,56,148,16,284,134,4,138,422
06/29/2023,AFW,TX,ASW,CE,Towers with Radar,59,33,33,12,137,0,21,77,2,100,59,54,110,14,237,168,0,168,405
06/30/2023,AFW,TX,ASW,CE,Towers with Radar,49,33,33,16,131,0,19,65,3,87,49,52,98,19,218,28,8,36,254
07/01/2023,AFW,TX,ASW,CE,Towers with Radar,31,19,10,0,60,0,0,20,1,21,31,19,30,1,81,34,0,34,115
07/02/2023,AFW,TX,ASW,CE,Towers with Radar,30,14,4,1,49,0,0,27,1,28,30,14,31,2,77,58,4,62,139
07/03/2023,AFW,TX,ASW,CE,Towers with Radar,31,15,22,3,71,0,0,57,0,57,31,15,79,3,128,54,0,54,182
07/04/2023,AFW,TX,ASW,CE,Towers with Radar,4,3,10,1,18,0,0,30,1,31,4,3,40,2,49,110,0,110,159
07/05/2023,AFW,TX,ASW,CE,Towers with Radar,27,4,24,35,90,0,3,88,5,96,27,7,112,40,186,108,10,118,304
07/06/2023,AFW,TX,ASW,CE,Towers with Radar,64,21,29,22,136,0,18,80,0,98,64,39,109,22,234,72,2,74,308
07/07/2023,AFW,TX,ASW,CE,Towers with Radar,45,21,37,58,161,0,15,91,3,109,45,36,128,61,270,120,20,140,410
07/08/2023,AFW,TX,ASW,CE,Towers with Radar,35,2,16,13,66,0,0,39,12,51,35,2,55,25,117,72,18,90,207
07/09/2023,AFW,TX,ASW,CE,Towers with Radar,30,4,13,16,63,0,0,21,8,29,30,4,34,24,92,74,2,76,168
07/10/2023,AFW,TX,ASW,CE,Towers with Radar,38,10,34,15,97,0,11,57,7,75,38,21,91,22,172,116,6,122,294
07/11/2023,AFW,TX,ASW,CE,Towers with Radar,58,31,53,16,158,0,20,76,4,100,58,51,129,20,258,100,0,100,358
07/12/2023,AFW,TX,ASW,CE,Towers with Radar,58,29,67,23,177,0,24,96,1,121,58,53,163,24,298,140,0,140,438
07/13/2023,AFW,TX,ASW,CE,Towers with Radar,57,21,55,35,168,0,22,83,1,106,57,43,138,36,274,68,14,82,356
07/14/2023,AFW,TX,ASW,CE,Towers with Radar,43,24,22,45,134,0,17,88,5,110,43,41,110,50,244,88,2,90,334
07/15/2023,AFW,TX,ASW,CE,Towers with Radar,28,6,15,17,66,0,0,31,0,31,28,6,46,17,97,72,0,72,169
07/16/2023,AFW,TX,ASW,CE,Towers with Radar,35,2,11,10,58,0,0,17,0,17,35,2,28,10,75,46,0,46,121
07/17/2023,AFW,TX,ASW,CE,Towers with Radar,39,11,25,39,114,0,8,101,2,111,39,19,126,41,225,86,8,94,319
07/18/2023,AFW,TX,ASW,CE,Towers with Radar,61,28,50,55,194,0,20,87,2,109,61,48,137,57,303,86,8,94,397
07/19/2023,AFW,TX,ASW,CE,Towers with Radar,58,26,48,36,168,0,21,95,2,118,58,47,143,38,286,71,4,75,361
07/20/2023,AFW,TX,ASW,CE,Towers with Radar,56,26,36,45,163,0,17,112,3,132,56,43,148,48,295,236,4,240,535
07/21/2023,AFW,TX,ASW,CE,Towers with Radar,51,15,23,26,115,0,13,103,2,118,51,28,126,28,233,82,2,84,317
07/22/2023,AFW,TX,ASW,CE,Towers with Radar,30,3,13,4,50,0,1,40,0,41,30,4,53,4,91,68,2,70,161
07/23/2023,AFW,TX,ASW,CE,Towers with Radar,30,8,8,12,58,0,1,25,4,30,30,9,33,16,88,28,0,28,116
07/24/2023,AFW,TX,ASW,CE,Towers with Radar,36,10,39,16,101,0,6,98,3,107,36,16,137,19,208,122,4,126,334
07/25/2023,AFW,TX,ASW,CE,Towers with Radar,62,23,45,19,149,0,14,117,1,132,62,37,162,20,281,84,0,84,365
07/26/2023,AFW,TX,ASW,CE,Towers with Radar,62,31,53,40,186,0,24,120,2,146,62,55,173,42,332,135,4,139,471
07/27/2023,AFW,TX,ASW,CE,Towers with Radar,57,26,65,25,173,0,19,95,2,116,57,45,160,27,289,192,4,196,485
07/28/2023,AFW,TX,ASW,CE,Towers with Radar,53,15,23,14,105,0,11,79,2,92,53,26,102,16,197,62,2,64,261
07/29/2023,AFW,TX,ASW,CE,Towers with Radar,33,6,16,15,70,0,4,40,1,45,33,10,56,16,115,102,6,108,223
07/30/2023,AFW,TX,ASW,CE,Towers with Radar,28,5,16,17,66,0,0,20,3,23,28,5,36,20,89,56,4,60,149
07/31/2023,AFW,TX,ASW,CE,Towers with Radar,48,10,27,71,156,0,15,104,4,123,48,25,131,75,279,104,4,108,387
08/01/2023,AFW,TX,ASW,CE,Towers with Radar,64,23,41,25,153,0,19,125,1,145,64,42,166,26,298,126,4,130,428
08/02/2023,AFW,TX,ASW,CE,Towers with Radar,59,23,31,19,132,0,24,97,1,122,59,47,128,20,254,166,0,166,420
08/03/2023,AFW,TX,ASW,CE,Towers with Radar,64,22,39,24,149,0,36,95,5,136,64,58,134,29,285,62,6,68,353
08/04/2023,AFW,TX,ASW,CE,Towers with Radar,46,21,33,21,121,0,18,62,2,82,46,39,95,23,203,88,40,128,331
08/05/2023,AFW,TX,ASW,CE,Towers with Radar,37,3,20,19,79,0,0,41,1,42,37,3,61,20,121,72,10,82,203
08/06/2023,AFW,TX,ASW,CE,Towers with Radar,36,3,15,18,72,0,0,14,1,15,36,3,29,19,87,24,0,24,111
08/07/2023,AFW,TX,ASW,CE,Towers with Radar,36,8,46,40,130,0,17,88,1,106,36,25,134,41,236,112,2,114,350
08/08/2023,AFW,TX,ASW,CE,Towers with Radar,60,27,36,65,188,0,16,136,2,154,60,43,172,67,342,156,12,168,510
08/09/2023,AFW,TX,ASW,CE,Towers with Radar,67,22,39,40,168,0,26,31,3,60,67,48,70,43,228,12,14,26,254
08/10/2023,AFW,TX,ASW,CE,Towers with Radar,56,14,53,68,191,0,16,121,4,141,56,30,174,72,332,176,22,198,530
08/11/2023,AFW,TX,ASW,CE,Towers with Radar,46,20,34,15,115,0,7,73,5,85,46,27,107,20,200,149,38,187,387
08/12/2023,AFW,TX,ASW,CE,Towers with Radar,34,1,15,15,65,0,0,41,2,43,34,1,56,17,108,68,6,74,182
08/13/2023,AFW,TX,ASW,CE,Towers with Radar,31,8,20,24,83,0,0,30,5,35,31,8,50,29,118,128,20,148,266
08/14/2023,AFW,TX,ASW,CE,Towers with Radar,34,6,25,53,118,0,9,74,4,87,34,15,99,57,205,90,8,98,303
08/15/2023,AFW,TX,ASW,CE,Towers with Radar,68,20,51,57,196,0,28,93,1,122,68,48,144,58,318,128,18,146,464
08/16/2023,AFW,TX,ASW,CE,Towers with Radar,60,23,45,37,165,0,31,125,4,160,60,54,170,41,325,134,8,142,467
08/17/2023,AFW,TX,ASW,CE,Towers with Radar,60,27,56,21,164,0,18,91,2,111,60,45,147,23,275,137,0,137,412
08/18/2023,AFW,TX,ASW,CE,Towers with Radar,48,16,47,27,138,0,10,95,2,107,48,26,142,29,245,83,8,91,336
08/19/2023,AFW,TX,ASW,CE,Towers with Radar,33,1,7,27,68,0,1,12,2,15,33,2,19,29,83,68,0,68,151
08/20/2023,AFW,TX,ASW,CE,Towers with Radar,37,3,14,7,61,0,1,18,3,22,37,4,32,10,83,32,0,32,115
08/21/2023,AFW,TX,ASW,CE,Towers with Radar,39,8,28,42,117,0,9,64,2,75,39,17,92,44,192,112,8,120,312
08/22/2023,AFW,TX,ASW,CE,Towers with Radar,57,22,43,44,166,0,16,60,5,81,57,38,103,49,247,88,8,96,343
08/23/2023,AFW,TX,ASW,CE,Towers with Radar,57,38,37,53,185,0,27,133,1,161,57,65,170,54,346,148,0,148,494
08/24/2023,AFW,TX,ASW,CE,Towers with Radar,60,25,48,16,149,0,22,133,5,160,60,47,181,21,309,124,0,124,433
08/25/2023,AFW,TX,ASW,CE,Towers with Radar,45,14,29,63,151,0,17,112,9,138,45,31,141,72,289,156,20,176,465
08/26/2023,AFW,TX,ASW,CE,Towers with Radar,34,3,23,10,70,0,2,67,2,71,34,5,90,12,141,74,4,78,219
08/27/2023,AFW,TX,ASW,CE,Towers with Radar,29,7,15,45,96,0,0,32,5,37,29,7,47,50,133,100,12,112,245
08/28/2023,AFW,TX,ASW,CE,Towers with Radar,34,15,27,37,113,0,10,82,4,96,34,25,109,41,209,58,2,60,269
08/29/2023,AFW,TX,ASW,CE,Towers with Radar,60,24,50,54,188,0,17,122,5,144,60,41,172,59,332,106,12,118,450
08/30/2023,AFW,TX,ASW,CE,Towers with Radar,56,28,45,43,172,0,29,139,8,176,56,57,184,51,348,176,18,194,542
08/31/2023,AFW,TX,ASW,CE,Towers with Radar,58,23,39,29,149,0,22,123,4,149,58,45,162,33,298,137,0,137,435
