01/01/2000,AGS,GA,ASO,ES,Towers with Radar,7,12,18,0,37,1,0,2,0,3,8,12,20,0,40,0,0,0,40
01/02/2000,AGS,GA,ASO,ES,Towers with Radar,12,16,22,0,50,0,0,14,0,14,12,16,36,0,64,25,0,25,89
01/03/2000,AGS,GA,ASO,ES,Towers with Radar,16,14,31,25,86,0,0,19,2,21,16,14,50,27,107,48,27,75,182
01/04/2000,AGS,GA,ASO,ES,Towers with Radar,15,14,18,17,64,0,0,0,1,1,15,14,18,18,65,0,11,11,76
01/05/2000,AGS,GA,ASO,ES,Towers with Radar,10,21,27,6,64,0,0,25,1,26,10,21,52,7,90,0,0,0,90
01/06/2000,AGS,GA,ASO,ES,Towers with Radar,10,20,31,18,79,0,0,22,3,25,10,20,53,21,104,51,26,77,181
01/07/2000,AGS,GA,ASO,ES,Towers with Radar,13,16,36,13,78,0,0,21,9,30,13,16,57,22,108,47,11,58,166
01/08/2000,AGS,GA,ASO,ES,Towers with Radar,10,11,33,12,66,0,0,45,6,51,10,11,78,18,117,63,20,83,200
01/09/2000,AGS,GA,ASO,ES,Towers with Radar,15,13,20,0,48,0,1,1,0,2,15,14,21,0,50,22,0,22,72
01/10/2000,AGS,GA,ASO,ES,Towers with Radar,18,10,29,6,63,0,1,5,4,10,18,11,34,10,73,22,7,29,102
01/11/2000,AGS,GA,ASO,ES,Towers with Radar,11,18,36,9,74,0,0,14,1,15,11,18,50,10,89,6,3,9,98
01/12/2000,AGS,GA,ASO,ES,Towers with Radar,13,18,39,10,80,0,0,29,5,34,13,18,68,15,114,47,15,62,176
01/13/2000,AGS,GA,ASO,ES,Towers with Radar,14,15,56,11,96,0,0,13,2,15,14,15,69,13,111,12,10,22,133
01/14/2000,AGS,GA,ASO,ES,Towers with Radar,12,24,38,12,86,0,0,18,3,21,12,24,56,15,107,23,43,66,173
01/15/2000,AGS,GA,ASO,ES,Towers with Radar,11,13,19,1,44,0,0,32,1,33,11,13,51,2,77,41,0,41,118
01/16/2000,AGS,GA,ASO,ES,Towers with Radar,10,18,23,0,51,0,0,18,0,18,10,18,41,0,69,10,0,10,79
01/17/2000,AGS,GA,ASO,ES,Towers with Radar,12,19,47,2,80,0,0,23,1,24,12,19,70,3,104,31,0,31,135
01/18/2000,AGS,GA,ASO,ES,Towers with Radar,15,20,35,9,79,1,8,13,1,23,16,28,48,10,102,21,0,21,123
01/19/2000,AGS,GA,ASO,ES,Towers with Radar,12,21,56,27,116,0,0,6,12,18,12,21,62,39,134,20,24,44,178
01/20/2000,AGS,GA,ASO,ES,Towers with Radar,20,16,28,17,81,0,0,12,5,17,20,16,40,22,98,9,12,21,119
01/21/2000,AGS,GA,ASO,ES,Towers with Radar,13,24,41,11,89,0,2,35,1,38,13,26,76,12,127,43,14,57,184
01/22/2000,AGS,GA,ASO,ES,Towers with Radar,8,12,19,6,45,6,0,10,9,25,14,12,29,15,70,16,12,28,98
01/23/2000,AGS,GA,ASO,ES,Towers with Radar,12,10,14,2,38,0,0,0,0,0,12,10,14,2,38,0,0,0,38
01/24/2000,AGS,GA,ASO,ES,Towers with Radar,17,11,27,8,63,0,0,0,0,0,17,11,27,8,63,0,15,15,78
01/25/2000,AGS,GA,ASO,ES,Towers with Radar,12,17,29,0,58,1,9,21,0,31,13,26,50,0,89,9,0,9,98
01/26/2000,AGS,GA,ASO,ES,Towers with Radar,9,22,28,7,66,0,0,15,0,15,9,22,43,7,81,22,0,22,103
01/27/2000,AGS,GA,ASO,ES,Towers with Radar,12,23,35,27,97,0,0,24,1,25,12,23,59,28,122,23,24,47,169
01/28/2000,AGS,GA,ASO,ES,Towers with Radar,6,15,31,3,55,0,0,12,6,18,6,15,43,9,73,10,16,26,99
01/29/2000,AGS,GA,ASO,ES,Towers with Radar,0,6,5,0,11,0,0,0,0,0,0,6,5,0,11,0,0,0,11
01/30/2000,AGS,GA,ASO,ES,Towers with Radar,3,5,6,1,15,6,1,1,0,8,9,6,7,1,23,0,0,0,23
01/31/2000,AGS,GA,ASO,ES,Towers with Radar,18,11,37,6,72,0,0,23,3,26,18,11,60,9,98,10,4,14,112
02/01/2000,AGS,GA,ASO,ES,Towers with Radar,10,16,36,6,68,0,0,15,0,15,10,16,51,6,83,20,2,22,105
02/02/2000,AGS,GA,ASO,ES,Towers with Radar,11,17,37,6,71,0,1,35,1,37,11,18,72,7,108,19,4,23,131
02/03/2000,AGS,GA,ASO,ES,Towers with Radar,16,16,27,10,69,9,1,12,0,22,25,17,39,10,91,29,0,29,120
02/04/2000,AGS,GA,ASO,ES,Towers with Radar,14,19,39,6,78,0,0,28,0,28,14,19,67,6,106,34,0,34,140
02/05/2000,AGS,GA,ASO,ES,Towers with Radar,13,11,24,3,51,0,0,37,0,37,13,11,61,3,88,49,1,50,138
02/06/2000,AGS,GA,ASO,ES,Towers with Radar,13,17,18,4,52,0,0,52,1,53,13,17,70,5,105,42,0,42,147
02/07/2000,AGS,GA,ASO,ES,Towers with Radar,13,17,37,7,74,1,2,27,1,31,14,19,64,8,105,27,0,27,132
02/08/2000,AGS,GA,ASO,ES,Towers with Radar,14,14,42,7,77,2,0,22,0,24,16,14,64,7,101,93,0,93,194
02/09/2000,AGS,GA,ASO,ES,Towers with Radar,13,17,49,9,88,0,0,31,3,34,13,17,80,12,122,38,9,47,169
02/10/2000,AGS,GA,ASO,ES,Towers with Radar,14,15,33,15,77,0,1,27,2,30,14,16,60,17,107,48,12,60,167
02/11/2000,AGS,GA,ASO,ES,Towers with Radar,12,16,23,7,58,0,0,21,0,21,12,16,44,7,79,33,0,33,112
02/12/2000,AGS,GA,ASO,ES,Towers with Radar,8,11,22,0,41,3,3,4,0,10,11,14,26,0,51,35,0,35,86
02/13/2000,AGS,GA,ASO,ES,Towers with Radar,9,18,31,8,66,0,0,3,0,3,9,18,34,8,69,0,0,0,69
02/14/2000,AGS,GA,ASO,ES,Towers with Radar,18,17,36,7,78,0,0,12,0,12,18,17,48,7,90,16,11,27,117
02/15/2000,AGS,GA,ASO,ES,Towers with Radar,16,13,50,8,87,0,0,54,9,63,16,13,104,17,150,42,28,70,220
02/16/2000,AGS,GA,ASO,ES,Towers with Radar,15,25,53,10,103,0,8,46,5,59,15,33,99,15,162,36,32,68,230
02/17/2000,AGS,GA,ASO,ES,Towers with Radar,19,18,63,15,115,0,1,29,7,37,19,19,92,22,152,56,14,70,222
02/18/2000,AGS,GA,ASO,ES,Towers with Radar,11,16,49,3,79,0,1,18,0,19,11,17,67,3,98,78,0,78,176
02/19/2000,AGS,GA,ASO,ES,Towers with Radar,9,14,22,3,48,0,1,5,0,6,9,15,27,3,54,31,0,31,85
02/20/2000,AGS,GA,ASO,ES,Towers with Radar,13,19,40,3,75,0,1,25,0,26,13,20,65,3,101,27,0,27,128
02/21/2000,AGS,GA,ASO,ES,Towers with Radar,13,15,35,0,63,0,1,22,0,23,13,16,57,0,86,14,0,14,100
02/22/2000,AGS,GA,ASO,ES,Towers with Radar,13,20,61,2,96,0,0,27,4,31,13,20,88,6,127,44,2,46,173
02/23/2000,AGS,GA,ASO,ES,Towers with Radar,14,18,41,16,89,0,0,25,4,29,14,18,66,20,118,55,10,65,183
02/24/2000,AGS,GA,ASO,ES,Towers with Radar,14,20,44,3,81,0,4,18,0,22,14,24,62,3,103,30,0,30,133
02/25/2000,AGS,GA,ASO,ES,Towers with Radar,17,27,51,19,114,0,0,28,1,29,17,27,79,20,143,70,19,89,232
02/26/2000,AGS,GA,ASO,ES,Towers with Radar,11,17,41,3,72,0,0,27,4,31,11,17,68,7,103,45,2,47,150
02/27/2000,AGS,GA,ASO,ES,Towers with Radar,13,30,48,1,92,0,0,9,1,10,13,30,57,2,102,27,7,34,136
02/28/2000,AGS,GA,ASO,ES,Towers with Radar,13,17,35,6,71,3,0,39,1,43,16,17,74,7,114,79,14,93,207
02/29/2000,AGS,GA,ASO,ES,Towers with Radar,14,16,39,6,75,2,0,42,1,45,16,16,81,7,120,66,0,66,186
03/01/2000,AGS,GA,ASO,ES,Towers with Radar,16,16,29,16,77,1,0,21,3,25,17,16,50,19,102,19,10,29,131
03/02/2000,AGS,GA,ASO,ES,Towers with Radar,16,14,37,6,73,0,0,37,2,39,16,14,74,8,112,23,0,23,135
03/03/2000,AGS,GA,ASO,ES,Towers with Radar,14,16,41,6,77,0,0,25,5,30,14,16,66,11,107,92,4,96,203
03/04/2000,AGS,GA,ASO,ES,Towers with Radar,8,12,16,7,43,1,0,2,0,3,9,12,18,7,46,4,0,4,50
03/05/2000,AGS,GA,ASO,ES,Towers with Radar,13,15,33,3,64,1,0,25,0,26,14,15,58,3,90,24,0,24,114
03/06/2000,AGS,GA,ASO,ES,Towers with Radar,15,15,42,11,83,0,0,53,4,57,15,15,95,15,140,78,26,104,244
03/07/2000,AGS,GA,ASO,ES,Towers with Radar,11,18,69,14,112,0,0,25,5,30,11,18,94,19,142,39,15,54,196
03/08/2000,AGS,GA,ASO,ES,Towers with Radar,14,19,52,9,94,0,0,42,10,52,14,19,94,19,146,31,33,64,210
03/09/2000,AGS,GA,ASO,ES,Towers with Radar,13,21,51,8,93,0,0,10,31,41,13,21,61,39,134,32,37,69,203
03/10/2000,AGS,GA,ASO,ES,Towers with Radar,13,18,47,9,87,0,0,26,3,29,13,18,73,12,116,56,9,65,181
03/11/2000,AGS,GA,ASO,ES,Towers with Radar,10,11,18,0,39,0,0,5,0,5,10,11,23,0,44,3,0,3,47
03/12/2000,AGS,GA,ASO,ES,Towers with Radar,17,24,37,2,80,0,0,14,0,14,17,24,51,2,94,2,0,2,96
03/13/2000,AGS,GA,ASO,ES,Towers with Radar,13,20,41,7,81,2,0,27,11,40,15,20,68,18,121,22,40,62,183
03/14/2000,AGS,GA,ASO,ES,Towers with Radar,13,19,39,7,78,3,10,31,3,47,16,29,70,10,125,134,0,134,259
03/15/2000,AGS,GA,ASO,ES,Towers with Radar,14,25,46,4,89,0,0,40,2,42,14,25,86,6,131,88,0,88,219
03/16/2000,AGS,GA,ASO,ES,Towers with Radar,17,23,53,6,99,3,18,9,0,30,20,41,62,6,129,69,0,69,198
03/17/2000,AGS,GA,ASO,ES,Towers with Radar,15,21,47,2,85,0,2,18,0,20,15,23,65,2,105,29,0,29,134
03/18/2000,AGS,GA,ASO,ES,Towers with Radar,11,19,41,6,77,0,0,8,2,10,11,19,49,8,87,32,0,32,119
03/19/2000,AGS,GA,ASO,ES,Towers with Radar,14,19,42,3,78,5,3,1,0,9,19,22,43,3,87,64,0,64,151
03/20/2000,AGS,GA,ASO,ES,Towers with Radar,13,20,62,5,100,0,0,13,0,13,13,20,75,5,113,32,0,32,145
03/21/2000,AGS,GA,ASO,ES,Towers with Radar,11,22,49,15,97,0,0,25,13,38,11,22,74,28,135,55,6,61,196
03/22/2000,AGS,GA,ASO,ES,Towers with Radar,17,23,52,4,96,2,0,60,0,62,19,23,112,4,158,60,0,60,218
03/23/2000,AGS,GA,ASO,ES,Towers with Radar,13,23,61,10,107,0,0,26,1,27,13,23,87,11,134,111,0,111,245
03/24/2000,AGS,GA,ASO,ES,Towers with Radar,17,23,73,1,114,0,0,26,0,26,17,23,99,1,140,21,2,23,163
03/25/2000,AGS,GA,ASO,ES,Towers with Radar,11,13,25,0,49,0,0,21,0,21,11,13,46,0,70,15,0,15,85
03/26/2000,AGS,GA,ASO,ES,Towers with Radar,13,17,44,4,78,0,0,29,0,29,13,17,73,4,107,27,0,27,134
03/27/2000,AGS,GA,ASO,ES,Towers with Radar,15,20,46,4,85,0,0,15,0,15,15,20,61,4,100,22,0,22,122
03/28/2000,AGS,GA,ASO,ES,Towers with Radar,16,18,41,9,84,0,0,23,2,25,16,18,64,11,109,16,4,20,129
03/29/2000,AGS,GA,ASO,ES,Towers with Radar,15,22,27,14,78,0,0,50,2,52,15,22,77,16,130,0,0,0,130
03/30/2000,AGS,GA,ASO,ES,Towers with Radar,14,18,38,11,81,0,0,16,5,21,14,18,54,16,102,57,6,63,165
03/31/2000,AGS,GA,ASO,ES,Towers with Radar,15,15,50,11,91,0,2,43,1,46,15,17,93,12,137,16,0,16,153
04/01/2000,AGS,GA,ASO,ES,Towers with Radar,12,15,45,1,73,1,1,91,2,95,13,16,136,3,168,107,0,107,275
04/02/2000,AGS,GA,ASO,ES,Towers with Radar,9,24,77,6,116,0,1,1,11,13,9,25,78,17,129,4,18,22,151
04/03/2000,AGS,GA,ASO,ES,Towers with Radar,13,36,145,2,196,2,0,8,2,12,15,36,153,4,208,0,0,0,208
04/04/2000,AGS,GA,ASO,ES,Towers with Radar,17,51,193,3,264,2,0,4,0,6,19,51,197,3,270,0,0,0,270
04/05/2000,AGS,GA,ASO,ES,Towers with Radar,19,63,256,4,342,0,0,112,0,112,19,63,368,4,454,0,0,0,454
04/06/2000,AGS,GA,ASO,ES,Towers with Radar,19,56,328,0,403,2,1,29,0,32,21,57,357,0,435,0,0,0,435
04/07/2000,AGS,GA,ASO,ES,Towers with Radar,20,60,359,0,439,1,0,58,0,59,21,60,417,0,498,0,0,0,498
04/08/2000,AGS,GA,ASO,ES,Towers with Radar,24,48,177,0,249,0,0,70,0,70,24,48,247,0,319,0,0,0,319
04/09/2000,AGS,GA,ASO,ES,Towers with Radar,17,83,330,0,430,1,0,35,0,36,18,83,365,0,466,0,0,0,466
04/10/2000,AGS,GA,ASO,ES,Towers with Radar,25,37,86,0,148,1,0,25,2,28,26,37,111,2,176,50,1,51,227
04/11/2000,AGS,GA,ASO,ES,Towers with Radar,11,17,44,7,79,1,0,39,6,46,12,17,83,13,125,54,2,56,181
04/12/2000,AGS,GA,ASO,ES,Towers with Radar,12,20,43,11,86,1,0,30,13,44,13,20,73,24,130,45,26,71,201
04/13/2000,AGS,GA,ASO,ES,Towers with Radar,9,23,43,5,80,0,6,0,17,23,9,29,43,22,103,5,11,16,119
04/14/2000,AGS,GA,ASO,ES,Towers with Radar,16,28,63,8,115,0,1,0,3,4,16,29,63,11,119,0,0,0,119
04/15/2000,AGS,GA,ASO,ES,Towers with Radar,9,12,20,9,50,0,1,4,0,5,9,13,24,9,55,5,0,5,60
04/16/2000,AGS,GA,ASO,ES,Towers with Radar,9,21,50,1,81,0,1,45,1,47,9,22,95,2,128,44,0,44,172
04/17/2000,AGS,GA,ASO,ES,Towers with Radar,11,22,25,8,66,0,1,25,0,26,11,23,50,8,92,64,9,73,165
04/18/2000,AGS,GA,ASO,ES,Towers with Radar,17,15,53,21,106,0,1,33,4,38,17,16,86,25,144,78,54,132,276
04/19/2000,AGS,GA,ASO,ES,Towers with Radar,13,19,44,26,102,0,1,33,0,34,13,20,77,26,136,55,4,59,195
04/20/2000,AGS,GA,ASO,ES,Towers with Radar,19,17,64,12,112,0,1,26,8,35,19,18,90,20,147,47,8,55,202
04/21/2000,AGS,GA,ASO,ES,Towers with Radar,18,16,36,3,73,0,1,5,7,13,18,17,41,10,86,10,0,10,96
04/22/2000,AGS,GA,ASO,ES,Towers with Radar,11,11,26,0,48,0,1,21,0,22,11,12,47,0,70,13,0,13,83
04/23/2000,AGS,GA,ASO,ES,Towers with Radar,11,22,22,4,59,0,1,14,0,15,11,23,36,4,74,19,0,19,93
04/24/2000,AGS,GA,ASO,ES,Towers with Radar,15,13,44,4,76,0,1,10,0,11,15,14,54,4,87,25,0,25,112
04/25/2000,AGS,GA,ASO,ES,Towers with Radar,13,20,83,4,120,4,0,0,0,4,17,20,83,4,124,24,0,24,148
04/26/2000,AGS,GA,ASO,ES,Towers with Radar,12,21,76,5,114,3,0,0,4,7,15,21,76,9,121,35,10,45,166
04/27/2000,AGS,GA,ASO,ES,Towers with Radar,11,20,73,5,109,4,3,22,1,30,15,23,95,6,139,29,0,29,168
04/28/2000,AGS,GA,ASO,ES,Towers with Radar,18,32,73,23,146,0,1,23,8,32,18,33,96,31,178,41,6,47,225
04/29/2000,AGS,GA,ASO,ES,Towers with Radar,12,15,22,8,57,0,0,32,2,34,12,15,54,10,91,79,11,90,181
04/30/2000,AGS,GA,ASO,ES,Towers with Radar,14,21,51,2,88,0,0,36,1,37,14,21,87,3,125,59,0,59,184
05/01/2000,AGS,GA,ASO,ES,Towers with Radar,14,18,42,3,77,1,0,34,0,35,15,18,76,3,112,52,0,52,164
05/02/2000,AGS,GA,ASO,ES,Towers with Radar,8,25,55,5,93,0,1,32,1,34,8,26,87,6,127,86,0,86,213
05/03/2000,AGS,GA,ASO,ES,Towers with Radar,14,18,43,6,81,0,1,15,6,22,14,19,58,12,103,26,6,32,135
05/04/2000,AGS,GA,ASO,ES,Towers with Radar,16,18,55,17,106,0,1,8,2,11,16,19,63,19,117,31,14,45,162
05/05/2000,AGS,GA,ASO,ES,Towers with Radar,13,19,33,4,69,0,1,27,3,31,13,20,60,7,100,39,4,43,143
05/06/2000,AGS,GA,ASO,ES,Towers with Radar,9,21,32,11,73,0,1,22,2,25,9,22,54,13,98,30,6,36,134
05/07/2000,AGS,GA,ASO,ES,Towers with Radar,15,13,35,4,67,0,0,40,0,40,15,13,75,4,107,46,0,46,153
05/08/2000,AGS,GA,ASO,ES,Towers with Radar,10,17,32,8,67,0,0,33,0,33,10,17,65,8,100,19,8,27,127
05/09/2000,AGS,GA,ASO,ES,Towers with Radar,18,18,75,5,116,0,0,28,3,31,18,18,103,8,147,74,0,74,221
05/10/2000,AGS,GA,ASO,ES,Towers with Radar,15,17,57,12,101,0,0,19,1,20,15,17,76,13,121,74,33,107,228
05/11/2000,AGS,GA,ASO,ES,Towers with Radar,13,31,62,6,112,0,0,21,0,21,13,31,83,6,133,44,0,44,177
05/12/2000,AGS,GA,ASO,ES,Towers with Radar,14,23,42,14,93,0,0,31,4,35,14,23,73,18,128,36,20,56,184
05/13/2000,AGS,GA,ASO,ES,Towers with Radar,11,12,27,4,54,0,1,25,1,27,11,13,52,5,81,44,0,44,125
05/14/2000,AGS,GA,ASO,ES,Towers with Radar,11,19,22,1,53,0,1,21,1,23,11,20,43,2,76,21,0,21,97
05/15/2000,AGS,GA,ASO,ES,Towers with Radar,15,20,45,9,89,0,0,22,4,26,15,20,67,13,115,0,4,4,119
05/16/2000,AGS,GA,ASO,ES,Towers with Radar,17,16,50,10,93,1,0,28,18,47,18,16,78,28,140,52,30,82,222
05/17/2000,AGS,GA,ASO,ES,Towers with Radar,15,17,46,12,90,0,1,24,1,26,15,18,70,13,116,13,7,20,136
05/18/2000,AGS,GA,ASO,ES,Towers with Radar,17,13,47,9,86,3,0,19,15,37,20,13,66,24,123,20,10,30,153
05/19/2000,AGS,GA,ASO,ES,Towers with Radar,16,19,34,17,86,0,1,15,9,25,16,20,49,26,111,12,14,26,137
05/20/2000,AGS,GA,ASO,ES,Towers with Radar,11,16,21,14,62,0,1,12,1,14,11,17,33,15,76,25,3,28,104
05/21/2000,AGS,GA,ASO,ES,Towers with Radar,18,14,37,6,75,0,1,7,0,8,18,15,44,6,83,21,0,21,104
05/22/2000,AGS,GA,ASO,ES,Towers with Radar,9,23,42,7,81,0,1,26,1,28,9,24,68,8,109,52,6,58,167
05/23/2000,AGS,GA,ASO,ES,Towers with Radar,11,14,32,2,59,4,0,16,0,20,15,14,48,2,79,14,1,15,94
05/24/2000,AGS,GA,ASO,ES,Towers with Radar,14,14,40,7,75,2,0,13,0,15,16,14,53,7,90,18,1,19,109
05/25/2000,AGS,GA,ASO,ES,Towers with Radar,8,17,40,6,71,0,0,9,0,9,8,17,49,6,80,13,0,13,93
05/26/2000,AGS,GA,ASO,ES,Towers with Radar,17,14,52,2,85,0,1,17,1,19,17,15,69,3,104,39,0,39,143
05/27/2000,AGS,GA,ASO,ES,Towers with Radar,9,10,27,0,46,0,1,13,0,14,9,11,40,0,60,6,0,6,66
05/28/2000,AGS,GA,ASO,ES,Towers with Radar,14,11,5,4,34,0,1,11,0,12,14,12,16,4,46,14,0,14,60
05/29/2000,AGS,GA,ASO,ES,Towers with Radar,9,15,19,2,45,0,1,28,0,29,9,16,47,2,74,43,0,43,117
05/30/2000,AGS,GA,ASO,ES,Towers with Radar,10,16,36,7,69,0,5,19,1,25,10,21,55,8,94,25,0,25,119
05/31/2000,AGS,GA,ASO,ES,Towers with Radar,14,16,30,7,67,0,0,18,0,18,14,16,48,7,85,25,0,25,110
06/01/2000,AGS,GA,ASO,ES,Towers with Radar,15,13,29,10,67,0,0,13,3,16,15,13,42,13,83,4,47,51,134
06/02/2000,AGS,GA,ASO,ES,Towers with Radar,16,16,35,13,80,0,0,16,30,46,16,16,51,43,126,43,50,93,219
06/03/2000,AGS,GA,ASO,ES,Towers with Radar,12,11,7,4,34,0,1,20,0,21,12,12,27,4,55,22,4,26,81
06/04/2000,AGS,GA,ASO,ES,Towers with Radar,8,16,21,6,51,0,1,25,0,26,8,17,46,6,77,23,1,24,101
06/05/2000,AGS,GA,ASO,ES,Towers with Radar,12,15,29,8,64,0,0,6,0,6,12,15,35,8,70,9,0,9,79
06/06/2000,AGS,GA,ASO,ES,Towers with Radar,15,13,29,7,64,4,0,0,0,4,19,13,29,7,68,10,3,13,81
06/07/2000,AGS,GA,ASO,ES,Towers with Radar,14,17,41,8,80,0,1,0,0,1,14,18,41,8,81,52,0,52,133
06/08/2000,AGS,GA,ASO,ES,Towers with Radar,9,18,33,13,73,0,7,8,9,24,9,25,41,22,97,13,14,27,124
06/09/2000,AGS,GA,ASO,ES,Towers with Radar,14,15,29,2,60,0,1,21,0,22,14,16,50,2,82,39,0,39,121
06/10/2000,AGS,GA,ASO,ES,Towers with Radar,9,10,19,2,40,5,1,7,0,13,14,11,26,2,53,12,0,12,65
06/11/2000,AGS,GA,ASO,ES,Towers with Radar,13,12,32,4,61,0,1,23,0,24,13,13,55,4,85,40,0,40,125
06/12/2000,AGS,GA,ASO,ES,Towers with Radar,13,15,36,9,73,0,1,23,0,24,13,16,59,9,97,41,12,53,150
06/13/2000,AGS,GA,ASO,ES,Towers with Radar,16,12,21,6,55,0,0,21,2,23,16,12,42,8,78,16,0,16,94
06/14/2000,AGS,GA,ASO,ES,Towers with Radar,12,17,31,21,81,0,0,19,2,21,12,17,50,23,102,25,34,59,161
06/15/2000,AGS,GA,ASO,ES,Towers with Radar,11,16,40,5,72,0,0,17,0,17,11,16,57,5,89,38,0,38,127
06/16/2000,AGS,GA,ASO,ES,Towers with Radar,12,16,25,7,60,0,0,8,5,13,12,16,33,12,73,67,0,67,140
06/17/2000,AGS,GA,ASO,ES,Towers with Radar,6,9,15,5,35,0,2,9,0,11,6,11,24,5,46,25,0,25,71
06/18/2000,AGS,GA,ASO,ES,Towers with Radar,13,13,24,9,59,1,0,22,0,23,14,13,46,9,82,19,0,19,101
06/19/2000,AGS,GA,ASO,ES,Towers with Radar,15,18,28,12,73,0,0,17,0,17,15,18,45,12,90,20,8,28,118
06/20/2000,AGS,GA,ASO,ES,Towers with Radar,16,19,26,18,79,0,0,18,0,18,16,19,44,18,97,41,3,44,141
06/21/2000,AGS,GA,ASO,ES,Towers with Radar,15,14,30,13,72,0,0,0,21,21,15,14,30,34,93,8,24,32,125
06/22/2000,AGS,GA,ASO,ES,Towers with Radar,20,14,27,10,71,0,0,12,1,13,20,14,39,11,84,3,2,5,89
06/23/2000,AGS,GA,ASO,ES,Towers with Radar,17,16,16,10,59,0,0,30,2,32,17,16,46,12,91,29,0,29,120
06/24/2000,AGS,GA,ASO,ES,Towers with Radar,11,11,13,4,39,0,0,10,0,10,11,11,23,4,49,16,0,16,65
06/25/2000,AGS,GA,ASO,ES,Towers with Radar,16,10,14,7,47,0,0,18,0,18,16,10,32,7,65,13,4,17,82
06/26/2000,AGS,GA,ASO,ES,Towers with Radar,14,15,25,7,61,7,1,35,0,43,21,16,60,7,104,40,5,45,149
06/27/2000,AGS,GA,ASO,ES,Towers with Radar,14,15,25,15,69,0,0,21,5,26,14,15,46,20,95,38,48,86,181
06/28/2000,AGS,GA,ASO,ES,Towers with Radar,14,13,26,10,63,5,0,22,1,28,19,13,48,11,91,29,0,29,120
06/29/2000,AGS,GA,ASO,ES,Towers with Radar,15,21,47,13,96,0,0,6,0,6,15,21,53,13,102,2,11,13,115
06/30/2000,AGS,GA,ASO,ES,Towers with Radar,13,15,31,9,68,0,0,24,5,29,13,15,55,14,97,26,8,34,131
07/01/2000,AGS,GA,ASO,ES,Towers with Radar,10,12,7,2,31,1,0,12,0,13,11,12,19,2,44,13,0,13,57
07/02/2000,AGS,GA,ASO,ES,Towers with Radar,14,9,15,2,40,0,0,24,0,24,14,9,39,2,64,14,0,14,78
07/03/2000,AGS,GA,ASO,ES,Towers with Radar,10,8,13,0,31,0,0,15,0,15,10,8,28,0,46,19,0,19,65
07/04/2000,AGS,GA,ASO,ES,Towers with Radar,8,11,16,0,35,4,1,3,0,8,12,12,19,0,43,18,0,18,61
07/05/2000,AGS,GA,ASO,ES,Towers with Radar,12,15,22,2,51,2,3,14,0,19,14,18,36,2,70,36,0,36,106
07/06/2000,AGS,GA,ASO,ES,Towers with Radar,13,14,23,14,64,0,0,19,6,25,13,14,42,20,89,20,7,27,116
07/07/2000,AGS,GA,ASO,ES,Towers with Radar,13,17,28,0,58,0,2,6,0,8,13,19,34,0,66,8,0,8,74
07/08/2000,AGS,GA,ASO,ES,Towers with Radar,11,11,11,8,41,0,0,12,3,15,11,11,23,11,56,31,3,34,90
07/09/2000,AGS,GA,ASO,ES,Towers with Radar,9,18,32,3,62,0,0,30,0,30,9,18,62,3,92,40,0,40,132
07/10/2000,AGS,GA,ASO,ES,Towers with Radar,13,14,24,3,54,0,0,30,0,30,13,14,54,3,84,30,6,36,120
07/11/2000,AGS,GA,ASO,ES,Towers with Radar,12,15,24,5,56,0,0,21,1,22,12,15,45,6,78,8,0,8,86
07/12/2000,AGS,GA,ASO,ES,Towers with Radar,13,16,31,2,62,0,0,31,2,33,13,16,62,4,95,18,0,18,113
07/13/2000,AGS,GA,ASO,ES,Towers with Radar,12,14,27,13,66,0,0,16,0,16,12,14,43,13,82,32,4,36,118
07/14/2000,AGS,GA,ASO,ES,Towers with Radar,12,14,40,6,72,0,0,27,4,31,12,14,67,10,103,40,5,45,148
07/15/2000,AGS,GA,ASO,ES,Towers with Radar,9,9,15,2,35,2,2,31,0,35,11,11,46,2,70,55,0,55,125
07/16/2000,AGS,GA,ASO,ES,Towers with Radar,13,13,16,2,44,0,0,53,4,57,13,13,69,6,101,22,8,30,131
07/17/2000,AGS,GA,ASO,ES,Towers with Radar,14,13,24,2,53,2,0,45,0,47,16,13,69,2,100,32,0,32,132
07/18/2000,AGS,GA,ASO,ES,Towers with Radar,18,15,23,4,60,0,0,30,7,37,18,15,53,11,97,36,18,54,151
07/19/2000,AGS,GA,ASO,ES,Towers with Radar,12,14,39,9,74,0,0,13,1,14,12,14,52,10,88,22,0,22,110
07/20/2000,AGS,GA,ASO,ES,Towers with Radar,15,16,47,9,87,0,0,18,9,27,15,16,65,18,114,48,12,60,174
07/21/2000,AGS,GA,ASO,ES,Towers with Radar,18,12,23,6,59,0,0,18,2,20,18,12,41,8,79,9,18,27,106
07/22/2000,AGS,GA,ASO,ES,Towers with Radar,11,11,27,5,54,0,0,30,5,35,11,11,57,10,89,29,9,38,127
07/23/2000,AGS,GA,ASO,ES,Towers with Radar,11,16,27,3,57,0,0,6,0,6,11,16,33,3,63,14,0,14,77
07/24/2000,AGS,GA,ASO,ES,Towers with Radar,10,19,31,5,65,0,17,2,9,28,10,36,33,14,93,29,11,40,133
07/25/2000,AGS,GA,ASO,ES,Towers with Radar,14,13,35,10,72,0,0,4,0,4,14,13,39,10,76,34,0,34,110
07/26/2000,AGS,GA,ASO,ES,Towers with Radar,9,26,40,7,82,0,0,11,1,12,9,26,51,8,94,16,0,16,110
07/27/2000,AGS,GA,ASO,ES,Towers with Radar,19,11,36,4,70,0,0,12,1,13,19,11,48,5,83,56,2,58,141
07/28/2000,AGS,GA,ASO,ES,Towers with Radar,13,14,35,5,67,0,0,8,8,16,13,14,43,13,83,3,4,7,90
07/29/2000,AGS,GA,ASO,ES,Towers with Radar,7,13,17,2,39,0,0,14,0,14,7,13,31,2,53,27,0,27,80
07/30/2000,AGS,GA,ASO,ES,Towers with Radar,13,10,25,2,50,3,0,26,0,29,16,10,51,2,79,88,2,90,169
07/31/2000,AGS,GA,ASO,ES,Towers with Radar,14,16,28,0,58,0,0,12,0,12,14,16,40,0,70,0,0,0,70
08/01/2000,AGS,GA,ASO,ES,Towers with Radar,13,15,27,4,59,0,1,2,4,7,13,16,29,8,66,2,0,2,68
08/02/2000,AGS,GA,ASO,ES,Towers with Radar,15,17,33,5,70,0,0,7,0,7,15,17,40,5,77,12,0,12,89
08/03/2000,AGS,GA,ASO,ES,Towers with Radar,19,17,32,7,75,0,0,26,2,28,19,17,58,9,103,84,8,92,195
08/04/2000,AGS,GA,ASO,ES,Towers with Radar,10,15,32,3,60,0,0,16,0,16,10,15,48,3,76,31,0,31,107
08/05/2000,AGS,GA,ASO,ES,Towers with Radar,10,10,21,0,41,2,0,10,0,12,12,10,31,0,53,43,0,43,96
08/06/2000,AGS,GA,ASO,ES,Towers with Radar,17,10,14,4,45,0,0,22,0,22,17,10,36,4,67,33,0,33,100
08/07/2000,AGS,GA,ASO,ES,Towers with Radar,15,16,16,2,49,0,0,26,0,26,15,16,42,2,75,44,0,44,119
08/08/2000,AGS,GA,ASO,ES,Towers with Radar,14,13,32,10,69,0,0,22,0,22,14,13,54,10,91,35,4,39,130
08/09/2000,AGS,GA,ASO,ES,Towers with Radar,12,18,33,8,71,0,0,13,0,13,12,18,46,8,84,7,0,7,91
08/10/2000,AGS,GA,ASO,ES,Towers with Radar,15,12,24,9,60,0,0,16,1,17,15,12,40,10,77,16,0,16,93
08/11/2000,AGS,GA,ASO,ES,Towers with Radar,12,16,31,9,68,0,0,16,12,28,12,16,47,21,96,13,48,61,157
08/12/2000,AGS,GA,ASO,ES,Towers with Radar,12,12,17,0,41,0,0,28,2,30,12,12,45,2,71,30,0,30,101
08/13/2000,AGS,GA,ASO,ES,Towers with Radar,11,12,24,2,49,0,0,18,0,18,11,12,42,2,67,30,0,30,97
08/14/2000,AGS,GA,ASO,ES,Towers with Radar,16,14,27,1,58,0,0,36,1,37,16,14,63,2,95,52,0,52,147
08/15/2000,AGS,GA,ASO,ES,Towers with Radar,12,19,35,8,74,0,0,21,2,23,12,19,56,10,97,20,0,20,117
08/16/2000,AGS,GA,ASO,ES,Towers with Radar,14,17,59,5,95,0,0,10,2,12,14,17,69,7,107,10,6,16,123
08/17/2000,AGS,GA,ASO,ES,Towers with Radar,14,20,38,6,78,0,0,46,2,48,14,20,84,8,126,73,8,81,207
08/18/2000,AGS,GA,ASO,ES,Towers with Radar,16,14,21,6,57,0,0,10,0,10,16,14,31,6,67,30,34,64,131
08/19/2000,AGS,GA,ASO,ES,Towers with Radar,9,10,19,3,41,3,4,8,3,18,12,14,27,6,59,10,0,10,69
08/20/2000,AGS,GA,ASO,ES,Towers with Radar,15,18,17,4,54,0,0,16,0,16,15,18,33,4,70,13,0,13,83
08/21/2000,AGS,GA,ASO,ES,Towers with Radar,11,14,39,3,67,0,0,12,0,12,11,14,51,3,79,24,2,26,105
08/22/2000,AGS,GA,ASO,ES,Towers with Radar,14,18,34,5,71,0,0,18,9,27,14,18,52,14,98,22,8,30,128
08/23/2000,AGS,GA,ASO,ES,Towers with Radar,14,14,36,9,73,0,0,36,1,37,14,14,72,10,110,15,5,20,130
08/24/2000,AGS,GA,ASO,ES,Towers with Radar,12,14,39,6,71,0,0,25,3,28,12,14,64,9,99,34,0,34,133
08/25/2000,AGS,GA,ASO,ES,Towers with Radar,15,20,31,8,74,0,0,16,3,19,15,20,47,11,93,14,46,60,153
08/26/2000,AGS,GA,ASO,ES,Towers with Radar,11,11,9,3,34,0,0,24,2,26,11,11,33,5,60,26,8,34,94
08/27/2000,AGS,GA,ASO,ES,Towers with Radar,11,13,26,4,54,3,1,13,1,18,14,14,39,5,72,10,0,10,82
08/28/2000,AGS,GA,ASO,ES,Towers with Radar,16,25,54,4,99,0,2,30,0,32,16,27,84,4,131,32,12,44,175
08/29/2000,AGS,GA,ASO,ES,Towers with Radar,15,15,31,4,65,0,0,23,3,26,15,15,54,7,91,11,0,11,102
08/30/2000,AGS,GA,ASO,ES,Towers with Radar,15,14,57,7,93,0,0,21,0,21,15,14,78,7,114,43,7,50,164
08/31/2000,AGS,GA,ASO,ES,Towers with Radar,13,17,40,4,74,0,0,3,0,3,13,17,43,4,77,28,0,28,105
09/01/2000,AGS,GA,ASO,ES,Towers with Radar,11,24,25,6,66,1,0,18,1,20,12,24,43,7,86,15,10,25,111
09/02/2000,AGS,GA,ASO,ES,Towers with Radar,15,8,5,1,29,0,0,2,0,2,15,8,7,1,31,17,0,17,48
09/03/2000,AGS,GA,ASO,ES,Towers with Radar,11,8,4,1,24,0,0,1,1,2,11,8,5,2,26,2,0,2,28
09/04/2000,AGS,GA,ASO,ES,Towers with Radar,12,10,16,0,38,0,0,0,0,0,12,10,16,0,38,10,0,10,48
09/05/2000,AGS,GA,ASO,ES,Towers with Radar,13,15,27,0,55,0,1,7,0,8,13,16,34,0,63,2,0,2,65
09/06/2000,AGS,GA,ASO,ES,Towers with Radar,10,13,20,2,45,0,8,0,0,8,10,21,20,2,53,0,0,0,53
09/07/2000,AGS,GA,ASO,ES,Towers with Radar,10,18,30,4,62,0,6,22,8,36,10,24,52,12,98,24,17,41,139
09/08/2000,AGS,GA,ASO,ES,Towers with Radar,15,14,33,9,71,0,0,22,4,26,15,14,55,13,97,26,0,26,123
09/09/2000,AGS,GA,ASO,ES,Towers with Radar,10,10,27,0,47,0,0,26,1,27,10,10,53,1,74,25,0,25,99
09/10/2000,AGS,GA,ASO,ES,Towers with Radar,13,10,20,3,46,0,0,13,0,13,13,10,33,3,59,28,0,28,87
09/11/2000,AGS,GA,ASO,ES,Towers with Radar,13,14,27,23,77,0,0,16,1,17,13,14,43,24,94,31,20,51,145
09/12/2000,AGS,GA,ASO,ES,Towers with Radar,18,14,27,11,70,0,0,34,5,39,18,14,61,16,109,68,0,68,177
09/13/2000,AGS,GA,ASO,ES,Towers with Radar,14,18,30,6,68,0,0,37,5,42,14,18,67,11,110,54,0,54,164
09/14/2000,AGS,GA,ASO,ES,Towers with Radar,22,11,43,15,91,0,0,15,2,17,22,11,58,17,108,45,29,74,182
09/15/2000,AGS,GA,ASO,ES,Towers with Radar,13,17,26,5,61,0,0,27,1,28,13,17,53,6,89,22,2,24,113
09/16/2000,AGS,GA,ASO,ES,Towers with Radar,10,7,16,1,34,5,0,25,0,30,15,7,41,1,64,0,0,0,64
09/17/2000,AGS,GA,ASO,ES,Towers with Radar,14,11,27,1,53,0,0,23,0,23,14,11,50,1,76,14,0,14,90
09/18/2000,AGS,GA,ASO,ES,Towers with Radar,17,14,34,0,65,0,0,1,0,1,17,14,35,0,66,0,0,0,66
09/19/2000,AGS,GA,ASO,ES,Towers with Radar,15,15,39,4,73,0,0,31,0,31,15,15,70,4,104,32,0,32,136
09/20/2000,AGS,GA,ASO,ES,Towers with Radar,17,15,38,7,77,0,0,22,2,24,17,15,60,9,101,12,20,32,133
09/21/2000,AGS,GA,ASO,ES,Towers with Radar,9,18,52,9,88,0,0,10,0,10,9,18,62,9,98,58,8,66,164
09/22/2000,AGS,GA,ASO,ES,Towers with Radar,12,13,19,2,46,2,7,0,0,9,14,20,19,2,55,0,0,0,55
09/23/2000,AGS,GA,ASO,ES,Towers with Radar,14,8,15,1,38,0,0,8,2,10,14,8,23,3,48,12,0,12,60
09/24/2000,AGS,GA,ASO,ES,Towers with Radar,12,13,22,4,51,3,1,23,0,27,15,14,45,4,78,20,0,20,98
09/25/2000,AGS,GA,ASO,ES,Towers with Radar,14,14,23,5,56,7,2,6,3,18,21,16,29,8,74,0,2,2,76
09/26/2000,AGS,GA,ASO,ES,Towers with Radar,15,12,28,10,65,0,2,23,2,27,15,14,51,12,92,37,3,40,132
09/27/2000,AGS,GA,ASO,ES,Towers with Radar,13,14,26,14,67,0,0,26,0,26,13,14,52,14,93,37,4,41,134
09/28/2000,AGS,GA,ASO,ES,Towers with Radar,13,17,20,21,71,0,0,23,6,29,13,17,43,27,100,34,19,53,153
09/29/2000,AGS,GA,ASO,ES,Towers with Radar,14,16,33,2,65,0,0,22,0,22,14,16,55,2,87,18,0,18,105
09/30/2000,AGS,GA,ASO,ES,Towers with Radar,13,10,9,0,32,0,0,20,0,20,13,10,29,0,52,26,0,26,78
10/01/2000,AGS,GA,ASO,ES,Towers with Radar,13,11,16,3,43,1,0,39,0,40,14,11,55,3,83,51,0,51,134
10/02/2000,AGS,GA,ASO,ES,Towers with Radar,10,11,27,6,54,6,0,22,0,28,16,11,49,6,82,0,14,14,96
10/03/2000,AGS,GA,ASO,ES,Towers with Radar,15,15,41,16,87,1,0,35,2,38,16,15,76,18,125,51,18,69,194
10/04/2000,AGS,GA,ASO,ES,Towers with Radar,15,16,43,9,83,1,1,21,0,23,16,17,64,9,106,34,4,38,144
10/05/2000,AGS,GA,ASO,ES,Towers with Radar,15,20,36,6,77,1,0,30,2,33,16,20,66,8,110,36,0,36,146
10/06/2000,AGS,GA,ASO,ES,Towers with Radar,8,21,39,5,73,0,1,33,0,34,8,22,72,5,107,62,0,62,169
10/07/2000,AGS,GA,ASO,ES,Towers with Radar,9,23,43,8,83,0,0,14,6,20,9,23,57,14,103,2,7,9,112
10/08/2000,AGS,GA,ASO,ES,Towers with Radar,13,22,40,1,76,0,3,10,0,13,13,25,50,1,89,7,0,7,96
10/09/2000,AGS,GA,ASO,ES,Towers with Radar,12,10,30,5,57,2,0,20,29,51,14,10,50,34,108,59,25,84,192
10/10/2000,AGS,GA,ASO,ES,Towers with Radar,15,20,39,2,76,2,0,19,0,21,17,20,58,2,97,10,0,10,107
10/11/2000,AGS,GA,ASO,ES,Towers with Radar,8,19,36,3,66,0,5,19,0,24,8,24,55,3,90,23,4,27,117
10/12/2000,AGS,GA,ASO,ES,Towers with Radar,13,20,27,7,67,0,2,0,4,6,13,22,27,11,73,2,7,9,82
10/13/2000,AGS,GA,ASO,ES,Towers with Radar,15,16,49,4,84,1,0,16,2,19,16,16,65,6,103,30,2,32,135
10/14/2000,AGS,GA,ASO,ES,Towers with Radar,13,8,16,1,38,1,0,18,3,22,14,8,34,4,60,25,0,25,85
10/15/2000,AGS,GA,ASO,ES,Towers with Radar,16,10,54,3,83,0,0,28,0,28,16,10,82,3,111,79,0,79,190
10/16/2000,AGS,GA,ASO,ES,Towers with Radar,18,15,37,7,77,0,0,24,0,24,18,15,61,7,101,28,0,28,129
10/17/2000,AGS,GA,ASO,ES,Towers with Radar,17,18,39,12,86,0,0,16,1,17,17,18,55,13,103,6,2,8,111
10/18/2000,AGS,GA,ASO,ES,Towers with Radar,17,20,40,4,81,0,3,24,0,27,17,23,64,4,108,32,0,32,140
10/19/2000,AGS,GA,ASO,ES,Towers with Radar,17,19,38,7,81,0,3,14,0,17,17,22,52,7,98,8,0,8,106
10/20/2000,AGS,GA,ASO,ES,Towers with Radar,19,17,38,11,85,0,0,14,0,14,19,17,52,11,99,39,8,47,146
10/21/2000,AGS,GA,ASO,ES,Towers with Radar,16,16,27,2,61,0,0,25,0,25,16,16,52,2,86,24,1,25,111
10/22/2000,AGS,GA,ASO,ES,Towers with Radar,15,17,25,3,60,0,0,13,0,13,15,17,38,3,73,6,0,6,79
10/23/2000,AGS,GA,ASO,ES,Towers with Radar,12,13,27,4,56,4,0,11,0,15,16,13,38,4,71,7,2,9,80
10/24/2000,AGS,GA,ASO,ES,Towers with Radar,11,18,51,11,91,0,0,32,4,36,11,18,83,15,127,31,17,48,175
10/25/2000,AGS,GA,ASO,ES,Towers with Radar,18,14,43,8,83,0,0,36,0,36,18,14,79,8,119,26,0,26,145
10/26/2000,AGS,GA,ASO,ES,Towers with Radar,15,21,42,8,86,0,6,9,18,33,15,27,51,26,119,30,50,80,199
10/27/2000,AGS,GA,ASO,ES,Towers with Radar,16,15,36,11,78,0,0,20,3,23,16,15,56,14,101,10,12,22,123
10/28/2000,AGS,GA,ASO,ES,Towers with Radar,12,10,27,5,54,3,0,15,2,20,15,10,42,7,74,8,0,8,82
10/29/2000,AGS,GA,ASO,ES,Towers with Radar,14,19,33,1,67,0,0,16,0,16,14,19,49,1,83,7,0,7,90
10/30/2000,AGS,GA,ASO,ES,Towers with Radar,15,17,35,7,74,1,1,35,4,41,16,18,70,11,115,16,6,22,137
10/31/2000,AGS,GA,ASO,ES,Towers with Radar,13,16,32,6,67,4,6,24,1,35,17,22,56,7,102,46,3,49,151
11/01/2000,AGS,GA,ASO,ES,Towers with Radar,16,17,43,9,85,0,1,32,3,36,16,18,75,12,121,24,10,34,155
11/02/2000,AGS,GA,ASO,ES,Towers with Radar,16,19,44,5,84,0,1,19,0,20,16,20,63,5,104,36,0,36,140
11/03/2000,AGS,GA,ASO,ES,Towers with Radar,17,23,50,8,98,0,0,4,0,4,17,23,54,8,102,14,8,22,124
11/04/2000,AGS,GA,ASO,ES,Towers with Radar,13,10,25,4,52,0,0,13,0,13,13,10,38,4,65,11,0,11,76
11/05/2000,AGS,GA,ASO,ES,Towers with Radar,16,17,36,2,71,0,2,12,0,14,16,19,48,2,85,15,0,15,100
11/06/2000,AGS,GA,ASO,ES,Towers with Radar,15,17,36,4,72,0,0,18,0,18,15,17,54,4,90,21,2,23,113
11/07/2000,AGS,GA,ASO,ES,Towers with Radar,16,22,43,4,85,0,1,2,0,3,16,23,45,4,88,2,0,2,90
11/08/2000,AGS,GA,ASO,ES,Towers with Radar,17,29,38,4,88,0,1,5,2,8,17,30,43,6,96,14,0,14,110
11/09/2000,AGS,GA,ASO,ES,Towers with Radar,14,19,55,2,90,0,1,2,1,4,14,20,57,3,94,0,0,0,94
11/10/2000,AGS,GA,ASO,ES,Towers with Radar,15,23,39,1,78,0,1,9,1,11,15,24,48,2,89,5,0,5,94
11/11/2000,AGS,GA,ASO,ES,Towers with Radar,14,15,33,0,62,2,6,41,0,49,16,21,74,0,111,29,0,29,140
11/12/2000,AGS,GA,ASO,ES,Towers with Radar,15,20,43,2,80,0,1,14,0,15,15,21,57,2,95,6,0,6,101
11/13/2000,AGS,GA,ASO,ES,Towers with Radar,16,11,36,5,68,2,0,11,8,21,18,11,47,13,89,4,13,17,106
11/14/2000,AGS,GA,ASO,ES,Towers with Radar,16,18,40,5,79,0,1,10,6,17,16,19,50,11,96,2,6,8,104
11/15/2000,AGS,GA,ASO,ES,Towers with Radar,13,25,32,5,75,0,1,37,1,39,13,26,69,6,114,46,0,46,160
11/16/2000,AGS,GA,ASO,ES,Towers with Radar,16,18,45,7,86,0,0,14,0,14,16,18,59,7,100,6,0,6,106
11/17/2000,AGS,GA,ASO,ES,Towers with Radar,18,12,49,5,84,0,0,44,0,44,18,12,93,5,128,18,0,18,146
11/18/2000,AGS,GA,ASO,ES,Towers with Radar,9,8,18,3,38,0,0,15,0,15,9,8,33,3,53,38,0,38,91
11/19/2000,AGS,GA,ASO,ES,Towers with Radar,9,10,18,0,37,8,3,0,0,11,17,13,18,0,48,0,0,0,48
11/20/2000,AGS,GA,ASO,ES,Towers with Radar,16,13,40,4,73,0,0,23,2,25,16,13,63,6,98,0,18,18,116
11/21/2000,AGS,GA,ASO,ES,Towers with Radar,16,12,38,5,71,2,0,26,5,33,18,12,64,10,104,10,5,15,119
11/22/2000,AGS,GA,ASO,ES,Towers with Radar,27,11,35,3,76,0,0,26,0,26,27,11,61,3,102,28,0,28,130
11/23/2000,AGS,GA,ASO,ES,Towers with Radar,12,9,3,0,24,0,0,8,0,8,12,9,11,0,32,8,0,8,40
11/24/2000,AGS,GA,ASO,ES,Towers with Radar,9,6,16,0,31,0,0,33,0,33,9,6,49,0,64,65,0,65,129
11/25/2000,AGS,GA,ASO,ES,Towers with Radar,6,8,12,2,28,8,6,0,0,14,14,14,12,2,42,0,0,0,42
11/26/2000,AGS,GA,ASO,ES,Towers with Radar,12,18,22,2,54,0,0,15,0,15,12,18,37,2,69,12,0,12,81
11/27/2000,AGS,GA,ASO,ES,Towers with Radar,14,15,45,3,77,0,0,22,0,22,14,15,67,3,99,21,0,21,120
11/28/2000,AGS,GA,ASO,ES,Towers with Radar,18,15,44,19,96,0,0,17,8,25,18,15,61,27,121,16,12,28,149
11/29/2000,AGS,GA,ASO,ES,Towers with Radar,17,24,30,14,85,0,0,41,2,43,17,24,71,16,128,49,3,52,180
11/30/2000,AGS,GA,ASO,ES,Towers with Radar,16,21,29,16,82,0,0,29,2,31,16,21,58,18,113,20,2,22,135
12/01/2000,AGS,GA,ASO,ES,Towers with Radar,18,21,35,16,90,0,0,15,3,18,18,21,50,19,108,6,8,14,122
12/02/2000,AGS,GA,ASO,ES,Towers with Radar,10,20,33,3,66,0,0,15,0,15,10,20,48,3,81,31,0,31,112
12/03/2000,AGS,GA,ASO,ES,Towers with Radar,12,16,20,3,51,3,9,3,1,16,15,25,23,4,67,0,0,0,67
12/04/2000,AGS,GA,ASO,ES,Towers with Radar,21,14,35,1,71,0,0,22,3,25,21,14,57,4,96,12,0,12,108
12/05/2000,AGS,GA,ASO,ES,Towers with Radar,15,21,37,13,86,0,0,36,3,39,15,21,73,16,125,17,0,17,142
12/06/2000,AGS,GA,ASO,ES,Towers with Radar,16,24,32,6,78,1,0,26,4,31,17,24,58,10,109,22,4,26,135
12/07/2000,AGS,GA,ASO,ES,Towers with Radar,19,25,30,10,84,0,0,18,0,18,19,25,48,10,102,12,1,13,115
12/08/2000,AGS,GA,ASO,ES,Towers with Radar,11,27,34,4,76,0,1,2,0,3,11,28,36,4,79,8,0,8,87
12/09/2000,AGS,GA,ASO,ES,Towers with Radar,9,14,32,0,55,0,0,16,0,16,9,14,48,0,71,37,0,37,108
12/10/2000,AGS,GA,ASO,ES,Towers with Radar,16,16,35,1,68,0,0,1,0,1,16,16,36,1,69,0,0,0,69
12/11/2000,AGS,GA,ASO,ES,Towers with Radar,16,32,46,22,116,0,0,1,0,1,16,32,47,22,117,0,12,12,129
12/12/2000,AGS,GA,ASO,ES,Towers with Radar,14,22,36,9,81,0,0,15,2,17,14,22,51,11,98,13,0,13,111
12/13/2000,AGS,GA,ASO,ES,Towers with Radar,16,17,31,5,69,0,0,1,2,3,16,17,32,7,72,0,32,32,104
12/14/2000,AGS,GA,ASO,ES,Towers with Radar,8,25,30,5,68,0,0,10,6,16,8,25,40,11,84,0,0,0,84
12/15/2000,AGS,GA,ASO,ES,Towers with Radar,13,33,43,8,97,0,0,10,0,10,13,33,53,8,107,4,0,4,111
12/16/2000,AGS,GA,ASO,ES,Towers with Radar,6,12,9,0,27,0,0,1,0,1,6,12,10,0,28,1,0,1,29
12/17/2000,AGS,GA,ASO,ES,Towers with Radar,8,12,15,2,37,6,7,6,0,19,14,19,21,2,56,0,0,0,56
12/18/2000,AGS,GA,ASO,ES,Towers with Radar,16,22,33,6,77,0,0,22,3,25,16,22,55,9,102,17,0,17,119
12/19/2000,AGS,GA,ASO,ES,Towers with Radar,12,25,25,4,66,0,0,0,0,0,12,25,25,4,66,0,2,2,68
12/20/2000,AGS,GA,ASO,ES,Towers with Radar,13,20,27,4,64,0,0,32,0,32,13,20,59,4,96,47,0,47,143
12/21/2000,AGS,GA,ASO,ES,Towers with Radar,4,23,13,3,43,0,0,10,0,10,4,23,23,3,53,3,0,3,56
12/22/2000,AGS,GA,ASO,ES,Towers with Radar,11,21,26,2,60,0,0,9,0,9,11,21,35,2,69,1,0,1,70
12/23/2000,AGS,GA,ASO,ES,Towers with Radar,12,20,22,0,54,0,0,28,0,28,12,20,50,0,82,0,0,0,82
12/24/2000,AGS,GA,ASO,ES,Towers with Radar,13,11,10,0,34,0,0,14,0,14,13,11,24,0,48,19,0,19,67
12/25/2000,AGS,GA,ASO,ES,Towers with Radar,5,8,7,0,20,6,2,0,0,8,11,10,7,0,28,0,0,0,28
12/26/2000,AGS,GA,ASO,ES,Towers with Radar,11,20,28,0,59,0,0,24,0,24,11,20,52,0,83,20,0,20,103
12/27/2000,AGS,GA,ASO,ES,Towers with Radar,17,16,26,5,64,0,0,13,0,13,17,16,39,5,77,32,4,36,113
12/28/2000,AGS,GA,ASO,ES,Towers with Radar,20,20,21,6,67,0,0,0,0,0,20,20,21,6,67,0,0,0,67
12/29/2000,AGS,GA,ASO,ES,Towers with Radar,9,25,15,0,49,0,0,16,0,16,9,25,31,0,65,10,0,10,75
12/30/2000,AGS,GA,ASO,ES,Towers with Radar,8,13,18,0,39,2,5,3,0,10,10,18,21,0,49,1,0,1,50
12/31/2000,AGS,GA,ASO,ES,Towers with Radar,14,9,18,0,41,0,0,16,0,16,14,9,34,0,57,26,0,26,83
01/01/2001,AGS,GA,ASO,ES,Towers with Radar,10,14,11,0,35,1,0,4,0,5,11,14,15,0,40,0,0,0,40
01/02/2001,AGS,GA,ASO,ES,Towers with Radar,16,19,19,1,55,0,0,29,1,30,16,19,48,2,85,30,0,30,115
01/03/2001,AGS,GA,ASO,ES,Towers with Radar,18,21,23,0,62,0,0,12,0,12,18,21,35,0,74,7,0,7,81
01/04/2001,AGS,GA,ASO,ES,Towers with Radar,12,23,35,9,79,0,3,23,2,28,12,26,58,11,107,19,1,20,127
01/05/2001,AGS,GA,ASO,ES,Towers with Radar,11,24,15,6,56,0,0,12,1,13,11,24,27,7,69,9,2,11,80
01/06/2001,AGS,GA,ASO,ES,Towers with Radar,11,19,28,7,65,0,1,25,22,48,11,20,53,29,113,21,18,39,152
01/07/2001,AGS,GA,ASO,ES,Towers with Radar,9,19,29,14,71,0,0,27,0,27,9,19,56,14,98,34,6,40,138
01/08/2001,AGS,GA,ASO,ES,Towers with Radar,11,16,21,0,48,8,3,0,0,11,19,19,21,0,59,8,0,8,67
01/09/2001,AGS,GA,ASO,ES,Towers with Radar,13,20,31,8,72,0,0,18,0,18,13,20,49,8,90,37,3,40,130
01/10/2001,AGS,GA,ASO,ES,Towers with Radar,13,18,27,5,63,0,0,23,0,23,13,18,50,5,86,13,0,13,99
01/11/2001,AGS,GA,ASO,ES,Towers with Radar,13,26,28,16,83,0,0,13,0,13,13,26,41,16,96,8,23,31,127
01/12/2001,AGS,GA,ASO,ES,Towers with Radar,16,20,29,4,69,0,0,0,0,0,16,20,29,4,69,0,0,0,69
01/13/2001,AGS,GA,ASO,ES,Towers with Radar,8,18,29,6,61,0,0,35,9,44,8,18,64,15,105,43,8,51,156
01/14/2001,AGS,GA,ASO,ES,Towers with Radar,9,18,24,4,55,0,0,6,0,6,9,18,30,4,61,68,1,69,130
01/15/2001,AGS,GA,ASO,ES,Towers with Radar,10,17,41,5,73,0,0,14,2,16,10,17,55,7,89,27,3,30,119
01/16/2001,AGS,GA,ASO,ES,Towers with Radar,13,20,24,6,63,0,0,19,1,20,13,20,43,7,83,42,12,54,137
01/17/2001,AGS,GA,ASO,ES,Towers with Radar,11,17,41,0,69,0,0,36,1,37,11,17,77,1,106,42,0,42,148
01/18/2001,AGS,GA,ASO,ES,Towers with Radar,15,28,43,16,102,0,0,7,2,9,15,28,50,18,111,11,2,13,124
01/19/2001,AGS,GA,ASO,ES,Towers with Radar,24,19,33,0,76,0,1,6,0,7,24,20,39,0,83,16,0,16,99
01/20/2001,AGS,GA,ASO,ES,Towers with Radar,11,15,25,4,55,2,0,26,0,28,13,15,51,4,83,18,0,18,101
01/21/2001,AGS,GA,ASO,ES,Towers with Radar,13,26,39,9,87,0,0,37,3,40,13,26,76,12,127,43,14,57,184
01/22/2001,AGS,GA,ASO,ES,Towers with Radar,13,21,48,6,88,0,0,26,2,28,13,21,74,8,116,48,14,62,178
01/23/2001,AGS,GA,ASO,ES,Towers with Radar,8,23,34,8,73,0,0,0,0,0,8,23,34,8,73,15,2,17,90
01/24/2001,AGS,GA,ASO,ES,Towers with Radar,13,20,43,13,89,0,0,2,0,2,13,20,45,13,91,43,12,55,146
01/25/2001,AGS,GA,ASO,ES,Towers with Radar,11,27,44,23,105,0,0,9,3,12,11,27,53,26,117,4,12,16,133
01/26/2001,AGS,GA,ASO,ES,Towers with Radar,15,24,28,14,81,0,0,43,0,43,15,24,71,14,124,50,0,50,174
01/27/2001,AGS,GA,ASO,ES,Towers with Radar,9,14,20,0,43,3,6,26,0,35,12,20,46,0,78,40,0,40,118
01/28/2001,AGS,GA,ASO,ES,Towers with Radar,19,15,41,0,75,0,0,34,0,34,19,15,75,0,109,65,0,65,174
01/29/2001,AGS,GA,ASO,ES,Towers with Radar,17,31,30,12,90,0,1,24,3,28,17,32,54,15,118,11,20,31,149
01/30/2001,AGS,GA,ASO,ES,Towers with Radar,18,25,29,13,85,0,0,19,1,20,18,25,48,14,105,57,2,59,164
01/31/2001,AGS,GA,ASO,ES,Towers with Radar,17,20,40,8,85,0,0,3,0,3,17,20,43,8,88,33,0,33,121
02/01/2001,AGS,GA,ASO,ES,Towers with Radar,12,24,31,5,72,0,0,19,2,21,12,24,50,7,93,14,0,14,107
02/02/2001,AGS,GA,ASO,ES,Towers with Radar,12,35,14,6,67,0,0,1,0,1,12,35,15,6,68,9,9,18,86
02/03/2001,AGS,GA,ASO,ES,Towers with Radar,9,14,17,0,40,1,10,24,0,35,10,24,41,0,75,60,0,60,135
02/04/2001,AGS,GA,ASO,ES,Towers with Radar,18,14,27,6,65,0,0,22,8,30,18,14,49,14,95,30,2,32,127
02/05/2001,AGS,GA,ASO,ES,Towers with Radar,16,19,37,3,75,0,0,38,0,38,16,19,75,3,113,21,2,23,136
02/06/2001,AGS,GA,ASO,ES,Towers with Radar,11,18,35,14,78,0,0,34,5,39,11,18,69,19,117,44,0,44,161
02/07/2001,AGS,GA,ASO,ES,Towers with Radar,14,26,37,6,83,0,0,32,4,36,14,26,69,10,119,64,2,66,185
02/08/2001,AGS,GA,ASO,ES,Towers with Radar,19,22,34,14,89,0,1,35,6,42,19,23,69,20,131,76,18,94,225
02/09/2001,AGS,GA,ASO,ES,Towers with Radar,14,18,35,4,71,0,0,17,0,17,14,18,52,4,88,44,8,52,140
02/10/2001,AGS,GA,ASO,ES,Towers with Radar,11,17,24,1,53,0,0,11,0,11,11,17,35,1,64,34,0,34,98
02/11/2001,AGS,GA,ASO,ES,Towers with Radar,14,13,29,6,62,4,0,2,0,6,18,13,31,6,68,22,0,22,90
02/12/2001,AGS,GA,ASO,ES,Towers with Radar,16,22,26,3,67,0,0,1,1,2,16,22,27,4,69,4,0,4,73
02/13/2001,AGS,GA,ASO,ES,Towers with Radar,15,22,34,12,83,0,0,0,1,1,15,22,34,13,84,0,0,0,84
02/14/2001,AGS,GA,ASO,ES,Towers with Radar,17,16,35,3,71,0,0,3,1,4,17,16,38,4,75,0,0,0,75
02/15/2001,AGS,GA,ASO,ES,Towers with Radar,11,29,47,15,102,0,1,12,4,17,11,30,59,19,119,6,0,6,125
02/16/2001,AGS,GA,ASO,ES,Towers with Radar,12,25,19,1,57,0,0,4,1,5,12,25,23,2,62,1,0,1,63
02/17/2001,AGS,GA,ASO,ES,Towers with Radar,8,26,17,4,55,0,3,7,3,13,8,29,24,7,68,7,0,7,75
02/18/2001,AGS,GA,ASO,ES,Towers with Radar,17,17,13,0,47,0,0,12,0,12,17,17,25,0,59,4,0,4,63
02/19/2001,AGS,GA,ASO,ES,Towers with Radar,13,20,47,2,82,0,0,32,2,34,13,20,79,4,116,51,0,51,167
02/20/2001,AGS,GA,ASO,ES,Towers with Radar,13,28,38,9,88,0,0,25,4,29,13,28,63,13,117,37,4,41,158
02/21/2001,AGS,GA,ASO,ES,Towers with Radar,9,24,37,13,83,0,0,18,1,19,9,24,55,14,102,10,12,22,124
02/22/2001,AGS,GA,ASO,ES,Towers with Radar,9,25,40,8,82,0,0,0,0,0,9,25,40,8,82,0,0,0,82
02/23/2001,AGS,GA,ASO,ES,Towers with Radar,19,21,59,3,102,0,0,18,2,20,19,21,77,5,122,19,0,19,141
02/24/2001,AGS,GA,ASO,ES,Towers with Radar,10,17,24,4,55,1,4,17,3,25,11,21,41,7,80,23,0,23,103
02/25/2001,AGS,GA,ASO,ES,Towers with Radar,11,17,24,1,53,4,1,14,0,19,15,18,38,1,72,0,0,0,72
02/26/2001,AGS,GA,ASO,ES,Towers with Radar,10,19,26,8,63,0,0,25,3,28,10,19,51,11,91,25,0,25,116
02/27/2001,AGS,GA,ASO,ES,Towers with Radar,13,27,47,11,98,0,0,24,4,28,13,27,71,15,126,44,0,44,170
02/28/2001,AGS,GA,ASO,ES,Towers with Radar,13,21,30,6,70,0,4,18,10,32,13,25,48,16,102,58,0,58,160
03/01/2001,AGS,GA,ASO,ES,Towers with Radar,11,22,35,9,77,1,0,10,1,12,12,22,45,10,89,20,12,32,121
03/02/2001,AGS,GA,ASO,ES,Towers with Radar,13,19,43,5,80,0,0,11,1,12,13,19,54,6,92,0,0,0,92
03/03/2001,AGS,GA,ASO,ES,Towers with Radar,7,16,14,2,39,1,0,0,0,1,8,16,14,2,40,0,0,0,40
03/04/2001,AGS,GA,ASO,ES,Towers with Radar,15,15,15,0,45,1,0,11,0,12,16,15,26,0,57,14,0,14,71
03/05/2001,AGS,GA,ASO,ES,Towers with Radar,16,10,28,8,62,1,0,10,2,13,17,10,38,10,75,14,2,16,91
03/06/2001,AGS,GA,ASO,ES,Towers with Radar,9,19,32,4,64,6,1,18,4,29,15,20,50,8,93,4,0,4,97
03/07/2001,AGS,GA,ASO,ES,Towers with Radar,12,26,33,2,73,1,0,18,1,20,13,26,51,3,93,10,0,10,103
03/08/2001,AGS,GA,ASO,ES,Towers with Radar,10,22,38,13,83,1,0,31,15,47,11,22,69,28,130,43,2,45,175
03/09/2001,AGS,GA,ASO,ES,Towers with Radar,17,22,36,6,81,0,0,31,3,34,17,22,67,9,115,30,16,46,161
03/10/2001,AGS,GA,ASO,ES,Towers with Radar,13,18,26,1,58,0,0,29,3,32,13,18,55,4,90,20,0,20,110
03/11/2001,AGS,GA,ASO,ES,Towers with Radar,16,20,44,4,84,0,0,26,3,29,16,20,70,7,113,49,0,49,162
03/12/2001,AGS,GA,ASO,ES,Towers with Radar,13,18,39,5,75,0,0,2,0,2,13,18,41,5,77,20,0,20,97
03/13/2001,AGS,GA,ASO,ES,Towers with Radar,13,24,41,5,83,0,0,14,8,22,13,24,55,13,105,0,5,5,110
03/14/2001,AGS,GA,ASO,ES,Towers with Radar,15,27,73,11,126,0,0,28,3,31,15,27,101,14,157,22,3,25,182
03/15/2001,AGS,GA,ASO,ES,Towers with Radar,12,38,62,9,121,0,0,4,2,6,12,38,66,11,127,6,0,6,133
03/16/2001,AGS,GA,ASO,ES,Towers with Radar,19,18,52,13,102,0,0,10,2,12,19,18,62,15,114,7,10,17,131
03/17/2001,AGS,GA,ASO,ES,Towers with Radar,12,26,46,4,88,0,0,43,0,43,12,26,89,4,131,24,0,24,155
03/18/2001,AGS,GA,ASO,ES,Towers with Radar,17,31,22,11,81,0,0,17,1,18,17,31,39,12,99,6,22,28,127
03/19/2001,AGS,GA,ASO,ES,Towers with Radar,8,31,35,5,79,0,0,6,2,8,8,31,41,7,87,6,1,7,94
03/20/2001,AGS,GA,ASO,ES,Towers with Radar,10,18,41,6,75,0,0,3,0,3,10,18,44,6,78,3,0,3,81
03/21/2001,AGS,GA,ASO,ES,Towers with Radar,14,26,48,4,92,0,0,8,0,8,14,26,56,4,100,2,0,2,102
03/22/2001,AGS,GA,ASO,ES,Towers with Radar,9,31,59,11,110,0,2,25,4,31,9,33,84,15,141,23,0,23,164
03/23/2001,AGS,GA,ASO,ES,Towers with Radar,14,37,77,0,128,0,0,27,2,29,14,37,104,2,157,33,0,33,190
03/24/2001,AGS,GA,ASO,ES,Towers with Radar,8,20,37,4,69,0,16,23,0,39,8,36,60,4,108,42,0,42,150
03/25/2001,AGS,GA,ASO,ES,Towers with Radar,11,18,40,0,69,0,0,11,0,11,11,18,51,0,80,27,0,27,107
03/26/2001,AGS,GA,ASO,ES,Towers with Radar,13,11,21,4,49,0,0,15,0,15,13,11,36,4,64,8,0,8,72
03/27/2001,AGS,GA,ASO,ES,Towers with Radar,14,15,42,6,77,0,0,24,2,26,14,15,66,8,103,96,3,99,202
03/28/2001,AGS,GA,ASO,ES,Towers with Radar,12,24,45,6,87,0,0,23,2,25,12,24,68,8,112,62,8,70,182
03/29/2001,AGS,GA,ASO,ES,Towers with Radar,18,9,32,4,63,0,0,0,0,0,18,9,32,4,63,12,0,12,75
03/30/2001,AGS,GA,ASO,ES,Towers with Radar,12,25,42,6,85,0,1,13,0,14,12,26,55,6,99,35,0,35,134
03/31/2001,AGS,GA,ASO,ES,Towers with Radar,11,15,50,2,78,0,0,14,0,14,11,15,64,2,92,37,1,38,130
04/01/2001,AGS,GA,ASO,ES,Towers with Radar,9,20,41,5,75,3,0,0,14,17,12,20,41,19,92,14,4,18,110
04/02/2001,AGS,GA,ASO,ES,Towers with Radar,20,58,142,0,220,1,0,16,0,17,21,58,158,0,237,0,0,0,237
04/03/2001,AGS,GA,ASO,ES,Towers with Radar,22,53,194,0,269,1,0,8,0,9,23,53,202,0,278,0,0,0,278
04/04/2001,AGS,GA,ASO,ES,Towers with Radar,23,94,313,6,436,1,0,12,0,13,24,94,325,6,449,0,0,0,449
04/05/2001,AGS,GA,ASO,ES,Towers with Radar,24,71,291,0,386,1,0,23,0,24,25,71,314,0,410,0,0,0,410
04/06/2001,AGS,GA,ASO,ES,Towers with Radar,33,91,326,1,451,1,0,22,0,23,34,91,348,1,474,0,0,0,474
04/07/2001,AGS,GA,ASO,ES,Towers with Radar,30,59,223,0,312,1,0,19,0,20,31,59,242,0,332,0,0,0,332
04/08/2001,AGS,GA,ASO,ES,Towers with Radar,23,78,215,5,321,0,22,67,0,89,23,100,282,5,410,0,0,0,410
04/09/2001,AGS,GA,ASO,ES,Towers with Radar,27,49,109,4,189,0,0,29,0,29,27,49,138,4,218,28,7,35,253
04/10/2001,AGS,GA,ASO,ES,Towers with Radar,12,14,23,11,60,0,0,19,5,24,12,14,42,16,84,40,12,52,136
04/11/2001,AGS,GA,ASO,ES,Towers with Radar,15,12,29,0,56,0,0,22,0,22,15,12,51,0,78,30,2,32,110
04/12/2001,AGS,GA,ASO,ES,Towers with Radar,16,24,46,7,93,0,0,34,0,34,16,24,80,7,127,34,0,34,161
04/13/2001,AGS,GA,ASO,ES,Towers with Radar,11,19,38,4,72,0,0,0,13,13,11,19,38,17,85,0,1,1,86
04/14/2001,AGS,GA,ASO,ES,Towers with Radar,11,10,12,0,33,0,1,39,0,40,11,11,51,0,73,72,2,74,147
04/15/2001,AGS,GA,ASO,ES,Towers with Radar,11,16,12,0,39,0,0,2,0,2,11,16,14,0,41,0,0,0,41
04/16/2001,AGS,GA,ASO,ES,Towers with Radar,14,25,24,3,66,0,1,31,0,32,14,26,55,3,98,51,0,51,149
04/17/2001,AGS,GA,ASO,ES,Towers with Radar,9,20,50,3,82,2,3,0,5,10,11,23,50,8,92,64,9,73,165
04/18/2001,AGS,GA,ASO,ES,Towers with Radar,15,21,45,5,86,0,0,28,7,35,15,21,73,12,121,14,18,32,153
04/19/2001,AGS,GA,ASO,ES,Towers with Radar,13,17,70,12,112,0,0,29,2,31,13,17,99,14,143,32,9,41,184
04/20/2001,AGS,GA,ASO,ES,Towers with Radar,14,18,61,16,109,0,0,26,1,27,14,18,87,17,136,16,4,20,156
04/21/2001,AGS,GA,ASO,ES,Towers with Radar,9,20,16,11,56,0,0,26,3,29,9,20,42,14,85,15,2,17,102
04/22/2001,AGS,GA,ASO,ES,Towers with Radar,13,21,49,6,89,0,0,36,0,36,13,21,85,6,125,50,6,56,181
04/23/2001,AGS,GA,ASO,ES,Towers with Radar,17,17,39,6,79,0,0,26,0,26,17,17,65,6,105,53,0,53,158
04/24/2001,AGS,GA,ASO,ES,Towers with Radar,10,22,43,9,84,0,1,8,1,10,10,23,51,10,94,10,0,10,104
04/25/2001,AGS,GA,ASO,ES,Towers with Radar,13,18,65,5,101,0,0,0,2,2,13,18,65,7,103,36,0,36,139
04/26/2001,AGS,GA,ASO,ES,Towers with Radar,11,17,49,17,94,0,0,34,9,43,11,17,83,26,137,74,4,78,215
04/27/2001,AGS,GA,ASO,ES,Towers with Radar,13,21,65,4,103,0,0,43,0,43,13,21,108,4,146,23,0,23,169
04/28/2001,AGS,GA,ASO,ES,Towers with Radar,7,15,38,1,61,3,6,17,0,26,10,21,55,1,87,19,0,19,106
04/29/2001,AGS,GA,ASO,ES,Towers with Radar,16,16,43,2,77,0,0,21,0,21,16,16,64,2,98,24,0,24,122
04/30/2001,AGS,GA,ASO,ES,Towers with Radar,12,19,65,1,97,0,0,24,0,24,12,19,89,1,121,54,2,56,177
05/01/2001,AGS,GA,ASO,ES,Towers with Radar,13,21,49,8,91,0,0,34,4,38,13,21,83,12,129,46,12,58,187
05/02/2001,AGS,GA,ASO,ES,Towers with Radar,9,19,57,0,85,0,0,40,0,40,9,19,97,0,125,47,0,47,172
05/03/2001,AGS,GA,ASO,ES,Towers with Radar,20,20,45,10,95,0,0,23,0,23,20,20,68,10,118,6,0,6,124
05/04/2001,AGS,GA,ASO,ES,Towers with Radar,13,21,33,0,67,0,4,25,0,29,13,25,58,0,96,36,0,36,132
05/05/2001,AGS,GA,ASO,ES,Towers with Radar,10,14,25,0,49,0,3,59,0,62,10,17,84,0,111,58,0,58,169
05/06/2001,AGS,GA,ASO,ES,Towers with Radar,13,11,25,4,53,0,0,9,1,10,13,11,34,5,63,8,1,9,72
05/07/2001,AGS,GA,ASO,ES,Towers with Radar,13,18,39,3,73,0,0,24,0,24,13,18,63,3,97,28,0,28,125
05/08/2001,AGS,GA,ASO,ES,Towers with Radar,13,28,56,5,102,0,0,17,0,17,13,28,73,5,119,10,0,10,129
05/09/2001,AGS,GA,ASO,ES,Towers with Radar,13,25,53,7,98,0,0,28,2,30,13,25,81,9,128,31,0,31,159
05/10/2001,AGS,GA,ASO,ES,Towers with Radar,11,28,34,12,85,0,0,19,11,30,11,28,53,23,115,39,19,58,173
05/11/2001,AGS,GA,ASO,ES,Towers with Radar,16,21,47,8,92,0,0,16,6,22,16,21,63,14,114,43,3,46,160
05/12/2001,AGS,GA,ASO,ES,Towers with Radar,14,23,48,8,93,0,0,25,10,35,14,23,73,18,128,36,20,56,184
05/13/2001,AGS,GA,ASO,ES,Towers with Radar,12,22,32,6,72,0,0,4,0,4,12,22,36,6,76,5,2,7,83
05/14/2001,AGS,GA,ASO,ES,Towers with Radar,13,22,51,8,94,0,0,23,0,23,13,22,74,8,117,55,0,55,172
05/15/2001,AGS,GA,ASO,ES,Towers with Radar,14,17,57,3,91,0,0,18,2,20,14,17,75,5,111,14,0,14,125
05/16/2001,AGS,GA,ASO,ES,Towers with Radar,11,21,52,3,87,0,2,33,4,39,11,23,85,7,126,47,2,49,175
05/17/2001,AGS,GA,ASO,ES,Towers with Radar,13,29,41,9,92,0,0,22,0,22,13,29,63,9,114,50,2,52,166
05/18/2001,AGS,GA,ASO,ES,Towers with Radar,12,31,57,1,101,0,0,40,0,40,12,31,97,1,141,20,0,20,161
05/19/2001,AGS,GA,ASO,ES,Towers with Radar,6,11,18,3,38,8,0,18,0,26,14,11,36,3,64,21,0,21,85
05/20/2001,AGS,GA,ASO,ES,Towers with Radar,13,13,36,8,70,0,0,8,1,9,13,13,44,9,79,25,12,37,116
05/21/2001,AGS,GA,ASO,ES,Towers with Radar,15,20,21,5,61,0,0,6,0,6,15,20,27,5,67,0,0,0,67
05/22/2001,AGS,GA,ASO,ES,Towers with Radar,13,15,22,14,64,0,0,12,0,12,13,15,34,14,76,33,2,35,111
05/23/2001,AGS,GA,ASO,ES,Towers with Radar,15,15,26,4,60,0,0,41,5,46,15,15,67,9,106,58,10,68,174
05/24/2001,AGS,GA,ASO,ES,Towers with Radar,11,21,39,8,79,0,0,26,7,33,11,21,65,15,112,33,4,37,149
05/25/2001,AGS,GA,ASO,ES,Towers with Radar,13,20,36,6,75,0,0,32,2,34,13,20,68,8,109,44,2,46,155
05/26/2001,AGS,GA,ASO,ES,Towers with Radar,9,15,26,2,52,0,29,7,0,36,9,44,33,2,88,38,0,38,126
05/27/2001,AGS,GA,ASO,ES,Towers with Radar,12,8,1,0,21,0,0,11,0,11,12,8,12,0,32,6,0,6,38
05/28/2001,AGS,GA,ASO,ES,Towers with Radar,6,9,15,2,32,8,3,1,2,14,14,12,16,4,46,14,0,14,60
05/29/2001,AGS,GA,ASO,ES,Towers with Radar,10,16,47,10,83,0,0,15,1,16,10,16,62,11,99,45,6,51,150
05/30/2001,AGS,GA,ASO,ES,Towers with Radar,13,15,35,8,71,0,0,43,0,43,13,15,78,8,114,56,0,56,170
05/31/2001,AGS,GA,ASO,ES,Towers with Radar,12,15,22,8,57,0,0,29,2,31,12,15,51,10,88,67,0,67,155
06/01/2001,AGS,GA,ASO,ES,Towers with Radar,8,13,17,4,42,0,7,0,0,7,8,20,17,4,49,0,0,0,49
06/02/2001,AGS,GA,ASO,ES,Towers with Radar,9,18,17,0,44,2,1,15,1,19,11,19,32,1,63,25,0,25,88
06/03/2001,AGS,GA,ASO,ES,Towers with Radar,16,9,30,6,61,2,0,9,0,11,18,9,39,6,72,4,0,4,76
06/04/2001,AGS,GA,ASO,ES,Towers with Radar,9,16,27,8,60,2,0,20,1,23,11,16,47,9,83,42,18,60,143
06/05/2001,AGS,GA,ASO,ES,Towers with Radar,14,16,35,9,74,2,0,34,6,42,16,16,69,15,116,70,10,80,196
06/06/2001,AGS,GA,ASO,ES,Towers with Radar,27,21,20,5,73,2,0,21,1,24,29,21,41,6,97,35,0,35,132
06/07/2001,AGS,GA,ASO,ES,Towers with Radar,12,16,24,15,67,2,0,15,2,19,14,16,39,17,86,18,11,29,115
06/08/2001,AGS,GA,ASO,ES,Towers with Radar,18,15,23,2,58,2,0,0,0,2,20,15,23,2,60,0,0,0,60
06/09/2001,AGS,GA,ASO,ES,Towers with Radar,11,13,17,3,44,5,0,0,0,5,16,13,17,3,49,2,4,6,55
06/10/2001,AGS,GA,ASO,ES,Towers with Radar,11,16,31,4,62,0,0,52,0,52,11,16,83,4,114,37,0,37,151
06/11/2001,AGS,GA,ASO,ES,Towers with Radar,14,17,24,3,58,1,0,12,1,14,15,17,36,4,72,41,0,41,113
06/12/2001,AGS,GA,ASO,ES,Towers with Radar,11,18,30,1,60,0,0,9,1,10,11,18,39,2,70,17,0,17,87
06/13/2001,AGS,GA,ASO,ES,Towers with Radar,14,16,28,13,71,0,0,8,1,9,14,16,36,14,80,6,0,6,86
06/14/2001,AGS,GA,ASO,ES,Towers with Radar,14,15,18,8,55,0,0,11,4,15,14,15,29,12,70,17,6,23,93
06/15/2001,AGS,GA,ASO,ES,Towers with Radar,9,17,31,16,73,0,1,24,1,26,9,18,55,17,99,32,19,51,150
06/16/2001,AGS,GA,ASO,ES,Towers with Radar,10,14,9,17,50,0,1,17,6,24,10,15,26,23,74,13,36,49,123
06/17/2001,AGS,GA,ASO,ES,Towers with Radar,12,11,5,15,43,0,1,19,4,24,12,12,24,19,67,0,23,23,90
06/18/2001,AGS,GA,ASO,ES,Towers with Radar,10,15,43,14,82,0,1,40,3,44,10,16,83,17,126,40,29,69,195
06/19/2001,AGS,GA,ASO,ES,Towers with Radar,13,18,39,15,85,0,1,33,2,36,13,19,72,17,121,59,0,59,180
06/20/2001,AGS,GA,ASO,ES,Towers with Radar,18,12,28,3,61,0,1,30,1,32,18,13,58,4,93,40,25,65,158
06/21/2001,AGS,GA,ASO,ES,Towers with Radar,19,16,43,8,86,3,1,28,0,32,22,17,71,8,118,39,1,40,158
06/22/2001,AGS,GA,ASO,ES,Towers with Radar,11,13,31,2,57,0,1,16,0,17,11,14,47,2,74,22,10,32,106
06/23/2001,AGS,GA,ASO,ES,Towers with Radar,16,13,31,1,61,0,1,11,3,15,16,14,42,4,76,7,0,7,83
06/24/2001,AGS,GA,ASO,ES,Towers with Radar,6,13,24,0,43,0,3,20,0,23,6,16,44,0,66,13,0,13,79
06/25/2001,AGS,GA,ASO,ES,Towers with Radar,11,17,23,6,57,0,0,0,0,0,11,17,23,6,57,9,2,11,68
06/26/2001,AGS,GA,ASO,ES,Towers with Radar,12,17,27,15,71,0,0,22,7,29,12,17,49,22,100,33,5,38,138
06/27/2001,AGS,GA,ASO,ES,Towers with Radar,12,16,31,7,66,0,0,14,7,21,12,16,45,14,87,20,13,33,120
06/28/2001,AGS,GA,ASO,ES,Towers with Radar,17,11,48,5,81,0,0,20,2,22,17,11,68,7,103,36,2,38,141
06/29/2001,AGS,GA,ASO,ES,Towers with Radar,15,16,47,9,87,0,1,26,4,31,15,17,73,13,118,26,0,26,144
06/30/2001,AGS,GA,ASO,ES,Towers with Radar,11,17,8,2,38,0,0,6,0,6,11,17,14,2,44,0,0,0,44
07/01/2001,AGS,GA,ASO,ES,Towers with Radar,15,9,27,2,53,1,0,23,0,24,16,9,50,2,77,56,0,56,133
07/02/2001,AGS,GA,ASO,ES,Towers with Radar,16,13,13,18,60,0,0,26,4,30,16,13,39,22,90,41,23,64,154
07/03/2001,AGS,GA,ASO,ES,Towers with Radar,9,15,21,1,46,0,0,13,2,15,9,15,34,3,61,48,0,48,109
07/04/2001,AGS,GA,ASO,ES,Towers with Radar,6,16,8,0,30,0,0,10,0,10,6,16,18,0,40,22,0,22,62
07/05/2001,AGS,GA,ASO,ES,Towers with Radar,16,19,30,10,75,5,0,15,4,24,21,19,45,14,99,18,0,18,117
07/06/2001,AGS,GA,ASO,ES,Towers with Radar,13,17,46,13,89,0,0,40,3,43,13,17,86,16,132,70,4,74,206
07/07/2001,AGS,GA,ASO,ES,Towers with Radar,9,12,18,5,44,1,4,23,1,29,10,16,41,6,73,60,18,78,151
07/08/2001,AGS,GA,ASO,ES,Towers with Radar,12,15,15,1,43,0,0,13,0,13,12,15,28,1,56,28,0,28,84
07/09/2001,AGS,GA,ASO,ES,Towers with Radar,11,17,28,9,65,0,0,23,2,25,11,17,51,11,90,49,1,50,140
07/10/2001,AGS,GA,ASO,ES,Towers with Radar,11,18,26,4,59,0,5,19,0,24,11,23,45,4,83,51,0,51,134
07/11/2001,AGS,GA,ASO,ES,Towers with Radar,10,18,42,2,72,0,0,30,0,30,10,18,72,2,102,47,0,47,149
07/12/2001,AGS,GA,ASO,ES,Towers with Radar,14,29,33,21,97,0,0,43,2,45,14,29,76,23,142,79,8,87,229
07/13/2001,AGS,GA,ASO,ES,Towers with Radar,16,18,35,11,80,0,0,19,6,25,16,18,54,17,105,4,22,26,131
07/14/2001,AGS,GA,ASO,ES,Towers with Radar,13,18,26,10,67,0,7,28,2,37,13,25,54,12,104,45,33,78,182
07/15/2001,AGS,GA,ASO,ES,Towers with Radar,11,15,24,12,62,0,0,7,0,7,11,15,31,12,69,0,2,2,71
07/16/2001,AGS,GA,ASO,ES,Towers with Radar,11,17,25,10,63,0,0,23,0,23,11,17,48,10,86,22,2,24,110
07/17/2001,AGS,GA,ASO,ES,Towers with Radar,15,18,29,15,77,0,0,13,0,13,15,18,42,15,90,18,1,19,109
07/18/2001,AGS,GA,ASO,ES,Towers with Radar,15,16,36,8,75,2,3,11,0,16,17,19,47,8,91,36,0,36,127
07/19/2001,AGS,GA,ASO,ES,Towers with Radar,13,28,33,16,90,0,0,9,1,10,13,28,42,17,100,17,10,27,127
07/20/2001,AGS,GA,ASO,ES,Towers with Radar,11,19,34,5,69,0,0,20,6,26,11,19,54,11,95,18,10,28,123
07/21/2001,AGS,GA,ASO,ES,Towers with Radar,9,14,20,7,50,0,3,21,0,24,9,17,41,7,74,52,6,58,132
07/22/2001,AGS,GA,ASO,ES,Towers with Radar,13,14,18,7,52,0,0,11,0,11,13,14,29,7,63,16,2,18,81
07/23/2001,AGS,GA,ASO,ES,Towers with Radar,14,17,31,13,75,0,0,6,0,6,14,17,37,13,81,3,9,12,93
07/24/2001,AGS,GA,ASO,ES,Towers with Radar,13,19,28,7,67,0,0,5,0,5,13,19,33,7,72,9,0,9,81
07/25/2001,AGS,GA,ASO,ES,Towers with Radar,13,23,19,20,75,0,0,14,4,18,13,23,33,24,93,14,11,25,118
07/26/2001,AGS,GA,ASO,ES,Towers with Radar,14,20,30,28,92,0,0,24,8,32,14,20,54,36,124,46,56,102,226
07/27/2001,AGS,GA,ASO,ES,Towers with Radar,11,21,25,4,61,0,0,17,2,19,11,21,42,6,80,7,0,7,87
07/28/2001,AGS,GA,ASO,ES,Towers with Radar,11,15,16,5,47,0,0,0,1,1,11,15,16,6,48,6,0,6,54
07/29/2001,AGS,GA,ASO,ES,Towers with Radar,17,15,14,2,48,0,0,1,0,1,17,15,15,2,49,2,0,2,51
07/30/2001,AGS,GA,ASO,ES,Towers with Radar,15,19,28,6,68,0,0,22,0,22,15,19,50,6,90,54,18,72,162
07/31/2001,AGS,GA,ASO,ES,Towers with Radar,12,23,35,9,79,0,0,37,4,41,12,23,72,13,120,72,0,72,192
08/01/2001,AGS,GA,ASO,ES,Towers with Radar,11,22,27,10,70,0,0,33,1,34,11,22,60,11,104,48,0,48,152
08/02/2001,AGS,GA,ASO,ES,Towers with Radar,11,24,25,18,78,1,0,27,3,31,12,24,52,21,109,40,19,59,168
08/03/2001,AGS,GA,ASO,ES,Towers with Radar,13,19,32,6,70,0,0,42,0,42,13,19,74,6,112,51,1,52,164
08/04/2001,AGS,GA,ASO,ES,Towers with Radar,13,12,17,26,68,1,0,8,6,15,14,12,25,32,83,48,37,85,168
08/05/2001,AGS,GA,ASO,ES,Towers with Radar,12,16,7,1,36,0,0,9,3,12,12,16,16,4,48,8,0,8,56
08/06/2001,AGS,GA,ASO,ES,Towers with Radar,25,17,35,8,85,0,0,18,3,21,25,17,53,11,106,73,25,98,204
08/07/2001,AGS,GA,ASO,ES,Towers with Radar,11,23,25,7,66,0,0,39,2,41,11,23,64,9,107,27,1,28,135
08/08/2001,AGS,GA,ASO,ES,Towers with Radar,13,21,35,1,70,0,0,28,3,31,13,21,63,4,101,39,0,39,140
08/09/2001,AGS,GA,ASO,ES,Towers with Radar,15,22,33,18,88,0,0,23,1,24,15,22,56,19,112,11,7,18,130
08/10/2001,AGS,GA,ASO,ES,Towers with Radar,9,23,39,28,99,0,0,27,7,34,9,23,66,35,133,47,53,100,233
08/11/2001,AGS,GA,ASO,ES,Towers with Radar,11,13,17,0,41,0,3,13,0,16,11,16,30,0,57,16,0,16,73
08/12/2001,AGS,GA,ASO,ES,Towers with Radar,12,14,27,1,54,0,0,25,1,26,12,14,52,2,80,17,0,17,97
08/13/2001,AGS,GA,ASO,ES,Towers with Radar,10,13,21,2,46,7,0,13,0,20,17,13,34,2,66,37,0,37,103
08/14/2001,AGS,GA,ASO,ES,Towers with Radar,11,19,21,2,53,0,0,7,0,7,11,19,28,2,60,17,0,17,77
08/15/2001,AGS,GA,ASO,ES,Towers with Radar,11,23,51,8,93,0,0,22,7,29,11,23,73,15,122,23,3,26,148
08/16/2001,AGS,GA,ASO,ES,Towers with Radar,13,21,33,8,75,0,0,29,3,32,13,21,62,11,107,41,2,43,150
08/17/2001,AGS,GA,ASO,ES,Towers with Radar,13,22,13,9,57,0,2,21,0,23,13,24,34,9,80,54,18,72,152
08/18/2001,AGS,GA,ASO,ES,Towers with Radar,7,11,15,5,38,2,3,4,3,12,9,14,19,8,50,16,6,22,72
08/19/2001,AGS,GA,ASO,ES,Towers with Radar,15,13,11,7,46,0,0,1,0,1,15,13,12,7,47,2,0,2,49
08/20/2001,AGS,GA,ASO,ES,Towers with Radar,15,20,38,6,79,0,0,29,0,29,15,20,67,6,108,36,0,36,144
08/21/2001,AGS,GA,ASO,ES,Towers with Radar,15,23,37,15,90,0,2,60,1,63,15,25,97,16,153,86,0,86,239
08/22/2001,AGS,GA,ASO,ES,Towers with Radar,14,19,45,6,84,0,0,46,1,47,14,19,91,7,131,48,2,50,181
08/23/2001,AGS,GA,ASO,ES,Towers with Radar,12,19,27,15,73,0,0,39,4,43,12,19,66,19,116,146,2,148,264
08/24/2001,AGS,GA,ASO,ES,Towers with Radar,14,18,20,13,65,0,0,21,0,21,14,18,41,13,86,16,9,25,111
08/25/2001,AGS,GA,ASO,ES,Towers with Radar,9,13,12,4,38,0,0,21,0,21,9,13,33,4,59,20,0,20,79
08/26/2001,AGS,GA,ASO,ES,Towers with Radar,10,14,17,10,51,0,0,17,0,17,10,14,34,10,68,28,1,29,97
08/27/2001,AGS,GA,ASO,ES,Towers with Radar,13,19,30,3,65,0,0,28,4,32,13,19,58,7,97,37,0,37,134
08/28/2001,AGS,GA,ASO,ES,Towers with Radar,13,17,46,7,83,0,0,41,1,42,13,17,87,8,125,41,1,42,167
08/29/2001,AGS,GA,ASO,ES,Towers with Radar,14,16,27,8,65,0,0,32,0,32,14,16,59,8,97,24,0,24,121
08/30/2001,AGS,GA,ASO,ES,Towers with Radar,10,29,42,13,94,0,6,30,4,40,10,35,72,17,134,24,0,24,158
08/31/2001,AGS,GA,ASO,ES,Towers with Radar,14,21,26,8,69,0,0,29,0,29,14,21,55,8,98,36,15,51,149
09/01/2001,AGS,GA,ASO,ES,Towers with Radar,6,15,22,3,46,2,10,5,0,17,8,25,27,3,63,44,2,46,109
09/02/2001,AGS,GA,ASO,ES,Towers with Radar,8,10,7,4,29,0,0,5,0,5,8,10,12,4,34,3,0,3,37
09/03/2001,AGS,GA,ASO,ES,Towers with Radar,10,15,15,1,41,0,0,8,0,8,10,15,23,1,49,56,0,56,105
09/04/2001,AGS,GA,ASO,ES,Towers with Radar,13,16,32,11,72,0,0,9,2,11,13,16,41,13,83,24,4,28,111
09/05/2001,AGS,GA,ASO,ES,Towers with Radar,12,16,36,6,70,0,0,27,1,28,12,16,63,7,98,67,1,68,166
09/06/2001,AGS,GA,ASO,ES,Towers with Radar,8,22,37,9,76,0,0,31,0,31,8,22,68,9,107,27,6,33,140
09/07/2001,AGS,GA,ASO,ES,Towers with Radar,12,13,40,8,73,0,0,37,1,38,12,13,77,9,111,70,4,74,185
09/08/2001,AGS,GA,ASO,ES,Towers with Radar,8,14,21,4,47,0,3,15,6,24,8,17,36,10,71,16,24,40,111
09/09/2001,AGS,GA,ASO,ES,Towers with Radar,9,17,22,6,54,0,0,0,2,2,9,17,22,8,56,0,0,0,56
09/10/2001,AGS,GA,ASO,ES,Towers with Radar,9,20,22,6,57,0,0,19,1,20,9,20,41,7,77,12,0,12,89
09/11/2001,AGS,GA,ASO,ES,Towers with Radar,0,0,1,1,2,0,1,1,1,3,0,1,2,2,5,0,0,0,5
09/12/2001,AGS,GA,ASO,ES,Towers with Radar,12,14,29,7,62,6,0,32,9,47,18,14,61,16,109,68,0,68,177
09/13/2001,AGS,GA,ASO,ES,Towers with Radar,1,5,0,2,8,0,5,0,2,7,1,10,0,4,15,0,0,0,15
09/14/2001,AGS,GA,ASO,ES,Towers with Radar,13,22,0,13,48,0,0,1,2,3,13,22,1,15,51,0,6,6,57
09/15/2001,AGS,GA,ASO,ES,Towers with Radar,7,11,18,5,41,3,4,7,0,14,10,15,25,5,55,0,0,0,55
09/16/2001,AGS,GA,ASO,ES,Towers with Radar,8,15,14,8,45,0,0,1,1,2,8,15,15,9,47,0,0,0,47
09/17/2001,AGS,GA,ASO,ES,Towers with Radar,12,15,48,0,75,0,0,1,0,1,12,15,49,0,76,0,0,0,76
09/18/2001,AGS,GA,ASO,ES,Towers with Radar,8,27,41,9,85,0,0,9,0,9,8,27,50,9,94,1,14,15,109
09/19/2001,AGS,GA,ASO,ES,Towers with Radar,15,17,56,21,109,0,0,1,0,1,15,17,57,21,110,15,12,27,137
09/20/2001,AGS,GA,ASO,ES,Towers with Radar,10,18,52,9,89,0,0,12,2,14,10,18,64,11,103,5,0,5,108
09/21/2001,AGS,GA,ASO,ES,Towers with Radar,13,16,32,4,65,0,0,0,0,0,13,16,32,4,65,0,0,0,65
09/22/2001,AGS,GA,ASO,ES,Towers with Radar,9,15,27,9,60,0,0,12,5,17,9,15,39,14,77,40,29,69,146
09/23/2001,AGS,GA,ASO,ES,Towers with Radar,10,16,21,2,49,0,0,10,1,11,10,16,31,3,60,4,0,4,64
09/24/2001,AGS,GA,ASO,ES,Towers with Radar,10,17,40,1,68,0,0,1,0,1,10,17,41,1,69,10,0,10,79
09/25/2001,AGS,GA,ASO,ES,Towers with Radar,7,15,10,6,38,0,0,28,3,31,7,15,38,9,69,47,11,58,127
09/26/2001,AGS,GA,ASO,ES,Towers with Radar,13,15,38,8,74,0,0,29,2,31,13,15,67,10,105,31,0,31,136
09/27/2001,AGS,GA,ASO,ES,Towers with Radar,9,20,42,9,80,0,0,38,3,41,9,20,80,12,121,12,5,17,138
09/28/2001,AGS,GA,ASO,ES,Towers with Radar,9,18,35,2,64,0,0,28,0,28,9,18,63,2,92,37,0,37,129
09/29/2001,AGS,GA,ASO,ES,Towers with Radar,11,11,23,7,52,0,0,24,0,24,11,11,47,7,76,35,13,48,124
09/30/2001,AGS,GA,ASO,ES,Towers with Radar,8,17,27,2,54,0,2,4,0,6,8,19,31,2,60,23,0,23,83
10/01/2001,AGS,GA,ASO,ES,Towers with Radar,11,19,30,11,71,1,0,25,1,27,12,19,55,12,98,40,66,106,204
10/02/2001,AGS,GA,ASO,ES,Towers with Radar,10,16,34,9,69,4,0,42,4,50,14,16,76,13,119,15,0,15,134
10/03/2001,AGS,GA,ASO,ES,Towers with Radar,8,19,41,12,80,0,1,24,0,25,8,20,65,12,105,52,1,53,158
10/04/2001,AGS,GA,ASO,ES,Towers with Radar,13,17,38,9,77,3,0,26,0,29,16,17,64,9,106,34,4,38,144
10/05/2001,AGS,GA,ASO,ES,Towers with Radar,14,11,28,17,70,0,1,18,2,21,14,12,46,19,91,16,1,17,108
10/06/2001,AGS,GA,ASO,ES,Towers with Radar,7,15,19,0,41,0,1,4,0,5,7,16,23,0,46,9,0,9,55
10/07/2001,AGS,GA,ASO,ES,Towers with Radar,11,14,15,1,41,0,2,11,0,13,11,16,26,1,54,12,0,12,66
10/08/2001,AGS,GA,ASO,ES,Towers with Radar,8,17,19,5,49,0,0,17,0,17,8,17,36,5,66,5,2,7,73
10/09/2001,AGS,GA,ASO,ES,Towers with Radar,13,23,39,14,89,0,0,27,1,28,13,23,66,15,117,7,3,10,127
10/10/2001,AGS,GA,ASO,ES,Towers with Radar,12,13,37,9,71,1,0,17,13,31,13,13,54,22,102,17,12,29,131
10/11/2001,AGS,GA,ASO,ES,Towers with Radar,7,21,38,24,90,0,0,43,0,43,7,21,81,24,133,64,13,77,210
10/12/2001,AGS,GA,ASO,ES,Towers with Radar,13,22,42,11,88,0,0,42,2,44,13,22,84,13,132,64,19,83,215
10/13/2001,AGS,GA,ASO,ES,Towers with Radar,7,12,15,9,43,0,0,25,0,25,7,12,40,9,68,33,3,36,104
10/14/2001,AGS,GA,ASO,ES,Towers with Radar,9,15,18,2,44,0,0,1,0,1,9,15,19,2,45,0,0,0,45
10/15/2001,AGS,GA,ASO,ES,Towers with Radar,13,17,37,5,72,0,0,26,0,26,13,17,63,5,98,22,0,22,120
10/16/2001,AGS,GA,ASO,ES,Towers with Radar,11,17,41,12,81,0,0,21,2,23,11,17,62,14,104,18,2,20,124
10/17/2001,AGS,GA,ASO,ES,Towers with Radar,13,19,41,12,85,0,0,22,5,27,13,19,63,17,112,33,12,45,157
10/18/2001,AGS,GA,ASO,ES,Towers with Radar,10,25,46,11,92,0,0,26,4,30,10,25,72,15,122,21,14,35,157
10/19/2001,AGS,GA,ASO,ES,Towers with Radar,13,21,31,7,72,0,0,45,1,46,13,21,76,8,118,65,0,65,183
10/20/2001,AGS,GA,ASO,ES,Towers with Radar,6,17,29,1,53,0,11,15,0,26,6,28,44,1,79,26,0,26,105
10/21/2001,AGS,GA,ASO,ES,Towers with Radar,13,23,20,7,63,0,0,17,0,17,13,23,37,7,80,4,0,4,84
10/22/2001,AGS,GA,ASO,ES,Towers with Radar,10,22,53,8,93,0,0,24,0,24,10,22,77,8,117,24,40,64,181
10/23/2001,AGS,GA,ASO,ES,Towers with Radar,9,21,65,10,105,0,0,27,1,28,9,21,92,11,133,43,0,43,176
10/24/2001,AGS,GA,ASO,ES,Towers with Radar,9,21,36,8,74,0,0,18,4,22,9,21,54,12,96,12,1,13,109
10/25/2001,AGS,GA,ASO,ES,Towers with Radar,8,30,53,11,102,0,0,11,1,12,8,30,64,12,114,4,0,4,118
10/26/2001,AGS,GA,ASO,ES,Towers with Radar,10,31,36,4,81,0,0,12,0,12,10,31,48,4,93,2,0,2,95
10/27/2001,AGS,GA,ASO,ES,Towers with Radar,6,13,21,0,40,1,3,0,0,4,7,16,21,0,44,0,0,0,44
10/28/2001,AGS,GA,ASO,ES,Towers with Radar,11,28,48,2,89,0,0,15,0,15,11,28,63,2,104,14,0,14,118
10/29/2001,AGS,GA,ASO,ES,Towers with Radar,14,17,35,6,72,0,0,41,0,41,14,17,76,6,113,13,0,13,126
10/30/2001,AGS,GA,ASO,ES,Towers with Radar,15,27,54,17,113,0,1,17,5,23,15,28,71,22,136,50,5,55,191
10/31/2001,AGS,GA,ASO,ES,Towers with Radar,17,24,54,9,104,0,0,31,0,31,17,24,85,9,135,21,0,21,156
11/01/2001,AGS,GA,ASO,ES,Towers with Radar,14,18,44,13,89,0,0,22,9,31,14,18,66,22,120,43,0,43,163
11/02/2001,AGS,GA,ASO,ES,Towers with Radar,9,25,37,4,75,0,0,8,2,10,9,25,45,6,85,7,4,11,96
11/03/2001,AGS,GA,ASO,ES,Towers with Radar,9,16,29,0,54,0,0,14,0,14,9,16,43,0,68,21,0,21,89
11/04/2001,AGS,GA,ASO,ES,Towers with Radar,11,26,33,2,72,0,0,24,0,24,11,26,57,2,96,15,0,15,111
11/05/2001,AGS,GA,ASO,ES,Towers with Radar,7,27,32,4,70,0,0,12,0,12,7,27,44,4,82,20,0,20,102
11/06/2001,AGS,GA,ASO,ES,Towers with Radar,13,23,46,9,91,0,0,22,5,27,13,23,68,14,118,34,4,38,156
11/07/2001,AGS,GA,ASO,ES,Towers with Radar,15,26,49,17,107,0,0,46,4,50,15,26,95,21,157,44,15,59,216
11/08/2001,AGS,GA,ASO,ES,Towers with Radar,18,32,59,12,121,0,0,26,4,30,18,32,85,16,151,32,0,32,183
11/09/2001,AGS,GA,ASO,ES,Towers with Radar,10,24,38,5,77,0,0,27,2,29,10,24,65,7,106,40,0,40,146
11/10/2001,AGS,GA,ASO,ES,Towers with Radar,9,18,33,3,63,4,6,35,0,45,13,24,68,3,108,40,0,40,148
11/11/2001,AGS,GA,ASO,ES,Towers with Radar,10,20,29,1,60,0,0,12,0,12,10,20,41,1,72,5,0,5,77
11/12/2001,AGS,GA,ASO,ES,Towers with Radar,12,23,52,0,87,0,0,17,1,18,12,23,69,1,105,29,0,29,134
11/13/2001,AGS,GA,ASO,ES,Towers with Radar,11,22,44,8,85,0,0,24,8,32,11,22,68,16,117,17,1,18,135
11/14/2001,AGS,GA,ASO,ES,Towers with Radar,13,25,38,11,87,0,0,21,2,23,13,25,59,13,110,24,4,28,138
11/15/2001,AGS,GA,ASO,ES,Towers with Radar,15,20,32,15,82,1,0,24,0,25,16,20,56,15,107,44,3,47,154
11/16/2001,AGS,GA,ASO,ES,Towers with Radar,10,18,68,2,98,0,2,20,0,22,10,20,88,2,120,29,0,29,149
11/17/2001,AGS,GA,ASO,ES,Towers with Radar,8,15,28,1,52,1,3,23,0,27,9,18,51,1,79,42,0,42,121
11/18/2001,AGS,GA,ASO,ES,Towers with Radar,9,17,33,3,62,4,0,17,0,21,13,17,50,3,83,31,0,31,114
11/19/2001,AGS,GA,ASO,ES,Towers with Radar,6,20,42,9,77,0,0,21,5,26,6,20,63,14,103,12,2,14,117
11/20/2001,AGS,GA,ASO,ES,Towers with Radar,12,22,33,15,82,0,0,8,5,13,12,22,41,20,95,32,9,41,136
11/21/2001,AGS,GA,ASO,ES,Towers with Radar,10,16,49,11,86,0,0,30,2,32,10,16,79,13,118,11,14,25,143
11/22/2001,AGS,GA,ASO,ES,Towers with Radar,10,9,10,0,29,0,0,11,0,11,10,9,21,0,40,0,0,0,40
11/23/2001,AGS,GA,ASO,ES,Towers with Radar,9,10,10,0,29,0,0,5,0,5,9,10,15,0,34,0,0,0,34
11/24/2001,AGS,GA,ASO,ES,Towers with Radar,10,17,16,0,43,0,0,8,0,8,10,17,24,0,51,34,0,34,85
11/25/2001,AGS,GA,ASO,ES,Towers with Radar,9,19,26,7,61,0,0,5,2,7,9,19,31,9,68,2,0,2,70
11/26/2001,AGS,GA,ASO,ES,Towers with Radar,10,18,56,9,93,0,0,9,0,9,10,18,65,9,102,16,0,16,118
11/27/2001,AGS,GA,ASO,ES,Towers with Radar,9,23,57,17,106,0,0,18,5,23,9,23,75,22,129,25,20,45,174
11/28/2001,AGS,GA,ASO,ES,Towers with Radar,12,22,44,14,92,0,0,29,3,32,12,22,73,17,124,11,2,13,137
11/29/2001,AGS,GA,ASO,ES,Towers with Radar,9,19,39,8,75,0,0,2,14,16,9,19,41,22,91,6,7,13,104
11/30/2001,AGS,GA,ASO,ES,Towers with Radar,13,23,55,14,105,0,0,6,2,8,13,23,61,16,113,2,1,3,116
12/01/2001,AGS,GA,ASO,ES,Towers with Radar,8,14,33,3,58,1,0,23,0,24,9,14,56,3,82,31,0,31,113
12/02/2001,AGS,GA,ASO,ES,Towers with Radar,9,18,29,5,61,1,0,4,1,6,10,18,33,6,67,6,0,6,73
12/03/2001,AGS,GA,ASO,ES,Towers with Radar,10,24,35,1,70,1,0,21,0,22,11,24,56,1,92,11,0,11,103
12/04/2001,AGS,GA,ASO,ES,Towers with Radar,12,21,47,16,96,1,0,24,1,26,13,21,71,17,122,12,13,25,147
12/05/2001,AGS,GA,ASO,ES,Towers with Radar,10,24,36,6,76,0,0,21,5,26,10,24,57,11,102,7,1,8,110
12/06/2001,AGS,GA,ASO,ES,Towers with Radar,6,35,36,12,89,1,0,18,0,19,7,35,54,12,108,4,3,7,115
12/07/2001,AGS,GA,ASO,ES,Towers with Radar,13,19,26,11,69,0,0,19,1,20,13,19,45,12,89,46,0,46,135
12/08/2001,AGS,GA,ASO,ES,Towers with Radar,12,18,24,10,64,0,0,16,0,16,12,18,40,10,80,11,0,11,91
12/09/2001,AGS,GA,ASO,ES,Towers with Radar,7,19,35,3,64,0,0,22,0,22,7,19,57,3,86,12,0,12,98
12/10/2001,AGS,GA,ASO,ES,Towers with Radar,6,21,35,2,64,0,0,0,0,0,6,21,35,2,64,6,0,6,70
12/11/2001,AGS,GA,ASO,ES,Towers with Radar,10,33,49,6,98,0,0,10,2,12,10,33,59,8,110,27,0,27,137
12/12/2001,AGS,GA,ASO,ES,Towers with Radar,14,33,70,5,122,0,0,0,0,0,14,33,70,5,122,0,0,0,122
12/13/2001,AGS,GA,ASO,ES,Towers with Radar,8,20,29,4,61,0,2,6,7,15,8,22,35,11,76,0,24,24,100
12/14/2001,AGS,GA,ASO,ES,Towers with Radar,16,14,42,4,76,0,0,4,2,6,16,14,46,6,82,9,0,9,91
12/15/2001,AGS,GA,ASO,ES,Towers with Radar,11,17,20,1,49,0,1,20,0,21,11,18,40,1,70,8,0,8,78
12/16/2001,AGS,GA,ASO,ES,Towers with Radar,10,19,23,2,54,0,2,13,0,15,10,21,36,2,69,58,0,58,127
12/17/2001,AGS,GA,ASO,ES,Towers with Radar,7,22,24,5,58,0,0,0,0,0,7,22,24,5,58,0,0,0,58
12/18/2001,AGS,GA,ASO,ES,Towers with Radar,14,20,34,7,75,0,0,33,0,33,14,20,67,7,108,34,1,35,143
12/19/2001,AGS,GA,ASO,ES,Towers with Radar,16,20,39,4,79,0,0,36,1,37,16,20,75,5,116,14,2,16,132
12/20/2001,AGS,GA,ASO,ES,Towers with Radar,9,19,46,6,80,0,0,11,1,12,9,19,57,7,92,1,0,1,93
12/21/2001,AGS,GA,ASO,ES,Towers with Radar,14,18,29,3,64,0,0,19,0,19,14,18,48,3,83,22,0,22,105
12/22/2001,AGS,GA,ASO,ES,Towers with Radar,12,9,16,0,37,0,0,11,0,11,12,9,27,0,48,6,0,6,54
12/23/2001,AGS,GA,ASO,ES,Towers with Radar,10,13,10,2,35,0,0,7,0,7,10,13,17,2,42,6,0,6,48
12/24/2001,AGS,GA,ASO,ES,Towers with Radar,9,10,0,0,19,0,0,9,0,9,9,10,9,0,28,0,0,0,28
12/25/2001,AGS,GA,ASO,ES,Towers with Radar,8,9,5,0,22,0,0,4,0,4,8,9,9,0,26,0,0,0,26
12/26/2001,AGS,GA,ASO,ES,Towers with Radar,13,18,20,0,51,0,0,7,2,9,13,18,27,2,60,0,0,0,60
12/27/2001,AGS,GA,ASO,ES,Towers with Radar,9,19,34,2,64,0,0,9,2,11,9,19,43,4,75,35,0,35,110
12/28/2001,AGS,GA,ASO,ES,Towers with Radar,10,20,28,11,69,0,2,21,0,23,10,22,49,11,92,25,2,27,119
12/29/2001,AGS,GA,ASO,ES,Towers with Radar,9,15,16,0,40,0,0,6,0,6,9,15,22,0,46,0,0,0,46
12/30/2001,AGS,GA,ASO,ES,Towers with Radar,6,21,16,2,45,0,0,4,0,4,6,21,20,2,49,3,0,3,52
12/31/2001,AGS,GA,ASO,ES,Towers with Radar,5,17,10,0,32,0,0,11,0,11,5,17,21,0,43,16,0,16,59
01/01/2002,AGS,GA,ASO,ES,Towers with Radar,9,15,9,0,33,0,0,14,0,14,9,15,23,0,47,6,0,6,53
01/02/2002,AGS,GA,ASO,ES,Towers with Radar,7,3,25,0,35,0,0,1,0,1,7,3,26,0,36,0,0,0,36
01/03/2002,AGS,GA,ASO,ES,Towers with Radar,0,0,4,0,4,0,0,1,0,1,0,0,5,0,5,0,0,0,5
01/04/2002,AGS,GA,ASO,ES,Towers with Radar,4,15,21,3,43,0,0,10,1,11,4,15,31,4,54,0,0,0,54
01/05/2002,AGS,GA,ASO,ES,Towers with Radar,7,14,18,1,40,0,0,11,1,12,7,14,29,2,52,14,0,14,66
01/06/2002,AGS,GA,ASO,ES,Towers with Radar,6,7,9,2,24,5,8,0,2,15,11,15,9,4,39,0,0,0,39
01/07/2002,AGS,GA,ASO,ES,Towers with Radar,11,18,30,2,61,0,0,12,0,12,11,18,42,2,73,2,0,2,75
01/08/2002,AGS,GA,ASO,ES,Towers with Radar,13,17,23,10,63,0,0,54,7,61,13,17,77,17,124,40,4,44,168
01/09/2002,AGS,GA,ASO,ES,Towers with Radar,7,18,32,9,66,0,0,7,2,9,7,18,39,11,75,1,8,9,84
01/10/2002,AGS,GA,ASO,ES,Towers with Radar,10,15,28,5,58,3,3,22,0,28,13,18,50,5,86,13,0,13,99
01/11/2002,AGS,GA,ASO,ES,Towers with Radar,11,18,39,8,76,0,0,5,0,5,11,18,44,8,81,0,6,6,87
01/12/2002,AGS,GA,ASO,ES,Towers with Radar,5,17,27,5,54,0,0,16,0,16,5,17,43,5,70,37,0,37,107
01/13/2002,AGS,GA,ASO,ES,Towers with Radar,9,15,20,8,52,0,0,23,1,24,9,15,43,9,76,9,1,10,86
01/14/2002,AGS,GA,ASO,ES,Towers with Radar,13,15,28,7,63,0,0,12,4,16,13,15,40,11,79,20,6,26,105
01/15/2002,AGS,GA,ASO,ES,Towers with Radar,10,22,31,10,73,0,0,25,3,28,10,22,56,13,101,27,0,27,128
01/16/2002,AGS,GA,ASO,ES,Towers with Radar,6,24,40,16,86,0,0,26,2,28,6,24,66,18,114,25,3,28,142
01/17/2002,AGS,GA,ASO,ES,Towers with Radar,7,19,30,9,65,0,0,14,9,23,7,19,44,18,88,43,1,44,132
01/18/2002,AGS,GA,ASO,ES,Towers with Radar,14,19,45,9,87,0,0,26,1,27,14,19,71,10,114,49,10,59,173
01/19/2002,AGS,GA,ASO,ES,Towers with Radar,7,12,11,2,32,0,0,1,0,1,7,12,12,2,33,0,0,0,33
01/20/2002,AGS,GA,ASO,ES,Towers with Radar,8,16,29,5,58,0,1,20,0,21,8,17,49,5,79,56,0,56,135
01/21/2002,AGS,GA,ASO,ES,Towers with Radar,15,14,28,6,63,0,0,1,0,1,15,14,29,6,64,0,0,0,64
01/22/2002,AGS,GA,ASO,ES,Towers with Radar,15,11,41,8,75,0,0,39,1,40,15,11,80,9,115,47,0,47,162
01/23/2002,AGS,GA,ASO,ES,Towers with Radar,9,23,43,14,89,0,0,1,4,5,9,23,44,18,94,7,0,7,101
01/24/2002,AGS,GA,ASO,ES,Towers with Radar,10,18,41,20,89,0,0,6,1,7,10,18,47,21,96,8,26,34,130
01/25/2002,AGS,GA,ASO,ES,Towers with Radar,14,18,70,8,110,0,0,17,0,17,14,18,87,8,127,35,0,35,162
01/26/2002,AGS,GA,ASO,ES,Towers with Radar,13,16,49,12,90,0,6,43,0,49,13,22,92,12,139,38,0,38,177
01/27/2002,AGS,GA,ASO,ES,Towers with Radar,8,18,43,2,71,0,0,25,0,25,8,18,68,2,96,11,0,11,107
01/28/2002,AGS,GA,ASO,ES,Towers with Radar,13,17,33,5,68,0,0,47,0,47,13,17,80,5,115,74,0,74,189
01/29/2002,AGS,GA,ASO,ES,Towers with Radar,9,18,38,14,79,0,0,29,10,39,9,18,67,24,118,20,26,46,164
01/30/2002,AGS,GA,ASO,ES,Towers with Radar,8,19,36,11,74,0,0,18,4,22,8,19,54,15,96,21,1,22,118
01/31/2002,AGS,GA,ASO,ES,Towers with Radar,12,19,36,8,75,5,1,7,0,13,17,20,43,8,88,33,0,33,121
02/01/2002,AGS,GA,ASO,ES,Towers with Radar,9,24,26,5,64,1,0,7,1,9,10,24,33,6,73,4,2,6,79
02/02/2002,AGS,GA,ASO,ES,Towers with Radar,9,20,29,0,58,1,0,23,0,24,10,20,52,0,82,12,0,12,94
02/03/2002,AGS,GA,ASO,ES,Towers with Radar,11,15,37,4,67,2,0,15,0,17,13,15,52,4,84,7,0,7,91
02/04/2002,AGS,GA,ASO,ES,Towers with Radar,9,25,43,9,86,0,0,7,2,9,9,25,50,11,95,0,0,0,95
02/05/2002,AGS,GA,ASO,ES,Towers with Radar,14,26,55,11,106,0,0,27,3,30,14,26,82,14,136,48,0,48,184
02/06/2002,AGS,GA,ASO,ES,Towers with Radar,7,18,26,0,51,0,0,0,1,1,7,18,26,1,52,1,0,1,53
02/07/2002,AGS,GA,ASO,ES,Towers with Radar,7,23,45,8,83,0,0,6,5,11,7,23,51,13,94,6,0,6,100
02/08/2002,AGS,GA,ASO,ES,Towers with Radar,12,15,47,7,81,0,0,47,0,47,12,15,94,7,128,34,0,34,162
02/09/2002,AGS,GA,ASO,ES,Towers with Radar,10,12,30,4,56,0,0,52,0,52,10,12,82,4,108,20,4,24,132
02/10/2002,AGS,GA,ASO,ES,Towers with Radar,10,13,27,1,51,1,4,8,0,13,11,17,35,1,64,34,0,34,98
02/11/2002,AGS,GA,ASO,ES,Towers with Radar,9,16,38,15,78,0,1,15,2,18,9,17,53,17,96,9,31,40,136
02/12/2002,AGS,GA,ASO,ES,Towers with Radar,13,15,46,15,89,0,1,34,1,36,13,16,80,16,125,23,10,33,158
02/13/2002,AGS,GA,ASO,ES,Towers with Radar,13,18,41,7,79,1,0,19,0,20,14,18,60,7,99,18,0,18,117
02/14/2002,AGS,GA,ASO,ES,Towers with Radar,12,14,31,15,72,0,1,16,5,22,12,15,47,20,94,4,24,28,122
02/15/2002,AGS,GA,ASO,ES,Towers with Radar,11,15,36,12,74,0,1,27,0,28,11,16,63,12,102,33,9,42,144
02/16/2002,AGS,GA,ASO,ES,Towers with Radar,2,10,6,0,18,0,1,2,2,5,2,11,8,2,23,0,0,0,23
02/17/2002,AGS,GA,ASO,ES,Towers with Radar,12,15,22,16,65,0,1,9,2,12,12,16,31,18,77,2,8,10,87
02/18/2002,AGS,GA,ASO,ES,Towers with Radar,14,9,35,0,58,0,1,26,0,27,14,10,61,0,85,28,0,28,113
02/19/2002,AGS,GA,ASO,ES,Towers with Radar,12,21,37,8,78,0,1,33,3,37,12,22,70,11,115,35,9,44,159
02/20/2002,AGS,GA,ASO,ES,Towers with Radar,12,20,37,19,88,0,1,1,0,2,12,21,38,19,90,3,10,13,103
02/21/2002,AGS,GA,ASO,ES,Towers with Radar,10,30,48,18,106,0,1,13,2,16,10,31,61,20,122,2,6,8,130
02/22/2002,AGS,GA,ASO,ES,Towers with Radar,14,22,43,9,88,0,0,28,8,36,14,22,71,17,124,7,5,12,136
02/23/2002,AGS,GA,ASO,ES,Towers with Radar,10,15,26,0,51,0,1,31,0,32,10,16,57,0,83,28,0,28,111
02/24/2002,AGS,GA,ASO,ES,Towers with Radar,13,17,28,4,62,0,1,38,0,39,13,18,66,4,101,93,4,97,198
02/25/2002,AGS,GA,ASO,ES,Towers with Radar,12,18,38,1,69,0,3,21,0,24,12,21,59,1,93,19,0,19,112
02/26/2002,AGS,GA,ASO,ES,Towers with Radar,8,22,32,9,71,0,1,11,3,15,8,23,43,12,86,15,2,17,103
02/27/2002,AGS,GA,ASO,ES,Towers with Radar,12,15,34,4,65,0,1,12,0,13,12,16,46,4,78,12,0,12,90
02/28/2002,AGS,GA,ASO,ES,Towers with Radar,11,19,37,6,73,0,1,30,0,31,11,20,67,6,104,37,0,37,141
03/01/2002,AGS,GA,ASO,ES,Towers with Radar,11,20,50,12,93,0,1,27,0,28,11,21,77,12,121,28,0,28,149
03/02/2002,AGS,GA,ASO,ES,Towers with Radar,6,17,17,9,49,0,1,0,0,1,6,18,17,9,50,0,5,5,55
03/03/2002,AGS,GA,ASO,ES,Towers with Radar,9,13,28,5,55,1,0,2,0,3,10,13,30,5,58,8,0,8,66
03/04/2002,AGS,GA,ASO,ES,Towers with Radar,7,14,30,6,57,0,0,9,2,11,7,14,39,8,68,0,6,6,74
03/05/2002,AGS,GA,ASO,ES,Towers with Radar,10,17,45,9,81,0,1,41,1,43,10,18,86,10,124,32,0,32,156
03/06/2002,AGS,GA,ASO,ES,Towers with Radar,11,25,60,15,111,0,1,43,4,48,11,26,103,19,159,23,15,38,197
03/07/2002,AGS,GA,ASO,ES,Towers with Radar,13,23,56,11,103,0,0,24,13,37,13,23,80,24,140,31,17,48,188
03/08/2002,AGS,GA,ASO,ES,Towers with Radar,8,25,48,5,86,0,0,34,0,34,8,25,82,5,120,30,0,30,150
03/09/2002,AGS,GA,ASO,ES,Towers with Radar,8,11,7,10,36,0,1,17,0,18,8,12,24,10,54,18,5,23,77
03/10/2002,AGS,GA,ASO,ES,Towers with Radar,9,16,34,7,66,3,0,14,4,21,12,16,48,11,87,91,1,92,179
03/11/2002,AGS,GA,ASO,ES,Towers with Radar,10,26,35,6,77,0,1,24,1,26,10,27,59,7,103,16,18,34,137
03/12/2002,AGS,GA,ASO,ES,Towers with Radar,10,23,48,5,86,0,1,0,0,1,10,24,48,5,87,0,0,0,87
03/13/2002,AGS,GA,ASO,ES,Towers with Radar,14,20,55,17,106,0,1,14,2,17,14,21,69,19,123,15,14,29,152
03/14/2002,AGS,GA,ASO,ES,Towers with Radar,12,32,44,15,103,0,1,32,0,33,12,33,76,15,136,22,18,40,176
03/15/2002,AGS,GA,ASO,ES,Towers with Radar,6,28,31,14,79,0,1,17,6,24,6,29,48,20,103,21,0,21,124
03/16/2002,AGS,GA,ASO,ES,Towers with Radar,5,15,18,2,40,0,1,13,0,14,5,16,31,2,54,7,0,7,61
03/17/2002,AGS,GA,ASO,ES,Towers with Radar,11,24,31,3,69,0,1,10,0,11,11,25,41,3,80,9,0,9,89
03/18/2002,AGS,GA,ASO,ES,Towers with Radar,8,26,34,3,71,0,1,13,5,19,8,27,47,8,90,26,8,34,124
03/19/2002,AGS,GA,ASO,ES,Towers with Radar,12,20,54,7,93,0,1,28,3,32,12,21,82,10,125,146,19,165,290
03/20/2002,AGS,GA,ASO,ES,Towers with Radar,11,19,42,5,77,7,0,18,0,25,18,19,60,5,102,130,0,130,232
03/21/2002,AGS,GA,ASO,ES,Towers with Radar,15,27,48,18,108,5,1,13,0,19,20,28,61,18,127,88,17,105,232
03/22/2002,AGS,GA,ASO,ES,Towers with Radar,10,22,55,7,94,0,0,38,2,40,10,22,93,9,134,23,2,25,159
03/23/2002,AGS,GA,ASO,ES,Towers with Radar,7,23,39,8,77,0,0,24,2,26,7,23,63,10,103,2,9,11,114
03/24/2002,AGS,GA,ASO,ES,Towers with Radar,11,21,36,2,70,0,0,27,1,28,11,21,63,3,98,46,0,46,144
03/25/2002,AGS,GA,ASO,ES,Towers with Radar,9,29,53,7,98,0,0,20,4,24,9,29,73,11,122,8,10,18,140
03/26/2002,AGS,GA,ASO,ES,Towers with Radar,10,21,38,6,75,1,5,4,0,10,11,26,42,6,85,1,0,1,86
03/27/2002,AGS,GA,ASO,ES,Towers with Radar,12,27,47,10,96,0,2,49,2,53,12,29,96,12,149,22,17,39,188
03/28/2002,AGS,GA,ASO,ES,Towers with Radar,10,29,68,14,121,0,0,22,0,22,10,29,90,14,143,63,8,71,214
03/29/2002,AGS,GA,ASO,ES,Towers with Radar,8,35,46,9,98,0,0,16,2,18,8,35,62,11,116,11,0,11,127
03/30/2002,AGS,GA,ASO,ES,Towers with Radar,9,12,18,0,39,0,0,12,0,12,9,12,30,0,51,0,0,0,51
03/31/2002,AGS,GA,ASO,ES,Towers with Radar,13,9,15,2,39,4,0,2,0,6,17,9,17,2,45,16,0,16,61
04/01/2002,AGS,GA,ASO,ES,Towers with Radar,13,19,39,10,81,1,1,21,1,24,14,20,60,11,105,19,14,33,138
04/02/2002,AGS,GA,ASO,ES,Towers with Radar,4,22,39,7,72,2,0,14,1,17,6,22,53,8,89,24,0,24,113
04/03/2002,AGS,GA,ASO,ES,Towers with Radar,11,18,36,14,79,2,0,13,6,21,13,18,49,20,100,6,21,27,127
04/04/2002,AGS,GA,ASO,ES,Towers with Radar,7,22,45,2,76,2,0,8,0,10,9,22,53,2,86,12,0,12,98
04/05/2002,AGS,GA,ASO,ES,Towers with Radar,4,31,47,9,91,2,0,29,7,38,6,31,76,16,129,28,15,43,172
04/06/2002,AGS,GA,ASO,ES,Towers with Radar,8,24,38,1,71,2,0,15,1,18,10,24,53,2,89,32,0,32,121
04/07/2002,AGS,GA,ASO,ES,Towers with Radar,14,48,78,0,140,2,0,13,0,15,16,48,91,0,155,2,0,2,157
04/08/2002,AGS,GA,ASO,ES,Towers with Radar,14,70,165,1,250,2,0,6,1,9,16,70,171,2,259,0,0,0,259
04/09/2002,AGS,GA,ASO,ES,Towers with Radar,15,74,192,2,283,2,0,2,1,5,17,74,194,3,288,6,0,6,294
04/10/2002,AGS,GA,ASO,ES,Towers with Radar,20,92,213,2,327,0,0,94,0,94,20,92,307,2,421,0,0,0,421
04/11/2002,AGS,GA,ASO,ES,Towers with Radar,26,116,243,1,386,1,0,1,2,4,27,116,244,3,390,0,0,0,390
04/12/2002,AGS,GA,ASO,ES,Towers with Radar,25,105,337,0,467,1,0,0,0,1,26,105,337,0,468,0,0,0,468
04/13/2002,AGS,GA,ASO,ES,Towers with Radar,28,67,243,0,338,1,0,1,0,2,29,67,244,0,340,0,0,0,340
04/14/2002,AGS,GA,ASO,ES,Towers with Radar,22,93,197,3,315,0,16,50,0,66,22,109,247,3,381,0,0,0,381
04/15/2002,AGS,GA,ASO,ES,Towers with Radar,24,57,90,4,175,0,0,18,3,21,24,57,108,7,196,6,0,6,202
04/16/2002,AGS,GA,ASO,ES,Towers with Radar,13,19,25,11,68,0,0,17,2,19,13,19,42,13,87,6,6,12,99
04/17/2002,AGS,GA,ASO,ES,Towers with Radar,15,15,34,21,85,0,0,33,3,36,15,15,67,24,121,15,28,43,164
04/18/2002,AGS,GA,ASO,ES,Towers with Radar,7,35,39,8,89,0,0,27,3,30,7,35,66,11,119,55,0,55,174
04/19/2002,AGS,GA,ASO,ES,Towers with Radar,11,20,48,8,87,0,1,32,5,38,11,21,80,13,125,21,0,21,146
04/20/2002,AGS,GA,ASO,ES,Towers with Radar,7,18,44,0,69,1,0,6,0,7,8,18,50,0,76,37,0,37,113
04/21/2002,AGS,GA,ASO,ES,Towers with Radar,7,28,20,12,67,0,0,16,1,17,7,28,36,13,84,19,8,27,111
04/22/2002,AGS,GA,ASO,ES,Towers with Radar,10,23,37,9,79,0,0,1,6,7,10,23,38,15,86,0,0,0,86
04/23/2002,AGS,GA,ASO,ES,Towers with Radar,14,25,47,16,102,0,0,32,9,41,14,25,79,25,143,66,13,79,222
04/24/2002,AGS,GA,ASO,ES,Towers with Radar,10,29,58,18,115,0,0,29,11,40,10,29,87,29,155,33,7,40,195
04/25/2002,AGS,GA,ASO,ES,Towers with Radar,12,32,65,5,114,0,0,0,10,10,12,32,65,15,124,15,4,19,143
04/26/2002,AGS,GA,ASO,ES,Towers with Radar,14,31,62,11,118,0,0,14,11,25,14,31,76,22,143,12,13,25,168
04/27/2002,AGS,GA,ASO,ES,Towers with Radar,8,21,26,0,55,0,0,11,2,13,8,21,37,2,68,19,0,19,87
04/28/2002,AGS,GA,ASO,ES,Towers with Radar,10,29,38,4,81,0,1,0,2,3,10,30,38,6,84,0,0,0,84
04/29/2002,AGS,GA,ASO,ES,Towers with Radar,14,22,52,5,93,0,1,21,2,24,14,23,73,7,117,18,0,18,135
04/30/2002,AGS,GA,ASO,ES,Towers with Radar,15,33,50,4,102,0,1,24,2,27,15,34,74,6,129,19,0,19,148
05/01/2002,AGS,GA,ASO,ES,Towers with Radar,11,14,59,2,86,1,0,21,3,25,12,14,80,5,111,25,0,25,136
05/02/2002,AGS,GA,ASO,ES,Towers with Radar,11,26,42,9,88,0,2,13,3,18,11,28,55,12,106,30,0,30,136
05/03/2002,AGS,GA,ASO,ES,Towers with Radar,14,17,39,1,71,0,0,6,1,7,14,17,45,2,78,5,0,5,83
05/04/2002,AGS,GA,ASO,ES,Towers with Radar,6,26,31,0,63,1,1,1,0,3,7,27,32,0,66,2,0,2,68
05/05/2002,AGS,GA,ASO,ES,Towers with Radar,7,16,33,0,56,0,5,5,0,10,7,21,38,0,66,0,0,0,66
05/06/2002,AGS,GA,ASO,ES,Towers with Radar,13,19,57,10,99,0,0,34,1,35,13,19,91,11,134,65,11,76,210
05/07/2002,AGS,GA,ASO,ES,Towers with Radar,16,21,81,9,127,0,0,24,1,25,16,21,105,10,152,67,21,88,240
05/08/2002,AGS,GA,ASO,ES,Towers with Radar,17,20,51,7,95,0,0,46,9,55,17,20,97,16,150,28,13,41,191
05/09/2002,AGS,GA,ASO,ES,Towers with Radar,12,26,36,12,86,1,0,21,0,22,13,26,57,12,108,8,2,10,118
05/10/2002,AGS,GA,ASO,ES,Towers with Radar,16,17,53,13,99,1,0,17,0,18,17,17,70,13,117,16,4,20,137
05/11/2002,AGS,GA,ASO,ES,Towers with Radar,10,17,33,0,60,3,4,3,0,10,13,21,36,0,70,12,0,12,82
05/12/2002,AGS,GA,ASO,ES,Towers with Radar,11,12,18,3,44,1,0,5,0,6,12,12,23,3,50,2,0,2,52
05/13/2002,AGS,GA,ASO,ES,Towers with Radar,15,24,41,6,86,0,1,13,2,16,15,25,54,8,102,21,6,27,129
05/14/2002,AGS,GA,ASO,ES,Towers with Radar,13,22,62,10,107,0,1,33,0,34,13,23,95,10,141,24,0,24,165
05/15/2002,AGS,GA,ASO,ES,Towers with Radar,13,18,48,5,84,0,0,41,4,45,13,18,89,9,129,31,0,31,160
05/16/2002,AGS,GA,ASO,ES,Towers with Radar,11,28,37,6,82,0,0,33,1,34,11,28,70,7,116,35,6,41,157
05/17/2002,AGS,GA,ASO,ES,Towers with Radar,16,25,34,3,78,0,0,24,1,25,16,25,58,4,103,71,0,71,174
05/18/2002,AGS,GA,ASO,ES,Towers with Radar,13,16,25,0,54,0,0,1,0,1,13,16,26,0,55,0,0,0,55
05/19/2002,AGS,GA,ASO,ES,Towers with Radar,11,21,26,3,61,0,0,20,3,23,11,21,46,6,84,12,0,12,96
05/20/2002,AGS,GA,ASO,ES,Towers with Radar,12,19,38,7,76,0,0,30,8,38,12,19,68,15,114,51,6,57,171
05/21/2002,AGS,GA,ASO,ES,Towers with Radar,14,15,39,10,78,0,0,25,0,25,14,15,64,10,103,53,4,57,160
05/22/2002,AGS,GA,ASO,ES,Towers with Radar,15,17,36,7,75,0,0,15,0,15,15,17,51,7,90,13,0,13,103
05/23/2002,AGS,GA,ASO,ES,Towers with Radar,11,20,38,15,84,0,2,51,2,55,11,22,89,17,139,38,4,42,181
05/24/2002,AGS,GA,ASO,ES,Towers with Radar,16,12,37,4,69,0,2,28,2,32,16,14,65,6,101,22,0,22,123
05/25/2002,AGS,GA,ASO,ES,Towers with Radar,16,6,4,1,27,0,0,35,0,35,16,6,39,1,62,48,0,48,110
05/26/2002,AGS,GA,ASO,ES,Towers with Radar,12,9,5,2,28,0,0,9,0,9,12,9,14,2,37,2,0,2,39
05/27/2002,AGS,GA,ASO,ES,Towers with Radar,11,13,17,0,41,0,0,20,0,20,11,13,37,0,61,9,0,9,70
05/28/2002,AGS,GA,ASO,ES,Towers with Radar,13,13,39,5,70,0,0,39,0,39,13,13,78,5,109,39,2,41,150
05/29/2002,AGS,GA,ASO,ES,Towers with Radar,15,17,40,6,78,0,0,18,3,21,15,17,58,9,99,14,1,15,114
05/30/2002,AGS,GA,ASO,ES,Towers with Radar,10,18,37,16,81,0,0,9,7,16,10,18,46,23,97,3,8,11,108
05/31/2002,AGS,GA,ASO,ES,Towers with Radar,10,21,41,2,74,0,0,16,0,16,10,21,57,2,90,17,0,17,107
06/01/2002,AGS,GA,ASO,ES,Towers with Radar,11,8,11,5,35,1,0,24,0,25,12,8,35,5,60,22,10,32,92
06/02/2002,AGS,GA,ASO,ES,Towers with Radar,12,15,15,2,44,1,1,4,1,7,13,16,19,3,51,9,0,9,60
06/03/2002,AGS,GA,ASO,ES,Towers with Radar,12,16,25,6,59,0,1,11,0,12,12,17,36,6,71,0,1,1,72
06/04/2002,AGS,GA,ASO,ES,Towers with Radar,12,17,47,8,84,0,1,20,0,21,12,18,67,8,105,17,2,19,124
06/05/2002,AGS,GA,ASO,ES,Towers with Radar,9,16,29,12,66,0,1,21,0,22,9,17,50,12,88,16,0,16,104
06/06/2002,AGS,GA,ASO,ES,Towers with Radar,10,14,37,16,77,0,1,9,1,11,10,15,46,17,88,10,11,21,109
06/07/2002,AGS,GA,ASO,ES,Towers with Radar,13,21,25,6,65,0,1,11,0,12,13,22,36,6,77,34,0,34,111
06/08/2002,AGS,GA,ASO,ES,Towers with Radar,12,12,9,3,36,0,1,13,0,14,12,13,22,3,50,4,0,4,54
06/09/2002,AGS,GA,ASO,ES,Towers with Radar,8,18,7,5,38,0,0,15,0,15,8,18,22,5,53,1,0,1,54
06/10/2002,AGS,GA,ASO,ES,Towers with Radar,12,16,34,8,70,0,0,35,0,35,12,16,69,8,105,39,14,53,158
06/11/2002,AGS,GA,ASO,ES,Towers with Radar,8,21,32,6,67,0,0,31,0,31,8,21,63,6,98,26,0,26,124
06/12/2002,AGS,GA,ASO,ES,Towers with Radar,14,15,52,4,85,0,0,28,4,32,14,15,80,8,117,33,1,34,151
06/13/2002,AGS,GA,ASO,ES,Towers with Radar,13,17,13,14,57,0,0,12,2,14,13,17,25,16,71,25,9,34,105
06/14/2002,AGS,GA,ASO,ES,Towers with Radar,9,14,39,2,64,0,0,10,2,12,9,14,49,4,76,9,0,9,85
06/15/2002,AGS,GA,ASO,ES,Towers with Radar,9,10,11,2,32,0,0,15,0,15,9,10,26,2,47,15,0,15,62
06/16/2002,AGS,GA,ASO,ES,Towers with Radar,11,10,23,4,48,2,0,3,0,5,13,10,26,4,53,10,0,10,63
06/17/2002,AGS,GA,ASO,ES,Towers with Radar,12,16,27,6,61,0,0,17,0,17,12,16,44,6,78,6,0,6,84
06/18/2002,AGS,GA,ASO,ES,Towers with Radar,8,19,33,8,68,0,5,25,5,35,8,24,58,13,103,0,0,0,103
06/19/2002,AGS,GA,ASO,ES,Towers with Radar,16,13,24,9,62,0,0,7,0,7,16,13,31,9,69,40,1,41,110
06/20/2002,AGS,GA,ASO,ES,Towers with Radar,16,14,35,10,75,0,0,21,2,23,16,14,56,12,98,17,0,17,115
06/21/2002,AGS,GA,ASO,ES,Towers with Radar,15,21,40,9,85,0,0,16,0,16,15,21,56,9,101,17,10,27,128
06/22/2002,AGS,GA,ASO,ES,Towers with Radar,13,10,28,0,51,0,0,3,0,3,13,10,31,0,54,2,0,2,56
06/23/2002,AGS,GA,ASO,ES,Towers with Radar,10,12,22,2,46,3,0,1,0,4,13,12,23,2,50,6,0,6,56
06/24/2002,AGS,GA,ASO,ES,Towers with Radar,13,17,36,9,75,0,0,5,0,5,13,17,41,9,80,0,2,2,82
06/25/2002,AGS,GA,ASO,ES,Towers with Radar,10,13,37,6,66,0,0,6,0,6,10,13,43,6,72,4,4,8,80
06/26/2002,AGS,GA,ASO,ES,Towers with Radar,13,8,27,6,54,1,0,9,12,22,14,8,36,18,76,2,18,20,96
06/27/2002,AGS,GA,ASO,ES,Towers with Radar,14,16,24,7,61,0,0,21,1,22,14,16,45,8,83,36,0,36,119
06/28/2002,AGS,GA,ASO,ES,Towers with Radar,16,10,24,6,56,0,0,25,1,26,16,10,49,7,82,20,0,20,102
06/29/2002,AGS,GA,ASO,ES,Towers with Radar,14,8,8,2,32,0,0,26,0,26,14,8,34,2,58,27,0,27,85
06/30/2002,AGS,GA,ASO,ES,Towers with Radar,9,12,13,7,41,0,0,11,0,11,9,12,24,7,52,9,0,9,61
07/01/2002,AGS,GA,ASO,ES,Towers with Radar,7,17,20,5,49,0,0,8,1,9,7,17,28,6,58,12,0,12,70
07/02/2002,AGS,GA,ASO,ES,Towers with Radar,17,16,32,3,68,0,0,19,3,22,17,16,51,6,90,6,10,16,106
07/03/2002,AGS,GA,ASO,ES,Towers with Radar,10,9,26,8,53,0,0,21,2,23,10,9,47,10,76,45,0,45,121
07/04/2002,AGS,GA,ASO,ES,Towers with Radar,8,10,5,0,23,0,0,2,0,2,8,10,7,0,25,4,0,4,29
07/05/2002,AGS,GA,ASO,ES,Towers with Radar,10,7,18,0,35,0,0,4,0,4,10,7,22,0,39,10,0,10,49
07/06/2002,AGS,GA,ASO,ES,Towers with Radar,11,10,7,0,28,0,0,13,0,13,11,10,20,0,41,4,0,4,45
07/07/2002,AGS,GA,ASO,ES,Towers with Radar,15,8,19,0,42,0,0,8,0,8,15,8,27,0,50,0,0,0,50
07/08/2002,AGS,GA,ASO,ES,Towers with Radar,11,13,32,5,61,0,0,35,2,37,11,13,67,7,98,47,2,49,147
07/09/2002,AGS,GA,ASO,ES,Towers with Radar,13,15,33,4,65,0,0,39,1,40,13,15,72,5,105,24,10,34,139
07/10/2002,AGS,GA,ASO,ES,Towers with Radar,15,12,36,5,68,2,0,16,3,21,17,12,52,8,89,18,16,34,123
07/11/2002,AGS,GA,ASO,ES,Towers with Radar,17,16,20,3,56,0,0,6,2,8,17,16,26,5,64,7,6,13,77
07/12/2002,AGS,GA,ASO,ES,Towers with Radar,7,25,17,12,61,0,0,0,1,1,7,25,17,13,62,0,2,2,64
07/13/2002,AGS,GA,ASO,ES,Towers with Radar,13,8,11,2,34,0,0,4,0,4,13,8,15,2,38,14,1,15,53
07/14/2002,AGS,GA,ASO,ES,Towers with Radar,8,17,37,11,73,0,0,18,0,18,8,17,55,11,91,2,11,13,104
07/15/2002,AGS,GA,ASO,ES,Towers with Radar,11,20,48,5,84,0,0,34,11,45,11,20,82,16,129,48,6,54,183
07/16/2002,AGS,GA,ASO,ES,Towers with Radar,14,18,34,7,73,0,0,17,5,22,14,18,51,12,95,17,2,19,114
07/17/2002,AGS,GA,ASO,ES,Towers with Radar,12,16,23,6,57,0,0,31,9,40,12,16,54,15,97,31,0,31,128
07/18/2002,AGS,GA,ASO,ES,Towers with Radar,12,14,23,7,56,0,0,14,3,17,12,14,37,10,73,24,4,28,101
07/19/2002,AGS,GA,ASO,ES,Towers with Radar,14,13,22,5,54,0,0,22,1,23,14,13,44,6,77,0,1,1,78
07/20/2002,AGS,GA,ASO,ES,Towers with Radar,9,15,10,1,35,0,0,17,6,23,9,15,27,7,58,18,0,18,76
07/21/2002,AGS,GA,ASO,ES,Towers with Radar,11,9,14,2,36,0,0,9,1,10,11,9,23,3,46,5,0,5,51
07/22/2002,AGS,GA,ASO,ES,Towers with Radar,15,17,19,5,56,0,0,7,4,11,15,17,26,9,67,28,0,28,95
07/23/2002,AGS,GA,ASO,ES,Towers with Radar,23,19,44,4,90,0,0,6,0,6,23,19,50,4,96,14,0,14,110
07/24/2002,AGS,GA,ASO,ES,Towers with Radar,6,19,25,14,64,0,0,17,2,19,6,19,42,16,83,8,9,17,100
07/25/2002,AGS,GA,ASO,ES,Towers with Radar,15,15,35,14,79,0,0,13,4,17,15,15,48,18,96,24,0,24,120
07/26/2002,AGS,GA,ASO,ES,Towers with Radar,6,18,23,8,55,0,0,24,3,27,6,18,47,11,82,32,0,32,114
07/27/2002,AGS,GA,ASO,ES,Towers with Radar,12,10,22,0,44,0,0,19,0,19,12,10,41,0,63,23,0,23,86
07/28/2002,AGS,GA,ASO,ES,Towers with Radar,7,15,5,1,28,0,0,19,1,20,7,15,24,2,48,6,2,8,56
07/29/2002,AGS,GA,ASO,ES,Towers with Radar,11,18,29,5,63,0,0,26,6,32,11,18,55,11,95,41,6,47,142
07/30/2002,AGS,GA,ASO,ES,Towers with Radar,10,16,40,11,77,0,0,24,5,29,10,16,64,16,106,22,11,33,139
07/31/2002,AGS,GA,ASO,ES,Towers with Radar,14,15,38,6,73,0,0,19,4,23,14,15,57,10,96,6,2,8,104
08/01/2002,AGS,GA,ASO,ES,Towers with Radar,13,11,26,7,57,1,0,15,2,18,14,11,41,9,75,14,2,16,91
08/02/2002,AGS,GA,ASO,ES,Towers with Radar,13,16,19,2,50,0,0,31,3,34,13,16,50,5,84,35,0,35,119
08/03/2002,AGS,GA,ASO,ES,Towers with Radar,13,7,13,1,34,0,0,24,1,25,13,7,37,2,59,24,0,24,83
08/04/2002,AGS,GA,ASO,ES,Towers with Radar,12,15,18,1,46,0,0,22,1,23,12,15,40,2,69,18,0,18,87
08/05/2002,AGS,GA,ASO,ES,Towers with Radar,12,14,25,5,56,1,0,12,0,13,13,14,37,5,69,28,0,28,97
08/06/2002,AGS,GA,ASO,ES,Towers with Radar,11,14,35,5,65,1,0,35,1,37,12,14,70,6,102,36,1,37,139
08/07/2002,AGS,GA,ASO,ES,Towers with Radar,10,19,43,7,79,1,0,37,4,42,11,19,80,11,121,70,2,72,193
08/08/2002,AGS,GA,ASO,ES,Towers with Radar,16,15,33,10,74,1,0,31,8,40,17,15,64,18,114,60,21,81,195
08/09/2002,AGS,GA,ASO,ES,Towers with Radar,17,15,27,5,64,1,0,28,7,36,18,15,55,12,100,61,1,62,162
08/10/2002,AGS,GA,ASO,ES,Towers with Radar,13,12,14,0,39,0,0,17,4,21,13,12,31,4,60,7,2,9,69
08/11/2002,AGS,GA,ASO,ES,Towers with Radar,16,12,34,8,70,0,0,30,0,30,16,12,64,8,100,95,2,97,197
08/12/2002,AGS,GA,ASO,ES,Towers with Radar,12,20,18,5,55,0,0,32,1,33,12,20,50,6,88,51,12,63,151
08/13/2002,AGS,GA,ASO,ES,Towers with Radar,11,18,34,9,72,0,0,24,9,33,11,18,58,18,105,60,4,64,169
08/14/2002,AGS,GA,ASO,ES,Towers with Radar,12,17,34,7,70,0,0,21,5,26,12,17,55,12,96,26,2,28,124
08/15/2002,AGS,GA,ASO,ES,Towers with Radar,19,11,27,5,62,0,1,17,2,20,19,12,44,7,82,32,0,32,114
08/16/2002,AGS,GA,ASO,ES,Towers with Radar,13,19,26,7,65,0,0,16,5,21,13,19,42,12,86,36,0,36,122
08/17/2002,AGS,GA,ASO,ES,Towers with Radar,10,15,25,0,50,0,0,17,0,17,10,15,42,0,67,12,0,12,79
08/18/2002,AGS,GA,ASO,ES,Towers with Radar,13,12,24,2,51,1,3,2,0,6,14,15,26,2,57,2,0,2,59
08/19/2002,AGS,GA,ASO,ES,Towers with Radar,16,10,21,1,48,0,0,25,1,26,16,10,46,2,74,34,0,34,108
08/20/2002,AGS,GA,ASO,ES,Towers with Radar,18,13,29,14,74,0,0,20,3,23,18,13,49,17,97,30,2,32,129
08/21/2002,AGS,GA,ASO,ES,Towers with Radar,16,18,35,15,84,0,0,22,5,27,16,18,57,20,111,0,30,30,141
08/22/2002,AGS,GA,ASO,ES,Towers with Radar,16,13,36,16,81,0,0,34,3,37,16,13,70,19,118,100,9,109,227
08/23/2002,AGS,GA,ASO,ES,Towers with Radar,14,15,36,6,71,0,1,59,2,62,14,16,95,8,133,65,0,65,198
08/24/2002,AGS,GA,ASO,ES,Towers with Radar,11,9,5,5,30,0,0,24,0,24,11,9,29,5,54,63,3,66,120
08/25/2002,AGS,GA,ASO,ES,Towers with Radar,14,12,11,1,38,0,0,15,0,15,14,12,26,1,53,26,0,26,79
08/26/2002,AGS,GA,ASO,ES,Towers with Radar,19,13,30,13,75,0,0,14,0,14,19,13,44,13,89,32,7,39,128
08/27/2002,AGS,GA,ASO,ES,Towers with Radar,17,10,22,6,55,0,0,5,0,5,17,10,27,6,60,29,0,29,89
08/28/2002,AGS,GA,ASO,ES,Towers with Radar,17,17,33,14,81,0,0,5,4,9,17,17,38,18,90,21,5,26,116
08/29/2002,AGS,GA,ASO,ES,Towers with Radar,17,12,37,10,76,0,0,7,2,9,17,12,44,12,85,16,2,18,103
08/30/2002,AGS,GA,ASO,ES,Towers with Radar,15,15,29,2,61,0,4,9,0,13,15,19,38,2,74,20,0,20,94
08/31/2002,AGS,GA,ASO,ES,Towers with Radar,10,10,13,2,35,0,2,0,0,2,10,12,13,2,37,2,0,2,39
09/01/2002,AGS,GA,ASO,ES,Towers with Radar,5,7,6,2,20,1,2,0,0,3,6,9,6,2,23,0,0,0,23
09/02/2002,AGS,GA,ASO,ES,Towers with Radar,18,7,16,0,41,0,1,16,1,18,18,8,32,1,59,8,0,8,67
09/03/2002,AGS,GA,ASO,ES,Towers with Radar,15,12,29,4,60,0,1,29,3,33,15,13,58,7,93,97,4,101,194
09/04/2002,AGS,GA,ASO,ES,Towers with Radar,15,11,35,5,66,0,1,30,7,38,15,12,65,12,104,51,11,62,166
09/05/2002,AGS,GA,ASO,ES,Towers with Radar,13,17,35,9,74,0,2,29,4,35,13,19,64,13,109,25,12,37,146
09/06/2002,AGS,GA,ASO,ES,Towers with Radar,12,16,43,7,78,0,0,34,0,34,12,16,77,7,112,17,0,17,129
09/07/2002,AGS,GA,ASO,ES,Towers with Radar,11,15,17,5,48,0,2,20,2,24,11,17,37,7,72,35,2,37,109
09/08/2002,AGS,GA,ASO,ES,Towers with Radar,13,12,15,0,40,0,1,16,0,17,13,13,31,0,57,36,0,36,93
09/09/2002,AGS,GA,ASO,ES,Towers with Radar,18,7,23,11,59,0,1,20,4,25,18,8,43,15,84,8,23,31,115
09/10/2002,AGS,GA,ASO,ES,Towers with Radar,10,9,31,10,60,0,2,16,8,26,10,11,47,18,86,13,8,21,107
09/11/2002,AGS,GA,ASO,ES,Towers with Radar,10,10,32,7,59,0,1,28,4,33,10,11,60,11,92,44,2,46,138
09/12/2002,AGS,GA,ASO,ES,Towers with Radar,8,11,25,10,54,0,1,33,1,35,8,12,58,11,89,39,6,45,134
09/13/2002,AGS,GA,ASO,ES,Towers with Radar,15,16,40,10,81,0,0,21,3,24,15,16,61,13,105,8,4,12,117
09/14/2002,AGS,GA,ASO,ES,Towers with Radar,8,12,13,1,34,0,0,1,1,2,8,12,14,2,36,17,0,17,53
09/15/2002,AGS,GA,ASO,ES,Towers with Radar,12,13,22,5,52,0,0,0,0,0,12,13,22,5,52,2,0,2,54
09/16/2002,AGS,GA,ASO,ES,Towers with Radar,14,11,28,6,59,0,0,16,1,17,14,11,44,7,76,26,0,26,102
09/17/2002,AGS,GA,ASO,ES,Towers with Radar,12,17,33,4,66,0,0,13,2,15,12,17,46,6,81,10,12,22,103
09/18/2002,AGS,GA,ASO,ES,Towers with Radar,11,22,16,7,56,0,0,2,0,2,11,22,18,7,58,0,0,0,58
09/19/2002,AGS,GA,ASO,ES,Towers with Radar,14,21,34,11,80,0,0,2,4,6,14,21,36,15,86,6,1,7,93
09/20/2002,AGS,GA,ASO,ES,Towers with Radar,15,11,33,8,67,0,0,18,12,30,15,11,51,20,97,51,2,53,150
09/21/2002,AGS,GA,ASO,ES,Towers with Radar,10,14,11,0,35,0,0,10,0,10,10,14,21,0,45,56,0,56,101
09/22/2002,AGS,GA,ASO,ES,Towers with Radar,12,14,10,3,39,0,0,14,1,15,12,14,24,4,54,24,0,24,78
09/23/2002,AGS,GA,ASO,ES,Towers with Radar,12,11,21,15,59,0,0,22,5,27,12,11,43,20,86,66,15,81,167
09/24/2002,AGS,GA,ASO,ES,Towers with Radar,14,21,43,12,90,0,1,3,2,6,14,22,46,14,96,6,34,40,136
09/25/2002,AGS,GA,ASO,ES,Towers with Radar,7,17,37,19,80,0,0,0,0,0,7,17,37,19,80,2,7,9,89
09/26/2002,AGS,GA,ASO,ES,Towers with Radar,10,9,26,6,51,3,0,45,5,53,13,9,71,11,104,34,12,46,150
09/27/2002,AGS,GA,ASO,ES,Towers with Radar,17,14,28,13,72,0,0,24,0,24,17,14,52,13,96,10,0,10,106
09/28/2002,AGS,GA,ASO,ES,Towers with Radar,4,12,39,0,55,0,0,26,2,28,4,12,65,2,83,30,0,30,113
09/29/2002,AGS,GA,ASO,ES,Towers with Radar,13,16,35,9,73,0,0,62,3,65,13,16,97,12,138,20,0,20,158
09/30/2002,AGS,GA,ASO,ES,Towers with Radar,13,9,29,1,52,4,0,40,0,44,17,9,69,1,96,33,0,33,129
10/01/2002,AGS,GA,ASO,ES,Towers with Radar,14,12,28,9,63,1,0,27,1,29,15,12,55,10,92,14,25,39,131
10/02/2002,AGS,GA,ASO,ES,Towers with Radar,14,16,30,11,71,1,0,30,5,36,15,16,60,16,107,42,14,56,163
10/03/2002,AGS,GA,ASO,ES,Towers with Radar,15,12,25,17,69,1,0,16,1,18,16,12,41,18,87,37,12,49,136
10/04/2002,AGS,GA,ASO,ES,Towers with Radar,14,10,13,10,47,1,0,22,2,25,15,10,35,12,72,9,0,9,81
10/05/2002,AGS,GA,ASO,ES,Towers with Radar,9,14,22,0,45,1,0,21,4,26,10,14,43,4,71,57,0,57,128
10/06/2002,AGS,GA,ASO,ES,Towers with Radar,10,14,19,1,44,1,0,21,1,23,11,14,40,2,67,42,2,44,111
10/07/2002,AGS,GA,ASO,ES,Towers with Radar,14,13,30,1,58,1,0,21,1,23,15,13,51,2,81,8,0,8,89
10/08/2002,AGS,GA,ASO,ES,Towers with Radar,12,18,41,11,82,1,0,3,1,5,13,18,44,12,87,2,0,2,89
10/09/2002,AGS,GA,ASO,ES,Towers with Radar,13,17,40,6,76,0,0,0,1,1,13,17,40,7,77,6,0,6,83
10/10/2002,AGS,GA,ASO,ES,Towers with Radar,13,17,37,9,76,1,0,7,1,9,14,17,44,10,85,13,0,13,98
10/11/2002,AGS,GA,ASO,ES,Towers with Radar,10,23,33,1,67,1,0,4,0,5,11,23,37,1,72,5,0,5,77
10/12/2002,AGS,GA,ASO,ES,Towers with Radar,11,12,9,0,32,0,0,8,0,8,11,12,17,0,40,3,0,3,43
10/13/2002,AGS,GA,ASO,ES,Towers with Radar,12,19,22,2,55,0,0,10,0,10,12,19,32,2,65,6,0,6,71
10/14/2002,AGS,GA,ASO,ES,Towers with Radar,15,20,45,0,80,0,0,2,0,2,15,20,47,0,82,0,0,0,82
10/15/2002,AGS,GA,ASO,ES,Towers with Radar,9,18,28,9,64,0,0,3,1,4,9,18,31,10,68,0,0,0,68
10/16/2002,AGS,GA,ASO,ES,Towers with Radar,13,20,48,11,92,0,0,7,0,7,13,20,55,11,99,11,0,11,110
10/17/2002,AGS,GA,ASO,ES,Towers with Radar,12,30,49,16,107,0,0,33,2,35,12,30,82,18,142,41,0,41,183
10/18/2002,AGS,GA,ASO,ES,Towers with Radar,13,25,42,7,87,0,0,44,5,49,13,25,86,12,136,34,14,48,184
10/19/2002,AGS,GA,ASO,ES,Towers with Radar,12,22,32,3,69,0,0,47,0,47,12,22,79,3,116,68,2,70,186
10/20/2002,AGS,GA,ASO,ES,Towers with Radar,10,24,26,2,62,0,0,5,0,5,10,24,31,2,67,2,0,2,69
10/21/2002,AGS,GA,ASO,ES,Towers with Radar,15,23,43,8,89,0,0,12,0,12,15,23,55,8,101,28,0,28,129
10/22/2002,AGS,GA,ASO,ES,Towers with Radar,13,23,49,11,96,0,0,3,0,3,13,23,52,11,99,2,3,5,104
10/23/2002,AGS,GA,ASO,ES,Towers with Radar,10,24,58,2,94,0,0,2,0,2,10,24,60,2,96,2,0,2,98
10/24/2002,AGS,GA,ASO,ES,Towers with Radar,13,25,39,13,90,0,0,12,2,14,13,25,51,15,104,12,0,12,116
10/25/2002,AGS,GA,ASO,ES,Towers with Radar,9,18,30,2,59,0,6,14,0,20,9,24,44,2,79,13,0,13,92
10/26/2002,AGS,GA,ASO,ES,Towers with Radar,10,24,40,4,78,0,7,8,0,15,10,31,48,4,93,2,0,2,95
10/27/2002,AGS,GA,ASO,ES,Towers with Radar,14,28,28,0,70,0,0,7,0,7,14,28,35,0,77,6,0,6,83
10/28/2002,AGS,GA,ASO,ES,Towers with Radar,17,30,35,4,86,0,0,13,4,17,17,30,48,8,103,24,21,45,148
10/29/2002,AGS,GA,ASO,ES,Towers with Radar,13,20,49,13,95,0,0,3,0,3,13,20,52,13,98,2,7,9,107
10/30/2002,AGS,GA,ASO,ES,Towers with Radar,11,32,49,7,99,0,0,20,5,25,11,32,69,12,124,22,0,22,146
10/31/2002,AGS,GA,ASO,ES,Towers with Radar,9,29,63,3,104,0,0,19,7,26,9,29,82,10,130,16,1,17,147
11/01/2002,AGS,GA,ASO,ES,Towers with Radar,10,18,40,6,74,1,0,36,7,44,11,18,76,13,118,39,6,45,163
11/02/2002,AGS,GA,ASO,ES,Towers with Radar,8,15,16,0,39,0,0,42,0,42,8,15,58,0,81,54,0,54,135
11/03/2002,AGS,GA,ASO,ES,Towers with Radar,13,24,30,1,68,0,0,5,1,6,13,24,35,2,74,10,0,10,84
11/04/2002,AGS,GA,ASO,ES,Towers with Radar,13,26,37,13,89,0,0,4,1,5,13,26,41,14,94,4,8,12,106
11/05/2002,AGS,GA,ASO,ES,Towers with Radar,12,24,34,5,75,1,1,16,3,21,13,25,50,8,96,0,0,0,96
11/06/2002,AGS,GA,ASO,ES,Towers with Radar,14,24,36,13,87,0,0,6,9,15,14,24,42,22,102,18,8,26,128
11/07/2002,AGS,GA,ASO,ES,Towers with Radar,16,28,47,8,99,0,0,33,1,34,16,28,80,9,133,58,3,61,194
11/08/2002,AGS,GA,ASO,ES,Towers with Radar,12,26,44,5,87,0,0,47,0,47,12,26,91,5,134,24,0,24,158
11/09/2002,AGS,GA,ASO,ES,Towers with Radar,10,19,27,0,56,1,0,13,0,14,11,19,40,0,70,31,0,31,101
11/10/2002,AGS,GA,ASO,ES,Towers with Radar,10,20,14,0,44,2,7,0,0,9,12,27,14,0,53,1,0,1,54
11/11/2002,AGS,GA,ASO,ES,Towers with Radar,13,18,25,0,56,1,0,0,0,1,14,18,25,0,57,2,0,2,59
11/12/2002,AGS,GA,ASO,ES,Towers with Radar,8,33,38,5,84,0,1,0,0,1,8,34,38,5,85,2,0,2,87
11/13/2002,AGS,GA,ASO,ES,Towers with Radar,16,21,50,16,103,0,0,36,4,40,16,21,86,20,143,33,24,57,200
11/14/2002,AGS,GA,ASO,ES,Towers with Radar,14,38,60,15,127,0,0,38,7,45,14,38,98,22,172,31,2,33,205
11/15/2002,AGS,GA,ASO,ES,Towers with Radar,15,23,42,7,87,0,0,29,2,31,15,23,71,9,118,26,2,28,146
11/16/2002,AGS,GA,ASO,ES,Towers with Radar,8,17,21,2,48,5,12,2,1,20,13,29,23,3,68,0,0,0,68
11/17/2002,AGS,GA,ASO,ES,Towers with Radar,12,23,17,0,52,0,0,1,1,2,12,23,18,1,54,1,0,1,55
11/18/2002,AGS,GA,ASO,ES,Towers with Radar,11,31,32,4,78,0,0,22,1,23,11,31,54,5,101,18,2,20,121
11/19/2002,AGS,GA,ASO,ES,Towers with Radar,9,34,47,18,108,0,0,24,5,29,9,34,71,23,137,35,13,48,185
11/20/2002,AGS,GA,ASO,ES,Towers with Radar,14,22,47,4,87,0,0,10,1,11,14,22,57,5,98,26,2,28,126
11/21/2002,AGS,GA,ASO,ES,Towers with Radar,10,24,44,15,93,0,1,31,7,39,10,25,75,22,132,63,5,68,200
11/22/2002,AGS,GA,ASO,ES,Towers with Radar,10,31,42,7,90,0,0,14,7,21,10,31,56,14,111,50,26,76,187
11/23/2002,AGS,GA,ASO,ES,Towers with Radar,11,24,33,11,79,0,0,25,0,25,11,24,58,11,104,26,0,26,130
11/24/2002,AGS,GA,ASO,ES,Towers with Radar,15,18,20,2,55,0,0,30,0,30,15,18,50,2,85,21,0,21,106
11/25/2002,AGS,GA,ASO,ES,Towers with Radar,14,20,46,1,81,0,0,43,1,44,14,20,89,2,125,41,0,41,166
11/26/2002,AGS,GA,ASO,ES,Towers with Radar,13,17,30,7,67,0,0,41,4,45,13,17,71,11,112,42,9,51,163
11/27/2002,AGS,GA,ASO,ES,Towers with Radar,12,28,39,4,83,0,0,18,0,18,12,28,57,4,101,46,2,48,149
11/28/2002,AGS,GA,ASO,ES,Towers with Radar,10,15,13,0,38,0,0,9,0,9,10,15,22,0,47,12,0,12,59
11/29/2002,AGS,GA,ASO,ES,Towers with Radar,10,28,10,0,48,0,2,24,0,26,10,30,34,0,74,5,0,5,79
11/30/2002,AGS,GA,ASO,ES,Towers with Radar,10,20,12,3,45,0,0,12,0,12,10,20,24,3,57,2,1,3,60
12/01/2002,AGS,GA,ASO,ES,Towers with Radar,8,26,42,5,81,0,0,19,0,19,8,26,61,5,100,17,0,17,117
12/02/2002,AGS,GA,ASO,ES,Towers with Radar,10,29,38,7,84,1,1,32,0,34,11,30,70,7,118,10,14,24,142
12/03/2002,AGS,GA,ASO,ES,Towers with Radar,13,29,50,17,109,1,1,26,2,30,14,30,76,19,139,33,37,70,209
12/04/2002,AGS,GA,ASO,ES,Towers with Radar,3,11,21,4,39,1,1,0,0,2,4,12,21,4,41,0,0,0,41
12/05/2002,AGS,GA,ASO,ES,Towers with Radar,10,17,24,2,53,1,1,0,0,2,11,18,24,2,55,0,0,0,55
12/06/2002,AGS,GA,ASO,ES,Towers with Radar,12,20,44,10,86,1,1,25,5,32,13,21,69,15,118,22,6,28,146
12/07/2002,AGS,GA,ASO,ES,Towers with Radar,6,18,15,0,39,1,1,14,0,16,7,19,29,0,55,48,0,48,103
12/08/2002,AGS,GA,ASO,ES,Towers with Radar,9,20,20,2,51,1,1,9,0,11,10,21,29,2,62,6,0,6,68
12/09/2002,AGS,GA,ASO,ES,Towers with Radar,10,21,31,2,64,0,0,31,0,31,10,21,62,2,95,10,0,10,105
12/10/2002,AGS,GA,ASO,ES,Towers with Radar,13,21,32,8,74,1,1,0,1,3,14,22,32,9,77,0,0,0,77
12/11/2002,AGS,GA,ASO,ES,Towers with Radar,7,25,35,18,85,1,1,5,1,8,8,26,40,19,93,8,11,19,112
12/12/2002,AGS,GA,ASO,ES,Towers with Radar,10,26,33,7,76,0,0,0,5,5,10,26,33,12,81,4,2,6,87
12/13/2002,AGS,GA,ASO,ES,Towers with Radar,7,15,10,0,32,4,10,0,0,14,11,25,10,0,46,0,0,0,46
12/14/2002,AGS,GA,ASO,ES,Towers with Radar,7,15,21,2,45,4,3,1,0,8,11,18,22,2,53,2,0,2,55
12/15/2002,AGS,GA,ASO,ES,Towers with Radar,8,20,13,7,48,1,1,23,0,25,9,21,36,7,73,27,0,27,100
12/16/2002,AGS,GA,ASO,ES,Towers with Radar,11,19,44,4,78,1,0,33,9,43,12,19,77,13,121,15,7,22,143
12/17/2002,AGS,GA,ASO,ES,Towers with Radar,13,19,34,6,72,0,0,40,18,58,13,19,74,24,130,78,8,86,216
12/18/2002,AGS,GA,ASO,ES,Towers with Radar,12,16,39,9,76,0,1,19,6,26,12,17,58,15,102,27,0,27,129
12/19/2002,AGS,GA,ASO,ES,Towers with Radar,14,26,36,2,78,10,0,25,0,35,24,26,61,2,113,19,0,19,132
12/20/2002,AGS,GA,ASO,ES,Towers with Radar,13,17,35,13,78,0,1,17,2,20,13,18,52,15,98,5,12,17,115
12/21/2002,AGS,GA,ASO,ES,Towers with Radar,9,14,11,2,36,0,1,17,0,18,9,15,28,2,54,17,0,17,71
12/22/2002,AGS,GA,ASO,ES,Towers with Radar,13,16,6,1,36,0,1,4,0,5,13,17,10,1,41,9,0,9,50
12/23/2002,AGS,GA,ASO,ES,Towers with Radar,8,25,35,6,74,0,0,29,10,39,8,25,64,16,113,25,16,41,154
12/24/2002,AGS,GA,ASO,ES,Towers with Radar,8,19,7,0,34,0,1,0,0,1,8,20,7,0,35,0,0,0,35
12/25/2002,AGS,GA,ASO,ES,Towers with Radar,8,17,6,0,31,0,1,6,0,7,8,18,12,0,38,0,0,0,38
12/26/2002,AGS,GA,ASO,ES,Towers with Radar,9,18,30,0,57,0,0,5,0,5,9,18,35,0,62,18,0,18,80
12/27/2002,AGS,GA,ASO,ES,Towers with Radar,10,20,33,2,65,0,0,30,0,30,10,20,63,2,95,20,2,22,117
12/28/2002,AGS,GA,ASO,ES,Towers with Radar,10,22,17,0,49,0,1,30,0,31,10,23,47,0,80,6,0,6,86
12/29/2002,AGS,GA,ASO,ES,Towers with Radar,14,18,11,0,43,1,1,13,0,15,15,19,24,0,58,36,0,36,94
12/30/2002,AGS,GA,ASO,ES,Towers with Radar,8,21,27,0,56,0,1,28,0,29,8,22,55,0,85,14,0,14,99
12/31/2002,AGS,GA,ASO,ES,Towers with Radar,9,15,12,0,36,0,2,8,0,10,9,17,20,0,46,15,0,15,61
01/01/2003,AGS,GA,ASO,ES,Towers with Radar,5,14,9,0,28,4,6,0,0,10,9,20,9,0,38,0,0,0,38
01/02/2003,AGS,GA,ASO,ES,Towers with Radar,9,16,26,2,53,0,0,7,2,9,9,16,33,4,62,0,0,0,62
01/03/2003,AGS,GA,ASO,ES,Towers with Radar,5,17,8,3,33,0,0,8,2,10,5,17,16,5,43,0,0,0,43
01/04/2003,AGS,GA,ASO,ES,Towers with Radar,11,20,26,3,60,1,0,42,0,43,12,20,68,3,103,46,0,46,149
01/05/2003,AGS,GA,ASO,ES,Towers with Radar,8,13,19,2,42,0,0,21,1,22,8,13,40,3,64,34,0,34,98
01/06/2003,AGS,GA,ASO,ES,Towers with Radar,12,15,24,4,55,0,0,15,1,16,12,15,39,5,71,0,0,0,71
01/07/2003,AGS,GA,ASO,ES,Towers with Radar,12,11,27,16,66,0,0,30,7,37,12,11,57,23,103,18,1,19,122
01/08/2003,AGS,GA,ASO,ES,Towers with Radar,11,18,20,7,56,0,0,9,7,16,11,18,29,14,72,0,4,4,76
01/09/2003,AGS,GA,ASO,ES,Towers with Radar,11,21,20,7,59,0,0,12,4,16,11,21,32,11,75,6,0,6,81
01/10/2003,AGS,GA,ASO,ES,Towers with Radar,10,18,32,5,65,0,0,22,4,26,10,18,54,9,91,30,12,42,133
01/11/2003,AGS,GA,ASO,ES,Towers with Radar,13,17,20,3,53,0,1,61,0,62,13,18,81,3,115,36,0,36,151
01/12/2003,AGS,GA,ASO,ES,Towers with Radar,8,18,12,2,40,0,0,15,2,17,8,18,27,4,57,4,0,4,61
01/13/2003,AGS,GA,ASO,ES,Towers with Radar,11,20,24,5,60,0,2,19,0,21,11,22,43,5,81,5,0,5,86
01/14/2003,AGS,GA,ASO,ES,Towers with Radar,3,15,20,5,43,0,0,34,1,35,3,15,54,6,78,13,0,13,91
01/15/2003,AGS,GA,ASO,ES,Towers with Radar,12,15,35,9,71,0,0,39,3,42,12,15,74,12,113,29,1,30,143
01/16/2003,AGS,GA,ASO,ES,Towers with Radar,12,21,39,10,82,0,1,9,2,12,12,22,48,12,94,6,4,10,104
01/17/2003,AGS,GA,ASO,ES,Towers with Radar,11,22,25,6,64,0,0,15,2,17,11,22,40,8,81,23,0,23,104
01/18/2003,AGS,GA,ASO,ES,Towers with Radar,9,17,15,5,46,0,0,11,0,11,9,17,26,5,57,3,0,3,60
01/19/2003,AGS,GA,ASO,ES,Towers with Radar,7,12,15,2,36,4,4,13,0,21,11,16,28,2,57,28,0,28,85
01/20/2003,AGS,GA,ASO,ES,Towers with Radar,12,16,33,0,61,0,0,11,0,11,12,16,44,0,72,39,0,39,111
01/21/2003,AGS,GA,ASO,ES,Towers with Radar,11,22,36,12,81,2,0,12,2,16,13,22,48,14,97,47,8,55,152
01/22/2003,AGS,GA,ASO,ES,Towers with Radar,14,21,21,12,68,4,0,9,4,17,18,21,30,16,85,48,6,54,139
01/23/2003,AGS,GA,ASO,ES,Towers with Radar,12,23,20,4,59,0,0,2,4,6,12,23,22,8,65,14,0,14,79
01/24/2003,AGS,GA,ASO,ES,Towers with Radar,10,23,26,7,66,0,0,33,1,34,10,23,59,8,100,26,0,26,126
01/25/2003,AGS,GA,ASO,ES,Towers with Radar,8,20,18,3,49,0,0,25,1,26,8,20,43,4,75,0,6,6,81
01/26/2003,AGS,GA,ASO,ES,Towers with Radar,8,13,18,2,41,3,1,9,0,13,11,14,27,2,54,0,0,0,54
01/27/2003,AGS,GA,ASO,ES,Towers with Radar,10,25,33,0,68,0,0,11,0,11,10,25,44,0,79,17,0,17,96
01/28/2003,AGS,GA,ASO,ES,Towers with Radar,11,18,28,8,65,0,0,29,0,29,11,18,57,8,94,6,6,12,106
01/29/2003,AGS,GA,ASO,ES,Towers with Radar,10,17,25,14,66,0,0,10,5,15,10,17,35,19,81,6,21,27,108
01/30/2003,AGS,GA,ASO,ES,Towers with Radar,10,16,51,0,77,0,0,0,0,0,10,16,51,0,77,0,0,0,77
01/31/2003,AGS,GA,ASO,ES,Towers with Radar,14,19,34,2,69,0,0,5,0,5,14,19,39,2,74,0,0,0,74
02/01/2003,AGS,GA,ASO,ES,Towers with Radar,8,13,26,0,47,0,3,15,0,18,8,16,41,0,65,14,0,14,79
02/02/2003,AGS,GA,ASO,ES,Towers with Radar,11,12,32,0,55,0,0,21,1,22,11,12,53,1,77,44,0,44,121
02/03/2003,AGS,GA,ASO,ES,Towers with Radar,10,21,33,8,72,0,0,17,3,20,10,21,50,11,92,11,22,33,125
02/04/2003,AGS,GA,ASO,ES,Towers with Radar,11,19,26,7,63,0,0,15,3,18,11,19,41,10,81,4,2,6,87
02/05/2003,AGS,GA,ASO,ES,Towers with Radar,14,12,27,5,58,0,0,25,1,26,14,12,52,6,84,8,0,8,92
02/06/2003,AGS,GA,ASO,ES,Towers with Radar,7,19,28,4,58,0,0,0,2,2,7,19,28,6,60,1,0,1,61
02/07/2003,AGS,GA,ASO,ES,Towers with Radar,11,14,26,6,57,0,1,5,0,6,11,15,31,6,63,14,0,14,77
02/08/2003,AGS,GA,ASO,ES,Towers with Radar,8,16,30,0,54,0,1,23,8,32,8,17,53,8,86,32,0,32,118
02/09/2003,AGS,GA,ASO,ES,Towers with Radar,10,12,34,4,60,0,0,48,0,48,10,12,82,4,108,20,4,24,132
02/10/2003,AGS,GA,ASO,ES,Towers with Radar,12,17,41,17,87,0,0,9,1,10,12,17,50,18,97,1,9,10,107
02/11/2003,AGS,GA,ASO,ES,Towers with Radar,11,11,31,5,58,0,0,19,2,21,11,11,50,7,79,24,0,24,103
02/12/2003,AGS,GA,ASO,ES,Towers with Radar,14,13,37,13,77,0,0,26,1,27,14,13,63,14,104,32,11,43,147
02/13/2003,AGS,GA,ASO,ES,Towers with Radar,11,16,34,3,64,0,0,24,5,29,11,16,58,8,93,12,0,12,105
02/14/2003,AGS,GA,ASO,ES,Towers with Radar,13,14,45,13,85,0,0,20,2,22,13,14,65,15,107,12,45,57,164
02/15/2003,AGS,GA,ASO,ES,Towers with Radar,6,13,16,0,35,0,0,2,0,2,6,13,18,0,37,6,0,6,43
02/16/2003,AGS,GA,ASO,ES,Towers with Radar,10,12,11,0,33,0,0,0,0,0,10,12,11,0,33,0,0,0,33
02/17/2003,AGS,GA,ASO,ES,Towers with Radar,13,12,41,1,67,0,0,0,0,0,13,12,41,1,67,4,0,4,71
02/18/2003,AGS,GA,ASO,ES,Towers with Radar,12,14,30,6,62,0,0,18,2,20,12,14,48,8,82,26,4,30,112
02/19/2003,AGS,GA,ASO,ES,Towers with Radar,14,16,41,21,92,0,0,6,0,6,14,16,47,21,98,19,0,19,117
02/20/2003,AGS,GA,ASO,ES,Towers with Radar,16,14,46,10,86,0,0,24,11,35,16,14,70,21,121,39,33,72,193
02/21/2003,AGS,GA,ASO,ES,Towers with Radar,11,20,30,12,73,0,0,0,0,0,11,20,30,12,73,1,4,5,78
02/22/2003,AGS,GA,ASO,ES,Towers with Radar,4,6,11,0,21,3,6,0,0,9,7,12,11,0,30,6,0,6,36
02/23/2003,AGS,GA,ASO,ES,Towers with Radar,10,24,23,2,59,0,0,9,1,10,10,24,32,3,69,4,0,4,73
02/24/2003,AGS,GA,ASO,ES,Towers with Radar,12,17,34,3,66,0,3,43,0,46,12,20,77,3,112,27,0,27,139
02/25/2003,AGS,GA,ASO,ES,Towers with Radar,12,26,41,15,94,0,0,23,3,26,12,26,64,18,120,14,22,36,156
02/26/2003,AGS,GA,ASO,ES,Towers with Radar,11,18,43,4,76,0,0,1,0,1,11,18,44,4,77,2,0,2,79
02/27/2003,AGS,GA,ASO,ES,Towers with Radar,10,16,31,2,59,0,4,3,0,7,10,20,34,2,66,0,0,0,66
02/28/2003,AGS,GA,ASO,ES,Towers with Radar,17,14,46,4,81,0,2,17,6,25,17,16,63,10,106,49,0,49,155
03/01/2003,AGS,GA,ASO,ES,Towers with Radar,4,13,18,1,36,6,0,1,1,8,10,13,19,2,44,0,0,0,44
03/02/2003,AGS,GA,ASO,ES,Towers with Radar,17,20,42,7,86,0,0,11,6,17,17,20,53,13,103,9,16,25,128
03/03/2003,AGS,GA,ASO,ES,Towers with Radar,12,27,33,0,72,0,0,26,2,28,12,27,59,2,100,20,0,20,120
03/04/2003,AGS,GA,ASO,ES,Towers with Radar,14,20,38,1,73,0,0,8,0,8,14,20,46,1,81,2,1,3,84
03/05/2003,AGS,GA,ASO,ES,Towers with Radar,14,24,51,14,103,2,0,7,0,9,16,24,58,14,112,4,22,26,138
03/06/2003,AGS,GA,ASO,ES,Towers with Radar,12,32,26,9,79,0,1,7,0,8,12,33,33,9,87,7,10,17,104
03/07/2003,AGS,GA,ASO,ES,Towers with Radar,12,30,47,0,89,0,1,2,1,4,12,31,49,1,93,4,0,4,97
03/08/2003,AGS,GA,ASO,ES,Towers with Radar,4,21,27,2,54,0,0,12,4,16,4,21,39,6,70,0,0,0,70
03/09/2003,AGS,GA,ASO,ES,Towers with Radar,9,23,30,0,62,5,0,15,0,20,14,23,45,0,82,49,0,49,131
03/10/2003,AGS,GA,ASO,ES,Towers with Radar,8,28,49,4,89,0,0,32,11,43,8,28,81,15,132,57,8,65,197
03/11/2003,AGS,GA,ASO,ES,Towers with Radar,10,35,61,5,111,0,2,22,1,25,10,37,83,6,136,23,12,35,171
03/12/2003,AGS,GA,ASO,ES,Towers with Radar,14,23,42,9,88,0,0,16,2,18,14,23,58,11,106,0,20,20,126
03/13/2003,AGS,GA,ASO,ES,Towers with Radar,13,29,53,17,112,0,0,17,5,22,13,29,70,22,134,22,24,46,180
03/14/2003,AGS,GA,ASO,ES,Towers with Radar,7,36,40,0,83,0,0,7,0,7,7,36,47,0,90,14,0,14,104
03/15/2003,AGS,GA,ASO,ES,Towers with Radar,11,19,24,2,56,0,0,1,0,1,11,19,25,2,57,3,0,3,60
03/16/2003,AGS,GA,ASO,ES,Towers with Radar,12,33,30,0,75,0,0,10,0,10,12,33,40,0,85,15,0,15,100
03/17/2003,AGS,GA,ASO,ES,Towers with Radar,9,33,24,0,66,0,0,1,0,1,9,33,25,0,67,2,0,2,69
03/18/2003,AGS,GA,ASO,ES,Towers with Radar,16,38,47,1,102,0,0,1,0,1,16,38,48,1,103,2,0,2,105
03/19/2003,AGS,GA,ASO,ES,Towers with Radar,18,29,70,6,123,0,0,7,0,7,18,29,77,6,130,4,0,4,134
03/20/2003,AGS,GA,ASO,ES,Towers with Radar,14,32,53,0,99,0,0,12,3,15,14,32,65,3,114,40,0,40,154
03/21/2003,AGS,GA,ASO,ES,Towers with Radar,11,33,51,4,99,0,0,42,0,42,11,33,93,4,141,41,0,41,182
03/22/2003,AGS,GA,ASO,ES,Towers with Radar,11,33,40,0,84,0,2,29,0,31,11,35,69,0,115,38,0,38,153
03/23/2003,AGS,GA,ASO,ES,Towers with Radar,12,29,39,1,81,3,0,1,0,4,15,29,40,1,85,22,0,22,107
03/24/2003,AGS,GA,ASO,ES,Towers with Radar,7,29,35,3,74,0,11,17,5,33,7,40,52,8,107,4,0,4,111
03/25/2003,AGS,GA,ASO,ES,Towers with Radar,13,32,37,8,90,0,0,37,2,39,13,32,74,10,129,24,3,27,156
03/26/2003,AGS,GA,ASO,ES,Towers with Radar,16,27,43,8,94,0,0,20,0,20,16,27,63,8,114,22,2,24,138
03/27/2003,AGS,GA,ASO,ES,Towers with Radar,13,34,24,7,78,0,0,9,4,13,13,34,33,11,91,18,8,26,117
03/28/2003,AGS,GA,ASO,ES,Towers with Radar,4,38,46,1,89,0,0,15,2,17,4,38,61,3,106,20,2,22,128
03/29/2003,AGS,GA,ASO,ES,Towers with Radar,10,22,12,0,44,0,0,12,0,12,10,22,24,0,56,20,0,20,76
03/30/2003,AGS,GA,ASO,ES,Towers with Radar,11,36,20,0,67,0,0,5,0,5,11,36,25,0,72,0,0,0,72
03/31/2003,AGS,GA,ASO,ES,Towers with Radar,10,29,32,1,72,0,1,19,1,21,10,30,51,2,93,27,0,27,120
04/01/2003,AGS,GA,ASO,ES,Towers with Radar,12,30,32,5,79,1,1,31,4,37,13,31,63,9,116,17,3,20,136
04/02/2003,AGS,GA,ASO,ES,Towers with Radar,14,21,29,14,78,0,0,28,2,30,14,21,57,16,108,41,20,61,169
04/03/2003,AGS,GA,ASO,ES,Towers with Radar,11,34,31,7,83,0,0,31,3,34,11,34,62,10,117,7,0,7,124
04/04/2003,AGS,GA,ASO,ES,Towers with Radar,13,22,48,6,89,0,1,38,0,39,13,23,86,6,128,34,6,40,168
04/05/2003,AGS,GA,ASO,ES,Towers with Radar,7,22,24,2,55,7,5,0,0,12,14,27,24,2,67,0,0,0,67
04/06/2003,AGS,GA,ASO,ES,Towers with Radar,12,43,20,2,77,0,30,0,0,30,12,73,20,2,107,2,0,2,109
04/07/2003,AGS,GA,ASO,ES,Towers with Radar,15,72,114,6,207,0,1,7,0,8,15,73,121,6,215,4,0,4,219
04/08/2003,AGS,GA,ASO,ES,Towers with Radar,19,50,180,0,249,0,1,6,0,7,19,51,186,0,256,0,0,0,256
04/09/2003,AGS,GA,ASO,ES,Towers with Radar,27,103,286,0,416,0,1,7,0,8,27,104,293,0,424,0,0,0,424
04/10/2003,AGS,GA,ASO,ES,Towers with Radar,24,105,240,2,371,1,0,6,0,7,25,105,246,2,378,0,0,0,378
04/11/2003,AGS,GA,ASO,ES,Towers with Radar,31,125,221,0,377,0,0,57,0,57,31,125,278,0,434,0,0,0,434
04/12/2003,AGS,GA,ASO,ES,Towers with Radar,25,104,159,0,288,1,0,13,0,14,26,104,172,0,302,0,0,0,302
04/13/2003,AGS,GA,ASO,ES,Towers with Radar,31,134,279,0,444,1,0,27,0,28,32,134,306,0,472,0,0,0,472
04/14/2003,AGS,GA,ASO,ES,Towers with Radar,34,57,73,3,167,0,1,28,0,29,34,58,101,3,196,37,0,37,233
04/15/2003,AGS,GA,ASO,ES,Towers with Radar,15,20,36,4,75,0,0,31,1,32,15,20,67,5,107,17,0,17,124
04/16/2003,AGS,GA,ASO,ES,Towers with Radar,13,23,35,12,83,0,0,43,0,43,13,23,78,12,126,27,4,31,157
04/17/2003,AGS,GA,ASO,ES,Towers with Radar,8,35,12,13,68,0,0,12,2,14,8,35,24,15,82,0,0,0,82
04/18/2003,AGS,GA,ASO,ES,Towers with Radar,6,29,31,1,67,0,0,0,2,2,6,29,31,3,69,16,0,16,85
04/19/2003,AGS,GA,ASO,ES,Towers with Radar,8,14,19,0,41,2,0,0,0,2,10,14,19,0,43,0,0,0,43
04/20/2003,AGS,GA,ASO,ES,Towers with Radar,7,22,9,0,38,1,4,0,0,5,8,26,9,0,43,4,0,4,47
04/21/2003,AGS,GA,ASO,ES,Towers with Radar,12,29,51,1,93,0,0,2,3,5,12,29,53,4,98,6,0,6,104
04/22/2003,AGS,GA,ASO,ES,Towers with Radar,13,35,56,2,106,1,0,7,9,17,14,35,63,11,123,6,2,8,131
04/23/2003,AGS,GA,ASO,ES,Towers with Radar,12,23,52,2,89,2,0,35,9,46,14,23,87,11,135,26,2,28,163
04/24/2003,AGS,GA,ASO,ES,Towers with Radar,12,29,68,3,112,0,0,19,7,26,12,29,87,10,138,15,3,18,156
04/25/2003,AGS,GA,ASO,ES,Towers with Radar,12,28,54,2,96,7,0,0,4,11,19,28,54,6,107,6,0,6,113
04/26/2003,AGS,GA,ASO,ES,Towers with Radar,3,22,33,2,60,0,0,34,0,34,3,22,67,2,94,64,0,64,158
04/27/2003,AGS,GA,ASO,ES,Towers with Radar,18,27,47,0,92,0,0,37,0,37,18,27,84,0,129,41,0,41,170
04/28/2003,AGS,GA,ASO,ES,Towers with Radar,16,35,50,10,111,0,0,27,1,28,16,35,77,11,139,11,7,18,157
04/29/2003,AGS,GA,ASO,ES,Towers with Radar,16,35,55,7,113,0,0,31,4,35,16,35,86,11,148,41,2,43,191
04/30/2003,AGS,GA,ASO,ES,Towers with Radar,18,29,47,1,95,0,0,16,2,18,18,29,63,3,113,31,0,31,144
05/01/2003,AGS,GA,ASO,ES,Towers with Radar,16,34,56,5,111,0,2,3,4,9,16,36,59,9,120,4,2,6,126
05/02/2003,AGS,GA,ASO,ES,Towers with Radar,15,20,47,6,88,0,1,14,5,20,15,21,61,11,108,2,3,5,113
05/03/2003,AGS,GA,ASO,ES,Towers with Radar,10,20,33,11,74,0,1,22,3,26,10,21,55,14,100,46,4,50,150
05/04/2003,AGS,GA,ASO,ES,Towers with Radar,13,25,41,3,82,0,1,8,0,9,13,26,49,3,91,0,0,0,91
05/05/2003,AGS,GA,ASO,ES,Towers with Radar,13,27,35,8,83,0,1,4,0,5,13,28,39,8,88,2,0,2,90
05/06/2003,AGS,GA,ASO,ES,Towers with Radar,8,34,52,4,98,0,1,11,1,13,8,35,63,5,111,10,0,10,121
05/07/2003,AGS,GA,ASO,ES,Towers with Radar,9,20,39,7,75,0,1,8,6,15,9,21,47,13,90,8,0,8,98
05/08/2003,AGS,GA,ASO,ES,Towers with Radar,9,30,54,7,100,0,0,25,5,30,9,30,79,12,130,11,3,14,144
05/09/2003,AGS,GA,ASO,ES,Towers with Radar,17,28,34,9,88,0,0,18,3,21,17,28,52,12,109,13,1,14,123
05/10/2003,AGS,GA,ASO,ES,Towers with Radar,10,13,22,0,45,0,0,16,2,18,10,13,38,2,63,7,0,7,70
05/11/2003,AGS,GA,ASO,ES,Towers with Radar,18,18,18,2,56,0,0,4,0,4,18,18,22,2,60,0,0,0,60
05/12/2003,AGS,GA,ASO,ES,Towers with Radar,10,33,54,2,99,0,0,11,8,19,10,33,65,10,118,12,4,16,134
05/13/2003,AGS,GA,ASO,ES,Towers with Radar,14,39,45,9,107,0,0,27,4,31,14,39,72,13,138,39,5,44,182
05/14/2003,AGS,GA,ASO,ES,Towers with Radar,13,36,59,8,116,0,0,23,9,32,13,36,82,17,148,72,27,99,247
05/15/2003,AGS,GA,ASO,ES,Towers with Radar,12,34,49,5,100,0,0,4,2,6,12,34,53,7,106,16,2,18,124
05/16/2003,AGS,GA,ASO,ES,Towers with Radar,19,25,44,7,95,0,0,9,1,10,19,25,53,8,105,2,1,3,108
05/17/2003,AGS,GA,ASO,ES,Towers with Radar,11,22,25,2,60,0,0,9,0,9,11,22,34,2,69,29,0,29,98
05/18/2003,AGS,GA,ASO,ES,Towers with Radar,9,18,24,2,53,7,1,2,0,10,16,19,26,2,63,2,0,2,65
05/19/2003,AGS,GA,ASO,ES,Towers with Radar,17,18,28,8,71,0,0,1,4,5,17,18,29,12,76,2,30,32,108
05/20/2003,AGS,GA,ASO,ES,Towers with Radar,11,27,46,11,95,0,0,15,4,19,11,27,61,15,114,50,2,52,166
05/21/2003,AGS,GA,ASO,ES,Towers with Radar,12,28,51,20,111,0,0,23,7,30,12,28,74,27,141,26,43,69,210
05/22/2003,AGS,GA,ASO,ES,Towers with Radar,11,34,33,3,81,0,0,1,0,1,11,34,34,3,82,4,0,4,86
05/23/2003,AGS,GA,ASO,ES,Towers with Radar,7,29,40,0,76,0,0,1,0,1,7,29,41,0,77,0,0,0,77
05/24/2003,AGS,GA,ASO,ES,Towers with Radar,11,14,30,2,57,0,0,0,0,0,11,14,30,2,57,27,0,27,84
05/25/2003,AGS,GA,ASO,ES,Towers with Radar,10,17,15,0,42,0,0,18,0,18,10,17,33,0,60,12,0,12,72
05/26/2003,AGS,GA,ASO,ES,Towers with Radar,15,19,22,0,56,0,0,4,1,5,15,19,26,1,61,0,0,0,61
05/27/2003,AGS,GA,ASO,ES,Towers with Radar,13,23,53,10,99,0,2,24,3,29,13,25,77,13,128,16,0,16,144
05/28/2003,AGS,GA,ASO,ES,Towers with Radar,13,24,23,2,62,0,0,27,6,33,13,24,50,8,95,17,0,17,112
05/29/2003,AGS,GA,ASO,ES,Towers with Radar,12,26,33,2,73,0,0,17,4,21,12,26,50,6,94,6,4,10,104
05/30/2003,AGS,GA,ASO,ES,Towers with Radar,11,23,20,4,58,0,0,30,5,35,11,23,50,9,93,35,2,37,130
05/31/2003,AGS,GA,ASO,ES,Towers with Radar,9,17,8,2,36,0,0,5,0,5,9,17,13,2,41,0,0,0,41
06/01/2003,AGS,GA,ASO,ES,Towers with Radar,11,22,16,2,51,1,0,21,1,23,12,22,37,3,74,6,0,6,80
06/02/2003,AGS,GA,ASO,ES,Towers with Radar,10,26,41,9,86,0,0,28,0,28,10,26,69,9,114,30,8,38,152
06/03/2003,AGS,GA,ASO,ES,Towers with Radar,6,31,24,20,81,0,0,6,0,6,6,31,30,20,87,7,8,15,102
06/04/2003,AGS,GA,ASO,ES,Towers with Radar,17,24,26,8,75,0,0,8,2,10,17,24,34,10,85,7,7,14,99
06/05/2003,AGS,GA,ASO,ES,Towers with Radar,12,21,34,7,74,0,0,21,4,25,12,21,55,11,99,13,2,15,114
06/06/2003,AGS,GA,ASO,ES,Towers with Radar,8,31,25,7,71,0,0,11,0,11,8,31,36,7,82,8,10,18,100
06/07/2003,AGS,GA,ASO,ES,Towers with Radar,11,15,12,0,38,0,0,5,3,8,11,15,17,3,46,12,0,12,58
06/08/2003,AGS,GA,ASO,ES,Towers with Radar,13,18,22,3,56,0,0,2,1,3,13,18,24,4,59,0,0,0,59
06/09/2003,AGS,GA,ASO,ES,Towers with Radar,13,30,22,15,80,0,3,29,8,40,13,33,51,23,120,74,18,92,212
06/10/2003,AGS,GA,ASO,ES,Towers with Radar,15,23,34,16,88,0,2,34,4,40,15,25,68,20,128,141,0,141,269
06/11/2003,AGS,GA,ASO,ES,Towers with Radar,11,28,30,11,80,0,0,15,6,21,11,28,45,17,101,102,0,102,203
06/12/2003,AGS,GA,ASO,ES,Towers with Radar,12,26,29,24,91,0,0,14,0,14,12,26,43,24,105,74,6,80,185
06/13/2003,AGS,GA,ASO,ES,Towers with Radar,13,23,23,20,79,0,1,5,0,6,13,24,28,20,85,0,9,9,94
06/14/2003,AGS,GA,ASO,ES,Towers with Radar,11,19,20,9,59,2,0,1,2,5,13,19,21,11,64,10,0,10,74
06/15/2003,AGS,GA,ASO,ES,Towers with Radar,16,19,12,14,61,0,0,13,3,16,16,19,25,17,77,13,7,20,97
06/16/2003,AGS,GA,ASO,ES,Towers with Radar,10,31,32,5,78,0,0,15,3,18,10,31,47,8,96,16,12,28,124
06/17/2003,AGS,GA,ASO,ES,Towers with Radar,8,31,18,7,64,0,0,7,2,9,8,31,25,9,73,23,3,26,99
06/18/2003,AGS,GA,ASO,ES,Towers with Radar,13,22,27,9,71,0,0,5,1,6,13,22,32,10,77,9,12,21,98
06/19/2003,AGS,GA,ASO,ES,Towers with Radar,17,24,43,13,97,0,0,21,3,24,17,24,64,16,121,35,26,61,182
06/20/2003,AGS,GA,ASO,ES,Towers with Radar,14,27,28,19,88,0,0,26,3,29,14,27,54,22,117,31,30,61,178
06/21/2003,AGS,GA,ASO,ES,Towers with Radar,10,19,17,2,48,0,0,34,0,34,10,19,51,2,82,26,0,26,108
06/22/2003,AGS,GA,ASO,ES,Towers with Radar,12,29,17,6,64,0,0,18,2,20,12,29,35,8,84,7,16,23,107
06/23/2003,AGS,GA,ASO,ES,Towers with Radar,14,20,28,14,76,0,0,11,8,19,14,20,39,22,95,4,17,21,116
06/24/2003,AGS,GA,ASO,ES,Towers with Radar,12,28,23,8,71,0,0,29,5,34,12,28,52,13,105,7,6,13,118
06/25/2003,AGS,GA,ASO,ES,Towers with Radar,12,28,29,12,81,0,0,20,4,24,12,28,49,16,105,25,30,55,160
06/26/2003,AGS,GA,ASO,ES,Towers with Radar,9,29,30,4,72,0,0,13,0,13,9,29,43,4,85,12,0,12,97
06/27/2003,AGS,GA,ASO,ES,Towers with Radar,7,30,25,13,75,0,0,18,2,20,7,30,43,15,95,6,10,16,111
06/28/2003,AGS,GA,ASO,ES,Towers with Radar,9,17,8,2,36,0,0,6,0,6,9,17,14,2,42,0,0,0,42
06/29/2003,AGS,GA,ASO,ES,Towers with Radar,8,22,10,0,40,0,6,0,0,6,8,28,10,0,46,0,0,0,46
06/30/2003,AGS,GA,ASO,ES,Towers with Radar,12,27,21,13,73,0,0,9,3,12,12,27,30,16,85,17,8,25,110
07/01/2003,AGS,GA,ASO,ES,Towers with Radar,9,20,21,5,55,0,5,8,3,16,9,25,29,8,71,4,0,4,75
07/02/2003,AGS,GA,ASO,ES,Towers with Radar,18,16,23,6,63,1,0,3,0,4,19,16,26,6,67,18,0,18,85
07/03/2003,AGS,GA,ASO,ES,Towers with Radar,16,21,16,4,57,1,0,19,0,20,17,21,35,4,77,30,0,30,107
07/04/2003,AGS,GA,ASO,ES,Towers with Radar,6,21,0,4,31,1,0,4,0,5,7,21,4,4,36,10,0,10,46
07/05/2003,AGS,GA,ASO,ES,Towers with Radar,7,18,17,2,44,0,0,4,0,4,7,18,21,2,48,4,0,4,52
07/06/2003,AGS,GA,ASO,ES,Towers with Radar,18,15,21,6,60,1,0,10,0,11,19,15,31,6,71,4,0,4,75
07/07/2003,AGS,GA,ASO,ES,Towers with Radar,9,28,31,12,80,1,0,12,2,15,10,28,43,14,95,0,18,18,113
07/08/2003,AGS,GA,ASO,ES,Towers with Radar,13,26,27,11,77,1,0,19,2,22,14,26,46,13,99,37,36,73,172
07/09/2003,AGS,GA,ASO,ES,Towers with Radar,11,25,16,4,56,1,0,20,1,22,12,25,36,5,78,6,0,6,84
07/10/2003,AGS,GA,ASO,ES,Towers with Radar,8,27,25,9,69,1,0,14,9,24,9,27,39,18,93,1,0,1,94
07/11/2003,AGS,GA,ASO,ES,Towers with Radar,6,31,39,12,88,1,0,24,11,36,7,31,63,23,124,29,23,52,176
07/12/2003,AGS,GA,ASO,ES,Towers with Radar,9,24,15,2,50,1,0,36,0,37,10,24,51,2,87,18,0,18,105
07/13/2003,AGS,GA,ASO,ES,Towers with Radar,13,20,15,12,60,0,0,5,0,5,13,20,20,12,65,34,18,52,117
07/14/2003,AGS,GA,ASO,ES,Towers with Radar,16,24,57,9,106,0,0,9,2,11,16,24,66,11,117,18,8,26,143
07/15/2003,AGS,GA,ASO,ES,Towers with Radar,13,24,50,6,93,0,0,14,2,16,13,24,64,8,109,42,2,44,153
07/16/2003,AGS,GA,ASO,ES,Towers with Radar,15,20,23,11,69,0,0,15,0,15,15,20,38,11,84,12,18,30,114
07/17/2003,AGS,GA,ASO,ES,Towers with Radar,11,24,27,17,79,0,0,9,4,13,11,24,36,21,92,2,18,20,112
07/18/2003,AGS,GA,ASO,ES,Towers with Radar,6,31,12,7,56,0,0,4,3,7,6,31,16,10,63,0,1,1,64
07/19/2003,AGS,GA,ASO,ES,Towers with Radar,9,19,19,4,51,3,1,4,0,8,12,20,23,4,59,8,0,8,67
07/20/2003,AGS,GA,ASO,ES,Towers with Radar,14,25,15,5,59,0,0,7,0,7,14,25,22,5,66,0,0,0,66
07/21/2003,AGS,GA,ASO,ES,Towers with Radar,8,27,22,1,58,0,0,4,0,4,8,27,26,1,62,0,0,0,62
07/22/2003,AGS,GA,ASO,ES,Towers with Radar,17,25,36,3,81,0,0,2,2,4,17,25,38,5,85,10,0,10,95
07/23/2003,AGS,GA,ASO,ES,Towers with Radar,14,18,25,6,63,0,0,4,3,7,14,18,29,9,70,6,2,8,78
07/24/2003,AGS,GA,ASO,ES,Towers with Radar,14,23,39,5,81,1,0,22,4,27,15,23,61,9,108,34,0,34,142
07/25/2003,AGS,GA,ASO,ES,Towers with Radar,12,29,25,7,73,0,0,10,5,15,12,29,35,12,88,4,0,4,92
07/26/2003,AGS,GA,ASO,ES,Towers with Radar,7,25,11,0,43,0,0,5,1,6,7,25,16,1,49,1,0,1,50
07/27/2003,AGS,GA,ASO,ES,Towers with Radar,11,21,23,4,59,0,6,21,6,33,11,27,44,10,92,21,2,23,115
07/28/2003,AGS,GA,ASO,ES,Towers with Radar,7,15,21,2,45,0,0,3,0,3,7,15,24,2,48,6,2,8,56
07/29/2003,AGS,GA,ASO,ES,Towers with Radar,13,18,27,7,65,0,3,17,6,26,13,21,44,13,91,21,10,31,122
07/30/2003,AGS,GA,ASO,ES,Towers with Radar,12,19,25,5,61,0,1,6,6,13,12,20,31,11,74,16,6,22,96
07/31/2003,AGS,GA,ASO,ES,Towers with Radar,17,22,34,4,77,0,1,18,1,20,17,23,52,5,97,26,0,26,123
08/01/2003,AGS,GA,ASO,ES,Towers with Radar,4,29,21,5,59,0,0,16,0,16,4,29,37,5,75,19,0,19,94
08/02/2003,AGS,GA,ASO,ES,Towers with Radar,10,17,11,2,40,0,0,5,0,5,10,17,16,2,45,3,2,5,50
08/03/2003,AGS,GA,ASO,ES,Towers with Radar,14,22,2,6,44,0,0,1,0,1,14,22,3,6,45,0,0,0,45
08/04/2003,AGS,GA,ASO,ES,Towers with Radar,10,26,30,8,74,0,0,10,7,17,10,26,40,15,91,32,2,34,125
08/05/2003,AGS,GA,ASO,ES,Towers with Radar,12,24,31,5,72,0,0,9,3,12,12,24,40,8,84,6,34,40,124
08/06/2003,AGS,GA,ASO,ES,Towers with Radar,9,25,43,4,81,0,0,5,5,10,9,25,48,9,91,17,17,34,125
08/07/2003,AGS,GA,ASO,ES,Towers with Radar,12,25,39,12,88,0,0,15,2,17,12,25,54,14,105,12,4,16,121
08/08/2003,AGS,GA,ASO,ES,Towers with Radar,8,31,29,5,73,0,0,14,3,17,8,31,43,8,90,16,1,17,107
08/09/2003,AGS,GA,ASO,ES,Towers with Radar,11,22,15,2,50,0,0,4,0,4,11,22,19,2,54,10,0,10,64
08/10/2003,AGS,GA,ASO,ES,Towers with Radar,9,20,16,2,47,3,6,0,0,9,12,26,16,2,56,0,0,0,56
08/11/2003,AGS,GA,ASO,ES,Towers with Radar,10,27,37,4,78,0,0,12,0,12,10,27,49,4,90,13,0,13,103
08/12/2003,AGS,GA,ASO,ES,Towers with Radar,12,30,30,8,80,0,0,10,1,11,12,30,40,9,91,19,2,21,112
08/13/2003,AGS,GA,ASO,ES,Towers with Radar,12,27,31,10,80,0,0,14,0,14,12,27,45,10,94,28,4,32,126
08/14/2003,AGS,GA,ASO,ES,Towers with Radar,12,26,39,7,84,0,0,15,4,19,12,26,54,11,103,28,5,33,136
08/15/2003,AGS,GA,ASO,ES,Towers with Radar,4,31,27,6,68,0,0,17,2,19,4,31,44,8,87,29,0,29,116
08/16/2003,AGS,GA,ASO,ES,Towers with Radar,6,27,16,8,57,0,0,2,1,3,6,27,18,9,60,2,0,2,62
08/17/2003,AGS,GA,ASO,ES,Towers with Radar,10,20,23,4,57,1,2,0,0,3,11,22,23,4,60,6,0,6,66
08/18/2003,AGS,GA,ASO,ES,Towers with Radar,14,27,23,2,66,0,0,1,0,1,14,27,24,2,67,0,0,0,67
08/19/2003,AGS,GA,ASO,ES,Towers with Radar,13,28,36,12,89,0,0,7,2,9,13,28,43,14,98,6,0,6,104
08/20/2003,AGS,GA,ASO,ES,Towers with Radar,9,26,37,14,86,0,0,9,3,12,9,26,46,17,98,36,26,62,160
08/21/2003,AGS,GA,ASO,ES,Towers with Radar,14,23,34,14,85,0,0,11,2,13,14,23,45,16,98,36,27,63,161
08/22/2003,AGS,GA,ASO,ES,Towers with Radar,18,17,48,22,105,0,2,22,7,31,18,19,70,29,136,34,24,58,194
08/23/2003,AGS,GA,ASO,ES,Towers with Radar,8,25,18,3,54,0,3,22,0,25,8,28,40,3,79,42,0,42,121
08/24/2003,AGS,GA,ASO,ES,Towers with Radar,20,14,23,3,60,0,0,5,0,5,20,14,28,3,65,4,0,4,69
08/25/2003,AGS,GA,ASO,ES,Towers with Radar,10,28,31,3,72,0,0,8,7,15,10,28,39,10,87,22,22,44,131
08/26/2003,AGS,GA,ASO,ES,Towers with Radar,17,21,27,8,73,0,0,21,2,23,17,21,48,10,96,16,4,20,116
08/27/2003,AGS,GA,ASO,ES,Towers with Radar,14,22,31,12,79,0,0,19,11,30,14,22,50,23,109,8,21,29,138
08/28/2003,AGS,GA,ASO,ES,Towers with Radar,19,22,22,14,77,0,0,13,3,16,19,22,35,17,93,44,29,73,166
08/29/2003,AGS,GA,ASO,ES,Towers with Radar,9,26,33,5,73,0,0,5,0,5,9,26,38,5,78,0,5,5,83
08/30/2003,AGS,GA,ASO,ES,Towers with Radar,8,17,13,2,40,0,0,11,2,13,8,17,24,4,53,10,0,10,63
08/31/2003,AGS,GA,ASO,ES,Towers with Radar,16,15,14,2,47,0,0,2,0,2,16,15,16,2,49,4,0,4,53
09/01/2003,AGS,GA,ASO,ES,Towers with Radar,11,20,12,0,43,1,0,18,2,21,12,20,30,2,64,20,2,22,86
09/02/2003,AGS,GA,ASO,ES,Towers with Radar,12,21,25,8,66,0,0,11,1,12,12,21,36,9,78,2,2,4,82
09/03/2003,AGS,GA,ASO,ES,Towers with Radar,18,14,28,12,72,0,0,15,7,22,18,14,43,19,94,65,16,81,175
09/04/2003,AGS,GA,ASO,ES,Towers with Radar,13,25,20,11,69,0,0,5,2,7,13,25,25,13,76,12,16,28,104
09/05/2003,AGS,GA,ASO,ES,Towers with Radar,11,22,27,1,61,0,2,6,2,10,11,24,33,3,71,3,2,5,76
09/06/2003,AGS,GA,ASO,ES,Towers with Radar,10,17,21,0,48,0,0,5,0,5,10,17,26,0,53,19,2,21,74
09/07/2003,AGS,GA,ASO,ES,Towers with Radar,7,27,11,11,56,0,0,0,1,1,7,27,11,12,57,9,4,13,70
09/08/2003,AGS,GA,ASO,ES,Towers with Radar,8,29,30,10,77,0,0,10,4,14,8,29,40,14,91,13,20,33,124
09/09/2003,AGS,GA,ASO,ES,Towers with Radar,13,23,30,9,75,0,2,21,5,28,13,25,51,14,103,16,0,16,119
09/10/2003,AGS,GA,ASO,ES,Towers with Radar,10,25,20,5,60,0,0,1,5,6,10,25,21,10,66,0,0,0,66
09/11/2003,AGS,GA,ASO,ES,Towers with Radar,14,19,21,5,59,0,1,8,2,11,14,20,29,7,70,0,2,2,72
09/12/2003,AGS,GA,ASO,ES,Towers with Radar,12,23,24,13,72,0,0,13,1,14,12,23,37,14,86,8,6,14,100
09/13/2003,AGS,GA,ASO,ES,Towers with Radar,9,15,17,0,41,1,0,11,0,12,10,15,28,0,53,2,0,2,55
09/14/2003,AGS,GA,ASO,ES,Towers with Radar,18,14,11,7,50,0,0,9,0,9,18,14,20,7,59,16,0,16,75
09/15/2003,AGS,GA,ASO,ES,Towers with Radar,10,24,18,11,63,0,0,12,1,13,10,24,30,12,76,30,8,38,114
09/16/2003,AGS,GA,ASO,ES,Towers with Radar,12,22,26,6,66,0,0,20,6,26,12,22,46,12,92,20,3,23,115
09/17/2003,AGS,GA,ASO,ES,Towers with Radar,10,27,22,9,68,0,0,14,12,26,10,27,36,21,94,23,2,25,119
09/18/2003,AGS,GA,ASO,ES,Towers with Radar,12,24,23,3,62,0,0,15,4,19,12,24,38,7,81,10,0,10,91
09/19/2003,AGS,GA,ASO,ES,Towers with Radar,12,25,25,11,73,0,2,22,4,28,12,27,47,15,101,15,0,15,116
09/20/2003,AGS,GA,ASO,ES,Towers with Radar,10,16,20,2,48,0,3,15,0,18,10,19,35,2,66,6,0,6,72
09/21/2003,AGS,GA,ASO,ES,Towers with Radar,11,22,8,4,45,0,0,4,0,4,11,22,12,4,49,2,0,2,51
09/22/2003,AGS,GA,ASO,ES,Towers with Radar,10,25,18,4,57,0,0,2,4,6,10,25,20,8,63,12,3,15,78
09/23/2003,AGS,GA,ASO,ES,Towers with Radar,13,26,22,7,68,1,0,33,3,37,14,26,55,10,105,46,0,46,151
09/24/2003,AGS,GA,ASO,ES,Towers with Radar,11,22,21,4,58,5,1,18,0,24,16,23,39,4,82,31,1,32,114
09/25/2003,AGS,GA,ASO,ES,Towers with Radar,11,31,29,7,78,0,0,25,1,26,11,31,54,8,104,7,0,7,111
09/26/2003,AGS,GA,ASO,ES,Towers with Radar,14,30,27,7,78,0,0,15,4,19,14,30,42,11,97,14,4,18,115
09/27/2003,AGS,GA,ASO,ES,Towers with Radar,6,14,13,4,37,0,4,17,0,21,6,18,30,4,58,7,0,7,65
09/28/2003,AGS,GA,ASO,ES,Towers with Radar,14,24,22,9,69,0,0,16,0,16,14,24,38,9,85,17,16,33,118
09/29/2003,AGS,GA,ASO,ES,Towers with Radar,9,30,27,4,70,0,0,22,2,24,9,30,49,6,94,44,0,44,138
09/30/2003,AGS,GA,ASO,ES,Towers with Radar,12,25,37,10,84,0,0,28,0,28,12,25,65,10,112,55,20,75,187
10/01/2003,AGS,GA,ASO,ES,Towers with Radar,8,25,28,2,63,0,4,16,0,20,8,29,44,2,83,10,4,14,97
10/02/2003,AGS,GA,ASO,ES,Towers with Radar,11,31,37,3,82,1,0,3,0,4,12,31,40,3,86,34,0,34,120
10/03/2003,AGS,GA,ASO,ES,Towers with Radar,5,29,32,6,72,0,4,26,6,36,5,33,58,12,108,13,0,13,121
10/04/2003,AGS,GA,ASO,ES,Towers with Radar,6,21,24,2,53,0,0,17,0,17,6,21,41,2,70,27,0,27,97
10/05/2003,AGS,GA,ASO,ES,Towers with Radar,7,22,25,4,58,0,6,23,0,29,7,28,48,4,87,19,0,19,106
10/06/2003,AGS,GA,ASO,ES,Towers with Radar,10,26,31,6,73,4,0,18,0,22,14,26,49,6,95,16,0,16,111
10/07/2003,AGS,GA,ASO,ES,Towers with Radar,8,24,27,5,64,2,3,5,5,15,10,27,32,10,79,15,0,15,94
10/08/2003,AGS,GA,ASO,ES,Towers with Radar,11,26,34,6,77,1,0,19,0,20,12,26,53,6,97,10,0,10,107
10/09/2003,AGS,GA,ASO,ES,Towers with Radar,12,25,40,8,85,5,0,24,5,34,17,25,64,13,119,65,22,87,206
10/10/2003,AGS,GA,ASO,ES,Towers with Radar,11,28,33,7,79,0,0,0,16,16,11,28,33,23,95,2,6,8,103
10/11/2003,AGS,GA,ASO,ES,Towers with Radar,7,17,11,3,38,0,0,0,0,0,7,17,11,3,38,0,0,0,38
10/12/2003,AGS,GA,ASO,ES,Towers with Radar,6,24,29,0,59,0,5,2,0,7,6,29,31,0,66,44,0,44,110
10/13/2003,AGS,GA,ASO,ES,Towers with Radar,10,28,34,4,76,0,0,12,0,12,10,28,46,4,88,17,26,43,131
10/14/2003,AGS,GA,ASO,ES,Towers with Radar,10,23,33,6,72,2,0,8,8,18,12,23,41,14,90,9,4,13,103
10/15/2003,AGS,GA,ASO,ES,Towers with Radar,10,24,34,6,74,0,0,34,8,42,10,24,68,14,116,16,16,32,148
10/16/2003,AGS,GA,ASO,ES,Towers with Radar,8,31,37,7,83,0,5,38,2,45,8,36,75,9,128,40,7,47,175
10/17/2003,AGS,GA,ASO,ES,Towers with Radar,10,33,40,7,90,0,0,8,5,13,10,33,48,12,103,3,2,5,108
10/18/2003,AGS,GA,ASO,ES,Towers with Radar,9,18,26,2,55,1,0,10,0,11,10,18,36,2,66,3,0,3,69
10/19/2003,AGS,GA,ASO,ES,Towers with Radar,11,30,35,6,82,0,8,17,3,28,11,38,52,9,110,10,16,26,136
10/20/2003,AGS,GA,ASO,ES,Towers with Radar,10,25,30,5,70,4,8,22,1,35,14,33,52,6,105,7,2,9,114
10/21/2003,AGS,GA,ASO,ES,Towers with Radar,8,26,31,5,70,0,3,19,5,27,8,29,50,10,97,13,24,37,134
10/22/2003,AGS,GA,ASO,ES,Towers with Radar,11,29,35,5,80,2,1,29,0,32,13,30,64,5,112,41,0,41,153
10/23/2003,AGS,GA,ASO,ES,Towers with Radar,12,31,37,6,86,2,9,32,2,45,14,40,69,8,131,34,7,41,172
10/24/2003,AGS,GA,ASO,ES,Towers with Radar,8,32,36,6,82,0,0,34,4,38,8,32,70,10,120,14,9,23,143
10/25/2003,AGS,GA,ASO,ES,Towers with Radar,8,20,22,2,52,0,4,19,0,23,8,24,41,2,75,27,0,27,102
10/26/2003,AGS,GA,ASO,ES,Towers with Radar,10,25,29,0,64,1,0,11,0,12,11,25,40,0,76,8,0,8,84
10/27/2003,AGS,GA,ASO,ES,Towers with Radar,9,24,27,4,64,3,1,13,0,17,12,25,40,4,81,14,0,14,95
10/28/2003,AGS,GA,ASO,ES,Towers with Radar,12,30,36,6,84,0,0,27,1,28,12,30,63,7,112,16,2,18,130
10/29/2003,AGS,GA,ASO,ES,Towers with Radar,13,31,39,6,89,0,0,37,7,44,13,31,76,13,133,18,0,18,151
10/30/2003,AGS,GA,ASO,ES,Towers with Radar,11,33,40,5,89,0,0,43,0,43,11,33,83,5,132,29,0,29,161
10/31/2003,AGS,GA,ASO,ES,Towers with Radar,11,24,32,5,72,1,0,2,1,4,12,24,34,6,76,1,0,1,77
11/01/2003,AGS,GA,ASO,ES,Towers with Radar,9,23,28,4,64,0,0,19,2,21,9,23,47,6,85,36,4,40,125
11/02/2003,AGS,GA,ASO,ES,Towers with Radar,10,25,31,4,70,2,3,16,0,21,12,28,47,4,91,49,1,50,141
11/03/2003,AGS,GA,ASO,ES,Towers with Radar,10,29,36,6,81,0,7,10,2,19,10,36,46,8,100,20,0,20,120
11/04/2003,AGS,GA,ASO,ES,Towers with Radar,10,30,37,6,83,0,3,3,0,6,10,33,40,6,89,5,2,7,96
11/05/2003,AGS,GA,ASO,ES,Towers with Radar,11,31,39,6,87,0,1,11,5,17,11,32,50,11,104,7,2,9,113
11/06/2003,AGS,GA,ASO,ES,Towers with Radar,13,33,44,7,97,0,0,23,7,30,13,33,67,14,127,25,0,25,152
11/07/2003,AGS,GA,ASO,ES,Towers with Radar,12,40,50,7,109,0,0,5,7,12,12,40,55,14,121,7,8,15,136
11/08/2003,AGS,GA,ASO,ES,Towers with Radar,9,14,25,3,51,2,0,0,0,2,11,14,25,3,53,2,0,2,55
11/09/2003,AGS,GA,ASO,ES,Towers with Radar,12,29,26,4,71,5,3,0,0,8,17,32,26,4,79,0,0,0,79
11/10/2003,AGS,GA,ASO,ES,Towers with Radar,10,28,36,6,80,0,2,27,0,29,10,30,63,6,109,41,0,41,150
11/11/2003,AGS,GA,ASO,ES,Towers with Radar,12,28,37,3,80,0,1,37,0,38,12,29,74,3,118,40,0,40,158
11/12/2003,AGS,GA,ASO,ES,Towers with Radar,9,34,47,7,97,0,0,34,4,38,9,34,81,11,135,28,2,30,165
11/13/2003,AGS,GA,ASO,ES,Towers with Radar,13,28,37,5,83,5,3,15,2,25,18,31,52,7,108,1,0,1,109
11/14/2003,AGS,GA,ASO,ES,Towers with Radar,14,36,51,8,109,0,0,16,6,22,14,36,67,14,131,3,11,14,145
11/15/2003,AGS,GA,ASO,ES,Towers with Radar,10,27,35,4,76,0,3,25,5,33,10,30,60,9,109,25,30,55,164
11/16/2003,AGS,GA,ASO,ES,Towers with Radar,12,24,35,0,71,4,0,2,0,6,16,24,37,0,77,12,0,12,89
11/17/2003,AGS,GA,ASO,ES,Towers with Radar,12,28,37,4,81,3,1,15,0,19,15,29,52,4,100,34,14,48,148
11/18/2003,AGS,GA,ASO,ES,Towers with Radar,12,27,35,4,78,1,7,24,5,37,13,34,59,9,115,40,6,46,161
11/19/2003,AGS,GA,ASO,ES,Towers with Radar,9,20,26,1,56,0,12,8,0,20,9,32,34,1,76,20,0,20,96
11/20/2003,AGS,GA,ASO,ES,Towers with Radar,13,28,37,4,82,1,5,35,1,42,14,33,72,5,124,38,1,39,163
11/21/2003,AGS,GA,ASO,ES,Towers with Radar,13,35,48,6,102,0,0,51,10,61,13,35,99,16,163,23,5,28,191
11/22/2003,AGS,GA,ASO,ES,Towers with Radar,10,21,28,3,62,0,0,29,0,29,10,21,57,3,91,53,0,53,144
11/23/2003,AGS,GA,ASO,ES,Towers with Radar,11,21,31,2,65,7,0,8,0,15,18,21,39,2,80,18,0,18,98
11/24/2003,AGS,GA,ASO,ES,Towers with Radar,11,25,32,4,72,0,3,20,0,23,11,28,52,4,95,6,0,6,101
11/25/2003,AGS,GA,ASO,ES,Towers with Radar,13,28,38,5,84,0,0,30,4,34,13,28,68,9,118,36,12,48,166
11/26/2003,AGS,GA,ASO,ES,Towers with Radar,12,28,46,0,86,0,0,2,0,2,12,28,48,0,88,10,0,10,98
11/27/2003,AGS,GA,ASO,ES,Towers with Radar,6,13,12,0,31,4,3,0,0,7,10,16,12,0,38,4,0,4,42
11/28/2003,AGS,GA,ASO,ES,Towers with Radar,7,15,6,0,28,2,4,0,0,6,9,19,6,0,34,0,0,0,34
11/29/2003,AGS,GA,ASO,ES,Towers with Radar,10,17,26,2,55,0,0,5,0,5,10,17,31,2,60,8,0,8,68
11/30/2003,AGS,GA,ASO,ES,Towers with Radar,12,27,51,4,94,0,0,18,0,18,12,27,69,4,112,25,0,25,137
12/01/2003,AGS,GA,ASO,ES,Towers with Radar,10,18,22,5,55,4,0,32,9,45,14,18,54,14,100,15,24,39,139
12/02/2003,AGS,GA,ASO,ES,Towers with Radar,10,27,31,7,75,0,1,24,4,29,10,28,55,11,104,31,0,31,135
12/03/2003,AGS,GA,ASO,ES,Towers with Radar,12,23,42,9,86,0,0,47,7,54,12,23,89,16,140,6,6,12,152
12/04/2003,AGS,GA,ASO,ES,Towers with Radar,9,19,21,5,54,3,4,20,1,28,12,23,41,6,82,0,0,0,82
12/05/2003,AGS,GA,ASO,ES,Towers with Radar,10,23,26,6,65,2,8,10,0,20,12,31,36,6,85,0,0,0,85
12/06/2003,AGS,GA,ASO,ES,Towers with Radar,8,17,19,0,44,2,0,33,0,35,10,17,52,0,79,11,1,12,91
12/07/2003,AGS,GA,ASO,ES,Towers with Radar,9,20,22,1,52,8,0,38,0,46,17,20,60,1,98,26,0,26,124
12/08/2003,AGS,GA,ASO,ES,Towers with Radar,10,25,31,6,72,0,0,26,0,26,10,25,57,6,98,30,2,32,130
12/09/2003,AGS,GA,ASO,ES,Towers with Radar,12,23,36,7,78,0,0,8,13,21,12,23,44,20,99,0,0,0,99
12/10/2003,AGS,GA,ASO,ES,Towers with Radar,10,22,26,6,64,0,4,4,4,12,10,26,30,10,76,0,0,0,76
12/11/2003,AGS,GA,ASO,ES,Towers with Radar,13,24,28,6,71,0,2,9,11,22,13,26,37,17,93,9,4,13,106
12/12/2003,AGS,GA,ASO,ES,Towers with Radar,10,25,30,6,71,0,1,16,8,25,10,26,46,14,96,5,6,11,107
12/13/2003,AGS,GA,ASO,ES,Towers with Radar,9,13,20,0,42,1,0,1,0,2,10,13,21,0,44,23,0,23,67
12/14/2003,AGS,GA,ASO,ES,Towers with Radar,7,14,18,2,41,5,5,2,0,12,12,19,20,2,53,2,0,2,55
12/15/2003,AGS,GA,ASO,ES,Towers with Radar,12,25,30,6,73,5,1,30,0,36,17,26,60,6,109,33,0,33,142
12/16/2003,AGS,GA,ASO,ES,Towers with Radar,8,28,41,7,84,0,0,19,9,28,8,28,60,16,112,43,26,69,181
12/17/2003,AGS,GA,ASO,ES,Towers with Radar,13,20,29,5,67,4,0,8,0,12,17,20,37,5,79,0,0,0,79
12/18/2003,AGS,GA,ASO,ES,Towers with Radar,14,27,32,6,79,1,0,19,0,20,15,27,51,6,99,9,0,9,108
12/19/2003,AGS,GA,ASO,ES,Towers with Radar,14,26,29,5,74,1,0,0,18,19,15,26,29,23,93,9,22,31,124
12/20/2003,AGS,GA,ASO,ES,Towers with Radar,9,15,21,4,49,2,0,0,1,3,11,15,21,5,52,0,0,0,52
12/21/2003,AGS,GA,ASO,ES,Towers with Radar,11,20,24,2,57,3,4,32,0,39,14,24,56,2,96,52,0,52,148
12/22/2003,AGS,GA,ASO,ES,Towers with Radar,11,22,27,5,65,0,5,13,3,21,11,27,40,8,86,5,12,17,103
12/23/2003,AGS,GA,ASO,ES,Towers with Radar,12,22,27,4,65,0,0,9,0,9,12,22,36,4,74,28,0,28,102
12/24/2003,AGS,GA,ASO,ES,Towers with Radar,7,12,3,2,24,2,4,0,0,6,9,16,3,2,30,0,0,0,30
12/25/2003,AGS,GA,ASO,ES,Towers with Radar,7,13,9,2,31,1,4,0,0,5,8,17,9,2,36,0,0,0,36
12/26/2003,AGS,GA,ASO,ES,Towers with Radar,8,24,26,0,58,0,0,7,0,7,8,24,33,0,65,7,0,7,72
12/27/2003,AGS,GA,ASO,ES,Towers with Radar,6,17,26,0,49,0,0,7,0,7,6,17,33,0,56,11,0,11,67
12/28/2003,AGS,GA,ASO,ES,Towers with Radar,11,22,25,0,58,0,1,17,0,18,11,23,42,0,76,31,0,31,107
12/29/2003,AGS,GA,ASO,ES,Towers with Radar,11,20,23,0,54,0,7,11,0,18,11,27,34,0,72,12,0,12,84
12/30/2003,AGS,GA,ASO,ES,Towers with Radar,8,21,23,4,56,0,4,7,0,11,8,25,30,4,67,21,0,21,88
12/31/2003,AGS,GA,ASO,ES,Towers with Radar,11,20,23,0,54,0,0,5,0,5,11,20,28,0,59,9,0,9,68
01/01/2004,AGS,GA,ASO,ES,Towers with Radar,8,18,21,2,49,3,3,10,0,16,11,21,31,2,65,4,0,4,69
01/02/2004,AGS,GA,ASO,ES,Towers with Radar,13,24,29,4,70,9,1,9,0,19,22,25,38,4,89,28,16,44,133
01/03/2004,AGS,GA,ASO,ES,Towers with Radar,8,14,23,2,47,0,0,0,0,0,8,14,23,2,47,3,2,5,52
01/04/2004,AGS,GA,ASO,ES,Towers with Radar,11,22,24,2,59,1,0,0,0,1,12,22,24,2,60,29,0,29,89
01/05/2004,AGS,GA,ASO,ES,Towers with Radar,11,21,25,1,58,0,2,7,0,9,11,23,32,1,67,0,0,0,67
01/06/2004,AGS,GA,ASO,ES,Towers with Radar,10,20,23,7,60,0,1,22,2,25,10,21,45,9,85,6,0,6,91
01/07/2004,AGS,GA,ASO,ES,Towers with Radar,11,19,23,4,57,2,0,22,0,24,13,19,45,4,81,18,1,19,100
01/08/2004,AGS,GA,ASO,ES,Towers with Radar,10,24,33,8,75,0,0,22,0,22,10,24,55,8,97,23,0,23,120
01/09/2004,AGS,GA,ASO,ES,Towers with Radar,11,18,23,4,56,1,7,5,2,15,12,25,28,6,71,2,0,2,73
01/10/2004,AGS,GA,ASO,ES,Towers with Radar,8,17,21,4,50,0,4,22,5,31,8,21,43,9,81,32,8,40,121
01/11/2004,AGS,GA,ASO,ES,Towers with Radar,10,17,22,4,53,5,0,33,1,39,15,17,55,5,92,17,0,17,109
01/12/2004,AGS,GA,ASO,ES,Towers with Radar,7,16,21,4,48,0,8,10,6,24,7,24,31,10,72,4,4,8,80
01/13/2004,AGS,GA,ASO,ES,Towers with Radar,11,21,27,4,63,0,7,17,0,24,11,28,44,4,87,30,7,37,124
01/14/2004,AGS,GA,ASO,ES,Towers with Radar,13,22,29,6,70,1,0,21,2,24,14,22,50,8,94,29,7,36,130
01/15/2004,AGS,GA,ASO,ES,Towers with Radar,13,21,29,6,69,2,0,7,2,11,15,21,36,8,80,16,2,18,98
01/16/2004,AGS,GA,ASO,ES,Towers with Radar,13,22,23,5,63,2,1,0,1,4,15,23,23,6,67,6,0,6,73
01/17/2004,AGS,GA,ASO,ES,Towers with Radar,9,16,22,2,49,0,0,5,0,5,9,16,27,2,54,34,0,34,88
01/18/2004,AGS,GA,ASO,ES,Towers with Radar,8,13,14,0,35,4,5,0,0,9,12,18,14,0,44,2,0,2,46
01/19/2004,AGS,GA,ASO,ES,Towers with Radar,10,25,32,6,73,0,0,31,3,34,10,25,63,9,107,16,14,30,137
01/20/2004,AGS,GA,ASO,ES,Towers with Radar,10,22,29,6,67,0,1,15,11,27,10,23,44,17,94,56,15,71,165
01/21/2004,AGS,GA,ASO,ES,Towers with Radar,12,21,34,7,74,0,0,16,11,27,12,21,50,18,101,31,17,48,149
01/22/2004,AGS,GA,ASO,ES,Towers with Radar,13,18,30,6,67,1,0,15,7,23,14,18,45,13,90,19,19,38,128
01/23/2004,AGS,GA,ASO,ES,Towers with Radar,12,23,32,6,73,0,0,14,4,18,12,23,46,10,91,4,25,29,120
01/24/2004,AGS,GA,ASO,ES,Towers with Radar,8,19,26,5,58,0,0,30,6,36,8,19,56,11,94,22,14,36,130
01/25/2004,AGS,GA,ASO,ES,Towers with Radar,7,12,14,0,33,9,4,8,0,21,16,16,22,0,54,2,0,2,56
01/26/2004,AGS,GA,ASO,ES,Towers with Radar,2,6,6,0,14,0,8,0,0,8,2,14,6,0,22,0,0,0,22
01/27/2004,AGS,GA,ASO,ES,Towers with Radar,8,14,16,3,41,2,1,22,0,25,10,15,38,3,66,4,0,4,70
01/28/2004,AGS,GA,ASO,ES,Towers with Radar,13,20,28,6,67,2,0,6,4,12,15,20,34,10,79,10,10,20,99
01/29/2004,AGS,GA,ASO,ES,Towers with Radar,15,22,32,6,75,1,0,26,11,38,16,22,58,17,113,6,1,7,120
01/30/2004,AGS,GA,ASO,ES,Towers with Radar,10,24,35,7,76,0,0,25,18,43,10,24,60,25,119,14,10,24,143
01/31/2004,AGS,GA,ASO,ES,Towers with Radar,8,17,28,2,55,0,0,51,0,51,8,17,79,2,106,15,0,15,121
02/01/2004,AGS,GA,ASO,ES,Towers with Radar,8,21,27,4,60,2,3,6,0,11,10,24,33,4,71,8,2,10,81
02/02/2004,AGS,GA,ASO,ES,Towers with Radar,7,19,24,5,55,0,7,1,4,12,7,26,25,9,67,4,2,6,73
02/03/2004,AGS,GA,ASO,ES,Towers with Radar,8,25,32,6,71,0,1,11,4,16,8,26,43,10,87,34,1,35,122
02/04/2004,AGS,GA,ASO,ES,Towers with Radar,10,24,37,7,78,0,0,21,9,30,10,24,58,16,108,9,27,36,144
02/05/2004,AGS,GA,ASO,ES,Towers with Radar,11,18,31,6,66,0,0,16,0,16,11,18,47,6,82,7,5,12,94
02/06/2004,AGS,GA,ASO,ES,Towers with Radar,6,15,19,4,44,4,5,3,2,14,10,20,22,6,58,2,0,2,60
02/07/2004,AGS,GA,ASO,ES,Towers with Radar,5,16,21,2,44,0,3,3,0,6,5,19,24,2,50,1,0,1,51
02/08/2004,AGS,GA,ASO,ES,Towers with Radar,9,15,25,5,54,4,0,21,2,27,13,15,46,7,81,32,1,33,114
02/09/2004,AGS,GA,ASO,ES,Towers with Radar,8,27,37,6,78,0,2,15,0,17,8,29,52,6,95,22,0,22,117
02/10/2004,AGS,GA,ASO,ES,Towers with Radar,9,22,31,6,68,0,2,8,1,11,9,24,39,7,79,26,2,28,107
02/11/2004,AGS,GA,ASO,ES,Towers with Radar,11,21,40,8,80,0,0,14,9,23,11,21,54,17,103,4,1,5,108
02/12/2004,AGS,GA,ASO,ES,Towers with Radar,10,24,33,5,72,0,5,14,0,19,10,29,47,5,91,1,0,1,92
02/13/2004,AGS,GA,ASO,ES,Towers with Radar,11,31,44,6,92,0,0,26,0,26,11,31,70,6,118,6,0,6,124
02/14/2004,AGS,GA,ASO,ES,Towers with Radar,7,13,18,0,38,1,5,4,0,10,8,18,22,0,48,4,0,4,52
02/15/2004,AGS,GA,ASO,ES,Towers with Radar,7,15,20,0,42,1,8,5,0,14,8,23,25,0,56,0,0,0,56
02/16/2004,AGS,GA,ASO,ES,Towers with Radar,10,20,41,2,73,0,0,12,0,12,10,20,53,2,85,10,0,10,95
02/17/2004,AGS,GA,ASO,ES,Towers with Radar,8,24,30,5,67,0,6,0,14,20,8,30,30,19,87,1,38,39,126
02/18/2004,AGS,GA,ASO,ES,Towers with Radar,13,27,44,7,91,0,0,32,6,38,13,27,76,13,129,14,20,34,163
02/19/2004,AGS,GA,ASO,ES,Towers with Radar,14,24,38,7,83,6,0,25,1,32,20,24,63,8,115,8,1,9,124
02/20/2004,AGS,GA,ASO,ES,Towers with Radar,16,17,43,7,83,8,0,13,9,30,24,17,56,16,113,4,2,6,119
02/21/2004,AGS,GA,ASO,ES,Towers with Radar,7,15,21,0,43,1,0,9,0,10,8,15,30,0,53,12,0,12,65
02/22/2004,AGS,GA,ASO,ES,Towers with Radar,12,23,32,1,68,2,0,23,0,25,14,23,55,1,93,39,0,39,132
02/23/2004,AGS,GA,ASO,ES,Towers with Radar,10,22,28,3,63,0,2,4,0,6,10,24,32,3,69,4,0,4,73
02/24/2004,AGS,GA,ASO,ES,Towers with Radar,10,20,25,4,59,0,6,0,0,6,10,26,25,4,65,2,0,2,67
02/25/2004,AGS,GA,ASO,ES,Towers with Radar,10,23,25,5,63,0,2,0,6,8,10,25,25,11,71,7,24,31,102
02/26/2004,AGS,GA,ASO,ES,Towers with Radar,6,17,21,1,45,0,9,13,0,22,6,26,34,1,67,0,0,0,67
02/27/2004,AGS,GA,ASO,ES,Towers with Radar,9,16,24,4,53,9,0,0,0,9,18,16,24,4,62,0,1,1,63
02/28/2004,AGS,GA,ASO,ES,Towers with Radar,10,20,26,4,60,0,7,32,7,46,10,27,58,11,106,52,0,52,158
02/29/2004,AGS,GA,ASO,ES,Towers with Radar,12,24,33,2,71,3,0,22,0,25,15,24,55,2,96,42,0,42,138
03/01/2004,AGS,GA,ASO,ES,Towers with Radar,8,23,29,7,67,0,12,15,4,31,8,35,44,11,98,39,4,43,141
03/02/2004,AGS,GA,ASO,ES,Towers with Radar,10,27,34,8,79,0,7,15,6,28,10,34,49,14,107,52,14,66,173
03/03/2004,AGS,GA,ASO,ES,Towers with Radar,9,31,39,9,88,0,4,8,6,18,9,35,47,15,106,23,4,27,133
03/04/2004,AGS,GA,ASO,ES,Towers with Radar,14,28,44,10,96,3,0,20,7,30,17,28,64,17,126,39,0,39,165
03/05/2004,AGS,GA,ASO,ES,Towers with Radar,10,32,42,10,94,0,0,16,3,19,10,32,58,13,113,14,26,40,153
03/06/2004,AGS,GA,ASO,ES,Towers with Radar,7,18,23,6,54,1,4,4,1,10,8,22,27,7,64,0,0,0,64
03/07/2004,AGS,GA,ASO,ES,Towers with Radar,9,22,28,1,60,4,6,5,0,15,13,28,33,1,75,0,0,0,75
03/08/2004,AGS,GA,ASO,ES,Towers with Radar,9,25,31,6,71,0,9,19,3,31,9,34,50,9,102,18,6,24,126
03/09/2004,AGS,GA,ASO,ES,Towers with Radar,11,28,36,4,79,1,2,7,0,10,12,30,43,4,89,3,0,3,92
03/10/2004,AGS,GA,ASO,ES,Towers with Radar,11,32,41,8,92,0,2,12,11,25,11,34,53,19,117,30,18,48,165
03/11/2004,AGS,GA,ASO,ES,Towers with Radar,10,33,44,8,95,0,0,8,18,26,10,33,52,26,121,40,12,52,173
03/12/2004,AGS,GA,ASO,ES,Towers with Radar,16,36,49,9,110,0,3,42,17,62,16,39,91,26,172,22,21,43,215
03/13/2004,AGS,GA,ASO,ES,Towers with Radar,10,19,31,6,66,7,0,29,0,36,17,19,60,6,102,9,5,14,116
03/14/2004,AGS,GA,ASO,ES,Towers with Radar,13,20,38,2,73,6,0,42,0,48,19,20,80,2,121,22,0,22,143
03/15/2004,AGS,GA,ASO,ES,Towers with Radar,12,36,48,9,105,0,1,36,2,39,12,37,84,11,144,61,24,85,229
03/16/2004,AGS,GA,ASO,ES,Towers with Radar,11,33,50,10,104,0,0,21,14,35,11,33,71,24,139,18,11,29,168
03/17/2004,AGS,GA,ASO,ES,Towers with Radar,17,36,48,5,106,1,1,34,0,36,18,37,82,5,142,5,0,5,147
03/18/2004,AGS,GA,ASO,ES,Towers with Radar,20,37,58,11,126,0,0,42,3,45,20,37,100,14,171,37,9,46,217
03/19/2004,AGS,GA,ASO,ES,Towers with Radar,15,20,45,7,87,10,0,22,0,32,25,20,67,7,119,36,0,36,155
03/20/2004,AGS,GA,ASO,ES,Towers with Radar,14,34,46,3,97,0,0,45,0,45,14,34,91,3,142,16,0,16,158
03/21/2004,AGS,GA,ASO,ES,Towers with Radar,6,25,34,2,67,0,12,9,0,21,6,37,43,2,88,7,1,8,96
03/22/2004,AGS,GA,ASO,ES,Towers with Radar,9,25,34,4,72,0,5,12,0,17,9,30,46,4,89,8,0,8,97
03/23/2004,AGS,GA,ASO,ES,Towers with Radar,11,35,46,3,95,0,7,26,0,33,11,42,72,3,128,61,1,62,190
03/24/2004,AGS,GA,ASO,ES,Towers with Radar,15,33,44,9,101,1,3,43,1,48,16,36,87,10,149,88,8,96,245
03/25/2004,AGS,GA,ASO,ES,Towers with Radar,17,31,47,9,104,2,0,57,1,60,19,31,104,10,164,87,6,93,257
03/26/2004,AGS,GA,ASO,ES,Towers with Radar,19,42,58,12,131,0,0,41,6,47,19,42,99,18,178,74,6,80,258
03/27/2004,AGS,GA,ASO,ES,Towers with Radar,11,15,31,3,60,5,0,26,0,31,16,15,57,3,91,16,2,18,109
03/28/2004,AGS,GA,ASO,ES,Towers with Radar,14,26,40,5,85,2,0,40,0,42,16,26,80,5,127,22,2,24,151
03/29/2004,AGS,GA,ASO,ES,Towers with Radar,10,29,37,8,84,0,0,16,8,24,10,29,53,16,108,33,1,34,142
03/30/2004,AGS,GA,ASO,ES,Towers with Radar,10,33,42,9,94,0,1,16,5,22,10,34,58,14,116,12,0,12,128
03/31/2004,AGS,GA,ASO,ES,Towers with Radar,16,31,44,9,100,8,0,13,2,23,24,31,57,11,123,5,1,6,129
04/01/2004,AGS,GA,ASO,ES,Towers with Radar,9,27,48,3,87,4,6,0,0,10,13,33,48,3,97,0,0,0,97
04/02/2004,AGS,GA,ASO,ES,Towers with Radar,14,37,50,5,106,4,0,0,3,7,18,37,50,8,113,3,4,7,120
04/03/2004,AGS,GA,ASO,ES,Towers with Radar,12,21,59,4,96,6,0,35,0,41,18,21,94,4,137,9,0,9,146
04/04/2004,AGS,GA,ASO,ES,Towers with Radar,15,40,72,4,131,4,28,5,0,37,19,68,77,4,168,10,1,11,179
04/05/2004,AGS,GA,ASO,ES,Towers with Radar,10,58,110,1,179,0,0,56,0,56,10,58,166,1,235,4,0,4,239
04/06/2004,AGS,GA,ASO,ES,Towers with Radar,26,77,150,0,253,0,0,76,0,76,26,77,226,0,329,0,0,0,329
04/07/2004,AGS,GA,ASO,ES,Towers with Radar,32,88,233,0,353,0,0,118,0,118,32,88,351,0,471,0,0,0,471
04/08/2004,AGS,GA,ASO,ES,Towers with Radar,41,102,213,0,356,0,0,77,0,77,41,102,290,0,433,2,0,2,435
04/09/2004,AGS,GA,ASO,ES,Towers with Radar,40,127,235,0,402,0,1,65,0,66,40,128,300,0,468,0,0,0,468
04/10/2004,AGS,GA,ASO,ES,Towers with Radar,27,91,170,0,288,0,3,48,0,51,27,94,218,0,339,0,0,0,339
04/11/2004,AGS,GA,ASO,ES,Towers with Radar,35,88,163,0,286,11,49,17,0,77,46,137,180,0,363,7,0,7,370
04/12/2004,AGS,GA,ASO,ES,Towers with Radar,19,47,88,4,158,10,30,5,0,45,29,77,93,4,203,2,0,2,205
04/13/2004,AGS,GA,ASO,ES,Towers with Radar,8,22,32,3,65,0,13,0,5,18,8,35,32,8,83,16,10,26,109
04/14/2004,AGS,GA,ASO,ES,Towers with Radar,14,24,52,5,95,2,0,0,11,13,16,24,52,16,108,4,8,12,120
04/15/2004,AGS,GA,ASO,ES,Towers with Radar,13,27,61,5,106,5,0,9,14,28,18,27,70,19,134,2,3,5,139
04/16/2004,AGS,GA,ASO,ES,Towers with Radar,15,28,69,5,117,0,0,23,2,25,15,28,92,7,142,34,1,35,177
04/17/2004,AGS,GA,ASO,ES,Towers with Radar,8,18,41,0,67,0,0,3,0,3,8,18,44,0,70,20,0,20,90
04/18/2004,AGS,GA,ASO,ES,Towers with Radar,10,31,44,0,85,0,0,0,0,0,10,31,44,0,85,16,0,16,101
04/19/2004,AGS,GA,ASO,ES,Towers with Radar,10,27,42,3,82,0,8,0,9,17,10,35,42,12,99,16,2,18,117
04/20/2004,AGS,GA,ASO,ES,Towers with Radar,11,33,59,3,106,0,4,1,7,12,11,37,60,10,118,45,2,47,165
04/21/2004,AGS,GA,ASO,ES,Towers with Radar,13,29,61,4,107,4,0,14,3,21,17,29,75,7,128,14,6,20,148
04/22/2004,AGS,GA,ASO,ES,Towers with Radar,17,37,75,4,133,0,0,12,9,21,17,37,87,13,154,10,0,10,164
04/23/2004,AGS,GA,ASO,ES,Towers with Radar,15,38,60,4,117,2,4,0,22,28,17,42,60,26,145,21,12,33,178
04/24/2004,AGS,GA,ASO,ES,Towers with Radar,10,12,45,0,67,6,0,0,0,6,16,12,45,0,73,57,0,57,130
04/25/2004,AGS,GA,ASO,ES,Towers with Radar,12,33,59,3,107,6,5,8,10,29,18,38,67,13,136,17,17,34,170
04/26/2004,AGS,GA,ASO,ES,Towers with Radar,4,23,36,3,66,0,11,0,3,14,4,34,36,6,80,5,0,5,85
04/27/2004,AGS,GA,ASO,ES,Towers with Radar,11,30,57,3,101,0,0,0,18,18,11,30,57,21,119,12,2,14,133
04/28/2004,AGS,GA,ASO,ES,Towers with Radar,15,27,67,4,113,1,0,28,23,52,16,27,95,27,165,11,74,85,250
04/29/2004,AGS,GA,ASO,ES,Towers with Radar,13,26,63,4,106,5,0,19,14,38,18,26,82,18,144,36,6,42,186
04/30/2004,AGS,GA,ASO,ES,Towers with Radar,16,19,68,4,107,3,0,0,15,18,19,19,68,19,125,22,34,56,181
05/01/2004,AGS,GA,ASO,ES,Towers with Radar,14,25,36,1,76,5,4,10,0,19,19,29,46,1,95,32,0,32,127
05/02/2004,AGS,GA,ASO,ES,Towers with Radar,11,20,28,0,59,0,6,4,0,10,11,26,32,0,69,0,0,0,69
05/03/2004,AGS,GA,ASO,ES,Towers with Radar,9,28,40,5,82,0,9,7,4,20,9,37,47,9,102,1,0,1,103
05/04/2004,AGS,GA,ASO,ES,Towers with Radar,10,30,45,5,90,0,8,30,7,45,10,38,75,12,135,30,4,34,169
05/05/2004,AGS,GA,ASO,ES,Towers with Radar,18,25,46,5,94,1,0,33,7,41,19,25,79,12,135,35,10,45,180
05/06/2004,AGS,GA,ASO,ES,Towers with Radar,17,33,50,6,106,0,2,10,4,16,17,35,60,10,122,16,0,16,138
05/07/2004,AGS,GA,ASO,ES,Towers with Radar,19,24,48,1,92,4,0,44,0,48,23,24,92,1,140,13,0,13,153
05/08/2004,AGS,GA,ASO,ES,Towers with Radar,9,14,22,0,45,5,2,10,0,17,14,16,32,0,62,42,0,42,104
05/09/2004,AGS,GA,ASO,ES,Towers with Radar,12,19,29,0,60,4,0,11,0,15,16,19,40,0,75,8,0,8,83
05/10/2004,AGS,GA,ASO,ES,Towers with Radar,12,29,46,3,90,0,2,9,0,11,12,31,55,3,101,46,0,46,147
05/11/2004,AGS,GA,ASO,ES,Towers with Radar,10,26,41,3,80,0,0,23,0,23,10,26,64,3,103,39,0,39,142
05/12/2004,AGS,GA,ASO,ES,Towers with Radar,17,28,44,0,89,0,6,33,0,39,17,34,77,0,128,36,0,36,164
05/13/2004,AGS,GA,ASO,ES,Towers with Radar,19,26,49,6,100,0,0,27,2,29,19,26,76,8,129,32,0,32,161
05/14/2004,AGS,GA,ASO,ES,Towers with Radar,18,24,48,5,95,0,0,5,6,11,18,24,53,11,106,23,7,30,136
05/15/2004,AGS,GA,ASO,ES,Towers with Radar,8,17,27,0,52,0,4,0,0,4,8,21,27,0,56,46,0,46,102
05/16/2004,AGS,GA,ASO,ES,Towers with Radar,14,22,34,0,70,9,5,12,0,26,23,27,46,0,96,60,0,60,156
05/17/2004,AGS,GA,ASO,ES,Towers with Radar,12,27,42,4,85,0,4,13,1,18,12,31,55,5,103,16,12,28,131
05/18/2004,AGS,GA,ASO,ES,Towers with Radar,9,26,41,4,80,0,8,32,4,44,9,34,73,8,124,6,14,20,144
05/19/2004,AGS,GA,ASO,ES,Towers with Radar,17,24,42,2,85,4,0,32,0,36,21,24,74,2,121,32,0,32,153
05/20/2004,AGS,GA,ASO,ES,Towers with Radar,19,23,48,5,95,10,0,32,6,48,29,23,80,11,143,30,8,38,181
05/21/2004,AGS,GA,ASO,ES,Towers with Radar,20,33,49,0,102,0,0,51,0,51,20,33,100,0,153,24,0,24,177
05/22/2004,AGS,GA,ASO,ES,Towers with Radar,10,18,25,2,55,0,1,11,1,13,10,19,36,3,68,16,6,22,90
05/23/2004,AGS,GA,ASO,ES,Towers with Radar,12,18,29,0,59,5,0,9,0,14,17,18,38,0,73,59,0,59,132
05/24/2004,AGS,GA,ASO,ES,Towers with Radar,10,23,33,3,69,0,1,14,3,18,10,24,47,6,87,22,7,29,116
05/25/2004,AGS,GA,ASO,ES,Towers with Radar,10,23,34,3,70,0,9,24,5,38,10,32,58,8,108,38,22,60,168
05/26/2004,AGS,GA,ASO,ES,Towers with Radar,16,14,37,3,70,8,0,8,9,25,24,14,45,12,95,16,22,38,133
05/27/2004,AGS,GA,ASO,ES,Towers with Radar,17,20,40,4,81,3,0,23,16,42,20,20,63,20,123,12,62,74,197
05/28/2004,AGS,GA,ASO,ES,Towers with Radar,13,28,41,5,87,0,0,4,10,14,13,28,45,15,101,23,12,35,136
05/29/2004,AGS,GA,ASO,ES,Towers with Radar,13,13,21,0,47,0,0,0,0,0,13,13,21,0,47,4,0,4,51
05/30/2004,AGS,GA,ASO,ES,Towers with Radar,10,17,18,0,45,3,0,0,0,3,13,17,18,0,48,28,0,28,76
05/31/2004,AGS,GA,ASO,ES,Towers with Radar,11,19,24,2,56,0,4,0,0,4,11,23,24,2,60,10,0,10,70
06/01/2004,AGS,GA,ASO,ES,Towers with Radar,9,17,23,4,53,0,10,4,0,14,9,27,27,4,67,4,0,4,71
06/02/2004,AGS,GA,ASO,ES,Towers with Radar,10,16,21,6,53,9,2,13,0,24,19,18,34,6,77,43,0,43,120
06/03/2004,AGS,GA,ASO,ES,Towers with Radar,11,22,29,7,69,0,1,14,2,17,11,23,43,9,86,17,26,43,129
06/04/2004,AGS,GA,ASO,ES,Towers with Radar,18,14,34,8,74,6,0,14,7,27,24,14,48,15,101,6,12,18,119
06/05/2004,AGS,GA,ASO,ES,Towers with Radar,13,10,25,0,48,14,0,13,0,27,27,10,38,0,75,21,0,21,96
06/06/2004,AGS,GA,ASO,ES,Towers with Radar,13,21,31,4,69,0,0,6,0,6,13,21,37,4,75,32,5,37,112
06/07/2004,AGS,GA,ASO,ES,Towers with Radar,10,19,28,4,61,0,4,3,0,7,10,23,31,4,68,0,9,9,77
06/08/2004,AGS,GA,ASO,ES,Towers with Radar,8,17,25,2,52,0,6,8,0,14,8,23,33,2,66,21,0,21,87
06/09/2004,AGS,GA,ASO,ES,Towers with Radar,16,19,29,0,64,3,0,12,0,15,19,19,41,0,79,0,0,0,79
06/10/2004,AGS,GA,ASO,ES,Towers with Radar,18,21,31,8,78,3,0,21,18,42,21,21,52,26,120,45,26,71,191
06/11/2004,AGS,GA,ASO,ES,Towers with Radar,15,22,32,8,77,0,3,10,4,17,15,25,42,12,94,21,0,21,115
06/12/2004,AGS,GA,ASO,ES,Towers with Radar,12,14,23,6,55,7,0,25,1,33,19,14,48,7,88,11,0,11,99
06/13/2004,AGS,GA,ASO,ES,Towers with Radar,18,20,27,8,73,3,0,0,1,4,21,20,27,9,77,4,0,4,81
06/14/2004,AGS,GA,ASO,ES,Towers with Radar,7,20,30,7,64,0,3,2,10,15,7,23,32,17,79,14,16,30,109
06/15/2004,AGS,GA,ASO,ES,Towers with Radar,11,18,26,6,61,0,3,26,9,38,11,21,52,15,99,22,16,38,137
06/16/2004,AGS,GA,ASO,ES,Towers with Radar,10,20,31,7,68,0,6,17,1,24,10,26,48,8,92,7,6,13,105
06/17/2004,AGS,GA,ASO,ES,Towers with Radar,15,23,33,7,78,0,0,16,11,27,15,23,49,18,105,4,8,12,117
06/18/2004,AGS,GA,ASO,ES,Towers with Radar,11,22,36,4,73,0,0,19,0,19,11,22,55,4,92,19,3,22,114
06/19/2004,AGS,GA,ASO,ES,Towers with Radar,13,14,24,2,53,3,0,13,0,16,16,14,37,2,69,10,0,10,79
06/20/2004,AGS,GA,ASO,ES,Towers with Radar,14,14,25,0,53,7,0,16,0,23,21,14,41,0,76,33,0,33,109
06/21/2004,AGS,GA,ASO,ES,Towers with Radar,9,14,18,4,45,0,5,0,1,6,9,19,18,5,51,0,0,0,51
06/22/2004,AGS,GA,ASO,ES,Towers with Radar,9,21,28,4,62,0,1,15,0,16,9,22,43,4,78,8,0,8,86
06/23/2004,AGS,GA,ASO,ES,Towers with Radar,17,21,29,6,73,4,1,10,1,16,21,22,39,7,89,21,0,21,110
06/24/2004,AGS,GA,ASO,ES,Towers with Radar,17,23,32,7,79,0,3,5,3,11,17,26,37,10,90,14,1,15,105
06/25/2004,AGS,GA,ASO,ES,Towers with Radar,17,10,28,6,61,7,0,17,6,30,24,10,45,12,91,15,16,31,122
06/26/2004,AGS,GA,ASO,ES,Towers with Radar,13,16,23,2,54,0,0,10,0,10,13,16,33,2,64,19,0,19,83
06/27/2004,AGS,GA,ASO,ES,Towers with Radar,15,18,25,0,58,9,0,1,0,10,24,18,26,0,68,29,0,29,97
06/28/2004,AGS,GA,ASO,ES,Towers with Radar,8,22,30,7,67,0,13,17,7,37,8,35,47,14,104,22,9,31,135
06/29/2004,AGS,GA,ASO,ES,Towers with Radar,12,21,28,6,67,0,1,44,12,57,12,22,72,18,124,65,4,69,193
06/30/2004,AGS,GA,ASO,ES,Towers with Radar,17,12,31,7,67,8,0,15,2,25,25,12,46,9,92,2,8,10,102
07/01/2004,AGS,GA,ASO,ES,Towers with Radar,19,17,33,6,75,3,0,12,3,18,22,17,45,9,93,14,0,14,107
07/02/2004,AGS,GA,ASO,ES,Towers with Radar,19,18,34,0,71,0,0,5,0,5,19,18,39,0,76,5,0,5,81
07/03/2004,AGS,GA,ASO,ES,Towers with Radar,11,13,19,0,43,4,0,3,0,7,15,13,22,0,50,24,0,24,74
07/04/2004,AGS,GA,ASO,ES,Towers with Radar,6,10,6,0,22,9,2,0,0,11,15,12,6,0,33,0,0,0,33
07/05/2004,AGS,GA,ASO,ES,Towers with Radar,10,16,23,2,51,0,5,3,0,8,10,21,26,2,59,6,0,6,65
07/06/2004,AGS,GA,ASO,ES,Towers with Radar,10,19,27,2,58,0,4,41,0,45,10,23,68,2,103,58,0,58,161
07/07/2004,AGS,GA,ASO,ES,Towers with Radar,15,16,27,3,61,5,0,30,0,35,20,16,57,3,96,19,0,19,115
07/08/2004,AGS,GA,ASO,ES,Towers with Radar,15,15,29,6,65,0,0,31,7,38,15,15,60,13,103,20,4,24,127
07/09/2004,AGS,GA,ASO,ES,Towers with Radar,16,13,29,4,62,6,0,8,0,14,22,13,37,4,76,18,7,25,101
07/10/2004,AGS,GA,ASO,ES,Towers with Radar,13,14,25,3,55,7,0,12,0,19,20,14,37,3,74,13,4,17,91
07/11/2004,AGS,GA,ASO,ES,Towers with Radar,14,15,24,0,53,3,2,10,0,15,17,17,34,0,68,27,0,27,95
07/12/2004,AGS,GA,ASO,ES,Towers with Radar,17,20,31,5,73,0,4,14,17,35,17,24,45,22,108,3,18,21,129
07/13/2004,AGS,GA,ASO,ES,Towers with Radar,12,17,27,4,60,0,1,25,9,35,12,18,52,13,95,22,13,35,130
07/14/2004,AGS,GA,ASO,ES,Towers with Radar,16,17,29,1,63,5,0,27,0,32,21,17,56,1,95,18,0,18,113
07/15/2004,AGS,GA,ASO,ES,Towers with Radar,18,19,30,5,72,6,2,35,3,46,24,21,65,8,118,30,0,30,148
07/16/2004,AGS,GA,ASO,ES,Towers with Radar,18,13,32,5,68,5,0,21,1,27,23,13,53,6,95,41,1,42,137
07/17/2004,AGS,GA,ASO,ES,Towers with Radar,8,13,20,2,43,0,6,4,0,10,8,19,24,2,53,30,0,30,83
07/18/2004,AGS,GA,ASO,ES,Towers with Radar,13,15,24,0,52,0,0,12,0,12,13,15,36,0,64,60,0,60,124
07/19/2004,AGS,GA,ASO,ES,Towers with Radar,11,21,32,5,69,0,2,16,8,26,11,23,48,13,95,12,13,25,120
07/20/2004,AGS,GA,ASO,ES,Towers with Radar,11,19,31,5,66,0,0,0,0,0,11,19,31,5,66,28,2,30,96
07/21/2004,AGS,GA,ASO,ES,Towers with Radar,19,17,36,6,78,0,0,18,9,27,19,17,54,15,105,21,2,23,128
07/22/2004,AGS,GA,ASO,ES,Towers with Radar,19,15,33,5,72,0,0,29,2,31,19,15,62,7,103,24,0,24,127
07/23/2004,AGS,GA,ASO,ES,Towers with Radar,14,21,30,5,70,0,8,2,2,12,14,29,32,7,82,12,2,14,96
07/24/2004,AGS,GA,ASO,ES,Towers with Radar,8,15,21,0,44,0,6,8,0,14,8,21,29,0,58,11,0,11,69
07/25/2004,AGS,GA,ASO,ES,Towers with Radar,12,15,9,0,36,0,6,0,0,6,12,21,9,0,42,0,0,0,42
07/26/2004,AGS,GA,ASO,ES,Towers with Radar,11,17,19,4,51,0,4,0,9,13,11,21,19,13,64,0,11,11,75
07/27/2004,AGS,GA,ASO,ES,Towers with Radar,8,17,25,4,54,0,7,17,6,30,8,24,42,10,84,0,21,21,105
07/28/2004,AGS,GA,ASO,ES,Towers with Radar,16,17,28,5,66,6,0,19,2,27,22,17,47,7,93,48,0,48,141
07/29/2004,AGS,GA,ASO,ES,Towers with Radar,16,19,27,4,66,1,1,8,2,12,17,20,35,6,78,1,0,1,79
07/30/2004,AGS,GA,ASO,ES,Towers with Radar,17,15,29,5,66,3,0,11,9,23,20,15,40,14,89,18,30,48,137
07/31/2004,AGS,GA,ASO,ES,Towers with Radar,9,17,29,2,57,0,0,24,0,24,9,17,53,2,81,9,12,21,102
08/01/2004,AGS,GA,ASO,ES,Towers with Radar,9,17,25,0,51,1,0,19,0,20,10,17,44,0,71,61,0,61,132
08/02/2004,AGS,GA,ASO,ES,Towers with Radar,7,25,29,5,66,0,3,1,9,13,7,28,30,14,79,13,0,13,92
08/03/2004,AGS,GA,ASO,ES,Towers with Radar,6,25,31,6,68,0,0,31,7,38,6,25,62,13,106,46,6,52,158
08/04/2004,AGS,GA,ASO,ES,Towers with Radar,10,15,25,3,53,13,0,16,0,29,23,15,41,3,82,63,3,66,148
08/05/2004,AGS,GA,ASO,ES,Towers with Radar,13,19,32,6,70,3,0,32,3,38,16,19,64,9,108,0,8,8,116
08/06/2004,AGS,GA,ASO,ES,Towers with Radar,14,7,35,6,62,10,0,17,0,27,24,7,52,6,89,18,0,18,107
08/07/2004,AGS,GA,ASO,ES,Towers with Radar,7,13,20,0,40,12,0,26,0,38,19,13,46,0,78,18,0,18,96
08/08/2004,AGS,GA,ASO,ES,Towers with Radar,6,19,24,0,49,0,6,7,0,13,6,25,31,0,62,12,0,12,74
08/09/2004,AGS,GA,ASO,ES,Towers with Radar,10,18,23,4,55,0,6,15,0,21,10,24,38,4,76,18,0,18,94
08/10/2004,AGS,GA,ASO,ES,Towers with Radar,6,26,33,6,71,0,2,12,5,19,6,28,45,11,90,37,15,52,142
08/11/2004,AGS,GA,ASO,ES,Towers with Radar,7,23,34,6,70,0,0,21,17,38,7,23,55,23,108,18,42,60,168
08/12/2004,AGS,GA,ASO,ES,Towers with Radar,7,14,9,3,33,0,15,0,0,15,7,29,9,3,48,0,0,0,48
08/13/2004,AGS,GA,ASO,ES,Towers with Radar,9,19,18,4,50,0,14,0,1,15,9,33,18,5,65,3,2,5,70
08/14/2004,AGS,GA,ASO,ES,Towers with Radar,5,9,13,0,27,1,10,2,0,13,6,19,15,0,40,24,0,24,64
08/15/2004,AGS,GA,ASO,ES,Towers with Radar,3,17,19,2,41,0,12,0,0,12,3,29,19,2,53,8,0,8,61
08/16/2004,AGS,GA,ASO,ES,Towers with Radar,9,21,27,4,61,0,9,9,0,18,9,30,36,4,79,16,2,18,97
08/17/2004,AGS,GA,ASO,ES,Towers with Radar,7,24,30,0,61,0,10,24,0,34,7,34,54,0,95,23,0,23,118
08/18/2004,AGS,GA,ASO,ES,Towers with Radar,9,23,29,5,66,0,4,14,1,19,9,27,43,6,85,27,0,27,112
08/19/2004,AGS,GA,ASO,ES,Towers with Radar,11,19,28,4,62,6,0,15,0,21,17,19,43,4,83,34,0,34,117
08/20/2004,AGS,GA,ASO,ES,Towers with Radar,15,20,35,3,73,4,0,4,0,8,19,20,39,3,81,9,0,9,90
08/21/2004,AGS,GA,ASO,ES,Towers with Radar,9,18,23,0,50,2,1,26,0,29,11,19,49,0,79,27,0,27,106
08/22/2004,AGS,GA,ASO,ES,Towers with Radar,12,22,25,0,59,3,0,0,0,3,15,22,25,0,62,10,0,10,72
08/23/2004,AGS,GA,ASO,ES,Towers with Radar,7,23,30,4,64,0,9,23,3,35,7,32,53,7,99,4,16,20,119
08/24/2004,AGS,GA,ASO,ES,Towers with Radar,6,21,27,2,56,0,9,5,0,14,6,30,32,2,70,38,0,38,108
08/25/2004,AGS,GA,ASO,ES,Towers with Radar,16,21,39,6,82,0,0,38,12,50,16,21,77,18,132,0,54,54,186
08/26/2004,AGS,GA,ASO,ES,Towers with Radar,13,24,35,1,73,0,0,32,0,32,13,24,67,1,105,35,1,36,141
08/27/2004,AGS,GA,ASO,ES,Towers with Radar,13,22,39,6,80,0,0,45,1,46,13,22,84,7,126,8,2,10,136
08/28/2004,AGS,GA,ASO,ES,Towers with Radar,10,11,22,2,45,7,0,9,0,16,17,11,31,2,61,11,0,11,72
08/29/2004,AGS,GA,ASO,ES,Towers with Radar,12,14,28,2,56,9,0,14,0,23,21,14,42,2,79,27,6,33,112
08/30/2004,AGS,GA,ASO,ES,Towers with Radar,10,24,29,4,67,0,0,15,6,21,10,24,44,10,88,3,0,3,91
08/31/2004,AGS,GA,ASO,ES,Towers with Radar,8,24,29,4,65,0,2,14,10,26,8,26,43,14,91,0,0,0,91
09/01/2004,AGS,GA,ASO,ES,Towers with Radar,19,22,36,6,83,0,0,37,2,39,19,22,73,8,122,6,0,6,128
09/02/2004,AGS,GA,ASO,ES,Towers with Radar,16,20,31,6,73,0,0,3,2,5,16,20,34,8,78,8,0,8,86
09/03/2004,AGS,GA,ASO,ES,Towers with Radar,17,10,28,2,57,7,0,47,0,54,24,10,75,2,111,13,12,25,136
09/04/2004,AGS,GA,ASO,ES,Towers with Radar,9,13,15,0,37,0,5,6,0,11,9,18,21,0,48,10,0,10,58
09/05/2004,AGS,GA,ASO,ES,Towers with Radar,7,11,5,0,23,6,3,0,0,9,13,14,5,0,32,0,0,0,32
09/06/2004,AGS,GA,ASO,ES,Towers with Radar,7,10,10,2,29,8,8,0,2,18,15,18,10,4,47,0,0,0,47
09/07/2004,AGS,GA,ASO,ES,Towers with Radar,6,10,11,0,27,3,12,2,0,17,9,22,13,0,44,0,0,0,44
09/08/2004,AGS,GA,ASO,ES,Towers with Radar,14,17,23,4,58,2,0,17,3,22,16,17,40,7,80,1,2,3,83
09/09/2004,AGS,GA,ASO,ES,Towers with Radar,19,18,31,5,73,0,0,27,5,32,19,18,58,10,105,69,6,75,180
09/10/2004,AGS,GA,ASO,ES,Towers with Radar,13,18,30,5,66,0,0,26,11,37,13,18,56,16,103,3,1,4,107
09/11/2004,AGS,GA,ASO,ES,Towers with Radar,15,16,29,2,62,0,0,15,0,15,15,16,44,2,77,18,0,18,95
09/12/2004,AGS,GA,ASO,ES,Towers with Radar,14,10,24,2,50,6,0,8,0,14,20,10,32,2,64,32,0,32,96
09/13/2004,AGS,GA,ASO,ES,Towers with Radar,15,20,26,4,65,0,3,13,3,19,15,23,39,7,84,4,0,4,88
09/14/2004,AGS,GA,ASO,ES,Towers with Radar,9,21,27,5,62,0,8,16,3,27,9,29,43,8,89,38,4,42,131
09/15/2004,AGS,GA,ASO,ES,Towers with Radar,19,22,33,5,79,1,0,1,0,2,20,22,34,5,81,2,0,2,83
09/16/2004,AGS,GA,ASO,ES,Towers with Radar,15,20,25,1,61,17,17,12,0,46,32,37,37,1,107,6,0,6,113
09/17/2004,AGS,GA,ASO,ES,Towers with Radar,10,13,11,2,36,10,4,0,4,18,20,17,11,6,54,0,0,0,54
09/18/2004,AGS,GA,ASO,ES,Towers with Radar,9,10,15,0,34,4,0,13,0,17,13,10,28,0,51,25,1,26,77
09/19/2004,AGS,GA,ASO,ES,Towers with Radar,11,13,18,2,44,4,0,10,2,16,15,13,28,4,60,6,0,6,66
09/20/2004,AGS,GA,ASO,ES,Towers with Radar,10,18,24,3,55,0,7,5,3,15,10,25,29,6,70,17,0,17,87
09/21/2004,AGS,GA,ASO,ES,Towers with Radar,9,21,26,4,60,0,5,23,11,39,9,26,49,15,99,8,2,10,109
09/22/2004,AGS,GA,ASO,ES,Towers with Radar,19,21,35,5,80,0,0,42,6,48,19,21,77,11,128,13,4,17,145
09/23/2004,AGS,GA,ASO,ES,Towers with Radar,12,26,37,5,80,0,0,45,5,50,12,26,82,10,130,32,0,32,162
09/24/2004,AGS,GA,ASO,ES,Towers with Radar,11,25,36,4,76,0,0,15,0,15,11,25,51,4,91,0,0,0,91
09/25/2004,AGS,GA,ASO,ES,Towers with Radar,10,20,24,0,54,0,0,21,0,21,10,20,45,0,75,28,0,28,103
09/26/2004,AGS,GA,ASO,ES,Towers with Radar,11,14,7,0,32,5,0,0,0,5,16,14,7,0,37,0,0,0,37
09/27/2004,AGS,GA,ASO,ES,Towers with Radar,5,9,5,0,19,8,10,0,0,18,13,19,5,0,37,0,0,0,37
09/28/2004,AGS,GA,ASO,ES,Towers with Radar,5,18,21,3,47,0,15,3,0,18,5,33,24,3,65,0,3,3,68
09/29/2004,AGS,GA,ASO,ES,Towers with Radar,9,25,34,5,73,0,0,21,10,31,9,25,55,15,104,6,2,8,112
09/30/2004,AGS,GA,ASO,ES,Towers with Radar,14,19,31,3,67,0,0,27,0,27,14,19,58,3,94,24,0,24,118
10/01/2004,AGS,GA,ASO,ES,Towers with Radar,11,26,18,4,59,0,0,0,0,0,11,26,18,4,59,14,0,14,73
10/02/2004,AGS,GA,ASO,ES,Towers with Radar,9,20,13,0,42,0,0,0,0,0,9,20,13,0,42,10,0,10,52
10/03/2004,AGS,GA,ASO,ES,Towers with Radar,13,19,27,0,59,0,0,0,0,0,13,19,27,0,59,9,0,9,68
10/04/2004,AGS,GA,ASO,ES,Towers with Radar,7,25,30,2,64,0,0,0,0,0,7,25,30,2,64,2,0,2,66
10/05/2004,AGS,GA,ASO,ES,Towers with Radar,7,30,30,5,72,0,0,15,4,19,7,30,45,9,91,10,2,12,103
10/06/2004,AGS,GA,ASO,ES,Towers with Radar,10,26,33,9,78,0,1,8,4,13,10,27,41,13,91,3,1,4,95
10/07/2004,AGS,GA,ASO,ES,Towers with Radar,10,24,16,7,57,0,0,17,1,18,10,24,33,8,75,0,0,0,75
10/08/2004,AGS,GA,ASO,ES,Towers with Radar,10,27,31,5,73,0,0,0,0,0,10,27,31,5,73,15,0,15,88
10/09/2004,AGS,GA,ASO,ES,Towers with Radar,8,18,16,0,42,0,0,17,0,17,8,18,33,0,59,11,0,11,70
10/10/2004,AGS,GA,ASO,ES,Towers with Radar,8,27,16,2,53,0,0,0,0,0,8,27,16,2,53,14,0,14,67
10/11/2004,AGS,GA,ASO,ES,Towers with Radar,10,24,26,0,60,0,0,0,0,0,10,24,26,0,60,24,0,24,84
10/12/2004,AGS,GA,ASO,ES,Towers with Radar,10,38,63,5,116,0,0,0,0,0,10,38,63,5,116,8,4,12,128
10/13/2004,AGS,GA,ASO,ES,Towers with Radar,19,24,46,3,92,0,0,0,0,0,19,24,46,3,92,18,0,18,110
10/14/2004,AGS,GA,ASO,ES,Towers with Radar,10,34,49,10,103,0,0,0,0,0,10,34,49,10,103,14,10,24,127
10/15/2004,AGS,GA,ASO,ES,Towers with Radar,10,38,40,6,94,0,0,0,0,0,10,38,40,6,94,12,0,12,106
10/16/2004,AGS,GA,ASO,ES,Towers with Radar,13,29,27,3,72,0,0,0,0,0,13,29,27,3,72,0,4,4,76
10/17/2004,AGS,GA,ASO,ES,Towers with Radar,12,27,22,0,61,0,0,0,0,0,12,27,22,0,61,0,0,0,61
10/18/2004,AGS,GA,ASO,ES,Towers with Radar,13,28,34,8,83,0,0,0,0,0,13,28,34,8,83,4,28,32,115
10/19/2004,AGS,GA,ASO,ES,Towers with Radar,4,31,50,2,87,0,0,0,0,0,4,31,50,2,87,27,0,27,114
10/20/2004,AGS,GA,ASO,ES,Towers with Radar,21,23,40,15,99,0,0,0,0,0,21,23,40,15,99,27,30,57,156
10/21/2004,AGS,GA,ASO,ES,Towers with Radar,16,27,44,14,101,0,0,0,0,0,16,27,44,14,101,4,0,4,105
10/22/2004,AGS,GA,ASO,ES,Towers with Radar,17,29,37,9,92,0,0,0,0,0,17,29,37,9,92,15,44,59,151
10/23/2004,AGS,GA,ASO,ES,Towers with Radar,15,12,16,4,47,0,0,0,0,0,15,12,16,4,47,22,0,22,69
10/24/2004,AGS,GA,ASO,ES,Towers with Radar,7,28,27,2,64,0,0,0,0,0,7,28,27,2,64,0,0,0,64
10/25/2004,AGS,GA,ASO,ES,Towers with Radar,6,35,43,5,89,0,0,0,0,0,6,35,43,5,89,7,0,7,96
10/26/2004,AGS,GA,ASO,ES,Towers with Radar,9,28,43,6,86,0,0,0,0,0,9,28,43,6,86,27,0,27,113
10/27/2004,AGS,GA,ASO,ES,Towers with Radar,11,34,62,2,109,0,0,0,0,0,11,34,62,2,109,8,2,10,119
10/28/2004,AGS,GA,ASO,ES,Towers with Radar,14,36,59,9,118,0,0,0,0,0,14,36,59,9,118,8,0,8,126
10/29/2004,AGS,GA,ASO,ES,Towers with Radar,17,18,54,12,101,0,0,0,0,0,17,18,54,12,101,4,0,4,105
10/30/2004,AGS,GA,ASO,ES,Towers with Radar,9,19,18,0,46,0,0,0,0,0,9,19,18,0,46,8,0,8,54
10/31/2004,AGS,GA,ASO,ES,Towers with Radar,11,18,30,7,66,0,0,0,0,0,11,18,30,7,66,2,2,4,70
11/01/2004,AGS,GA,ASO,ES,Combined TRACON& Tower with Radar,9,24,39,2,74,0,0,0,0,0,9,24,39,2,74,4,0,4,78
11/02/2004,AGS,GA,ASO,ES,Combined TRACON& Tower with Radar,9,23,43,4,79,0,0,0,0,0,9,23,43,4,79,15,2,17,96
11/03/2004,AGS,GA,ASO,ES,Combined TRACON& Tower with Radar,12,24,43,16,95,0,0,0,0,0,12,24,43,16,95,6,22,28,123
11/04/2004,AGS,GA,ASO,ES,Combined TRACON& Tower with Radar,15,22,41,5,83,0,0,4,0,4,15,22,45,5,87,6,0,6,93
11/05/2004,AGS,GA,ASO,ES,Combined TRACON& Tower with Radar,10,31,50,2,93,0,0,0,0,0,10,31,50,2,93,8,0,8,101
11/06/2004,AGS,GA,ASO,ES,Combined TRACON& Tower with Radar,10,12,27,0,49,0,0,0,0,0,10,12,27,0,49,18,0,18,67
11/07/2004,AGS,GA,ASO,ES,Combined TRACON& Tower with Radar,10,19,30,0,59,0,0,0,0,0,10,19,30,0,59,12,0,12,71
11/08/2004,AGS,GA,ASO,ES,Combined TRACON& Tower with Radar,13,17,43,3,76,0,0,0,0,0,13,17,43,3,76,22,0,22,98
11/09/2004,AGS,GA,ASO,ES,Combined TRACON& Tower with Radar,17,18,40,3,78,0,0,16,0,16,17,18,56,3,94,1,0,1,95
11/10/2004,AGS,GA,ASO,ES,Combined TRACON& Tower with Radar,16,16,46,0,78,0,0,0,0,0,16,16,46,0,78,5,0,5,83
11/11/2004,AGS,GA,ASO,ES,Combined TRACON& Tower with Radar,9,31,52,0,92,0,0,4,0,4,9,31,56,0,96,20,0,20,116
11/12/2004,AGS,GA,ASO,ES,Combined TRACON& Tower with Radar,11,31,51,0,93,0,0,0,0,0,11,31,51,0,93,2,0,2,95
11/13/2004,AGS,GA,ASO,ES,Combined TRACON& Tower with Radar,6,20,41,0,67,0,0,0,0,0,6,20,41,0,67,0,0,0,67
11/14/2004,AGS,GA,ASO,ES,Combined TRACON& Tower with Radar,13,27,40,0,80,0,0,0,0,0,13,27,40,0,80,2,0,2,82
11/15/2004,AGS,GA,ASO,ES,Combined TRACON& Tower with Radar,12,34,38,9,93,0,0,0,0,0,12,34,38,9,93,2,16,18,111
11/16/2004,AGS,GA,ASO,ES,Combined TRACON& Tower with Radar,13,36,50,4,103,0,0,11,0,11,13,36,61,4,114,2,6,8,122
11/17/2004,AGS,GA,ASO,ES,Combined TRACON& Tower with Radar,17,25,43,1,86,0,0,0,0,0,17,25,43,1,86,3,6,9,95
11/18/2004,AGS,GA,ASO,ES,Combined TRACON& Tower with Radar,14,25,37,5,81,0,0,0,0,0,14,25,37,5,81,6,8,14,95
11/19/2004,AGS,GA,ASO,ES,Combined TRACON& Tower with Radar,14,17,35,17,83,0,0,0,0,0,14,17,35,17,83,9,16,25,108
11/20/2004,AGS,GA,ASO,ES,Combined TRACON& Tower with Radar,17,14,13,0,44,0,0,0,0,0,17,14,13,0,44,30,0,30,74
11/21/2004,AGS,GA,ASO,ES,Combined TRACON& Tower with Radar,15,20,21,0,56,0,0,0,0,0,15,20,21,0,56,8,0,8,64
11/22/2004,AGS,GA,ASO,ES,Combined TRACON& Tower with Radar,8,30,42,6,86,0,0,0,0,0,8,30,42,6,86,6,1,7,93
11/23/2004,AGS,GA,ASO,ES,Combined TRACON& Tower with Radar,10,33,30,4,77,0,0,2,0,2,10,33,32,4,79,0,0,0,79
11/24/2004,AGS,GA,ASO,ES,Combined TRACON& Tower with Radar,14,23,64,0,101,0,0,0,0,0,14,23,64,0,101,0,0,0,101
11/25/2004,AGS,GA,ASO,ES,Combined TRACON& Tower with Radar,11,12,7,2,32,0,0,0,0,0,11,12,7,2,32,0,0,0,32
11/26/2004,AGS,GA,ASO,ES,Combined TRACON& Tower with Radar,16,18,17,0,51,0,0,0,0,0,16,18,17,0,51,18,0,18,69
11/27/2004,AGS,GA,ASO,ES,Combined TRACON& Tower with Radar,14,20,28,0,62,0,0,0,0,0,14,20,28,0,62,24,8,32,94
11/28/2004,AGS,GA,ASO,ES,Combined TRACON& Tower with Radar,12,28,26,6,72,0,0,0,0,0,12,28,26,6,72,2,0,2,74
11/29/2004,AGS,GA,ASO,ES,Combined TRACON& Tower with Radar,8,34,48,10,100,0,0,0,0,0,8,34,48,10,100,0,10,10,110
11/30/2004,AGS,GA,ASO,ES,Combined TRACON& Tower with Radar,12,26,58,5,101,0,0,14,5,19,12,26,72,10,120,2,18,20,140
12/01/2004,AGS,GA,ASO,ES,Combined TRACON& Tower with Radar,12,22,29,12,75,0,0,0,0,0,12,22,29,12,75,0,15,15,90
12/02/2004,AGS,GA,ASO,ES,Combined TRACON& Tower with Radar,16,25,33,14,88,0,0,28,10,38,16,25,61,24,126,4,6,10,136
12/03/2004,AGS,GA,ASO,ES,Combined TRACON& Tower with Radar,16,14,41,15,86,0,0,0,0,0,16,14,41,15,86,10,10,20,106
12/04/2004,AGS,GA,ASO,ES,Combined TRACON& Tower with Radar,3,28,17,0,48,0,0,0,0,0,3,28,17,0,48,28,2,30,78
12/05/2004,AGS,GA,ASO,ES,Combined TRACON& Tower with Radar,15,22,25,0,62,0,0,0,0,0,15,22,25,0,62,6,0,6,68
12/06/2004,AGS,GA,ASO,ES,Combined TRACON& Tower with Radar,8,29,26,9,72,0,0,0,0,0,8,29,26,9,72,7,0,7,79
12/07/2004,AGS,GA,ASO,ES,Combined TRACON& Tower with Radar,14,30,39,7,90,0,0,0,0,0,14,30,39,7,90,0,0,0,90
12/08/2004,AGS,GA,ASO,ES,Combined TRACON& Tower with Radar,17,19,58,9,103,0,0,0,0,0,17,19,58,9,103,34,0,34,137
12/09/2004,AGS,GA,ASO,ES,Combined TRACON& Tower with Radar,17,11,48,1,77,0,0,0,0,0,17,11,48,1,77,15,0,15,92
12/10/2004,AGS,GA,ASO,ES,Combined TRACON& Tower with Radar,23,16,49,14,102,0,0,0,0,0,23,16,49,14,102,6,6,12,114
12/11/2004,AGS,GA,ASO,ES,Combined TRACON& Tower with Radar,8,15,17,0,40,0,0,0,0,0,8,15,17,0,40,6,0,6,46
12/12/2004,AGS,GA,ASO,ES,Combined TRACON& Tower with Radar,12,16,29,2,59,0,0,0,0,0,12,16,29,2,59,32,0,32,91
12/13/2004,AGS,GA,ASO,ES,Combined TRACON& Tower with Radar,8,22,25,16,71,0,0,0,0,0,8,22,25,16,71,4,14,18,89
12/14/2004,AGS,GA,ASO,ES,Combined TRACON& Tower with Radar,17,21,34,12,84,0,0,36,4,40,17,21,70,16,124,24,12,36,160
12/15/2004,AGS,GA,ASO,ES,Combined TRACON& Tower with Radar,18,13,34,11,76,0,0,0,0,0,18,13,34,11,76,8,9,17,93
12/16/2004,AGS,GA,ASO,ES,Combined TRACON& Tower with Radar,13,21,47,4,85,0,0,25,7,32,13,21,72,11,117,23,0,23,140
12/17/2004,AGS,GA,ASO,ES,Combined TRACON& Tower with Radar,16,24,31,9,80,0,0,0,0,0,16,24,31,9,80,22,13,35,115
12/18/2004,AGS,GA,ASO,ES,Combined TRACON& Tower with Radar,8,14,1,5,28,0,0,0,0,0,8,14,1,5,28,12,0,12,40
12/19/2004,AGS,GA,ASO,ES,Combined TRACON& Tower with Radar,11,12,19,4,46,0,0,0,0,0,11,12,19,4,46,116,0,116,162
12/20/2004,AGS,GA,ASO,ES,Combined TRACON& Tower with Radar,12,18,18,4,52,0,0,0,10,10,12,18,18,14,62,14,0,14,76
12/21/2004,AGS,GA,ASO,ES,Combined TRACON& Tower with Radar,14,17,19,13,63,0,0,0,0,0,14,17,19,13,63,37,20,57,120
12/22/2004,AGS,GA,ASO,ES,Combined TRACON& Tower with Radar,13,16,10,2,41,0,0,0,0,0,13,16,10,2,41,14,14,28,69
12/23/2004,AGS,GA,ASO,ES,Combined TRACON& Tower with Radar,8,25,15,2,50,0,0,0,0,0,8,25,15,2,50,0,0,0,50
12/24/2004,AGS,GA,ASO,ES,Combined TRACON& Tower with Radar,14,10,2,0,26,0,0,0,0,0,14,10,2,0,26,0,0,0,26
12/25/2004,AGS,GA,ASO,ES,Combined TRACON& Tower with Radar,5,16,8,0,29,0,0,0,0,0,5,16,8,0,29,0,0,0,29
12/26/2004,AGS,GA,ASO,ES,Combined TRACON& Tower with Radar,6,11,8,0,25,0,0,0,0,0,6,11,8,0,25,0,0,0,25
12/27/2004,AGS,GA,ASO,ES,Combined TRACON& Tower with Radar,9,23,30,4,66,0,0,0,0,0,9,23,30,4,66,14,4,18,84
12/28/2004,AGS,GA,ASO,ES,Combined TRACON& Tower with Radar,9,18,19,5,51,0,0,9,0,9,9,18,28,5,60,8,2,10,70
12/29/2004,AGS,GA,ASO,ES,Combined TRACON& Tower with Radar,12,14,12,2,40,0,0,0,0,0,12,14,12,2,40,15,0,15,55
12/30/2004,AGS,GA,ASO,ES,Combined TRACON& Tower with Radar,21,10,18,4,53,0,0,0,0,0,21,10,18,4,53,19,0,19,72
12/31/2004,AGS,GA,ASO,ES,Combined TRACON& Tower with Radar,16,16,14,2,48,0,0,0,0,0,16,16,14,2,48,0,0,0,48
01/01/2005,AGS,GA,ASO,ES,Combined TRACON& Tower with Radar,12,9,18,0,39,0,0,0,0,0,12,9,18,0,39,10,0,10,49
01/02/2005,AGS,GA,ASO,ES,Combined TRACON& Tower with Radar,9,18,45,0,72,0,0,0,0,0,9,18,45,0,72,30,0,30,102
01/03/2005,AGS,GA,ASO,ES,Combined TRACON& Tower with Radar,12,17,25,5,59,0,0,0,0,0,12,17,25,5,59,7,0,7,66
01/04/2005,AGS,GA,ASO,ES,Combined TRACON& Tower with Radar,14,17,24,5,60,0,0,0,0,0,14,17,24,5,60,34,0,34,94
01/05/2005,AGS,GA,ASO,ES,Combined TRACON& Tower with Radar,19,9,34,15,77,0,0,0,0,0,19,9,34,15,77,12,20,32,109
01/06/2005,AGS,GA,ASO,ES,Combined TRACON& Tower with Radar,13,19,38,10,80,0,0,0,0,0,13,19,38,10,80,6,12,18,98
01/07/2005,AGS,GA,ASO,ES,Combined TRACON& Tower with Radar,11,15,17,8,51,0,0,0,0,0,11,15,17,8,51,15,0,15,66
01/08/2005,AGS,GA,ASO,ES,Combined TRACON& Tower with Radar,8,13,17,4,42,0,0,1,0,1,8,13,18,4,43,2,2,4,47
01/09/2005,AGS,GA,ASO,ES,Combined TRACON& Tower with Radar,10,17,14,0,41,0,0,13,1,14,10,17,27,1,55,10,0,10,65
01/10/2005,AGS,GA,ASO,ES,Combined TRACON& Tower with Radar,11,18,27,6,62,0,0,1,0,1,11,18,28,6,63,13,19,32,95
01/11/2005,AGS,GA,ASO,ES,Combined TRACON& Tower with Radar,13,16,35,3,67,0,0,0,0,0,13,16,35,3,67,10,0,10,77
01/12/2005,AGS,GA,ASO,ES,Combined TRACON& Tower with Radar,10,14,19,5,48,0,0,0,0,0,10,14,19,5,48,6,0,6,54
01/13/2005,AGS,GA,ASO,ES,Combined TRACON& Tower with Radar,13,18,12,14,57,0,0,9,0,9,13,18,21,14,66,7,7,14,80
01/14/2005,AGS,GA,ASO,ES,Combined TRACON& Tower with Radar,16,14,35,6,71,0,0,0,0,0,16,14,35,6,71,8,8,16,87
01/15/2005,AGS,GA,ASO,ES,Combined TRACON& Tower with Radar,6,16,16,0,38,0,0,4,1,5,6,16,20,1,43,0,0,0,43
01/16/2005,AGS,GA,ASO,ES,Combined TRACON& Tower with Radar,10,17,23,0,50,0,0,0,0,0,10,17,23,0,50,7,0,7,57
01/17/2005,AGS,GA,ASO,ES,Combined TRACON& Tower with Radar,8,25,50,3,86,0,0,0,0,0,8,25,50,3,86,7,15,22,108
01/18/2005,AGS,GA,ASO,ES,Combined TRACON& Tower with Radar,9,8,27,3,47,0,0,0,0,0,9,8,27,3,47,2,0,2,49
01/19/2005,AGS,GA,ASO,ES,Combined TRACON& Tower with Radar,19,17,47,4,87,0,0,0,0,0,19,17,47,4,87,13,10,23,110
01/20/2005,AGS,GA,ASO,ES,Combined TRACON& Tower with Radar,20,21,28,5,74,0,0,0,0,0,20,21,28,5,74,17,0,17,91
01/21/2005,AGS,GA,ASO,ES,Combined TRACON& Tower with Radar,17,14,28,10,69,0,0,0,0,0,17,14,28,10,69,12,16,28,97
01/22/2005,AGS,GA,ASO,ES,Combined TRACON& Tower with Radar,6,15,25,0,46,0,0,0,0,0,6,15,25,0,46,2,0,2,48
01/23/2005,AGS,GA,ASO,ES,Combined TRACON& Tower with Radar,10,16,12,0,38,0,1,5,0,6,10,17,17,0,44,0,0,0,44
01/24/2005,AGS,GA,ASO,ES,Combined TRACON& Tower with Radar,12,21,35,3,71,0,0,0,0,0,12,21,35,3,71,16,2,18,89
01/25/2005,AGS,GA,ASO,ES,Combined TRACON& Tower with Radar,1,31,28,8,68,0,0,0,0,0,1,31,28,8,68,13,11,24,92
01/26/2005,AGS,GA,ASO,ES,Combined TRACON& Tower with Radar,7,24,33,10,74,0,0,0,0,0,7,24,33,10,74,0,15,15,89
01/27/2005,AGS,GA,ASO,ES,Combined TRACON& Tower with Radar,7,22,27,3,59,0,0,0,0,0,7,22,27,3,59,0,8,8,67
01/28/2005,AGS,GA,ASO,ES,Combined TRACON& Tower with Radar,8,21,35,4,68,0,0,0,0,0,8,21,35,4,68,4,0,4,72
01/29/2005,AGS,GA,ASO,ES,Combined TRACON& Tower with Radar,0,1,8,0,9,0,0,0,0,0,0,1,8,0,9,0,0,0,9
01/30/2005,AGS,GA,ASO,ES,Combined TRACON& Tower with Radar,6,9,37,4,56,0,0,2,0,2,6,9,39,4,58,0,0,0,58
01/31/2005,AGS,GA,ASO,ES,Combined TRACON& Tower with Radar,8,21,29,10,68,0,0,0,0,0,8,21,29,10,68,12,30,42,110
02/01/2005,AGS,GA,ASO,ES,Combined TRACON& Tower with Radar,19,18,29,5,71,0,0,0,0,0,19,18,29,5,71,42,2,44,115
02/02/2005,AGS,GA,ASO,ES,Combined TRACON& Tower with Radar,18,21,25,8,72,0,0,0,0,0,18,21,25,8,72,0,24,24,96
02/03/2005,AGS,GA,ASO,ES,Combined TRACON& Tower with Radar,16,12,23,12,63,0,0,0,0,0,16,12,23,12,63,0,0,0,63
02/04/2005,AGS,GA,ASO,ES,Combined TRACON& Tower with Radar,17,21,31,8,77,0,0,0,0,0,17,21,31,8,77,12,0,12,89
02/05/2005,AGS,GA,ASO,ES,Combined TRACON& Tower with Radar,9,22,8,2,41,0,3,35,0,38,9,25,43,2,79,41,0,41,120
02/06/2005,AGS,GA,ASO,ES,Combined TRACON& Tower with Radar,12,19,17,4,52,0,0,7,0,7,12,19,24,4,59,4,0,4,63
02/07/2005,AGS,GA,ASO,ES,Combined TRACON& Tower with Radar,12,29,28,3,72,0,0,0,0,0,12,29,28,3,72,6,4,10,82
02/08/2005,AGS,GA,ASO,ES,Combined TRACON& Tower with Radar,7,31,42,4,84,0,0,0,0,0,7,31,42,4,84,22,1,23,107
02/09/2005,AGS,GA,ASO,ES,Combined TRACON& Tower with Radar,7,24,29,7,67,0,0,0,0,0,7,24,29,7,67,0,0,0,67
02/10/2005,AGS,GA,ASO,ES,Combined TRACON& Tower with Radar,10,28,32,6,76,0,0,0,0,0,10,28,32,6,76,4,0,4,80
02/11/2005,AGS,GA,ASO,ES,Combined TRACON& Tower with Radar,7,27,43,4,81,0,0,0,0,0,7,27,43,4,81,10,2,12,93
02/12/2005,AGS,GA,ASO,ES,Combined TRACON& Tower with Radar,10,17,17,0,44,0,0,26,2,28,10,17,43,2,72,19,0,19,91
02/13/2005,AGS,GA,ASO,ES,Combined TRACON& Tower with Radar,13,17,27,4,61,0,0,9,0,9,13,17,36,4,70,40,0,40,110
02/14/2005,AGS,GA,ASO,ES,Combined TRACON& Tower with Radar,9,20,28,10,67,0,0,0,0,0,9,20,28,10,67,2,2,4,71
02/15/2005,AGS,GA,ASO,ES,Combined TRACON& Tower with Radar,11,17,43,8,79,0,0,0,0,0,11,17,43,8,79,20,2,22,101
02/16/2005,AGS,GA,ASO,ES,Combined TRACON& Tower with Radar,12,22,56,10,100,0,0,0,0,0,12,22,56,10,100,12,2,14,114
02/17/2005,AGS,GA,ASO,ES,Combined TRACON& Tower with Radar,6,32,35,0,73,0,0,0,0,0,6,32,35,0,73,13,4,17,90
02/18/2005,AGS,GA,ASO,ES,Combined TRACON& Tower with Radar,19,22,31,11,83,0,0,0,0,0,19,22,31,11,83,29,24,53,136
02/19/2005,AGS,GA,ASO,ES,Combined TRACON& Tower with Radar,15,11,27,1,54,0,0,16,0,16,15,11,43,1,70,12,0,12,82
02/20/2005,AGS,GA,ASO,ES,Combined TRACON& Tower with Radar,11,20,20,0,51,0,0,0,0,0,11,20,20,0,51,8,0,8,59
02/21/2005,AGS,GA,ASO,ES,Combined TRACON& Tower with Radar,8,18,32,1,59,0,0,0,0,0,8,18,32,1,59,2,0,2,61
02/22/2005,AGS,GA,ASO,ES,Combined TRACON& Tower with Radar,19,24,37,20,100,0,0,0,0,0,19,24,37,20,100,12,20,32,132
02/23/2005,AGS,GA,ASO,ES,Combined TRACON& Tower with Radar,17,31,37,10,95,0,0,0,0,0,17,31,37,10,95,56,10,66,161
02/24/2005,AGS,GA,ASO,ES,Combined TRACON& Tower with Radar,17,23,29,3,72,0,0,0,0,0,17,23,29,3,72,1,0,1,73
02/25/2005,AGS,GA,ASO,ES,Combined TRACON& Tower with Radar,8,31,45,3,87,0,0,0,0,0,8,31,45,3,87,24,3,27,114
02/26/2005,AGS,GA,ASO,ES,Combined TRACON& Tower with Radar,12,14,27,3,56,0,2,34,0,36,12,16,61,3,92,8,0,8,100
02/27/2005,AGS,GA,ASO,ES,Combined TRACON& Tower with Radar,13,25,19,0,57,0,0,1,0,1,13,25,20,0,58,2,0,2,60
02/28/2005,AGS,GA,ASO,ES,Combined TRACON& Tower with Radar,7,23,34,3,67,0,0,0,0,0,7,23,34,3,67,0,0,0,67
03/01/2005,AGS,GA,ASO,ES,Combined TRACON& Tower with Radar,10,27,29,4,70,0,0,0,0,0,10,27,29,4,70,0,0,0,70
03/02/2005,AGS,GA,ASO,ES,Combined TRACON& Tower with Radar,7,32,34,9,82,0,0,0,0,0,7,32,34,9,82,16,6,22,104
03/03/2005,AGS,GA,ASO,ES,Combined TRACON& Tower with Radar,19,21,48,2,90,0,0,0,0,0,19,21,48,2,90,8,0,8,98
03/04/2005,AGS,GA,ASO,ES,Combined TRACON& Tower with Radar,14,15,39,3,71,0,0,0,0,0,14,15,39,3,71,8,4,12,83
03/05/2005,AGS,GA,ASO,ES,Combined TRACON& Tower with Radar,12,14,15,9,50,0,0,12,0,12,12,14,27,9,62,0,0,0,62
03/06/2005,AGS,GA,ASO,ES,Combined TRACON& Tower with Radar,13,24,29,1,67,0,0,0,0,0,13,24,29,1,67,8,0,8,75
03/07/2005,AGS,GA,ASO,ES,Combined TRACON& Tower with Radar,11,21,40,5,77,0,0,14,7,21,11,21,54,12,98,11,18,29,127
03/08/2005,AGS,GA,ASO,ES,Combined TRACON& Tower with Radar,11,26,41,5,83,0,0,0,0,0,11,26,41,5,83,16,2,18,101
03/09/2005,AGS,GA,ASO,ES,Combined TRACON& Tower with Radar,16,33,51,17,117,0,0,0,0,0,16,33,51,17,117,8,30,38,155
03/10/2005,AGS,GA,ASO,ES,Combined TRACON& Tower with Radar,13,24,38,14,89,0,0,0,0,0,13,24,38,14,89,9,23,32,121
03/11/2005,AGS,GA,ASO,ES,Combined TRACON& Tower with Radar,17,24,46,3,90,0,0,0,0,0,17,24,46,3,90,2,2,4,94
03/12/2005,AGS,GA,ASO,ES,Combined TRACON& Tower with Radar,14,11,11,3,39,0,0,1,1,2,14,11,12,4,41,2,0,2,43
03/13/2005,AGS,GA,ASO,ES,Combined TRACON& Tower with Radar,9,27,40,0,76,0,0,10,0,10,9,27,50,0,86,0,0,0,86
03/14/2005,AGS,GA,ASO,ES,Combined TRACON& Tower with Radar,14,23,39,6,82,0,0,0,0,0,14,23,39,6,82,6,3,9,91
03/15/2005,AGS,GA,ASO,ES,Combined TRACON& Tower with Radar,18,25,44,12,99,0,0,0,0,0,18,25,44,12,99,14,8,22,121
03/16/2005,AGS,GA,ASO,ES,Combined TRACON& Tower with Radar,7,27,61,9,104,0,0,0,0,0,7,27,61,9,104,0,2,2,106
03/17/2005,AGS,GA,ASO,ES,Combined TRACON& Tower with Radar,13,40,64,7,124,0,0,0,0,0,13,40,64,7,124,2,0,2,126
03/18/2005,AGS,GA,ASO,ES,Combined TRACON& Tower with Radar,15,26,31,4,76,0,0,0,0,0,15,26,31,4,76,2,0,2,78
03/19/2005,AGS,GA,ASO,ES,Combined TRACON& Tower with Radar,10,16,51,2,79,0,0,19,0,19,10,16,70,2,98,13,0,13,111
03/20/2005,AGS,GA,ASO,ES,Combined TRACON& Tower with Radar,13,31,42,0,86,0,0,37,0,37,13,31,79,0,123,11,0,11,134
03/21/2005,AGS,GA,ASO,ES,Combined TRACON& Tower with Radar,11,33,32,13,89,0,0,0,0,0,11,33,32,13,89,22,25,47,136
03/22/2005,AGS,GA,ASO,ES,Combined TRACON& Tower with Radar,7,37,54,3,101,0,0,0,0,0,7,37,54,3,101,4,0,4,105
03/23/2005,AGS,GA,ASO,ES,Combined TRACON& Tower with Radar,21,24,60,9,114,0,0,0,0,0,21,24,60,9,114,0,3,3,117
03/24/2005,AGS,GA,ASO,ES,Combined TRACON& Tower with Radar,11,31,44,7,93,0,0,0,0,0,11,31,44,7,93,32,6,38,131
03/25/2005,AGS,GA,ASO,ES,Combined TRACON& Tower with Radar,17,21,51,5,94,0,0,0,0,0,17,21,51,5,94,35,7,42,136
03/26/2005,AGS,GA,ASO,ES,Combined TRACON& Tower with Radar,10,17,34,15,76,0,0,0,0,0,10,17,34,15,76,16,3,19,95
03/27/2005,AGS,GA,ASO,ES,Combined TRACON& Tower with Radar,9,14,14,2,39,0,0,0,0,0,9,14,14,2,39,0,0,0,39
03/28/2005,AGS,GA,ASO,ES,Combined TRACON& Tower with Radar,11,19,41,6,77,0,0,0,0,0,11,19,41,6,77,0,5,5,82
03/29/2005,AGS,GA,ASO,ES,Combined TRACON& Tower with Radar,14,21,46,4,85,0,0,0,0,0,14,21,46,4,85,11,2,13,98
03/30/2005,AGS,GA,ASO,ES,Combined TRACON& Tower with Radar,15,15,47,9,86,0,0,0,0,0,15,15,47,9,86,24,13,37,123
03/31/2005,AGS,GA,ASO,ES,Combined TRACON& Tower with Radar,12,26,43,4,85,0,0,0,0,0,12,26,43,4,85,4,0,4,89
04/01/2005,AGS,GA,ASO,ES,Combined TRACON& Tower with Radar,9,26,33,0,68,0,0,0,0,0,9,26,33,0,68,1,0,1,69
04/02/2005,AGS,GA,ASO,ES,Combined TRACON& Tower with Radar,11,16,34,6,67,0,0,4,0,4,11,16,38,6,71,0,0,0,71
04/03/2005,AGS,GA,ASO,ES,Combined TRACON& Tower with Radar,13,65,91,0,169,0,0,5,6,11,13,65,96,6,180,0,0,0,180
04/04/2005,AGS,GA,ASO,ES,Combined TRACON& Tower with Radar,14,85,136,2,237,0,0,0,0,0,14,85,136,2,237,4,0,4,241
04/05/2005,AGS,GA,ASO,ES,Combined TRACON& Tower with Radar,21,95,215,2,333,0,0,0,0,0,21,95,215,2,333,0,0,0,333
04/06/2005,AGS,GA,ASO,ES,Combined TRACON& Tower with Radar,21,107,304,0,432,0,0,0,0,0,21,107,304,0,432,0,0,0,432
04/07/2005,AGS,GA,ASO,ES,Combined TRACON& Tower with Radar,26,125,214,0,365,0,0,0,0,0,26,125,214,0,365,0,0,0,365
04/08/2005,AGS,GA,ASO,ES,Combined TRACON& Tower with Radar,30,121,316,0,467,0,0,0,0,0,30,121,316,0,467,0,0,0,467
04/09/2005,AGS,GA,ASO,ES,Combined TRACON& Tower with Radar,14,105,186,0,305,0,0,7,0,7,14,105,193,0,312,0,0,0,312
04/10/2005,AGS,GA,ASO,ES,Combined TRACON& Tower with Radar,16,150,263,0,429,0,0,14,0,14,16,150,277,0,443,0,0,0,443
04/11/2005,AGS,GA,ASO,ES,Combined TRACON& Tower with Radar,20,80,82,8,190,0,0,0,0,0,20,80,82,8,190,5,30,35,225
04/12/2005,AGS,GA,ASO,ES,Combined TRACON& Tower with Radar,13,18,37,0,68,0,0,0,0,0,13,18,37,0,68,14,0,14,82
04/13/2005,AGS,GA,ASO,ES,Combined TRACON& Tower with Radar,10,22,46,0,78,0,0,0,0,0,10,22,46,0,78,0,0,0,78
04/14/2005,AGS,GA,ASO,ES,Combined TRACON& Tower with Radar,13,19,46,1,79,0,0,0,0,0,13,19,46,1,79,6,0,6,85
04/15/2005,AGS,GA,ASO,ES,Combined TRACON& Tower with Radar,13,23,17,2,55,0,0,0,0,0,13,23,17,2,55,0,0,0,55
04/16/2005,AGS,GA,ASO,ES,Combined TRACON& Tower with Radar,11,14,20,1,46,0,0,25,0,25,11,14,45,1,71,8,0,8,79
04/17/2005,AGS,GA,ASO,ES,Combined TRACON& Tower with Radar,13,34,18,16,81,0,0,0,0,0,13,34,18,16,81,7,15,22,103
04/18/2005,AGS,GA,ASO,ES,Combined TRACON& Tower with Radar,9,27,47,2,85,0,0,0,0,0,9,27,47,2,85,2,0,2,87
04/19/2005,AGS,GA,ASO,ES,Combined TRACON& Tower with Radar,12,45,55,5,117,0,0,36,0,36,12,45,91,5,153,32,10,42,195
04/20/2005,AGS,GA,ASO,ES,Combined TRACON& Tower with Radar,17,27,66,8,118,0,0,0,0,0,17,27,66,8,118,36,1,37,155
04/21/2005,AGS,GA,ASO,ES,Combined TRACON& Tower with Radar,12,35,51,13,111,0,0,0,0,0,12,35,51,13,111,4,30,34,145
04/22/2005,AGS,GA,ASO,ES,Combined TRACON& Tower with Radar,14,37,46,6,103,0,0,0,0,0,14,37,46,6,103,4,3,7,110
04/23/2005,AGS,GA,ASO,ES,Combined TRACON& Tower with Radar,11,17,18,0,46,0,1,2,0,3,11,18,20,0,49,6,0,6,55
04/24/2005,AGS,GA,ASO,ES,Combined TRACON& Tower with Radar,16,35,21,1,73,0,2,1,1,4,16,37,22,2,77,0,0,0,77
04/25/2005,AGS,GA,ASO,ES,Combined TRACON& Tower with Radar,13,30,65,6,114,0,0,0,0,0,13,30,65,6,114,41,0,41,155
04/26/2005,AGS,GA,ASO,ES,Combined TRACON& Tower with Radar,16,31,42,3,92,0,0,0,0,0,16,31,42,3,92,6,1,7,99
04/27/2005,AGS,GA,ASO,ES,Combined TRACON& Tower with Radar,19,32,50,4,105,0,0,0,0,0,19,32,50,4,105,24,3,27,132
04/28/2005,AGS,GA,ASO,ES,Combined TRACON& Tower with Radar,16,33,60,5,114,0,0,0,0,0,16,33,60,5,114,0,0,0,114
04/29/2005,AGS,GA,ASO,ES,Combined TRACON& Tower with Radar,16,27,48,4,95,0,0,0,0,0,16,27,48,4,95,10,2,12,107
04/30/2005,AGS,GA,ASO,ES,Combined TRACON& Tower with Radar,9,13,14,2,38,0,0,1,0,1,9,13,15,2,39,6,0,6,45
05/01/2005,AGS,GA,ASO,ES,Combined TRACON& Tower with Radar,13,23,39,0,75,0,0,0,0,0,13,23,39,0,75,6,0,6,81
05/02/2005,AGS,GA,ASO,ES,Combined TRACON& Tower with Radar,13,26,42,4,85,0,0,0,0,0,13,26,42,4,85,26,6,32,117
05/03/2005,AGS,GA,ASO,ES,Combined TRACON& Tower with Radar,16,24,49,11,100,0,0,0,0,0,16,24,49,11,100,20,8,28,128
05/04/2005,AGS,GA,ASO,ES,Combined TRACON& Tower with Radar,14,20,37,2,73,0,0,0,0,0,14,20,37,2,73,11,1,12,85
05/05/2005,AGS,GA,ASO,ES,Combined TRACON& Tower with Radar,10,27,56,6,99,0,0,0,0,0,10,27,56,6,99,0,0,0,99
05/06/2005,AGS,GA,ASO,ES,Combined TRACON& Tower with Radar,13,16,27,8,64,0,0,0,0,0,13,16,27,8,64,2,1,3,67
05/07/2005,AGS,GA,ASO,ES,Combined TRACON& Tower with Radar,11,15,25,2,53,0,0,10,0,10,11,15,35,2,63,3,0,3,66
05/08/2005,AGS,GA,ASO,ES,Combined TRACON& Tower with Radar,11,20,25,0,56,0,0,20,0,20,11,20,45,0,76,8,0,8,84
05/09/2005,AGS,GA,ASO,ES,Combined TRACON& Tower with Radar,8,30,58,4,100,0,0,0,0,0,8,30,58,4,100,19,22,41,141
05/10/2005,AGS,GA,ASO,ES,Combined TRACON& Tower with Radar,14,32,51,10,107,0,0,0,0,0,14,32,51,10,107,19,22,41,148
05/11/2005,AGS,GA,ASO,ES,Combined TRACON& Tower with Radar,15,20,49,11,95,0,0,0,0,0,15,20,49,11,95,43,2,45,140
05/12/2005,AGS,GA,ASO,ES,Combined TRACON& Tower with Radar,18,32,68,13,131,0,0,0,0,0,18,32,68,13,131,11,2,13,144
05/13/2005,AGS,GA,ASO,ES,Combined TRACON& Tower with Radar,10,30,39,6,85,0,0,0,0,0,10,30,39,6,85,2,2,4,89
05/14/2005,AGS,GA,ASO,ES,Combined TRACON& Tower with Radar,11,16,31,1,59,0,0,11,0,11,11,16,42,1,70,3,0,3,73
05/15/2005,AGS,GA,ASO,ES,Combined TRACON& Tower with Radar,13,19,21,0,53,0,0,0,0,0,13,19,21,0,53,5,0,5,58
05/16/2005,AGS,GA,ASO,ES,Combined TRACON& Tower with Radar,12,22,42,4,80,0,0,0,0,0,12,22,42,4,80,26,0,26,106
05/17/2005,AGS,GA,ASO,ES,Combined TRACON& Tower with Radar,16,35,65,4,120,0,0,19,3,22,16,35,84,7,142,23,2,25,167
05/18/2005,AGS,GA,ASO,ES,Combined TRACON& Tower with Radar,14,32,47,0,93,0,0,0,0,0,14,32,47,0,93,0,0,0,93
05/19/2005,AGS,GA,ASO,ES,Combined TRACON& Tower with Radar,17,26,53,6,102,0,0,0,0,0,17,26,53,6,102,17,14,31,133
05/20/2005,AGS,GA,ASO,ES,Combined TRACON& Tower with Radar,15,22,27,0,64,0,0,0,0,0,15,22,27,0,64,0,0,0,64
05/21/2005,AGS,GA,ASO,ES,Combined TRACON& Tower with Radar,11,16,30,2,59,0,0,18,0,18,11,16,48,2,77,28,0,28,105
05/22/2005,AGS,GA,ASO,ES,Combined TRACON& Tower with Radar,15,18,26,2,61,0,0,13,0,13,15,18,39,2,74,20,0,20,94
05/23/2005,AGS,GA,ASO,ES,Combined TRACON& Tower with Radar,15,18,17,3,53,0,0,0,0,0,15,18,17,3,53,12,0,12,65
05/24/2005,AGS,GA,ASO,ES,Combined TRACON& Tower with Radar,14,22,41,2,79,0,0,0,0,0,14,22,41,2,79,15,0,15,94
05/25/2005,AGS,GA,ASO,ES,Combined TRACON& Tower with Radar,7,21,38,6,72,0,0,0,0,0,7,21,38,6,72,5,10,15,87
05/26/2005,AGS,GA,ASO,ES,Combined TRACON& Tower with Radar,15,18,27,7,67,0,0,0,0,0,15,18,27,7,67,11,1,12,79
05/27/2005,AGS,GA,ASO,ES,Combined TRACON& Tower with Radar,7,25,27,2,61,0,0,0,0,0,7,25,27,2,61,31,0,31,92
05/28/2005,AGS,GA,ASO,ES,Combined TRACON& Tower with Radar,11,10,14,2,37,0,2,3,0,5,11,12,17,2,42,2,0,2,44
05/29/2005,AGS,GA,ASO,ES,Combined TRACON& Tower with Radar,10,15,3,0,28,0,0,0,0,0,10,15,3,0,28,6,0,6,34
05/30/2005,AGS,GA,ASO,ES,Combined TRACON& Tower with Radar,13,15,6,0,34,0,0,0,0,0,13,15,6,0,34,0,0,0,34
05/31/2005,AGS,GA,ASO,ES,Combined TRACON& Tower with Radar,15,22,29,9,75,0,0,0,0,0,15,22,29,9,75,2,0,2,77
06/01/2005,AGS,GA,ASO,ES,Combined TRACON& Tower with Radar,12,25,33,7,77,0,0,0,0,0,12,25,33,7,77,0,0,0,77
06/02/2005,AGS,GA,ASO,ES,Combined TRACON& Tower with Radar,14,15,46,15,90,0,0,0,0,0,14,15,46,15,90,11,8,19,109
06/03/2005,AGS,GA,ASO,ES,Combined TRACON& Tower with Radar,12,16,13,0,41,0,0,0,0,0,12,16,13,0,41,2,0,2,43
06/04/2005,AGS,GA,ASO,ES,Combined TRACON& Tower with Radar,10,16,24,0,50,0,0,0,0,0,10,16,24,0,50,3,0,3,53
06/05/2005,AGS,GA,ASO,ES,Combined TRACON& Tower with Radar,11,13,26,0,50,0,0,10,0,10,11,13,36,0,60,25,0,25,85
06/06/2005,AGS,GA,ASO,ES,Combined TRACON& Tower with Radar,25,18,47,1,91,0,0,0,0,0,25,18,47,1,91,25,27,52,143
06/07/2005,AGS,GA,ASO,ES,Combined TRACON& Tower with Radar,12,11,28,4,55,0,0,0,0,0,12,11,28,4,55,2,2,4,59
06/08/2005,AGS,GA,ASO,ES,Combined TRACON& Tower with Radar,15,19,44,11,89,0,0,0,0,0,15,19,44,11,89,0,18,18,107
06/09/2005,AGS,GA,ASO,ES,Combined TRACON& Tower with Radar,16,21,26,3,66,0,0,0,0,0,16,21,26,3,66,16,2,18,84
06/10/2005,AGS,GA,ASO,ES,Combined TRACON& Tower with Radar,13,15,30,8,66,0,0,0,0,0,13,15,30,8,66,2,2,4,70
06/11/2005,AGS,GA,ASO,ES,Combined TRACON& Tower with Radar,14,9,9,5,37,0,0,0,0,0,14,9,9,5,37,0,0,0,37
06/12/2005,AGS,GA,ASO,ES,Combined TRACON& Tower with Radar,15,18,13,0,46,0,0,0,0,0,15,18,13,0,46,0,0,0,46
06/13/2005,AGS,GA,ASO,ES,Combined TRACON& Tower with Radar,9,23,26,4,62,0,0,0,0,0,9,23,26,4,62,2,2,4,66
06/14/2005,AGS,GA,ASO,ES,Combined TRACON& Tower with Radar,14,21,24,2,61,0,0,0,0,0,14,21,24,2,61,19,2,21,82
06/15/2005,AGS,GA,ASO,ES,Combined TRACON& Tower with Radar,12,19,23,2,56,0,0,0,0,0,12,19,23,2,56,7,5,12,68
06/16/2005,AGS,GA,ASO,ES,Combined TRACON& Tower with Radar,16,19,25,9,69,0,0,0,0,0,16,19,25,9,69,20,0,20,89
06/17/2005,AGS,GA,ASO,ES,Combined TRACON& Tower with Radar,12,18,19,10,59,0,0,0,0,0,12,18,19,10,59,9,0,9,68
06/18/2005,AGS,GA,ASO,ES,Combined TRACON& Tower with Radar,11,9,8,6,34,0,2,23,2,27,11,11,31,8,61,7,0,7,68
06/19/2005,AGS,GA,ASO,ES,Combined TRACON& Tower with Radar,14,17,11,6,48,0,0,16,9,25,14,17,27,15,73,0,0,0,73
06/20/2005,AGS,GA,ASO,ES,Combined TRACON& Tower with Radar,11,18,27,18,74,0,0,0,0,0,11,18,27,18,74,28,6,34,108
06/21/2005,AGS,GA,ASO,ES,Combined TRACON& Tower with Radar,12,20,24,4,60,0,0,0,0,0,12,20,24,4,60,32,8,40,100
06/22/2005,AGS,GA,ASO,ES,Combined TRACON& Tower with Radar,10,17,27,6,60,0,0,0,0,0,10,17,27,6,60,3,4,7,67
06/23/2005,AGS,GA,ASO,ES,Combined TRACON& Tower with Radar,15,21,31,6,73,0,0,0,0,0,15,21,31,6,73,28,14,42,115
06/24/2005,AGS,GA,ASO,ES,Combined TRACON& Tower with Radar,14,19,21,2,56,0,0,0,0,0,14,19,21,2,56,0,0,0,56
06/25/2005,AGS,GA,ASO,ES,Combined TRACON& Tower with Radar,12,12,11,1,36,0,0,2,0,2,12,12,13,1,38,3,0,3,41
06/26/2005,AGS,GA,ASO,ES,Combined TRACON& Tower with Radar,11,19,23,3,56,0,0,0,0,0,11,19,23,3,56,3,1,4,60
06/27/2005,AGS,GA,ASO,ES,Combined TRACON& Tower with Radar,13,17,24,4,58,0,0,0,0,0,13,17,24,4,58,4,0,4,62
06/28/2005,AGS,GA,ASO,ES,Combined TRACON& Tower with Radar,14,21,35,3,73,0,0,0,0,0,14,21,35,3,73,14,6,20,93
06/29/2005,AGS,GA,ASO,ES,Combined TRACON& Tower with Radar,17,16,42,6,81,0,0,0,0,0,17,16,42,6,81,1,1,2,83
06/30/2005,AGS,GA,ASO,ES,Combined TRACON& Tower with Radar,15,16,37,8,76,0,0,1,0,1,15,16,38,8,77,10,3,13,90
07/01/2005,AGS,GA,ASO,ES,Combined TRACON& Tower with Radar,17,13,21,3,54,0,0,0,0,0,17,13,21,3,54,0,0,0,54
07/02/2005,AGS,GA,ASO,ES,Combined TRACON& Tower with Radar,11,7,10,2,30,0,0,5,0,5,11,7,15,2,35,0,0,0,35
07/03/2005,AGS,GA,ASO,ES,Combined TRACON& Tower with Radar,11,10,5,0,26,0,0,1,0,1,11,10,6,0,27,2,0,2,29
07/04/2005,AGS,GA,ASO,ES,Combined TRACON& Tower with Radar,11,13,3,2,29,0,0,0,0,0,11,13,3,2,29,0,0,0,29
07/05/2005,AGS,GA,ASO,ES,Combined TRACON& Tower with Radar,13,12,34,0,59,0,0,0,0,0,13,12,34,0,59,32,0,32,91
07/06/2005,AGS,GA,ASO,ES,Combined TRACON& Tower with Radar,21,18,37,5,81,0,0,0,0,0,21,18,37,5,81,0,22,22,103
07/07/2005,AGS,GA,ASO,ES,Combined TRACON& Tower with Radar,11,20,10,4,45,0,0,0,0,0,11,20,10,4,45,2,6,8,53
07/08/2005,AGS,GA,ASO,ES,Combined TRACON& Tower with Radar,11,22,24,8,65,0,0,0,0,0,11,22,24,8,65,45,0,45,110
07/09/2005,AGS,GA,ASO,ES,Combined TRACON& Tower with Radar,16,11,14,3,44,0,0,7,0,7,16,11,21,3,51,15,0,15,66
07/10/2005,AGS,GA,ASO,ES,Combined TRACON& Tower with Radar,13,16,7,0,36,0,0,0,0,0,13,16,7,0,36,0,0,0,36
07/11/2005,AGS,GA,ASO,ES,Combined TRACON& Tower with Radar,14,16,21,2,53,0,0,0,0,0,14,16,21,2,53,0,0,0,53
07/12/2005,AGS,GA,ASO,ES,Combined TRACON& Tower with Radar,12,27,25,2,66,0,0,0,0,0,12,27,25,2,66,50,8,58,124
07/13/2005,AGS,GA,ASO,ES,Combined TRACON& Tower with Radar,11,18,25,5,59,0,0,0,0,0,11,18,25,5,59,91,5,96,155
07/14/2005,AGS,GA,ASO,ES,Combined TRACON& Tower with Radar,13,19,42,11,85,0,0,0,0,0,13,19,42,11,85,35,18,53,138
07/15/2005,AGS,GA,ASO,ES,Combined TRACON& Tower with Radar,8,21,9,9,47,0,0,0,0,0,8,21,9,9,47,0,0,0,47
07/16/2005,AGS,GA,ASO,ES,Combined TRACON& Tower with Radar,9,7,12,10,38,0,0,4,1,5,9,7,16,11,43,7,0,7,50
07/17/2005,AGS,GA,ASO,ES,Combined TRACON& Tower with Radar,12,14,12,0,38,0,0,0,0,0,12,14,12,0,38,0,0,0,38
07/18/2005,AGS,GA,ASO,ES,Combined TRACON& Tower with Radar,14,12,8,5,39,0,0,0,0,0,14,12,8,5,39,0,5,5,44
07/19/2005,AGS,GA,ASO,ES,Combined TRACON& Tower with Radar,17,29,28,11,85,0,0,0,0,0,17,29,28,11,85,15,30,45,130
07/20/2005,AGS,GA,ASO,ES,Combined TRACON& Tower with Radar,12,20,28,2,62,0,0,0,0,0,12,20,28,2,62,2,2,4,66
07/21/2005,AGS,GA,ASO,ES,Combined TRACON& Tower with Radar,18,18,14,9,59,0,0,0,0,0,18,18,14,9,59,12,2,14,73
07/22/2005,AGS,GA,ASO,ES,Combined TRACON& Tower with Radar,10,16,15,8,49,0,0,0,0,0,10,16,15,8,49,14,0,14,63
07/23/2005,AGS,GA,ASO,ES,Combined TRACON& Tower with Radar,15,10,16,2,43,0,0,17,0,17,15,10,33,2,60,0,0,0,60
07/24/2005,AGS,GA,ASO,ES,Combined TRACON& Tower with Radar,13,15,8,0,36,0,0,12,0,12,13,15,20,0,48,2,2,4,52
07/25/2005,AGS,GA,ASO,ES,Combined TRACON& Tower with Radar,12,16,26,6,60,0,0,0,0,0,12,16,26,6,60,28,0,28,88
07/26/2005,AGS,GA,ASO,ES,Combined TRACON& Tower with Radar,16,11,37,6,70,0,0,0,0,0,16,11,37,6,70,4,0,4,74
07/27/2005,AGS,GA,ASO,ES,Combined TRACON& Tower with Radar,34,22,35,6,97,0,0,0,0,0,34,22,35,6,97,8,0,8,105
07/28/2005,AGS,GA,ASO,ES,Combined TRACON& Tower with Radar,11,16,26,0,53,0,0,0,0,0,11,16,26,0,53,8,0,8,61
07/29/2005,AGS,GA,ASO,ES,Combined TRACON& Tower with Radar,16,13,26,0,55,0,0,0,0,0,16,13,26,0,55,5,0,5,60
07/30/2005,AGS,GA,ASO,ES,Combined TRACON& Tower with Radar,10,13,8,2,33,0,0,2,0,2,10,13,10,2,35,0,0,0,35
07/31/2005,AGS,GA,ASO,ES,Combined TRACON& Tower with Radar,15,13,13,0,41,0,0,0,0,0,15,13,13,0,41,2,0,2,43
08/01/2005,AGS,GA,ASO,ES,Combined TRACON& Tower with Radar,13,22,28,14,77,0,0,0,0,0,13,22,28,14,77,17,18,35,112
08/02/2005,AGS,GA,ASO,ES,Combined TRACON& Tower with Radar,12,17,20,4,53,0,0,0,0,0,12,17,20,4,53,22,2,24,77
08/03/2005,AGS,GA,ASO,ES,Combined TRACON& Tower with Radar,12,16,29,10,67,0,0,0,0,0,12,16,29,10,67,19,4,23,90
08/04/2005,AGS,GA,ASO,ES,Combined TRACON& Tower with Radar,13,16,35,11,75,0,0,0,0,0,13,16,35,11,75,3,4,7,82
08/05/2005,AGS,GA,ASO,ES,Combined TRACON& Tower with Radar,12,17,16,18,63,0,0,0,0,0,12,17,16,18,63,12,12,24,87
08/06/2005,AGS,GA,ASO,ES,Combined TRACON& Tower with Radar,13,9,11,6,39,0,2,8,0,10,13,11,19,6,49,0,0,0,49
08/07/2005,AGS,GA,ASO,ES,Combined TRACON& Tower with Radar,13,11,5,0,29,0,0,0,0,0,13,11,5,0,29,0,0,0,29
08/08/2005,AGS,GA,ASO,ES,Combined TRACON& Tower with Radar,12,16,31,6,65,0,0,0,0,0,12,16,31,6,65,28,48,76,141
08/09/2005,AGS,GA,ASO,ES,Combined TRACON& Tower with Radar,11,17,29,7,64,0,0,0,0,0,11,17,29,7,64,2,10,12,76
08/10/2005,AGS,GA,ASO,ES,Combined TRACON& Tower with Radar,13,16,29,6,64,0,0,0,0,0,13,16,29,6,64,0,1,1,65
08/11/2005,AGS,GA,ASO,ES,Combined TRACON& Tower with Radar,13,18,39,4,74,0,1,0,1,2,13,19,39,5,76,0,0,0,76
08/12/2005,AGS,GA,ASO,ES,Combined TRACON& Tower with Radar,8,20,26,3,57,0,0,0,0,0,8,20,26,3,57,0,0,0,57
08/13/2005,AGS,GA,ASO,ES,Combined TRACON& Tower with Radar,12,13,15,2,42,0,0,6,0,6,12,13,21,2,48,9,0,9,57
08/14/2005,AGS,GA,ASO,ES,Combined TRACON& Tower with Radar,31,12,12,2,57,0,0,12,0,12,31,12,24,2,69,10,0,10,79
08/15/2005,AGS,GA,ASO,ES,Combined TRACON& Tower with Radar,13,18,26,4,61,0,0,0,0,0,13,18,26,4,61,16,0,16,77
08/16/2005,AGS,GA,ASO,ES,Combined TRACON& Tower with Radar,15,12,21,2,50,0,0,0,0,0,15,12,21,2,50,26,6,32,82
08/17/2005,AGS,GA,ASO,ES,Combined TRACON& Tower with Radar,14,20,31,1,66,0,0,0,0,0,14,20,31,1,66,26,0,26,92
08/18/2005,AGS,GA,ASO,ES,Combined TRACON& Tower with Radar,20,21,40,8,89,0,0,0,0,0,20,21,40,8,89,12,0,12,101
08/19/2005,AGS,GA,ASO,ES,Combined TRACON& Tower with Radar,11,16,24,0,51,0,0,0,0,0,11,16,24,0,51,14,0,14,65
08/20/2005,AGS,GA,ASO,ES,Combined TRACON& Tower with Radar,9,9,17,2,37,0,0,24,1,25,9,9,41,3,62,31,0,31,93
08/21/2005,AGS,GA,ASO,ES,Combined TRACON& Tower with Radar,12,15,8,1,36,0,0,4,1,5,12,15,12,2,41,16,0,16,57
08/22/2005,AGS,GA,ASO,ES,Combined TRACON& Tower with Radar,10,14,25,4,53,0,0,0,0,0,10,14,25,4,53,0,0,0,53
08/23/2005,AGS,GA,ASO,ES,Combined TRACON& Tower with Radar,24,18,26,8,76,0,0,0,0,0,24,18,26,8,76,36,0,36,112
08/24/2005,AGS,GA,ASO,ES,Combined TRACON& Tower with Radar,10,20,47,5,82,0,0,0,0,0,10,20,47,5,82,12,0,12,94
08/25/2005,AGS,GA,ASO,ES,Combined TRACON& Tower with Radar,10,23,48,5,86,0,0,0,0,0,10,23,48,5,86,14,2,16,102
08/26/2005,AGS,GA,ASO,ES,Combined TRACON& Tower with Radar,10,13,35,5,63,0,0,0,0,0,10,13,35,5,63,16,2,18,81
08/27/2005,AGS,GA,ASO,ES,Combined TRACON& Tower with Radar,11,13,6,4,34,0,3,5,0,8,11,16,11,4,42,10,0,10,52
08/28/2005,AGS,GA,ASO,ES,Combined TRACON& Tower with Radar,14,14,11,2,41,0,0,0,0,0,14,14,11,2,41,10,2,12,53
08/29/2005,AGS,GA,ASO,ES,Combined TRACON& Tower with Radar,10,13,22,5,50,0,0,0,0,0,10,13,22,5,50,44,12,56,106
08/30/2005,AGS,GA,ASO,ES,Combined TRACON& Tower with Radar,15,13,10,5,43,0,0,0,0,0,15,13,10,5,43,5,9,14,57
08/31/2005,AGS,GA,ASO,ES,Combined TRACON& Tower with Radar,19,16,19,3,57,0,0,0,0,0,19,16,19,3,57,0,0,0,57
09/01/2005,AGS,GA,ASO,ES,Combined TRACON& Tower with Radar,15,20,33,7,75,0,0,0,0,0,15,20,33,7,75,25,20,45,120
09/02/2005,AGS,GA,ASO,ES,Combined TRACON& Tower with Radar,5,24,9,0,38,0,0,0,0,0,5,24,9,0,38,20,0,20,58
09/03/2005,AGS,GA,ASO,ES,Combined TRACON& Tower with Radar,11,8,17,2,38,0,2,19,0,21,11,10,36,2,59,4,0,4,63
09/04/2005,AGS,GA,ASO,ES,Combined TRACON& Tower with Radar,8,12,3,0,23,0,0,8,9,17,8,12,11,9,40,3,2,5,45
09/05/2005,AGS,GA,ASO,ES,Combined TRACON& Tower with Radar,10,15,16,6,47,0,0,0,0,0,10,15,16,6,47,0,0,0,47
09/06/2005,AGS,GA,ASO,ES,Combined TRACON& Tower with Radar,12,15,23,2,52,0,0,0,0,0,12,15,23,2,52,7,20,27,79
09/07/2005,AGS,GA,ASO,ES,Combined TRACON& Tower with Radar,13,22,25,2,62,0,0,11,0,11,13,22,36,2,73,2,0,2,75
09/08/2005,AGS,GA,ASO,ES,Combined TRACON& Tower with Radar,11,16,23,3,53,0,0,0,0,0,11,16,23,3,53,16,0,16,69
09/09/2005,AGS,GA,ASO,ES,Combined TRACON& Tower with Radar,13,14,19,2,48,0,0,0,0,0,13,14,19,2,48,0,0,0,48
09/10/2005,AGS,GA,ASO,ES,Combined TRACON& Tower with Radar,8,11,9,2,30,0,0,9,2,11,8,11,18,4,41,10,0,10,51
09/11/2005,AGS,GA,ASO,ES,Combined TRACON& Tower with Radar,12,18,17,0,47,0,0,0,0,0,12,18,17,0,47,2,0,2,49
09/12/2005,AGS,GA,ASO,ES,Combined TRACON& Tower with Radar,9,22,22,4,57,0,0,0,0,0,9,22,22,4,57,14,0,14,71
09/13/2005,AGS,GA,ASO,ES,Combined TRACON& Tower with Radar,10,17,28,6,61,0,0,0,0,0,10,17,28,6,61,8,0,8,69
09/14/2005,AGS,GA,ASO,ES,Combined TRACON& Tower with Radar,13,18,38,1,70,0,0,0,0,0,13,18,38,1,70,20,0,20,90
09/15/2005,AGS,GA,ASO,ES,Combined TRACON& Tower with Radar,10,25,26,3,64,0,0,0,0,0,10,25,26,3,64,24,2,26,90
09/16/2005,AGS,GA,ASO,ES,Combined TRACON& Tower with Radar,10,18,13,5,46,0,0,0,0,0,10,18,13,5,46,19,12,31,77
09/17/2005,AGS,GA,ASO,ES,Combined TRACON& Tower with Radar,11,10,19,10,50,0,6,17,2,25,11,16,36,12,75,22,4,26,101
09/18/2005,AGS,GA,ASO,ES,Combined TRACON& Tower with Radar,10,15,20,4,49,0,0,14,0,14,10,15,34,4,63,4,0,4,67
09/19/2005,AGS,GA,ASO,ES,Combined TRACON& Tower with Radar,14,20,29,5,68,0,0,0,0,0,14,20,29,5,68,22,2,24,92
09/20/2005,AGS,GA,ASO,ES,Combined TRACON& Tower with Radar,12,22,22,5,61,0,0,0,0,0,12,22,22,5,61,8,0,8,69
09/21/2005,AGS,GA,ASO,ES,Combined TRACON& Tower with Radar,7,26,30,3,66,0,0,15,0,15,7,26,45,3,81,8,0,8,89
09/22/2005,AGS,GA,ASO,ES,Combined TRACON& Tower with Radar,11,25,40,0,76,0,0,0,0,0,11,25,40,0,76,6,0,6,82
09/23/2005,AGS,GA,ASO,ES,Combined TRACON& Tower with Radar,19,21,31,0,71,0,0,0,0,0,19,21,31,0,71,16,0,16,87
09/24/2005,AGS,GA,ASO,ES,Combined TRACON& Tower with Radar,11,13,24,4,52,0,0,5,3,8,11,13,29,7,60,10,0,10,70
09/25/2005,AGS,GA,ASO,ES,Combined TRACON& Tower with Radar,14,18,12,0,44,0,0,0,0,0,14,18,12,0,44,9,0,9,53
09/26/2005,AGS,GA,ASO,ES,Combined TRACON& Tower with Radar,12,28,14,7,61,0,0,0,0,0,12,28,14,7,61,0,0,0,61
09/27/2005,AGS,GA,ASO,ES,Combined TRACON& Tower with Radar,12,23,26,1,62,0,0,0,0,0,12,23,26,1,62,26,6,32,94
09/28/2005,AGS,GA,ASO,ES,Combined TRACON& Tower with Radar,14,25,40,5,84,0,0,0,0,0,14,25,40,5,84,0,0,0,84
09/29/2005,AGS,GA,ASO,ES,Combined TRACON& Tower with Radar,12,25,38,4,79,0,0,0,0,0,12,25,38,4,79,7,0,7,86
09/30/2005,AGS,GA,ASO,ES,Combined TRACON& Tower with Radar,13,19,31,1,64,0,0,0,0,0,13,19,31,1,64,5,0,5,69
10/01/2005,AGS,GA,ASO,ES,Combined TRACON& Tower with Radar,7,7,15,11,40,0,0,0,0,0,7,7,15,11,40,4,0,4,44
10/02/2005,AGS,GA,ASO,ES,Combined TRACON& Tower with Radar,13,17,19,1,50,0,0,12,0,12,13,17,31,1,62,4,0,4,66
10/03/2005,AGS,GA,ASO,ES,Combined TRACON& Tower with Radar,13,16,25,5,59,0,0,0,0,0,13,16,25,5,59,3,16,19,78
10/04/2005,AGS,GA,ASO,ES,Combined TRACON& Tower with Radar,14,21,29,8,72,0,0,0,0,0,14,21,29,8,72,16,7,23,95
10/05/2005,AGS,GA,ASO,ES,Combined TRACON& Tower with Radar,11,29,39,10,89,0,0,2,3,5,11,29,41,13,94,8,30,38,132
10/06/2005,AGS,GA,ASO,ES,Combined TRACON& Tower with Radar,12,21,21,0,54,0,0,0,0,0,12,21,21,0,54,0,0,0,54
10/07/2005,AGS,GA,ASO,ES,Combined TRACON& Tower with Radar,13,14,24,2,53,0,0,0,0,0,13,14,24,2,53,8,0,8,61
10/08/2005,AGS,GA,ASO,ES,Combined TRACON& Tower with Radar,9,13,10,0,32,0,0,0,0,0,9,13,10,0,32,4,0,4,36
10/09/2005,AGS,GA,ASO,ES,Combined TRACON& Tower with Radar,13,14,15,2,44,0,0,0,0,0,13,14,15,2,44,0,0,0,44
10/10/2005,AGS,GA,ASO,ES,Combined TRACON& Tower with Radar,13,17,45,2,77,0,0,0,0,0,13,17,45,2,77,9,0,9,86
10/11/2005,AGS,GA,ASO,ES,Combined TRACON& Tower with Radar,12,17,32,6,67,0,0,0,0,0,12,17,32,6,67,2,0,2,69
10/12/2005,AGS,GA,ASO,ES,Combined TRACON& Tower with Radar,13,20,34,4,71,0,0,0,0,0,13,20,34,4,71,8,0,8,79
10/13/2005,AGS,GA,ASO,ES,Combined TRACON& Tower with Radar,3,35,43,7,88,0,0,0,0,0,3,35,43,7,88,0,4,4,92
10/14/2005,AGS,GA,ASO,ES,Combined TRACON& Tower with Radar,15,22,37,3,77,0,0,0,0,0,15,22,37,3,77,2,3,5,82
10/15/2005,AGS,GA,ASO,ES,Combined TRACON& Tower with Radar,11,17,29,2,59,0,0,0,0,0,11,17,29,2,59,0,0,0,59
10/16/2005,AGS,GA,ASO,ES,Combined TRACON& Tower with Radar,11,19,44,5,79,0,0,0,0,0,11,19,44,5,79,9,12,21,100
10/17/2005,AGS,GA,ASO,ES,Combined TRACON& Tower with Radar,6,29,43,20,98,0,0,0,0,0,6,29,43,20,98,0,21,21,119
10/18/2005,AGS,GA,ASO,ES,Combined TRACON& Tower with Radar,12,20,56,7,95,0,0,0,0,0,12,20,56,7,95,6,7,13,108
10/19/2005,AGS,GA,ASO,ES,Combined TRACON& Tower with Radar,13,25,61,6,105,0,0,21,0,21,13,25,82,6,126,16,0,16,142
10/20/2005,AGS,GA,ASO,ES,Combined TRACON& Tower with Radar,12,28,87,9,136,0,0,0,0,0,12,28,87,9,136,36,14,50,186
10/21/2005,AGS,GA,ASO,ES,Combined TRACON& Tower with Radar,16,31,30,4,81,0,0,0,0,0,16,31,30,4,81,8,0,8,89
10/22/2005,AGS,GA,ASO,ES,Combined TRACON& Tower with Radar,9,13,20,8,50,0,0,0,0,0,9,13,20,8,50,28,38,66,116
10/23/2005,AGS,GA,ASO,ES,Combined TRACON& Tower with Radar,15,19,30,0,64,0,0,0,0,0,15,19,30,0,64,9,0,9,73
10/24/2005,AGS,GA,ASO,ES,Combined TRACON& Tower with Radar,12,19,40,16,87,0,0,0,0,0,12,19,40,16,87,17,60,77,164
10/25/2005,AGS,GA,ASO,ES,Combined TRACON& Tower with Radar,18,18,45,0,81,1,0,0,0,1,19,18,45,0,82,8,0,8,90
10/26/2005,AGS,GA,ASO,ES,Combined TRACON& Tower with Radar,13,24,59,3,99,0,0,0,0,0,13,24,59,3,99,10,0,10,109
10/27/2005,AGS,GA,ASO,ES,Combined TRACON& Tower with Radar,7,24,49,4,84,0,0,0,0,0,7,24,49,4,84,18,2,20,104
10/28/2005,AGS,GA,ASO,ES,Combined TRACON& Tower with Radar,13,22,38,13,86,0,0,0,0,0,13,22,38,13,86,0,0,0,86
10/29/2005,AGS,GA,ASO,ES,Combined TRACON& Tower with Radar,9,8,9,2,28,0,0,12,1,13,9,8,21,3,41,18,0,18,59
10/30/2005,AGS,GA,ASO,ES,Combined TRACON& Tower with Radar,6,26,19,2,53,0,0,0,0,0,6,26,19,2,53,0,0,0,53
10/31/2005,AGS,GA,ASO,ES,Combined TRACON& Tower with Radar,11,23,32,16,82,0,0,0,0,0,11,23,32,16,82,23,6,29,111
11/01/2005,AGS,GA,ASO,ES,Combined TRACON& Tower with Radar,13,16,43,14,86,0,0,0,0,0,13,16,43,14,86,5,10,15,101
11/02/2005,AGS,GA,ASO,ES,Combined TRACON& Tower with Radar,12,29,47,14,102,0,0,15,2,17,12,29,62,16,119,9,10,19,138
11/03/2005,AGS,GA,ASO,ES,Combined TRACON& Tower with Radar,14,25,53,14,106,0,0,0,0,0,14,25,53,14,106,24,10,34,140
11/04/2005,AGS,GA,ASO,ES,Combined TRACON& Tower with Radar,18,25,43,5,91,0,0,0,0,0,18,25,43,5,91,2,0,2,93
11/05/2005,AGS,GA,ASO,ES,Combined TRACON& Tower with Radar,11,17,21,2,51,0,0,0,0,0,11,17,21,2,51,5,0,5,56
11/06/2005,AGS,GA,ASO,ES,Combined TRACON& Tower with Radar,11,19,28,9,67,0,0,14,0,14,11,19,42,9,81,5,2,7,88
11/07/2005,AGS,GA,ASO,ES,Combined TRACON& Tower with Radar,8,23,37,7,75,0,0,0,0,0,8,23,37,7,75,0,15,15,90
11/08/2005,AGS,GA,ASO,ES,Combined TRACON& Tower with Radar,13,17,41,6,77,0,0,0,0,0,13,17,41,6,77,2,14,16,93
11/09/2005,AGS,GA,ASO,ES,Combined TRACON& Tower with Radar,3,34,32,7,76,0,0,0,0,0,3,34,32,7,76,26,1,27,103
11/10/2005,AGS,GA,ASO,ES,Combined TRACON& Tower with Radar,9,40,41,3,93,0,0,0,0,0,9,40,41,3,93,24,4,28,121
11/11/2005,AGS,GA,ASO,ES,Combined TRACON& Tower with Radar,13,19,28,0,60,0,0,0,0,0,13,19,28,0,60,26,0,26,86
11/12/2005,AGS,GA,ASO,ES,Combined TRACON& Tower with Radar,7,29,44,2,82,0,0,23,0,23,7,29,67,2,105,5,0,5,110
11/13/2005,AGS,GA,ASO,ES,Combined TRACON& Tower with Radar,9,26,14,0,49,0,0,0,0,0,9,26,14,0,49,18,0,18,67
11/14/2005,AGS,GA,ASO,ES,Combined TRACON& Tower with Radar,16,24,44,17,101,0,0,0,0,0,16,24,44,17,101,9,35,44,145
11/15/2005,AGS,GA,ASO,ES,Combined TRACON& Tower with Radar,9,21,45,2,77,0,0,0,0,0,9,21,45,2,77,21,2,23,100
11/16/2005,AGS,GA,ASO,ES,Combined TRACON& Tower with Radar,11,16,43,7,77,0,0,2,1,3,11,16,45,8,80,0,8,8,88
11/17/2005,AGS,GA,ASO,ES,Combined TRACON& Tower with Radar,13,26,32,2,73,0,0,0,0,0,13,26,32,2,73,32,10,42,115
11/18/2005,AGS,GA,ASO,ES,Combined TRACON& Tower with Radar,14,34,46,1,95,0,0,0,0,0,14,34,46,1,95,6,0,6,101
11/19/2005,AGS,GA,ASO,ES,Combined TRACON& Tower with Radar,9,21,11,2,43,0,0,0,0,0,9,21,11,2,43,18,6,24,67
11/20/2005,AGS,GA,ASO,ES,Combined TRACON& Tower with Radar,13,24,25,0,62,0,0,4,0,4,13,24,29,0,66,6,0,6,72
11/21/2005,AGS,GA,ASO,ES,Combined TRACON& Tower with Radar,9,31,27,0,67,0,0,0,0,0,9,31,27,0,67,4,0,4,71
11/22/2005,AGS,GA,ASO,ES,Combined TRACON& Tower with Radar,12,27,44,21,104,0,0,0,0,0,12,27,44,21,104,12,16,28,132
11/23/2005,AGS,GA,ASO,ES,Combined TRACON& Tower with Radar,14,20,58,9,101,0,0,0,0,0,14,20,58,9,101,6,0,6,107
11/24/2005,AGS,GA,ASO,ES,Combined TRACON& Tower with Radar,7,15,3,2,27,0,0,0,0,0,7,15,3,2,27,0,0,0,27
11/25/2005,AGS,GA,ASO,ES,Combined TRACON& Tower with Radar,9,19,17,0,45,0,0,0,0,0,9,19,17,0,45,0,0,0,45
11/26/2005,AGS,GA,ASO,ES,Combined TRACON& Tower with Radar,7,13,21,0,41,0,0,0,0,0,7,13,21,0,41,0,0,0,41
11/27/2005,AGS,GA,ASO,ES,Combined TRACON& Tower with Radar,7,23,45,3,78,0,0,0,0,0,7,23,45,3,78,0,0,0,78
11/28/2005,AGS,GA,ASO,ES,Combined TRACON& Tower with Radar,13,18,30,0,61,0,0,0,0,0,13,18,30,0,61,0,0,0,61
11/29/2005,AGS,GA,ASO,ES,Combined TRACON& Tower with Radar,12,34,44,8,98,0,0,0,0,0,12,34,44,8,98,24,1,25,123
11/30/2005,AGS,GA,ASO,ES,Combined TRACON& Tower with Radar,12,23,37,7,79,0,4,18,3,25,12,27,55,10,104,47,8,55,159
12/01/2005,AGS,GA,ASO,ES,Combined TRACON& Tower with Radar,11,25,60,10,106,0,0,0,0,0,11,25,60,10,106,13,15,28,134
12/02/2005,AGS,GA,ASO,ES,Combined TRACON& Tower with Radar,8,29,39,2,78,0,0,0,0,0,8,29,39,2,78,8,0,8,86
12/03/2005,AGS,GA,ASO,ES,Combined TRACON& Tower with Radar,5,19,11,4,39,0,0,0,0,0,5,19,11,4,39,4,2,6,45
12/04/2005,AGS,GA,ASO,ES,Combined TRACON& Tower with Radar,8,25,25,0,58,0,0,0,0,0,8,25,25,0,58,0,0,0,58
12/05/2005,AGS,GA,ASO,ES,Combined TRACON& Tower with Radar,9,28,27,5,69,0,0,0,0,0,9,28,27,5,69,0,0,0,69
12/06/2005,AGS,GA,ASO,ES,Combined TRACON& Tower with Radar,7,24,46,2,79,0,0,0,0,0,7,24,46,2,79,25,4,29,108
12/07/2005,AGS,GA,ASO,ES,Combined TRACON& Tower with Radar,5,33,33,7,78,0,0,18,0,18,5,33,51,7,96,8,5,13,109
12/08/2005,AGS,GA,ASO,ES,Combined TRACON& Tower with Radar,6,31,42,10,89,0,0,0,0,0,6,31,42,10,89,8,12,20,109
12/09/2005,AGS,GA,ASO,ES,Combined TRACON& Tower with Radar,11,24,36,2,73,0,0,0,0,0,11,24,36,2,73,0,0,0,73
12/10/2005,AGS,GA,ASO,ES,Combined TRACON& Tower with Radar,7,16,24,2,49,0,0,9,0,9,7,16,33,2,58,0,0,0,58
12/11/2005,AGS,GA,ASO,ES,Combined TRACON& Tower with Radar,8,18,9,0,35,0,0,6,0,6,8,18,15,0,41,0,0,0,41
12/12/2005,AGS,GA,ASO,ES,Combined TRACON& Tower with Radar,10,21,36,13,80,0,0,0,0,0,10,21,36,13,80,6,36,42,122
12/13/2005,AGS,GA,ASO,ES,Combined TRACON& Tower with Radar,10,30,54,5,99,0,0,0,0,0,10,30,54,5,99,14,4,18,117
12/14/2005,AGS,GA,ASO,ES,Combined TRACON& Tower with Radar,4,19,19,2,44,0,0,0,0,0,4,19,19,2,44,18,8,26,70
12/15/2005,AGS,GA,ASO,ES,Combined TRACON& Tower with Radar,6,19,26,0,51,0,0,0,0,0,6,19,26,0,51,0,0,0,51
12/16/2005,AGS,GA,ASO,ES,Combined TRACON& Tower with Radar,11,21,19,0,51,0,0,0,0,0,11,21,19,0,51,6,0,6,57
12/17/2005,AGS,GA,ASO,ES,Combined TRACON& Tower with Radar,6,13,8,1,28,0,0,9,1,10,6,13,17,2,38,6,0,6,44
12/18/2005,AGS,GA,ASO,ES,Combined TRACON& Tower with Radar,5,24,3,3,35,0,0,0,0,0,5,24,3,3,35,0,0,0,35
12/19/2005,AGS,GA,ASO,ES,Combined TRACON& Tower with Radar,8,22,21,2,53,0,0,0,0,0,8,22,21,2,53,2,0,2,55
12/20/2005,AGS,GA,ASO,ES,Combined TRACON& Tower with Radar,6,22,40,6,74,0,0,0,0,0,6,22,40,6,74,19,8,27,101
12/21/2005,AGS,GA,ASO,ES,Combined TRACON& Tower with Radar,8,19,31,2,60,0,0,0,0,0,8,19,31,2,60,4,0,4,64
12/22/2005,AGS,GA,ASO,ES,Combined TRACON& Tower with Radar,12,15,10,1,38,0,0,0,0,0,12,15,10,1,38,26,0,26,64
12/23/2005,AGS,GA,ASO,ES,Combined TRACON& Tower with Radar,6,28,11,0,45,0,0,0,0,0,6,28,11,0,45,0,0,0,45
12/24/2005,AGS,GA,ASO,ES,Combined TRACON& Tower with Radar,7,15,4,0,26,0,0,0,0,0,7,15,4,0,26,0,0,0,26
12/25/2005,AGS,GA,ASO,ES,Combined TRACON& Tower with Radar,6,15,8,0,29,0,0,2,0,2,6,15,10,0,31,0,0,0,31
12/26/2005,AGS,GA,ASO,ES,Combined TRACON& Tower with Radar,10,17,16,2,45,0,0,0,0,0,10,17,16,2,45,0,0,0,45
12/27/2005,AGS,GA,ASO,ES,Combined TRACON& Tower with Radar,6,21,8,6,41,0,0,0,0,0,6,21,8,6,41,10,0,10,51
12/28/2005,AGS,GA,ASO,ES,Combined TRACON& Tower with Radar,9,16,22,0,47,0,0,11,0,11,9,16,33,0,58,17,0,17,75
12/29/2005,AGS,GA,ASO,ES,Combined TRACON& Tower with Radar,6,26,18,3,53,0,0,0,0,0,6,26,18,3,53,19,6,25,78
12/30/2005,AGS,GA,ASO,ES,Combined TRACON& Tower with Radar,12,22,9,2,45,0,0,0,0,0,12,22,9,2,45,6,0,6,51
12/31/2005,AGS,GA,ASO,ES,Combined TRACON& Tower with Radar,7,16,11,2,36,0,0,6,0,6,7,16,17,2,42,7,0,7,49
01/01/2006,AGS,GA,ASO,ES,Combined TRACON& Tower with Radar,5,13,18,0,36,0,0,0,0,0,5,13,18,0,36,10,0,10,46
01/02/2006,AGS,GA,ASO,ES,Combined TRACON& Tower with Radar,7,15,22,0,44,0,0,0,0,0,7,15,22,0,44,0,0,0,44
01/03/2006,AGS,GA,ASO,ES,Combined TRACON& Tower with Radar,11,19,36,13,79,0,0,0,0,0,11,19,36,13,79,14,50,64,143
01/04/2006,AGS,GA,ASO,ES,Combined TRACON& Tower with Radar,8,22,24,1,55,0,0,12,0,12,8,22,36,1,67,8,0,8,75
01/05/2006,AGS,GA,ASO,ES,Combined TRACON& Tower with Radar,11,19,16,3,49,0,1,0,0,1,11,20,16,3,50,27,12,39,89
01/06/2006,AGS,GA,ASO,ES,Combined TRACON& Tower with Radar,10,19,22,2,53,0,0,0,7,7,10,19,22,9,60,11,8,19,79
01/07/2006,AGS,GA,ASO,ES,Combined TRACON& Tower with Radar,7,15,4,2,28,0,0,0,0,0,7,15,4,2,28,2,0,2,30
01/08/2006,AGS,GA,ASO,ES,Combined TRACON& Tower with Radar,10,16,18,2,46,0,0,9,0,9,10,16,27,2,55,8,0,8,63
01/09/2006,AGS,GA,ASO,ES,Combined TRACON& Tower with Radar,10,23,25,10,68,0,0,0,0,0,10,23,25,10,68,0,6,6,74
01/10/2006,AGS,GA,ASO,ES,Combined TRACON& Tower with Radar,4,17,25,11,57,0,0,0,0,0,4,17,25,11,57,10,22,32,89
01/11/2006,AGS,GA,ASO,ES,Combined TRACON& Tower with Radar,9,11,24,9,53,0,0,0,0,0,9,11,24,9,53,4,2,6,59
01/12/2006,AGS,GA,ASO,ES,Combined TRACON& Tower with Radar,6,12,18,3,39,0,0,0,0,0,6,12,18,3,39,4,3,7,46
01/13/2006,AGS,GA,ASO,ES,Combined TRACON& Tower with Radar,6,25,35,3,69,0,0,0,0,0,6,25,35,3,69,0,0,0,69
01/14/2006,AGS,GA,ASO,ES,Combined TRACON& Tower with Radar,7,12,8,2,29,0,3,11,0,14,7,15,19,2,43,10,0,10,53
01/15/2006,AGS,GA,ASO,ES,Combined TRACON& Tower with Radar,5,21,19,0,45,0,0,0,0,0,5,21,19,0,45,2,0,2,47
01/16/2006,AGS,GA,ASO,ES,Combined TRACON& Tower with Radar,10,25,35,5,75,0,0,0,0,0,10,25,35,5,75,5,0,5,80
01/17/2006,AGS,GA,ASO,ES,Combined TRACON& Tower with Radar,6,15,34,4,59,0,0,0,0,0,6,15,34,4,59,14,0,14,73
01/18/2006,AGS,GA,ASO,ES,Combined TRACON& Tower with Radar,9,19,33,2,63,0,0,17,3,20,9,19,50,5,83,6,2,8,91
01/19/2006,AGS,GA,ASO,ES,Combined TRACON& Tower with Radar,13,20,42,12,87,0,0,0,0,0,13,20,42,12,87,25,20,45,132
01/20/2006,AGS,GA,ASO,ES,Combined TRACON& Tower with Radar,7,19,36,2,64,0,0,0,0,0,7,19,36,2,64,14,0,14,78
01/21/2006,AGS,GA,ASO,ES,Combined TRACON& Tower with Radar,7,11,23,2,43,0,0,0,0,0,7,11,23,2,43,0,0,0,43
01/22/2006,AGS,GA,ASO,ES,Combined TRACON& Tower with Radar,5,26,29,0,60,0,0,0,0,0,5,26,29,0,60,0,0,0,60
01/23/2006,AGS,GA,ASO,ES,Combined TRACON& Tower with Radar,10,18,29,2,59,0,0,0,0,0,10,18,29,2,59,0,0,0,59
01/24/2006,AGS,GA,ASO,ES,Combined TRACON& Tower with Radar,6,21,49,3,79,0,0,0,0,0,6,21,49,3,79,22,12,34,113
01/25/2006,AGS,GA,ASO,ES,Combined TRACON& Tower with Radar,4,22,37,1,64,0,0,0,0,0,4,22,37,1,64,19,2,21,85
01/26/2006,AGS,GA,ASO,ES,Combined TRACON& Tower with Radar,6,23,28,8,65,0,0,0,0,0,6,23,28,8,65,12,2,14,79
01/27/2006,AGS,GA,ASO,ES,Combined TRACON& Tower with Radar,9,25,45,7,86,0,0,0,0,0,9,25,45,7,86,32,12,44,130
01/28/2006,AGS,GA,ASO,ES,Combined TRACON& Tower with Radar,7,13,42,2,64,0,0,0,0,0,7,13,42,2,64,41,0,41,105
01/29/2006,AGS,GA,ASO,ES,Combined TRACON& Tower with Radar,6,29,21,0,56,0,0,0,0,0,6,29,21,0,56,0,0,0,56
01/30/2006,AGS,GA,ASO,ES,Combined TRACON& Tower with Radar,14,20,26,9,69,0,0,0,0,0,14,20,26,9,69,4,6,10,79
01/31/2006,AGS,GA,ASO,ES,Combined TRACON& Tower with Radar,7,16,20,7,50,0,0,0,0,0,7,16,20,7,50,14,12,26,76
02/01/2006,AGS,GA,ASO,ES,Combined TRACON& Tower with Radar,7,20,28,8,63,0,0,15,4,19,7,20,43,12,82,16,12,28,110
02/02/2006,AGS,GA,ASO,ES,Combined TRACON& Tower with Radar,10,21,34,7,72,0,0,0,0,0,10,21,34,7,72,0,0,0,72
02/03/2006,AGS,GA,ASO,ES,Combined TRACON& Tower with Radar,10,26,41,3,80,0,0,0,0,0,10,26,41,3,80,8,2,10,90
02/04/2006,AGS,GA,ASO,ES,Combined TRACON& Tower with Radar,6,15,15,0,36,0,0,1,2,3,6,15,16,2,39,0,0,0,39
02/05/2006,AGS,GA,ASO,ES,Combined TRACON& Tower with Radar,9,19,17,2,47,0,0,6,2,8,9,19,23,4,55,18,0,18,73
02/06/2006,AGS,GA,ASO,ES,Combined TRACON& Tower with Radar,6,25,19,0,50,0,0,0,0,0,6,25,19,0,50,6,0,6,56
02/07/2006,AGS,GA,ASO,ES,Combined TRACON& Tower with Radar,11,18,30,11,70,0,0,0,0,0,11,18,30,11,70,20,18,38,108
02/08/2006,AGS,GA,ASO,ES,Combined TRACON& Tower with Radar,10,19,28,7,64,0,0,0,0,0,10,19,28,7,64,4,0,4,68
02/09/2006,AGS,GA,ASO,ES,Combined TRACON& Tower with Radar,10,20,31,7,68,0,0,0,0,0,10,20,31,7,68,14,0,14,82
02/10/2006,AGS,GA,ASO,ES,Combined TRACON& Tower with Radar,6,34,32,9,81,0,0,0,0,0,6,34,32,9,81,19,15,34,115
02/11/2006,AGS,GA,ASO,ES,Combined TRACON& Tower with Radar,7,11,9,3,30,0,0,1,0,1,7,11,10,3,31,0,0,0,31
02/12/2006,AGS,GA,ASO,ES,Combined TRACON& Tower with Radar,4,21,20,1,46,0,0,0,0,0,4,21,20,1,46,0,0,0,46
02/13/2006,AGS,GA,ASO,ES,Combined TRACON& Tower with Radar,10,22,42,6,80,0,0,0,0,0,10,22,42,6,80,5,4,9,89
02/14/2006,AGS,GA,ASO,ES,Combined TRACON& Tower with Radar,5,25,38,12,80,0,0,0,0,0,5,25,38,12,80,14,10,24,104
02/15/2006,AGS,GA,ASO,ES,Combined TRACON& Tower with Radar,10,17,36,8,71,0,0,0,0,0,10,17,36,8,71,5,0,5,76
02/16/2006,AGS,GA,ASO,ES,Combined TRACON& Tower with Radar,18,19,49,8,94,0,0,0,0,0,18,19,49,8,94,33,7,40,134
02/17/2006,AGS,GA,ASO,ES,Combined TRACON& Tower with Radar,11,16,36,2,65,0,0,0,0,0,11,16,36,2,65,4,2,6,71
02/18/2006,AGS,GA,ASO,ES,Combined TRACON& Tower with Radar,6,11,10,0,27,0,0,0,0,0,6,11,10,0,27,16,0,16,43
02/19/2006,AGS,GA,ASO,ES,Combined TRACON& Tower with Radar,6,21,15,7,49,0,0,0,0,0,6,21,15,7,49,1,3,4,53
02/20/2006,AGS,GA,ASO,ES,Combined TRACON& Tower with Radar,12,19,33,0,64,0,0,0,0,0,12,19,33,0,64,4,0,4,68
02/21/2006,AGS,GA,ASO,ES,Combined TRACON& Tower with Radar,9,20,33,4,66,0,0,0,0,0,9,20,33,4,66,0,0,0,66
02/22/2006,AGS,GA,ASO,ES,Combined TRACON& Tower with Radar,9,30,37,6,82,0,0,0,0,0,9,30,37,6,82,7,0,7,89
02/23/2006,AGS,GA,ASO,ES,Combined TRACON& Tower with Radar,12,28,33,6,79,0,0,0,0,0,12,28,33,6,79,1,1,2,81
02/24/2006,AGS,GA,ASO,ES,Combined TRACON& Tower with Radar,9,22,33,2,66,0,0,0,0,0,9,22,33,2,66,0,10,10,76
02/25/2006,AGS,GA,ASO,ES,Combined TRACON& Tower with Radar,5,11,15,6,37,0,0,0,0,0,5,11,15,6,37,4,5,9,46
02/26/2006,AGS,GA,ASO,ES,Combined TRACON& Tower with Radar,10,22,26,1,59,0,0,0,0,0,10,22,26,1,59,6,0,6,65
02/27/2006,AGS,GA,ASO,ES,Combined TRACON& Tower with Radar,9,24,39,11,83,0,0,0,0,0,9,24,39,11,83,16,16,32,115
02/28/2006,AGS,GA,ASO,ES,Combined TRACON& Tower with Radar,4,28,58,7,97,0,0,0,0,0,4,28,58,7,97,0,2,2,99
03/01/2006,AGS,GA,ASO,ES,Combined TRACON& Tower with Radar,8,31,36,7,82,0,1,20,3,24,8,32,56,10,106,24,14,38,144
03/02/2006,AGS,GA,ASO,ES,Combined TRACON& Tower with Radar,8,23,48,13,92,0,0,0,0,0,8,23,48,13,92,20,6,26,118
03/03/2006,AGS,GA,ASO,ES,Combined TRACON& Tower with Radar,10,30,33,10,83,0,0,0,0,0,10,30,33,10,83,12,0,12,95
03/04/2006,AGS,GA,ASO,ES,Combined TRACON& Tower with Radar,6,23,21,2,52,0,0,0,0,0,6,23,21,2,52,26,6,32,84
03/05/2006,AGS,GA,ASO,ES,Combined TRACON& Tower with Radar,10,33,17,8,68,0,2,20,1,23,10,35,37,9,91,4,0,4,95
03/06/2006,AGS,GA,ASO,ES,Combined TRACON& Tower with Radar,8,28,36,1,73,0,0,0,0,0,8,28,36,1,73,1,0,1,74
03/07/2006,AGS,GA,ASO,ES,Combined TRACON& Tower with Radar,9,29,66,3,107,0,0,0,0,0,9,29,66,3,107,7,0,7,114
03/08/2006,AGS,GA,ASO,ES,Combined TRACON& Tower with Radar,11,27,45,14,97,0,0,0,0,0,11,27,45,14,97,27,6,33,130
03/09/2006,AGS,GA,ASO,ES,Combined TRACON& Tower with Radar,9,17,27,16,69,0,0,0,0,0,9,17,27,16,69,3,13,16,85
03/10/2006,AGS,GA,ASO,ES,Combined TRACON& Tower with Radar,6,31,34,6,77,0,0,0,0,0,6,31,34,6,77,0,2,2,79
03/11/2006,AGS,GA,ASO,ES,Combined TRACON& Tower with Radar,6,11,12,0,29,0,0,0,0,0,6,11,12,0,29,0,0,0,29
03/12/2006,AGS,GA,ASO,ES,Combined TRACON& Tower with Radar,0,0,0,0,0,10,28,31,0,69,10,28,31,0,69,20,0,20,89
03/13/2006,AGS,GA,ASO,ES,Combined TRACON& Tower with Radar,8,28,25,10,71,0,0,0,0,0,8,28,25,10,71,0,7,7,78
03/14/2006,AGS,GA,ASO,ES,Combined TRACON& Tower with Radar,4,35,51,5,95,0,0,0,0,0,4,35,51,5,95,0,0,0,95
03/15/2006,AGS,GA,ASO,ES,Combined TRACON& Tower with Radar,0,33,53,5,91,0,0,33,6,39,0,33,86,11,130,12,1,13,143
03/16/2006,AGS,GA,ASO,ES,Combined TRACON& Tower with Radar,10,38,61,12,121,0,0,0,0,0,10,38,61,12,121,26,6,32,153
03/17/2006,AGS,GA,ASO,ES,Combined TRACON& Tower with Radar,7,29,56,0,92,0,0,0,0,0,7,29,56,0,92,5,8,13,105
03/18/2006,AGS,GA,ASO,ES,Combined TRACON& Tower with Radar,6,23,43,2,74,0,0,0,0,0,6,23,43,2,74,10,0,10,84
03/19/2006,AGS,GA,ASO,ES,Combined TRACON& Tower with Radar,4,24,17,2,47,0,0,0,0,0,4,24,17,2,47,2,0,2,49
03/20/2006,AGS,GA,ASO,ES,Combined TRACON& Tower with Radar,11,26,36,13,86,0,0,0,0,0,11,26,36,13,86,0,18,18,104
03/21/2006,AGS,GA,ASO,ES,Combined TRACON& Tower with Radar,10,31,74,2,117,0,0,0,0,0,10,31,74,2,117,35,0,35,152
03/22/2006,AGS,GA,ASO,ES,Combined TRACON& Tower with Radar,14,32,52,2,100,0,0,0,0,0,14,32,52,2,100,90,14,104,204
03/23/2006,AGS,GA,ASO,ES,Combined TRACON& Tower with Radar,13,21,48,4,86,0,0,0,0,0,13,21,48,4,86,85,1,86,172
03/24/2006,AGS,GA,ASO,ES,Combined TRACON& Tower with Radar,11,24,36,16,87,0,0,0,0,0,11,24,36,16,87,63,16,79,166
03/25/2006,AGS,GA,ASO,ES,Combined TRACON& Tower with Radar,7,13,21,5,46,0,0,15,0,15,7,13,36,5,61,30,0,30,91
03/26/2006,AGS,GA,ASO,ES,Combined TRACON& Tower with Radar,13,18,31,6,68,0,0,20,0,20,13,18,51,6,88,2,0,2,90
03/27/2006,AGS,GA,ASO,ES,Combined TRACON& Tower with Radar,11,22,24,13,70,0,0,0,0,0,11,22,24,13,70,2,36,38,108
03/28/2006,AGS,GA,ASO,ES,Combined TRACON& Tower with Radar,6,18,21,7,52,0,0,0,0,0,6,18,21,7,52,2,12,14,66
03/29/2006,AGS,GA,ASO,ES,Combined TRACON& Tower with Radar,12,15,63,6,96,0,0,31,2,33,12,15,94,8,129,18,1,19,148
03/30/2006,AGS,GA,ASO,ES,Combined TRACON& Tower with Radar,7,23,40,6,76,0,0,0,0,0,7,23,40,6,76,2,5,7,83
03/31/2006,AGS,GA,ASO,ES,Combined TRACON& Tower with Radar,11,21,32,4,68,0,0,0,0,0,11,21,32,4,68,7,6,13,81
04/01/2006,AGS,GA,ASO,ES,Combined TRACON& Tower with Radar,10,27,18,2,57,0,0,0,0,0,10,27,18,2,57,0,0,0,57
04/02/2006,AGS,GA,ASO,ES,Combined TRACON& Tower with Radar,5,80,90,0,175,0,0,0,0,0,5,80,90,0,175,6,0,6,181
04/03/2006,AGS,GA,ASO,ES,Combined TRACON& Tower with Radar,18,86,119,0,223,0,0,0,0,0,18,86,119,0,223,0,0,0,223
04/04/2006,AGS,GA,ASO,ES,Combined TRACON& Tower with Radar,20,98,197,0,315,0,0,0,0,0,20,98,197,0,315,6,0,6,321
04/05/2006,AGS,GA,ASO,ES,Combined TRACON& Tower with Radar,31,113,296,2,442,0,0,26,0,26,31,113,322,2,468,0,0,0,468
04/06/2006,AGS,GA,ASO,ES,Combined TRACON& Tower with Radar,41,113,263,0,417,0,0,0,0,0,41,113,263,0,417,0,0,0,417
04/07/2006,AGS,GA,ASO,ES,Combined TRACON& Tower with Radar,42,109,328,0,479,0,0,0,0,0,42,109,328,0,479,0,0,0,479
04/08/2006,AGS,GA,ASO,ES,Combined TRACON& Tower with Radar,23,104,162,0,289,0,0,1,0,1,23,104,163,0,290,0,0,0,290
04/09/2006,AGS,GA,ASO,ES,Combined TRACON& Tower with Radar,27,173,283,0,483,0,0,5,0,5,27,173,288,0,488,0,0,0,488
04/10/2006,AGS,GA,ASO,ES,Combined TRACON& Tower with Radar,34,63,98,0,195,0,0,0,0,0,34,63,98,0,195,28,0,28,223
04/11/2006,AGS,GA,ASO,ES,Combined TRACON& Tower with Radar,16,14,28,6,64,0,0,0,0,0,16,14,28,6,64,0,0,0,64
04/12/2006,AGS,GA,ASO,ES,Combined TRACON& Tower with Radar,5,23,29,8,65,0,0,28,0,28,5,23,57,8,93,17,4,21,114
04/13/2006,AGS,GA,ASO,ES,Combined TRACON& Tower with Radar,8,18,55,0,81,0,0,0,0,0,8,18,55,0,81,23,0,23,104
04/14/2006,AGS,GA,ASO,ES,Combined TRACON& Tower with Radar,10,20,28,2,60,0,0,0,0,0,10,20,28,2,60,22,0,22,82
04/15/2006,AGS,GA,ASO,ES,Combined TRACON& Tower with Radar,6,9,6,2,23,0,0,9,0,9,6,9,15,2,32,18,0,18,50
04/16/2006,AGS,GA,ASO,ES,Combined TRACON& Tower with Radar,10,22,13,0,45,0,0,0,0,0,10,22,13,0,45,0,0,0,45
04/17/2006,AGS,GA,ASO,ES,Combined TRACON& Tower with Radar,5,39,42,4,90,0,0,0,0,0,5,39,42,4,90,0,0,0,90
04/18/2006,AGS,GA,ASO,ES,Combined TRACON& Tower with Radar,9,35,52,5,101,0,0,0,0,0,9,35,52,5,101,6,23,29,130
04/19/2006,AGS,GA,ASO,ES,Combined TRACON& Tower with Radar,2,21,45,5,73,0,0,0,0,0,2,21,45,5,73,12,0,12,85
04/20/2006,AGS,GA,ASO,ES,Combined TRACON& Tower with Radar,19,35,53,17,124,0,0,0,0,0,19,35,53,17,124,18,20,38,162
04/21/2006,AGS,GA,ASO,ES,Combined TRACON& Tower with Radar,8,31,39,4,82,0,0,0,0,0,8,31,39,4,82,8,4,12,94
04/22/2006,AGS,GA,ASO,ES,Combined TRACON& Tower with Radar,5,11,16,2,34,0,0,1,2,3,5,11,17,4,37,2,0,2,39
04/23/2006,AGS,GA,ASO,ES,Combined TRACON& Tower with Radar,8,31,33,1,73,0,0,0,0,0,8,31,33,1,73,14,0,14,87
04/24/2006,AGS,GA,ASO,ES,Combined TRACON& Tower with Radar,12,26,28,11,77,0,0,0,0,0,12,26,28,11,77,30,12,42,119
04/25/2006,AGS,GA,ASO,ES,Combined TRACON& Tower with Radar,9,37,47,11,104,0,0,0,0,0,9,37,47,11,104,13,2,15,119
04/26/2006,AGS,GA,ASO,ES,Combined TRACON& Tower with Radar,9,16,40,4,69,0,0,3,2,5,9,16,43,6,74,16,2,18,92
04/27/2006,AGS,GA,ASO,ES,Combined TRACON& Tower with Radar,10,30,46,6,92,0,0,0,0,0,10,30,46,6,92,12,6,18,110
04/28/2006,AGS,GA,ASO,ES,Combined TRACON& Tower with Radar,11,29,40,1,81,0,0,0,0,0,11,29,40,1,81,8,0,8,89
04/29/2006,AGS,GA,ASO,ES,Combined TRACON& Tower with Radar,6,24,16,2,48,0,0,8,0,8,6,24,24,2,56,13,0,13,69
04/30/2006,AGS,GA,ASO,ES,Combined TRACON& Tower with Radar,6,24,21,0,51,0,0,44,1,45,6,24,65,1,96,6,10,16,112
05/01/2006,AGS,GA,ASO,ES,Combined TRACON& Tower with Radar,5,36,27,5,73,0,0,0,0,0,5,36,27,5,73,29,1,30,103
05/02/2006,AGS,GA,ASO,ES,Combined TRACON& Tower with Radar,7,19,31,6,63,0,0,0,0,0,7,19,31,6,63,7,1,8,71
05/03/2006,AGS,GA,ASO,ES,Combined TRACON& Tower with Radar,5,31,36,8,80,0,0,9,2,11,5,31,45,10,91,2,0,2,93
05/04/2006,AGS,GA,ASO,ES,Combined TRACON& Tower with Radar,6,31,38,9,84,0,0,0,0,0,6,31,38,9,84,2,8,10,94
05/05/2006,AGS,GA,ASO,ES,Combined TRACON& Tower with Radar,6,28,16,4,54,0,0,0,0,0,6,28,16,4,54,0,0,0,54
05/06/2006,AGS,GA,ASO,ES,Combined TRACON& Tower with Radar,6,23,34,2,65,0,0,0,0,0,6,23,34,2,65,0,0,0,65
05/07/2006,AGS,GA,ASO,ES,Combined TRACON& Tower with Radar,9,29,26,3,67,0,2,1,0,3,9,31,27,3,70,6,0,6,76
05/08/2006,AGS,GA,ASO,ES,Combined TRACON& Tower with Radar,8,35,46,10,99,0,0,0,0,0,8,35,46,10,99,6,0,6,105
05/09/2006,AGS,GA,ASO,ES,Combined TRACON& Tower with Radar,5,33,40,12,90,0,0,0,0,0,5,33,40,12,90,9,0,9,99
05/10/2006,AGS,GA,ASO,ES,Combined TRACON& Tower with Radar,9,26,35,7,77,0,1,7,2,10,9,27,42,9,87,20,30,50,137
05/11/2006,AGS,GA,ASO,ES,Combined TRACON& Tower with Radar,13,27,33,8,81,0,0,7,2,9,13,27,40,10,90,0,0,0,90
05/12/2006,AGS,GA,ASO,ES,Combined TRACON& Tower with Radar,12,22,33,11,78,0,0,0,0,0,12,22,33,11,78,0,0,0,78
05/13/2006,AGS,GA,ASO,ES,Combined TRACON& Tower with Radar,9,8,16,1,34,0,1,12,0,13,9,9,28,1,47,8,6,14,61
05/14/2006,AGS,GA,ASO,ES,Combined TRACON& Tower with Radar,9,23,13,0,45,0,0,0,0,0,9,23,13,0,45,0,0,0,45
05/15/2006,AGS,GA,ASO,ES,Combined TRACON& Tower with Radar,12,31,26,8,77,0,0,0,0,0,12,31,26,8,77,2,6,8,85
05/16/2006,AGS,GA,ASO,ES,Combined TRACON& Tower with Radar,6,32,34,17,89,0,0,0,0,0,6,32,34,17,89,25,31,56,145
05/17/2006,AGS,GA,ASO,ES,Combined TRACON& Tower with Radar,6,24,41,10,81,0,0,19,4,23,6,24,60,14,104,22,6,28,132
05/18/2006,AGS,GA,ASO,ES,Combined TRACON& Tower with Radar,13,22,40,6,81,0,0,0,0,0,13,22,40,6,81,5,0,5,86
05/19/2006,AGS,GA,ASO,ES,Combined TRACON& Tower with Radar,13,22,29,8,72,0,0,0,0,0,13,22,29,8,72,2,0,2,74
05/20/2006,AGS,GA,ASO,ES,Combined TRACON& Tower with Radar,8,13,14,2,37,0,0,0,0,0,8,13,14,2,37,4,2,6,43
05/21/2006,AGS,GA,ASO,ES,Combined TRACON& Tower with Radar,12,22,13,0,47,0,0,0,0,0,12,22,13,0,47,4,0,4,51
05/22/2006,AGS,GA,ASO,ES,Combined TRACON& Tower with Radar,10,16,21,12,59,0,0,0,0,0,10,16,21,12,59,15,4,19,78
05/23/2006,AGS,GA,ASO,ES,Combined TRACON& Tower with Radar,8,16,40,7,71,0,0,0,0,0,8,16,40,7,71,42,39,81,152
05/24/2006,AGS,GA,ASO,ES,Combined TRACON& Tower with Radar,7,15,19,2,43,0,0,15,0,15,7,15,34,2,58,6,0,6,64
05/25/2006,AGS,GA,ASO,ES,Combined TRACON& Tower with Radar,5,24,25,2,56,0,0,0,0,0,5,24,25,2,56,12,3,15,71
05/26/2006,AGS,GA,ASO,ES,Combined TRACON& Tower with Radar,12,17,22,7,58,0,0,0,0,0,12,17,22,7,58,4,4,8,66
05/27/2006,AGS,GA,ASO,ES,Combined TRACON& Tower with Radar,8,8,8,3,27,0,0,0,0,0,8,8,8,3,27,4,0,4,31
05/28/2006,AGS,GA,ASO,ES,Combined TRACON& Tower with Radar,11,14,10,0,35,0,0,0,0,0,11,14,10,0,35,3,0,3,38
05/29/2006,AGS,GA,ASO,ES,Combined TRACON& Tower with Radar,11,12,8,2,33,0,0,0,0,0,11,12,8,2,33,10,0,10,43
05/30/2006,AGS,GA,ASO,ES,Combined TRACON& Tower with Radar,7,18,24,2,51,0,0,0,0,0,7,18,24,2,51,14,10,24,75
05/31/2006,AGS,GA,ASO,ES,Combined TRACON& Tower with Radar,9,15,35,3,62,0,0,0,0,0,9,15,35,3,62,22,4,26,88
06/01/2006,AGS,GA,ASO,ES,Combined TRACON& Tower with Radar,14,14,32,4,64,0,0,0,0,0,14,14,32,4,64,12,0,12,76
06/02/2006,AGS,GA,ASO,ES,Combined TRACON& Tower with Radar,17,14,29,4,64,0,0,0,0,0,17,14,29,4,64,0,6,6,70
06/03/2006,AGS,GA,ASO,ES,Combined TRACON& Tower with Radar,9,9,11,0,29,0,0,6,0,6,9,9,17,0,35,4,0,4,39
06/04/2006,AGS,GA,ASO,ES,Combined TRACON& Tower with Radar,15,13,12,0,40,0,0,0,0,0,15,13,12,0,40,35,0,35,75
06/05/2006,AGS,GA,ASO,ES,Combined TRACON& Tower with Radar,9,19,31,6,65,0,0,0,0,0,9,19,31,6,65,8,2,10,75
06/06/2006,AGS,GA,ASO,ES,Combined TRACON& Tower with Radar,2,18,27,5,52,0,0,0,0,0,2,18,27,5,52,8,26,34,86
06/07/2006,AGS,GA,ASO,ES,Combined TRACON& Tower with Radar,6,16,21,11,54,0,0,15,4,19,6,16,36,15,73,18,1,19,92
06/08/2006,AGS,GA,ASO,ES,Combined TRACON& Tower with Radar,9,20,25,8,62,0,0,0,0,0,9,20,25,8,62,7,6,13,75
06/09/2006,AGS,GA,ASO,ES,Combined TRACON& Tower with Radar,11,13,18,4,46,0,0,0,0,0,11,13,18,4,46,11,0,11,57
06/10/2006,AGS,GA,ASO,ES,Combined TRACON& Tower with Radar,7,8,10,5,30,0,1,24,2,27,7,9,34,7,57,34,0,34,91
06/11/2006,AGS,GA,ASO,ES,Combined TRACON& Tower with Radar,10,12,7,10,39,0,0,12,1,13,10,12,19,11,52,6,15,21,73
06/12/2006,AGS,GA,ASO,ES,Combined TRACON& Tower with Radar,15,16,20,2,53,0,0,0,0,0,15,16,20,2,53,0,2,2,55
06/13/2006,AGS,GA,ASO,ES,Combined TRACON& Tower with Radar,10,17,35,5,67,0,0,0,0,0,10,17,35,5,67,1,46,47,114
06/14/2006,AGS,GA,ASO,ES,Combined TRACON& Tower with Radar,8,22,25,14,69,0,0,0,0,0,8,22,25,14,69,8,16,24,93
06/15/2006,AGS,GA,ASO,ES,Combined TRACON& Tower with Radar,11,17,21,12,61,0,0,0,0,0,11,17,21,12,61,8,4,12,73
06/16/2006,AGS,GA,ASO,ES,Combined TRACON& Tower with Radar,12,17,27,10,66,0,0,0,0,0,12,17,27,10,66,40,13,53,119
06/17/2006,AGS,GA,ASO,ES,Combined TRACON& Tower with Radar,6,10,6,12,34,0,0,17,14,31,6,10,23,26,65,26,0,26,91
06/18/2006,AGS,GA,ASO,ES,Combined TRACON& Tower with Radar,12,16,10,6,44,0,0,0,0,0,12,16,10,6,44,26,11,37,81
06/19/2006,AGS,GA,ASO,ES,Combined TRACON& Tower with Radar,4,24,30,4,62,0,0,0,0,0,4,24,30,4,62,9,11,20,82
06/20/2006,AGS,GA,ASO,ES,Combined TRACON& Tower with Radar,3,19,31,8,61,0,0,1,0,1,3,19,32,8,62,8,40,48,110
06/21/2006,AGS,GA,ASO,ES,Combined TRACON& Tower with Radar,5,19,19,13,56,0,0,11,4,15,5,19,30,17,71,20,15,35,106
06/22/2006,AGS,GA,ASO,ES,Combined TRACON& Tower with Radar,10,22,21,10,63,0,0,0,0,0,10,22,21,10,63,18,0,18,81
06/23/2006,AGS,GA,ASO,ES,Combined TRACON& Tower with Radar,17,10,19,4,50,0,0,0,0,0,17,10,19,4,50,4,0,4,54
06/24/2006,AGS,GA,ASO,ES,Combined TRACON& Tower with Radar,5,10,3,3,21,0,0,0,0,0,5,10,3,3,21,4,0,4,25
06/25/2006,AGS,GA,ASO,ES,Combined TRACON& Tower with Radar,20,9,16,3,48,0,0,7,0,7,20,9,23,3,55,6,0,6,61
06/26/2006,AGS,GA,ASO,ES,Combined TRACON& Tower with Radar,5,15,26,2,48,0,0,0,0,0,5,15,26,2,48,0,0,0,48
06/27/2006,AGS,GA,ASO,ES,Combined TRACON& Tower with Radar,11,14,43,4,72,0,0,0,0,0,11,14,43,4,72,2,11,13,85
06/28/2006,AGS,GA,ASO,ES,Combined TRACON& Tower with Radar,10,18,30,2,60,0,0,0,0,0,10,18,30,2,60,1,0,1,61
06/29/2006,AGS,GA,ASO,ES,Combined TRACON& Tower with Radar,11,14,18,4,47,0,0,0,0,0,11,14,18,4,47,15,0,15,62
06/30/2006,AGS,GA,ASO,ES,Combined TRACON& Tower with Radar,10,13,16,0,39,0,0,0,0,0,10,13,16,0,39,8,0,8,47
07/01/2006,AGS,GA,ASO,ES,Combined TRACON& Tower with Radar,7,11,2,0,20,0,0,22,0,22,7,11,24,0,42,34,0,34,76
07/02/2006,AGS,GA,ASO,ES,Combined TRACON& Tower with Radar,5,13,13,0,31,0,0,0,0,0,5,13,13,0,31,20,0,20,51
07/03/2006,AGS,GA,ASO,ES,Combined TRACON& Tower with Radar,2,18,7,4,31,0,0,0,0,0,2,18,7,4,31,44,0,44,75
07/04/2006,AGS,GA,ASO,ES,Combined TRACON& Tower with Radar,0,20,7,0,27,0,0,0,0,0,0,20,7,0,27,8,0,8,35
07/05/2006,AGS,GA,ASO,ES,Combined TRACON& Tower with Radar,8,13,11,3,35,0,0,18,3,21,8,13,29,6,56,14,8,22,78
07/06/2006,AGS,GA,ASO,ES,Combined TRACON& Tower with Radar,11,12,24,12,59,0,0,0,0,0,11,12,24,12,59,11,1,12,71
07/07/2006,AGS,GA,ASO,ES,Combined TRACON& Tower with Radar,12,21,16,3,52,0,0,0,0,0,12,21,16,3,52,5,0,5,57
07/08/2006,AGS,GA,ASO,ES,Combined TRACON& Tower with Radar,7,12,11,3,33,0,0,22,0,22,7,12,33,3,55,25,0,25,80
07/09/2006,AGS,GA,ASO,ES,Combined TRACON& Tower with Radar,10,13,15,4,42,0,0,10,2,12,10,13,25,6,54,4,0,4,58
07/10/2006,AGS,GA,ASO,ES,Combined TRACON& Tower with Radar,11,19,22,5,57,0,0,0,0,0,11,19,22,5,57,1,2,3,60
07/11/2006,AGS,GA,ASO,ES,Combined TRACON& Tower with Radar,10,13,52,7,82,0,0,0,0,0,10,13,52,7,82,2,8,10,92
07/12/2006,AGS,GA,ASO,ES,Combined TRACON& Tower with Radar,9,19,40,9,77,0,0,0,0,0,9,19,40,9,77,0,0,0,77
07/13/2006,AGS,GA,ASO,ES,Combined TRACON& Tower with Radar,9,22,32,11,74,0,0,0,0,0,9,22,32,11,74,0,12,12,86
07/14/2006,AGS,GA,ASO,ES,Combined TRACON& Tower with Radar,13,17,34,4,68,0,0,0,0,0,13,17,34,4,68,10,2,12,80
07/15/2006,AGS,GA,ASO,ES,Combined TRACON& Tower with Radar,13,12,15,2,42,0,0,0,0,0,13,12,15,2,42,12,0,12,54
07/16/2006,AGS,GA,ASO,ES,Combined TRACON& Tower with Radar,10,15,15,2,42,0,0,0,0,0,10,15,15,2,42,12,0,12,54
07/17/2006,AGS,GA,ASO,ES,Combined TRACON& Tower with Radar,13,13,30,13,69,0,0,0,0,0,13,13,30,13,69,2,10,12,81
07/18/2006,AGS,GA,ASO,ES,Combined TRACON& Tower with Radar,9,16,18,6,49,0,0,0,0,0,9,16,18,6,49,7,6,13,62
07/19/2006,AGS,GA,ASO,ES,Combined TRACON& Tower with Radar,11,16,24,5,56,0,0,12,11,23,11,16,36,16,79,31,16,47,126
07/20/2006,AGS,GA,ASO,ES,Combined TRACON& Tower with Radar,12,17,19,15,63,0,0,0,0,0,12,17,19,15,63,13,10,23,86
07/21/2006,AGS,GA,ASO,ES,Combined TRACON& Tower with Radar,10,16,12,4,42,0,0,0,0,0,10,16,12,4,42,32,10,42,84
07/22/2006,AGS,GA,ASO,ES,Combined TRACON& Tower with Radar,6,12,14,2,34,0,0,0,0,0,6,12,14,2,34,14,0,14,48
07/23/2006,AGS,GA,ASO,ES,Combined TRACON& Tower with Radar,10,16,13,1,40,0,0,4,0,4,10,16,17,1,44,6,0,6,50
07/24/2006,AGS,GA,ASO,ES,Combined TRACON& Tower with Radar,7,25,19,15,66,0,0,0,0,0,7,25,19,15,66,16,18,34,100
07/25/2006,AGS,GA,ASO,ES,Combined TRACON& Tower with Radar,7,22,44,12,85,0,0,0,0,0,7,22,44,12,85,16,2,18,103
07/26/2006,AGS,GA,ASO,ES,Combined TRACON& Tower with Radar,11,12,33,15,71,0,0,0,0,0,11,12,33,15,71,12,10,22,93
07/27/2006,AGS,GA,ASO,ES,Combined TRACON& Tower with Radar,5,21,18,12,56,0,0,0,0,0,5,21,18,12,56,18,22,40,96
07/28/2006,AGS,GA,ASO,ES,Combined TRACON& Tower with Radar,6,18,22,1,47,0,0,0,0,0,6,18,22,1,47,18,0,18,65
07/29/2006,AGS,GA,ASO,ES,Combined TRACON& Tower with Radar,7,11,5,0,23,0,0,10,0,10,7,11,15,0,33,0,0,0,33
07/30/2006,AGS,GA,ASO,ES,Combined TRACON& Tower with Radar,12,11,11,0,34,0,0,0,0,0,12,11,11,0,34,8,0,8,42
07/31/2006,AGS,GA,ASO,ES,Combined TRACON& Tower with Radar,5,14,27,11,57,0,0,0,0,0,5,14,27,11,57,24,46,70,127
08/01/2006,AGS,GA,ASO,ES,Combined TRACON& Tower with Radar,8,18,24,5,55,0,0,0,0,0,8,18,24,5,55,8,1,9,64
08/02/2006,AGS,GA,ASO,ES,Combined TRACON& Tower with Radar,16,11,25,12,64,0,0,10,2,12,16,11,35,14,76,6,12,18,94
08/03/2006,AGS,GA,ASO,ES,Combined TRACON& Tower with Radar,9,13,12,5,39,0,0,0,0,0,9,13,12,5,39,9,4,13,52
08/04/2006,AGS,GA,ASO,ES,Combined TRACON& Tower with Radar,13,15,29,5,62,0,0,0,0,0,13,15,29,5,62,20,0,20,82
08/05/2006,AGS,GA,ASO,ES,Combined TRACON& Tower with Radar,11,8,6,2,27,0,0,0,0,0,11,8,6,2,27,14,0,14,41
08/06/2006,AGS,GA,ASO,ES,Combined TRACON& Tower with Radar,12,11,13,6,42,0,0,2,1,3,12,11,15,7,45,0,2,2,47
08/07/2006,AGS,GA,ASO,ES,Combined TRACON& Tower with Radar,8,17,29,12,66,0,0,0,0,0,8,17,29,12,66,10,5,15,81
08/08/2006,AGS,GA,ASO,ES,Combined TRACON& Tower with Radar,10,16,55,4,85,0,0,0,0,0,10,16,55,4,85,29,6,35,120
08/09/2006,AGS,GA,ASO,ES,Combined TRACON& Tower with Radar,18,21,27,5,71,0,0,0,0,0,18,21,27,5,71,14,2,16,87
08/10/2006,AGS,GA,ASO,ES,Combined TRACON& Tower with Radar,20,20,18,16,74,0,0,8,2,10,20,20,26,18,84,3,30,33,117
08/11/2006,AGS,GA,ASO,ES,Combined TRACON& Tower with Radar,9,18,25,10,62,0,0,0,0,0,9,18,25,10,62,20,0,20,82
08/12/2006,AGS,GA,ASO,ES,Combined TRACON& Tower with Radar,8,10,11,2,31,0,0,0,0,0,8,10,11,2,31,0,0,0,31
08/13/2006,AGS,GA,ASO,ES,Combined TRACON& Tower with Radar,10,12,17,0,39,0,0,0,0,0,10,12,17,0,39,54,0,54,93
08/14/2006,AGS,GA,ASO,ES,Combined TRACON& Tower with Radar,10,17,22,6,55,0,0,0,0,0,10,17,22,6,55,5,11,16,71
08/15/2006,AGS,GA,ASO,ES,Combined TRACON& Tower with Radar,4,21,35,2,62,0,0,0,0,0,4,21,35,2,62,12,0,12,74
08/16/2006,AGS,GA,ASO,ES,Combined TRACON& Tower with Radar,6,17,36,8,67,0,2,4,1,7,6,19,40,9,74,16,14,30,104
08/17/2006,AGS,GA,ASO,ES,Combined TRACON& Tower with Radar,12,18,30,5,65,0,0,0,0,0,12,18,30,5,65,6,0,6,71
08/18/2006,AGS,GA,ASO,ES,Combined TRACON& Tower with Radar,12,14,26,1,53,0,0,0,0,0,12,14,26,1,53,3,0,3,56
08/19/2006,AGS,GA,ASO,ES,Combined TRACON& Tower with Radar,6,11,9,4,30,0,0,0,0,0,6,11,9,4,30,22,0,22,52
08/20/2006,AGS,GA,ASO,ES,Combined TRACON& Tower with Radar,19,13,19,11,62,0,0,0,0,0,19,13,19,11,62,8,8,16,78
08/21/2006,AGS,GA,ASO,ES,Combined TRACON& Tower with Radar,7,18,17,4,46,0,0,0,0,0,7,18,17,4,46,2,0,2,48
08/22/2006,AGS,GA,ASO,ES,Combined TRACON& Tower with Radar,11,17,39,0,67,0,0,0,0,0,11,17,39,0,67,16,0,16,83
08/23/2006,AGS,GA,ASO,ES,Combined TRACON& Tower with Radar,7,15,17,3,42,0,0,0,0,0,7,15,17,3,42,0,0,0,42
08/24/2006,AGS,GA,ASO,ES,Combined TRACON& Tower with Radar,16,14,24,2,56,0,0,0,0,0,16,14,24,2,56,0,0,0,56
08/25/2006,AGS,GA,ASO,ES,Combined TRACON& Tower with Radar,12,19,37,2,70,0,0,0,0,0,12,19,37,2,70,6,2,8,78
08/26/2006,AGS,GA,ASO,ES,Combined TRACON& Tower with Radar,7,9,18,0,34,0,0,21,0,21,7,9,39,0,55,10,0,10,65
08/27/2006,AGS,GA,ASO,ES,Combined TRACON& Tower with Radar,9,17,9,0,35,0,0,0,0,0,9,17,9,0,35,6,0,6,41
08/28/2006,AGS,GA,ASO,ES,Combined TRACON& Tower with Radar,8,15,18,7,48,0,0,0,0,0,8,15,18,7,48,3,0,3,51
08/29/2006,AGS,GA,ASO,ES,Combined TRACON& Tower with Radar,8,15,24,8,55,0,0,0,0,0,8,15,24,8,55,21,5,26,81
08/30/2006,AGS,GA,ASO,ES,Combined TRACON& Tower with Radar,8,20,38,2,68,0,3,7,0,10,8,23,45,2,78,10,0,10,88
08/31/2006,AGS,GA,ASO,ES,Combined TRACON& Tower with Radar,10,14,42,7,73,0,0,0,0,0,10,14,42,7,73,2,16,18,91
09/01/2006,AGS,GA,ASO,ES,Combined TRACON& Tower with Radar,11,15,31,1,58,0,0,0,0,0,11,15,31,1,58,10,0,10,68
09/02/2006,AGS,GA,ASO,ES,Combined TRACON& Tower with Radar,8,10,13,0,31,0,0,0,0,0,8,10,13,0,31,20,0,20,51
09/03/2006,AGS,GA,ASO,ES,Combined TRACON& Tower with Radar,2,15,4,2,23,0,0,0,0,0,2,15,4,2,23,0,0,0,23
09/04/2006,AGS,GA,ASO,ES,Combined TRACON& Tower with Radar,8,17,13,0,38,0,0,0,0,0,8,17,13,0,38,0,0,0,38
09/05/2006,AGS,GA,ASO,ES,Combined TRACON& Tower with Radar,8,19,34,8,69,0,0,0,0,0,8,19,34,8,69,2,1,3,72
09/06/2006,AGS,GA,ASO,ES,Combined TRACON& Tower with Radar,4,19,37,6,66,0,0,0,0,0,4,19,37,6,66,35,6,41,107
09/07/2006,AGS,GA,ASO,ES,Combined TRACON& Tower with Radar,11,20,31,4,66,0,0,0,0,0,11,20,31,4,66,0,0,0,66
09/08/2006,AGS,GA,ASO,ES,Combined TRACON& Tower with Radar,12,16,32,4,64,0,0,0,0,0,12,16,32,4,64,4,4,8,72
09/09/2006,AGS,GA,ASO,ES,Combined TRACON& Tower with Radar,6,14,9,1,30,0,0,0,0,0,6,14,9,1,30,8,0,8,38
09/10/2006,AGS,GA,ASO,ES,Combined TRACON& Tower with Radar,8,13,15,9,45,0,0,12,1,13,8,13,27,10,58,38,4,42,100
09/11/2006,AGS,GA,ASO,ES,Combined TRACON& Tower with Radar,10,17,30,9,66,0,0,0,0,0,10,17,30,9,66,11,12,23,89
09/12/2006,AGS,GA,ASO,ES,Combined TRACON& Tower with Radar,6,22,34,15,77,0,0,0,0,0,6,22,34,15,77,30,21,51,128
09/13/2006,AGS,GA,ASO,ES,Combined TRACON& Tower with Radar,9,15,39,2,65,0,0,0,0,0,9,15,39,2,65,0,0,0,65
09/14/2006,AGS,GA,ASO,ES,Combined TRACON& Tower with Radar,10,17,31,4,62,0,0,0,0,0,10,17,31,4,62,6,0,6,68
09/15/2006,AGS,GA,ASO,ES,Combined TRACON& Tower with Radar,10,17,41,2,70,0,0,0,0,0,10,17,41,2,70,4,0,4,74
09/16/2006,AGS,GA,ASO,ES,Combined TRACON& Tower with Radar,7,12,15,11,45,0,0,0,0,0,7,12,15,11,45,12,4,16,61
09/17/2006,AGS,GA,ASO,ES,Combined TRACON& Tower with Radar,12,15,9,0,36,0,0,15,0,15,12,15,24,0,51,10,0,10,61
09/18/2006,AGS,GA,ASO,ES,Combined TRACON& Tower with Radar,9,24,26,6,65,0,0,0,0,0,9,24,26,6,65,18,2,20,85
09/19/2006,AGS,GA,ASO,ES,Combined TRACON& Tower with Radar,7,13,16,4,40,0,0,0,0,0,7,13,16,4,40,2,8,10,50
09/20/2006,AGS,GA,ASO,ES,Combined TRACON& Tower with Radar,5,17,21,4,47,0,0,0,0,0,5,17,21,4,47,39,2,41,88
09/21/2006,AGS,GA,ASO,ES,Combined TRACON& Tower with Radar,9,23,27,5,64,0,0,0,0,0,9,23,27,5,64,24,1,25,89
09/22/2006,AGS,GA,ASO,ES,Combined TRACON& Tower with Radar,3,31,36,2,72,0,0,0,0,0,3,31,36,2,72,22,12,34,106
09/23/2006,AGS,GA,ASO,ES,Combined TRACON& Tower with Radar,8,14,2,2,26,0,0,18,0,18,8,14,20,2,44,17,0,17,61
09/24/2006,AGS,GA,ASO,ES,Combined TRACON& Tower with Radar,4,21,23,0,48,0,0,0,0,0,4,21,23,0,48,6,0,6,54
09/25/2006,AGS,GA,ASO,ES,Combined TRACON& Tower with Radar,7,19,22,8,56,0,0,0,0,0,7,19,22,8,56,25,2,27,83
09/26/2006,AGS,GA,ASO,ES,Combined TRACON& Tower with Radar,3,18,32,10,63,0,0,0,0,0,3,18,32,10,63,16,45,61,124
09/27/2006,AGS,GA,ASO,ES,Combined TRACON& Tower with Radar,6,16,21,1,44,0,0,21,1,22,6,16,42,2,66,12,2,14,80
09/28/2006,AGS,GA,ASO,ES,Combined TRACON& Tower with Radar,8,20,22,10,60,0,0,0,0,0,8,20,22,10,60,0,40,40,100
09/29/2006,AGS,GA,ASO,ES,Combined TRACON& Tower with Radar,10,23,25,4,62,0,0,0,0,0,10,23,25,4,62,12,4,16,78
09/30/2006,AGS,GA,ASO,ES,Combined TRACON& Tower with Radar,6,16,16,2,40,0,0,0,0,0,6,16,16,2,40,5,0,5,45
10/01/2006,AGS,GA,ASO,ES,Combined TRACON& Tower with Radar,8,18,11,0,37,0,0,9,0,9,8,18,20,0,46,29,0,29,75
10/02/2006,AGS,GA,ASO,ES,Combined TRACON& Tower with Radar,6,22,34,14,76,0,0,0,0,0,6,22,34,14,76,12,19,31,107
10/03/2006,AGS,GA,ASO,ES,Combined TRACON& Tower with Radar,4,19,29,5,57,0,0,0,0,0,4,19,29,5,57,23,10,33,90
10/04/2006,AGS,GA,ASO,ES,Combined TRACON& Tower with Radar,5,13,33,2,53,0,1,22,0,23,5,14,55,2,76,20,2,22,98
10/05/2006,AGS,GA,ASO,ES,Combined TRACON& Tower with Radar,10,16,26,7,59,0,0,0,0,0,10,16,26,7,59,19,0,19,78
10/06/2006,AGS,GA,ASO,ES,Combined TRACON& Tower with Radar,10,19,31,2,62,0,0,0,0,0,10,19,31,2,62,4,0,4,66
10/07/2006,AGS,GA,ASO,ES,Combined TRACON& Tower with Radar,6,15,10,0,31,0,0,16,0,16,6,15,26,0,47,2,0,2,49
10/08/2006,AGS,GA,ASO,ES,Combined TRACON& Tower with Radar,12,15,13,2,42,0,0,0,0,0,12,15,13,2,42,6,0,6,48
10/09/2006,AGS,GA,ASO,ES,Combined TRACON& Tower with Radar,8,16,10,9,43,0,0,0,2,2,8,16,10,11,45,8,1,9,54
10/10/2006,AGS,GA,ASO,ES,Combined TRACON& Tower with Radar,9,14,33,2,58,0,0,0,0,0,9,14,33,2,58,24,6,30,88
10/11/2006,AGS,GA,ASO,ES,Combined TRACON& Tower with Radar,8,23,29,5,65,0,0,9,3,12,8,23,38,8,77,2,8,10,87
10/12/2006,AGS,GA,ASO,ES,Combined TRACON& Tower with Radar,11,17,40,8,76,0,0,0,0,0,11,17,40,8,76,6,8,14,90
10/13/2006,AGS,GA,ASO,ES,Combined TRACON& Tower with Radar,12,26,28,3,69,0,0,0,0,0,12,26,28,3,69,8,4,12,81
10/14/2006,AGS,GA,ASO,ES,Combined TRACON& Tower with Radar,6,21,14,5,46,0,0,0,0,0,6,21,14,5,46,0,2,2,48
10/15/2006,AGS,GA,ASO,ES,Combined TRACON& Tower with Radar,10,28,17,1,56,0,0,0,0,0,10,28,17,1,56,5,0,5,61
10/16/2006,AGS,GA,ASO,ES,Combined TRACON& Tower with Radar,3,23,44,16,86,0,0,0,0,0,3,23,44,16,86,13,17,30,116
10/17/2006,AGS,GA,ASO,ES,Combined TRACON& Tower with Radar,5,16,28,3,52,0,0,0,0,0,5,16,28,3,52,14,0,14,66
10/18/2006,AGS,GA,ASO,ES,Combined TRACON& Tower with Radar,7,18,51,11,87,0,0,0,0,0,7,18,51,11,87,21,6,27,114
10/19/2006,AGS,GA,ASO,ES,Combined TRACON& Tower with Radar,11,18,41,6,76,0,0,0,0,0,11,18,41,6,76,0,0,0,76
10/20/2006,AGS,GA,ASO,ES,Combined TRACON& Tower with Radar,12,17,30,17,76,0,0,0,0,0,12,17,30,17,76,13,16,29,105
10/21/2006,AGS,GA,ASO,ES,Combined TRACON& Tower with Radar,7,13,18,2,40,0,0,0,0,0,7,13,18,2,40,0,0,0,40
10/22/2006,AGS,GA,ASO,ES,Combined TRACON& Tower with Radar,7,15,25,0,47,0,0,0,0,0,7,15,25,0,47,0,0,0,47
10/23/2006,AGS,GA,ASO,ES,Combined TRACON& Tower with Radar,0,26,36,10,72,0,0,0,0,0,0,26,36,10,72,0,8,8,80
10/24/2006,AGS,GA,ASO,ES,Combined TRACON& Tower with Radar,6,18,34,3,61,0,0,0,0,0,6,18,34,3,61,2,1,3,64
10/25/2006,AGS,GA,ASO,ES,Combined TRACON& Tower with Radar,4,15,29,5,53,0,0,0,0,0,4,15,29,5,53,10,45,55,108
10/26/2006,AGS,GA,ASO,ES,Combined TRACON& Tower with Radar,12,19,39,11,81,0,0,0,0,0,12,19,39,11,81,4,22,26,107
10/27/2006,AGS,GA,ASO,ES,Combined TRACON& Tower with Radar,11,22,35,3,71,0,0,0,0,0,11,22,35,3,71,0,0,0,71
10/28/2006,AGS,GA,ASO,ES,Combined TRACON& Tower with Radar,6,10,21,12,49,0,0,0,0,0,6,10,21,12,49,4,6,10,59
10/29/2006,AGS,GA,ASO,ES,Combined TRACON& Tower with Radar,14,17,25,0,56,0,0,15,0,15,14,17,40,0,71,7,0,7,78
10/30/2006,AGS,GA,ASO,ES,Combined TRACON& Tower with Radar,8,20,33,11,72,0,0,0,0,0,8,20,33,11,72,32,32,64,136
10/31/2006,AGS,GA,ASO,ES,Combined TRACON& Tower with Radar,7,19,34,1,61,0,0,0,0,0,7,19,34,1,61,8,1,9,70
11/01/2006,AGS,GA,ASO,ES,Combined TRACON& Tower with Radar,4,23,44,6,77,0,3,0,0,3,4,26,44,6,80,2,53,55,135
11/02/2006,AGS,GA,ASO,ES,Combined TRACON& Tower with Radar,8,40,37,14,99,0,0,1,0,1,8,40,38,14,100,5,15,20,120
11/03/2006,AGS,GA,ASO,ES,Combined TRACON& Tower with Radar,12,23,36,14,85,0,0,0,0,0,12,23,36,14,85,2,6,8,93
11/04/2006,AGS,GA,ASO,ES,Combined TRACON& Tower with Radar,6,19,16,0,41,0,0,18,0,18,6,19,34,0,59,6,0,6,65
11/05/2006,AGS,GA,ASO,ES,Combined TRACON& Tower with Radar,11,15,27,3,56,0,0,0,0,0,11,15,27,3,56,16,0,16,72
11/06/2006,AGS,GA,ASO,ES,Combined TRACON& Tower with Radar,8,34,48,14,104,0,0,13,0,13,8,34,61,14,117,6,18,24,141
11/07/2006,AGS,GA,ASO,ES,Combined TRACON& Tower with Radar,3,23,52,3,81,0,0,0,0,0,3,23,52,3,81,0,0,0,81
11/08/2006,AGS,GA,ASO,ES,Combined TRACON& Tower with Radar,7,19,55,10,91,0,0,7,2,9,7,19,62,12,100,0,0,0,100
11/09/2006,AGS,GA,ASO,ES,Combined TRACON& Tower with Radar,8,23,64,5,100,0,0,19,2,21,8,23,83,7,121,24,2,26,147
11/10/2006,AGS,GA,ASO,ES,Combined TRACON& Tower with Radar,12,17,46,6,81,0,0,0,0,0,12,17,46,6,81,18,0,18,99
11/11/2006,AGS,GA,ASO,ES,Combined TRACON& Tower with Radar,5,19,44,3,71,0,0,0,0,0,5,19,44,3,71,6,0,6,77
11/12/2006,AGS,GA,ASO,ES,Combined TRACON& Tower with Radar,8,20,29,2,59,0,0,4,0,4,8,20,33,2,63,0,0,0,63
11/13/2006,AGS,GA,ASO,ES,Combined TRACON& Tower with Radar,3,39,31,8,81,0,0,0,0,0,3,39,31,8,81,14,20,34,115
11/14/2006,AGS,GA,ASO,ES,Combined TRACON& Tower with Radar,4,33,62,12,111,0,0,0,0,0,4,33,62,12,111,14,28,42,153
11/15/2006,AGS,GA,ASO,ES,Combined TRACON& Tower with Radar,5,17,50,2,74,0,0,0,0,0,5,17,50,2,74,1,0,1,75
11/16/2006,AGS,GA,ASO,ES,Combined TRACON& Tower with Radar,10,17,31,5,63,0,0,0,0,0,10,17,31,5,63,2,0,2,65
11/17/2006,AGS,GA,ASO,ES,Combined TRACON& Tower with Radar,11,17,21,3,52,0,0,0,0,0,11,17,21,3,52,0,8,8,60
11/18/2006,AGS,GA,ASO,ES,Combined TRACON& Tower with Radar,3,21,15,2,41,0,0,13,0,13,3,21,28,2,54,24,0,24,78
11/19/2006,AGS,GA,ASO,ES,Combined TRACON& Tower with Radar,11,17,21,0,49,0,0,0,0,0,11,17,21,0,49,7,1,8,57
11/20/2006,AGS,GA,ASO,ES,Combined TRACON& Tower with Radar,6,25,31,29,91,0,0,11,3,14,6,25,42,32,105,0,8,8,113
11/21/2006,AGS,GA,ASO,ES,Combined TRACON& Tower with Radar,8,25,40,4,77,0,0,0,0,0,8,25,40,4,77,6,10,16,93
11/22/2006,AGS,GA,ASO,ES,Combined TRACON& Tower with Radar,8,24,50,3,85,0,0,0,0,0,8,24,50,3,85,0,2,2,87
11/23/2006,AGS,GA,ASO,ES,Combined TRACON& Tower with Radar,4,19,4,0,27,0,0,0,0,0,4,19,4,0,27,8,0,8,35
11/24/2006,AGS,GA,ASO,ES,Combined TRACON& Tower with Radar,1,20,10,0,31,0,0,0,0,0,1,20,10,0,31,0,0,0,31
11/25/2006,AGS,GA,ASO,ES,Combined TRACON& Tower with Radar,6,19,10,0,35,0,0,0,0,0,6,19,10,0,35,6,0,6,41
11/26/2006,AGS,GA,ASO,ES,Combined TRACON& Tower with Radar,8,26,28,2,64,0,0,7,0,7,8,26,35,2,71,2,0,2,73
11/27/2006,AGS,GA,ASO,ES,Combined TRACON& Tower with Radar,4,25,37,8,74,0,0,0,0,0,4,25,37,8,74,7,2,9,83
11/28/2006,AGS,GA,ASO,ES,Combined TRACON& Tower with Radar,8,18,42,20,88,0,0,0,0,0,8,18,42,20,88,13,53,66,154
11/29/2006,AGS,GA,ASO,ES,Combined TRACON& Tower with Radar,6,19,44,19,88,0,0,0,0,0,6,19,44,19,88,0,32,32,120
11/30/2006,AGS,GA,ASO,ES,Combined TRACON& Tower with Radar,10,17,57,6,90,0,0,0,0,0,10,17,57,6,90,0,0,0,90
12/01/2006,AGS,GA,ASO,ES,Combined TRACON& Tower with Radar,11,24,32,3,70,0,0,0,0,0,11,24,32,3,70,0,0,0,70
12/02/2006,AGS,GA,ASO,ES,Combined TRACON& Tower with Radar,6,13,21,2,42,0,0,23,0,23,6,13,44,2,65,6,0,6,71
12/03/2006,AGS,GA,ASO,ES,Combined TRACON& Tower with Radar,10,19,18,10,57,0,0,0,0,0,10,19,18,10,57,0,13,13,70
12/04/2006,AGS,GA,ASO,ES,Combined TRACON& Tower with Radar,8,20,29,11,68,0,1,24,10,35,8,21,53,21,103,17,44,61,164
12/05/2006,AGS,GA,ASO,ES,Combined TRACON& Tower with Radar,4,36,41,11,92,0,0,0,0,0,4,36,41,11,92,0,18,18,110
12/06/2006,AGS,GA,ASO,ES,Combined TRACON& Tower with Radar,4,22,44,14,84,0,0,27,6,33,4,22,71,20,117,10,2,12,129
12/07/2006,AGS,GA,ASO,ES,Combined TRACON& Tower with Radar,9,19,47,14,89,0,0,0,0,0,9,19,47,14,89,4,22,26,115
12/08/2006,AGS,GA,ASO,ES,Combined TRACON& Tower with Radar,7,31,33,4,75,0,0,0,0,0,7,31,33,4,75,0,0,0,75
12/09/2006,AGS,GA,ASO,ES,Combined TRACON& Tower with Radar,2,13,16,3,34,0,0,0,0,0,2,13,16,3,34,4,0,4,38
12/10/2006,AGS,GA,ASO,ES,Combined TRACON& Tower with Radar,8,15,11,2,36,0,0,18,0,18,8,15,29,2,54,12,0,12,66
12/11/2006,AGS,GA,ASO,ES,Combined TRACON& Tower with Radar,6,21,36,17,80,0,0,30,4,34,6,21,66,21,114,12,10,22,136
12/12/2006,AGS,GA,ASO,ES,Combined TRACON& Tower with Radar,4,15,28,9,56,0,0,0,0,0,4,15,28,9,56,12,2,14,70
12/13/2006,AGS,GA,ASO,ES,Combined TRACON& Tower with Radar,5,14,32,9,60,0,0,4,0,4,5,14,36,9,64,4,4,8,72
12/14/2006,AGS,GA,ASO,ES,Combined TRACON& Tower with Radar,6,19,21,4,50,0,0,0,0,0,6,19,21,4,50,13,0,13,63
12/15/2006,AGS,GA,ASO,ES,Combined TRACON& Tower with Radar,9,12,13,6,40,0,0,0,0,0,9,12,13,6,40,0,8,8,48
12/16/2006,AGS,GA,ASO,ES,Combined TRACON& Tower with Radar,8,10,16,2,36,0,0,0,0,0,8,10,16,2,36,15,0,15,51
12/17/2006,AGS,GA,ASO,ES,Combined TRACON& Tower with Radar,7,15,10,2,34,0,0,7,0,7,7,15,17,2,41,14,0,14,55
12/18/2006,AGS,GA,ASO,ES,Combined TRACON& Tower with Radar,7,20,47,2,76,0,0,0,0,0,7,20,47,2,76,6,0,6,82
12/19/2006,AGS,GA,ASO,ES,Combined TRACON& Tower with Radar,3,23,47,7,80,0,0,0,0,0,3,23,47,7,80,12,5,17,97
12/20/2006,AGS,GA,ASO,ES,Combined TRACON& Tower with Radar,9,17,47,13,86,0,0,0,0,0,9,17,47,13,86,9,15,24,110
12/21/2006,AGS,GA,ASO,ES,Combined TRACON& Tower with Radar,7,14,24,2,47,0,0,0,0,0,7,14,24,2,47,0,0,0,47
12/22/2006,AGS,GA,ASO,ES,Combined TRACON& Tower with Radar,7,15,14,0,36,0,0,0,0,0,7,15,14,0,36,1,0,1,37
12/23/2006,AGS,GA,ASO,ES,Combined TRACON& Tower with Radar,8,10,6,2,26,0,0,0,0,0,8,10,6,2,26,0,0,0,26
12/24/2006,AGS,GA,ASO,ES,Combined TRACON& Tower with Radar,7,8,4,0,19,0,0,0,0,0,7,8,4,0,19,13,0,13,32
12/25/2006,AGS,GA,ASO,ES,Combined TRACON& Tower with Radar,5,16,1,2,24,0,0,0,0,0,5,16,1,2,24,0,0,0,24
12/26/2006,AGS,GA,ASO,ES,Combined TRACON& Tower with Radar,1,20,7,0,28,0,0,0,0,0,1,20,7,0,28,3,0,3,31
12/27/2006,AGS,GA,ASO,ES,Combined TRACON& Tower with Radar,9,19,12,2,42,0,0,19,0,19,9,19,31,2,61,18,0,18,79
12/28/2006,AGS,GA,ASO,ES,Combined TRACON& Tower with Radar,5,17,25,1,48,0,1,0,0,1,5,18,25,1,49,19,0,19,68
12/29/2006,AGS,GA,ASO,ES,Combined TRACON& Tower with Radar,9,14,15,2,40,0,0,0,0,0,9,14,15,2,40,0,8,8,48
12/30/2006,AGS,GA,ASO,ES,Combined TRACON& Tower with Radar,11,18,23,0,52,0,0,3,0,3,11,18,26,0,55,14,0,14,69
12/31/2006,AGS,GA,ASO,ES,Combined TRACON& Tower with Radar,6,11,8,0,25,0,0,0,0,0,6,11,8,0,25,0,0,0,25
01/01/2007,AGS,GA,ASO,ES,Combined TRACON& Tower with Radar,2,21,12,1,36,0,0,0,0,0,2,21,12,1,36,0,0,0,36
01/02/2007,AGS,GA,ASO,ES,Combined TRACON& Tower with Radar,5,16,23,0,44,0,0,0,0,0,5,16,23,0,44,10,0,10,54
01/03/2007,AGS,GA,ASO,ES,Combined TRACON& Tower with Radar,14,8,27,11,60,0,0,0,0,0,14,8,27,11,60,0,20,20,80
01/04/2007,AGS,GA,ASO,ES,Combined TRACON& Tower with Radar,8,15,26,17,66,0,0,0,0,0,8,15,26,17,66,0,0,0,66
01/05/2007,AGS,GA,ASO,ES,Combined TRACON& Tower with Radar,20,11,26,2,59,0,0,0,0,0,20,11,26,2,59,0,0,0,59
01/06/2007,AGS,GA,ASO,ES,Combined TRACON& Tower with Radar,4,13,26,4,47,0,0,0,0,0,4,13,26,4,47,8,0,8,55
01/07/2007,AGS,GA,ASO,ES,Combined TRACON& Tower with Radar,17,19,13,0,49,0,0,0,0,0,17,19,13,0,49,2,0,2,51
01/08/2007,AGS,GA,ASO,ES,Combined TRACON& Tower with Radar,9,16,18,3,46,0,0,0,0,0,9,16,18,3,46,8,0,8,54
01/09/2007,AGS,GA,ASO,ES,Combined TRACON& Tower with Radar,6,20,19,13,58,0,0,0,0,0,6,20,19,13,58,3,48,51,109
01/10/2007,AGS,GA,ASO,ES,Combined TRACON& Tower with Radar,14,11,20,12,57,0,1,38,0,39,14,12,58,12,96,18,20,38,134
01/11/2007,AGS,GA,ASO,ES,Combined TRACON& Tower with Radar,7,19,27,4,57,0,0,0,0,0,7,19,27,4,57,16,2,18,75
01/12/2007,AGS,GA,ASO,ES,Combined TRACON& Tower with Radar,8,16,21,5,50,0,0,0,0,0,8,16,21,5,50,10,12,22,72
01/13/2007,AGS,GA,ASO,ES,Combined TRACON& Tower with Radar,5,8,13,2,28,0,0,0,0,0,5,8,13,2,28,0,0,0,28
01/14/2007,AGS,GA,ASO,ES,Combined TRACON& Tower with Radar,9,11,33,0,53,0,0,0,0,0,9,11,33,0,53,12,0,12,65
01/15/2007,AGS,GA,ASO,ES,Combined TRACON& Tower with Radar,7,18,15,2,42,0,0,0,0,0,7,18,15,2,42,7,0,7,49
01/16/2007,AGS,GA,ASO,ES,Combined TRACON& Tower with Radar,7,23,23,1,54,0,0,0,0,0,7,23,23,1,54,0,0,0,54
01/17/2007,AGS,GA,ASO,ES,Combined TRACON& Tower with Radar,8,24,26,6,64,0,0,0,0,0,8,24,26,6,64,0,4,4,68
01/18/2007,AGS,GA,ASO,ES,Combined TRACON& Tower with Radar,3,9,41,0,53,0,0,0,0,0,3,9,41,0,53,0,0,0,53
01/19/2007,AGS,GA,ASO,ES,Combined TRACON& Tower with Radar,9,21,49,10,89,0,0,0,0,0,9,21,49,10,89,2,8,10,99
01/20/2007,AGS,GA,ASO,ES,Combined TRACON& Tower with Radar,6,9,15,0,30,0,0,0,0,0,6,9,15,0,30,20,0,20,50
01/21/2007,AGS,GA,ASO,ES,Combined TRACON& Tower with Radar,7,11,12,0,30,0,0,0,0,0,7,11,12,0,30,8,0,8,38
01/22/2007,AGS,GA,ASO,ES,Combined TRACON& Tower with Radar,7,19,26,8,60,0,0,0,0,0,7,19,26,8,60,0,15,15,75
01/23/2007,AGS,GA,ASO,ES,Combined TRACON& Tower with Radar,6,17,42,7,72,0,0,0,0,0,6,17,42,7,72,4,9,13,85
01/24/2007,AGS,GA,ASO,ES,Combined TRACON& Tower with Radar,5,22,40,15,82,0,0,17,13,30,5,22,57,28,112,4,31,35,147
01/25/2007,AGS,GA,ASO,ES,Combined TRACON& Tower with Radar,7,19,34,15,75,0,0,0,0,0,7,19,34,15,75,4,18,22,97
01/26/2007,AGS,GA,ASO,ES,Combined TRACON& Tower with Radar,9,21,28,10,68,0,0,0,0,0,9,21,28,10,68,2,24,26,94
01/27/2007,AGS,GA,ASO,ES,Combined TRACON& Tower with Radar,4,7,21,2,34,0,1,36,0,37,4,8,57,2,71,26,0,26,97
01/28/2007,AGS,GA,ASO,ES,Combined TRACON& Tower with Radar,11,13,13,3,40,0,0,2,1,3,11,13,15,4,43,4,0,4,47
01/29/2007,AGS,GA,ASO,ES,Combined TRACON& Tower with Radar,6,20,30,13,69,0,0,0,0,0,6,20,30,13,69,0,18,18,87
01/30/2007,AGS,GA,ASO,ES,Combined TRACON& Tower with Radar,7,19,39,9,74,0,0,0,0,0,7,19,39,9,74,2,15,17,91
01/31/2007,AGS,GA,ASO,ES,Combined TRACON& Tower with Radar,6,17,25,6,54,0,0,0,0,0,6,17,25,6,54,5,16,21,75
02/01/2007,AGS,GA,ASO,ES,Combined TRACON& Tower with Radar,4,13,33,0,50,0,0,0,0,0,4,13,33,0,50,0,0,0,50
02/02/2007,AGS,GA,ASO,ES,Combined TRACON& Tower with Radar,8,19,40,0,67,0,0,0,0,0,8,19,40,0,67,1,0,1,68
02/03/2007,AGS,GA,ASO,ES,Combined TRACON& Tower with Radar,6,13,15,0,34,0,0,0,0,0,6,13,15,0,34,34,0,34,68
02/04/2007,AGS,GA,ASO,ES,Combined TRACON& Tower with Radar,8,19,22,0,49,0,0,0,0,0,8,19,22,0,49,8,0,8,57
02/05/2007,AGS,GA,ASO,ES,Combined TRACON& Tower with Radar,5,25,35,5,70,0,0,0,0,0,5,25,35,5,70,24,0,24,94
02/06/2007,AGS,GA,ASO,ES,Combined TRACON& Tower with Radar,7,13,32,5,57,0,0,0,0,0,7,13,32,5,57,24,4,28,85
02/07/2007,AGS,GA,ASO,ES,Combined TRACON& Tower with Radar,8,13,28,12,61,0,0,6,8,14,8,13,34,20,75,6,30,36,111
02/08/2007,AGS,GA,ASO,ES,Combined TRACON& Tower with Radar,4,20,25,11,60,0,0,0,0,0,4,20,25,11,60,12,8,20,80
02/09/2007,AGS,GA,ASO,ES,Combined TRACON& Tower with Radar,9,13,24,6,52,0,0,0,0,0,9,13,24,6,52,12,38,50,102
02/10/2007,AGS,GA,ASO,ES,Combined TRACON& Tower with Radar,6,8,12,2,28,0,0,19,0,19,6,8,31,2,47,26,0,26,73
02/11/2007,AGS,GA,ASO,ES,Combined TRACON& Tower with Radar,8,11,29,0,48,0,0,22,0,22,8,11,51,0,70,21,0,21,91
02/12/2007,AGS,GA,ASO,ES,Combined TRACON& Tower with Radar,8,19,36,11,74,0,0,0,0,0,8,19,36,11,74,30,0,30,104
02/13/2007,AGS,GA,ASO,ES,Combined TRACON& Tower with Radar,6,27,31,7,71,0,0,0,0,0,6,27,31,7,71,4,0,4,75
02/14/2007,AGS,GA,ASO,ES,Combined TRACON& Tower with Radar,8,14,36,4,62,0,0,0,0,0,8,14,36,4,62,0,0,0,62
02/15/2007,AGS,GA,ASO,ES,Combined TRACON& Tower with Radar,10,25,38,11,84,0,0,0,0,0,10,25,38,11,84,22,0,22,106
02/16/2007,AGS,GA,ASO,ES,Combined TRACON& Tower with Radar,8,19,26,7,60,0,0,0,0,0,8,19,26,7,60,4,0,4,64
02/17/2007,AGS,GA,ASO,ES,Combined TRACON& Tower with Radar,5,9,15,3,32,0,0,0,0,0,5,9,15,3,32,6,0,6,38
02/18/2007,AGS,GA,ASO,ES,Combined TRACON& Tower with Radar,11,9,14,1,35,0,0,0,0,0,11,9,14,1,35,2,0,2,37
02/19/2007,AGS,GA,ASO,ES,Combined TRACON& Tower with Radar,7,19,16,0,42,0,0,0,0,0,7,19,16,0,42,12,0,12,54
02/20/2007,AGS,GA,ASO,ES,Combined TRACON& Tower with Radar,3,34,28,9,74,0,0,0,0,0,3,34,28,9,74,6,10,16,90
02/21/2007,AGS,GA,ASO,ES,Combined TRACON& Tower with Radar,6,16,37,5,64,0,0,3,3,6,6,16,40,8,70,6,0,6,76
02/22/2007,AGS,GA,ASO,ES,Combined TRACON& Tower with Radar,7,23,42,9,81,0,0,0,0,0,7,23,42,9,81,0,1,1,82
02/23/2007,AGS,GA,ASO,ES,Combined TRACON& Tower with Radar,8,18,42,2,70,0,0,0,0,0,8,18,42,2,70,0,0,0,70
02/24/2007,AGS,GA,ASO,ES,Combined TRACON& Tower with Radar,4,14,20,2,40,0,0,20,0,20,4,14,40,2,60,0,0,0,60
02/25/2007,AGS,GA,ASO,ES,Combined TRACON& Tower with Radar,9,23,22,0,54,0,0,13,0,13,9,23,35,0,67,0,0,0,67
02/26/2007,AGS,GA,ASO,ES,Combined TRACON& Tower with Radar,6,22,20,7,55,0,0,0,0,0,6,22,20,7,55,18,14,32,87
02/27/2007,AGS,GA,ASO,ES,Combined TRACON& Tower with Radar,8,28,45,8,89,0,0,0,0,0,8,28,45,8,89,8,10,18,107
02/28/2007,AGS,GA,ASO,ES,Combined TRACON& Tower with Radar,10,24,55,17,106,0,0,0,0,0,10,24,55,17,106,5,26,31,137
03/01/2007,AGS,GA,ASO,ES,Combined TRACON& Tower with Radar,11,17,40,4,72,0,0,0,0,0,11,17,40,4,72,0,1,1,73
03/02/2007,AGS,GA,ASO,ES,Combined TRACON& Tower with Radar,9,16,44,5,74,0,0,0,0,0,9,16,44,5,74,4,26,30,104
03/03/2007,AGS,GA,ASO,ES,Combined TRACON& Tower with Radar,6,21,9,3,39,0,0,17,0,17,6,21,26,3,56,14,0,14,70
03/04/2007,AGS,GA,ASO,ES,Combined TRACON& Tower with Radar,6,32,32,0,70,0,0,0,0,0,6,32,32,0,70,6,0,6,76
03/05/2007,AGS,GA,ASO,ES,Combined TRACON& Tower with Radar,6,22,19,12,59,0,0,0,0,0,6,22,19,12,59,23,3,26,85
03/06/2007,AGS,GA,ASO,ES,Combined TRACON& Tower with Radar,8,23,28,9,68,0,0,0,0,0,8,23,28,9,68,8,9,17,85
03/07/2007,AGS,GA,ASO,ES,Combined TRACON& Tower with Radar,9,19,38,9,75,0,0,23,5,28,9,19,61,14,103,22,0,22,125
03/08/2007,AGS,GA,ASO,ES,Combined TRACON& Tower with Radar,7,17,45,15,84,0,0,0,0,0,7,17,45,15,84,20,6,26,110
03/09/2007,AGS,GA,ASO,ES,Combined TRACON& Tower with Radar,9,20,37,3,69,0,0,0,0,0,9,20,37,3,69,6,0,6,75
03/10/2007,AGS,GA,ASO,ES,Combined TRACON& Tower with Radar,7,10,21,2,40,0,0,14,0,14,7,10,35,2,54,16,0,16,70
03/11/2007,AGS,GA,ASO,ES,Combined TRACON& Tower with Radar,8,16,15,3,42,0,0,24,3,27,8,16,39,6,69,23,4,27,96
03/12/2007,AGS,GA,ASO,ES,Combined TRACON& Tower with Radar,4,25,28,7,64,0,0,0,0,0,4,25,28,7,64,10,2,12,76
03/13/2007,AGS,GA,ASO,ES,Combined TRACON& Tower with Radar,7,22,25,10,64,0,0,0,0,0,7,22,25,10,64,15,2,17,81
03/14/2007,AGS,GA,ASO,ES,Combined TRACON& Tower with Radar,7,18,65,10,100,0,0,0,0,0,7,18,65,10,100,14,1,15,115
03/15/2007,AGS,GA,ASO,ES,Combined TRACON& Tower with Radar,7,40,76,8,131,0,0,0,0,0,7,40,76,8,131,4,7,11,142
03/16/2007,AGS,GA,ASO,ES,Combined TRACON& Tower with Radar,9,24,41,6,80,0,0,0,0,0,9,24,41,6,80,0,0,0,80
03/17/2007,AGS,GA,ASO,ES,Combined TRACON& Tower with Radar,4,19,26,2,51,0,0,0,0,0,4,19,26,2,51,0,0,0,51
03/18/2007,AGS,GA,ASO,ES,Combined TRACON& Tower with Radar,9,11,19,1,40,0,0,0,0,0,9,11,19,1,40,8,8,16,56
03/19/2007,AGS,GA,ASO,ES,Combined TRACON& Tower with Radar,6,27,23,6,62,0,0,0,0,0,6,27,23,6,62,0,14,14,76
03/20/2007,AGS,GA,ASO,ES,Combined TRACON& Tower with Radar,6,25,22,7,60,0,0,0,0,0,6,25,22,7,60,6,11,17,77
03/21/2007,AGS,GA,ASO,ES,Combined TRACON& Tower with Radar,7,32,48,7,94,0,0,19,2,21,7,32,67,9,115,8,4,12,127
03/22/2007,AGS,GA,ASO,ES,Combined TRACON& Tower with Radar,6,24,32,3,65,0,0,0,0,0,6,24,32,3,65,10,0,10,75
03/23/2007,AGS,GA,ASO,ES,Combined TRACON& Tower with Radar,8,21,38,6,73,0,0,0,0,0,8,21,38,6,73,14,2,16,89
03/24/2007,AGS,GA,ASO,ES,Combined TRACON& Tower with Radar,4,20,22,3,49,0,0,15,0,15,4,20,37,3,64,15,0,15,79
03/25/2007,AGS,GA,ASO,ES,Combined TRACON& Tower with Radar,9,21,27,3,60,0,0,23,3,26,9,21,50,6,86,7,0,7,93
03/26/2007,AGS,GA,ASO,ES,Combined TRACON& Tower with Radar,5,23,29,9,66,0,0,0,0,0,5,23,29,9,66,0,0,0,66
03/27/2007,AGS,GA,ASO,ES,Combined TRACON& Tower with Radar,6,19,52,6,83,0,0,0,0,0,6,19,52,6,83,3,2,5,88
03/28/2007,AGS,GA,ASO,ES,Combined TRACON& Tower with Radar,6,18,28,10,62,0,0,0,0,0,6,18,28,10,62,6,0,6,68
03/29/2007,AGS,GA,ASO,ES,Combined TRACON& Tower with Radar,10,22,55,6,93,2,0,0,0,2,12,22,55,6,95,6,0,6,101
03/30/2007,AGS,GA,ASO,ES,Combined TRACON& Tower with Radar,8,23,45,7,83,0,0,0,0,0,8,23,45,7,83,24,4,28,111
03/31/2007,AGS,GA,ASO,ES,Combined TRACON& Tower with Radar,3,34,29,2,68,0,0,0,0,0,3,34,29,2,68,20,0,20,88
04/01/2007,AGS,GA,ASO,ES,Combined TRACON& Tower with Radar,12,67,72,0,151,0,0,0,0,0,12,67,72,0,151,0,0,0,151
04/02/2007,AGS,GA,ASO,ES,Combined TRACON& Tower with Radar,20,72,118,0,210,0,0,0,0,0,20,72,118,0,210,5,0,5,215
04/03/2007,AGS,GA,ASO,ES,Combined TRACON& Tower with Radar,19,66,189,2,276,0,0,0,0,0,19,66,189,2,276,0,0,0,276
04/04/2007,AGS,GA,ASO,ES,Combined TRACON& Tower with Radar,28,113,262,1,404,0,0,0,0,0,28,113,262,1,404,0,0,0,404
04/05/2007,AGS,GA,ASO,ES,Combined TRACON& Tower with Radar,18,154,272,0,444,0,0,0,0,0,18,154,272,0,444,0,0,0,444
04/06/2007,AGS,GA,ASO,ES,Combined TRACON& Tower with Radar,29,102,282,0,413,0,1,0,0,1,29,103,282,0,414,0,0,0,414
04/07/2007,AGS,GA,ASO,ES,Combined TRACON& Tower with Radar,20,104,196,0,320,0,0,0,0,0,20,104,196,0,320,0,0,0,320
04/08/2007,AGS,GA,ASO,ES,Combined TRACON& Tower with Radar,28,130,204,0,362,0,0,0,0,0,28,130,204,0,362,0,0,0,362
04/09/2007,AGS,GA,ASO,ES,Combined TRACON& Tower with Radar,28,52,99,4,183,0,0,0,0,0,28,52,99,4,183,15,1,16,199
04/10/2007,AGS,GA,ASO,ES,Combined TRACON& Tower with Radar,6,17,32,5,60,0,0,0,0,0,6,17,32,5,60,7,0,7,67
04/11/2007,AGS,GA,ASO,ES,Combined TRACON& Tower with Radar,7,15,39,9,70,0,0,0,0,0,7,15,39,9,70,2,6,8,78
04/12/2007,AGS,GA,ASO,ES,Combined TRACON& Tower with Radar,6,16,29,5,56,0,0,0,0,0,6,16,29,5,56,0,2,2,58
04/13/2007,AGS,GA,ASO,ES,Combined TRACON& Tower with Radar,10,20,37,8,75,0,0,0,0,0,10,20,37,8,75,36,13,49,124
04/14/2007,AGS,GA,ASO,ES,Combined TRACON& Tower with Radar,4,15,13,4,36,0,0,0,0,0,4,15,13,4,36,22,0,22,58
04/15/2007,AGS,GA,ASO,ES,Combined TRACON& Tower with Radar,9,16,19,0,44,0,0,0,0,0,9,16,19,0,44,2,0,2,46
04/16/2007,AGS,GA,ASO,ES,Combined TRACON& Tower with Radar,5,27,32,2,66,0,0,0,0,0,5,27,32,2,66,0,0,0,66
04/17/2007,AGS,GA,ASO,ES,Combined TRACON& Tower with Radar,7,28,37,3,75,0,0,0,0,0,7,28,37,3,75,20,0,20,95
04/18/2007,AGS,GA,ASO,ES,Combined TRACON& Tower with Radar,7,18,33,4,62,0,0,7,1,8,7,18,40,5,70,0,0,0,70
04/19/2007,AGS,GA,ASO,ES,Combined TRACON& Tower with Radar,6,29,50,7,92,0,0,0,0,0,6,29,50,7,92,0,0,0,92
04/20/2007,AGS,GA,ASO,ES,Combined TRACON& Tower with Radar,10,27,48,3,88,0,0,0,0,0,10,27,48,3,88,32,6,38,126
04/21/2007,AGS,GA,ASO,ES,Combined TRACON& Tower with Radar,3,28,37,4,72,0,0,22,4,26,3,28,59,8,98,18,0,18,116
04/22/2007,AGS,GA,ASO,ES,Combined TRACON& Tower with Radar,11,19,24,2,56,0,0,10,0,10,11,19,34,2,66,3,0,3,69
04/23/2007,AGS,GA,ASO,ES,Combined TRACON& Tower with Radar,7,22,40,5,74,0,0,0,0,0,7,22,40,5,74,17,3,20,94
04/24/2007,AGS,GA,ASO,ES,Combined TRACON& Tower with Radar,6,24,46,4,80,0,0,0,0,0,6,24,46,4,80,1,1,2,82
04/25/2007,AGS,GA,ASO,ES,Combined TRACON& Tower with Radar,7,22,55,9,93,0,0,0,0,0,7,22,55,9,93,12,0,12,105
04/26/2007,AGS,GA,ASO,ES,Combined TRACON& Tower with Radar,8,29,48,2,87,0,0,0,0,0,8,29,48,2,87,13,5,18,105
04/27/2007,AGS,GA,ASO,ES,Combined TRACON& Tower with Radar,10,27,43,11,91,0,0,0,0,0,10,27,43,11,91,11,2,13,104
04/28/2007,AGS,GA,ASO,ES,Combined TRACON& Tower with Radar,4,15,22,3,44,0,0,0,0,0,4,15,22,3,44,3,0,3,47
04/29/2007,AGS,GA,ASO,ES,Combined TRACON& Tower with Radar,8,24,29,5,66,0,0,28,1,29,8,24,57,6,95,17,2,19,114
04/30/2007,AGS,GA,ASO,ES,Combined TRACON& Tower with Radar,8,23,46,5,82,0,0,0,0,0,8,23,46,5,82,14,0,14,96
05/01/2007,AGS,GA,ASO,ES,Combined TRACON& Tower with Radar,6,23,36,8,73,0,0,0,0,0,6,23,36,8,73,11,28,39,112
05/02/2007,AGS,GA,ASO,ES,Combined TRACON& Tower with Radar,7,22,48,4,81,0,0,22,1,23,7,22,70,5,104,45,0,45,149
05/03/2007,AGS,GA,ASO,ES,Combined TRACON& Tower with Radar,8,18,50,5,81,0,0,0,0,0,8,18,50,5,81,12,0,12,93
05/04/2007,AGS,GA,ASO,ES,Combined TRACON& Tower with Radar,7,20,39,13,79,0,0,0,0,0,7,20,39,13,79,22,0,22,101
05/05/2007,AGS,GA,ASO,ES,Combined TRACON& Tower with Radar,4,26,29,6,65,0,0,0,0,0,4,26,29,6,65,7,0,7,72
05/06/2007,AGS,GA,ASO,ES,Combined TRACON& Tower with Radar,8,37,36,0,81,0,0,0,0,0,8,37,36,0,81,0,0,0,81
05/07/2007,AGS,GA,ASO,ES,Combined TRACON& Tower with Radar,6,34,31,9,80,0,0,0,0,0,6,34,31,9,80,12,2,14,94
05/08/2007,AGS,GA,ASO,ES,Combined TRACON& Tower with Radar,7,27,37,15,86,0,0,0,0,0,7,27,37,15,86,2,33,35,121
05/09/2007,AGS,GA,ASO,ES,Combined TRACON& Tower with Radar,6,19,34,7,66,0,0,0,0,0,6,19,34,7,66,2,6,8,74
05/10/2007,AGS,GA,ASO,ES,Combined TRACON& Tower with Radar,6,24,36,6,72,0,0,5,2,7,6,24,41,8,79,12,2,14,93
05/11/2007,AGS,GA,ASO,ES,Combined TRACON& Tower with Radar,27,20,35,0,82,0,0,0,0,0,27,20,35,0,82,2,0,2,84
05/12/2007,AGS,GA,ASO,ES,Combined TRACON& Tower with Radar,15,21,14,2,52,0,0,0,0,0,15,21,14,2,52,4,0,4,56
05/13/2007,AGS,GA,ASO,ES,Combined TRACON& Tower with Radar,4,18,16,2,40,0,0,0,0,0,4,18,16,2,40,10,0,10,50
05/14/2007,AGS,GA,ASO,ES,Combined TRACON& Tower with Radar,8,18,44,2,72,0,0,0,0,0,8,18,44,2,72,6,0,6,78
05/15/2007,AGS,GA,ASO,ES,Combined TRACON& Tower with Radar,7,22,45,0,74,0,0,0,0,0,7,22,45,0,74,27,1,28,102
05/16/2007,AGS,GA,ASO,ES,Combined TRACON& Tower with Radar,9,29,47,10,95,0,0,5,0,5,9,29,52,10,100,4,25,29,129
05/17/2007,AGS,GA,ASO,ES,Combined TRACON& Tower with Radar,6,34,46,6,92,0,0,0,0,0,6,34,46,6,92,0,0,0,92
05/18/2007,AGS,GA,ASO,ES,Combined TRACON& Tower with Radar,8,20,48,3,79,0,0,0,0,0,8,20,48,3,79,12,2,14,93
05/19/2007,AGS,GA,ASO,ES,Combined TRACON& Tower with Radar,4,29,15,1,49,0,0,3,0,3,4,29,18,1,52,0,0,0,52
05/20/2007,AGS,GA,ASO,ES,Combined TRACON& Tower with Radar,5,18,36,0,59,0,0,8,2,10,5,18,44,2,69,14,0,14,83
05/21/2007,AGS,GA,ASO,ES,Combined TRACON& Tower with Radar,6,17,27,5,55,0,0,0,0,0,6,17,27,5,55,12,0,12,67
05/22/2007,AGS,GA,ASO,ES,Combined TRACON& Tower with Radar,9,16,23,3,51,0,0,0,0,0,9,16,23,3,51,34,10,44,95
05/23/2007,AGS,GA,ASO,ES,Combined TRACON& Tower with Radar,6,14,35,2,57,0,0,0,0,0,6,14,35,2,57,2,4,6,63
05/24/2007,AGS,GA,ASO,ES,Combined TRACON& Tower with Radar,7,24,29,3,63,0,0,0,0,0,7,24,29,3,63,0,14,14,77
05/25/2007,AGS,GA,ASO,ES,Combined TRACON& Tower with Radar,6,15,26,1,48,0,0,0,0,0,6,15,26,1,48,6,0,6,54
05/26/2007,AGS,GA,ASO,ES,Combined TRACON& Tower with Radar,4,13,11,2,30,0,0,0,0,0,4,13,11,2,30,2,0,2,32
05/27/2007,AGS,GA,ASO,ES,Combined TRACON& Tower with Radar,6,10,9,0,25,0,0,10,0,10,6,10,19,0,35,6,0,6,41
05/28/2007,AGS,GA,ASO,ES,Combined TRACON& Tower with Radar,6,14,11,2,33,0,0,0,0,0,6,14,11,2,33,42,0,42,75
05/29/2007,AGS,GA,ASO,ES,Combined TRACON& Tower with Radar,6,16,35,4,61,0,0,0,0,0,6,16,35,4,61,10,12,22,83
05/30/2007,AGS,GA,ASO,ES,Combined TRACON& Tower with Radar,7,14,34,13,68,0,0,23,2,25,7,14,57,15,93,38,16,54,147
05/31/2007,AGS,GA,ASO,ES,Combined TRACON& Tower with Radar,7,22,21,7,57,0,0,0,0,0,7,22,21,7,57,10,0,10,67
06/01/2007,AGS,GA,ASO,ES,Combined TRACON& Tower with Radar,9,14,21,3,47,0,0,0,0,0,9,14,21,3,47,10,0,10,57
06/02/2007,AGS,GA,ASO,ES,Combined TRACON& Tower with Radar,4,11,22,2,39,0,0,0,0,0,4,11,22,2,39,16,0,16,55
06/03/2007,AGS,GA,ASO,ES,Combined TRACON& Tower with Radar,6,17,15,0,38,0,0,0,0,0,6,17,15,0,38,2,0,2,40
06/04/2007,AGS,GA,ASO,ES,Combined TRACON& Tower with Radar,7,25,16,7,55,0,0,0,0,0,7,25,16,7,55,10,9,19,74
06/05/2007,AGS,GA,ASO,ES,Combined TRACON& Tower with Radar,7,18,25,8,58,0,0,0,0,0,7,18,25,8,58,2,23,25,83
06/06/2007,AGS,GA,ASO,ES,Combined TRACON& Tower with Radar,7,17,28,4,56,0,0,0,0,0,7,17,28,4,56,28,16,44,100
06/07/2007,AGS,GA,ASO,ES,Combined TRACON& Tower with Radar,4,21,28,13,66,0,0,0,0,0,4,21,28,13,66,2,16,18,84
06/08/2007,AGS,GA,ASO,ES,Combined TRACON& Tower with Radar,10,15,16,9,50,0,0,0,0,0,10,15,16,9,50,4,6,10,60
06/09/2007,AGS,GA,ASO,ES,Combined TRACON& Tower with Radar,8,15,7,14,44,0,0,0,0,0,8,15,7,14,44,0,1,1,45
06/10/2007,AGS,GA,ASO,ES,Combined TRACON& Tower with Radar,4,16,12,3,35,0,0,0,0,0,4,16,12,3,35,6,0,6,41
06/11/2007,AGS,GA,ASO,ES,Combined TRACON& Tower with Radar,4,21,18,14,57,0,0,0,0,0,4,21,18,14,57,5,29,34,91
06/12/2007,AGS,GA,ASO,ES,Combined TRACON& Tower with Radar,7,17,45,6,75,0,0,0,0,0,7,17,45,6,75,0,10,10,85
06/13/2007,AGS,GA,ASO,ES,Combined TRACON& Tower with Radar,3,25,30,2,60,0,0,0,0,0,3,25,30,2,60,2,0,2,62
06/14/2007,AGS,GA,ASO,ES,Combined TRACON& Tower with Radar,4,26,35,7,72,0,0,0,0,0,4,26,35,7,72,0,11,11,83
06/15/2007,AGS,GA,ASO,ES,Combined TRACON& Tower with Radar,12,13,23,10,58,0,0,0,0,0,12,13,23,10,58,0,0,0,58
06/16/2007,AGS,GA,ASO,ES,Combined TRACON& Tower with Radar,3,15,24,13,55,0,0,8,17,25,3,15,32,30,80,7,24,31,111
06/17/2007,AGS,GA,ASO,ES,Combined TRACON& Tower with Radar,7,16,21,9,53,0,0,0,0,0,7,16,21,9,53,6,4,10,63
06/18/2007,AGS,GA,ASO,ES,Combined TRACON& Tower with Radar,5,20,22,5,52,0,0,0,0,0,5,20,22,5,52,10,17,27,79
06/19/2007,AGS,GA,ASO,ES,Combined TRACON& Tower with Radar,13,20,33,5,71,0,0,0,0,0,13,20,33,5,71,14,22,36,107
06/20/2007,AGS,GA,ASO,ES,Combined TRACON& Tower with Radar,5,22,25,12,64,0,0,4,24,28,5,22,29,36,92,0,46,46,138
06/21/2007,AGS,GA,ASO,ES,Combined TRACON& Tower with Radar,6,19,18,16,59,0,0,0,0,0,6,19,18,16,59,8,13,21,80
06/22/2007,AGS,GA,ASO,ES,Combined TRACON& Tower with Radar,9,14,27,16,66,0,0,0,0,0,9,14,27,16,66,8,8,16,82
06/23/2007,AGS,GA,ASO,ES,Combined TRACON& Tower with Radar,2,15,10,7,34,0,0,7,2,9,2,15,17,9,43,9,0,9,52
06/24/2007,AGS,GA,ASO,ES,Combined TRACON& Tower with Radar,4,16,15,4,39,0,0,0,0,0,4,16,15,4,39,0,0,0,39
06/25/2007,AGS,GA,ASO,ES,Combined TRACON& Tower with Radar,8,20,22,0,50,0,0,0,0,0,8,20,22,0,50,6,0,6,56
06/26/2007,AGS,GA,ASO,ES,Combined TRACON& Tower with Radar,6,20,32,0,58,0,0,0,0,0,6,20,32,0,58,41,0,41,99
06/27/2007,AGS,GA,ASO,ES,Combined TRACON& Tower with Radar,0,19,14,12,45,0,0,6,3,9,0,19,20,15,54,10,3,13,67
06/28/2007,AGS,GA,ASO,ES,Combined TRACON& Tower with Radar,1,21,19,1,42,0,0,0,0,0,1,21,19,1,42,0,3,3,45
06/29/2007,AGS,GA,ASO,ES,Combined TRACON& Tower with Radar,13,19,20,6,58,0,0,0,0,0,13,19,20,6,58,13,12,25,83
06/30/2007,AGS,GA,ASO,ES,Combined TRACON& Tower with Radar,5,18,10,2,35,0,0,9,0,9,5,18,19,2,44,2,0,2,46
07/01/2007,AGS,GA,ASO,ES,Combined TRACON& Tower with Radar,6,14,7,0,27,0,0,5,3,8,6,14,12,3,35,4,0,4,39
07/02/2007,AGS,GA,ASO,ES,Combined TRACON& Tower with Radar,4,20,4,0,28,0,0,0,0,0,4,20,4,0,28,3,9,12,40
07/03/2007,AGS,GA,ASO,ES,Combined TRACON& Tower with Radar,2,13,18,1,34,0,0,0,0,0,2,13,18,1,34,0,1,1,35
07/04/2007,AGS,GA,ASO,ES,Combined TRACON& Tower with Radar,4,10,12,2,28,0,0,0,0,0,4,10,12,2,28,7,0,7,35
07/05/2007,AGS,GA,ASO,ES,Combined TRACON& Tower with Radar,4,17,22,4,47,0,0,0,0,0,4,17,22,4,47,19,0,19,66
07/06/2007,AGS,GA,ASO,ES,Combined TRACON& Tower with Radar,5,15,21,1,42,0,0,0,0,0,5,15,21,1,42,0,0,0,42
07/07/2007,AGS,GA,ASO,ES,Combined TRACON& Tower with Radar,3,17,11,4,35,0,0,6,0,6,3,17,17,4,41,5,8,13,54
07/08/2007,AGS,GA,ASO,ES,Combined TRACON& Tower with Radar,4,16,6,0,26,0,0,0,0,0,4,16,6,0,26,0,0,0,26
07/09/2007,AGS,GA,ASO,ES,Combined TRACON& Tower with Radar,3,19,25,6,53,0,0,0,0,0,3,19,25,6,53,0,3,3,56
07/10/2007,AGS,GA,ASO,ES,Combined TRACON& Tower with Radar,6,18,25,16,65,0,0,4,3,7,6,18,29,19,72,5,11,16,88
07/11/2007,AGS,GA,ASO,ES,Combined TRACON& Tower with Radar,2,21,34,4,61,0,0,0,0,0,2,21,34,4,61,5,15,20,81
07/12/2007,AGS,GA,ASO,ES,Combined TRACON& Tower with Radar,10,20,39,2,71,0,0,0,0,0,10,20,39,2,71,9,0,9,80
07/13/2007,AGS,GA,ASO,ES,Combined TRACON& Tower with Radar,8,22,26,7,63,0,0,0,0,0,8,22,26,7,63,0,3,3,66
07/14/2007,AGS,GA,ASO,ES,Combined TRACON& Tower with Radar,4,15,29,4,52,0,0,0,0,0,4,15,29,4,52,26,2,28,80
07/15/2007,AGS,GA,ASO,ES,Combined TRACON& Tower with Radar,8,15,16,3,42,0,0,0,0,0,8,15,16,3,42,4,0,4,46
07/16/2007,AGS,GA,ASO,ES,Combined TRACON& Tower with Radar,4,17,26,8,55,0,0,0,0,0,4,17,26,8,55,20,2,22,77
07/17/2007,AGS,GA,ASO,ES,Combined TRACON& Tower with Radar,6,21,34,8,69,0,0,0,0,0,6,21,34,8,69,20,2,22,91
07/18/2007,AGS,GA,ASO,ES,Combined TRACON& Tower with Radar,1,17,28,2,48,0,0,0,0,0,1,17,28,2,48,8,0,8,56
07/19/2007,AGS,GA,ASO,ES,Combined TRACON& Tower with Radar,19,28,34,8,89,0,0,0,0,0,19,28,34,8,89,0,12,12,101
07/20/2007,AGS,GA,ASO,ES,Combined TRACON& Tower with Radar,6,15,19,3,43,0,0,0,0,0,6,15,19,3,43,0,0,0,43
07/21/2007,AGS,GA,ASO,ES,Combined TRACON& Tower with Radar,3,15,8,2,28,0,0,17,0,17,3,15,25,2,45,0,0,0,45
07/22/2007,AGS,GA,ASO,ES,Combined TRACON& Tower with Radar,4,13,6,0,23,0,0,4,0,4,4,13,10,0,27,0,0,0,27
07/23/2007,AGS,GA,ASO,ES,Combined TRACON& Tower with Radar,3,22,14,6,45,0,0,0,0,0,3,22,14,6,45,7,2,9,54
07/24/2007,AGS,GA,ASO,ES,Combined TRACON& Tower with Radar,4,18,39,1,62,0,0,0,0,0,4,18,39,1,62,17,0,17,79
07/25/2007,AGS,GA,ASO,ES,Combined TRACON& Tower with Radar,4,19,16,7,46,0,0,6,0,6,4,19,22,7,52,2,0,2,54
07/26/2007,AGS,GA,ASO,ES,Combined TRACON& Tower with Radar,4,20,22,0,46,0,0,0,0,0,4,20,22,0,46,0,0,0,46
07/27/2007,AGS,GA,ASO,ES,Combined TRACON& Tower with Radar,4,21,16,0,41,0,0,0,0,0,4,21,16,0,41,0,0,0,41
07/28/2007,AGS,GA,ASO,ES,Combined TRACON& Tower with Radar,2,16,28,0,46,0,0,0,0,0,2,16,28,0,46,4,0,4,50
07/29/2007,AGS,GA,ASO,ES,Combined TRACON& Tower with Radar,3,8,20,2,33,0,0,0,0,0,3,8,20,2,33,0,0,0,33
07/30/2007,AGS,GA,ASO,ES,Combined TRACON& Tower with Radar,4,17,36,5,62,0,0,0,0,0,4,17,36,5,62,4,0,4,66
07/31/2007,AGS,GA,ASO,ES,Combined TRACON& Tower with Radar,5,21,44,5,75,0,0,0,0,0,5,21,44,5,75,7,1,8,83
08/01/2007,AGS,GA,ASO,ES,Combined TRACON& Tower with Radar,6,20,28,9,63,0,0,0,0,0,6,20,28,9,63,20,14,34,97
08/02/2007,AGS,GA,ASO,ES,Combined TRACON& Tower with Radar,10,19,25,3,57,0,0,0,0,0,10,19,25,3,57,8,2,10,67
08/03/2007,AGS,GA,ASO,ES,Combined TRACON& Tower with Radar,8,20,29,7,64,0,0,0,0,0,8,20,29,7,64,24,12,36,100
08/04/2007,AGS,GA,ASO,ES,Combined TRACON& Tower with Radar,0,20,11,2,33,0,0,0,0,0,0,20,11,2,33,9,0,9,42
08/05/2007,AGS,GA,ASO,ES,Combined TRACON& Tower with Radar,2,19,16,0,37,0,0,0,0,0,2,19,16,0,37,1,0,1,38
08/06/2007,AGS,GA,ASO,ES,Combined TRACON& Tower with Radar,5,18,6,11,40,0,0,0,0,0,5,18,6,11,40,5,14,19,59
08/07/2007,AGS,GA,ASO,ES,Combined TRACON& Tower with Radar,6,15,34,0,55,0,0,0,0,0,6,15,34,0,55,5,8,13,68
08/08/2007,AGS,GA,ASO,ES,Combined TRACON& Tower with Radar,9,15,27,4,55,0,0,13,0,13,9,15,40,4,68,18,0,18,86
08/09/2007,AGS,GA,ASO,ES,Combined TRACON& Tower with Radar,7,21,23,13,64,0,0,0,0,0,7,21,23,13,64,2,7,9,73
08/10/2007,AGS,GA,ASO,ES,Combined TRACON& Tower with Radar,2,24,19,2,47,0,0,0,0,0,2,24,19,2,47,10,2,12,59
08/11/2007,AGS,GA,ASO,ES,Combined TRACON& Tower with Radar,2,21,14,0,37,0,0,6,0,6,2,21,20,0,43,18,0,18,61
08/12/2007,AGS,GA,ASO,ES,Combined TRACON& Tower with Radar,2,21,15,2,40,0,0,5,2,7,2,21,20,4,47,8,0,8,55
08/13/2007,AGS,GA,ASO,ES,Combined TRACON& Tower with Radar,5,18,29,3,55,0,0,0,0,0,5,18,29,3,55,9,6,15,70
08/14/2007,AGS,GA,ASO,ES,Combined TRACON& Tower with Radar,6,20,31,8,65,0,1,14,1,16,6,21,45,9,81,6,2,8,89
08/15/2007,AGS,GA,ASO,ES,Combined TRACON& Tower with Radar,2,27,30,6,65,0,0,0,0,0,2,27,30,6,65,6,14,20,85
08/16/2007,AGS,GA,ASO,ES,Combined TRACON& Tower with Radar,4,24,29,7,64,0,0,0,0,0,4,24,29,7,64,6,2,8,72
08/17/2007,AGS,GA,ASO,ES,Combined TRACON& Tower with Radar,9,17,25,5,56,0,0,0,0,0,9,17,25,5,56,0,4,4,60
08/18/2007,AGS,GA,ASO,ES,Combined TRACON& Tower with Radar,4,19,24,0,47,0,0,0,0,0,4,19,24,0,47,24,0,24,71
08/19/2007,AGS,GA,ASO,ES,Combined TRACON& Tower with Radar,2,14,24,4,44,0,0,14,3,17,2,14,38,7,61,6,6,12,73
08/20/2007,AGS,GA,ASO,ES,Combined TRACON& Tower with Radar,2,21,24,2,49,0,0,0,0,0,2,21,24,2,49,9,4,13,62
08/21/2007,AGS,GA,ASO,ES,Combined TRACON& Tower with Radar,3,19,33,4,59,0,0,0,0,0,3,19,33,4,59,16,8,24,83
08/22/2007,AGS,GA,ASO,ES,Combined TRACON& Tower with Radar,3,27,20,9,59,0,1,3,7,11,3,28,23,16,70,0,16,16,86
08/23/2007,AGS,GA,ASO,ES,Combined TRACON& Tower with Radar,17,16,11,5,49,0,0,0,0,0,17,16,11,5,49,2,8,10,59
08/24/2007,AGS,GA,ASO,ES,Combined TRACON& Tower with Radar,12,17,29,1,59,0,0,0,0,0,12,17,29,1,59,2,0,2,61
08/25/2007,AGS,GA,ASO,ES,Combined TRACON& Tower with Radar,4,17,4,2,27,0,0,0,0,0,4,17,4,2,27,0,0,0,27
08/26/2007,AGS,GA,ASO,ES,Combined TRACON& Tower with Radar,5,12,14,2,33,0,0,0,0,0,5,12,14,2,33,0,0,0,33
08/27/2007,AGS,GA,ASO,ES,Combined TRACON& Tower with Radar,5,20,29,1,55,0,0,0,0,0,5,20,29,1,55,1,1,2,57
08/28/2007,AGS,GA,ASO,ES,Combined TRACON& Tower with Radar,6,16,34,9,65,0,0,0,0,0,6,16,34,9,65,22,1,23,88
08/29/2007,AGS,GA,ASO,ES,Combined TRACON& Tower with Radar,21,20,30,4,75,0,0,0,0,0,21,20,30,4,75,11,3,14,89
08/30/2007,AGS,GA,ASO,ES,Combined TRACON& Tower with Radar,4,24,24,4,56,0,0,0,0,0,4,24,24,4,56,10,4,14,70
08/31/2007,AGS,GA,ASO,ES,Combined TRACON& Tower with Radar,7,13,23,1,44,0,0,0,0,0,7,13,23,1,44,0,0,0,44
09/01/2007,AGS,GA,ASO,ES,Combined TRACON& Tower with Radar,2,15,4,2,23,0,0,0,0,0,2,15,4,2,23,6,0,6,29
09/02/2007,AGS,GA,ASO,ES,Combined TRACON& Tower with Radar,5,11,10,0,26,0,0,0,0,0,5,11,10,0,26,6,0,6,32
09/03/2007,AGS,GA,ASO,ES,Combined TRACON& Tower with Radar,4,13,8,5,30,0,0,0,0,0,4,13,8,5,30,18,0,18,48
09/04/2007,AGS,GA,ASO,ES,Combined TRACON& Tower with Radar,4,17,25,14,60,0,0,0,0,0,4,17,25,14,60,34,36,70,130
09/05/2007,AGS,GA,ASO,ES,Combined TRACON& Tower with Radar,3,24,30,10,67,0,0,18,5,23,3,24,48,15,90,4,32,36,126
09/06/2007,AGS,GA,ASO,ES,Combined TRACON& Tower with Radar,4,21,23,4,52,0,0,0,0,0,4,21,23,4,52,0,2,2,54
09/07/2007,AGS,GA,ASO,ES,Combined TRACON& Tower with Radar,8,16,12,3,39,0,0,0,0,0,8,16,12,3,39,5,4,9,48
09/08/2007,AGS,GA,ASO,ES,Combined TRACON& Tower with Radar,3,11,8,1,23,0,0,14,2,16,3,11,22,3,39,10,0,10,49
09/09/2007,AGS,GA,ASO,ES,Combined TRACON& Tower with Radar,8,16,7,2,33,0,0,0,0,0,8,16,7,2,33,16,0,16,49
09/10/2007,AGS,GA,ASO,ES,Combined TRACON& Tower with Radar,3,19,24,8,54,0,0,0,0,0,3,19,24,8,54,38,5,43,97
09/11/2007,AGS,GA,ASO,ES,Combined TRACON& Tower with Radar,4,21,27,10,62,0,0,0,0,0,4,21,27,10,62,1,20,21,83
09/12/2007,AGS,GA,ASO,ES,Combined TRACON& Tower with Radar,4,20,12,4,40,0,0,0,0,0,4,20,12,4,40,0,0,0,40
09/13/2007,AGS,GA,ASO,ES,Combined TRACON& Tower with Radar,6,19,24,1,50,0,0,0,0,0,6,19,24,1,50,6,0,6,56
09/14/2007,AGS,GA,ASO,ES,Combined TRACON& Tower with Radar,13,19,21,5,58,0,0,0,0,0,13,19,21,5,58,2,0,2,60
09/15/2007,AGS,GA,ASO,ES,Combined TRACON& Tower with Radar,2,15,17,2,36,0,0,17,0,17,2,15,34,2,53,40,0,40,93
09/16/2007,AGS,GA,ASO,ES,Combined TRACON& Tower with Radar,3,20,19,0,42,0,0,0,0,0,3,20,19,0,42,5,0,5,47
09/17/2007,AGS,GA,ASO,ES,Combined TRACON& Tower with Radar,4,23,29,13,69,0,0,0,0,0,4,23,29,13,69,46,10,56,125
09/18/2007,AGS,GA,ASO,ES,Combined TRACON& Tower with Radar,5,20,38,7,70,0,0,0,0,0,5,20,38,7,70,32,10,42,112
09/19/2007,AGS,GA,ASO,ES,Combined TRACON& Tower with Radar,3,18,21,7,49,0,0,16,3,19,3,18,37,10,68,15,4,19,87
09/20/2007,AGS,GA,ASO,ES,Combined TRACON& Tower with Radar,4,22,33,7,66,0,0,0,0,0,4,22,33,7,66,0,0,0,66
09/21/2007,AGS,GA,ASO,ES,Combined TRACON& Tower with Radar,7,22,14,1,44,0,0,0,0,0,7,22,14,1,44,0,0,0,44
09/22/2007,AGS,GA,ASO,ES,Combined TRACON& Tower with Radar,5,10,16,5,36,0,0,0,0,0,5,10,16,5,36,1,0,1,37
09/23/2007,AGS,GA,ASO,ES,Combined TRACON& Tower with Radar,6,15,24,0,45,0,0,19,0,19,6,15,43,0,64,36,0,36,100
09/24/2007,AGS,GA,ASO,ES,Combined TRACON& Tower with Radar,5,24,27,1,57,0,0,0,0,0,5,24,27,1,57,16,0,16,73
09/25/2007,AGS,GA,ASO,ES,Combined TRACON& Tower with Radar,4,21,30,0,55,0,0,0,0,0,4,21,30,0,55,6,0,6,61
09/26/2007,AGS,GA,ASO,ES,Combined TRACON& Tower with Radar,8,19,30,0,57,0,0,0,0,0,8,19,30,0,57,2,0,2,59
09/27/2007,AGS,GA,ASO,ES,Combined TRACON& Tower with Radar,8,18,29,5,60,0,0,0,0,0,8,18,29,5,60,5,2,7,67
09/28/2007,AGS,GA,ASO,ES,Combined TRACON& Tower with Radar,5,25,23,4,57,0,0,0,0,0,5,25,23,4,57,0,0,0,57
09/29/2007,AGS,GA,ASO,ES,Combined TRACON& Tower with Radar,4,10,8,2,24,0,0,0,0,0,4,10,8,2,24,1,0,1,25
09/30/2007,AGS,GA,ASO,ES,Combined TRACON& Tower with Radar,4,18,13,6,41,0,0,0,0,0,4,18,13,6,41,13,0,13,54
10/01/2007,AGS,GA,ASO,ES,Combined TRACON& Tower with Radar,2,23,35,3,63,0,0,0,0,0,2,23,35,3,63,27,1,28,91
10/02/2007,AGS,GA,ASO,ES,Combined TRACON& Tower with Radar,2,29,15,9,55,0,0,0,0,0,2,29,15,9,55,13,12,25,80
10/03/2007,AGS,GA,ASO,ES,Combined TRACON& Tower with Radar,5,26,34,3,68,0,0,0,0,0,5,26,34,3,68,0,4,4,72
10/04/2007,AGS,GA,ASO,ES,Combined TRACON& Tower with Radar,7,27,25,4,63,0,0,0,0,0,7,27,25,4,63,1,8,9,72
10/05/2007,AGS,GA,ASO,ES,Combined TRACON& Tower with Radar,6,22,19,5,52,0,0,0,0,0,6,22,19,5,52,2,0,2,54
10/06/2007,AGS,GA,ASO,ES,Combined TRACON& Tower with Radar,7,10,6,3,26,0,0,0,0,0,7,10,6,3,26,0,0,0,26
10/07/2007,AGS,GA,ASO,ES,Combined TRACON& Tower with Radar,8,17,22,2,49,0,0,0,0,0,8,17,22,2,49,26,0,26,75
10/08/2007,AGS,GA,ASO,ES,Combined TRACON& Tower with Radar,1,22,27,8,58,0,0,0,0,0,1,22,27,8,58,28,4,32,90
10/09/2007,AGS,GA,ASO,ES,Combined TRACON& Tower with Radar,2,24,44,0,70,0,0,0,0,0,2,24,44,0,70,18,0,18,88
10/10/2007,AGS,GA,ASO,ES,Combined TRACON& Tower with Radar,7,20,19,7,53,0,0,25,0,25,7,20,44,7,78,6,3,9,87
10/11/2007,AGS,GA,ASO,ES,Combined TRACON& Tower with Radar,5,23,28,9,65,0,0,0,0,0,5,23,28,9,65,8,0,8,73
10/12/2007,AGS,GA,ASO,ES,Combined TRACON& Tower with Radar,8,20,26,2,56,0,0,0,0,0,8,20,26,2,56,1,0,1,57
10/13/2007,AGS,GA,ASO,ES,Combined TRACON& Tower with Radar,8,11,7,5,31,0,0,30,0,30,8,11,37,5,61,18,0,18,79
10/14/2007,AGS,GA,ASO,ES,Combined TRACON& Tower with Radar,7,17,6,0,30,0,0,16,0,16,7,17,22,0,46,14,0,14,60
10/15/2007,AGS,GA,ASO,ES,Combined TRACON& Tower with Radar,3,22,26,3,54,0,0,0,0,0,3,22,26,3,54,53,0,53,107
10/16/2007,AGS,GA,ASO,ES,Combined TRACON& Tower with Radar,3,29,24,4,60,0,0,0,0,0,3,29,24,4,60,2,4,6,66
10/17/2007,AGS,GA,ASO,ES,Combined TRACON& Tower with Radar,4,31,28,23,86,0,0,23,3,26,4,31,51,26,112,4,3,7,119
10/18/2007,AGS,GA,ASO,ES,Combined TRACON& Tower with Radar,5,42,33,2,82,0,0,0,0,0,5,42,33,2,82,0,6,6,88
10/19/2007,AGS,GA,ASO,ES,Combined TRACON& Tower with Radar,5,24,28,0,57,0,0,0,0,0,5,24,28,0,57,2,0,2,59
10/20/2007,AGS,GA,ASO,ES,Combined TRACON& Tower with Radar,7,14,21,4,46,0,0,30,4,34,7,14,51,8,80,5,0,5,85
10/21/2007,AGS,GA,ASO,ES,Combined TRACON& Tower with Radar,3,25,16,0,44,0,0,26,0,26,3,25,42,0,70,14,0,14,84
10/22/2007,AGS,GA,ASO,ES,Combined TRACON& Tower with Radar,4,35,37,2,78,0,0,0,0,0,4,35,37,2,78,14,0,14,92
10/23/2007,AGS,GA,ASO,ES,Combined TRACON& Tower with Radar,2,34,37,2,75,0,0,0,0,0,2,34,37,2,75,0,3,3,78
10/24/2007,AGS,GA,ASO,ES,Combined TRACON& Tower with Radar,6,25,35,4,70,0,0,0,0,0,6,25,35,4,70,0,0,0,70
10/25/2007,AGS,GA,ASO,ES,Combined TRACON& Tower with Radar,7,32,35,8,82,0,0,0,0,0,7,32,35,8,82,0,1,1,83
10/26/2007,AGS,GA,ASO,ES,Combined TRACON& Tower with Radar,10,22,41,11,84,0,0,0,0,0,10,22,41,11,84,7,18,25,109
10/27/2007,AGS,GA,ASO,ES,Combined TRACON& Tower with Radar,6,14,19,12,51,0,0,21,0,21,6,14,40,12,72,12,8,20,92
10/28/2007,AGS,GA,ASO,ES,Combined TRACON& Tower with Radar,5,20,25,0,50,0,0,0,0,0,5,20,25,0,50,4,0,4,54
10/29/2007,AGS,GA,ASO,ES,Combined TRACON& Tower with Radar,2,30,50,0,82,0,0,0,0,0,2,30,50,0,82,39,0,39,121
10/30/2007,AGS,GA,ASO,ES,Combined TRACON& Tower with Radar,2,35,48,4,89,0,0,0,0,0,2,35,48,4,89,20,0,20,109
10/31/2007,AGS,GA,ASO,ES,Combined TRACON& Tower with Radar,4,27,33,6,70,0,0,0,0,0,4,27,33,6,70,30,8,38,108
11/01/2007,AGS,GA,ASO,ES,Combined TRACON& Tower with Radar,7,2,41,4,54,0,0,0,0,0,7,2,41,4,54,9,1,10,64
11/02/2007,AGS,GA,ASO,ES,Combined TRACON& Tower with Radar,10,20,49,0,79,0,0,0,0,0,10,20,49,0,79,6,0,6,85
11/03/2007,AGS,GA,ASO,ES,Combined TRACON& Tower with Radar,6,14,20,3,43,0,0,0,0,0,6,14,20,3,43,15,2,17,60
11/04/2007,AGS,GA,ASO,ES,Combined TRACON& Tower with Radar,10,21,15,0,46,0,0,0,0,0,10,21,15,0,46,14,0,14,60
11/05/2007,AGS,GA,ASO,ES,Combined TRACON& Tower with Radar,2,31,30,2,65,0,0,19,0,19,2,31,49,2,84,4,0,4,88
11/06/2007,AGS,GA,ASO,ES,Combined TRACON& Tower with Radar,3,37,46,3,89,0,0,0,0,0,3,37,46,3,89,34,3,37,126
11/07/2007,AGS,GA,ASO,ES,Combined TRACON& Tower with Radar,6,35,35,9,85,0,3,26,2,31,6,38,61,11,116,24,30,54,170
11/08/2007,AGS,GA,ASO,ES,Combined TRACON& Tower with Radar,4,30,50,7,91,0,0,0,0,0,4,30,50,7,91,12,10,22,113
11/09/2007,AGS,GA,ASO,ES,Combined TRACON& Tower with Radar,2,26,34,0,62,0,0,0,0,0,2,26,34,0,62,14,0,14,76
11/10/2007,AGS,GA,ASO,ES,Combined TRACON& Tower with Radar,5,29,25,2,61,0,0,7,2,9,5,29,32,4,70,10,0,10,80
11/11/2007,AGS,GA,ASO,ES,Combined TRACON& Tower with Radar,7,20,23,1,51,0,0,0,0,0,7,20,23,1,51,13,0,13,64
11/12/2007,AGS,GA,ASO,ES,Combined TRACON& Tower with Radar,5,43,37,4,89,0,0,0,0,0,5,43,37,4,89,32,0,32,121
11/13/2007,AGS,GA,ASO,ES,Combined TRACON& Tower with Radar,6,39,41,11,97,0,0,0,0,0,6,39,41,11,97,2,4,6,103
11/14/2007,AGS,GA,ASO,ES,Combined TRACON& Tower with Radar,11,27,28,10,76,0,0,15,4,19,11,27,43,14,95,4,20,24,119
11/15/2007,AGS,GA,ASO,ES,Combined TRACON& Tower with Radar,6,33,19,4,62,0,0,0,0,0,6,33,19,4,62,11,0,11,73
11/16/2007,AGS,GA,ASO,ES,Combined TRACON& Tower with Radar,7,34,32,7,80,0,0,0,0,0,7,34,32,7,80,10,2,12,92
11/17/2007,AGS,GA,ASO,ES,Combined TRACON& Tower with Radar,4,19,21,9,53,0,0,0,0,0,4,19,21,9,53,12,6,18,71
11/18/2007,AGS,GA,ASO,ES,Combined TRACON& Tower with Radar,8,24,12,0,44,0,0,0,0,0,8,24,12,0,44,19,0,19,63
11/19/2007,AGS,GA,ASO,ES,Combined TRACON& Tower with Radar,7,29,39,9,84,0,0,0,0,0,7,29,39,9,84,40,6,46,130
11/20/2007,AGS,GA,ASO,ES,Combined TRACON& Tower with Radar,11,19,35,10,75,0,0,0,0,0,11,19,35,10,75,0,0,0,75
11/21/2007,AGS,GA,ASO,ES,Combined TRACON& Tower with Radar,8,20,39,4,71,0,0,0,0,0,8,20,39,4,71,0,0,0,71
11/22/2007,AGS,GA,ASO,ES,Combined TRACON& Tower with Radar,4,18,8,0,30,0,0,0,0,0,4,18,8,0,30,0,0,0,30
11/23/2007,AGS,GA,ASO,ES,Combined TRACON& Tower with Radar,5,17,7,2,31,0,0,0,0,0,5,17,7,2,31,4,0,4,35
11/24/2007,AGS,GA,ASO,ES,Combined TRACON& Tower with Radar,2,22,12,2,38,0,0,14,0,14,2,22,26,2,52,4,1,5,57
11/25/2007,AGS,GA,ASO,ES,Combined TRACON& Tower with Radar,6,21,29,0,56,0,0,0,0,0,6,21,29,0,56,0,0,0,56
11/26/2007,AGS,GA,ASO,ES,Combined TRACON& Tower with Radar,5,31,37,5,78,0,0,0,0,0,5,31,37,5,78,0,0,0,78
11/27/2007,AGS,GA,ASO,ES,Combined TRACON& Tower with Radar,4,44,49,5,102,0,0,0,0,0,4,44,49,5,102,4,2,6,108
11/28/2007,AGS,GA,ASO,ES,Combined TRACON& Tower with Radar,8,30,51,9,98,0,0,19,3,22,8,30,70,12,120,13,3,16,136
11/29/2007,AGS,GA,ASO,ES,Combined TRACON& Tower with Radar,5,40,32,0,77,0,0,0,0,0,5,40,32,0,77,2,0,2,79
11/30/2007,AGS,GA,ASO,ES,Combined TRACON& Tower with Radar,7,31,51,7,96,0,0,0,0,0,7,31,51,7,96,9,4,13,109
12/01/2007,AGS,GA,ASO,ES,Combined TRACON& Tower with Radar,4,22,25,2,53,0,0,0,0,0,4,22,25,2,53,24,0,24,77
12/02/2007,AGS,GA,ASO,ES,Combined TRACON& Tower with Radar,3,33,31,1,68,0,0,9,1,10,3,33,40,2,78,36,0,36,114
12/03/2007,AGS,GA,ASO,ES,Combined TRACON& Tower with Radar,8,23,42,6,79,0,0,0,0,0,8,23,42,6,79,2,4,6,85
12/04/2007,AGS,GA,ASO,ES,Combined TRACON& Tower with Radar,11,20,23,4,58,0,0,0,0,0,11,20,23,4,58,4,8,12,70
12/05/2007,AGS,GA,ASO,ES,Combined TRACON& Tower with Radar,8,21,35,7,71,0,2,12,1,15,8,23,47,8,86,9,0,9,95
12/06/2007,AGS,GA,ASO,ES,Combined TRACON& Tower with Radar,7,27,35,6,75,0,0,0,0,0,7,27,35,6,75,30,4,34,109
12/07/2007,AGS,GA,ASO,ES,Combined TRACON& Tower with Radar,6,27,28,6,67,0,0,0,0,0,6,27,28,6,67,3,3,6,73
12/08/2007,AGS,GA,ASO,ES,Combined TRACON& Tower with Radar,4,17,32,3,56,0,0,6,0,6,4,17,38,3,62,3,0,3,65
12/09/2007,AGS,GA,ASO,ES,Combined TRACON& Tower with Radar,3,23,11,0,37,0,0,0,0,0,3,23,11,0,37,3,0,3,40
12/10/2007,AGS,GA,ASO,ES,Combined TRACON& Tower with Radar,4,23,40,3,70,0,0,0,0,0,4,23,40,3,70,4,2,6,76
12/11/2007,AGS,GA,ASO,ES,Combined TRACON& Tower with Radar,10,26,40,6,82,0,0,0,0,0,10,26,40,6,82,7,27,34,116
12/12/2007,AGS,GA,ASO,ES,Combined TRACON& Tower with Radar,17,15,26,14,72,0,0,0,0,0,17,15,26,14,72,6,8,14,86
12/13/2007,AGS,GA,ASO,ES,Combined TRACON& Tower with Radar,7,20,16,4,47,0,0,0,0,0,7,20,16,4,47,0,2,2,49
12/14/2007,AGS,GA,ASO,ES,Combined TRACON& Tower with Radar,7,20,29,11,67,0,0,0,0,0,7,20,29,11,67,34,23,57,124
12/15/2007,AGS,GA,ASO,ES,Combined TRACON& Tower with Radar,10,13,7,2,32,0,0,0,0,0,10,13,7,2,32,10,0,10,42
12/16/2007,AGS,GA,ASO,ES,Combined TRACON& Tower with Radar,3,22,10,0,35,0,0,0,0,0,3,22,10,0,35,0,0,0,35
12/17/2007,AGS,GA,ASO,ES,Combined TRACON& Tower with Radar,12,15,31,1,59,0,0,0,0,0,12,15,31,1,59,51,0,51,110
12/18/2007,AGS,GA,ASO,ES,Combined TRACON& Tower with Radar,9,22,37,4,72,0,0,0,0,0,9,22,37,4,72,3,0,3,75
12/19/2007,AGS,GA,ASO,ES,Combined TRACON& Tower with Radar,9,16,25,9,59,0,0,0,0,0,9,16,25,9,59,4,22,26,85
12/20/2007,AGS,GA,ASO,ES,Combined TRACON& Tower with Radar,9,22,33,7,71,0,0,0,0,0,9,22,33,7,71,11,5,16,87
12/21/2007,AGS,GA,ASO,ES,Combined TRACON& Tower with Radar,9,20,32,0,61,0,0,0,0,0,9,20,32,0,61,0,0,0,61
12/22/2007,AGS,GA,ASO,ES,Combined TRACON& Tower with Radar,4,17,19,2,42,0,0,6,0,6,4,17,25,2,48,3,0,3,51
12/23/2007,AGS,GA,ASO,ES,Combined TRACON& Tower with Radar,4,25,9,0,38,0,0,0,0,0,4,25,9,0,38,0,0,0,38
12/24/2007,AGS,GA,ASO,ES,Combined TRACON& Tower with Radar,9,9,0,3,21,0,0,0,0,0,9,9,0,3,21,22,0,22,43
12/25/2007,AGS,GA,ASO,ES,Combined TRACON& Tower with Radar,4,12,2,0,18,0,0,0,0,0,4,12,2,0,18,6,0,6,24
12/26/2007,AGS,GA,ASO,ES,Combined TRACON& Tower with Radar,4,19,16,0,39,0,0,4,0,4,4,19,20,0,43,2,0,2,45
12/27/2007,AGS,GA,ASO,ES,Combined TRACON& Tower with Radar,4,25,31,0,60,0,0,0,0,0,4,25,31,0,60,4,0,4,64
12/28/2007,AGS,GA,ASO,ES,Combined TRACON& Tower with Radar,6,22,20,0,48,0,0,0,0,0,6,22,20,0,48,6,0,6,54
12/29/2007,AGS,GA,ASO,ES,Combined TRACON& Tower with Radar,2,22,7,2,33,0,0,0,0,0,2,22,7,2,33,0,0,0,33
12/30/2007,AGS,GA,ASO,ES,Combined TRACON& Tower with Radar,2,20,6,0,28,0,0,0,0,0,2,20,6,0,28,0,0,0,28
12/31/2007,AGS,GA,ASO,ES,Combined TRACON& Tower with Radar,13,20,12,0,45,0,0,0,0,0,13,20,12,0,45,19,0,19,64
01/01/2008,AGS,GA,ASO,ES,Combined TRACON& Tower with Radar,8,9,11,0,28,0,0,0,0,0,8,9,11,0,28,4,0,4,32
01/02/2008,AGS,GA,ASO,ES,Combined TRACON& Tower with Radar,11,13,18,8,50,0,0,0,0,0,11,13,18,8,50,0,8,8,58
01/03/2008,AGS,GA,ASO,ES,Combined TRACON& Tower with Radar,11,20,21,2,54,0,0,0,0,0,11,20,21,2,54,1,0,1,55
01/04/2008,AGS,GA,ASO,ES,Combined TRACON& Tower with Radar,4,25,28,8,65,1,0,0,0,1,5,25,28,8,66,3,2,5,71
01/05/2008,AGS,GA,ASO,ES,Combined TRACON& Tower with Radar,6,15,18,1,40,0,0,0,0,0,6,15,18,1,40,6,0,6,46
01/06/2008,AGS,GA,ASO,ES,Combined TRACON& Tower with Radar,7,25,12,2,46,0,0,0,0,0,7,25,12,2,46,12,10,22,68
01/07/2008,AGS,GA,ASO,ES,Combined TRACON& Tower with Radar,12,11,26,5,54,0,0,0,0,0,12,11,26,5,54,22,0,22,76
01/08/2008,AGS,GA,ASO,ES,Combined TRACON& Tower with Radar,6,16,30,4,56,0,0,0,0,0,6,16,30,4,56,14,10,24,80
01/09/2008,AGS,GA,ASO,ES,Combined TRACON& Tower with Radar,13,16,22,10,61,0,0,0,2,2,13,16,22,12,63,0,2,2,65
01/10/2008,AGS,GA,ASO,ES,Combined TRACON& Tower with Radar,9,29,31,7,76,0,0,0,0,0,9,29,31,7,76,0,11,11,87
01/11/2008,AGS,GA,ASO,ES,Combined TRACON& Tower with Radar,11,20,21,24,76,0,0,0,0,0,11,20,21,24,76,6,16,22,98
01/12/2008,AGS,GA,ASO,ES,Combined TRACON& Tower with Radar,6,19,7,4,36,0,0,0,0,0,6,19,7,4,36,26,0,26,62
01/13/2008,AGS,GA,ASO,ES,Combined TRACON& Tower with Radar,6,19,12,2,39,0,0,0,0,0,6,19,12,2,39,2,0,2,41
01/14/2008,AGS,GA,ASO,ES,Combined TRACON& Tower with Radar,15,12,28,3,58,0,0,10,1,11,15,12,38,4,69,14,1,15,84
01/15/2008,AGS,GA,ASO,ES,Combined TRACON& Tower with Radar,11,22,28,6,67,0,0,0,0,0,11,22,28,6,67,38,4,42,109
01/16/2008,AGS,GA,ASO,ES,Combined TRACON& Tower with Radar,8,18,32,11,69,0,0,4,7,11,8,18,36,18,80,5,22,27,107
01/17/2008,AGS,GA,ASO,ES,Combined TRACON& Tower with Radar,7,20,43,3,73,0,0,0,0,0,7,20,43,3,73,0,0,0,73
01/18/2008,AGS,GA,ASO,ES,Combined TRACON& Tower with Radar,10,14,37,11,72,0,0,4,0,4,10,14,41,11,76,0,2,2,78
01/19/2008,AGS,GA,ASO,ES,Combined TRACON& Tower with Radar,2,16,14,2,34,0,0,0,0,0,2,16,14,2,34,0,0,0,34
01/20/2008,AGS,GA,ASO,ES,Combined TRACON& Tower with Radar,6,20,18,0,44,0,0,10,0,10,6,20,28,0,54,7,0,7,61
01/21/2008,AGS,GA,ASO,ES,Combined TRACON& Tower with Radar,13,19,60,2,94,0,0,0,0,0,13,19,60,2,94,1,5,6,100
01/22/2008,AGS,GA,ASO,ES,Combined TRACON& Tower with Radar,10,11,22,6,49,0,0,14,0,14,10,11,36,6,63,17,0,17,80
01/23/2008,AGS,GA,ASO,ES,Combined TRACON& Tower with Radar,10,17,38,19,84,0,0,14,4,18,10,17,52,23,102,10,10,20,122
01/24/2008,AGS,GA,ASO,ES,Combined TRACON& Tower with Radar,17,20,19,16,72,0,0,15,4,19,17,20,34,20,91,12,18,30,121
01/25/2008,AGS,GA,ASO,ES,Combined TRACON& Tower with Radar,12,18,27,17,74,0,0,11,5,16,12,18,38,22,90,0,24,24,114
01/26/2008,AGS,GA,ASO,ES,Combined TRACON& Tower with Radar,4,16,10,5,35,0,0,12,3,15,4,16,22,8,50,2,10,12,62
01/27/2008,AGS,GA,ASO,ES,Combined TRACON& Tower with Radar,7,20,32,0,59,0,0,24,0,24,7,20,56,0,83,5,0,5,88
01/28/2008,AGS,GA,ASO,ES,Combined TRACON& Tower with Radar,6,29,30,4,69,0,0,18,2,20,6,29,48,6,89,0,6,6,95
01/29/2008,AGS,GA,ASO,ES,Combined TRACON& Tower with Radar,14,10,35,6,65,0,0,20,1,21,14,10,55,7,86,12,8,20,106
01/30/2008,AGS,GA,ASO,ES,Combined TRACON& Tower with Radar,12,12,30,8,62,0,0,15,0,15,12,12,45,8,77,14,0,14,91
01/31/2008,AGS,GA,ASO,ES,Combined TRACON& Tower with Radar,5,19,28,13,65,0,0,13,8,21,5,19,41,21,86,10,29,39,125
02/01/2008,AGS,GA,ASO,ES,Combined TRACON& Tower with Radar,8,11,26,8,53,0,0,17,1,18,8,11,43,9,71,8,5,13,84
02/02/2008,AGS,GA,ASO,ES,Combined TRACON& Tower with Radar,6,12,19,0,37,0,0,18,1,19,6,12,37,1,56,10,0,10,66
02/03/2008,AGS,GA,ASO,ES,Combined TRACON& Tower with Radar,8,14,16,3,41,0,0,25,3,28,8,14,41,6,69,10,9,19,88
02/04/2008,AGS,GA,ASO,ES,Combined TRACON& Tower with Radar,5,25,24,5,59,0,0,3,3,6,5,25,27,8,65,0,16,16,81
02/05/2008,AGS,GA,ASO,ES,Combined TRACON& Tower with Radar,10,14,42,4,70,0,0,18,3,21,10,14,60,7,91,23,15,38,129
02/06/2008,AGS,GA,ASO,ES,Combined TRACON& Tower with Radar,6,19,14,7,46,0,0,1,0,1,6,19,15,7,47,0,2,2,49
02/07/2008,AGS,GA,ASO,ES,Combined TRACON& Tower with Radar,10,23,43,9,85,0,0,28,4,32,10,23,71,13,117,12,3,15,132
02/08/2008,AGS,GA,ASO,ES,Combined TRACON& Tower with Radar,8,24,31,1,64,0,0,35,2,37,8,24,66,3,101,10,0,10,111
02/09/2008,AGS,GA,ASO,ES,Combined TRACON& Tower with Radar,6,12,21,0,39,0,0,11,0,11,6,12,32,0,50,3,0,3,53
02/10/2008,AGS,GA,ASO,ES,Combined TRACON& Tower with Radar,6,22,15,0,43,0,0,8,0,8,6,22,23,0,51,0,0,0,51
02/11/2008,AGS,GA,ASO,ES,Combined TRACON& Tower with Radar,11,17,28,7,63,0,0,25,3,28,11,17,53,10,91,1,12,13,104
02/12/2008,AGS,GA,ASO,ES,Combined TRACON& Tower with Radar,11,19,32,4,66,0,0,1,1,2,11,19,33,5,68,0,3,3,71
02/13/2008,AGS,GA,ASO,ES,Combined TRACON& Tower with Radar,10,18,25,11,64,0,0,6,6,12,10,18,31,17,76,10,46,56,132
02/14/2008,AGS,GA,ASO,ES,Combined TRACON& Tower with Radar,10,25,32,6,73,0,0,10,4,14,10,25,42,10,87,8,4,12,99
02/15/2008,AGS,GA,ASO,ES,Combined TRACON& Tower with Radar,7,21,31,1,60,0,0,17,0,17,7,21,48,1,77,5,0,5,82
02/16/2008,AGS,GA,ASO,ES,Combined TRACON& Tower with Radar,6,13,28,2,49,0,0,24,2,26,6,13,52,4,75,15,0,15,90
02/17/2008,AGS,GA,ASO,ES,Combined TRACON& Tower with Radar,21,25,22,0,68,0,0,2,0,2,21,25,24,0,70,2,0,2,72
02/18/2008,AGS,GA,ASO,ES,Combined TRACON& Tower with Radar,2,22,35,3,62,0,0,6,0,6,2,22,41,3,68,18,0,18,86
02/19/2008,AGS,GA,ASO,ES,Combined TRACON& Tower with Radar,10,19,32,2,63,0,0,17,0,17,10,19,49,2,80,21,2,23,103
02/20/2008,AGS,GA,ASO,ES,Combined TRACON& Tower with Radar,11,17,36,11,75,0,0,19,0,19,11,17,55,11,94,26,2,28,122
02/21/2008,AGS,GA,ASO,ES,Combined TRACON& Tower with Radar,9,14,38,9,70,0,0,19,0,19,9,14,57,9,89,14,9,23,112
02/22/2008,AGS,GA,ASO,ES,Combined TRACON& Tower with Radar,8,18,17,0,43,0,0,0,0,0,8,18,17,0,43,0,0,0,43
02/23/2008,AGS,GA,ASO,ES,Combined TRACON& Tower with Radar,5,18,32,2,57,0,0,8,0,8,5,18,40,2,65,35,0,35,100
02/24/2008,AGS,GA,ASO,ES,Combined TRACON& Tower with Radar,7,31,30,0,68,0,0,11,0,11,7,31,41,0,79,20,0,20,99
02/25/2008,AGS,GA,ASO,ES,Combined TRACON& Tower with Radar,11,13,44,13,81,0,0,40,1,41,11,13,84,14,122,39,7,46,168
02/26/2008,AGS,GA,ASO,ES,Combined TRACON& Tower with Radar,13,11,36,0,60,0,0,2,0,2,13,11,38,0,62,8,0,8,70
02/27/2008,AGS,GA,ASO,ES,Combined TRACON& Tower with Radar,11,16,23,3,53,0,0,13,2,15,11,16,36,5,68,2,0,2,70
02/28/2008,AGS,GA,ASO,ES,Combined TRACON& Tower with Radar,11,15,26,5,57,0,0,18,8,26,11,15,44,13,83,22,2,24,107
02/29/2008,AGS,GA,ASO,ES,Combined TRACON& Tower with Radar,4,20,37,6,67,0,0,26,0,26,4,20,63,6,93,20,6,26,119
03/01/2008,AGS,GA,ASO,ES,Combined TRACON& Tower with Radar,5,17,32,4,58,0,0,13,0,13,5,17,45,4,71,8,0,8,79
03/02/2008,AGS,GA,ASO,ES,Combined TRACON& Tower with Radar,1,33,27,1,62,0,0,17,0,17,1,33,44,1,79,0,0,0,79
03/03/2008,AGS,GA,ASO,ES,Combined TRACON& Tower with Radar,8,22,39,6,75,0,3,10,0,13,8,25,49,6,88,1,2,3,91
03/04/2008,AGS,GA,ASO,ES,Combined TRACON& Tower with Radar,11,22,31,0,64,0,0,0,0,0,11,22,31,0,64,0,0,0,64
03/05/2008,AGS,GA,ASO,ES,Combined TRACON& Tower with Radar,13,23,20,2,58,1,0,12,3,16,14,23,32,5,74,22,0,22,96
03/06/2008,AGS,GA,ASO,ES,Combined TRACON& Tower with Radar,2,26,31,3,62,0,1,6,3,10,2,27,37,6,72,0,0,0,72
03/07/2008,AGS,GA,ASO,ES,Combined TRACON& Tower with Radar,3,29,18,0,50,0,0,0,0,0,3,29,18,0,50,0,0,0,50
03/08/2008,AGS,GA,ASO,ES,Combined TRACON& Tower with Radar,1,22,12,2,37,0,0,1,0,1,1,22,13,2,38,0,0,0,38
03/09/2008,AGS,GA,ASO,ES,Combined TRACON& Tower with Radar,0,36,24,0,60,0,0,24,2,26,0,36,48,2,86,10,0,10,96
03/10/2008,AGS,GA,ASO,ES,Combined TRACON& Tower with Radar,4,17,39,7,67,0,0,26,4,30,4,17,65,11,97,4,2,6,103
03/11/2008,AGS,GA,ASO,ES,Combined TRACON& Tower with Radar,9,17,43,5,74,0,0,21,0,21,9,17,64,5,95,2,0,2,97
03/12/2008,AGS,GA,ASO,ES,Combined TRACON& Tower with Radar,11,22,44,10,87,0,0,33,3,36,11,22,77,13,123,27,2,29,152
03/13/2008,AGS,GA,ASO,ES,Combined TRACON& Tower with Radar,8,24,50,11,93,0,0,18,2,20,8,24,68,13,113,4,2,6,119
03/14/2008,AGS,GA,ASO,ES,Combined TRACON& Tower with Radar,5,19,26,4,54,0,0,13,0,13,5,19,39,4,67,9,6,15,82
03/15/2008,AGS,GA,ASO,ES,Combined TRACON& Tower with Radar,7,16,15,6,44,0,0,2,0,2,7,16,17,6,46,6,6,12,58
03/16/2008,AGS,GA,ASO,ES,Combined TRACON& Tower with Radar,1,27,13,0,41,0,2,11,0,13,1,29,24,0,54,0,0,0,54
03/17/2008,AGS,GA,ASO,ES,Combined TRACON& Tower with Radar,9,19,43,9,80,0,0,17,1,18,9,19,60,10,98,0,0,0,98
03/18/2008,AGS,GA,ASO,ES,Combined TRACON& Tower with Radar,11,23,39,6,79,0,0,26,3,29,11,23,65,9,108,21,6,27,135
03/19/2008,AGS,GA,ASO,ES,Combined TRACON& Tower with Radar,5,31,48,5,89,0,2,4,0,6,5,33,52,5,95,0,2,2,97
03/20/2008,AGS,GA,ASO,ES,Combined TRACON& Tower with Radar,4,42,50,7,103,0,0,17,3,20,4,42,67,10,123,8,6,14,137
03/21/2008,AGS,GA,ASO,ES,Combined TRACON& Tower with Radar,8,30,41,5,84,0,0,21,3,24,8,30,62,8,108,20,5,25,133
03/22/2008,AGS,GA,ASO,ES,Combined TRACON& Tower with Radar,3,36,29,2,70,0,0,30,0,30,3,36,59,2,100,14,0,14,114
03/23/2008,AGS,GA,ASO,ES,Combined TRACON& Tower with Radar,1,21,2,0,24,0,0,5,0,5,1,21,7,0,29,2,0,2,31
03/24/2008,AGS,GA,ASO,ES,Combined TRACON& Tower with Radar,5,29,29,12,75,0,0,10,2,12,5,29,39,14,87,14,5,19,106
03/25/2008,AGS,GA,ASO,ES,Combined TRACON& Tower with Radar,8,22,37,5,72,2,0,17,3,22,10,22,54,8,94,28,0,28,122
03/26/2008,AGS,GA,ASO,ES,Combined TRACON& Tower with Radar,6,29,50,14,99,2,0,22,3,27,8,29,72,17,126,10,5,15,141
03/27/2008,AGS,GA,ASO,ES,Combined TRACON& Tower with Radar,8,23,35,2,68,0,0,11,4,15,8,23,46,6,83,0,0,0,83
03/28/2008,AGS,GA,ASO,ES,Combined TRACON& Tower with Radar,7,29,34,9,79,0,0,19,0,19,7,29,53,9,98,8,24,32,130
03/29/2008,AGS,GA,ASO,ES,Combined TRACON& Tower with Radar,7,13,22,3,45,0,0,12,1,13,7,13,34,4,58,6,0,6,64
03/30/2008,AGS,GA,ASO,ES,Combined TRACON& Tower with Radar,4,23,23,2,52,0,0,0,0,0,4,23,23,2,52,0,0,0,52
03/31/2008,AGS,GA,ASO,ES,Combined TRACON& Tower with Radar,8,18,24,9,59,0,0,0,0,0,8,18,24,9,59,11,0,11,70
04/01/2008,AGS,GA,ASO,ES,Combined TRACON& Tower with Radar,5,22,27,0,54,0,2,3,1,6,5,24,30,1,60,4,0,4,64
04/02/2008,AGS,GA,ASO,ES,Combined TRACON& Tower with Radar,9,19,31,1,60,0,0,35,0,35,9,19,66,1,95,35,0,35,130
04/03/2008,AGS,GA,ASO,ES,Combined TRACON& Tower with Radar,4,30,40,4,78,0,0,1,0,1,4,30,41,4,79,5,0,5,84
04/04/2008,AGS,GA,ASO,ES,Combined TRACON& Tower with Radar,12,26,46,4,88,0,0,1,0,1,12,26,47,4,89,1,4,5,94
04/05/2008,AGS,GA,ASO,ES,Combined TRACON& Tower with Radar,5,21,16,2,44,0,0,0,0,0,5,21,16,2,44,4,0,4,48
04/06/2008,AGS,GA,ASO,ES,Combined TRACON& Tower with Radar,17,50,76,1,144,0,0,3,3,6,17,50,79,4,150,0,0,0,150
04/07/2008,AGS,GA,ASO,ES,Combined TRACON& Tower with Radar,16,39,181,2,238,0,0,6,0,6,16,39,187,2,244,0,0,0,244
04/08/2008,AGS,GA,ASO,ES,Combined TRACON& Tower with Radar,26,40,256,0,322,0,0,7,0,7,26,40,263,0,329,0,0,0,329
04/09/2008,AGS,GA,ASO,ES,Combined TRACON& Tower with Radar,19,75,323,0,417,0,0,9,0,9,19,75,332,0,426,0,0,0,426
04/10/2008,AGS,GA,ASO,ES,Combined TRACON& Tower with Radar,23,31,272,2,328,0,0,2,0,2,23,31,274,2,330,0,0,0,330
04/11/2008,AGS,GA,ASO,ES,Combined TRACON& Tower with Radar,23,56,365,0,444,0,0,5,0,5,23,56,370,0,449,0,0,0,449
04/12/2008,AGS,GA,ASO,ES,Combined TRACON& Tower with Radar,31,122,195,4,352,0,0,0,0,0,31,122,195,4,352,0,0,0,352
04/13/2008,AGS,GA,ASO,ES,Combined TRACON& Tower with Radar,25,72,346,0,443,0,1,3,0,4,25,73,349,0,447,0,0,0,447
04/14/2008,AGS,GA,ASO,ES,Combined TRACON& Tower with Radar,19,61,88,6,174,0,0,9,0,9,19,61,97,6,183,0,6,6,189
04/15/2008,AGS,GA,ASO,ES,Combined TRACON& Tower with Radar,11,18,22,4,55,0,3,14,1,18,11,21,36,5,73,18,0,18,91
04/16/2008,AGS,GA,ASO,ES,Combined TRACON& Tower with Radar,7,21,26,4,58,0,1,18,1,20,7,22,44,5,78,6,4,10,88
04/17/2008,AGS,GA,ASO,ES,Combined TRACON& Tower with Radar,5,28,30,11,74,0,2,25,1,28,5,30,55,12,102,14,2,16,118
04/18/2008,AGS,GA,ASO,ES,Combined TRACON& Tower with Radar,5,19,15,5,44,0,0,27,1,28,5,19,42,6,72,15,5,20,92
04/19/2008,AGS,GA,ASO,ES,Combined TRACON& Tower with Radar,6,12,15,2,35,0,0,3,2,5,6,12,18,4,40,2,0,2,42
04/20/2008,AGS,GA,ASO,ES,Combined TRACON& Tower with Radar,6,29,23,5,63,0,0,18,2,20,6,29,41,7,83,28,14,42,125
04/21/2008,AGS,GA,ASO,ES,Combined TRACON& Tower with Radar,10,19,31,6,66,0,3,12,1,16,10,22,43,7,82,2,0,2,84
04/22/2008,AGS,GA,ASO,ES,Combined TRACON& Tower with Radar,14,29,46,6,95,0,0,12,1,13,14,29,58,7,108,11,1,12,120
04/23/2008,AGS,GA,ASO,ES,Combined TRACON& Tower with Radar,14,13,58,7,92,0,0,14,1,15,14,13,72,8,107,4,2,6,113
04/24/2008,AGS,GA,ASO,ES,Combined TRACON& Tower with Radar,8,28,43,0,79,0,0,8,1,9,8,28,51,1,88,0,0,0,88
04/25/2008,AGS,GA,ASO,ES,Combined TRACON& Tower with Radar,9,25,36,0,70,0,0,16,0,16,9,25,52,0,86,0,0,0,86
04/26/2008,AGS,GA,ASO,ES,Combined TRACON& Tower with Radar,4,22,28,2,56,0,0,6,0,6,4,22,34,2,62,13,0,13,75
04/27/2008,AGS,GA,ASO,ES,Combined TRACON& Tower with Radar,8,33,29,2,72,0,0,10,0,10,8,33,39,2,82,31,0,31,113
04/28/2008,AGS,GA,ASO,ES,Combined TRACON& Tower with Radar,11,18,23,2,54,0,0,7,0,7,11,18,30,2,61,0,0,0,61
04/29/2008,AGS,GA,ASO,ES,Combined TRACON& Tower with Radar,11,21,41,0,73,0,0,12,0,12,11,21,53,0,85,2,1,3,88
04/30/2008,AGS,GA,ASO,ES,Combined TRACON& Tower with Radar,10,16,51,9,86,0,0,31,0,31,10,16,82,9,117,23,0,23,140
05/01/2008,AGS,GA,ASO,ES,Combined TRACON& Tower with Radar,6,37,42,3,88,0,0,23,1,24,6,37,65,4,112,10,0,10,122
05/02/2008,AGS,GA,ASO,ES,Combined TRACON& Tower with Radar,10,27,39,1,77,0,0,26,3,29,10,27,65,4,106,27,0,27,133
05/03/2008,AGS,GA,ASO,ES,Combined TRACON& Tower with Radar,3,18,17,2,40,0,0,6,0,6,3,18,23,2,46,1,0,1,47
05/04/2008,AGS,GA,ASO,ES,Combined TRACON& Tower with Radar,7,24,37,3,71,0,0,17,5,22,7,24,54,8,93,2,0,2,95
05/05/2008,AGS,GA,ASO,ES,Combined TRACON& Tower with Radar,9,20,28,7,64,0,1,6,0,7,9,21,34,7,71,0,8,8,79
05/06/2008,AGS,GA,ASO,ES,Combined TRACON& Tower with Radar,5,25,18,4,52,0,0,18,1,19,5,25,36,5,71,22,2,24,95
05/07/2008,AGS,GA,ASO,ES,Combined TRACON& Tower with Radar,13,12,42,6,73,0,0,17,2,19,13,12,59,8,92,3,1,4,96
05/08/2008,AGS,GA,ASO,ES,Combined TRACON& Tower with Radar,5,28,25,4,62,0,1,8,0,9,5,29,33,4,71,7,1,8,79
05/09/2008,AGS,GA,ASO,ES,Combined TRACON& Tower with Radar,7,21,26,8,62,0,0,19,0,19,7,21,45,8,81,34,10,44,125
05/10/2008,AGS,GA,ASO,ES,Combined TRACON& Tower with Radar,4,30,24,2,60,0,0,10,0,10,4,30,34,2,70,22,0,22,92
05/11/2008,AGS,GA,ASO,ES,Combined TRACON& Tower with Radar,6,26,7,0,39,0,0,4,0,4,6,26,11,0,43,2,0,2,45
05/12/2008,AGS,GA,ASO,ES,Combined TRACON& Tower with Radar,10,22,41,3,76,0,0,13,0,13,10,22,54,3,89,22,2,24,113
05/13/2008,AGS,GA,ASO,ES,Combined TRACON& Tower with Radar,11,20,47,2,80,0,0,8,0,8,11,20,55,2,88,3,0,3,91
05/14/2008,AGS,GA,ASO,ES,Combined TRACON& Tower with Radar,11,14,30,16,71,0,0,26,1,27,11,14,56,17,98,43,3,46,144
05/15/2008,AGS,GA,ASO,ES,Combined TRACON& Tower with Radar,6,43,52,8,109,0,4,3,0,7,6,47,55,8,116,8,16,24,140
05/16/2008,AGS,GA,ASO,ES,Combined TRACON& Tower with Radar,8,35,29,2,74,0,0,10,1,11,8,35,39,3,85,0,2,2,87
05/17/2008,AGS,GA,ASO,ES,Combined TRACON& Tower with Radar,4,29,18,2,53,0,0,5,8,13,4,29,23,10,66,6,0,6,72
05/18/2008,AGS,GA,ASO,ES,Combined TRACON& Tower with Radar,6,23,19,1,49,0,0,2,1,3,6,23,21,2,52,0,0,0,52
05/19/2008,AGS,GA,ASO,ES,Combined TRACON& Tower with Radar,6,21,20,4,51,0,0,5,3,8,6,21,25,7,59,0,6,6,65
05/20/2008,AGS,GA,ASO,ES,Combined TRACON& Tower with Radar,15,13,18,1,47,0,0,6,3,9,15,13,24,4,56,2,4,6,62
05/21/2008,AGS,GA,ASO,ES,Combined TRACON& Tower with Radar,10,13,15,10,48,0,0,18,4,22,10,13,33,14,70,21,4,25,95
05/22/2008,AGS,GA,ASO,ES,Combined TRACON& Tower with Radar,12,17,40,4,73,0,0,13,2,15,12,17,53,6,88,8,2,10,98
05/23/2008,AGS,GA,ASO,ES,Combined TRACON& Tower with Radar,8,14,24,2,48,0,0,9,3,12,8,14,33,5,60,0,1,1,61
05/24/2008,AGS,GA,ASO,ES,Combined TRACON& Tower with Radar,4,13,4,2,23,0,0,6,0,6,4,13,10,2,29,0,0,0,29
05/25/2008,AGS,GA,ASO,ES,Combined TRACON& Tower with Radar,6,14,5,1,26,0,0,15,0,15,6,14,20,1,41,13,0,13,54
05/26/2008,AGS,GA,ASO,ES,Combined TRACON& Tower with Radar,8,14,3,2,27,0,0,17,0,17,8,14,20,2,44,14,0,14,58
05/27/2008,AGS,GA,ASO,ES,Combined TRACON& Tower with Radar,10,15,23,7,55,0,0,12,1,13,10,15,35,8,68,10,11,21,89
05/28/2008,AGS,GA,ASO,ES,Combined TRACON& Tower with Radar,10,22,34,8,74,0,0,9,0,9,10,22,43,8,83,0,2,2,85
05/29/2008,AGS,GA,ASO,ES,Combined TRACON& Tower with Radar,6,23,24,4,57,0,0,7,2,9,6,23,31,6,66,0,2,2,68
05/30/2008,AGS,GA,ASO,ES,Combined TRACON& Tower with Radar,10,15,42,1,68,0,0,10,0,10,10,15,52,1,78,20,2,22,100
05/31/2008,AGS,GA,ASO,ES,Combined TRACON& Tower with Radar,5,16,7,2,30,0,0,6,0,6,5,16,13,2,36,9,0,9,45
06/01/2008,AGS,GA,ASO,ES,Combined TRACON& Tower with Radar,6,23,4,3,36,0,2,6,0,8,6,25,10,3,44,1,4,5,49
06/02/2008,AGS,GA,ASO,ES,Combined TRACON& Tower with Radar,12,16,21,6,55,0,0,9,2,11,12,16,30,8,66,2,0,2,68
06/03/2008,AGS,GA,ASO,ES,Combined TRACON& Tower with Radar,11,11,28,2,52,0,0,8,1,9,11,11,36,3,61,3,0,3,64
06/04/2008,AGS,GA,ASO,ES,Combined TRACON& Tower with Radar,13,13,20,8,54,0,0,16,3,19,13,13,36,11,73,4,2,6,79
06/05/2008,AGS,GA,ASO,ES,Combined TRACON& Tower with Radar,4,25,11,8,48,0,0,26,5,31,4,25,37,13,79,11,6,17,96
06/06/2008,AGS,GA,ASO,ES,Combined TRACON& Tower with Radar,7,21,12,0,40,0,0,25,0,25,7,21,37,0,65,12,0,12,77
06/07/2008,AGS,GA,ASO,ES,Combined TRACON& Tower with Radar,2,17,4,10,33,0,0,9,0,9,2,17,13,10,42,0,0,0,42
06/08/2008,AGS,GA,ASO,ES,Combined TRACON& Tower with Radar,4,21,5,1,31,0,0,7,0,7,4,21,12,1,38,0,0,0,38
06/09/2008,AGS,GA,ASO,ES,Combined TRACON& Tower with Radar,7,19,26,8,60,0,0,6,1,7,7,19,32,9,67,4,3,7,74
06/10/2008,AGS,GA,ASO,ES,Combined TRACON& Tower with Radar,15,11,6,2,34,0,0,21,6,27,15,11,27,8,61,0,20,20,81
06/11/2008,AGS,GA,ASO,ES,Combined TRACON& Tower with Radar,8,21,11,3,43,0,1,13,3,17,8,22,24,6,60,26,12,38,98
06/12/2008,AGS,GA,ASO,ES,Combined TRACON& Tower with Radar,2,25,17,3,47,0,0,5,8,13,2,25,22,11,60,3,19,22,82
06/13/2008,AGS,GA,ASO,ES,Combined TRACON& Tower with Radar,7,18,23,13,61,0,0,23,17,40,7,18,46,30,101,7,11,18,119
06/14/2008,AGS,GA,ASO,ES,Combined TRACON& Tower with Radar,7,21,12,11,51,0,0,12,14,26,7,21,24,25,77,3,3,6,83
06/15/2008,AGS,GA,ASO,ES,Combined TRACON& Tower with Radar,6,22,3,21,52,0,0,0,9,9,6,22,3,30,61,0,16,16,77
06/16/2008,AGS,GA,ASO,ES,Combined TRACON& Tower with Radar,12,13,20,16,61,0,0,6,7,13,12,13,26,23,74,5,40,45,119
06/17/2008,AGS,GA,ASO,ES,Combined TRACON& Tower with Radar,12,14,28,3,57,0,0,13,6,19,12,14,41,9,76,15,6,21,97
06/18/2008,AGS,GA,ASO,ES,Combined TRACON& Tower with Radar,11,16,32,5,64,0,0,13,7,20,11,16,45,12,84,1,6,7,91
06/19/2008,AGS,GA,ASO,ES,Combined TRACON& Tower with Radar,9,20,24,4,57,0,0,21,4,25,9,20,45,8,82,0,0,0,82
06/20/2008,AGS,GA,ASO,ES,Combined TRACON& Tower with Radar,8,23,21,5,57,0,0,14,1,15,8,23,35,6,72,8,0,8,80
06/21/2008,AGS,GA,ASO,ES,Combined TRACON& Tower with Radar,2,20,9,7,38,0,0,8,0,8,2,20,17,7,46,4,0,4,50
06/22/2008,AGS,GA,ASO,ES,Combined TRACON& Tower with Radar,4,26,5,0,35,0,0,3,6,9,4,26,8,6,44,0,0,0,44
06/23/2008,AGS,GA,ASO,ES,Combined TRACON& Tower with Radar,3,23,23,6,55,0,0,8,1,9,3,23,31,7,64,2,5,7,71
06/24/2008,AGS,GA,ASO,ES,Combined TRACON& Tower with Radar,11,15,12,4,42,0,0,17,3,20,11,15,29,7,62,4,1,5,67
06/25/2008,AGS,GA,ASO,ES,Combined TRACON& Tower with Radar,8,19,20,4,51,0,0,10,2,12,8,19,30,6,63,10,4,14,77
06/26/2008,AGS,GA,ASO,ES,Combined TRACON& Tower with Radar,12,18,28,5,63,0,0,14,2,16,12,18,42,7,79,14,7,21,100
06/27/2008,AGS,GA,ASO,ES,Combined TRACON& Tower with Radar,5,22,20,2,49,0,1,6,7,14,5,23,26,9,63,1,3,4,67
06/28/2008,AGS,GA,ASO,ES,Combined TRACON& Tower with Radar,2,18,10,2,32,0,0,5,0,5,2,18,15,2,37,6,0,6,43
06/29/2008,AGS,GA,ASO,ES,Combined TRACON& Tower with Radar,13,20,11,0,44,0,0,6,0,6,13,20,17,0,50,14,0,14,64
06/30/2008,AGS,GA,ASO,ES,Combined TRACON& Tower with Radar,2,23,17,7,49,0,0,9,3,12,2,23,26,10,61,0,9,9,70
07/01/2008,AGS,GA,ASO,ES,Combined TRACON& Tower with Radar,9,19,17,4,49,0,0,2,16,18,9,19,19,20,67,2,1,3,70
07/02/2008,AGS,GA,ASO,ES,Combined TRACON& Tower with Radar,0,0,0,0,0,0,0,8,17,25,0,0,8,17,25,8,17,25,50
07/03/2008,AGS,GA,ASO,ES,Combined TRACON& Tower with Radar,0,0,0,0,0,0,0,0,0,0,0,0,0,0,0,0,0,0,0
07/04/2008,AGS,GA,ASO,ES,Combined TRACON& Tower with Radar,2,14,6,0,22,0,0,2,0,2,2,14,8,0,24,0,0,0,24
07/05/2008,AGS,GA,ASO,ES,Combined TRACON& Tower with Radar,0,0,0,0,0,0,0,0,0,0,0,0,0,0,0,0,0,0,0
07/06/2008,AGS,GA,ASO,ES,Combined TRACON& Tower with Radar,0,0,0,0,0,0,0,0,0,0,0,0,0,0,0,0,0,0,0
07/07/2008,AGS,GA,ASO,ES,Combined TRACON& Tower with Radar,7,34,59,3,103,0,0,7,0,7,7,34,66,3,110,4,1,5,115
07/08/2008,AGS,GA,ASO,ES,Combined TRACON& Tower with Radar,0,0,0,0,0,0,0,8,6,14,0,0,8,6,14,8,6,14,28
07/09/2008,AGS,GA,ASO,ES,Combined TRACON& Tower with Radar,0,0,0,0,0,0,0,15,0,15,0,0,15,0,15,15,0,15,30
07/10/2008,AGS,GA,ASO,ES,Combined TRACON& Tower with Radar,7,27,47,3,84,0,0,5,0,5,7,27,52,3,89,0,0,0,89
07/11/2008,AGS,GA,ASO,ES,Combined TRACON& Tower with Radar,4,26,39,8,77,0,0,9,2,11,4,26,48,10,88,7,8,15,103
07/12/2008,AGS,GA,ASO,ES,Combined TRACON& Tower with Radar,0,0,0,0,0,0,0,10,2,12,0,0,10,2,12,10,2,12,24
07/13/2008,AGS,GA,ASO,ES,Combined TRACON& Tower with Radar,27,29,15,0,71,0,0,8,0,8,27,29,23,0,79,16,0,16,95
07/14/2008,AGS,GA,ASO,ES,Combined TRACON& Tower with Radar,3,34,21,4,62,0,0,8,1,9,3,34,29,5,71,3,1,4,75
07/15/2008,AGS,GA,ASO,ES,Combined TRACON& Tower with Radar,0,0,0,0,0,0,0,15,0,15,0,0,15,0,15,15,0,15,30
07/16/2008,AGS,GA,ASO,ES,Combined TRACON& Tower with Radar,6,20,27,3,56,0,0,9,3,12,6,20,36,6,68,0,0,0,68
07/17/2008,AGS,GA,ASO,ES,Combined TRACON& Tower with Radar,4,23,22,4,53,0,0,10,1,11,4,23,32,5,64,2,2,4,68
07/18/2008,AGS,GA,ASO,ES,Combined TRACON& Tower with Radar,0,0,0,0,0,0,0,0,0,0,0,0,0,0,0,5,2,7,7
07/19/2008,AGS,GA,ASO,ES,Combined TRACON& Tower with Radar,7,14,8,2,31,0,0,10,0,10,7,14,18,2,41,6,0,6,47
07/20/2008,AGS,GA,ASO,ES,Combined TRACON& Tower with Radar,0,0,0,0,0,0,0,0,0,0,0,0,0,0,0,0,0,0,0
07/21/2008,AGS,GA,ASO,ES,Combined TRACON& Tower with Radar,8,22,34,9,73,0,0,12,2,14,8,22,46,11,87,0,23,23,110
07/22/2008,AGS,GA,ASO,ES,Combined TRACON& Tower with Radar,0,0,0,0,0,0,0,6,0,6,0,0,6,0,6,6,0,6,12
07/23/2008,AGS,GA,ASO,ES,Combined TRACON& Tower with Radar,12,15,25,5,57,0,0,3,0,3,12,15,28,5,60,10,0,10,70
07/24/2008,AGS,GA,ASO,ES,Combined TRACON& Tower with Radar,14,12,25,2,53,0,0,10,0,10,14,12,35,2,63,6,0,6,69
07/25/2008,AGS,GA,ASO,ES,Combined TRACON& Tower with Radar,0,0,0,0,0,0,0,0,0,0,0,0,0,0,0,3,4,7,7
07/26/2008,AGS,GA,ASO,ES,Combined TRACON& Tower with Radar,0,0,0,0,0,0,0,0,0,0,0,0,0,0,0,3,0,3,3
07/27/2008,AGS,GA,ASO,ES,Combined TRACON& Tower with Radar,11,18,20,6,55,0,0,13,0,13,11,18,33,6,68,7,6,13,81
07/28/2008,AGS,GA,ASO,ES,Combined TRACON& Tower with Radar,6,20,15,8,49,0,0,9,1,10,6,20,24,9,59,3,1,4,63
07/29/2008,AGS,GA,ASO,ES,Combined TRACON& Tower with Radar,0,0,0,0,0,0,1,4,0,5,0,1,4,0,5,4,0,4,9
07/30/2008,AGS,GA,ASO,ES,Combined TRACON& Tower with Radar,16,13,21,7,57,0,1,1,2,4,16,14,22,9,61,3,5,8,69
07/31/2008,AGS,GA,ASO,ES,Combined TRACON& Tower with Radar,8,17,20,1,46,0,0,9,0,9,8,17,29,1,55,4,0,4,59
08/01/2008,AGS,GA,ASO,ES,Combined TRACON& Tower with Radar,0,0,0,0,0,0,0,0,0,0,0,0,0,0,0,7,2,9,9
08/02/2008,AGS,GA,ASO,ES,Combined TRACON& Tower with Radar,0,0,0,0,0,0,0,0,0,0,0,0,0,0,0,8,0,8,8
08/03/2008,AGS,GA,ASO,ES,Combined TRACON& Tower with Radar,9,16,6,1,32,0,0,7,3,10,9,16,13,4,42,0,0,0,42
08/04/2008,AGS,GA,ASO,ES,Combined TRACON& Tower with Radar,4,27,12,8,51,0,2,12,14,28,4,29,24,22,79,5,10,15,94
08/05/2008,AGS,GA,ASO,ES,Combined TRACON& Tower with Radar,0,0,0,0,0,0,0,12,2,14,0,0,12,2,14,12,2,14,28
08/06/2008,AGS,GA,ASO,ES,Combined TRACON& Tower with Radar,10,20,21,7,58,0,0,22,4,26,10,20,43,11,84,11,16,27,111
08/07/2008,AGS,GA,ASO,ES,Combined TRACON& Tower with Radar,0,0,0,0,0,0,0,0,0,0,0,0,0,0,0,6,1,7,7
08/08/2008,AGS,GA,ASO,ES,Combined TRACON& Tower with Radar,0,0,0,0,0,0,0,0,0,0,0,0,0,0,0,0,5,5,5
08/09/2008,AGS,GA,ASO,ES,Combined TRACON& Tower with Radar,5,14,10,4,33,0,0,22,2,24,5,14,32,6,57,5,21,26,83
08/10/2008,AGS,GA,ASO,ES,Combined TRACON& Tower with Radar,5,22,11,0,38,0,0,0,0,0,5,22,11,0,38,1,0,1,39
08/11/2008,AGS,GA,ASO,ES,Combined TRACON& Tower with Radar,2,22,23,4,51,0,0,10,3,13,2,22,33,7,64,6,3,9,73
08/12/2008,AGS,GA,ASO,ES,Combined TRACON& Tower with Radar,9,17,23,0,49,0,0,10,0,10,9,17,33,0,59,2,0,2,61
08/13/2008,AGS,GA,ASO,ES,Combined TRACON& Tower with Radar,11,14,36,7,68,0,0,0,1,1,11,14,36,8,69,1,1,2,71
08/14/2008,AGS,GA,ASO,ES,Combined TRACON& Tower with Radar,9,15,23,0,47,0,0,5,3,8,9,15,28,3,55,14,0,14,69
08/15/2008,AGS,GA,ASO,ES,Combined TRACON& Tower with Radar,0,0,0,0,0,0,0,0,0,0,0,0,0,0,0,1,0,1,1
08/16/2008,AGS,GA,ASO,ES,Combined TRACON& Tower with Radar,0,0,0,0,0,0,0,0,0,0,0,0,0,0,0,0,0,0,0
08/17/2008,AGS,GA,ASO,ES,Combined TRACON& Tower with Radar,8,20,11,0,39,0,0,5,1,6,8,20,16,1,45,2,0,2,47
08/18/2008,AGS,GA,ASO,ES,Combined TRACON& Tower with Radar,2,25,22,1,50,0,0,10,1,11,2,25,32,2,61,3,0,3,64
08/19/2008,AGS,GA,ASO,ES,Combined TRACON& Tower with Radar,10,16,27,2,55,0,0,14,1,15,10,16,41,3,70,2,0,2,72
08/20/2008,AGS,GA,ASO,ES,Combined TRACON& Tower with Radar,14,11,41,3,69,0,0,7,0,7,14,11,48,3,76,14,2,16,92
08/21/2008,AGS,GA,ASO,ES,Combined TRACON& Tower with Radar,5,25,30,2,62,0,0,8,0,8,5,25,38,2,70,8,0,8,78
08/22/2008,AGS,GA,ASO,ES,Combined TRACON& Tower with Radar,9,18,8,2,37,0,0,3,0,3,9,18,11,2,40,0,0,0,40
08/23/2008,AGS,GA,ASO,ES,Combined TRACON& Tower with Radar,0,0,0,0,0,0,0,0,0,0,0,0,0,0,0,0,0,0,0
08/24/2008,AGS,GA,ASO,ES,Combined TRACON& Tower with Radar,0,0,0,0,0,0,0,10,0,10,0,0,10,0,10,10,0,10,20
08/25/2008,AGS,GA,ASO,ES,Combined TRACON& Tower with Radar,12,21,11,5,49,0,0,0,0,0,12,21,11,5,49,4,2,6,55
08/26/2008,AGS,GA,ASO,ES,Combined TRACON& Tower with Radar,13,12,9,0,34,0,0,1,0,1,13,12,10,0,35,0,0,0,35
08/27/2008,AGS,GA,ASO,ES,Combined TRACON& Tower with Radar,11,14,25,0,50,0,0,2,0,2,11,14,27,0,52,0,0,0,52
08/28/2008,AGS,GA,ASO,ES,Combined TRACON& Tower with Radar,7,24,18,0,49,0,0,20,0,20,7,24,38,0,69,16,0,16,85
08/29/2008,AGS,GA,ASO,ES,Combined TRACON& Tower with Radar,0,0,0,0,0,0,0,0,2,2,0,0,0,2,2,2,0,2,4
08/30/2008,AGS,GA,ASO,ES,Combined TRACON& Tower with Radar,0,0,0,0,0,0,0,0,0,0,0,0,0,0,0,0,0,0,0
08/31/2008,AGS,GA,ASO,ES,Combined TRACON& Tower with Radar,1,12,2,0,15,0,0,1,0,1,1,12,3,0,16,0,0,0,16
09/01/2008,AGS,GA,ASO,ES,Combined TRACON& Tower with Radar,6,24,18,0,48,0,0,5,0,5,6,24,23,0,53,0,0,0,53
09/02/2008,AGS,GA,ASO,ES,Combined TRACON& Tower with Radar,4,23,15,0,42,0,0,16,0,16,4,23,31,0,58,0,0,0,58
09/03/2008,AGS,GA,ASO,ES,Combined TRACON& Tower with Radar,4,24,17,4,49,0,0,21,2,23,4,24,38,6,72,0,0,0,72
09/04/2008,AGS,GA,ASO,ES,Combined TRACON& Tower with Radar,4,20,20,1,45,0,1,29,5,35,4,21,49,6,80,0,0,0,80
09/05/2008,AGS,GA,ASO,ES,Combined TRACON& Tower with Radar,4,24,21,0,49,0,0,16,0,16,4,24,37,0,65,0,0,0,65
09/06/2008,AGS,GA,ASO,ES,Combined TRACON& Tower with Radar,4,14,3,0,21,0,0,27,0,27,4,14,30,0,48,0,0,0,48
09/07/2008,AGS,GA,ASO,ES,Combined TRACON& Tower with Radar,6,19,7,2,34,0,0,10,0,10,6,19,17,2,44,0,0,0,44
09/08/2008,AGS,GA,ASO,ES,Combined TRACON& Tower with Radar,4,23,19,0,46,0,0,26,0,26,4,23,45,0,72,0,0,0,72
09/09/2008,AGS,GA,ASO,ES,Combined TRACON& Tower with Radar,2,25,24,6,57,0,0,28,19,47,2,25,52,25,104,0,0,0,104
09/10/2008,AGS,GA,ASO,ES,Combined TRACON& Tower with Radar,4,24,11,6,45,0,0,0,0,0,4,24,11,6,45,0,0,0,45
09/11/2008,AGS,GA,ASO,ES,Combined TRACON& Tower with Radar,4,24,20,3,51,0,0,2,1,3,4,24,22,4,54,0,0,0,54
09/12/2008,AGS,GA,ASO,ES,Combined TRACON& Tower with Radar,6,23,48,2,79,0,2,3,0,5,6,25,51,2,84,0,0,0,84
09/13/2008,AGS,GA,ASO,ES,Combined TRACON& Tower with Radar,4,14,23,0,41,0,2,8,1,11,4,16,31,1,52,0,0,0,52
09/14/2008,AGS,GA,ASO,ES,Combined TRACON& Tower with Radar,4,19,10,1,34,0,0,2,0,2,4,19,12,1,36,0,0,0,36
09/15/2008,AGS,GA,ASO,ES,Combined TRACON& Tower with Radar,4,24,11,2,41,0,0,1,1,2,4,24,12,3,43,0,0,0,43
09/16/2008,AGS,GA,ASO,ES,Combined TRACON& Tower with Radar,4,19,18,1,42,0,0,0,3,3,4,19,18,4,45,0,0,0,45
09/17/2008,AGS,GA,ASO,ES,Combined TRACON& Tower with Radar,4,24,27,6,61,0,0,2,0,2,4,24,29,6,63,0,0,0,63
09/18/2008,AGS,GA,ASO,ES,Combined TRACON& Tower with Radar,4,24,24,1,53,0,0,10,1,11,4,24,34,2,64,0,0,0,64
09/19/2008,AGS,GA,ASO,ES,Combined TRACON& Tower with Radar,4,23,20,2,49,0,0,13,2,15,4,23,33,4,64,0,0,0,64
09/20/2008,AGS,GA,ASO,ES,Combined TRACON& Tower with Radar,5,13,14,0,32,0,0,5,0,5,5,13,19,0,37,0,0,0,37
09/21/2008,AGS,GA,ASO,ES,Combined TRACON& Tower with Radar,4,19,25,4,52,0,0,11,4,15,4,19,36,8,67,0,0,0,67
09/22/2008,AGS,GA,ASO,ES,Combined TRACON& Tower with Radar,4,24,21,4,53,0,0,8,4,12,4,24,29,8,65,0,0,0,65
09/23/2008,AGS,GA,ASO,ES,Combined TRACON& Tower with Radar,4,22,28,5,59,0,0,13,3,16,4,22,41,8,75,0,0,0,75
09/24/2008,AGS,GA,ASO,ES,Combined TRACON& Tower with Radar,4,21,29,3,57,0,0,16,0,16,4,21,45,3,73,0,0,0,73
09/25/2008,AGS,GA,ASO,ES,Combined TRACON& Tower with Radar,4,26,21,1,52,0,1,9,2,12,4,27,30,3,64,0,0,0,64
09/26/2008,AGS,GA,ASO,ES,Combined TRACON& Tower with Radar,6,25,43,2,76,0,0,3,2,5,6,25,46,4,81,0,0,0,81
09/27/2008,AGS,GA,ASO,ES,Combined TRACON& Tower with Radar,4,13,9,2,28,0,0,11,2,13,4,13,20,4,41,0,0,0,41
09/28/2008,AGS,GA,ASO,ES,Combined TRACON& Tower with Radar,6,24,11,0,41,0,0,10,2,12,6,24,21,2,53,0,0,0,53
09/29/2008,AGS,GA,ASO,ES,Combined TRACON& Tower with Radar,2,26,19,3,50,0,0,10,0,10,2,26,29,3,60,0,0,0,60
09/30/2008,AGS,GA,ASO,ES,Combined TRACON& Tower with Radar,4,24,40,0,68,0,0,14,0,14,4,24,54,0,82,0,0,0,82
10/01/2008,AGS,GA,ASO,ES,Combined TRACON& Tower with Radar,2,28,33,8,71,0,0,10,2,12,2,28,43,10,83,0,0,0,83
10/02/2008,AGS,GA,ASO,ES,Combined TRACON& Tower with Radar,2,18,28,4,52,0,0,13,1,14,2,18,41,5,66,0,0,0,66
10/03/2008,AGS,GA,ASO,ES,Combined TRACON& Tower with Radar,6,24,16,4,50,0,0,10,4,14,6,24,26,8,64,0,0,0,64
10/04/2008,AGS,GA,ASO,ES,Combined TRACON& Tower with Radar,2,15,8,2,27,0,0,13,0,13,2,15,21,2,40,0,0,0,40
10/05/2008,AGS,GA,ASO,ES,Combined TRACON& Tower with Radar,4,23,15,2,44,0,0,12,2,14,4,23,27,4,58,0,0,0,58
10/06/2008,AGS,GA,ASO,ES,Combined TRACON& Tower with Radar,4,23,17,6,50,0,0,9,0,9,4,23,26,6,59,0,0,0,59
10/07/2008,AGS,GA,ASO,ES,Combined TRACON& Tower with Radar,6,23,32,12,73,0,3,13,3,19,6,26,45,15,92,0,0,0,92
10/08/2008,AGS,GA,ASO,ES,Combined TRACON& Tower with Radar,11,28,19,6,64,0,0,2,0,2,11,28,21,6,66,0,0,0,66
10/09/2008,AGS,GA,ASO,ES,Combined TRACON& Tower with Radar,4,22,35,3,64,0,0,0,1,1,4,22,35,4,65,0,0,0,65
10/10/2008,AGS,GA,ASO,ES,Combined TRACON& Tower with Radar,6,21,32,2,61,0,0,2,5,7,6,21,34,7,68,0,0,0,68
10/11/2008,AGS,GA,ASO,ES,Combined TRACON& Tower with Radar,0,22,8,2,32,0,0,0,0,0,0,22,8,2,32,0,0,0,32
10/12/2008,AGS,GA,ASO,ES,Combined TRACON& Tower with Radar,4,24,11,0,39,0,0,1,0,1,4,24,12,0,40,0,0,0,40
10/13/2008,AGS,GA,ASO,ES,Combined TRACON& Tower with Radar,4,22,31,2,59,0,0,16,0,16,4,22,47,2,75,0,0,0,75
10/14/2008,AGS,GA,ASO,ES,Combined TRACON& Tower with Radar,4,21,18,4,47,0,0,15,1,16,4,21,33,5,63,0,0,0,63
10/15/2008,AGS,GA,ASO,ES,Combined TRACON& Tower with Radar,4,26,23,2,55,0,0,9,0,9,4,26,32,2,64,0,0,0,64
10/16/2008,AGS,GA,ASO,ES,Combined TRACON& Tower with Radar,4,39,40,6,89,0,0,13,0,13,4,39,53,6,102,0,0,0,102
10/17/2008,AGS,GA,ASO,ES,Combined TRACON& Tower with Radar,4,35,21,1,61,0,0,9,1,10,4,35,30,2,71,0,0,0,71
10/18/2008,AGS,GA,ASO,ES,Combined TRACON& Tower with Radar,2,27,20,2,51,0,0,3,0,3,2,27,23,2,54,0,0,0,54
10/19/2008,AGS,GA,ASO,ES,Combined TRACON& Tower with Radar,4,30,17,1,52,0,0,11,1,12,4,30,28,2,64,0,0,0,64
10/20/2008,AGS,GA,ASO,ES,Combined TRACON& Tower with Radar,2,31,23,5,61,0,0,6,4,10,2,31,29,9,71,0,0,0,71
10/21/2008,AGS,GA,ASO,ES,Combined TRACON& Tower with Radar,2,28,27,11,68,0,3,10,3,16,2,31,37,14,84,0,0,0,84
10/22/2008,AGS,GA,ASO,ES,Combined TRACON& Tower with Radar,4,24,44,14,86,0,0,20,12,32,4,24,64,26,118,0,0,0,118
10/23/2008,AGS,GA,ASO,ES,Combined TRACON& Tower with Radar,4,30,32,7,73,0,0,18,1,19,4,30,50,8,92,0,0,0,92
10/24/2008,AGS,GA,ASO,ES,Combined TRACON& Tower with Radar,6,24,12,2,44,0,0,1,0,1,6,24,13,2,45,0,0,0,45
10/25/2008,AGS,GA,ASO,ES,Combined TRACON& Tower with Radar,2,18,3,0,23,0,0,6,0,6,2,18,9,0,29,0,0,0,29
10/26/2008,AGS,GA,ASO,ES,Combined TRACON& Tower with Radar,6,24,16,0,46,0,0,14,1,15,6,24,30,1,61,0,0,0,61
10/27/2008,AGS,GA,ASO,ES,Combined TRACON& Tower with Radar,2,33,27,2,64,0,0,6,2,8,2,33,33,4,72,0,0,0,72
10/28/2008,AGS,GA,ASO,ES,Combined TRACON& Tower with Radar,4,26,26,8,64,0,0,4,1,5,4,26,30,9,69,0,0,0,69
10/29/2008,AGS,GA,ASO,ES,Combined TRACON& Tower with Radar,4,32,15,10,61,0,0,23,2,25,4,32,38,12,86,0,0,0,86
10/30/2008,AGS,GA,ASO,ES,Combined TRACON& Tower with Radar,4,31,30,6,71,0,0,15,2,17,4,31,45,8,88,0,0,0,88
10/31/2008,AGS,GA,ASO,ES,Combined TRACON& Tower with Radar,4,27,28,0,59,0,0,17,0,17,4,27,45,0,76,0,0,0,76
11/01/2008,AGS,GA,ASO,ES,Combined TRACON& Tower with Radar,0,22,16,0,38,0,0,14,0,14,0,22,30,0,52,0,0,0,52
11/02/2008,AGS,GA,ASO,ES,Combined TRACON& Tower with Radar,2,29,17,0,48,0,1,4,0,5,2,30,21,0,53,0,0,0,53
11/03/2008,AGS,GA,ASO,ES,Combined TRACON& Tower with Radar,4,32,29,2,67,0,0,0,0,0,4,32,29,2,67,0,0,0,67
11/04/2008,AGS,GA,ASO,ES,Combined TRACON& Tower with Radar,2,30,25,2,59,0,0,1,1,2,2,30,26,3,61,0,0,0,61
11/05/2008,AGS,GA,ASO,ES,Combined TRACON& Tower with Radar,2,32,38,8,80,0,0,4,2,6,2,32,42,10,86,0,0,0,86
11/06/2008,AGS,GA,ASO,ES,Combined TRACON& Tower with Radar,2,39,43,0,84,0,1,9,1,11,2,40,52,1,95,0,0,0,95
11/07/2008,AGS,GA,ASO,ES,Combined TRACON& Tower with Radar,2,50,32,12,96,0,1,10,1,12,2,51,42,13,108,0,0,0,108
11/08/2008,AGS,GA,ASO,ES,Combined TRACON& Tower with Radar,0,33,39,4,76,0,0,12,4,16,0,33,51,8,92,0,0,0,92
11/09/2008,AGS,GA,ASO,ES,Combined TRACON& Tower with Radar,2,38,24,6,70,0,1,15,0,16,2,39,39,6,86,0,0,0,86
11/10/2008,AGS,GA,ASO,ES,Combined TRACON& Tower with Radar,2,36,29,10,77,0,0,21,0,21,2,36,50,10,98,0,0,0,98
11/11/2008,AGS,GA,ASO,ES,Combined TRACON& Tower with Radar,2,32,40,3,77,0,0,15,3,18,2,32,55,6,95,0,0,0,95
11/12/2008,AGS,GA,ASO,ES,Combined TRACON& Tower with Radar,2,42,46,12,102,0,0,5,1,6,2,42,51,13,108,0,0,0,108
11/13/2008,AGS,GA,ASO,ES,Combined TRACON& Tower with Radar,2,35,45,1,83,0,0,0,0,0,2,35,45,1,83,0,0,0,83
11/14/2008,AGS,GA,ASO,ES,Combined TRACON& Tower with Radar,4,40,44,0,88,0,0,0,0,0,4,40,44,0,88,0,0,0,88
11/15/2008,AGS,GA,ASO,ES,Combined TRACON& Tower with Radar,0,34,14,6,54,0,0,1,2,3,0,34,15,8,57,0,0,0,57
11/16/2008,AGS,GA,ASO,ES,Combined TRACON& Tower with Radar,6,36,25,0,67,0,0,11,0,11,6,36,36,0,78,0,0,0,78
11/17/2008,AGS,GA,ASO,ES,Combined TRACON& Tower with Radar,2,28,28,4,62,0,0,12,1,13,2,28,40,5,75,0,0,0,75
11/18/2008,AGS,GA,ASO,ES,Combined TRACON& Tower with Radar,3,28,16,6,53,0,0,5,5,10,3,28,21,11,63,0,0,0,63
11/19/2008,AGS,GA,ASO,ES,Combined TRACON& Tower with Radar,2,31,22,2,57,0,0,21,2,23,2,31,43,4,80,0,0,0,80
11/20/2008,AGS,GA,ASO,ES,Combined TRACON& Tower with Radar,2,29,22,8,61,0,0,20,5,25,2,29,42,13,86,0,0,0,86
11/21/2008,AGS,GA,ASO,ES,Combined TRACON& Tower with Radar,2,32,21,14,69,0,0,9,4,13,2,32,30,18,82,0,0,0,82
11/22/2008,AGS,GA,ASO,ES,Combined TRACON& Tower with Radar,2,24,14,0,40,0,0,26,0,26,2,24,40,0,66,0,0,0,66
11/23/2008,AGS,GA,ASO,ES,Combined TRACON& Tower with Radar,0,34,14,0,48,0,0,16,0,16,0,34,30,0,64,0,0,0,64
11/24/2008,AGS,GA,ASO,ES,Combined TRACON& Tower with Radar,3,29,30,14,76,0,0,11,4,15,3,29,41,18,91,0,0,0,91
11/25/2008,AGS,GA,ASO,ES,Combined TRACON& Tower with Radar,4,30,24,4,62,0,0,13,1,14,4,30,37,5,76,0,0,0,76
11/26/2008,AGS,GA,ASO,ES,Combined TRACON& Tower with Radar,2,38,28,3,71,0,0,16,2,18,2,38,44,5,89,0,0,0,89
11/27/2008,AGS,GA,ASO,ES,Combined TRACON& Tower with Radar,0,16,4,0,20,0,1,3,0,4,0,17,7,0,24,0,0,0,24
11/28/2008,AGS,GA,ASO,ES,Combined TRACON& Tower with Radar,0,20,17,0,37,0,0,8,0,8,0,20,25,0,45,0,0,0,45
11/29/2008,AGS,GA,ASO,ES,Combined TRACON& Tower with Radar,2,29,2,2,35,0,0,0,0,0,2,29,2,2,35,0,0,0,35
11/30/2008,AGS,GA,ASO,ES,Combined TRACON& Tower with Radar,2,37,27,0,66,0,0,0,0,0,2,37,27,0,66,0,0,0,66
12/01/2008,AGS,GA,ASO,ES,Combined TRACON& Tower with Radar,2,38,33,3,76,0,0,3,1,4,2,38,36,4,80,0,0,0,80
12/02/2008,AGS,GA,ASO,ES,Combined TRACON& Tower with Radar,2,39,26,4,71,0,0,13,12,25,2,39,39,16,96,0,0,0,96
12/03/2008,AGS,GA,ASO,ES,Combined TRACON& Tower with Radar,2,41,45,8,96,0,0,15,3,18,2,41,60,11,114,0,0,0,114
12/04/2008,AGS,GA,ASO,ES,Combined TRACON& Tower with Radar,2,32,42,27,103,0,0,11,6,17,2,32,53,33,120,0,0,0,120
12/05/2008,AGS,GA,ASO,ES,Combined TRACON& Tower with Radar,2,33,25,2,62,0,0,11,2,13,2,33,36,4,75,0,0,0,75
12/06/2008,AGS,GA,ASO,ES,Combined TRACON& Tower with Radar,0,32,13,4,49,0,0,9,8,17,0,32,22,12,66,0,0,0,66
12/07/2008,AGS,GA,ASO,ES,Combined TRACON& Tower with Radar,0,31,20,0,51,0,0,5,0,5,0,31,25,0,56,0,0,0,56
12/08/2008,AGS,GA,ASO,ES,Combined TRACON& Tower with Radar,0,30,20,1,51,0,0,9,0,9,0,30,29,1,60,0,0,0,60
12/09/2008,AGS,GA,ASO,ES,Combined TRACON& Tower with Radar,2,31,22,8,63,0,0,2,5,7,2,31,24,13,70,0,0,0,70
12/10/2008,AGS,GA,ASO,ES,Combined TRACON& Tower with Radar,2,32,16,1,51,0,0,0,0,0,2,32,16,1,51,0,0,0,51
12/11/2008,AGS,GA,ASO,ES,Combined TRACON& Tower with Radar,2,29,19,12,62,0,0,0,0,0,2,29,19,12,62,0,0,0,62
12/12/2008,AGS,GA,ASO,ES,Combined TRACON& Tower with Radar,2,33,30,5,70,0,0,13,2,15,2,33,43,7,85,0,0,0,85
12/13/2008,AGS,GA,ASO,ES,Combined TRACON& Tower with Radar,0,29,9,2,40,0,0,11,4,15,0,29,20,6,55,0,0,0,55
12/14/2008,AGS,GA,ASO,ES,Combined TRACON& Tower with Radar,2,28,21,0,51,0,1,12,0,13,2,29,33,0,64,0,0,0,64
12/15/2008,AGS,GA,ASO,ES,Combined TRACON& Tower with Radar,0,34,32,11,77,0,0,19,0,19,0,34,51,11,96,0,0,0,96
12/16/2008,AGS,GA,ASO,ES,Combined TRACON& Tower with Radar,2,30,29,4,65,0,0,3,0,3,2,30,32,4,68,0,0,0,68
12/17/2008,AGS,GA,ASO,ES,Combined TRACON& Tower with Radar,2,32,32,2,68,0,0,8,0,8,2,32,40,2,76,0,0,0,76
12/18/2008,AGS,GA,ASO,ES,Combined TRACON& Tower with Radar,0,25,35,13,73,0,0,6,1,7,0,25,41,14,80,0,0,0,80
12/19/2008,AGS,GA,ASO,ES,Combined TRACON& Tower with Radar,0,29,12,6,47,0,0,4,5,9,0,29,16,11,56,0,0,0,56
12/20/2008,AGS,GA,ASO,ES,Combined TRACON& Tower with Radar,0,20,8,2,30,0,0,0,1,1,0,20,8,3,31,0,0,0,31
12/21/2008,AGS,GA,ASO,ES,Combined TRACON& Tower with Radar,0,20,5,0,25,0,2,2,1,5,0,22,7,1,30,0,0,0,30
12/22/2008,AGS,GA,ASO,ES,Combined TRACON& Tower with Radar,0,28,26,2,56,0,0,13,0,13,0,28,39,2,69,0,0,0,69
12/23/2008,AGS,GA,ASO,ES,Combined TRACON& Tower with Radar,0,28,12,16,56,0,0,8,0,8,0,28,20,16,64,0,0,0,64
12/24/2008,AGS,GA,ASO,ES,Combined TRACON& Tower with Radar,0,17,2,2,21,0,0,3,0,3,0,17,5,2,24,0,0,0,24
12/25/2008,AGS,GA,ASO,ES,Combined TRACON& Tower with Radar,0,14,6,0,20,0,0,0,0,0,0,14,6,0,20,0,0,0,20
12/26/2008,AGS,GA,ASO,ES,Combined TRACON& Tower with Radar,0,22,6,0,28,0,0,0,0,0,0,22,6,0,28,0,0,0,28
12/27/2008,AGS,GA,ASO,ES,Combined TRACON& Tower with Radar,0,21,7,6,34,0,0,0,0,0,0,21,7,6,34,0,0,0,34
12/28/2008,AGS,GA,ASO,ES,Combined TRACON& Tower with Radar,0,20,7,0,27,0,0,0,0,0,0,20,7,0,27,0,0,0,27
12/29/2008,AGS,GA,ASO,ES,Combined TRACON& Tower with Radar,0,19,14,0,33,0,0,20,2,22,0,19,34,2,55,0,0,0,55
12/30/2008,AGS,GA,ASO,ES,Combined TRACON& Tower with Radar,0,18,23,11,52,0,0,25,0,25,0,18,48,11,77,0,0,0,77
12/31/2008,AGS,GA,ASO,ES,Combined TRACON& Tower with Radar,0,19,14,4,37,0,0,5,2,7,0,19,19,6,44,0,0,0,44
01/01/2009,AGS,GA,ASO,ES,Combined TRACON& Tower with Radar,0,17,5,0,22,0,0,6,0,6,0,17,11,0,28,4,0,4,32
01/02/2009,AGS,GA,ASO,ES,Combined TRACON& Tower with Radar,0,24,23,0,47,0,0,3,0,3,0,24,26,0,50,4,0,4,54
01/03/2009,AGS,GA,ASO,ES,Combined TRACON& Tower with Radar,0,26,16,0,42,0,0,0,0,0,0,26,16,0,42,0,0,0,42
01/04/2009,AGS,GA,ASO,ES,Combined TRACON& Tower with Radar,0,18,17,2,37,0,0,2,0,2,0,18,19,2,39,0,0,0,39
01/05/2009,AGS,GA,ASO,ES,Combined TRACON& Tower with Radar,0,21,20,6,47,0,0,2,2,4,0,21,22,8,51,6,0,6,57
01/06/2009,AGS,GA,ASO,ES,Combined TRACON& Tower with Radar,0,27,19,1,47,0,0,0,1,1,0,27,19,2,48,0,0,0,48
01/07/2009,AGS,GA,ASO,ES,Combined TRACON& Tower with Radar,0,23,17,3,43,0,0,3,1,4,0,23,20,4,47,1,0,1,48
01/08/2009,AGS,GA,ASO,ES,Combined TRACON& Tower with Radar,0,27,25,14,66,0,0,21,9,30,0,27,46,23,96,6,11,17,113
01/09/2009,AGS,GA,ASO,ES,Combined TRACON& Tower with Radar,0,28,26,1,55,0,0,20,3,23,0,28,46,4,78,13,0,13,91
01/10/2009,AGS,GA,ASO,ES,Combined TRACON& Tower with Radar,0,19,12,0,31,0,0,18,0,18,0,19,30,0,49,2,0,2,51
01/11/2009,AGS,GA,ASO,ES,Combined TRACON& Tower with Radar,0,22,11,0,33,0,0,2,0,2,0,22,13,0,35,0,0,0,35
01/12/2009,AGS,GA,ASO,ES,Combined TRACON& Tower with Radar,0,30,18,1,49,0,0,7,1,8,0,30,25,2,57,0,0,0,57
01/13/2009,AGS,GA,ASO,ES,Combined TRACON& Tower with Radar,0,24,15,18,57,0,0,6,1,7,0,24,21,19,64,9,5,14,78
01/14/2009,AGS,GA,ASO,ES,Combined TRACON& Tower with Radar,0,30,15,9,54,0,0,12,3,15,0,30,27,12,69,2,2,4,73
01/15/2009,AGS,GA,ASO,ES,Combined TRACON& Tower with Radar,0,28,15,14,57,0,2,1,0,3,0,30,16,14,60,0,8,8,68
01/16/2009,AGS,GA,ASO,ES,Combined TRACON& Tower with Radar,0,29,15,0,44,0,0,3,0,3,0,29,18,0,47,0,0,0,47
01/17/2009,AGS,GA,ASO,ES,Combined TRACON& Tower with Radar,0,17,9,1,27,0,0,9,0,9,0,17,18,1,36,0,0,0,36
01/18/2009,AGS,GA,ASO,ES,Combined TRACON& Tower with Radar,0,27,11,0,38,0,0,0,0,0,0,27,11,0,38,0,0,0,38
01/19/2009,AGS,GA,ASO,ES,Combined TRACON& Tower with Radar,0,27,20,4,51,0,0,10,0,10,0,27,30,4,61,6,1,7,68
01/20/2009,AGS,GA,ASO,ES,Combined TRACON& Tower with Radar,0,25,27,4,56,0,0,6,0,6,0,25,33,4,62,2,1,3,65
01/21/2009,AGS,GA,ASO,ES,Combined TRACON& Tower with Radar,0,24,17,10,51,0,0,17,2,19,0,24,34,12,70,20,2,22,92
01/22/2009,AGS,GA,ASO,ES,Combined TRACON& Tower with Radar,0,29,22,6,57,0,0,23,2,25,0,29,45,8,82,10,0,10,92
01/23/2009,AGS,GA,ASO,ES,Combined TRACON& Tower with Radar,2,32,22,6,62,0,0,21,2,23,2,32,43,8,85,2,0,2,87
01/24/2009,AGS,GA,ASO,ES,Combined TRACON& Tower with Radar,0,14,19,2,35,0,0,0,0,0,0,14,19,2,35,0,0,0,35
01/25/2009,AGS,GA,ASO,ES,Combined TRACON& Tower with Radar,2,24,13,0,39,0,0,3,6,9,2,24,16,6,48,24,0,24,72
01/26/2009,AGS,GA,ASO,ES,Combined TRACON& Tower with Radar,0,34,17,7,58,0,0,0,0,0,0,34,17,7,58,0,0,0,58
01/27/2009,AGS,GA,ASO,ES,Combined TRACON& Tower with Radar,2,29,21,1,53,0,0,0,0,0,2,29,21,1,53,0,0,0,53
01/28/2009,AGS,GA,ASO,ES,Combined TRACON& Tower with Radar,1,27,23,5,56,0,0,0,0,0,1,27,23,5,56,0,0,0,56
01/29/2009,AGS,GA,ASO,ES,Combined TRACON& Tower with Radar,0,29,31,24,84,0,0,18,3,21,0,29,49,27,105,1,11,12,117
01/30/2009,AGS,GA,ASO,ES,Combined TRACON& Tower with Radar,2,26,18,11,57,0,0,9,3,12,2,26,27,14,69,0,0,0,69
01/31/2009,AGS,GA,ASO,ES,Combined TRACON& Tower with Radar,0,18,21,5,44,0,0,19,1,20,0,18,40,6,64,12,0,12,76
02/01/2009,AGS,GA,ASO,ES,Combined TRACON& Tower with Radar,0,26,10,0,36,0,0,9,0,9,0,26,19,0,45,0,0,0,45
02/02/2009,AGS,GA,ASO,ES,Combined TRACON& Tower with Radar,0,34,22,15,71,0,0,2,1,3,0,34,24,16,74,0,10,10,84
02/03/2009,AGS,GA,ASO,ES,Combined TRACON& Tower with Radar,0,24,23,24,71,0,0,8,3,11,0,24,31,27,82,12,25,37,119
02/04/2009,AGS,GA,ASO,ES,Combined TRACON& Tower with Radar,0,27,19,5,51,0,0,4,7,11,0,27,23,12,62,1,8,9,71
02/05/2009,AGS,GA,ASO,ES,Combined TRACON& Tower with Radar,0,25,27,4,56,0,2,13,4,19,0,27,40,8,75,13,0,13,88
02/06/2009,AGS,GA,ASO,ES,Combined TRACON& Tower with Radar,13,29,21,2,65,0,0,20,7,27,13,29,41,9,92,0,10,10,102
02/07/2009,AGS,GA,ASO,ES,Combined TRACON& Tower with Radar,0,16,13,2,31,0,0,6,0,6,0,16,19,2,37,22,0,22,59
02/08/2009,AGS,GA,ASO,ES,Combined TRACON& Tower with Radar,0,23,22,0,45,0,0,14,0,14,0,23,36,0,59,6,0,6,65
02/09/2009,AGS,GA,ASO,ES,Combined TRACON& Tower with Radar,0,29,27,15,71,0,1,17,2,20,0,30,44,17,91,15,9,24,115
02/10/2009,AGS,GA,ASO,ES,Combined TRACON& Tower with Radar,0,29,33,6,68,0,0,11,3,14,0,29,44,9,82,2,12,14,96
02/11/2009,AGS,GA,ASO,ES,Combined TRACON& Tower with Radar,2,28,22,9,61,0,0,2,6,8,2,28,24,15,69,2,12,14,83
02/12/2009,AGS,GA,ASO,ES,Combined TRACON& Tower with Radar,0,25,32,2,59,0,0,14,5,19,0,25,46,7,78,1,4,5,83
02/13/2009,AGS,GA,ASO,ES,Combined TRACON& Tower with Radar,0,26,20,0,46,0,0,15,0,15,0,26,35,0,61,6,0,6,67
02/14/2009,AGS,GA,ASO,ES,Combined TRACON& Tower with Radar,0,21,9,2,32,0,0,0,0,0,0,21,9,2,32,0,0,0,32
02/15/2009,AGS,GA,ASO,ES,Combined TRACON& Tower with Radar,0,29,16,0,45,0,0,8,0,8,0,29,24,0,53,18,0,18,71
02/16/2009,AGS,GA,ASO,ES,Combined TRACON& Tower with Radar,0,32,29,2,63,0,0,10,0,10,0,32,39,2,73,6,0,6,79
02/17/2009,AGS,GA,ASO,ES,Combined TRACON& Tower with Radar,0,30,29,11,70,0,0,5,2,7,0,30,34,13,77,0,2,2,79
02/18/2009,AGS,GA,ASO,ES,Combined TRACON& Tower with Radar,2,33,31,5,71,0,0,0,0,0,2,33,31,5,71,8,2,10,81
02/19/2009,AGS,GA,ASO,ES,Combined TRACON& Tower with Radar,0,33,15,3,51,0,0,6,2,8,0,33,21,5,59,0,0,0,59
02/20/2009,AGS,GA,ASO,ES,Combined TRACON& Tower with Radar,0,32,33,3,68,0,0,10,7,17,0,32,43,10,85,7,0,7,92
02/21/2009,AGS,GA,ASO,ES,Combined TRACON& Tower with Radar,0,26,13,2,41,0,0,17,2,19,0,26,30,4,60,14,2,16,76
02/22/2009,AGS,GA,ASO,ES,Combined TRACON& Tower with Radar,0,26,19,0,45,0,0,9,0,9,0,26,28,0,54,0,0,0,54
02/23/2009,AGS,GA,ASO,ES,Combined TRACON& Tower with Radar,2,28,24,4,58,0,0,27,2,29,2,28,51,6,87,4,2,6,93
02/24/2009,AGS,GA,ASO,ES,Combined TRACON& Tower with Radar,0,26,21,7,54,0,0,17,0,17,0,26,38,7,71,0,2,2,73
02/25/2009,AGS,GA,ASO,ES,Combined TRACON& Tower with Radar,0,27,32,0,59,0,0,14,2,16,0,27,46,2,75,19,0,19,94
02/26/2009,AGS,GA,ASO,ES,Combined TRACON& Tower with Radar,2,39,33,3,77,0,0,18,1,19,2,39,51,4,96,7,0,7,103
02/27/2009,AGS,GA,ASO,ES,Combined TRACON& Tower with Radar,2,33,27,2,64,0,0,11,0,11,2,33,38,2,75,6,0,6,81
02/28/2009,AGS,GA,ASO,ES,Combined TRACON& Tower with Radar,0,21,9,2,32,0,1,0,0,1,0,22,9,2,33,0,0,0,33
03/01/2009,AGS,GA,ASO,ES,Combined TRACON& Tower with Radar,2,11,4,0,17,0,0,0,0,0,2,11,4,0,17,0,0,0,17
03/02/2009,AGS,GA,ASO,ES,Combined TRACON& Tower with Radar,0,27,13,4,44,0,0,12,1,13,0,27,25,5,57,4,2,6,63
03/03/2009,AGS,GA,ASO,ES,Combined TRACON& Tower with Radar,0,26,26,6,58,0,0,4,1,5,0,26,30,7,63,4,6,10,73
03/04/2009,AGS,GA,ASO,ES,Combined TRACON& Tower with Radar,2,31,19,10,62,0,0,18,6,24,2,31,37,16,86,9,4,13,99
03/05/2009,AGS,GA,ASO,ES,Combined TRACON& Tower with Radar,0,33,27,2,62,0,0,7,0,7,0,33,34,2,69,14,10,24,93
03/06/2009,AGS,GA,ASO,ES,Combined TRACON& Tower with Radar,0,31,28,2,61,0,0,22,2,24,0,31,50,4,85,8,0,8,93
03/07/2009,AGS,GA,ASO,ES,Combined TRACON& Tower with Radar,0,28,19,2,49,0,0,6,0,6,0,28,25,2,55,6,0,6,61
03/08/2009,AGS,GA,ASO,ES,Combined TRACON& Tower with Radar,2,36,34,0,72,0,0,9,0,9,2,36,43,0,81,23,0,23,104
03/09/2009,AGS,GA,ASO,ES,Combined TRACON& Tower with Radar,2,33,29,9,73,0,0,12,0,12,2,33,41,9,85,3,11,14,99
03/10/2009,AGS,GA,ASO,ES,Combined TRACON& Tower with Radar,0,38,35,2,75,0,0,10,3,13,0,38,45,5,88,2,0,2,90
03/11/2009,AGS,GA,ASO,ES,Combined TRACON& Tower with Radar,2,38,45,11,96,0,0,13,2,15,2,38,58,13,111,0,9,9,120
03/12/2009,AGS,GA,ASO,ES,Combined TRACON& Tower with Radar,0,32,29,2,63,0,0,9,3,12,0,32,38,5,75,2,2,4,79
03/13/2009,AGS,GA,ASO,ES,Combined TRACON& Tower with Radar,2,39,45,0,86,0,0,0,3,3,2,39,45,3,89,2,0,2,91
03/14/2009,AGS,GA,ASO,ES,Combined TRACON& Tower with Radar,0,21,12,2,35,0,0,0,0,0,0,21,12,2,35,0,0,0,35
03/15/2009,AGS,GA,ASO,ES,Combined TRACON& Tower with Radar,0,27,12,0,39,0,0,0,0,0,0,27,12,0,39,0,0,0,39
03/16/2009,AGS,GA,ASO,ES,Combined TRACON& Tower with Radar,0,32,19,3,54,0,0,0,0,0,0,32,19,3,54,0,0,0,54
03/17/2009,AGS,GA,ASO,ES,Combined TRACON& Tower with Radar,0,29,30,11,70,0,0,6,1,7,0,29,36,12,77,0,0,0,77
03/18/2009,AGS,GA,ASO,ES,Combined TRACON& Tower with Radar,0,41,41,4,86,0,0,12,7,19,0,41,53,11,105,10,0,10,115
03/19/2009,AGS,GA,ASO,ES,Combined TRACON& Tower with Radar,0,45,45,6,96,0,0,19,2,21,0,45,64,8,117,6,0,6,123
03/20/2009,AGS,GA,ASO,ES,Combined TRACON& Tower with Radar,0,46,40,0,86,0,0,16,2,18,0,46,56,2,104,4,2,6,110
03/21/2009,AGS,GA,ASO,ES,Combined TRACON& Tower with Radar,0,28,30,2,60,0,1,20,0,21,0,29,50,2,81,2,2,4,85
03/22/2009,AGS,GA,ASO,ES,Combined TRACON& Tower with Radar,0,26,27,0,53,0,0,15,0,15,0,26,42,0,68,18,0,18,86
03/23/2009,AGS,GA,ASO,ES,Combined TRACON& Tower with Radar,0,26,22,4,52,0,0,10,2,12,0,26,32,6,64,4,0,4,68
03/24/2009,AGS,GA,ASO,ES,Combined TRACON& Tower with Radar,0,30,31,9,70,0,0,32,2,34,0,30,63,11,104,28,0,28,132
03/25/2009,AGS,GA,ASO,ES,Combined TRACON& Tower with Radar,0,35,27,12,74,0,0,0,0,0,0,35,27,12,74,0,2,2,76
03/26/2009,AGS,GA,ASO,ES,Combined TRACON& Tower with Radar,4,35,15,3,57,0,0,1,0,1,4,35,16,3,58,0,0,0,58
03/27/2009,AGS,GA,ASO,ES,Combined TRACON& Tower with Radar,2,30,17,2,51,0,0,0,3,3,2,30,17,5,54,0,0,0,54
03/28/2009,AGS,GA,ASO,ES,Combined TRACON& Tower with Radar,0,23,2,2,27,0,0,0,0,0,0,23,2,2,27,0,0,0,27
03/29/2009,AGS,GA,ASO,ES,Combined TRACON& Tower with Radar,2,30,17,0,49,0,0,1,0,1,2,30,18,0,50,0,0,0,50
03/30/2009,AGS,GA,ASO,ES,Combined TRACON& Tower with Radar,0,32,34,8,74,0,0,8,1,9,0,32,42,9,83,2,0,2,85
03/31/2009,AGS,GA,ASO,ES,Combined TRACON& Tower with Radar,0,26,25,20,71,0,0,9,2,11,0,26,34,22,82,12,8,20,102
04/01/2009,AGS,GA,ASO,ES,Combined TRACON& Tower with Radar,1,26,33,2,62,0,0,0,0,0,1,26,33,2,62,0,0,0,62
04/02/2009,AGS,GA,ASO,ES,Combined TRACON& Tower with Radar,0,31,16,0,47,0,0,0,0,0,0,31,16,0,47,0,0,0,47
04/03/2009,AGS,GA,ASO,ES,Combined TRACON& Tower with Radar,4,35,26,2,67,0,0,3,3,6,4,35,29,5,73,0,0,0,73
04/04/2009,AGS,GA,ASO,ES,Combined TRACON& Tower with Radar,4,22,18,0,44,0,0,13,2,15,4,22,31,2,59,0,0,0,59
04/05/2009,AGS,GA,ASO,ES,Combined TRACON& Tower with Radar,27,43,41,2,113,0,0,4,0,4,27,43,45,2,117,0,0,0,117
04/06/2009,AGS,GA,ASO,ES,Combined TRACON& Tower with Radar,34,48,59,3,144,0,0,1,0,1,34,48,60,3,145,0,0,0,145
04/07/2009,AGS,GA,ASO,ES,Combined TRACON& Tower with Radar,40,45,125,1,211,0,0,2,0,2,40,45,127,1,213,0,0,0,213
04/08/2009,AGS,GA,ASO,ES,Combined TRACON& Tower with Radar,42,84,204,2,332,0,0,13,1,14,42,84,217,3,346,0,0,0,346
04/09/2009,AGS,GA,ASO,ES,Combined TRACON& Tower with Radar,45,84,193,2,324,0,0,10,0,10,45,84,203,2,334,0,0,0,334
04/10/2009,AGS,GA,ASO,ES,Combined TRACON& Tower with Radar,40,102,215,5,362,0,0,3,0,3,40,102,218,5,365,0,0,0,365
04/11/2009,AGS,GA,ASO,ES,Combined TRACON& Tower with Radar,27,82,113,1,223,0,0,2,1,3,27,82,115,2,226,0,0,0,226
04/12/2009,AGS,GA,ASO,ES,Combined TRACON& Tower with Radar,40,119,157,1,317,0,0,2,0,2,40,119,159,1,319,0,0,0,319
04/13/2009,AGS,GA,ASO,ES,Combined TRACON& Tower with Radar,49,40,60,0,149,0,0,2,0,2,49,40,62,0,151,0,0,0,151
04/14/2009,AGS,GA,ASO,ES,Combined TRACON& Tower with Radar,0,35,38,3,76,0,0,8,2,10,0,35,46,5,86,0,0,0,86
04/15/2009,AGS,GA,ASO,ES,Combined TRACON& Tower with Radar,0,32,37,5,74,0,0,20,2,22,0,32,57,7,96,8,0,8,104
04/16/2009,AGS,GA,ASO,ES,Combined TRACON& Tower with Radar,0,30,31,13,74,0,0,15,6,21,0,30,46,19,95,4,0,4,99
04/17/2009,AGS,GA,ASO,ES,Combined TRACON& Tower with Radar,0,29,22,4,55,0,1,20,1,22,0,30,42,5,77,14,2,16,93
04/18/2009,AGS,GA,ASO,ES,Combined TRACON& Tower with Radar,0,25,11,2,38,0,0,13,0,13,0,25,24,2,51,4,0,4,55
04/19/2009,AGS,GA,ASO,ES,Combined TRACON& Tower with Radar,0,40,26,0,66,0,0,10,0,10,0,40,36,0,76,5,0,5,81
04/20/2009,AGS,GA,ASO,ES,Combined TRACON& Tower with Radar,0,44,36,1,81,0,0,2,2,4,0,44,38,3,85,0,0,0,85
04/21/2009,AGS,GA,ASO,ES,Combined TRACON& Tower with Radar,0,41,35,6,82,0,0,9,2,11,0,41,44,8,93,0,1,1,94
04/22/2009,AGS,GA,ASO,ES,Combined TRACON& Tower with Radar,0,36,37,11,84,0,0,11,0,11,0,36,48,11,95,12,0,12,107
04/23/2009,AGS,GA,ASO,ES,Combined TRACON& Tower with Radar,8,43,33,3,87,0,0,18,2,20,8,43,51,5,107,0,0,0,107
04/24/2009,AGS,GA,ASO,ES,Combined TRACON& Tower with Radar,2,35,21,2,60,0,0,8,0,8,2,35,29,2,68,0,0,0,68
04/25/2009,AGS,GA,ASO,ES,Combined TRACON& Tower with Radar,0,26,27,2,55,0,0,13,0,13,0,26,40,2,68,7,0,7,75
04/26/2009,AGS,GA,ASO,ES,Combined TRACON& Tower with Radar,2,39,21,0,62,0,0,9,0,9,2,39,30,0,71,8,0,8,79
04/27/2009,AGS,GA,ASO,ES,Combined TRACON& Tower with Radar,2,42,39,3,86,0,0,8,1,9,2,42,47,4,95,6,0,6,101
04/28/2009,AGS,GA,ASO,ES,Combined TRACON& Tower with Radar,0,39,34,1,74,0,0,9,3,12,0,39,43,4,86,4,0,4,90
04/29/2009,AGS,GA,ASO,ES,Combined TRACON& Tower with Radar,0,35,31,7,73,0,0,9,5,14,0,35,40,12,87,0,0,0,87
04/30/2009,AGS,GA,ASO,ES,Combined TRACON& Tower with Radar,2,35,31,2,70,0,0,9,4,13,2,35,40,6,83,6,0,6,89
05/01/2009,AGS,GA,ASO,ES,Combined TRACON& Tower with Radar,1,42,26,15,84,1,0,8,2,11,2,42,34,17,95,8,18,26,121
05/02/2009,AGS,GA,ASO,ES,Combined TRACON& Tower with Radar,2,31,14,0,47,0,0,6,6,12,2,31,20,6,59,8,0,8,67
05/03/2009,AGS,GA,ASO,ES,Combined TRACON& Tower with Radar,2,45,23,0,70,0,0,5,0,5,2,45,28,0,75,2,0,2,77
05/04/2009,AGS,GA,ASO,ES,Combined TRACON& Tower with Radar,0,34,19,2,55,0,0,7,0,7,0,34,26,2,62,2,0,2,64
05/05/2009,AGS,GA,ASO,ES,Combined TRACON& Tower with Radar,0,35,23,3,61,0,0,1,0,1,0,35,24,3,62,0,0,0,62
05/06/2009,AGS,GA,ASO,ES,Combined TRACON& Tower with Radar,0,42,46,2,90,0,0,2,0,2,0,42,48,2,92,2,0,2,94
05/07/2009,AGS,GA,ASO,ES,Combined TRACON& Tower with Radar,0,42,54,4,100,0,0,7,0,7,0,42,61,4,107,0,0,0,107
05/08/2009,AGS,GA,ASO,ES,Combined TRACON& Tower with Radar,2,36,45,3,86,0,0,12,1,13,2,36,57,4,99,0,0,0,99
05/09/2009,AGS,GA,ASO,ES,Combined TRACON& Tower with Radar,0,30,21,2,53,0,0,3,0,3,0,30,24,2,56,2,0,2,58
05/10/2009,AGS,GA,ASO,ES,Combined TRACON& Tower with Radar,0,33,19,1,53,0,0,2,1,3,0,33,21,2,56,0,0,0,56
05/11/2009,AGS,GA,ASO,ES,Combined TRACON& Tower with Radar,2,36,24,2,64,0,1,3,5,9,2,37,27,7,73,0,0,0,73
05/12/2009,AGS,GA,ASO,ES,Combined TRACON& Tower with Radar,0,35,44,0,79,0,0,12,0,12,0,35,56,0,91,0,0,0,91
05/13/2009,AGS,GA,ASO,ES,Combined TRACON& Tower with Radar,0,40,33,2,75,0,0,13,0,13,0,40,46,2,88,2,0,2,90
05/14/2009,AGS,GA,ASO,ES,Combined TRACON& Tower with Radar,0,37,28,5,70,0,0,6,1,7,0,37,34,6,77,2,0,2,79
05/15/2009,AGS,GA,ASO,ES,Combined TRACON& Tower with Radar,0,34,32,2,68,0,2,2,1,5,0,36,34,3,73,0,0,0,73
05/16/2009,AGS,GA,ASO,ES,Combined TRACON& Tower with Radar,0,24,20,3,47,0,2,1,2,5,0,26,21,5,52,0,0,0,52
05/17/2009,AGS,GA,ASO,ES,Combined TRACON& Tower with Radar,0,31,24,0,55,0,0,6,0,6,0,31,30,0,61,21,0,21,82
05/18/2009,AGS,GA,ASO,ES,Combined TRACON& Tower with Radar,0,29,21,1,51,0,0,5,0,5,0,29,26,1,56,6,0,6,62
05/19/2009,AGS,GA,ASO,ES,Combined TRACON& Tower with Radar,0,26,25,5,56,0,0,0,2,2,0,26,25,7,58,0,0,0,58
05/20/2009,AGS,GA,ASO,ES,Combined TRACON& Tower with Radar,0,31,30,3,64,0,0,3,2,5,0,31,33,5,69,0,0,0,69
05/21/2009,AGS,GA,ASO,ES,Combined TRACON& Tower with Radar,0,34,30,10,74,0,0,2,6,8,0,34,32,16,82,0,0,0,82
05/22/2009,AGS,GA,ASO,ES,Combined TRACON& Tower with Radar,0,28,11,8,47,0,0,0,3,3,0,28,11,11,50,0,4,4,54
05/23/2009,AGS,GA,ASO,ES,Combined TRACON& Tower with Radar,0,22,10,2,34,0,0,2,0,2,0,22,12,2,36,0,0,0,36
05/24/2009,AGS,GA,ASO,ES,Combined TRACON& Tower with Radar,0,25,7,0,32,0,0,0,0,0,0,25,7,0,32,0,0,0,32
05/25/2009,AGS,GA,ASO,ES,Combined TRACON& Tower with Radar,0,26,12,0,38,0,0,0,0,0,0,26,12,0,38,0,0,0,38
05/26/2009,AGS,GA,ASO,ES,Combined TRACON& Tower with Radar,0,26,19,2,47,0,0,3,1,4,0,26,22,3,51,0,0,0,51
05/27/2009,AGS,GA,ASO,ES,Combined TRACON& Tower with Radar,0,28,23,7,58,0,0,5,7,12,0,28,28,14,70,26,6,32,102
05/28/2009,AGS,GA,ASO,ES,Combined TRACON& Tower with Radar,0,32,21,4,57,0,0,4,3,7,0,32,25,7,64,12,2,14,78
05/29/2009,AGS,GA,ASO,ES,Combined TRACON& Tower with Radar,2,30,18,7,57,0,0,13,0,13,2,30,31,7,70,10,3,13,83
05/30/2009,AGS,GA,ASO,ES,Combined TRACON& Tower with Radar,1,25,11,4,41,0,0,15,4,19,1,25,26,8,60,20,4,24,84
05/31/2009,AGS,GA,ASO,ES,Combined TRACON& Tower with Radar,2,28,14,1,45,0,0,19,2,21,2,28,33,3,66,4,0,4,70
06/01/2009,AGS,GA,ASO,ES,Combined TRACON& Tower with Radar,1,27,14,4,46,0,0,14,0,14,1,27,28,4,60,5,0,5,65
06/02/2009,AGS,GA,ASO,ES,Combined TRACON& Tower with Radar,2,27,17,2,48,0,0,16,1,17,2,27,33,3,65,0,0,0,65
06/03/2009,AGS,GA,ASO,ES,Combined TRACON& Tower with Radar,0,25,23,7,55,0,0,4,1,5,0,25,27,8,60,2,6,8,68
06/04/2009,AGS,GA,ASO,ES,Combined TRACON& Tower with Radar,0,35,14,7,56,0,0,0,0,0,0,35,14,7,56,0,0,0,56
06/05/2009,AGS,GA,ASO,ES,Combined TRACON& Tower with Radar,0,28,11,0,39,0,0,2,0,2,0,28,13,0,41,0,0,0,41
06/06/2009,AGS,GA,ASO,ES,Combined TRACON& Tower with Radar,4,26,5,1,36,0,0,7,1,8,4,26,12,2,44,11,0,11,55
06/07/2009,AGS,GA,ASO,ES,Combined TRACON& Tower with Radar,0,32,24,1,57,0,0,2,0,2,0,32,26,1,59,13,0,13,72
06/08/2009,AGS,GA,ASO,ES,Combined TRACON& Tower with Radar,0,31,14,7,52,0,0,3,2,5,0,31,17,9,57,0,0,0,57
06/09/2009,AGS,GA,ASO,ES,Combined TRACON& Tower with Radar,0,30,23,5,58,0,2,18,13,33,0,32,41,18,91,12,6,18,109
06/10/2009,AGS,GA,ASO,ES,Combined TRACON& Tower with Radar,19,42,18,4,83,0,0,13,6,19,19,42,31,10,102,34,2,36,138
06/11/2009,AGS,GA,ASO,ES,Combined TRACON& Tower with Radar,2,32,22,8,64,0,0,12,9,21,2,32,34,17,85,14,6,20,105
06/12/2009,AGS,GA,ASO,ES,Combined TRACON& Tower with Radar,9,30,15,7,61,0,0,7,16,23,9,30,22,23,84,5,0,5,89
06/13/2009,AGS,GA,ASO,ES,Combined TRACON& Tower with Radar,0,25,17,9,51,0,0,16,7,23,0,25,33,16,74,0,20,20,94
06/14/2009,AGS,GA,ASO,ES,Combined TRACON& Tower with Radar,2,23,16,9,50,0,0,11,25,36,2,23,27,34,86,6,0,6,92
06/15/2009,AGS,GA,ASO,ES,Combined TRACON& Tower with Radar,0,28,14,10,52,0,0,5,9,14,0,28,19,19,66,0,2,2,68
06/16/2009,AGS,GA,ASO,ES,Combined TRACON& Tower with Radar,0,28,17,5,50,0,0,9,5,14,0,28,26,10,64,9,4,13,77
06/17/2009,AGS,GA,ASO,ES,Combined TRACON& Tower with Radar,2,27,22,9,60,0,0,10,6,16,2,27,32,15,76,44,4,48,124
06/18/2009,AGS,GA,ASO,ES,Combined TRACON& Tower with Radar,0,27,19,1,47,0,0,3,2,5,0,27,22,3,52,0,0,0,52
06/19/2009,AGS,GA,ASO,ES,Combined TRACON& Tower with Radar,5,32,10,5,52,0,0,8,4,12,5,32,18,9,64,22,0,22,86
06/20/2009,AGS,GA,ASO,ES,Combined TRACON& Tower with Radar,0,22,5,4,31,0,0,2,0,2,0,22,7,4,33,4,0,4,37
06/21/2009,AGS,GA,ASO,ES,Combined TRACON& Tower with Radar,0,24,6,0,30,0,0,6,0,6,0,24,12,0,36,0,0,0,36
06/22/2009,AGS,GA,ASO,ES,Combined TRACON& Tower with Radar,8,32,15,4,59,0,0,2,0,2,8,32,17,4,61,5,0,5,66
06/23/2009,AGS,GA,ASO,ES,Combined TRACON& Tower with Radar,0,31,27,3,61,0,0,19,5,24,0,31,46,8,85,6,0,6,91
06/24/2009,AGS,GA,ASO,ES,Combined TRACON& Tower with Radar,0,28,18,6,52,0,0,18,0,18,0,28,36,6,70,38,0,38,108
06/25/2009,AGS,GA,ASO,ES,Combined TRACON& Tower with Radar,0,28,15,5,48,0,0,14,0,14,0,28,29,5,62,8,0,8,70
06/26/2009,AGS,GA,ASO,ES,Combined TRACON& Tower with Radar,2,28,24,2,56,0,0,18,29,47,2,28,42,31,103,8,0,8,111
06/27/2009,AGS,GA,ASO,ES,Combined TRACON& Tower with Radar,0,23,12,0,35,0,1,6,0,7,0,24,18,0,42,3,0,3,45
06/28/2009,AGS,GA,ASO,ES,Combined TRACON& Tower with Radar,2,23,8,2,35,0,0,4,0,4,2,23,12,2,39,0,0,0,39
06/29/2009,AGS,GA,ASO,ES,Combined TRACON& Tower with Radar,0,28,26,4,58,0,0,11,3,14,0,28,37,7,72,34,0,34,106
06/30/2009,AGS,GA,ASO,ES,Combined TRACON& Tower with Radar,2,28,16,16,62,0,0,6,1,7,2,28,22,17,69,0,10,10,79
07/01/2009,AGS,GA,ASO,ES,Combined TRACON& Tower with Radar,0,31,24,10,65,0,2,15,1,18,0,33,39,11,83,15,1,16,99
07/02/2009,AGS,GA,ASO,ES,Combined TRACON& Tower with Radar,0,26,17,0,43,0,0,18,4,22,0,26,35,4,65,14,0,14,79
07/03/2009,AGS,GA,ASO,ES,Combined TRACON& Tower with Radar,0,30,8,0,38,0,0,6,0,6,0,30,14,0,44,6,0,6,50
07/04/2009,AGS,GA,ASO,ES,Combined TRACON& Tower with Radar,0,19,1,0,20,0,0,4,0,4,0,19,5,0,24,22,0,22,46
07/05/2009,AGS,GA,ASO,ES,Combined TRACON& Tower with Radar,0,23,1,0,24,0,0,1,0,1,0,23,2,0,25,0,0,0,25
07/06/2009,AGS,GA,ASO,ES,Combined TRACON& Tower with Radar,0,32,7,2,41,0,0,3,0,3,0,32,10,2,44,0,0,0,44
07/07/2009,AGS,GA,ASO,ES,Combined TRACON& Tower with Radar,0,30,15,2,47,0,0,0,0,0,0,30,15,2,47,0,1,1,48
07/08/2009,AGS,GA,ASO,ES,Combined TRACON& Tower with Radar,0,30,28,4,62,0,0,1,0,1,0,30,29,4,63,7,0,7,70
07/09/2009,AGS,GA,ASO,ES,Combined TRACON& Tower with Radar,3,29,26,0,58,0,0,7,0,7,3,29,33,0,65,67,0,67,132
07/10/2009,AGS,GA,ASO,ES,Combined TRACON& Tower with Radar,0,33,28,2,63,0,0,21,2,23,0,33,49,4,86,11,12,23,109
07/11/2009,AGS,GA,ASO,ES,Combined TRACON& Tower with Radar,0,29,14,10,53,0,1,21,0,22,0,30,35,10,75,0,0,0,75
07/12/2009,AGS,GA,ASO,ES,Combined TRACON& Tower with Radar,7,38,14,13,72,0,0,8,0,8,7,38,22,13,80,0,32,32,112
07/13/2009,AGS,GA,ASO,ES,Combined TRACON& Tower with Radar,2,38,40,8,88,0,0,8,1,9,2,38,48,9,97,11,2,13,110
07/14/2009,AGS,GA,ASO,ES,Combined TRACON& Tower with Radar,0,26,37,6,69,0,3,7,6,16,0,29,44,12,85,0,6,6,91
07/15/2009,AGS,GA,ASO,ES,Combined TRACON& Tower with Radar,0,31,25,2,58,0,0,13,0,13,0,31,38,2,71,26,0,26,97
07/16/2009,AGS,GA,ASO,ES,Combined TRACON& Tower with Radar,0,29,10,13,52,0,0,0,2,2,0,29,10,15,54,0,1,1,55
07/17/2009,AGS,GA,ASO,ES,Combined TRACON& Tower with Radar,2,26,10,4,42,0,0,9,2,11,2,26,19,6,53,0,0,0,53
07/18/2009,AGS,GA,ASO,ES,Combined TRACON& Tower with Radar,0,24,12,0,36,0,0,10,0,10,0,24,22,0,46,10,0,10,56
07/19/2009,AGS,GA,ASO,ES,Combined TRACON& Tower with Radar,2,25,4,0,31,0,0,5,0,5,2,25,9,0,36,0,0,0,36
07/20/2009,AGS,GA,ASO,ES,Combined TRACON& Tower with Radar,0,28,17,7,52,0,0,17,0,17,0,28,34,7,69,20,0,20,89
07/21/2009,AGS,GA,ASO,ES,Combined TRACON& Tower with Radar,0,28,13,17,58,0,0,9,0,9,0,28,22,17,67,14,0,14,81
07/22/2009,AGS,GA,ASO,ES,Combined TRACON& Tower with Radar,0,32,28,5,65,0,0,5,5,10,0,32,33,10,75,14,0,14,89
07/23/2009,AGS,GA,ASO,ES,Combined TRACON& Tower with Radar,0,31,11,2,44,0,0,16,2,18,0,31,27,4,62,15,0,15,77
07/24/2009,AGS,GA,ASO,ES,Combined TRACON& Tower with Radar,0,30,14,4,48,0,0,9,2,11,0,30,23,6,59,12,0,12,71
07/25/2009,AGS,GA,ASO,ES,Combined TRACON& Tower with Radar,0,24,6,2,32,0,0,13,0,13,0,24,19,2,45,4,0,4,49
07/26/2009,AGS,GA,ASO,ES,Combined TRACON& Tower with Radar,1,27,7,2,37,0,0,2,0,2,1,27,9,2,39,0,0,0,39
07/27/2009,AGS,GA,ASO,ES,Combined TRACON& Tower with Radar,1,30,23,7,61,0,0,8,1,9,1,30,31,8,70,10,0,10,80
07/28/2009,AGS,GA,ASO,ES,Combined TRACON& Tower with Radar,0,30,27,10,67,0,0,8,0,8,0,30,35,10,75,10,22,32,107
07/29/2009,AGS,GA,ASO,ES,Combined TRACON& Tower with Radar,0,35,22,9,66,0,0,1,2,3,0,35,23,11,69,1,9,10,79
07/30/2009,AGS,GA,ASO,ES,Combined TRACON& Tower with Radar,0,26,21,5,52,0,0,2,0,2,0,26,23,5,54,2,0,2,56
07/31/2009,AGS,GA,ASO,ES,Combined TRACON& Tower with Radar,4,34,15,7,60,0,0,5,1,6,4,34,20,8,66,6,2,8,74
08/01/2009,AGS,GA,ASO,ES,Combined TRACON& Tower with Radar,2,21,15,2,40,0,0,3,0,3,2,21,18,2,43,6,0,6,49
08/02/2009,AGS,GA,ASO,ES,Combined TRACON& Tower with Radar,4,33,21,0,58,0,0,1,2,3,4,33,22,2,61,4,0,4,65
08/03/2009,AGS,GA,ASO,ES,Combined TRACON& Tower with Radar,2,32,23,1,58,0,0,4,3,7,2,32,27,4,65,2,7,9,74
08/04/2009,AGS,GA,ASO,ES,Combined TRACON& Tower with Radar,0,36,15,11,62,0,0,10,4,14,0,36,25,15,76,12,8,20,96
08/05/2009,AGS,GA,ASO,ES,Combined TRACON& Tower with Radar,0,28,19,8,55,0,2,14,2,18,0,30,33,10,73,14,12,26,99
08/06/2009,AGS,GA,ASO,ES,Combined TRACON& Tower with Radar,2,28,12,2,44,0,0,11,0,11,2,28,23,2,55,0,0,0,55
08/07/2009,AGS,GA,ASO,ES,Combined TRACON& Tower with Radar,0,32,16,1,49,0,0,19,0,19,0,32,35,1,68,33,0,33,101
08/08/2009,AGS,GA,ASO,ES,Combined TRACON& Tower with Radar,0,26,6,2,34,0,0,7,0,7,0,26,13,2,41,0,0,0,41
08/09/2009,AGS,GA,ASO,ES,Combined TRACON& Tower with Radar,0,32,9,0,41,0,0,3,2,5,0,32,12,2,46,0,0,0,46
08/10/2009,AGS,GA,ASO,ES,Combined TRACON& Tower with Radar,2,32,25,4,63,0,0,12,3,15,2,32,37,7,78,12,2,14,92
08/11/2009,AGS,GA,ASO,ES,Combined TRACON& Tower with Radar,0,24,20,3,47,0,0,11,0,11,0,24,31,3,58,16,0,16,74
08/12/2009,AGS,GA,ASO,ES,Combined TRACON& Tower with Radar,0,24,11,6,41,0,0,6,3,9,0,24,17,9,50,22,0,22,72
08/13/2009,AGS,GA,ASO,ES,Combined TRACON& Tower with Radar,2,32,22,5,61,0,0,11,1,12,2,32,33,6,73,16,1,17,90
08/14/2009,AGS,GA,ASO,ES,Combined TRACON& Tower with Radar,0,28,19,8,55,0,0,16,0,16,0,28,35,8,71,20,2,22,93
08/15/2009,AGS,GA,ASO,ES,Combined TRACON& Tower with Radar,0,25,6,0,31,0,0,8,0,8,0,25,14,0,39,0,0,0,39
08/16/2009,AGS,GA,ASO,ES,Combined TRACON& Tower with Radar,0,25,20,0,45,0,0,6,0,6,0,25,26,0,51,6,0,6,57
08/17/2009,AGS,GA,ASO,ES,Combined TRACON& Tower with Radar,0,32,19,6,57,0,0,6,2,8,0,32,25,8,65,0,0,0,65
08/18/2009,AGS,GA,ASO,ES,Combined TRACON& Tower with Radar,0,31,38,4,73,0,0,10,1,11,0,31,48,5,84,16,0,16,100
08/19/2009,AGS,GA,ASO,ES,Combined TRACON& Tower with Radar,1,32,27,7,67,0,0,2,0,2,1,32,29,7,69,1,1,2,71
08/20/2009,AGS,GA,ASO,ES,Combined TRACON& Tower with Radar,1,30,18,5,54,0,0,11,0,11,1,30,29,5,65,15,2,17,82
08/21/2009,AGS,GA,ASO,ES,Combined TRACON& Tower with Radar,0,34,32,0,66,0,0,11,0,11,0,34,43,0,77,28,0,28,105
08/22/2009,AGS,GA,ASO,ES,Combined TRACON& Tower with Radar,0,21,5,2,28,0,0,11,0,11,0,21,16,2,39,14,0,14,53
08/23/2009,AGS,GA,ASO,ES,Combined TRACON& Tower with Radar,0,26,9,0,35,0,0,8,0,8,0,26,17,0,43,12,0,12,55
08/24/2009,AGS,GA,ASO,ES,Combined TRACON& Tower with Radar,0,28,12,0,40,0,0,11,0,11,0,28,23,0,51,24,0,24,75
08/25/2009,AGS,GA,ASO,ES,Combined TRACON& Tower with Radar,0,31,14,5,50,0,0,17,0,17,0,31,31,5,67,27,0,27,94
08/26/2009,AGS,GA,ASO,ES,Combined TRACON& Tower with Radar,0,29,17,12,58,0,1,5,2,8,0,30,22,14,66,1,32,33,99
08/27/2009,AGS,GA,ASO,ES,Combined TRACON& Tower with Radar,0,27,18,2,47,0,0,6,0,6,0,27,24,2,53,4,0,4,57
08/28/2009,AGS,GA,ASO,ES,Combined TRACON& Tower with Radar,2,32,15,0,49,0,0,0,0,0,2,32,15,0,49,0,0,0,49
08/29/2009,AGS,GA,ASO,ES,Combined TRACON& Tower with Radar,0,24,14,2,40,0,2,7,0,9,0,26,21,2,49,4,0,4,53
08/30/2009,AGS,GA,ASO,ES,Combined TRACON& Tower with Radar,6,32,7,2,47,0,0,2,0,2,6,32,9,2,49,0,0,0,49
08/31/2009,AGS,GA,ASO,ES,Combined TRACON& Tower with Radar,0,33,13,2,48,0,0,0,0,0,0,33,13,2,48,0,0,0,48
09/01/2009,AGS,GA,ASO,ES,Combined TRACON& Tower with Radar,0,28,13,0,41,0,0,3,0,3,0,28,16,0,44,0,0,0,44
09/02/2009,AGS,GA,ASO,ES,Combined TRACON& Tower with Radar,0,29,6,4,39,0,0,12,2,14,0,29,18,6,53,10,16,26,79
09/03/2009,AGS,GA,ASO,ES,Combined TRACON& Tower with Radar,0,30,9,0,39,0,0,10,0,10,0,30,19,0,49,5,0,5,54
09/04/2009,AGS,GA,ASO,ES,Combined TRACON& Tower with Radar,0,32,19,0,51,0,0,12,2,14,0,32,31,2,65,5,0,5,70
09/05/2009,AGS,GA,ASO,ES,Combined TRACON& Tower with Radar,0,21,9,3,33,0,0,9,1,10,0,21,18,4,43,16,0,16,59
09/06/2009,AGS,GA,ASO,ES,Combined TRACON& Tower with Radar,0,22,3,0,25,0,0,6,0,6,0,22,9,0,31,6,0,6,37
09/07/2009,AGS,GA,ASO,ES,Combined TRACON& Tower with Radar,0,27,9,0,36,0,0,12,0,12,0,27,21,0,48,20,0,20,68
09/08/2009,AGS,GA,ASO,ES,Combined TRACON& Tower with Radar,2,29,19,3,53,0,0,7,5,12,2,29,26,8,65,0,0,0,65
09/09/2009,AGS,GA,ASO,ES,Combined TRACON& Tower with Radar,0,32,38,14,84,0,0,3,0,3,0,32,41,14,87,2,0,2,89
09/10/2009,AGS,GA,ASO,ES,Combined TRACON& Tower with Radar,0,28,25,4,57,0,0,6,0,6,0,28,31,4,63,0,0,0,63
09/11/2009,AGS,GA,ASO,ES,Combined TRACON& Tower with Radar,2,28,27,5,62,0,0,6,2,8,2,28,33,7,70,35,0,35,105
09/12/2009,AGS,GA,ASO,ES,Combined TRACON& Tower with Radar,0,22,18,2,42,0,0,22,0,22,0,22,40,2,64,0,0,0,64
09/13/2009,AGS,GA,ASO,ES,Combined TRACON& Tower with Radar,0,30,14,1,45,0,0,9,5,14,0,30,23,6,59,4,0,4,63
09/14/2009,AGS,GA,ASO,ES,Combined TRACON& Tower with Radar,0,33,12,4,49,0,0,5,0,5,0,33,17,4,54,0,0,0,54
09/15/2009,AGS,GA,ASO,ES,Combined TRACON& Tower with Radar,0,29,19,7,55,0,0,7,0,7,0,29,26,7,62,29,1,30,92
09/16/2009,AGS,GA,ASO,ES,Combined TRACON& Tower with Radar,8,28,18,7,61,0,0,6,2,8,8,28,24,9,69,9,0,9,78
09/17/2009,AGS,GA,ASO,ES,Combined TRACON& Tower with Radar,0,27,12,2,41,0,0,1,3,4,0,27,13,5,45,10,0,10,55
09/18/2009,AGS,GA,ASO,ES,Combined TRACON& Tower with Radar,2,32,9,0,43,0,0,0,0,0,2,32,9,0,43,0,0,0,43
09/19/2009,AGS,GA,ASO,ES,Combined TRACON& Tower with Radar,0,23,5,6,34,0,0,8,0,8,0,23,13,6,42,13,0,13,55
09/20/2009,AGS,GA,ASO,ES,Combined TRACON& Tower with Radar,2,30,11,0,43,0,0,1,0,1,2,30,12,0,44,0,0,0,44
09/21/2009,AGS,GA,ASO,ES,Combined TRACON& Tower with Radar,8,33,18,3,62,0,0,2,2,4,8,33,20,5,66,0,0,0,66
09/22/2009,AGS,GA,ASO,ES,Combined TRACON& Tower with Radar,0,26,29,5,60,0,0,16,4,20,0,26,45,9,80,18,9,27,107
09/23/2009,AGS,GA,ASO,ES,Combined TRACON& Tower with Radar,0,30,11,9,50,0,0,4,0,4,0,30,15,9,54,20,4,24,78
09/24/2009,AGS,GA,ASO,ES,Combined TRACON& Tower with Radar,0,28,19,9,56,0,0,4,3,7,0,28,23,12,63,2,0,2,65
09/25/2009,AGS,GA,ASO,ES,Combined TRACON& Tower with Radar,0,31,12,1,44,0,0,8,2,10,0,31,20,3,54,18,0,18,72
09/26/2009,AGS,GA,ASO,ES,Combined TRACON& Tower with Radar,0,22,5,2,29,0,0,0,0,0,0,22,5,2,29,0,0,0,29
09/27/2009,AGS,GA,ASO,ES,Combined TRACON& Tower with Radar,0,27,7,0,34,0,0,7,0,7,0,27,14,0,41,12,0,12,53
09/28/2009,AGS,GA,ASO,ES,Combined TRACON& Tower with Radar,0,27,22,2,51,0,0,2,0,2,0,27,24,2,53,2,0,2,55
09/29/2009,AGS,GA,ASO,ES,Combined TRACON& Tower with Radar,0,30,19,0,49,0,0,7,2,9,0,30,26,2,58,2,0,2,60
09/30/2009,AGS,GA,ASO,ES,Combined TRACON& Tower with Radar,2,28,20,0,50,0,0,15,0,15,2,28,35,0,65,40,0,40,105
10/01/2009,AGS,GA,ASO,ES,Combined TRACON& Tower with Radar,0,29,15,4,48,0,0,15,0,15,0,29,30,4,63,40,10,50,113
10/02/2009,AGS,GA,ASO,ES,Combined TRACON& Tower with Radar,0,31,12,3,46,0,0,11,2,13,0,31,23,5,59,28,0,28,87
10/03/2009,AGS,GA,ASO,ES,Combined TRACON& Tower with Radar,2,25,2,5,34,0,0,12,2,14,2,25,14,7,48,20,0,20,68
10/04/2009,AGS,GA,ASO,ES,Combined TRACON& Tower with Radar,0,29,12,0,41,0,0,15,1,16,0,29,27,1,57,17,0,17,74
10/05/2009,AGS,GA,ASO,ES,Combined TRACON& Tower with Radar,0,34,16,0,50,0,0,0,0,0,0,34,16,0,50,0,0,0,50
10/06/2009,AGS,GA,ASO,ES,Combined TRACON& Tower with Radar,0,28,32,7,67,0,0,3,1,4,0,28,35,8,71,0,0,0,71
10/07/2009,AGS,GA,ASO,ES,Combined TRACON& Tower with Radar,0,29,24,2,55,0,0,4,1,5,0,29,28,3,60,18,6,24,84
10/08/2009,AGS,GA,ASO,ES,Combined TRACON& Tower with Radar,0,32,42,4,78,0,0,21,9,30,0,32,63,13,108,38,0,38,146
10/09/2009,AGS,GA,ASO,ES,Combined TRACON& Tower with Radar,0,30,24,12,66,0,0,7,6,13,0,30,31,18,79,2,23,25,104
10/10/2009,AGS,GA,ASO,ES,Combined TRACON& Tower with Radar,0,23,15,6,44,0,0,5,0,5,0,23,20,6,49,0,3,3,52
10/11/2009,AGS,GA,ASO,ES,Combined TRACON& Tower with Radar,0,27,14,0,41,0,0,11,0,11,0,27,25,0,52,0,0,0,52
10/12/2009,AGS,GA,ASO,ES,Combined TRACON& Tower with Radar,2,28,22,2,54,0,0,0,0,0,2,28,22,2,54,2,0,2,56
10/13/2009,AGS,GA,ASO,ES,Combined TRACON& Tower with Radar,2,30,28,4,64,0,0,11,0,11,2,30,39,4,75,20,2,22,97
10/14/2009,AGS,GA,ASO,ES,Combined TRACON& Tower with Radar,0,36,19,0,55,0,0,0,0,0,0,36,19,0,55,0,0,0,55
10/15/2009,AGS,GA,ASO,ES,Combined TRACON& Tower with Radar,2,40,39,0,81,0,0,0,0,0,2,40,39,0,81,0,0,0,81
10/16/2009,AGS,GA,ASO,ES,Combined TRACON& Tower with Radar,2,38,41,0,81,0,0,2,0,2,2,38,43,0,83,2,0,2,85
10/17/2009,AGS,GA,ASO,ES,Combined TRACON& Tower with Radar,0,29,23,2,54,0,0,3,0,3,0,29,26,2,57,0,0,0,57
10/18/2009,AGS,GA,ASO,ES,Combined TRACON& Tower with Radar,2,35,18,0,55,0,0,13,2,15,2,35,31,2,70,4,0,4,74
10/19/2009,AGS,GA,ASO,ES,Combined TRACON& Tower with Radar,0,40,39,7,86,0,0,18,0,18,0,40,57,7,104,20,0,20,124
10/20/2009,AGS,GA,ASO,ES,Combined TRACON& Tower with Radar,0,37,37,9,83,0,0,13,1,14,0,37,50,10,97,14,0,14,111
10/21/2009,AGS,GA,ASO,ES,Combined TRACON& Tower with Radar,0,35,43,10,88,0,0,10,1,11,0,35,53,11,99,26,4,30,129
10/22/2009,AGS,GA,ASO,ES,Combined TRACON& Tower with Radar,0,33,31,3,67,0,0,11,3,14,0,33,42,6,81,18,0,18,99
10/23/2009,AGS,GA,ASO,ES,Combined TRACON& Tower with Radar,0,36,19,5,60,0,0,2,2,4,0,36,21,7,64,2,0,2,66
10/24/2009,AGS,GA,ASO,ES,Combined TRACON& Tower with Radar,0,26,14,8,48,0,0,2,0,2,0,26,16,8,50,0,0,0,50
10/25/2009,AGS,GA,ASO,ES,Combined TRACON& Tower with Radar,0,27,14,3,44,0,0,10,0,10,0,27,24,3,54,0,0,0,54
10/26/2009,AGS,GA,ASO,ES,Combined TRACON& Tower with Radar,6,34,37,3,80,0,0,0,2,2,6,34,37,5,82,16,5,21,103
10/27/2009,AGS,GA,ASO,ES,Combined TRACON& Tower with Radar,0,33,34,3,70,0,0,0,0,0,0,33,34,3,70,0,0,0,70
10/28/2009,AGS,GA,ASO,ES,Combined TRACON& Tower with Radar,0,34,44,15,93,0,0,8,3,11,0,34,52,18,104,14,26,40,144
10/29/2009,AGS,GA,ASO,ES,Combined TRACON& Tower with Radar,2,29,28,0,59,0,0,13,2,15,2,29,41,2,74,28,4,32,106
10/30/2009,AGS,GA,ASO,ES,Combined TRACON& Tower with Radar,0,41,39,2,82,0,0,5,2,7,0,41,44,4,89,26,10,36,125
10/31/2009,AGS,GA,ASO,ES,Combined TRACON& Tower with Radar,0,26,11,2,39,0,0,0,0,0,0,26,11,2,39,0,0,0,39
11/01/2009,AGS,GA,ASO,ES,Combined TRACON& Tower with Radar,0,33,17,2,52,0,0,2,0,2,0,33,19,2,54,16,0,16,70
11/02/2009,AGS,GA,ASO,ES,Combined TRACON& Tower with Radar,2,42,28,6,78,0,0,3,3,6,2,42,31,9,84,13,0,13,97
11/03/2009,AGS,GA,ASO,ES,Combined TRACON& Tower with Radar,0,39,27,4,70,0,0,7,0,7,0,39,34,4,77,17,0,17,94
11/04/2009,AGS,GA,ASO,ES,Combined TRACON& Tower with Radar,2,34,40,5,81,0,0,13,5,18,2,34,53,10,99,0,22,22,121
11/05/2009,AGS,GA,ASO,ES,Combined TRACON& Tower with Radar,2,49,48,3,102,0,0,12,4,16,2,49,60,7,118,15,0,15,133
11/06/2009,AGS,GA,ASO,ES,Combined TRACON& Tower with Radar,1,40,38,4,83,0,0,23,0,23,1,40,61,4,106,16,5,21,127
11/07/2009,AGS,GA,ASO,ES,Combined TRACON& Tower with Radar,1,31,33,3,68,0,0,11,4,15,1,31,44,7,83,20,6,26,109
11/08/2009,AGS,GA,ASO,ES,Combined TRACON& Tower with Radar,1,27,21,0,49,0,0,14,0,14,1,27,35,0,63,12,0,12,75
11/09/2009,AGS,GA,ASO,ES,Combined TRACON& Tower with Radar,0,31,25,3,59,0,0,2,1,3,0,31,27,4,62,4,0,4,66
11/10/2009,AGS,GA,ASO,ES,Combined TRACON& Tower with Radar,0,36,18,0,54,0,0,0,0,0,0,36,18,0,54,0,0,0,54
11/11/2009,AGS,GA,ASO,ES,Combined TRACON& Tower with Radar,0,32,29,0,61,0,0,0,0,0,0,32,29,0,61,0,0,0,61
11/12/2009,AGS,GA,ASO,ES,Combined TRACON& Tower with Radar,0,30,33,5,68,0,0,6,4,10,0,30,39,9,78,10,0,10,88
11/13/2009,AGS,GA,ASO,ES,Combined TRACON& Tower with Radar,2,35,27,5,69,0,0,8,4,12,2,35,35,9,81,0,22,22,103
11/14/2009,AGS,GA,ASO,ES,Combined TRACON& Tower with Radar,0,24,14,4,42,0,0,16,0,16,0,24,30,4,58,10,0,10,68
11/15/2009,AGS,GA,ASO,ES,Combined TRACON& Tower with Radar,0,30,15,7,52,0,1,8,4,13,0,31,23,11,65,13,0,13,78
11/16/2009,AGS,GA,ASO,ES,Combined TRACON& Tower with Radar,0,39,33,8,80,0,0,5,0,5,0,39,38,8,85,26,2,28,113
11/17/2009,AGS,GA,ASO,ES,Combined TRACON& Tower with Radar,0,41,34,4,79,0,0,1,1,2,0,41,35,5,81,0,0,0,81
11/18/2009,AGS,GA,ASO,ES,Combined TRACON& Tower with Radar,0,37,47,5,89,0,0,3,1,4,0,37,50,6,93,23,0,23,116
11/19/2009,AGS,GA,ASO,ES,Combined TRACON& Tower with Radar,0,37,30,6,73,0,0,9,0,9,0,37,39,6,82,44,0,44,126
11/20/2009,AGS,GA,ASO,ES,Combined TRACON& Tower with Radar,2,37,27,6,72,0,0,8,0,8,2,37,35,6,80,0,0,0,80
11/21/2009,AGS,GA,ASO,ES,Combined TRACON& Tower with Radar,0,29,7,2,38,0,0,9,0,9,0,29,16,2,47,0,0,0,47
11/22/2009,AGS,GA,ASO,ES,Combined TRACON& Tower with Radar,0,30,15,0,45,0,0,0,0,0,0,30,15,0,45,0,0,0,45
11/23/2009,AGS,GA,ASO,ES,Combined TRACON& Tower with Radar,0,28,20,2,50,0,0,0,0,0,0,28,20,2,50,0,0,0,50
11/24/2009,AGS,GA,ASO,ES,Combined TRACON& Tower with Radar,0,34,40,2,76,0,0,1,0,1,0,34,41,2,77,2,6,8,85
11/25/2009,AGS,GA,ASO,ES,Combined TRACON& Tower with Radar,0,37,39,4,80,0,0,8,0,8,0,37,47,4,88,6,3,9,97
11/26/2009,AGS,GA,ASO,ES,Combined TRACON& Tower with Radar,0,16,6,0,22,0,0,2,0,2,0,16,8,0,24,0,0,0,24
11/27/2009,AGS,GA,ASO,ES,Combined TRACON& Tower with Radar,0,26,2,0,28,0,0,2,0,2,0,26,4,0,30,4,0,4,34
11/28/2009,AGS,GA,ASO,ES,Combined TRACON& Tower with Radar,0,28,8,2,38,0,1,27,0,28,0,29,35,2,66,6,0,6,72
11/29/2009,AGS,GA,ASO,ES,Combined TRACON& Tower with Radar,1,29,33,1,64,0,0,22,0,22,1,29,55,1,86,18,0,18,104
11/30/2009,AGS,GA,ASO,ES,Combined TRACON& Tower with Radar,0,36,21,6,63,0,0,2,11,13,0,36,23,17,76,0,12,12,88
12/01/2009,AGS,GA,ASO,ES,Combined TRACON& Tower with Radar,0,35,38,2,75,0,0,13,3,16,0,35,51,5,91,18,0,18,109
12/02/2009,AGS,GA,ASO,ES,Combined TRACON& Tower with Radar,0,31,22,0,53,0,0,0,0,0,0,31,22,0,53,0,0,0,53
12/03/2009,AGS,GA,ASO,ES,Combined TRACON& Tower with Radar,0,36,22,0,58,0,0,3,0,3,0,36,25,0,61,0,0,0,61
12/04/2009,AGS,GA,ASO,ES,Combined TRACON& Tower with Radar,0,36,32,6,74,0,1,11,4,16,0,37,43,10,90,22,0,22,112
12/05/2009,AGS,GA,ASO,ES,Combined TRACON& Tower with Radar,0,25,16,0,41,0,0,10,0,10,0,25,26,0,51,4,0,4,55
12/06/2009,AGS,GA,ASO,ES,Combined TRACON& Tower with Radar,2,34,19,2,57,0,0,14,0,14,2,34,33,2,71,0,0,0,71
12/07/2009,AGS,GA,ASO,ES,Combined TRACON& Tower with Radar,0,33,35,12,80,0,1,11,0,12,0,34,46,12,92,0,4,4,96
12/08/2009,AGS,GA,ASO,ES,Combined TRACON& Tower with Radar,0,30,26,2,58,0,0,0,0,0,0,30,26,2,58,17,0,17,75
12/09/2009,AGS,GA,ASO,ES,Combined TRACON& Tower with Radar,2,34,12,3,51,0,0,3,0,3,2,34,15,3,54,12,0,12,66
12/10/2009,AGS,GA,ASO,ES,Combined TRACON& Tower with Radar,0,37,21,0,58,0,0,6,1,7,0,37,27,1,65,6,0,6,71
12/11/2009,AGS,GA,ASO,ES,Combined TRACON& Tower with Radar,0,31,22,0,53,0,0,9,2,11,0,31,31,2,64,6,0,6,70
12/12/2009,AGS,GA,ASO,ES,Combined TRACON& Tower with Radar,0,22,9,0,31,0,0,6,0,6,0,22,15,0,37,8,0,8,45
12/13/2009,AGS,GA,ASO,ES,Combined TRACON& Tower with Radar,0,25,9,0,34,0,0,0,0,0,0,25,9,0,34,0,0,0,34
12/14/2009,AGS,GA,ASO,ES,Combined TRACON& Tower with Radar,0,30,45,3,78,0,0,0,0,0,0,30,45,3,78,0,0,0,78
12/15/2009,AGS,GA,ASO,ES,Combined TRACON& Tower with Radar,0,31,35,3,69,0,0,7,0,7,0,31,42,3,76,2,0,2,78
12/16/2009,AGS,GA,ASO,ES,Combined TRACON& Tower with Radar,0,33,52,8,93,0,0,19,0,19,0,33,71,8,112,32,0,32,144
12/17/2009,AGS,GA,ASO,ES,Combined TRACON& Tower with Radar,0,29,24,1,54,0,0,7,4,11,0,29,31,5,65,32,0,32,97
12/18/2009,AGS,GA,ASO,ES,Combined TRACON& Tower with Radar,0,23,13,0,36,0,0,0,0,0,0,23,13,0,36,0,0,0,36
12/19/2009,AGS,GA,ASO,ES,Combined TRACON& Tower with Radar,0,22,9,0,31,0,0,3,0,3,0,22,12,0,34,0,0,0,34
12/20/2009,AGS,GA,ASO,ES,Combined TRACON& Tower with Radar,0,21,14,2,37,0,0,3,0,3,0,21,17,2,40,0,0,0,40
12/21/2009,AGS,GA,ASO,ES,Combined TRACON& Tower with Radar,0,28,24,4,56,0,0,10,1,11,0,28,34,5,67,17,6,23,90
12/22/2009,AGS,GA,ASO,ES,Combined TRACON& Tower with Radar,0,31,19,0,50,0,0,5,0,5,0,31,24,0,55,18,0,18,73
12/23/2009,AGS,GA,ASO,ES,Combined TRACON& Tower with Radar,0,27,11,2,40,0,0,11,0,11,0,27,22,2,51,12,0,12,63
12/24/2009,AGS,GA,ASO,ES,Combined TRACON& Tower with Radar,0,21,6,2,29,0,0,3,0,3,0,21,9,2,32,14,0,14,46
12/25/2009,AGS,GA,ASO,ES,Combined TRACON& Tower with Radar,0,19,2,0,21,0,0,0,0,0,0,19,2,0,21,0,0,0,21
12/26/2009,AGS,GA,ASO,ES,Combined TRACON& Tower with Radar,0,24,18,2,44,0,0,10,0,10,0,24,28,2,54,8,0,8,62
12/27/2009,AGS,GA,ASO,ES,Combined TRACON& Tower with Radar,0,24,17,0,41,0,0,12,0,12,0,24,29,0,53,4,0,4,57
12/28/2009,AGS,GA,ASO,ES,Combined TRACON& Tower with Radar,0,26,9,2,37,0,0,4,0,4,0,26,13,2,41,0,0,0,41
12/29/2009,AGS,GA,ASO,ES,Combined TRACON& Tower with Radar,0,25,22,6,53,0,0,13,0,13,0,25,35,6,66,36,0,36,102
12/30/2009,AGS,GA,ASO,ES,Combined TRACON& Tower with Radar,0,24,29,0,53,0,0,6,0,6,0,24,35,0,59,20,0,20,79
12/31/2009,AGS,GA,ASO,ES,Combined TRACON& Tower with Radar,0,24,11,0,35,0,0,0,0,0,0,24,11,0,35,0,0,0,35
01/01/2010,AGS,GA,ASO,ES,Combined TRACON& Tower with Radar,0,21,9,0,30,0,0,5,0,5,0,21,14,0,35,0,0,0,35
01/02/2010,AGS,GA,ASO,ES,Combined TRACON& Tower with Radar,0,22,4,2,28,0,0,9,0,9,0,22,13,2,37,4,0,4,41
01/03/2010,AGS,GA,ASO,ES,Combined TRACON& Tower with Radar,0,24,15,0,39,0,1,16,0,17,0,25,31,0,56,8,0,8,64
01/04/2010,AGS,GA,ASO,ES,Combined TRACON& Tower with Radar,2,26,13,17,58,0,0,9,0,9,2,26,22,17,67,0,16,16,83
01/05/2010,AGS,GA,ASO,ES,Combined TRACON& Tower with Radar,0,26,18,4,48,0,1,13,0,14,0,27,31,4,62,20,0,20,82
01/06/2010,AGS,GA,ASO,ES,Combined TRACON& Tower with Radar,2,29,24,2,57,0,1,7,2,10,2,30,31,4,67,2,0,2,69
01/07/2010,AGS,GA,ASO,ES,Combined TRACON& Tower with Radar,0,30,10,6,46,0,3,9,2,14,0,33,19,8,60,6,4,10,70
01/08/2010,AGS,GA,ASO,ES,Combined TRACON& Tower with Radar,0,32,15,4,51,0,0,12,3,15,0,32,27,7,66,0,4,4,70
01/09/2010,AGS,GA,ASO,ES,Combined TRACON& Tower with Radar,0,20,6,0,26,0,0,9,0,9,0,20,15,0,35,2,0,2,37
01/10/2010,AGS,GA,ASO,ES,Combined TRACON& Tower with Radar,0,25,7,4,36,0,0,14,0,14,0,25,21,4,50,0,0,0,50
01/11/2010,AGS,GA,ASO,ES,Combined TRACON& Tower with Radar,0,29,10,8,47,0,0,6,0,6,0,29,16,8,53,24,0,24,77
01/12/2010,AGS,GA,ASO,ES,Combined TRACON& Tower with Radar,0,27,17,4,48,0,3,7,2,12,0,30,24,6,60,17,16,33,93
01/13/2010,AGS,GA,ASO,ES,Combined TRACON& Tower with Radar,0,30,20,0,50,0,0,14,0,14,0,30,34,0,64,2,0,2,66
01/14/2010,AGS,GA,ASO,ES,Combined TRACON& Tower with Radar,0,31,15,4,50,0,2,9,0,11,0,33,24,4,61,2,2,4,65
01/15/2010,AGS,GA,ASO,ES,Combined TRACON& Tower with Radar,0,29,23,0,52,0,0,8,2,10,0,29,31,2,62,0,0,0,62
01/16/2010,AGS,GA,ASO,ES,Combined TRACON& Tower with Radar,0,21,10,2,33,0,0,2,0,2,0,21,12,2,35,0,0,0,35
01/17/2010,AGS,GA,ASO,ES,Combined TRACON& Tower with Radar,0,27,5,2,34,0,0,0,0,0,0,27,5,2,34,0,0,0,34
01/18/2010,AGS,GA,ASO,ES,Combined TRACON& Tower with Radar,0,33,24,2,59,0,0,23,2,25,0,33,47,4,84,18,0,18,102
01/19/2010,AGS,GA,ASO,ES,Combined TRACON& Tower with Radar,0,28,45,3,76,0,0,11,1,12,0,28,56,4,88,8,0,8,96
01/20/2010,AGS,GA,ASO,ES,Combined TRACON& Tower with Radar,2,29,17,7,55,0,1,19,2,22,2,30,36,9,77,8,1,9,86
01/21/2010,AGS,GA,ASO,ES,Combined TRACON& Tower with Radar,4,33,13,3,53,0,0,1,0,1,4,33,14,3,54,0,0,0,54
01/22/2010,AGS,GA,ASO,ES,Combined TRACON& Tower with Radar,2,31,19,1,53,0,0,3,0,3,2,31,22,1,56,0,0,0,56
01/23/2010,AGS,GA,ASO,ES,Combined TRACON& Tower with Radar,0,21,6,2,29,0,0,0,0,0,0,21,6,2,29,0,0,0,29
01/24/2010,AGS,GA,ASO,ES,Combined TRACON& Tower with Radar,12,24,14,2,52,0,0,0,0,0,12,24,14,2,52,0,0,0,52
01/25/2010,AGS,GA,ASO,ES,Combined TRACON& Tower with Radar,0,29,29,7,65,0,0,1,0,1,0,29,30,7,66,0,3,3,69
01/26/2010,AGS,GA,ASO,ES,Combined TRACON& Tower with Radar,0,30,20,3,53,0,0,0,5,5,0,30,20,8,58,0,13,13,71
01/27/2010,AGS,GA,ASO,ES,Combined TRACON& Tower with Radar,2,35,39,1,77,0,0,17,0,17,2,35,56,1,94,6,0,6,100
01/28/2010,AGS,GA,ASO,ES,Combined TRACON& Tower with Radar,0,28,42,2,72,0,0,26,3,29,0,28,68,5,101,22,0,22,123
01/29/2010,AGS,GA,ASO,ES,Combined TRACON& Tower with Radar,1,30,25,5,61,0,0,5,1,6,1,30,30,6,67,0,12,12,79
01/30/2010,AGS,GA,ASO,ES,Combined TRACON& Tower with Radar,3,21,7,0,31,0,0,0,0,0,3,21,7,0,31,0,0,0,31
01/31/2010,AGS,GA,ASO,ES,Combined TRACON& Tower with Radar,0,33,21,2,56,0,0,15,0,15,0,33,36,2,71,20,0,20,91
02/01/2010,AGS,GA,ASO,ES,Combined TRACON& Tower with Radar,2,32,27,10,71,0,0,5,0,5,2,32,32,10,76,6,8,14,90
02/02/2010,AGS,GA,ASO,ES,Combined TRACON& Tower with Radar,0,31,31,2,64,0,0,0,0,0,0,31,31,2,64,0,0,0,64
02/03/2010,AGS,GA,ASO,ES,Combined TRACON& Tower with Radar,2,28,24,30,84,0,0,2,2,4,2,28,26,32,88,0,21,21,109
02/04/2010,AGS,GA,ASO,ES,Combined TRACON& Tower with Radar,0,34,20,14,68,0,0,3,0,3,0,34,23,14,71,0,8,8,79
02/05/2010,AGS,GA,ASO,ES,Combined TRACON& Tower with Radar,0,32,16,0,48,0,0,0,0,0,0,32,16,0,48,0,0,0,48
02/06/2010,AGS,GA,ASO,ES,Combined TRACON& Tower with Radar,0,20,15,2,37,0,0,0,0,0,0,20,15,2,37,0,0,0,37
02/07/2010,AGS,GA,ASO,ES,Combined TRACON& Tower with Radar,0,26,11,0,37,0,0,15,0,15,0,26,26,0,52,15,0,15,67
02/08/2010,AGS,GA,ASO,ES,Combined TRACON& Tower with Radar,0,29,22,14,65,0,0,5,1,6,0,29,27,15,71,4,10,14,85
02/09/2010,AGS,GA,ASO,ES,Combined TRACON& Tower with Radar,0,30,12,5,47,0,0,1,0,1,0,30,13,5,48,4,0,4,52
02/10/2010,AGS,GA,ASO,ES,Combined TRACON& Tower with Radar,0,31,21,7,59,0,0,2,6,8,0,31,23,13,67,0,0,0,67
02/11/2010,AGS,GA,ASO,ES,Combined TRACON& Tower with Radar,0,32,25,15,72,0,0,21,2,23,0,32,46,17,95,11,11,22,117
02/12/2010,AGS,GA,ASO,ES,Combined TRACON& Tower with Radar,0,16,10,0,26,0,0,3,0,3,0,16,13,0,29,0,0,0,29
02/13/2010,AGS,GA,ASO,ES,Combined TRACON& Tower with Radar,0,11,11,7,29,0,0,8,0,8,0,11,19,7,37,0,0,0,37
02/14/2010,AGS,GA,ASO,ES,Combined TRACON& Tower with Radar,0,21,12,0,33,0,0,14,0,14,0,21,26,0,47,6,0,6,53
02/15/2010,AGS,GA,ASO,ES,Combined TRACON& Tower with Radar,0,20,19,3,42,0,0,0,0,0,0,20,19,3,42,0,0,0,42
02/16/2010,AGS,GA,ASO,ES,Combined TRACON& Tower with Radar,0,34,32,5,71,0,0,8,0,8,0,34,40,5,79,4,16,20,99
02/17/2010,AGS,GA,ASO,ES,Combined TRACON& Tower with Radar,0,32,30,4,66,0,1,11,0,12,0,33,41,4,78,0,4,4,82
02/18/2010,AGS,GA,ASO,ES,Combined TRACON& Tower with Radar,0,32,31,1,64,0,0,4,2,6,0,32,35,3,70,2,0,2,72
02/19/2010,AGS,GA,ASO,ES,Combined TRACON& Tower with Radar,2,32,33,4,71,0,0,9,2,11,2,32,42,6,82,19,0,19,101
02/20/2010,AGS,GA,ASO,ES,Combined TRACON& Tower with Radar,0,28,16,4,48,0,0,15,2,17,0,28,31,6,65,4,0,4,69
02/21/2010,AGS,GA,ASO,ES,Combined TRACON& Tower with Radar,2,31,25,0,58,0,0,10,0,10,2,31,35,0,68,27,0,27,95
02/22/2010,AGS,GA,ASO,ES,Combined TRACON& Tower with Radar,0,29,13,2,44,0,0,0,0,0,0,29,13,2,44,0,0,0,44
02/23/2010,AGS,GA,ASO,ES,Combined TRACON& Tower with Radar,4,32,24,5,65,0,0,11,2,13,4,32,35,7,78,10,2,12,90
02/24/2010,AGS,GA,ASO,ES,Combined TRACON& Tower with Radar,0,33,25,2,60,0,0,8,0,8,0,33,33,2,68,2,0,2,70
02/25/2010,AGS,GA,ASO,ES,Combined TRACON& Tower with Radar,0,33,19,6,58,0,1,8,3,12,0,34,27,9,70,0,0,0,70
02/26/2010,AGS,GA,ASO,ES,Combined TRACON& Tower with Radar,0,29,27,3,59,0,0,7,3,10,0,29,34,6,69,0,0,0,69
02/27/2010,AGS,GA,ASO,ES,Combined TRACON& Tower with Radar,0,26,10,0,36,0,0,6,1,7,0,26,16,1,43,34,0,34,77
02/28/2010,AGS,GA,ASO,ES,Combined TRACON& Tower with Radar,0,29,14,7,50,0,0,6,2,8,0,29,20,9,58,5,24,29,87
03/01/2010,AGS,GA,ASO,ES,Combined TRACON& Tower with Radar,2,34,20,0,56,0,0,10,2,12,2,34,30,2,68,16,0,16,84
03/02/2010,AGS,GA,ASO,ES,Combined TRACON& Tower with Radar,0,27,27,8,62,0,0,0,0,0,0,27,27,8,62,0,0,0,62
03/03/2010,AGS,GA,ASO,ES,Combined TRACON& Tower with Radar,2,42,26,1,71,0,0,3,1,4,2,42,29,2,75,16,0,16,91
03/04/2010,AGS,GA,ASO,ES,Combined TRACON& Tower with Radar,2,41,40,6,89,0,0,7,1,8,2,41,47,7,97,24,0,24,121
03/05/2010,AGS,GA,ASO,ES,Combined TRACON& Tower with Radar,0,33,32,2,67,0,0,11,2,13,0,33,43,4,80,6,0,6,86
03/06/2010,AGS,GA,ASO,ES,Combined TRACON& Tower with Radar,0,29,7,5,41,0,0,17,1,18,0,29,24,6,59,14,0,14,73
03/07/2010,AGS,GA,ASO,ES,Combined TRACON& Tower with Radar,2,33,12,0,47,0,0,8,0,8,2,33,20,0,55,16,0,16,71
03/08/2010,AGS,GA,ASO,ES,Combined TRACON& Tower with Radar,0,34,20,2,56,0,0,4,0,4,0,34,24,2,60,8,0,8,68
03/09/2010,AGS,GA,ASO,ES,Combined TRACON& Tower with Radar,0,33,28,6,67,0,0,18,0,18,0,33,46,6,85,20,9,29,114
03/10/2010,AGS,GA,ASO,ES,Combined TRACON& Tower with Radar,2,39,18,0,59,0,0,2,0,2,2,39,20,0,61,6,0,6,67
03/11/2010,AGS,GA,ASO,ES,Combined TRACON& Tower with Radar,0,31,12,6,49,0,0,0,0,0,0,31,12,6,49,0,0,0,49
03/12/2010,AGS,GA,ASO,ES,Combined TRACON& Tower with Radar,6,27,26,7,66,0,0,0,0,0,6,27,26,7,66,0,0,0,66
03/13/2010,AGS,GA,ASO,ES,Combined TRACON& Tower with Radar,0,27,16,2,45,0,0,7,0,7,0,27,23,2,52,0,0,0,52
03/14/2010,AGS,GA,ASO,ES,Combined TRACON& Tower with Radar,0,32,31,2,65,0,0,8,0,8,0,32,39,2,73,0,0,0,73
03/15/2010,AGS,GA,ASO,ES,Combined TRACON& Tower with Radar,4,42,28,7,81,0,0,5,2,7,4,42,33,9,88,0,0,0,88
03/16/2010,AGS,GA,ASO,ES,Combined TRACON& Tower with Radar,0,30,32,10,72,0,0,13,0,13,0,30,45,10,85,6,6,12,97
03/17/2010,AGS,GA,ASO,ES,Combined TRACON& Tower with Radar,0,33,52,9,94,0,0,0,1,1,0,33,52,10,95,26,4,30,125
03/18/2010,AGS,GA,ASO,ES,Combined TRACON& Tower with Radar,0,47,58,2,107,0,0,5,0,5,0,47,63,2,112,6,0,6,118
03/19/2010,AGS,GA,ASO,ES,Combined TRACON& Tower with Radar,2,40,38,0,80,0,0,20,0,20,2,40,58,0,100,4,0,4,104
03/20/2010,AGS,GA,ASO,ES,Combined TRACON& Tower with Radar,0,44,27,1,72,0,0,11,2,13,0,44,38,3,85,12,0,12,97
03/21/2010,AGS,GA,ASO,ES,Combined TRACON& Tower with Radar,11,45,21,0,77,0,2,1,0,3,11,47,22,0,80,0,0,0,80
03/22/2010,AGS,GA,ASO,ES,Combined TRACON& Tower with Radar,1,48,16,8,73,0,0,4,1,5,1,48,20,9,78,0,0,0,78
03/23/2010,AGS,GA,ASO,ES,Combined TRACON& Tower with Radar,0,41,33,7,81,0,0,6,2,8,0,41,39,9,89,0,0,0,89
03/24/2010,AGS,GA,ASO,ES,Combined TRACON& Tower with Radar,0,42,38,4,84,0,0,24,3,27,0,42,62,7,111,0,0,0,111
03/25/2010,AGS,GA,ASO,ES,Combined TRACON& Tower with Radar,0,37,41,1,79,0,0,10,0,10,0,37,51,1,89,16,0,16,105
03/26/2010,AGS,GA,ASO,ES,Combined TRACON& Tower with Radar,0,35,24,4,63,0,0,14,2,16,0,35,38,6,79,2,0,2,81
03/27/2010,AGS,GA,ASO,ES,Combined TRACON& Tower with Radar,0,35,20,0,55,0,0,15,0,15,0,35,35,0,70,6,0,6,76
03/28/2010,AGS,GA,ASO,ES,Combined TRACON& Tower with Radar,0,37,19,0,56,0,0,3,2,5,0,37,22,2,61,0,0,0,61
03/29/2010,AGS,GA,ASO,ES,Combined TRACON& Tower with Radar,0,37,29,4,70,0,0,16,2,18,0,37,45,6,88,33,0,33,121
03/30/2010,AGS,GA,ASO,ES,Combined TRACON& Tower with Radar,0,36,35,6,77,0,0,14,0,14,0,36,49,6,91,12,0,12,103
03/31/2010,AGS,GA,ASO,ES,Combined TRACON& Tower with Radar,0,47,30,2,79,0,0,17,0,17,0,47,47,2,96,6,0,6,102
04/01/2010,AGS,GA,ASO,ES,Combined TRACON& Tower with Radar,0,36,24,3,63,0,0,20,1,21,0,36,44,4,84,0,0,0,84
04/02/2010,AGS,GA,ASO,ES,Combined TRACON& Tower with Radar,4,35,31,4,74,0,0,18,0,18,4,35,49,4,92,8,0,8,100
04/03/2010,AGS,GA,ASO,ES,Combined TRACON& Tower with Radar,5,31,12,0,48,0,0,9,0,9,5,31,21,0,57,2,0,2,59
04/04/2010,AGS,GA,ASO,ES,Combined TRACON& Tower with Radar,28,50,43,0,121,0,0,4,0,4,28,50,47,0,125,0,0,0,125
04/05/2010,AGS,GA,ASO,ES,Combined TRACON& Tower with Radar,32,42,92,2,168,0,0,4,0,4,32,42,96,2,172,0,0,0,172
04/06/2010,AGS,GA,ASO,ES,Combined TRACON& Tower with Radar,34,44,132,0,210,0,0,5,0,5,34,44,137,0,215,0,0,0,215
04/07/2010,AGS,GA,ASO,ES,Combined TRACON& Tower with Radar,37,108,223,0,368,0,0,4,1,5,37,108,227,1,373,0,0,0,373
04/08/2010,AGS,GA,ASO,ES,Combined TRACON& Tower with Radar,36,91,228,0,355,0,0,1,0,1,36,91,229,0,356,0,0,0,356
04/09/2010,AGS,GA,ASO,ES,Combined TRACON& Tower with Radar,32,128,230,1,391,0,0,4,0,4,32,128,234,1,395,0,0,0,395
04/10/2010,AGS,GA,ASO,ES,Combined TRACON& Tower with Radar,25,100,146,0,271,0,0,7,0,7,25,100,153,0,278,0,0,0,278
04/11/2010,AGS,GA,ASO,ES,Combined TRACON& Tower with Radar,37,139,208,1,385,0,0,9,1,10,37,139,217,2,395,0,0,0,395
04/12/2010,AGS,GA,ASO,ES,Combined TRACON& Tower with Radar,35,57,64,0,156,0,0,8,0,8,35,57,72,0,164,2,0,2,166
04/13/2010,AGS,GA,ASO,ES,Combined TRACON& Tower with Radar,1,31,28,8,68,0,0,21,0,21,1,31,49,8,89,18,4,22,111
04/14/2010,AGS,GA,ASO,ES,Combined TRACON& Tower with Radar,0,34,33,8,75,0,0,10,0,10,0,34,43,8,85,14,0,14,99
04/15/2010,AGS,GA,ASO,ES,Combined TRACON& Tower with Radar,0,32,29,16,77,0,0,12,0,12,0,32,41,16,89,20,20,40,129
04/16/2010,AGS,GA,ASO,ES,Combined TRACON& Tower with Radar,2,33,22,0,57,0,0,15,0,15,2,33,37,0,72,16,0,16,88
04/17/2010,AGS,GA,ASO,ES,Combined TRACON& Tower with Radar,0,28,13,0,41,0,0,14,2,16,0,28,27,2,57,43,0,43,100
04/18/2010,AGS,GA,ASO,ES,Combined TRACON& Tower with Radar,2,41,20,2,65,0,1,12,0,13,2,42,32,2,78,6,0,6,84
04/19/2010,AGS,GA,ASO,ES,Combined TRACON& Tower with Radar,0,39,37,4,80,0,0,12,1,13,0,39,49,5,93,9,2,11,104
04/20/2010,AGS,GA,ASO,ES,Combined TRACON& Tower with Radar,0,41,45,13,99,0,0,13,0,13,0,41,58,13,112,5,28,33,145
04/21/2010,AGS,GA,ASO,ES,Combined TRACON& Tower with Radar,2,34,35,9,80,0,0,6,1,7,2,34,41,10,87,0,2,2,89
04/22/2010,AGS,GA,ASO,ES,Combined TRACON& Tower with Radar,0,33,44,6,83,0,0,15,2,17,0,33,59,8,100,12,0,12,112
04/23/2010,AGS,GA,ASO,ES,Combined TRACON& Tower with Radar,0,34,25,1,60,0,0,17,0,17,0,34,42,1,77,17,0,17,94
04/24/2010,AGS,GA,ASO,ES,Combined TRACON& Tower with Radar,4,34,10,4,52,0,0,3,0,3,4,34,13,4,55,0,0,0,55
04/25/2010,AGS,GA,ASO,ES,Combined TRACON& Tower with Radar,0,37,21,1,59,0,1,1,6,8,0,38,22,7,67,0,0,0,67
04/26/2010,AGS,GA,ASO,ES,Combined TRACON& Tower with Radar,0,38,25,4,67,0,0,4,2,6,0,38,29,6,73,0,0,0,73
04/27/2010,AGS,GA,ASO,ES,Combined TRACON& Tower with Radar,0,37,28,4,69,0,0,0,0,0,0,37,28,4,69,0,2,2,71
04/28/2010,AGS,GA,ASO,ES,Combined TRACON& Tower with Radar,0,39,31,2,72,0,0,10,0,10,0,39,41,2,82,23,0,23,105
04/29/2010,AGS,GA,ASO,ES,Combined TRACON& Tower with Radar,0,33,34,0,67,0,0,14,0,14,0,33,48,0,81,30,0,30,111
04/30/2010,AGS,GA,ASO,ES,Combined TRACON& Tower with Radar,1,31,24,3,59,0,0,5,0,5,1,31,29,3,64,28,0,28,92
05/01/2010,AGS,GA,ASO,ES,Combined TRACON& Tower with Radar,1,31,13,1,46,0,0,0,2,2,1,31,13,3,48,12,0,12,60
05/02/2010,AGS,GA,ASO,ES,Combined TRACON& Tower with Radar,2,31,15,2,50,0,0,9,0,9,2,31,24,2,59,10,0,10,69
05/03/2010,AGS,GA,ASO,ES,Combined TRACON& Tower with Radar,2,37,29,0,68,0,0,2,0,2,2,37,31,0,70,0,0,0,70
05/04/2010,AGS,GA,ASO,ES,Combined TRACON& Tower with Radar,0,37,46,12,95,0,0,0,0,0,0,37,46,12,95,0,6,6,101
05/05/2010,AGS,GA,ASO,ES,Combined TRACON& Tower with Radar,2,44,58,4,108,0,0,5,10,15,2,44,63,14,123,2,6,8,131
05/06/2010,AGS,GA,ASO,ES,Combined TRACON& Tower with Radar,0,43,44,0,87,0,0,17,1,18,0,43,61,1,105,24,1,25,130
05/07/2010,AGS,GA,ASO,ES,Combined TRACON& Tower with Radar,0,36,31,4,71,0,0,9,0,9,0,36,40,4,80,0,0,0,80
05/08/2010,AGS,GA,ASO,ES,Combined TRACON& Tower with Radar,0,31,17,2,50,0,0,2,0,2,0,31,19,2,52,4,0,4,56
05/09/2010,AGS,GA,ASO,ES,Combined TRACON& Tower with Radar,0,30,9,1,40,0,0,1,1,2,0,30,10,2,42,0,0,0,42
05/10/2010,AGS,GA,ASO,ES,Combined TRACON& Tower with Radar,0,39,33,2,74,0,0,3,0,3,0,39,36,2,77,4,10,14,91
05/11/2010,AGS,GA,ASO,ES,Combined TRACON& Tower with Radar,0,37,34,11,82,0,0,13,1,14,0,37,47,12,96,26,10,36,132
05/12/2010,AGS,GA,ASO,ES,Combined TRACON& Tower with Radar,0,46,30,4,80,0,0,10,0,10,0,46,40,4,90,10,4,14,104
05/13/2010,AGS,GA,ASO,ES,Combined TRACON& Tower with Radar,3,33,40,14,90,0,0,23,2,25,3,33,63,16,115,8,0,8,123
05/14/2010,AGS,GA,ASO,ES,Combined TRACON& Tower with Radar,2,34,37,0,73,0,1,18,0,19,2,35,55,0,92,22,0,22,114
05/15/2010,AGS,GA,ASO,ES,Combined TRACON& Tower with Radar,0,30,13,0,43,0,0,10,0,10,0,30,23,0,53,30,0,30,83
05/16/2010,AGS,GA,ASO,ES,Combined TRACON& Tower with Radar,2,27,26,6,61,0,0,11,0,11,2,27,37,6,72,6,4,10,82
05/17/2010,AGS,GA,ASO,ES,Combined TRACON& Tower with Radar,0,31,16,3,50,0,0,0,0,0,0,31,16,3,50,6,0,6,56
05/18/2010,AGS,GA,ASO,ES,Combined TRACON& Tower with Radar,0,29,30,4,63,0,0,4,5,9,0,29,34,9,72,6,0,6,78
05/19/2010,AGS,GA,ASO,ES,Combined TRACON& Tower with Radar,0,30,37,5,72,0,0,11,0,11,0,30,48,5,83,4,0,4,87
05/20/2010,AGS,GA,ASO,ES,Combined TRACON& Tower with Radar,0,28,23,1,52,0,0,9,4,13,0,28,32,5,65,0,0,0,65
05/21/2010,AGS,GA,ASO,ES,Combined TRACON& Tower with Radar,2,30,20,0,52,0,0,0,0,0,2,30,20,0,52,0,0,0,52
05/22/2010,AGS,GA,ASO,ES,Combined TRACON& Tower with Radar,0,26,11,4,41,0,0,7,0,7,0,26,18,4,48,1,0,1,49
05/23/2010,AGS,GA,ASO,ES,Combined TRACON& Tower with Radar,0,28,9,2,39,0,0,1,0,1,0,28,10,2,40,20,0,20,60
05/24/2010,AGS,GA,ASO,ES,Combined TRACON& Tower with Radar,2,28,13,4,47,0,0,4,2,6,2,28,17,6,53,8,5,13,66
05/25/2010,AGS,GA,ASO,ES,Combined TRACON& Tower with Radar,0,28,13,3,44,0,0,10,3,13,0,28,23,6,57,0,8,8,65
05/26/2010,AGS,GA,ASO,ES,Combined TRACON& Tower with Radar,2,28,26,5,61,0,0,6,3,9,2,28,32,8,70,12,4,16,86
05/27/2010,AGS,GA,ASO,ES,Combined TRACON& Tower with Radar,2,32,22,7,63,0,0,15,5,20,2,32,37,12,83,2,12,14,97
05/28/2010,AGS,GA,ASO,ES,Combined TRACON& Tower with Radar,11,28,18,11,68,0,0,6,0,6,11,28,24,11,74,0,0,0,74
05/29/2010,AGS,GA,ASO,ES,Combined TRACON& Tower with Radar,2,25,7,2,36,0,0,2,0,2,2,25,9,2,38,0,0,0,38
05/30/2010,AGS,GA,ASO,ES,Combined TRACON& Tower with Radar,0,19,8,0,27,0,1,1,0,2,0,20,9,0,29,0,0,0,29
05/31/2010,AGS,GA,ASO,ES,Combined TRACON& Tower with Radar,0,27,8,0,35,0,0,0,0,0,0,27,8,0,35,0,0,0,35
06/01/2010,AGS,GA,ASO,ES,Combined TRACON& Tower with Radar,6,38,16,7,67,0,0,2,1,3,6,38,18,8,70,16,14,30,100
06/02/2010,AGS,GA,ASO,ES,Combined TRACON& Tower with Radar,2,33,27,4,66,0,0,4,0,4,2,33,31,4,70,37,0,37,107
06/03/2010,AGS,GA,ASO,ES,Combined TRACON& Tower with Radar,0,31,31,0,62,0,0,8,4,12,0,31,39,4,74,6,0,6,80
06/04/2010,AGS,GA,ASO,ES,Combined TRACON& Tower with Radar,0,30,22,2,54,0,0,8,0,8,0,30,30,2,62,8,0,8,70
06/05/2010,AGS,GA,ASO,ES,Combined TRACON& Tower with Radar,0,23,6,2,31,0,0,3,0,3,0,23,9,2,34,6,0,6,40
06/06/2010,AGS,GA,ASO,ES,Combined TRACON& Tower with Radar,0,29,7,0,36,0,0,3,2,5,0,29,10,2,41,0,0,0,41
06/07/2010,AGS,GA,ASO,ES,Combined TRACON& Tower with Radar,0,32,17,2,51,0,0,14,0,14,0,32,31,2,65,8,0,8,73
06/08/2010,AGS,GA,ASO,ES,Combined TRACON& Tower with Radar,2,31,24,1,58,0,0,15,0,15,2,31,39,1,73,11,0,11,84
06/09/2010,AGS,GA,ASO,ES,Combined TRACON& Tower with Radar,0,30,18,7,55,0,0,9,0,9,0,30,27,7,64,6,2,8,72
06/10/2010,AGS,GA,ASO,ES,Combined TRACON& Tower with Radar,2,34,20,0,56,0,0,5,0,5,2,34,25,0,61,22,0,22,83
06/11/2010,AGS,GA,ASO,ES,Combined TRACON& Tower with Radar,0,35,13,4,52,0,0,10,2,12,0,35,23,6,64,4,4,8,72
06/12/2010,AGS,GA,ASO,ES,Combined TRACON& Tower with Radar,0,26,5,0,31,0,0,9,0,9,0,26,14,0,40,8,0,8,48
06/13/2010,AGS,GA,ASO,ES,Combined TRACON& Tower with Radar,0,31,12,0,43,0,0,0,0,0,0,31,12,0,43,0,0,0,43
06/14/2010,AGS,GA,ASO,ES,Combined TRACON& Tower with Radar,0,31,13,4,48,0,0,7,1,8,0,31,20,5,56,18,0,18,74
06/15/2010,AGS,GA,ASO,ES,Combined TRACON& Tower with Radar,14,37,27,1,79,0,2,11,3,16,14,39,38,4,95,9,0,9,104
06/16/2010,AGS,GA,ASO,ES,Combined TRACON& Tower with Radar,0,31,20,11,62,0,0,13,0,13,0,31,33,11,75,8,6,14,89
06/17/2010,AGS,GA,ASO,ES,Combined TRACON& Tower with Radar,0,33,17,0,50,0,0,9,0,9,0,33,26,0,59,13,2,15,74
06/18/2010,AGS,GA,ASO,ES,Combined TRACON& Tower with Radar,2,36,20,2,60,0,0,6,1,7,2,36,26,3,67,33,4,37,104
06/19/2010,AGS,GA,ASO,ES,Combined TRACON& Tower with Radar,0,26,5,16,47,0,0,0,2,2,0,26,5,18,49,14,51,65,114
06/20/2010,AGS,GA,ASO,ES,Combined TRACON& Tower with Radar,2,31,9,0,42,0,0,4,0,4,2,31,13,0,46,2,0,2,48
06/21/2010,AGS,GA,ASO,ES,Combined TRACON& Tower with Radar,0,32,11,3,46,0,0,7,0,7,0,32,18,3,53,2,0,2,55
06/22/2010,AGS,GA,ASO,ES,Combined TRACON& Tower with Radar,0,33,21,3,57,0,0,23,0,23,0,33,44,3,80,33,0,33,113
06/23/2010,AGS,GA,ASO,ES,Combined TRACON& Tower with Radar,0,32,15,5,52,0,0,8,4,12,0,32,23,9,64,0,0,0,64
06/24/2010,AGS,GA,ASO,ES,Combined TRACON& Tower with Radar,0,33,18,1,52,0,0,14,0,14,0,33,32,1,66,26,0,26,92
06/25/2010,AGS,GA,ASO,ES,Combined TRACON& Tower with Radar,0,29,11,1,41,0,0,6,0,6,0,29,17,1,47,4,0,4,51
06/26/2010,AGS,GA,ASO,ES,Combined TRACON& Tower with Radar,1,25,17,3,46,0,0,15,0,15,1,25,32,3,61,10,0,10,71
06/27/2010,AGS,GA,ASO,ES,Combined TRACON& Tower with Radar,0,31,17,0,48,0,0,12,0,12,0,31,29,0,60,22,0,22,82
06/28/2010,AGS,GA,ASO,ES,Combined TRACON& Tower with Radar,0,33,14,2,49,0,0,4,0,4,0,33,18,2,53,2,0,2,55
06/29/2010,AGS,GA,ASO,ES,Combined TRACON& Tower with Radar,4,31,24,0,59,0,0,8,4,12,4,31,32,4,71,10,0,10,81
06/30/2010,AGS,GA,ASO,ES,Combined TRACON& Tower with Radar,0,41,21,3,65,0,0,1,7,8,0,41,22,10,73,8,0,8,81
07/01/2010,AGS,GA,ASO,ES,Combined TRACON& Tower with Radar,0,35,33,2,70,0,0,1,0,1,0,35,34,2,71,10,0,10,81
07/02/2010,AGS,GA,ASO,ES,Combined TRACON& Tower with Radar,0,32,17,0,49,0,0,7,0,7,0,32,24,0,56,26,0,26,82
07/03/2010,AGS,GA,ASO,ES,Combined TRACON& Tower with Radar,0,24,9,2,35,0,0,9,0,9,0,24,18,2,44,20,0,20,64
07/04/2010,AGS,GA,ASO,ES,Combined TRACON& Tower with Radar,0,26,4,0,30,0,0,4,0,4,0,26,8,0,34,0,0,0,34
07/05/2010,AGS,GA,ASO,ES,Combined TRACON& Tower with Radar,2,33,10,0,45,0,0,2,2,4,2,33,12,2,49,0,0,0,49
07/06/2010,AGS,GA,ASO,ES,Combined TRACON& Tower with Radar,0,34,18,3,55,0,0,9,2,11,0,34,27,5,66,8,1,9,75
07/07/2010,AGS,GA,ASO,ES,Combined TRACON& Tower with Radar,0,37,16,2,55,0,0,9,0,9,0,37,25,2,64,8,0,8,72
07/08/2010,AGS,GA,ASO,ES,Combined TRACON& Tower with Radar,0,31,23,1,55,0,2,9,3,14,0,33,32,4,69,12,0,12,81
07/09/2010,AGS,GA,ASO,ES,Combined TRACON& Tower with Radar,8,33,12,6,59,0,0,11,0,11,8,33,23,6,70,24,2,26,96
07/10/2010,AGS,GA,ASO,ES,Combined TRACON& Tower with Radar,3,26,10,3,42,0,0,8,2,10,3,26,18,5,52,22,0,22,74
07/11/2010,AGS,GA,ASO,ES,Combined TRACON& Tower with Radar,0,33,21,2,56,0,0,9,0,9,0,33,30,2,65,10,0,10,75
07/12/2010,AGS,GA,ASO,ES,Combined TRACON& Tower with Radar,0,30,23,9,62,0,0,3,2,5,0,30,26,11,67,12,6,18,85
07/13/2010,AGS,GA,ASO,ES,Combined TRACON& Tower with Radar,9,41,43,2,95,0,0,6,4,10,9,41,49,6,105,0,0,0,105
07/14/2010,AGS,GA,ASO,ES,Combined TRACON& Tower with Radar,3,35,28,1,67,0,0,9,10,19,3,35,37,11,86,12,0,12,98
07/15/2010,AGS,GA,ASO,ES,Combined TRACON& Tower with Radar,2,35,29,0,66,0,0,8,13,21,2,35,37,13,87,0,40,40,127
07/16/2010,AGS,GA,ASO,ES,Combined TRACON& Tower with Radar,2,34,20,15,71,0,0,5,13,18,2,34,25,28,89,4,44,48,137
07/17/2010,AGS,GA,ASO,ES,Combined TRACON& Tower with Radar,0,29,7,13,49,0,3,8,22,33,0,32,15,35,82,6,12,18,100
07/18/2010,AGS,GA,ASO,ES,Combined TRACON& Tower with Radar,2,32,2,10,46,0,0,5,29,34,2,32,7,39,80,0,60,60,140
07/19/2010,AGS,GA,ASO,ES,Combined TRACON& Tower with Radar,0,33,25,7,65,0,0,3,8,11,0,33,28,15,76,6,17,23,99
07/20/2010,AGS,GA,ASO,ES,Combined TRACON& Tower with Radar,0,34,18,4,56,0,0,16,14,30,0,34,34,18,86,16,64,80,166
07/21/2010,AGS,GA,ASO,ES,Combined TRACON& Tower with Radar,0,35,16,15,66,0,0,8,3,11,0,35,24,18,77,8,16,24,101
07/22/2010,AGS,GA,ASO,ES,Combined TRACON& Tower with Radar,3,33,12,5,53,0,0,13,3,16,3,33,25,8,69,18,0,18,87
07/23/2010,AGS,GA,ASO,ES,Combined TRACON& Tower with Radar,8,37,18,2,65,0,0,11,0,11,8,37,29,2,76,33,0,33,109
07/24/2010,AGS,GA,ASO,ES,Combined TRACON& Tower with Radar,0,27,5,10,42,0,0,16,0,16,0,27,21,10,58,30,10,40,98
07/25/2010,AGS,GA,ASO,ES,Combined TRACON& Tower with Radar,0,32,6,0,38,0,0,7,0,7,0,32,13,0,45,8,0,8,53
07/26/2010,AGS,GA,ASO,ES,Combined TRACON& Tower with Radar,0,34,19,4,57,0,0,7,0,7,0,34,26,4,64,10,0,10,74
07/27/2010,AGS,GA,ASO,ES,Combined TRACON& Tower with Radar,0,33,23,1,57,0,0,8,2,10,0,33,31,3,67,8,1,9,76
07/28/2010,AGS,GA,ASO,ES,Combined TRACON& Tower with Radar,0,35,27,2,64,0,0,0,3,3,0,35,27,5,67,0,0,0,67
07/29/2010,AGS,GA,ASO,ES,Combined TRACON& Tower with Radar,0,31,22,11,64,0,0,4,2,6,0,31,26,13,70,28,15,43,113
07/30/2010,AGS,GA,ASO,ES,Combined TRACON& Tower with Radar,0,33,17,2,52,0,0,9,0,9,0,33,26,2,61,10,0,10,71
07/31/2010,AGS,GA,ASO,ES,Combined TRACON& Tower with Radar,0,25,18,2,45,0,0,1,0,1,0,25,19,2,46,4,0,4,50
08/01/2010,AGS,GA,ASO,ES,Combined TRACON& Tower with Radar,0,30,12,0,42,0,0,1,0,1,0,30,13,0,43,0,0,0,43
08/02/2010,AGS,GA,ASO,ES,Combined TRACON& Tower with Radar,0,36,14,9,59,0,0,2,0,2,0,36,16,9,61,0,3,3,64
08/03/2010,AGS,GA,ASO,ES,Combined TRACON& Tower with Radar,0,35,18,1,54,0,0,10,0,10,0,35,28,1,64,14,0,14,78
08/04/2010,AGS,GA,ASO,ES,Combined TRACON& Tower with Radar,0,34,25,0,59,0,0,5,0,5,0,34,30,0,64,4,0,4,68
08/05/2010,AGS,GA,ASO,ES,Combined TRACON& Tower with Radar,0,30,30,0,60,0,0,9,0,9,0,30,39,0,69,20,0,20,89
08/06/2010,AGS,GA,ASO,ES,Combined TRACON& Tower with Radar,0,32,26,0,58,0,0,5,0,5,0,32,31,0,63,6,0,6,69
08/07/2010,AGS,GA,ASO,ES,Combined TRACON& Tower with Radar,2,25,7,0,34,0,0,1,0,1,2,25,8,0,35,2,0,2,37
08/08/2010,AGS,GA,ASO,ES,Combined TRACON& Tower with Radar,0,30,6,0,36,0,0,8,0,8,0,30,14,0,44,14,0,14,58
08/09/2010,AGS,GA,ASO,ES,Combined TRACON& Tower with Radar,0,32,11,2,45,0,1,5,0,6,0,33,16,2,51,2,0,2,53
08/10/2010,AGS,GA,ASO,ES,Combined TRACON& Tower with Radar,0,36,19,1,56,0,1,5,1,7,0,37,24,2,63,24,0,24,87
08/11/2010,AGS,GA,ASO,ES,Combined TRACON& Tower with Radar,0,37,26,16,79,0,0,13,5,18,0,37,39,21,97,12,13,25,122
08/12/2010,AGS,GA,ASO,ES,Combined TRACON& Tower with Radar,0,30,29,0,59,0,0,10,0,10,0,30,39,0,69,4,0,4,73
08/13/2010,AGS,GA,ASO,ES,Combined TRACON& Tower with Radar,0,34,13,0,47,0,0,8,1,9,0,34,21,1,56,36,0,36,92
08/14/2010,AGS,GA,ASO,ES,Combined TRACON& Tower with Radar,0,26,14,2,42,0,0,1,0,1,0,26,15,2,43,0,0,0,43
08/15/2010,AGS,GA,ASO,ES,Combined TRACON& Tower with Radar,0,30,16,0,46,0,0,0,0,0,0,30,16,0,46,6,0,6,52
08/16/2010,AGS,GA,ASO,ES,Combined TRACON& Tower with Radar,0,36,11,3,50,0,0,0,2,2,0,36,11,5,52,0,0,0,52
08/17/2010,AGS,GA,ASO,ES,Combined TRACON& Tower with Radar,0,34,32,1,67,0,0,11,2,13,0,34,43,3,80,18,0,18,98
08/18/2010,AGS,GA,ASO,ES,Combined TRACON& Tower with Radar,0,36,23,3,62,0,0,7,0,7,0,36,30,3,69,4,0,4,73
08/19/2010,AGS,GA,ASO,ES,Combined TRACON& Tower with Radar,0,34,24,5,63,0,0,2,0,2,0,34,26,5,65,26,0,26,91
08/20/2010,AGS,GA,ASO,ES,Combined TRACON& Tower with Radar,2,37,10,0,49,0,0,4,2,6,2,37,14,2,55,0,0,0,55
08/21/2010,AGS,GA,ASO,ES,Combined TRACON& Tower with Radar,2,25,6,2,35,0,0,1,0,1,2,25,7,2,36,0,0,0,36
08/22/2010,AGS,GA,ASO,ES,Combined TRACON& Tower with Radar,4,34,20,0,58,0,0,6,0,6,4,34,26,0,64,18,0,18,82
08/23/2010,AGS,GA,ASO,ES,Combined TRACON& Tower with Radar,0,32,20,3,55,0,0,7,0,7,0,32,27,3,62,8,0,8,70
08/24/2010,AGS,GA,ASO,ES,Combined TRACON& Tower with Radar,0,34,15,1,50,0,0,6,0,6,0,34,21,1,56,5,0,5,61
08/25/2010,AGS,GA,ASO,ES,Combined TRACON& Tower with Radar,2,34,12,4,52,0,0,5,2,7,2,34,17,6,59,0,0,0,59
08/26/2010,AGS,GA,ASO,ES,Combined TRACON& Tower with Radar,0,40,12,6,58,0,0,5,1,6,0,40,17,7,64,10,16,26,90
08/27/2010,AGS,GA,ASO,ES,Combined TRACON& Tower with Radar,0,33,17,0,50,0,0,1,0,1,0,33,18,0,51,2,0,2,53
08/28/2010,AGS,GA,ASO,ES,Combined TRACON& Tower with Radar,0,25,16,9,50,0,0,3,0,3,0,25,19,9,53,18,0,18,71
08/29/2010,AGS,GA,ASO,ES,Combined TRACON& Tower with Radar,0,32,7,1,40,0,0,6,0,6,0,32,13,1,46,38,0,38,84
08/30/2010,AGS,GA,ASO,ES,Combined TRACON& Tower with Radar,0,34,30,3,67,0,0,2,0,2,0,34,32,3,69,6,0,6,75
08/31/2010,AGS,GA,ASO,ES,Combined TRACON& Tower with Radar,0,36,30,2,68,0,0,18,0,18,0,36,48,2,86,30,0,30,116
09/01/2010,AGS,GA,ASO,ES,Combined TRACON& Tower with Radar,0,32,23,2,57,0,0,16,0,16,0,32,39,2,73,8,0,8,81
09/02/2010,AGS,GA,ASO,ES,Combined TRACON& Tower with Radar,0,34,23,2,59,0,0,7,0,7,0,34,30,2,66,2,0,2,68
09/03/2010,AGS,GA,ASO,ES,Combined TRACON& Tower with Radar,0,34,22,0,56,0,0,10,0,10,0,34,32,0,66,14,0,14,80
09/04/2010,AGS,GA,ASO,ES,Combined TRACON& Tower with Radar,0,21,6,2,29,0,0,9,0,9,0,21,15,2,38,6,0,6,44
09/05/2010,AGS,GA,ASO,ES,Combined TRACON& Tower with Radar,0,21,4,0,25,0,0,2,0,2,0,21,6,0,27,0,0,0,27
09/06/2010,AGS,GA,ASO,ES,Combined TRACON& Tower with Radar,0,35,16,2,53,0,0,13,0,13,0,35,29,2,66,42,0,42,108
09/07/2010,AGS,GA,ASO,ES,Combined TRACON& Tower with Radar,0,35,10,3,48,0,0,3,5,8,0,35,13,8,56,14,10,24,80
09/08/2010,AGS,GA,ASO,ES,Combined TRACON& Tower with Radar,0,36,21,9,66,0,0,5,1,6,0,36,26,10,72,32,47,79,151
09/09/2010,AGS,GA,ASO,ES,Combined TRACON& Tower with Radar,0,35,13,0,48,0,0,7,0,7,0,35,20,0,55,2,0,2,57
09/10/2010,AGS,GA,ASO,ES,Combined TRACON& Tower with Radar,0,36,15,2,53,0,1,6,0,7,0,37,21,2,60,6,4,10,70
09/11/2010,AGS,GA,ASO,ES,Combined TRACON& Tower with Radar,2,24,3,10,39,0,0,5,0,5,2,24,8,10,44,2,2,4,48
09/12/2010,AGS,GA,ASO,ES,Combined TRACON& Tower with Radar,0,30,14,10,54,0,0,5,0,5,0,30,19,10,59,16,4,20,79
09/13/2010,AGS,GA,ASO,ES,Combined TRACON& Tower with Radar,0,34,16,6,56,0,0,4,0,4,0,34,20,6,60,23,0,23,83
09/14/2010,AGS,GA,ASO,ES,Combined TRACON& Tower with Radar,0,34,25,0,59,0,0,12,0,12,0,34,37,0,71,16,0,16,87
09/15/2010,AGS,GA,ASO,ES,Combined TRACON& Tower with Radar,0,34,29,0,63,0,0,10,0,10,0,34,39,0,73,4,0,4,77
09/16/2010,AGS,GA,ASO,ES,Combined TRACON& Tower with Radar,0,35,14,14,63,0,0,16,0,16,0,35,30,14,79,11,18,29,108
09/17/2010,AGS,GA,ASO,ES,Combined TRACON& Tower with Radar,2,36,14,15,67,0,0,14,0,14,2,36,28,15,81,22,10,32,113
09/18/2010,AGS,GA,ASO,ES,Combined TRACON& Tower with Radar,0,26,13,6,45,0,0,19,0,19,0,26,32,6,64,14,4,18,82
09/19/2010,AGS,GA,ASO,ES,Combined TRACON& Tower with Radar,2,31,10,2,45,0,0,8,0,8,2,31,18,2,53,14,0,14,67
09/20/2010,AGS,GA,ASO,ES,Combined TRACON& Tower with Radar,0,34,15,5,54,0,0,5,0,5,0,34,20,5,59,18,0,18,77
09/21/2010,AGS,GA,ASO,ES,Combined TRACON& Tower with Radar,0,34,13,3,50,0,0,11,0,11,0,34,24,3,61,11,0,11,72
09/22/2010,AGS,GA,ASO,ES,Combined TRACON& Tower with Radar,2,38,27,8,75,0,0,8,1,9,2,38,35,9,84,4,6,10,94
09/23/2010,AGS,GA,ASO,ES,Combined TRACON& Tower with Radar,0,34,15,11,60,0,0,3,2,5,0,34,18,13,65,0,2,2,67
09/24/2010,AGS,GA,ASO,ES,Combined TRACON& Tower with Radar,2,35,26,11,74,0,0,4,3,7,2,35,30,14,81,0,16,16,97
09/25/2010,AGS,GA,ASO,ES,Combined TRACON& Tower with Radar,0,31,7,2,40,0,0,7,0,7,0,31,14,2,47,0,0,0,47
09/26/2010,AGS,GA,ASO,ES,Combined TRACON& Tower with Radar,2,28,12,0,42,0,0,0,0,0,2,28,12,0,42,4,0,4,46
09/27/2010,AGS,GA,ASO,ES,Combined TRACON& Tower with Radar,6,31,11,1,49,0,0,0,0,0,6,31,11,1,49,0,0,0,49
09/28/2010,AGS,GA,ASO,ES,Combined TRACON& Tower with Radar,0,36,17,4,57,0,0,8,0,8,0,36,25,4,65,0,0,0,65
09/29/2010,AGS,GA,ASO,ES,Combined TRACON& Tower with Radar,0,36,13,2,51,0,0,0,0,0,0,36,13,2,51,14,2,16,67
09/30/2010,AGS,GA,ASO,ES,Combined TRACON& Tower with Radar,0,34,35,2,71,0,0,1,0,1,0,34,36,2,72,6,0,6,78
10/01/2010,AGS,GA,ASO,ES,Combined TRACON& Tower with Radar,0,34,21,4,59,0,0,1,0,1,0,34,22,4,60,0,0,0,60
10/02/2010,AGS,GA,ASO,ES,Combined TRACON& Tower with Radar,0,27,9,2,38,0,0,10,0,10,0,27,19,2,48,0,0,0,48
10/03/2010,AGS,GA,ASO,ES,Combined TRACON& Tower with Radar,0,32,6,0,38,0,0,4,0,4,0,32,10,0,42,10,0,10,52
10/04/2010,AGS,GA,ASO,ES,Combined TRACON& Tower with Radar,0,35,16,2,53,0,0,3,0,3,0,35,19,2,56,13,0,13,69
10/05/2010,AGS,GA,ASO,ES,Combined TRACON& Tower with Radar,0,34,23,0,57,0,0,12,0,12,0,34,35,0,69,22,0,22,91
10/06/2010,AGS,GA,ASO,ES,Combined TRACON& Tower with Radar,0,35,17,14,66,0,0,16,2,18,0,35,33,16,84,28,10,38,122
10/07/2010,AGS,GA,ASO,ES,Combined TRACON& Tower with Radar,0,32,16,6,54,0,0,9,0,9,0,32,25,6,63,32,10,42,105
10/08/2010,AGS,GA,ASO,ES,Combined TRACON& Tower with Radar,0,35,25,4,64,0,0,12,0,12,0,35,37,4,76,18,4,22,98
10/09/2010,AGS,GA,ASO,ES,Combined TRACON& Tower with Radar,0,25,17,2,44,0,0,21,0,21,0,25,38,2,65,5,0,5,70
10/10/2010,AGS,GA,ASO,ES,Combined TRACON& Tower with Radar,0,34,7,0,41,0,0,8,0,8,0,34,15,0,49,12,0,12,61
10/11/2010,AGS,GA,ASO,ES,Combined TRACON& Tower with Radar,0,34,20,2,56,0,0,6,0,6,0,34,26,2,62,21,0,21,83
10/12/2010,AGS,GA,ASO,ES,Combined TRACON& Tower with Radar,0,34,28,1,63,0,0,7,1,8,0,34,35,2,71,1,0,1,72
10/13/2010,AGS,GA,ASO,ES,Combined TRACON& Tower with Radar,0,38,31,0,69,0,0,8,0,8,0,38,39,0,77,20,0,20,97
10/14/2010,AGS,GA,ASO,ES,Combined TRACON& Tower with Radar,0,46,34,0,80,0,1,8,0,9,0,47,42,0,89,0,0,0,89
10/15/2010,AGS,GA,ASO,ES,Combined TRACON& Tower with Radar,2,44,29,0,75,0,0,9,0,9,2,44,38,0,84,6,0,6,90
10/16/2010,AGS,GA,ASO,ES,Combined TRACON& Tower with Radar,0,27,18,2,47,0,0,8,0,8,0,27,26,2,55,12,0,12,67
10/17/2010,AGS,GA,ASO,ES,Combined TRACON& Tower with Radar,2,40,9,0,51,0,0,5,2,7,2,40,14,2,58,3,0,3,61
10/18/2010,AGS,GA,ASO,ES,Combined TRACON& Tower with Radar,0,36,39,1,76,0,0,12,4,16,0,36,51,5,92,16,0,16,108
10/19/2010,AGS,GA,ASO,ES,Combined TRACON& Tower with Radar,0,43,17,1,61,0,0,8,0,8,0,43,25,1,69,0,0,0,69
10/20/2010,AGS,GA,ASO,ES,Combined TRACON& Tower with Radar,0,42,35,1,78,0,0,7,0,7,0,42,42,1,85,16,0,16,101
10/21/2010,AGS,GA,ASO,ES,Combined TRACON& Tower with Radar,0,43,25,4,72,0,0,16,4,20,0,43,41,8,92,4,0,4,96
10/22/2010,AGS,GA,ASO,ES,Combined TRACON& Tower with Radar,0,29,25,1,55,0,0,10,4,14,0,29,35,5,69,5,0,5,74
10/23/2010,AGS,GA,ASO,ES,Combined TRACON& Tower with Radar,0,25,4,2,31,0,0,8,0,8,0,25,12,2,39,12,0,12,51
10/24/2010,AGS,GA,ASO,ES,Combined TRACON& Tower with Radar,0,41,12,2,55,0,0,3,0,3,0,41,15,2,58,0,0,0,58
10/25/2010,AGS,GA,ASO,ES,Combined TRACON& Tower with Radar,4,41,19,2,66,0,0,3,0,3,4,41,22,2,69,38,0,38,107
10/26/2010,AGS,GA,ASO,ES,Combined TRACON& Tower with Radar,0,38,24,2,64,0,0,2,2,4,0,38,26,4,68,0,0,0,68
10/27/2010,AGS,GA,ASO,ES,Combined TRACON& Tower with Radar,9,30,25,4,68,0,0,0,0,0,9,30,25,4,68,0,0,0,68
10/28/2010,AGS,GA,ASO,ES,Combined TRACON& Tower with Radar,1,45,29,4,79,0,0,3,0,3,1,45,32,4,82,40,0,40,122
10/29/2010,AGS,GA,ASO,ES,Combined TRACON& Tower with Radar,0,42,39,2,83,0,0,8,0,8,0,42,47,2,91,8,5,13,104
10/30/2010,AGS,GA,ASO,ES,Combined TRACON& Tower with Radar,0,34,21,2,57,0,0,9,2,11,0,34,30,4,68,7,0,7,75
10/31/2010,AGS,GA,ASO,ES,Combined TRACON& Tower with Radar,0,34,12,2,48,0,0,2,0,2,0,34,14,2,50,0,0,0,50
11/01/2010,AGS,GA,ASO,ES,Combined TRACON& Tower with Radar,0,36,34,6,76,0,0,9,0,9,0,36,43,6,85,11,0,11,96
11/02/2010,AGS,GA,ASO,ES,Combined TRACON& Tower with Radar,0,41,25,5,71,0,0,2,5,7,0,41,27,10,78,0,0,0,78
11/03/2010,AGS,GA,ASO,ES,Combined TRACON& Tower with Radar,0,47,41,13,101,0,0,1,1,2,0,47,42,14,103,0,21,21,124
11/04/2010,AGS,GA,ASO,ES,Combined TRACON& Tower with Radar,0,48,50,0,98,0,0,1,0,1,0,48,51,0,99,2,0,2,101
11/05/2010,AGS,GA,ASO,ES,Combined TRACON& Tower with Radar,0,53,34,0,87,0,0,5,0,5,0,53,39,0,92,0,0,0,92
11/06/2010,AGS,GA,ASO,ES,Combined TRACON& Tower with Radar,0,30,25,12,67,0,0,8,0,8,0,30,33,12,75,3,10,13,88
11/07/2010,AGS,GA,ASO,ES,Combined TRACON& Tower with Radar,0,42,17,0,59,0,0,7,0,7,0,42,24,0,66,14,0,14,80
11/08/2010,AGS,GA,ASO,ES,Combined TRACON& Tower with Radar,2,44,25,2,73,0,0,7,0,7,2,44,32,2,80,24,0,24,104
11/09/2010,AGS,GA,ASO,ES,Combined TRACON& Tower with Radar,0,42,27,4,73,0,0,14,0,14,0,42,41,4,87,6,0,6,93
11/10/2010,AGS,GA,ASO,ES,Combined TRACON& Tower with Radar,0,43,31,3,77,0,0,12,7,19,0,43,43,10,96,10,0,10,106
11/11/2010,AGS,GA,ASO,ES,Combined TRACON& Tower with Radar,2,36,26,0,64,0,0,16,0,16,2,36,42,0,80,14,0,14,94
11/12/2010,AGS,GA,ASO,ES,Combined TRACON& Tower with Radar,2,39,31,0,72,0,0,15,0,15,2,39,46,0,87,12,0,12,99
11/13/2010,AGS,GA,ASO,ES,Combined TRACON& Tower with Radar,0,28,13,4,45,0,0,13,0,13,0,28,26,4,58,16,0,16,74
11/14/2010,AGS,GA,ASO,ES,Combined TRACON& Tower with Radar,2,35,15,0,52,0,0,9,0,9,2,35,24,0,61,6,0,6,67
11/15/2010,AGS,GA,ASO,ES,Combined TRACON& Tower with Radar,0,40,31,3,74,0,0,5,2,7,0,40,36,5,81,0,0,0,81
11/16/2010,AGS,GA,ASO,ES,Combined TRACON& Tower with Radar,0,39,22,1,62,0,0,0,0,0,0,39,22,1,62,0,0,0,62
11/17/2010,AGS,GA,ASO,ES,Combined TRACON& Tower with Radar,0,38,24,4,66,0,0,11,0,11,0,38,35,4,77,2,0,2,79
11/18/2010,AGS,GA,ASO,ES,Combined TRACON& Tower with Radar,0,42,32,4,78,0,0,11,3,14,0,42,43,7,92,30,34,64,156
11/19/2010,AGS,GA,ASO,ES,Combined TRACON& Tower with Radar,0,46,29,3,78,0,2,7,2,11,0,48,36,5,89,8,2,10,99
11/20/2010,AGS,GA,ASO,ES,Combined TRACON& Tower with Radar,0,27,8,2,37,0,1,9,1,11,0,28,17,3,48,38,0,38,86
11/21/2010,AGS,GA,ASO,ES,Combined TRACON& Tower with Radar,0,39,8,2,49,0,3,13,0,16,0,42,21,2,65,26,0,26,91
11/22/2010,AGS,GA,ASO,ES,Combined TRACON& Tower with Radar,0,37,28,3,68,0,0,5,3,8,0,37,33,6,76,2,0,2,78
11/23/2010,AGS,GA,ASO,ES,Combined TRACON& Tower with Radar,0,40,14,2,56,0,0,2,0,2,0,40,16,2,58,20,0,20,78
11/24/2010,AGS,GA,ASO,ES,Combined TRACON& Tower with Radar,0,43,28,2,73,0,0,12,0,12,0,43,40,2,85,12,0,12,97
11/25/2010,AGS,GA,ASO,ES,Combined TRACON& Tower with Radar,0,22,3,0,25,0,0,2,0,2,0,22,5,0,27,0,0,0,27
11/26/2010,AGS,GA,ASO,ES,Combined TRACON& Tower with Radar,0,33,6,0,39,0,0,4,0,4,0,33,10,0,43,0,0,0,43
11/27/2010,AGS,GA,ASO,ES,Combined TRACON& Tower with Radar,0,35,11,0,46,0,0,6,0,6,0,35,17,0,52,4,0,4,56
11/28/2010,AGS,GA,ASO,ES,Combined TRACON& Tower with Radar,0,39,30,1,70,0,0,8,0,8,0,39,38,1,78,9,0,9,87
11/29/2010,AGS,GA,ASO,ES,Combined TRACON& Tower with Radar,0,39,20,5,64,0,0,1,0,1,0,39,21,5,65,0,6,6,71
11/30/2010,AGS,GA,ASO,ES,Combined TRACON& Tower with Radar,11,40,26,0,77,0,0,0,0,0,11,40,26,0,77,0,2,2,79
12/01/2010,AGS,GA,ASO,ES,Combined TRACON& Tower with Radar,0,39,32,3,74,0,0,10,1,11,0,39,42,4,85,0,0,0,85
12/02/2010,AGS,GA,ASO,ES,Combined TRACON& Tower with Radar,0,49,19,0,68,0,0,14,0,14,0,49,33,0,82,35,0,35,117
12/03/2010,AGS,GA,ASO,ES,Combined TRACON& Tower with Radar,0,38,30,0,68,0,0,8,1,9,0,38,38,1,77,0,20,20,97
12/04/2010,AGS,GA,ASO,ES,Combined TRACON& Tower with Radar,0,29,14,2,45,0,0,11,0,11,0,29,25,2,56,26,0,26,82
12/05/2010,AGS,GA,ASO,ES,Combined TRACON& Tower with Radar,0,36,15,0,51,0,0,1,0,1,0,36,16,0,52,17,0,17,69
12/06/2010,AGS,GA,ASO,ES,Combined TRACON& Tower with Radar,1,42,20,2,65,0,0,5,0,5,1,42,25,2,70,18,0,18,88
12/07/2010,AGS,GA,ASO,ES,Combined TRACON& Tower with Radar,0,36,22,1,59,0,0,10,5,15,0,36,32,6,74,0,16,16,90
12/08/2010,AGS,GA,ASO,ES,Combined TRACON& Tower with Radar,0,37,18,0,55,0,0,6,0,6,0,37,24,0,61,8,0,8,69
12/09/2010,AGS,GA,ASO,ES,Combined TRACON& Tower with Radar,0,40,24,0,64,0,0,7,0,7,0,40,31,0,71,2,0,2,73
12/10/2010,AGS,GA,ASO,ES,Combined TRACON& Tower with Radar,0,39,21,2,62,0,0,1,0,1,0,39,22,2,63,0,4,4,67
12/11/2010,AGS,GA,ASO,ES,Combined TRACON& Tower with Radar,0,26,19,4,49,0,0,5,0,5,0,26,24,4,54,18,0,18,72
12/12/2010,AGS,GA,ASO,ES,Combined TRACON& Tower with Radar,0,30,9,0,39,0,0,2,0,2,0,30,11,0,41,0,0,0,41
12/13/2010,AGS,GA,ASO,ES,Combined TRACON& Tower with Radar,0,37,15,1,53,0,1,4,0,5,0,38,19,1,58,0,0,0,58
12/14/2010,AGS,GA,ASO,ES,Combined TRACON& Tower with Radar,0,34,16,3,53,0,0,13,0,13,0,34,29,3,66,29,4,33,99
12/15/2010,AGS,GA,ASO,ES,Combined TRACON& Tower with Radar,0,36,23,8,67,0,0,8,7,15,0,36,31,15,82,0,8,8,90
12/16/2010,AGS,GA,ASO,ES,Combined TRACON& Tower with Radar,0,34,32,3,69,0,0,3,2,5,0,34,35,5,74,0,4,4,78
12/17/2010,AGS,GA,ASO,ES,Combined TRACON& Tower with Radar,1,34,31,0,66,0,0,8,0,8,1,34,39,0,74,2,0,2,76
12/18/2010,AGS,GA,ASO,ES,Combined TRACON& Tower with Radar,0,29,6,2,37,0,0,0,0,0,0,29,6,2,37,0,0,0,37
12/19/2010,AGS,GA,ASO,ES,Combined TRACON& Tower with Radar,0,34,26,0,60,0,0,9,0,9,0,34,35,0,69,41,0,41,110
12/20/2010,AGS,GA,ASO,ES,Combined TRACON& Tower with Radar,0,31,27,2,60,0,0,14,0,14,0,31,41,2,74,18,0,18,92
12/21/2010,AGS,GA,ASO,ES,Combined TRACON& Tower with Radar,0,31,22,3,56,0,0,7,0,7,0,31,29,3,63,16,10,26,89
12/22/2010,AGS,GA,ASO,ES,Combined TRACON& Tower with Radar,0,35,24,0,59,0,0,5,0,5,0,35,29,0,64,8,0,8,72
12/23/2010,AGS,GA,ASO,ES,Combined TRACON& Tower with Radar,0,29,16,0,45,0,0,11,0,11,0,29,27,0,56,20,0,20,76
12/24/2010,AGS,GA,ASO,ES,Combined TRACON& Tower with Radar,0,23,4,0,27,0,0,9,0,9,0,23,13,0,36,0,0,0,36
12/25/2010,AGS,GA,ASO,ES,Combined TRACON& Tower with Radar,0,19,3,2,24,0,0,4,0,4,0,19,7,2,28,0,0,0,28
12/26/2010,AGS,GA,ASO,ES,Combined TRACON& Tower with Radar,0,26,3,0,29,0,0,0,0,0,0,26,3,0,29,0,0,0,29
12/27/2010,AGS,GA,ASO,ES,Combined TRACON& Tower with Radar,0,28,10,0,38,0,0,8,0,8,0,28,18,0,46,9,0,9,55
12/28/2010,AGS,GA,ASO,ES,Combined TRACON& Tower with Radar,0,32,25,0,57,0,0,5,0,5,0,32,30,0,62,4,0,4,66
12/29/2010,AGS,GA,ASO,ES,Combined TRACON& Tower with Radar,0,31,11,0,42,0,0,14,0,14,0,31,25,0,56,12,0,12,68
12/30/2010,AGS,GA,ASO,ES,Combined TRACON& Tower with Radar,0,32,13,2,47,0,0,11,0,11,0,32,24,2,58,1,0,1,59
12/31/2010,AGS,GA,ASO,ES,Combined TRACON& Tower with Radar,0,28,15,0,43,0,0,9,0,9,0,28,24,0,52,26,0,26,78
01/01/2011,AGS,GA,ASO,ES,Combined TRACON& Tower with Radar,0,29,2,1,32,0,0,2,0,2,0,29,4,1,34,0,0,0,34
01/02/2011,AGS,GA,ASO,ES,Combined TRACON& Tower with Radar,0,29,17,2,48,0,0,2,0,2,0,29,19,2,50,6,0,6,56
01/03/2011,AGS,GA,ASO,ES,Combined TRACON& Tower with Radar,0,29,14,0,43,0,0,12,0,12,0,29,26,0,55,43,0,43,98
01/04/2011,AGS,GA,ASO,ES,Combined TRACON& Tower with Radar,0,34,28,6,68,0,1,13,1,15,0,35,41,7,83,6,6,12,95
01/05/2011,AGS,GA,ASO,ES,Combined TRACON& Tower with Radar,0,34,15,2,51,0,0,4,1,5,0,34,19,3,56,0,0,0,56
01/06/2011,AGS,GA,ASO,ES,Combined TRACON& Tower with Radar,0,33,30,15,78,0,0,2,0,2,0,33,32,15,80,0,0,0,80
01/07/2011,AGS,GA,ASO,ES,Combined TRACON& Tower with Radar,0,34,18,5,57,0,0,5,0,5,0,34,23,5,62,0,0,0,62
01/08/2011,AGS,GA,ASO,ES,Combined TRACON& Tower with Radar,0,25,14,0,39,0,0,4,4,8,0,25,18,4,47,0,0,0,47
01/09/2011,AGS,GA,ASO,ES,Combined TRACON& Tower with Radar,0,31,12,0,43,0,0,9,0,9,0,31,21,0,52,0,0,0,52
01/10/2011,AGS,GA,ASO,ES,Combined TRACON& Tower with Radar,0,0,0,0,0,0,0,0,0,0,0,0,0,0,0,0,0,0,0
01/11/2011,AGS,GA,ASO,ES,Combined TRACON& Tower with Radar,0,14,10,2,26,0,0,0,0,0,0,14,10,2,26,0,0,0,26
01/12/2011,AGS,GA,ASO,ES,Combined TRACON& Tower with Radar,0,28,13,0,41,0,0,5,4,9,0,28,18,4,50,0,0,0,50
01/13/2011,AGS,GA,ASO,ES,Combined TRACON& Tower with Radar,2,35,11,0,48,0,0,4,1,5,2,35,15,1,53,4,0,4,57
01/14/2011,AGS,GA,ASO,ES,Combined TRACON& Tower with Radar,0,37,22,0,59,0,0,13,1,14,0,37,35,1,73,27,0,27,100
01/15/2011,AGS,GA,ASO,ES,Combined TRACON& Tower with Radar,0,25,19,2,46,0,0,18,0,18,0,25,37,2,64,24,0,24,88
01/16/2011,AGS,GA,ASO,ES,Combined TRACON& Tower with Radar,2,32,14,0,48,0,0,11,1,12,2,32,25,1,60,36,0,36,96
01/17/2011,AGS,GA,ASO,ES,Combined TRACON& Tower with Radar,0,40,42,17,99,0,0,16,0,16,0,40,58,17,115,24,8,32,147
01/18/2011,AGS,GA,ASO,ES,Combined TRACON& Tower with Radar,0,33,14,4,51,0,0,0,0,0,0,33,14,4,51,0,0,0,51
01/19/2011,AGS,GA,ASO,ES,Combined TRACON& Tower with Radar,0,36,22,1,59,0,0,5,2,7,0,36,27,3,66,0,0,0,66
01/20/2011,AGS,GA,ASO,ES,Combined TRACON& Tower with Radar,0,38,21,8,67,0,0,3,0,3,0,38,24,8,70,24,0,24,94
01/21/2011,AGS,GA,ASO,ES,Combined TRACON& Tower with Radar,2,34,25,1,62,0,0,7,2,9,2,34,32,3,71,18,0,18,89
01/22/2011,AGS,GA,ASO,ES,Combined TRACON& Tower with Radar,0,23,8,8,39,0,0,3,2,5,0,23,11,10,44,4,1,5,49
01/23/2011,AGS,GA,ASO,ES,Combined TRACON& Tower with Radar,2,31,8,0,41,0,0,8,0,8,2,31,16,0,49,29,0,29,78
01/24/2011,AGS,GA,ASO,ES,Combined TRACON& Tower with Radar,0,30,19,5,54,0,0,18,1,19,0,30,37,6,73,1,7,8,81
01/25/2011,AGS,GA,ASO,ES,Combined TRACON& Tower with Radar,0,35,7,0,42,0,0,0,0,0,0,35,7,0,42,0,0,0,42
01/26/2011,AGS,GA,ASO,ES,Combined TRACON& Tower with Radar,0,31,15,2,48,0,0,1,0,1,0,31,16,2,49,0,0,0,49
01/27/2011,AGS,GA,ASO,ES,Combined TRACON& Tower with Radar,0,37,23,0,60,0,0,13,0,13,0,37,36,0,73,31,0,31,104
01/28/2011,AGS,GA,ASO,ES,Combined TRACON& Tower with Radar,0,34,17,4,55,0,0,11,0,11,0,34,28,4,66,0,0,0,66
01/29/2011,AGS,GA,ASO,ES,Combined TRACON& Tower with Radar,0,29,10,0,39,0,0,33,0,33,0,29,43,0,72,0,0,0,72
01/30/2011,AGS,GA,ASO,ES,Combined TRACON& Tower with Radar,0,31,25,0,56,0,0,19,0,19,0,31,44,0,75,38,0,38,113
01/31/2011,AGS,GA,ASO,ES,Combined TRACON& Tower with Radar,0,33,10,0,43,0,0,0,0,0,0,33,10,0,43,0,0,0,43
02/01/2011,AGS,GA,ASO,ES,Combined TRACON& Tower with Radar,3,35,12,4,54,0,0,0,0,0,3,35,12,4,54,0,0,0,54
02/02/2011,AGS,GA,ASO,ES,Combined TRACON& Tower with Radar,1,33,15,6,55,0,0,5,2,7,1,33,20,8,62,4,0,4,66
02/03/2011,AGS,GA,ASO,ES,Combined TRACON& Tower with Radar,0,33,17,12,62,0,0,5,4,9,0,33,22,16,71,18,0,18,89
02/04/2011,AGS,GA,ASO,ES,Combined TRACON& Tower with Radar,0,32,23,0,55,0,0,0,0,0,0,32,23,0,55,0,0,0,55
02/05/2011,AGS,GA,ASO,ES,Combined TRACON& Tower with Radar,0,28,13,2,43,0,0,0,0,0,0,28,13,2,43,0,0,0,43
02/06/2011,AGS,GA,ASO,ES,Combined TRACON& Tower with Radar,0,33,18,0,51,0,0,17,0,17,0,33,35,0,68,12,0,12,80
02/07/2011,AGS,GA,ASO,ES,Combined TRACON& Tower with Radar,1,37,19,1,58,0,0,2,1,3,1,37,21,2,61,0,0,0,61
02/08/2011,AGS,GA,ASO,ES,Combined TRACON& Tower with Radar,0,31,30,0,61,0,0,15,0,15,0,31,45,0,76,6,0,6,82
02/09/2011,AGS,GA,ASO,ES,Combined TRACON& Tower with Radar,0,36,23,2,61,0,0,31,0,31,0,36,54,2,92,0,0,0,92
02/10/2011,AGS,GA,ASO,ES,Combined TRACON& Tower with Radar,0,34,24,0,58,0,0,1,0,1,0,34,25,0,59,0,0,0,59
02/11/2011,AGS,GA,ASO,ES,Combined TRACON& Tower with Radar,0,33,20,16,69,0,0,7,0,7,0,33,27,16,76,0,12,12,88
02/12/2011,AGS,GA,ASO,ES,Combined TRACON& Tower with Radar,0,25,16,6,47,0,0,20,0,20,0,25,36,6,67,20,0,20,87
02/13/2011,AGS,GA,ASO,ES,Combined TRACON& Tower with Radar,0,36,17,0,53,0,0,22,0,22,0,36,39,0,75,10,0,10,85
02/14/2011,AGS,GA,ASO,ES,Combined TRACON& Tower with Radar,0,40,14,8,62,0,0,16,2,18,0,40,30,10,80,8,4,12,92
02/15/2011,AGS,GA,ASO,ES,Combined TRACON& Tower with Radar,0,45,33,2,80,0,0,31,0,31,0,45,64,2,111,36,0,36,147
02/16/2011,AGS,GA,ASO,ES,Combined TRACON& Tower with Radar,0,42,33,4,79,0,0,15,0,15,0,42,48,4,94,10,0,10,104
02/17/2011,AGS,GA,ASO,ES,Combined TRACON& Tower with Radar,0,50,39,2,91,0,0,18,1,19,0,50,57,3,110,0,0,0,110
02/18/2011,AGS,GA,ASO,ES,Combined TRACON& Tower with Radar,0,41,37,1,79,0,0,11,0,11,0,41,48,1,90,14,0,14,104
02/19/2011,AGS,GA,ASO,ES,Combined TRACON& Tower with Radar,0,26,14,2,42,0,0,25,0,25,0,26,39,2,67,4,0,4,71
02/20/2011,AGS,GA,ASO,ES,Combined TRACON& Tower with Radar,0,30,18,1,49,0,0,19,0,19,0,30,37,1,68,15,0,15,83
02/21/2011,AGS,GA,ASO,ES,Combined TRACON& Tower with Radar,2,44,19,0,65,0,1,16,0,17,2,45,35,0,82,8,0,8,90
02/22/2011,AGS,GA,ASO,ES,Combined TRACON& Tower with Radar,0,39,33,4,76,0,0,11,1,12,0,39,44,5,88,22,2,24,112
02/23/2011,AGS,GA,ASO,ES,Combined TRACON& Tower with Radar,0,46,25,5,76,0,0,22,0,22,0,46,47,5,98,16,0,16,114
02/24/2011,AGS,GA,ASO,ES,Combined TRACON& Tower with Radar,2,33,44,2,81,0,0,10,1,11,2,33,54,3,92,14,12,26,118
02/25/2011,AGS,GA,ASO,ES,Combined TRACON& Tower with Radar,2,39,25,1,67,0,0,10,0,10,2,39,35,1,77,12,0,12,89
02/26/2011,AGS,GA,ASO,ES,Combined TRACON& Tower with Radar,0,26,26,0,52,0,0,28,0,28,0,26,54,0,80,28,0,28,108
02/27/2011,AGS,GA,ASO,ES,Combined TRACON& Tower with Radar,2,35,23,0,60,0,0,14,0,14,2,35,37,0,74,17,0,17,91
02/28/2011,AGS,GA,ASO,ES,Combined TRACON& Tower with Radar,0,31,20,9,60,0,0,10,2,12,0,31,30,11,72,12,6,18,90
03/01/2011,AGS,GA,ASO,ES,Combined TRACON& Tower with Radar,0,39,27,2,68,0,0,12,3,15,0,39,39,5,83,6,0,6,89
03/02/2011,AGS,GA,ASO,ES,Combined TRACON& Tower with Radar,0,37,35,6,78,0,0,10,1,11,0,37,45,7,89,8,3,11,100
03/03/2011,AGS,GA,ASO,ES,Combined TRACON& Tower with Radar,0,45,25,0,70,0,0,15,0,15,0,45,40,0,85,14,0,14,99
03/04/2011,AGS,GA,ASO,ES,Combined TRACON& Tower with Radar,0,44,43,7,94,0,0,14,0,14,0,44,57,7,108,45,8,53,161
03/05/2011,AGS,GA,ASO,ES,Combined TRACON& Tower with Radar,0,31,21,0,52,0,0,0,0,0,0,31,21,0,52,6,0,6,58
03/06/2011,AGS,GA,ASO,ES,Combined TRACON& Tower with Radar,0,37,15,2,54,0,0,2,0,2,0,37,17,2,56,0,0,0,56
03/07/2011,AGS,GA,ASO,ES,Combined TRACON& Tower with Radar,0,42,31,4,77,0,0,22,0,22,0,42,53,4,99,7,4,11,110
03/08/2011,AGS,GA,ASO,ES,Combined TRACON& Tower with Radar,0,39,31,2,72,0,0,10,2,12,0,39,41,4,84,6,0,6,90
03/09/2011,AGS,GA,ASO,ES,Combined TRACON& Tower with Radar,0,39,23,0,62,0,0,0,0,0,0,39,23,0,62,0,0,0,62
03/10/2011,AGS,GA,ASO,ES,Combined TRACON& Tower with Radar,0,42,41,2,85,0,0,1,0,1,0,42,42,2,86,4,2,6,92
03/11/2011,AGS,GA,ASO,ES,Combined TRACON& Tower with Radar,0,42,12,4,58,0,0,11,1,12,0,42,23,5,70,4,0,4,74
03/12/2011,AGS,GA,ASO,ES,Combined TRACON& Tower with Radar,0,27,17,0,44,0,0,14,0,14,0,27,31,0,58,0,0,0,58
03/13/2011,AGS,GA,ASO,ES,Combined TRACON& Tower with Radar,0,31,16,2,49,0,0,13,0,13,0,31,29,2,62,16,2,18,80
03/14/2011,AGS,GA,ASO,ES,Combined TRACON& Tower with Radar,0,43,22,4,69,0,0,8,0,8,0,43,30,4,77,9,0,9,86
03/15/2011,AGS,GA,ASO,ES,Combined TRACON& Tower with Radar,0,45,29,3,77,0,0,1,2,3,0,45,30,5,80,0,0,0,80
03/16/2011,AGS,GA,ASO,ES,Combined TRACON& Tower with Radar,0,49,37,2,88,0,0,2,1,3,0,49,39,3,91,8,0,8,99
03/17/2011,AGS,GA,ASO,ES,Combined TRACON& Tower with Radar,0,56,49,0,105,0,0,14,0,14,0,56,63,0,119,26,0,26,145
03/18/2011,AGS,GA,ASO,ES,Combined TRACON& Tower with Radar,0,43,39,0,82,0,0,4,0,4,0,43,43,0,86,14,0,14,100
03/19/2011,AGS,GA,ASO,ES,Combined TRACON& Tower with Radar,0,45,29,2,76,0,1,6,0,7,0,46,35,2,83,0,0,0,83
03/20/2011,AGS,GA,ASO,ES,Combined TRACON& Tower with Radar,0,41,19,0,60,0,0,3,0,3,0,41,22,0,63,26,0,26,89
03/21/2011,AGS,GA,ASO,ES,Combined TRACON& Tower with Radar,0,43,22,4,69,0,0,2,1,3,0,43,24,5,72,0,0,0,72
03/22/2011,AGS,GA,ASO,ES,Combined TRACON& Tower with Radar,0,46,25,4,75,0,1,21,1,23,0,47,46,5,98,21,0,21,119
03/23/2011,AGS,GA,ASO,ES,Combined TRACON& Tower with Radar,0,39,19,6,64,0,0,2,6,8,0,39,21,12,72,0,0,0,72
03/24/2011,AGS,GA,ASO,ES,Combined TRACON& Tower with Radar,0,49,31,8,88,0,0,6,6,12,0,49,37,14,100,0,9,9,109
03/25/2011,AGS,GA,ASO,ES,Combined TRACON& Tower with Radar,2,55,24,5,86,0,0,15,0,15,2,55,39,5,101,29,7,36,137
03/26/2011,AGS,GA,ASO,ES,Combined TRACON& Tower with Radar,0,32,8,2,42,0,0,4,2,6,0,32,12,4,48,13,0,13,61
03/27/2011,AGS,GA,ASO,ES,Combined TRACON& Tower with Radar,2,56,17,0,75,0,0,0,0,0,2,56,17,0,75,0,0,0,75
03/28/2011,AGS,GA,ASO,ES,Combined TRACON& Tower with Radar,0,45,18,0,63,0,0,0,0,0,0,45,18,0,63,0,0,0,63
03/29/2011,AGS,GA,ASO,ES,Combined TRACON& Tower with Radar,0,46,32,1,79,0,0,9,1,10,0,46,41,2,89,28,0,28,117
03/30/2011,AGS,GA,ASO,ES,Combined TRACON& Tower with Radar,0,37,13,2,52,0,0,0,0,0,0,37,13,2,52,0,0,0,52
03/31/2011,AGS,GA,ASO,ES,Combined TRACON& Tower with Radar,4,43,26,0,73,0,0,0,0,0,4,43,26,0,73,0,0,0,73
04/01/2011,AGS,GA,ASO,ES,Combined TRACON& Tower with Radar,4,44,25,3,76,0,0,16,1,17,4,44,41,4,93,1,0,1,94
04/02/2011,AGS,GA,ASO,ES,Combined TRACON& Tower with Radar,6,36,14,6,62,0,0,1,3,4,6,36,15,9,66,0,0,0,66
04/03/2011,AGS,GA,ASO,ES,Combined TRACON& Tower with Radar,27,58,58,0,143,0,0,24,0,24,27,58,82,0,167,9,0,9,176
04/04/2011,AGS,GA,ASO,ES,Combined TRACON& Tower with Radar,30,64,90,0,184,0,0,2,0,2,30,64,92,0,186,0,0,0,186
04/05/2011,AGS,GA,ASO,ES,Combined TRACON& Tower with Radar,33,63,141,0,237,0,0,5,0,5,33,63,146,0,242,0,0,0,242
04/06/2011,AGS,GA,ASO,ES,Combined TRACON& Tower with Radar,35,110,211,0,356,0,2,8,0,10,35,112,219,0,366,0,0,0,366
04/07/2011,AGS,GA,ASO,ES,Combined TRACON& Tower with Radar,34,97,197,0,328,0,2,14,0,16,34,99,211,0,344,0,0,0,344
04/08/2011,AGS,GA,ASO,ES,Combined TRACON& Tower with Radar,36,143,205,0,384,0,0,7,0,7,36,143,212,0,391,0,0,0,391
04/09/2011,AGS,GA,ASO,ES,Combined TRACON& Tower with Radar,29,92,124,0,245,0,1,5,0,6,29,93,129,0,251,0,0,0,251
04/10/2011,AGS,GA,ASO,ES,Combined TRACON& Tower with Radar,35,171,186,1,393,0,0,7,0,7,35,171,193,1,400,0,0,0,400
04/11/2011,AGS,GA,ASO,ES,Combined TRACON& Tower with Radar,35,74,75,2,186,0,0,5,0,5,35,74,80,2,191,2,0,2,193
04/12/2011,AGS,GA,ASO,ES,Combined TRACON& Tower with Radar,1,39,21,0,61,0,0,4,0,4,1,39,25,0,65,3,0,3,68
04/13/2011,AGS,GA,ASO,ES,Combined TRACON& Tower with Radar,0,41,17,1,59,0,0,17,3,20,0,41,34,4,79,27,0,27,106
04/14/2011,AGS,GA,ASO,ES,Combined TRACON& Tower with Radar,0,35,32,7,74,0,0,15,1,16,0,35,47,8,90,56,16,72,162
04/15/2011,AGS,GA,ASO,ES,Combined TRACON& Tower with Radar,2,30,11,0,43,0,0,7,1,8,2,30,18,1,51,6,0,6,57
04/16/2011,AGS,GA,ASO,ES,Combined TRACON& Tower with Radar,0,28,12,0,40,0,0,3,0,3,0,28,15,0,43,18,0,18,61
04/17/2011,AGS,GA,ASO,ES,Combined TRACON& Tower with Radar,0,48,14,4,66,0,0,5,0,5,0,48,19,4,71,13,0,13,84
04/18/2011,AGS,GA,ASO,ES,Combined TRACON& Tower with Radar,0,49,20,3,72,0,0,8,0,8,0,49,28,3,80,12,0,12,92
04/19/2011,AGS,GA,ASO,ES,Combined TRACON& Tower with Radar,2,55,22,5,84,0,0,10,0,10,2,55,32,5,94,12,0,12,106
04/20/2011,AGS,GA,ASO,ES,Combined TRACON& Tower with Radar,0,50,31,14,95,0,0,22,3,25,0,50,53,17,120,6,10,16,136
04/21/2011,AGS,GA,ASO,ES,Combined TRACON& Tower with Radar,0,38,21,2,61,0,0,2,0,2,0,38,23,2,63,18,4,22,85
04/22/2011,AGS,GA,ASO,ES,Combined TRACON& Tower with Radar,2,40,28,0,70,0,0,1,1,2,2,40,29,1,72,0,0,0,72
04/23/2011,AGS,GA,ASO,ES,Combined TRACON& Tower with Radar,0,30,21,0,51,0,0,9,1,10,0,30,30,1,61,22,0,22,83
04/24/2011,AGS,GA,ASO,ES,Combined TRACON& Tower with Radar,0,42,21,0,63,0,1,6,0,7,0,43,27,0,70,0,0,0,70
04/25/2011,AGS,GA,ASO,ES,Combined TRACON& Tower with Radar,2,39,39,0,80,0,0,15,2,17,2,39,54,2,97,4,0,4,101
04/26/2011,AGS,GA,ASO,ES,Combined TRACON& Tower with Radar,0,43,35,1,79,0,0,1,3,4,0,43,36,4,83,0,0,0,83
04/27/2011,AGS,GA,ASO,ES,Combined TRACON& Tower with Radar,4,47,31,2,84,0,0,2,1,3,4,47,33,3,87,0,0,0,87
04/28/2011,AGS,GA,ASO,ES,Combined TRACON& Tower with Radar,0,45,49,0,94,0,0,1,0,1,0,45,50,0,95,0,0,0,95
04/29/2011,AGS,GA,ASO,ES,Combined TRACON& Tower with Radar,3,49,31,6,89,0,0,7,4,11,3,49,38,10,100,8,0,8,108
04/30/2011,AGS,GA,ASO,ES,Combined TRACON& Tower with Radar,1,36,10,4,51,0,0,3,0,3,1,36,13,4,54,0,0,0,54
05/01/2011,AGS,GA,ASO,ES,Combined TRACON& Tower with Radar,3,45,18,0,66,0,0,1,0,1,3,45,19,0,67,0,0,0,67
05/02/2011,AGS,GA,ASO,ES,Combined TRACON& Tower with Radar,2,35,21,4,62,0,0,15,4,19,2,35,36,8,81,6,2,8,89
05/03/2011,AGS,GA,ASO,ES,Combined TRACON& Tower with Radar,4,42,21,7,74,0,0,6,1,7,4,42,27,8,81,10,0,10,91
05/04/2011,AGS,GA,ASO,ES,Combined TRACON& Tower with Radar,2,46,26,1,75,0,0,6,2,8,2,46,32,3,83,4,2,6,89
05/05/2011,AGS,GA,ASO,ES,Combined TRACON& Tower with Radar,2,44,49,17,112,0,1,10,1,12,2,45,59,18,124,16,14,30,154
05/06/2011,AGS,GA,ASO,ES,Combined TRACON& Tower with Radar,2,38,31,5,76,0,0,7,1,8,2,38,38,6,84,16,0,16,100
05/07/2011,AGS,GA,ASO,ES,Combined TRACON& Tower with Radar,2,31,18,2,53,0,0,6,0,6,2,31,24,2,59,8,0,8,67
05/08/2011,AGS,GA,ASO,ES,Combined TRACON& Tower with Radar,1,31,12,3,47,0,0,5,1,6,1,31,17,4,53,0,0,0,53
05/09/2011,AGS,GA,ASO,ES,Combined TRACON& Tower with Radar,2,42,46,2,92,0,0,8,2,10,2,42,54,4,102,14,0,14,116
05/10/2011,AGS,GA,ASO,ES,Combined TRACON& Tower with Radar,2,39,31,4,76,0,0,3,0,3,2,39,34,4,79,0,0,0,79
05/11/2011,AGS,GA,ASO,ES,Combined TRACON& Tower with Radar,2,38,30,18,88,0,0,3,3,6,2,38,33,21,94,19,13,32,126
05/12/2011,AGS,GA,ASO,ES,Combined TRACON& Tower with Radar,2,46,33,4,85,0,0,2,0,2,2,46,35,4,87,0,4,4,91
05/13/2011,AGS,GA,ASO,ES,Combined TRACON& Tower with Radar,2,50,34,0,86,0,0,3,0,3,2,50,37,0,89,6,0,6,95
05/14/2011,AGS,GA,ASO,ES,Combined TRACON& Tower with Radar,0,36,13,2,51,0,0,2,2,4,0,36,15,4,55,0,0,0,55
05/15/2011,AGS,GA,ASO,ES,Combined TRACON& Tower with Radar,2,34,32,0,68,0,0,11,0,11,2,34,43,0,79,9,0,9,88
05/16/2011,AGS,GA,ASO,ES,Combined TRACON& Tower with Radar,2,33,10,4,49,0,0,12,4,16,2,33,22,8,65,0,0,0,65
05/17/2011,AGS,GA,ASO,ES,Combined TRACON& Tower with Radar,2,32,30,1,65,0,0,2,0,2,2,32,32,1,67,0,0,0,67
05/18/2011,AGS,GA,ASO,ES,Combined TRACON& Tower with Radar,2,35,33,3,73,0,0,12,2,14,2,35,45,5,87,14,7,21,108
05/19/2011,AGS,GA,ASO,ES,Combined TRACON& Tower with Radar,2,38,31,1,72,0,0,6,2,8,2,38,37,3,80,38,0,38,118
05/20/2011,AGS,GA,ASO,ES,Combined TRACON& Tower with Radar,4,36,18,2,60,0,0,6,2,8,4,36,24,4,68,4,0,4,72
05/21/2011,AGS,GA,ASO,ES,Combined TRACON& Tower with Radar,0,31,11,2,44,0,0,13,0,13,0,31,24,2,57,28,0,28,85
05/22/2011,AGS,GA,ASO,ES,Combined TRACON& Tower with Radar,3,34,7,0,44,0,0,6,0,6,3,34,13,0,50,0,0,0,50
05/23/2011,AGS,GA,ASO,ES,Combined TRACON& Tower with Radar,1,28,21,2,52,0,0,11,2,13,1,28,32,4,65,16,0,16,81
05/24/2011,AGS,GA,ASO,ES,Combined TRACON& Tower with Radar,2,31,11,0,44,0,0,7,6,13,2,31,18,6,57,6,0,6,63
05/25/2011,AGS,GA,ASO,ES,Combined TRACON& Tower with Radar,1,33,10,6,50,0,0,5,4,9,1,33,15,10,59,21,13,34,93
05/26/2011,AGS,GA,ASO,ES,Combined TRACON& Tower with Radar,19,30,19,0,68,0,0,5,0,5,19,30,24,0,73,0,0,0,73
05/27/2011,AGS,GA,ASO,ES,Combined TRACON& Tower with Radar,3,40,14,0,57,0,0,1,0,1,3,40,15,0,58,0,0,0,58
05/28/2011,AGS,GA,ASO,ES,Combined TRACON& Tower with Radar,1,31,5,2,39,0,0,5,0,5,1,31,10,2,44,5,0,5,49
05/29/2011,AGS,GA,ASO,ES,Combined TRACON& Tower with Radar,1,23,8,0,32,0,0,6,0,6,1,23,14,0,38,0,0,0,38
05/30/2011,AGS,GA,ASO,ES,Combined TRACON& Tower with Radar,1,31,10,7,49,0,0,5,1,6,1,31,15,8,55,0,14,14,69
05/31/2011,AGS,GA,ASO,ES,Combined TRACON& Tower with Radar,5,31,20,2,58,0,0,6,4,10,5,31,26,6,68,20,0,20,88
06/01/2011,AGS,GA,ASO,ES,Combined TRACON& Tower with Radar,2,33,22,0,57,0,0,7,1,8,2,33,29,1,65,6,0,6,71
06/02/2011,AGS,GA,ASO,ES,Combined TRACON& Tower with Radar,4,26,17,2,49,0,0,10,0,10,4,26,27,2,59,12,0,12,71
06/03/2011,AGS,GA,ASO,ES,Combined TRACON& Tower with Radar,4,32,17,0,53,0,0,3,3,6,4,32,20,3,59,2,0,2,61
06/04/2011,AGS,GA,ASO,ES,Combined TRACON& Tower with Radar,1,32,9,4,46,0,0,13,1,14,1,32,22,5,60,4,0,4,64
06/05/2011,AGS,GA,ASO,ES,Combined TRACON& Tower with Radar,1,34,5,0,40,0,0,6,0,6,1,34,11,0,46,0,0,0,46
06/06/2011,AGS,GA,ASO,ES,Combined TRACON& Tower with Radar,2,32,13,2,49,0,0,11,0,11,2,32,24,2,60,14,0,14,74
06/07/2011,AGS,GA,ASO,ES,Combined TRACON& Tower with Radar,2,36,16,8,62,0,1,6,2,9,2,37,22,10,71,20,10,30,101
06/08/2011,AGS,GA,ASO,ES,Combined TRACON& Tower with Radar,2,37,19,2,60,0,2,2,2,6,2,39,21,4,66,0,0,0,66
06/09/2011,AGS,GA,ASO,ES,Combined TRACON& Tower with Radar,2,25,21,1,49,0,0,9,5,14,2,25,30,6,63,13,0,13,76
06/10/2011,AGS,GA,ASO,ES,Combined TRACON& Tower with Radar,4,28,11,4,47,0,0,7,13,20,4,28,18,17,67,38,0,38,105
06/11/2011,AGS,GA,ASO,ES,Combined TRACON& Tower with Radar,3,35,8,7,53,0,1,9,8,18,3,36,17,15,71,32,4,36,107
06/12/2011,AGS,GA,ASO,ES,Combined TRACON& Tower with Radar,1,28,7,4,40,0,2,4,4,10,1,30,11,8,50,16,0,16,66
06/13/2011,AGS,GA,ASO,ES,Combined TRACON& Tower with Radar,2,33,8,3,46,0,2,4,1,7,2,35,12,4,53,4,0,4,57
06/14/2011,AGS,GA,ASO,ES,Combined TRACON& Tower with Radar,4,32,13,4,53,0,2,4,8,14,4,34,17,12,67,24,0,24,91
06/15/2011,AGS,GA,ASO,ES,Combined TRACON& Tower with Radar,4,28,23,2,57,0,2,3,0,5,4,30,26,2,62,20,2,22,84
06/16/2011,AGS,GA,ASO,ES,Combined TRACON& Tower with Radar,2,27,26,2,57,0,0,11,0,11,2,27,37,2,68,2,0,2,70
06/17/2011,AGS,GA,ASO,ES,Combined TRACON& Tower with Radar,6,34,9,10,59,0,0,6,7,13,6,34,15,17,72,18,2,20,92
06/18/2011,AGS,GA,ASO,ES,Combined TRACON& Tower with Radar,13,21,12,4,50,0,0,9,4,13,13,21,21,8,63,0,0,0,63
06/19/2011,AGS,GA,ASO,ES,Combined TRACON& Tower with Radar,4,28,8,0,40,0,0,5,0,5,4,28,13,0,45,0,0,0,45
06/20/2011,AGS,GA,ASO,ES,Combined TRACON& Tower with Radar,2,33,19,3,57,0,0,13,0,13,2,33,32,3,70,0,10,10,80
06/21/2011,AGS,GA,ASO,ES,Combined TRACON& Tower with Radar,2,27,21,1,51,0,0,2,0,2,2,27,23,1,53,10,0,10,63
06/22/2011,AGS,GA,ASO,ES,Combined TRACON& Tower with Radar,2,30,28,5,65,0,0,15,2,17,2,30,43,7,82,30,0,30,112
06/23/2011,AGS,GA,ASO,ES,Combined TRACON& Tower with Radar,2,31,16,1,50,0,0,2,0,2,2,31,18,1,52,16,0,16,68
06/24/2011,AGS,GA,ASO,ES,Combined TRACON& Tower with Radar,6,42,13,3,64,0,0,0,6,6,6,42,13,9,70,0,0,0,70
06/25/2011,AGS,GA,ASO,ES,Combined TRACON& Tower with Radar,1,26,4,8,39,0,0,14,2,16,1,26,18,10,55,2,2,4,59
06/26/2011,AGS,GA,ASO,ES,Combined TRACON& Tower with Radar,3,27,5,0,35,0,0,16,1,17,3,27,21,1,52,23,0,23,75
06/27/2011,AGS,GA,ASO,ES,Combined TRACON& Tower with Radar,2,29,24,2,57,0,0,10,1,11,2,29,34,3,68,2,0,2,70
06/28/2011,AGS,GA,ASO,ES,Combined TRACON& Tower with Radar,2,32,12,1,47,0,0,1,7,8,2,32,13,8,55,15,7,22,77
06/29/2011,AGS,GA,ASO,ES,Combined TRACON& Tower with Radar,4,32,16,4,56,0,0,3,0,3,4,32,19,4,59,36,4,40,99
06/30/2011,AGS,GA,ASO,ES,Combined TRACON& Tower with Radar,2,29,20,0,51,0,0,6,2,8,2,29,26,2,59,40,0,40,99
07/01/2011,AGS,GA,ASO,ES,Combined TRACON& Tower with Radar,2,29,22,0,53,0,0,12,0,12,2,29,34,0,65,14,0,14,79
07/02/2011,AGS,GA,ASO,ES,Combined TRACON& Tower with Radar,1,23,8,0,32,0,0,7,0,7,1,23,15,0,39,12,0,12,51
07/03/2011,AGS,GA,ASO,ES,Combined TRACON& Tower with Radar,2,20,1,0,23,0,0,7,0,7,2,20,8,0,30,8,0,8,38
07/04/2011,AGS,GA,ASO,ES,Combined TRACON& Tower with Radar,1,26,3,2,32,0,0,1,0,1,1,26,4,2,33,16,0,16,49
07/05/2011,AGS,GA,ASO,ES,Combined TRACON& Tower with Radar,2,33,15,0,50,0,0,2,0,2,2,33,17,0,52,18,0,18,70
07/06/2011,AGS,GA,ASO,ES,Combined TRACON& Tower with Radar,2,25,13,2,42,0,0,6,4,10,2,25,19,6,52,0,0,0,52
07/07/2011,AGS,GA,ASO,ES,Combined TRACON& Tower with Radar,2,30,12,3,47,0,0,6,1,7,2,30,18,4,54,0,0,0,54
07/08/2011,AGS,GA,ASO,ES,Combined TRACON& Tower with Radar,2,28,18,2,50,0,0,1,0,1,2,28,19,2,51,4,0,4,55
07/09/2011,AGS,GA,ASO,ES,Combined TRACON& Tower with Radar,1,24,5,2,32,0,1,4,0,5,1,25,9,2,37,22,0,22,59
07/10/2011,AGS,GA,ASO,ES,Combined TRACON& Tower with Radar,2,28,9,2,41,0,0,0,0,0,2,28,9,2,41,0,0,0,41
07/11/2011,AGS,GA,ASO,ES,Combined TRACON& Tower with Radar,4,34,45,6,89,0,0,15,3,18,4,34,60,9,107,19,2,21,128
07/12/2011,AGS,GA,ASO,ES,Combined TRACON& Tower with Radar,8,35,21,7,71,0,0,5,1,6,8,35,26,8,77,24,4,28,105
07/13/2011,AGS,GA,ASO,ES,Combined TRACON& Tower with Radar,3,35,31,15,84,0,0,13,0,13,3,35,44,15,97,14,12,26,123
07/14/2011,AGS,GA,ASO,ES,Combined TRACON& Tower with Radar,3,30,38,0,71,0,0,7,0,7,3,30,45,0,78,15,0,15,93
07/15/2011,AGS,GA,ASO,ES,Combined TRACON& Tower with Radar,2,32,18,8,60,0,0,3,3,6,2,32,21,11,66,4,12,16,82
07/16/2011,AGS,GA,ASO,ES,Combined TRACON& Tower with Radar,1,24,6,2,33,0,0,5,0,5,1,24,11,2,38,8,0,8,46
07/17/2011,AGS,GA,ASO,ES,Combined TRACON& Tower with Radar,2,29,4,0,35,0,0,1,0,1,2,29,5,0,36,0,0,0,36
07/18/2011,AGS,GA,ASO,ES,Combined TRACON& Tower with Radar,2,30,16,17,65,0,0,13,2,15,2,30,29,19,80,5,16,21,101
07/19/2011,AGS,GA,ASO,ES,Combined TRACON& Tower with Radar,2,30,19,19,70,0,0,10,0,10,2,30,29,19,80,20,0,20,100
07/20/2011,AGS,GA,ASO,ES,Combined TRACON& Tower with Radar,4,28,11,5,48,0,0,8,2,10,4,28,19,7,58,4,6,10,68
07/21/2011,AGS,GA,ASO,ES,Combined TRACON& Tower with Radar,2,30,14,17,63,0,0,2,0,2,2,30,16,17,65,29,4,33,98
07/22/2011,AGS,GA,ASO,ES,Combined TRACON& Tower with Radar,4,27,21,1,53,0,0,16,0,16,4,27,37,1,69,24,8,32,101
07/23/2011,AGS,GA,ASO,ES,Combined TRACON& Tower with Radar,2,23,8,2,35,0,0,5,2,7,2,23,13,4,42,3,0,3,45
07/24/2011,AGS,GA,ASO,ES,Combined TRACON& Tower with Radar,4,28,13,0,45,0,0,13,4,17,4,28,26,4,62,23,0,23,85
07/25/2011,AGS,GA,ASO,ES,Combined TRACON& Tower with Radar,1,28,22,4,55,0,0,9,0,9,1,28,31,4,64,12,0,12,76
07/26/2011,AGS,GA,ASO,ES,Combined TRACON& Tower with Radar,1,26,18,0,45,0,0,4,0,4,1,26,22,0,49,34,0,34,83
07/27/2011,AGS,GA,ASO,ES,Combined TRACON& Tower with Radar,2,32,14,4,52,0,0,8,4,12,2,32,22,8,64,16,8,24,88
07/28/2011,AGS,GA,ASO,ES,Combined TRACON& Tower with Radar,2,34,25,1,62,0,2,4,2,8,2,36,29,3,70,0,0,0,70
07/29/2011,AGS,GA,ASO,ES,Combined TRACON& Tower with Radar,2,30,13,18,63,0,3,7,0,10,2,33,20,18,73,0,14,14,87
07/30/2011,AGS,GA,ASO,ES,Combined TRACON& Tower with Radar,3,21,12,4,40,0,0,7,0,7,3,21,19,4,47,14,0,14,61
07/31/2011,AGS,GA,ASO,ES,Combined TRACON& Tower with Radar,2,28,19,0,49,0,0,5,0,5,2,28,24,0,54,4,0,4,58
08/01/2011,AGS,GA,ASO,ES,Combined TRACON& Tower with Radar,2,30,5,2,39,0,0,2,8,10,2,30,7,10,49,0,0,0,49
08/02/2011,AGS,GA,ASO,ES,Combined TRACON& Tower with Radar,2,29,18,2,51,0,0,17,0,17,2,29,35,2,68,18,2,20,88
08/03/2011,AGS,GA,ASO,ES,Combined TRACON& Tower with Radar,2,28,17,3,50,0,0,10,2,12,2,28,27,5,62,8,10,18,80
08/04/2011,AGS,GA,ASO,ES,Combined TRACON& Tower with Radar,2,28,12,6,48,0,0,20,0,20,2,28,32,6,68,22,4,26,94
08/05/2011,AGS,GA,ASO,ES,Combined TRACON& Tower with Radar,2,29,15,0,46,0,0,6,2,8,2,29,21,2,54,17,0,17,71
08/06/2011,AGS,GA,ASO,ES,Combined TRACON& Tower with Radar,1,21,11,2,35,0,0,6,0,6,1,21,17,2,41,14,0,14,55
08/07/2011,AGS,GA,ASO,ES,Combined TRACON& Tower with Radar,2,29,4,4,39,0,0,10,2,12,2,29,14,6,51,4,0,4,55
08/08/2011,AGS,GA,ASO,ES,Combined TRACON& Tower with Radar,2,28,16,0,46,0,0,7,4,11,2,28,23,4,57,0,0,0,57
08/09/2011,AGS,GA,ASO,ES,Combined TRACON& Tower with Radar,2,30,21,4,57,0,0,9,0,9,2,30,30,4,66,10,0,10,76
08/10/2011,AGS,GA,ASO,ES,Combined TRACON& Tower with Radar,2,32,19,6,59,0,0,11,0,11,2,32,30,6,70,38,6,44,114
08/11/2011,AGS,GA,ASO,ES,Combined TRACON& Tower with Radar,2,37,20,4,63,0,0,20,0,20,2,37,40,4,83,18,0,18,101
08/12/2011,AGS,GA,ASO,ES,Combined TRACON& Tower with Radar,2,29,22,0,53,0,0,17,0,17,2,29,39,0,70,26,0,26,96
08/13/2011,AGS,GA,ASO,ES,Combined TRACON& Tower with Radar,2,22,2,0,26,0,0,5,0,5,2,22,7,0,31,0,0,0,31
08/14/2011,AGS,GA,ASO,ES,Combined TRACON& Tower with Radar,4,31,5,0,40,0,0,1,0,1,4,31,6,0,41,0,0,0,41
08/15/2011,AGS,GA,ASO,ES,Combined TRACON& Tower with Radar,2,28,12,0,42,0,0,10,0,10,2,28,22,0,52,8,0,8,60
08/16/2011,AGS,GA,ASO,ES,Combined TRACON& Tower with Radar,2,36,10,2,50,0,0,4,0,4,2,36,14,2,54,56,0,56,110
08/17/2011,AGS,GA,ASO,ES,Combined TRACON& Tower with Radar,4,33,19,2,58,0,0,11,0,11,4,33,30,2,69,47,0,47,116
08/18/2011,AGS,GA,ASO,ES,Combined TRACON& Tower with Radar,2,39,15,2,58,0,0,12,0,12,2,39,27,2,70,8,0,8,78
08/19/2011,AGS,GA,ASO,ES,Combined TRACON& Tower with Radar,2,34,7,2,45,0,0,15,0,15,2,34,22,2,60,26,0,26,86
08/20/2011,AGS,GA,ASO,ES,Combined TRACON& Tower with Radar,2,25,3,0,30,0,0,1,0,1,2,25,4,0,31,0,2,2,33
08/21/2011,AGS,GA,ASO,ES,Combined TRACON& Tower with Radar,2,28,3,0,33,0,0,12,2,14,2,28,15,2,47,14,0,14,61
08/22/2011,AGS,GA,ASO,ES,Combined TRACON& Tower with Radar,2,28,18,5,53,0,0,2,0,2,2,28,20,5,55,0,0,0,55
08/23/2011,AGS,GA,ASO,ES,Combined TRACON& Tower with Radar,2,35,20,1,58,0,0,7,0,7,2,35,27,1,65,10,0,10,75
08/24/2011,AGS,GA,ASO,ES,Combined TRACON& Tower with Radar,2,31,12,4,49,0,0,5,1,6,2,31,17,5,55,2,0,2,57
08/25/2011,AGS,GA,ASO,ES,Combined TRACON& Tower with Radar,2,30,10,0,42,0,0,3,2,5,2,30,13,2,47,0,0,0,47
08/26/2011,AGS,GA,ASO,ES,Combined TRACON& Tower with Radar,2,31,23,1,57,0,0,0,1,1,2,31,23,2,58,0,0,0,58
08/27/2011,AGS,GA,ASO,ES,Combined TRACON& Tower with Radar,2,26,0,0,28,0,0,6,2,8,2,26,6,2,36,0,0,0,36
08/28/2011,AGS,GA,ASO,ES,Combined TRACON& Tower with Radar,2,30,4,0,36,0,1,2,1,4,2,31,6,1,40,0,0,0,40
08/29/2011,AGS,GA,ASO,ES,Combined TRACON& Tower with Radar,2,26,17,2,47,0,0,9,0,9,2,26,26,2,56,8,0,8,64
08/30/2011,AGS,GA,ASO,ES,Combined TRACON& Tower with Radar,2,32,19,2,55,0,0,2,0,2,2,32,21,2,57,6,12,18,75
08/31/2011,AGS,GA,ASO,ES,Combined TRACON& Tower with Radar,2,38,20,2,62,0,0,7,0,7,2,38,27,2,69,2,0,2,71
09/01/2011,AGS,GA,ASO,ES,Combined TRACON& Tower with Radar,2,35,18,0,55,0,0,6,0,6,2,35,24,0,61,22,0,22,83
09/02/2011,AGS,GA,ASO,ES,Combined TRACON& Tower with Radar,2,28,14,2,46,0,0,10,0,10,2,28,24,2,56,12,0,12,68
09/03/2011,AGS,GA,ASO,ES,Combined TRACON& Tower with Radar,2,24,5,2,33,0,0,5,0,5,2,24,10,2,38,2,0,2,40
09/04/2011,AGS,GA,ASO,ES,Combined TRACON& Tower with Radar,2,21,4,1,28,0,0,0,1,1,2,21,4,2,29,6,0,6,35
09/05/2011,AGS,GA,ASO,ES,Combined TRACON& Tower with Radar,2,32,15,2,51,0,5,0,0,5,2,37,15,2,56,14,0,14,70
09/06/2011,AGS,GA,ASO,ES,Combined TRACON& Tower with Radar,2,30,10,2,44,0,0,2,0,2,2,30,12,2,46,0,0,0,46
09/07/2011,AGS,GA,ASO,ES,Combined TRACON& Tower with Radar,2,29,10,1,42,0,1,7,1,9,2,30,17,2,51,8,0,8,59
09/08/2011,AGS,GA,ASO,ES,Combined TRACON& Tower with Radar,2,29,16,0,47,0,0,6,4,10,2,29,22,4,57,0,0,0,57
09/09/2011,AGS,GA,ASO,ES,Combined TRACON& Tower with Radar,2,29,12,2,45,0,0,6,0,6,2,29,18,2,51,4,4,8,59
09/10/2011,AGS,GA,ASO,ES,Combined TRACON& Tower with Radar,2,23,5,2,32,0,1,11,0,12,2,24,16,2,44,0,0,0,44
09/11/2011,AGS,GA,ASO,ES,Combined TRACON& Tower with Radar,2,30,6,0,38,0,0,4,0,4,2,30,10,0,42,0,0,0,42
09/12/2011,AGS,GA,ASO,ES,Combined TRACON& Tower with Radar,2,27,16,2,47,0,0,11,0,11,2,27,27,2,58,0,0,0,58
09/13/2011,AGS,GA,ASO,ES,Combined TRACON& Tower with Radar,2,27,25,0,54,0,0,10,0,10,2,27,35,0,64,0,0,0,64
09/14/2011,AGS,GA,ASO,ES,Combined TRACON& Tower with Radar,2,27,8,0,37,0,0,9,0,9,2,27,17,0,46,0,0,0,46
09/15/2011,AGS,GA,ASO,ES,Combined TRACON& Tower with Radar,2,29,17,0,48,0,0,3,2,5,2,29,20,2,53,0,0,0,53
09/16/2011,AGS,GA,ASO,ES,Combined TRACON& Tower with Radar,8,30,12,0,50,0,0,3,0,3,8,30,15,0,53,0,0,0,53
09/17/2011,AGS,GA,ASO,ES,Combined TRACON& Tower with Radar,2,25,6,0,33,0,0,2,0,2,2,25,8,0,35,0,0,0,35
09/18/2011,AGS,GA,ASO,ES,Combined TRACON& Tower with Radar,4,33,5,2,44,0,0,3,0,3,4,33,8,2,47,0,0,0,47
09/19/2011,AGS,GA,ASO,ES,Combined TRACON& Tower with Radar,2,31,25,6,64,0,0,9,1,10,2,31,34,7,74,13,0,13,87
09/20/2011,AGS,GA,ASO,ES,Combined TRACON& Tower with Radar,2,27,16,1,46,0,0,0,0,0,2,27,16,1,46,0,0,0,46
09/21/2011,AGS,GA,ASO,ES,Combined TRACON& Tower with Radar,2,26,20,1,49,0,0,3,0,3,2,26,23,1,52,0,0,0,52
09/22/2011,AGS,GA,ASO,ES,Combined TRACON& Tower with Radar,2,28,28,1,59,0,0,1,0,1,2,28,29,1,60,0,0,0,60
09/23/2011,AGS,GA,ASO,ES,Combined TRACON& Tower with Radar,2,27,12,4,45,0,0,2,0,2,2,27,14,4,47,0,0,0,47
09/24/2011,AGS,GA,ASO,ES,Combined TRACON& Tower with Radar,2,26,5,0,33,0,0,4,0,4,2,26,9,0,37,0,0,0,37
09/25/2011,AGS,GA,ASO,ES,Combined TRACON& Tower with Radar,4,27,13,2,46,0,0,1,2,3,4,27,14,4,49,0,0,0,49
09/26/2011,AGS,GA,ASO,ES,Combined TRACON& Tower with Radar,2,29,16,0,47,0,0,7,0,7,2,29,23,0,54,2,0,2,56
09/27/2011,AGS,GA,ASO,ES,Combined TRACON& Tower with Radar,2,24,13,0,39,0,1,10,0,11,2,25,23,0,50,2,0,2,52
09/28/2011,AGS,GA,ASO,ES,Combined TRACON& Tower with Radar,4,26,17,1,48,0,0,5,1,6,4,26,22,2,54,2,0,2,56
09/29/2011,AGS,GA,ASO,ES,Combined TRACON& Tower with Radar,2,28,14,2,46,0,0,5,1,6,2,28,19,3,52,0,0,0,52
09/30/2011,AGS,GA,ASO,ES,Combined TRACON& Tower with Radar,2,32,20,2,56,0,0,3,0,3,2,32,23,2,59,8,0,8,67
10/01/2011,AGS,GA,ASO,ES,Combined TRACON& Tower with Radar,2,26,2,0,30,0,0,8,0,8,2,26,10,0,38,5,0,5,43
10/02/2011,AGS,GA,ASO,ES,Combined TRACON& Tower with Radar,2,29,5,5,41,0,0,8,0,8,2,29,13,5,49,20,0,20,69
10/03/2011,AGS,GA,ASO,ES,Combined TRACON& Tower with Radar,2,28,18,1,49,0,0,6,0,6,2,28,24,1,55,0,0,0,55
10/04/2011,AGS,GA,ASO,ES,Combined TRACON& Tower with Radar,2,26,19,0,47,0,0,13,0,13,2,26,32,0,60,6,0,6,66
10/05/2011,AGS,GA,ASO,ES,Combined TRACON& Tower with Radar,2,32,9,4,47,0,0,3,0,3,2,32,12,4,50,8,0,8,58
10/06/2011,AGS,GA,ASO,ES,Combined TRACON& Tower with Radar,2,29,16,2,49,0,0,7,0,7,2,29,23,2,56,2,0,2,58
10/07/2011,AGS,GA,ASO,ES,Combined TRACON& Tower with Radar,2,30,19,0,51,0,0,14,0,14,2,30,33,0,65,14,0,14,79
10/08/2011,AGS,GA,ASO,ES,Combined TRACON& Tower with Radar,2,24,4,3,33,0,0,8,3,11,2,24,12,6,44,0,0,0,44
10/09/2011,AGS,GA,ASO,ES,Combined TRACON& Tower with Radar,2,32,10,0,44,0,0,0,0,0,2,32,10,0,44,0,0,0,44
10/10/2011,AGS,GA,ASO,ES,Combined TRACON& Tower with Radar,2,34,15,0,51,0,0,2,0,2,2,34,17,0,53,0,0,0,53
10/11/2011,AGS,GA,ASO,ES,Combined TRACON& Tower with Radar,2,38,10,0,50,0,0,0,0,0,2,38,10,0,50,0,0,0,50
10/12/2011,AGS,GA,ASO,ES,Combined TRACON& Tower with Radar,2,35,11,0,48,0,1,0,0,1,2,36,11,0,49,0,0,0,49
10/13/2011,AGS,GA,ASO,ES,Combined TRACON& Tower with Radar,1,31,14,6,52,0,0,2,0,2,1,31,16,6,54,0,14,14,68
10/14/2011,AGS,GA,ASO,ES,Combined TRACON& Tower with Radar,2,29,17,0,48,0,1,7,3,11,2,30,24,3,59,5,0,5,64
10/15/2011,AGS,GA,ASO,ES,Combined TRACON& Tower with Radar,2,24,4,2,32,0,0,2,0,2,2,24,6,2,34,5,0,5,39
10/16/2011,AGS,GA,ASO,ES,Combined TRACON& Tower with Radar,2,32,3,0,37,0,0,4,0,4,2,32,7,0,41,13,0,13,54
10/17/2011,AGS,GA,ASO,ES,Combined TRACON& Tower with Radar,2,35,17,3,57,0,1,8,3,12,2,36,25,6,69,0,0,0,69
10/18/2011,AGS,GA,ASO,ES,Combined TRACON& Tower with Radar,1,28,10,1,40,0,0,0,0,0,1,28,10,1,40,0,0,0,40
10/19/2011,AGS,GA,ASO,ES,Combined TRACON& Tower with Radar,1,31,31,5,68,0,0,2,4,6,1,31,33,9,74,0,0,0,74
10/20/2011,AGS,GA,ASO,ES,Combined TRACON& Tower with Radar,2,37,52,1,92,0,0,11,1,12,2,37,63,2,104,0,0,0,104
10/21/2011,AGS,GA,ASO,ES,Combined TRACON& Tower with Radar,4,29,29,4,66,0,0,6,2,8,4,29,35,6,74,4,2,6,80
10/22/2011,AGS,GA,ASO,ES,Combined TRACON& Tower with Radar,2,31,17,0,50,0,0,7,0,7,2,31,24,0,57,2,0,2,59
10/23/2011,AGS,GA,ASO,ES,Combined TRACON& Tower with Radar,4,39,25,3,71,0,0,2,1,3,4,39,27,4,74,0,0,0,74
10/24/2011,AGS,GA,ASO,ES,Combined TRACON& Tower with Radar,2,44,31,2,79,0,0,5,2,7,2,44,36,4,86,2,0,2,88
10/25/2011,AGS,GA,ASO,ES,Combined TRACON& Tower with Radar,2,40,34,2,78,0,0,14,2,16,2,40,48,4,94,20,0,20,114
10/26/2011,AGS,GA,ASO,ES,Combined TRACON& Tower with Radar,2,35,27,0,64,0,0,3,1,4,2,35,30,1,68,10,4,14,82
10/27/2011,AGS,GA,ASO,ES,Combined TRACON& Tower with Radar,2,41,33,0,76,0,0,3,0,3,2,41,36,0,79,10,0,10,89
10/28/2011,AGS,GA,ASO,ES,Combined TRACON& Tower with Radar,1,36,27,3,67,0,0,7,1,8,1,36,34,4,75,12,0,12,87
10/29/2011,AGS,GA,ASO,ES,Combined TRACON& Tower with Radar,2,31,17,0,50,0,0,7,0,7,2,31,24,0,57,6,0,6,63
10/30/2011,AGS,GA,ASO,ES,Combined TRACON& Tower with Radar,4,39,25,3,71,0,0,2,1,3,4,39,27,4,74,0,0,0,74
10/31/2011,AGS,GA,ASO,ES,Combined TRACON& Tower with Radar,2,43,29,1,75,0,0,2,1,3,2,43,31,2,78,0,0,0,78
11/01/2011,AGS,GA,ASO,ES,Combined TRACON& Tower with Radar,2,32,23,0,57,0,0,6,0,6,2,32,29,0,63,0,0,0,63
11/02/2011,AGS,GA,ASO,ES,Combined TRACON& Tower with Radar,2,38,34,2,76,0,0,3,0,3,2,38,37,2,79,0,0,0,79
11/03/2011,AGS,GA,ASO,ES,Combined TRACON& Tower with Radar,4,39,34,6,83,0,0,11,0,11,4,39,45,6,94,0,12,12,106
11/04/2011,AGS,GA,ASO,ES,Combined TRACON& Tower with Radar,2,38,29,2,71,0,0,8,0,8,2,38,37,2,79,4,0,4,83
11/05/2011,AGS,GA,ASO,ES,Combined TRACON& Tower with Radar,2,26,12,2,42,0,0,7,0,7,2,26,19,2,49,0,0,0,49
11/06/2011,AGS,GA,ASO,ES,Combined TRACON& Tower with Radar,3,34,18,0,55,0,0,2,0,2,3,34,20,0,57,0,0,0,57
11/07/2011,AGS,GA,ASO,ES,Combined TRACON& Tower with Radar,1,33,13,4,51,0,1,9,6,16,1,34,22,10,67,0,0,0,67
11/08/2011,AGS,GA,ASO,ES,Combined TRACON& Tower with Radar,2,42,20,0,64,0,0,10,6,16,2,42,30,6,80,16,0,16,96
11/09/2011,AGS,GA,ASO,ES,Combined TRACON& Tower with Radar,1,43,21,0,65,0,0,7,5,12,1,43,28,5,77,6,0,6,83
11/10/2011,AGS,GA,ASO,ES,Combined TRACON& Tower with Radar,3,48,43,0,94,0,0,5,0,5,3,48,48,0,99,2,0,2,101
11/11/2011,AGS,GA,ASO,ES,Combined TRACON& Tower with Radar,3,40,33,0,76,0,1,7,0,8,3,41,40,0,84,0,0,0,84
11/12/2011,AGS,GA,ASO,ES,Combined TRACON& Tower with Radar,2,32,19,2,55,0,0,6,0,6,2,32,25,2,61,0,0,0,61
11/13/2011,AGS,GA,ASO,ES,Combined TRACON& Tower with Radar,3,38,17,0,58,0,0,10,1,11,3,38,27,1,69,0,0,0,69
11/14/2011,AGS,GA,ASO,ES,Combined TRACON& Tower with Radar,2,38,30,3,73,0,2,8,0,10,2,40,38,3,83,0,0,0,83
11/15/2011,AGS,GA,ASO,ES,Combined TRACON& Tower with Radar,2,42,43,1,88,0,1,4,0,5,2,43,47,1,93,6,0,6,99
11/16/2011,AGS,GA,ASO,ES,Combined TRACON& Tower with Radar,0,26,24,0,50,0,0,1,0,1,0,26,25,0,51,0,0,0,51
11/17/2011,AGS,GA,ASO,ES,Combined TRACON& Tower with Radar,1,33,28,4,66,0,0,15,0,15,1,33,43,4,81,0,0,0,81
11/18/2011,AGS,GA,ASO,ES,Combined TRACON& Tower with Radar,2,33,39,2,76,0,0,11,0,11,2,33,50,2,87,6,0,6,93
11/19/2011,AGS,GA,ASO,ES,Combined TRACON& Tower with Radar,2,24,5,4,35,0,2,1,6,9,2,26,6,10,44,0,0,0,44
11/20/2011,AGS,GA,ASO,ES,Combined TRACON& Tower with Radar,1,23,8,0,32,0,0,2,0,2,1,23,10,0,34,0,0,0,34
11/21/2011,AGS,GA,ASO,ES,Combined TRACON& Tower with Radar,3,43,24,3,73,0,0,8,0,8,3,43,32,3,81,4,0,4,85
11/22/2011,AGS,GA,ASO,ES,Combined TRACON& Tower with Radar,2,34,19,1,56,0,0,23,0,23,2,34,42,1,79,18,0,18,97
11/23/2011,AGS,GA,ASO,ES,Combined TRACON& Tower with Radar,3,45,15,1,64,0,0,7,0,7,3,45,22,1,71,0,0,0,71
11/24/2011,AGS,GA,ASO,ES,Combined TRACON& Tower with Radar,1,22,4,0,27,0,0,2,0,2,1,22,6,0,29,0,0,0,29
11/25/2011,AGS,GA,ASO,ES,Combined TRACON& Tower with Radar,1,33,2,0,36,0,1,8,0,9,1,34,10,0,45,0,0,0,45
11/26/2011,AGS,GA,ASO,ES,Combined TRACON& Tower with Radar,2,32,12,2,48,0,0,0,0,0,2,32,12,2,48,0,0,0,48
11/27/2011,AGS,GA,ASO,ES,Combined TRACON& Tower with Radar,2,46,14,0,62,0,0,6,0,6,2,46,20,0,68,0,0,0,68
11/28/2011,AGS,GA,ASO,ES,Combined TRACON& Tower with Radar,3,33,30,2,68,0,0,0,0,0,3,33,30,2,68,0,0,0,68
11/29/2011,AGS,GA,ASO,ES,Combined TRACON& Tower with Radar,2,35,36,0,73,0,1,2,4,7,2,36,38,4,80,6,0,6,86
11/30/2011,AGS,GA,ASO,ES,Combined TRACON& Tower with Radar,2,40,30,0,72,0,0,7,0,7,2,40,37,0,79,6,0,6,85
12/01/2011,AGS,GA,ASO,ES,Combined TRACON& Tower with Radar,2,35,33,2,72,0,0,14,0,14,2,35,47,2,86,12,0,12,98
12/02/2011,AGS,GA,ASO,ES,Combined TRACON& Tower with Radar,2,48,30,17,97,0,1,7,4,12,2,49,37,21,109,6,0,6,115
12/03/2011,AGS,GA,ASO,ES,Combined TRACON& Tower with Radar,2,31,21,6,60,0,0,10,0,10,2,31,31,6,70,12,4,16,86
12/04/2011,AGS,GA,ASO,ES,Combined TRACON& Tower with Radar,1,36,12,6,55,0,0,3,6,9,1,36,15,12,64,10,0,10,74
12/05/2011,AGS,GA,ASO,ES,Combined TRACON& Tower with Radar,1,43,29,10,83,0,1,4,4,9,1,44,33,14,92,0,0,0,92
12/06/2011,AGS,GA,ASO,ES,Combined TRACON& Tower with Radar,2,40,31,6,79,0,0,0,0,0,2,40,31,6,79,0,8,8,87
12/07/2011,AGS,GA,ASO,ES,Combined TRACON& Tower with Radar,1,32,27,3,63,0,0,7,1,8,1,32,34,4,71,0,0,0,71
12/08/2011,AGS,GA,ASO,ES,Combined TRACON& Tower with Radar,2,35,22,3,62,0,0,9,0,9,2,35,31,3,71,2,2,4,75
12/09/2011,AGS,GA,ASO,ES,Combined TRACON& Tower with Radar,4,38,26,0,68,0,0,7,0,7,4,38,33,0,75,6,0,6,81
12/10/2011,AGS,GA,ASO,ES,Combined TRACON& Tower with Radar,2,25,13,7,47,0,0,3,0,3,2,25,16,7,50,6,0,6,56
12/11/2011,AGS,GA,ASO,ES,Combined TRACON& Tower with Radar,4,34,8,0,46,0,1,3,0,4,4,35,11,0,50,4,0,4,54
12/12/2011,AGS,GA,ASO,ES,Combined TRACON& Tower with Radar,4,32,29,2,67,0,0,1,2,3,4,32,30,4,70,0,0,0,70
12/13/2011,AGS,GA,ASO,ES,Combined TRACON& Tower with Radar,1,29,29,1,60,0,0,26,1,27,1,29,55,2,87,7,0,7,94
12/14/2011,AGS,GA,ASO,ES,Combined TRACON& Tower with Radar,4,32,19,7,62,0,0,17,1,18,4,32,36,8,80,11,16,27,107
12/15/2011,AGS,GA,ASO,ES,Combined TRACON& Tower with Radar,2,39,37,6,84,0,0,5,1,6,2,39,42,7,90,0,0,0,90
12/16/2011,AGS,GA,ASO,ES,Combined TRACON& Tower with Radar,1,35,25,4,65,0,0,11,2,13,1,35,36,6,78,10,0,10,88
12/17/2011,AGS,GA,ASO,ES,Combined TRACON& Tower with Radar,2,25,35,0,62,0,0,17,2,19,2,25,52,2,81,16,0,16,97
12/18/2011,AGS,GA,ASO,ES,Combined TRACON& Tower with Radar,1,33,10,5,49,0,1,14,0,15,1,34,24,5,64,0,0,0,64
12/19/2011,AGS,GA,ASO,ES,Combined TRACON& Tower with Radar,2,28,18,4,52,0,1,11,1,13,2,29,29,5,65,2,23,25,90
12/20/2011,AGS,GA,ASO,ES,Combined TRACON& Tower with Radar,2,32,11,2,47,0,1,3,0,4,2,33,14,2,51,0,0,0,51
12/21/2011,AGS,GA,ASO,ES,Combined TRACON& Tower with Radar,1,26,23,2,52,0,0,0,0,0,1,26,23,2,52,0,0,0,52
12/22/2011,AGS,GA,ASO,ES,Combined TRACON& Tower with Radar,5,39,20,3,67,0,1,8,0,9,5,40,28,3,76,12,0,12,88
12/23/2011,AGS,GA,ASO,ES,Combined TRACON& Tower with Radar,2,27,12,0,41,0,0,14,0,14,2,27,26,0,55,6,0,6,61
12/24/2011,AGS,GA,ASO,ES,Combined TRACON& Tower with Radar,2,21,4,2,29,0,0,4,0,4,2,21,8,2,33,0,0,0,33
12/25/2011,AGS,GA,ASO,ES,Combined TRACON& Tower with Radar,4,21,0,0,25,0,0,0,0,0,4,21,0,0,25,0,0,0,25
12/26/2011,AGS,GA,ASO,ES,Combined TRACON& Tower with Radar,2,32,8,2,44,0,1,5,0,6,2,33,13,2,50,1,0,1,51
12/27/2011,AGS,GA,ASO,ES,Combined TRACON& Tower with Radar,2,42,9,0,53,0,0,6,0,6,2,42,15,0,59,0,0,0,59
12/28/2011,AGS,GA,ASO,ES,Combined TRACON& Tower with Radar,2,32,16,2,52,0,0,7,0,7,2,32,23,2,59,11,0,11,70
12/29/2011,AGS,GA,ASO,ES,Combined TRACON& Tower with Radar,2,36,14,0,52,0,0,18,0,18,2,36,32,0,70,4,0,4,74
12/30/2011,AGS,GA,ASO,ES,Combined TRACON& Tower with Radar,2,36,10,0,48,0,0,7,0,7,2,36,17,0,55,0,0,0,55
12/31/2011,AGS,GA,ASO,ES,Combined TRACON& Tower with Radar,1,25,0,2,28,0,1,9,0,10,1,26,9,2,38,8,0,8,46
01/01/2012,AGS,GA,ASO,ES,Combined TRACON& Tower with Radar,4,32,5,0,41,0,0,9,0,9,4,32,14,0,50,0,0,0,50
01/02/2012,AGS,GA,ASO,ES,Combined TRACON& Tower with Radar,2,33,7,2,44,0,0,3,0,3,2,33,10,2,47,0,0,0,47
01/03/2012,AGS,GA,ASO,ES,Combined TRACON& Tower with Radar,2,27,26,2,57,0,1,8,0,9,2,28,34,2,66,4,0,4,70
01/04/2012,AGS,GA,ASO,ES,Combined TRACON& Tower with Radar,2,28,22,6,58,0,0,9,0,9,2,28,31,6,67,2,12,14,81
01/05/2012,AGS,GA,ASO,ES,Combined TRACON& Tower with Radar,1,31,22,6,60,0,0,7,2,9,1,31,29,8,69,1,13,14,83
01/06/2012,AGS,GA,ASO,ES,Combined TRACON& Tower with Radar,1,30,20,6,57,0,0,10,0,10,1,30,30,6,67,7,0,7,74
01/07/2012,AGS,GA,ASO,ES,Combined TRACON& Tower with Radar,2,28,16,4,50,0,0,8,0,8,2,28,24,4,58,10,10,20,78
01/08/2012,AGS,GA,ASO,ES,Combined TRACON& Tower with Radar,1,31,7,0,39,0,0,1,0,1,1,31,8,0,40,0,0,0,40
01/09/2012,AGS,GA,ASO,ES,Combined TRACON& Tower with Radar,2,29,13,10,54,0,0,0,1,1,2,29,13,11,55,0,18,18,73
01/10/2012,AGS,GA,ASO,ES,Combined TRACON& Tower with Radar,1,30,21,15,67,0,0,4,7,11,1,30,25,22,78,0,20,20,98
01/11/2012,AGS,GA,ASO,ES,Combined TRACON& Tower with Radar,2,33,14,9,58,0,0,2,3,5,2,33,16,12,63,2,2,4,67
01/12/2012,AGS,GA,ASO,ES,Combined TRACON& Tower with Radar,2,35,13,10,60,0,2,2,2,6,2,37,15,12,66,0,24,24,90
01/13/2012,AGS,GA,ASO,ES,Combined TRACON& Tower with Radar,1,35,17,0,53,0,0,9,0,9,1,35,26,0,62,6,0,6,68
01/14/2012,AGS,GA,ASO,ES,Combined TRACON& Tower with Radar,1,24,12,2,39,0,0,19,6,25,1,24,31,8,64,6,5,11,75
01/15/2012,AGS,GA,ASO,ES,Combined TRACON& Tower with Radar,1,25,7,0,33,0,0,12,0,12,1,25,19,0,45,5,0,5,50
01/16/2012,AGS,GA,ASO,ES,Combined TRACON& Tower with Radar,2,33,12,0,47,0,1,11,2,14,2,34,23,2,61,6,0,6,67
01/17/2012,AGS,GA,ASO,ES,Combined TRACON& Tower with Radar,1,29,25,0,55,0,0,9,2,11,1,29,34,2,66,0,0,0,66
01/18/2012,AGS,GA,ASO,ES,Combined TRACON& Tower with Radar,1,28,26,3,58,0,0,7,1,8,1,28,33,4,66,6,0,6,72
01/19/2012,AGS,GA,ASO,ES,Combined TRACON& Tower with Radar,2,31,26,5,64,0,0,13,1,14,2,31,39,6,78,10,6,16,94
01/20/2012,AGS,GA,ASO,ES,Combined TRACON& Tower with Radar,2,32,21,0,55,0,0,8,2,10,2,32,29,2,65,4,0,4,69
01/21/2012,AGS,GA,ASO,ES,Combined TRACON& Tower with Radar,6,21,1,0,28,0,0,0,0,0,6,21,1,0,28,0,0,0,28
01/22/2012,AGS,GA,ASO,ES,Combined TRACON& Tower with Radar,1,28,8,0,37,0,0,0,0,0,1,28,8,0,37,0,0,0,37
01/23/2012,AGS,GA,ASO,ES,Combined TRACON& Tower with Radar,1,33,16,0,50,0,0,0,0,0,1,33,16,0,50,0,0,0,50
01/24/2012,AGS,GA,ASO,ES,Combined TRACON& Tower with Radar,1,31,20,12,64,0,0,10,4,14,1,31,30,16,78,8,8,16,94
01/25/2012,AGS,GA,ASO,ES,Combined TRACON& Tower with Radar,4,31,21,11,67,0,0,12,1,13,4,31,33,12,80,3,3,6,86
01/26/2012,AGS,GA,ASO,ES,Combined TRACON& Tower with Radar,1,31,19,6,57,0,0,2,0,2,1,31,21,6,59,0,8,8,67
01/27/2012,AGS,GA,ASO,ES,Combined TRACON& Tower with Radar,4,38,20,2,64,0,0,10,0,10,4,38,30,2,74,2,0,2,76
01/28/2012,AGS,GA,ASO,ES,Combined TRACON& Tower with Radar,2,24,10,0,36,0,0,5,0,5,2,24,15,0,41,2,0,2,43
01/29/2012,AGS,GA,ASO,ES,Combined TRACON& Tower with Radar,1,37,11,0,49,0,1,13,0,14,1,38,24,0,63,6,0,6,69
01/30/2012,AGS,GA,ASO,ES,Combined TRACON& Tower with Radar,2,36,28,2,68,0,0,13,0,13,2,36,41,2,81,16,7,23,104
01/31/2012,AGS,GA,ASO,ES,Combined TRACON& Tower with Radar,2,32,11,4,49,0,0,12,0,12,2,32,23,4,61,20,7,27,88
02/01/2012,AGS,GA,ASO,ES,Combined TRACON& Tower with Radar,1,30,33,18,82,0,0,7,8,15,1,30,40,26,97,4,34,38,135
02/02/2012,AGS,GA,ASO,ES,Combined TRACON& Tower with Radar,2,30,20,14,66,0,1,13,0,14,2,31,33,14,80,0,10,10,90
02/03/2012,AGS,GA,ASO,ES,Combined TRACON& Tower with Radar,1,32,27,9,69,0,0,14,5,19,1,32,41,14,88,4,8,12,100
02/04/2012,AGS,GA,ASO,ES,Combined TRACON& Tower with Radar,2,26,10,0,38,0,0,4,0,4,2,26,14,0,42,0,0,0,42
02/05/2012,AGS,GA,ASO,ES,Combined TRACON& Tower with Radar,1,27,16,7,51,0,2,3,1,6,1,29,19,8,57,0,6,6,63
02/06/2012,AGS,GA,ASO,ES,Combined TRACON& Tower with Radar,1,28,27,2,58,0,0,8,0,8,1,28,35,2,66,3,0,3,69
02/07/2012,AGS,GA,ASO,ES,Combined TRACON& Tower with Radar,1,26,25,0,52,0,0,5,2,7,1,26,30,2,59,0,4,4,63
02/08/2012,AGS,GA,ASO,ES,Combined TRACON& Tower with Radar,1,27,26,4,58,0,0,15,4,19,1,27,41,8,77,20,0,20,97
02/09/2012,AGS,GA,ASO,ES,Combined TRACON& Tower with Radar,2,30,25,4,61,0,0,20,0,20,2,30,45,4,81,16,0,16,97
02/10/2012,AGS,GA,ASO,ES,Combined TRACON& Tower with Radar,3,32,21,0,56,0,0,8,0,8,3,32,29,0,64,2,0,2,66
02/11/2012,AGS,GA,ASO,ES,Combined TRACON& Tower with Radar,2,22,5,1,30,0,0,10,0,10,2,22,15,1,40,0,0,0,40
02/12/2012,AGS,GA,ASO,ES,Combined TRACON& Tower with Radar,1,28,17,1,47,0,1,10,0,11,1,29,27,1,58,0,0,0,58
02/13/2012,AGS,GA,ASO,ES,Combined TRACON& Tower with Radar,3,24,20,4,51,0,1,7,2,10,3,25,27,6,61,2,2,4,65
02/14/2012,AGS,GA,ASO,ES,Combined TRACON& Tower with Radar,2,26,20,0,48,0,0,2,0,2,2,26,22,0,50,0,0,0,50
02/15/2012,AGS,GA,ASO,ES,Combined TRACON& Tower with Radar,2,29,35,7,73,0,0,19,1,20,2,29,54,8,93,4,6,10,103
02/16/2012,AGS,GA,ASO,ES,Combined TRACON& Tower with Radar,5,36,36,4,81,0,0,0,0,0,5,36,36,4,81,10,0,10,91
02/17/2012,AGS,GA,ASO,ES,Combined TRACON& Tower with Radar,3,32,23,0,58,0,0,11,2,13,3,32,34,2,71,6,4,10,81
02/18/2012,AGS,GA,ASO,ES,Combined TRACON& Tower with Radar,1,23,16,0,40,0,0,8,0,8,1,23,24,0,48,0,0,0,48
02/19/2012,AGS,GA,ASO,ES,Combined TRACON& Tower with Radar,3,25,4,0,32,0,0,0,0,0,3,25,4,0,32,0,0,0,32
02/20/2012,AGS,GA,ASO,ES,Combined TRACON& Tower with Radar,2,36,23,0,61,0,0,19,0,19,2,36,42,0,80,80,0,80,160
02/21/2012,AGS,GA,ASO,ES,Combined TRACON& Tower with Radar,2,35,22,6,65,0,0,8,0,8,2,35,30,6,73,2,8,10,83
02/22/2012,AGS,GA,ASO,ES,Combined TRACON& Tower with Radar,2,33,31,8,74,0,0,7,0,7,2,33,38,8,81,0,19,19,100
02/23/2012,AGS,GA,ASO,ES,Combined TRACON& Tower with Radar,2,36,38,3,79,0,0,7,1,8,2,36,45,4,87,0,0,0,87
02/24/2012,AGS,GA,ASO,ES,Combined TRACON& Tower with Radar,1,31,27,0,59,0,0,0,0,0,1,31,27,0,59,0,0,0,59
02/25/2012,AGS,GA,ASO,ES,Combined TRACON& Tower with Radar,1,26,13,0,40,0,0,4,2,6,1,26,17,2,46,0,0,0,46
02/26/2012,AGS,GA,ASO,ES,Combined TRACON& Tower with Radar,2,33,18,0,53,0,0,6,1,7,2,33,24,1,60,4,0,4,64
02/27/2012,AGS,GA,ASO,ES,Combined TRACON& Tower with Radar,2,39,17,0,58,0,1,0,0,1,2,40,17,0,59,0,0,0,59
02/28/2012,AGS,GA,ASO,ES,Combined TRACON& Tower with Radar,1,37,31,1,70,0,0,14,1,15,1,37,45,2,85,10,0,10,95
02/29/2012,AGS,GA,ASO,ES,Combined TRACON& Tower with Radar,2,43,37,6,88,0,0,2,0,2,2,43,39,6,90,2,10,12,102
03/01/2012,AGS,GA,ASO,ES,Combined TRACON& Tower with Radar,2,41,25,14,82,0,0,1,1,2,2,41,26,15,84,4,2,6,90
03/02/2012,AGS,GA,ASO,ES,Combined TRACON& Tower with Radar,2,30,30,12,74,0,0,4,0,4,2,30,34,12,78,0,0,0,78
03/03/2012,AGS,GA,ASO,ES,Combined TRACON& Tower with Radar,2,20,6,2,30,0,0,0,0,0,2,20,6,2,30,0,0,0,30
03/04/2012,AGS,GA,ASO,ES,Combined TRACON& Tower with Radar,3,38,23,4,68,0,0,1,8,9,3,38,24,12,77,0,0,0,77
03/05/2012,AGS,GA,ASO,ES,Combined TRACON& Tower with Radar,2,33,27,4,66,0,0,5,0,5,2,33,32,4,71,10,0,10,81
03/06/2012,AGS,GA,ASO,ES,Combined TRACON& Tower with Radar,1,44,28,3,76,0,0,18,1,19,1,44,46,4,95,6,0,6,101
03/07/2012,AGS,GA,ASO,ES,Combined TRACON& Tower with Radar,2,34,35,2,73,0,0,16,1,17,2,34,51,3,90,4,0,4,94
03/08/2012,AGS,GA,ASO,ES,Combined TRACON& Tower with Radar,1,34,28,0,63,0,0,7,6,13,1,34,35,6,76,0,2,2,78
03/09/2012,AGS,GA,ASO,ES,Combined TRACON& Tower with Radar,2,35,31,0,68,0,0,2,0,2,2,35,33,0,70,0,0,0,70
03/10/2012,AGS,GA,ASO,ES,Combined TRACON& Tower with Radar,1,32,14,0,47,0,0,7,0,7,1,32,21,0,54,12,0,12,66
03/11/2012,AGS,GA,ASO,ES,Combined TRACON& Tower with Radar,3,41,18,0,62,0,0,3,2,5,3,41,21,2,67,2,0,2,69
03/12/2012,AGS,GA,ASO,ES,Combined TRACON& Tower with Radar,2,33,14,19,68,0,0,0,10,10,2,33,14,29,78,0,30,30,108
03/13/2012,AGS,GA,ASO,ES,Combined TRACON& Tower with Radar,1,45,29,3,78,0,0,18,1,19,1,45,47,4,97,0,0,0,97
03/14/2012,AGS,GA,ASO,ES,Combined TRACON& Tower with Radar,2,36,54,7,99,0,1,17,1,19,2,37,71,8,118,0,0,0,118
03/15/2012,AGS,GA,ASO,ES,Combined TRACON& Tower with Radar,7,40,45,5,97,0,2,10,2,14,7,42,55,7,111,0,9,9,120
03/16/2012,AGS,GA,ASO,ES,Combined TRACON& Tower with Radar,3,36,41,1,81,0,1,8,1,10,3,37,49,2,91,2,0,2,93
03/17/2012,AGS,GA,ASO,ES,Combined TRACON& Tower with Radar,2,29,29,0,60,0,0,8,0,8,2,29,37,0,68,2,0,2,70
03/18/2012,AGS,GA,ASO,ES,Combined TRACON& Tower with Radar,4,30,21,0,55,0,0,7,0,7,4,30,28,0,62,0,0,0,62
03/19/2012,AGS,GA,ASO,ES,Combined TRACON& Tower with Radar,1,33,18,6,58,0,0,5,3,8,1,33,23,9,66,0,3,3,69
03/20/2012,AGS,GA,ASO,ES,Combined TRACON& Tower with Radar,1,35,18,0,54,0,0,6,0,6,1,35,24,0,60,0,0,0,60
03/21/2012,AGS,GA,ASO,ES,Combined TRACON& Tower with Radar,2,32,29,9,72,0,1,11,10,22,2,33,40,19,94,14,20,34,128
03/22/2012,AGS,GA,ASO,ES,Combined TRACON& Tower with Radar,1,38,34,10,83,0,0,4,3,7,1,38,38,13,90,10,12,22,112
03/23/2012,AGS,GA,ASO,ES,Combined TRACON& Tower with Radar,3,36,31,4,74,0,1,2,2,5,3,37,33,6,79,0,0,0,79
03/24/2012,AGS,GA,ASO,ES,Combined TRACON& Tower with Radar,2,28,23,0,53,0,1,10,0,11,2,29,33,0,64,6,0,6,70
03/25/2012,AGS,GA,ASO,ES,Combined TRACON& Tower with Radar,1,36,12,0,49,0,1,9,2,12,1,37,21,2,61,2,0,2,63
03/26/2012,AGS,GA,ASO,ES,Combined TRACON& Tower with Radar,3,33,14,0,50,0,0,9,0,9,3,33,23,0,59,6,0,6,65
03/27/2012,AGS,GA,ASO,ES,Combined TRACON& Tower with Radar,1,35,20,7,63,0,0,22,3,25,1,35,42,10,88,5,4,9,97
03/28/2012,AGS,GA,ASO,ES,Combined TRACON& Tower with Radar,2,41,34,5,82,0,0,4,3,7,2,41,38,8,89,2,4,6,95
03/29/2012,AGS,GA,ASO,ES,Combined TRACON& Tower with Radar,2,37,39,1,79,0,1,5,1,7,2,38,44,2,86,10,0,10,96
03/30/2012,AGS,GA,ASO,ES,Combined TRACON& Tower with Radar,8,38,19,4,69,0,2,10,0,12,8,40,29,4,81,1,6,7,88
03/31/2012,AGS,GA,ASO,ES,Combined TRACON& Tower with Radar,7,27,9,0,43,0,0,1,0,1,7,27,10,0,44,0,0,0,44
04/01/2012,AGS,GA,ASO,ES,Combined TRACON& Tower with Radar,29,70,53,0,152,0,0,7,0,7,29,70,60,0,159,0,0,0,159
04/02/2012,AGS,GA,ASO,ES,Combined TRACON& Tower with Radar,34,40,65,0,139,0,1,4,0,5,34,41,69,0,144,0,0,0,144
04/03/2012,AGS,GA,ASO,ES,Combined TRACON& Tower with Radar,39,65,124,1,229,0,0,2,0,2,39,65,126,1,231,0,0,0,231
04/04/2012,AGS,GA,ASO,ES,Combined TRACON& Tower with Radar,32,103,222,1,358,0,0,2,0,2,32,103,224,1,360,0,0,0,360
04/05/2012,AGS,GA,ASO,ES,Combined TRACON& Tower with Radar,33,89,162,0,284,0,0,7,0,7,33,89,169,0,291,0,0,0,291
04/06/2012,AGS,GA,ASO,ES,Combined TRACON& Tower with Radar,44,108,169,0,321,0,1,5,0,6,44,109,174,0,327,0,0,0,327
04/07/2012,AGS,GA,ASO,ES,Combined TRACON& Tower with Radar,27,92,107,0,226,0,1,4,0,5,27,93,111,0,231,0,0,0,231
04/08/2012,AGS,GA,ASO,ES,Combined TRACON& Tower with Radar,35,140,121,0,296,0,0,2,1,3,35,140,123,1,299,0,0,0,299
04/09/2012,AGS,GA,ASO,ES,Combined TRACON& Tower with Radar,40,72,70,2,184,0,0,4,0,4,40,72,74,2,188,0,0,0,188
04/10/2012,AGS,GA,ASO,ES,Combined TRACON& Tower with Radar,1,30,19,0,50,0,0,4,0,4,1,30,23,0,54,0,0,0,54
04/11/2012,AGS,GA,ASO,ES,Combined TRACON& Tower with Radar,2,30,36,8,76,0,0,7,0,7,2,30,43,8,83,0,0,0,83
04/12/2012,AGS,GA,ASO,ES,Combined TRACON& Tower with Radar,2,32,27,12,73,0,0,10,0,10,2,32,37,12,83,0,24,24,107
04/13/2012,AGS,GA,ASO,ES,Combined TRACON& Tower with Radar,1,36,22,2,61,0,0,10,0,10,1,36,32,2,71,0,0,0,71
04/14/2012,AGS,GA,ASO,ES,Combined TRACON& Tower with Radar,2,23,22,0,47,0,0,8,0,8,2,23,30,0,55,6,0,6,61
04/15/2012,AGS,GA,ASO,ES,Combined TRACON& Tower with Radar,1,39,11,0,51,0,1,3,0,4,1,40,14,0,55,0,0,0,55
04/16/2012,AGS,GA,ASO,ES,Combined TRACON& Tower with Radar,2,35,27,7,71,0,0,3,0,3,2,35,30,7,74,8,0,8,82
04/17/2012,AGS,GA,ASO,ES,Combined TRACON& Tower with Radar,1,31,37,5,74,0,0,11,0,11,1,31,48,5,85,0,2,2,87
04/18/2012,AGS,GA,ASO,ES,Combined TRACON& Tower with Radar,2,39,23,17,81,0,0,3,0,3,2,39,26,17,84,0,8,8,92
04/19/2012,AGS,GA,ASO,ES,Combined TRACON& Tower with Radar,3,45,46,4,98,0,0,0,0,0,3,45,46,4,98,0,0,0,98
04/20/2012,AGS,GA,ASO,ES,Combined TRACON& Tower with Radar,3,35,38,12,88,0,0,2,2,4,3,35,40,14,92,0,0,0,92
04/21/2012,AGS,GA,ASO,ES,Combined TRACON& Tower with Radar,4,27,18,2,51,0,0,0,0,0,4,27,18,2,51,0,0,0,51
04/22/2012,AGS,GA,ASO,ES,Combined TRACON& Tower with Radar,4,42,34,0,80,0,0,2,0,2,4,42,36,0,82,0,0,0,82
04/23/2012,AGS,GA,ASO,ES,Combined TRACON& Tower with Radar,1,38,34,1,74,0,0,6,0,6,1,38,40,1,80,0,0,0,80
04/24/2012,AGS,GA,ASO,ES,Combined TRACON& Tower with Radar,1,41,48,8,98,0,1,4,4,9,1,42,52,12,107,0,0,0,107
04/25/2012,AGS,GA,ASO,ES,Combined TRACON& Tower with Radar,1,38,43,1,83,0,0,5,1,6,1,38,48,2,89,2,0,2,91
04/26/2012,AGS,GA,ASO,ES,Combined TRACON& Tower with Radar,2,30,27,0,59,0,0,4,0,4,2,30,31,0,63,2,0,2,65
04/27/2012,AGS,GA,ASO,ES,Combined TRACON& Tower with Radar,1,34,30,2,67,0,1,15,6,22,1,35,45,8,89,4,0,4,93
04/28/2012,AGS,GA,ASO,ES,Combined TRACON& Tower with Radar,2,22,15,0,39,0,0,7,0,7,2,22,22,0,46,0,0,0,46
04/29/2012,AGS,GA,ASO,ES,Combined TRACON& Tower with Radar,2,31,11,2,46,0,0,2,0,2,2,31,13,2,48,0,0,0,48
04/30/2012,AGS,GA,ASO,ES,Combined TRACON& Tower with Radar,1,36,33,4,74,0,0,5,2,7,1,36,38,6,81,0,6,6,87
05/01/2012,AGS,GA,ASO,ES,Combined TRACON& Tower with Radar,2,36,29,0,67,0,0,9,2,11,2,36,38,2,78,0,0,0,78
05/02/2012,AGS,GA,ASO,ES,Combined TRACON& Tower with Radar,2,36,43,4,85,0,0,5,2,7,2,36,48,6,92,0,18,18,110
05/03/2012,AGS,GA,ASO,ES,Combined TRACON& Tower with Radar,2,43,44,1,90,0,0,12,0,12,2,43,56,1,102,6,0,6,108
05/04/2012,AGS,GA,ASO,ES,Combined TRACON& Tower with Radar,4,33,44,0,81,0,0,18,0,18,4,33,62,0,99,3,0,3,102
05/05/2012,AGS,GA,ASO,ES,Combined TRACON& Tower with Radar,2,27,20,0,49,0,0,5,2,7,2,27,25,2,56,0,0,0,56
05/06/2012,AGS,GA,ASO,ES,Combined TRACON& Tower with Radar,2,33,18,1,54,0,0,4,1,5,2,33,22,2,59,0,0,0,59
05/07/2012,AGS,GA,ASO,ES,Combined TRACON& Tower with Radar,4,36,30,2,72,0,1,1,0,2,4,37,31,2,74,0,0,0,74
05/08/2012,AGS,GA,ASO,ES,Combined TRACON& Tower with Radar,2,35,43,0,80,0,1,5,0,6,2,36,48,0,86,0,0,0,86
05/09/2012,AGS,GA,ASO,ES,Combined TRACON& Tower with Radar,2,44,17,1,64,0,0,2,0,2,2,44,19,1,66,0,0,0,66
05/10/2012,AGS,GA,ASO,ES,Combined TRACON& Tower with Radar,5,39,28,3,75,0,0,11,1,12,5,39,39,4,87,4,0,4,91
05/11/2012,AGS,GA,ASO,ES,Combined TRACON& Tower with Radar,3,38,35,0,76,0,0,15,0,15,3,38,50,0,91,6,0,6,97
05/12/2012,AGS,GA,ASO,ES,Combined TRACON& Tower with Radar,2,34,27,2,65,0,1,12,0,13,2,35,39,2,78,6,0,6,84
05/13/2012,AGS,GA,ASO,ES,Combined TRACON& Tower with Radar,3,41,16,0,60,0,0,2,0,2,3,41,18,0,62,0,0,0,62
05/14/2012,AGS,GA,ASO,ES,Combined TRACON& Tower with Radar,2,43,34,1,80,0,0,4,0,4,2,43,38,1,84,0,0,0,84
05/15/2012,AGS,GA,ASO,ES,Combined TRACON& Tower with Radar,2,38,43,1,84,0,1,7,0,8,2,39,50,1,92,0,0,0,92
05/16/2012,AGS,GA,ASO,ES,Combined TRACON& Tower with Radar,1,43,23,5,72,0,0,5,1,6,1,43,28,6,78,9,0,9,87
05/17/2012,AGS,GA,ASO,ES,Combined TRACON& Tower with Radar,4,34,32,2,72,0,0,2,0,2,4,34,34,2,74,0,0,0,74
05/18/2012,AGS,GA,ASO,ES,Combined TRACON& Tower with Radar,2,37,33,8,80,0,0,1,0,1,2,37,34,8,81,0,0,0,81
05/19/2012,AGS,GA,ASO,ES,Combined TRACON& Tower with Radar,2,27,24,1,54,0,0,10,1,11,2,27,34,2,65,12,0,12,77
05/20/2012,AGS,GA,ASO,ES,Combined TRACON& Tower with Radar,5,52,33,0,90,0,0,1,4,5,5,52,34,4,95,0,0,0,95
05/21/2012,AGS,GA,ASO,ES,Combined TRACON& Tower with Radar,9,48,46,2,105,0,0,10,4,14,9,48,56,6,119,6,8,14,133
05/22/2012,AGS,GA,ASO,ES,Combined TRACON& Tower with Radar,2,34,19,0,55,0,0,11,0,11,2,34,30,0,66,8,0,8,74
05/23/2012,AGS,GA,ASO,ES,Combined TRACON& Tower with Radar,2,29,28,2,61,0,1,8,2,11,2,30,36,4,72,12,0,12,84
05/24/2012,AGS,GA,ASO,ES,Combined TRACON& Tower with Radar,2,32,14,2,50,0,0,5,8,13,2,32,19,10,63,6,0,6,69
05/25/2012,AGS,GA,ASO,ES,Combined TRACON& Tower with Radar,2,35,18,4,59,0,0,9,0,9,2,35,27,4,68,0,4,4,72
05/26/2012,AGS,GA,ASO,ES,Combined TRACON& Tower with Radar,1,22,8,0,31,0,0,11,0,11,1,22,19,0,42,26,0,26,68
05/27/2012,AGS,GA,ASO,ES,Combined TRACON& Tower with Radar,1,24,14,0,39,0,0,2,0,2,1,24,16,0,41,3,0,3,44
05/28/2012,AGS,GA,ASO,ES,Combined TRACON& Tower with Radar,1,28,12,0,41,0,0,4,0,4,1,28,16,0,45,0,0,0,45
05/29/2012,AGS,GA,ASO,ES,Combined TRACON& Tower with Radar,1,27,12,0,40,0,0,0,0,0,1,27,12,0,40,0,0,0,40
05/30/2012,AGS,GA,ASO,ES,Combined TRACON& Tower with Radar,2,27,26,0,55,0,1,15,0,16,2,28,41,0,71,12,0,12,83
05/31/2012,AGS,GA,ASO,ES,Combined TRACON& Tower with Radar,2,27,33,1,63,0,0,16,1,17,2,27,49,2,80,22,0,22,102
06/01/2012,AGS,GA,ASO,ES,Combined TRACON& Tower with Radar,2,28,16,0,46,0,0,2,0,2,2,28,18,0,48,0,0,0,48
06/02/2012,AGS,GA,ASO,ES,Combined TRACON& Tower with Radar,1,28,9,0,38,0,0,5,0,5,1,28,14,0,43,0,0,0,43
06/03/2012,AGS,GA,ASO,ES,Combined TRACON& Tower with Radar,2,28,11,0,41,0,0,2,0,2,2,28,13,0,43,0,0,0,43
06/04/2012,AGS,GA,ASO,ES,Combined TRACON& Tower with Radar,1,32,8,1,42,0,0,0,1,1,1,32,8,2,43,0,0,0,43
06/05/2012,AGS,GA,ASO,ES,Combined TRACON& Tower with Radar,3,27,22,0,52,0,0,3,0,3,3,27,25,0,55,12,0,12,67
06/06/2012,AGS,GA,ASO,ES,Combined TRACON& Tower with Radar,2,30,14,2,48,0,0,7,2,9,2,30,21,4,57,33,0,33,90
06/07/2012,AGS,GA,ASO,ES,Combined TRACON& Tower with Radar,1,28,22,2,53,0,0,6,0,6,1,28,28,2,59,32,0,32,91
06/08/2012,AGS,GA,ASO,ES,Combined TRACON& Tower with Radar,2,33,18,4,57,0,0,10,4,14,2,33,28,8,71,0,0,0,71
06/09/2012,AGS,GA,ASO,ES,Combined TRACON& Tower with Radar,1,21,1,2,25,0,0,7,0,7,1,21,8,2,32,5,0,5,37
06/10/2012,AGS,GA,ASO,ES,Combined TRACON& Tower with Radar,3,30,11,0,44,0,0,1,0,1,3,30,12,0,45,0,0,0,45
06/11/2012,AGS,GA,ASO,ES,Combined TRACON& Tower with Radar,2,38,16,2,58,0,0,0,1,1,2,38,16,3,59,0,0,0,59
06/12/2012,AGS,GA,ASO,ES,Combined TRACON& Tower with Radar,1,32,12,1,46,0,0,4,2,6,1,32,16,3,52,16,0,16,68
06/13/2012,AGS,GA,ASO,ES,Combined TRACON& Tower with Radar,8,31,18,8,65,0,0,5,1,6,8,31,23,9,71,8,16,24,95
06/14/2012,AGS,GA,ASO,ES,Combined TRACON& Tower with Radar,3,36,18,30,87,0,0,3,1,4,3,36,21,31,91,12,8,20,111
06/15/2012,AGS,GA,ASO,ES,Combined TRACON& Tower with Radar,2,28,10,4,44,0,1,9,9,19,2,29,19,13,63,10,0,10,73
06/16/2012,AGS,GA,ASO,ES,Combined TRACON& Tower with Radar,1,25,16,0,42,0,0,10,0,10,1,25,26,0,52,12,0,12,64
06/17/2012,AGS,GA,ASO,ES,Combined TRACON& Tower with Radar,1,33,5,0,39,0,1,3,0,4,1,34,8,0,43,0,0,0,43
06/18/2012,AGS,GA,ASO,ES,Combined TRACON& Tower with Radar,4,30,18,2,54,0,1,5,3,9,4,31,23,5,63,6,0,6,69
06/19/2012,AGS,GA,ASO,ES,Combined TRACON& Tower with Radar,2,29,28,7,66,0,1,8,5,14,2,30,36,12,80,12,6,18,98
06/20/2012,AGS,GA,ASO,ES,Combined TRACON& Tower with Radar,2,28,16,1,47,0,0,10,5,15,2,28,26,6,62,21,0,21,83
06/21/2012,AGS,GA,ASO,ES,Combined TRACON& Tower with Radar,3,31,21,3,58,0,0,16,4,20,3,31,37,7,78,2,0,2,80
06/22/2012,AGS,GA,ASO,ES,Combined TRACON& Tower with Radar,1,26,15,13,55,0,0,11,2,13,1,26,26,15,68,1,0,1,69
06/23/2012,AGS,GA,ASO,ES,Combined TRACON& Tower with Radar,1,28,12,0,41,0,0,3,0,3,1,28,15,0,44,4,0,4,48
06/24/2012,AGS,GA,ASO,ES,Combined TRACON& Tower with Radar,1,29,10,0,40,0,0,3,0,3,1,29,13,0,43,0,0,0,43
06/25/2012,AGS,GA,ASO,ES,Combined TRACON& Tower with Radar,1,31,22,0,54,0,7,9,0,16,1,38,31,0,70,0,0,0,70
06/26/2012,AGS,GA,ASO,ES,Combined TRACON& Tower with Radar,1,29,19,2,51,0,0,7,0,7,1,29,26,2,58,0,0,0,58
06/27/2012,AGS,GA,ASO,ES,Combined TRACON& Tower with Radar,1,26,15,6,48,0,0,11,2,13,1,26,26,8,61,2,6,8,69
06/28/2012,AGS,GA,ASO,ES,Combined TRACON& Tower with Radar,2,32,23,4,61,0,0,5,10,15,2,32,28,14,76,2,0,2,78
06/29/2012,AGS,GA,ASO,ES,Combined TRACON& Tower with Radar,1,33,26,2,62,0,1,11,2,14,1,34,37,4,76,0,0,0,76
06/30/2012,AGS,GA,ASO,ES,Combined TRACON& Tower with Radar,1,21,9,2,33,0,0,4,0,4,1,21,13,2,37,0,0,0,37
07/01/2012,AGS,GA,ASO,ES,Combined TRACON& Tower with Radar,1,28,5,0,34,0,1,1,0,2,1,29,6,0,36,0,0,0,36
07/02/2012,AGS,GA,ASO,ES,Combined TRACON& Tower with Radar,2,27,11,0,40,0,1,4,0,5,2,28,15,0,45,0,0,0,45
07/03/2012,AGS,GA,ASO,ES,Combined TRACON& Tower with Radar,7,29,9,1,46,0,0,10,1,11,7,29,19,2,57,0,11,11,68
07/04/2012,AGS,GA,ASO,ES,Combined TRACON& Tower with Radar,2,21,4,0,27,0,0,5,0,5,2,21,9,0,32,0,0,0,32
07/05/2012,AGS,GA,ASO,ES,Combined TRACON& Tower with Radar,2,18,12,2,34,0,0,3,0,3,2,18,15,2,37,10,0,10,47
07/06/2012,AGS,GA,ASO,ES,Combined TRACON& Tower with Radar,2,31,8,7,48,0,1,5,2,8,2,32,13,9,56,8,6,14,70
07/07/2012,AGS,GA,ASO,ES,Combined TRACON& Tower with Radar,1,30,6,2,39,0,2,10,0,12,1,32,16,2,51,0,0,0,51
07/08/2012,AGS,GA,ASO,ES,Combined TRACON& Tower with Radar,1,28,12,0,41,0,0,7,0,7,1,28,19,0,48,0,0,0,48
07/09/2012,AGS,GA,ASO,ES,Combined TRACON& Tower with Radar,1,25,14,0,40,0,0,17,3,20,1,25,31,3,60,0,0,0,60
07/10/2012,AGS,GA,ASO,ES,Combined TRACON& Tower with Radar,3,37,28,2,70,0,0,12,0,12,3,37,40,2,82,0,0,0,82
07/11/2012,AGS,GA,ASO,ES,Combined TRACON& Tower with Radar,2,31,26,7,66,0,0,8,0,8,2,31,34,7,74,3,11,14,88
07/12/2012,AGS,GA,ASO,ES,Combined TRACON& Tower with Radar,3,40,27,0,70,0,0,10,0,10,3,40,37,0,80,10,0,10,90
07/13/2012,AGS,GA,ASO,ES,Combined TRACON& Tower with Radar,8,28,13,4,53,0,0,4,0,4,8,28,17,4,57,0,0,0,57
07/14/2012,AGS,GA,ASO,ES,Combined TRACON& Tower with Radar,1,23,7,2,33,0,2,2,0,4,1,25,9,2,37,0,0,0,37
07/15/2012,AGS,GA,ASO,ES,Combined TRACON& Tower with Radar,2,30,12,3,47,0,0,7,1,8,2,30,19,4,55,6,0,6,61
07/16/2012,AGS,GA,ASO,ES,Combined TRACON& Tower with Radar,5,34,16,3,58,0,0,6,2,8,5,34,22,5,66,6,0,6,72
07/17/2012,AGS,GA,ASO,ES,Combined TRACON& Tower with Radar,2,32,30,1,65,0,0,11,0,11,2,32,41,1,76,10,0,10,86
07/18/2012,AGS,GA,ASO,ES,Combined TRACON& Tower with Radar,3,40,34,5,82,0,0,6,6,12,3,40,40,11,94,2,2,4,98
07/19/2012,AGS,GA,ASO,ES,Combined TRACON& Tower with Radar,2,37,41,1,81,0,0,1,2,3,2,37,42,3,84,0,0,0,84
07/20/2012,AGS,GA,ASO,ES,Combined TRACON& Tower with Radar,1,42,46,4,93,0,0,4,0,4,1,42,50,4,97,4,0,4,101
07/21/2012,AGS,GA,ASO,ES,Combined TRACON& Tower with Radar,1,29,30,0,60,0,0,4,0,4,1,29,34,0,64,0,0,0,64
07/22/2012,AGS,GA,ASO,ES,Combined TRACON& Tower with Radar,4,36,16,0,56,0,0,11,0,11,4,36,27,0,67,4,0,4,71
07/23/2012,AGS,GA,ASO,ES,Combined TRACON& Tower with Radar,1,34,16,10,61,0,0,10,0,10,1,34,26,10,71,18,0,18,89
07/24/2012,AGS,GA,ASO,ES,Combined TRACON& Tower with Radar,2,30,10,3,45,0,0,9,0,9,2,30,19,3,54,0,0,0,54
07/25/2012,AGS,GA,ASO,ES,Combined TRACON& Tower with Radar,3,34,16,4,57,0,1,8,3,12,3,35,24,7,69,20,6,26,95
07/26/2012,AGS,GA,ASO,ES,Combined TRACON& Tower with Radar,1,35,12,0,48,0,0,12,0,12,1,35,24,0,60,4,0,4,64
07/27/2012,AGS,GA,ASO,ES,Combined TRACON& Tower with Radar,1,30,21,0,52,0,1,7,0,8,1,31,28,0,60,8,0,8,68
07/28/2012,AGS,GA,ASO,ES,Combined TRACON& Tower with Radar,3,27,9,2,41,0,2,8,0,10,3,29,17,2,51,8,0,8,59
07/29/2012,AGS,GA,ASO,ES,Combined TRACON& Tower with Radar,1,30,13,4,48,0,0,7,0,7,1,30,20,4,55,0,0,0,55
07/30/2012,AGS,GA,ASO,ES,Combined TRACON& Tower with Radar,1,29,14,0,44,0,0,9,1,10,1,29,23,1,54,0,0,0,54
07/31/2012,AGS,GA,ASO,ES,Combined TRACON& Tower with Radar,2,30,21,0,53,0,0,0,0,0,2,30,21,0,53,0,0,0,53
08/01/2012,AGS,GA,ASO,ES,Combined TRACON& Tower with Radar,1,34,23,2,60,0,0,6,0,6,1,34,29,2,66,0,0,0,66
08/02/2012,AGS,GA,ASO,ES,Combined TRACON& Tower with Radar,1,28,12,8,49,0,0,2,0,2,1,28,14,8,51,2,20,22,73
08/03/2012,AGS,GA,ASO,ES,Combined TRACON& Tower with Radar,1,31,20,0,52,0,0,13,3,16,1,31,33,3,68,0,0,0,68
08/04/2012,AGS,GA,ASO,ES,Combined TRACON& Tower with Radar,2,23,4,2,31,0,0,4,0,4,2,23,8,2,35,4,0,4,39
08/05/2012,AGS,GA,ASO,ES,Combined TRACON& Tower with Radar,3,30,6,0,39,0,2,3,0,5,3,32,9,0,44,0,0,0,44
08/06/2012,AGS,GA,ASO,ES,Combined TRACON& Tower with Radar,2,29,18,2,51,0,0,3,0,3,2,29,21,2,54,1,0,1,55
08/07/2012,AGS,GA,ASO,ES,Combined TRACON& Tower with Radar,1,30,26,0,57,0,0,2,0,2,1,30,28,0,59,0,0,0,59
08/08/2012,AGS,GA,ASO,ES,Combined TRACON& Tower with Radar,5,32,22,3,62,0,0,4,1,5,5,32,26,4,67,8,0,8,75
08/09/2012,AGS,GA,ASO,ES,Combined TRACON& Tower with Radar,5,29,25,2,61,0,0,8,0,8,5,29,33,2,69,11,0,11,80
08/10/2012,AGS,GA,ASO,ES,Combined TRACON& Tower with Radar,3,36,26,0,65,0,0,2,0,2,3,36,28,0,67,0,0,0,67
08/11/2012,AGS,GA,ASO,ES,Combined TRACON& Tower with Radar,1,21,5,0,27,0,1,4,0,5,1,22,9,0,32,0,0,0,32
08/12/2012,AGS,GA,ASO,ES,Combined TRACON& Tower with Radar,3,28,17,0,48,0,0,11,0,11,3,28,28,0,59,6,0,6,65
08/13/2012,AGS,GA,ASO,ES,Combined TRACON& Tower with Radar,9,36,21,3,69,0,0,10,0,10,9,36,31,3,79,14,0,14,93
08/14/2012,AGS,GA,ASO,ES,Combined TRACON& Tower with Radar,6,26,6,5,43,0,0,5,0,5,6,26,11,5,48,0,0,0,48
08/15/2012,AGS,GA,ASO,ES,Combined TRACON& Tower with Radar,4,30,15,11,60,0,0,2,0,2,4,30,17,11,62,0,0,0,62
08/16/2012,AGS,GA,ASO,ES,Combined TRACON& Tower with Radar,4,30,13,9,56,0,0,9,0,9,4,30,22,9,65,0,0,0,65
08/17/2012,AGS,GA,ASO,ES,Combined TRACON& Tower with Radar,3,35,17,5,60,0,0,5,4,9,3,35,22,9,69,4,2,6,75
08/18/2012,AGS,GA,ASO,ES,Combined TRACON& Tower with Radar,1,23,9,0,33,0,0,14,2,16,1,23,23,2,49,16,0,16,65
08/19/2012,AGS,GA,ASO,ES,Combined TRACON& Tower with Radar,4,25,10,0,39,0,0,0,0,0,4,25,10,0,39,0,0,0,39
08/20/2012,AGS,GA,ASO,ES,Combined TRACON& Tower with Radar,3,31,18,0,52,0,0,0,0,0,3,31,18,0,52,2,0,2,54
08/21/2012,AGS,GA,ASO,ES,Combined TRACON& Tower with Radar,3,30,13,4,50,0,0,2,0,2,3,30,15,4,52,2,2,4,56
08/22/2012,AGS,GA,ASO,ES,Combined TRACON& Tower with Radar,9,33,20,7,69,0,0,3,0,3,9,33,23,7,72,0,6,6,78
08/23/2012,AGS,GA,ASO,ES,Combined TRACON& Tower with Radar,3,25,21,0,49,0,1,7,0,8,3,26,28,0,57,6,0,6,63
08/24/2012,AGS,GA,ASO,ES,Combined TRACON& Tower with Radar,4,27,21,0,52,0,1,7,0,8,4,28,28,0,60,1,0,1,61
08/25/2012,AGS,GA,ASO,ES,Combined TRACON& Tower with Radar,1,22,8,3,34,0,1,7,1,9,1,23,15,4,43,12,4,16,59
08/26/2012,AGS,GA,ASO,ES,Combined TRACON& Tower with Radar,4,28,12,0,44,0,0,2,0,2,4,28,14,0,46,0,0,0,46
08/27/2012,AGS,GA,ASO,ES,Combined TRACON& Tower with Radar,4,28,17,0,49,0,0,12,0,12,4,28,29,0,61,5,0,5,66
08/28/2012,AGS,GA,ASO,ES,Combined TRACON& Tower with Radar,5,30,18,2,55,0,0,0,0,0,5,30,18,2,55,0,0,0,55
08/29/2012,AGS,GA,ASO,ES,Combined TRACON& Tower with Radar,3,31,17,2,53,0,0,8,0,8,3,31,25,2,61,0,0,0,61
08/30/2012,AGS,GA,ASO,ES,Combined TRACON& Tower with Radar,3,27,15,0,45,0,0,4,0,4,3,27,19,0,49,14,0,14,63
08/31/2012,AGS,GA,ASO,ES,Combined TRACON& Tower with Radar,3,29,25,7,64,0,0,15,3,18,3,29,40,10,82,16,20,36,118
09/01/2012,AGS,GA,ASO,ES,Combined TRACON& Tower with Radar,2,22,6,0,30,0,0,6,2,8,2,22,12,2,38,0,0,0,38
09/02/2012,AGS,GA,ASO,ES,Combined TRACON& Tower with Radar,1,18,3,2,24,0,0,5,0,5,1,18,8,2,29,0,0,0,29
09/03/2012,AGS,GA,ASO,ES,Combined TRACON& Tower with Radar,3,27,12,2,44,0,0,2,0,2,3,27,14,2,46,12,0,12,58
09/04/2012,AGS,GA,ASO,ES,Combined TRACON& Tower with Radar,3,32,20,4,59,0,2,3,0,5,3,34,23,4,64,0,0,0,64
09/05/2012,AGS,GA,ASO,ES,Combined TRACON& Tower with Radar,6,31,13,2,52,0,0,6,0,6,6,31,19,2,58,14,0,14,72
09/06/2012,AGS,GA,ASO,ES,Combined TRACON& Tower with Radar,5,28,13,2,48,0,1,6,0,7,5,29,19,2,55,0,0,0,55
09/07/2012,AGS,GA,ASO,ES,Combined TRACON& Tower with Radar,5,27,11,2,45,0,0,2,2,4,5,27,13,4,49,0,0,0,49
09/08/2012,AGS,GA,ASO,ES,Combined TRACON& Tower with Radar,2,18,5,4,29,0,0,3,0,3,2,18,8,4,32,24,0,24,56
09/09/2012,AGS,GA,ASO,ES,Combined TRACON& Tower with Radar,6,29,2,0,37,0,1,14,0,15,6,30,16,0,52,78,0,78,130
09/10/2012,AGS,GA,ASO,ES,Combined TRACON& Tower with Radar,4,27,18,0,49,0,0,4,0,4,4,27,22,0,53,50,0,50,103
09/11/2012,AGS,GA,ASO,ES,Combined TRACON& Tower with Radar,4,27,17,0,48,0,0,10,2,12,4,27,27,2,60,27,0,27,87
09/12/2012,AGS,GA,ASO,ES,Combined TRACON& Tower with Radar,4,27,21,0,52,0,0,10,2,12,4,27,31,2,64,2,0,2,66
09/13/2012,AGS,GA,ASO,ES,Combined TRACON& Tower with Radar,4,27,14,0,45,0,0,8,1,9,4,27,22,1,54,40,0,40,94
09/14/2012,AGS,GA,ASO,ES,Combined TRACON& Tower with Radar,4,28,21,2,55,0,0,18,0,18,4,28,39,2,73,48,0,48,121
09/15/2012,AGS,GA,ASO,ES,Combined TRACON& Tower with Radar,2,26,13,4,45,0,0,11,0,11,2,26,24,4,56,27,0,27,83
09/16/2012,AGS,GA,ASO,ES,Combined TRACON& Tower with Radar,4,27,13,1,45,0,0,11,0,11,4,27,24,1,56,19,0,19,75
09/17/2012,AGS,GA,ASO,ES,Combined TRACON& Tower with Radar,4,27,16,7,54,0,0,1,0,1,4,27,17,7,55,0,20,20,75
09/18/2012,AGS,GA,ASO,ES,Combined TRACON& Tower with Radar,4,24,16,1,45,0,0,0,0,0,4,24,16,1,45,0,0,0,45
09/19/2012,AGS,GA,ASO,ES,Combined TRACON& Tower with Radar,4,24,25,5,58,0,0,6,0,6,4,24,31,5,64,2,2,4,68
09/20/2012,AGS,GA,ASO,ES,Combined TRACON& Tower with Radar,6,25,14,10,55,0,0,5,1,6,6,25,19,11,61,4,2,6,67
09/21/2012,AGS,GA,ASO,ES,Combined TRACON& Tower with Radar,4,26,10,2,42,0,0,6,5,11,4,26,16,7,53,1,0,1,54
09/22/2012,AGS,GA,ASO,ES,Combined TRACON& Tower with Radar,2,23,9,0,34,0,0,8,0,8,2,23,17,0,42,8,0,8,50
09/23/2012,AGS,GA,ASO,ES,Combined TRACON& Tower with Radar,6,33,7,0,46,0,2,4,4,10,6,35,11,4,56,2,0,2,58
09/24/2012,AGS,GA,ASO,ES,Combined TRACON& Tower with Radar,4,33,10,12,59,0,0,5,6,11,4,33,15,18,70,0,0,0,70
09/25/2012,AGS,GA,ASO,ES,Combined TRACON& Tower with Radar,5,24,20,0,49,0,0,8,3,11,5,24,28,3,60,0,0,0,60
09/26/2012,AGS,GA,ASO,ES,Combined TRACON& Tower with Radar,4,23,19,2,48,0,0,2,4,6,4,23,21,6,54,0,8,8,62
09/27/2012,AGS,GA,ASO,ES,Combined TRACON& Tower with Radar,2,29,16,8,55,0,0,7,4,11,2,29,23,12,66,0,4,4,70
09/28/2012,AGS,GA,ASO,ES,Combined TRACON& Tower with Radar,6,27,18,2,53,0,1,11,0,12,6,28,29,2,65,4,2,6,71
09/29/2012,AGS,GA,ASO,ES,Combined TRACON& Tower with Radar,2,23,5,2,32,0,0,1,0,1,2,23,6,2,33,2,0,2,35
09/30/2012,AGS,GA,ASO,ES,Combined TRACON& Tower with Radar,2,32,6,0,40,0,0,0,0,0,2,32,6,0,40,0,0,0,40
10/01/2012,AGS,GA,ASO,ES,Combined TRACON& Tower with Radar,6,25,16,0,47,0,0,9,4,13,6,25,25,4,60,40,0,40,100
10/02/2012,AGS,GA,ASO,ES,Combined TRACON& Tower with Radar,4,26,8,0,38,0,0,8,4,12,4,26,16,4,50,12,0,12,62
10/03/2012,AGS,GA,ASO,ES,Combined TRACON& Tower with Radar,4,27,16,3,50,0,0,12,0,12,4,27,28,3,62,0,0,0,62
10/04/2012,AGS,GA,ASO,ES,Combined TRACON& Tower with Radar,5,31,20,0,56,0,0,7,0,7,5,31,27,0,63,12,0,12,75
10/05/2012,AGS,GA,ASO,ES,Combined TRACON& Tower with Radar,5,25,14,7,51,0,0,3,2,5,5,25,17,9,56,4,0,4,60
10/06/2012,AGS,GA,ASO,ES,Combined TRACON& Tower with Radar,2,23,13,0,38,0,0,4,0,4,2,23,17,0,42,0,0,0,42
10/07/2012,AGS,GA,ASO,ES,Combined TRACON& Tower with Radar,6,26,8,1,41,0,0,5,2,7,6,26,13,3,48,5,0,5,53
10/08/2012,AGS,GA,ASO,ES,Combined TRACON& Tower with Radar,4,28,20,2,54,0,0,5,0,5,4,28,25,2,59,11,0,11,70
10/09/2012,AGS,GA,ASO,ES,Combined TRACON& Tower with Radar,4,35,26,1,66,0,0,5,0,5,4,35,31,1,71,0,0,0,71
10/10/2012,AGS,GA,ASO,ES,Combined TRACON& Tower with Radar,4,34,18,2,58,0,0,0,4,4,4,34,18,6,62,0,0,0,62
10/11/2012,AGS,GA,ASO,ES,Combined TRACON& Tower with Radar,4,29,30,2,65,0,0,8,3,11,4,29,38,5,76,8,0,8,84
10/12/2012,AGS,GA,ASO,ES,Combined TRACON& Tower with Radar,4,30,13,1,48,0,0,10,2,12,4,30,23,3,60,2,1,3,63
10/13/2012,AGS,GA,ASO,ES,Combined TRACON& Tower with Radar,2,24,10,10,46,0,2,18,1,21,2,26,28,11,67,9,2,11,78
10/14/2012,AGS,GA,ASO,ES,Combined TRACON& Tower with Radar,4,27,10,0,41,0,0,6,2,8,4,27,16,2,49,0,0,0,49
10/15/2012,AGS,GA,ASO,ES,Combined TRACON& Tower with Radar,4,30,27,1,62,0,0,5,0,5,4,30,32,1,67,0,0,0,67
10/16/2012,AGS,GA,ASO,ES,Combined TRACON& Tower with Radar,4,27,19,1,51,0,0,15,0,15,4,27,34,1,66,0,0,0,66
10/17/2012,AGS,GA,ASO,ES,Combined TRACON& Tower with Radar,4,30,19,6,59,0,0,12,4,16,4,30,31,10,75,32,0,32,107
10/18/2012,AGS,GA,ASO,ES,Combined TRACON& Tower with Radar,4,33,33,1,71,0,0,6,0,6,4,33,39,1,77,0,0,0,77
10/19/2012,AGS,GA,ASO,ES,Combined TRACON& Tower with Radar,4,33,22,0,59,0,0,4,2,6,4,33,26,2,65,4,0,4,69
10/20/2012,AGS,GA,ASO,ES,Combined TRACON& Tower with Radar,4,21,15,0,40,0,0,6,0,6,4,21,21,0,46,0,0,0,46
10/21/2012,AGS,GA,ASO,ES,Combined TRACON& Tower with Radar,4,40,8,0,52,0,0,6,7,13,4,40,14,7,65,0,0,0,65
10/22/2012,AGS,GA,ASO,ES,Combined TRACON& Tower with Radar,4,30,22,0,56,0,0,7,1,8,4,30,29,1,64,20,0,20,84
10/23/2012,AGS,GA,ASO,ES,Combined TRACON& Tower with Radar,4,27,38,6,75,0,0,2,6,8,4,27,40,12,83,14,2,16,99
10/24/2012,AGS,GA,ASO,ES,Combined TRACON& Tower with Radar,4,29,27,8,68,0,2,20,3,25,4,31,47,11,93,38,4,42,135
10/25/2012,AGS,GA,ASO,ES,Combined TRACON& Tower with Radar,4,39,25,7,75,0,0,6,6,12,4,39,31,13,87,2,4,6,93
10/26/2012,AGS,GA,ASO,ES,Combined TRACON& Tower with Radar,4,41,30,1,76,0,0,7,1,8,4,41,37,2,84,2,0,2,86
10/27/2012,AGS,GA,ASO,ES,Combined TRACON& Tower with Radar,2,31,14,2,49,0,1,5,0,6,2,32,19,2,55,0,0,0,55
10/28/2012,AGS,GA,ASO,ES,Combined TRACON& Tower with Radar,4,34,17,0,55,0,0,3,0,3,4,34,20,0,58,0,0,0,58
10/29/2012,AGS,GA,ASO,ES,Combined TRACON& Tower with Radar,4,28,29,0,61,0,0,9,1,10,4,28,38,1,71,4,0,4,75
10/30/2012,AGS,GA,ASO,ES,Combined TRACON& Tower with Radar,4,25,30,0,59,0,0,0,1,1,4,25,30,1,60,0,0,0,60
10/31/2012,AGS,GA,ASO,ES,Combined TRACON& Tower with Radar,4,28,19,2,53,0,1,6,1,8,4,29,25,3,61,4,0,4,65
11/01/2012,AGS,GA,ASO,ES,Combined TRACON& Tower with Radar,4,34,25,2,65,0,0,2,1,3,4,34,27,3,68,0,0,0,68
11/02/2012,AGS,GA,ASO,ES,Combined TRACON& Tower with Radar,4,27,40,3,74,0,3,16,4,23,4,30,56,7,97,4,2,6,103
11/03/2012,AGS,GA,ASO,ES,Combined TRACON& Tower with Radar,2,28,9,7,46,0,0,4,0,4,2,28,13,7,50,18,0,18,68
11/04/2012,AGS,GA,ASO,ES,Combined TRACON& Tower with Radar,2,37,8,0,47,0,0,6,0,6,2,37,14,0,53,12,0,12,65
11/05/2012,AGS,GA,ASO,ES,Combined TRACON& Tower with Radar,2,27,19,0,48,0,0,3,0,3,2,27,22,0,51,24,0,24,75
11/06/2012,AGS,GA,ASO,ES,Combined TRACON& Tower with Radar,2,33,22,3,60,0,0,5,1,6,2,33,27,4,66,2,0,2,68
11/07/2012,AGS,GA,ASO,ES,Combined TRACON& Tower with Radar,6,34,33,3,76,0,0,0,0,0,6,34,33,3,76,0,0,0,76
11/08/2012,AGS,GA,ASO,ES,Combined TRACON& Tower with Radar,4,54,71,2,131,0,1,8,0,9,4,55,79,2,140,8,0,8,148
11/09/2012,AGS,GA,ASO,ES,Combined TRACON& Tower with Radar,7,50,55,0,112,0,0,10,1,11,7,50,65,1,123,4,0,4,127
11/10/2012,AGS,GA,ASO,ES,Combined TRACON& Tower with Radar,4,28,18,0,50,0,0,6,0,6,4,28,24,0,56,0,0,0,56
11/11/2012,AGS,GA,ASO,ES,Combined TRACON& Tower with Radar,5,40,17,0,62,0,2,4,0,6,5,42,21,0,68,10,0,10,78
11/12/2012,AGS,GA,ASO,ES,Combined TRACON& Tower with Radar,4,37,21,3,65,0,0,5,0,5,4,37,26,3,70,9,0,9,79
11/13/2012,AGS,GA,ASO,ES,Combined TRACON& Tower with Radar,5,36,23,1,65,0,0,4,0,4,5,36,27,1,69,0,0,0,69
11/14/2012,AGS,GA,ASO,ES,Combined TRACON& Tower with Radar,2,33,21,8,64,0,0,5,2,7,2,33,26,10,71,6,14,20,91
11/15/2012,AGS,GA,ASO,ES,Combined TRACON& Tower with Radar,3,38,31,3,75,0,0,0,0,0,3,38,31,3,75,0,0,0,75
11/16/2012,AGS,GA,ASO,ES,Combined TRACON& Tower with Radar,2,34,31,0,67,0,0,15,1,16,2,34,46,1,83,2,0,2,85
11/17/2012,AGS,GA,ASO,ES,Combined TRACON& Tower with Radar,4,29,6,0,39,0,0,8,4,12,4,29,14,4,51,14,0,14,65
11/18/2012,AGS,GA,ASO,ES,Combined TRACON& Tower with Radar,3,31,18,0,52,0,0,6,0,6,3,31,24,0,58,14,0,14,72
11/19/2012,AGS,GA,ASO,ES,Combined TRACON& Tower with Radar,7,22,26,1,56,0,0,7,1,8,7,22,33,2,64,6,0,6,70
11/20/2012,AGS,GA,ASO,ES,Combined TRACON& Tower with Radar,6,39,18,2,65,0,0,4,4,8,6,39,22,6,73,20,0,20,93
11/21/2012,AGS,GA,ASO,ES,Combined TRACON& Tower with Radar,8,34,26,1,69,0,0,5,0,5,8,34,31,1,74,12,0,12,86
11/22/2012,AGS,GA,ASO,ES,Combined TRACON& Tower with Radar,3,21,2,0,26,0,1,4,1,6,3,22,6,1,32,0,0,0,32
11/23/2012,AGS,GA,ASO,ES,Combined TRACON& Tower with Radar,3,26,21,0,50,0,0,7,0,7,3,26,28,0,57,12,0,12,69
11/24/2012,AGS,GA,ASO,ES,Combined TRACON& Tower with Radar,2,33,22,0,57,0,0,7,0,7,2,33,29,0,64,10,0,10,74
11/25/2012,AGS,GA,ASO,ES,Combined TRACON& Tower with Radar,7,34,17,0,58,0,0,7,0,7,7,34,24,0,65,16,0,16,81
11/26/2012,AGS,GA,ASO,ES,Combined TRACON& Tower with Radar,6,34,20,8,68,0,2,9,2,13,6,36,29,10,81,2,7,9,90
11/27/2012,AGS,GA,ASO,ES,Combined TRACON& Tower with Radar,3,35,42,0,80,0,0,6,0,6,3,35,48,0,86,2,0,2,88
11/28/2012,AGS,GA,ASO,ES,Combined TRACON& Tower with Radar,5,41,29,2,77,0,0,2,0,2,5,41,31,2,79,0,0,0,79
11/29/2012,AGS,GA,ASO,ES,Combined TRACON& Tower with Radar,4,42,42,5,93,0,1,8,0,9,4,43,50,5,102,8,0,8,110
11/30/2012,AGS,GA,ASO,ES,Combined TRACON& Tower with Radar,4,34,26,5,69,0,0,10,2,12,4,34,36,7,81,0,0,0,81
12/01/2012,AGS,GA,ASO,ES,Combined TRACON& Tower with Radar,3,35,10,0,48,0,0,9,0,9,3,35,19,0,57,10,0,10,67
12/02/2012,AGS,GA,ASO,ES,Combined TRACON& Tower with Radar,2,34,13,0,49,0,0,5,0,5,2,34,18,0,54,28,0,28,82
12/03/2012,AGS,GA,ASO,ES,Combined TRACON& Tower with Radar,2,29,30,0,61,0,0,4,1,5,2,29,34,1,66,0,0,0,66
12/04/2012,AGS,GA,ASO,ES,Combined TRACON& Tower with Radar,2,31,30,2,65,0,0,4,0,4,2,31,34,2,69,8,0,8,77
12/05/2012,AGS,GA,ASO,ES,Combined TRACON& Tower with Radar,2,32,21,2,57,0,0,5,0,5,2,32,26,2,62,2,0,2,64
12/06/2012,AGS,GA,ASO,ES,Combined TRACON& Tower with Radar,2,41,34,2,79,0,1,4,1,6,2,42,38,3,85,0,0,0,85
12/07/2012,AGS,GA,ASO,ES,Combined TRACON& Tower with Radar,4,42,30,0,76,0,0,4,2,6,4,42,34,2,82,0,0,0,82
12/08/2012,AGS,GA,ASO,ES,Combined TRACON& Tower with Radar,2,21,16,0,39,0,0,9,0,9,2,21,25,0,48,6,0,6,54
12/09/2012,AGS,GA,ASO,ES,Combined TRACON& Tower with Radar,4,29,18,0,51,0,0,4,0,4,4,29,22,0,55,2,0,2,57
12/10/2012,AGS,GA,ASO,ES,Combined TRACON& Tower with Radar,2,39,20,11,72,0,1,5,3,9,2,40,25,14,81,0,12,12,93
12/11/2012,AGS,GA,ASO,ES,Combined TRACON& Tower with Radar,2,41,29,8,80,0,1,4,7,12,2,42,33,15,92,2,2,4,96
12/12/2012,AGS,GA,ASO,ES,Combined TRACON& Tower with Radar,2,46,42,3,93,0,0,4,1,5,2,46,46,4,98,0,0,0,98
12/13/2012,AGS,GA,ASO,ES,Combined TRACON& Tower with Radar,4,40,29,3,76,0,0,7,1,8,4,40,36,4,84,0,6,6,90
12/14/2012,AGS,GA,ASO,ES,Combined TRACON& Tower with Radar,4,32,32,6,74,0,0,8,0,8,4,32,40,6,82,4,0,4,86
12/15/2012,AGS,GA,ASO,ES,Combined TRACON& Tower with Radar,4,30,17,0,51,0,1,9,2,12,4,31,26,2,63,4,0,4,67
12/16/2012,AGS,GA,ASO,ES,Combined TRACON& Tower with Radar,3,34,9,0,46,0,0,4,0,4,3,34,13,0,50,0,0,0,50
12/17/2012,AGS,GA,ASO,ES,Combined TRACON& Tower with Radar,2,30,12,2,46,0,0,0,0,0,2,30,12,2,46,0,0,0,46
12/18/2012,AGS,GA,ASO,ES,Combined TRACON& Tower with Radar,4,37,15,8,64,0,0,12,0,12,4,37,27,8,76,2,0,2,78
12/19/2012,AGS,GA,ASO,ES,Combined TRACON& Tower with Radar,4,36,23,0,63,0,0,14,0,14,4,36,37,0,77,2,0,2,79
12/20/2012,AGS,GA,ASO,ES,Combined TRACON& Tower with Radar,3,33,10,8,54,0,0,2,0,2,3,33,12,8,56,0,0,0,56
12/21/2012,AGS,GA,ASO,ES,Combined TRACON& Tower with Radar,6,33,7,0,46,0,0,3,2,5,6,33,10,2,51,0,0,0,51
12/22/2012,AGS,GA,ASO,ES,Combined TRACON& Tower with Radar,4,20,12,0,36,0,0,2,0,2,4,20,14,0,38,0,0,0,38
12/23/2012,AGS,GA,ASO,ES,Combined TRACON& Tower with Radar,1,26,10,0,37,0,0,8,0,8,1,26,18,0,45,2,0,2,47
12/24/2012,AGS,GA,ASO,ES,Combined TRACON& Tower with Radar,2,22,2,0,26,0,0,0,0,0,2,22,2,0,26,0,0,0,26
12/25/2012,AGS,GA,ASO,ES,Combined TRACON& Tower with Radar,2,21,2,0,25,0,0,0,0,0,2,21,2,0,25,0,0,0,25
12/26/2012,AGS,GA,ASO,ES,Combined TRACON& Tower with Radar,2,27,9,2,40,0,0,0,0,0,2,27,9,2,40,0,0,0,40
12/27/2012,AGS,GA,ASO,ES,Combined TRACON& Tower with Radar,2,23,12,2,39,0,0,12,0,12,2,23,24,2,51,6,4,10,61
12/28/2012,AGS,GA,ASO,ES,Combined TRACON& Tower with Radar,1,32,10,3,46,0,0,7,0,7,1,32,17,3,53,0,0,0,53
12/29/2012,AGS,GA,ASO,ES,Combined TRACON& Tower with Radar,2,21,5,0,28,0,0,4,0,4,2,21,9,0,32,4,0,4,36
12/30/2012,AGS,GA,ASO,ES,Combined TRACON& Tower with Radar,2,24,6,0,32,0,0,6,0,6,2,24,12,0,38,0,0,0,38
12/31/2012,AGS,GA,ASO,ES,Combined TRACON& Tower with Radar,2,19,4,4,29,0,0,6,0,6,2,19,10,4,35,8,1,9,44
01/01/2013,AGS,GA,ASO,ES,Combined TRACON& Tower with Radar,2,28,6,0,36,0,0,1,0,1,2,28,7,0,37,0,0,0,37
01/02/2013,AGS,GA,ASO,ES,Combined TRACON& Tower with Radar,4,33,13,8,58,0,0,2,0,2,4,33,15,8,60,0,0,0,60
01/03/2013,AGS,GA,ASO,ES,Combined TRACON& Tower with Radar,2,35,10,16,63,0,0,3,1,4,2,35,13,17,67,0,2,2,69
01/04/2013,AGS,GA,ASO,ES,Combined TRACON& Tower with Radar,4,27,18,7,56,0,0,7,0,7,4,27,25,7,63,15,2,17,80
01/05/2013,AGS,GA,ASO,ES,Combined TRACON& Tower with Radar,2,26,6,2,36,0,0,3,0,3,2,26,9,2,39,0,0,0,39
01/06/2013,AGS,GA,ASO,ES,Combined TRACON& Tower with Radar,2,29,4,1,36,0,0,5,0,5,2,29,9,1,41,2,0,2,43
01/07/2013,AGS,GA,ASO,ES,Combined TRACON& Tower with Radar,4,30,22,2,58,0,0,12,0,12,4,30,34,2,70,0,0,0,70
01/08/2013,AGS,GA,ASO,ES,Combined TRACON& Tower with Radar,2,29,21,2,54,0,0,11,0,11,2,29,32,2,65,2,2,4,69
01/09/2013,AGS,GA,ASO,ES,Combined TRACON& Tower with Radar,2,34,27,8,71,0,0,12,2,14,2,34,39,10,85,14,19,33,118
01/10/2013,AGS,GA,ASO,ES,Combined TRACON& Tower with Radar,6,30,16,4,56,0,0,2,0,2,6,30,18,4,58,0,18,18,76
01/11/2013,AGS,GA,ASO,ES,Combined TRACON& Tower with Radar,4,30,31,0,65,0,0,0,0,0,4,30,31,0,65,2,0,2,67
01/12/2013,AGS,GA,ASO,ES,Combined TRACON& Tower with Radar,4,23,5,18,50,0,0,6,1,7,4,23,11,19,57,0,20,20,77
01/13/2013,AGS,GA,ASO,ES,Combined TRACON& Tower with Radar,2,33,12,7,54,0,0,3,3,6,2,33,15,10,60,9,0,9,69
01/14/2013,AGS,GA,ASO,ES,Combined TRACON& Tower with Radar,4,30,16,4,54,0,0,3,2,5,4,30,19,6,59,0,14,14,73
01/15/2013,AGS,GA,ASO,ES,Combined TRACON& Tower with Radar,2,23,16,0,41,0,0,6,0,6,2,23,22,0,47,2,0,2,49
01/16/2013,AGS,GA,ASO,ES,Combined TRACON& Tower with Radar,2,24,15,3,44,0,0,6,1,7,2,24,21,4,51,1,1,2,53
01/17/2013,AGS,GA,ASO,ES,Combined TRACON& Tower with Radar,4,32,13,0,49,0,0,0,0,0,4,32,13,0,49,0,0,0,49
01/18/2013,AGS,GA,ASO,ES,Combined TRACON& Tower with Radar,2,26,21,0,49,0,2,11,1,14,2,28,32,1,63,0,0,0,63
01/19/2013,AGS,GA,ASO,ES,Combined TRACON& Tower with Radar,4,21,3,2,30,0,3,3,1,7,4,24,6,3,37,8,0,8,45
01/20/2013,AGS,GA,ASO,ES,Combined TRACON& Tower with Radar,2,28,5,0,35,0,2,8,0,10,2,30,13,0,45,1,0,1,46
01/21/2013,AGS,GA,ASO,ES,Combined TRACON& Tower with Radar,4,27,14,1,46,0,3,11,0,14,4,30,25,1,60,20,0,20,80
01/22/2013,AGS,GA,ASO,ES,Combined TRACON& Tower with Radar,4,26,18,6,54,0,3,11,4,18,4,29,29,10,72,16,6,22,94
01/23/2013,AGS,GA,ASO,ES,Combined TRACON& Tower with Radar,2,30,14,2,48,0,4,10,0,14,2,34,24,2,62,40,0,40,102
01/24/2013,AGS,GA,ASO,ES,Combined TRACON& Tower with Radar,4,27,16,0,47,0,5,2,0,7,4,32,18,0,54,6,0,6,60
01/25/2013,AGS,GA,ASO,ES,Combined TRACON& Tower with Radar,4,28,12,0,44,0,1,2,0,3,4,29,14,0,47,0,0,0,47
01/26/2013,AGS,GA,ASO,ES,Combined TRACON& Tower with Radar,4,19,11,4,38,0,0,13,0,13,4,19,24,4,51,21,0,21,72
01/27/2013,AGS,GA,ASO,ES,Combined TRACON& Tower with Radar,2,35,10,0,47,0,2,3,4,9,2,37,13,4,56,1,0,1,57
01/28/2013,AGS,GA,ASO,ES,Combined TRACON& Tower with Radar,2,33,22,0,57,0,0,0,0,0,2,33,22,0,57,0,0,0,57
01/29/2013,AGS,GA,ASO,ES,Combined TRACON& Tower with Radar,2,34,29,6,71,0,0,6,1,7,2,34,35,7,78,34,18,52,130
01/30/2013,AGS,GA,ASO,ES,Combined TRACON& Tower with Radar,10,26,8,0,44,0,0,1,0,1,10,26,9,0,45,0,0,0,45
01/31/2013,AGS,GA,ASO,ES,Combined TRACON& Tower with Radar,4,23,11,0,38,0,0,3,2,5,4,23,14,2,43,0,0,0,43
02/01/2013,AGS,GA,ASO,ES,Combined TRACON& Tower with Radar,2,31,24,0,57,0,2,5,4,11,2,33,29,4,68,14,0,14,82
02/02/2013,AGS,GA,ASO,ES,Combined TRACON& Tower with Radar,2,32,7,0,41,0,8,6,0,14,2,40,13,0,55,22,0,22,77
02/03/2013,AGS,GA,ASO,ES,Combined TRACON& Tower with Radar,4,34,3,8,49,0,0,8,0,8,4,34,11,8,57,0,0,0,57
02/04/2013,AGS,GA,ASO,ES,Combined TRACON& Tower with Radar,4,26,25,2,57,0,2,6,2,10,4,28,31,4,67,22,0,22,89
02/05/2013,AGS,GA,ASO,ES,Combined TRACON& Tower with Radar,2,32,22,0,56,0,2,13,0,15,2,34,35,0,71,6,0,6,77
02/06/2013,AGS,GA,ASO,ES,Combined TRACON& Tower with Radar,4,31,16,4,55,0,2,8,0,10,4,33,24,4,65,3,10,13,78
02/07/2013,AGS,GA,ASO,ES,Combined TRACON& Tower with Radar,4,32,14,4,54,0,0,2,0,2,4,32,16,4,56,0,0,0,56
02/08/2013,AGS,GA,ASO,ES,Combined TRACON& Tower with Radar,6,38,20,12,76,0,0,1,0,1,6,38,21,12,77,6,20,26,103
02/09/2013,AGS,GA,ASO,ES,Combined TRACON& Tower with Radar,4,26,5,2,37,0,2,4,0,6,4,28,9,2,43,0,0,0,43
02/10/2013,AGS,GA,ASO,ES,Combined TRACON& Tower with Radar,2,29,17,0,48,0,1,2,0,3,2,30,19,0,51,1,0,1,52
02/11/2013,AGS,GA,ASO,ES,Combined TRACON& Tower with Radar,2,25,29,0,56,0,1,3,0,4,2,26,32,0,60,0,0,0,60
02/12/2013,AGS,GA,ASO,ES,Combined TRACON& Tower with Radar,2,35,30,0,67,0,0,2,0,2,2,35,32,0,69,0,0,0,69
02/13/2013,AGS,GA,ASO,ES,Combined TRACON& Tower with Radar,2,28,16,1,47,0,0,1,7,8,2,28,17,8,55,2,0,2,57
02/14/2013,AGS,GA,ASO,ES,Combined TRACON& Tower with Radar,2,28,24,8,62,0,2,8,2,12,2,30,32,10,74,24,0,24,98
02/15/2013,AGS,GA,ASO,ES,Combined TRACON& Tower with Radar,2,46,18,8,74,0,2,7,0,9,2,48,25,8,83,0,0,0,83
02/16/2013,AGS,GA,ASO,ES,Combined TRACON& Tower with Radar,2,24,10,2,38,0,1,4,2,7,2,25,14,4,45,0,0,0,45
02/17/2013,AGS,GA,ASO,ES,Combined TRACON& Tower with Radar,2,35,17,0,54,0,0,6,0,6,2,35,23,0,60,0,0,0,60
02/18/2013,AGS,GA,ASO,ES,Combined TRACON& Tower with Radar,2,36,24,0,62,0,2,17,1,20,2,38,41,1,82,10,0,10,92
02/19/2013,AGS,GA,ASO,ES,Combined TRACON& Tower with Radar,4,33,23,1,61,0,0,2,0,2,4,33,25,1,63,0,0,0,63
02/20/2013,AGS,GA,ASO,ES,Combined TRACON& Tower with Radar,2,38,21,3,64,0,3,21,4,28,2,41,42,7,92,0,0,0,92
02/21/2013,AGS,GA,ASO,ES,Combined TRACON& Tower with Radar,2,31,18,1,52,0,2,8,1,11,2,33,26,2,63,0,0,0,63
02/22/2013,AGS,GA,ASO,ES,Combined TRACON& Tower with Radar,4,31,25,1,61,0,0,0,0,0,4,31,25,1,61,4,0,4,65
02/23/2013,AGS,GA,ASO,ES,Combined TRACON& Tower with Radar,2,27,9,0,38,0,0,0,0,0,2,27,9,0,38,0,0,0,38
02/24/2013,AGS,GA,ASO,ES,Combined TRACON& Tower with Radar,2,30,22,3,57,0,3,13,1,17,2,33,35,4,74,0,0,0,74
02/25/2013,AGS,GA,ASO,ES,Combined TRACON& Tower with Radar,2,35,18,2,57,0,0,2,0,2,2,35,20,2,59,0,0,0,59
02/26/2013,AGS,GA,ASO,ES,Combined TRACON& Tower with Radar,2,49,27,0,78,0,0,0,0,0,2,49,27,0,78,4,0,4,82
02/27/2013,AGS,GA,ASO,ES,Combined TRACON& Tower with Radar,2,45,26,2,75,0,3,10,1,14,2,48,36,3,89,13,0,13,102
02/28/2013,AGS,GA,ASO,ES,Combined TRACON& Tower with Radar,2,48,29,5,84,0,2,5,3,10,2,50,34,8,94,8,4,12,106
03/01/2013,AGS,GA,ASO,ES,Combined TRACON& Tower with Radar,2,37,22,2,63,0,3,12,1,16,2,40,34,3,79,0,0,0,79
03/02/2013,AGS,GA,ASO,ES,Combined TRACON& Tower with Radar,2,34,10,2,48,0,0,6,0,6,2,34,16,2,54,0,0,0,54
03/03/2013,AGS,GA,ASO,ES,Combined TRACON& Tower with Radar,2,38,19,0,59,0,1,3,0,4,2,39,22,0,63,0,0,0,63
03/04/2013,AGS,GA,ASO,ES,Combined TRACON& Tower with Radar,4,36,22,4,66,0,4,8,1,13,4,40,30,5,79,0,8,8,87
03/05/2013,AGS,GA,ASO,ES,Combined TRACON& Tower with Radar,3,43,27,11,84,0,0,6,0,6,3,43,33,11,90,0,24,24,114
03/06/2013,AGS,GA,ASO,ES,Combined TRACON& Tower with Radar,2,32,19,0,53,0,1,2,2,5,2,33,21,2,58,12,0,12,70
03/07/2013,AGS,GA,ASO,ES,Combined TRACON& Tower with Radar,3,41,31,1,76,0,0,18,1,19,3,41,49,2,95,4,0,4,99
03/08/2013,AGS,GA,ASO,ES,Combined TRACON& Tower with Radar,2,34,25,0,61,0,4,7,2,13,2,38,32,2,74,10,0,10,84
03/09/2013,AGS,GA,ASO,ES,Combined TRACON& Tower with Radar,4,27,11,4,46,0,0,17,0,17,4,27,28,4,63,8,5,13,76
03/10/2013,AGS,GA,ASO,ES,Combined TRACON& Tower with Radar,2,32,11,0,45,0,0,18,0,18,2,32,29,0,63,17,0,17,80
03/11/2013,AGS,GA,ASO,ES,Combined TRACON& Tower with Radar,4,38,13,2,57,0,0,1,0,1,4,38,14,2,58,0,0,0,58
03/12/2013,AGS,GA,ASO,ES,Combined TRACON& Tower with Radar,2,45,23,6,76,0,1,5,3,9,2,46,28,9,85,4,2,6,91
03/13/2013,AGS,GA,ASO,ES,Combined TRACON& Tower with Radar,4,44,37,1,86,0,0,6,0,6,4,44,43,1,92,0,24,24,116
03/14/2013,AGS,GA,ASO,ES,Combined TRACON& Tower with Radar,2,43,47,4,96,0,0,15,2,17,2,43,62,6,113,32,2,34,147
03/15/2013,AGS,GA,ASO,ES,Combined TRACON& Tower with Radar,2,46,34,0,82,0,3,5,5,13,2,49,39,5,95,16,0,16,111
03/16/2013,AGS,GA,ASO,ES,Combined TRACON& Tower with Radar,2,28,35,5,70,0,0,15,0,15,2,28,50,5,85,24,0,24,109
03/17/2013,AGS,GA,ASO,ES,Combined TRACON& Tower with Radar,4,32,20,2,58,0,0,3,0,3,4,32,23,2,61,1,0,1,62
03/18/2013,AGS,GA,ASO,ES,Combined TRACON& Tower with Radar,17,45,22,1,85,0,0,1,0,1,17,45,23,1,86,7,0,7,93
03/19/2013,AGS,GA,ASO,ES,Combined TRACON& Tower with Radar,3,45,28,1,77,0,0,10,0,10,3,45,38,1,87,0,0,0,87
03/20/2013,AGS,GA,ASO,ES,Combined TRACON& Tower with Radar,4,42,29,1,76,0,0,1,1,2,4,42,30,2,78,0,0,0,78
03/21/2013,AGS,GA,ASO,ES,Combined TRACON& Tower with Radar,2,38,26,1,67,0,0,5,2,7,2,38,31,3,74,0,0,0,74
03/22/2013,AGS,GA,ASO,ES,Combined TRACON& Tower with Radar,4,32,20,1,57,0,0,2,2,4,4,32,22,3,61,0,0,0,61
03/23/2013,AGS,GA,ASO,ES,Combined TRACON& Tower with Radar,2,27,21,0,50,0,0,0,0,0,2,27,21,0,50,4,0,4,54
03/24/2013,AGS,GA,ASO,ES,Combined TRACON& Tower with Radar,2,39,11,0,52,0,0,0,0,0,2,39,11,0,52,0,0,0,52
03/25/2013,AGS,GA,ASO,ES,Combined TRACON& Tower with Radar,2,50,22,2,76,0,0,1,0,1,2,50,23,2,77,0,9,9,86
03/26/2013,AGS,GA,ASO,ES,Combined TRACON& Tower with Radar,2,43,32,2,79,0,0,4,0,4,2,43,36,2,83,8,2,10,93
03/27/2013,AGS,GA,ASO,ES,Combined TRACON& Tower with Radar,2,39,32,2,75,0,0,18,0,18,2,39,50,2,93,16,0,16,109
03/28/2013,AGS,GA,ASO,ES,Combined TRACON& Tower with Radar,2,33,18,0,53,0,0,13,0,13,2,33,31,0,66,22,0,22,88
03/29/2013,AGS,GA,ASO,ES,Combined TRACON& Tower with Radar,2,39,20,6,67,0,4,10,0,14,2,43,30,6,81,4,2,6,87
03/30/2013,AGS,GA,ASO,ES,Combined TRACON& Tower with Radar,2,24,20,2,48,0,0,13,3,16,2,24,33,5,64,5,0,5,69
03/31/2013,AGS,GA,ASO,ES,Combined TRACON& Tower with Radar,2,31,7,0,40,0,0,0,0,0,2,31,7,0,40,0,0,0,40
04/01/2013,AGS,GA,ASO,ES,Combined TRACON& Tower with Radar,2,33,20,0,55,0,0,2,0,2,2,33,22,0,57,2,0,2,59
04/02/2013,AGS,GA,ASO,ES,Combined TRACON& Tower with Radar,2,37,23,7,69,0,0,9,0,9,2,37,32,7,78,0,0,0,78
04/03/2013,AGS,GA,ASO,ES,Combined TRACON& Tower with Radar,4,35,22,5,66,0,0,12,2,14,4,35,34,7,80,4,0,4,84
04/04/2013,AGS,GA,ASO,ES,Combined TRACON& Tower with Radar,4,37,12,1,54,0,0,0,1,1,4,37,12,2,55,0,0,0,55
04/05/2013,AGS,GA,ASO,ES,Combined TRACON& Tower with Radar,13,33,17,0,63,0,0,4,0,4,13,33,21,0,67,0,0,0,67
04/06/2013,AGS,GA,ASO,ES,Combined TRACON& Tower with Radar,5,48,14,0,67,0,0,10,2,12,5,48,24,2,79,0,0,0,79
04/07/2013,AGS,GA,ASO,ES,Combined TRACON& Tower with Radar,23,51,54,2,130,0,1,8,4,13,23,52,62,6,143,0,2,2,145
04/08/2013,AGS,GA,ASO,ES,Combined TRACON& Tower with Radar,33,51,69,2,155,0,0,15,0,15,33,51,84,2,170,4,0,4,174
04/09/2013,AGS,GA,ASO,ES,Combined TRACON& Tower with Radar,40,72,113,0,225,0,0,9,0,9,40,72,122,0,234,0,0,0,234
04/10/2013,AGS,GA,ASO,ES,Combined TRACON& Tower with Radar,38,75,108,0,221,0,0,7,2,9,38,75,115,2,230,0,0,0,230
04/11/2013,AGS,GA,ASO,ES,Combined TRACON& Tower with Radar,35,95,140,0,270,0,0,2,0,2,35,95,142,0,272,0,0,0,272
04/12/2013,AGS,GA,ASO,ES,Combined TRACON& Tower with Radar,39,125,141,1,306,0,0,11,2,13,39,125,152,3,319,0,0,0,319
04/13/2013,AGS,GA,ASO,ES,Combined TRACON& Tower with Radar,25,98,70,0,193,0,0,8,0,8,25,98,78,0,201,0,0,0,201
04/14/2013,AGS,GA,ASO,ES,Combined TRACON& Tower with Radar,35,136,82,0,253,0,0,3,0,3,35,136,85,0,256,0,0,0,256
04/15/2013,AGS,GA,ASO,ES,Combined TRACON& Tower with Radar,38,78,71,3,190,0,0,3,1,4,38,78,74,4,194,2,1,3,197
04/16/2013,AGS,GA,ASO,ES,Combined TRACON& Tower with Radar,7,35,15,1,58,0,0,10,0,10,7,35,25,1,68,4,0,4,72
04/17/2013,AGS,GA,ASO,ES,Combined TRACON& Tower with Radar,4,39,14,4,61,0,0,2,2,4,4,39,16,6,65,4,0,4,69
04/18/2013,AGS,GA,ASO,ES,Combined TRACON& Tower with Radar,4,32,10,3,49,0,0,4,0,4,4,32,14,3,53,0,0,0,53
04/19/2013,AGS,GA,ASO,ES,Combined TRACON& Tower with Radar,5,28,18,1,52,0,0,0,0,0,5,28,18,1,52,0,0,0,52
04/20/2013,AGS,GA,ASO,ES,Combined TRACON& Tower with Radar,3,25,10,5,43,0,0,5,6,11,3,25,15,11,54,0,0,0,54
04/21/2013,AGS,GA,ASO,ES,Combined TRACON& Tower with Radar,4,35,29,0,68,0,0,3,8,11,4,35,32,8,79,36,0,36,115
04/22/2013,AGS,GA,ASO,ES,Combined TRACON& Tower with Radar,4,44,29,2,79,0,2,10,2,14,4,46,39,4,93,16,0,16,109
04/23/2013,AGS,GA,ASO,ES,Combined TRACON& Tower with Radar,6,44,35,4,89,0,0,23,4,27,6,44,58,8,116,30,4,34,150
04/24/2013,AGS,GA,ASO,ES,Combined TRACON& Tower with Radar,2,39,34,2,77,0,1,12,3,16,2,40,46,5,93,2,0,2,95
04/25/2013,AGS,GA,ASO,ES,Combined TRACON& Tower with Radar,4,50,23,1,78,0,0,10,1,11,4,50,33,2,89,6,0,6,95
04/26/2013,AGS,GA,ASO,ES,Combined TRACON& Tower with Radar,7,42,34,0,83,0,0,5,0,5,7,42,39,0,88,12,0,12,100
04/27/2013,AGS,GA,ASO,ES,Combined TRACON& Tower with Radar,3,34,13,2,52,0,0,7,0,7,3,34,20,2,59,12,0,12,71
04/28/2013,AGS,GA,ASO,ES,Combined TRACON& Tower with Radar,4,39,19,0,62,0,0,1,0,1,4,39,20,0,63,0,0,0,63
04/29/2013,AGS,GA,ASO,ES,Combined TRACON& Tower with Radar,6,36,25,0,67,0,0,0,0,0,6,36,25,0,67,0,0,0,67
04/30/2013,AGS,GA,ASO,ES,Combined TRACON& Tower with Radar,4,46,33,0,83,0,1,4,6,11,4,47,37,6,94,1,0,1,95
05/01/2013,AGS,GA,ASO,ES,Combined TRACON& Tower with Radar,2,38,16,6,62,0,0,2,0,2,2,38,18,6,64,0,2,2,66
05/02/2013,AGS,GA,ASO,ES,Combined TRACON& Tower with Radar,4,42,31,7,84,0,0,2,2,4,4,42,33,9,88,10,7,17,105
05/03/2013,AGS,GA,ASO,ES,Combined TRACON& Tower with Radar,5,31,14,5,55,0,0,0,3,3,5,31,14,8,58,0,4,4,62
05/04/2013,AGS,GA,ASO,ES,Combined TRACON& Tower with Radar,7,24,7,2,40,0,0,0,1,1,7,24,7,3,41,0,0,0,41
05/05/2013,AGS,GA,ASO,ES,Combined TRACON& Tower with Radar,2,50,14,0,66,0,0,2,0,2,2,50,16,0,68,0,0,0,68
05/06/2013,AGS,GA,ASO,ES,Combined TRACON& Tower with Radar,2,43,16,2,63,0,0,9,0,9,2,43,25,2,72,9,0,9,81
05/07/2013,AGS,GA,ASO,ES,Combined TRACON& Tower with Radar,5,47,25,0,77,0,0,4,0,4,5,47,29,0,81,2,0,2,83
05/08/2013,AGS,GA,ASO,ES,Combined TRACON& Tower with Radar,4,51,29,4,88,0,2,16,0,18,4,53,45,4,106,10,2,12,118
05/09/2013,AGS,GA,ASO,ES,Combined TRACON& Tower with Radar,2,41,58,5,106,0,0,13,0,13,2,41,71,5,119,13,2,15,134
05/10/2013,AGS,GA,ASO,ES,Combined TRACON& Tower with Radar,2,48,35,0,85,0,0,13,0,13,2,48,48,0,98,3,0,3,101
05/11/2013,AGS,GA,ASO,ES,Combined TRACON& Tower with Radar,6,35,17,2,60,0,0,10,0,10,6,35,27,2,70,5,0,5,75
05/12/2013,AGS,GA,ASO,ES,Combined TRACON& Tower with Radar,4,36,22,0,62,0,1,10,2,13,4,37,32,2,75,9,0,9,84
05/13/2013,AGS,GA,ASO,ES,Combined TRACON& Tower with Radar,4,40,25,0,69,0,3,6,0,9,4,43,31,0,78,0,0,0,78
05/14/2013,AGS,GA,ASO,ES,Combined TRACON& Tower with Radar,2,37,23,0,62,0,0,15,0,15,2,37,38,0,77,10,0,10,87
05/15/2013,AGS,GA,ASO,ES,Combined TRACON& Tower with Radar,2,46,27,4,79,0,1,5,0,6,2,47,32,4,85,0,0,0,85
05/16/2013,AGS,GA,ASO,ES,Combined TRACON& Tower with Radar,4,39,42,0,85,0,0,4,2,6,4,39,46,2,91,1,1,2,93
05/17/2013,AGS,GA,ASO,ES,Combined TRACON& Tower with Radar,2,45,32,4,83,0,0,4,2,6,2,45,36,6,89,0,11,11,100
05/18/2013,AGS,GA,ASO,ES,Combined TRACON& Tower with Radar,4,29,11,0,44,0,0,15,0,15,4,29,26,0,59,13,0,13,72
05/19/2013,AGS,GA,ASO,ES,Combined TRACON& Tower with Radar,2,36,11,2,51,0,0,2,0,2,2,36,13,2,53,0,0,0,53
05/20/2013,AGS,GA,ASO,ES,Combined TRACON& Tower with Radar,4,24,20,1,49,0,0,7,0,7,4,24,27,1,56,4,0,4,60
05/21/2013,AGS,GA,ASO,ES,Combined TRACON& Tower with Radar,6,26,16,3,51,0,0,10,0,10,6,26,26,3,61,8,2,10,71
05/22/2013,AGS,GA,ASO,ES,Combined TRACON& Tower with Radar,2,31,10,7,50,0,0,5,1,6,2,31,15,8,56,0,10,10,66
05/23/2013,AGS,GA,ASO,ES,Combined TRACON& Tower with Radar,2,34,25,4,65,0,0,12,0,12,2,34,37,4,77,10,20,30,107
05/24/2013,AGS,GA,ASO,ES,Combined TRACON& Tower with Radar,6,29,14,0,49,0,0,18,0,18,6,29,32,0,67,0,0,0,67
05/25/2013,AGS,GA,ASO,ES,Combined TRACON& Tower with Radar,4,23,7,0,34,0,1,9,0,10,4,24,16,0,44,4,0,4,48
05/26/2013,AGS,GA,ASO,ES,Combined TRACON& Tower with Radar,4,24,1,0,29,0,0,16,0,16,4,24,17,0,45,4,0,4,49
05/27/2013,AGS,GA,ASO,ES,Combined TRACON& Tower with Radar,2,32,11,0,45,0,0,14,1,15,2,32,25,1,60,3,0,3,63
05/28/2013,AGS,GA,ASO,ES,Combined TRACON& Tower with Radar,4,31,9,0,44,0,0,13,0,13,4,31,22,0,57,5,0,5,62
05/29/2013,AGS,GA,ASO,ES,Combined TRACON& Tower with Radar,4,30,12,6,52,0,0,11,0,11,4,30,23,6,63,18,4,22,85
05/30/2013,AGS,GA,ASO,ES,Combined TRACON& Tower with Radar,4,31,11,0,46,0,0,10,0,10,4,31,21,0,56,32,0,32,88
05/31/2013,AGS,GA,ASO,ES,Combined TRACON& Tower with Radar,4,35,13,7,59,0,1,12,11,24,4,36,25,18,83,71,4,75,158
06/01/2013,AGS,GA,ASO,ES,Combined TRACON& Tower with Radar,4,27,4,2,37,0,0,5,0,5,4,27,9,2,42,31,0,31,73
06/02/2013,AGS,GA,ASO,ES,Combined TRACON& Tower with Radar,2,28,2,0,32,0,0,3,0,3,2,28,5,0,35,0,0,0,35
06/03/2013,AGS,GA,ASO,ES,Combined TRACON& Tower with Radar,4,31,11,5,51,0,0,1,0,1,4,31,12,5,52,0,0,0,52
06/04/2013,AGS,GA,ASO,ES,Combined TRACON& Tower with Radar,2,36,16,12,66,0,0,6,0,6,2,36,22,12,72,10,24,34,106
06/05/2013,AGS,GA,ASO,ES,Combined TRACON& Tower with Radar,7,27,16,5,55,0,0,1,0,1,7,27,17,5,56,6,5,11,67
06/06/2013,AGS,GA,ASO,ES,Combined TRACON& Tower with Radar,4,35,17,0,56,0,0,0,0,0,4,35,17,0,56,0,0,0,56
06/07/2013,AGS,GA,ASO,ES,Combined TRACON& Tower with Radar,4,33,8,0,45,0,0,0,0,0,4,33,8,0,45,0,0,0,45
06/08/2013,AGS,GA,ASO,ES,Combined TRACON& Tower with Radar,4,24,9,0,37,0,0,9,0,9,4,24,18,0,46,32,0,32,78
06/09/2013,AGS,GA,ASO,ES,Combined TRACON& Tower with Radar,4,26,5,0,35,0,0,1,0,1,4,26,6,0,36,12,0,12,48
06/10/2013,AGS,GA,ASO,ES,Combined TRACON& Tower with Radar,3,35,8,3,49,0,0,2,0,2,3,35,10,3,51,0,0,0,51
06/11/2013,AGS,GA,ASO,ES,Combined TRACON& Tower with Radar,4,26,18,1,49,0,0,14,0,14,4,26,32,1,63,64,0,64,127
06/12/2013,AGS,GA,ASO,ES,Combined TRACON& Tower with Radar,5,26,7,5,43,0,0,13,0,13,5,26,20,5,56,16,2,18,74
06/13/2013,AGS,GA,ASO,ES,Combined TRACON& Tower with Radar,4,29,10,2,45,0,0,4,0,4,4,29,14,2,49,0,0,0,49
06/14/2013,AGS,GA,ASO,ES,Combined TRACON& Tower with Radar,4,34,7,1,46,0,1,8,0,9,4,35,15,1,55,2,0,2,57
06/15/2013,AGS,GA,ASO,ES,Combined TRACON& Tower with Radar,4,22,8,2,36,0,0,11,0,11,4,22,19,2,47,17,0,17,64
06/16/2013,AGS,GA,ASO,ES,Combined TRACON& Tower with Radar,3,26,4,0,33,0,1,12,0,13,3,27,16,0,46,6,0,6,52
06/17/2013,AGS,GA,ASO,ES,Combined TRACON& Tower with Radar,2,32,13,4,51,0,1,4,0,5,2,33,17,4,56,10,0,10,66
06/18/2013,AGS,GA,ASO,ES,Combined TRACON& Tower with Radar,4,23,16,2,45,0,0,0,0,0,4,23,16,2,45,0,0,0,45
06/19/2013,AGS,GA,ASO,ES,Combined TRACON& Tower with Radar,4,24,11,13,52,0,0,1,0,1,4,24,12,13,53,41,0,41,94
06/20/2013,AGS,GA,ASO,ES,Combined TRACON& Tower with Radar,4,33,16,2,55,0,0,3,0,3,4,33,19,2,58,18,0,18,76
06/21/2013,AGS,GA,ASO,ES,Combined TRACON& Tower with Radar,4,31,7,0,42,0,0,5,1,6,4,31,12,1,48,2,0,2,50
06/22/2013,AGS,GA,ASO,ES,Combined TRACON& Tower with Radar,4,25,3,10,42,0,2,4,0,6,4,27,7,10,48,0,10,10,58
06/23/2013,AGS,GA,ASO,ES,Combined TRACON& Tower with Radar,3,25,11,0,39,0,0,1,0,1,3,25,12,0,40,2,0,2,42
06/24/2013,AGS,GA,ASO,ES,Combined TRACON& Tower with Radar,4,28,13,4,49,0,0,4,0,4,4,28,17,4,53,0,0,0,53
06/25/2013,AGS,GA,ASO,ES,Combined TRACON& Tower with Radar,6,21,11,0,38,0,1,12,0,13,6,22,23,0,51,0,0,0,51
06/26/2013,AGS,GA,ASO,ES,Combined TRACON& Tower with Radar,3,25,13,0,41,0,0,5,2,7,3,25,18,2,48,2,0,2,50
06/27/2013,AGS,GA,ASO,ES,Combined TRACON& Tower with Radar,1,16,9,0,26,0,0,2,0,2,1,16,11,0,28,0,0,0,28
06/28/2013,AGS,GA,ASO,ES,Combined TRACON& Tower with Radar,11,29,14,0,54,0,0,5,0,5,11,29,19,0,59,0,0,0,59
06/29/2013,AGS,GA,ASO,ES,Combined TRACON& Tower with Radar,1,22,8,0,31,0,0,5,0,5,1,22,13,0,36,2,0,2,38
06/30/2013,AGS,GA,ASO,ES,Combined TRACON& Tower with Radar,3,24,3,0,30,0,0,1,0,1,3,24,4,0,31,2,0,2,33
07/01/2013,AGS,GA,ASO,ES,Combined TRACON& Tower with Radar,4,26,5,2,37,0,0,4,1,5,4,26,9,3,42,0,0,0,42
07/02/2013,AGS,GA,ASO,ES,Combined TRACON& Tower with Radar,4,24,14,6,48,0,0,0,1,1,4,24,14,7,49,6,4,10,59
07/03/2013,AGS,GA,ASO,ES,Combined TRACON& Tower with Radar,2,26,7,7,42,0,1,0,2,3,2,27,7,9,45,0,0,0,45
07/04/2013,AGS,GA,ASO,ES,Combined TRACON& Tower with Radar,3,17,8,0,28,0,0,0,0,0,3,17,8,0,28,0,0,0,28
07/05/2013,AGS,GA,ASO,ES,Combined TRACON& Tower with Radar,4,21,5,0,30,0,0,2,0,2,4,21,7,0,32,0,0,0,32
07/06/2013,AGS,GA,ASO,ES,Combined TRACON& Tower with Radar,5,25,9,0,39,0,0,2,0,2,5,25,11,0,41,2,0,2,43
07/07/2013,AGS,GA,ASO,ES,Combined TRACON& Tower with Radar,3,28,6,0,37,0,0,4,0,4,3,28,10,0,41,14,0,14,55
07/08/2013,AGS,GA,ASO,ES,Combined TRACON& Tower with Radar,3,30,11,0,44,0,0,7,0,7,3,30,18,0,51,9,0,9,60
07/09/2013,AGS,GA,ASO,ES,Combined TRACON& Tower with Radar,5,30,11,0,46,0,0,7,0,7,5,30,18,0,53,0,0,0,53
07/10/2013,AGS,GA,ASO,ES,Combined TRACON& Tower with Radar,5,25,11,0,41,0,0,3,0,3,5,25,14,0,44,0,0,0,44
07/11/2013,AGS,GA,ASO,ES,Combined TRACON& Tower with Radar,5,36,51,0,92,0,0,1,0,1,5,36,52,0,93,0,0,0,93
07/12/2013,AGS,GA,ASO,ES,Combined TRACON& Tower with Radar,5,35,30,0,70,0,0,5,5,10,5,35,35,5,80,11,0,11,91
07/13/2013,AGS,GA,ASO,ES,Combined TRACON& Tower with Radar,6,45,21,0,72,0,0,1,0,1,6,45,22,0,73,0,0,0,73
07/14/2013,AGS,GA,ASO,ES,Combined TRACON& Tower with Radar,4,31,12,0,47,0,0,1,0,1,4,31,13,0,48,0,0,0,48
07/15/2013,AGS,GA,ASO,ES,Combined TRACON& Tower with Radar,4,34,24,3,65,0,0,4,2,6,4,34,28,5,71,0,0,0,71
07/16/2013,AGS,GA,ASO,ES,Combined TRACON& Tower with Radar,4,30,7,4,45,0,0,6,0,6,4,30,13,4,51,4,0,4,55
07/17/2013,AGS,GA,ASO,ES,Combined TRACON& Tower with Radar,4,29,28,0,61,0,1,18,0,19,4,30,46,0,80,0,0,0,80
07/18/2013,AGS,GA,ASO,ES,Combined TRACON& Tower with Radar,4,28,22,0,54,0,0,19,1,20,4,28,41,1,74,9,0,9,83
07/19/2013,AGS,GA,ASO,ES,Combined TRACON& Tower with Radar,4,29,17,0,50,0,0,12,8,20,4,29,29,8,70,1,0,1,71
07/20/2013,AGS,GA,ASO,ES,Combined TRACON& Tower with Radar,16,27,11,0,54,0,0,3,0,3,16,27,14,0,57,10,0,10,67
07/21/2013,AGS,GA,ASO,ES,Combined TRACON& Tower with Radar,13,24,11,0,48,0,0,5,0,5,13,24,16,0,53,0,0,0,53
07/22/2013,AGS,GA,ASO,ES,Combined TRACON& Tower with Radar,3,28,18,2,51,0,0,5,2,7,3,28,23,4,58,10,0,10,68
07/23/2013,AGS,GA,ASO,ES,Combined TRACON& Tower with Radar,4,26,23,0,53,0,0,1,0,1,4,26,24,0,54,15,0,15,69
07/24/2013,AGS,GA,ASO,ES,Combined TRACON& Tower with Radar,4,25,9,1,39,0,0,1,0,1,4,25,10,1,40,0,0,0,40
07/25/2013,AGS,GA,ASO,ES,Combined TRACON& Tower with Radar,4,25,15,3,47,0,0,5,0,5,4,25,20,3,52,4,0,4,56
07/26/2013,AGS,GA,ASO,ES,Combined TRACON& Tower with Radar,6,27,10,0,43,0,0,6,3,9,6,27,16,3,52,0,0,0,52
07/27/2013,AGS,GA,ASO,ES,Combined TRACON& Tower with Radar,3,21,5,0,29,0,0,0,0,0,3,21,5,0,29,0,0,0,29
07/28/2013,AGS,GA,ASO,ES,Combined TRACON& Tower with Radar,9,28,11,0,48,0,0,4,4,8,9,28,15,4,56,6,0,6,62
07/29/2013,AGS,GA,ASO,ES,Combined TRACON& Tower with Radar,4,35,25,1,65,0,0,5,1,6,4,35,30,2,71,0,0,0,71
07/30/2013,AGS,GA,ASO,ES,Combined TRACON& Tower with Radar,9,29,13,8,59,0,0,17,0,17,9,29,30,8,76,0,5,5,81
07/31/2013,AGS,GA,ASO,ES,Combined TRACON& Tower with Radar,3,28,10,19,60,0,0,3,1,4,3,28,13,20,64,0,28,28,92
08/01/2013,AGS,GA,ASO,ES,Combined TRACON& Tower with Radar,5,29,11,4,49,0,2,10,4,16,5,31,21,8,65,23,0,23,88
08/02/2013,AGS,GA,ASO,ES,Combined TRACON& Tower with Radar,4,27,29,0,60,0,0,9,0,9,4,27,38,0,69,0,0,0,69
08/03/2013,AGS,GA,ASO,ES,Combined TRACON& Tower with Radar,3,23,2,0,28,0,0,8,0,8,3,23,10,0,36,9,0,9,45
08/04/2013,AGS,GA,ASO,ES,Combined TRACON& Tower with Radar,4,24,6,2,36,0,0,5,0,5,4,24,11,2,41,14,10,24,65
08/05/2013,AGS,GA,ASO,ES,Combined TRACON& Tower with Radar,4,31,20,2,57,0,0,7,0,7,4,31,27,2,64,0,0,0,64
08/06/2013,AGS,GA,ASO,ES,Combined TRACON& Tower with Radar,5,27,23,4,59,0,0,4,0,4,5,27,27,4,63,2,14,16,79
08/07/2013,AGS,GA,ASO,ES,Combined TRACON& Tower with Radar,7,27,14,9,57,0,0,0,0,0,7,27,14,9,57,0,0,0,57
08/08/2013,AGS,GA,ASO,ES,Combined TRACON& Tower with Radar,8,31,18,2,59,0,0,13,4,17,8,31,31,6,76,6,14,20,96
08/09/2013,AGS,GA,ASO,ES,Combined TRACON& Tower with Radar,4,28,10,4,46,0,0,1,0,1,4,28,11,4,47,0,4,4,51
08/10/2013,AGS,GA,ASO,ES,Combined TRACON& Tower with Radar,6,20,5,0,31,0,1,13,0,14,6,21,18,0,45,8,0,8,53
08/11/2013,AGS,GA,ASO,ES,Combined TRACON& Tower with Radar,4,25,13,0,42,0,0,8,0,8,4,25,21,0,50,0,0,0,50
08/12/2013,AGS,GA,ASO,ES,Combined TRACON& Tower with Radar,3,29,11,6,49,0,1,7,0,8,3,30,18,6,57,14,0,14,71
08/13/2013,AGS,GA,ASO,ES,Combined TRACON& Tower with Radar,5,26,11,9,51,0,0,9,1,10,5,26,20,10,61,2,13,15,76
08/14/2013,AGS,GA,ASO,ES,Combined TRACON& Tower with Radar,4,24,14,2,44,0,0,9,0,9,4,24,23,2,53,0,0,0,53
08/15/2013,AGS,GA,ASO,ES,Combined TRACON& Tower with Radar,4,28,17,0,49,0,0,0,0,0,4,28,17,0,49,4,0,4,53
08/16/2013,AGS,GA,ASO,ES,Combined TRACON& Tower with Radar,4,26,15,0,45,0,0,0,0,0,4,26,15,0,45,0,0,0,45
08/17/2013,AGS,GA,ASO,ES,Combined TRACON& Tower with Radar,3,22,4,0,29,0,0,0,0,0,3,22,4,0,29,0,0,0,29
08/18/2013,AGS,GA,ASO,ES,Combined TRACON& Tower with Radar,4,23,15,4,46,0,0,3,1,4,4,23,18,5,50,4,0,4,54
08/19/2013,AGS,GA,ASO,ES,Combined TRACON& Tower with Radar,6,25,24,1,56,0,0,2,2,4,6,25,26,3,60,4,0,4,64
08/20/2013,AGS,GA,ASO,ES,Combined TRACON& Tower with Radar,4,29,22,4,59,0,0,5,0,5,4,29,27,4,64,0,0,0,64
08/21/2013,AGS,GA,ASO,ES,Combined TRACON& Tower with Radar,4,30,13,3,50,0,0,5,5,10,4,30,18,8,60,6,0,6,66
08/22/2013,AGS,GA,ASO,ES,Combined TRACON& Tower with Radar,6,29,38,2,75,0,0,5,0,5,6,29,43,2,80,8,0,8,88
08/23/2013,AGS,GA,ASO,ES,Combined TRACON& Tower with Radar,6,32,24,1,63,0,0,10,0,10,6,32,34,1,73,12,0,12,85
08/24/2013,AGS,GA,ASO,ES,Combined TRACON& Tower with Radar,3,27,8,0,38,0,0,5,3,8,3,27,13,3,46,0,0,0,46
08/25/2013,AGS,GA,ASO,ES,Combined TRACON& Tower with Radar,5,28,7,2,42,0,0,13,0,13,5,28,20,2,55,2,1,3,58
08/26/2013,AGS,GA,ASO,ES,Combined TRACON& Tower with Radar,6,28,24,3,61,0,2,24,0,26,6,30,48,3,87,14,0,14,101
08/27/2013,AGS,GA,ASO,ES,Combined TRACON& Tower with Radar,6,27,5,4,42,0,0,8,2,10,6,27,13,6,52,0,2,2,54
08/28/2013,AGS,GA,ASO,ES,Combined TRACON& Tower with Radar,4,32,11,4,51,0,0,13,3,16,4,32,24,7,67,0,0,0,67
08/29/2013,AGS,GA,ASO,ES,Combined TRACON& Tower with Radar,4,30,11,2,47,0,0,4,0,4,4,30,15,2,51,2,0,2,53
08/30/2013,AGS,GA,ASO,ES,Combined TRACON& Tower with Radar,4,26,17,0,47,0,0,1,0,1,4,26,18,0,48,0,0,0,48
08/31/2013,AGS,GA,ASO,ES,Combined TRACON& Tower with Radar,3,18,6,0,27,0,0,2,0,2,3,18,8,0,29,0,0,0,29
09/01/2013,AGS,GA,ASO,ES,Combined TRACON& Tower with Radar,2,20,0,0,22,0,0,3,0,3,2,20,3,0,25,10,0,10,35
09/02/2013,AGS,GA,ASO,ES,Combined TRACON& Tower with Radar,3,30,9,0,42,0,0,11,1,12,3,30,20,1,54,16,0,16,70
09/03/2013,AGS,GA,ASO,ES,Combined TRACON& Tower with Radar,4,25,10,11,50,0,0,8,6,14,4,25,18,17,64,0,5,5,69
09/04/2013,AGS,GA,ASO,ES,Combined TRACON& Tower with Radar,4,28,14,2,48,0,0,9,1,10,4,28,23,3,58,0,9,9,67
09/05/2013,AGS,GA,ASO,ES,Combined TRACON& Tower with Radar,4,26,20,4,54,0,0,12,0,12,4,26,32,4,66,2,2,4,70
09/06/2013,AGS,GA,ASO,ES,Combined TRACON& Tower with Radar,4,26,19,6,55,0,0,12,1,13,4,26,31,7,68,21,2,23,91
09/07/2013,AGS,GA,ASO,ES,Combined TRACON& Tower with Radar,4,24,9,0,37,0,0,4,2,6,4,24,13,2,43,24,0,24,67
09/08/2013,AGS,GA,ASO,ES,Combined TRACON& Tower with Radar,3,28,0,1,32,0,0,5,1,6,3,28,5,2,38,0,0,0,38
09/09/2013,AGS,GA,ASO,ES,Combined TRACON& Tower with Radar,4,31,16,2,53,0,0,3,0,3,4,31,19,2,56,0,0,0,56
09/10/2013,AGS,GA,ASO,ES,Combined TRACON& Tower with Radar,3,25,13,4,45,0,0,9,2,11,3,25,22,6,56,5,7,12,68
09/11/2013,AGS,GA,ASO,ES,Combined TRACON& Tower with Radar,7,26,4,6,43,0,0,12,2,14,7,26,16,8,57,4,0,4,61
09/12/2013,AGS,GA,ASO,ES,Combined TRACON& Tower with Radar,5,32,16,3,56,0,0,8,0,8,5,32,24,3,64,34,18,52,116
09/13/2013,AGS,GA,ASO,ES,Combined TRACON& Tower with Radar,4,26,20,3,53,0,0,5,0,5,4,26,25,3,58,2,1,3,61
09/14/2013,AGS,GA,ASO,ES,Combined TRACON& Tower with Radar,6,20,2,8,36,0,0,9,3,12,6,20,11,11,48,25,18,43,91
09/15/2013,AGS,GA,ASO,ES,Combined TRACON& Tower with Radar,3,26,3,0,32,0,0,14,0,14,3,26,17,0,46,14,0,14,60
09/16/2013,AGS,GA,ASO,ES,Combined TRACON& Tower with Radar,4,27,10,1,42,0,0,3,1,4,4,27,13,2,46,4,0,4,50
09/17/2013,AGS,GA,ASO,ES,Combined TRACON& Tower with Radar,3,26,6,3,38,0,0,7,0,7,3,26,13,3,45,0,6,6,51
09/18/2013,AGS,GA,ASO,ES,Combined TRACON& Tower with Radar,4,28,10,2,44,0,0,8,0,8,4,28,18,2,52,0,0,0,52
09/19/2013,AGS,GA,ASO,ES,Combined TRACON& Tower with Radar,6,24,21,5,56,0,0,7,0,7,6,24,28,5,63,18,2,20,83
09/20/2013,AGS,GA,ASO,ES,Combined TRACON& Tower with Radar,4,24,11,3,42,0,0,7,0,7,4,24,18,3,49,1,1,2,51
09/21/2013,AGS,GA,ASO,ES,Combined TRACON& Tower with Radar,4,21,3,0,28,0,0,12,0,12,4,21,15,0,40,2,0,2,42
09/22/2013,AGS,GA,ASO,ES,Combined TRACON& Tower with Radar,3,27,8,2,40,0,0,6,1,7,3,27,14,3,47,0,0,0,47
09/23/2013,AGS,GA,ASO,ES,Combined TRACON& Tower with Radar,4,30,10,2,46,0,0,9,1,10,4,30,19,3,56,2,13,15,71
09/24/2013,AGS,GA,ASO,ES,Combined TRACON& Tower with Radar,4,28,16,8,56,0,0,10,0,10,4,28,26,8,66,4,0,4,70
09/25/2013,AGS,GA,ASO,ES,Combined TRACON& Tower with Radar,4,27,17,9,57,0,0,0,0,0,4,27,17,9,57,0,1,1,58
09/26/2013,AGS,GA,ASO,ES,Combined TRACON& Tower with Radar,6,28,19,6,59,0,0,7,1,8,6,28,26,7,67,34,16,50,117
09/27/2013,AGS,GA,ASO,ES,Combined TRACON& Tower with Radar,6,27,16,4,53,0,0,7,5,12,6,27,23,9,65,3,0,3,68
09/28/2013,AGS,GA,ASO,ES,Combined TRACON& Tower with Radar,4,21,10,0,35,0,1,9,0,10,4,22,19,0,45,2,0,2,47
09/29/2013,AGS,GA,ASO,ES,Combined TRACON& Tower with Radar,3,27,18,4,52,0,0,11,2,13,3,27,29,6,65,15,0,15,80
09/30/2013,AGS,GA,ASO,ES,Combined TRACON& Tower with Radar,4,31,12,4,51,0,0,4,0,4,4,31,16,4,55,0,1,1,56
10/01/2013,AGS,GA,ASO,ES,Combined TRACON& Tower with Radar,6,31,6,0,43,0,0,4,0,4,6,31,10,0,47,4,0,4,51
10/02/2013,AGS,GA,ASO,ES,Combined TRACON& Tower with Radar,3,30,19,1,53,0,0,5,0,5,3,30,24,1,58,0,0,0,58
10/03/2013,AGS,GA,ASO,ES,Combined TRACON& Tower with Radar,3,30,26,0,59,0,0,10,0,10,3,30,36,0,69,0,0,0,69
10/04/2013,AGS,GA,ASO,ES,Combined TRACON& Tower with Radar,5,29,18,0,52,0,0,9,0,9,5,29,27,0,61,48,0,48,109
10/05/2013,AGS,GA,ASO,ES,Combined TRACON& Tower with Radar,3,22,5,2,32,0,1,15,0,16,3,23,20,2,48,0,0,0,48
10/06/2013,AGS,GA,ASO,ES,Combined TRACON& Tower with Radar,12,29,13,0,54,0,0,5,0,5,12,29,18,0,59,30,0,30,89
10/07/2013,AGS,GA,ASO,ES,Combined TRACON& Tower with Radar,3,33,7,0,43,0,0,3,0,3,3,33,10,0,46,0,0,0,46
10/08/2013,AGS,GA,ASO,ES,Combined TRACON& Tower with Radar,4,29,21,0,54,0,0,10,0,10,4,29,31,0,64,3,0,3,67
10/09/2013,AGS,GA,ASO,ES,Combined TRACON& Tower with Radar,3,27,13,2,45,0,0,9,2,11,3,27,22,4,56,0,0,0,56
10/10/2013,AGS,GA,ASO,ES,Combined TRACON& Tower with Radar,5,27,13,0,45,0,2,20,1,23,5,29,33,1,68,16,0,16,84
10/11/2013,AGS,GA,ASO,ES,Combined TRACON& Tower with Radar,3,24,15,3,45,0,0,5,4,9,3,24,20,7,54,0,14,14,68
10/12/2013,AGS,GA,ASO,ES,Combined TRACON& Tower with Radar,6,20,2,2,30,0,0,7,0,7,6,20,9,2,37,2,0,2,39
10/13/2013,AGS,GA,ASO,ES,Combined TRACON& Tower with Radar,3,29,8,0,40,0,0,7,0,7,3,29,15,0,47,0,0,0,47
10/14/2013,AGS,GA,ASO,ES,Combined TRACON& Tower with Radar,5,33,21,0,59,0,0,4,0,4,5,33,25,0,63,0,0,0,63
10/15/2013,AGS,GA,ASO,ES,Combined TRACON& Tower with Radar,3,29,30,0,62,0,0,6,0,6,3,29,36,0,68,0,0,0,68
10/16/2013,AGS,GA,ASO,ES,Combined TRACON& Tower with Radar,2,29,14,0,45,0,0,5,1,6,2,29,19,1,51,12,0,12,63
10/17/2013,AGS,GA,ASO,ES,Combined TRACON& Tower with Radar,3,38,49,0,90,0,0,12,1,13,3,38,61,1,103,9,0,9,112
10/18/2013,AGS,GA,ASO,ES,Combined TRACON& Tower with Radar,3,32,28,0,63,0,0,5,0,5,3,32,33,0,68,0,0,0,68
10/19/2013,AGS,GA,ASO,ES,Combined TRACON& Tower with Radar,4,23,15,2,44,0,0,1,0,1,4,23,16,2,45,0,0,0,45
10/20/2013,AGS,GA,ASO,ES,Combined TRACON& Tower with Radar,4,30,6,0,40,0,0,8,0,8,4,30,14,0,48,21,0,21,69
10/21/2013,AGS,GA,ASO,ES,Combined TRACON& Tower with Radar,7,33,15,0,55,0,1,3,0,4,7,34,18,0,59,0,0,0,59
10/22/2013,AGS,GA,ASO,ES,Combined TRACON& Tower with Radar,4,15,32,0,51,0,0,3,0,3,4,15,35,0,54,26,0,26,80
10/23/2013,AGS,GA,ASO,ES,Combined TRACON& Tower with Radar,3,31,34,15,83,0,0,6,1,7,3,31,40,16,90,10,16,26,116
10/24/2013,AGS,GA,ASO,ES,Combined TRACON& Tower with Radar,3,35,37,0,75,0,0,8,0,8,3,35,45,0,83,36,0,36,119
10/25/2013,AGS,GA,ASO,ES,Combined TRACON& Tower with Radar,3,37,32,0,72,0,0,11,2,13,3,37,43,2,85,2,0,2,87
10/26/2013,AGS,GA,ASO,ES,Combined TRACON& Tower with Radar,4,21,6,6,37,0,0,11,0,11,4,21,17,6,48,0,4,4,52
10/27/2013,AGS,GA,ASO,ES,Combined TRACON& Tower with Radar,4,32,6,0,42,0,0,2,0,2,4,32,8,0,44,0,0,0,44
10/28/2013,AGS,GA,ASO,ES,Combined TRACON& Tower with Radar,5,28,11,0,44,0,0,11,4,15,5,28,22,4,59,8,8,16,75
10/29/2013,AGS,GA,ASO,ES,Combined TRACON& Tower with Radar,4,32,22,0,58,0,0,15,0,15,4,32,37,0,73,34,0,34,107
10/30/2013,AGS,GA,ASO,ES,Combined TRACON& Tower with Radar,3,42,21,1,67,0,0,10,0,10,3,42,31,1,77,20,0,20,97
10/31/2013,AGS,GA,ASO,ES,Combined TRACON& Tower with Radar,3,39,22,0,64,0,0,6,1,7,3,39,28,1,71,3,0,3,74
11/01/2013,AGS,GA,ASO,ES,Combined TRACON& Tower with Radar,3,48,28,4,83,0,0,0,0,0,3,48,28,4,83,14,0,14,97
11/02/2013,AGS,GA,ASO,ES,Combined TRACON& Tower with Radar,3,23,16,0,42,0,1,8,3,12,3,24,24,3,54,0,0,0,54
11/03/2013,AGS,GA,ASO,ES,Combined TRACON& Tower with Radar,2,33,18,6,59,0,0,4,0,4,2,33,22,6,63,8,10,18,81
11/04/2013,AGS,GA,ASO,ES,Combined TRACON& Tower with Radar,3,34,25,0,62,0,0,4,2,6,3,34,29,2,68,0,0,0,68
11/05/2013,AGS,GA,ASO,ES,Combined TRACON& Tower with Radar,2,36,36,8,82,0,0,9,1,10,2,36,45,9,92,6,2,8,100
11/06/2013,AGS,GA,ASO,ES,Combined TRACON& Tower with Radar,4,31,38,2,75,0,0,6,0,6,4,31,44,2,81,3,0,3,84
11/07/2013,AGS,GA,ASO,ES,Combined TRACON& Tower with Radar,2,41,44,6,93,0,0,4,2,6,2,41,48,8,99,0,8,8,107
11/08/2013,AGS,GA,ASO,ES,Combined TRACON& Tower with Radar,1,43,44,0,88,0,4,4,2,10,1,47,48,2,98,0,4,4,102
11/09/2013,AGS,GA,ASO,ES,Combined TRACON& Tower with Radar,0,37,27,2,66,0,0,4,0,4,0,37,31,2,70,0,0,0,70
11/10/2013,AGS,GA,ASO,ES,Combined TRACON& Tower with Radar,3,49,15,0,67,0,0,15,0,15,3,49,30,0,82,11,0,11,93
11/11/2013,AGS,GA,ASO,ES,Combined TRACON& Tower with Radar,2,38,29,0,69,0,0,25,0,25,2,38,54,0,94,7,0,7,101
11/12/2013,AGS,GA,ASO,ES,Combined TRACON& Tower with Radar,4,34,30,2,70,0,0,8,2,10,4,34,38,4,80,6,0,6,86
11/13/2013,AGS,GA,ASO,ES,Combined TRACON& Tower with Radar,2,36,15,4,57,0,0,7,0,7,2,36,22,4,64,0,0,0,64
11/14/2013,AGS,GA,ASO,ES,Combined TRACON& Tower with Radar,2,39,36,2,79,0,0,1,1,2,2,39,37,3,81,12,2,14,95
11/15/2013,AGS,GA,ASO,ES,Combined TRACON& Tower with Radar,2,46,12,4,64,0,0,4,0,4,2,46,16,4,68,4,2,6,74
11/16/2013,AGS,GA,ASO,ES,Combined TRACON& Tower with Radar,5,30,9,0,44,0,0,2,0,2,5,30,11,0,46,0,0,0,46
11/17/2013,AGS,GA,ASO,ES,Combined TRACON& Tower with Radar,2,36,24,3,65,0,0,0,0,0,2,36,24,3,65,2,0,2,67
11/18/2013,AGS,GA,ASO,ES,Combined TRACON& Tower with Radar,6,33,25,2,66,0,0,7,0,7,6,33,32,2,73,0,0,0,73
11/19/2013,AGS,GA,ASO,ES,Combined TRACON& Tower with Radar,3,33,30,4,70,0,0,10,2,12,3,33,40,6,82,4,1,5,87
11/20/2013,AGS,GA,ASO,ES,Combined TRACON& Tower with Radar,3,32,27,2,64,0,0,9,6,15,3,32,36,8,79,4,0,4,83
11/21/2013,AGS,GA,ASO,ES,Combined TRACON& Tower with Radar,4,29,35,8,76,0,0,5,2,7,4,29,40,10,83,0,0,0,83
11/22/2013,AGS,GA,ASO,ES,Combined TRACON& Tower with Radar,4,32,32,8,76,0,0,1,1,2,4,32,33,9,78,0,0,0,78
11/23/2013,AGS,GA,ASO,ES,Combined TRACON& Tower with Radar,3,21,14,0,38,0,1,2,3,6,3,22,16,3,44,2,0,2,46
11/24/2013,AGS,GA,ASO,ES,Combined TRACON& Tower with Radar,2,33,14,7,56,0,0,8,1,9,2,33,22,8,65,0,3,3,68
11/25/2013,AGS,GA,ASO,ES,Combined TRACON& Tower with Radar,4,30,36,5,75,0,0,5,7,12,4,30,41,12,87,34,0,34,121
11/26/2013,AGS,GA,ASO,ES,Combined TRACON& Tower with Radar,4,25,26,0,55,0,0,0,0,0,4,25,26,0,55,0,0,0,55
11/27/2013,AGS,GA,ASO,ES,Combined TRACON& Tower with Radar,4,32,20,4,60,0,0,0,0,0,4,32,20,4,60,0,0,0,60
11/28/2013,AGS,GA,ASO,ES,Combined TRACON& Tower with Radar,3,16,6,0,25,0,0,5,0,5,3,16,11,0,30,0,0,0,30
11/29/2013,AGS,GA,ASO,ES,Combined TRACON& Tower with Radar,2,23,5,0,30,0,0,1,0,1,2,23,6,0,31,2,0,2,33
11/30/2013,AGS,GA,ASO,ES,Combined TRACON& Tower with Radar,3,31,8,0,42,0,0,8,0,8,3,31,16,0,50,2,0,2,52
12/01/2013,AGS,GA,ASO,ES,Combined TRACON& Tower with Radar,4,33,18,0,55,0,0,4,0,4,4,33,22,0,59,2,0,2,61
12/02/2013,AGS,GA,ASO,ES,Combined TRACON& Tower with Radar,4,32,20,0,56,0,0,8,6,14,4,32,28,6,70,21,0,21,91
12/03/2013,AGS,GA,ASO,ES,Combined TRACON& Tower with Radar,4,32,24,2,62,0,0,2,0,2,4,32,26,2,64,1,4,5,69
12/04/2013,AGS,GA,ASO,ES,Combined TRACON& Tower with Radar,4,35,33,6,78,0,0,3,0,3,4,35,36,6,81,3,8,11,92
12/05/2013,AGS,GA,ASO,ES,Combined TRACON& Tower with Radar,4,32,39,2,77,0,0,0,0,0,4,32,39,2,77,6,0,6,83
12/06/2013,AGS,GA,ASO,ES,Combined TRACON& Tower with Radar,3,31,26,4,64,0,0,6,6,12,3,31,32,10,76,8,23,31,107
12/07/2013,AGS,GA,ASO,ES,Combined TRACON& Tower with Radar,6,22,16,0,44,0,0,0,0,0,6,22,16,0,44,0,0,0,44
12/08/2013,AGS,GA,ASO,ES,Combined TRACON& Tower with Radar,4,25,8,0,37,0,0,0,0,0,4,25,8,0,37,0,0,0,37
12/09/2013,AGS,GA,ASO,ES,Combined TRACON& Tower with Radar,6,39,17,2,64,0,0,0,0,0,6,39,17,2,64,0,0,0,64
12/10/2013,AGS,GA,ASO,ES,Combined TRACON& Tower with Radar,6,29,33,2,70,0,0,7,0,7,6,29,40,2,77,6,0,6,83
12/11/2013,AGS,GA,ASO,ES,Combined TRACON& Tower with Radar,7,36,28,4,75,0,0,9,10,19,7,36,37,14,94,21,16,37,131
12/12/2013,AGS,GA,ASO,ES,Combined TRACON& Tower with Radar,4,26,30,2,62,0,0,42,1,43,4,26,72,3,105,54,0,54,159
12/13/2013,AGS,GA,ASO,ES,Combined TRACON& Tower with Radar,4,39,19,0,62,0,0,11,0,11,4,39,30,0,73,8,0,8,81
12/14/2013,AGS,GA,ASO,ES,Combined TRACON& Tower with Radar,6,22,5,2,35,0,0,0,0,0,6,22,5,2,35,0,0,0,35
12/15/2013,AGS,GA,ASO,ES,Combined TRACON& Tower with Radar,4,32,11,0,47,0,0,6,0,6,4,32,17,0,53,8,0,8,61
12/16/2013,AGS,GA,ASO,ES,Combined TRACON& Tower with Radar,4,36,20,11,71,0,0,15,0,15,4,36,35,11,86,51,4,55,141
12/17/2013,AGS,GA,ASO,ES,Combined TRACON& Tower with Radar,4,32,14,5,55,0,0,15,0,15,4,32,29,5,70,8,0,8,78
12/18/2013,AGS,GA,ASO,ES,Combined TRACON& Tower with Radar,3,37,31,5,76,0,0,12,1,13,3,37,43,6,89,2,4,6,95
12/19/2013,AGS,GA,ASO,ES,Combined TRACON& Tower with Radar,6,34,18,2,60,0,0,13,1,14,6,34,31,3,74,6,0,6,80
12/20/2013,AGS,GA,ASO,ES,Combined TRACON& Tower with Radar,2,40,33,3,78,0,0,12,0,12,2,40,45,3,90,12,0,12,102
12/21/2013,AGS,GA,ASO,ES,Combined TRACON& Tower with Radar,2,27,12,2,43,0,0,20,0,20,2,27,32,2,63,11,0,11,74
12/22/2013,AGS,GA,ASO,ES,Combined TRACON& Tower with Radar,2,23,8,0,33,0,0,0,0,0,2,23,8,0,33,6,0,6,39
12/23/2013,AGS,GA,ASO,ES,Combined TRACON& Tower with Radar,2,24,6,4,36,0,0,0,0,0,2,24,6,4,36,0,6,6,42
12/24/2013,AGS,GA,ASO,ES,Combined TRACON& Tower with Radar,2,20,4,0,26,0,0,15,0,15,2,20,19,0,41,8,0,8,49
12/25/2013,AGS,GA,ASO,ES,Combined TRACON& Tower with Radar,2,18,6,0,26,0,0,6,0,6,2,18,12,0,32,0,0,0,32
12/26/2013,AGS,GA,ASO,ES,Combined TRACON& Tower with Radar,2,25,10,0,37,0,1,4,0,5,2,26,14,0,42,0,0,0,42
12/27/2013,AGS,GA,ASO,ES,Combined TRACON& Tower with Radar,2,24,27,2,55,0,0,11,1,12,2,24,38,3,67,20,0,20,87
12/28/2013,AGS,GA,ASO,ES,Combined TRACON& Tower with Radar,2,26,21,0,49,0,0,5,0,5,2,26,26,0,54,19,0,19,73
12/29/2013,AGS,GA,ASO,ES,Combined TRACON& Tower with Radar,2,24,7,0,33,0,0,3,0,3,2,24,10,0,36,4,0,4,40
12/30/2013,AGS,GA,ASO,ES,Combined TRACON& Tower with Radar,2,23,22,0,47,0,2,6,0,8,2,25,28,0,55,4,0,4,59
12/31/2013,AGS,GA,ASO,ES,Combined TRACON& Tower with Radar,2,23,4,0,29,0,1,7,0,8,2,24,11,0,37,10,0,10,47
01/01/2014,AGS,GA,ASO,ES,Combined TRACON& Tower with Radar,2,20,4,0,26,0,0,7,0,7,2,20,11,0,33,4,0,4,37
01/02/2014,AGS,GA,ASO,ES,Combined TRACON& Tower with Radar,1,30,6,0,37,0,0,0,0,0,1,30,6,0,37,0,0,0,37
01/03/2014,AGS,GA,ASO,ES,Combined TRACON& Tower with Radar,2,25,18,2,47,0,0,12,0,12,2,25,30,2,59,8,0,8,67
01/04/2014,AGS,GA,ASO,ES,Combined TRACON& Tower with Radar,2,22,9,0,33,0,0,7,0,7,2,22,16,0,40,4,0,4,44
01/05/2014,AGS,GA,ASO,ES,Combined TRACON& Tower with Radar,2,28,22,0,52,0,0,0,0,0,2,28,22,0,52,0,0,0,52
01/06/2014,AGS,GA,ASO,ES,Combined TRACON& Tower with Radar,1,28,23,0,52,0,0,2,0,2,1,28,25,0,54,3,0,3,57
01/07/2014,AGS,GA,ASO,ES,Combined TRACON& Tower with Radar,2,26,15,2,45,0,1,8,3,12,2,27,23,5,57,6,0,6,63
01/08/2014,AGS,GA,ASO,ES,Combined TRACON& Tower with Radar,2,27,20,1,50,0,0,12,1,13,2,27,32,2,63,4,0,4,67
01/09/2014,AGS,GA,ASO,ES,Combined TRACON& Tower with Radar,2,35,11,6,54,0,1,8,0,9,2,36,19,6,63,4,30,34,97
01/10/2014,AGS,GA,ASO,ES,Combined TRACON& Tower with Radar,2,45,19,0,66,0,0,0,0,0,2,45,19,0,66,0,0,0,66
01/11/2014,AGS,GA,ASO,ES,Combined TRACON& Tower with Radar,8,27,11,0,46,0,0,0,0,0,8,27,11,0,46,0,0,0,46
01/12/2014,AGS,GA,ASO,ES,Combined TRACON& Tower with Radar,2,30,2,2,36,0,0,10,0,10,2,30,12,2,46,0,2,2,48
01/13/2014,AGS,GA,ASO,ES,Combined TRACON& Tower with Radar,2,32,8,4,46,0,0,10,2,12,2,32,18,6,58,16,0,16,74
01/14/2014,AGS,GA,ASO,ES,Combined TRACON& Tower with Radar,2,27,15,4,48,0,0,6,0,6,2,27,21,4,54,28,10,38,92
01/15/2014,AGS,GA,ASO,ES,Combined TRACON& Tower with Radar,3,33,11,2,49,0,0,5,0,5,3,33,16,2,54,8,0,8,62
01/16/2014,AGS,GA,ASO,ES,Combined TRACON& Tower with Radar,3,33,38,6,80,0,0,10,2,12,3,33,48,8,92,14,2,16,108
01/17/2014,AGS,GA,ASO,ES,Combined TRACON& Tower with Radar,4,30,30,8,72,0,0,6,2,8,4,30,36,10,80,10,0,10,90
01/18/2014,AGS,GA,ASO,ES,Combined TRACON& Tower with Radar,4,25,15,2,46,0,0,4,0,4,4,25,19,2,50,12,0,12,62
01/19/2014,AGS,GA,ASO,ES,Combined TRACON& Tower with Radar,2,29,12,4,47,0,1,5,3,9,2,30,17,7,56,0,0,0,56
01/20/2014,AGS,GA,ASO,ES,Combined TRACON& Tower with Radar,2,35,34,0,71,0,0,4,0,4,2,35,38,0,75,3,0,3,78
01/21/2014,AGS,GA,ASO,ES,Combined TRACON& Tower with Radar,2,26,20,5,53,0,0,4,0,4,2,26,24,5,57,2,0,2,59
01/22/2014,AGS,GA,ASO,ES,Combined TRACON& Tower with Radar,2,30,30,14,76,0,0,1,6,7,2,30,31,20,83,8,38,46,129
01/23/2014,AGS,GA,ASO,ES,Combined TRACON& Tower with Radar,2,31,18,8,59,0,0,17,1,18,2,31,35,9,77,3,6,9,86
01/24/2014,AGS,GA,ASO,ES,Combined TRACON& Tower with Radar,2,35,17,3,57,0,0,13,4,17,2,35,30,7,74,16,0,16,90
01/25/2014,AGS,GA,ASO,ES,Combined TRACON& Tower with Radar,4,19,4,8,35,0,0,8,0,8,4,19,12,8,43,12,8,20,63
01/26/2014,AGS,GA,ASO,ES,Combined TRACON& Tower with Radar,2,25,13,1,41,0,0,11,4,15,2,25,24,5,56,14,0,14,70
01/27/2014,AGS,GA,ASO,ES,Combined TRACON& Tower with Radar,1,30,19,3,53,0,0,9,0,9,1,30,28,3,62,6,0,6,68
01/28/2014,AGS,GA,ASO,ES,Combined TRACON& Tower with Radar,0,10,7,0,17,0,0,0,0,0,0,10,7,0,17,0,0,0,17
01/29/2014,AGS,GA,ASO,ES,Combined TRACON& Tower with Radar,1,16,7,0,24,0,0,5,0,5,1,16,12,0,29,0,0,0,29
01/30/2014,AGS,GA,ASO,ES,Combined TRACON& Tower with Radar,5,32,24,0,61,0,0,11,2,13,5,32,35,2,74,26,0,26,100
01/31/2014,AGS,GA,ASO,ES,Combined TRACON& Tower with Radar,3,38,18,6,65,0,1,12,0,13,3,39,30,6,78,12,12,24,102
02/01/2014,AGS,GA,ASO,ES,Combined TRACON& Tower with Radar,2,19,8,12,41,0,0,0,0,0,2,19,8,12,41,0,10,10,51
02/02/2014,AGS,GA,ASO,ES,Combined TRACON& Tower with Radar,2,27,8,0,37,0,1,6,0,7,2,28,14,0,44,0,0,0,44
02/03/2014,AGS,GA,ASO,ES,Combined TRACON& Tower with Radar,4,30,12,6,52,0,0,4,0,4,4,30,16,6,56,0,5,5,61
02/04/2014,AGS,GA,ASO,ES,Combined TRACON& Tower with Radar,2,29,22,4,57,0,0,0,0,0,2,29,22,4,57,0,4,4,61
02/05/2014,AGS,GA,ASO,ES,Combined TRACON& Tower with Radar,2,27,10,9,48,0,0,2,6,8,2,27,12,15,56,2,2,4,60
02/06/2014,AGS,GA,ASO,ES,Combined TRACON& Tower with Radar,2,30,12,2,46,0,0,3,8,11,2,30,15,10,57,0,0,0,57
02/07/2014,AGS,GA,ASO,ES,Combined TRACON& Tower with Radar,2,35,27,0,64,0,0,15,5,20,2,35,42,5,84,31,0,31,115
02/08/2014,AGS,GA,ASO,ES,Combined TRACON& Tower with Radar,2,20,6,8,36,0,0,5,0,5,2,20,11,8,41,8,4,12,53
02/09/2014,AGS,GA,ASO,ES,Combined TRACON& Tower with Radar,2,32,15,1,50,0,0,4,1,5,2,32,19,2,55,0,0,0,55
02/10/2014,AGS,GA,ASO,ES,Combined TRACON& Tower with Radar,2,29,10,4,45,0,0,7,0,7,2,29,17,4,52,2,6,8,60
02/11/2014,AGS,GA,ASO,ES,Combined TRACON& Tower with Radar,1,16,11,0,28,0,0,0,0,0,1,16,11,0,28,0,0,0,28
02/12/2014,AGS,GA,ASO,ES,Combined TRACON& Tower with Radar,0,0,0,0,0,0,0,0,0,0,0,0,0,0,0,0,0,0,0
02/13/2014,AGS,GA,ASO,ES,Combined TRACON& Tower with Radar,1,6,9,0,16,0,0,2,0,2,1,6,11,0,18,0,0,0,18
02/14/2014,AGS,GA,ASO,ES,Combined TRACON& Tower with Radar,2,29,9,0,40,0,0,9,0,9,2,29,18,0,49,30,0,30,79
02/15/2014,AGS,GA,ASO,ES,Combined TRACON& Tower with Radar,1,23,10,0,34,0,0,7,0,7,1,23,17,0,41,0,0,0,41
02/16/2014,AGS,GA,ASO,ES,Combined TRACON& Tower with Radar,3,31,5,0,39,0,0,10,0,10,3,31,15,0,49,4,0,4,53
02/17/2014,AGS,GA,ASO,ES,Combined TRACON& Tower with Radar,2,37,21,0,60,0,2,8,1,11,2,39,29,1,71,0,0,0,71
02/18/2014,AGS,GA,ASO,ES,Combined TRACON& Tower with Radar,2,34,43,7,86,0,0,18,2,20,2,34,61,9,106,11,1,12,118
02/19/2014,AGS,GA,ASO,ES,Combined TRACON& Tower with Radar,2,42,30,8,82,0,0,4,0,4,2,42,34,8,86,4,2,6,92
02/20/2014,AGS,GA,ASO,ES,Combined TRACON& Tower with Radar,2,43,32,7,84,0,0,5,4,9,2,43,37,11,93,0,4,4,97
02/21/2014,AGS,GA,ASO,ES,Combined TRACON& Tower with Radar,2,33,24,5,64,0,0,6,0,6,2,33,30,5,70,0,4,4,74
02/22/2014,AGS,GA,ASO,ES,Combined TRACON& Tower with Radar,4,21,14,2,41,0,1,15,0,16,4,22,29,2,57,0,0,0,57
02/23/2014,AGS,GA,ASO,ES,Combined TRACON& Tower with Radar,2,33,20,0,55,0,0,10,0,10,2,33,30,0,65,10,0,10,75
02/24/2014,AGS,GA,ASO,ES,Combined TRACON& Tower with Radar,6,32,53,0,91,0,0,17,0,17,6,32,70,0,108,64,0,64,172
02/25/2014,AGS,GA,ASO,ES,Combined TRACON& Tower with Radar,2,30,37,2,71,0,0,13,4,17,2,30,50,6,88,33,0,33,121
02/26/2014,AGS,GA,ASO,ES,Combined TRACON& Tower with Radar,2,37,15,7,61,0,0,2,5,7,2,37,17,12,68,0,2,2,70
02/27/2014,AGS,GA,ASO,ES,Combined TRACON& Tower with Radar,2,43,31,8,84,0,0,17,3,20,2,43,48,11,104,2,4,6,110
02/28/2014,AGS,GA,ASO,ES,Combined TRACON& Tower with Radar,2,39,26,5,72,0,0,21,6,27,2,39,47,11,99,14,14,28,127
03/01/2014,AGS,GA,ASO,ES,Combined TRACON& Tower with Radar,2,22,14,4,42,0,0,15,0,15,2,22,29,4,57,44,2,46,103
03/02/2014,AGS,GA,ASO,ES,Combined TRACON& Tower with Radar,4,33,16,0,53,0,0,19,1,20,4,33,35,1,73,56,0,56,129
03/03/2014,AGS,GA,ASO,ES,Combined TRACON& Tower with Radar,2,31,24,0,57,0,0,0,0,0,2,31,24,0,57,0,0,0,57
03/04/2014,AGS,GA,ASO,ES,Combined TRACON& Tower with Radar,4,43,25,8,80,0,0,12,0,12,4,43,37,8,92,15,0,15,107
03/05/2014,AGS,GA,ASO,ES,Combined TRACON& Tower with Radar,2,38,28,2,70,0,0,2,1,3,2,38,30,3,73,0,0,0,73
03/06/2014,AGS,GA,ASO,ES,Combined TRACON& Tower with Radar,2,39,26,2,69,0,0,1,0,1,2,39,27,2,70,4,0,4,74
03/07/2014,AGS,GA,ASO,ES,Combined TRACON& Tower with Radar,2,30,10,2,44,0,0,0,2,2,2,30,10,4,46,2,0,2,48
03/08/2014,AGS,GA,ASO,ES,Combined TRACON& Tower with Radar,2,25,15,0,42,0,0,15,0,15,2,25,30,0,57,10,0,10,67
03/09/2014,AGS,GA,ASO,ES,Combined TRACON& Tower with Radar,2,40,15,7,64,0,0,4,4,8,2,40,19,11,72,14,10,24,96
03/10/2014,AGS,GA,ASO,ES,Combined TRACON& Tower with Radar,2,44,24,3,73,0,0,6,0,6,2,44,30,3,79,2,1,3,82
03/11/2014,AGS,GA,ASO,ES,Combined TRACON& Tower with Radar,2,40,22,6,70,0,0,15,0,15,2,40,37,6,85,0,0,0,85
03/12/2014,AGS,GA,ASO,ES,Combined TRACON& Tower with Radar,2,35,11,0,48,0,0,8,0,8,2,35,19,0,56,0,0,0,56
03/13/2014,AGS,GA,ASO,ES,Combined TRACON& Tower with Radar,2,34,22,0,58,0,0,7,0,7,2,34,29,0,65,11,0,11,76
03/14/2014,AGS,GA,ASO,ES,Combined TRACON& Tower with Radar,2,36,18,2,58,0,0,5,0,5,2,36,23,2,63,6,0,6,69
03/15/2014,AGS,GA,ASO,ES,Combined TRACON& Tower with Radar,2,24,9,0,35,0,0,10,0,10,2,24,19,0,45,24,0,24,69
03/16/2014,AGS,GA,ASO,ES,Combined TRACON& Tower with Radar,2,30,17,0,49,0,0,0,0,0,2,30,17,0,49,0,0,0,49
03/17/2014,AGS,GA,ASO,ES,Combined TRACON& Tower with Radar,2,35,17,5,59,0,0,0,0,0,2,35,17,5,59,0,0,0,59
03/18/2014,AGS,GA,ASO,ES,Combined TRACON& Tower with Radar,2,42,35,15,94,0,0,3,0,3,2,42,38,15,97,0,8,8,105
03/19/2014,AGS,GA,ASO,ES,Combined TRACON& Tower with Radar,2,39,44,3,88,0,0,1,4,5,2,39,45,7,93,0,2,2,95
03/20/2014,AGS,GA,ASO,ES,Combined TRACON& Tower with Radar,4,61,49,2,116,0,0,14,1,15,4,61,63,3,131,26,0,26,157
03/21/2014,AGS,GA,ASO,ES,Combined TRACON& Tower with Radar,2,46,32,11,91,0,1,14,0,15,2,47,46,11,106,2,0,2,108
03/22/2014,AGS,GA,ASO,ES,Combined TRACON& Tower with Radar,4,29,27,9,69,0,0,10,1,11,4,29,37,10,80,32,0,32,112
03/23/2014,AGS,GA,ASO,ES,Combined TRACON& Tower with Radar,2,33,18,0,53,0,0,2,0,2,2,33,20,0,55,4,0,4,59
03/24/2014,AGS,GA,ASO,ES,Combined TRACON& Tower with Radar,2,44,22,0,68,0,0,3,0,3,2,44,25,0,71,13,0,13,84
03/25/2014,AGS,GA,ASO,ES,Combined TRACON& Tower with Radar,2,44,28,13,87,0,1,2,3,6,2,45,30,16,93,0,38,38,131
03/26/2014,AGS,GA,ASO,ES,Combined TRACON& Tower with Radar,2,37,26,4,69,0,0,6,1,7,2,37,32,5,76,4,20,24,100
03/27/2014,AGS,GA,ASO,ES,Combined TRACON& Tower with Radar,2,47,30,10,89,0,0,6,0,6,2,47,36,10,95,0,6,6,101
03/28/2014,AGS,GA,ASO,ES,Combined TRACON& Tower with Radar,2,45,33,4,84,0,0,0,0,0,2,45,33,4,84,4,6,10,94
03/29/2014,AGS,GA,ASO,ES,Combined TRACON& Tower with Radar,2,36,16,0,54,0,0,5,0,5,2,36,21,0,59,0,0,0,59
03/30/2014,AGS,GA,ASO,ES,Combined TRACON& Tower with Radar,2,45,40,2,89,0,0,6,0,6,2,45,46,2,95,0,0,0,95
03/31/2014,AGS,GA,ASO,ES,Combined TRACON& Tower with Radar,2,34,25,8,69,0,0,16,0,16,2,34,41,8,85,37,6,43,128
04/01/2014,AGS,GA,ASO,ES,Combined TRACON& Tower with Radar,6,30,36,9,81,0,0,10,0,10,6,30,46,9,91,10,16,26,117
04/02/2014,AGS,GA,ASO,ES,Combined TRACON& Tower with Radar,6,27,30,4,67,0,0,24,0,24,6,27,54,4,91,13,2,15,106
04/03/2014,AGS,GA,ASO,ES,Combined TRACON& Tower with Radar,8,29,26,2,65,0,0,3,0,3,8,29,29,2,68,0,4,4,72
04/04/2014,AGS,GA,ASO,ES,Combined TRACON& Tower with Radar,17,23,26,2,68,0,0,2,0,2,17,23,28,2,70,0,0,0,70
04/05/2014,AGS,GA,ASO,ES,Combined TRACON& Tower with Radar,9,27,23,1,60,0,0,15,0,15,9,27,38,1,75,41,0,41,116
04/06/2014,AGS,GA,ASO,ES,Combined TRACON& Tower with Radar,27,48,43,1,119,0,0,1,0,1,27,48,44,1,120,0,0,0,120
04/07/2014,AGS,GA,ASO,ES,Combined TRACON& Tower with Radar,35,41,81,0,157,0,0,0,0,0,35,41,81,0,157,0,0,0,157
04/08/2014,AGS,GA,ASO,ES,Combined TRACON& Tower with Radar,40,83,128,0,251,0,0,5,0,5,40,83,133,0,256,2,0,2,258
04/09/2014,AGS,GA,ASO,ES,Combined TRACON& Tower with Radar,38,112,174,3,327,0,0,7,0,7,38,112,181,3,334,0,0,0,334
04/10/2014,AGS,GA,ASO,ES,Combined TRACON& Tower with Radar,45,52,75,0,172,0,0,11,0,11,45,52,86,0,183,0,0,0,183
04/11/2014,AGS,GA,ASO,ES,Combined TRACON& Tower with Radar,40,106,127,0,273,0,0,6,0,6,40,106,133,0,279,0,0,0,279
04/12/2014,AGS,GA,ASO,ES,Combined TRACON& Tower with Radar,20,93,82,0,195,0,0,9,0,9,20,93,91,0,204,0,0,0,204
04/13/2014,AGS,GA,ASO,ES,Combined TRACON& Tower with Radar,38,158,132,0,328,0,0,2,0,2,38,158,134,0,330,0,0,0,330
04/14/2014,AGS,GA,ASO,ES,Combined TRACON& Tower with Radar,31,88,50,2,171,0,0,0,0,0,31,88,50,2,171,2,0,2,173
04/15/2014,AGS,GA,ASO,ES,Combined TRACON& Tower with Radar,7,25,8,4,44,0,2,8,0,10,7,27,16,4,54,0,2,2,56
04/16/2014,AGS,GA,ASO,ES,Combined TRACON& Tower with Radar,6,24,20,6,56,0,0,10,0,10,6,24,30,6,66,22,6,28,94
04/17/2014,AGS,GA,ASO,ES,Combined TRACON& Tower with Radar,6,25,14,4,49,0,0,4,0,4,6,25,18,4,53,22,0,22,75
04/18/2014,AGS,GA,ASO,ES,Combined TRACON& Tower with Radar,4,25,9,6,44,0,0,3,0,3,4,25,12,6,47,14,12,26,73
04/19/2014,AGS,GA,ASO,ES,Combined TRACON& Tower with Radar,6,24,6,0,36,0,0,0,0,0,6,24,6,0,36,2,0,2,38
04/20/2014,AGS,GA,ASO,ES,Combined TRACON& Tower with Radar,4,27,22,0,53,0,0,4,0,4,4,27,26,0,57,0,0,0,57
04/21/2014,AGS,GA,ASO,ES,Combined TRACON& Tower with Radar,6,39,25,1,71,0,0,12,0,12,6,39,37,1,83,20,0,20,103
04/22/2014,AGS,GA,ASO,ES,Combined TRACON& Tower with Radar,7,38,23,3,71,0,0,3,4,7,7,38,26,7,78,6,10,16,94
04/23/2014,AGS,GA,ASO,ES,Combined TRACON& Tower with Radar,6,31,26,5,68,0,0,10,0,10,6,31,36,5,78,2,2,4,82
04/24/2014,AGS,GA,ASO,ES,Combined TRACON& Tower with Radar,6,30,42,1,79,0,0,7,0,7,6,30,49,1,86,2,0,2,88
04/25/2014,AGS,GA,ASO,ES,Combined TRACON& Tower with Radar,6,34,42,0,82,0,0,4,1,5,6,34,46,1,87,6,0,6,93
04/26/2014,AGS,GA,ASO,ES,Combined TRACON& Tower with Radar,6,24,13,0,43,0,1,10,2,13,6,25,23,2,56,0,0,0,56
04/27/2014,AGS,GA,ASO,ES,Combined TRACON& Tower with Radar,6,34,27,0,67,0,0,10,1,11,6,34,37,1,78,2,0,2,80
04/28/2014,AGS,GA,ASO,ES,Combined TRACON& Tower with Radar,6,37,29,8,80,0,0,2,5,7,6,37,31,13,87,0,17,17,104
04/29/2014,AGS,GA,ASO,ES,Combined TRACON& Tower with Radar,6,29,19,0,54,0,0,3,0,3,6,29,22,0,57,0,0,0,57
04/30/2014,AGS,GA,ASO,ES,Combined TRACON& Tower with Radar,6,26,24,12,68,0,0,4,0,4,6,26,28,12,72,1,10,11,83
05/01/2014,AGS,GA,ASO,ES,Combined TRACON& Tower with Radar,4,31,40,0,75,0,0,5,3,8,4,31,45,3,83,0,1,1,84
05/02/2014,AGS,GA,ASO,ES,Combined TRACON& Tower with Radar,6,40,39,12,97,0,1,6,0,7,6,41,45,12,104,4,10,14,118
05/03/2014,AGS,GA,ASO,ES,Combined TRACON& Tower with Radar,4,27,12,0,43,0,0,3,0,3,4,27,15,0,46,0,0,0,46
05/04/2014,AGS,GA,ASO,ES,Combined TRACON& Tower with Radar,8,34,25,10,77,0,0,6,0,6,8,34,31,10,83,0,4,4,87
05/05/2014,AGS,GA,ASO,ES,Combined TRACON& Tower with Radar,6,34,35,11,86,0,0,12,6,18,6,34,47,17,104,10,7,17,121
05/06/2014,AGS,GA,ASO,ES,Combined TRACON& Tower with Radar,6,36,27,0,69,0,0,13,0,13,6,36,40,0,82,0,0,0,82
05/07/2014,AGS,GA,ASO,ES,Combined TRACON& Tower with Radar,6,36,25,0,67,0,0,11,1,12,6,36,36,1,79,3,0,3,82
05/08/2014,AGS,GA,ASO,ES,Combined TRACON& Tower with Radar,4,32,34,4,74,0,0,1,0,1,4,32,35,4,75,0,0,0,75
05/09/2014,AGS,GA,ASO,ES,Combined TRACON& Tower with Radar,6,31,28,19,84,0,0,5,2,7,6,31,33,21,91,0,16,16,107
05/10/2014,AGS,GA,ASO,ES,Combined TRACON& Tower with Radar,4,23,14,0,41,0,0,13,1,14,4,23,27,1,55,10,0,10,65
05/11/2014,AGS,GA,ASO,ES,Combined TRACON& Tower with Radar,6,27,10,0,43,0,0,4,0,4,6,27,14,0,47,0,0,0,47
05/12/2014,AGS,GA,ASO,ES,Combined TRACON& Tower with Radar,6,44,39,11,100,0,0,7,0,7,6,44,46,11,107,0,12,12,119
05/13/2014,AGS,GA,ASO,ES,Combined TRACON& Tower with Radar,6,33,27,0,66,0,0,5,0,5,6,33,32,0,71,16,0,16,87
05/14/2014,AGS,GA,ASO,ES,Combined TRACON& Tower with Radar,8,37,31,2,78,0,0,0,0,0,8,37,31,2,78,0,2,2,80
05/15/2014,AGS,GA,ASO,ES,Combined TRACON& Tower with Radar,6,29,22,0,57,0,0,0,0,0,6,29,22,0,57,0,0,0,57
05/16/2014,AGS,GA,ASO,ES,Combined TRACON& Tower with Radar,6,30,34,2,72,0,0,20,11,31,6,30,54,13,103,9,8,17,120
05/17/2014,AGS,GA,ASO,ES,Combined TRACON& Tower with Radar,8,23,10,0,41,0,0,7,2,9,8,23,17,2,50,10,0,10,60
05/18/2014,AGS,GA,ASO,ES,Combined TRACON& Tower with Radar,9,20,8,0,37,0,0,1,0,1,9,20,9,0,38,1,0,1,39
05/19/2014,AGS,GA,ASO,ES,Combined TRACON& Tower with Radar,6,30,19,1,56,0,0,11,3,14,6,30,30,4,70,5,0,5,75
05/20/2014,AGS,GA,ASO,ES,Combined TRACON& Tower with Radar,6,27,16,4,53,0,0,6,3,9,6,27,22,7,62,0,0,0,62
05/21/2014,AGS,GA,ASO,ES,Combined TRACON& Tower with Radar,6,30,21,4,61,0,0,10,4,14,6,30,31,8,75,0,0,0,75
05/22/2014,AGS,GA,ASO,ES,Combined TRACON& Tower with Radar,6,26,24,1,57,0,0,3,1,4,6,26,27,2,61,6,0,6,67
05/23/2014,AGS,GA,ASO,ES,Combined TRACON& Tower with Radar,8,22,13,0,43,0,0,8,1,9,8,22,21,1,52,6,0,6,58
05/24/2014,AGS,GA,ASO,ES,Combined TRACON& Tower with Radar,4,14,9,0,27,0,0,9,0,9,4,14,18,0,36,25,0,25,61
05/25/2014,AGS,GA,ASO,ES,Combined TRACON& Tower with Radar,4,19,8,0,31,0,0,4,0,4,4,19,12,0,35,0,0,0,35
05/26/2014,AGS,GA,ASO,ES,Combined TRACON& Tower with Radar,6,24,8,2,40,0,0,6,0,6,6,24,14,2,46,12,0,12,58
05/27/2014,AGS,GA,ASO,ES,Combined TRACON& Tower with Radar,6,22,17,0,45,0,0,4,2,6,6,22,21,2,51,0,0,0,51
05/28/2014,AGS,GA,ASO,ES,Combined TRACON& Tower with Radar,6,22,14,0,42,0,0,11,4,15,6,22,25,4,57,14,0,14,71
05/29/2014,AGS,GA,ASO,ES,Combined TRACON& Tower with Radar,6,23,16,4,49,0,0,28,0,28,6,23,44,4,77,40,0,40,117
05/30/2014,AGS,GA,ASO,ES,Combined TRACON& Tower with Radar,8,22,21,0,51,0,0,4,0,4,8,22,25,0,55,2,0,2,57
05/31/2014,AGS,GA,ASO,ES,Combined TRACON& Tower with Radar,6,14,5,0,25,0,0,7,0,7,6,14,12,0,32,2,0,2,34
06/01/2014,AGS,GA,ASO,ES,Combined TRACON& Tower with Radar,9,14,2,0,25,0,0,2,0,2,9,14,4,0,27,0,0,0,27
06/02/2014,AGS,GA,ASO,ES,Combined TRACON& Tower with Radar,8,23,7,0,38,0,0,6,2,8,8,23,13,2,46,0,0,0,46
06/03/2014,AGS,GA,ASO,ES,Combined TRACON& Tower with Radar,8,20,10,15,53,0,0,3,5,8,8,20,13,20,61,6,30,36,97
06/04/2014,AGS,GA,ASO,ES,Combined TRACON& Tower with Radar,8,23,10,8,49,0,0,4,0,4,8,23,14,8,53,0,8,8,61
06/05/2014,AGS,GA,ASO,ES,Combined TRACON& Tower with Radar,19,18,19,5,61,0,0,4,0,4,19,18,23,5,65,0,0,0,65
06/06/2014,AGS,GA,ASO,ES,Combined TRACON& Tower with Radar,9,21,17,0,47,0,1,6,0,7,9,22,23,0,54,4,0,4,58
06/07/2014,AGS,GA,ASO,ES,Combined TRACON& Tower with Radar,1,18,17,6,42,0,0,6,2,8,1,18,23,8,50,8,4,12,62
06/08/2014,AGS,GA,ASO,ES,Combined TRACON& Tower with Radar,7,21,8,0,36,0,0,5,0,5,7,21,13,0,41,12,0,12,53
06/09/2014,AGS,GA,ASO,ES,Combined TRACON& Tower with Radar,8,22,22,7,59,0,0,12,3,15,8,22,34,10,74,2,4,6,80
06/10/2014,AGS,GA,ASO,ES,Combined TRACON& Tower with Radar,9,20,20,2,51,0,0,9,3,12,9,20,29,5,63,16,0,16,79
06/11/2014,AGS,GA,ASO,ES,Combined TRACON& Tower with Radar,10,20,22,3,55,0,0,5,0,5,10,20,27,3,60,2,8,10,70
06/12/2014,AGS,GA,ASO,ES,Combined TRACON& Tower with Radar,7,18,21,14,60,0,0,4,0,4,7,18,25,14,64,0,0,0,64
06/13/2014,AGS,GA,ASO,ES,Combined TRACON& Tower with Radar,8,18,7,9,42,0,1,10,3,14,8,19,17,12,56,2,8,10,66
06/14/2014,AGS,GA,ASO,ES,Combined TRACON& Tower with Radar,1,18,3,0,22,0,0,13,0,13,1,18,16,0,35,20,0,20,55
06/15/2014,AGS,GA,ASO,ES,Combined TRACON& Tower with Radar,13,19,9,14,55,0,0,8,2,10,13,19,17,16,65,6,5,11,76
06/16/2014,AGS,GA,ASO,ES,Combined TRACON& Tower with Radar,7,19,12,4,42,0,0,8,0,8,7,19,20,4,50,0,0,0,50
06/17/2014,AGS,GA,ASO,ES,Combined TRACON& Tower with Radar,7,21,32,6,66,0,0,5,0,5,7,21,37,6,71,0,0,0,71
06/18/2014,AGS,GA,ASO,ES,Combined TRACON& Tower with Radar,9,17,17,2,45,0,0,13,2,15,9,17,30,4,60,4,0,4,64
06/19/2014,AGS,GA,ASO,ES,Combined TRACON& Tower with Radar,7,17,24,2,50,0,0,6,0,6,7,17,30,2,56,6,0,6,62
06/20/2014,AGS,GA,ASO,ES,Combined TRACON& Tower with Radar,7,32,18,2,59,0,0,6,2,8,7,32,24,4,67,2,0,2,69
06/21/2014,AGS,GA,ASO,ES,Combined TRACON& Tower with Radar,3,29,3,1,36,0,3,6,1,10,3,32,9,2,46,18,0,18,64
06/22/2014,AGS,GA,ASO,ES,Combined TRACON& Tower with Radar,3,20,10,0,33,0,0,6,0,6,3,20,16,0,39,2,0,2,41
06/23/2014,AGS,GA,ASO,ES,Combined TRACON& Tower with Radar,10,23,18,0,51,0,0,2,0,2,10,23,20,0,53,0,0,0,53
06/24/2014,AGS,GA,ASO,ES,Combined TRACON& Tower with Radar,7,22,14,1,44,0,0,3,1,4,7,22,17,2,48,4,2,6,54
06/25/2014,AGS,GA,ASO,ES,Combined TRACON& Tower with Radar,6,21,7,0,34,0,0,4,2,6,6,21,11,2,40,0,0,0,40
06/26/2014,AGS,GA,ASO,ES,Combined TRACON& Tower with Radar,11,20,18,13,62,0,0,2,1,3,11,20,20,14,65,14,18,32,97
06/27/2014,AGS,GA,ASO,ES,Combined TRACON& Tower with Radar,9,21,9,6,45,0,0,5,4,9,9,21,14,10,54,9,6,15,69
06/28/2014,AGS,GA,ASO,ES,Combined TRACON& Tower with Radar,1,21,5,0,27,0,0,2,2,4,1,21,7,2,31,0,0,0,31
06/29/2014,AGS,GA,ASO,ES,Combined TRACON& Tower with Radar,5,18,7,5,35,0,0,3,0,3,5,18,10,5,38,0,0,0,38
06/30/2014,AGS,GA,ASO,ES,Combined TRACON& Tower with Radar,12,17,18,3,50,0,0,10,1,11,12,17,28,4,61,13,1,14,75
07/01/2014,AGS,GA,ASO,ES,Combined TRACON& Tower with Radar,5,22,12,6,45,0,0,8,8,16,5,22,20,14,61,0,0,0,61
07/02/2014,AGS,GA,ASO,ES,Combined TRACON& Tower with Radar,5,19,13,6,43,0,0,4,2,6,5,19,17,8,49,0,6,6,55
07/03/2014,AGS,GA,ASO,ES,Combined TRACON& Tower with Radar,8,23,15,4,50,0,0,3,0,3,8,23,18,4,53,1,2,3,56
07/04/2014,AGS,GA,ASO,ES,Combined TRACON& Tower with Radar,4,15,1,0,20,0,0,1,0,1,4,15,2,0,21,0,0,0,21
07/05/2014,AGS,GA,ASO,ES,Combined TRACON& Tower with Radar,4,16,3,2,25,0,0,10,0,10,4,16,13,2,35,5,0,5,40
07/06/2014,AGS,GA,ASO,ES,Combined TRACON& Tower with Radar,3,25,4,0,32,0,0,8,0,8,3,25,12,0,40,0,0,0,40
07/07/2014,AGS,GA,ASO,ES,Combined TRACON& Tower with Radar,5,21,12,3,41,0,0,4,0,4,5,21,16,3,45,4,0,4,49
07/08/2014,AGS,GA,ASO,ES,Combined TRACON& Tower with Radar,5,22,10,10,47,0,0,10,1,11,5,22,20,11,58,2,7,9,67
07/09/2014,AGS,GA,ASO,ES,Combined TRACON& Tower with Radar,5,18,16,8,47,0,0,5,6,11,5,18,21,14,58,0,10,10,68
07/10/2014,AGS,GA,ASO,ES,Combined TRACON& Tower with Radar,6,21,10,0,37,0,0,3,4,7,6,21,13,4,44,0,0,0,44
07/11/2014,AGS,GA,ASO,ES,Combined TRACON& Tower with Radar,6,21,14,0,41,0,0,6,1,7,6,21,20,1,48,0,0,0,48
07/12/2014,AGS,GA,ASO,ES,Combined TRACON& Tower with Radar,3,18,11,5,37,0,2,7,3,12,3,20,18,8,49,0,0,0,49
07/13/2014,AGS,GA,ASO,ES,Combined TRACON& Tower with Radar,12,21,4,0,37,0,0,2,0,2,12,21,6,0,39,0,0,0,39
07/14/2014,AGS,GA,ASO,ES,Combined TRACON& Tower with Radar,5,20,15,2,42,0,0,2,0,2,5,20,17,2,44,0,0,0,44
07/15/2014,AGS,GA,ASO,ES,Combined TRACON& Tower with Radar,6,30,13,1,50,0,0,0,1,1,6,30,13,2,51,0,0,0,51
07/16/2014,AGS,GA,ASO,ES,Combined TRACON& Tower with Radar,6,33,30,0,69,0,0,4,0,4,6,33,34,0,73,0,0,0,73
07/17/2014,AGS,GA,ASO,ES,Combined TRACON& Tower with Radar,3,37,40,5,85,0,0,6,0,6,3,37,46,5,91,0,0,0,91
07/18/2014,AGS,GA,ASO,ES,Combined TRACON& Tower with Radar,5,32,34,13,84,0,1,8,2,11,5,33,42,15,95,0,0,0,95
07/19/2014,AGS,GA,ASO,ES,Combined TRACON& Tower with Radar,3,28,22,2,55,0,0,0,0,0,3,28,22,2,55,0,0,0,55
07/20/2014,AGS,GA,ASO,ES,Combined TRACON& Tower with Radar,5,30,26,2,63,0,0,4,0,4,5,30,30,2,67,0,0,0,67
07/21/2014,AGS,GA,ASO,ES,Combined TRACON& Tower with Radar,6,23,14,7,50,0,0,7,2,9,6,23,21,9,59,0,0,0,59
07/22/2014,AGS,GA,ASO,ES,Combined TRACON& Tower with Radar,5,23,12,4,44,0,2,5,1,8,5,25,17,5,52,0,0,0,52
07/23/2014,AGS,GA,ASO,ES,Combined TRACON& Tower with Radar,6,18,18,2,44,0,0,4,4,8,6,18,22,6,52,0,0,0,52
07/24/2014,AGS,GA,ASO,ES,Combined TRACON& Tower with Radar,11,23,14,3,51,0,1,2,5,8,11,24,16,8,59,0,0,0,59
07/25/2014,AGS,GA,ASO,ES,Combined TRACON& Tower with Radar,4,20,12,3,39,0,0,7,2,9,4,20,19,5,48,0,0,0,48
07/26/2014,AGS,GA,ASO,ES,Combined TRACON& Tower with Radar,5,17,11,2,35,0,0,7,0,7,5,17,18,2,42,0,0,0,42
07/27/2014,AGS,GA,ASO,ES,Combined TRACON& Tower with Radar,2,22,8,3,35,0,0,5,1,6,2,22,13,4,41,0,0,0,41
07/28/2014,AGS,GA,ASO,ES,Combined TRACON& Tower with Radar,4,22,15,4,45,0,0,5,0,5,4,22,20,4,50,0,0,0,50
07/29/2014,AGS,GA,ASO,ES,Combined TRACON& Tower with Radar,8,23,16,6,53,0,0,7,2,9,8,23,23,8,62,0,0,0,62
07/30/2014,AGS,GA,ASO,ES,Combined TRACON& Tower with Radar,6,18,15,3,42,0,0,8,1,9,6,18,23,4,51,0,0,0,51
07/31/2014,AGS,GA,ASO,ES,Combined TRACON& Tower with Radar,5,22,20,0,47,0,0,0,0,0,5,22,20,0,47,0,0,0,47
08/01/2014,AGS,GA,ASO,ES,Combined TRACON& Tower with Radar,7,21,13,3,44,0,0,3,1,4,7,21,16,4,48,0,0,0,48
08/02/2014,AGS,GA,ASO,ES,Combined TRACON& Tower with Radar,3,17,8,0,28,0,0,0,0,0,3,17,8,0,28,0,0,0,28
08/03/2014,AGS,GA,ASO,ES,Combined TRACON& Tower with Radar,3,22,12,0,37,0,0,1,0,1,3,22,13,0,38,0,0,0,38
08/04/2014,AGS,GA,ASO,ES,Combined TRACON& Tower with Radar,5,19,20,8,52,0,0,4,2,6,5,19,24,10,58,0,0,0,58
08/05/2014,AGS,GA,ASO,ES,Combined TRACON& Tower with Radar,5,22,11,2,40,0,0,10,2,12,5,22,21,4,52,0,0,0,52
08/06/2014,AGS,GA,ASO,ES,Combined TRACON& Tower with Radar,5,20,17,0,42,0,0,13,2,15,5,20,30,2,57,0,0,0,57
08/07/2014,AGS,GA,ASO,ES,Combined TRACON& Tower with Radar,7,22,16,0,45,0,0,6,0,6,7,22,22,0,51,0,0,0,51
08/08/2014,AGS,GA,ASO,ES,Combined TRACON& Tower with Radar,13,22,14,14,63,0,0,3,1,4,13,22,17,15,67,0,0,0,67
08/09/2014,AGS,GA,ASO,ES,Combined TRACON& Tower with Radar,8,19,4,1,32,0,1,5,0,6,8,20,9,1,38,0,0,0,38
08/10/2014,AGS,GA,ASO,ES,Combined TRACON& Tower with Radar,3,22,4,2,31,0,0,1,2,3,3,22,5,4,34,0,0,0,34
08/11/2014,AGS,GA,ASO,ES,Combined TRACON& Tower with Radar,5,19,16,4,44,0,0,0,1,1,5,19,16,5,45,0,0,0,45
08/12/2014,AGS,GA,ASO,ES,Combined TRACON& Tower with Radar,8,20,7,3,38,0,0,4,1,5,8,20,11,4,43,0,0,0,43
08/13/2014,AGS,GA,ASO,ES,Combined TRACON& Tower with Radar,5,20,9,0,34,0,0,3,0,3,5,20,12,0,37,0,0,0,37
08/14/2014,AGS,GA,ASO,ES,Combined TRACON& Tower with Radar,3,24,27,6,60,0,0,13,5,18,3,24,40,11,78,4,4,8,86
08/15/2014,AGS,GA,ASO,ES,Combined TRACON& Tower with Radar,8,20,15,2,45,0,1,11,4,16,8,21,26,6,61,0,0,0,61
08/16/2014,AGS,GA,ASO,ES,Combined TRACON& Tower with Radar,4,17,5,3,29,0,0,2,4,6,4,17,7,7,35,0,0,0,35
08/17/2014,AGS,GA,ASO,ES,Combined TRACON& Tower with Radar,4,19,7,0,30,0,0,4,3,7,4,19,11,3,37,0,0,0,37
08/18/2014,AGS,GA,ASO,ES,Combined TRACON& Tower with Radar,5,21,16,6,48,0,1,2,3,6,5,22,18,9,54,4,2,6,60
08/19/2014,AGS,GA,ASO,ES,Combined TRACON& Tower with Radar,8,18,26,5,57,0,0,11,0,11,8,18,37,5,68,1,2,3,71
08/20/2014,AGS,GA,ASO,ES,Combined TRACON& Tower with Radar,14,22,35,15,86,0,0,6,10,16,14,22,41,25,102,6,20,26,128
08/21/2014,AGS,GA,ASO,ES,Combined TRACON& Tower with Radar,10,16,12,1,39,0,0,7,0,7,10,16,19,1,46,0,0,0,46
08/22/2014,AGS,GA,ASO,ES,Combined TRACON& Tower with Radar,9,16,13,0,38,0,0,14,0,14,9,16,27,0,52,0,0,0,52
08/23/2014,AGS,GA,ASO,ES,Combined TRACON& Tower with Radar,7,14,4,0,25,0,0,7,0,7,7,14,11,0,32,0,0,0,32
08/24/2014,AGS,GA,ASO,ES,Combined TRACON& Tower with Radar,6,17,16,0,39,0,0,1,0,1,6,17,17,0,40,0,0,0,40
08/25/2014,AGS,GA,ASO,ES,Combined TRACON& Tower with Radar,9,16,15,4,44,0,0,4,3,7,9,16,19,7,51,22,2,24,75
08/26/2014,AGS,GA,ASO,ES,Combined TRACON& Tower with Radar,9,18,17,2,46,0,0,14,0,14,9,18,31,2,60,1,0,1,61
08/27/2014,AGS,GA,ASO,ES,Combined TRACON& Tower with Radar,9,15,16,4,44,0,0,5,2,7,9,15,21,6,51,8,2,10,61
08/28/2014,AGS,GA,ASO,ES,Combined TRACON& Tower with Radar,9,16,21,0,46,0,0,7,0,7,9,16,28,0,53,4,0,4,57
08/29/2014,AGS,GA,ASO,ES,Combined TRACON& Tower with Radar,7,18,13,0,38,0,0,5,0,5,7,18,18,0,43,6,0,6,49
08/30/2014,AGS,GA,ASO,ES,Combined TRACON& Tower with Radar,10,12,9,1,32,0,0,4,1,5,10,12,13,2,37,6,0,6,43
08/31/2014,AGS,GA,ASO,ES,Combined TRACON& Tower with Radar,7,11,1,0,19,0,0,4,0,4,7,11,5,0,23,6,0,6,29
09/01/2014,AGS,GA,ASO,ES,Combined TRACON& Tower with Radar,9,18,5,0,32,0,0,5,0,5,9,18,10,0,37,4,0,4,41
09/02/2014,AGS,GA,ASO,ES,Combined TRACON& Tower with Radar,10,18,11,4,43,0,0,5,1,6,10,18,16,5,49,22,0,22,71
09/03/2014,AGS,GA,ASO,ES,Combined TRACON& Tower with Radar,7,21,17,2,47,0,0,5,1,6,7,21,22,3,53,0,0,0,53
09/04/2014,AGS,GA,ASO,ES,Combined TRACON& Tower with Radar,6,25,10,1,42,0,0,4,2,6,6,25,14,3,48,0,0,0,48
09/05/2014,AGS,GA,ASO,ES,Combined TRACON& Tower with Radar,10,17,15,22,64,0,0,3,3,6,10,17,18,25,70,0,0,0,70
09/06/2014,AGS,GA,ASO,ES,Combined TRACON& Tower with Radar,4,17,8,7,36,0,0,2,1,3,4,17,10,8,39,0,0,0,39
09/07/2014,AGS,GA,ASO,ES,Combined TRACON& Tower with Radar,9,16,9,4,38,0,0,1,0,1,9,16,10,4,39,0,0,0,39
09/08/2014,AGS,GA,ASO,ES,Combined TRACON& Tower with Radar,11,19,15,2,47,0,0,1,0,1,11,19,16,2,48,0,0,0,48
09/09/2014,AGS,GA,ASO,ES,Combined TRACON& Tower with Radar,9,15,18,2,44,0,0,5,0,5,9,15,23,2,49,5,0,5,54
09/10/2014,AGS,GA,ASO,ES,Combined TRACON& Tower with Radar,9,18,13,8,48,0,0,7,4,11,9,18,20,12,59,2,4,6,65
09/11/2014,AGS,GA,ASO,ES,Combined TRACON& Tower with Radar,9,18,13,0,40,0,0,7,4,11,9,18,20,4,51,12,0,12,63
09/12/2014,AGS,GA,ASO,ES,Combined TRACON& Tower with Radar,9,17,20,2,48,0,0,7,2,9,9,17,27,4,57,0,4,4,61
09/13/2014,AGS,GA,ASO,ES,Combined TRACON& Tower with Radar,3,16,7,0,26,0,0,1,0,1,3,16,8,0,27,0,0,0,27
09/14/2014,AGS,GA,ASO,ES,Combined TRACON& Tower with Radar,7,16,16,0,39,0,0,3,0,3,7,16,19,0,42,0,0,0,42
09/15/2014,AGS,GA,ASO,ES,Combined TRACON& Tower with Radar,11,16,30,0,57,0,0,0,0,0,11,16,30,0,57,0,0,0,57
09/16/2014,AGS,GA,ASO,ES,Combined TRACON& Tower with Radar,9,17,10,9,45,0,0,3,1,4,9,17,13,10,49,0,1,1,50
09/17/2014,AGS,GA,ASO,ES,Combined TRACON& Tower with Radar,8,19,7,9,43,0,0,2,0,2,8,19,9,9,45,0,20,20,65
09/18/2014,AGS,GA,ASO,ES,Combined TRACON& Tower with Radar,9,21,26,1,57,0,0,2,1,3,9,21,28,2,60,0,0,0,60
09/19/2014,AGS,GA,ASO,ES,Combined TRACON& Tower with Radar,9,15,16,1,41,0,0,2,1,3,9,15,18,2,44,4,0,4,48
09/20/2014,AGS,GA,ASO,ES,Combined TRACON& Tower with Radar,4,18,7,0,29,0,0,15,0,15,4,18,22,0,44,8,0,8,52
09/21/2014,AGS,GA,ASO,ES,Combined TRACON& Tower with Radar,4,23,6,0,33,0,0,11,0,11,4,23,17,0,44,10,0,10,54
09/22/2014,AGS,GA,ASO,ES,Combined TRACON& Tower with Radar,9,17,6,1,33,0,0,8,0,8,9,17,14,1,41,0,0,0,41
09/23/2014,AGS,GA,ASO,ES,Combined TRACON& Tower with Radar,9,18,10,7,44,0,0,7,3,10,9,18,17,10,54,6,0,6,60
09/24/2014,AGS,GA,ASO,ES,Combined TRACON& Tower with Radar,9,22,11,2,44,0,0,1,0,1,9,22,12,2,45,0,0,0,45
09/25/2014,AGS,GA,ASO,ES,Combined TRACON& Tower with Radar,11,17,7,1,36,0,0,1,0,1,11,17,8,1,37,0,0,0,37
09/26/2014,AGS,GA,ASO,ES,Combined TRACON& Tower with Radar,9,15,14,6,44,0,0,1,2,3,9,15,15,8,47,0,0,0,47
09/27/2014,AGS,GA,ASO,ES,Combined TRACON& Tower with Radar,4,17,3,2,26,0,0,17,0,17,4,17,20,2,43,0,0,0,43
09/28/2014,AGS,GA,ASO,ES,Combined TRACON& Tower with Radar,11,19,7,4,41,0,0,5,0,5,11,19,12,4,46,0,0,0,46
09/29/2014,AGS,GA,ASO,ES,Combined TRACON& Tower with Radar,9,19,12,0,40,0,0,0,0,0,9,19,12,0,40,0,0,0,40
09/30/2014,AGS,GA,ASO,ES,Combined TRACON& Tower with Radar,8,15,13,2,38,0,0,5,0,5,8,15,18,2,43,6,2,8,51
10/01/2014,AGS,GA,ASO,ES,Combined TRACON& Tower with Radar,9,17,13,4,43,0,0,10,0,10,9,17,23,4,53,0,6,6,59
10/02/2014,AGS,GA,ASO,ES,Combined TRACON& Tower with Radar,8,14,18,0,40,0,0,15,1,16,8,14,33,1,56,8,0,8,64
10/03/2014,AGS,GA,ASO,ES,Combined TRACON& Tower with Radar,9,15,14,2,40,0,0,0,2,2,9,15,14,4,42,0,0,0,42
10/04/2014,AGS,GA,ASO,ES,Combined TRACON& Tower with Radar,9,16,1,2,28,0,0,6,1,7,9,16,7,3,35,0,4,4,39
10/05/2014,AGS,GA,ASO,ES,Combined TRACON& Tower with Radar,8,16,10,0,34,0,0,12,0,12,8,16,22,0,46,2,2,4,50
10/06/2014,AGS,GA,ASO,ES,Combined TRACON& Tower with Radar,11,15,17,2,45,0,0,13,0,13,11,15,30,2,58,12,9,21,79
10/07/2014,AGS,GA,ASO,ES,Combined TRACON& Tower with Radar,9,18,19,3,49,0,0,21,2,23,9,18,40,5,72,2,4,6,78
10/08/2014,AGS,GA,ASO,ES,Combined TRACON& Tower with Radar,9,26,18,2,55,0,0,7,0,7,9,26,25,2,62,29,0,29,91
10/09/2014,AGS,GA,ASO,ES,Combined TRACON& Tower with Radar,8,24,19,4,55,0,2,14,2,18,8,26,33,6,73,32,4,36,109
10/10/2014,AGS,GA,ASO,ES,Combined TRACON& Tower with Radar,9,19,19,0,47,0,3,3,1,7,9,22,22,1,54,6,0,6,60
10/11/2014,AGS,GA,ASO,ES,Combined TRACON& Tower with Radar,9,16,1,0,26,0,0,6,0,6,9,16,7,0,32,12,0,12,44
10/12/2014,AGS,GA,ASO,ES,Combined TRACON& Tower with Radar,7,19,20,1,47,0,0,3,2,5,7,19,23,3,52,2,0,2,54
10/13/2014,AGS,GA,ASO,ES,Combined TRACON& Tower with Radar,9,23,17,1,50,0,0,3,0,3,9,23,20,1,53,0,0,0,53
10/14/2014,AGS,GA,ASO,ES,Combined TRACON& Tower with Radar,8,24,14,0,46,0,0,2,0,2,8,24,16,0,48,0,0,0,48
10/15/2014,AGS,GA,ASO,ES,Combined TRACON& Tower with Radar,9,24,24,2,59,0,0,6,3,9,9,24,30,5,68,22,0,22,90
10/16/2014,AGS,GA,ASO,ES,Combined TRACON& Tower with Radar,9,30,29,0,68,0,0,11,1,12,9,30,40,1,80,2,0,2,82
10/17/2014,AGS,GA,ASO,ES,Combined TRACON& Tower with Radar,7,23,23,10,63,0,1,12,0,13,7,24,35,10,76,15,11,26,102
10/18/2014,AGS,GA,ASO,ES,Combined TRACON& Tower with Radar,9,25,17,2,53,0,0,2,0,2,9,25,19,2,55,0,0,0,55
10/19/2014,AGS,GA,ASO,ES,Combined TRACON& Tower with Radar,9,19,14,2,44,0,0,14,2,16,9,19,28,4,60,16,2,18,78
10/20/2014,AGS,GA,ASO,ES,Combined TRACON& Tower with Radar,10,22,27,7,66,0,0,6,0,6,10,22,33,7,72,7,2,9,81
10/21/2014,AGS,GA,ASO,ES,Combined TRACON& Tower with Radar,9,31,23,7,70,0,0,7,4,11,9,31,30,11,81,0,8,8,89
10/22/2014,AGS,GA,ASO,ES,Combined TRACON& Tower with Radar,9,30,24,3,66,0,0,5,0,5,9,30,29,3,71,22,0,22,93
10/23/2014,AGS,GA,ASO,ES,Combined TRACON& Tower with Radar,9,29,41,13,92,0,0,9,5,14,9,29,50,18,106,32,12,44,150
10/24/2014,AGS,GA,ASO,ES,Combined TRACON& Tower with Radar,7,28,30,1,66,0,0,12,0,12,7,28,42,1,78,14,0,14,92
10/25/2014,AGS,GA,ASO,ES,Combined TRACON& Tower with Radar,7,16,12,2,37,0,0,4,0,4,7,16,16,2,41,10,0,10,51
10/26/2014,AGS,GA,ASO,ES,Combined TRACON& Tower with Radar,7,22,28,0,57,0,2,7,0,9,7,24,35,0,66,0,0,0,66
10/27/2014,AGS,GA,ASO,ES,Combined TRACON& Tower with Radar,9,23,31,2,65,0,0,11,0,11,9,23,42,2,76,0,0,0,76
10/28/2014,AGS,GA,ASO,ES,Combined TRACON& Tower with Radar,8,24,41,2,75,0,0,4,2,6,8,24,45,4,81,0,1,1,82
10/29/2014,AGS,GA,ASO,ES,Combined TRACON& Tower with Radar,6,20,24,1,51,0,0,2,5,7,6,20,26,6,58,0,2,2,60
10/30/2014,AGS,GA,ASO,ES,Combined TRACON& Tower with Radar,8,23,24,0,55,0,0,11,0,11,8,23,35,0,66,22,0,22,88
10/31/2014,AGS,GA,ASO,ES,Combined TRACON& Tower with Radar,5,25,18,0,48,0,2,9,8,19,5,27,27,8,67,0,0,0,67
11/01/2014,AGS,GA,ASO,ES,Combined TRACON& Tower with Radar,6,21,10,2,39,0,0,4,0,4,6,21,14,2,43,0,22,22,65
11/02/2014,AGS,GA,ASO,ES,Combined TRACON& Tower with Radar,6,21,12,0,39,0,0,12,0,12,6,21,24,0,51,1,0,1,52
11/03/2014,AGS,GA,ASO,ES,Combined TRACON& Tower with Radar,9,23,26,0,58,0,2,6,0,8,9,25,32,0,66,0,0,0,66
11/04/2014,AGS,GA,ASO,ES,Combined TRACON& Tower with Radar,7,26,16,0,49,0,1,7,6,14,7,27,23,6,63,28,0,28,91
11/05/2014,AGS,GA,ASO,ES,Combined TRACON& Tower with Radar,9,24,35,6,74,0,0,13,3,16,9,24,48,9,90,16,16,32,122
11/06/2014,AGS,GA,ASO,ES,Combined TRACON& Tower with Radar,8,31,37,0,76,0,0,2,2,4,8,31,39,2,80,0,0,0,80
11/07/2014,AGS,GA,ASO,ES,Combined TRACON& Tower with Radar,7,38,37,0,82,0,0,6,0,6,7,38,43,0,88,2,0,2,90
11/08/2014,AGS,GA,ASO,ES,Combined TRACON& Tower with Radar,4,28,19,0,51,0,1,10,0,11,4,29,29,0,62,10,0,10,72
11/09/2014,AGS,GA,ASO,ES,Combined TRACON& Tower with Radar,9,31,11,0,51,0,1,14,0,15,9,32,25,0,66,8,0,8,74
11/10/2014,AGS,GA,ASO,ES,Combined TRACON& Tower with Radar,9,31,23,0,63,0,0,22,0,22,9,31,45,0,85,5,0,5,90
11/11/2014,AGS,GA,ASO,ES,Combined TRACON& Tower with Radar,9,31,28,0,68,0,0,19,0,19,9,31,47,0,87,15,0,15,102
11/12/2014,AGS,GA,ASO,ES,Combined TRACON& Tower with Radar,9,24,17,0,50,0,0,6,0,6,9,24,23,0,56,20,0,20,76
11/13/2014,AGS,GA,ASO,ES,Combined TRACON& Tower with Radar,9,23,29,0,61,0,0,11,0,11,9,23,40,0,72,0,0,0,72
11/14/2014,AGS,GA,ASO,ES,Combined TRACON& Tower with Radar,9,26,21,21,77,0,0,13,7,20,9,26,34,28,97,27,14,41,138
11/15/2014,AGS,GA,ASO,ES,Combined TRACON& Tower with Radar,7,27,10,2,46,0,0,15,7,22,7,27,25,9,68,31,9,40,108
11/16/2014,AGS,GA,ASO,ES,Combined TRACON& Tower with Radar,11,18,23,12,64,0,0,12,0,12,11,18,35,12,76,11,7,18,94
11/17/2014,AGS,GA,ASO,ES,Combined TRACON& Tower with Radar,9,28,17,2,56,0,0,7,0,7,9,28,24,2,63,8,0,8,71
11/18/2014,AGS,GA,ASO,ES,Combined TRACON& Tower with Radar,11,24,20,1,56,0,0,13,0,13,11,24,33,1,69,6,0,6,75
11/19/2014,AGS,GA,ASO,ES,Combined TRACON& Tower with Radar,9,27,40,3,79,0,2,28,5,35,9,29,68,8,114,24,2,26,140
11/20/2014,AGS,GA,ASO,ES,Combined TRACON& Tower with Radar,9,30,29,1,69,0,0,11,0,11,9,30,40,1,80,13,0,13,93
11/21/2014,AGS,GA,ASO,ES,Combined TRACON& Tower with Radar,11,19,31,7,68,0,0,11,2,13,11,19,42,9,81,18,0,18,99
11/22/2014,AGS,GA,ASO,ES,Combined TRACON& Tower with Radar,5,16,14,7,42,0,0,10,2,12,5,16,24,9,54,4,4,8,62
11/23/2014,AGS,GA,ASO,ES,Combined TRACON& Tower with Radar,3,19,14,0,36,0,0,0,0,0,3,19,14,0,36,0,0,0,36
11/24/2014,AGS,GA,ASO,ES,Combined TRACON& Tower with Radar,4,17,17,6,44,0,1,0,2,3,4,18,17,8,47,0,4,4,51
11/25/2014,AGS,GA,ASO,ES,Combined TRACON& Tower with Radar,11,20,39,2,72,0,0,0,0,0,11,20,39,2,72,4,0,4,76
11/26/2014,AGS,GA,ASO,ES,Combined TRACON& Tower with Radar,8,24,13,0,45,0,0,3,0,3,8,24,16,0,48,0,0,0,48
11/27/2014,AGS,GA,ASO,ES,Combined TRACON& Tower with Radar,4,9,4,0,17,0,2,2,0,4,4,11,6,0,21,0,0,0,21
11/28/2014,AGS,GA,ASO,ES,Combined TRACON& Tower with Radar,4,22,11,0,37,0,0,5,0,5,4,22,16,0,42,8,0,8,50
11/29/2014,AGS,GA,ASO,ES,Combined TRACON& Tower with Radar,9,24,8,0,41,0,0,4,0,4,9,24,12,0,45,0,0,0,45
11/30/2014,AGS,GA,ASO,ES,Combined TRACON& Tower with Radar,7,31,30,0,68,0,0,6,0,6,7,31,36,0,74,10,0,10,84
12/01/2014,AGS,GA,ASO,ES,Combined TRACON& Tower with Radar,9,20,29,0,58,0,0,10,0,10,9,20,39,0,68,7,0,7,75
12/02/2014,AGS,GA,ASO,ES,Combined TRACON& Tower with Radar,9,26,18,6,59,0,0,6,0,6,9,26,24,6,65,4,2,6,71
12/03/2014,AGS,GA,ASO,ES,Combined TRACON& Tower with Radar,9,24,20,1,54,0,1,1,1,3,9,25,21,2,57,0,0,0,57
12/04/2014,AGS,GA,ASO,ES,Combined TRACON& Tower with Radar,7,25,12,0,44,0,0,8,2,10,7,25,20,2,54,10,0,10,64
12/05/2014,AGS,GA,ASO,ES,Combined TRACON& Tower with Radar,7,22,20,0,49,0,0,2,1,3,7,22,22,1,52,17,0,17,69
12/06/2014,AGS,GA,ASO,ES,Combined TRACON& Tower with Radar,5,24,15,0,44,0,0,0,0,0,5,24,15,0,44,0,0,0,44
12/07/2014,AGS,GA,ASO,ES,Combined TRACON& Tower with Radar,9,23,14,0,46,0,4,15,2,21,9,27,29,2,67,14,0,14,81
12/08/2014,AGS,GA,ASO,ES,Combined TRACON& Tower with Radar,7,33,19,1,60,0,0,5,0,5,7,33,24,1,65,16,0,16,81
12/09/2014,AGS,GA,ASO,ES,Combined TRACON& Tower with Radar,9,28,22,6,65,0,0,3,4,7,9,28,25,10,72,1,24,25,97
12/10/2014,AGS,GA,ASO,ES,Combined TRACON& Tower with Radar,9,17,25,10,61,0,0,7,6,13,9,17,32,16,74,4,28,32,106
12/11/2014,AGS,GA,ASO,ES,Combined TRACON& Tower with Radar,7,18,22,2,49,0,0,12,0,12,7,18,34,2,61,3,4,7,68
12/12/2014,AGS,GA,ASO,ES,Combined TRACON& Tower with Radar,7,18,32,9,66,0,0,21,6,27,7,18,53,15,93,30,2,32,125
12/13/2014,AGS,GA,ASO,ES,Combined TRACON& Tower with Radar,5,16,10,0,31,0,0,7,0,7,5,16,17,0,38,12,0,12,50
12/14/2014,AGS,GA,ASO,ES,Combined TRACON& Tower with Radar,9,18,23,2,52,0,0,7,0,7,9,18,30,2,59,3,0,3,62
12/15/2014,AGS,GA,ASO,ES,Combined TRACON& Tower with Radar,7,26,17,10,60,0,0,5,1,6,7,26,22,11,66,12,6,18,84
12/16/2014,AGS,GA,ASO,ES,Combined TRACON& Tower with Radar,9,24,24,1,58,0,0,4,0,4,9,24,28,1,62,0,0,0,62
12/17/2014,AGS,GA,ASO,ES,Combined TRACON& Tower with Radar,9,19,21,1,50,0,0,8,0,8,9,19,29,1,58,6,0,6,64
12/18/2014,AGS,GA,ASO,ES,Combined TRACON& Tower with Radar,7,22,20,1,50,0,1,12,0,13,7,23,32,1,63,5,0,5,68
12/19/2014,AGS,GA,ASO,ES,Combined TRACON& Tower with Radar,8,21,20,6,55,0,0,6,0,6,8,21,26,6,61,18,0,18,79
12/20/2014,AGS,GA,ASO,ES,Combined TRACON& Tower with Radar,3,23,11,0,37,0,0,0,0,0,3,23,11,0,37,0,0,0,37
12/21/2014,AGS,GA,ASO,ES,Combined TRACON& Tower with Radar,1,24,10,0,35,0,0,9,0,9,1,24,19,0,44,9,0,9,53
12/22/2014,AGS,GA,ASO,ES,Combined TRACON& Tower with Radar,1,27,16,0,44,0,0,0,0,0,1,27,16,0,44,0,0,0,44
12/23/2014,AGS,GA,ASO,ES,Combined TRACON& Tower with Radar,1,23,6,2,32,0,0,0,0,0,1,23,6,2,32,0,0,0,32
12/24/2014,AGS,GA,ASO,ES,Combined TRACON& Tower with Radar,1,21,2,0,24,0,1,1,0,2,1,22,3,0,26,0,0,0,26
12/25/2014,AGS,GA,ASO,ES,Combined TRACON& Tower with Radar,1,22,2,0,25,0,0,4,0,4,1,22,6,0,29,0,0,0,29
12/26/2014,AGS,GA,ASO,ES,Combined TRACON& Tower with Radar,2,27,17,0,46,0,0,6,2,8,2,27,23,2,54,4,0,4,58
12/27/2014,AGS,GA,ASO,ES,Combined TRACON& Tower with Radar,2,23,15,0,40,0,0,6,2,8,2,23,21,2,48,0,0,0,48
12/28/2014,AGS,GA,ASO,ES,Combined TRACON& Tower with Radar,2,30,4,0,36,0,0,5,0,5,2,30,9,0,41,0,0,0,41
12/29/2014,AGS,GA,ASO,ES,Combined TRACON& Tower with Radar,3,21,20,0,44,0,0,2,0,2,3,21,22,0,46,8,0,8,54
12/30/2014,AGS,GA,ASO,ES,Combined TRACON& Tower with Radar,3,24,15,0,42,0,0,2,0,2,3,24,17,0,44,0,0,0,44
12/31/2014,AGS,GA,ASO,ES,Combined TRACON& Tower with Radar,1,24,10,2,37,0,0,2,0,2,1,24,12,2,39,0,0,0,39
01/01/2015,AGS,GA,ASO,ES,Combined TRACON& Tower with Radar,1,20,1,0,22,0,0,5,0,5,1,20,6,0,27,4,0,4,31
01/02/2015,AGS,GA,ASO,ES,Combined TRACON& Tower with Radar,2,29,7,4,42,0,0,1,0,1,2,29,8,4,43,2,0,2,45
01/03/2015,AGS,GA,ASO,ES,Combined TRACON& Tower with Radar,1,28,0,0,29,0,0,0,0,0,1,28,0,0,29,0,0,0,29
01/04/2015,AGS,GA,ASO,ES,Combined TRACON& Tower with Radar,5,24,6,0,35,0,0,2,0,2,5,24,8,0,37,0,0,0,37
01/05/2015,AGS,GA,ASO,ES,Combined TRACON& Tower with Radar,4,22,12,0,38,0,0,5,3,8,4,22,17,3,46,5,0,5,51
01/06/2015,AGS,GA,ASO,ES,Combined TRACON& Tower with Radar,4,24,17,10,55,0,0,9,0,9,4,24,26,10,64,14,9,23,87
01/07/2015,AGS,GA,ASO,ES,Combined TRACON& Tower with Radar,4,26,10,2,42,0,0,9,3,12,4,26,19,5,54,3,8,11,65
01/08/2015,AGS,GA,ASO,ES,Combined TRACON& Tower with Radar,4,23,10,0,37,0,0,6,3,9,4,23,16,3,46,4,0,4,50
01/09/2015,AGS,GA,ASO,ES,Combined TRACON& Tower with Radar,4,21,20,2,47,0,0,5,5,10,4,21,25,7,57,20,2,22,79
01/10/2015,AGS,GA,ASO,ES,Combined TRACON& Tower with Radar,4,20,17,2,43,0,0,10,0,10,4,20,27,2,53,10,0,10,63
01/11/2015,AGS,GA,ASO,ES,Combined TRACON& Tower with Radar,4,20,13,8,45,0,0,0,0,0,4,20,13,8,45,1,4,5,50
01/12/2015,AGS,GA,ASO,ES,Combined TRACON& Tower with Radar,4,20,12,2,38,0,0,0,0,0,4,20,12,2,38,0,0,0,38
01/13/2015,AGS,GA,ASO,ES,Combined TRACON& Tower with Radar,4,24,16,0,44,0,0,0,0,0,4,24,16,0,44,2,0,2,46
01/14/2015,AGS,GA,ASO,ES,Combined TRACON& Tower with Radar,4,28,21,4,57,0,0,2,1,3,4,28,23,5,60,0,0,0,60
01/15/2015,AGS,GA,ASO,ES,Combined TRACON& Tower with Radar,6,29,21,1,57,0,0,0,1,1,6,29,21,2,58,2,0,2,60
01/16/2015,AGS,GA,ASO,ES,Combined TRACON& Tower with Radar,4,45,10,4,63,0,0,4,0,4,4,45,14,4,67,2,0,2,69
01/17/2015,AGS,GA,ASO,ES,Combined TRACON& Tower with Radar,7,22,12,0,41,0,0,2,0,2,7,22,14,0,43,1,0,1,44
01/18/2015,AGS,GA,ASO,ES,Combined TRACON& Tower with Radar,7,17,11,8,43,0,0,9,0,9,7,17,20,8,52,5,6,11,63
01/19/2015,AGS,GA,ASO,ES,Combined TRACON& Tower with Radar,4,24,23,2,53,0,0,11,4,15,4,24,34,6,68,12,0,12,80
01/20/2015,AGS,GA,ASO,ES,Combined TRACON& Tower with Radar,4,20,11,5,40,0,0,6,0,6,4,20,17,5,46,8,4,12,58
01/21/2015,AGS,GA,ASO,ES,Combined TRACON& Tower with Radar,5,23,25,3,56,0,0,8,5,13,5,23,33,8,69,2,0,2,71
01/22/2015,AGS,GA,ASO,ES,Combined TRACON& Tower with Radar,5,25,17,9,56,0,0,1,4,5,5,25,18,13,61,0,2,2,63
01/23/2015,AGS,GA,ASO,ES,Combined TRACON& Tower with Radar,4,23,7,1,35,0,0,0,0,0,4,23,7,1,35,0,0,0,35
01/24/2015,AGS,GA,ASO,ES,Combined TRACON& Tower with Radar,4,18,4,1,27,0,0,0,7,7,4,18,4,8,34,0,3,3,37
01/25/2015,AGS,GA,ASO,ES,Combined TRACON& Tower with Radar,4,22,21,1,48,0,1,14,1,16,4,23,35,2,64,8,0,8,72
01/26/2015,AGS,GA,ASO,ES,Combined TRACON& Tower with Radar,4,24,17,6,51,0,0,5,0,5,4,24,22,6,56,0,2,2,58
01/27/2015,AGS,GA,ASO,ES,Combined TRACON& Tower with Radar,5,25,18,4,52,0,1,7,0,8,5,26,25,4,60,11,2,13,73
01/28/2015,AGS,GA,ASO,ES,Combined TRACON& Tower with Radar,4,31,23,2,60,0,2,7,1,10,4,33,30,3,70,2,0,2,72
01/29/2015,AGS,GA,ASO,ES,Combined TRACON& Tower with Radar,4,28,28,0,60,0,3,3,0,6,4,31,31,0,66,4,0,4,70
01/30/2015,AGS,GA,ASO,ES,Combined TRACON& Tower with Radar,4,23,18,9,54,0,2,10,3,15,4,25,28,12,69,2,8,10,79
01/31/2015,AGS,GA,ASO,ES,Combined TRACON& Tower with Radar,4,25,5,0,34,0,2,15,3,20,4,27,20,3,54,11,0,11,65
02/01/2015,AGS,GA,ASO,ES,Combined TRACON& Tower with Radar,4,20,9,10,43,0,0,2,0,2,4,20,11,10,45,4,7,11,56
02/02/2015,AGS,GA,ASO,ES,Combined TRACON& Tower with Radar,6,23,22,2,53,0,0,1,0,1,6,23,23,2,54,0,0,0,54
02/03/2015,AGS,GA,ASO,ES,Combined TRACON& Tower with Radar,4,24,17,4,49,0,0,10,2,12,4,24,27,6,61,4,0,4,65
02/04/2015,AGS,GA,ASO,ES,Combined TRACON& Tower with Radar,6,25,26,5,62,0,4,11,4,19,6,29,37,9,81,6,0,6,87
02/05/2015,AGS,GA,ASO,ES,Combined TRACON& Tower with Radar,4,21,10,0,35,0,2,4,0,6,4,23,14,0,41,0,0,0,41
02/06/2015,AGS,GA,ASO,ES,Combined TRACON& Tower with Radar,4,21,11,4,40,0,6,4,0,10,4,27,15,4,50,4,2,6,56
02/07/2015,AGS,GA,ASO,ES,Combined TRACON& Tower with Radar,6,20,5,0,31,0,2,6,0,8,6,22,11,0,39,0,0,0,39
02/08/2015,AGS,GA,ASO,ES,Combined TRACON& Tower with Radar,4,22,8,1,35,0,6,6,3,15,4,28,14,4,50,4,0,4,54
02/09/2015,AGS,GA,ASO,ES,Combined TRACON& Tower with Radar,6,18,20,0,44,0,2,0,0,2,6,20,20,0,46,2,0,2,48
02/10/2015,AGS,GA,ASO,ES,Combined TRACON& Tower with Radar,4,26,29,8,67,0,0,2,0,2,4,26,31,8,69,0,2,2,71
02/11/2015,AGS,GA,ASO,ES,Combined TRACON& Tower with Radar,4,21,24,2,51,0,2,10,2,14,4,23,34,4,65,0,0,0,65
02/12/2015,AGS,GA,ASO,ES,Combined TRACON& Tower with Radar,4,28,16,1,49,0,2,8,6,16,4,30,24,7,65,4,7,11,76
02/13/2015,AGS,GA,ASO,ES,Combined TRACON& Tower with Radar,6,24,24,8,62,0,2,10,1,13,6,26,34,9,75,2,0,2,77
02/14/2015,AGS,GA,ASO,ES,Combined TRACON& Tower with Radar,5,13,3,0,21,0,2,7,0,9,5,15,10,0,30,0,0,0,30
02/15/2015,AGS,GA,ASO,ES,Combined TRACON& Tower with Radar,6,19,17,0,42,0,1,5,0,6,6,20,22,0,48,6,0,6,54
02/16/2015,AGS,GA,ASO,ES,Combined TRACON& Tower with Radar,6,19,10,0,35,0,0,7,0,7,6,19,17,0,42,10,0,10,52
02/17/2015,AGS,GA,ASO,ES,Combined TRACON& Tower with Radar,7,19,16,1,43,0,4,3,0,7,7,23,19,1,50,17,0,17,67
02/18/2015,AGS,GA,ASO,ES,Combined TRACON& Tower with Radar,6,22,17,1,46,0,0,0,0,0,6,22,17,1,46,0,0,0,46
02/19/2015,AGS,GA,ASO,ES,Combined TRACON& Tower with Radar,6,21,21,2,50,0,0,1,2,3,6,21,22,4,53,0,0,0,53
02/20/2015,AGS,GA,ASO,ES,Combined TRACON& Tower with Radar,6,21,20,4,51,0,0,1,0,1,6,21,21,4,52,0,0,0,52
02/21/2015,AGS,GA,ASO,ES,Combined TRACON& Tower with Radar,6,15,10,0,31,0,0,2,0,2,6,15,12,0,33,0,0,0,33
02/22/2015,AGS,GA,ASO,ES,Combined TRACON& Tower with Radar,7,19,18,2,46,0,0,2,0,2,7,19,20,2,48,4,0,4,52
02/23/2015,AGS,GA,ASO,ES,Combined TRACON& Tower with Radar,6,21,22,0,49,0,0,0,0,0,6,21,22,0,49,0,0,0,49
02/24/2015,AGS,GA,ASO,ES,Combined TRACON& Tower with Radar,6,24,11,2,43,0,0,0,0,0,6,24,11,2,43,0,1,1,44
02/25/2015,AGS,GA,ASO,ES,Combined TRACON& Tower with Radar,6,24,21,0,51,0,0,2,2,4,6,24,23,2,55,0,0,0,55
02/26/2015,AGS,GA,ASO,ES,Combined TRACON& Tower with Radar,8,22,12,10,52,0,0,3,0,3,8,22,15,10,55,16,10,26,81
02/27/2015,AGS,GA,ASO,ES,Combined TRACON& Tower with Radar,4,31,18,12,65,0,2,5,0,7,4,33,23,12,72,26,10,36,108
02/28/2015,AGS,GA,ASO,ES,Combined TRACON& Tower with Radar,6,19,14,0,39,0,0,6,0,6,6,19,20,0,45,2,0,2,47
03/01/2015,AGS,GA,ASO,ES,Combined TRACON& Tower with Radar,7,25,13,0,45,0,0,0,0,0,7,25,13,0,45,0,0,0,45
03/02/2015,AGS,GA,ASO,ES,Combined TRACON& Tower with Radar,7,29,30,0,66,0,0,6,0,6,7,29,36,0,72,6,0,6,78
03/03/2015,AGS,GA,ASO,ES,Combined TRACON& Tower with Radar,6,29,21,4,60,0,0,0,0,0,6,29,21,4,60,4,0,4,64
03/04/2015,AGS,GA,ASO,ES,Combined TRACON& Tower with Radar,5,32,30,11,78,0,0,12,0,12,5,32,42,11,90,8,2,10,100
03/05/2015,AGS,GA,ASO,ES,Combined TRACON& Tower with Radar,8,21,21,4,54,0,0,3,0,3,8,21,24,4,57,0,0,0,57
03/06/2015,AGS,GA,ASO,ES,Combined TRACON& Tower with Radar,7,22,28,4,61,0,0,19,0,19,7,22,47,4,80,20,2,22,102
03/07/2015,AGS,GA,ASO,ES,Combined TRACON& Tower with Radar,4,21,8,0,33,0,0,19,2,21,4,21,27,2,54,11,0,11,65
03/08/2015,AGS,GA,ASO,ES,Combined TRACON& Tower with Radar,3,27,22,0,52,0,0,5,0,5,3,27,27,0,57,0,0,0,57
03/09/2015,AGS,GA,ASO,ES,Combined TRACON& Tower with Radar,6,27,19,0,52,0,0,8,0,8,6,27,27,0,60,15,0,15,75
03/10/2015,AGS,GA,ASO,ES,Combined TRACON& Tower with Radar,7,25,32,8,72,0,0,5,4,9,7,25,37,12,81,12,0,12,93
03/11/2015,AGS,GA,ASO,ES,Combined TRACON& Tower with Radar,5,30,17,4,56,0,0,6,1,7,5,30,23,5,63,0,14,14,77
03/12/2015,AGS,GA,ASO,ES,Combined TRACON& Tower with Radar,7,29,29,0,65,0,0,5,0,5,7,29,34,0,70,6,0,6,76
03/13/2015,AGS,GA,ASO,ES,Combined TRACON& Tower with Radar,6,30,19,0,55,0,0,1,0,1,6,30,20,0,56,0,0,0,56
03/14/2015,AGS,GA,ASO,ES,Combined TRACON& Tower with Radar,2,31,17,2,52,0,0,0,0,0,2,31,17,2,52,0,0,0,52
03/15/2015,AGS,GA,ASO,ES,Combined TRACON& Tower with Radar,3,30,10,0,43,0,0,4,1,5,3,30,14,1,48,2,0,2,50
03/16/2015,AGS,GA,ASO,ES,Combined TRACON& Tower with Radar,7,25,17,5,54,0,0,8,0,8,7,25,25,5,62,16,0,16,78
03/17/2015,AGS,GA,ASO,ES,Combined TRACON& Tower with Radar,6,22,32,3,63,0,2,9,2,13,6,24,41,5,76,8,0,8,84
03/18/2015,AGS,GA,ASO,ES,Combined TRACON& Tower with Radar,7,28,35,3,73,0,0,12,2,14,7,28,47,5,87,52,0,52,139
03/19/2015,AGS,GA,ASO,ES,Combined TRACON& Tower with Radar,9,34,55,1,99,0,0,0,0,0,9,34,55,1,99,0,0,0,99
03/20/2015,AGS,GA,ASO,ES,Combined TRACON& Tower with Radar,6,36,44,0,86,0,0,1,0,1,6,36,45,0,87,0,0,0,87
03/21/2015,AGS,GA,ASO,ES,Combined TRACON& Tower with Radar,5,39,26,0,70,0,0,6,0,6,5,39,32,0,76,0,0,0,76
03/22/2015,AGS,GA,ASO,ES,Combined TRACON& Tower with Radar,2,26,16,2,46,0,0,0,0,0,2,26,16,2,46,0,0,0,46
03/23/2015,AGS,GA,ASO,ES,Combined TRACON& Tower with Radar,7,34,22,0,63,0,0,4,0,4,7,34,26,0,67,10,0,10,77
03/24/2015,AGS,GA,ASO,ES,Combined TRACON& Tower with Radar,7,36,30,0,73,0,1,12,2,15,7,37,42,2,88,10,0,10,98
03/25/2015,AGS,GA,ASO,ES,Combined TRACON& Tower with Radar,5,31,26,2,64,0,0,6,0,6,5,31,32,2,70,0,0,0,70
03/26/2015,AGS,GA,ASO,ES,Combined TRACON& Tower with Radar,7,30,19,7,63,0,0,5,3,8,7,30,24,10,71,8,23,31,102
03/27/2015,AGS,GA,ASO,ES,Combined TRACON& Tower with Radar,6,34,34,12,86,0,0,0,0,0,6,34,34,12,86,3,6,9,95
03/28/2015,AGS,GA,ASO,ES,Combined TRACON& Tower with Radar,3,21,16,0,40,0,0,5,0,5,3,21,21,0,45,20,0,20,65
03/29/2015,AGS,GA,ASO,ES,Combined TRACON& Tower with Radar,2,32,28,0,62,0,1,10,2,13,2,33,38,2,75,6,0,6,81
03/30/2015,AGS,GA,ASO,ES,Combined TRACON& Tower with Radar,7,29,17,3,56,0,0,5,0,5,7,29,22,3,61,2,2,4,65
03/31/2015,AGS,GA,ASO,ES,Combined TRACON& Tower with Radar,7,28,16,0,51,0,0,6,0,6,7,28,22,0,57,0,0,0,57
04/01/2015,AGS,GA,ASO,ES,Combined TRACON& Tower with Radar,5,29,26,0,60,0,1,12,0,13,5,30,38,0,73,38,0,38,111
04/02/2015,AGS,GA,ASO,ES,Combined TRACON& Tower with Radar,8,36,29,1,74,0,0,4,0,4,8,36,33,1,78,0,0,0,78
04/03/2015,AGS,GA,ASO,ES,Combined TRACON& Tower with Radar,18,24,36,0,78,0,0,8,0,8,18,24,44,0,86,18,0,18,104
04/04/2015,AGS,GA,ASO,ES,Combined TRACON& Tower with Radar,14,27,23,0,64,0,0,1,0,1,14,27,24,0,65,2,0,2,67
04/05/2015,AGS,GA,ASO,ES,Combined TRACON& Tower with Radar,26,63,30,0,119,0,0,6,0,6,26,63,36,0,125,0,0,0,125
04/06/2015,AGS,GA,ASO,ES,Combined TRACON& Tower with Radar,36,53,98,0,187,0,0,5,0,5,36,53,103,0,192,2,0,2,194
04/07/2015,AGS,GA,ASO,ES,Combined TRACON& Tower with Radar,34,84,148,2,268,0,0,2,0,2,34,84,150,2,270,0,0,0,270
04/08/2015,AGS,GA,ASO,ES,Combined TRACON& Tower with Radar,42,157,211,0,410,0,1,6,0,7,42,158,217,0,417,0,0,0,417
04/09/2015,AGS,GA,ASO,ES,Combined TRACON& Tower with Radar,41,131,217,0,389,0,0,11,0,11,41,131,228,0,400,0,0,0,400
04/10/2015,AGS,GA,ASO,ES,Combined TRACON& Tower with Radar,41,176,281,2,500,0,0,7,2,9,41,176,288,4,509,0,0,0,509
04/11/2015,AGS,GA,ASO,ES,Combined TRACON& Tower with Radar,33,113,152,0,298,0,0,6,0,6,33,113,158,0,304,0,0,0,304
04/12/2015,AGS,GA,ASO,ES,Combined TRACON& Tower with Radar,40,177,205,2,424,0,0,7,0,7,40,177,212,2,431,0,0,0,431
04/13/2015,AGS,GA,ASO,ES,Combined TRACON& Tower with Radar,40,72,83,0,195,0,0,1,0,1,40,72,84,0,196,0,0,0,196
04/14/2015,AGS,GA,ASO,ES,Combined TRACON& Tower with Radar,8,27,13,0,48,0,0,3,0,3,8,27,16,0,51,0,0,0,51
04/15/2015,AGS,GA,ASO,ES,Combined TRACON& Tower with Radar,5,26,15,0,46,0,0,5,0,5,5,26,20,0,51,0,0,0,51
04/16/2015,AGS,GA,ASO,ES,Combined TRACON& Tower with Radar,7,40,19,0,66,0,0,0,0,0,7,40,19,0,66,0,0,0,66
04/17/2015,AGS,GA,ASO,ES,Combined TRACON& Tower with Radar,7,24,11,5,47,0,0,0,0,0,7,24,11,5,47,0,5,5,52
04/18/2015,AGS,GA,ASO,ES,Combined TRACON& Tower with Radar,2,34,10,1,47,0,0,2,2,4,2,34,12,3,51,0,0,0,51
04/19/2015,AGS,GA,ASO,ES,Combined TRACON& Tower with Radar,6,31,15,0,52,0,0,1,0,1,6,31,16,0,53,0,0,0,53
04/20/2015,AGS,GA,ASO,ES,Combined TRACON& Tower with Radar,6,31,19,1,57,0,0,2,0,2,6,31,21,1,59,0,0,0,59
04/21/2015,AGS,GA,ASO,ES,Combined TRACON& Tower with Radar,8,36,45,3,92,0,0,9,3,12,8,36,54,6,104,4,2,6,110
04/22/2015,AGS,GA,ASO,ES,Combined TRACON& Tower with Radar,5,35,28,3,71,0,0,11,2,13,5,35,39,5,84,10,1,11,95
04/23/2015,AGS,GA,ASO,ES,Combined TRACON& Tower with Radar,7,33,36,1,77,0,0,7,0,7,7,33,43,1,84,2,0,2,86
04/24/2015,AGS,GA,ASO,ES,Combined TRACON& Tower with Radar,7,26,21,0,54,0,0,6,0,6,7,26,27,0,60,0,0,0,60
04/25/2015,AGS,GA,ASO,ES,Combined TRACON& Tower with Radar,6,24,8,0,38,0,0,1,0,1,6,24,9,0,39,0,0,0,39
04/26/2015,AGS,GA,ASO,ES,Combined TRACON& Tower with Radar,4,29,23,0,56,0,0,8,0,8,4,29,31,0,64,0,0,0,64
04/27/2015,AGS,GA,ASO,ES,Combined TRACON& Tower with Radar,8,26,29,1,64,0,0,7,0,7,8,26,36,1,71,0,0,0,71
04/28/2015,AGS,GA,ASO,ES,Combined TRACON& Tower with Radar,9,29,26,0,64,0,0,9,0,9,9,29,35,0,73,14,0,14,87
04/29/2015,AGS,GA,ASO,ES,Combined TRACON& Tower with Radar,5,33,27,8,73,0,0,1,2,3,5,33,28,10,76,2,0,2,78
04/30/2015,AGS,GA,ASO,ES,Combined TRACON& Tower with Radar,7,39,28,0,74,0,0,1,0,1,7,39,29,0,75,14,0,14,89
05/01/2015,AGS,GA,ASO,ES,Combined TRACON& Tower with Radar,6,34,36,0,76,0,0,5,0,5,6,34,41,0,81,20,0,20,101
05/02/2015,AGS,GA,ASO,ES,Combined TRACON& Tower with Radar,5,26,23,2,56,0,0,7,0,7,5,26,30,2,63,10,0,10,73
05/03/2015,AGS,GA,ASO,ES,Combined TRACON& Tower with Radar,6,31,33,0,70,0,1,9,2,12,6,32,42,2,82,2,0,2,84
05/04/2015,AGS,GA,ASO,ES,Combined TRACON& Tower with Radar,8,27,24,2,61,0,0,6,2,8,8,27,30,4,69,21,0,21,90
05/05/2015,AGS,GA,ASO,ES,Combined TRACON& Tower with Radar,7,24,34,4,69,0,0,8,2,10,7,24,42,6,79,26,0,26,105
05/06/2015,AGS,GA,ASO,ES,Combined TRACON& Tower with Radar,6,23,32,13,74,0,0,12,0,12,6,23,44,13,86,6,6,12,98
05/07/2015,AGS,GA,ASO,ES,Combined TRACON& Tower with Radar,3,34,38,5,80,0,0,5,2,7,3,34,43,7,87,22,10,32,119
05/08/2015,AGS,GA,ASO,ES,Combined TRACON& Tower with Radar,6,41,31,2,80,0,0,4,0,4,6,41,35,2,84,0,0,0,84
05/09/2015,AGS,GA,ASO,ES,Combined TRACON& Tower with Radar,7,26,20,0,53,0,0,8,0,8,7,26,28,0,61,4,0,4,65
05/10/2015,AGS,GA,ASO,ES,Combined TRACON& Tower with Radar,7,33,5,0,45,0,0,5,4,9,7,33,10,4,54,0,0,0,54
05/11/2015,AGS,GA,ASO,ES,Combined TRACON& Tower with Radar,8,29,26,6,69,0,0,8,0,8,8,29,34,6,77,7,6,13,90
05/12/2015,AGS,GA,ASO,ES,Combined TRACON& Tower with Radar,7,38,28,2,75,0,0,6,0,6,7,38,34,2,81,6,2,8,89
05/13/2015,AGS,GA,ASO,ES,Combined TRACON& Tower with Radar,5,40,25,0,70,0,0,1,0,1,5,40,26,0,71,0,0,0,71
05/14/2015,AGS,GA,ASO,ES,Combined TRACON& Tower with Radar,9,35,25,4,73,0,0,2,0,2,9,35,27,4,75,0,0,0,75
05/15/2015,AGS,GA,ASO,ES,Combined TRACON& Tower with Radar,6,32,18,3,59,0,0,1,1,2,6,32,19,4,61,6,0,6,67
05/16/2015,AGS,GA,ASO,ES,Combined TRACON& Tower with Radar,5,23,16,0,44,0,0,11,0,11,5,23,27,0,55,24,0,24,79
05/17/2015,AGS,GA,ASO,ES,Combined TRACON& Tower with Radar,6,25,15,11,57,0,0,7,3,10,6,25,22,14,67,2,10,12,79
05/18/2015,AGS,GA,ASO,ES,Combined TRACON& Tower with Radar,8,24,24,5,61,0,2,9,0,11,8,26,33,5,72,22,0,22,94
05/19/2015,AGS,GA,ASO,ES,Combined TRACON& Tower with Radar,7,21,18,7,53,0,0,8,0,8,7,21,26,7,61,6,0,6,67
05/20/2015,AGS,GA,ASO,ES,Combined TRACON& Tower with Radar,6,31,13,3,53,0,0,16,1,17,6,31,29,4,70,10,0,10,80
05/21/2015,AGS,GA,ASO,ES,Combined TRACON& Tower with Radar,6,27,21,1,55,0,0,19,3,22,6,27,40,4,77,16,0,16,93
05/22/2015,AGS,GA,ASO,ES,Combined TRACON& Tower with Radar,7,22,11,0,40,0,0,2,3,5,7,22,13,3,45,0,0,0,45
05/23/2015,AGS,GA,ASO,ES,Combined TRACON& Tower with Radar,5,23,1,0,29,0,0,4,0,4,5,23,5,0,33,0,0,0,33
05/24/2015,AGS,GA,ASO,ES,Combined TRACON& Tower with Radar,7,15,4,0,26,0,0,9,0,9,7,15,13,0,35,0,0,0,35
05/25/2015,AGS,GA,ASO,ES,Combined TRACON& Tower with Radar,10,20,21,5,56,0,0,4,0,4,10,20,25,5,60,6,4,10,70
05/26/2015,AGS,GA,ASO,ES,Combined TRACON& Tower with Radar,12,26,13,0,51,0,0,3,0,3,12,26,16,0,54,2,0,2,56
05/27/2015,AGS,GA,ASO,ES,Combined TRACON& Tower with Radar,7,23,12,2,44,0,0,7,0,7,7,23,19,2,51,20,0,20,71
05/28/2015,AGS,GA,ASO,ES,Combined TRACON& Tower with Radar,8,26,13,0,47,0,2,12,5,19,8,28,25,5,66,3,0,3,69
05/29/2015,AGS,GA,ASO,ES,Combined TRACON& Tower with Radar,6,23,24,10,63,0,0,13,9,22,6,23,37,19,85,32,2,34,119
05/30/2015,AGS,GA,ASO,ES,Combined TRACON& Tower with Radar,7,19,7,0,33,0,2,4,0,6,7,21,11,0,39,0,0,0,39
05/31/2015,AGS,GA,ASO,ES,Combined TRACON& Tower with Radar,10,25,6,6,47,0,0,4,2,6,10,25,10,8,53,0,4,4,57
06/01/2015,AGS,GA,ASO,ES,Combined TRACON& Tower with Radar,7,23,7,2,39,0,0,3,0,3,7,23,10,2,42,6,0,6,48
06/02/2015,AGS,GA,ASO,ES,Combined TRACON& Tower with Radar,5,22,16,2,45,0,0,2,0,2,5,22,18,2,47,0,0,0,47
06/03/2015,AGS,GA,ASO,ES,Combined TRACON& Tower with Radar,7,23,19,0,49,0,0,2,1,3,7,23,21,1,52,6,0,6,58
06/04/2015,AGS,GA,ASO,ES,Combined TRACON& Tower with Radar,4,24,15,3,46,0,0,1,2,3,4,24,16,5,49,20,0,20,69
06/05/2015,AGS,GA,ASO,ES,Combined TRACON& Tower with Radar,7,17,13,0,37,0,0,3,0,3,7,17,16,0,40,0,0,0,40
06/06/2015,AGS,GA,ASO,ES,Combined TRACON& Tower with Radar,8,14,8,0,30,0,0,13,0,13,8,14,21,0,43,31,0,31,74
06/07/2015,AGS,GA,ASO,ES,Combined TRACON& Tower with Radar,9,18,5,0,32,0,0,8,0,8,9,18,13,0,40,8,0,8,48
06/08/2015,AGS,GA,ASO,ES,Combined TRACON& Tower with Radar,6,24,9,5,44,0,0,6,1,7,6,24,15,6,51,16,0,16,67
06/09/2015,AGS,GA,ASO,ES,Combined TRACON& Tower with Radar,8,17,4,0,29,0,0,5,0,5,8,17,9,0,34,1,0,1,35
06/10/2015,AGS,GA,ASO,ES,Combined TRACON& Tower with Radar,7,22,13,0,42,0,0,6,2,8,7,22,19,2,50,18,0,18,68
06/11/2015,AGS,GA,ASO,ES,Combined TRACON& Tower with Radar,8,19,19,0,46,0,0,6,0,6,8,19,25,0,52,0,0,0,52
06/12/2015,AGS,GA,ASO,ES,Combined TRACON& Tower with Radar,8,23,10,7,48,0,0,14,6,20,8,23,24,13,68,26,18,44,112
06/13/2015,AGS,GA,ASO,ES,Combined TRACON& Tower with Radar,8,13,3,0,24,0,0,11,0,11,8,13,14,0,35,0,0,0,35
06/14/2015,AGS,GA,ASO,ES,Combined TRACON& Tower with Radar,9,28,8,0,45,0,0,15,0,15,9,28,23,0,60,36,0,36,96
06/15/2015,AGS,GA,ASO,ES,Combined TRACON& Tower with Radar,6,21,11,2,40,0,0,7,3,10,6,21,18,5,50,22,14,36,86
06/16/2015,AGS,GA,ASO,ES,Combined TRACON& Tower with Radar,7,23,11,2,43,0,0,17,2,19,7,23,28,4,62,38,0,38,100
06/17/2015,AGS,GA,ASO,ES,Combined TRACON& Tower with Radar,8,17,9,1,35,0,0,6,4,10,8,17,15,5,45,0,0,0,45
06/18/2015,AGS,GA,ASO,ES,Combined TRACON& Tower with Radar,8,16,13,0,37,0,0,6,0,6,8,16,19,0,43,0,0,0,43
06/19/2015,AGS,GA,ASO,ES,Combined TRACON& Tower with Radar,9,18,11,7,45,0,0,2,3,5,9,18,13,10,50,6,8,14,64
06/20/2015,AGS,GA,ASO,ES,Combined TRACON& Tower with Radar,8,12,8,4,32,0,0,1,2,3,8,12,9,6,35,0,0,0,35
06/21/2015,AGS,GA,ASO,ES,Combined TRACON& Tower with Radar,9,17,6,2,34,0,0,9,6,15,9,17,15,8,49,0,2,2,51
06/22/2015,AGS,GA,ASO,ES,Combined TRACON& Tower with Radar,7,25,14,1,47,0,0,5,0,5,7,25,19,1,52,4,0,4,56
06/23/2015,AGS,GA,ASO,ES,Combined TRACON& Tower with Radar,9,17,14,2,42,0,0,5,5,10,9,17,19,7,52,4,0,4,56
06/24/2015,AGS,GA,ASO,ES,Combined TRACON& Tower with Radar,10,18,21,1,50,0,0,10,2,12,10,18,31,3,62,10,0,10,72
06/25/2015,AGS,GA,ASO,ES,Combined TRACON& Tower with Radar,10,24,10,3,47,0,0,9,0,9,10,24,19,3,56,16,0,16,72
06/26/2015,AGS,GA,ASO,ES,Combined TRACON& Tower with Radar,8,25,10,5,48,0,0,6,3,9,8,25,16,8,57,22,2,24,81
06/27/2015,AGS,GA,ASO,ES,Combined TRACON& Tower with Radar,13,16,3,0,32,0,1,2,0,3,13,17,5,0,35,0,0,0,35
06/28/2015,AGS,GA,ASO,ES,Combined TRACON& Tower with Radar,9,19,12,0,40,0,0,8,0,8,9,19,20,0,48,4,0,4,52
06/29/2015,AGS,GA,ASO,ES,Combined TRACON& Tower with Radar,8,20,15,3,46,0,2,9,2,13,8,22,24,5,59,38,20,58,117
06/30/2015,AGS,GA,ASO,ES,Combined TRACON& Tower with Radar,8,18,19,15,60,0,0,9,1,10,8,18,28,16,70,16,9,25,95
07/01/2015,AGS,GA,ASO,ES,Combined TRACON& Tower with Radar,7,20,16,2,45,0,1,6,3,10,7,21,22,5,55,2,0,2,57
07/02/2015,AGS,GA,ASO,ES,Combined TRACON& Tower with Radar,5,21,22,0,48,0,0,1,2,3,5,21,23,2,51,0,0,0,51
07/03/2015,AGS,GA,ASO,ES,Combined TRACON& Tower with Radar,6,15,3,0,24,0,0,6,0,6,6,15,9,0,30,0,0,0,30
07/04/2015,AGS,GA,ASO,ES,Combined TRACON& Tower with Radar,3,17,6,0,26,0,0,1,0,1,3,17,7,0,27,0,0,0,27
07/05/2015,AGS,GA,ASO,ES,Combined TRACON& Tower with Radar,5,21,14,0,40,0,0,5,0,5,5,21,19,0,45,8,0,8,53
07/06/2015,AGS,GA,ASO,ES,Combined TRACON& Tower with Radar,7,18,11,10,46,0,1,0,0,1,7,19,11,10,47,4,30,34,81
07/07/2015,AGS,GA,ASO,ES,Combined TRACON& Tower with Radar,7,24,15,4,50,0,0,5,0,5,7,24,20,4,55,2,3,5,60
07/08/2015,AGS,GA,ASO,ES,Combined TRACON& Tower with Radar,7,19,18,0,44,0,0,15,0,15,7,19,33,0,59,21,0,21,80
07/09/2015,AGS,GA,ASO,ES,Combined TRACON& Tower with Radar,7,39,36,4,86,0,0,10,2,12,7,39,46,6,98,22,0,22,120
07/10/2015,AGS,GA,ASO,ES,Combined TRACON& Tower with Radar,8,25,44,2,79,0,0,7,1,8,8,25,51,3,87,2,0,2,89
07/11/2015,AGS,GA,ASO,ES,Combined TRACON& Tower with Radar,4,35,23,0,62,0,1,6,0,7,4,36,29,0,69,10,0,10,79
07/12/2015,AGS,GA,ASO,ES,Combined TRACON& Tower with Radar,5,22,27,3,57,0,1,9,1,11,5,23,36,4,68,0,0,0,68
07/13/2015,AGS,GA,ASO,ES,Combined TRACON& Tower with Radar,9,23,11,0,43,0,0,4,0,4,9,23,15,0,47,16,0,16,63
07/14/2015,AGS,GA,ASO,ES,Combined TRACON& Tower with Radar,7,18,12,0,37,0,0,9,0,9,7,18,21,0,46,10,0,10,56
07/15/2015,AGS,GA,ASO,ES,Combined TRACON& Tower with Radar,7,17,14,5,43,0,0,2,1,3,7,17,16,6,46,0,8,8,54
07/16/2015,AGS,GA,ASO,ES,Combined TRACON& Tower with Radar,9,17,21,9,56,0,2,5,3,10,9,19,26,12,66,12,2,14,80
07/17/2015,AGS,GA,ASO,ES,Combined TRACON& Tower with Radar,8,22,22,2,54,0,0,6,0,6,8,22,28,2,60,4,0,4,64
07/18/2015,AGS,GA,ASO,ES,Combined TRACON& Tower with Radar,17,16,8,5,46,0,0,7,2,9,17,16,15,7,55,4,2,6,61
07/19/2015,AGS,GA,ASO,ES,Combined TRACON& Tower with Radar,5,23,11,3,42,0,0,4,0,4,5,23,15,3,46,0,0,0,46
07/20/2015,AGS,GA,ASO,ES,Combined TRACON& Tower with Radar,8,21,24,1,54,0,0,8,0,8,8,21,32,1,62,6,0,6,68
07/21/2015,AGS,GA,ASO,ES,Combined TRACON& Tower with Radar,8,21,9,8,46,0,1,6,0,7,8,22,15,8,53,0,2,2,55
07/22/2015,AGS,GA,ASO,ES,Combined TRACON& Tower with Radar,10,20,24,6,60,0,0,7,11,18,10,20,31,17,78,20,6,26,104
07/23/2015,AGS,GA,ASO,ES,Combined TRACON& Tower with Radar,7,18,23,8,56,0,0,4,8,12,7,18,27,16,68,0,48,48,116
07/24/2015,AGS,GA,ASO,ES,Combined TRACON& Tower with Radar,7,19,20,16,62,0,0,3,2,5,7,19,23,18,67,0,18,18,85
07/25/2015,AGS,GA,ASO,ES,Combined TRACON& Tower with Radar,3,18,5,8,34,0,0,3,4,7,3,18,8,12,41,8,12,20,61
07/26/2015,AGS,GA,ASO,ES,Combined TRACON& Tower with Radar,6,20,10,10,46,0,0,7,0,7,6,20,17,10,53,0,12,12,65
07/27/2015,AGS,GA,ASO,ES,Combined TRACON& Tower with Radar,7,22,16,0,45,0,0,13,0,13,7,22,29,0,58,22,0,22,80
07/28/2015,AGS,GA,ASO,ES,Combined TRACON& Tower with Radar,7,21,21,0,49,0,0,2,2,4,7,21,23,2,53,0,0,0,53
07/29/2015,AGS,GA,ASO,ES,Combined TRACON& Tower with Radar,7,23,11,0,41,0,0,9,0,9,7,23,20,0,50,12,0,12,62
07/30/2015,AGS,GA,ASO,ES,Combined TRACON& Tower with Radar,7,24,19,0,50,0,0,5,0,5,7,24,24,0,55,20,0,20,75
07/31/2015,AGS,GA,ASO,ES,Combined TRACON& Tower with Radar,13,16,8,0,37,0,0,6,3,9,13,16,14,3,46,6,0,6,52
08/01/2015,AGS,GA,ASO,ES,Combined TRACON& Tower with Radar,3,19,2,0,24,0,0,6,0,6,3,19,8,0,30,0,0,0,30
08/02/2015,AGS,GA,ASO,ES,Combined TRACON& Tower with Radar,5,22,11,2,40,0,0,5,0,5,5,22,16,2,45,0,0,0,45
08/03/2015,AGS,GA,ASO,ES,Combined TRACON& Tower with Radar,7,16,20,2,45,0,0,3,1,4,7,16,23,3,49,10,14,24,73
08/04/2015,AGS,GA,ASO,ES,Combined TRACON& Tower with Radar,7,24,13,3,47,0,0,10,4,14,7,24,23,7,61,0,0,0,61
08/05/2015,AGS,GA,ASO,ES,Combined TRACON& Tower with Radar,7,20,15,4,46,0,0,9,6,15,7,20,24,10,61,16,6,22,83
08/06/2015,AGS,GA,ASO,ES,Combined TRACON& Tower with Radar,7,25,11,3,46,0,1,4,2,7,7,26,15,5,53,6,0,6,59
08/07/2015,AGS,GA,ASO,ES,Combined TRACON& Tower with Radar,8,21,9,4,42,0,0,9,0,9,8,21,18,4,51,1,4,5,56
08/08/2015,AGS,GA,ASO,ES,Combined TRACON& Tower with Radar,4,17,10,0,31,0,0,10,0,10,4,17,20,0,41,0,0,0,41
08/09/2015,AGS,GA,ASO,ES,Combined TRACON& Tower with Radar,5,21,4,0,30,0,0,6,0,6,5,21,10,0,36,0,0,0,36
08/10/2015,AGS,GA,ASO,ES,Combined TRACON& Tower with Radar,14,21,13,0,48,0,0,9,2,11,14,21,22,2,59,0,0,0,59
08/11/2015,AGS,GA,ASO,ES,Combined TRACON& Tower with Radar,8,20,14,0,42,0,0,9,1,10,8,20,23,1,52,40,0,40,92
08/12/2015,AGS,GA,ASO,ES,Combined TRACON& Tower with Radar,7,19,12,0,38,0,0,8,2,10,7,19,20,2,48,1,0,1,49
08/13/2015,AGS,GA,ASO,ES,Combined TRACON& Tower with Radar,7,20,24,2,53,0,0,13,6,19,7,20,37,8,72,14,0,14,86
08/14/2015,AGS,GA,ASO,ES,Combined TRACON& Tower with Radar,7,29,10,0,46,0,0,11,0,11,7,29,21,0,57,52,0,52,109
08/15/2015,AGS,GA,ASO,ES,Combined TRACON& Tower with Radar,3,17,1,0,21,0,0,4,0,4,3,17,5,0,25,0,0,0,25
08/16/2015,AGS,GA,ASO,ES,Combined TRACON& Tower with Radar,5,20,8,0,33,0,0,4,0,4,5,20,12,0,37,4,0,4,41
08/17/2015,AGS,GA,ASO,ES,Combined TRACON& Tower with Radar,13,20,20,1,54,0,0,3,0,3,13,20,23,1,57,16,0,16,73
08/18/2015,AGS,GA,ASO,ES,Combined TRACON& Tower with Radar,9,17,20,1,47,0,0,4,0,4,9,17,24,1,51,22,0,22,73
08/19/2015,AGS,GA,ASO,ES,Combined TRACON& Tower with Radar,6,14,16,1,37,0,0,0,0,0,6,14,16,1,37,2,0,2,39
08/20/2015,AGS,GA,ASO,ES,Combined TRACON& Tower with Radar,9,20,22,5,56,0,0,7,0,7,9,20,29,5,63,18,10,28,91
08/21/2015,AGS,GA,ASO,ES,Combined TRACON& Tower with Radar,8,17,15,30,70,0,0,4,7,11,8,17,19,37,81,8,8,16,97
08/22/2015,AGS,GA,ASO,ES,Combined TRACON& Tower with Radar,7,11,2,0,20,0,0,2,2,4,7,11,4,2,24,0,0,0,24
08/23/2015,AGS,GA,ASO,ES,Combined TRACON& Tower with Radar,8,18,6,0,32,0,0,0,0,0,8,18,6,0,32,0,0,0,32
08/24/2015,AGS,GA,ASO,ES,Combined TRACON& Tower with Radar,8,18,19,0,45,0,0,6,0,6,8,18,25,0,51,0,0,0,51
08/25/2015,AGS,GA,ASO,ES,Combined TRACON& Tower with Radar,9,17,24,0,50,0,0,8,3,11,9,17,32,3,61,34,0,34,95
08/26/2015,AGS,GA,ASO,ES,Combined TRACON& Tower with Radar,7,20,35,2,64,0,0,13,4,17,7,20,48,6,81,15,0,15,96
08/27/2015,AGS,GA,ASO,ES,Combined TRACON& Tower with Radar,9,18,28,0,55,0,0,2,0,2,9,18,30,0,57,0,0,0,57
08/28/2015,AGS,GA,ASO,ES,Combined TRACON& Tower with Radar,9,17,23,3,52,0,0,2,1,3,9,17,25,4,55,12,0,12,67
08/29/2015,AGS,GA,ASO,ES,Combined TRACON& Tower with Radar,7,10,4,0,21,0,0,4,0,4,7,10,8,0,25,2,0,2,27
08/30/2015,AGS,GA,ASO,ES,Combined TRACON& Tower with Radar,8,18,10,8,44,0,0,0,2,2,8,18,10,10,46,0,2,2,48
08/31/2015,AGS,GA,ASO,ES,Combined TRACON& Tower with Radar,8,19,9,3,39,0,0,5,0,5,8,19,14,3,44,2,0,2,46
09/01/2015,AGS,GA,ASO,ES,Combined TRACON& Tower with Radar,6,19,22,1,48,0,0,12,0,12,6,19,34,1,60,13,0,13,73
09/02/2015,AGS,GA,ASO,ES,Combined TRACON& Tower with Radar,8,22,17,1,48,0,0,7,0,7,8,22,24,1,55,10,0,10,65
09/03/2015,AGS,GA,ASO,ES,Combined TRACON& Tower with Radar,14,16,19,3,52,0,0,11,2,13,14,16,30,5,65,0,0,0,65
09/04/2015,AGS,GA,ASO,ES,Combined TRACON& Tower with Radar,10,14,18,1,43,0,0,15,6,21,10,14,33,7,64,4,0,4,68
09/05/2015,AGS,GA,ASO,ES,Combined TRACON& Tower with Radar,6,13,11,0,30,0,0,0,0,0,6,13,11,0,30,0,0,0,30
09/06/2015,AGS,GA,ASO,ES,Combined TRACON& Tower with Radar,4,19,2,0,25,0,0,4,0,4,4,19,6,0,29,0,0,0,29
09/07/2015,AGS,GA,ASO,ES,Combined TRACON& Tower with Radar,10,19,13,0,42,0,0,6,0,6,10,19,19,0,48,0,0,0,48
09/08/2015,AGS,GA,ASO,ES,Combined TRACON& Tower with Radar,10,24,12,4,50,0,0,4,5,9,10,24,16,9,59,6,6,12,71
09/09/2015,AGS,GA,ASO,ES,Combined TRACON& Tower with Radar,6,17,10,2,35,0,0,3,2,5,6,17,13,4,40,4,0,4,44
09/10/2015,AGS,GA,ASO,ES,Combined TRACON& Tower with Radar,7,15,11,14,47,0,0,3,3,6,7,15,14,17,53,0,16,16,69
09/11/2015,AGS,GA,ASO,ES,Combined TRACON& Tower with Radar,9,18,13,4,44,0,0,4,3,7,9,18,17,7,51,4,0,4,55
09/12/2015,AGS,GA,ASO,ES,Combined TRACON& Tower with Radar,5,15,3,0,23,0,0,3,0,3,5,15,6,0,26,0,0,0,26
09/13/2015,AGS,GA,ASO,ES,Combined TRACON& Tower with Radar,10,12,7,0,29,0,0,6,2,8,10,12,13,2,37,8,0,8,45
09/14/2015,AGS,GA,ASO,ES,Combined TRACON& Tower with Radar,10,18,10,8,46,0,0,6,1,7,10,18,16,9,53,4,14,18,71
09/15/2015,AGS,GA,ASO,ES,Combined TRACON& Tower with Radar,8,17,15,3,43,0,0,8,3,11,8,17,23,6,54,8,0,8,62
09/16/2015,AGS,GA,ASO,ES,Combined TRACON& Tower with Radar,7,22,17,0,46,0,0,7,0,7,7,22,24,0,53,14,0,14,67
09/17/2015,AGS,GA,ASO,ES,Combined TRACON& Tower with Radar,11,19,15,0,45,0,0,6,0,6,11,19,21,0,51,0,0,0,51
09/18/2015,AGS,GA,ASO,ES,Combined TRACON& Tower with Radar,10,18,18,7,53,0,0,11,1,12,10,18,29,8,65,4,0,4,69
09/19/2015,AGS,GA,ASO,ES,Combined TRACON& Tower with Radar,5,17,7,0,29,0,0,5,0,5,5,17,12,0,34,30,0,30,64
09/20/2015,AGS,GA,ASO,ES,Combined TRACON& Tower with Radar,8,12,8,0,28,0,0,5,4,9,8,12,13,4,37,0,0,0,37
09/21/2015,AGS,GA,ASO,ES,Combined TRACON& Tower with Radar,10,18,13,11,52,0,1,4,0,5,10,19,17,11,57,0,3,3,60
09/22/2015,AGS,GA,ASO,ES,Combined TRACON& Tower with Radar,8,18,20,3,49,0,0,1,1,2,8,18,21,4,51,0,4,4,55
09/23/2015,AGS,GA,ASO,ES,Combined TRACON& Tower with Radar,7,20,27,9,63,0,0,4,6,10,7,20,31,15,73,0,24,24,97
09/24/2015,AGS,GA,ASO,ES,Combined TRACON& Tower with Radar,10,18,17,7,52,0,0,0,0,0,10,18,17,7,52,0,2,2,54
09/25/2015,AGS,GA,ASO,ES,Combined TRACON& Tower with Radar,10,19,13,2,44,0,0,1,0,1,10,19,14,2,45,18,2,20,65
09/26/2015,AGS,GA,ASO,ES,Combined TRACON& Tower with Radar,5,16,19,2,42,0,0,0,0,0,5,16,19,2,42,0,0,0,42
09/27/2015,AGS,GA,ASO,ES,Combined TRACON& Tower with Radar,7,24,7,0,38,0,0,0,0,0,7,24,7,0,38,0,0,0,38
09/28/2015,AGS,GA,ASO,ES,Combined TRACON& Tower with Radar,10,17,15,0,42,0,0,0,0,0,10,17,15,0,42,0,0,0,42
09/29/2015,AGS,GA,ASO,ES,Combined TRACON& Tower with Radar,8,19,5,2,34,0,0,2,1,3,8,19,7,3,37,0,0,0,37
09/30/2015,AGS,GA,ASO,ES,Combined TRACON& Tower with Radar,8,18,15,2,43,0,0,8,0,8,8,18,23,2,51,14,0,14,65
10/01/2015,AGS,GA,ASO,ES,Combined TRACON& Tower with Radar,11,17,16,0,44,0,0,0,0,0,11,17,16,0,44,0,0,0,44
10/02/2015,AGS,GA,ASO,ES,Combined TRACON& Tower with Radar,10,14,13,16,53,0,0,0,1,1,10,14,13,17,54,2,10,12,66
10/03/2015,AGS,GA,ASO,ES,Combined TRACON& Tower with Radar,4,14,3,0,21,0,0,0,0,0,4,14,3,0,21,0,0,0,21
10/04/2015,AGS,GA,ASO,ES,Combined TRACON& Tower with Radar,8,18,2,0,28,0,0,0,0,0,8,18,2,0,28,0,0,0,28
10/05/2015,AGS,GA,ASO,ES,Combined TRACON& Tower with Radar,10,16,7,2,35,0,0,1,1,2,10,16,8,3,37,0,0,0,37
10/06/2015,AGS,GA,ASO,ES,Combined TRACON& Tower with Radar,10,20,16,3,49,0,0,8,5,13,10,20,24,8,62,6,26,32,94
10/07/2015,AGS,GA,ASO,ES,Combined TRACON& Tower with Radar,10,14,23,0,47,0,0,5,4,9,10,14,28,4,56,3,0,3,59
10/08/2015,AGS,GA,ASO,ES,Combined TRACON& Tower with Radar,12,16,18,0,46,0,1,7,3,11,12,17,25,3,57,6,0,6,63
10/09/2015,AGS,GA,ASO,ES,Combined TRACON& Tower with Radar,10,18,16,1,45,0,0,4,0,4,10,18,20,1,49,0,0,0,49
10/10/2015,AGS,GA,ASO,ES,Combined TRACON& Tower with Radar,4,18,6,2,30,0,0,4,0,4,4,18,10,2,34,0,0,0,34
10/11/2015,AGS,GA,ASO,ES,Combined TRACON& Tower with Radar,10,20,14,0,44,0,0,3,0,3,10,20,17,0,47,2,0,2,49
10/12/2015,AGS,GA,ASO,ES,Combined TRACON& Tower with Radar,10,22,18,0,50,0,0,1,1,2,10,22,19,1,52,0,0,0,52
10/13/2015,AGS,GA,ASO,ES,Combined TRACON& Tower with Radar,10,30,21,0,61,0,0,9,0,9,10,30,30,0,70,4,0,4,74
10/14/2015,AGS,GA,ASO,ES,Combined TRACON& Tower with Radar,10,32,17,3,62,0,0,5,4,9,10,32,22,7,71,17,0,17,88
10/15/2015,AGS,GA,ASO,ES,Combined TRACON& Tower with Radar,10,32,31,2,75,0,0,15,0,15,10,32,46,2,90,70,0,70,160
10/16/2015,AGS,GA,ASO,ES,Combined TRACON& Tower with Radar,10,27,29,0,66,0,0,14,0,14,10,27,43,0,80,14,0,14,94
10/17/2015,AGS,GA,ASO,ES,Combined TRACON& Tower with Radar,4,27,20,4,55,0,0,8,2,10,4,27,28,6,65,0,2,2,67
10/18/2015,AGS,GA,ASO,ES,Combined TRACON& Tower with Radar,10,22,13,0,45,0,1,9,0,10,10,23,22,0,55,0,0,0,55
10/19/2015,AGS,GA,ASO,ES,Combined TRACON& Tower with Radar,10,20,13,3,46,0,0,1,2,3,10,20,14,5,49,0,0,0,49
10/20/2015,AGS,GA,ASO,ES,Combined TRACON& Tower with Radar,10,25,19,1,55,0,0,4,0,4,10,25,23,1,59,6,0,6,65
10/21/2015,AGS,GA,ASO,ES,Combined TRACON& Tower with Radar,10,27,24,9,70,0,0,6,6,12,10,27,30,15,82,4,18,22,104
10/22/2015,AGS,GA,ASO,ES,Combined TRACON& Tower with Radar,12,32,32,7,83,0,1,10,0,11,12,33,42,7,94,0,20,20,114
10/23/2015,AGS,GA,ASO,ES,Combined TRACON& Tower with Radar,10,22,27,1,60,0,0,13,4,17,10,22,40,5,77,12,0,12,89
10/24/2015,AGS,GA,ASO,ES,Combined TRACON& Tower with Radar,4,21,9,1,35,0,0,2,1,3,4,21,11,2,38,6,0,6,44
10/25/2015,AGS,GA,ASO,ES,Combined TRACON& Tower with Radar,10,24,16,0,50,0,0,5,2,7,10,24,21,2,57,4,0,4,61
10/26/2015,AGS,GA,ASO,ES,Combined TRACON& Tower with Radar,12,23,28,2,65,0,0,1,0,1,12,23,29,2,66,0,0,0,66
10/27/2015,AGS,GA,ASO,ES,Combined TRACON& Tower with Radar,8,27,45,2,82,0,0,0,0,0,8,27,45,2,82,2,0,2,84
10/28/2015,AGS,GA,ASO,ES,Combined TRACON& Tower with Radar,5,20,25,2,52,0,0,0,0,0,5,20,25,2,52,0,0,0,52
10/29/2015,AGS,GA,ASO,ES,Combined TRACON& Tower with Radar,13,23,35,2,73,0,0,19,0,19,13,23,54,2,92,10,0,10,102
10/30/2015,AGS,GA,ASO,ES,Combined TRACON& Tower with Radar,9,20,32,2,63,0,0,12,0,12,9,20,44,2,75,6,0,6,81
10/31/2015,AGS,GA,ASO,ES,Combined TRACON& Tower with Radar,7,17,15,0,39,0,0,14,0,14,7,17,29,0,53,14,0,14,67
11/01/2015,AGS,GA,ASO,ES,Combined TRACON& Tower with Radar,9,25,13,0,47,0,0,0,0,0,9,25,13,0,47,0,0,0,47
11/02/2015,AGS,GA,ASO,ES,Combined TRACON& Tower with Radar,13,24,11,0,48,0,0,0,0,0,13,24,11,0,48,0,0,0,48
11/03/2015,AGS,GA,ASO,ES,Combined TRACON& Tower with Radar,8,26,23,2,59,0,0,0,0,0,8,26,23,2,59,0,0,0,59
11/04/2015,AGS,GA,ASO,ES,Combined TRACON& Tower with Radar,12,27,37,0,76,0,1,0,1,2,12,28,37,1,78,2,0,2,80
11/05/2015,AGS,GA,ASO,ES,Combined TRACON& Tower with Radar,12,33,49,2,96,0,0,1,1,2,12,33,50,3,98,0,0,0,98
11/06/2015,AGS,GA,ASO,ES,Combined TRACON& Tower with Radar,12,37,34,7,90,0,0,4,3,7,12,37,38,10,97,0,34,34,131
11/07/2015,AGS,GA,ASO,ES,Combined TRACON& Tower with Radar,6,22,19,0,47,0,0,1,2,3,6,22,20,2,50,0,0,0,50
11/08/2015,AGS,GA,ASO,ES,Combined TRACON& Tower with Radar,9,23,20,1,53,0,0,2,0,2,9,23,22,1,55,6,2,8,63
11/09/2015,AGS,GA,ASO,ES,Combined TRACON& Tower with Radar,12,19,24,7,62,0,0,0,0,0,12,19,24,7,62,0,3,3,65
11/10/2015,AGS,GA,ASO,ES,Combined TRACON& Tower with Radar,12,31,29,4,76,0,0,5,0,5,12,31,34,4,81,0,0,0,81
11/11/2015,AGS,GA,ASO,ES,Combined TRACON& Tower with Radar,12,28,41,6,87,0,1,9,0,10,12,29,50,6,97,38,14,52,149
11/12/2015,AGS,GA,ASO,ES,Combined TRACON& Tower with Radar,11,20,30,3,64,0,0,7,2,9,11,20,37,5,73,30,0,30,103
11/13/2015,AGS,GA,ASO,ES,Combined TRACON& Tower with Radar,11,30,19,0,60,0,0,12,0,12,11,30,31,0,72,6,0,6,78
11/14/2015,AGS,GA,ASO,ES,Combined TRACON& Tower with Radar,6,21,5,0,32,0,0,3,4,7,6,21,8,4,39,0,0,0,39
11/15/2015,AGS,GA,ASO,ES,Combined TRACON& Tower with Radar,10,22,18,2,52,0,0,3,4,7,10,22,21,6,59,0,3,3,62
11/16/2015,AGS,GA,ASO,ES,Combined TRACON& Tower with Radar,12,22,29,1,64,0,0,15,0,15,12,22,44,1,79,24,0,24,103
11/17/2015,AGS,GA,ASO,ES,Combined TRACON& Tower with Radar,13,23,33,7,76,0,0,9,7,16,13,23,42,14,92,10,2,12,104
11/18/2015,AGS,GA,ASO,ES,Combined TRACON& Tower with Radar,12,27,26,1,66,0,0,2,0,2,12,27,28,1,68,0,0,0,68
11/19/2015,AGS,GA,ASO,ES,Combined TRACON& Tower with Radar,14,20,33,3,70,0,0,8,0,8,14,20,41,3,78,0,2,2,80
11/20/2015,AGS,GA,ASO,ES,Combined TRACON& Tower with Radar,12,20,21,0,53,0,0,7,0,7,12,20,28,0,60,12,0,12,72
11/21/2015,AGS,GA,ASO,ES,Combined TRACON& Tower with Radar,6,21,9,0,36,0,0,3,0,3,6,21,12,0,39,0,0,0,39
11/22/2015,AGS,GA,ASO,ES,Combined TRACON& Tower with Radar,9,20,17,2,48,0,0,3,0,3,9,20,20,2,51,0,0,0,51
11/23/2015,AGS,GA,ASO,ES,Combined TRACON& Tower with Radar,9,21,17,0,47,0,0,13,7,20,9,21,30,7,67,20,0,20,87
11/24/2015,AGS,GA,ASO,ES,Combined TRACON& Tower with Radar,10,24,16,6,56,0,2,4,1,7,10,26,20,7,63,4,6,10,73
11/25/2015,AGS,GA,ASO,ES,Combined TRACON& Tower with Radar,12,26,20,6,64,0,0,4,0,4,12,26,24,6,68,0,6,6,74
11/26/2015,AGS,GA,ASO,ES,Combined TRACON& Tower with Radar,5,9,5,0,19,0,1,0,0,1,5,10,5,0,20,0,0,0,20
11/27/2015,AGS,GA,ASO,ES,Combined TRACON& Tower with Radar,6,27,11,0,44,0,0,2,0,2,6,27,13,0,46,0,0,0,46
11/28/2015,AGS,GA,ASO,ES,Combined TRACON& Tower with Radar,11,18,12,6,47,0,0,3,0,3,11,18,15,6,50,0,0,0,50
11/29/2015,AGS,GA,ASO,ES,Combined TRACON& Tower with Radar,14,15,28,0,57,0,0,6,0,6,14,15,34,0,63,0,0,0,63
11/30/2015,AGS,GA,ASO,ES,Combined TRACON& Tower with Radar,11,22,22,6,61,0,0,4,0,4,11,22,26,6,65,8,6,14,79
12/01/2015,AGS,GA,ASO,ES,Combined TRACON& Tower with Radar,9,18,24,4,55,0,0,1,1,2,9,18,25,5,57,0,0,0,57
12/02/2015,AGS,GA,ASO,ES,Combined TRACON& Tower with Radar,9,21,27,1,58,0,0,0,0,0,9,21,27,1,58,0,0,0,58
12/03/2015,AGS,GA,ASO,ES,Combined TRACON& Tower with Radar,9,14,23,1,47,0,1,9,0,10,9,15,32,1,57,10,0,10,67
12/04/2015,AGS,GA,ASO,ES,Combined TRACON& Tower with Radar,9,26,19,3,57,0,0,5,2,7,9,26,24,5,64,0,0,0,64
12/05/2015,AGS,GA,ASO,ES,Combined TRACON& Tower with Radar,5,19,9,2,35,0,0,4,0,4,5,19,13,2,39,0,0,0,39
12/06/2015,AGS,GA,ASO,ES,Combined TRACON& Tower with Radar,7,27,5,0,39,0,0,4,0,4,7,27,9,0,43,0,0,0,43
12/07/2015,AGS,GA,ASO,ES,Combined TRACON& Tower with Radar,9,22,15,2,48,0,2,8,0,10,9,24,23,2,58,10,0,10,68
12/08/2015,AGS,GA,ASO,ES,Combined TRACON& Tower with Radar,7,24,12,2,45,0,0,10,1,11,7,24,22,3,56,16,0,16,72
12/09/2015,AGS,GA,ASO,ES,Combined TRACON& Tower with Radar,9,25,25,14,73,0,0,6,6,12,9,25,31,20,85,14,16,30,115
12/10/2015,AGS,GA,ASO,ES,Combined TRACON& Tower with Radar,9,23,11,8,51,0,0,15,2,17,9,23,26,10,68,2,0,2,70
12/11/2015,AGS,GA,ASO,ES,Combined TRACON& Tower with Radar,9,19,24,21,73,0,0,4,3,7,9,19,28,24,80,22,16,38,118
12/12/2015,AGS,GA,ASO,ES,Combined TRACON& Tower with Radar,5,28,16,0,49,0,0,8,0,8,5,28,24,0,57,12,0,12,69
12/13/2015,AGS,GA,ASO,ES,Combined TRACON& Tower with Radar,7,23,19,0,49,0,1,5,0,6,7,24,24,0,55,0,0,0,55
12/14/2015,AGS,GA,ASO,ES,Combined TRACON& Tower with Radar,9,20,15,3,47,0,0,0,0,0,9,20,15,3,47,0,0,0,47
12/15/2015,AGS,GA,ASO,ES,Combined TRACON& Tower with Radar,9,22,22,2,55,0,2,3,0,5,9,24,25,2,60,26,0,26,86
12/16/2015,AGS,GA,ASO,ES,Combined TRACON& Tower with Radar,11,23,18,13,65,0,0,5,0,5,11,23,23,13,70,0,6,6,76
12/17/2015,AGS,GA,ASO,ES,Combined TRACON& Tower with Radar,8,25,14,5,52,0,0,0,0,0,8,25,14,5,52,0,4,4,56
12/18/2015,AGS,GA,ASO,ES,Combined TRACON& Tower with Radar,9,22,18,0,49,0,2,5,1,8,9,24,23,1,57,2,0,2,59
12/19/2015,AGS,GA,ASO,ES,Combined TRACON& Tower with Radar,0,21,10,0,31,0,1,11,0,12,0,22,21,0,43,10,0,10,53
12/20/2015,AGS,GA,ASO,ES,Combined TRACON& Tower with Radar,4,21,11,0,36,0,0,4,0,4,4,21,15,0,40,0,0,0,40
12/21/2015,AGS,GA,ASO,ES,Combined TRACON& Tower with Radar,6,25,28,10,69,0,0,4,0,4,6,25,32,10,73,8,0,8,81
12/22/2015,AGS,GA,ASO,ES,Combined TRACON& Tower with Radar,6,21,18,2,47,0,0,0,0,0,6,21,18,2,47,0,0,0,47
12/23/2015,AGS,GA,ASO,ES,Combined TRACON& Tower with Radar,6,18,7,0,31,0,0,1,0,1,6,18,8,0,32,0,0,0,32
12/24/2015,AGS,GA,ASO,ES,Combined TRACON& Tower with Radar,10,19,3,0,32,0,0,0,0,0,10,19,3,0,32,0,0,0,32
12/25/2015,AGS,GA,ASO,ES,Combined TRACON& Tower with Radar,4,16,0,0,20,0,0,2,0,2,4,16,2,0,22,0,0,0,22
12/26/2015,AGS,GA,ASO,ES,Combined TRACON& Tower with Radar,0,20,11,0,31,0,0,0,0,0,0,20,11,0,31,0,0,0,31
12/27/2015,AGS,GA,ASO,ES,Combined TRACON& Tower with Radar,4,22,12,0,38,0,1,0,0,1,4,23,12,0,39,0,0,0,39
12/28/2015,AGS,GA,ASO,ES,Combined TRACON& Tower with Radar,6,20,20,0,46,0,0,1,0,1,6,20,21,0,47,0,0,0,47
12/29/2015,AGS,GA,ASO,ES,Combined TRACON& Tower with Radar,6,22,24,2,54,0,0,3,0,3,6,22,27,2,57,0,0,0,57
12/30/2015,AGS,GA,ASO,ES,Combined TRACON& Tower with Radar,6,25,11,0,42,0,0,0,0,0,6,25,11,0,42,0,0,0,42
12/31/2015,AGS,GA,ASO,ES,Combined TRACON& Tower with Radar,3,18,9,0,30,0,0,0,0,0,3,18,9,0,30,0,0,0,30
01/01/2016,AGS,GA,ASO,ES,Combined TRACON& Tower with Radar,5,20,5,0,30,0,0,0,0,0,5,20,5,0,30,0,0,0,30
01/02/2016,AGS,GA,ASO,ES,Combined TRACON& Tower with Radar,2,22,13,0,37,0,0,5,0,5,2,22,18,0,42,10,0,10,52
01/03/2016,AGS,GA,ASO,ES,Combined TRACON& Tower with Radar,2,22,16,0,40,0,1,5,0,6,2,23,21,0,46,0,0,0,46
01/04/2016,AGS,GA,ASO,ES,Combined TRACON& Tower with Radar,7,17,23,2,49,0,0,8,2,10,7,17,31,4,59,0,0,0,59
01/05/2016,AGS,GA,ASO,ES,Combined TRACON& Tower with Radar,6,21,11,0,38,0,0,4,0,4,6,21,15,0,42,0,0,0,42
01/06/2016,AGS,GA,ASO,ES,Combined TRACON& Tower with Radar,5,22,19,8,54,0,1,9,2,12,5,23,28,10,66,28,4,32,98
01/07/2016,AGS,GA,ASO,ES,Combined TRACON& Tower with Radar,8,24,13,2,47,0,0,7,2,9,8,24,20,4,56,0,0,0,56
01/08/2016,AGS,GA,ASO,ES,Combined TRACON& Tower with Radar,4,23,16,0,43,0,0,0,0,0,4,23,16,0,43,0,0,0,43
01/09/2016,AGS,GA,ASO,ES,Combined TRACON& Tower with Radar,2,18,22,0,42,0,0,0,0,0,2,18,22,0,42,6,0,6,48
01/10/2016,AGS,GA,ASO,ES,Combined TRACON& Tower with Radar,5,21,7,0,33,0,0,2,0,2,5,21,9,0,35,0,0,0,35
01/11/2016,AGS,GA,ASO,ES,Combined TRACON& Tower with Radar,6,19,13,0,38,0,0,2,0,2,6,19,15,0,40,0,0,0,40
01/12/2016,AGS,GA,ASO,ES,Combined TRACON& Tower with Radar,2,21,15,5,43,0,0,5,1,6,2,21,20,6,49,0,4,4,53
01/13/2016,AGS,GA,ASO,ES,Combined TRACON& Tower with Radar,2,29,14,5,50,0,0,5,2,7,2,29,19,7,57,8,0,8,65
01/14/2016,AGS,GA,ASO,ES,Combined TRACON& Tower with Radar,2,27,21,4,54,0,0,11,0,11,2,27,32,4,65,14,0,14,79
01/15/2016,AGS,GA,ASO,ES,Combined TRACON& Tower with Radar,4,24,20,0,48,0,0,1,0,1,4,24,21,0,49,0,0,0,49
01/16/2016,AGS,GA,ASO,ES,Combined TRACON& Tower with Radar,3,18,11,0,32,0,1,4,0,5,3,19,15,0,37,0,0,0,37
01/17/2016,AGS,GA,ASO,ES,Combined TRACON& Tower with Radar,2,20,6,0,28,0,2,8,0,10,2,22,14,0,38,24,0,24,62
01/18/2016,AGS,GA,ASO,ES,Combined TRACON& Tower with Radar,4,24,12,0,40,0,0,4,0,4,4,24,16,0,44,0,0,0,44
01/19/2016,AGS,GA,ASO,ES,Combined TRACON& Tower with Radar,2,24,25,3,54,0,0,10,0,10,2,24,35,3,64,8,0,8,72
01/20/2016,AGS,GA,ASO,ES,Combined TRACON& Tower with Radar,2,26,23,5,56,0,0,4,0,4,2,26,27,5,60,17,0,17,77
01/21/2016,AGS,GA,ASO,ES,Combined TRACON& Tower with Radar,2,29,19,6,56,0,0,5,0,5,2,29,24,6,61,0,0,0,61
01/22/2016,AGS,GA,ASO,ES,Combined TRACON& Tower with Radar,1,16,11,1,29,0,0,0,0,0,1,16,11,1,29,0,0,0,29
01/23/2016,AGS,GA,ASO,ES,Combined TRACON& Tower with Radar,5,12,3,0,20,0,0,4,0,4,5,12,7,0,24,0,0,0,24
01/24/2016,AGS,GA,ASO,ES,Combined TRACON& Tower with Radar,3,22,15,0,40,0,0,9,0,9,3,22,24,0,49,0,0,0,49
01/25/2016,AGS,GA,ASO,ES,Combined TRACON& Tower with Radar,5,22,17,2,46,0,0,7,0,7,5,22,24,2,53,6,2,8,61
01/26/2016,AGS,GA,ASO,ES,Combined TRACON& Tower with Radar,2,28,27,16,73,0,0,14,0,14,2,28,41,16,87,6,16,22,109
01/27/2016,AGS,GA,ASO,ES,Combined TRACON& Tower with Radar,2,27,15,4,48,0,1,3,2,6,2,28,18,6,54,2,0,2,56
01/28/2016,AGS,GA,ASO,ES,Combined TRACON& Tower with Radar,4,24,25,2,55,0,0,0,0,0,4,24,25,2,55,2,0,2,57
01/29/2016,AGS,GA,ASO,ES,Combined TRACON& Tower with Radar,2,28,24,0,54,0,0,6,0,6,2,28,30,0,60,10,0,10,70
01/30/2016,AGS,GA,ASO,ES,Combined TRACON& Tower with Radar,4,25,0,1,30,0,0,9,0,9,4,25,9,1,39,0,0,0,39
01/31/2016,AGS,GA,ASO,ES,Combined TRACON& Tower with Radar,2,30,7,0,39,0,0,7,0,7,2,30,14,0,46,0,0,0,46
02/01/2016,AGS,GA,ASO,ES,Combined TRACON& Tower with Radar,2,28,15,0,45,0,0,7,2,9,2,28,22,2,54,18,0,18,72
02/02/2016,AGS,GA,ASO,ES,Combined TRACON& Tower with Radar,2,26,36,0,64,0,0,3,2,5,2,26,39,2,69,4,0,4,73
02/03/2016,AGS,GA,ASO,ES,Combined TRACON& Tower with Radar,4,33,14,2,53,0,0,0,0,0,4,33,14,2,53,0,0,0,53
02/04/2016,AGS,GA,ASO,ES,Combined TRACON& Tower with Radar,2,19,10,0,31,0,1,3,2,6,2,20,13,2,37,2,0,2,39
02/05/2016,AGS,GA,ASO,ES,Combined TRACON& Tower with Radar,2,22,34,5,63,0,0,11,2,13,2,22,45,7,76,4,0,4,80
02/06/2016,AGS,GA,ASO,ES,Combined TRACON& Tower with Radar,2,21,11,2,36,0,0,3,0,3,2,21,14,2,39,34,0,34,73
02/07/2016,AGS,GA,ASO,ES,Combined TRACON& Tower with Radar,2,16,8,0,26,0,0,1,0,1,2,16,9,0,27,4,0,4,31
02/08/2016,AGS,GA,ASO,ES,Combined TRACON& Tower with Radar,5,19,10,6,40,0,0,4,0,4,5,19,14,6,44,8,0,8,52
02/09/2016,AGS,GA,ASO,ES,Combined TRACON& Tower with Radar,3,23,10,5,41,0,0,2,2,4,3,23,12,7,45,2,2,4,49
02/10/2016,AGS,GA,ASO,ES,Combined TRACON& Tower with Radar,2,25,12,2,41,0,0,4,3,7,2,25,16,5,48,6,0,6,54
02/11/2016,AGS,GA,ASO,ES,Combined TRACON& Tower with Radar,2,21,19,0,42,0,0,5,0,5,2,21,24,0,47,0,0,0,47
02/12/2016,AGS,GA,ASO,ES,Combined TRACON& Tower with Radar,4,19,12,0,35,0,0,8,6,14,4,19,20,6,49,8,0,8,57
02/13/2016,AGS,GA,ASO,ES,Combined TRACON& Tower with Radar,4,16,11,4,35,0,0,6,2,8,4,16,17,6,43,0,22,22,65
02/14/2016,AGS,GA,ASO,ES,Combined TRACON& Tower with Radar,4,20,8,0,32,0,0,4,0,4,4,20,12,0,36,0,0,0,36
02/15/2016,AGS,GA,ASO,ES,Combined TRACON& Tower with Radar,9,14,20,0,43,0,0,3,0,3,9,14,23,0,46,2,0,2,48
02/16/2016,AGS,GA,ASO,ES,Combined TRACON& Tower with Radar,5,21,18,13,57,0,0,9,1,10,5,21,27,14,67,2,12,14,81
02/17/2016,AGS,GA,ASO,ES,Combined TRACON& Tower with Radar,10,30,15,3,58,0,0,13,5,18,10,30,28,8,76,4,0,4,80
02/18/2016,AGS,GA,ASO,ES,Combined TRACON& Tower with Radar,6,35,17,6,64,0,0,13,1,14,6,35,30,7,78,20,2,22,100
02/19/2016,AGS,GA,ASO,ES,Combined TRACON& Tower with Radar,10,28,24,2,64,0,0,6,2,8,10,28,30,4,72,12,0,12,84
02/20/2016,AGS,GA,ASO,ES,Combined TRACON& Tower with Radar,7,23,10,0,40,0,0,6,0,6,7,23,16,0,46,14,0,14,60
02/21/2016,AGS,GA,ASO,ES,Combined TRACON& Tower with Radar,9,20,18,0,47,0,0,4,0,4,9,20,22,0,51,0,0,0,51
02/22/2016,AGS,GA,ASO,ES,Combined TRACON& Tower with Radar,6,16,10,2,34,0,0,0,3,3,6,16,10,5,37,2,0,2,39
02/23/2016,AGS,GA,ASO,ES,Combined TRACON& Tower with Radar,5,21,22,3,51,0,1,2,0,3,5,22,24,3,54,0,0,0,54
02/24/2016,AGS,GA,ASO,ES,Combined TRACON& Tower with Radar,7,16,18,1,42,0,0,0,0,0,7,16,18,1,42,0,0,0,42
02/25/2016,AGS,GA,ASO,ES,Combined TRACON& Tower with Radar,4,24,17,5,50,0,0,3,0,3,4,24,20,5,53,0,0,0,53
02/26/2016,AGS,GA,ASO,ES,Combined TRACON& Tower with Radar,4,20,30,0,54,0,0,6,0,6,4,20,36,0,60,2,0,2,62
02/27/2016,AGS,GA,ASO,ES,Combined TRACON& Tower with Radar,8,18,13,0,39,0,4,16,2,22,8,22,29,2,61,2,0,2,63
02/28/2016,AGS,GA,ASO,ES,Combined TRACON& Tower with Radar,5,24,20,4,53,0,2,10,0,12,5,26,30,4,65,2,0,2,67
02/29/2016,AGS,GA,ASO,ES,Combined TRACON& Tower with Radar,8,21,18,4,51,0,0,9,3,12,8,21,27,7,63,0,0,0,63
03/01/2016,AGS,GA,ASO,ES,Combined TRACON& Tower with Radar,8,22,15,0,45,0,0,5,2,7,8,22,20,2,52,0,0,0,52
03/02/2016,AGS,GA,ASO,ES,Combined TRACON& Tower with Radar,8,30,19,4,61,0,2,5,7,14,8,32,24,11,75,15,6,21,96
03/03/2016,AGS,GA,ASO,ES,Combined TRACON& Tower with Radar,7,27,23,0,57,0,0,4,2,6,7,27,27,2,63,0,0,0,63
03/04/2016,AGS,GA,ASO,ES,Combined TRACON& Tower with Radar,9,27,37,2,75,0,0,6,2,8,9,27,43,4,83,4,0,4,87
03/05/2016,AGS,GA,ASO,ES,Combined TRACON& Tower with Radar,6,19,13,2,40,0,0,12,0,12,6,19,25,2,52,28,0,28,80
03/06/2016,AGS,GA,ASO,ES,Combined TRACON& Tower with Radar,8,47,23,2,80,0,10,10,0,20,8,57,33,2,100,24,0,24,124
03/07/2016,AGS,GA,ASO,ES,Combined TRACON& Tower with Radar,8,32,28,3,71,0,1,10,2,13,8,33,38,5,84,18,2,20,104
03/08/2016,AGS,GA,ASO,ES,Combined TRACON& Tower with Radar,9,32,30,2,73,0,2,11,0,13,9,34,41,2,86,6,0,6,92
03/09/2016,AGS,GA,ASO,ES,Combined TRACON& Tower with Radar,7,36,24,4,71,0,0,8,0,8,7,36,32,4,79,0,0,0,79
03/10/2016,AGS,GA,ASO,ES,Combined TRACON& Tower with Radar,7,29,29,4,69,0,0,8,2,10,7,29,37,6,79,2,4,6,85
03/11/2016,AGS,GA,ASO,ES,Combined TRACON& Tower with Radar,7,29,30,2,68,0,2,8,4,14,7,31,38,6,82,6,6,12,94
03/12/2016,AGS,GA,ASO,ES,Combined TRACON& Tower with Radar,5,25,26,0,56,0,0,8,0,8,5,25,34,0,64,12,0,12,76
03/13/2016,AGS,GA,ASO,ES,Combined TRACON& Tower with Radar,8,24,21,0,53,0,0,1,0,1,8,24,22,0,54,2,0,2,56
03/14/2016,AGS,GA,ASO,ES,Combined TRACON& Tower with Radar,6,26,15,7,54,0,2,2,4,8,6,28,17,11,62,0,0,0,62
03/15/2016,AGS,GA,ASO,ES,Combined TRACON& Tower with Radar,7,28,26,4,65,0,2,3,1,6,7,30,29,5,71,2,0,2,73
03/16/2016,AGS,GA,ASO,ES,Combined TRACON& Tower with Radar,7,33,36,6,82,0,0,4,0,4,7,33,40,6,86,20,0,20,106
03/17/2016,AGS,GA,ASO,ES,Combined TRACON& Tower with Radar,7,46,52,2,107,0,0,16,5,21,7,46,68,7,128,2,0,2,130
03/18/2016,AGS,GA,ASO,ES,Combined TRACON& Tower with Radar,7,35,43,2,87,0,0,10,2,12,7,35,53,4,99,5,0,5,104
03/19/2016,AGS,GA,ASO,ES,Combined TRACON& Tower with Radar,5,35,18,0,58,0,0,2,0,2,5,35,20,0,60,6,0,6,66
03/20/2016,AGS,GA,ASO,ES,Combined TRACON& Tower with Radar,9,25,25,12,71,0,0,5,0,5,9,25,30,12,76,2,12,14,90
03/21/2016,AGS,GA,ASO,ES,Combined TRACON& Tower with Radar,7,33,19,4,63,0,0,7,2,9,7,33,26,6,72,3,0,3,75
03/22/2016,AGS,GA,ASO,ES,Combined TRACON& Tower with Radar,7,25,29,2,63,0,1,13,5,19,7,26,42,7,82,14,0,14,96
03/23/2016,AGS,GA,ASO,ES,Combined TRACON& Tower with Radar,6,46,35,3,90,0,2,7,1,10,6,48,42,4,100,4,0,4,104
03/24/2016,AGS,GA,ASO,ES,Combined TRACON& Tower with Radar,11,43,36,3,93,0,0,2,0,2,11,43,38,3,95,11,10,21,116
03/25/2016,AGS,GA,ASO,ES,Combined TRACON& Tower with Radar,7,26,27,6,66,0,0,0,0,0,7,26,27,6,66,0,0,0,66
03/26/2016,AGS,GA,ASO,ES,Combined TRACON& Tower with Radar,4,21,12,1,38,0,0,0,0,0,4,21,12,1,38,0,0,0,38
03/27/2016,AGS,GA,ASO,ES,Combined TRACON& Tower with Radar,7,27,8,0,42,0,0,2,0,2,7,27,10,0,44,0,0,0,44
03/28/2016,AGS,GA,ASO,ES,Combined TRACON& Tower with Radar,7,33,26,0,66,0,3,4,4,11,7,36,30,4,77,10,2,12,89
03/29/2016,AGS,GA,ASO,ES,Combined TRACON& Tower with Radar,7,39,25,2,73,0,1,14,1,16,7,40,39,3,89,12,6,18,107
03/30/2016,AGS,GA,ASO,ES,Combined TRACON& Tower with Radar,7,37,27,4,75,0,0,11,0,11,7,37,38,4,86,16,0,16,102
03/31/2016,AGS,GA,ASO,ES,Combined TRACON& Tower with Radar,7,29,30,0,66,0,0,4,6,10,7,29,34,6,76,0,0,0,76
04/01/2016,AGS,GA,ASO,ES,Combined TRACON& Tower with Radar,11,28,16,0,55,0,0,0,0,0,11,28,16,0,55,0,0,0,55
04/02/2016,AGS,GA,ASO,ES,Combined TRACON& Tower with Radar,12,29,19,11,71,0,5,1,2,8,12,34,20,13,79,2,0,2,81
04/03/2016,AGS,GA,ASO,ES,Combined TRACON& Tower with Radar,29,54,59,0,142,0,0,4,0,4,29,54,63,0,146,0,0,0,146
04/04/2016,AGS,GA,ASO,ES,Combined TRACON& Tower with Radar,39,70,95,0,204,0,5,10,1,16,39,75,105,1,220,0,0,0,220
04/05/2016,AGS,GA,ASO,ES,Combined TRACON& Tower with Radar,44,94,177,0,315,0,1,7,0,8,44,95,184,0,323,0,0,0,323
04/06/2016,AGS,GA,ASO,ES,Combined TRACON& Tower with Radar,45,164,245,0,454,0,2,16,0,18,45,166,261,0,472,0,0,0,472
04/07/2016,AGS,GA,ASO,ES,Combined TRACON& Tower with Radar,46,115,208,2,371,0,4,6,2,12,46,119,214,4,383,0,0,0,383
04/08/2016,AGS,GA,ASO,ES,Combined TRACON& Tower with Radar,38,196,239,0,473,0,0,9,0,9,38,196,248,0,482,0,0,0,482
04/09/2016,AGS,GA,ASO,ES,Combined TRACON& Tower with Radar,31,101,147,0,279,0,1,1,0,2,31,102,148,0,281,0,0,0,281
04/10/2016,AGS,GA,ASO,ES,Combined TRACON& Tower with Radar,52,182,236,0,470,0,1,7,0,8,52,183,243,0,478,0,0,0,478
04/11/2016,AGS,GA,ASO,ES,Combined TRACON& Tower with Radar,47,70,71,0,188,0,0,4,0,4,47,70,75,0,192,0,0,0,192
04/12/2016,AGS,GA,ASO,ES,Combined TRACON& Tower with Radar,10,19,11,4,44,0,0,2,0,2,10,19,13,4,46,10,4,14,60
04/13/2016,AGS,GA,ASO,ES,Combined TRACON& Tower with Radar,9,20,21,2,52,0,0,8,0,8,9,20,29,2,60,4,0,4,64
04/14/2016,AGS,GA,ASO,ES,Combined TRACON& Tower with Radar,9,16,15,4,44,0,0,4,0,4,9,16,19,4,48,2,0,2,50
04/15/2016,AGS,GA,ASO,ES,Combined TRACON& Tower with Radar,10,19,7,8,44,0,0,4,0,4,10,19,11,8,48,0,0,0,48
04/16/2016,AGS,GA,ASO,ES,Combined TRACON& Tower with Radar,5,22,3,9,39,0,0,12,1,13,5,22,15,10,52,2,10,12,64
04/17/2016,AGS,GA,ASO,ES,Combined TRACON& Tower with Radar,9,29,17,0,55,0,0,9,0,9,9,29,26,0,64,4,0,4,68
04/18/2016,AGS,GA,ASO,ES,Combined TRACON& Tower with Radar,10,26,20,2,58,0,4,4,3,11,10,30,24,5,69,14,0,14,83
04/19/2016,AGS,GA,ASO,ES,Combined TRACON& Tower with Radar,9,38,51,8,106,0,0,15,0,15,9,38,66,8,121,26,0,26,147
04/20/2016,AGS,GA,ASO,ES,Combined TRACON& Tower with Radar,9,32,35,1,77,0,0,13,0,13,9,32,48,1,90,0,0,0,90
04/21/2016,AGS,GA,ASO,ES,Combined TRACON& Tower with Radar,9,47,28,1,85,0,1,8,1,10,9,48,36,2,95,3,0,3,98
04/22/2016,AGS,GA,ASO,ES,Combined TRACON& Tower with Radar,10,26,22,0,58,0,0,2,0,2,10,26,24,0,60,2,0,2,62
04/23/2016,AGS,GA,ASO,ES,Combined TRACON& Tower with Radar,6,28,9,0,43,0,0,8,0,8,6,28,17,0,51,4,0,4,55
04/24/2016,AGS,GA,ASO,ES,Combined TRACON& Tower with Radar,10,29,20,6,65,0,0,10,2,12,10,29,30,8,77,2,0,2,79
04/25/2016,AGS,GA,ASO,ES,Combined TRACON& Tower with Radar,10,28,43,16,97,0,1,4,0,5,10,29,47,16,102,16,24,40,142
04/26/2016,AGS,GA,ASO,ES,Combined TRACON& Tower with Radar,9,41,43,2,95,0,3,2,0,5,9,44,45,2,100,16,0,16,116
04/27/2016,AGS,GA,ASO,ES,Combined TRACON& Tower with Radar,9,47,27,0,83,0,0,13,0,13,9,47,40,0,96,20,0,20,116
04/28/2016,AGS,GA,ASO,ES,Combined TRACON& Tower with Radar,9,36,32,0,77,0,0,8,0,8,9,36,40,0,85,2,0,2,87
04/29/2016,AGS,GA,ASO,ES,Combined TRACON& Tower with Radar,9,23,19,2,53,0,2,2,1,5,9,25,21,3,58,10,0,10,68
04/30/2016,AGS,GA,ASO,ES,Combined TRACON& Tower with Radar,10,31,31,0,72,0,1,6,1,8,10,32,37,1,80,4,0,4,84
05/01/2016,AGS,GA,ASO,ES,Combined TRACON& Tower with Radar,8,31,9,0,48,0,0,4,0,4,8,31,13,0,52,0,0,0,52
05/02/2016,AGS,GA,ASO,ES,Combined TRACON& Tower with Radar,8,27,22,0,57,0,0,5,0,5,8,27,27,0,62,6,0,6,68
05/03/2016,AGS,GA,ASO,ES,Combined TRACON& Tower with Radar,8,35,20,0,63,0,0,3,0,3,8,35,23,0,66,0,0,0,66
05/04/2016,AGS,GA,ASO,ES,Combined TRACON& Tower with Radar,8,35,25,0,68,0,0,11,0,11,8,35,36,0,79,5,0,5,84
05/05/2016,AGS,GA,ASO,ES,Combined TRACON& Tower with Radar,8,38,18,0,64,0,0,4,1,5,8,38,22,1,69,0,0,0,69
05/06/2016,AGS,GA,ASO,ES,Combined TRACON& Tower with Radar,8,32,17,0,57,0,1,8,1,10,8,33,25,1,67,6,0,6,73
05/07/2016,AGS,GA,ASO,ES,Combined TRACON& Tower with Radar,6,18,9,4,37,0,0,19,0,19,6,18,28,4,56,20,2,22,78
05/08/2016,AGS,GA,ASO,ES,Combined TRACON& Tower with Radar,6,27,15,3,51,0,1,1,2,4,6,28,16,5,55,0,0,0,55
05/09/2016,AGS,GA,ASO,ES,Combined TRACON& Tower with Radar,10,33,23,5,71,0,1,5,1,7,10,34,28,6,78,0,4,4,82
05/10/2016,AGS,GA,ASO,ES,Combined TRACON& Tower with Radar,8,49,45,8,110,0,2,10,0,12,8,51,55,8,122,39,2,41,163
05/11/2016,AGS,GA,ASO,ES,Combined TRACON& Tower with Radar,8,35,31,4,78,0,2,15,1,18,8,37,46,5,96,12,5,17,113
05/12/2016,AGS,GA,ASO,ES,Combined TRACON& Tower with Radar,10,35,37,2,84,0,0,5,0,5,10,35,42,2,89,12,0,12,101
05/13/2016,AGS,GA,ASO,ES,Combined TRACON& Tower with Radar,8,32,31,12,83,0,0,10,6,16,8,32,41,18,99,4,11,15,114
05/14/2016,AGS,GA,ASO,ES,Combined TRACON& Tower with Radar,6,25,14,0,45,0,0,7,0,7,6,25,21,0,52,6,4,10,62
05/15/2016,AGS,GA,ASO,ES,Combined TRACON& Tower with Radar,6,23,20,6,55,0,0,8,0,8,6,23,28,6,63,4,4,8,71
05/16/2016,AGS,GA,ASO,ES,Combined TRACON& Tower with Radar,8,17,14,9,48,0,0,6,0,6,8,17,20,9,54,0,6,6,60
05/17/2016,AGS,GA,ASO,ES,Combined TRACON& Tower with Radar,8,18,17,3,46,0,0,0,0,0,8,18,17,3,46,0,2,2,48
05/18/2016,AGS,GA,ASO,ES,Combined TRACON& Tower with Radar,8,23,24,3,58,0,0,6,0,6,8,23,30,3,64,0,0,0,64
05/19/2016,AGS,GA,ASO,ES,Combined TRACON& Tower with Radar,8,23,26,6,63,0,0,0,1,1,8,23,26,7,64,0,0,0,64
05/20/2016,AGS,GA,ASO,ES,Combined TRACON& Tower with Radar,8,18,20,1,47,0,0,0,0,0,8,18,20,1,47,0,0,0,47
05/21/2016,AGS,GA,ASO,ES,Combined TRACON& Tower with Radar,8,20,11,0,39,0,2,4,0,6,8,22,15,0,45,8,0,8,53
05/22/2016,AGS,GA,ASO,ES,Combined TRACON& Tower with Radar,6,19,13,1,39,0,0,12,1,13,6,19,25,2,52,14,0,14,66
05/23/2016,AGS,GA,ASO,ES,Combined TRACON& Tower with Radar,8,19,12,14,53,0,0,7,10,17,8,19,19,24,70,28,26,54,124
05/24/2016,AGS,GA,ASO,ES,Combined TRACON& Tower with Radar,8,32,11,2,53,0,1,19,0,20,8,33,30,2,73,8,0,8,81
05/25/2016,AGS,GA,ASO,ES,Combined TRACON& Tower with Radar,10,27,30,6,73,0,0,3,3,6,10,27,33,9,79,20,1,21,100
05/26/2016,AGS,GA,ASO,ES,Combined TRACON& Tower with Radar,8,24,14,0,46,0,0,9,0,9,8,24,23,0,55,6,0,6,61
05/27/2016,AGS,GA,ASO,ES,Combined TRACON& Tower with Radar,8,21,9,0,38,0,0,10,0,10,8,21,19,0,48,6,0,6,54
05/28/2016,AGS,GA,ASO,ES,Combined TRACON& Tower with Radar,6,18,6,0,30,0,0,8,0,8,6,18,14,0,38,6,0,6,44
05/29/2016,AGS,GA,ASO,ES,Combined TRACON& Tower with Radar,4,16,0,0,20,0,0,1,0,1,4,16,1,0,21,0,0,0,21
05/30/2016,AGS,GA,ASO,ES,Combined TRACON& Tower with Radar,6,26,9,0,41,0,2,3,0,5,6,28,12,0,46,3,0,3,49
05/31/2016,AGS,GA,ASO,ES,Combined TRACON& Tower with Radar,10,27,12,7,56,0,1,7,1,9,10,28,19,8,65,8,6,14,79
06/01/2016,AGS,GA,ASO,ES,Combined TRACON& Tower with Radar,8,20,9,7,44,0,1,8,1,10,8,21,17,8,54,2,4,6,60
06/02/2016,AGS,GA,ASO,ES,Combined TRACON& Tower with Radar,8,20,28,3,59,0,0,15,1,16,8,20,43,4,75,20,12,32,107
06/03/2016,AGS,GA,ASO,ES,Combined TRACON& Tower with Radar,6,19,7,0,32,0,1,9,6,16,6,20,16,6,48,10,0,10,58
06/04/2016,AGS,GA,ASO,ES,Combined TRACON& Tower with Radar,7,22,9,2,40,0,0,5,5,10,7,22,14,7,50,18,12,30,80
06/05/2016,AGS,GA,ASO,ES,Combined TRACON& Tower with Radar,9,14,9,6,38,0,0,4,0,4,9,14,13,6,42,4,0,4,46
06/06/2016,AGS,GA,ASO,ES,Combined TRACON& Tower with Radar,8,19,12,0,39,0,0,0,0,0,8,19,12,0,39,0,0,0,39
06/07/2016,AGS,GA,ASO,ES,Combined TRACON& Tower with Radar,8,27,21,0,56,0,0,9,0,9,8,27,30,0,65,0,0,0,65
06/08/2016,AGS,GA,ASO,ES,Combined TRACON& Tower with Radar,9,26,18,0,53,0,0,18,5,23,9,26,36,5,76,32,0,32,108
06/09/2016,AGS,GA,ASO,ES,Combined TRACON& Tower with Radar,7,23,6,0,36,0,2,12,1,15,7,25,18,1,51,8,0,8,59
06/10/2016,AGS,GA,ASO,ES,Combined TRACON& Tower with Radar,7,21,12,4,44,0,0,8,4,12,7,21,20,8,56,4,2,6,62
06/11/2016,AGS,GA,ASO,ES,Combined TRACON& Tower with Radar,4,22,0,0,26,0,2,4,2,8,4,24,4,2,34,12,0,12,46
06/12/2016,AGS,GA,ASO,ES,Combined TRACON& Tower with Radar,7,15,6,0,28,0,0,5,2,7,7,15,11,2,35,20,0,20,55
06/13/2016,AGS,GA,ASO,ES,Combined TRACON& Tower with Radar,8,18,18,2,46,0,2,6,2,10,8,20,24,4,56,4,12,16,72
06/14/2016,AGS,GA,ASO,ES,Combined TRACON& Tower with Radar,12,24,14,1,51,0,2,1,3,6,12,26,15,4,57,0,0,0,57
06/15/2016,AGS,GA,ASO,ES,Combined TRACON& Tower with Radar,7,25,14,9,55,0,1,7,0,8,7,26,21,9,63,6,6,12,75
06/16/2016,AGS,GA,ASO,ES,Combined TRACON& Tower with Radar,7,20,11,0,38,0,0,2,1,3,7,20,13,1,41,0,0,0,41
06/17/2016,AGS,GA,ASO,ES,Combined TRACON& Tower with Radar,10,25,10,0,45,0,4,3,0,7,10,29,13,0,52,7,0,7,59
06/18/2016,AGS,GA,ASO,ES,Combined TRACON& Tower with Radar,4,25,6,0,35,0,0,3,0,3,4,25,9,0,38,4,0,4,42
06/19/2016,AGS,GA,ASO,ES,Combined TRACON& Tower with Radar,7,16,6,10,39,0,0,3,0,3,7,16,9,10,42,0,5,5,47
06/20/2016,AGS,GA,ASO,ES,Combined TRACON& Tower with Radar,7,19,19,1,46,0,0,5,2,7,7,19,24,3,53,1,0,1,54
06/21/2016,AGS,GA,ASO,ES,Combined TRACON& Tower with Radar,7,30,16,1,54,0,5,10,3,18,7,35,26,4,72,29,2,31,103
06/22/2016,AGS,GA,ASO,ES,Combined TRACON& Tower with Radar,7,22,20,3,52,0,2,12,2,16,7,24,32,5,68,32,0,32,100
06/23/2016,AGS,GA,ASO,ES,Combined TRACON& Tower with Radar,9,22,15,5,51,0,0,17,5,22,9,22,32,10,73,25,0,25,98
06/24/2016,AGS,GA,ASO,ES,Combined TRACON& Tower with Radar,7,15,12,7,41,0,0,5,2,7,7,15,17,9,48,6,2,8,56
06/25/2016,AGS,GA,ASO,ES,Combined TRACON& Tower with Radar,4,18,2,0,24,0,0,8,0,8,4,18,10,0,32,0,0,0,32
06/26/2016,AGS,GA,ASO,ES,Combined TRACON& Tower with Radar,8,16,11,0,35,0,0,15,0,15,8,16,26,0,50,0,0,0,50
06/27/2016,AGS,GA,ASO,ES,Combined TRACON& Tower with Radar,9,22,7,10,48,0,0,4,0,4,9,22,11,10,52,12,22,34,86
06/28/2016,AGS,GA,ASO,ES,Combined TRACON& Tower with Radar,7,20,19,0,46,0,0,4,0,4,7,20,23,0,50,0,0,0,50
06/29/2016,AGS,GA,ASO,ES,Combined TRACON& Tower with Radar,7,24,14,1,46,0,0,6,0,6,7,24,20,1,52,22,0,22,74
06/30/2016,AGS,GA,ASO,ES,Combined TRACON& Tower with Radar,7,22,17,0,46,0,0,4,0,4,7,22,21,0,50,0,0,0,50
07/01/2016,AGS,GA,ASO,ES,Combined TRACON& Tower with Radar,6,23,15,0,44,0,0,4,0,4,6,23,19,0,48,0,0,0,48
07/02/2016,AGS,GA,ASO,ES,Combined TRACON& Tower with Radar,8,17,9,0,34,0,0,4,0,4,8,17,13,0,38,0,0,0,38
07/03/2016,AGS,GA,ASO,ES,Combined TRACON& Tower with Radar,9,11,6,0,26,0,0,5,0,5,9,11,11,0,31,0,0,0,31
07/04/2016,AGS,GA,ASO,ES,Combined TRACON& Tower with Radar,11,15,5,0,31,0,1,9,0,10,11,16,14,0,41,3,0,3,44
07/05/2016,AGS,GA,ASO,ES,Combined TRACON& Tower with Radar,17,27,8,2,54,0,0,5,1,6,17,27,13,3,60,0,8,8,68
07/06/2016,AGS,GA,ASO,ES,Combined TRACON& Tower with Radar,7,30,36,5,78,0,2,5,1,8,7,32,41,6,86,4,27,31,117
07/07/2016,AGS,GA,ASO,ES,Combined TRACON& Tower with Radar,8,34,36,10,88,0,0,5,6,11,8,34,41,16,99,26,24,50,149
07/08/2016,AGS,GA,ASO,ES,Combined TRACON& Tower with Radar,7,38,39,2,86,0,3,3,0,6,7,41,42,2,92,4,0,4,96
07/09/2016,AGS,GA,ASO,ES,Combined TRACON& Tower with Radar,5,32,33,0,70,0,1,8,1,10,5,33,41,1,80,6,0,6,86
07/10/2016,AGS,GA,ASO,ES,Combined TRACON& Tower with Radar,6,21,19,0,46,0,0,3,0,3,6,21,22,0,49,2,0,2,51
07/11/2016,AGS,GA,ASO,ES,Combined TRACON& Tower with Radar,10,23,14,10,57,0,0,8,1,9,10,23,22,11,66,26,10,36,102
07/12/2016,AGS,GA,ASO,ES,Combined TRACON& Tower with Radar,7,18,9,1,35,0,4,15,1,20,7,22,24,2,55,10,0,10,65
07/13/2016,AGS,GA,ASO,ES,Combined TRACON& Tower with Radar,7,27,9,2,45,0,0,1,0,1,7,27,10,2,46,2,0,2,48
07/14/2016,AGS,GA,ASO,ES,Combined TRACON& Tower with Radar,9,24,24,0,57,0,2,8,4,14,9,26,32,4,71,20,0,20,91
07/15/2016,AGS,GA,ASO,ES,Combined TRACON& Tower with Radar,7,19,20,6,52,0,1,2,0,3,7,20,22,6,55,0,0,0,55
07/16/2016,AGS,GA,ASO,ES,Combined TRACON& Tower with Radar,5,15,8,1,29,0,0,3,0,3,5,15,11,1,32,6,0,6,38
07/17/2016,AGS,GA,ASO,ES,Combined TRACON& Tower with Radar,3,19,17,0,39,0,0,7,1,8,3,19,24,1,47,24,0,24,71
07/18/2016,AGS,GA,ASO,ES,Combined TRACON& Tower with Radar,5,24,12,5,46,0,0,2,0,2,5,24,14,5,48,10,0,10,58
07/19/2016,AGS,GA,ASO,ES,Combined TRACON& Tower with Radar,11,25,18,3,57,0,1,4,0,5,11,26,22,3,62,5,0,5,67
07/20/2016,AGS,GA,ASO,ES,Combined TRACON& Tower with Radar,5,20,21,5,51,0,0,8,1,9,5,20,29,6,60,12,16,28,88
07/21/2016,AGS,GA,ASO,ES,Combined TRACON& Tower with Radar,10,14,15,4,43,0,0,6,1,7,10,14,21,5,50,14,6,20,70
07/22/2016,AGS,GA,ASO,ES,Combined TRACON& Tower with Radar,7,18,10,8,43,0,0,3,0,3,7,18,13,8,46,0,4,4,50
07/23/2016,AGS,GA,ASO,ES,Combined TRACON& Tower with Radar,5,15,27,0,47,0,0,11,0,11,5,15,38,0,58,18,0,18,76
07/24/2016,AGS,GA,ASO,ES,Combined TRACON& Tower with Radar,8,13,13,3,37,0,0,3,1,4,8,13,16,4,41,0,0,0,41
07/25/2016,AGS,GA,ASO,ES,Combined TRACON& Tower with Radar,8,21,21,5,55,0,0,3,1,4,8,21,24,6,59,10,0,10,69
07/26/2016,AGS,GA,ASO,ES,Combined TRACON& Tower with Radar,7,27,17,4,55,0,0,7,0,7,7,27,24,4,62,28,2,30,92
07/27/2016,AGS,GA,ASO,ES,Combined TRACON& Tower with Radar,7,22,15,2,46,0,2,9,0,11,7,24,24,2,57,6,0,6,63
07/28/2016,AGS,GA,ASO,ES,Combined TRACON& Tower with Radar,7,25,24,6,62,0,0,7,0,7,7,25,31,6,69,2,0,2,71
07/29/2016,AGS,GA,ASO,ES,Combined TRACON& Tower with Radar,6,21,32,7,66,0,0,6,2,8,6,21,38,9,74,30,2,32,106
07/30/2016,AGS,GA,ASO,ES,Combined TRACON& Tower with Radar,9,12,6,0,27,0,0,5,0,5,9,12,11,0,32,2,0,2,34
07/31/2016,AGS,GA,ASO,ES,Combined TRACON& Tower with Radar,10,15,3,0,28,0,0,7,0,7,10,15,10,0,35,12,0,12,47
08/01/2016,AGS,GA,ASO,ES,Combined TRACON& Tower with Radar,9,29,11,0,49,0,0,3,0,3,9,29,14,0,52,2,0,2,54
08/02/2016,AGS,GA,ASO,ES,Combined TRACON& Tower with Radar,6,18,17,0,41,0,0,3,1,4,6,18,20,1,45,8,6,14,59
08/03/2016,AGS,GA,ASO,ES,Combined TRACON& Tower with Radar,9,24,15,0,48,0,0,8,3,11,9,24,23,3,59,20,0,20,79
08/04/2016,AGS,GA,ASO,ES,Combined TRACON& Tower with Radar,7,21,7,2,37,0,0,0,0,0,7,21,7,2,37,0,0,0,37
08/05/2016,AGS,GA,ASO,ES,Combined TRACON& Tower with Radar,7,29,24,0,60,0,0,4,0,4,7,29,28,0,64,28,0,28,92
08/06/2016,AGS,GA,ASO,ES,Combined TRACON& Tower with Radar,5,15,3,4,27,0,0,10,0,10,5,15,13,4,37,10,0,10,47
08/07/2016,AGS,GA,ASO,ES,Combined TRACON& Tower with Radar,6,16,10,2,34,0,0,2,0,2,6,16,12,2,36,4,0,4,40
08/08/2016,AGS,GA,ASO,ES,Combined TRACON& Tower with Radar,9,22,20,4,55,0,0,5,10,15,9,22,25,14,70,1,0,1,71
08/09/2016,AGS,GA,ASO,ES,Combined TRACON& Tower with Radar,7,17,8,0,32,0,0,3,0,3,7,17,11,0,35,2,0,2,37
08/10/2016,AGS,GA,ASO,ES,Combined TRACON& Tower with Radar,8,19,12,10,49,0,0,3,1,4,8,19,15,11,53,4,2,6,59
08/11/2016,AGS,GA,ASO,ES,Combined TRACON& Tower with Radar,9,23,23,0,55,0,0,0,0,0,9,23,23,0,55,0,0,0,55
08/12/2016,AGS,GA,ASO,ES,Combined TRACON& Tower with Radar,7,21,17,3,48,0,2,5,1,8,7,23,22,4,56,6,0,6,62
08/13/2016,AGS,GA,ASO,ES,Combined TRACON& Tower with Radar,7,18,12,2,39,0,0,4,0,4,7,18,16,2,43,6,0,6,49
08/14/2016,AGS,GA,ASO,ES,Combined TRACON& Tower with Radar,6,14,8,13,41,0,0,8,5,13,6,14,16,18,54,11,10,21,75
08/15/2016,AGS,GA,ASO,ES,Combined TRACON& Tower with Radar,6,24,19,5,54,0,2,13,7,22,6,26,32,12,76,7,0,7,83
08/16/2016,AGS,GA,ASO,ES,Combined TRACON& Tower with Radar,9,23,30,4,66,0,0,13,0,13,9,23,43,4,79,24,0,24,103
08/17/2016,AGS,GA,ASO,ES,Combined TRACON& Tower with Radar,7,21,17,0,45,0,0,2,0,2,7,21,19,0,47,2,0,2,49
08/18/2016,AGS,GA,ASO,ES,Combined TRACON& Tower with Radar,7,26,26,4,63,0,0,6,0,6,7,26,32,4,69,0,0,0,69
08/19/2016,AGS,GA,ASO,ES,Combined TRACON& Tower with Radar,7,24,17,12,60,0,0,7,0,7,7,24,24,12,67,10,14,24,91
08/20/2016,AGS,GA,ASO,ES,Combined TRACON& Tower with Radar,6,15,6,0,27,0,0,4,0,4,6,15,10,0,31,18,0,18,49
08/21/2016,AGS,GA,ASO,ES,Combined TRACON& Tower with Radar,6,26,9,0,41,0,0,6,0,6,6,26,15,0,47,0,0,0,47
08/22/2016,AGS,GA,ASO,ES,Combined TRACON& Tower with Radar,7,25,29,1,62,0,0,5,3,8,7,25,34,4,70,18,0,18,88
08/23/2016,AGS,GA,ASO,ES,Combined TRACON& Tower with Radar,10,18,15,5,48,0,2,5,0,7,10,20,20,5,55,28,0,28,83
08/24/2016,AGS,GA,ASO,ES,Combined TRACON& Tower with Radar,11,19,21,13,64,0,2,11,2,15,11,21,32,15,79,4,10,14,93
08/25/2016,AGS,GA,ASO,ES,Combined TRACON& Tower with Radar,11,19,14,25,69,0,2,7,1,10,11,21,21,26,79,12,0,12,91
08/26/2016,AGS,GA,ASO,ES,Combined TRACON& Tower with Radar,10,16,10,6,42,0,0,3,2,5,10,16,13,8,47,2,0,2,49
08/27/2016,AGS,GA,ASO,ES,Combined TRACON& Tower with Radar,6,18,4,5,33,0,0,10,0,10,6,18,14,5,43,24,0,24,67
08/28/2016,AGS,GA,ASO,ES,Combined TRACON& Tower with Radar,11,19,9,2,41,0,0,8,0,8,11,19,17,2,49,14,0,14,63
08/29/2016,AGS,GA,ASO,ES,Combined TRACON& Tower with Radar,12,20,14,10,56,0,0,5,1,6,12,20,19,11,62,14,2,16,78
08/30/2016,AGS,GA,ASO,ES,Combined TRACON& Tower with Radar,13,23,19,9,64,0,0,9,4,13,13,23,28,13,77,6,1,7,84
08/31/2016,AGS,GA,ASO,ES,Combined TRACON& Tower with Radar,14,21,15,4,54,0,0,3,4,7,14,21,18,8,61,10,0,10,71
09/01/2016,AGS,GA,ASO,ES,Combined TRACON& Tower with Radar,19,15,8,8,50,0,0,2,4,6,19,15,10,12,56,0,14,14,70
09/02/2016,AGS,GA,ASO,ES,Combined TRACON& Tower with Radar,7,11,3,0,21,0,0,0,0,0,7,11,3,0,21,0,0,0,21
09/03/2016,AGS,GA,ASO,ES,Combined TRACON& Tower with Radar,8,15,1,0,24,0,0,2,0,2,8,15,3,0,26,22,0,22,48
09/04/2016,AGS,GA,ASO,ES,Combined TRACON& Tower with Radar,9,12,11,0,32,0,0,3,0,3,9,12,14,0,35,0,0,0,35
09/05/2016,AGS,GA,ASO,ES,Combined TRACON& Tower with Radar,7,19,4,1,31,0,0,8,0,8,7,19,12,1,39,14,0,14,53
09/06/2016,AGS,GA,ASO,ES,Combined TRACON& Tower with Radar,12,19,8,7,46,0,3,13,1,17,12,22,21,8,63,0,6,6,69
09/07/2016,AGS,GA,ASO,ES,Combined TRACON& Tower with Radar,10,20,17,0,47,0,0,7,2,9,10,20,24,2,56,13,0,13,69
09/08/2016,AGS,GA,ASO,ES,Combined TRACON& Tower with Radar,9,33,14,13,69,0,2,3,12,17,9,35,17,25,86,24,30,54,140
09/09/2016,AGS,GA,ASO,ES,Combined TRACON& Tower with Radar,10,25,10,2,47,0,0,10,0,10,10,25,20,2,57,38,0,38,95
09/10/2016,AGS,GA,ASO,ES,Combined TRACON& Tower with Radar,5,19,11,0,35,0,0,5,0,5,5,19,16,0,40,0,0,0,40
09/11/2016,AGS,GA,ASO,ES,Combined TRACON& Tower with Radar,7,22,8,0,37,0,0,8,0,8,7,22,16,0,45,12,0,12,57
09/12/2016,AGS,GA,ASO,ES,Combined TRACON& Tower with Radar,11,20,9,4,44,0,0,7,0,7,11,20,16,4,51,6,2,8,59
09/13/2016,AGS,GA,ASO,ES,Combined TRACON& Tower with Radar,11,17,14,9,51,0,0,1,1,2,11,17,15,10,53,2,2,4,57
09/14/2016,AGS,GA,ASO,ES,Combined TRACON& Tower with Radar,13,19,7,0,39,0,1,8,0,9,13,20,15,0,48,0,0,0,48
09/15/2016,AGS,GA,ASO,ES,Combined TRACON& Tower with Radar,11,17,21,14,63,0,0,13,5,18,11,17,34,19,81,4,24,28,109
09/16/2016,AGS,GA,ASO,ES,Combined TRACON& Tower with Radar,9,20,5,0,34,0,0,3,0,3,9,20,8,0,37,0,0,0,37
09/17/2016,AGS,GA,ASO,ES,Combined TRACON& Tower with Radar,7,15,1,2,25,0,0,3,0,3,7,15,4,2,28,0,8,8,36
09/18/2016,AGS,GA,ASO,ES,Combined TRACON& Tower with Radar,7,30,5,6,48,0,0,0,1,1,7,30,5,7,49,4,0,4,53
09/19/2016,AGS,GA,ASO,ES,Combined TRACON& Tower with Radar,11,20,26,10,67,0,0,6,4,10,11,20,32,14,77,14,38,52,129
09/20/2016,AGS,GA,ASO,ES,Combined TRACON& Tower with Radar,11,22,16,9,58,0,0,6,0,6,11,22,22,9,64,18,6,24,88
09/21/2016,AGS,GA,ASO,ES,Combined TRACON& Tower with Radar,11,19,17,1,48,0,1,5,0,6,11,20,22,1,54,3,0,3,57
09/22/2016,AGS,GA,ASO,ES,Combined TRACON& Tower with Radar,12,21,14,13,60,0,0,3,1,4,12,21,17,14,64,8,2,10,74
09/23/2016,AGS,GA,ASO,ES,Combined TRACON& Tower with Radar,11,22,15,0,48,0,0,6,8,14,11,22,21,8,62,2,0,2,64
09/24/2016,AGS,GA,ASO,ES,Combined TRACON& Tower with Radar,7,23,9,6,45,0,1,10,0,11,7,24,19,6,56,12,18,30,86
09/25/2016,AGS,GA,ASO,ES,Combined TRACON& Tower with Radar,7,21,14,2,44,0,0,5,7,12,7,21,19,9,56,0,0,0,56
09/26/2016,AGS,GA,ASO,ES,Combined TRACON& Tower with Radar,12,13,26,6,57,0,0,6,9,15,12,13,32,15,72,6,12,18,90
09/27/2016,AGS,GA,ASO,ES,Combined TRACON& Tower with Radar,11,24,6,2,43,0,0,3,0,3,11,24,9,2,46,2,0,2,48
09/28/2016,AGS,GA,ASO,ES,Combined TRACON& Tower with Radar,11,17,9,0,37,0,2,11,3,16,11,19,20,3,53,0,0,0,53
09/29/2016,AGS,GA,ASO,ES,Combined TRACON& Tower with Radar,11,21,24,12,68,0,0,7,11,18,11,21,31,23,86,6,20,26,112
09/30/2016,AGS,GA,ASO,ES,Combined TRACON& Tower with Radar,10,19,13,0,42,0,0,6,2,8,10,19,19,2,50,0,0,0,50
10/01/2016,AGS,GA,ASO,ES,Combined TRACON& Tower with Radar,8,11,10,0,29,0,0,21,0,21,8,11,31,0,50,6,0,6,56
10/02/2016,AGS,GA,ASO,ES,Combined TRACON& Tower with Radar,10,17,8,0,35,0,0,7,0,7,10,17,15,0,42,0,0,0,42
10/03/2016,AGS,GA,ASO,ES,Combined TRACON& Tower with Radar,9,20,15,4,48,0,0,9,0,9,9,20,24,4,57,6,0,6,63
10/04/2016,AGS,GA,ASO,ES,Combined TRACON& Tower with Radar,9,15,10,2,36,0,0,7,0,7,9,15,17,2,43,0,0,0,43
10/05/2016,AGS,GA,ASO,ES,Combined TRACON& Tower with Radar,11,30,24,1,66,0,1,2,2,5,11,31,26,3,71,17,0,17,88
10/06/2016,AGS,GA,ASO,ES,Combined TRACON& Tower with Radar,11,25,21,1,58,0,2,3,1,6,11,27,24,2,64,0,0,0,64
10/07/2016,AGS,GA,ASO,ES,Combined TRACON& Tower with Radar,7,16,16,0,39,0,0,0,0,0,7,16,16,0,39,0,0,0,39
10/08/2016,AGS,GA,ASO,ES,Combined TRACON& Tower with Radar,8,9,2,0,19,0,0,7,0,7,8,9,9,0,26,3,0,3,29
10/09/2016,AGS,GA,ASO,ES,Combined TRACON& Tower with Radar,9,13,11,0,33,0,0,14,2,16,9,13,25,2,49,2,0,2,51
10/10/2016,AGS,GA,ASO,ES,Combined TRACON& Tower with Radar,9,19,9,0,37,0,0,18,0,18,9,19,27,0,55,8,0,8,63
10/11/2016,AGS,GA,ASO,ES,Combined TRACON& Tower with Radar,9,30,14,0,53,0,0,10,2,12,9,30,24,2,65,9,0,9,74
10/12/2016,AGS,GA,ASO,ES,Combined TRACON& Tower with Radar,9,26,26,4,65,0,0,9,0,9,9,26,35,4,74,7,0,7,81
10/13/2016,AGS,GA,ASO,ES,Combined TRACON& Tower with Radar,9,19,16,8,52,0,0,6,0,6,9,19,22,8,58,8,4,12,70
10/14/2016,AGS,GA,ASO,ES,Combined TRACON& Tower with Radar,10,26,34,11,81,0,0,21,3,24,10,26,55,14,105,26,8,34,139
10/15/2016,AGS,GA,ASO,ES,Combined TRACON& Tower with Radar,12,16,9,0,37,0,1,2,0,3,12,17,11,0,40,6,0,6,46
10/16/2016,AGS,GA,ASO,ES,Combined TRACON& Tower with Radar,9,16,15,14,54,0,0,6,4,10,9,16,21,18,64,35,4,39,103
10/17/2016,AGS,GA,ASO,ES,Combined TRACON& Tower with Radar,10,23,21,7,61,0,0,13,0,13,10,23,34,7,74,14,3,17,91
10/18/2016,AGS,GA,ASO,ES,Combined TRACON& Tower with Radar,13,28,31,5,77,0,0,5,5,10,13,28,36,10,87,4,2,6,93
10/19/2016,AGS,GA,ASO,ES,Combined TRACON& Tower with Radar,9,41,40,5,95,0,2,7,0,9,9,43,47,5,104,18,0,18,122
10/20/2016,AGS,GA,ASO,ES,Combined TRACON& Tower with Radar,10,31,19,3,63,0,0,5,2,7,10,31,24,5,70,20,0,20,90
10/21/2016,AGS,GA,ASO,ES,Combined TRACON& Tower with Radar,9,40,25,2,76,0,1,13,0,14,9,41,38,2,90,0,0,0,90
10/22/2016,AGS,GA,ASO,ES,Combined TRACON& Tower with Radar,9,24,16,2,51,0,1,3,0,4,9,25,19,2,55,6,0,6,61
10/23/2016,AGS,GA,ASO,ES,Combined TRACON& Tower with Radar,9,28,17,2,56,0,1,13,0,14,9,29,30,2,70,26,0,26,96
10/24/2016,AGS,GA,ASO,ES,Combined TRACON& Tower with Radar,9,30,20,3,62,0,0,7,1,8,9,30,27,4,70,6,0,6,76
10/25/2016,AGS,GA,ASO,ES,Combined TRACON& Tower with Radar,9,28,14,10,61,0,0,5,0,5,9,28,19,10,66,0,14,14,80
10/26/2016,AGS,GA,ASO,ES,Combined TRACON& Tower with Radar,9,30,18,9,66,0,0,12,5,17,9,30,30,14,83,12,18,30,113
10/27/2016,AGS,GA,ASO,ES,Combined TRACON& Tower with Radar,9,25,23,14,71,0,2,3,0,5,9,27,26,14,76,12,8,20,96
10/28/2016,AGS,GA,ASO,ES,Combined TRACON& Tower with Radar,8,29,23,2,62,0,0,6,2,8,8,29,29,4,70,0,0,0,70
10/29/2016,AGS,GA,ASO,ES,Combined TRACON& Tower with Radar,10,17,18,0,45,0,4,9,0,13,10,21,27,0,58,8,0,8,66
10/30/2016,AGS,GA,ASO,ES,Combined TRACON& Tower with Radar,9,22,9,0,40,0,0,9,4,13,9,22,18,4,53,10,0,10,63
10/31/2016,AGS,GA,ASO,ES,Combined TRACON& Tower with Radar,9,16,33,4,62,0,0,8,4,12,9,16,41,8,74,6,8,14,88
11/01/2016,AGS,GA,ASO,ES,Combined TRACON& Tower with Radar,9,24,25,10,68,0,0,0,0,0,9,24,25,10,68,0,2,2,70
11/02/2016,AGS,GA,ASO,ES,Combined TRACON& Tower with Radar,10,33,32,2,77,0,0,9,2,11,10,33,41,4,88,18,0,18,106
11/03/2016,AGS,GA,ASO,ES,Combined TRACON& Tower with Radar,9,25,31,4,69,0,0,9,0,9,9,25,40,4,78,0,0,0,78
11/04/2016,AGS,GA,ASO,ES,Combined TRACON& Tower with Radar,7,25,21,6,59,0,0,4,0,4,7,25,25,6,63,0,0,0,63
11/05/2016,AGS,GA,ASO,ES,Combined TRACON& Tower with Radar,10,20,14,4,48,0,4,3,0,7,10,24,17,4,55,6,0,6,61
11/06/2016,AGS,GA,ASO,ES,Combined TRACON& Tower with Radar,7,25,19,1,52,0,0,6,1,7,7,25,25,2,59,10,0,10,69
11/07/2016,AGS,GA,ASO,ES,Combined TRACON& Tower with Radar,7,27,24,0,58,0,0,4,5,9,7,27,28,5,67,0,0,0,67
11/08/2016,AGS,GA,ASO,ES,Combined TRACON& Tower with Radar,7,25,18,6,56,0,2,5,3,10,7,27,23,9,66,0,37,37,103
11/09/2016,AGS,GA,ASO,ES,Combined TRACON& Tower with Radar,7,25,27,0,59,0,0,3,2,5,7,25,30,2,64,1,0,1,65
11/10/2016,AGS,GA,ASO,ES,Combined TRACON& Tower with Radar,8,44,52,2,106,0,1,8,4,13,8,45,60,6,119,20,4,24,143
11/11/2016,AGS,GA,ASO,ES,Combined TRACON& Tower with Radar,8,48,47,0,103,0,0,4,2,6,8,48,51,2,109,10,0,10,119
11/12/2016,AGS,GA,ASO,ES,Combined TRACON& Tower with Radar,9,28,16,13,66,0,1,7,1,9,9,29,23,14,75,4,6,10,85
11/13/2016,AGS,GA,ASO,ES,Combined TRACON& Tower with Radar,5,10,7,0,22,0,0,0,0,0,5,10,7,0,22,0,0,0,22
11/14/2016,AGS,GA,ASO,ES,Combined TRACON& Tower with Radar,7,21,19,1,48,0,1,4,0,5,7,22,23,1,53,0,0,0,53
11/15/2016,AGS,GA,ASO,ES,Combined TRACON& Tower with Radar,9,31,25,11,76,0,0,6,0,6,9,31,31,11,82,4,3,7,89
11/16/2016,AGS,GA,ASO,ES,Combined TRACON& Tower with Radar,7,43,25,1,76,0,0,6,1,7,7,43,31,2,83,0,8,8,91
11/17/2016,AGS,GA,ASO,ES,Combined TRACON& Tower with Radar,7,31,23,1,62,0,0,16,0,16,7,31,39,1,78,8,0,8,86
11/18/2016,AGS,GA,ASO,ES,Combined TRACON& Tower with Radar,8,25,29,2,64,0,2,11,0,13,8,27,40,2,77,26,0,26,103
11/19/2016,AGS,GA,ASO,ES,Combined TRACON& Tower with Radar,7,18,16,1,42,0,0,5,1,6,7,18,21,2,48,0,0,0,48
11/20/2016,AGS,GA,ASO,ES,Combined TRACON& Tower with Radar,10,21,19,0,50,0,0,5,0,5,10,21,24,0,55,0,0,0,55
11/21/2016,AGS,GA,ASO,ES,Combined TRACON& Tower with Radar,9,29,11,7,56,0,0,12,5,17,9,29,23,12,73,27,7,34,107
11/22/2016,AGS,GA,ASO,ES,Combined TRACON& Tower with Radar,8,24,22,4,58,0,0,12,2,14,8,24,34,6,72,6,0,6,78
11/23/2016,AGS,GA,ASO,ES,Combined TRACON& Tower with Radar,8,29,22,0,59,0,0,4,0,4,8,29,26,0,63,0,0,0,63
11/24/2016,AGS,GA,ASO,ES,Combined TRACON& Tower with Radar,5,12,7,0,24,0,1,2,1,4,5,13,9,1,28,2,0,2,30
11/25/2016,AGS,GA,ASO,ES,Combined TRACON& Tower with Radar,8,18,4,0,30,0,0,9,0,9,8,18,13,0,39,0,0,0,39
11/26/2016,AGS,GA,ASO,ES,Combined TRACON& Tower with Radar,8,27,10,0,45,0,0,11,0,11,8,27,21,0,56,16,0,16,72
11/27/2016,AGS,GA,ASO,ES,Combined TRACON& Tower with Radar,8,18,22,0,48,0,0,13,0,13,8,18,35,0,61,30,0,30,91
11/28/2016,AGS,GA,ASO,ES,Combined TRACON& Tower with Radar,7,19,13,2,41,0,0,1,1,2,7,19,14,3,43,0,0,0,43
11/29/2016,AGS,GA,ASO,ES,Combined TRACON& Tower with Radar,8,34,15,8,65,0,0,0,0,0,8,34,15,8,65,0,4,4,69
11/30/2016,AGS,GA,ASO,ES,Combined TRACON& Tower with Radar,6,27,28,0,61,0,0,0,0,0,6,27,28,0,61,2,0,2,63
12/01/2016,AGS,GA,ASO,ES,Combined TRACON& Tower with Radar,8,41,14,0,63,0,0,5,4,9,8,41,19,4,72,5,0,5,77
12/02/2016,AGS,GA,ASO,ES,Combined TRACON& Tower with Radar,8,32,17,0,57,0,0,13,4,17,8,32,30,4,74,4,0,4,78
12/03/2016,AGS,GA,ASO,ES,Combined TRACON& Tower with Radar,6,28,12,1,47,0,0,17,6,23,6,28,29,7,70,10,10,20,90
12/04/2016,AGS,GA,ASO,ES,Combined TRACON& Tower with Radar,7,30,8,0,45,0,0,2,0,2,7,30,10,0,47,0,0,0,47
12/05/2016,AGS,GA,ASO,ES,Combined TRACON& Tower with Radar,8,18,12,2,40,0,0,0,0,0,8,18,12,2,40,0,0,0,40
12/06/2016,AGS,GA,ASO,ES,Combined TRACON& Tower with Radar,8,19,25,0,52,0,0,0,0,0,8,19,25,0,52,0,0,0,52
12/07/2016,AGS,GA,ASO,ES,Combined TRACON& Tower with Radar,8,30,20,0,58,0,0,1,0,1,8,30,21,0,59,0,0,0,59
12/08/2016,AGS,GA,ASO,ES,Combined TRACON& Tower with Radar,8,31,20,2,61,0,0,7,0,7,8,31,27,2,68,20,0,20,88
12/09/2016,AGS,GA,ASO,ES,Combined TRACON& Tower with Radar,8,27,28,4,67,0,0,13,0,13,8,27,41,4,80,2,6,8,88
12/10/2016,AGS,GA,ASO,ES,Combined TRACON& Tower with Radar,6,12,9,2,29,0,0,1,2,3,6,12,10,4,32,0,0,0,32
12/11/2016,AGS,GA,ASO,ES,Combined TRACON& Tower with Radar,7,22,5,2,36,0,0,8,0,8,7,22,13,2,44,4,0,4,48
12/12/2016,AGS,GA,ASO,ES,Combined TRACON& Tower with Radar,7,22,16,3,48,0,0,3,0,3,7,22,19,3,51,0,0,0,51
12/13/2016,AGS,GA,ASO,ES,Combined TRACON& Tower with Radar,6,15,31,1,53,0,0,0,0,0,6,15,31,1,53,0,0,0,53
12/14/2016,AGS,GA,ASO,ES,Combined TRACON& Tower with Radar,9,28,31,3,71,0,0,0,0,0,9,28,31,3,71,0,0,0,71
12/15/2016,AGS,GA,ASO,ES,Combined TRACON& Tower with Radar,8,20,25,1,54,0,2,2,0,4,8,22,27,1,58,23,0,23,81
12/16/2016,AGS,GA,ASO,ES,Combined TRACON& Tower with Radar,8,17,16,2,43,0,0,5,0,5,8,17,21,2,48,0,0,0,48
12/17/2016,AGS,GA,ASO,ES,Combined TRACON& Tower with Radar,7,13,7,6,33,0,0,6,0,6,7,13,13,6,39,5,0,5,44
12/18/2016,AGS,GA,ASO,ES,Combined TRACON& Tower with Radar,8,22,7,0,37,0,0,0,0,0,8,22,7,0,37,0,0,0,37
12/19/2016,AGS,GA,ASO,ES,Combined TRACON& Tower with Radar,8,20,20,0,48,0,0,0,0,0,8,20,20,0,48,0,0,0,48
12/20/2016,AGS,GA,ASO,ES,Combined TRACON& Tower with Radar,8,23,41,4,76,0,0,0,0,0,8,23,41,4,76,0,0,0,76
12/21/2016,AGS,GA,ASO,ES,Combined TRACON& Tower with Radar,8,21,34,0,63,0,0,4,0,4,8,21,38,0,67,8,0,8,75
12/22/2016,AGS,GA,ASO,ES,Combined TRACON& Tower with Radar,10,15,13,6,44,0,2,13,0,15,10,17,26,6,59,1,12,13,72
12/23/2016,AGS,GA,ASO,ES,Combined TRACON& Tower with Radar,8,18,3,0,29,0,2,3,0,5,8,20,6,0,34,0,0,0,34
12/24/2016,AGS,GA,ASO,ES,Combined TRACON& Tower with Radar,6,9,3,0,18,0,0,7,0,7,6,9,10,0,25,0,0,0,25
12/25/2016,AGS,GA,ASO,ES,Combined TRACON& Tower with Radar,3,14,1,0,18,0,0,3,0,3,3,14,4,0,21,0,0,0,21
12/26/2016,AGS,GA,ASO,ES,Combined TRACON& Tower with Radar,6,19,17,2,44,0,0,0,0,0,6,19,17,2,44,0,0,0,44
12/27/2016,AGS,GA,ASO,ES,Combined TRACON& Tower with Radar,8,16,16,0,40,0,0,0,0,0,8,16,16,0,40,4,0,4,44
12/28/2016,AGS,GA,ASO,ES,Combined TRACON& Tower with Radar,8,13,6,3,30,0,0,8,3,11,8,13,14,6,41,0,0,0,41
12/29/2016,AGS,GA,ASO,ES,Combined TRACON& Tower with Radar,8,22,11,0,41,0,0,2,0,2,8,22,13,0,43,5,0,5,48
12/30/2016,AGS,GA,ASO,ES,Combined TRACON& Tower with Radar,10,16,7,2,35,0,0,13,0,13,10,16,20,2,48,0,0,0,48
12/31/2016,AGS,GA,ASO,ES,Combined TRACON& Tower with Radar,6,12,0,0,18,0,0,0,0,0,6,12,0,0,18,4,0,4,22
01/01/2017,AGS,GA,ASO,ES,Combined TRACON& Tower with Radar,8,15,6,0,29,0,0,0,0,0,8,15,6,0,29,2,0,2,31
01/02/2017,AGS,GA,ASO,ES,Combined TRACON& Tower with Radar,7,18,11,0,36,0,0,0,0,0,7,18,11,0,36,0,0,0,36
01/03/2017,AGS,GA,ASO,ES,Combined TRACON& Tower with Radar,8,20,18,0,46,0,0,3,0,3,8,20,21,0,49,6,0,6,55
01/04/2017,AGS,GA,ASO,ES,Combined TRACON& Tower with Radar,8,16,16,0,40,0,1,5,0,6,8,17,21,0,46,6,0,6,52
01/05/2017,AGS,GA,ASO,ES,Combined TRACON& Tower with Radar,8,30,24,0,62,0,4,7,0,11,8,34,31,0,73,16,0,16,89
01/06/2017,AGS,GA,ASO,ES,Combined TRACON& Tower with Radar,7,15,15,3,40,0,0,1,1,2,7,15,16,4,42,0,0,0,42
01/07/2017,AGS,GA,ASO,ES,Combined TRACON& Tower with Radar,3,9,3,0,15,0,0,0,0,0,3,9,3,0,15,0,0,0,15
01/08/2017,AGS,GA,ASO,ES,Combined TRACON& Tower with Radar,5,13,4,0,22,0,0,3,4,7,5,13,7,4,29,2,0,2,31
01/09/2017,AGS,GA,ASO,ES,Combined TRACON& Tower with Radar,8,26,16,4,54,0,0,6,1,7,8,26,22,5,61,6,0,6,67
01/10/2017,AGS,GA,ASO,ES,Combined TRACON& Tower with Radar,8,24,15,2,49,0,1,7,0,8,8,25,22,2,57,5,0,5,62
01/11/2017,AGS,GA,ASO,ES,Combined TRACON& Tower with Radar,8,23,27,15,73,0,2,12,4,18,8,25,39,19,91,18,24,42,133
01/12/2017,AGS,GA,ASO,ES,Combined TRACON& Tower with Radar,6,18,16,2,42,0,0,14,0,14,6,18,30,2,56,0,2,2,58
01/13/2017,AGS,GA,ASO,ES,Combined TRACON& Tower with Radar,8,26,24,3,61,0,0,10,2,12,8,26,34,5,73,18,0,18,91
01/14/2017,AGS,GA,ASO,ES,Combined TRACON& Tower with Radar,6,15,7,1,29,0,0,4,0,4,6,15,11,1,33,4,0,4,37
01/15/2017,AGS,GA,ASO,ES,Combined TRACON& Tower with Radar,5,18,9,6,38,0,0,9,0,9,5,18,18,6,47,40,0,40,87
01/16/2017,AGS,GA,ASO,ES,Combined TRACON& Tower with Radar,8,29,34,3,74,0,0,11,1,12,8,29,45,4,86,0,0,0,86
01/17/2017,AGS,GA,ASO,ES,Combined TRACON& Tower with Radar,7,26,31,17,81,0,0,7,0,7,7,26,38,17,88,0,22,22,110
01/18/2017,AGS,GA,ASO,ES,Combined TRACON& Tower with Radar,8,24,26,3,61,0,0,7,0,7,8,24,33,3,68,0,0,0,68
01/19/2017,AGS,GA,ASO,ES,Combined TRACON& Tower with Radar,8,23,31,6,68,0,0,6,1,7,8,23,37,7,75,0,18,18,93
01/20/2017,AGS,GA,ASO,ES,Combined TRACON& Tower with Radar,8,25,19,1,53,0,3,2,2,7,8,28,21,3,60,18,0,18,78
01/21/2017,AGS,GA,ASO,ES,Combined TRACON& Tower with Radar,7,13,7,0,27,0,0,0,0,0,7,13,7,0,27,0,0,0,27
01/22/2017,AGS,GA,ASO,ES,Combined TRACON& Tower with Radar,4,15,5,0,24,0,0,0,0,0,4,15,5,0,24,0,0,0,24
01/23/2017,AGS,GA,ASO,ES,Combined TRACON& Tower with Radar,11,15,14,6,46,0,0,5,0,5,11,15,19,6,51,0,19,19,70
01/24/2017,AGS,GA,ASO,ES,Combined TRACON& Tower with Radar,8,18,22,4,52,0,3,9,0,12,8,21,31,4,64,2,16,18,82
01/25/2017,AGS,GA,ASO,ES,Combined TRACON& Tower with Radar,9,25,27,4,65,0,1,3,0,4,9,26,30,4,69,0,0,0,69
01/26/2017,AGS,GA,ASO,ES,Combined TRACON& Tower with Radar,8,20,26,2,56,0,0,1,0,1,8,20,27,2,57,0,2,2,59
01/27/2017,AGS,GA,ASO,ES,Combined TRACON& Tower with Radar,8,25,20,4,57,0,0,9,1,10,8,25,29,5,67,2,0,2,69
01/28/2017,AGS,GA,ASO,ES,Combined TRACON& Tower with Radar,5,21,5,4,35,0,0,8,0,8,5,21,13,4,43,6,2,8,51
01/29/2017,AGS,GA,ASO,ES,Combined TRACON& Tower with Radar,4,19,8,3,34,0,0,3,3,6,4,19,11,6,40,0,12,12,52
01/30/2017,AGS,GA,ASO,ES,Combined TRACON& Tower with Radar,8,19,8,6,41,0,0,0,0,0,8,19,8,6,41,0,6,6,47
01/31/2017,AGS,GA,ASO,ES,Combined TRACON& Tower with Radar,8,24,19,12,63,0,0,11,0,11,8,24,30,12,74,3,48,51,125
02/01/2017,AGS,GA,ASO,ES,Combined TRACON& Tower with Radar,8,16,32,6,62,0,0,10,2,12,8,16,42,8,74,2,0,2,76
02/02/2017,AGS,GA,ASO,ES,Combined TRACON& Tower with Radar,7,24,29,10,70,0,0,3,2,5,7,24,32,12,75,2,12,14,89
02/03/2017,AGS,GA,ASO,ES,Combined TRACON& Tower with Radar,7,33,15,10,65,0,0,20,2,22,7,33,35,12,87,37,0,37,124
02/04/2017,AGS,GA,ASO,ES,Combined TRACON& Tower with Radar,7,21,5,0,33,0,0,3,0,3,7,21,8,0,36,0,0,0,36
02/05/2017,AGS,GA,ASO,ES,Combined TRACON& Tower with Radar,5,15,10,0,30,0,0,12,0,12,5,15,22,0,42,8,0,8,50
02/06/2017,AGS,GA,ASO,ES,Combined TRACON& Tower with Radar,5,26,12,3,46,0,0,10,1,11,5,26,22,4,57,18,0,18,75
02/07/2017,AGS,GA,ASO,ES,Combined TRACON& Tower with Radar,11,26,27,22,86,0,0,1,2,3,11,26,28,24,89,8,22,30,119
02/08/2017,AGS,GA,ASO,ES,Combined TRACON& Tower with Radar,9,31,24,5,69,0,1,1,2,4,9,32,25,7,73,2,4,6,79
02/09/2017,AGS,GA,ASO,ES,Combined TRACON& Tower with Radar,8,26,31,1,66,0,6,7,1,14,8,32,38,2,80,8,0,8,88
02/10/2017,AGS,GA,ASO,ES,Combined TRACON& Tower with Radar,9,24,14,2,49,0,0,13,2,15,9,24,27,4,64,0,0,0,64
02/11/2017,AGS,GA,ASO,ES,Combined TRACON& Tower with Radar,4,22,12,2,40,0,0,13,1,14,4,22,25,3,54,12,0,12,66
02/12/2017,AGS,GA,ASO,ES,Combined TRACON& Tower with Radar,5,27,9,6,47,0,0,5,0,5,5,27,14,6,52,0,0,0,52
02/13/2017,AGS,GA,ASO,ES,Combined TRACON& Tower with Radar,8,27,27,0,62,0,2,5,2,9,8,29,32,2,71,10,0,10,81
02/14/2017,AGS,GA,ASO,ES,Combined TRACON& Tower with Radar,10,22,20,4,56,0,1,4,1,6,10,23,24,5,62,4,12,16,78
02/15/2017,AGS,GA,ASO,ES,Combined TRACON& Tower with Radar,7,22,19,0,48,0,0,5,0,5,7,22,24,0,53,0,0,0,53
02/16/2017,AGS,GA,ASO,ES,Combined TRACON& Tower with Radar,4,24,41,3,72,0,4,8,4,16,4,28,49,7,88,20,0,20,108
02/17/2017,AGS,GA,ASO,ES,Combined TRACON& Tower with Radar,8,23,22,8,61,0,0,7,7,14,8,23,29,15,75,14,6,20,95
02/18/2017,AGS,GA,ASO,ES,Combined TRACON& Tower with Radar,3,20,18,0,41,0,0,4,0,4,3,20,22,0,45,4,0,4,49
02/19/2017,AGS,GA,ASO,ES,Combined TRACON& Tower with Radar,4,22,8,4,38,0,0,5,0,5,4,22,13,4,43,4,0,4,47
02/20/2017,AGS,GA,ASO,ES,Combined TRACON& Tower with Radar,6,29,14,0,49,0,0,4,2,6,6,29,18,2,55,2,11,13,68
02/21/2017,AGS,GA,ASO,ES,Combined TRACON& Tower with Radar,6,31,21,1,59,0,0,8,0,8,6,31,29,1,67,9,0,9,76
02/22/2017,AGS,GA,ASO,ES,Combined TRACON& Tower with Radar,6,29,30,3,68,0,0,4,1,5,6,29,34,4,73,11,0,11,84
02/23/2017,AGS,GA,ASO,ES,Combined TRACON& Tower with Radar,6,26,38,2,72,0,0,10,0,10,6,26,48,2,82,22,0,22,104
02/24/2017,AGS,GA,ASO,ES,Combined TRACON& Tower with Radar,6,24,31,7,68,0,0,10,0,10,6,24,41,7,78,11,12,23,101
02/25/2017,AGS,GA,ASO,ES,Combined TRACON& Tower with Radar,2,12,5,2,21,0,0,4,0,4,2,12,9,2,25,14,0,14,39
02/26/2017,AGS,GA,ASO,ES,Combined TRACON& Tower with Radar,4,27,24,0,55,0,0,16,2,18,4,27,40,2,73,4,0,4,77
02/27/2017,AGS,GA,ASO,ES,Combined TRACON& Tower with Radar,6,26,20,24,76,0,0,12,2,14,6,26,32,26,90,8,34,42,132
02/28/2017,AGS,GA,ASO,ES,Combined TRACON& Tower with Radar,6,32,11,6,55,0,0,2,3,5,6,32,13,9,60,0,5,5,65
03/01/2017,AGS,GA,ASO,ES,Combined TRACON& Tower with Radar,10,38,19,0,67,0,0,13,0,13,10,38,32,0,80,2,0,2,82
03/02/2017,AGS,GA,ASO,ES,Combined TRACON& Tower with Radar,6,40,22,4,72,0,0,3,4,7,6,40,25,8,79,2,4,6,85
03/03/2017,AGS,GA,ASO,ES,Combined TRACON& Tower with Radar,6,31,42,4,83,0,0,8,2,10,6,31,50,6,93,4,0,4,97
03/04/2017,AGS,GA,ASO,ES,Combined TRACON& Tower with Radar,2,21,13,2,38,1,6,14,0,21,3,27,27,2,59,12,6,18,77
03/05/2017,AGS,GA,ASO,ES,Combined TRACON& Tower with Radar,5,35,22,4,66,0,0,10,1,11,5,35,32,5,77,2,0,2,79
03/06/2017,AGS,GA,ASO,ES,Combined TRACON& Tower with Radar,7,33,21,0,61,0,0,15,0,15,7,33,36,0,76,6,0,6,82
03/07/2017,AGS,GA,ASO,ES,Combined TRACON& Tower with Radar,8,32,23,0,63,0,0,4,0,4,8,32,27,0,67,0,0,0,67
03/08/2017,AGS,GA,ASO,ES,Combined TRACON& Tower with Radar,6,37,35,0,78,0,2,11,0,13,6,39,46,0,91,8,0,8,99
03/09/2017,AGS,GA,ASO,ES,Combined TRACON& Tower with Radar,7,34,24,12,77,0,0,10,4,14,7,34,34,16,91,7,0,7,98
03/10/2017,AGS,GA,ASO,ES,Combined TRACON& Tower with Radar,7,35,23,0,65,0,0,5,1,6,7,35,28,1,71,40,2,42,113
03/11/2017,AGS,GA,ASO,ES,Combined TRACON& Tower with Radar,5,24,10,6,45,0,2,13,0,15,5,26,23,6,60,30,14,44,104
03/12/2017,AGS,GA,ASO,ES,Combined TRACON& Tower with Radar,5,28,21,0,54,0,0,0,0,0,5,28,21,0,54,0,0,0,54
03/13/2017,AGS,GA,ASO,ES,Combined TRACON& Tower with Radar,8,29,26,4,67,0,0,0,0,0,8,29,26,4,67,2,0,2,69
03/14/2017,AGS,GA,ASO,ES,Combined TRACON& Tower with Radar,7,30,17,0,54,0,0,5,0,5,7,30,22,0,59,0,0,0,59
03/15/2017,AGS,GA,ASO,ES,Combined TRACON& Tower with Radar,7,33,46,4,90,0,2,12,3,17,7,35,58,7,107,0,13,13,120
03/16/2017,AGS,GA,ASO,ES,Combined TRACON& Tower with Radar,6,50,62,0,118,0,0,23,0,23,6,50,85,0,141,12,0,12,153
03/17/2017,AGS,GA,ASO,ES,Combined TRACON& Tower with Radar,8,46,40,5,99,0,10,7,0,17,8,56,47,5,116,24,6,30,146
03/18/2017,AGS,GA,ASO,ES,Combined TRACON& Tower with Radar,3,25,18,6,52,0,0,9,0,9,3,25,27,6,61,10,0,10,71
03/19/2017,AGS,GA,ASO,ES,Combined TRACON& Tower with Radar,5,28,23,0,56,0,0,11,0,11,5,28,34,0,67,18,0,18,85
03/20/2017,AGS,GA,ASO,ES,Combined TRACON& Tower with Radar,8,23,21,5,57,0,0,15,2,17,8,23,36,7,74,10,2,12,86
03/21/2017,AGS,GA,ASO,ES,Combined TRACON& Tower with Radar,6,28,20,5,59,0,0,5,2,7,6,28,25,7,66,0,0,0,66
03/22/2017,AGS,GA,ASO,ES,Combined TRACON& Tower with Radar,8,28,28,5,69,0,0,4,1,5,8,28,32,6,74,4,2,6,80
03/23/2017,AGS,GA,ASO,ES,Combined TRACON& Tower with Radar,8,31,31,12,82,0,0,11,8,19,8,31,42,20,101,12,8,20,121
03/24/2017,AGS,GA,ASO,ES,Combined TRACON& Tower with Radar,7,28,26,9,70,0,0,11,0,11,7,28,37,9,81,0,10,10,91
03/25/2017,AGS,GA,ASO,ES,Combined TRACON& Tower with Radar,4,30,26,0,60,0,0,12,0,12,4,30,38,0,72,32,0,32,104
03/26/2017,AGS,GA,ASO,ES,Combined TRACON& Tower with Radar,6,31,17,0,54,0,0,9,0,9,6,31,26,0,63,8,0,8,71
03/27/2017,AGS,GA,ASO,ES,Combined TRACON& Tower with Radar,8,25,21,5,59,0,2,3,3,8,8,27,24,8,67,4,19,23,90
03/28/2017,AGS,GA,ASO,ES,Combined TRACON& Tower with Radar,7,28,16,4,55,0,0,5,2,7,7,28,21,6,62,4,24,28,90
03/29/2017,AGS,GA,ASO,ES,Combined TRACON& Tower with Radar,8,28,19,10,65,0,2,8,8,18,8,30,27,18,83,4,8,12,95
03/30/2017,AGS,GA,ASO,ES,Combined TRACON& Tower with Radar,6,27,31,10,74,0,1,5,0,6,6,28,36,10,80,28,8,36,116
03/31/2017,AGS,GA,ASO,ES,Combined TRACON& Tower with Radar,7,32,33,0,72,0,0,3,2,5,7,32,36,2,77,2,0,2,79
04/01/2017,AGS,GA,ASO,ES,Combined TRACON& Tower with Radar,9,35,15,0,59,0,3,8,0,11,9,38,23,0,70,0,0,0,70
04/02/2017,AGS,GA,ASO,ES,Combined TRACON& Tower with Radar,28,68,40,0,136,0,1,11,0,12,28,69,51,0,148,4,0,4,152
04/03/2017,AGS,GA,ASO,ES,Combined TRACON& Tower with Radar,34,51,75,0,160,0,0,0,0,0,34,51,75,0,160,0,0,0,160
04/04/2017,AGS,GA,ASO,ES,Combined TRACON& Tower with Radar,48,124,131,0,303,0,0,10,3,13,48,124,141,3,316,0,0,0,316
04/05/2017,AGS,GA,ASO,ES,Combined TRACON& Tower with Radar,43,126,189,2,360,0,0,1,0,1,43,126,190,2,361,0,0,0,361
04/06/2017,AGS,GA,ASO,ES,Combined TRACON& Tower with Radar,44,120,262,1,427,0,0,1,0,1,44,120,263,1,428,0,0,0,428
04/07/2017,AGS,GA,ASO,ES,Combined TRACON& Tower with Radar,52,225,318,3,598,0,1,9,1,11,52,226,327,4,609,0,0,0,609
04/08/2017,AGS,GA,ASO,ES,Combined TRACON& Tower with Radar,36,123,168,0,327,0,1,10,0,11,36,124,178,0,338,0,0,0,338
04/09/2017,AGS,GA,ASO,ES,Combined TRACON& Tower with Radar,55,214,193,0,462,0,0,4,0,4,55,214,197,0,466,0,0,0,466
04/10/2017,AGS,GA,ASO,ES,Combined TRACON& Tower with Radar,49,94,83,5,231,0,0,7,4,11,49,94,90,9,242,0,6,6,248
04/11/2017,AGS,GA,ASO,ES,Combined TRACON& Tower with Radar,8,21,17,5,51,0,1,7,2,10,8,22,24,7,61,0,0,0,61
04/12/2017,AGS,GA,ASO,ES,Combined TRACON& Tower with Radar,5,29,22,10,66,0,0,3,0,3,5,29,25,10,69,6,10,16,85
04/13/2017,AGS,GA,ASO,ES,Combined TRACON& Tower with Radar,7,21,7,2,37,0,0,2,0,2,7,21,9,2,39,18,0,18,57
04/14/2017,AGS,GA,ASO,ES,Combined TRACON& Tower with Radar,8,25,26,0,59,0,0,10,0,10,8,25,36,0,69,2,0,2,71
04/15/2017,AGS,GA,ASO,ES,Combined TRACON& Tower with Radar,3,17,14,0,34,0,0,12,0,12,3,17,26,0,46,14,0,14,60
04/16/2017,AGS,GA,ASO,ES,Combined TRACON& Tower with Radar,7,21,11,0,39,0,0,2,0,2,7,21,13,0,41,0,0,0,41
04/17/2017,AGS,GA,ASO,ES,Combined TRACON& Tower with Radar,8,30,26,7,71,0,0,5,0,5,8,30,31,7,76,4,10,14,90
04/18/2017,AGS,GA,ASO,ES,Combined TRACON& Tower with Radar,9,38,31,1,79,0,0,12,0,12,9,38,43,1,91,2,16,18,109
04/19/2017,AGS,GA,ASO,ES,Combined TRACON& Tower with Radar,6,34,38,3,81,0,0,2,0,2,6,34,40,3,83,0,0,0,83
04/20/2017,AGS,GA,ASO,ES,Combined TRACON& Tower with Radar,7,41,31,9,88,0,0,11,0,11,7,41,42,9,99,19,4,23,122
04/21/2017,AGS,GA,ASO,ES,Combined TRACON& Tower with Radar,6,34,33,8,81,0,0,12,13,25,6,34,45,21,106,0,0,0,106
04/22/2017,AGS,GA,ASO,ES,Combined TRACON& Tower with Radar,5,34,21,4,64,0,0,7,0,7,5,34,28,4,71,6,0,6,77
04/23/2017,AGS,GA,ASO,ES,Combined TRACON& Tower with Radar,7,32,14,0,53,0,0,2,0,2,7,32,16,0,55,8,0,8,63
04/24/2017,AGS,GA,ASO,ES,Combined TRACON& Tower with Radar,5,34,27,4,70,0,0,1,0,1,5,34,28,4,71,0,1,1,72
04/25/2017,AGS,GA,ASO,ES,Combined TRACON& Tower with Radar,9,25,31,3,68,0,0,3,1,4,9,25,34,4,72,0,18,18,90
04/26/2017,AGS,GA,ASO,ES,Combined TRACON& Tower with Radar,5,27,30,7,69,0,0,19,3,22,5,27,49,10,91,0,14,14,105
04/27/2017,AGS,GA,ASO,ES,Combined TRACON& Tower with Radar,6,32,33,13,84,0,0,4,0,4,6,32,37,13,88,0,0,0,88
04/28/2017,AGS,GA,ASO,ES,Combined TRACON& Tower with Radar,7,31,24,2,64,0,0,14,0,14,7,31,38,2,78,7,0,7,85
04/29/2017,AGS,GA,ASO,ES,Combined TRACON& Tower with Radar,4,30,15,2,51,0,0,3,4,7,4,30,18,6,58,0,0,0,58
04/30/2017,AGS,GA,ASO,ES,Combined TRACON& Tower with Radar,7,31,12,0,50,0,0,5,0,5,7,31,17,0,55,0,0,0,55
05/01/2017,AGS,GA,ASO,ES,Combined TRACON& Tower with Radar,4,33,16,0,53,0,0,5,0,5,4,33,21,0,58,4,0,4,62
05/02/2017,AGS,GA,ASO,ES,Combined TRACON& Tower with Radar,3,28,18,3,52,0,0,6,2,8,3,28,24,5,60,0,2,2,62
05/03/2017,AGS,GA,ASO,ES,Combined TRACON& Tower with Radar,3,31,28,0,62,0,0,7,2,9,3,31,35,2,71,2,0,2,73
05/04/2017,AGS,GA,ASO,ES,Combined TRACON& Tower with Radar,5,31,13,0,49,0,0,3,0,3,5,31,16,0,52,0,4,4,56
05/05/2017,AGS,GA,ASO,ES,Combined TRACON& Tower with Radar,3,33,23,7,66,0,0,6,5,11,3,33,29,12,77,0,0,0,77
05/06/2017,AGS,GA,ASO,ES,Combined TRACON& Tower with Radar,4,28,14,0,46,0,0,6,0,6,4,28,20,0,52,0,0,0,52
05/07/2017,AGS,GA,ASO,ES,Combined TRACON& Tower with Radar,3,35,26,0,64,0,0,1,0,1,3,35,27,0,65,10,0,10,75
05/08/2017,AGS,GA,ASO,ES,Combined TRACON& Tower with Radar,3,42,27,2,74,0,1,10,0,11,3,43,37,2,85,4,0,4,89
05/09/2017,AGS,GA,ASO,ES,Combined TRACON& Tower with Radar,5,43,19,8,75,0,0,8,0,8,5,43,27,8,83,2,6,8,91
05/10/2017,AGS,GA,ASO,ES,Combined TRACON& Tower with Radar,3,34,20,20,77,0,3,8,6,17,3,37,28,26,94,10,54,64,158
05/11/2017,AGS,GA,ASO,ES,Combined TRACON& Tower with Radar,3,39,26,0,68,0,0,3,0,3,3,39,29,0,71,0,0,0,71
05/12/2017,AGS,GA,ASO,ES,Combined TRACON& Tower with Radar,6,38,21,8,73,0,0,6,0,6,6,38,27,8,79,2,5,7,86
05/13/2017,AGS,GA,ASO,ES,Combined TRACON& Tower with Radar,3,18,16,0,37,0,0,2,0,2,3,18,18,0,39,0,0,0,39
05/14/2017,AGS,GA,ASO,ES,Combined TRACON& Tower with Radar,3,36,9,0,48,0,0,4,0,4,3,36,13,0,52,6,0,6,58
05/15/2017,AGS,GA,ASO,ES,Combined TRACON& Tower with Radar,3,40,23,4,70,0,0,6,0,6,3,40,29,4,76,0,4,4,80
05/16/2017,AGS,GA,ASO,ES,Combined TRACON& Tower with Radar,4,32,33,8,77,0,0,4,2,6,4,32,37,10,83,31,7,38,121
05/17/2017,AGS,GA,ASO,ES,Combined TRACON& Tower with Radar,3,30,31,1,65,0,2,10,1,13,3,32,41,2,78,2,0,2,80
05/18/2017,AGS,GA,ASO,ES,Combined TRACON& Tower with Radar,3,34,33,4,74,0,4,8,0,12,3,38,41,4,86,0,2,2,88
05/19/2017,AGS,GA,ASO,ES,Combined TRACON& Tower with Radar,3,42,24,5,74,0,0,7,1,8,3,42,31,6,82,0,3,3,85
05/20/2017,AGS,GA,ASO,ES,Combined TRACON& Tower with Radar,5,24,11,2,42,0,0,5,0,5,5,24,16,2,47,2,0,2,49
05/21/2017,AGS,GA,ASO,ES,Combined TRACON& Tower with Radar,4,27,10,3,44,0,0,1,0,1,4,27,11,3,45,0,0,0,45
05/22/2017,AGS,GA,ASO,ES,Combined TRACON& Tower with Radar,3,27,18,1,49,0,0,0,0,0,3,27,18,1,49,0,0,0,49
05/23/2017,AGS,GA,ASO,ES,Combined TRACON& Tower with Radar,3,25,10,1,39,0,0,2,0,2,3,25,12,1,41,0,0,0,41
05/24/2017,AGS,GA,ASO,ES,Combined TRACON& Tower with Radar,2,32,8,1,43,0,1,2,0,3,2,33,10,1,46,0,0,0,46
05/25/2017,AGS,GA,ASO,ES,Combined TRACON& Tower with Radar,3,33,26,1,63,0,3,9,0,12,3,36,35,1,75,8,0,8,83
05/26/2017,AGS,GA,ASO,ES,Combined TRACON& Tower with Radar,3,30,9,10,52,0,0,7,0,7,3,30,16,10,59,0,12,12,71
05/27/2017,AGS,GA,ASO,ES,Combined TRACON& Tower with Radar,4,15,4,0,23,0,0,12,1,13,4,15,16,1,36,2,0,2,38
05/28/2017,AGS,GA,ASO,ES,Combined TRACON& Tower with Radar,4,21,8,4,37,0,0,5,0,5,4,21,13,4,42,0,0,0,42
05/29/2017,AGS,GA,ASO,ES,Combined TRACON& Tower with Radar,6,26,2,0,34,0,0,5,0,5,6,26,7,0,39,0,0,0,39
05/30/2017,AGS,GA,ASO,ES,Combined TRACON& Tower with Radar,3,31,20,9,63,0,0,11,7,18,3,31,31,16,81,10,7,17,98
05/31/2017,AGS,GA,ASO,ES,Combined TRACON& Tower with Radar,6,30,11,2,49,0,1,3,2,6,6,31,14,4,55,0,0,0,55
06/01/2017,AGS,GA,ASO,ES,Combined TRACON& Tower with Radar,3,28,20,0,51,0,0,13,0,13,3,28,33,0,64,14,0,14,78
06/02/2017,AGS,GA,ASO,ES,Combined TRACON& Tower with Radar,3,28,6,12,49,0,0,8,0,8,3,28,14,12,57,12,1,13,70
06/03/2017,AGS,GA,ASO,ES,Combined TRACON& Tower with Radar,4,23,3,0,30,0,0,13,0,13,4,23,16,0,43,4,0,4,47
06/04/2017,AGS,GA,ASO,ES,Combined TRACON& Tower with Radar,3,28,15,0,46,0,0,5,0,5,3,28,20,0,51,8,0,8,59
06/05/2017,AGS,GA,ASO,ES,Combined TRACON& Tower with Radar,7,30,16,16,69,0,0,0,0,0,7,30,16,16,69,2,26,28,97
06/06/2017,AGS,GA,ASO,ES,Combined TRACON& Tower with Radar,4,26,26,0,56,0,0,11,1,12,4,26,37,1,68,23,0,23,91
06/07/2017,AGS,GA,ASO,ES,Combined TRACON& Tower with Radar,4,26,14,11,55,0,0,2,2,4,4,26,16,13,59,2,6,8,67
06/08/2017,AGS,GA,ASO,ES,Combined TRACON& Tower with Radar,3,22,20,11,56,0,0,21,0,21,3,22,41,11,77,10,12,22,99
06/09/2017,AGS,GA,ASO,ES,Combined TRACON& Tower with Radar,3,22,16,2,43,0,0,11,0,11,3,22,27,2,54,0,0,0,54
06/10/2017,AGS,GA,ASO,ES,Combined TRACON& Tower with Radar,4,18,5,0,27,0,5,13,0,18,4,23,18,0,45,8,0,8,53
06/11/2017,AGS,GA,ASO,ES,Combined TRACON& Tower with Radar,2,24,13,0,39,0,1,9,0,10,2,25,22,0,49,24,0,24,73
06/12/2017,AGS,GA,ASO,ES,Combined TRACON& Tower with Radar,4,20,30,15,69,0,0,10,3,13,4,20,40,18,82,22,24,46,128
06/13/2017,AGS,GA,ASO,ES,Combined TRACON& Tower with Radar,4,22,15,18,59,0,0,5,0,5,4,22,20,18,64,12,37,49,113
06/14/2017,AGS,GA,ASO,ES,Combined TRACON& Tower with Radar,3,31,12,8,54,0,1,7,0,8,3,32,19,8,62,2,6,8,70
06/15/2017,AGS,GA,ASO,ES,Combined TRACON& Tower with Radar,10,36,17,7,70,0,1,8,3,12,10,37,25,10,82,6,38,44,126
06/16/2017,AGS,GA,ASO,ES,Combined TRACON& Tower with Radar,4,24,20,0,48,0,1,3,0,4,4,25,23,0,52,2,0,2,54
06/17/2017,AGS,GA,ASO,ES,Combined TRACON& Tower with Radar,11,24,5,0,40,0,0,6,0,6,11,24,11,0,46,0,0,0,46
06/18/2017,AGS,GA,ASO,ES,Combined TRACON& Tower with Radar,4,25,4,0,33,0,2,4,0,6,4,27,8,0,39,0,0,0,39
06/19/2017,AGS,GA,ASO,ES,Combined TRACON& Tower with Radar,4,24,24,8,60,0,0,10,0,10,4,24,34,8,70,9,0,9,79
06/20/2017,AGS,GA,ASO,ES,Combined TRACON& Tower with Radar,6,23,14,5,48,0,0,0,0,0,6,23,14,5,48,0,8,8,56
06/21/2017,AGS,GA,ASO,ES,Combined TRACON& Tower with Radar,4,25,21,13,63,0,0,1,0,1,4,25,22,13,64,0,4,4,68
06/22/2017,AGS,GA,ASO,ES,Combined TRACON& Tower with Radar,4,30,13,5,52,0,2,1,0,3,4,32,14,5,55,10,10,20,75
06/23/2017,AGS,GA,ASO,ES,Combined TRACON& Tower with Radar,4,25,4,0,33,0,0,5,0,5,4,25,9,0,38,6,0,6,44
06/24/2017,AGS,GA,ASO,ES,Combined TRACON& Tower with Radar,1,22,4,0,27,0,0,2,0,2,1,22,6,0,29,0,0,0,29
06/25/2017,AGS,GA,ASO,ES,Combined TRACON& Tower with Radar,4,23,4,2,33,0,0,5,0,5,4,23,9,2,38,8,0,8,46
06/26/2017,AGS,GA,ASO,ES,Combined TRACON& Tower with Radar,4,32,17,8,61,0,0,10,3,13,4,32,27,11,74,20,2,22,96
06/27/2017,AGS,GA,ASO,ES,Combined TRACON& Tower with Radar,4,24,17,16,61,0,0,8,5,13,4,24,25,21,74,5,14,19,93
06/28/2017,AGS,GA,ASO,ES,Combined TRACON& Tower with Radar,4,28,11,27,70,0,0,12,1,13,4,28,23,28,83,6,16,22,105
06/29/2017,AGS,GA,ASO,ES,Combined TRACON& Tower with Radar,7,24,24,17,72,0,0,9,1,10,7,24,33,18,82,2,6,8,90
06/30/2017,AGS,GA,ASO,ES,Combined TRACON& Tower with Radar,5,28,11,1,45,0,0,2,0,2,5,28,13,1,47,0,0,0,47
07/01/2017,AGS,GA,ASO,ES,Combined TRACON& Tower with Radar,4,18,17,0,39,0,0,3,0,3,4,18,20,0,42,0,0,0,42
07/02/2017,AGS,GA,ASO,ES,Combined TRACON& Tower with Radar,6,13,3,1,23,0,0,4,0,4,6,13,7,1,27,0,0,0,27
07/03/2017,AGS,GA,ASO,ES,Combined TRACON& Tower with Radar,5,15,7,0,27,0,0,3,0,3,5,15,10,0,30,0,0,0,30
07/04/2017,AGS,GA,ASO,ES,Combined TRACON& Tower with Radar,7,15,4,0,26,0,0,3,0,3,7,15,7,0,29,0,0,0,29
07/05/2017,AGS,GA,ASO,ES,Combined TRACON& Tower with Radar,5,18,6,10,39,0,0,8,0,8,5,18,14,10,47,9,12,21,68
07/06/2017,AGS,GA,ASO,ES,Combined TRACON& Tower with Radar,7,20,20,12,59,0,2,16,2,20,7,22,36,14,79,19,18,37,116
07/07/2017,AGS,GA,ASO,ES,Combined TRACON& Tower with Radar,7,16,13,3,39,0,1,5,3,9,7,17,18,6,48,4,26,30,78
07/08/2017,AGS,GA,ASO,ES,Combined TRACON& Tower with Radar,7,20,3,0,30,0,0,13,0,13,7,20,16,0,43,2,0,2,45
07/09/2017,AGS,GA,ASO,ES,Combined TRACON& Tower with Radar,7,13,4,0,24,0,0,4,0,4,7,13,8,0,28,0,0,0,28
07/10/2017,AGS,GA,ASO,ES,Combined TRACON& Tower with Radar,9,16,16,3,44,0,0,0,2,2,9,16,16,5,46,0,0,0,46
07/11/2017,AGS,GA,ASO,ES,Combined TRACON& Tower with Radar,11,23,5,2,41,0,0,1,0,1,11,23,6,2,42,0,0,0,42
07/12/2017,AGS,GA,ASO,ES,Combined TRACON& Tower with Radar,9,29,44,5,87,0,2,10,1,13,9,31,54,6,100,0,0,0,100
07/13/2017,AGS,GA,ASO,ES,Combined TRACON& Tower with Radar,7,43,58,6,114,0,6,13,0,19,7,49,71,6,133,0,0,0,133
07/14/2017,AGS,GA,ASO,ES,Combined TRACON& Tower with Radar,5,42,36,0,83,0,0,8,0,8,5,42,44,0,91,0,0,0,91
07/15/2017,AGS,GA,ASO,ES,Combined TRACON& Tower with Radar,7,34,31,0,72,0,1,2,0,3,7,35,33,0,75,0,0,0,75
07/16/2017,AGS,GA,ASO,ES,Combined TRACON& Tower with Radar,7,28,22,2,59,0,0,1,0,1,7,28,23,2,60,0,0,0,60
07/17/2017,AGS,GA,ASO,ES,Combined TRACON& Tower with Radar,9,20,16,4,49,0,0,1,1,2,9,20,17,5,51,0,0,0,51
07/18/2017,AGS,GA,ASO,ES,Combined TRACON& Tower with Radar,14,17,31,9,71,0,0,1,1,2,14,17,32,10,73,0,0,0,73
07/19/2017,AGS,GA,ASO,ES,Combined TRACON& Tower with Radar,9,26,17,13,65,0,2,2,8,12,9,28,19,21,77,0,0,0,77
07/20/2017,AGS,GA,ASO,ES,Combined TRACON& Tower with Radar,9,25,13,6,53,0,0,19,2,21,9,25,32,8,74,0,0,0,74
07/21/2017,AGS,GA,ASO,ES,Combined TRACON& Tower with Radar,9,19,11,1,40,0,2,8,2,12,9,21,19,3,52,0,0,0,52
07/22/2017,AGS,GA,ASO,ES,Combined TRACON& Tower with Radar,5,21,9,0,35,0,0,7,0,7,5,21,16,0,42,0,0,0,42
07/23/2017,AGS,GA,ASO,ES,Combined TRACON& Tower with Radar,11,15,7,4,37,0,0,2,0,2,11,15,9,4,39,0,0,0,39
07/24/2017,AGS,GA,ASO,ES,Combined TRACON& Tower with Radar,10,20,17,2,49,0,0,2,0,2,10,20,19,2,51,0,0,0,51
07/25/2017,AGS,GA,ASO,ES,Combined TRACON& Tower with Radar,9,23,21,8,61,0,0,1,2,3,9,23,22,10,64,0,0,0,64
07/26/2017,AGS,GA,ASO,ES,Combined TRACON& Tower with Radar,8,21,11,2,42,0,0,3,0,3,8,21,14,2,45,0,0,0,45
07/27/2017,AGS,GA,ASO,ES,Combined TRACON& Tower with Radar,13,21,17,0,51,0,0,2,0,2,13,21,19,0,53,0,0,0,53
07/28/2017,AGS,GA,ASO,ES,Combined TRACON& Tower with Radar,7,25,10,3,45,0,1,7,1,9,7,26,17,4,54,0,0,0,54
07/29/2017,AGS,GA,ASO,ES,Combined TRACON& Tower with Radar,7,18,6,0,31,0,0,0,0,0,7,18,6,0,31,0,0,0,31
07/30/2017,AGS,GA,ASO,ES,Combined TRACON& Tower with Radar,9,17,11,8,45,0,2,10,4,16,9,19,21,12,61,0,0,0,61
07/31/2017,AGS,GA,ASO,ES,Combined TRACON& Tower with Radar,6,22,28,2,58,0,1,11,0,12,6,23,39,2,70,0,0,0,70
08/01/2017,AGS,GA,ASO,ES,Combined TRACON& Tower with Radar,7,29,8,8,52,0,1,5,0,6,7,30,13,8,58,6,8,14,72
08/02/2017,AGS,GA,ASO,ES,Combined TRACON& Tower with Radar,7,21,27,5,60,0,0,7,5,12,7,21,34,10,72,1,8,9,81
08/03/2017,AGS,GA,ASO,ES,Combined TRACON& Tower with Radar,7,29,30,0,66,0,0,10,0,10,7,29,40,0,76,10,0,10,86
08/04/2017,AGS,GA,ASO,ES,Combined TRACON& Tower with Radar,6,21,12,4,43,0,0,5,1,6,6,21,17,5,49,1,0,1,50
08/05/2017,AGS,GA,ASO,ES,Combined TRACON& Tower with Radar,5,18,4,3,30,0,0,6,1,7,5,18,10,4,37,0,5,5,42
08/06/2017,AGS,GA,ASO,ES,Combined TRACON& Tower with Radar,9,19,6,0,34,0,0,4,0,4,9,19,10,0,38,2,0,2,40
08/07/2017,AGS,GA,ASO,ES,Combined TRACON& Tower with Radar,6,19,12,0,37,0,0,6,0,6,6,19,18,0,43,10,0,10,53
08/08/2017,AGS,GA,ASO,ES,Combined TRACON& Tower with Radar,7,21,20,0,48,0,0,0,0,0,7,21,20,0,48,0,0,0,48
08/09/2017,AGS,GA,ASO,ES,Combined TRACON& Tower with Radar,7,17,20,0,44,0,0,2,0,2,7,17,22,0,46,0,0,0,46
08/10/2017,AGS,GA,ASO,ES,Combined TRACON& Tower with Radar,9,24,20,1,54,0,0,4,0,4,9,24,24,1,58,2,0,2,60
08/11/2017,AGS,GA,ASO,ES,Combined TRACON& Tower with Radar,7,19,11,10,47,0,0,2,0,2,7,19,13,10,49,0,10,10,59
08/12/2017,AGS,GA,ASO,ES,Combined TRACON& Tower with Radar,4,20,8,0,32,0,0,5,0,5,4,20,13,0,37,2,0,2,39
08/13/2017,AGS,GA,ASO,ES,Combined TRACON& Tower with Radar,7,19,8,0,34,0,0,4,0,4,7,19,12,0,38,0,0,0,38
08/14/2017,AGS,GA,ASO,ES,Combined TRACON& Tower with Radar,9,16,10,0,35,0,1,1,0,2,9,17,11,0,37,0,0,0,37
08/15/2017,AGS,GA,ASO,ES,Combined TRACON& Tower with Radar,6,21,22,7,56,0,0,3,1,4,6,21,25,8,60,0,8,8,68
08/16/2017,AGS,GA,ASO,ES,Combined TRACON& Tower with Radar,5,17,29,10,61,0,3,15,9,27,5,20,44,19,88,40,6,46,134
08/17/2017,AGS,GA,ASO,ES,Combined TRACON& Tower with Radar,6,23,13,5,47,0,0,5,0,5,6,23,18,5,52,8,4,12,64
08/18/2017,AGS,GA,ASO,ES,Combined TRACON& Tower with Radar,5,18,10,0,33,0,0,4,0,4,5,18,14,0,37,28,0,28,65
08/19/2017,AGS,GA,ASO,ES,Combined TRACON& Tower with Radar,5,17,1,0,23,0,1,7,0,8,5,18,8,0,31,0,0,0,31
08/20/2017,AGS,GA,ASO,ES,Combined TRACON& Tower with Radar,5,20,10,0,35,0,0,9,0,9,5,20,19,0,44,14,0,14,58
08/21/2017,AGS,GA,ASO,ES,Combined TRACON& Tower with Radar,5,25,13,3,46,0,2,6,3,11,5,27,19,6,57,0,0,0,57
08/22/2017,AGS,GA,ASO,ES,Combined TRACON& Tower with Radar,6,29,29,4,68,0,0,0,1,1,6,29,29,5,69,3,6,9,78
08/23/2017,AGS,GA,ASO,ES,Combined TRACON& Tower with Radar,5,26,18,13,62,0,2,5,3,10,5,28,23,16,72,28,50,78,150
08/24/2017,AGS,GA,ASO,ES,Combined TRACON& Tower with Radar,6,22,31,8,67,0,0,13,1,14,6,22,44,9,81,28,12,40,121
08/25/2017,AGS,GA,ASO,ES,Combined TRACON& Tower with Radar,5,24,21,2,52,0,0,2,0,2,5,24,23,2,54,2,0,2,56
08/26/2017,AGS,GA,ASO,ES,Combined TRACON& Tower with Radar,7,11,3,3,24,0,0,6,0,6,7,11,9,3,30,12,0,12,42
08/27/2017,AGS,GA,ASO,ES,Combined TRACON& Tower with Radar,6,19,6,0,31,0,0,3,0,3,6,19,9,0,34,0,0,0,34
08/28/2017,AGS,GA,ASO,ES,Combined TRACON& Tower with Radar,9,21,14,7,51,0,1,2,8,11,9,22,16,15,62,0,52,52,114
08/29/2017,AGS,GA,ASO,ES,Combined TRACON& Tower with Radar,7,21,16,5,49,0,0,6,3,9,7,21,22,8,58,0,0,0,58
08/30/2017,AGS,GA,ASO,ES,Combined TRACON& Tower with Radar,7,20,14,4,45,0,0,10,5,15,7,20,24,9,60,6,27,33,93
08/31/2017,AGS,GA,ASO,ES,Combined TRACON& Tower with Radar,7,20,26,10,63,0,0,1,1,2,7,20,27,11,65,0,10,10,75
09/01/2017,AGS,GA,ASO,ES,Combined TRACON& Tower with Radar,7,18,15,0,40,0,0,2,1,3,7,18,17,1,43,10,0,10,53
09/02/2017,AGS,GA,ASO,ES,Combined TRACON& Tower with Radar,7,11,0,0,18,0,0,4,0,4,7,11,4,0,22,0,0,0,22
09/03/2017,AGS,GA,ASO,ES,Combined TRACON& Tower with Radar,7,11,2,0,20,0,0,10,1,11,7,11,12,1,31,8,0,8,39
09/04/2017,AGS,GA,ASO,ES,Combined TRACON& Tower with Radar,7,18,7,0,32,0,0,12,0,12,7,18,19,0,44,6,0,6,50
09/05/2017,AGS,GA,ASO,ES,Combined TRACON& Tower with Radar,8,18,16,2,44,0,0,7,0,7,8,18,23,2,51,0,2,2,53
09/06/2017,AGS,GA,ASO,ES,Combined TRACON& Tower with Radar,9,27,16,0,52,0,3,2,0,5,9,30,18,0,57,22,0,22,79
09/07/2017,AGS,GA,ASO,ES,Combined TRACON& Tower with Radar,9,20,33,0,62,0,3,24,6,33,9,23,57,6,95,12,0,12,107
09/08/2017,AGS,GA,ASO,ES,Combined TRACON& Tower with Radar,6,20,15,0,41,0,0,25,0,25,6,20,40,0,66,0,0,0,66
09/09/2017,AGS,GA,ASO,ES,Combined TRACON& Tower with Radar,7,9,14,0,30,0,1,15,0,16,7,10,29,0,46,14,0,14,60
09/10/2017,AGS,GA,ASO,ES,Combined TRACON& Tower with Radar,9,21,18,0,48,0,0,4,0,4,9,21,22,0,52,2,0,2,54
09/11/2017,AGS,GA,ASO,ES,Combined TRACON& Tower with Radar,5,2,0,0,7,0,0,2,0,2,5,2,2,0,9,0,0,0,9
09/12/2017,AGS,GA,ASO,ES,Combined TRACON& Tower with Radar,10,17,18,0,45,0,0,11,0,11,10,17,29,0,56,0,0,0,56
09/13/2017,AGS,GA,ASO,ES,Combined TRACON& Tower with Radar,9,15,20,4,48,0,3,20,0,23,9,18,40,4,71,24,2,26,97
09/14/2017,AGS,GA,ASO,ES,Combined TRACON& Tower with Radar,9,17,13,0,39,0,0,7,0,7,9,17,20,0,46,18,0,18,64
09/15/2017,AGS,GA,ASO,ES,Combined TRACON& Tower with Radar,7,24,16,0,47,0,2,4,1,7,7,26,20,1,54,2,2,4,58
09/16/2017,AGS,GA,ASO,ES,Combined TRACON& Tower with Radar,9,12,4,0,25,0,1,16,0,17,9,13,20,0,42,6,0,6,48
09/17/2017,AGS,GA,ASO,ES,Combined TRACON& Tower with Radar,9,20,9,0,38,0,1,4,0,5,9,21,13,0,43,2,0,2,45
09/18/2017,AGS,GA,ASO,ES,Combined TRACON& Tower with Radar,11,18,23,1,53,0,2,11,0,13,11,20,34,1,66,10,0,10,76
09/19/2017,AGS,GA,ASO,ES,Combined TRACON& Tower with Radar,9,21,16,20,66,0,0,8,1,9,9,21,24,21,75,1,47,48,123
09/20/2017,AGS,GA,ASO,ES,Combined TRACON& Tower with Radar,12,20,18,9,59,0,1,7,0,8,12,21,25,9,67,6,14,20,87
09/21/2017,AGS,GA,ASO,ES,Combined TRACON& Tower with Radar,11,16,19,8,54,0,0,8,0,8,11,16,27,8,62,10,0,10,72
09/22/2017,AGS,GA,ASO,ES,Combined TRACON& Tower with Radar,9,22,6,7,44,0,0,11,2,13,9,22,17,9,57,4,0,4,61
09/23/2017,AGS,GA,ASO,ES,Combined TRACON& Tower with Radar,7,12,6,0,25,0,0,11,0,11,7,12,17,0,36,8,0,8,44
09/24/2017,AGS,GA,ASO,ES,Combined TRACON& Tower with Radar,11,20,9,2,42,0,0,11,1,12,11,20,20,3,54,12,0,12,66
09/25/2017,AGS,GA,ASO,ES,Combined TRACON& Tower with Radar,12,24,12,0,48,0,0,6,0,6,12,24,18,0,54,0,0,0,54
09/26/2017,AGS,GA,ASO,ES,Combined TRACON& Tower with Radar,10,20,10,2,42,0,0,13,0,13,10,20,23,2,55,23,0,23,78
09/27/2017,AGS,GA,ASO,ES,Combined TRACON& Tower with Radar,10,17,15,0,42,0,2,14,2,18,10,19,29,2,60,10,0,10,70
09/28/2017,AGS,GA,ASO,ES,Combined TRACON& Tower with Radar,9,25,20,4,58,0,6,20,0,26,9,31,40,4,84,8,4,12,96
09/29/2017,AGS,GA,ASO,ES,Combined TRACON& Tower with Radar,9,25,14,0,48,0,1,7,0,8,9,26,21,0,56,0,0,0,56
09/30/2017,AGS,GA,ASO,ES,Combined TRACON& Tower with Radar,8,19,5,8,40,0,0,5,0,5,8,19,10,8,45,10,0,10,55
10/01/2017,AGS,GA,ASO,ES,Combined TRACON& Tower with Radar,6,19,7,2,34,0,0,7,0,7,6,19,14,2,41,18,0,18,59
10/02/2017,AGS,GA,ASO,ES,Combined TRACON& Tower with Radar,9,17,22,11,59,0,2,16,4,22,9,19,38,15,81,16,40,56,137
10/03/2017,AGS,GA,ASO,ES,Combined TRACON& Tower with Radar,11,24,16,0,51,0,3,9,3,15,11,27,25,3,66,18,0,18,84
10/04/2017,AGS,GA,ASO,ES,Combined TRACON& Tower with Radar,9,20,24,2,55,0,2,4,0,6,9,22,28,2,61,0,0,0,61
10/05/2017,AGS,GA,ASO,ES,Combined TRACON& Tower with Radar,12,19,13,0,44,0,0,11,0,11,12,19,24,0,55,0,0,0,55
10/06/2017,AGS,GA,ASO,ES,Combined TRACON& Tower with Radar,10,20,18,0,48,0,0,8,0,8,10,20,26,0,56,10,0,10,66
10/07/2017,AGS,GA,ASO,ES,Combined TRACON& Tower with Radar,3,16,10,0,29,0,1,2,0,3,3,17,12,0,32,0,0,0,32
10/08/2017,AGS,GA,ASO,ES,Combined TRACON& Tower with Radar,6,20,8,0,34,0,0,1,0,1,6,20,9,0,35,0,0,0,35
10/09/2017,AGS,GA,ASO,ES,Combined TRACON& Tower with Radar,11,18,6,0,35,0,0,0,0,0,11,18,6,0,35,0,0,0,35
10/10/2017,AGS,GA,ASO,ES,Combined TRACON& Tower with Radar,9,18,16,20,63,0,0,2,0,2,9,18,18,20,65,0,6,6,71
10/11/2017,AGS,GA,ASO,ES,Combined TRACON& Tower with Radar,9,19,20,8,56,0,0,7,0,7,9,19,27,8,63,0,4,4,67
10/12/2017,AGS,GA,ASO,ES,Combined TRACON& Tower with Radar,9,22,11,5,47,0,4,6,3,13,9,26,17,8,60,14,20,34,94
10/13/2017,AGS,GA,ASO,ES,Combined TRACON& Tower with Radar,7,18,13,0,38,0,0,3,0,3,7,18,16,0,41,0,0,0,41
10/14/2017,AGS,GA,ASO,ES,Combined TRACON& Tower with Radar,4,15,3,0,22,0,0,3,0,3,4,15,6,0,25,16,0,16,41
10/15/2017,AGS,GA,ASO,ES,Combined TRACON& Tower with Radar,8,19,8,0,35,0,0,2,0,2,8,19,10,0,37,4,0,4,41
10/16/2017,AGS,GA,ASO,ES,Combined TRACON& Tower with Radar,9,23,22,11,65,0,0,5,0,5,9,23,27,11,70,18,6,24,94
10/17/2017,AGS,GA,ASO,ES,Combined TRACON& Tower with Radar,9,20,24,5,58,0,0,6,0,6,9,20,30,5,64,5,0,5,69
10/18/2017,AGS,GA,ASO,ES,Combined TRACON& Tower with Radar,11,30,26,1,68,0,0,10,0,10,11,30,36,1,78,0,0,0,78
10/19/2017,AGS,GA,ASO,ES,Combined TRACON& Tower with Radar,10,37,38,1,86,0,0,8,0,8,10,37,46,1,94,6,0,6,100
10/20/2017,AGS,GA,ASO,ES,Combined TRACON& Tower with Radar,10,39,45,18,112,0,2,6,3,11,10,41,51,21,123,24,20,44,167
10/21/2017,AGS,GA,ASO,ES,Combined TRACON& Tower with Radar,4,31,29,5,69,0,0,5,0,5,4,31,34,5,74,20,0,20,94
10/22/2017,AGS,GA,ASO,ES,Combined TRACON& Tower with Radar,7,30,24,7,68,0,0,2,0,2,7,30,26,7,70,0,6,6,76
10/23/2017,AGS,GA,ASO,ES,Combined TRACON& Tower with Radar,9,33,16,5,63,0,0,2,0,2,9,33,18,5,65,0,0,0,65
10/24/2017,AGS,GA,ASO,ES,Combined TRACON& Tower with Radar,7,29,34,5,75,0,4,10,1,15,7,33,44,6,90,3,0,3,93
10/25/2017,AGS,GA,ASO,ES,Combined TRACON& Tower with Radar,11,25,24,6,66,0,0,10,2,12,11,25,34,8,78,7,0,7,85
10/26/2017,AGS,GA,ASO,ES,Combined TRACON& Tower with Radar,9,27,26,0,62,0,2,16,0,18,9,29,42,0,80,12,0,12,92
10/27/2017,AGS,GA,ASO,ES,Combined TRACON& Tower with Radar,9,32,17,2,60,0,0,10,0,10,9,32,27,2,70,10,0,10,80
10/28/2017,AGS,GA,ASO,ES,Combined TRACON& Tower with Radar,3,17,21,0,41,0,1,8,0,9,3,18,29,0,50,27,0,27,77
10/29/2017,AGS,GA,ASO,ES,Combined TRACON& Tower with Radar,6,21,11,0,38,0,0,3,0,3,6,21,14,0,41,1,0,1,42
10/30/2017,AGS,GA,ASO,ES,Combined TRACON& Tower with Radar,10,19,15,0,44,0,0,10,0,10,10,19,25,0,54,2,0,2,56
10/31/2017,AGS,GA,ASO,ES,Combined TRACON& Tower with Radar,9,23,27,2,61,0,0,5,0,5,9,23,32,2,66,4,0,4,70
11/01/2017,AGS,GA,ASO,ES,Combined TRACON& Tower with Radar,9,30,31,5,75,0,4,10,4,18,9,34,41,9,93,34,2,36,129
11/02/2017,AGS,GA,ASO,ES,Combined TRACON& Tower with Radar,10,26,36,5,77,0,2,0,1,3,10,28,36,6,80,5,9,14,94
11/03/2017,AGS,GA,ASO,ES,Combined TRACON& Tower with Radar,7,28,19,14,68,0,2,4,6,12,7,30,23,20,80,0,14,14,94
11/04/2017,AGS,GA,ASO,ES,Combined TRACON& Tower with Radar,3,22,14,4,43,0,0,5,3,8,3,22,19,7,51,0,4,4,55
11/05/2017,AGS,GA,ASO,ES,Combined TRACON& Tower with Radar,5,27,13,4,49,0,0,3,0,3,5,27,16,4,52,0,0,0,52
11/06/2017,AGS,GA,ASO,ES,Combined TRACON& Tower with Radar,9,22,26,9,66,0,2,7,1,10,9,24,33,10,76,0,12,12,88
11/07/2017,AGS,GA,ASO,ES,Combined TRACON& Tower with Radar,10,31,35,8,84,0,3,8,0,11,10,34,43,8,95,29,0,29,124
11/08/2017,AGS,GA,ASO,ES,Combined TRACON& Tower with Radar,10,34,56,3,103,0,0,1,0,1,10,34,57,3,104,0,0,0,104
11/09/2017,AGS,GA,ASO,ES,Combined TRACON& Tower with Radar,9,42,56,13,120,0,0,0,1,1,9,42,56,14,121,2,12,14,135
11/10/2017,AGS,GA,ASO,ES,Combined TRACON& Tower with Radar,11,34,37,0,82,0,0,8,3,11,11,34,45,3,93,10,2,12,105
11/11/2017,AGS,GA,ASO,ES,Combined TRACON& Tower with Radar,5,32,23,0,60,0,0,5,0,5,5,32,28,0,65,0,0,0,65
11/12/2017,AGS,GA,ASO,ES,Combined TRACON& Tower with Radar,5,31,18,0,54,0,0,2,0,2,5,31,20,0,56,11,0,11,67
11/13/2017,AGS,GA,ASO,ES,Combined TRACON& Tower with Radar,10,36,30,13,89,0,0,7,1,8,10,36,37,14,97,3,12,15,112
11/14/2017,AGS,GA,ASO,ES,Combined TRACON& Tower with Radar,11,32,25,13,81,0,0,10,2,12,11,32,35,15,93,2,14,16,109
11/15/2017,AGS,GA,ASO,ES,Combined TRACON& Tower with Radar,11,37,36,1,85,0,1,16,0,17,11,38,52,1,102,0,0,0,102
11/16/2017,AGS,GA,ASO,ES,Combined TRACON& Tower with Radar,9,31,44,3,87,0,0,5,2,7,9,31,49,5,94,34,10,44,138
11/17/2017,AGS,GA,ASO,ES,Combined TRACON& Tower with Radar,9,25,22,2,58,0,5,9,4,18,9,30,31,6,76,9,4,13,89
11/18/2017,AGS,GA,ASO,ES,Combined TRACON& Tower with Radar,7,26,11,0,44,0,0,10,0,10,7,26,21,0,54,24,0,24,78
11/19/2017,AGS,GA,ASO,ES,Combined TRACON& Tower with Radar,5,21,23,0,49,0,2,7,0,9,5,23,30,0,58,2,0,2,60
11/20/2017,AGS,GA,ASO,ES,Combined TRACON& Tower with Radar,10,23,21,0,54,0,0,5,0,5,10,23,26,0,59,44,2,46,105
11/21/2017,AGS,GA,ASO,ES,Combined TRACON& Tower with Radar,9,19,33,10,71,0,1,5,0,6,9,20,38,10,77,15,10,25,102
11/22/2017,AGS,GA,ASO,ES,Combined TRACON& Tower with Radar,9,30,26,4,69,0,1,1,2,4,9,31,27,6,73,2,0,2,75
11/23/2017,AGS,GA,ASO,ES,Combined TRACON& Tower with Radar,6,13,2,0,21,0,0,6,0,6,6,13,8,0,27,0,0,0,27
11/24/2017,AGS,GA,ASO,ES,Combined TRACON& Tower with Radar,5,21,5,0,31,0,0,5,0,5,5,21,10,0,36,3,0,3,39
11/25/2017,AGS,GA,ASO,ES,Combined TRACON& Tower with Radar,8,35,9,0,52,0,2,7,1,10,8,37,16,1,62,8,0,8,70
11/26/2017,AGS,GA,ASO,ES,Combined TRACON& Tower with Radar,11,24,13,0,48,0,0,7,0,7,11,24,20,0,55,2,0,2,57
11/27/2017,AGS,GA,ASO,ES,Combined TRACON& Tower with Radar,10,32,9,4,55,0,4,6,0,10,10,36,15,4,65,14,4,18,83
11/28/2017,AGS,GA,ASO,ES,Combined TRACON& Tower with Radar,6,20,19,4,49,0,0,8,2,10,6,20,27,6,59,10,2,12,71
11/29/2017,AGS,GA,ASO,ES,Combined TRACON& Tower with Radar,7,27,21,6,61,0,3,10,0,13,7,30,31,6,74,4,0,4,78
11/30/2017,AGS,GA,ASO,ES,Combined TRACON& Tower with Radar,6,42,31,4,83,0,1,2,3,6,6,43,33,7,89,0,0,0,89
12/01/2017,AGS,GA,ASO,ES,Combined TRACON& Tower with Radar,5,42,30,13,90,0,0,0,0,0,5,42,30,13,90,0,12,12,102
12/02/2017,AGS,GA,ASO,ES,Combined TRACON& Tower with Radar,5,32,32,1,70,0,2,0,0,2,5,34,32,1,72,4,0,4,76
12/03/2017,AGS,GA,ASO,ES,Combined TRACON& Tower with Radar,6,30,19,0,55,0,1,5,1,7,6,31,24,1,62,2,0,2,64
12/04/2017,AGS,GA,ASO,ES,Combined TRACON& Tower with Radar,7,29,22,25,83,0,1,8,6,15,7,30,30,31,98,0,48,48,146
12/05/2017,AGS,GA,ASO,ES,Combined TRACON& Tower with Radar,5,33,17,17,72,0,0,0,2,2,5,33,17,19,74,0,4,4,78
12/06/2017,AGS,GA,ASO,ES,Combined TRACON& Tower with Radar,6,35,17,2,60,0,0,1,2,3,6,35,18,4,63,0,0,0,63
12/07/2017,AGS,GA,ASO,ES,Combined TRACON& Tower with Radar,5,24,19,2,50,0,0,2,5,7,5,24,21,7,57,4,0,4,61
12/08/2017,AGS,GA,ASO,ES,Combined TRACON& Tower with Radar,1,21,16,0,38,0,0,0,0,0,1,21,16,0,38,0,0,0,38
12/09/2017,AGS,GA,ASO,ES,Combined TRACON& Tower with Radar,2,21,11,0,34,0,4,1,0,5,2,25,12,0,39,24,0,24,63
12/10/2017,AGS,GA,ASO,ES,Combined TRACON& Tower with Radar,6,25,8,0,39,0,0,10,0,10,6,25,18,0,49,14,0,14,63
12/11/2017,AGS,GA,ASO,ES,Combined TRACON& Tower with Radar,6,34,10,25,75,0,3,9,4,16,6,37,19,29,91,2,32,34,125
12/12/2017,AGS,GA,ASO,ES,Combined TRACON& Tower with Radar,5,26,13,1,45,0,0,2,0,2,5,26,15,1,47,8,0,8,55
12/13/2017,AGS,GA,ASO,ES,Combined TRACON& Tower with Radar,5,29,17,3,54,0,0,9,3,12,5,29,26,6,66,20,0,20,86
12/14/2017,AGS,GA,ASO,ES,Combined TRACON& Tower with Radar,6,27,26,1,60,0,0,6,0,6,6,27,32,1,66,15,1,16,82
12/15/2017,AGS,GA,ASO,ES,Combined TRACON& Tower with Radar,5,27,25,1,58,0,0,7,0,7,5,27,32,1,65,6,0,6,71
12/16/2017,AGS,GA,ASO,ES,Combined TRACON& Tower with Radar,5,18,5,0,28,0,0,8,0,8,5,18,13,0,36,10,0,10,46
12/17/2017,AGS,GA,ASO,ES,Combined TRACON& Tower with Radar,2,20,12,0,34,0,0,6,0,6,2,20,18,0,40,2,0,2,42
12/18/2017,AGS,GA,ASO,ES,Combined TRACON& Tower with Radar,4,28,30,5,67,0,0,4,0,4,4,28,34,5,71,18,0,18,89
12/19/2017,AGS,GA,ASO,ES,Combined TRACON& Tower with Radar,7,23,32,4,66,0,0,7,0,7,7,23,39,4,73,14,0,14,87
12/20/2017,AGS,GA,ASO,ES,Combined TRACON& Tower with Radar,6,30,37,0,73,0,0,0,0,0,6,30,37,0,73,0,0,0,73
12/21/2017,AGS,GA,ASO,ES,Combined TRACON& Tower with Radar,3,37,27,0,67,0,0,2,0,2,3,37,29,0,69,8,0,8,77
12/22/2017,AGS,GA,ASO,ES,Combined TRACON& Tower with Radar,2,30,20,0,52,0,0,4,0,4,2,30,24,0,56,25,0,25,81
12/23/2017,AGS,GA,ASO,ES,Combined TRACON& Tower with Radar,2,25,4,0,31,0,0,0,0,0,2,25,4,0,31,0,0,0,31
12/24/2017,AGS,GA,ASO,ES,Combined TRACON& Tower with Radar,0,20,8,0,28,0,0,1,0,1,0,20,9,0,29,2,0,2,31
12/25/2017,AGS,GA,ASO,ES,Combined TRACON& Tower with Radar,0,22,2,0,24,0,0,5,0,5,0,22,7,0,29,0,0,0,29
12/26/2017,AGS,GA,ASO,ES,Combined TRACON& Tower with Radar,2,26,18,0,46,0,0,4,0,4,2,26,22,0,50,0,0,0,50
12/27/2017,AGS,GA,ASO,ES,Combined TRACON& Tower with Radar,2,24,11,11,48,0,0,1,0,1,2,24,12,11,49,0,6,6,55
12/28/2017,AGS,GA,ASO,ES,Combined TRACON& Tower with Radar,2,32,16,1,51,0,0,4,0,4,2,32,20,1,55,8,0,8,63
12/29/2017,AGS,GA,ASO,ES,Combined TRACON& Tower with Radar,2,25,13,6,46,0,0,2,0,2,2,25,15,6,48,0,10,10,58
12/30/2017,AGS,GA,ASO,ES,Combined TRACON& Tower with Radar,0,28,3,0,31,0,0,3,0,3,0,28,6,0,34,2,0,2,36
12/31/2017,AGS,GA,ASO,ES,Combined TRACON& Tower with Radar,1,21,4,0,26,0,0,4,0,4,1,21,8,0,30,0,0,0,30
01/01/2018,AGS,GA,ASO,ES,Combined TRACON& Tower with Radar,5,25,8,0,38,0,2,1,0,3,5,27,9,0,41,25,0,25,66
01/02/2018,AGS,GA,ASO,ES,Combined TRACON& Tower with Radar,6,21,12,0,39,0,0,2,0,2,6,21,14,0,41,0,0,0,41
01/03/2018,AGS,GA,ASO,ES,Combined TRACON& Tower with Radar,2,29,27,2,60,0,0,14,0,14,2,29,41,2,74,0,0,0,74
01/04/2018,AGS,GA,ASO,ES,Combined TRACON& Tower with Radar,1,29,17,1,48,0,2,10,2,14,1,31,27,3,62,6,0,6,68
01/05/2018,AGS,GA,ASO,ES,Combined TRACON& Tower with Radar,1,30,9,0,40,0,1,6,0,7,1,31,15,0,47,0,0,0,47
01/06/2018,AGS,GA,ASO,ES,Combined TRACON& Tower with Radar,3,22,4,0,29,0,0,9,0,9,3,22,13,0,38,0,0,0,38
01/07/2018,AGS,GA,ASO,ES,Combined TRACON& Tower with Radar,2,27,8,0,37,0,0,6,0,6,2,27,14,0,43,2,0,2,45
01/08/2018,AGS,GA,ASO,ES,Combined TRACON& Tower with Radar,4,25,8,0,37,0,0,8,0,8,4,25,16,0,45,10,0,10,55
01/09/2018,AGS,GA,ASO,ES,Combined TRACON& Tower with Radar,4,24,9,8,45,0,0,13,2,15,4,24,22,10,60,4,0,4,64
01/10/2018,AGS,GA,ASO,ES,Combined TRACON& Tower with Radar,3,34,24,23,84,0,0,3,1,4,3,34,27,24,88,2,16,18,106
01/11/2018,AGS,GA,ASO,ES,Combined TRACON& Tower with Radar,3,29,11,1,44,0,0,1,0,1,3,29,12,1,45,0,10,10,55
01/12/2018,AGS,GA,ASO,ES,Combined TRACON& Tower with Radar,5,30,9,0,44,0,0,0,0,0,5,30,9,0,44,2,0,2,46
01/13/2018,AGS,GA,ASO,ES,Combined TRACON& Tower with Radar,3,18,6,1,28,0,0,8,0,8,3,18,14,1,36,6,0,6,42
01/14/2018,AGS,GA,ASO,ES,Combined TRACON& Tower with Radar,5,15,11,0,31,0,2,12,0,14,5,17,23,0,45,0,0,0,45
01/15/2018,AGS,GA,ASO,ES,Combined TRACON& Tower with Radar,6,27,16,0,49,0,1,26,2,29,6,28,42,2,78,17,3,20,98
01/16/2018,AGS,GA,ASO,ES,Combined TRACON& Tower with Radar,5,26,24,6,61,0,0,13,5,18,5,26,37,11,79,8,5,13,92
01/17/2018,AGS,GA,ASO,ES,Combined TRACON& Tower with Radar,2,21,12,1,36,0,0,0,0,0,2,21,12,1,36,0,0,0,36
01/18/2018,AGS,GA,ASO,ES,Combined TRACON& Tower with Radar,2,29,22,8,61,0,1,6,8,15,2,30,28,16,76,6,22,28,104
01/19/2018,AGS,GA,ASO,ES,Combined TRACON& Tower with Radar,4,26,32,8,70,0,2,16,0,18,4,28,48,8,88,8,2,10,98
01/20/2018,AGS,GA,ASO,ES,Combined TRACON& Tower with Radar,3,15,7,0,25,0,2,10,0,12,3,17,17,0,37,28,0,28,65
01/21/2018,AGS,GA,ASO,ES,Combined TRACON& Tower with Radar,5,19,10,0,34,0,0,9,0,9,5,19,19,0,43,25,0,25,68
01/22/2018,AGS,GA,ASO,ES,Combined TRACON& Tower with Radar,4,37,9,4,54,0,0,5,0,5,4,37,14,4,59,12,0,12,71
01/23/2018,AGS,GA,ASO,ES,Combined TRACON& Tower with Radar,4,23,18,2,47,0,2,4,1,7,4,25,22,3,54,0,0,0,54
01/24/2018,AGS,GA,ASO,ES,Combined TRACON& Tower with Radar,4,33,17,1,55,0,2,5,0,7,4,35,22,1,62,10,0,10,72
01/25/2018,AGS,GA,ASO,ES,Combined TRACON& Tower with Radar,4,32,20,1,57,0,0,13,3,16,4,32,33,4,73,12,0,12,85
01/26/2018,AGS,GA,ASO,ES,Combined TRACON& Tower with Radar,4,28,16,8,56,0,0,11,5,16,4,28,27,13,72,12,10,22,94
01/27/2018,AGS,GA,ASO,ES,Combined TRACON& Tower with Radar,3,16,15,0,34,0,0,5,1,6,3,16,20,1,40,4,0,4,44
01/28/2018,AGS,GA,ASO,ES,Combined TRACON& Tower with Radar,6,31,15,0,52,0,0,0,0,0,6,31,15,0,52,0,0,0,52
01/29/2018,AGS,GA,ASO,ES,Combined TRACON& Tower with Radar,4,21,24,9,58,0,0,4,0,4,4,21,28,9,62,0,28,28,90
01/30/2018,AGS,GA,ASO,ES,Combined TRACON& Tower with Radar,4,32,21,2,59,0,1,7,4,12,4,33,28,6,71,21,0,21,92
01/31/2018,AGS,GA,ASO,ES,Combined TRACON& Tower with Radar,5,32,19,6,62,0,2,15,3,20,5,34,34,9,82,2,0,2,84
02/01/2018,AGS,GA,ASO,ES,Combined TRACON& Tower with Radar,5,28,18,4,55,0,0,2,1,3,5,28,20,5,58,0,18,18,76
02/02/2018,AGS,GA,ASO,ES,Combined TRACON& Tower with Radar,4,24,15,4,47,0,0,8,0,8,4,24,23,4,55,10,0,10,65
02/03/2018,AGS,GA,ASO,ES,Combined TRACON& Tower with Radar,5,20,5,2,32,0,0,12,0,12,5,20,17,2,44,11,0,11,55
02/04/2018,AGS,GA,ASO,ES,Combined TRACON& Tower with Radar,4,18,14,2,38,0,0,0,0,0,4,18,14,2,38,0,0,0,38
02/05/2018,AGS,GA,ASO,ES,Combined TRACON& Tower with Radar,5,27,17,4,53,0,0,13,3,16,5,27,30,7,69,12,10,22,91
02/06/2018,AGS,GA,ASO,ES,Combined TRACON& Tower with Radar,5,27,22,16,70,0,0,8,17,25,5,27,30,33,95,6,28,34,129
02/07/2018,AGS,GA,ASO,ES,Combined TRACON& Tower with Radar,11,32,17,0,60,0,0,0,0,0,11,32,17,0,60,0,0,0,60
02/08/2018,AGS,GA,ASO,ES,Combined TRACON& Tower with Radar,3,26,32,10,71,0,0,10,6,16,3,26,42,16,87,0,20,20,107
02/09/2018,AGS,GA,ASO,ES,Combined TRACON& Tower with Radar,3,33,19,5,60,0,0,6,1,7,3,33,25,6,67,2,10,12,79
02/10/2018,AGS,GA,ASO,ES,Combined TRACON& Tower with Radar,3,17,3,0,23,0,0,2,0,2,3,17,5,0,25,0,0,0,25
02/11/2018,AGS,GA,ASO,ES,Combined TRACON& Tower with Radar,2,27,7,0,36,0,0,1,0,1,2,27,8,0,37,0,0,0,37
02/12/2018,AGS,GA,ASO,ES,Combined TRACON& Tower with Radar,3,26,10,0,39,0,0,3,0,3,3,26,13,0,42,0,0,0,42
02/13/2018,AGS,GA,ASO,ES,Combined TRACON& Tower with Radar,4,32,28,1,65,0,0,4,1,5,4,32,32,2,70,4,0,4,74
02/14/2018,AGS,GA,ASO,ES,Combined TRACON& Tower with Radar,4,34,19,12,69,0,0,8,0,8,4,34,27,12,77,0,8,8,85
02/15/2018,AGS,GA,ASO,ES,Combined TRACON& Tower with Radar,5,33,34,6,78,0,0,4,1,5,5,33,38,7,83,4,2,6,89
02/16/2018,AGS,GA,ASO,ES,Combined TRACON& Tower with Radar,6,22,36,2,66,0,4,0,0,4,6,26,36,2,70,2,0,2,72
02/17/2018,AGS,GA,ASO,ES,Combined TRACON& Tower with Radar,8,29,9,4,50,0,0,9,2,11,8,29,18,6,61,18,0,18,79
02/18/2018,AGS,GA,ASO,ES,Combined TRACON& Tower with Radar,9,12,30,0,51,0,2,13,0,15,9,14,43,0,66,28,0,28,94
02/19/2018,AGS,GA,ASO,ES,Combined TRACON& Tower with Radar,7,18,14,0,39,0,1,4,0,5,7,19,18,0,44,20,0,20,64
02/20/2018,AGS,GA,ASO,ES,Combined TRACON& Tower with Radar,7,30,20,1,58,0,1,4,0,5,7,31,24,1,63,0,0,0,63
02/21/2018,AGS,GA,ASO,ES,Combined TRACON& Tower with Radar,9,25,27,3,64,0,1,3,0,4,9,26,30,3,68,0,0,0,68
02/22/2018,AGS,GA,ASO,ES,Combined TRACON& Tower with Radar,7,34,24,5,70,0,1,6,0,7,7,35,30,5,77,0,0,0,77
02/23/2018,AGS,GA,ASO,ES,Combined TRACON& Tower with Radar,7,35,23,1,66,0,1,5,0,6,7,36,28,1,72,6,12,18,90
02/24/2018,AGS,GA,ASO,ES,Combined TRACON& Tower with Radar,6,18,16,0,40,0,0,2,0,2,6,18,18,0,42,14,0,14,56
02/25/2018,AGS,GA,ASO,ES,Combined TRACON& Tower with Radar,8,43,26,2,79,0,0,4,0,4,8,43,30,2,83,2,2,4,87
02/26/2018,AGS,GA,ASO,ES,Combined TRACON& Tower with Radar,9,24,11,4,48,0,0,3,0,3,9,24,14,4,51,0,0,0,51
02/27/2018,AGS,GA,ASO,ES,Combined TRACON& Tower with Radar,10,31,39,0,80,0,0,15,0,15,10,31,54,0,95,8,0,8,103
02/28/2018,AGS,GA,ASO,ES,Combined TRACON& Tower with Radar,8,28,32,0,68,0,2,4,0,6,8,30,36,0,74,0,0,0,74
03/01/2018,AGS,GA,ASO,ES,Combined TRACON& Tower with Radar,8,35,27,0,70,0,0,2,0,2,8,35,29,0,72,0,0,0,72
03/02/2018,AGS,GA,ASO,ES,Combined TRACON& Tower with Radar,10,26,19,2,57,0,0,10,0,10,10,26,29,2,67,6,2,8,75
03/03/2018,AGS,GA,ASO,ES,Combined TRACON& Tower with Radar,6,26,14,0,46,0,0,14,0,14,6,26,28,0,60,14,0,14,74
03/04/2018,AGS,GA,ASO,ES,Combined TRACON& Tower with Radar,10,33,16,0,59,0,0,12,0,12,10,33,28,0,71,5,0,5,76
03/05/2018,AGS,GA,ASO,ES,Combined TRACON& Tower with Radar,9,23,28,8,68,0,0,16,7,23,9,23,44,15,91,1,24,25,116
03/06/2018,AGS,GA,ASO,ES,Combined TRACON& Tower with Radar,9,24,25,0,58,0,0,1,0,1,9,24,26,0,59,0,0,0,59
03/07/2018,AGS,GA,ASO,ES,Combined TRACON& Tower with Radar,9,25,25,0,59,0,0,16,0,16,9,25,41,0,75,20,0,20,95
03/08/2018,AGS,GA,ASO,ES,Combined TRACON& Tower with Radar,9,30,26,1,66,0,1,16,2,19,9,31,42,3,85,0,0,0,85
03/09/2018,AGS,GA,ASO,ES,Combined TRACON& Tower with Radar,8,26,28,2,64,0,2,9,2,13,8,28,37,4,77,0,12,12,89
03/10/2018,AGS,GA,ASO,ES,Combined TRACON& Tower with Radar,6,16,15,0,37,0,0,10,2,12,6,16,25,2,49,16,0,16,65
03/11/2018,AGS,GA,ASO,ES,Combined TRACON& Tower with Radar,9,23,11,0,43,0,0,5,2,7,9,23,16,2,50,0,0,0,50
03/12/2018,AGS,GA,ASO,ES,Combined TRACON& Tower with Radar,10,25,12,4,51,0,0,1,1,2,10,25,13,5,53,1,0,1,54
03/13/2018,AGS,GA,ASO,ES,Combined TRACON& Tower with Radar,11,39,44,11,105,0,1,14,1,16,11,40,58,12,121,4,10,14,135
03/14/2018,AGS,GA,ASO,ES,Combined TRACON& Tower with Radar,8,42,44,0,94,0,3,11,0,14,8,45,55,0,108,10,6,16,124
03/15/2018,AGS,GA,ASO,ES,Combined TRACON& Tower with Radar,9,57,53,9,128,0,1,4,0,5,9,58,57,9,133,0,6,6,139
03/16/2018,AGS,GA,ASO,ES,Combined TRACON& Tower with Radar,10,52,49,10,121,0,0,5,4,9,10,52,54,14,130,8,10,18,148
03/17/2018,AGS,GA,ASO,ES,Combined TRACON& Tower with Radar,7,33,22,0,62,0,1,4,2,7,7,34,26,2,69,0,0,0,69
03/18/2018,AGS,GA,ASO,ES,Combined TRACON& Tower with Radar,11,25,19,13,68,0,1,9,1,11,11,26,28,14,79,8,8,16,95
03/19/2018,AGS,GA,ASO,ES,Combined TRACON& Tower with Radar,8,27,23,3,61,0,0,0,0,0,8,27,23,3,61,4,0,4,65
03/20/2018,AGS,GA,ASO,ES,Combined TRACON& Tower with Radar,13,31,22,1,67,0,0,2,0,2,13,31,24,1,69,0,0,0,69
03/21/2018,AGS,GA,ASO,ES,Combined TRACON& Tower with Radar,9,26,35,13,83,0,0,6,2,8,9,26,41,15,91,8,0,8,99
03/22/2018,AGS,GA,ASO,ES,Combined TRACON& Tower with Radar,9,36,36,14,95,0,0,10,0,10,9,36,46,14,105,8,10,18,123
03/23/2018,AGS,GA,ASO,ES,Combined TRACON& Tower with Radar,8,39,35,2,84,0,0,6,4,10,8,39,41,6,94,18,0,18,112
03/24/2018,AGS,GA,ASO,ES,Combined TRACON& Tower with Radar,6,24,13,4,47,0,2,9,0,11,6,26,22,4,58,2,0,2,60
03/25/2018,AGS,GA,ASO,ES,Combined TRACON& Tower with Radar,11,32,19,0,62,0,0,0,0,0,11,32,19,0,62,0,0,0,62
03/26/2018,AGS,GA,ASO,ES,Combined TRACON& Tower with Radar,9,26,23,7,65,0,0,9,1,10,9,26,32,8,75,4,12,16,91
03/27/2018,AGS,GA,ASO,ES,Combined TRACON& Tower with Radar,10,26,18,8,62,0,0,5,1,6,10,26,23,9,68,0,12,12,80
03/28/2018,AGS,GA,ASO,ES,Combined TRACON& Tower with Radar,10,25,24,2,61,0,4,9,6,19,10,29,33,8,80,8,4,12,92
03/29/2018,AGS,GA,ASO,ES,Combined TRACON& Tower with Radar,8,30,31,4,73,0,2,10,2,14,8,32,41,6,87,4,0,4,91
03/30/2018,AGS,GA,ASO,ES,Combined TRACON& Tower with Radar,9,30,24,6,69,0,0,1,0,1,9,30,25,6,70,0,4,4,74
03/31/2018,AGS,GA,ASO,ES,Combined TRACON& Tower with Radar,12,28,13,0,53,0,0,10,0,10,12,28,23,0,63,10,0,10,73
04/01/2018,AGS,GA,ASO,ES,Combined TRACON& Tower with Radar,19,71,52,0,142,0,0,7,0,7,19,71,59,0,149,2,0,2,151
04/02/2018,AGS,GA,ASO,ES,Combined TRACON& Tower with Radar,30,61,85,2,178,0,0,6,0,6,30,61,91,2,184,0,0,0,184
04/03/2018,AGS,GA,ASO,ES,Combined TRACON& Tower with Radar,40,79,153,0,272,0,0,8,0,8,40,79,161,0,280,0,0,0,280
04/04/2018,AGS,GA,ASO,ES,Combined TRACON& Tower with Radar,50,158,217,0,425,0,0,3,0,3,50,158,220,0,428,0,0,0,428
04/05/2018,AGS,GA,ASO,ES,Combined TRACON& Tower with Radar,39,142,217,0,398,0,0,6,0,6,39,142,223,0,404,0,0,0,404
04/06/2018,AGS,GA,ASO,ES,Combined TRACON& Tower with Radar,50,218,280,0,548,0,0,6,0,6,50,218,286,0,554,0,0,0,554
04/07/2018,AGS,GA,ASO,ES,Combined TRACON& Tower with Radar,35,135,148,0,318,0,0,0,0,0,35,135,148,0,318,0,0,0,318
04/08/2018,AGS,GA,ASO,ES,Combined TRACON& Tower with Radar,41,200,212,1,454,0,1,10,0,11,41,201,222,1,465,0,0,0,465
04/09/2018,AGS,GA,ASO,ES,Combined TRACON& Tower with Radar,52,86,104,0,242,0,0,0,0,0,52,86,104,0,242,0,0,0,242
04/10/2018,AGS,GA,ASO,ES,Combined TRACON& Tower with Radar,19,10,11,0,40,0,0,9,2,11,19,10,20,2,51,0,0,0,51
04/11/2018,AGS,GA,ASO,ES,Combined TRACON& Tower with Radar,15,21,32,11,79,0,2,7,3,12,15,23,39,14,91,10,12,22,113
04/12/2018,AGS,GA,ASO,ES,Combined TRACON& Tower with Radar,13,18,18,0,49,0,0,18,3,21,13,18,36,3,70,13,0,13,83
04/13/2018,AGS,GA,ASO,ES,Combined TRACON& Tower with Radar,17,9,18,15,59,0,0,14,1,15,17,9,32,16,74,20,10,30,104
04/14/2018,AGS,GA,ASO,ES,Combined TRACON& Tower with Radar,17,3,11,0,31,0,0,7,0,7,17,3,18,0,38,10,0,10,48
04/15/2018,AGS,GA,ASO,ES,Combined TRACON& Tower with Radar,11,16,15,0,42,0,0,1,0,1,11,16,16,0,43,0,0,0,43
04/16/2018,AGS,GA,ASO,ES,Combined TRACON& Tower with Radar,15,14,26,4,59,0,0,6,5,11,15,14,32,9,70,0,4,4,74
04/17/2018,AGS,GA,ASO,ES,Combined TRACON& Tower with Radar,17,15,31,5,68,0,0,8,0,8,17,15,39,5,76,0,6,6,82
04/18/2018,AGS,GA,ASO,ES,Combined TRACON& Tower with Radar,14,28,25,1,68,0,0,12,0,12,14,28,37,1,80,10,0,10,90
04/19/2018,AGS,GA,ASO,ES,Combined TRACON& Tower with Radar,15,32,16,1,64,0,0,14,0,14,15,32,30,1,78,6,0,6,84
04/20/2018,AGS,GA,ASO,ES,Combined TRACON& Tower with Radar,16,34,12,5,67,0,2,21,6,29,16,36,33,11,96,0,6,6,102
04/21/2018,AGS,GA,ASO,ES,Combined TRACON& Tower with Radar,15,12,17,1,45,0,0,13,2,15,15,12,30,3,60,10,0,10,70
04/22/2018,AGS,GA,ASO,ES,Combined TRACON& Tower with Radar,18,20,12,0,50,0,0,3,0,3,18,20,15,0,53,0,0,0,53
04/23/2018,AGS,GA,ASO,ES,Combined TRACON& Tower with Radar,14,25,17,0,56,0,0,0,1,1,14,25,17,1,57,0,0,0,57
04/24/2018,AGS,GA,ASO,ES,Combined TRACON& Tower with Radar,17,18,29,2,66,0,0,8,0,8,17,18,37,2,74,14,0,14,88
04/25/2018,AGS,GA,ASO,ES,Combined TRACON& Tower with Radar,16,25,18,8,67,0,1,9,16,26,16,26,27,24,93,0,12,12,105
04/26/2018,AGS,GA,ASO,ES,Combined TRACON& Tower with Radar,16,25,40,2,83,0,2,7,6,15,16,27,47,8,98,6,0,6,104
04/27/2018,AGS,GA,ASO,ES,Combined TRACON& Tower with Radar,15,21,28,17,81,0,0,4,0,4,15,21,32,17,85,14,8,22,107
04/28/2018,AGS,GA,ASO,ES,Combined TRACON& Tower with Radar,18,14,13,0,45,0,0,15,0,15,18,14,28,0,60,10,0,10,70
04/29/2018,AGS,GA,ASO,ES,Combined TRACON& Tower with Radar,15,15,26,0,56,0,2,3,2,7,15,17,29,2,63,0,0,0,63
04/30/2018,AGS,GA,ASO,ES,Combined TRACON& Tower with Radar,16,18,19,0,53,0,2,6,2,10,16,20,25,2,63,0,0,0,63
05/01/2018,AGS,GA,ASO,ES,Combined TRACON& Tower with Radar,12,24,34,7,77,0,0,3,0,3,12,24,37,7,80,2,4,6,86
05/02/2018,AGS,GA,ASO,ES,Combined TRACON& Tower with Radar,15,15,40,2,72,0,2,17,0,19,15,17,57,2,91,28,0,28,119
05/03/2018,AGS,GA,ASO,ES,Combined TRACON& Tower with Radar,17,22,18,3,60,0,0,9,2,11,17,22,27,5,71,27,6,33,104
05/04/2018,AGS,GA,ASO,ES,Combined TRACON& Tower with Radar,17,14,22,3,56,0,2,7,1,10,17,16,29,4,66,4,6,10,76
05/05/2018,AGS,GA,ASO,ES,Combined TRACON& Tower with Radar,12,24,13,1,50,0,1,6,0,7,12,25,19,1,57,4,0,4,61
05/06/2018,AGS,GA,ASO,ES,Combined TRACON& Tower with Radar,20,22,15,4,61,0,0,8,0,8,20,22,23,4,69,0,0,0,69
05/07/2018,AGS,GA,ASO,ES,Combined TRACON& Tower with Radar,21,28,31,9,89,0,0,10,4,14,21,28,41,13,103,8,24,32,135
05/08/2018,AGS,GA,ASO,ES,Combined TRACON& Tower with Radar,19,24,31,6,80,0,0,9,0,9,19,24,40,6,89,8,14,22,111
05/09/2018,AGS,GA,ASO,ES,Combined TRACON& Tower with Radar,20,15,22,2,59,0,2,12,1,15,20,17,34,3,74,12,0,12,86
05/10/2018,AGS,GA,ASO,ES,Combined TRACON& Tower with Radar,22,17,34,12,85,0,2,6,1,9,22,19,40,13,94,0,5,5,99
05/11/2018,AGS,GA,ASO,ES,Combined TRACON& Tower with Radar,21,26,35,8,90,0,0,10,1,11,21,26,45,9,101,3,4,7,108
05/12/2018,AGS,GA,ASO,ES,Combined TRACON& Tower with Radar,20,18,12,0,50,0,0,10,0,10,20,18,22,0,60,22,0,22,82
05/13/2018,AGS,GA,ASO,ES,Combined TRACON& Tower with Radar,19,19,10,0,48,0,0,6,0,6,19,19,16,0,54,2,0,2,56
05/14/2018,AGS,GA,ASO,ES,Combined TRACON& Tower with Radar,21,18,28,0,67,0,0,16,1,17,21,18,44,1,84,23,0,23,107
05/15/2018,AGS,GA,ASO,ES,Combined TRACON& Tower with Radar,15,18,30,0,63,0,0,0,0,0,15,18,30,0,63,0,0,0,63
05/16/2018,AGS,GA,ASO,ES,Combined TRACON& Tower with Radar,22,11,22,3,58,0,0,2,0,2,22,11,24,3,60,0,0,0,60
05/17/2018,AGS,GA,ASO,ES,Combined TRACON& Tower with Radar,21,14,26,3,64,0,0,1,1,2,21,14,27,4,66,4,0,4,70
05/18/2018,AGS,GA,ASO,ES,Combined TRACON& Tower with Radar,21,15,39,0,75,0,0,3,0,3,21,15,42,0,78,38,0,38,116
05/19/2018,AGS,GA,ASO,ES,Combined TRACON& Tower with Radar,20,12,11,3,46,0,0,8,1,9,20,12,19,4,55,14,2,16,71
05/20/2018,AGS,GA,ASO,ES,Combined TRACON& Tower with Radar,20,20,15,0,55,0,0,3,0,3,20,20,18,0,58,0,0,0,58
05/21/2018,AGS,GA,ASO,ES,Combined TRACON& Tower with Radar,22,8,19,0,49,0,0,8,0,8,22,8,27,0,57,0,0,0,57
05/22/2018,AGS,GA,ASO,ES,Combined TRACON& Tower with Radar,17,15,14,1,47,0,0,1,0,1,17,15,15,1,48,0,0,0,48
05/23/2018,AGS,GA,ASO,ES,Combined TRACON& Tower with Radar,21,14,13,1,49,0,0,0,0,0,21,14,13,1,49,3,0,3,52
05/24/2018,AGS,GA,ASO,ES,Combined TRACON& Tower with Radar,21,15,23,1,60,0,0,2,0,2,21,15,25,1,62,0,0,0,62
05/25/2018,AGS,GA,ASO,ES,Combined TRACON& Tower with Radar,21,13,9,0,43,0,0,0,0,0,21,13,9,0,43,0,0,0,43
05/26/2018,AGS,GA,ASO,ES,Combined TRACON& Tower with Radar,16,7,9,0,32,0,1,4,0,5,16,8,13,0,37,6,0,6,43
05/27/2018,AGS,GA,ASO,ES,Combined TRACON& Tower with Radar,15,9,8,0,32,0,0,1,0,1,15,9,9,0,33,6,0,6,39
05/28/2018,AGS,GA,ASO,ES,Combined TRACON& Tower with Radar,22,11,7,2,42,0,0,0,0,0,22,11,7,2,42,1,0,1,43
05/29/2018,AGS,GA,ASO,ES,Combined TRACON& Tower with Radar,15,13,9,2,39,0,0,0,0,0,15,13,9,2,39,0,0,0,39
05/30/2018,AGS,GA,ASO,ES,Combined TRACON& Tower with Radar,21,6,22,5,54,0,0,4,1,5,21,6,26,6,59,8,0,8,67
05/31/2018,AGS,GA,ASO,ES,Combined TRACON& Tower with Radar,20,40,22,0,82,0,0,4,1,5,20,40,26,1,87,14,2,16,103
06/01/2018,AGS,GA,ASO,ES,Combined TRACON& Tower with Radar,19,10,6,1,36,0,0,15,9,24,19,10,21,10,60,10,0,10,70
06/02/2018,AGS,GA,ASO,ES,Combined TRACON& Tower with Radar,20,5,5,6,36,0,0,7,0,7,20,5,12,6,43,4,4,8,51
06/03/2018,AGS,GA,ASO,ES,Combined TRACON& Tower with Radar,19,8,7,10,44,0,2,5,6,13,19,10,12,16,57,24,8,32,89
06/04/2018,AGS,GA,ASO,ES,Combined TRACON& Tower with Radar,21,18,14,4,57,0,2,8,2,12,21,20,22,6,69,39,19,58,127
06/05/2018,AGS,GA,ASO,ES,Combined TRACON& Tower with Radar,19,12,18,9,58,0,0,17,7,24,19,12,35,16,82,19,14,33,115
06/06/2018,AGS,GA,ASO,ES,Combined TRACON& Tower with Radar,21,13,18,15,67,0,1,10,6,17,21,14,28,21,84,6,18,24,108
06/07/2018,AGS,GA,ASO,ES,Combined TRACON& Tower with Radar,9,18,19,4,50,0,0,2,6,8,9,18,21,10,58,20,2,22,80
06/08/2018,AGS,GA,ASO,ES,Combined TRACON& Tower with Radar,10,20,21,0,51,0,0,22,6,28,10,20,43,6,79,30,2,32,111
06/09/2018,AGS,GA,ASO,ES,Combined TRACON& Tower with Radar,5,18,2,0,25,0,0,6,0,6,5,18,8,0,31,0,0,0,31
06/10/2018,AGS,GA,ASO,ES,Combined TRACON& Tower with Radar,7,18,7,0,32,0,0,4,0,4,7,18,11,0,36,0,0,0,36
06/11/2018,AGS,GA,ASO,ES,Combined TRACON& Tower with Radar,6,20,19,0,45,0,0,14,0,14,6,20,33,0,59,8,0,8,67
06/12/2018,AGS,GA,ASO,ES,Combined TRACON& Tower with Radar,7,17,24,4,52,0,0,3,0,3,7,17,27,4,55,12,0,12,67
06/13/2018,AGS,GA,ASO,ES,Combined TRACON& Tower with Radar,8,25,11,8,52,0,0,5,0,5,8,25,16,8,57,18,0,18,75
06/14/2018,AGS,GA,ASO,ES,Combined TRACON& Tower with Radar,8,14,16,2,40,0,2,6,1,9,8,16,22,3,49,18,0,18,67
06/15/2018,AGS,GA,ASO,ES,Combined TRACON& Tower with Radar,6,13,14,5,38,0,0,14,0,14,6,13,28,5,52,24,0,24,76
06/16/2018,AGS,GA,ASO,ES,Combined TRACON& Tower with Radar,5,21,9,0,35,0,0,2,0,2,5,21,11,0,37,2,0,2,39
06/17/2018,AGS,GA,ASO,ES,Combined TRACON& Tower with Radar,7,11,1,0,19,0,0,2,0,2,7,11,3,0,21,0,0,0,21
06/18/2018,AGS,GA,ASO,ES,Combined TRACON& Tower with Radar,6,18,6,14,44,0,1,4,1,6,6,19,10,15,50,32,6,38,88
06/19/2018,AGS,GA,ASO,ES,Combined TRACON& Tower with Radar,4,20,14,1,39,0,0,8,2,10,4,20,22,3,49,14,0,14,63
06/20/2018,AGS,GA,ASO,ES,Combined TRACON& Tower with Radar,6,21,19,1,47,0,0,6,0,6,6,21,25,1,53,20,0,20,73
06/21/2018,AGS,GA,ASO,ES,Combined TRACON& Tower with Radar,7,18,15,1,41,0,7,14,0,21,7,25,29,1,62,48,0,48,110
06/22/2018,AGS,GA,ASO,ES,Combined TRACON& Tower with Radar,8,17,24,4,53,0,0,14,2,16,8,17,38,6,69,48,0,48,117
06/23/2018,AGS,GA,ASO,ES,Combined TRACON& Tower with Radar,5,24,4,4,37,0,0,2,2,4,5,24,6,6,41,2,6,8,49
06/24/2018,AGS,GA,ASO,ES,Combined TRACON& Tower with Radar,9,17,8,4,38,0,0,13,0,13,9,17,21,4,51,2,0,2,53
06/25/2018,AGS,GA,ASO,ES,Combined TRACON& Tower with Radar,17,25,14,8,64,0,0,4,0,4,17,25,18,8,68,0,0,0,68
06/26/2018,AGS,GA,ASO,ES,Combined TRACON& Tower with Radar,8,19,13,1,41,0,3,6,1,10,8,22,19,2,51,16,0,16,67
06/27/2018,AGS,GA,ASO,ES,Combined TRACON& Tower with Radar,8,18,16,3,45,0,0,7,2,9,8,18,23,5,54,0,0,0,54
06/28/2018,AGS,GA,ASO,ES,Combined TRACON& Tower with Radar,7,22,15,4,48,0,0,10,0,10,7,22,25,4,58,30,0,30,88
06/29/2018,AGS,GA,ASO,ES,Combined TRACON& Tower with Radar,8,17,33,2,60,0,1,15,4,20,8,18,48,6,80,16,0,16,96
06/30/2018,AGS,GA,ASO,ES,Combined TRACON& Tower with Radar,6,16,10,0,32,0,0,6,0,6,6,16,16,0,38,34,0,34,72
07/01/2018,AGS,GA,ASO,ES,Combined TRACON& Tower with Radar,8,12,5,0,25,0,0,2,2,4,8,12,7,2,29,0,0,0,29
07/02/2018,AGS,GA,ASO,ES,Combined TRACON& Tower with Radar,6,16,8,0,30,0,6,4,0,10,6,22,12,0,40,44,0,44,84
07/03/2018,AGS,GA,ASO,ES,Combined TRACON& Tower with Radar,4,17,13,1,35,0,2,7,1,10,4,19,20,2,45,27,8,35,80
07/04/2018,AGS,GA,ASO,ES,Combined TRACON& Tower with Radar,4,17,7,0,28,0,0,4,0,4,4,17,11,0,32,16,0,16,48
07/05/2018,AGS,GA,ASO,ES,Combined TRACON& Tower with Radar,6,14,13,0,33,0,0,6,0,6,6,14,19,0,39,22,0,22,61
07/06/2018,AGS,GA,ASO,ES,Combined TRACON& Tower with Radar,8,14,11,3,36,0,0,7,1,8,8,14,18,4,44,6,0,6,50
07/07/2018,AGS,GA,ASO,ES,Combined TRACON& Tower with Radar,8,14,12,0,34,0,0,5,0,5,8,14,17,0,39,6,0,6,45
07/08/2018,AGS,GA,ASO,ES,Combined TRACON& Tower with Radar,6,17,17,3,43,0,0,1,1,2,6,17,18,4,45,6,0,6,51
07/09/2018,AGS,GA,ASO,ES,Combined TRACON& Tower with Radar,10,16,7,5,38,0,1,17,0,18,10,17,24,5,56,40,0,40,96
07/10/2018,AGS,GA,ASO,ES,Combined TRACON& Tower with Radar,8,22,14,6,50,0,11,16,6,33,8,33,30,12,83,48,14,62,145
07/11/2018,AGS,GA,ASO,ES,Combined TRACON& Tower with Radar,9,36,59,4,108,0,2,12,2,16,9,38,71,6,124,6,0,6,130
07/12/2018,AGS,GA,ASO,ES,Combined TRACON& Tower with Radar,12,47,49,1,109,0,2,2,0,4,12,49,51,1,113,2,0,2,115
07/13/2018,AGS,GA,ASO,ES,Combined TRACON& Tower with Radar,10,39,42,1,92,0,0,6,2,8,10,39,48,3,100,0,0,0,100
07/14/2018,AGS,GA,ASO,ES,Combined TRACON& Tower with Radar,9,44,30,0,83,0,0,9,6,15,9,44,39,6,98,10,2,12,110
07/15/2018,AGS,GA,ASO,ES,Combined TRACON& Tower with Radar,7,26,17,1,51,0,0,3,1,4,7,26,20,2,55,0,0,0,55
07/16/2018,AGS,GA,ASO,ES,Combined TRACON& Tower with Radar,13,15,15,1,44,0,0,3,1,4,13,15,18,2,48,8,0,8,56
07/17/2018,AGS,GA,ASO,ES,Combined TRACON& Tower with Radar,8,23,15,1,47,0,0,11,0,11,8,23,26,1,58,28,0,28,86
07/18/2018,AGS,GA,ASO,ES,Combined TRACON& Tower with Radar,5,26,12,3,46,0,0,7,0,7,5,26,19,3,53,6,0,6,59
07/19/2018,AGS,GA,ASO,ES,Combined TRACON& Tower with Radar,10,16,10,13,49,0,0,7,0,7,10,16,17,13,56,6,10,16,72
07/20/2018,AGS,GA,ASO,ES,Combined TRACON& Tower with Radar,10,19,26,10,65,0,0,8,2,10,10,19,34,12,75,30,16,46,121
07/21/2018,AGS,GA,ASO,ES,Combined TRACON& Tower with Radar,7,23,8,0,38,0,0,8,0,8,7,23,16,0,46,15,0,15,61
07/22/2018,AGS,GA,ASO,ES,Combined TRACON& Tower with Radar,7,13,2,4,26,0,0,2,0,2,7,13,4,4,28,8,2,10,38
07/23/2018,AGS,GA,ASO,ES,Combined TRACON& Tower with Radar,10,17,13,0,40,0,0,3,0,3,10,17,16,0,43,6,0,6,49
07/24/2018,AGS,GA,ASO,ES,Combined TRACON& Tower with Radar,8,18,12,2,40,0,0,3,0,3,8,18,15,2,43,26,0,26,69
07/25/2018,AGS,GA,ASO,ES,Combined TRACON& Tower with Radar,8,22,14,3,47,0,0,6,0,6,8,22,20,3,53,6,0,6,59
07/26/2018,AGS,GA,ASO,ES,Combined TRACON& Tower with Radar,10,22,20,1,53,0,0,18,0,18,10,22,38,1,71,28,0,28,99
07/27/2018,AGS,GA,ASO,ES,Combined TRACON& Tower with Radar,10,22,14,30,76,0,0,9,0,9,10,22,23,30,85,10,36,46,131
07/28/2018,AGS,GA,ASO,ES,Combined TRACON& Tower with Radar,6,16,7,0,29,0,4,16,0,20,6,20,23,0,49,40,0,40,89
07/29/2018,AGS,GA,ASO,ES,Combined TRACON& Tower with Radar,8,18,8,0,34,0,0,0,0,0,8,18,8,0,34,2,0,2,36
07/30/2018,AGS,GA,ASO,ES,Combined TRACON& Tower with Radar,10,18,14,0,42,0,0,6,0,6,10,18,20,0,48,2,0,2,50
07/31/2018,AGS,GA,ASO,ES,Combined TRACON& Tower with Radar,9,14,16,3,42,0,0,3,0,3,9,14,19,3,45,10,2,12,57
08/01/2018,AGS,GA,ASO,ES,Combined TRACON& Tower with Radar,6,16,27,2,51,0,0,1,1,2,6,16,28,3,53,0,0,0,53
08/02/2018,AGS,GA,ASO,ES,Combined TRACON& Tower with Radar,10,16,9,2,37,0,0,0,0,0,10,16,9,2,37,8,0,8,45
08/03/2018,AGS,GA,ASO,ES,Combined TRACON& Tower with Radar,10,54,13,12,89,0,4,3,0,7,10,58,16,12,96,34,12,46,142
08/04/2018,AGS,GA,ASO,ES,Combined TRACON& Tower with Radar,4,19,6,0,29,0,0,4,0,4,4,19,10,0,33,4,0,4,37
08/05/2018,AGS,GA,ASO,ES,Combined TRACON& Tower with Radar,7,17,5,0,29,0,0,4,0,4,7,17,9,0,33,12,0,12,45
08/06/2018,AGS,GA,ASO,ES,Combined TRACON& Tower with Radar,10,15,14,6,45,0,0,2,2,4,10,15,16,8,49,4,18,22,71
08/07/2018,AGS,GA,ASO,ES,Combined TRACON& Tower with Radar,8,25,6,0,39,0,3,6,2,11,8,28,12,2,50,4,0,4,54
08/08/2018,AGS,GA,ASO,ES,Combined TRACON& Tower with Radar,6,18,27,10,61,0,7,14,5,26,6,25,41,15,87,28,4,32,119
08/09/2018,AGS,GA,ASO,ES,Combined TRACON& Tower with Radar,14,16,23,12,65,0,0,7,5,12,14,16,30,17,77,24,12,36,113
08/10/2018,AGS,GA,ASO,ES,Combined TRACON& Tower with Radar,10,15,16,27,68,0,0,6,6,12,10,15,22,33,80,34,24,58,138
08/11/2018,AGS,GA,ASO,ES,Combined TRACON& Tower with Radar,6,14,3,0,23,0,0,4,0,4,6,14,7,0,27,4,0,4,31
08/12/2018,AGS,GA,ASO,ES,Combined TRACON& Tower with Radar,7,17,12,0,36,0,0,10,0,10,7,17,22,0,46,16,0,16,62
08/13/2018,AGS,GA,ASO,ES,Combined TRACON& Tower with Radar,8,18,19,6,51,0,0,3,0,3,8,18,22,6,54,0,0,0,54
08/14/2018,AGS,GA,ASO,ES,Combined TRACON& Tower with Radar,6,21,18,6,51,0,0,16,10,26,6,21,34,16,77,16,18,34,111
08/15/2018,AGS,GA,ASO,ES,Combined TRACON& Tower with Radar,8,21,19,7,55,0,0,13,3,16,8,21,32,10,71,24,14,38,109
08/16/2018,AGS,GA,ASO,ES,Combined TRACON& Tower with Radar,8,18,23,7,56,0,1,15,1,17,8,19,38,8,73,24,0,24,97
08/17/2018,AGS,GA,ASO,ES,Combined TRACON& Tower with Radar,8,22,15,0,45,0,0,4,0,4,8,22,19,0,49,10,0,10,59
08/18/2018,AGS,GA,ASO,ES,Combined TRACON& Tower with Radar,8,20,5,1,34,0,1,5,0,6,8,21,10,1,40,10,0,10,50
08/19/2018,AGS,GA,ASO,ES,Combined TRACON& Tower with Radar,6,25,6,0,37,0,0,7,0,7,6,25,13,0,44,0,0,0,44
08/20/2018,AGS,GA,ASO,ES,Combined TRACON& Tower with Radar,8,18,17,7,50,0,0,2,8,10,8,18,19,15,60,14,3,17,77
08/21/2018,AGS,GA,ASO,ES,Combined TRACON& Tower with Radar,8,24,20,3,55,0,2,5,3,10,8,26,25,6,65,38,0,38,103
08/22/2018,AGS,GA,ASO,ES,Combined TRACON& Tower with Radar,8,16,20,7,51,0,0,12,1,13,8,16,32,8,64,16,14,30,94
08/23/2018,AGS,GA,ASO,ES,Combined TRACON& Tower with Radar,9,18,18,6,51,0,4,18,3,25,9,22,36,9,76,26,0,26,102
08/24/2018,AGS,GA,ASO,ES,Combined TRACON& Tower with Radar,9,17,17,2,45,0,0,16,2,18,9,17,33,4,63,18,0,18,81
08/25/2018,AGS,GA,ASO,ES,Combined TRACON& Tower with Radar,8,14,5,0,27,0,0,9,0,9,8,14,14,0,36,0,0,0,36
08/26/2018,AGS,GA,ASO,ES,Combined TRACON& Tower with Radar,12,17,6,0,35,0,2,10,0,12,12,19,16,0,47,0,0,0,47
08/27/2018,AGS,GA,ASO,ES,Combined TRACON& Tower with Radar,12,17,16,1,46,0,0,1,4,5,12,17,17,5,51,11,0,11,62
08/28/2018,AGS,GA,ASO,ES,Combined TRACON& Tower with Radar,12,17,20,27,76,0,0,22,5,27,12,17,42,32,103,27,16,43,146
08/29/2018,AGS,GA,ASO,ES,Combined TRACON& Tower with Radar,12,14,25,2,53,0,2,7,5,14,12,16,32,7,67,16,0,16,83
08/30/2018,AGS,GA,ASO,ES,Combined TRACON& Tower with Radar,10,23,18,2,53,0,4,13,0,17,10,27,31,2,70,0,0,0,70
08/31/2018,AGS,GA,ASO,ES,Combined TRACON& Tower with Radar,10,14,24,0,48,0,2,14,0,16,10,16,38,0,64,22,0,22,86
09/01/2018,AGS,GA,ASO,ES,Combined TRACON& Tower with Radar,4,14,6,4,28,0,2,10,0,12,4,16,16,4,40,12,0,12,52
09/02/2018,AGS,GA,ASO,ES,Combined TRACON& Tower with Radar,4,18,1,0,23,0,1,3,0,4,4,19,4,0,27,0,0,0,27
09/03/2018,AGS,GA,ASO,ES,Combined TRACON& Tower with Radar,9,15,7,0,31,0,0,2,0,2,9,15,9,0,33,12,0,12,45
09/04/2018,AGS,GA,ASO,ES,Combined TRACON& Tower with Radar,10,13,19,1,43,0,0,11,4,15,10,13,30,5,58,26,0,26,84
09/05/2018,AGS,GA,ASO,ES,Combined TRACON& Tower with Radar,9,19,15,15,58,0,1,11,0,12,9,20,26,15,70,6,6,12,82
09/06/2018,AGS,GA,ASO,ES,Combined TRACON& Tower with Radar,12,11,13,4,40,0,0,5,0,5,12,11,18,4,45,21,0,21,66
09/07/2018,AGS,GA,ASO,ES,Combined TRACON& Tower with Radar,14,8,11,2,35,0,0,4,5,9,14,8,15,7,44,30,0,30,74
09/08/2018,AGS,GA,ASO,ES,Combined TRACON& Tower with Radar,8,15,5,4,32,0,3,1,0,4,8,18,6,4,36,22,0,22,58
09/09/2018,AGS,GA,ASO,ES,Combined TRACON& Tower with Radar,14,18,6,0,38,0,3,3,0,6,14,21,9,0,44,0,0,0,44
09/10/2018,AGS,GA,ASO,ES,Combined TRACON& Tower with Radar,14,14,10,0,38,0,1,12,0,13,14,15,22,0,51,6,0,6,57
09/11/2018,AGS,GA,ASO,ES,Combined TRACON& Tower with Radar,13,14,13,6,46,0,0,5,8,13,13,14,18,14,59,14,8,22,81
09/12/2018,AGS,GA,ASO,ES,Combined TRACON& Tower with Radar,13,11,24,0,48,0,0,3,0,3,13,11,27,0,51,0,0,0,51
09/13/2018,AGS,GA,ASO,ES,Combined TRACON& Tower with Radar,13,18,37,0,68,0,0,3,0,3,13,18,40,0,71,0,0,0,71
09/14/2018,AGS,GA,ASO,ES,Combined TRACON& Tower with Radar,12,15,6,0,33,0,0,3,0,3,12,15,9,0,36,0,0,0,36
09/15/2018,AGS,GA,ASO,ES,Combined TRACON& Tower with Radar,5,8,1,0,14,0,2,0,0,2,5,10,1,0,16,0,12,12,28
09/16/2018,AGS,GA,ASO,ES,Combined TRACON& Tower with Radar,9,18,14,0,41,0,0,0,0,0,9,18,14,0,41,0,0,0,41
09/17/2018,AGS,GA,ASO,ES,Combined TRACON& Tower with Radar,13,15,23,1,52,0,0,8,0,8,13,15,31,1,60,6,0,6,66
09/18/2018,AGS,GA,ASO,ES,Combined TRACON& Tower with Radar,15,13,18,5,51,0,0,15,13,28,15,13,33,18,79,8,0,8,87
09/19/2018,AGS,GA,ASO,ES,Combined TRACON& Tower with Radar,15,13,10,17,55,0,1,12,2,15,15,14,22,19,70,28,8,36,106
09/20/2018,AGS,GA,ASO,ES,Combined TRACON& Tower with Radar,13,16,16,5,50,0,1,6,0,7,13,17,22,5,57,12,0,12,69
09/21/2018,AGS,GA,ASO,ES,Combined TRACON& Tower with Radar,13,14,21,14,62,0,2,11,7,20,13,16,32,21,82,18,2,20,102
09/22/2018,AGS,GA,ASO,ES,Combined TRACON& Tower with Radar,10,11,7,2,30,0,2,14,2,18,10,13,21,4,48,20,10,30,78
09/23/2018,AGS,GA,ASO,ES,Combined TRACON& Tower with Radar,14,15,12,13,54,0,0,13,4,17,14,15,25,17,71,8,8,16,87
09/24/2018,AGS,GA,ASO,ES,Combined TRACON& Tower with Radar,13,11,16,4,44,0,0,5,0,5,13,11,21,4,49,0,0,0,49
09/25/2018,AGS,GA,ASO,ES,Combined TRACON& Tower with Radar,12,15,13,12,52,0,1,5,3,9,12,16,18,15,61,0,0,0,61
09/26/2018,AGS,GA,ASO,ES,Combined TRACON& Tower with Radar,14,15,12,2,43,0,3,2,0,5,14,18,14,2,48,0,11,11,59
09/27/2018,AGS,GA,ASO,ES,Combined TRACON& Tower with Radar,18,11,17,0,46,0,1,6,0,7,18,12,23,0,53,0,0,0,53
09/28/2018,AGS,GA,ASO,ES,Combined TRACON& Tower with Radar,13,17,18,0,48,0,0,7,0,7,13,17,25,0,55,22,0,22,77
09/29/2018,AGS,GA,ASO,ES,Combined TRACON& Tower with Radar,13,15,4,4,36,0,0,8,0,8,13,15,12,4,44,14,0,14,58
09/30/2018,AGS,GA,ASO,ES,Combined TRACON& Tower with Radar,14,11,9,0,34,0,0,9,0,9,14,11,18,0,43,6,0,6,49
10/01/2018,AGS,GA,ASO,ES,Combined TRACON& Tower with Radar,13,14,16,0,43,0,0,4,6,10,13,14,20,6,53,10,0,10,63
10/02/2018,AGS,GA,ASO,ES,Combined TRACON& Tower with Radar,14,10,14,0,38,0,6,7,0,13,14,16,21,0,51,22,0,22,73
10/03/2018,AGS,GA,ASO,ES,Combined TRACON& Tower with Radar,14,15,17,17,63,0,1,13,0,14,14,16,30,17,77,24,0,24,101
10/04/2018,AGS,GA,ASO,ES,Combined TRACON& Tower with Radar,16,19,17,0,52,0,4,7,0,11,16,23,24,0,63,20,0,20,83
10/05/2018,AGS,GA,ASO,ES,Combined TRACON& Tower with Radar,12,13,22,0,47,0,5,15,0,20,12,18,37,0,67,22,0,22,89
10/06/2018,AGS,GA,ASO,ES,Combined TRACON& Tower with Radar,11,19,5,0,35,0,0,14,0,14,11,19,19,0,49,16,0,16,65
10/07/2018,AGS,GA,ASO,ES,Combined TRACON& Tower with Radar,15,11,15,0,41,0,1,12,0,13,15,12,27,0,54,18,0,18,72
10/08/2018,AGS,GA,ASO,ES,Combined TRACON& Tower with Radar,14,12,13,0,39,0,0,4,0,4,14,12,17,0,43,0,0,0,43
10/09/2018,AGS,GA,ASO,ES,Combined TRACON& Tower with Radar,14,22,22,4,62,0,1,3,0,4,14,23,25,4,66,0,0,0,66
10/10/2018,AGS,GA,ASO,ES,Combined TRACON& Tower with Radar,15,10,14,18,57,0,0,4,0,4,15,10,18,18,61,0,8,8,69
10/11/2018,AGS,GA,ASO,ES,Combined TRACON& Tower with Radar,8,7,7,0,22,0,0,5,0,5,8,7,12,0,27,0,0,0,27
10/12/2018,AGS,GA,ASO,ES,Combined TRACON& Tower with Radar,14,18,25,6,63,0,0,11,7,18,14,18,36,13,81,10,4,14,95
10/13/2018,AGS,GA,ASO,ES,Combined TRACON& Tower with Radar,11,13,6,0,30,0,2,17,0,19,11,15,23,0,49,13,0,13,62
10/14/2018,AGS,GA,ASO,ES,Combined TRACON& Tower with Radar,12,17,15,4,48,0,1,10,0,11,12,18,25,4,59,0,0,0,59
10/15/2018,AGS,GA,ASO,ES,Combined TRACON& Tower with Radar,16,16,22,8,62,0,1,7,0,8,16,17,29,8,70,22,0,22,92
10/16/2018,AGS,GA,ASO,ES,Combined TRACON& Tower with Radar,14,25,33,2,74,0,0,1,0,1,14,25,34,2,75,0,0,0,75
10/17/2018,AGS,GA,ASO,ES,Combined TRACON& Tower with Radar,14,28,40,2,84,0,4,5,2,11,14,32,45,4,95,44,8,52,147
10/18/2018,AGS,GA,ASO,ES,Combined TRACON& Tower with Radar,16,25,40,0,81,0,0,6,0,6,16,25,46,0,87,2,0,2,89
10/19/2018,AGS,GA,ASO,ES,Combined TRACON& Tower with Radar,16,36,32,2,86,0,0,9,0,9,16,36,41,2,95,0,0,0,95
10/20/2018,AGS,GA,ASO,ES,Combined TRACON& Tower with Radar,15,23,13,8,59,0,0,2,0,2,15,23,15,8,61,0,0,0,61
10/21/2018,AGS,GA,ASO,ES,Combined TRACON& Tower with Radar,14,21,11,0,46,0,2,7,2,11,14,23,18,2,57,0,0,0,57
10/22/2018,AGS,GA,ASO,ES,Combined TRACON& Tower with Radar,14,19,21,7,61,0,4,12,2,18,14,23,33,9,79,18,0,18,97
10/23/2018,AGS,GA,ASO,ES,Combined TRACON& Tower with Radar,14,25,30,3,72,0,2,5,3,10,14,27,35,6,82,0,0,0,82
10/24/2018,AGS,GA,ASO,ES,Combined TRACON& Tower with Radar,14,27,41,13,95,0,4,3,4,11,14,31,44,17,106,12,4,16,122
10/25/2018,AGS,GA,ASO,ES,Combined TRACON& Tower with Radar,16,20,30,9,75,0,1,6,4,11,16,21,36,13,86,18,0,18,104
10/26/2018,AGS,GA,ASO,ES,Combined TRACON& Tower with Radar,16,21,17,0,54,0,0,0,0,0,16,21,17,0,54,0,0,0,54
10/27/2018,AGS,GA,ASO,ES,Combined TRACON& Tower with Radar,10,25,14,0,49,0,0,3,0,3,10,25,17,0,52,12,0,12,64
10/28/2018,AGS,GA,ASO,ES,Combined TRACON& Tower with Radar,14,18,12,0,44,0,4,1,0,5,14,22,13,0,49,14,0,14,63
10/29/2018,AGS,GA,ASO,ES,Combined TRACON& Tower with Radar,15,20,36,6,77,0,1,11,8,20,15,21,47,14,97,25,24,49,146
10/30/2018,AGS,GA,ASO,ES,Combined TRACON& Tower with Radar,13,13,35,12,73,0,6,13,6,25,13,19,48,18,98,24,24,48,146
10/31/2018,AGS,GA,ASO,ES,Combined TRACON& Tower with Radar,13,17,30,7,67,0,3,12,0,15,13,20,42,7,82,36,4,40,122
11/01/2018,AGS,GA,ASO,ES,Combined TRACON& Tower with Radar,14,17,19,10,60,0,0,4,2,6,14,17,23,12,66,0,0,0,66
11/02/2018,AGS,GA,ASO,ES,Combined TRACON& Tower with Radar,17,20,22,3,62,0,1,3,0,4,17,21,25,3,66,0,0,0,66
11/03/2018,AGS,GA,ASO,ES,Combined TRACON& Tower with Radar,13,15,19,0,47,0,2,11,4,17,13,17,30,4,64,2,0,2,66
11/04/2018,AGS,GA,ASO,ES,Combined TRACON& Tower with Radar,13,26,32,0,71,0,2,11,0,13,13,28,43,0,84,0,0,0,84
11/05/2018,AGS,GA,ASO,ES,Combined TRACON& Tower with Radar,14,21,17,2,54,0,0,1,0,1,14,21,18,2,55,16,0,16,71
11/06/2018,AGS,GA,ASO,ES,Combined TRACON& Tower with Radar,12,39,22,14,87,0,0,7,1,8,12,39,29,15,95,8,0,8,103
11/07/2018,AGS,GA,ASO,ES,Combined TRACON& Tower with Radar,18,30,38,2,88,0,0,9,0,9,18,30,47,2,97,8,0,8,105
11/08/2018,AGS,GA,ASO,ES,Combined TRACON& Tower with Radar,13,38,48,2,101,0,0,7,0,7,13,38,55,2,108,24,0,24,132
11/09/2018,AGS,GA,ASO,ES,Combined TRACON& Tower with Radar,16,44,43,0,103,0,0,0,0,0,16,44,43,0,103,0,0,0,103
11/10/2018,AGS,GA,ASO,ES,Combined TRACON& Tower with Radar,11,30,15,8,64,0,1,13,0,14,11,31,28,8,78,0,0,0,78
11/11/2018,AGS,GA,ASO,ES,Combined TRACON& Tower with Radar,13,22,28,0,63,0,0,4,0,4,13,22,32,0,67,6,0,6,73
11/12/2018,AGS,GA,ASO,ES,Combined TRACON& Tower with Radar,16,20,14,0,50,0,0,2,0,2,16,20,16,0,52,2,0,2,54
11/13/2018,AGS,GA,ASO,ES,Combined TRACON& Tower with Radar,14,18,21,3,56,0,0,0,0,0,14,18,21,3,56,0,0,0,56
11/14/2018,AGS,GA,ASO,ES,Combined TRACON& Tower with Radar,14,20,16,3,53,0,0,0,0,0,14,20,16,3,53,2,0,2,55
11/15/2018,AGS,GA,ASO,ES,Combined TRACON& Tower with Radar,13,24,17,21,75,0,0,1,0,1,13,24,18,21,76,38,0,38,114
11/16/2018,AGS,GA,ASO,ES,Combined TRACON& Tower with Radar,15,26,29,34,104,0,5,14,8,27,15,31,43,42,131,26,34,60,191
11/17/2018,AGS,GA,ASO,ES,Combined TRACON& Tower with Radar,12,13,15,1,41,0,7,14,0,21,12,20,29,1,62,10,0,10,72
11/18/2018,AGS,GA,ASO,ES,Combined TRACON& Tower with Radar,13,15,10,0,38,0,0,3,0,3,13,15,13,0,41,4,0,4,45
11/19/2018,AGS,GA,ASO,ES,Combined TRACON& Tower with Radar,14,18,40,4,76,0,0,13,0,13,14,18,53,4,89,2,0,2,91
11/20/2018,AGS,GA,ASO,ES,Combined TRACON& Tower with Radar,14,26,32,14,86,0,0,12,6,18,14,26,44,20,104,60,16,76,180
11/21/2018,AGS,GA,ASO,ES,Combined TRACON& Tower with Radar,14,33,22,0,69,0,0,11,0,11,14,33,33,0,80,24,0,24,104
11/22/2018,AGS,GA,ASO,ES,Combined TRACON& Tower with Radar,12,7,5,0,24,0,0,4,0,4,12,7,9,0,28,0,0,0,28
11/23/2018,AGS,GA,ASO,ES,Combined TRACON& Tower with Radar,12,14,7,0,33,0,0,6,0,6,12,14,13,0,39,12,0,12,51
11/24/2018,AGS,GA,ASO,ES,Combined TRACON& Tower with Radar,17,28,18,0,63,0,0,1,0,1,17,28,19,0,64,8,0,8,72
11/25/2018,AGS,GA,ASO,ES,Combined TRACON& Tower with Radar,14,23,26,0,63,0,0,4,0,4,14,23,30,0,67,0,0,0,67
11/26/2018,AGS,GA,ASO,ES,Combined TRACON& Tower with Radar,14,13,24,7,58,0,1,9,14,24,14,14,33,21,82,8,0,8,90
11/27/2018,AGS,GA,ASO,ES,Combined TRACON& Tower with Radar,13,17,38,10,78,0,2,12,1,15,13,19,50,11,93,18,0,18,111
11/28/2018,AGS,GA,ASO,ES,Combined TRACON& Tower with Radar,12,21,28,10,71,0,4,9,11,24,12,25,37,21,95,0,16,16,111
11/29/2018,AGS,GA,ASO,ES,Combined TRACON& Tower with Radar,12,16,33,12,73,0,4,17,3,24,12,20,50,15,97,0,10,10,107
11/30/2018,AGS,GA,ASO,ES,Combined TRACON& Tower with Radar,12,19,25,23,79,0,0,15,1,16,12,19,40,24,95,9,0,9,104
12/01/2018,AGS,GA,ASO,ES,Combined TRACON& Tower with Radar,10,18,13,4,45,0,0,2,0,2,10,18,15,4,47,0,0,0,47
12/02/2018,AGS,GA,ASO,ES,Combined TRACON& Tower with Radar,11,18,10,0,39,0,0,0,0,0,11,18,10,0,39,0,0,0,39
12/03/2018,AGS,GA,ASO,ES,Combined TRACON& Tower with Radar,13,21,15,0,49,0,1,9,2,12,13,22,24,2,61,0,0,0,61
12/04/2018,AGS,GA,ASO,ES,Combined TRACON& Tower with Radar,13,18,22,5,58,0,1,16,5,22,13,19,38,10,80,16,6,22,102
12/05/2018,AGS,GA,ASO,ES,Combined TRACON& Tower with Radar,12,19,19,0,50,0,7,19,2,28,12,26,38,2,78,16,0,16,94
12/06/2018,AGS,GA,ASO,ES,Combined TRACON& Tower with Radar,12,13,36,14,75,0,2,9,4,15,12,15,45,18,90,24,16,40,130
12/07/2018,AGS,GA,ASO,ES,Combined TRACON& Tower with Radar,12,17,19,0,48,0,0,6,0,6,12,17,25,0,54,0,0,0,54
12/08/2018,AGS,GA,ASO,ES,Combined TRACON& Tower with Radar,7,11,7,6,31,0,0,0,0,0,7,11,7,6,31,0,0,0,31
12/09/2018,AGS,GA,ASO,ES,Combined TRACON& Tower with Radar,5,10,1,0,16,0,0,0,0,0,5,10,1,0,16,0,0,0,16
12/10/2018,AGS,GA,ASO,ES,Combined TRACON& Tower with Radar,11,22,15,4,52,0,0,0,2,2,11,22,15,6,54,0,0,0,54
12/11/2018,AGS,GA,ASO,ES,Combined TRACON& Tower with Radar,14,19,15,9,57,0,1,11,6,18,14,20,26,15,75,36,20,56,131
12/12/2018,AGS,GA,ASO,ES,Combined TRACON& Tower with Radar,12,17,30,1,60,0,5,13,1,19,12,22,43,2,79,41,0,41,120
12/13/2018,AGS,GA,ASO,ES,Combined TRACON& Tower with Radar,12,23,17,16,68,0,0,3,7,10,12,23,20,23,78,6,18,24,102
12/14/2018,AGS,GA,ASO,ES,Combined TRACON& Tower with Radar,12,15,12,0,39,0,0,0,0,0,12,15,12,0,39,0,0,0,39
12/15/2018,AGS,GA,ASO,ES,Combined TRACON& Tower with Radar,9,10,13,0,32,0,3,6,0,9,9,13,19,0,41,0,0,0,41
12/16/2018,AGS,GA,ASO,ES,Combined TRACON& Tower with Radar,10,20,14,2,46,0,2,12,0,14,10,22,26,2,60,14,0,14,74
12/17/2018,AGS,GA,ASO,ES,Combined TRACON& Tower with Radar,14,24,31,20,89,0,1,10,8,19,14,25,41,28,108,31,22,53,161
12/18/2018,AGS,GA,ASO,ES,Combined TRACON& Tower with Radar,14,24,28,10,76,0,1,3,13,17,14,25,31,23,93,26,26,52,145
12/19/2018,AGS,GA,ASO,ES,Combined TRACON& Tower with Radar,14,16,29,5,64,0,2,11,0,13,14,18,40,5,77,28,0,28,105
12/20/2018,AGS,GA,ASO,ES,Combined TRACON& Tower with Radar,14,15,22,0,51,0,0,6,0,6,14,15,28,0,57,0,0,0,57
12/21/2018,AGS,GA,ASO,ES,Combined TRACON& Tower with Radar,14,17,15,0,46,0,0,2,0,2,14,17,17,0,48,2,0,2,50
12/22/2018,AGS,GA,ASO,ES,Combined TRACON& Tower with Radar,9,12,6,0,27,0,3,14,0,17,9,15,20,0,44,14,0,14,58
12/23/2018,AGS,GA,ASO,ES,Combined TRACON& Tower with Radar,13,10,10,0,33,0,1,9,0,10,13,11,19,0,43,24,0,24,67
12/24/2018,AGS,GA,ASO,ES,Combined TRACON& Tower with Radar,15,4,9,0,28,0,0,14,0,14,15,4,23,0,42,16,0,16,58
12/25/2018,AGS,GA,ASO,ES,Combined TRACON& Tower with Radar,12,4,2,0,18,0,0,8,0,8,12,4,10,0,26,0,0,0,26
12/26/2018,AGS,GA,ASO,ES,Combined TRACON& Tower with Radar,14,12,11,2,39,0,0,7,0,7,14,12,18,2,46,26,10,36,82
12/27/2018,AGS,GA,ASO,ES,Combined TRACON& Tower with Radar,14,11,7,3,35,0,1,6,0,7,14,12,13,3,42,0,0,0,42
12/28/2018,AGS,GA,ASO,ES,Combined TRACON& Tower with Radar,15,10,6,0,31,0,0,0,0,0,15,10,6,0,31,0,0,0,31
12/29/2018,AGS,GA,ASO,ES,Combined TRACON& Tower with Radar,13,14,9,0,36,0,1,6,0,7,13,15,15,0,43,0,0,0,43
12/30/2018,AGS,GA,ASO,ES,Combined TRACON& Tower with Radar,15,10,7,0,32,0,0,0,0,0,15,10,7,0,32,0,0,0,32
12/31/2018,AGS,GA,ASO,ES,Combined TRACON& Tower with Radar,13,5,5,0,23,0,0,1,0,1,13,5,6,0,24,0,0,0,24
01/01/2019,AGS,GA,ASO,ES,Combined TRACON& Tower with Radar,14,13,14,0,41,0,0,1,0,1,14,13,15,0,42,4,0,4,46
01/02/2019,AGS,GA,ASO,ES,Combined TRACON& Tower with Radar,16,6,21,4,47,0,0,4,0,4,16,6,25,4,51,28,0,28,79
01/03/2019,AGS,GA,ASO,ES,Combined TRACON& Tower with Radar,12,23,29,0,64,0,0,0,0,0,12,23,29,0,64,0,0,0,64
01/04/2019,AGS,GA,ASO,ES,Combined TRACON& Tower with Radar,12,13,8,7,40,0,0,2,0,2,12,13,10,7,42,0,0,0,42
01/05/2019,AGS,GA,ASO,ES,Combined TRACON& Tower with Radar,14,4,15,1,34,0,4,18,0,22,14,8,33,1,56,38,0,38,94
01/06/2019,AGS,GA,ASO,ES,Combined TRACON& Tower with Radar,12,14,21,2,49,0,0,24,0,24,12,14,45,2,73,48,0,48,121
01/07/2019,AGS,GA,ASO,ES,Combined TRACON& Tower with Radar,12,22,9,12,55,0,1,12,0,13,12,23,21,12,68,0,6,6,74
01/08/2019,AGS,GA,ASO,ES,Combined TRACON& Tower with Radar,12,17,10,17,56,0,2,15,4,21,12,19,25,21,77,6,26,32,109
01/09/2019,AGS,GA,ASO,ES,Combined TRACON& Tower with Radar,12,28,19,7,66,0,2,14,3,19,12,30,33,10,85,10,0,10,95
01/10/2019,AGS,GA,ASO,ES,Combined TRACON& Tower with Radar,12,14,23,9,58,0,2,29,5,36,12,16,52,14,94,28,8,36,130
01/11/2019,AGS,GA,ASO,ES,Combined TRACON& Tower with Radar,14,17,25,0,56,0,0,14,0,14,14,17,39,0,70,46,0,46,116
01/12/2019,AGS,GA,ASO,ES,Combined TRACON& Tower with Radar,8,11,12,2,33,0,0,5,0,5,8,11,17,2,38,30,0,30,68
01/13/2019,AGS,GA,ASO,ES,Combined TRACON& Tower with Radar,13,10,3,0,26,0,0,0,0,0,13,10,3,0,26,0,0,0,26
01/14/2019,AGS,GA,ASO,ES,Combined TRACON& Tower with Radar,12,15,18,16,61,0,0,3,1,4,12,15,21,17,65,0,0,0,65
01/15/2019,AGS,GA,ASO,ES,Combined TRACON& Tower with Radar,13,14,21,21,69,0,0,10,9,19,13,14,31,30,88,24,46,70,158
01/16/2019,AGS,GA,ASO,ES,Combined TRACON& Tower with Radar,12,17,29,6,64,0,5,13,8,26,12,22,42,14,90,25,20,45,135
01/17/2019,AGS,GA,ASO,ES,Combined TRACON& Tower with Radar,12,17,17,18,64,0,0,24,3,27,12,17,41,21,91,38,10,48,139
01/18/2019,AGS,GA,ASO,ES,Combined TRACON& Tower with Radar,13,18,23,4,58,0,1,4,0,5,13,19,27,4,63,0,0,0,63
01/19/2019,AGS,GA,ASO,ES,Combined TRACON& Tower with Radar,9,9,7,0,25,0,0,5,0,5,9,9,12,0,30,16,0,16,46
01/20/2019,AGS,GA,ASO,ES,Combined TRACON& Tower with Radar,11,6,16,0,33,0,4,13,0,17,11,10,29,0,50,6,0,6,56
01/21/2019,AGS,GA,ASO,ES,Combined TRACON& Tower with Radar,11,14,17,0,42,0,0,13,0,13,11,14,30,0,55,0,0,0,55
01/22/2019,AGS,GA,ASO,ES,Combined TRACON& Tower with Radar,12,14,19,18,63,0,3,14,5,22,12,17,33,23,85,16,34,50,135
01/23/2019,AGS,GA,ASO,ES,Combined TRACON& Tower with Radar,12,18,28,1,59,0,1,5,0,6,12,19,33,1,65,8,0,8,73
01/24/2019,AGS,GA,ASO,ES,Combined TRACON& Tower with Radar,12,17,32,1,62,0,2,8,0,10,12,19,40,1,72,14,0,14,86
01/25/2019,AGS,GA,ASO,ES,Combined TRACON& Tower with Radar,12,28,32,1,73,0,0,21,0,21,12,28,53,1,94,0,0,0,94
01/26/2019,AGS,GA,ASO,ES,Combined TRACON& Tower with Radar,8,10,10,0,28,0,2,20,4,26,8,12,30,4,54,16,0,16,70
01/27/2019,AGS,GA,ASO,ES,Combined TRACON& Tower with Radar,12,13,7,0,32,0,0,10,0,10,12,13,17,0,42,0,0,0,42
01/28/2019,AGS,GA,ASO,ES,Combined TRACON& Tower with Radar,12,17,22,14,65,0,0,13,4,17,12,17,35,18,82,34,0,34,116
01/29/2019,AGS,GA,ASO,ES,Combined TRACON& Tower with Radar,12,12,18,4,46,0,0,7,0,7,12,12,25,4,53,18,0,18,71
01/30/2019,AGS,GA,ASO,ES,Combined TRACON& Tower with Radar,12,19,14,7,52,0,3,7,9,19,12,22,21,16,71,0,20,20,91
01/31/2019,AGS,GA,ASO,ES,Combined TRACON& Tower with Radar,11,14,28,5,58,0,2,12,2,16,11,16,40,7,74,14,0,14,88
02/01/2019,AGS,GA,ASO,ES,Combined TRACON& Tower with Radar,12,22,21,2,57,0,1,10,10,21,12,23,31,12,78,10,14,24,102
02/02/2019,AGS,GA,ASO,ES,Combined TRACON& Tower with Radar,8,14,8,0,30,0,1,8,0,9,8,15,16,0,39,48,0,48,87
02/03/2019,AGS,GA,ASO,ES,Combined TRACON& Tower with Radar,11,9,12,0,32,0,0,3,0,3,11,9,15,0,35,10,0,10,45
02/04/2019,AGS,GA,ASO,ES,Combined TRACON& Tower with Radar,12,12,22,16,62,0,0,27,8,35,12,12,49,24,97,46,6,52,149
02/05/2019,AGS,GA,ASO,ES,Combined TRACON& Tower with Radar,8,13,20,16,57,0,0,19,18,37,8,13,39,34,94,14,46,60,154
02/06/2019,AGS,GA,ASO,ES,Combined TRACON& Tower with Radar,11,18,37,18,84,0,2,13,10,25,11,20,50,28,109,4,28,32,141
02/07/2019,AGS,GA,ASO,ES,Combined TRACON& Tower with Radar,12,21,43,16,92,0,4,23,7,34,12,25,66,23,126,6,34,40,166
02/08/2019,AGS,GA,ASO,ES,Combined TRACON& Tower with Radar,12,15,32,3,62,0,2,9,2,13,12,17,41,5,75,0,0,0,75
02/09/2019,AGS,GA,ASO,ES,Combined TRACON& Tower with Radar,11,11,14,2,38,0,0,17,0,17,11,11,31,2,55,24,0,24,79
02/10/2019,AGS,GA,ASO,ES,Combined TRACON& Tower with Radar,11,11,19,3,44,0,1,1,0,2,11,12,20,3,46,0,0,0,46
02/11/2019,AGS,GA,ASO,ES,Combined TRACON& Tower with Radar,12,20,24,10,66,0,0,0,0,0,12,20,24,10,66,0,0,0,66
02/12/2019,AGS,GA,ASO,ES,Combined TRACON& Tower with Radar,18,19,4,0,41,0,0,1,0,1,18,19,5,0,42,0,0,0,42
02/13/2019,AGS,GA,ASO,ES,Combined TRACON& Tower with Radar,12,22,19,10,63,0,2,16,3,21,12,24,35,13,84,30,18,48,132
02/14/2019,AGS,GA,ASO,ES,Combined TRACON& Tower with Radar,14,23,18,8,63,0,2,9,2,13,14,25,27,10,76,6,16,22,98
02/15/2019,AGS,GA,ASO,ES,Combined TRACON& Tower with Radar,16,17,14,2,49,0,6,6,0,12,16,23,20,2,61,14,20,34,95
02/16/2019,AGS,GA,ASO,ES,Combined TRACON& Tower with Radar,11,13,5,0,29,0,1,11,0,12,11,14,16,0,41,6,0,6,47
02/17/2019,AGS,GA,ASO,ES,Combined TRACON& Tower with Radar,14,14,14,14,56,0,0,0,0,0,14,14,14,14,56,0,0,0,56
02/18/2019,AGS,GA,ASO,ES,Combined TRACON& Tower with Radar,14,20,16,2,52,0,2,7,0,9,14,22,23,2,61,51,0,51,112
02/19/2019,AGS,GA,ASO,ES,Combined TRACON& Tower with Radar,17,25,27,5,74,0,0,7,4,11,17,25,34,9,85,30,0,30,115
02/20/2019,AGS,GA,ASO,ES,Combined TRACON& Tower with Radar,13,20,17,1,51,0,0,0,0,0,13,20,17,1,51,0,0,0,51
02/21/2019,AGS,GA,ASO,ES,Combined TRACON& Tower with Radar,14,21,33,18,86,0,0,0,0,0,14,21,33,18,86,16,0,16,102
02/22/2019,AGS,GA,ASO,ES,Combined TRACON& Tower with Radar,14,20,27,3,64,0,0,3,0,3,14,20,30,3,67,0,0,0,67
02/23/2019,AGS,GA,ASO,ES,Combined TRACON& Tower with Radar,11,19,5,1,36,0,0,0,0,0,11,19,5,1,36,0,0,0,36
02/24/2019,AGS,GA,ASO,ES,Combined TRACON& Tower with Radar,13,15,24,4,56,0,0,6,2,8,13,15,30,6,64,0,0,0,64
02/25/2019,AGS,GA,ASO,ES,Combined TRACON& Tower with Radar,14,22,30,10,76,0,6,16,0,22,14,28,46,10,98,6,6,12,110
02/26/2019,AGS,GA,ASO,ES,Combined TRACON& Tower with Radar,14,20,21,4,59,0,5,20,0,25,14,25,41,4,84,18,0,18,102
02/27/2019,AGS,GA,ASO,ES,Combined TRACON& Tower with Radar,14,24,36,0,74,0,1,6,0,7,14,25,42,0,81,22,0,22,103
02/28/2019,AGS,GA,ASO,ES,Combined TRACON& Tower with Radar,14,29,42,1,86,0,0,3,0,3,14,29,45,1,89,0,0,0,89
03/01/2019,AGS,GA,ASO,ES,Combined TRACON& Tower with Radar,14,29,16,0,59,0,0,0,0,0,14,29,16,0,59,0,0,0,59
03/02/2019,AGS,GA,ASO,ES,Combined TRACON& Tower with Radar,8,23,12,4,47,0,0,15,0,15,8,23,27,4,62,14,2,16,78
03/03/2019,AGS,GA,ASO,ES,Combined TRACON& Tower with Radar,17,16,13,6,52,0,0,0,0,0,17,16,13,6,52,0,0,0,52
03/04/2019,AGS,GA,ASO,ES,Combined TRACON& Tower with Radar,16,20,32,4,72,0,0,8,8,16,16,20,40,12,88,19,34,53,141
03/05/2019,AGS,GA,ASO,ES,Combined TRACON& Tower with Radar,17,20,28,8,73,0,5,14,0,19,17,25,42,8,92,32,0,32,124
03/06/2019,AGS,GA,ASO,ES,Combined TRACON& Tower with Radar,17,24,32,24,97,0,2,16,6,24,17,26,48,30,121,6,50,56,177
03/07/2019,AGS,GA,ASO,ES,Combined TRACON& Tower with Radar,19,22,27,22,90,0,0,13,7,20,19,22,40,29,110,20,22,42,152
03/08/2019,AGS,GA,ASO,ES,Combined TRACON& Tower with Radar,17,18,36,9,80,0,4,5,0,9,17,22,41,9,89,2,0,2,91
03/09/2019,AGS,GA,ASO,ES,Combined TRACON& Tower with Radar,9,17,23,2,51,0,0,16,0,16,9,17,39,2,67,24,0,24,91
03/10/2019,AGS,GA,ASO,ES,Combined TRACON& Tower with Radar,15,26,23,0,64,0,0,5,0,5,15,26,28,0,69,8,0,8,77
03/11/2019,AGS,GA,ASO,ES,Combined TRACON& Tower with Radar,16,17,21,4,58,0,0,5,2,7,16,17,26,6,65,4,0,4,69
03/12/2019,AGS,GA,ASO,ES,Combined TRACON& Tower with Radar,17,26,23,22,88,0,0,19,15,34,17,26,42,37,122,35,35,70,192
03/13/2019,AGS,GA,ASO,ES,Combined TRACON& Tower with Radar,14,25,28,15,82,0,2,16,11,29,14,27,44,26,111,40,28,68,179
03/14/2019,AGS,GA,ASO,ES,Combined TRACON& Tower with Radar,15,30,32,26,103,0,0,2,21,23,15,30,34,47,126,20,42,62,188
03/15/2019,AGS,GA,ASO,ES,Combined TRACON& Tower with Radar,17,32,27,0,76,0,1,6,3,10,17,33,33,3,86,0,0,0,86
03/16/2019,AGS,GA,ASO,ES,Combined TRACON& Tower with Radar,8,22,15,0,45,0,0,2,0,2,8,22,17,0,47,22,0,22,69
03/17/2019,AGS,GA,ASO,ES,Combined TRACON& Tower with Radar,17,21,15,0,53,0,0,9,0,9,17,21,24,0,62,6,0,6,68
03/18/2019,AGS,GA,ASO,ES,Combined TRACON& Tower with Radar,17,21,27,10,75,0,0,12,1,13,17,21,39,11,88,11,10,21,109
03/19/2019,AGS,GA,ASO,ES,Combined TRACON& Tower with Radar,16,29,19,9,73,0,0,4,0,4,16,29,23,9,77,62,4,66,143
03/20/2019,AGS,GA,ASO,ES,Combined TRACON& Tower with Radar,16,32,46,8,102,0,0,17,3,20,16,32,63,11,122,74,0,74,196
03/21/2019,AGS,GA,ASO,ES,Combined TRACON& Tower with Radar,18,42,50,7,117,0,0,12,0,12,18,42,62,7,129,16,0,16,145
03/22/2019,AGS,GA,ASO,ES,Combined TRACON& Tower with Radar,16,36,44,9,105,0,3,14,2,19,16,39,58,11,124,38,0,38,162
03/23/2019,AGS,GA,ASO,ES,Combined TRACON& Tower with Radar,8,27,36,0,71,0,0,9,0,9,8,27,45,0,80,6,0,6,86
03/24/2019,AGS,GA,ASO,ES,Combined TRACON& Tower with Radar,15,19,23,4,61,0,2,14,2,18,15,21,37,6,79,4,2,6,85
03/25/2019,AGS,GA,ASO,ES,Combined TRACON& Tower with Radar,21,20,21,0,62,0,0,10,0,10,21,20,31,0,72,0,0,0,72
03/26/2019,AGS,GA,ASO,ES,Combined TRACON& Tower with Radar,16,18,22,6,62,0,0,8,0,8,16,18,30,6,70,18,0,18,88
03/27/2019,AGS,GA,ASO,ES,Combined TRACON& Tower with Radar,16,22,22,17,77,0,1,15,3,19,16,23,37,20,96,0,12,12,108
03/28/2019,AGS,GA,ASO,ES,Combined TRACON& Tower with Radar,16,21,25,2,64,0,0,7,0,7,16,21,32,2,71,0,0,0,71
03/29/2019,AGS,GA,ASO,ES,Combined TRACON& Tower with Radar,18,23,23,6,70,0,0,11,4,15,18,23,34,10,85,26,0,26,111
03/30/2019,AGS,GA,ASO,ES,Combined TRACON& Tower with Radar,9,28,16,0,53,0,0,8,0,8,9,28,24,0,61,0,0,0,61
03/31/2019,AGS,GA,ASO,ES,Combined TRACON& Tower with Radar,15,30,22,0,67,0,0,4,0,4,15,30,26,0,71,16,0,16,87
04/01/2019,AGS,GA,ASO,ES,Combined TRACON& Tower with Radar,17,22,21,11,71,0,0,8,5,13,17,22,29,16,84,8,10,18,102
04/02/2019,AGS,GA,ASO,ES,Combined TRACON& Tower with Radar,20,15,27,0,62,0,2,2,0,4,20,17,29,0,66,0,0,0,66
04/03/2019,AGS,GA,ASO,ES,Combined TRACON& Tower with Radar,20,28,25,11,84,0,8,7,6,21,20,36,32,17,105,22,8,30,135
04/04/2019,AGS,GA,ASO,ES,Combined TRACON& Tower with Radar,20,23,31,22,96,0,1,13,1,15,20,24,44,23,111,34,14,48,159
04/05/2019,AGS,GA,ASO,ES,Combined TRACON& Tower with Radar,22,30,26,0,78,0,0,2,0,2,22,30,28,0,80,38,0,38,118
04/06/2019,AGS,GA,ASO,ES,Combined TRACON& Tower with Radar,18,30,25,0,73,0,0,0,0,0,18,30,25,0,73,0,0,0,73
04/07/2019,AGS,GA,ASO,ES,Combined TRACON& Tower with Radar,22,74,60,0,156,0,0,2,0,2,22,74,62,0,158,0,0,0,158
04/08/2019,AGS,GA,ASO,ES,Combined TRACON& Tower with Radar,37,54,112,2,205,0,0,1,0,1,37,54,113,2,206,0,0,0,206
04/09/2019,AGS,GA,ASO,ES,Combined TRACON& Tower with Radar,46,109,158,0,313,0,0,1,0,1,46,109,159,0,314,0,0,0,314
04/10/2019,AGS,GA,ASO,ES,Combined TRACON& Tower with Radar,48,162,235,1,446,0,1,5,0,6,48,163,240,1,452,0,0,0,452
04/11/2019,AGS,GA,ASO,ES,Combined TRACON& Tower with Radar,50,156,213,0,419,0,0,2,0,2,50,156,215,0,421,0,0,0,421
04/12/2019,AGS,GA,ASO,ES,Combined TRACON& Tower with Radar,57,255,243,0,555,0,0,4,0,4,57,255,247,0,559,0,0,0,559
04/13/2019,AGS,GA,ASO,ES,Combined TRACON& Tower with Radar,44,147,163,0,354,0,0,0,0,0,44,147,163,0,354,0,0,0,354
04/14/2019,AGS,GA,ASO,ES,Combined TRACON& Tower with Radar,51,186,168,1,406,0,0,0,0,0,51,186,168,1,406,0,0,0,406
04/15/2019,AGS,GA,ASO,ES,Combined TRACON& Tower with Radar,55,105,80,0,240,0,3,4,0,7,55,108,84,0,247,0,4,4,251
04/16/2019,AGS,GA,ASO,ES,Combined TRACON& Tower with Radar,20,15,22,12,69,0,5,9,6,20,20,20,31,18,89,20,6,26,115
04/17/2019,AGS,GA,ASO,ES,Combined TRACON& Tower with Radar,20,13,16,3,52,0,3,11,2,16,20,16,27,5,68,38,4,42,110
04/18/2019,AGS,GA,ASO,ES,Combined TRACON& Tower with Radar,20,13,23,4,60,0,7,21,1,29,20,20,44,5,89,84,2,86,175
04/19/2019,AGS,GA,ASO,ES,Combined TRACON& Tower with Radar,17,12,9,0,38,0,0,2,0,2,17,12,11,0,40,0,0,0,40
04/20/2019,AGS,GA,ASO,ES,Combined TRACON& Tower with Radar,11,9,7,0,27,0,0,1,0,1,11,9,8,0,28,0,0,0,28
04/21/2019,AGS,GA,ASO,ES,Combined TRACON& Tower with Radar,15,12,6,0,33,0,0,6,0,6,15,12,12,0,39,0,0,0,39
04/22/2019,AGS,GA,ASO,ES,Combined TRACON& Tower with Radar,20,25,19,7,71,0,1,10,0,11,20,26,29,7,82,28,0,28,110
04/23/2019,AGS,GA,ASO,ES,Combined TRACON& Tower with Radar,19,33,33,3,88,0,2,8,0,10,19,35,41,3,98,38,0,38,136
04/24/2019,AGS,GA,ASO,ES,Combined TRACON& Tower with Radar,20,30,34,11,95,0,6,11,0,17,20,36,45,11,112,18,16,34,146
04/25/2019,AGS,GA,ASO,ES,Combined TRACON& Tower with Radar,20,22,40,26,108,0,0,10,7,17,20,22,50,33,125,18,26,44,169
04/26/2019,AGS,GA,ASO,ES,Combined TRACON& Tower with Radar,24,32,38,3,97,0,0,7,2,9,24,32,45,5,106,12,0,12,118
04/27/2019,AGS,GA,ASO,ES,Combined TRACON& Tower with Radar,12,19,18,2,51,0,1,19,0,20,12,20,37,2,71,54,0,54,125
04/28/2019,AGS,GA,ASO,ES,Combined TRACON& Tower with Radar,17,20,18,0,55,0,0,7,0,7,17,20,25,0,62,46,0,46,108
04/29/2019,AGS,GA,ASO,ES,Combined TRACON& Tower with Radar,20,22,25,1,68,0,0,22,0,22,20,22,47,1,90,14,0,14,104
04/30/2019,AGS,GA,ASO,ES,Combined TRACON& Tower with Radar,19,29,32,19,99,0,3,17,8,28,19,32,49,27,127,28,36,64,191
05/01/2019,AGS,GA,ASO,ES,Combined TRACON& Tower with Radar,17,40,29,3,89,0,2,14,14,30,17,42,43,17,119,40,0,40,159
05/02/2019,AGS,GA,ASO,ES,Combined TRACON& Tower with Radar,19,27,29,10,85,0,2,7,0,9,19,29,36,10,94,24,0,24,118
05/03/2019,AGS,GA,ASO,ES,Combined TRACON& Tower with Radar,16,24,29,2,71,0,0,6,0,6,16,24,35,2,77,0,0,0,77
05/04/2019,AGS,GA,ASO,ES,Combined TRACON& Tower with Radar,12,13,12,0,37,0,0,105,0,105,12,13,117,0,142,18,0,18,160
05/05/2019,AGS,GA,ASO,ES,Combined TRACON& Tower with Radar,15,21,19,8,63,0,1,4,0,5,15,22,23,8,68,0,0,0,68
05/06/2019,AGS,GA,ASO,ES,Combined TRACON& Tower with Radar,15,29,23,6,73,0,4,18,0,22,15,33,41,6,95,42,0,42,137
05/07/2019,AGS,GA,ASO,ES,Combined TRACON& Tower with Radar,15,27,36,4,82,0,4,15,0,19,15,31,51,4,101,36,0,36,137
05/08/2019,AGS,GA,ASO,ES,Combined TRACON& Tower with Radar,15,24,33,1,73,0,0,6,1,7,15,24,39,2,80,38,0,38,118
05/09/2019,AGS,GA,ASO,ES,Combined TRACON& Tower with Radar,14,42,33,12,101,0,0,9,0,9,14,42,42,12,110,6,0,6,116
05/10/2019,AGS,GA,ASO,ES,Combined TRACON& Tower with Radar,15,31,32,4,82,0,2,2,0,4,15,33,34,4,86,0,0,0,86
05/11/2019,AGS,GA,ASO,ES,Combined TRACON& Tower with Radar,12,16,16,0,44,0,0,5,0,5,12,16,21,0,49,22,0,22,71
05/12/2019,AGS,GA,ASO,ES,Combined TRACON& Tower with Radar,14,23,11,0,48,0,0,0,0,0,14,23,11,0,48,0,0,0,48
05/13/2019,AGS,GA,ASO,ES,Combined TRACON& Tower with Radar,14,30,31,15,90,0,1,7,5,13,14,31,38,20,103,24,12,36,139
05/14/2019,AGS,GA,ASO,ES,Combined TRACON& Tower with Radar,15,36,27,9,87,0,0,23,2,25,15,36,50,11,112,4,4,8,120
05/15/2019,AGS,GA,ASO,ES,Combined TRACON& Tower with Radar,15,29,35,16,95,0,4,11,0,15,15,33,46,16,110,56,8,64,174
05/16/2019,AGS,GA,ASO,ES,Combined TRACON& Tower with Radar,15,28,38,7,88,0,1,11,1,13,15,29,49,8,101,22,8,30,131
05/17/2019,AGS,GA,ASO,ES,Combined TRACON& Tower with Radar,16,28,31,14,89,0,4,6,0,10,16,32,37,14,99,4,0,4,103
05/18/2019,AGS,GA,ASO,ES,Combined TRACON& Tower with Radar,15,17,13,0,45,0,2,9,0,11,15,19,22,0,56,0,0,0,56
05/19/2019,AGS,GA,ASO,ES,Combined TRACON& Tower with Radar,13,19,24,0,56,0,1,11,1,13,13,20,35,1,69,6,0,6,75
05/20/2019,AGS,GA,ASO,ES,Combined TRACON& Tower with Radar,12,21,19,3,55,0,0,9,0,9,12,21,28,3,64,44,0,44,108
05/21/2019,AGS,GA,ASO,ES,Combined TRACON& Tower with Radar,15,21,23,11,70,0,2,18,0,20,15,23,41,11,90,16,0,16,106
05/22/2019,AGS,GA,ASO,ES,Combined TRACON& Tower with Radar,15,22,8,2,47,0,1,12,1,14,15,23,20,3,61,42,0,42,103
05/23/2019,AGS,GA,ASO,ES,Combined TRACON& Tower with Radar,15,24,26,13,78,0,0,9,3,12,15,24,35,16,90,8,0,8,98
05/24/2019,AGS,GA,ASO,ES,Combined TRACON& Tower with Radar,17,26,15,0,58,0,4,14,0,18,17,30,29,0,76,18,0,18,94
05/25/2019,AGS,GA,ASO,ES,Combined TRACON& Tower with Radar,15,15,5,0,35,0,1,1,0,2,15,16,6,0,37,10,0,10,47
05/26/2019,AGS,GA,ASO,ES,Combined TRACON& Tower with Radar,12,15,2,0,29,0,4,11,0,15,12,19,13,0,44,0,0,0,44
05/27/2019,AGS,GA,ASO,ES,Combined TRACON& Tower with Radar,14,15,11,0,40,0,8,5,0,13,14,23,16,0,53,34,0,34,87
05/28/2019,AGS,GA,ASO,ES,Combined TRACON& Tower with Radar,15,19,23,4,61,0,2,10,2,14,15,21,33,6,75,14,6,20,95
05/29/2019,AGS,GA,ASO,ES,Combined TRACON& Tower with Radar,18,20,17,0,55,0,0,16,3,19,18,20,33,3,74,14,0,14,88
05/30/2019,AGS,GA,ASO,ES,Combined TRACON& Tower with Radar,16,15,20,23,74,0,1,21,1,23,16,16,41,24,97,34,0,34,131
05/31/2019,AGS,GA,ASO,ES,Combined TRACON& Tower with Radar,16,20,19,4,59,0,0,21,0,21,16,20,40,4,80,32,0,32,112
06/01/2019,AGS,GA,ASO,ES,Combined TRACON& Tower with Radar,17,17,5,8,47,0,3,7,0,10,17,20,12,8,57,13,0,13,70
06/02/2019,AGS,GA,ASO,ES,Combined TRACON& Tower with Radar,14,14,4,0,32,0,0,4,0,4,14,14,8,0,36,0,0,0,36
06/03/2019,AGS,GA,ASO,ES,Combined TRACON& Tower with Radar,17,19,15,10,61,0,1,11,0,12,17,20,26,10,73,24,0,24,97
06/04/2019,AGS,GA,ASO,ES,Combined TRACON& Tower with Radar,15,18,11,15,59,0,1,9,3,13,15,19,20,18,72,14,12,26,98
06/05/2019,AGS,GA,ASO,ES,Combined TRACON& Tower with Radar,17,22,19,12,70,0,0,0,0,0,17,22,19,12,70,0,0,0,70
06/06/2019,AGS,GA,ASO,ES,Combined TRACON& Tower with Radar,15,22,14,2,53,0,0,3,0,3,15,22,17,2,56,8,0,8,64
06/07/2019,AGS,GA,ASO,ES,Combined TRACON& Tower with Radar,15,15,5,0,35,0,0,0,0,0,15,15,5,0,35,0,0,0,35
06/08/2019,AGS,GA,ASO,ES,Combined TRACON& Tower with Radar,9,15,4,2,30,0,0,0,0,0,9,15,4,2,30,0,0,0,30
06/09/2019,AGS,GA,ASO,ES,Combined TRACON& Tower with Radar,9,15,0,0,24,0,0,0,0,0,9,15,0,0,24,0,0,0,24
06/10/2019,AGS,GA,ASO,ES,Combined TRACON& Tower with Radar,11,15,11,2,39,0,2,0,0,2,11,17,11,2,41,0,0,0,41
06/11/2019,AGS,GA,ASO,ES,Combined TRACON& Tower with Radar,13,21,14,5,53,0,0,7,3,10,13,21,21,8,63,8,0,8,71
06/12/2019,AGS,GA,ASO,ES,Combined TRACON& Tower with Radar,12,19,18,2,51,0,0,1,0,1,12,19,19,2,52,0,0,0,52
06/13/2019,AGS,GA,ASO,ES,Combined TRACON& Tower with Radar,13,21,20,6,60,0,0,3,0,3,13,21,23,6,63,44,0,44,107
06/14/2019,AGS,GA,ASO,ES,Combined TRACON& Tower with Radar,15,18,14,0,47,0,3,12,0,15,15,21,26,0,62,28,0,28,90
06/15/2019,AGS,GA,ASO,ES,Combined TRACON& Tower with Radar,12,14,5,0,31,0,0,19,0,19,12,14,24,0,50,14,0,14,64
06/16/2019,AGS,GA,ASO,ES,Combined TRACON& Tower with Radar,10,19,5,2,36,0,2,3,0,5,10,21,8,2,41,0,0,0,41
06/17/2019,AGS,GA,ASO,ES,Combined TRACON& Tower with Radar,16,18,18,13,65,0,0,14,0,14,16,18,32,13,79,16,6,22,101
06/18/2019,AGS,GA,ASO,ES,Combined TRACON& Tower with Radar,16,15,11,1,43,0,0,6,0,6,16,15,17,1,49,0,0,0,49
06/19/2019,AGS,GA,ASO,ES,Combined TRACON& Tower with Radar,14,23,24,1,62,0,0,5,0,5,14,23,29,1,67,0,0,0,67
06/20/2019,AGS,GA,ASO,ES,Combined TRACON& Tower with Radar,18,21,21,1,61,0,0,2,0,2,18,21,23,1,63,2,0,2,65
06/21/2019,AGS,GA,ASO,ES,Combined TRACON& Tower with Radar,16,17,17,5,55,0,0,11,4,15,16,17,28,9,70,0,10,10,80
06/22/2019,AGS,GA,ASO,ES,Combined TRACON& Tower with Radar,15,18,8,1,42,0,0,11,0,11,15,18,19,1,53,0,0,0,53
06/23/2019,AGS,GA,ASO,ES,Combined TRACON& Tower with Radar,18,19,10,0,47,0,0,6,0,6,18,19,16,0,53,0,0,0,53
06/24/2019,AGS,GA,ASO,ES,Combined TRACON& Tower with Radar,17,23,13,12,65,0,0,10,5,15,17,23,23,17,80,12,12,24,104
06/25/2019,AGS,GA,ASO,ES,Combined TRACON& Tower with Radar,14,18,22,0,54,0,1,5,0,6,14,19,27,0,60,25,0,25,85
06/26/2019,AGS,GA,ASO,ES,Combined TRACON& Tower with Radar,16,22,17,8,63,0,0,16,1,17,16,22,33,9,80,52,0,52,132
06/27/2019,AGS,GA,ASO,ES,Combined TRACON& Tower with Radar,16,16,13,4,49,0,0,16,0,16,16,16,29,4,65,8,0,8,73
06/28/2019,AGS,GA,ASO,ES,Combined TRACON& Tower with Radar,14,17,13,0,44,0,1,19,0,20,14,18,32,0,64,6,0,6,70
06/29/2019,AGS,GA,ASO,ES,Combined TRACON& Tower with Radar,10,18,18,0,46,0,0,10,0,10,10,18,28,0,56,16,0,16,72
06/30/2019,AGS,GA,ASO,ES,Combined TRACON& Tower with Radar,9,15,6,2,32,0,1,10,0,11,9,16,16,2,43,12,0,12,55
07/01/2019,AGS,GA,ASO,ES,Combined TRACON& Tower with Radar,9,13,10,17,49,0,2,7,3,12,9,15,17,20,61,18,26,44,105
07/02/2019,AGS,GA,ASO,ES,Combined TRACON& Tower with Radar,9,17,17,10,53,0,3,3,0,6,9,20,20,10,59,38,0,38,97
07/03/2019,AGS,GA,ASO,ES,Combined TRACON& Tower with Radar,10,12,4,7,33,0,3,8,0,11,10,15,12,7,44,18,4,22,66
07/04/2019,AGS,GA,ASO,ES,Combined TRACON& Tower with Radar,9,14,4,0,27,0,0,6,0,6,9,14,10,0,33,12,0,12,45
07/05/2019,AGS,GA,ASO,ES,Combined TRACON& Tower with Radar,9,14,4,0,27,0,0,0,0,0,9,14,4,0,27,0,0,0,27
07/06/2019,AGS,GA,ASO,ES,Combined TRACON& Tower with Radar,10,15,6,0,31,0,1,3,0,4,10,16,9,0,35,0,0,0,35
07/07/2019,AGS,GA,ASO,ES,Combined TRACON& Tower with Radar,12,17,2,0,31,0,4,5,0,9,12,21,7,0,40,0,0,0,40
07/08/2019,AGS,GA,ASO,ES,Combined TRACON& Tower with Radar,14,25,20,16,75,0,2,8,4,14,14,27,28,20,89,0,28,28,117
07/09/2019,AGS,GA,ASO,ES,Combined TRACON& Tower with Radar,12,25,19,3,59,0,1,2,0,3,12,26,21,3,62,0,0,0,62
07/10/2019,AGS,GA,ASO,ES,Combined TRACON& Tower with Radar,14,42,49,2,107,0,0,14,0,14,14,42,63,2,121,14,0,14,135
07/11/2019,AGS,GA,ASO,ES,Combined TRACON& Tower with Radar,12,34,28,5,79,0,0,2,4,6,12,34,30,9,85,0,14,14,99
07/12/2019,AGS,GA,ASO,ES,Combined TRACON& Tower with Radar,14,39,55,21,129,0,0,6,0,6,14,39,61,21,135,8,0,8,143
07/13/2019,AGS,GA,ASO,ES,Combined TRACON& Tower with Radar,12,36,39,0,87,0,0,8,0,8,12,36,47,0,95,4,0,4,99
07/14/2019,AGS,GA,ASO,ES,Combined TRACON& Tower with Radar,12,31,27,0,70,0,2,2,0,4,12,33,29,0,74,6,0,6,80
07/15/2019,AGS,GA,ASO,ES,Combined TRACON& Tower with Radar,16,15,12,18,61,0,0,1,2,3,16,15,13,20,64,10,10,20,84
07/16/2019,AGS,GA,ASO,ES,Combined TRACON& Tower with Radar,14,18,18,2,52,0,2,6,3,11,14,20,24,5,63,16,0,16,79
07/17/2019,AGS,GA,ASO,ES,Combined TRACON& Tower with Radar,16,26,26,17,85,0,6,9,7,22,16,32,35,24,107,34,26,60,167
07/18/2019,AGS,GA,ASO,ES,Combined TRACON& Tower with Radar,8,23,24,11,66,0,4,7,8,19,8,27,31,19,85,26,28,54,139
07/19/2019,AGS,GA,ASO,ES,Combined TRACON& Tower with Radar,12,17,11,4,44,0,0,11,0,11,12,17,22,4,55,14,0,14,69
07/20/2019,AGS,GA,ASO,ES,Combined TRACON& Tower with Radar,10,21,9,0,40,0,8,17,0,25,10,29,26,0,65,0,0,0,65
07/21/2019,AGS,GA,ASO,ES,Combined TRACON& Tower with Radar,13,19,5,2,39,0,3,18,0,21,13,22,23,2,60,22,0,22,82
07/22/2019,AGS,GA,ASO,ES,Combined TRACON& Tower with Radar,11,19,17,22,69,0,0,8,5,13,11,19,25,27,82,0,10,10,92
07/23/2019,AGS,GA,ASO,ES,Combined TRACON& Tower with Radar,14,19,12,9,54,0,0,2,0,2,14,19,14,9,56,2,8,10,66
07/24/2019,AGS,GA,ASO,ES,Combined TRACON& Tower with Radar,13,22,12,13,60,0,0,13,4,17,13,22,25,17,77,8,8,16,93
07/25/2019,AGS,GA,ASO,ES,Combined TRACON& Tower with Radar,12,20,17,7,56,0,1,11,8,20,12,21,28,15,76,28,28,56,132
07/26/2019,AGS,GA,ASO,ES,Combined TRACON& Tower with Radar,11,19,16,2,48,0,3,21,0,24,11,22,37,2,72,48,0,48,120
07/27/2019,AGS,GA,ASO,ES,Combined TRACON& Tower with Radar,11,17,5,8,41,0,4,16,2,22,11,21,21,10,63,28,10,38,101
07/28/2019,AGS,GA,ASO,ES,Combined TRACON& Tower with Radar,11,17,9,9,46,0,0,3,1,4,11,17,12,10,50,18,18,36,86
07/29/2019,AGS,GA,ASO,ES,Combined TRACON& Tower with Radar,12,18,19,9,58,0,0,11,1,12,12,18,30,10,70,10,28,38,108
07/30/2019,AGS,GA,ASO,ES,Combined TRACON& Tower with Radar,10,25,19,0,54,0,6,9,2,17,10,31,28,2,71,46,0,46,117
07/31/2019,AGS,GA,ASO,ES,Combined TRACON& Tower with Radar,12,21,10,13,56,0,0,10,11,21,12,21,20,24,77,48,32,80,157
08/01/2019,AGS,GA,ASO,ES,Combined TRACON& Tower with Radar,15,23,17,0,55,0,0,6,2,8,15,23,23,2,63,0,0,0,63
08/02/2019,AGS,GA,ASO,ES,Combined TRACON& Tower with Radar,9,16,16,0,41,0,0,13,0,13,9,16,29,0,54,0,0,0,54
08/03/2019,AGS,GA,ASO,ES,Combined TRACON& Tower with Radar,11,16,6,0,33,0,0,15,0,15,11,16,21,0,48,10,0,10,58
08/04/2019,AGS,GA,ASO,ES,Combined TRACON& Tower with Radar,13,20,7,0,40,0,0,8,0,8,13,20,15,0,48,6,0,6,54
08/05/2019,AGS,GA,ASO,ES,Combined TRACON& Tower with Radar,15,16,31,10,72,0,0,8,0,8,15,16,39,10,80,14,0,14,94
08/06/2019,AGS,GA,ASO,ES,Combined TRACON& Tower with Radar,12,29,24,7,72,0,0,16,1,17,12,29,40,8,89,22,0,22,111
08/07/2019,AGS,GA,ASO,ES,Combined TRACON& Tower with Radar,10,21,33,16,80,0,0,16,10,26,10,21,49,26,106,10,16,26,132
08/08/2019,AGS,GA,ASO,ES,Combined TRACON& Tower with Radar,13,28,29,12,82,0,6,18,3,27,13,34,47,15,109,10,0,10,119
08/09/2019,AGS,GA,ASO,ES,Combined TRACON& Tower with Radar,13,21,21,9,64,0,0,27,2,29,13,21,48,11,93,20,4,24,117
08/10/2019,AGS,GA,ASO,ES,Combined TRACON& Tower with Radar,11,18,6,3,38,0,4,8,1,13,11,22,14,4,51,18,16,34,85
08/11/2019,AGS,GA,ASO,ES,Combined TRACON& Tower with Radar,11,17,10,0,38,0,1,11,0,12,11,18,21,0,50,10,0,10,60
08/12/2019,AGS,GA,ASO,ES,Combined TRACON& Tower with Radar,14,19,21,11,65,0,1,13,1,15,14,20,34,12,80,38,4,42,122
08/13/2019,AGS,GA,ASO,ES,Combined TRACON& Tower with Radar,12,20,26,1,59,0,3,9,0,12,12,23,35,1,71,0,0,0,71
08/14/2019,AGS,GA,ASO,ES,Combined TRACON& Tower with Radar,14,19,20,4,57,0,2,8,1,11,14,21,28,5,68,2,10,12,80
08/15/2019,AGS,GA,ASO,ES,Combined TRACON& Tower with Radar,14,23,14,0,51,0,1,2,0,3,14,24,16,0,54,2,0,2,56
08/16/2019,AGS,GA,ASO,ES,Combined TRACON& Tower with Radar,14,16,21,2,53,0,0,7,0,7,14,16,28,2,60,48,0,48,108
08/17/2019,AGS,GA,ASO,ES,Combined TRACON& Tower with Radar,12,14,7,0,33,0,0,7,0,7,12,14,14,0,40,0,0,0,40
08/18/2019,AGS,GA,ASO,ES,Combined TRACON& Tower with Radar,12,17,11,0,40,0,0,7,0,7,12,17,18,0,47,0,0,0,47
08/19/2019,AGS,GA,ASO,ES,Combined TRACON& Tower with Radar,14,18,13,12,57,0,0,10,0,10,14,18,23,12,67,0,0,0,67
08/20/2019,AGS,GA,ASO,ES,Combined TRACON& Tower with Radar,18,13,12,3,46,0,4,8,0,12,18,17,20,3,58,44,6,50,108
08/21/2019,AGS,GA,ASO,ES,Combined TRACON& Tower with Radar,16,25,23,14,78,0,5,12,2,19,16,30,35,16,97,12,0,12,109
08/22/2019,AGS,GA,ASO,ES,Combined TRACON& Tower with Radar,22,19,23,7,71,0,4,13,2,19,22,23,36,9,90,32,0,32,122
08/23/2019,AGS,GA,ASO,ES,Combined TRACON& Tower with Radar,12,19,19,7,57,0,0,15,1,16,12,19,34,8,73,4,8,12,85
08/24/2019,AGS,GA,ASO,ES,Combined TRACON& Tower with Radar,14,15,7,0,36,0,0,0,0,0,14,15,7,0,36,0,0,0,36
08/25/2019,AGS,GA,ASO,ES,Combined TRACON& Tower with Radar,12,17,7,0,36,0,3,6,0,9,12,20,13,0,45,4,0,4,49
08/26/2019,AGS,GA,ASO,ES,Combined TRACON& Tower with Radar,13,18,21,6,58,0,3,9,4,16,13,21,30,10,74,4,10,14,88
08/27/2019,AGS,GA,ASO,ES,Combined TRACON& Tower with Radar,15,13,18,0,46,0,0,2,0,2,15,13,20,0,48,8,0,8,56
08/28/2019,AGS,GA,ASO,ES,Combined TRACON& Tower with Radar,14,23,25,30,92,0,0,7,7,14,14,23,32,37,106,34,36,70,176
08/29/2019,AGS,GA,ASO,ES,Combined TRACON& Tower with Radar,14,19,24,9,66,0,4,16,1,21,14,23,40,10,87,24,8,32,119
08/30/2019,AGS,GA,ASO,ES,Combined TRACON& Tower with Radar,16,18,18,5,57,0,0,11,3,14,16,18,29,8,71,5,0,5,76
08/31/2019,AGS,GA,ASO,ES,Combined TRACON& Tower with Radar,12,12,5,0,29,0,0,16,0,16,12,12,21,0,45,2,0,2,47
09/01/2019,AGS,GA,ASO,ES,Combined TRACON& Tower with Radar,15,5,5,0,25,0,1,9,0,10,15,6,14,0,35,6,0,6,41
09/02/2019,AGS,GA,ASO,ES,Combined TRACON& Tower with Radar,15,14,6,0,35,0,3,6,0,9,15,17,12,0,44,24,0,24,68
09/03/2019,AGS,GA,ASO,ES,Combined TRACON& Tower with Radar,16,12,14,0,42,0,2,3,0,5,16,14,17,0,47,22,0,22,69
09/04/2019,AGS,GA,ASO,ES,Combined TRACON& Tower with Radar,20,8,17,0,45,0,0,4,4,8,20,8,21,4,53,0,0,0,53
09/05/2019,AGS,GA,ASO,ES,Combined TRACON& Tower with Radar,19,7,13,4,43,0,2,21,0,23,19,9,34,4,66,26,0,26,92
09/06/2019,AGS,GA,ASO,ES,Combined TRACON& Tower with Radar,19,8,19,0,46,0,0,14,0,14,19,8,33,0,60,0,0,0,60
09/07/2019,AGS,GA,ASO,ES,Combined TRACON& Tower with Radar,21,4,5,2,32,0,2,7,0,9,21,6,12,2,41,20,0,20,61
09/08/2019,AGS,GA,ASO,ES,Combined TRACON& Tower with Radar,15,18,7,1,41,0,2,14,1,17,15,20,21,2,58,14,0,14,72
09/09/2019,AGS,GA,ASO,ES,Combined TRACON& Tower with Radar,16,11,27,5,59,0,0,6,1,7,16,11,33,6,66,10,10,20,86
09/10/2019,AGS,GA,ASO,ES,Combined TRACON& Tower with Radar,17,15,19,15,66,0,0,11,2,13,17,15,30,17,79,0,22,22,101
09/11/2019,AGS,GA,ASO,ES,Combined TRACON& Tower with Radar,18,13,20,9,60,0,1,10,7,18,18,14,30,16,78,26,22,48,126
09/12/2019,AGS,GA,ASO,ES,Combined TRACON& Tower with Radar,18,10,21,2,51,0,0,16,0,16,18,10,37,2,67,48,0,48,115
09/13/2019,AGS,GA,ASO,ES,Combined TRACON& Tower with Radar,18,9,15,5,47,0,0,9,1,10,18,9,24,6,57,16,0,16,73
09/14/2019,AGS,GA,ASO,ES,Combined TRACON& Tower with Radar,19,6,6,0,31,0,0,4,0,4,19,6,10,0,35,26,0,26,61
09/15/2019,AGS,GA,ASO,ES,Combined TRACON& Tower with Radar,18,10,15,5,48,0,0,7,1,8,18,10,22,6,56,34,0,34,90
09/16/2019,AGS,GA,ASO,ES,Combined TRACON& Tower with Radar,18,14,14,20,66,0,1,10,5,16,18,15,24,25,82,27,6,33,115
09/17/2019,AGS,GA,ASO,ES,Combined TRACON& Tower with Radar,25,12,17,7,61,0,0,26,0,26,25,12,43,7,87,38,0,38,125
09/18/2019,AGS,GA,ASO,ES,Combined TRACON& Tower with Radar,18,10,13,5,46,0,0,5,1,6,18,10,18,6,52,16,32,48,100
09/19/2019,AGS,GA,ASO,ES,Combined TRACON& Tower with Radar,18,14,31,11,74,0,1,18,0,19,18,15,49,11,93,30,0,30,123
09/20/2019,AGS,GA,ASO,ES,Combined TRACON& Tower with Radar,18,14,16,12,60,0,0,11,2,13,18,14,27,14,73,20,0,20,93
09/21/2019,AGS,GA,ASO,ES,Combined TRACON& Tower with Radar,21,14,2,0,37,0,1,7,0,8,21,15,9,0,45,20,0,20,65
09/22/2019,AGS,GA,ASO,ES,Combined TRACON& Tower with Radar,18,11,6,6,41,0,8,10,1,19,18,19,16,7,60,38,10,48,108
09/23/2019,AGS,GA,ASO,ES,Combined TRACON& Tower with Radar,18,14,21,0,53,0,3,12,0,15,18,17,33,0,68,36,0,36,104
09/24/2019,AGS,GA,ASO,ES,Combined TRACON& Tower with Radar,18,13,18,2,51,0,5,12,0,17,18,18,30,2,68,48,0,48,116
09/25/2019,AGS,GA,ASO,ES,Combined TRACON& Tower with Radar,18,12,16,0,46,0,10,19,0,29,18,22,35,0,75,20,0,20,95
09/26/2019,AGS,GA,ASO,ES,Combined TRACON& Tower with Radar,18,12,5,2,37,0,3,11,0,14,18,15,16,2,51,22,0,22,73
09/27/2019,AGS,GA,ASO,ES,Combined TRACON& Tower with Radar,18,16,14,0,48,0,1,16,0,17,18,17,30,0,65,20,0,20,85
09/28/2019,AGS,GA,ASO,ES,Combined TRACON& Tower with Radar,20,6,3,0,29,0,2,16,0,18,20,8,19,0,47,26,0,26,73
09/29/2019,AGS,GA,ASO,ES,Combined TRACON& Tower with Radar,19,9,9,0,37,0,1,9,0,10,19,10,18,0,47,0,0,0,47
09/30/2019,AGS,GA,ASO,ES,Combined TRACON& Tower with Radar,18,9,16,2,45,0,0,17,0,17,18,9,33,2,62,26,0,26,88
10/01/2019,AGS,GA,ASO,ES,Combined TRACON& Tower with Radar,16,13,25,7,61,0,0,15,1,16,16,13,40,8,77,24,2,26,103
10/02/2019,AGS,GA,ASO,ES,Combined TRACON& Tower with Radar,18,18,13,8,57,0,4,12,4,20,18,22,25,12,77,40,12,52,129
10/03/2019,AGS,GA,ASO,ES,Combined TRACON& Tower with Radar,16,15,28,2,61,0,0,13,0,13,16,15,41,2,74,16,0,16,90
10/04/2019,AGS,GA,ASO,ES,Combined TRACON& Tower with Radar,16,21,13,26,76,0,2,8,7,17,16,23,21,33,93,18,32,50,143
10/05/2019,AGS,GA,ASO,ES,Combined TRACON& Tower with Radar,18,9,4,8,39,0,0,6,2,8,18,9,10,10,47,0,34,34,81
10/06/2019,AGS,GA,ASO,ES,Combined TRACON& Tower with Radar,16,18,6,6,46,0,0,8,0,8,16,18,14,6,54,50,0,50,104
10/07/2019,AGS,GA,ASO,ES,Combined TRACON& Tower with Radar,15,18,20,10,63,0,0,14,0,14,15,18,34,10,77,2,0,2,79
10/08/2019,AGS,GA,ASO,ES,Combined TRACON& Tower with Radar,16,15,15,2,48,0,0,13,0,13,16,15,28,2,61,12,0,12,73
10/09/2019,AGS,GA,ASO,ES,Combined TRACON& Tower with Radar,16,16,21,0,53,0,4,10,0,14,16,20,31,0,67,52,0,52,119
10/10/2019,AGS,GA,ASO,ES,Combined TRACON& Tower with Radar,16,13,17,27,73,0,3,18,1,22,16,16,35,28,95,6,14,20,115
10/11/2019,AGS,GA,ASO,ES,Combined TRACON& Tower with Radar,16,19,16,2,53,0,0,20,0,20,16,19,36,2,73,32,0,32,105
10/12/2019,AGS,GA,ASO,ES,Combined TRACON& Tower with Radar,16,14,6,2,38,0,0,9,0,9,16,14,15,2,47,26,0,26,73
10/13/2019,AGS,GA,ASO,ES,Combined TRACON& Tower with Radar,17,16,9,0,42,0,2,11,2,15,17,18,20,2,57,48,0,48,105
10/14/2019,AGS,GA,ASO,ES,Combined TRACON& Tower with Radar,16,23,25,0,64,0,3,16,0,19,16,26,41,0,83,54,0,54,137
10/15/2019,AGS,GA,ASO,ES,Combined TRACON& Tower with Radar,15,15,23,5,58,0,0,9,0,9,15,15,32,5,67,10,0,10,77
10/16/2019,AGS,GA,ASO,ES,Combined TRACON& Tower with Radar,16,15,37,1,69,0,0,4,0,4,16,15,41,1,73,0,0,0,73
10/17/2019,AGS,GA,ASO,ES,Combined TRACON& Tower with Radar,16,25,46,10,97,0,8,20,2,30,16,33,66,12,127,46,12,58,185
10/18/2019,AGS,GA,ASO,ES,Combined TRACON& Tower with Radar,16,28,40,9,93,0,4,15,1,20,16,32,55,10,113,44,14,58,171
10/19/2019,AGS,GA,ASO,ES,Combined TRACON& Tower with Radar,18,22,14,0,54,0,0,0,0,0,18,22,14,0,54,0,0,0,54
10/20/2019,AGS,GA,ASO,ES,Combined TRACON& Tower with Radar,19,21,22,1,63,0,1,8,0,9,19,22,30,1,72,16,0,16,88
10/21/2019,AGS,GA,ASO,ES,Combined TRACON& Tower with Radar,15,22,26,0,63,0,0,6,0,6,15,22,32,0,69,26,0,26,95
10/22/2019,AGS,GA,ASO,ES,Combined TRACON& Tower with Radar,16,18,22,3,59,0,1,8,0,9,16,19,30,3,68,30,0,30,98
10/23/2019,AGS,GA,ASO,ES,Combined TRACON& Tower with Radar,16,13,33,27,89,0,2,21,10,33,16,15,54,37,122,18,18,36,158
10/24/2019,AGS,GA,ASO,ES,Combined TRACON& Tower with Radar,18,20,27,17,82,0,0,15,1,16,18,20,42,18,98,8,18,26,124
10/25/2019,AGS,GA,ASO,ES,Combined TRACON& Tower with Radar,16,33,29,4,82,0,0,12,2,14,16,33,41,6,96,42,24,66,162
10/26/2019,AGS,GA,ASO,ES,Combined TRACON& Tower with Radar,19,13,20,0,52,0,0,15,0,15,19,13,35,0,67,20,0,20,87
10/27/2019,AGS,GA,ASO,ES,Combined TRACON& Tower with Radar,17,16,14,0,47,0,1,3,0,4,17,17,17,0,51,0,0,0,51
10/28/2019,AGS,GA,ASO,ES,Combined TRACON& Tower with Radar,14,19,28,6,67,0,3,11,0,14,14,22,39,6,81,28,10,38,119
10/29/2019,AGS,GA,ASO,ES,Combined TRACON& Tower with Radar,14,17,26,0,57,0,0,1,0,1,14,17,27,0,58,0,0,0,58
10/30/2019,AGS,GA,ASO,ES,Combined TRACON& Tower with Radar,14,22,31,2,69,0,0,0,0,0,14,22,31,2,69,0,0,0,69
10/31/2019,AGS,GA,ASO,ES,Combined TRACON& Tower with Radar,19,19,31,2,71,0,0,2,0,2,19,19,33,2,73,14,0,14,87
11/01/2019,AGS,GA,ASO,ES,Combined TRACON& Tower with Radar,17,36,26,18,97,0,5,15,4,24,17,41,41,22,121,42,15,57,178
11/02/2019,AGS,GA,ASO,ES,Combined TRACON& Tower with Radar,17,15,16,0,48,0,3,8,0,11,17,18,24,0,59,56,0,56,115
11/03/2019,AGS,GA,ASO,ES,Combined TRACON& Tower with Radar,17,16,17,4,54,0,1,15,3,19,17,17,32,7,73,0,0,0,73
11/04/2019,AGS,GA,ASO,ES,Combined TRACON& Tower with Radar,20,15,27,0,62,0,2,7,0,9,20,17,34,0,71,28,0,28,99
11/05/2019,AGS,GA,ASO,ES,Combined TRACON& Tower with Radar,16,10,25,6,57,0,2,13,6,21,16,12,38,12,78,46,6,52,130
11/06/2019,AGS,GA,ASO,ES,Combined TRACON& Tower with Radar,18,26,39,7,90,0,4,16,0,20,18,30,55,7,110,0,22,22,132
11/07/2019,AGS,GA,ASO,ES,Combined TRACON& Tower with Radar,18,38,56,1,113,0,0,8,1,9,18,38,64,2,122,18,0,18,140
11/08/2019,AGS,GA,ASO,ES,Combined TRACON& Tower with Radar,18,29,44,1,92,0,0,18,1,19,18,29,62,2,111,10,0,10,121
11/09/2019,AGS,GA,ASO,ES,Combined TRACON& Tower with Radar,21,34,21,0,76,0,1,9,0,10,21,35,30,0,86,16,0,16,102
11/10/2019,AGS,GA,ASO,ES,Combined TRACON& Tower with Radar,19,12,18,2,51,0,1,15,0,16,19,13,33,2,67,2,0,2,69
11/11/2019,AGS,GA,ASO,ES,Combined TRACON& Tower with Radar,13,22,28,0,63,0,2,11,0,13,13,24,39,0,76,10,0,10,86
11/12/2019,AGS,GA,ASO,ES,Combined TRACON& Tower with Radar,20,18,28,0,66,0,0,1,0,1,20,18,29,0,67,8,0,8,75
11/13/2019,AGS,GA,ASO,ES,Combined TRACON& Tower with Radar,18,15,36,15,84,0,2,14,7,23,18,17,50,22,107,22,46,68,175
11/14/2019,AGS,GA,ASO,ES,Combined TRACON& Tower with Radar,19,19,21,0,59,0,1,15,0,16,19,20,36,0,75,46,0,46,121
11/15/2019,AGS,GA,ASO,ES,Combined TRACON& Tower with Radar,19,24,24,4,71,0,0,0,0,0,19,24,24,4,71,0,0,0,71
11/16/2019,AGS,GA,ASO,ES,Combined TRACON& Tower with Radar,20,9,11,0,40,0,0,2,1,3,20,9,13,1,43,0,0,0,43
11/17/2019,AGS,GA,ASO,ES,Combined TRACON& Tower with Radar,18,14,17,8,57,0,0,10,4,14,18,14,27,12,71,6,10,16,87
11/18/2019,AGS,GA,ASO,ES,Combined TRACON& Tower with Radar,18,21,33,1,73,0,5,5,0,10,18,26,38,1,83,40,0,40,123
11/19/2019,AGS,GA,ASO,ES,Combined TRACON& Tower with Radar,18,27,23,7,75,0,2,17,1,20,18,29,40,8,95,48,10,58,153
11/20/2019,AGS,GA,ASO,ES,Combined TRACON& Tower with Radar,18,28,39,1,86,0,2,15,0,17,18,30,54,1,103,18,0,18,121
11/21/2019,AGS,GA,ASO,ES,Combined TRACON& Tower with Radar,14,24,30,9,77,0,2,27,1,30,14,26,57,10,107,10,6,16,123
11/22/2019,AGS,GA,ASO,ES,Combined TRACON& Tower with Radar,16,23,34,6,79,0,4,16,1,21,16,27,50,7,100,18,0,18,118
11/23/2019,AGS,GA,ASO,ES,Combined TRACON& Tower with Radar,14,11,9,0,34,0,0,9,0,9,14,11,18,0,43,0,0,0,43
11/24/2019,AGS,GA,ASO,ES,Combined TRACON& Tower with Radar,14,26,17,10,67,0,5,15,0,20,14,31,32,10,87,0,0,0,87
11/25/2019,AGS,GA,ASO,ES,Combined TRACON& Tower with Radar,14,23,32,10,79,0,1,18,2,21,14,24,50,12,100,6,4,10,110
11/26/2019,AGS,GA,ASO,ES,Combined TRACON& Tower with Radar,16,18,18,2,54,0,2,4,0,6,16,20,22,2,60,0,10,10,70
11/27/2019,AGS,GA,ASO,ES,Combined TRACON& Tower with Radar,16,19,14,0,49,0,0,3,0,3,16,19,17,0,52,18,0,18,70
11/28/2019,AGS,GA,ASO,ES,Combined TRACON& Tower with Radar,10,9,5,0,24,0,0,8,0,8,10,9,13,0,32,0,0,0,32
11/29/2019,AGS,GA,ASO,ES,Combined TRACON& Tower with Radar,14,18,7,0,39,0,2,10,0,12,14,20,17,0,51,4,0,4,55
11/30/2019,AGS,GA,ASO,ES,Combined TRACON& Tower with Radar,17,23,24,0,64,0,6,5,0,11,17,29,29,0,75,0,0,0,75
12/01/2019,AGS,GA,ASO,ES,Combined TRACON& Tower with Radar,17,16,13,0,46,0,0,7,0,7,17,16,20,0,53,10,0,10,63
12/02/2019,AGS,GA,ASO,ES,Combined TRACON& Tower with Radar,16,21,9,1,47,0,0,12,0,12,16,21,21,1,59,20,0,20,79
12/03/2019,AGS,GA,ASO,ES,Combined TRACON& Tower with Radar,14,28,24,2,68,0,0,11,2,13,14,28,35,4,81,10,10,20,101
12/04/2019,AGS,GA,ASO,ES,Combined TRACON& Tower with Radar,18,17,19,0,54,0,2,17,0,19,18,19,36,0,73,0,0,0,73
12/05/2019,AGS,GA,ASO,ES,Combined TRACON& Tower with Radar,17,28,23,17,85,0,0,15,2,17,17,28,38,19,102,46,12,58,160
12/06/2019,AGS,GA,ASO,ES,Combined TRACON& Tower with Radar,18,24,24,16,82,0,0,6,0,6,18,24,30,16,88,20,4,24,112
12/07/2019,AGS,GA,ASO,ES,Combined TRACON& Tower with Radar,14,10,7,7,38,0,6,10,1,17,14,16,17,8,55,16,4,20,75
12/08/2019,AGS,GA,ASO,ES,Combined TRACON& Tower with Radar,16,19,16,13,64,0,1,14,1,16,16,20,30,14,80,10,16,26,106
12/09/2019,AGS,GA,ASO,ES,Combined TRACON& Tower with Radar,18,16,16,2,52,0,0,3,0,3,18,16,19,2,55,18,14,32,87
12/10/2019,AGS,GA,ASO,ES,Combined TRACON& Tower with Radar,15,12,35,2,64,0,0,8,0,8,15,12,43,2,72,10,0,10,82
12/11/2019,AGS,GA,ASO,ES,Combined TRACON& Tower with Radar,18,20,18,9,65,0,1,18,2,21,18,21,36,11,86,12,10,22,108
12/12/2019,AGS,GA,ASO,ES,Combined TRACON& Tower with Radar,18,19,26,0,63,0,0,6,0,6,18,19,32,0,69,28,0,28,97
12/13/2019,AGS,GA,ASO,ES,Combined TRACON& Tower with Radar,20,9,15,0,44,0,0,0,0,0,20,9,15,0,44,0,0,0,44
12/14/2019,AGS,GA,ASO,ES,Combined TRACON& Tower with Radar,14,22,5,0,41,0,3,6,0,9,14,25,11,0,50,0,0,0,50
12/15/2019,AGS,GA,ASO,ES,Combined TRACON& Tower with Radar,16,12,21,0,49,0,0,14,0,14,16,12,35,0,63,8,0,8,71
12/16/2019,AGS,GA,ASO,ES,Combined TRACON& Tower with Radar,16,21,32,20,89,0,0,7,6,13,16,21,39,26,102,36,12,48,150
12/17/2019,AGS,GA,ASO,ES,Combined TRACON& Tower with Radar,15,19,21,1,56,0,0,0,0,0,15,19,21,1,56,0,0,0,56
12/18/2019,AGS,GA,ASO,ES,Combined TRACON& Tower with Radar,18,27,41,10,96,0,4,16,1,21,18,31,57,11,117,12,2,14,131
12/19/2019,AGS,GA,ASO,ES,Combined TRACON& Tower with Radar,15,23,23,8,69,0,8,18,0,26,15,31,41,8,95,50,8,58,153
12/20/2019,AGS,GA,ASO,ES,Combined TRACON& Tower with Radar,17,20,29,3,69,0,6,19,0,25,17,26,48,3,94,30,0,30,124
12/21/2019,AGS,GA,ASO,ES,Combined TRACON& Tower with Radar,13,18,9,0,40,0,0,12,0,12,13,18,21,0,52,4,0,4,56
12/22/2019,AGS,GA,ASO,ES,Combined TRACON& Tower with Radar,15,16,2,0,33,0,0,0,0,0,15,16,2,0,33,0,0,0,33
12/23/2019,AGS,GA,ASO,ES,Combined TRACON& Tower with Radar,13,16,9,0,38,0,0,0,0,0,13,16,9,0,38,0,0,0,38
12/24/2019,AGS,GA,ASO,ES,Combined TRACON& Tower with Radar,9,8,11,0,28,0,0,6,2,8,9,8,17,2,36,28,0,28,64
12/25/2019,AGS,GA,ASO,ES,Combined TRACON& Tower with Radar,12,11,5,0,28,0,1,12,0,13,12,12,17,0,41,0,0,0,41
12/26/2019,AGS,GA,ASO,ES,Combined TRACON& Tower with Radar,13,23,8,0,44,0,0,8,0,8,13,23,16,0,52,4,0,4,56
12/27/2019,AGS,GA,ASO,ES,Combined TRACON& Tower with Radar,13,20,16,2,51,0,1,0,0,1,13,21,16,2,52,0,0,0,52
12/28/2019,AGS,GA,ASO,ES,Combined TRACON& Tower with Radar,11,19,11,0,41,0,0,0,0,0,11,19,11,0,41,0,0,0,41
12/29/2019,AGS,GA,ASO,ES,Combined TRACON& Tower with Radar,13,16,7,0,36,0,0,0,0,0,13,16,7,0,36,0,0,0,36
12/30/2019,AGS,GA,ASO,ES,Combined TRACON& Tower with Radar,15,19,19,2,55,0,0,12,0,12,15,19,31,2,67,0,0,0,67
12/31/2019,AGS,GA,ASO,ES,Combined TRACON& Tower with Radar,11,20,18,0,49,0,2,24,0,26,11,22,42,0,75,10,0,10,85
01/01/2020,AGS,GA,ASO,ES,Combined TRACON& Tower with Radar,12,15,11,0,38,0,0,4,0,4,12,15,15,0,42,8,0,8,50
01/02/2020,AGS,GA,ASO,ES,Combined TRACON& Tower with Radar,13,14,14,2,43,0,1,7,0,8,13,15,21,2,51,4,0,4,55
01/03/2020,AGS,GA,ASO,ES,Combined TRACON& Tower with Radar,15,16,13,5,49,0,0,4,0,4,15,16,17,5,53,26,0,26,79
01/04/2020,AGS,GA,ASO,ES,Combined TRACON& Tower with Radar,11,12,5,2,30,0,0,6,0,6,11,12,11,2,36,30,0,30,66
01/05/2020,AGS,GA,ASO,ES,Combined TRACON& Tower with Radar,12,16,7,0,35,0,6,23,0,29,12,22,30,0,64,28,0,28,92
01/06/2020,AGS,GA,ASO,ES,Combined TRACON& Tower with Radar,18,16,24,11,69,0,4,10,3,17,18,20,34,14,86,6,0,6,92
01/07/2020,AGS,GA,ASO,ES,Combined TRACON& Tower with Radar,20,14,24,8,66,0,2,14,0,16,20,16,38,8,82,16,4,20,102
01/08/2020,AGS,GA,ASO,ES,Combined TRACON& Tower with Radar,20,18,18,24,80,0,6,14,0,20,20,24,32,24,100,8,16,24,124
01/09/2020,AGS,GA,ASO,ES,Combined TRACON& Tower with Radar,18,17,18,0,53,0,1,17,0,18,18,18,35,0,71,0,0,0,71
01/10/2020,AGS,GA,ASO,ES,Combined TRACON& Tower with Radar,22,26,14,12,74,0,0,12,0,12,22,26,26,12,86,16,0,16,102
01/11/2020,AGS,GA,ASO,ES,Combined TRACON& Tower with Radar,14,15,6,0,35,0,0,0,0,0,14,15,6,0,35,10,0,10,45
01/12/2020,AGS,GA,ASO,ES,Combined TRACON& Tower with Radar,19,38,6,0,63,0,0,0,1,1,19,38,6,1,64,0,0,0,64
01/13/2020,AGS,GA,ASO,ES,Combined TRACON& Tower with Radar,18,26,8,0,52,0,0,0,0,0,18,26,8,0,52,0,0,0,52
01/14/2020,AGS,GA,ASO,ES,Combined TRACON& Tower with Radar,22,14,14,0,50,0,0,1,0,1,22,14,15,0,51,12,0,12,63
01/15/2020,AGS,GA,ASO,ES,Combined TRACON& Tower with Radar,16,26,23,5,70,0,2,5,0,7,16,28,28,5,77,22,0,22,99
01/16/2020,AGS,GA,ASO,ES,Combined TRACON& Tower with Radar,17,29,37,5,88,0,2,8,5,15,17,31,45,10,103,42,6,48,151
01/17/2020,AGS,GA,ASO,ES,Combined TRACON& Tower with Radar,17,25,15,6,63,0,2,15,2,19,17,27,30,8,82,6,12,18,100
01/18/2020,AGS,GA,ASO,ES,Combined TRACON& Tower with Radar,11,13,15,0,39,0,2,6,0,8,11,15,21,0,47,16,0,16,63
01/19/2020,AGS,GA,ASO,ES,Combined TRACON& Tower with Radar,16,16,10,11,53,0,0,5,5,10,16,16,15,16,63,0,0,0,63
01/20/2020,AGS,GA,ASO,ES,Combined TRACON& Tower with Radar,17,21,20,3,61,0,2,13,1,16,17,23,33,4,77,0,0,0,77
01/21/2020,AGS,GA,ASO,ES,Combined TRACON& Tower with Radar,16,19,23,13,71,0,0,11,0,11,16,19,34,13,82,10,0,10,92
01/22/2020,AGS,GA,ASO,ES,Combined TRACON& Tower with Radar,18,19,30,11,78,0,1,15,0,16,18,20,45,11,94,14,0,14,108
01/23/2020,AGS,GA,ASO,ES,Combined TRACON& Tower with Radar,22,29,28,6,85,0,1,9,1,11,22,30,37,7,96,0,10,10,106
01/24/2020,AGS,GA,ASO,ES,Combined TRACON& Tower with Radar,18,23,8,1,50,0,0,0,0,0,18,23,8,1,50,0,0,0,50
01/25/2020,AGS,GA,ASO,ES,Combined TRACON& Tower with Radar,14,15,19,0,48,0,4,14,2,20,14,19,33,2,68,14,0,14,82
01/26/2020,AGS,GA,ASO,ES,Combined TRACON& Tower with Radar,20,24,9,0,53,0,1,7,0,8,20,25,16,0,61,0,0,0,61
01/27/2020,AGS,GA,ASO,ES,Combined TRACON& Tower with Radar,20,23,18,8,69,0,1,7,2,10,20,24,25,10,79,22,22,44,123
01/28/2020,AGS,GA,ASO,ES,Combined TRACON& Tower with Radar,16,21,22,14,73,0,2,9,6,17,16,23,31,20,90,8,24,32,122
01/29/2020,AGS,GA,ASO,ES,Combined TRACON& Tower with Radar,18,21,14,35,88,0,1,7,18,26,18,22,21,53,114,0,46,46,160
01/30/2020,AGS,GA,ASO,ES,Combined TRACON& Tower with Radar,18,14,21,14,67,0,1,7,0,8,18,15,28,14,75,14,14,28,103
01/31/2020,AGS,GA,ASO,ES,Combined TRACON& Tower with Radar,18,20,16,0,54,0,0,1,0,1,18,20,17,0,55,0,0,0,55
02/01/2020,AGS,GA,ASO,ES,Combined TRACON& Tower with Radar,18,7,4,0,29,0,0,2,0,2,18,7,6,0,31,0,0,0,31
02/02/2020,AGS,GA,ASO,ES,Combined TRACON& Tower with Radar,18,12,9,2,41,0,0,12,0,12,18,12,21,2,53,30,0,30,83
02/03/2020,AGS,GA,ASO,ES,Combined TRACON& Tower with Radar,15,28,18,0,61,0,2,6,0,8,15,30,24,0,69,2,0,2,71
02/04/2020,AGS,GA,ASO,ES,Combined TRACON& Tower with Radar,16,20,10,3,49,0,3,7,12,22,16,23,17,15,71,8,38,46,117
02/05/2020,AGS,GA,ASO,ES,Combined TRACON& Tower with Radar,18,14,15,15,62,0,0,2,2,4,18,14,17,17,66,8,16,24,90
02/06/2020,AGS,GA,ASO,ES,Combined TRACON& Tower with Radar,17,8,5,1,31,0,0,0,0,0,17,8,5,1,31,0,0,0,31
02/07/2020,AGS,GA,ASO,ES,Combined TRACON& Tower with Radar,18,15,8,5,46,0,0,6,0,6,18,15,14,5,52,0,0,0,52
02/08/2020,AGS,GA,ASO,ES,Combined TRACON& Tower with Radar,14,13,3,6,36,0,8,8,0,16,14,21,11,6,52,0,0,0,52
02/09/2020,AGS,GA,ASO,ES,Combined TRACON& Tower with Radar,16,22,6,6,50,0,0,10,0,10,16,22,16,6,60,2,0,2,62
02/10/2020,AGS,GA,ASO,ES,Combined TRACON& Tower with Radar,15,24,17,14,70,0,0,5,8,13,15,24,22,22,83,0,38,38,121
02/11/2020,AGS,GA,ASO,ES,Combined TRACON& Tower with Radar,15,16,24,4,59,0,0,0,0,0,15,16,24,4,59,0,0,0,59
02/12/2020,AGS,GA,ASO,ES,Combined TRACON& Tower with Radar,18,18,31,5,72,0,0,1,0,1,18,18,32,5,73,0,0,0,73
02/13/2020,AGS,GA,ASO,ES,Combined TRACON& Tower with Radar,20,25,24,0,69,0,0,0,0,0,20,25,24,0,69,0,0,0,69
02/14/2020,AGS,GA,ASO,ES,Combined TRACON& Tower with Radar,18,16,22,0,56,0,1,13,1,15,18,17,35,1,71,8,0,8,79
02/15/2020,AGS,GA,ASO,ES,Combined TRACON& Tower with Radar,16,9,11,0,36,0,1,11,0,12,16,10,22,0,48,0,0,0,48
02/16/2020,AGS,GA,ASO,ES,Combined TRACON& Tower with Radar,16,15,17,0,48,0,0,1,0,1,16,15,18,0,49,0,0,0,49
02/17/2020,AGS,GA,ASO,ES,Combined TRACON& Tower with Radar,18,20,24,0,62,0,0,0,0,0,18,20,24,0,62,0,0,0,62
02/18/2020,AGS,GA,ASO,ES,Combined TRACON& Tower with Radar,18,20,19,1,58,0,0,0,0,0,18,20,19,1,58,0,0,0,58
02/19/2020,AGS,GA,ASO,ES,Combined TRACON& Tower with Radar,18,20,16,1,55,0,0,0,0,0,18,20,16,1,55,0,0,0,55
02/20/2020,AGS,GA,ASO,ES,Combined TRACON& Tower with Radar,19,22,15,1,57,0,0,0,0,0,19,22,15,1,57,0,0,0,57
02/21/2020,AGS,GA,ASO,ES,Combined TRACON& Tower with Radar,18,29,23,9,79,0,3,6,0,9,18,32,29,9,88,12,0,12,100
02/22/2020,AGS,GA,ASO,ES,Combined TRACON& Tower with Radar,18,15,12,0,45,0,4,12,0,16,18,19,24,0,61,2,0,2,63
02/23/2020,AGS,GA,ASO,ES,Combined TRACON& Tower with Radar,16,17,21,0,54,0,0,7,1,8,16,17,28,1,62,2,0,2,64
02/24/2020,AGS,GA,ASO,ES,Combined TRACON& Tower with Radar,18,24,21,0,63,0,0,2,0,2,18,24,23,0,65,0,0,0,65
02/25/2020,AGS,GA,ASO,ES,Combined TRACON& Tower with Radar,16,27,26,2,71,0,0,0,0,0,16,27,26,2,71,0,0,0,71
02/26/2020,AGS,GA,ASO,ES,Combined TRACON& Tower with Radar,18,22,18,29,87,0,0,3,3,6,18,22,21,32,93,0,0,0,93
02/27/2020,AGS,GA,ASO,ES,Combined TRACON& Tower with Radar,20,29,41,3,93,0,2,6,2,10,20,31,47,5,103,28,0,28,131
02/28/2020,AGS,GA,ASO,ES,Combined TRACON& Tower with Radar,18,28,18,0,64,0,0,14,0,14,18,28,32,0,78,0,0,0,78
02/29/2020,AGS,GA,ASO,ES,Combined TRACON& Tower with Radar,14,29,17,11,71,0,0,11,4,15,14,29,28,15,86,0,20,20,106
03/01/2020,AGS,GA,ASO,ES,Combined TRACON& Tower with Radar,16,19,34,0,69,0,9,9,0,18,16,28,43,0,87,2,0,2,89
03/02/2020,AGS,GA,ASO,ES,Combined TRACON& Tower with Radar,17,28,16,4,65,0,0,6,18,24,17,28,22,22,89,0,40,40,129
03/03/2020,AGS,GA,ASO,ES,Combined TRACON& Tower with Radar,17,23,16,0,56,0,0,0,1,1,17,23,16,1,57,6,0,6,63
03/04/2020,AGS,GA,ASO,ES,Combined TRACON& Tower with Radar,19,21,20,0,60,0,0,0,0,0,19,21,20,0,60,0,0,0,60
03/05/2020,AGS,GA,ASO,ES,Combined TRACON& Tower with Radar,23,31,19,0,73,0,0,0,1,1,23,31,19,1,74,0,0,0,74
03/06/2020,AGS,GA,ASO,ES,Combined TRACON& Tower with Radar,25,29,21,0,75,0,0,4,0,4,25,29,25,0,79,0,0,0,79
03/07/2020,AGS,GA,ASO,ES,Combined TRACON& Tower with Radar,19,21,15,2,57,0,2,6,0,8,19,23,21,2,65,0,0,0,65
03/08/2020,AGS,GA,ASO,ES,Combined TRACON& Tower with Radar,19,29,13,0,61,0,2,5,0,7,19,31,18,0,68,12,0,12,80
03/09/2020,AGS,GA,ASO,ES,Combined TRACON& Tower with Radar,20,19,24,10,73,0,4,13,6,23,20,23,37,16,96,6,24,30,126
03/10/2020,AGS,GA,ASO,ES,Combined TRACON& Tower with Radar,20,22,27,9,78,0,1,4,1,6,20,23,31,10,84,4,18,22,106
03/11/2020,AGS,GA,ASO,ES,Combined TRACON& Tower with Radar,20,19,23,21,83,0,1,6,4,11,20,20,29,25,94,0,32,32,126
03/12/2020,AGS,GA,ASO,ES,Combined TRACON& Tower with Radar,22,24,31,13,90,0,1,8,15,24,22,25,39,28,114,6,36,42,156
03/13/2020,AGS,GA,ASO,ES,Combined TRACON& Tower with Radar,21,36,18,20,95,0,2,8,20,30,21,38,26,40,125,8,60,68,193
03/14/2020,AGS,GA,ASO,ES,Combined TRACON& Tower with Radar,16,19,17,0,52,0,2,6,0,8,16,21,23,0,60,22,0,22,82
03/15/2020,AGS,GA,ASO,ES,Combined TRACON& Tower with Radar,21,21,14,0,56,0,0,2,0,2,21,21,16,0,58,12,0,12,70
03/16/2020,AGS,GA,ASO,ES,Combined TRACON& Tower with Radar,19,24,9,1,53,0,1,1,0,2,19,25,10,1,55,0,0,0,55
03/17/2020,AGS,GA,ASO,ES,Combined TRACON& Tower with Radar,22,17,10,1,50,0,0,2,0,2,22,17,12,1,52,0,0,0,52
03/18/2020,AGS,GA,ASO,ES,Combined TRACON& Tower with Radar,22,15,13,9,59,0,1,2,1,4,22,16,15,10,63,0,0,0,63
03/19/2020,AGS,GA,ASO,ES,Combined TRACON& Tower with Radar,21,11,11,12,55,0,0,7,4,11,21,11,18,16,66,0,16,16,82
03/20/2020,AGS,GA,ASO,ES,Combined TRACON& Tower with Radar,18,19,9,1,47,0,1,14,0,15,18,20,23,1,62,8,10,18,80
03/21/2020,AGS,GA,ASO,ES,Combined TRACON& Tower with Radar,14,11,8,0,33,0,2,2,0,4,14,13,10,0,37,14,0,14,51
03/22/2020,AGS,GA,ASO,ES,Combined TRACON& Tower with Radar,18,9,7,0,34,0,0,1,0,1,18,9,8,0,35,0,0,0,35
03/23/2020,AGS,GA,ASO,ES,Combined TRACON& Tower with Radar,15,10,6,0,31,0,0,0,0,0,15,10,6,0,31,0,0,0,31
03/24/2020,AGS,GA,ASO,ES,Combined TRACON& Tower with Radar,12,9,4,0,25,0,0,0,0,0,12,9,4,0,25,0,0,0,25
03/25/2020,AGS,GA,ASO,ES,Combined TRACON& Tower with Radar,9,7,21,5,42,0,0,8,3,11,9,7,29,8,53,2,2,4,57
03/26/2020,AGS,GA,ASO,ES,Combined TRACON& Tower with Radar,10,9,11,7,37,0,0,11,3,14,10,9,22,10,51,0,10,10,61
03/27/2020,AGS,GA,ASO,ES,Combined TRACON& Tower with Radar,9,9,15,2,35,0,1,2,0,3,9,10,17,2,38,12,0,12,50
03/28/2020,AGS,GA,ASO,ES,Combined TRACON& Tower with Radar,10,4,7,0,21,0,0,3,0,3,10,4,10,0,24,0,0,0,24
03/29/2020,AGS,GA,ASO,ES,Combined TRACON& Tower with Radar,10,16,6,0,32,0,0,2,2,4,10,16,8,2,36,0,0,0,36
03/30/2020,AGS,GA,ASO,ES,Combined TRACON& Tower with Radar,9,8,10,8,35,0,2,11,0,13,9,10,21,8,48,0,4,4,52
03/31/2020,AGS,GA,ASO,ES,Combined TRACON& Tower with Radar,8,10,4,0,22,0,0,1,0,1,8,10,5,0,23,0,0,0,23
04/01/2020,AGS,GA,ASO,ES,Combined TRACON& Tower with Radar,3,7,11,2,23,0,1,12,3,16,3,8,23,5,39,0,0,0,39
04/02/2020,AGS,GA,ASO,ES,Combined TRACON& Tower with Radar,9,7,21,8,45,0,3,15,2,20,9,10,36,10,65,0,0,0,65
04/03/2020,AGS,GA,ASO,ES,Combined TRACON& Tower with Radar,8,8,10,6,32,0,0,6,4,10,8,8,16,10,42,6,16,22,64
04/04/2020,AGS,GA,ASO,ES,Combined TRACON& Tower with Radar,12,5,9,13,39,0,0,8,1,9,12,5,17,14,48,2,18,20,68
04/05/2020,AGS,GA,ASO,ES,Combined TRACON& Tower with Radar,7,12,12,0,31,0,0,3,0,3,7,12,15,0,34,0,0,0,34
04/06/2020,AGS,GA,ASO,ES,Combined TRACON& Tower with Radar,9,8,8,2,27,0,0,8,2,10,9,8,16,4,37,2,20,22,59
04/07/2020,AGS,GA,ASO,ES,Combined TRACON& Tower with Radar,6,3,13,2,24,0,0,5,5,10,6,3,18,7,34,0,0,0,34
04/08/2020,AGS,GA,ASO,ES,Combined TRACON& Tower with Radar,8,4,9,13,34,0,0,10,1,11,8,4,19,14,45,8,6,14,59
04/09/2020,AGS,GA,ASO,ES,Combined TRACON& Tower with Radar,6,7,13,2,28,0,0,6,0,6,6,7,19,2,34,8,4,12,46
04/10/2020,AGS,GA,ASO,ES,Combined TRACON& Tower with Radar,8,3,15,0,26,0,1,9,0,10,8,4,24,0,36,0,0,0,36
04/11/2020,AGS,GA,ASO,ES,Combined TRACON& Tower with Radar,9,2,6,0,17,0,4,18,0,22,9,6,24,0,39,0,0,0,39
04/12/2020,AGS,GA,ASO,ES,Combined TRACON& Tower with Radar,7,7,2,0,16,0,0,3,0,3,7,7,5,0,19,0,0,0,19
04/13/2020,AGS,GA,ASO,ES,Combined TRACON& Tower with Radar,6,7,12,0,25,0,0,1,0,1,6,7,13,0,26,0,0,0,26
04/14/2020,AGS,GA,ASO,ES,Combined TRACON& Tower with Radar,7,3,15,37,62,0,0,11,3,14,7,3,26,40,76,8,16,24,100
04/15/2020,AGS,GA,ASO,ES,Combined TRACON& Tower with Radar,10,7,8,2,27,0,0,7,0,7,10,7,15,2,34,10,0,10,44
04/16/2020,AGS,GA,ASO,ES,Combined TRACON& Tower with Radar,11,4,14,15,44,0,0,19,1,20,11,4,33,16,64,6,14,20,84
04/17/2020,AGS,GA,ASO,ES,Combined TRACON& Tower with Radar,7,5,11,14,37,0,0,1,0,1,7,5,12,14,38,0,0,0,38
04/18/2020,AGS,GA,ASO,ES,Combined TRACON& Tower with Radar,9,0,7,0,16,0,0,2,0,2,9,0,9,0,18,2,0,2,20
04/19/2020,AGS,GA,ASO,ES,Combined TRACON& Tower with Radar,7,7,5,0,19,0,2,0,0,2,7,9,5,0,21,0,0,0,21
04/20/2020,AGS,GA,ASO,ES,Combined TRACON& Tower with Radar,7,4,2,15,28,0,0,1,8,9,7,4,3,23,37,0,20,20,57
04/21/2020,AGS,GA,ASO,ES,Combined TRACON& Tower with Radar,7,4,15,8,34,0,2,12,1,15,7,6,27,9,49,2,2,4,53
04/22/2020,AGS,GA,ASO,ES,Combined TRACON& Tower with Radar,7,2,30,3,42,0,0,7,0,7,7,2,37,3,49,14,0,14,63
04/23/2020,AGS,GA,ASO,ES,Combined TRACON& Tower with Radar,9,3,5,7,24,0,0,0,0,0,9,3,5,7,24,0,0,0,24
04/24/2020,AGS,GA,ASO,ES,Combined TRACON& Tower with Radar,9,7,17,0,33,0,0,3,0,3,9,7,20,0,36,0,0,0,36
04/25/2020,AGS,GA,ASO,ES,Combined TRACON& Tower with Radar,7,0,11,8,26,0,0,8,2,10,7,0,19,10,36,18,4,22,58
04/26/2020,AGS,GA,ASO,ES,Combined TRACON& Tower with Radar,7,3,6,0,16,0,0,12,0,12,7,3,18,0,28,0,0,0,28
04/27/2020,AGS,GA,ASO,ES,Combined TRACON& Tower with Radar,7,3,19,26,55,0,0,8,5,13,7,3,27,31,68,0,24,24,92
04/28/2020,AGS,GA,ASO,ES,Combined TRACON& Tower with Radar,5,6,11,2,24,0,0,13,6,19,5,6,24,8,43,2,22,24,67
04/29/2020,AGS,GA,ASO,ES,Combined TRACON& Tower with Radar,7,3,13,18,41,0,1,5,3,9,7,4,18,21,50,0,4,4,54
04/30/2020,AGS,GA,ASO,ES,Combined TRACON& Tower with Radar,7,2,11,17,37,0,0,5,0,5,7,2,16,17,42,6,0,6,48
05/01/2020,AGS,GA,ASO,ES,Combined TRACON& Tower with Radar,8,6,15,7,36,0,3,13,1,17,8,9,28,8,53,6,8,14,67
05/02/2020,AGS,GA,ASO,ES,Combined TRACON& Tower with Radar,7,4,16,0,27,0,0,15,0,15,7,4,31,0,42,12,0,12,54
05/03/2020,AGS,GA,ASO,ES,Combined TRACON& Tower with Radar,7,3,7,0,17,0,0,6,0,6,7,3,13,0,23,12,0,12,35
05/04/2020,AGS,GA,ASO,ES,Combined TRACON& Tower with Radar,1,0,9,8,18,0,0,9,0,9,1,0,18,8,27,0,0,0,27
05/05/2020,AGS,GA,ASO,ES,Combined TRACON& Tower with Radar,0,3,7,11,21,0,1,7,0,8,0,4,14,11,29,6,14,20,49
05/06/2020,AGS,GA,ASO,ES,Combined TRACON& Tower with Radar,1,1,18,2,22,0,0,5,0,5,1,1,23,2,27,6,12,18,45
05/07/2020,AGS,GA,ASO,ES,Combined TRACON& Tower with Radar,4,3,15,5,27,0,0,6,0,6,4,3,21,5,33,12,0,12,45
05/08/2020,AGS,GA,ASO,ES,Combined TRACON& Tower with Radar,4,5,15,0,24,0,0,7,0,7,4,5,22,0,31,0,0,0,31
05/09/2020,AGS,GA,ASO,ES,Combined TRACON& Tower with Radar,4,2,10,0,16,0,0,3,0,3,4,2,13,0,19,6,0,6,25
05/10/2020,AGS,GA,ASO,ES,Combined TRACON& Tower with Radar,4,4,5,0,13,0,2,8,0,10,4,6,13,0,23,0,0,0,23
05/11/2020,AGS,GA,ASO,ES,Combined TRACON& Tower with Radar,4,6,7,2,19,0,0,9,0,9,4,6,16,2,28,0,0,0,28
05/12/2020,AGS,GA,ASO,ES,Combined TRACON& Tower with Radar,4,3,18,9,34,0,6,10,3,19,4,9,28,12,53,0,6,6,59
05/13/2020,AGS,GA,ASO,ES,Combined TRACON& Tower with Radar,5,5,12,5,27,0,0,6,0,6,5,5,18,5,33,0,0,0,33
05/14/2020,AGS,GA,ASO,ES,Combined TRACON& Tower with Radar,6,6,19,2,33,0,2,5,0,7,6,8,24,2,40,0,0,0,40
05/15/2020,AGS,GA,ASO,ES,Combined TRACON& Tower with Radar,4,3,4,2,13,0,0,5,0,5,4,3,9,2,18,12,0,12,30
05/16/2020,AGS,GA,ASO,ES,Combined TRACON& Tower with Radar,4,2,13,4,23,0,0,6,0,6,4,2,19,4,29,2,0,2,31
05/17/2020,AGS,GA,ASO,ES,Combined TRACON& Tower with Radar,4,3,7,0,14,0,0,4,0,4,4,3,11,0,18,0,0,0,18
05/18/2020,AGS,GA,ASO,ES,Combined TRACON& Tower with Radar,4,3,10,1,18,0,0,5,0,5,4,3,15,1,23,10,0,10,33
05/19/2020,AGS,GA,ASO,ES,Combined TRACON& Tower with Radar,4,3,10,1,18,0,0,3,0,3,4,3,13,1,21,0,0,0,21
05/20/2020,AGS,GA,ASO,ES,Combined TRACON& Tower with Radar,6,7,11,1,25,0,0,0,0,0,6,7,11,1,25,0,0,0,25
05/21/2020,AGS,GA,ASO,ES,Combined TRACON& Tower with Radar,8,3,10,5,26,0,0,4,0,4,8,3,14,5,30,0,0,0,30
05/22/2020,AGS,GA,ASO,ES,Combined TRACON& Tower with Radar,4,13,9,1,27,0,4,3,1,8,4,17,12,2,35,10,4,14,49
05/23/2020,AGS,GA,ASO,ES,Combined TRACON& Tower with Radar,2,2,13,0,17,0,0,7,0,7,2,2,20,0,24,6,0,6,30
05/24/2020,AGS,GA,ASO,ES,Combined TRACON& Tower with Radar,5,4,0,0,9,0,0,2,0,2,5,4,2,0,11,0,0,0,11
05/25/2020,AGS,GA,ASO,ES,Combined TRACON& Tower with Radar,4,2,6,0,12,0,0,0,0,0,4,2,6,0,12,0,0,0,12
05/26/2020,AGS,GA,ASO,ES,Combined TRACON& Tower with Radar,4,3,5,1,13,0,0,1,1,2,4,3,6,2,15,0,10,10,25
05/27/2020,AGS,GA,ASO,ES,Combined TRACON& Tower with Radar,6,11,23,5,45,0,0,4,0,4,6,11,27,5,49,24,0,24,73
05/28/2020,AGS,GA,ASO,ES,Combined TRACON& Tower with Radar,7,6,14,2,29,0,0,2,2,4,7,6,16,4,33,20,0,20,53
05/29/2020,AGS,GA,ASO,ES,Combined TRACON& Tower with Radar,5,6,7,2,20,0,0,7,0,7,5,6,14,2,27,6,0,6,33
05/30/2020,AGS,GA,ASO,ES,Combined TRACON& Tower with Radar,4,2,10,2,18,0,0,8,0,8,4,2,18,2,26,16,0,16,42
05/31/2020,AGS,GA,ASO,ES,Combined TRACON& Tower with Radar,4,3,12,0,19,0,2,2,0,4,4,5,14,0,23,0,0,0,23
06/01/2020,AGS,GA,ASO,ES,Combined TRACON& Tower with Radar,4,4,15,8,31,0,3,13,2,18,4,7,28,10,49,4,10,14,63
06/02/2020,AGS,GA,ASO,ES,Combined TRACON& Tower with Radar,4,11,15,1,31,0,0,15,0,15,4,11,30,1,46,38,0,38,84
06/03/2020,AGS,GA,ASO,ES,Combined TRACON& Tower with Radar,4,2,18,2,26,0,2,12,0,14,4,4,30,2,40,18,0,18,58
06/04/2020,AGS,GA,ASO,ES,Combined TRACON& Tower with Radar,6,10,15,6,37,0,4,1,0,5,6,14,16,6,42,0,0,0,42
06/05/2020,AGS,GA,ASO,ES,Combined TRACON& Tower with Radar,6,2,8,11,27,0,0,4,1,5,6,2,12,12,32,6,24,30,62
06/06/2020,AGS,GA,ASO,ES,Combined TRACON& Tower with Radar,4,6,2,0,12,0,1,14,0,15,4,7,16,0,27,0,0,0,27
06/07/2020,AGS,GA,ASO,ES,Combined TRACON& Tower with Radar,4,2,10,0,16,0,2,4,0,6,4,4,14,0,22,6,0,6,28
06/08/2020,AGS,GA,ASO,ES,Combined TRACON& Tower with Radar,4,3,10,6,23,0,0,4,0,4,4,3,14,6,27,32,0,32,59
06/09/2020,AGS,GA,ASO,ES,Combined TRACON& Tower with Radar,4,9,10,2,25,0,4,6,0,10,4,13,16,2,35,0,2,2,37
06/10/2020,AGS,GA,ASO,ES,Combined TRACON& Tower with Radar,4,4,14,0,22,0,0,1,0,1,4,4,15,0,23,0,0,0,23
06/11/2020,AGS,GA,ASO,ES,Combined TRACON& Tower with Radar,5,6,9,10,30,0,2,5,0,7,5,8,14,10,37,4,4,8,45
06/12/2020,AGS,GA,ASO,ES,Combined TRACON& Tower with Radar,5,3,6,0,14,0,0,0,2,2,5,3,6,2,16,32,0,32,48
06/13/2020,AGS,GA,ASO,ES,Combined TRACON& Tower with Radar,4,2,13,2,21,0,2,9,1,12,4,4,22,3,33,32,0,32,65
06/14/2020,AGS,GA,ASO,ES,Combined TRACON& Tower with Radar,4,2,7,0,13,0,1,5,0,6,4,3,12,0,19,8,0,8,27
06/15/2020,AGS,GA,ASO,ES,Combined TRACON& Tower with Radar,4,4,9,10,27,0,0,0,1,1,4,4,9,11,28,0,24,24,52
06/16/2020,AGS,GA,ASO,ES,Combined TRACON& Tower with Radar,4,4,17,22,47,0,0,2,1,3,4,4,19,23,50,0,12,12,62
06/17/2020,AGS,GA,ASO,ES,Combined TRACON& Tower with Radar,5,2,17,9,33,0,2,2,0,4,5,4,19,9,37,0,0,0,37
06/18/2020,AGS,GA,ASO,ES,Combined TRACON& Tower with Radar,6,7,17,8,38,0,0,2,1,3,6,7,19,9,41,4,28,32,73
06/19/2020,AGS,GA,ASO,ES,Combined TRACON& Tower with Radar,4,5,8,0,17,0,0,7,0,7,4,5,15,0,24,10,0,10,34
06/20/2020,AGS,GA,ASO,ES,Combined TRACON& Tower with Radar,4,3,6,0,13,0,4,8,0,12,4,7,14,0,25,0,0,0,25
06/21/2020,AGS,GA,ASO,ES,Combined TRACON& Tower with Radar,4,7,11,0,22,0,1,11,0,12,4,8,22,0,34,10,0,10,44
06/22/2020,AGS,GA,ASO,ES,Combined TRACON& Tower with Radar,4,5,17,8,34,0,5,7,4,16,4,10,24,12,50,0,12,12,62
06/23/2020,AGS,GA,ASO,ES,Combined TRACON& Tower with Radar,4,8,4,6,22,0,0,6,2,8,4,8,10,8,30,2,14,16,46
06/24/2020,AGS,GA,ASO,ES,Combined TRACON& Tower with Radar,4,5,16,3,28,0,1,12,15,28,4,6,28,18,56,0,40,40,96
06/25/2020,AGS,GA,ASO,ES,Combined TRACON& Tower with Radar,6,3,21,0,30,0,0,2,0,2,6,3,23,0,32,0,0,0,32
06/26/2020,AGS,GA,ASO,ES,Combined TRACON& Tower with Radar,4,6,15,6,31,0,1,10,4,15,4,7,25,10,46,16,10,26,72
06/27/2020,AGS,GA,ASO,ES,Combined TRACON& Tower with Radar,4,6,4,1,15,0,1,2,1,4,4,7,6,2,19,6,10,16,35
06/28/2020,AGS,GA,ASO,ES,Combined TRACON& Tower with Radar,4,4,5,0,13,0,1,1,0,2,4,5,6,0,15,0,0,0,15
06/29/2020,AGS,GA,ASO,ES,Combined TRACON& Tower with Radar,4,7,13,2,26,0,0,11,0,11,4,7,24,2,37,14,0,14,51
06/30/2020,AGS,GA,ASO,ES,Combined TRACON& Tower with Radar,4,5,8,1,18,0,0,5,3,8,4,5,13,4,26,16,8,24,50
07/01/2020,AGS,GA,ASO,ES,Combined TRACON& Tower with Radar,4,5,17,3,29,0,1,10,5,16,4,6,27,8,45,0,0,0,45
07/02/2020,AGS,GA,ASO,ES,Combined TRACON& Tower with Radar,8,7,22,0,37,0,4,15,0,19,8,11,37,0,56,12,0,12,68
07/03/2020,AGS,GA,ASO,ES,Combined TRACON& Tower with Radar,8,3,12,0,23,0,0,11,0,11,8,3,23,0,34,24,0,24,58
07/04/2020,AGS,GA,ASO,ES,Combined TRACON& Tower with Radar,10,6,6,0,22,0,2,4,0,6,10,8,10,0,28,20,2,22,50
07/05/2020,AGS,GA,ASO,ES,Combined TRACON& Tower with Radar,8,5,2,0,15,0,0,2,0,2,8,5,4,0,17,26,0,26,43
07/06/2020,AGS,GA,ASO,ES,Combined TRACON& Tower with Radar,8,6,20,4,38,0,0,0,0,0,8,6,20,4,38,28,0,28,66
07/07/2020,AGS,GA,ASO,ES,Combined TRACON& Tower with Radar,11,4,14,2,31,0,0,0,0,0,11,4,14,2,31,0,0,0,31
07/08/2020,AGS,GA,ASO,ES,Combined TRACON& Tower with Radar,13,0,11,0,24,0,0,2,0,2,13,0,13,0,26,0,0,0,26
07/09/2020,AGS,GA,ASO,ES,Combined TRACON& Tower with Radar,14,1,25,4,44,0,0,10,0,10,14,1,35,4,54,20,0,20,74
07/10/2020,AGS,GA,ASO,ES,Combined TRACON& Tower with Radar,14,4,13,4,35,0,1,26,2,29,14,5,39,6,64,42,0,42,106
07/11/2020,AGS,GA,ASO,ES,Combined TRACON& Tower with Radar,14,3,7,0,24,0,0,6,0,6,14,3,13,0,30,0,0,0,30
07/12/2020,AGS,GA,ASO,ES,Combined TRACON& Tower with Radar,14,1,7,0,22,0,0,5,0,5,14,1,12,0,27,6,0,6,33
07/13/2020,AGS,GA,ASO,ES,Combined TRACON& Tower with Radar,14,3,28,2,47,0,2,12,0,14,14,5,40,2,61,2,0,2,63
07/14/2020,AGS,GA,ASO,ES,Combined TRACON& Tower with Radar,13,5,20,6,44,0,0,11,0,11,13,5,31,6,55,36,0,36,91
07/15/2020,AGS,GA,ASO,ES,Combined TRACON& Tower with Radar,13,7,16,0,36,0,1,13,0,14,13,8,29,0,50,12,0,12,62
07/16/2020,AGS,GA,ASO,ES,Combined TRACON& Tower with Radar,18,6,23,10,57,0,0,8,0,8,18,6,31,10,65,22,0,22,87
07/17/2020,AGS,GA,ASO,ES,Combined TRACON& Tower with Radar,14,1,9,2,26,0,2,6,0,8,14,3,15,2,34,0,0,0,34
07/18/2020,AGS,GA,ASO,ES,Combined TRACON& Tower with Radar,13,3,4,0,20,0,2,14,0,16,13,5,18,0,36,28,0,28,64
07/19/2020,AGS,GA,ASO,ES,Combined TRACON& Tower with Radar,14,3,6,1,24,0,4,7,3,14,14,7,13,4,38,34,0,34,72
07/20/2020,AGS,GA,ASO,ES,Combined TRACON& Tower with Radar,16,5,9,1,31,0,11,5,2,18,16,16,14,3,49,0,0,0,49
07/21/2020,AGS,GA,ASO,ES,Combined TRACON& Tower with Radar,14,4,6,22,46,0,2,7,3,12,14,6,13,25,58,20,12,32,90
07/22/2020,AGS,GA,ASO,ES,Combined TRACON& Tower with Radar,13,1,13,3,30,1,0,2,1,4,14,1,15,4,34,14,0,14,48
07/23/2020,AGS,GA,ASO,ES,Combined TRACON& Tower with Radar,16,3,12,1,32,0,0,0,0,0,16,3,12,1,32,0,0,0,32
07/24/2020,AGS,GA,ASO,ES,Combined TRACON& Tower with Radar,13,1,16,0,30,0,0,15,2,17,13,1,31,2,47,6,0,6,53
07/25/2020,AGS,GA,ASO,ES,Combined TRACON& Tower with Radar,14,3,11,0,28,0,1,6,0,7,14,4,17,0,35,24,0,24,59
07/26/2020,AGS,GA,ASO,ES,Combined TRACON& Tower with Radar,15,0,12,0,27,0,0,3,0,3,15,0,15,0,30,0,0,0,30
07/27/2020,AGS,GA,ASO,ES,Combined TRACON& Tower with Radar,15,3,19,18,55,0,0,9,8,17,15,3,28,26,72,0,24,24,96
07/28/2020,AGS,GA,ASO,ES,Combined TRACON& Tower with Radar,13,10,15,7,45,0,5,9,1,15,13,15,24,8,60,16,26,42,102
07/29/2020,AGS,GA,ASO,ES,Combined TRACON& Tower with Radar,13,1,20,3,37,0,0,3,1,4,13,1,23,4,41,6,0,6,47
07/30/2020,AGS,GA,ASO,ES,Combined TRACON& Tower with Radar,14,1,24,2,41,0,0,6,0,6,14,1,30,2,47,20,0,20,67
07/31/2020,AGS,GA,ASO,ES,Combined TRACON& Tower with Radar,16,8,16,9,49,0,8,3,1,12,16,16,19,10,61,0,0,0,61
08/01/2020,AGS,GA,ASO,ES,Combined TRACON& Tower with Radar,17,0,8,0,25,0,2,13,0,15,17,2,21,0,40,24,0,24,64
08/02/2020,AGS,GA,ASO,ES,Combined TRACON& Tower with Radar,17,1,8,2,28,0,0,5,0,5,17,1,13,2,33,0,0,0,33
08/03/2020,AGS,GA,ASO,ES,Combined TRACON& Tower with Radar,29,2,19,3,53,0,1,2,2,5,29,3,21,5,58,12,4,16,74
08/04/2020,AGS,GA,ASO,ES,Combined TRACON& Tower with Radar,17,0,21,2,40,0,1,4,2,7,17,1,25,4,47,0,0,0,47
08/05/2020,AGS,GA,ASO,ES,Combined TRACON& Tower with Radar,16,0,12,0,28,0,0,5,0,5,16,0,17,0,33,10,0,10,43
08/06/2020,AGS,GA,ASO,ES,Combined TRACON& Tower with Radar,17,0,17,0,34,0,0,3,2,5,17,0,20,2,39,0,0,0,39
08/07/2020,AGS,GA,ASO,ES,Combined TRACON& Tower with Radar,19,5,10,8,42,0,0,2,0,2,19,5,12,8,44,10,0,10,54
08/08/2020,AGS,GA,ASO,ES,Combined TRACON& Tower with Radar,17,8,15,0,40,0,2,2,0,4,17,10,17,0,44,0,0,0,44
08/09/2020,AGS,GA,ASO,ES,Combined TRACON& Tower with Radar,17,2,5,0,24,0,0,5,0,5,17,2,10,0,29,18,0,18,47
08/10/2020,AGS,GA,ASO,ES,Combined TRACON& Tower with Radar,23,3,10,0,36,0,3,2,0,5,23,6,12,0,41,28,0,28,69
08/11/2020,AGS,GA,ASO,ES,Combined TRACON& Tower with Radar,16,2,19,6,43,0,0,5,4,9,16,2,24,10,52,0,24,24,76
08/12/2020,AGS,GA,ASO,ES,Combined TRACON& Tower with Radar,16,7,13,18,54,0,0,2,0,2,16,7,15,18,56,0,16,16,72
08/13/2020,AGS,GA,ASO,ES,Combined TRACON& Tower with Radar,18,4,19,15,56,0,1,7,1,9,18,5,26,16,65,4,0,4,69
08/14/2020,AGS,GA,ASO,ES,Combined TRACON& Tower with Radar,20,3,16,8,47,0,2,2,0,4,20,5,18,8,51,0,4,4,55
08/15/2020,AGS,GA,ASO,ES,Combined TRACON& Tower with Radar,21,4,9,1,35,0,0,7,0,7,21,4,16,1,42,0,0,0,42
08/16/2020,AGS,GA,ASO,ES,Combined TRACON& Tower with Radar,17,2,3,1,23,0,0,5,0,5,17,2,8,1,28,0,0,0,28
08/17/2020,AGS,GA,ASO,ES,Combined TRACON& Tower with Radar,17,3,10,5,35,0,0,15,6,21,17,3,25,11,56,6,12,18,74
08/18/2020,AGS,GA,ASO,ES,Combined TRACON& Tower with Radar,16,2,22,1,41,0,0,6,0,6,16,2,28,1,47,0,0,0,47
08/19/2020,AGS,GA,ASO,ES,Combined TRACON& Tower with Radar,16,1,14,16,47,0,0,3,1,4,16,1,17,17,51,20,4,24,75
08/20/2020,AGS,GA,ASO,ES,Combined TRACON& Tower with Radar,17,0,14,9,40,0,0,8,3,11,17,0,22,12,51,0,4,4,55
08/21/2020,AGS,GA,ASO,ES,Combined TRACON& Tower with Radar,17,5,12,4,38,0,0,3,1,4,17,5,15,5,42,4,8,12,54
08/22/2020,AGS,GA,ASO,ES,Combined TRACON& Tower with Radar,17,2,12,0,31,0,1,6,0,7,17,3,18,0,38,0,0,0,38
08/23/2020,AGS,GA,ASO,ES,Combined TRACON& Tower with Radar,18,2,8,0,28,0,0,2,0,2,18,2,10,0,30,0,0,0,30
08/24/2020,AGS,GA,ASO,ES,Combined TRACON& Tower with Radar,17,0,7,0,24,0,0,0,0,0,17,0,7,0,24,0,0,0,24
08/25/2020,AGS,GA,ASO,ES,Combined TRACON& Tower with Radar,20,0,11,9,40,0,0,2,2,4,20,0,13,11,44,16,0,16,60
08/26/2020,AGS,GA,ASO,ES,Combined TRACON& Tower with Radar,16,2,8,13,39,0,0,2,3,5,16,2,10,16,44,0,8,8,52
08/27/2020,AGS,GA,ASO,ES,Combined TRACON& Tower with Radar,19,3,19,11,52,0,3,8,6,17,19,6,27,17,69,12,8,20,89
08/28/2020,AGS,GA,ASO,ES,Combined TRACON& Tower with Radar,17,8,16,17,58,0,0,9,0,9,17,8,25,17,67,0,20,20,87
08/29/2020,AGS,GA,ASO,ES,Combined TRACON& Tower with Radar,17,2,3,0,22,0,0,2,0,2,17,2,5,0,24,8,0,8,32
08/30/2020,AGS,GA,ASO,ES,Combined TRACON& Tower with Radar,14,2,6,1,23,0,0,9,0,9,14,2,15,1,32,20,0,20,52
08/31/2020,AGS,GA,ASO,ES,Combined TRACON& Tower with Radar,17,1,13,5,36,0,0,7,0,7,17,1,20,5,43,6,0,6,49
09/01/2020,AGS,GA,ASO,ES,Combined TRACON& Tower with Radar,18,4,28,20,70,0,0,15,2,17,18,4,43,22,87,0,12,12,99
09/02/2020,AGS,GA,ASO,ES,Combined TRACON& Tower with Radar,16,0,24,21,61,0,10,11,7,28,16,10,35,28,89,16,18,34,123
09/03/2020,AGS,GA,ASO,ES,Combined TRACON& Tower with Radar,17,5,22,16,60,0,0,17,8,25,17,5,39,24,85,0,18,18,103
09/04/2020,AGS,GA,ASO,ES,Combined TRACON& Tower with Radar,17,2,14,7,40,0,4,7,3,14,17,6,21,10,54,20,6,26,80
09/05/2020,AGS,GA,ASO,ES,Combined TRACON& Tower with Radar,19,0,3,2,24,0,6,11,0,17,19,6,14,2,41,4,0,4,45
09/06/2020,AGS,GA,ASO,ES,Combined TRACON& Tower with Radar,16,0,1,0,17,0,2,3,1,6,16,2,4,1,23,2,0,2,25
09/07/2020,AGS,GA,ASO,ES,Combined TRACON& Tower with Radar,17,1,4,0,22,0,1,16,0,17,17,2,20,0,39,12,0,12,51
09/08/2020,AGS,GA,ASO,ES,Combined TRACON& Tower with Radar,16,2,18,2,38,0,0,5,0,5,16,2,23,2,43,10,0,10,53
09/09/2020,AGS,GA,ASO,ES,Combined TRACON& Tower with Radar,15,3,12,2,32,1,0,0,0,1,16,3,12,2,33,0,0,0,33
09/10/2020,AGS,GA,ASO,ES,Combined TRACON& Tower with Radar,14,0,15,0,29,0,0,5,0,5,14,0,20,0,34,4,0,4,38
09/11/2020,AGS,GA,ASO,ES,Combined TRACON& Tower with Radar,17,1,17,0,35,0,5,7,1,13,17,6,24,1,48,4,0,4,52
09/12/2020,AGS,GA,ASO,ES,Combined TRACON& Tower with Radar,18,1,7,2,28,1,2,5,1,9,19,3,12,3,37,30,0,30,67
09/13/2020,AGS,GA,ASO,ES,Combined TRACON& Tower with Radar,20,7,15,0,42,0,0,6,0,6,20,7,21,0,48,12,0,12,60
09/14/2020,AGS,GA,ASO,ES,Combined TRACON& Tower with Radar,18,5,15,2,40,0,3,22,0,25,18,8,37,2,65,54,0,54,119
09/15/2020,AGS,GA,ASO,ES,Combined TRACON& Tower with Radar,18,3,16,6,43,0,0,3,0,3,18,3,19,6,46,32,0,32,78
09/16/2020,AGS,GA,ASO,ES,Combined TRACON& Tower with Radar,18,3,8,0,29,0,0,6,0,6,18,3,14,0,35,0,0,0,35
09/17/2020,AGS,GA,ASO,ES,Combined TRACON& Tower with Radar,18,5,5,0,28,0,0,1,1,2,18,5,6,1,30,0,0,0,30
09/18/2020,AGS,GA,ASO,ES,Combined TRACON& Tower with Radar,20,1,15,10,46,0,1,5,0,6,20,2,20,10,52,10,0,10,62
09/19/2020,AGS,GA,ASO,ES,Combined TRACON& Tower with Radar,18,1,6,0,25,0,2,13,2,17,18,3,19,2,42,48,0,48,90
09/20/2020,AGS,GA,ASO,ES,Combined TRACON& Tower with Radar,18,1,3,0,22,0,4,9,0,13,18,5,12,0,35,8,0,8,43
09/21/2020,AGS,GA,ASO,ES,Combined TRACON& Tower with Radar,18,1,17,6,42,0,0,10,7,17,18,1,27,13,59,24,4,28,87
09/22/2020,AGS,GA,ASO,ES,Combined TRACON& Tower with Radar,17,3,13,16,49,0,1,13,12,26,17,4,26,28,75,14,48,62,137
09/23/2020,AGS,GA,ASO,ES,Combined TRACON& Tower with Radar,20,5,30,4,59,0,11,17,2,30,20,16,47,6,89,52,16,68,157
09/24/2020,AGS,GA,ASO,ES,Combined TRACON& Tower with Radar,20,3,14,3,40,0,2,12,4,18,20,5,26,7,58,24,18,42,100
09/25/2020,AGS,GA,ASO,ES,Combined TRACON& Tower with Radar,20,6,12,4,42,0,0,6,2,8,20,6,18,6,50,4,0,4,54
09/26/2020,AGS,GA,ASO,ES,Combined TRACON& Tower with Radar,18,6,13,0,37,0,5,3,0,8,18,11,16,0,45,0,0,0,45
09/27/2020,AGS,GA,ASO,ES,Combined TRACON& Tower with Radar,20,4,8,0,32,0,0,0,0,0,20,4,8,0,32,0,0,0,32
09/28/2020,AGS,GA,ASO,ES,Combined TRACON& Tower with Radar,20,6,16,6,48,0,0,5,0,5,20,6,21,6,53,0,0,0,53
09/29/2020,AGS,GA,ASO,ES,Combined TRACON& Tower with Radar,18,3,19,0,40,0,0,0,0,0,18,3,19,0,40,0,0,0,40
09/30/2020,AGS,GA,ASO,ES,Combined TRACON& Tower with Radar,18,8,24,3,53,0,4,5,5,14,18,12,29,8,67,36,8,44,111
10/01/2020,AGS,GA,ASO,ES,Combined TRACON& Tower with Radar,20,0,14,2,36,0,0,9,2,11,20,0,23,4,47,6,2,8,55
10/02/2020,AGS,GA,ASO,ES,Combined TRACON& Tower with Radar,18,2,13,15,48,0,9,10,1,20,18,11,23,16,68,28,26,54,122
10/03/2020,AGS,GA,ASO,ES,Combined TRACON& Tower with Radar,18,3,7,3,31,0,12,7,3,22,18,15,14,6,53,6,0,6,59
10/04/2020,AGS,GA,ASO,ES,Combined TRACON& Tower with Radar,18,0,4,6,28,0,8,5,4,17,18,8,9,10,45,14,14,28,73
10/05/2020,AGS,GA,ASO,ES,Combined TRACON& Tower with Radar,18,1,6,21,46,0,0,12,11,23,18,1,18,32,69,30,56,86,155
10/06/2020,AGS,GA,ASO,ES,Combined TRACON& Tower with Radar,18,2,11,20,51,0,1,12,3,16,18,3,23,23,67,42,14,56,123
10/07/2020,AGS,GA,ASO,ES,Combined TRACON& Tower with Radar,16,12,18,7,53,0,2,17,0,19,16,14,35,7,72,16,0,16,88
10/08/2020,AGS,GA,ASO,ES,Combined TRACON& Tower with Radar,18,2,15,9,44,0,4,18,0,22,18,6,33,9,66,0,0,0,66
10/09/2020,AGS,GA,ASO,ES,Combined TRACON& Tower with Radar,19,5,10,3,37,0,1,7,2,10,19,6,17,5,47,0,16,16,63
10/10/2020,AGS,GA,ASO,ES,Combined TRACON& Tower with Radar,22,4,9,0,35,0,0,4,0,4,22,4,13,0,39,10,0,10,49
10/11/2020,AGS,GA,ASO,ES,Combined TRACON& Tower with Radar,19,7,9,0,35,0,0,7,0,7,19,7,16,0,42,0,0,0,42
10/12/2020,AGS,GA,ASO,ES,Combined TRACON& Tower with Radar,18,7,16,0,41,0,0,4,0,4,18,7,20,0,45,0,0,0,45
10/13/2020,AGS,GA,ASO,ES,Combined TRACON& Tower with Radar,16,9,19,13,57,0,6,16,6,28,16,15,35,19,85,18,28,46,131
10/14/2020,AGS,GA,ASO,ES,Combined TRACON& Tower with Radar,16,11,22,16,65,0,0,6,4,10,16,11,28,20,75,2,8,10,85
10/15/2020,AGS,GA,ASO,ES,Combined TRACON& Tower with Radar,18,10,20,7,55,0,2,7,6,15,18,12,27,13,70,12,4,16,86
10/16/2020,AGS,GA,ASO,ES,Combined TRACON& Tower with Radar,18,17,28,4,67,0,6,10,1,17,18,23,38,5,84,8,8,16,100
10/17/2020,AGS,GA,ASO,ES,Combined TRACON& Tower with Radar,19,15,18,9,61,0,9,4,2,15,19,24,22,11,76,4,8,12,88
10/18/2020,AGS,GA,ASO,ES,Combined TRACON& Tower with Radar,18,6,18,0,42,0,6,9,0,15,18,12,27,0,57,18,0,18,75
10/19/2020,AGS,GA,ASO,ES,Combined TRACON& Tower with Radar,20,14,19,14,67,0,0,9,8,17,20,14,28,22,84,21,46,67,151
10/20/2020,AGS,GA,ASO,ES,Combined TRACON& Tower with Radar,18,9,25,22,74,0,0,12,6,18,18,9,37,28,92,16,36,52,144
10/21/2020,AGS,GA,ASO,ES,Combined TRACON& Tower with Radar,16,19,46,8,89,0,2,13,0,15,16,21,59,8,104,0,0,0,104
10/22/2020,AGS,GA,ASO,ES,Combined TRACON& Tower with Radar,18,22,46,13,99,0,0,8,3,11,18,22,54,16,110,24,22,46,156
10/23/2020,AGS,GA,ASO,ES,Combined TRACON& Tower with Radar,20,16,32,6,74,0,0,7,0,7,20,16,39,6,81,12,0,12,93
10/24/2020,AGS,GA,ASO,ES,Combined TRACON& Tower with Radar,17,22,27,0,66,0,0,14,0,14,17,22,41,0,80,24,0,24,104
10/25/2020,AGS,GA,ASO,ES,Combined TRACON& Tower with Radar,17,12,19,0,48,0,0,0,0,0,17,12,19,0,48,0,0,0,48
10/26/2020,AGS,GA,ASO,ES,Combined TRACON& Tower with Radar,17,17,28,4,66,0,0,2,0,2,17,17,30,4,68,0,0,0,68
10/27/2020,AGS,GA,ASO,ES,Combined TRACON& Tower with Radar,15,11,37,30,93,0,1,4,2,7,15,12,41,32,100,0,10,10,110
10/28/2020,AGS,GA,ASO,ES,Combined TRACON& Tower with Radar,15,22,23,2,62,0,1,2,0,3,15,23,25,2,65,16,0,16,81
10/29/2020,AGS,GA,ASO,ES,Combined TRACON& Tower with Radar,17,23,27,11,78,0,0,2,1,3,17,23,29,12,81,14,0,14,95
10/30/2020,AGS,GA,ASO,ES,Combined TRACON& Tower with Radar,19,17,30,2,68,0,10,14,0,24,19,27,44,2,92,0,0,0,92
10/31/2020,AGS,GA,ASO,ES,Combined TRACON& Tower with Radar,15,11,13,1,40,0,0,11,0,11,15,11,24,1,51,28,0,28,79
11/01/2020,AGS,GA,ASO,ES,Combined TRACON& Tower with Radar,15,4,7,0,26,0,0,3,0,3,15,4,10,0,29,0,0,0,29
11/02/2020,AGS,GA,ASO,ES,Combined TRACON& Tower with Radar,17,4,21,4,46,0,0,6,2,8,17,4,27,6,54,34,12,46,100
11/03/2020,AGS,GA,ASO,ES,Combined TRACON& Tower with Radar,16,5,7,11,39,0,6,6,3,15,16,11,13,14,54,8,12,20,74
11/04/2020,AGS,GA,ASO,ES,Combined TRACON& Tower with Radar,15,17,27,16,75,0,0,9,0,9,15,17,36,16,84,2,0,2,86
11/05/2020,AGS,GA,ASO,ES,Combined TRACON& Tower with Radar,15,8,28,10,61,0,0,11,3,14,15,8,39,13,75,6,22,28,103
11/06/2020,AGS,GA,ASO,ES,Combined TRACON& Tower with Radar,16,9,14,9,48,0,3,4,1,8,16,12,18,10,56,30,18,48,104
11/07/2020,AGS,GA,ASO,ES,Combined TRACON& Tower with Radar,15,22,19,1,57,0,1,10,1,12,15,23,29,2,69,12,0,12,81
11/08/2020,AGS,GA,ASO,ES,Combined TRACON& Tower with Radar,19,40,34,0,93,0,0,2,0,2,19,40,36,0,95,16,0,16,111
11/09/2020,AGS,GA,ASO,ES,Combined TRACON& Tower with Radar,20,19,34,3,76,0,0,14,1,15,20,19,48,4,91,4,0,4,95
11/10/2020,AGS,GA,ASO,ES,Combined TRACON& Tower with Radar,16,12,16,0,44,0,0,3,0,3,16,12,19,0,47,0,0,0,47
11/11/2020,AGS,GA,ASO,ES,Combined TRACON& Tower with Radar,16,26,30,0,72,0,0,1,0,1,16,26,31,0,73,0,0,0,73
11/12/2020,AGS,GA,ASO,ES,Combined TRACON& Tower with Radar,23,36,23,0,82,0,0,6,0,6,23,36,29,0,88,0,0,0,88
11/13/2020,AGS,GA,ASO,ES,Combined TRACON& Tower with Radar,19,25,32,0,76,0,1,11,0,12,19,26,43,0,88,0,0,0,88
11/14/2020,AGS,GA,ASO,ES,Combined TRACON& Tower with Radar,19,34,26,0,79,0,4,12,1,17,19,38,38,1,96,0,0,0,96
11/15/2020,AGS,GA,ASO,ES,Combined TRACON& Tower with Radar,21,67,52,0,140,0,2,7,0,9,21,69,59,0,149,0,0,0,149
11/16/2020,AGS,GA,ASO,ES,Combined TRACON& Tower with Radar,21,15,20,0,56,0,2,0,0,2,21,17,20,0,58,0,0,0,58
11/17/2020,AGS,GA,ASO,ES,Combined TRACON& Tower with Radar,14,5,20,8,47,0,0,14,5,19,14,5,34,13,66,4,8,12,78
11/18/2020,AGS,GA,ASO,ES,Combined TRACON& Tower with Radar,15,10,16,22,63,0,0,11,5,16,15,10,27,27,79,26,4,30,109
11/19/2020,AGS,GA,ASO,ES,Combined TRACON& Tower with Radar,18,9,19,1,47,0,1,18,4,23,18,10,37,5,70,6,6,12,82
11/20/2020,AGS,GA,ASO,ES,Combined TRACON& Tower with Radar,18,17,21,6,62,1,0,10,1,12,19,17,31,7,74,0,0,0,74
11/21/2020,AGS,GA,ASO,ES,Combined TRACON& Tower with Radar,18,9,11,0,38,0,0,10,0,10,18,9,21,0,48,4,0,4,52
11/22/2020,AGS,GA,ASO,ES,Combined TRACON& Tower with Radar,17,19,27,2,65,0,0,9,0,9,17,19,36,2,74,0,0,0,74
11/23/2020,AGS,GA,ASO,ES,Combined TRACON& Tower with Radar,15,26,13,10,64,0,4,12,0,16,15,30,25,10,80,8,0,8,88
11/24/2020,AGS,GA,ASO,ES,Combined TRACON& Tower with Radar,17,15,20,23,75,0,4,10,1,15,17,19,30,24,90,10,14,24,114
11/25/2020,AGS,GA,ASO,ES,Combined TRACON& Tower with Radar,16,18,17,0,51,1,2,9,0,12,17,20,26,0,63,18,0,18,81
11/26/2020,AGS,GA,ASO,ES,Combined TRACON& Tower with Radar,10,4,1,0,15,0,0,0,0,0,10,4,1,0,15,0,0,0,15
11/27/2020,AGS,GA,ASO,ES,Combined TRACON& Tower with Radar,15,16,9,0,40,0,0,10,0,10,15,16,19,0,50,20,6,26,76
11/28/2020,AGS,GA,ASO,ES,Combined TRACON& Tower with Radar,19,15,44,0,78,0,0,0,0,0,19,15,44,0,78,0,0,0,78
11/29/2020,AGS,GA,ASO,ES,Combined TRACON& Tower with Radar,18,11,14,0,43,0,0,1,0,1,18,11,15,0,44,14,0,14,58
11/30/2020,AGS,GA,ASO,ES,Combined TRACON& Tower with Radar,18,8,14,0,40,0,0,0,0,0,18,8,14,0,40,0,0,0,40
12/01/2020,AGS,GA,ASO,ES,Combined TRACON& Tower with Radar,17,12,14,10,53,0,0,3,5,8,17,12,17,15,61,4,0,4,65
12/02/2020,AGS,GA,ASO,ES,Combined TRACON& Tower with Radar,15,10,26,19,70,1,6,12,8,27,16,16,38,27,97,11,50,61,158
12/03/2020,AGS,GA,ASO,ES,Combined TRACON& Tower with Radar,19,10,27,8,64,0,2,8,2,12,19,12,35,10,76,0,0,0,76
12/04/2020,AGS,GA,ASO,ES,Combined TRACON& Tower with Radar,17,12,17,11,57,0,0,0,2,2,17,12,17,13,59,0,8,8,67
12/05/2020,AGS,GA,ASO,ES,Combined TRACON& Tower with Radar,14,18,11,0,43,1,2,6,0,9,15,20,17,0,52,6,0,6,58
12/06/2020,AGS,GA,ASO,ES,Combined TRACON& Tower with Radar,20,10,12,0,42,0,3,14,0,17,20,13,26,0,59,2,0,2,61
12/07/2020,AGS,GA,ASO,ES,Combined TRACON& Tower with Radar,19,10,23,15,67,0,1,7,0,8,19,11,30,15,75,22,0,22,97
12/08/2020,AGS,GA,ASO,ES,Combined TRACON& Tower with Radar,14,9,12,32,67,1,6,9,5,21,15,15,21,37,88,70,60,130,218
12/09/2020,AGS,GA,ASO,ES,Combined TRACON& Tower with Radar,15,10,10,15,50,0,1,7,11,19,15,11,17,26,69,10,30,40,109
12/10/2020,AGS,GA,ASO,ES,Combined TRACON& Tower with Radar,17,15,13,13,58,0,2,8,3,13,17,17,21,16,71,0,18,18,89
12/11/2020,AGS,GA,ASO,ES,Combined TRACON& Tower with Radar,20,20,20,0,60,0,0,11,0,11,20,20,31,0,71,22,0,22,93
12/12/2020,AGS,GA,ASO,ES,Combined TRACON& Tower with Radar,14,11,14,0,39,0,0,11,0,11,14,11,25,0,50,26,0,26,76
12/13/2020,AGS,GA,ASO,ES,Combined TRACON& Tower with Radar,16,8,13,0,37,0,0,2,0,2,16,8,15,0,39,0,0,0,39
12/14/2020,AGS,GA,ASO,ES,Combined TRACON& Tower with Radar,16,15,26,1,58,0,0,6,3,9,16,15,32,4,67,0,0,0,67
12/15/2020,AGS,GA,ASO,ES,Combined TRACON& Tower with Radar,16,10,21,31,78,0,0,5,5,10,16,10,26,36,88,22,18,40,128
12/16/2020,AGS,GA,ASO,ES,Combined TRACON& Tower with Radar,15,14,19,1,49,0,0,0,0,0,15,14,19,1,49,0,0,0,49
12/17/2020,AGS,GA,ASO,ES,Combined TRACON& Tower with Radar,16,16,23,23,78,1,0,4,0,5,17,16,27,23,83,0,10,10,93
12/18/2020,AGS,GA,ASO,ES,Combined TRACON& Tower with Radar,16,15,33,5,69,0,2,23,5,30,16,17,56,10,99,20,2,22,121
12/19/2020,AGS,GA,ASO,ES,Combined TRACON& Tower with Radar,17,12,23,0,52,0,0,14,0,14,17,12,37,0,66,10,0,10,76
12/20/2020,AGS,GA,ASO,ES,Combined TRACON& Tower with Radar,17,9,17,0,43,0,0,0,0,0,17,9,17,0,43,0,0,0,43
12/21/2020,AGS,GA,ASO,ES,Combined TRACON& Tower with Radar,17,13,7,2,39,0,0,4,0,4,17,13,11,2,43,4,0,4,47
12/22/2020,AGS,GA,ASO,ES,Combined TRACON& Tower with Radar,16,10,17,2,45,0,1,8,2,11,16,11,25,4,56,20,0,20,76
12/23/2020,AGS,GA,ASO,ES,Combined TRACON& Tower with Radar,16,8,13,2,39,1,0,14,0,15,17,8,27,2,54,12,0,12,66
12/24/2020,AGS,GA,ASO,ES,Combined TRACON& Tower with Radar,12,5,1,0,18,0,0,2,0,2,12,5,3,0,20,0,0,0,20
12/25/2020,AGS,GA,ASO,ES,Combined TRACON& Tower with Radar,11,5,4,0,20,0,0,0,0,0,11,5,4,0,20,0,0,0,20
12/26/2020,AGS,GA,ASO,ES,Combined TRACON& Tower with Radar,17,8,23,0,48,0,2,8,2,12,17,10,31,2,60,26,0,26,86
12/27/2020,AGS,GA,ASO,ES,Combined TRACON& Tower with Radar,17,6,8,0,31,0,0,11,2,13,17,6,19,2,44,10,0,10,54
12/28/2020,AGS,GA,ASO,ES,Combined TRACON& Tower with Radar,17,5,7,12,41,0,0,17,3,20,17,5,24,15,61,0,0,0,61
12/29/2020,AGS,GA,ASO,ES,Combined TRACON& Tower with Radar,15,5,11,0,31,1,1,19,0,21,16,6,30,0,52,12,0,12,64
12/30/2020,AGS,GA,ASO,ES,Combined TRACON& Tower with Radar,17,11,8,0,36,0,0,1,0,1,17,11,9,0,37,14,0,14,51
12/31/2020,AGS,GA,ASO,ES,Combined TRACON& Tower with Radar,11,6,7,0,24,0,0,0,0,0,11,6,7,0,24,0,0,0,24
01/01/2021,AGS,GA,ASO,ES,Combined TRACON& Tower with Radar,15,8,8,0,31,0,0,0,0,0,15,8,8,0,31,0,0,0,31
01/02/2021,AGS,GA,ASO,ES,Combined TRACON& Tower with Radar,20,9,9,0,38,0,0,0,0,0,20,9,9,0,38,0,0,0,38
01/03/2021,AGS,GA,ASO,ES,Combined TRACON& Tower with Radar,16,8,8,0,32,1,3,4,0,8,17,11,12,0,40,0,0,0,40
01/04/2021,AGS,GA,ASO,ES,Combined TRACON& Tower with Radar,16,7,16,0,39,0,2,11,2,15,16,9,27,2,54,22,0,22,76
01/05/2021,AGS,GA,ASO,ES,Combined TRACON& Tower with Radar,15,7,25,3,50,0,3,13,3,19,15,10,38,6,69,4,8,12,81
01/06/2021,AGS,GA,ASO,ES,Combined TRACON& Tower with Radar,16,8,23,2,49,0,3,8,0,11,16,11,31,2,60,24,0,24,84
01/07/2021,AGS,GA,ASO,ES,Combined TRACON& Tower with Radar,15,9,19,0,43,0,1,2,0,3,15,10,21,0,46,0,0,0,46
01/08/2021,AGS,GA,ASO,ES,Combined TRACON& Tower with Radar,15,9,8,4,36,0,0,0,0,0,15,9,8,4,36,0,0,0,36
01/09/2021,AGS,GA,ASO,ES,Combined TRACON& Tower with Radar,14,4,8,0,26,0,0,12,2,14,14,4,20,2,40,8,0,8,48
01/10/2021,AGS,GA,ASO,ES,Combined TRACON& Tower with Radar,16,6,24,0,46,0,2,11,0,13,16,8,35,0,59,24,0,24,83
01/11/2021,AGS,GA,ASO,ES,Combined TRACON& Tower with Radar,18,15,15,11,59,0,0,4,0,4,18,15,19,11,63,0,0,0,63
01/12/2021,AGS,GA,ASO,ES,Combined TRACON& Tower with Radar,16,15,15,30,76,0,2,0,0,2,16,17,15,30,78,6,4,10,88
01/13/2021,AGS,GA,ASO,ES,Combined TRACON& Tower with Radar,15,4,21,16,56,0,0,1,2,3,15,4,22,18,59,24,0,24,83
01/14/2021,AGS,GA,ASO,ES,Combined TRACON& Tower with Radar,17,11,23,8,59,0,3,19,0,22,17,14,42,8,81,14,12,26,107
01/15/2021,AGS,GA,ASO,ES,Combined TRACON& Tower with Radar,17,6,14,10,47,0,0,2,0,2,17,6,16,10,49,0,0,0,49
01/16/2021,AGS,GA,ASO,ES,Combined TRACON& Tower with Radar,15,4,9,0,28,0,0,2,0,2,15,4,11,0,30,0,0,0,30
01/17/2021,AGS,GA,ASO,ES,Combined TRACON& Tower with Radar,14,7,11,0,32,0,0,11,0,11,14,7,22,0,43,6,0,6,49
01/18/2021,AGS,GA,ASO,ES,Combined TRACON& Tower with Radar,14,11,17,0,42,1,2,10,0,13,15,13,27,0,55,18,0,18,73
01/19/2021,AGS,GA,ASO,ES,Combined TRACON& Tower with Radar,17,8,21,12,58,1,0,20,5,26,18,8,41,17,84,0,20,20,104
01/20/2021,AGS,GA,ASO,ES,Combined TRACON& Tower with Radar,15,4,16,4,39,0,2,3,3,8,15,6,19,7,47,6,0,6,53
01/21/2021,AGS,GA,ASO,ES,Combined TRACON& Tower with Radar,14,14,16,4,48,1,0,0,0,1,15,14,16,4,49,20,16,36,85
01/22/2021,AGS,GA,ASO,ES,Combined TRACON& Tower with Radar,16,7,13,2,38,0,0,6,0,6,16,7,19,2,44,50,0,50,94
01/23/2021,AGS,GA,ASO,ES,Combined TRACON& Tower with Radar,14,8,17,0,39,0,1,27,0,28,14,9,44,0,67,38,0,38,105
01/24/2021,AGS,GA,ASO,ES,Combined TRACON& Tower with Radar,16,12,16,12,56,0,1,14,0,15,16,13,30,12,71,2,0,2,73
01/25/2021,AGS,GA,ASO,ES,Combined TRACON& Tower with Radar,15,19,7,3,44,1,0,1,1,3,16,19,8,4,47,0,0,0,47
01/26/2021,AGS,GA,ASO,ES,Combined TRACON& Tower with Radar,16,14,18,0,48,0,0,0,0,0,16,14,18,0,48,12,0,12,60
01/27/2021,AGS,GA,ASO,ES,Combined TRACON& Tower with Radar,15,7,11,0,33,0,0,0,0,0,15,7,11,0,33,0,0,0,33
01/28/2021,AGS,GA,ASO,ES,Combined TRACON& Tower with Radar,13,14,20,13,60,0,0,9,11,20,13,14,29,24,80,0,0,0,80
01/29/2021,AGS,GA,ASO,ES,Combined TRACON& Tower with Radar,17,9,25,0,51,1,3,23,2,29,18,12,48,2,80,0,0,0,80
01/30/2021,AGS,GA,ASO,ES,Combined TRACON& Tower with Radar,14,8,13,0,35,0,2,17,0,19,14,10,30,0,54,0,0,0,54
01/31/2021,AGS,GA,ASO,ES,Combined TRACON& Tower with Radar,21,8,6,0,35,0,0,0,0,0,21,8,6,0,35,0,0,0,35
02/01/2021,AGS,GA,ASO,ES,Combined TRACON& Tower with Radar,15,4,14,36,69,0,0,1,1,2,15,4,15,37,71,0,26,26,97
02/02/2021,AGS,GA,ASO,ES,Combined TRACON& Tower with Radar,18,4,9,22,53,0,1,4,2,7,18,5,13,24,60,0,12,12,72
02/03/2021,AGS,GA,ASO,ES,Combined TRACON& Tower with Radar,17,3,15,12,47,1,1,20,9,31,18,4,35,21,78,46,6,52,130
02/04/2021,AGS,GA,ASO,ES,Combined TRACON& Tower with Radar,18,5,15,16,54,0,1,12,3,16,18,6,27,19,70,0,16,16,86
02/05/2021,AGS,GA,ASO,ES,Combined TRACON& Tower with Radar,18,10,17,10,55,0,1,6,0,7,18,11,23,10,62,0,0,0,62
02/06/2021,AGS,GA,ASO,ES,Combined TRACON& Tower with Radar,15,3,7,0,25,0,0,8,0,8,15,3,15,0,33,44,0,44,77
02/07/2021,AGS,GA,ASO,ES,Combined TRACON& Tower with Radar,14,6,11,0,31,0,0,5,0,5,14,6,16,0,36,22,0,22,58
02/08/2021,AGS,GA,ASO,ES,Combined TRACON& Tower with Radar,17,15,15,0,47,0,0,7,0,7,17,15,22,0,54,12,0,12,66
02/09/2021,AGS,GA,ASO,ES,Combined TRACON& Tower with Radar,17,5,27,6,55,1,3,4,0,8,18,8,31,6,63,0,12,12,75
02/10/2021,AGS,GA,ASO,ES,Combined TRACON& Tower with Radar,15,4,22,6,47,0,0,8,2,10,15,4,30,8,57,20,6,26,83
02/11/2021,AGS,GA,ASO,ES,Combined TRACON& Tower with Radar,9,15,16,1,41,0,0,0,0,0,9,15,16,1,41,0,0,0,41
02/12/2021,AGS,GA,ASO,ES,Combined TRACON& Tower with Radar,17,10,10,10,47,0,0,0,0,0,17,10,10,10,47,0,0,0,47
02/13/2021,AGS,GA,ASO,ES,Combined TRACON& Tower with Radar,13,7,7,0,27,0,0,0,0,0,13,7,7,0,27,0,0,0,27
02/14/2021,AGS,GA,ASO,ES,Combined TRACON& Tower with Radar,11,7,5,0,23,0,0,0,0,0,11,7,5,0,23,0,0,0,23
02/15/2021,AGS,GA,ASO,ES,Combined TRACON& Tower with Radar,13,8,9,1,31,0,0,0,0,0,13,8,9,1,31,0,0,0,31
02/16/2021,AGS,GA,ASO,ES,Combined TRACON& Tower with Radar,15,13,15,0,43,0,3,2,2,7,15,16,17,2,50,20,0,20,70
02/17/2021,AGS,GA,ASO,ES,Combined TRACON& Tower with Radar,15,17,26,3,61,0,0,26,0,26,15,17,52,3,87,0,0,0,87
02/18/2021,AGS,GA,ASO,ES,Combined TRACON& Tower with Radar,16,10,12,1,39,0,0,0,0,0,16,10,12,1,39,0,0,0,39
02/19/2021,AGS,GA,ASO,ES,Combined TRACON& Tower with Radar,15,12,11,2,40,0,0,0,0,0,15,12,11,2,40,36,0,36,76
02/20/2021,AGS,GA,ASO,ES,Combined TRACON& Tower with Radar,14,6,13,1,34,0,4,30,1,35,14,10,43,2,69,22,0,22,91
02/21/2021,AGS,GA,ASO,ES,Combined TRACON& Tower with Radar,15,16,21,2,54,0,0,23,1,24,15,16,44,3,78,0,0,0,78
02/22/2021,AGS,GA,ASO,ES,Combined TRACON& Tower with Radar,14,8,23,1,46,0,0,1,3,4,14,8,24,4,50,0,2,2,52
02/23/2021,AGS,GA,ASO,ES,Combined TRACON& Tower with Radar,15,16,24,7,62,0,2,20,6,28,15,18,44,13,90,14,0,14,104
02/24/2021,AGS,GA,ASO,ES,Combined TRACON& Tower with Radar,15,17,34,6,72,0,9,32,7,48,15,26,66,13,120,48,6,54,174
02/25/2021,AGS,GA,ASO,ES,Combined TRACON& Tower with Radar,16,15,48,1,80,0,0,27,5,32,16,15,75,6,112,6,4,10,122
02/26/2021,AGS,GA,ASO,ES,Combined TRACON& Tower with Radar,15,20,13,21,69,0,1,6,3,10,15,21,19,24,79,0,4,4,83
02/27/2021,AGS,GA,ASO,ES,Combined TRACON& Tower with Radar,14,11,10,2,37,1,5,16,1,23,15,16,26,3,60,40,0,40,100
02/28/2021,AGS,GA,ASO,ES,Combined TRACON& Tower with Radar,14,19,29,5,67,0,2,3,0,5,14,21,32,5,72,17,0,17,89
03/01/2021,AGS,GA,ASO,ES,Combined TRACON& Tower with Radar,15,14,31,1,61,0,0,2,4,6,15,14,33,5,67,0,0,0,67
03/02/2021,AGS,GA,ASO,ES,Combined TRACON& Tower with Radar,16,13,19,4,52,0,2,4,4,10,16,15,23,8,62,0,4,4,66
03/03/2021,AGS,GA,ASO,ES,Combined TRACON& Tower with Radar,17,37,13,10,77,0,1,8,4,13,17,38,21,14,90,54,6,60,150
03/04/2021,AGS,GA,ASO,ES,Combined TRACON& Tower with Radar,14,16,15,11,56,1,3,26,7,37,15,19,41,18,93,45,14,59,152
03/05/2021,AGS,GA,ASO,ES,Combined TRACON& Tower with Radar,16,20,30,14,80,0,0,26,10,36,16,20,56,24,116,36,20,56,172
03/06/2021,AGS,GA,ASO,ES,Combined TRACON& Tower with Radar,14,20,11,6,51,0,2,9,1,12,14,22,20,7,63,8,0,8,71
03/07/2021,AGS,GA,ASO,ES,Combined TRACON& Tower with Radar,16,22,25,4,67,0,2,17,0,19,16,24,42,4,86,24,0,24,110
03/08/2021,AGS,GA,ASO,ES,Combined TRACON& Tower with Radar,16,20,19,0,55,0,1,14,0,15,16,21,33,0,70,14,0,14,84
03/09/2021,AGS,GA,ASO,ES,Combined TRACON& Tower with Radar,17,19,8,1,45,0,3,4,0,7,17,22,12,1,52,24,0,24,76
03/10/2021,AGS,GA,ASO,ES,Combined TRACON& Tower with Radar,15,20,18,12,65,0,0,16,0,16,15,20,34,12,81,10,0,10,91
03/11/2021,AGS,GA,ASO,ES,Combined TRACON& Tower with Radar,15,31,26,0,72,1,3,12,0,16,16,34,38,0,88,14,0,14,102
03/12/2021,AGS,GA,ASO,ES,Combined TRACON& Tower with Radar,18,36,16,4,74,0,3,8,3,14,18,39,24,7,88,0,0,0,88
03/13/2021,AGS,GA,ASO,ES,Combined TRACON& Tower with Radar,14,25,16,4,59,1,1,12,0,14,15,26,28,4,73,12,0,12,85
03/14/2021,AGS,GA,ASO,ES,Combined TRACON& Tower with Radar,16,29,19,0,64,0,3,8,5,16,16,32,27,5,80,40,0,40,120
03/15/2021,AGS,GA,ASO,ES,Combined TRACON& Tower with Radar,16,21,13,3,53,0,1,6,0,7,16,22,19,3,60,0,0,0,60
03/16/2021,AGS,GA,ASO,ES,Combined TRACON& Tower with Radar,15,20,21,7,63,0,0,0,0,0,15,20,21,7,63,0,0,0,63
03/17/2021,AGS,GA,ASO,ES,Combined TRACON& Tower with Radar,14,29,44,4,91,0,0,1,0,1,14,29,45,4,92,0,0,0,92
03/18/2021,AGS,GA,ASO,ES,Combined TRACON& Tower with Radar,16,31,54,1,102,0,2,0,0,2,16,33,54,1,104,0,0,0,104
03/19/2021,AGS,GA,ASO,ES,Combined TRACON& Tower with Radar,18,29,41,23,111,0,0,2,3,5,18,29,43,26,116,0,12,12,128
03/20/2021,AGS,GA,ASO,ES,Combined TRACON& Tower with Radar,15,23,25,0,63,0,0,3,0,3,15,23,28,0,66,0,0,0,66
03/21/2021,AGS,GA,ASO,ES,Combined TRACON& Tower with Radar,15,24,12,0,51,1,0,3,2,6,16,24,15,2,57,0,0,0,57
03/22/2021,AGS,GA,ASO,ES,Combined TRACON& Tower with Radar,16,17,36,7,76,0,0,17,1,18,16,17,53,8,94,10,0,10,104
03/23/2021,AGS,GA,ASO,ES,Combined TRACON& Tower with Radar,17,16,27,9,69,0,4,20,3,27,17,20,47,12,96,18,0,18,114
03/24/2021,AGS,GA,ASO,ES,Combined TRACON& Tower with Radar,15,12,37,11,75,0,1,10,2,13,15,13,47,13,88,54,0,54,142
03/25/2021,AGS,GA,ASO,ES,Combined TRACON& Tower with Radar,17,13,28,43,101,0,1,15,3,19,17,14,43,46,120,52,6,58,178
03/26/2021,AGS,GA,ASO,ES,Combined TRACON& Tower with Radar,17,21,11,0,49,0,2,2,0,4,17,23,13,0,53,18,0,18,71
03/27/2021,AGS,GA,ASO,ES,Combined TRACON& Tower with Radar,18,16,9,0,43,0,0,2,0,2,18,16,11,0,45,0,0,0,45
03/28/2021,AGS,GA,ASO,ES,Combined TRACON& Tower with Radar,19,26,20,0,65,0,2,1,2,5,19,28,21,2,70,0,0,0,70
03/29/2021,AGS,GA,ASO,ES,Combined TRACON& Tower with Radar,21,17,16,9,63,0,7,15,4,26,21,24,31,13,89,38,10,48,137
03/30/2021,AGS,GA,ASO,ES,Combined TRACON& Tower with Radar,17,20,21,24,82,0,0,6,22,28,17,20,27,46,110,18,28,46,156
03/31/2021,AGS,GA,ASO,ES,Combined TRACON& Tower with Radar,15,22,19,20,76,0,1,0,2,3,15,23,19,22,79,0,16,16,95
04/01/2021,AGS,GA,ASO,ES,Combined TRACON& Tower with Radar,18,20,26,6,70,0,0,11,3,14,18,20,37,9,84,0,16,16,100
04/02/2021,AGS,GA,ASO,ES,Combined TRACON& Tower with Radar,20,21,34,0,75,0,0,24,0,24,20,21,58,0,99,40,0,40,139
04/03/2021,AGS,GA,ASO,ES,Combined TRACON& Tower with Radar,17,24,44,2,87,0,5,7,0,12,17,29,51,2,99,0,0,0,99
04/04/2021,AGS,GA,ASO,ES,Combined TRACON& Tower with Radar,19,55,33,0,107,0,3,12,0,15,19,58,45,0,122,0,0,0,122
04/05/2021,AGS,GA,ASO,ES,Combined TRACON& Tower with Radar,20,51,63,0,134,0,2,9,0,11,20,53,72,0,145,0,0,0,145
04/06/2021,AGS,GA,ASO,ES,Combined TRACON& Tower with Radar,19,54,70,2,145,0,0,13,0,13,19,54,83,2,158,0,0,0,158
04/07/2021,AGS,GA,ASO,ES,Combined TRACON& Tower with Radar,21,95,108,0,224,0,1,5,0,6,21,96,113,0,230,0,0,0,230
04/08/2021,AGS,GA,ASO,ES,Combined TRACON& Tower with Radar,18,117,116,0,251,0,2,5,0,7,18,119,121,0,258,0,0,0,258
04/09/2021,AGS,GA,ASO,ES,Combined TRACON& Tower with Radar,21,129,146,0,296,0,0,5,0,5,21,129,151,0,301,0,0,0,301
04/10/2021,AGS,GA,ASO,ES,Combined TRACON& Tower with Radar,17,98,97,0,212,0,0,7,0,7,17,98,104,0,219,0,0,0,219
04/11/2021,AGS,GA,ASO,ES,Combined TRACON& Tower with Radar,24,157,133,0,314,0,0,4,0,4,24,157,137,0,318,0,0,0,318
04/12/2021,AGS,GA,ASO,ES,Combined TRACON& Tower with Radar,20,76,62,0,158,0,0,6,0,6,20,76,68,0,164,24,0,24,188
04/13/2021,AGS,GA,ASO,ES,Combined TRACON& Tower with Radar,16,16,26,0,58,0,4,15,1,20,16,20,41,1,78,48,0,48,126
04/14/2021,AGS,GA,ASO,ES,Combined TRACON& Tower with Radar,17,8,19,11,55,0,6,11,3,20,17,14,30,14,75,18,8,26,101
04/15/2021,AGS,GA,ASO,ES,Combined TRACON& Tower with Radar,17,12,25,5,59,0,0,6,3,9,17,12,31,8,68,26,14,40,108
04/16/2021,AGS,GA,ASO,ES,Combined TRACON& Tower with Radar,19,16,17,26,78,0,2,11,6,19,19,18,28,32,97,0,18,18,115
04/17/2021,AGS,GA,ASO,ES,Combined TRACON& Tower with Radar,19,17,14,0,50,0,2,16,0,18,19,19,30,0,68,8,0,8,76
04/18/2021,AGS,GA,ASO,ES,Combined TRACON& Tower with Radar,18,25,15,3,61,0,6,15,1,22,18,31,30,4,83,45,20,65,148
04/19/2021,AGS,GA,ASO,ES,Combined TRACON& Tower with Radar,20,21,19,12,72,0,4,10,5,19,20,25,29,17,91,0,10,10,101
04/20/2021,AGS,GA,ASO,ES,Combined TRACON& Tower with Radar,18,22,23,12,75,0,0,12,1,13,18,22,35,13,88,44,16,60,148
04/21/2021,AGS,GA,ASO,ES,Combined TRACON& Tower with Radar,19,20,27,17,83,0,0,5,6,11,19,20,32,23,94,8,24,32,126
04/22/2021,AGS,GA,ASO,ES,Combined TRACON& Tower with Radar,18,19,35,35,107,0,10,12,5,27,18,29,47,40,134,42,46,88,222
04/23/2021,AGS,GA,ASO,ES,Combined TRACON& Tower with Radar,18,31,16,6,71,0,3,11,4,18,18,34,27,10,89,62,0,62,151
04/24/2021,AGS,GA,ASO,ES,Combined TRACON& Tower with Radar,16,22,15,0,53,0,0,0,0,0,16,22,15,0,53,0,0,0,53
04/25/2021,AGS,GA,ASO,ES,Combined TRACON& Tower with Radar,20,26,28,0,74,0,2,5,0,7,20,28,33,0,81,18,0,18,99
04/26/2021,AGS,GA,ASO,ES,Combined TRACON& Tower with Radar,20,23,28,10,81,0,4,7,6,17,20,27,35,16,98,36,12,48,146
04/27/2021,AGS,GA,ASO,ES,Combined TRACON& Tower with Radar,18,15,27,6,66,0,3,12,3,18,18,18,39,9,84,0,0,0,84
04/28/2021,AGS,GA,ASO,ES,Combined TRACON& Tower with Radar,19,29,21,9,78,0,1,14,4,19,19,30,35,13,97,30,16,46,143
04/29/2021,AGS,GA,ASO,ES,Combined TRACON& Tower with Radar,22,33,31,4,90,0,0,6,8,14,22,33,37,12,104,4,8,12,116
04/30/2021,AGS,GA,ASO,ES,Combined TRACON& Tower with Radar,20,18,14,4,56,0,8,13,0,21,20,26,27,4,77,40,0,40,117
05/01/2021,AGS,GA,ASO,ES,Combined TRACON& Tower with Radar,18,31,12,0,61,0,2,18,0,20,18,33,30,0,81,0,0,0,81
05/02/2021,AGS,GA,ASO,ES,Combined TRACON& Tower with Radar,20,24,14,5,63,0,2,15,9,26,20,26,29,14,89,28,0,28,117
05/03/2021,AGS,GA,ASO,ES,Combined TRACON& Tower with Radar,22,30,29,4,85,0,0,1,0,1,22,30,30,4,86,0,0,0,86
05/04/2021,AGS,GA,ASO,ES,Combined TRACON& Tower with Radar,17,21,31,4,73,0,0,2,0,2,17,21,33,4,75,20,0,20,95
05/05/2021,AGS,GA,ASO,ES,Combined TRACON& Tower with Radar,17,35,36,0,88,0,0,10,0,10,17,35,46,0,98,10,0,10,108
05/06/2021,AGS,GA,ASO,ES,Combined TRACON& Tower with Radar,20,38,36,7,101,0,4,25,2,31,20,42,61,9,132,4,0,4,136
05/07/2021,AGS,GA,ASO,ES,Combined TRACON& Tower with Radar,22,20,30,11,83,0,3,7,0,10,22,23,37,11,93,0,10,10,103
05/08/2021,AGS,GA,ASO,ES,Combined TRACON& Tower with Radar,16,23,26,0,65,0,2,11,0,13,16,25,37,0,78,0,0,0,78
05/09/2021,AGS,GA,ASO,ES,Combined TRACON& Tower with Radar,19,9,15,0,43,0,3,8,0,11,19,12,23,0,54,0,0,0,54
05/10/2021,AGS,GA,ASO,ES,Combined TRACON& Tower with Radar,19,20,26,4,69,0,2,10,0,12,19,22,36,4,81,26,0,26,107
05/11/2021,AGS,GA,ASO,ES,Combined TRACON& Tower with Radar,20,22,24,16,82,0,0,4,6,10,20,22,28,22,92,6,14,20,112
05/12/2021,AGS,GA,ASO,ES,Combined TRACON& Tower with Radar,18,16,27,10,71,0,0,0,0,0,18,16,27,10,71,0,14,14,85
05/13/2021,AGS,GA,ASO,ES,Combined TRACON& Tower with Radar,19,15,24,2,60,0,5,14,0,19,19,20,38,2,79,0,0,0,79
05/14/2021,AGS,GA,ASO,ES,Combined TRACON& Tower with Radar,20,17,25,2,64,0,2,8,0,10,20,19,33,2,74,0,0,0,74
05/15/2021,AGS,GA,ASO,ES,Combined TRACON& Tower with Radar,16,15,19,0,50,0,0,7,0,7,16,15,26,0,57,14,0,14,71
05/16/2021,AGS,GA,ASO,ES,Combined TRACON& Tower with Radar,19,26,27,1,73,0,0,10,3,13,19,26,37,4,86,4,0,4,90
05/17/2021,AGS,GA,ASO,ES,Combined TRACON& Tower with Radar,19,9,23,9,60,0,11,7,0,18,19,20,30,9,78,16,0,16,94
05/18/2021,AGS,GA,ASO,ES,Combined TRACON& Tower with Radar,20,5,27,13,65,0,0,12,6,18,20,5,39,19,83,0,30,30,113
05/19/2021,AGS,GA,ASO,ES,Combined TRACON& Tower with Radar,18,6,28,5,57,0,4,14,4,22,18,10,42,9,79,20,10,30,109
05/20/2021,AGS,GA,ASO,ES,Combined TRACON& Tower with Radar,19,9,21,3,52,0,3,12,2,17,19,12,33,5,69,0,0,0,69
05/21/2021,AGS,GA,ASO,ES,Combined TRACON& Tower with Radar,19,9,38,5,71,0,6,22,1,29,19,15,60,6,100,22,14,36,136
05/22/2021,AGS,GA,ASO,ES,Combined TRACON& Tower with Radar,16,8,9,0,33,0,5,7,2,14,16,13,16,2,47,38,0,38,85
05/23/2021,AGS,GA,ASO,ES,Combined TRACON& Tower with Radar,19,12,7,0,38,0,7,3,2,12,19,19,10,2,50,0,0,0,50
05/24/2021,AGS,GA,ASO,ES,Combined TRACON& Tower with Radar,19,10,19,4,52,0,0,13,0,13,19,10,32,4,65,18,0,18,83
05/25/2021,AGS,GA,ASO,ES,Combined TRACON& Tower with Radar,15,7,20,5,47,0,2,11,1,14,15,9,31,6,61,0,0,0,61
05/26/2021,AGS,GA,ASO,ES,Combined TRACON& Tower with Radar,15,11,16,20,62,0,3,17,15,35,15,14,33,35,97,6,52,58,155
05/27/2021,AGS,GA,ASO,ES,Combined TRACON& Tower with Radar,19,12,24,8,63,0,2,23,6,31,19,14,47,14,94,56,0,56,150
05/28/2021,AGS,GA,ASO,ES,Combined TRACON& Tower with Radar,22,6,11,0,39,0,5,9,0,14,22,11,20,0,53,0,0,0,53
05/29/2021,AGS,GA,ASO,ES,Combined TRACON& Tower with Radar,20,5,5,0,30,0,0,21,0,21,20,5,26,0,51,16,0,16,67
05/30/2021,AGS,GA,ASO,ES,Combined TRACON& Tower with Radar,20,6,7,0,33,0,0,10,2,12,20,6,17,2,45,4,0,4,49
05/31/2021,AGS,GA,ASO,ES,Combined TRACON& Tower with Radar,21,7,21,0,49,0,6,10,0,16,21,13,31,0,65,6,0,6,71
06/01/2021,AGS,GA,ASO,ES,Combined TRACON& Tower with Radar,18,9,26,8,61,0,3,7,9,19,18,12,33,17,80,38,10,48,128
06/02/2021,AGS,GA,ASO,ES,Combined TRACON& Tower with Radar,20,13,20,50,103,0,0,3,0,3,20,13,23,50,106,10,0,10,116
06/03/2021,AGS,GA,ASO,ES,Combined TRACON& Tower with Radar,15,11,19,12,57,0,6,4,0,10,15,17,23,12,67,8,10,18,85
06/04/2021,AGS,GA,ASO,ES,Combined TRACON& Tower with Radar,17,10,24,0,51,0,6,5,6,17,17,16,29,6,68,8,0,8,76
06/05/2021,AGS,GA,ASO,ES,Combined TRACON& Tower with Radar,11,23,9,2,45,0,0,2,0,2,11,23,11,2,47,0,0,0,47
06/06/2021,AGS,GA,ASO,ES,Combined TRACON& Tower with Radar,11,20,6,0,37,0,1,0,0,1,11,21,6,0,38,0,0,0,38
06/07/2021,AGS,GA,ASO,ES,Combined TRACON& Tower with Radar,14,9,16,3,42,0,0,0,1,1,14,9,16,4,43,0,8,8,51
06/08/2021,AGS,GA,ASO,ES,Combined TRACON& Tower with Radar,9,18,18,0,45,0,0,2,0,2,9,18,20,0,47,10,0,10,57
06/09/2021,AGS,GA,ASO,ES,Combined TRACON& Tower with Radar,14,28,18,10,70,0,0,6,4,10,14,28,24,14,80,14,10,24,104
06/10/2021,AGS,GA,ASO,ES,Combined TRACON& Tower with Radar,12,21,22,6,61,0,3,12,1,16,12,24,34,7,77,8,6,14,91
06/11/2021,AGS,GA,ASO,ES,Combined TRACON& Tower with Radar,13,16,13,2,44,0,0,1,7,8,13,16,14,9,52,0,2,2,54
06/12/2021,AGS,GA,ASO,ES,Combined TRACON& Tower with Radar,8,16,7,2,33,0,0,0,0,0,8,16,7,2,33,0,0,0,33
06/13/2021,AGS,GA,ASO,ES,Combined TRACON& Tower with Radar,12,13,13,0,38,0,1,7,0,8,12,14,20,0,46,10,0,10,56
06/14/2021,AGS,GA,ASO,ES,Combined TRACON& Tower with Radar,12,19,13,15,59,0,0,11,6,17,12,19,24,21,76,28,10,38,114
06/15/2021,AGS,GA,ASO,ES,Combined TRACON& Tower with Radar,10,23,15,9,57,0,15,16,1,32,10,38,31,10,89,58,0,58,147
06/16/2021,AGS,GA,ASO,ES,Combined TRACON& Tower with Radar,10,24,15,13,62,0,0,15,10,25,10,24,30,23,87,10,10,20,107
06/17/2021,AGS,GA,ASO,ES,Combined TRACON& Tower with Radar,11,16,18,4,49,0,1,14,4,19,11,17,32,8,68,28,0,28,96
06/18/2021,AGS,GA,ASO,ES,Combined TRACON& Tower with Radar,15,16,16,0,47,0,0,16,0,16,15,16,32,0,63,34,0,34,97
06/19/2021,AGS,GA,ASO,ES,Combined TRACON& Tower with Radar,8,16,9,0,33,0,0,13,0,13,8,16,22,0,46,36,0,36,82
06/20/2021,AGS,GA,ASO,ES,Combined TRACON& Tower with Radar,11,17,1,0,29,0,0,0,0,0,11,17,1,0,29,0,0,0,29
06/21/2021,AGS,GA,ASO,ES,Combined TRACON& Tower with Radar,12,15,9,5,41,0,1,7,1,9,12,16,16,6,50,12,0,12,62
06/22/2021,AGS,GA,ASO,ES,Combined TRACON& Tower with Radar,10,19,19,3,51,0,0,1,0,1,10,19,20,3,52,0,0,0,52
06/23/2021,AGS,GA,ASO,ES,Combined TRACON& Tower with Radar,10,21,16,10,57,0,0,14,1,15,10,21,30,11,72,48,12,60,132
06/24/2021,AGS,GA,ASO,ES,Combined TRACON& Tower with Radar,12,15,18,6,51,0,0,21,3,24,12,15,39,9,75,16,0,16,91
06/25/2021,AGS,GA,ASO,ES,Combined TRACON& Tower with Radar,11,20,16,13,60,0,0,17,4,21,11,20,33,17,81,34,28,62,143
06/26/2021,AGS,GA,ASO,ES,Combined TRACON& Tower with Radar,7,17,9,0,33,0,1,13,4,18,7,18,22,4,51,100,0,100,151
06/27/2021,AGS,GA,ASO,ES,Combined TRACON& Tower with Radar,14,17,4,0,35,0,0,10,1,11,14,17,14,1,46,20,0,20,66
06/28/2021,AGS,GA,ASO,ES,Combined TRACON& Tower with Radar,11,16,4,0,31,0,0,5,2,7,11,16,9,2,38,0,0,0,38
06/29/2021,AGS,GA,ASO,ES,Combined TRACON& Tower with Radar,9,14,14,13,50,0,1,10,1,12,9,15,24,14,62,52,10,62,124
06/30/2021,AGS,GA,ASO,ES,Combined TRACON& Tower with Radar,10,16,17,15,58,0,0,8,4,12,10,16,25,19,70,70,20,90,160
07/01/2021,AGS,GA,ASO,ES,Combined TRACON& Tower with Radar,13,17,16,5,51,0,0,6,3,9,13,17,22,8,60,10,12,22,82
07/02/2021,AGS,GA,ASO,ES,Combined TRACON& Tower with Radar,12,14,19,0,45,0,0,0,0,0,12,14,19,0,45,28,0,28,73
07/03/2021,AGS,GA,ASO,ES,Combined TRACON& Tower with Radar,8,17,11,0,36,0,1,16,2,19,8,18,27,2,55,56,0,56,111
07/04/2021,AGS,GA,ASO,ES,Combined TRACON& Tower with Radar,8,12,2,0,22,0,3,9,3,15,8,15,11,3,37,38,0,38,75
07/05/2021,AGS,GA,ASO,ES,Combined TRACON& Tower with Radar,12,15,4,0,31,0,0,19,5,24,12,15,23,5,55,102,0,102,157
07/06/2021,AGS,GA,ASO,ES,Combined TRACON& Tower with Radar,10,14,13,4,41,0,2,16,6,24,10,16,29,10,65,56,2,58,123
07/07/2021,AGS,GA,ASO,ES,Combined TRACON& Tower with Radar,14,13,8,1,36,0,0,3,3,6,14,13,11,4,42,12,2,14,56
07/08/2021,AGS,GA,ASO,ES,Combined TRACON& Tower with Radar,16,11,16,0,43,0,0,0,1,1,16,11,16,1,44,0,0,0,44
07/09/2021,AGS,GA,ASO,ES,Combined TRACON& Tower with Radar,21,14,13,20,68,0,3,3,8,14,21,17,16,28,82,8,2,10,92
07/10/2021,AGS,GA,ASO,ES,Combined TRACON& Tower with Radar,17,13,6,0,36,0,0,6,0,6,17,13,12,0,42,18,0,18,60
07/11/2021,AGS,GA,ASO,ES,Combined TRACON& Tower with Radar,16,12,10,0,38,0,1,1,0,2,16,13,11,0,40,0,0,0,40
07/12/2021,AGS,GA,ASO,ES,Combined TRACON& Tower with Radar,17,16,18,18,69,0,8,6,12,26,17,24,24,30,95,14,28,42,137
07/13/2021,AGS,GA,ASO,ES,Combined TRACON& Tower with Radar,15,20,23,3,61,0,14,6,2,22,15,34,29,5,83,70,0,70,153
07/14/2021,AGS,GA,ASO,ES,Combined TRACON& Tower with Radar,15,15,14,1,45,0,2,6,3,11,15,17,20,4,56,36,0,36,92
07/15/2021,AGS,GA,ASO,ES,Combined TRACON& Tower with Radar,17,27,38,21,103,0,8,16,6,30,17,35,54,27,133,44,2,46,179
07/16/2021,AGS,GA,ASO,ES,Combined TRACON& Tower with Radar,16,29,41,0,86,0,2,8,2,12,16,31,49,2,98,10,0,10,108
07/17/2021,AGS,GA,ASO,ES,Combined TRACON& Tower with Radar,11,33,31,0,75,0,2,16,2,20,11,35,47,2,95,28,0,28,123
07/18/2021,AGS,GA,ASO,ES,Combined TRACON& Tower with Radar,16,34,58,0,108,0,1,7,0,8,16,35,65,0,116,0,0,0,116
07/19/2021,AGS,GA,ASO,ES,Combined TRACON& Tower with Radar,16,17,10,3,46,0,0,2,0,2,16,17,12,3,48,12,0,12,60
07/20/2021,AGS,GA,ASO,ES,Combined TRACON& Tower with Radar,14,15,19,1,49,0,0,4,0,4,14,15,23,1,53,0,0,0,53
07/21/2021,AGS,GA,ASO,ES,Combined TRACON& Tower with Radar,15,20,36,3,74,0,0,15,3,18,15,20,51,6,92,26,0,26,118
07/22/2021,AGS,GA,ASO,ES,Combined TRACON& Tower with Radar,17,26,46,10,99,0,6,8,7,21,17,32,54,17,120,38,8,46,166
07/23/2021,AGS,GA,ASO,ES,Combined TRACON& Tower with Radar,16,47,63,0,126,0,0,14,0,14,16,47,77,0,140,10,0,10,150
07/24/2021,AGS,GA,ASO,ES,Combined TRACON& Tower with Radar,11,32,40,2,85,0,0,4,4,8,11,32,44,6,93,6,0,6,99
07/25/2021,AGS,GA,ASO,ES,Combined TRACON& Tower with Radar,18,29,32,1,80,0,4,8,11,23,18,33,40,12,103,10,2,12,115
07/26/2021,AGS,GA,ASO,ES,Combined TRACON& Tower with Radar,28,12,20,5,65,0,0,13,7,20,28,12,33,12,85,45,0,45,130
07/27/2021,AGS,GA,ASO,ES,Combined TRACON& Tower with Radar,21,13,16,7,57,0,4,7,7,18,21,17,23,14,75,12,0,12,87
07/28/2021,AGS,GA,ASO,ES,Combined TRACON& Tower with Radar,15,9,29,22,75,0,2,6,5,13,15,11,35,27,88,24,20,44,132
07/29/2021,AGS,GA,ASO,ES,Combined TRACON& Tower with Radar,22,20,22,2,66,0,1,6,5,12,22,21,28,7,78,26,10,36,114
07/30/2021,AGS,GA,ASO,ES,Combined TRACON& Tower with Radar,16,21,16,5,58,0,5,10,6,21,16,26,26,11,79,0,0,0,79
07/31/2021,AGS,GA,ASO,ES,Combined TRACON& Tower with Radar,12,17,5,0,34,0,0,9,2,11,12,17,14,2,45,13,0,13,58
08/01/2021,AGS,GA,ASO,ES,Combined TRACON& Tower with Radar,14,9,11,18,52,0,0,13,8,21,14,9,24,26,73,10,0,10,83
08/02/2021,AGS,GA,ASO,ES,Combined TRACON& Tower with Radar,15,21,16,7,59,0,1,4,2,7,15,22,20,9,66,6,0,6,72
08/03/2021,AGS,GA,ASO,ES,Combined TRACON& Tower with Radar,23,15,22,3,63,0,0,2,1,3,23,15,24,4,66,0,0,0,66
08/04/2021,AGS,GA,ASO,ES,Combined TRACON& Tower with Radar,15,13,26,29,83,0,0,2,9,11,15,13,28,38,94,10,32,42,136
08/05/2021,AGS,GA,ASO,ES,Combined TRACON& Tower with Radar,15,9,21,10,55,0,4,11,6,21,15,13,32,16,76,0,0,0,76
08/06/2021,AGS,GA,ASO,ES,Combined TRACON& Tower with Radar,15,9,8,27,59,0,0,9,1,10,15,9,17,28,69,62,6,68,137
08/07/2021,AGS,GA,ASO,ES,Combined TRACON& Tower with Radar,14,14,18,0,46,0,0,12,4,16,14,14,30,4,62,60,0,60,122
08/08/2021,AGS,GA,ASO,ES,Combined TRACON& Tower with Radar,14,14,11,0,39,0,3,19,0,22,14,17,30,0,61,42,0,42,103
08/09/2021,AGS,GA,ASO,ES,Combined TRACON& Tower with Radar,15,9,16,2,42,0,2,11,5,18,15,11,27,7,60,8,0,8,68
08/10/2021,AGS,GA,ASO,ES,Combined TRACON& Tower with Radar,14,7,28,5,54,0,0,15,8,23,14,7,43,13,77,22,16,38,115
08/11/2021,AGS,GA,ASO,ES,Combined TRACON& Tower with Radar,16,11,8,11,46,0,0,5,6,11,16,11,13,17,57,34,12,46,103
08/12/2021,AGS,GA,ASO,ES,Combined TRACON& Tower with Radar,15,13,20,7,55,0,5,19,8,32,15,18,39,15,87,18,0,18,105
08/13/2021,AGS,GA,ASO,ES,Combined TRACON& Tower with Radar,19,21,13,2,55,0,2,12,5,19,19,23,25,7,74,20,0,20,94
08/14/2021,AGS,GA,ASO,ES,Combined TRACON& Tower with Radar,14,8,4,1,27,0,2,14,0,16,14,10,18,1,43,16,0,16,59
08/15/2021,AGS,GA,ASO,ES,Combined TRACON& Tower with Radar,17,14,3,2,36,0,0,4,0,4,17,14,7,2,40,8,0,8,48
08/16/2021,AGS,GA,ASO,ES,Combined TRACON& Tower with Radar,16,11,10,3,40,0,0,0,0,0,16,11,10,3,40,0,0,0,40
08/17/2021,AGS,GA,ASO,ES,Combined TRACON& Tower with Radar,19,5,14,3,41,0,0,0,0,0,19,5,14,3,41,0,0,0,41
08/18/2021,AGS,GA,ASO,ES,Combined TRACON& Tower with Radar,20,6,26,14,66,0,6,11,4,21,20,12,37,18,87,26,10,36,123
08/19/2021,AGS,GA,ASO,ES,Combined TRACON& Tower with Radar,20,7,19,8,54,0,0,13,8,21,20,7,32,16,75,18,6,24,99
08/20/2021,AGS,GA,ASO,ES,Combined TRACON& Tower with Radar,18,6,10,6,40,0,0,7,1,8,18,6,17,7,48,8,0,8,56
08/21/2021,AGS,GA,ASO,ES,Combined TRACON& Tower with Radar,19,7,10,0,36,0,0,5,0,5,19,7,15,0,41,2,0,2,43
08/22/2021,AGS,GA,ASO,ES,Combined TRACON& Tower with Radar,18,8,15,0,41,0,0,0,0,0,18,8,15,0,41,0,0,0,41
08/23/2021,AGS,GA,ASO,ES,Combined TRACON& Tower with Radar,19,3,24,5,51,0,0,6,6,12,19,3,30,11,63,18,18,36,99
08/24/2021,AGS,GA,ASO,ES,Combined TRACON& Tower with Radar,18,8,24,4,54,0,0,12,3,15,18,8,36,7,69,0,0,0,69
08/25/2021,AGS,GA,ASO,ES,Combined TRACON& Tower with Radar,18,10,13,3,44,0,0,7,1,8,18,10,20,4,52,18,10,28,80
08/26/2021,AGS,GA,ASO,ES,Combined TRACON& Tower with Radar,22,5,22,2,51,0,0,13,8,21,22,5,35,10,72,42,0,42,114
08/27/2021,AGS,GA,ASO,ES,Combined TRACON& Tower with Radar,21,7,13,0,41,0,0,12,1,13,21,7,25,1,54,16,0,16,70
08/28/2021,AGS,GA,ASO,ES,Combined TRACON& Tower with Radar,19,11,9,0,39,0,3,4,2,9,19,14,13,2,48,20,0,20,68
08/29/2021,AGS,GA,ASO,ES,Combined TRACON& Tower with Radar,18,14,8,4,44,0,2,15,3,20,18,16,23,7,64,12,0,12,76
08/30/2021,AGS,GA,ASO,ES,Combined TRACON& Tower with Radar,21,8,22,6,57,0,11,16,13,40,21,19,38,19,97,42,18,60,157
08/31/2021,AGS,GA,ASO,ES,Combined TRACON& Tower with Radar,19,8,10,4,41,0,0,13,1,14,19,8,23,5,55,2,2,4,59
09/01/2021,AGS,GA,ASO,ES,Combined TRACON& Tower with Radar,18,8,12,1,39,0,0,12,7,19,18,8,24,8,58,0,0,0,58
09/02/2021,AGS,GA,ASO,ES,Combined TRACON& Tower with Radar,21,11,14,8,54,0,3,23,7,33,21,14,37,15,87,58,0,58,145
09/03/2021,AGS,GA,ASO,ES,Combined TRACON& Tower with Radar,18,11,15,2,46,0,0,17,3,20,18,11,32,5,66,24,0,24,90
09/04/2021,AGS,GA,ASO,ES,Combined TRACON& Tower with Radar,20,7,9,0,36,0,4,15,9,28,20,11,24,9,64,14,0,14,78
09/05/2021,AGS,GA,ASO,ES,Combined TRACON& Tower with Radar,22,8,10,1,41,0,0,5,1,6,22,8,15,2,47,0,0,0,47
09/06/2021,AGS,GA,ASO,ES,Combined TRACON& Tower with Radar,20,5,6,0,31,0,0,4,4,8,20,5,10,4,39,0,0,0,39
09/07/2021,AGS,GA,ASO,ES,Combined TRACON& Tower with Radar,18,13,21,11,63,0,4,13,8,25,18,17,34,19,88,0,10,10,98
09/08/2021,AGS,GA,ASO,ES,Combined TRACON& Tower with Radar,20,10,12,0,42,0,0,1,3,4,20,10,13,3,46,6,2,8,54
09/09/2021,AGS,GA,ASO,ES,Combined TRACON& Tower with Radar,20,8,11,4,43,0,4,7,9,20,20,12,18,13,63,18,4,22,85
09/10/2021,AGS,GA,ASO,ES,Combined TRACON& Tower with Radar,21,8,10,9,48,0,0,15,2,17,21,8,25,11,65,14,2,16,81
09/11/2021,AGS,GA,ASO,ES,Combined TRACON& Tower with Radar,19,5,9,1,34,0,2,11,0,13,19,7,20,1,47,24,0,24,71
09/12/2021,AGS,GA,ASO,ES,Combined TRACON& Tower with Radar,21,8,13,1,43,0,0,15,1,16,21,8,28,2,59,0,0,0,59
09/13/2021,AGS,GA,ASO,ES,Combined TRACON& Tower with Radar,18,11,13,23,65,0,7,11,4,22,18,18,24,27,87,16,16,32,119
09/14/2021,AGS,GA,ASO,ES,Combined TRACON& Tower with Radar,19,9,25,6,59,0,2,13,7,22,19,11,38,13,81,38,6,44,125
09/15/2021,AGS,GA,ASO,ES,Combined TRACON& Tower with Radar,19,10,27,6,62,0,0,0,1,1,19,10,27,7,63,0,16,16,79
09/16/2021,AGS,GA,ASO,ES,Combined TRACON& Tower with Radar,19,16,33,0,68,0,0,0,0,0,19,16,33,0,68,36,16,52,120
09/17/2021,AGS,GA,ASO,ES,Combined TRACON& Tower with Radar,20,13,13,16,62,0,2,17,9,28,20,15,30,25,90,0,0,0,90
09/18/2021,AGS,GA,ASO,ES,Combined TRACON& Tower with Radar,18,6,7,0,31,0,0,3,4,7,18,6,10,4,38,12,0,12,50
09/19/2021,AGS,GA,ASO,ES,Combined TRACON& Tower with Radar,17,15,3,7,42,0,1,5,1,7,17,16,8,8,49,14,0,14,63
09/20/2021,AGS,GA,ASO,ES,Combined TRACON& Tower with Radar,20,10,16,1,47,0,0,0,0,0,20,10,16,1,47,0,0,0,47
09/21/2021,AGS,GA,ASO,ES,Combined TRACON& Tower with Radar,18,16,12,7,53,0,0,9,0,9,18,16,21,7,62,0,26,26,88
09/22/2021,AGS,GA,ASO,ES,Combined TRACON& Tower with Radar,19,15,25,2,61,0,0,2,0,2,19,15,27,2,63,16,0,16,79
09/23/2021,AGS,GA,ASO,ES,Combined TRACON& Tower with Radar,20,16,20,22,78,0,7,20,16,43,20,23,40,38,121,40,20,60,181
09/24/2021,AGS,GA,ASO,ES,Combined TRACON& Tower with Radar,20,15,21,10,66,0,12,16,3,31,20,27,37,13,97,26,6,32,129
09/25/2021,AGS,GA,ASO,ES,Combined TRACON& Tower with Radar,18,9,12,4,43,0,14,19,0,33,18,23,31,4,76,31,0,31,107
09/26/2021,AGS,GA,ASO,ES,Combined TRACON& Tower with Radar,19,8,13,0,40,0,1,8,0,9,19,9,21,0,49,4,0,4,53
09/27/2021,AGS,GA,ASO,ES,Combined TRACON& Tower with Radar,18,7,17,16,58,0,2,9,1,12,18,9,26,17,70,20,0,20,90
09/28/2021,AGS,GA,ASO,ES,Combined TRACON& Tower with Radar,19,6,21,38,84,0,0,22,6,28,19,6,43,44,112,137,8,145,257
09/29/2021,AGS,GA,ASO,ES,Combined TRACON& Tower with Radar,19,13,23,22,77,0,3,11,6,20,19,16,34,28,97,24,34,58,155
09/30/2021,AGS,GA,ASO,ES,Combined TRACON& Tower with Radar,18,9,13,30,70,0,6,16,7,29,18,15,29,37,99,70,12,82,181
10/01/2021,AGS,GA,ASO,ES,Combined TRACON& Tower with Radar,20,11,34,3,68,0,3,12,3,18,20,14,46,6,86,66,0,66,152
10/02/2021,AGS,GA,ASO,ES,Combined TRACON& Tower with Radar,19,8,11,0,38,0,0,13,3,16,19,8,24,3,54,24,0,24,78
10/03/2021,AGS,GA,ASO,ES,Combined TRACON& Tower with Radar,19,7,14,0,40,0,0,3,0,3,19,7,17,0,43,40,0,40,83
10/04/2021,AGS,GA,ASO,ES,Combined TRACON& Tower with Radar,18,6,23,3,50,0,0,5,3,8,18,6,28,6,58,30,8,38,96
10/05/2021,AGS,GA,ASO,ES,Combined TRACON& Tower with Radar,18,7,12,2,39,0,0,3,0,3,18,7,15,2,42,0,0,0,42
10/06/2021,AGS,GA,ASO,ES,Combined TRACON& Tower with Radar,19,10,23,12,64,0,0,0,0,0,19,10,23,12,64,4,0,4,68
10/07/2021,AGS,GA,ASO,ES,Combined TRACON& Tower with Radar,17,19,11,8,55,0,0,1,0,1,17,19,12,8,56,0,0,0,56
10/08/2021,AGS,GA,ASO,ES,Combined TRACON& Tower with Radar,16,13,17,0,46,0,0,0,0,0,16,13,17,0,46,28,0,28,74
10/09/2021,AGS,GA,ASO,ES,Combined TRACON& Tower with Radar,17,8,13,0,38,0,1,3,4,8,17,9,16,4,46,0,0,0,46
10/10/2021,AGS,GA,ASO,ES,Combined TRACON& Tower with Radar,16,18,11,0,45,0,10,14,4,28,16,28,25,4,73,52,0,52,125
10/11/2021,AGS,GA,ASO,ES,Combined TRACON& Tower with Radar,20,7,20,0,47,0,5,13,2,20,20,12,33,2,67,68,0,68,135
10/12/2021,AGS,GA,ASO,ES,Combined TRACON& Tower with Radar,20,9,20,3,52,0,0,5,0,5,20,9,25,3,57,18,0,18,75
10/13/2021,AGS,GA,ASO,ES,Combined TRACON& Tower with Radar,19,8,23,18,68,0,0,26,9,35,19,8,49,27,103,38,36,74,177
10/14/2021,AGS,GA,ASO,ES,Combined TRACON& Tower with Radar,19,10,15,0,44,0,1,4,2,7,19,11,19,2,51,10,0,10,61
10/15/2021,AGS,GA,ASO,ES,Combined TRACON& Tower with Radar,19,19,20,9,67,0,1,19,2,22,19,20,39,11,89,35,9,44,133
10/16/2021,AGS,GA,ASO,ES,Combined TRACON& Tower with Radar,14,14,18,1,47,0,2,15,3,20,14,16,33,4,67,20,0,20,87
10/17/2021,AGS,GA,ASO,ES,Combined TRACON& Tower with Radar,19,22,26,0,67,0,3,18,4,25,19,25,44,4,92,0,0,0,92
10/18/2021,AGS,GA,ASO,ES,Combined TRACON& Tower with Radar,22,26,35,22,105,0,2,10,10,22,22,28,45,32,127,20,10,30,157
10/19/2021,AGS,GA,ASO,ES,Combined TRACON& Tower with Radar,20,20,26,27,93,0,2,10,5,17,20,22,36,32,110,50,34,84,194
10/20/2021,AGS,GA,ASO,ES,Combined TRACON& Tower with Radar,20,16,26,15,77,0,0,13,10,23,20,16,39,25,100,12,18,30,130
10/21/2021,AGS,GA,ASO,ES,Combined TRACON& Tower with Radar,20,30,34,10,94,0,0,11,10,21,20,30,45,20,115,8,30,38,153
10/22/2021,AGS,GA,ASO,ES,Combined TRACON& Tower with Radar,21,38,38,10,107,0,5,19,9,33,21,43,57,19,140,14,28,42,182
10/23/2021,AGS,GA,ASO,ES,Combined TRACON& Tower with Radar,15,23,20,0,58,0,12,15,2,29,15,35,35,2,87,56,0,56,143
10/24/2021,AGS,GA,ASO,ES,Combined TRACON& Tower with Radar,19,24,15,0,58,0,6,4,2,12,19,30,19,2,70,0,0,0,70
10/25/2021,AGS,GA,ASO,ES,Combined TRACON& Tower with Radar,19,31,23,0,73,0,1,6,0,7,19,32,29,0,80,0,0,0,80
10/26/2021,AGS,GA,ASO,ES,Combined TRACON& Tower with Radar,20,16,31,0,67,0,0,21,2,23,20,16,52,2,90,38,0,38,128
10/27/2021,AGS,GA,ASO,ES,Combined TRACON& Tower with Radar,19,15,24,17,75,0,0,12,12,24,19,15,36,29,99,34,8,42,141
10/28/2021,AGS,GA,ASO,ES,Combined TRACON& Tower with Radar,19,13,16,0,48,0,0,1,0,1,19,13,17,0,49,0,0,0,49
10/29/2021,AGS,GA,ASO,ES,Combined TRACON& Tower with Radar,20,14,20,3,57,0,1,0,0,1,20,15,20,3,58,0,0,0,58
10/30/2021,AGS,GA,ASO,ES,Combined TRACON& Tower with Radar,14,15,10,1,40,0,0,7,2,9,14,15,17,3,49,10,0,10,59
10/31/2021,AGS,GA,ASO,ES,Combined TRACON& Tower with Radar,17,16,8,0,41,0,1,11,3,15,17,17,19,3,56,2,0,2,58
11/01/2021,AGS,GA,ASO,ES,Combined TRACON& Tower with Radar,18,25,26,39,108,0,3,20,4,27,18,28,46,43,135,12,36,48,183
11/02/2021,AGS,GA,ASO,ES,Combined TRACON& Tower with Radar,22,19,31,35,107,0,0,21,1,22,22,19,52,36,129,8,18,26,155
11/03/2021,AGS,GA,ASO,ES,Combined TRACON& Tower with Radar,20,28,21,24,93,0,0,12,6,18,20,28,33,30,111,22,44,66,177
11/04/2021,AGS,GA,ASO,ES,Combined TRACON& Tower with Radar,18,36,32,2,88,0,0,4,6,10,18,36,36,8,98,34,0,34,132
11/05/2021,AGS,GA,ASO,ES,Combined TRACON& Tower with Radar,18,29,36,18,101,0,6,4,10,20,18,35,40,28,121,0,12,12,133
11/06/2021,AGS,GA,ASO,ES,Combined TRACON& Tower with Radar,16,9,16,7,48,0,2,3,4,9,16,11,19,11,57,36,8,44,101
11/07/2021,AGS,GA,ASO,ES,Combined TRACON& Tower with Radar,13,22,22,5,62,0,1,8,0,9,13,23,30,5,71,32,2,34,105
11/08/2021,AGS,GA,ASO,ES,Combined TRACON& Tower with Radar,18,20,23,16,77,0,2,15,4,21,18,22,38,20,98,12,16,28,126
11/09/2021,AGS,GA,ASO,ES,Combined TRACON& Tower with Radar,21,19,15,9,64,0,2,19,12,33,21,21,34,21,97,32,28,60,157
11/10/2021,AGS,GA,ASO,ES,Combined TRACON& Tower with Radar,18,25,45,2,90,0,2,15,5,22,18,27,60,7,112,10,0,10,122
11/11/2021,AGS,GA,ASO,ES,Combined TRACON& Tower with Radar,19,37,52,0,108,0,0,4,3,7,19,37,56,3,115,0,0,0,115
11/12/2021,AGS,GA,ASO,ES,Combined TRACON& Tower with Radar,17,51,50,0,118,0,6,10,2,18,17,57,60,2,136,32,0,32,168
11/13/2021,AGS,GA,ASO,ES,Combined TRACON& Tower with Radar,14,31,30,0,75,0,0,11,3,14,14,31,41,3,89,62,0,62,151
11/14/2021,AGS,GA,ASO,ES,Combined TRACON& Tower with Radar,17,31,22,0,70,0,4,4,5,13,17,35,26,5,83,18,0,18,101
11/15/2021,AGS,GA,ASO,ES,Combined TRACON& Tower with Radar,18,23,13,1,55,0,0,10,1,11,18,23,23,2,66,20,0,20,86
11/16/2021,AGS,GA,ASO,ES,Combined TRACON& Tower with Radar,19,25,22,14,80,0,1,13,8,22,19,26,35,22,102,0,22,22,124
11/17/2021,AGS,GA,ASO,ES,Combined TRACON& Tower with Radar,19,26,29,6,80,0,3,23,7,33,19,29,52,13,113,0,0,0,113
11/18/2021,AGS,GA,ASO,ES,Combined TRACON& Tower with Radar,16,20,25,14,75,0,3,13,5,21,16,23,38,19,96,0,4,4,100
11/19/2021,AGS,GA,ASO,ES,Combined TRACON& Tower with Radar,17,25,48,2,92,0,2,22,9,33,17,27,70,11,125,93,0,93,218
11/20/2021,AGS,GA,ASO,ES,Combined TRACON& Tower with Radar,11,14,14,2,41,0,0,12,0,12,11,14,26,2,53,24,0,24,77
11/21/2021,AGS,GA,ASO,ES,Combined TRACON& Tower with Radar,9,26,13,0,48,0,0,3,6,9,9,26,16,6,57,24,0,24,81
11/22/2021,AGS,GA,ASO,ES,Combined TRACON& Tower with Radar,14,21,20,18,73,0,2,2,10,14,14,23,22,28,87,0,18,18,105
11/23/2021,AGS,GA,ASO,ES,Combined TRACON& Tower with Radar,16,18,17,2,53,0,0,15,2,17,16,18,32,4,70,0,0,0,70
11/24/2021,AGS,GA,ASO,ES,Combined TRACON& Tower with Radar,19,23,29,2,73,0,2,11,6,19,19,25,40,8,92,12,0,12,104
11/25/2021,AGS,GA,ASO,ES,Combined TRACON& Tower with Radar,8,9,6,0,23,0,1,1,5,7,8,10,7,5,30,10,0,10,40
11/26/2021,AGS,GA,ASO,ES,Combined TRACON& Tower with Radar,11,26,4,0,41,0,0,11,0,11,11,26,15,0,52,0,0,0,52
11/27/2021,AGS,GA,ASO,ES,Combined TRACON& Tower with Radar,15,30,14,0,59,0,0,14,5,19,15,30,28,5,78,0,0,0,78
11/28/2021,AGS,GA,ASO,ES,Combined TRACON& Tower with Radar,14,20,14,0,48,0,0,10,0,10,14,20,24,0,58,12,0,12,70
11/29/2021,AGS,GA,ASO,ES,Combined TRACON& Tower with Radar,15,26,27,37,105,0,0,19,4,23,15,26,46,41,128,16,10,26,154
11/30/2021,AGS,GA,ASO,ES,Combined TRACON& Tower with Radar,14,25,27,11,77,0,11,12,11,34,14,36,39,22,111,50,0,50,161
12/01/2021,AGS,GA,ASO,ES,Combined TRACON& Tower with Radar,16,10,30,24,80,0,0,15,26,41,16,10,45,50,121,30,30,60,181
12/02/2021,AGS,GA,ASO,ES,Combined TRACON& Tower with Radar,16,15,26,9,66,0,1,16,19,36,16,16,42,28,102,2,0,2,104
12/03/2021,AGS,GA,ASO,ES,Combined TRACON& Tower with Radar,17,17,34,15,83,0,0,19,4,23,17,17,53,19,106,14,0,14,120
12/04/2021,AGS,GA,ASO,ES,Combined TRACON& Tower with Radar,14,14,17,0,45,0,0,15,8,23,14,14,32,8,68,46,0,46,114
12/05/2021,AGS,GA,ASO,ES,Combined TRACON& Tower with Radar,16,15,15,0,46,0,0,7,0,7,16,15,22,0,53,0,0,0,53
12/06/2021,AGS,GA,ASO,ES,Combined TRACON& Tower with Radar,18,14,18,19,69,0,2,4,13,19,18,16,22,32,88,0,44,44,132
12/07/2021,AGS,GA,ASO,ES,Combined TRACON& Tower with Radar,16,24,20,4,64,0,1,8,6,15,16,25,28,10,79,66,34,100,179
12/08/2021,AGS,GA,ASO,ES,Combined TRACON& Tower with Radar,19,15,7,2,43,0,0,0,0,0,19,15,7,2,43,0,0,0,43
12/09/2021,AGS,GA,ASO,ES,Combined TRACON& Tower with Radar,19,16,21,3,59,0,0,6,0,6,19,16,27,3,65,16,0,16,81
12/10/2021,AGS,GA,ASO,ES,Combined TRACON& Tower with Radar,16,18,29,1,64,0,0,0,0,0,16,18,29,1,64,0,0,0,64
12/11/2021,AGS,GA,ASO,ES,Combined TRACON& Tower with Radar,15,14,8,0,37,0,0,1,0,1,15,14,9,0,38,0,0,0,38
12/12/2021,AGS,GA,ASO,ES,Combined TRACON& Tower with Radar,17,14,13,7,51,0,0,10,0,10,17,14,23,7,61,24,0,24,85
12/13/2021,AGS,GA,ASO,ES,Combined TRACON& Tower with Radar,18,12,19,13,62,0,4,14,3,21,18,16,33,16,83,54,0,54,137
12/14/2021,AGS,GA,ASO,ES,Combined TRACON& Tower with Radar,18,9,35,23,85,0,1,14,4,19,18,10,49,27,104,22,26,48,152
12/15/2021,AGS,GA,ASO,ES,Combined TRACON& Tower with Radar,17,19,23,3,62,0,0,17,0,17,17,19,40,3,79,24,0,24,103
12/16/2021,AGS,GA,ASO,ES,Combined TRACON& Tower with Radar,12,21,25,1,59,0,0,1,0,1,12,21,26,1,60,0,0,0,60
12/17/2021,AGS,GA,ASO,ES,Combined TRACON& Tower with Radar,11,20,23,2,56,0,0,1,0,1,11,20,24,2,57,0,0,0,57
12/18/2021,AGS,GA,ASO,ES,Combined TRACON& Tower with Radar,14,19,16,0,49,0,1,8,0,9,14,20,24,0,58,0,0,0,58
12/19/2021,AGS,GA,ASO,ES,Combined TRACON& Tower with Radar,10,17,10,2,39,0,0,3,0,3,10,17,13,2,42,0,0,0,42
12/20/2021,AGS,GA,ASO,ES,Combined TRACON& Tower with Radar,10,20,18,1,49,0,5,22,9,36,10,25,40,10,85,26,0,26,111
12/21/2021,AGS,GA,ASO,ES,Combined TRACON& Tower with Radar,12,21,17,0,50,0,0,2,0,2,12,21,19,0,52,10,0,10,62
12/22/2021,AGS,GA,ASO,ES,Combined TRACON& Tower with Radar,10,10,22,2,44,0,0,21,3,24,10,10,43,5,68,66,4,70,138
12/23/2021,AGS,GA,ASO,ES,Combined TRACON& Tower with Radar,11,13,7,0,31,0,0,19,2,21,11,13,26,2,52,80,0,80,132
12/24/2021,AGS,GA,ASO,ES,Combined TRACON& Tower with Radar,8,7,6,0,21,0,0,4,2,6,8,7,10,2,27,0,0,0,27
12/25/2021,AGS,GA,ASO,ES,Combined TRACON& Tower with Radar,11,11,0,0,22,0,0,6,2,8,11,11,6,2,30,0,0,0,30
12/26/2021,AGS,GA,ASO,ES,Combined TRACON& Tower with Radar,11,10,13,0,34,0,0,1,3,4,11,10,14,3,38,0,0,0,38
12/27/2021,AGS,GA,ASO,ES,Combined TRACON& Tower with Radar,10,12,11,0,33,0,0,2,2,4,10,12,13,2,37,0,0,0,37
12/28/2021,AGS,GA,ASO,ES,Combined TRACON& Tower with Radar,10,13,14,0,37,0,0,5,0,5,10,13,19,0,42,22,0,22,64
12/29/2021,AGS,GA,ASO,ES,Combined TRACON& Tower with Radar,10,11,14,2,37,0,0,3,1,4,10,11,17,3,41,8,0,8,49
12/30/2021,AGS,GA,ASO,ES,Combined TRACON& Tower with Radar,12,17,8,0,37,0,0,0,0,0,12,17,8,0,37,0,0,0,37
12/31/2021,AGS,GA,ASO,ES,Combined TRACON& Tower with Radar,8,10,14,0,32,0,0,0,2,2,8,10,14,2,34,0,0,0,34
01/01/2022,AGS,GA,ASO,ES,Combined TRACON& Tower with Radar,10,12,8,0,30,0,0,3,4,7,10,12,11,4,37,8,0,8,45
01/02/2022,AGS,GA,ASO,ES,Combined TRACON& Tower with Radar,9,15,4,0,28,0,0,0,0,0,9,15,4,0,28,0,0,0,28
01/03/2022,AGS,GA,ASO,ES,Combined TRACON& Tower with Radar,8,19,19,0,46,0,0,5,2,7,8,19,24,2,53,0,0,0,53
01/04/2022,AGS,GA,ASO,ES,Combined TRACON& Tower with Radar,16,6,10,10,42,0,0,9,4,13,16,6,19,14,55,12,8,20,75
01/05/2022,AGS,GA,ASO,ES,Combined TRACON& Tower with Radar,15,23,18,17,73,0,0,4,0,4,15,23,22,17,77,2,29,31,108
01/06/2022,AGS,GA,ASO,ES,Combined TRACON& Tower with Radar,18,12,28,19,77,0,0,7,3,10,18,12,35,22,87,12,16,28,115
01/07/2022,AGS,GA,ASO,ES,Combined TRACON& Tower with Radar,16,18,23,14,71,0,0,11,5,16,16,18,34,19,87,2,6,8,95
01/08/2022,AGS,GA,ASO,ES,Combined TRACON& Tower with Radar,14,13,3,4,34,0,0,13,4,17,14,13,16,8,51,0,0,0,51
01/09/2022,AGS,GA,ASO,ES,Combined TRACON& Tower with Radar,15,15,18,4,52,0,0,2,1,3,15,15,20,5,55,0,0,0,55
01/10/2022,AGS,GA,ASO,ES,Combined TRACON& Tower with Radar,17,15,20,20,72,0,0,10,16,26,17,15,30,36,98,6,34,40,138
01/11/2022,AGS,GA,ASO,ES,Combined TRACON& Tower with Radar,18,17,23,8,66,0,4,16,0,20,18,21,39,8,86,28,0,28,114
01/12/2022,AGS,GA,ASO,ES,Combined TRACON& Tower with Radar,18,13,15,5,51,0,4,17,17,38,18,17,32,22,89,16,22,38,127
01/13/2022,AGS,GA,ASO,ES,Combined TRACON& Tower with Radar,18,12,25,21,76,0,0,18,6,24,18,12,43,27,100,38,28,66,166
01/14/2022,AGS,GA,ASO,ES,Combined TRACON& Tower with Radar,18,10,22,0,50,0,4,13,3,20,18,14,35,3,70,40,0,40,110
01/15/2022,AGS,GA,ASO,ES,Combined TRACON& Tower with Radar,16,8,15,0,39,0,0,13,2,15,16,8,28,2,54,24,0,24,78
01/16/2022,AGS,GA,ASO,ES,Combined TRACON& Tower with Radar,8,3,6,0,17,0,0,1,0,1,8,3,7,0,18,0,0,0,18
01/17/2022,AGS,GA,ASO,ES,Combined TRACON& Tower with Radar,16,8,9,0,33,0,1,3,0,4,16,9,12,0,37,0,0,0,37
01/18/2022,AGS,GA,ASO,ES,Combined TRACON& Tower with Radar,18,10,27,8,63,0,2,10,7,19,18,12,37,15,82,10,0,10,92
01/19/2022,AGS,GA,ASO,ES,Combined TRACON& Tower with Radar,18,10,40,48,116,0,8,26,4,38,18,18,66,52,154,46,28,74,228
01/20/2022,AGS,GA,ASO,ES,Combined TRACON& Tower with Radar,18,13,20,5,56,0,0,0,1,1,18,13,20,6,57,0,0,0,57
01/21/2022,AGS,GA,ASO,ES,Combined TRACON& Tower with Radar,17,13,12,7,49,0,0,0,0,0,17,13,12,7,49,0,0,0,49
01/22/2022,AGS,GA,ASO,ES,Combined TRACON& Tower with Radar,14,5,10,0,29,0,1,11,4,16,14,6,21,4,45,0,0,0,45
01/23/2022,AGS,GA,ASO,ES,Combined TRACON& Tower with Radar,18,8,12,0,38,0,0,12,2,14,18,8,24,2,52,2,0,2,54
01/24/2022,AGS,GA,ASO,ES,Combined TRACON& Tower with Radar,18,10,10,16,54,0,0,18,3,21,18,10,28,19,75,46,28,74,149
01/25/2022,AGS,GA,ASO,ES,Combined TRACON& Tower with Radar,18,13,21,21,73,0,1,8,9,18,18,14,29,30,91,18,18,36,127
01/26/2022,AGS,GA,ASO,ES,Combined TRACON& Tower with Radar,17,18,19,20,74,0,0,17,15,32,17,18,36,35,106,58,40,98,204
01/27/2022,AGS,GA,ASO,ES,Combined TRACON& Tower with Radar,18,13,34,6,71,0,3,12,0,15,18,16,46,6,86,20,0,20,106
01/28/2022,AGS,GA,ASO,ES,Combined TRACON& Tower with Radar,27,14,24,0,65,0,0,23,0,23,27,14,47,0,88,20,0,20,108
01/29/2022,AGS,GA,ASO,ES,Combined TRACON& Tower with Radar,16,7,6,0,29,0,0,8,2,10,16,7,14,2,39,2,0,2,41
01/30/2022,AGS,GA,ASO,ES,Combined TRACON& Tower with Radar,18,8,17,0,43,0,1,18,1,20,18,9,35,1,63,8,0,8,71
01/31/2022,AGS,GA,ASO,ES,Combined TRACON& Tower with Radar,19,7,20,37,83,0,5,20,11,36,19,12,40,48,119,10,62,72,191
02/01/2022,AGS,GA,ASO,ES,Combined TRACON& Tower with Radar,18,6,9,14,47,0,0,19,4,23,18,6,28,18,70,8,12,20,90
02/02/2022,AGS,GA,ASO,ES,Combined TRACON& Tower with Radar,19,14,20,32,85,0,1,9,6,16,19,15,29,38,101,8,18,26,127
02/03/2022,AGS,GA,ASO,ES,Combined TRACON& Tower with Radar,14,19,18,4,55,0,0,3,2,5,14,19,21,6,60,0,0,0,60
02/04/2022,AGS,GA,ASO,ES,Combined TRACON& Tower with Radar,14,16,22,0,52,0,0,0,0,0,14,16,22,0,52,0,0,0,52
02/05/2022,AGS,GA,ASO,ES,Combined TRACON& Tower with Radar,15,8,18,1,42,0,4,19,4,27,15,12,37,5,69,16,6,22,91
02/06/2022,AGS,GA,ASO,ES,Combined TRACON& Tower with Radar,18,10,11,4,43,0,2,7,2,11,18,12,18,6,54,0,8,8,62
02/07/2022,AGS,GA,ASO,ES,Combined TRACON& Tower with Radar,17,16,19,26,78,0,0,0,0,0,17,16,19,26,78,0,0,0,78
02/08/2022,AGS,GA,ASO,ES,Combined TRACON& Tower with Radar,18,10,25,2,55,0,0,6,7,13,18,10,31,9,68,18,0,18,86
02/09/2022,AGS,GA,ASO,ES,Combined TRACON& Tower with Radar,18,13,21,1,53,0,0,14,5,19,18,13,35,6,72,14,0,14,86
02/10/2022,AGS,GA,ASO,ES,Combined TRACON& Tower with Radar,18,18,23,10,69,0,2,8,9,19,18,20,31,19,88,14,16,30,118
02/11/2022,AGS,GA,ASO,ES,Combined TRACON& Tower with Radar,18,17,27,18,80,0,3,12,1,16,18,20,39,19,96,6,0,6,102
02/12/2022,AGS,GA,ASO,ES,Combined TRACON& Tower with Radar,15,9,6,0,30,0,0,15,2,17,15,9,21,2,47,18,0,18,65
02/13/2022,AGS,GA,ASO,ES,Combined TRACON& Tower with Radar,14,15,13,0,42,0,2,14,1,17,14,17,27,1,59,22,0,22,81
02/14/2022,AGS,GA,ASO,ES,Combined TRACON& Tower with Radar,18,14,24,7,63,0,8,18,3,29,18,22,42,10,92,22,6,28,120
02/15/2022,AGS,GA,ASO,ES,Combined TRACON& Tower with Radar,18,12,23,24,77,0,2,23,10,35,18,14,46,34,112,92,0,92,204
02/16/2022,AGS,GA,ASO,ES,Combined TRACON& Tower with Radar,18,25,37,24,104,0,2,9,11,22,18,27,46,35,126,18,4,22,148
02/17/2022,AGS,GA,ASO,ES,Combined TRACON& Tower with Radar,19,27,23,9,78,0,0,5,3,8,19,27,28,12,86,6,6,12,98
02/18/2022,AGS,GA,ASO,ES,Combined TRACON& Tower with Radar,18,15,15,7,55,0,0,4,3,7,18,15,19,10,62,18,4,22,84
02/19/2022,AGS,GA,ASO,ES,Combined TRACON& Tower with Radar,17,20,9,0,46,0,22,17,2,41,17,42,26,2,87,52,0,52,139
02/20/2022,AGS,GA,ASO,ES,Combined TRACON& Tower with Radar,17,15,15,0,47,0,14,9,2,25,17,29,24,2,72,10,0,10,82
02/21/2022,AGS,GA,ASO,ES,Combined TRACON& Tower with Radar,18,17,35,0,70,0,2,5,0,7,18,19,40,0,77,0,0,0,77
02/22/2022,AGS,GA,ASO,ES,Combined TRACON& Tower with Radar,18,18,32,8,76,0,2,6,8,16,18,20,38,16,92,6,0,6,98
02/23/2022,AGS,GA,ASO,ES,Combined TRACON& Tower with Radar,17,21,34,44,116,0,7,3,14,24,17,28,37,58,140,48,56,104,244
02/24/2022,AGS,GA,ASO,ES,Combined TRACON& Tower with Radar,18,27,28,24,97,0,1,11,12,24,18,28,39,36,121,0,36,36,157
02/25/2022,AGS,GA,ASO,ES,Combined TRACON& Tower with Radar,18,29,20,5,72,0,1,7,0,8,18,30,27,5,80,6,0,6,86
02/26/2022,AGS,GA,ASO,ES,Combined TRACON& Tower with Radar,15,15,14,0,44,0,0,17,5,22,15,15,31,5,66,18,0,18,84
02/27/2022,AGS,GA,ASO,ES,Combined TRACON& Tower with Radar,17,28,17,4,66,0,0,0,0,0,17,28,17,4,66,0,0,0,66
02/28/2022,AGS,GA,ASO,ES,Combined TRACON& Tower with Radar,18,16,33,10,77,0,4,18,6,28,18,20,51,16,105,12,24,36,141
03/01/2022,AGS,GA,ASO,ES,Combined TRACON& Tower with Radar,18,22,17,8,65,0,7,12,2,21,18,29,29,10,86,68,0,68,154
03/02/2022,AGS,GA,ASO,ES,Combined TRACON& Tower with Radar,18,17,32,6,73,0,4,24,4,32,18,21,56,10,105,38,0,38,143
03/03/2022,AGS,GA,ASO,ES,Combined TRACON& Tower with Radar,17,16,26,0,59,0,6,19,8,33,17,22,45,8,92,6,0,6,98
03/04/2022,AGS,GA,ASO,ES,Combined TRACON& Tower with Radar,17,20,23,14,74,0,2,19,7,28,17,22,42,21,102,0,0,0,102
03/05/2022,AGS,GA,ASO,ES,Combined TRACON& Tower with Radar,15,24,20,0,59,0,1,3,2,6,15,25,23,2,65,0,0,0,65
03/06/2022,AGS,GA,ASO,ES,Combined TRACON& Tower with Radar,18,11,15,0,44,0,6,10,0,16,18,17,25,0,60,10,0,10,70
03/07/2022,AGS,GA,ASO,ES,Combined TRACON& Tower with Radar,16,14,19,1,50,0,4,1,3,8,16,18,20,4,58,10,0,10,68
03/08/2022,AGS,GA,ASO,ES,Combined TRACON& Tower with Radar,18,19,38,8,83,0,0,7,2,9,18,19,45,10,92,26,4,30,122
03/09/2022,AGS,GA,ASO,ES,Combined TRACON& Tower with Radar,18,22,21,0,61,0,0,0,2,2,18,22,21,2,63,0,0,0,63
03/10/2022,AGS,GA,ASO,ES,Combined TRACON& Tower with Radar,16,25,20,4,65,0,0,0,0,0,16,25,20,4,65,0,0,0,65
03/11/2022,AGS,GA,ASO,ES,Combined TRACON& Tower with Radar,18,23,36,9,86,0,0,0,0,0,18,23,36,9,86,0,0,0,86
03/12/2022,AGS,GA,ASO,ES,Combined TRACON& Tower with Radar,15,10,7,1,33,0,0,3,4,7,15,10,10,5,40,0,0,0,40
03/13/2022,AGS,GA,ASO,ES,Combined TRACON& Tower with Radar,16,13,14,0,43,0,1,20,5,26,16,14,34,5,69,18,0,18,87
03/14/2022,AGS,GA,ASO,ES,Combined TRACON& Tower with Radar,16,15,21,12,64,0,6,23,2,31,16,21,44,14,95,28,0,28,123
03/15/2022,AGS,GA,ASO,ES,Combined TRACON& Tower with Radar,18,19,38,5,80,0,2,14,7,23,18,21,52,12,103,18,0,18,121
03/16/2022,AGS,GA,ASO,ES,Combined TRACON& Tower with Radar,18,27,42,1,88,0,0,2,1,3,18,27,44,2,91,0,0,0,91
03/17/2022,AGS,GA,ASO,ES,Combined TRACON& Tower with Radar,19,37,53,2,111,0,3,12,3,18,19,40,65,5,129,6,0,6,135
03/18/2022,AGS,GA,ASO,ES,Combined TRACON& Tower with Radar,17,28,40,13,98,0,0,4,4,8,17,28,44,17,106,10,14,24,130
03/19/2022,AGS,GA,ASO,ES,Combined TRACON& Tower with Radar,15,33,26,2,76,0,0,4,3,7,15,33,30,5,83,0,0,0,83
03/20/2022,AGS,GA,ASO,ES,Combined TRACON& Tower with Radar,19,22,23,0,64,0,16,17,2,35,19,38,40,2,99,2,0,2,101
03/21/2022,AGS,GA,ASO,ES,Combined TRACON& Tower with Radar,13,27,14,13,67,0,6,10,9,25,13,33,24,22,92,16,4,20,112
03/22/2022,AGS,GA,ASO,ES,Combined TRACON& Tower with Radar,21,17,29,29,96,0,1,7,22,30,21,18,36,51,126,28,40,68,194
03/23/2022,AGS,GA,ASO,ES,Combined TRACON& Tower with Radar,17,15,26,2,60,0,0,1,4,5,17,15,27,6,65,0,6,6,71
03/24/2022,AGS,GA,ASO,ES,Combined TRACON& Tower with Radar,16,24,22,15,77,0,3,16,4,23,16,27,38,19,100,40,12,52,152
03/25/2022,AGS,GA,ASO,ES,Combined TRACON& Tower with Radar,17,25,27,8,77,0,0,6,4,10,17,25,33,12,87,14,0,14,101
03/26/2022,AGS,GA,ASO,ES,Combined TRACON& Tower with Radar,22,34,15,0,71,0,0,10,9,19,22,34,25,9,90,4,0,4,94
03/27/2022,AGS,GA,ASO,ES,Combined TRACON& Tower with Radar,16,27,18,0,61,0,4,8,7,19,16,31,26,7,80,10,0,10,90
03/28/2022,AGS,GA,ASO,ES,Combined TRACON& Tower with Radar,16,17,16,8,57,0,3,11,5,19,16,20,27,13,76,22,8,30,106
03/29/2022,AGS,GA,ASO,ES,Combined TRACON& Tower with Radar,18,29,25,13,85,0,3,26,6,35,18,32,51,19,120,34,0,34,154
03/30/2022,AGS,GA,ASO,ES,Combined TRACON& Tower with Radar,19,23,27,12,81,0,2,5,4,11,19,25,32,16,92,0,10,10,102
03/31/2022,AGS,GA,ASO,ES,Combined TRACON& Tower with Radar,17,23,21,1,62,0,1,1,0,2,17,24,22,1,64,0,0,0,64
04/01/2022,AGS,GA,ASO,ES,Combined TRACON& Tower with Radar,17,18,44,15,94,0,0,10,5,15,17,18,54,20,109,0,4,4,113
04/02/2022,AGS,GA,ASO,ES,Combined TRACON& Tower with Radar,17,34,34,0,85,0,2,13,1,16,17,36,47,1,101,0,0,0,101
04/03/2022,AGS,GA,ASO,ES,Combined TRACON& Tower with Radar,18,91,64,0,173,0,0,11,1,12,18,91,75,1,185,0,0,0,185
04/04/2022,AGS,GA,ASO,ES,Combined TRACON& Tower with Radar,18,124,103,0,245,0,2,5,0,7,18,126,108,0,252,0,0,0,252
04/05/2022,AGS,GA,ASO,ES,Combined TRACON& Tower with Radar,41,101,172,0,314,0,0,1,0,1,41,101,173,0,315,0,0,0,315
04/06/2022,AGS,GA,ASO,ES,Combined TRACON& Tower with Radar,46,195,287,0,528,0,0,2,0,2,46,195,289,0,530,0,0,0,530
04/07/2022,AGS,GA,ASO,ES,Combined TRACON& Tower with Radar,49,228,275,0,552,0,1,5,2,8,49,229,280,2,560,0,0,0,560
04/08/2022,AGS,GA,ASO,ES,Combined TRACON& Tower with Radar,65,273,284,1,623,0,0,11,0,11,65,273,295,1,634,0,0,0,634
04/09/2022,AGS,GA,ASO,ES,Combined TRACON& Tower with Radar,39,216,176,0,431,0,0,5,1,6,39,216,181,1,437,0,0,0,437
04/10/2022,AGS,GA,ASO,ES,Combined TRACON& Tower with Radar,55,210,247,0,512,0,1,1,0,2,55,211,248,0,514,0,0,0,514
04/11/2022,AGS,GA,ASO,ES,Combined TRACON& Tower with Radar,58,133,136,0,327,0,0,7,0,7,58,133,143,0,334,0,0,0,334
04/12/2022,AGS,GA,ASO,ES,Combined TRACON& Tower with Radar,19,16,14,12,61,0,1,12,4,17,19,17,26,16,78,16,0,16,94
04/13/2022,AGS,GA,ASO,ES,Combined TRACON& Tower with Radar,20,15,19,8,62,0,12,9,8,29,20,27,28,16,91,25,6,31,122
04/14/2022,AGS,GA,ASO,ES,Combined TRACON& Tower with Radar,22,6,25,13,66,0,2,4,2,8,22,8,29,15,74,42,18,60,134
04/15/2022,AGS,GA,ASO,ES,Combined TRACON& Tower with Radar,20,5,7,0,32,0,2,14,0,16,20,7,21,0,48,44,0,44,92
04/16/2022,AGS,GA,ASO,ES,Combined TRACON& Tower with Radar,18,4,1,0,23,0,0,2,1,3,18,4,3,1,26,0,0,0,26
04/17/2022,AGS,GA,ASO,ES,Combined TRACON& Tower with Radar,21,9,4,0,34,0,0,1,0,1,21,9,5,0,35,8,0,8,43
04/18/2022,AGS,GA,ASO,ES,Combined TRACON& Tower with Radar,20,8,24,3,55,0,0,4,0,4,20,8,28,3,59,23,0,23,82
04/19/2022,AGS,GA,ASO,ES,Combined TRACON& Tower with Radar,20,14,29,6,69,0,4,15,1,20,20,18,44,7,89,51,7,58,147
04/20/2022,AGS,GA,ASO,ES,Combined TRACON& Tower with Radar,24,21,42,9,96,0,5,9,6,20,24,26,51,15,116,32,0,32,148
04/21/2022,AGS,GA,ASO,ES,Combined TRACON& Tower with Radar,21,14,47,34,116,0,2,14,6,22,21,16,61,40,138,48,27,75,213
04/22/2022,AGS,GA,ASO,ES,Combined TRACON& Tower with Radar,22,11,28,1,62,0,2,18,8,28,22,13,46,9,90,28,0,28,118
04/23/2022,AGS,GA,ASO,ES,Combined TRACON& Tower with Radar,22,14,9,0,45,0,4,14,2,20,22,18,23,2,65,32,0,32,97
04/24/2022,AGS,GA,ASO,ES,Combined TRACON& Tower with Radar,22,13,17,5,57,0,2,9,8,19,22,15,26,13,76,20,18,38,114
04/25/2022,AGS,GA,ASO,ES,Combined TRACON& Tower with Radar,22,10,25,3,60,0,0,12,1,13,22,10,37,4,73,22,0,22,95
04/26/2022,AGS,GA,ASO,ES,Combined TRACON& Tower with Radar,20,15,21,9,65,0,0,10,2,12,20,15,31,11,77,20,8,28,105
04/27/2022,AGS,GA,ASO,ES,Combined TRACON& Tower with Radar,25,18,22,12,77,0,1,20,7,28,25,19,42,19,105,32,0,32,137
04/28/2022,AGS,GA,ASO,ES,Combined TRACON& Tower with Radar,20,20,35,19,94,0,2,16,3,21,20,22,51,22,115,24,16,40,155
04/29/2022,AGS,GA,ASO,ES,Combined TRACON& Tower with Radar,22,24,23,0,69,0,0,17,3,20,22,24,40,3,89,30,0,30,119
04/30/2022,AGS,GA,ASO,ES,Combined TRACON& Tower with Radar,19,11,17,0,47,0,3,10,3,16,19,14,27,3,63,10,0,10,73
05/01/2022,AGS,GA,ASO,ES,Combined TRACON& Tower with Radar,22,2,23,2,49,0,0,12,2,14,22,2,35,4,63,2,0,2,65
05/02/2022,AGS,GA,ASO,ES,Combined TRACON& Tower with Radar,22,11,29,20,82,0,1,19,4,24,22,12,48,24,106,16,12,28,134
05/03/2022,AGS,GA,ASO,ES,Combined TRACON& Tower with Radar,22,14,29,12,77,0,0,4,3,7,22,14,33,15,84,6,0,6,90
05/04/2022,AGS,GA,ASO,ES,Combined TRACON& Tower with Radar,22,19,31,4,76,0,0,9,3,12,22,19,40,7,88,24,2,26,114
05/05/2022,AGS,GA,ASO,ES,Combined TRACON& Tower with Radar,16,18,43,35,112,0,0,14,3,17,16,18,57,38,129,20,0,20,149
05/06/2022,AGS,GA,ASO,ES,Combined TRACON& Tower with Radar,15,15,19,26,75,0,0,5,0,5,15,15,24,26,80,0,0,0,80
05/07/2022,AGS,GA,ASO,ES,Combined TRACON& Tower with Radar,18,16,17,0,51,0,2,4,0,6,18,18,21,0,57,0,0,0,57
05/08/2022,AGS,GA,ASO,ES,Combined TRACON& Tower with Radar,18,10,12,0,40,0,1,1,3,5,18,11,13,3,45,16,0,16,61
05/09/2022,AGS,GA,ASO,ES,Combined TRACON& Tower with Radar,17,19,36,9,81,0,2,10,11,23,17,21,46,20,104,4,16,20,124
05/10/2022,AGS,GA,ASO,ES,Combined TRACON& Tower with Radar,22,30,35,3,90,0,4,13,3,20,22,34,48,6,110,56,10,66,176
05/11/2022,AGS,GA,ASO,ES,Combined TRACON& Tower with Radar,17,21,42,6,86,0,1,9,5,15,17,22,51,11,101,14,18,32,133
05/12/2022,AGS,GA,ASO,ES,Combined TRACON& Tower with Radar,18,33,53,4,108,0,2,14,7,23,18,35,67,11,131,10,34,44,175
05/13/2022,AGS,GA,ASO,ES,Combined TRACON& Tower with Radar,17,21,29,0,67,0,0,3,0,3,17,21,32,0,70,0,12,12,82
05/14/2022,AGS,GA,ASO,ES,Combined TRACON& Tower with Radar,18,16,19,3,56,0,0,8,2,10,18,16,27,5,66,18,10,28,94
05/15/2022,AGS,GA,ASO,ES,Combined TRACON& Tower with Radar,20,20,23,4,67,0,0,6,4,10,20,20,29,8,77,32,0,32,109
05/16/2022,AGS,GA,ASO,ES,Combined TRACON& Tower with Radar,18,18,18,11,65,0,2,2,1,5,18,20,20,12,70,0,0,0,70
05/17/2022,AGS,GA,ASO,ES,Combined TRACON& Tower with Radar,18,11,41,8,78,0,3,24,4,31,18,14,65,12,109,44,0,44,153
05/18/2022,AGS,GA,ASO,ES,Combined TRACON& Tower with Radar,19,19,34,29,101,0,4,19,10,33,19,23,53,39,134,38,28,66,200
05/19/2022,AGS,GA,ASO,ES,Combined TRACON& Tower with Radar,16,26,36,16,94,0,6,12,1,19,16,32,48,17,113,0,10,10,123
05/20/2022,AGS,GA,ASO,ES,Combined TRACON& Tower with Radar,18,26,31,27,102,0,1,15,1,17,18,27,46,28,119,0,6,6,125
05/21/2022,AGS,GA,ASO,ES,Combined TRACON& Tower with Radar,19,19,15,1,54,0,0,9,0,9,19,19,24,1,63,12,0,12,75
05/22/2022,AGS,GA,ASO,ES,Combined TRACON& Tower with Radar,17,33,11,3,64,0,2,9,0,11,17,35,20,3,75,2,0,2,77
05/23/2022,AGS,GA,ASO,ES,Combined TRACON& Tower with Radar,20,12,15,15,62,0,0,3,1,4,20,12,18,16,66,0,6,6,72
05/24/2022,AGS,GA,ASO,ES,Combined TRACON& Tower with Radar,18,7,26,6,57,0,0,15,0,15,18,7,41,6,72,6,0,6,78
05/25/2022,AGS,GA,ASO,ES,Combined TRACON& Tower with Radar,21,19,19,28,87,0,2,9,31,42,21,21,28,59,129,18,56,74,203
05/26/2022,AGS,GA,ASO,ES,Combined TRACON& Tower with Radar,18,10,21,2,51,0,0,5,9,14,18,10,26,11,65,0,6,6,71
05/27/2022,AGS,GA,ASO,ES,Combined TRACON& Tower with Radar,18,12,7,0,37,0,4,25,11,40,18,16,32,11,77,26,0,26,103
05/28/2022,AGS,GA,ASO,ES,Combined TRACON& Tower with Radar,16,2,19,0,37,0,0,42,20,62,16,2,61,20,99,36,0,36,135
05/29/2022,AGS,GA,ASO,ES,Combined TRACON& Tower with Radar,16,6,5,0,27,0,4,16,0,20,16,10,21,0,47,28,0,28,75
05/30/2022,AGS,GA,ASO,ES,Combined TRACON& Tower with Radar,21,5,12,0,38,0,0,10,0,10,21,5,22,0,48,14,2,16,64
05/31/2022,AGS,GA,ASO,ES,Combined TRACON& Tower with Radar,18,5,17,7,47,0,5,9,0,14,18,10,26,7,61,116,0,116,177
06/01/2022,AGS,GA,ASO,ES,Combined TRACON& Tower with Radar,18,13,17,5,53,0,1,19,3,23,18,14,36,8,76,76,6,82,158
06/02/2022,AGS,GA,ASO,ES,Combined TRACON& Tower with Radar,18,6,14,19,57,0,2,14,7,23,18,8,28,26,80,16,18,34,114
06/03/2022,AGS,GA,ASO,ES,Combined TRACON& Tower with Radar,18,5,13,19,55,0,2,20,0,22,18,7,33,19,77,14,4,18,95
06/04/2022,AGS,GA,ASO,ES,Combined TRACON& Tower with Radar,14,6,7,9,36,1,0,10,0,11,15,6,17,9,47,22,0,22,69
06/05/2022,AGS,GA,ASO,ES,Combined TRACON& Tower with Radar,21,7,12,2,42,0,15,4,1,20,21,22,16,3,62,0,0,0,62
06/06/2022,AGS,GA,ASO,ES,Combined TRACON& Tower with Radar,26,11,19,15,71,0,0,21,4,25,26,11,40,19,96,30,10,40,136
06/07/2022,AGS,GA,ASO,ES,Combined TRACON& Tower with Radar,19,10,36,11,76,0,0,4,3,7,19,10,40,14,83,0,14,14,97
06/08/2022,AGS,GA,ASO,ES,Combined TRACON& Tower with Radar,20,7,15,4,46,0,3,14,2,19,20,10,29,6,65,32,0,32,97
06/09/2022,AGS,GA,ASO,ES,Combined TRACON& Tower with Radar,21,4,24,22,71,0,0,10,1,11,21,4,34,23,82,14,0,14,96
06/10/2022,AGS,GA,ASO,ES,Combined TRACON& Tower with Radar,22,5,26,6,59,0,1,12,2,15,22,6,38,8,74,12,0,12,86
06/11/2022,AGS,GA,ASO,ES,Combined TRACON& Tower with Radar,13,6,12,1,32,0,4,9,0,13,13,10,21,1,45,0,0,0,45
06/12/2022,AGS,GA,ASO,ES,Combined TRACON& Tower with Radar,21,3,16,1,41,0,8,6,2,16,21,11,22,3,57,6,12,18,75
06/13/2022,AGS,GA,ASO,ES,Combined TRACON& Tower with Radar,23,6,16,14,59,0,3,5,0,8,23,9,21,14,67,18,0,18,85
06/14/2022,AGS,GA,ASO,ES,Combined TRACON& Tower with Radar,18,4,24,4,50,0,1,9,1,11,18,5,33,5,61,6,0,6,67
06/15/2022,AGS,GA,ASO,ES,Combined TRACON& Tower with Radar,21,7,14,4,46,0,2,17,2,21,21,9,31,6,67,10,14,24,91
06/16/2022,AGS,GA,ASO,ES,Combined TRACON& Tower with Radar,22,10,11,25,68,0,1,8,5,14,22,11,19,30,82,4,14,18,100
06/17/2022,AGS,GA,ASO,ES,Combined TRACON& Tower with Radar,18,1,12,12,43,0,0,13,1,14,18,1,25,13,57,4,6,10,67
06/18/2022,AGS,GA,ASO,ES,Combined TRACON& Tower with Radar,13,6,5,1,25,0,6,15,0,21,13,12,20,1,46,24,0,24,70
06/19/2022,AGS,GA,ASO,ES,Combined TRACON& Tower with Radar,19,8,3,0,30,0,10,10,0,20,19,18,13,0,50,0,0,0,50
06/20/2022,AGS,GA,ASO,ES,Combined TRACON& Tower with Radar,21,7,25,0,53,0,2,21,0,23,21,9,46,0,76,26,0,26,102
06/21/2022,AGS,GA,ASO,ES,Combined TRACON& Tower with Radar,19,5,15,10,49,0,0,11,3,14,19,5,26,13,63,0,44,44,107
06/22/2022,AGS,GA,ASO,ES,Combined TRACON& Tower with Radar,21,6,25,26,78,0,2,8,9,19,21,8,33,35,97,22,44,66,163
06/23/2022,AGS,GA,ASO,ES,Combined TRACON& Tower with Radar,19,6,20,22,67,0,4,7,4,15,19,10,27,26,82,14,24,38,120
06/24/2022,AGS,GA,ASO,ES,Combined TRACON& Tower with Radar,19,2,15,3,39,0,0,13,2,15,19,2,28,5,54,18,4,22,76
06/25/2022,AGS,GA,ASO,ES,Combined TRACON& Tower with Radar,13,7,12,2,34,0,0,13,0,13,13,7,25,2,47,0,0,0,47
06/26/2022,AGS,GA,ASO,ES,Combined TRACON& Tower with Radar,21,3,6,8,38,0,2,21,0,23,21,5,27,8,61,6,0,6,67
06/27/2022,AGS,GA,ASO,ES,Combined TRACON& Tower with Radar,19,6,16,15,56,0,1,7,2,10,19,7,23,17,66,0,16,16,82
06/28/2022,AGS,GA,ASO,ES,Combined TRACON& Tower with Radar,18,2,16,5,41,0,2,7,0,9,18,4,23,5,50,10,0,10,60
06/29/2022,AGS,GA,ASO,ES,Combined TRACON& Tower with Radar,21,9,33,6,69,0,0,9,0,9,21,9,42,6,78,0,0,0,78
06/30/2022,AGS,GA,ASO,ES,Combined TRACON& Tower with Radar,21,4,37,3,65,0,1,10,6,17,21,5,47,9,82,4,10,14,96
07/01/2022,AGS,GA,ASO,ES,Combined TRACON& Tower with Radar,24,4,3,0,31,0,0,0,0,0,24,4,3,0,31,0,0,0,31
07/02/2022,AGS,GA,ASO,ES,Combined TRACON& Tower with Radar,15,5,3,0,23,0,0,9,0,9,15,5,12,0,32,24,0,24,56
07/03/2022,AGS,GA,ASO,ES,Combined TRACON& Tower with Radar,16,0,5,2,23,0,0,11,0,11,16,0,16,2,34,0,0,0,34
07/04/2022,AGS,GA,ASO,ES,Combined TRACON& Tower with Radar,16,2,4,0,22,0,0,3,0,3,16,2,7,0,25,6,0,6,31
07/05/2022,AGS,GA,ASO,ES,Combined TRACON& Tower with Radar,20,6,14,1,41,0,4,7,0,11,20,10,21,1,52,104,0,104,156
07/06/2022,AGS,GA,ASO,ES,Combined TRACON& Tower with Radar,19,2,34,3,58,0,1,11,0,12,19,3,45,3,70,6,0,6,76
07/07/2022,AGS,GA,ASO,ES,Combined TRACON& Tower with Radar,20,6,11,9,46,0,0,6,2,8,20,6,17,11,54,10,2,12,66
07/08/2022,AGS,GA,ASO,ES,Combined TRACON& Tower with Radar,17,6,8,11,42,0,1,9,1,11,17,7,17,12,53,24,6,30,83
07/09/2022,AGS,GA,ASO,ES,Combined TRACON& Tower with Radar,14,6,5,6,31,0,0,6,1,7,14,6,11,7,38,8,0,8,46
07/10/2022,AGS,GA,ASO,ES,Combined TRACON& Tower with Radar,21,5,15,0,41,0,0,2,0,2,21,5,17,0,43,0,0,0,43
07/11/2022,AGS,GA,ASO,ES,Combined TRACON& Tower with Radar,21,7,8,3,39,0,2,10,1,13,21,9,18,4,52,66,0,66,118
07/12/2022,AGS,GA,ASO,ES,Combined TRACON& Tower with Radar,19,9,28,26,82,0,0,12,2,14,19,9,40,28,96,6,8,14,110
07/13/2022,AGS,GA,ASO,ES,Combined TRACON& Tower with Radar,20,4,11,20,55,0,0,7,0,7,20,4,18,20,62,0,8,8,70
07/14/2022,AGS,GA,ASO,ES,Combined TRACON& Tower with Radar,22,3,12,6,43,0,0,7,0,7,22,3,19,6,50,0,0,0,50
07/15/2022,AGS,GA,ASO,ES,Combined TRACON& Tower with Radar,21,6,16,4,47,0,0,16,2,18,21,6,32,6,65,28,0,28,93
07/16/2022,AGS,GA,ASO,ES,Combined TRACON& Tower with Radar,16,8,12,0,36,0,0,9,2,11,16,8,21,2,47,46,0,46,93
07/17/2022,AGS,GA,ASO,ES,Combined TRACON& Tower with Radar,24,8,12,1,45,0,8,10,3,21,24,16,22,4,66,22,0,22,88
07/18/2022,AGS,GA,ASO,ES,Combined TRACON& Tower with Radar,20,3,9,20,52,0,0,10,6,16,20,3,19,26,68,10,38,48,116
07/19/2022,AGS,GA,ASO,ES,Combined TRACON& Tower with Radar,28,10,12,12,62,0,0,7,1,8,28,10,19,13,70,10,0,10,80
07/20/2022,AGS,GA,ASO,ES,Combined TRACON& Tower with Radar,20,29,41,13,103,0,0,0,1,1,20,29,41,14,104,12,10,22,126
07/21/2022,AGS,GA,ASO,ES,Combined TRACON& Tower with Radar,18,26,29,15,88,0,1,5,2,8,18,27,34,17,96,0,0,0,96
07/22/2022,AGS,GA,ASO,ES,Combined TRACON& Tower with Radar,19,34,42,20,115,0,0,9,4,13,19,34,51,24,128,16,8,24,152
07/23/2022,AGS,GA,ASO,ES,Combined TRACON& Tower with Radar,23,37,22,0,82,0,2,5,0,7,23,39,27,0,89,0,0,0,89
07/24/2022,AGS,GA,ASO,ES,Combined TRACON& Tower with Radar,18,15,14,0,47,0,0,4,0,4,18,15,18,0,51,28,0,28,79
07/25/2022,AGS,GA,ASO,ES,Combined TRACON& Tower with Radar,24,8,20,14,66,0,0,4,2,6,24,8,24,16,72,6,6,12,84
07/26/2022,AGS,GA,ASO,ES,Combined TRACON& Tower with Radar,19,3,21,24,67,0,6,26,9,41,19,9,47,33,108,70,38,108,216
07/27/2022,AGS,GA,ASO,ES,Combined TRACON& Tower with Radar,21,6,14,23,64,0,0,19,3,22,21,6,33,26,86,34,31,65,151
07/28/2022,AGS,GA,ASO,ES,Combined TRACON& Tower with Radar,21,7,18,14,60,0,5,15,2,22,21,12,33,16,82,22,10,32,114
07/29/2022,AGS,GA,ASO,ES,Combined TRACON& Tower with Radar,22,6,25,13,66,0,2,16,6,24,22,8,41,19,90,16,16,32,122
07/30/2022,AGS,GA,ASO,ES,Combined TRACON& Tower with Radar,14,3,7,0,24,0,0,11,0,11,14,3,18,0,35,2,0,2,37
07/31/2022,AGS,GA,ASO,ES,Combined TRACON& Tower with Radar,21,7,14,5,47,0,1,8,2,11,21,8,22,7,58,10,0,10,68
08/01/2022,AGS,GA,ASO,ES,Combined TRACON& Tower with Radar,22,2,19,18,61,0,0,17,3,20,22,2,36,21,81,26,12,38,119
08/02/2022,AGS,GA,ASO,ES,Combined TRACON& Tower with Radar,19,0,14,0,33,0,1,16,8,25,19,1,30,8,58,6,0,6,64
08/03/2022,AGS,GA,ASO,ES,Combined TRACON& Tower with Radar,17,1,9,2,29,0,0,5,0,5,17,1,14,2,34,0,2,2,36
08/04/2022,AGS,GA,ASO,ES,Combined TRACON& Tower with Radar,24,1,13,5,43,0,0,8,3,11,24,1,21,8,54,10,28,38,92
08/05/2022,AGS,GA,ASO,ES,Combined TRACON& Tower with Radar,25,4,17,12,58,0,7,10,7,24,25,11,27,19,82,54,0,54,136
08/06/2022,AGS,GA,ASO,ES,Combined TRACON& Tower with Radar,14,7,6,0,27,0,0,4,0,4,14,7,10,0,31,0,0,0,31
08/07/2022,AGS,GA,ASO,ES,Combined TRACON& Tower with Radar,20,4,11,0,35,0,4,10,5,19,20,8,21,5,54,18,0,18,72
08/08/2022,AGS,GA,ASO,ES,Combined TRACON& Tower with Radar,21,9,7,7,44,0,0,4,2,6,21,9,11,9,50,0,10,10,60
08/09/2022,AGS,GA,ASO,ES,Combined TRACON& Tower with Radar,20,12,29,38,99,0,3,13,1,17,20,15,42,39,116,0,10,10,126
08/10/2022,AGS,GA,ASO,ES,Combined TRACON& Tower with Radar,18,5,10,22,55,0,1,10,8,19,18,6,20,30,74,8,40,48,122
08/11/2022,AGS,GA,ASO,ES,Combined TRACON& Tower with Radar,20,9,24,10,63,0,1,6,0,7,20,10,30,10,70,2,0,2,72
08/12/2022,AGS,GA,ASO,ES,Combined TRACON& Tower with Radar,21,4,16,4,45,0,0,4,2,6,21,4,20,6,51,0,0,0,51
08/13/2022,AGS,GA,ASO,ES,Combined TRACON& Tower with Radar,15,11,12,3,41,0,0,12,1,13,15,11,24,4,54,30,0,30,84
08/14/2022,AGS,GA,ASO,ES,Combined TRACON& Tower with Radar,19,9,27,4,59,0,6,18,0,24,19,15,45,4,83,42,0,42,125
08/15/2022,AGS,GA,ASO,ES,Combined TRACON& Tower with Radar,19,6,24,9,58,0,2,13,1,16,19,8,37,10,74,12,16,28,102
08/16/2022,AGS,GA,ASO,ES,Combined TRACON& Tower with Radar,15,11,27,25,78,0,2,6,3,11,15,13,33,28,89,12,14,26,115
08/17/2022,AGS,GA,ASO,ES,Combined TRACON& Tower with Radar,16,4,25,9,54,0,2,2,3,7,16,6,27,12,61,14,23,37,98
08/18/2022,AGS,GA,ASO,ES,Combined TRACON& Tower with Radar,18,6,14,19,57,0,0,13,4,17,18,6,27,23,74,10,24,34,108
08/19/2022,AGS,GA,ASO,ES,Combined TRACON& Tower with Radar,18,8,17,12,55,0,0,2,0,2,18,8,19,12,57,0,0,0,57
08/20/2022,AGS,GA,ASO,ES,Combined TRACON& Tower with Radar,16,9,15,5,45,0,1,11,0,12,16,10,26,5,57,36,0,36,93
08/21/2022,AGS,GA,ASO,ES,Combined TRACON& Tower with Radar,19,6,10,2,37,0,0,3,2,5,19,6,13,4,42,6,0,6,48
08/22/2022,AGS,GA,ASO,ES,Combined TRACON& Tower with Radar,19,4,16,17,56,0,2,1,0,3,19,6,17,17,59,0,0,0,59
08/23/2022,AGS,GA,ASO,ES,Combined TRACON& Tower with Radar,16,5,26,14,61,0,4,10,3,17,16,9,36,17,78,92,10,102,180
08/24/2022,AGS,GA,ASO,ES,Combined TRACON& Tower with Radar,17,8,17,31,73,0,0,9,8,17,17,8,26,39,90,0,16,16,106
08/25/2022,AGS,GA,ASO,ES,Combined TRACON& Tower with Radar,18,6,16,3,43,0,0,3,0,3,18,6,19,3,46,0,0,0,46
08/26/2022,AGS,GA,ASO,ES,Combined TRACON& Tower with Radar,18,7,15,10,50,0,0,9,0,9,18,7,24,10,59,8,0,8,67
08/27/2022,AGS,GA,ASO,ES,Combined TRACON& Tower with Radar,15,4,9,0,28,0,0,8,0,8,15,4,17,0,36,16,0,16,52
08/28/2022,AGS,GA,ASO,ES,Combined TRACON& Tower with Radar,18,9,8,0,35,0,0,10,0,10,18,9,18,0,45,22,0,22,67
08/29/2022,AGS,GA,ASO,ES,Combined TRACON& Tower with Radar,17,4,23,5,49,0,0,4,0,4,17,4,27,5,53,0,0,0,53
08/30/2022,AGS,GA,ASO,ES,Combined TRACON& Tower with Radar,22,10,16,16,64,0,4,5,2,11,22,14,21,18,75,20,0,20,95
08/31/2022,AGS,GA,ASO,ES,Combined TRACON& Tower with Radar,14,5,23,9,51,0,1,16,1,18,14,6,39,10,69,10,14,24,93
09/01/2022,AGS,GA,ASO,ES,Combined TRACON& Tower with Radar,17,6,22,16,61,0,0,8,0,8,17,6,30,16,69,44,0,44,113
09/02/2022,AGS,GA,ASO,ES,Combined TRACON& Tower with Radar,17,4,20,2,43,0,2,3,0,5,17,6,23,2,48,0,0,0,48
09/03/2022,AGS,GA,ASO,ES,Combined TRACON& Tower with Radar,16,5,3,2,26,0,0,7,0,7,16,5,10,2,33,24,0,24,57
09/04/2022,AGS,GA,ASO,ES,Combined TRACON& Tower with Radar,13,4,8,4,29,0,0,5,0,5,13,4,13,4,34,10,0,10,44
09/05/2022,AGS,GA,ASO,ES,Combined TRACON& Tower with Radar,18,8,9,0,35,0,1,6,0,7,18,9,15,0,42,16,0,16,58
09/06/2022,AGS,GA,ASO,ES,Combined TRACON& Tower with Radar,18,14,16,15,63,0,8,12,1,21,18,22,28,16,84,22,12,34,118
09/07/2022,AGS,GA,ASO,ES,Combined TRACON& Tower with Radar,21,16,18,9,64,0,0,16,3,19,21,16,34,12,83,6,6,12,95
09/08/2022,AGS,GA,ASO,ES,Combined TRACON& Tower with Radar,16,15,23,12,66,0,0,19,6,25,16,15,42,18,91,12,8,20,111
09/09/2022,AGS,GA,ASO,ES,Combined TRACON& Tower with Radar,16,17,18,5,56,0,0,7,4,11,16,17,25,9,67,36,6,42,109
09/10/2022,AGS,GA,ASO,ES,Combined TRACON& Tower with Radar,15,11,7,0,33,0,0,0,0,0,15,11,7,0,33,0,0,0,33
09/11/2022,AGS,GA,ASO,ES,Combined TRACON& Tower with Radar,16,12,23,3,54,0,3,4,0,7,16,15,27,3,61,20,0,20,81
09/12/2022,AGS,GA,ASO,ES,Combined TRACON& Tower with Radar,18,16,10,24,68,0,5,8,1,14,18,21,18,25,82,106,0,106,188
09/13/2022,AGS,GA,ASO,ES,Combined TRACON& Tower with Radar,18,8,19,8,53,0,3,18,11,32,18,11,37,19,85,18,28,46,131
09/14/2022,AGS,GA,ASO,ES,Combined TRACON& Tower with Radar,18,6,19,13,56,0,4,14,1,19,18,10,33,14,75,36,8,44,119
09/15/2022,AGS,GA,ASO,ES,Combined TRACON& Tower with Radar,18,10,12,20,60,0,4,17,7,28,18,14,29,27,88,22,24,46,134
09/16/2022,AGS,GA,ASO,ES,Combined TRACON& Tower with Radar,17,11,23,2,53,0,2,16,0,18,17,13,39,2,71,12,0,12,83
09/17/2022,AGS,GA,ASO,ES,Combined TRACON& Tower with Radar,21,5,9,0,35,0,0,11,2,13,21,5,20,2,48,0,0,0,48
09/18/2022,AGS,GA,ASO,ES,Combined TRACON& Tower with Radar,16,17,25,2,60,0,12,9,0,21,16,29,34,2,81,18,0,18,99
09/19/2022,AGS,GA,ASO,ES,Combined TRACON& Tower with Radar,16,10,14,8,48,0,1,16,1,18,16,11,30,9,66,20,12,32,98
09/20/2022,AGS,GA,ASO,ES,Combined TRACON& Tower with Radar,18,7,12,26,63,0,2,11,2,15,18,9,23,28,78,6,14,20,98
09/21/2022,AGS,GA,ASO,ES,Combined TRACON& Tower with Radar,19,14,11,10,54,0,1,13,2,16,19,15,24,12,70,28,0,28,98
09/22/2022,AGS,GA,ASO,ES,Combined TRACON& Tower with Radar,16,19,37,26,98,0,4,11,3,18,16,23,48,29,116,12,0,12,128
09/23/2022,AGS,GA,ASO,ES,Combined TRACON& Tower with Radar,16,17,22,15,70,0,0,24,2,26,16,17,46,17,96,60,38,98,194
09/24/2022,AGS,GA,ASO,ES,Combined TRACON& Tower with Radar,18,12,1,0,31,0,2,17,0,19,18,14,18,0,50,20,0,20,70
09/25/2022,AGS,GA,ASO,ES,Combined TRACON& Tower with Radar,16,15,18,1,50,0,1,16,0,17,16,16,34,1,67,30,0,30,97
09/26/2022,AGS,GA,ASO,ES,Combined TRACON& Tower with Radar,16,14,11,10,51,0,2,10,3,15,16,16,21,13,66,4,20,24,90
09/27/2022,AGS,GA,ASO,ES,Combined TRACON& Tower with Radar,18,21,14,8,61,0,1,10,1,12,18,22,24,9,73,10,20,30,103
09/28/2022,AGS,GA,ASO,ES,Combined TRACON& Tower with Radar,18,12,13,8,51,0,0,5,1,6,18,12,18,9,57,2,18,20,77
09/29/2022,AGS,GA,ASO,ES,Combined TRACON& Tower with Radar,16,18,9,0,43,0,0,0,0,0,16,18,9,0,43,0,0,0,43
09/30/2022,AGS,GA,ASO,ES,Combined TRACON& Tower with Radar,8,5,2,0,15,0,0,0,0,0,8,5,2,0,15,0,0,0,15
10/01/2022,AGS,GA,ASO,ES,Combined TRACON& Tower with Radar,15,4,6,0,25,0,0,15,0,15,15,4,21,0,40,14,0,14,54
10/02/2022,AGS,GA,ASO,ES,Combined TRACON& Tower with Radar,18,14,5,0,37,0,10,13,0,23,18,24,18,0,60,0,0,0,60
10/03/2022,AGS,GA,ASO,ES,Combined TRACON& Tower with Radar,16,12,7,16,51,0,4,5,0,9,16,16,12,16,60,8,0,8,68
10/04/2022,AGS,GA,ASO,ES,Combined TRACON& Tower with Radar,18,10,10,10,48,0,3,13,0,16,18,13,23,10,64,32,0,32,96
10/05/2022,AGS,GA,ASO,ES,Combined TRACON& Tower with Radar,19,11,24,29,83,0,2,21,3,26,19,13,45,32,109,48,40,88,197
10/06/2022,AGS,GA,ASO,ES,Combined TRACON& Tower with Radar,15,17,23,13,68,0,0,18,3,21,15,17,41,16,89,13,34,47,136
10/07/2022,AGS,GA,ASO,ES,Combined TRACON& Tower with Radar,14,15,22,12,63,0,2,18,1,21,14,17,40,13,84,18,18,36,120
10/08/2022,AGS,GA,ASO,ES,Combined TRACON& Tower with Radar,12,10,13,0,35,0,1,20,0,21,12,11,33,0,56,26,0,26,82
10/09/2022,AGS,GA,ASO,ES,Combined TRACON& Tower with Radar,14,21,8,0,43,0,2,13,0,15,14,23,21,0,58,6,0,6,64
10/10/2022,AGS,GA,ASO,ES,Combined TRACON& Tower with Radar,14,17,18,0,49,0,0,17,0,17,14,17,35,0,66,10,0,10,76
10/11/2022,AGS,GA,ASO,ES,Combined TRACON& Tower with Radar,12,20,23,9,64,0,0,16,1,17,12,20,39,10,81,18,8,26,107
10/12/2022,AGS,GA,ASO,ES,Combined TRACON& Tower with Radar,14,20,22,12,68,0,0,6,0,6,14,20,28,12,74,18,0,18,92
10/13/2022,AGS,GA,ASO,ES,Combined TRACON& Tower with Radar,14,14,28,13,69,0,0,5,0,5,14,14,33,13,74,0,0,0,74
10/14/2022,AGS,GA,ASO,ES,Combined TRACON& Tower with Radar,14,13,26,6,59,0,6,23,3,32,14,19,49,9,91,62,14,76,167
10/15/2022,AGS,GA,ASO,ES,Combined TRACON& Tower with Radar,12,14,12,0,38,0,8,13,1,22,12,22,25,1,60,28,0,28,88
10/16/2022,AGS,GA,ASO,ES,Combined TRACON& Tower with Radar,15,19,13,2,49,0,1,6,0,7,15,20,19,2,56,56,0,56,112
10/17/2022,AGS,GA,ASO,ES,Combined TRACON& Tower with Radar,14,17,23,20,74,0,4,8,1,13,14,21,31,21,87,2,18,20,107
10/18/2022,AGS,GA,ASO,ES,Combined TRACON& Tower with Radar,11,22,21,23,77,0,1,17,10,28,11,23,38,33,105,12,30,42,147
10/19/2022,AGS,GA,ASO,ES,Combined TRACON& Tower with Radar,12,28,34,26,100,0,5,27,4,36,12,33,61,30,136,11,34,45,181
10/20/2022,AGS,GA,ASO,ES,Combined TRACON& Tower with Radar,14,37,42,21,114,0,5,10,1,16,14,42,52,22,130,22,12,34,164
10/21/2022,AGS,GA,ASO,ES,Combined TRACON& Tower with Radar,14,37,26,6,83,0,3,9,2,14,14,40,35,8,97,14,30,44,141
10/22/2022,AGS,GA,ASO,ES,Combined TRACON& Tower with Radar,12,32,22,0,66,0,2,8,1,11,12,34,30,1,77,20,0,20,97
10/23/2022,AGS,GA,ASO,ES,Combined TRACON& Tower with Radar,14,16,18,0,48,0,15,15,1,31,14,31,33,1,79,48,0,48,127
10/24/2022,AGS,GA,ASO,ES,Combined TRACON& Tower with Radar,14,25,27,6,72,0,6,12,4,22,14,31,39,10,94,24,8,32,126
10/25/2022,AGS,GA,ASO,ES,Combined TRACON& Tower with Radar,11,23,34,28,96,0,0,25,0,25,11,23,59,28,121,18,10,28,149
10/26/2022,AGS,GA,ASO,ES,Combined TRACON& Tower with Radar,12,24,51,22,109,0,0,18,5,23,12,24,69,27,132,10,26,36,168
10/27/2022,AGS,GA,ASO,ES,Combined TRACON& Tower with Radar,14,20,21,4,59,0,4,21,8,33,14,24,42,12,92,8,0,8,100
10/28/2022,AGS,GA,ASO,ES,Combined TRACON& Tower with Radar,14,30,30,6,80,0,2,18,0,20,14,32,48,6,100,0,0,0,100
10/29/2022,AGS,GA,ASO,ES,Combined TRACON& Tower with Radar,12,24,18,0,54,0,2,9,0,11,12,26,27,0,65,6,0,6,71
10/30/2022,AGS,GA,ASO,ES,Combined TRACON& Tower with Radar,12,28,22,1,63,0,0,1,0,1,12,28,23,1,64,0,0,0,64
10/31/2022,AGS,GA,ASO,ES,Combined TRACON& Tower with Radar,12,15,16,7,50,0,0,5,1,6,12,15,21,8,56,0,46,46,102
11/01/2022,AGS,GA,ASO,ES,Combined TRACON& Tower with Radar,12,30,23,19,84,0,1,16,5,22,12,31,39,24,106,10,42,52,158
11/02/2022,AGS,GA,ASO,ES,Combined TRACON& Tower with Radar,12,25,24,5,66,0,4,20,6,30,12,29,44,11,96,54,22,76,172
11/03/2022,AGS,GA,ASO,ES,Combined TRACON& Tower with Radar,17,30,25,17,89,0,4,16,8,28,17,34,41,25,117,16,57,73,190
11/04/2022,AGS,GA,ASO,ES,Combined TRACON& Tower with Radar,18,9,26,9,62,0,0,11,0,11,18,9,37,9,73,20,10,30,103
11/05/2022,AGS,GA,ASO,ES,Combined TRACON& Tower with Radar,18,6,13,0,37,0,0,1,0,1,18,6,14,0,38,0,0,0,38
11/06/2022,AGS,GA,ASO,ES,Combined TRACON& Tower with Radar,18,14,16,4,52,0,0,1,0,1,18,14,17,4,53,0,0,0,53
11/07/2022,AGS,GA,ASO,ES,Combined TRACON& Tower with Radar,17,13,26,9,65,0,1,11,7,19,17,14,37,16,84,2,76,78,162
11/08/2022,AGS,GA,ASO,ES,Combined TRACON& Tower with Radar,16,18,23,6,63,0,4,13,4,21,16,22,36,10,84,0,54,54,138
11/09/2022,AGS,GA,ASO,ES,Combined TRACON& Tower with Radar,15,22,25,9,71,0,0,9,11,20,15,22,34,20,91,22,50,72,163
11/10/2022,AGS,GA,ASO,ES,Combined TRACON& Tower with Radar,18,32,34,8,92,0,0,2,1,3,18,32,36,9,95,0,0,0,95
11/11/2022,AGS,GA,ASO,ES,Combined TRACON& Tower with Radar,16,23,31,0,70,0,0,0,0,0,16,23,31,0,70,0,0,0,70
11/12/2022,AGS,GA,ASO,ES,Combined TRACON& Tower with Radar,17,23,30,5,75,0,0,17,0,17,17,23,47,5,92,24,0,24,116
11/13/2022,AGS,GA,ASO,ES,Combined TRACON& Tower with Radar,19,11,17,1,48,0,0,21,0,21,19,11,38,1,69,30,0,30,99
11/14/2022,AGS,GA,ASO,ES,Combined TRACON& Tower with Radar,17,25,24,31,97,0,3,22,0,25,17,28,46,31,122,14,0,14,136
11/15/2022,AGS,GA,ASO,ES,Combined TRACON& Tower with Radar,20,25,22,36,103,0,0,0,1,1,20,25,22,37,104,0,0,0,104
11/16/2022,AGS,GA,ASO,ES,Combined TRACON& Tower with Radar,17,15,33,6,71,0,1,5,4,10,17,16,38,10,81,56,16,72,153
11/17/2022,AGS,GA,ASO,ES,Combined TRACON& Tower with Radar,18,25,33,18,94,0,15,20,2,37,18,40,53,20,131,58,106,164,295
11/18/2022,AGS,GA,ASO,ES,Combined TRACON& Tower with Radar,19,21,26,6,72,0,4,24,9,37,19,25,50,15,109,60,52,112,221
11/19/2022,AGS,GA,ASO,ES,Combined TRACON& Tower with Radar,17,10,12,1,40,0,3,26,0,29,17,13,38,1,69,24,0,24,93
11/20/2022,AGS,GA,ASO,ES,Combined TRACON& Tower with Radar,20,10,12,0,42,0,8,16,4,28,20,18,28,4,70,26,0,26,96
11/21/2022,AGS,GA,ASO,ES,Combined TRACON& Tower with Radar,17,17,30,2,66,0,2,13,6,21,17,19,43,8,87,6,36,42,129
11/22/2022,AGS,GA,ASO,ES,Combined TRACON& Tower with Radar,16,15,23,11,65,0,1,14,3,18,16,16,37,14,83,32,22,54,137
11/23/2022,AGS,GA,ASO,ES,Combined TRACON& Tower with Radar,20,16,26,6,68,0,0,19,3,22,20,16,45,9,90,36,4,40,130
11/24/2022,AGS,GA,ASO,ES,Combined TRACON& Tower with Radar,12,7,4,0,23,0,0,3,0,3,12,7,7,0,26,0,0,0,26
11/25/2022,AGS,GA,ASO,ES,Combined TRACON& Tower with Radar,17,18,10,0,45,0,0,0,0,0,17,18,10,0,45,0,0,0,45
11/26/2022,AGS,GA,ASO,ES,Combined TRACON& Tower with Radar,22,21,14,0,57,0,3,17,0,20,22,24,31,0,77,16,0,16,93
11/27/2022,AGS,GA,ASO,ES,Combined TRACON& Tower with Radar,21,14,12,1,48,0,1,6,1,8,21,15,18,2,56,0,0,0,56
11/28/2022,AGS,GA,ASO,ES,Combined TRACON& Tower with Radar,19,10,21,29,79,0,0,14,1,15,19,10,35,30,94,2,24,26,120
11/29/2022,AGS,GA,ASO,ES,Combined TRACON& Tower with Radar,16,24,28,18,86,0,3,15,3,21,16,27,43,21,107,52,40,92,199
11/30/2022,AGS,GA,ASO,ES,Combined TRACON& Tower with Radar,15,14,24,6,59,0,0,9,3,12,15,14,33,9,71,20,10,30,101
12/01/2022,AGS,GA,ASO,ES,Combined TRACON& Tower with Radar,17,20,36,17,90,0,0,5,11,16,17,20,41,28,106,18,64,82,188
12/02/2022,AGS,GA,ASO,ES,Combined TRACON& Tower with Radar,17,19,23,4,63,0,0,9,2,11,17,19,32,6,74,16,2,18,92
12/03/2022,AGS,GA,ASO,ES,Combined TRACON& Tower with Radar,15,15,18,0,48,0,0,6,4,10,15,15,24,4,58,6,0,6,64
12/04/2022,AGS,GA,ASO,ES,Combined TRACON& Tower with Radar,17,11,15,0,43,0,0,15,0,15,17,11,30,0,58,34,0,34,92
12/05/2022,AGS,GA,ASO,ES,Combined TRACON& Tower with Radar,17,8,21,4,50,0,0,0,2,2,17,8,21,6,52,14,0,14,66
12/06/2022,AGS,GA,ASO,ES,Combined TRACON& Tower with Radar,14,26,33,6,79,0,0,0,0,0,14,26,33,6,79,0,0,0,79
12/07/2022,AGS,GA,ASO,ES,Combined TRACON& Tower with Radar,14,10,16,14,54,0,0,10,2,12,14,10,26,16,66,4,40,44,110
12/08/2022,AGS,GA,ASO,ES,Combined TRACON& Tower with Radar,17,10,32,16,75,0,0,13,0,13,17,10,45,16,88,8,14,22,110
12/09/2022,AGS,GA,ASO,ES,Combined TRACON& Tower with Radar,17,18,28,8,71,0,0,0,0,0,17,18,28,8,71,0,0,0,71
12/10/2022,AGS,GA,ASO,ES,Combined TRACON& Tower with Radar,14,14,21,0,49,0,0,6,0,6,14,14,27,0,55,12,0,12,67
12/11/2022,AGS,GA,ASO,ES,Combined TRACON& Tower with Radar,16,10,24,0,50,0,0,3,0,3,16,10,27,0,53,0,0,0,53
12/12/2022,AGS,GA,ASO,ES,Combined TRACON& Tower with Radar,14,11,23,14,62,0,1,4,4,9,14,12,27,18,71,12,50,62,133
12/13/2022,AGS,GA,ASO,ES,Combined TRACON& Tower with Radar,14,10,22,11,57,0,0,26,3,29,14,10,48,14,86,26,38,64,150
12/14/2022,AGS,GA,ASO,ES,Combined TRACON& Tower with Radar,14,12,28,21,75,0,0,3,1,4,14,12,31,22,79,0,10,10,89
12/15/2022,AGS,GA,ASO,ES,Combined TRACON& Tower with Radar,15,16,19,6,56,0,0,4,11,15,15,16,23,17,71,8,12,20,91
12/16/2022,AGS,GA,ASO,ES,Combined TRACON& Tower with Radar,16,16,25,21,78,0,0,22,1,23,16,16,47,22,101,14,26,40,141
12/17/2022,AGS,GA,ASO,ES,Combined TRACON& Tower with Radar,14,7,12,0,33,0,1,17,3,21,14,8,29,3,54,32,0,32,86
12/18/2022,AGS,GA,ASO,ES,Combined TRACON& Tower with Radar,17,13,9,1,40,0,3,19,0,22,17,16,28,1,62,28,0,28,90
12/19/2022,AGS,GA,ASO,ES,Combined TRACON& Tower with Radar,15,12,8,16,51,0,1,13,6,20,15,13,21,22,71,30,34,64,135
12/20/2022,AGS,GA,ASO,ES,Combined TRACON& Tower with Radar,14,10,17,22,63,0,0,5,0,5,14,10,22,22,68,0,2,2,70
12/21/2022,AGS,GA,ASO,ES,Combined TRACON& Tower with Radar,14,11,17,0,42,0,0,2,0,2,14,11,19,0,44,22,0,22,66
12/22/2022,AGS,GA,ASO,ES,Combined TRACON& Tower with Radar,16,7,7,5,35,0,0,0,0,0,16,7,7,5,35,0,0,0,35
12/23/2022,AGS,GA,ASO,ES,Combined TRACON& Tower with Radar,14,1,3,0,18,0,1,10,0,11,14,2,13,0,29,0,0,0,29
12/24/2022,AGS,GA,ASO,ES,Combined TRACON& Tower with Radar,16,6,4,0,26,0,0,2,0,2,16,6,6,0,28,0,0,0,28
12/25/2022,AGS,GA,ASO,ES,Combined TRACON& Tower with Radar,17,5,0,0,22,0,0,0,0,0,17,5,0,0,22,0,0,0,22
12/26/2022,AGS,GA,ASO,ES,Combined TRACON& Tower with Radar,16,5,14,0,35,0,0,11,0,11,16,5,25,0,46,6,0,6,52
12/27/2022,AGS,GA,ASO,ES,Combined TRACON& Tower with Radar,15,4,13,7,39,0,1,10,2,13,15,5,23,9,52,6,10,16,68
12/28/2022,AGS,GA,ASO,ES,Combined TRACON& Tower with Radar,16,10,4,18,48,0,0,12,0,12,16,10,16,18,60,52,12,64,124
12/29/2022,AGS,GA,ASO,ES,Combined TRACON& Tower with Radar,17,8,17,7,49,0,2,29,0,31,17,10,46,7,80,34,8,42,122
12/30/2022,AGS,GA,ASO,ES,Combined TRACON& Tower with Radar,17,7,12,0,36,0,0,5,0,5,17,7,17,0,41,0,0,0,41
12/31/2022,AGS,GA,ASO,ES,Combined TRACON& Tower with Radar,15,10,11,0,36,0,0,0,0,0,15,10,11,0,36,0,0,0,36
01/01/2023,AGS,GA,ASO,ES,Combined TRACON& Tower with Radar,15,10,10,0,35,0,0,2,0,2,15,10,12,0,37,0,0,0,37
01/02/2023,AGS,GA,ASO,ES,Combined TRACON& Tower with Radar,16,7,13,0,36,0,0,12,0,12,16,7,25,0,48,0,0,0,48
01/03/2023,AGS,GA,ASO,ES,Combined TRACON& Tower with Radar,18,9,16,4,47,0,0,5,0,5,18,9,21,4,52,0,0,0,52
01/04/2023,AGS,GA,ASO,ES,Combined TRACON& Tower with Radar,15,15,13,4,47,0,0,1,8,9,15,15,14,12,56,0,15,15,71
01/05/2023,AGS,GA,ASO,ES,Combined TRACON& Tower with Radar,15,5,17,17,54,0,0,20,5,25,15,5,37,22,79,0,0,0,79
01/06/2023,AGS,GA,ASO,ES,Combined TRACON& Tower with Radar,15,16,24,21,76,0,3,20,7,30,15,19,44,28,106,12,16,28,134
01/07/2023,AGS,GA,ASO,ES,Combined TRACON& Tower with Radar,16,10,14,2,42,0,0,31,0,31,16,10,45,2,73,20,0,20,93
01/08/2023,AGS,GA,ASO,ES,Combined TRACON& Tower with Radar,16,8,16,5,45,0,0,18,1,19,16,8,34,6,64,0,0,0,64
01/09/2023,AGS,GA,ASO,ES,Combined TRACON& Tower with Radar,14,8,12,22,56,0,1,21,4,26,14,9,33,26,82,10,22,32,114
01/10/2023,AGS,GA,ASO,ES,Combined TRACON& Tower with Radar,22,10,8,9,49,0,2,22,3,27,22,12,30,12,76,58,14,72,148
01/11/2023,AGS,GA,ASO,ES,Combined TRACON& Tower with Radar,24,12,22,23,81,0,3,22,9,34,24,15,44,32,115,20,16,36,151
01/12/2023,AGS,GA,ASO,ES,Combined TRACON& Tower with Radar,30,9,31,7,77,0,0,1,7,8,30,9,32,14,85,0,2,2,87
01/13/2023,AGS,GA,ASO,ES,Combined TRACON& Tower with Radar,24,5,12,1,42,0,1,14,1,16,24,6,26,2,58,6,0,6,64
01/14/2023,AGS,GA,ASO,ES,Combined TRACON& Tower with Radar,22,3,7,0,32,0,0,9,0,9,22,3,16,0,41,0,0,0,41
01/15/2023,AGS,GA,ASO,ES,Combined TRACON& Tower with Radar,21,5,10,0,36,0,3,21,0,24,21,8,31,0,60,16,0,16,76
01/16/2023,AGS,GA,ASO,ES,Combined TRACON& Tower with Radar,26,1,12,0,39,0,0,28,0,28,26,1,40,0,67,28,0,28,95
01/17/2023,AGS,GA,ASO,ES,Combined TRACON& Tower with Radar,28,1,26,10,65,0,0,5,1,6,28,1,31,11,71,0,20,20,91
01/18/2023,AGS,GA,ASO,ES,Combined TRACON& Tower with Radar,26,13,37,17,93,0,0,2,0,2,26,13,39,17,95,10,0,10,105
01/19/2023,AGS,GA,ASO,ES,Combined TRACON& Tower with Radar,25,11,20,18,74,0,0,9,5,14,25,11,29,23,88,0,34,34,122
01/20/2023,AGS,GA,ASO,ES,Combined TRACON& Tower with Radar,27,6,30,16,79,0,3,29,0,32,27,9,59,16,111,12,4,16,127
01/21/2023,AGS,GA,ASO,ES,Combined TRACON& Tower with Radar,22,2,15,2,41,0,0,21,1,22,22,2,36,3,63,12,0,12,75
01/22/2023,AGS,GA,ASO,ES,Combined TRACON& Tower with Radar,25,2,7,0,34,0,0,0,0,0,25,2,7,0,34,0,0,0,34
01/23/2023,AGS,GA,ASO,ES,Combined TRACON& Tower with Radar,26,7,17,0,50,0,3,13,0,16,26,10,30,0,66,0,0,0,66
01/24/2023,AGS,GA,ASO,ES,Combined TRACON& Tower with Radar,26,15,16,6,63,0,0,12,0,12,26,15,28,6,75,0,10,10,85
01/25/2023,AGS,GA,ASO,ES,Combined TRACON& Tower with Radar,28,9,10,0,47,0,0,2,0,2,28,9,12,0,49,0,0,0,49
01/26/2023,AGS,GA,ASO,ES,Combined TRACON& Tower with Radar,25,11,22,9,67,0,0,14,5,19,25,11,36,14,86,0,4,4,90
01/27/2023,AGS,GA,ASO,ES,Combined TRACON& Tower with Radar,25,9,36,3,73,0,5,26,3,34,25,14,62,6,107,52,0,52,159
01/28/2023,AGS,GA,ASO,ES,Combined TRACON& Tower with Radar,21,9,18,5,53,0,2,26,1,29,21,11,44,6,82,78,0,78,160
01/29/2023,AGS,GA,ASO,ES,Combined TRACON& Tower with Radar,24,9,17,2,52,0,0,1,0,1,24,9,18,2,53,18,0,18,71
01/30/2023,AGS,GA,ASO,ES,Combined TRACON& Tower with Radar,26,7,11,16,60,0,0,0,0,0,26,7,11,16,60,0,0,0,60
01/31/2023,AGS,GA,ASO,ES,Combined TRACON& Tower with Radar,24,5,6,10,45,0,0,3,0,3,24,5,9,10,48,0,0,0,48
02/01/2023,AGS,GA,ASO,ES,Combined TRACON& Tower with Radar,24,13,32,11,80,0,0,10,6,16,24,13,42,17,96,20,26,46,142
02/02/2023,AGS,GA,ASO,ES,Combined TRACON& Tower with Radar,25,3,26,8,62,0,0,0,0,0,25,3,26,8,62,0,0,0,62
02/03/2023,AGS,GA,ASO,ES,Combined TRACON& Tower with Radar,20,10,19,7,56,0,1,10,1,12,20,11,29,8,68,6,0,6,74
02/04/2023,AGS,GA,ASO,ES,Combined TRACON& Tower with Radar,20,2,11,2,35,0,1,24,2,27,20,3,35,4,62,84,0,84,146
02/05/2023,AGS,GA,ASO,ES,Combined TRACON& Tower with Radar,20,5,17,6,48,0,2,16,1,19,20,7,33,7,67,18,6,24,91
02/06/2023,AGS,GA,ASO,ES,Combined TRACON& Tower with Radar,19,9,25,21,74,0,2,17,11,30,19,11,42,32,104,70,57,127,231
02/07/2023,AGS,GA,ASO,ES,Combined TRACON& Tower with Radar,21,7,19,29,76,0,1,17,2,20,21,8,36,31,96,8,74,82,178
02/08/2023,AGS,GA,ASO,ES,Combined TRACON& Tower with Radar,20,17,19,17,73,0,0,12,4,16,20,17,31,21,89,10,48,58,147
02/09/2023,AGS,GA,ASO,ES,Combined TRACON& Tower with Radar,20,11,21,30,82,0,0,9,3,12,20,11,30,33,94,20,41,61,155
02/10/2023,AGS,GA,ASO,ES,Combined TRACON& Tower with Radar,20,13,13,8,54,0,0,2,2,4,20,13,15,10,58,0,26,26,84
02/11/2023,AGS,GA,ASO,ES,Combined TRACON& Tower with Radar,18,5,4,0,27,0,0,1,0,1,18,5,5,0,28,0,0,0,28
02/12/2023,AGS,GA,ASO,ES,Combined TRACON& Tower with Radar,20,6,4,0,30,0,0,0,0,0,20,6,4,0,30,0,0,0,30
02/13/2023,AGS,GA,ASO,ES,Combined TRACON& Tower with Radar,20,9,19,15,63,0,0,21,3,24,20,9,40,18,87,0,40,40,127
02/14/2023,AGS,GA,ASO,ES,Combined TRACON& Tower with Radar,20,4,15,13,52,0,1,19,4,24,20,5,34,17,76,24,8,32,108
02/15/2023,AGS,GA,ASO,ES,Combined TRACON& Tower with Radar,20,11,24,13,68,0,2,10,2,14,20,13,34,15,82,8,16,24,106
02/16/2023,AGS,GA,ASO,ES,Combined TRACON& Tower with Radar,19,12,16,0,47,0,2,1,0,3,19,14,17,0,50,0,0,0,50
02/17/2023,AGS,GA,ASO,ES,Combined TRACON& Tower with Radar,19,16,14,2,51,0,1,8,0,9,19,17,22,2,60,0,0,0,60
02/18/2023,AGS,GA,ASO,ES,Combined TRACON& Tower with Radar,21,2,8,0,31,0,0,22,0,22,21,2,30,0,53,42,0,42,95
02/19/2023,AGS,GA,ASO,ES,Combined TRACON& Tower with Radar,20,13,18,0,51,0,6,10,0,16,20,19,28,0,67,10,0,10,77
02/20/2023,AGS,GA,ASO,ES,Combined TRACON& Tower with Radar,22,9,23,0,54,0,3,13,0,16,22,12,36,0,70,18,0,18,88
02/21/2023,AGS,GA,ASO,ES,Combined TRACON& Tower with Radar,19,18,30,19,86,0,0,15,3,18,19,18,45,22,104,4,18,22,126
02/22/2023,AGS,GA,ASO,ES,Combined TRACON& Tower with Radar,20,13,44,5,82,0,4,22,0,26,20,17,66,5,108,0,0,0,108
02/23/2023,AGS,GA,ASO,ES,Combined TRACON& Tower with Radar,22,18,27,9,76,0,2,5,0,7,22,20,32,9,83,10,8,18,101
02/24/2023,AGS,GA,ASO,ES,Combined TRACON& Tower with Radar,22,17,26,16,81,0,1,4,0,5,22,18,30,16,86,0,14,14,100
02/25/2023,AGS,GA,ASO,ES,Combined TRACON& Tower with Radar,19,9,19,2,49,0,1,0,0,1,19,10,19,2,50,0,0,0,50
02/26/2023,AGS,GA,ASO,ES,Combined TRACON& Tower with Radar,20,10,16,0,46,0,1,6,0,7,20,11,22,0,53,6,0,6,59
02/27/2023,AGS,GA,ASO,ES,Combined TRACON& Tower with Radar,19,15,28,6,68,0,0,9,3,12,19,15,37,9,80,6,20,26,106
02/28/2023,AGS,GA,ASO,ES,Combined TRACON& Tower with Radar,19,15,22,2,58,0,0,25,2,27,19,15,47,4,85,40,4,44,129
03/01/2023,AGS,GA,ASO,ES,Combined TRACON& Tower with Radar,21,14,33,11,79,0,0,6,3,9,21,14,39,14,88,72,0,72,160
03/02/2023,AGS,GA,ASO,ES,Combined TRACON& Tower with Radar,21,19,29,2,71,0,1,6,1,8,21,20,35,3,79,14,0,14,93
03/03/2023,AGS,GA,ASO,ES,Combined TRACON& Tower with Radar,36,18,17,10,81,0,0,11,4,15,36,18,28,14,96,0,16,16,112
03/04/2023,AGS,GA,ASO,ES,Combined TRACON& Tower with Radar,20,10,16,0,46,0,0,24,0,24,20,10,40,0,70,8,0,8,78
03/05/2023,AGS,GA,ASO,ES,Combined TRACON& Tower with Radar,22,14,11,0,47,0,13,17,2,32,22,27,28,2,79,46,0,46,125
03/06/2023,AGS,GA,ASO,ES,Combined TRACON& Tower with Radar,23,18,23,16,80,0,5,16,1,22,23,23,39,17,102,0,10,10,112
03/07/2023,AGS,GA,ASO,ES,Combined TRACON& Tower with Radar,20,27,25,20,92,0,2,21,8,31,20,29,46,28,123,10,10,20,143
03/08/2023,AGS,GA,ASO,ES,Combined TRACON& Tower with Radar,22,21,29,20,92,0,1,14,2,17,22,22,43,22,109,18,22,40,149
03/09/2023,AGS,GA,ASO,ES,Combined TRACON& Tower with Radar,22,10,27,11,70,0,2,18,2,22,22,12,45,13,92,24,20,44,136
03/10/2023,AGS,GA,ASO,ES,Combined TRACON& Tower with Radar,23,13,17,9,62,0,0,0,1,1,23,13,17,10,63,0,0,0,63
03/11/2023,AGS,GA,ASO,ES,Combined TRACON& Tower with Radar,22,12,12,0,46,0,2,21,1,24,22,14,33,1,70,18,0,18,88
03/12/2023,AGS,GA,ASO,ES,Combined TRACON& Tower with Radar,23,14,19,2,58,0,0,1,0,1,23,14,20,2,59,0,0,0,59
03/13/2023,AGS,GA,ASO,ES,Combined TRACON& Tower with Radar,22,24,22,14,82,0,0,8,0,8,22,24,30,14,90,38,22,60,150
03/14/2023,AGS,GA,ASO,ES,Combined TRACON& Tower with Radar,19,12,26,10,67,0,1,13,3,17,19,13,39,13,84,0,26,26,110
03/15/2023,AGS,GA,ASO,ES,Combined TRACON& Tower with Radar,21,36,28,12,97,0,2,15,2,19,21,38,43,14,116,10,2,12,128
03/16/2023,AGS,GA,ASO,ES,Combined TRACON& Tower with Radar,23,19,30,23,95,0,4,19,8,31,23,23,49,31,126,28,26,54,180
03/17/2023,AGS,GA,ASO,ES,Combined TRACON& Tower with Radar,23,34,38,19,114,0,0,7,1,8,23,34,45,20,122,0,5,5,127
03/18/2023,AGS,GA,ASO,ES,Combined TRACON& Tower with Radar,21,25,22,2,70,0,0,11,2,13,21,25,33,4,83,8,0,8,91
03/19/2023,AGS,GA,ASO,ES,Combined TRACON& Tower with Radar,22,16,20,0,58,0,0,16,2,18,22,16,36,2,76,4,0,4,80
03/20/2023,AGS,GA,ASO,ES,Combined TRACON& Tower with Radar,22,9,23,18,72,0,5,12,2,19,22,14,35,20,91,0,10,10,101
03/21/2023,AGS,GA,ASO,ES,Combined TRACON& Tower with Radar,23,16,29,28,96,0,0,23,1,24,23,16,52,29,120,0,28,28,148
03/22/2023,AGS,GA,ASO,ES,Combined TRACON& Tower with Radar,23,21,30,24,98,0,2,2,11,15,23,23,32,35,113,0,0,0,113
03/23/2023,AGS,GA,ASO,ES,Combined TRACON& Tower with Radar,22,28,17,12,79,0,1,11,4,16,22,29,28,16,95,0,27,27,122
03/24/2023,AGS,GA,ASO,ES,Combined TRACON& Tower with Radar,25,22,19,4,70,0,1,21,1,23,25,23,40,5,93,12,0,12,105
03/25/2023,AGS,GA,ASO,ES,Combined TRACON& Tower with Radar,24,13,4,3,44,0,0,6,0,6,24,13,10,3,50,0,8,8,58
03/26/2023,AGS,GA,ASO,ES,Combined TRACON& Tower with Radar,21,13,17,0,51,0,0,0,0,0,21,13,17,0,51,0,0,0,51
03/27/2023,AGS,GA,ASO,ES,Combined TRACON& Tower with Radar,22,9,23,5,59,0,0,1,0,1,22,9,24,5,60,0,0,0,60
03/28/2023,AGS,GA,ASO,ES,Combined TRACON& Tower with Radar,23,17,25,6,71,0,0,8,2,10,23,17,33,8,81,32,40,72,153
03/29/2023,AGS,GA,ASO,ES,Combined TRACON& Tower with Radar,21,5,11,44,81,0,3,28,2,33,21,8,39,46,114,18,14,32,146
03/30/2023,AGS,GA,ASO,ES,Combined TRACON& Tower with Radar,26,10,26,23,85,0,0,10,6,16,26,10,36,29,101,0,18,18,119
03/31/2023,AGS,GA,ASO,ES,Combined TRACON& Tower with Radar,22,13,32,11,78,0,2,16,2,20,22,15,48,13,98,10,0,10,108
04/01/2023,AGS,GA,ASO,ES,Combined TRACON& Tower with Radar,28,21,22,0,71,0,0,2,2,4,28,21,24,2,75,0,0,0,75
04/02/2023,AGS,GA,ASO,ES,Combined TRACON& Tower with Radar,42,93,62,0,197,0,5,19,0,24,42,98,81,0,221,0,0,0,221
04/03/2023,AGS,GA,ASO,ES,Combined TRACON& Tower with Radar,45,92,121,0,258,0,0,5,2,7,45,92,126,2,265,0,0,0,265
04/04/2023,AGS,GA,ASO,ES,Combined TRACON& Tower with Radar,42,131,142,0,315,0,0,1,0,1,42,131,143,0,316,0,0,0,316
04/05/2023,AGS,GA,ASO,ES,Combined TRACON& Tower with Radar,39,195,206,0,440,0,1,5,0,6,39,196,211,0,446,0,0,0,446
04/06/2023,AGS,GA,ASO,ES,Combined TRACON& Tower with Radar,62,178,217,0,457,0,0,3,0,3,62,178,220,0,460,0,0,0,460
04/07/2023,AGS,GA,ASO,ES,Combined TRACON& Tower with Radar,56,243,194,0,493,0,0,1,0,1,56,243,195,0,494,0,0,0,494
04/08/2023,AGS,GA,ASO,ES,Combined TRACON& Tower with Radar,38,191,119,2,350,0,0,0,0,0,38,191,119,2,350,0,0,0,350
04/09/2023,AGS,GA,ASO,ES,Combined TRACON& Tower with Radar,43,181,116,1,341,0,0,1,1,2,43,181,117,2,343,0,0,0,343
04/10/2023,AGS,GA,ASO,ES,Combined TRACON& Tower with Radar,57,94,122,2,275,0,1,7,0,8,57,95,129,2,283,0,0,0,283
04/11/2023,AGS,GA,ASO,ES,Combined TRACON& Tower with Radar,17,16,15,12,60,0,3,32,4,39,17,19,47,16,99,22,30,52,151
04/12/2023,AGS,GA,ASO,ES,Combined TRACON& Tower with Radar,17,11,27,16,71,0,4,28,1,33,17,15,55,17,104,22,0,22,126
04/13/2023,AGS,GA,ASO,ES,Combined TRACON& Tower with Radar,18,13,22,0,53,0,0,13,2,15,18,13,35,2,68,8,0,8,76
04/14/2023,AGS,GA,ASO,ES,Combined TRACON& Tower with Radar,20,10,18,3,51,0,0,2,0,2,20,10,20,3,53,0,0,0,53
04/15/2023,AGS,GA,ASO,ES,Combined TRACON& Tower with Radar,15,18,14,6,53,0,5,15,0,20,15,23,29,6,73,4,0,4,77
04/16/2023,AGS,GA,ASO,ES,Combined TRACON& Tower with Radar,18,27,16,9,70,0,0,8,0,8,18,27,24,9,78,12,0,12,90
04/17/2023,AGS,GA,ASO,ES,Combined TRACON& Tower with Radar,18,32,20,18,88,0,0,15,3,18,18,32,35,21,106,0,4,4,110
04/18/2023,AGS,GA,ASO,ES,Combined TRACON& Tower with Radar,16,19,43,11,89,0,3,22,5,30,16,22,65,16,119,35,34,69,188
04/19/2023,AGS,GA,ASO,ES,Combined TRACON& Tower with Radar,17,19,45,20,101,0,3,31,2,36,17,22,76,22,137,72,20,92,229
04/20/2023,AGS,GA,ASO,ES,Combined TRACON& Tower with Radar,18,17,32,7,74,0,0,29,0,29,18,17,61,7,103,26,2,28,131
04/21/2023,AGS,GA,ASO,ES,Combined TRACON& Tower with Radar,18,24,20,8,70,0,2,25,2,29,18,26,45,10,99,0,18,18,117
04/22/2023,AGS,GA,ASO,ES,Combined TRACON& Tower with Radar,15,10,11,5,41,0,0,9,2,11,15,10,20,7,52,2,2,4,56
04/23/2023,AGS,GA,ASO,ES,Combined TRACON& Tower with Radar,19,27,20,2,68,0,2,20,0,22,19,29,40,2,90,120,20,140,230
04/24/2023,AGS,GA,ASO,ES,Combined TRACON& Tower with Radar,19,20,38,8,85,0,2,6,7,15,19,22,44,15,100,28,22,50,150
04/25/2023,AGS,GA,ASO,ES,Combined TRACON& Tower with Radar,16,20,25,12,73,0,3,19,8,30,16,23,44,20,103,10,36,46,149
04/26/2023,AGS,GA,ASO,ES,Combined TRACON& Tower with Radar,17,22,38,13,90,0,0,12,6,18,17,22,50,19,108,24,28,52,160
04/27/2023,AGS,GA,ASO,ES,Combined TRACON& Tower with Radar,24,23,37,4,88,0,0,1,0,1,24,23,38,4,89,16,0,16,105
04/28/2023,AGS,GA,ASO,ES,Combined TRACON& Tower with Radar,18,18,23,4,63,0,2,7,4,13,18,20,30,8,76,4,16,20,96
04/29/2023,AGS,GA,ASO,ES,Combined TRACON& Tower with Radar,15,18,22,2,57,0,5,28,0,33,15,23,50,2,90,10,0,10,100
04/30/2023,AGS,GA,ASO,ES,Combined TRACON& Tower with Radar,21,14,19,0,54,0,2,6,0,8,21,16,25,0,62,0,0,0,62
05/01/2023,AGS,GA,ASO,ES,Combined TRACON& Tower with Radar,20,25,31,15,91,0,0,5,6,11,20,25,36,21,102,18,10,28,130
05/02/2023,AGS,GA,ASO,ES,Combined TRACON& Tower with Radar,18,27,36,9,90,0,0,5,3,8,18,27,41,12,98,12,18,30,128
05/03/2023,AGS,GA,ASO,ES,Combined TRACON& Tower with Radar,17,20,24,10,71,0,2,19,5,26,17,22,43,15,97,10,34,44,141
05/04/2023,AGS,GA,ASO,ES,Combined TRACON& Tower with Radar,17,15,42,0,74,0,5,31,0,36,17,20,73,0,110,58,0,58,168
05/05/2023,AGS,GA,ASO,ES,Combined TRACON& Tower with Radar,16,24,24,16,80,0,0,8,1,9,16,24,32,17,89,14,12,26,115
05/06/2023,AGS,GA,ASO,ES,Combined TRACON& Tower with Radar,15,12,10,4,41,0,2,7,0,9,15,14,17,4,50,12,0,12,62
05/07/2023,AGS,GA,ASO,ES,Combined TRACON& Tower with Radar,16,21,24,7,68,0,4,5,0,9,16,25,29,7,77,18,0,18,95
05/08/2023,AGS,GA,ASO,ES,Combined TRACON& Tower with Radar,16,26,32,7,81,0,1,7,1,9,16,27,39,8,90,4,110,114,204
05/09/2023,AGS,GA,ASO,ES,Combined TRACON& Tower with Radar,16,31,31,18,96,0,1,11,5,17,16,32,42,23,113,6,30,36,149
05/10/2023,AGS,GA,ASO,ES,Combined TRACON& Tower with Radar,15,17,41,5,78,0,2,18,0,20,15,19,59,5,98,20,0,20,118
05/11/2023,AGS,GA,ASO,ES,Combined TRACON& Tower with Radar,15,16,25,10,66,0,1,12,24,37,15,17,37,34,103,22,160,182,285
05/12/2023,AGS,GA,ASO,ES,Combined TRACON& Tower with Radar,19,24,29,5,77,0,0,2,3,5,19,24,31,8,82,56,76,132,214
05/13/2023,AGS,GA,ASO,ES,Combined TRACON& Tower with Radar,15,8,7,0,30,0,0,11,8,19,15,8,18,8,49,50,100,150,199
05/14/2023,AGS,GA,ASO,ES,Combined TRACON& Tower with Radar,17,19,4,1,41,0,0,8,13,21,17,19,12,14,62,0,0,0,62
05/15/2023,AGS,GA,ASO,ES,Combined TRACON& Tower with Radar,16,22,23,15,76,0,0,14,1,15,16,22,37,16,91,0,18,18,109
05/16/2023,AGS,GA,ASO,ES,Combined TRACON& Tower with Radar,15,16,22,8,61,0,0,13,4,17,15,16,35,12,78,8,26,34,112
05/17/2023,AGS,GA,ASO,ES,Combined TRACON& Tower with Radar,17,22,43,10,92,0,2,11,0,13,17,24,54,10,105,0,4,4,109
05/18/2023,AGS,GA,ASO,ES,Combined TRACON& Tower with Radar,15,17,36,4,72,0,0,0,0,0,15,17,36,4,72,0,0,0,72
05/19/2023,AGS,GA,ASO,ES,Combined TRACON& Tower with Radar,15,19,40,3,77,0,0,1,0,1,15,19,41,3,78,2,0,2,80
05/20/2023,AGS,GA,ASO,ES,Combined TRACON& Tower with Radar,17,9,21,0,47,0,0,14,0,14,17,9,35,0,61,42,0,42,103
05/21/2023,AGS,GA,ASO,ES,Combined TRACON& Tower with Radar,16,17,18,0,51,0,0,1,0,1,16,17,19,0,52,0,0,0,52
05/22/2023,AGS,GA,ASO,ES,Combined TRACON& Tower with Radar,17,17,27,9,70,0,4,9,0,13,17,21,36,9,83,45,0,45,128
05/23/2023,AGS,GA,ASO,ES,Combined TRACON& Tower with Radar,15,13,22,13,63,0,1,3,0,4,15,14,25,13,67,14,10,24,91
05/24/2023,AGS,GA,ASO,ES,Combined TRACON& Tower with Radar,15,13,20,14,62,0,0,13,3,16,15,13,33,17,78,28,12,40,118
05/25/2023,AGS,GA,ASO,ES,Combined TRACON& Tower with Radar,17,23,19,5,64,0,2,17,0,19,17,25,36,5,83,0,0,0,83
05/26/2023,AGS,GA,ASO,ES,Combined TRACON& Tower with Radar,16,7,9,0,32,0,2,18,0,20,16,9,27,0,52,26,0,26,78
05/27/2023,AGS,GA,ASO,ES,Combined TRACON& Tower with Radar,11,10,18,0,39,0,0,1,0,1,11,10,19,0,40,0,0,0,40
05/28/2023,AGS,GA,ASO,ES,Combined TRACON& Tower with Radar,14,8,8,0,30,0,0,2,0,2,14,8,10,0,32,6,0,6,38
05/29/2023,AGS,GA,ASO,ES,Combined TRACON& Tower with Radar,15,11,5,0,31,0,5,11,0,16,15,16,16,0,47,58,0,58,105
05/30/2023,AGS,GA,ASO,ES,Combined TRACON& Tower with Radar,15,17,11,1,44,0,3,9,1,13,15,20,20,2,57,14,0,14,71
05/31/2023,AGS,GA,ASO,ES,Combined TRACON& Tower with Radar,15,14,22,33,84,0,1,3,1,5,15,15,25,34,89,10,32,42,131
06/01/2023,AGS,GA,ASO,ES,Combined TRACON& Tower with Radar,16,17,9,30,72,0,0,16,4,20,16,17,25,34,92,22,16,38,130
06/02/2023,AGS,GA,ASO,ES,Combined TRACON& Tower with Radar,15,11,16,19,61,0,2,15,7,24,15,13,31,26,85,12,20,32,117
06/03/2023,AGS,GA,ASO,ES,Combined TRACON& Tower with Radar,19,10,13,3,45,0,0,15,6,21,19,10,28,9,66,44,0,44,110
06/04/2023,AGS,GA,ASO,ES,Combined TRACON& Tower with Radar,21,14,10,0,45,0,10,11,0,21,21,24,21,0,66,14,0,14,80
06/05/2023,AGS,GA,ASO,ES,Combined TRACON& Tower with Radar,16,12,11,28,67,0,4,11,8,23,16,16,22,36,90,56,56,112,202
06/06/2023,AGS,GA,ASO,ES,Combined TRACON& Tower with Radar,15,10,22,14,61,0,0,6,6,12,15,10,28,20,73,0,16,16,89
06/07/2023,AGS,GA,ASO,ES,Combined TRACON& Tower with Radar,15,9,19,15,58,0,1,16,15,32,15,10,35,30,90,22,0,22,112
06/08/2023,AGS,GA,ASO,ES,Combined TRACON& Tower with Radar,15,9,27,13,64,0,1,28,8,37,15,10,55,21,101,12,4,16,117
06/09/2023,AGS,GA,ASO,ES,Combined TRACON& Tower with Radar,16,10,8,7,41,0,2,12,1,15,16,12,20,8,56,22,12,34,90
06/10/2023,AGS,GA,ASO,ES,Combined TRACON& Tower with Radar,13,10,7,8,38,0,1,18,2,21,13,11,25,10,59,12,8,20,79
06/11/2023,AGS,GA,ASO,ES,Combined TRACON& Tower with Radar,15,10,5,4,34,0,0,6,1,7,15,10,11,5,41,0,0,0,41
06/12/2023,AGS,GA,ASO,ES,Combined TRACON& Tower with Radar,17,10,14,12,53,0,4,3,2,9,17,14,17,14,62,22,14,36,98
06/13/2023,AGS,GA,ASO,ES,Combined TRACON& Tower with Radar,17,14,12,8,51,0,0,16,2,18,17,14,28,10,69,24,2,26,95
06/14/2023,AGS,GA,ASO,ES,Combined TRACON& Tower with Radar,16,7,20,0,43,0,0,2,0,2,16,7,22,0,45,0,0,0,45
06/15/2023,AGS,GA,ASO,ES,Combined TRACON& Tower with Radar,18,11,9,6,44,0,3,4,0,7,18,14,13,6,51,0,0,0,51
06/16/2023,AGS,GA,ASO,ES,Combined TRACON& Tower with Radar,19,10,16,17,62,0,0,5,4,9,19,10,21,21,71,54,0,54,125
06/17/2023,AGS,GA,ASO,ES,Combined TRACON& Tower with Radar,14,12,4,0,30,0,1,16,0,17,14,13,20,0,47,18,0,18,65
06/18/2023,AGS,GA,ASO,ES,Combined TRACON& Tower with Radar,16,8,7,0,31,0,0,4,0,4,16,8,11,0,35,32,0,32,67
06/19/2023,AGS,GA,ASO,ES,Combined TRACON& Tower with Radar,16,9,5,0,30,0,1,9,0,10,16,10,14,0,40,44,0,44,84
06/20/2023,AGS,GA,ASO,ES,Combined TRACON& Tower with Radar,15,8,17,1,41,0,0,3,0,3,15,8,20,1,44,0,0,0,44
06/21/2023,AGS,GA,ASO,ES,Combined TRACON& Tower with Radar,17,10,28,12,67,0,0,0,1,1,17,10,28,13,68,0,14,14,82
06/22/2023,AGS,GA,ASO,ES,Combined TRACON& Tower with Radar,17,15,14,5,51,0,0,1,0,1,17,15,15,5,52,0,0,0,52
06/23/2023,AGS,GA,ASO,ES,Combined TRACON& Tower with Radar,16,9,7,5,37,0,0,7,0,7,16,9,14,5,44,38,0,38,82
06/24/2023,AGS,GA,ASO,ES,Combined TRACON& Tower with Radar,15,11,11,2,39,0,2,29,0,31,15,13,40,2,70,68,4,72,142
06/25/2023,AGS,GA,ASO,ES,Combined TRACON& Tower with Radar,18,9,20,10,57,0,0,20,2,22,18,9,40,12,79,0,0,0,79
06/26/2023,AGS,GA,ASO,ES,Combined TRACON& Tower with Radar,16,8,10,7,41,0,0,7,0,7,16,8,17,7,48,22,16,38,86
06/27/2023,AGS,GA,ASO,ES,Combined TRACON& Tower with Radar,16,17,18,7,58,0,1,16,4,21,16,18,34,11,79,54,2,56,135
06/28/2023,AGS,GA,ASO,ES,Combined TRACON& Tower with Radar,16,13,21,14,64,0,2,22,0,24,16,15,43,14,88,28,0,28,116
06/29/2023,AGS,GA,ASO,ES,Combined TRACON& Tower with Radar,16,27,19,11,73,0,2,11,1,14,16,29,30,12,87,52,36,88,175
06/30/2023,AGS,GA,ASO,ES,Combined TRACON& Tower with Radar,18,18,20,13,69,0,2,17,2,21,18,20,37,15,90,40,12,52,142
07/01/2023,AGS,GA,ASO,ES,Combined TRACON& Tower with Radar,16,14,10,0,40,0,0,11,0,11,16,14,21,0,51,4,0,4,55
07/02/2023,AGS,GA,ASO,ES,Combined TRACON& Tower with Radar,15,13,1,0,29,0,0,5,0,5,15,13,6,0,34,0,0,0,34
07/03/2023,AGS,GA,ASO,ES,Combined TRACON& Tower with Radar,16,13,5,0,34,0,3,13,0,16,16,16,18,0,50,23,0,23,73
07/04/2023,AGS,GA,ASO,ES,Combined TRACON& Tower with Radar,11,8,10,0,29,0,2,9,0,11,11,10,19,0,40,14,0,14,54
07/05/2023,AGS,GA,ASO,ES,Combined TRACON& Tower with Radar,13,22,15,10,60,0,3,8,2,13,13,25,23,12,73,16,8,24,97
07/06/2023,AGS,GA,ASO,ES,Combined TRACON& Tower with Radar,16,41,49,33,139,0,0,7,3,10,16,41,56,36,149,8,14,22,171
07/07/2023,AGS,GA,ASO,ES,Combined TRACON& Tower with Radar,12,38,43,12,105,0,2,16,3,21,12,40,59,15,126,8,10,18,144
07/08/2023,AGS,GA,ASO,ES,Combined TRACON& Tower with Radar,14,37,33,2,86,0,1,15,0,16,14,38,48,2,102,26,0,26,128
07/09/2023,AGS,GA,ASO,ES,Combined TRACON& Tower with Radar,16,27,28,0,71,0,1,18,0,19,16,28,46,0,90,0,0,0,90
07/10/2023,AGS,GA,ASO,ES,Combined TRACON& Tower with Radar,16,11,5,2,34,0,4,2,0,6,16,15,7,2,40,40,0,40,80
07/11/2023,AGS,GA,ASO,ES,Combined TRACON& Tower with Radar,16,15,10,14,55,0,2,18,5,25,16,17,28,19,80,8,16,24,104
07/12/2023,AGS,GA,ASO,ES,Combined TRACON& Tower with Radar,18,11,19,17,65,0,2,18,2,22,18,13,37,19,87,10,32,42,129
07/13/2023,AGS,GA,ASO,ES,Combined TRACON& Tower with Radar,16,12,15,31,74,0,0,15,14,29,16,12,30,45,103,18,40,58,161
07/14/2023,AGS,GA,ASO,ES,Combined TRACON& Tower with Radar,16,10,13,19,58,0,1,8,2,11,16,11,21,21,69,10,14,24,93
07/15/2023,AGS,GA,ASO,ES,Combined TRACON& Tower with Radar,12,8,6,0,26,0,0,4,0,4,12,8,10,0,30,0,0,0,30
07/16/2023,AGS,GA,ASO,ES,Combined TRACON& Tower with Radar,16,13,10,7,46,0,3,16,1,20,16,16,26,8,66,6,12,18,84
07/17/2023,AGS,GA,ASO,ES,Combined TRACON& Tower with Radar,18,15,12,7,52,0,0,6,0,6,18,15,18,7,58,6,0,6,64
07/18/2023,AGS,GA,ASO,ES,Combined TRACON& Tower with Radar,16,15,27,40,98,0,0,10,3,13,16,15,37,43,111,23,14,37,148
07/19/2023,AGS,GA,ASO,ES,Combined TRACON& Tower with Radar,15,10,14,34,73,0,0,12,2,14,15,10,26,36,87,50,20,70,157
07/20/2023,AGS,GA,ASO,ES,Combined TRACON& Tower with Radar,23,12,21,9,65,0,2,18,0,20,23,14,39,9,85,26,2,28,113
07/21/2023,AGS,GA,ASO,ES,Combined TRACON& Tower with Radar,16,13,11,0,40,0,0,21,0,21,16,13,32,0,61,18,0,18,79
07/22/2023,AGS,GA,ASO,ES,Combined TRACON& Tower with Radar,14,12,11,0,37,0,0,5,0,5,14,12,16,0,42,2,0,2,44
07/23/2023,AGS,GA,ASO,ES,Combined TRACON& Tower with Radar,16,7,8,0,31,0,0,7,0,7,16,7,15,0,38,36,0,36,74
07/24/2023,AGS,GA,ASO,ES,Combined TRACON& Tower with Radar,16,14,14,12,56,0,3,9,2,14,16,17,23,14,70,12,16,28,98
07/25/2023,AGS,GA,ASO,ES,Combined TRACON& Tower with Radar,16,14,13,11,54,0,1,11,1,13,16,15,24,12,67,5,10,15,82
07/26/2023,AGS,GA,ASO,ES,Combined TRACON& Tower with Radar,17,10,13,4,44,0,1,15,0,16,17,11,28,4,60,32,0,32,92
07/27/2023,AGS,GA,ASO,ES,Combined TRACON& Tower with Radar,17,16,21,18,72,0,4,12,4,20,17,20,33,22,92,52,10,62,154
07/28/2023,AGS,GA,ASO,ES,Combined TRACON& Tower with Radar,15,16,15,17,63,0,4,18,1,23,15,20,33,18,86,78,16,94,180
07/29/2023,AGS,GA,ASO,ES,Combined TRACON& Tower with Radar,17,9,4,2,32,0,1,5,0,6,17,10,9,2,38,10,0,10,48
07/30/2023,AGS,GA,ASO,ES,Combined TRACON& Tower with Radar,16,13,14,7,50,0,5,10,1,16,16,18,24,8,66,18,0,18,84
07/31/2023,AGS,GA,ASO,ES,Combined TRACON& Tower with Radar,16,12,19,12,59,0,0,12,0,12,16,12,31,12,71,12,0,12,83
08/01/2023,AGS,GA,ASO,ES,Combined TRACON& Tower with Radar,14,11,16,13,54,0,0,16,0,16,14,11,32,13,70,48,0,48,118
08/02/2023,AGS,GA,ASO,ES,Combined TRACON& Tower with Radar,14,19,12,7,52,0,3,7,1,11,14,22,19,8,63,34,0,34,97
08/03/2023,AGS,GA,ASO,ES,Combined TRACON& Tower with Radar,17,8,17,18,60,0,0,9,1,10,17,8,26,19,70,54,18,72,142
08/04/2023,AGS,GA,ASO,ES,Combined TRACON& Tower with Radar,16,12,6,11,45,0,2,11,3,16,16,14,17,14,61,34,42,76,137
08/05/2023,AGS,GA,ASO,ES,Combined TRACON& Tower with Radar,13,10,12,3,38,0,0,29,0,29,13,10,41,3,67,12,0,12,79
08/06/2023,AGS,GA,ASO,ES,Combined TRACON& Tower with Radar,21,6,4,0,31,0,0,10,0,10,21,6,14,0,41,16,0,16,57
08/07/2023,AGS,GA,ASO,ES,Combined TRACON& Tower with Radar,14,8,27,9,58,0,0,6,0,6,14,8,33,9,64,3,12,15,79
08/08/2023,AGS,GA,ASO,ES,Combined TRACON& Tower with Radar,14,10,12,18,54,0,0,14,1,15,14,10,26,19,69,10,0,10,79
08/09/2023,AGS,GA,ASO,ES,Combined TRACON& Tower with Radar,14,18,17,8,57,0,6,22,0,28,14,24,39,8,85,81,0,81,166
08/10/2023,AGS,GA,ASO,ES,Combined TRACON& Tower with Radar,16,8,10,28,62,0,5,10,8,23,16,13,20,36,85,48,14,62,147
08/11/2023,AGS,GA,ASO,ES,Combined TRACON& Tower with Radar,16,9,9,2,36,0,0,15,1,16,16,9,24,3,52,12,2,14,66
08/12/2023,AGS,GA,ASO,ES,Combined TRACON& Tower with Radar,26,11,5,0,42,0,0,13,0,13,26,11,18,0,55,26,0,26,81
08/13/2023,AGS,GA,ASO,ES,Combined TRACON& Tower with Radar,19,12,11,2,44,0,4,12,0,16,19,16,23,2,60,48,0,48,108
08/14/2023,AGS,GA,ASO,ES,Combined TRACON& Tower with Radar,16,10,18,4,48,0,1,8,1,10,16,11,26,5,58,40,0,40,98
08/15/2023,AGS,GA,ASO,ES,Combined TRACON& Tower with Radar,14,13,14,4,45,0,1,8,4,13,14,14,22,8,58,46,0,46,104
08/16/2023,AGS,GA,ASO,ES,Combined TRACON& Tower with Radar,14,12,24,56,106,0,0,14,2,16,14,12,38,58,122,4,14,18,140
08/17/2023,AGS,GA,ASO,ES,Combined TRACON& Tower with Radar,18,13,27,27,85,0,0,10,3,13,18,13,37,30,98,34,8,42,140
08/18/2023,AGS,GA,ASO,ES,Combined TRACON& Tower with Radar,16,11,12,24,63,0,3,24,4,31,16,14,36,28,94,14,38,52,146
08/19/2023,AGS,GA,ASO,ES,Combined TRACON& Tower with Radar,13,13,7,0,33,0,2,14,0,16,13,15,21,0,49,8,0,8,57
08/20/2023,AGS,GA,ASO,ES,Combined TRACON& Tower with Radar,16,8,15,0,39,0,4,8,0,12,16,12,23,0,51,14,0,14,65
08/21/2023,AGS,GA,ASO,ES,Combined TRACON& Tower with Radar,16,4,25,13,58,0,6,13,5,24,16,10,38,18,82,50,30,80,162
08/22/2023,AGS,GA,ASO,ES,Combined TRACON& Tower with Radar,14,12,21,16,63,0,6,11,0,17,14,18,32,16,80,30,12,42,122
08/23/2023,AGS,GA,ASO,ES,Combined TRACON& Tower with Radar,14,13,34,15,76,0,0,11,5,16,14,13,45,20,92,14,4,18,110
08/24/2023,AGS,GA,ASO,ES,Combined TRACON& Tower with Radar,16,9,23,20,68,0,4,19,0,23,16,13,42,20,91,34,24,58,149
08/25/2023,AGS,GA,ASO,ES,Combined TRACON& Tower with Radar,18,17,22,32,89,0,0,26,3,29,18,17,48,35,118,44,30,74,192
08/26/2023,AGS,GA,ASO,ES,Combined TRACON& Tower with Radar,14,11,6,4,35,0,2,24,2,28,14,13,30,6,63,40,0,40,103
08/27/2023,AGS,GA,ASO,ES,Combined TRACON& Tower with Radar,15,11,4,2,32,0,2,13,0,15,15,13,17,2,47,0,0,0,47
08/28/2023,AGS,GA,ASO,ES,Combined TRACON& Tower with Radar,17,9,16,25,67,0,1,11,1,13,17,10,27,26,80,26,8,34,114
08/29/2023,AGS,GA,ASO,ES,Combined TRACON& Tower with Radar,14,9,6,5,34,0,0,5,0,5,14,9,11,5,39,0,14,14,53
08/30/2023,AGS,GA,ASO,ES,Combined TRACON& Tower with Radar,14,9,3,0,26,0,0,0,0,0,14,9,3,0,26,0,0,0,26
08/31/2023,AGS,GA,ASO,ES,Combined TRACON& Tower with Radar,18,17,16,0,51,0,1,15,1,17,18,18,31,1,68,46,0,46,114
