01/01/2000,AHN,GA,ASO,ES,Federal Contract Tower,0,2,8,0,10,0,2,7,0,9,0,4,15,0,19,0,0,0,19
01/02/2000,AHN,GA,ASO,ES,Federal Contract Tower,0,5,36,0,41,0,0,5,0,5,0,5,41,0,46,0,0,0,46
01/03/2000,AHN,GA,ASO,ES,Federal Contract Tower,0,4,23,1,28,0,0,42,0,42,0,4,65,1,70,56,0,56,126
01/04/2000,AHN,GA,ASO,ES,Federal Contract Tower,0,3,12,1,16,0,4,16,1,21,0,7,28,2,37,48,0,48,85
01/05/2000,AHN,GA,ASO,ES,Federal Contract Tower,0,5,30,1,36,0,0,64,3,67,0,5,94,4,103,100,2,102,205
01/06/2000,AHN,GA,ASO,ES,Federal Contract Tower,0,6,38,0,44,0,0,90,0,90,0,6,128,0,134,84,0,84,218
01/07/2000,AHN,GA,ASO,ES,Federal Contract Tower,0,5,33,0,38,0,0,56,0,56,0,5,89,0,94,104,0,104,198
01/08/2000,AHN,GA,ASO,ES,Federal Contract Tower,0,3,22,1,26,0,1,83,1,85,0,4,105,2,111,72,0,72,183
01/09/2000,AHN,GA,ASO,ES,Federal Contract Tower,0,5,26,0,31,0,4,0,0,4,0,9,26,0,35,0,0,0,35
01/10/2000,AHN,GA,ASO,ES,Federal Contract Tower,0,3,22,0,25,0,1,22,0,23,0,4,44,0,48,8,0,8,56
01/11/2000,AHN,GA,ASO,ES,Federal Contract Tower,0,3,31,0,34,0,0,70,0,70,0,3,101,0,104,62,0,62,166
01/12/2000,AHN,GA,ASO,ES,Federal Contract Tower,0,4,51,0,55,0,0,82,2,84,0,4,133,2,139,128,2,130,269
01/13/2000,AHN,GA,ASO,ES,Federal Contract Tower,0,6,40,0,46,0,0,42,0,42,0,6,82,0,88,8,0,8,96
01/14/2000,AHN,GA,ASO,ES,Federal Contract Tower,0,4,26,0,30,0,1,90,0,91,0,5,116,0,121,75,0,75,196
01/15/2000,AHN,GA,ASO,ES,Federal Contract Tower,0,4,28,0,32,0,0,102,2,104,0,4,130,2,136,136,0,136,272
01/16/2000,AHN,GA,ASO,ES,Federal Contract Tower,0,4,28,0,32,0,1,68,4,73,0,5,96,4,105,142,0,142,247
01/17/2000,AHN,GA,ASO,ES,Federal Contract Tower,0,6,37,0,43,0,3,61,0,64,0,9,98,0,107,206,0,206,313
01/18/2000,AHN,GA,ASO,ES,Federal Contract Tower,0,3,20,0,23,0,1,2,0,3,0,4,22,0,26,0,0,0,26
01/19/2000,AHN,GA,ASO,ES,Federal Contract Tower,0,3,33,0,36,0,0,37,2,39,0,3,70,2,75,46,0,46,121
01/20/2000,AHN,GA,ASO,ES,Federal Contract Tower,0,4,24,0,28,0,2,2,0,4,0,6,26,0,32,0,0,0,32
01/21/2000,AHN,GA,ASO,ES,Federal Contract Tower,0,6,42,0,48,0,0,76,4,80,0,6,118,4,128,138,2,140,268
01/22/2000,AHN,GA,ASO,ES,Federal Contract Tower,0,2,17,0,19,0,0,23,0,23,0,2,40,0,42,16,0,16,58
01/23/2000,AHN,GA,ASO,ES,Federal Contract Tower,0,1,5,0,6,0,1,0,0,1,0,2,5,0,7,0,0,0,7
01/24/2000,AHN,GA,ASO,ES,Federal Contract Tower,0,0,14,0,14,0,0,4,0,4,0,0,18,0,18,0,0,0,18
01/25/2000,AHN,GA,ASO,ES,Federal Contract Tower,0,4,31,0,35,0,0,56,0,56,0,4,87,0,91,30,0,30,121
01/26/2000,AHN,GA,ASO,ES,Federal Contract Tower,0,6,42,0,48,0,0,28,6,34,0,6,70,6,82,26,2,28,110
01/27/2000,AHN,GA,ASO,ES,Federal Contract Tower,0,4,24,0,28,0,1,63,0,64,0,5,87,0,92,96,0,96,188
01/28/2000,AHN,GA,ASO,ES,Federal Contract Tower,0,3,19,0,22,0,3,8,6,17,0,6,27,6,39,22,6,28,67
01/29/2000,AHN,GA,ASO,ES,Federal Contract Tower,0,0,1,0,1,0,1,4,0,5,0,1,5,0,6,0,0,0,6
01/30/2000,AHN,GA,ASO,ES,Federal Contract Tower,0,0,5,0,5,0,0,2,0,2,0,0,7,0,7,0,0,0,7
01/31/2000,AHN,GA,ASO,ES,Federal Contract Tower,0,5,28,0,33,0,0,25,0,25,0,5,53,0,58,80,0,80,138
02/01/2000,AHN,GA,ASO,ES,Federal Contract Tower,0,6,40,0,46,0,5,63,0,68,0,11,103,0,114,58,6,64,178
02/02/2000,AHN,GA,ASO,ES,Federal Contract Tower,0,6,39,0,45,0,2,66,2,70,0,8,105,2,115,93,0,93,208
02/03/2000,AHN,GA,ASO,ES,Federal Contract Tower,0,6,44,0,50,0,0,57,9,66,0,6,101,9,116,130,20,150,266
02/04/2000,AHN,GA,ASO,ES,Federal Contract Tower,0,4,29,0,33,0,5,40,2,47,0,9,69,2,80,96,0,96,176
02/05/2000,AHN,GA,ASO,ES,Federal Contract Tower,1,3,32,0,36,0,0,76,5,81,1,3,108,5,117,56,10,66,183
02/06/2000,AHN,GA,ASO,ES,Federal Contract Tower,0,5,38,1,44,1,1,104,8,114,1,6,142,9,158,100,12,112,270
02/07/2000,AHN,GA,ASO,ES,Federal Contract Tower,0,4,28,1,33,0,1,62,2,65,0,5,90,3,98,94,0,94,192
02/08/2000,AHN,GA,ASO,ES,Federal Contract Tower,0,4,27,1,32,1,1,61,0,63,1,5,88,1,95,110,0,110,205
02/09/2000,AHN,GA,ASO,ES,Federal Contract Tower,0,4,33,1,38,0,0,85,6,91,0,4,118,7,129,186,4,190,319
02/10/2000,AHN,GA,ASO,ES,Federal Contract Tower,0,5,33,1,39,0,1,93,5,99,0,6,126,6,138,248,0,248,386
02/11/2000,AHN,GA,ASO,ES,Federal Contract Tower,0,8,44,1,53,0,0,71,1,72,0,8,115,2,125,104,0,104,229
02/12/2000,AHN,GA,ASO,ES,Federal Contract Tower,0,4,29,0,33,0,0,11,0,11,0,4,40,0,44,20,0,20,64
02/13/2000,AHN,GA,ASO,ES,Federal Contract Tower,0,1,6,0,7,0,0,1,0,1,0,1,7,0,8,0,0,0,8
02/14/2000,AHN,GA,ASO,ES,Federal Contract Tower,0,4,24,1,29,0,0,20,1,21,0,4,44,2,50,24,0,24,74
02/15/2000,AHN,GA,ASO,ES,Federal Contract Tower,0,5,44,1,50,0,0,87,1,88,0,5,131,2,138,114,0,114,252
02/16/2000,AHN,GA,ASO,ES,Federal Contract Tower,0,5,29,0,34,2,0,83,0,85,2,5,112,0,119,150,0,150,269
02/17/2000,AHN,GA,ASO,ES,Federal Contract Tower,0,5,31,1,37,0,0,45,0,45,0,5,76,1,82,50,2,52,134
02/18/2000,AHN,GA,ASO,ES,Federal Contract Tower,0,4,25,0,29,0,2,0,0,2,0,6,25,0,31,0,0,0,31
02/19/2000,AHN,GA,ASO,ES,Federal Contract Tower,0,3,45,0,48,0,0,36,0,36,0,3,81,0,84,30,0,30,114
02/20/2000,AHN,GA,ASO,ES,Federal Contract Tower,0,5,34,1,40,0,0,132,2,134,0,5,166,3,174,140,0,140,314
02/21/2000,AHN,GA,ASO,ES,Federal Contract Tower,0,5,34,0,39,0,0,73,0,73,0,5,107,0,112,246,0,246,358
02/22/2000,AHN,GA,ASO,ES,Federal Contract Tower,0,3,19,0,22,0,3,79,0,82,0,6,98,0,104,110,0,110,214
02/23/2000,AHN,GA,ASO,ES,Federal Contract Tower,0,7,39,0,46,0,1,58,2,61,0,8,97,2,107,34,0,34,141
02/24/2000,AHN,GA,ASO,ES,Federal Contract Tower,0,5,30,0,35,0,0,22,1,23,0,5,52,1,58,10,0,10,68
02/25/2000,AHN,GA,ASO,ES,Federal Contract Tower,0,3,42,0,45,0,0,92,9,101,0,3,134,9,146,94,0,94,240
02/26/2000,AHN,GA,ASO,ES,Federal Contract Tower,0,4,29,0,33,0,0,104,6,110,0,4,133,6,143,90,0,90,233
02/27/2000,AHN,GA,ASO,ES,Federal Contract Tower,0,5,39,0,44,0,0,12,0,12,0,5,51,0,56,8,0,8,64
02/28/2000,AHN,GA,ASO,ES,Federal Contract Tower,0,5,31,0,36,0,0,56,0,56,0,5,87,0,92,94,0,94,186
02/29/2000,AHN,GA,ASO,ES,Federal Contract Tower,0,4,34,0,38,0,0,102,6,108,0,4,136,6,146,134,2,136,282
03/01/2000,AHN,GA,ASO,ES,Federal Contract Tower,0,5,64,2,71,0,0,51,7,58,0,5,115,9,129,126,10,136,265
03/02/2000,AHN,GA,ASO,ES,Federal Contract Tower,0,7,55,2,64,0,0,78,0,78,0,7,133,2,142,104,0,104,246
03/03/2000,AHN,GA,ASO,ES,Federal Contract Tower,0,5,37,0,42,1,4,76,0,81,1,9,113,0,123,80,0,80,203
03/04/2000,AHN,GA,ASO,ES,Federal Contract Tower,0,3,21,1,25,0,3,9,3,15,0,6,30,4,40,8,0,8,48
03/05/2000,AHN,GA,ASO,ES,Federal Contract Tower,0,5,42,0,47,0,1,100,0,101,0,6,142,0,148,80,0,80,228
03/06/2000,AHN,GA,ASO,ES,Federal Contract Tower,0,4,32,2,38,0,1,59,10,70,0,5,91,12,108,88,0,88,196
03/07/2000,AHN,GA,ASO,ES,Federal Contract Tower,0,4,27,0,31,0,0,84,0,84,0,4,111,0,115,59,0,59,174
03/08/2000,AHN,GA,ASO,ES,Federal Contract Tower,0,4,56,2,62,0,0,94,7,101,0,4,150,9,163,130,6,136,299
03/09/2000,AHN,GA,ASO,ES,Federal Contract Tower,0,3,24,0,27,0,2,34,0,36,0,5,58,0,63,72,0,72,135
03/10/2000,AHN,GA,ASO,ES,Federal Contract Tower,0,5,45,0,50,0,0,36,0,36,0,5,81,0,86,84,0,84,170
03/11/2000,AHN,GA,ASO,ES,Federal Contract Tower,0,2,12,0,14,0,2,8,0,10,0,4,20,0,24,44,0,44,68
03/12/2000,AHN,GA,ASO,ES,Federal Contract Tower,0,6,43,2,51,0,0,57,1,58,0,6,100,3,109,50,2,52,161
03/13/2000,AHN,GA,ASO,ES,Federal Contract Tower,0,3,25,1,29,0,0,95,0,95,0,3,120,1,124,136,0,136,260
03/14/2000,AHN,GA,ASO,ES,Federal Contract Tower,0,5,41,2,48,0,0,102,5,107,0,5,143,7,155,136,4,140,295
03/15/2000,AHN,GA,ASO,ES,Federal Contract Tower,0,4,25,1,30,0,1,48,1,50,0,5,73,2,80,92,0,92,172
03/16/2000,AHN,GA,ASO,ES,Federal Contract Tower,0,4,28,0,32,0,0,5,0,5,0,4,33,0,37,8,0,8,45
03/17/2000,AHN,GA,ASO,ES,Federal Contract Tower,0,4,35,1,40,0,1,62,2,65,0,5,97,3,105,104,2,106,211
03/18/2000,AHN,GA,ASO,ES,Federal Contract Tower,0,4,41,1,46,0,0,48,0,48,0,4,89,1,94,62,0,62,156
03/19/2000,AHN,GA,ASO,ES,Federal Contract Tower,0,4,33,0,37,0,0,3,0,3,0,4,36,0,40,10,0,10,50
03/20/2000,AHN,GA,ASO,ES,Federal Contract Tower,0,4,55,1,60,0,0,35,9,44,0,4,90,10,104,146,6,152,256
03/21/2000,AHN,GA,ASO,ES,Federal Contract Tower,0,5,55,0,60,0,0,84,0,84,0,5,139,0,144,174,0,174,318
03/22/2000,AHN,GA,ASO,ES,Federal Contract Tower,0,4,33,1,38,0,1,86,1,88,0,5,119,2,126,146,0,146,272
03/23/2000,AHN,GA,ASO,ES,Federal Contract Tower,0,5,46,1,52,0,0,73,3,76,0,5,119,4,128,100,0,100,228
03/24/2000,AHN,GA,ASO,ES,Federal Contract Tower,0,5,40,1,46,0,0,103,2,105,0,5,143,3,151,126,0,126,277
03/25/2000,AHN,GA,ASO,ES,Federal Contract Tower,0,4,44,1,49,0,0,77,6,83,0,4,121,7,132,140,4,144,276
03/26/2000,AHN,GA,ASO,ES,Federal Contract Tower,0,5,42,1,48,0,0,102,18,120,0,5,144,19,168,64,2,66,234
03/27/2000,AHN,GA,ASO,ES,Federal Contract Tower,0,6,50,1,57,0,3,8,1,12,0,9,58,2,69,34,0,34,103
03/28/2000,AHN,GA,ASO,ES,Federal Contract Tower,0,3,23,0,26,0,1,27,2,30,0,4,50,2,56,14,2,16,72
03/29/2000,AHN,GA,ASO,ES,Federal Contract Tower,0,4,40,1,45,0,0,72,5,77,0,4,112,6,122,122,2,124,246
03/30/2000,AHN,GA,ASO,ES,Federal Contract Tower,0,2,18,0,20,0,3,9,0,12,0,5,27,0,32,50,0,50,82
03/31/2000,AHN,GA,ASO,ES,Federal Contract Tower,0,7,64,2,73,0,0,89,0,89,0,7,153,2,162,64,10,74,236
04/01/2000,AHN,GA,ASO,ES,Federal Contract Tower,0,4,51,0,55,0,0,78,0,78,0,4,129,0,133,112,0,112,245
04/02/2000,AHN,GA,ASO,ES,Federal Contract Tower,0,3,30,1,34,0,1,1,1,3,0,4,31,2,37,0,0,0,37
04/03/2000,AHN,GA,ASO,ES,Federal Contract Tower,0,3,27,0,30,0,3,0,0,3,0,6,27,0,33,2,0,2,35
04/04/2000,AHN,GA,ASO,ES,Federal Contract Tower,0,4,32,1,37,0,1,10,5,16,0,5,42,6,53,0,4,4,57
04/05/2000,AHN,GA,ASO,ES,Federal Contract Tower,0,5,46,0,51,0,0,105,0,105,0,5,151,0,156,152,0,152,308
04/06/2000,AHN,GA,ASO,ES,Federal Contract Tower,0,5,43,2,50,0,2,91,3,96,0,7,134,5,146,118,2,120,266
04/07/2000,AHN,GA,ASO,ES,Federal Contract Tower,0,4,28,1,33,0,1,80,3,84,0,5,108,4,117,48,0,48,165
04/08/2000,AHN,GA,ASO,ES,Federal Contract Tower,0,3,30,1,34,0,0,9,0,9,0,3,39,1,43,0,0,0,43
04/09/2000,AHN,GA,ASO,ES,Federal Contract Tower,0,3,49,2,54,0,0,120,4,124,0,3,169,6,178,26,0,26,204
04/10/2000,AHN,GA,ASO,ES,Federal Contract Tower,0,3,24,1,28,0,2,77,0,79,0,5,101,1,107,90,0,90,197
04/11/2000,AHN,GA,ASO,ES,Federal Contract Tower,0,4,26,0,30,0,1,70,0,71,0,5,96,0,101,64,0,64,165
04/12/2000,AHN,GA,ASO,ES,Federal Contract Tower,0,6,51,2,59,0,1,66,0,67,0,7,117,2,126,54,0,54,180
04/13/2000,AHN,GA,ASO,ES,Federal Contract Tower,0,5,34,1,40,0,0,3,2,5,0,5,37,3,45,8,0,8,53
04/14/2000,AHN,GA,ASO,ES,Federal Contract Tower,0,6,45,2,53,0,2,0,4,6,0,8,45,6,59,0,0,0,59
04/15/2000,AHN,GA,ASO,ES,Federal Contract Tower,0,1,11,1,13,0,1,22,0,23,0,2,33,1,36,2,0,2,38
04/16/2000,AHN,GA,ASO,ES,Federal Contract Tower,0,3,23,1,27,0,0,121,6,127,0,3,144,7,154,366,0,366,520
04/17/2000,AHN,GA,ASO,ES,Federal Contract Tower,0,3,53,1,57,0,0,42,0,42,0,3,95,1,99,96,0,96,195
04/18/2000,AHN,GA,ASO,ES,Federal Contract Tower,0,5,42,1,48,0,2,57,3,62,0,7,99,4,110,142,0,142,252
04/19/2000,AHN,GA,ASO,ES,Federal Contract Tower,0,5,39,0,44,0,1,98,2,101,0,6,137,2,145,134,10,144,289
04/20/2000,AHN,GA,ASO,ES,Federal Contract Tower,0,5,34,0,39,0,0,83,10,93,0,5,117,10,132,94,0,94,226
04/21/2000,AHN,GA,ASO,ES,Federal Contract Tower,0,5,37,0,42,0,0,43,0,43,0,5,80,0,85,26,0,26,111
04/22/2000,AHN,GA,ASO,ES,Federal Contract Tower,0,2,25,0,27,0,0,72,0,72,0,2,97,0,99,20,0,20,119
04/23/2000,AHN,GA,ASO,ES,Federal Contract Tower,0,2,38,0,40,0,0,68,0,68,0,2,106,0,108,52,0,52,160
04/24/2000,AHN,GA,ASO,ES,Federal Contract Tower,0,3,21,0,24,0,0,10,0,10,0,3,31,0,34,6,0,6,40
04/25/2000,AHN,GA,ASO,ES,Federal Contract Tower,0,5,45,1,51,0,0,12,4,16,0,5,57,5,67,40,4,44,111
04/26/2000,AHN,GA,ASO,ES,Federal Contract Tower,0,5,55,1,61,0,0,62,2,64,0,5,117,3,125,104,0,104,229
04/27/2000,AHN,GA,ASO,ES,Federal Contract Tower,0,5,34,0,39,0,0,81,0,81,0,5,115,0,120,64,0,64,184
04/28/2000,AHN,GA,ASO,ES,Federal Contract Tower,0,5,37,0,42,0,0,27,2,29,0,5,64,2,71,22,0,22,93
04/29/2000,AHN,GA,ASO,ES,Federal Contract Tower,0,2,28,0,30,0,0,84,0,84,0,2,112,0,114,120,0,120,234
04/30/2000,AHN,GA,ASO,ES,Federal Contract Tower,0,3,50,1,54,0,0,128,7,135,0,3,178,8,189,102,4,106,295
05/01/2000,AHN,GA,ASO,ES,Federal Contract Tower,0,3,30,1,34,0,4,69,1,74,0,7,99,2,108,68,10,78,186
05/02/2000,AHN,GA,ASO,ES,Federal Contract Tower,0,5,49,1,55,0,0,35,3,38,0,5,84,4,93,86,4,90,183
05/03/2000,AHN,GA,ASO,ES,Federal Contract Tower,0,6,40,1,47,0,0,43,1,44,0,6,83,2,91,92,0,92,183
05/04/2000,AHN,GA,ASO,ES,Federal Contract Tower,0,4,35,1,40,0,0,19,4,23,0,4,54,5,63,30,2,32,95
05/05/2000,AHN,GA,ASO,ES,Federal Contract Tower,0,5,50,2,57,0,0,91,4,95,0,5,141,6,152,64,0,64,216
05/06/2000,AHN,GA,ASO,ES,Federal Contract Tower,0,3,28,1,32,0,0,71,10,81,0,3,99,11,113,94,0,94,207
05/07/2000,AHN,GA,ASO,ES,Federal Contract Tower,0,3,29,0,32,0,0,92,0,92,0,3,121,0,124,61,0,61,185
05/08/2000,AHN,GA,ASO,ES,Federal Contract Tower,0,4,38,1,43,0,0,41,7,48,0,4,79,8,91,48,0,48,139
05/09/2000,AHN,GA,ASO,ES,Federal Contract Tower,0,4,39,0,43,0,0,61,0,61,0,4,100,0,104,86,0,86,190
05/10/2000,AHN,GA,ASO,ES,Federal Contract Tower,0,6,36,1,43,0,3,24,1,28,0,9,60,2,71,12,2,14,85
05/11/2000,AHN,GA,ASO,ES,Federal Contract Tower,0,3,18,0,21,0,2,64,0,66,0,5,82,0,87,78,0,78,165
05/12/2000,AHN,GA,ASO,ES,Federal Contract Tower,0,5,34,0,39,0,0,58,0,58,0,5,92,0,97,60,0,60,157
05/13/2000,AHN,GA,ASO,ES,Federal Contract Tower,0,2,29,1,32,0,0,54,1,55,0,2,83,2,87,120,10,130,217
05/14/2000,AHN,GA,ASO,ES,Federal Contract Tower,0,3,25,0,28,0,0,45,0,45,0,3,70,0,73,92,0,92,165
05/15/2000,AHN,GA,ASO,ES,Federal Contract Tower,0,4,29,1,34,0,4,38,0,42,0,8,67,1,76,84,0,84,160
05/16/2000,AHN,GA,ASO,ES,Federal Contract Tower,0,4,34,1,39,0,0,63,3,66,0,4,97,4,105,66,10,76,181
05/17/2000,AHN,GA,ASO,ES,Federal Contract Tower,0,4,40,1,45,0,0,53,7,60,0,4,93,8,105,88,0,88,193
05/18/2000,AHN,GA,ASO,ES,Federal Contract Tower,0,5,33,1,39,0,2,70,1,73,0,7,103,2,112,50,0,50,162
05/19/2000,AHN,GA,ASO,ES,Federal Contract Tower,0,5,34,1,40,0,2,72,1,75,0,7,106,2,115,146,0,146,261
05/20/2000,AHN,GA,ASO,ES,Federal Contract Tower,0,2,35,0,37,0,0,57,8,65,0,2,92,8,102,86,0,86,188
05/21/2000,AHN,GA,ASO,ES,Federal Contract Tower,0,3,30,0,33,0,0,43,0,43,0,3,73,0,76,96,0,96,172
05/22/2000,AHN,GA,ASO,ES,Federal Contract Tower,0,4,25,0,29,0,1,40,2,43,0,5,65,2,72,16,0,16,88
05/23/2000,AHN,GA,ASO,ES,Federal Contract Tower,0,4,18,0,22,0,1,0,0,1,0,5,18,0,23,32,0,32,55
05/24/2000,AHN,GA,ASO,ES,Federal Contract Tower,0,3,24,0,27,0,2,54,0,56,0,5,78,0,83,28,0,28,111
05/25/2000,AHN,GA,ASO,ES,Federal Contract Tower,0,4,41,0,45,0,0,25,0,25,0,4,66,0,70,18,0,18,88
05/26/2000,AHN,GA,ASO,ES,Federal Contract Tower,0,6,39,0,45,0,4,52,0,56,0,10,91,0,101,38,0,38,139
05/27/2000,AHN,GA,ASO,ES,Federal Contract Tower,0,2,14,0,16,0,0,53,0,53,0,2,67,0,69,30,0,30,99
05/28/2000,AHN,GA,ASO,ES,Federal Contract Tower,0,1,0,0,1,0,0,0,0,0,0,1,0,0,1,2,0,2,3
05/29/2000,AHN,GA,ASO,ES,Federal Contract Tower,0,3,32,0,35,0,0,92,0,92,0,3,124,0,127,32,0,32,159
05/30/2000,AHN,GA,ASO,ES,Federal Contract Tower,0,3,19,0,22,0,4,42,2,48,0,7,61,2,70,40,0,40,110
05/31/2000,AHN,GA,ASO,ES,Federal Contract Tower,0,7,45,0,52,0,0,77,2,79,0,7,122,2,131,82,2,84,215
06/01/2000,AHN,GA,ASO,ES,Federal Contract Tower,0,4,31,0,35,0,1,67,0,68,0,5,98,0,103,128,0,128,231
06/02/2000,AHN,GA,ASO,ES,Federal Contract Tower,0,4,32,1,37,0,1,67,1,69,0,5,99,2,106,90,0,90,196
06/03/2000,AHN,GA,ASO,ES,Federal Contract Tower,0,3,33,2,38,0,0,58,30,88,0,3,91,32,126,80,16,96,222
06/04/2000,AHN,GA,ASO,ES,Federal Contract Tower,0,4,28,1,33,0,0,30,1,31,0,4,58,2,64,60,0,60,124
06/05/2000,AHN,GA,ASO,ES,Federal Contract Tower,0,5,37,0,42,0,2,0,0,2,0,7,37,0,44,14,0,14,58
06/06/2000,AHN,GA,ASO,ES,Federal Contract Tower,0,4,33,2,39,0,1,63,0,64,0,5,96,2,103,74,2,76,179
06/07/2000,AHN,GA,ASO,ES,Federal Contract Tower,0,4,26,1,31,0,0,45,1,46,0,4,71,2,77,86,0,86,163
06/08/2000,AHN,GA,ASO,ES,Federal Contract Tower,0,5,27,1,33,0,1,70,12,83,0,6,97,13,116,276,2,278,394
06/09/2000,AHN,GA,ASO,ES,Federal Contract Tower,0,5,34,2,41,0,1,61,9,71,0,6,95,11,112,232,4,236,348
06/10/2000,AHN,GA,ASO,ES,Federal Contract Tower,0,2,16,0,18,0,0,59,0,59,0,2,75,0,77,36,0,36,113
06/11/2000,AHN,GA,ASO,ES,Federal Contract Tower,0,3,32,1,36,0,0,86,1,87,0,3,118,2,123,188,0,188,311
06/12/2000,AHN,GA,ASO,ES,Federal Contract Tower,0,5,34,2,41,0,0,54,0,54,0,5,88,2,95,116,0,116,211
06/13/2000,AHN,GA,ASO,ES,Federal Contract Tower,0,5,36,0,41,0,2,41,0,43,0,7,77,0,84,64,0,64,148
06/14/2000,AHN,GA,ASO,ES,Federal Contract Tower,0,5,34,2,41,0,0,52,0,52,0,5,86,2,93,204,0,204,297
06/15/2000,AHN,GA,ASO,ES,Federal Contract Tower,0,3,20,1,24,0,2,51,1,54,0,5,71,2,78,70,0,70,148
06/16/2000,AHN,GA,ASO,ES,Federal Contract Tower,0,4,32,1,37,0,0,24,3,27,0,4,56,4,64,28,0,28,92
06/17/2000,AHN,GA,ASO,ES,Federal Contract Tower,0,4,31,0,35,0,0,57,0,57,0,4,88,0,92,84,0,84,176
06/18/2000,AHN,GA,ASO,ES,Federal Contract Tower,0,2,16,0,18,0,3,33,0,36,0,5,49,0,54,62,0,62,116
06/19/2000,AHN,GA,ASO,ES,Federal Contract Tower,0,5,28,0,33,0,3,43,0,46,0,8,71,0,79,60,0,60,139
06/20/2000,AHN,GA,ASO,ES,Federal Contract Tower,0,7,45,0,52,0,0,64,0,64,0,7,109,0,116,74,0,74,190
06/21/2000,AHN,GA,ASO,ES,Federal Contract Tower,0,6,51,0,57,0,0,41,0,41,0,6,92,0,98,58,0,58,156
06/22/2000,AHN,GA,ASO,ES,Federal Contract Tower,0,5,8,0,13,0,0,0,0,0,0,5,8,0,13,60,0,60,73
06/23/2000,AHN,GA,ASO,ES,Federal Contract Tower,0,4,31,0,35,0,0,66,7,73,0,4,97,7,108,82,10,92,200
06/24/2000,AHN,GA,ASO,ES,Federal Contract Tower,0,2,15,0,17,0,0,76,0,76,0,2,91,0,93,82,0,82,175
06/25/2000,AHN,GA,ASO,ES,Federal Contract Tower,0,3,28,0,31,0,0,57,0,57,0,3,85,0,88,26,0,26,114
06/26/2000,AHN,GA,ASO,ES,Federal Contract Tower,0,5,32,0,37,0,0,41,2,43,0,5,73,2,80,12,0,12,92
06/27/2000,AHN,GA,ASO,ES,Federal Contract Tower,0,5,49,0,54,0,0,60,0,60,0,5,109,0,114,124,0,124,238
06/28/2000,AHN,GA,ASO,ES,Federal Contract Tower,0,5,43,0,48,0,0,14,0,14,0,5,57,0,62,14,0,14,76
06/29/2000,AHN,GA,ASO,ES,Federal Contract Tower,0,5,40,1,46,0,0,8,1,9,0,5,48,2,55,8,0,8,63
06/30/2000,AHN,GA,ASO,ES,Federal Contract Tower,0,4,45,1,50,0,0,60,1,61,0,4,105,2,111,90,0,90,201
07/01/2000,AHN,GA,ASO,ES,Federal Contract Tower,0,1,28,0,29,0,0,69,0,69,0,1,97,0,98,78,0,78,176
07/02/2000,AHN,GA,ASO,ES,Federal Contract Tower,0,2,21,1,24,0,0,60,1,61,0,2,81,2,85,48,0,48,133
07/03/2000,AHN,GA,ASO,ES,Federal Contract Tower,0,0,8,0,8,0,2,41,0,43,0,2,49,0,51,40,0,40,91
07/04/2000,AHN,GA,ASO,ES,Federal Contract Tower,0,2,21,2,25,0,1,45,6,52,0,3,66,8,77,68,4,72,149
07/05/2000,AHN,GA,ASO,ES,Federal Contract Tower,0,3,17,0,20,0,2,40,0,42,0,5,57,0,62,0,0,0,62
07/06/2000,AHN,GA,ASO,ES,Federal Contract Tower,0,2,12,1,15,0,3,35,7,45,0,5,47,8,60,44,0,44,104
07/07/2000,AHN,GA,ASO,ES,Federal Contract Tower,0,4,40,0,44,0,0,55,0,55,0,4,95,0,99,42,0,42,141
07/08/2000,AHN,GA,ASO,ES,Federal Contract Tower,0,2,23,0,25,0,0,42,0,42,0,2,65,0,67,48,0,48,115
07/09/2000,AHN,GA,ASO,ES,Federal Contract Tower,0,3,20,1,24,0,0,61,1,62,0,3,81,2,86,64,0,64,150
07/10/2000,AHN,GA,ASO,ES,Federal Contract Tower,0,3,26,0,29,0,2,56,0,58,0,5,82,0,87,60,0,60,147
07/11/2000,AHN,GA,ASO,ES,Federal Contract Tower,0,4,31,0,35,0,1,35,0,36,0,5,66,0,71,34,0,34,105
07/12/2000,AHN,GA,ASO,ES,Federal Contract Tower,0,4,37,2,43,0,0,35,11,46,0,4,72,13,89,38,0,38,127
07/13/2000,AHN,GA,ASO,ES,Federal Contract Tower,0,7,56,0,63,0,0,33,0,33,0,7,89,0,96,60,0,60,156
07/14/2000,AHN,GA,ASO,ES,Federal Contract Tower,0,5,32,2,39,0,0,58,8,66,0,5,90,10,105,114,0,114,219
07/15/2000,AHN,GA,ASO,ES,Federal Contract Tower,0,2,31,2,35,0,0,61,12,73,0,2,92,14,108,96,8,104,212
07/16/2000,AHN,GA,ASO,ES,Federal Contract Tower,0,3,34,2,39,0,0,96,2,98,0,3,130,4,137,126,0,126,263
07/17/2000,AHN,GA,ASO,ES,Federal Contract Tower,0,4,29,0,33,0,1,92,0,93,0,5,121,0,126,86,0,86,212
07/18/2000,AHN,GA,ASO,ES,Federal Contract Tower,0,6,37,0,43,0,1,101,0,102,0,7,138,0,145,102,0,102,247
07/19/2000,AHN,GA,ASO,ES,Federal Contract Tower,0,4,31,2,37,0,0,52,10,62,0,4,83,12,99,72,8,80,179
07/20/2000,AHN,GA,ASO,ES,Federal Contract Tower,0,5,37,1,43,0,0,66,1,67,0,5,103,2,110,34,2,36,146
07/21/2000,AHN,GA,ASO,ES,Federal Contract Tower,0,5,36,0,41,0,0,58,0,58,0,5,94,0,99,88,0,88,187
07/22/2000,AHN,GA,ASO,ES,Federal Contract Tower,0,0,8,0,8,0,2,62,4,68,0,2,70,4,76,26,0,26,102
07/23/2000,AHN,GA,ASO,ES,Federal Contract Tower,0,3,21,0,24,0,0,22,5,27,0,3,43,5,51,58,0,58,109
07/24/2000,AHN,GA,ASO,ES,Federal Contract Tower,0,4,27,0,31,0,1,25,0,26,0,5,52,0,57,44,0,44,101
07/25/2000,AHN,GA,ASO,ES,Federal Contract Tower,0,6,44,2,52,0,1,8,1,10,0,7,52,3,62,50,2,52,114
07/26/2000,AHN,GA,ASO,ES,Federal Contract Tower,0,4,32,1,37,0,0,21,3,24,0,4,53,4,61,52,4,56,117
07/27/2000,AHN,GA,ASO,ES,Federal Contract Tower,0,5,37,1,43,0,0,39,7,46,0,5,76,8,89,54,8,62,151
07/28/2000,AHN,GA,ASO,ES,Federal Contract Tower,0,5,32,1,38,0,0,45,8,53,0,5,77,9,91,46,6,52,143
07/29/2000,AHN,GA,ASO,ES,Federal Contract Tower,0,2,20,0,22,0,0,110,4,114,0,2,130,4,136,248,0,248,384
07/30/2000,AHN,GA,ASO,ES,Federal Contract Tower,0,3,31,1,35,0,0,36,5,41,0,3,67,6,76,26,6,32,108
07/31/2000,AHN,GA,ASO,ES,Federal Contract Tower,0,4,31,1,36,0,1,7,9,17,0,5,38,10,53,0,0,0,53
08/01/2000,AHN,GA,ASO,ES,Federal Contract Tower,0,3,26,0,29,0,2,8,0,10,0,5,34,0,39,36,0,36,75
08/02/2000,AHN,GA,ASO,ES,Federal Contract Tower,0,5,34,0,39,0,0,19,0,19,0,5,53,0,58,56,0,56,114
08/03/2000,AHN,GA,ASO,ES,Federal Contract Tower,0,5,34,0,39,0,0,23,0,23,0,5,57,0,62,104,0,104,166
08/04/2000,AHN,GA,ASO,ES,Federal Contract Tower,0,5,37,2,44,0,0,14,1,15,0,5,51,3,59,2,0,2,61
08/05/2000,AHN,GA,ASO,ES,Federal Contract Tower,0,2,29,2,33,0,0,74,3,77,0,2,103,5,110,70,4,74,184
08/06/2000,AHN,GA,ASO,ES,Federal Contract Tower,0,3,27,2,32,0,0,80,1,81,0,3,107,3,113,102,0,102,215
08/07/2000,AHN,GA,ASO,ES,Federal Contract Tower,0,5,30,2,37,0,0,36,19,55,0,5,66,21,92,52,8,60,152
08/08/2000,AHN,GA,ASO,ES,Federal Contract Tower,0,4,38,0,42,0,0,77,0,77,0,4,115,0,119,154,0,154,273
08/09/2000,AHN,GA,ASO,ES,Federal Contract Tower,0,4,27,1,32,0,1,69,0,70,0,5,96,1,102,150,0,150,252
08/10/2000,AHN,GA,ASO,ES,Federal Contract Tower,0,6,34,2,42,0,1,47,8,56,0,7,81,10,98,62,2,64,162
08/11/2000,AHN,GA,ASO,ES,Federal Contract Tower,0,6,41,1,48,0,0,72,0,72,0,6,113,1,120,98,0,98,218
08/12/2000,AHN,GA,ASO,ES,Federal Contract Tower,0,2,21,0,23,0,0,91,0,91,0,2,112,0,114,48,0,48,162
08/13/2000,AHN,GA,ASO,ES,Federal Contract Tower,0,5,30,2,37,0,1,103,0,104,0,6,133,2,141,90,0,90,231
08/14/2000,AHN,GA,ASO,ES,Federal Contract Tower,0,5,28,2,35,0,3,42,2,47,0,8,70,4,82,46,0,46,128
08/15/2000,AHN,GA,ASO,ES,Federal Contract Tower,0,4,26,0,30,0,2,46,0,48,0,6,72,0,78,39,0,39,117
08/16/2000,AHN,GA,ASO,ES,Federal Contract Tower,0,5,32,0,37,0,0,77,0,77,0,5,109,0,114,80,0,80,194
08/17/2000,AHN,GA,ASO,ES,Federal Contract Tower,0,4,24,1,29,0,2,66,3,71,0,6,90,4,100,106,0,106,206
08/18/2000,AHN,GA,ASO,ES,Federal Contract Tower,0,4,28,1,33,0,3,65,2,70,0,7,93,3,103,88,0,88,191
08/19/2000,AHN,GA,ASO,ES,Federal Contract Tower,0,2,28,0,30,0,0,82,0,82,0,2,110,0,112,188,0,188,300
08/20/2000,AHN,GA,ASO,ES,Federal Contract Tower,0,3,41,0,44,0,0,29,0,29,0,3,70,0,73,116,0,116,189
08/21/2000,AHN,GA,ASO,ES,Federal Contract Tower,0,5,39,2,46,0,0,26,3,29,0,5,65,5,75,92,0,92,167
08/22/2000,AHN,GA,ASO,ES,Federal Contract Tower,0,7,44,2,53,0,0,68,2,70,0,7,112,4,123,64,0,64,187
08/23/2000,AHN,GA,ASO,ES,Federal Contract Tower,0,4,27,0,31,0,0,69,0,69,0,4,96,0,100,48,0,48,148
08/24/2000,AHN,GA,ASO,ES,Federal Contract Tower,0,6,38,1,45,0,0,61,0,61,0,6,99,1,106,86,0,86,192
08/25/2000,AHN,GA,ASO,ES,Federal Contract Tower,0,5,32,1,38,0,1,48,9,58,0,6,80,10,96,62,6,68,164
08/26/2000,AHN,GA,ASO,ES,Federal Contract Tower,0,2,12,0,14,0,0,72,0,72,0,2,84,0,86,82,0,82,168
08/27/2000,AHN,GA,ASO,ES,Federal Contract Tower,0,3,16,0,19,0,0,14,4,18,0,3,30,4,37,4,0,4,41
08/28/2000,AHN,GA,ASO,ES,Federal Contract Tower,0,4,24,1,29,0,0,76,3,79,0,4,100,4,108,86,0,86,194
08/29/2000,AHN,GA,ASO,ES,Federal Contract Tower,0,6,36,1,43,0,4,54,1,59,0,10,90,2,102,124,0,124,226
08/30/2000,AHN,GA,ASO,ES,Federal Contract Tower,0,5,39,2,46,0,0,58,4,62,0,5,97,6,108,86,4,90,198
08/31/2000,AHN,GA,ASO,ES,Federal Contract Tower,0,5,34,0,39,0,0,2,0,2,0,5,36,0,41,0,0,0,41
09/01/2000,AHN,GA,ASO,ES,Federal Contract Tower,0,7,48,0,55,0,0,6,0,6,0,7,54,0,61,28,0,28,89
09/02/2000,AHN,GA,ASO,ES,Federal Contract Tower,0,2,37,1,40,0,0,18,0,18,0,2,55,1,58,242,0,242,300
09/03/2000,AHN,GA,ASO,ES,Federal Contract Tower,0,2,26,1,29,0,0,14,0,14,0,2,40,1,43,94,0,94,137
09/04/2000,AHN,GA,ASO,ES,Federal Contract Tower,0,3,28,0,31,0,0,37,0,37,0,3,65,0,68,56,0,56,124
09/05/2000,AHN,GA,ASO,ES,Federal Contract Tower,0,6,42,1,49,0,1,5,2,8,0,7,47,3,57,58,0,58,115
09/06/2000,AHN,GA,ASO,ES,Federal Contract Tower,0,4,29,1,34,0,1,0,3,4,0,5,29,4,38,2,0,2,40
09/07/2000,AHN,GA,ASO,ES,Federal Contract Tower,0,6,45,1,52,0,0,4,0,4,0,6,49,1,56,6,0,6,62
09/08/2000,AHN,GA,ASO,ES,Federal Contract Tower,0,5,58,2,65,0,0,40,0,40,0,5,98,2,105,72,0,72,177
09/09/2000,AHN,GA,ASO,ES,Federal Contract Tower,0,5,46,0,51,0,0,87,0,87,0,5,133,0,138,106,0,106,244
09/10/2000,AHN,GA,ASO,ES,Federal Contract Tower,0,6,43,1,50,0,0,97,1,98,0,6,140,2,148,172,0,172,320
09/11/2000,AHN,GA,ASO,ES,Federal Contract Tower,0,5,31,0,36,0,0,89,0,89,0,5,120,0,125,264,0,264,389
09/12/2000,AHN,GA,ASO,ES,Federal Contract Tower,0,5,28,0,33,0,0,75,0,75,0,5,103,0,108,70,0,70,178
09/13/2000,AHN,GA,ASO,ES,Federal Contract Tower,0,7,41,1,49,0,0,76,2,78,0,7,117,3,127,166,0,166,293
09/14/2000,AHN,GA,ASO,ES,Federal Contract Tower,0,8,45,0,53,0,0,44,0,44,0,8,89,0,97,62,0,62,159
09/15/2000,AHN,GA,ASO,ES,Federal Contract Tower,0,8,44,1,53,0,3,75,1,79,0,11,119,2,132,66,0,66,198
09/16/2000,AHN,GA,ASO,ES,Federal Contract Tower,0,3,18,1,22,0,0,80,3,83,0,3,98,4,105,106,2,108,213
09/17/2000,AHN,GA,ASO,ES,Federal Contract Tower,0,4,27,1,32,0,0,54,7,61,0,4,81,8,93,44,0,44,137
09/18/2000,AHN,GA,ASO,ES,Federal Contract Tower,0,5,30,0,35,0,5,13,0,18,0,10,43,0,53,48,0,48,101
09/19/2000,AHN,GA,ASO,ES,Federal Contract Tower,0,5,28,1,34,0,11,61,7,79,0,16,89,8,113,216,4,220,333
09/20/2000,AHN,GA,ASO,ES,Federal Contract Tower,0,6,42,1,49,0,0,58,6,64,0,6,100,7,113,112,2,114,227
09/21/2000,AHN,GA,ASO,ES,Federal Contract Tower,0,2,12,0,14,0,1,2,0,3,0,3,14,0,17,0,0,0,17
09/22/2000,AHN,GA,ASO,ES,Federal Contract Tower,0,3,19,0,22,0,4,0,0,4,0,7,19,0,26,2,0,2,28
09/23/2000,AHN,GA,ASO,ES,Federal Contract Tower,0,3,45,0,48,0,0,43,5,48,0,3,88,5,96,208,4,212,308
09/24/2000,AHN,GA,ASO,ES,Federal Contract Tower,0,3,36,0,39,0,0,73,0,73,0,3,109,0,112,160,0,160,272
09/25/2000,AHN,GA,ASO,ES,Federal Contract Tower,0,3,19,0,22,0,0,10,1,11,0,3,29,1,33,16,0,16,49
09/26/2000,AHN,GA,ASO,ES,Federal Contract Tower,0,6,43,0,49,0,0,71,2,73,0,6,114,2,122,72,0,72,194
09/27/2000,AHN,GA,ASO,ES,Federal Contract Tower,0,6,39,0,45,0,0,69,0,69,0,6,108,0,114,144,0,144,258
09/28/2000,AHN,GA,ASO,ES,Federal Contract Tower,0,6,42,0,48,0,0,123,0,123,0,6,165,0,171,192,0,192,363
09/29/2000,AHN,GA,ASO,ES,Federal Contract Tower,0,6,36,0,42,0,1,75,1,77,0,7,111,1,119,32,2,34,153
09/30/2000,AHN,GA,ASO,ES,Federal Contract Tower,0,2,29,0,31,0,0,70,3,73,0,2,99,3,104,84,0,84,188
10/01/2000,AHN,GA,ASO,ES,Federal Contract Tower,0,5,38,1,44,0,0,95,5,100,0,5,133,6,144,110,2,112,256
10/02/2000,AHN,GA,ASO,ES,Federal Contract Tower,0,3,26,0,29,0,3,53,0,56,0,6,79,0,85,128,0,128,213
10/03/2000,AHN,GA,ASO,ES,Federal Contract Tower,0,5,32,1,38,0,1,60,1,62,0,6,92,2,100,222,0,222,322
10/04/2000,AHN,GA,ASO,ES,Federal Contract Tower,0,5,37,1,43,0,0,100,2,102,0,5,137,3,145,214,0,214,359
10/05/2000,AHN,GA,ASO,ES,Federal Contract Tower,0,6,51,2,59,0,0,43,0,43,0,6,94,2,102,34,0,34,136
10/06/2000,AHN,GA,ASO,ES,Federal Contract Tower,0,8,51,2,61,0,0,14,1,15,0,8,65,3,76,56,2,58,134
10/07/2000,AHN,GA,ASO,ES,Federal Contract Tower,0,4,84,0,88,0,0,93,0,93,0,4,177,0,181,350,0,350,531
10/08/2000,AHN,GA,ASO,ES,Federal Contract Tower,0,4,30,1,35,0,0,55,9,64,0,4,85,10,99,78,0,78,177
10/09/2000,AHN,GA,ASO,ES,Federal Contract Tower,0,4,23,1,28,0,3,44,1,48,0,7,67,2,76,154,0,154,230
10/10/2000,AHN,GA,ASO,ES,Federal Contract Tower,0,6,42,0,48,0,1,89,0,90,0,7,131,0,138,148,0,148,286
10/11/2000,AHN,GA,ASO,ES,Federal Contract Tower,0,4,27,1,32,0,1,94,2,97,0,5,121,3,129,158,0,158,287
10/12/2000,AHN,GA,ASO,ES,Federal Contract Tower,0,3,33,1,37,0,0,110,0,110,0,3,143,1,147,102,0,102,249
10/13/2000,AHN,GA,ASO,ES,Federal Contract Tower,0,10,61,0,71,0,3,99,0,102,0,13,160,0,173,162,0,162,335
10/14/2000,AHN,GA,ASO,ES,Federal Contract Tower,0,2,41,0,43,0,0,137,0,137,0,2,178,0,180,424,0,424,604
10/15/2000,AHN,GA,ASO,ES,Federal Contract Tower,0,5,34,0,39,0,0,115,0,115,0,5,149,0,154,98,0,98,252
10/16/2000,AHN,GA,ASO,ES,Federal Contract Tower,0,5,27,0,32,0,4,58,0,62,0,9,85,0,94,118,0,118,212
10/17/2000,AHN,GA,ASO,ES,Federal Contract Tower,0,5,27,0,32,0,1,64,0,65,0,6,91,0,97,112,0,112,209
10/18/2000,AHN,GA,ASO,ES,Federal Contract Tower,0,7,54,2,63,0,0,48,0,48,0,7,102,2,111,112,0,112,223
10/19/2000,AHN,GA,ASO,ES,Federal Contract Tower,0,7,50,1,58,0,3,63,1,67,0,10,113,2,125,68,2,70,195
10/20/2000,AHN,GA,ASO,ES,Federal Contract Tower,0,8,54,1,63,0,0,29,8,37,0,8,83,9,100,60,4,64,164
10/21/2000,AHN,GA,ASO,ES,Federal Contract Tower,0,4,40,0,44,0,0,52,8,60,0,4,92,8,104,40,0,40,144
10/22/2000,AHN,GA,ASO,ES,Federal Contract Tower,0,6,33,0,39,0,0,69,0,69,0,6,102,0,108,58,0,58,166
10/23/2000,AHN,GA,ASO,ES,Federal Contract Tower,0,4,39,0,43,0,0,45,4,49,0,4,84,4,92,130,0,130,222
10/24/2000,AHN,GA,ASO,ES,Federal Contract Tower,0,4,33,0,37,0,0,70,5,75,0,4,103,5,112,150,4,154,266
10/25/2000,AHN,GA,ASO,ES,Federal Contract Tower,0,6,60,0,66,0,0,64,0,64,0,6,124,0,130,166,0,166,296
10/26/2000,AHN,GA,ASO,ES,Federal Contract Tower,0,8,52,1,61,0,7,41,14,62,0,15,93,15,123,124,10,134,257
10/27/2000,AHN,GA,ASO,ES,Federal Contract Tower,0,6,43,0,49,0,2,54,0,56,0,8,97,0,105,42,0,42,147
10/28/2000,AHN,GA,ASO,ES,Federal Contract Tower,0,2,27,0,29,0,0,72,0,72,0,2,99,0,101,90,0,90,191
10/29/2000,AHN,GA,ASO,ES,Federal Contract Tower,0,3,36,0,39,0,0,110,0,110,0,3,146,0,149,36,0,36,185
10/30/2000,AHN,GA,ASO,ES,Federal Contract Tower,0,3,20,0,23,0,4,43,0,47,0,7,63,0,70,114,0,114,184
10/31/2000,AHN,GA,ASO,ES,Federal Contract Tower,0,6,33,0,39,0,3,46,4,53,0,9,79,4,92,134,0,134,226
11/01/2000,AHN,GA,ASO,ES,Federal Contract Tower,0,5,28,0,33,0,0,80,0,80,0,5,108,0,113,110,0,110,223
11/02/2000,AHN,GA,ASO,ES,Federal Contract Tower,0,6,37,0,43,0,0,61,0,61,0,6,98,0,104,76,0,76,180
11/03/2000,AHN,GA,ASO,ES,Federal Contract Tower,0,4,41,2,47,0,0,41,11,52,0,4,82,13,99,74,8,82,181
11/04/2000,AHN,GA,ASO,ES,Federal Contract Tower,0,2,26,1,29,0,0,25,8,33,0,2,51,9,62,72,20,92,154
11/05/2000,AHN,GA,ASO,ES,Federal Contract Tower,0,3,47,2,52,0,0,46,6,52,0,3,93,8,104,98,0,98,202
11/06/2000,AHN,GA,ASO,ES,Federal Contract Tower,0,5,33,0,38,0,1,13,0,14,0,6,46,0,52,24,0,24,76
11/07/2000,AHN,GA,ASO,ES,Federal Contract Tower,0,3,18,0,21,0,2,0,0,2,0,5,18,0,23,0,0,0,23
11/08/2000,AHN,GA,ASO,ES,Federal Contract Tower,0,5,30,0,35,0,0,27,0,27,0,5,57,0,62,78,0,78,140
11/09/2000,AHN,GA,ASO,ES,Federal Contract Tower,0,1,7,0,8,0,4,0,0,4,0,5,7,0,12,0,0,0,12
11/10/2000,AHN,GA,ASO,ES,Federal Contract Tower,0,5,29,1,35,0,7,46,3,56,0,12,75,4,91,28,8,36,127
11/11/2000,AHN,GA,ASO,ES,Federal Contract Tower,0,3,40,2,45,0,0,95,3,98,0,3,135,5,143,108,2,110,253
11/12/2000,AHN,GA,ASO,ES,Federal Contract Tower,0,3,41,0,44,0,0,88,0,88,0,3,129,0,132,120,0,120,252
11/13/2000,AHN,GA,ASO,ES,Federal Contract Tower,0,5,31,1,37,0,1,35,3,39,0,6,66,4,76,64,2,66,142
11/14/2000,AHN,GA,ASO,ES,Federal Contract Tower,0,5,27,1,33,0,1,58,1,60,0,6,85,2,93,60,0,60,153
11/15/2000,AHN,GA,ASO,ES,Federal Contract Tower,0,5,26,0,31,0,2,68,0,70,0,7,94,0,101,138,0,138,239
11/16/2000,AHN,GA,ASO,ES,Federal Contract Tower,0,5,36,0,41,0,0,54,0,54,0,5,90,0,95,82,0,82,177
11/17/2000,AHN,GA,ASO,ES,Federal Contract Tower,0,8,49,1,58,0,1,33,17,51,0,9,82,18,109,34,6,40,149
11/18/2000,AHN,GA,ASO,ES,Federal Contract Tower,0,2,21,0,23,0,0,41,4,45,0,2,62,4,68,60,2,62,130
11/19/2000,AHN,GA,ASO,ES,Federal Contract Tower,0,3,16,0,19,0,0,0,0,0,0,3,16,0,19,0,0,0,19
11/20/2000,AHN,GA,ASO,ES,Federal Contract Tower,0,7,42,0,49,0,1,55,0,56,0,8,97,0,105,74,0,74,179
11/21/2000,AHN,GA,ASO,ES,Federal Contract Tower,0,6,32,0,38,0,1,40,9,50,0,7,72,9,88,32,2,34,122
11/22/2000,AHN,GA,ASO,ES,Federal Contract Tower,0,6,47,1,54,0,0,71,3,74,0,6,118,4,128,88,4,92,220
11/23/2000,AHN,GA,ASO,ES,Federal Contract Tower,0,1,11,0,12,0,3,38,0,41,0,4,49,0,53,42,0,42,95
11/24/2000,AHN,GA,ASO,ES,Federal Contract Tower,0,3,21,0,24,0,1,50,0,51,0,4,71,0,75,50,0,50,125
11/25/2000,AHN,GA,ASO,ES,Federal Contract Tower,0,5,37,0,42,0,0,1,0,1,0,5,38,0,43,0,0,0,43
11/26/2000,AHN,GA,ASO,ES,Federal Contract Tower,0,4,48,0,52,0,0,52,0,52,0,4,100,0,104,78,0,78,182
11/27/2000,AHN,GA,ASO,ES,Federal Contract Tower,0,7,46,1,54,0,0,52,5,57,0,7,98,6,111,34,0,34,145
11/28/2000,AHN,GA,ASO,ES,Federal Contract Tower,0,6,45,1,52,0,0,52,3,55,0,6,97,4,107,76,2,78,185
11/29/2000,AHN,GA,ASO,ES,Federal Contract Tower,0,6,58,1,65,0,0,57,1,58,0,6,115,2,123,102,2,104,227
11/30/2000,AHN,GA,ASO,ES,Federal Contract Tower,0,3,19,0,22,0,3,74,2,79,0,6,93,2,101,210,0,210,311
12/01/2000,AHN,GA,ASO,ES,Federal Contract Tower,0,9,42,0,51,0,0,43,2,45,0,9,85,2,96,30,2,32,128
12/02/2000,AHN,GA,ASO,ES,Federal Contract Tower,0,1,14,0,15,0,0,25,5,30,0,1,39,5,45,42,0,42,87
12/03/2000,AHN,GA,ASO,ES,Federal Contract Tower,0,3,15,0,18,0,0,9,0,9,0,3,24,0,27,8,0,8,35
12/04/2000,AHN,GA,ASO,ES,Federal Contract Tower,0,5,17,0,22,0,3,46,2,51,0,8,63,2,73,73,6,79,152
12/05/2000,AHN,GA,ASO,ES,Federal Contract Tower,0,3,16,0,19,0,3,52,0,55,0,6,68,0,74,148,0,148,222
12/06/2000,AHN,GA,ASO,ES,Federal Contract Tower,0,6,35,1,42,0,0,47,0,47,0,6,82,1,89,78,0,78,167
12/07/2000,AHN,GA,ASO,ES,Federal Contract Tower,0,5,30,1,36,0,0,66,0,66,0,5,96,1,102,106,0,106,208
12/08/2000,AHN,GA,ASO,ES,Federal Contract Tower,0,6,24,0,30,0,0,76,0,76,0,6,100,0,106,118,0,118,224
12/09/2000,AHN,GA,ASO,ES,Federal Contract Tower,0,4,21,1,26,0,0,42,1,43,0,4,63,2,69,80,0,80,149
12/10/2000,AHN,GA,ASO,ES,Federal Contract Tower,0,3,16,0,19,0,0,1,0,1,0,3,17,0,20,0,0,0,20
12/11/2000,AHN,GA,ASO,ES,Federal Contract Tower,0,4,19,0,23,0,2,2,0,4,0,6,21,0,27,34,0,34,61
12/12/2000,AHN,GA,ASO,ES,Federal Contract Tower,0,4,16,1,21,0,0,38,5,43,0,4,54,6,64,110,2,112,176
12/13/2000,AHN,GA,ASO,ES,Federal Contract Tower,0,4,16,1,21,0,4,0,2,6,0,8,16,3,27,0,2,2,29
12/14/2000,AHN,GA,ASO,ES,Federal Contract Tower,0,8,36,0,44,0,6,5,0,11,0,14,41,0,55,18,0,18,73
12/15/2000,AHN,GA,ASO,ES,Federal Contract Tower,0,3,13,0,16,0,4,0,0,4,0,7,13,0,20,0,0,0,20
12/16/2000,AHN,GA,ASO,ES,Federal Contract Tower,0,2,15,0,17,0,0,1,0,1,0,2,16,0,18,4,0,4,22
12/17/2000,AHN,GA,ASO,ES,Federal Contract Tower,0,1,9,0,10,0,2,11,0,13,0,3,20,0,23,10,0,10,33
12/18/2000,AHN,GA,ASO,ES,Federal Contract Tower,0,3,35,0,38,0,0,61,4,65,0,3,96,4,103,140,0,140,243
12/19/2000,AHN,GA,ASO,ES,Federal Contract Tower,0,2,13,0,15,0,2,0,0,2,0,4,13,0,17,0,0,0,17
12/20/2000,AHN,GA,ASO,ES,Federal Contract Tower,0,6,48,0,54,0,0,35,8,43,0,6,83,8,97,106,14,120,217
12/21/2000,AHN,GA,ASO,ES,Federal Contract Tower,0,2,13,0,15,0,2,3,0,5,0,4,16,0,20,0,0,0,20
12/22/2000,AHN,GA,ASO,ES,Federal Contract Tower,0,5,26,0,31,0,0,23,2,25,0,5,49,2,56,14,0,14,70
12/23/2000,AHN,GA,ASO,ES,Federal Contract Tower,0,2,32,0,34,0,0,69,0,69,0,2,101,0,103,84,0,84,187
12/24/2000,AHN,GA,ASO,ES,Federal Contract Tower,0,2,9,0,11,0,0,42,0,42,0,2,51,0,53,12,0,12,65
12/25/2000,AHN,GA,ASO,ES,Federal Contract Tower,0,1,6,0,7,0,1,8,0,9,0,2,14,0,16,54,0,54,70
12/26/2000,AHN,GA,ASO,ES,Federal Contract Tower,0,6,33,0,39,0,0,45,0,45,0,6,78,0,84,50,0,50,134
12/27/2000,AHN,GA,ASO,ES,Federal Contract Tower,0,4,21,0,25,0,0,4,0,4,0,4,25,0,29,0,0,0,29
12/28/2000,AHN,GA,ASO,ES,Federal Contract Tower,0,4,17,0,21,0,1,3,0,4,0,5,20,0,25,24,0,24,49
12/29/2000,AHN,GA,ASO,ES,Federal Contract Tower,0,5,23,0,28,0,7,49,2,58,0,12,72,2,86,44,0,44,130
12/30/2000,AHN,GA,ASO,ES,Federal Contract Tower,0,2,30,0,32,0,0,14,0,14,0,2,44,0,46,24,0,24,70
12/31/2000,AHN,GA,ASO,ES,Federal Contract Tower,0,2,24,0,26,0,0,36,0,36,0,2,60,0,62,34,0,34,96
01/01/2001,AHN,GA,ASO,ES,Federal Contract Tower,0,2,23,0,25,0,0,12,0,12,0,2,35,0,37,22,0,22,59
01/02/2001,AHN,GA,ASO,ES,Federal Contract Tower,0,4,34,0,38,0,1,48,0,49,0,5,82,0,87,46,0,46,133
01/03/2001,AHN,GA,ASO,ES,Federal Contract Tower,0,6,58,1,65,0,0,62,5,67,0,6,120,6,132,149,4,153,285
01/04/2001,AHN,GA,ASO,ES,Federal Contract Tower,0,4,29,0,33,0,2,55,2,59,0,6,84,2,92,108,0,108,200
01/05/2001,AHN,GA,ASO,ES,Federal Contract Tower,0,6,32,1,39,2,3,50,4,59,2,9,82,5,98,80,2,82,180
01/06/2001,AHN,GA,ASO,ES,Federal Contract Tower,0,2,32,0,34,0,0,135,0,135,0,2,167,0,169,204,0,204,373
01/07/2001,AHN,GA,ASO,ES,Federal Contract Tower,0,3,15,0,18,0,1,80,0,81,0,4,95,0,99,124,0,124,223
01/08/2001,AHN,GA,ASO,ES,Federal Contract Tower,0,4,20,0,24,0,3,0,0,3,0,7,20,0,27,6,0,6,33
01/09/2001,AHN,GA,ASO,ES,Federal Contract Tower,0,4,18,0,22,0,3,29,0,32,0,7,47,0,54,90,0,90,144
01/10/2001,AHN,GA,ASO,ES,Federal Contract Tower,0,4,43,1,48,2,0,89,1,92,2,4,132,2,140,126,0,126,266
01/11/2001,AHN,GA,ASO,ES,Federal Contract Tower,0,8,37,0,45,0,0,49,0,49,0,8,86,0,94,80,0,80,174
01/12/2001,AHN,GA,ASO,ES,Federal Contract Tower,0,8,35,1,44,0,7,0,6,13,0,15,35,7,57,22,10,32,89
01/13/2001,AHN,GA,ASO,ES,Federal Contract Tower,0,1,30,1,32,0,0,125,3,128,0,1,155,4,160,184,0,184,344
01/14/2001,AHN,GA,ASO,ES,Federal Contract Tower,0,3,23,0,26,0,0,55,0,55,0,3,78,0,81,54,0,54,135
01/15/2001,AHN,GA,ASO,ES,Federal Contract Tower,0,6,36,0,42,0,0,60,0,60,0,6,96,0,102,122,0,122,224
01/16/2001,AHN,GA,ASO,ES,Federal Contract Tower,0,5,23,1,29,0,0,24,3,27,0,5,47,4,56,100,0,100,156
01/17/2001,AHN,GA,ASO,ES,Federal Contract Tower,0,6,37,0,43,0,0,10,0,10,0,6,47,0,53,50,0,50,103
01/18/2001,AHN,GA,ASO,ES,Federal Contract Tower,0,1,14,0,15,0,0,3,0,3,0,1,17,0,18,2,0,2,20
01/19/2001,AHN,GA,ASO,ES,Federal Contract Tower,0,4,21,0,25,0,3,0,0,3,0,7,21,0,28,10,0,10,38
01/20/2001,AHN,GA,ASO,ES,Federal Contract Tower,0,2,12,1,15,0,0,10,1,11,0,2,22,2,26,32,0,32,58
01/21/2001,AHN,GA,ASO,ES,Federal Contract Tower,0,4,23,0,27,0,2,109,0,111,0,6,132,0,138,76,0,76,214
01/22/2001,AHN,GA,ASO,ES,Federal Contract Tower,0,4,19,0,23,0,2,59,0,61,0,6,78,0,84,96,0,96,180
01/23/2001,AHN,GA,ASO,ES,Federal Contract Tower,0,9,49,0,58,0,0,80,9,89,0,9,129,9,147,154,0,154,301
01/24/2001,AHN,GA,ASO,ES,Federal Contract Tower,0,9,47,0,56,0,1,85,10,96,0,10,132,10,152,156,14,170,322
01/25/2001,AHN,GA,ASO,ES,Federal Contract Tower,0,7,39,0,46,0,0,68,8,76,0,7,107,8,122,60,12,72,194
01/26/2001,AHN,GA,ASO,ES,Federal Contract Tower,0,8,44,0,52,0,0,73,14,87,0,8,117,14,139,128,8,136,275
01/27/2001,AHN,GA,ASO,ES,Federal Contract Tower,0,4,36,0,40,0,0,74,0,74,0,4,110,0,114,184,0,184,298
01/28/2001,AHN,GA,ASO,ES,Federal Contract Tower,0,2,15,0,17,0,3,116,0,119,0,5,131,0,136,254,0,254,390
01/29/2001,AHN,GA,ASO,ES,Federal Contract Tower,0,4,21,0,25,0,2,27,0,29,0,6,48,0,54,118,0,118,172
01/30/2001,AHN,GA,ASO,ES,Federal Contract Tower,0,7,41,0,48,0,0,60,0,60,0,7,101,0,108,178,0,178,286
01/31/2001,AHN,GA,ASO,ES,Federal Contract Tower,0,6,56,1,63,0,0,55,5,60,0,6,111,6,123,84,2,86,209
02/01/2001,AHN,GA,ASO,ES,Federal Contract Tower,0,4,37,1,42,0,3,32,1,36,0,7,69,2,78,36,10,46,124
02/02/2001,AHN,GA,ASO,ES,Federal Contract Tower,0,5,37,0,42,0,4,45,0,49,0,9,82,0,91,62,0,62,153
02/03/2001,AHN,GA,ASO,ES,Federal Contract Tower,0,2,25,0,27,0,0,84,0,84,0,2,109,0,111,122,0,122,233
02/04/2001,AHN,GA,ASO,ES,Federal Contract Tower,0,4,25,1,30,0,1,118,3,122,0,5,143,4,152,92,0,92,244
02/05/2001,AHN,GA,ASO,ES,Federal Contract Tower,0,4,28,0,32,0,2,47,0,49,0,6,75,0,81,54,0,54,135
02/06/2001,AHN,GA,ASO,ES,Federal Contract Tower,0,3,20,0,23,0,2,58,0,60,0,5,78,0,83,138,0,138,221
02/07/2001,AHN,GA,ASO,ES,Federal Contract Tower,0,4,27,1,32,0,2,78,3,83,0,6,105,4,115,212,2,214,329
02/08/2001,AHN,GA,ASO,ES,Federal Contract Tower,0,6,44,1,51,0,1,100,1,102,0,7,144,2,153,152,30,182,335
02/09/2001,AHN,GA,ASO,ES,Federal Contract Tower,0,5,32,0,37,0,5,58,0,63,0,10,90,0,100,30,0,30,130
02/10/2001,AHN,GA,ASO,ES,Federal Contract Tower,0,2,29,1,32,0,0,74,9,83,0,2,103,10,115,152,0,152,267
02/11/2001,AHN,GA,ASO,ES,Federal Contract Tower,0,4,25,1,30,0,1,78,0,79,0,5,103,1,109,50,0,50,159
02/12/2001,AHN,GA,ASO,ES,Federal Contract Tower,0,4,27,1,32,0,1,0,1,2,0,5,27,2,34,0,0,0,34
02/13/2001,AHN,GA,ASO,ES,Federal Contract Tower,0,6,38,0,44,0,1,4,0,5,0,7,42,0,49,32,0,32,81
02/14/2001,AHN,GA,ASO,ES,Federal Contract Tower,0,5,33,0,38,0,1,0,0,1,0,6,33,0,39,0,0,0,39
02/15/2001,AHN,GA,ASO,ES,Federal Contract Tower,0,9,59,1,69,0,0,20,5,25,0,9,79,6,94,18,10,28,122
02/16/2001,AHN,GA,ASO,ES,Federal Contract Tower,0,6,42,0,48,0,2,18,2,22,0,8,60,2,70,12,0,12,82
02/17/2001,AHN,GA,ASO,ES,Federal Contract Tower,0,1,57,0,58,0,0,64,14,78,0,1,121,14,136,110,4,114,250
02/18/2001,AHN,GA,ASO,ES,Federal Contract Tower,0,3,47,0,50,0,0,120,0,120,0,3,167,0,170,112,0,112,282
02/19/2001,AHN,GA,ASO,ES,Federal Contract Tower,0,5,37,0,42,0,0,85,2,87,0,5,122,2,129,104,0,104,233
02/20/2001,AHN,GA,ASO,ES,Federal Contract Tower,0,9,59,0,68,0,0,44,0,44,0,9,103,0,112,112,0,112,224
02/21/2001,AHN,GA,ASO,ES,Federal Contract Tower,0,5,45,0,50,0,0,58,2,60,0,5,103,2,110,132,0,132,242
02/22/2001,AHN,GA,ASO,ES,Federal Contract Tower,0,5,32,0,37,0,0,0,0,0,0,5,32,0,37,0,0,0,37
02/23/2001,AHN,GA,ASO,ES,Federal Contract Tower,0,6,40,0,46,0,0,63,4,67,0,6,103,4,113,136,2,138,251
02/24/2001,AHN,GA,ASO,ES,Federal Contract Tower,0,3,48,0,51,0,0,39,0,39,0,3,87,0,90,72,0,72,162
02/25/2001,AHN,GA,ASO,ES,Federal Contract Tower,0,2,18,0,20,0,1,8,0,9,0,3,26,0,29,28,0,28,57
02/26/2001,AHN,GA,ASO,ES,Federal Contract Tower,0,4,65,0,69,0,0,129,6,135,0,4,194,6,204,164,0,164,368
02/27/2001,AHN,GA,ASO,ES,Federal Contract Tower,0,4,45,0,49,0,0,85,2,87,0,4,130,2,136,144,0,144,280
02/28/2001,AHN,GA,ASO,ES,Federal Contract Tower,0,5,34,0,39,0,1,50,2,53,0,6,84,2,92,88,10,98,190
03/01/2001,AHN,GA,ASO,ES,Federal Contract Tower,0,5,47,2,54,0,0,100,4,104,0,5,147,6,158,126,2,128,286
03/02/2001,AHN,GA,ASO,ES,Federal Contract Tower,0,4,35,1,40,0,2,6,16,24,0,6,41,17,64,24,4,28,92
03/03/2001,AHN,GA,ASO,ES,Federal Contract Tower,0,2,16,0,18,0,0,2,0,2,0,2,18,0,20,0,0,0,20
03/04/2001,AHN,GA,ASO,ES,Federal Contract Tower,0,2,20,0,22,0,0,10,0,10,0,2,30,0,32,4,0,4,36
03/05/2001,AHN,GA,ASO,ES,Federal Contract Tower,0,5,29,0,34,0,2,18,0,20,0,7,47,0,54,10,0,10,64
03/06/2001,AHN,GA,ASO,ES,Federal Contract Tower,0,6,39,0,45,0,1,22,0,23,0,7,61,0,68,36,0,36,104
03/07/2001,AHN,GA,ASO,ES,Federal Contract Tower,0,5,31,1,37,0,4,64,1,69,0,9,95,2,106,102,0,102,208
03/08/2001,AHN,GA,ASO,ES,Federal Contract Tower,0,7,53,2,62,0,0,67,3,70,0,7,120,5,132,120,10,130,262
03/09/2001,AHN,GA,ASO,ES,Federal Contract Tower,0,5,31,0,36,0,2,61,0,63,0,7,92,0,99,64,0,64,163
03/10/2001,AHN,GA,ASO,ES,Federal Contract Tower,0,2,54,2,58,0,0,138,0,138,0,2,192,2,196,192,2,194,390
03/11/2001,AHN,GA,ASO,ES,Federal Contract Tower,0,3,21,1,25,0,0,101,1,102,0,3,122,2,127,74,2,76,203
03/12/2001,AHN,GA,ASO,ES,Federal Contract Tower,0,4,23,0,27,0,3,0,0,3,0,7,23,0,30,0,0,0,30
03/13/2001,AHN,GA,ASO,ES,Federal Contract Tower,0,3,23,0,26,0,3,34,0,37,0,6,57,0,63,58,0,58,121
03/14/2001,AHN,GA,ASO,ES,Federal Contract Tower,0,7,48,2,57,0,1,80,6,87,0,8,128,8,144,120,0,120,264
03/15/2001,AHN,GA,ASO,ES,Federal Contract Tower,0,3,17,0,20,0,1,8,0,9,0,4,25,0,29,22,0,22,51
03/16/2001,AHN,GA,ASO,ES,Federal Contract Tower,0,5,46,2,53,0,0,69,5,74,0,5,115,7,127,42,0,42,169
03/17/2001,AHN,GA,ASO,ES,Federal Contract Tower,0,4,41,0,45,0,0,100,0,100,0,4,141,0,145,116,0,116,261
03/18/2001,AHN,GA,ASO,ES,Federal Contract Tower,0,4,24,0,28,0,0,76,2,78,0,4,100,2,106,154,0,154,260
03/19/2001,AHN,GA,ASO,ES,Federal Contract Tower,0,5,34,0,39,0,2,26,8,36,0,7,60,8,75,34,0,34,109
03/20/2001,AHN,GA,ASO,ES,Federal Contract Tower,0,1,8,0,9,0,1,0,2,3,0,2,8,2,12,0,0,0,12
03/21/2001,AHN,GA,ASO,ES,Federal Contract Tower,0,3,22,0,25,0,2,14,0,16,0,5,36,0,41,22,0,22,63
03/22/2001,AHN,GA,ASO,ES,Federal Contract Tower,0,6,45,1,52,0,1,62,8,71,0,7,107,9,123,66,6,72,195
03/23/2001,AHN,GA,ASO,ES,Federal Contract Tower,0,6,39,0,45,0,2,100,2,104,0,8,139,2,149,160,0,160,309
03/24/2001,AHN,GA,ASO,ES,Federal Contract Tower,0,4,34,0,38,0,0,73,0,73,0,4,107,0,111,226,0,226,337
03/25/2001,AHN,GA,ASO,ES,Federal Contract Tower,0,3,32,0,35,0,0,101,0,101,0,3,133,0,136,286,0,286,422
03/26/2001,AHN,GA,ASO,ES,Federal Contract Tower,0,5,49,1,55,0,0,53,1,54,0,5,102,2,109,72,0,72,181
03/27/2001,AHN,GA,ASO,ES,Federal Contract Tower,0,5,66,1,72,0,0,103,9,112,0,5,169,10,184,156,30,186,370
03/28/2001,AHN,GA,ASO,ES,Federal Contract Tower,0,5,36,0,41,0,0,71,4,75,0,5,107,4,116,106,6,112,228
03/29/2001,AHN,GA,ASO,ES,Federal Contract Tower,0,4,28,0,32,0,2,0,0,2,0,6,28,0,34,2,0,2,36
03/30/2001,AHN,GA,ASO,ES,Federal Contract Tower,0,8,60,1,69,0,0,9,7,16,0,8,69,8,85,82,6,88,173
03/31/2001,AHN,GA,ASO,ES,Federal Contract Tower,0,4,50,0,54,0,0,40,0,40,0,4,90,0,94,160,0,160,254
04/01/2001,AHN,GA,ASO,ES,Federal Contract Tower,0,4,28,0,32,0,0,23,0,23,0,4,51,0,55,28,0,28,83
04/02/2001,AHN,GA,ASO,ES,Federal Contract Tower,0,6,39,2,47,0,3,56,0,59,0,9,95,2,106,190,0,190,296
04/03/2001,AHN,GA,ASO,ES,Federal Contract Tower,0,2,13,0,15,0,4,0,0,4,0,6,13,0,19,0,0,0,19
04/04/2001,AHN,GA,ASO,ES,Federal Contract Tower,0,3,26,2,31,0,0,21,2,23,0,3,47,4,54,30,0,30,84
04/05/2001,AHN,GA,ASO,ES,Federal Contract Tower,0,4,24,1,29,0,2,5,1,8,0,6,29,2,37,4,0,4,41
04/06/2001,AHN,GA,ASO,ES,Federal Contract Tower,0,8,60,2,70,0,0,78,0,78,0,8,138,2,148,94,0,94,242
04/07/2001,AHN,GA,ASO,ES,Federal Contract Tower,0,8,58,3,69,0,0,103,3,106,0,8,161,6,175,120,14,134,309
04/08/2001,AHN,GA,ASO,ES,Federal Contract Tower,0,5,33,0,38,0,0,83,0,83,0,5,116,0,121,40,0,40,161
04/09/2001,AHN,GA,ASO,ES,Federal Contract Tower,0,3,32,2,37,0,0,70,3,73,0,3,102,5,110,102,4,106,216
04/10/2001,AHN,GA,ASO,ES,Federal Contract Tower,0,5,46,2,53,0,0,97,11,108,0,5,143,13,161,208,6,214,375
04/11/2001,AHN,GA,ASO,ES,Federal Contract Tower,0,5,68,3,76,0,0,105,3,108,0,5,173,6,184,218,2,220,404
04/12/2001,AHN,GA,ASO,ES,Federal Contract Tower,0,10,71,3,84,0,0,77,1,78,0,10,148,4,162,158,2,160,322
04/13/2001,AHN,GA,ASO,ES,Federal Contract Tower,0,7,48,0,55,0,0,24,0,24,0,7,72,0,79,86,0,86,165
04/14/2001,AHN,GA,ASO,ES,Federal Contract Tower,0,3,44,2,49,0,0,102,2,104,0,3,146,4,153,206,10,216,369
04/15/2001,AHN,GA,ASO,ES,Federal Contract Tower,0,2,27,0,29,0,0,5,0,5,0,2,32,0,34,0,0,0,34
04/16/2001,AHN,GA,ASO,ES,Federal Contract Tower,0,4,32,2,38,0,3,47,0,50,0,7,79,2,88,114,0,114,202
04/17/2001,AHN,GA,ASO,ES,Federal Contract Tower,0,2,16,1,19,0,9,26,1,36,0,11,42,2,55,10,2,12,67
04/18/2001,AHN,GA,ASO,ES,Federal Contract Tower,0,6,41,1,48,0,1,60,5,66,0,7,101,6,114,98,2,100,214
04/19/2001,AHN,GA,ASO,ES,Federal Contract Tower,0,6,46,1,53,0,0,94,1,95,0,6,140,2,148,220,0,220,368
04/20/2001,AHN,GA,ASO,ES,Federal Contract Tower,0,4,31,1,36,0,2,94,3,99,0,6,125,4,135,198,0,198,333
04/21/2001,AHN,GA,ASO,ES,Federal Contract Tower,0,2,45,1,48,0,0,71,2,73,0,2,116,3,121,194,0,194,315
04/22/2001,AHN,GA,ASO,ES,Federal Contract Tower,0,6,47,1,54,0,0,109,8,117,0,6,156,9,171,130,0,130,301
04/23/2001,AHN,GA,ASO,ES,Federal Contract Tower,0,4,33,1,38,0,4,75,1,80,0,8,108,2,118,170,0,170,288
04/24/2001,AHN,GA,ASO,ES,Federal Contract Tower,0,4,27,1,32,0,4,20,1,25,0,8,47,2,57,58,0,58,115
04/25/2001,AHN,GA,ASO,ES,Federal Contract Tower,0,5,54,0,59,0,0,48,0,48,0,5,102,0,107,162,0,162,269
04/26/2001,AHN,GA,ASO,ES,Federal Contract Tower,0,4,38,1,43,0,0,81,1,82,0,4,119,2,125,122,0,122,247
04/27/2001,AHN,GA,ASO,ES,Federal Contract Tower,0,6,43,1,50,0,1,102,8,111,0,7,145,9,161,166,4,170,331
04/28/2001,AHN,GA,ASO,ES,Federal Contract Tower,0,1,19,0,20,0,0,66,0,66,0,1,85,0,86,60,0,60,146
04/29/2001,AHN,GA,ASO,ES,Federal Contract Tower,0,3,33,1,37,0,0,73,6,79,0,3,106,7,116,82,2,84,200
04/30/2001,AHN,GA,ASO,ES,Federal Contract Tower,0,6,47,1,54,0,0,63,17,80,0,6,110,18,134,166,0,166,300
05/01/2001,AHN,GA,ASO,ES,Federal Contract Tower,0,7,59,3,69,0,0,65,13,78,0,7,124,16,147,202,0,202,349
05/02/2001,AHN,GA,ASO,ES,Federal Contract Tower,0,6,41,1,48,0,0,94,0,94,0,6,135,1,142,84,0,84,226
05/03/2001,AHN,GA,ASO,ES,Federal Contract Tower,0,6,36,2,44,0,1,76,4,81,0,7,112,6,125,84,2,86,211
05/04/2001,AHN,GA,ASO,ES,Federal Contract Tower,0,5,31,2,38,0,0,87,0,87,0,5,118,2,125,224,2,226,351
05/05/2001,AHN,GA,ASO,ES,Federal Contract Tower,0,2,46,0,48,0,0,85,0,85,0,2,131,0,133,110,0,110,243
05/06/2001,AHN,GA,ASO,ES,Federal Contract Tower,0,6,47,3,56,0,0,76,5,81,0,6,123,8,137,116,6,122,259
05/07/2001,AHN,GA,ASO,ES,Federal Contract Tower,0,5,31,1,37,0,2,38,0,40,0,7,69,1,77,64,0,64,141
05/08/2001,AHN,GA,ASO,ES,Federal Contract Tower,0,7,38,0,45,0,1,48,0,49,0,8,86,0,94,196,0,196,290
05/09/2001,AHN,GA,ASO,ES,Federal Contract Tower,0,8,53,2,63,0,0,59,0,59,0,8,112,2,122,172,0,172,294
05/10/2001,AHN,GA,ASO,ES,Federal Contract Tower,0,6,36,2,44,0,0,54,31,85,0,6,90,33,129,164,0,164,293
05/11/2001,AHN,GA,ASO,ES,Federal Contract Tower,0,7,53,2,62,0,0,51,0,51,0,7,104,2,113,44,0,44,157
05/12/2001,AHN,GA,ASO,ES,Federal Contract Tower,0,1,26,0,27,0,0,71,0,71,0,1,97,0,98,98,0,98,196
05/13/2001,AHN,GA,ASO,ES,Federal Contract Tower,0,4,24,2,30,0,2,85,0,87,0,6,109,2,117,30,0,30,147
05/14/2001,AHN,GA,ASO,ES,Federal Contract Tower,0,4,20,0,24,0,5,92,0,97,0,9,112,0,121,172,0,172,293
05/15/2001,AHN,GA,ASO,ES,Federal Contract Tower,0,6,35,2,43,0,1,64,1,66,0,7,99,3,109,92,0,92,201
05/16/2001,AHN,GA,ASO,ES,Federal Contract Tower,0,5,26,2,33,0,2,59,5,66,0,7,85,7,99,62,2,64,163
05/17/2001,AHN,GA,ASO,ES,Federal Contract Tower,0,6,32,2,40,0,1,75,3,79,0,7,107,5,119,122,4,126,245
05/18/2001,AHN,GA,ASO,ES,Federal Contract Tower,0,7,41,3,51,0,3,68,5,76,0,10,109,8,127,86,10,96,223
05/19/2001,AHN,GA,ASO,ES,Federal Contract Tower,0,2,17,0,19,0,0,213,4,217,0,2,230,4,236,294,0,294,530
05/20/2001,AHN,GA,ASO,ES,Federal Contract Tower,0,5,40,1,46,0,0,22,4,26,0,5,62,5,72,28,0,28,100
05/21/2001,AHN,GA,ASO,ES,Federal Contract Tower,0,7,47,2,56,0,0,31,2,33,0,7,78,4,89,88,4,92,181
05/22/2001,AHN,GA,ASO,ES,Federal Contract Tower,0,5,32,0,37,0,1,43,0,44,0,6,75,0,81,114,0,114,195
05/23/2001,AHN,GA,ASO,ES,Federal Contract Tower,0,8,54,2,64,0,0,114,0,114,0,8,168,2,178,258,2,260,438
05/24/2001,AHN,GA,ASO,ES,Federal Contract Tower,0,5,29,1,35,0,3,49,2,54,0,8,78,3,89,46,2,48,137
05/25/2001,AHN,GA,ASO,ES,Federal Contract Tower,0,7,40,1,48,0,1,24,1,26,0,8,64,2,74,24,0,24,98
05/26/2001,AHN,GA,ASO,ES,Federal Contract Tower,0,2,26,0,28,0,0,93,0,93,0,2,119,0,121,130,0,130,251
05/27/2001,AHN,GA,ASO,ES,Federal Contract Tower,0,2,17,0,19,0,0,54,0,54,0,2,71,0,73,10,0,10,83
05/28/2001,AHN,GA,ASO,ES,Federal Contract Tower,0,6,42,2,50,0,0,33,2,35,0,6,75,4,85,78,2,80,165
05/29/2001,AHN,GA,ASO,ES,Federal Contract Tower,0,6,35,1,42,0,3,44,1,48,0,9,79,2,90,40,0,40,130
05/30/2001,AHN,GA,ASO,ES,Federal Contract Tower,0,6,36,1,43,0,4,71,5,80,0,10,107,6,123,56,12,68,191
05/31/2001,AHN,GA,ASO,ES,Federal Contract Tower,0,7,40,1,48,0,3,74,1,78,0,10,114,2,126,142,0,142,268
06/01/2001,AHN,GA,ASO,ES,Federal Contract Tower,0,9,0,0,9,0,0,10,0,10,0,9,10,0,19,0,0,0,19
06/02/2001,AHN,GA,ASO,ES,Federal Contract Tower,0,2,1,0,3,0,0,134,0,134,0,2,135,0,137,128,0,128,265
06/03/2001,AHN,GA,ASO,ES,Federal Contract Tower,0,5,1,0,6,0,0,90,0,90,0,5,91,0,96,58,0,58,154
06/04/2001,AHN,GA,ASO,ES,Federal Contract Tower,0,6,2,0,8,0,0,83,0,83,0,6,85,0,91,80,0,80,171
06/05/2001,AHN,GA,ASO,ES,Federal Contract Tower,0,7,2,0,9,0,0,89,6,95,0,7,91,6,104,50,4,54,158
06/06/2001,AHN,GA,ASO,ES,Federal Contract Tower,0,9,2,0,11,0,0,90,2,92,0,9,92,2,103,44,0,44,147
06/07/2001,AHN,GA,ASO,ES,Federal Contract Tower,0,7,2,0,9,0,0,56,4,60,0,7,58,4,69,48,0,48,117
06/08/2001,AHN,GA,ASO,ES,Federal Contract Tower,0,8,1,0,9,0,0,33,9,42,0,8,34,9,51,26,0,26,77
06/09/2001,AHN,GA,ASO,ES,Federal Contract Tower,0,3,2,0,5,0,0,131,0,131,0,3,133,0,136,202,0,202,338
06/10/2001,AHN,GA,ASO,ES,Federal Contract Tower,0,5,1,0,6,0,0,91,0,91,0,5,92,0,97,190,0,190,287
06/11/2001,AHN,GA,ASO,ES,Federal Contract Tower,0,7,1,0,8,0,0,29,10,39,0,7,30,10,47,6,0,6,53
06/12/2001,AHN,GA,ASO,ES,Federal Contract Tower,0,7,1,0,8,0,0,16,7,23,0,7,17,7,31,0,0,0,31
06/13/2001,AHN,GA,ASO,ES,Federal Contract Tower,0,7,2,0,9,0,0,102,1,103,0,7,104,1,112,148,0,148,260
06/14/2001,AHN,GA,ASO,ES,Federal Contract Tower,0,7,2,0,9,0,0,96,2,98,0,7,98,2,107,110,0,110,217
06/15/2001,AHN,GA,ASO,ES,Federal Contract Tower,0,9,2,0,11,0,0,111,0,111,0,9,113,0,122,224,0,224,346
06/16/2001,AHN,GA,ASO,ES,Federal Contract Tower,0,2,1,0,3,0,0,90,2,92,0,2,91,2,95,78,0,78,173
06/17/2001,AHN,GA,ASO,ES,Federal Contract Tower,0,5,0,0,5,0,0,92,0,92,0,5,92,0,97,48,0,48,145
06/18/2001,AHN,GA,ASO,ES,Federal Contract Tower,0,8,1,0,9,0,0,84,0,84,0,8,85,0,93,80,0,80,173
06/19/2001,AHN,GA,ASO,ES,Federal Contract Tower,0,8,1,0,9,0,0,92,1,93,0,8,93,1,102,152,0,152,254
06/20/2001,AHN,GA,ASO,ES,Federal Contract Tower,0,7,0,0,7,0,0,74,6,80,0,7,74,6,87,128,4,132,219
06/21/2001,AHN,GA,ASO,ES,Federal Contract Tower,0,7,1,0,8,0,0,89,0,89,0,7,90,0,97,90,0,90,187
06/22/2001,AHN,GA,ASO,ES,Federal Contract Tower,0,6,0,0,6,0,0,39,0,39,0,6,39,0,45,10,0,10,55
06/23/2001,AHN,GA,ASO,ES,Federal Contract Tower,0,3,0,0,3,0,0,88,2,90,0,3,88,2,93,46,0,46,139
06/24/2001,AHN,GA,ASO,ES,Federal Contract Tower,0,5,1,0,6,0,0,80,2,82,0,5,81,2,88,76,0,76,164
06/25/2001,AHN,GA,ASO,ES,Federal Contract Tower,0,8,0,0,8,0,0,53,0,53,0,8,53,0,61,44,0,44,105
06/26/2001,AHN,GA,ASO,ES,Federal Contract Tower,0,8,0,0,8,0,0,22,4,26,0,8,22,4,34,20,0,20,54
06/27/2001,AHN,GA,ASO,ES,Federal Contract Tower,0,7,1,0,8,0,0,134,2,136,0,7,135,2,144,92,0,92,236
06/28/2001,AHN,GA,ASO,ES,Federal Contract Tower,0,8,1,0,9,0,0,105,2,107,0,8,106,2,116,116,0,116,232
06/29/2001,AHN,GA,ASO,ES,Federal Contract Tower,0,7,1,0,8,0,0,75,5,80,0,7,76,5,88,36,0,36,124
06/30/2001,AHN,GA,ASO,ES,Federal Contract Tower,0,1,1,0,2,0,0,81,0,81,0,1,82,0,83,146,0,146,229
07/01/2001,AHN,GA,ASO,ES,Federal Contract Tower,0,5,33,1,39,0,1,41,0,42,0,6,74,1,81,140,0,140,221
07/02/2001,AHN,GA,ASO,ES,Federal Contract Tower,0,6,34,1,41,0,0,37,1,38,0,6,71,2,79,116,0,116,195
07/03/2001,AHN,GA,ASO,ES,Federal Contract Tower,0,4,20,0,24,0,0,20,0,20,0,4,40,0,44,92,0,92,136
07/04/2001,AHN,GA,ASO,ES,Federal Contract Tower,0,3,19,0,22,0,0,29,0,29,0,3,48,0,51,62,0,62,113
07/05/2001,AHN,GA,ASO,ES,Federal Contract Tower,0,6,34,0,40,0,0,52,0,52,0,6,86,0,92,138,0,138,230
07/06/2001,AHN,GA,ASO,ES,Federal Contract Tower,0,6,37,1,44,0,1,105,0,106,0,7,142,1,150,150,0,150,300
07/07/2001,AHN,GA,ASO,ES,Federal Contract Tower,0,2,44,2,48,0,0,134,2,136,0,2,178,4,184,184,0,184,368
07/08/2001,AHN,GA,ASO,ES,Federal Contract Tower,0,5,25,0,30,0,0,43,0,43,0,5,68,0,73,52,0,52,125
07/09/2001,AHN,GA,ASO,ES,Federal Contract Tower,0,4,20,1,25,0,3,45,1,49,0,7,65,2,74,84,0,84,158
07/10/2001,AHN,GA,ASO,ES,Federal Contract Tower,0,6,38,0,44,0,0,89,0,89,0,6,127,0,133,118,0,118,251
07/11/2001,AHN,GA,ASO,ES,Federal Contract Tower,0,7,39,2,48,0,0,27,0,27,0,7,66,2,75,44,2,46,121
07/12/2001,AHN,GA,ASO,ES,Federal Contract Tower,0,5,29,1,35,0,0,96,4,100,0,5,125,5,135,162,10,172,307
07/13/2001,AHN,GA,ASO,ES,Federal Contract Tower,0,6,38,2,46,0,3,22,0,25,0,9,60,2,71,38,0,38,109
07/14/2001,AHN,GA,ASO,ES,Federal Contract Tower,0,1,14,1,16,0,0,72,67,139,0,1,86,68,155,142,0,142,297
07/15/2001,AHN,GA,ASO,ES,Federal Contract Tower,0,5,26,1,32,0,0,68,7,75,0,5,94,8,107,144,2,146,253
07/16/2001,AHN,GA,ASO,ES,Federal Contract Tower,0,6,38,2,46,0,2,56,2,60,0,8,94,4,106,114,0,114,220
07/17/2001,AHN,GA,ASO,ES,Federal Contract Tower,0,6,36,0,42,0,0,55,5,60,0,6,91,5,102,162,2,164,266
07/18/2001,AHN,GA,ASO,ES,Federal Contract Tower,0,5,29,0,34,0,1,100,2,103,0,6,129,2,137,132,0,132,269
07/19/2001,AHN,GA,ASO,ES,Federal Contract Tower,0,6,39,1,46,0,0,79,6,85,0,6,118,7,131,206,0,206,337
07/20/2001,AHN,GA,ASO,ES,Federal Contract Tower,0,6,34,0,40,0,2,12,2,16,0,8,46,2,56,10,2,12,68
07/21/2001,AHN,GA,ASO,ES,Federal Contract Tower,0,1,52,0,53,0,0,97,0,97,0,1,149,0,150,178,0,178,328
07/22/2001,AHN,GA,ASO,ES,Federal Contract Tower,0,5,29,0,34,0,0,61,0,61,0,5,90,0,95,74,0,74,169
07/23/2001,AHN,GA,ASO,ES,Federal Contract Tower,0,6,43,1,50,0,0,79,0,79,0,6,122,1,129,110,2,112,241
07/24/2001,AHN,GA,ASO,ES,Federal Contract Tower,0,6,34,0,40,0,2,3,2,7,0,8,37,2,47,12,0,12,59
07/25/2001,AHN,GA,ASO,ES,Federal Contract Tower,0,2,10,0,12,0,6,0,2,8,0,8,10,2,20,8,0,8,28
07/26/2001,AHN,GA,ASO,ES,Federal Contract Tower,0,7,44,1,52,0,2,47,28,77,0,9,91,29,129,64,0,64,193
07/27/2001,AHN,GA,ASO,ES,Federal Contract Tower,0,6,31,0,37,0,2,48,10,60,0,8,79,10,97,50,6,56,153
07/28/2001,AHN,GA,ASO,ES,Federal Contract Tower,0,2,24,0,26,0,0,3,0,3,0,2,27,0,29,18,0,18,47
07/29/2001,AHN,GA,ASO,ES,Federal Contract Tower,0,6,44,1,51,0,0,19,2,21,0,6,63,3,72,40,0,40,112
07/30/2001,AHN,GA,ASO,ES,Federal Contract Tower,0,5,27,0,32,0,0,72,0,72,0,5,99,0,104,128,0,128,232
07/31/2001,AHN,GA,ASO,ES,Federal Contract Tower,0,6,35,0,41,0,0,77,5,82,0,6,112,5,123,118,0,118,241
08/01/2001,AHN,GA,ASO,ES,Federal Contract Tower,0,6,36,2,44,0,0,118,0,118,0,6,154,2,162,280,0,280,442
08/02/2001,AHN,GA,ASO,ES,Federal Contract Tower,0,6,38,2,46,0,0,94,0,94,0,6,132,2,140,134,4,138,278
08/03/2001,AHN,GA,ASO,ES,Federal Contract Tower,0,9,47,4,60,0,0,63,5,68,0,9,110,9,128,66,4,70,198
08/04/2001,AHN,GA,ASO,ES,Federal Contract Tower,0,1,19,0,20,0,0,37,0,37,0,1,56,0,57,44,0,44,101
08/05/2001,AHN,GA,ASO,ES,Federal Contract Tower,0,3,16,0,19,0,2,26,0,28,0,5,42,0,47,26,0,26,73
08/06/2001,AHN,GA,ASO,ES,Federal Contract Tower,0,6,28,0,34,0,0,19,0,19,0,6,47,0,53,96,0,96,149
08/07/2001,AHN,GA,ASO,ES,Federal Contract Tower,0,6,31,3,40,0,0,21,3,24,0,6,52,6,64,34,6,40,104
08/08/2001,AHN,GA,ASO,ES,Federal Contract Tower,0,5,35,0,40,0,0,80,0,80,0,5,115,0,120,344,0,344,464
08/09/2001,AHN,GA,ASO,ES,Federal Contract Tower,0,6,32,0,38,0,0,45,0,45,0,6,77,0,83,72,0,72,155
08/10/2001,AHN,GA,ASO,ES,Federal Contract Tower,0,6,31,3,40,0,1,31,7,39,0,7,62,10,79,122,6,128,207
08/11/2001,AHN,GA,ASO,ES,Federal Contract Tower,0,2,54,0,56,0,0,32,0,32,0,2,86,0,88,90,0,90,178
08/12/2001,AHN,GA,ASO,ES,Federal Contract Tower,0,6,43,3,52,0,0,53,2,55,0,6,96,5,107,52,4,56,163
08/13/2001,AHN,GA,ASO,ES,Federal Contract Tower,0,5,26,2,33,0,5,9,1,15,0,10,35,3,48,2,2,4,52
08/14/2001,AHN,GA,ASO,ES,Federal Contract Tower,0,6,27,1,34,0,2,58,0,60,0,8,85,1,94,143,0,143,237
08/15/2001,AHN,GA,ASO,ES,Federal Contract Tower,0,6,35,3,44,0,1,63,1,65,0,7,98,4,109,142,0,142,251
08/16/2001,AHN,GA,ASO,ES,Federal Contract Tower,0,6,35,2,43,0,0,58,0,58,0,6,93,2,101,136,0,136,237
08/17/2001,AHN,GA,ASO,ES,Federal Contract Tower,0,6,34,2,42,0,6,28,6,40,0,12,62,8,82,118,6,124,206
08/18/2001,AHN,GA,ASO,ES,Federal Contract Tower,0,2,16,0,18,0,0,100,0,100,0,2,116,0,118,102,2,104,222
08/19/2001,AHN,GA,ASO,ES,Federal Contract Tower,0,5,31,0,36,0,0,44,0,44,0,5,75,0,80,88,0,88,168
08/20/2001,AHN,GA,ASO,ES,Federal Contract Tower,0,5,25,0,30,0,1,58,0,59,0,6,83,0,89,148,0,148,237
08/21/2001,AHN,GA,ASO,ES,Federal Contract Tower,0,7,37,2,46,0,1,69,5,75,0,8,106,7,121,66,2,68,189
08/22/2001,AHN,GA,ASO,ES,Federal Contract Tower,0,8,47,3,58,0,0,87,9,96,0,8,134,12,154,280,2,282,436
08/23/2001,AHN,GA,ASO,ES,Federal Contract Tower,0,6,42,0,48,0,0,88,0,88,0,6,130,0,136,98,0,98,234
08/24/2001,AHN,GA,ASO,ES,Federal Contract Tower,0,5,27,1,33,0,3,64,2,69,0,8,91,3,102,78,2,80,182
08/25/2001,AHN,GA,ASO,ES,Federal Contract Tower,0,3,37,0,40,0,0,54,0,54,0,3,91,0,94,110,0,110,204
08/26/2001,AHN,GA,ASO,ES,Federal Contract Tower,0,3,20,1,24,0,2,38,3,43,0,5,58,4,67,44,0,44,111
08/27/2001,AHN,GA,ASO,ES,Federal Contract Tower,0,5,25,1,31,0,2,61,4,67,0,7,86,5,98,146,2,148,246
08/28/2001,AHN,GA,ASO,ES,Federal Contract Tower,0,9,52,0,61,0,1,51,0,52,0,10,103,0,113,132,0,132,245
08/29/2001,AHN,GA,ASO,ES,Federal Contract Tower,0,6,43,2,51,0,0,55,0,55,0,6,98,2,106,128,2,130,236
08/30/2001,AHN,GA,ASO,ES,Federal Contract Tower,0,6,43,0,49,0,0,44,0,44,0,6,87,0,93,100,0,100,193
08/31/2001,AHN,GA,ASO,ES,Federal Contract Tower,0,10,53,2,65,0,2,59,0,61,0,12,112,2,126,122,0,122,248
09/01/2001,AHN,GA,ASO,ES,Federal Contract Tower,0,2,39,0,41,0,0,28,0,28,0,2,67,0,69,130,0,130,199
09/02/2001,AHN,GA,ASO,ES,Federal Contract Tower,0,4,25,0,29,0,0,33,0,33,0,4,58,0,62,54,0,54,116
09/03/2001,AHN,GA,ASO,ES,Federal Contract Tower,0,5,44,0,49,0,0,8,0,8,0,5,52,0,57,16,0,16,73
09/04/2001,AHN,GA,ASO,ES,Federal Contract Tower,0,7,57,1,65,0,0,15,1,16,0,7,72,2,81,28,0,28,109
09/05/2001,AHN,GA,ASO,ES,Federal Contract Tower,0,6,66,0,72,0,0,67,0,67,0,6,133,0,139,114,0,114,253
09/06/2001,AHN,GA,ASO,ES,Federal Contract Tower,0,5,43,2,50,0,1,80,0,81,0,6,123,2,131,110,0,110,241
09/07/2001,AHN,GA,ASO,ES,Federal Contract Tower,0,4,40,2,46,0,4,82,6,92,0,8,122,8,138,92,4,96,234
09/08/2001,AHN,GA,ASO,ES,Federal Contract Tower,0,2,59,2,63,0,0,118,2,120,0,2,177,4,183,236,0,236,419
09/09/2001,AHN,GA,ASO,ES,Federal Contract Tower,0,4,40,0,44,0,1,80,0,81,0,5,120,0,125,76,0,76,201
09/10/2001,AHN,GA,ASO,ES,Federal Contract Tower,0,5,42,1,48,0,2,27,0,29,0,7,69,1,77,190,2,192,269
09/11/2001,AHN,GA,ASO,ES,Federal Contract Tower,0,1,13,0,14,0,0,3,0,3,0,1,16,0,17,6,0,6,23
09/12/2001,AHN,GA,ASO,ES,Federal Contract Tower,0,0,0,0,0,0,0,0,0,0,0,0,0,0,0,0,0,0,0
09/13/2001,AHN,GA,ASO,ES,Federal Contract Tower,0,0,3,0,3,0,0,1,0,1,0,0,4,0,4,0,0,0,4
09/14/2001,AHN,GA,ASO,ES,Federal Contract Tower,0,0,2,0,2,0,7,0,0,7,0,7,2,0,9,0,0,0,9
09/15/2001,AHN,GA,ASO,ES,Federal Contract Tower,0,2,13,0,15,0,0,1,0,1,0,2,14,0,16,0,0,0,16
09/16/2001,AHN,GA,ASO,ES,Federal Contract Tower,0,3,23,0,26,0,2,0,0,2,0,5,23,0,28,0,0,0,28
09/17/2001,AHN,GA,ASO,ES,Federal Contract Tower,0,4,31,0,35,0,1,0,0,1,0,5,31,0,36,0,0,0,36
09/18/2001,AHN,GA,ASO,ES,Federal Contract Tower,0,7,54,0,61,0,8,0,0,8,0,15,54,0,69,8,0,8,77
09/19/2001,AHN,GA,ASO,ES,Federal Contract Tower,0,9,71,2,82,0,0,0,10,10,0,9,71,12,92,14,10,24,116
09/20/2001,AHN,GA,ASO,ES,Federal Contract Tower,0,6,49,0,55,0,0,9,0,9,0,6,58,0,64,8,0,8,72
09/21/2001,AHN,GA,ASO,ES,Federal Contract Tower,0,6,64,0,70,0,0,32,0,32,0,6,96,0,102,66,0,66,168
09/22/2001,AHN,GA,ASO,ES,Federal Contract Tower,0,4,34,0,38,0,2,69,0,71,0,6,103,0,109,96,0,96,205
09/23/2001,AHN,GA,ASO,ES,Federal Contract Tower,0,3,43,0,46,0,0,44,0,44,0,3,87,0,90,154,0,154,244
09/24/2001,AHN,GA,ASO,ES,Federal Contract Tower,0,5,35,0,40,0,0,7,0,7,0,5,42,0,47,32,0,32,79
09/25/2001,AHN,GA,ASO,ES,Federal Contract Tower,0,6,48,0,54,0,1,77,0,78,0,7,125,0,132,230,0,230,362
09/26/2001,AHN,GA,ASO,ES,Federal Contract Tower,0,4,67,1,72,0,0,76,0,76,0,4,143,1,148,358,0,358,506
09/27/2001,AHN,GA,ASO,ES,Federal Contract Tower,0,6,54,1,61,0,1,110,3,114,0,7,164,4,175,216,0,216,391
09/28/2001,AHN,GA,ASO,ES,Federal Contract Tower,0,8,71,1,80,0,0,56,13,69,0,8,127,14,149,264,8,272,421
09/29/2001,AHN,GA,ASO,ES,Federal Contract Tower,0,1,57,1,59,0,0,77,0,77,0,1,134,1,136,78,0,78,214
09/30/2001,AHN,GA,ASO,ES,Federal Contract Tower,0,5,51,1,57,0,0,70,0,70,0,5,121,1,127,116,0,116,243
10/01/2001,AHN,GA,ASO,ES,Federal Contract Tower,0,3,29,2,34,0,2,66,0,68,0,5,95,2,102,206,0,206,308
10/02/2001,AHN,GA,ASO,ES,Federal Contract Tower,0,3,37,3,43,0,7,77,2,86,0,10,114,5,129,176,14,190,319
10/03/2001,AHN,GA,ASO,ES,Federal Contract Tower,0,4,40,0,44,0,3,96,0,99,0,7,136,0,143,262,0,262,405
10/04/2001,AHN,GA,ASO,ES,Federal Contract Tower,0,4,54,4,62,0,0,82,3,85,0,4,136,7,147,173,6,179,326
10/05/2001,AHN,GA,ASO,ES,Federal Contract Tower,0,6,44,2,52,0,1,46,0,47,0,7,90,2,99,126,0,126,225
10/06/2001,AHN,GA,ASO,ES,Federal Contract Tower,0,1,49,0,50,0,0,20,0,20,0,1,69,0,70,36,0,36,106
10/07/2001,AHN,GA,ASO,ES,Federal Contract Tower,0,7,49,3,59,0,0,70,9,79,0,7,119,12,138,146,0,146,284
10/08/2001,AHN,GA,ASO,ES,Federal Contract Tower,0,4,29,2,35,0,3,41,0,44,0,7,70,2,79,64,0,64,143
10/09/2001,AHN,GA,ASO,ES,Federal Contract Tower,0,3,21,0,24,0,1,56,0,57,0,4,77,0,81,130,0,130,211
10/10/2001,AHN,GA,ASO,ES,Federal Contract Tower,0,4,41,2,47,0,0,85,0,85,0,4,126,2,132,156,0,156,288
10/11/2001,AHN,GA,ASO,ES,Federal Contract Tower,0,4,50,3,57,0,0,63,3,66,0,4,113,6,123,262,4,266,389
10/12/2001,AHN,GA,ASO,ES,Federal Contract Tower,0,6,49,3,58,0,0,19,13,32,0,6,68,16,90,64,14,78,168
10/13/2001,AHN,GA,ASO,ES,Federal Contract Tower,0,2,50,3,55,0,0,6,6,12,0,2,56,9,67,76,8,84,151
10/14/2001,AHN,GA,ASO,ES,Federal Contract Tower,0,4,30,2,36,0,1,27,2,30,0,5,57,4,66,88,8,96,162
10/15/2001,AHN,GA,ASO,ES,Federal Contract Tower,0,4,38,3,45,0,0,74,3,77,0,4,112,6,122,142,0,142,264
10/16/2001,AHN,GA,ASO,ES,Federal Contract Tower,0,5,39,2,46,0,0,29,0,29,0,5,68,2,75,104,2,106,181
10/17/2001,AHN,GA,ASO,ES,Federal Contract Tower,0,5,38,1,44,0,4,71,0,75,0,9,109,1,119,118,0,118,237
10/18/2001,AHN,GA,ASO,ES,Federal Contract Tower,0,5,33,0,38,0,1,106,0,107,0,6,139,0,145,164,0,164,309
10/19/2001,AHN,GA,ASO,ES,Federal Contract Tower,0,5,51,2,58,0,0,119,0,119,0,5,170,2,177,228,0,228,405
10/20/2001,AHN,GA,ASO,ES,Federal Contract Tower,0,6,52,0,58,0,3,70,0,73,0,9,122,0,131,50,0,50,181
10/21/2001,AHN,GA,ASO,ES,Federal Contract Tower,0,5,52,0,57,0,0,91,0,91,0,5,143,0,148,120,0,120,268
10/22/2001,AHN,GA,ASO,ES,Federal Contract Tower,0,4,34,1,39,0,0,95,1,96,0,4,129,2,135,194,0,194,329
10/23/2001,AHN,GA,ASO,ES,Federal Contract Tower,0,4,35,2,41,0,1,56,0,57,0,5,91,2,98,134,0,134,232
10/24/2001,AHN,GA,ASO,ES,Federal Contract Tower,0,4,45,2,51,0,0,55,0,55,0,4,100,2,106,144,0,144,250
10/25/2001,AHN,GA,ASO,ES,Federal Contract Tower,0,6,47,2,55,0,0,67,4,71,0,6,114,6,126,104,0,104,230
10/26/2001,AHN,GA,ASO,ES,Federal Contract Tower,0,6,48,1,55,0,0,51,0,51,0,6,99,1,106,16,0,16,122
10/27/2001,AHN,GA,ASO,ES,Federal Contract Tower,0,1,30,1,32,0,0,53,6,59,0,1,83,7,91,48,2,50,141
10/28/2001,AHN,GA,ASO,ES,Federal Contract Tower,0,3,47,2,52,0,0,104,0,104,0,3,151,2,156,70,0,70,226
10/29/2001,AHN,GA,ASO,ES,Federal Contract Tower,0,4,27,1,32,0,2,102,5,109,0,6,129,6,141,119,0,119,260
10/30/2001,AHN,GA,ASO,ES,Federal Contract Tower,0,2,21,0,23,0,4,105,0,109,0,6,126,0,132,156,0,156,288
10/31/2001,AHN,GA,ASO,ES,Federal Contract Tower,0,4,38,2,44,0,0,100,0,100,0,4,138,2,144,156,0,156,300
11/01/2001,AHN,GA,ASO,ES,Federal Contract Tower,0,4,56,2,62,0,0,76,4,80,0,4,132,6,142,151,0,151,293
11/02/2001,AHN,GA,ASO,ES,Federal Contract Tower,0,4,36,0,40,0,1,66,0,67,0,5,102,0,107,84,0,84,191
11/03/2001,AHN,GA,ASO,ES,Federal Contract Tower,0,0,1,1,2,0,1,105,9,115,0,1,106,10,117,124,4,128,245
11/04/2001,AHN,GA,ASO,ES,Federal Contract Tower,0,3,27,1,31,0,0,55,0,55,0,3,82,1,86,86,0,86,172
11/05/2001,AHN,GA,ASO,ES,Federal Contract Tower,0,4,31,1,36,0,0,38,3,41,0,4,69,4,77,106,0,106,183
11/06/2001,AHN,GA,ASO,ES,Federal Contract Tower,0,5,39,2,46,0,1,73,6,80,0,6,112,8,126,96,4,100,226
11/07/2001,AHN,GA,ASO,ES,Federal Contract Tower,0,4,55,0,59,0,0,124,0,124,0,4,179,0,183,254,0,254,437
11/08/2001,AHN,GA,ASO,ES,Federal Contract Tower,0,5,42,2,49,0,0,92,2,94,0,5,134,4,143,186,0,186,329
11/09/2001,AHN,GA,ASO,ES,Federal Contract Tower,0,5,45,2,52,0,0,84,0,84,0,5,129,2,136,132,0,132,268
11/10/2001,AHN,GA,ASO,ES,Federal Contract Tower,0,2,71,2,75,0,0,120,0,120,0,2,191,2,195,12,4,16,211
11/11/2001,AHN,GA,ASO,ES,Federal Contract Tower,0,2,43,0,45,0,0,108,0,108,0,2,151,0,153,36,0,36,189
11/12/2001,AHN,GA,ASO,ES,Federal Contract Tower,0,2,16,1,19,0,5,49,3,57,0,7,65,4,76,78,0,78,154
11/13/2001,AHN,GA,ASO,ES,Federal Contract Tower,0,4,43,2,49,0,0,85,3,88,0,4,128,5,137,106,4,110,247
11/14/2001,AHN,GA,ASO,ES,Federal Contract Tower,0,3,22,1,26,0,1,91,10,102,0,4,113,11,128,162,0,162,290
11/15/2001,AHN,GA,ASO,ES,Federal Contract Tower,0,3,27,0,30,0,5,73,0,78,0,8,100,0,108,160,0,160,268
11/16/2001,AHN,GA,ASO,ES,Federal Contract Tower,0,4,34,0,38,0,5,93,0,98,0,9,127,0,136,132,0,132,268
11/17/2001,AHN,GA,ASO,ES,Federal Contract Tower,0,4,53,0,57,0,0,91,0,91,0,4,144,0,148,126,0,126,274
11/18/2001,AHN,GA,ASO,ES,Federal Contract Tower,0,3,33,0,36,0,0,85,0,85,0,3,118,0,121,162,0,162,283
11/19/2001,AHN,GA,ASO,ES,Federal Contract Tower,0,5,45,1,51,0,1,51,5,57,0,6,96,6,108,66,4,70,178
11/20/2001,AHN,GA,ASO,ES,Federal Contract Tower,0,4,33,1,38,0,1,47,1,49,0,5,80,2,87,138,0,138,225
11/21/2001,AHN,GA,ASO,ES,Federal Contract Tower,0,6,48,1,55,0,0,101,1,102,0,6,149,2,157,68,0,68,225
11/22/2001,AHN,GA,ASO,ES,Federal Contract Tower,0,2,14,0,16,0,0,20,0,20,0,2,34,0,36,16,0,16,52
11/23/2001,AHN,GA,ASO,ES,Federal Contract Tower,0,2,33,0,35,0,0,3,0,3,0,2,36,0,38,6,0,6,44
11/24/2001,AHN,GA,ASO,ES,Federal Contract Tower,0,3,27,0,30,0,0,16,2,18,0,3,43,2,48,14,0,14,62
11/25/2001,AHN,GA,ASO,ES,Federal Contract Tower,0,8,61,0,69,0,1,35,0,36,0,9,96,0,105,90,0,90,195
11/26/2001,AHN,GA,ASO,ES,Federal Contract Tower,0,6,53,0,59,0,1,56,0,57,0,7,109,0,116,100,0,100,216
11/27/2001,AHN,GA,ASO,ES,Federal Contract Tower,0,5,42,1,48,0,0,37,1,38,0,5,79,2,86,174,0,174,260
11/28/2001,AHN,GA,ASO,ES,Federal Contract Tower,0,5,43,0,48,0,0,69,0,69,0,5,112,0,117,180,0,180,297
11/29/2001,AHN,GA,ASO,ES,Federal Contract Tower,0,4,34,1,39,0,1,24,3,28,0,5,58,4,67,96,2,98,165
11/30/2001,AHN,GA,ASO,ES,Federal Contract Tower,0,6,53,1,60,0,0,43,8,51,0,6,96,9,111,166,4,170,281
12/01/2001,AHN,GA,ASO,ES,Federal Contract Tower,0,2,3,0,5,0,0,111,2,113,0,2,114,2,118,106,0,106,224
12/02/2001,AHN,GA,ASO,ES,Federal Contract Tower,0,4,3,0,7,0,0,125,4,129,0,4,128,4,136,44,0,44,180
12/03/2001,AHN,GA,ASO,ES,Federal Contract Tower,0,8,2,0,10,0,0,73,1,74,0,8,75,1,84,106,0,106,190
12/04/2001,AHN,GA,ASO,ES,Federal Contract Tower,0,5,4,0,9,0,0,149,5,154,0,5,153,5,163,142,4,146,309
12/05/2001,AHN,GA,ASO,ES,Federal Contract Tower,0,6,4,0,10,0,0,96,15,111,0,6,100,15,121,70,18,88,209
12/06/2001,AHN,GA,ASO,ES,Federal Contract Tower,0,6,4,0,10,0,0,156,8,164,0,6,160,8,174,58,4,62,236
12/07/2001,AHN,GA,ASO,ES,Federal Contract Tower,0,5,3,0,8,0,0,105,4,109,0,5,108,4,117,64,0,64,181
12/08/2001,AHN,GA,ASO,ES,Federal Contract Tower,0,1,3,0,4,0,0,114,2,116,0,1,117,2,120,82,0,82,202
12/09/2001,AHN,GA,ASO,ES,Federal Contract Tower,0,3,3,0,6,0,0,104,0,104,0,3,107,0,110,96,0,96,206
12/10/2001,AHN,GA,ASO,ES,Federal Contract Tower,0,6,2,0,8,0,0,13,8,21,0,6,15,8,29,4,0,4,33
12/11/2001,AHN,GA,ASO,ES,Federal Contract Tower,0,5,6,0,11,0,0,102,52,154,0,5,108,52,165,162,0,162,327
12/12/2001,AHN,GA,ASO,ES,Federal Contract Tower,0,6,5,0,11,0,0,60,6,66,0,6,65,6,77,0,0,0,77
12/13/2001,AHN,GA,ASO,ES,Federal Contract Tower,0,1,2,0,3,0,0,36,3,39,0,1,38,3,42,30,0,30,72
12/14/2001,AHN,GA,ASO,ES,Federal Contract Tower,0,5,3,0,8,0,0,57,10,67,0,5,60,10,75,52,6,58,133
12/15/2001,AHN,GA,ASO,ES,Federal Contract Tower,0,5,5,0,10,0,0,187,2,189,0,5,192,2,199,254,0,254,453
12/16/2001,AHN,GA,ASO,ES,Federal Contract Tower,0,5,2,0,7,0,0,65,2,67,0,5,67,2,74,54,0,54,128
12/17/2001,AHN,GA,ASO,ES,Federal Contract Tower,0,5,0,0,5,0,0,9,0,9,0,5,9,0,14,0,0,0,14
12/18/2001,AHN,GA,ASO,ES,Federal Contract Tower,0,4,3,0,7,0,0,131,16,147,0,4,134,16,154,336,8,344,498
12/19/2001,AHN,GA,ASO,ES,Federal Contract Tower,0,4,1,0,5,0,0,114,1,115,0,4,115,1,120,190,0,190,310
12/20/2001,AHN,GA,ASO,ES,Federal Contract Tower,0,4,2,0,6,0,0,105,0,105,0,4,107,0,111,144,0,144,255
12/21/2001,AHN,GA,ASO,ES,Federal Contract Tower,0,4,2,0,6,0,0,116,3,119,0,4,118,3,125,124,0,124,249
12/22/2001,AHN,GA,ASO,ES,Federal Contract Tower,0,3,2,0,5,0,0,120,2,122,0,3,122,2,127,60,2,62,189
12/23/2001,AHN,GA,ASO,ES,Federal Contract Tower,0,2,1,0,3,0,0,21,0,21,0,2,22,0,24,10,0,10,34
12/24/2001,AHN,GA,ASO,ES,Federal Contract Tower,0,1,0,0,1,0,0,57,0,57,0,1,57,0,58,4,0,4,62
12/25/2001,AHN,GA,ASO,ES,Federal Contract Tower,0,2,0,0,2,0,0,29,0,29,0,2,29,0,31,16,0,16,47
12/26/2001,AHN,GA,ASO,ES,Federal Contract Tower,0,4,2,0,6,0,0,91,0,91,0,4,93,0,97,84,0,84,181
12/27/2001,AHN,GA,ASO,ES,Federal Contract Tower,0,7,2,0,9,0,0,93,0,93,0,7,95,0,102,104,0,104,206
12/28/2001,AHN,GA,ASO,ES,Federal Contract Tower,0,6,1,0,7,0,0,66,0,66,0,6,67,0,73,92,0,92,165
12/29/2001,AHN,GA,ASO,ES,Federal Contract Tower,0,2,1,0,3,0,0,80,0,80,0,2,81,0,83,46,0,46,129
12/30/2001,AHN,GA,ASO,ES,Federal Contract Tower,0,3,1,0,4,0,0,97,0,97,0,3,98,0,101,86,0,86,187
12/31/2001,AHN,GA,ASO,ES,Federal Contract Tower,0,1,1,0,2,0,0,65,0,65,0,1,66,0,67,26,0,26,93
01/01/2002,AHN,GA,ASO,ES,Federal Contract Tower,0,2,18,0,20,0,1,59,0,60,0,3,77,0,80,8,0,8,88
01/02/2002,AHN,GA,ASO,ES,Federal Contract Tower,0,0,6,0,6,0,4,0,0,4,0,4,6,0,10,0,0,0,10
01/03/2002,AHN,GA,ASO,ES,Federal Contract Tower,0,0,4,0,4,0,0,0,0,0,0,0,4,0,4,0,0,0,4
01/04/2002,AHN,GA,ASO,ES,Federal Contract Tower,0,4,24,0,28,0,0,50,0,50,0,4,74,0,78,60,0,60,138
01/05/2002,AHN,GA,ASO,ES,Federal Contract Tower,0,1,22,0,23,0,0,98,0,98,0,1,120,0,121,176,0,176,297
01/06/2002,AHN,GA,ASO,ES,Federal Contract Tower,0,3,18,0,21,0,1,1,1,3,0,4,19,1,24,10,0,10,34
01/07/2002,AHN,GA,ASO,ES,Federal Contract Tower,0,2,11,0,13,0,2,19,2,23,0,4,30,2,36,26,0,26,62
01/08/2002,AHN,GA,ASO,ES,Federal Contract Tower,0,4,28,0,32,0,2,84,0,86,0,6,112,0,118,140,0,140,258
01/09/2002,AHN,GA,ASO,ES,Federal Contract Tower,0,5,41,0,46,0,0,61,6,67,0,5,102,6,113,112,0,112,225
01/10/2002,AHN,GA,ASO,ES,Federal Contract Tower,1,4,41,0,46,1,0,60,2,63,2,4,101,2,109,136,0,136,245
01/11/2002,AHN,GA,ASO,ES,Federal Contract Tower,0,7,51,3,61,0,3,73,1,77,0,10,124,4,138,120,0,120,258
01/12/2002,AHN,GA,ASO,ES,Federal Contract Tower,1,4,26,0,31,0,0,56,0,56,1,4,82,0,87,150,0,150,237
01/13/2002,AHN,GA,ASO,ES,Federal Contract Tower,0,5,32,0,37,0,1,106,2,109,0,6,138,2,146,135,0,135,281
01/14/2002,AHN,GA,ASO,ES,Federal Contract Tower,0,2,26,0,28,0,0,39,2,41,0,2,65,2,69,118,0,118,187
01/15/2002,AHN,GA,ASO,ES,Federal Contract Tower,0,5,35,1,41,0,0,77,3,80,0,5,112,4,121,86,0,86,207
01/16/2002,AHN,GA,ASO,ES,Federal Contract Tower,0,3,38,0,41,0,0,100,0,100,0,3,138,0,141,110,0,110,251
01/17/2002,AHN,GA,ASO,ES,Federal Contract Tower,0,7,59,4,70,0,0,105,4,109,0,7,164,8,179,136,8,144,323
01/18/2002,AHN,GA,ASO,ES,Federal Contract Tower,0,4,50,2,56,2,0,47,0,49,2,4,97,2,105,68,0,68,173
01/19/2002,AHN,GA,ASO,ES,Federal Contract Tower,0,1,22,0,23,2,0,1,0,3,2,1,23,0,26,20,0,20,46
01/20/2002,AHN,GA,ASO,ES,Federal Contract Tower,0,3,47,0,50,0,0,118,0,118,0,3,165,0,168,96,0,96,264
01/21/2002,AHN,GA,ASO,ES,Federal Contract Tower,0,5,29,0,34,0,2,44,0,46,0,7,73,0,80,26,0,26,106
01/22/2002,AHN,GA,ASO,ES,Federal Contract Tower,0,4,51,2,57,0,0,119,0,119,0,4,170,2,176,164,0,164,340
01/23/2002,AHN,GA,ASO,ES,Federal Contract Tower,0,2,15,0,17,0,0,0,0,0,0,2,15,0,17,17,0,17,34
01/24/2002,AHN,GA,ASO,ES,Federal Contract Tower,0,5,37,0,42,1,3,7,4,15,1,8,44,4,57,20,0,20,77
01/25/2002,AHN,GA,ASO,ES,Federal Contract Tower,0,6,43,0,49,2,1,46,2,51,2,7,89,2,100,48,0,48,148
01/26/2002,AHN,GA,ASO,ES,Federal Contract Tower,0,2,46,2,50,1,0,142,0,143,1,2,188,2,193,64,0,64,257
01/27/2002,AHN,GA,ASO,ES,Federal Contract Tower,0,6,43,0,49,1,0,87,2,90,1,6,130,2,139,106,0,106,245
01/28/2002,AHN,GA,ASO,ES,Federal Contract Tower,0,5,32,0,37,0,0,80,2,82,0,5,112,2,119,96,0,96,215
01/29/2002,AHN,GA,ASO,ES,Federal Contract Tower,0,4,28,0,32,1,2,70,2,75,1,6,98,2,107,176,0,176,283
01/30/2002,AHN,GA,ASO,ES,Federal Contract Tower,0,5,46,2,53,2,1,63,0,66,2,6,109,2,119,132,0,132,251
01/31/2002,AHN,GA,ASO,ES,Federal Contract Tower,0,4,35,0,39,1,0,43,0,44,1,4,78,0,83,72,0,72,155
02/01/2002,AHN,GA,ASO,ES,Federal Contract Tower,1,3,34,0,38,1,3,18,0,22,2,6,52,0,60,42,0,42,102
02/02/2002,AHN,GA,ASO,ES,Federal Contract Tower,1,1,37,2,41,3,0,139,2,144,4,1,176,4,185,106,14,120,305
02/03/2002,AHN,GA,ASO,ES,Federal Contract Tower,2,2,40,1,45,0,1,49,0,50,2,3,89,1,95,78,0,78,173
02/04/2002,AHN,GA,ASO,ES,Federal Contract Tower,0,1,29,0,30,0,4,33,0,37,0,5,62,0,67,24,0,24,91
02/05/2002,AHN,GA,ASO,ES,Federal Contract Tower,2,3,50,2,57,0,0,90,4,94,2,3,140,6,151,140,4,144,295
02/06/2002,AHN,GA,ASO,ES,Federal Contract Tower,0,3,20,0,23,0,1,2,0,3,0,4,22,0,26,2,0,2,28
02/07/2002,AHN,GA,ASO,ES,Federal Contract Tower,1,4,29,1,35,0,0,1,9,10,1,4,30,10,45,28,6,34,79
02/08/2002,AHN,GA,ASO,ES,Federal Contract Tower,0,6,47,1,54,0,2,87,8,97,0,8,134,9,151,84,6,90,241
02/09/2002,AHN,GA,ASO,ES,Federal Contract Tower,1,1,27,1,30,1,0,129,1,131,2,1,156,2,161,134,0,134,295
02/10/2002,AHN,GA,ASO,ES,Federal Contract Tower,1,3,28,0,32,1,0,43,0,44,2,3,71,0,76,20,0,20,96
02/11/2002,AHN,GA,ASO,ES,Federal Contract Tower,0,3,18,0,21,0,1,59,0,60,0,4,77,0,81,46,0,46,127
02/12/2002,AHN,GA,ASO,ES,Federal Contract Tower,0,4,45,2,51,0,0,122,0,122,0,4,167,2,173,78,10,88,261
02/13/2002,AHN,GA,ASO,ES,Federal Contract Tower,0,3,25,1,29,0,1,80,3,84,0,4,105,4,113,122,0,122,235
02/14/2002,AHN,GA,ASO,ES,Federal Contract Tower,0,5,41,2,48,0,0,63,6,69,0,5,104,8,117,70,4,74,191
02/15/2002,AHN,GA,ASO,ES,Federal Contract Tower,1,5,43,2,51,1,2,81,8,92,2,7,124,10,143,116,2,118,261
02/16/2002,AHN,GA,ASO,ES,Federal Contract Tower,1,1,53,0,55,3,0,93,0,96,4,1,146,0,151,108,0,108,259
02/17/2002,AHN,GA,ASO,ES,Federal Contract Tower,1,3,37,0,41,1,0,66,0,67,2,3,103,0,108,34,0,34,142
02/18/2002,AHN,GA,ASO,ES,Federal Contract Tower,0,4,45,0,49,0,0,96,0,96,0,4,141,0,145,104,0,104,249
02/19/2002,AHN,GA,ASO,ES,Federal Contract Tower,0,4,33,1,38,0,0,79,0,79,0,4,112,1,117,62,0,62,179
02/20/2002,AHN,GA,ASO,ES,Federal Contract Tower,0,4,49,2,55,0,0,7,3,10,0,4,56,5,65,62,0,62,127
02/21/2002,AHN,GA,ASO,ES,Federal Contract Tower,0,2,40,1,43,0,0,103,1,104,0,2,143,2,147,110,2,112,259
02/22/2002,AHN,GA,ASO,ES,Federal Contract Tower,1,4,38,1,44,1,1,88,4,94,2,5,126,5,138,144,0,144,282
02/23/2002,AHN,GA,ASO,ES,Federal Contract Tower,1,1,39,1,42,0,0,100,5,105,1,1,139,6,147,122,0,122,269
02/24/2002,AHN,GA,ASO,ES,Federal Contract Tower,0,4,39,0,43,0,1,100,0,101,0,5,139,0,144,70,0,70,214
02/25/2002,AHN,GA,ASO,ES,Federal Contract Tower,0,2,18,0,20,0,2,54,6,62,0,4,72,6,82,82,0,82,164
02/26/2002,AHN,GA,ASO,ES,Federal Contract Tower,0,4,34,0,38,0,2,29,0,31,0,6,63,0,69,96,0,96,165
02/27/2002,AHN,GA,ASO,ES,Federal Contract Tower,0,3,26,0,29,1,2,34,0,37,1,5,60,0,66,8,0,8,74
02/28/2002,AHN,GA,ASO,ES,Federal Contract Tower,0,4,36,2,42,0,1,93,0,94,0,5,129,2,136,140,0,140,276
03/01/2002,AHN,GA,ASO,ES,Federal Contract Tower,1,5,62,0,68,3,1,73,0,77,4,6,135,0,145,100,0,100,245
03/02/2002,AHN,GA,ASO,ES,Federal Contract Tower,1,1,17,0,19,0,0,0,0,0,1,1,17,0,19,2,0,2,21
03/03/2002,AHN,GA,ASO,ES,Federal Contract Tower,0,3,36,0,39,0,2,15,1,18,0,5,51,1,57,88,0,88,145
03/04/2002,AHN,GA,ASO,ES,Federal Contract Tower,0,0,15,0,15,0,3,23,0,26,0,3,38,0,41,76,0,76,117
03/05/2002,AHN,GA,ASO,ES,Federal Contract Tower,0,4,42,0,46,0,2,89,4,95,0,6,131,4,141,122,0,122,263
03/06/2002,AHN,GA,ASO,ES,Federal Contract Tower,0,2,23,0,25,0,2,84,0,86,0,4,107,0,111,138,0,138,249
03/07/2002,AHN,GA,ASO,ES,Federal Contract Tower,0,3,34,1,38,0,0,80,2,82,0,3,114,3,120,128,0,128,248
03/08/2002,AHN,GA,ASO,ES,Federal Contract Tower,0,4,37,1,42,0,0,85,5,90,0,4,122,6,132,68,0,68,200
03/09/2002,AHN,GA,ASO,ES,Federal Contract Tower,0,1,14,0,15,0,0,6,0,6,0,1,20,0,21,18,0,18,39
03/10/2002,AHN,GA,ASO,ES,Federal Contract Tower,0,3,34,0,37,0,0,102,0,102,0,3,136,0,139,112,0,112,251
03/11/2002,AHN,GA,ASO,ES,Federal Contract Tower,0,3,24,0,27,0,2,53,0,55,0,5,77,0,82,138,0,138,220
03/12/2002,AHN,GA,ASO,ES,Federal Contract Tower,0,2,22,0,24,0,0,0,0,0,0,2,22,0,24,10,0,10,34
03/13/2002,AHN,GA,ASO,ES,Federal Contract Tower,0,4,44,1,49,0,0,42,0,42,0,4,86,1,91,80,0,80,171
03/14/2002,AHN,GA,ASO,ES,Federal Contract Tower,0,4,53,1,58,0,0,85,6,91,0,4,138,7,149,128,0,128,277
03/15/2002,AHN,GA,ASO,ES,Federal Contract Tower,0,4,39,1,44,0,0,62,1,63,0,4,101,2,107,178,2,180,287
03/16/2002,AHN,GA,ASO,ES,Federal Contract Tower,0,2,23,0,25,0,0,30,0,30,0,2,53,0,55,106,0,106,161
03/17/2002,AHN,GA,ASO,ES,Federal Contract Tower,0,3,33,0,36,0,0,38,0,38,0,3,71,0,74,116,0,116,190
03/18/2002,AHN,GA,ASO,ES,Federal Contract Tower,0,2,21,1,24,0,3,28,1,32,0,5,49,2,56,62,0,62,118
03/19/2002,AHN,GA,ASO,ES,Federal Contract Tower,0,4,39,0,43,0,1,30,0,31,0,5,69,0,74,72,0,72,146
03/20/2002,AHN,GA,ASO,ES,Federal Contract Tower,0,4,48,0,52,0,0,19,0,19,0,4,67,0,71,46,0,46,117
03/21/2002,AHN,GA,ASO,ES,Federal Contract Tower,0,3,30,0,33,0,1,22,0,23,0,4,52,0,56,94,0,94,150
03/22/2002,AHN,GA,ASO,ES,Federal Contract Tower,0,5,39,1,45,0,0,59,9,68,0,5,98,10,113,128,0,128,241
03/23/2002,AHN,GA,ASO,ES,Federal Contract Tower,0,2,49,0,51,0,0,135,2,137,0,2,184,2,188,190,0,190,378
03/24/2002,AHN,GA,ASO,ES,Federal Contract Tower,0,3,39,0,42,0,0,87,3,90,0,3,126,3,132,124,0,124,256
03/25/2002,AHN,GA,ASO,ES,Federal Contract Tower,0,4,36,0,40,0,4,62,0,66,0,8,98,0,106,140,0,140,246
03/26/2002,AHN,GA,ASO,ES,Federal Contract Tower,0,3,24,0,27,0,0,15,0,15,0,3,39,0,42,32,0,32,74
03/27/2002,AHN,GA,ASO,ES,Federal Contract Tower,0,0,56,1,57,0,0,98,1,99,0,0,154,2,156,226,2,228,384
03/28/2002,AHN,GA,ASO,ES,Federal Contract Tower,0,5,44,0,49,0,0,117,5,122,0,5,161,5,171,202,4,206,377
03/29/2002,AHN,GA,ASO,ES,Federal Contract Tower,0,5,75,1,81,0,0,91,1,92,0,5,166,2,173,90,0,90,263
03/30/2002,AHN,GA,ASO,ES,Federal Contract Tower,0,2,21,0,23,0,0,0,0,0,0,2,21,0,23,2,0,2,25
03/31/2002,AHN,GA,ASO,ES,Federal Contract Tower,0,2,20,0,22,0,1,5,0,6,0,3,25,0,28,14,0,14,42
04/01/2002,AHN,GA,ASO,ES,Federal Contract Tower,0,5,58,2,65,0,2,61,2,65,0,7,119,4,130,122,0,122,252
04/02/2002,AHN,GA,ASO,ES,Federal Contract Tower,0,1,21,0,22,0,3,104,0,107,0,4,125,0,129,204,0,204,333
04/03/2002,AHN,GA,ASO,ES,Federal Contract Tower,0,5,41,1,47,0,1,60,3,64,0,6,101,4,111,160,0,160,271
04/04/2002,AHN,GA,ASO,ES,Federal Contract Tower,0,4,33,1,38,0,0,104,1,105,0,4,137,2,143,148,0,148,291
04/05/2002,AHN,GA,ASO,ES,Federal Contract Tower,0,4,63,2,69,0,0,105,2,107,0,4,168,4,176,172,0,172,348
04/06/2002,AHN,GA,ASO,ES,Federal Contract Tower,0,6,59,1,66,0,0,135,0,135,0,6,194,1,201,120,0,120,321
04/07/2002,AHN,GA,ASO,ES,Federal Contract Tower,0,3,35,1,39,0,0,75,1,76,0,3,110,2,115,74,0,74,189
04/08/2002,AHN,GA,ASO,ES,Federal Contract Tower,0,4,34,0,38,0,1,50,0,51,0,5,84,0,89,134,0,134,223
04/09/2002,AHN,GA,ASO,ES,Federal Contract Tower,0,5,42,0,47,0,0,0,0,0,0,5,42,0,47,18,0,18,65
04/10/2002,AHN,GA,ASO,ES,Federal Contract Tower,0,7,68,1,76,0,1,35,0,36,0,8,103,1,112,132,0,132,244
04/11/2002,AHN,GA,ASO,ES,Federal Contract Tower,0,5,48,2,55,0,0,22,0,22,0,5,70,2,77,96,0,96,173
04/12/2002,AHN,GA,ASO,ES,Federal Contract Tower,0,5,54,0,59,0,1,6,0,7,0,6,60,0,66,4,0,4,70
04/13/2002,AHN,GA,ASO,ES,Federal Contract Tower,0,1,38,0,39,0,0,6,0,6,0,1,44,0,45,22,0,22,67
04/14/2002,AHN,GA,ASO,ES,Federal Contract Tower,0,4,52,0,56,0,0,38,0,38,0,4,90,0,94,82,0,82,176
04/15/2002,AHN,GA,ASO,ES,Federal Contract Tower,0,3,28,0,31,0,2,45,0,47,0,5,73,0,78,72,0,72,150
04/16/2002,AHN,GA,ASO,ES,Federal Contract Tower,0,4,47,0,51,0,0,82,0,82,0,4,129,0,133,170,0,170,303
04/17/2002,AHN,GA,ASO,ES,Federal Contract Tower,0,5,57,0,62,0,1,98,0,99,0,6,155,0,161,160,0,160,321
04/18/2002,AHN,GA,ASO,ES,Federal Contract Tower,0,4,43,0,47,0,0,96,2,98,0,4,139,2,145,186,2,188,333
04/19/2002,AHN,GA,ASO,ES,Federal Contract Tower,0,4,40,0,44,0,2,79,0,81,0,6,119,0,125,108,0,108,233
04/20/2002,AHN,GA,ASO,ES,Federal Contract Tower,0,1,28,0,29,0,0,117,6,123,0,1,145,6,152,132,4,136,288
04/21/2002,AHN,GA,ASO,ES,Federal Contract Tower,0,3,35,0,38,0,0,68,2,70,0,3,103,2,108,22,0,22,130
04/22/2002,AHN,GA,ASO,ES,Federal Contract Tower,0,2,39,0,41,0,0,51,0,51,0,2,90,0,92,106,0,106,198
04/23/2002,AHN,GA,ASO,ES,Federal Contract Tower,0,4,63,1,68,0,0,89,1,90,0,4,152,2,158,96,0,96,254
04/24/2002,AHN,GA,ASO,ES,Federal Contract Tower,0,4,41,0,45,0,0,94,0,94,0,4,135,0,139,208,0,208,347
04/25/2002,AHN,GA,ASO,ES,Federal Contract Tower,0,5,51,1,57,0,3,42,7,52,0,8,93,8,109,38,4,42,151
04/26/2002,AHN,GA,ASO,ES,Federal Contract Tower,0,6,62,1,69,0,3,69,1,73,0,9,131,2,142,78,0,78,220
04/27/2002,AHN,GA,ASO,ES,Federal Contract Tower,0,3,31,0,34,0,4,49,0,53,0,7,80,0,87,122,0,122,209
04/28/2002,AHN,GA,ASO,ES,Federal Contract Tower,0,3,43,0,46,0,0,10,4,14,0,3,53,4,60,36,0,36,96
04/29/2002,AHN,GA,ASO,ES,Federal Contract Tower,0,4,52,1,57,0,0,77,0,77,0,4,129,1,134,204,0,204,338
04/30/2002,AHN,GA,ASO,ES,Federal Contract Tower,0,4,36,0,40,0,0,26,2,28,0,4,62,2,68,96,4,100,168
05/01/2002,AHN,GA,ASO,ES,Federal Contract Tower,0,4,58,2,64,0,0,15,2,17,0,4,73,4,81,74,0,74,155
05/02/2002,AHN,GA,ASO,ES,Federal Contract Tower,0,6,47,2,55,0,0,46,2,48,0,6,93,4,103,124,0,124,227
05/03/2002,AHN,GA,ASO,ES,Federal Contract Tower,0,3,26,0,29,0,1,4,0,5,0,4,30,0,34,0,0,0,34
05/04/2002,AHN,GA,ASO,ES,Federal Contract Tower,0,1,14,0,15,0,1,0,0,1,0,2,14,0,16,4,0,4,20
05/05/2002,AHN,GA,ASO,ES,Federal Contract Tower,0,4,44,0,48,0,0,48,0,48,0,4,92,0,96,90,0,90,186
05/06/2002,AHN,GA,ASO,ES,Federal Contract Tower,0,5,31,1,37,0,2,80,1,83,0,7,111,2,120,134,0,134,254
05/07/2002,AHN,GA,ASO,ES,Federal Contract Tower,0,4,41,0,45,0,0,74,0,74,0,4,115,0,119,132,0,132,251
05/08/2002,AHN,GA,ASO,ES,Federal Contract Tower,0,4,38,2,44,0,0,70,0,70,0,4,108,2,114,80,4,84,198
05/09/2002,AHN,GA,ASO,ES,Federal Contract Tower,0,6,44,2,52,0,10,42,10,62,0,16,86,12,114,86,6,92,206
05/10/2002,AHN,GA,ASO,ES,Federal Contract Tower,0,6,36,0,42,0,1,55,0,56,0,7,91,0,98,58,0,58,156
05/11/2002,AHN,GA,ASO,ES,Federal Contract Tower,0,3,52,2,57,0,0,25,0,25,0,3,77,2,82,64,0,64,146
05/12/2002,AHN,GA,ASO,ES,Federal Contract Tower,0,3,23,0,26,0,0,32,0,32,0,3,55,0,58,30,0,30,88
05/13/2002,AHN,GA,ASO,ES,Federal Contract Tower,0,5,35,1,41,0,0,6,4,10,0,5,41,5,51,38,4,42,93
05/14/2002,AHN,GA,ASO,ES,Federal Contract Tower,0,4,37,0,41,0,0,93,0,93,0,4,130,0,134,70,0,70,204
05/15/2002,AHN,GA,ASO,ES,Federal Contract Tower,0,3,22,1,26,0,2,107,0,109,0,5,129,1,135,118,0,118,253
05/16/2002,AHN,GA,ASO,ES,Federal Contract Tower,0,5,31,1,37,0,0,100,3,103,0,5,131,4,140,106,4,110,250
05/17/2002,AHN,GA,ASO,ES,Federal Contract Tower,0,4,24,0,28,0,4,42,0,46,0,8,66,0,74,120,0,120,194
05/18/2002,AHN,GA,ASO,ES,Federal Contract Tower,0,2,36,0,38,0,0,32,0,32,0,2,68,0,70,78,0,78,148
05/19/2002,AHN,GA,ASO,ES,Federal Contract Tower,0,3,37,1,41,0,0,88,15,103,0,3,125,16,144,84,0,84,228
05/20/2002,AHN,GA,ASO,ES,Federal Contract Tower,0,6,37,1,44,0,0,64,3,67,0,6,101,4,111,94,0,94,205
05/21/2002,AHN,GA,ASO,ES,Federal Contract Tower,0,4,33,0,37,0,0,93,2,95,0,4,126,2,132,114,12,126,258
05/22/2002,AHN,GA,ASO,ES,Federal Contract Tower,0,4,37,0,41,0,0,72,0,72,0,4,109,0,113,54,0,54,167
05/23/2002,AHN,GA,ASO,ES,Federal Contract Tower,0,5,30,0,35,0,1,121,7,129,0,6,151,7,164,154,2,156,320
05/24/2002,AHN,GA,ASO,ES,Federal Contract Tower,0,5,30,0,35,0,3,86,0,89,0,8,116,0,124,110,0,110,234
05/25/2002,AHN,GA,ASO,ES,Federal Contract Tower,0,1,24,0,25,0,0,88,0,88,0,1,112,0,113,34,0,34,147
05/26/2002,AHN,GA,ASO,ES,Federal Contract Tower,0,2,20,0,22,0,0,35,0,35,0,2,55,0,57,34,0,34,91
05/27/2002,AHN,GA,ASO,ES,Federal Contract Tower,0,3,30,0,33,0,0,74,0,74,0,3,104,0,107,70,0,70,177
05/28/2002,AHN,GA,ASO,ES,Federal Contract Tower,0,3,19,0,22,0,2,36,0,38,0,5,55,0,60,26,0,26,86
05/29/2002,AHN,GA,ASO,ES,Federal Contract Tower,0,4,27,0,31,0,2,100,2,104,0,6,127,2,135,218,0,218,353
05/30/2002,AHN,GA,ASO,ES,Federal Contract Tower,0,4,33,0,37,0,0,33,1,34,0,4,66,1,71,90,2,92,163
05/31/2002,AHN,GA,ASO,ES,Federal Contract Tower,0,6,37,0,43,0,0,42,2,44,0,6,79,2,87,26,0,26,113
06/01/2002,AHN,GA,ASO,ES,Federal Contract Tower,0,1,20,1,22,0,2,83,0,85,0,3,103,1,107,94,0,94,201
06/02/2002,AHN,GA,ASO,ES,Federal Contract Tower,0,1,22,1,24,0,2,57,1,60,0,3,79,2,84,128,2,130,214
06/03/2002,AHN,GA,ASO,ES,Federal Contract Tower,0,2,24,0,26,0,2,64,0,66,0,4,88,0,92,102,0,102,194
06/04/2002,AHN,GA,ASO,ES,Federal Contract Tower,0,4,37,0,41,0,1,41,0,42,0,5,78,0,83,120,0,120,203
06/05/2002,AHN,GA,ASO,ES,Federal Contract Tower,0,4,31,0,35,0,1,50,0,51,0,5,81,0,86,264,0,264,350
06/06/2002,AHN,GA,ASO,ES,Federal Contract Tower,0,3,19,1,23,0,1,11,0,12,0,4,30,1,35,48,0,48,83
06/07/2002,AHN,GA,ASO,ES,Federal Contract Tower,0,6,50,2,58,0,2,43,1,46,0,8,93,3,104,108,0,108,212
06/08/2002,AHN,GA,ASO,ES,Federal Contract Tower,0,2,40,1,43,0,0,73,0,73,0,2,113,1,116,122,0,122,238
06/09/2002,AHN,GA,ASO,ES,Federal Contract Tower,0,3,39,0,42,0,0,75,0,75,0,3,114,0,117,112,0,112,229
06/10/2002,AHN,GA,ASO,ES,Federal Contract Tower,0,5,33,1,39,0,0,95,3,98,0,5,128,4,137,118,2,120,257
06/11/2002,AHN,GA,ASO,ES,Federal Contract Tower,0,4,36,1,41,0,0,80,3,83,0,4,116,4,124,152,0,152,276
06/12/2002,AHN,GA,ASO,ES,Federal Contract Tower,0,4,26,0,30,0,1,63,0,64,0,5,89,0,94,126,0,126,220
06/13/2002,AHN,GA,ASO,ES,Federal Contract Tower,0,6,55,2,63,0,0,54,2,56,0,6,109,4,119,130,4,134,253
06/14/2002,AHN,GA,ASO,ES,Federal Contract Tower,0,5,33,1,39,0,4,30,4,38,0,9,63,5,77,50,0,50,127
06/15/2002,AHN,GA,ASO,ES,Federal Contract Tower,0,2,31,1,34,0,0,114,1,115,0,2,145,2,149,78,0,78,227
06/16/2002,AHN,GA,ASO,ES,Federal Contract Tower,0,1,25,1,27,0,0,66,1,67,0,1,91,2,94,44,0,44,138
06/17/2002,AHN,GA,ASO,ES,Federal Contract Tower,0,4,26,0,30,0,1,87,0,88,0,5,113,0,118,134,0,134,252
06/18/2002,AHN,GA,ASO,ES,Federal Contract Tower,0,5,39,0,44,0,0,63,0,63,0,5,102,0,107,134,0,134,241
06/19/2002,AHN,GA,ASO,ES,Federal Contract Tower,0,5,34,0,39,0,2,49,0,51,0,7,83,0,90,74,0,74,164
06/20/2002,AHN,GA,ASO,ES,Federal Contract Tower,0,4,28,1,33,0,2,73,8,83,0,6,101,9,116,72,0,72,188
06/21/2002,AHN,GA,ASO,ES,Federal Contract Tower,0,4,31,0,35,0,4,43,1,48,0,8,74,1,83,82,0,82,165
06/22/2002,AHN,GA,ASO,ES,Federal Contract Tower,0,3,32,0,35,0,0,31,3,34,0,3,63,3,69,38,0,38,107
06/23/2002,AHN,GA,ASO,ES,Federal Contract Tower,0,4,36,0,40,0,0,19,4,23,0,4,55,4,63,136,2,138,201
06/24/2002,AHN,GA,ASO,ES,Federal Contract Tower,0,4,32,0,36,0,0,42,0,42,0,4,74,0,78,148,0,148,226
06/25/2002,AHN,GA,ASO,ES,Federal Contract Tower,0,3,23,0,26,0,0,26,0,26,0,3,49,0,52,78,0,78,130
06/26/2002,AHN,GA,ASO,ES,Federal Contract Tower,0,4,45,1,50,0,0,15,1,16,0,4,60,2,66,30,0,30,96
06/27/2002,AHN,GA,ASO,ES,Federal Contract Tower,0,4,39,0,43,0,0,71,4,75,0,4,110,4,118,100,4,104,222
06/28/2002,AHN,GA,ASO,ES,Federal Contract Tower,0,4,31,0,35,0,2,36,4,42,0,6,67,4,77,64,0,64,141
06/29/2002,AHN,GA,ASO,ES,Federal Contract Tower,0,1,47,0,48,0,0,76,0,76,0,1,123,0,124,146,0,146,270
06/30/2002,AHN,GA,ASO,ES,Federal Contract Tower,0,3,38,0,41,0,0,61,0,61,0,3,99,0,102,126,0,126,228
07/01/2002,AHN,GA,ASO,ES,Federal Contract Tower,0,3,34,0,37,0,2,50,0,52,0,5,84,0,89,86,0,86,175
07/02/2002,AHN,GA,ASO,ES,Federal Contract Tower,0,5,46,2,53,0,0,34,6,40,0,5,80,8,93,52,2,54,147
07/03/2002,AHN,GA,ASO,ES,Federal Contract Tower,0,4,45,2,51,0,0,61,0,61,0,4,106,2,112,176,0,176,288
07/04/2002,AHN,GA,ASO,ES,Federal Contract Tower,0,1,22,0,23,0,0,39,0,39,0,1,61,0,62,48,0,48,110
07/05/2002,AHN,GA,ASO,ES,Federal Contract Tower,0,1,26,1,28,0,0,69,0,69,0,1,95,1,97,116,0,116,213
07/06/2002,AHN,GA,ASO,ES,Federal Contract Tower,0,2,20,0,22,0,0,74,0,74,0,2,94,0,96,84,0,84,180
07/07/2002,AHN,GA,ASO,ES,Federal Contract Tower,0,3,42,0,45,0,0,22,0,22,0,3,64,0,67,16,0,16,83
07/08/2002,AHN,GA,ASO,ES,Federal Contract Tower,0,4,33,0,37,0,0,61,0,61,0,4,94,0,98,130,0,130,228
07/09/2002,AHN,GA,ASO,ES,Federal Contract Tower,0,4,39,2,45,0,0,71,0,71,0,4,110,2,116,42,2,44,160
07/10/2002,AHN,GA,ASO,ES,Federal Contract Tower,0,3,25,0,28,0,1,49,0,50,0,4,74,0,78,44,0,44,122
07/11/2002,AHN,GA,ASO,ES,Federal Contract Tower,0,3,49,2,54,0,0,22,0,22,0,3,71,2,76,70,0,70,146
07/12/2002,AHN,GA,ASO,ES,Federal Contract Tower,0,6,56,0,62,0,0,21,0,21,0,6,77,0,83,68,0,68,151
07/13/2002,AHN,GA,ASO,ES,Federal Contract Tower,0,2,30,1,33,0,0,11,2,13,0,2,41,3,46,58,2,60,106
07/14/2002,AHN,GA,ASO,ES,Federal Contract Tower,0,4,26,0,30,0,2,29,0,31,0,6,55,0,61,42,0,42,103
07/15/2002,AHN,GA,ASO,ES,Federal Contract Tower,0,4,38,2,44,0,0,61,0,61,0,4,99,2,105,126,0,126,231
07/16/2002,AHN,GA,ASO,ES,Federal Contract Tower,0,4,47,2,53,0,0,118,18,136,0,4,165,20,189,122,6,128,317
07/17/2002,AHN,GA,ASO,ES,Federal Contract Tower,0,4,37,2,43,0,0,65,17,82,0,4,102,19,125,86,4,90,215
07/18/2002,AHN,GA,ASO,ES,Federal Contract Tower,0,5,43,1,49,0,1,106,9,116,0,6,149,10,165,88,0,88,253
07/19/2002,AHN,GA,ASO,ES,Federal Contract Tower,0,5,39,1,45,0,4,65,1,70,0,9,104,2,115,156,0,156,271
07/20/2002,AHN,GA,ASO,ES,Federal Contract Tower,0,4,37,1,42,0,2,115,5,122,0,6,152,6,164,110,0,110,274
07/21/2002,AHN,GA,ASO,ES,Federal Contract Tower,0,4,30,0,34,0,0,41,1,42,0,4,71,1,76,54,0,54,130
07/22/2002,AHN,GA,ASO,ES,Federal Contract Tower,0,2,16,0,18,0,4,74,2,80,0,6,90,2,98,114,2,116,214
07/23/2002,AHN,GA,ASO,ES,Federal Contract Tower,0,2,19,0,21,0,4,38,14,56,0,6,57,14,77,80,0,80,157
07/24/2002,AHN,GA,ASO,ES,Federal Contract Tower,0,5,45,1,51,0,1,32,2,35,0,6,77,3,86,92,2,94,180
07/25/2002,AHN,GA,ASO,ES,Federal Contract Tower,0,4,33,0,37,0,0,31,2,33,0,4,64,2,70,134,0,134,204
07/26/2002,AHN,GA,ASO,ES,Federal Contract Tower,0,4,34,1,39,0,1,26,2,29,0,5,60,3,68,116,4,120,188
07/27/2002,AHN,GA,ASO,ES,Federal Contract Tower,0,1,31,0,32,0,0,50,0,50,0,1,81,0,82,94,0,94,176
07/28/2002,AHN,GA,ASO,ES,Federal Contract Tower,0,3,30,0,33,0,0,84,2,86,0,3,114,2,119,82,0,82,201
07/29/2002,AHN,GA,ASO,ES,Federal Contract Tower,0,4,29,0,33,0,0,69,0,69,0,4,98,0,102,128,0,128,230
07/30/2002,AHN,GA,ASO,ES,Federal Contract Tower,0,4,31,0,35,0,1,63,0,64,0,5,94,0,99,116,0,116,215
07/31/2002,AHN,GA,ASO,ES,Federal Contract Tower,0,3,25,0,28,0,2,48,2,52,0,5,73,2,80,70,0,70,150
08/01/2002,AHN,GA,ASO,ES,Federal Contract Tower,0,4,29,2,35,0,3,65,0,68,0,7,94,2,103,108,0,108,211
08/02/2002,AHN,GA,ASO,ES,Federal Contract Tower,0,3,15,0,18,0,1,74,0,75,0,4,89,0,93,66,0,66,159
08/03/2002,AHN,GA,ASO,ES,Federal Contract Tower,0,3,17,0,20,0,0,57,0,57,0,3,74,0,77,80,0,80,157
08/04/2002,AHN,GA,ASO,ES,Federal Contract Tower,0,3,32,2,37,0,0,86,4,90,0,3,118,6,127,62,2,64,191
08/05/2002,AHN,GA,ASO,ES,Federal Contract Tower,0,2,13,1,16,0,2,71,1,74,0,4,84,2,90,58,0,58,148
08/06/2002,AHN,GA,ASO,ES,Federal Contract Tower,0,6,38,2,46,0,0,43,15,58,0,6,81,17,104,42,2,44,148
08/07/2002,AHN,GA,ASO,ES,Federal Contract Tower,0,4,31,2,37,0,2,74,3,79,0,6,105,5,116,34,0,34,150
08/08/2002,AHN,GA,ASO,ES,Federal Contract Tower,0,3,25,2,30,0,1,75,0,76,0,4,100,2,106,122,0,122,228
08/09/2002,AHN,GA,ASO,ES,Federal Contract Tower,0,4,22,1,27,0,1,152,5,158,0,5,174,6,185,100,0,100,285
08/10/2002,AHN,GA,ASO,ES,Federal Contract Tower,0,2,15,0,17,0,5,112,0,117,0,7,127,0,134,128,0,128,262
08/11/2002,AHN,GA,ASO,ES,Federal Contract Tower,0,3,30,0,33,0,0,85,0,85,0,3,115,0,118,120,0,120,238
08/12/2002,AHN,GA,ASO,ES,Federal Contract Tower,0,4,21,0,25,0,0,62,0,62,0,4,83,0,87,108,0,108,195
08/13/2002,AHN,GA,ASO,ES,Federal Contract Tower,0,4,36,2,42,0,0,58,7,65,0,4,94,9,107,116,4,120,227
08/14/2002,AHN,GA,ASO,ES,Federal Contract Tower,0,5,48,0,53,0,0,51,0,51,0,5,99,0,104,142,0,142,246
08/15/2002,AHN,GA,ASO,ES,Federal Contract Tower,0,4,27,2,33,0,1,56,2,59,0,5,83,4,92,20,0,20,112
08/16/2002,AHN,GA,ASO,ES,Federal Contract Tower,0,3,25,2,30,0,1,125,1,127,0,4,150,3,157,68,0,68,225
08/17/2002,AHN,GA,ASO,ES,Federal Contract Tower,0,3,38,1,42,0,0,47,13,60,0,3,85,14,102,102,6,108,210
08/18/2002,AHN,GA,ASO,ES,Federal Contract Tower,0,3,22,0,25,0,0,54,0,54,0,3,76,0,79,50,0,50,129
08/19/2002,AHN,GA,ASO,ES,Federal Contract Tower,0,3,26,1,30,0,4,30,5,39,0,7,56,6,69,12,4,16,85
08/20/2002,AHN,GA,ASO,ES,Federal Contract Tower,0,3,20,0,23,0,1,73,0,74,0,4,93,0,97,76,0,76,173
08/21/2002,AHN,GA,ASO,ES,Federal Contract Tower,0,3,17,0,20,0,1,82,2,85,0,4,99,2,105,142,0,142,247
08/22/2002,AHN,GA,ASO,ES,Federal Contract Tower,0,4,32,0,36,0,1,61,0,62,0,5,93,0,98,76,0,76,174
08/23/2002,AHN,GA,ASO,ES,Federal Contract Tower,0,4,37,1,42,0,0,78,8,86,0,4,115,9,128,134,2,136,264
08/24/2002,AHN,GA,ASO,ES,Federal Contract Tower,0,1,30,0,31,0,0,72,0,72,0,1,102,0,103,74,0,74,177
08/25/2002,AHN,GA,ASO,ES,Federal Contract Tower,0,3,18,0,21,0,0,29,0,29,0,3,47,0,50,18,0,18,68
08/26/2002,AHN,GA,ASO,ES,Federal Contract Tower,0,3,18,0,21,0,1,23,0,24,0,4,41,0,45,28,0,28,73
08/27/2002,AHN,GA,ASO,ES,Federal Contract Tower,0,4,35,0,39,0,0,33,0,33,0,4,68,0,72,72,0,72,144
08/28/2002,AHN,GA,ASO,ES,Federal Contract Tower,0,4,49,1,54,0,0,46,0,46,0,4,95,1,100,120,0,120,220
08/29/2002,AHN,GA,ASO,ES,Federal Contract Tower,0,5,38,1,44,0,0,26,0,26,0,5,64,1,70,76,0,76,146
08/30/2002,AHN,GA,ASO,ES,Federal Contract Tower,0,7,44,1,52,0,0,5,3,8,0,7,49,4,60,2,2,4,64
08/31/2002,AHN,GA,ASO,ES,Federal Contract Tower,0,2,45,0,47,0,0,27,0,27,0,2,72,0,74,92,0,92,166
09/01/2002,AHN,GA,ASO,ES,Federal Contract Tower,0,5,45,0,50,0,0,43,0,43,0,5,88,0,93,90,0,90,183
09/02/2002,AHN,GA,ASO,ES,Federal Contract Tower,0,3,25,0,28,0,0,74,0,74,0,3,99,0,102,48,0,48,150
09/03/2002,AHN,GA,ASO,ES,Federal Contract Tower,0,6,35,0,41,0,1,55,0,56,0,7,90,0,97,102,0,102,199
09/04/2002,AHN,GA,ASO,ES,Federal Contract Tower,0,4,36,1,41,0,0,58,3,61,0,4,94,4,102,66,0,66,168
09/05/2002,AHN,GA,ASO,ES,Federal Contract Tower,0,4,32,1,37,0,0,77,1,78,0,4,109,2,115,60,0,60,175
09/06/2002,AHN,GA,ASO,ES,Federal Contract Tower,0,2,29,1,32,0,0,89,7,96,0,2,118,8,128,78,0,78,206
09/07/2002,AHN,GA,ASO,ES,Federal Contract Tower,0,4,21,0,25,0,2,60,0,62,0,6,81,0,87,94,0,94,181
09/08/2002,AHN,GA,ASO,ES,Federal Contract Tower,0,4,29,1,34,0,0,81,7,88,0,4,110,8,122,114,4,118,240
09/09/2002,AHN,GA,ASO,ES,Federal Contract Tower,0,5,30,1,36,0,0,104,2,106,0,5,134,3,142,98,0,98,240
09/10/2002,AHN,GA,ASO,ES,Federal Contract Tower,0,4,22,1,27,0,4,75,64,143,0,8,97,65,170,220,0,220,390
09/11/2002,AHN,GA,ASO,ES,Federal Contract Tower,0,4,23,1,28,0,2,84,1,87,0,6,107,2,115,108,0,108,223
09/12/2002,AHN,GA,ASO,ES,Federal Contract Tower,0,9,52,2,63,0,0,50,0,50,0,9,102,2,113,100,0,100,213
09/13/2002,AHN,GA,ASO,ES,Federal Contract Tower,0,8,40,1,49,0,4,26,2,32,0,12,66,3,81,96,0,96,177
09/14/2002,AHN,GA,ASO,ES,Federal Contract Tower,0,2,17,0,19,0,0,2,0,2,0,2,19,0,21,6,0,6,27
09/15/2002,AHN,GA,ASO,ES,Federal Contract Tower,0,3,24,0,27,0,0,3,0,3,0,3,27,0,30,8,0,8,38
09/16/2002,AHN,GA,ASO,ES,Federal Contract Tower,0,3,17,1,21,0,1,25,3,29,0,4,42,4,50,84,0,84,134
09/17/2002,AHN,GA,ASO,ES,Federal Contract Tower,0,5,27,0,32,0,2,40,0,42,0,7,67,0,74,50,0,50,124
09/18/2002,AHN,GA,ASO,ES,Federal Contract Tower,0,3,15,0,18,0,1,10,0,11,0,4,25,0,29,24,0,24,53
09/19/2002,AHN,GA,ASO,ES,Federal Contract Tower,0,5,36,1,42,0,0,22,3,25,0,5,58,4,67,64,0,64,131
09/20/2002,AHN,GA,ASO,ES,Federal Contract Tower,0,7,43,0,50,0,0,15,1,16,0,7,58,1,66,44,0,44,110
09/21/2002,AHN,GA,ASO,ES,Federal Contract Tower,0,2,35,0,37,0,0,8,5,13,0,2,43,5,50,0,0,0,50
09/22/2002,AHN,GA,ASO,ES,Federal Contract Tower,0,5,33,0,38,0,0,16,0,16,0,5,49,0,54,58,0,58,112
09/23/2002,AHN,GA,ASO,ES,Federal Contract Tower,0,2,13,0,15,0,2,49,2,53,0,4,62,2,68,102,0,102,170
09/24/2002,AHN,GA,ASO,ES,Federal Contract Tower,0,6,35,0,41,0,0,14,0,14,0,6,49,0,55,60,0,60,115
09/25/2002,AHN,GA,ASO,ES,Federal Contract Tower,0,3,18,0,21,0,2,0,0,2,0,5,18,0,23,0,0,0,23
09/26/2002,AHN,GA,ASO,ES,Federal Contract Tower,0,5,24,0,29,0,3,0,0,3,0,8,24,0,32,12,0,12,44
09/27/2002,AHN,GA,ASO,ES,Federal Contract Tower,0,6,34,0,40,0,2,0,4,6,0,8,34,4,46,50,2,52,98
09/28/2002,AHN,GA,ASO,ES,Federal Contract Tower,0,2,37,0,39,0,0,60,0,60,0,2,97,0,99,112,0,112,211
09/29/2002,AHN,GA,ASO,ES,Federal Contract Tower,0,5,41,0,46,0,0,28,5,33,0,5,69,5,79,80,0,80,159
09/30/2002,AHN,GA,ASO,ES,Federal Contract Tower,0,3,18,0,21,0,6,32,2,40,0,9,50,2,61,96,0,96,157
10/01/2002,AHN,GA,ASO,ES,Federal Contract Tower,0,3,24,0,27,0,2,63,0,65,0,5,87,0,92,102,0,102,194
10/02/2002,AHN,GA,ASO,ES,Federal Contract Tower,0,5,33,0,38,0,0,86,4,90,0,5,119,4,128,132,0,132,260
10/03/2002,AHN,GA,ASO,ES,Federal Contract Tower,0,4,27,0,31,0,1,81,1,83,0,5,108,1,114,94,0,94,208
10/04/2002,AHN,GA,ASO,ES,Federal Contract Tower,1,5,45,0,51,1,0,66,1,68,2,5,111,1,119,112,2,114,233
10/05/2002,AHN,GA,ASO,ES,Federal Contract Tower,0,4,24,0,28,0,0,29,4,33,0,4,53,4,61,58,4,62,123
10/06/2002,AHN,GA,ASO,ES,Federal Contract Tower,1,3,23,0,27,1,0,99,2,102,2,3,122,2,129,80,0,80,209
10/07/2002,AHN,GA,ASO,ES,Federal Contract Tower,0,5,31,0,36,0,0,34,0,34,0,5,65,0,70,58,0,58,128
10/08/2002,AHN,GA,ASO,ES,Federal Contract Tower,0,5,30,0,35,0,1,16,0,17,0,6,46,0,52,8,0,8,60
10/09/2002,AHN,GA,ASO,ES,Federal Contract Tower,1,4,25,0,30,2,1,0,0,3,3,5,25,0,33,12,0,12,45
10/10/2002,AHN,GA,ASO,ES,Federal Contract Tower,0,6,34,0,40,0,0,10,0,10,0,6,44,0,50,12,0,12,62
10/11/2002,AHN,GA,ASO,ES,Federal Contract Tower,0,7,63,0,70,0,3,38,0,41,0,10,101,0,111,86,0,86,197
10/12/2002,AHN,GA,ASO,ES,Federal Contract Tower,4,9,109,0,122,2,0,85,0,87,6,9,194,0,209,206,0,206,415
10/13/2002,AHN,GA,ASO,ES,Federal Contract Tower,0,7,40,0,47,0,4,47,0,51,0,11,87,0,98,66,0,66,164
10/14/2002,AHN,GA,ASO,ES,Federal Contract Tower,0,4,22,0,26,0,2,24,0,26,0,6,46,0,52,38,0,38,90
10/15/2002,AHN,GA,ASO,ES,Federal Contract Tower,0,3,16,1,20,0,2,0,1,3,0,5,16,2,23,0,0,0,23
10/16/2002,AHN,GA,ASO,ES,Federal Contract Tower,0,5,32,1,38,0,1,59,3,63,0,6,91,4,101,52,0,52,153
10/17/2002,AHN,GA,ASO,ES,Federal Contract Tower,0,6,56,3,65,0,0,124,11,135,0,6,180,14,200,128,10,138,338
10/18/2002,AHN,GA,ASO,ES,Federal Contract Tower,0,7,39,0,46,0,4,145,0,149,0,11,184,0,195,124,0,124,319
10/19/2002,AHN,GA,ASO,ES,Federal Contract Tower,0,3,39,0,42,6,0,158,0,164,6,3,197,0,206,142,0,142,348
10/20/2002,AHN,GA,ASO,ES,Federal Contract Tower,0,6,43,1,50,0,0,29,1,30,0,6,72,2,80,74,0,74,154
10/21/2002,AHN,GA,ASO,ES,Federal Contract Tower,0,4,46,1,51,0,0,40,5,45,0,4,86,6,96,54,0,54,150
10/22/2002,AHN,GA,ASO,ES,Federal Contract Tower,0,3,21,0,24,0,1,12,0,13,0,4,33,0,37,28,0,28,65
10/23/2002,AHN,GA,ASO,ES,Federal Contract Tower,0,0,31,0,31,0,0,10,0,10,0,0,41,0,41,6,0,6,47
10/24/2002,AHN,GA,ASO,ES,Federal Contract Tower,0,3,39,0,42,0,0,14,0,14,0,3,53,0,56,18,0,18,74
10/25/2002,AHN,GA,ASO,ES,Federal Contract Tower,0,7,40,1,48,0,2,0,1,3,0,9,40,2,51,6,2,8,59
10/26/2002,AHN,GA,ASO,ES,Federal Contract Tower,0,4,27,0,31,0,0,12,0,12,0,4,39,0,43,22,0,22,65
10/27/2002,AHN,GA,ASO,ES,Federal Contract Tower,0,5,39,0,44,0,0,29,0,29,0,5,68,0,73,58,0,58,131
10/28/2002,AHN,GA,ASO,ES,Federal Contract Tower,0,3,18,0,21,0,1,0,0,1,0,4,18,0,22,0,0,0,22
10/29/2002,AHN,GA,ASO,ES,Federal Contract Tower,0,0,2,0,2,0,1,0,0,1,0,1,2,0,3,0,0,0,3
10/30/2002,AHN,GA,ASO,ES,Federal Contract Tower,0,4,39,0,43,0,0,29,2,31,0,4,68,2,74,80,0,80,154
10/31/2002,AHN,GA,ASO,ES,Federal Contract Tower,0,7,45,0,52,0,5,79,0,84,0,12,124,0,136,154,0,154,290
11/01/2002,AHN,GA,ASO,ES,Federal Contract Tower,0,3,37,1,41,0,8,61,4,73,0,11,98,5,114,56,6,62,176
11/02/2002,AHN,GA,ASO,ES,Federal Contract Tower,0,2,34,0,36,0,0,84,0,84,0,2,118,0,120,74,0,74,194
11/03/2002,AHN,GA,ASO,ES,Federal Contract Tower,0,6,50,0,56,0,3,55,0,58,0,9,105,0,114,96,0,96,210
11/04/2002,AHN,GA,ASO,ES,Federal Contract Tower,0,3,21,0,24,0,1,0,0,1,0,4,21,0,25,16,0,16,41
11/05/2002,AHN,GA,ASO,ES,Federal Contract Tower,0,2,11,0,13,0,3,0,0,3,0,5,11,0,16,2,0,2,18
11/06/2002,AHN,GA,ASO,ES,Federal Contract Tower,0,4,34,0,38,0,3,17,0,20,0,7,51,0,58,80,0,80,138
11/07/2002,AHN,GA,ASO,ES,Federal Contract Tower,0,5,42,2,49,0,1,102,4,107,0,6,144,6,156,168,2,170,326
11/08/2002,AHN,GA,ASO,ES,Federal Contract Tower,0,5,42,2,49,0,0,107,0,107,0,5,149,2,156,68,0,68,224
11/09/2002,AHN,GA,ASO,ES,Federal Contract Tower,0,1,59,2,62,0,0,99,0,99,0,1,158,2,161,96,0,96,257
11/10/2002,AHN,GA,ASO,ES,Federal Contract Tower,0,3,33,0,36,0,0,18,0,18,0,3,51,0,54,6,0,6,60
11/11/2002,AHN,GA,ASO,ES,Federal Contract Tower,0,2,20,0,22,0,0,11,0,11,0,2,31,0,33,20,0,20,53
11/12/2002,AHN,GA,ASO,ES,Federal Contract Tower,0,0,24,1,25,0,0,10,2,12,0,0,34,3,37,22,2,24,61
11/13/2002,AHN,GA,ASO,ES,Federal Contract Tower,0,4,31,2,37,0,2,115,6,123,0,6,146,8,160,194,0,194,354
11/14/2002,AHN,GA,ASO,ES,Federal Contract Tower,0,4,32,2,38,0,0,108,3,111,0,4,140,5,149,170,6,176,325
11/15/2002,AHN,GA,ASO,ES,Federal Contract Tower,0,5,39,1,45,0,2,69,0,71,0,7,108,1,116,134,0,134,250
11/16/2002,AHN,GA,ASO,ES,Federal Contract Tower,0,2,16,0,18,0,0,1,0,1,0,2,17,0,19,4,0,4,23
11/17/2002,AHN,GA,ASO,ES,Federal Contract Tower,0,1,17,0,18,0,0,18,1,19,0,1,35,1,37,38,0,38,75
11/18/2002,AHN,GA,ASO,ES,Federal Contract Tower,0,3,23,0,26,0,2,87,0,89,0,5,110,0,115,146,0,146,261
11/19/2002,AHN,GA,ASO,ES,Federal Contract Tower,0,4,29,0,33,0,4,13,4,21,0,8,42,4,54,110,4,114,168
11/20/2002,AHN,GA,ASO,ES,Federal Contract Tower,0,4,28,0,32,0,0,2,0,2,0,4,30,0,34,10,0,10,44
11/21/2002,AHN,GA,ASO,ES,Federal Contract Tower,0,4,55,0,59,0,0,51,0,51,0,4,106,0,110,74,0,74,184
11/22/2002,AHN,GA,ASO,ES,Federal Contract Tower,0,3,25,0,28,0,1,19,7,27,0,4,44,7,55,24,0,24,79
11/23/2002,AHN,GA,ASO,ES,Federal Contract Tower,0,2,32,1,35,0,0,120,3,123,0,2,152,4,158,150,4,154,312
11/24/2002,AHN,GA,ASO,ES,Federal Contract Tower,0,4,33,1,38,0,1,116,1,118,0,5,149,2,156,128,0,128,284
11/25/2002,AHN,GA,ASO,ES,Federal Contract Tower,0,4,39,0,43,0,0,102,0,102,0,4,141,0,145,132,0,132,277
11/26/2002,AHN,GA,ASO,ES,Federal Contract Tower,0,6,50,1,57,0,2,72,1,75,0,8,122,2,132,232,0,232,364
11/27/2002,AHN,GA,ASO,ES,Federal Contract Tower,0,6,45,0,51,0,2,48,0,50,0,8,93,0,101,94,0,94,195
11/28/2002,AHN,GA,ASO,ES,Federal Contract Tower,0,1,20,0,21,0,0,40,0,40,0,1,60,0,61,40,0,40,101
11/29/2002,AHN,GA,ASO,ES,Federal Contract Tower,0,2,19,0,21,0,0,84,0,84,0,2,103,0,105,34,0,34,139
11/30/2002,AHN,GA,ASO,ES,Federal Contract Tower,0,1,58,0,59,0,0,75,0,75,0,1,133,0,134,112,0,112,246
12/01/2002,AHN,GA,ASO,ES,Federal Contract Tower,0,5,66,0,71,0,0,81,0,81,0,5,147,0,152,38,0,38,190
12/02/2002,AHN,GA,ASO,ES,Federal Contract Tower,0,4,19,0,23,0,4,56,0,60,0,8,75,0,83,80,0,80,163
12/03/2002,AHN,GA,ASO,ES,Federal Contract Tower,0,5,36,0,41,0,0,82,0,82,0,5,118,0,123,232,0,232,355
12/04/2002,AHN,GA,ASO,ES,Federal Contract Tower,0,0,11,0,11,0,0,3,0,3,0,0,14,0,14,0,0,0,14
12/05/2002,AHN,GA,ASO,ES,Federal Contract Tower,0,2,9,0,11,0,0,0,0,0,0,2,9,0,11,10,0,10,21
12/06/2002,AHN,GA,ASO,ES,Federal Contract Tower,0,4,36,0,40,0,0,77,2,79,0,4,113,2,119,132,0,132,251
12/07/2002,AHN,GA,ASO,ES,Federal Contract Tower,0,1,27,0,28,0,0,58,0,58,0,1,85,0,86,254,0,254,340
12/08/2002,AHN,GA,ASO,ES,Federal Contract Tower,0,4,43,0,47,0,0,77,4,81,0,4,120,4,128,312,0,312,440
12/09/2002,AHN,GA,ASO,ES,Federal Contract Tower,0,5,27,0,32,0,1,27,2,30,0,6,54,2,62,50,12,62,124
12/10/2002,AHN,GA,ASO,ES,Federal Contract Tower,0,5,26,0,31,0,3,0,0,3,0,8,26,0,34,0,0,0,34
12/11/2002,AHN,GA,ASO,ES,Federal Contract Tower,0,9,55,0,64,0,0,7,0,7,0,9,62,0,71,52,0,52,123
12/12/2002,AHN,GA,ASO,ES,Federal Contract Tower,0,5,33,1,39,0,3,24,1,28,0,8,57,2,67,80,0,80,147
12/13/2002,AHN,GA,ASO,ES,Federal Contract Tower,0,3,20,0,23,0,0,1,0,1,0,3,21,0,24,0,0,0,24
12/14/2002,AHN,GA,ASO,ES,Federal Contract Tower,0,1,10,1,12,0,0,10,1,11,0,1,20,2,23,28,0,28,51
12/15/2002,AHN,GA,ASO,ES,Federal Contract Tower,0,4,26,0,30,0,0,107,0,107,0,4,133,0,137,180,0,180,317
12/16/2002,AHN,GA,ASO,ES,Federal Contract Tower,0,2,19,0,21,0,2,88,4,94,0,4,107,4,115,200,0,200,315
12/17/2002,AHN,GA,ASO,ES,Federal Contract Tower,0,3,22,0,25,0,1,68,2,71,0,4,90,2,96,72,0,72,168
12/18/2002,AHN,GA,ASO,ES,Federal Contract Tower,0,4,30,0,34,0,2,30,3,35,0,6,60,3,69,114,6,120,189
12/19/2002,AHN,GA,ASO,ES,Federal Contract Tower,0,4,26,0,30,0,0,9,2,11,0,4,35,2,41,40,0,40,81
12/20/2002,AHN,GA,ASO,ES,Federal Contract Tower,0,4,30,0,34,0,0,37,0,37,0,4,67,0,71,64,0,64,135
12/21/2002,AHN,GA,ASO,ES,Federal Contract Tower,0,4,33,0,37,0,0,107,2,109,0,4,140,2,146,248,0,248,394
12/22/2002,AHN,GA,ASO,ES,Federal Contract Tower,0,3,24,0,27,0,0,38,0,38,0,3,62,0,65,22,0,22,87
12/23/2002,AHN,GA,ASO,ES,Federal Contract Tower,0,5,34,0,39,0,0,73,0,73,0,5,107,0,112,214,0,214,326
12/24/2002,AHN,GA,ASO,ES,Federal Contract Tower,0,0,2,0,2,0,4,0,0,4,0,4,2,0,6,2,0,2,8
12/25/2002,AHN,GA,ASO,ES,Federal Contract Tower,0,0,4,0,4,0,5,0,0,5,0,5,4,0,9,0,0,0,9
12/26/2002,AHN,GA,ASO,ES,Federal Contract Tower,0,3,37,0,40,0,0,76,0,76,0,3,113,0,116,146,0,146,262
12/27/2002,AHN,GA,ASO,ES,Federal Contract Tower,0,4,25,0,29,0,1,71,0,72,0,5,96,0,101,106,0,106,207
12/28/2002,AHN,GA,ASO,ES,Federal Contract Tower,0,1,22,0,23,0,0,68,0,68,0,1,90,0,91,58,0,58,149
12/29/2002,AHN,GA,ASO,ES,Federal Contract Tower,0,5,33,0,38,0,2,55,0,57,0,7,88,0,95,86,0,86,181
12/30/2002,AHN,GA,ASO,ES,Federal Contract Tower,0,5,37,0,42,0,0,65,0,65,0,5,102,0,107,102,0,102,209
12/31/2002,AHN,GA,ASO,ES,Federal Contract Tower,0,5,33,0,38,0,1,21,0,22,0,6,54,0,60,38,0,38,98
01/01/2003,AHN,GA,ASO,ES,Federal Contract Tower,0,3,24,0,27,0,0,10,0,10,0,3,34,0,37,14,0,14,51
01/02/2003,AHN,GA,ASO,ES,Federal Contract Tower,0,4,35,0,39,0,1,26,2,29,0,5,61,2,68,76,4,80,148
01/03/2003,AHN,GA,ASO,ES,Federal Contract Tower,0,3,24,0,27,0,2,18,0,20,0,5,42,0,47,6,0,6,53
01/04/2003,AHN,GA,ASO,ES,Federal Contract Tower,0,1,60,2,63,0,0,143,0,143,0,1,203,2,206,362,0,362,568
01/05/2003,AHN,GA,ASO,ES,Federal Contract Tower,0,2,24,0,26,0,3,74,0,77,0,5,98,0,103,208,0,208,311
01/06/2003,AHN,GA,ASO,ES,Federal Contract Tower,0,4,24,0,28,0,0,36,0,36,0,4,60,0,64,40,0,40,104
01/07/2003,AHN,GA,ASO,ES,Federal Contract Tower,0,4,25,0,29,0,2,66,0,68,0,6,91,0,97,82,0,82,179
01/08/2003,AHN,GA,ASO,ES,Federal Contract Tower,0,2,28,0,30,0,0,52,8,60,0,2,80,8,90,58,8,66,156
01/09/2003,AHN,GA,ASO,ES,Federal Contract Tower,0,4,27,0,31,0,2,69,0,71,0,6,96,0,102,148,0,148,250
01/10/2003,AHN,GA,ASO,ES,Federal Contract Tower,0,2,25,0,27,0,0,68,12,80,0,2,93,12,107,148,2,150,257
01/11/2003,AHN,GA,ASO,ES,Federal Contract Tower,1,6,40,2,49,2,0,79,8,89,3,6,119,10,138,172,0,172,310
01/12/2003,AHN,GA,ASO,ES,Federal Contract Tower,0,3,18,0,21,0,0,59,0,59,0,3,77,0,80,42,0,42,122
01/13/2003,AHN,GA,ASO,ES,Federal Contract Tower,0,4,27,0,31,0,0,86,0,86,0,4,113,0,117,184,4,188,305
01/14/2003,AHN,GA,ASO,ES,Federal Contract Tower,0,4,22,1,27,0,2,44,1,47,0,6,66,2,74,122,0,122,196
01/15/2003,AHN,GA,ASO,ES,Federal Contract Tower,0,4,28,0,32,0,0,50,0,50,0,4,78,0,82,164,0,164,246
01/16/2003,AHN,GA,ASO,ES,Federal Contract Tower,0,3,18,0,21,0,5,19,0,24,0,8,37,0,45,24,0,24,69
01/17/2003,AHN,GA,ASO,ES,Federal Contract Tower,0,5,29,0,34,2,0,24,0,26,2,5,53,0,60,50,0,50,110
01/18/2003,AHN,GA,ASO,ES,Federal Contract Tower,0,3,21,1,25,0,0,93,1,94,0,3,114,2,119,90,0,90,209
01/19/2003,AHN,GA,ASO,ES,Federal Contract Tower,0,3,15,0,18,0,0,59,0,59,0,3,74,0,77,78,0,78,155
01/20/2003,AHN,GA,ASO,ES,Federal Contract Tower,0,4,26,0,30,0,0,52,0,52,0,4,78,0,82,82,0,82,164
01/21/2003,AHN,GA,ASO,ES,Federal Contract Tower,0,5,25,1,31,1,0,24,1,26,1,5,49,2,57,36,0,36,93
01/22/2003,AHN,GA,ASO,ES,Federal Contract Tower,0,6,27,1,34,0,2,44,1,47,0,8,71,2,81,28,0,28,109
01/23/2003,AHN,GA,ASO,ES,Federal Contract Tower,0,2,9,1,12,2,4,6,1,13,2,6,15,2,25,2,2,4,29
01/24/2003,AHN,GA,ASO,ES,Federal Contract Tower,0,5,22,1,28,0,1,35,4,40,0,6,57,5,68,52,0,52,120
01/25/2003,AHN,GA,ASO,ES,Federal Contract Tower,0,4,19,0,23,0,3,30,0,33,0,7,49,0,56,20,0,20,76
01/26/2003,AHN,GA,ASO,ES,Federal Contract Tower,0,4,27,1,32,2,0,86,19,107,2,4,113,20,139,82,16,98,237
01/27/2003,AHN,GA,ASO,ES,Federal Contract Tower,0,6,27,0,33,0,1,63,0,64,0,7,90,0,97,48,0,48,145
01/28/2003,AHN,GA,ASO,ES,Federal Contract Tower,0,6,33,0,39,2,1,51,0,54,2,7,84,0,93,66,0,66,159
01/29/2003,AHN,GA,ASO,ES,Federal Contract Tower,0,5,37,1,43,0,0,16,1,17,0,5,53,2,60,54,0,54,114
01/30/2003,AHN,GA,ASO,ES,Federal Contract Tower,0,5,23,0,28,0,2,0,0,2,0,7,23,0,30,2,0,2,32
01/31/2003,AHN,GA,ASO,ES,Federal Contract Tower,0,7,36,0,43,1,2,47,0,50,1,9,83,0,93,164,0,164,257
02/01/2003,AHN,GA,ASO,ES,Federal Contract Tower,0,4,33,0,37,0,0,75,2,77,0,4,108,2,114,114,0,114,228
02/02/2003,AHN,GA,ASO,ES,Federal Contract Tower,1,3,28,0,32,0,0,87,4,91,1,3,115,4,123,130,0,130,253
02/03/2003,AHN,GA,ASO,ES,Federal Contract Tower,0,6,29,0,35,0,4,33,0,37,0,10,62,0,72,112,0,112,184
02/04/2003,AHN,GA,ASO,ES,Federal Contract Tower,0,2,10,0,12,0,1,31,0,32,0,3,41,0,44,32,0,32,76
02/05/2003,AHN,GA,ASO,ES,Federal Contract Tower,0,5,37,0,42,0,0,83,2,85,0,5,120,2,127,88,8,96,223
02/06/2003,AHN,GA,ASO,ES,Federal Contract Tower,0,4,23,1,28,0,0,8,1,9,0,4,31,2,37,24,0,24,61
02/07/2003,AHN,GA,ASO,ES,Federal Contract Tower,0,4,17,1,22,0,1,14,1,16,0,5,31,2,38,34,0,34,72
02/08/2003,AHN,GA,ASO,ES,Federal Contract Tower,0,2,23,1,26,0,0,76,9,85,0,2,99,10,111,154,0,154,265
02/09/2003,AHN,GA,ASO,ES,Federal Contract Tower,0,5,29,0,34,0,0,65,0,65,0,5,94,0,99,76,0,76,175
02/10/2003,AHN,GA,ASO,ES,Federal Contract Tower,0,6,27,0,33,0,2,8,0,10,0,8,35,0,43,34,0,34,77
02/11/2003,AHN,GA,ASO,ES,Federal Contract Tower,0,8,38,1,47,0,0,65,1,66,0,8,103,2,113,134,0,134,247
02/12/2003,AHN,GA,ASO,ES,Federal Contract Tower,0,6,28,0,34,0,3,36,0,39,0,9,64,0,73,44,0,44,117
02/13/2003,AHN,GA,ASO,ES,Federal Contract Tower,0,5,49,0,54,0,0,112,0,112,0,5,161,0,166,88,0,88,254
02/14/2003,AHN,GA,ASO,ES,Federal Contract Tower,0,8,35,0,43,0,1,24,0,25,0,9,59,0,68,26,0,26,94
02/15/2003,AHN,GA,ASO,ES,Federal Contract Tower,0,4,34,0,38,0,0,33,0,33,0,4,67,0,71,70,0,70,141
02/16/2003,AHN,GA,ASO,ES,Federal Contract Tower,0,2,18,0,20,0,0,1,0,1,0,2,19,0,21,0,0,0,21
02/17/2003,AHN,GA,ASO,ES,Federal Contract Tower,0,4,14,0,18,0,4,0,0,4,0,8,14,0,22,0,0,0,22
02/18/2003,AHN,GA,ASO,ES,Federal Contract Tower,0,7,43,0,50,0,0,68,2,70,0,7,111,2,120,42,4,46,166
02/19/2003,AHN,GA,ASO,ES,Federal Contract Tower,0,8,42,0,50,0,0,61,0,61,0,8,103,0,111,162,0,162,273
02/20/2003,AHN,GA,ASO,ES,Federal Contract Tower,0,4,18,0,22,0,2,71,2,75,0,6,89,2,97,90,2,92,189
02/21/2003,AHN,GA,ASO,ES,Federal Contract Tower,0,9,41,0,50,0,0,0,0,0,0,9,41,0,50,18,0,18,68
02/22/2003,AHN,GA,ASO,ES,Federal Contract Tower,0,1,11,0,12,0,0,7,0,7,0,1,18,0,19,4,0,4,23
02/23/2003,AHN,GA,ASO,ES,Federal Contract Tower,0,5,34,0,39,0,0,51,2,53,0,5,85,2,92,58,0,58,150
02/24/2003,AHN,GA,ASO,ES,Federal Contract Tower,0,6,28,0,34,0,2,65,0,67,0,8,93,0,101,150,0,150,251
02/25/2003,AHN,GA,ASO,ES,Federal Contract Tower,0,7,32,0,39,0,1,56,0,57,0,8,88,0,96,118,0,118,214
02/26/2003,AHN,GA,ASO,ES,Federal Contract Tower,0,3,17,0,20,2,1,0,0,3,2,4,17,0,23,0,0,0,23
02/27/2003,AHN,GA,ASO,ES,Federal Contract Tower,0,4,17,0,21,0,4,0,0,4,0,8,17,0,25,6,0,6,31
02/28/2003,AHN,GA,ASO,ES,Federal Contract Tower,0,11,53,0,64,2,0,20,4,26,2,11,73,4,90,32,4,36,126
03/01/2003,AHN,GA,ASO,ES,Federal Contract Tower,0,5,15,0,20,0,3,0,2,5,0,8,15,2,25,0,0,0,25
03/02/2003,AHN,GA,ASO,ES,Federal Contract Tower,0,7,35,1,43,0,2,35,5,42,0,9,70,6,85,124,0,124,209
03/03/2003,AHN,GA,ASO,ES,Federal Contract Tower,0,6,44,2,52,0,0,78,0,78,0,6,122,2,130,248,8,256,386
03/04/2003,AHN,GA,ASO,ES,Federal Contract Tower,0,3,20,1,24,0,1,59,0,60,0,4,79,1,84,128,0,128,212
03/05/2003,AHN,GA,ASO,ES,Federal Contract Tower,0,5,27,0,32,0,7,9,0,16,0,12,36,0,48,46,0,46,94
03/06/2003,AHN,GA,ASO,ES,Federal Contract Tower,0,3,16,0,19,0,2,13,0,15,0,5,29,0,34,14,0,14,48
03/07/2003,AHN,GA,ASO,ES,Federal Contract Tower,0,6,39,2,47,0,0,49,4,53,0,6,88,6,100,100,28,128,228
03/08/2003,AHN,GA,ASO,ES,Federal Contract Tower,0,4,44,1,49,0,0,43,0,43,0,4,87,1,92,138,0,138,230
03/09/2003,AHN,GA,ASO,ES,Federal Contract Tower,0,3,30,1,34,0,0,112,1,113,0,3,142,2,147,162,14,176,323
03/10/2003,AHN,GA,ASO,ES,Federal Contract Tower,0,6,37,2,45,0,0,74,2,76,0,6,111,4,121,142,2,144,265
03/11/2003,AHN,GA,ASO,ES,Federal Contract Tower,0,6,38,2,46,0,2,96,3,101,0,8,134,5,147,134,0,134,281
03/12/2003,AHN,GA,ASO,ES,Federal Contract Tower,0,4,45,0,49,0,0,68,0,68,0,4,113,0,117,144,0,144,261
03/13/2003,AHN,GA,ASO,ES,Federal Contract Tower,0,4,30,0,34,0,0,36,0,36,0,4,66,0,70,100,0,100,170
03/14/2003,AHN,GA,ASO,ES,Federal Contract Tower,0,4,36,0,40,0,0,18,0,18,0,4,54,0,58,30,0,30,88
03/15/2003,AHN,GA,ASO,ES,Federal Contract Tower,0,2,26,1,29,0,0,0,6,6,0,2,26,7,35,4,2,6,41
03/16/2003,AHN,GA,ASO,ES,Federal Contract Tower,0,3,34,0,37,0,0,23,0,23,0,3,57,0,60,10,0,10,70
03/17/2003,AHN,GA,ASO,ES,Federal Contract Tower,0,2,11,0,13,0,2,0,0,2,0,4,11,0,15,2,0,2,17
03/18/2003,AHN,GA,ASO,ES,Federal Contract Tower,0,2,21,0,23,0,0,1,0,1,0,2,22,0,24,10,0,10,34
03/19/2003,AHN,GA,ASO,ES,Federal Contract Tower,0,3,10,0,13,0,6,0,0,6,0,9,10,0,19,0,0,0,19
03/20/2003,AHN,GA,ASO,ES,Federal Contract Tower,0,3,16,0,19,0,1,0,0,1,0,4,16,0,20,8,0,8,28
03/21/2003,AHN,GA,ASO,ES,Federal Contract Tower,0,8,51,1,60,0,2,49,0,51,0,10,100,1,111,44,4,48,159
03/22/2003,AHN,GA,ASO,ES,Federal Contract Tower,0,2,36,0,38,0,0,111,0,111,0,2,147,0,149,134,0,134,283
03/23/2003,AHN,GA,ASO,ES,Federal Contract Tower,0,3,34,1,38,0,0,65,1,66,0,3,99,2,104,40,0,40,144
03/24/2003,AHN,GA,ASO,ES,Federal Contract Tower,0,4,23,0,27,0,1,83,0,84,0,5,106,0,111,134,0,134,245
03/25/2003,AHN,GA,ASO,ES,Federal Contract Tower,0,5,31,0,36,0,0,65,4,69,0,5,96,4,105,70,0,70,175
03/26/2003,AHN,GA,ASO,ES,Federal Contract Tower,0,4,22,0,26,0,0,41,0,41,0,4,63,0,67,36,0,36,103
03/27/2003,AHN,GA,ASO,ES,Federal Contract Tower,0,4,34,1,39,0,0,54,0,54,0,4,88,1,93,70,0,70,163
03/28/2003,AHN,GA,ASO,ES,Federal Contract Tower,0,6,36,0,42,0,1,51,0,52,0,7,87,0,94,160,0,160,254
03/29/2003,AHN,GA,ASO,ES,Federal Contract Tower,0,6,36,1,43,0,0,37,0,37,0,6,73,1,80,148,0,148,228
03/30/2003,AHN,GA,ASO,ES,Federal Contract Tower,0,3,28,0,31,0,0,13,0,13,0,3,41,0,44,4,0,4,48
03/31/2003,AHN,GA,ASO,ES,Federal Contract Tower,0,4,25,0,29,0,1,70,0,71,0,5,95,0,100,92,0,92,192
04/01/2003,AHN,GA,ASO,ES,Federal Contract Tower,0,4,45,0,49,0,0,84,0,84,0,4,129,0,133,244,0,244,377
04/02/2003,AHN,GA,ASO,ES,Federal Contract Tower,0,4,41,0,45,0,0,73,0,73,0,4,114,0,118,186,0,186,304
04/03/2003,AHN,GA,ASO,ES,Federal Contract Tower,0,5,48,0,53,0,0,106,0,106,0,5,154,0,159,178,0,178,337
04/04/2003,AHN,GA,ASO,ES,Federal Contract Tower,0,7,41,1,49,0,3,75,3,81,0,10,116,4,130,66,2,68,198
04/05/2003,AHN,GA,ASO,ES,Federal Contract Tower,0,3,27,1,31,0,0,16,7,23,0,3,43,8,54,4,0,4,58
04/06/2003,AHN,GA,ASO,ES,Federal Contract Tower,0,3,39,1,43,0,0,23,2,25,0,3,62,3,68,28,0,28,96
04/07/2003,AHN,GA,ASO,ES,Federal Contract Tower,0,6,33,1,40,0,4,0,1,5,0,10,33,2,45,2,2,4,49
04/08/2003,AHN,GA,ASO,ES,Federal Contract Tower,0,5,29,0,34,0,3,0,0,3,0,8,29,0,37,0,0,0,37
04/09/2003,AHN,GA,ASO,ES,Federal Contract Tower,0,4,20,0,24,0,5,0,0,5,0,9,20,0,29,2,0,2,31
04/10/2003,AHN,GA,ASO,ES,Federal Contract Tower,0,4,19,0,23,0,7,0,0,7,0,11,19,0,30,4,0,4,34
04/11/2003,AHN,GA,ASO,ES,Federal Contract Tower,0,3,41,1,45,0,0,62,1,63,0,3,103,2,108,44,6,50,158
04/12/2003,AHN,GA,ASO,ES,Federal Contract Tower,0,4,44,1,49,0,0,106,1,107,0,4,150,2,156,114,0,114,270
04/13/2003,AHN,GA,ASO,ES,Federal Contract Tower,0,7,39,1,47,0,2,89,5,96,0,9,128,6,143,128,4,132,275
04/14/2003,AHN,GA,ASO,ES,Federal Contract Tower,0,8,44,0,52,0,0,92,0,92,0,8,136,0,144,204,0,204,348
04/15/2003,AHN,GA,ASO,ES,Federal Contract Tower,0,5,31,1,37,0,1,74,2,77,0,6,105,3,114,78,4,82,196
04/16/2003,AHN,GA,ASO,ES,Federal Contract Tower,0,6,39,1,46,0,0,71,0,71,0,6,110,1,117,70,0,70,187
04/17/2003,AHN,GA,ASO,ES,Federal Contract Tower,0,5,33,1,39,0,0,30,4,34,0,5,63,5,73,30,2,32,105
04/18/2003,AHN,GA,ASO,ES,Federal Contract Tower,0,8,57,1,66,0,0,4,0,4,0,8,61,1,70,0,0,0,70
04/19/2003,AHN,GA,ASO,ES,Federal Contract Tower,0,3,22,0,25,0,0,12,0,12,0,3,34,0,37,26,0,26,63
04/20/2003,AHN,GA,ASO,ES,Federal Contract Tower,0,3,22,0,25,0,0,2,0,2,0,3,24,0,27,2,0,2,29
04/21/2003,AHN,GA,ASO,ES,Federal Contract Tower,0,4,19,1,24,0,6,0,1,7,0,10,19,2,31,6,0,6,37
04/22/2003,AHN,GA,ASO,ES,Federal Contract Tower,0,6,36,0,42,0,1,64,5,70,0,7,100,5,112,76,2,78,190
04/23/2003,AHN,GA,ASO,ES,Federal Contract Tower,0,6,41,0,47,0,0,146,4,150,0,6,187,4,197,138,0,138,335
04/24/2003,AHN,GA,ASO,ES,Federal Contract Tower,0,4,44,0,48,0,0,55,11,66,0,4,99,11,114,26,8,34,148
04/25/2003,AHN,GA,ASO,ES,Federal Contract Tower,0,2,12,0,14,0,4,0,0,4,0,6,12,0,18,0,0,0,18
04/26/2003,AHN,GA,ASO,ES,Federal Contract Tower,0,1,37,0,38,0,0,85,0,85,0,1,122,0,123,98,0,98,221
04/27/2003,AHN,GA,ASO,ES,Federal Contract Tower,0,7,39,0,46,0,1,70,0,71,0,8,109,0,117,94,0,94,211
04/28/2003,AHN,GA,ASO,ES,Federal Contract Tower,0,7,40,0,47,0,0,65,0,65,0,7,105,0,112,102,0,102,214
04/29/2003,AHN,GA,ASO,ES,Federal Contract Tower,0,7,43,0,50,0,0,67,5,72,0,7,110,5,122,124,2,126,248
04/30/2003,AHN,GA,ASO,ES,Federal Contract Tower,0,5,31,0,36,0,6,45,0,51,0,11,76,0,87,36,0,36,123
05/01/2003,AHN,GA,ASO,ES,Federal Contract Tower,0,4,27,0,31,0,7,4,0,11,0,11,31,0,42,28,0,28,70
05/02/2003,AHN,GA,ASO,ES,Federal Contract Tower,0,8,48,2,58,0,0,76,3,79,0,8,124,5,137,148,4,152,289
05/03/2003,AHN,GA,ASO,ES,Federal Contract Tower,0,2,39,0,41,0,0,60,0,60,0,2,99,0,101,100,0,100,201
05/04/2003,AHN,GA,ASO,ES,Federal Contract Tower,0,7,54,0,61,0,0,92,0,92,0,7,146,0,153,130,0,130,283
05/05/2003,AHN,GA,ASO,ES,Federal Contract Tower,0,0,4,0,4,0,2,0,0,2,0,2,4,0,6,0,0,0,6
05/06/2003,AHN,GA,ASO,ES,Federal Contract Tower,0,4,18,0,22,0,0,2,0,2,0,4,20,0,24,0,0,0,24
05/07/2003,AHN,GA,ASO,ES,Federal Contract Tower,0,4,17,1,22,0,3,5,1,9,0,7,22,2,31,10,0,10,41
05/08/2003,AHN,GA,ASO,ES,Federal Contract Tower,0,4,24,1,29,0,0,28,1,29,0,4,52,2,58,42,2,44,102
05/09/2003,AHN,GA,ASO,ES,Federal Contract Tower,0,6,31,2,39,0,2,57,0,59,0,8,88,2,98,32,0,32,130
05/10/2003,AHN,GA,ASO,ES,Federal Contract Tower,0,1,22,0,23,0,0,75,0,75,0,1,97,0,98,180,0,180,278
05/11/2003,AHN,GA,ASO,ES,Federal Contract Tower,0,3,17,0,20,0,0,24,0,24,0,3,41,0,44,10,0,10,54
05/12/2003,AHN,GA,ASO,ES,Federal Contract Tower,0,4,22,0,26,0,4,65,0,69,0,8,87,0,95,362,0,362,457
05/13/2003,AHN,GA,ASO,ES,Federal Contract Tower,0,5,31,0,36,0,0,71,0,71,0,5,102,0,107,68,0,68,175
05/14/2003,AHN,GA,ASO,ES,Federal Contract Tower,0,3,31,0,34,0,0,60,0,60,0,3,91,0,94,80,0,80,174
05/15/2003,AHN,GA,ASO,ES,Federal Contract Tower,0,7,38,2,47,0,1,2,2,5,0,8,40,4,52,6,0,6,58
05/16/2003,AHN,GA,ASO,ES,Federal Contract Tower,0,8,41,1,50,0,0,28,2,30,0,8,69,3,80,136,0,136,216
05/17/2003,AHN,GA,ASO,ES,Federal Contract Tower,0,4,20,0,24,0,0,2,0,2,0,4,22,0,26,26,0,26,52
05/18/2003,AHN,GA,ASO,ES,Federal Contract Tower,0,5,21,0,26,0,6,0,4,10,0,11,21,4,36,0,0,0,36
05/19/2003,AHN,GA,ASO,ES,Federal Contract Tower,0,6,34,1,41,0,1,0,3,4,0,7,34,4,45,10,0,10,55
05/20/2003,AHN,GA,ASO,ES,Federal Contract Tower,0,5,32,1,38,0,0,26,3,29,0,5,58,4,67,36,4,40,107
05/21/2003,AHN,GA,ASO,ES,Federal Contract Tower,0,7,36,0,43,0,0,13,0,13,0,7,49,0,56,24,0,24,80
05/22/2003,AHN,GA,ASO,ES,Federal Contract Tower,0,6,20,0,26,0,7,0,0,7,0,13,20,0,33,14,0,14,47
05/23/2003,AHN,GA,ASO,ES,Federal Contract Tower,0,1,9,0,10,0,0,52,0,52,0,1,61,0,62,50,0,50,112
05/24/2003,AHN,GA,ASO,ES,Federal Contract Tower,0,2,25,0,27,0,0,44,0,44,0,2,69,0,71,52,0,52,123
05/25/2003,AHN,GA,ASO,ES,Federal Contract Tower,0,1,9,0,10,0,12,53,2,67,0,13,62,2,77,36,6,42,119
05/26/2003,AHN,GA,ASO,ES,Federal Contract Tower,0,4,30,1,35,0,0,33,1,34,0,4,63,2,69,62,0,62,131
05/27/2003,AHN,GA,ASO,ES,Federal Contract Tower,0,6,38,1,45,0,0,33,5,38,0,6,71,6,83,40,0,40,123
05/28/2003,AHN,GA,ASO,ES,Federal Contract Tower,0,6,34,1,41,0,2,82,3,87,0,8,116,4,128,168,0,168,296
05/29/2003,AHN,GA,ASO,ES,Federal Contract Tower,0,5,29,0,34,0,0,31,0,31,0,5,60,0,65,36,0,36,101
05/30/2003,AHN,GA,ASO,ES,Federal Contract Tower,0,7,50,1,58,0,0,104,4,108,0,7,154,5,166,92,2,94,260
05/31/2003,AHN,GA,ASO,ES,Federal Contract Tower,0,1,20,0,21,0,0,24,3,27,0,1,44,3,48,4,0,4,52
06/01/2003,AHN,GA,ASO,ES,Federal Contract Tower,0,4,28,1,33,0,0,48,1,49,0,4,76,2,82,40,4,44,126
06/02/2003,AHN,GA,ASO,ES,Federal Contract Tower,0,4,31,0,35,0,2,46,0,48,0,6,77,0,83,58,0,58,141
06/03/2003,AHN,GA,ASO,ES,Federal Contract Tower,0,4,20,0,24,0,2,3,0,5,0,6,23,0,29,36,0,36,65
06/04/2003,AHN,GA,ASO,ES,Federal Contract Tower,0,2,26,1,29,0,0,33,3,36,0,2,59,4,65,62,0,62,127
06/05/2003,AHN,GA,ASO,ES,Federal Contract Tower,0,7,44,1,52,0,3,85,0,88,0,10,129,1,140,168,0,168,308
06/06/2003,AHN,GA,ASO,ES,Federal Contract Tower,0,6,39,2,47,0,2,32,0,34,0,8,71,2,81,54,0,54,135
06/07/2003,AHN,GA,ASO,ES,Federal Contract Tower,0,2,15,0,17,0,0,14,0,14,0,2,29,0,31,26,0,26,57
06/08/2003,AHN,GA,ASO,ES,Federal Contract Tower,0,5,30,0,35,0,0,38,0,38,0,5,68,0,73,54,0,54,127
06/09/2003,AHN,GA,ASO,ES,Federal Contract Tower,0,4,27,0,31,0,0,75,2,77,0,4,102,2,108,110,0,110,218
06/10/2003,AHN,GA,ASO,ES,Federal Contract Tower,0,5,27,0,32,0,2,76,0,78,0,7,103,0,110,86,0,86,196
06/11/2003,AHN,GA,ASO,ES,Federal Contract Tower,0,6,35,0,41,0,1,73,2,76,0,7,108,2,117,78,10,88,205
06/12/2003,AHN,GA,ASO,ES,Federal Contract Tower,0,4,31,0,35,0,0,36,1,37,0,4,67,1,72,54,0,54,126
06/13/2003,AHN,GA,ASO,ES,Federal Contract Tower,0,4,32,0,36,0,0,12,1,13,0,4,44,1,49,38,0,38,87
06/14/2003,AHN,GA,ASO,ES,Federal Contract Tower,0,1,16,0,17,0,0,8,0,8,0,1,24,0,25,32,0,32,57
06/15/2003,AHN,GA,ASO,ES,Federal Contract Tower,0,4,29,0,33,0,0,19,0,19,0,4,48,0,52,52,0,52,104
06/16/2003,AHN,GA,ASO,ES,Federal Contract Tower,0,4,15,3,22,0,0,25,1,26,0,4,40,4,48,20,0,20,68
06/17/2003,AHN,GA,ASO,ES,Federal Contract Tower,0,5,19,4,28,0,0,25,8,33,0,5,44,12,61,30,0,30,91
06/18/2003,AHN,GA,ASO,ES,Federal Contract Tower,0,5,25,0,30,0,0,15,0,15,0,5,40,0,45,46,0,46,91
06/19/2003,AHN,GA,ASO,ES,Federal Contract Tower,0,7,32,2,41,0,0,44,0,44,0,7,76,2,85,100,0,100,185
06/20/2003,AHN,GA,ASO,ES,Federal Contract Tower,0,5,29,1,35,0,0,36,1,37,0,5,65,2,72,48,0,48,120
06/21/2003,AHN,GA,ASO,ES,Federal Contract Tower,0,1,13,0,14,0,0,78,2,80,0,1,91,2,94,104,0,104,198
06/22/2003,AHN,GA,ASO,ES,Federal Contract Tower,0,3,20,2,25,0,0,78,0,78,0,3,98,2,103,46,0,46,149
06/23/2003,AHN,GA,ASO,ES,Federal Contract Tower,0,6,30,0,36,0,0,71,0,71,0,6,101,0,107,78,0,78,185
06/24/2003,AHN,GA,ASO,ES,Federal Contract Tower,0,6,38,0,44,0,0,48,0,48,0,6,86,0,92,78,0,78,170
06/25/2003,AHN,GA,ASO,ES,Federal Contract Tower,0,6,28,0,34,0,0,52,0,52,0,6,80,0,86,82,0,82,168
06/26/2003,AHN,GA,ASO,ES,Federal Contract Tower,0,4,58,0,62,0,0,63,0,63,0,4,121,0,125,198,0,198,323
06/27/2003,AHN,GA,ASO,ES,Federal Contract Tower,0,5,16,1,22,0,0,60,2,62,0,5,76,3,84,76,0,76,160
06/28/2003,AHN,GA,ASO,ES,Federal Contract Tower,0,5,15,0,20,0,0,19,0,19,0,5,34,0,39,34,0,34,73
06/29/2003,AHN,GA,ASO,ES,Federal Contract Tower,0,6,27,1,34,0,0,42,0,42,0,6,69,1,76,74,0,74,150
06/30/2003,AHN,GA,ASO,ES,Federal Contract Tower,0,4,56,0,60,0,0,29,0,29,0,4,85,0,89,62,0,62,151
07/01/2003,AHN,GA,ASO,ES,Federal Contract Tower,0,9,10,1,20,0,0,0,0,0,0,9,10,1,20,0,0,0,20
07/02/2003,AHN,GA,ASO,ES,Federal Contract Tower,0,6,28,0,34,0,3,28,3,34,0,9,56,3,68,28,2,30,98
07/03/2003,AHN,GA,ASO,ES,Federal Contract Tower,0,4,30,0,34,0,0,69,0,69,0,4,99,0,103,62,0,62,165
07/04/2003,AHN,GA,ASO,ES,Federal Contract Tower,0,1,34,0,35,0,0,30,0,30,0,1,64,0,65,192,0,192,257
07/05/2003,AHN,GA,ASO,ES,Federal Contract Tower,0,3,20,0,23,0,0,13,0,13,0,3,33,0,36,8,0,8,44
07/06/2003,AHN,GA,ASO,ES,Federal Contract Tower,0,3,35,2,40,0,0,36,0,36,0,3,71,2,76,14,10,24,100
07/07/2003,AHN,GA,ASO,ES,Federal Contract Tower,0,4,18,0,22,0,0,32,1,33,0,4,50,1,55,46,0,46,101
07/08/2003,AHN,GA,ASO,ES,Federal Contract Tower,0,5,27,0,32,0,0,46,0,46,0,5,73,0,78,46,0,46,124
07/09/2003,AHN,GA,ASO,ES,Federal Contract Tower,0,4,24,0,28,0,0,70,0,70,0,4,94,0,98,72,0,72,170
07/10/2003,AHN,GA,ASO,ES,Federal Contract Tower,0,2,26,0,28,0,0,37,0,37,0,2,63,0,65,48,0,48,113
07/11/2003,AHN,GA,ASO,ES,Federal Contract Tower,0,4,52,8,64,0,0,29,0,29,0,4,81,8,93,134,0,134,227
07/12/2003,AHN,GA,ASO,ES,Federal Contract Tower,0,2,45,5,52,0,0,87,2,89,0,2,132,7,141,182,8,190,331
07/13/2003,AHN,GA,ASO,ES,Federal Contract Tower,0,1,40,3,44,0,0,45,1,46,0,1,85,4,90,76,2,78,168
07/14/2003,AHN,GA,ASO,ES,Federal Contract Tower,0,4,20,1,25,0,0,18,1,19,0,4,38,2,44,30,2,32,76
07/15/2003,AHN,GA,ASO,ES,Federal Contract Tower,0,8,20,6,34,0,0,41,0,41,0,8,61,6,75,38,0,38,113
07/16/2003,AHN,GA,ASO,ES,Federal Contract Tower,0,6,39,0,45,0,0,60,2,62,0,6,99,2,107,154,0,154,261
07/17/2003,AHN,GA,ASO,ES,Federal Contract Tower,0,4,38,0,42,0,0,66,0,66,0,4,104,0,108,168,0,168,276
07/18/2003,AHN,GA,ASO,ES,Federal Contract Tower,0,8,25,2,35,0,0,29,0,29,0,8,54,2,64,70,0,70,134
07/19/2003,AHN,GA,ASO,ES,Federal Contract Tower,0,1,38,0,39,0,0,38,0,38,0,1,76,0,77,88,0,88,165
07/20/2003,AHN,GA,ASO,ES,Federal Contract Tower,0,3,20,0,23,0,0,32,0,32,0,3,52,0,55,38,0,38,93
07/21/2003,AHN,GA,ASO,ES,Federal Contract Tower,0,4,29,1,34,0,1,64,2,67,0,5,93,3,101,98,2,100,201
07/22/2003,AHN,GA,ASO,ES,Federal Contract Tower,0,2,10,0,12,0,0,34,7,41,0,2,44,7,53,32,0,32,85
07/23/2003,AHN,GA,ASO,ES,Federal Contract Tower,0,6,28,6,40,0,0,24,8,32,0,6,52,14,72,298,100,398,470
07/24/2003,AHN,GA,ASO,ES,Federal Contract Tower,0,4,65,0,69,0,0,86,6,92,0,4,151,6,161,272,0,272,433
07/25/2003,AHN,GA,ASO,ES,Federal Contract Tower,0,4,30,8,42,0,0,94,7,101,0,4,124,15,143,108,26,134,277
07/26/2003,AHN,GA,ASO,ES,Federal Contract Tower,0,3,28,0,31,0,0,49,0,49,0,3,77,0,80,96,0,96,176
07/27/2003,AHN,GA,ASO,ES,Federal Contract Tower,0,3,25,0,28,0,4,55,0,59,0,7,80,0,87,72,0,72,159
07/28/2003,AHN,GA,ASO,ES,Federal Contract Tower,0,5,36,3,44,0,0,64,0,64,0,5,100,3,108,190,0,190,298
07/29/2003,AHN,GA,ASO,ES,Federal Contract Tower,0,4,41,0,45,0,0,64,0,64,0,4,105,0,109,314,0,314,423
07/30/2003,AHN,GA,ASO,ES,Federal Contract Tower,0,5,26,2,33,0,0,34,2,36,0,5,60,4,69,98,0,98,167
07/31/2003,AHN,GA,ASO,ES,Federal Contract Tower,0,9,43,0,52,0,0,45,4,49,0,9,88,4,101,98,0,98,199
08/01/2003,AHN,GA,ASO,ES,Federal Contract Tower,0,8,38,5,51,0,1,42,5,48,0,9,80,10,99,168,8,176,275
08/02/2003,AHN,GA,ASO,ES,Federal Contract Tower,0,0,33,0,33,0,1,13,0,14,0,1,46,0,47,72,0,72,119
08/03/2003,AHN,GA,ASO,ES,Federal Contract Tower,0,5,23,2,30,0,1,14,0,15,0,6,37,2,45,14,4,18,63
08/04/2003,AHN,GA,ASO,ES,Federal Contract Tower,0,3,64,11,78,0,1,24,5,30,0,4,88,16,108,196,232,428,536
08/05/2003,AHN,GA,ASO,ES,Federal Contract Tower,0,4,26,0,30,0,1,40,4,45,0,5,66,4,75,122,0,122,197
08/06/2003,AHN,GA,ASO,ES,Federal Contract Tower,0,4,24,0,28,0,1,10,0,11,0,5,34,0,39,46,0,46,85
08/07/2003,AHN,GA,ASO,ES,Federal Contract Tower,0,8,35,5,48,0,1,60,4,65,0,9,95,9,113,92,8,100,213
08/08/2003,AHN,GA,ASO,ES,Federal Contract Tower,0,5,53,5,63,0,0,43,7,50,0,5,96,12,113,320,8,328,441
08/09/2003,AHN,GA,ASO,ES,Federal Contract Tower,0,1,36,0,37,0,0,50,0,50,0,1,86,0,87,62,0,62,149
08/10/2003,AHN,GA,ASO,ES,Federal Contract Tower,0,2,33,3,38,0,0,55,1,56,0,2,88,4,94,192,12,204,298
08/11/2003,AHN,GA,ASO,ES,Federal Contract Tower,0,6,23,0,29,0,0,15,0,15,0,6,38,0,44,102,0,102,146
08/12/2003,AHN,GA,ASO,ES,Federal Contract Tower,0,4,43,0,47,0,0,14,0,14,0,4,57,0,61,38,0,38,99
08/13/2003,AHN,GA,ASO,ES,Federal Contract Tower,0,6,30,0,36,0,0,32,0,32,0,6,62,0,68,150,0,150,218
08/14/2003,AHN,GA,ASO,ES,Federal Contract Tower,2,6,41,0,49,0,0,88,8,96,2,6,129,8,145,320,0,320,465
08/15/2003,AHN,GA,ASO,ES,Federal Contract Tower,0,5,33,18,56,0,2,58,1,61,0,7,91,19,117,102,44,146,263
08/16/2003,AHN,GA,ASO,ES,Federal Contract Tower,0,1,24,21,46,0,0,39,16,55,0,1,63,37,101,98,26,124,225
08/17/2003,AHN,GA,ASO,ES,Federal Contract Tower,0,5,25,5,35,0,0,32,2,34,0,5,57,7,69,66,2,68,137
08/18/2003,AHN,GA,ASO,ES,Federal Contract Tower,0,4,23,0,27,0,0,50,0,50,0,4,73,0,77,116,0,116,193
08/19/2003,AHN,GA,ASO,ES,Federal Contract Tower,0,6,40,3,49,0,0,45,0,45,0,6,85,3,94,202,0,202,296
08/20/2003,AHN,GA,ASO,ES,Federal Contract Tower,0,8,24,0,32,0,0,22,0,22,0,8,46,0,54,46,0,46,100
08/21/2003,AHN,GA,ASO,ES,Federal Contract Tower,0,4,40,5,49,0,0,36,2,38,0,4,76,7,87,130,10,140,227
08/22/2003,AHN,GA,ASO,ES,Federal Contract Tower,0,6,32,6,44,0,0,69,3,72,0,6,101,9,116,194,84,278,394
08/23/2003,AHN,GA,ASO,ES,Federal Contract Tower,0,2,52,8,62,0,0,78,0,78,0,2,130,8,140,232,34,266,406
08/24/2003,AHN,GA,ASO,ES,Federal Contract Tower,0,5,39,0,44,0,0,22,0,22,0,5,61,0,66,18,0,18,84
08/25/2003,AHN,GA,ASO,ES,Federal Contract Tower,0,3,21,12,36,0,0,33,0,33,0,3,54,12,69,100,0,100,169
08/26/2003,AHN,GA,ASO,ES,Federal Contract Tower,0,10,24,0,34,0,0,58,4,62,0,10,82,4,96,234,2,236,332
08/27/2003,AHN,GA,ASO,ES,Federal Contract Tower,0,7,48,0,55,0,0,60,2,62,0,7,108,2,117,98,0,98,215
08/28/2003,AHN,GA,ASO,ES,Federal Contract Tower,0,6,22,0,28,0,0,57,1,58,0,6,79,1,86,158,0,158,244
08/29/2003,AHN,GA,ASO,ES,Federal Contract Tower,0,8,42,4,54,0,0,51,1,52,0,8,93,5,106,184,16,200,306
08/30/2003,AHN,GA,ASO,ES,Federal Contract Tower,0,1,16,6,23,0,0,46,0,46,0,1,62,6,69,128,6,134,203
08/31/2003,AHN,GA,ASO,ES,Federal Contract Tower,0,1,28,0,29,0,0,39,0,39,0,1,67,0,68,60,0,60,128
09/01/2003,AHN,GA,ASO,ES,Federal Contract Tower,0,3,64,13,80,0,0,69,3,72,0,3,133,16,152,310,38,348,500
09/02/2003,AHN,GA,ASO,ES,Federal Contract Tower,0,4,20,3,27,0,0,13,1,14,0,4,33,4,41,66,0,66,107
09/03/2003,AHN,GA,ASO,ES,Federal Contract Tower,0,6,24,0,30,0,0,58,0,58,0,6,82,0,88,102,0,102,190
09/04/2003,AHN,GA,ASO,ES,Federal Contract Tower,0,8,25,0,33,0,0,41,3,44,0,8,66,3,77,58,2,60,137
09/05/2003,AHN,GA,ASO,ES,Federal Contract Tower,0,6,70,18,94,0,0,73,0,73,0,6,143,18,167,214,42,256,423
09/06/2003,AHN,GA,ASO,ES,Federal Contract Tower,0,1,80,0,81,0,0,63,0,63,0,1,143,0,144,260,0,260,404
09/07/2003,AHN,GA,ASO,ES,Federal Contract Tower,0,3,54,7,64,0,0,66,0,66,0,3,120,7,130,190,4,194,324
09/08/2003,AHN,GA,ASO,ES,Federal Contract Tower,0,3,22,1,26,0,5,60,1,66,0,8,82,2,92,96,2,98,190
09/09/2003,AHN,GA,ASO,ES,Federal Contract Tower,0,8,23,3,34,0,0,76,2,78,0,8,99,5,112,122,4,126,238
09/10/2003,AHN,GA,ASO,ES,Federal Contract Tower,0,4,24,3,31,0,0,100,5,105,0,4,124,8,136,116,10,126,262
09/11/2003,AHN,GA,ASO,ES,Federal Contract Tower,0,6,20,2,28,0,0,92,2,94,0,6,112,4,122,200,8,208,330
09/12/2003,AHN,GA,ASO,ES,Federal Contract Tower,0,6,52,10,68,0,0,91,4,95,0,6,143,14,163,162,80,242,405
09/13/2003,AHN,GA,ASO,ES,Federal Contract Tower,0,8,149,12,169,0,0,125,0,125,0,8,274,12,294,604,24,628,922
09/14/2003,AHN,GA,ASO,ES,Federal Contract Tower,0,6,67,6,79,0,0,53,4,57,0,6,120,10,136,262,6,268,404
09/15/2003,AHN,GA,ASO,ES,Federal Contract Tower,0,9,38,0,47,0,0,46,0,46,0,9,84,0,93,122,0,122,215
09/16/2003,AHN,GA,ASO,ES,Federal Contract Tower,0,7,35,2,44,0,0,109,2,111,0,7,144,4,155,166,4,170,325
09/17/2003,AHN,GA,ASO,ES,Federal Contract Tower,0,5,25,0,30,0,0,66,2,68,0,5,91,2,98,206,0,206,304
09/18/2003,AHN,GA,ASO,ES,Federal Contract Tower,0,1,19,0,20,0,0,66,0,66,0,1,85,0,86,146,0,146,232
09/19/2003,AHN,GA,ASO,ES,Federal Contract Tower,0,7,42,2,51,0,0,69,2,71,0,7,111,4,122,70,4,74,196
09/20/2003,AHN,GA,ASO,ES,Federal Contract Tower,0,9,30,0,39,0,0,78,0,78,0,9,108,0,117,22,0,22,139
09/21/2003,AHN,GA,ASO,ES,Federal Contract Tower,0,4,43,0,47,0,0,14,0,14,0,4,57,0,61,18,0,18,79
09/22/2003,AHN,GA,ASO,ES,Federal Contract Tower,0,5,53,2,60,0,0,80,0,80,0,5,133,2,140,272,8,280,420
09/23/2003,AHN,GA,ASO,ES,Federal Contract Tower,0,4,35,2,41,0,0,86,6,92,0,4,121,8,133,24,2,26,159
09/24/2003,AHN,GA,ASO,ES,Federal Contract Tower,0,7,24,0,31,0,0,81,0,81,0,7,105,0,112,172,0,172,284
09/25/2003,AHN,GA,ASO,ES,Federal Contract Tower,0,9,37,7,53,0,0,88,2,90,0,9,125,9,143,78,8,86,229
09/26/2003,AHN,GA,ASO,ES,Federal Contract Tower,0,7,48,0,55,0,0,73,4,77,0,7,121,4,132,290,0,290,422
09/27/2003,AHN,GA,ASO,ES,Federal Contract Tower,0,1,22,0,23,0,0,30,0,30,0,1,52,0,53,70,0,70,123
09/28/2003,AHN,GA,ASO,ES,Federal Contract Tower,0,3,36,0,39,0,0,82,2,84,0,3,118,2,123,34,0,34,157
09/29/2003,AHN,GA,ASO,ES,Federal Contract Tower,0,6,20,0,26,0,0,69,0,69,0,6,89,0,95,146,0,146,241
09/30/2003,AHN,GA,ASO,ES,Federal Contract Tower,0,6,54,0,60,0,0,94,0,94,0,6,148,0,154,308,0,308,462
10/01/2003,AHN,GA,ASO,ES,Federal Contract Tower,0,2,25,1,28,0,4,94,0,98,0,6,119,1,126,106,2,108,234
10/02/2003,AHN,GA,ASO,ES,Federal Contract Tower,0,5,70,4,79,0,0,24,4,28,0,5,94,8,107,98,0,98,205
10/03/2003,AHN,GA,ASO,ES,Federal Contract Tower,0,2,24,2,28,0,7,117,52,176,0,9,141,54,204,94,144,238,442
10/04/2003,AHN,GA,ASO,ES,Federal Contract Tower,0,5,141,9,155,0,0,178,7,185,0,5,319,16,340,554,20,574,914
10/05/2003,AHN,GA,ASO,ES,Federal Contract Tower,0,8,89,6,103,0,0,71,6,77,0,8,160,12,180,260,20,280,460
10/06/2003,AHN,GA,ASO,ES,Federal Contract Tower,0,2,34,0,36,0,0,40,0,40,0,2,74,0,76,228,0,228,304
10/07/2003,AHN,GA,ASO,ES,Federal Contract Tower,0,4,31,0,35,0,1,6,0,7,0,5,37,0,42,32,0,32,74
10/08/2003,AHN,GA,ASO,ES,Federal Contract Tower,0,5,36,3,44,0,3,12,1,16,0,8,48,4,60,42,2,44,104
10/09/2003,AHN,GA,ASO,ES,Federal Contract Tower,0,5,32,2,39,0,3,33,2,38,0,8,65,4,77,80,6,86,163
10/10/2003,AHN,GA,ASO,ES,Federal Contract Tower,0,5,59,0,64,0,0,0,0,0,0,5,59,0,64,96,0,96,160
10/11/2003,AHN,GA,ASO,ES,Federal Contract Tower,0,4,46,0,50,0,0,30,0,30,0,4,76,0,80,70,0,70,150
10/12/2003,AHN,GA,ASO,ES,Federal Contract Tower,0,3,36,0,39,0,0,72,0,72,0,3,108,0,111,240,0,240,351
10/13/2003,AHN,GA,ASO,ES,Federal Contract Tower,0,5,32,2,39,0,2,42,4,48,0,7,74,6,87,90,2,92,179
10/14/2003,AHN,GA,ASO,ES,Federal Contract Tower,0,4,31,0,35,0,8,8,0,16,0,12,39,0,51,38,0,38,89
10/15/2003,AHN,GA,ASO,ES,Federal Contract Tower,0,3,36,2,41,0,0,87,0,87,0,3,123,2,128,154,0,154,282
10/16/2003,AHN,GA,ASO,ES,Federal Contract Tower,0,5,47,3,55,0,0,130,16,146,0,5,177,19,201,216,8,224,425
10/17/2003,AHN,GA,ASO,ES,Federal Contract Tower,0,4,35,2,41,0,0,71,0,71,0,4,106,2,112,62,0,62,174
10/18/2003,AHN,GA,ASO,ES,Federal Contract Tower,0,5,49,0,54,0,0,82,0,82,0,5,131,0,136,84,0,84,220
10/19/2003,AHN,GA,ASO,ES,Federal Contract Tower,0,3,53,3,59,0,0,76,5,81,0,3,129,8,140,108,0,108,248
10/20/2003,AHN,GA,ASO,ES,Federal Contract Tower,0,3,26,1,30,0,3,66,6,75,0,6,92,7,105,152,2,154,259
10/21/2003,AHN,GA,ASO,ES,Federal Contract Tower,0,5,37,0,42,0,3,65,0,68,0,8,102,0,110,138,0,138,248
10/22/2003,AHN,GA,ASO,ES,Federal Contract Tower,0,7,50,2,59,0,0,39,12,51,0,7,89,14,110,188,38,226,336
10/23/2003,AHN,GA,ASO,ES,Federal Contract Tower,0,5,38,2,45,0,1,70,2,73,0,6,108,4,118,236,0,236,354
10/24/2003,AHN,GA,ASO,ES,Federal Contract Tower,0,5,42,0,47,0,4,80,0,84,0,9,122,0,131,28,0,28,159
10/25/2003,AHN,GA,ASO,ES,Federal Contract Tower,0,1,48,2,51,0,0,125,0,125,0,1,173,2,176,26,2,28,204
10/26/2003,AHN,GA,ASO,ES,Federal Contract Tower,0,3,34,0,37,0,0,9,0,9,0,3,43,0,46,0,0,0,46
10/27/2003,AHN,GA,ASO,ES,Federal Contract Tower,0,5,34,1,40,0,3,16,3,22,0,8,50,4,62,64,4,68,130
10/28/2003,AHN,GA,ASO,ES,Federal Contract Tower,0,6,44,0,50,0,0,21,0,21,0,6,65,0,71,162,0,162,233
10/29/2003,AHN,GA,ASO,ES,Federal Contract Tower,0,2,30,0,32,0,0,89,0,89,0,2,119,0,121,218,0,218,339
10/30/2003,AHN,GA,ASO,ES,Federal Contract Tower,0,3,26,0,29,0,6,85,0,91,0,9,111,0,120,150,0,150,270
10/31/2003,AHN,GA,ASO,ES,Federal Contract Tower,0,5,33,0,38,0,2,83,0,85,0,7,116,0,123,86,0,86,209
11/01/2003,AHN,GA,ASO,ES,Federal Contract Tower,0,1,45,2,48,0,0,96,5,101,0,1,141,7,149,132,8,140,289
11/02/2003,AHN,GA,ASO,ES,Federal Contract Tower,0,7,62,0,69,0,0,95,0,95,0,7,157,0,164,140,0,140,304
11/03/2003,AHN,GA,ASO,ES,Federal Contract Tower,0,2,21,0,23,0,6,54,0,60,0,8,75,0,83,84,0,84,167
11/04/2003,AHN,GA,ASO,ES,Federal Contract Tower,0,4,40,0,44,0,0,19,0,19,0,4,59,0,63,82,0,82,145
11/05/2003,AHN,GA,ASO,ES,Federal Contract Tower,0,3,27,0,30,0,3,31,0,34,0,6,58,0,64,32,0,32,96
11/06/2003,AHN,GA,ASO,ES,Federal Contract Tower,0,4,34,2,40,0,0,33,2,35,0,4,67,4,75,62,0,62,137
11/07/2003,AHN,GA,ASO,ES,Federal Contract Tower,0,8,57,3,68,0,1,53,3,57,0,9,110,6,125,144,0,144,269
11/08/2003,AHN,GA,ASO,ES,Federal Contract Tower,0,4,39,3,46,0,0,16,3,19,0,4,55,6,65,82,12,94,159
11/09/2003,AHN,GA,ASO,ES,Federal Contract Tower,0,4,31,2,37,0,0,47,3,50,0,4,78,5,87,58,2,60,147
11/10/2003,AHN,GA,ASO,ES,Federal Contract Tower,0,4,31,2,37,0,1,30,3,34,0,5,61,5,71,106,0,106,177
11/11/2003,AHN,GA,ASO,ES,Federal Contract Tower,0,4,34,2,40,0,5,73,1,79,0,9,107,3,119,96,2,98,217
11/12/2003,AHN,GA,ASO,ES,Federal Contract Tower,0,6,60,4,70,0,0,69,2,71,0,6,129,6,141,240,12,252,393
11/13/2003,AHN,GA,ASO,ES,Federal Contract Tower,0,6,45,0,51,0,2,25,0,27,0,8,70,0,78,46,0,46,124
11/14/2003,AHN,GA,ASO,ES,Federal Contract Tower,0,5,46,3,54,0,0,59,2,61,0,5,105,5,115,132,50,182,297
11/15/2003,AHN,GA,ASO,ES,Federal Contract Tower,0,6,100,5,111,0,0,112,3,115,0,6,212,8,226,494,0,494,720
11/16/2003,AHN,GA,ASO,ES,Federal Contract Tower,0,4,63,2,69,0,0,38,0,38,0,4,101,2,107,24,0,24,131
11/17/2003,AHN,GA,ASO,ES,Federal Contract Tower,0,6,47,2,55,0,11,29,3,43,0,17,76,5,98,108,10,118,216
11/18/2003,AHN,GA,ASO,ES,Federal Contract Tower,0,2,29,1,32,0,0,2,8,10,0,2,31,9,42,40,4,44,86
11/19/2003,AHN,GA,ASO,ES,Federal Contract Tower,0,5,37,0,42,0,1,11,0,12,0,6,48,0,54,12,0,12,66
11/20/2003,AHN,GA,ASO,ES,Federal Contract Tower,0,5,44,2,51,0,2,81,1,84,0,7,125,3,135,192,0,192,327
11/21/2003,AHN,GA,ASO,ES,Federal Contract Tower,0,6,48,2,56,0,1,101,11,113,0,7,149,13,169,86,16,102,271
11/22/2003,AHN,GA,ASO,ES,Federal Contract Tower,0,1,74,3,78,0,0,106,5,111,0,1,180,8,189,246,20,266,455
11/23/2003,AHN,GA,ASO,ES,Federal Contract Tower,0,4,30,0,34,0,0,86,0,86,0,4,116,0,120,136,0,136,256
11/24/2003,AHN,GA,ASO,ES,Federal Contract Tower,0,5,36,1,42,0,0,18,1,19,0,5,54,2,61,46,4,50,111
11/25/2003,AHN,GA,ASO,ES,Federal Contract Tower,0,6,56,2,64,0,0,61,4,65,0,6,117,6,129,182,0,182,311
11/26/2003,AHN,GA,ASO,ES,Federal Contract Tower,0,6,52,0,58,0,0,58,0,58,0,6,110,0,116,12,0,12,128
11/27/2003,AHN,GA,ASO,ES,Federal Contract Tower,0,2,10,0,12,0,3,0,1,4,0,5,10,1,16,6,2,8,24
11/28/2003,AHN,GA,ASO,ES,Federal Contract Tower,0,2,23,0,25,0,3,2,0,5,0,5,25,0,30,2,0,2,32
11/29/2003,AHN,GA,ASO,ES,Federal Contract Tower,0,3,31,0,34,0,0,65,0,65,0,3,96,0,99,68,0,68,167
11/30/2003,AHN,GA,ASO,ES,Federal Contract Tower,0,3,55,0,58,0,0,76,0,76,0,3,131,0,134,32,0,32,166
12/01/2003,AHN,GA,ASO,ES,Federal Contract Tower,0,2,19,2,23,0,2,29,0,31,0,4,48,2,54,148,0,148,202
12/02/2003,AHN,GA,ASO,ES,Federal Contract Tower,0,3,16,2,21,0,7,50,0,57,0,10,66,2,78,82,0,82,160
12/03/2003,AHN,GA,ASO,ES,Federal Contract Tower,0,7,35,0,42,0,1,47,0,48,0,8,82,0,90,36,0,36,126
12/04/2003,AHN,GA,ASO,ES,Federal Contract Tower,0,3,10,0,13,0,7,0,0,7,0,10,10,0,20,0,0,0,20
12/05/2003,AHN,GA,ASO,ES,Federal Contract Tower,0,8,47,4,59,0,2,6,8,16,0,10,53,12,75,26,20,46,121
12/06/2003,AHN,GA,ASO,ES,Federal Contract Tower,0,1,51,4,56,0,0,51,1,52,0,1,102,5,108,226,14,240,348
12/07/2003,AHN,GA,ASO,ES,Federal Contract Tower,0,3,54,4,61,0,0,106,5,111,0,3,160,9,172,250,0,250,422
12/08/2003,AHN,GA,ASO,ES,Federal Contract Tower,0,5,27,1,33,0,0,86,0,86,0,5,113,1,119,116,0,116,235
12/09/2003,AHN,GA,ASO,ES,Federal Contract Tower,0,5,27,0,32,0,0,83,0,83,0,5,110,0,115,96,0,96,211
12/10/2003,AHN,GA,ASO,ES,Federal Contract Tower,0,3,13,0,16,0,1,3,0,4,0,4,16,0,20,6,0,6,26
12/11/2003,AHN,GA,ASO,ES,Federal Contract Tower,0,10,52,2,64,0,6,42,0,48,0,16,94,2,112,160,4,164,276
12/12/2003,AHN,GA,ASO,ES,Federal Contract Tower,0,5,30,2,37,0,0,64,13,77,0,5,94,15,114,74,18,92,206
12/13/2003,AHN,GA,ASO,ES,Federal Contract Tower,0,3,16,0,19,0,0,20,0,20,0,3,36,0,39,26,0,26,65
12/14/2003,AHN,GA,ASO,ES,Federal Contract Tower,0,3,23,0,26,0,0,11,0,11,0,3,34,0,37,26,0,26,63
12/15/2003,AHN,GA,ASO,ES,Federal Contract Tower,0,4,25,2,31,0,0,91,0,91,0,4,116,2,122,114,10,124,246
12/16/2003,AHN,GA,ASO,ES,Federal Contract Tower,0,4,21,2,27,0,2,38,0,40,0,6,59,2,67,42,8,50,117
12/17/2003,AHN,GA,ASO,ES,Federal Contract Tower,0,7,39,3,49,0,4,9,1,14,0,11,48,4,63,62,0,62,125
12/18/2003,AHN,GA,ASO,ES,Federal Contract Tower,0,7,48,3,58,0,0,47,6,53,0,7,95,9,111,276,0,276,387
12/19/2003,AHN,GA,ASO,ES,Federal Contract Tower,0,6,28,1,35,0,0,41,11,52,0,6,69,12,87,44,10,54,141
12/20/2003,AHN,GA,ASO,ES,Federal Contract Tower,0,1,28,1,30,0,0,69,2,71,0,1,97,3,101,126,4,130,231
12/21/2003,AHN,GA,ASO,ES,Federal Contract Tower,0,3,28,1,32,0,0,107,3,110,0,3,135,4,142,46,4,50,192
12/22/2003,AHN,GA,ASO,ES,Federal Contract Tower,0,5,28,0,33,0,1,63,0,64,0,6,91,0,97,104,0,104,201
12/23/2003,AHN,GA,ASO,ES,Federal Contract Tower,0,6,36,2,44,0,0,48,2,50,0,6,84,4,94,174,4,178,272
12/24/2003,AHN,GA,ASO,ES,Federal Contract Tower,0,1,8,0,9,0,5,19,0,24,0,6,27,0,33,8,0,8,41
12/25/2003,AHN,GA,ASO,ES,Federal Contract Tower,0,3,18,0,21,0,1,19,0,20,0,4,37,0,41,0,0,0,41
12/26/2003,AHN,GA,ASO,ES,Federal Contract Tower,0,7,39,0,46,0,1,82,0,83,0,8,121,0,129,70,0,70,199
12/27/2003,AHN,GA,ASO,ES,Federal Contract Tower,0,5,28,0,33,0,1,60,0,61,0,6,88,0,94,104,0,104,198
12/28/2003,AHN,GA,ASO,ES,Federal Contract Tower,0,5,48,0,53,0,0,82,0,82,0,5,130,0,135,176,0,176,311
12/29/2003,AHN,GA,ASO,ES,Federal Contract Tower,0,5,46,0,51,0,0,73,0,73,0,5,119,0,124,349,0,349,473
12/30/2003,AHN,GA,ASO,ES,Federal Contract Tower,0,4,51,0,55,0,0,85,0,85,0,4,136,0,140,396,0,396,536
12/31/2003,AHN,GA,ASO,ES,Federal Contract Tower,0,6,31,1,38,0,2,93,3,98,0,8,124,4,136,56,0,56,192
01/01/2004,AHN,GA,ASO,ES,Federal Contract Tower,0,3,21,0,24,0,3,22,0,25,0,6,43,0,49,8,0,8,57
01/02/2004,AHN,GA,ASO,ES,Federal Contract Tower,0,4,43,0,47,0,0,39,0,39,0,4,82,0,86,102,0,102,188
01/03/2004,AHN,GA,ASO,ES,Federal Contract Tower,0,3,34,0,37,0,0,19,0,19,0,3,53,0,56,12,0,12,68
01/04/2004,AHN,GA,ASO,ES,Federal Contract Tower,0,3,32,0,35,0,0,43,0,43,0,3,75,0,78,74,0,74,152
01/05/2004,AHN,GA,ASO,ES,Federal Contract Tower,0,2,10,0,12,0,2,0,0,2,0,4,10,0,14,4,0,4,18
01/06/2004,AHN,GA,ASO,ES,Federal Contract Tower,1,5,29,1,36,0,2,31,1,34,1,7,60,2,70,66,0,66,136
01/07/2004,AHN,GA,ASO,ES,Federal Contract Tower,0,9,53,3,65,0,1,30,6,37,0,10,83,9,102,110,10,120,222
01/08/2004,AHN,GA,ASO,ES,Federal Contract Tower,0,4,24,2,30,0,3,61,2,66,0,7,85,4,96,80,4,84,180
01/09/2004,AHN,GA,ASO,ES,Federal Contract Tower,0,4,25,2,31,0,2,0,0,2,0,6,25,2,33,0,0,0,33
01/10/2004,AHN,GA,ASO,ES,Federal Contract Tower,0,3,16,1,20,0,2,11,0,13,0,5,27,1,33,50,0,50,83
01/11/2004,AHN,GA,ASO,ES,Federal Contract Tower,0,7,39,1,47,0,0,82,0,82,0,7,121,1,129,120,0,120,249
01/12/2004,AHN,GA,ASO,ES,Federal Contract Tower,0,3,16,1,20,0,1,56,4,61,0,4,72,5,81,25,4,29,110
01/13/2004,AHN,GA,ASO,ES,Federal Contract Tower,0,7,38,2,47,0,1,55,0,56,0,8,93,2,103,52,2,54,157
01/14/2004,AHN,GA,ASO,ES,Federal Contract Tower,0,6,48,2,56,0,0,48,0,48,0,6,96,2,104,288,4,292,396
01/15/2004,AHN,GA,ASO,ES,Federal Contract Tower,0,6,35,2,43,0,3,24,4,31,0,9,59,6,74,172,10,182,256
01/16/2004,AHN,GA,ASO,ES,Federal Contract Tower,0,6,42,2,50,2,0,102,0,104,2,6,144,2,154,160,0,160,314
01/17/2004,AHN,GA,ASO,ES,Federal Contract Tower,0,6,32,0,38,0,4,32,0,36,0,10,64,0,74,70,0,70,144
01/18/2004,AHN,GA,ASO,ES,Federal Contract Tower,0,5,26,0,31,0,1,12,0,13,0,6,38,0,44,12,0,12,56
01/19/2004,AHN,GA,ASO,ES,Federal Contract Tower,0,7,48,0,55,0,0,76,0,76,0,7,124,0,131,260,0,260,391
01/20/2004,AHN,GA,ASO,ES,Federal Contract Tower,0,9,52,0,61,0,1,56,0,57,0,10,108,0,118,228,0,228,346
01/21/2004,AHN,GA,ASO,ES,Federal Contract Tower,0,6,31,0,37,0,2,67,0,69,0,8,98,0,106,100,0,100,206
01/22/2004,AHN,GA,ASO,ES,Federal Contract Tower,0,8,46,1,55,0,0,36,2,38,0,8,82,3,93,54,0,54,147
01/23/2004,AHN,GA,ASO,ES,Federal Contract Tower,0,5,45,1,51,2,0,72,9,83,2,5,117,10,134,52,8,60,194
01/24/2004,AHN,GA,ASO,ES,Federal Contract Tower,0,6,54,2,62,0,0,54,23,77,0,6,108,25,139,146,26,172,311
01/25/2004,AHN,GA,ASO,ES,Federal Contract Tower,0,1,7,0,8,0,0,0,1,1,0,1,7,1,9,0,0,0,9
01/26/2004,AHN,GA,ASO,ES,Federal Contract Tower,0,1,4,0,5,0,4,0,0,4,0,5,4,0,9,0,0,0,9
01/27/2004,AHN,GA,ASO,ES,Federal Contract Tower,0,3,16,0,19,0,1,0,6,7,0,4,16,6,26,4,0,4,30
01/28/2004,AHN,GA,ASO,ES,Federal Contract Tower,0,4,27,1,32,0,2,43,5,50,0,6,70,6,82,24,0,24,106
01/29/2004,AHN,GA,ASO,ES,Federal Contract Tower,0,4,27,0,31,1,0,61,0,62,1,4,88,0,93,84,0,84,177
01/30/2004,AHN,GA,ASO,ES,Federal Contract Tower,0,7,50,0,57,0,0,79,0,79,0,7,129,0,136,236,0,236,372
01/31/2004,AHN,GA,ASO,ES,Federal Contract Tower,0,4,59,2,65,0,0,104,22,126,0,4,163,24,191,240,20,260,451
02/01/2004,AHN,GA,ASO,ES,Federal Contract Tower,0,3,44,1,48,0,0,51,12,63,0,3,95,13,111,242,12,254,365
02/02/2004,AHN,GA,ASO,ES,Federal Contract Tower,0,1,8,0,9,0,6,0,0,6,0,7,8,0,15,0,0,0,15
02/03/2004,AHN,GA,ASO,ES,Federal Contract Tower,0,3,32,0,35,0,0,29,2,31,0,3,61,2,66,56,6,62,128
02/04/2004,AHN,GA,ASO,ES,Federal Contract Tower,0,4,38,0,42,0,6,63,0,69,0,10,101,0,111,254,0,254,365
02/05/2004,AHN,GA,ASO,ES,Federal Contract Tower,0,5,36,0,41,0,2,0,0,2,0,7,36,0,43,4,0,4,47
02/06/2004,AHN,GA,ASO,ES,Federal Contract Tower,0,3,18,0,21,0,5,0,0,5,0,8,18,0,26,0,0,0,26
02/07/2004,AHN,GA,ASO,ES,Federal Contract Tower,0,3,20,0,23,0,0,21,0,21,0,3,41,0,44,54,0,54,98
02/08/2004,AHN,GA,ASO,ES,Federal Contract Tower,0,3,36,2,41,0,0,120,0,120,0,3,156,2,161,172,0,172,333
02/09/2004,AHN,GA,ASO,ES,Federal Contract Tower,0,4,24,0,28,0,0,27,0,27,0,4,51,0,55,76,0,76,131
02/10/2004,AHN,GA,ASO,ES,Federal Contract Tower,0,5,36,1,42,0,3,2,1,6,0,8,38,2,48,16,0,16,64
02/11/2004,AHN,GA,ASO,ES,Federal Contract Tower,0,5,36,1,42,0,1,30,13,44,0,6,66,14,86,62,18,80,166
02/12/2004,AHN,GA,ASO,ES,Federal Contract Tower,0,4,42,0,46,0,0,4,0,4,0,4,46,0,50,6,0,6,56
02/13/2004,AHN,GA,ASO,ES,Federal Contract Tower,0,2,51,2,55,1,0,71,0,72,1,2,122,2,127,134,2,136,263
02/14/2004,AHN,GA,ASO,ES,Federal Contract Tower,0,4,37,0,41,1,0,2,0,3,1,4,39,0,44,14,0,14,58
02/15/2004,AHN,GA,ASO,ES,Federal Contract Tower,0,1,21,1,23,0,0,21,0,21,0,1,42,1,44,36,2,38,82
02/16/2004,AHN,GA,ASO,ES,Federal Contract Tower,0,4,32,0,36,0,0,31,0,31,0,4,63,0,67,90,0,90,157
02/17/2004,AHN,GA,ASO,ES,Federal Contract Tower,0,4,26,0,30,0,0,20,0,20,0,4,46,0,50,28,0,28,78
02/18/2004,AHN,GA,ASO,ES,Federal Contract Tower,0,6,85,0,91,0,0,109,0,109,0,6,194,0,200,432,0,432,632
02/19/2004,AHN,GA,ASO,ES,Federal Contract Tower,0,10,64,2,76,0,1,115,2,118,0,11,179,4,194,220,0,220,414
02/20/2004,AHN,GA,ASO,ES,Federal Contract Tower,0,6,41,2,49,0,0,75,12,87,0,6,116,14,136,52,0,52,188
02/21/2004,AHN,GA,ASO,ES,Federal Contract Tower,0,4,28,0,32,0,5,54,0,59,0,9,82,0,91,68,0,68,159
02/22/2004,AHN,GA,ASO,ES,Federal Contract Tower,0,4,79,0,83,0,0,135,0,135,0,4,214,0,218,280,0,280,498
02/23/2004,AHN,GA,ASO,ES,Federal Contract Tower,0,3,31,0,34,0,0,24,2,26,0,3,55,2,60,20,0,20,80
02/24/2004,AHN,GA,ASO,ES,Federal Contract Tower,0,4,26,0,30,0,5,0,2,7,0,9,26,2,37,34,0,34,71
02/25/2004,AHN,GA,ASO,ES,Federal Contract Tower,0,3,20,0,23,1,5,0,4,10,1,8,20,4,33,0,0,0,33
02/26/2004,AHN,GA,ASO,ES,Federal Contract Tower,0,1,12,0,13,0,0,0,0,0,0,1,12,0,13,0,2,2,15
02/27/2004,AHN,GA,ASO,ES,Federal Contract Tower,0,4,27,0,31,0,1,30,0,31,0,5,57,0,62,66,0,66,128
02/28/2004,AHN,GA,ASO,ES,Federal Contract Tower,0,1,33,0,34,1,0,133,8,142,1,1,166,8,176,166,0,166,342
02/29/2004,AHN,GA,ASO,ES,Federal Contract Tower,0,5,52,0,57,1,0,114,0,115,1,5,166,0,172,298,0,298,470
03/01/2004,AHN,GA,ASO,ES,Federal Contract Tower,0,2,22,0,24,0,2,41,0,43,0,4,63,0,67,32,0,32,99
03/02/2004,AHN,GA,ASO,ES,Federal Contract Tower,0,3,22,0,25,0,4,29,0,33,0,7,51,0,58,70,0,70,128
03/03/2004,AHN,GA,ASO,ES,Federal Contract Tower,0,7,48,2,57,0,4,64,0,68,0,11,112,2,125,120,0,120,245
03/04/2004,AHN,GA,ASO,ES,Federal Contract Tower,0,4,29,3,36,0,6,102,4,112,0,10,131,7,148,166,8,174,322
03/05/2004,AHN,GA,ASO,ES,Federal Contract Tower,0,5,38,4,47,1,0,35,2,38,1,5,73,6,85,84,2,86,171
03/06/2004,AHN,GA,ASO,ES,Federal Contract Tower,0,2,26,0,28,0,0,32,0,32,0,2,58,0,60,82,0,82,142
03/07/2004,AHN,GA,ASO,ES,Federal Contract Tower,0,3,27,0,30,0,3,41,0,44,0,6,68,0,74,20,0,20,94
03/08/2004,AHN,GA,ASO,ES,Federal Contract Tower,0,1,13,0,14,0,3,33,0,36,0,4,46,0,50,4,0,4,54
03/09/2004,AHN,GA,ASO,ES,Federal Contract Tower,0,1,14,2,17,0,2,36,0,38,0,3,50,2,55,48,0,48,103
03/10/2004,AHN,GA,ASO,ES,Federal Contract Tower,0,6,46,0,52,0,1,94,0,95,0,7,140,0,147,104,0,104,251
03/11/2004,AHN,GA,ASO,ES,Federal Contract Tower,0,4,33,3,40,0,5,54,9,68,0,9,87,12,108,84,0,84,192
03/12/2004,AHN,GA,ASO,ES,Federal Contract Tower,0,5,37,3,45,0,0,95,21,116,0,5,132,24,161,190,48,238,399
03/13/2004,AHN,GA,ASO,ES,Federal Contract Tower,0,1,37,0,38,0,0,93,0,93,0,1,130,0,131,144,0,144,275
03/14/2004,AHN,GA,ASO,ES,Federal Contract Tower,0,1,50,4,55,0,0,69,5,74,0,1,119,9,129,166,16,182,311
03/15/2004,AHN,GA,ASO,ES,Federal Contract Tower,0,4,38,4,46,0,0,22,2,24,0,4,60,6,70,70,0,70,140
03/16/2004,AHN,GA,ASO,ES,Federal Contract Tower,0,4,24,2,30,0,1,19,1,21,0,5,43,3,51,72,0,72,123
03/17/2004,AHN,GA,ASO,ES,Federal Contract Tower,0,8,86,6,100,1,0,72,6,79,1,8,158,12,179,218,18,236,415
03/18/2004,AHN,GA,ASO,ES,Federal Contract Tower,0,5,42,1,48,0,2,75,0,77,0,7,117,1,125,154,2,156,281
03/19/2004,AHN,GA,ASO,ES,Federal Contract Tower,0,5,66,5,76,0,0,97,10,107,0,5,163,15,183,130,16,146,329
03/20/2004,AHN,GA,ASO,ES,Federal Contract Tower,0,4,31,2,37,0,2,87,10,99,0,6,118,12,136,100,12,112,248
03/21/2004,AHN,GA,ASO,ES,Federal Contract Tower,0,3,53,4,60,0,0,49,4,53,0,3,102,8,113,48,0,48,161
03/22/2004,AHN,GA,ASO,ES,Federal Contract Tower,0,4,25,0,29,0,1,61,0,62,0,5,86,0,91,96,0,96,187
03/23/2004,AHN,GA,ASO,ES,Federal Contract Tower,0,3,27,2,32,0,3,82,2,87,0,6,109,4,119,162,10,172,291
03/24/2004,AHN,GA,ASO,ES,Federal Contract Tower,0,4,30,2,36,0,0,82,2,84,0,4,112,4,120,152,0,152,272
03/25/2004,AHN,GA,ASO,ES,Federal Contract Tower,0,5,43,3,51,0,0,116,5,121,0,5,159,8,172,104,0,104,276
03/26/2004,AHN,GA,ASO,ES,Federal Contract Tower,0,4,34,2,40,0,0,82,8,90,0,4,116,10,130,142,16,158,288
03/27/2004,AHN,GA,ASO,ES,Federal Contract Tower,0,1,35,0,36,0,0,149,0,149,0,1,184,0,185,196,0,196,381
03/28/2004,AHN,GA,ASO,ES,Federal Contract Tower,0,3,41,0,44,0,0,128,0,128,0,3,169,0,172,264,0,264,436
03/29/2004,AHN,GA,ASO,ES,Federal Contract Tower,0,3,20,0,23,0,1,53,0,54,0,4,73,0,77,96,0,96,173
03/30/2004,AHN,GA,ASO,ES,Federal Contract Tower,0,4,70,5,79,0,0,44,9,53,0,4,114,14,132,264,0,264,396
03/31/2004,AHN,GA,ASO,ES,Federal Contract Tower,0,6,57,0,63,0,0,65,0,65,0,6,122,0,128,116,0,116,244
04/01/2004,AHN,GA,ASO,ES,Federal Contract Tower,0,8,46,0,54,0,0,55,0,55,0,8,101,0,109,40,0,40,149
04/02/2004,AHN,GA,ASO,ES,Federal Contract Tower,0,10,62,5,77,0,5,13,1,19,0,15,75,6,96,64,0,64,160
04/03/2004,AHN,GA,ASO,ES,Federal Contract Tower,0,4,45,3,52,0,0,48,9,57,0,4,93,12,109,56,0,56,165
04/04/2004,AHN,GA,ASO,ES,Federal Contract Tower,0,3,48,2,53,0,0,57,0,57,0,3,105,2,110,46,0,46,156
04/05/2004,AHN,GA,ASO,ES,Federal Contract Tower,0,3,24,3,30,0,2,76,0,78,0,5,100,3,108,124,8,132,240
04/06/2004,AHN,GA,ASO,ES,Federal Contract Tower,0,4,24,3,31,0,0,78,0,78,0,4,102,3,109,116,0,116,225
04/07/2004,AHN,GA,ASO,ES,Federal Contract Tower,0,4,33,0,37,0,0,83,0,83,0,4,116,0,120,80,0,80,200
04/08/2004,AHN,GA,ASO,ES,Federal Contract Tower,0,4,22,0,26,0,2,69,0,71,0,6,91,0,97,70,0,70,167
04/09/2004,AHN,GA,ASO,ES,Federal Contract Tower,0,8,75,7,90,0,0,142,3,145,0,8,217,10,235,98,6,104,339
04/10/2004,AHN,GA,ASO,ES,Federal Contract Tower,0,3,24,2,29,0,0,66,0,66,0,3,90,2,95,30,0,30,125
04/11/2004,AHN,GA,ASO,ES,Federal Contract Tower,0,2,15,0,17,0,1,26,0,27,0,3,41,0,44,22,0,22,66
04/12/2004,AHN,GA,ASO,ES,Federal Contract Tower,0,4,34,0,38,0,0,5,0,5,0,4,39,0,43,2,0,2,45
04/13/2004,AHN,GA,ASO,ES,Federal Contract Tower,0,4,26,3,33,0,2,10,3,15,0,6,36,6,48,4,0,4,52
04/14/2004,AHN,GA,ASO,ES,Federal Contract Tower,0,5,60,6,71,0,0,56,5,61,0,5,116,11,132,128,22,150,282
04/15/2004,AHN,GA,ASO,ES,Federal Contract Tower,0,4,59,5,68,0,0,113,8,121,0,4,172,13,189,182,20,202,391
04/16/2004,AHN,GA,ASO,ES,Federal Contract Tower,0,11,68,4,83,0,2,116,0,118,0,13,184,4,201,208,0,208,409
04/17/2004,AHN,GA,ASO,ES,Federal Contract Tower,0,10,65,5,80,0,0,108,1,109,0,10,173,6,189,178,18,196,385
04/18/2004,AHN,GA,ASO,ES,Federal Contract Tower,0,5,45,3,53,0,0,114,3,117,0,5,159,6,170,70,8,78,248
04/19/2004,AHN,GA,ASO,ES,Federal Contract Tower,0,2,15,0,17,0,2,48,0,50,0,4,63,0,67,94,0,94,161
04/20/2004,AHN,GA,ASO,ES,Federal Contract Tower,0,6,42,0,48,0,6,51,0,57,0,12,93,0,105,76,0,76,181
04/21/2004,AHN,GA,ASO,ES,Federal Contract Tower,0,4,26,2,32,0,2,86,0,88,0,6,112,2,120,98,0,98,218
04/22/2004,AHN,GA,ASO,ES,Federal Contract Tower,0,5,32,2,39,0,4,103,0,107,0,9,135,2,146,114,6,120,266
04/23/2004,AHN,GA,ASO,ES,Federal Contract Tower,0,4,37,3,44,0,0,108,8,116,0,4,145,11,160,78,12,90,250
04/24/2004,AHN,GA,ASO,ES,Federal Contract Tower,0,2,29,0,31,0,0,95,0,95,0,2,124,0,126,82,0,82,208
04/25/2004,AHN,GA,ASO,ES,Federal Contract Tower,0,4,41,3,48,0,0,83,1,84,0,4,124,4,132,154,26,180,312
04/26/2004,AHN,GA,ASO,ES,Federal Contract Tower,0,1,13,0,14,0,3,2,0,5,0,4,15,0,19,10,0,10,29
04/27/2004,AHN,GA,ASO,ES,Federal Contract Tower,0,3,20,1,24,0,3,39,3,45,0,6,59,4,69,28,10,38,107
04/28/2004,AHN,GA,ASO,ES,Federal Contract Tower,0,6,50,4,60,0,0,79,4,83,0,6,129,8,143,176,20,196,339
04/29/2004,AHN,GA,ASO,ES,Federal Contract Tower,0,5,31,0,36,0,1,76,0,77,0,6,107,0,113,106,0,106,219
04/30/2004,AHN,GA,ASO,ES,Federal Contract Tower,0,8,48,3,59,0,3,11,1,15,0,11,59,4,74,14,0,14,88
05/01/2004,AHN,GA,ASO,ES,Federal Contract Tower,0,3,53,1,57,0,0,23,0,23,0,3,76,1,80,10,0,10,90
05/02/2004,AHN,GA,ASO,ES,Federal Contract Tower,0,4,27,0,31,0,0,6,0,6,0,4,33,0,37,0,0,0,37
05/03/2004,AHN,GA,ASO,ES,Federal Contract Tower,0,5,30,0,35,0,1,22,0,23,0,6,52,0,58,28,0,28,86
05/04/2004,AHN,GA,ASO,ES,Federal Contract Tower,0,9,54,2,65,0,5,63,0,68,0,14,117,2,133,214,0,214,347
05/05/2004,AHN,GA,ASO,ES,Federal Contract Tower,0,7,39,4,50,0,0,77,10,87,0,7,116,14,137,82,8,90,227
05/06/2004,AHN,GA,ASO,ES,Federal Contract Tower,0,7,39,4,50,0,1,106,0,107,0,8,145,4,157,94,0,94,251
05/07/2004,AHN,GA,ASO,ES,Federal Contract Tower,0,7,46,5,58,0,0,100,5,105,0,7,146,10,163,36,6,42,205
05/08/2004,AHN,GA,ASO,ES,Federal Contract Tower,0,2,26,0,28,0,0,61,0,61,0,2,87,0,89,36,0,36,125
05/09/2004,AHN,GA,ASO,ES,Federal Contract Tower,0,3,21,3,27,0,3,29,2,34,0,6,50,5,61,6,2,8,69
05/10/2004,AHN,GA,ASO,ES,Federal Contract Tower,0,4,29,2,35,0,0,62,0,62,0,4,91,2,97,106,4,110,207
05/11/2004,AHN,GA,ASO,ES,Federal Contract Tower,0,5,40,5,50,0,0,93,23,116,0,5,133,28,166,134,24,158,324
05/12/2004,AHN,GA,ASO,ES,Federal Contract Tower,0,8,56,6,70,0,0,35,4,39,0,8,91,10,109,186,24,210,319
05/13/2004,AHN,GA,ASO,ES,Federal Contract Tower,0,6,35,0,41,0,6,22,0,28,0,12,57,0,69,38,0,38,107
05/14/2004,AHN,GA,ASO,ES,Federal Contract Tower,0,5,30,0,35,0,6,42,0,48,0,11,72,0,83,48,0,48,131
05/15/2004,AHN,GA,ASO,ES,Federal Contract Tower,0,2,30,3,35,0,0,46,1,47,0,2,76,4,82,66,12,78,160
05/16/2004,AHN,GA,ASO,ES,Federal Contract Tower,0,6,35,4,45,0,1,36,0,37,0,7,71,4,82,46,4,50,132
05/17/2004,AHN,GA,ASO,ES,Federal Contract Tower,0,6,40,5,51,0,0,68,1,69,0,6,108,6,120,24,12,36,156
05/18/2004,AHN,GA,ASO,ES,Federal Contract Tower,0,3,18,2,23,0,6,27,2,35,0,9,45,4,58,38,0,38,96
05/19/2004,AHN,GA,ASO,ES,Federal Contract Tower,0,5,29,0,34,0,4,69,0,73,0,9,98,0,107,70,0,70,177
05/20/2004,AHN,GA,ASO,ES,Federal Contract Tower,0,5,48,4,57,0,0,62,0,62,0,5,110,4,119,143,0,143,262
05/21/2004,AHN,GA,ASO,ES,Federal Contract Tower,0,4,60,5,69,0,0,72,7,79,0,4,132,12,148,196,32,228,376
05/22/2004,AHN,GA,ASO,ES,Federal Contract Tower,0,1,28,2,31,0,0,46,6,52,0,1,74,8,83,106,28,134,217
05/23/2004,AHN,GA,ASO,ES,Federal Contract Tower,0,6,42,4,52,0,0,49,8,57,0,6,91,12,109,192,24,216,325
05/24/2004,AHN,GA,ASO,ES,Federal Contract Tower,0,7,38,3,48,0,4,79,13,96,0,11,117,16,144,122,0,122,266
05/25/2004,AHN,GA,ASO,ES,Federal Contract Tower,0,5,28,0,33,0,1,59,0,60,0,6,87,0,93,72,0,72,165
05/26/2004,AHN,GA,ASO,ES,Federal Contract Tower,0,2,15,1,18,0,8,58,3,69,0,10,73,4,87,74,0,74,161
05/27/2004,AHN,GA,ASO,ES,Federal Contract Tower,0,4,23,2,29,0,4,55,2,61,0,8,78,4,90,42,0,42,132
05/28/2004,AHN,GA,ASO,ES,Federal Contract Tower,0,8,51,2,61,0,0,116,0,116,0,8,167,2,177,130,0,130,307
05/29/2004,AHN,GA,ASO,ES,Federal Contract Tower,0,1,50,0,51,0,0,61,0,61,0,1,111,0,112,72,0,72,184
05/30/2004,AHN,GA,ASO,ES,Federal Contract Tower,0,2,18,1,21,0,0,40,2,42,0,2,58,3,63,30,0,30,93
05/31/2004,AHN,GA,ASO,ES,Federal Contract Tower,0,3,19,0,22,0,6,3,0,9,0,9,22,0,31,16,0,16,47
06/01/2004,AHN,GA,ASO,ES,Federal Contract Tower,0,2,16,0,18,0,5,30,0,35,0,7,46,0,53,64,0,64,117
06/02/2004,AHN,GA,ASO,ES,Federal Contract Tower,0,1,20,1,22,0,7,34,0,41,0,8,54,1,63,50,0,50,113
06/03/2004,AHN,GA,ASO,ES,Federal Contract Tower,0,4,30,0,34,0,3,75,0,78,0,7,105,0,112,40,0,40,152
06/04/2004,AHN,GA,ASO,ES,Federal Contract Tower,0,5,30,2,37,0,4,96,3,103,0,9,126,5,140,96,18,114,254
06/05/2004,AHN,GA,ASO,ES,Federal Contract Tower,0,3,29,2,34,0,0,106,0,106,0,3,135,2,140,96,0,96,236
06/06/2004,AHN,GA,ASO,ES,Federal Contract Tower,0,3,34,3,40,0,0,43,13,56,0,3,77,16,96,36,10,46,142
06/07/2004,AHN,GA,ASO,ES,Federal Contract Tower,0,3,40,0,43,0,0,25,0,25,0,3,65,0,68,84,0,84,152
06/08/2004,AHN,GA,ASO,ES,Federal Contract Tower,0,3,44,0,47,0,0,12,0,12,0,3,56,0,59,36,0,36,95
06/09/2004,AHN,GA,ASO,ES,Federal Contract Tower,0,4,33,0,37,0,6,6,0,12,0,10,39,0,49,62,0,62,111
06/10/2004,AHN,GA,ASO,ES,Federal Contract Tower,0,2,22,0,24,0,0,60,0,60,0,2,82,0,84,120,0,120,204
06/11/2004,AHN,GA,ASO,ES,Federal Contract Tower,0,3,33,3,39,0,0,40,9,49,0,3,73,12,88,68,0,68,156
06/12/2004,AHN,GA,ASO,ES,Federal Contract Tower,0,3,29,0,32,0,0,50,0,50,0,3,79,0,82,100,0,100,182
06/13/2004,AHN,GA,ASO,ES,Federal Contract Tower,0,1,14,1,16,0,0,9,3,12,0,1,23,4,28,6,40,46,74
06/14/2004,AHN,GA,ASO,ES,Federal Contract Tower,0,2,14,0,16,0,0,7,0,7,0,2,21,0,23,2,0,2,25
06/15/2004,AHN,GA,ASO,ES,Federal Contract Tower,0,4,25,0,29,0,0,30,0,30,0,4,55,0,59,10,0,10,69
06/16/2004,AHN,GA,ASO,ES,Federal Contract Tower,0,2,29,0,31,0,0,34,0,34,0,2,63,0,65,62,0,62,127
06/17/2004,AHN,GA,ASO,ES,Federal Contract Tower,0,3,38,3,44,0,0,44,10,54,0,3,82,13,98,48,18,66,164
06/18/2004,AHN,GA,ASO,ES,Federal Contract Tower,0,3,23,2,28,0,2,42,1,45,0,5,65,3,73,160,0,160,233
06/19/2004,AHN,GA,ASO,ES,Federal Contract Tower,0,4,27,0,31,0,2,61,0,63,0,6,88,0,94,82,0,82,176
06/20/2004,AHN,GA,ASO,ES,Federal Contract Tower,0,4,30,0,34,0,0,44,0,44,0,4,74,0,78,14,0,14,92
06/21/2004,AHN,GA,ASO,ES,Federal Contract Tower,0,1,9,0,10,0,2,2,0,4,0,3,11,0,14,0,0,0,14
06/22/2004,AHN,GA,ASO,ES,Federal Contract Tower,0,2,20,1,23,0,2,47,2,51,0,4,67,3,74,44,0,44,118
06/23/2004,AHN,GA,ASO,ES,Federal Contract Tower,0,2,27,1,30,0,0,25,3,28,0,2,52,4,58,18,0,18,76
06/24/2004,AHN,GA,ASO,ES,Federal Contract Tower,0,5,30,1,36,0,0,40,13,53,0,5,70,14,89,118,0,118,207
06/25/2004,AHN,GA,ASO,ES,Federal Contract Tower,0,5,40,2,47,0,1,35,0,36,0,6,75,2,83,162,0,162,245
06/26/2004,AHN,GA,ASO,ES,Federal Contract Tower,0,2,30,1,33,0,0,80,3,83,0,2,110,4,116,114,0,114,230
06/27/2004,AHN,GA,ASO,ES,Federal Contract Tower,0,1,38,2,41,0,0,16,2,18,0,1,54,4,59,16,2,18,77
06/28/2004,AHN,GA,ASO,ES,Federal Contract Tower,0,2,18,1,21,0,1,10,1,12,0,3,28,2,33,42,0,42,75
06/29/2004,AHN,GA,ASO,ES,Federal Contract Tower,0,3,57,3,63,0,0,101,4,105,0,3,158,7,168,228,14,242,410
06/30/2004,AHN,GA,ASO,ES,Federal Contract Tower,0,2,27,0,29,0,0,27,0,27,0,2,54,0,56,68,0,68,124
07/01/2004,AHN,GA,ASO,ES,Federal Contract Tower,0,3,34,0,37,0,0,30,0,30,0,3,64,0,67,12,0,12,79
07/02/2004,AHN,GA,ASO,ES,Federal Contract Tower,0,3,43,0,46,0,0,42,0,42,0,3,85,0,88,74,0,74,162
07/03/2004,AHN,GA,ASO,ES,Federal Contract Tower,0,1,33,0,34,0,0,22,0,22,0,1,55,0,56,42,0,42,98
07/04/2004,AHN,GA,ASO,ES,Federal Contract Tower,0,1,14,0,15,0,1,20,0,21,0,2,34,0,36,10,0,10,46
07/05/2004,AHN,GA,ASO,ES,Federal Contract Tower,0,4,32,2,38,0,5,59,14,78,0,9,91,16,116,126,12,138,254
07/06/2004,AHN,GA,ASO,ES,Federal Contract Tower,0,2,29,0,31,0,0,77,0,77,0,2,106,0,108,198,0,198,306
07/07/2004,AHN,GA,ASO,ES,Federal Contract Tower,0,2,17,0,19,0,0,69,0,69,0,2,86,0,88,134,0,134,222
07/08/2004,AHN,GA,ASO,ES,Federal Contract Tower,0,2,13,1,16,0,3,82,1,86,0,5,95,2,102,120,4,124,226
07/09/2004,AHN,GA,ASO,ES,Federal Contract Tower,0,3,24,2,29,0,1,86,0,87,0,4,110,2,116,124,0,124,240
07/10/2004,AHN,GA,ASO,ES,Federal Contract Tower,0,0,19,1,20,1,0,62,7,70,1,0,81,8,90,108,0,108,198
07/11/2004,AHN,GA,ASO,ES,Federal Contract Tower,0,1,41,3,45,0,0,50,20,70,0,1,91,23,115,94,32,126,241
07/12/2004,AHN,GA,ASO,ES,Federal Contract Tower,0,2,16,0,18,0,2,50,0,52,0,4,66,0,70,62,0,62,132
07/13/2004,AHN,GA,ASO,ES,Federal Contract Tower,0,3,24,2,29,0,8,71,0,79,0,11,95,2,108,100,0,100,208
07/14/2004,AHN,GA,ASO,ES,Federal Contract Tower,0,0,17,0,17,0,0,50,0,50,0,0,67,0,67,34,0,34,101
07/15/2004,AHN,GA,ASO,ES,Federal Contract Tower,0,3,27,2,32,0,1,56,0,57,0,4,83,2,89,36,0,36,125
07/16/2004,AHN,GA,ASO,ES,Federal Contract Tower,0,3,32,2,37,0,0,80,0,80,0,3,112,2,117,146,0,146,263
07/17/2004,AHN,GA,ASO,ES,Federal Contract Tower,0,2,21,0,23,0,2,49,0,51,0,4,70,0,74,88,0,88,162
07/18/2004,AHN,GA,ASO,ES,Federal Contract Tower,0,3,33,0,36,0,0,59,0,59,0,3,92,0,95,222,0,222,317
07/19/2004,AHN,GA,ASO,ES,Federal Contract Tower,0,2,33,1,36,0,0,88,13,101,0,2,121,14,137,84,0,84,221
07/20/2004,AHN,GA,ASO,ES,Federal Contract Tower,0,2,19,0,21,0,0,52,4,56,0,2,71,4,77,72,0,72,149
07/21/2004,AHN,GA,ASO,ES,Federal Contract Tower,0,2,22,1,25,0,2,76,7,85,0,4,98,8,110,58,0,58,168
07/22/2004,AHN,GA,ASO,ES,Federal Contract Tower,0,3,18,0,21,0,1,23,2,26,0,4,41,2,47,16,0,16,63
07/23/2004,AHN,GA,ASO,ES,Federal Contract Tower,0,5,50,0,55,0,0,43,0,43,0,5,93,0,98,158,0,158,256
07/24/2004,AHN,GA,ASO,ES,Federal Contract Tower,0,2,37,1,40,0,0,85,5,90,0,2,122,6,130,150,18,168,298
07/25/2004,AHN,GA,ASO,ES,Federal Contract Tower,0,1,38,1,40,0,0,29,1,30,0,1,67,2,70,94,0,94,164
07/26/2004,AHN,GA,ASO,ES,Federal Contract Tower,0,4,32,1,37,0,2,25,1,28,0,6,57,2,65,130,0,130,195
07/27/2004,AHN,GA,ASO,ES,Federal Contract Tower,0,5,44,0,49,0,4,33,0,37,0,9,77,0,86,104,0,104,190
07/28/2004,AHN,GA,ASO,ES,Federal Contract Tower,0,5,54,0,59,0,0,49,0,49,0,5,103,0,108,206,0,206,314
07/29/2004,AHN,GA,ASO,ES,Federal Contract Tower,0,4,41,1,46,0,0,17,5,22,0,4,58,6,68,6,0,6,74
07/30/2004,AHN,GA,ASO,ES,Federal Contract Tower,0,5,39,1,45,0,3,24,1,28,0,8,63,2,73,44,0,44,117
07/31/2004,AHN,GA,ASO,ES,Federal Contract Tower,0,3,30,1,34,0,1,53,4,58,0,4,83,5,92,54,10,64,156
08/01/2004,AHN,GA,ASO,ES,Federal Contract Tower,0,1,29,0,30,0,0,42,0,42,0,1,71,0,72,68,0,68,140
08/02/2004,AHN,GA,ASO,ES,Federal Contract Tower,0,2,36,0,38,0,0,42,0,42,0,2,78,0,80,132,0,132,212
08/03/2004,AHN,GA,ASO,ES,Federal Contract Tower,0,1,15,0,16,0,4,45,0,49,0,5,60,0,65,154,0,154,219
08/04/2004,AHN,GA,ASO,ES,Federal Contract Tower,0,2,46,0,48,0,0,88,0,88,0,2,134,0,136,224,0,224,360
08/05/2004,AHN,GA,ASO,ES,Federal Contract Tower,0,2,23,1,26,0,0,24,4,28,0,2,47,5,54,48,18,66,120
08/06/2004,AHN,GA,ASO,ES,Federal Contract Tower,0,2,30,2,34,0,1,84,3,88,0,3,114,5,122,64,0,64,186
08/07/2004,AHN,GA,ASO,ES,Federal Contract Tower,0,1,44,0,45,0,0,111,0,111,0,1,155,0,156,248,0,248,404
08/08/2004,AHN,GA,ASO,ES,Federal Contract Tower,0,1,25,0,26,0,0,91,0,91,0,1,116,0,117,150,0,150,267
08/09/2004,AHN,GA,ASO,ES,Federal Contract Tower,0,2,19,1,22,0,0,164,0,164,0,2,183,1,186,130,0,130,316
08/10/2004,AHN,GA,ASO,ES,Federal Contract Tower,0,3,36,0,39,0,4,86,0,90,0,7,122,0,129,70,0,70,199
08/11/2004,AHN,GA,ASO,ES,Federal Contract Tower,0,2,32,2,36,0,2,58,9,69,0,4,90,11,105,98,0,98,203
08/12/2004,AHN,GA,ASO,ES,Federal Contract Tower,0,2,16,0,18,0,0,2,0,2,0,2,18,0,20,12,0,12,32
08/13/2004,AHN,GA,ASO,ES,Federal Contract Tower,0,3,39,2,44,0,0,54,5,59,0,3,93,7,103,170,2,172,275
08/14/2004,AHN,GA,ASO,ES,Federal Contract Tower,0,2,26,0,28,0,3,43,0,46,0,5,69,0,74,102,0,102,176
08/15/2004,AHN,GA,ASO,ES,Federal Contract Tower,0,3,35,0,38,0,0,16,0,16,0,3,51,0,54,40,0,40,94
08/16/2004,AHN,GA,ASO,ES,Federal Contract Tower,0,2,38,2,42,0,0,55,10,65,0,2,93,12,107,104,14,118,225
08/17/2004,AHN,GA,ASO,ES,Federal Contract Tower,0,1,15,0,16,0,3,33,4,40,0,4,48,4,56,74,0,74,130
08/18/2004,AHN,GA,ASO,ES,Federal Contract Tower,0,2,25,1,28,0,0,65,3,68,0,2,90,4,96,110,0,110,206
08/19/2004,AHN,GA,ASO,ES,Federal Contract Tower,0,2,43,1,46,0,0,49,5,54,0,2,92,6,100,100,0,100,200
08/20/2004,AHN,GA,ASO,ES,Federal Contract Tower,0,3,38,1,42,0,1,86,1,88,0,4,124,2,130,132,0,132,262
08/21/2004,AHN,GA,ASO,ES,Federal Contract Tower,0,2,26,1,29,0,0,20,5,25,0,2,46,6,54,46,0,46,100
08/22/2004,AHN,GA,ASO,ES,Federal Contract Tower,0,1,34,0,35,0,0,72,0,72,0,1,106,0,107,72,0,72,179
08/23/2004,AHN,GA,ASO,ES,Federal Contract Tower,0,2,42,1,45,0,0,25,0,25,0,2,67,1,70,130,0,130,200
08/24/2004,AHN,GA,ASO,ES,Federal Contract Tower,0,2,25,0,27,0,1,19,2,22,0,3,44,2,49,98,0,98,147
08/25/2004,AHN,GA,ASO,ES,Federal Contract Tower,0,4,44,1,49,0,0,37,1,38,0,4,81,2,87,144,0,144,231
08/26/2004,AHN,GA,ASO,ES,Federal Contract Tower,0,2,19,0,21,0,3,33,0,36,0,5,52,0,57,52,0,52,109
08/27/2004,AHN,GA,ASO,ES,Federal Contract Tower,0,3,42,1,46,0,0,75,9,84,0,3,117,10,130,90,0,90,220
08/28/2004,AHN,GA,ASO,ES,Federal Contract Tower,0,1,15,0,16,0,8,92,0,100,0,9,107,0,116,80,0,80,196
08/29/2004,AHN,GA,ASO,ES,Federal Contract Tower,0,1,25,0,26,0,0,40,0,40,0,1,65,0,66,32,0,32,98
08/30/2004,AHN,GA,ASO,ES,Federal Contract Tower,0,2,36,1,39,0,0,43,3,46,0,2,79,4,85,148,0,148,233
08/31/2004,AHN,GA,ASO,ES,Federal Contract Tower,0,4,49,2,55,0,2,35,7,44,0,6,84,9,99,158,6,164,263
09/01/2004,AHN,GA,ASO,ES,Federal Contract Tower,0,7,41,0,48,0,0,28,0,28,0,7,69,0,76,62,0,62,138
09/02/2004,AHN,GA,ASO,ES,Federal Contract Tower,0,3,37,1,41,0,0,25,1,26,0,3,62,2,67,28,0,28,95
09/03/2004,AHN,GA,ASO,ES,Federal Contract Tower,0,6,40,1,47,0,3,64,11,78,0,9,104,12,125,42,0,42,167
09/04/2004,AHN,GA,ASO,ES,Federal Contract Tower,0,1,77,1,79,0,0,74,0,74,0,1,151,1,153,130,0,130,283
09/05/2004,AHN,GA,ASO,ES,Federal Contract Tower,0,4,27,0,31,0,2,31,0,33,0,6,58,0,64,102,0,102,166
09/06/2004,AHN,GA,ASO,ES,Federal Contract Tower,0,1,7,0,8,0,2,0,0,2,0,3,7,0,10,2,0,2,12
09/07/2004,AHN,GA,ASO,ES,Federal Contract Tower,0,0,1,0,1,0,2,0,0,2,0,2,1,0,3,0,0,0,3
09/08/2004,AHN,GA,ASO,ES,Federal Contract Tower,0,4,22,0,26,0,8,0,0,8,0,12,22,0,34,10,18,28,62
09/09/2004,AHN,GA,ASO,ES,Federal Contract Tower,0,4,24,0,28,0,4,69,0,73,0,8,93,0,101,130,0,130,231
09/10/2004,AHN,GA,ASO,ES,Federal Contract Tower,0,5,52,2,59,0,0,73,0,73,0,5,125,2,132,198,0,198,330
09/11/2004,AHN,GA,ASO,ES,Federal Contract Tower,0,2,27,0,29,0,0,83,0,83,0,2,110,0,112,136,0,136,248
09/12/2004,AHN,GA,ASO,ES,Federal Contract Tower,0,3,20,1,24,0,0,84,1,85,0,3,104,2,109,52,0,52,161
09/13/2004,AHN,GA,ASO,ES,Federal Contract Tower,0,2,21,1,24,0,0,61,3,64,0,2,82,4,88,114,0,114,202
09/14/2004,AHN,GA,ASO,ES,Federal Contract Tower,0,3,18,1,22,0,0,54,0,54,0,3,72,1,76,80,0,80,156
09/15/2004,AHN,GA,ASO,ES,Federal Contract Tower,0,3,39,1,43,0,0,12,0,12,0,3,51,1,55,36,0,36,91
09/16/2004,AHN,GA,ASO,ES,Federal Contract Tower,0,0,2,0,2,0,4,0,0,4,0,4,2,0,6,4,0,4,10
09/17/2004,AHN,GA,ASO,ES,Federal Contract Tower,0,2,15,0,17,0,3,10,0,13,0,5,25,0,30,0,0,0,30
09/18/2004,AHN,GA,ASO,ES,Federal Contract Tower,0,5,64,3,72,0,0,70,15,85,0,5,134,18,157,74,30,104,261
09/19/2004,AHN,GA,ASO,ES,Federal Contract Tower,0,4,30,0,34,0,0,68,0,68,0,4,98,0,102,20,0,20,122
09/20/2004,AHN,GA,ASO,ES,Federal Contract Tower,0,3,22,0,25,0,5,34,3,42,0,8,56,3,67,90,0,90,157
09/21/2004,AHN,GA,ASO,ES,Federal Contract Tower,0,2,33,0,35,0,0,40,0,40,0,2,73,0,75,128,0,128,203
09/22/2004,AHN,GA,ASO,ES,Federal Contract Tower,0,4,36,1,41,0,2,59,1,62,0,6,95,2,103,162,6,168,271
09/23/2004,AHN,GA,ASO,ES,Federal Contract Tower,0,3,23,0,26,0,0,87,2,89,0,3,110,2,115,52,0,52,167
09/24/2004,AHN,GA,ASO,ES,Federal Contract Tower,0,4,36,1,41,0,0,146,1,147,0,4,182,2,188,88,0,88,276
09/25/2004,AHN,GA,ASO,ES,Federal Contract Tower,0,1,17,0,18,0,0,75,0,75,0,1,92,0,93,90,0,90,183
09/26/2004,AHN,GA,ASO,ES,Federal Contract Tower,0,1,21,0,22,0,0,37,2,39,0,1,58,2,61,40,0,40,101
09/27/2004,AHN,GA,ASO,ES,Federal Contract Tower,0,2,29,0,31,0,0,43,0,43,0,2,72,0,74,114,0,114,188
09/28/2004,AHN,GA,ASO,ES,Federal Contract Tower,0,0,2,0,2,0,3,0,0,3,0,3,2,0,5,0,0,0,5
09/29/2004,AHN,GA,ASO,ES,Federal Contract Tower,0,4,45,1,50,0,0,76,3,79,0,4,121,4,129,208,0,208,337
09/30/2004,AHN,GA,ASO,ES,Federal Contract Tower,0,6,45,1,52,0,2,55,1,58,0,8,100,2,110,54,0,54,164
10/01/2004,AHN,GA,ASO,ES,Federal Contract Tower,0,4,63,2,69,0,1,75,0,76,0,5,138,2,145,68,0,68,213
10/02/2004,AHN,GA,ASO,ES,Federal Contract Tower,0,18,211,0,229,0,0,86,0,86,0,18,297,0,315,136,0,136,451
10/03/2004,AHN,GA,ASO,ES,Federal Contract Tower,0,13,88,0,101,0,0,73,0,73,0,13,161,0,174,136,0,136,310
10/04/2004,AHN,GA,ASO,ES,Federal Contract Tower,0,3,30,0,33,0,0,91,0,91,0,3,121,0,124,108,0,108,232
10/05/2004,AHN,GA,ASO,ES,Federal Contract Tower,0,2,24,2,28,0,0,63,0,63,0,2,87,2,91,52,0,52,143
10/06/2004,AHN,GA,ASO,ES,Federal Contract Tower,0,7,39,1,47,0,0,26,1,27,0,7,65,2,74,52,2,54,128
10/07/2004,AHN,GA,ASO,ES,Federal Contract Tower,0,7,58,0,65,0,0,55,0,55,0,7,113,0,120,198,0,198,318
10/08/2004,AHN,GA,ASO,ES,Federal Contract Tower,0,15,99,0,114,0,0,135,0,135,0,15,234,0,249,274,0,274,523
10/09/2004,AHN,GA,ASO,ES,Federal Contract Tower,0,46,226,0,272,0,0,70,0,70,0,46,296,0,342,270,0,270,612
10/10/2004,AHN,GA,ASO,ES,Federal Contract Tower,0,1,67,0,68,0,0,60,0,60,0,1,127,0,128,164,0,164,292
10/11/2004,AHN,GA,ASO,ES,Federal Contract Tower,0,8,22,0,30,0,0,38,0,38,0,8,60,0,68,90,0,90,158
10/12/2004,AHN,GA,ASO,ES,Federal Contract Tower,0,6,36,0,42,0,0,37,0,37,0,6,73,0,79,60,0,60,139
10/13/2004,AHN,GA,ASO,ES,Federal Contract Tower,0,6,36,5,47,0,0,28,3,31,0,6,64,8,78,76,0,76,154
10/14/2004,AHN,GA,ASO,ES,Federal Contract Tower,0,5,40,0,45,0,0,41,0,41,0,5,81,0,86,112,0,112,198
10/15/2004,AHN,GA,ASO,ES,Federal Contract Tower,0,7,68,0,75,0,0,60,2,62,0,7,128,2,137,90,0,90,227
10/16/2004,AHN,GA,ASO,ES,Federal Contract Tower,0,2,105,4,111,0,0,86,0,86,0,2,191,4,197,148,8,156,353
10/17/2004,AHN,GA,ASO,ES,Federal Contract Tower,0,5,38,0,43,0,0,109,0,109,0,5,147,0,152,84,0,84,236
10/18/2004,AHN,GA,ASO,ES,Federal Contract Tower,0,2,28,2,32,0,1,57,2,60,0,3,85,4,92,68,0,68,160
10/19/2004,AHN,GA,ASO,ES,Federal Contract Tower,0,7,18,0,25,0,0,1,0,1,0,7,19,0,26,0,0,0,26
10/20/2004,AHN,GA,ASO,ES,Federal Contract Tower,0,5,67,0,72,0,0,47,0,47,0,5,114,0,119,130,0,130,249
10/21/2004,AHN,GA,ASO,ES,Federal Contract Tower,0,5,41,0,46,0,0,1,6,7,0,5,42,6,53,8,0,8,61
10/22/2004,AHN,GA,ASO,ES,Federal Contract Tower,0,6,48,5,59,0,2,39,3,44,0,8,87,8,103,54,0,54,157
10/23/2004,AHN,GA,ASO,ES,Federal Contract Tower,0,2,35,1,38,0,1,43,10,54,0,3,78,11,92,78,10,88,180
10/24/2004,AHN,GA,ASO,ES,Federal Contract Tower,0,3,39,2,44,0,0,17,0,17,0,3,56,2,61,12,0,12,73
10/25/2004,AHN,GA,ASO,ES,Federal Contract Tower,0,4,46,0,50,0,0,65,0,65,0,4,111,0,115,154,0,154,269
10/26/2004,AHN,GA,ASO,ES,Federal Contract Tower,0,7,44,0,51,0,0,59,0,59,0,7,103,0,110,94,0,94,204
10/27/2004,AHN,GA,ASO,ES,Federal Contract Tower,0,4,40,14,58,0,0,59,0,59,0,4,99,14,117,110,8,118,235
10/28/2004,AHN,GA,ASO,ES,Federal Contract Tower,0,10,39,0,49,0,0,2,0,2,0,10,41,0,51,6,0,6,57
10/29/2004,AHN,GA,ASO,ES,Federal Contract Tower,0,3,42,0,45,0,0,4,0,4,0,3,46,0,49,22,0,22,71
10/30/2004,AHN,GA,ASO,ES,Federal Contract Tower,0,1,27,0,28,0,2,39,0,41,0,3,66,0,69,36,0,36,105
10/31/2004,AHN,GA,ASO,ES,Federal Contract Tower,0,4,28,0,32,0,0,84,0,84,0,4,112,0,116,36,0,36,152
11/01/2004,AHN,GA,ASO,ES,Federal Contract Tower,0,6,54,0,60,0,0,64,0,64,0,6,118,0,124,212,0,212,336
11/02/2004,AHN,GA,ASO,ES,Federal Contract Tower,0,3,31,0,34,0,0,2,0,2,0,3,33,0,36,12,0,12,48
11/03/2004,AHN,GA,ASO,ES,Federal Contract Tower,0,4,46,0,50,0,0,37,0,37,0,4,83,0,87,124,0,124,211
11/04/2004,AHN,GA,ASO,ES,Federal Contract Tower,0,5,37,0,42,0,0,28,0,28,0,5,65,0,70,6,0,6,76
11/05/2004,AHN,GA,ASO,ES,Federal Contract Tower,0,5,21,5,31,0,0,78,1,79,0,5,99,6,110,62,6,68,178
11/06/2004,AHN,GA,ASO,ES,Federal Contract Tower,0,4,54,12,70,0,0,72,0,72,0,4,126,12,142,204,24,228,370
11/07/2004,AHN,GA,ASO,ES,Federal Contract Tower,0,8,64,0,72,0,0,105,0,105,0,8,169,0,177,184,0,184,361
11/08/2004,AHN,GA,ASO,ES,Federal Contract Tower,0,2,9,3,14,0,0,114,2,116,0,2,123,5,130,156,4,160,290
11/09/2004,AHN,GA,ASO,ES,Federal Contract Tower,0,4,26,2,32,0,0,88,0,88,0,4,114,2,120,90,0,90,210
11/10/2004,AHN,GA,ASO,ES,Federal Contract Tower,0,6,19,0,25,0,0,124,0,124,0,6,143,0,149,114,0,114,263
11/11/2004,AHN,GA,ASO,ES,Federal Contract Tower,0,4,14,0,18,0,0,5,0,5,0,4,19,0,23,0,0,0,23
11/12/2004,AHN,GA,ASO,ES,Federal Contract Tower,0,8,26,0,34,0,0,0,0,0,0,8,26,0,34,0,0,0,34
11/13/2004,AHN,GA,ASO,ES,Federal Contract Tower,0,2,23,15,40,0,0,24,0,24,0,2,47,15,64,28,0,28,92
11/14/2004,AHN,GA,ASO,ES,Federal Contract Tower,0,1,36,0,37,0,0,42,0,42,0,1,78,0,79,62,0,62,141
11/15/2004,AHN,GA,ASO,ES,Federal Contract Tower,0,5,32,0,37,0,0,123,0,123,0,5,155,0,160,70,0,70,230
11/16/2004,AHN,GA,ASO,ES,Federal Contract Tower,0,2,12,0,14,0,2,66,0,68,0,4,78,0,82,132,0,132,214
11/17/2004,AHN,GA,ASO,ES,Federal Contract Tower,0,4,31,10,45,0,0,84,3,87,0,4,115,13,132,132,8,140,272
11/18/2004,AHN,GA,ASO,ES,Federal Contract Tower,0,3,73,18,94,0,0,85,0,85,0,3,158,18,179,276,30,306,485
11/19/2004,AHN,GA,ASO,ES,Federal Contract Tower,0,6,79,1,86,0,0,91,0,91,0,6,170,1,177,172,6,178,355
11/20/2004,AHN,GA,ASO,ES,Federal Contract Tower,0,3,28,0,31,0,0,30,0,30,0,3,58,0,61,46,0,46,107
11/21/2004,AHN,GA,ASO,ES,Federal Contract Tower,0,1,42,0,43,0,0,6,4,10,0,1,48,4,53,28,0,28,81
11/22/2004,AHN,GA,ASO,ES,Federal Contract Tower,0,5,15,0,20,0,0,0,0,0,0,5,15,0,20,0,0,0,20
11/23/2004,AHN,GA,ASO,ES,Federal Contract Tower,0,10,15,0,25,0,0,0,0,0,0,10,15,0,25,0,0,0,25
11/24/2004,AHN,GA,ASO,ES,Federal Contract Tower,0,2,12,0,14,0,0,1,0,1,0,2,13,0,15,0,0,0,15
11/25/2004,AHN,GA,ASO,ES,Federal Contract Tower,0,3,17,0,20,0,0,9,0,9,0,3,26,0,29,0,0,0,29
11/26/2004,AHN,GA,ASO,ES,Federal Contract Tower,0,7,31,6,44,0,0,83,18,101,0,7,114,24,145,74,10,84,229
11/27/2004,AHN,GA,ASO,ES,Federal Contract Tower,0,2,38,0,40,0,0,19,8,27,0,2,57,8,67,10,8,18,85
11/28/2004,AHN,GA,ASO,ES,Federal Contract Tower,0,2,50,5,57,0,0,87,0,87,0,2,137,5,144,80,0,80,224
11/29/2004,AHN,GA,ASO,ES,Federal Contract Tower,0,4,37,0,41,0,0,65,0,65,0,4,102,0,106,134,0,134,240
11/30/2004,AHN,GA,ASO,ES,Federal Contract Tower,0,2,38,0,40,0,0,16,0,16,0,2,54,0,56,64,0,64,120
12/01/2004,AHN,GA,ASO,ES,Federal Contract Tower,0,1,35,0,36,0,0,50,0,50,0,1,85,0,86,260,0,260,346
12/02/2004,AHN,GA,ASO,ES,Federal Contract Tower,0,2,36,0,38,0,0,68,4,72,0,2,104,4,110,82,0,82,192
12/03/2004,AHN,GA,ASO,ES,Federal Contract Tower,0,2,26,2,30,0,2,80,3,85,0,4,106,5,115,90,0,90,205
12/04/2004,AHN,GA,ASO,ES,Federal Contract Tower,0,1,15,0,16,0,4,107,2,113,0,5,122,2,129,116,8,124,253
12/05/2004,AHN,GA,ASO,ES,Federal Contract Tower,0,1,26,1,28,0,4,68,1,73,0,5,94,2,101,82,0,82,183
12/06/2004,AHN,GA,ASO,ES,Federal Contract Tower,0,5,12,0,17,0,0,0,0,0,0,5,12,0,17,8,0,8,25
12/07/2004,AHN,GA,ASO,ES,Federal Contract Tower,0,2,15,0,17,0,0,3,0,3,0,2,18,0,20,4,0,4,24
12/08/2004,AHN,GA,ASO,ES,Federal Contract Tower,0,2,35,0,37,0,0,112,1,113,0,2,147,1,150,158,0,158,308
12/09/2004,AHN,GA,ASO,ES,Federal Contract Tower,0,1,17,0,18,0,1,5,0,6,0,2,22,0,24,20,0,20,44
12/10/2004,AHN,GA,ASO,ES,Federal Contract Tower,0,3,26,0,29,0,0,37,0,37,0,3,63,0,66,42,0,42,108
12/11/2004,AHN,GA,ASO,ES,Federal Contract Tower,0,1,18,2,21,0,0,40,3,43,0,1,58,5,64,36,0,36,100
12/12/2004,AHN,GA,ASO,ES,Federal Contract Tower,0,1,21,0,22,0,0,81,0,81,0,1,102,0,103,120,0,120,223
12/13/2004,AHN,GA,ASO,ES,Federal Contract Tower,0,2,8,0,10,0,0,22,50,72,0,2,30,50,82,40,0,40,122
12/14/2004,AHN,GA,ASO,ES,Federal Contract Tower,0,4,27,0,31,0,0,47,8,55,0,4,74,8,86,32,0,32,118
12/15/2004,AHN,GA,ASO,ES,Federal Contract Tower,0,2,42,0,44,0,6,96,10,112,0,8,138,10,156,76,0,76,232
12/16/2004,AHN,GA,ASO,ES,Federal Contract Tower,0,4,58,5,67,0,0,77,10,87,0,4,135,15,154,216,0,216,370
12/17/2004,AHN,GA,ASO,ES,Federal Contract Tower,0,9,50,0,59,0,0,90,0,90,0,9,140,0,149,118,0,118,267
12/18/2004,AHN,GA,ASO,ES,Federal Contract Tower,0,3,47,0,50,0,0,107,0,107,0,3,154,0,157,172,0,172,329
12/19/2004,AHN,GA,ASO,ES,Federal Contract Tower,0,1,17,0,18,0,0,18,0,18,0,1,35,0,36,32,0,32,68
12/20/2004,AHN,GA,ASO,ES,Federal Contract Tower,0,2,22,0,24,0,1,49,4,54,0,3,71,4,78,26,0,26,104
12/21/2004,AHN,GA,ASO,ES,Federal Contract Tower,0,5,38,0,43,0,3,59,0,62,0,8,97,0,105,114,0,114,219
12/22/2004,AHN,GA,ASO,ES,Federal Contract Tower,0,2,25,0,27,0,0,31,0,31,0,2,56,0,58,104,0,104,162
12/23/2004,AHN,GA,ASO,ES,Federal Contract Tower,0,3,9,0,12,0,0,17,0,17,0,3,26,0,29,16,0,16,45
12/24/2004,AHN,GA,ASO,ES,Federal Contract Tower,0,2,14,0,16,0,0,35,0,35,0,2,49,0,51,16,0,16,67
12/25/2004,AHN,GA,ASO,ES,Federal Contract Tower,0,3,3,0,6,0,0,8,0,8,0,3,11,0,14,24,0,24,38
12/26/2004,AHN,GA,ASO,ES,Federal Contract Tower,0,1,11,0,12,0,0,39,0,39,0,1,50,0,51,12,0,12,63
12/27/2004,AHN,GA,ASO,ES,Federal Contract Tower,0,6,49,0,55,0,0,60,0,60,0,6,109,0,115,178,0,178,293
12/28/2004,AHN,GA,ASO,ES,Federal Contract Tower,0,7,38,1,46,0,0,62,1,63,0,7,100,2,109,158,0,158,267
12/29/2004,AHN,GA,ASO,ES,Federal Contract Tower,0,8,36,2,46,0,0,86,0,86,0,8,122,2,132,206,0,206,338
12/30/2004,AHN,GA,ASO,ES,Federal Contract Tower,0,2,35,0,37,0,2,74,0,76,0,4,109,0,113,52,0,52,165
12/31/2004,AHN,GA,ASO,ES,Federal Contract Tower,0,3,46,0,49,0,2,63,2,67,0,5,109,2,116,96,0,96,212
01/01/2005,AHN,GA,ASO,ES,Federal Contract Tower,0,1,33,0,34,0,0,50,0,50,0,1,83,0,84,94,0,94,178
01/02/2005,AHN,GA,ASO,ES,Federal Contract Tower,0,4,42,0,46,0,0,45,0,45,0,4,87,0,91,140,0,140,231
01/03/2005,AHN,GA,ASO,ES,Federal Contract Tower,0,9,31,0,40,0,0,48,0,48,0,9,79,0,88,54,0,54,142
01/04/2005,AHN,GA,ASO,ES,Federal Contract Tower,0,4,32,0,36,0,2,55,0,57,0,6,87,0,93,70,0,70,163
01/05/2005,AHN,GA,ASO,ES,Federal Contract Tower,0,5,23,2,30,0,0,61,0,61,0,5,84,2,91,38,0,38,129
01/06/2005,AHN,GA,ASO,ES,Federal Contract Tower,0,2,24,0,26,0,0,2,0,2,0,2,26,0,28,0,0,0,28
01/07/2005,AHN,GA,ASO,ES,Federal Contract Tower,0,6,77,15,98,0,0,47,0,47,0,6,124,15,145,334,34,368,513
01/08/2005,AHN,GA,ASO,ES,Federal Contract Tower,0,5,35,0,40,0,0,14,0,14,0,5,49,0,54,50,0,50,104
01/09/2005,AHN,GA,ASO,ES,Federal Contract Tower,0,1,76,38,115,0,0,103,0,103,0,1,179,38,218,310,56,366,584
01/10/2005,AHN,GA,ASO,ES,Federal Contract Tower,0,4,37,2,43,0,0,83,0,83,0,4,120,2,126,74,0,74,200
01/11/2005,AHN,GA,ASO,ES,Federal Contract Tower,0,4,25,0,29,0,5,37,0,42,0,9,62,0,71,64,0,64,135
01/12/2005,AHN,GA,ASO,ES,Federal Contract Tower,0,4,27,0,31,0,1,22,0,23,0,5,49,0,54,14,0,14,68
01/13/2005,AHN,GA,ASO,ES,Federal Contract Tower,0,4,21,0,25,0,0,5,0,5,0,4,26,0,30,2,0,2,32
01/14/2005,AHN,GA,ASO,ES,Federal Contract Tower,1,7,18,0,26,0,3,37,0,40,1,10,55,0,66,92,0,92,158
01/15/2005,AHN,GA,ASO,ES,Federal Contract Tower,1,3,30,0,34,0,1,57,0,58,1,4,87,0,92,76,0,76,168
01/16/2005,AHN,GA,ASO,ES,Federal Contract Tower,0,3,29,0,32,0,0,76,0,76,0,3,105,0,108,102,0,102,210
01/17/2005,AHN,GA,ASO,ES,Federal Contract Tower,0,0,35,0,35,0,0,51,0,51,0,0,86,0,86,52,0,52,138
01/18/2005,AHN,GA,ASO,ES,Federal Contract Tower,0,9,30,0,39,0,0,47,2,49,0,9,77,2,88,64,0,64,152
01/19/2005,AHN,GA,ASO,ES,Federal Contract Tower,0,0,45,0,45,0,1,27,0,28,0,1,72,0,73,80,0,80,153
01/20/2005,AHN,GA,ASO,ES,Federal Contract Tower,0,2,25,4,31,0,2,53,0,55,0,4,78,4,86,50,0,50,136
01/21/2005,AHN,GA,ASO,ES,Federal Contract Tower,0,5,33,0,38,0,1,85,1,87,0,6,118,1,125,80,12,92,217
01/22/2005,AHN,GA,ASO,ES,Federal Contract Tower,1,3,13,0,17,0,0,0,0,0,1,3,13,0,17,2,0,2,19
01/23/2005,AHN,GA,ASO,ES,Federal Contract Tower,0,4,20,0,24,0,0,31,0,31,0,4,51,0,55,18,0,18,73
01/24/2005,AHN,GA,ASO,ES,Federal Contract Tower,0,9,45,0,54,0,0,46,0,46,0,9,91,0,100,140,0,140,240
01/25/2005,AHN,GA,ASO,ES,Federal Contract Tower,0,8,42,2,52,0,0,79,0,79,0,8,121,2,131,128,0,128,259
01/26/2005,AHN,GA,ASO,ES,Federal Contract Tower,0,6,38,0,44,0,1,65,0,66,0,7,103,0,110,150,0,150,260
01/27/2005,AHN,GA,ASO,ES,Federal Contract Tower,0,8,41,10,59,0,0,78,3,81,0,8,119,13,140,86,16,102,242
01/28/2005,AHN,GA,ASO,ES,Federal Contract Tower,0,6,28,5,39,0,2,25,5,32,0,8,53,10,71,16,14,30,101
01/29/2005,AHN,GA,ASO,ES,Federal Contract Tower,0,0,0,0,0,0,0,0,0,0,0,0,0,0,0,0,0,0,0
01/30/2005,AHN,GA,ASO,ES,Federal Contract Tower,0,3,17,0,20,0,0,0,0,0,0,3,17,0,20,0,0,0,20
01/31/2005,AHN,GA,ASO,ES,Federal Contract Tower,0,2,30,1,33,0,0,39,1,40,0,2,69,2,73,122,0,122,195
02/01/2005,AHN,GA,ASO,ES,Federal Contract Tower,0,6,38,0,44,0,0,42,2,44,0,6,80,2,88,116,0,116,204
02/02/2005,AHN,GA,ASO,ES,Federal Contract Tower,0,2,15,0,17,0,0,0,0,0,0,2,15,0,17,0,0,0,17
02/03/2005,AHN,GA,ASO,ES,Federal Contract Tower,0,7,17,7,31,0,1,0,1,2,0,8,17,8,33,0,10,10,43
02/04/2005,AHN,GA,ASO,ES,Federal Contract Tower,0,17,71,12,100,0,0,80,23,103,0,17,151,35,203,234,8,242,445
02/05/2005,AHN,GA,ASO,ES,Federal Contract Tower,2,1,47,2,52,0,0,111,0,111,2,1,158,2,163,234,0,234,397
02/06/2005,AHN,GA,ASO,ES,Federal Contract Tower,2,9,44,0,55,0,0,68,10,78,2,9,112,10,133,210,18,228,361
02/07/2005,AHN,GA,ASO,ES,Federal Contract Tower,0,8,36,0,44,0,0,56,0,56,0,8,92,0,100,128,0,128,228
02/08/2005,AHN,GA,ASO,ES,Federal Contract Tower,0,6,32,0,38,0,0,45,0,45,0,6,77,0,83,110,0,110,193
02/09/2005,AHN,GA,ASO,ES,Federal Contract Tower,0,6,29,2,37,0,0,0,0,0,0,6,29,2,37,0,0,0,37
02/10/2005,AHN,GA,ASO,ES,Federal Contract Tower,0,2,38,2,42,0,0,37,0,37,0,2,75,2,79,88,0,88,167
02/11/2005,AHN,GA,ASO,ES,Federal Contract Tower,0,6,69,2,77,0,0,78,1,79,0,6,147,3,156,84,0,84,240
02/12/2005,AHN,GA,ASO,ES,Federal Contract Tower,0,5,30,0,35,0,0,74,2,76,0,5,104,2,111,78,0,78,189
02/13/2005,AHN,GA,ASO,ES,Federal Contract Tower,0,1,34,4,39,0,1,37,2,40,0,2,71,6,79,116,2,118,197
02/14/2005,AHN,GA,ASO,ES,Federal Contract Tower,0,3,7,0,10,0,0,2,0,2,0,3,9,0,12,20,0,20,32
02/15/2005,AHN,GA,ASO,ES,Federal Contract Tower,0,3,29,0,32,0,0,0,0,0,0,3,29,0,32,0,0,0,32
02/16/2005,AHN,GA,ASO,ES,Federal Contract Tower,0,4,31,0,35,0,0,12,0,12,0,4,43,0,47,64,0,64,111
02/17/2005,AHN,GA,ASO,ES,Federal Contract Tower,0,6,45,1,52,0,3,64,2,69,0,9,109,3,121,68,2,70,191
02/18/2005,AHN,GA,ASO,ES,Federal Contract Tower,0,4,51,0,55,0,0,75,0,75,0,4,126,0,130,46,0,46,176
02/19/2005,AHN,GA,ASO,ES,Federal Contract Tower,0,2,22,4,28,0,0,61,1,62,0,2,83,5,90,58,24,82,172
02/20/2005,AHN,GA,ASO,ES,Federal Contract Tower,0,3,27,0,30,0,0,12,0,12,0,3,39,0,42,18,0,18,60
02/21/2005,AHN,GA,ASO,ES,Federal Contract Tower,0,2,25,0,27,0,0,4,0,4,0,2,29,0,31,20,0,20,51
02/22/2005,AHN,GA,ASO,ES,Federal Contract Tower,0,11,53,4,68,0,0,62,0,62,0,11,115,4,130,168,0,168,298
02/23/2005,AHN,GA,ASO,ES,Federal Contract Tower,0,7,42,1,50,0,2,74,0,76,0,9,116,1,126,180,2,182,308
02/24/2005,AHN,GA,ASO,ES,Federal Contract Tower,0,4,24,0,28,0,0,0,0,0,0,4,24,0,28,0,0,0,28
02/25/2005,AHN,GA,ASO,ES,Federal Contract Tower,0,6,38,2,46,0,2,55,0,57,0,8,93,2,103,73,0,73,176
02/26/2005,AHN,GA,ASO,ES,Federal Contract Tower,0,1,37,0,38,0,0,105,0,105,0,1,142,0,143,192,0,192,335
02/27/2005,AHN,GA,ASO,ES,Federal Contract Tower,0,2,21,0,23,0,0,8,0,8,0,2,29,0,31,32,0,32,63
02/28/2005,AHN,GA,ASO,ES,Federal Contract Tower,0,2,22,2,26,0,0,1,0,1,0,2,23,2,27,6,0,6,33
03/01/2005,AHN,GA,ASO,ES,Federal Contract Tower,0,4,27,0,31,0,1,9,0,10,0,5,36,0,41,0,0,0,41
03/02/2005,AHN,GA,ASO,ES,Federal Contract Tower,0,4,31,1,36,0,2,51,2,55,0,6,82,3,91,56,2,58,149
03/03/2005,AHN,GA,ASO,ES,Federal Contract Tower,0,4,34,2,40,0,0,123,2,125,0,4,157,4,165,82,0,82,247
03/04/2005,AHN,GA,ASO,ES,Federal Contract Tower,0,2,22,0,24,0,0,80,2,82,0,2,102,2,106,120,20,140,246
03/05/2005,AHN,GA,ASO,ES,Federal Contract Tower,0,1,21,0,22,0,0,41,0,41,0,1,62,0,63,32,0,32,95
03/06/2005,AHN,GA,ASO,ES,Federal Contract Tower,0,9,48,0,57,0,0,89,0,89,0,9,137,0,146,214,0,214,360
03/07/2005,AHN,GA,ASO,ES,Federal Contract Tower,0,6,22,0,28,0,3,32,0,35,0,9,54,0,63,38,0,38,101
03/08/2005,AHN,GA,ASO,ES,Federal Contract Tower,0,3,19,0,22,0,0,9,0,9,0,3,28,0,31,22,0,22,53
03/09/2005,AHN,GA,ASO,ES,Federal Contract Tower,0,2,15,2,19,0,1,41,0,42,0,3,56,2,61,112,0,112,173
03/10/2005,AHN,GA,ASO,ES,Federal Contract Tower,0,9,60,4,73,0,0,105,0,105,0,9,165,4,178,278,0,278,456
03/11/2005,AHN,GA,ASO,ES,Federal Contract Tower,0,16,46,0,62,0,0,24,0,24,0,16,70,0,86,52,0,52,138
03/12/2005,AHN,GA,ASO,ES,Federal Contract Tower,0,3,38,13,54,0,0,46,8,54,0,3,84,21,108,90,8,98,206
03/13/2005,AHN,GA,ASO,ES,Federal Contract Tower,0,4,41,7,52,0,0,62,2,64,0,4,103,9,116,74,4,78,194
03/14/2005,AHN,GA,ASO,ES,Federal Contract Tower,0,2,25,0,27,0,0,3,0,3,0,2,28,0,30,20,0,20,50
03/15/2005,AHN,GA,ASO,ES,Federal Contract Tower,0,2,36,12,50,0,1,52,0,53,0,3,88,12,103,144,0,144,247
03/16/2005,AHN,GA,ASO,ES,Federal Contract Tower,0,3,15,0,18,0,0,0,0,0,0,3,15,0,18,0,0,0,18
03/17/2005,AHN,GA,ASO,ES,Federal Contract Tower,0,5,15,7,27,0,1,2,2,5,0,6,17,9,32,0,2,2,34
03/18/2005,AHN,GA,ASO,ES,Federal Contract Tower,0,7,51,2,60,0,1,102,4,107,0,8,153,6,167,154,0,154,321
03/19/2005,AHN,GA,ASO,ES,Federal Contract Tower,0,3,32,0,35,0,1,62,0,63,0,4,94,0,98,142,0,142,240
03/20/2005,AHN,GA,ASO,ES,Federal Contract Tower,0,1,33,2,36,0,0,76,4,80,0,1,109,6,116,66,0,66,182
03/21/2005,AHN,GA,ASO,ES,Federal Contract Tower,0,3,28,4,35,0,0,51,4,55,0,3,79,8,90,146,0,146,236
03/22/2005,AHN,GA,ASO,ES,Federal Contract Tower,0,3,21,0,24,0,1,0,0,1,0,4,21,0,25,6,0,6,31
03/23/2005,AHN,GA,ASO,ES,Federal Contract Tower,0,2,26,0,28,0,0,20,0,20,0,2,46,0,48,74,0,74,122
03/24/2005,AHN,GA,ASO,ES,Federal Contract Tower,0,5,54,4,63,0,2,103,8,113,0,7,157,12,176,114,12,126,302
03/25/2005,AHN,GA,ASO,ES,Federal Contract Tower,0,6,24,0,30,0,1,77,0,78,0,7,101,0,108,84,0,84,192
03/26/2005,AHN,GA,ASO,ES,Federal Contract Tower,0,3,38,0,41,0,1,62,0,63,0,4,100,0,104,174,0,174,278
03/27/2005,AHN,GA,ASO,ES,Federal Contract Tower,0,1,3,0,4,0,0,0,0,0,0,1,3,0,4,0,0,0,4
03/28/2005,AHN,GA,ASO,ES,Federal Contract Tower,0,4,32,0,36,0,0,13,0,13,0,4,45,0,49,2,0,2,51
03/29/2005,AHN,GA,ASO,ES,Federal Contract Tower,0,7,67,3,77,0,0,84,2,86,0,7,151,5,163,122,20,142,305
03/30/2005,AHN,GA,ASO,ES,Federal Contract Tower,0,4,60,8,72,0,0,132,0,132,0,4,192,8,204,314,0,314,518
03/31/2005,AHN,GA,ASO,ES,Federal Contract Tower,0,5,18,0,23,0,0,5,0,5,0,5,23,0,28,0,0,0,28
04/01/2005,AHN,GA,ASO,ES,Federal Contract Tower,0,2,24,0,26,0,0,0,0,0,0,2,24,0,26,0,0,0,26
04/02/2005,AHN,GA,ASO,ES,Federal Contract Tower,0,5,59,0,64,0,0,58,0,58,0,5,117,0,122,110,0,110,232
04/03/2005,AHN,GA,ASO,ES,Federal Contract Tower,0,1,42,0,43,0,0,9,0,9,0,1,51,0,52,6,0,6,58
04/04/2005,AHN,GA,ASO,ES,Federal Contract Tower,0,2,22,0,24,0,0,80,2,82,0,2,102,2,106,120,20,140,246
04/05/2005,AHN,GA,ASO,ES,Federal Contract Tower,0,3,37,9,49,0,3,75,3,81,0,6,112,12,130,128,2,130,260
04/06/2005,AHN,GA,ASO,ES,Federal Contract Tower,0,4,33,0,37,0,0,57,2,59,0,4,90,2,96,132,0,132,228
04/07/2005,AHN,GA,ASO,ES,Federal Contract Tower,0,6,30,4,40,0,0,24,6,30,0,6,54,10,70,36,8,44,114
04/08/2005,AHN,GA,ASO,ES,Federal Contract Tower,0,2,67,2,71,0,0,30,0,30,0,2,97,2,101,58,0,58,159
04/09/2005,AHN,GA,ASO,ES,Federal Contract Tower,0,6,99,10,115,0,0,69,0,69,0,6,168,10,184,232,0,232,416
04/10/2005,AHN,GA,ASO,ES,Federal Contract Tower,0,1,59,24,84,0,0,109,0,109,0,1,168,24,193,294,56,350,543
04/11/2005,AHN,GA,ASO,ES,Federal Contract Tower,0,5,29,0,34,0,0,49,0,49,0,5,78,0,83,116,0,116,199
04/12/2005,AHN,GA,ASO,ES,Federal Contract Tower,0,6,54,0,60,0,0,81,4,85,0,6,135,4,145,212,12,224,369
04/13/2005,AHN,GA,ASO,ES,Federal Contract Tower,0,3,41,1,45,0,0,16,0,16,0,3,57,1,61,30,0,30,91
04/14/2005,AHN,GA,ASO,ES,Federal Contract Tower,0,4,41,1,46,0,0,67,4,71,0,4,108,5,117,102,10,112,229
04/15/2005,AHN,GA,ASO,ES,Federal Contract Tower,0,5,71,5,81,0,1,101,3,105,0,6,172,8,186,192,28,220,406
04/16/2005,AHN,GA,ASO,ES,Federal Contract Tower,0,4,38,20,62,0,0,88,8,96,0,4,126,28,158,134,28,162,320
04/17/2005,AHN,GA,ASO,ES,Federal Contract Tower,0,9,58,11,78,0,0,105,21,126,0,9,163,32,204,162,14,176,380
04/18/2005,AHN,GA,ASO,ES,Federal Contract Tower,0,3,40,1,44,0,0,77,17,94,0,3,117,18,138,82,0,82,220
04/19/2005,AHN,GA,ASO,ES,Federal Contract Tower,0,4,24,0,28,0,3,52,9,64,0,7,76,9,92,98,0,98,190
04/20/2005,AHN,GA,ASO,ES,Federal Contract Tower,0,8,30,10,48,0,2,70,2,74,0,10,100,12,122,144,0,144,266
04/21/2005,AHN,GA,ASO,ES,Federal Contract Tower,0,2,69,23,94,0,0,107,9,116,0,2,176,32,210,310,24,334,544
04/22/2005,AHN,GA,ASO,ES,Federal Contract Tower,0,3,32,1,36,0,1,55,1,57,0,4,87,2,93,76,0,76,169
04/23/2005,AHN,GA,ASO,ES,Federal Contract Tower,0,1,30,0,31,0,0,15,0,15,0,1,45,0,46,24,0,24,70
04/24/2005,AHN,GA,ASO,ES,Federal Contract Tower,0,5,36,2,43,0,0,17,6,23,0,5,53,8,66,58,4,62,128
04/25/2005,AHN,GA,ASO,ES,Federal Contract Tower,0,4,30,2,36,0,5,59,2,66,0,9,89,4,102,40,2,42,144
04/26/2005,AHN,GA,ASO,ES,Federal Contract Tower,0,3,17,0,20,0,0,2,0,2,0,3,19,0,22,10,0,10,32
04/27/2005,AHN,GA,ASO,ES,Federal Contract Tower,0,3,58,6,67,0,0,48,0,48,0,3,106,6,115,120,78,198,313
04/28/2005,AHN,GA,ASO,ES,Federal Contract Tower,0,3,51,12,66,0,0,101,29,130,0,3,152,41,196,320,74,394,590
04/29/2005,AHN,GA,ASO,ES,Federal Contract Tower,0,6,40,2,48,0,0,57,1,58,0,6,97,3,106,88,50,138,244
04/30/2005,AHN,GA,ASO,ES,Federal Contract Tower,0,1,8,0,9,0,0,3,0,3,0,1,11,0,12,14,0,14,26
05/01/2005,AHN,GA,ASO,ES,Federal Contract Tower,0,3,42,0,45,0,0,71,0,71,0,3,113,0,116,162,0,162,278
05/02/2005,AHN,GA,ASO,ES,Federal Contract Tower,0,3,25,0,28,0,0,50,0,50,0,3,75,0,78,142,0,142,220
05/03/2005,AHN,GA,ASO,ES,Federal Contract Tower,0,2,55,6,63,0,0,74,0,74,0,2,129,6,137,356,0,356,493
05/04/2005,AHN,GA,ASO,ES,Federal Contract Tower,0,3,54,4,61,0,0,95,0,95,0,3,149,4,156,394,46,440,596
05/05/2005,AHN,GA,ASO,ES,Federal Contract Tower,0,2,44,2,48,0,0,15,2,17,0,2,59,4,65,32,4,36,101
05/06/2005,AHN,GA,ASO,ES,Federal Contract Tower,0,4,34,6,44,0,6,60,11,77,0,10,94,17,121,66,10,76,197
05/07/2005,AHN,GA,ASO,ES,Federal Contract Tower,0,6,25,5,36,0,0,166,13,179,0,6,191,18,215,186,6,192,407
05/08/2005,AHN,GA,ASO,ES,Federal Contract Tower,0,5,61,3,69,0,0,71,0,71,0,5,132,3,140,238,0,238,378
05/09/2005,AHN,GA,ASO,ES,Federal Contract Tower,0,8,53,10,71,0,0,65,0,65,0,8,118,10,136,232,24,256,392
05/10/2005,AHN,GA,ASO,ES,Federal Contract Tower,0,3,18,0,21,0,5,30,2,37,0,8,48,2,58,62,0,62,120
05/11/2005,AHN,GA,ASO,ES,Federal Contract Tower,0,11,52,4,67,0,0,81,0,81,0,11,133,4,148,374,0,374,522
05/12/2005,AHN,GA,ASO,ES,Federal Contract Tower,0,5,28,0,33,0,1,66,0,67,0,6,94,0,100,98,0,98,198
05/13/2005,AHN,GA,ASO,ES,Federal Contract Tower,0,11,44,1,56,0,1,84,4,89,0,12,128,5,145,106,2,108,253
05/14/2005,AHN,GA,ASO,ES,Federal Contract Tower,0,3,32,0,35,0,0,37,2,39,0,3,69,2,74,28,2,30,104
05/15/2005,AHN,GA,ASO,ES,Federal Contract Tower,0,5,25,0,30,0,0,4,0,4,0,5,29,0,34,6,0,6,40
05/16/2005,AHN,GA,ASO,ES,Federal Contract Tower,0,2,24,0,26,0,1,78,0,79,0,3,102,0,105,118,0,118,223
05/17/2005,AHN,GA,ASO,ES,Federal Contract Tower,0,3,20,0,23,0,2,115,1,118,0,5,135,1,141,158,0,158,299
05/18/2005,AHN,GA,ASO,ES,Federal Contract Tower,0,3,20,0,23,0,2,46,0,48,0,5,66,0,71,66,0,66,137
05/19/2005,AHN,GA,ASO,ES,Federal Contract Tower,0,4,29,0,33,0,1,26,0,27,0,5,55,0,60,60,0,60,120
05/20/2005,AHN,GA,ASO,ES,Federal Contract Tower,0,5,25,0,30,0,0,14,0,14,0,5,39,0,44,32,0,32,76
05/21/2005,AHN,GA,ASO,ES,Federal Contract Tower,0,4,37,0,41,0,0,27,0,27,0,4,64,0,68,60,0,60,128
05/22/2005,AHN,GA,ASO,ES,Federal Contract Tower,0,3,48,0,51,0,2,46,0,48,0,5,94,0,99,90,0,90,189
05/23/2005,AHN,GA,ASO,ES,Federal Contract Tower,0,9,54,10,73,0,0,66,0,66,0,9,120,10,139,140,0,140,279
05/24/2005,AHN,GA,ASO,ES,Federal Contract Tower,0,3,25,1,29,0,1,36,0,37,0,4,61,1,66,40,0,40,106
05/25/2005,AHN,GA,ASO,ES,Federal Contract Tower,0,5,24,4,33,0,2,59,0,61,0,7,83,4,94,74,4,78,172
05/26/2005,AHN,GA,ASO,ES,Federal Contract Tower,0,13,84,17,114,0,0,95,0,95,0,13,179,17,209,268,0,268,477
05/27/2005,AHN,GA,ASO,ES,Federal Contract Tower,0,12,53,1,66,0,0,104,0,104,0,12,157,1,170,222,0,222,392
05/28/2005,AHN,GA,ASO,ES,Federal Contract Tower,0,3,36,0,39,0,0,77,0,77,0,3,113,0,116,204,0,204,320
05/29/2005,AHN,GA,ASO,ES,Federal Contract Tower,0,3,22,0,25,0,0,23,0,23,0,3,45,0,48,66,0,66,114
05/30/2005,AHN,GA,ASO,ES,Federal Contract Tower,0,3,30,1,34,0,0,0,0,0,0,3,30,1,34,0,0,0,34
05/31/2005,AHN,GA,ASO,ES,Federal Contract Tower,0,5,32,0,37,0,2,6,0,8,0,7,38,0,45,10,0,10,55
06/01/2005,AHN,GA,ASO,ES,Federal Contract Tower,0,2,9,2,13,0,0,0,0,0,0,2,9,2,13,0,0,0,13
06/02/2005,AHN,GA,ASO,ES,Federal Contract Tower,0,2,21,2,25,0,4,1,0,5,0,6,22,2,30,2,0,2,32
06/03/2005,AHN,GA,ASO,ES,Federal Contract Tower,0,5,54,0,59,0,0,0,0,0,0,5,54,0,59,2,0,2,61
06/04/2005,AHN,GA,ASO,ES,Federal Contract Tower,0,4,54,1,59,0,0,43,0,43,0,4,97,1,102,152,0,152,254
06/05/2005,AHN,GA,ASO,ES,Federal Contract Tower,0,1,52,0,53,0,0,45,2,47,0,1,97,2,100,138,0,138,238
06/06/2005,AHN,GA,ASO,ES,Federal Contract Tower,0,2,25,4,31,0,0,47,0,47,0,2,72,4,78,124,0,124,202
06/07/2005,AHN,GA,ASO,ES,Federal Contract Tower,0,5,48,9,62,0,0,71,0,71,0,5,119,9,133,212,30,242,375
06/08/2005,AHN,GA,ASO,ES,Federal Contract Tower,0,2,36,2,40,0,0,37,0,37,0,2,73,2,77,66,0,66,143
06/09/2005,AHN,GA,ASO,ES,Federal Contract Tower,0,2,26,6,34,0,0,56,2,58,0,2,82,8,92,70,10,80,172
06/10/2005,AHN,GA,ASO,ES,Federal Contract Tower,0,3,39,2,44,0,2,25,0,27,0,5,64,2,71,28,0,28,99
06/11/2005,AHN,GA,ASO,ES,Federal Contract Tower,0,1,15,0,16,0,0,13,1,14,0,1,28,1,30,12,0,12,42
06/12/2005,AHN,GA,ASO,ES,Federal Contract Tower,0,3,10,10,23,0,4,2,0,6,0,7,12,10,29,0,0,0,29
06/13/2005,AHN,GA,ASO,ES,Federal Contract Tower,0,10,25,0,35,0,0,48,0,48,0,10,73,0,83,110,0,110,193
06/14/2005,AHN,GA,ASO,ES,Federal Contract Tower,0,4,38,4,46,0,0,63,7,70,0,4,101,11,116,152,0,152,268
06/15/2005,AHN,GA,ASO,ES,Federal Contract Tower,0,4,66,0,70,0,2,86,0,88,0,6,152,0,158,202,0,202,360
06/16/2005,AHN,GA,ASO,ES,Federal Contract Tower,0,0,60,4,64,0,0,101,0,101,0,0,161,4,165,170,6,176,341
06/17/2005,AHN,GA,ASO,ES,Federal Contract Tower,0,4,19,1,24,0,0,75,3,78,0,4,94,4,102,74,4,78,180
06/18/2005,AHN,GA,ASO,ES,Federal Contract Tower,0,3,30,6,39,0,0,73,2,75,0,3,103,8,114,68,14,82,196
06/19/2005,AHN,GA,ASO,ES,Federal Contract Tower,0,3,27,0,30,0,0,37,0,37,0,3,64,0,67,70,0,70,137
06/20/2005,AHN,GA,ASO,ES,Federal Contract Tower,0,7,22,0,29,0,0,28,0,28,0,7,50,0,57,80,0,80,137
06/21/2005,AHN,GA,ASO,ES,Federal Contract Tower,0,6,47,6,59,0,0,53,10,63,0,6,100,16,122,66,40,106,228
06/22/2005,AHN,GA,ASO,ES,Federal Contract Tower,0,2,43,4,49,0,1,67,0,68,0,3,110,4,117,140,6,146,263
06/23/2005,AHN,GA,ASO,ES,Federal Contract Tower,0,2,31,0,33,0,1,42,2,45,0,3,73,2,78,88,2,90,168
06/24/2005,AHN,GA,ASO,ES,Federal Contract Tower,0,2,34,4,40,0,1,33,1,35,0,3,67,5,75,92,4,96,171
06/25/2005,AHN,GA,ASO,ES,Federal Contract Tower,0,9,36,0,45,0,1,64,0,65,0,10,100,0,110,168,0,168,278
06/26/2005,AHN,GA,ASO,ES,Federal Contract Tower,0,5,26,3,34,0,0,3,0,3,0,5,29,3,37,0,0,0,37
06/27/2005,AHN,GA,ASO,ES,Federal Contract Tower,0,7,36,2,45,0,0,33,4,37,0,7,69,6,82,106,8,114,196
06/28/2005,AHN,GA,ASO,ES,Federal Contract Tower,0,7,35,2,44,0,1,15,0,16,0,8,50,2,60,34,0,34,94
06/29/2005,AHN,GA,ASO,ES,Federal Contract Tower,0,2,22,1,25,0,1,16,1,18,0,3,38,2,43,36,2,38,81
06/30/2005,AHN,GA,ASO,ES,Federal Contract Tower,0,2,19,2,23,0,2,40,2,44,0,4,59,4,67,70,0,70,137
07/01/2005,AHN,GA,ASO,ES,Federal Contract Tower,0,2,30,0,32,0,0,54,1,55,0,2,84,1,87,14,0,14,101
07/02/2005,AHN,GA,ASO,ES,Federal Contract Tower,0,1,28,0,29,0,2,50,2,54,0,3,78,2,83,28,0,28,111
07/03/2005,AHN,GA,ASO,ES,Federal Contract Tower,0,1,12,0,13,0,2,15,0,17,0,3,27,0,30,2,0,2,32
07/04/2005,AHN,GA,ASO,ES,Federal Contract Tower,0,3,14,0,17,0,0,23,0,23,0,3,37,0,40,12,0,12,52
07/05/2005,AHN,GA,ASO,ES,Federal Contract Tower,0,2,25,0,27,0,0,27,0,27,0,2,52,0,54,18,0,18,72
07/06/2005,AHN,GA,ASO,ES,Federal Contract Tower,0,2,17,0,19,0,0,15,0,15,0,2,32,0,34,36,0,36,70
07/07/2005,AHN,GA,ASO,ES,Federal Contract Tower,0,3,24,2,29,0,0,13,0,13,0,3,37,2,42,6,44,50,92
07/08/2005,AHN,GA,ASO,ES,Federal Contract Tower,0,4,67,4,75,0,0,61,0,61,0,4,128,4,136,236,4,240,376
07/09/2005,AHN,GA,ASO,ES,Federal Contract Tower,0,1,42,0,43,0,0,62,0,62,0,1,104,0,105,130,0,130,235
07/10/2005,AHN,GA,ASO,ES,Federal Contract Tower,0,1,23,2,26,0,0,0,0,0,0,1,23,2,26,10,0,10,36
07/11/2005,AHN,GA,ASO,ES,Federal Contract Tower,0,8,11,0,19,0,0,1,0,1,0,8,12,0,20,6,0,6,26
07/12/2005,AHN,GA,ASO,ES,Federal Contract Tower,0,4,25,3,32,0,0,11,0,11,0,4,36,3,43,28,14,42,85
07/13/2005,AHN,GA,ASO,ES,Federal Contract Tower,0,5,50,12,67,0,0,45,2,47,0,5,95,14,114,140,68,208,322
07/14/2005,AHN,GA,ASO,ES,Federal Contract Tower,0,3,50,3,56,0,0,11,2,13,0,3,61,5,69,62,6,68,137
07/15/2005,AHN,GA,ASO,ES,Federal Contract Tower,0,2,47,0,49,0,0,28,0,28,0,2,75,0,77,116,0,116,193
07/16/2005,AHN,GA,ASO,ES,Federal Contract Tower,0,1,46,5,52,0,0,21,0,21,0,1,67,5,73,26,20,46,119
07/17/2005,AHN,GA,ASO,ES,Federal Contract Tower,0,2,49,2,53,0,0,43,0,43,0,2,92,2,96,92,0,92,188
07/18/2005,AHN,GA,ASO,ES,Federal Contract Tower,0,5,40,2,47,0,4,35,3,42,0,9,75,5,89,62,0,62,151
07/19/2005,AHN,GA,ASO,ES,Federal Contract Tower,0,4,29,4,37,0,0,34,7,41,0,4,63,11,78,52,0,52,130
07/20/2005,AHN,GA,ASO,ES,Federal Contract Tower,0,3,21,5,29,0,0,48,10,58,0,3,69,15,87,60,0,60,147
07/21/2005,AHN,GA,ASO,ES,Federal Contract Tower,0,2,33,2,37,0,2,44,21,67,0,4,77,23,104,80,0,80,184
07/22/2005,AHN,GA,ASO,ES,Federal Contract Tower,0,4,30,6,40,0,0,44,0,44,0,4,74,6,84,16,8,24,108
07/23/2005,AHN,GA,ASO,ES,Federal Contract Tower,0,1,36,0,37,0,0,81,0,81,0,1,117,0,118,34,4,38,156
07/24/2005,AHN,GA,ASO,ES,Federal Contract Tower,0,1,38,2,41,0,0,34,0,34,0,1,72,2,75,46,0,46,121
07/25/2005,AHN,GA,ASO,ES,Federal Contract Tower,0,2,36,4,42,0,0,33,0,33,0,2,69,4,75,92,0,92,167
07/26/2005,AHN,GA,ASO,ES,Federal Contract Tower,0,2,33,0,35,0,0,93,0,93,0,2,126,0,128,82,0,82,210
07/27/2005,AHN,GA,ASO,ES,Federal Contract Tower,0,1,34,0,35,0,0,49,2,51,0,1,83,2,86,42,0,42,128
07/28/2005,AHN,GA,ASO,ES,Federal Contract Tower,0,4,26,0,30,0,0,33,0,33,0,4,59,0,63,22,0,22,85
07/29/2005,AHN,GA,ASO,ES,Federal Contract Tower,0,6,28,2,36,0,0,0,0,0,0,6,28,2,36,0,0,0,36
07/30/2005,AHN,GA,ASO,ES,Federal Contract Tower,0,2,18,0,20,0,0,2,0,2,0,2,20,0,22,6,0,6,28
07/31/2005,AHN,GA,ASO,ES,Federal Contract Tower,0,1,32,0,33,0,0,14,0,14,0,1,46,0,47,28,0,28,75
08/01/2005,AHN,GA,ASO,ES,Federal Contract Tower,0,4,34,8,46,0,1,16,0,17,0,5,50,8,63,20,0,20,83
08/02/2005,AHN,GA,ASO,ES,Federal Contract Tower,0,2,46,2,50,0,1,209,3,213,0,3,255,5,263,56,32,88,351
08/03/2005,AHN,GA,ASO,ES,Federal Contract Tower,0,2,34,0,36,0,0,91,0,91,0,2,125,0,127,98,0,98,225
08/04/2005,AHN,GA,ASO,ES,Federal Contract Tower,0,2,24,4,30,0,0,38,4,42,0,2,62,8,72,32,4,36,108
08/05/2005,AHN,GA,ASO,ES,Federal Contract Tower,0,2,33,2,37,0,0,52,3,55,0,2,85,5,92,54,6,60,152
08/06/2005,AHN,GA,ASO,ES,Federal Contract Tower,0,1,35,0,36,0,0,61,0,61,0,1,96,0,97,58,0,58,155
08/07/2005,AHN,GA,ASO,ES,Federal Contract Tower,0,3,19,0,22,0,0,1,0,1,0,3,20,0,23,4,0,4,27
08/08/2005,AHN,GA,ASO,ES,Federal Contract Tower,0,2,14,2,18,0,4,15,0,19,0,6,29,2,37,28,0,28,65
08/09/2005,AHN,GA,ASO,ES,Federal Contract Tower,0,2,24,1,27,0,0,23,4,27,0,2,47,5,54,20,10,30,84
08/10/2005,AHN,GA,ASO,ES,Federal Contract Tower,0,3,26,6,35,0,0,17,2,19,0,3,43,8,54,30,0,30,84
08/11/2005,AHN,GA,ASO,ES,Federal Contract Tower,0,5,35,5,45,0,0,40,3,43,0,5,75,8,88,62,6,68,156
08/12/2005,AHN,GA,ASO,ES,Federal Contract Tower,0,6,46,7,59,0,0,86,3,89,0,6,132,10,148,76,18,94,242
08/13/2005,AHN,GA,ASO,ES,Federal Contract Tower,0,2,19,6,27,0,0,55,2,57,0,2,74,8,84,46,20,66,150
08/14/2005,AHN,GA,ASO,ES,Federal Contract Tower,0,2,30,0,32,0,0,50,0,50,0,2,80,0,82,22,0,22,104
08/15/2005,AHN,GA,ASO,ES,Federal Contract Tower,0,3,35,0,38,0,2,56,0,58,0,5,91,0,96,132,0,132,228
08/16/2005,AHN,GA,ASO,ES,Federal Contract Tower,0,3,14,2,19,0,2,42,1,45,0,5,56,3,64,56,8,64,128
08/17/2005,AHN,GA,ASO,ES,Federal Contract Tower,0,5,29,2,36,0,3,34,2,39,0,8,63,4,75,58,0,58,133
08/18/2005,AHN,GA,ASO,ES,Federal Contract Tower,0,7,20,0,27,0,0,61,0,61,0,7,81,0,88,48,0,48,136
08/19/2005,AHN,GA,ASO,ES,Federal Contract Tower,0,2,22,6,30,0,2,44,3,49,0,4,66,9,79,64,10,74,153
08/20/2005,AHN,GA,ASO,ES,Federal Contract Tower,0,1,38,8,47,0,1,59,0,60,0,2,97,8,107,102,14,116,223
08/21/2005,AHN,GA,ASO,ES,Federal Contract Tower,0,1,32,4,37,0,0,48,0,48,0,1,80,4,85,34,0,34,119
08/22/2005,AHN,GA,ASO,ES,Federal Contract Tower,0,4,12,0,16,0,1,34,1,36,0,5,46,1,52,42,6,48,100
08/23/2005,AHN,GA,ASO,ES,Federal Contract Tower,0,3,20,0,23,0,0,16,2,18,0,3,36,2,41,32,2,34,75
08/24/2005,AHN,GA,ASO,ES,Federal Contract Tower,0,6,45,0,51,0,0,13,1,14,0,6,58,1,65,62,0,62,127
08/25/2005,AHN,GA,ASO,ES,Federal Contract Tower,0,5,31,2,38,0,0,26,8,34,0,5,57,10,72,26,0,26,98
08/26/2005,AHN,GA,ASO,ES,Federal Contract Tower,0,2,32,12,46,0,0,38,4,42,0,2,70,16,88,70,0,70,158
08/27/2005,AHN,GA,ASO,ES,Federal Contract Tower,0,1,19,6,26,0,0,74,0,74,0,1,93,6,100,68,0,68,168
08/28/2005,AHN,GA,ASO,ES,Federal Contract Tower,0,1,14,9,24,0,0,41,2,43,0,1,55,11,67,28,26,54,121
08/29/2005,AHN,GA,ASO,ES,Federal Contract Tower,0,3,14,3,20,0,0,20,0,20,0,3,34,3,40,58,0,58,98
08/30/2005,AHN,GA,ASO,ES,Federal Contract Tower,0,2,17,0,19,0,0,6,0,6,0,2,23,0,25,4,0,4,29
08/31/2005,AHN,GA,ASO,ES,Federal Contract Tower,0,5,14,4,23,0,0,47,1,48,0,5,61,5,71,52,0,52,123
09/01/2005,AHN,GA,ASO,ES,Federal Contract Tower,0,5,41,2,48,0,2,44,0,46,0,7,85,2,94,86,8,94,188
09/02/2005,AHN,GA,ASO,ES,Federal Contract Tower,0,2,29,4,35,0,6,67,2,75,0,8,96,6,110,28,0,28,138
09/03/2005,AHN,GA,ASO,ES,Federal Contract Tower,0,3,41,0,44,0,0,67,2,69,0,3,108,2,113,106,0,106,219
09/04/2005,AHN,GA,ASO,ES,Federal Contract Tower,0,4,18,2,24,0,0,34,0,34,0,4,52,2,58,16,0,16,74
09/05/2005,AHN,GA,ASO,ES,Federal Contract Tower,0,3,34,2,39,0,0,94,0,94,0,3,128,2,133,72,10,82,215
09/06/2005,AHN,GA,ASO,ES,Federal Contract Tower,0,4,15,2,21,0,0,28,3,31,0,4,43,5,52,18,10,28,80
09/07/2005,AHN,GA,ASO,ES,Federal Contract Tower,0,5,15,2,22,0,0,66,1,67,0,5,81,3,89,62,8,70,159
09/08/2005,AHN,GA,ASO,ES,Federal Contract Tower,0,5,19,3,27,0,0,45,0,45,0,5,64,3,72,96,0,96,168
09/09/2005,AHN,GA,ASO,ES,Federal Contract Tower,0,3,38,2,43,0,1,68,5,74,0,4,106,7,117,116,10,126,243
09/10/2005,AHN,GA,ASO,ES,Federal Contract Tower,0,2,102,0,104,0,1,50,2,53,0,3,152,2,157,146,0,146,303
09/11/2005,AHN,GA,ASO,ES,Federal Contract Tower,0,3,47,13,63,0,0,86,0,86,0,3,133,13,149,96,4,100,249
09/12/2005,AHN,GA,ASO,ES,Federal Contract Tower,0,2,13,0,15,0,2,27,0,29,0,4,40,0,44,62,0,62,106
09/13/2005,AHN,GA,ASO,ES,Federal Contract Tower,0,2,14,0,16,0,0,59,0,59,0,2,73,0,75,54,0,54,129
09/14/2005,AHN,GA,ASO,ES,Federal Contract Tower,0,5,21,3,29,0,3,43,0,46,0,8,64,3,75,52,2,54,129
09/15/2005,AHN,GA,ASO,ES,Federal Contract Tower,0,5,18,3,26,0,1,50,2,53,0,6,68,5,79,98,0,98,177
09/16/2005,AHN,GA,ASO,ES,Federal Contract Tower,0,6,37,4,47,0,0,32,6,38,0,6,69,10,85,48,4,52,137
09/17/2005,AHN,GA,ASO,ES,Federal Contract Tower,0,3,44,5,52,0,0,72,1,73,0,3,116,6,125,84,12,96,221
09/18/2005,AHN,GA,ASO,ES,Federal Contract Tower,0,5,39,1,45,0,0,66,0,66,0,5,105,1,111,122,0,122,233
09/19/2005,AHN,GA,ASO,ES,Federal Contract Tower,0,4,24,0,28,0,0,62,0,62,0,4,86,0,90,64,0,64,154
09/20/2005,AHN,GA,ASO,ES,Federal Contract Tower,0,5,31,0,36,0,0,51,2,53,0,5,82,2,89,50,0,50,139
09/21/2005,AHN,GA,ASO,ES,Federal Contract Tower,0,3,22,2,27,0,0,46,2,48,0,3,68,4,75,82,2,84,159
09/22/2005,AHN,GA,ASO,ES,Federal Contract Tower,0,2,30,1,33,0,2,48,20,70,0,4,78,21,103,52,0,52,155
09/23/2005,AHN,GA,ASO,ES,Federal Contract Tower,0,6,25,4,35,0,1,63,0,64,0,7,88,4,99,38,0,38,137
09/24/2005,AHN,GA,ASO,ES,Federal Contract Tower,0,1,25,4,30,0,0,56,1,57,0,1,81,5,87,76,10,86,173
09/25/2005,AHN,GA,ASO,ES,Federal Contract Tower,0,5,27,6,38,0,0,26,4,30,0,5,53,10,68,26,8,34,102
09/26/2005,AHN,GA,ASO,ES,Federal Contract Tower,0,4,23,5,32,0,0,23,2,25,0,4,46,7,57,29,4,33,90
09/27/2005,AHN,GA,ASO,ES,Federal Contract Tower,0,2,17,0,19,0,0,25,4,29,0,2,42,4,48,56,10,66,114
09/28/2005,AHN,GA,ASO,ES,Federal Contract Tower,0,2,23,0,25,0,0,16,4,20,0,2,39,4,45,14,0,14,59
09/29/2005,AHN,GA,ASO,ES,Federal Contract Tower,0,4,36,0,40,0,0,34,8,42,0,4,70,8,82,44,6,50,132
09/30/2005,AHN,GA,ASO,ES,Federal Contract Tower,0,5,37,1,43,0,0,69,0,69,0,5,106,1,112,48,2,50,162
10/01/2005,AHN,GA,ASO,ES,Federal Contract Tower,0,3,26,0,29,0,0,42,0,42,0,3,68,0,71,40,0,40,111
10/02/2005,AHN,GA,ASO,ES,Federal Contract Tower,0,3,33,0,36,0,2,43,0,45,0,5,76,0,81,38,0,38,119
10/03/2005,AHN,GA,ASO,ES,Federal Contract Tower,0,4,9,0,13,0,1,38,0,39,0,5,47,0,52,32,0,32,84
10/04/2005,AHN,GA,ASO,ES,Federal Contract Tower,0,2,25,0,27,0,2,33,2,37,0,4,58,2,64,52,0,52,116
10/05/2005,AHN,GA,ASO,ES,Federal Contract Tower,0,1,21,0,22,0,0,13,2,15,0,1,34,2,37,16,6,22,59
10/06/2005,AHN,GA,ASO,ES,Federal Contract Tower,0,7,12,2,21,0,0,2,4,6,0,7,14,6,27,0,0,0,27
10/07/2005,AHN,GA,ASO,ES,Federal Contract Tower,0,4,13,2,19,0,0,0,0,0,0,4,13,2,19,0,0,0,19
10/08/2005,AHN,GA,ASO,ES,Federal Contract Tower,0,2,40,6,48,0,0,29,2,31,0,2,69,8,79,48,0,48,127
10/09/2005,AHN,GA,ASO,ES,Federal Contract Tower,0,2,50,0,52,0,2,10,2,14,0,4,60,2,66,10,0,10,76
10/10/2005,AHN,GA,ASO,ES,Federal Contract Tower,0,4,28,1,33,0,0,2,0,2,0,4,30,1,35,0,0,0,35
10/11/2005,AHN,GA,ASO,ES,Federal Contract Tower,0,4,17,2,23,0,0,30,1,31,0,4,47,3,54,106,0,106,160
10/12/2005,AHN,GA,ASO,ES,Federal Contract Tower,0,3,36,2,41,0,0,28,4,32,0,3,64,6,73,70,8,78,151
10/13/2005,AHN,GA,ASO,ES,Federal Contract Tower,0,2,44,2,48,0,0,20,1,21,0,2,64,3,69,48,6,54,123
10/14/2005,AHN,GA,ASO,ES,Federal Contract Tower,0,5,34,8,47,0,1,51,3,55,0,6,85,11,102,22,24,46,148
10/15/2005,AHN,GA,ASO,ES,Federal Contract Tower,0,2,24,0,26,0,0,71,0,71,0,2,95,0,97,66,0,66,163
10/16/2005,AHN,GA,ASO,ES,Federal Contract Tower,0,1,33,21,55,0,2,95,2,99,0,3,128,23,154,46,0,46,200
10/17/2005,AHN,GA,ASO,ES,Federal Contract Tower,0,7,18,0,25,0,1,84,2,87,0,8,102,2,112,143,10,153,265
10/18/2005,AHN,GA,ASO,ES,Federal Contract Tower,0,5,13,2,20,0,0,95,2,97,0,5,108,4,117,176,22,198,315
10/19/2005,AHN,GA,ASO,ES,Federal Contract Tower,0,2,25,3,30,0,0,66,3,69,0,2,91,6,99,48,4,52,151
10/20/2005,AHN,GA,ASO,ES,Federal Contract Tower,0,10,50,0,60,0,3,38,3,44,0,13,88,3,104,58,0,58,162
10/21/2005,AHN,GA,ASO,ES,Federal Contract Tower,0,5,61,12,78,0,0,62,2,64,0,5,123,14,142,38,0,38,180
10/22/2005,AHN,GA,ASO,ES,Federal Contract Tower,0,4,82,1,87,0,0,54,0,54,0,4,136,1,141,84,0,84,225
10/23/2005,AHN,GA,ASO,ES,Federal Contract Tower,0,3,37,0,40,0,2,95,0,97,0,5,132,0,137,96,0,96,233
10/24/2005,AHN,GA,ASO,ES,Federal Contract Tower,0,1,12,1,14,0,0,16,1,17,0,1,28,2,31,46,2,48,79
10/25/2005,AHN,GA,ASO,ES,Federal Contract Tower,0,4,24,4,32,0,0,23,4,27,0,4,47,8,59,0,6,6,65
10/26/2005,AHN,GA,ASO,ES,Federal Contract Tower,0,1,22,4,27,0,2,56,2,60,0,3,78,6,87,80,2,82,169
10/27/2005,AHN,GA,ASO,ES,Federal Contract Tower,0,3,50,5,58,0,3,65,0,68,0,6,115,5,126,58,12,70,196
10/28/2005,AHN,GA,ASO,ES,Federal Contract Tower,0,2,24,6,32,0,0,62,2,64,0,2,86,8,96,34,0,34,130
10/29/2005,AHN,GA,ASO,ES,Federal Contract Tower,0,2,27,0,29,0,3,68,30,101,0,5,95,30,130,50,0,50,180
10/30/2005,AHN,GA,ASO,ES,Federal Contract Tower,0,1,48,6,55,0,0,90,0,90,0,1,138,6,145,60,0,60,205
10/31/2005,AHN,GA,ASO,ES,Federal Contract Tower,0,5,11,0,16,0,1,61,0,62,0,6,72,0,78,56,0,56,134
11/01/2005,AHN,GA,ASO,ES,Federal Contract Tower,0,3,17,0,20,0,3,40,4,47,0,6,57,4,67,102,0,102,169
11/02/2005,AHN,GA,ASO,ES,Federal Contract Tower,0,7,44,0,51,0,0,65,4,69,0,7,109,4,120,120,10,130,250
11/03/2005,AHN,GA,ASO,ES,Federal Contract Tower,0,4,17,1,22,0,2,70,2,74,0,6,87,3,96,124,0,124,220
11/04/2005,AHN,GA,ASO,ES,Federal Contract Tower,0,2,47,14,63,0,0,88,2,90,0,2,135,16,153,122,36,158,311
11/05/2005,AHN,GA,ASO,ES,Federal Contract Tower,0,1,24,7,32,0,0,52,1,53,0,1,76,8,85,48,26,74,159
11/06/2005,AHN,GA,ASO,ES,Federal Contract Tower,0,4,30,6,40,0,0,41,2,43,0,4,71,8,83,32,6,38,121
11/07/2005,AHN,GA,ASO,ES,Federal Contract Tower,0,4,37,3,44,0,0,40,0,40,0,4,77,3,84,86,0,86,170
11/08/2005,AHN,GA,ASO,ES,Federal Contract Tower,0,2,27,0,29,0,0,58,2,60,0,2,85,2,89,84,0,84,173
11/09/2005,AHN,GA,ASO,ES,Federal Contract Tower,0,4,21,6,31,0,0,59,4,63,0,4,80,10,94,82,20,102,196
11/10/2005,AHN,GA,ASO,ES,Federal Contract Tower,0,2,17,0,19,0,0,59,0,59,0,2,76,0,78,142,0,142,220
11/11/2005,AHN,GA,ASO,ES,Federal Contract Tower,0,7,62,6,75,0,0,79,12,91,0,7,141,18,166,46,28,74,240
11/12/2005,AHN,GA,ASO,ES,Federal Contract Tower,0,7,84,1,92,0,0,90,4,94,0,7,174,5,186,156,18,174,360
11/13/2005,AHN,GA,ASO,ES,Federal Contract Tower,0,2,109,0,111,0,0,80,2,82,0,2,189,2,193,36,0,36,229
11/14/2005,AHN,GA,ASO,ES,Federal Contract Tower,0,5,20,0,25,0,0,20,0,20,0,5,40,0,45,16,0,16,61
11/15/2005,AHN,GA,ASO,ES,Federal Contract Tower,0,3,21,0,24,0,0,17,2,19,0,3,38,2,43,38,0,38,81
11/16/2005,AHN,GA,ASO,ES,Federal Contract Tower,0,2,25,5,32,0,0,16,4,20,0,2,41,9,52,26,6,32,84
11/17/2005,AHN,GA,ASO,ES,Federal Contract Tower,0,2,21,3,26,0,0,65,4,69,0,2,86,7,95,30,18,48,143
11/18/2005,AHN,GA,ASO,ES,Federal Contract Tower,0,7,34,15,56,0,8,75,1,84,0,15,109,16,140,90,14,104,244
11/19/2005,AHN,GA,ASO,ES,Federal Contract Tower,0,7,58,3,68,0,4,102,1,107,0,11,160,4,175,192,0,192,367
11/20/2005,AHN,GA,ASO,ES,Federal Contract Tower,0,1,36,0,37,0,0,22,0,22,0,1,58,0,59,53,0,53,112
11/21/2005,AHN,GA,ASO,ES,Federal Contract Tower,0,6,6,0,12,0,0,0,0,0,0,6,6,0,12,0,0,0,12
11/22/2005,AHN,GA,ASO,ES,Federal Contract Tower,0,10,31,3,44,0,0,23,0,23,0,10,54,3,67,12,0,12,79
11/23/2005,AHN,GA,ASO,ES,Federal Contract Tower,0,2,50,0,52,0,2,43,0,45,0,4,93,0,97,80,0,80,177
11/24/2005,AHN,GA,ASO,ES,Federal Contract Tower,0,0,7,0,7,0,0,17,0,17,0,0,24,0,24,12,0,12,36
11/25/2005,AHN,GA,ASO,ES,Federal Contract Tower,0,4,15,0,19,0,0,70,0,70,0,4,85,0,89,92,0,92,181
11/26/2005,AHN,GA,ASO,ES,Federal Contract Tower,0,1,31,0,32,0,0,60,0,60,0,1,91,0,92,62,0,62,154
11/27/2005,AHN,GA,ASO,ES,Federal Contract Tower,0,4,70,0,74,0,0,7,0,7,0,4,77,0,81,0,0,0,81
11/28/2005,AHN,GA,ASO,ES,Federal Contract Tower,0,2,13,0,15,0,0,0,0,0,0,2,13,0,15,0,0,0,15
11/29/2005,AHN,GA,ASO,ES,Federal Contract Tower,0,2,17,0,19,0,0,29,2,31,0,2,46,2,50,68,10,78,128
11/30/2005,AHN,GA,ASO,ES,Federal Contract Tower,0,1,24,0,25,0,4,48,1,53,0,5,72,1,78,140,8,148,226
12/01/2005,AHN,GA,ASO,ES,Federal Contract Tower,0,6,37,0,43,0,0,57,1,58,0,6,94,1,101,80,6,86,187
12/02/2005,AHN,GA,ASO,ES,Federal Contract Tower,0,2,19,7,28,0,1,58,5,64,0,3,77,12,92,62,0,62,154
12/03/2005,AHN,GA,ASO,ES,Federal Contract Tower,0,1,30,3,34,0,2,19,2,23,0,3,49,5,57,64,0,64,121
12/04/2005,AHN,GA,ASO,ES,Federal Contract Tower,0,1,33,0,34,0,2,11,0,13,0,3,44,0,47,28,0,28,75
12/05/2005,AHN,GA,ASO,ES,Federal Contract Tower,0,3,7,2,12,0,0,0,0,0,0,3,7,2,12,0,0,0,12
12/06/2005,AHN,GA,ASO,ES,Federal Contract Tower,0,4,30,2,36,0,0,51,0,51,0,4,81,2,87,132,0,132,219
12/07/2005,AHN,GA,ASO,ES,Federal Contract Tower,0,1,29,0,30,0,2,83,3,88,0,3,112,3,118,122,2,124,242
12/08/2005,AHN,GA,ASO,ES,Federal Contract Tower,0,3,20,6,29,0,0,5,0,5,0,3,25,6,34,0,0,0,34
12/09/2005,AHN,GA,ASO,ES,Federal Contract Tower,0,0,25,4,29,0,1,51,0,52,0,1,76,4,81,80,8,88,169
12/10/2005,AHN,GA,ASO,ES,Federal Contract Tower,0,1,8,0,9,0,0,89,1,90,0,1,97,1,99,68,0,68,167
12/11/2005,AHN,GA,ASO,ES,Federal Contract Tower,0,0,24,2,26,0,2,54,0,56,0,2,78,2,82,58,6,64,146
12/12/2005,AHN,GA,ASO,ES,Federal Contract Tower,0,5,22,7,34,0,0,43,2,45,0,5,65,9,79,98,2,100,179
12/13/2005,AHN,GA,ASO,ES,Federal Contract Tower,0,2,20,4,26,0,0,51,0,51,0,2,71,4,77,118,0,118,195
12/14/2005,AHN,GA,ASO,ES,Federal Contract Tower,0,2,18,2,22,0,0,18,0,18,0,2,36,2,40,18,0,18,58
12/15/2005,AHN,GA,ASO,ES,Federal Contract Tower,0,5,6,0,11,0,0,0,0,0,0,5,6,0,11,0,0,0,11
12/16/2005,AHN,GA,ASO,ES,Federal Contract Tower,0,5,44,4,53,0,1,60,0,61,0,6,104,4,114,90,0,90,204
12/17/2005,AHN,GA,ASO,ES,Federal Contract Tower,0,2,32,2,36,0,0,39,0,39,0,2,71,2,75,118,0,118,193
12/18/2005,AHN,GA,ASO,ES,Federal Contract Tower,0,3,15,0,18,0,0,33,0,33,0,3,48,0,51,44,0,44,95
12/19/2005,AHN,GA,ASO,ES,Federal Contract Tower,0,4,35,2,41,0,0,48,0,48,0,4,83,2,89,40,2,42,131
12/20/2005,AHN,GA,ASO,ES,Federal Contract Tower,0,2,17,2,21,0,0,49,3,52,0,2,66,5,73,48,92,140,213
12/21/2005,AHN,GA,ASO,ES,Federal Contract Tower,0,2,29,0,31,0,0,71,0,71,0,2,100,0,102,162,0,162,264
12/22/2005,AHN,GA,ASO,ES,Federal Contract Tower,0,7,42,2,51,0,0,62,2,64,0,7,104,4,115,146,0,146,261
12/23/2005,AHN,GA,ASO,ES,Federal Contract Tower,0,3,29,3,35,0,0,97,1,98,0,3,126,4,133,70,0,70,203
12/24/2005,AHN,GA,ASO,ES,Federal Contract Tower,0,1,16,0,17,0,0,26,0,26,0,1,42,0,43,18,0,18,61
12/25/2005,AHN,GA,ASO,ES,Federal Contract Tower,0,3,2,0,5,0,1,1,0,2,0,4,3,0,7,0,0,0,7
12/26/2005,AHN,GA,ASO,ES,Federal Contract Tower,0,3,50,0,53,0,0,40,0,40,0,3,90,0,93,14,0,14,107
12/27/2005,AHN,GA,ASO,ES,Federal Contract Tower,0,3,33,1,37,0,0,65,0,65,0,3,98,1,102,66,6,72,174
12/28/2005,AHN,GA,ASO,ES,Federal Contract Tower,0,2,21,1,24,0,0,0,0,0,0,2,21,1,24,2,0,2,26
12/29/2005,AHN,GA,ASO,ES,Federal Contract Tower,0,4,17,0,21,0,0,32,0,32,0,4,49,0,53,40,0,40,93
12/30/2005,AHN,GA,ASO,ES,Federal Contract Tower,0,1,23,0,24,0,2,78,0,80,0,3,101,0,104,138,0,138,242
12/31/2005,AHN,GA,ASO,ES,Federal Contract Tower,0,1,17,0,18,0,1,41,0,42,0,2,58,0,60,42,0,42,102
01/01/2006,AHN,GA,ASO,ES,Federal Contract Tower,0,2,35,0,37,0,1,25,0,26,0,3,60,0,63,40,0,40,103
01/02/2006,AHN,GA,ASO,ES,Federal Contract Tower,0,1,8,0,9,0,0,0,0,0,0,1,8,0,9,0,0,0,9
01/03/2006,AHN,GA,ASO,ES,Federal Contract Tower,0,3,43,0,46,0,0,29,0,29,0,3,72,0,75,54,0,54,129
01/04/2006,AHN,GA,ASO,ES,Federal Contract Tower,0,2,28,2,32,0,0,76,1,77,0,2,104,3,109,110,2,112,221
01/05/2006,AHN,GA,ASO,ES,Federal Contract Tower,0,4,11,0,15,0,2,56,0,58,0,6,67,0,73,50,20,70,143
01/06/2006,AHN,GA,ASO,ES,Federal Contract Tower,2,6,23,4,35,0,0,42,4,46,2,6,65,8,81,18,10,28,109
01/07/2006,AHN,GA,ASO,ES,Federal Contract Tower,4,2,21,2,29,0,0,82,4,86,4,2,103,6,115,92,20,112,227
01/08/2006,AHN,GA,ASO,ES,Federal Contract Tower,2,1,26,0,29,0,0,90,4,94,2,1,116,4,123,50,4,54,177
01/09/2006,AHN,GA,ASO,ES,Federal Contract Tower,0,6,15,0,21,0,0,32,0,32,0,6,47,0,53,32,0,32,85
01/10/2006,AHN,GA,ASO,ES,Federal Contract Tower,2,2,17,0,21,0,1,25,1,27,2,3,42,1,48,98,0,98,146
01/11/2006,AHN,GA,ASO,ES,Federal Contract Tower,1,4,26,2,33,0,0,16,2,18,1,4,42,4,51,24,2,26,77
01/12/2006,AHN,GA,ASO,ES,Federal Contract Tower,0,4,20,0,24,0,0,81,0,81,0,4,101,0,105,192,0,192,297
01/13/2006,AHN,GA,ASO,ES,Federal Contract Tower,1,2,23,3,29,0,2,16,0,18,1,4,39,3,47,18,0,18,65
01/14/2006,AHN,GA,ASO,ES,Federal Contract Tower,0,3,18,2,23,0,0,12,10,22,0,3,30,12,45,0,6,6,51
01/15/2006,AHN,GA,ASO,ES,Federal Contract Tower,0,5,25,6,36,0,0,105,0,105,0,5,130,6,141,128,0,128,269
01/16/2006,AHN,GA,ASO,ES,Federal Contract Tower,1,3,29,0,33,0,0,47,0,47,1,3,76,0,80,116,0,116,196
01/17/2006,AHN,GA,ASO,ES,Federal Contract Tower,1,2,24,0,27,0,0,3,0,3,1,2,27,0,30,0,0,0,30
01/18/2006,AHN,GA,ASO,ES,Federal Contract Tower,0,3,32,2,37,0,0,44,0,44,0,3,76,2,81,12,6,18,99
01/19/2006,AHN,GA,ASO,ES,Federal Contract Tower,0,3,18,0,21,0,0,91,1,92,0,3,109,1,113,72,0,72,185
01/20/2006,AHN,GA,ASO,ES,Federal Contract Tower,0,3,23,15,41,0,0,99,13,112,0,3,122,28,153,96,14,110,263
01/21/2006,AHN,GA,ASO,ES,Federal Contract Tower,0,2,9,2,13,0,0,0,0,0,0,2,9,2,13,0,0,0,13
01/22/2006,AHN,GA,ASO,ES,Federal Contract Tower,0,3,29,1,33,0,0,0,0,0,0,3,29,1,33,0,0,0,33
01/23/2006,AHN,GA,ASO,ES,Federal Contract Tower,0,2,11,0,13,0,0,0,0,0,0,2,11,0,13,0,0,0,13
01/24/2006,AHN,GA,ASO,ES,Federal Contract Tower,2,4,25,6,37,0,0,49,3,52,2,4,74,9,89,66,12,78,167
01/25/2006,AHN,GA,ASO,ES,Federal Contract Tower,0,2,10,0,12,0,0,50,11,61,0,2,60,11,73,70,10,80,153
01/26/2006,AHN,GA,ASO,ES,Federal Contract Tower,0,4,24,4,32,0,0,96,1,97,0,4,120,5,129,84,2,86,215
01/27/2006,AHN,GA,ASO,ES,Federal Contract Tower,0,5,27,0,32,0,0,110,3,113,0,5,137,3,145,134,0,134,279
01/28/2006,AHN,GA,ASO,ES,Federal Contract Tower,2,5,33,1,41,0,0,84,0,84,2,5,117,1,125,130,0,130,255
01/29/2006,AHN,GA,ASO,ES,Federal Contract Tower,0,5,25,0,30,0,0,7,0,7,0,5,32,0,37,24,0,24,61
01/30/2006,AHN,GA,ASO,ES,Federal Contract Tower,0,2,25,0,27,0,0,31,0,31,0,2,56,0,58,22,0,22,80
01/31/2006,AHN,GA,ASO,ES,Federal Contract Tower,2,2,26,0,30,0,0,39,29,68,2,2,65,29,98,58,0,58,156
02/01/2006,AHN,GA,ASO,ES,Federal Contract Tower,1,2,15,2,20,0,0,90,2,92,1,2,105,4,112,120,2,122,234
02/02/2006,AHN,GA,ASO,ES,Federal Contract Tower,0,2,29,2,33,0,0,40,0,40,0,2,69,2,73,76,0,76,149
02/03/2006,AHN,GA,ASO,ES,Federal Contract Tower,2,4,32,12,50,0,1,63,9,73,2,5,95,21,123,202,148,350,473
02/04/2006,AHN,GA,ASO,ES,Federal Contract Tower,0,1,6,4,11,0,0,5,3,8,0,1,11,7,19,0,2,2,21
02/05/2006,AHN,GA,ASO,ES,Federal Contract Tower,0,4,32,7,43,0,0,42,1,43,0,4,74,8,86,64,4,68,154
02/06/2006,AHN,GA,ASO,ES,Federal Contract Tower,0,2,16,0,18,0,0,0,0,0,0,2,16,0,18,0,0,0,18
02/07/2006,AHN,GA,ASO,ES,Federal Contract Tower,0,7,37,0,44,0,3,41,1,45,0,10,78,1,89,64,4,68,157
02/08/2006,AHN,GA,ASO,ES,Federal Contract Tower,0,6,25,2,33,0,1,83,1,85,0,7,108,3,118,24,22,46,164
02/09/2006,AHN,GA,ASO,ES,Federal Contract Tower,0,5,21,4,30,0,0,70,6,76,0,5,91,10,106,120,28,148,254
02/10/2006,AHN,GA,ASO,ES,Federal Contract Tower,2,8,30,4,44,0,1,60,10,71,2,9,90,14,115,92,18,110,225
02/11/2006,AHN,GA,ASO,ES,Federal Contract Tower,0,6,9,0,15,0,0,0,0,0,0,6,9,0,15,0,0,0,15
02/12/2006,AHN,GA,ASO,ES,Federal Contract Tower,0,1,35,0,36,0,0,21,8,29,0,1,56,8,65,34,0,34,99
02/13/2006,AHN,GA,ASO,ES,Federal Contract Tower,0,2,22,0,24,0,0,54,0,54,0,2,76,0,78,62,0,62,140
02/14/2006,AHN,GA,ASO,ES,Federal Contract Tower,2,2,15,0,19,0,2,80,2,84,2,4,95,2,103,124,0,124,227
02/15/2006,AHN,GA,ASO,ES,Federal Contract Tower,2,4,21,3,30,0,0,78,6,84,2,4,99,9,114,122,50,172,286
02/16/2006,AHN,GA,ASO,ES,Federal Contract Tower,0,1,17,7,25,0,0,42,0,42,0,1,59,7,67,38,22,60,127
02/17/2006,AHN,GA,ASO,ES,Federal Contract Tower,0,10,46,9,65,0,1,50,6,57,0,11,96,15,122,62,0,62,184
02/18/2006,AHN,GA,ASO,ES,Federal Contract Tower,0,2,14,0,16,0,0,7,0,7,0,2,21,0,23,26,0,26,49
02/19/2006,AHN,GA,ASO,ES,Federal Contract Tower,2,1,20,0,23,0,0,9,0,9,2,1,29,0,32,0,0,0,32
02/20/2006,AHN,GA,ASO,ES,Federal Contract Tower,0,2,30,0,32,0,0,0,0,0,0,2,30,0,32,0,0,0,32
02/21/2006,AHN,GA,ASO,ES,Federal Contract Tower,0,6,16,0,22,0,2,48,0,50,0,8,64,0,72,132,0,132,204
02/22/2006,AHN,GA,ASO,ES,Federal Contract Tower,0,8,28,2,38,0,0,0,0,0,0,8,28,2,38,0,0,0,38
02/23/2006,AHN,GA,ASO,ES,Federal Contract Tower,0,4,21,0,25,0,0,32,4,36,0,4,53,4,61,58,32,90,151
02/24/2006,AHN,GA,ASO,ES,Federal Contract Tower,0,7,47,6,60,0,0,83,5,88,0,7,130,11,148,48,4,52,200
02/25/2006,AHN,GA,ASO,ES,Federal Contract Tower,0,1,22,0,23,0,0,0,0,0,0,1,22,0,23,0,0,0,23
02/26/2006,AHN,GA,ASO,ES,Federal Contract Tower,0,1,21,8,30,0,0,59,0,59,0,1,80,8,89,78,8,86,175
02/27/2006,AHN,GA,ASO,ES,Federal Contract Tower,0,4,23,0,27,0,3,73,2,78,0,7,96,2,105,118,0,118,223
02/28/2006,AHN,GA,ASO,ES,Federal Contract Tower,0,5,23,1,29,0,2,78,3,83,0,7,101,4,112,98,2,100,212
03/01/2006,AHN,GA,ASO,ES,Federal Contract Tower,0,5,32,2,39,0,0,59,8,67,0,5,91,10,106,34,8,42,148
03/02/2006,AHN,GA,ASO,ES,Federal Contract Tower,0,4,28,0,32,0,0,14,0,14,0,4,42,0,46,36,0,36,82
03/03/2006,AHN,GA,ASO,ES,Federal Contract Tower,0,4,42,4,50,0,0,96,1,97,0,4,138,5,147,128,0,128,275
03/04/2006,AHN,GA,ASO,ES,Federal Contract Tower,1,2,18,0,21,0,0,91,0,91,1,2,109,0,112,78,0,78,190
03/05/2006,AHN,GA,ASO,ES,Federal Contract Tower,1,3,31,10,45,0,1,72,7,80,1,4,103,17,125,66,36,102,227
03/06/2006,AHN,GA,ASO,ES,Federal Contract Tower,0,4,26,0,30,0,0,20,0,20,0,4,46,0,50,6,0,6,56
03/07/2006,AHN,GA,ASO,ES,Federal Contract Tower,2,2,23,0,27,0,0,73,4,77,2,2,96,4,104,62,16,78,182
03/08/2006,AHN,GA,ASO,ES,Federal Contract Tower,0,3,25,0,28,0,1,69,0,70,0,4,94,0,98,58,0,58,156
03/09/2006,AHN,GA,ASO,ES,Federal Contract Tower,0,3,30,0,33,0,0,49,0,49,0,3,79,0,82,20,0,20,102
03/10/2006,AHN,GA,ASO,ES,Federal Contract Tower,2,4,36,0,42,0,0,61,2,63,2,4,97,2,105,62,0,62,167
03/11/2006,AHN,GA,ASO,ES,Federal Contract Tower,0,1,31,7,39,0,0,79,2,81,0,1,110,9,120,132,0,132,252
03/12/2006,AHN,GA,ASO,ES,Federal Contract Tower,0,2,22,5,29,0,0,60,1,61,0,2,82,6,90,46,10,56,146
03/13/2006,AHN,GA,ASO,ES,Federal Contract Tower,0,3,40,0,43,0,1,23,2,26,0,4,63,2,69,38,0,38,107
03/14/2006,AHN,GA,ASO,ES,Federal Contract Tower,0,2,16,0,18,0,0,11,2,13,0,2,27,2,31,8,4,12,43
03/15/2006,AHN,GA,ASO,ES,Federal Contract Tower,0,3,25,4,32,0,0,87,0,87,0,3,112,4,119,106,6,112,231
03/16/2006,AHN,GA,ASO,ES,Federal Contract Tower,0,3,29,15,47,0,1,87,7,95,0,4,116,22,142,38,22,60,202
03/17/2006,AHN,GA,ASO,ES,Federal Contract Tower,0,2,34,12,48,0,0,54,8,62,0,2,88,20,110,32,52,84,194
03/18/2006,AHN,GA,ASO,ES,Federal Contract Tower,0,2,47,1,50,0,1,64,2,67,0,3,111,3,117,40,0,40,157
03/19/2006,AHN,GA,ASO,ES,Federal Contract Tower,0,1,34,0,35,0,0,21,0,21,0,1,55,0,56,28,0,28,84
03/20/2006,AHN,GA,ASO,ES,Federal Contract Tower,0,3,23,0,26,0,2,13,0,15,0,5,36,0,41,48,0,48,89
03/21/2006,AHN,GA,ASO,ES,Federal Contract Tower,0,2,31,1,34,0,0,16,0,16,0,2,47,1,50,30,0,30,80
03/22/2006,AHN,GA,ASO,ES,Federal Contract Tower,0,3,22,0,25,0,0,106,2,108,0,3,128,2,133,168,6,174,307
03/23/2006,AHN,GA,ASO,ES,Federal Contract Tower,0,8,34,0,42,0,1,38,5,44,0,9,72,5,86,52,54,106,192
03/24/2006,AHN,GA,ASO,ES,Federal Contract Tower,0,12,36,0,48,0,0,80,6,86,0,12,116,6,134,42,166,208,342
03/25/2006,AHN,GA,ASO,ES,Federal Contract Tower,0,2,47,0,49,0,0,68,10,78,0,2,115,10,127,72,0,72,199
03/26/2006,AHN,GA,ASO,ES,Federal Contract Tower,0,1,38,0,39,0,2,61,0,63,0,3,99,0,102,62,0,62,164
03/27/2006,AHN,GA,ASO,ES,Federal Contract Tower,0,5,36,2,43,0,0,75,10,85,0,5,111,12,128,66,0,66,194
03/28/2006,AHN,GA,ASO,ES,Federal Contract Tower,0,1,22,0,23,0,1,5,2,8,0,2,27,2,31,6,6,12,43
03/29/2006,AHN,GA,ASO,ES,Federal Contract Tower,0,3,44,1,48,0,0,97,4,101,0,3,141,5,149,60,12,72,221
03/30/2006,AHN,GA,ASO,ES,Federal Contract Tower,0,4,42,0,46,0,2,107,6,115,0,6,149,6,161,170,0,170,331
03/31/2006,AHN,GA,ASO,ES,Federal Contract Tower,0,5,28,2,35,0,0,36,0,36,0,5,64,2,71,70,2,72,143
04/01/2006,AHN,GA,ASO,ES,Federal Contract Tower,0,1,39,3,43,0,0,33,0,33,0,1,72,3,76,52,4,56,132
04/02/2006,AHN,GA,ASO,ES,Federal Contract Tower,0,4,30,1,35,0,0,65,0,65,0,4,95,1,100,58,0,58,158
04/03/2006,AHN,GA,ASO,ES,Federal Contract Tower,0,2,10,6,18,0,0,23,3,26,0,2,33,9,44,24,40,64,108
04/04/2006,AHN,GA,ASO,ES,Federal Contract Tower,0,3,24,0,27,0,0,98,0,98,0,3,122,0,125,126,0,126,251
04/05/2006,AHN,GA,ASO,ES,Federal Contract Tower,0,2,41,2,45,0,0,84,2,86,0,2,125,4,131,90,0,90,221
04/06/2006,AHN,GA,ASO,ES,Federal Contract Tower,0,3,34,3,40,0,0,104,0,104,0,3,138,3,144,106,2,108,252
04/07/2006,AHN,GA,ASO,ES,Federal Contract Tower,0,17,34,6,57,0,0,60,5,65,0,17,94,11,122,56,2,58,180
04/08/2006,AHN,GA,ASO,ES,Federal Contract Tower,0,4,14,0,18,0,2,5,0,7,0,6,19,0,25,20,0,20,45
04/09/2006,AHN,GA,ASO,ES,Federal Contract Tower,0,4,77,14,95,0,0,98,6,104,0,4,175,20,199,50,12,62,261
04/10/2006,AHN,GA,ASO,ES,Federal Contract Tower,0,2,14,4,20,0,0,79,3,82,0,2,93,7,102,54,0,54,156
04/11/2006,AHN,GA,ASO,ES,Federal Contract Tower,0,6,33,8,47,0,1,61,9,71,0,7,94,17,118,66,28,94,212
04/12/2006,AHN,GA,ASO,ES,Federal Contract Tower,0,0,24,4,28,0,0,61,3,64,0,0,85,7,92,48,2,50,142
04/13/2006,AHN,GA,ASO,ES,Federal Contract Tower,0,0,42,0,42,0,4,59,2,65,0,4,101,2,107,96,10,106,213
04/14/2006,AHN,GA,ASO,ES,Federal Contract Tower,0,11,44,0,55,0,3,61,0,64,0,14,105,0,119,40,0,40,159
04/15/2006,AHN,GA,ASO,ES,Federal Contract Tower,0,1,28,0,29,0,0,54,0,54,0,1,82,0,83,44,0,44,127
04/16/2006,AHN,GA,ASO,ES,Federal Contract Tower,0,6,31,0,37,0,0,64,0,64,0,6,95,0,101,38,0,38,139
04/17/2006,AHN,GA,ASO,ES,Federal Contract Tower,0,3,29,5,37,0,0,41,4,45,0,3,70,9,82,10,24,34,116
04/18/2006,AHN,GA,ASO,ES,Federal Contract Tower,0,2,33,0,35,0,0,57,0,57,0,2,90,0,92,80,0,80,172
04/19/2006,AHN,GA,ASO,ES,Federal Contract Tower,0,2,39,0,41,0,0,9,2,11,0,2,48,2,52,6,10,16,68
04/20/2006,AHN,GA,ASO,ES,Federal Contract Tower,0,2,41,0,43,0,1,45,6,52,0,3,86,6,95,76,4,80,175
04/21/2006,AHN,GA,ASO,ES,Federal Contract Tower,0,5,45,3,53,0,0,37,1,38,0,5,82,4,91,18,0,18,109
04/22/2006,AHN,GA,ASO,ES,Federal Contract Tower,0,3,34,0,37,0,0,60,0,60,0,3,94,0,97,18,0,18,115
04/23/2006,AHN,GA,ASO,ES,Federal Contract Tower,0,3,48,2,53,0,0,61,3,64,0,3,109,5,117,22,0,22,139
04/24/2006,AHN,GA,ASO,ES,Federal Contract Tower,0,3,23,0,26,0,1,84,7,92,0,4,107,7,118,90,0,90,208
04/25/2006,AHN,GA,ASO,ES,Federal Contract Tower,0,5,36,0,41,0,0,55,9,64,0,5,91,9,105,46,8,54,159
04/26/2006,AHN,GA,ASO,ES,Federal Contract Tower,0,2,15,0,17,0,0,11,8,19,0,2,26,8,36,10,16,26,62
04/27/2006,AHN,GA,ASO,ES,Federal Contract Tower,0,6,35,0,41,0,0,66,6,72,0,6,101,6,113,36,0,36,149
04/28/2006,AHN,GA,ASO,ES,Federal Contract Tower,0,2,22,0,24,0,0,88,0,88,0,2,110,0,112,86,0,86,198
04/29/2006,AHN,GA,ASO,ES,Federal Contract Tower,0,2,22,3,27,0,5,40,0,45,0,7,62,3,72,32,4,36,108
04/30/2006,AHN,GA,ASO,ES,Federal Contract Tower,0,1,16,5,22,0,0,37,0,37,0,1,53,5,59,14,0,14,73
05/01/2006,AHN,GA,ASO,ES,Federal Contract Tower,0,4,27,0,31,0,1,58,0,59,0,5,85,0,90,58,0,58,148
05/02/2006,AHN,GA,ASO,ES,Federal Contract Tower,0,5,31,1,37,0,0,91,4,95,0,5,122,5,132,102,0,102,234
05/03/2006,AHN,GA,ASO,ES,Federal Contract Tower,0,4,31,0,35,0,0,72,6,78,0,4,103,6,113,46,0,46,159
05/04/2006,AHN,GA,ASO,ES,Federal Contract Tower,0,4,38,0,42,0,0,68,4,72,0,4,106,4,114,36,4,40,154
05/05/2006,AHN,GA,ASO,ES,Federal Contract Tower,0,3,31,8,42,0,0,58,0,58,0,3,89,8,100,40,0,40,140
05/06/2006,AHN,GA,ASO,ES,Federal Contract Tower,0,2,35,0,37,0,1,82,10,93,0,3,117,10,130,88,2,90,220
05/07/2006,AHN,GA,ASO,ES,Federal Contract Tower,0,2,29,0,31,0,0,0,0,0,0,2,29,0,31,0,0,0,31
05/08/2006,AHN,GA,ASO,ES,Federal Contract Tower,0,2,41,0,43,0,0,3,0,3,0,2,44,0,46,4,0,4,50
05/09/2006,AHN,GA,ASO,ES,Federal Contract Tower,0,7,40,1,48,0,3,19,4,26,0,10,59,5,74,28,0,28,102
05/10/2006,AHN,GA,ASO,ES,Federal Contract Tower,0,3,18,1,22,0,0,0,4,4,0,3,18,5,26,4,4,8,34
05/11/2006,AHN,GA,ASO,ES,Federal Contract Tower,0,3,35,1,39,0,1,14,5,20,0,4,49,6,59,4,0,4,63
05/12/2006,AHN,GA,ASO,ES,Federal Contract Tower,0,2,36,9,47,0,2,92,6,100,0,4,128,15,147,30,26,56,203
05/13/2006,AHN,GA,ASO,ES,Federal Contract Tower,0,1,23,0,24,0,0,80,2,82,0,1,103,2,106,54,0,54,160
05/14/2006,AHN,GA,ASO,ES,Federal Contract Tower,0,2,50,2,54,0,0,20,0,20,0,2,70,2,74,30,0,30,104
05/15/2006,AHN,GA,ASO,ES,Federal Contract Tower,0,2,34,9,45,0,0,68,0,68,0,2,102,9,113,62,10,72,185
05/16/2006,AHN,GA,ASO,ES,Federal Contract Tower,0,2,34,3,39,0,2,51,1,54,0,4,85,4,93,36,0,36,129
05/17/2006,AHN,GA,ASO,ES,Federal Contract Tower,0,4,20,2,26,0,0,70,0,70,0,4,90,2,96,94,0,94,190
05/18/2006,AHN,GA,ASO,ES,Federal Contract Tower,0,3,26,0,29,0,0,66,3,69,0,3,92,3,98,46,6,52,150
05/19/2006,AHN,GA,ASO,ES,Federal Contract Tower,0,2,26,7,35,0,1,65,4,70,0,3,91,11,105,34,10,44,149
05/20/2006,AHN,GA,ASO,ES,Federal Contract Tower,0,1,17,0,18,0,0,43,2,45,0,1,60,2,63,54,0,54,117
05/21/2006,AHN,GA,ASO,ES,Federal Contract Tower,0,1,14,0,15,0,0,55,0,55,0,1,69,0,70,10,0,10,80
05/22/2006,AHN,GA,ASO,ES,Federal Contract Tower,0,3,17,6,26,0,0,60,6,66,0,3,77,12,92,104,6,110,202
05/23/2006,AHN,GA,ASO,ES,Federal Contract Tower,0,6,30,3,39,0,7,81,10,98,0,13,111,13,137,122,0,122,259
05/24/2006,AHN,GA,ASO,ES,Federal Contract Tower,0,3,27,2,32,0,6,81,19,106,0,9,108,21,138,96,12,108,246
05/25/2006,AHN,GA,ASO,ES,Federal Contract Tower,0,3,45,4,52,0,6,39,18,63,0,9,84,22,115,70,6,76,191
05/26/2006,AHN,GA,ASO,ES,Federal Contract Tower,0,4,32,5,41,0,0,30,3,33,0,4,62,8,74,38,0,38,112
05/27/2006,AHN,GA,ASO,ES,Federal Contract Tower,0,2,25,0,27,0,0,76,6,82,0,2,101,6,109,18,12,30,139
05/28/2006,AHN,GA,ASO,ES,Federal Contract Tower,0,1,10,0,11,0,0,61,0,61,0,1,71,0,72,70,0,70,142
05/29/2006,AHN,GA,ASO,ES,Federal Contract Tower,0,5,36,0,41,0,0,50,1,51,0,5,86,1,92,52,0,52,144
05/30/2006,AHN,GA,ASO,ES,Federal Contract Tower,0,3,38,0,41,0,0,46,2,48,0,3,84,2,89,82,0,82,171
05/31/2006,AHN,GA,ASO,ES,Federal Contract Tower,0,3,36,0,39,0,4,40,0,44,0,7,76,0,83,54,0,54,137
06/01/2006,AHN,GA,ASO,ES,Federal Contract Tower,0,6,27,3,36,0,0,51,6,57,0,6,78,9,93,54,4,58,151
06/02/2006,AHN,GA,ASO,ES,Federal Contract Tower,0,6,30,0,36,0,0,81,2,83,0,6,111,2,119,84,0,84,203
06/03/2006,AHN,GA,ASO,ES,Federal Contract Tower,0,5,14,0,19,0,0,110,0,110,0,5,124,0,129,104,0,104,233
06/04/2006,AHN,GA,ASO,ES,Federal Contract Tower,0,3,21,3,27,0,0,73,2,75,0,3,94,5,102,92,0,92,194
06/05/2006,AHN,GA,ASO,ES,Federal Contract Tower,0,9,16,0,25,0,0,95,0,95,0,9,111,0,120,96,0,96,216
06/06/2006,AHN,GA,ASO,ES,Federal Contract Tower,0,3,30,0,33,0,0,110,1,111,0,3,140,1,144,66,0,66,210
06/07/2006,AHN,GA,ASO,ES,Federal Contract Tower,0,6,20,0,26,0,1,70,9,80,0,7,90,9,106,64,26,90,196
06/08/2006,AHN,GA,ASO,ES,Federal Contract Tower,0,2,35,0,37,0,2,74,0,76,0,4,109,0,113,106,0,106,219
06/09/2006,AHN,GA,ASO,ES,Federal Contract Tower,0,9,17,0,26,0,0,78,2,80,0,9,95,2,106,148,0,148,254
06/10/2006,AHN,GA,ASO,ES,Federal Contract Tower,0,1,22,0,23,0,0,98,7,105,0,1,120,7,128,86,12,98,226
06/11/2006,AHN,GA,ASO,ES,Federal Contract Tower,0,4,22,0,26,0,0,76,0,76,0,4,98,0,102,30,0,30,132
06/12/2006,AHN,GA,ASO,ES,Federal Contract Tower,0,4,16,0,20,0,0,48,15,63,0,4,64,15,83,86,0,86,169
06/13/2006,AHN,GA,ASO,ES,Federal Contract Tower,0,3,21,0,24,0,0,2,0,2,0,3,23,0,26,8,0,8,34
06/14/2006,AHN,GA,ASO,ES,Federal Contract Tower,0,4,20,0,24,0,0,84,3,87,0,4,104,3,111,100,0,100,211
06/15/2006,AHN,GA,ASO,ES,Federal Contract Tower,0,2,31,4,37,0,0,118,3,121,0,2,149,7,158,102,0,102,260
06/16/2006,AHN,GA,ASO,ES,Federal Contract Tower,0,6,33,9,48,0,15,79,0,94,0,21,112,9,142,100,4,104,246
06/17/2006,AHN,GA,ASO,ES,Federal Contract Tower,0,3,12,0,15,0,0,81,0,81,0,3,93,0,96,64,0,64,160
06/18/2006,AHN,GA,ASO,ES,Federal Contract Tower,0,6,32,0,38,0,0,79,2,81,0,6,111,2,119,54,0,54,173
06/19/2006,AHN,GA,ASO,ES,Federal Contract Tower,0,5,22,7,34,0,18,52,0,70,0,23,74,7,104,84,12,96,200
06/20/2006,AHN,GA,ASO,ES,Federal Contract Tower,0,5,22,2,29,0,0,103,1,104,0,5,125,3,133,93,8,101,234
06/21/2006,AHN,GA,ASO,ES,Federal Contract Tower,0,2,19,2,23,0,0,110,0,110,0,2,129,2,133,120,0,120,253
06/22/2006,AHN,GA,ASO,ES,Federal Contract Tower,0,4,29,1,34,0,0,54,6,60,0,4,83,7,94,64,0,64,158
06/23/2006,AHN,GA,ASO,ES,Federal Contract Tower,0,0,23,1,24,0,0,74,0,74,0,0,97,1,98,62,0,62,160
06/24/2006,AHN,GA,ASO,ES,Federal Contract Tower,0,1,33,0,34,0,0,71,0,71,0,1,104,0,105,70,0,70,175
06/25/2006,AHN,GA,ASO,ES,Federal Contract Tower,0,5,35,0,40,0,0,34,0,34,0,5,69,0,74,16,0,16,90
06/26/2006,AHN,GA,ASO,ES,Federal Contract Tower,0,2,11,2,15,0,1,3,0,4,0,3,14,2,19,2,0,2,21
06/27/2006,AHN,GA,ASO,ES,Federal Contract Tower,0,3,38,1,42,0,1,50,7,58,0,4,88,8,100,50,12,62,162
06/28/2006,AHN,GA,ASO,ES,Federal Contract Tower,0,4,22,2,28,0,0,71,2,73,0,4,93,4,101,44,2,46,147
06/29/2006,AHN,GA,ASO,ES,Federal Contract Tower,0,5,35,0,40,0,2,91,0,93,0,7,126,0,133,106,0,106,239
06/30/2006,AHN,GA,ASO,ES,Federal Contract Tower,0,6,34,0,40,0,0,104,2,106,0,6,138,2,146,120,0,120,266
07/01/2006,AHN,GA,ASO,ES,Federal Contract Tower,0,2,23,0,25,0,1,73,1,75,0,3,96,1,100,32,0,32,132
07/02/2006,AHN,GA,ASO,ES,Federal Contract Tower,0,5,17,0,22,0,0,78,0,78,0,5,95,0,100,56,0,56,156
07/03/2006,AHN,GA,ASO,ES,Federal Contract Tower,0,2,16,0,18,0,0,61,2,63,0,2,77,2,81,48,0,48,129
07/04/2006,AHN,GA,ASO,ES,Federal Contract Tower,0,2,19,0,21,0,0,55,0,55,0,2,74,0,76,38,0,38,114
07/05/2006,AHN,GA,ASO,ES,Federal Contract Tower,0,2,23,2,27,0,0,54,5,59,0,2,77,7,86,20,24,44,130
07/06/2006,AHN,GA,ASO,ES,Federal Contract Tower,0,2,32,0,34,0,0,16,1,17,0,2,48,1,51,54,0,54,105
07/07/2006,AHN,GA,ASO,ES,Federal Contract Tower,0,2,28,6,36,0,0,71,9,80,0,2,99,15,116,82,10,92,208
07/08/2006,AHN,GA,ASO,ES,Federal Contract Tower,0,3,19,0,22,0,0,72,8,80,0,3,91,8,102,78,2,80,182
07/09/2006,AHN,GA,ASO,ES,Federal Contract Tower,0,6,14,0,20,0,0,96,0,96,0,6,110,0,116,56,0,56,172
07/10/2006,AHN,GA,ASO,ES,Federal Contract Tower,0,2,17,0,19,0,5,75,0,80,0,7,92,0,99,58,0,58,157
07/11/2006,AHN,GA,ASO,ES,Federal Contract Tower,0,2,24,0,26,0,1,79,0,80,0,3,103,0,106,112,0,112,218
07/12/2006,AHN,GA,ASO,ES,Federal Contract Tower,0,2,22,0,24,0,0,64,1,65,0,2,86,1,89,42,0,42,131
07/13/2006,AHN,GA,ASO,ES,Federal Contract Tower,0,2,22,5,29,0,0,80,6,86,0,2,102,11,115,86,30,116,231
07/14/2006,AHN,GA,ASO,ES,Federal Contract Tower,0,2,22,2,26,0,1,45,4,50,0,3,67,6,76,54,8,62,138
07/15/2006,AHN,GA,ASO,ES,Federal Contract Tower,0,2,25,5,32,0,0,47,0,47,0,2,72,5,79,54,0,54,133
07/16/2006,AHN,GA,ASO,ES,Federal Contract Tower,0,4,28,5,37,0,0,65,1,66,0,4,93,6,103,24,0,24,127
07/17/2006,AHN,GA,ASO,ES,Federal Contract Tower,0,4,16,0,20,0,0,73,0,73,0,4,89,0,93,60,0,60,153
07/18/2006,AHN,GA,ASO,ES,Federal Contract Tower,0,2,18,0,20,0,3,100,2,105,0,5,118,2,125,50,0,50,175
07/19/2006,AHN,GA,ASO,ES,Federal Contract Tower,0,2,18,7,27,0,0,87,3,90,0,2,105,10,117,78,0,78,195
07/20/2006,AHN,GA,ASO,ES,Federal Contract Tower,0,3,15,0,18,0,0,82,0,82,0,3,97,0,100,20,0,20,120
07/21/2006,AHN,GA,ASO,ES,Federal Contract Tower,0,4,22,2,28,0,0,86,7,93,0,4,108,9,121,112,6,118,239
07/22/2006,AHN,GA,ASO,ES,Federal Contract Tower,0,2,14,0,16,0,0,40,1,41,0,2,54,1,57,36,0,36,93
07/23/2006,AHN,GA,ASO,ES,Federal Contract Tower,0,2,35,0,37,0,0,25,0,25,0,2,60,0,62,6,0,6,68
07/24/2006,AHN,GA,ASO,ES,Federal Contract Tower,0,2,16,0,18,0,1,6,0,7,0,3,22,0,25,16,0,16,41
07/25/2006,AHN,GA,ASO,ES,Federal Contract Tower,0,2,25,3,30,0,0,31,2,33,0,2,56,5,63,64,4,68,131
07/26/2006,AHN,GA,ASO,ES,Federal Contract Tower,0,2,29,0,31,0,0,73,3,76,0,2,102,3,107,68,24,92,199
07/27/2006,AHN,GA,ASO,ES,Federal Contract Tower,0,3,22,3,28,0,0,98,5,103,0,3,120,8,131,104,10,114,245
07/28/2006,AHN,GA,ASO,ES,Federal Contract Tower,0,4,15,0,19,0,2,65,2,69,0,6,80,2,88,58,0,58,146
07/29/2006,AHN,GA,ASO,ES,Federal Contract Tower,0,5,13,0,18,0,0,43,0,43,0,5,56,0,61,48,0,48,109
07/30/2006,AHN,GA,ASO,ES,Federal Contract Tower,0,3,18,0,21,0,0,66,0,66,0,3,84,0,87,50,0,50,137
07/31/2006,AHN,GA,ASO,ES,Federal Contract Tower,0,2,20,2,24,0,0,56,0,56,0,2,76,2,80,66,0,66,146
08/01/2006,AHN,GA,ASO,ES,Federal Contract Tower,0,3,15,2,20,0,1,39,2,42,0,4,54,4,62,70,0,70,132
08/02/2006,AHN,GA,ASO,ES,Federal Contract Tower,0,1,21,2,24,0,0,55,2,57,0,1,76,4,81,28,10,38,119
08/03/2006,AHN,GA,ASO,ES,Federal Contract Tower,0,2,25,0,27,0,0,72,0,72,0,2,97,0,99,78,0,78,177
08/04/2006,AHN,GA,ASO,ES,Federal Contract Tower,0,4,25,3,32,0,2,70,4,76,0,6,95,7,108,26,8,34,142
08/05/2006,AHN,GA,ASO,ES,Federal Contract Tower,0,1,29,0,30,0,0,62,6,68,0,1,91,6,98,94,0,94,192
08/06/2006,AHN,GA,ASO,ES,Federal Contract Tower,0,3,34,0,37,0,0,25,1,26,0,3,59,1,63,24,0,24,87
08/07/2006,AHN,GA,ASO,ES,Federal Contract Tower,0,2,18,0,20,0,0,53,8,61,0,2,71,8,81,82,0,82,163
08/08/2006,AHN,GA,ASO,ES,Federal Contract Tower,0,2,9,5,16,0,3,46,21,70,0,5,55,26,86,48,58,106,192
08/09/2006,AHN,GA,ASO,ES,Federal Contract Tower,0,2,18,3,23,0,9,85,35,129,0,11,103,38,152,22,0,22,174
08/10/2006,AHN,GA,ASO,ES,Federal Contract Tower,0,3,26,14,43,0,0,48,21,69,0,3,74,35,112,52,20,72,184
08/11/2006,AHN,GA,ASO,ES,Federal Contract Tower,0,2,34,13,49,0,0,88,3,91,0,2,122,16,140,94,32,126,266
08/12/2006,AHN,GA,ASO,ES,Federal Contract Tower,0,2,29,1,32,0,0,0,0,0,0,2,29,1,32,12,0,12,44
08/13/2006,AHN,GA,ASO,ES,Federal Contract Tower,0,3,30,5,38,0,0,62,1,63,0,3,92,6,101,77,0,77,178
08/14/2006,AHN,GA,ASO,ES,Federal Contract Tower,0,3,10,1,14,0,0,57,11,68,0,3,67,12,82,80,6,86,168
08/15/2006,AHN,GA,ASO,ES,Federal Contract Tower,0,2,21,2,25,0,2,40,0,42,0,4,61,2,67,62,2,64,131
08/16/2006,AHN,GA,ASO,ES,Federal Contract Tower,0,3,41,3,47,0,0,42,0,42,0,3,83,3,89,32,2,34,123
08/17/2006,AHN,GA,ASO,ES,Federal Contract Tower,0,3,47,7,57,0,1,82,13,96,0,4,129,20,153,92,6,98,251
08/18/2006,AHN,GA,ASO,ES,Federal Contract Tower,0,3,38,0,41,0,10,86,0,96,0,13,124,0,137,82,0,82,219
08/19/2006,AHN,GA,ASO,ES,Federal Contract Tower,0,1,11,11,23,0,0,91,10,101,0,1,102,21,124,56,24,80,204
08/20/2006,AHN,GA,ASO,ES,Federal Contract Tower,0,3,24,9,36,0,0,36,6,42,0,3,60,15,78,30,24,54,132
08/21/2006,AHN,GA,ASO,ES,Federal Contract Tower,0,2,30,0,32,0,0,65,3,68,0,2,95,3,100,62,0,62,162
08/22/2006,AHN,GA,ASO,ES,Federal Contract Tower,0,3,18,2,23,0,0,21,0,21,0,3,39,2,44,22,16,38,82
08/23/2006,AHN,GA,ASO,ES,Federal Contract Tower,0,7,42,0,49,0,0,37,1,38,0,7,79,1,87,54,0,54,141
08/24/2006,AHN,GA,ASO,ES,Federal Contract Tower,0,4,36,2,42,0,0,3,0,3,0,4,39,2,45,8,0,8,53
08/25/2006,AHN,GA,ASO,ES,Federal Contract Tower,0,3,26,0,29,0,0,54,4,58,0,3,80,4,87,34,18,52,139
08/26/2006,AHN,GA,ASO,ES,Federal Contract Tower,0,1,62,0,63,0,0,65,0,65,0,1,127,0,128,76,0,76,204
08/27/2006,AHN,GA,ASO,ES,Federal Contract Tower,0,3,24,0,27,0,0,77,0,77,0,3,101,0,104,74,22,96,200
08/28/2006,AHN,GA,ASO,ES,Federal Contract Tower,0,2,26,5,33,0,3,54,3,60,0,5,80,8,93,38,6,44,137
08/29/2006,AHN,GA,ASO,ES,Federal Contract Tower,0,2,23,1,26,0,0,62,7,69,0,2,85,8,95,100,12,112,207
08/30/2006,AHN,GA,ASO,ES,Federal Contract Tower,0,1,22,4,27,0,0,45,14,59,0,1,67,18,86,39,38,77,163
08/31/2006,AHN,GA,ASO,ES,Federal Contract Tower,0,2,24,0,26,0,0,17,2,19,0,2,41,2,45,0,0,0,45
09/01/2006,AHN,GA,ASO,ES,Federal Contract Tower,0,3,45,4,52,0,0,61,0,61,0,3,106,4,113,40,0,40,153
09/02/2006,AHN,GA,ASO,ES,Federal Contract Tower,0,4,46,0,50,0,0,69,0,69,0,4,115,0,119,50,0,50,169
09/03/2006,AHN,GA,ASO,ES,Federal Contract Tower,0,3,30,0,33,0,0,28,0,28,0,3,58,0,61,50,0,50,111
09/04/2006,AHN,GA,ASO,ES,Federal Contract Tower,0,2,36,0,38,0,0,60,0,60,0,2,96,0,98,114,0,114,212
09/05/2006,AHN,GA,ASO,ES,Federal Contract Tower,0,2,18,2,22,0,0,26,1,27,0,2,44,3,49,38,10,48,97
09/06/2006,AHN,GA,ASO,ES,Federal Contract Tower,0,2,13,0,15,0,0,71,2,73,0,2,84,2,88,68,8,76,164
09/07/2006,AHN,GA,ASO,ES,Federal Contract Tower,0,4,27,0,31,0,0,34,0,34,0,4,61,0,65,26,0,26,91
09/08/2006,AHN,GA,ASO,ES,Federal Contract Tower,0,4,33,0,37,0,0,64,3,67,0,4,97,3,104,78,0,78,182
09/09/2006,AHN,GA,ASO,ES,Federal Contract Tower,0,4,17,0,21,0,0,70,4,74,0,4,87,4,95,84,0,84,179
09/10/2006,AHN,GA,ASO,ES,Federal Contract Tower,0,4,27,3,34,0,0,65,8,73,0,4,92,11,107,38,16,54,161
09/11/2006,AHN,GA,ASO,ES,Federal Contract Tower,0,2,15,0,17,0,0,75,0,75,0,2,90,0,92,100,0,100,192
09/12/2006,AHN,GA,ASO,ES,Federal Contract Tower,0,2,14,0,16,0,0,47,7,54,0,2,61,7,70,34,14,48,118
09/13/2006,AHN,GA,ASO,ES,Federal Contract Tower,0,3,24,0,27,0,0,0,0,0,0,3,24,0,27,0,0,0,27
09/14/2006,AHN,GA,ASO,ES,Federal Contract Tower,0,3,50,1,54,0,2,32,9,43,0,5,82,10,97,50,0,50,147
09/15/2006,AHN,GA,ASO,ES,Federal Contract Tower,0,8,43,2,53,0,0,143,5,148,0,8,186,7,201,92,12,104,305
09/16/2006,AHN,GA,ASO,ES,Federal Contract Tower,0,2,50,4,56,0,0,116,4,120,0,2,166,8,176,124,26,150,326
09/17/2006,AHN,GA,ASO,ES,Federal Contract Tower,0,7,42,6,55,0,0,78,0,78,0,7,120,6,133,40,0,40,173
09/18/2006,AHN,GA,ASO,ES,Federal Contract Tower,0,6,26,1,33,0,1,29,3,33,0,7,55,4,66,36,4,40,106
09/19/2006,AHN,GA,ASO,ES,Federal Contract Tower,0,3,30,7,40,0,0,44,8,52,0,3,74,15,92,28,4,32,124
09/20/2006,AHN,GA,ASO,ES,Federal Contract Tower,0,3,36,6,45,0,1,66,5,72,0,4,102,11,117,70,12,82,199
09/21/2006,AHN,GA,ASO,ES,Federal Contract Tower,0,3,30,0,33,0,0,93,6,99,0,3,123,6,132,82,10,92,224
09/22/2006,AHN,GA,ASO,ES,Federal Contract Tower,0,2,73,3,78,0,0,81,1,82,0,2,154,4,160,86,4,90,250
09/23/2006,AHN,GA,ASO,ES,Federal Contract Tower,0,1,62,0,63,0,0,79,0,79,0,1,141,0,142,182,0,182,324
09/24/2006,AHN,GA,ASO,ES,Federal Contract Tower,0,1,44,0,45,0,2,37,0,39,0,3,81,0,84,2,0,2,86
09/25/2006,AHN,GA,ASO,ES,Federal Contract Tower,0,0,23,2,25,0,2,58,0,60,0,2,81,2,85,22,8,30,115
09/26/2006,AHN,GA,ASO,ES,Federal Contract Tower,0,2,18,0,20,0,2,62,0,64,0,4,80,0,84,60,0,60,144
09/27/2006,AHN,GA,ASO,ES,Federal Contract Tower,0,2,23,0,25,0,0,83,1,84,0,2,106,1,109,46,0,46,155
09/28/2006,AHN,GA,ASO,ES,Federal Contract Tower,0,8,33,3,44,0,0,78,0,78,0,8,111,3,122,32,4,36,158
09/29/2006,AHN,GA,ASO,ES,Federal Contract Tower,0,9,56,2,67,0,0,144,0,144,0,9,200,2,211,88,2,90,301
09/30/2006,AHN,GA,ASO,ES,Federal Contract Tower,0,5,16,0,21,0,0,82,0,82,0,5,98,0,103,48,0,48,151
10/01/2006,AHN,GA,ASO,ES,Federal Contract Tower,0,6,40,0,46,0,0,86,0,86,0,6,126,0,132,82,0,82,214
10/02/2006,AHN,GA,ASO,ES,Federal Contract Tower,0,2,31,0,33,0,0,42,3,45,0,2,73,3,78,48,0,48,126
10/03/2006,AHN,GA,ASO,ES,Federal Contract Tower,0,2,20,0,22,0,0,70,0,70,0,2,90,0,92,22,0,22,114
10/04/2006,AHN,GA,ASO,ES,Federal Contract Tower,0,6,31,0,37,0,0,79,10,89,0,6,110,10,126,84,20,104,230
10/05/2006,AHN,GA,ASO,ES,Federal Contract Tower,0,3,26,15,44,0,0,62,0,62,0,3,88,15,106,12,12,24,130
10/06/2006,AHN,GA,ASO,ES,Federal Contract Tower,0,9,51,19,79,0,13,143,9,165,0,22,194,28,244,88,22,110,354
10/07/2006,AHN,GA,ASO,ES,Federal Contract Tower,3,3,95,0,101,0,0,142,12,154,3,3,237,12,255,598,32,630,885
10/08/2006,AHN,GA,ASO,ES,Federal Contract Tower,4,7,84,0,95,1,12,55,4,72,5,19,139,4,167,10,20,30,197
10/09/2006,AHN,GA,ASO,ES,Federal Contract Tower,0,2,24,8,34,0,0,67,9,76,0,2,91,17,110,66,30,96,206
10/10/2006,AHN,GA,ASO,ES,Federal Contract Tower,0,2,17,0,19,0,0,94,0,94,0,2,111,0,113,120,0,120,233
10/11/2006,AHN,GA,ASO,ES,Federal Contract Tower,0,1,28,2,31,0,4,99,2,105,0,5,127,4,136,60,20,80,216
10/12/2006,AHN,GA,ASO,ES,Federal Contract Tower,0,2,36,17,55,0,2,90,13,105,0,4,126,30,160,58,26,84,244
10/13/2006,AHN,GA,ASO,ES,Federal Contract Tower,0,5,40,8,53,0,0,93,10,103,0,5,133,18,156,40,12,52,208
10/14/2006,AHN,GA,ASO,ES,Federal Contract Tower,0,1,58,6,65,0,0,114,0,114,0,1,172,6,179,377,0,377,556
10/15/2006,AHN,GA,ASO,ES,Federal Contract Tower,0,2,24,2,28,0,0,201,2,203,0,2,225,4,231,58,0,58,289
10/16/2006,AHN,GA,ASO,ES,Federal Contract Tower,0,3,32,2,37,0,1,27,2,30,0,4,59,4,67,34,0,34,101
10/17/2006,AHN,GA,ASO,ES,Federal Contract Tower,0,4,22,0,26,0,0,0,0,0,0,4,22,0,26,4,0,4,30
10/18/2006,AHN,GA,ASO,ES,Federal Contract Tower,0,2,23,2,27,0,0,31,2,33,0,2,54,4,60,44,4,48,108
10/19/2006,AHN,GA,ASO,ES,Federal Contract Tower,0,10,41,0,51,0,0,6,0,6,0,10,47,0,57,6,0,6,63
10/20/2006,AHN,GA,ASO,ES,Federal Contract Tower,0,7,54,23,84,0,2,72,5,79,0,9,126,28,163,26,4,30,193
10/21/2006,AHN,GA,ASO,ES,Federal Contract Tower,0,2,69,0,71,0,0,115,0,115,0,2,184,0,186,264,0,264,450
10/22/2006,AHN,GA,ASO,ES,Federal Contract Tower,0,5,49,1,55,0,0,35,0,35,0,5,84,1,90,7,7,14,104
10/23/2006,AHN,GA,ASO,ES,Federal Contract Tower,0,2,9,1,12,0,1,25,3,29,0,3,34,4,41,2,2,4,45
10/24/2006,AHN,GA,ASO,ES,Federal Contract Tower,0,2,20,1,23,0,0,65,0,65,0,2,85,1,88,22,0,22,110
10/25/2006,AHN,GA,ASO,ES,Federal Contract Tower,0,4,27,11,42,0,1,131,11,143,0,5,158,22,185,20,2,22,207
10/26/2006,AHN,GA,ASO,ES,Federal Contract Tower,0,3,38,2,43,0,0,62,9,71,0,3,100,11,114,50,0,50,164
10/27/2006,AHN,GA,ASO,ES,Federal Contract Tower,0,7,25,1,33,0,0,9,3,12,0,7,34,4,45,0,2,2,47
10/28/2006,AHN,GA,ASO,ES,Federal Contract Tower,0,5,22,1,28,0,0,15,0,15,0,5,37,1,43,10,0,10,53
10/29/2006,AHN,GA,ASO,ES,Federal Contract Tower,0,4,34,10,48,0,0,75,1,76,0,4,109,11,124,66,0,66,190
10/30/2006,AHN,GA,ASO,ES,Federal Contract Tower,0,4,11,0,15,0,0,60,0,60,0,4,71,0,75,42,0,42,117
10/31/2006,AHN,GA,ASO,ES,Federal Contract Tower,0,4,16,2,22,0,1,70,1,72,0,5,86,3,94,34,4,38,132
11/01/2006,AHN,GA,ASO,ES,Federal Contract Tower,0,2,32,0,34,0,0,109,4,113,0,2,141,4,147,122,0,122,269
11/02/2006,AHN,GA,ASO,ES,Federal Contract Tower,0,1,14,0,15,0,0,48,2,50,0,1,62,2,65,12,2,14,79
11/03/2006,AHN,GA,ASO,ES,Federal Contract Tower,0,11,32,12,55,0,0,117,6,123,0,11,149,18,178,70,14,84,262
11/04/2006,AHN,GA,ASO,ES,Federal Contract Tower,0,5,29,2,36,0,0,92,0,92,0,5,121,2,128,38,0,38,166
11/05/2006,AHN,GA,ASO,ES,Federal Contract Tower,0,5,35,2,42,0,1,97,6,104,0,6,132,8,146,46,2,48,194
11/06/2006,AHN,GA,ASO,ES,Federal Contract Tower,0,3,34,0,37,0,0,39,2,41,0,3,73,2,78,32,0,32,110
11/07/2006,AHN,GA,ASO,ES,Federal Contract Tower,0,2,8,0,10,0,0,0,0,0,0,2,8,0,10,0,0,0,10
11/08/2006,AHN,GA,ASO,ES,Federal Contract Tower,0,2,44,3,49,0,0,33,8,41,0,2,77,11,90,36,1,37,127
11/09/2006,AHN,GA,ASO,ES,Federal Contract Tower,0,3,30,12,45,0,0,74,6,80,0,3,104,18,125,56,16,72,197
11/10/2006,AHN,GA,ASO,ES,Federal Contract Tower,0,3,30,12,45,0,0,74,6,80,0,3,104,18,125,56,16,72,197
11/11/2006,AHN,GA,ASO,ES,Federal Contract Tower,0,3,14,6,23,0,0,13,0,13,0,3,27,6,36,38,0,38,74
11/12/2006,AHN,GA,ASO,ES,Federal Contract Tower,0,3,27,6,36,0,0,78,0,78,0,3,105,6,114,26,0,26,140
11/13/2006,AHN,GA,ASO,ES,Federal Contract Tower,0,4,16,4,24,0,0,107,0,107,0,4,123,4,131,52,0,52,183
11/14/2006,AHN,GA,ASO,ES,Federal Contract Tower,0,3,24,0,27,0,0,48,2,50,0,3,72,2,77,32,2,34,111
11/15/2006,AHN,GA,ASO,ES,Federal Contract Tower,0,1,6,0,7,0,0,0,0,0,0,1,6,0,7,0,0,0,7
11/16/2006,AHN,GA,ASO,ES,Federal Contract Tower,0,4,14,2,20,0,0,14,21,35,0,4,28,23,55,20,10,30,85
11/17/2006,AHN,GA,ASO,ES,Federal Contract Tower,0,3,37,4,44,0,0,109,19,128,0,3,146,23,172,78,10,88,260
11/18/2006,AHN,GA,ASO,ES,Federal Contract Tower,0,1,13,10,24,0,0,122,24,146,0,1,135,34,170,88,12,100,270
11/19/2006,AHN,GA,ASO,ES,Federal Contract Tower,0,2,28,2,32,0,1,88,6,95,0,3,116,8,127,56,0,56,183
11/20/2006,AHN,GA,ASO,ES,Federal Contract Tower,0,2,32,1,35,0,0,19,6,25,0,2,51,7,60,6,8,14,74
11/21/2006,AHN,GA,ASO,ES,Federal Contract Tower,0,10,47,2,59,0,0,44,0,44,0,10,91,2,103,44,2,46,149
11/22/2006,AHN,GA,ASO,ES,Federal Contract Tower,0,9,54,0,63,0,0,43,0,43,0,9,97,0,106,6,0,6,112
11/23/2006,AHN,GA,ASO,ES,Federal Contract Tower,0,5,5,0,10,0,0,47,0,47,0,5,52,0,57,8,0,8,65
11/24/2006,AHN,GA,ASO,ES,Federal Contract Tower,0,5,19,2,26,0,0,90,5,95,0,5,109,7,121,46,8,54,175
11/25/2006,AHN,GA,ASO,ES,Federal Contract Tower,0,5,52,2,59,0,0,174,0,174,0,5,226,2,233,162,50,212,445
11/26/2006,AHN,GA,ASO,ES,Federal Contract Tower,0,11,44,0,55,0,0,79,0,79,0,11,123,0,134,54,0,54,188
11/27/2006,AHN,GA,ASO,ES,Federal Contract Tower,0,3,22,0,25,0,0,72,0,72,0,3,94,0,97,56,0,56,153
11/28/2006,AHN,GA,ASO,ES,Federal Contract Tower,0,2,21,0,23,0,1,36,5,42,0,3,57,5,65,26,46,72,137
11/29/2006,AHN,GA,ASO,ES,Federal Contract Tower,0,5,30,0,35,0,0,18,5,23,0,5,48,5,58,0,0,0,58
11/30/2006,AHN,GA,ASO,ES,Federal Contract Tower,0,4,35,14,53,0,1,22,5,28,0,5,57,19,81,30,48,78,159
12/01/2006,AHN,GA,ASO,ES,Federal Contract Tower,2,3,13,2,20,0,0,29,8,37,2,3,42,10,57,8,48,56,113
12/02/2006,AHN,GA,ASO,ES,Federal Contract Tower,0,0,10,2,12,0,0,80,0,80,0,0,90,2,92,62,5,67,159
12/03/2006,AHN,GA,ASO,ES,Federal Contract Tower,0,3,29,0,32,0,0,79,2,81,0,3,108,2,113,78,2,80,193
12/04/2006,AHN,GA,ASO,ES,Federal Contract Tower,0,3,14,2,19,0,1,51,4,56,0,4,65,6,75,52,0,52,127
12/05/2006,AHN,GA,ASO,ES,Federal Contract Tower,0,2,26,0,28,0,0,85,1,86,0,2,111,1,114,42,0,42,156
12/06/2006,AHN,GA,ASO,ES,Federal Contract Tower,0,5,25,0,30,0,0,56,2,58,0,5,81,2,88,50,0,50,138
12/07/2006,AHN,GA,ASO,ES,Federal Contract Tower,0,0,39,5,44,0,0,78,16,94,0,0,117,21,138,26,10,36,174
12/08/2006,AHN,GA,ASO,ES,Federal Contract Tower,0,4,19,0,23,0,0,61,3,64,0,4,80,3,87,46,0,46,133
12/09/2006,AHN,GA,ASO,ES,Federal Contract Tower,0,2,13,1,16,0,2,98,1,101,0,4,111,2,117,34,0,34,151
12/10/2006,AHN,GA,ASO,ES,Federal Contract Tower,0,6,13,0,19,0,0,65,0,65,0,6,78,0,84,70,0,70,154
12/11/2006,AHN,GA,ASO,ES,Federal Contract Tower,0,2,17,2,21,0,0,47,0,47,0,2,64,2,68,68,0,68,136
12/12/2006,AHN,GA,ASO,ES,Federal Contract Tower,0,5,28,0,33,0,0,51,2,53,0,5,79,2,86,64,6,70,156
12/13/2006,AHN,GA,ASO,ES,Federal Contract Tower,0,4,36,0,40,0,1,54,0,55,0,5,90,0,95,46,0,46,141
12/14/2006,AHN,GA,ASO,ES,Federal Contract Tower,0,5,41,4,50,0,0,61,7,68,0,5,102,11,118,34,6,40,158
12/15/2006,AHN,GA,ASO,ES,Federal Contract Tower,0,4,41,8,53,0,1,89,8,98,0,5,130,16,151,60,6,66,217
12/16/2006,AHN,GA,ASO,ES,Federal Contract Tower,0,1,10,0,11,0,0,90,0,90,0,1,100,0,101,52,0,52,153
12/17/2006,AHN,GA,ASO,ES,Federal Contract Tower,0,7,17,0,24,0,0,76,4,80,0,7,93,4,104,36,0,36,140
12/18/2006,AHN,GA,ASO,ES,Federal Contract Tower,0,4,20,4,28,0,0,65,4,69,0,4,85,8,97,8,2,10,107
12/19/2006,AHN,GA,ASO,ES,Federal Contract Tower,0,5,23,0,28,0,1,57,3,61,0,6,80,3,89,34,0,34,123
12/20/2006,AHN,GA,ASO,ES,Federal Contract Tower,0,5,23,0,28,0,0,55,2,57,0,5,78,2,85,56,0,56,141
12/21/2006,AHN,GA,ASO,ES,Federal Contract Tower,0,4,44,0,48,0,1,39,0,40,0,5,83,0,88,14,0,14,102
12/22/2006,AHN,GA,ASO,ES,Federal Contract Tower,0,2,19,0,21,0,0,0,0,0,0,2,19,0,21,0,0,0,21
12/23/2006,AHN,GA,ASO,ES,Federal Contract Tower,0,1,11,0,12,0,0,62,0,62,0,1,73,0,74,30,0,30,104
12/24/2006,AHN,GA,ASO,ES,Federal Contract Tower,0,3,13,0,16,0,0,39,0,39,0,3,52,0,55,8,0,8,63
12/25/2006,AHN,GA,ASO,ES,Federal Contract Tower,0,8,0,0,8,0,0,0,0,0,0,8,0,0,8,0,0,0,8
12/26/2006,AHN,GA,ASO,ES,Federal Contract Tower,0,2,25,0,27,0,0,3,0,3,0,2,28,0,30,12,0,12,42
12/27/2006,AHN,GA,ASO,ES,Federal Contract Tower,0,2,23,2,27,0,0,69,0,69,0,2,92,2,96,42,0,42,138
12/28/2006,AHN,GA,ASO,ES,Federal Contract Tower,0,3,17,2,22,0,2,87,0,89,0,5,104,2,111,52,0,52,163
12/29/2006,AHN,GA,ASO,ES,Federal Contract Tower,0,3,23,0,26,0,0,72,0,72,0,3,95,0,98,66,0,66,164
12/30/2006,AHN,GA,ASO,ES,Federal Contract Tower,0,2,24,0,26,0,1,6,0,7,0,3,30,0,33,22,0,22,55
12/31/2006,AHN,GA,ASO,ES,Federal Contract Tower,0,0,6,0,6,0,0,0,0,0,0,0,6,0,6,0,0,0,6
01/01/2007,AHN,GA,ASO,ES,Federal Contract Tower,0,2,24,0,26,0,2,25,0,27,0,4,49,0,53,52,0,52,105
01/02/2007,AHN,GA,ASO,ES,Federal Contract Tower,0,2,42,0,44,0,0,49,0,49,0,2,91,0,93,54,0,54,147
01/03/2007,AHN,GA,ASO,ES,Federal Contract Tower,1,5,29,0,35,0,0,55,2,57,1,5,84,2,92,28,0,28,120
01/04/2007,AHN,GA,ASO,ES,Federal Contract Tower,0,5,22,4,31,0,2,47,0,49,0,7,69,4,80,8,0,8,88
01/05/2007,AHN,GA,ASO,ES,Federal Contract Tower,1,6,4,0,11,0,1,0,0,1,1,7,4,0,12,0,0,0,12
01/06/2007,AHN,GA,ASO,ES,Federal Contract Tower,1,2,30,6,39,0,0,108,3,111,1,2,138,9,150,74,8,82,232
01/07/2007,AHN,GA,ASO,ES,Federal Contract Tower,0,3,10,0,13,0,0,0,0,0,0,3,10,0,13,0,0,0,13
01/08/2007,AHN,GA,ASO,ES,Federal Contract Tower,0,8,14,2,24,0,0,72,2,74,0,8,86,4,98,14,0,14,112
01/09/2007,AHN,GA,ASO,ES,Federal Contract Tower,0,2,17,1,20,0,0,63,14,77,0,2,80,15,97,38,12,50,147
01/10/2007,AHN,GA,ASO,ES,Federal Contract Tower,0,2,33,0,35,0,1,134,1,136,0,3,167,1,171,78,4,82,253
01/11/2007,AHN,GA,ASO,ES,Federal Contract Tower,0,6,19,3,28,0,0,39,1,40,0,6,58,4,68,36,2,38,106
01/12/2007,AHN,GA,ASO,ES,Federal Contract Tower,0,5,29,11,45,0,0,69,0,69,0,5,98,11,114,78,0,78,192
01/13/2007,AHN,GA,ASO,ES,Federal Contract Tower,2,3,31,0,36,0,0,77,22,99,2,3,108,22,135,68,0,68,203
01/14/2007,AHN,GA,ASO,ES,Federal Contract Tower,2,4,38,0,44,0,0,42,0,42,2,4,80,0,86,68,0,68,154
01/15/2007,AHN,GA,ASO,ES,Federal Contract Tower,0,4,28,0,32,0,0,85,0,85,0,4,113,0,117,48,0,48,165
01/16/2007,AHN,GA,ASO,ES,Federal Contract Tower,0,6,42,0,48,0,1,83,0,84,0,7,125,0,132,74,0,74,206
01/17/2007,AHN,GA,ASO,ES,Federal Contract Tower,0,6,37,4,47,0,0,61,10,71,0,6,98,14,118,36,22,58,176
01/18/2007,AHN,GA,ASO,ES,Federal Contract Tower,0,3,8,0,11,0,0,1,0,1,0,3,9,0,12,0,0,0,12
01/19/2007,AHN,GA,ASO,ES,Federal Contract Tower,0,2,25,29,56,0,3,67,5,75,0,5,92,34,131,84,16,100,231
01/20/2007,AHN,GA,ASO,ES,Federal Contract Tower,0,6,20,25,51,0,0,135,1,136,0,6,155,26,187,78,6,84,271
01/21/2007,AHN,GA,ASO,ES,Federal Contract Tower,0,3,21,5,29,0,5,22,0,27,0,8,43,5,56,4,0,4,60
01/22/2007,AHN,GA,ASO,ES,Federal Contract Tower,0,4,25,0,29,0,0,26,0,26,0,4,51,0,55,18,0,18,73
01/23/2007,AHN,GA,ASO,ES,Federal Contract Tower,0,7,26,0,33,0,2,83,0,85,0,9,109,0,118,104,0,104,222
01/24/2007,AHN,GA,ASO,ES,Federal Contract Tower,0,4,28,0,32,0,2,104,2,108,0,6,132,2,140,72,0,72,212
01/25/2007,AHN,GA,ASO,ES,Federal Contract Tower,0,8,28,14,50,0,0,9,2,11,0,8,37,16,61,4,12,16,77
01/26/2007,AHN,GA,ASO,ES,Federal Contract Tower,0,8,22,18,48,0,0,65,7,72,0,8,87,25,120,44,10,54,174
01/27/2007,AHN,GA,ASO,ES,Federal Contract Tower,0,6,21,5,32,0,0,112,1,113,0,6,133,6,145,70,28,98,243
01/28/2007,AHN,GA,ASO,ES,Federal Contract Tower,0,2,19,18,39,0,0,22,5,27,0,2,41,23,66,18,12,30,96
01/29/2007,AHN,GA,ASO,ES,Federal Contract Tower,0,6,27,0,33,0,1,51,0,52,0,7,78,0,85,42,0,42,127
01/30/2007,AHN,GA,ASO,ES,Federal Contract Tower,0,8,20,0,28,0,0,43,0,43,0,8,63,0,71,56,0,56,127
01/31/2007,AHN,GA,ASO,ES,Federal Contract Tower,0,3,27,3,33,0,2,67,0,69,0,5,94,3,102,74,0,74,176
02/01/2007,AHN,GA,ASO,ES,Federal Contract Tower,0,4,6,0,10,0,0,0,0,0,0,4,6,0,10,0,0,0,10
02/02/2007,AHN,GA,ASO,ES,Federal Contract Tower,0,9,34,19,62,0,0,9,5,14,0,9,43,24,76,6,4,10,86
02/03/2007,AHN,GA,ASO,ES,Federal Contract Tower,0,3,36,0,39,0,0,37,0,37,0,3,73,0,76,16,0,16,92
02/04/2007,AHN,GA,ASO,ES,Federal Contract Tower,1,2,15,0,18,0,0,12,0,12,1,2,27,0,30,0,0,0,30
02/05/2007,AHN,GA,ASO,ES,Federal Contract Tower,0,3,36,2,41,0,1,40,0,41,0,4,76,2,82,38,0,38,120
02/06/2007,AHN,GA,ASO,ES,Federal Contract Tower,0,5,21,0,26,0,0,72,2,74,0,5,93,2,100,66,10,76,176
02/07/2007,AHN,GA,ASO,ES,Federal Contract Tower,0,3,25,0,28,0,0,37,0,37,0,3,62,0,65,28,0,28,93
02/08/2007,AHN,GA,ASO,ES,Federal Contract Tower,0,8,31,2,41,0,2,65,8,75,0,10,96,10,116,92,0,92,208
02/09/2007,AHN,GA,ASO,ES,Federal Contract Tower,0,7,31,10,48,0,0,65,0,65,0,7,96,10,113,138,18,156,269
02/10/2007,AHN,GA,ASO,ES,Federal Contract Tower,0,5,24,4,33,0,0,89,4,93,0,5,113,8,126,80,2,82,208
02/11/2007,AHN,GA,ASO,ES,Federal Contract Tower,0,0,0,0,0,0,9,84,18,111,0,9,84,18,111,88,8,96,207
02/12/2007,AHN,GA,ASO,ES,Federal Contract Tower,0,4,10,0,14,0,0,43,5,48,0,4,53,5,62,14,0,14,76
02/13/2007,AHN,GA,ASO,ES,Federal Contract Tower,0,3,13,2,18,0,0,2,0,2,0,3,15,2,20,4,2,6,26
02/14/2007,AHN,GA,ASO,ES,Federal Contract Tower,0,8,16,0,24,0,0,18,0,18,0,8,34,0,42,14,0,14,56
02/15/2007,AHN,GA,ASO,ES,Federal Contract Tower,0,6,25,2,33,0,1,52,10,63,0,7,77,12,96,72,20,92,188
02/16/2007,AHN,GA,ASO,ES,Federal Contract Tower,0,5,29,4,38,0,1,90,7,98,0,6,119,11,136,38,12,50,186
02/17/2007,AHN,GA,ASO,ES,Federal Contract Tower,0,2,9,0,11,0,0,55,0,55,0,2,64,0,66,40,0,40,106
02/18/2007,AHN,GA,ASO,ES,Federal Contract Tower,0,0,0,0,0,0,3,42,4,49,0,3,42,4,49,16,0,16,65
02/19/2007,AHN,GA,ASO,ES,Federal Contract Tower,0,0,0,0,0,0,5,69,4,78,0,5,69,4,78,32,0,32,110
02/20/2007,AHN,GA,ASO,ES,Federal Contract Tower,0,0,0,0,0,0,6,43,0,49,0,6,43,0,49,62,0,62,111
02/21/2007,AHN,GA,ASO,ES,Federal Contract Tower,0,2,22,1,25,0,0,15,0,15,0,2,37,1,40,24,2,26,66
02/22/2007,AHN,GA,ASO,ES,Federal Contract Tower,0,1,14,1,16,0,0,31,5,36,0,1,45,6,52,8,8,16,68
02/23/2007,AHN,GA,ASO,ES,Federal Contract Tower,0,6,33,7,46,0,0,84,13,97,0,6,117,20,143,54,14,68,211
02/24/2007,AHN,GA,ASO,ES,Federal Contract Tower,0,0,0,0,0,0,3,133,14,150,0,3,133,14,150,136,42,178,328
02/25/2007,AHN,GA,ASO,ES,Federal Contract Tower,0,0,0,0,0,1,3,23,2,29,1,3,23,2,29,6,0,6,35
02/26/2007,AHN,GA,ASO,ES,Federal Contract Tower,0,2,17,2,21,0,0,38,0,38,0,2,55,2,59,80,18,98,157
02/27/2007,AHN,GA,ASO,ES,Federal Contract Tower,2,3,22,3,30,0,2,64,3,69,2,5,86,6,99,76,16,92,191
02/28/2007,AHN,GA,ASO,ES,Federal Contract Tower,0,4,30,0,34,0,1,63,3,67,0,5,93,3,101,130,4,134,235
03/01/2007,AHN,GA,ASO,ES,Federal Contract Tower,0,2,16,0,18,0,0,0,0,0,0,2,16,0,18,6,0,6,24
03/02/2007,AHN,GA,ASO,ES,Federal Contract Tower,0,5,39,3,47,0,0,61,1,62,0,5,100,4,109,68,6,74,183
03/03/2007,AHN,GA,ASO,ES,Federal Contract Tower,2,3,18,0,23,0,1,54,1,56,2,4,72,1,79,26,0,26,105
03/04/2007,AHN,GA,ASO,ES,Federal Contract Tower,0,3,17,0,20,0,0,19,8,27,0,3,36,8,47,16,0,16,63
03/05/2007,AHN,GA,ASO,ES,Federal Contract Tower,0,2,9,4,15,0,0,37,2,39,0,2,46,6,54,24,4,28,82
03/06/2007,AHN,GA,ASO,ES,Federal Contract Tower,0,3,19,0,22,0,1,67,0,68,0,4,86,0,90,80,0,80,170
03/07/2007,AHN,GA,ASO,ES,Federal Contract Tower,0,4,39,1,44,0,2,68,1,71,0,6,107,2,115,46,0,46,161
03/08/2007,AHN,GA,ASO,ES,Federal Contract Tower,0,4,26,2,32,0,2,56,8,66,0,6,82,10,98,36,12,48,146
03/09/2007,AHN,GA,ASO,ES,Federal Contract Tower,0,2,38,6,46,0,0,31,2,33,0,2,69,8,79,12,4,16,95
03/10/2007,AHN,GA,ASO,ES,Federal Contract Tower,0,4,19,0,23,0,0,23,0,23,0,4,42,0,46,36,0,36,82
03/11/2007,AHN,GA,ASO,ES,Federal Contract Tower,0,4,32,1,37,0,0,35,1,36,0,4,67,2,73,6,0,6,79
03/12/2007,AHN,GA,ASO,ES,Federal Contract Tower,0,2,25,8,35,0,1,50,2,53,0,3,75,10,88,38,4,42,130
03/13/2007,AHN,GA,ASO,ES,Federal Contract Tower,0,2,21,0,23,0,2,90,3,95,0,4,111,3,118,80,0,80,198
03/14/2007,AHN,GA,ASO,ES,Federal Contract Tower,0,5,20,1,26,0,0,50,0,50,0,5,70,1,76,42,0,42,118
03/15/2007,AHN,GA,ASO,ES,Federal Contract Tower,0,2,37,0,39,0,2,11,0,13,0,4,48,0,52,14,0,14,66
03/16/2007,AHN,GA,ASO,ES,Federal Contract Tower,0,4,44,12,60,0,1,3,4,8,0,5,47,16,68,4,4,8,76
03/17/2007,AHN,GA,ASO,ES,Federal Contract Tower,0,1,17,1,19,0,0,34,0,34,0,1,51,1,53,42,0,42,95
03/18/2007,AHN,GA,ASO,ES,Federal Contract Tower,0,6,34,13,53,0,1,58,9,68,0,7,92,22,121,34,0,34,155
03/19/2007,AHN,GA,ASO,ES,Federal Contract Tower,0,2,21,0,23,0,1,45,0,46,0,3,66,0,69,64,0,64,133
03/20/2007,AHN,GA,ASO,ES,Federal Contract Tower,0,4,46,6,56,0,0,42,0,42,0,4,88,6,98,42,6,48,146
03/21/2007,AHN,GA,ASO,ES,Federal Contract Tower,0,4,37,1,42,0,1,59,0,60,0,5,96,1,102,103,0,103,205
03/22/2007,AHN,GA,ASO,ES,Federal Contract Tower,0,3,40,0,43,0,0,49,0,49,0,3,89,0,92,66,0,66,158
03/23/2007,AHN,GA,ASO,ES,Federal Contract Tower,0,9,27,2,38,0,1,63,2,66,0,10,90,4,104,48,4,52,156
03/24/2007,AHN,GA,ASO,ES,Federal Contract Tower,0,5,20,2,27,0,0,70,0,70,0,5,90,2,97,0,0,0,97
03/25/2007,AHN,GA,ASO,ES,Federal Contract Tower,0,4,39,0,43,0,6,85,0,91,0,10,124,0,134,46,0,46,180
03/26/2007,AHN,GA,ASO,ES,Federal Contract Tower,0,3,38,4,45,0,0,57,10,67,0,3,95,14,112,42,0,42,154
03/27/2007,AHN,GA,ASO,ES,Federal Contract Tower,0,0,23,0,23,0,4,66,0,70,0,4,89,0,93,18,0,18,111
03/28/2007,AHN,GA,ASO,ES,Federal Contract Tower,0,4,40,3,47,0,0,57,3,60,0,4,97,6,107,33,0,33,140
03/29/2007,AHN,GA,ASO,ES,Federal Contract Tower,0,1,39,5,45,0,2,34,1,37,0,3,73,6,82,16,0,16,98
03/30/2007,AHN,GA,ASO,ES,Federal Contract Tower,0,3,27,4,34,0,1,31,2,34,0,4,58,6,68,16,2,18,86
03/31/2007,AHN,GA,ASO,ES,Federal Contract Tower,0,0,40,1,41,0,1,43,0,44,0,1,83,1,85,54,2,56,141
04/01/2007,AHN,GA,ASO,ES,Federal Contract Tower,0,2,31,1,34,0,0,18,0,18,0,2,49,1,52,38,0,38,90
04/02/2007,AHN,GA,ASO,ES,Federal Contract Tower,0,2,46,4,52,0,0,32,1,33,0,2,78,5,85,32,0,32,117
04/03/2007,AHN,GA,ASO,ES,Federal Contract Tower,0,2,23,0,25,0,1,38,14,53,0,3,61,14,78,24,0,24,102
04/04/2007,AHN,GA,ASO,ES,Federal Contract Tower,0,2,20,0,22,0,1,43,0,44,0,3,63,0,66,35,0,35,101
04/05/2007,AHN,GA,ASO,ES,Federal Contract Tower,0,6,49,4,59,0,1,69,0,70,0,7,118,4,129,28,8,36,165
04/06/2007,AHN,GA,ASO,ES,Federal Contract Tower,0,7,30,0,37,0,0,114,0,114,0,7,144,0,151,60,0,60,211
04/07/2007,AHN,GA,ASO,ES,Federal Contract Tower,0,0,19,0,19,0,1,56,0,57,0,1,75,0,76,48,0,48,124
04/08/2007,AHN,GA,ASO,ES,Federal Contract Tower,0,8,31,0,39,0,1,52,0,53,0,9,83,0,92,6,6,12,104
04/09/2007,AHN,GA,ASO,ES,Federal Contract Tower,0,3,25,0,28,0,0,47,0,47,0,3,72,0,75,46,0,46,121
04/10/2007,AHN,GA,ASO,ES,Federal Contract Tower,0,2,40,0,42,0,1,64,0,65,0,3,104,0,107,174,0,174,281
04/11/2007,AHN,GA,ASO,ES,Federal Contract Tower,0,2,19,0,21,0,0,0,0,0,0,2,19,0,21,0,0,0,21
04/12/2007,AHN,GA,ASO,ES,Federal Contract Tower,0,2,39,6,47,0,0,40,1,41,0,2,79,7,88,25,6,31,119
04/13/2007,AHN,GA,ASO,ES,Federal Contract Tower,0,8,64,5,77,0,0,104,0,104,0,8,168,5,181,78,0,78,259
04/14/2007,AHN,GA,ASO,ES,Federal Contract Tower,0,6,17,0,23,0,0,28,8,36,0,6,45,8,59,16,0,16,75
04/15/2007,AHN,GA,ASO,ES,Federal Contract Tower,0,16,30,0,46,0,0,2,0,2,0,16,32,0,48,0,0,0,48
04/16/2007,AHN,GA,ASO,ES,Federal Contract Tower,0,5,32,0,37,0,1,3,0,4,0,6,35,0,41,41,0,41,82
04/17/2007,AHN,GA,ASO,ES,Federal Contract Tower,0,4,44,2,50,0,2,57,6,65,0,6,101,8,115,62,0,62,177
04/18/2007,AHN,GA,ASO,ES,Federal Contract Tower,0,2,91,3,96,0,0,51,0,51,0,2,142,3,147,61,2,63,210
04/19/2007,AHN,GA,ASO,ES,Federal Contract Tower,0,5,69,2,76,0,0,63,0,63,0,5,132,2,139,72,12,84,223
04/20/2007,AHN,GA,ASO,ES,Federal Contract Tower,0,6,47,0,53,0,1,162,8,171,0,7,209,8,224,100,0,100,324
04/21/2007,AHN,GA,ASO,ES,Federal Contract Tower,0,0,43,0,43,0,1,115,0,116,0,1,158,0,159,172,0,172,331
04/22/2007,AHN,GA,ASO,ES,Federal Contract Tower,0,8,36,0,44,0,0,116,0,116,0,8,152,0,160,112,0,112,272
04/23/2007,AHN,GA,ASO,ES,Federal Contract Tower,0,3,26,2,31,0,0,50,4,54,0,3,76,6,85,44,0,44,129
04/24/2007,AHN,GA,ASO,ES,Federal Contract Tower,0,8,32,1,41,0,2,36,0,38,0,10,68,1,79,56,0,56,135
04/25/2007,AHN,GA,ASO,ES,Federal Contract Tower,0,3,15,0,18,0,1,69,5,75,0,4,84,5,93,56,0,56,149
04/26/2007,AHN,GA,ASO,ES,Federal Contract Tower,0,4,22,0,26,0,1,29,7,37,0,5,51,7,63,62,0,62,125
04/27/2007,AHN,GA,ASO,ES,Federal Contract Tower,0,9,27,12,48,0,2,71,10,83,0,11,98,22,131,83,25,108,239
04/28/2007,AHN,GA,ASO,ES,Federal Contract Tower,0,2,20,0,22,0,0,37,0,37,0,2,57,0,59,102,0,102,161
04/29/2007,AHN,GA,ASO,ES,Federal Contract Tower,0,6,33,3,42,0,0,52,1,53,0,6,85,4,95,16,0,16,111
04/30/2007,AHN,GA,ASO,ES,Federal Contract Tower,0,3,30,0,33,0,0,53,0,53,0,3,83,0,86,78,0,78,164
05/01/2007,AHN,GA,ASO,ES,Federal Contract Tower,0,3,35,0,38,0,1,56,0,57,0,4,91,0,95,120,0,120,215
05/02/2007,AHN,GA,ASO,ES,Federal Contract Tower,0,2,36,1,39,0,0,81,0,81,0,2,117,1,120,78,0,78,198
05/03/2007,AHN,GA,ASO,ES,Federal Contract Tower,0,2,21,2,25,0,0,92,8,100,0,2,113,10,125,50,24,74,199
05/04/2007,AHN,GA,ASO,ES,Federal Contract Tower,0,2,18,1,21,0,4,24,1,29,0,6,42,2,50,4,0,4,54
05/05/2007,AHN,GA,ASO,ES,Federal Contract Tower,0,1,57,0,58,0,0,0,0,0,0,1,57,0,58,24,0,24,82
05/06/2007,AHN,GA,ASO,ES,Federal Contract Tower,0,2,59,3,64,0,1,5,2,8,0,3,64,5,72,4,0,4,76
05/07/2007,AHN,GA,ASO,ES,Federal Contract Tower,0,3,15,0,18,0,0,35,4,39,0,3,50,4,57,62,16,78,135
05/08/2007,AHN,GA,ASO,ES,Federal Contract Tower,0,2,18,4,24,0,0,34,0,34,0,2,52,4,58,74,6,80,138
05/09/2007,AHN,GA,ASO,ES,Federal Contract Tower,0,2,16,0,18,0,0,37,0,37,0,2,53,0,55,10,0,10,65
05/10/2007,AHN,GA,ASO,ES,Federal Contract Tower,0,2,27,0,29,0,4,65,1,70,0,6,92,1,99,50,2,52,151
05/11/2007,AHN,GA,ASO,ES,Federal Contract Tower,0,19,29,2,50,0,2,49,6,57,0,21,78,8,107,44,0,44,151
05/12/2007,AHN,GA,ASO,ES,Federal Contract Tower,0,5,40,0,45,0,0,50,0,50,0,5,90,0,95,72,0,72,167
05/13/2007,AHN,GA,ASO,ES,Federal Contract Tower,0,0,27,0,27,0,1,37,0,38,0,1,64,0,65,12,0,12,77
05/14/2007,AHN,GA,ASO,ES,Federal Contract Tower,0,2,17,0,19,0,3,42,0,45,0,5,59,0,64,46,0,46,110
05/15/2007,AHN,GA,ASO,ES,Federal Contract Tower,0,6,9,1,16,0,3,47,2,52,0,9,56,3,68,108,0,108,176
05/16/2007,AHN,GA,ASO,ES,Federal Contract Tower,0,4,25,0,29,0,3,9,6,18,0,7,34,6,47,44,0,44,91
05/17/2007,AHN,GA,ASO,ES,Federal Contract Tower,0,4,28,2,34,0,0,72,1,73,0,4,100,3,107,150,0,150,257
05/18/2007,AHN,GA,ASO,ES,Federal Contract Tower,0,3,27,0,30,0,2,64,0,66,0,5,91,0,96,86,0,86,182
05/19/2007,AHN,GA,ASO,ES,Federal Contract Tower,0,1,20,0,21,0,6,57,0,63,0,7,77,0,84,58,0,58,142
05/20/2007,AHN,GA,ASO,ES,Federal Contract Tower,0,4,16,0,20,0,1,44,1,46,0,5,60,1,66,78,0,78,144
05/21/2007,AHN,GA,ASO,ES,Federal Contract Tower,0,3,27,0,30,0,0,26,0,26,0,3,53,0,56,20,0,20,76
05/22/2007,AHN,GA,ASO,ES,Federal Contract Tower,0,3,17,0,20,0,3,70,2,75,0,6,87,2,95,64,0,64,159
05/23/2007,AHN,GA,ASO,ES,Federal Contract Tower,0,1,20,0,21,0,3,82,0,85,0,4,102,0,106,72,0,72,178
05/24/2007,AHN,GA,ASO,ES,Federal Contract Tower,0,1,18,0,19,0,5,52,0,57,0,6,70,0,76,78,0,78,154
05/25/2007,AHN,GA,ASO,ES,Federal Contract Tower,0,1,23,0,24,0,4,84,10,98,0,5,107,10,122,108,0,108,230
05/26/2007,AHN,GA,ASO,ES,Federal Contract Tower,0,3,11,0,14,0,1,60,19,80,0,4,71,19,94,44,0,44,138
05/27/2007,AHN,GA,ASO,ES,Federal Contract Tower,0,3,11,0,14,0,1,17,1,19,0,4,28,1,33,12,0,12,45
05/28/2007,AHN,GA,ASO,ES,Federal Contract Tower,0,5,30,0,35,0,0,47,2,49,0,5,77,2,84,72,0,72,156
05/29/2007,AHN,GA,ASO,ES,Federal Contract Tower,0,5,23,0,28,0,10,38,14,62,0,15,61,14,90,28,16,44,134
05/30/2007,AHN,GA,ASO,ES,Federal Contract Tower,0,3,18,3,24,0,7,62,5,74,0,10,80,8,98,60,2,62,160
05/31/2007,AHN,GA,ASO,ES,Federal Contract Tower,0,1,35,0,36,0,17,58,13,88,0,18,93,13,124,52,0,52,176
06/01/2007,AHN,GA,ASO,ES,Federal Contract Tower,0,7,29,6,42,0,3,56,0,59,0,10,85,6,101,50,12,62,163
06/02/2007,AHN,GA,ASO,ES,Federal Contract Tower,0,3,23,0,26,0,3,45,0,48,0,6,68,0,74,85,0,85,159
06/03/2007,AHN,GA,ASO,ES,Federal Contract Tower,0,5,21,0,26,0,0,27,2,29,0,5,48,2,55,63,0,63,118
06/04/2007,AHN,GA,ASO,ES,Federal Contract Tower,0,6,33,0,39,0,1,43,0,44,0,7,76,0,83,68,0,68,151
06/05/2007,AHN,GA,ASO,ES,Federal Contract Tower,0,2,24,0,26,0,0,21,0,21,0,2,45,0,47,30,0,30,77
06/06/2007,AHN,GA,ASO,ES,Federal Contract Tower,0,8,21,0,29,0,0,44,4,48,0,8,65,4,77,106,2,108,185
06/07/2007,AHN,GA,ASO,ES,Federal Contract Tower,0,2,27,0,29,0,0,42,0,42,0,2,69,0,71,56,0,56,127
06/08/2007,AHN,GA,ASO,ES,Federal Contract Tower,0,3,24,5,32,0,7,42,1,50,0,10,66,6,82,42,0,42,124
06/09/2007,AHN,GA,ASO,ES,Federal Contract Tower,0,1,22,5,28,0,3,31,7,41,0,4,53,12,69,76,0,76,145
06/10/2007,AHN,GA,ASO,ES,Federal Contract Tower,0,4,25,1,30,0,0,27,6,33,0,4,52,7,63,8,0,8,71
06/11/2007,AHN,GA,ASO,ES,Federal Contract Tower,0,3,25,0,28,0,1,17,2,20,0,4,42,2,48,40,0,40,88
06/12/2007,AHN,GA,ASO,ES,Federal Contract Tower,0,1,14,1,16,0,2,25,2,29,0,3,39,3,45,42,0,42,87
06/13/2007,AHN,GA,ASO,ES,Federal Contract Tower,0,6,10,0,16,0,0,62,0,62,0,6,72,0,78,62,0,62,140
06/14/2007,AHN,GA,ASO,ES,Federal Contract Tower,0,2,19,0,21,0,3,43,0,46,0,5,62,0,67,82,0,82,149
06/15/2007,AHN,GA,ASO,ES,Federal Contract Tower,0,3,30,2,35,0,0,9,5,14,0,3,39,7,49,14,0,14,63
06/16/2007,AHN,GA,ASO,ES,Federal Contract Tower,0,1,25,0,26,0,3,34,0,37,0,4,59,0,63,44,0,44,107
06/17/2007,AHN,GA,ASO,ES,Federal Contract Tower,0,3,25,7,35,0,1,37,4,42,0,4,62,11,77,4,0,4,81
06/18/2007,AHN,GA,ASO,ES,Federal Contract Tower,0,6,19,0,25,0,0,45,0,45,0,6,64,0,70,58,0,58,128
06/19/2007,AHN,GA,ASO,ES,Federal Contract Tower,0,2,27,0,29,0,0,28,0,28,0,2,55,0,57,22,0,22,79
06/20/2007,AHN,GA,ASO,ES,Federal Contract Tower,0,2,27,0,29,0,0,49,0,49,0,2,76,0,78,80,0,80,158
06/21/2007,AHN,GA,ASO,ES,Federal Contract Tower,0,4,24,3,31,0,1,58,3,62,0,5,82,6,93,70,0,70,163
06/22/2007,AHN,GA,ASO,ES,Federal Contract Tower,0,1,26,1,28,0,1,51,6,58,0,2,77,7,86,94,0,94,180
06/23/2007,AHN,GA,ASO,ES,Federal Contract Tower,0,4,12,0,16,0,0,61,0,61,0,4,73,0,77,72,0,72,149
06/24/2007,AHN,GA,ASO,ES,Federal Contract Tower,0,9,11,0,20,0,0,32,2,34,0,9,43,2,54,92,0,92,146
06/25/2007,AHN,GA,ASO,ES,Federal Contract Tower,0,3,16,0,19,0,1,20,0,21,0,4,36,0,40,40,0,40,80
06/26/2007,AHN,GA,ASO,ES,Federal Contract Tower,0,5,23,0,28,0,0,24,0,24,0,5,47,0,52,44,0,44,96
06/27/2007,AHN,GA,ASO,ES,Federal Contract Tower,0,1,29,0,30,0,0,29,10,39,0,1,58,10,69,42,0,42,111
06/28/2007,AHN,GA,ASO,ES,Federal Contract Tower,0,6,15,0,21,0,1,49,1,51,0,7,64,1,72,110,4,114,186
06/29/2007,AHN,GA,ASO,ES,Federal Contract Tower,0,5,30,0,35,0,0,48,0,48,0,5,78,0,83,108,0,108,191
06/30/2007,AHN,GA,ASO,ES,Federal Contract Tower,0,2,31,0,33,0,0,33,2,35,0,2,64,2,68,14,0,14,82
07/01/2007,AHN,GA,ASO,ES,Federal Contract Tower,0,2,16,6,24,0,1,20,3,24,0,3,36,9,48,8,6,14,62
07/02/2007,AHN,GA,ASO,ES,Federal Contract Tower,0,4,16,3,23,0,0,14,4,18,0,4,30,7,41,0,4,4,45
07/03/2007,AHN,GA,ASO,ES,Federal Contract Tower,0,1,44,2,47,0,3,28,2,33,0,4,72,4,80,50,0,50,130
07/04/2007,AHN,GA,ASO,ES,Federal Contract Tower,0,6,8,0,14,0,0,48,0,48,0,6,56,0,62,84,0,84,146
07/05/2007,AHN,GA,ASO,ES,Federal Contract Tower,0,5,13,2,20,0,3,49,1,53,0,8,62,3,73,50,0,50,123
07/06/2007,AHN,GA,ASO,ES,Federal Contract Tower,0,4,19,10,33,0,1,42,3,46,0,5,61,13,79,68,50,118,197
07/07/2007,AHN,GA,ASO,ES,Federal Contract Tower,0,4,18,0,22,0,0,32,0,32,0,4,50,0,54,70,0,70,124
07/08/2007,AHN,GA,ASO,ES,Federal Contract Tower,0,2,26,0,28,0,0,12,4,16,0,2,38,4,44,12,0,12,56
07/09/2007,AHN,GA,ASO,ES,Federal Contract Tower,0,2,16,2,20,0,0,29,0,29,0,2,45,2,49,42,0,42,91
07/10/2007,AHN,GA,ASO,ES,Federal Contract Tower,0,3,29,0,32,0,0,30,0,30,0,3,59,0,62,70,0,70,132
07/11/2007,AHN,GA,ASO,ES,Federal Contract Tower,0,2,32,0,34,0,0,4,0,4,0,2,36,0,38,10,0,10,48
07/12/2007,AHN,GA,ASO,ES,Federal Contract Tower,0,2,32,0,34,0,0,55,0,55,0,2,87,0,89,138,0,138,227
07/13/2007,AHN,GA,ASO,ES,Federal Contract Tower,0,2,20,4,26,0,0,36,0,36,0,2,56,4,62,38,2,40,102
07/14/2007,AHN,GA,ASO,ES,Federal Contract Tower,0,3,16,0,19,0,0,33,0,33,0,3,49,0,52,32,0,32,84
07/15/2007,AHN,GA,ASO,ES,Federal Contract Tower,0,4,34,0,38,0,0,0,0,0,0,4,34,0,38,12,0,12,50
07/16/2007,AHN,GA,ASO,ES,Federal Contract Tower,0,2,29,0,31,0,0,63,0,63,0,2,92,0,94,42,0,42,136
07/17/2007,AHN,GA,ASO,ES,Federal Contract Tower,0,2,22,0,24,0,0,60,3,63,0,2,82,3,87,68,0,68,155
07/18/2007,AHN,GA,ASO,ES,Federal Contract Tower,0,1,14,0,15,0,1,36,0,37,0,2,50,0,52,34,0,34,86
07/19/2007,AHN,GA,ASO,ES,Federal Contract Tower,0,3,30,2,35,0,0,34,1,35,0,3,64,3,70,84,0,84,154
07/20/2007,AHN,GA,ASO,ES,Federal Contract Tower,0,4,17,2,23,0,2,46,4,52,0,6,63,6,75,68,2,70,145
07/21/2007,AHN,GA,ASO,ES,Federal Contract Tower,0,0,25,0,25,0,6,73,0,79,0,6,98,0,104,28,0,28,132
07/22/2007,AHN,GA,ASO,ES,Federal Contract Tower,0,1,26,0,27,0,1,31,24,56,0,2,57,24,83,16,0,16,99
07/23/2007,AHN,GA,ASO,ES,Federal Contract Tower,0,2,8,1,11,0,1,44,0,45,0,3,52,1,56,28,0,28,84
07/24/2007,AHN,GA,ASO,ES,Federal Contract Tower,0,1,19,3,23,0,1,51,1,53,0,2,70,4,76,64,0,64,140
07/25/2007,AHN,GA,ASO,ES,Federal Contract Tower,0,3,28,2,33,0,3,44,0,47,0,6,72,2,80,60,0,60,140
07/26/2007,AHN,GA,ASO,ES,Federal Contract Tower,0,3,28,1,32,0,0,48,0,48,0,3,76,1,80,80,0,80,160
07/27/2007,AHN,GA,ASO,ES,Federal Contract Tower,0,2,21,5,28,0,1,50,1,52,0,3,71,6,80,70,2,72,152
07/28/2007,AHN,GA,ASO,ES,Federal Contract Tower,0,0,17,1,18,0,2,29,0,31,0,2,46,1,49,68,0,68,117
07/29/2007,AHN,GA,ASO,ES,Federal Contract Tower,0,6,30,0,36,0,0,4,0,4,0,6,34,0,40,2,0,2,42
07/30/2007,AHN,GA,ASO,ES,Federal Contract Tower,0,4,29,0,33,0,0,36,0,36,0,4,65,0,69,76,0,76,145
07/31/2007,AHN,GA,ASO,ES,Federal Contract Tower,0,2,33,0,35,0,0,41,0,41,0,2,74,0,76,40,0,40,116
08/01/2007,AHN,GA,ASO,ES,Federal Contract Tower,0,7,23,2,32,0,0,55,2,57,0,7,78,4,89,44,0,44,133
08/02/2007,AHN,GA,ASO,ES,Federal Contract Tower,0,8,22,1,31,0,0,34,4,38,0,8,56,5,69,70,0,70,139
08/03/2007,AHN,GA,ASO,ES,Federal Contract Tower,0,6,23,1,30,0,1,41,1,43,0,7,64,2,73,94,6,100,173
08/04/2007,AHN,GA,ASO,ES,Federal Contract Tower,0,5,15,0,20,0,0,75,1,76,0,5,90,1,96,58,0,58,154
08/05/2007,AHN,GA,ASO,ES,Federal Contract Tower,0,3,20,0,23,0,1,30,0,31,0,4,50,0,54,6,0,6,60
08/06/2007,AHN,GA,ASO,ES,Federal Contract Tower,0,2,32,0,34,0,1,23,0,24,0,3,55,0,58,52,0,52,110
08/07/2007,AHN,GA,ASO,ES,Federal Contract Tower,0,3,14,0,17,0,0,61,0,61,0,3,75,0,78,44,0,44,122
08/08/2007,AHN,GA,ASO,ES,Federal Contract Tower,0,3,15,0,18,0,0,38,0,38,0,3,53,0,56,68,0,68,124
08/09/2007,AHN,GA,ASO,ES,Federal Contract Tower,0,3,28,2,33,0,2,32,0,34,0,5,60,2,67,58,0,58,125
08/10/2007,AHN,GA,ASO,ES,Federal Contract Tower,0,8,36,0,44,0,0,44,4,48,0,8,80,4,92,76,2,78,170
08/11/2007,AHN,GA,ASO,ES,Federal Contract Tower,0,3,38,0,41,0,0,55,0,55,0,3,93,0,96,90,0,90,186
08/12/2007,AHN,GA,ASO,ES,Federal Contract Tower,0,6,20,7,33,0,1,12,3,16,0,7,32,10,49,20,0,20,69
08/13/2007,AHN,GA,ASO,ES,Federal Contract Tower,0,2,18,0,20,0,2,32,0,34,0,4,50,0,54,58,0,58,112
08/14/2007,AHN,GA,ASO,ES,Federal Contract Tower,0,1,28,0,29,0,0,34,4,38,0,1,62,4,67,56,0,56,123
08/15/2007,AHN,GA,ASO,ES,Federal Contract Tower,0,2,19,0,21,0,0,53,2,55,0,2,72,2,76,72,10,82,158
08/16/2007,AHN,GA,ASO,ES,Federal Contract Tower,0,2,37,1,40,0,0,37,7,44,0,2,74,8,84,94,10,104,188
08/17/2007,AHN,GA,ASO,ES,Federal Contract Tower,0,2,34,5,41,0,2,47,1,50,0,4,81,6,91,94,2,96,187
08/18/2007,AHN,GA,ASO,ES,Federal Contract Tower,0,2,27,0,29,0,0,64,0,64,0,2,91,0,93,41,0,41,134
08/19/2007,AHN,GA,ASO,ES,Federal Contract Tower,0,3,31,0,34,0,0,56,0,56,0,3,87,0,90,22,0,22,112
08/20/2007,AHN,GA,ASO,ES,Federal Contract Tower,0,2,17,0,19,0,1,36,6,43,0,3,53,6,62,38,0,38,100
08/21/2007,AHN,GA,ASO,ES,Federal Contract Tower,0,6,29,0,35,0,0,40,0,40,0,6,69,0,75,92,0,92,167
08/22/2007,AHN,GA,ASO,ES,Federal Contract Tower,0,2,27,3,32,0,0,47,3,50,0,2,74,6,82,50,0,50,132
08/23/2007,AHN,GA,ASO,ES,Federal Contract Tower,0,7,22,1,30,0,3,32,6,41,0,10,54,7,71,22,4,26,97
08/24/2007,AHN,GA,ASO,ES,Federal Contract Tower,0,8,21,4,33,0,1,56,22,79,0,9,77,26,112,46,10,56,168
08/25/2007,AHN,GA,ASO,ES,Federal Contract Tower,0,1,23,0,24,0,0,48,0,48,0,1,71,0,72,62,0,62,134
08/26/2007,AHN,GA,ASO,ES,Federal Contract Tower,0,4,12,0,16,0,0,32,2,34,0,4,44,2,50,18,0,18,68
08/27/2007,AHN,GA,ASO,ES,Federal Contract Tower,0,0,27,7,34,0,0,20,6,26,0,0,47,13,60,22,10,32,92
08/28/2007,AHN,GA,ASO,ES,Federal Contract Tower,0,5,28,0,33,0,2,31,0,33,0,7,59,0,66,58,0,58,124
08/29/2007,AHN,GA,ASO,ES,Federal Contract Tower,0,2,23,0,25,0,0,37,0,37,0,2,60,0,62,58,0,58,120
08/30/2007,AHN,GA,ASO,ES,Federal Contract Tower,0,3,17,0,20,0,0,24,4,28,0,3,41,4,48,46,0,46,94
08/31/2007,AHN,GA,ASO,ES,Federal Contract Tower,0,5,37,5,47,0,0,26,0,26,0,5,63,5,73,74,8,82,155
09/01/2007,AHN,GA,ASO,ES,Federal Contract Tower,0,2,66,0,68,0,2,47,0,49,0,4,113,0,117,186,0,186,303
09/02/2007,AHN,GA,ASO,ES,Federal Contract Tower,0,12,126,12,150,0,0,39,0,39,0,12,165,12,189,12,0,12,201
09/03/2007,AHN,GA,ASO,ES,Federal Contract Tower,0,2,27,2,31,0,0,98,2,100,0,2,125,4,131,78,0,78,209
09/04/2007,AHN,GA,ASO,ES,Federal Contract Tower,0,2,22,3,27,0,9,53,10,72,0,11,75,13,99,56,0,56,155
09/05/2007,AHN,GA,ASO,ES,Federal Contract Tower,0,2,25,0,27,0,5,55,11,71,0,7,80,11,98,156,4,160,258
09/06/2007,AHN,GA,ASO,ES,Federal Contract Tower,0,11,42,2,55,0,10,97,9,116,0,21,139,11,171,124,6,130,301
09/07/2007,AHN,GA,ASO,ES,Federal Contract Tower,0,12,8,0,20,0,0,133,11,144,0,12,141,11,164,112,16,128,292
09/08/2007,AHN,GA,ASO,ES,Federal Contract Tower,0,9,125,0,134,0,0,165,0,165,0,9,290,0,299,274,0,274,573
09/09/2007,AHN,GA,ASO,ES,Federal Contract Tower,0,5,42,4,51,0,0,58,2,60,0,5,100,6,111,62,6,68,179
09/10/2007,AHN,GA,ASO,ES,Federal Contract Tower,0,1,22,2,25,0,2,41,0,43,0,3,63,2,68,96,0,96,164
09/11/2007,AHN,GA,ASO,ES,Federal Contract Tower,0,4,14,0,18,0,2,34,4,40,0,6,48,4,58,34,0,34,92
09/12/2007,AHN,GA,ASO,ES,Federal Contract Tower,0,3,26,0,29,0,0,31,0,31,0,3,57,0,60,48,0,48,108
09/13/2007,AHN,GA,ASO,ES,Federal Contract Tower,0,2,30,0,32,0,0,10,0,10,0,2,40,0,42,4,0,4,46
09/14/2007,AHN,GA,ASO,ES,Federal Contract Tower,0,5,39,5,49,0,0,8,0,8,0,5,47,5,57,16,0,16,73
09/15/2007,AHN,GA,ASO,ES,Federal Contract Tower,0,10,47,0,57,0,1,40,6,47,0,11,87,6,104,318,0,318,422
09/16/2007,AHN,GA,ASO,ES,Federal Contract Tower,0,4,45,1,50,0,0,38,0,38,0,4,83,1,88,16,0,16,104
09/17/2007,AHN,GA,ASO,ES,Federal Contract Tower,0,9,16,6,31,0,1,54,0,55,0,10,70,6,86,80,0,80,166
09/18/2007,AHN,GA,ASO,ES,Federal Contract Tower,0,2,24,0,26,0,7,57,0,64,0,9,81,0,90,72,0,72,162
09/19/2007,AHN,GA,ASO,ES,Federal Contract Tower,0,1,27,0,28,0,0,45,0,45,0,1,72,0,73,118,0,118,191
09/20/2007,AHN,GA,ASO,ES,Federal Contract Tower,0,3,31,1,35,0,0,24,2,26,0,3,55,3,61,96,2,98,159
09/21/2007,AHN,GA,ASO,ES,Federal Contract Tower,0,11,23,3,37,0,2,13,0,15,0,13,36,3,52,6,12,18,70
09/22/2007,AHN,GA,ASO,ES,Federal Contract Tower,0,2,22,2,26,0,0,18,0,18,0,2,40,2,44,36,0,36,80
09/23/2007,AHN,GA,ASO,ES,Federal Contract Tower,0,5,20,1,26,0,0,22,0,22,0,5,42,1,48,28,0,28,76
09/24/2007,AHN,GA,ASO,ES,Federal Contract Tower,0,2,19,1,22,0,2,40,0,42,0,4,59,1,64,34,0,34,98
09/25/2007,AHN,GA,ASO,ES,Federal Contract Tower,0,4,18,0,22,0,4,70,0,74,0,8,88,0,96,152,0,152,248
09/26/2007,AHN,GA,ASO,ES,Federal Contract Tower,0,3,20,0,23,0,0,47,1,48,0,3,67,1,71,74,0,74,145
09/27/2007,AHN,GA,ASO,ES,Federal Contract Tower,0,5,30,0,35,0,2,23,1,26,0,7,53,1,61,38,0,38,99
09/28/2007,AHN,GA,ASO,ES,Federal Contract Tower,0,3,72,3,78,0,0,57,0,57,0,3,129,3,135,90,0,90,225
09/29/2007,AHN,GA,ASO,ES,Federal Contract Tower,0,0,80,0,80,0,0,101,0,101,0,0,181,0,181,168,0,168,349
09/30/2007,AHN,GA,ASO,ES,Federal Contract Tower,0,1,37,3,41,0,0,70,0,70,0,1,107,3,111,56,0,56,167
10/01/2007,AHN,GA,ASO,ES,Federal Contract Tower,0,4,20,3,27,0,0,39,0,39,0,4,59,3,66,74,10,84,150
10/02/2007,AHN,GA,ASO,ES,Federal Contract Tower,0,2,25,0,27,0,0,48,0,48,0,2,73,0,75,102,0,102,177
10/03/2007,AHN,GA,ASO,ES,Federal Contract Tower,0,2,23,0,25,0,0,41,2,43,0,2,64,2,68,24,0,24,92
10/04/2007,AHN,GA,ASO,ES,Federal Contract Tower,0,7,30,0,37,0,0,3,0,3,0,7,33,0,40,4,0,4,44
10/05/2007,AHN,GA,ASO,ES,Federal Contract Tower,0,2,34,0,36,0,0,13,0,13,0,2,47,0,49,36,0,36,85
10/06/2007,AHN,GA,ASO,ES,Federal Contract Tower,0,1,39,0,40,0,0,11,0,11,0,1,50,0,51,0,0,0,51
10/07/2007,AHN,GA,ASO,ES,Federal Contract Tower,0,2,24,0,26,0,0,66,0,66,0,2,90,0,92,40,0,40,132
10/08/2007,AHN,GA,ASO,ES,Federal Contract Tower,0,3,34,0,37,0,2,47,0,49,0,5,81,0,86,76,0,76,162
10/09/2007,AHN,GA,ASO,ES,Federal Contract Tower,0,3,25,0,28,0,0,33,0,33,0,3,58,0,61,24,0,24,85
10/10/2007,AHN,GA,ASO,ES,Federal Contract Tower,0,1,31,0,32,0,1,80,0,81,0,2,111,0,113,134,0,134,247
10/11/2007,AHN,GA,ASO,ES,Federal Contract Tower,0,2,24,4,30,0,1,52,2,55,0,3,76,6,85,106,0,106,191
10/12/2007,AHN,GA,ASO,ES,Federal Contract Tower,0,8,40,6,54,0,5,83,2,90,0,13,123,8,144,86,0,86,230
10/13/2007,AHN,GA,ASO,ES,Federal Contract Tower,0,1,29,0,30,0,0,75,0,75,0,1,104,0,105,50,0,50,155
10/14/2007,AHN,GA,ASO,ES,Federal Contract Tower,0,2,33,2,37,0,0,46,2,48,0,2,79,4,85,18,0,18,103
10/15/2007,AHN,GA,ASO,ES,Federal Contract Tower,0,5,16,2,23,0,0,45,0,45,0,5,61,2,68,76,0,76,144
10/16/2007,AHN,GA,ASO,ES,Federal Contract Tower,0,4,27,0,31,0,0,30,1,31,0,4,57,1,62,38,0,38,100
10/17/2007,AHN,GA,ASO,ES,Federal Contract Tower,0,4,13,4,21,0,1,27,2,30,0,5,40,6,51,20,2,22,73
10/18/2007,AHN,GA,ASO,ES,Federal Contract Tower,0,2,22,0,24,0,1,11,0,12,0,3,33,0,36,32,0,32,68
10/19/2007,AHN,GA,ASO,ES,Federal Contract Tower,0,9,38,0,47,0,0,28,10,38,0,9,66,10,85,40,0,40,125
10/20/2007,AHN,GA,ASO,ES,Federal Contract Tower,0,3,13,0,16,0,2,94,8,104,0,5,107,8,120,294,4,298,418
10/21/2007,AHN,GA,ASO,ES,Federal Contract Tower,0,8,35,1,44,0,0,55,0,55,0,8,90,1,99,62,0,62,161
10/22/2007,AHN,GA,ASO,ES,Federal Contract Tower,0,2,31,0,33,0,0,4,0,4,0,2,35,0,37,0,0,0,37
10/23/2007,AHN,GA,ASO,ES,Federal Contract Tower,0,3,30,0,33,0,0,12,0,12,0,3,42,0,45,42,0,42,87
10/24/2007,AHN,GA,ASO,ES,Federal Contract Tower,0,3,52,5,60,0,2,0,0,2,0,5,52,5,62,6,0,6,68
10/25/2007,AHN,GA,ASO,ES,Federal Contract Tower,0,4,34,0,38,0,0,50,0,50,0,4,84,0,88,54,0,54,142
10/26/2007,AHN,GA,ASO,ES,Federal Contract Tower,0,2,22,1,25,0,0,38,4,42,0,2,60,5,67,0,0,0,67
10/27/2007,AHN,GA,ASO,ES,Federal Contract Tower,0,2,26,0,28,0,0,53,0,53,0,2,79,0,81,38,0,38,119
10/28/2007,AHN,GA,ASO,ES,Federal Contract Tower,0,4,33,0,37,0,1,54,1,56,0,5,87,1,93,44,2,46,139
10/29/2007,AHN,GA,ASO,ES,Federal Contract Tower,0,4,21,0,25,0,3,35,0,38,0,7,56,0,63,34,0,34,97
10/30/2007,AHN,GA,ASO,ES,Federal Contract Tower,0,3,15,0,18,0,2,73,0,75,0,5,88,0,93,68,0,68,161
10/31/2007,AHN,GA,ASO,ES,Federal Contract Tower,0,5,27,0,32,0,2,79,2,83,0,7,106,2,115,62,0,62,177
11/01/2007,AHN,GA,ASO,ES,Federal Contract Tower,0,9,19,0,28,0,0,49,0,49,0,9,68,0,77,12,0,12,89
11/02/2007,AHN,GA,ASO,ES,Federal Contract Tower,0,4,43,6,53,0,1,73,2,76,0,5,116,8,129,54,0,54,183
11/03/2007,AHN,GA,ASO,ES,Federal Contract Tower,0,12,61,0,73,0,0,176,1,177,0,12,237,1,250,114,10,124,374
11/04/2007,AHN,GA,ASO,ES,Federal Contract Tower,0,5,34,0,39,0,0,65,0,65,0,5,99,0,104,14,0,14,118
11/05/2007,AHN,GA,ASO,ES,Federal Contract Tower,0,4,25,2,31,0,0,54,2,56,0,4,79,4,87,84,0,84,171
11/06/2007,AHN,GA,ASO,ES,Federal Contract Tower,0,5,22,0,27,0,0,36,2,38,0,5,58,2,65,42,0,42,107
11/07/2007,AHN,GA,ASO,ES,Federal Contract Tower,0,3,14,3,20,0,1,60,4,65,0,4,74,7,85,44,10,54,139
11/08/2007,AHN,GA,ASO,ES,Federal Contract Tower,0,4,35,2,41,0,1,57,0,58,0,5,92,2,99,80,0,80,179
11/09/2007,AHN,GA,ASO,ES,Federal Contract Tower,0,12,45,5,62,0,4,156,0,160,0,16,201,5,222,146,0,146,368
11/10/2007,AHN,GA,ASO,ES,Federal Contract Tower,0,12,178,0,190,0,8,109,0,117,0,20,287,0,307,242,0,242,549
11/11/2007,AHN,GA,ASO,ES,Federal Contract Tower,0,5,50,0,55,0,0,82,9,91,0,5,132,9,146,18,0,18,164
11/12/2007,AHN,GA,ASO,ES,Federal Contract Tower,0,2,17,1,20,0,0,38,2,40,0,2,55,3,60,28,0,28,88
11/13/2007,AHN,GA,ASO,ES,Federal Contract Tower,0,2,20,7,29,0,1,43,0,44,0,3,63,7,73,44,0,44,117
11/14/2007,AHN,GA,ASO,ES,Federal Contract Tower,0,7,22,0,29,0,1,62,1,64,0,8,84,1,93,94,0,94,187
11/15/2007,AHN,GA,ASO,ES,Federal Contract Tower,0,5,5,2,12,0,2,30,5,37,0,7,35,7,49,8,14,22,71
11/16/2007,AHN,GA,ASO,ES,Federal Contract Tower,0,3,55,0,58,0,0,58,12,70,0,3,113,12,128,34,0,34,162
11/17/2007,AHN,GA,ASO,ES,Federal Contract Tower,0,9,108,2,119,0,2,105,6,113,0,11,213,8,232,108,12,120,352
11/18/2007,AHN,GA,ASO,ES,Federal Contract Tower,0,8,50,0,58,0,0,67,0,67,0,8,117,0,125,62,0,62,187
11/19/2007,AHN,GA,ASO,ES,Federal Contract Tower,0,3,28,4,35,0,2,47,0,49,0,5,75,4,84,6,18,24,108
11/20/2007,AHN,GA,ASO,ES,Federal Contract Tower,2,6,66,1,75,0,0,61,0,61,2,6,127,1,136,66,10,76,212
11/21/2007,AHN,GA,ASO,ES,Federal Contract Tower,3,2,49,2,56,0,0,40,0,40,3,2,89,2,96,112,8,120,216
11/22/2007,AHN,GA,ASO,ES,Federal Contract Tower,2,0,6,0,8,0,0,2,0,2,2,0,8,0,10,0,0,0,10
11/23/2007,AHN,GA,ASO,ES,Federal Contract Tower,2,0,20,0,22,0,0,41,0,41,2,0,61,0,63,60,0,60,123
11/24/2007,AHN,GA,ASO,ES,Federal Contract Tower,2,0,26,0,28,0,1,27,0,28,2,1,53,0,56,0,0,0,56
11/25/2007,AHN,GA,ASO,ES,Federal Contract Tower,0,0,40,0,40,0,0,18,0,18,0,0,58,0,58,0,0,0,58
11/26/2007,AHN,GA,ASO,ES,Federal Contract Tower,1,0,4,0,5,0,0,0,0,0,1,0,4,0,5,0,0,0,5
11/27/2007,AHN,GA,ASO,ES,Federal Contract Tower,0,1,21,1,23,0,0,45,4,49,0,1,66,5,72,18,14,32,104
11/28/2007,AHN,GA,ASO,ES,Federal Contract Tower,2,4,22,4,32,0,1,74,0,75,2,5,96,4,107,94,0,94,201
11/29/2007,AHN,GA,ASO,ES,Federal Contract Tower,2,0,29,5,36,0,0,48,2,50,2,0,77,7,86,74,10,84,170
11/30/2007,AHN,GA,ASO,ES,Federal Contract Tower,2,4,39,12,57,0,4,41,0,45,2,8,80,12,102,66,8,74,176
12/01/2007,AHN,GA,ASO,ES,Federal Contract Tower,0,0,6,0,6,0,1,73,0,74,0,1,79,0,80,94,0,94,174
12/02/2007,AHN,GA,ASO,ES,Federal Contract Tower,2,0,32,13,47,0,0,22,5,27,2,0,54,18,74,30,12,42,116
12/03/2007,AHN,GA,ASO,ES,Federal Contract Tower,2,0,13,3,18,0,0,22,2,24,2,0,35,5,42,22,4,26,68
12/04/2007,AHN,GA,ASO,ES,Federal Contract Tower,2,3,20,0,25,0,0,38,0,38,2,3,58,0,63,80,0,80,143
12/05/2007,AHN,GA,ASO,ES,Federal Contract Tower,2,2,19,4,27,0,0,48,4,52,2,2,67,8,79,110,4,114,193
12/06/2007,AHN,GA,ASO,ES,Federal Contract Tower,2,0,18,0,20,0,3,52,0,55,2,3,70,0,75,54,0,54,129
12/07/2007,AHN,GA,ASO,ES,Federal Contract Tower,2,4,28,4,38,0,0,42,2,44,2,4,70,6,82,18,0,18,100
12/08/2007,AHN,GA,ASO,ES,Federal Contract Tower,0,2,22,0,24,0,0,41,0,41,0,2,63,0,65,26,0,26,91
12/09/2007,AHN,GA,ASO,ES,Federal Contract Tower,0,2,11,15,28,0,0,14,7,21,0,2,25,22,49,20,14,34,83
12/10/2007,AHN,GA,ASO,ES,Federal Contract Tower,1,0,16,0,17,0,1,40,0,41,1,1,56,0,58,66,0,66,124
12/11/2007,AHN,GA,ASO,ES,Federal Contract Tower,2,2,13,0,17,0,0,58,0,58,2,2,71,0,75,54,0,54,129
12/12/2007,AHN,GA,ASO,ES,Federal Contract Tower,2,2,34,0,38,0,0,67,2,69,2,2,101,2,107,84,0,84,191
12/13/2007,AHN,GA,ASO,ES,Federal Contract Tower,3,0,26,0,29,0,1,31,2,34,3,1,57,2,63,66,0,66,129
12/14/2007,AHN,GA,ASO,ES,Federal Contract Tower,2,0,33,5,40,0,0,39,4,43,2,0,72,9,83,74,4,78,161
12/15/2007,AHN,GA,ASO,ES,Federal Contract Tower,0,4,22,0,26,0,0,3,0,3,0,4,25,0,29,0,0,0,29
12/16/2007,AHN,GA,ASO,ES,Federal Contract Tower,0,0,12,8,20,0,0,10,1,11,0,0,22,9,31,0,0,0,31
12/17/2007,AHN,GA,ASO,ES,Federal Contract Tower,0,4,23,0,27,0,0,50,0,50,0,4,73,0,77,22,0,22,99
12/18/2007,AHN,GA,ASO,ES,Federal Contract Tower,2,1,13,3,19,0,0,60,4,64,2,1,73,7,83,22,4,26,109
12/19/2007,AHN,GA,ASO,ES,Federal Contract Tower,2,1,33,4,40,0,2,26,0,28,2,3,59,4,68,68,0,68,136
12/20/2007,AHN,GA,ASO,ES,Federal Contract Tower,2,1,33,0,36,0,1,4,0,5,2,2,37,0,41,14,0,14,55
12/21/2007,AHN,GA,ASO,ES,Federal Contract Tower,2,0,38,0,40,0,0,0,0,0,2,0,38,0,40,0,0,0,40
12/22/2007,AHN,GA,ASO,ES,Federal Contract Tower,2,0,16,0,18,0,0,13,0,13,2,0,29,0,31,4,0,4,35
12/23/2007,AHN,GA,ASO,ES,Federal Contract Tower,1,0,15,0,16,0,0,5,0,5,1,0,20,0,21,26,0,26,47
12/24/2007,AHN,GA,ASO,ES,Federal Contract Tower,2,0,4,0,6,0,0,24,0,24,2,0,28,0,30,18,0,18,48
12/25/2007,AHN,GA,ASO,ES,Federal Contract Tower,2,0,3,0,5,0,0,3,0,3,2,0,6,0,8,12,0,12,20
12/26/2007,AHN,GA,ASO,ES,Federal Contract Tower,2,4,31,0,37,0,0,28,0,28,2,4,59,0,65,18,0,18,83
12/27/2007,AHN,GA,ASO,ES,Federal Contract Tower,2,0,20,0,22,0,0,17,0,17,2,0,37,0,39,0,0,0,39
12/28/2007,AHN,GA,ASO,ES,Federal Contract Tower,2,1,13,0,16,0,0,0,0,0,2,1,13,0,16,0,0,0,16
12/29/2007,AHN,GA,ASO,ES,Federal Contract Tower,2,2,30,0,34,0,0,27,0,27,2,2,57,0,61,14,0,14,75
12/30/2007,AHN,GA,ASO,ES,Federal Contract Tower,3,0,16,0,19,0,0,0,0,0,3,0,16,0,19,2,0,2,21
12/31/2007,AHN,GA,ASO,ES,Federal Contract Tower,0,5,27,0,32,0,3,43,0,46,0,8,70,0,78,30,0,30,108
01/01/2008,AHN,GA,ASO,ES,Federal Contract Tower,2,0,13,0,15,0,0,13,0,13,2,0,26,0,28,8,0,8,36
01/02/2008,AHN,GA,ASO,ES,Federal Contract Tower,2,9,33,0,44,0,0,13,0,13,2,9,46,0,57,8,0,8,65
01/03/2008,AHN,GA,ASO,ES,Federal Contract Tower,2,0,21,0,23,0,0,29,5,34,2,0,50,5,57,28,0,28,85
01/04/2008,AHN,GA,ASO,ES,Federal Contract Tower,2,0,34,6,42,0,0,39,0,39,2,0,73,6,81,50,10,60,141
01/05/2008,AHN,GA,ASO,ES,Federal Contract Tower,1,1,24,0,26,0,2,63,0,65,1,3,87,0,91,56,0,56,147
01/06/2008,AHN,GA,ASO,ES,Federal Contract Tower,2,1,18,9,30,0,1,47,4,52,2,2,65,13,82,34,6,40,122
01/07/2008,AHN,GA,ASO,ES,Federal Contract Tower,2,2,8,0,12,0,0,41,2,43,2,2,49,2,55,42,0,42,97
01/08/2008,AHN,GA,ASO,ES,Federal Contract Tower,1,0,24,0,25,0,1,16,0,17,1,1,40,0,42,34,0,34,76
01/09/2008,AHN,GA,ASO,ES,Federal Contract Tower,2,2,30,6,40,0,1,20,4,25,2,3,50,10,65,56,6,62,127
01/10/2008,AHN,GA,ASO,ES,Federal Contract Tower,2,0,14,0,16,0,0,0,0,0,2,0,14,0,16,4,0,4,20
01/11/2008,AHN,GA,ASO,ES,Federal Contract Tower,2,9,12,28,51,0,1,49,10,60,2,10,61,38,111,98,22,120,231
01/12/2008,AHN,GA,ASO,ES,Federal Contract Tower,1,6,15,6,28,0,0,79,1,80,1,6,94,7,108,80,0,80,188
01/13/2008,AHN,GA,ASO,ES,Federal Contract Tower,2,2,14,10,28,0,0,20,8,28,2,2,34,18,56,14,14,28,84
01/14/2008,AHN,GA,ASO,ES,Federal Contract Tower,2,1,33,0,36,0,0,40,7,47,2,1,73,7,83,56,0,56,139
01/15/2008,AHN,GA,ASO,ES,Federal Contract Tower,4,1,40,2,47,0,0,55,11,66,4,1,95,13,113,112,26,138,251
01/16/2008,AHN,GA,ASO,ES,Federal Contract Tower,2,3,21,3,29,0,0,16,1,17,2,3,37,4,46,34,4,38,84
01/17/2008,AHN,GA,ASO,ES,Federal Contract Tower,3,2,19,0,24,0,0,0,0,0,3,2,19,0,24,0,0,0,24
01/18/2008,AHN,GA,ASO,ES,Federal Contract Tower,1,11,39,4,55,0,1,46,8,55,1,12,85,12,110,78,4,82,192
01/19/2008,AHN,GA,ASO,ES,Federal Contract Tower,2,1,8,0,11,0,0,0,0,0,2,1,8,0,11,0,0,0,11
01/20/2008,AHN,GA,ASO,ES,Federal Contract Tower,1,2,22,12,37,0,0,36,3,39,1,2,58,15,76,26,12,38,114
01/21/2008,AHN,GA,ASO,ES,Federal Contract Tower,2,3,28,7,40,0,0,36,0,36,2,3,64,7,76,38,14,52,128
01/22/2008,AHN,GA,ASO,ES,Federal Contract Tower,1,3,29,0,33,0,0,4,0,4,1,3,33,0,37,4,0,4,41
01/23/2008,AHN,GA,ASO,ES,Federal Contract Tower,3,2,25,1,31,0,2,30,0,32,3,4,55,1,63,60,0,60,123
01/24/2008,AHN,GA,ASO,ES,Federal Contract Tower,1,5,24,0,30,0,0,29,12,41,1,5,53,12,71,50,0,50,121
01/25/2008,AHN,GA,ASO,ES,Federal Contract Tower,3,3,23,5,34,0,2,56,2,60,3,5,79,7,94,50,12,62,156
01/26/2008,AHN,GA,ASO,ES,Federal Contract Tower,0,4,18,0,22,0,0,19,0,19,0,4,37,0,41,30,0,30,71
01/27/2008,AHN,GA,ASO,ES,Federal Contract Tower,3,2,32,0,37,0,0,45,0,45,3,2,77,0,82,66,0,66,148
01/28/2008,AHN,GA,ASO,ES,Federal Contract Tower,2,0,34,0,36,0,0,50,0,50,2,0,84,0,86,30,0,30,116
01/29/2008,AHN,GA,ASO,ES,Federal Contract Tower,2,5,29,3,39,0,0,32,0,32,2,5,61,3,71,24,0,24,95
01/30/2008,AHN,GA,ASO,ES,Federal Contract Tower,2,3,31,2,38,0,0,27,2,29,2,3,58,4,67,52,0,52,119
01/31/2008,AHN,GA,ASO,ES,Federal Contract Tower,2,3,33,0,38,0,0,17,12,29,2,3,50,12,67,60,0,60,127
02/01/2008,AHN,GA,ASO,ES,Federal Contract Tower,0,6,38,2,46,0,1,3,7,11,0,7,41,9,57,36,4,40,97
02/02/2008,AHN,GA,ASO,ES,Federal Contract Tower,2,4,35,3,44,0,0,41,1,42,2,4,76,4,86,18,6,24,110
02/03/2008,AHN,GA,ASO,ES,Federal Contract Tower,2,6,31,2,41,0,0,40,0,40,2,6,71,2,81,96,0,96,177
02/04/2008,AHN,GA,ASO,ES,Federal Contract Tower,2,0,17,0,19,0,0,16,0,16,2,0,33,0,35,2,0,2,37
02/05/2008,AHN,GA,ASO,ES,Federal Contract Tower,2,1,39,0,42,0,1,11,0,12,2,2,50,0,54,22,0,22,76
02/06/2008,AHN,GA,ASO,ES,Federal Contract Tower,2,3,16,0,21,0,0,3,0,3,2,3,19,0,24,14,0,14,38
02/07/2008,AHN,GA,ASO,ES,Federal Contract Tower,2,0,28,0,30,0,1,86,2,89,2,1,114,2,119,122,2,124,243
02/08/2008,AHN,GA,ASO,ES,Federal Contract Tower,2,2,21,0,25,0,1,98,9,108,2,3,119,9,133,142,0,142,275
02/09/2008,AHN,GA,ASO,ES,Federal Contract Tower,1,1,14,0,16,0,0,48,0,48,1,1,62,0,64,40,0,40,104
02/10/2008,AHN,GA,ASO,ES,Federal Contract Tower,2,2,29,0,33,0,0,17,0,17,2,2,46,0,50,20,0,20,70
02/11/2008,AHN,GA,ASO,ES,Federal Contract Tower,2,4,18,0,24,0,2,69,0,71,2,6,87,0,95,130,0,130,225
02/12/2008,AHN,GA,ASO,ES,Federal Contract Tower,3,3,14,0,20,0,0,31,0,31,3,3,45,0,51,66,0,66,117
02/13/2008,AHN,GA,ASO,ES,Federal Contract Tower,3,0,21,6,30,0,0,2,3,5,3,0,23,9,35,38,18,56,91
02/14/2008,AHN,GA,ASO,ES,Federal Contract Tower,2,2,29,2,35,0,2,59,15,76,2,4,88,17,111,102,0,102,213
02/15/2008,AHN,GA,ASO,ES,Federal Contract Tower,2,2,29,2,35,0,1,62,7,70,2,3,91,9,105,42,28,70,175
02/16/2008,AHN,GA,ASO,ES,Federal Contract Tower,5,2,36,1,44,0,0,60,5,65,5,2,96,6,109,52,0,52,161
02/17/2008,AHN,GA,ASO,ES,Federal Contract Tower,2,1,20,3,26,0,0,2,0,2,2,1,22,3,28,0,0,0,28
02/18/2008,AHN,GA,ASO,ES,Federal Contract Tower,1,0,27,0,28,0,0,39,0,39,1,0,66,0,67,32,0,32,99
02/19/2008,AHN,GA,ASO,ES,Federal Contract Tower,3,2,40,0,45,0,5,26,0,31,3,7,66,0,76,12,0,12,88
02/20/2008,AHN,GA,ASO,ES,Federal Contract Tower,4,0,35,0,39,0,3,17,0,20,4,3,52,0,59,66,0,66,125
02/21/2008,AHN,GA,ASO,ES,Federal Contract Tower,2,1,23,0,26,0,3,25,2,30,2,4,48,2,56,16,0,16,72
02/22/2008,AHN,GA,ASO,ES,Federal Contract Tower,2,3,18,0,23,0,0,0,0,0,2,3,18,0,23,0,0,0,23
02/23/2008,AHN,GA,ASO,ES,Federal Contract Tower,2,1,18,0,21,0,1,42,0,43,2,2,60,0,64,10,0,10,74
02/24/2008,AHN,GA,ASO,ES,Federal Contract Tower,2,3,35,0,40,0,1,37,0,38,2,4,72,0,78,66,0,66,144
02/25/2008,AHN,GA,ASO,ES,Federal Contract Tower,2,2,28,0,32,0,0,65,0,65,2,2,93,0,97,62,0,62,159
02/26/2008,AHN,GA,ASO,ES,Federal Contract Tower,3,1,7,0,11,0,2,1,2,5,3,3,8,2,16,2,0,2,18
02/27/2008,AHN,GA,ASO,ES,Federal Contract Tower,2,0,27,3,32,0,0,17,3,20,2,0,44,6,52,22,2,24,76
02/28/2008,AHN,GA,ASO,ES,Federal Contract Tower,2,0,29,1,32,0,4,75,4,83,2,4,104,5,115,52,4,56,171
02/29/2008,AHN,GA,ASO,ES,Federal Contract Tower,1,0,18,14,33,0,0,57,1,58,1,0,75,15,91,82,14,96,187
03/01/2008,AHN,GA,ASO,ES,Federal Contract Tower,5,6,28,0,39,0,0,85,0,85,5,6,113,0,124,40,0,40,164
03/02/2008,AHN,GA,ASO,ES,Federal Contract Tower,3,0,44,4,51,0,0,90,1,91,3,0,134,5,142,88,4,92,234
03/03/2008,AHN,GA,ASO,ES,Federal Contract Tower,2,2,12,0,16,0,1,32,0,33,2,3,44,0,49,60,0,60,109
03/04/2008,AHN,GA,ASO,ES,Federal Contract Tower,2,2,9,0,13,0,0,4,0,4,2,2,13,0,17,0,0,0,17
03/05/2008,AHN,GA,ASO,ES,Federal Contract Tower,2,5,31,0,38,0,4,82,6,92,2,9,113,6,130,84,0,84,214
03/06/2008,AHN,GA,ASO,ES,Federal Contract Tower,3,4,25,1,33,0,0,71,10,81,3,4,96,11,114,54,26,80,194
03/07/2008,AHN,GA,ASO,ES,Federal Contract Tower,2,0,22,2,26,0,0,0,0,0,2,0,22,2,26,20,0,20,46
03/08/2008,AHN,GA,ASO,ES,Federal Contract Tower,2,5,8,0,15,0,0,4,0,4,2,5,12,0,19,0,0,0,19
03/09/2008,AHN,GA,ASO,ES,Federal Contract Tower,3,10,24,0,37,0,1,103,8,112,3,11,127,8,149,90,0,90,239
03/10/2008,AHN,GA,ASO,ES,Federal Contract Tower,3,2,23,0,28,0,4,50,0,54,3,6,73,0,82,104,0,104,186
03/11/2008,AHN,GA,ASO,ES,Federal Contract Tower,2,0,27,4,33,0,0,37,0,37,2,0,64,4,70,66,2,68,138
03/12/2008,AHN,GA,ASO,ES,Federal Contract Tower,2,2,30,2,36,0,0,71,7,78,2,2,101,9,114,88,0,88,202
03/13/2008,AHN,GA,ASO,ES,Federal Contract Tower,2,0,37,9,48,0,11,72,4,87,2,11,109,13,135,132,8,140,275
03/14/2008,AHN,GA,ASO,ES,Federal Contract Tower,2,3,16,13,34,0,0,34,0,34,2,3,50,13,68,40,6,46,114
03/15/2008,AHN,GA,ASO,ES,Federal Contract Tower,3,0,5,0,8,0,0,5,0,5,3,0,10,0,13,4,0,4,17
03/16/2008,AHN,GA,ASO,ES,Federal Contract Tower,3,0,35,0,38,0,2,55,0,57,3,2,90,0,95,48,0,48,143
03/17/2008,AHN,GA,ASO,ES,Federal Contract Tower,2,0,24,0,26,0,0,26,4,30,2,0,50,4,56,40,0,40,96
03/18/2008,AHN,GA,ASO,ES,Federal Contract Tower,3,1,20,1,25,0,0,24,7,31,3,1,44,8,56,40,0,40,96
03/19/2008,AHN,GA,ASO,ES,Federal Contract Tower,3,2,13,1,19,0,0,0,0,0,3,2,13,1,19,0,0,0,19
03/20/2008,AHN,GA,ASO,ES,Federal Contract Tower,4,6,45,0,55,0,7,39,15,61,4,13,84,15,116,38,6,44,160
03/21/2008,AHN,GA,ASO,ES,Federal Contract Tower,2,2,24,0,28,0,1,83,4,88,2,3,107,4,116,68,0,68,184
03/22/2008,AHN,GA,ASO,ES,Federal Contract Tower,3,1,16,0,20,0,2,66,0,68,3,3,82,0,88,66,0,66,154
03/23/2008,AHN,GA,ASO,ES,Federal Contract Tower,2,1,32,0,35,0,1,45,0,46,2,2,77,0,81,14,0,14,95
03/24/2008,AHN,GA,ASO,ES,Federal Contract Tower,2,0,30,0,32,0,1,54,0,55,2,1,84,0,87,62,0,62,149
03/25/2008,AHN,GA,ASO,ES,Federal Contract Tower,4,1,26,4,35,0,0,66,3,69,4,1,92,7,104,160,0,160,264
03/26/2008,AHN,GA,ASO,ES,Federal Contract Tower,2,1,42,6,51,0,0,58,0,58,2,1,100,6,109,84,2,86,195
03/27/2008,AHN,GA,ASO,ES,Federal Contract Tower,3,3,27,0,33,0,4,60,3,67,3,7,87,3,100,108,2,110,210
03/28/2008,AHN,GA,ASO,ES,Federal Contract Tower,2,0,36,3,41,0,2,74,6,82,2,2,110,9,123,112,0,112,235
03/29/2008,AHN,GA,ASO,ES,Federal Contract Tower,0,2,24,0,26,0,0,19,4,23,0,2,43,4,49,18,0,18,67
03/30/2008,AHN,GA,ASO,ES,Federal Contract Tower,2,0,34,2,38,0,0,4,0,4,2,0,38,2,42,8,0,8,50
03/31/2008,AHN,GA,ASO,ES,Federal Contract Tower,2,0,29,0,31,0,0,3,0,3,2,0,32,0,34,32,0,32,66
04/01/2008,AHN,GA,ASO,ES,Federal Contract Tower,3,0,21,0,24,0,0,7,4,11,3,0,28,4,35,28,0,28,63
04/02/2008,AHN,GA,ASO,ES,Federal Contract Tower,3,2,28,2,35,0,0,82,0,82,3,2,110,2,117,172,0,172,289
04/03/2008,AHN,GA,ASO,ES,Federal Contract Tower,2,2,32,0,36,0,0,0,0,0,2,2,32,0,36,0,0,0,36
04/04/2008,AHN,GA,ASO,ES,Federal Contract Tower,3,1,25,1,30,0,0,2,0,2,3,1,27,1,32,8,0,8,40
04/05/2008,AHN,GA,ASO,ES,Federal Contract Tower,2,1,17,0,20,0,0,0,0,0,2,1,17,0,20,0,0,0,20
04/06/2008,AHN,GA,ASO,ES,Federal Contract Tower,1,2,50,0,53,0,0,10,0,10,1,2,60,0,63,22,0,22,85
04/07/2008,AHN,GA,ASO,ES,Federal Contract Tower,3,2,38,0,43,0,0,13,0,13,3,2,51,0,56,42,0,42,98
04/08/2008,AHN,GA,ASO,ES,Federal Contract Tower,4,0,47,4,55,0,0,61,2,63,4,0,108,6,118,94,6,100,218
04/09/2008,AHN,GA,ASO,ES,Federal Contract Tower,2,4,26,0,32,0,1,81,2,84,2,5,107,2,116,44,0,44,160
04/10/2008,AHN,GA,ASO,ES,Federal Contract Tower,1,1,27,0,29,0,1,91,0,92,1,2,118,0,121,144,0,144,265
04/11/2008,AHN,GA,ASO,ES,Federal Contract Tower,0,5,27,2,34,0,1,21,0,22,0,6,48,2,56,22,0,22,78
04/12/2008,AHN,GA,ASO,ES,Federal Contract Tower,4,5,13,0,22,0,2,28,0,30,4,7,41,0,52,20,0,20,72
04/13/2008,AHN,GA,ASO,ES,Federal Contract Tower,1,9,28,4,42,0,0,26,0,26,1,9,54,4,68,28,0,28,96
04/14/2008,AHN,GA,ASO,ES,Federal Contract Tower,1,2,20,0,23,0,0,22,6,28,1,2,42,6,51,82,0,82,133
04/15/2008,AHN,GA,ASO,ES,Federal Contract Tower,4,2,40,1,47,0,4,50,3,57,4,6,90,4,104,34,0,34,138
04/16/2008,AHN,GA,ASO,ES,Federal Contract Tower,3,3,51,2,59,0,7,78,0,85,3,10,129,2,144,192,32,224,368
04/17/2008,AHN,GA,ASO,ES,Federal Contract Tower,5,2,15,5,27,0,0,67,4,71,5,2,82,9,98,90,2,92,190
04/18/2008,AHN,GA,ASO,ES,Federal Contract Tower,3,4,39,1,47,0,0,49,3,52,3,4,88,4,99,64,4,68,167
04/19/2008,AHN,GA,ASO,ES,Federal Contract Tower,3,5,34,0,42,0,0,6,0,6,3,5,40,0,48,8,0,8,56
04/20/2008,AHN,GA,ASO,ES,Federal Contract Tower,1,8,28,0,37,0,1,59,0,60,1,9,87,0,97,26,0,26,123
04/21/2008,AHN,GA,ASO,ES,Federal Contract Tower,2,1,27,2,32,0,0,59,2,61,2,1,86,4,93,84,0,84,177
04/22/2008,AHN,GA,ASO,ES,Federal Contract Tower,5,4,18,4,31,0,0,44,2,46,5,4,62,6,77,54,0,54,131
04/23/2008,AHN,GA,ASO,ES,Federal Contract Tower,3,1,22,0,26,0,2,65,3,70,3,3,87,3,96,110,4,114,210
04/24/2008,AHN,GA,ASO,ES,Federal Contract Tower,2,2,32,6,42,0,1,69,7,77,2,3,101,13,119,46,6,52,171
04/25/2008,AHN,GA,ASO,ES,Federal Contract Tower,2,0,43,11,56,0,0,60,7,67,2,0,103,18,123,138,10,148,271
04/26/2008,AHN,GA,ASO,ES,Federal Contract Tower,3,1,15,0,19,0,7,41,0,48,3,8,56,0,67,66,0,66,133
04/27/2008,AHN,GA,ASO,ES,Federal Contract Tower,1,7,23,0,31,0,0,6,0,6,1,7,29,0,37,4,0,4,41
04/28/2008,AHN,GA,ASO,ES,Federal Contract Tower,3,3,24,0,30,0,0,9,0,9,3,3,33,0,39,34,0,34,73
04/29/2008,AHN,GA,ASO,ES,Federal Contract Tower,3,5,31,4,43,0,10,50,0,60,3,15,81,4,103,118,0,118,221
04/30/2008,AHN,GA,ASO,ES,Federal Contract Tower,3,1,23,0,27,0,0,106,2,108,3,1,129,2,135,118,12,130,265
05/01/2008,AHN,GA,ASO,ES,Federal Contract Tower,3,4,39,2,48,0,2,54,0,56,3,6,93,2,104,66,0,66,170
05/02/2008,AHN,GA,ASO,ES,Federal Contract Tower,1,9,27,5,42,0,0,41,3,44,1,9,68,8,86,38,4,42,128
05/03/2008,AHN,GA,ASO,ES,Federal Contract Tower,5,0,24,0,29,0,0,15,0,15,5,0,39,0,44,22,0,22,66
05/04/2008,AHN,GA,ASO,ES,Federal Contract Tower,1,10,29,6,46,0,0,51,5,56,1,10,80,11,102,26,22,48,150
05/05/2008,AHN,GA,ASO,ES,Federal Contract Tower,3,3,9,0,15,0,2,46,0,48,3,5,55,0,63,42,0,42,105
05/06/2008,AHN,GA,ASO,ES,Federal Contract Tower,5,0,3,0,8,0,0,111,4,115,5,0,114,4,123,72,0,72,195
05/07/2008,AHN,GA,ASO,ES,Federal Contract Tower,3,0,21,5,29,0,3,50,0,53,3,3,71,5,82,36,0,36,118
05/08/2008,AHN,GA,ASO,ES,Federal Contract Tower,3,0,26,6,35,0,2,23,1,26,3,2,49,7,61,22,0,22,83
05/09/2008,AHN,GA,ASO,ES,Federal Contract Tower,3,5,33,0,41,0,1,49,0,50,3,6,82,0,91,62,0,62,153
05/10/2008,AHN,GA,ASO,ES,Federal Contract Tower,4,2,31,0,37,0,1,56,0,57,4,3,87,0,94,128,0,128,222
05/11/2008,AHN,GA,ASO,ES,Federal Contract Tower,1,2,17,0,20,0,0,5,0,5,1,2,22,0,25,0,0,0,25
05/12/2008,AHN,GA,ASO,ES,Federal Contract Tower,3,5,11,6,25,0,0,27,0,27,3,5,38,6,52,6,2,8,60
05/13/2008,AHN,GA,ASO,ES,Federal Contract Tower,1,0,15,0,16,0,0,75,4,79,1,0,90,4,95,110,4,114,209
05/14/2008,AHN,GA,ASO,ES,Federal Contract Tower,2,2,13,4,21,0,0,52,0,52,2,2,65,4,73,124,4,128,201
05/15/2008,AHN,GA,ASO,ES,Federal Contract Tower,3,6,15,2,26,0,0,16,3,19,3,6,31,5,45,44,0,44,89
05/16/2008,AHN,GA,ASO,ES,Federal Contract Tower,1,2,26,6,35,0,0,27,5,32,1,2,53,11,67,16,6,22,89
05/17/2008,AHN,GA,ASO,ES,Federal Contract Tower,5,1,33,0,39,0,1,58,2,61,5,2,91,2,100,50,4,54,154
05/18/2008,AHN,GA,ASO,ES,Federal Contract Tower,1,1,29,0,31,0,0,23,4,27,1,1,52,4,58,2,0,2,60
05/19/2008,AHN,GA,ASO,ES,Federal Contract Tower,2,0,25,2,29,0,6,39,2,47,2,6,64,4,76,36,0,36,112
05/20/2008,AHN,GA,ASO,ES,Federal Contract Tower,6,3,19,0,28,1,4,24,0,29,7,7,43,0,57,32,0,32,89
05/21/2008,AHN,GA,ASO,ES,Federal Contract Tower,2,3,20,1,26,0,1,56,5,62,2,4,76,6,88,36,2,38,126
05/22/2008,AHN,GA,ASO,ES,Federal Contract Tower,3,0,18,1,22,0,0,40,6,46,3,0,58,7,68,26,0,26,94
05/23/2008,AHN,GA,ASO,ES,Federal Contract Tower,2,6,31,2,41,2,2,42,2,48,4,8,73,4,89,46,2,48,137
05/24/2008,AHN,GA,ASO,ES,Federal Contract Tower,0,5,17,6,28,0,2,30,0,32,0,7,47,6,60,22,6,28,88
05/25/2008,AHN,GA,ASO,ES,Federal Contract Tower,0,0,9,0,9,0,0,22,0,22,0,0,31,0,31,0,0,0,31
05/26/2008,AHN,GA,ASO,ES,Federal Contract Tower,0,3,19,0,22,0,4,61,0,65,0,7,80,0,87,114,0,114,201
05/27/2008,AHN,GA,ASO,ES,Federal Contract Tower,0,5,25,0,30,0,6,35,15,56,0,11,60,15,86,30,0,30,116
05/28/2008,AHN,GA,ASO,ES,Federal Contract Tower,0,2,18,1,21,0,7,48,3,58,0,9,66,4,79,20,0,20,99
05/29/2008,AHN,GA,ASO,ES,Federal Contract Tower,0,3,55,0,58,0,5,22,8,35,0,8,77,8,93,80,0,80,173
05/30/2008,AHN,GA,ASO,ES,Federal Contract Tower,0,6,36,4,46,0,0,16,6,22,0,6,52,10,68,64,4,68,136
05/31/2008,AHN,GA,ASO,ES,Federal Contract Tower,0,3,17,0,20,0,0,48,0,48,0,3,65,0,68,62,0,62,130
06/01/2008,AHN,GA,ASO,ES,Federal Contract Tower,0,3,22,0,25,0,1,16,0,17,0,4,38,0,42,36,0,36,78
06/02/2008,AHN,GA,ASO,ES,Federal Contract Tower,0,3,19,0,22,0,0,47,0,47,0,3,66,0,69,32,0,32,101
06/03/2008,AHN,GA,ASO,ES,Federal Contract Tower,0,2,39,3,44,0,0,59,0,59,0,2,98,3,103,82,0,82,185
06/04/2008,AHN,GA,ASO,ES,Federal Contract Tower,0,2,17,12,31,0,0,75,1,76,0,2,92,13,107,76,0,76,183
06/05/2008,AHN,GA,ASO,ES,Federal Contract Tower,0,0,38,1,39,0,1,55,13,69,0,1,93,14,108,42,10,52,160
06/06/2008,AHN,GA,ASO,ES,Federal Contract Tower,0,7,25,7,39,0,0,67,0,67,0,7,92,7,106,60,0,60,166
06/07/2008,AHN,GA,ASO,ES,Federal Contract Tower,0,1,11,0,12,0,0,41,2,43,0,1,52,2,55,18,0,18,73
06/08/2008,AHN,GA,ASO,ES,Federal Contract Tower,0,2,19,1,22,0,12,41,2,55,0,14,60,3,77,2,14,16,93
06/09/2008,AHN,GA,ASO,ES,Federal Contract Tower,0,1,30,0,31,0,1,62,2,65,0,2,92,2,96,66,0,66,162
06/10/2008,AHN,GA,ASO,ES,Federal Contract Tower,0,1,26,1,28,0,1,38,1,40,0,2,64,2,68,40,0,40,108
06/11/2008,AHN,GA,ASO,ES,Federal Contract Tower,0,2,19,0,21,0,2,48,3,53,0,4,67,3,74,98,0,98,172
06/12/2008,AHN,GA,ASO,ES,Federal Contract Tower,0,1,49,0,50,0,0,37,0,37,0,1,86,0,87,50,0,50,137
06/13/2008,AHN,GA,ASO,ES,Federal Contract Tower,0,0,30,5,35,0,4,56,3,63,0,4,86,8,98,52,4,56,154
06/14/2008,AHN,GA,ASO,ES,Federal Contract Tower,0,2,18,1,21,0,0,35,6,41,0,2,53,7,62,12,0,12,74
06/15/2008,AHN,GA,ASO,ES,Federal Contract Tower,0,1,19,0,20,0,0,28,7,35,0,1,47,7,55,12,0,12,67
06/16/2008,AHN,GA,ASO,ES,Federal Contract Tower,0,1,18,6,25,0,0,40,0,40,0,1,58,6,65,38,8,46,111
06/17/2008,AHN,GA,ASO,ES,Federal Contract Tower,0,5,17,0,22,0,0,38,2,40,0,5,55,2,62,44,0,44,106
06/18/2008,AHN,GA,ASO,ES,Federal Contract Tower,0,0,27,0,27,0,2,46,0,48,0,2,73,0,75,62,0,62,137
06/19/2008,AHN,GA,ASO,ES,Federal Contract Tower,0,2,20,2,24,0,3,28,4,35,0,5,48,6,59,20,12,32,91
06/20/2008,AHN,GA,ASO,ES,Federal Contract Tower,0,2,20,6,28,0,0,37,5,42,0,2,57,11,70,52,64,116,186
06/21/2008,AHN,GA,ASO,ES,Federal Contract Tower,0,3,15,0,18,0,0,14,0,14,0,3,29,0,32,24,0,24,56
06/22/2008,AHN,GA,ASO,ES,Federal Contract Tower,0,0,17,0,17,0,0,16,0,16,0,0,33,0,33,0,0,0,33
06/23/2008,AHN,GA,ASO,ES,Federal Contract Tower,0,4,26,2,32,0,0,33,0,33,0,4,59,2,65,64,0,64,129
06/24/2008,AHN,GA,ASO,ES,Federal Contract Tower,0,3,35,0,38,0,1,35,4,40,0,4,70,4,78,22,2,24,102
06/25/2008,AHN,GA,ASO,ES,Federal Contract Tower,0,1,18,0,19,0,1,33,1,35,0,2,51,1,54,20,0,20,74
06/26/2008,AHN,GA,ASO,ES,Federal Contract Tower,0,9,23,1,33,0,0,40,0,40,0,9,63,1,73,24,0,24,97
06/27/2008,AHN,GA,ASO,ES,Federal Contract Tower,0,2,21,13,36,0,1,119,1,121,0,3,140,14,157,64,24,88,245
06/28/2008,AHN,GA,ASO,ES,Federal Contract Tower,0,0,15,3,18,0,0,40,0,40,0,0,55,3,58,44,0,44,102
06/29/2008,AHN,GA,ASO,ES,Federal Contract Tower,0,0,26,3,29,0,0,12,0,12,0,0,38,3,41,22,0,22,63
06/30/2008,AHN,GA,ASO,ES,Federal Contract Tower,0,7,42,0,49,0,1,36,0,37,0,8,78,0,86,54,0,54,140
07/01/2008,AHN,GA,ASO,ES,Federal Contract Tower,0,2,41,4,47,0,0,41,0,41,0,2,82,4,88,52,0,52,140
07/02/2008,AHN,GA,ASO,ES,Federal Contract Tower,0,0,37,4,41,0,0,29,0,29,0,0,66,4,70,40,0,40,110
07/03/2008,AHN,GA,ASO,ES,Federal Contract Tower,0,2,39,8,49,0,1,47,2,50,0,3,86,10,99,30,0,30,129
07/04/2008,AHN,GA,ASO,ES,Federal Contract Tower,0,1,10,0,11,0,2,10,0,12,0,3,20,0,23,2,0,2,25
07/05/2008,AHN,GA,ASO,ES,Federal Contract Tower,0,1,11,0,12,0,0,31,0,31,0,1,42,0,43,16,0,16,59
07/06/2008,AHN,GA,ASO,ES,Federal Contract Tower,0,2,31,0,33,0,0,10,0,10,0,2,41,0,43,0,0,0,43
07/07/2008,AHN,GA,ASO,ES,Federal Contract Tower,0,4,33,0,37,0,2,15,0,17,0,6,48,0,54,14,0,14,68
07/08/2008,AHN,GA,ASO,ES,Federal Contract Tower,0,2,32,0,34,0,0,33,2,35,0,2,65,2,69,50,0,50,119
07/09/2008,AHN,GA,ASO,ES,Federal Contract Tower,0,0,32,0,32,0,0,32,0,32,0,0,64,0,64,66,0,66,130
07/10/2008,AHN,GA,ASO,ES,Federal Contract Tower,0,0,36,3,39,0,0,25,0,25,0,0,61,3,64,14,4,18,82
07/11/2008,AHN,GA,ASO,ES,Federal Contract Tower,0,0,28,0,28,0,0,22,0,22,0,0,50,0,50,72,0,72,122
07/12/2008,AHN,GA,ASO,ES,Federal Contract Tower,0,2,23,3,28,0,2,51,0,53,0,4,74,3,81,54,2,56,137
07/13/2008,AHN,GA,ASO,ES,Federal Contract Tower,0,0,15,2,17,0,0,0,0,0,0,0,15,2,17,26,0,26,43
07/14/2008,AHN,GA,ASO,ES,Federal Contract Tower,0,1,14,0,15,0,3,19,0,22,0,4,33,0,37,22,0,22,59
07/15/2008,AHN,GA,ASO,ES,Federal Contract Tower,0,2,12,2,16,0,0,58,2,60,0,2,70,4,76,68,0,68,144
07/16/2008,AHN,GA,ASO,ES,Federal Contract Tower,0,3,13,0,16,0,1,46,0,47,0,4,59,0,63,62,0,62,125
07/17/2008,AHN,GA,ASO,ES,Federal Contract Tower,0,4,34,4,42,0,0,57,0,57,0,4,91,4,99,42,6,48,147
07/18/2008,AHN,GA,ASO,ES,Federal Contract Tower,0,2,29,0,31,0,0,54,0,54,0,2,83,0,85,104,0,104,189
07/19/2008,AHN,GA,ASO,ES,Federal Contract Tower,0,5,25,0,30,0,0,44,0,44,0,5,69,0,74,48,0,48,122
07/20/2008,AHN,GA,ASO,ES,Federal Contract Tower,0,1,34,6,41,0,2,33,1,36,0,3,67,7,77,88,0,88,165
07/21/2008,AHN,GA,ASO,ES,Federal Contract Tower,0,0,20,0,20,0,3,30,0,33,0,3,50,0,53,64,0,64,117
07/22/2008,AHN,GA,ASO,ES,Federal Contract Tower,0,9,23,0,32,0,0,22,2,24,0,9,45,2,56,70,0,70,126
07/23/2008,AHN,GA,ASO,ES,Federal Contract Tower,0,0,38,0,38,0,0,27,0,27,0,0,65,0,65,66,0,66,131
07/24/2008,AHN,GA,ASO,ES,Federal Contract Tower,0,4,34,4,42,0,0,58,1,59,0,4,92,5,101,74,26,100,201
07/25/2008,AHN,GA,ASO,ES,Federal Contract Tower,0,0,27,3,30,0,2,34,0,36,0,2,61,3,66,32,0,32,98
07/26/2008,AHN,GA,ASO,ES,Federal Contract Tower,0,0,28,0,28,0,0,27,0,27,0,0,55,0,55,70,0,70,125
07/27/2008,AHN,GA,ASO,ES,Federal Contract Tower,0,0,22,3,25,0,0,50,0,50,0,0,72,3,75,34,0,34,109
07/28/2008,AHN,GA,ASO,ES,Federal Contract Tower,0,3,29,4,36,0,0,0,0,0,0,3,29,4,36,56,0,56,92
07/29/2008,AHN,GA,ASO,ES,Federal Contract Tower,0,1,25,7,33,0,0,32,5,37,0,1,57,12,70,56,10,66,136
07/30/2008,AHN,GA,ASO,ES,Federal Contract Tower,0,4,24,1,29,0,0,32,0,32,0,4,56,1,61,40,0,40,101
07/31/2008,AHN,GA,ASO,ES,Federal Contract Tower,0,3,14,0,17,0,0,29,0,29,0,3,43,0,46,80,0,80,126
08/01/2008,AHN,GA,ASO,ES,Federal Contract Tower,0,4,26,3,33,0,0,26,4,30,0,4,52,7,63,32,0,32,95
08/02/2008,AHN,GA,ASO,ES,Federal Contract Tower,0,0,25,21,46,0,0,33,0,33,0,0,58,21,79,44,0,44,123
08/03/2008,AHN,GA,ASO,ES,Federal Contract Tower,0,2,19,1,22,0,0,0,0,0,0,2,19,1,22,38,0,38,60
08/04/2008,AHN,GA,ASO,ES,Federal Contract Tower,0,0,36,0,36,0,0,42,0,42,0,0,78,0,78,56,0,56,134
08/05/2008,AHN,GA,ASO,ES,Federal Contract Tower,0,1,22,1,24,0,4,52,5,61,0,5,74,6,85,12,4,16,101
08/06/2008,AHN,GA,ASO,ES,Federal Contract Tower,0,0,28,0,28,0,1,30,1,32,0,1,58,1,60,30,0,30,90
08/07/2008,AHN,GA,ASO,ES,Federal Contract Tower,0,4,25,0,29,0,0,33,0,33,0,4,58,0,62,54,0,54,116
08/08/2008,AHN,GA,ASO,ES,Federal Contract Tower,0,7,24,1,32,0,5,50,1,56,0,12,74,2,88,118,0,118,206
08/09/2008,AHN,GA,ASO,ES,Federal Contract Tower,0,0,33,3,36,0,2,56,1,59,0,2,89,4,95,50,16,66,161
08/10/2008,AHN,GA,ASO,ES,Federal Contract Tower,0,0,34,6,40,0,0,49,1,50,0,0,83,7,90,44,0,44,134
08/11/2008,AHN,GA,ASO,ES,Federal Contract Tower,0,4,31,0,35,0,1,48,0,49,0,5,79,0,84,64,0,64,148
08/12/2008,AHN,GA,ASO,ES,Federal Contract Tower,0,0,29,1,30,0,0,39,1,40,0,0,68,2,70,50,2,52,122
08/13/2008,AHN,GA,ASO,ES,Federal Contract Tower,0,1,35,0,36,0,0,14,1,15,0,1,49,1,51,42,0,42,93
08/14/2008,AHN,GA,ASO,ES,Federal Contract Tower,0,0,44,0,44,0,0,40,0,40,0,0,84,0,84,58,0,58,142
08/15/2008,AHN,GA,ASO,ES,Federal Contract Tower,0,4,43,26,73,0,0,0,0,0,0,4,43,26,73,32,38,70,143
08/16/2008,AHN,GA,ASO,ES,Federal Contract Tower,0,0,29,6,35,0,0,47,0,47,0,0,76,6,82,54,10,64,146
08/17/2008,AHN,GA,ASO,ES,Federal Contract Tower,0,0,24,19,43,0,0,38,0,38,0,0,62,19,81,34,0,34,115
08/18/2008,AHN,GA,ASO,ES,Federal Contract Tower,0,2,17,4,23,0,3,22,0,25,0,5,39,4,48,30,0,30,78
08/19/2008,AHN,GA,ASO,ES,Federal Contract Tower,0,0,24,0,24,0,9,43,0,52,0,9,67,0,76,82,0,82,158
08/20/2008,AHN,GA,ASO,ES,Federal Contract Tower,0,2,20,5,27,0,13,39,5,57,0,15,59,10,84,64,18,82,166
08/21/2008,AHN,GA,ASO,ES,Federal Contract Tower,0,8,11,0,19,0,6,16,9,31,0,14,27,9,50,16,0,16,66
08/22/2008,AHN,GA,ASO,ES,Federal Contract Tower,0,5,22,0,27,0,1,25,4,30,0,6,47,4,57,8,0,8,65
08/23/2008,AHN,GA,ASO,ES,Federal Contract Tower,0,2,7,0,9,0,0,7,0,7,0,2,14,0,16,0,0,0,16
08/24/2008,AHN,GA,ASO,ES,Federal Contract Tower,0,3,19,0,22,0,0,5,0,5,0,3,24,0,27,0,0,0,27
08/25/2008,AHN,GA,ASO,ES,Federal Contract Tower,0,8,5,0,13,0,0,0,0,0,0,8,5,0,13,2,0,2,15
08/26/2008,AHN,GA,ASO,ES,Federal Contract Tower,0,2,10,0,12,0,0,0,0,0,0,2,10,0,12,4,0,4,16
08/27/2008,AHN,GA,ASO,ES,Federal Contract Tower,0,5,34,0,39,0,2,15,3,20,0,7,49,3,59,4,10,14,73
08/28/2008,AHN,GA,ASO,ES,Federal Contract Tower,0,2,32,1,35,0,13,49,0,62,0,15,81,1,97,56,0,56,153
08/29/2008,AHN,GA,ASO,ES,Federal Contract Tower,0,2,58,3,63,0,7,50,2,59,0,9,108,5,122,34,0,34,156
08/30/2008,AHN,GA,ASO,ES,Federal Contract Tower,0,5,62,0,67,0,10,61,0,71,0,15,123,0,138,254,0,254,392
08/31/2008,AHN,GA,ASO,ES,Federal Contract Tower,0,0,25,0,25,0,0,28,0,28,0,0,53,0,53,40,0,40,93
09/01/2008,AHN,GA,ASO,ES,Federal Contract Tower,0,7,21,0,28,0,4,7,0,11,0,11,28,0,39,12,0,12,51
09/02/2008,AHN,GA,ASO,ES,Federal Contract Tower,0,7,23,0,30,0,1,28,0,29,0,8,51,0,59,152,0,152,211
09/03/2008,AHN,GA,ASO,ES,Federal Contract Tower,0,0,29,0,29,0,3,72,0,75,0,3,101,0,104,48,0,48,152
09/04/2008,AHN,GA,ASO,ES,Federal Contract Tower,0,1,32,1,34,0,10,43,5,58,0,11,75,6,92,92,18,110,202
09/05/2008,AHN,GA,ASO,ES,Federal Contract Tower,0,2,29,4,35,0,4,46,2,52,0,6,75,6,87,28,0,28,115
09/06/2008,AHN,GA,ASO,ES,Federal Contract Tower,0,3,53,0,56,0,1,38,0,39,0,4,91,0,95,196,0,196,291
09/07/2008,AHN,GA,ASO,ES,Federal Contract Tower,0,0,27,0,27,0,0,48,0,48,0,0,75,0,75,14,0,14,89
09/08/2008,AHN,GA,ASO,ES,Federal Contract Tower,0,0,26,6,32,0,10,41,1,52,0,10,67,7,84,32,0,32,116
09/09/2008,AHN,GA,ASO,ES,Federal Contract Tower,0,15,40,3,58,0,4,15,1,20,0,19,55,4,78,40,4,44,122
09/10/2008,AHN,GA,ASO,ES,Federal Contract Tower,0,10,38,0,48,0,6,17,0,23,0,16,55,0,71,36,0,36,107
09/11/2008,AHN,GA,ASO,ES,Federal Contract Tower,0,8,39,3,50,0,0,2,5,7,0,8,41,8,57,4,8,12,69
09/12/2008,AHN,GA,ASO,ES,Federal Contract Tower,0,22,43,17,82,0,3,6,1,10,0,25,49,18,92,14,10,24,116
09/13/2008,AHN,GA,ASO,ES,Federal Contract Tower,0,6,22,1,29,0,2,15,0,17,0,8,37,1,46,26,0,26,72
09/14/2008,AHN,GA,ASO,ES,Federal Contract Tower,0,7,18,7,32,0,6,13,1,20,0,13,31,8,52,10,0,10,62
09/15/2008,AHN,GA,ASO,ES,Federal Contract Tower,0,1,15,0,16,0,2,25,0,27,0,3,40,0,43,40,0,40,83
09/16/2008,AHN,GA,ASO,ES,Federal Contract Tower,0,8,42,0,50,0,3,1,4,8,0,11,43,4,58,8,50,58,116
09/17/2008,AHN,GA,ASO,ES,Federal Contract Tower,0,6,46,0,52,0,1,5,0,6,0,7,51,0,58,22,0,22,80
09/18/2008,AHN,GA,ASO,ES,Federal Contract Tower,0,7,26,2,35,0,0,65,0,65,0,7,91,2,100,34,0,34,134
09/19/2008,AHN,GA,ASO,ES,Federal Contract Tower,0,9,53,2,64,0,3,44,1,48,0,12,97,3,112,60,4,64,176
09/20/2008,AHN,GA,ASO,ES,Federal Contract Tower,0,3,5,4,12,0,0,38,0,38,0,3,43,4,50,38,6,44,94
09/21/2008,AHN,GA,ASO,ES,Federal Contract Tower,0,2,21,4,27,0,0,22,7,29,0,2,43,11,56,28,18,46,102
09/22/2008,AHN,GA,ASO,ES,Federal Contract Tower,0,4,10,0,14,0,1,35,0,36,0,5,45,0,50,22,0,22,72
09/23/2008,AHN,GA,ASO,ES,Federal Contract Tower,0,8,20,2,30,0,3,30,5,38,0,11,50,7,68,22,26,48,116
09/24/2008,AHN,GA,ASO,ES,Federal Contract Tower,0,2,12,0,14,0,1,52,0,53,0,3,64,0,67,62,0,62,129
09/25/2008,AHN,GA,ASO,ES,Federal Contract Tower,0,3,21,0,24,0,1,60,0,61,0,4,81,0,85,56,0,56,141
09/26/2008,AHN,GA,ASO,ES,Federal Contract Tower,0,25,55,3,83,0,2,47,3,52,0,27,102,6,135,58,10,68,203
09/27/2008,AHN,GA,ASO,ES,Federal Contract Tower,0,24,149,1,174,0,2,85,0,87,0,26,234,1,261,426,0,426,687
09/28/2008,AHN,GA,ASO,ES,Federal Contract Tower,0,2,58,2,62,0,1,64,5,70,0,3,122,7,132,8,0,8,140
09/29/2008,AHN,GA,ASO,ES,Federal Contract Tower,0,9,45,7,61,0,0,41,0,41,0,9,86,7,102,66,0,66,168
09/30/2008,AHN,GA,ASO,ES,Federal Contract Tower,0,8,32,2,42,0,0,33,0,33,0,8,65,2,75,88,0,88,163
10/01/2008,AHN,GA,ASO,ES,Federal Contract Tower,0,4,24,2,30,0,0,35,3,38,0,4,59,5,68,40,0,40,108
10/02/2008,AHN,GA,ASO,ES,Federal Contract Tower,0,8,25,2,35,0,1,35,2,38,0,9,60,4,73,70,0,70,143
10/03/2008,AHN,GA,ASO,ES,Federal Contract Tower,0,10,32,8,50,0,5,65,1,71,0,15,97,9,121,94,18,112,233
10/04/2008,AHN,GA,ASO,ES,Federal Contract Tower,0,4,18,0,22,0,5,38,1,44,0,9,56,1,66,78,0,78,144
10/05/2008,AHN,GA,ASO,ES,Federal Contract Tower,0,3,18,0,21,0,0,44,0,44,0,3,62,0,65,16,0,16,81
10/06/2008,AHN,GA,ASO,ES,Federal Contract Tower,0,5,18,0,23,0,3,45,0,48,0,8,63,0,71,34,0,34,105
10/07/2008,AHN,GA,ASO,ES,Federal Contract Tower,0,5,17,2,24,0,4,39,2,45,0,9,56,4,69,68,8,76,145
10/08/2008,AHN,GA,ASO,ES,Federal Contract Tower,0,3,26,0,29,0,0,0,0,0,0,3,26,0,29,0,0,0,29
10/09/2008,AHN,GA,ASO,ES,Federal Contract Tower,0,14,47,4,65,0,1,4,0,5,0,15,51,4,70,76,2,78,148
10/10/2008,AHN,GA,ASO,ES,Federal Contract Tower,0,8,53,4,65,0,0,23,0,23,0,8,76,4,88,38,0,38,126
10/11/2008,AHN,GA,ASO,ES,Federal Contract Tower,6,17,84,0,107,0,0,33,0,33,6,17,117,0,140,261,0,261,401
10/12/2008,AHN,GA,ASO,ES,Federal Contract Tower,0,11,30,0,41,0,0,15,0,15,0,11,45,0,56,0,0,0,56
10/13/2008,AHN,GA,ASO,ES,Federal Contract Tower,0,5,26,0,31,0,0,31,0,31,0,5,57,0,62,84,0,84,146
10/14/2008,AHN,GA,ASO,ES,Federal Contract Tower,0,9,5,0,14,0,1,60,0,61,0,10,65,0,75,92,0,92,167
10/15/2008,AHN,GA,ASO,ES,Federal Contract Tower,0,0,33,3,36,0,0,69,0,69,0,0,102,3,105,116,4,120,225
10/16/2008,AHN,GA,ASO,ES,Federal Contract Tower,0,5,24,4,33,0,0,41,0,41,0,5,65,4,74,40,0,40,114
10/17/2008,AHN,GA,ASO,ES,Federal Contract Tower,0,6,64,42,112,0,0,3,0,3,0,6,67,42,115,30,0,30,145
10/18/2008,AHN,GA,ASO,ES,Federal Contract Tower,5,14,82,0,101,0,0,400,0,400,5,14,482,0,501,0,0,0,501
10/19/2008,AHN,GA,ASO,ES,Federal Contract Tower,0,6,38,0,44,0,0,61,4,65,0,6,99,4,109,78,20,98,207
10/20/2008,AHN,GA,ASO,ES,Federal Contract Tower,0,6,17,0,23,0,0,41,0,41,0,6,58,0,64,52,0,52,116
10/21/2008,AHN,GA,ASO,ES,Federal Contract Tower,0,5,34,0,39,0,3,64,2,69,0,8,98,2,108,52,0,52,160
10/22/2008,AHN,GA,ASO,ES,Federal Contract Tower,0,7,41,4,52,0,0,40,1,41,0,7,81,5,93,56,4,60,153
10/23/2008,AHN,GA,ASO,ES,Federal Contract Tower,0,8,22,0,30,0,2,35,1,38,0,10,57,1,68,12,0,12,80
10/24/2008,AHN,GA,ASO,ES,Federal Contract Tower,0,4,47,3,54,0,0,1,0,1,0,4,48,3,55,2,0,2,57
10/25/2008,AHN,GA,ASO,ES,Federal Contract Tower,0,8,25,0,33,0,0,34,0,34,0,8,59,0,67,42,0,42,109
10/26/2008,AHN,GA,ASO,ES,Federal Contract Tower,0,7,28,0,35,0,1,58,0,59,0,8,86,0,94,70,0,70,164
10/27/2008,AHN,GA,ASO,ES,Federal Contract Tower,0,6,8,0,14,0,0,15,0,15,0,6,23,0,29,4,0,4,33
10/28/2008,AHN,GA,ASO,ES,Federal Contract Tower,0,8,22,3,33,0,2,41,1,44,0,10,63,4,77,34,4,38,115
10/29/2008,AHN,GA,ASO,ES,Federal Contract Tower,0,3,34,3,40,0,0,44,7,51,0,3,78,10,91,42,0,42,133
10/30/2008,AHN,GA,ASO,ES,Federal Contract Tower,0,10,24,0,34,0,0,45,0,45,0,10,69,0,79,66,0,66,145
10/31/2008,AHN,GA,ASO,ES,Federal Contract Tower,0,3,25,1,29,0,1,48,1,50,0,4,73,2,79,68,0,68,147
11/01/2008,AHN,GA,ASO,ES,Federal Contract Tower,0,6,23,0,29,0,0,32,0,32,0,6,55,0,61,26,0,26,87
11/02/2008,AHN,GA,ASO,ES,Federal Contract Tower,0,7,22,0,29,0,0,66,1,67,0,7,88,1,96,24,2,26,122
11/03/2008,AHN,GA,ASO,ES,Federal Contract Tower,0,9,20,2,31,0,1,32,0,33,0,10,52,2,64,26,0,26,90
11/04/2008,AHN,GA,ASO,ES,Federal Contract Tower,0,18,17,2,37,0,2,41,2,45,0,20,58,4,82,56,2,58,140
11/05/2008,AHN,GA,ASO,ES,Federal Contract Tower,0,8,14,2,24,0,1,19,2,22,0,9,33,4,46,30,0,30,76
11/06/2008,AHN,GA,ASO,ES,Federal Contract Tower,0,9,42,6,57,0,0,49,1,50,0,9,91,7,107,42,22,64,171
11/07/2008,AHN,GA,ASO,ES,Federal Contract Tower,0,12,25,0,37,0,0,38,0,38,0,12,63,0,75,36,0,36,111
11/08/2008,AHN,GA,ASO,ES,Federal Contract Tower,0,5,25,0,30,0,0,37,0,37,0,5,62,0,67,0,0,0,67
11/09/2008,AHN,GA,ASO,ES,Federal Contract Tower,0,2,17,0,19,0,1,52,0,53,0,3,69,0,72,42,0,42,114
11/10/2008,AHN,GA,ASO,ES,Federal Contract Tower,0,15,18,0,33,0,7,50,2,59,0,22,68,2,92,56,0,56,148
11/11/2008,AHN,GA,ASO,ES,Federal Contract Tower,0,12,15,0,27,0,13,54,0,67,0,25,69,0,94,66,0,66,160
11/12/2008,AHN,GA,ASO,ES,Federal Contract Tower,0,13,9,2,24,0,4,16,2,22,0,17,25,4,46,36,0,36,82
11/13/2008,AHN,GA,ASO,ES,Federal Contract Tower,0,13,29,0,42,0,0,0,0,0,0,13,29,0,42,0,0,0,42
11/14/2008,AHN,GA,ASO,ES,Federal Contract Tower,0,9,22,4,35,0,0,0,0,0,0,9,22,4,35,0,0,0,35
11/15/2008,AHN,GA,ASO,ES,Federal Contract Tower,0,6,7,1,14,0,26,11,0,37,0,32,18,1,51,6,0,6,57
11/16/2008,AHN,GA,ASO,ES,Federal Contract Tower,0,12,18,4,34,0,10,36,0,46,0,22,54,4,80,64,0,64,144
11/17/2008,AHN,GA,ASO,ES,Federal Contract Tower,0,12,28,4,44,0,7,32,1,40,0,19,60,5,84,18,4,22,106
11/18/2008,AHN,GA,ASO,ES,Federal Contract Tower,0,17,5,4,26,0,4,22,2,28,0,21,27,6,54,32,4,36,90
11/19/2008,AHN,GA,ASO,ES,Federal Contract Tower,0,12,20,0,32,0,4,44,2,50,0,16,64,2,82,74,0,74,156
11/20/2008,AHN,GA,ASO,ES,Federal Contract Tower,0,14,26,0,40,0,2,32,0,34,0,16,58,0,74,72,0,72,146
11/21/2008,AHN,GA,ASO,ES,Federal Contract Tower,0,19,42,13,74,0,1,19,5,25,0,20,61,18,99,50,12,62,161
11/22/2008,AHN,GA,ASO,ES,Federal Contract Tower,0,5,23,0,28,0,0,42,0,42,0,5,65,0,70,62,0,62,132
11/23/2008,AHN,GA,ASO,ES,Federal Contract Tower,0,11,19,2,32,0,3,41,0,44,0,14,60,2,76,86,0,86,162
11/24/2008,AHN,GA,ASO,ES,Federal Contract Tower,0,10,27,0,37,0,0,13,0,13,0,10,40,0,50,44,0,44,94
11/25/2008,AHN,GA,ASO,ES,Federal Contract Tower,0,10,25,3,38,0,2,13,3,18,0,12,38,6,56,22,6,28,84
11/26/2008,AHN,GA,ASO,ES,Federal Contract Tower,0,13,36,0,49,0,1,50,0,51,0,14,86,0,100,34,0,34,134
11/27/2008,AHN,GA,ASO,ES,Federal Contract Tower,0,4,11,0,15,0,1,17,0,18,0,5,28,0,33,4,0,4,37
11/28/2008,AHN,GA,ASO,ES,Federal Contract Tower,0,13,35,0,48,0,3,33,0,36,0,16,68,0,84,34,0,34,118
11/29/2008,AHN,GA,ASO,ES,Federal Contract Tower,0,14,36,0,50,0,0,0,0,0,0,14,36,0,50,0,0,0,50
11/30/2008,AHN,GA,ASO,ES,Federal Contract Tower,0,16,38,0,54,0,0,0,0,0,0,16,38,0,54,0,0,0,54
12/01/2008,AHN,GA,ASO,ES,Federal Contract Tower,0,14,14,0,28,0,5,18,0,23,0,19,32,0,51,6,0,6,57
12/02/2008,AHN,GA,ASO,ES,Federal Contract Tower,0,10,25,2,37,0,2,40,2,44,0,12,65,4,81,44,2,46,127
12/03/2008,AHN,GA,ASO,ES,Federal Contract Tower,0,10,26,2,38,0,2,55,0,57,0,12,81,2,95,56,0,56,151
12/04/2008,AHN,GA,ASO,ES,Federal Contract Tower,0,10,14,4,28,0,1,24,0,25,0,11,38,4,53,26,8,34,87
12/05/2008,AHN,GA,ASO,ES,Federal Contract Tower,0,13,26,0,39,0,0,54,1,55,0,13,80,1,94,96,0,96,190
12/06/2008,AHN,GA,ASO,ES,Federal Contract Tower,0,7,16,0,23,0,2,48,0,50,0,9,64,0,73,76,0,76,149
12/07/2008,AHN,GA,ASO,ES,Federal Contract Tower,0,9,16,0,25,0,8,58,0,66,0,17,74,0,91,26,0,26,117
12/08/2008,AHN,GA,ASO,ES,Federal Contract Tower,0,19,22,3,44,0,0,46,0,46,0,19,68,3,90,114,0,114,204
12/09/2008,AHN,GA,ASO,ES,Federal Contract Tower,0,13,32,0,45,0,2,26,0,28,0,15,58,0,73,74,0,74,147
12/10/2008,AHN,GA,ASO,ES,Federal Contract Tower,0,13,27,0,40,0,0,0,0,0,0,13,27,0,40,4,0,4,44
12/11/2008,AHN,GA,ASO,ES,Federal Contract Tower,0,19,25,4,48,0,0,3,0,3,0,19,28,4,51,12,4,16,67
12/12/2008,AHN,GA,ASO,ES,Federal Contract Tower,0,21,34,7,62,0,2,46,0,48,0,23,80,7,110,36,8,44,154
12/13/2008,AHN,GA,ASO,ES,Federal Contract Tower,0,9,10,2,21,0,0,55,1,56,0,9,65,3,77,58,0,58,135
12/14/2008,AHN,GA,ASO,ES,Federal Contract Tower,0,7,9,0,16,0,2,7,0,9,0,9,16,0,25,4,0,4,29
12/15/2008,AHN,GA,ASO,ES,Federal Contract Tower,0,15,23,2,40,0,0,4,0,4,0,15,27,2,44,22,2,24,68
12/16/2008,AHN,GA,ASO,ES,Federal Contract Tower,0,18,15,2,35,0,0,4,2,6,0,18,19,4,41,10,2,12,53
12/17/2008,AHN,GA,ASO,ES,Federal Contract Tower,0,23,43,2,68,0,0,4,0,4,0,23,47,2,72,8,0,8,80
12/18/2008,AHN,GA,ASO,ES,Federal Contract Tower,0,21,36,0,57,0,3,25,0,28,0,24,61,0,85,46,0,46,131
12/19/2008,AHN,GA,ASO,ES,Federal Contract Tower,0,16,38,0,54,0,3,21,0,24,0,19,59,0,78,8,0,8,86
12/20/2008,AHN,GA,ASO,ES,Federal Contract Tower,0,8,36,2,46,0,0,0,2,2,0,8,36,4,48,18,4,22,70
12/21/2008,AHN,GA,ASO,ES,Federal Contract Tower,0,7,2,0,9,0,0,14,0,14,0,7,16,0,23,8,0,8,31
12/22/2008,AHN,GA,ASO,ES,Federal Contract Tower,0,15,26,2,43,0,1,27,0,28,0,16,53,2,71,34,0,34,105
12/23/2008,AHN,GA,ASO,ES,Federal Contract Tower,0,16,22,0,38,0,0,34,0,34,0,16,56,0,72,36,0,36,108
12/24/2008,AHN,GA,ASO,ES,Federal Contract Tower,0,17,8,0,25,0,0,11,0,11,0,17,19,0,36,34,0,34,70
12/25/2008,AHN,GA,ASO,ES,Federal Contract Tower,0,15,3,0,18,0,0,0,0,0,0,15,3,0,18,0,0,0,18
12/26/2008,AHN,GA,ASO,ES,Federal Contract Tower,0,7,27,0,34,0,0,0,0,0,0,7,27,0,34,14,0,14,48
12/27/2008,AHN,GA,ASO,ES,Federal Contract Tower,0,6,27,0,33,0,0,0,0,0,0,6,27,0,33,0,0,0,33
12/28/2008,AHN,GA,ASO,ES,Federal Contract Tower,0,13,17,0,30,0,0,0,0,0,0,13,17,0,30,0,0,0,30
12/29/2008,AHN,GA,ASO,ES,Federal Contract Tower,0,17,18,0,35,0,0,60,0,60,0,17,78,0,95,48,0,48,143
12/30/2008,AHN,GA,ASO,ES,Federal Contract Tower,0,22,38,1,61,0,2,66,2,70,0,24,104,3,131,54,0,54,185
12/31/2008,AHN,GA,ASO,ES,Federal Contract Tower,0,9,17,0,26,0,0,21,4,25,0,9,38,4,51,30,0,30,81
01/01/2009,AHN,GA,ASO,ES,Federal Contract Tower,0,14,11,0,25,0,0,47,0,47,0,14,58,0,72,46,0,46,118
01/02/2009,AHN,GA,ASO,ES,Federal Contract Tower,0,16,39,0,55,0,0,2,0,2,0,16,41,0,57,10,0,10,67
01/03/2009,AHN,GA,ASO,ES,Federal Contract Tower,0,3,9,0,12,0,0,0,0,0,0,3,9,0,12,2,0,2,14
01/04/2009,AHN,GA,ASO,ES,Federal Contract Tower,0,13,23,0,36,0,0,0,0,0,0,13,23,0,36,6,0,6,42
01/05/2009,AHN,GA,ASO,ES,Federal Contract Tower,0,17,15,0,32,0,1,0,0,1,0,18,15,0,33,4,0,4,37
01/06/2009,AHN,GA,ASO,ES,Federal Contract Tower,0,17,6,1,24,0,1,0,0,1,0,18,6,1,25,0,0,0,25
01/07/2009,AHN,GA,ASO,ES,Federal Contract Tower,0,17,7,3,27,0,0,4,2,6,0,17,11,5,33,0,0,0,33
01/08/2009,AHN,GA,ASO,ES,Federal Contract Tower,0,17,24,8,49,0,2,25,2,29,0,19,49,10,78,26,2,28,106
01/09/2009,AHN,GA,ASO,ES,Federal Contract Tower,1,19,36,10,66,0,0,66,5,71,1,19,102,15,137,148,12,160,297
01/10/2009,AHN,GA,ASO,ES,Federal Contract Tower,2,8,18,6,34,0,27,0,0,27,2,35,18,6,61,48,0,48,109
01/11/2009,AHN,GA,ASO,ES,Federal Contract Tower,0,14,18,3,35,0,0,15,0,15,0,14,33,3,50,50,0,50,100
01/12/2009,AHN,GA,ASO,ES,Federal Contract Tower,0,15,17,0,32,0,0,51,0,51,0,15,68,0,83,62,0,62,145
01/13/2009,AHN,GA,ASO,ES,Federal Contract Tower,0,15,17,5,37,0,0,34,2,36,0,15,51,7,73,54,6,60,133
01/14/2009,AHN,GA,ASO,ES,Federal Contract Tower,0,16,29,1,46,0,1,51,0,52,0,17,80,1,98,60,0,60,158
01/15/2009,AHN,GA,ASO,ES,Federal Contract Tower,0,14,19,0,33,0,1,28,6,35,0,15,47,6,68,26,0,26,94
01/16/2009,AHN,GA,ASO,ES,Federal Contract Tower,0,22,51,10,83,0,0,0,0,0,0,22,51,10,83,36,8,44,127
01/17/2009,AHN,GA,ASO,ES,Federal Contract Tower,1,4,24,0,29,0,4,39,10,53,1,8,63,10,82,110,0,110,192
01/18/2009,AHN,GA,ASO,ES,Federal Contract Tower,4,10,7,0,21,0,0,7,0,7,4,10,14,0,28,4,0,4,32
01/19/2009,AHN,GA,ASO,ES,Federal Contract Tower,0,13,17,0,30,0,2,20,0,22,0,15,37,0,52,90,0,90,142
01/20/2009,AHN,GA,ASO,ES,Federal Contract Tower,0,20,17,0,37,0,3,14,0,17,0,23,31,0,54,10,0,10,64
01/21/2009,AHN,GA,ASO,ES,Federal Contract Tower,0,11,34,8,53,0,2,40,0,42,0,13,74,8,95,72,2,74,169
01/22/2009,AHN,GA,ASO,ES,Federal Contract Tower,0,20,40,2,62,0,3,48,10,61,0,23,88,12,123,70,0,70,193
01/23/2009,AHN,GA,ASO,ES,Federal Contract Tower,0,23,46,9,78,0,2,34,4,40,0,25,80,13,118,50,28,78,196
01/24/2009,AHN,GA,ASO,ES,Federal Contract Tower,0,12,21,3,36,0,0,23,0,23,0,12,44,3,59,10,0,10,69
01/25/2009,AHN,GA,ASO,ES,Federal Contract Tower,2,9,23,1,35,0,1,22,2,25,2,10,45,3,60,18,0,18,78
01/26/2009,AHN,GA,ASO,ES,Federal Contract Tower,0,14,21,0,35,0,0,0,0,0,0,14,21,0,35,0,0,0,35
01/27/2009,AHN,GA,ASO,ES,Federal Contract Tower,0,24,9,2,35,0,0,0,0,0,0,24,9,2,35,6,2,8,43
01/28/2009,AHN,GA,ASO,ES,Federal Contract Tower,0,20,16,0,36,0,0,1,0,1,0,20,17,0,37,2,0,2,39
01/29/2009,AHN,GA,ASO,ES,Federal Contract Tower,0,21,32,1,54,0,6,50,2,58,0,27,82,3,112,32,0,32,144
01/30/2009,AHN,GA,ASO,ES,Federal Contract Tower,0,20,18,0,38,0,2,26,8,36,0,22,44,8,74,4,0,4,78
01/31/2009,AHN,GA,ASO,ES,Federal Contract Tower,0,6,27,0,33,0,5,64,0,69,0,11,91,0,102,66,0,66,168
02/01/2009,AHN,GA,ASO,ES,Federal Contract Tower,0,9,20,0,29,0,0,49,2,51,0,9,69,2,80,24,2,26,106
02/02/2009,AHN,GA,ASO,ES,Federal Contract Tower,0,15,15,0,30,0,1,12,0,13,0,16,27,0,43,34,0,34,77
02/03/2009,AHN,GA,ASO,ES,Federal Contract Tower,0,16,17,0,33,0,1,13,0,14,0,17,30,0,47,26,0,26,73
02/04/2009,AHN,GA,ASO,ES,Federal Contract Tower,0,17,8,1,26,0,0,22,0,22,0,17,30,1,48,12,0,12,60
02/05/2009,AHN,GA,ASO,ES,Federal Contract Tower,0,17,15,4,36,0,1,56,4,61,0,18,71,8,97,22,36,58,155
02/06/2009,AHN,GA,ASO,ES,Federal Contract Tower,0,10,52,5,67,0,1,70,2,73,0,11,122,7,140,94,10,104,244
02/07/2009,AHN,GA,ASO,ES,Federal Contract Tower,0,2,17,6,25,0,0,56,2,58,0,2,73,8,83,48,6,54,137
02/08/2009,AHN,GA,ASO,ES,Federal Contract Tower,0,5,18,19,42,0,0,37,5,42,0,5,55,24,84,24,16,40,124
02/09/2009,AHN,GA,ASO,ES,Federal Contract Tower,0,10,29,4,43,0,3,26,0,29,0,13,55,4,72,34,10,44,116
02/10/2009,AHN,GA,ASO,ES,Federal Contract Tower,0,15,27,0,42,0,0,44,0,44,0,15,71,0,86,78,0,78,164
02/11/2009,AHN,GA,ASO,ES,Federal Contract Tower,0,8,21,0,29,0,0,5,2,7,0,8,26,2,36,6,0,6,42
02/12/2009,AHN,GA,ASO,ES,Federal Contract Tower,0,7,26,0,33,0,0,45,0,45,0,7,71,0,78,78,0,78,156
02/13/2009,AHN,GA,ASO,ES,Federal Contract Tower,0,9,15,11,35,0,0,55,3,58,0,9,70,14,93,70,8,78,171
02/14/2009,AHN,GA,ASO,ES,Federal Contract Tower,0,6,19,0,25,0,0,0,0,0,0,6,19,0,25,4,0,4,29
02/15/2009,AHN,GA,ASO,ES,Federal Contract Tower,2,8,24,0,34,0,0,30,0,30,2,8,54,0,64,46,0,46,110
02/16/2009,AHN,GA,ASO,ES,Federal Contract Tower,0,6,17,0,23,0,0,35,0,35,0,6,52,0,58,46,0,46,104
02/17/2009,AHN,GA,ASO,ES,Federal Contract Tower,0,6,12,6,24,0,0,43,0,43,0,6,55,6,67,88,8,96,163
02/18/2009,AHN,GA,ASO,ES,Federal Contract Tower,0,9,11,0,20,0,0,2,0,2,0,9,13,0,22,4,0,4,26
02/19/2009,AHN,GA,ASO,ES,Federal Contract Tower,1,10,18,2,31,0,2,23,10,35,1,12,41,12,66,14,18,32,98
02/20/2009,AHN,GA,ASO,ES,Federal Contract Tower,11,24,8,0,43,0,2,37,2,41,11,26,45,2,84,62,32,94,178
02/21/2009,AHN,GA,ASO,ES,Federal Contract Tower,0,4,12,8,24,0,1,60,0,61,0,5,72,8,85,28,24,52,137
02/22/2009,AHN,GA,ASO,ES,Federal Contract Tower,0,6,15,2,23,0,0,13,0,13,0,6,28,2,36,0,0,0,36
02/23/2009,AHN,GA,ASO,ES,Federal Contract Tower,0,8,22,7,37,0,0,49,0,49,0,8,71,7,86,48,4,52,138
02/24/2009,AHN,GA,ASO,ES,Federal Contract Tower,0,15,30,2,47,0,2,48,0,50,0,17,78,2,97,44,0,44,141
02/25/2009,AHN,GA,ASO,ES,Federal Contract Tower,0,10,31,0,41,0,2,34,0,36,0,12,65,0,77,36,0,36,113
02/26/2009,AHN,GA,ASO,ES,Federal Contract Tower,0,8,27,0,35,0,0,48,0,48,0,8,75,0,83,68,0,68,151
02/27/2009,AHN,GA,ASO,ES,Federal Contract Tower,0,10,13,6,29,0,0,4,0,4,0,10,17,6,33,0,8,8,41
02/28/2009,AHN,GA,ASO,ES,Federal Contract Tower,0,13,26,0,39,0,0,0,0,0,0,13,26,0,39,2,0,2,41
03/01/2009,AHN,GA,ASO,ES,Federal Contract Tower,0,1,3,0,4,0,0,0,0,0,0,1,3,0,4,0,0,0,4
03/02/2009,AHN,GA,ASO,ES,Federal Contract Tower,0,0,7,0,7,0,0,10,0,10,0,0,17,0,17,0,0,0,17
03/03/2009,AHN,GA,ASO,ES,Federal Contract Tower,0,8,6,2,16,0,1,21,2,24,0,9,27,4,40,42,0,42,82
03/04/2009,AHN,GA,ASO,ES,Federal Contract Tower,0,14,16,5,35,0,0,50,2,52,0,14,66,7,87,38,0,38,125
03/05/2009,AHN,GA,ASO,ES,Federal Contract Tower,0,8,33,0,41,0,1,57,0,58,0,9,90,0,99,92,0,92,191
03/06/2009,AHN,GA,ASO,ES,Federal Contract Tower,0,12,27,2,41,0,0,35,1,36,0,12,62,3,77,40,18,58,135
03/07/2009,AHN,GA,ASO,ES,Federal Contract Tower,0,9,32,2,43,0,0,34,0,34,0,9,66,2,77,36,0,36,113
03/08/2009,AHN,GA,ASO,ES,Federal Contract Tower,0,6,22,0,28,0,0,30,0,30,0,6,52,0,58,26,0,26,84
03/09/2009,AHN,GA,ASO,ES,Federal Contract Tower,0,8,13,5,26,0,3,22,3,28,0,11,35,8,54,30,2,32,86
03/10/2009,AHN,GA,ASO,ES,Federal Contract Tower,0,13,38,0,51,0,0,22,0,22,0,13,60,0,73,40,0,40,113
03/11/2009,AHN,GA,ASO,ES,Federal Contract Tower,0,8,32,0,40,0,1,20,0,21,0,9,52,0,61,34,0,34,95
03/12/2009,AHN,GA,ASO,ES,Federal Contract Tower,0,13,27,0,40,0,1,26,0,27,0,14,53,0,67,48,0,48,115
03/13/2009,AHN,GA,ASO,ES,Federal Contract Tower,0,9,21,4,34,0,0,0,0,0,0,9,21,4,34,10,4,14,48
03/14/2009,AHN,GA,ASO,ES,Federal Contract Tower,0,5,12,0,17,0,0,0,0,0,0,5,12,0,17,4,0,4,21
03/15/2009,AHN,GA,ASO,ES,Federal Contract Tower,0,5,8,0,13,0,0,0,0,0,0,5,8,0,13,0,0,0,13
03/16/2009,AHN,GA,ASO,ES,Federal Contract Tower,0,7,16,0,23,0,0,0,0,0,0,7,16,0,23,0,0,0,23
03/17/2009,AHN,GA,ASO,ES,Federal Contract Tower,0,9,20,0,29,0,0,32,0,32,0,9,52,0,61,60,0,60,121
03/18/2009,AHN,GA,ASO,ES,Federal Contract Tower,0,8,22,2,32,0,0,40,0,40,0,8,62,2,72,34,0,34,106
03/19/2009,AHN,GA,ASO,ES,Federal Contract Tower,0,8,22,0,30,0,2,32,0,34,0,10,54,0,64,54,0,54,118
03/20/2009,AHN,GA,ASO,ES,Federal Contract Tower,0,6,25,2,33,0,47,1,0,48,0,53,26,2,81,56,2,58,139
03/21/2009,AHN,GA,ASO,ES,Federal Contract Tower,0,7,13,0,20,0,5,49,0,54,0,12,62,0,74,34,0,34,108
03/22/2009,AHN,GA,ASO,ES,Federal Contract Tower,0,4,26,5,35,0,0,45,1,46,0,4,71,6,81,10,4,14,95
03/23/2009,AHN,GA,ASO,ES,Federal Contract Tower,0,8,19,2,29,0,0,35,0,35,0,8,54,2,64,26,0,26,90
03/24/2009,AHN,GA,ASO,ES,Federal Contract Tower,0,7,17,2,26,0,0,19,2,21,0,7,36,4,47,30,0,30,77
03/25/2009,AHN,GA,ASO,ES,Federal Contract Tower,0,8,28,0,36,0,0,0,0,0,0,8,28,0,36,10,0,10,46
03/26/2009,AHN,GA,ASO,ES,Federal Contract Tower,0,6,3,0,9,0,0,2,0,2,0,6,5,0,11,12,0,12,23
03/27/2009,AHN,GA,ASO,ES,Federal Contract Tower,0,7,13,0,20,0,0,0,0,0,0,7,13,0,20,0,0,0,20
03/28/2009,AHN,GA,ASO,ES,Federal Contract Tower,0,4,0,0,4,0,0,0,0,0,0,4,0,0,4,0,0,0,4
03/29/2009,AHN,GA,ASO,ES,Federal Contract Tower,0,5,28,0,33,0,7,12,0,19,0,12,40,0,52,12,0,12,64
03/30/2009,AHN,GA,ASO,ES,Federal Contract Tower,0,8,40,0,48,0,0,40,0,40,0,8,80,0,88,26,0,26,114
03/31/2009,AHN,GA,ASO,ES,Federal Contract Tower,0,8,9,1,18,0,0,26,2,28,0,8,35,3,46,22,0,22,68
04/01/2009,AHN,GA,ASO,ES,Federal Contract Tower,0,6,19,6,31,0,0,0,0,0,0,6,19,6,31,0,0,0,31
04/02/2009,AHN,GA,ASO,ES,Federal Contract Tower,0,10,9,1,20,0,0,6,0,6,0,10,15,1,26,0,0,0,26
04/03/2009,AHN,GA,ASO,ES,Federal Contract Tower,0,10,42,1,53,0,0,13,0,13,0,10,55,1,66,8,0,8,74
04/04/2009,AHN,GA,ASO,ES,Federal Contract Tower,0,6,36,11,53,0,0,106,4,110,0,6,142,15,163,106,10,116,279
04/05/2009,AHN,GA,ASO,ES,Federal Contract Tower,0,5,25,0,30,0,0,15,0,15,0,5,40,0,45,20,0,20,65
04/06/2009,AHN,GA,ASO,ES,Federal Contract Tower,0,11,28,0,39,0,1,6,0,7,0,12,34,0,46,0,0,0,46
04/07/2009,AHN,GA,ASO,ES,Federal Contract Tower,0,8,20,0,28,0,1,8,8,17,0,9,28,8,45,14,0,14,59
04/08/2009,AHN,GA,ASO,ES,Federal Contract Tower,0,7,17,0,24,0,1,32,0,33,0,8,49,0,57,22,0,22,79
04/09/2009,AHN,GA,ASO,ES,Federal Contract Tower,0,10,37,0,47,0,0,61,0,61,0,10,98,0,108,46,0,46,154
04/10/2009,AHN,GA,ASO,ES,Federal Contract Tower,0,6,23,0,29,0,0,4,0,4,0,6,27,0,33,0,0,0,33
04/11/2009,AHN,GA,ASO,ES,Federal Contract Tower,0,7,25,0,32,0,4,49,15,68,0,11,74,15,100,90,0,90,190
04/12/2009,AHN,GA,ASO,ES,Federal Contract Tower,0,5,26,0,31,0,0,50,0,50,0,5,76,0,81,20,0,20,101
04/13/2009,AHN,GA,ASO,ES,Federal Contract Tower,0,10,6,0,16,0,1,1,0,2,0,11,7,0,18,0,0,0,18
04/14/2009,AHN,GA,ASO,ES,Federal Contract Tower,0,9,20,7,36,0,1,13,1,15,0,10,33,8,51,34,0,34,85
04/15/2009,AHN,GA,ASO,ES,Federal Contract Tower,0,6,21,2,29,0,1,46,6,53,0,7,67,8,82,46,0,46,128
04/16/2009,AHN,GA,ASO,ES,Federal Contract Tower,0,8,27,0,35,0,0,62,3,65,0,8,89,3,100,96,24,120,220
04/17/2009,AHN,GA,ASO,ES,Federal Contract Tower,0,10,27,9,46,0,1,66,5,72,0,11,93,14,118,106,4,110,228
04/18/2009,AHN,GA,ASO,ES,Federal Contract Tower,0,5,37,0,42,0,0,67,6,73,0,5,104,6,115,98,0,98,213
04/19/2009,AHN,GA,ASO,ES,Federal Contract Tower,0,11,25,3,39,0,1,20,0,21,0,12,45,3,60,0,0,0,60
04/20/2009,AHN,GA,ASO,ES,Federal Contract Tower,0,9,16,2,27,0,9,17,0,26,0,18,33,2,53,36,0,36,89
04/21/2009,AHN,GA,ASO,ES,Federal Contract Tower,0,4,32,0,36,0,2,37,0,39,0,6,69,0,75,10,0,10,85
04/22/2009,AHN,GA,ASO,ES,Federal Contract Tower,0,12,34,6,52,0,10,55,1,66,0,22,89,7,118,92,0,92,210
04/23/2009,AHN,GA,ASO,ES,Federal Contract Tower,0,12,42,0,54,0,2,62,0,64,0,14,104,0,118,82,0,82,200
04/24/2009,AHN,GA,ASO,ES,Federal Contract Tower,0,12,40,2,54,0,2,41,4,47,0,14,81,6,101,30,0,30,131
04/25/2009,AHN,GA,ASO,ES,Federal Contract Tower,0,9,19,0,28,0,4,65,4,73,0,13,84,4,101,142,0,142,243
04/26/2009,AHN,GA,ASO,ES,Federal Contract Tower,0,6,30,10,46,0,0,59,3,62,0,6,89,13,108,58,0,58,166
04/27/2009,AHN,GA,ASO,ES,Federal Contract Tower,0,10,19,0,29,0,3,35,0,38,0,13,54,0,67,32,0,32,99
04/28/2009,AHN,GA,ASO,ES,Federal Contract Tower,0,12,27,6,45,0,2,30,0,32,0,14,57,6,77,116,0,116,193
04/29/2009,AHN,GA,ASO,ES,Federal Contract Tower,0,9,24,2,35,0,4,35,0,39,0,13,59,2,74,14,0,14,88
04/30/2009,AHN,GA,ASO,ES,Federal Contract Tower,9,28,0,0,37,0,5,34,0,39,9,33,34,0,76,38,0,38,114
05/01/2009,AHN,GA,ASO,ES,Federal Contract Tower,0,10,28,0,38,0,6,38,2,46,0,16,66,2,84,22,0,22,106
05/02/2009,AHN,GA,ASO,ES,Federal Contract Tower,0,6,31,0,37,0,0,20,0,20,0,6,51,0,57,30,0,30,87
05/03/2009,AHN,GA,ASO,ES,Federal Contract Tower,0,4,37,3,44,0,0,15,2,17,0,4,52,5,61,28,0,28,89
05/04/2009,AHN,GA,ASO,ES,Federal Contract Tower,0,9,9,0,18,0,0,0,0,0,0,9,9,0,18,2,0,2,20
05/05/2009,AHN,GA,ASO,ES,Federal Contract Tower,0,9,37,4,50,0,0,13,0,13,0,9,50,4,63,20,4,24,87
05/06/2009,AHN,GA,ASO,ES,Federal Contract Tower,0,7,6,0,13,0,0,2,0,2,0,7,8,0,15,2,0,2,17
05/07/2009,AHN,GA,ASO,ES,Federal Contract Tower,0,14,30,0,44,0,0,14,0,14,0,14,44,0,58,24,0,24,82
05/08/2009,AHN,GA,ASO,ES,Federal Contract Tower,0,11,23,0,34,0,0,14,0,14,0,11,37,0,48,33,0,33,81
05/09/2009,AHN,GA,ASO,ES,Federal Contract Tower,0,13,26,2,41,0,2,46,0,48,0,15,72,2,89,148,0,148,237
05/10/2009,AHN,GA,ASO,ES,Federal Contract Tower,0,8,20,0,28,0,0,23,0,23,0,8,43,0,51,8,0,8,59
05/11/2009,AHN,GA,ASO,ES,Federal Contract Tower,0,13,19,0,32,0,1,12,4,17,0,14,31,4,49,22,0,22,71
05/12/2009,AHN,GA,ASO,ES,Federal Contract Tower,0,7,22,0,29,0,1,52,3,56,0,8,74,3,85,130,0,130,215
05/13/2009,AHN,GA,ASO,ES,Federal Contract Tower,0,9,21,0,30,0,0,47,2,49,0,9,68,2,79,86,0,86,165
05/14/2009,AHN,GA,ASO,ES,Federal Contract Tower,0,4,6,0,10,0,0,11,0,11,0,4,17,0,21,0,0,0,21
05/15/2009,AHN,GA,ASO,ES,Federal Contract Tower,0,8,23,10,41,0,0,37,2,39,0,8,60,12,80,26,4,30,110
05/16/2009,AHN,GA,ASO,ES,Federal Contract Tower,0,4,6,0,10,0,0,11,0,11,0,4,17,0,21,0,0,0,21
05/17/2009,AHN,GA,ASO,ES,Federal Contract Tower,0,6,29,0,35,0,0,2,4,6,0,6,31,4,41,12,0,12,53
05/18/2009,AHN,GA,ASO,ES,Federal Contract Tower,0,7,31,0,38,0,3,26,0,29,0,10,57,0,67,58,0,58,125
05/19/2009,AHN,GA,ASO,ES,Federal Contract Tower,0,8,22,3,33,0,0,26,1,27,0,8,48,4,60,64,10,74,134
05/20/2009,AHN,GA,ASO,ES,Federal Contract Tower,0,15,24,6,45,0,2,19,0,21,0,17,43,6,66,26,2,28,94
05/21/2009,AHN,GA,ASO,ES,Federal Contract Tower,0,11,29,0,40,0,0,11,0,11,0,11,40,0,51,1,0,1,52
05/22/2009,AHN,GA,ASO,ES,Federal Contract Tower,0,7,23,3,33,0,3,14,1,18,0,10,37,4,51,46,0,46,97
05/23/2009,AHN,GA,ASO,ES,Federal Contract Tower,0,5,28,0,33,0,0,1,0,1,0,5,29,0,34,26,0,26,60
05/24/2009,AHN,GA,ASO,ES,Federal Contract Tower,0,7,14,0,21,0,3,0,0,3,0,10,14,0,24,0,0,0,24
05/25/2009,AHN,GA,ASO,ES,Federal Contract Tower,0,11,43,0,54,0,0,2,0,2,0,11,45,0,56,42,0,42,98
05/26/2009,AHN,GA,ASO,ES,Federal Contract Tower,0,9,30,1,40,0,0,8,0,8,0,9,38,1,48,12,0,12,60
05/27/2009,AHN,GA,ASO,ES,Federal Contract Tower,0,15,26,0,41,0,0,15,0,15,0,15,41,0,56,40,0,40,96
05/28/2009,AHN,GA,ASO,ES,Federal Contract Tower,0,6,20,0,26,0,0,28,1,29,0,6,48,1,55,20,0,20,75
05/29/2009,AHN,GA,ASO,ES,Federal Contract Tower,0,12,24,4,40,0,0,38,3,41,0,12,62,7,81,28,2,30,111
05/30/2009,AHN,GA,ASO,ES,Federal Contract Tower,0,5,11,0,16,0,1,62,0,63,0,6,73,0,79,50,0,50,129
05/31/2009,AHN,GA,ASO,ES,Federal Contract Tower,0,4,18,1,23,0,1,52,1,54,0,5,70,2,77,28,0,28,105
06/01/2009,AHN,GA,ASO,ES,Federal Contract Tower,0,7,11,0,18,0,3,51,2,56,0,10,62,2,74,104,0,104,178
06/02/2009,AHN,GA,ASO,ES,Federal Contract Tower,0,8,14,0,22,0,0,42,0,42,0,8,56,0,64,48,0,48,112
06/03/2009,AHN,GA,ASO,ES,Federal Contract Tower,0,8,9,5,22,0,0,26,0,26,0,8,35,5,48,50,0,50,98
06/04/2009,AHN,GA,ASO,ES,Federal Contract Tower,0,5,17,0,22,0,0,0,0,0,0,5,17,0,22,0,0,0,22
06/05/2009,AHN,GA,ASO,ES,Federal Contract Tower,0,12,30,5,47,0,2,15,0,17,0,14,45,5,64,38,0,38,102
06/06/2009,AHN,GA,ASO,ES,Federal Contract Tower,0,6,34,6,46,0,2,23,14,39,0,8,57,20,85,58,20,78,163
06/07/2009,AHN,GA,ASO,ES,Federal Contract Tower,0,4,35,5,44,0,0,23,0,23,0,4,58,5,67,44,0,44,111
06/08/2009,AHN,GA,ASO,ES,Federal Contract Tower,0,9,20,4,33,0,4,38,0,42,0,13,58,4,75,18,4,22,97
06/09/2009,AHN,GA,ASO,ES,Federal Contract Tower,0,9,23,0,32,0,2,43,2,47,0,11,66,2,79,46,0,46,125
06/10/2009,AHN,GA,ASO,ES,Federal Contract Tower,0,7,16,1,24,0,3,30,14,47,0,10,46,15,71,56,0,56,127
06/11/2009,AHN,GA,ASO,ES,Federal Contract Tower,0,7,18,2,27,0,11,30,11,52,0,18,48,13,79,94,0,94,173
06/12/2009,AHN,GA,ASO,ES,Federal Contract Tower,0,9,35,3,47,0,5,40,0,45,0,14,75,3,92,118,0,118,210
06/13/2009,AHN,GA,ASO,ES,Federal Contract Tower,0,4,18,1,23,0,0,37,0,37,0,4,55,1,60,54,16,70,130
06/14/2009,AHN,GA,ASO,ES,Federal Contract Tower,0,7,23,10,40,0,3,30,0,33,0,10,53,10,73,24,0,24,97
06/15/2009,AHN,GA,ASO,ES,Federal Contract Tower,0,12,8,0,20,0,6,31,0,37,0,18,39,0,57,26,0,26,83
06/16/2009,AHN,GA,ASO,ES,Federal Contract Tower,0,11,28,4,43,0,1,38,4,43,0,12,66,8,86,70,0,70,156
06/17/2009,AHN,GA,ASO,ES,Federal Contract Tower,0,7,17,1,25,0,0,16,0,16,0,7,33,1,41,4,0,4,45
06/18/2009,AHN,GA,ASO,ES,Federal Contract Tower,0,8,12,0,20,0,0,33,9,42,0,8,45,9,62,32,0,32,94
06/19/2009,AHN,GA,ASO,ES,Federal Contract Tower,0,8,14,3,25,0,0,33,5,38,0,8,47,8,63,58,6,64,127
06/20/2009,AHN,GA,ASO,ES,Federal Contract Tower,0,4,10,0,14,0,0,38,0,38,0,4,48,0,52,18,0,18,70
06/21/2009,AHN,GA,ASO,ES,Federal Contract Tower,0,4,16,0,20,0,2,30,1,33,0,6,46,1,53,18,4,22,75
06/22/2009,AHN,GA,ASO,ES,Federal Contract Tower,0,10,21,2,33,0,0,25,0,25,0,10,46,2,58,18,0,18,76
06/23/2009,AHN,GA,ASO,ES,Federal Contract Tower,0,13,11,0,24,0,5,46,0,51,0,18,57,0,75,70,0,70,145
06/24/2009,AHN,GA,ASO,ES,Federal Contract Tower,0,8,24,3,35,0,0,33,5,38,0,8,57,8,73,80,6,86,159
06/25/2009,AHN,GA,ASO,ES,Federal Contract Tower,0,10,23,0,33,0,0,34,0,34,0,10,57,0,67,22,0,22,89
06/26/2009,AHN,GA,ASO,ES,Federal Contract Tower,0,8,24,15,47,0,2,44,0,46,0,10,68,15,93,72,0,72,165
06/27/2009,AHN,GA,ASO,ES,Federal Contract Tower,0,5,30,11,46,0,0,61,12,73,0,5,91,23,119,66,20,86,205
06/28/2009,AHN,GA,ASO,ES,Federal Contract Tower,0,4,11,14,29,0,0,50,4,54,0,4,61,18,83,24,10,34,117
06/29/2009,AHN,GA,ASO,ES,Federal Contract Tower,0,12,15,0,27,0,4,30,0,34,0,16,45,0,61,58,0,58,119
06/30/2009,AHN,GA,ASO,ES,Federal Contract Tower,0,8,18,1,27,0,3,23,0,26,0,11,41,1,53,22,0,22,75
07/01/2009,AHN,GA,ASO,ES,Federal Contract Tower,0,8,15,6,29,0,0,28,4,32,0,8,43,10,61,24,6,30,91
07/02/2009,AHN,GA,ASO,ES,Federal Contract Tower,0,10,23,0,33,0,0,39,0,39,0,10,62,0,72,48,0,48,120
07/03/2009,AHN,GA,ASO,ES,Federal Contract Tower,0,10,20,0,30,0,1,74,0,75,0,11,94,0,105,88,0,88,193
07/04/2009,AHN,GA,ASO,ES,Federal Contract Tower,0,5,1,0,6,0,0,34,0,34,0,5,35,0,40,40,0,40,80
07/05/2009,AHN,GA,ASO,ES,Federal Contract Tower,0,6,18,0,24,0,0,10,0,10,0,6,28,0,34,0,0,0,34
07/06/2009,AHN,GA,ASO,ES,Federal Contract Tower,0,8,21,0,29,0,0,15,0,15,0,8,36,0,44,40,0,40,84
07/07/2009,AHN,GA,ASO,ES,Federal Contract Tower,0,9,31,0,40,0,0,18,3,21,0,9,49,3,61,28,0,28,89
07/08/2009,AHN,GA,ASO,ES,Federal Contract Tower,0,8,16,0,24,0,0,9,0,9,0,8,25,0,33,10,0,10,43
07/09/2009,AHN,GA,ASO,ES,Federal Contract Tower,0,8,18,0,26,0,1,26,0,27,0,9,44,0,53,24,0,24,77
07/10/2009,AHN,GA,ASO,ES,Federal Contract Tower,0,9,18,5,32,0,0,28,1,29,0,9,46,6,61,34,0,34,95
07/11/2009,AHN,GA,ASO,ES,Federal Contract Tower,0,5,12,5,22,0,2,36,0,38,0,7,48,5,60,42,18,60,120
07/12/2009,AHN,GA,ASO,ES,Federal Contract Tower,0,4,13,8,25,0,0,23,1,24,0,4,36,9,49,44,8,52,101
07/13/2009,AHN,GA,ASO,ES,Federal Contract Tower,0,8,11,0,19,0,0,14,0,14,0,8,25,0,33,16,0,16,49
07/14/2009,AHN,GA,ASO,ES,Federal Contract Tower,0,7,19,0,26,0,1,35,0,36,0,8,54,0,62,85,0,85,147
07/15/2009,AHN,GA,ASO,ES,Federal Contract Tower,0,9,20,0,29,0,0,0,0,0,0,9,20,0,29,114,0,114,143
07/16/2009,AHN,GA,ASO,ES,Federal Contract Tower,0,4,16,4,24,0,0,28,6,34,0,4,44,10,58,40,4,44,102
07/17/2009,AHN,GA,ASO,ES,Federal Contract Tower,0,9,32,0,41,0,0,28,0,28,0,9,60,0,69,28,0,28,97
07/18/2009,AHN,GA,ASO,ES,Federal Contract Tower,0,4,16,0,20,0,0,61,0,61,0,4,77,0,81,118,0,118,199
07/19/2009,AHN,GA,ASO,ES,Federal Contract Tower,0,2,18,11,31,0,0,45,2,47,0,2,63,13,78,36,6,42,120
07/20/2009,AHN,GA,ASO,ES,Federal Contract Tower,0,9,5,0,14,0,2,36,0,38,0,11,41,0,52,70,0,70,122
07/21/2009,AHN,GA,ASO,ES,Federal Contract Tower,0,9,20,0,29,0,4,34,0,38,0,13,54,0,67,64,0,64,131
07/22/2009,AHN,GA,ASO,ES,Federal Contract Tower,0,9,18,7,34,0,0,12,1,13,0,9,30,8,47,20,0,20,67
07/23/2009,AHN,GA,ASO,ES,Federal Contract Tower,0,8,24,0,32,0,0,30,0,30,0,8,54,0,62,38,0,38,100
07/24/2009,AHN,GA,ASO,ES,Federal Contract Tower,0,8,15,0,23,0,5,74,0,79,0,13,89,0,102,50,0,50,152
07/25/2009,AHN,GA,ASO,ES,Federal Contract Tower,0,10,36,0,46,0,0,51,0,51,0,10,87,0,97,108,0,108,205
07/26/2009,AHN,GA,ASO,ES,Federal Contract Tower,0,2,23,0,25,0,0,24,0,24,0,2,47,0,49,42,0,42,91
07/27/2009,AHN,GA,ASO,ES,Federal Contract Tower,0,8,14,0,22,0,5,19,0,24,0,13,33,0,46,50,0,50,96
07/28/2009,AHN,GA,ASO,ES,Federal Contract Tower,0,7,25,0,32,0,0,25,0,25,0,7,50,0,57,100,0,100,157
07/29/2009,AHN,GA,ASO,ES,Federal Contract Tower,0,5,14,5,24,0,0,9,5,14,0,5,23,10,38,22,0,22,60
07/30/2009,AHN,GA,ASO,ES,Federal Contract Tower,0,16,12,0,28,0,0,13,0,13,0,16,25,0,41,0,0,0,41
07/31/2009,AHN,GA,ASO,ES,Federal Contract Tower,0,8,8,1,17,0,0,7,0,7,0,8,15,1,24,0,0,0,24
08/01/2009,AHN,GA,ASO,ES,Federal Contract Tower,0,5,11,1,17,0,0,0,0,0,0,5,11,1,17,22,0,22,39
08/02/2009,AHN,GA,ASO,ES,Federal Contract Tower,0,4,26,4,34,0,0,7,3,10,0,4,33,7,44,8,0,8,52
08/03/2009,AHN,GA,ASO,ES,Federal Contract Tower,0,9,22,0,31,0,0,25,0,25,0,9,47,0,56,42,0,42,98
08/04/2009,AHN,GA,ASO,ES,Federal Contract Tower,0,12,16,4,32,0,8,39,2,49,0,20,55,6,81,92,22,114,195
08/05/2009,AHN,GA,ASO,ES,Federal Contract Tower,0,8,45,0,53,0,0,49,0,49,0,8,94,0,102,0,0,0,102
08/06/2009,AHN,GA,ASO,ES,Federal Contract Tower,0,12,24,1,37,0,1,35,1,37,0,13,59,2,74,42,0,42,116
08/07/2009,AHN,GA,ASO,ES,Federal Contract Tower,0,7,19,1,27,0,1,43,0,44,0,8,62,1,71,56,0,56,127
08/08/2009,AHN,GA,ASO,ES,Federal Contract Tower,0,6,21,1,28,0,3,49,0,52,0,9,70,1,80,98,0,98,178
08/09/2009,AHN,GA,ASO,ES,Federal Contract Tower,0,4,25,0,29,0,0,35,1,36,0,4,60,1,65,58,0,58,123
08/10/2009,AHN,GA,ASO,ES,Federal Contract Tower,0,10,16,0,26,0,1,30,0,31,0,11,46,0,57,20,0,20,77
08/11/2009,AHN,GA,ASO,ES,Federal Contract Tower,0,9,24,0,33,0,1,35,3,39,0,10,59,3,72,96,8,104,176
08/12/2009,AHN,GA,ASO,ES,Federal Contract Tower,0,14,41,0,55,0,5,9,0,14,0,19,50,0,69,40,0,40,109
08/13/2009,AHN,GA,ASO,ES,Federal Contract Tower,0,8,17,0,25,0,2,32,2,36,0,10,49,2,61,50,0,50,111
08/14/2009,AHN,GA,ASO,ES,Federal Contract Tower,0,7,12,0,19,0,0,24,0,24,0,7,36,0,43,20,0,20,63
08/15/2009,AHN,GA,ASO,ES,Federal Contract Tower,0,4,21,0,25,0,3,32,0,35,0,7,53,0,60,72,0,72,132
08/16/2009,AHN,GA,ASO,ES,Federal Contract Tower,0,4,24,0,28,0,0,13,0,13,0,4,37,0,41,18,0,18,59
08/17/2009,AHN,GA,ASO,ES,Federal Contract Tower,0,7,20,0,27,0,0,10,0,10,0,7,30,0,37,36,0,36,73
08/18/2009,AHN,GA,ASO,ES,Federal Contract Tower,0,11,19,0,30,0,2,12,0,14,0,13,31,0,44,66,0,66,110
08/19/2009,AHN,GA,ASO,ES,Federal Contract Tower,0,4,19,0,23,0,0,19,4,23,0,4,38,4,46,30,0,30,76
08/20/2009,AHN,GA,ASO,ES,Federal Contract Tower,0,7,25,2,34,0,0,17,4,21,0,7,42,6,55,32,8,40,95
08/21/2009,AHN,GA,ASO,ES,Federal Contract Tower,0,8,15,0,23,0,0,27,0,27,0,8,42,0,50,6,0,6,56
08/22/2009,AHN,GA,ASO,ES,Federal Contract Tower,0,4,24,0,28,0,0,63,0,63,0,4,87,0,91,92,0,92,183
08/23/2009,AHN,GA,ASO,ES,Federal Contract Tower,0,4,16,0,20,0,0,45,0,45,0,4,61,0,65,36,0,36,101
08/24/2009,AHN,GA,ASO,ES,Federal Contract Tower,0,9,17,0,26,0,1,48,0,49,0,10,65,0,75,70,0,70,145
08/25/2009,AHN,GA,ASO,ES,Federal Contract Tower,0,11,11,2,24,0,1,26,1,28,0,12,37,3,52,30,0,30,82
08/26/2009,AHN,GA,ASO,ES,Federal Contract Tower,0,11,17,0,28,0,1,57,0,58,0,12,74,0,86,68,0,68,154
08/27/2009,AHN,GA,ASO,ES,Federal Contract Tower,0,8,18,0,26,0,1,24,2,27,0,9,42,2,53,40,0,40,93
08/28/2009,AHN,GA,ASO,ES,Federal Contract Tower,0,7,16,0,23,0,2,9,0,11,0,9,25,0,34,8,0,8,42
08/29/2009,AHN,GA,ASO,ES,Federal Contract Tower,0,5,17,0,22,0,0,33,0,33,0,5,50,0,55,16,0,16,71
08/30/2009,AHN,GA,ASO,ES,Federal Contract Tower,0,5,11,0,16,0,0,6,0,6,0,5,17,0,22,2,0,2,24
08/31/2009,AHN,GA,ASO,ES,Federal Contract Tower,0,8,24,0,32,0,0,0,0,0,0,8,24,0,32,10,0,10,42
09/01/2009,AHN,GA,ASO,ES,Federal Contract Tower,0,13,18,0,31,0,1,13,0,14,0,14,31,0,45,12,0,12,57
09/02/2009,AHN,GA,ASO,ES,Federal Contract Tower,0,9,11,4,24,0,4,43,0,47,0,13,54,4,71,26,6,32,103
09/03/2009,AHN,GA,ASO,ES,Federal Contract Tower,0,5,27,0,32,0,1,48,2,51,0,6,75,2,83,58,4,62,145
09/04/2009,AHN,GA,ASO,ES,Federal Contract Tower,0,8,33,0,41,0,1,56,0,57,0,9,89,0,98,50,0,50,148
09/05/2009,AHN,GA,ASO,ES,Federal Contract Tower,0,4,13,0,17,0,0,61,8,69,0,4,74,8,86,68,0,68,154
09/06/2009,AHN,GA,ASO,ES,Federal Contract Tower,0,4,10,1,15,0,24,6,0,30,0,28,16,1,45,42,0,42,87
09/07/2009,AHN,GA,ASO,ES,Federal Contract Tower,0,7,20,0,27,0,4,40,0,44,0,11,60,0,71,58,0,58,129
09/08/2009,AHN,GA,ASO,ES,Federal Contract Tower,0,7,27,0,34,0,0,20,2,22,0,7,47,2,56,22,0,22,78
09/09/2009,AHN,GA,ASO,ES,Federal Contract Tower,0,11,28,3,42,0,0,22,7,29,0,11,50,10,71,84,0,84,155
09/10/2009,AHN,GA,ASO,ES,Federal Contract Tower,0,11,56,2,69,0,0,5,5,10,0,11,61,7,79,16,0,16,95
09/11/2009,AHN,GA,ASO,ES,Federal Contract Tower,0,7,57,3,67,0,2,17,1,20,0,9,74,4,87,14,0,14,101
09/12/2009,AHN,GA,ASO,ES,Federal Contract Tower,0,18,83,1,102,0,0,74,2,76,0,18,157,3,178,180,4,184,362
09/13/2009,AHN,GA,ASO,ES,Federal Contract Tower,0,11,35,2,48,0,0,39,5,44,0,11,74,7,92,44,2,46,138
09/14/2009,AHN,GA,ASO,ES,Federal Contract Tower,0,9,15,2,26,0,0,30,4,34,0,9,45,6,60,16,0,16,76
09/15/2009,AHN,GA,ASO,ES,Federal Contract Tower,0,14,9,0,23,0,1,19,2,22,0,15,28,2,45,26,0,26,71
09/16/2009,AHN,GA,ASO,ES,Federal Contract Tower,0,7,19,2,28,0,0,14,2,16,0,7,33,4,44,26,0,26,70
09/17/2009,AHN,GA,ASO,ES,Federal Contract Tower,0,10,21,4,35,0,0,1,0,1,0,10,22,4,36,0,0,0,36
09/18/2009,AHN,GA,ASO,ES,Federal Contract Tower,0,15,29,12,56,0,0,5,0,5,0,15,34,12,61,8,4,12,73
09/19/2009,AHN,GA,ASO,ES,Federal Contract Tower,0,8,13,0,21,0,0,0,0,0,0,8,13,0,21,6,0,6,27
09/20/2009,AHN,GA,ASO,ES,Federal Contract Tower,0,5,31,2,38,0,0,0,0,0,0,5,31,2,38,4,0,4,42
09/21/2009,AHN,GA,ASO,ES,Federal Contract Tower,0,11,16,0,27,0,0,0,0,0,0,11,16,0,27,2,0,2,29
09/22/2009,AHN,GA,ASO,ES,Federal Contract Tower,0,8,27,2,37,0,0,29,2,31,0,8,56,4,68,36,0,36,104
09/23/2009,AHN,GA,ASO,ES,Federal Contract Tower,0,14,19,4,37,0,0,13,4,17,0,14,32,8,54,58,6,64,118
09/24/2009,AHN,GA,ASO,ES,Federal Contract Tower,0,17,26,7,50,0,1,25,3,29,0,18,51,10,79,58,4,62,141
09/25/2009,AHN,GA,ASO,ES,Federal Contract Tower,0,8,27,14,49,0,0,40,5,45,0,8,67,19,94,26,2,28,122
09/26/2009,AHN,GA,ASO,ES,Federal Contract Tower,0,15,33,1,49,0,0,0,0,0,0,15,33,1,49,0,0,0,49
09/27/2009,AHN,GA,ASO,ES,Federal Contract Tower,0,5,40,12,57,0,30,6,0,36,0,35,46,12,93,18,4,22,115
09/28/2009,AHN,GA,ASO,ES,Federal Contract Tower,0,11,19,4,34,0,0,16,2,18,0,11,35,6,52,8,0,8,60
09/29/2009,AHN,GA,ASO,ES,Federal Contract Tower,0,8,10,1,19,0,0,41,3,44,0,8,51,4,63,44,2,46,109
09/30/2009,AHN,GA,ASO,ES,Federal Contract Tower,0,9,20,6,35,0,4,61,0,65,0,13,81,6,100,52,42,94,194
10/01/2009,AHN,GA,ASO,ES,Federal Contract Tower,0,11,30,1,42,0,1,57,3,61,0,12,87,4,103,72,4,76,179
10/02/2009,AHN,GA,ASO,ES,Federal Contract Tower,0,14,38,6,58,0,0,58,3,61,0,14,96,9,119,52,4,56,175
10/03/2009,AHN,GA,ASO,ES,Federal Contract Tower,0,31,111,0,142,0,1,87,0,88,0,32,198,0,230,204,0,204,434
10/04/2009,AHN,GA,ASO,ES,Federal Contract Tower,0,13,49,5,67,0,1,31,5,37,0,14,80,10,104,50,2,52,156
10/05/2009,AHN,GA,ASO,ES,Federal Contract Tower,0,6,29,0,35,0,0,0,0,0,0,6,29,0,35,10,0,10,45
10/06/2009,AHN,GA,ASO,ES,Federal Contract Tower,0,11,18,0,29,0,0,1,2,3,0,11,19,2,32,2,18,20,52
10/07/2009,AHN,GA,ASO,ES,Federal Contract Tower,0,9,18,2,29,0,0,22,2,24,0,9,40,4,53,36,0,36,89
10/08/2009,AHN,GA,ASO,ES,Federal Contract Tower,0,11,26,0,37,0,1,49,0,50,0,12,75,0,87,40,0,40,127
10/09/2009,AHN,GA,ASO,ES,Federal Contract Tower,0,7,16,34,57,0,0,7,0,7,0,7,23,34,64,28,4,32,96
10/10/2009,AHN,GA,ASO,ES,Federal Contract Tower,0,15,12,12,39,0,0,23,8,31,0,15,35,20,70,10,12,22,92
10/11/2009,AHN,GA,ASO,ES,Federal Contract Tower,0,4,34,5,43,0,0,33,0,33,0,4,67,5,76,32,0,32,108
10/12/2009,AHN,GA,ASO,ES,Federal Contract Tower,0,13,12,0,25,0,0,0,0,0,0,13,12,0,25,0,0,0,25
10/13/2009,AHN,GA,ASO,ES,Federal Contract Tower,0,9,35,3,47,0,0,28,1,29,0,9,63,4,76,60,2,62,138
10/14/2009,AHN,GA,ASO,ES,Federal Contract Tower,0,7,22,0,29,0,0,0,0,0,0,7,22,0,29,0,0,0,29
10/15/2009,AHN,GA,ASO,ES,Federal Contract Tower,0,11,16,0,27,0,0,6,0,6,0,11,22,0,33,2,0,2,35
10/16/2009,AHN,GA,ASO,ES,Federal Contract Tower,0,8,35,10,53,0,0,15,0,15,0,8,50,10,68,22,4,26,94
10/17/2009,AHN,GA,ASO,ES,Federal Contract Tower,0,12,22,0,34,0,0,2,0,2,0,12,24,0,36,0,0,0,36
10/18/2009,AHN,GA,ASO,ES,Federal Contract Tower,0,7,32,3,42,0,0,29,1,30,0,7,61,4,72,20,12,32,104
10/19/2009,AHN,GA,ASO,ES,Federal Contract Tower,0,3,30,0,33,0,0,40,0,40,0,3,70,0,73,88,0,88,161
10/20/2009,AHN,GA,ASO,ES,Federal Contract Tower,0,12,13,0,25,0,2,48,0,50,0,14,61,0,75,82,0,82,157
10/21/2009,AHN,GA,ASO,ES,Federal Contract Tower,0,11,26,0,37,0,3,36,6,45,0,14,62,6,82,22,0,22,104
10/22/2009,AHN,GA,ASO,ES,Federal Contract Tower,0,9,31,0,40,0,3,39,5,47,0,12,70,5,87,58,0,58,145
10/23/2009,AHN,GA,ASO,ES,Federal Contract Tower,0,12,33,0,45,0,0,5,2,7,0,12,38,2,52,4,12,16,68
10/24/2009,AHN,GA,ASO,ES,Federal Contract Tower,0,4,7,0,11,0,0,21,0,21,0,4,28,0,32,8,0,8,40
10/25/2009,AHN,GA,ASO,ES,Federal Contract Tower,0,8,21,0,29,0,0,59,1,60,0,8,80,1,89,76,0,76,165
10/26/2009,AHN,GA,ASO,ES,Federal Contract Tower,0,7,12,0,19,0,0,28,0,28,0,7,40,0,47,72,0,72,119
10/27/2009,AHN,GA,ASO,ES,Federal Contract Tower,0,6,21,0,27,0,0,0,0,0,0,6,21,0,27,4,0,4,31
10/28/2009,AHN,GA,ASO,ES,Federal Contract Tower,0,10,40,0,50,0,0,41,0,41,0,10,81,0,91,70,0,70,161
10/29/2009,AHN,GA,ASO,ES,Federal Contract Tower,0,12,17,5,34,0,0,49,0,49,0,12,66,5,83,54,0,54,137
10/30/2009,AHN,GA,ASO,ES,Federal Contract Tower,0,9,17,4,30,0,0,4,0,4,0,9,21,4,34,0,2,2,36
10/31/2009,AHN,GA,ASO,ES,Federal Contract Tower,0,4,16,0,20,0,0,1,0,1,0,4,17,0,21,0,0,0,21
11/01/2009,AHN,GA,ASO,ES,Federal Contract Tower,0,6,37,0,43,0,0,42,2,44,0,6,79,2,87,62,0,62,149
11/02/2009,AHN,GA,ASO,ES,Federal Contract Tower,0,15,22,4,41,0,0,21,0,21,0,15,43,4,62,84,0,84,146
11/03/2009,AHN,GA,ASO,ES,Federal Contract Tower,0,8,16,0,24,0,4,47,1,52,0,12,63,1,76,64,0,64,140
11/04/2009,AHN,GA,ASO,ES,Federal Contract Tower,0,7,20,0,27,0,0,55,2,57,0,7,75,2,84,54,0,54,138
11/05/2009,AHN,GA,ASO,ES,Federal Contract Tower,0,10,32,4,46,0,1,36,2,39,0,11,68,6,85,64,4,68,153
11/06/2009,AHN,GA,ASO,ES,Federal Contract Tower,0,8,25,0,33,0,0,48,1,49,0,8,73,1,82,30,0,30,112
11/07/2009,AHN,GA,ASO,ES,Federal Contract Tower,0,4,28,2,34,0,0,65,0,65,0,4,93,2,99,126,20,146,245
11/08/2009,AHN,GA,ASO,ES,Federal Contract Tower,0,7,30,1,38,0,0,43,4,47,0,7,73,5,85,58,0,58,143
11/09/2009,AHN,GA,ASO,ES,Federal Contract Tower,0,7,30,3,40,0,0,25,0,25,0,7,55,3,65,28,0,28,93
11/10/2009,AHN,GA,ASO,ES,Federal Contract Tower,0,8,1,0,9,0,0,0,0,0,0,8,1,0,9,0,0,0,9
11/11/2009,AHN,GA,ASO,ES,Federal Contract Tower,0,2,14,0,16,0,0,3,0,3,0,2,17,0,19,24,0,24,43
11/12/2009,AHN,GA,ASO,ES,Federal Contract Tower,0,8,40,0,48,0,2,34,2,38,0,10,74,2,86,18,0,18,104
11/13/2009,AHN,GA,ASO,ES,Federal Contract Tower,0,8,41,16,65,0,2,47,1,50,0,10,88,17,115,48,2,50,165
11/14/2009,AHN,GA,ASO,ES,Federal Contract Tower,0,13,68,4,85,0,1,106,1,108,0,14,174,5,193,258,0,258,451
11/15/2009,AHN,GA,ASO,ES,Federal Contract Tower,0,10,43,8,61,0,0,56,1,57,0,10,99,9,118,82,0,82,200
11/16/2009,AHN,GA,ASO,ES,Federal Contract Tower,0,12,22,0,34,0,0,56,0,56,0,12,78,0,90,82,0,82,172
11/17/2009,AHN,GA,ASO,ES,Federal Contract Tower,0,4,25,0,29,0,2,5,0,7,0,6,30,0,36,10,0,10,46
11/18/2009,AHN,GA,ASO,ES,Federal Contract Tower,0,14,27,0,41,0,0,0,0,0,0,14,27,0,41,0,0,0,41
11/19/2009,AHN,GA,ASO,ES,Federal Contract Tower,0,10,38,0,48,0,1,20,6,27,0,11,58,6,75,28,0,28,103
11/20/2009,AHN,GA,ASO,ES,Federal Contract Tower,0,11,28,7,46,0,3,51,3,57,0,14,79,10,103,82,2,84,187
11/21/2009,AHN,GA,ASO,ES,Federal Contract Tower,0,9,19,0,28,0,0,40,0,40,0,9,59,0,68,142,0,142,210
11/22/2009,AHN,GA,ASO,ES,Federal Contract Tower,0,8,48,0,56,0,0,3,0,3,0,8,51,0,59,4,0,4,63
11/23/2009,AHN,GA,ASO,ES,Federal Contract Tower,0,9,22,0,31,0,0,0,0,0,0,9,22,0,31,0,0,0,31
11/24/2009,AHN,GA,ASO,ES,Federal Contract Tower,0,7,52,0,59,0,0,15,0,15,0,7,67,0,74,36,0,36,110
11/25/2009,AHN,GA,ASO,ES,Federal Contract Tower,0,7,33,0,40,0,2,26,0,28,0,9,59,0,68,38,0,38,106
11/26/2009,AHN,GA,ASO,ES,Federal Contract Tower,0,6,3,0,9,0,0,11,0,11,0,6,14,0,20,0,0,0,20
11/27/2009,AHN,GA,ASO,ES,Federal Contract Tower,0,10,15,0,25,0,0,17,0,17,0,10,32,0,42,10,0,10,52
11/28/2009,AHN,GA,ASO,ES,Federal Contract Tower,0,4,12,0,16,0,0,42,0,42,0,4,54,0,58,58,0,58,116
11/29/2009,AHN,GA,ASO,ES,Federal Contract Tower,0,8,25,0,33,0,0,40,0,40,0,8,65,0,73,66,0,66,139
11/30/2009,AHN,GA,ASO,ES,Federal Contract Tower,0,9,20,0,29,0,0,2,0,2,0,9,22,0,31,10,0,10,41
12/01/2009,AHN,GA,ASO,ES,Federal Contract Tower,0,7,32,0,39,0,2,33,0,35,0,9,65,0,74,40,0,40,114
12/02/2009,AHN,GA,ASO,ES,Federal Contract Tower,0,5,8,0,13,0,0,0,0,0,0,5,8,0,13,0,0,0,13
12/03/2009,AHN,GA,ASO,ES,Federal Contract Tower,0,9,29,1,39,0,4,27,3,34,0,13,56,4,73,40,0,40,113
12/04/2009,AHN,GA,ASO,ES,Federal Contract Tower,0,11,10,7,28,0,2,37,2,41,0,13,47,9,69,50,22,72,141
12/05/2009,AHN,GA,ASO,ES,Federal Contract Tower,0,6,4,0,10,0,0,14,0,14,0,6,18,0,24,36,0,36,60
12/06/2009,AHN,GA,ASO,ES,Federal Contract Tower,0,8,19,0,27,0,0,27,0,27,0,8,46,0,54,10,0,10,64
12/07/2009,AHN,GA,ASO,ES,Federal Contract Tower,0,7,15,0,22,0,2,8,0,10,0,9,23,0,32,28,0,28,60
12/08/2009,AHN,GA,ASO,ES,Federal Contract Tower,0,7,7,2,16,0,2,0,0,2,0,9,7,2,18,0,0,0,18
12/09/2009,AHN,GA,ASO,ES,Federal Contract Tower,0,8,8,0,16,0,3,5,0,8,0,11,13,0,24,6,0,6,30
12/10/2009,AHN,GA,ASO,ES,Federal Contract Tower,0,5,7,6,18,0,4,24,1,29,0,9,31,7,47,46,0,46,93
12/11/2009,AHN,GA,ASO,ES,Federal Contract Tower,0,6,17,6,29,0,11,43,0,54,0,17,60,6,83,70,0,70,153
12/12/2009,AHN,GA,ASO,ES,Federal Contract Tower,0,5,8,2,15,0,0,5,4,9,0,5,13,6,24,12,0,12,36
12/13/2009,AHN,GA,ASO,ES,Federal Contract Tower,0,4,6,0,10,0,0,0,0,0,0,4,6,0,10,0,0,0,10
12/14/2009,AHN,GA,ASO,ES,Federal Contract Tower,0,2,3,0,5,0,0,0,0,0,0,2,3,0,5,0,0,0,5
12/15/2009,AHN,GA,ASO,ES,Federal Contract Tower,0,10,16,0,26,0,0,1,0,1,0,10,17,0,27,6,0,6,33
12/16/2009,AHN,GA,ASO,ES,Federal Contract Tower,0,6,15,2,23,0,3,43,0,46,0,9,58,2,69,20,2,22,91
12/17/2009,AHN,GA,ASO,ES,Federal Contract Tower,0,7,17,0,24,0,2,48,8,58,0,9,65,8,82,104,2,106,188
12/18/2009,AHN,GA,ASO,ES,Federal Contract Tower,0,6,1,1,8,0,0,0,0,0,0,6,1,1,8,0,0,0,8
12/19/2009,AHN,GA,ASO,ES,Federal Contract Tower,0,4,15,0,19,0,0,11,0,11,0,4,26,0,30,4,0,4,34
12/20/2009,AHN,GA,ASO,ES,Federal Contract Tower,0,6,12,0,18,0,31,26,0,57,0,37,38,0,75,14,0,14,89
12/21/2009,AHN,GA,ASO,ES,Federal Contract Tower,0,6,18,0,24,0,6,29,0,35,0,12,47,0,59,28,0,28,87
12/22/2009,AHN,GA,ASO,ES,Federal Contract Tower,0,6,9,2,17,0,2,41,0,43,0,8,50,2,60,28,2,30,90
12/23/2009,AHN,GA,ASO,ES,Federal Contract Tower,0,5,18,0,23,0,0,13,0,13,0,5,31,0,36,10,0,10,46
12/24/2009,AHN,GA,ASO,ES,Federal Contract Tower,0,6,5,0,11,0,0,4,0,4,0,6,9,0,15,0,0,0,15
12/25/2009,AHN,GA,ASO,ES,Federal Contract Tower,0,6,6,0,12,0,3,2,0,5,0,9,8,0,17,0,0,0,17
12/26/2009,AHN,GA,ASO,ES,Federal Contract Tower,0,4,16,6,26,0,0,26,0,26,0,4,42,6,52,20,0,20,72
12/27/2009,AHN,GA,ASO,ES,Federal Contract Tower,0,6,16,0,22,0,0,20,0,20,0,6,36,0,42,4,0,4,46
12/28/2009,AHN,GA,ASO,ES,Federal Contract Tower,0,6,11,0,17,0,2,8,0,10,0,8,19,0,27,0,0,0,27
12/29/2009,AHN,GA,ASO,ES,Federal Contract Tower,0,5,15,2,22,0,2,38,0,40,0,7,53,2,62,42,0,42,104
12/30/2009,AHN,GA,ASO,ES,Federal Contract Tower,0,5,27,0,32,0,2,30,0,32,0,7,57,0,64,36,0,36,100
12/31/2009,AHN,GA,ASO,ES,Federal Contract Tower,0,4,7,0,11,0,0,0,0,0,0,4,7,0,11,0,0,0,11
01/01/2010,AHN,GA,ASO,ES,Federal Contract Tower,0,4,4,0,8,0,0,6,0,6,0,4,10,0,14,12,0,12,26
01/02/2010,AHN,GA,ASO,ES,Federal Contract Tower,0,7,13,0,20,0,0,20,0,20,0,7,33,0,40,48,0,48,88
01/03/2010,AHN,GA,ASO,ES,Federal Contract Tower,0,7,20,0,27,0,5,29,0,34,0,12,49,0,61,78,0,78,139
01/04/2010,AHN,GA,ASO,ES,Federal Contract Tower,0,4,6,0,10,0,2,20,0,22,0,6,26,0,32,38,0,38,70
01/05/2010,AHN,GA,ASO,ES,Federal Contract Tower,0,7,10,0,17,0,2,27,0,29,0,9,37,0,46,2,0,2,48
01/06/2010,AHN,GA,ASO,ES,Federal Contract Tower,0,8,24,0,32,0,3,38,0,41,0,11,62,0,73,14,0,14,87
01/07/2010,AHN,GA,ASO,ES,Federal Contract Tower,0,8,3,0,11,0,1,12,0,13,0,9,15,0,24,62,0,62,86
01/08/2010,AHN,GA,ASO,ES,Federal Contract Tower,0,8,12,4,24,0,0,12,5,17,0,8,24,9,41,10,4,14,55
01/09/2010,AHN,GA,ASO,ES,Federal Contract Tower,0,7,19,0,26,0,0,18,0,18,0,7,37,0,44,16,0,16,60
01/10/2010,AHN,GA,ASO,ES,Federal Contract Tower,0,4,17,2,23,0,0,40,5,45,0,4,57,7,68,66,0,66,134
01/11/2010,AHN,GA,ASO,ES,Federal Contract Tower,0,6,7,0,13,0,0,32,2,34,0,6,39,2,47,52,0,52,99
01/12/2010,AHN,GA,ASO,ES,Federal Contract Tower,0,9,15,6,30,0,0,23,0,23,0,9,38,6,53,36,6,42,95
01/13/2010,AHN,GA,ASO,ES,Federal Contract Tower,0,9,23,0,32,0,2,43,0,45,0,11,66,0,77,58,0,58,135
01/14/2010,AHN,GA,ASO,ES,Federal Contract Tower,0,11,18,4,33,0,3,38,0,41,0,14,56,4,74,64,0,64,138
01/15/2010,AHN,GA,ASO,ES,Federal Contract Tower,0,11,13,10,34,0,43,2,0,45,0,54,15,10,79,66,6,72,151
01/16/2010,AHN,GA,ASO,ES,Federal Contract Tower,0,8,19,0,27,0,0,5,0,5,0,8,24,0,32,10,0,10,42
01/17/2010,AHN,GA,ASO,ES,Federal Contract Tower,0,6,15,0,21,0,0,0,0,0,0,6,15,0,21,6,0,6,27
01/18/2010,AHN,GA,ASO,ES,Federal Contract Tower,0,5,19,0,24,0,1,32,0,33,0,6,51,0,57,82,0,82,139
01/19/2010,AHN,GA,ASO,ES,Federal Contract Tower,0,7,8,0,15,0,1,53,0,54,0,8,61,0,69,102,0,102,171
01/20/2010,AHN,GA,ASO,ES,Federal Contract Tower,0,8,16,2,26,0,0,25,0,25,0,8,41,2,51,32,0,32,83
01/21/2010,AHN,GA,ASO,ES,Federal Contract Tower,0,6,12,0,18,0,0,0,0,0,0,6,12,0,18,0,0,0,18
01/22/2010,AHN,GA,ASO,ES,Federal Contract Tower,0,9,31,2,42,0,0,0,0,0,0,9,31,2,42,0,0,0,42
01/23/2010,AHN,GA,ASO,ES,Federal Contract Tower,0,8,38,2,48,0,0,0,0,0,0,8,38,2,48,6,0,6,54
01/24/2010,AHN,GA,ASO,ES,Federal Contract Tower,0,10,0,0,10,0,0,0,0,0,0,10,0,0,10,2,0,2,12
01/25/2010,AHN,GA,ASO,ES,Federal Contract Tower,0,6,24,0,30,0,4,21,0,25,0,10,45,0,55,42,0,42,97
01/26/2010,AHN,GA,ASO,ES,Federal Contract Tower,0,13,28,2,43,0,1,28,8,37,0,14,56,10,80,46,0,46,126
01/27/2010,AHN,GA,ASO,ES,Federal Contract Tower,0,9,24,3,36,0,1,57,1,59,0,10,81,4,95,126,0,126,221
01/28/2010,AHN,GA,ASO,ES,Federal Contract Tower,0,8,25,2,35,0,0,48,1,49,0,8,73,3,84,162,0,162,246
01/29/2010,AHN,GA,ASO,ES,Federal Contract Tower,0,5,23,7,35,0,0,13,0,13,0,5,36,7,48,51,4,55,103
01/30/2010,AHN,GA,ASO,ES,Federal Contract Tower,0,2,2,0,4,0,0,0,0,0,0,2,2,0,4,0,0,0,4
01/31/2010,AHN,GA,ASO,ES,Federal Contract Tower,0,5,13,0,18,0,0,34,4,38,0,5,47,4,56,22,0,22,78
02/01/2010,AHN,GA,ASO,ES,Federal Contract Tower,0,8,18,0,26,0,0,30,0,30,0,8,48,0,56,48,0,48,104
02/02/2010,AHN,GA,ASO,ES,Federal Contract Tower,0,7,22,2,31,0,0,0,0,0,0,7,22,2,31,16,0,16,47
02/03/2010,AHN,GA,ASO,ES,Federal Contract Tower,0,9,15,0,24,0,0,49,3,52,0,9,64,3,76,104,0,104,180
02/04/2010,AHN,GA,ASO,ES,Federal Contract Tower,0,4,12,0,16,0,0,4,4,8,0,4,16,4,24,16,0,16,40
02/05/2010,AHN,GA,ASO,ES,Federal Contract Tower,0,5,7,0,12,0,0,0,0,0,0,5,7,0,12,0,0,0,12
02/06/2010,AHN,GA,ASO,ES,Federal Contract Tower,0,4,9,0,13,0,2,2,0,4,0,6,11,0,17,18,2,20,37
02/07/2010,AHN,GA,ASO,ES,Federal Contract Tower,0,5,11,0,16,0,8,24,0,32,0,13,35,0,48,24,0,24,72
02/08/2010,AHN,GA,ASO,ES,Federal Contract Tower,0,6,23,0,29,0,1,45,0,46,0,7,68,0,75,84,0,84,159
02/09/2010,AHN,GA,ASO,ES,Federal Contract Tower,0,6,12,0,18,0,0,0,0,0,0,6,12,0,18,4,0,4,22
02/10/2010,AHN,GA,ASO,ES,Federal Contract Tower,0,10,13,0,23,0,0,12,0,12,0,10,25,0,35,20,0,20,55
02/11/2010,AHN,GA,ASO,ES,Federal Contract Tower,0,17,20,0,37,0,0,41,2,43,0,17,61,2,80,88,0,88,168
02/12/2010,AHN,GA,ASO,ES,Federal Contract Tower,0,4,2,0,6,0,0,2,0,2,0,4,4,0,8,12,0,12,20
02/13/2010,AHN,GA,ASO,ES,Federal Contract Tower,0,4,5,0,9,0,2,25,0,27,0,6,30,0,36,8,0,8,44
02/14/2010,AHN,GA,ASO,ES,Federal Contract Tower,0,12,15,0,27,0,1,22,0,23,0,13,37,0,50,62,0,62,112
02/15/2010,AHN,GA,ASO,ES,Federal Contract Tower,0,7,6,0,13,0,0,10,2,12,0,7,16,2,25,10,0,10,35
02/16/2010,AHN,GA,ASO,ES,Federal Contract Tower,0,8,12,0,20,0,0,19,0,19,0,8,31,0,39,32,0,32,71
02/17/2010,AHN,GA,ASO,ES,Federal Contract Tower,0,10,27,0,37,0,4,28,4,36,0,14,55,4,73,22,0,22,95
02/18/2010,AHN,GA,ASO,ES,Federal Contract Tower,0,8,20,2,30,0,3,54,2,59,0,11,74,4,89,64,2,66,155
02/19/2010,AHN,GA,ASO,ES,Federal Contract Tower,0,10,29,6,45,0,0,62,9,71,0,10,91,15,116,106,6,112,228
02/20/2010,AHN,GA,ASO,ES,Federal Contract Tower,0,8,29,0,37,0,6,56,0,62,0,14,85,0,99,141,0,141,240
02/21/2010,AHN,GA,ASO,ES,Federal Contract Tower,0,6,24,0,30,0,0,45,4,49,0,6,69,4,79,44,0,44,123
02/22/2010,AHN,GA,ASO,ES,Federal Contract Tower,0,5,21,0,26,0,0,0,0,0,0,5,21,0,26,12,0,12,38
02/23/2010,AHN,GA,ASO,ES,Federal Contract Tower,0,4,35,4,43,0,2,31,8,41,0,6,66,12,84,52,10,62,146
02/24/2010,AHN,GA,ASO,ES,Federal Contract Tower,0,9,14,3,26,0,1,13,4,18,0,10,27,7,44,32,6,38,82
02/25/2010,AHN,GA,ASO,ES,Federal Contract Tower,0,5,18,0,23,0,2,27,0,29,0,7,45,0,52,20,0,20,72
02/26/2010,AHN,GA,ASO,ES,Federal Contract Tower,0,8,20,2,30,0,0,40,2,42,0,8,60,4,72,46,6,52,124
02/27/2010,AHN,GA,ASO,ES,Federal Contract Tower,0,7,19,0,26,0,3,43,0,46,0,10,62,0,72,54,0,54,126
02/28/2010,AHN,GA,ASO,ES,Federal Contract Tower,0,4,20,0,24,0,2,25,0,27,0,6,45,0,51,36,0,36,87
03/01/2010,AHN,GA,ASO,ES,Federal Contract Tower,0,6,19,0,25,0,0,54,4,58,0,6,73,4,83,116,0,116,199
03/02/2010,AHN,GA,ASO,ES,Federal Contract Tower,0,0,9,0,9,0,0,0,0,0,0,0,9,0,9,0,0,0,9
03/03/2010,AHN,GA,ASO,ES,Federal Contract Tower,0,9,21,0,30,0,0,18,4,22,0,9,39,4,52,26,0,26,78
03/04/2010,AHN,GA,ASO,ES,Federal Contract Tower,0,6,17,8,31,0,0,37,10,47,0,6,54,18,78,28,10,38,116
03/05/2010,AHN,GA,ASO,ES,Federal Contract Tower,0,11,17,2,30,0,4,49,0,53,0,15,66,2,83,58,0,58,141
03/06/2010,AHN,GA,ASO,ES,Federal Contract Tower,0,13,28,0,41,0,1,91,0,92,0,14,119,0,133,156,0,156,289
03/07/2010,AHN,GA,ASO,ES,Federal Contract Tower,0,5,13,0,18,0,4,41,2,47,0,9,54,2,65,62,0,62,127
03/08/2010,AHN,GA,ASO,ES,Federal Contract Tower,0,2,31,4,37,0,0,67,0,67,0,2,98,4,104,48,0,48,152
03/09/2010,AHN,GA,ASO,ES,Federal Contract Tower,0,7,14,2,23,0,2,17,0,19,0,9,31,2,42,48,2,50,92
03/10/2010,AHN,GA,ASO,ES,Federal Contract Tower,0,9,10,0,19,0,0,0,0,0,0,9,10,0,19,0,0,0,19
03/11/2010,AHN,GA,ASO,ES,Federal Contract Tower,0,5,17,0,22,0,0,0,0,0,0,5,17,0,22,0,0,0,22
03/12/2010,AHN,GA,ASO,ES,Federal Contract Tower,0,8,2,0,10,0,0,0,0,0,0,8,2,0,10,0,0,0,10
03/13/2010,AHN,GA,ASO,ES,Federal Contract Tower,0,8,24,2,34,0,0,18,1,19,0,8,42,3,53,18,0,18,71
03/14/2010,AHN,GA,ASO,ES,Federal Contract Tower,0,4,30,0,34,0,1,13,0,14,0,5,43,0,48,0,0,0,48
03/15/2010,AHN,GA,ASO,ES,Federal Contract Tower,0,5,17,7,29,0,7,25,4,36,0,12,42,11,65,60,0,60,125
03/16/2010,AHN,GA,ASO,ES,Federal Contract Tower,0,6,17,2,25,0,1,35,2,38,0,7,52,4,63,36,4,40,103
03/17/2010,AHN,GA,ASO,ES,Federal Contract Tower,0,5,19,0,24,0,9,0,0,9,0,14,19,0,33,48,0,48,81
03/18/2010,AHN,GA,ASO,ES,Federal Contract Tower,0,6,13,0,19,0,0,30,2,32,0,6,43,2,51,28,0,28,79
03/19/2010,AHN,GA,ASO,ES,Federal Contract Tower,0,8,39,8,55,0,84,6,0,90,0,92,45,8,145,120,2,122,267
03/20/2010,AHN,GA,ASO,ES,Federal Contract Tower,0,4,21,6,31,0,2,49,7,58,0,6,70,13,89,96,26,122,211
03/21/2010,AHN,GA,ASO,ES,Federal Contract Tower,0,6,25,0,31,0,0,1,0,1,0,6,26,0,32,0,0,0,32
03/22/2010,AHN,GA,ASO,ES,Federal Contract Tower,0,10,19,3,32,0,0,6,8,14,0,10,25,11,46,0,0,0,46
03/23/2010,AHN,GA,ASO,ES,Federal Contract Tower,0,6,22,0,28,0,0,28,2,30,0,6,50,2,58,68,0,68,126
03/24/2010,AHN,GA,ASO,ES,Federal Contract Tower,0,7,35,2,44,0,2,50,0,52,0,9,85,2,96,98,0,98,194
03/25/2010,AHN,GA,ASO,ES,Federal Contract Tower,0,8,24,6,38,0,1,18,2,21,0,9,42,8,59,36,34,70,129
03/26/2010,AHN,GA,ASO,ES,Federal Contract Tower,0,10,16,0,26,0,0,18,1,19,0,10,34,1,45,10,0,10,55
03/27/2010,AHN,GA,ASO,ES,Federal Contract Tower,0,8,10,0,18,0,2,38,0,40,0,10,48,0,58,6,0,6,64
03/28/2010,AHN,GA,ASO,ES,Federal Contract Tower,0,5,28,7,40,0,0,1,3,4,0,5,29,10,44,4,0,4,48
03/29/2010,AHN,GA,ASO,ES,Federal Contract Tower,0,6,18,2,26,0,2,17,1,20,0,8,35,3,46,24,4,28,74
03/30/2010,AHN,GA,ASO,ES,Federal Contract Tower,0,7,16,2,25,0,1,38,3,42,0,8,54,5,67,62,0,62,129
03/31/2010,AHN,GA,ASO,ES,Federal Contract Tower,0,7,11,0,18,0,0,43,0,43,0,7,54,0,61,58,0,58,119
04/01/2010,AHN,GA,ASO,ES,Federal Contract Tower,0,8,32,0,40,0,2,42,4,48,0,10,74,4,88,54,0,54,142
04/02/2010,AHN,GA,ASO,ES,Federal Contract Tower,0,10,49,0,59,0,1,53,0,54,0,11,102,0,113,62,0,62,175
04/03/2010,AHN,GA,ASO,ES,Federal Contract Tower,0,6,17,0,23,0,1,47,0,48,0,7,64,0,71,36,0,36,107
04/04/2010,AHN,GA,ASO,ES,Federal Contract Tower,0,6,26,2,34,0,0,27,0,27,0,6,53,2,61,24,0,24,85
04/05/2010,AHN,GA,ASO,ES,Federal Contract Tower,0,6,24,0,30,0,0,39,0,39,0,6,63,0,69,38,0,38,107
04/06/2010,AHN,GA,ASO,ES,Federal Contract Tower,0,12,15,2,29,0,0,22,0,22,0,12,37,2,51,56,2,58,109
04/07/2010,AHN,GA,ASO,ES,Federal Contract Tower,0,6,19,0,25,0,0,23,0,23,0,6,42,0,48,68,0,68,116
04/08/2010,AHN,GA,ASO,ES,Federal Contract Tower,0,7,9,0,16,0,5,0,0,5,0,12,9,0,21,18,0,18,39
04/09/2010,AHN,GA,ASO,ES,Federal Contract Tower,0,8,24,0,32,0,0,57,0,57,0,8,81,0,89,80,0,80,169
04/10/2010,AHN,GA,ASO,ES,Federal Contract Tower,0,2,24,6,32,0,0,47,1,48,0,2,71,7,80,62,6,68,148
04/11/2010,AHN,GA,ASO,ES,Federal Contract Tower,0,5,26,4,35,0,1,49,0,50,0,6,75,4,85,30,2,32,117
04/12/2010,AHN,GA,ASO,ES,Federal Contract Tower,0,3,16,0,19,0,0,40,0,40,0,3,56,0,59,20,0,20,79
04/13/2010,AHN,GA,ASO,ES,Federal Contract Tower,0,3,13,0,16,0,0,42,2,44,0,3,55,2,60,48,0,48,108
04/14/2010,AHN,GA,ASO,ES,Federal Contract Tower,0,7,23,0,30,0,1,33,0,34,0,8,56,0,64,42,0,42,106
04/15/2010,AHN,GA,ASO,ES,Federal Contract Tower,0,8,26,2,36,0,2,48,1,51,0,10,74,3,87,66,0,66,153
04/16/2010,AHN,GA,ASO,ES,Federal Contract Tower,0,10,23,4,37,0,3,71,0,74,0,13,94,4,111,30,2,32,143
04/17/2010,AHN,GA,ASO,ES,Federal Contract Tower,0,8,23,1,32,0,3,64,0,67,0,11,87,1,99,60,6,66,165
04/18/2010,AHN,GA,ASO,ES,Federal Contract Tower,0,5,38,1,44,0,0,51,5,56,0,5,89,6,100,48,0,48,148
04/19/2010,AHN,GA,ASO,ES,Federal Contract Tower,0,9,22,0,31,0,1,28,2,31,0,10,50,2,62,46,0,46,108
04/20/2010,AHN,GA,ASO,ES,Federal Contract Tower,0,9,32,0,41,0,2,9,0,11,0,11,41,0,52,22,0,22,74
04/21/2010,AHN,GA,ASO,ES,Federal Contract Tower,0,6,37,0,43,0,0,34,0,34,0,6,71,0,77,38,0,38,115
04/22/2010,AHN,GA,ASO,ES,Federal Contract Tower,0,9,29,0,38,0,2,40,2,44,0,11,69,2,82,42,0,42,124
04/23/2010,AHN,GA,ASO,ES,Federal Contract Tower,0,6,25,2,33,0,4,48,1,53,0,10,73,3,86,50,0,50,136
04/24/2010,AHN,GA,ASO,ES,Federal Contract Tower,0,3,4,0,7,0,0,3,0,3,0,3,7,0,10,0,0,0,10
04/25/2010,AHN,GA,ASO,ES,Federal Contract Tower,0,4,16,6,26,0,0,10,0,10,0,4,26,6,36,8,8,16,52
04/26/2010,AHN,GA,ASO,ES,Federal Contract Tower,0,9,15,0,24,0,0,21,0,21,0,9,36,0,45,38,0,38,83
04/27/2010,AHN,GA,ASO,ES,Federal Contract Tower,0,8,17,2,27,0,0,15,0,15,0,8,32,2,42,10,0,10,52
04/28/2010,AHN,GA,ASO,ES,Federal Contract Tower,0,11,19,0,30,0,0,47,0,47,0,11,66,0,77,44,0,44,121
04/29/2010,AHN,GA,ASO,ES,Federal Contract Tower,0,8,28,2,38,0,1,53,12,66,0,9,81,14,104,80,2,82,186
04/30/2010,AHN,GA,ASO,ES,Federal Contract Tower,0,12,35,2,49,0,1,40,11,52,0,13,75,13,101,52,0,52,153
05/01/2010,AHN,GA,ASO,ES,Federal Contract Tower,0,3,41,0,44,0,0,2,0,2,0,3,43,0,46,10,0,10,56
05/02/2010,AHN,GA,ASO,ES,Federal Contract Tower,0,8,20,2,30,0,1,8,2,11,0,9,28,4,41,0,0,0,41
05/03/2010,AHN,GA,ASO,ES,Federal Contract Tower,0,3,12,0,15,0,0,0,0,0,0,3,12,0,15,0,0,0,15
05/04/2010,AHN,GA,ASO,ES,Federal Contract Tower,0,2,10,3,15,0,0,22,0,22,0,2,32,3,37,22,6,28,65
05/05/2010,AHN,GA,ASO,ES,Federal Contract Tower,0,4,19,0,23,0,1,31,0,32,0,5,50,0,55,44,0,44,99
05/06/2010,AHN,GA,ASO,ES,Federal Contract Tower,0,7,12,4,23,0,2,51,2,55,0,9,63,6,78,40,22,62,140
05/07/2010,AHN,GA,ASO,ES,Federal Contract Tower,0,8,32,9,49,0,0,51,0,51,0,8,83,9,100,82,4,86,186
05/08/2010,AHN,GA,ASO,ES,Federal Contract Tower,0,3,15,2,20,0,0,36,0,36,0,3,51,2,56,18,8,26,82
05/09/2010,AHN,GA,ASO,ES,Federal Contract Tower,0,4,8,2,14,0,2,34,0,36,0,6,42,2,50,30,0,30,80
05/10/2010,AHN,GA,ASO,ES,Federal Contract Tower,0,2,21,0,23,0,0,24,3,27,0,2,45,3,50,26,0,26,76
05/11/2010,AHN,GA,ASO,ES,Federal Contract Tower,0,3,20,2,25,0,0,23,0,23,0,3,43,2,48,22,2,24,72
05/12/2010,AHN,GA,ASO,ES,Federal Contract Tower,0,4,26,5,35,0,2,29,3,34,0,6,55,8,69,104,4,108,177
05/13/2010,AHN,GA,ASO,ES,Federal Contract Tower,0,6,28,0,34,0,0,39,6,45,0,6,67,6,79,90,8,98,177
05/14/2010,AHN,GA,ASO,ES,Federal Contract Tower,0,5,24,0,29,0,1,28,0,29,0,6,52,0,58,56,0,56,114
05/15/2010,AHN,GA,ASO,ES,Federal Contract Tower,0,5,10,0,15,0,0,27,0,27,0,5,37,0,42,98,0,98,140
05/16/2010,AHN,GA,ASO,ES,Federal Contract Tower,0,15,30,14,59,0,0,20,0,20,0,15,50,14,79,54,40,94,173
05/17/2010,AHN,GA,ASO,ES,Federal Contract Tower,0,4,19,4,27,0,2,8,5,15,0,6,27,9,42,14,0,14,56
05/18/2010,AHN,GA,ASO,ES,Federal Contract Tower,0,3,34,3,40,0,0,41,0,41,0,3,75,3,81,64,4,68,149
05/19/2010,AHN,GA,ASO,ES,Federal Contract Tower,0,4,30,2,36,0,0,41,0,41,0,4,71,2,77,24,0,24,101
05/20/2010,AHN,GA,ASO,ES,Federal Contract Tower,0,6,29,3,38,0,2,44,3,49,0,8,73,6,87,82,0,82,169
05/21/2010,AHN,GA,ASO,ES,Federal Contract Tower,0,8,16,0,24,0,0,2,0,2,0,8,18,0,26,0,0,0,26
05/22/2010,AHN,GA,ASO,ES,Federal Contract Tower,0,3,29,0,32,0,1,7,0,8,0,4,36,0,40,22,0,22,62
05/23/2010,AHN,GA,ASO,ES,Federal Contract Tower,0,9,18,0,27,0,1,44,0,45,0,10,62,0,72,72,0,72,144
05/24/2010,AHN,GA,ASO,ES,Federal Contract Tower,0,8,16,0,24,0,0,17,0,17,0,8,33,0,41,30,0,30,71
05/25/2010,AHN,GA,ASO,ES,Federal Contract Tower,0,4,16,7,27,0,2,23,4,29,0,6,39,11,56,56,38,94,150
05/26/2010,AHN,GA,ASO,ES,Federal Contract Tower,0,5,16,2,23,0,0,34,4,38,0,5,50,6,61,52,2,54,115
05/27/2010,AHN,GA,ASO,ES,Federal Contract Tower,0,6,18,2,26,0,0,53,0,53,0,6,71,2,79,44,0,44,123
05/28/2010,AHN,GA,ASO,ES,Federal Contract Tower,0,8,21,1,30,0,0,30,1,31,0,8,51,2,61,38,0,38,99
05/29/2010,AHN,GA,ASO,ES,Federal Contract Tower,0,2,20,3,25,0,2,14,0,16,0,4,34,3,41,34,0,34,75
05/30/2010,AHN,GA,ASO,ES,Federal Contract Tower,0,4,11,0,15,0,0,3,0,3,0,4,14,0,18,0,0,0,18
05/31/2010,AHN,GA,ASO,ES,Federal Contract Tower,0,3,16,0,19,0,0,0,0,0,0,3,16,0,19,2,0,2,21
06/01/2010,AHN,GA,ASO,ES,Federal Contract Tower,0,9,19,1,29,0,0,4,2,6,0,9,23,3,35,2,0,2,37
06/02/2010,AHN,GA,ASO,ES,Federal Contract Tower,0,7,17,2,26,0,2,16,0,18,0,9,33,2,44,38,2,40,84
06/03/2010,AHN,GA,ASO,ES,Federal Contract Tower,0,6,18,1,25,0,8,22,1,31,0,14,40,2,56,74,0,74,130
06/04/2010,AHN,GA,ASO,ES,Federal Contract Tower,0,7,14,0,21,0,0,13,2,15,0,7,27,2,36,32,0,32,68
06/05/2010,AHN,GA,ASO,ES,Federal Contract Tower,0,4,7,0,11,0,0,22,0,22,0,4,29,0,33,36,0,36,69
06/06/2010,AHN,GA,ASO,ES,Federal Contract Tower,0,7,21,0,28,0,0,13,0,13,0,7,34,0,41,38,0,38,79
06/07/2010,AHN,GA,ASO,ES,Federal Contract Tower,0,4,25,0,29,0,3,40,0,43,0,7,65,0,72,68,0,68,140
06/08/2010,AHN,GA,ASO,ES,Federal Contract Tower,0,7,10,3,20,0,5,44,14,63,0,12,54,17,83,24,0,24,107
06/09/2010,AHN,GA,ASO,ES,Federal Contract Tower,0,4,19,0,23,0,16,21,9,46,0,20,40,9,69,32,2,34,103
06/10/2010,AHN,GA,ASO,ES,Federal Contract Tower,0,4,15,5,24,0,11,31,17,59,0,15,46,22,83,62,10,72,155
06/11/2010,AHN,GA,ASO,ES,Federal Contract Tower,0,6,18,3,27,0,1,36,0,37,0,7,54,3,64,32,0,32,96
06/12/2010,AHN,GA,ASO,ES,Federal Contract Tower,0,6,12,0,18,0,0,41,0,41,0,6,53,0,59,56,0,56,115
06/13/2010,AHN,GA,ASO,ES,Federal Contract Tower,0,4,14,2,20,0,0,15,0,15,0,4,29,2,35,28,0,28,63
06/14/2010,AHN,GA,ASO,ES,Federal Contract Tower,0,4,14,2,20,0,0,19,0,19,0,4,33,2,39,18,2,20,59
06/15/2010,AHN,GA,ASO,ES,Federal Contract Tower,0,5,16,1,22,0,0,24,3,27,0,5,40,4,49,52,0,52,101
06/16/2010,AHN,GA,ASO,ES,Federal Contract Tower,0,6,15,0,21,0,2,38,0,40,0,8,53,0,61,46,0,46,107
06/17/2010,AHN,GA,ASO,ES,Federal Contract Tower,0,7,18,2,27,0,2,31,0,33,0,9,49,2,60,26,0,26,86
06/18/2010,AHN,GA,ASO,ES,Federal Contract Tower,0,4,16,2,22,0,1,30,6,37,0,5,46,8,59,26,0,26,85
06/19/2010,AHN,GA,ASO,ES,Federal Contract Tower,0,3,7,0,10,0,0,55,0,55,0,3,62,0,65,38,0,38,103
06/20/2010,AHN,GA,ASO,ES,Federal Contract Tower,0,2,21,0,23,0,1,24,6,31,0,3,45,6,54,26,0,26,80
06/21/2010,AHN,GA,ASO,ES,Federal Contract Tower,0,2,16,8,26,0,9,28,0,37,0,11,44,8,63,90,0,90,153
06/22/2010,AHN,GA,ASO,ES,Federal Contract Tower,0,6,15,0,21,0,1,29,1,31,0,7,44,1,52,30,6,36,88
06/23/2010,AHN,GA,ASO,ES,Federal Contract Tower,0,4,11,1,16,0,0,36,4,40,0,4,47,5,56,6,0,6,62
06/24/2010,AHN,GA,ASO,ES,Federal Contract Tower,0,4,28,0,32,0,1,27,0,28,0,5,55,0,60,30,0,30,90
06/25/2010,AHN,GA,ASO,ES,Federal Contract Tower,0,3,16,2,21,0,7,21,0,28,0,10,37,2,49,42,0,42,91
06/26/2010,AHN,GA,ASO,ES,Federal Contract Tower,0,6,15,0,21,0,2,23,0,25,0,8,38,0,46,28,0,28,74
06/27/2010,AHN,GA,ASO,ES,Federal Contract Tower,0,4,14,0,18,0,0,19,0,19,0,4,33,0,37,32,0,32,69
06/28/2010,AHN,GA,ASO,ES,Federal Contract Tower,0,4,23,1,28,0,1,28,1,30,0,5,51,2,58,56,0,56,114
06/29/2010,AHN,GA,ASO,ES,Federal Contract Tower,0,2,5,0,7,0,2,14,6,22,0,4,19,6,29,38,0,38,67
06/30/2010,AHN,GA,ASO,ES,Federal Contract Tower,0,2,26,1,29,0,0,12,0,12,0,2,38,1,41,12,0,12,53
07/01/2010,AHN,GA,ASO,ES,Federal Contract Tower,0,1,32,4,37,0,1,17,5,23,0,2,49,9,60,8,0,8,68
07/02/2010,AHN,GA,ASO,ES,Federal Contract Tower,0,5,27,0,32,0,0,17,0,17,0,5,44,0,49,58,0,58,107
07/03/2010,AHN,GA,ASO,ES,Federal Contract Tower,0,4,8,0,12,0,3,39,0,42,0,7,47,0,54,78,0,78,132
07/04/2010,AHN,GA,ASO,ES,Federal Contract Tower,0,4,6,0,10,0,1,13,0,14,0,5,19,0,24,0,0,0,24
07/05/2010,AHN,GA,ASO,ES,Federal Contract Tower,0,6,29,0,35,0,4,43,0,47,0,10,72,0,82,54,0,54,136
07/06/2010,AHN,GA,ASO,ES,Federal Contract Tower,0,3,23,0,26,0,3,40,0,43,0,6,63,0,69,22,0,22,91
07/07/2010,AHN,GA,ASO,ES,Federal Contract Tower,0,4,12,1,17,0,0,48,6,54,0,4,60,7,71,24,0,24,95
07/08/2010,AHN,GA,ASO,ES,Federal Contract Tower,0,6,8,0,14,0,2,30,2,34,0,8,38,2,48,24,0,24,72
07/09/2010,AHN,GA,ASO,ES,Federal Contract Tower,0,6,13,0,19,0,2,32,0,34,0,8,45,0,53,38,0,38,91
07/10/2010,AHN,GA,ASO,ES,Federal Contract Tower,0,7,10,0,17,0,1,32,0,33,0,8,42,0,50,56,0,56,106
07/11/2010,AHN,GA,ASO,ES,Federal Contract Tower,0,7,17,0,24,0,0,36,4,40,0,7,53,4,64,10,0,10,74
07/12/2010,AHN,GA,ASO,ES,Federal Contract Tower,0,5,20,0,25,0,1,22,0,23,0,6,42,0,48,28,0,28,76
07/13/2010,AHN,GA,ASO,ES,Federal Contract Tower,0,14,29,0,43,0,2,17,0,19,0,16,46,0,62,92,0,92,154
07/14/2010,AHN,GA,ASO,ES,Federal Contract Tower,0,10,35,0,45,0,2,39,4,45,0,12,74,4,90,36,0,36,126
07/15/2010,AHN,GA,ASO,ES,Federal Contract Tower,0,9,9,1,19,0,2,37,6,45,0,11,46,7,64,50,0,50,114
07/16/2010,AHN,GA,ASO,ES,Federal Contract Tower,0,10,18,0,28,0,2,9,0,11,0,12,27,0,39,8,0,8,47
07/17/2010,AHN,GA,ASO,ES,Federal Contract Tower,0,7,10,4,21,0,0,21,0,21,0,7,31,4,42,32,2,34,76
07/18/2010,AHN,GA,ASO,ES,Federal Contract Tower,0,7,16,0,23,0,0,7,0,7,0,7,23,0,30,16,0,16,46
07/19/2010,AHN,GA,ASO,ES,Federal Contract Tower,0,5,25,0,30,0,3,18,4,25,0,8,43,4,55,26,0,26,81
07/20/2010,AHN,GA,ASO,ES,Federal Contract Tower,0,3,5,0,8,0,5,34,0,39,0,8,39,0,47,48,0,48,95
07/21/2010,AHN,GA,ASO,ES,Federal Contract Tower,0,6,21,0,27,0,0,32,4,36,0,6,53,4,63,14,0,14,77
07/22/2010,AHN,GA,ASO,ES,Federal Contract Tower,0,4,15,0,19,0,6,27,4,37,0,10,42,4,56,2,0,2,58
07/23/2010,AHN,GA,ASO,ES,Federal Contract Tower,0,5,22,2,29,0,2,35,2,39,0,7,57,4,68,12,12,24,92
07/24/2010,AHN,GA,ASO,ES,Federal Contract Tower,0,5,6,0,11,0,2,20,12,34,0,7,26,12,45,20,0,20,65
07/25/2010,AHN,GA,ASO,ES,Federal Contract Tower,0,5,13,10,28,0,0,20,0,20,0,5,33,10,48,17,12,29,77
07/26/2010,AHN,GA,ASO,ES,Federal Contract Tower,0,6,14,0,20,0,0,23,0,23,0,6,37,0,43,28,0,28,71
07/27/2010,AHN,GA,ASO,ES,Federal Contract Tower,0,6,9,0,15,0,0,36,2,38,0,6,45,2,53,22,0,22,75
07/28/2010,AHN,GA,ASO,ES,Federal Contract Tower,0,6,24,0,30,0,2,38,0,40,0,8,62,0,70,18,0,18,88
07/29/2010,AHN,GA,ASO,ES,Federal Contract Tower,0,6,17,2,25,0,1,22,0,23,0,7,39,2,48,44,0,44,92
07/30/2010,AHN,GA,ASO,ES,Federal Contract Tower,0,5,16,0,21,0,1,33,0,34,0,6,49,0,55,54,0,54,109
07/31/2010,AHN,GA,ASO,ES,Federal Contract Tower,0,5,34,0,39,0,3,9,0,12,0,8,43,0,51,28,0,28,79
08/01/2010,AHN,GA,ASO,ES,Federal Contract Tower,0,1,14,1,16,0,0,20,1,21,0,1,34,2,37,10,0,10,47
08/02/2010,AHN,GA,ASO,ES,Federal Contract Tower,0,5,30,0,35,0,1,10,0,11,0,6,40,0,46,18,0,18,64
08/03/2010,AHN,GA,ASO,ES,Federal Contract Tower,0,4,16,0,20,0,0,13,1,14,0,4,29,1,34,48,0,48,82
08/04/2010,AHN,GA,ASO,ES,Federal Contract Tower,0,2,12,0,14,0,3,24,0,27,0,5,36,0,41,10,0,10,51
08/05/2010,AHN,GA,ASO,ES,Federal Contract Tower,0,8,15,6,29,0,3,26,2,31,0,11,41,8,60,72,6,78,138
08/06/2010,AHN,GA,ASO,ES,Federal Contract Tower,0,3,19,7,29,0,3,28,2,33,0,6,47,9,62,50,0,50,112
08/07/2010,AHN,GA,ASO,ES,Federal Contract Tower,0,6,25,9,40,0,0,11,1,12,0,6,36,10,52,52,0,52,104
08/08/2010,AHN,GA,ASO,ES,Federal Contract Tower,0,13,33,4,50,0,0,39,0,39,0,13,72,4,89,40,14,54,143
08/09/2010,AHN,GA,ASO,ES,Federal Contract Tower,0,7,16,0,23,0,1,39,0,40,0,8,55,0,63,36,0,36,99
08/10/2010,AHN,GA,ASO,ES,Federal Contract Tower,0,5,30,4,39,0,2,38,4,44,0,7,68,8,83,70,2,72,155
08/11/2010,AHN,GA,ASO,ES,Federal Contract Tower,0,4,22,0,26,0,0,20,0,20,0,4,42,0,46,28,0,28,74
08/12/2010,AHN,GA,ASO,ES,Federal Contract Tower,0,5,28,8,41,0,4,39,1,44,0,9,67,9,85,82,2,84,169
08/13/2010,AHN,GA,ASO,ES,Federal Contract Tower,0,8,19,5,32,0,0,34,0,34,0,8,53,5,66,56,0,56,122
08/14/2010,AHN,GA,ASO,ES,Federal Contract Tower,0,7,20,0,27,0,0,1,0,1,0,7,21,0,28,14,0,14,42
08/15/2010,AHN,GA,ASO,ES,Federal Contract Tower,0,5,20,4,29,0,1,14,4,19,0,6,34,8,48,18,0,18,66
08/16/2010,AHN,GA,ASO,ES,Federal Contract Tower,0,4,10,1,15,0,3,9,5,17,0,7,19,6,32,38,0,38,70
08/17/2010,AHN,GA,ASO,ES,Federal Contract Tower,0,3,32,0,35,0,0,8,2,10,0,3,40,2,45,44,0,44,89
08/18/2010,AHN,GA,ASO,ES,Federal Contract Tower,0,3,30,2,35,0,6,36,4,46,0,9,66,6,81,76,0,76,157
08/19/2010,AHN,GA,ASO,ES,Federal Contract Tower,0,3,26,0,29,0,4,19,0,23,0,7,45,0,52,60,0,60,112
08/20/2010,AHN,GA,ASO,ES,Federal Contract Tower,0,6,20,2,28,0,2,5,2,9,0,8,25,4,37,6,0,6,43
08/21/2010,AHN,GA,ASO,ES,Federal Contract Tower,0,6,16,0,22,0,0,5,0,5,0,6,21,0,27,10,0,10,37
08/22/2010,AHN,GA,ASO,ES,Federal Contract Tower,0,5,12,4,21,0,1,20,0,21,0,6,32,4,42,34,6,40,82
08/23/2010,AHN,GA,ASO,ES,Federal Contract Tower,0,4,18,0,22,0,2,39,1,42,0,6,57,1,64,64,0,64,128
08/24/2010,AHN,GA,ASO,ES,Federal Contract Tower,0,5,27,0,32,0,3,34,3,40,0,8,61,3,72,32,0,32,104
08/25/2010,AHN,GA,ASO,ES,Federal Contract Tower,0,4,20,0,24,0,5,14,0,19,0,9,34,0,43,16,0,16,59
08/26/2010,AHN,GA,ASO,ES,Federal Contract Tower,0,2,34,1,37,0,5,19,2,26,0,7,53,3,63,58,2,60,123
08/27/2010,AHN,GA,ASO,ES,Federal Contract Tower,0,8,29,0,37,0,2,35,1,38,0,10,64,1,75,72,0,72,147
08/28/2010,AHN,GA,ASO,ES,Federal Contract Tower,0,5,16,0,21,0,2,26,0,28,0,7,42,0,49,54,0,54,103
08/29/2010,AHN,GA,ASO,ES,Federal Contract Tower,0,5,13,0,18,0,0,12,4,16,0,5,25,4,34,52,0,52,86
08/30/2010,AHN,GA,ASO,ES,Federal Contract Tower,0,3,14,1,18,0,1,69,3,73,0,4,83,4,91,28,0,28,119
08/31/2010,AHN,GA,ASO,ES,Federal Contract Tower,0,6,13,0,19,0,5,38,1,44,0,11,51,1,63,42,0,42,105
09/01/2010,AHN,GA,ASO,ES,Federal Contract Tower,0,6,19,0,25,0,2,45,5,52,0,8,64,5,77,78,0,78,155
09/02/2010,AHN,GA,ASO,ES,Federal Contract Tower,0,4,30,2,36,0,2,39,0,41,0,6,69,2,77,38,2,40,117
09/03/2010,AHN,GA,ASO,ES,Federal Contract Tower,0,4,38,2,44,0,2,27,0,29,0,6,65,2,73,34,0,34,107
09/04/2010,AHN,GA,ASO,ES,Federal Contract Tower,0,10,34,0,44,0,0,43,0,43,0,10,77,0,87,36,0,36,123
09/05/2010,AHN,GA,ASO,ES,Federal Contract Tower,0,5,28,4,37,0,1,43,0,44,0,6,71,4,81,54,4,58,139
09/06/2010,AHN,GA,ASO,ES,Federal Contract Tower,0,4,15,0,19,0,2,41,0,43,0,6,56,0,62,62,0,62,124
09/07/2010,AHN,GA,ASO,ES,Federal Contract Tower,0,2,11,0,13,0,3,13,0,16,0,5,24,0,29,52,0,52,81
09/08/2010,AHN,GA,ASO,ES,Federal Contract Tower,0,0,23,1,24,0,1,32,0,33,0,1,55,1,57,46,2,48,105
09/09/2010,AHN,GA,ASO,ES,Federal Contract Tower,0,6,17,1,24,0,5,33,0,38,0,11,50,1,62,46,2,48,110
09/10/2010,AHN,GA,ASO,ES,Federal Contract Tower,0,4,16,2,22,0,2,40,5,47,0,6,56,7,69,46,4,50,119
09/11/2010,AHN,GA,ASO,ES,Federal Contract Tower,0,6,34,0,40,0,2,25,0,27,0,8,59,0,67,24,0,24,91
09/12/2010,AHN,GA,ASO,ES,Federal Contract Tower,0,7,20,5,32,0,0,28,0,28,0,7,48,5,60,18,4,22,82
09/13/2010,AHN,GA,ASO,ES,Federal Contract Tower,0,5,14,0,19,0,4,20,0,24,0,9,34,0,43,16,0,16,59
09/14/2010,AHN,GA,ASO,ES,Federal Contract Tower,0,3,9,0,12,0,3,27,2,32,0,6,36,2,44,20,0,20,64
09/15/2010,AHN,GA,ASO,ES,Federal Contract Tower,0,4,6,0,10,0,5,40,0,45,0,9,46,0,55,40,0,40,95
09/16/2010,AHN,GA,ASO,ES,Federal Contract Tower,0,7,20,1,28,0,0,19,0,19,0,7,39,1,47,22,2,24,71
09/17/2010,AHN,GA,ASO,ES,Federal Contract Tower,0,9,49,4,62,0,0,53,1,54,0,9,102,5,116,70,0,70,186
09/18/2010,AHN,GA,ASO,ES,Federal Contract Tower,0,20,103,0,123,0,0,67,0,67,0,20,170,0,190,82,0,82,272
09/19/2010,AHN,GA,ASO,ES,Federal Contract Tower,0,5,40,2,47,0,5,58,0,63,0,10,98,2,110,72,0,72,182
09/20/2010,AHN,GA,ASO,ES,Federal Contract Tower,0,4,15,0,19,0,0,29,2,31,0,4,44,2,50,42,0,42,92
09/21/2010,AHN,GA,ASO,ES,Federal Contract Tower,0,2,15,0,17,0,2,29,1,32,0,4,44,1,49,36,0,36,85
09/22/2010,AHN,GA,ASO,ES,Federal Contract Tower,0,3,13,0,16,0,1,15,0,16,0,4,28,0,32,14,0,14,46
09/23/2010,AHN,GA,ASO,ES,Federal Contract Tower,0,6,6,2,14,0,1,26,0,27,0,7,32,2,41,18,0,18,59
09/24/2010,AHN,GA,ASO,ES,Federal Contract Tower,0,12,22,0,34,0,3,28,2,33,0,15,50,2,67,40,0,40,107
09/25/2010,AHN,GA,ASO,ES,Federal Contract Tower,0,9,14,0,23,0,2,35,2,39,0,11,49,2,62,56,0,56,118
09/26/2010,AHN,GA,ASO,ES,Federal Contract Tower,0,4,31,2,37,0,0,0,0,0,0,4,31,2,37,0,0,0,37
09/27/2010,AHN,GA,ASO,ES,Federal Contract Tower,0,4,11,0,15,0,1,1,0,2,0,5,12,0,17,2,0,2,19
09/28/2010,AHN,GA,ASO,ES,Federal Contract Tower,0,11,20,0,31,0,0,49,1,50,0,11,69,1,81,66,0,66,147
09/29/2010,AHN,GA,ASO,ES,Federal Contract Tower,0,5,17,0,22,0,1,16,1,18,0,6,33,1,40,4,0,4,44
09/30/2010,AHN,GA,ASO,ES,Federal Contract Tower,0,5,11,3,19,0,2,21,1,24,0,7,32,4,43,26,4,30,73
10/01/2010,AHN,GA,ASO,ES,Federal Contract Tower,0,11,10,0,21,0,4,31,1,36,0,15,41,1,57,42,0,42,99
10/02/2010,AHN,GA,ASO,ES,Federal Contract Tower,0,2,8,0,10,0,3,59,1,63,0,5,67,1,73,54,0,54,127
10/03/2010,AHN,GA,ASO,ES,Federal Contract Tower,0,3,23,0,26,0,2,23,0,25,0,5,46,0,51,10,0,10,61
10/04/2010,AHN,GA,ASO,ES,Federal Contract Tower,0,2,14,0,16,0,3,31,2,36,0,5,45,2,52,94,0,94,146
10/05/2010,AHN,GA,ASO,ES,Federal Contract Tower,0,11,13,0,24,0,2,20,2,24,0,13,33,2,48,18,0,18,66
10/06/2010,AHN,GA,ASO,ES,Federal Contract Tower,0,7,22,2,31,0,2,28,0,30,0,9,50,2,61,30,0,30,91
10/07/2010,AHN,GA,ASO,ES,Federal Contract Tower,0,9,10,0,19,0,5,35,0,40,0,14,45,0,59,34,0,34,93
10/08/2010,AHN,GA,ASO,ES,Federal Contract Tower,0,7,45,6,58,0,2,47,0,49,0,9,92,6,107,54,4,58,165
10/09/2010,AHN,GA,ASO,ES,Federal Contract Tower,8,9,57,0,74,0,6,82,0,88,8,15,139,0,162,206,0,206,368
10/10/2010,AHN,GA,ASO,ES,Federal Contract Tower,0,8,45,0,53,0,3,49,0,52,0,11,94,0,105,52,0,52,157
10/11/2010,AHN,GA,ASO,ES,Federal Contract Tower,0,4,11,0,15,0,1,24,0,25,0,5,35,0,40,24,0,24,64
10/12/2010,AHN,GA,ASO,ES,Federal Contract Tower,0,9,23,2,34,0,3,14,0,17,0,12,37,2,51,50,0,50,101
10/13/2010,AHN,GA,ASO,ES,Federal Contract Tower,0,6,13,13,32,0,1,20,0,21,0,7,33,13,53,60,0,60,113
10/14/2010,AHN,GA,ASO,ES,Federal Contract Tower,0,2,18,2,22,0,6,32,4,42,0,8,50,6,64,16,0,16,80
10/15/2010,AHN,GA,ASO,ES,Federal Contract Tower,0,9,35,3,47,0,4,46,4,54,0,13,81,7,101,30,0,30,131
10/16/2010,AHN,GA,ASO,ES,Federal Contract Tower,6,7,40,0,53,0,4,57,0,61,6,11,97,0,114,132,0,132,246
10/17/2010,AHN,GA,ASO,ES,Federal Contract Tower,0,7,36,3,46,0,3,39,2,44,0,10,75,5,90,54,4,58,148
10/18/2010,AHN,GA,ASO,ES,Federal Contract Tower,0,4,15,0,19,0,2,25,0,27,0,6,40,0,46,62,0,62,108
10/19/2010,AHN,GA,ASO,ES,Federal Contract Tower,0,5,11,2,18,0,2,32,0,34,0,7,43,2,52,44,0,44,96
10/20/2010,AHN,GA,ASO,ES,Federal Contract Tower,0,5,19,1,25,0,3,24,1,28,0,8,43,2,53,26,0,26,79
10/21/2010,AHN,GA,ASO,ES,Federal Contract Tower,0,8,17,2,27,0,4,31,0,35,0,12,48,2,62,76,0,76,138
10/22/2010,AHN,GA,ASO,ES,Federal Contract Tower,0,16,20,12,48,0,4,51,1,56,0,20,71,13,104,60,0,60,164
10/23/2010,AHN,GA,ASO,ES,Federal Contract Tower,0,5,16,0,21,0,2,61,0,63,0,7,77,0,84,70,0,70,154
10/24/2010,AHN,GA,ASO,ES,Federal Contract Tower,0,10,25,12,47,0,1,33,4,38,0,11,58,16,85,18,6,24,109
10/25/2010,AHN,GA,ASO,ES,Federal Contract Tower,0,6,9,0,15,0,1,4,0,5,0,7,13,0,20,0,0,0,20
10/26/2010,AHN,GA,ASO,ES,Federal Contract Tower,0,6,8,1,15,0,0,0,1,1,0,6,8,2,16,2,0,2,18
10/27/2010,AHN,GA,ASO,ES,Federal Contract Tower,0,4,15,0,19,0,1,7,0,8,0,5,22,0,27,0,0,0,27
10/28/2010,AHN,GA,ASO,ES,Federal Contract Tower,0,6,40,4,50,0,3,32,0,35,0,9,72,4,85,24,4,28,113
10/29/2010,AHN,GA,ASO,ES,Federal Contract Tower,6,3,15,8,32,0,5,38,2,45,6,8,53,10,77,32,4,36,113
10/30/2010,AHN,GA,ASO,ES,Federal Contract Tower,0,2,20,0,22,0,2,41,0,43,0,4,61,0,65,28,0,28,93
10/31/2010,AHN,GA,ASO,ES,Federal Contract Tower,0,7,35,0,42,0,0,37,0,37,0,7,72,0,79,40,0,40,119
11/01/2010,AHN,GA,ASO,ES,Federal Contract Tower,0,1,23,0,24,0,2,24,0,26,0,3,47,0,50,22,0,22,72
11/02/2010,AHN,GA,ASO,ES,Federal Contract Tower,0,3,17,0,20,0,0,7,0,7,0,3,24,0,27,6,0,6,33
11/03/2010,AHN,GA,ASO,ES,Federal Contract Tower,0,1,10,0,11,0,0,2,0,2,0,1,12,0,13,4,0,4,17
11/04/2010,AHN,GA,ASO,ES,Federal Contract Tower,0,1,30,0,31,0,2,3,0,5,0,3,33,0,36,18,0,18,54
11/05/2010,AHN,GA,ASO,ES,Federal Contract Tower,0,1,42,10,53,0,2,28,0,30,0,3,70,10,83,24,0,24,107
11/06/2010,AHN,GA,ASO,ES,Federal Contract Tower,0,3,18,0,21,0,1,41,0,42,0,4,59,0,63,126,0,126,189
11/07/2010,AHN,GA,ASO,ES,Federal Contract Tower,0,0,34,1,35,0,3,56,0,59,0,3,90,1,94,56,0,56,150
11/08/2010,AHN,GA,ASO,ES,Federal Contract Tower,0,2,10,0,12,0,1,26,0,27,0,3,36,0,39,26,0,26,65
11/09/2010,AHN,GA,ASO,ES,Federal Contract Tower,0,1,16,2,19,0,1,51,0,52,0,2,67,2,71,32,0,32,103
11/10/2010,AHN,GA,ASO,ES,Federal Contract Tower,0,3,18,2,23,0,2,23,4,29,0,5,41,6,52,62,0,62,114
11/11/2010,AHN,GA,ASO,ES,Federal Contract Tower,0,5,33,0,38,0,2,20,0,22,0,7,53,0,60,16,0,16,76
11/12/2010,AHN,GA,ASO,ES,Federal Contract Tower,0,1,23,4,28,0,2,38,3,43,0,3,61,7,71,70,0,70,141
11/13/2010,AHN,GA,ASO,ES,Federal Contract Tower,0,1,26,0,27,0,2,44,1,47,0,3,70,1,74,20,0,20,94
11/14/2010,AHN,GA,ASO,ES,Federal Contract Tower,0,1,27,0,28,0,1,51,2,54,0,2,78,2,82,46,0,46,128
11/15/2010,AHN,GA,ASO,ES,Federal Contract Tower,0,2,15,0,17,0,0,4,0,4,0,2,19,0,21,14,0,14,35
11/16/2010,AHN,GA,ASO,ES,Federal Contract Tower,0,2,12,0,14,0,0,4,0,4,0,2,16,0,18,4,0,4,22
11/17/2010,AHN,GA,ASO,ES,Federal Contract Tower,0,2,18,5,25,0,5,39,0,44,0,7,57,5,69,36,0,36,105
11/18/2010,AHN,GA,ASO,ES,Federal Contract Tower,0,1,26,0,27,0,3,22,2,27,0,4,48,2,54,58,0,58,112
11/19/2010,AHN,GA,ASO,ES,Federal Contract Tower,2,5,36,9,52,0,3,47,1,51,2,8,83,10,103,22,0,22,125
11/20/2010,AHN,GA,ASO,ES,Federal Contract Tower,0,2,15,5,22,0,7,55,0,62,0,9,70,5,84,96,0,96,180
11/21/2010,AHN,GA,ASO,ES,Federal Contract Tower,4,14,2,0,20,0,1,55,1,57,4,15,57,1,77,70,4,74,151
11/22/2010,AHN,GA,ASO,ES,Federal Contract Tower,0,5,13,0,18,0,2,34,1,37,0,7,47,1,55,54,0,54,109
11/23/2010,AHN,GA,ASO,ES,Federal Contract Tower,0,2,16,6,24,0,2,7,0,9,0,4,23,6,33,8,4,12,45
11/24/2010,AHN,GA,ASO,ES,Federal Contract Tower,0,7,34,2,43,0,1,19,0,20,0,8,53,2,63,20,18,38,101
11/25/2010,AHN,GA,ASO,ES,Federal Contract Tower,0,2,14,0,16,0,0,1,0,1,0,2,15,0,17,0,0,0,17
11/26/2010,AHN,GA,ASO,ES,Federal Contract Tower,0,2,9,0,11,0,0,0,0,0,0,2,9,0,11,2,0,2,13
11/27/2010,AHN,GA,ASO,ES,Federal Contract Tower,0,9,41,0,50,0,0,48,0,48,0,9,89,0,98,92,0,92,190
11/28/2010,AHN,GA,ASO,ES,Federal Contract Tower,0,6,45,0,51,0,0,52,1,53,0,6,97,1,104,32,0,32,136
11/29/2010,AHN,GA,ASO,ES,Federal Contract Tower,0,5,28,0,33,0,0,2,0,2,0,5,30,0,35,10,8,18,53
11/30/2010,AHN,GA,ASO,ES,Federal Contract Tower,0,3,7,0,10,0,0,0,0,0,0,3,7,0,10,0,0,0,10
12/01/2010,AHN,GA,ASO,ES,Federal Contract Tower,0,4,14,0,18,0,2,22,0,24,0,6,36,0,42,24,0,24,66
12/02/2010,AHN,GA,ASO,ES,Federal Contract Tower,0,1,13,0,14,0,3,43,2,48,0,4,56,2,62,38,2,40,102
12/03/2010,AHN,GA,ASO,ES,Federal Contract Tower,0,2,33,0,35,0,2,27,0,29,0,4,60,0,64,16,0,16,80
12/04/2010,AHN,GA,ASO,ES,Federal Contract Tower,0,3,14,1,18,0,1,32,0,33,0,4,46,1,51,44,0,44,95
12/05/2010,AHN,GA,ASO,ES,Federal Contract Tower,0,3,17,1,21,0,1,9,0,10,0,4,26,1,31,26,0,26,57
12/06/2010,AHN,GA,ASO,ES,Federal Contract Tower,0,5,15,1,21,0,1,7,0,8,0,6,22,1,29,24,6,30,59
12/07/2010,AHN,GA,ASO,ES,Federal Contract Tower,0,2,17,0,19,0,2,32,0,34,0,4,49,0,53,18,0,18,71
12/08/2010,AHN,GA,ASO,ES,Federal Contract Tower,0,2,13,0,15,0,1,28,4,33,0,3,41,4,48,10,0,10,58
12/09/2010,AHN,GA,ASO,ES,Federal Contract Tower,0,1,27,6,34,0,5,40,6,51,0,6,67,12,85,46,10,56,141
12/10/2010,AHN,GA,ASO,ES,Federal Contract Tower,0,2,26,0,28,0,0,37,0,37,0,2,63,0,65,62,0,62,127
12/11/2010,AHN,GA,ASO,ES,Federal Contract Tower,0,1,24,0,25,0,1,53,0,54,0,2,77,0,79,78,0,78,157
12/12/2010,AHN,GA,ASO,ES,Federal Contract Tower,0,1,1,0,2,0,0,3,0,3,0,1,4,0,5,0,0,0,5
12/13/2010,AHN,GA,ASO,ES,Federal Contract Tower,0,2,13,1,16,0,0,4,0,4,0,2,17,1,20,2,0,2,22
12/14/2010,AHN,GA,ASO,ES,Federal Contract Tower,0,2,15,0,17,0,0,25,0,25,0,2,40,0,42,56,0,56,98
12/15/2010,AHN,GA,ASO,ES,Federal Contract Tower,0,2,9,0,11,0,1,21,0,22,0,3,30,0,33,58,0,58,91
12/16/2010,AHN,GA,ASO,ES,Federal Contract Tower,0,3,13,0,16,0,1,0,0,1,0,4,13,0,17,0,0,0,17
12/17/2010,AHN,GA,ASO,ES,Federal Contract Tower,0,2,21,0,23,0,0,33,0,33,0,2,54,0,56,104,0,104,160
12/18/2010,AHN,GA,ASO,ES,Federal Contract Tower,0,4,4,0,8,0,0,0,0,0,0,4,4,0,8,0,0,0,8
12/19/2010,AHN,GA,ASO,ES,Federal Contract Tower,0,2,18,2,22,0,0,18,0,18,0,2,36,2,40,2,2,4,44
12/20/2010,AHN,GA,ASO,ES,Federal Contract Tower,0,2,19,0,21,0,0,32,0,32,0,2,51,0,53,30,0,30,83
12/21/2010,AHN,GA,ASO,ES,Federal Contract Tower,0,2,11,2,15,0,0,7,0,7,0,2,18,2,22,20,2,22,44
12/22/2010,AHN,GA,ASO,ES,Federal Contract Tower,0,2,21,0,23,0,0,6,0,6,0,2,27,0,29,0,0,0,29
12/23/2010,AHN,GA,ASO,ES,Federal Contract Tower,0,1,10,0,11,0,1,37,0,38,0,2,47,0,49,20,0,20,69
12/24/2010,AHN,GA,ASO,ES,Federal Contract Tower,0,5,9,0,14,0,1,10,0,11,0,6,19,0,25,6,0,6,31
12/25/2010,AHN,GA,ASO,ES,Federal Contract Tower,0,2,5,0,7,0,0,1,0,1,0,2,6,0,8,0,0,0,8
12/26/2010,AHN,GA,ASO,ES,Federal Contract Tower,0,0,4,0,4,0,0,0,0,0,0,0,4,0,4,0,0,0,4
12/27/2010,AHN,GA,ASO,ES,Federal Contract Tower,0,3,8,0,11,0,0,9,0,9,0,3,17,0,20,12,0,12,32
12/28/2010,AHN,GA,ASO,ES,Federal Contract Tower,0,6,13,4,23,0,0,42,0,42,0,6,55,4,65,68,2,70,135
12/29/2010,AHN,GA,ASO,ES,Federal Contract Tower,0,4,12,0,16,0,0,55,0,55,0,4,67,0,71,134,0,134,205
12/30/2010,AHN,GA,ASO,ES,Federal Contract Tower,0,3,14,0,17,0,0,39,0,39,0,3,53,0,56,162,0,162,218
12/31/2010,AHN,GA,ASO,ES,Federal Contract Tower,0,2,7,0,9,0,2,34,0,36,0,4,41,0,45,174,0,174,219
01/01/2011,AHN,GA,ASO,ES,Federal Contract Tower,0,5,2,0,7,0,0,0,0,0,0,5,2,0,7,0,0,0,7
01/02/2011,AHN,GA,ASO,ES,Federal Contract Tower,0,9,27,0,36,0,0,17,0,17,0,9,44,0,53,28,0,28,81
01/03/2011,AHN,GA,ASO,ES,Federal Contract Tower,0,4,15,0,19,0,1,42,0,43,0,5,57,0,62,88,0,88,150
01/04/2011,AHN,GA,ASO,ES,Federal Contract Tower,0,22,16,0,38,0,2,49,0,51,0,24,65,0,89,94,0,94,183
01/05/2011,AHN,GA,ASO,ES,Federal Contract Tower,0,5,14,0,19,0,4,18,0,22,0,9,32,0,41,86,0,86,127
01/06/2011,AHN,GA,ASO,ES,Federal Contract Tower,0,6,8,0,14,0,0,47,3,50,0,6,55,3,64,104,6,110,174
01/07/2011,AHN,GA,ASO,ES,Federal Contract Tower,0,3,14,1,18,0,2,21,3,26,0,5,35,4,44,100,0,100,144
01/08/2011,AHN,GA,ASO,ES,Federal Contract Tower,0,4,16,0,20,0,1,30,8,39,0,5,46,8,59,16,0,16,75
01/09/2011,AHN,GA,ASO,ES,Federal Contract Tower,0,2,11,1,14,0,0,31,1,32,0,2,42,2,46,54,0,54,100
01/10/2011,AHN,GA,ASO,ES,Federal Contract Tower,0,0,0,0,0,0,0,0,0,0,0,0,0,0,0,0,0,0,0
01/11/2011,AHN,GA,ASO,ES,Federal Contract Tower,0,0,0,0,0,0,0,0,0,0,0,0,0,0,0,0,0,0,0
01/12/2011,AHN,GA,ASO,ES,Federal Contract Tower,0,0,2,0,2,0,0,3,0,3,0,0,5,0,5,0,0,0,5
01/13/2011,AHN,GA,ASO,ES,Federal Contract Tower,0,5,10,0,15,0,0,21,3,24,0,5,31,3,39,64,0,64,103
01/14/2011,AHN,GA,ASO,ES,Federal Contract Tower,0,5,14,2,21,0,2,44,0,46,0,7,58,2,67,194,0,194,261
01/15/2011,AHN,GA,ASO,ES,Federal Contract Tower,0,5,12,0,17,0,0,67,0,67,0,5,79,0,84,176,0,176,260
01/16/2011,AHN,GA,ASO,ES,Federal Contract Tower,0,8,20,0,28,0,0,72,0,72,0,8,92,0,100,216,0,216,316
01/17/2011,AHN,GA,ASO,ES,Federal Contract Tower,1,2,15,0,18,0,0,32,0,32,1,2,47,0,50,92,0,92,142
01/18/2011,AHN,GA,ASO,ES,Federal Contract Tower,0,2,9,0,11,0,0,0,0,0,0,2,9,0,11,2,0,2,13
01/19/2011,AHN,GA,ASO,ES,Federal Contract Tower,0,4,11,0,15,0,1,47,0,48,0,5,58,0,63,40,0,40,103
01/20/2011,AHN,GA,ASO,ES,Federal Contract Tower,0,4,24,0,28,0,4,30,0,34,0,8,54,0,62,96,0,96,158
01/21/2011,AHN,GA,ASO,ES,Federal Contract Tower,2,5,15,0,22,0,0,37,6,43,2,5,52,6,65,72,12,84,149
01/22/2011,AHN,GA,ASO,ES,Federal Contract Tower,1,7,26,0,34,0,3,61,0,64,1,10,87,0,98,54,0,54,152
01/23/2011,AHN,GA,ASO,ES,Federal Contract Tower,2,1,20,0,23,0,1,57,0,58,2,2,77,0,81,48,0,48,129
01/24/2011,AHN,GA,ASO,ES,Federal Contract Tower,1,3,17,0,21,0,2,36,0,38,1,5,53,0,59,64,0,64,123
01/25/2011,AHN,GA,ASO,ES,Federal Contract Tower,0,3,8,0,11,0,0,0,0,0,0,3,8,0,11,0,0,0,11
01/26/2011,AHN,GA,ASO,ES,Federal Contract Tower,0,2,11,0,13,0,0,4,0,4,0,2,15,0,17,6,0,6,23
01/27/2011,AHN,GA,ASO,ES,Federal Contract Tower,0,5,22,0,27,0,2,47,2,51,0,7,69,2,78,42,0,42,120
01/28/2011,AHN,GA,ASO,ES,Federal Contract Tower,2,6,27,0,35,0,0,70,0,70,2,6,97,0,105,52,0,52,157
01/29/2011,AHN,GA,ASO,ES,Federal Contract Tower,0,6,21,0,27,0,1,66,0,67,0,7,87,0,94,74,0,74,168
01/30/2011,AHN,GA,ASO,ES,Federal Contract Tower,0,0,9,0,9,0,2,83,0,85,0,2,92,0,94,80,0,80,174
01/31/2011,AHN,GA,ASO,ES,Federal Contract Tower,0,2,13,0,15,0,0,1,0,1,0,2,14,0,16,0,0,0,16
02/01/2011,AHN,GA,ASO,ES,Federal Contract Tower,0,3,8,0,11,0,0,0,0,0,0,3,8,0,11,0,0,0,11
02/02/2011,AHN,GA,ASO,ES,Federal Contract Tower,0,2,8,3,13,0,2,14,4,20,0,4,22,7,33,2,0,2,35
02/03/2011,AHN,GA,ASO,ES,Federal Contract Tower,0,8,13,0,21,0,1,34,6,41,0,9,47,6,62,66,0,66,128
02/04/2011,AHN,GA,ASO,ES,Federal Contract Tower,0,3,12,0,15,0,0,0,0,0,0,3,12,0,15,0,0,0,15
02/05/2011,AHN,GA,ASO,ES,Federal Contract Tower,0,9,15,0,24,0,1,5,0,6,0,10,20,0,30,30,0,30,60
02/06/2011,AHN,GA,ASO,ES,Federal Contract Tower,0,1,16,10,27,0,0,70,0,70,0,1,86,10,97,78,8,86,183
02/07/2011,AHN,GA,ASO,ES,Federal Contract Tower,1,4,2,2,9,0,1,25,0,26,1,5,27,2,35,88,0,88,123
02/08/2011,AHN,GA,ASO,ES,Federal Contract Tower,0,2,10,2,14,0,4,32,0,36,0,6,42,2,50,36,0,36,86
02/09/2011,AHN,GA,ASO,ES,Federal Contract Tower,0,6,6,0,12,0,2,40,2,44,0,8,46,2,56,72,0,72,128
02/10/2011,AHN,GA,ASO,ES,Federal Contract Tower,0,11,10,0,21,0,2,7,0,9,0,13,17,0,30,2,0,2,32
02/11/2011,AHN,GA,ASO,ES,Federal Contract Tower,0,1,22,2,25,0,1,76,0,77,0,2,98,2,102,102,0,102,204
02/12/2011,AHN,GA,ASO,ES,Federal Contract Tower,0,4,9,10,23,0,0,60,5,65,0,4,69,15,88,62,20,82,170
02/13/2011,AHN,GA,ASO,ES,Federal Contract Tower,0,3,26,5,34,0,0,62,0,62,0,3,88,5,96,44,0,44,140
02/14/2011,AHN,GA,ASO,ES,Federal Contract Tower,0,1,25,0,26,0,2,35,0,37,0,3,60,0,63,20,0,20,83
02/15/2011,AHN,GA,ASO,ES,Federal Contract Tower,0,2,17,0,19,0,3,47,0,50,0,5,64,0,69,110,0,110,179
02/16/2011,AHN,GA,ASO,ES,Federal Contract Tower,1,3,28,0,32,0,0,60,0,60,1,3,88,0,92,114,0,114,206
02/17/2011,AHN,GA,ASO,ES,Federal Contract Tower,0,6,29,0,35,0,0,44,0,44,0,6,73,0,79,54,0,54,133
02/18/2011,AHN,GA,ASO,ES,Federal Contract Tower,2,4,25,0,31,0,1,47,0,48,2,5,72,0,79,62,0,62,141
02/19/2011,AHN,GA,ASO,ES,Federal Contract Tower,0,5,14,0,19,0,1,86,0,87,0,6,100,0,106,58,0,58,164
02/20/2011,AHN,GA,ASO,ES,Federal Contract Tower,2,2,20,10,34,0,0,49,0,49,2,2,69,10,83,120,0,120,203
02/21/2011,AHN,GA,ASO,ES,Federal Contract Tower,0,1,14,0,15,0,1,24,0,25,0,2,38,0,40,28,0,28,68
02/22/2011,AHN,GA,ASO,ES,Federal Contract Tower,0,2,26,0,28,0,4,33,0,37,0,6,59,0,65,44,0,44,109
02/23/2011,AHN,GA,ASO,ES,Federal Contract Tower,2,2,15,0,19,1,40,2,0,43,3,42,17,0,62,42,0,42,104
02/24/2011,AHN,GA,ASO,ES,Federal Contract Tower,0,6,27,0,33,0,0,35,2,37,0,6,62,2,70,70,0,70,140
02/25/2011,AHN,GA,ASO,ES,Federal Contract Tower,0,8,24,2,34,0,0,6,1,7,0,8,30,3,41,2,0,2,43
02/26/2011,AHN,GA,ASO,ES,Federal Contract Tower,0,4,21,0,25,0,2,69,2,73,0,6,90,2,98,92,0,92,190
02/27/2011,AHN,GA,ASO,ES,Federal Contract Tower,0,5,20,1,26,0,0,49,0,49,0,5,69,1,75,68,0,68,143
02/28/2011,AHN,GA,ASO,ES,Federal Contract Tower,0,2,8,0,10,0,0,4,0,4,0,2,12,0,14,10,0,10,24
03/01/2011,AHN,GA,ASO,ES,Federal Contract Tower,0,6,20,0,26,0,1,36,2,39,0,7,56,2,65,80,0,80,145
03/02/2011,AHN,GA,ASO,ES,Federal Contract Tower,2,2,10,0,14,0,5,64,0,69,2,7,74,0,83,60,0,60,143
03/03/2011,AHN,GA,ASO,ES,Federal Contract Tower,0,4,15,0,19,0,1,41,3,45,0,5,56,3,64,42,0,42,106
03/04/2011,AHN,GA,ASO,ES,Federal Contract Tower,2,4,24,10,40,0,0,3,0,3,2,4,27,10,43,2,6,8,51
03/05/2011,AHN,GA,ASO,ES,Federal Contract Tower,2,1,18,0,21,0,0,0,0,0,2,1,18,0,21,2,0,2,23
03/06/2011,AHN,GA,ASO,ES,Federal Contract Tower,0,2,24,0,26,0,0,4,0,4,0,2,28,0,30,6,0,6,36
03/07/2011,AHN,GA,ASO,ES,Federal Contract Tower,0,7,15,0,22,0,0,45,0,45,0,7,60,0,67,42,0,42,109
03/08/2011,AHN,GA,ASO,ES,Federal Contract Tower,0,2,14,3,19,0,2,33,1,36,0,4,47,4,55,86,0,86,141
03/09/2011,AHN,GA,ASO,ES,Federal Contract Tower,0,5,12,0,17,0,0,1,0,1,0,5,13,0,18,0,0,0,18
03/10/2011,AHN,GA,ASO,ES,Federal Contract Tower,0,3,16,2,21,0,0,1,0,1,0,3,17,2,22,4,2,6,28
03/11/2011,AHN,GA,ASO,ES,Federal Contract Tower,0,1,25,6,32,0,1,27,4,32,0,2,52,10,64,42,2,44,108
03/12/2011,AHN,GA,ASO,ES,Federal Contract Tower,0,1,21,3,25,0,4,50,0,54,0,5,71,3,79,40,4,44,123
03/13/2011,AHN,GA,ASO,ES,Federal Contract Tower,0,1,18,4,23,0,0,45,0,45,0,1,63,4,68,50,0,50,118
03/14/2011,AHN,GA,ASO,ES,Federal Contract Tower,0,1,12,2,15,0,0,34,2,36,0,1,46,4,51,52,0,52,103
03/15/2011,AHN,GA,ASO,ES,Federal Contract Tower,0,3,20,0,23,0,0,0,0,0,0,3,20,0,23,0,0,0,23
03/16/2011,AHN,GA,ASO,ES,Federal Contract Tower,0,5,24,2,31,0,1,42,2,45,0,6,66,4,76,36,0,36,112
03/17/2011,AHN,GA,ASO,ES,Federal Contract Tower,0,2,9,0,11,0,0,47,0,47,0,2,56,0,58,58,0,58,116
03/18/2011,AHN,GA,ASO,ES,Federal Contract Tower,0,5,12,2,19,0,1,47,4,52,0,6,59,6,71,86,0,86,157
03/19/2011,AHN,GA,ASO,ES,Federal Contract Tower,0,1,21,0,22,0,0,71,4,75,0,1,92,4,97,128,0,128,225
03/20/2011,AHN,GA,ASO,ES,Federal Contract Tower,0,3,43,2,48,0,0,18,1,19,0,3,61,3,67,56,0,56,123
03/21/2011,AHN,GA,ASO,ES,Federal Contract Tower,0,3,14,1,18,0,2,12,0,14,0,5,26,1,32,8,0,8,40
03/22/2011,AHN,GA,ASO,ES,Federal Contract Tower,0,5,31,0,36,0,11,41,2,54,0,16,72,2,90,58,0,58,148
03/23/2011,AHN,GA,ASO,ES,Federal Contract Tower,0,3,14,0,17,0,7,25,0,32,0,10,39,0,49,0,0,0,49
03/24/2011,AHN,GA,ASO,ES,Federal Contract Tower,0,5,24,0,29,0,18,22,2,42,0,23,46,2,71,22,0,22,93
03/25/2011,AHN,GA,ASO,ES,Federal Contract Tower,0,7,14,0,21,0,13,66,3,82,0,20,80,3,103,76,0,76,179
03/26/2011,AHN,GA,ASO,ES,Federal Contract Tower,0,3,16,0,19,0,0,5,0,5,0,3,21,0,24,18,0,18,42
03/27/2011,AHN,GA,ASO,ES,Federal Contract Tower,0,6,13,0,19,0,0,0,0,0,0,6,13,0,19,0,0,0,19
03/28/2011,AHN,GA,ASO,ES,Federal Contract Tower,0,3,23,0,26,0,0,0,0,0,0,3,23,0,26,0,0,0,26
03/29/2011,AHN,GA,ASO,ES,Federal Contract Tower,0,3,34,5,42,0,2,30,0,32,0,5,64,5,74,132,0,132,206
03/30/2011,AHN,GA,ASO,ES,Federal Contract Tower,0,3,15,0,18,0,0,0,0,0,0,3,15,0,18,0,0,0,18
03/31/2011,AHN,GA,ASO,ES,Federal Contract Tower,0,2,22,0,24,0,0,17,0,17,0,2,39,0,41,70,0,70,111
04/01/2011,AHN,GA,ASO,ES,Federal Contract Tower,0,9,40,2,51,0,0,39,2,41,0,9,79,4,92,54,0,54,146
04/02/2011,AHN,GA,ASO,ES,Federal Contract Tower,0,1,16,8,25,0,10,35,1,46,0,11,51,9,71,48,10,58,129
04/03/2011,AHN,GA,ASO,ES,Federal Contract Tower,0,6,43,6,55,0,2,71,3,76,0,8,114,9,131,94,0,94,225
04/04/2011,AHN,GA,ASO,ES,Federal Contract Tower,0,1,13,5,19,0,0,19,3,22,0,1,32,8,41,38,0,38,79
04/05/2011,AHN,GA,ASO,ES,Federal Contract Tower,0,5,5,0,10,0,1,12,1,14,0,6,17,1,24,12,0,12,36
04/06/2011,AHN,GA,ASO,ES,Federal Contract Tower,0,2,16,0,18,0,0,53,1,54,0,2,69,1,72,60,0,60,132
04/07/2011,AHN,GA,ASO,ES,Federal Contract Tower,0,2,17,0,19,0,2,53,0,55,0,4,70,0,74,60,0,60,134
04/08/2011,AHN,GA,ASO,ES,Federal Contract Tower,0,2,20,4,26,0,0,17,0,17,0,2,37,4,43,46,0,46,89
04/09/2011,AHN,GA,ASO,ES,Federal Contract Tower,0,1,18,0,19,0,0,40,0,40,0,1,58,0,59,20,0,20,79
04/10/2011,AHN,GA,ASO,ES,Federal Contract Tower,0,1,24,1,26,0,0,48,1,49,0,1,72,2,75,50,6,56,131
04/11/2011,AHN,GA,ASO,ES,Federal Contract Tower,0,4,18,0,22,0,4,15,0,19,0,8,33,0,41,22,0,22,63
04/12/2011,AHN,GA,ASO,ES,Federal Contract Tower,0,4,21,0,25,0,4,9,0,13,0,8,30,0,38,24,0,24,62
04/13/2011,AHN,GA,ASO,ES,Federal Contract Tower,0,10,13,0,23,0,7,66,2,75,0,17,79,2,98,106,0,106,204
04/14/2011,AHN,GA,ASO,ES,Federal Contract Tower,0,3,23,1,27,0,4,48,1,53,0,7,71,2,80,66,0,66,146
04/15/2011,AHN,GA,ASO,ES,Federal Contract Tower,0,6,19,0,25,0,0,11,1,12,0,6,30,1,37,2,4,6,43
04/16/2011,AHN,GA,ASO,ES,Federal Contract Tower,0,1,12,0,13,0,0,11,0,11,0,1,23,0,24,4,0,4,28
04/17/2011,AHN,GA,ASO,ES,Federal Contract Tower,0,5,43,0,48,0,0,37,24,61,0,5,80,24,109,62,0,62,171
04/18/2011,AHN,GA,ASO,ES,Federal Contract Tower,0,4,14,0,18,0,1,44,4,49,0,5,58,4,67,72,0,72,139
04/19/2011,AHN,GA,ASO,ES,Federal Contract Tower,0,4,26,2,32,0,6,47,2,55,0,10,73,4,87,86,0,86,173
04/20/2011,AHN,GA,ASO,ES,Federal Contract Tower,0,11,13,0,24,0,1,16,0,17,0,12,29,0,41,42,0,42,83
04/21/2011,AHN,GA,ASO,ES,Federal Contract Tower,0,12,32,0,44,0,2,32,8,42,0,14,64,8,86,34,0,34,120
04/22/2011,AHN,GA,ASO,ES,Federal Contract Tower,0,6,24,2,32,0,0,0,0,0,0,6,24,2,32,12,0,12,44
04/23/2011,AHN,GA,ASO,ES,Federal Contract Tower,0,2,21,2,25,0,0,15,0,15,0,2,36,2,40,30,0,30,70
04/24/2011,AHN,GA,ASO,ES,Federal Contract Tower,0,1,37,0,38,0,0,39,0,39,0,1,76,0,77,20,0,20,97
04/25/2011,AHN,GA,ASO,ES,Federal Contract Tower,0,4,22,0,26,0,2,28,4,34,0,6,50,4,60,40,4,44,104
04/26/2011,AHN,GA,ASO,ES,Federal Contract Tower,0,2,13,0,15,0,4,16,0,20,0,6,29,0,35,36,0,36,71
04/27/2011,AHN,GA,ASO,ES,Federal Contract Tower,0,3,9,0,12,0,1,1,0,2,0,4,10,0,14,0,0,0,14
04/28/2011,AHN,GA,ASO,ES,Federal Contract Tower,0,6,10,0,16,0,0,33,0,33,0,6,43,0,49,10,0,10,59
04/29/2011,AHN,GA,ASO,ES,Federal Contract Tower,0,6,17,4,27,0,2,56,3,61,0,8,73,7,88,80,6,86,174
04/30/2011,AHN,GA,ASO,ES,Federal Contract Tower,0,1,10,1,12,0,11,69,0,80,0,12,79,1,92,86,0,86,178
05/01/2011,AHN,GA,ASO,ES,Federal Contract Tower,2,5,35,1,43,0,1,52,0,53,2,6,87,1,96,68,0,68,164
05/02/2011,AHN,GA,ASO,ES,Federal Contract Tower,2,3,11,3,19,0,0,21,2,23,2,3,32,5,42,22,0,22,64
05/03/2011,AHN,GA,ASO,ES,Federal Contract Tower,0,5,27,0,32,0,1,11,0,12,0,6,38,0,44,8,0,8,52
05/04/2011,AHN,GA,ASO,ES,Federal Contract Tower,0,5,19,2,26,0,2,44,0,46,0,7,63,2,72,32,0,32,104
05/05/2011,AHN,GA,ASO,ES,Federal Contract Tower,0,7,15,2,24,0,0,58,1,59,0,7,73,3,83,10,2,12,95
05/06/2011,AHN,GA,ASO,ES,Federal Contract Tower,0,7,24,6,37,0,0,38,1,39,0,7,62,7,76,68,6,74,150
05/07/2011,AHN,GA,ASO,ES,Federal Contract Tower,0,3,16,0,19,0,0,59,2,61,0,3,75,2,80,68,0,68,148
05/08/2011,AHN,GA,ASO,ES,Federal Contract Tower,0,1,20,0,21,0,0,31,0,31,0,1,51,0,52,46,0,46,98
05/09/2011,AHN,GA,ASO,ES,Federal Contract Tower,0,2,29,2,33,0,0,31,0,31,0,2,60,2,64,42,0,42,106
05/10/2011,AHN,GA,ASO,ES,Federal Contract Tower,0,1,25,0,26,0,5,44,2,51,0,6,69,2,77,54,4,58,135
05/11/2011,AHN,GA,ASO,ES,Federal Contract Tower,0,1,16,0,17,0,2,39,0,41,0,3,55,0,58,40,0,40,98
05/12/2011,AHN,GA,ASO,ES,Federal Contract Tower,0,3,20,1,24,0,3,42,1,46,0,6,62,2,70,36,0,36,106
05/13/2011,AHN,GA,ASO,ES,Federal Contract Tower,0,3,31,5,39,0,0,23,0,23,0,3,54,5,62,2,8,10,72
05/14/2011,AHN,GA,ASO,ES,Federal Contract Tower,0,1,18,0,19,0,0,14,0,14,0,1,32,0,33,4,0,4,37
05/15/2011,AHN,GA,ASO,ES,Federal Contract Tower,0,1,48,12,61,0,0,21,0,21,0,1,69,12,82,18,0,18,100
05/16/2011,AHN,GA,ASO,ES,Federal Contract Tower,0,1,30,4,35,0,1,11,0,12,0,2,41,4,47,18,0,18,65
05/17/2011,AHN,GA,ASO,ES,Federal Contract Tower,0,3,18,2,23,0,2,32,3,37,0,5,50,5,60,66,12,78,138
05/18/2011,AHN,GA,ASO,ES,Federal Contract Tower,0,1,16,2,19,0,2,39,4,45,0,3,55,6,64,60,0,60,124
05/19/2011,AHN,GA,ASO,ES,Federal Contract Tower,0,3,16,0,19,0,4,39,2,45,0,7,55,2,64,48,0,48,112
05/20/2011,AHN,GA,ASO,ES,Federal Contract Tower,0,1,20,1,22,0,0,55,5,60,0,1,75,6,82,60,6,66,148
05/21/2011,AHN,GA,ASO,ES,Federal Contract Tower,0,1,15,5,21,0,1,42,2,45,0,2,57,7,66,46,4,50,116
05/22/2011,AHN,GA,ASO,ES,Federal Contract Tower,0,2,16,0,18,0,0,38,0,38,0,2,54,0,56,76,0,76,132
05/23/2011,AHN,GA,ASO,ES,Federal Contract Tower,0,2,16,2,20,0,2,21,2,25,0,4,37,4,45,14,0,14,59
05/24/2011,AHN,GA,ASO,ES,Federal Contract Tower,0,1,17,0,18,0,0,39,3,42,0,1,56,3,60,24,0,24,84
05/25/2011,AHN,GA,ASO,ES,Federal Contract Tower,0,1,23,0,24,0,6,36,0,42,0,7,59,0,66,38,0,38,104
05/26/2011,AHN,GA,ASO,ES,Federal Contract Tower,0,3,14,0,17,0,0,35,0,35,0,3,49,0,52,44,0,44,96
05/27/2011,AHN,GA,ASO,ES,Federal Contract Tower,0,1,18,0,19,0,1,4,0,5,0,2,22,0,24,2,0,2,26
05/28/2011,AHN,GA,ASO,ES,Federal Contract Tower,0,2,20,0,22,0,0,12,0,12,0,2,32,0,34,8,0,8,42
05/29/2011,AHN,GA,ASO,ES,Federal Contract Tower,0,1,10,4,15,0,0,26,0,26,0,1,36,4,41,12,2,14,55
05/30/2011,AHN,GA,ASO,ES,Federal Contract Tower,0,4,14,0,18,0,4,37,0,41,0,8,51,0,59,28,0,28,87
05/31/2011,AHN,GA,ASO,ES,Federal Contract Tower,0,4,23,0,27,0,0,31,0,31,0,4,54,0,58,38,0,38,96
06/01/2011,AHN,GA,ASO,ES,Federal Contract Tower,0,5,21,0,26,0,0,33,0,33,0,5,54,0,59,0,0,0,59
06/02/2011,AHN,GA,ASO,ES,Federal Contract Tower,0,2,16,1,19,0,2,29,2,33,0,4,45,3,52,50,10,60,112
06/03/2011,AHN,GA,ASO,ES,Federal Contract Tower,0,3,12,0,15,0,0,44,0,44,0,3,56,0,59,18,0,18,77
06/04/2011,AHN,GA,ASO,ES,Federal Contract Tower,0,1,7,0,8,0,1,28,0,29,0,2,35,0,37,4,0,4,41
06/05/2011,AHN,GA,ASO,ES,Federal Contract Tower,0,0,21,4,25,0,0,18,0,18,0,0,39,4,43,10,2,12,55
06/06/2011,AHN,GA,ASO,ES,Federal Contract Tower,0,2,13,7,22,0,0,19,0,19,0,2,32,7,41,28,2,30,71
06/07/2011,AHN,GA,ASO,ES,Federal Contract Tower,0,1,20,0,21,0,0,24,0,24,0,1,44,0,45,10,0,10,55
06/08/2011,AHN,GA,ASO,ES,Federal Contract Tower,0,0,10,0,10,0,1,22,0,23,0,1,32,0,33,22,0,22,55
06/09/2011,AHN,GA,ASO,ES,Federal Contract Tower,0,1,7,0,8,0,2,27,3,32,0,3,34,3,40,30,2,32,72
06/10/2011,AHN,GA,ASO,ES,Federal Contract Tower,0,2,17,10,29,0,0,25,4,29,0,2,42,14,58,30,2,32,90
06/11/2011,AHN,GA,ASO,ES,Federal Contract Tower,0,1,6,0,7,0,0,33,1,34,0,1,39,1,41,54,0,54,95
06/12/2011,AHN,GA,ASO,ES,Federal Contract Tower,0,1,15,6,22,0,0,33,0,33,0,1,48,6,55,26,6,32,87
06/13/2011,AHN,GA,ASO,ES,Federal Contract Tower,0,2,13,0,15,0,3,20,0,23,0,5,33,0,38,42,0,42,80
06/14/2011,AHN,GA,ASO,ES,Federal Contract Tower,0,1,13,0,14,0,1,26,0,27,0,2,39,0,41,32,0,32,73
06/15/2011,AHN,GA,ASO,ES,Federal Contract Tower,0,1,13,2,16,0,4,47,0,51,0,5,60,2,67,98,0,98,165
06/16/2011,AHN,GA,ASO,ES,Federal Contract Tower,0,1,18,0,19,0,1,40,0,41,0,2,58,0,60,64,0,64,124
06/17/2011,AHN,GA,ASO,ES,Federal Contract Tower,0,2,27,9,38,0,2,46,0,48,0,4,73,9,86,50,10,60,146
06/18/2011,AHN,GA,ASO,ES,Federal Contract Tower,0,1,11,0,12,0,4,54,0,58,0,5,65,0,70,46,0,46,116
06/19/2011,AHN,GA,ASO,ES,Federal Contract Tower,0,3,22,0,25,0,1,26,0,27,0,4,48,0,52,26,0,26,78
06/20/2011,AHN,GA,ASO,ES,Federal Contract Tower,0,1,2,6,9,0,7,60,3,70,0,8,62,9,79,58,2,60,139
06/21/2011,AHN,GA,ASO,ES,Federal Contract Tower,0,1,18,3,22,0,11,43,8,62,0,12,61,11,84,58,0,58,142
06/22/2011,AHN,GA,ASO,ES,Federal Contract Tower,0,2,12,3,17,0,10,50,8,68,0,12,62,11,85,66,0,66,151
06/23/2011,AHN,GA,ASO,ES,Federal Contract Tower,0,2,12,5,19,0,13,26,3,42,0,15,38,8,61,42,6,48,109
06/24/2011,AHN,GA,ASO,ES,Federal Contract Tower,0,3,20,1,24,0,3,30,0,33,0,6,50,1,57,42,0,42,99
06/25/2011,AHN,GA,ASO,ES,Federal Contract Tower,0,1,7,0,8,0,3,31,1,35,0,4,38,1,43,22,0,22,65
06/26/2011,AHN,GA,ASO,ES,Federal Contract Tower,0,1,38,0,39,0,3,28,0,31,0,4,66,0,70,48,0,48,118
06/27/2011,AHN,GA,ASO,ES,Federal Contract Tower,0,1,33,0,34,0,1,29,0,30,0,2,62,0,64,40,0,40,104
06/28/2011,AHN,GA,ASO,ES,Federal Contract Tower,0,3,16,0,19,0,0,35,0,35,0,3,51,0,54,28,0,28,82
06/29/2011,AHN,GA,ASO,ES,Federal Contract Tower,0,2,26,0,28,0,1,24,0,25,0,3,50,0,53,24,0,24,77
06/30/2011,AHN,GA,ASO,ES,Federal Contract Tower,0,4,15,0,19,0,5,48,0,53,0,9,63,0,72,36,0,36,108
07/01/2011,AHN,GA,ASO,ES,Federal Contract Tower,0,4,12,5,21,0,0,40,0,40,0,4,52,5,61,48,0,48,109
07/02/2011,AHN,GA,ASO,ES,Federal Contract Tower,0,2,9,0,11,0,0,39,0,39,0,2,48,0,50,16,2,18,68
07/03/2011,AHN,GA,ASO,ES,Federal Contract Tower,0,2,1,0,3,0,0,22,0,22,0,2,23,0,25,0,0,0,25
07/04/2011,AHN,GA,ASO,ES,Federal Contract Tower,0,4,9,0,13,0,0,12,0,12,0,4,21,0,25,16,0,16,41
07/05/2011,AHN,GA,ASO,ES,Federal Contract Tower,0,3,10,4,17,0,0,28,3,31,0,3,38,7,48,10,8,18,66
07/06/2011,AHN,GA,ASO,ES,Federal Contract Tower,0,4,21,0,25,0,3,55,0,58,0,7,76,0,83,108,0,108,191
07/07/2011,AHN,GA,ASO,ES,Federal Contract Tower,0,2,29,0,31,0,0,50,1,51,0,2,79,1,82,66,0,66,148
07/08/2011,AHN,GA,ASO,ES,Federal Contract Tower,0,3,18,7,28,0,1,31,0,32,0,4,49,7,60,104,0,104,164
07/09/2011,AHN,GA,ASO,ES,Federal Contract Tower,0,1,12,0,13,0,1,41,1,43,0,2,53,1,56,20,10,30,86
07/10/2011,AHN,GA,ASO,ES,Federal Contract Tower,0,2,20,6,28,0,1,8,0,9,0,3,28,6,37,22,4,26,63
07/11/2011,AHN,GA,ASO,ES,Federal Contract Tower,0,4,8,0,12,0,2,46,0,48,0,6,54,0,60,70,0,70,130
07/12/2011,AHN,GA,ASO,ES,Federal Contract Tower,0,4,18,0,22,0,4,56,0,60,0,8,74,0,82,154,0,154,236
07/13/2011,AHN,GA,ASO,ES,Federal Contract Tower,0,4,22,0,26,0,2,43,0,45,0,6,65,0,71,108,0,108,179
07/14/2011,AHN,GA,ASO,ES,Federal Contract Tower,0,1,11,0,12,0,1,14,0,15,0,2,25,0,27,34,0,34,61
07/15/2011,AHN,GA,ASO,ES,Federal Contract Tower,0,1,23,0,24,0,0,6,2,8,0,1,29,2,32,12,0,12,44
07/16/2011,AHN,GA,ASO,ES,Federal Contract Tower,0,2,16,0,18,0,0,23,0,23,0,2,39,0,41,18,0,18,59
07/17/2011,AHN,GA,ASO,ES,Federal Contract Tower,0,2,21,18,41,0,0,43,0,43,0,2,64,18,84,46,14,60,144
07/18/2011,AHN,GA,ASO,ES,Federal Contract Tower,0,3,10,0,13,0,2,48,6,56,0,5,58,6,69,54,0,54,123
07/19/2011,AHN,GA,ASO,ES,Federal Contract Tower,0,4,11,1,16,0,0,52,2,54,0,4,63,3,70,54,6,60,130
07/20/2011,AHN,GA,ASO,ES,Federal Contract Tower,0,3,11,0,14,0,0,32,0,32,0,3,43,0,46,42,0,42,88
07/21/2011,AHN,GA,ASO,ES,Federal Contract Tower,0,4,18,0,22,0,1,38,0,39,0,5,56,0,61,38,0,38,99
07/22/2011,AHN,GA,ASO,ES,Federal Contract Tower,0,0,13,8,21,0,2,37,0,39,0,2,50,8,60,44,0,44,104
07/23/2011,AHN,GA,ASO,ES,Federal Contract Tower,0,0,18,0,18,0,2,34,0,36,0,2,52,0,54,28,0,28,82
07/24/2011,AHN,GA,ASO,ES,Federal Contract Tower,0,1,23,0,24,0,1,20,2,23,0,2,43,2,47,8,0,8,55
07/25/2011,AHN,GA,ASO,ES,Federal Contract Tower,0,4,20,0,24,0,0,26,0,26,0,4,46,0,50,10,0,10,60
07/26/2011,AHN,GA,ASO,ES,Federal Contract Tower,0,8,10,1,19,0,1,41,1,43,0,9,51,2,62,88,18,106,168
07/27/2011,AHN,GA,ASO,ES,Federal Contract Tower,0,3,24,0,27,0,0,45,0,45,0,3,69,0,72,100,0,100,172
07/28/2011,AHN,GA,ASO,ES,Federal Contract Tower,0,4,33,0,37,0,2,23,0,25,0,6,56,0,62,48,0,48,110
07/29/2011,AHN,GA,ASO,ES,Federal Contract Tower,0,4,12,7,23,0,1,66,3,70,0,5,78,10,93,60,0,60,153
07/30/2011,AHN,GA,ASO,ES,Federal Contract Tower,0,5,9,0,14,0,1,35,0,36,0,6,44,0,50,58,2,60,110
07/31/2011,AHN,GA,ASO,ES,Federal Contract Tower,0,3,11,0,14,0,0,14,0,14,0,3,25,0,28,10,0,10,38
08/01/2011,AHN,GA,ASO,ES,Federal Contract Tower,0,3,10,1,14,0,2,26,1,29,0,5,36,2,43,30,0,30,73
08/02/2011,AHN,GA,ASO,ES,Federal Contract Tower,0,4,12,1,17,0,0,48,0,48,0,4,60,1,65,106,0,106,171
08/03/2011,AHN,GA,ASO,ES,Federal Contract Tower,0,5,13,2,20,0,0,37,0,37,0,5,50,2,57,42,0,42,99
08/04/2011,AHN,GA,ASO,ES,Federal Contract Tower,0,2,15,0,17,0,5,37,0,42,0,7,52,0,59,46,0,46,105
08/05/2011,AHN,GA,ASO,ES,Federal Contract Tower,0,1,9,0,10,0,6,28,0,34,0,7,37,0,44,32,0,32,76
08/06/2011,AHN,GA,ASO,ES,Federal Contract Tower,0,2,18,0,20,0,1,4,0,5,0,3,22,0,25,44,0,44,69
08/07/2011,AHN,GA,ASO,ES,Federal Contract Tower,0,1,25,10,36,0,1,20,0,21,0,2,45,10,57,26,10,36,93
08/08/2011,AHN,GA,ASO,ES,Federal Contract Tower,0,3,10,3,16,0,0,44,2,46,0,3,54,5,62,52,10,62,124
08/09/2011,AHN,GA,ASO,ES,Federal Contract Tower,0,3,21,0,24,0,0,18,0,18,0,3,39,0,42,2,0,2,44
08/10/2011,AHN,GA,ASO,ES,Federal Contract Tower,0,1,18,0,19,0,4,54,0,58,0,5,72,0,77,52,0,52,129
08/11/2011,AHN,GA,ASO,ES,Federal Contract Tower,0,2,19,0,21,0,5,49,0,54,0,7,68,0,75,46,0,46,121
08/12/2011,AHN,GA,ASO,ES,Federal Contract Tower,0,2,26,0,28,0,5,42,2,49,0,7,68,2,77,20,0,20,97
08/13/2011,AHN,GA,ASO,ES,Federal Contract Tower,0,1,13,0,14,0,2,22,0,24,0,3,35,0,38,20,0,20,58
08/14/2011,AHN,GA,ASO,ES,Federal Contract Tower,0,2,17,19,38,0,2,10,2,14,0,4,27,21,52,10,0,10,62
08/15/2011,AHN,GA,ASO,ES,Federal Contract Tower,0,3,40,0,43,0,2,57,0,59,0,5,97,0,102,32,0,32,134
08/16/2011,AHN,GA,ASO,ES,Federal Contract Tower,0,4,10,0,14,0,0,71,3,74,0,4,81,3,88,52,0,52,140
08/17/2011,AHN,GA,ASO,ES,Federal Contract Tower,0,5,6,0,11,0,0,54,0,54,0,5,60,0,65,48,0,48,113
08/18/2011,AHN,GA,ASO,ES,Federal Contract Tower,0,3,11,0,14,0,2,39,0,41,0,5,50,0,55,24,0,24,79
08/19/2011,AHN,GA,ASO,ES,Federal Contract Tower,0,3,17,0,20,0,4,41,0,45,0,7,58,0,65,84,0,84,149
08/20/2011,AHN,GA,ASO,ES,Federal Contract Tower,0,2,16,0,18,0,10,38,0,48,0,12,54,0,66,60,0,60,126
08/21/2011,AHN,GA,ASO,ES,Federal Contract Tower,0,2,15,4,21,0,0,18,0,18,0,2,33,4,39,10,0,10,49
08/22/2011,AHN,GA,ASO,ES,Federal Contract Tower,0,3,9,0,12,0,3,26,1,30,0,6,35,1,42,54,0,54,96
08/23/2011,AHN,GA,ASO,ES,Federal Contract Tower,0,3,12,0,15,0,0,53,0,53,0,3,65,0,68,82,0,82,150
08/24/2011,AHN,GA,ASO,ES,Federal Contract Tower,0,5,13,0,18,0,0,33,0,33,0,5,46,0,51,22,0,22,73
08/25/2011,AHN,GA,ASO,ES,Federal Contract Tower,0,3,12,0,15,0,4,57,2,63,0,7,69,2,78,64,0,64,142
08/26/2011,AHN,GA,ASO,ES,Federal Contract Tower,0,3,7,0,10,0,2,37,0,39,0,5,44,0,49,6,0,6,55
08/27/2011,AHN,GA,ASO,ES,Federal Contract Tower,0,2,6,0,8,0,2,50,0,52,0,4,56,0,60,44,0,44,104
08/28/2011,AHN,GA,ASO,ES,Federal Contract Tower,0,2,11,2,15,0,0,55,4,59,0,2,66,6,74,26,0,26,100
08/29/2011,AHN,GA,ASO,ES,Federal Contract Tower,0,6,4,0,10,0,3,32,0,35,0,9,36,0,45,50,0,50,95
08/30/2011,AHN,GA,ASO,ES,Federal Contract Tower,0,5,22,3,30,0,0,14,1,15,0,5,36,4,45,38,0,38,83
08/31/2011,AHN,GA,ASO,ES,Federal Contract Tower,0,3,10,0,13,0,0,32,0,32,0,3,42,0,45,49,0,49,94
09/01/2011,AHN,GA,ASO,ES,Federal Contract Tower,0,5,19,10,34,0,1,36,1,38,0,6,55,11,72,54,0,54,126
09/02/2011,AHN,GA,ASO,ES,Federal Contract Tower,0,4,14,4,22,0,2,34,0,36,0,6,48,4,58,16,0,16,74
09/03/2011,AHN,GA,ASO,ES,Federal Contract Tower,0,2,12,0,14,0,4,33,0,37,0,6,45,0,51,58,0,58,109
09/04/2011,AHN,GA,ASO,ES,Federal Contract Tower,0,2,6,0,8,0,2,16,0,18,0,4,22,0,26,18,0,18,44
09/05/2011,AHN,GA,ASO,ES,Federal Contract Tower,0,5,13,0,18,0,0,0,0,0,0,5,13,0,18,0,0,0,18
09/06/2011,AHN,GA,ASO,ES,Federal Contract Tower,0,5,8,0,13,0,0,0,0,0,0,5,8,0,13,0,0,0,13
09/07/2011,AHN,GA,ASO,ES,Federal Contract Tower,0,3,33,0,36,0,0,16,0,16,0,3,49,0,52,38,0,38,90
09/08/2011,AHN,GA,ASO,ES,Federal Contract Tower,0,3,18,0,21,0,4,27,0,31,0,7,45,0,52,32,0,32,84
09/09/2011,AHN,GA,ASO,ES,Federal Contract Tower,0,7,30,4,41,0,5,52,0,57,0,12,82,4,98,38,0,38,136
09/10/2011,AHN,GA,ASO,ES,Federal Contract Tower,0,18,71,0,89,0,2,77,8,87,0,20,148,8,176,50,10,60,236
09/11/2011,AHN,GA,ASO,ES,Federal Contract Tower,0,6,28,10,44,0,1,53,1,55,0,7,81,11,99,4,4,8,107
09/12/2011,AHN,GA,ASO,ES,Federal Contract Tower,0,6,9,0,15,0,2,36,0,38,0,8,45,0,53,38,0,38,91
09/13/2011,AHN,GA,ASO,ES,Federal Contract Tower,0,5,14,0,19,0,0,49,0,49,0,5,63,0,68,24,0,24,92
09/14/2011,AHN,GA,ASO,ES,Federal Contract Tower,0,6,12,0,18,0,2,31,0,33,0,8,43,0,51,38,0,38,89
09/15/2011,AHN,GA,ASO,ES,Federal Contract Tower,0,12,17,0,29,0,3,37,0,40,0,15,54,0,69,28,0,28,97
09/16/2011,AHN,GA,ASO,ES,Federal Contract Tower,0,1,43,0,44,0,1,11,0,12,0,2,54,0,56,12,0,12,68
09/17/2011,AHN,GA,ASO,ES,Federal Contract Tower,0,5,25,0,30,0,2,30,0,32,0,7,55,0,62,12,0,12,74
09/18/2011,AHN,GA,ASO,ES,Federal Contract Tower,0,4,43,0,47,0,0,15,0,15,0,4,58,0,62,16,0,16,78
09/19/2011,AHN,GA,ASO,ES,Federal Contract Tower,0,5,12,2,19,0,6,32,0,38,0,11,44,2,57,24,0,24,81
09/20/2011,AHN,GA,ASO,ES,Federal Contract Tower,0,2,24,0,26,0,1,12,0,13,0,3,36,0,39,10,0,10,49
09/21/2011,AHN,GA,ASO,ES,Federal Contract Tower,0,5,20,6,31,0,0,6,0,6,0,5,26,6,37,22,0,22,59
09/22/2011,AHN,GA,ASO,ES,Federal Contract Tower,0,5,39,2,46,0,0,9,0,9,0,5,48,2,55,24,2,26,81
09/23/2011,AHN,GA,ASO,ES,Federal Contract Tower,4,10,16,2,32,0,0,26,0,26,4,10,42,2,58,58,0,58,116
09/24/2011,AHN,GA,ASO,ES,Federal Contract Tower,6,3,11,0,20,0,2,64,0,66,6,5,75,0,86,48,0,48,134
09/25/2011,AHN,GA,ASO,ES,Federal Contract Tower,0,12,38,2,52,0,2,28,0,30,0,14,66,2,82,32,0,32,114
09/26/2011,AHN,GA,ASO,ES,Federal Contract Tower,0,5,20,1,26,0,1,21,0,22,0,6,41,1,48,24,0,24,72
09/27/2011,AHN,GA,ASO,ES,Federal Contract Tower,0,4,13,0,17,0,5,32,0,37,0,9,45,0,54,58,0,58,112
09/28/2011,AHN,GA,ASO,ES,Federal Contract Tower,0,3,12,2,17,0,2,54,3,59,0,5,66,5,76,58,4,62,138
09/29/2011,AHN,GA,ASO,ES,Federal Contract Tower,0,7,18,1,26,0,0,64,3,67,0,7,82,4,93,45,0,45,138
09/30/2011,AHN,GA,ASO,ES,Federal Contract Tower,0,4,33,8,45,0,1,37,3,41,0,5,70,11,86,20,28,48,134
10/01/2011,AHN,GA,ASO,ES,Federal Contract Tower,0,9,46,0,55,0,1,54,0,55,0,10,100,0,110,58,0,58,168
10/02/2011,AHN,GA,ASO,ES,Federal Contract Tower,0,3,36,7,46,0,0,60,3,63,0,3,96,10,109,18,44,62,171
10/03/2011,AHN,GA,ASO,ES,Federal Contract Tower,0,1,16,0,17,0,7,26,0,33,0,8,42,0,50,36,0,36,86
10/04/2011,AHN,GA,ASO,ES,Federal Contract Tower,0,3,12,0,15,0,0,37,0,37,0,3,49,0,52,30,0,30,82
10/05/2011,AHN,GA,ASO,ES,Federal Contract Tower,0,9,17,2,28,0,4,29,0,33,0,13,46,2,61,32,0,32,93
10/06/2011,AHN,GA,ASO,ES,Federal Contract Tower,0,3,31,2,36,0,1,50,0,51,0,4,81,2,87,28,2,30,117
10/07/2011,AHN,GA,ASO,ES,Federal Contract Tower,6,4,33,6,49,0,7,46,0,53,6,11,79,6,102,48,6,54,156
10/08/2011,AHN,GA,ASO,ES,Federal Contract Tower,0,5,4,0,9,0,2,16,0,18,0,7,20,0,27,16,0,16,43
10/09/2011,AHN,GA,ASO,ES,Federal Contract Tower,0,3,18,4,25,0,0,14,0,14,0,3,32,4,39,4,0,4,43
10/10/2011,AHN,GA,ASO,ES,Federal Contract Tower,0,3,19,0,22,0,0,5,0,5,0,3,24,0,27,0,0,0,27
10/11/2011,AHN,GA,ASO,ES,Federal Contract Tower,0,8,22,0,30,0,0,2,0,2,0,8,24,0,32,0,0,0,32
10/12/2011,AHN,GA,ASO,ES,Federal Contract Tower,0,5,17,2,24,0,0,4,0,4,0,5,21,2,28,2,0,2,30
10/13/2011,AHN,GA,ASO,ES,Federal Contract Tower,0,4,23,3,30,0,0,3,0,3,0,4,26,3,33,2,0,2,35
10/14/2011,AHN,GA,ASO,ES,Federal Contract Tower,6,5,12,10,33,0,6,47,2,55,6,11,59,12,88,34,4,38,126
10/15/2011,AHN,GA,ASO,ES,Federal Contract Tower,0,5,17,0,22,0,3,39,0,42,0,8,56,0,64,14,0,14,78
10/16/2011,AHN,GA,ASO,ES,Federal Contract Tower,0,5,12,4,21,0,0,50,1,51,0,5,62,5,72,74,4,78,150
10/17/2011,AHN,GA,ASO,ES,Federal Contract Tower,0,1,16,1,18,0,4,36,0,40,0,5,52,1,58,28,4,32,90
10/18/2011,AHN,GA,ASO,ES,Federal Contract Tower,0,3,19,0,22,0,2,15,0,17,0,5,34,0,39,20,0,20,59
10/19/2011,AHN,GA,ASO,ES,Federal Contract Tower,0,6,5,0,11,0,2,0,0,2,0,8,5,0,13,0,0,0,13
10/20/2011,AHN,GA,ASO,ES,Federal Contract Tower,0,3,17,1,21,0,0,16,2,18,0,3,33,3,39,8,0,8,47
10/21/2011,AHN,GA,ASO,ES,Federal Contract Tower,0,2,23,19,44,0,4,44,3,51,0,6,67,22,95,24,24,48,143
10/22/2011,AHN,GA,ASO,ES,Federal Contract Tower,0,2,6,0,8,0,4,40,0,44,0,6,46,0,52,42,0,42,94
10/23/2011,AHN,GA,ASO,ES,Federal Contract Tower,0,2,25,2,29,0,4,48,0,52,0,6,73,2,81,12,0,12,93
10/24/2011,AHN,GA,ASO,ES,Federal Contract Tower,0,2,16,0,18,0,2,40,2,44,0,4,56,2,62,26,0,26,88
10/25/2011,AHN,GA,ASO,ES,Federal Contract Tower,0,3,35,0,38,0,1,36,0,37,0,4,71,0,75,48,0,48,123
10/26/2011,AHN,GA,ASO,ES,Federal Contract Tower,0,4,16,2,22,0,2,18,1,21,0,6,34,3,43,25,1,26,69
10/27/2011,AHN,GA,ASO,ES,Federal Contract Tower,0,5,21,3,29,0,1,24,1,26,0,6,45,4,55,18,2,20,75
10/28/2011,AHN,GA,ASO,ES,Federal Contract Tower,6,3,23,2,34,0,0,9,0,9,6,3,32,2,43,8,0,8,51
10/29/2011,AHN,GA,ASO,ES,Federal Contract Tower,0,2,6,0,8,0,1,20,0,21,0,3,26,0,29,26,0,26,55
10/30/2011,AHN,GA,ASO,ES,Federal Contract Tower,0,1,27,0,28,0,2,38,0,40,0,3,65,0,68,0,0,0,68
10/31/2011,AHN,GA,ASO,ES,Federal Contract Tower,0,1,14,1,16,0,2,49,1,52,0,3,63,2,68,28,0,28,96
11/01/2011,AHN,GA,ASO,ES,Federal Contract Tower,0,2,23,7,32,0,3,35,1,39,0,5,58,8,71,64,6,70,141
11/02/2011,AHN,GA,ASO,ES,Federal Contract Tower,0,2,15,0,17,0,2,26,1,29,0,4,41,1,46,64,0,64,110
11/03/2011,AHN,GA,ASO,ES,Federal Contract Tower,0,4,6,0,10,0,0,18,0,18,0,4,24,0,28,10,0,10,38
11/04/2011,AHN,GA,ASO,ES,Federal Contract Tower,0,6,25,5,36,0,2,28,1,31,0,8,53,6,67,32,0,32,99
11/05/2011,AHN,GA,ASO,ES,Federal Contract Tower,0,0,21,17,38,0,1,43,3,47,0,1,64,20,85,8,18,26,111
11/06/2011,AHN,GA,ASO,ES,Federal Contract Tower,0,3,27,0,30,0,2,35,2,39,0,5,62,2,69,56,0,56,125
11/07/2011,AHN,GA,ASO,ES,Federal Contract Tower,0,4,10,0,14,0,0,24,0,24,0,4,34,0,38,90,0,90,128
11/08/2011,AHN,GA,ASO,ES,Federal Contract Tower,0,4,8,0,12,0,2,35,0,37,0,6,43,0,49,46,0,46,95
11/09/2011,AHN,GA,ASO,ES,Federal Contract Tower,0,2,19,0,21,0,3,24,1,28,0,5,43,1,49,22,0,22,71
11/10/2011,AHN,GA,ASO,ES,Federal Contract Tower,0,7,23,4,34,0,1,6,1,8,0,8,29,5,42,8,2,10,52
11/11/2011,AHN,GA,ASO,ES,Federal Contract Tower,0,7,36,2,45,0,0,57,2,59,0,7,93,4,104,38,4,42,146
11/12/2011,AHN,GA,ASO,ES,Federal Contract Tower,0,11,82,2,95,0,4,70,0,74,0,15,152,2,169,78,0,78,247
11/13/2011,AHN,GA,ASO,ES,Federal Contract Tower,0,3,45,0,48,0,2,38,0,40,0,5,83,0,88,12,0,12,100
11/14/2011,AHN,GA,ASO,ES,Federal Contract Tower,0,5,5,0,10,0,1,28,0,29,0,6,33,0,39,20,0,20,59
11/15/2011,AHN,GA,ASO,ES,Federal Contract Tower,0,5,16,0,21,0,0,19,0,19,0,5,35,0,40,32,0,32,72
11/16/2011,AHN,GA,ASO,ES,Federal Contract Tower,0,3,23,0,26,0,0,2,0,2,0,3,25,0,28,0,0,0,28
11/17/2011,AHN,GA,ASO,ES,Federal Contract Tower,0,6,12,7,25,0,2,27,1,30,0,8,39,8,55,18,6,24,79
11/18/2011,AHN,GA,ASO,ES,Federal Contract Tower,0,7,29,12,48,0,6,55,0,61,0,13,84,12,109,72,14,86,195
11/19/2011,AHN,GA,ASO,ES,Federal Contract Tower,8,5,72,0,85,0,0,30,0,30,8,5,102,0,115,10,0,10,125
11/20/2011,AHN,GA,ASO,ES,Federal Contract Tower,0,4,26,6,36,0,0,10,0,10,0,4,36,6,46,6,0,6,52
11/21/2011,AHN,GA,ASO,ES,Federal Contract Tower,0,5,24,4,33,0,1,12,0,13,0,6,36,4,46,34,2,36,82
11/22/2011,AHN,GA,ASO,ES,Federal Contract Tower,0,8,15,0,23,0,2,28,0,30,0,10,43,0,53,32,0,32,85
11/23/2011,AHN,GA,ASO,ES,Federal Contract Tower,0,5,30,0,35,0,2,24,0,26,0,7,54,0,61,18,0,18,79
11/24/2011,AHN,GA,ASO,ES,Federal Contract Tower,0,2,8,0,10,0,1,13,0,14,0,3,21,0,24,18,0,18,42
11/25/2011,AHN,GA,ASO,ES,Federal Contract Tower,0,3,20,0,23,0,2,50,0,52,0,5,70,0,75,60,0,60,135
11/26/2011,AHN,GA,ASO,ES,Federal Contract Tower,0,4,24,0,28,0,0,29,0,29,0,4,53,0,57,30,0,30,87
11/27/2011,AHN,GA,ASO,ES,Federal Contract Tower,0,6,28,0,34,0,3,2,0,5,0,9,30,0,39,6,0,6,45
11/28/2011,AHN,GA,ASO,ES,Federal Contract Tower,0,4,2,0,6,0,0,0,0,0,0,4,2,0,6,0,0,0,6
11/29/2011,AHN,GA,ASO,ES,Federal Contract Tower,0,3,4,0,7,0,0,1,0,1,0,3,5,0,8,0,0,0,8
11/30/2011,AHN,GA,ASO,ES,Federal Contract Tower,0,4,22,1,27,0,1,19,4,24,0,5,41,5,51,40,0,40,91
12/01/2011,AHN,GA,ASO,ES,Federal Contract Tower,0,5,19,2,26,0,4,37,0,41,0,9,56,2,67,22,0,22,89
12/02/2011,AHN,GA,ASO,ES,Federal Contract Tower,0,5,29,11,45,0,0,31,6,37,0,5,60,17,82,84,22,106,188
12/03/2011,AHN,GA,ASO,ES,Federal Contract Tower,0,2,6,2,10,0,8,44,2,54,0,10,50,4,64,10,0,10,74
12/04/2011,AHN,GA,ASO,ES,Federal Contract Tower,0,1,15,9,25,0,7,10,1,18,0,8,25,10,43,4,0,4,47
12/05/2011,AHN,GA,ASO,ES,Federal Contract Tower,0,3,15,0,18,0,2,4,0,6,0,5,19,0,24,2,0,2,26
12/06/2011,AHN,GA,ASO,ES,Federal Contract Tower,0,4,18,4,26,0,4,3,0,7,0,8,21,4,33,4,0,4,37
12/07/2011,AHN,GA,ASO,ES,Federal Contract Tower,0,4,11,9,24,0,1,0,0,1,0,5,11,9,25,0,0,0,25
12/08/2011,AHN,GA,ASO,ES,Federal Contract Tower,0,3,27,0,30,0,2,36,0,38,0,5,63,0,68,28,0,28,96
12/09/2011,AHN,GA,ASO,ES,Federal Contract Tower,0,4,13,3,20,0,0,35,0,35,0,4,48,3,55,22,0,22,77
12/10/2011,AHN,GA,ASO,ES,Federal Contract Tower,0,2,12,0,14,0,4,35,0,39,0,6,47,0,53,24,0,24,77
12/11/2011,AHN,GA,ASO,ES,Federal Contract Tower,0,6,4,2,12,0,0,25,2,27,0,6,29,4,39,72,0,72,111
12/12/2011,AHN,GA,ASO,ES,Federal Contract Tower,0,5,8,0,13,0,2,3,1,6,0,7,11,1,19,14,0,14,33
12/13/2011,AHN,GA,ASO,ES,Federal Contract Tower,0,10,10,0,20,0,1,36,0,37,0,11,46,0,57,60,0,60,117
12/14/2011,AHN,GA,ASO,ES,Federal Contract Tower,0,6,17,0,23,0,7,36,0,43,0,13,53,0,66,50,0,50,116
12/15/2011,AHN,GA,ASO,ES,Federal Contract Tower,0,4,23,5,32,0,6,26,2,34,0,10,49,7,66,32,20,52,118
12/16/2011,AHN,GA,ASO,ES,Federal Contract Tower,0,3,23,15,41,0,0,20,0,20,0,3,43,15,61,18,4,22,83
12/17/2011,AHN,GA,ASO,ES,Federal Contract Tower,0,4,16,2,22,0,0,26,1,27,0,4,42,3,49,42,18,60,109
12/18/2011,AHN,GA,ASO,ES,Federal Contract Tower,0,0,18,0,18,0,1,39,2,42,0,1,57,2,60,6,0,6,66
12/19/2011,AHN,GA,ASO,ES,Federal Contract Tower,0,2,16,5,23,0,4,56,2,62,0,6,72,7,85,54,0,54,139
12/20/2011,AHN,GA,ASO,ES,Federal Contract Tower,0,2,18,0,20,0,0,2,1,3,0,2,20,1,23,4,0,4,27
12/21/2011,AHN,GA,ASO,ES,Federal Contract Tower,0,3,9,2,14,0,0,1,0,1,0,3,10,2,15,0,0,0,15
12/22/2011,AHN,GA,ASO,ES,Federal Contract Tower,0,2,18,0,20,0,0,0,0,0,0,2,18,0,20,0,0,0,20
12/23/2011,AHN,GA,ASO,ES,Federal Contract Tower,0,3,10,0,13,0,0,29,0,29,0,3,39,0,42,14,0,14,56
12/24/2011,AHN,GA,ASO,ES,Federal Contract Tower,0,3,7,0,10,0,1,18,0,19,0,4,25,0,29,0,0,0,29
12/25/2011,AHN,GA,ASO,ES,Federal Contract Tower,0,2,0,0,2,0,0,0,0,0,0,2,0,0,2,0,0,0,2
12/26/2011,AHN,GA,ASO,ES,Federal Contract Tower,0,4,17,0,21,0,8,42,0,50,0,12,59,0,71,28,0,28,99
12/27/2011,AHN,GA,ASO,ES,Federal Contract Tower,0,3,17,0,20,0,0,0,0,0,0,3,17,0,20,0,0,0,20
12/28/2011,AHN,GA,ASO,ES,Federal Contract Tower,0,0,20,0,20,0,2,35,0,37,0,2,55,0,57,10,0,10,67
12/29/2011,AHN,GA,ASO,ES,Federal Contract Tower,0,6,11,0,17,0,5,40,0,45,0,11,51,0,62,20,0,20,82
12/30/2011,AHN,GA,ASO,ES,Federal Contract Tower,0,5,18,0,23,0,0,25,0,25,0,5,43,0,48,24,0,24,72
12/31/2011,AHN,GA,ASO,ES,Federal Contract Tower,0,7,17,0,24,0,0,39,0,39,0,7,56,0,63,30,0,30,93
01/01/2012,AHN,GA,ASO,ES,Federal Contract Tower,0,3,11,0,14,0,1,4,0,5,0,4,15,0,19,0,0,0,19
01/02/2012,AHN,GA,ASO,ES,Federal Contract Tower,0,5,7,0,12,0,0,14,0,14,0,5,21,0,26,4,0,4,30
01/03/2012,AHN,GA,ASO,ES,Federal Contract Tower,0,3,20,0,23,0,1,9,0,10,0,4,29,0,33,14,0,14,47
01/04/2012,AHN,GA,ASO,ES,Federal Contract Tower,0,4,16,0,20,0,0,22,0,22,0,4,38,0,42,10,0,10,52
01/05/2012,AHN,GA,ASO,ES,Federal Contract Tower,0,5,19,2,26,0,2,30,0,32,0,7,49,2,58,22,0,22,80
01/06/2012,AHN,GA,ASO,ES,Federal Contract Tower,2,3,15,7,27,0,1,40,3,44,2,4,55,10,71,30,0,30,101
01/07/2012,AHN,GA,ASO,ES,Federal Contract Tower,1,2,22,0,25,0,0,31,0,31,1,2,53,0,56,16,0,16,72
01/08/2012,AHN,GA,ASO,ES,Federal Contract Tower,0,6,33,0,39,0,0,2,0,2,0,6,35,0,41,0,0,0,41
01/09/2012,AHN,GA,ASO,ES,Federal Contract Tower,2,5,9,0,16,0,0,2,0,2,2,5,11,0,18,4,0,4,22
01/10/2012,AHN,GA,ASO,ES,Federal Contract Tower,0,4,13,2,19,0,0,8,0,8,0,4,21,2,27,10,0,10,37
01/11/2012,AHN,GA,ASO,ES,Federal Contract Tower,2,5,11,0,18,0,0,1,1,2,2,5,12,1,20,0,0,0,20
01/12/2012,AHN,GA,ASO,ES,Federal Contract Tower,0,3,24,0,27,0,0,4,0,4,0,3,28,0,31,8,0,8,39
01/13/2012,AHN,GA,ASO,ES,Federal Contract Tower,2,4,16,0,22,0,3,25,2,30,2,7,41,2,52,8,0,8,60
01/14/2012,AHN,GA,ASO,ES,Federal Contract Tower,0,4,14,0,18,0,1,45,2,48,0,5,59,2,66,28,4,32,98
01/15/2012,AHN,GA,ASO,ES,Federal Contract Tower,0,7,8,5,20,0,0,44,0,44,0,7,52,5,64,6,0,6,70
01/16/2012,AHN,GA,ASO,ES,Federal Contract Tower,0,1,14,0,15,0,0,32,1,33,0,1,46,1,48,22,4,26,74
01/17/2012,AHN,GA,ASO,ES,Federal Contract Tower,2,1,12,0,15,0,0,0,0,0,2,1,12,0,15,0,0,0,15
01/18/2012,AHN,GA,ASO,ES,Federal Contract Tower,0,2,16,0,18,0,8,24,0,32,0,10,40,0,50,64,0,64,114
01/19/2012,AHN,GA,ASO,ES,Federal Contract Tower,0,6,29,0,35,0,2,54,0,56,0,8,83,0,91,40,0,40,131
01/20/2012,AHN,GA,ASO,ES,Federal Contract Tower,0,10,13,10,33,0,0,4,0,4,0,10,17,10,37,16,0,16,53
01/21/2012,AHN,GA,ASO,ES,Federal Contract Tower,0,9,2,0,11,0,0,0,0,0,0,9,2,0,11,0,0,0,11
01/22/2012,AHN,GA,ASO,ES,Federal Contract Tower,0,3,6,0,9,0,0,0,0,0,0,3,6,0,9,0,0,0,9
01/23/2012,AHN,GA,ASO,ES,Federal Contract Tower,0,4,4,2,10,0,0,0,0,0,0,4,4,2,10,0,0,0,10
01/24/2012,AHN,GA,ASO,ES,Federal Contract Tower,0,2,32,0,34,0,3,57,0,60,0,5,89,0,94,68,0,68,162
01/25/2012,AHN,GA,ASO,ES,Federal Contract Tower,0,7,18,0,25,0,4,31,0,35,0,11,49,0,60,38,0,38,98
01/26/2012,AHN,GA,ASO,ES,Federal Contract Tower,0,3,26,2,31,0,0,3,0,3,0,3,29,2,34,6,0,6,40
01/27/2012,AHN,GA,ASO,ES,Federal Contract Tower,0,6,30,10,46,0,1,14,0,15,0,7,44,10,61,26,6,32,93
01/28/2012,AHN,GA,ASO,ES,Federal Contract Tower,0,8,12,6,26,0,2,45,0,47,0,10,57,6,73,18,0,18,91
01/29/2012,AHN,GA,ASO,ES,Federal Contract Tower,1,2,18,4,25,0,0,60,0,60,1,2,78,4,85,12,0,12,97
01/30/2012,AHN,GA,ASO,ES,Federal Contract Tower,0,3,16,0,19,0,0,45,0,45,0,3,61,0,64,32,0,32,96
01/31/2012,AHN,GA,ASO,ES,Federal Contract Tower,0,6,29,0,35,0,2,47,0,49,0,8,76,0,84,36,0,36,120
02/01/2012,AHN,GA,ASO,ES,Federal Contract Tower,0,3,32,0,35,0,0,22,0,22,0,3,54,0,57,12,0,12,69
02/02/2012,AHN,GA,ASO,ES,Federal Contract Tower,0,5,15,0,20,0,2,36,0,38,0,7,51,0,58,50,0,50,108
02/03/2012,AHN,GA,ASO,ES,Federal Contract Tower,2,8,24,5,39,0,0,42,1,43,2,8,66,6,82,78,0,78,160
02/04/2012,AHN,GA,ASO,ES,Federal Contract Tower,0,12,16,18,46,0,0,18,0,18,0,12,34,18,64,42,0,42,106
02/05/2012,AHN,GA,ASO,ES,Federal Contract Tower,1,7,19,9,36,0,0,31,0,31,1,7,50,9,67,6,0,6,73
02/06/2012,AHN,GA,ASO,ES,Federal Contract Tower,0,6,17,2,25,0,0,6,0,6,0,6,23,2,31,76,0,76,107
02/07/2012,AHN,GA,ASO,ES,Federal Contract Tower,0,5,19,0,24,0,2,24,0,26,0,7,43,0,50,12,0,12,62
02/08/2012,AHN,GA,ASO,ES,Federal Contract Tower,0,6,14,5,25,0,0,21,0,21,0,6,35,5,46,72,0,72,118
02/09/2012,AHN,GA,ASO,ES,Federal Contract Tower,0,4,19,0,23,0,0,29,0,29,0,4,48,0,52,22,0,22,74
02/10/2012,AHN,GA,ASO,ES,Federal Contract Tower,2,4,35,13,54,0,0,46,0,46,2,4,81,13,100,40,14,54,154
02/11/2012,AHN,GA,ASO,ES,Federal Contract Tower,2,6,16,0,24,0,0,18,0,18,2,6,34,0,42,8,0,8,50
02/12/2012,AHN,GA,ASO,ES,Federal Contract Tower,0,4,16,12,32,0,0,15,0,15,0,4,31,12,47,8,0,8,55
02/13/2012,AHN,GA,ASO,ES,Federal Contract Tower,0,1,13,1,15,0,0,30,0,30,0,1,43,1,45,34,0,34,79
02/14/2012,AHN,GA,ASO,ES,Federal Contract Tower,0,5,8,0,13,0,0,0,6,6,0,5,8,6,19,0,0,0,19
02/15/2012,AHN,GA,ASO,ES,Federal Contract Tower,0,5,20,0,25,0,0,51,8,59,0,5,71,8,84,24,0,24,108
02/16/2012,AHN,GA,ASO,ES,Federal Contract Tower,0,6,18,0,24,0,0,0,0,0,0,6,18,0,24,0,0,0,24
02/17/2012,AHN,GA,ASO,ES,Federal Contract Tower,0,4,32,0,36,0,0,36,2,38,0,4,68,2,74,68,0,68,142
02/18/2012,AHN,GA,ASO,ES,Federal Contract Tower,2,3,16,0,21,0,0,29,0,29,2,3,45,0,50,8,0,8,58
02/19/2012,AHN,GA,ASO,ES,Federal Contract Tower,2,4,15,0,21,0,0,0,0,0,2,4,15,0,21,0,0,0,21
02/20/2012,AHN,GA,ASO,ES,Federal Contract Tower,0,5,16,0,21,0,0,47,0,47,0,5,63,0,68,6,0,6,74
02/21/2012,AHN,GA,ASO,ES,Federal Contract Tower,2,3,16,2,23,0,0,20,0,20,2,3,36,2,43,66,0,66,109
02/22/2012,AHN,GA,ASO,ES,Federal Contract Tower,0,8,10,0,18,0,0,12,0,12,0,8,22,0,30,0,0,0,30
02/23/2012,AHN,GA,ASO,ES,Federal Contract Tower,0,9,43,0,52,0,1,10,2,13,0,10,53,2,65,6,0,6,71
02/24/2012,AHN,GA,ASO,ES,Federal Contract Tower,0,6,16,0,22,0,0,1,0,1,0,6,17,0,23,0,0,0,23
02/25/2012,AHN,GA,ASO,ES,Federal Contract Tower,0,7,16,0,23,0,0,21,0,21,0,7,37,0,44,14,0,14,58
02/26/2012,AHN,GA,ASO,ES,Federal Contract Tower,1,3,25,4,33,0,0,54,0,54,1,3,79,4,87,48,0,48,135
02/27/2012,AHN,GA,ASO,ES,Federal Contract Tower,0,3,31,0,34,0,2,14,0,16,0,5,45,0,50,42,0,42,92
02/28/2012,AHN,GA,ASO,ES,Federal Contract Tower,0,3,23,0,26,0,0,16,0,16,0,3,39,0,42,42,0,42,84
02/29/2012,AHN,GA,ASO,ES,Federal Contract Tower,0,9,37,0,46,0,0,5,0,5,0,9,42,0,51,34,0,34,85
03/01/2012,AHN,GA,ASO,ES,Federal Contract Tower,0,7,11,0,18,0,1,38,0,39,0,8,49,0,57,20,0,20,77
03/02/2012,AHN,GA,ASO,ES,Federal Contract Tower,0,5,16,0,21,0,0,2,0,2,0,5,18,0,23,0,0,0,23
03/03/2012,AHN,GA,ASO,ES,Federal Contract Tower,0,5,10,0,15,0,0,8,0,8,0,5,18,0,23,2,0,2,25
03/04/2012,AHN,GA,ASO,ES,Federal Contract Tower,0,6,22,1,29,0,0,9,1,10,0,6,31,2,39,0,0,0,39
03/05/2012,AHN,GA,ASO,ES,Federal Contract Tower,0,5,20,0,25,0,2,11,0,13,0,7,31,0,38,10,0,10,48
03/06/2012,AHN,GA,ASO,ES,Federal Contract Tower,0,7,14,0,21,0,1,41,0,42,0,8,55,0,63,28,0,28,91
03/07/2012,AHN,GA,ASO,ES,Federal Contract Tower,1,5,18,8,32,0,2,40,2,44,1,7,58,10,76,22,2,24,100
03/08/2012,AHN,GA,ASO,ES,Federal Contract Tower,0,6,22,3,31,0,0,39,1,40,0,6,61,4,71,18,2,20,91
03/09/2012,AHN,GA,ASO,ES,Federal Contract Tower,0,6,24,0,30,0,0,5,0,5,0,6,29,0,35,10,0,10,45
03/10/2012,AHN,GA,ASO,ES,Federal Contract Tower,0,6,25,0,31,0,3,63,4,70,0,9,88,4,101,40,0,40,141
03/11/2012,AHN,GA,ASO,ES,Federal Contract Tower,0,1,14,0,15,0,1,39,0,40,0,2,53,0,55,60,0,60,115
03/12/2012,AHN,GA,ASO,ES,Federal Contract Tower,0,4,17,0,21,0,0,7,0,7,0,4,24,0,28,0,0,0,28
03/13/2012,AHN,GA,ASO,ES,Federal Contract Tower,0,7,19,0,26,0,0,10,0,10,0,7,29,0,36,34,0,34,70
03/14/2012,AHN,GA,ASO,ES,Federal Contract Tower,0,7,29,0,36,0,2,50,0,52,0,9,79,0,88,86,0,86,174
03/15/2012,AHN,GA,ASO,ES,Federal Contract Tower,0,3,14,2,19,0,4,50,0,54,0,7,64,2,73,84,0,84,157
03/16/2012,AHN,GA,ASO,ES,Federal Contract Tower,0,13,17,12,42,0,3,25,2,30,0,16,42,14,72,0,12,12,84
03/17/2012,AHN,GA,ASO,ES,Federal Contract Tower,0,7,23,0,30,0,0,20,0,20,0,7,43,0,50,12,0,12,62
03/18/2012,AHN,GA,ASO,ES,Federal Contract Tower,0,7,24,7,38,0,0,44,1,45,0,7,68,8,83,29,0,29,112
03/19/2012,AHN,GA,ASO,ES,Federal Contract Tower,0,4,22,1,27,0,0,36,0,36,0,4,58,1,63,28,0,28,91
03/20/2012,AHN,GA,ASO,ES,Federal Contract Tower,0,3,29,2,34,0,0,35,5,40,0,3,64,7,74,58,0,58,132
03/21/2012,AHN,GA,ASO,ES,Federal Contract Tower,4,22,2,0,28,0,0,25,4,29,4,22,27,4,57,54,0,54,111
03/22/2012,AHN,GA,ASO,ES,Federal Contract Tower,0,18,35,3,56,0,0,6,0,6,0,18,41,3,62,26,0,26,88
03/23/2012,AHN,GA,ASO,ES,Federal Contract Tower,0,4,22,0,26,0,0,7,0,7,0,4,29,0,33,8,0,8,41
03/24/2012,AHN,GA,ASO,ES,Federal Contract Tower,0,2,19,0,21,0,1,15,0,16,0,3,34,0,37,18,0,18,55
03/25/2012,AHN,GA,ASO,ES,Federal Contract Tower,0,0,33,2,35,0,2,29,0,31,0,2,62,2,66,10,2,12,78
03/26/2012,AHN,GA,ASO,ES,Federal Contract Tower,0,0,23,0,23,0,1,53,0,54,0,1,76,0,77,60,0,60,137
03/27/2012,AHN,GA,ASO,ES,Federal Contract Tower,0,2,11,0,13,0,2,38,0,40,0,4,49,0,53,16,0,16,69
03/28/2012,AHN,GA,ASO,ES,Federal Contract Tower,0,1,25,2,28,0,0,21,0,21,0,1,46,2,49,4,0,4,53
03/29/2012,AHN,GA,ASO,ES,Federal Contract Tower,0,3,32,8,43,0,1,60,0,61,0,4,92,8,104,40,0,40,144
03/30/2012,AHN,GA,ASO,ES,Federal Contract Tower,0,5,43,0,48,0,0,31,0,31,0,5,74,0,79,16,0,16,95
03/31/2012,AHN,GA,ASO,ES,Federal Contract Tower,0,2,28,0,30,0,0,8,0,8,0,2,36,0,38,8,0,8,46
04/01/2012,AHN,GA,ASO,ES,Federal Contract Tower,0,2,31,2,35,0,3,38,4,45,0,5,69,6,80,2,4,6,86
04/02/2012,AHN,GA,ASO,ES,Federal Contract Tower,0,7,8,0,15,0,0,36,0,36,0,7,44,0,51,14,0,14,65
04/03/2012,AHN,GA,ASO,ES,Federal Contract Tower,0,4,17,4,25,0,0,53,0,53,0,4,70,4,78,26,0,26,104
04/04/2012,AHN,GA,ASO,ES,Federal Contract Tower,0,5,17,0,22,0,0,35,0,35,0,5,52,0,57,24,0,24,81
04/05/2012,AHN,GA,ASO,ES,Federal Contract Tower,0,5,14,0,19,0,0,24,2,26,0,5,38,2,45,8,0,8,53
04/06/2012,AHN,GA,ASO,ES,Federal Contract Tower,0,4,44,4,52,0,0,19,5,24,0,4,63,9,76,8,10,18,94
04/07/2012,AHN,GA,ASO,ES,Federal Contract Tower,0,2,10,0,12,0,0,63,0,63,0,2,73,0,75,66,0,66,141
04/08/2012,AHN,GA,ASO,ES,Federal Contract Tower,0,4,27,0,31,0,0,20,0,20,0,4,47,0,51,4,0,4,55
04/09/2012,AHN,GA,ASO,ES,Federal Contract Tower,0,8,21,9,38,0,0,40,0,40,0,8,61,9,78,54,2,56,134
04/10/2012,AHN,GA,ASO,ES,Federal Contract Tower,0,5,18,0,23,0,0,29,0,29,0,5,47,0,52,4,0,4,56
04/11/2012,AHN,GA,ASO,ES,Federal Contract Tower,0,6,9,1,16,0,0,18,1,19,0,6,27,2,35,24,0,24,59
04/12/2012,AHN,GA,ASO,ES,Federal Contract Tower,0,6,31,0,37,0,1,41,5,47,0,7,72,5,84,56,0,56,140
04/13/2012,AHN,GA,ASO,ES,Federal Contract Tower,0,5,19,6,30,0,0,40,0,40,0,5,59,6,70,30,6,36,106
04/14/2012,AHN,GA,ASO,ES,Federal Contract Tower,0,3,25,7,35,0,0,56,0,56,0,3,81,7,91,26,0,26,117
04/15/2012,AHN,GA,ASO,ES,Federal Contract Tower,0,6,35,25,66,0,2,51,9,62,0,8,86,34,128,14,16,30,158
04/16/2012,AHN,GA,ASO,ES,Federal Contract Tower,0,2,10,12,24,0,0,27,3,30,0,2,37,15,54,14,2,16,70
04/17/2012,AHN,GA,ASO,ES,Federal Contract Tower,0,6,20,0,26,0,0,14,4,18,0,6,34,4,44,2,0,2,46
04/18/2012,AHN,GA,ASO,ES,Federal Contract Tower,0,10,19,0,29,0,0,0,0,0,0,10,19,0,29,0,0,0,29
04/19/2012,AHN,GA,ASO,ES,Federal Contract Tower,0,6,28,0,34,0,0,20,2,22,0,6,48,2,56,56,0,56,112
04/20/2012,AHN,GA,ASO,ES,Federal Contract Tower,0,3,41,2,46,0,0,17,0,17,0,3,58,2,63,4,0,4,67
04/21/2012,AHN,GA,ASO,ES,Federal Contract Tower,0,3,28,0,31,0,1,8,0,9,0,4,36,0,40,16,0,16,56
04/22/2012,AHN,GA,ASO,ES,Federal Contract Tower,0,7,30,0,37,0,1,5,0,6,0,8,35,0,43,0,0,0,43
04/23/2012,AHN,GA,ASO,ES,Federal Contract Tower,0,6,4,0,10,0,1,7,6,14,0,7,11,6,24,2,0,2,26
04/24/2012,AHN,GA,ASO,ES,Federal Contract Tower,0,11,22,2,35,0,0,25,3,28,0,11,47,5,63,18,0,18,81
04/25/2012,AHN,GA,ASO,ES,Federal Contract Tower,0,7,12,8,27,0,2,36,2,40,0,9,48,10,67,0,0,0,67
04/26/2012,AHN,GA,ASO,ES,Federal Contract Tower,14,9,0,0,23,0,0,22,1,23,14,9,22,1,46,12,0,12,58
04/27/2012,AHN,GA,ASO,ES,Federal Contract Tower,0,6,17,11,34,0,5,38,4,47,0,11,55,15,81,40,0,40,121
04/28/2012,AHN,GA,ASO,ES,Federal Contract Tower,0,0,23,0,23,0,0,21,0,21,0,0,44,0,44,0,0,0,44
04/29/2012,AHN,GA,ASO,ES,Federal Contract Tower,0,4,29,8,41,0,1,33,2,36,0,5,62,10,77,54,0,54,131
04/30/2012,AHN,GA,ASO,ES,Federal Contract Tower,0,6,9,4,19,0,2,30,6,38,0,8,39,10,57,18,4,22,79
05/01/2012,AHN,GA,ASO,ES,Federal Contract Tower,0,5,14,0,19,0,0,43,2,45,0,5,57,2,64,36,0,36,100
05/02/2012,AHN,GA,ASO,ES,Federal Contract Tower,0,6,28,0,34,0,0,42,0,42,0,6,70,0,76,12,0,12,88
05/03/2012,AHN,GA,ASO,ES,Federal Contract Tower,0,8,33,0,41,0,0,43,0,43,0,8,76,0,84,26,0,26,110
05/04/2012,AHN,GA,ASO,ES,Federal Contract Tower,0,5,25,13,43,0,0,14,0,14,0,5,39,13,57,24,0,24,81
05/05/2012,AHN,GA,ASO,ES,Federal Contract Tower,0,3,25,0,28,0,0,35,2,37,0,3,60,2,65,18,0,18,83
05/06/2012,AHN,GA,ASO,ES,Federal Contract Tower,0,7,27,0,34,0,0,28,1,29,0,7,55,1,63,12,0,12,75
05/07/2012,AHN,GA,ASO,ES,Federal Contract Tower,0,6,16,4,26,0,0,3,2,5,0,6,19,6,31,28,8,36,67
05/08/2012,AHN,GA,ASO,ES,Federal Contract Tower,0,6,20,0,26,0,0,4,0,4,0,6,24,0,30,32,0,32,62
05/09/2012,AHN,GA,ASO,ES,Federal Contract Tower,0,4,21,2,27,0,0,0,0,0,0,4,21,2,27,0,0,0,27
05/10/2012,AHN,GA,ASO,ES,Federal Contract Tower,0,5,24,1,30,0,0,53,3,56,0,5,77,4,86,16,0,16,102
05/11/2012,AHN,GA,ASO,ES,Federal Contract Tower,0,8,16,12,36,0,3,48,4,55,0,11,64,16,91,2,0,2,93
05/12/2012,AHN,GA,ASO,ES,Federal Contract Tower,0,4,22,0,26,0,0,23,0,23,0,4,45,0,49,14,0,14,63
05/13/2012,AHN,GA,ASO,ES,Federal Contract Tower,0,2,13,0,15,0,0,3,0,3,0,2,16,0,18,0,0,0,18
05/14/2012,AHN,GA,ASO,ES,Federal Contract Tower,0,5,11,1,17,0,0,4,0,4,0,5,15,1,21,8,0,8,29
05/15/2012,AHN,GA,ASO,ES,Federal Contract Tower,0,5,14,0,19,0,2,15,0,17,0,7,29,0,36,46,0,46,82
05/16/2012,AHN,GA,ASO,ES,Federal Contract Tower,0,7,15,6,28,0,0,35,0,35,0,7,50,6,63,44,0,44,107
05/17/2012,AHN,GA,ASO,ES,Federal Contract Tower,0,5,12,2,19,0,2,30,0,32,0,7,42,2,51,16,0,16,67
05/18/2012,AHN,GA,ASO,ES,Federal Contract Tower,0,3,15,6,24,0,2,22,0,24,0,5,37,6,48,38,0,38,86
05/19/2012,AHN,GA,ASO,ES,Federal Contract Tower,0,2,27,2,31,0,2,33,2,37,0,4,60,4,68,34,0,34,102
05/20/2012,AHN,GA,ASO,ES,Federal Contract Tower,0,2,18,0,20,0,0,33,0,33,0,2,51,0,53,22,0,22,75
05/21/2012,AHN,GA,ASO,ES,Federal Contract Tower,0,2,8,0,10,0,2,45,2,49,0,4,53,2,59,114,0,114,173
05/22/2012,AHN,GA,ASO,ES,Federal Contract Tower,0,6,10,7,23,0,0,15,0,15,0,6,25,7,38,8,0,8,46
05/23/2012,AHN,GA,ASO,ES,Federal Contract Tower,0,4,24,2,30,0,2,37,0,39,0,6,61,2,69,38,0,38,107
05/24/2012,AHN,GA,ASO,ES,Federal Contract Tower,0,4,12,0,16,0,0,42,0,42,0,4,54,0,58,58,0,58,116
05/25/2012,AHN,GA,ASO,ES,Federal Contract Tower,0,3,13,9,25,0,1,28,2,31,0,4,41,11,56,20,4,24,80
05/26/2012,AHN,GA,ASO,ES,Federal Contract Tower,0,4,5,0,9,0,0,38,0,38,0,4,43,0,47,16,0,16,63
05/27/2012,AHN,GA,ASO,ES,Federal Contract Tower,0,2,6,15,23,0,0,11,3,14,0,2,17,18,37,8,0,8,45
05/28/2012,AHN,GA,ASO,ES,Federal Contract Tower,0,5,2,2,9,0,0,2,0,2,0,5,4,2,11,2,0,2,13
05/29/2012,AHN,GA,ASO,ES,Federal Contract Tower,0,4,6,0,10,0,0,5,0,5,0,4,11,0,15,0,0,0,15
05/30/2012,AHN,GA,ASO,ES,Federal Contract Tower,0,5,28,2,35,0,0,42,4,46,0,5,70,6,81,98,2,100,181
05/31/2012,AHN,GA,ASO,ES,Federal Contract Tower,0,5,22,1,28,0,4,36,3,43,0,9,58,4,71,72,0,72,143
06/01/2012,AHN,GA,ASO,ES,Federal Contract Tower,0,6,7,2,15,0,0,4,0,4,0,6,11,2,19,4,0,4,23
06/02/2012,AHN,GA,ASO,ES,Federal Contract Tower,0,2,15,0,17,0,0,45,0,45,0,2,60,0,62,34,0,34,96
06/03/2012,AHN,GA,ASO,ES,Federal Contract Tower,0,0,12,9,21,0,0,29,3,32,0,0,41,12,53,30,10,40,93
06/04/2012,AHN,GA,ASO,ES,Federal Contract Tower,0,7,14,0,21,0,2,15,0,17,0,9,29,0,38,0,0,0,38
06/05/2012,AHN,GA,ASO,ES,Federal Contract Tower,0,3,17,0,20,0,0,9,2,11,0,3,26,2,31,6,0,6,37
06/06/2012,AHN,GA,ASO,ES,Federal Contract Tower,0,4,20,6,30,0,0,25,3,28,0,4,45,9,58,4,0,4,62
06/07/2012,AHN,GA,ASO,ES,Federal Contract Tower,0,3,8,2,13,0,0,50,11,61,0,3,58,13,74,62,0,62,136
06/08/2012,AHN,GA,ASO,ES,Federal Contract Tower,0,3,29,2,34,0,0,47,2,49,0,3,76,4,83,100,6,106,189
06/09/2012,AHN,GA,ASO,ES,Federal Contract Tower,0,4,14,0,18,0,0,82,0,82,0,4,96,0,100,126,0,126,226
06/10/2012,AHN,GA,ASO,ES,Federal Contract Tower,0,2,7,0,9,0,0,0,0,0,0,2,7,0,9,0,0,0,9
06/11/2012,AHN,GA,ASO,ES,Federal Contract Tower,0,3,14,0,17,0,0,0,0,0,0,3,14,0,17,0,0,0,17
06/12/2012,AHN,GA,ASO,ES,Federal Contract Tower,0,4,12,2,18,0,2,12,2,16,0,6,24,4,34,16,0,16,50
06/13/2012,AHN,GA,ASO,ES,Federal Contract Tower,0,11,14,2,27,0,5,42,6,53,0,16,56,8,80,100,22,122,202
06/14/2012,AHN,GA,ASO,ES,Federal Contract Tower,0,5,9,0,14,0,0,4,0,4,0,5,13,0,18,38,0,38,56
06/15/2012,AHN,GA,ASO,ES,Federal Contract Tower,0,14,18,10,42,0,1,20,1,22,0,15,38,11,64,22,4,26,90
06/16/2012,AHN,GA,ASO,ES,Federal Contract Tower,0,3,10,0,13,0,0,20,0,20,0,3,30,0,33,8,0,8,41
06/17/2012,AHN,GA,ASO,ES,Federal Contract Tower,0,7,17,0,24,0,0,57,0,57,0,7,74,0,81,8,0,8,89
06/18/2012,AHN,GA,ASO,ES,Federal Contract Tower,0,4,23,2,29,0,0,29,0,29,0,4,52,2,58,18,0,18,76
06/19/2012,AHN,GA,ASO,ES,Federal Contract Tower,0,5,19,0,24,0,0,2,0,2,0,5,21,0,26,54,0,54,80
06/20/2012,AHN,GA,ASO,ES,Federal Contract Tower,0,2,18,0,20,0,1,35,0,36,0,3,53,0,56,26,0,26,82
06/21/2012,AHN,GA,ASO,ES,Federal Contract Tower,0,3,17,2,22,0,2,24,12,38,0,5,41,14,60,82,0,82,142
06/22/2012,AHN,GA,ASO,ES,Federal Contract Tower,0,4,11,18,33,0,1,27,0,28,0,5,38,18,61,38,0,38,99
06/23/2012,AHN,GA,ASO,ES,Federal Contract Tower,0,3,9,0,12,0,2,44,0,46,0,5,53,0,58,22,0,22,80
06/24/2012,AHN,GA,ASO,ES,Federal Contract Tower,0,3,17,8,28,0,2,22,0,24,0,5,39,8,52,4,4,8,60
06/25/2012,AHN,GA,ASO,ES,Federal Contract Tower,0,6,12,0,18,0,1,21,0,22,0,7,33,0,40,46,0,46,86
06/26/2012,AHN,GA,ASO,ES,Federal Contract Tower,0,3,16,3,22,0,1,15,0,16,0,4,31,3,38,16,0,16,54
06/27/2012,AHN,GA,ASO,ES,Federal Contract Tower,0,3,13,4,20,0,3,36,3,42,0,6,49,7,62,60,0,60,122
06/28/2012,AHN,GA,ASO,ES,Federal Contract Tower,0,3,20,2,25,0,2,31,0,33,0,5,51,2,58,60,0,60,118
06/29/2012,AHN,GA,ASO,ES,Federal Contract Tower,0,0,13,6,19,0,0,32,2,34,0,0,45,8,53,16,0,16,69
06/30/2012,AHN,GA,ASO,ES,Federal Contract Tower,0,1,14,0,15,0,2,53,0,55,0,3,67,0,70,24,0,24,94
07/01/2012,AHN,GA,ASO,ES,Federal Contract Tower,0,0,12,0,12,0,0,22,0,22,0,0,34,0,34,2,0,2,36
07/02/2012,AHN,GA,ASO,ES,Federal Contract Tower,0,0,11,0,11,0,0,20,0,20,0,0,31,0,31,2,0,2,33
07/03/2012,AHN,GA,ASO,ES,Federal Contract Tower,0,2,11,2,15,0,0,16,0,16,0,2,27,2,31,14,0,14,45
07/04/2012,AHN,GA,ASO,ES,Federal Contract Tower,0,0,15,0,15,0,0,15,0,15,0,0,30,0,30,28,0,28,58
07/05/2012,AHN,GA,ASO,ES,Federal Contract Tower,0,0,25,0,25,0,0,20,2,22,0,0,45,2,47,34,0,34,81
07/06/2012,AHN,GA,ASO,ES,Federal Contract Tower,0,4,11,4,19,0,5,28,0,33,0,9,39,4,52,10,0,10,62
07/07/2012,AHN,GA,ASO,ES,Federal Contract Tower,0,4,14,0,18,0,0,26,0,26,0,4,40,0,44,24,0,24,68
07/08/2012,AHN,GA,ASO,ES,Federal Contract Tower,0,2,10,8,20,0,0,22,0,22,0,2,32,8,42,20,0,20,62
07/09/2012,AHN,GA,ASO,ES,Federal Contract Tower,0,4,8,0,12,0,4,33,0,37,0,8,41,0,49,2,0,2,51
07/10/2012,AHN,GA,ASO,ES,Federal Contract Tower,0,5,11,20,36,0,0,27,1,28,0,5,38,21,64,44,0,44,108
07/11/2012,AHN,GA,ASO,ES,Federal Contract Tower,0,4,27,1,32,0,2,12,0,14,0,6,39,1,46,22,0,22,68
07/12/2012,AHN,GA,ASO,ES,Federal Contract Tower,0,3,19,0,22,0,0,2,0,2,0,3,21,0,24,0,0,0,24
07/13/2012,AHN,GA,ASO,ES,Federal Contract Tower,0,3,7,14,24,0,2,5,0,7,0,5,12,14,31,6,0,6,37
07/14/2012,AHN,GA,ASO,ES,Federal Contract Tower,0,4,19,0,23,0,1,22,0,23,0,5,41,0,46,30,0,30,76
07/15/2012,AHN,GA,ASO,ES,Federal Contract Tower,0,3,16,18,37,0,0,26,1,27,0,3,42,19,64,32,0,32,96
07/16/2012,AHN,GA,ASO,ES,Federal Contract Tower,0,0,12,2,14,0,0,40,13,53,0,0,52,15,67,78,0,78,145
07/17/2012,AHN,GA,ASO,ES,Federal Contract Tower,0,5,15,0,20,0,0,31,1,32,0,5,46,1,52,24,0,24,76
07/18/2012,AHN,GA,ASO,ES,Federal Contract Tower,0,3,18,0,21,0,1,39,1,41,0,4,57,1,62,20,0,20,82
07/19/2012,AHN,GA,ASO,ES,Federal Contract Tower,0,2,26,0,28,0,0,30,4,34,0,2,56,4,62,18,0,18,80
07/20/2012,AHN,GA,ASO,ES,Federal Contract Tower,0,0,27,6,33,0,2,12,1,15,0,2,39,7,48,8,0,8,56
07/21/2012,AHN,GA,ASO,ES,Federal Contract Tower,0,1,15,0,16,0,2,7,0,9,0,3,22,0,25,6,0,6,31
07/22/2012,AHN,GA,ASO,ES,Federal Contract Tower,0,2,44,0,46,0,0,38,0,38,0,2,82,0,84,16,0,16,100
07/23/2012,AHN,GA,ASO,ES,Federal Contract Tower,0,4,18,0,22,0,2,36,8,46,0,6,54,8,68,36,0,36,104
07/24/2012,AHN,GA,ASO,ES,Federal Contract Tower,0,0,15,0,15,0,0,31,5,36,0,0,46,5,51,60,0,60,111
07/25/2012,AHN,GA,ASO,ES,Federal Contract Tower,0,3,14,4,21,0,1,48,5,54,0,4,62,9,75,30,12,42,117
07/26/2012,AHN,GA,ASO,ES,Federal Contract Tower,0,5,13,0,18,0,0,34,4,38,0,5,47,4,56,18,0,18,74
07/27/2012,AHN,GA,ASO,ES,Federal Contract Tower,0,9,4,4,17,0,0,26,11,37,0,9,30,15,54,14,0,14,68
07/28/2012,AHN,GA,ASO,ES,Federal Contract Tower,0,2,17,0,19,0,2,46,0,48,0,4,63,0,67,28,0,28,95
07/29/2012,AHN,GA,ASO,ES,Federal Contract Tower,0,1,15,7,23,0,0,53,0,53,0,1,68,7,76,42,0,42,118
07/30/2012,AHN,GA,ASO,ES,Federal Contract Tower,0,3,14,0,17,0,3,22,1,26,0,6,36,1,43,18,0,18,61
07/31/2012,AHN,GA,ASO,ES,Federal Contract Tower,0,3,13,0,16,0,0,2,0,2,0,3,15,0,18,0,4,4,22
08/01/2012,AHN,GA,ASO,ES,Federal Contract Tower,0,3,18,8,29,0,0,27,0,27,0,3,45,8,56,30,6,36,92
08/02/2012,AHN,GA,ASO,ES,Federal Contract Tower,0,3,25,0,28,0,2,38,0,40,0,5,63,0,68,32,0,32,100
08/03/2012,AHN,GA,ASO,ES,Federal Contract Tower,0,0,16,11,27,0,3,26,3,32,0,3,42,14,59,44,4,48,107
08/04/2012,AHN,GA,ASO,ES,Federal Contract Tower,0,2,7,4,13,0,0,9,0,9,0,2,16,4,22,26,0,26,48
08/05/2012,AHN,GA,ASO,ES,Federal Contract Tower,0,2,23,2,27,0,0,6,0,6,0,2,29,2,33,0,0,0,33
08/06/2012,AHN,GA,ASO,ES,Federal Contract Tower,0,7,13,0,20,0,0,3,0,3,0,7,16,0,23,0,0,0,23
08/07/2012,AHN,GA,ASO,ES,Federal Contract Tower,0,8,11,0,19,0,0,8,0,8,0,8,19,0,27,0,0,0,27
08/08/2012,AHN,GA,ASO,ES,Federal Contract Tower,0,5,17,0,22,0,3,19,0,22,0,8,36,0,44,22,0,22,66
08/09/2012,AHN,GA,ASO,ES,Federal Contract Tower,0,2,13,6,21,0,0,13,0,13,0,2,26,6,34,2,0,2,36
08/10/2012,AHN,GA,ASO,ES,Federal Contract Tower,0,4,21,4,29,0,1,8,0,9,0,5,29,4,38,16,0,16,54
08/11/2012,AHN,GA,ASO,ES,Federal Contract Tower,0,0,22,0,22,0,0,5,2,7,0,0,27,2,29,8,0,8,37
08/12/2012,AHN,GA,ASO,ES,Federal Contract Tower,0,0,19,0,19,0,2,68,0,70,0,2,87,0,89,18,0,18,107
08/13/2012,AHN,GA,ASO,ES,Federal Contract Tower,0,0,9,0,9,0,0,41,0,41,0,0,50,0,50,34,0,34,84
08/14/2012,AHN,GA,ASO,ES,Federal Contract Tower,0,3,11,2,16,0,0,6,0,6,0,3,17,2,22,0,20,20,42
08/15/2012,AHN,GA,ASO,ES,Federal Contract Tower,0,0,22,0,22,0,2,24,3,29,0,2,46,3,51,28,14,42,93
08/16/2012,AHN,GA,ASO,ES,Federal Contract Tower,0,4,12,0,16,0,1,53,3,57,0,5,65,3,73,24,0,24,97
08/17/2012,AHN,GA,ASO,ES,Federal Contract Tower,0,3,12,29,44,0,0,33,9,42,0,3,45,38,86,4,6,10,96
08/18/2012,AHN,GA,ASO,ES,Federal Contract Tower,0,1,8,6,15,0,6,38,0,44,0,7,46,6,59,24,0,24,83
08/19/2012,AHN,GA,ASO,ES,Federal Contract Tower,0,3,26,5,34,0,0,3,0,3,0,3,29,5,37,0,0,0,37
08/20/2012,AHN,GA,ASO,ES,Federal Contract Tower,0,4,15,0,19,0,0,16,0,16,0,4,31,0,35,16,0,16,51
08/21/2012,AHN,GA,ASO,ES,Federal Contract Tower,0,2,14,0,16,0,0,22,0,22,0,2,36,0,38,18,0,18,56
08/22/2012,AHN,GA,ASO,ES,Federal Contract Tower,0,2,16,0,18,0,0,35,2,37,0,2,51,2,55,47,0,47,102
08/23/2012,AHN,GA,ASO,ES,Federal Contract Tower,0,7,21,3,31,0,1,33,0,34,0,8,54,3,65,22,0,22,87
08/24/2012,AHN,GA,ASO,ES,Federal Contract Tower,0,4,10,0,14,0,1,50,4,55,0,5,60,4,69,36,0,36,105
08/25/2012,AHN,GA,ASO,ES,Federal Contract Tower,0,1,9,0,10,0,4,41,0,45,0,5,50,0,55,36,0,36,91
08/26/2012,AHN,GA,ASO,ES,Federal Contract Tower,0,1,13,0,14,0,1,48,0,49,0,2,61,0,63,36,2,38,101
08/27/2012,AHN,GA,ASO,ES,Federal Contract Tower,0,8,6,14,28,0,4,20,0,24,0,12,26,14,52,14,0,14,66
08/28/2012,AHN,GA,ASO,ES,Federal Contract Tower,0,4,4,2,10,0,0,0,0,0,0,4,4,2,10,0,0,0,10
08/29/2012,AHN,GA,ASO,ES,Federal Contract Tower,0,2,6,0,8,0,1,17,0,18,0,3,23,0,26,0,0,0,26
08/30/2012,AHN,GA,ASO,ES,Federal Contract Tower,0,4,17,1,22,0,1,29,1,31,0,5,46,2,53,20,0,20,73
08/31/2012,AHN,GA,ASO,ES,Federal Contract Tower,0,9,37,0,46,0,1,26,2,29,0,10,63,2,75,4,0,4,79
09/01/2012,AHN,GA,ASO,ES,Federal Contract Tower,0,6,35,0,41,0,0,37,0,37,0,6,72,0,78,42,0,42,120
09/02/2012,AHN,GA,ASO,ES,Federal Contract Tower,0,0,9,0,9,0,0,28,0,28,0,0,37,0,37,2,0,2,39
09/03/2012,AHN,GA,ASO,ES,Federal Contract Tower,0,3,22,0,25,0,0,10,0,10,0,3,32,0,35,14,0,14,49
09/04/2012,AHN,GA,ASO,ES,Federal Contract Tower,0,0,10,3,13,0,1,1,0,2,0,1,11,3,15,0,0,0,15
09/05/2012,AHN,GA,ASO,ES,Federal Contract Tower,0,0,17,0,17,0,21,0,0,21,0,21,17,0,38,26,0,26,64
09/06/2012,AHN,GA,ASO,ES,Federal Contract Tower,0,2,20,2,24,0,1,19,0,20,0,3,39,2,44,4,0,4,48
09/07/2012,AHN,GA,ASO,ES,Federal Contract Tower,6,5,36,5,52,0,0,33,0,33,6,5,69,5,85,12,0,12,97
09/08/2012,AHN,GA,ASO,ES,Federal Contract Tower,0,1,5,2,8,0,0,16,0,16,0,1,21,2,24,6,0,6,30
09/09/2012,AHN,GA,ASO,ES,Federal Contract Tower,0,2,19,4,25,0,1,50,2,53,0,3,69,6,78,24,0,24,102
09/10/2012,AHN,GA,ASO,ES,Federal Contract Tower,0,3,15,0,18,0,1,24,0,25,0,4,39,0,43,18,0,18,61
09/11/2012,AHN,GA,ASO,ES,Federal Contract Tower,0,7,13,4,24,0,0,38,0,38,0,7,51,4,62,44,0,44,106
09/12/2012,AHN,GA,ASO,ES,Federal Contract Tower,5,20,0,0,25,2,56,0,0,58,7,76,0,0,83,32,0,32,115
09/13/2012,AHN,GA,ASO,ES,Federal Contract Tower,0,4,7,0,11,0,0,25,0,25,0,4,32,0,36,40,0,40,76
09/14/2012,AHN,GA,ASO,ES,Federal Contract Tower,0,5,20,2,27,0,2,40,2,44,0,7,60,4,71,32,0,32,103
09/15/2012,AHN,GA,ASO,ES,Federal Contract Tower,0,7,23,0,30,0,1,50,0,51,0,8,73,0,81,16,0,16,97
09/16/2012,AHN,GA,ASO,ES,Federal Contract Tower,0,3,26,8,37,0,1,22,0,23,0,4,48,8,60,16,2,18,78
09/17/2012,AHN,GA,ASO,ES,Federal Contract Tower,0,5,11,0,16,0,0,14,0,14,0,5,25,0,30,18,0,18,48
09/18/2012,AHN,GA,ASO,ES,Federal Contract Tower,0,2,10,1,13,0,0,5,0,5,0,2,15,1,18,8,0,8,26
09/19/2012,AHN,GA,ASO,ES,Federal Contract Tower,0,3,19,0,22,0,0,34,0,34,0,3,53,0,56,79,0,79,135
09/20/2012,AHN,GA,ASO,ES,Federal Contract Tower,0,5,18,0,23,0,1,20,4,25,0,6,38,4,48,28,0,28,76
09/21/2012,AHN,GA,ASO,ES,Federal Contract Tower,0,10,39,13,62,0,1,27,1,29,0,11,66,14,91,14,2,16,107
09/22/2012,AHN,GA,ASO,ES,Federal Contract Tower,4,1,33,0,38,0,0,65,0,65,4,1,98,0,103,64,0,64,167
09/23/2012,AHN,GA,ASO,ES,Federal Contract Tower,4,3,25,0,32,0,0,43,0,43,4,3,68,0,75,6,0,6,81
09/24/2012,AHN,GA,ASO,ES,Federal Contract Tower,0,4,9,2,15,0,4,20,0,24,0,8,29,2,39,8,0,8,47
09/25/2012,AHN,GA,ASO,ES,Federal Contract Tower,0,4,14,0,18,0,0,43,0,43,0,4,57,0,61,7,0,7,68
09/26/2012,AHN,GA,ASO,ES,Federal Contract Tower,0,11,10,4,25,0,0,27,0,27,0,11,37,4,52,30,0,30,82
09/27/2012,AHN,GA,ASO,ES,Federal Contract Tower,0,4,15,1,20,0,6,41,5,52,0,10,56,6,72,32,6,38,110
09/28/2012,AHN,GA,ASO,ES,Federal Contract Tower,0,6,22,0,28,0,4,38,2,44,0,10,60,2,72,28,0,28,100
09/29/2012,AHN,GA,ASO,ES,Federal Contract Tower,8,10,86,0,104,0,2,64,0,66,8,12,150,0,170,68,0,68,238
09/30/2012,AHN,GA,ASO,ES,Federal Contract Tower,0,4,33,2,39,0,0,0,0,0,0,4,33,2,39,0,0,0,39
10/01/2012,AHN,GA,ASO,ES,Federal Contract Tower,0,1,6,0,7,0,0,0,0,0,0,1,6,0,7,0,0,0,7
10/02/2012,AHN,GA,ASO,ES,Federal Contract Tower,0,5,11,4,20,0,0,13,2,15,0,5,24,6,35,0,0,0,35
10/03/2012,AHN,GA,ASO,ES,Federal Contract Tower,0,5,12,0,17,0,3,28,0,31,0,8,40,0,48,26,4,30,78
10/04/2012,AHN,GA,ASO,ES,Federal Contract Tower,0,3,18,0,21,0,2,38,0,40,0,5,56,0,61,8,0,8,69
10/05/2012,AHN,GA,ASO,ES,Federal Contract Tower,0,3,20,4,27,0,7,31,2,40,0,10,51,6,67,6,0,6,73
10/06/2012,AHN,GA,ASO,ES,Federal Contract Tower,0,0,12,0,12,0,2,38,0,40,0,2,50,0,52,6,0,6,58
10/07/2012,AHN,GA,ASO,ES,Federal Contract Tower,0,4,23,0,27,0,3,19,0,22,0,7,42,0,49,2,0,2,51
10/08/2012,AHN,GA,ASO,ES,Federal Contract Tower,0,5,16,0,21,0,1,37,0,38,0,6,53,0,59,58,0,58,117
10/09/2012,AHN,GA,ASO,ES,Federal Contract Tower,0,3,8,0,11,0,1,18,0,19,0,4,26,0,30,16,0,16,46
10/10/2012,AHN,GA,ASO,ES,Federal Contract Tower,0,0,18,4,22,0,1,39,0,40,0,1,57,4,62,3,0,3,65
10/11/2012,AHN,GA,ASO,ES,Federal Contract Tower,0,2,21,2,25,0,0,51,3,54,0,2,72,5,79,36,0,36,115
10/12/2012,AHN,GA,ASO,ES,Federal Contract Tower,0,5,24,0,29,0,8,27,3,38,0,13,51,3,67,32,0,32,99
10/13/2012,AHN,GA,ASO,ES,Federal Contract Tower,0,2,12,0,14,0,2,42,2,46,0,4,54,2,60,0,0,0,60
10/14/2012,AHN,GA,ASO,ES,Federal Contract Tower,0,1,24,0,25,0,2,14,2,18,0,3,38,2,43,10,0,10,53
10/15/2012,AHN,GA,ASO,ES,Federal Contract Tower,0,1,16,2,19,0,1,10,0,11,0,2,26,2,30,28,0,28,58
10/16/2012,AHN,GA,ASO,ES,Federal Contract Tower,0,1,14,0,15,0,5,31,0,36,0,6,45,0,51,20,0,20,71
10/17/2012,AHN,GA,ASO,ES,Federal Contract Tower,0,3,10,3,16,0,3,41,0,44,0,6,51,3,60,36,0,36,96
10/18/2012,AHN,GA,ASO,ES,Federal Contract Tower,0,9,25,2,36,0,1,25,2,28,0,10,50,4,64,12,0,12,76
10/19/2012,AHN,GA,ASO,ES,Federal Contract Tower,6,2,18,4,30,0,1,46,1,48,6,3,64,5,78,40,0,40,118
10/20/2012,AHN,GA,ASO,ES,Federal Contract Tower,0,0,13,0,13,0,6,57,0,63,0,6,70,0,76,30,0,30,106
10/21/2012,AHN,GA,ASO,ES,Federal Contract Tower,0,4,18,5,27,0,2,79,0,81,0,6,97,5,108,0,0,0,108
10/22/2012,AHN,GA,ASO,ES,Federal Contract Tower,0,1,9,0,10,0,4,44,0,48,0,5,53,0,58,22,0,22,80
10/23/2012,AHN,GA,ASO,ES,Federal Contract Tower,0,2,18,4,24,0,2,33,0,35,0,4,51,4,59,20,0,20,79
10/24/2012,AHN,GA,ASO,ES,Federal Contract Tower,0,2,22,0,24,0,4,32,2,38,0,6,54,2,62,22,0,22,84
10/25/2012,AHN,GA,ASO,ES,Federal Contract Tower,0,6,31,0,37,0,5,45,0,50,0,11,76,0,87,46,0,46,133
10/26/2012,AHN,GA,ASO,ES,Federal Contract Tower,3,0,22,2,27,0,0,25,0,25,3,0,47,2,52,8,0,8,60
10/27/2012,AHN,GA,ASO,ES,Federal Contract Tower,0,1,34,3,38,0,1,13,0,14,0,2,47,3,52,16,0,16,68
10/28/2012,AHN,GA,ASO,ES,Federal Contract Tower,0,0,40,0,40,0,1,5,0,6,0,1,45,0,46,6,0,6,52
10/29/2012,AHN,GA,ASO,ES,Federal Contract Tower,0,2,4,0,6,0,0,4,0,4,0,2,8,0,10,0,0,0,10
10/30/2012,AHN,GA,ASO,ES,Federal Contract Tower,0,0,15,0,15,0,0,7,0,7,0,0,22,0,22,14,0,14,36
10/31/2012,AHN,GA,ASO,ES,Federal Contract Tower,0,0,0,0,0,0,1,12,0,13,0,1,12,0,13,0,0,0,13
11/01/2012,AHN,GA,ASO,ES,Federal Contract Tower,0,5,14,0,19,0,1,26,0,27,0,6,40,0,46,4,0,4,50
11/02/2012,AHN,GA,ASO,ES,Federal Contract Tower,0,4,45,3,52,0,7,57,0,64,0,11,102,3,116,33,0,33,149
11/03/2012,AHN,GA,ASO,ES,Federal Contract Tower,0,14,46,0,60,0,4,77,0,81,0,18,123,0,141,160,0,160,301
11/04/2012,AHN,GA,ASO,ES,Federal Contract Tower,0,4,45,2,51,0,0,51,0,51,0,4,96,2,102,26,0,26,128
11/05/2012,AHN,GA,ASO,ES,Federal Contract Tower,0,4,12,0,16,0,0,28,0,28,0,4,40,0,44,4,0,4,48
11/06/2012,AHN,GA,ASO,ES,Federal Contract Tower,0,3,7,0,10,0,3,8,2,13,0,6,15,2,23,38,0,38,61
11/07/2012,AHN,GA,ASO,ES,Federal Contract Tower,0,3,17,0,20,0,0,10,0,10,0,3,27,0,30,32,0,32,62
11/08/2012,AHN,GA,ASO,ES,Federal Contract Tower,0,1,9,0,10,0,4,34,4,42,0,5,43,4,52,62,0,62,114
11/09/2012,AHN,GA,ASO,ES,Federal Contract Tower,0,1,16,2,19,0,0,47,4,51,0,1,63,6,70,50,0,50,120
11/10/2012,AHN,GA,ASO,ES,Federal Contract Tower,0,4,17,0,21,0,1,64,0,65,0,5,81,0,86,16,0,16,102
11/11/2012,AHN,GA,ASO,ES,Federal Contract Tower,0,7,19,0,26,0,1,31,0,32,0,8,50,0,58,30,0,30,88
11/12/2012,AHN,GA,ASO,ES,Federal Contract Tower,0,5,13,0,18,0,0,3,0,3,0,5,16,0,21,12,0,12,33
11/13/2012,AHN,GA,ASO,ES,Federal Contract Tower,0,2,26,0,28,0,1,30,0,31,0,3,56,0,59,52,0,52,111
11/14/2012,AHN,GA,ASO,ES,Federal Contract Tower,0,2,19,2,23,0,0,18,0,18,0,2,37,2,41,44,0,44,85
11/15/2012,AHN,GA,ASO,ES,Federal Contract Tower,0,9,18,0,27,0,0,5,2,7,0,9,23,2,34,8,0,8,42
11/16/2012,AHN,GA,ASO,ES,Federal Contract Tower,0,4,32,3,39,0,1,47,9,57,0,5,79,12,96,40,0,40,136
11/17/2012,AHN,GA,ASO,ES,Federal Contract Tower,0,6,35,0,41,0,1,50,2,53,0,7,85,2,94,124,0,124,218
11/18/2012,AHN,GA,ASO,ES,Federal Contract Tower,0,2,28,4,34,0,1,32,0,33,0,3,60,4,67,16,0,16,83
11/19/2012,AHN,GA,ASO,ES,Federal Contract Tower,0,1,22,3,26,0,0,13,0,13,0,1,35,3,39,22,0,22,61
11/20/2012,AHN,GA,ASO,ES,Federal Contract Tower,0,2,16,0,18,0,0,35,0,35,0,2,51,0,53,54,0,54,107
11/21/2012,AHN,GA,ASO,ES,Federal Contract Tower,0,3,19,0,22,0,3,47,0,50,0,6,66,0,72,30,0,30,102
11/22/2012,AHN,GA,ASO,ES,Federal Contract Tower,0,1,5,0,6,0,1,21,0,22,0,2,26,0,28,4,0,4,32
11/23/2012,AHN,GA,ASO,ES,Federal Contract Tower,0,2,12,0,14,0,1,37,0,38,0,3,49,0,52,12,0,12,64
11/24/2012,AHN,GA,ASO,ES,Federal Contract Tower,0,2,62,0,64,0,1,66,0,67,0,3,128,0,131,74,0,74,205
11/25/2012,AHN,GA,ASO,ES,Federal Contract Tower,0,4,32,0,36,0,0,0,0,0,0,4,32,0,36,10,0,10,46
11/26/2012,AHN,GA,ASO,ES,Federal Contract Tower,0,10,9,3,22,0,1,47,0,48,0,11,56,3,70,82,0,82,152
11/27/2012,AHN,GA,ASO,ES,Federal Contract Tower,0,4,13,0,17,0,0,0,0,0,0,4,13,0,17,0,0,0,17
11/28/2012,AHN,GA,ASO,ES,Federal Contract Tower,0,2,21,2,25,0,1,18,0,19,0,3,39,2,44,24,0,24,68
11/29/2012,AHN,GA,ASO,ES,Federal Contract Tower,2,6,22,2,32,0,3,39,0,42,2,9,61,2,74,30,0,30,104
11/30/2012,AHN,GA,ASO,ES,Federal Contract Tower,0,7,24,3,34,0,2,44,1,47,0,9,68,4,81,26,0,26,107
12/01/2012,AHN,GA,ASO,ES,Federal Contract Tower,0,0,7,17,24,0,1,21,5,27,0,1,28,22,51,10,27,37,88
12/02/2012,AHN,GA,ASO,ES,Federal Contract Tower,0,0,20,19,39,0,2,31,0,33,0,2,51,19,72,74,0,74,146
12/03/2012,AHN,GA,ASO,ES,Federal Contract Tower,0,4,15,2,21,0,2,51,0,53,0,6,66,2,74,84,0,84,158
12/04/2012,AHN,GA,ASO,ES,Federal Contract Tower,0,3,11,0,14,0,2,17,1,20,0,5,28,1,34,23,0,23,57
12/05/2012,AHN,GA,ASO,ES,Federal Contract Tower,0,3,6,3,12,0,0,16,1,17,0,3,22,4,29,26,0,26,55
12/06/2012,AHN,GA,ASO,ES,Federal Contract Tower,0,4,20,0,24,0,0,28,0,28,0,4,48,0,52,58,0,58,110
12/07/2012,AHN,GA,ASO,ES,Federal Contract Tower,0,6,11,15,32,0,1,33,1,35,0,7,44,16,67,76,0,76,143
12/08/2012,AHN,GA,ASO,ES,Federal Contract Tower,0,5,17,2,24,0,1,17,0,18,0,6,34,2,42,24,0,24,66
12/09/2012,AHN,GA,ASO,ES,Federal Contract Tower,0,0,21,0,21,0,0,17,0,17,0,0,38,0,38,10,0,10,48
12/10/2012,AHN,GA,ASO,ES,Federal Contract Tower,0,3,6,0,9,0,0,0,0,0,0,3,6,0,9,0,0,0,9
12/11/2012,AHN,GA,ASO,ES,Federal Contract Tower,0,3,13,0,16,0,2,29,4,35,0,5,42,4,51,30,0,30,81
12/12/2012,AHN,GA,ASO,ES,Federal Contract Tower,0,4,16,2,22,0,0,16,0,16,0,4,32,2,38,20,0,20,58
12/13/2012,AHN,GA,ASO,ES,Federal Contract Tower,0,4,27,0,31,0,5,37,2,44,0,9,64,2,75,6,0,6,81
12/14/2012,AHN,GA,ASO,ES,Federal Contract Tower,0,3,18,0,21,0,4,41,2,47,0,7,59,2,68,56,0,56,124
12/15/2012,AHN,GA,ASO,ES,Federal Contract Tower,0,2,17,0,19,0,3,41,0,44,0,5,58,0,63,30,0,30,93
12/16/2012,AHN,GA,ASO,ES,Federal Contract Tower,0,1,23,8,32,0,0,2,0,2,0,1,25,8,34,0,0,0,34
12/17/2012,AHN,GA,ASO,ES,Federal Contract Tower,0,5,4,0,9,0,0,0,0,0,0,5,4,0,9,0,0,0,9
12/18/2012,AHN,GA,ASO,ES,Federal Contract Tower,0,3,5,0,8,0,12,33,1,46,0,15,38,1,54,8,0,8,62
12/19/2012,AHN,GA,ASO,ES,Federal Contract Tower,0,2,19,4,25,0,8,55,2,65,0,10,74,6,90,20,0,20,110
12/20/2012,AHN,GA,ASO,ES,Federal Contract Tower,0,6,3,0,9,0,0,3,0,3,0,6,6,0,12,2,0,2,14
12/21/2012,AHN,GA,ASO,ES,Federal Contract Tower,0,3,12,0,15,0,0,7,6,13,0,3,19,6,28,2,0,2,30
12/22/2012,AHN,GA,ASO,ES,Federal Contract Tower,0,5,9,0,14,0,0,24,0,24,0,5,33,0,38,10,0,10,48
12/23/2012,AHN,GA,ASO,ES,Federal Contract Tower,0,5,18,0,23,0,0,35,0,35,0,5,53,0,58,14,0,14,72
12/24/2012,AHN,GA,ASO,ES,Federal Contract Tower,0,0,1,0,1,0,0,0,0,0,0,0,1,0,1,0,0,0,1
12/25/2012,AHN,GA,ASO,ES,Federal Contract Tower,0,6,2,0,8,0,0,0,0,0,0,6,2,0,8,0,0,0,8
12/26/2012,AHN,GA,ASO,ES,Federal Contract Tower,0,1,5,0,6,0,0,1,0,1,0,1,6,0,7,0,0,0,7
12/27/2012,AHN,GA,ASO,ES,Federal Contract Tower,0,3,20,1,24,0,3,22,0,25,0,6,42,1,49,28,0,28,77
12/28/2012,AHN,GA,ASO,ES,Federal Contract Tower,0,4,28,0,32,0,1,35,0,36,0,5,63,0,68,16,0,16,84
12/29/2012,AHN,GA,ASO,ES,Federal Contract Tower,0,5,14,0,19,0,0,0,0,0,0,5,14,0,19,0,0,0,19
12/30/2012,AHN,GA,ASO,ES,Federal Contract Tower,0,0,16,0,16,0,0,38,0,38,0,0,54,0,54,10,0,10,64
12/31/2012,AHN,GA,ASO,ES,Federal Contract Tower,0,4,18,0,22,0,0,36,0,36,0,4,54,0,58,64,0,64,122
01/01/2013,AHN,GA,ASO,ES,Federal Contract Tower,0,4,5,0,9,0,0,1,0,1,0,4,6,0,10,0,0,0,10
01/02/2013,AHN,GA,ASO,ES,Federal Contract Tower,0,3,23,1,27,0,0,14,1,15,0,3,37,2,42,16,0,16,58
01/03/2013,AHN,GA,ASO,ES,Federal Contract Tower,0,2,18,5,25,0,1,24,11,36,0,3,42,16,61,14,0,14,75
01/04/2013,AHN,GA,ASO,ES,Federal Contract Tower,0,3,28,11,42,0,0,32,4,36,0,3,60,15,78,26,2,28,106
01/05/2013,AHN,GA,ASO,ES,Federal Contract Tower,0,1,37,0,38,0,1,42,0,43,0,2,79,0,81,30,0,30,111
01/06/2013,AHN,GA,ASO,ES,Federal Contract Tower,0,3,12,4,19,0,0,10,0,10,0,3,22,4,29,4,0,4,33
01/07/2013,AHN,GA,ASO,ES,Federal Contract Tower,0,3,13,0,16,0,2,21,0,23,0,5,34,0,39,4,0,4,43
01/08/2013,AHN,GA,ASO,ES,Federal Contract Tower,0,5,23,2,30,0,1,12,2,15,0,6,35,4,45,30,0,30,75
01/09/2013,AHN,GA,ASO,ES,Federal Contract Tower,0,4,22,0,26,0,0,30,3,33,0,4,52,3,59,66,14,80,139
01/10/2013,AHN,GA,ASO,ES,Federal Contract Tower,0,2,18,4,24,0,0,16,0,16,0,2,34,4,40,20,0,20,60
01/11/2013,AHN,GA,ASO,ES,Federal Contract Tower,0,6,34,0,40,0,0,5,0,5,0,6,39,0,45,6,0,6,51
01/12/2013,AHN,GA,ASO,ES,Federal Contract Tower,0,5,33,0,38,0,0,18,4,22,0,5,51,4,60,0,0,0,60
01/13/2013,AHN,GA,ASO,ES,Federal Contract Tower,0,1,13,0,14,0,0,4,0,4,0,1,17,0,18,0,0,0,18
01/14/2013,AHN,GA,ASO,ES,Federal Contract Tower,0,4,13,0,17,0,0,0,0,0,0,4,13,0,17,0,0,0,17
01/15/2013,AHN,GA,ASO,ES,Federal Contract Tower,1,2,22,0,25,0,0,2,0,2,1,2,24,0,27,6,0,6,33
01/16/2013,AHN,GA,ASO,ES,Federal Contract Tower,0,5,26,0,31,0,0,0,0,0,0,5,26,0,31,0,0,0,31
01/17/2013,AHN,GA,ASO,ES,Federal Contract Tower,0,2,17,0,19,0,0,0,0,0,0,2,17,0,19,0,0,0,19
01/18/2013,AHN,GA,ASO,ES,Federal Contract Tower,0,11,16,0,27,0,0,47,0,47,0,11,63,0,74,54,0,54,128
01/19/2013,AHN,GA,ASO,ES,Federal Contract Tower,0,5,20,0,25,0,0,95,0,95,0,5,115,0,120,30,0,30,150
01/20/2013,AHN,GA,ASO,ES,Federal Contract Tower,0,2,19,0,21,0,0,29,0,29,0,2,48,0,50,34,0,34,84
01/21/2013,AHN,GA,ASO,ES,Federal Contract Tower,0,2,12,0,14,0,0,28,0,28,0,2,40,0,42,6,0,6,48
01/22/2013,AHN,GA,ASO,ES,Federal Contract Tower,2,6,13,0,21,0,1,23,0,24,2,7,36,0,45,6,0,6,51
01/23/2013,AHN,GA,ASO,ES,Federal Contract Tower,0,7,15,0,22,0,3,55,2,60,0,10,70,2,82,24,0,24,106
01/24/2013,AHN,GA,ASO,ES,Federal Contract Tower,0,5,23,0,28,0,1,21,0,22,0,6,44,0,50,24,0,24,74
01/25/2013,AHN,GA,ASO,ES,Federal Contract Tower,0,2,8,0,10,0,0,8,0,8,0,2,16,0,18,0,0,0,18
01/26/2013,AHN,GA,ASO,ES,Federal Contract Tower,0,9,19,0,28,0,2,51,0,53,0,11,70,0,81,74,0,74,155
01/27/2013,AHN,GA,ASO,ES,Federal Contract Tower,0,4,28,0,32,0,0,59,0,59,0,4,87,0,91,14,0,14,105
01/28/2013,AHN,GA,ASO,ES,Federal Contract Tower,0,3,14,0,17,0,0,15,0,15,0,3,29,0,32,10,0,10,42
01/29/2013,AHN,GA,ASO,ES,Federal Contract Tower,0,5,15,1,21,0,0,21,2,23,0,5,36,3,44,16,0,16,60
01/30/2013,AHN,GA,ASO,ES,Federal Contract Tower,0,2,0,0,2,0,0,3,0,3,0,2,3,0,5,0,0,0,5
01/31/2013,AHN,GA,ASO,ES,Federal Contract Tower,0,5,17,0,22,0,0,19,0,19,0,5,36,0,41,2,0,2,43
02/01/2013,AHN,GA,ASO,ES,Federal Contract Tower,0,2,17,9,28,0,3,25,2,30,0,5,42,11,58,18,0,18,76
02/02/2013,AHN,GA,ASO,ES,Federal Contract Tower,0,4,8,8,20,0,1,40,0,41,0,5,48,8,61,34,2,36,97
02/03/2013,AHN,GA,ASO,ES,Federal Contract Tower,0,4,15,2,21,0,2,10,0,12,0,6,25,2,33,8,0,8,41
02/04/2013,AHN,GA,ASO,ES,Federal Contract Tower,0,2,14,0,16,0,0,33,0,33,0,2,47,0,49,38,0,38,87
02/05/2013,AHN,GA,ASO,ES,Federal Contract Tower,0,9,7,2,18,0,1,19,7,27,0,10,26,9,45,14,0,14,59
02/06/2013,AHN,GA,ASO,ES,Federal Contract Tower,0,5,26,0,31,0,4,37,2,43,0,9,63,2,74,14,0,14,88
02/07/2013,AHN,GA,ASO,ES,Federal Contract Tower,0,2,25,0,27,0,0,0,0,0,0,2,25,0,27,0,0,0,27
02/08/2013,AHN,GA,ASO,ES,Federal Contract Tower,0,3,21,1,25,0,0,18,4,22,0,3,39,5,47,40,0,40,87
02/09/2013,AHN,GA,ASO,ES,Federal Contract Tower,0,1,14,0,15,0,1,63,0,64,0,2,77,0,79,32,0,32,111
02/10/2013,AHN,GA,ASO,ES,Federal Contract Tower,0,4,5,0,9,0,1,30,0,31,0,5,35,0,40,18,0,18,58
02/11/2013,AHN,GA,ASO,ES,Federal Contract Tower,0,3,17,0,20,0,0,0,0,0,0,3,17,0,20,0,0,0,20
02/12/2013,AHN,GA,ASO,ES,Federal Contract Tower,0,2,16,4,22,0,0,25,7,32,0,2,41,11,54,46,0,46,100
02/13/2013,AHN,GA,ASO,ES,Federal Contract Tower,0,2,22,0,24,0,0,4,0,4,0,2,26,0,28,26,0,26,54
02/14/2013,AHN,GA,ASO,ES,Federal Contract Tower,21,16,0,0,37,0,2,28,6,36,21,18,28,6,73,86,0,86,159
02/15/2013,AHN,GA,ASO,ES,Federal Contract Tower,2,2,22,0,26,0,0,42,0,42,2,2,64,0,68,12,0,12,80
02/16/2013,AHN,GA,ASO,ES,Federal Contract Tower,0,3,9,2,14,0,0,18,0,18,0,3,27,2,32,20,0,20,52
02/17/2013,AHN,GA,ASO,ES,Federal Contract Tower,0,3,24,2,29,0,0,26,1,27,0,3,50,3,56,4,0,4,60
02/18/2013,AHN,GA,ASO,ES,Federal Contract Tower,0,4,6,0,10,0,0,54,0,54,0,4,60,0,64,36,0,36,100
02/19/2013,AHN,GA,ASO,ES,Federal Contract Tower,0,1,16,4,21,0,0,7,0,7,0,1,23,4,28,10,0,10,38
02/20/2013,AHN,GA,ASO,ES,Federal Contract Tower,3,2,26,0,31,0,0,36,0,36,3,2,62,0,67,14,0,14,81
02/21/2013,AHN,GA,ASO,ES,Federal Contract Tower,0,8,28,2,38,0,2,42,2,46,0,10,70,4,84,60,0,60,144
02/22/2013,AHN,GA,ASO,ES,Federal Contract Tower,0,5,8,0,13,0,0,0,0,0,0,5,8,0,13,0,0,0,13
02/23/2013,AHN,GA,ASO,ES,Federal Contract Tower,0,1,10,0,11,0,0,0,0,0,0,1,10,0,11,0,0,0,11
02/24/2013,AHN,GA,ASO,ES,Federal Contract Tower,0,3,17,0,20,0,0,52,0,52,0,3,69,0,72,58,0,58,130
02/25/2013,AHN,GA,ASO,ES,Federal Contract Tower,0,3,7,0,10,0,0,3,0,3,0,3,10,0,13,0,0,0,13
02/26/2013,AHN,GA,ASO,ES,Federal Contract Tower,2,2,9,4,17,0,0,0,0,0,2,2,9,4,17,0,0,0,17
02/27/2013,AHN,GA,ASO,ES,Federal Contract Tower,0,1,22,0,23,0,1,27,0,28,0,2,49,0,51,32,0,32,83
02/28/2013,AHN,GA,ASO,ES,Federal Contract Tower,0,2,27,0,29,0,0,31,0,31,0,2,58,0,60,22,0,22,82
03/01/2013,AHN,GA,ASO,ES,Federal Contract Tower,2,3,15,0,20,0,0,26,0,26,2,3,41,0,46,18,0,18,64
03/02/2013,AHN,GA,ASO,ES,Federal Contract Tower,2,3,12,2,19,0,0,20,0,20,2,3,32,2,39,20,0,20,59
03/03/2013,AHN,GA,ASO,ES,Federal Contract Tower,0,6,14,0,20,0,0,25,2,27,0,6,39,2,47,20,0,20,67
03/04/2013,AHN,GA,ASO,ES,Federal Contract Tower,0,3,12,0,15,0,0,42,0,42,0,3,54,0,57,98,0,98,155
03/05/2013,AHN,GA,ASO,ES,Federal Contract Tower,0,4,20,1,25,0,0,10,0,10,0,4,30,1,35,0,2,2,37
03/06/2013,AHN,GA,ASO,ES,Federal Contract Tower,0,3,13,0,16,0,0,11,7,18,0,3,24,7,34,0,0,0,34
03/07/2013,AHN,GA,ASO,ES,Federal Contract Tower,1,3,29,8,41,0,0,49,6,55,1,3,78,14,96,44,0,44,140
03/08/2013,AHN,GA,ASO,ES,Federal Contract Tower,2,3,26,5,36,0,0,67,1,68,2,3,93,6,104,60,0,60,164
03/09/2013,AHN,GA,ASO,ES,Federal Contract Tower,1,1,26,1,29,0,2,59,3,64,1,3,85,4,93,26,2,28,121
03/10/2013,AHN,GA,ASO,ES,Federal Contract Tower,0,1,13,3,17,0,0,37,2,39,0,1,50,5,56,40,0,40,96
03/11/2013,AHN,GA,ASO,ES,Federal Contract Tower,0,2,11,0,13,0,0,19,0,19,0,2,30,0,32,54,0,54,86
03/12/2013,AHN,GA,ASO,ES,Federal Contract Tower,4,3,23,4,34,0,0,58,1,59,4,3,81,5,93,80,0,80,173
03/13/2013,AHN,GA,ASO,ES,Federal Contract Tower,0,9,39,3,51,0,1,33,0,34,0,10,72,3,85,46,0,46,131
03/14/2013,AHN,GA,ASO,ES,Federal Contract Tower,0,4,32,0,36,0,3,46,2,51,0,7,78,2,87,67,0,67,154
03/15/2013,AHN,GA,ASO,ES,Federal Contract Tower,0,3,18,2,23,0,0,54,0,54,0,3,72,2,77,74,0,74,151
03/16/2013,AHN,GA,ASO,ES,Federal Contract Tower,0,1,13,2,16,0,1,39,0,40,0,2,52,2,56,38,2,40,96
03/17/2013,AHN,GA,ASO,ES,Federal Contract Tower,0,0,36,0,36,0,2,63,0,65,0,2,99,0,101,86,0,86,187
03/18/2013,AHN,GA,ASO,ES,Federal Contract Tower,0,2,11,0,13,0,0,0,0,0,0,2,11,0,13,0,0,0,13
03/19/2013,AHN,GA,ASO,ES,Federal Contract Tower,0,3,33,2,38,0,2,35,1,38,0,5,68,3,76,50,4,54,130
03/20/2013,AHN,GA,ASO,ES,Federal Contract Tower,0,5,18,4,27,0,2,67,2,71,0,7,85,6,98,108,0,108,206
03/21/2013,AHN,GA,ASO,ES,Federal Contract Tower,0,9,21,5,35,0,8,24,0,32,0,17,45,5,67,40,0,40,107
03/22/2013,AHN,GA,ASO,ES,Federal Contract Tower,0,3,20,3,26,0,2,35,3,40,0,5,55,6,66,24,6,30,96
03/23/2013,AHN,GA,ASO,ES,Federal Contract Tower,0,3,14,0,17,0,0,0,0,0,0,3,14,0,17,0,0,0,17
03/24/2013,AHN,GA,ASO,ES,Federal Contract Tower,0,5,15,0,20,0,0,0,0,0,0,5,15,0,20,0,0,0,20
03/25/2013,AHN,GA,ASO,ES,Federal Contract Tower,0,12,11,0,23,0,2,4,0,6,0,14,15,0,29,0,0,0,29
03/26/2013,AHN,GA,ASO,ES,Federal Contract Tower,2,4,11,0,17,0,0,13,0,13,2,4,24,0,30,20,2,22,52
03/27/2013,AHN,GA,ASO,ES,Federal Contract Tower,0,7,33,3,43,0,3,51,6,60,0,10,84,9,103,58,0,58,161
03/28/2013,AHN,GA,ASO,ES,Federal Contract Tower,0,4,30,0,34,0,0,51,0,51,0,4,81,0,85,80,0,80,165
03/29/2013,AHN,GA,ASO,ES,Federal Contract Tower,0,6,40,0,46,0,0,59,0,59,0,6,99,0,105,30,0,30,135
03/30/2013,AHN,GA,ASO,ES,Federal Contract Tower,0,3,13,2,18,0,0,62,0,62,0,3,75,2,80,54,0,54,134
03/31/2013,AHN,GA,ASO,ES,Federal Contract Tower,0,3,22,0,25,0,1,3,0,4,0,4,25,0,29,0,0,0,29
04/01/2013,AHN,GA,ASO,ES,Federal Contract Tower,0,5,19,6,30,0,0,40,0,40,0,5,59,6,70,70,10,80,150
04/02/2013,AHN,GA,ASO,ES,Federal Contract Tower,0,2,20,7,29,0,0,69,5,74,0,2,89,12,103,72,6,78,181
04/03/2013,AHN,GA,ASO,ES,Federal Contract Tower,0,3,27,0,30,0,3,51,2,56,0,6,78,2,86,70,0,70,156
04/04/2013,AHN,GA,ASO,ES,Federal Contract Tower,0,9,19,2,30,0,0,0,0,0,0,9,19,2,30,0,0,0,30
04/05/2013,AHN,GA,ASO,ES,Federal Contract Tower,0,10,18,0,28,0,1,32,0,33,0,11,50,0,61,52,0,52,113
04/06/2013,AHN,GA,ASO,ES,Federal Contract Tower,0,3,56,0,59,0,1,71,0,72,0,4,127,0,131,12,0,12,143
04/07/2013,AHN,GA,ASO,ES,Federal Contract Tower,0,9,13,2,24,0,0,93,0,93,0,9,106,2,117,62,0,62,179
04/08/2013,AHN,GA,ASO,ES,Federal Contract Tower,0,4,30,0,34,0,0,69,4,73,0,4,99,4,107,60,0,60,167
04/09/2013,AHN,GA,ASO,ES,Federal Contract Tower,0,4,20,2,26,0,2,46,0,48,0,6,66,2,74,100,0,100,174
04/10/2013,AHN,GA,ASO,ES,Federal Contract Tower,0,8,29,0,37,0,1,47,1,49,0,9,76,1,86,100,0,100,186
04/11/2013,AHN,GA,ASO,ES,Federal Contract Tower,0,3,19,10,32,0,2,35,0,37,0,5,54,10,69,40,0,40,109
04/12/2013,AHN,GA,ASO,ES,Federal Contract Tower,0,7,30,0,37,0,1,34,6,41,0,8,64,6,78,88,0,88,166
04/13/2013,AHN,GA,ASO,ES,Federal Contract Tower,0,3,21,0,24,0,1,93,0,94,0,4,114,0,118,86,0,86,204
04/14/2013,AHN,GA,ASO,ES,Federal Contract Tower,0,4,32,0,36,0,0,17,0,17,0,4,49,0,53,0,0,0,53
04/15/2013,AHN,GA,ASO,ES,Federal Contract Tower,0,0,16,0,16,0,4,35,0,39,0,4,51,0,55,84,0,84,139
04/16/2013,AHN,GA,ASO,ES,Federal Contract Tower,0,10,27,0,37,0,0,44,0,44,0,10,71,0,81,116,0,116,197
04/17/2013,AHN,GA,ASO,ES,Federal Contract Tower,0,7,13,3,23,0,4,51,1,56,0,11,64,4,79,124,0,124,203
04/18/2013,AHN,GA,ASO,ES,Federal Contract Tower,0,4,27,2,33,0,1,31,0,32,0,5,58,2,65,110,0,110,175
04/19/2013,AHN,GA,ASO,ES,Federal Contract Tower,0,4,16,0,20,0,0,2,0,2,0,4,18,0,22,0,0,0,22
04/20/2013,AHN,GA,ASO,ES,Federal Contract Tower,0,2,18,0,20,0,2,118,2,122,0,4,136,2,142,106,0,106,248
04/21/2013,AHN,GA,ASO,ES,Federal Contract Tower,0,11,23,0,34,0,0,45,0,45,0,11,68,0,79,92,0,92,171
04/22/2013,AHN,GA,ASO,ES,Federal Contract Tower,0,5,17,0,22,0,2,32,2,36,0,7,49,2,58,60,0,60,118
04/23/2013,AHN,GA,ASO,ES,Federal Contract Tower,0,14,38,4,56,0,2,56,3,61,0,16,94,7,117,108,0,108,225
04/24/2013,AHN,GA,ASO,ES,Federal Contract Tower,0,4,10,0,14,0,0,21,0,21,0,4,31,0,35,46,0,46,81
04/25/2013,AHN,GA,ASO,ES,Federal Contract Tower,2,3,20,0,25,0,1,45,0,46,2,4,65,0,71,159,0,159,230
04/26/2013,AHN,GA,ASO,ES,Federal Contract Tower,0,7,18,3,28,0,2,60,4,66,0,9,78,7,94,142,2,144,238
04/27/2013,AHN,GA,ASO,ES,Federal Contract Tower,0,1,12,0,13,0,0,20,2,22,0,1,32,2,35,44,2,46,81
04/28/2013,AHN,GA,ASO,ES,Federal Contract Tower,2,2,20,0,24,0,0,0,0,0,2,2,20,0,24,0,0,0,24
04/29/2013,AHN,GA,ASO,ES,Federal Contract Tower,0,2,17,0,19,0,0,14,0,14,0,2,31,0,33,8,0,8,41
04/30/2013,AHN,GA,ASO,ES,Federal Contract Tower,0,4,18,6,28,0,0,44,0,44,0,4,62,6,72,54,0,54,126
05/01/2013,AHN,GA,ASO,ES,Federal Contract Tower,0,1,22,0,23,0,2,32,0,34,0,3,54,0,57,64,0,64,121
05/02/2013,AHN,GA,ASO,ES,Federal Contract Tower,0,3,18,1,22,0,0,6,2,8,0,3,24,3,30,0,0,0,30
05/03/2013,AHN,GA,ASO,ES,Federal Contract Tower,0,3,21,4,28,0,0,4,0,4,0,3,25,4,32,20,0,20,52
05/04/2013,AHN,GA,ASO,ES,Federal Contract Tower,0,3,8,0,11,0,0,0,0,0,0,3,8,0,11,0,0,0,11
05/05/2013,AHN,GA,ASO,ES,Federal Contract Tower,2,2,32,0,36,0,0,4,0,4,2,2,36,0,40,6,0,6,46
05/06/2013,AHN,GA,ASO,ES,Federal Contract Tower,0,3,41,0,44,0,0,18,0,18,0,3,59,0,62,86,0,86,148
05/07/2013,AHN,GA,ASO,ES,Federal Contract Tower,0,7,16,3,26,0,0,49,6,55,0,7,65,9,81,82,0,82,163
05/08/2013,AHN,GA,ASO,ES,Federal Contract Tower,0,5,17,2,24,0,3,73,0,76,0,8,90,2,100,200,0,200,300
05/09/2013,AHN,GA,ASO,ES,Federal Contract Tower,0,16,17,0,33,0,1,67,0,68,0,17,84,0,101,206,0,206,307
05/10/2013,AHN,GA,ASO,ES,Federal Contract Tower,0,8,30,0,38,0,11,35,0,46,0,19,65,0,84,64,0,64,148
05/11/2013,AHN,GA,ASO,ES,Federal Contract Tower,0,6,16,0,22,0,0,31,0,31,0,6,47,0,53,28,0,28,81
05/12/2013,AHN,GA,ASO,ES,Federal Contract Tower,0,8,5,0,13,0,0,23,0,23,0,8,28,0,36,26,0,26,62
05/13/2013,AHN,GA,ASO,ES,Federal Contract Tower,0,5,29,0,34,0,1,39,0,40,0,6,68,0,74,72,0,72,146
05/14/2013,AHN,GA,ASO,ES,Federal Contract Tower,0,8,30,6,44,0,0,33,1,34,0,8,63,7,78,120,0,120,198
05/15/2013,AHN,GA,ASO,ES,Federal Contract Tower,0,2,23,0,25,0,1,56,4,61,0,3,79,4,86,120,0,120,206
05/16/2013,AHN,GA,ASO,ES,Federal Contract Tower,0,5,14,2,21,0,2,82,1,85,0,7,96,3,106,206,0,206,312
05/17/2013,AHN,GA,ASO,ES,Federal Contract Tower,0,9,23,4,36,0,0,88,1,89,0,9,111,5,125,56,0,56,181
05/18/2013,AHN,GA,ASO,ES,Federal Contract Tower,0,2,20,0,22,0,2,33,4,39,0,4,53,4,61,46,0,46,107
05/19/2013,AHN,GA,ASO,ES,Federal Contract Tower,0,5,15,1,21,0,0,1,0,1,0,5,16,1,22,0,0,0,22
05/20/2013,AHN,GA,ASO,ES,Federal Contract Tower,0,4,17,0,21,0,0,72,0,72,0,4,89,0,93,92,0,92,185
05/21/2013,AHN,GA,ASO,ES,Federal Contract Tower,0,5,24,0,29,0,0,48,0,48,0,5,72,0,77,102,0,102,179
05/22/2013,AHN,GA,ASO,ES,Federal Contract Tower,0,9,27,2,38,0,0,66,0,66,0,9,93,2,104,134,0,134,238
05/23/2013,AHN,GA,ASO,ES,Federal Contract Tower,0,5,30,10,45,0,2,46,0,48,0,7,76,10,93,52,0,52,145
05/24/2013,AHN,GA,ASO,ES,Federal Contract Tower,0,7,26,0,33,0,4,46,0,50,0,11,72,0,83,10,0,10,93
05/25/2013,AHN,GA,ASO,ES,Federal Contract Tower,0,1,26,0,27,0,5,60,0,65,0,6,86,0,92,30,0,30,122
05/26/2013,AHN,GA,ASO,ES,Federal Contract Tower,0,1,15,0,16,0,1,33,0,34,0,2,48,0,50,12,0,12,62
05/27/2013,AHN,GA,ASO,ES,Federal Contract Tower,0,2,13,0,15,0,1,26,0,27,0,3,39,0,42,10,0,10,52
05/28/2013,AHN,GA,ASO,ES,Federal Contract Tower,0,7,16,4,27,0,0,58,0,58,0,7,74,4,85,118,0,118,203
05/29/2013,AHN,GA,ASO,ES,Federal Contract Tower,0,6,19,0,25,0,10,58,2,70,0,16,77,2,95,116,0,116,211
05/30/2013,AHN,GA,ASO,ES,Federal Contract Tower,0,7,32,0,39,0,7,38,0,45,0,14,70,0,84,90,0,90,174
05/31/2013,AHN,GA,ASO,ES,Federal Contract Tower,0,7,23,22,52,0,2,57,1,60,0,9,80,23,112,98,0,98,210
06/01/2013,AHN,GA,ASO,ES,Federal Contract Tower,0,3,18,0,21,0,2,29,0,31,0,5,47,0,52,14,0,14,66
06/02/2013,AHN,GA,ASO,ES,Federal Contract Tower,0,4,9,0,13,0,0,1,0,1,0,4,10,0,14,0,0,0,14
06/03/2013,AHN,GA,ASO,ES,Federal Contract Tower,0,4,14,2,20,0,0,32,0,32,0,4,46,2,52,48,0,48,100
06/04/2013,AHN,GA,ASO,ES,Federal Contract Tower,0,5,14,0,19,0,2,42,1,45,0,7,56,1,64,14,0,14,78
06/05/2013,AHN,GA,ASO,ES,Federal Contract Tower,0,2,17,1,20,0,1,5,1,7,0,3,22,2,27,30,0,30,57
06/06/2013,AHN,GA,ASO,ES,Federal Contract Tower,0,3,13,2,18,0,0,3,0,3,0,3,16,2,21,20,0,20,41
06/07/2013,AHN,GA,ASO,ES,Federal Contract Tower,0,12,14,0,26,0,2,15,0,17,0,14,29,0,43,6,0,6,49
06/08/2013,AHN,GA,ASO,ES,Federal Contract Tower,0,2,12,4,18,0,2,57,0,59,0,4,69,4,77,42,8,50,127
06/09/2013,AHN,GA,ASO,ES,Federal Contract Tower,0,10,5,8,23,0,0,11,0,11,0,10,16,8,34,10,0,10,44
06/10/2013,AHN,GA,ASO,ES,Federal Contract Tower,0,4,12,0,16,0,0,41,0,41,0,4,53,0,57,44,0,44,101
06/11/2013,AHN,GA,ASO,ES,Federal Contract Tower,0,3,14,6,23,0,3,36,2,41,0,6,50,8,64,26,0,26,90
06/12/2013,AHN,GA,ASO,ES,Federal Contract Tower,0,8,12,4,24,0,1,68,2,71,0,9,80,6,95,126,8,134,229
06/13/2013,AHN,GA,ASO,ES,Federal Contract Tower,0,4,13,0,17,0,0,25,0,25,0,4,38,0,42,60,0,60,102
06/14/2013,AHN,GA,ASO,ES,Federal Contract Tower,0,14,13,4,31,0,2,86,0,88,0,16,99,4,119,154,2,156,275
06/15/2013,AHN,GA,ASO,ES,Federal Contract Tower,0,1,17,0,18,0,0,65,0,65,0,1,82,0,83,64,0,64,147
06/16/2013,AHN,GA,ASO,ES,Federal Contract Tower,0,4,27,0,31,0,3,28,0,31,0,7,55,0,62,34,0,34,96
06/17/2013,AHN,GA,ASO,ES,Federal Contract Tower,0,7,20,0,27,0,0,19,0,19,0,7,39,0,46,20,0,20,66
06/18/2013,AHN,GA,ASO,ES,Federal Contract Tower,0,4,22,0,26,0,0,8,0,8,0,4,30,0,34,46,0,46,80
06/19/2013,AHN,GA,ASO,ES,Federal Contract Tower,0,3,28,2,33,0,0,25,2,27,0,3,53,4,60,66,0,66,126
06/20/2013,AHN,GA,ASO,ES,Federal Contract Tower,0,4,21,0,25,0,0,56,2,58,0,4,77,2,83,118,0,118,201
06/21/2013,AHN,GA,ASO,ES,Federal Contract Tower,0,15,16,1,32,0,3,53,3,59,0,18,69,4,91,106,0,106,197
06/22/2013,AHN,GA,ASO,ES,Federal Contract Tower,0,2,16,0,18,0,1,85,0,86,0,3,101,0,104,50,0,50,154
06/23/2013,AHN,GA,ASO,ES,Federal Contract Tower,0,2,22,0,24,0,0,7,0,7,0,2,29,0,31,2,0,2,33
06/24/2013,AHN,GA,ASO,ES,Federal Contract Tower,0,6,18,0,24,0,0,42,0,42,0,6,60,0,66,32,0,32,98
06/25/2013,AHN,GA,ASO,ES,Federal Contract Tower,0,3,7,0,10,0,0,44,1,45,0,3,51,1,55,82,0,82,137
06/26/2013,AHN,GA,ASO,ES,Federal Contract Tower,0,3,32,0,35,0,0,30,0,30,0,3,62,0,65,80,0,80,145
06/27/2013,AHN,GA,ASO,ES,Federal Contract Tower,0,3,12,0,15,0,0,42,0,42,0,3,54,0,57,82,0,82,139
06/28/2013,AHN,GA,ASO,ES,Federal Contract Tower,0,3,25,6,34,0,0,36,3,39,0,3,61,9,73,48,0,48,121
06/29/2013,AHN,GA,ASO,ES,Federal Contract Tower,0,1,9,0,10,0,0,59,0,59,0,1,68,0,69,102,0,102,171
06/30/2013,AHN,GA,ASO,ES,Federal Contract Tower,0,2,10,4,16,0,0,27,3,30,0,2,37,7,46,32,0,32,78
07/01/2013,AHN,GA,ASO,ES,Federal Contract Tower,0,3,12,0,15,0,0,30,0,30,0,3,42,0,45,2,0,2,47
07/02/2013,AHN,GA,ASO,ES,Federal Contract Tower,0,5,21,0,26,0,0,28,0,28,0,5,49,0,54,12,0,12,66
07/03/2013,AHN,GA,ASO,ES,Federal Contract Tower,0,7,14,0,21,0,0,5,0,5,0,7,19,0,26,14,0,14,40
07/04/2013,AHN,GA,ASO,ES,Federal Contract Tower,0,4,1,0,5,0,0,0,0,0,0,4,1,0,5,0,0,0,5
07/05/2013,AHN,GA,ASO,ES,Federal Contract Tower,0,3,9,0,12,0,0,6,0,6,0,3,15,0,18,10,0,10,28
07/06/2013,AHN,GA,ASO,ES,Federal Contract Tower,0,2,21,0,23,0,0,7,0,7,0,2,28,0,30,40,0,40,70
07/07/2013,AHN,GA,ASO,ES,Federal Contract Tower,0,5,10,0,15,0,0,7,0,7,0,5,17,0,22,22,0,22,44
07/08/2013,AHN,GA,ASO,ES,Federal Contract Tower,0,2,18,0,20,0,0,15,0,15,0,2,33,0,35,70,0,70,105
07/09/2013,AHN,GA,ASO,ES,Federal Contract Tower,0,7,20,0,27,0,0,18,0,18,0,7,38,0,45,34,0,34,79
07/10/2013,AHN,GA,ASO,ES,Federal Contract Tower,0,4,12,0,16,0,0,24,4,28,0,4,36,4,44,62,0,62,106
07/11/2013,AHN,GA,ASO,ES,Federal Contract Tower,0,4,18,0,22,0,0,23,2,25,0,4,41,2,47,64,2,66,113
07/12/2013,AHN,GA,ASO,ES,Federal Contract Tower,0,4,28,0,32,0,0,32,0,32,0,4,60,0,64,42,0,42,106
07/13/2013,AHN,GA,ASO,ES,Federal Contract Tower,0,6,16,0,22,0,0,13,0,13,0,6,29,0,35,30,0,30,65
07/14/2013,AHN,GA,ASO,ES,Federal Contract Tower,0,1,9,0,10,0,0,4,0,4,0,1,13,0,14,0,0,0,14
07/15/2013,AHN,GA,ASO,ES,Federal Contract Tower,0,3,18,0,21,0,0,30,0,30,0,3,48,0,51,0,0,0,51
07/16/2013,AHN,GA,ASO,ES,Federal Contract Tower,0,4,19,2,25,0,0,62,0,62,0,4,81,2,87,62,0,62,149
07/17/2013,AHN,GA,ASO,ES,Federal Contract Tower,0,4,11,2,17,0,0,69,0,69,0,4,80,2,86,36,0,36,122
07/18/2013,AHN,GA,ASO,ES,Federal Contract Tower,0,3,26,6,35,0,1,64,0,65,0,4,90,6,100,70,2,72,172
07/19/2013,AHN,GA,ASO,ES,Federal Contract Tower,0,3,14,12,29,0,5,51,1,57,0,8,65,13,86,100,2,102,188
07/20/2013,AHN,GA,ASO,ES,Federal Contract Tower,0,5,20,0,25,0,2,18,0,20,0,7,38,0,45,68,0,68,113
07/21/2013,AHN,GA,ASO,ES,Federal Contract Tower,0,2,15,0,17,0,0,3,2,5,0,2,18,2,22,4,0,4,26
07/22/2013,AHN,GA,ASO,ES,Federal Contract Tower,0,1,21,0,22,0,0,11,0,11,0,1,32,0,33,18,4,22,55
07/23/2013,AHN,GA,ASO,ES,Federal Contract Tower,0,4,19,0,23,0,0,43,0,43,0,4,62,0,66,62,0,62,128
07/24/2013,AHN,GA,ASO,ES,Federal Contract Tower,0,3,29,0,32,0,7,54,5,66,0,10,83,5,98,156,0,156,254
07/25/2013,AHN,GA,ASO,ES,Federal Contract Tower,0,3,7,0,10,0,0,25,0,25,0,3,32,0,35,56,0,56,91
07/26/2013,AHN,GA,ASO,ES,Federal Contract Tower,0,3,17,0,20,0,0,50,1,51,0,3,67,1,71,32,0,32,103
07/27/2013,AHN,GA,ASO,ES,Federal Contract Tower,0,1,21,4,26,0,0,13,0,13,0,1,34,4,39,14,0,14,53
07/28/2013,AHN,GA,ASO,ES,Federal Contract Tower,0,4,26,0,30,0,0,31,0,31,0,4,57,0,61,14,0,14,75
07/29/2013,AHN,GA,ASO,ES,Federal Contract Tower,0,3,14,6,23,0,3,51,1,55,0,6,65,7,78,84,6,90,168
07/30/2013,AHN,GA,ASO,ES,Federal Contract Tower,0,3,12,2,17,0,4,79,2,85,0,7,91,4,102,102,0,102,204
07/31/2013,AHN,GA,ASO,ES,Federal Contract Tower,0,5,18,0,23,0,0,17,2,19,0,5,35,2,42,18,0,18,60
08/01/2013,AHN,GA,ASO,ES,Federal Contract Tower,0,3,11,5,19,0,0,38,0,38,0,3,49,5,57,14,0,14,71
08/02/2013,AHN,GA,ASO,ES,Federal Contract Tower,0,11,19,5,35,0,0,31,1,32,0,11,50,6,67,40,0,40,107
08/03/2013,AHN,GA,ASO,ES,Federal Contract Tower,0,5,3,4,12,0,1,60,0,61,0,6,63,4,73,62,6,68,141
08/04/2013,AHN,GA,ASO,ES,Federal Contract Tower,0,4,19,2,25,0,2,26,0,28,0,6,45,2,53,14,0,14,67
08/05/2013,AHN,GA,ASO,ES,Federal Contract Tower,0,6,13,0,19,0,0,25,0,25,0,6,38,0,44,32,0,32,76
08/06/2013,AHN,GA,ASO,ES,Federal Contract Tower,0,6,29,0,35,0,0,15,1,16,0,6,44,1,51,50,0,50,101
08/07/2013,AHN,GA,ASO,ES,Federal Contract Tower,0,13,7,0,20,0,0,11,0,11,0,13,18,0,31,0,0,0,31
08/08/2013,AHN,GA,ASO,ES,Federal Contract Tower,0,3,21,0,24,0,0,32,7,39,0,3,53,7,63,6,0,6,69
08/09/2013,AHN,GA,ASO,ES,Federal Contract Tower,0,4,10,6,20,0,12,64,6,82,0,16,74,12,102,104,20,124,226
08/10/2013,AHN,GA,ASO,ES,Federal Contract Tower,0,1,3,4,8,0,0,52,0,52,0,1,55,4,60,56,0,56,116
08/11/2013,AHN,GA,ASO,ES,Federal Contract Tower,0,6,11,10,27,0,4,20,3,27,0,10,31,13,54,42,0,42,96
08/12/2013,AHN,GA,ASO,ES,Federal Contract Tower,0,5,6,0,11,0,0,25,0,25,0,5,31,0,36,34,0,34,70
08/13/2013,AHN,GA,ASO,ES,Federal Contract Tower,0,3,23,0,26,0,2,41,2,45,0,5,64,2,71,60,0,60,131
08/14/2013,AHN,GA,ASO,ES,Federal Contract Tower,0,2,19,7,28,0,0,0,0,0,0,2,19,7,28,112,0,112,140
08/15/2013,AHN,GA,ASO,ES,Federal Contract Tower,0,3,13,0,16,0,0,19,4,23,0,3,32,4,39,70,0,70,109
08/16/2013,AHN,GA,ASO,ES,Federal Contract Tower,0,5,21,12,38,0,0,2,0,2,0,5,23,12,40,10,0,10,50
08/17/2013,AHN,GA,ASO,ES,Federal Contract Tower,0,1,15,0,16,0,0,0,0,0,0,1,15,0,16,0,0,0,16
08/18/2013,AHN,GA,ASO,ES,Federal Contract Tower,0,3,9,2,14,0,0,2,6,8,0,3,11,8,22,0,0,0,22
08/19/2013,AHN,GA,ASO,ES,Federal Contract Tower,0,5,22,0,27,0,0,0,2,2,0,5,22,2,29,0,0,0,29
08/20/2013,AHN,GA,ASO,ES,Federal Contract Tower,0,2,46,4,52,0,0,20,0,20,0,2,66,4,72,66,4,70,142
08/21/2013,AHN,GA,ASO,ES,Federal Contract Tower,0,6,17,8,31,0,0,20,1,21,0,6,37,9,52,50,0,50,102
08/22/2013,AHN,GA,ASO,ES,Federal Contract Tower,0,4,19,0,23,0,3,75,0,78,0,7,94,0,101,110,0,110,211
08/23/2013,AHN,GA,ASO,ES,Federal Contract Tower,0,5,9,6,20,0,0,65,0,65,0,5,74,6,85,102,10,112,197
08/24/2013,AHN,GA,ASO,ES,Federal Contract Tower,0,2,22,0,24,0,0,50,0,50,0,2,72,0,74,92,0,92,166
08/25/2013,AHN,GA,ASO,ES,Federal Contract Tower,0,5,11,8,24,0,0,47,6,53,0,5,58,14,77,40,0,40,117
08/26/2013,AHN,GA,ASO,ES,Federal Contract Tower,0,6,10,0,16,0,0,71,0,71,0,6,81,0,87,60,4,64,151
08/27/2013,AHN,GA,ASO,ES,Federal Contract Tower,0,4,20,7,31,0,4,106,0,110,0,8,126,7,141,102,8,110,251
08/28/2013,AHN,GA,ASO,ES,Federal Contract Tower,0,5,22,0,27,0,0,65,1,66,0,5,87,1,93,54,0,54,147
08/29/2013,AHN,GA,ASO,ES,Federal Contract Tower,0,7,24,0,31,0,1,73,3,77,0,8,97,3,108,58,0,58,166
08/30/2013,AHN,GA,ASO,ES,Federal Contract Tower,0,4,28,0,32,0,0,26,0,26,0,4,54,0,58,48,0,48,106
08/31/2013,AHN,GA,ASO,ES,Federal Contract Tower,0,2,7,0,9,0,0,23,0,23,0,2,30,0,32,70,0,70,102
09/01/2013,AHN,GA,ASO,ES,Federal Contract Tower,0,4,13,0,17,0,0,13,0,13,0,4,26,0,30,16,0,16,46
09/02/2013,AHN,GA,ASO,ES,Federal Contract Tower,0,2,29,0,31,0,0,21,0,21,0,2,50,0,52,26,0,26,78
09/03/2013,AHN,GA,ASO,ES,Federal Contract Tower,0,4,20,4,28,0,1,28,2,31,0,5,48,6,59,56,0,56,115
09/04/2013,AHN,GA,ASO,ES,Federal Contract Tower,0,3,34,0,37,0,4,67,2,73,0,7,101,2,110,84,0,84,194
09/05/2013,AHN,GA,ASO,ES,Federal Contract Tower,0,6,16,1,23,0,2,66,2,70,0,8,82,3,93,112,0,112,205
09/06/2013,AHN,GA,ASO,ES,Federal Contract Tower,0,3,31,6,40,0,2,89,9,100,0,5,120,15,140,70,0,70,210
09/07/2013,AHN,GA,ASO,ES,Federal Contract Tower,0,13,112,0,125,0,4,63,0,67,0,17,175,0,192,146,0,146,338
09/08/2013,AHN,GA,ASO,ES,Federal Contract Tower,0,2,36,6,44,0,1,52,2,55,0,3,88,8,99,14,0,14,113
09/09/2013,AHN,GA,ASO,ES,Federal Contract Tower,0,4,0,0,4,0,2,54,0,56,0,6,54,0,60,48,0,48,108
09/10/2013,AHN,GA,ASO,ES,Federal Contract Tower,0,6,30,0,36,0,2,51,0,53,0,8,81,0,89,78,0,78,167
09/11/2013,AHN,GA,ASO,ES,Federal Contract Tower,0,7,10,3,20,0,3,94,3,100,0,10,104,6,120,70,0,70,190
09/12/2013,AHN,GA,ASO,ES,Federal Contract Tower,0,9,16,0,25,0,1,42,0,43,0,10,58,0,68,42,10,52,120
09/13/2013,AHN,GA,ASO,ES,Federal Contract Tower,0,6,18,0,24,0,0,74,0,74,0,6,92,0,98,32,0,32,130
09/14/2013,AHN,GA,ASO,ES,Federal Contract Tower,0,1,14,0,15,0,0,44,0,44,0,1,58,0,59,44,0,44,103
09/15/2013,AHN,GA,ASO,ES,Federal Contract Tower,0,6,21,7,34,0,0,28,0,28,0,6,49,7,62,34,0,34,96
09/16/2013,AHN,GA,ASO,ES,Federal Contract Tower,0,6,11,0,17,0,12,45,0,57,0,18,56,0,74,6,0,6,80
09/17/2013,AHN,GA,ASO,ES,Federal Contract Tower,0,7,9,2,18,0,0,26,0,26,0,7,35,2,44,16,4,20,64
09/18/2013,AHN,GA,ASO,ES,Federal Contract Tower,0,6,14,0,20,0,2,34,0,36,0,8,48,0,56,62,0,62,118
09/19/2013,AHN,GA,ASO,ES,Federal Contract Tower,0,7,33,0,40,0,0,45,0,45,0,7,78,0,85,40,0,40,125
09/20/2013,AHN,GA,ASO,ES,Federal Contract Tower,0,6,27,5,38,0,4,72,0,76,0,10,99,5,114,46,0,46,160
09/21/2013,AHN,GA,ASO,ES,Federal Contract Tower,0,10,19,0,29,0,0,2,0,2,0,10,21,0,31,0,0,0,31
09/22/2013,AHN,GA,ASO,ES,Federal Contract Tower,0,9,22,0,31,0,3,35,0,38,0,12,57,0,69,30,0,30,99
09/23/2013,AHN,GA,ASO,ES,Federal Contract Tower,0,4,11,0,15,0,0,27,2,29,0,4,38,2,44,18,0,18,62
09/24/2013,AHN,GA,ASO,ES,Federal Contract Tower,0,4,13,4,21,0,0,8,4,12,0,4,21,8,33,16,2,18,51
09/25/2013,AHN,GA,ASO,ES,Federal Contract Tower,0,3,38,0,41,0,0,0,0,0,0,3,38,0,41,0,0,0,41
09/26/2013,AHN,GA,ASO,ES,Federal Contract Tower,0,5,20,2,27,0,2,33,4,39,0,7,53,6,66,56,0,56,122
09/27/2013,AHN,GA,ASO,ES,Federal Contract Tower,0,12,51,6,69,0,3,75,4,82,0,15,126,10,151,46,0,46,197
09/28/2013,AHN,GA,ASO,ES,Federal Contract Tower,8,19,114,0,141,0,2,84,0,86,8,21,198,0,227,315,0,315,542
09/29/2013,AHN,GA,ASO,ES,Federal Contract Tower,0,15,54,0,69,0,0,54,0,54,0,15,108,0,123,10,0,10,133
09/30/2013,AHN,GA,ASO,ES,Federal Contract Tower,0,3,15,0,18,0,1,30,0,31,0,4,45,0,49,20,0,20,69
10/01/2013,AHN,GA,ASO,ES,Federal Contract Tower,0,12,21,0,33,0,3,45,0,48,0,15,66,0,81,60,0,60,141
10/02/2013,AHN,GA,ASO,ES,Federal Contract Tower,0,5,12,0,17,0,9,35,0,44,0,14,47,0,61,64,0,64,125
10/03/2013,AHN,GA,ASO,ES,Federal Contract Tower,0,5,17,0,22,0,7,55,0,62,0,12,72,0,84,76,0,76,160
10/04/2013,AHN,GA,ASO,ES,Federal Contract Tower,6,8,16,0,30,0,0,50,0,50,6,8,66,0,80,36,0,36,116
10/05/2013,AHN,GA,ASO,ES,Federal Contract Tower,0,10,23,0,33,0,4,46,0,50,0,14,69,0,83,2,0,2,85
10/06/2013,AHN,GA,ASO,ES,Federal Contract Tower,0,6,21,0,27,0,4,33,0,37,0,10,54,0,64,44,0,44,108
10/07/2013,AHN,GA,ASO,ES,Federal Contract Tower,0,6,14,0,20,0,0,12,0,12,0,6,26,0,32,0,0,0,32
10/08/2013,AHN,GA,ASO,ES,Federal Contract Tower,0,5,6,0,11,0,0,12,0,12,0,5,18,0,23,16,0,16,39
10/09/2013,AHN,GA,ASO,ES,Federal Contract Tower,0,4,13,0,17,0,2,47,0,49,0,6,60,0,66,50,0,50,116
10/10/2013,AHN,GA,ASO,ES,Federal Contract Tower,0,5,26,0,31,0,0,59,0,59,0,5,85,0,90,76,0,76,166
10/11/2013,AHN,GA,ASO,ES,Federal Contract Tower,0,8,36,6,50,0,5,62,0,67,0,13,98,6,117,44,0,44,161
10/12/2013,AHN,GA,ASO,ES,Federal Contract Tower,6,3,57,0,66,0,2,75,0,77,6,5,132,0,143,102,0,102,245
10/13/2013,AHN,GA,ASO,ES,Federal Contract Tower,0,8,27,0,35,0,1,36,0,37,0,9,63,0,72,8,0,8,80
10/14/2013,AHN,GA,ASO,ES,Federal Contract Tower,0,2,20,0,22,0,1,58,0,59,0,3,78,0,81,92,0,92,173
10/15/2013,AHN,GA,ASO,ES,Federal Contract Tower,0,5,17,0,22,0,0,10,0,10,0,5,27,0,32,6,0,6,38
10/16/2013,AHN,GA,ASO,ES,Federal Contract Tower,0,7,22,0,29,0,0,53,0,53,0,7,75,0,82,98,0,98,180
10/17/2013,AHN,GA,ASO,ES,Federal Contract Tower,0,11,27,0,38,0,0,25,0,25,0,11,52,0,63,84,0,84,147
10/18/2013,AHN,GA,ASO,ES,Federal Contract Tower,6,9,23,0,38,0,4,60,4,68,6,13,83,4,106,38,0,38,144
10/19/2013,AHN,GA,ASO,ES,Federal Contract Tower,8,4,24,0,36,0,2,23,0,25,8,6,47,0,61,4,0,4,65
10/20/2013,AHN,GA,ASO,ES,Federal Contract Tower,0,8,18,0,26,0,0,48,0,48,0,8,66,0,74,4,0,4,78
10/21/2013,AHN,GA,ASO,ES,Federal Contract Tower,0,5,31,2,38,0,3,18,0,21,0,8,49,2,59,20,0,20,79
10/22/2013,AHN,GA,ASO,ES,Federal Contract Tower,0,4,18,2,24,0,2,53,2,57,0,6,71,4,81,64,0,64,145
10/23/2013,AHN,GA,ASO,ES,Federal Contract Tower,0,4,24,0,28,0,5,38,1,44,0,9,62,1,72,52,0,52,124
10/24/2013,AHN,GA,ASO,ES,Federal Contract Tower,0,6,15,0,21,0,3,73,0,76,0,9,88,0,97,80,0,80,177
10/25/2013,AHN,GA,ASO,ES,Federal Contract Tower,0,4,24,2,30,0,4,68,0,72,0,8,92,2,102,80,0,80,182
10/26/2013,AHN,GA,ASO,ES,Federal Contract Tower,0,6,10,0,16,0,2,53,0,55,0,8,63,0,71,32,0,32,103
10/27/2013,AHN,GA,ASO,ES,Federal Contract Tower,0,7,13,0,20,0,4,26,0,30,0,11,39,0,50,40,0,40,90
10/28/2013,AHN,GA,ASO,ES,Federal Contract Tower,0,4,17,0,21,0,5,38,2,45,0,9,55,2,66,66,0,66,132
10/29/2013,AHN,GA,ASO,ES,Federal Contract Tower,0,6,18,0,24,0,7,84,0,91,0,13,102,0,115,110,0,110,225
10/30/2013,AHN,GA,ASO,ES,Federal Contract Tower,0,5,21,8,34,0,2,28,0,30,0,7,49,8,64,12,0,12,76
10/31/2013,AHN,GA,ASO,ES,Federal Contract Tower,0,5,38,0,43,0,6,47,0,53,0,11,85,0,96,52,0,52,148
11/01/2013,AHN,GA,ASO,ES,Federal Contract Tower,4,4,13,10,31,0,1,6,0,7,4,5,19,10,38,6,0,6,44
11/02/2013,AHN,GA,ASO,ES,Federal Contract Tower,0,1,4,0,5,0,0,36,1,37,0,1,40,1,42,28,14,42,84
11/03/2013,AHN,GA,ASO,ES,Federal Contract Tower,0,1,26,2,29,0,2,81,0,83,0,3,107,2,112,82,0,82,194
11/04/2013,AHN,GA,ASO,ES,Federal Contract Tower,0,3,11,0,14,0,3,38,0,41,0,6,49,0,55,64,0,64,119
11/05/2013,AHN,GA,ASO,ES,Federal Contract Tower,0,3,14,2,19,0,1,63,4,68,0,4,77,6,87,86,0,86,173
11/06/2013,AHN,GA,ASO,ES,Federal Contract Tower,0,7,9,6,22,0,9,69,4,82,0,16,78,10,104,116,0,116,220
11/07/2013,AHN,GA,ASO,ES,Federal Contract Tower,0,5,22,0,27,0,0,22,2,24,0,5,44,2,51,32,0,32,83
11/08/2013,AHN,GA,ASO,ES,Federal Contract Tower,0,10,38,0,48,0,3,79,0,82,0,13,117,0,130,102,2,104,234
11/09/2013,AHN,GA,ASO,ES,Federal Contract Tower,0,8,46,0,54,0,1,61,0,62,0,9,107,0,116,74,0,74,190
11/10/2013,AHN,GA,ASO,ES,Federal Contract Tower,0,5,37,0,42,0,2,33,6,41,0,7,70,6,83,6,0,6,89
11/11/2013,AHN,GA,ASO,ES,Federal Contract Tower,0,7,28,0,35,0,8,63,0,71,0,15,91,0,106,104,0,104,210
11/12/2013,AHN,GA,ASO,ES,Federal Contract Tower,0,3,8,0,11,0,1,42,0,43,0,4,50,0,54,56,0,56,110
11/13/2013,AHN,GA,ASO,ES,Federal Contract Tower,0,4,18,4,26,0,7,75,0,82,0,11,93,4,108,48,0,48,156
11/14/2013,AHN,GA,ASO,ES,Federal Contract Tower,0,4,11,4,19,0,0,58,2,60,0,4,69,6,79,58,10,68,147
11/15/2013,AHN,GA,ASO,ES,Federal Contract Tower,0,6,20,6,32,0,0,19,1,20,0,6,39,7,52,54,10,64,116
11/16/2013,AHN,GA,ASO,ES,Federal Contract Tower,0,3,38,0,41,0,0,3,0,3,0,3,41,0,44,10,0,10,54
11/17/2013,AHN,GA,ASO,ES,Federal Contract Tower,1,13,18,0,32,0,0,0,0,0,1,13,18,0,32,0,0,0,32
11/18/2013,AHN,GA,ASO,ES,Federal Contract Tower,0,5,14,0,19,0,0,53,0,53,0,5,67,0,72,80,0,80,152
11/19/2013,AHN,GA,ASO,ES,Federal Contract Tower,0,2,16,0,18,0,2,86,0,88,0,4,102,0,106,124,0,124,230
11/20/2013,AHN,GA,ASO,ES,Federal Contract Tower,2,6,18,1,27,0,4,58,2,64,2,10,76,3,91,56,0,56,147
11/21/2013,AHN,GA,ASO,ES,Federal Contract Tower,0,3,23,4,30,0,0,16,0,16,0,3,39,4,46,92,0,92,138
11/22/2013,AHN,GA,ASO,ES,Federal Contract Tower,0,17,37,11,65,0,0,20,0,20,0,17,57,11,85,42,0,42,127
11/23/2013,AHN,GA,ASO,ES,Federal Contract Tower,2,4,50,0,56,0,0,26,0,26,2,4,76,0,82,136,0,136,218
11/24/2013,AHN,GA,ASO,ES,Federal Contract Tower,2,12,29,0,43,0,5,82,0,87,2,17,111,0,130,62,0,62,192
11/25/2013,AHN,GA,ASO,ES,Federal Contract Tower,0,6,29,0,35,0,2,45,0,47,0,8,74,0,82,76,0,76,158
11/26/2013,AHN,GA,ASO,ES,Federal Contract Tower,0,2,6,0,8,0,0,0,0,0,0,2,6,0,8,0,0,0,8
11/27/2013,AHN,GA,ASO,ES,Federal Contract Tower,0,9,10,0,19,0,0,0,0,0,0,9,10,0,19,0,0,0,19
11/28/2013,AHN,GA,ASO,ES,Federal Contract Tower,0,2,4,0,6,0,1,27,0,28,0,3,31,0,34,22,0,22,56
11/29/2013,AHN,GA,ASO,ES,Federal Contract Tower,0,4,11,0,15,0,0,48,0,48,0,4,59,0,63,67,0,67,130
11/30/2013,AHN,GA,ASO,ES,Federal Contract Tower,0,3,23,0,26,0,0,56,0,56,0,3,79,0,82,88,0,88,170
12/01/2013,AHN,GA,ASO,ES,Federal Contract Tower,0,6,40,0,46,0,2,40,0,42,0,8,80,0,88,50,0,50,138
12/02/2013,AHN,GA,ASO,ES,Federal Contract Tower,0,6,15,2,23,0,0,15,0,15,0,6,30,2,38,44,0,44,82
12/03/2013,AHN,GA,ASO,ES,Federal Contract Tower,0,1,23,1,25,0,0,0,0,0,0,1,23,1,25,0,0,0,25
12/04/2013,AHN,GA,ASO,ES,Federal Contract Tower,0,2,25,0,27,0,18,3,0,21,0,20,28,0,48,32,0,32,80
12/05/2013,AHN,GA,ASO,ES,Federal Contract Tower,0,8,20,0,28,0,0,4,0,4,0,8,24,0,32,8,0,8,40
12/06/2013,AHN,GA,ASO,ES,Federal Contract Tower,0,8,22,4,34,0,2,24,2,28,0,10,46,6,62,78,0,78,140
12/07/2013,AHN,GA,ASO,ES,Federal Contract Tower,0,4,47,0,51,0,0,8,0,8,0,4,55,0,59,28,0,28,87
12/08/2013,AHN,GA,ASO,ES,Federal Contract Tower,0,2,8,0,10,0,0,0,0,0,0,2,8,0,10,0,0,0,10
12/09/2013,AHN,GA,ASO,ES,Federal Contract Tower,0,5,4,0,9,0,0,0,0,0,0,5,4,0,9,0,0,0,9
12/10/2013,AHN,GA,ASO,ES,Federal Contract Tower,0,4,15,0,19,0,5,24,4,33,0,9,39,4,52,56,0,56,108
12/11/2013,AHN,GA,ASO,ES,Federal Contract Tower,0,3,10,3,16,0,1,71,4,76,0,4,81,7,92,176,0,176,268
12/12/2013,AHN,GA,ASO,ES,Federal Contract Tower,0,3,15,0,18,0,7,76,6,89,0,10,91,6,107,186,0,186,293
12/13/2013,AHN,GA,ASO,ES,Federal Contract Tower,0,5,8,2,15,0,3,95,0,98,0,8,103,2,113,140,0,140,253
12/14/2013,AHN,GA,ASO,ES,Federal Contract Tower,0,3,8,0,11,0,0,0,0,0,0,3,8,0,11,0,0,0,11
12/15/2013,AHN,GA,ASO,ES,Federal Contract Tower,0,5,13,0,18,0,2,0,30,32,0,7,13,30,50,110,0,110,160
12/16/2013,AHN,GA,ASO,ES,Federal Contract Tower,0,3,26,0,29,0,0,78,0,78,0,3,104,0,107,140,0,140,247
12/17/2013,AHN,GA,ASO,ES,Federal Contract Tower,0,1,13,0,14,0,1,94,4,99,0,2,107,4,113,72,0,72,185
12/18/2013,AHN,GA,ASO,ES,Federal Contract Tower,0,6,12,2,20,0,1,138,0,139,0,7,150,2,159,174,0,174,333
12/19/2013,AHN,GA,ASO,ES,Federal Contract Tower,0,5,21,0,26,0,2,150,0,152,0,7,171,0,178,102,0,102,280
12/20/2013,AHN,GA,ASO,ES,Federal Contract Tower,0,2,14,0,16,0,4,89,0,93,0,6,103,0,109,137,0,137,246
12/21/2013,AHN,GA,ASO,ES,Federal Contract Tower,0,3,33,0,36,0,0,7,0,7,0,3,40,0,43,44,0,44,87
12/22/2013,AHN,GA,ASO,ES,Federal Contract Tower,0,2,5,0,7,0,0,0,0,0,0,2,5,0,7,0,0,0,7
12/23/2013,AHN,GA,ASO,ES,Federal Contract Tower,0,3,9,2,14,0,0,19,0,19,0,3,28,2,33,28,0,28,61
12/24/2013,AHN,GA,ASO,ES,Federal Contract Tower,0,3,4,0,7,0,0,44,0,44,0,3,48,0,51,10,0,10,61
12/25/2013,AHN,GA,ASO,ES,Federal Contract Tower,0,3,2,0,5,0,2,7,0,9,0,5,9,0,14,0,0,0,14
12/26/2013,AHN,GA,ASO,ES,Federal Contract Tower,0,5,15,0,20,0,0,70,0,70,0,5,85,0,90,46,0,46,136
12/27/2013,AHN,GA,ASO,ES,Federal Contract Tower,0,8,20,0,28,0,7,67,0,74,0,15,87,0,102,116,0,116,218
12/28/2013,AHN,GA,ASO,ES,Federal Contract Tower,0,2,24,0,26,0,0,68,0,68,0,2,92,0,94,36,0,36,130
12/29/2013,AHN,GA,ASO,ES,Federal Contract Tower,0,2,13,0,15,0,1,17,0,18,0,3,30,0,33,72,0,72,105
12/30/2013,AHN,GA,ASO,ES,Federal Contract Tower,0,5,14,0,19,0,0,99,0,99,0,5,113,0,118,98,0,98,216
12/31/2013,AHN,GA,ASO,ES,Federal Contract Tower,0,9,8,0,17,0,7,32,0,39,0,16,40,0,56,50,0,50,106
01/01/2014,AHN,GA,ASO,ES,Federal Contract Tower,0,7,8,0,15,0,0,25,0,25,0,7,33,0,40,10,0,10,50
01/02/2014,AHN,GA,ASO,ES,Federal Contract Tower,0,9,19,0,28,0,0,0,0,0,0,9,19,0,28,0,0,0,28
01/03/2014,AHN,GA,ASO,ES,Federal Contract Tower,0,2,28,0,30,0,5,70,2,77,0,7,98,2,107,76,0,76,183
01/04/2014,AHN,GA,ASO,ES,Federal Contract Tower,0,5,21,0,26,0,2,45,0,47,0,7,66,0,73,2,0,2,75
01/05/2014,AHN,GA,ASO,ES,Federal Contract Tower,0,4,12,0,16,0,0,0,0,0,0,4,12,0,16,0,0,0,16
01/06/2014,AHN,GA,ASO,ES,Federal Contract Tower,0,2,0,0,2,0,0,1,1,2,0,2,1,1,4,0,0,0,4
01/07/2014,AHN,GA,ASO,ES,Federal Contract Tower,0,5,16,0,21,0,2,67,1,70,0,7,83,1,91,14,0,14,105
01/08/2014,AHN,GA,ASO,ES,Federal Contract Tower,0,5,20,0,25,0,4,89,0,93,0,9,109,0,118,66,0,66,184
01/09/2014,AHN,GA,ASO,ES,Federal Contract Tower,0,9,21,2,32,0,2,63,0,65,0,11,84,2,97,90,0,90,187
01/10/2014,AHN,GA,ASO,ES,Federal Contract Tower,0,4,6,0,10,0,0,0,0,0,0,4,6,0,10,0,0,0,10
01/11/2014,AHN,GA,ASO,ES,Federal Contract Tower,2,4,8,0,14,0,0,12,0,12,2,4,20,0,26,6,0,6,32
01/12/2014,AHN,GA,ASO,ES,Federal Contract Tower,2,4,25,2,33,0,0,99,2,101,2,4,124,4,134,80,0,80,214
01/13/2014,AHN,GA,ASO,ES,Federal Contract Tower,2,7,7,0,16,0,0,63,0,63,2,7,70,0,79,110,0,110,189
01/14/2014,AHN,GA,ASO,ES,Federal Contract Tower,0,3,22,6,31,0,0,48,0,48,0,3,70,6,79,18,0,18,97
01/15/2014,AHN,GA,ASO,ES,Federal Contract Tower,0,8,17,0,25,0,2,56,2,60,0,10,73,2,85,98,0,98,183
01/16/2014,AHN,GA,ASO,ES,Federal Contract Tower,0,9,23,1,33,0,2,76,3,81,0,11,99,4,114,54,0,54,168
01/17/2014,AHN,GA,ASO,ES,Federal Contract Tower,2,6,22,5,35,0,6,53,4,63,2,12,75,9,98,66,0,66,164
01/18/2014,AHN,GA,ASO,ES,Federal Contract Tower,2,3,12,0,17,0,1,41,0,42,2,4,53,0,59,52,0,52,111
01/19/2014,AHN,GA,ASO,ES,Federal Contract Tower,0,3,9,2,14,0,1,37,5,43,0,4,46,7,57,62,0,62,119
01/20/2014,AHN,GA,ASO,ES,Federal Contract Tower,0,8,6,0,14,0,2,110,0,112,0,10,116,0,126,116,0,116,242
01/21/2014,AHN,GA,ASO,ES,Federal Contract Tower,0,5,4,0,9,0,10,36,0,46,0,15,40,0,55,32,0,32,87
01/22/2014,AHN,GA,ASO,ES,Federal Contract Tower,0,7,16,2,25,0,1,35,0,36,0,8,51,2,61,66,0,66,127
01/23/2014,AHN,GA,ASO,ES,Federal Contract Tower,0,8,15,0,23,0,1,43,1,45,0,9,58,1,68,38,0,38,106
01/24/2014,AHN,GA,ASO,ES,Federal Contract Tower,1,5,9,2,17,0,4,113,1,118,1,9,122,3,135,106,0,106,241
01/25/2014,AHN,GA,ASO,ES,Federal Contract Tower,1,5,11,17,34,0,2,15,0,17,1,7,26,17,51,8,24,32,83
01/26/2014,AHN,GA,ASO,ES,Federal Contract Tower,0,4,18,4,26,0,3,62,6,71,0,7,80,10,97,56,0,56,153
01/27/2014,AHN,GA,ASO,ES,Federal Contract Tower,0,7,9,0,16,0,1,72,0,73,0,8,81,0,89,44,0,44,133
01/28/2014,AHN,GA,ASO,ES,Federal Contract Tower,0,0,6,0,6,0,0,13,0,13,0,0,19,0,19,62,0,62,81
01/29/2014,AHN,GA,ASO,ES,Federal Contract Tower,0,2,3,0,5,0,2,2,0,4,0,4,5,0,9,20,0,20,29
01/30/2014,AHN,GA,ASO,ES,Federal Contract Tower,0,3,10,0,13,0,6,41,0,47,0,9,51,0,60,62,0,62,122
01/31/2014,AHN,GA,ASO,ES,Federal Contract Tower,0,5,18,0,23,0,2,41,0,43,0,7,59,0,66,44,0,44,110
02/01/2014,AHN,GA,ASO,ES,Federal Contract Tower,0,7,12,0,19,0,0,0,0,0,0,7,12,0,19,84,0,84,103
02/02/2014,AHN,GA,ASO,ES,Federal Contract Tower,0,3,16,0,19,0,0,18,0,18,0,3,34,0,37,40,0,40,77
02/03/2014,AHN,GA,ASO,ES,Federal Contract Tower,0,4,10,2,16,0,5,33,2,40,0,9,43,4,56,112,0,112,168
02/04/2014,AHN,GA,ASO,ES,Federal Contract Tower,0,2,15,0,17,0,0,4,0,4,0,2,19,0,21,36,0,36,57
02/05/2014,AHN,GA,ASO,ES,Federal Contract Tower,2,7,17,0,26,0,0,17,9,26,2,7,34,9,52,14,0,14,66
02/06/2014,AHN,GA,ASO,ES,Federal Contract Tower,0,9,12,0,21,0,2,49,2,53,0,11,61,2,74,116,0,116,190
02/07/2014,AHN,GA,ASO,ES,Federal Contract Tower,2,3,26,0,31,0,2,69,5,76,2,5,95,5,107,76,0,76,183
02/08/2014,AHN,GA,ASO,ES,Federal Contract Tower,0,3,8,0,11,0,1,74,2,77,0,4,82,2,88,68,4,72,160
02/09/2014,AHN,GA,ASO,ES,Federal Contract Tower,0,9,11,3,23,0,6,54,5,65,0,15,65,8,88,14,0,14,102
02/10/2014,AHN,GA,ASO,ES,Federal Contract Tower,0,3,5,4,12,0,1,42,0,43,0,4,47,4,55,104,0,104,159
02/11/2014,AHN,GA,ASO,ES,Federal Contract Tower,0,0,4,0,4,0,0,0,0,0,0,0,4,0,4,0,0,0,4
02/12/2014,AHN,GA,ASO,ES,Federal Contract Tower,0,0,0,0,0,0,0,0,0,0,0,0,0,0,0,0,0,0,0
02/13/2014,AHN,GA,ASO,ES,Federal Contract Tower,0,1,0,0,1,0,0,2,0,2,0,1,2,0,3,0,0,0,3
02/14/2014,AHN,GA,ASO,ES,Federal Contract Tower,0,6,15,0,21,0,0,61,0,61,0,6,76,0,82,48,0,48,130
02/15/2014,AHN,GA,ASO,ES,Federal Contract Tower,0,3,6,0,9,0,2,17,1,20,0,5,23,1,29,2,2,4,33
02/16/2014,AHN,GA,ASO,ES,Federal Contract Tower,0,4,16,0,20,0,6,70,0,76,0,10,86,0,96,76,0,76,172
02/17/2014,AHN,GA,ASO,ES,Federal Contract Tower,0,4,17,0,21,0,4,42,0,46,0,8,59,0,67,120,0,120,187
02/18/2014,AHN,GA,ASO,ES,Federal Contract Tower,0,7,27,4,38,0,2,46,3,51,0,9,73,7,89,40,2,42,131
02/19/2014,AHN,GA,ASO,ES,Federal Contract Tower,2,4,28,0,34,0,0,27,1,28,2,4,55,1,62,24,0,24,86
02/20/2014,AHN,GA,ASO,ES,Federal Contract Tower,0,4,28,2,34,0,1,29,0,30,0,5,57,2,64,10,0,10,74
02/21/2014,AHN,GA,ASO,ES,Federal Contract Tower,0,4,17,4,25,0,0,25,0,25,0,4,42,4,50,24,0,24,74
02/22/2014,AHN,GA,ASO,ES,Federal Contract Tower,0,5,21,0,26,0,3,92,0,95,0,8,113,0,121,98,0,98,219
02/23/2014,AHN,GA,ASO,ES,Federal Contract Tower,0,1,20,6,27,0,1,58,0,59,0,2,78,6,86,78,0,78,164
02/24/2014,AHN,GA,ASO,ES,Federal Contract Tower,0,3,10,0,13,0,1,63,0,64,0,4,73,0,77,72,0,72,149
02/25/2014,AHN,GA,ASO,ES,Federal Contract Tower,0,5,9,0,14,0,3,19,1,23,0,8,28,1,37,6,0,6,43
02/26/2014,AHN,GA,ASO,ES,Federal Contract Tower,0,3,16,2,21,0,1,33,0,34,0,4,49,2,55,40,0,40,95
02/27/2014,AHN,GA,ASO,ES,Federal Contract Tower,0,5,15,0,20,0,3,39,6,48,0,8,54,6,68,26,0,26,94
02/28/2014,AHN,GA,ASO,ES,Federal Contract Tower,0,9,12,0,21,0,4,65,0,69,0,13,77,0,90,38,0,38,128
03/01/2014,AHN,GA,ASO,ES,Federal Contract Tower,1,4,10,0,15,0,1,64,0,65,1,5,74,0,80,38,0,38,118
03/02/2014,AHN,GA,ASO,ES,Federal Contract Tower,0,9,10,0,19,0,1,37,0,38,0,10,47,0,57,32,0,32,89
03/03/2014,AHN,GA,ASO,ES,Federal Contract Tower,0,5,11,2,18,0,0,6,0,6,0,5,17,2,24,0,0,0,24
03/04/2014,AHN,GA,ASO,ES,Federal Contract Tower,2,7,26,2,37,0,2,27,0,29,2,9,53,2,66,12,0,12,78
03/05/2014,AHN,GA,ASO,ES,Federal Contract Tower,0,4,16,0,20,0,10,48,0,58,0,14,64,0,78,102,0,102,180
03/06/2014,AHN,GA,ASO,ES,Federal Contract Tower,0,2,6,0,8,0,0,6,0,6,0,2,12,0,14,0,0,0,14
03/07/2014,AHN,GA,ASO,ES,Federal Contract Tower,1,7,15,2,25,0,4,31,4,39,1,11,46,6,64,36,0,36,100
03/08/2014,AHN,GA,ASO,ES,Federal Contract Tower,0,5,9,0,14,0,0,0,0,0,0,5,9,0,14,64,0,64,78
03/09/2014,AHN,GA,ASO,ES,Federal Contract Tower,0,6,5,0,11,0,0,65,0,65,0,6,70,0,76,26,0,26,102
03/10/2014,AHN,GA,ASO,ES,Federal Contract Tower,0,5,13,2,20,0,1,55,0,56,0,6,68,2,76,48,0,48,124
03/11/2014,AHN,GA,ASO,ES,Federal Contract Tower,0,3,13,4,20,0,4,54,3,61,0,7,67,7,81,21,0,21,102
03/12/2014,AHN,GA,ASO,ES,Federal Contract Tower,0,4,10,0,14,0,0,0,0,0,0,4,10,0,14,0,0,0,14
03/13/2014,AHN,GA,ASO,ES,Federal Contract Tower,0,4,16,2,22,0,2,45,2,49,0,6,61,4,71,32,0,32,103
03/14/2014,AHN,GA,ASO,ES,Federal Contract Tower,0,3,21,7,31,0,6,64,0,70,0,9,85,7,101,120,0,120,221
03/15/2014,AHN,GA,ASO,ES,Federal Contract Tower,0,7,10,2,19,0,4,72,1,77,0,11,82,3,96,26,0,26,122
03/16/2014,AHN,GA,ASO,ES,Federal Contract Tower,0,5,20,0,25,0,0,0,0,0,0,5,20,0,25,0,0,0,25
03/17/2014,AHN,GA,ASO,ES,Federal Contract Tower,0,5,11,0,16,0,0,0,0,0,0,5,11,0,16,0,0,0,16
03/18/2014,AHN,GA,ASO,ES,Federal Contract Tower,0,4,27,0,31,0,0,3,0,3,0,4,30,0,34,0,4,4,38
03/19/2014,AHN,GA,ASO,ES,Federal Contract Tower,0,5,45,4,54,0,0,15,4,19,0,5,60,8,73,54,0,54,127
03/20/2014,AHN,GA,ASO,ES,Federal Contract Tower,0,4,33,0,37,0,7,90,0,97,0,11,123,0,134,96,0,96,230
03/21/2014,AHN,GA,ASO,ES,Federal Contract Tower,0,4,31,4,39,0,10,114,2,126,0,14,145,6,165,132,0,132,297
03/22/2014,AHN,GA,ASO,ES,Federal Contract Tower,0,2,23,4,29,0,1,98,0,99,0,3,121,4,128,44,0,44,172
03/23/2014,AHN,GA,ASO,ES,Federal Contract Tower,0,2,13,0,15,0,1,23,0,24,0,3,36,0,39,8,0,8,47
03/24/2014,AHN,GA,ASO,ES,Federal Contract Tower,0,5,25,0,30,0,3,43,0,46,0,8,68,0,76,82,0,82,158
03/25/2014,AHN,GA,ASO,ES,Federal Contract Tower,0,5,9,0,14,0,2,10,0,12,0,7,19,0,26,14,0,14,40
03/26/2014,AHN,GA,ASO,ES,Federal Contract Tower,0,2,16,0,18,0,3,136,0,139,0,5,152,0,157,70,0,70,227
03/27/2014,AHN,GA,ASO,ES,Federal Contract Tower,2,4,14,0,20,0,4,81,0,85,2,8,95,0,105,54,0,54,159
03/28/2014,AHN,GA,ASO,ES,Federal Contract Tower,0,16,25,2,43,0,0,0,0,0,0,16,25,2,43,0,0,0,43
03/29/2014,AHN,GA,ASO,ES,Federal Contract Tower,0,8,13,0,21,0,0,2,0,2,0,8,15,0,23,0,0,0,23
03/30/2014,AHN,GA,ASO,ES,Federal Contract Tower,2,4,27,0,33,0,0,28,0,28,2,4,55,0,61,12,0,12,73
03/31/2014,AHN,GA,ASO,ES,Federal Contract Tower,0,4,15,0,19,0,1,84,3,88,0,5,99,3,107,84,0,84,191
04/01/2014,AHN,GA,ASO,ES,Federal Contract Tower,0,4,28,0,32,0,3,76,0,79,0,7,104,0,111,30,0,30,141
04/02/2014,AHN,GA,ASO,ES,Federal Contract Tower,0,5,18,8,31,0,4,72,2,78,0,9,90,10,109,86,0,86,195
04/03/2014,AHN,GA,ASO,ES,Federal Contract Tower,0,5,31,2,38,0,7,68,2,77,0,12,99,4,115,66,0,66,181
04/04/2014,AHN,GA,ASO,ES,Federal Contract Tower,0,7,23,0,30,0,1,0,2,3,0,8,23,2,33,0,0,0,33
04/05/2014,AHN,GA,ASO,ES,Federal Contract Tower,0,4,31,4,39,0,20,58,2,80,0,24,89,6,119,82,14,96,215
04/06/2014,AHN,GA,ASO,ES,Federal Contract Tower,0,4,30,0,34,0,2,22,0,24,0,6,52,0,58,8,0,8,66
04/07/2014,AHN,GA,ASO,ES,Federal Contract Tower,0,5,10,0,15,0,0,0,0,0,0,5,10,0,15,0,0,0,15
04/08/2014,AHN,GA,ASO,ES,Federal Contract Tower,0,7,15,5,27,0,0,39,0,39,0,7,54,5,66,88,0,88,154
04/09/2014,AHN,GA,ASO,ES,Federal Contract Tower,0,1,33,2,36,0,1,47,2,50,0,2,80,4,86,40,0,40,126
04/10/2014,AHN,GA,ASO,ES,Federal Contract Tower,0,8,20,0,28,0,2,89,2,93,0,10,109,2,121,70,0,70,191
04/11/2014,AHN,GA,ASO,ES,Federal Contract Tower,0,3,31,10,44,0,6,52,1,59,0,9,83,11,103,48,10,58,161
04/12/2014,AHN,GA,ASO,ES,Federal Contract Tower,0,2,10,0,12,0,6,65,4,75,0,8,75,4,87,58,0,58,145
04/13/2014,AHN,GA,ASO,ES,Federal Contract Tower,0,8,22,3,33,0,3,67,3,73,0,11,89,6,106,36,0,36,142
04/14/2014,AHN,GA,ASO,ES,Federal Contract Tower,0,5,18,1,24,0,0,3,0,3,0,5,21,1,27,0,0,0,27
04/15/2014,AHN,GA,ASO,ES,Federal Contract Tower,0,1,10,0,11,0,0,1,0,1,0,1,11,0,12,0,0,0,12
04/16/2014,AHN,GA,ASO,ES,Federal Contract Tower,0,11,16,0,27,0,3,83,2,88,0,14,99,2,115,116,0,116,231
04/17/2014,AHN,GA,ASO,ES,Federal Contract Tower,0,1,27,0,28,0,2,54,0,56,0,3,81,0,84,30,0,30,114
04/18/2014,AHN,GA,ASO,ES,Federal Contract Tower,0,4,18,2,24,0,0,4,0,4,0,4,22,2,28,0,0,0,28
04/19/2014,AHN,GA,ASO,ES,Federal Contract Tower,0,3,16,0,19,0,0,0,0,0,0,3,16,0,19,0,0,0,19
04/20/2014,AHN,GA,ASO,ES,Federal Contract Tower,0,9,13,0,22,0,1,10,0,11,0,10,23,0,33,14,0,14,47
04/21/2014,AHN,GA,ASO,ES,Federal Contract Tower,0,13,31,0,44,0,3,69,0,72,0,16,100,0,116,106,0,106,222
04/22/2014,AHN,GA,ASO,ES,Federal Contract Tower,0,6,16,2,24,0,0,25,0,25,0,6,41,2,49,38,0,38,87
04/23/2014,AHN,GA,ASO,ES,Federal Contract Tower,0,4,44,0,48,0,0,70,2,72,0,4,114,2,120,48,0,48,168
04/24/2014,AHN,GA,ASO,ES,Federal Contract Tower,0,3,19,5,27,0,2,80,0,82,0,5,99,5,109,52,0,52,161
04/25/2014,AHN,GA,ASO,ES,Federal Contract Tower,0,5,26,12,43,0,0,16,0,16,0,5,42,12,59,24,0,24,83
04/26/2014,AHN,GA,ASO,ES,Federal Contract Tower,0,3,16,0,19,0,3,90,2,95,0,6,106,2,114,12,0,12,126
04/27/2014,AHN,GA,ASO,ES,Federal Contract Tower,0,6,21,20,47,0,3,38,2,43,0,9,59,22,90,12,0,12,102
04/28/2014,AHN,GA,ASO,ES,Federal Contract Tower,0,5,8,0,13,0,0,19,0,19,0,5,27,0,32,18,0,18,50
04/29/2014,AHN,GA,ASO,ES,Federal Contract Tower,0,5,10,0,15,0,2,7,0,9,0,7,17,0,24,0,0,0,24
04/30/2014,AHN,GA,ASO,ES,Federal Contract Tower,0,8,14,0,22,0,1,24,0,25,0,9,38,0,47,0,0,0,47
05/01/2014,AHN,GA,ASO,ES,Federal Contract Tower,0,5,27,2,34,0,5,52,7,64,0,10,79,9,98,14,14,28,126
05/02/2014,AHN,GA,ASO,ES,Federal Contract Tower,0,9,19,2,30,0,2,43,0,45,0,11,62,2,75,26,0,26,101
05/03/2014,AHN,GA,ASO,ES,Federal Contract Tower,0,0,16,0,16,0,5,50,1,56,0,5,66,1,72,22,0,22,94
05/04/2014,AHN,GA,ASO,ES,Federal Contract Tower,0,3,26,6,35,0,5,51,0,56,0,8,77,6,91,52,0,52,143
05/05/2014,AHN,GA,ASO,ES,Federal Contract Tower,0,8,12,4,24,0,2,63,2,67,0,10,75,6,91,58,0,58,149
05/06/2014,AHN,GA,ASO,ES,Federal Contract Tower,0,7,14,0,21,0,0,69,1,70,0,7,83,1,91,6,0,6,97
05/07/2014,AHN,GA,ASO,ES,Federal Contract Tower,0,5,16,0,21,0,4,68,0,72,0,9,84,0,93,44,0,44,137
05/08/2014,AHN,GA,ASO,ES,Federal Contract Tower,0,8,20,0,28,0,3,60,2,65,0,11,80,2,93,92,2,94,187
05/09/2014,AHN,GA,ASO,ES,Federal Contract Tower,0,7,21,7,35,0,0,53,2,55,0,7,74,9,90,46,0,46,136
05/10/2014,AHN,GA,ASO,ES,Federal Contract Tower,0,14,15,0,29,0,0,45,0,45,0,14,60,0,74,26,0,26,100
05/11/2014,AHN,GA,ASO,ES,Federal Contract Tower,0,4,18,6,28,0,1,37,0,38,0,5,55,6,66,38,0,38,104
05/12/2014,AHN,GA,ASO,ES,Federal Contract Tower,0,1,6,0,7,0,3,64,0,67,0,4,70,0,74,72,0,72,146
05/13/2014,AHN,GA,ASO,ES,Federal Contract Tower,0,6,9,0,15,0,0,67,0,67,0,6,76,0,82,64,0,64,146
05/14/2014,AHN,GA,ASO,ES,Federal Contract Tower,0,1,18,0,19,0,0,26,0,26,0,1,44,0,45,4,0,4,49
05/15/2014,AHN,GA,ASO,ES,Federal Contract Tower,0,15,14,0,29,0,0,4,0,4,0,15,18,0,33,0,0,0,33
05/16/2014,AHN,GA,ASO,ES,Federal Contract Tower,0,5,18,13,36,0,1,69,5,75,0,6,87,18,111,48,0,48,159
05/17/2014,AHN,GA,ASO,ES,Federal Contract Tower,0,4,15,0,19,0,3,60,0,63,0,7,75,0,82,60,0,60,142
05/18/2014,AHN,GA,ASO,ES,Federal Contract Tower,0,6,26,1,33,0,0,0,1,1,0,6,26,2,34,0,0,0,34
05/19/2014,AHN,GA,ASO,ES,Federal Contract Tower,0,9,34,0,43,0,2,28,0,30,0,11,62,0,73,44,0,44,117
05/20/2014,AHN,GA,ASO,ES,Federal Contract Tower,0,7,22,0,29,0,9,64,8,81,0,16,86,8,110,62,0,62,172
05/21/2014,AHN,GA,ASO,ES,Federal Contract Tower,0,12,36,0,48,0,1,70,2,73,0,13,106,2,121,58,0,58,179
05/22/2014,AHN,GA,ASO,ES,Federal Contract Tower,0,2,27,0,29,0,3,68,2,73,0,5,95,2,102,46,0,46,148
05/23/2014,AHN,GA,ASO,ES,Federal Contract Tower,0,2,21,0,23,0,3,53,0,56,0,5,74,0,79,0,0,0,79
05/24/2014,AHN,GA,ASO,ES,Federal Contract Tower,1,2,17,0,20,0,2,44,0,46,1,4,61,0,66,30,0,30,96
05/25/2014,AHN,GA,ASO,ES,Federal Contract Tower,0,1,8,0,9,0,0,42,0,42,0,1,50,0,51,20,0,20,71
05/26/2014,AHN,GA,ASO,ES,Federal Contract Tower,0,4,16,0,20,0,0,40,0,40,0,4,56,0,60,12,0,12,72
05/27/2014,AHN,GA,ASO,ES,Federal Contract Tower,0,3,16,0,19,0,0,59,0,59,0,3,75,0,78,40,0,40,118
05/28/2014,AHN,GA,ASO,ES,Federal Contract Tower,0,4,23,0,27,0,5,64,2,71,0,9,87,2,98,86,0,86,184
05/29/2014,AHN,GA,ASO,ES,Federal Contract Tower,0,2,20,0,22,0,0,61,0,61,0,2,81,0,83,70,0,70,153
05/30/2014,AHN,GA,ASO,ES,Federal Contract Tower,0,5,24,2,31,0,1,17,0,18,0,6,41,2,49,4,2,6,55
05/31/2014,AHN,GA,ASO,ES,Federal Contract Tower,0,2,8,0,10,0,2,32,0,34,0,4,40,0,44,16,0,16,60
06/01/2014,AHN,GA,ASO,ES,Federal Contract Tower,0,2,3,0,5,0,0,11,0,11,0,2,14,0,16,28,0,28,44
06/02/2014,AHN,GA,ASO,ES,Federal Contract Tower,0,4,28,0,32,0,0,76,0,76,0,4,104,0,108,64,0,64,172
06/03/2014,AHN,GA,ASO,ES,Federal Contract Tower,0,6,14,1,21,0,0,36,1,37,0,6,50,2,58,22,0,22,80
06/04/2014,AHN,GA,ASO,ES,Federal Contract Tower,0,5,20,0,25,0,0,69,0,69,0,5,89,0,94,48,0,48,142
06/05/2014,AHN,GA,ASO,ES,Federal Contract Tower,0,2,18,0,20,0,0,48,7,55,0,2,66,7,75,26,0,26,101
06/06/2014,AHN,GA,ASO,ES,Federal Contract Tower,0,10,13,13,36,0,2,70,0,72,0,12,83,13,108,14,4,18,126
06/07/2014,AHN,GA,ASO,ES,Federal Contract Tower,0,2,7,0,9,0,0,53,0,53,0,2,60,0,62,26,0,26,88
06/08/2014,AHN,GA,ASO,ES,Federal Contract Tower,0,4,11,13,28,0,0,52,0,52,0,4,63,13,80,4,0,4,84
06/09/2014,AHN,GA,ASO,ES,Federal Contract Tower,0,5,15,0,20,0,0,57,2,59,0,5,72,2,79,38,0,38,117
06/10/2014,AHN,GA,ASO,ES,Federal Contract Tower,0,8,15,0,23,0,1,82,3,86,0,9,97,3,109,26,0,26,135
06/11/2014,AHN,GA,ASO,ES,Federal Contract Tower,0,5,26,0,31,0,0,11,1,12,0,5,37,1,43,10,0,10,53
06/12/2014,AHN,GA,ASO,ES,Federal Contract Tower,0,7,14,0,21,0,0,30,0,30,0,7,44,0,51,20,0,20,71
06/13/2014,AHN,GA,ASO,ES,Federal Contract Tower,0,5,8,0,13,0,0,61,0,61,0,5,69,0,74,38,0,38,112
06/14/2014,AHN,GA,ASO,ES,Federal Contract Tower,0,1,15,6,22,0,3,83,2,88,0,4,98,8,110,6,10,16,126
06/15/2014,AHN,GA,ASO,ES,Federal Contract Tower,0,1,15,6,22,0,0,31,0,31,0,1,46,6,53,16,4,20,73
06/16/2014,AHN,GA,ASO,ES,Federal Contract Tower,0,2,19,0,21,0,2,71,0,73,0,4,90,0,94,18,0,18,112
06/17/2014,AHN,GA,ASO,ES,Federal Contract Tower,0,2,19,4,25,0,0,49,0,49,0,2,68,4,74,72,0,72,146
06/18/2014,AHN,GA,ASO,ES,Federal Contract Tower,0,14,10,0,24,0,3,65,0,68,0,17,75,0,92,54,0,54,146
06/19/2014,AHN,GA,ASO,ES,Federal Contract Tower,0,3,19,0,22,0,1,52,2,55,0,4,71,2,77,38,2,40,117
06/20/2014,AHN,GA,ASO,ES,Federal Contract Tower,0,3,26,4,33,0,2,74,4,80,0,5,100,8,113,32,0,32,145
06/21/2014,AHN,GA,ASO,ES,Federal Contract Tower,0,4,7,0,11,0,1,62,0,63,0,5,69,0,74,18,0,18,92
06/22/2014,AHN,GA,ASO,ES,Federal Contract Tower,0,2,16,0,18,0,0,27,11,38,0,2,43,11,56,26,0,26,82
06/23/2014,AHN,GA,ASO,ES,Federal Contract Tower,0,4,7,0,11,0,0,23,0,23,0,4,30,0,34,4,0,4,38
06/24/2014,AHN,GA,ASO,ES,Federal Contract Tower,0,4,26,4,34,0,0,31,0,31,0,4,57,4,65,8,0,8,73
06/25/2014,AHN,GA,ASO,ES,Federal Contract Tower,0,2,24,0,26,0,1,46,2,49,0,3,70,2,75,40,0,40,115
06/26/2014,AHN,GA,ASO,ES,Federal Contract Tower,0,2,18,0,20,0,6,87,2,95,0,8,105,2,115,62,0,62,177
06/27/2014,AHN,GA,ASO,ES,Federal Contract Tower,0,6,21,2,29,0,4,55,4,63,0,10,76,6,92,48,0,48,140
06/28/2014,AHN,GA,ASO,ES,Federal Contract Tower,0,5,12,0,17,0,2,71,0,73,0,7,83,0,90,26,0,26,116
06/29/2014,AHN,GA,ASO,ES,Federal Contract Tower,0,8,15,4,27,0,0,51,2,53,0,8,66,6,80,20,0,20,100
06/30/2014,AHN,GA,ASO,ES,Federal Contract Tower,0,2,25,0,27,0,0,59,0,59,0,2,84,0,86,16,0,16,102
07/01/2014,AHN,GA,ASO,ES,Federal Contract Tower,0,2,9,6,17,0,0,66,0,66,0,2,75,6,83,40,0,40,123
07/02/2014,AHN,GA,ASO,ES,Federal Contract Tower,0,1,7,6,14,0,3,81,0,84,0,4,88,6,98,84,0,84,182
07/03/2014,AHN,GA,ASO,ES,Federal Contract Tower,0,9,26,0,35,0,6,58,0,64,0,15,84,0,99,54,0,54,153
07/04/2014,AHN,GA,ASO,ES,Federal Contract Tower,0,3,4,0,7,0,0,23,0,23,0,3,27,0,30,14,0,14,44
07/05/2014,AHN,GA,ASO,ES,Federal Contract Tower,0,0,4,0,4,0,2,40,0,42,0,2,44,0,46,12,0,12,58
07/06/2014,AHN,GA,ASO,ES,Federal Contract Tower,0,1,14,0,15,0,0,23,0,23,0,1,37,0,38,0,0,0,38
07/07/2014,AHN,GA,ASO,ES,Federal Contract Tower,0,3,15,0,18,0,2,37,0,39,0,5,52,0,57,34,0,34,91
07/08/2014,AHN,GA,ASO,ES,Federal Contract Tower,0,8,21,0,29,0,1,49,3,53,0,9,70,3,82,52,0,52,134
07/09/2014,AHN,GA,ASO,ES,Federal Contract Tower,0,6,26,0,32,0,3,40,6,49,0,9,66,6,81,50,0,50,131
07/10/2014,AHN,GA,ASO,ES,Federal Contract Tower,0,5,33,0,38,0,0,31,0,31,0,5,64,0,69,62,0,62,131
07/11/2014,AHN,GA,ASO,ES,Federal Contract Tower,0,3,31,18,52,0,1,40,2,43,0,4,71,20,95,16,0,16,111
07/12/2014,AHN,GA,ASO,ES,Federal Contract Tower,0,0,21,4,25,0,1,32,2,35,0,1,53,6,60,28,0,28,88
07/13/2014,AHN,GA,ASO,ES,Federal Contract Tower,0,1,14,3,18,0,0,25,0,25,0,1,39,3,43,14,0,14,57
07/14/2014,AHN,GA,ASO,ES,Federal Contract Tower,0,4,8,0,12,0,1,46,0,47,0,5,54,0,59,22,0,22,81
07/15/2014,AHN,GA,ASO,ES,Federal Contract Tower,0,3,3,0,6,0,0,48,0,48,0,3,51,0,54,52,0,52,106
07/16/2014,AHN,GA,ASO,ES,Federal Contract Tower,0,4,31,0,35,0,3,61,0,64,0,7,92,0,99,104,0,104,203
07/17/2014,AHN,GA,ASO,ES,Federal Contract Tower,0,5,21,0,26,0,1,83,0,84,0,6,104,0,110,58,0,58,168
07/18/2014,AHN,GA,ASO,ES,Federal Contract Tower,0,5,18,6,29,0,0,32,2,34,0,5,50,8,63,36,0,36,99
07/19/2014,AHN,GA,ASO,ES,Federal Contract Tower,0,3,5,0,8,0,0,2,0,2,0,3,7,0,10,0,0,0,10
07/20/2014,AHN,GA,ASO,ES,Federal Contract Tower,0,4,7,2,13,0,0,5,0,5,0,4,12,2,18,0,0,0,18
07/21/2014,AHN,GA,ASO,ES,Federal Contract Tower,0,3,8,2,13,0,0,10,0,10,0,3,18,2,23,4,0,4,27
07/22/2014,AHN,GA,ASO,ES,Federal Contract Tower,0,2,8,0,10,0,0,27,0,27,0,2,35,0,37,60,0,60,97
07/23/2014,AHN,GA,ASO,ES,Federal Contract Tower,0,6,13,0,19,0,1,65,0,66,0,7,78,0,85,46,0,46,131
07/24/2014,AHN,GA,ASO,ES,Federal Contract Tower,0,7,17,0,24,0,2,61,5,68,0,9,78,5,92,54,0,54,146
07/25/2014,AHN,GA,ASO,ES,Federal Contract Tower,0,4,14,1,19,0,0,76,1,77,0,4,90,2,96,124,0,124,220
07/26/2014,AHN,GA,ASO,ES,Federal Contract Tower,0,1,10,0,11,0,0,64,0,64,0,1,74,0,75,18,0,18,93
07/27/2014,AHN,GA,ASO,ES,Federal Contract Tower,0,2,8,2,12,0,2,18,0,20,0,4,26,2,32,6,0,6,38
07/28/2014,AHN,GA,ASO,ES,Federal Contract Tower,0,0,4,0,4,0,0,28,0,28,0,0,32,0,32,0,0,0,32
07/29/2014,AHN,GA,ASO,ES,Federal Contract Tower,0,4,16,0,20,0,2,53,1,56,0,6,69,1,76,44,0,44,120
07/30/2014,AHN,GA,ASO,ES,Federal Contract Tower,0,3,8,0,11,0,2,69,2,73,0,5,77,2,84,86,0,86,170
07/31/2014,AHN,GA,ASO,ES,Federal Contract Tower,0,5,32,0,37,0,0,19,1,20,0,5,51,1,57,84,0,84,141
08/01/2014,AHN,GA,ASO,ES,Federal Contract Tower,0,4,15,0,19,0,0,14,0,14,0,4,29,0,33,22,0,22,55
08/02/2014,AHN,GA,ASO,ES,Federal Contract Tower,0,5,10,2,17,0,0,6,0,6,0,5,16,2,23,0,0,0,23
08/03/2014,AHN,GA,ASO,ES,Federal Contract Tower,0,2,11,0,13,0,0,22,0,22,0,2,33,0,35,12,0,12,47
08/04/2014,AHN,GA,ASO,ES,Federal Contract Tower,0,4,17,0,21,0,1,34,0,35,0,5,51,0,56,10,0,10,66
08/05/2014,AHN,GA,ASO,ES,Federal Contract Tower,0,2,13,1,16,0,5,81,1,87,0,7,94,2,103,86,36,122,225
08/06/2014,AHN,GA,ASO,ES,Federal Contract Tower,0,7,13,2,22,0,2,54,4,60,0,9,67,6,82,126,0,126,208
08/07/2014,AHN,GA,ASO,ES,Federal Contract Tower,0,2,4,2,8,0,3,53,6,62,0,5,57,8,70,78,0,78,148
08/08/2014,AHN,GA,ASO,ES,Federal Contract Tower,0,2,9,2,13,0,0,27,2,29,0,2,36,4,42,0,0,0,42
08/09/2014,AHN,GA,ASO,ES,Federal Contract Tower,0,2,23,1,26,0,0,5,8,13,0,2,28,9,39,10,0,10,49
08/10/2014,AHN,GA,ASO,ES,Federal Contract Tower,0,2,12,11,25,0,1,3,3,7,0,3,15,14,32,0,0,0,32
08/11/2014,AHN,GA,ASO,ES,Federal Contract Tower,0,6,19,0,25,0,0,15,0,15,0,6,34,0,40,4,0,4,44
08/12/2014,AHN,GA,ASO,ES,Federal Contract Tower,0,6,11,0,17,0,0,40,0,40,0,6,51,0,57,62,0,62,119
08/13/2014,AHN,GA,ASO,ES,Federal Contract Tower,0,4,16,1,21,0,11,117,2,130,0,15,133,3,151,66,0,66,217
08/14/2014,AHN,GA,ASO,ES,Federal Contract Tower,0,2,17,0,19,0,0,87,0,87,0,2,104,0,106,22,0,22,128
08/15/2014,AHN,GA,ASO,ES,Federal Contract Tower,0,4,8,13,25,0,2,72,2,76,0,6,80,15,101,66,0,66,167
08/16/2014,AHN,GA,ASO,ES,Federal Contract Tower,0,2,9,0,11,0,3,83,0,86,0,5,92,0,97,0,0,0,97
08/17/2014,AHN,GA,ASO,ES,Federal Contract Tower,0,1,11,14,26,0,0,42,0,42,0,1,53,14,68,12,0,12,80
08/18/2014,AHN,GA,ASO,ES,Federal Contract Tower,0,2,9,0,11,0,2,22,3,27,0,4,31,3,38,24,0,24,62
08/19/2014,AHN,GA,ASO,ES,Federal Contract Tower,0,4,6,0,10,0,0,14,2,16,0,4,20,2,26,0,0,0,26
08/20/2014,AHN,GA,ASO,ES,Federal Contract Tower,0,2,25,0,27,0,4,49,2,55,0,6,74,2,82,34,0,34,116
08/21/2014,AHN,GA,ASO,ES,Federal Contract Tower,0,9,14,0,23,0,6,72,4,82,0,15,86,4,105,90,0,90,195
08/22/2014,AHN,GA,ASO,ES,Federal Contract Tower,0,7,14,4,25,0,0,57,4,61,0,7,71,8,86,50,0,50,136
08/23/2014,AHN,GA,ASO,ES,Federal Contract Tower,0,1,10,0,11,0,1,50,0,51,0,2,60,0,62,0,0,0,62
08/24/2014,AHN,GA,ASO,ES,Federal Contract Tower,0,3,17,0,20,0,0,16,0,16,0,3,33,0,36,4,0,4,40
08/25/2014,AHN,GA,ASO,ES,Federal Contract Tower,0,3,10,0,13,0,0,50,2,52,0,3,60,2,65,28,0,28,93
08/26/2014,AHN,GA,ASO,ES,Federal Contract Tower,0,3,13,2,18,0,1,57,0,58,0,4,70,2,76,24,0,24,100
08/27/2014,AHN,GA,ASO,ES,Federal Contract Tower,0,3,7,1,11,0,1,60,0,61,0,4,67,1,72,54,0,54,126
08/28/2014,AHN,GA,ASO,ES,Federal Contract Tower,0,5,24,0,29,0,5,56,0,61,0,10,80,0,90,42,0,42,132
08/29/2014,AHN,GA,ASO,ES,Federal Contract Tower,0,7,36,0,43,0,7,82,0,89,0,14,118,0,132,48,0,48,180
08/30/2014,AHN,GA,ASO,ES,Federal Contract Tower,0,10,73,0,83,0,4,37,0,41,0,14,110,0,124,54,0,54,178
08/31/2014,AHN,GA,ASO,ES,Federal Contract Tower,0,10,32,0,42,0,0,26,0,26,0,10,58,0,68,6,0,6,74
09/01/2014,AHN,GA,ASO,ES,Federal Contract Tower,0,5,8,0,13,0,1,21,0,22,0,6,29,0,35,10,0,10,45
09/02/2014,AHN,GA,ASO,ES,Federal Contract Tower,0,3,17,0,20,0,2,68,0,70,0,5,85,0,90,64,0,64,154
09/03/2014,AHN,GA,ASO,ES,Federal Contract Tower,0,8,7,0,15,0,2,62,1,65,0,10,69,1,80,6,0,6,86
09/04/2014,AHN,GA,ASO,ES,Federal Contract Tower,0,8,13,0,21,0,0,21,2,23,0,8,34,2,44,0,0,0,44
09/05/2014,AHN,GA,ASO,ES,Federal Contract Tower,0,11,34,0,45,0,0,44,0,44,0,11,78,0,89,80,0,80,169
09/06/2014,AHN,GA,ASO,ES,Federal Contract Tower,0,1,8,0,9,0,3,24,0,27,0,4,32,0,36,6,0,6,42
09/07/2014,AHN,GA,ASO,ES,Federal Contract Tower,0,2,17,0,19,0,5,21,1,27,0,7,38,1,46,2,0,2,48
09/08/2014,AHN,GA,ASO,ES,Federal Contract Tower,0,6,17,0,23,0,0,1,0,1,0,6,18,0,24,0,0,0,24
09/09/2014,AHN,GA,ASO,ES,Federal Contract Tower,0,6,24,2,32,0,4,61,0,65,0,10,85,2,97,114,0,114,211
09/10/2014,AHN,GA,ASO,ES,Federal Contract Tower,0,5,27,0,32,0,1,69,0,70,0,6,96,0,102,28,0,28,130
09/11/2014,AHN,GA,ASO,ES,Federal Contract Tower,0,5,13,0,18,0,0,43,0,43,0,5,56,0,61,28,0,28,89
09/12/2014,AHN,GA,ASO,ES,Federal Contract Tower,0,5,18,0,23,0,0,29,0,29,0,5,47,0,52,64,0,64,116
09/13/2014,AHN,GA,ASO,ES,Federal Contract Tower,0,0,5,0,5,0,2,12,0,14,0,2,17,0,19,18,0,18,37
09/14/2014,AHN,GA,ASO,ES,Federal Contract Tower,0,4,18,0,22,0,0,0,0,0,0,4,18,0,22,0,0,0,22
09/15/2014,AHN,GA,ASO,ES,Federal Contract Tower,0,2,6,1,9,0,0,1,0,1,0,2,7,1,10,0,0,0,10
09/16/2014,AHN,GA,ASO,ES,Federal Contract Tower,0,3,11,0,14,0,0,42,0,42,0,3,53,0,56,18,0,18,74
09/17/2014,AHN,GA,ASO,ES,Federal Contract Tower,0,8,9,0,17,0,3,71,1,75,0,11,80,1,92,66,0,66,158
09/18/2014,AHN,GA,ASO,ES,Federal Contract Tower,0,3,23,4,30,0,1,18,0,19,0,4,41,4,49,16,0,16,65
09/19/2014,AHN,GA,ASO,ES,Federal Contract Tower,0,7,43,9,59,0,4,40,0,44,0,11,83,9,103,34,0,34,137
09/20/2014,AHN,GA,ASO,ES,Federal Contract Tower,0,5,26,4,35,0,2,28,0,30,0,7,54,4,65,10,0,10,75
09/21/2014,AHN,GA,ASO,ES,Federal Contract Tower,0,7,30,16,53,0,1,46,0,47,0,8,76,16,100,24,0,24,124
09/22/2014,AHN,GA,ASO,ES,Federal Contract Tower,0,5,21,0,26,0,2,27,0,29,0,7,48,0,55,42,0,42,97
09/23/2014,AHN,GA,ASO,ES,Federal Contract Tower,0,4,11,0,15,0,0,41,4,45,0,4,52,4,60,16,0,16,76
09/24/2014,AHN,GA,ASO,ES,Federal Contract Tower,0,3,17,0,20,0,2,33,0,35,0,5,50,0,55,50,0,50,105
09/25/2014,AHN,GA,ASO,ES,Federal Contract Tower,0,7,32,0,39,0,2,16,7,25,0,9,48,7,64,32,0,32,96
09/26/2014,AHN,GA,ASO,ES,Federal Contract Tower,0,17,57,6,80,0,2,8,0,10,0,19,65,6,90,10,0,10,100
09/27/2014,AHN,GA,ASO,ES,Federal Contract Tower,0,12,108,2,122,0,2,35,2,39,0,14,143,4,161,6,0,6,167
09/28/2014,AHN,GA,ASO,ES,Federal Contract Tower,0,12,47,4,63,0,1,12,2,15,0,13,59,6,78,6,0,6,84
09/29/2014,AHN,GA,ASO,ES,Federal Contract Tower,0,4,9,3,16,0,0,1,0,1,0,4,10,3,17,0,0,0,17
09/30/2014,AHN,GA,ASO,ES,Federal Contract Tower,0,2,36,0,38,0,0,55,0,55,0,2,91,0,93,44,0,44,137
10/01/2014,AHN,GA,ASO,ES,Federal Contract Tower,0,4,27,2,33,0,4,59,0,63,0,8,86,2,96,76,0,76,172
10/02/2014,AHN,GA,ASO,ES,Federal Contract Tower,0,2,22,0,24,0,5,66,2,73,0,7,88,2,97,24,0,24,121
10/03/2014,AHN,GA,ASO,ES,Federal Contract Tower,0,2,22,0,24,0,1,5,0,6,0,3,27,0,30,0,0,0,30
10/04/2014,AHN,GA,ASO,ES,Federal Contract Tower,0,6,46,0,52,0,1,46,0,47,0,7,92,0,99,30,0,30,129
10/05/2014,AHN,GA,ASO,ES,Federal Contract Tower,0,2,31,0,33,0,0,56,0,56,0,2,87,0,89,36,0,36,125
10/06/2014,AHN,GA,ASO,ES,Federal Contract Tower,0,2,21,0,23,0,6,44,0,50,0,8,65,0,73,6,0,6,79
10/07/2014,AHN,GA,ASO,ES,Federal Contract Tower,0,1,8,0,9,0,2,55,0,57,0,3,63,0,66,22,0,22,88
10/08/2014,AHN,GA,ASO,ES,Federal Contract Tower,0,2,19,3,24,0,0,35,1,36,0,2,54,4,60,46,0,46,106
10/09/2014,AHN,GA,ASO,ES,Federal Contract Tower,0,0,15,0,15,0,2,56,0,58,0,2,71,0,73,46,0,46,119
10/10/2014,AHN,GA,ASO,ES,Federal Contract Tower,0,2,17,1,20,0,2,33,3,38,0,4,50,4,58,4,0,4,62
10/11/2014,AHN,GA,ASO,ES,Federal Contract Tower,0,1,25,0,26,0,3,12,0,15,0,4,37,0,41,32,0,32,73
10/12/2014,AHN,GA,ASO,ES,Federal Contract Tower,0,2,14,0,16,0,0,12,0,12,0,2,26,0,28,14,0,14,42
10/13/2014,AHN,GA,ASO,ES,Federal Contract Tower,0,2,11,0,13,0,1,16,0,17,0,3,27,0,30,0,0,0,30
10/14/2014,AHN,GA,ASO,ES,Federal Contract Tower,0,4,3,0,7,0,0,0,0,0,0,4,3,0,7,0,0,0,7
10/15/2014,AHN,GA,ASO,ES,Federal Contract Tower,0,3,18,0,21,0,0,51,0,51,0,3,69,0,72,42,0,42,114
10/16/2014,AHN,GA,ASO,ES,Federal Contract Tower,0,5,27,0,32,0,1,65,0,66,0,6,92,0,98,54,4,58,156
10/17/2014,AHN,GA,ASO,ES,Federal Contract Tower,0,5,21,4,30,0,1,94,4,99,0,6,115,8,129,58,0,58,187
10/18/2014,AHN,GA,ASO,ES,Federal Contract Tower,0,1,12,6,19,0,0,74,0,74,0,1,86,6,93,36,0,36,129
10/19/2014,AHN,GA,ASO,ES,Federal Contract Tower,0,2,20,2,24,0,1,34,7,42,0,3,54,9,66,6,0,6,72
10/20/2014,AHN,GA,ASO,ES,Federal Contract Tower,0,5,11,7,23,0,0,45,2,47,0,5,56,9,70,12,20,32,102
10/21/2014,AHN,GA,ASO,ES,Federal Contract Tower,0,3,20,3,26,0,0,60,3,63,0,3,80,6,89,30,0,30,119
10/22/2014,AHN,GA,ASO,ES,Federal Contract Tower,0,4,26,0,30,0,4,45,0,49,0,8,71,0,79,68,0,68,147
10/23/2014,AHN,GA,ASO,ES,Federal Contract Tower,0,3,13,0,16,0,3,63,4,70,0,6,76,4,86,18,0,18,104
10/24/2014,AHN,GA,ASO,ES,Federal Contract Tower,0,1,15,0,16,0,2,87,2,91,0,3,102,2,107,72,0,72,179
10/25/2014,AHN,GA,ASO,ES,Federal Contract Tower,0,0,11,12,23,0,2,54,0,56,0,2,65,12,79,22,16,38,117
10/26/2014,AHN,GA,ASO,ES,Federal Contract Tower,0,2,18,6,26,0,0,74,0,74,0,2,92,6,100,42,0,42,142
10/27/2014,AHN,GA,ASO,ES,Federal Contract Tower,0,0,15,0,15,0,3,46,2,51,0,3,61,2,66,20,0,20,86
10/28/2014,AHN,GA,ASO,ES,Federal Contract Tower,0,1,16,0,17,0,0,97,2,99,0,1,113,2,116,38,0,38,154
10/29/2014,AHN,GA,ASO,ES,Federal Contract Tower,0,4,14,2,20,0,2,30,4,36,0,6,44,6,56,30,0,30,86
10/30/2014,AHN,GA,ASO,ES,Federal Contract Tower,0,2,31,4,37,0,2,68,2,72,0,4,99,6,109,66,0,66,175
10/31/2014,AHN,GA,ASO,ES,Federal Contract Tower,0,0,15,1,16,0,4,36,4,44,0,4,51,5,60,92,6,98,158
11/01/2014,AHN,GA,ASO,ES,Federal Contract Tower,0,0,2,0,2,0,0,1,0,1,0,0,3,0,3,0,0,0,3
11/02/2014,AHN,GA,ASO,ES,Federal Contract Tower,0,1,27,3,31,0,0,45,4,49,0,1,72,7,80,50,0,50,130
11/03/2014,AHN,GA,ASO,ES,Federal Contract Tower,0,30,0,0,30,0,6,73,11,90,0,36,73,11,120,104,0,104,224
11/04/2014,AHN,GA,ASO,ES,Federal Contract Tower,0,1,11,3,15,0,1,56,0,57,0,2,67,3,72,92,0,92,164
11/05/2014,AHN,GA,ASO,ES,Federal Contract Tower,0,2,21,2,25,0,6,55,0,61,0,8,76,2,86,164,0,164,250
11/06/2014,AHN,GA,ASO,ES,Federal Contract Tower,0,1,18,3,22,0,0,17,2,19,0,1,35,5,41,16,0,16,57
11/07/2014,AHN,GA,ASO,ES,Federal Contract Tower,0,1,24,8,33,0,5,78,2,85,0,6,102,10,118,130,0,130,248
11/08/2014,AHN,GA,ASO,ES,Federal Contract Tower,0,0,5,0,5,0,10,55,0,65,0,10,60,0,70,10,0,10,80
11/09/2014,AHN,GA,ASO,ES,Federal Contract Tower,0,5,16,4,25,0,1,50,6,57,0,6,66,10,82,76,2,78,160
11/10/2014,AHN,GA,ASO,ES,Federal Contract Tower,0,0,15,0,15,0,4,61,0,65,0,4,76,0,80,26,0,26,106
11/11/2014,AHN,GA,ASO,ES,Federal Contract Tower,0,14,17,0,31,0,2,76,0,78,0,16,93,0,109,98,0,98,207
11/12/2014,AHN,GA,ASO,ES,Federal Contract Tower,0,32,13,0,45,0,1,67,0,68,0,33,80,0,113,102,0,102,215
11/13/2014,AHN,GA,ASO,ES,Federal Contract Tower,0,1,26,0,27,0,5,39,9,53,0,6,65,9,80,54,0,54,134
11/14/2014,AHN,GA,ASO,ES,Federal Contract Tower,0,5,54,0,59,0,2,45,7,54,0,7,99,7,113,88,2,90,203
11/15/2014,AHN,GA,ASO,ES,Federal Contract Tower,0,11,95,2,108,0,5,61,3,69,0,16,156,5,177,40,4,44,221
11/16/2014,AHN,GA,ASO,ES,Federal Contract Tower,0,10,59,0,69,0,0,27,0,27,0,10,86,0,96,118,0,118,214
11/17/2014,AHN,GA,ASO,ES,Federal Contract Tower,0,1,8,0,9,0,0,0,0,0,0,1,8,0,9,0,0,0,9
11/18/2014,AHN,GA,ASO,ES,Federal Contract Tower,0,3,10,0,13,0,0,29,2,31,0,3,39,2,44,20,0,20,64
11/19/2014,AHN,GA,ASO,ES,Federal Contract Tower,0,2,17,0,19,0,2,53,7,62,0,4,70,7,81,102,0,102,183
11/20/2014,AHN,GA,ASO,ES,Federal Contract Tower,0,0,17,0,17,0,3,30,6,39,0,3,47,6,56,28,0,28,84
11/21/2014,AHN,GA,ASO,ES,Federal Contract Tower,0,1,28,0,29,0,12,81,4,97,0,13,109,4,126,132,0,132,258
11/22/2014,AHN,GA,ASO,ES,Federal Contract Tower,0,1,21,0,22,0,5,35,2,42,0,6,56,2,64,20,0,20,84
11/23/2014,AHN,GA,ASO,ES,Federal Contract Tower,0,2,16,0,18,0,0,0,0,0,0,2,16,0,18,0,0,0,18
11/24/2014,AHN,GA,ASO,ES,Federal Contract Tower,0,1,8,2,11,0,3,59,7,69,0,4,67,9,80,50,0,50,130
11/25/2014,AHN,GA,ASO,ES,Federal Contract Tower,0,0,18,2,20,0,0,50,0,50,0,0,68,2,70,130,0,130,200
11/26/2014,AHN,GA,ASO,ES,Federal Contract Tower,0,5,30,0,35,0,1,29,0,30,0,6,59,0,65,50,0,50,115
11/27/2014,AHN,GA,ASO,ES,Federal Contract Tower,0,3,3,0,6,0,2,4,0,6,0,5,7,0,12,0,0,0,12
11/28/2014,AHN,GA,ASO,ES,Federal Contract Tower,0,2,13,0,15,0,7,25,0,32,0,9,38,0,47,82,0,82,129
11/29/2014,AHN,GA,ASO,ES,Federal Contract Tower,0,7,42,0,49,0,2,61,0,63,0,9,103,0,112,121,0,121,233
11/30/2014,AHN,GA,ASO,ES,Federal Contract Tower,0,0,43,0,43,0,1,67,0,68,0,1,110,0,111,158,0,158,269
12/01/2014,AHN,GA,ASO,ES,Federal Contract Tower,0,4,18,0,22,0,13,41,0,54,0,17,59,0,76,94,0,94,170
12/02/2014,AHN,GA,ASO,ES,Federal Contract Tower,0,0,19,0,19,0,1,72,1,74,0,1,91,1,93,110,0,110,203
12/03/2014,AHN,GA,ASO,ES,Federal Contract Tower,0,4,24,2,30,0,0,39,0,39,0,4,63,2,69,64,0,64,133
12/04/2014,AHN,GA,ASO,ES,Federal Contract Tower,0,4,12,0,16,0,4,74,0,78,0,8,86,0,94,146,0,146,240
12/05/2014,AHN,GA,ASO,ES,Federal Contract Tower,0,2,14,0,16,0,0,0,0,0,0,2,14,0,16,0,0,0,16
12/06/2014,AHN,GA,ASO,ES,Federal Contract Tower,0,0,4,0,4,0,0,0,0,0,0,0,4,0,4,0,0,0,4
12/07/2014,AHN,GA,ASO,ES,Federal Contract Tower,0,4,17,0,21,0,0,94,4,98,0,4,111,4,119,106,0,106,225
12/08/2014,AHN,GA,ASO,ES,Federal Contract Tower,0,4,24,3,31,0,2,44,1,47,0,6,68,4,78,136,0,136,214
12/09/2014,AHN,GA,ASO,ES,Federal Contract Tower,0,1,16,0,17,0,1,43,3,47,0,2,59,3,64,12,2,14,78
12/10/2014,AHN,GA,ASO,ES,Federal Contract Tower,0,0,26,0,26,0,0,106,0,106,0,0,132,0,132,144,0,144,276
12/11/2014,AHN,GA,ASO,ES,Federal Contract Tower,0,0,21,0,21,0,3,185,2,190,0,3,206,2,211,108,0,108,319
12/12/2014,AHN,GA,ASO,ES,Federal Contract Tower,0,1,26,18,45,0,1,161,0,162,0,2,187,18,207,124,0,124,331
12/13/2014,AHN,GA,ASO,ES,Federal Contract Tower,0,0,17,0,17,0,1,75,0,76,0,1,92,0,93,26,0,26,119
12/14/2014,AHN,GA,ASO,ES,Federal Contract Tower,0,2,11,8,21,0,3,71,5,79,0,5,82,13,100,42,10,52,152
12/15/2014,AHN,GA,ASO,ES,Federal Contract Tower,0,0,10,0,10,0,4,67,0,71,0,4,77,0,81,66,0,66,147
12/16/2014,AHN,GA,ASO,ES,Federal Contract Tower,0,2,34,0,36,0,6,13,0,19,0,8,47,0,55,14,0,14,69
12/17/2014,AHN,GA,ASO,ES,Federal Contract Tower,0,2,17,2,21,0,10,116,0,126,0,12,133,2,147,134,0,134,281
12/18/2014,AHN,GA,ASO,ES,Federal Contract Tower,0,3,16,0,19,0,5,91,2,98,0,8,107,2,117,64,2,66,183
12/19/2014,AHN,GA,ASO,ES,Federal Contract Tower,0,4,27,8,39,0,3,104,0,107,0,7,131,8,146,82,0,82,228
12/20/2014,AHN,GA,ASO,ES,Federal Contract Tower,0,2,12,0,14,0,0,0,0,0,0,2,12,0,14,0,0,0,14
12/21/2014,AHN,GA,ASO,ES,Federal Contract Tower,0,0,22,6,28,0,0,0,0,0,0,0,22,6,28,0,0,0,28
12/22/2014,AHN,GA,ASO,ES,Federal Contract Tower,0,0,13,0,13,0,0,0,0,0,0,0,13,0,13,0,0,0,13
12/23/2014,AHN,GA,ASO,ES,Federal Contract Tower,0,0,3,0,3,0,0,0,0,0,0,0,3,0,3,0,0,0,3
12/24/2014,AHN,GA,ASO,ES,Federal Contract Tower,0,0,5,0,5,0,0,0,0,0,0,0,5,0,5,0,0,0,5
12/25/2014,AHN,GA,ASO,ES,Federal Contract Tower,0,1,0,0,1,0,0,14,0,14,0,1,14,0,15,2,0,2,17
12/26/2014,AHN,GA,ASO,ES,Federal Contract Tower,0,5,10,0,15,0,0,44,0,44,0,5,54,0,59,36,0,36,95
12/27/2014,AHN,GA,ASO,ES,Federal Contract Tower,0,2,26,0,28,0,2,43,0,45,0,4,69,0,73,54,0,54,127
12/28/2014,AHN,GA,ASO,ES,Federal Contract Tower,0,0,7,0,7,0,0,0,0,0,0,0,7,0,7,0,0,0,7
12/29/2014,AHN,GA,ASO,ES,Federal Contract Tower,0,0,9,2,11,0,3,17,0,20,0,3,26,2,31,52,0,52,83
12/30/2014,AHN,GA,ASO,ES,Federal Contract Tower,0,1,24,2,27,0,0,18,0,18,0,1,42,2,45,28,0,28,73
12/31/2014,AHN,GA,ASO,ES,Federal Contract Tower,0,6,19,2,27,0,1,83,0,84,0,7,102,2,111,76,0,76,187
01/01/2015,AHN,GA,ASO,ES,Federal Contract Tower,0,2,14,0,16,0,0,31,0,31,0,2,45,0,47,8,0,8,55
01/02/2015,AHN,GA,ASO,ES,Federal Contract Tower,0,1,17,0,18,0,0,47,0,47,0,1,64,0,65,6,0,6,71
01/03/2015,AHN,GA,ASO,ES,Federal Contract Tower,0,1,3,0,4,0,0,0,0,0,0,1,3,0,4,0,0,0,4
01/04/2015,AHN,GA,ASO,ES,Federal Contract Tower,0,2,6,0,8,0,0,7,0,7,0,2,13,0,15,24,0,24,39
01/05/2015,AHN,GA,ASO,ES,Federal Contract Tower,0,1,26,0,27,0,2,45,0,47,0,3,71,0,74,78,0,78,152
01/06/2015,AHN,GA,ASO,ES,Federal Contract Tower,0,0,8,6,14,0,2,51,3,56,0,2,59,9,70,16,0,16,86
01/07/2015,AHN,GA,ASO,ES,Federal Contract Tower,0,0,8,0,8,0,0,14,2,16,0,0,22,2,24,22,0,22,46
01/08/2015,AHN,GA,ASO,ES,Federal Contract Tower,0,0,5,0,5,0,1,43,3,47,0,1,48,3,52,46,0,46,98
01/09/2015,AHN,GA,ASO,ES,Federal Contract Tower,0,2,18,2,22,0,0,70,0,70,0,2,88,2,92,22,0,22,114
01/10/2015,AHN,GA,ASO,ES,Federal Contract Tower,0,2,10,2,14,0,1,94,2,97,0,3,104,4,111,30,0,30,141
01/11/2015,AHN,GA,ASO,ES,Federal Contract Tower,0,1,10,0,11,0,0,1,2,3,0,1,11,2,14,6,0,6,20
01/12/2015,AHN,GA,ASO,ES,Federal Contract Tower,0,1,2,0,3,0,0,0,0,0,0,1,2,0,3,0,0,0,3
01/13/2015,AHN,GA,ASO,ES,Federal Contract Tower,0,5,8,0,13,0,0,0,0,0,0,5,8,0,13,0,0,0,13
01/14/2015,AHN,GA,ASO,ES,Federal Contract Tower,0,4,17,0,21,0,0,3,2,5,0,4,20,2,26,4,0,4,30
01/15/2015,AHN,GA,ASO,ES,Federal Contract Tower,0,5,11,0,16,0,0,0,0,0,0,5,11,0,16,0,0,0,16
01/16/2015,AHN,GA,ASO,ES,Federal Contract Tower,0,5,31,14,50,0,4,78,0,82,0,9,109,14,132,40,0,40,172
01/17/2015,AHN,GA,ASO,ES,Federal Contract Tower,0,0,17,0,17,0,1,75,0,76,0,1,92,0,93,60,0,60,153
01/18/2015,AHN,GA,ASO,ES,Federal Contract Tower,0,0,13,0,13,0,4,27,0,31,0,4,40,0,44,6,0,6,50
01/19/2015,AHN,GA,ASO,ES,Federal Contract Tower,0,5,16,0,21,0,1,60,0,61,0,6,76,0,82,38,0,38,120
01/20/2015,AHN,GA,ASO,ES,Federal Contract Tower,0,4,10,2,16,0,3,53,0,56,0,7,63,2,72,50,0,50,122
01/21/2015,AHN,GA,ASO,ES,Federal Contract Tower,0,6,15,0,21,0,2,109,0,111,0,8,124,0,132,10,0,10,142
01/22/2015,AHN,GA,ASO,ES,Federal Contract Tower,0,5,26,2,33,0,3,77,0,80,0,8,103,2,113,46,0,46,159
01/23/2015,AHN,GA,ASO,ES,Federal Contract Tower,0,9,12,0,21,0,0,0,0,0,0,9,12,0,21,0,0,0,21
01/24/2015,AHN,GA,ASO,ES,Federal Contract Tower,5,12,0,0,17,0,0,17,2,19,5,12,17,2,36,38,0,38,74
01/25/2015,AHN,GA,ASO,ES,Federal Contract Tower,0,8,19,0,27,0,0,71,0,71,0,8,90,0,98,60,0,60,158
01/26/2015,AHN,GA,ASO,ES,Federal Contract Tower,0,3,12,2,17,0,1,2,2,5,0,4,14,4,22,8,0,8,30
01/27/2015,AHN,GA,ASO,ES,Federal Contract Tower,0,6,28,4,38,0,1,38,0,39,0,7,66,4,77,48,0,48,125
01/28/2015,AHN,GA,ASO,ES,Federal Contract Tower,0,5,20,2,27,0,1,86,0,87,0,6,106,2,114,50,0,50,164
01/29/2015,AHN,GA,ASO,ES,Federal Contract Tower,0,1,20,1,22,0,0,54,4,58,0,1,74,5,80,42,0,42,122
01/30/2015,AHN,GA,ASO,ES,Federal Contract Tower,0,6,26,0,32,0,2,37,2,41,0,8,63,2,73,8,0,8,81
01/31/2015,AHN,GA,ASO,ES,Federal Contract Tower,0,6,14,0,20,0,3,71,0,74,0,9,85,0,94,10,0,10,104
02/01/2015,AHN,GA,ASO,ES,Federal Contract Tower,0,4,7,0,11,0,1,24,0,25,0,5,31,0,36,16,0,16,52
02/02/2015,AHN,GA,ASO,ES,Federal Contract Tower,0,1,9,1,11,0,1,2,1,4,0,2,11,2,15,0,0,0,15
02/03/2015,AHN,GA,ASO,ES,Federal Contract Tower,0,2,10,0,12,0,4,54,0,58,0,6,64,0,70,40,0,40,110
02/04/2015,AHN,GA,ASO,ES,Federal Contract Tower,0,0,14,0,14,0,1,33,0,34,0,1,47,0,48,60,0,60,108
02/05/2015,AHN,GA,ASO,ES,Federal Contract Tower,0,3,7,0,10,0,1,45,0,46,0,4,52,0,56,8,0,8,64
02/06/2015,AHN,GA,ASO,ES,Federal Contract Tower,0,3,24,16,43,0,0,98,2,100,0,3,122,18,143,38,0,38,181
02/07/2015,AHN,GA,ASO,ES,Federal Contract Tower,0,2,17,0,19,0,2,93,0,95,0,4,110,0,114,42,0,42,156
02/08/2015,AHN,GA,ASO,ES,Federal Contract Tower,0,5,23,0,28,0,0,39,7,46,0,5,62,7,74,12,0,12,86
02/09/2015,AHN,GA,ASO,ES,Federal Contract Tower,18,2,0,0,20,0,0,0,0,0,18,2,0,0,20,12,0,12,32
02/10/2015,AHN,GA,ASO,ES,Federal Contract Tower,0,3,32,0,35,0,4,59,2,65,0,7,91,2,100,50,0,50,150
02/11/2015,AHN,GA,ASO,ES,Federal Contract Tower,0,0,15,0,15,0,1,79,0,80,0,1,94,0,95,50,0,50,145
02/12/2015,AHN,GA,ASO,ES,Federal Contract Tower,0,0,12,0,12,0,0,22,4,26,0,0,34,4,38,10,0,10,48
02/13/2015,AHN,GA,ASO,ES,Federal Contract Tower,0,2,28,0,30,0,0,91,0,91,0,2,119,0,121,22,0,22,143
02/14/2015,AHN,GA,ASO,ES,Federal Contract Tower,0,2,9,0,11,0,0,54,0,54,0,2,63,0,65,50,0,50,115
02/15/2015,AHN,GA,ASO,ES,Federal Contract Tower,0,4,19,0,23,0,0,54,0,54,0,4,73,0,77,10,0,10,87
02/16/2015,AHN,GA,ASO,ES,Federal Contract Tower,0,1,21,0,22,0,0,7,0,7,0,1,28,0,29,22,0,22,51
02/17/2015,AHN,GA,ASO,ES,Federal Contract Tower,0,2,16,2,20,0,0,4,0,4,0,2,20,2,24,16,0,16,40
02/18/2015,AHN,GA,ASO,ES,Federal Contract Tower,0,9,21,0,30,0,0,29,0,29,0,9,50,0,59,6,0,6,65
02/19/2015,AHN,GA,ASO,ES,Federal Contract Tower,0,1,10,0,11,0,1,16,0,17,0,2,26,0,28,0,0,0,28
02/20/2015,AHN,GA,ASO,ES,Federal Contract Tower,0,1,15,0,16,0,2,45,1,48,0,3,60,1,64,14,0,14,78
02/21/2015,AHN,GA,ASO,ES,Federal Contract Tower,0,3,6,0,9,0,0,38,0,38,0,3,44,0,47,64,0,64,111
02/22/2015,AHN,GA,ASO,ES,Federal Contract Tower,0,2,11,0,13,0,0,0,0,0,0,2,11,0,13,0,0,0,13
02/23/2015,AHN,GA,ASO,ES,Federal Contract Tower,0,1,14,4,19,0,1,8,0,9,0,2,22,4,28,6,0,6,34
02/24/2015,AHN,GA,ASO,ES,Federal Contract Tower,0,1,8,0,9,0,0,0,0,0,0,1,8,0,9,0,0,0,9
02/25/2015,AHN,GA,ASO,ES,Federal Contract Tower,0,7,11,0,18,0,0,8,0,8,0,7,19,0,26,12,0,12,38
02/26/2015,AHN,GA,ASO,ES,Federal Contract Tower,0,7,14,2,23,0,0,2,0,2,0,7,16,2,25,0,0,0,25
02/27/2015,AHN,GA,ASO,ES,Federal Contract Tower,0,7,28,0,35,0,2,84,2,88,0,9,112,2,123,48,0,48,171
02/28/2015,AHN,GA,ASO,ES,Federal Contract Tower,0,6,27,2,35,0,5,73,4,82,0,11,100,6,117,74,0,74,191
03/01/2015,AHN,GA,ASO,ES,Federal Contract Tower,0,2,10,0,12,0,0,0,0,0,0,2,10,0,12,0,0,0,12
03/02/2015,AHN,GA,ASO,ES,Federal Contract Tower,0,2,20,0,22,0,0,16,0,16,0,2,36,0,38,0,0,0,38
03/03/2015,AHN,GA,ASO,ES,Federal Contract Tower,0,2,24,2,28,0,0,0,0,0,0,2,24,2,28,0,0,0,28
03/04/2015,AHN,GA,ASO,ES,Federal Contract Tower,0,2,8,2,12,0,0,15,0,15,0,2,23,2,27,48,0,48,75
03/05/2015,AHN,GA,ASO,ES,Federal Contract Tower,0,7,13,0,20,0,0,3,0,3,0,7,16,0,23,0,0,0,23
03/06/2015,AHN,GA,ASO,ES,Federal Contract Tower,0,5,29,0,34,0,5,91,0,96,0,10,120,0,130,94,0,94,224
03/07/2015,AHN,GA,ASO,ES,Federal Contract Tower,0,6,28,3,37,0,0,86,1,87,0,6,114,4,124,80,6,86,210
03/08/2015,AHN,GA,ASO,ES,Federal Contract Tower,0,3,19,0,22,0,3,89,0,92,0,6,108,0,114,44,0,44,158
03/09/2015,AHN,GA,ASO,ES,Federal Contract Tower,0,3,10,0,13,0,2,31,0,33,0,5,41,0,46,24,0,24,70
03/10/2015,AHN,GA,ASO,ES,Federal Contract Tower,0,1,19,0,20,0,2,19,2,23,0,3,38,2,43,18,0,18,61
03/11/2015,AHN,GA,ASO,ES,Federal Contract Tower,0,4,25,3,32,0,0,15,5,20,0,4,40,8,52,20,0,20,72
03/12/2015,AHN,GA,ASO,ES,Federal Contract Tower,0,7,21,0,28,0,0,10,2,12,0,7,31,2,40,2,0,2,42
03/13/2015,AHN,GA,ASO,ES,Federal Contract Tower,0,0,4,2,6,0,0,2,0,2,0,0,6,2,8,0,2,2,10
03/14/2015,AHN,GA,ASO,ES,Federal Contract Tower,0,5,10,2,17,0,0,0,0,0,0,5,10,2,17,0,0,0,17
03/15/2015,AHN,GA,ASO,ES,Federal Contract Tower,0,3,23,0,26,0,1,110,2,113,0,4,133,2,139,96,0,96,235
03/16/2015,AHN,GA,ASO,ES,Federal Contract Tower,0,5,22,0,27,0,4,77,0,81,0,9,99,0,108,32,0,32,140
03/17/2015,AHN,GA,ASO,ES,Federal Contract Tower,0,7,18,0,25,0,10,58,2,70,0,17,76,2,95,32,0,32,127
03/18/2015,AHN,GA,ASO,ES,Federal Contract Tower,0,4,23,0,27,0,4,86,2,92,0,8,109,2,119,116,0,116,235
03/19/2015,AHN,GA,ASO,ES,Federal Contract Tower,0,2,19,0,21,0,0,0,0,0,0,2,19,0,21,0,0,0,21
03/20/2015,AHN,GA,ASO,ES,Federal Contract Tower,0,3,28,0,31,0,0,21,0,21,0,3,49,0,52,70,0,70,122
03/21/2015,AHN,GA,ASO,ES,Federal Contract Tower,0,2,30,0,32,0,0,54,2,56,0,2,84,2,88,54,0,54,142
03/22/2015,AHN,GA,ASO,ES,Federal Contract Tower,0,2,26,2,30,0,0,1,0,1,0,2,27,2,31,0,0,0,31
03/23/2015,AHN,GA,ASO,ES,Federal Contract Tower,0,4,21,0,25,0,0,16,0,16,0,4,37,0,41,34,0,34,75
03/24/2015,AHN,GA,ASO,ES,Federal Contract Tower,0,0,26,4,30,0,0,91,0,91,0,0,117,4,121,56,0,56,177
03/25/2015,AHN,GA,ASO,ES,Federal Contract Tower,0,3,37,2,42,0,1,10,0,11,0,4,47,2,53,10,0,10,63
03/26/2015,AHN,GA,ASO,ES,Federal Contract Tower,0,4,14,0,18,0,0,13,0,13,0,4,27,0,31,18,0,18,49
03/27/2015,AHN,GA,ASO,ES,Federal Contract Tower,0,3,32,0,35,0,0,42,0,42,0,3,74,0,77,30,0,30,107
03/28/2015,AHN,GA,ASO,ES,Federal Contract Tower,0,0,19,0,19,0,2,49,0,51,0,2,68,0,70,24,0,24,94
03/29/2015,AHN,GA,ASO,ES,Federal Contract Tower,0,3,16,6,25,0,2,61,0,63,0,5,77,6,88,44,0,44,132
03/30/2015,AHN,GA,ASO,ES,Federal Contract Tower,0,6,14,0,20,0,0,18,0,18,0,6,32,0,38,54,0,54,92
03/31/2015,AHN,GA,ASO,ES,Federal Contract Tower,0,6,8,0,14,0,0,64,2,66,0,6,72,2,80,44,0,44,124
04/01/2015,AHN,GA,ASO,ES,Federal Contract Tower,0,4,17,0,21,0,3,97,0,100,0,7,114,0,121,46,0,46,167
04/02/2015,AHN,GA,ASO,ES,Federal Contract Tower,0,2,36,0,38,0,0,1,0,1,0,2,37,0,39,0,0,0,39
04/03/2015,AHN,GA,ASO,ES,Federal Contract Tower,0,6,27,2,35,0,0,36,0,36,0,6,63,2,71,2,0,2,73
04/04/2015,AHN,GA,ASO,ES,Federal Contract Tower,0,4,27,0,31,0,1,42,0,43,0,5,69,0,74,10,0,10,84
04/05/2015,AHN,GA,ASO,ES,Federal Contract Tower,0,9,23,0,32,0,0,2,0,2,0,9,25,0,34,0,0,0,34
04/06/2015,AHN,GA,ASO,ES,Federal Contract Tower,0,4,26,2,32,0,11,0,0,11,0,15,26,2,43,36,0,36,79
04/07/2015,AHN,GA,ASO,ES,Federal Contract Tower,0,10,14,1,25,0,1,9,3,13,0,11,23,4,38,20,0,20,58
04/08/2015,AHN,GA,ASO,ES,Federal Contract Tower,0,3,28,0,31,0,3,74,0,77,0,6,102,0,108,106,0,106,214
04/09/2015,AHN,GA,ASO,ES,Federal Contract Tower,0,2,14,0,16,0,2,47,0,49,0,4,61,0,65,52,0,52,117
04/10/2015,AHN,GA,ASO,ES,Federal Contract Tower,0,6,15,0,21,0,2,13,0,15,0,8,28,0,36,70,0,70,106
04/11/2015,AHN,GA,ASO,ES,Federal Contract Tower,0,3,23,0,26,0,0,79,0,79,0,3,102,0,105,42,0,42,147
04/12/2015,AHN,GA,ASO,ES,Federal Contract Tower,0,4,18,0,22,0,2,11,2,15,0,6,29,2,37,26,0,26,63
04/13/2015,AHN,GA,ASO,ES,Federal Contract Tower,0,0,15,0,15,0,0,3,0,3,0,0,18,0,18,10,0,10,28
04/14/2015,AHN,GA,ASO,ES,Federal Contract Tower,0,3,14,0,17,0,2,10,0,12,0,5,24,0,29,0,0,0,29
04/15/2015,AHN,GA,ASO,ES,Federal Contract Tower,0,5,14,0,19,0,0,1,0,1,0,5,15,0,20,0,0,0,20
04/16/2015,AHN,GA,ASO,ES,Federal Contract Tower,0,2,34,2,38,0,0,0,0,0,0,2,34,2,38,0,0,0,38
04/17/2015,AHN,GA,ASO,ES,Federal Contract Tower,0,0,30,0,30,0,0,0,0,0,0,0,30,0,30,0,0,0,30
04/18/2015,AHN,GA,ASO,ES,Federal Contract Tower,0,2,19,0,21,0,0,17,0,17,0,2,36,0,38,0,0,0,38
04/19/2015,AHN,GA,ASO,ES,Federal Contract Tower,0,7,21,0,28,0,0,0,0,0,0,7,21,0,28,0,0,0,28
04/20/2015,AHN,GA,ASO,ES,Federal Contract Tower,0,3,30,7,40,0,1,9,2,12,0,4,39,9,52,54,0,54,106
04/21/2015,AHN,GA,ASO,ES,Federal Contract Tower,0,6,21,1,28,0,0,81,1,82,0,6,102,2,110,18,0,18,128
04/22/2015,AHN,GA,ASO,ES,Federal Contract Tower,0,3,21,2,26,0,2,69,4,75,0,5,90,6,101,28,0,28,129
04/23/2015,AHN,GA,ASO,ES,Federal Contract Tower,0,6,25,2,33,0,2,47,1,50,0,8,72,3,83,46,0,46,129
04/24/2015,AHN,GA,ASO,ES,Federal Contract Tower,0,0,17,7,24,0,0,65,1,66,0,0,82,8,90,48,4,52,142
04/25/2015,AHN,GA,ASO,ES,Federal Contract Tower,0,0,13,0,13,0,0,1,0,1,0,0,14,0,14,0,0,0,14
04/26/2015,AHN,GA,ASO,ES,Federal Contract Tower,0,4,37,0,41,0,1,38,0,39,0,5,75,0,80,0,0,0,80
04/27/2015,AHN,GA,ASO,ES,Federal Contract Tower,0,4,12,0,16,0,5,75,1,81,0,9,87,1,97,32,0,32,129
04/28/2015,AHN,GA,ASO,ES,Federal Contract Tower,0,3,4,0,7,0,0,77,16,93,0,3,81,16,100,38,0,38,138
04/29/2015,AHN,GA,ASO,ES,Federal Contract Tower,0,0,19,4,23,0,0,5,0,5,0,0,24,4,28,0,0,0,28
04/30/2015,AHN,GA,ASO,ES,Federal Contract Tower,0,1,15,0,16,0,0,50,2,52,0,1,65,2,68,36,0,36,104
05/01/2015,AHN,GA,ASO,ES,Federal Contract Tower,0,4,30,0,34,0,7,48,0,55,0,11,78,0,89,20,0,20,109
05/02/2015,AHN,GA,ASO,ES,Federal Contract Tower,0,3,20,0,23,0,3,107,0,110,0,6,127,0,133,28,0,28,161
05/03/2015,AHN,GA,ASO,ES,Federal Contract Tower,0,6,20,0,26,0,2,75,4,81,0,8,95,4,107,32,0,32,139
05/04/2015,AHN,GA,ASO,ES,Federal Contract Tower,0,2,17,0,19,0,8,69,3,80,0,10,86,3,99,62,0,62,161
05/05/2015,AHN,GA,ASO,ES,Federal Contract Tower,0,2,26,0,28,0,5,80,0,85,0,7,106,0,113,90,0,90,203
05/06/2015,AHN,GA,ASO,ES,Federal Contract Tower,0,3,13,0,16,0,5,67,0,72,0,8,80,0,88,84,0,84,172
05/07/2015,AHN,GA,ASO,ES,Federal Contract Tower,0,1,21,0,22,0,3,101,0,104,0,4,122,0,126,56,0,56,182
05/08/2015,AHN,GA,ASO,ES,Federal Contract Tower,0,2,38,0,40,0,3,50,0,53,0,5,88,0,93,38,0,38,131
05/09/2015,AHN,GA,ASO,ES,Federal Contract Tower,0,1,29,0,30,0,1,61,0,62,0,2,90,0,92,44,2,46,138
05/10/2015,AHN,GA,ASO,ES,Federal Contract Tower,0,3,6,1,10,0,2,20,0,22,0,5,26,1,32,20,0,20,52
05/11/2015,AHN,GA,ASO,ES,Federal Contract Tower,0,0,6,0,6,0,2,41,4,47,0,2,47,4,53,16,0,16,69
05/12/2015,AHN,GA,ASO,ES,Federal Contract Tower,0,1,14,0,15,0,3,62,2,67,0,4,76,2,82,36,0,36,118
05/13/2015,AHN,GA,ASO,ES,Federal Contract Tower,0,6,7,2,15,0,3,63,6,72,0,9,70,8,87,70,0,70,157
05/14/2015,AHN,GA,ASO,ES,Federal Contract Tower,0,0,27,0,27,0,3,55,4,62,0,3,82,4,89,62,0,62,151
05/15/2015,AHN,GA,ASO,ES,Federal Contract Tower,0,5,18,3,26,0,7,7,0,14,0,12,25,3,40,6,8,14,54
05/16/2015,AHN,GA,ASO,ES,Federal Contract Tower,0,1,11,0,12,0,2,44,0,46,0,3,55,0,58,20,0,20,78
05/17/2015,AHN,GA,ASO,ES,Federal Contract Tower,0,2,25,2,29,0,6,42,0,48,0,8,67,2,77,42,0,42,119
05/18/2015,AHN,GA,ASO,ES,Federal Contract Tower,0,3,11,0,14,0,3,44,0,47,0,6,55,0,61,0,0,0,61
05/19/2015,AHN,GA,ASO,ES,Federal Contract Tower,0,0,15,5,20,0,9,40,0,49,0,9,55,5,69,12,0,12,81
05/20/2015,AHN,GA,ASO,ES,Federal Contract Tower,0,1,21,0,22,0,2,71,0,73,0,3,92,0,95,46,0,46,141
05/21/2015,AHN,GA,ASO,ES,Federal Contract Tower,0,1,22,0,23,0,5,42,0,47,0,6,64,0,70,26,0,26,96
05/22/2015,AHN,GA,ASO,ES,Federal Contract Tower,0,6,20,0,26,0,5,40,0,45,0,11,60,0,71,30,0,30,101
05/23/2015,AHN,GA,ASO,ES,Federal Contract Tower,0,2,15,0,17,0,5,41,0,46,0,7,56,0,63,50,0,50,113
05/24/2015,AHN,GA,ASO,ES,Federal Contract Tower,0,0,9,0,9,0,1,28,0,29,0,1,37,0,38,32,0,32,70
05/25/2015,AHN,GA,ASO,ES,Federal Contract Tower,0,0,25,0,25,0,4,11,0,15,0,4,36,0,40,46,0,46,86
05/26/2015,AHN,GA,ASO,ES,Federal Contract Tower,0,0,10,0,10,0,1,12,0,13,0,1,22,0,23,0,0,0,23
05/27/2015,AHN,GA,ASO,ES,Federal Contract Tower,0,1,17,2,20,0,0,40,0,40,0,1,57,2,60,2,0,2,62
05/28/2015,AHN,GA,ASO,ES,Federal Contract Tower,0,2,11,0,13,0,2,35,0,37,0,4,46,0,50,2,0,2,52
05/29/2015,AHN,GA,ASO,ES,Federal Contract Tower,0,5,10,2,17,0,3,18,6,27,0,8,28,8,44,0,0,0,44
05/30/2015,AHN,GA,ASO,ES,Federal Contract Tower,0,0,7,0,7,0,0,50,0,50,0,0,57,0,57,22,0,22,79
05/31/2015,AHN,GA,ASO,ES,Federal Contract Tower,0,0,15,0,15,0,2,6,18,26,0,2,21,18,41,12,0,12,53
06/01/2015,AHN,GA,ASO,ES,Federal Contract Tower,0,2,13,0,15,0,0,19,0,19,0,2,32,0,34,4,0,4,38
06/02/2015,AHN,GA,ASO,ES,Federal Contract Tower,0,3,8,0,11,0,6,25,2,33,0,9,33,2,44,54,0,54,98
06/03/2015,AHN,GA,ASO,ES,Federal Contract Tower,0,0,20,0,20,0,0,49,0,49,0,0,69,0,69,22,0,22,91
06/04/2015,AHN,GA,ASO,ES,Federal Contract Tower,0,0,18,0,18,0,0,41,5,46,0,0,59,5,64,0,0,0,64
06/05/2015,AHN,GA,ASO,ES,Federal Contract Tower,0,1,18,1,20,0,1,68,1,70,0,2,86,2,90,20,0,20,110
06/06/2015,AHN,GA,ASO,ES,Federal Contract Tower,0,0,7,0,7,0,0,44,0,44,0,0,51,0,51,36,0,36,87
06/07/2015,AHN,GA,ASO,ES,Federal Contract Tower,0,0,12,2,14,0,0,21,0,21,0,0,33,2,35,4,0,4,39
06/08/2015,AHN,GA,ASO,ES,Federal Contract Tower,0,0,7,0,7,0,6,29,0,35,0,6,36,0,42,40,0,40,82
06/09/2015,AHN,GA,ASO,ES,Federal Contract Tower,0,0,9,0,9,0,0,11,0,11,0,0,20,0,20,2,0,2,22
06/10/2015,AHN,GA,ASO,ES,Federal Contract Tower,0,0,17,0,17,0,0,24,1,25,0,0,41,1,42,30,0,30,72
06/11/2015,AHN,GA,ASO,ES,Federal Contract Tower,0,0,14,0,14,0,0,42,0,42,0,0,56,0,56,0,0,0,56
06/12/2015,AHN,GA,ASO,ES,Federal Contract Tower,0,0,14,8,22,0,6,23,10,39,0,6,37,18,61,0,0,0,61
06/13/2015,AHN,GA,ASO,ES,Federal Contract Tower,0,0,14,0,14,0,2,45,0,47,0,2,59,0,61,6,0,6,67
06/14/2015,AHN,GA,ASO,ES,Federal Contract Tower,0,8,4,0,12,0,5,26,2,33,0,13,30,2,45,16,0,16,61
06/15/2015,AHN,GA,ASO,ES,Federal Contract Tower,0,0,7,0,7,0,3,39,0,42,0,3,46,0,49,16,0,16,65
06/16/2015,AHN,GA,ASO,ES,Federal Contract Tower,0,0,11,0,11,0,0,61,0,61,0,0,72,0,72,22,0,22,94
06/17/2015,AHN,GA,ASO,ES,Federal Contract Tower,0,0,2,2,4,0,4,72,0,76,0,4,74,2,80,32,0,32,112
06/18/2015,AHN,GA,ASO,ES,Federal Contract Tower,0,1,10,4,15,0,1,24,0,25,0,2,34,4,40,14,0,14,54
06/19/2015,AHN,GA,ASO,ES,Federal Contract Tower,0,1,8,0,9,0,0,39,2,41,0,1,47,2,50,4,0,4,54
06/20/2015,AHN,GA,ASO,ES,Federal Contract Tower,0,1,6,0,7,0,5,36,0,41,0,6,42,0,48,32,0,32,80
06/21/2015,AHN,GA,ASO,ES,Federal Contract Tower,0,0,7,0,7,0,1,36,0,37,0,1,43,0,44,22,0,22,66
06/22/2015,AHN,GA,ASO,ES,Federal Contract Tower,0,0,5,0,5,0,2,28,0,30,0,2,33,0,35,16,0,16,51
06/23/2015,AHN,GA,ASO,ES,Federal Contract Tower,0,0,6,0,6,0,3,65,1,69,0,3,71,1,75,40,0,40,115
06/24/2015,AHN,GA,ASO,ES,Federal Contract Tower,0,0,12,0,12,0,3,36,0,39,0,3,48,0,51,10,0,10,61
06/25/2015,AHN,GA,ASO,ES,Federal Contract Tower,0,0,9,0,9,0,0,0,1,1,0,0,9,1,10,2,0,2,12
06/26/2015,AHN,GA,ASO,ES,Federal Contract Tower,0,0,10,2,12,0,4,38,0,42,0,4,48,2,54,18,0,18,72
06/27/2015,AHN,GA,ASO,ES,Federal Contract Tower,0,0,3,0,3,0,2,9,0,11,0,2,12,0,14,0,0,0,14
06/28/2015,AHN,GA,ASO,ES,Federal Contract Tower,0,6,9,0,15,0,1,41,7,49,0,7,50,7,64,22,0,22,86
06/29/2015,AHN,GA,ASO,ES,Federal Contract Tower,0,0,7,0,7,0,1,54,0,55,0,1,61,0,62,42,0,42,104
06/30/2015,AHN,GA,ASO,ES,Federal Contract Tower,0,0,6,0,6,0,6,28,0,34,0,6,34,0,40,22,0,22,62
07/01/2015,AHN,GA,ASO,ES,Federal Contract Tower,0,0,12,0,12,0,1,49,0,50,0,1,61,0,62,54,0,54,116
07/02/2015,AHN,GA,ASO,ES,Federal Contract Tower,0,0,6,2,8,0,1,24,0,25,0,1,30,2,33,12,0,12,45
07/03/2015,AHN,GA,ASO,ES,Federal Contract Tower,0,0,8,0,8,0,0,4,0,4,0,0,12,0,12,0,0,0,12
07/04/2015,AHN,GA,ASO,ES,Federal Contract Tower,0,0,1,0,1,0,0,3,0,3,0,0,4,0,4,0,0,0,4
07/05/2015,AHN,GA,ASO,ES,Federal Contract Tower,0,0,9,0,9,0,0,9,0,9,0,0,18,0,18,0,0,0,18
07/06/2015,AHN,GA,ASO,ES,Federal Contract Tower,0,0,8,0,8,0,0,11,0,11,0,0,19,0,19,14,0,14,33
07/07/2015,AHN,GA,ASO,ES,Federal Contract Tower,0,0,7,0,7,0,0,42,0,42,0,0,49,0,49,2,0,2,51
07/08/2015,AHN,GA,ASO,ES,Federal Contract Tower,0,0,6,2,8,0,4,59,9,72,0,4,65,11,80,18,0,18,98
07/09/2015,AHN,GA,ASO,ES,Federal Contract Tower,0,0,3,0,3,0,7,53,2,62,0,7,56,2,65,44,8,52,117
07/10/2015,AHN,GA,ASO,ES,Federal Contract Tower,0,0,8,5,13,0,3,54,4,61,0,3,62,9,74,30,0,30,104
07/11/2015,AHN,GA,ASO,ES,Federal Contract Tower,0,0,7,0,7,0,3,116,0,119,0,3,123,0,126,30,0,30,156
07/12/2015,AHN,GA,ASO,ES,Federal Contract Tower,0,0,12,4,16,0,2,50,2,54,0,2,62,6,70,2,0,2,72
07/13/2015,AHN,GA,ASO,ES,Federal Contract Tower,0,1,9,0,10,0,6,48,0,54,0,7,57,0,64,22,0,22,86
07/14/2015,AHN,GA,ASO,ES,Federal Contract Tower,0,0,18,0,18,0,1,26,6,33,0,1,44,6,51,20,0,20,71
07/15/2015,AHN,GA,ASO,ES,Federal Contract Tower,0,0,12,0,12,0,2,49,0,51,0,2,61,0,63,14,0,14,77
07/16/2015,AHN,GA,ASO,ES,Federal Contract Tower,0,0,8,0,8,0,2,52,3,57,0,2,60,3,65,10,2,12,77
07/17/2015,AHN,GA,ASO,ES,Federal Contract Tower,0,0,12,4,16,0,10,43,3,56,0,10,55,7,72,14,0,14,86
07/18/2015,AHN,GA,ASO,ES,Federal Contract Tower,0,0,7,4,11,0,4,68,1,73,0,4,75,5,84,18,0,18,102
07/19/2015,AHN,GA,ASO,ES,Federal Contract Tower,0,0,11,4,15,0,2,36,4,42,0,2,47,8,57,12,0,12,69
07/20/2015,AHN,GA,ASO,ES,Federal Contract Tower,0,0,12,0,12,0,3,54,0,57,0,3,66,0,69,14,0,14,83
07/21/2015,AHN,GA,ASO,ES,Federal Contract Tower,0,0,6,0,6,0,19,35,6,60,0,19,41,6,66,6,0,6,72
07/22/2015,AHN,GA,ASO,ES,Federal Contract Tower,0,0,9,0,9,2,2,72,0,76,2,2,81,0,85,26,0,26,111
07/23/2015,AHN,GA,ASO,ES,Federal Contract Tower,0,0,13,0,13,0,1,52,2,55,0,1,65,2,68,14,0,14,82
07/24/2015,AHN,GA,ASO,ES,Federal Contract Tower,0,0,8,1,9,0,0,46,5,51,0,0,54,6,60,12,0,12,72
07/25/2015,AHN,GA,ASO,ES,Federal Contract Tower,0,0,7,0,7,0,1,23,0,24,0,1,30,0,31,4,0,4,35
07/26/2015,AHN,GA,ASO,ES,Federal Contract Tower,0,0,9,4,13,0,0,18,2,20,0,0,27,6,33,12,0,12,45
07/27/2015,AHN,GA,ASO,ES,Federal Contract Tower,0,1,5,0,6,0,1,28,0,29,0,2,33,0,35,4,0,4,39
07/28/2015,AHN,GA,ASO,ES,Federal Contract Tower,0,0,10,0,10,0,0,60,0,60,0,0,70,0,70,70,0,70,140
07/29/2015,AHN,GA,ASO,ES,Federal Contract Tower,0,0,14,0,14,0,2,35,0,37,0,2,49,0,51,66,0,66,117
07/30/2015,AHN,GA,ASO,ES,Federal Contract Tower,0,0,9,0,9,0,2,27,3,32,0,2,36,3,41,12,0,12,53
07/31/2015,AHN,GA,ASO,ES,Federal Contract Tower,0,0,11,3,14,0,5,34,5,44,0,5,45,8,58,16,0,16,74
08/01/2015,AHN,GA,ASO,ES,Federal Contract Tower,0,0,4,0,4,0,2,30,0,32,0,2,34,0,36,0,0,0,36
08/02/2015,AHN,GA,ASO,ES,Federal Contract Tower,0,12,3,0,15,0,2,34,2,38,0,14,37,2,53,8,0,8,61
08/03/2015,AHN,GA,ASO,ES,Federal Contract Tower,0,0,6,0,6,0,0,36,0,36,0,0,42,0,42,0,0,0,42
08/04/2015,AHN,GA,ASO,ES,Federal Contract Tower,0,0,8,2,10,0,3,62,0,65,0,3,70,2,75,4,0,4,79
08/05/2015,AHN,GA,ASO,ES,Federal Contract Tower,0,0,10,0,10,0,5,58,0,63,0,5,68,0,73,6,0,6,79
08/06/2015,AHN,GA,ASO,ES,Federal Contract Tower,0,2,12,0,14,0,0,19,2,21,0,2,31,2,35,0,0,0,35
08/07/2015,AHN,GA,ASO,ES,Federal Contract Tower,0,0,13,0,13,0,0,21,4,25,0,0,34,4,38,6,0,6,44
08/08/2015,AHN,GA,ASO,ES,Federal Contract Tower,0,0,14,0,14,0,2,22,0,24,0,2,36,0,38,0,0,0,38
08/09/2015,AHN,GA,ASO,ES,Federal Contract Tower,0,0,13,0,13,0,0,25,0,25,0,0,38,0,38,0,0,0,38
08/10/2015,AHN,GA,ASO,ES,Federal Contract Tower,0,0,8,0,8,0,1,40,0,41,0,1,48,0,49,2,0,2,51
08/11/2015,AHN,GA,ASO,ES,Federal Contract Tower,0,0,6,0,6,0,6,30,0,36,0,6,36,0,42,2,0,2,44
08/12/2015,AHN,GA,ASO,ES,Federal Contract Tower,0,1,6,0,7,0,3,71,0,74,0,4,77,0,81,0,0,0,81
08/13/2015,AHN,GA,ASO,ES,Federal Contract Tower,0,0,17,0,17,0,5,92,0,97,0,5,109,0,114,54,0,54,168
08/14/2015,AHN,GA,ASO,ES,Federal Contract Tower,0,0,14,11,25,0,2,57,3,62,0,2,71,14,87,42,0,42,129
08/15/2015,AHN,GA,ASO,ES,Federal Contract Tower,0,0,13,0,13,0,3,25,0,28,0,3,38,0,41,12,0,12,53
08/16/2015,AHN,GA,ASO,ES,Federal Contract Tower,0,2,11,1,14,0,4,53,3,60,0,6,64,4,74,22,0,22,96
08/17/2015,AHN,GA,ASO,ES,Federal Contract Tower,0,0,15,0,15,0,3,10,0,13,0,3,25,0,28,44,0,44,72
08/18/2015,AHN,GA,ASO,ES,Federal Contract Tower,0,2,13,0,15,0,0,0,0,0,0,2,13,0,15,0,0,0,15
08/19/2015,AHN,GA,ASO,ES,Federal Contract Tower,0,2,8,0,10,0,2,9,0,11,0,4,17,0,21,0,0,0,21
08/20/2015,AHN,GA,ASO,ES,Federal Contract Tower,0,0,9,2,11,0,0,53,0,53,0,0,62,2,64,38,0,38,102
08/21/2015,AHN,GA,ASO,ES,Federal Contract Tower,0,2,15,4,21,0,3,41,0,44,0,5,56,4,65,68,0,68,133
08/22/2015,AHN,GA,ASO,ES,Federal Contract Tower,0,1,15,0,16,0,2,38,1,41,0,3,53,1,57,20,0,20,77
08/23/2015,AHN,GA,ASO,ES,Federal Contract Tower,0,1,15,17,33,0,0,11,0,11,0,1,26,17,44,0,0,0,44
08/24/2015,AHN,GA,ASO,ES,Federal Contract Tower,0,2,5,0,7,0,7,67,4,78,0,9,72,4,85,48,0,48,133
08/25/2015,AHN,GA,ASO,ES,Federal Contract Tower,0,10,16,2,28,0,0,39,0,39,0,10,55,2,67,32,0,32,99
08/26/2015,AHN,GA,ASO,ES,Federal Contract Tower,0,1,11,2,14,0,6,80,0,86,0,7,91,2,100,108,0,108,208
08/27/2015,AHN,GA,ASO,ES,Federal Contract Tower,0,2,10,0,12,0,32,2,0,34,0,34,12,0,46,40,0,40,86
08/28/2015,AHN,GA,ASO,ES,Federal Contract Tower,0,2,8,0,10,0,0,26,2,28,0,2,34,2,38,20,0,20,58
08/29/2015,AHN,GA,ASO,ES,Federal Contract Tower,0,0,4,0,4,0,0,24,0,24,0,0,28,0,28,12,0,12,40
08/30/2015,AHN,GA,ASO,ES,Federal Contract Tower,0,0,11,0,11,0,0,1,0,1,0,0,12,0,12,0,0,0,12
08/31/2015,AHN,GA,ASO,ES,Federal Contract Tower,0,0,16,4,20,0,0,40,0,40,0,0,56,4,60,18,0,18,78
09/01/2015,AHN,GA,ASO,ES,Federal Contract Tower,0,1,19,2,22,0,2,66,9,77,0,3,85,11,99,38,0,38,137
09/02/2015,AHN,GA,ASO,ES,Federal Contract Tower,0,7,9,2,18,0,3,79,0,82,0,10,88,2,100,76,0,76,176
09/03/2015,AHN,GA,ASO,ES,Federal Contract Tower,0,4,13,0,17,0,1,60,2,63,0,5,73,2,80,8,0,8,88
09/04/2015,AHN,GA,ASO,ES,Federal Contract Tower,0,6,17,0,23,0,5,52,1,58,0,11,69,1,81,0,0,0,81
09/05/2015,AHN,GA,ASO,ES,Federal Contract Tower,0,0,21,0,21,0,0,22,0,22,0,0,43,0,43,4,0,4,47
09/06/2015,AHN,GA,ASO,ES,Federal Contract Tower,0,2,9,0,11,0,0,8,0,8,0,2,17,0,19,0,0,0,19
09/07/2015,AHN,GA,ASO,ES,Federal Contract Tower,0,0,27,0,27,0,0,30,0,30,0,0,57,0,57,68,0,68,125
09/08/2015,AHN,GA,ASO,ES,Federal Contract Tower,0,2,10,4,16,0,0,5,0,5,0,2,15,4,21,0,0,0,21
09/09/2015,AHN,GA,ASO,ES,Federal Contract Tower,0,0,23,0,23,0,0,10,0,10,0,0,33,0,33,10,0,10,43
09/10/2015,AHN,GA,ASO,ES,Federal Contract Tower,0,2,8,0,10,0,0,31,0,31,0,2,39,0,41,24,0,24,65
09/11/2015,AHN,GA,ASO,ES,Federal Contract Tower,4,2,22,0,28,0,5,55,1,61,4,7,77,1,89,30,0,30,119
09/12/2015,AHN,GA,ASO,ES,Federal Contract Tower,0,2,13,2,17,0,8,13,0,21,0,10,26,2,38,30,2,32,70
09/13/2015,AHN,GA,ASO,ES,Federal Contract Tower,0,0,18,12,30,0,3,45,0,48,0,3,63,12,78,32,0,32,110
09/14/2015,AHN,GA,ASO,ES,Federal Contract Tower,0,1,19,4,24,0,0,44,0,44,0,1,63,4,68,84,0,84,152
09/15/2015,AHN,GA,ASO,ES,Federal Contract Tower,0,4,11,0,15,0,5,56,2,63,0,9,67,2,78,50,0,50,128
09/16/2015,AHN,GA,ASO,ES,Federal Contract Tower,0,1,17,0,18,0,4,61,0,65,0,5,78,0,83,0,0,0,83
09/17/2015,AHN,GA,ASO,ES,Federal Contract Tower,0,3,32,2,37,0,2,45,0,47,0,5,77,2,84,32,0,32,116
09/18/2015,AHN,GA,ASO,ES,Federal Contract Tower,0,8,23,0,31,0,3,46,1,50,0,11,69,1,81,22,0,22,103
09/19/2015,AHN,GA,ASO,ES,Federal Contract Tower,0,16,86,0,102,0,4,79,0,83,0,20,165,0,185,66,0,66,251
09/20/2015,AHN,GA,ASO,ES,Federal Contract Tower,0,6,36,2,44,0,2,54,0,56,0,8,90,2,100,6,0,6,106
09/21/2015,AHN,GA,ASO,ES,Federal Contract Tower,0,0,15,0,15,0,8,33,0,41,0,8,48,0,56,50,0,50,106
09/22/2015,AHN,GA,ASO,ES,Federal Contract Tower,0,4,19,0,23,0,0,42,0,42,0,4,61,0,65,42,0,42,107
09/23/2015,AHN,GA,ASO,ES,Federal Contract Tower,0,4,21,0,25,0,0,27,0,27,0,4,48,0,52,18,0,18,70
09/24/2015,AHN,GA,ASO,ES,Federal Contract Tower,0,3,18,2,23,0,2,16,0,18,0,5,34,2,41,0,0,0,41
09/25/2015,AHN,GA,ASO,ES,Federal Contract Tower,0,4,21,2,27,0,0,0,0,0,0,4,21,2,27,0,0,0,27
09/26/2015,AHN,GA,ASO,ES,Federal Contract Tower,0,1,18,0,19,0,0,0,0,0,0,1,18,0,19,0,0,0,19
09/27/2015,AHN,GA,ASO,ES,Federal Contract Tower,0,7,29,2,38,0,1,0,0,1,0,8,29,2,39,0,0,0,39
09/28/2015,AHN,GA,ASO,ES,Federal Contract Tower,0,2,6,0,8,0,0,0,0,0,0,2,6,0,8,0,0,0,8
09/29/2015,AHN,GA,ASO,ES,Federal Contract Tower,0,14,16,0,30,0,0,0,0,0,0,14,16,0,30,0,0,0,30
09/30/2015,AHN,GA,ASO,ES,Federal Contract Tower,0,6,22,2,30,0,1,44,6,51,0,7,66,8,81,14,0,14,95
10/01/2015,AHN,GA,ASO,ES,Federal Contract Tower,0,4,6,0,10,0,0,2,0,2,0,4,8,0,12,0,0,0,12
10/02/2015,AHN,GA,ASO,ES,Federal Contract Tower,0,12,47,0,59,0,0,0,2,2,0,12,47,2,61,0,0,0,61
10/03/2015,AHN,GA,ASO,ES,Federal Contract Tower,0,35,122,0,157,0,0,0,0,0,0,35,122,0,157,0,0,0,157
10/04/2015,AHN,GA,ASO,ES,Federal Contract Tower,0,25,24,0,49,0,0,1,2,3,0,25,25,2,52,0,0,0,52
10/05/2015,AHN,GA,ASO,ES,Federal Contract Tower,0,4,12,0,16,0,0,3,0,3,0,4,15,0,19,0,0,0,19
10/06/2015,AHN,GA,ASO,ES,Federal Contract Tower,0,0,16,0,16,0,0,60,0,60,0,0,76,0,76,56,0,56,132
10/07/2015,AHN,GA,ASO,ES,Federal Contract Tower,0,0,19,0,19,0,3,89,1,93,0,3,108,1,112,58,0,58,170
10/08/2015,AHN,GA,ASO,ES,Federal Contract Tower,0,5,17,0,22,0,0,87,0,87,0,5,104,0,109,38,0,38,147
10/09/2015,AHN,GA,ASO,ES,Federal Contract Tower,4,9,31,0,44,0,2,32,0,34,4,11,63,0,78,20,0,20,98
10/10/2015,AHN,GA,ASO,ES,Federal Contract Tower,0,5,12,0,17,0,0,0,0,0,0,5,12,0,17,0,0,0,17
10/11/2015,AHN,GA,ASO,ES,Federal Contract Tower,0,10,28,2,40,0,0,29,0,29,0,10,57,2,69,8,0,8,77
10/12/2015,AHN,GA,ASO,ES,Federal Contract Tower,0,2,14,0,16,0,0,51,0,51,0,2,65,0,67,36,0,36,103
10/13/2015,AHN,GA,ASO,ES,Federal Contract Tower,0,1,11,0,12,0,0,40,0,40,0,1,51,0,52,52,0,52,104
10/14/2015,AHN,GA,ASO,ES,Federal Contract Tower,0,3,15,0,18,0,3,59,0,62,0,6,74,0,80,54,0,54,134
10/15/2015,AHN,GA,ASO,ES,Federal Contract Tower,0,8,13,0,21,0,8,54,2,64,0,16,67,2,85,4,8,12,97
10/16/2015,AHN,GA,ASO,ES,Federal Contract Tower,0,9,39,3,51,0,4,57,1,62,0,13,96,4,113,36,0,36,149
10/17/2015,AHN,GA,ASO,ES,Federal Contract Tower,0,15,34,0,49,0,3,49,0,52,0,18,83,0,101,0,0,0,101
10/18/2015,AHN,GA,ASO,ES,Federal Contract Tower,0,5,24,14,43,0,2,55,0,57,0,7,79,14,100,54,10,64,164
10/19/2015,AHN,GA,ASO,ES,Federal Contract Tower,0,1,7,3,11,0,2,31,0,33,0,3,38,3,44,0,0,0,44
10/20/2015,AHN,GA,ASO,ES,Federal Contract Tower,0,2,12,0,14,0,9,41,2,52,0,11,53,2,66,34,0,34,100
10/21/2015,AHN,GA,ASO,ES,Federal Contract Tower,0,9,12,3,24,0,5,53,1,59,0,14,65,4,83,35,2,37,120
10/22/2015,AHN,GA,ASO,ES,Federal Contract Tower,0,4,22,3,29,0,4,40,0,44,0,8,62,3,73,24,0,24,97
10/23/2015,AHN,GA,ASO,ES,Federal Contract Tower,0,6,19,7,32,0,5,56,1,62,0,11,75,8,94,24,10,34,128
10/24/2015,AHN,GA,ASO,ES,Federal Contract Tower,0,0,11,5,16,0,2,53,2,57,0,2,64,7,73,20,0,20,93
10/25/2015,AHN,GA,ASO,ES,Federal Contract Tower,0,3,24,2,29,0,2,12,0,14,0,5,36,2,43,16,0,16,59
10/26/2015,AHN,GA,ASO,ES,Federal Contract Tower,0,0,5,1,6,0,0,0,0,0,0,0,5,1,6,0,0,0,6
10/27/2015,AHN,GA,ASO,ES,Federal Contract Tower,0,0,14,3,17,0,0,0,0,0,0,0,14,3,17,0,0,0,17
10/28/2015,AHN,GA,ASO,ES,Federal Contract Tower,0,4,28,0,32,0,0,11,0,11,0,4,39,0,43,4,0,4,47
10/29/2015,AHN,GA,ASO,ES,Federal Contract Tower,2,4,26,0,32,0,2,41,0,43,2,6,67,0,75,16,0,16,91
10/30/2015,AHN,GA,ASO,ES,Federal Contract Tower,0,3,18,1,22,0,5,52,0,57,0,8,70,1,79,40,0,40,119
10/31/2015,AHN,GA,ASO,ES,Federal Contract Tower,0,0,6,6,12,0,0,41,1,42,0,0,47,7,54,30,4,34,88
11/01/2015,AHN,GA,ASO,ES,Federal Contract Tower,0,4,20,2,26,0,0,0,0,0,0,4,20,2,26,0,0,0,26
11/02/2015,AHN,GA,ASO,ES,Federal Contract Tower,0,3,3,0,6,0,0,0,0,0,0,3,3,0,6,0,0,0,6
11/03/2015,AHN,GA,ASO,ES,Federal Contract Tower,0,3,12,1,16,0,0,0,0,0,0,3,12,1,16,0,0,0,16
11/04/2015,AHN,GA,ASO,ES,Federal Contract Tower,0,0,18,0,18,0,0,0,0,0,0,0,18,0,18,0,0,0,18
11/05/2015,AHN,GA,ASO,ES,Federal Contract Tower,0,0,19,0,19,0,0,0,0,0,0,0,19,0,19,0,0,0,19
11/06/2015,AHN,GA,ASO,ES,Federal Contract Tower,0,7,27,2,36,0,0,6,0,6,0,7,33,2,42,0,0,0,42
11/07/2015,AHN,GA,ASO,ES,Federal Contract Tower,0,15,27,0,42,0,1,0,0,1,0,16,27,0,43,0,0,0,43
11/08/2015,AHN,GA,ASO,ES,Federal Contract Tower,0,2,29,0,31,0,0,1,0,1,0,2,30,0,32,0,0,0,32
11/09/2015,AHN,GA,ASO,ES,Federal Contract Tower,0,0,7,0,7,0,0,0,0,0,0,0,7,0,7,0,0,0,7
11/10/2015,AHN,GA,ASO,ES,Federal Contract Tower,0,1,17,3,21,0,0,29,2,31,0,1,46,5,52,14,0,14,66
11/11/2015,AHN,GA,ASO,ES,Federal Contract Tower,0,0,30,0,30,0,3,67,0,70,0,3,97,0,100,12,0,12,112
11/12/2015,AHN,GA,ASO,ES,Federal Contract Tower,0,0,10,3,13,0,2,19,11,32,0,2,29,14,45,8,0,8,53
11/13/2015,AHN,GA,ASO,ES,Federal Contract Tower,0,1,18,0,19,0,4,49,0,53,0,5,67,0,72,36,0,36,108
11/14/2015,AHN,GA,ASO,ES,Federal Contract Tower,0,2,12,0,14,0,8,74,2,84,0,10,86,2,98,50,0,50,148
11/15/2015,AHN,GA,ASO,ES,Federal Contract Tower,0,0,11,6,17,0,17,37,0,54,0,17,48,6,71,6,0,6,77
11/16/2015,AHN,GA,ASO,ES,Federal Contract Tower,0,4,6,5,15,0,3,79,0,82,0,7,85,5,97,80,6,86,183
11/17/2015,AHN,GA,ASO,ES,Federal Contract Tower,0,2,13,6,21,0,2,24,0,26,0,4,37,6,47,34,0,34,81
11/18/2015,AHN,GA,ASO,ES,Federal Contract Tower,0,6,3,0,9,0,0,0,0,0,0,6,3,0,9,0,0,0,9
11/19/2015,AHN,GA,ASO,ES,Federal Contract Tower,0,5,30,0,35,0,0,31,1,32,0,5,61,1,67,38,0,38,105
11/20/2015,AHN,GA,ASO,ES,Federal Contract Tower,0,1,34,2,37,0,6,79,0,85,0,7,113,2,122,92,0,92,214
11/21/2015,AHN,GA,ASO,ES,Federal Contract Tower,0,4,30,7,41,0,5,26,0,31,0,9,56,7,72,6,0,6,78
11/22/2015,AHN,GA,ASO,ES,Federal Contract Tower,0,0,22,5,27,0,3,61,0,64,0,3,83,5,91,8,6,14,105
11/23/2015,AHN,GA,ASO,ES,Federal Contract Tower,0,0,11,0,11,0,3,54,3,60,0,3,65,3,71,42,0,42,113
11/24/2015,AHN,GA,ASO,ES,Federal Contract Tower,0,3,13,2,18,0,2,50,2,54,0,5,63,4,72,26,0,26,98
11/25/2015,AHN,GA,ASO,ES,Federal Contract Tower,0,3,20,0,23,0,2,22,0,24,0,5,42,0,47,4,0,4,51
11/26/2015,AHN,GA,ASO,ES,Federal Contract Tower,0,0,10,0,10,0,2,3,0,5,0,2,13,0,15,0,0,0,15
11/27/2015,AHN,GA,ASO,ES,Federal Contract Tower,0,6,15,0,21,0,6,23,0,29,0,12,38,0,50,10,0,10,60
11/28/2015,AHN,GA,ASO,ES,Federal Contract Tower,0,5,11,0,16,0,12,22,0,34,0,17,33,0,50,16,0,16,66
11/29/2015,AHN,GA,ASO,ES,Federal Contract Tower,0,5,15,0,20,0,0,16,0,16,0,5,31,0,36,6,0,6,42
11/30/2015,AHN,GA,ASO,ES,Federal Contract Tower,0,6,15,2,23,0,0,20,0,20,0,6,35,2,43,14,0,14,57
12/01/2015,AHN,GA,ASO,ES,Federal Contract Tower,0,2,8,0,10,0,0,0,0,0,0,2,8,0,10,0,0,0,10
12/02/2015,AHN,GA,ASO,ES,Federal Contract Tower,0,2,20,0,22,0,0,15,0,15,0,2,35,0,37,0,0,0,37
12/03/2015,AHN,GA,ASO,ES,Federal Contract Tower,0,7,5,0,12,0,6,40,2,48,0,13,45,2,60,16,0,16,76
12/04/2015,AHN,GA,ASO,ES,Federal Contract Tower,0,1,16,0,17,0,6,43,2,51,0,7,59,2,68,22,4,26,94
12/05/2015,AHN,GA,ASO,ES,Federal Contract Tower,0,0,13,0,13,0,1,43,0,44,0,1,56,0,57,26,0,26,83
12/06/2015,AHN,GA,ASO,ES,Federal Contract Tower,0,0,9,2,11,0,2,24,0,26,0,2,33,2,37,18,0,18,55
12/07/2015,AHN,GA,ASO,ES,Federal Contract Tower,0,5,13,0,18,0,6,41,0,47,0,11,54,0,65,20,0,20,85
12/08/2015,AHN,GA,ASO,ES,Federal Contract Tower,0,1,18,0,19,0,7,78,0,85,0,8,96,0,104,36,0,36,140
12/09/2015,AHN,GA,ASO,ES,Federal Contract Tower,0,4,22,4,30,0,6,46,0,52,0,10,68,4,82,36,0,36,118
12/10/2015,AHN,GA,ASO,ES,Federal Contract Tower,0,7,26,2,35,0,4,37,2,43,0,11,63,4,78,46,0,46,124
12/11/2015,AHN,GA,ASO,ES,Federal Contract Tower,0,1,29,4,34,0,0,40,0,40,0,1,69,4,74,34,0,34,108
12/12/2015,AHN,GA,ASO,ES,Federal Contract Tower,0,2,15,0,17,0,4,45,0,49,0,6,60,0,66,8,0,8,74
12/13/2015,AHN,GA,ASO,ES,Federal Contract Tower,0,1,7,2,10,0,5,38,0,43,0,6,45,2,53,52,0,52,105
12/14/2015,AHN,GA,ASO,ES,Federal Contract Tower,0,3,3,0,6,0,0,7,0,7,0,3,10,0,13,0,0,0,13
12/15/2015,AHN,GA,ASO,ES,Federal Contract Tower,0,1,15,0,16,0,4,54,2,60,0,5,69,2,76,88,2,90,166
12/16/2015,AHN,GA,ASO,ES,Federal Contract Tower,0,0,16,4,20,0,6,51,0,57,0,6,67,4,77,42,0,42,119
12/17/2015,AHN,GA,ASO,ES,Federal Contract Tower,0,4,10,0,14,0,0,0,0,0,0,4,10,0,14,0,0,0,14
12/18/2015,AHN,GA,ASO,ES,Federal Contract Tower,0,2,24,0,26,0,2,38,3,43,0,4,62,3,69,4,0,4,73
12/19/2015,AHN,GA,ASO,ES,Federal Contract Tower,0,0,20,10,30,0,0,42,7,49,0,0,62,17,79,0,4,4,83
12/20/2015,AHN,GA,ASO,ES,Federal Contract Tower,0,0,15,0,15,0,13,63,0,76,0,13,78,0,91,38,0,38,129
12/21/2015,AHN,GA,ASO,ES,Federal Contract Tower,0,2,15,0,17,0,0,33,0,33,0,2,48,0,50,10,0,10,60
12/22/2015,AHN,GA,ASO,ES,Federal Contract Tower,0,4,15,0,19,0,0,0,0,0,0,4,15,0,19,0,0,0,19
12/23/2015,AHN,GA,ASO,ES,Federal Contract Tower,0,0,8,0,8,0,0,0,0,0,0,0,8,0,8,0,0,0,8
12/24/2015,AHN,GA,ASO,ES,Federal Contract Tower,0,0,0,0,0,0,0,0,0,0,0,0,0,0,0,0,0,0,0
12/25/2015,AHN,GA,ASO,ES,Federal Contract Tower,0,0,2,0,2,0,0,1,0,1,0,0,3,0,3,0,0,0,3
12/26/2015,AHN,GA,ASO,ES,Federal Contract Tower,0,5,9,0,14,0,0,51,0,51,0,5,60,0,65,46,0,46,111
12/27/2015,AHN,GA,ASO,ES,Federal Contract Tower,0,0,11,0,11,0,0,6,0,6,0,0,17,0,17,0,0,0,17
12/28/2015,AHN,GA,ASO,ES,Federal Contract Tower,0,0,8,0,8,0,0,4,0,4,0,0,12,0,12,0,0,0,12
12/29/2015,AHN,GA,ASO,ES,Federal Contract Tower,0,6,23,2,31,0,2,27,0,29,0,8,50,2,60,24,0,24,84
12/30/2015,AHN,GA,ASO,ES,Federal Contract Tower,0,2,4,0,6,0,0,0,0,0,0,2,4,0,6,0,0,0,6
12/31/2015,AHN,GA,ASO,ES,Federal Contract Tower,0,0,22,0,22,0,0,5,0,5,0,0,27,0,27,0,0,0,27
01/01/2016,AHN,GA,ASO,ES,Federal Contract Tower,0,5,11,0,16,0,0,37,0,37,0,5,48,0,53,40,0,40,93
01/02/2016,AHN,GA,ASO,ES,Federal Contract Tower,0,4,12,0,16,0,2,44,0,46,0,6,56,0,62,40,0,40,102
01/03/2016,AHN,GA,ASO,ES,Federal Contract Tower,0,1,23,0,24,0,4,45,0,49,0,5,68,0,73,44,0,44,117
01/04/2016,AHN,GA,ASO,ES,Federal Contract Tower,0,0,12,0,12,0,4,32,0,36,0,4,44,0,48,50,0,50,98
01/05/2016,AHN,GA,ASO,ES,Federal Contract Tower,1,0,12,2,15,0,4,45,0,49,1,4,57,2,64,30,0,30,94
01/06/2016,AHN,GA,ASO,ES,Federal Contract Tower,0,2,10,4,16,0,1,40,6,47,0,3,50,10,63,16,0,16,79
01/07/2016,AHN,GA,ASO,ES,Federal Contract Tower,0,3,12,0,15,0,7,42,2,51,0,10,54,2,66,18,0,18,84
01/08/2016,AHN,GA,ASO,ES,Federal Contract Tower,0,3,16,0,19,0,0,0,0,0,0,3,16,0,19,0,0,0,19
01/09/2016,AHN,GA,ASO,ES,Federal Contract Tower,0,2,5,0,7,0,0,0,0,0,0,2,5,0,7,0,0,0,7
01/10/2016,AHN,GA,ASO,ES,Federal Contract Tower,0,3,9,0,12,0,0,1,0,1,0,3,10,0,13,0,0,0,13
01/11/2016,AHN,GA,ASO,ES,Federal Contract Tower,0,0,27,0,27,0,4,52,0,56,0,4,79,0,83,6,0,6,89
01/12/2016,AHN,GA,ASO,ES,Federal Contract Tower,0,2,23,2,27,0,5,38,2,45,0,7,61,4,72,6,2,8,80
01/13/2016,AHN,GA,ASO,ES,Federal Contract Tower,0,7,19,0,26,0,6,46,0,52,0,13,65,0,78,4,0,4,82
01/14/2016,AHN,GA,ASO,ES,Federal Contract Tower,0,4,25,1,30,0,7,56,4,67,0,11,81,5,97,2,2,4,101
01/15/2016,AHN,GA,ASO,ES,Federal Contract Tower,0,2,9,0,11,0,0,0,0,0,0,2,9,0,11,0,0,0,11
01/16/2016,AHN,GA,ASO,ES,Federal Contract Tower,0,3,13,0,16,0,2,46,0,48,0,5,59,0,64,20,0,20,84
01/17/2016,AHN,GA,ASO,ES,Federal Contract Tower,0,4,12,0,16,0,1,21,0,22,0,5,33,0,38,26,0,26,64
01/18/2016,AHN,GA,ASO,ES,Federal Contract Tower,0,1,16,0,17,0,1,34,0,35,0,2,50,0,52,14,0,14,66
01/19/2016,AHN,GA,ASO,ES,Federal Contract Tower,0,7,9,0,16,0,4,37,0,41,0,11,46,0,57,22,0,22,79
01/20/2016,AHN,GA,ASO,ES,Federal Contract Tower,0,2,16,0,18,0,0,24,0,24,0,2,40,0,42,8,0,8,50
01/21/2016,AHN,GA,ASO,ES,Federal Contract Tower,0,10,19,1,30,0,0,0,0,0,0,10,19,1,30,0,0,0,30
01/22/2016,AHN,GA,ASO,ES,Federal Contract Tower,0,2,15,0,17,0,0,0,0,0,0,2,15,0,17,0,0,0,17
01/23/2016,AHN,GA,ASO,ES,Federal Contract Tower,0,8,1,0,9,0,0,0,1,1,0,8,1,1,10,0,0,0,10
01/24/2016,AHN,GA,ASO,ES,Federal Contract Tower,0,1,20,0,21,0,0,72,2,74,0,1,92,2,95,54,0,54,149
01/25/2016,AHN,GA,ASO,ES,Federal Contract Tower,0,4,20,0,24,0,6,50,0,56,0,10,70,0,80,66,0,66,146
01/26/2016,AHN,GA,ASO,ES,Federal Contract Tower,0,1,12,4,17,0,0,28,3,31,0,1,40,7,48,26,0,26,74
01/27/2016,AHN,GA,ASO,ES,Federal Contract Tower,0,3,23,0,26,0,4,25,0,29,0,7,48,0,55,2,0,2,57
01/28/2016,AHN,GA,ASO,ES,Federal Contract Tower,0,2,23,2,27,0,2,37,0,39,0,4,60,2,66,10,0,10,76
01/29/2016,AHN,GA,ASO,ES,Federal Contract Tower,0,13,26,2,41,0,4,38,0,42,0,17,64,2,83,10,0,10,93
01/30/2016,AHN,GA,ASO,ES,Federal Contract Tower,0,3,22,0,25,0,6,94,0,100,0,9,116,0,125,60,0,60,185
01/31/2016,AHN,GA,ASO,ES,Federal Contract Tower,0,5,9,0,14,0,3,35,0,38,0,8,44,0,52,34,0,34,86
02/01/2016,AHN,GA,ASO,ES,Federal Contract Tower,0,0,17,4,21,0,2,10,0,12,0,2,27,4,33,0,0,0,33
02/02/2016,AHN,GA,ASO,ES,Federal Contract Tower,0,2,18,2,22,0,0,20,0,20,0,2,38,2,42,0,0,0,42
02/03/2016,AHN,GA,ASO,ES,Federal Contract Tower,0,2,14,0,16,0,0,0,0,0,0,2,14,0,16,0,0,0,16
02/04/2016,AHN,GA,ASO,ES,Federal Contract Tower,0,3,13,3,19,0,0,38,3,41,0,3,51,6,60,58,10,68,128
02/05/2016,AHN,GA,ASO,ES,Federal Contract Tower,0,2,30,0,32,0,2,57,0,59,0,4,87,0,91,28,0,28,119
02/06/2016,AHN,GA,ASO,ES,Federal Contract Tower,0,1,11,0,12,0,3,66,0,69,0,4,77,0,81,32,0,32,113
02/07/2016,AHN,GA,ASO,ES,Federal Contract Tower,0,1,33,0,34,0,4,36,0,40,0,5,69,0,74,20,0,20,94
02/08/2016,AHN,GA,ASO,ES,Federal Contract Tower,0,3,7,0,10,0,3,7,1,11,0,6,14,1,21,4,0,4,25
02/09/2016,AHN,GA,ASO,ES,Federal Contract Tower,0,0,9,1,10,0,0,16,2,18,0,0,25,3,28,0,0,0,28
02/10/2016,AHN,GA,ASO,ES,Federal Contract Tower,0,1,15,0,16,0,2,34,1,37,0,3,49,1,53,16,0,16,69
02/11/2016,AHN,GA,ASO,ES,Federal Contract Tower,0,2,28,0,30,0,1,52,0,53,0,3,80,0,83,34,0,34,117
02/12/2016,AHN,GA,ASO,ES,Federal Contract Tower,0,7,18,0,25,0,1,56,0,57,0,8,74,0,82,4,0,4,86
02/13/2016,AHN,GA,ASO,ES,Federal Contract Tower,0,6,12,0,18,0,6,38,0,44,0,12,50,0,62,2,0,2,64
02/14/2016,AHN,GA,ASO,ES,Federal Contract Tower,0,7,10,0,17,0,2,52,0,54,0,9,62,0,71,0,0,0,71
02/15/2016,AHN,GA,ASO,ES,Federal Contract Tower,0,2,9,0,11,0,0,0,0,0,0,2,9,0,11,0,0,0,11
02/16/2016,AHN,GA,ASO,ES,Federal Contract Tower,0,0,27,0,27,0,0,34,0,34,0,0,61,0,61,16,0,16,77
02/17/2016,AHN,GA,ASO,ES,Federal Contract Tower,0,2,17,1,20,0,9,52,0,61,0,11,69,1,81,16,0,16,97
02/18/2016,AHN,GA,ASO,ES,Federal Contract Tower,0,1,23,0,24,0,2,58,2,62,0,3,81,2,86,52,2,54,140
02/19/2016,AHN,GA,ASO,ES,Federal Contract Tower,0,7,29,2,38,0,9,45,11,65,0,16,74,13,103,10,0,10,113
02/20/2016,AHN,GA,ASO,ES,Federal Contract Tower,0,4,22,2,28,0,7,27,0,34,0,11,49,2,62,4,0,4,66
02/21/2016,AHN,GA,ASO,ES,Federal Contract Tower,0,4,29,0,33,0,1,9,0,10,0,5,38,0,43,0,0,0,43
02/22/2016,AHN,GA,ASO,ES,Federal Contract Tower,0,3,13,0,16,0,0,0,0,0,0,3,13,0,16,0,0,0,16
02/23/2016,AHN,GA,ASO,ES,Federal Contract Tower,0,0,12,0,12,0,0,0,0,0,0,0,12,0,12,0,0,0,12
02/24/2016,AHN,GA,ASO,ES,Federal Contract Tower,0,0,11,0,11,0,0,0,2,2,0,0,11,2,13,0,0,0,13
02/25/2016,AHN,GA,ASO,ES,Federal Contract Tower,0,3,16,2,21,0,0,8,0,8,0,3,24,2,29,0,0,0,29
02/26/2016,AHN,GA,ASO,ES,Federal Contract Tower,0,3,27,0,30,0,5,24,0,29,0,8,51,0,59,46,0,46,105
02/27/2016,AHN,GA,ASO,ES,Federal Contract Tower,0,6,23,6,35,0,3,39,0,42,0,9,62,6,77,26,0,26,103
02/28/2016,AHN,GA,ASO,ES,Federal Contract Tower,0,2,27,0,29,0,5,43,0,48,0,7,70,0,77,62,0,62,139
02/29/2016,AHN,GA,ASO,ES,Federal Contract Tower,0,5,7,2,14,0,5,31,0,36,0,10,38,2,50,16,0,16,66
03/01/2016,AHN,GA,ASO,ES,Federal Contract Tower,0,3,18,0,21,0,2,38,8,48,0,5,56,8,69,10,0,10,79
03/02/2016,AHN,GA,ASO,ES,Federal Contract Tower,0,3,14,0,17,0,3,29,4,36,0,6,43,4,53,2,0,2,55
03/03/2016,AHN,GA,ASO,ES,Federal Contract Tower,0,1,18,0,19,0,4,39,2,45,0,5,57,2,64,2,0,2,66
03/04/2016,AHN,GA,ASO,ES,Federal Contract Tower,0,5,17,4,26,0,0,33,3,36,0,5,50,7,62,16,0,16,78
03/05/2016,AHN,GA,ASO,ES,Federal Contract Tower,0,5,20,1,26,0,4,50,0,54,0,9,70,1,80,18,0,18,98
03/06/2016,AHN,GA,ASO,ES,Federal Contract Tower,0,2,29,10,41,0,4,36,1,41,0,6,65,11,82,12,0,12,94
03/07/2016,AHN,GA,ASO,ES,Federal Contract Tower,0,0,9,0,9,0,5,25,0,30,0,5,34,0,39,20,0,20,59
03/08/2016,AHN,GA,ASO,ES,Federal Contract Tower,0,4,19,0,23,0,2,45,0,47,0,6,64,0,70,68,0,68,138
03/09/2016,AHN,GA,ASO,ES,Federal Contract Tower,0,3,19,0,22,0,5,29,0,34,0,8,48,0,56,10,0,10,66
03/10/2016,AHN,GA,ASO,ES,Federal Contract Tower,0,2,16,4,22,0,4,20,0,24,0,6,36,4,46,4,0,4,50
03/11/2016,AHN,GA,ASO,ES,Federal Contract Tower,0,5,30,0,35,0,4,66,2,72,0,9,96,2,107,32,0,32,139
03/12/2016,AHN,GA,ASO,ES,Federal Contract Tower,0,1,20,0,21,0,2,40,0,42,0,3,60,0,63,26,0,26,89
03/13/2016,AHN,GA,ASO,ES,Federal Contract Tower,0,2,21,8,31,0,0,12,2,14,0,2,33,10,45,0,4,4,49
03/14/2016,AHN,GA,ASO,ES,Federal Contract Tower,0,0,13,0,13,0,2,17,0,19,0,2,30,0,32,2,0,2,34
03/15/2016,AHN,GA,ASO,ES,Federal Contract Tower,0,1,18,0,19,0,8,45,0,53,0,9,63,0,72,14,4,18,90
03/16/2016,AHN,GA,ASO,ES,Federal Contract Tower,0,2,31,2,35,0,2,27,2,31,0,4,58,4,66,56,2,58,124
03/17/2016,AHN,GA,ASO,ES,Federal Contract Tower,0,5,14,0,19,0,5,47,2,54,0,10,61,2,73,24,0,24,97
03/18/2016,AHN,GA,ASO,ES,Federal Contract Tower,0,0,33,7,40,0,6,50,0,56,0,6,83,7,96,72,6,78,174
03/19/2016,AHN,GA,ASO,ES,Federal Contract Tower,0,1,11,0,12,0,0,17,0,17,0,1,28,0,29,6,0,6,35
03/20/2016,AHN,GA,ASO,ES,Federal Contract Tower,0,7,20,0,27,0,2,19,2,23,0,9,39,2,50,26,0,26,76
03/21/2016,AHN,GA,ASO,ES,Federal Contract Tower,0,3,20,0,23,0,9,44,0,53,0,12,64,0,76,16,0,16,92
03/22/2016,AHN,GA,ASO,ES,Federal Contract Tower,0,1,18,0,19,0,2,52,0,54,0,3,70,0,73,8,0,8,81
03/23/2016,AHN,GA,ASO,ES,Federal Contract Tower,0,2,21,0,23,0,9,48,1,58,0,11,69,1,81,36,0,36,117
03/24/2016,AHN,GA,ASO,ES,Federal Contract Tower,0,6,21,0,27,0,2,23,0,25,0,8,44,0,52,6,0,6,58
03/25/2016,AHN,GA,ASO,ES,Federal Contract Tower,0,2,43,0,45,0,2,33,0,35,0,4,76,0,80,52,0,52,132
03/26/2016,AHN,GA,ASO,ES,Federal Contract Tower,0,7,17,0,24,0,0,0,0,0,0,7,17,0,24,0,0,0,24
03/27/2016,AHN,GA,ASO,ES,Federal Contract Tower,0,4,4,0,8,0,0,0,0,0,0,4,4,0,8,0,0,0,8
03/28/2016,AHN,GA,ASO,ES,Federal Contract Tower,0,2,38,0,40,0,0,27,2,29,0,2,65,2,69,8,0,8,77
03/29/2016,AHN,GA,ASO,ES,Federal Contract Tower,0,0,19,0,19,0,11,71,3,85,0,11,90,3,104,84,0,84,188
03/30/2016,AHN,GA,ASO,ES,Federal Contract Tower,0,4,15,0,19,0,5,59,2,66,0,9,74,2,85,38,0,38,123
03/31/2016,AHN,GA,ASO,ES,Federal Contract Tower,0,0,29,0,29,0,0,12,0,12,0,0,41,0,41,0,0,0,41
04/01/2016,AHN,GA,ASO,ES,Federal Contract Tower,0,3,30,0,33,0,0,2,0,2,0,3,32,0,35,0,0,0,35
04/02/2016,AHN,GA,ASO,ES,Federal Contract Tower,0,0,21,12,33,0,4,35,9,48,0,4,56,21,81,22,0,22,103
04/03/2016,AHN,GA,ASO,ES,Federal Contract Tower,0,5,30,0,35,0,1,58,0,59,0,6,88,0,94,96,0,96,190
04/04/2016,AHN,GA,ASO,ES,Federal Contract Tower,0,3,17,0,20,0,3,37,3,43,0,6,54,3,63,22,0,22,85
04/05/2016,AHN,GA,ASO,ES,Federal Contract Tower,0,1,23,0,24,0,10,40,0,50,0,11,63,0,74,34,0,34,108
04/06/2016,AHN,GA,ASO,ES,Federal Contract Tower,0,2,18,1,21,0,2,70,1,73,0,4,88,2,94,78,0,78,172
04/07/2016,AHN,GA,ASO,ES,Federal Contract Tower,0,7,10,0,17,0,1,22,3,26,0,8,32,3,43,28,0,28,71
04/08/2016,AHN,GA,ASO,ES,Federal Contract Tower,0,3,18,0,21,0,6,42,0,48,0,9,60,0,69,4,0,4,73
04/09/2016,AHN,GA,ASO,ES,Federal Contract Tower,0,0,23,0,23,0,4,32,0,36,0,4,55,0,59,0,0,0,59
04/10/2016,AHN,GA,ASO,ES,Federal Contract Tower,0,3,27,4,34,0,0,33,0,33,0,3,60,4,67,10,0,10,77
04/11/2016,AHN,GA,ASO,ES,Federal Contract Tower,0,0,19,0,19,0,1,8,0,9,0,1,27,0,28,14,0,14,42
04/12/2016,AHN,GA,ASO,ES,Federal Contract Tower,0,0,18,0,18,0,2,25,0,27,0,2,43,0,45,42,0,42,87
04/13/2016,AHN,GA,ASO,ES,Federal Contract Tower,0,6,23,0,29,0,2,36,8,46,0,8,59,8,75,16,8,24,99
04/14/2016,AHN,GA,ASO,ES,Federal Contract Tower,0,3,14,0,17,0,1,29,2,32,0,4,43,2,49,4,2,6,55
04/15/2016,AHN,GA,ASO,ES,Federal Contract Tower,0,5,35,0,40,0,2,15,0,17,0,7,50,0,57,8,0,8,65
04/16/2016,AHN,GA,ASO,ES,Federal Contract Tower,0,1,20,0,21,0,4,42,0,46,0,5,62,0,67,32,0,32,99
04/17/2016,AHN,GA,ASO,ES,Federal Contract Tower,0,6,20,2,28,0,2,46,0,48,0,8,66,2,76,8,0,8,84
04/18/2016,AHN,GA,ASO,ES,Federal Contract Tower,0,3,18,0,21,0,5,100,1,106,0,8,118,1,127,24,0,24,151
04/19/2016,AHN,GA,ASO,ES,Federal Contract Tower,0,3,33,0,36,0,7,55,2,64,0,10,88,2,100,20,0,20,120
04/20/2016,AHN,GA,ASO,ES,Federal Contract Tower,0,2,16,2,20,0,4,38,0,42,0,6,54,2,62,72,0,72,134
04/21/2016,AHN,GA,ASO,ES,Federal Contract Tower,0,4,22,3,29,0,5,15,1,21,0,9,37,4,50,4,0,4,54
04/22/2016,AHN,GA,ASO,ES,Federal Contract Tower,0,5,19,0,24,0,0,11,2,13,0,5,30,2,37,0,0,0,37
04/23/2016,AHN,GA,ASO,ES,Federal Contract Tower,0,0,13,0,13,0,2,71,0,73,0,2,84,0,86,44,0,44,130
04/24/2016,AHN,GA,ASO,ES,Federal Contract Tower,0,3,20,0,23,0,2,47,2,51,0,5,67,2,74,14,0,14,88
04/25/2016,AHN,GA,ASO,ES,Federal Contract Tower,0,3,9,0,12,0,6,24,0,30,0,9,33,0,42,26,0,26,68
04/26/2016,AHN,GA,ASO,ES,Federal Contract Tower,0,4,11,6,21,0,8,71,0,79,0,12,82,6,100,50,0,50,150
04/27/2016,AHN,GA,ASO,ES,Federal Contract Tower,0,7,26,0,33,0,7,67,2,76,0,14,93,2,109,16,0,16,125
04/28/2016,AHN,GA,ASO,ES,Federal Contract Tower,0,2,19,0,21,0,5,12,0,17,0,7,31,0,38,2,0,2,40
04/29/2016,AHN,GA,ASO,ES,Federal Contract Tower,0,4,15,5,24,0,4,61,1,66,0,8,76,6,90,8,2,10,100
04/30/2016,AHN,GA,ASO,ES,Federal Contract Tower,0,1,5,0,6,0,5,18,0,23,0,6,23,0,29,16,0,16,45
05/01/2016,AHN,GA,ASO,ES,Federal Contract Tower,0,1,28,0,29,0,0,4,0,4,0,1,32,0,33,0,0,0,33
05/02/2016,AHN,GA,ASO,ES,Federal Contract Tower,0,2,7,0,9,0,0,42,0,42,0,2,49,0,51,20,0,20,71
05/03/2016,AHN,GA,ASO,ES,Federal Contract Tower,0,3,7,0,10,0,2,59,1,62,0,5,66,1,72,42,0,42,114
05/04/2016,AHN,GA,ASO,ES,Federal Contract Tower,0,8,12,0,20,0,4,66,1,71,0,12,78,1,91,22,0,22,113
05/05/2016,AHN,GA,ASO,ES,Federal Contract Tower,0,5,22,0,27,0,0,32,0,32,0,5,54,0,59,0,0,0,59
05/06/2016,AHN,GA,ASO,ES,Federal Contract Tower,0,1,16,5,22,0,2,84,1,87,0,3,100,6,109,42,2,44,153
05/07/2016,AHN,GA,ASO,ES,Federal Contract Tower,0,1,22,2,25,0,11,47,0,58,0,12,69,2,83,35,0,35,118
05/08/2016,AHN,GA,ASO,ES,Federal Contract Tower,0,0,12,0,12,0,2,42,0,44,0,2,54,0,56,12,0,12,68
05/09/2016,AHN,GA,ASO,ES,Federal Contract Tower,0,3,15,4,22,0,3,66,0,69,0,6,81,4,91,68,0,68,159
05/10/2016,AHN,GA,ASO,ES,Federal Contract Tower,0,2,14,0,16,0,4,74,0,78,0,6,88,0,94,74,0,74,168
05/11/2016,AHN,GA,ASO,ES,Federal Contract Tower,0,6,22,0,28,0,15,50,4,69,0,21,72,4,97,90,0,90,187
05/12/2016,AHN,GA,ASO,ES,Federal Contract Tower,0,10,22,0,32,0,3,51,2,56,0,13,73,2,88,78,0,78,166
05/13/2016,AHN,GA,ASO,ES,Federal Contract Tower,0,5,22,5,32,0,3,43,7,53,0,8,65,12,85,60,0,60,145
05/14/2016,AHN,GA,ASO,ES,Federal Contract Tower,0,2,6,18,26,0,3,29,0,32,0,5,35,18,58,50,8,58,116
05/15/2016,AHN,GA,ASO,ES,Federal Contract Tower,0,8,16,0,24,0,4,35,4,43,0,12,51,4,67,6,0,6,73
05/16/2016,AHN,GA,ASO,ES,Federal Contract Tower,0,6,21,2,29,0,4,50,0,54,0,10,71,2,83,86,4,90,173
05/17/2016,AHN,GA,ASO,ES,Federal Contract Tower,0,3,17,4,24,0,0,0,0,0,0,3,17,4,24,0,0,0,24
05/18/2016,AHN,GA,ASO,ES,Federal Contract Tower,0,5,19,0,24,0,0,33,2,35,0,5,52,2,59,68,0,68,127
05/19/2016,AHN,GA,ASO,ES,Federal Contract Tower,0,0,16,0,16,0,0,0,0,0,0,0,16,0,16,0,0,0,16
05/20/2016,AHN,GA,ASO,ES,Federal Contract Tower,0,0,14,0,14,0,0,0,0,0,0,0,14,0,14,0,0,0,14
05/21/2016,AHN,GA,ASO,ES,Federal Contract Tower,0,0,10,0,10,0,0,7,0,7,0,0,17,0,17,0,0,0,17
05/22/2016,AHN,GA,ASO,ES,Federal Contract Tower,0,4,16,4,24,0,0,30,6,36,0,4,46,10,60,6,4,10,70
05/23/2016,AHN,GA,ASO,ES,Federal Contract Tower,0,4,27,0,31,0,1,38,0,39,0,5,65,0,70,68,0,68,138
05/24/2016,AHN,GA,ASO,ES,Federal Contract Tower,0,0,13,1,14,0,1,0,0,1,0,1,13,1,15,54,0,54,69
05/25/2016,AHN,GA,ASO,ES,Federal Contract Tower,0,1,28,2,31,0,6,45,0,51,0,7,73,2,82,76,0,76,158
05/26/2016,AHN,GA,ASO,ES,Federal Contract Tower,0,3,14,2,19,0,4,54,2,60,0,7,68,4,79,44,0,44,123
05/27/2016,AHN,GA,ASO,ES,Federal Contract Tower,0,2,22,0,24,0,0,44,0,44,0,2,66,0,68,32,0,32,100
05/28/2016,AHN,GA,ASO,ES,Federal Contract Tower,0,4,10,0,14,0,0,50,0,50,0,4,60,0,64,26,0,26,90
05/29/2016,AHN,GA,ASO,ES,Federal Contract Tower,0,0,8,0,8,0,0,38,0,38,0,0,46,0,46,20,0,20,66
05/30/2016,AHN,GA,ASO,ES,Federal Contract Tower,0,5,21,0,26,0,2,15,0,17,0,7,36,0,43,2,0,2,45
05/31/2016,AHN,GA,ASO,ES,Federal Contract Tower,0,1,13,2,16,0,1,46,0,47,0,2,59,2,63,16,0,16,79
06/01/2016,AHN,GA,ASO,ES,Federal Contract Tower,0,1,10,0,11,0,0,34,0,34,0,1,44,0,45,44,0,44,89
06/02/2016,AHN,GA,ASO,ES,Federal Contract Tower,0,4,33,0,37,0,0,32,0,32,0,4,65,0,69,40,0,40,109
06/03/2016,AHN,GA,ASO,ES,Federal Contract Tower,0,8,23,4,35,0,1,58,0,59,0,9,81,4,94,54,0,54,148
06/04/2016,AHN,GA,ASO,ES,Federal Contract Tower,0,0,7,0,7,0,10,35,2,47,0,10,42,2,54,22,0,22,76
06/05/2016,AHN,GA,ASO,ES,Federal Contract Tower,0,12,10,8,30,0,0,3,2,5,0,12,13,10,35,0,0,0,35
06/06/2016,AHN,GA,ASO,ES,Federal Contract Tower,0,2,14,0,16,0,0,10,0,10,0,2,24,0,26,22,0,22,48
06/07/2016,AHN,GA,ASO,ES,Federal Contract Tower,0,1,16,0,17,0,3,68,2,73,0,4,84,2,90,60,0,60,150
06/08/2016,AHN,GA,ASO,ES,Federal Contract Tower,0,5,19,2,26,0,6,80,0,86,0,11,99,2,112,28,0,28,140
06/09/2016,AHN,GA,ASO,ES,Federal Contract Tower,0,0,14,4,18,0,6,93,1,100,0,6,107,5,118,48,0,48,166
06/10/2016,AHN,GA,ASO,ES,Federal Contract Tower,0,0,10,10,20,0,5,62,4,71,0,5,72,14,91,48,0,48,139
06/11/2016,AHN,GA,ASO,ES,Federal Contract Tower,0,1,5,0,6,0,4,28,0,32,0,5,33,0,38,0,0,0,38
06/12/2016,AHN,GA,ASO,ES,Federal Contract Tower,0,0,11,0,11,0,2,28,0,30,0,2,39,0,41,54,0,54,95
06/13/2016,AHN,GA,ASO,ES,Federal Contract Tower,0,4,16,0,20,0,2,42,0,44,0,6,58,0,64,62,0,62,126
06/14/2016,AHN,GA,ASO,ES,Federal Contract Tower,0,3,5,0,8,0,0,39,0,39,0,3,44,0,47,20,0,20,67
06/15/2016,AHN,GA,ASO,ES,Federal Contract Tower,0,6,21,0,27,0,6,69,0,75,0,12,90,0,102,90,0,90,192
06/16/2016,AHN,GA,ASO,ES,Federal Contract Tower,0,0,14,3,17,0,2,65,5,72,0,2,79,8,89,76,0,76,165
06/17/2016,AHN,GA,ASO,ES,Federal Contract Tower,0,0,8,8,16,0,6,40,3,49,0,6,48,11,65,42,0,42,107
06/18/2016,AHN,GA,ASO,ES,Federal Contract Tower,0,2,20,0,22,0,2,4,0,6,0,4,24,0,28,4,0,4,32
06/19/2016,AHN,GA,ASO,ES,Federal Contract Tower,0,4,14,5,23,0,5,29,1,35,0,9,43,6,58,4,0,4,62
06/21/2016,AHN,GA,ASO,ES,Federal Contract Tower,0,0,18,1,19,0,2,43,1,46,0,2,61,2,65,12,0,12,77
06/22/2016,AHN,GA,ASO,ES,Federal Contract Tower,0,3,13,0,16,0,6,46,2,54,0,9,59,2,70,36,0,36,106
06/23/2016,AHN,GA,ASO,ES,Federal Contract Tower,0,1,15,0,16,0,2,59,0,61,0,3,74,0,77,70,0,70,147
06/24/2016,AHN,GA,ASO,ES,Federal Contract Tower,0,2,24,0,26,0,7,49,5,61,0,9,73,5,87,52,0,52,139
06/25/2016,AHN,GA,ASO,ES,Federal Contract Tower,0,0,21,0,21,0,5,47,0,52,0,5,68,0,73,20,0,20,93
06/26/2016,AHN,GA,ASO,ES,Federal Contract Tower,0,0,26,0,26,0,2,18,0,20,0,2,44,0,46,10,0,10,56
06/27/2016,AHN,GA,ASO,ES,Federal Contract Tower,0,3,14,0,17,0,0,32,0,32,0,3,46,0,49,10,0,10,59
06/28/2016,AHN,GA,ASO,ES,Federal Contract Tower,0,0,14,0,14,0,0,18,0,18,0,0,32,0,32,50,0,50,82
06/29/2016,AHN,GA,ASO,ES,Federal Contract Tower,0,3,12,0,15,0,1,55,1,57,0,4,67,1,72,42,0,42,114
06/30/2016,AHN,GA,ASO,ES,Federal Contract Tower,0,1,23,0,24,0,2,27,0,29,0,3,50,0,53,24,0,24,77
07/01/2016,AHN,GA,ASO,ES,Federal Contract Tower,0,0,11,0,11,0,2,31,0,33,0,2,42,0,44,12,0,12,56
07/02/2016,AHN,GA,ASO,ES,Federal Contract Tower,0,0,17,0,17,0,5,49,0,54,0,5,66,0,71,32,0,32,103
07/03/2016,AHN,GA,ASO,ES,Federal Contract Tower,0,0,7,0,7,0,2,23,0,25,0,2,30,0,32,8,0,8,40
07/04/2016,AHN,GA,ASO,ES,Federal Contract Tower,0,2,4,0,6,0,4,26,0,30,0,6,30,0,36,0,0,0,36
07/05/2016,AHN,GA,ASO,ES,Federal Contract Tower,0,2,12,0,14,0,2,17,0,19,0,4,29,0,33,10,0,10,43
07/06/2016,AHN,GA,ASO,ES,Federal Contract Tower,0,2,10,0,12,0,0,39,4,43,0,2,49,4,55,0,0,0,55
07/07/2016,AHN,GA,ASO,ES,Federal Contract Tower,0,5,13,0,18,0,1,31,2,34,0,6,44,2,52,40,0,40,92
07/08/2016,AHN,GA,ASO,ES,Federal Contract Tower,0,2,10,0,12,0,4,68,0,72,0,6,78,0,84,4,0,4,88
07/09/2016,AHN,GA,ASO,ES,Federal Contract Tower,0,6,10,0,16,0,7,30,0,37,0,13,40,0,53,20,0,20,73
07/10/2016,AHN,GA,ASO,ES,Federal Contract Tower,0,6,11,0,17,0,3,33,2,38,0,9,44,2,55,6,10,16,71
07/11/2016,AHN,GA,ASO,ES,Federal Contract Tower,0,0,8,0,8,0,4,46,2,52,0,4,54,2,60,78,0,78,138
07/12/2016,AHN,GA,ASO,ES,Federal Contract Tower,0,1,7,1,9,0,4,46,2,52,0,5,53,3,61,28,0,28,89
07/13/2016,AHN,GA,ASO,ES,Federal Contract Tower,0,0,14,0,14,0,10,53,0,63,0,10,67,0,77,24,0,24,101
07/14/2016,AHN,GA,ASO,ES,Federal Contract Tower,0,4,14,0,18,0,7,82,4,93,0,11,96,4,111,30,0,30,141
07/15/2016,AHN,GA,ASO,ES,Federal Contract Tower,0,0,15,2,17,0,2,48,0,50,0,2,63,2,67,22,0,22,89
07/16/2016,AHN,GA,ASO,ES,Federal Contract Tower,0,1,8,0,9,0,2,76,0,78,0,3,84,0,87,40,0,40,127
07/17/2016,AHN,GA,ASO,ES,Federal Contract Tower,0,2,7,4,13,0,0,6,1,7,0,2,13,5,20,20,0,20,40
07/18/2016,AHN,GA,ASO,ES,Federal Contract Tower,0,3,15,4,22,0,0,36,0,36,0,3,51,4,58,22,0,22,80
07/19/2016,AHN,GA,ASO,ES,Federal Contract Tower,0,0,6,0,6,0,2,70,4,76,0,2,76,4,82,42,8,50,132
07/20/2016,AHN,GA,ASO,ES,Federal Contract Tower,0,0,16,1,17,0,3,55,2,60,0,3,71,3,77,16,0,16,93
07/21/2016,AHN,GA,ASO,ES,Federal Contract Tower,0,2,13,0,15,0,4,69,0,73,0,6,82,0,88,24,0,24,112
07/22/2016,AHN,GA,ASO,ES,Federal Contract Tower,0,0,17,12,29,0,3,22,0,25,0,3,39,12,54,0,0,0,54
07/23/2016,AHN,GA,ASO,ES,Federal Contract Tower,0,4,12,8,24,0,16,32,0,48,0,20,44,8,72,14,4,18,90
07/24/2016,AHN,GA,ASO,ES,Federal Contract Tower,0,1,15,7,23,0,1,28,1,30,0,2,43,8,53,10,8,18,71
07/25/2016,AHN,GA,ASO,ES,Federal Contract Tower,0,0,19,0,19,0,2,55,1,58,0,2,74,1,77,72,0,72,149
07/26/2016,AHN,GA,ASO,ES,Federal Contract Tower,0,1,14,8,23,0,9,71,0,80,0,10,85,8,103,62,0,62,165
07/27/2016,AHN,GA,ASO,ES,Federal Contract Tower,0,0,7,1,8,0,2,40,1,43,0,2,47,2,51,88,0,88,139
07/28/2016,AHN,GA,ASO,ES,Federal Contract Tower,0,3,13,0,16,0,8,38,0,46,0,11,51,0,62,40,0,40,102
07/29/2016,AHN,GA,ASO,ES,Federal Contract Tower,0,8,26,5,39,0,2,31,3,36,0,10,57,8,75,20,0,20,95
07/30/2016,AHN,GA,ASO,ES,Federal Contract Tower,0,2,7,0,9,0,2,28,0,30,0,4,35,0,39,20,0,20,59
07/31/2016,AHN,GA,ASO,ES,Federal Contract Tower,0,1,15,8,24,0,3,49,5,57,0,4,64,13,81,6,0,6,87
08/01/2016,AHN,GA,ASO,ES,Federal Contract Tower,0,7,10,2,19,0,3,43,0,46,0,10,53,2,65,28,0,28,93
08/02/2016,AHN,GA,ASO,ES,Federal Contract Tower,0,2,8,0,10,0,0,24,0,24,0,2,32,0,34,16,0,16,50
08/03/2016,AHN,GA,ASO,ES,Federal Contract Tower,0,1,23,0,24,0,0,35,0,35,0,1,58,0,59,38,0,38,97
08/04/2016,AHN,GA,ASO,ES,Federal Contract Tower,0,6,25,0,31,0,0,25,1,26,0,6,50,1,57,58,0,58,115
08/05/2016,AHN,GA,ASO,ES,Federal Contract Tower,0,4,20,0,24,0,0,13,0,13,0,4,33,0,37,6,0,6,43
08/06/2016,AHN,GA,ASO,ES,Federal Contract Tower,0,1,5,0,6,0,1,37,0,38,0,2,42,0,44,30,0,30,74
08/07/2016,AHN,GA,ASO,ES,Federal Contract Tower,0,5,21,8,34,0,2,33,0,35,0,7,54,8,69,10,0,10,79
08/08/2016,AHN,GA,ASO,ES,Federal Contract Tower,0,3,15,2,20,0,0,22,0,22,0,3,37,2,42,34,0,34,76
08/09/2016,AHN,GA,ASO,ES,Federal Contract Tower,0,0,28,0,28,0,0,29,0,29,0,0,57,0,57,12,0,12,69
08/10/2016,AHN,GA,ASO,ES,Federal Contract Tower,0,2,19,0,21,0,2,16,0,18,0,4,35,0,39,16,0,16,55
08/11/2016,AHN,GA,ASO,ES,Federal Contract Tower,0,0,19,0,19,0,3,28,2,33,0,3,47,2,52,18,0,18,70
08/12/2016,AHN,GA,ASO,ES,Federal Contract Tower,0,0,10,2,12,0,0,18,0,18,0,0,28,2,30,0,0,0,30
08/13/2016,AHN,GA,ASO,ES,Federal Contract Tower,0,2,31,0,33,0,0,34,0,34,0,2,65,0,67,20,0,20,87
08/14/2016,AHN,GA,ASO,ES,Federal Contract Tower,0,1,9,0,10,0,2,43,0,45,0,3,52,0,55,28,0,28,83
08/15/2016,AHN,GA,ASO,ES,Federal Contract Tower,0,4,5,0,9,0,3,31,0,34,0,7,36,0,43,62,0,62,105
08/16/2016,AHN,GA,ASO,ES,Federal Contract Tower,0,2,16,0,18,0,0,28,4,32,0,2,44,4,50,28,0,28,78
08/17/2016,AHN,GA,ASO,ES,Federal Contract Tower,0,14,0,0,14,0,2,54,2,58,0,16,54,2,72,12,0,12,84
08/18/2016,AHN,GA,ASO,ES,Federal Contract Tower,0,2,11,0,13,0,3,63,0,66,0,5,74,0,79,24,0,24,103
08/19/2016,AHN,GA,ASO,ES,Federal Contract Tower,0,2,21,3,26,0,4,49,0,53,0,6,70,3,79,32,0,32,111
08/20/2016,AHN,GA,ASO,ES,Federal Contract Tower,0,2,7,0,9,0,1,32,0,33,0,3,39,0,42,10,0,10,52
08/21/2016,AHN,GA,ASO,ES,Federal Contract Tower,0,7,18,3,28,0,3,19,3,25,0,10,37,6,53,10,0,10,63
08/22/2016,AHN,GA,ASO,ES,Federal Contract Tower,0,2,6,0,8,0,4,48,0,52,0,6,54,0,60,40,0,40,100
08/23/2016,AHN,GA,ASO,ES,Federal Contract Tower,0,4,13,2,19,0,3,26,0,29,0,7,39,2,48,68,2,70,118
08/24/2016,AHN,GA,ASO,ES,Federal Contract Tower,0,4,17,0,21,0,5,43,0,48,0,9,60,0,69,4,0,4,73
08/25/2016,AHN,GA,ASO,ES,Federal Contract Tower,0,4,7,0,11,0,2,60,0,62,0,6,67,0,73,58,0,58,131
08/26/2016,AHN,GA,ASO,ES,Federal Contract Tower,0,6,23,11,40,0,7,43,0,50,0,13,66,11,90,30,0,30,120
08/27/2016,AHN,GA,ASO,ES,Federal Contract Tower,0,0,11,0,11,0,1,57,0,58,0,1,68,0,69,28,0,28,97
08/28/2016,AHN,GA,ASO,ES,Federal Contract Tower,0,1,35,5,41,0,7,38,13,58,0,8,73,18,99,18,0,18,117
08/29/2016,AHN,GA,ASO,ES,Federal Contract Tower,0,0,7,0,7,0,4,29,2,35,0,4,36,2,42,34,0,34,76
08/30/2016,AHN,GA,ASO,ES,Federal Contract Tower,0,1,15,0,16,0,6,31,4,41,0,7,46,4,57,16,12,28,85
08/31/2016,AHN,GA,ASO,ES,Federal Contract Tower,0,4,27,0,31,0,4,37,2,43,0,8,64,2,74,8,0,8,82
09/01/2016,AHN,GA,ASO,ES,Federal Contract Tower,0,2,21,2,25,0,8,52,2,62,0,10,73,4,87,20,2,22,109
09/02/2016,AHN,GA,ASO,ES,Federal Contract Tower,0,4,19,0,23,0,0,1,0,1,0,4,20,0,24,0,0,0,24
09/03/2016,AHN,GA,ASO,ES,Federal Contract Tower,0,0,5,0,5,0,8,27,0,35,0,8,32,0,40,6,0,6,46
09/04/2016,AHN,GA,ASO,ES,Federal Contract Tower,0,0,10,0,10,0,2,43,0,45,0,2,53,0,55,22,0,22,77
09/05/2016,AHN,GA,ASO,ES,Federal Contract Tower,0,0,27,0,27,0,2,35,0,37,0,2,62,0,64,18,0,18,82
09/06/2016,AHN,GA,ASO,ES,Federal Contract Tower,0,2,9,0,11,0,2,43,0,45,0,4,52,0,56,66,0,66,122
09/07/2016,AHN,GA,ASO,ES,Federal Contract Tower,0,4,25,0,29,0,3,31,2,36,0,7,56,2,65,12,0,12,77
09/08/2016,AHN,GA,ASO,ES,Federal Contract Tower,0,2,18,0,20,0,2,35,2,39,0,4,53,2,59,8,0,8,67
09/09/2016,AHN,GA,ASO,ES,Federal Contract Tower,0,5,26,38,69,0,4,32,0,36,0,9,58,38,105,32,20,52,157
09/10/2016,AHN,GA,ASO,ES,Federal Contract Tower,0,2,42,0,44,0,2,28,0,30,0,4,70,0,74,2,0,2,76
09/11/2016,AHN,GA,ASO,ES,Federal Contract Tower,0,0,25,0,25,0,2,27,0,29,0,2,52,0,54,0,0,0,54
09/12/2016,AHN,GA,ASO,ES,Federal Contract Tower,0,3,7,4,14,0,4,14,0,18,0,7,21,4,32,44,0,44,76
09/13/2016,AHN,GA,ASO,ES,Federal Contract Tower,0,0,12,0,12,0,3,27,0,30,0,3,39,0,42,34,0,34,76
09/14/2016,AHN,GA,ASO,ES,Federal Contract Tower,0,4,15,0,19,0,2,43,1,46,0,6,58,1,65,40,0,40,105
09/15/2016,AHN,GA,ASO,ES,Federal Contract Tower,0,2,21,3,26,0,6,70,2,78,0,8,91,5,104,66,0,66,170
09/16/2016,AHN,GA,ASO,ES,Federal Contract Tower,4,20,19,9,52,0,6,43,5,54,4,26,62,14,106,38,0,38,144
09/17/2016,AHN,GA,ASO,ES,Federal Contract Tower,0,20,12,0,32,0,2,26,0,28,0,22,38,0,60,16,0,16,76
09/18/2016,AHN,GA,ASO,ES,Federal Contract Tower,0,7,23,3,33,0,0,7,3,10,0,7,30,6,43,0,0,0,43
09/19/2016,AHN,GA,ASO,ES,Federal Contract Tower,0,7,17,1,25,0,0,38,1,39,0,7,55,2,64,4,0,4,68
09/20/2016,AHN,GA,ASO,ES,Federal Contract Tower,0,2,18,2,22,0,0,30,0,30,0,2,48,2,52,102,0,102,154
09/21/2016,AHN,GA,ASO,ES,Federal Contract Tower,0,5,12,0,17,0,3,30,0,33,0,8,42,0,50,54,0,54,104
09/22/2016,AHN,GA,ASO,ES,Federal Contract Tower,0,8,13,3,24,0,5,38,3,46,0,13,51,6,70,24,0,24,94
09/23/2016,AHN,GA,ASO,ES,Federal Contract Tower,4,8,39,5,56,0,11,43,2,56,4,19,82,7,112,2,0,2,114
09/24/2016,AHN,GA,ASO,ES,Federal Contract Tower,4,4,29,1,38,0,2,34,1,37,4,6,63,2,75,14,0,14,89
09/25/2016,AHN,GA,ASO,ES,Federal Contract Tower,0,8,20,0,28,0,3,18,0,21,0,11,38,0,49,6,0,6,55
09/26/2016,AHN,GA,ASO,ES,Federal Contract Tower,0,1,9,2,12,0,4,22,0,26,0,5,31,2,38,32,0,32,70
09/27/2016,AHN,GA,ASO,ES,Federal Contract Tower,0,3,20,0,23,0,2,33,0,35,0,5,53,0,58,30,0,30,88
09/28/2016,AHN,GA,ASO,ES,Federal Contract Tower,0,4,25,0,29,0,8,43,0,51,0,12,68,0,80,28,0,28,108
09/29/2016,AHN,GA,ASO,ES,Federal Contract Tower,0,0,25,0,25,0,3,58,0,61,0,3,83,0,86,46,0,46,132
09/30/2016,AHN,GA,ASO,ES,Federal Contract Tower,0,14,50,0,64,0,5,46,0,51,0,19,96,0,115,2,0,2,117
10/01/2016,AHN,GA,ASO,ES,Federal Contract Tower,2,17,98,0,117,0,4,58,0,62,2,21,156,0,179,96,0,96,275
10/02/2016,AHN,GA,ASO,ES,Federal Contract Tower,0,14,54,0,68,0,5,46,0,51,0,19,100,0,119,6,0,6,125
10/03/2016,AHN,GA,ASO,ES,Federal Contract Tower,0,0,11,0,11,0,4,56,0,60,0,4,67,0,71,34,0,34,105
10/04/2016,AHN,GA,ASO,ES,Federal Contract Tower,0,2,9,16,27,0,1,87,2,90,0,3,96,18,117,50,12,62,179
10/05/2016,AHN,GA,ASO,ES,Federal Contract Tower,0,2,18,0,20,0,1,47,2,50,0,3,65,2,70,10,0,10,80
10/06/2016,AHN,GA,ASO,ES,Federal Contract Tower,0,2,36,4,42,0,4,34,0,38,0,6,70,4,80,16,0,16,96
10/07/2016,AHN,GA,ASO,ES,Federal Contract Tower,0,5,37,13,55,0,0,5,0,5,0,5,42,13,60,0,0,0,60
10/08/2016,AHN,GA,ASO,ES,Federal Contract Tower,0,3,14,0,17,0,1,5,0,6,0,4,19,0,23,8,0,8,31
10/09/2016,AHN,GA,ASO,ES,Federal Contract Tower,0,0,23,0,23,0,9,41,0,50,0,9,64,0,73,12,0,12,85
10/10/2016,AHN,GA,ASO,ES,Federal Contract Tower,0,4,9,0,13,0,5,92,0,97,0,9,101,0,110,24,0,24,134
10/11/2016,AHN,GA,ASO,ES,Federal Contract Tower,0,1,23,0,24,0,14,82,0,96,0,15,105,0,120,52,2,54,174
10/12/2016,AHN,GA,ASO,ES,Federal Contract Tower,0,2,8,3,13,0,8,49,0,57,0,10,57,3,70,30,2,32,102
10/13/2016,AHN,GA,ASO,ES,Federal Contract Tower,0,2,16,11,29,0,5,55,0,60,0,7,71,11,89,68,6,74,163
10/14/2016,AHN,GA,ASO,ES,Federal Contract Tower,0,6,43,5,54,0,6,68,5,79,0,12,111,10,133,48,0,48,181
10/15/2016,AHN,GA,ASO,ES,Federal Contract Tower,0,10,83,6,99,0,0,8,0,8,0,10,91,6,107,30,0,30,137
10/16/2016,AHN,GA,ASO,ES,Federal Contract Tower,0,11,46,2,59,0,2,59,4,65,0,13,105,6,124,18,0,18,142
10/17/2016,AHN,GA,ASO,ES,Federal Contract Tower,0,2,11,0,13,0,2,82,0,84,0,4,93,0,97,92,0,92,189
10/18/2016,AHN,GA,ASO,ES,Federal Contract Tower,0,2,15,0,17,0,2,72,0,74,0,4,87,0,91,42,0,42,133
10/19/2016,AHN,GA,ASO,ES,Federal Contract Tower,0,4,16,0,20,0,1,88,1,90,0,5,104,1,110,56,0,56,166
10/20/2016,AHN,GA,ASO,ES,Federal Contract Tower,0,9,20,1,30,0,3,83,1,87,0,12,103,2,117,56,0,56,173
10/21/2016,AHN,GA,ASO,ES,Federal Contract Tower,0,4,21,0,25,0,2,24,0,26,0,6,45,0,51,34,0,34,85
10/22/2016,AHN,GA,ASO,ES,Federal Contract Tower,0,0,22,0,22,0,0,28,0,28,0,0,50,0,50,10,0,10,60
10/23/2016,AHN,GA,ASO,ES,Federal Contract Tower,0,4,18,4,26,0,4,39,0,43,0,8,57,4,69,8,0,8,77
10/24/2016,AHN,GA,ASO,ES,Federal Contract Tower,0,5,15,0,20,0,7,78,0,85,0,12,93,0,105,96,0,96,201
10/25/2016,AHN,GA,ASO,ES,Federal Contract Tower,0,6,20,1,27,0,7,85,1,93,0,13,105,2,120,84,2,86,206
10/26/2016,AHN,GA,ASO,ES,Federal Contract Tower,0,6,14,0,20,0,12,57,2,71,0,18,71,2,91,82,0,82,173
10/27/2016,AHN,GA,ASO,ES,Federal Contract Tower,0,6,31,2,39,0,8,48,0,56,0,14,79,2,95,54,0,54,149
10/28/2016,AHN,GA,ASO,ES,Federal Contract Tower,4,4,15,0,23,0,5,63,0,68,4,9,78,0,91,34,0,34,125
10/29/2016,AHN,GA,ASO,ES,Federal Contract Tower,0,2,10,0,12,0,7,31,2,40,0,9,41,2,52,8,0,8,60
10/30/2016,AHN,GA,ASO,ES,Federal Contract Tower,0,2,20,0,22,0,7,56,0,63,0,9,76,0,85,16,0,16,101
10/31/2016,AHN,GA,ASO,ES,Federal Contract Tower,0,3,18,2,23,0,4,59,0,63,0,7,77,2,86,104,0,104,190
11/01/2016,AHN,GA,ASO,ES,Federal Contract Tower,0,6,19,2,27,0,4,29,0,33,0,10,48,2,60,14,2,16,76
11/02/2016,AHN,GA,ASO,ES,Federal Contract Tower,0,2,13,0,15,0,5,53,5,63,0,7,66,5,78,156,0,156,234
11/03/2016,AHN,GA,ASO,ES,Federal Contract Tower,0,11,20,0,31,0,4,58,0,62,0,15,78,0,93,62,0,62,155
11/04/2016,AHN,GA,ASO,ES,Federal Contract Tower,4,3,24,6,37,0,4,37,0,41,4,7,61,6,78,2,0,2,80
11/05/2016,AHN,GA,ASO,ES,Federal Contract Tower,0,4,7,0,11,0,1,45,0,46,0,5,52,0,57,22,0,22,79
11/06/2016,AHN,GA,ASO,ES,Federal Contract Tower,0,0,11,4,15,0,4,40,8,52,0,4,51,12,67,40,0,40,107
11/07/2016,AHN,GA,ASO,ES,Federal Contract Tower,0,0,19,3,22,0,6,33,3,42,0,6,52,6,64,40,0,40,104
11/08/2016,AHN,GA,ASO,ES,Federal Contract Tower,0,0,10,4,14,0,7,49,0,56,0,7,59,4,70,130,0,130,200
11/09/2016,AHN,GA,ASO,ES,Federal Contract Tower,0,2,15,1,18,0,8,45,1,54,0,10,60,2,72,140,0,140,212
11/10/2016,AHN,GA,ASO,ES,Federal Contract Tower,0,2,28,0,30,0,0,26,0,26,0,2,54,0,56,68,0,68,124
11/11/2016,AHN,GA,ASO,ES,Federal Contract Tower,0,15,68,6,89,0,3,33,1,37,0,18,101,7,126,2,0,2,128
11/12/2016,AHN,GA,ASO,ES,Federal Contract Tower,0,17,77,2,96,0,4,26,1,31,0,21,103,3,127,62,2,64,191
11/13/2016,AHN,GA,ASO,ES,Federal Contract Tower,0,13,58,0,71,0,1,18,0,19,0,14,76,0,90,10,0,10,100
11/14/2016,AHN,GA,ASO,ES,Federal Contract Tower,0,2,28,0,30,0,0,0,0,0,0,2,28,0,30,76,0,76,106
11/15/2016,AHN,GA,ASO,ES,Federal Contract Tower,0,0,30,0,30,0,0,20,0,20,0,0,50,0,50,64,6,70,120
11/16/2016,AHN,GA,ASO,ES,Federal Contract Tower,0,0,23,2,25,0,2,46,3,51,0,2,69,5,76,100,8,108,184
11/17/2016,AHN,GA,ASO,ES,Federal Contract Tower,0,3,13,0,16,0,8,38,0,46,0,11,51,0,62,104,0,104,166
11/18/2016,AHN,GA,ASO,ES,Federal Contract Tower,0,3,42,1,46,0,3,77,1,81,0,6,119,2,127,100,0,100,227
11/19/2016,AHN,GA,ASO,ES,Federal Contract Tower,0,3,20,0,23,0,2,16,0,18,0,5,36,0,41,0,1,1,42
11/20/2016,AHN,GA,ASO,ES,Federal Contract Tower,0,5,7,2,14,0,4,33,0,37,0,9,40,2,51,34,0,34,85
11/21/2016,AHN,GA,ASO,ES,Federal Contract Tower,0,6,16,0,22,0,5,46,1,52,0,11,62,1,74,76,0,76,150
11/22/2016,AHN,GA,ASO,ES,Federal Contract Tower,0,5,10,2,17,0,4,44,0,48,0,9,54,2,65,90,0,90,155
11/23/2016,AHN,GA,ASO,ES,Federal Contract Tower,0,4,25,0,29,0,1,41,0,42,0,5,66,0,71,30,0,30,101
11/24/2016,AHN,GA,ASO,ES,Federal Contract Tower,0,0,6,0,6,0,2,15,0,17,0,2,21,0,23,0,0,0,23
11/25/2016,AHN,GA,ASO,ES,Federal Contract Tower,0,0,12,0,12,0,2,34,0,36,0,2,46,0,48,12,0,12,60
11/26/2016,AHN,GA,ASO,ES,Federal Contract Tower,0,3,68,0,71,0,4,60,3,67,0,7,128,3,138,0,0,0,138
11/27/2016,AHN,GA,ASO,ES,Federal Contract Tower,0,9,51,0,60,0,5,52,2,59,0,14,103,2,119,20,0,20,139
11/28/2016,AHN,GA,ASO,ES,Federal Contract Tower,0,1,10,2,13,0,2,65,0,67,0,3,75,2,80,108,0,108,188
11/29/2016,AHN,GA,ASO,ES,Federal Contract Tower,0,7,24,0,31,0,0,6,0,6,0,7,30,0,37,8,0,8,45
11/30/2016,AHN,GA,ASO,ES,Federal Contract Tower,0,0,6,0,6,0,0,6,0,6,0,0,12,0,12,38,0,38,50
12/01/2016,AHN,GA,ASO,ES,Federal Contract Tower,0,0,16,0,16,0,2,74,0,76,0,2,90,0,92,84,0,84,176
12/02/2016,AHN,GA,ASO,ES,Federal Contract Tower,0,4,21,0,25,0,2,123,0,125,0,6,144,0,150,76,0,76,226
12/03/2016,AHN,GA,ASO,ES,Federal Contract Tower,0,2,16,0,18,0,2,66,0,68,0,4,82,0,86,62,0,62,148
12/04/2016,AHN,GA,ASO,ES,Federal Contract Tower,0,5,13,0,18,0,0,0,0,0,0,5,13,0,18,0,0,0,18
12/05/2016,AHN,GA,ASO,ES,Federal Contract Tower,0,1,17,2,20,0,0,0,0,0,0,1,17,2,20,0,0,0,20
12/06/2016,AHN,GA,ASO,ES,Federal Contract Tower,0,8,19,4,31,0,0,0,0,0,0,8,19,4,31,0,0,0,31
12/07/2016,AHN,GA,ASO,ES,Federal Contract Tower,0,3,17,0,20,0,0,5,0,5,0,3,22,0,25,0,0,0,25
12/08/2016,AHN,GA,ASO,ES,Federal Contract Tower,0,4,22,2,28,0,2,72,0,74,0,6,94,2,102,70,0,70,172
12/09/2016,AHN,GA,ASO,ES,Federal Contract Tower,0,3,18,2,23,0,1,118,0,119,0,4,136,2,142,12,4,16,158
12/10/2016,AHN,GA,ASO,ES,Federal Contract Tower,0,1,23,0,24,0,8,109,4,121,0,9,132,4,145,36,0,36,181
12/11/2016,AHN,GA,ASO,ES,Federal Contract Tower,0,2,14,0,16,0,0,64,0,64,0,2,78,0,80,56,0,56,136
12/12/2016,AHN,GA,ASO,ES,Federal Contract Tower,0,4,24,3,31,0,0,9,0,9,0,4,33,3,40,40,0,40,80
12/13/2016,AHN,GA,ASO,ES,Federal Contract Tower,0,2,20,0,22,0,0,0,0,0,0,2,20,0,22,0,0,0,22
12/14/2016,AHN,GA,ASO,ES,Federal Contract Tower,0,6,23,0,29,0,0,0,0,0,0,6,23,0,29,64,0,64,93
12/15/2016,AHN,GA,ASO,ES,Federal Contract Tower,0,5,22,2,29,0,0,61,0,61,0,5,83,2,90,24,0,24,114
12/16/2016,AHN,GA,ASO,ES,Federal Contract Tower,0,7,18,0,25,0,4,74,0,78,0,11,92,0,103,34,0,34,137
12/17/2016,AHN,GA,ASO,ES,Federal Contract Tower,0,0,21,0,21,0,2,0,0,2,0,2,21,0,23,4,0,4,27
12/18/2016,AHN,GA,ASO,ES,Federal Contract Tower,0,1,4,0,5,0,0,4,0,4,0,1,8,0,9,4,0,4,13
12/19/2016,AHN,GA,ASO,ES,Federal Contract Tower,0,0,6,0,6,0,0,0,0,0,0,0,6,0,6,0,0,0,6
12/20/2016,AHN,GA,ASO,ES,Federal Contract Tower,0,2,25,0,27,0,0,42,0,42,0,2,67,0,69,10,0,10,79
12/21/2016,AHN,GA,ASO,ES,Federal Contract Tower,0,0,33,0,33,0,2,77,0,79,0,2,110,0,112,64,0,64,176
12/22/2016,AHN,GA,ASO,ES,Federal Contract Tower,0,1,18,3,22,0,7,45,0,52,0,8,63,3,74,22,0,22,96
12/23/2016,AHN,GA,ASO,ES,Federal Contract Tower,0,7,12,0,19,0,4,40,0,44,0,11,52,0,63,32,0,32,95
12/24/2016,AHN,GA,ASO,ES,Federal Contract Tower,0,0,6,0,6,0,1,11,0,12,0,1,17,0,18,8,0,8,26
12/25/2016,AHN,GA,ASO,ES,Federal Contract Tower,0,8,2,0,10,0,1,7,0,8,0,9,9,0,18,20,0,20,38
12/26/2016,AHN,GA,ASO,ES,Federal Contract Tower,0,1,16,2,19,0,0,0,0,0,0,1,16,2,19,0,0,0,19
12/27/2016,AHN,GA,ASO,ES,Federal Contract Tower,0,6,13,0,19,0,2,2,0,4,0,8,15,0,23,0,0,0,23
12/28/2016,AHN,GA,ASO,ES,Federal Contract Tower,0,0,14,0,14,0,2,83,0,85,0,2,97,0,99,42,0,42,141
12/29/2016,AHN,GA,ASO,ES,Federal Contract Tower,0,0,9,0,9,0,0,17,0,17,0,0,26,0,26,16,0,16,42
12/30/2016,AHN,GA,ASO,ES,Federal Contract Tower,0,5,14,0,19,0,4,47,2,53,0,9,61,2,72,6,0,6,78
12/31/2016,AHN,GA,ASO,ES,Federal Contract Tower,0,1,2,11,14,0,2,21,0,23,0,3,23,11,37,8,0,8,45
01/01/2017,AHN,GA,ASO,ES,Federal Contract Tower,0,3,3,0,6,0,0,0,0,0,0,3,3,0,6,0,0,0,6
01/02/2017,AHN,GA,ASO,ES,Federal Contract Tower,0,2,8,0,10,0,0,0,0,0,0,2,8,0,10,0,0,0,10
01/03/2017,AHN,GA,ASO,ES,Federal Contract Tower,0,0,26,0,26,0,0,18,0,18,0,0,44,0,44,4,0,4,48
01/04/2017,AHN,GA,ASO,ES,Federal Contract Tower,0,7,16,0,23,0,0,52,1,53,0,7,68,1,76,24,0,24,100
01/05/2017,AHN,GA,ASO,ES,Federal Contract Tower,0,4,22,0,26,0,4,79,0,83,0,8,101,0,109,74,0,74,183
01/06/2017,AHN,GA,ASO,ES,Federal Contract Tower,0,2,7,0,9,0,0,38,0,38,0,2,45,0,47,74,0,74,121
01/07/2017,AHN,GA,ASO,ES,Federal Contract Tower,0,3,2,2,7,0,1,3,0,4,0,4,5,2,11,0,0,0,11
01/08/2017,AHN,GA,ASO,ES,Federal Contract Tower,0,1,7,0,8,0,0,24,0,24,0,1,31,0,32,20,0,20,52
01/09/2017,AHN,GA,ASO,ES,Federal Contract Tower,0,0,13,0,13,0,2,64,0,66,0,2,77,0,79,2,0,2,81
01/11/2017,AHN,GA,ASO,ES,Federal Contract Tower,0,14,0,0,14,0,11,80,0,91,0,25,80,0,105,84,0,84,189
01/12/2017,AHN,GA,ASO,ES,Federal Contract Tower,0,12,28,2,42,0,9,99,0,108,0,21,127,2,150,66,0,66,216
01/13/2017,AHN,GA,ASO,ES,Federal Contract Tower,0,5,26,7,38,0,5,95,0,100,0,10,121,7,138,42,0,42,180
01/14/2017,AHN,GA,ASO,ES,Federal Contract Tower,2,2,21,0,25,0,4,75,0,79,2,6,96,0,104,14,0,14,118
01/15/2017,AHN,GA,ASO,ES,Federal Contract Tower,0,4,28,0,32,0,3,38,0,41,0,7,66,0,73,26,0,26,99
01/16/2017,AHN,GA,ASO,ES,Federal Contract Tower,0,15,25,0,40,0,0,56,0,56,0,15,81,0,96,14,0,14,110
01/17/2017,AHN,GA,ASO,ES,Federal Contract Tower,0,2,23,0,25,0,0,47,0,47,0,2,70,0,72,22,0,22,94
01/18/2017,AHN,GA,ASO,ES,Federal Contract Tower,0,6,28,0,34,0,9,53,0,62,0,15,81,0,96,52,0,52,148
01/19/2017,AHN,GA,ASO,ES,Federal Contract Tower,1,6,14,0,21,0,5,67,0,72,1,11,81,0,93,18,0,18,111
01/20/2017,AHN,GA,ASO,ES,Federal Contract Tower,1,7,18,0,26,0,0,25,0,25,1,7,43,0,51,10,0,10,61
01/21/2017,AHN,GA,ASO,ES,Federal Contract Tower,0,2,3,0,5,0,0,0,0,0,0,2,3,0,5,0,0,0,5
01/22/2017,AHN,GA,ASO,ES,Federal Contract Tower,0,3,17,0,20,0,0,0,0,0,0,3,17,0,20,0,0,0,20
01/23/2017,AHN,GA,ASO,ES,Federal Contract Tower,0,4,23,0,27,0,0,3,0,3,0,4,26,0,30,0,0,0,30
01/24/2017,AHN,GA,ASO,ES,Federal Contract Tower,1,2,24,6,33,0,0,69,4,73,1,2,93,10,106,18,0,18,124
01/25/2017,AHN,GA,ASO,ES,Federal Contract Tower,0,4,15,0,19,0,2,95,4,101,0,6,110,4,120,48,2,50,170
01/26/2017,AHN,GA,ASO,ES,Federal Contract Tower,0,4,16,4,24,0,2,23,14,39,0,6,39,18,63,10,2,12,75
01/27/2017,AHN,GA,ASO,ES,Federal Contract Tower,0,4,24,10,38,0,4,33,0,37,0,8,57,10,75,10,0,10,85
01/28/2017,AHN,GA,ASO,ES,Federal Contract Tower,2,8,9,16,35,0,14,47,0,61,2,22,56,16,96,34,0,34,130
01/29/2017,AHN,GA,ASO,ES,Federal Contract Tower,0,4,21,10,35,0,4,34,0,38,0,8,55,10,73,20,6,26,99
01/30/2017,AHN,GA,ASO,ES,Federal Contract Tower,2,2,20,2,26,0,4,58,0,62,2,6,78,2,88,34,0,34,122
01/31/2017,AHN,GA,ASO,ES,Federal Contract Tower,0,2,16,6,24,0,7,65,2,74,0,9,81,8,98,82,0,82,180
02/01/2017,AHN,GA,ASO,ES,Federal Contract Tower,0,5,13,0,18,0,4,58,0,62,0,9,71,0,80,62,0,62,142
02/02/2017,AHN,GA,ASO,ES,Federal Contract Tower,0,7,17,4,28,0,3,48,2,53,0,10,65,6,81,16,4,20,101
02/03/2017,AHN,GA,ASO,ES,Federal Contract Tower,0,7,27,0,34,0,3,48,0,51,0,10,75,0,85,44,0,44,129
02/04/2017,AHN,GA,ASO,ES,Federal Contract Tower,0,3,15,3,21,0,21,81,6,108,0,24,96,9,129,54,12,66,195
02/05/2017,AHN,GA,ASO,ES,Federal Contract Tower,0,2,13,3,18,0,0,23,3,26,0,2,36,6,44,16,34,50,94
02/06/2017,AHN,GA,ASO,ES,Federal Contract Tower,1,3,25,0,29,0,0,29,3,32,1,3,54,3,61,70,0,70,131
02/07/2017,AHN,GA,ASO,ES,Federal Contract Tower,0,2,15,6,23,0,2,50,1,53,0,4,65,7,76,74,0,74,150
02/08/2017,AHN,GA,ASO,ES,Federal Contract Tower,0,1,19,2,22,0,0,0,2,2,0,1,19,4,24,0,0,0,24
02/09/2017,AHN,GA,ASO,ES,Federal Contract Tower,0,1,18,2,21,0,1,26,1,28,0,2,44,3,49,6,0,6,55
02/10/2017,AHN,GA,ASO,ES,Federal Contract Tower,0,4,12,0,16,0,7,82,0,89,0,11,94,0,105,40,0,40,145
02/12/2017,AHN,GA,ASO,ES,Federal Contract Tower,0,5,34,4,43,0,0,0,0,0,0,5,34,4,43,0,0,0,43
02/13/2017,AHN,GA,ASO,ES,Federal Contract Tower,1,2,4,1,8,0,2,75,1,78,1,4,79,2,86,56,10,66,152
02/14/2017,AHN,GA,ASO,ES,Federal Contract Tower,0,5,21,0,26,0,4,60,0,64,0,9,81,0,90,52,0,52,142
02/15/2017,AHN,GA,ASO,ES,Federal Contract Tower,0,8,12,0,20,0,0,21,0,21,0,8,33,0,41,32,0,32,73
02/16/2017,AHN,GA,ASO,ES,Federal Contract Tower,0,2,16,1,19,0,1,74,8,83,0,3,90,9,102,24,0,24,126
02/17/2017,AHN,GA,ASO,ES,Federal Contract Tower,1,4,26,2,33,0,15,109,0,124,1,19,135,2,157,26,0,26,183
02/18/2017,AHN,GA,ASO,ES,Federal Contract Tower,1,3,20,6,30,0,0,33,0,33,1,3,53,6,63,94,0,94,157
02/19/2017,AHN,GA,ASO,ES,Federal Contract Tower,0,1,20,0,21,0,1,67,0,68,0,2,87,0,89,72,0,72,161
02/20/2017,AHN,GA,ASO,ES,Federal Contract Tower,0,5,11,0,16,0,4,95,0,99,0,9,106,0,115,118,0,118,233
02/21/2017,AHN,GA,ASO,ES,Federal Contract Tower,0,6,15,0,21,0,0,43,0,43,0,6,58,0,64,68,0,68,132
02/22/2017,AHN,GA,ASO,ES,Federal Contract Tower,0,7,24,1,32,0,0,22,0,22,0,7,46,1,54,26,0,26,80
02/23/2017,AHN,GA,ASO,ES,Federal Contract Tower,0,3,20,0,23,0,4,74,0,78,0,7,94,0,101,130,0,130,231
02/24/2017,AHN,GA,ASO,ES,Federal Contract Tower,0,4,22,0,26,0,5,32,0,37,0,9,54,0,63,2,0,2,65
02/25/2017,AHN,GA,ASO,ES,Federal Contract Tower,0,3,21,0,24,0,7,33,0,40,0,10,54,0,64,8,0,8,72
02/26/2017,AHN,GA,ASO,ES,Federal Contract Tower,0,4,23,0,27,0,7,53,0,60,0,11,76,0,87,38,0,38,125
02/27/2017,AHN,GA,ASO,ES,Federal Contract Tower,0,0,10,4,14,0,1,29,0,30,0,1,39,4,44,60,0,60,104
02/28/2017,AHN,GA,ASO,ES,Federal Contract Tower,0,0,24,5,29,0,2,68,2,72,0,2,92,7,101,82,0,82,183
03/01/2017,AHN,GA,ASO,ES,Federal Contract Tower,0,4,24,0,28,0,2,10,0,12,0,6,34,0,40,6,0,6,46
03/02/2017,AHN,GA,ASO,ES,Federal Contract Tower,0,2,20,0,22,0,0,41,2,43,0,2,61,2,65,64,2,66,131
03/03/2017,AHN,GA,ASO,ES,Federal Contract Tower,0,3,31,2,36,0,3,49,0,52,0,6,80,2,88,40,0,40,128
03/04/2017,AHN,GA,ASO,ES,Federal Contract Tower,0,1,8,0,9,0,6,68,0,74,0,7,76,0,83,38,0,38,121
03/05/2017,AHN,GA,ASO,ES,Federal Contract Tower,0,4,20,0,24,0,8,63,0,71,0,12,83,0,95,26,0,26,121
03/06/2017,AHN,GA,ASO,ES,Federal Contract Tower,0,1,12,6,19,0,2,48,4,54,0,3,60,10,73,48,0,48,121
03/07/2017,AHN,GA,ASO,ES,Federal Contract Tower,0,1,11,2,14,0,2,14,0,16,0,3,25,2,30,18,0,18,48
03/08/2017,AHN,GA,ASO,ES,Federal Contract Tower,0,6,10,0,16,0,2,50,4,56,0,8,60,4,72,12,0,12,84
03/09/2017,AHN,GA,ASO,ES,Federal Contract Tower,0,6,12,0,18,0,10,76,0,86,0,16,88,0,104,34,0,34,138
03/10/2017,AHN,GA,ASO,ES,Federal Contract Tower,0,1,19,2,22,0,4,24,4,32,0,5,43,6,54,16,0,16,70
03/11/2017,AHN,GA,ASO,ES,Federal Contract Tower,0,5,5,0,10,0,2,58,0,60,0,7,63,0,70,32,0,32,102
03/12/2017,AHN,GA,ASO,ES,Federal Contract Tower,0,2,16,0,18,0,0,2,2,4,0,2,18,2,22,1,0,1,23
03/13/2017,AHN,GA,ASO,ES,Federal Contract Tower,0,4,18,0,22,0,0,14,0,14,0,4,32,0,36,0,0,0,36
03/14/2017,AHN,GA,ASO,ES,Federal Contract Tower,0,4,21,0,25,0,1,27,0,28,0,5,48,0,53,40,0,40,93
03/15/2017,AHN,GA,ASO,ES,Federal Contract Tower,0,3,27,3,33,0,1,35,0,36,0,4,62,3,69,16,2,18,87
03/16/2017,AHN,GA,ASO,ES,Federal Contract Tower,0,11,20,0,31,0,7,62,0,69,0,18,82,0,100,60,0,60,160
03/17/2017,AHN,GA,ASO,ES,Federal Contract Tower,0,11,27,2,40,0,4,74,0,78,0,15,101,2,118,38,0,38,156
03/18/2017,AHN,GA,ASO,ES,Federal Contract Tower,0,0,15,6,21,0,0,9,8,17,0,0,24,14,38,0,28,28,66
03/19/2017,AHN,GA,ASO,ES,Federal Contract Tower,0,1,30,4,35,0,3,57,1,61,0,4,87,5,96,48,0,48,144
03/20/2017,AHN,GA,ASO,ES,Federal Contract Tower,0,2,8,0,10,0,6,64,2,72,0,8,72,2,82,124,0,124,206
03/21/2017,AHN,GA,ASO,ES,Federal Contract Tower,0,1,13,0,14,0,8,52,0,60,0,9,65,0,74,34,0,34,108
03/22/2017,AHN,GA,ASO,ES,Federal Contract Tower,0,0,21,0,21,0,0,0,0,0,0,0,21,0,21,34,0,34,55
03/23/2017,AHN,GA,ASO,ES,Federal Contract Tower,0,2,27,2,31,0,3,81,2,86,0,5,108,4,117,44,6,50,167
03/24/2017,AHN,GA,ASO,ES,Federal Contract Tower,0,2,30,0,32,0,2,84,0,86,0,4,114,0,118,40,0,40,158
03/25/2017,AHN,GA,ASO,ES,Federal Contract Tower,0,5,13,11,29,0,0,0,0,0,0,5,13,11,29,34,16,50,79
03/26/2017,AHN,GA,ASO,ES,Federal Contract Tower,0,2,31,13,46,0,0,24,3,27,0,2,55,16,73,18,0,18,91
03/27/2017,AHN,GA,ASO,ES,Federal Contract Tower,0,0,13,0,13,0,0,17,0,17,0,0,30,0,30,40,0,40,70
03/28/2017,AHN,GA,ASO,ES,Federal Contract Tower,0,7,9,0,16,0,2,18,0,20,0,9,27,0,36,12,0,12,48
03/29/2017,AHN,GA,ASO,ES,Federal Contract Tower,0,4,32,0,36,0,11,70,0,81,0,15,102,0,117,30,0,30,147
03/30/2017,AHN,GA,ASO,ES,Federal Contract Tower,0,4,19,2,25,0,5,18,0,23,0,9,37,2,48,14,0,14,62
03/31/2017,AHN,GA,ASO,ES,Federal Contract Tower,0,2,7,3,12,0,1,10,5,16,0,3,17,8,28,0,0,0,28
04/01/2017,AHN,GA,ASO,ES,Federal Contract Tower,0,2,22,0,24,0,5,97,0,102,0,7,119,0,126,68,0,68,194
04/02/2017,AHN,GA,ASO,ES,Federal Contract Tower,0,6,26,3,35,0,6,61,5,72,0,12,87,8,107,24,0,24,131
04/03/2017,AHN,GA,ASO,ES,Federal Contract Tower,0,3,8,0,11,0,0,1,0,1,0,3,9,0,12,0,0,0,12
04/04/2017,AHN,GA,ASO,ES,Federal Contract Tower,0,2,20,2,24,0,3,63,0,66,0,5,83,2,90,18,0,18,108
04/05/2017,AHN,GA,ASO,ES,Federal Contract Tower,0,2,9,0,11,0,0,0,0,0,0,2,9,0,11,0,0,0,11
04/06/2017,AHN,GA,ASO,ES,Federal Contract Tower,0,10,23,0,33,0,1,4,2,7,0,11,27,2,40,0,1,1,41
04/07/2017,AHN,GA,ASO,ES,Federal Contract Tower,0,5,20,1,26,0,4,42,9,55,0,9,62,10,81,20,0,20,101
04/08/2017,AHN,GA,ASO,ES,Federal Contract Tower,0,0,23,0,23,0,10,79,0,89,0,10,102,0,112,14,0,14,126
04/09/2017,AHN,GA,ASO,ES,Federal Contract Tower,0,3,25,0,28,0,2,57,2,61,0,5,82,2,89,4,0,4,93
04/10/2017,AHN,GA,ASO,ES,Federal Contract Tower,0,6,23,0,29,0,5,64,2,71,0,11,87,2,100,30,0,30,130
04/11/2017,AHN,GA,ASO,ES,Federal Contract Tower,0,4,12,0,16,0,3,62,1,66,0,7,74,1,82,54,0,54,136
04/12/2017,AHN,GA,ASO,ES,Federal Contract Tower,0,5,30,3,38,0,7,46,2,55,0,12,76,5,93,22,2,24,117
04/13/2017,AHN,GA,ASO,ES,Federal Contract Tower,0,2,31,0,33,0,7,66,26,99,0,9,97,26,132,16,0,16,148
04/14/2017,AHN,GA,ASO,ES,Federal Contract Tower,0,14,31,2,47,0,6,57,0,63,0,20,88,2,110,8,0,8,118
04/15/2017,AHN,GA,ASO,ES,Federal Contract Tower,0,0,17,0,17,0,4,48,0,52,0,4,65,0,69,24,0,24,93
04/16/2017,AHN,GA,ASO,ES,Federal Contract Tower,0,3,20,0,23,0,3,15,0,18,0,6,35,0,41,0,0,0,41
04/17/2017,AHN,GA,ASO,ES,Federal Contract Tower,0,6,28,0,34,0,2,32,0,34,0,8,60,0,68,22,0,22,90
04/18/2017,AHN,GA,ASO,ES,Federal Contract Tower,0,1,18,0,19,0,0,24,0,24,0,1,42,0,43,8,0,8,51
04/19/2017,AHN,GA,ASO,ES,Federal Contract Tower,0,8,34,0,42,0,0,0,0,0,0,8,34,0,42,0,0,0,42
04/20/2017,AHN,GA,ASO,ES,Federal Contract Tower,0,4,13,0,17,0,8,50,0,58,0,12,63,0,75,0,0,0,75
04/21/2017,AHN,GA,ASO,ES,Federal Contract Tower,0,5,25,1,31,0,4,48,1,53,0,9,73,2,84,10,0,10,94
04/22/2017,AHN,GA,ASO,ES,Federal Contract Tower,0,3,20,0,23,0,1,44,0,45,0,4,64,0,68,32,0,32,100
04/23/2017,AHN,GA,ASO,ES,Federal Contract Tower,0,6,23,0,29,0,0,1,0,1,0,6,24,0,30,0,0,0,30
04/24/2017,AHN,GA,ASO,ES,Federal Contract Tower,0,2,20,0,22,0,0,0,0,0,0,2,20,0,22,0,0,0,22
04/25/2017,AHN,GA,ASO,ES,Federal Contract Tower,0,4,35,6,45,0,0,39,1,40,0,4,74,7,85,12,0,12,97
04/26/2017,AHN,GA,ASO,ES,Federal Contract Tower,0,7,24,0,31,0,1,66,0,67,0,8,90,0,98,18,0,18,116
04/27/2017,AHN,GA,ASO,ES,Federal Contract Tower,0,1,22,0,23,0,0,3,1,4,0,1,25,1,27,0,0,0,27
04/28/2017,AHN,GA,ASO,ES,Federal Contract Tower,0,2,32,2,36,0,1,20,0,21,0,3,52,2,57,36,0,36,93
04/29/2017,AHN,GA,ASO,ES,Federal Contract Tower,0,11,4,0,15,0,2,107,0,109,0,13,111,0,124,28,0,28,152
04/30/2017,AHN,GA,ASO,ES,Federal Contract Tower,0,6,6,0,12,0,2,17,8,27,0,8,23,8,39,6,0,6,45
05/01/2017,AHN,GA,ASO,ES,Federal Contract Tower,0,2,9,0,11,0,0,3,0,3,0,2,12,0,14,6,0,6,20
05/02/2017,AHN,GA,ASO,ES,Federal Contract Tower,0,5,13,4,22,0,4,41,2,47,0,9,54,6,69,22,0,22,91
05/03/2017,AHN,GA,ASO,ES,Federal Contract Tower,0,4,14,1,19,0,3,52,3,58,0,7,66,4,77,22,0,22,99
05/04/2017,AHN,GA,ASO,ES,Federal Contract Tower,0,7,23,0,30,0,0,5,6,11,0,7,28,6,41,0,0,0,41
05/05/2017,AHN,GA,ASO,ES,Federal Contract Tower,0,6,38,2,46,0,0,6,0,6,0,6,44,2,52,6,0,6,58
05/06/2017,AHN,GA,ASO,ES,Federal Contract Tower,0,9,16,0,25,0,1,17,0,18,0,10,33,0,43,0,0,0,43
05/07/2017,AHN,GA,ASO,ES,Federal Contract Tower,0,2,20,1,23,0,2,31,2,35,0,4,51,3,58,8,18,26,84
05/08/2017,AHN,GA,ASO,ES,Federal Contract Tower,0,0,26,0,26,0,1,62,0,63,0,1,88,0,89,16,0,16,105
05/09/2017,AHN,GA,ASO,ES,Federal Contract Tower,0,1,27,1,29,0,2,62,1,65,0,3,89,2,94,72,4,76,170
05/10/2017,AHN,GA,ASO,ES,Federal Contract Tower,0,4,13,0,17,0,2,66,2,70,0,6,79,2,87,18,0,18,105
05/11/2017,AHN,GA,ASO,ES,Federal Contract Tower,0,6,14,0,20,0,0,43,0,43,0,6,57,0,63,26,0,26,89
05/12/2017,AHN,GA,ASO,ES,Federal Contract Tower,0,1,32,0,33,0,4,68,0,72,0,5,100,0,105,60,0,60,165
05/13/2017,AHN,GA,ASO,ES,Federal Contract Tower,0,0,10,0,10,0,0,3,0,3,0,0,13,0,13,0,0,0,13
05/14/2017,AHN,GA,ASO,ES,Federal Contract Tower,0,2,19,0,21,0,2,47,0,49,0,4,66,0,70,10,0,10,80
05/15/2017,AHN,GA,ASO,ES,Federal Contract Tower,0,5,14,4,23,0,0,55,0,55,0,5,69,4,78,2,0,2,80
05/16/2017,AHN,GA,ASO,ES,Federal Contract Tower,0,2,29,0,31,0,3,71,0,74,0,5,100,0,105,38,0,38,143
05/17/2017,AHN,GA,ASO,ES,Federal Contract Tower,0,3,27,2,32,0,2,24,3,29,0,5,51,5,61,4,0,4,65
05/18/2017,AHN,GA,ASO,ES,Federal Contract Tower,0,2,28,0,30,0,0,22,2,24,0,2,50,2,54,6,0,6,60
05/19/2017,AHN,GA,ASO,ES,Federal Contract Tower,0,1,8,8,17,0,4,71,0,75,0,5,79,8,92,24,4,28,120
05/20/2017,AHN,GA,ASO,ES,Federal Contract Tower,0,2,15,0,17,0,2,26,14,42,0,4,41,14,59,10,0,10,69
05/21/2017,AHN,GA,ASO,ES,Federal Contract Tower,0,6,14,0,20,0,0,0,0,0,0,6,14,0,20,0,0,0,20
05/22/2017,AHN,GA,ASO,ES,Federal Contract Tower,0,14,18,0,32,0,0,5,0,5,0,14,23,0,37,2,0,2,39
05/23/2017,AHN,GA,ASO,ES,Federal Contract Tower,0,13,19,0,32,0,0,2,0,2,0,13,21,0,34,0,0,0,34
05/24/2017,AHN,GA,ASO,ES,Federal Contract Tower,0,16,15,0,31,0,1,2,0,3,0,17,17,0,34,0,0,0,34
05/25/2017,AHN,GA,ASO,ES,Federal Contract Tower,0,9,20,0,29,0,0,16,0,16,0,9,36,0,45,6,0,6,51
05/26/2017,AHN,GA,ASO,ES,Federal Contract Tower,0,5,22,0,27,0,3,42,0,45,0,8,64,0,72,4,0,4,76
05/27/2017,AHN,GA,ASO,ES,Federal Contract Tower,0,0,17,0,17,0,0,46,0,46,0,0,63,0,63,10,0,10,73
05/28/2017,AHN,GA,ASO,ES,Federal Contract Tower,0,2,11,0,13,0,2,7,0,9,0,4,18,0,22,6,0,6,28
05/29/2017,AHN,GA,ASO,ES,Federal Contract Tower,0,6,15,0,21,0,0,21,0,21,0,6,36,0,42,2,0,2,44
05/30/2017,AHN,GA,ASO,ES,Federal Contract Tower,0,5,9,0,14,0,2,22,2,26,0,7,31,2,40,10,0,10,50
05/31/2017,AHN,GA,ASO,ES,Federal Contract Tower,0,4,23,0,27,0,1,39,0,40,0,5,62,0,67,22,1,23,90
06/01/2017,AHN,GA,ASO,ES,Federal Contract Tower,0,0,24,0,24,0,3,36,0,39,0,3,60,0,63,38,0,38,101
06/02/2017,AHN,GA,ASO,ES,Federal Contract Tower,0,4,37,0,41,0,0,45,2,47,0,4,82,2,88,52,0,52,140
06/03/2017,AHN,GA,ASO,ES,Federal Contract Tower,0,7,7,0,14,0,2,46,0,48,0,9,53,0,62,22,0,22,84
06/04/2017,AHN,GA,ASO,ES,Federal Contract Tower,0,0,13,0,13,0,2,7,0,9,0,2,20,0,22,18,0,18,40
06/05/2017,AHN,GA,ASO,ES,Federal Contract Tower,0,4,8,0,12,0,0,2,0,2,0,4,10,0,14,0,0,0,14
06/06/2017,AHN,GA,ASO,ES,Federal Contract Tower,0,0,22,0,22,0,2,13,2,17,0,2,35,2,39,0,0,0,39
06/07/2017,AHN,GA,ASO,ES,Federal Contract Tower,0,7,18,0,25,0,2,38,1,41,0,9,56,1,66,18,4,22,88
06/08/2017,AHN,GA,ASO,ES,Federal Contract Tower,0,0,14,0,14,0,2,34,0,36,0,2,48,0,50,10,0,10,60
06/09/2017,AHN,GA,ASO,ES,Federal Contract Tower,0,3,16,0,19,0,4,65,0,69,0,7,81,0,88,34,0,34,122
06/10/2017,AHN,GA,ASO,ES,Federal Contract Tower,0,2,7,0,9,0,2,28,0,30,0,4,35,0,39,38,0,38,77
06/11/2017,AHN,GA,ASO,ES,Federal Contract Tower,0,2,16,0,18,0,2,12,0,14,0,4,28,0,32,8,0,8,40
06/12/2017,AHN,GA,ASO,ES,Federal Contract Tower,0,0,21,0,21,0,0,19,2,21,0,0,40,2,42,26,0,26,68
06/13/2017,AHN,GA,ASO,ES,Federal Contract Tower,0,7,25,4,36,0,3,35,0,38,0,10,60,4,74,34,0,34,108
06/14/2017,AHN,GA,ASO,ES,Federal Contract Tower,0,2,27,2,31,0,3,50,2,55,0,5,77,4,86,50,0,50,136
06/15/2017,AHN,GA,ASO,ES,Federal Contract Tower,0,0,15,2,17,0,2,36,3,41,0,2,51,5,58,30,0,30,88
06/16/2017,AHN,GA,ASO,ES,Federal Contract Tower,0,4,20,1,25,0,0,12,0,12,0,4,32,1,37,8,0,8,45
06/17/2017,AHN,GA,ASO,ES,Federal Contract Tower,0,2,13,0,15,0,2,26,0,28,0,4,39,0,43,36,0,36,79
06/18/2017,AHN,GA,ASO,ES,Federal Contract Tower,0,0,18,0,18,0,0,14,0,14,0,0,32,0,32,0,0,0,32
06/19/2017,AHN,GA,ASO,ES,Federal Contract Tower,0,2,10,0,12,0,4,19,0,23,0,6,29,0,35,6,0,6,41
06/20/2017,AHN,GA,ASO,ES,Federal Contract Tower,0,2,14,0,16,0,0,0,0,0,0,2,14,0,16,0,0,0,16
06/21/2017,AHN,GA,ASO,ES,Federal Contract Tower,0,2,32,0,34,0,0,3,0,3,0,2,35,0,37,0,0,0,37
06/22/2017,AHN,GA,ASO,ES,Federal Contract Tower,0,0,14,0,14,0,0,6,0,6,0,0,20,0,20,0,0,0,20
06/23/2017,AHN,GA,ASO,ES,Federal Contract Tower,0,4,22,7,33,0,0,45,2,47,0,4,67,9,80,14,0,14,94
06/24/2017,AHN,GA,ASO,ES,Federal Contract Tower,0,3,14,0,17,0,0,2,0,2,0,3,16,0,19,2,0,2,21
06/25/2017,AHN,GA,ASO,ES,Federal Contract Tower,0,1,16,0,17,0,3,57,0,60,0,4,73,0,77,10,0,10,87
06/26/2017,AHN,GA,ASO,ES,Federal Contract Tower,0,2,10,0,12,0,2,33,0,35,0,4,43,0,47,18,0,18,65
06/27/2017,AHN,GA,ASO,ES,Federal Contract Tower,0,1,20,1,22,0,0,72,0,72,0,1,92,1,94,94,0,94,188
06/28/2017,AHN,GA,ASO,ES,Federal Contract Tower,0,2,15,2,19,0,1,87,0,88,0,3,102,2,107,54,0,54,161
06/29/2017,AHN,GA,ASO,ES,Federal Contract Tower,0,0,16,0,16,0,0,15,2,17,0,0,31,2,33,28,0,28,61
06/30/2017,AHN,GA,ASO,ES,Federal Contract Tower,0,4,4,0,8,0,0,0,0,0,0,4,4,0,8,0,0,0,8
07/01/2017,AHN,GA,ASO,ES,Federal Contract Tower,0,4,19,0,23,0,0,6,0,6,0,4,25,0,29,14,0,14,43
07/02/2017,AHN,GA,ASO,ES,Federal Contract Tower,0,2,12,0,14,0,0,8,0,8,0,2,20,0,22,0,0,0,22
07/03/2017,AHN,GA,ASO,ES,Federal Contract Tower,0,0,11,0,11,0,0,9,0,9,0,0,20,0,20,16,0,16,36
07/04/2017,AHN,GA,ASO,ES,Federal Contract Tower,0,2,9,0,11,0,0,11,0,11,0,2,20,0,22,14,0,14,36
07/05/2017,AHN,GA,ASO,ES,Federal Contract Tower,0,2,18,0,20,0,0,35,0,35,0,2,53,0,55,24,0,24,79
07/06/2017,AHN,GA,ASO,ES,Federal Contract Tower,0,0,7,2,9,0,4,52,0,56,0,4,59,2,65,52,0,52,117
07/07/2017,AHN,GA,ASO,ES,Federal Contract Tower,0,1,13,2,16,0,0,32,0,32,0,1,45,2,48,20,0,20,68
07/08/2017,AHN,GA,ASO,ES,Federal Contract Tower,0,0,12,0,12,0,0,47,0,47,0,0,59,0,59,30,0,30,89
07/09/2017,AHN,GA,ASO,ES,Federal Contract Tower,0,5,7,8,20,0,2,62,0,64,0,7,69,8,84,10,0,10,94
07/10/2017,AHN,GA,ASO,ES,Federal Contract Tower,0,2,13,3,18,0,0,21,1,22,0,2,34,4,40,10,0,10,50
07/11/2017,AHN,GA,ASO,ES,Federal Contract Tower,0,3,14,0,17,0,0,34,0,34,0,3,48,0,51,18,0,18,69
07/12/2017,AHN,GA,ASO,ES,Federal Contract Tower,0,4,18,0,22,0,4,51,0,55,0,8,69,0,77,50,0,50,127
07/13/2017,AHN,GA,ASO,ES,Federal Contract Tower,0,2,15,2,19,0,1,66,0,67,0,3,81,2,86,30,0,30,116
07/14/2017,AHN,GA,ASO,ES,Federal Contract Tower,0,3,18,0,21,0,0,46,0,46,0,3,64,0,67,36,0,36,103
07/15/2017,AHN,GA,ASO,ES,Federal Contract Tower,0,0,13,0,13,0,0,30,12,42,0,0,43,12,55,26,0,26,81
07/16/2017,AHN,GA,ASO,ES,Federal Contract Tower,0,2,19,6,27,0,0,14,4,18,0,2,33,10,45,16,0,16,61
07/17/2017,AHN,GA,ASO,ES,Federal Contract Tower,0,3,11,1,15,0,1,17,0,18,0,4,28,1,33,0,0,0,33
07/18/2017,AHN,GA,ASO,ES,Federal Contract Tower,0,2,19,5,26,0,1,35,1,37,0,3,54,6,63,42,0,42,105
07/19/2017,AHN,GA,ASO,ES,Federal Contract Tower,0,2,25,0,27,0,3,58,2,63,0,5,83,2,90,22,0,22,112
07/20/2017,AHN,GA,ASO,ES,Federal Contract Tower,0,1,21,0,22,0,6,70,3,79,0,7,91,3,101,58,0,58,159
07/21/2017,AHN,GA,ASO,ES,Federal Contract Tower,0,0,14,5,19,0,0,40,9,49,0,0,54,14,68,20,0,20,88
07/22/2017,AHN,GA,ASO,ES,Federal Contract Tower,0,1,14,0,15,0,1,31,0,32,0,2,45,0,47,26,0,26,73
07/23/2017,AHN,GA,ASO,ES,Federal Contract Tower,0,3,16,1,20,0,0,18,9,27,0,3,34,10,47,0,0,0,47
07/24/2017,AHN,GA,ASO,ES,Federal Contract Tower,0,0,9,0,9,0,0,18,0,18,0,0,27,0,27,8,0,8,35
07/25/2017,AHN,GA,ASO,ES,Federal Contract Tower,0,3,11,0,14,0,2,28,2,32,0,5,39,2,46,4,0,4,50
07/26/2017,AHN,GA,ASO,ES,Federal Contract Tower,0,0,21,0,21,0,2,22,0,24,0,2,43,0,45,36,0,36,81
07/27/2017,AHN,GA,ASO,ES,Federal Contract Tower,0,2,24,0,26,0,2,20,0,22,0,4,44,0,48,34,0,34,82
07/28/2017,AHN,GA,ASO,ES,Federal Contract Tower,0,0,21,0,21,0,0,13,0,13,0,0,34,0,34,6,0,6,40
07/29/2017,AHN,GA,ASO,ES,Federal Contract Tower,0,4,8,0,12,0,9,24,0,33,0,13,32,0,45,26,0,26,71
07/30/2017,AHN,GA,ASO,ES,Federal Contract Tower,0,0,11,0,11,0,4,29,0,33,0,4,40,0,44,2,0,2,46
07/31/2017,AHN,GA,ASO,ES,Federal Contract Tower,0,0,14,2,16,0,6,28,0,34,0,6,42,2,50,44,0,44,94
08/01/2017,AHN,GA,ASO,ES,Federal Contract Tower,0,1,21,1,23,0,1,48,0,49,0,2,69,1,72,10,0,10,82
08/02/2017,AHN,GA,ASO,ES,Federal Contract Tower,0,0,11,0,11,0,5,33,1,39,0,5,44,1,50,10,0,10,60
08/03/2017,AHN,GA,ASO,ES,Federal Contract Tower,0,6,14,0,20,0,2,34,0,36,0,8,48,0,56,10,0,10,66
08/04/2017,AHN,GA,ASO,ES,Federal Contract Tower,0,3,18,2,23,0,5,16,0,21,0,8,34,2,44,8,0,8,52
08/05/2017,AHN,GA,ASO,ES,Federal Contract Tower,0,5,15,0,20,0,2,45,0,47,0,7,60,0,67,14,0,14,81
08/06/2017,AHN,GA,ASO,ES,Federal Contract Tower,0,2,19,0,21,0,0,24,5,29,0,2,43,5,50,18,0,18,68
08/07/2017,AHN,GA,ASO,ES,Federal Contract Tower,0,3,21,0,24,0,0,6,0,6,0,3,27,0,30,18,0,18,48
08/08/2017,AHN,GA,ASO,ES,Federal Contract Tower,0,2,20,0,22,0,0,0,2,2,0,2,20,2,24,0,0,0,24
08/09/2017,AHN,GA,ASO,ES,Federal Contract Tower,0,9,16,0,25,0,0,1,0,1,0,9,17,0,26,0,0,0,26
08/10/2017,AHN,GA,ASO,ES,Federal Contract Tower,0,1,14,0,15,0,0,4,0,4,0,1,18,0,19,24,0,24,43
08/11/2017,AHN,GA,ASO,ES,Federal Contract Tower,0,2,19,2,23,0,0,16,0,16,0,2,35,2,39,20,0,20,59
08/12/2017,AHN,GA,ASO,ES,Federal Contract Tower,0,1,17,0,18,0,1,27,0,28,0,2,44,0,46,22,0,22,68
08/13/2017,AHN,GA,ASO,ES,Federal Contract Tower,0,1,15,4,20,0,0,23,0,23,0,1,38,4,43,10,0,10,53
08/14/2017,AHN,GA,ASO,ES,Federal Contract Tower,0,2,13,2,17,0,0,6,0,6,0,2,19,2,23,0,0,0,23
08/15/2017,AHN,GA,ASO,ES,Federal Contract Tower,0,10,10,2,22,0,4,58,0,62,0,14,68,2,84,10,0,10,94
08/16/2017,AHN,GA,ASO,ES,Federal Contract Tower,0,1,18,0,19,0,1,58,0,59,0,2,76,0,78,34,0,34,112
08/17/2017,AHN,GA,ASO,ES,Federal Contract Tower,0,3,30,8,41,0,0,29,0,29,0,3,59,8,70,40,14,54,124
08/18/2017,AHN,GA,ASO,ES,Federal Contract Tower,0,1,19,0,20,0,6,50,0,56,0,7,69,0,76,16,0,16,92
08/19/2017,AHN,GA,ASO,ES,Federal Contract Tower,0,3,21,0,24,0,6,64,0,70,0,9,85,0,94,44,0,44,138
08/20/2017,AHN,GA,ASO,ES,Federal Contract Tower,0,2,13,4,19,0,3,37,0,40,0,5,50,4,59,12,0,12,71
08/21/2017,AHN,GA,ASO,ES,Federal Contract Tower,0,1,20,5,26,0,0,70,8,78,0,1,90,13,104,60,0,60,164
08/22/2017,AHN,GA,ASO,ES,Federal Contract Tower,0,1,23,0,24,0,5,58,0,63,0,6,81,0,87,60,0,60,147
08/23/2017,AHN,GA,ASO,ES,Federal Contract Tower,0,3,13,2,18,0,6,57,0,63,0,9,70,2,81,10,0,10,91
08/24/2017,AHN,GA,ASO,ES,Federal Contract Tower,0,1,9,4,14,0,7,58,0,65,0,8,67,4,79,30,0,30,109
08/25/2017,AHN,GA,ASO,ES,Federal Contract Tower,0,6,24,2,32,0,0,44,2,46,0,6,68,4,78,36,0,36,114
08/26/2017,AHN,GA,ASO,ES,Federal Contract Tower,0,0,23,1,24,0,1,30,0,31,0,1,53,1,55,30,0,30,85
08/27/2017,AHN,GA,ASO,ES,Federal Contract Tower,0,0,15,1,16,0,0,21,0,21,0,0,36,1,37,0,2,2,39
08/28/2017,AHN,GA,ASO,ES,Federal Contract Tower,0,1,10,0,11,0,3,40,1,44,0,4,50,1,55,16,0,16,71
08/29/2017,AHN,GA,ASO,ES,Federal Contract Tower,0,19,2,0,21,0,3,64,0,67,0,22,66,0,88,52,0,52,140
08/30/2017,AHN,GA,ASO,ES,Federal Contract Tower,0,0,13,2,15,0,2,37,12,51,0,2,50,14,66,72,0,72,138
08/31/2017,AHN,GA,ASO,ES,Federal Contract Tower,0,0,19,0,19,0,0,3,0,3,0,0,22,0,22,0,0,0,22
09/01/2017,AHN,GA,ASO,ES,Federal Contract Tower,0,3,14,0,17,0,1,9,0,10,0,4,23,0,27,0,0,0,27
09/02/2017,AHN,GA,ASO,ES,Federal Contract Tower,0,2,29,0,31,0,0,77,0,77,0,2,106,0,108,8,0,8,116
09/03/2017,AHN,GA,ASO,ES,Federal Contract Tower,0,2,20,0,22,0,2,67,0,69,0,4,87,0,91,46,0,46,137
09/04/2017,AHN,GA,ASO,ES,Federal Contract Tower,0,0,19,0,19,0,0,46,0,46,0,0,65,0,65,14,0,14,79
09/05/2017,AHN,GA,ASO,ES,Federal Contract Tower,0,0,13,0,13,0,3,71,0,74,0,3,84,0,87,56,0,56,143
09/06/2017,AHN,GA,ASO,ES,Federal Contract Tower,0,2,13,0,15,0,2,28,0,30,0,4,41,0,45,80,0,80,125
09/07/2017,AHN,GA,ASO,ES,Federal Contract Tower,2,4,28,0,34,0,0,80,2,82,2,4,108,2,116,42,0,42,158
09/08/2017,AHN,GA,ASO,ES,Federal Contract Tower,5,12,32,0,49,0,9,71,0,80,5,21,103,0,129,50,0,50,179
09/09/2017,AHN,GA,ASO,ES,Federal Contract Tower,0,0,10,0,10,0,2,27,0,29,0,2,37,0,39,38,0,38,77
09/10/2017,AHN,GA,ASO,ES,Federal Contract Tower,0,16,33,0,49,0,0,6,0,6,0,16,39,0,55,2,0,2,57
09/11/2017,AHN,GA,ASO,ES,Federal Contract Tower,0,0,2,0,2,0,0,0,0,0,0,0,2,0,2,0,0,0,2
09/12/2017,AHN,GA,ASO,ES,Federal Contract Tower,0,14,9,0,23,0,2,5,0,7,0,16,14,0,30,0,0,0,30
09/13/2017,AHN,GA,ASO,ES,Federal Contract Tower,0,7,10,4,21,0,0,63,0,63,0,7,73,4,84,70,4,74,158
09/14/2017,AHN,GA,ASO,ES,Federal Contract Tower,0,4,19,5,28,0,4,54,4,62,0,8,73,9,90,60,0,60,150
09/15/2017,AHN,GA,ASO,ES,Federal Contract Tower,0,4,42,28,74,0,5,75,0,80,0,9,117,28,154,52,0,52,206
09/16/2017,AHN,GA,ASO,ES,Federal Contract Tower,0,4,22,0,26,0,4,65,0,69,0,8,87,0,95,88,0,88,183
09/17/2017,AHN,GA,ASO,ES,Federal Contract Tower,0,2,37,17,56,0,0,69,0,69,0,2,106,17,125,44,0,44,169
09/18/2017,AHN,GA,ASO,ES,Federal Contract Tower,0,1,10,2,13,0,8,41,0,49,0,9,51,2,62,22,0,22,84
09/19/2017,AHN,GA,ASO,ES,Federal Contract Tower,0,0,27,0,27,0,7,70,2,79,0,7,97,2,106,42,0,42,148
09/20/2017,AHN,GA,ASO,ES,Federal Contract Tower,0,2,14,0,16,0,2,50,0,52,0,4,64,0,68,18,0,18,86
09/21/2017,AHN,GA,ASO,ES,Federal Contract Tower,0,2,23,0,25,0,4,58,0,62,0,6,81,0,87,64,0,64,151
09/22/2017,AHN,GA,ASO,ES,Federal Contract Tower,1,7,38,0,46,0,2,43,0,45,1,9,81,0,91,10,0,10,101
09/23/2017,AHN,GA,ASO,ES,Federal Contract Tower,0,12,70,0,82,0,5,62,0,67,0,17,132,0,149,52,0,52,201
09/24/2017,AHN,GA,ASO,ES,Federal Contract Tower,0,10,49,7,66,0,2,53,1,56,0,12,102,8,122,0,0,0,122
09/25/2017,AHN,GA,ASO,ES,Federal Contract Tower,0,1,11,0,12,0,6,65,2,73,0,7,76,2,85,44,0,44,129
09/26/2017,AHN,GA,ASO,ES,Federal Contract Tower,0,2,21,1,24,0,5,50,3,58,0,7,71,4,82,44,0,44,126
09/27/2017,AHN,GA,ASO,ES,Federal Contract Tower,0,5,19,0,24,0,3,65,0,68,0,8,84,0,92,82,0,82,174
09/28/2017,AHN,GA,ASO,ES,Federal Contract Tower,0,3,17,2,22,0,10,70,2,82,0,13,87,4,104,52,0,52,156
09/29/2017,AHN,GA,ASO,ES,Federal Contract Tower,4,4,24,0,32,0,4,80,0,84,4,8,104,0,116,50,0,50,166
09/30/2017,AHN,GA,ASO,ES,Federal Contract Tower,0,2,21,12,35,0,2,76,3,81,0,4,97,15,116,22,36,58,174
10/01/2017,AHN,GA,ASO,ES,Federal Contract Tower,0,3,19,6,28,0,2,22,0,24,0,5,41,6,52,8,0,8,60
10/02/2017,AHN,GA,ASO,ES,Federal Contract Tower,0,2,7,0,9,0,2,59,0,61,0,4,66,0,70,32,0,32,102
10/03/2017,AHN,GA,ASO,ES,Federal Contract Tower,0,2,15,2,19,0,5,52,0,57,0,7,67,2,76,80,0,80,156
10/04/2017,AHN,GA,ASO,ES,Federal Contract Tower,0,3,24,1,28,0,4,61,1,66,0,7,85,2,94,30,0,30,124
10/05/2017,AHN,GA,ASO,ES,Federal Contract Tower,0,6,16,2,24,0,7,125,0,132,0,13,141,2,156,78,0,78,234
10/06/2017,AHN,GA,ASO,ES,Federal Contract Tower,4,2,30,0,36,0,2,112,0,114,4,4,142,0,150,36,0,36,186
10/07/2017,AHN,GA,ASO,ES,Federal Contract Tower,6,8,19,0,33,0,0,8,0,8,6,8,27,0,41,0,0,0,41
10/08/2017,AHN,GA,ASO,ES,Federal Contract Tower,0,10,16,0,26,0,0,0,0,0,0,10,16,0,26,0,0,0,26
10/09/2017,AHN,GA,ASO,ES,Federal Contract Tower,0,2,25,0,27,0,0,0,0,0,0,2,25,0,27,10,0,10,37
10/10/2017,AHN,GA,ASO,ES,Federal Contract Tower,0,2,23,0,25,0,0,9,0,9,0,2,32,0,34,0,0,0,34
10/11/2017,AHN,GA,ASO,ES,Federal Contract Tower,0,3,13,2,18,0,0,53,2,55,0,3,66,4,73,42,0,42,115
10/12/2017,AHN,GA,ASO,ES,Federal Contract Tower,0,6,23,1,30,0,2,60,0,62,0,8,83,1,92,66,0,66,158
10/13/2017,AHN,GA,ASO,ES,Federal Contract Tower,0,9,41,4,54,0,1,14,2,17,0,10,55,6,71,12,0,12,83
10/14/2017,AHN,GA,ASO,ES,Federal Contract Tower,1,9,74,0,84,0,3,52,0,55,1,12,126,0,139,26,0,26,165
10/15/2017,AHN,GA,ASO,ES,Federal Contract Tower,0,10,61,0,71,0,0,8,0,8,0,10,69,0,79,4,0,4,83
10/16/2017,AHN,GA,ASO,ES,Federal Contract Tower,0,4,25,0,29,0,0,29,0,29,0,4,54,0,58,38,0,38,96
10/17/2017,AHN,GA,ASO,ES,Federal Contract Tower,0,6,9,2,17,0,3,106,3,112,0,9,115,5,129,56,6,62,191
10/18/2017,AHN,GA,ASO,ES,Federal Contract Tower,0,1,17,2,20,0,4,87,13,104,0,5,104,15,124,16,0,16,140
10/19/2017,AHN,GA,ASO,ES,Federal Contract Tower,0,6,34,2,42,0,4,60,0,64,0,10,94,2,106,58,0,58,164
10/20/2017,AHN,GA,ASO,ES,Federal Contract Tower,0,7,9,19,35,0,10,103,5,118,0,17,112,24,153,65,0,65,218
10/21/2017,AHN,GA,ASO,ES,Federal Contract Tower,0,0,7,5,12,0,2,87,1,90,0,2,94,6,102,34,0,34,136
10/22/2017,AHN,GA,ASO,ES,Federal Contract Tower,0,0,22,3,25,0,1,29,4,34,0,1,51,7,59,40,0,40,99
10/23/2017,AHN,GA,ASO,ES,Federal Contract Tower,0,1,5,0,6,0,2,1,0,3,0,3,6,0,9,0,0,0,9
10/24/2017,AHN,GA,ASO,ES,Federal Contract Tower,0,3,15,6,24,0,3,37,0,40,0,6,52,6,64,30,0,30,94
10/25/2017,AHN,GA,ASO,ES,Federal Contract Tower,0,7,27,0,34,0,2,43,0,45,0,9,70,0,79,52,0,52,131
10/26/2017,AHN,GA,ASO,ES,Federal Contract Tower,0,8,35,0,43,0,2,61,0,63,0,10,96,0,106,80,0,80,186
10/27/2017,AHN,GA,ASO,ES,Federal Contract Tower,4,3,27,0,34,0,3,78,0,81,4,6,105,0,115,118,0,118,233
10/28/2017,AHN,GA,ASO,ES,Federal Contract Tower,0,4,14,0,18,0,0,27,0,27,0,4,41,0,45,120,0,120,165
10/29/2017,AHN,GA,ASO,ES,Federal Contract Tower,0,7,23,0,30,0,2,4,0,6,0,9,27,0,36,0,0,0,36
10/30/2017,AHN,GA,ASO,ES,Federal Contract Tower,0,4,14,0,18,0,4,52,0,56,0,8,66,0,74,24,0,24,98
10/31/2017,AHN,GA,ASO,ES,Federal Contract Tower,0,2,13,0,15,0,5,62,0,67,0,7,75,0,82,56,0,56,138
11/01/2017,AHN,GA,ASO,ES,Federal Contract Tower,0,3,16,0,19,0,0,51,4,55,0,3,67,4,74,2,0,2,76
11/02/2017,AHN,GA,ASO,ES,Federal Contract Tower,0,2,24,10,36,0,3,53,4,60,0,5,77,14,96,48,2,50,146
11/03/2017,AHN,GA,ASO,ES,Federal Contract Tower,0,12,45,9,66,0,2,87,0,89,0,14,132,9,155,44,8,52,207
11/04/2017,AHN,GA,ASO,ES,Federal Contract Tower,0,16,72,0,88,0,1,27,6,34,0,17,99,6,122,94,2,96,218
11/05/2017,AHN,GA,ASO,ES,Federal Contract Tower,0,11,44,0,55,0,0,31,0,31,0,11,75,0,86,32,0,32,118
11/06/2017,AHN,GA,ASO,ES,Federal Contract Tower,0,2,11,0,13,0,4,24,0,28,0,6,35,0,41,48,0,48,89
11/07/2017,AHN,GA,ASO,ES,Federal Contract Tower,0,4,44,0,48,0,0,19,0,19,0,4,63,0,67,72,0,72,139
11/08/2017,AHN,GA,ASO,ES,Federal Contract Tower,0,2,8,0,10,0,0,16,0,16,0,2,24,0,26,0,0,0,26
11/09/2017,AHN,GA,ASO,ES,Federal Contract Tower,0,1,23,0,24,0,0,0,0,0,0,1,23,0,24,0,0,0,24
11/10/2017,AHN,GA,ASO,ES,Federal Contract Tower,4,3,21,4,32,0,2,68,0,70,4,5,89,4,102,20,0,20,122
11/11/2017,AHN,GA,ASO,ES,Federal Contract Tower,0,0,18,0,18,0,0,30,0,30,0,0,48,0,48,0,0,0,48
11/12/2017,AHN,GA,ASO,ES,Federal Contract Tower,0,8,13,0,21,0,0,0,0,0,0,8,13,0,21,0,0,0,21
11/13/2017,AHN,GA,ASO,ES,Federal Contract Tower,0,4,23,2,29,0,3,40,2,45,0,7,63,4,74,33,0,33,107
11/14/2017,AHN,GA,ASO,ES,Federal Contract Tower,0,3,31,0,34,0,2,50,0,52,0,5,81,0,86,66,0,66,152
11/15/2017,AHN,GA,ASO,ES,Federal Contract Tower,0,7,29,2,38,0,2,62,0,64,0,9,91,2,102,76,10,86,188
11/16/2017,AHN,GA,ASO,ES,Federal Contract Tower,0,4,33,0,37,0,9,68,0,77,0,13,101,0,114,68,0,68,182
11/17/2017,AHN,GA,ASO,ES,Federal Contract Tower,0,6,31,8,45,0,4,66,0,70,0,10,97,8,115,16,0,16,131
11/18/2017,AHN,GA,ASO,ES,Federal Contract Tower,4,10,79,0,93,1,2,108,0,111,5,12,187,0,204,26,0,26,230
11/19/2017,AHN,GA,ASO,ES,Federal Contract Tower,0,5,50,2,57,0,0,35,2,37,0,5,85,4,94,14,0,14,108
11/20/2017,AHN,GA,ASO,ES,Federal Contract Tower,0,1,28,2,31,0,3,37,0,40,0,4,65,2,71,14,0,14,85
11/21/2017,AHN,GA,ASO,ES,Federal Contract Tower,0,3,2,2,7,0,4,44,0,48,0,7,46,2,55,100,0,100,155
11/22/2017,AHN,GA,ASO,ES,Federal Contract Tower,0,2,20,0,22,0,2,44,0,46,0,4,64,0,68,64,0,64,132
11/24/2017,AHN,GA,ASO,ES,Federal Contract Tower,0,2,25,0,27,0,4,67,0,71,0,6,92,0,98,48,0,48,146
11/25/2017,AHN,GA,ASO,ES,Federal Contract Tower,0,4,15,0,19,0,1,39,0,40,0,5,54,0,59,11,0,11,70
11/26/2017,AHN,GA,ASO,ES,Federal Contract Tower,0,6,32,0,38,0,3,32,2,37,0,9,64,2,75,0,0,0,75
11/27/2017,AHN,GA,ASO,ES,Federal Contract Tower,0,2,16,0,18,0,5,51,0,56,0,7,67,0,74,22,0,22,96
11/28/2017,AHN,GA,ASO,ES,Federal Contract Tower,0,0,12,0,12,0,2,49,0,51,0,2,61,0,63,47,0,47,110
11/29/2017,AHN,GA,ASO,ES,Federal Contract Tower,0,1,15,2,18,0,2,31,0,33,0,3,46,2,51,40,0,40,91
11/30/2017,AHN,GA,ASO,ES,Federal Contract Tower,0,7,16,1,24,0,0,26,1,27,0,7,42,2,51,46,0,46,97
12/01/2017,AHN,GA,ASO,ES,Federal Contract Tower,0,2,22,2,26,0,2,15,5,22,0,4,37,7,48,66,0,66,114
12/02/2017,AHN,GA,ASO,ES,Federal Contract Tower,0,2,11,1,14,0,0,10,0,10,0,2,21,1,24,0,0,0,24
12/03/2017,AHN,GA,ASO,ES,Federal Contract Tower,0,2,23,9,34,0,3,28,3,34,0,5,51,12,68,0,0,0,68
12/04/2017,AHN,GA,ASO,ES,Federal Contract Tower,0,2,14,2,18,0,6,48,1,55,0,8,62,3,73,66,0,66,139
12/05/2017,AHN,GA,ASO,ES,Federal Contract Tower,0,4,22,2,28,0,1,14,0,15,0,5,36,2,43,0,0,0,43
12/06/2017,AHN,GA,ASO,ES,Federal Contract Tower,0,1,19,2,22,0,2,13,0,15,0,3,32,2,37,7,2,9,46
12/07/2017,AHN,GA,ASO,ES,Federal Contract Tower,0,2,18,0,20,0,0,31,0,31,0,2,49,0,51,96,0,96,147
12/08/2017,AHN,GA,ASO,ES,Federal Contract Tower,0,2,13,0,15,0,0,0,0,0,0,2,13,0,15,0,0,0,15
12/09/2017,AHN,GA,ASO,ES,Federal Contract Tower,0,4,4,0,8,0,0,5,0,5,0,4,9,0,13,12,0,12,25
12/10/2017,AHN,GA,ASO,ES,Federal Contract Tower,0,6,19,0,25,0,3,36,0,39,0,9,55,0,64,10,0,10,74
12/11/2017,AHN,GA,ASO,ES,Federal Contract Tower,0,1,10,0,11,0,2,63,2,67,0,3,73,2,78,56,10,66,144
12/12/2017,AHN,GA,ASO,ES,Federal Contract Tower,0,6,12,3,21,0,1,23,0,24,0,7,35,3,45,0,0,0,45
12/13/2017,AHN,GA,ASO,ES,Federal Contract Tower,0,2,17,0,19,0,1,40,0,41,0,3,57,0,60,64,4,68,128
12/14/2017,AHN,GA,ASO,ES,Federal Contract Tower,0,10,9,0,19,0,4,57,4,65,0,14,66,4,84,62,3,65,149
12/15/2017,AHN,GA,ASO,ES,Federal Contract Tower,0,5,18,0,23,0,0,33,0,33,0,5,51,0,56,10,0,10,66
12/16/2017,AHN,GA,ASO,ES,Federal Contract Tower,0,0,6,0,6,0,0,45,0,45,0,0,51,0,51,45,0,45,96
12/17/2017,AHN,GA,ASO,ES,Federal Contract Tower,0,0,19,0,19,0,0,19,0,19,0,0,38,0,38,38,0,38,76
12/18/2017,AHN,GA,ASO,ES,Federal Contract Tower,0,1,12,0,13,0,0,0,0,0,0,1,12,0,13,53,0,53,66
12/19/2017,AHN,GA,ASO,ES,Federal Contract Tower,0,2,20,6,28,0,0,0,0,0,0,2,20,6,28,27,5,32,60
12/20/2017,AHN,GA,ASO,ES,Federal Contract Tower,0,2,14,0,16,0,0,2,0,2,0,2,16,0,18,8,0,8,26
12/21/2017,AHN,GA,ASO,ES,Federal Contract Tower,0,2,13,0,15,0,0,1,0,1,0,2,14,0,16,2,0,2,18
12/22/2017,AHN,GA,ASO,ES,Federal Contract Tower,0,9,18,0,27,0,2,1,0,3,0,11,19,0,30,0,0,0,30
12/23/2017,AHN,GA,ASO,ES,Federal Contract Tower,0,0,9,0,9,0,0,0,0,0,0,0,9,0,9,0,0,0,9
12/24/2017,AHN,GA,ASO,ES,Federal Contract Tower,0,0,6,0,6,0,0,2,0,2,0,0,8,0,8,0,0,0,8
12/25/2017,AHN,GA,ASO,ES,Federal Contract Tower,0,0,2,0,2,0,0,5,0,5,0,0,7,0,7,8,0,8,15
12/26/2017,AHN,GA,ASO,ES,Federal Contract Tower,0,2,20,0,22,0,0,74,0,74,0,2,94,0,96,52,0,52,148
12/27/2017,AHN,GA,ASO,ES,Federal Contract Tower,0,1,12,0,13,0,0,15,0,15,0,1,27,0,28,48,0,48,76
12/28/2017,AHN,GA,ASO,ES,Federal Contract Tower,0,2,21,0,23,0,1,47,0,48,0,3,68,0,71,40,0,40,111
12/29/2017,AHN,GA,ASO,ES,Federal Contract Tower,0,1,9,0,10,0,1,96,0,97,0,2,105,0,107,48,0,48,155
12/30/2017,AHN,GA,ASO,ES,Federal Contract Tower,0,6,17,0,23,0,3,59,0,62,0,9,76,0,85,56,0,56,141
12/31/2017,AHN,GA,ASO,ES,Federal Contract Tower,0,0,6,0,6,0,2,14,0,16,0,2,20,0,22,28,0,28,50
01/01/2018,AHN,GA,ASO,ES,Federal Contract Tower,0,1,10,0,11,0,0,0,0,0,0,1,10,0,11,0,0,0,11
01/02/2018,AHN,GA,ASO,ES,Federal Contract Tower,0,13,15,0,28,0,1,16,0,17,0,14,31,0,45,4,0,4,49
01/03/2018,AHN,GA,ASO,ES,Federal Contract Tower,0,2,11,0,13,0,0,26,0,26,0,2,37,0,39,17,0,17,56
01/04/2018,AHN,GA,ASO,ES,Federal Contract Tower,0,2,15,0,17,0,6,21,0,27,0,8,36,0,44,0,0,0,44
01/05/2018,AHN,GA,ASO,ES,Federal Contract Tower,0,5,14,18,37,0,1,40,0,41,0,6,54,18,78,34,2,36,114
01/06/2018,AHN,GA,ASO,ES,Federal Contract Tower,0,2,6,17,25,0,1,38,0,39,0,3,44,17,64,35,0,35,99
01/07/2018,AHN,GA,ASO,ES,Federal Contract Tower,0,4,10,0,14,0,8,88,0,96,0,12,98,0,110,92,0,92,202
01/08/2018,AHN,GA,ASO,ES,Federal Contract Tower,0,0,0,0,0,0,0,8,0,8,0,0,8,0,8,10,0,10,18
01/09/2018,AHN,GA,ASO,ES,Federal Contract Tower,0,5,14,0,19,0,0,20,0,20,0,5,34,0,39,67,6,73,112
01/10/2018,AHN,GA,ASO,ES,Federal Contract Tower,0,3,21,0,24,0,0,43,0,43,0,3,64,0,67,99,8,107,174
01/11/2018,AHN,GA,ASO,ES,Federal Contract Tower,0,5,22,0,27,0,0,0,0,0,0,5,22,0,27,0,0,0,27
01/12/2018,AHN,GA,ASO,ES,Federal Contract Tower,0,4,19,0,23,0,0,0,0,0,0,4,19,0,23,0,0,0,23
01/13/2018,AHN,GA,ASO,ES,Federal Contract Tower,0,2,8,0,10,0,0,18,0,18,0,2,26,0,28,0,0,0,28
01/14/2018,AHN,GA,ASO,ES,Federal Contract Tower,0,0,26,0,26,0,3,62,0,65,0,3,88,0,91,24,0,24,115
01/15/2018,AHN,GA,ASO,ES,Federal Contract Tower,0,4,17,0,21,0,3,60,0,63,0,7,77,0,84,64,0,64,148
01/16/2018,AHN,GA,ASO,ES,Federal Contract Tower,0,3,23,4,30,0,6,49,0,55,0,9,72,4,85,49,0,49,134
01/17/2018,AHN,GA,ASO,ES,Federal Contract Tower,0,4,8,0,12,0,0,10,0,10,0,4,18,0,22,0,0,0,22
01/18/2018,AHN,GA,ASO,ES,Federal Contract Tower,0,1,26,0,27,0,0,38,1,39,0,1,64,1,66,13,0,13,79
01/19/2018,AHN,GA,ASO,ES,Federal Contract Tower,0,4,20,0,24,0,0,86,0,86,0,4,106,0,110,53,0,53,163
01/20/2018,AHN,GA,ASO,ES,Federal Contract Tower,0,0,17,8,25,0,5,88,5,98,0,5,105,13,123,156,6,162,285
01/21/2018,AHN,GA,ASO,ES,Federal Contract Tower,0,1,13,15,29,0,6,84,1,91,0,7,97,16,120,58,0,58,178
01/22/2018,AHN,GA,ASO,ES,Federal Contract Tower,2,3,30,2,37,0,0,8,0,8,2,3,38,2,45,2,0,2,47
01/23/2018,AHN,GA,ASO,ES,Federal Contract Tower,0,0,32,2,34,0,2,23,0,25,0,2,55,2,59,36,4,40,99
01/24/2018,AHN,GA,ASO,ES,Federal Contract Tower,0,1,29,0,30,0,4,43,2,49,0,5,72,2,79,33,0,33,112
01/25/2018,AHN,GA,ASO,ES,Federal Contract Tower,0,5,21,2,28,0,0,80,0,80,0,5,101,2,108,88,10,98,206
01/26/2018,AHN,GA,ASO,ES,Federal Contract Tower,0,7,21,9,37,0,3,71,0,74,0,10,92,9,111,74,0,74,185
01/27/2018,AHN,GA,ASO,ES,Federal Contract Tower,0,4,10,0,14,0,0,12,0,12,0,4,22,0,26,60,0,60,86
01/28/2018,AHN,GA,ASO,ES,Federal Contract Tower,0,7,4,0,11,0,0,4,0,4,0,7,8,0,15,0,0,0,15
01/29/2018,AHN,GA,ASO,ES,Federal Contract Tower,2,2,30,4,38,0,0,36,1,37,2,2,66,5,75,18,0,18,93
01/30/2018,AHN,GA,ASO,ES,Federal Contract Tower,0,2,18,0,20,0,0,0,0,0,0,2,18,0,20,54,0,54,74
01/31/2018,AHN,GA,ASO,ES,Federal Contract Tower,0,3,34,2,39,0,2,57,1,60,0,5,91,3,99,38,0,38,137
02/01/2018,AHN,GA,ASO,ES,Federal Contract Tower,0,3,18,0,21,0,0,36,0,36,0,3,54,0,57,32,0,32,89
02/02/2018,AHN,GA,ASO,ES,Federal Contract Tower,0,8,23,0,31,0,6,50,0,56,0,14,73,0,87,68,0,68,155
02/03/2018,AHN,GA,ASO,ES,Federal Contract Tower,0,2,16,0,18,0,0,83,0,83,0,2,99,0,101,76,0,76,177
02/04/2018,AHN,GA,ASO,ES,Federal Contract Tower,0,4,10,0,14,0,0,0,0,0,0,4,10,0,14,0,0,0,14
02/05/2018,AHN,GA,ASO,ES,Federal Contract Tower,0,2,27,2,31,0,1,39,0,40,0,3,66,2,71,106,0,106,177
02/06/2018,AHN,GA,ASO,ES,Federal Contract Tower,0,5,37,0,42,0,0,0,0,0,0,5,37,0,42,64,0,64,106
02/07/2018,AHN,GA,ASO,ES,Federal Contract Tower,0,4,8,0,12,0,0,0,0,0,0,4,8,0,12,0,0,0,12
02/08/2018,AHN,GA,ASO,ES,Federal Contract Tower,0,5,23,0,28,0,0,74,0,74,0,5,97,0,102,24,0,24,126
02/09/2018,AHN,GA,ASO,ES,Federal Contract Tower,0,8,18,3,29,0,1,31,0,32,0,9,49,3,61,25,0,25,86
02/10/2018,AHN,GA,ASO,ES,Federal Contract Tower,0,8,0,0,8,0,0,0,0,0,0,8,0,0,8,0,0,0,8
02/11/2018,AHN,GA,ASO,ES,Federal Contract Tower,0,9,1,8,18,0,0,0,0,0,0,9,1,8,18,0,0,0,18
02/12/2018,AHN,GA,ASO,ES,Federal Contract Tower,0,2,19,6,27,0,0,14,1,15,0,2,33,7,42,42,0,42,84
02/13/2018,AHN,GA,ASO,ES,Federal Contract Tower,0,4,8,0,12,0,1,16,0,17,0,5,24,0,29,14,0,14,43
02/14/2018,AHN,GA,ASO,ES,Federal Contract Tower,0,1,8,0,9,0,0,13,0,13,0,1,21,0,22,22,4,26,48
02/15/2018,AHN,GA,ASO,ES,Federal Contract Tower,0,3,21,1,25,0,0,7,2,9,0,3,28,3,34,2,3,5,39
02/16/2018,AHN,GA,ASO,ES,Federal Contract Tower,1,3,25,0,29,0,0,16,0,16,1,3,41,0,45,4,0,4,49
02/17/2018,AHN,GA,ASO,ES,Federal Contract Tower,0,5,20,0,25,0,0,11,0,11,0,5,31,0,36,6,0,6,42
02/18/2018,AHN,GA,ASO,ES,Federal Contract Tower,0,9,22,0,31,0,0,79,0,79,0,9,101,0,110,30,0,30,140
02/19/2018,AHN,GA,ASO,ES,Federal Contract Tower,0,0,33,0,33,0,0,0,0,0,0,0,33,0,33,0,0,0,33
02/20/2018,AHN,GA,ASO,ES,Federal Contract Tower,0,1,14,0,15,0,0,4,0,4,0,1,18,0,19,6,0,6,25
02/21/2018,AHN,GA,ASO,ES,Federal Contract Tower,0,5,20,2,27,0,0,38,0,38,0,5,58,2,65,28,0,28,93
02/22/2018,AHN,GA,ASO,ES,Federal Contract Tower,0,4,23,2,29,0,0,28,5,33,0,4,51,7,62,78,0,78,140
02/23/2018,AHN,GA,ASO,ES,Federal Contract Tower,0,5,31,0,36,0,5,33,0,38,0,10,64,0,74,3,0,3,77
02/24/2018,AHN,GA,ASO,ES,Federal Contract Tower,0,5,22,0,27,0,0,59,0,59,0,5,81,0,86,24,0,24,110
02/25/2018,AHN,GA,ASO,ES,Federal Contract Tower,0,3,16,0,19,0,0,5,0,5,0,3,21,0,24,4,0,4,28
02/26/2018,AHN,GA,ASO,ES,Federal Contract Tower,0,0,21,0,21,0,0,26,0,26,0,0,47,0,47,38,0,38,85
02/27/2018,AHN,GA,ASO,ES,Federal Contract Tower,1,6,26,3,36,0,1,78,1,80,1,7,104,4,116,16,0,16,132
02/28/2018,AHN,GA,ASO,ES,Federal Contract Tower,0,4,40,0,44,0,0,0,0,0,0,4,40,0,44,0,0,0,44
03/01/2018,AHN,GA,ASO,ES,Federal Contract Tower,0,0,18,0,18,0,0,0,0,0,0,0,18,0,18,0,0,0,18
03/02/2018,AHN,GA,ASO,ES,Federal Contract Tower,0,5,27,0,32,0,0,48,0,48,0,5,75,0,80,10,0,10,90
03/03/2018,AHN,GA,ASO,ES,Federal Contract Tower,0,0,28,0,28,0,1,99,2,102,0,1,127,2,130,104,0,104,234
03/04/2018,AHN,GA,ASO,ES,Federal Contract Tower,0,2,27,7,36,0,4,96,1,101,0,6,123,8,137,34,10,44,181
03/05/2018,AHN,GA,ASO,ES,Federal Contract Tower,0,0,27,0,27,0,2,79,0,81,0,2,106,0,108,62,0,62,170
03/06/2018,AHN,GA,ASO,ES,Federal Contract Tower,0,5,6,0,11,0,0,0,0,0,0,5,6,0,11,0,0,0,11
03/07/2018,AHN,GA,ASO,ES,Federal Contract Tower,0,5,15,0,20,0,0,36,0,36,0,5,51,0,56,20,0,20,76
03/08/2018,AHN,GA,ASO,ES,Federal Contract Tower,0,6,18,4,28,0,1,44,0,45,0,7,62,4,73,6,0,6,79
03/09/2018,AHN,GA,ASO,ES,Federal Contract Tower,0,2,19,0,21,0,0,66,0,66,0,2,85,0,87,90,0,90,177
03/10/2018,AHN,GA,ASO,ES,Federal Contract Tower,0,2,21,0,23,0,0,50,0,50,0,2,71,0,73,54,0,54,127
03/11/2018,AHN,GA,ASO,ES,Federal Contract Tower,0,4,20,0,24,0,0,0,0,0,0,4,20,0,24,0,0,0,24
03/12/2018,AHN,GA,ASO,ES,Federal Contract Tower,0,3,14,0,17,0,1,6,0,7,0,4,20,0,24,0,0,0,24
03/13/2018,AHN,GA,ASO,ES,Federal Contract Tower,0,8,29,1,38,0,0,63,1,64,0,8,92,2,102,56,0,56,158
03/14/2018,AHN,GA,ASO,ES,Federal Contract Tower,0,1,17,1,19,0,2,24,1,27,0,3,41,2,46,12,0,12,58
03/15/2018,AHN,GA,ASO,ES,Federal Contract Tower,0,2,27,9,38,0,3,41,0,44,0,5,68,9,82,34,4,38,120
03/16/2018,AHN,GA,ASO,ES,Federal Contract Tower,0,1,28,2,31,0,1,53,1,55,0,2,81,3,86,54,0,54,140
03/17/2018,AHN,GA,ASO,ES,Federal Contract Tower,0,0,10,0,10,0,0,1,2,3,0,0,11,2,13,6,0,6,19
03/18/2018,AHN,GA,ASO,ES,Federal Contract Tower,0,1,26,25,52,0,0,63,3,66,0,1,89,28,118,40,0,40,158
03/19/2018,AHN,GA,ASO,ES,Federal Contract Tower,0,5,11,2,18,0,0,0,0,0,0,5,11,2,18,0,0,0,18
03/20/2018,AHN,GA,ASO,ES,Federal Contract Tower,0,10,13,1,24,0,0,19,0,19,0,10,32,1,43,8,0,8,51
03/21/2018,AHN,GA,ASO,ES,Federal Contract Tower,0,1,18,1,20,0,0,1,0,1,0,1,19,1,21,2,6,8,29
03/22/2018,AHN,GA,ASO,ES,Federal Contract Tower,0,4,26,2,32,0,3,73,2,78,0,7,99,4,110,28,0,28,138
03/23/2018,AHN,GA,ASO,ES,Federal Contract Tower,0,2,47,0,49,0,2,74,0,76,0,4,121,0,125,44,0,44,169
03/24/2018,AHN,GA,ASO,ES,Federal Contract Tower,0,2,17,2,21,0,2,77,0,79,0,4,94,2,100,40,20,60,160
03/25/2018,AHN,GA,ASO,ES,Federal Contract Tower,0,10,25,0,35,0,0,1,0,1,0,10,26,0,36,0,0,0,36
03/26/2018,AHN,GA,ASO,ES,Federal Contract Tower,0,0,13,4,17,0,0,25,0,25,0,0,38,4,42,18,0,18,60
03/27/2018,AHN,GA,ASO,ES,Federal Contract Tower,0,6,25,0,31,0,0,0,0,0,0,6,25,0,31,0,0,0,31
03/28/2018,AHN,GA,ASO,ES,Federal Contract Tower,0,2,12,5,19,0,0,36,2,38,0,2,48,7,57,20,0,20,77
03/29/2018,AHN,GA,ASO,ES,Federal Contract Tower,0,0,15,3,18,0,0,74,12,86,0,0,89,15,104,10,0,10,114
03/30/2018,AHN,GA,ASO,ES,Federal Contract Tower,0,3,24,2,29,0,0,50,0,50,0,3,74,2,79,50,0,50,129
03/31/2018,AHN,GA,ASO,ES,Federal Contract Tower,0,0,27,0,27,0,1,57,0,58,0,1,84,0,85,44,0,44,129
04/01/2018,AHN,GA,ASO,ES,Federal Contract Tower,0,4,27,0,31,0,4,66,0,70,0,8,93,0,101,38,0,38,139
04/02/2018,AHN,GA,ASO,ES,Federal Contract Tower,0,0,22,0,22,0,2,51,0,53,0,2,73,0,75,20,0,20,95
04/03/2018,AHN,GA,ASO,ES,Federal Contract Tower,0,4,20,4,28,0,1,24,1,26,0,5,44,5,54,40,0,40,94
04/04/2018,AHN,GA,ASO,ES,Federal Contract Tower,0,4,16,0,20,0,0,16,2,18,0,4,32,2,38,10,0,10,48
04/05/2018,AHN,GA,ASO,ES,Federal Contract Tower,0,1,36,0,37,0,1,79,6,86,0,2,115,6,123,122,0,122,245
04/06/2018,AHN,GA,ASO,ES,Federal Contract Tower,0,0,29,2,31,0,0,47,0,47,0,0,76,2,78,16,0,16,94
04/07/2018,AHN,GA,ASO,ES,Federal Contract Tower,0,1,21,2,24,0,0,3,0,3,0,1,24,2,27,74,0,74,101
04/08/2018,AHN,GA,ASO,ES,Federal Contract Tower,0,3,39,2,44,0,0,28,0,28,0,3,67,2,72,62,0,62,134
04/09/2018,AHN,GA,ASO,ES,Federal Contract Tower,0,0,33,0,33,0,0,0,0,0,0,0,33,0,33,0,0,0,33
04/10/2018,AHN,GA,ASO,ES,Federal Contract Tower,0,2,24,8,34,0,4,68,0,72,0,6,92,8,106,32,0,32,138
04/11/2018,AHN,GA,ASO,ES,Federal Contract Tower,0,4,26,2,32,0,7,103,0,110,0,11,129,2,142,92,0,92,234
04/12/2018,AHN,GA,ASO,ES,Federal Contract Tower,0,3,33,5,41,0,3,57,0,60,0,6,90,5,101,54,0,54,155
04/13/2018,AHN,GA,ASO,ES,Federal Contract Tower,0,6,23,0,29,0,2,58,0,60,0,8,81,0,89,56,0,56,145
04/14/2018,AHN,GA,ASO,ES,Federal Contract Tower,0,0,33,0,33,0,5,53,3,61,0,5,86,3,94,42,0,42,136
04/15/2018,AHN,GA,ASO,ES,Federal Contract Tower,0,6,7,0,13,0,0,0,0,0,0,6,7,0,13,0,0,0,13
04/16/2018,AHN,GA,ASO,ES,Federal Contract Tower,0,4,25,0,29,0,0,14,1,15,0,4,39,1,44,0,0,0,44
04/17/2018,AHN,GA,ASO,ES,Federal Contract Tower,0,3,21,0,24,0,0,33,2,35,0,3,54,2,59,76,0,76,135
04/18/2018,AHN,GA,ASO,ES,Federal Contract Tower,0,2,16,1,19,0,4,69,2,75,0,6,85,3,94,32,2,34,128
04/19/2018,AHN,GA,ASO,ES,Federal Contract Tower,0,2,30,0,32,0,4,46,1,51,0,6,76,1,83,48,0,48,131
04/20/2018,AHN,GA,ASO,ES,Federal Contract Tower,0,1,37,0,38,0,1,85,1,87,0,2,122,1,125,56,0,56,181
04/21/2018,AHN,GA,ASO,ES,Federal Contract Tower,0,3,24,0,27,0,1,90,0,91,0,4,114,0,118,100,0,100,218
04/22/2018,AHN,GA,ASO,ES,Federal Contract Tower,0,3,32,0,35,0,0,3,0,3,0,3,35,0,38,62,0,62,100
04/23/2018,AHN,GA,ASO,ES,Federal Contract Tower,0,1,20,0,21,0,0,0,0,0,0,1,20,0,21,0,0,0,21
04/24/2018,AHN,GA,ASO,ES,Federal Contract Tower,0,1,32,0,33,0,0,22,3,25,0,1,54,3,58,64,0,64,122
04/25/2018,AHN,GA,ASO,ES,Federal Contract Tower,0,1,30,1,32,0,0,95,4,99,0,1,125,5,131,70,0,70,201
04/26/2018,AHN,GA,ASO,ES,Federal Contract Tower,0,3,17,0,20,0,7,67,0,74,0,10,84,0,94,120,0,120,214
04/27/2018,AHN,GA,ASO,ES,Federal Contract Tower,0,7,23,3,33,0,0,55,8,63,0,7,78,11,96,96,0,96,192
04/28/2018,AHN,GA,ASO,ES,Federal Contract Tower,0,1,20,4,25,0,0,77,5,82,0,1,97,9,107,76,0,76,183
04/29/2018,AHN,GA,ASO,ES,Federal Contract Tower,0,4,27,5,36,0,3,48,5,56,0,7,75,10,92,64,0,64,156
04/30/2018,AHN,GA,ASO,ES,Federal Contract Tower,0,17,35,0,52,0,1,87,0,88,0,18,122,0,140,34,0,34,174
05/01/2018,AHN,GA,ASO,ES,Federal Contract Tower,0,6,17,2,25,0,1,98,0,99,0,7,115,2,124,102,0,102,226
05/02/2018,AHN,GA,ASO,ES,Federal Contract Tower,0,3,25,0,28,0,4,117,2,123,0,7,142,2,151,116,0,116,267
05/03/2018,AHN,GA,ASO,ES,Federal Contract Tower,0,13,32,4,49,0,1,55,0,56,0,14,87,4,105,44,0,44,149
05/04/2018,AHN,GA,ASO,ES,Federal Contract Tower,0,10,38,6,54,0,0,69,3,72,0,10,107,9,126,24,0,24,150
05/05/2018,AHN,GA,ASO,ES,Federal Contract Tower,0,6,27,4,37,0,0,59,0,59,0,6,86,4,96,62,0,62,158
05/06/2018,AHN,GA,ASO,ES,Federal Contract Tower,0,2,18,18,38,0,1,33,2,36,0,3,51,20,74,12,0,12,86
05/07/2018,AHN,GA,ASO,ES,Federal Contract Tower,0,3,31,4,38,0,1,75,0,76,0,4,106,4,114,78,0,78,192
05/08/2018,AHN,GA,ASO,ES,Federal Contract Tower,0,2,25,0,27,0,1,99,0,100,0,3,124,0,127,66,0,66,193
05/09/2018,AHN,GA,ASO,ES,Federal Contract Tower,0,4,18,0,22,0,3,45,0,48,0,7,63,0,70,66,0,66,136
05/10/2018,AHN,GA,ASO,ES,Federal Contract Tower,0,4,30,2,36,0,2,40,2,44,0,6,70,4,80,16,0,16,96
05/11/2018,AHN,GA,ASO,ES,Federal Contract Tower,0,0,22,8,30,0,0,77,1,78,0,0,99,9,108,20,0,20,128
05/12/2018,AHN,GA,ASO,ES,Federal Contract Tower,0,0,12,0,12,0,0,55,0,55,0,0,67,0,67,112,0,112,179
05/13/2018,AHN,GA,ASO,ES,Federal Contract Tower,0,3,11,6,20,0,1,60,3,64,0,4,71,9,84,44,0,44,128
05/14/2018,AHN,GA,ASO,ES,Federal Contract Tower,0,9,25,0,34,0,0,29,0,29,0,9,54,0,63,44,0,44,107
05/15/2018,AHN,GA,ASO,ES,Federal Contract Tower,0,2,22,0,24,0,2,4,0,6,0,4,26,0,30,8,0,8,38
05/16/2018,AHN,GA,ASO,ES,Federal Contract Tower,0,2,14,0,16,0,0,1,0,1,0,2,15,0,17,0,0,0,17
05/17/2018,AHN,GA,ASO,ES,Federal Contract Tower,0,0,28,2,30,0,0,4,0,4,0,0,32,2,34,16,0,16,50
05/18/2018,AHN,GA,ASO,ES,Federal Contract Tower,0,6,24,2,32,0,0,7,0,7,0,6,31,2,39,0,0,0,39
05/19/2018,AHN,GA,ASO,ES,Federal Contract Tower,0,0,16,0,16,0,0,4,0,4,0,0,20,0,20,0,0,0,20
05/20/2018,AHN,GA,ASO,ES,Federal Contract Tower,0,2,8,2,12,0,0,21,0,21,0,2,29,2,33,8,0,8,41
05/21/2018,AHN,GA,ASO,ES,Federal Contract Tower,0,0,30,0,30,0,0,42,0,42,0,0,72,0,72,60,0,60,132
05/22/2018,AHN,GA,ASO,ES,Federal Contract Tower,0,2,9,0,11,0,0,0,0,0,0,2,9,0,11,0,0,0,11
05/23/2018,AHN,GA,ASO,ES,Federal Contract Tower,0,3,13,0,16,0,0,16,0,16,0,3,29,0,32,8,0,8,40
05/24/2018,AHN,GA,ASO,ES,Federal Contract Tower,0,5,25,0,30,0,1,39,0,40,0,6,64,0,70,60,0,60,130
05/25/2018,AHN,GA,ASO,ES,Federal Contract Tower,0,2,13,0,15,0,0,0,0,0,0,2,13,0,15,0,0,0,15
05/26/2018,AHN,GA,ASO,ES,Federal Contract Tower,0,7,7,0,14,0,0,17,0,17,0,7,24,0,31,14,0,14,45
05/27/2018,AHN,GA,ASO,ES,Federal Contract Tower,0,3,12,0,15,0,0,9,0,9,0,3,21,0,24,6,0,6,30
05/28/2018,AHN,GA,ASO,ES,Federal Contract Tower,0,3,8,1,12,0,0,0,0,0,0,3,8,1,12,0,0,0,12
05/29/2018,AHN,GA,ASO,ES,Federal Contract Tower,0,5,7,1,13,0,0,0,0,0,0,5,7,1,13,0,0,0,13
05/30/2018,AHN,GA,ASO,ES,Federal Contract Tower,0,6,32,0,38,0,0,26,0,26,0,6,58,0,64,38,0,38,102
05/31/2018,AHN,GA,ASO,ES,Federal Contract Tower,0,4,24,0,28,0,0,19,0,19,0,4,43,0,47,4,0,4,51
06/01/2018,AHN,GA,ASO,ES,Federal Contract Tower,0,10,19,0,29,0,2,64,2,68,0,12,83,2,97,52,0,52,149
06/02/2018,AHN,GA,ASO,ES,Federal Contract Tower,0,4,18,0,22,0,8,59,0,67,0,12,77,0,89,28,0,28,117
06/03/2018,AHN,GA,ASO,ES,Federal Contract Tower,0,6,12,5,23,0,0,58,6,64,0,6,70,11,87,64,0,64,151
06/04/2018,AHN,GA,ASO,ES,Federal Contract Tower,0,0,36,7,43,0,0,50,0,50,0,0,86,7,93,58,0,58,151
06/05/2018,AHN,GA,ASO,ES,Federal Contract Tower,0,7,21,0,28,0,0,73,0,73,0,7,94,0,101,62,0,62,163
06/06/2018,AHN,GA,ASO,ES,Federal Contract Tower,0,1,17,4,22,0,1,68,0,69,0,2,85,4,91,66,4,70,161
06/07/2018,AHN,GA,ASO,ES,Federal Contract Tower,0,4,29,0,33,0,0,48,0,48,0,4,77,0,81,70,2,72,153
06/08/2018,AHN,GA,ASO,ES,Federal Contract Tower,0,11,10,0,21,0,4,90,3,97,0,15,100,3,118,78,0,78,196
06/09/2018,AHN,GA,ASO,ES,Federal Contract Tower,0,4,21,0,25,0,1,92,0,93,0,5,113,0,118,28,0,28,146
06/10/2018,AHN,GA,ASO,ES,Federal Contract Tower,0,2,15,0,17,0,0,75,0,75,0,2,90,0,92,84,0,84,176
06/11/2018,AHN,GA,ASO,ES,Federal Contract Tower,0,0,13,0,13,0,0,24,2,26,0,0,37,2,39,60,0,60,99
06/12/2018,AHN,GA,ASO,ES,Federal Contract Tower,0,0,32,0,32,0,0,6,2,8,0,0,38,2,40,14,0,14,54
06/13/2018,AHN,GA,ASO,ES,Federal Contract Tower,0,4,33,1,38,0,0,40,0,40,0,4,73,1,78,0,0,0,78
06/14/2018,AHN,GA,ASO,ES,Federal Contract Tower,0,1,13,3,17,0,1,60,1,62,0,2,73,4,79,97,6,103,182
06/15/2018,AHN,GA,ASO,ES,Federal Contract Tower,0,2,19,2,23,0,0,62,2,64,0,2,81,4,87,76,0,76,163
06/16/2018,AHN,GA,ASO,ES,Federal Contract Tower,0,0,10,0,10,0,0,42,0,42,0,0,52,0,52,94,0,94,146
06/17/2018,AHN,GA,ASO,ES,Federal Contract Tower,0,4,10,0,14,0,0,45,1,46,0,4,55,1,60,75,0,75,135
06/18/2018,AHN,GA,ASO,ES,Federal Contract Tower,0,0,18,0,18,0,0,76,0,76,0,0,94,0,94,58,0,58,152
06/19/2018,AHN,GA,ASO,ES,Federal Contract Tower,0,0,23,0,23,0,0,73,1,74,0,0,96,1,97,48,0,48,145
06/20/2018,AHN,GA,ASO,ES,Federal Contract Tower,0,2,21,3,26,0,1,77,0,78,0,3,98,3,104,66,0,66,170
06/21/2018,AHN,GA,ASO,ES,Federal Contract Tower,0,2,26,1,29,0,1,39,1,41,0,3,65,2,70,48,0,48,118
06/22/2018,AHN,GA,ASO,ES,Federal Contract Tower,0,2,25,11,38,0,4,55,5,64,0,6,80,16,102,32,0,32,134
06/23/2018,AHN,GA,ASO,ES,Federal Contract Tower,0,3,20,0,23,0,0,25,0,25,0,3,45,0,48,42,0,42,90
06/24/2018,AHN,GA,ASO,ES,Federal Contract Tower,0,0,24,0,24,0,3,41,0,44,0,3,65,0,68,62,0,62,130
06/25/2018,AHN,GA,ASO,ES,Federal Contract Tower,0,4,14,0,18,0,0,34,0,34,0,4,48,0,52,18,0,18,70
06/26/2018,AHN,GA,ASO,ES,Federal Contract Tower,0,1,24,0,25,0,0,60,7,67,0,1,84,7,92,107,0,107,199
06/27/2018,AHN,GA,ASO,ES,Federal Contract Tower,0,13,27,6,46,0,0,21,4,25,0,13,48,10,71,34,0,34,105
06/28/2018,AHN,GA,ASO,ES,Federal Contract Tower,0,5,37,0,42,0,2,8,0,10,0,7,45,0,52,0,0,0,52
06/29/2018,AHN,GA,ASO,ES,Federal Contract Tower,0,4,32,6,42,0,0,80,2,82,0,4,112,8,124,10,0,10,134
06/30/2018,AHN,GA,ASO,ES,Federal Contract Tower,0,0,21,0,21,0,0,65,0,65,0,0,86,0,86,11,0,11,97
07/01/2018,AHN,GA,ASO,ES,Federal Contract Tower,0,0,24,0,24,0,0,34,0,34,0,0,58,0,58,22,0,22,80
07/02/2018,AHN,GA,ASO,ES,Federal Contract Tower,0,0,27,3,30,0,0,11,0,11,0,0,38,3,41,74,0,74,115
07/03/2018,AHN,GA,ASO,ES,Federal Contract Tower,0,0,15,0,15,0,2,35,0,37,0,2,50,0,52,24,0,24,76
07/04/2018,AHN,GA,ASO,ES,Federal Contract Tower,0,2,4,0,6,0,0,12,0,12,0,2,16,0,18,2,0,2,20
07/05/2018,AHN,GA,ASO,ES,Federal Contract Tower,0,0,18,2,20,0,1,41,0,42,0,1,59,2,62,20,0,20,82
07/06/2018,AHN,GA,ASO,ES,Federal Contract Tower,0,1,4,0,5,0,0,51,0,51,0,1,55,0,56,46,0,46,102
07/07/2018,AHN,GA,ASO,ES,Federal Contract Tower,0,1,19,0,20,0,0,100,0,100,0,1,119,0,120,40,0,40,160
07/08/2018,AHN,GA,ASO,ES,Federal Contract Tower,0,0,42,0,42,0,0,38,0,38,0,0,80,0,80,26,0,26,106
07/09/2018,AHN,GA,ASO,ES,Federal Contract Tower,0,0,16,0,16,0,0,73,0,73,0,0,89,0,89,52,0,52,141
07/10/2018,AHN,GA,ASO,ES,Federal Contract Tower,0,0,7,2,9,0,0,76,0,76,0,0,83,2,85,20,8,28,113
07/11/2018,AHN,GA,ASO,ES,Federal Contract Tower,0,0,12,0,12,0,0,142,0,142,0,0,154,0,154,20,6,26,180
07/12/2018,AHN,GA,ASO,ES,Federal Contract Tower,0,0,20,0,20,0,0,67,0,67,0,0,87,0,87,12,2,14,101
07/13/2018,AHN,GA,ASO,ES,Federal Contract Tower,0,0,18,0,18,0,0,27,2,29,0,0,45,2,47,8,0,8,55
07/14/2018,AHN,GA,ASO,ES,Federal Contract Tower,0,0,21,0,21,0,0,80,0,80,0,0,101,0,101,8,0,8,109
07/15/2018,AHN,GA,ASO,ES,Federal Contract Tower,0,0,28,0,28,0,0,68,0,68,0,0,96,0,96,4,0,4,100
07/16/2018,AHN,GA,ASO,ES,Federal Contract Tower,0,0,20,0,20,0,0,17,0,17,0,0,37,0,37,6,0,6,43
07/17/2018,AHN,GA,ASO,ES,Federal Contract Tower,0,0,17,0,17,0,0,98,0,98,0,0,115,0,115,0,0,0,115
07/18/2018,AHN,GA,ASO,ES,Federal Contract Tower,0,0,16,0,16,0,2,144,0,146,0,2,160,0,162,46,0,46,208
07/19/2018,AHN,GA,ASO,ES,Federal Contract Tower,0,3,26,0,29,0,0,44,0,44,0,3,70,0,73,4,0,4,77
07/20/2018,AHN,GA,ASO,ES,Federal Contract Tower,0,2,14,6,22,0,0,148,2,150,0,2,162,8,172,22,0,22,194
07/21/2018,AHN,GA,ASO,ES,Federal Contract Tower,0,3,10,0,13,0,0,86,0,86,0,3,96,0,99,12,0,12,111
07/22/2018,AHN,GA,ASO,ES,Federal Contract Tower,0,0,12,5,17,0,0,65,5,70,0,0,77,10,87,10,0,10,97
07/23/2018,AHN,GA,ASO,ES,Federal Contract Tower,0,0,11,0,11,0,0,61,0,61,0,0,72,0,72,1,0,1,73
07/24/2018,AHN,GA,ASO,ES,Federal Contract Tower,0,0,22,0,22,0,0,2,0,2,0,0,24,0,24,0,0,0,24
07/25/2018,AHN,GA,ASO,ES,Federal Contract Tower,0,2,13,0,15,0,0,90,0,90,0,2,103,0,105,4,0,4,109
07/26/2018,AHN,GA,ASO,ES,Federal Contract Tower,0,1,12,0,13,0,0,130,0,130,0,1,142,0,143,8,0,8,151
07/27/2018,AHN,GA,ASO,ES,Federal Contract Tower,0,5,18,4,27,0,0,108,0,108,0,5,126,4,135,46,0,46,181
07/28/2018,AHN,GA,ASO,ES,Federal Contract Tower,0,6,7,0,13,0,2,136,0,138,0,8,143,0,151,6,0,6,157
07/29/2018,AHN,GA,ASO,ES,Federal Contract Tower,0,0,11,4,15,0,0,96,0,96,0,0,107,4,111,74,0,74,185
07/30/2018,AHN,GA,ASO,ES,Federal Contract Tower,0,0,22,0,22,0,0,54,0,54,0,0,76,0,76,0,0,0,76
07/31/2018,AHN,GA,ASO,ES,Federal Contract Tower,0,0,15,0,15,0,0,0,0,0,0,0,15,0,15,0,0,0,15
08/01/2018,AHN,GA,ASO,ES,Federal Contract Tower,0,0,12,0,12,0,0,8,0,8,0,0,20,0,20,0,0,0,20
08/02/2018,AHN,GA,ASO,ES,Federal Contract Tower,0,0,8,2,10,0,0,0,0,0,0,0,8,2,10,0,0,0,10
08/03/2018,AHN,GA,ASO,ES,Federal Contract Tower,0,0,19,0,19,0,0,29,0,29,0,0,48,0,48,16,0,16,64
08/04/2018,AHN,GA,ASO,ES,Federal Contract Tower,0,1,11,0,12,0,0,101,0,101,0,1,112,0,113,14,0,14,127
08/05/2018,AHN,GA,ASO,ES,Federal Contract Tower,0,0,21,0,21,0,0,58,0,58,0,0,79,0,79,6,0,6,85
08/06/2018,AHN,GA,ASO,ES,Federal Contract Tower,0,2,11,0,13,0,0,170,0,170,0,2,181,0,183,22,0,22,205
08/07/2018,AHN,GA,ASO,ES,Federal Contract Tower,0,0,14,0,14,0,0,41,2,43,0,0,55,2,57,44,0,44,101
08/08/2018,AHN,GA,ASO,ES,Federal Contract Tower,0,0,20,0,20,0,0,44,2,46,0,0,64,2,66,67,0,67,133
08/09/2018,AHN,GA,ASO,ES,Federal Contract Tower,0,0,15,2,17,0,4,55,1,60,0,4,70,3,77,46,0,46,123
08/10/2018,AHN,GA,ASO,ES,Federal Contract Tower,0,0,28,0,28,0,0,23,0,23,0,0,51,0,51,36,0,36,87
08/11/2018,AHN,GA,ASO,ES,Federal Contract Tower,0,1,15,0,16,0,4,46,22,72,0,5,61,22,88,42,0,42,130
08/12/2018,AHN,GA,ASO,ES,Federal Contract Tower,0,0,10,0,10,0,0,67,0,67,0,0,77,0,77,40,0,40,117
08/13/2018,AHN,GA,ASO,ES,Federal Contract Tower,0,1,19,0,20,0,0,47,3,50,0,1,66,3,70,11,0,11,81
08/14/2018,AHN,GA,ASO,ES,Federal Contract Tower,0,1,15,2,18,0,0,84,0,84,0,1,99,2,102,88,0,88,190
08/15/2018,AHN,GA,ASO,ES,Federal Contract Tower,0,0,23,0,23,0,1,57,0,58,0,1,80,0,81,194,0,194,275
08/16/2018,AHN,GA,ASO,ES,Federal Contract Tower,0,0,5,2,7,0,0,37,0,37,0,0,42,2,44,59,0,59,103
08/17/2018,AHN,GA,ASO,ES,Federal Contract Tower,0,0,18,0,18,0,0,9,0,9,0,0,27,0,27,8,0,8,35
08/18/2018,AHN,GA,ASO,ES,Federal Contract Tower,0,0,14,0,14,0,0,6,0,6,0,0,20,0,20,12,0,12,32
08/19/2018,AHN,GA,ASO,ES,Federal Contract Tower,0,0,26,0,26,0,0,14,0,14,0,0,40,0,40,10,0,10,50
08/20/2018,AHN,GA,ASO,ES,Federal Contract Tower,0,0,15,0,15,0,0,14,0,14,0,0,29,0,29,6,0,6,35
08/21/2018,AHN,GA,ASO,ES,Federal Contract Tower,0,0,14,0,14,0,0,17,1,18,0,0,31,1,32,36,0,36,68
08/22/2018,AHN,GA,ASO,ES,Federal Contract Tower,0,0,7,2,9,0,1,64,0,65,0,1,71,2,74,70,0,70,144
08/23/2018,AHN,GA,ASO,ES,Federal Contract Tower,0,0,24,0,24,0,0,41,1,42,0,0,65,1,66,19,0,19,85
08/24/2018,AHN,GA,ASO,ES,Federal Contract Tower,0,0,30,0,30,0,0,38,13,51,0,0,68,13,81,29,0,29,110
08/25/2018,AHN,GA,ASO,ES,Federal Contract Tower,0,0,7,0,7,0,0,61,0,61,0,0,68,0,68,36,0,36,104
08/26/2018,AHN,GA,ASO,ES,Federal Contract Tower,0,0,16,0,16,0,0,42,0,42,0,0,58,0,58,23,0,23,81
08/27/2018,AHN,GA,ASO,ES,Federal Contract Tower,0,0,7,0,7,0,0,39,0,39,0,0,46,0,46,64,0,64,110
08/28/2018,AHN,GA,ASO,ES,Federal Contract Tower,0,3,8,0,11,0,4,102,2,108,0,7,110,2,119,44,0,44,163
08/29/2018,AHN,GA,ASO,ES,Federal Contract Tower,0,0,11,0,11,0,1,29,7,37,0,1,40,7,48,43,10,53,101
08/30/2018,AHN,GA,ASO,ES,Federal Contract Tower,0,0,20,0,20,0,0,42,4,46,0,0,62,4,66,52,0,52,118
08/31/2018,AHN,GA,ASO,ES,Federal Contract Tower,0,0,26,0,26,0,0,45,0,45,0,0,71,0,71,48,0,48,119
09/01/2018,AHN,GA,ASO,ES,Federal Contract Tower,0,0,43,0,43,0,0,58,0,58,0,0,101,0,101,16,0,16,117
09/02/2018,AHN,GA,ASO,ES,Federal Contract Tower,0,0,23,0,23,0,0,23,0,23,0,0,46,0,46,6,0,6,52
09/03/2018,AHN,GA,ASO,ES,Federal Contract Tower,0,0,24,0,24,0,0,31,0,31,0,0,55,0,55,6,0,6,61
09/04/2018,AHN,GA,ASO,ES,Federal Contract Tower,0,0,26,0,26,0,0,25,0,25,0,0,51,0,51,2,0,2,53
09/05/2018,AHN,GA,ASO,ES,Federal Contract Tower,0,0,12,4,16,0,1,34,0,35,0,1,46,4,51,74,0,74,125
09/06/2018,AHN,GA,ASO,ES,Federal Contract Tower,0,1,29,3,33,0,0,41,0,41,0,1,70,3,74,32,0,32,106
09/07/2018,AHN,GA,ASO,ES,Federal Contract Tower,0,0,19,0,19,0,0,92,0,92,0,0,111,0,111,62,0,62,173
09/08/2018,AHN,GA,ASO,ES,Federal Contract Tower,0,3,15,0,18,0,1,62,0,63,0,4,77,0,81,26,0,26,107
09/09/2018,AHN,GA,ASO,ES,Federal Contract Tower,0,0,10,0,10,0,0,53,0,53,0,0,63,0,63,48,0,48,111
09/10/2018,AHN,GA,ASO,ES,Federal Contract Tower,0,4,15,0,19,0,0,32,3,35,0,4,47,3,54,48,0,48,102
09/11/2018,AHN,GA,ASO,ES,Federal Contract Tower,0,2,14,0,16,0,0,58,3,61,0,2,72,3,77,20,0,20,97
09/12/2018,AHN,GA,ASO,ES,Federal Contract Tower,0,2,15,2,19,0,0,90,0,90,0,2,105,2,109,55,0,55,164
09/13/2018,AHN,GA,ASO,ES,Federal Contract Tower,0,8,20,0,28,0,1,57,0,58,0,9,77,0,86,22,0,22,108
09/14/2018,AHN,GA,ASO,ES,Federal Contract Tower,0,0,27,0,27,0,5,62,0,67,0,5,89,0,94,32,0,32,126
09/15/2018,AHN,GA,ASO,ES,Federal Contract Tower,0,4,24,0,28,0,0,21,0,21,0,4,45,0,49,2,0,2,51
09/16/2018,AHN,GA,ASO,ES,Federal Contract Tower,0,3,17,0,20,0,0,0,0,0,0,3,17,0,20,0,0,0,20
09/17/2018,AHN,GA,ASO,ES,Federal Contract Tower,0,0,22,0,22,0,1,45,0,46,0,1,67,0,68,71,0,71,139
09/18/2018,AHN,GA,ASO,ES,Federal Contract Tower,0,0,16,0,16,0,1,63,5,69,0,1,79,5,85,61,0,61,146
09/19/2018,AHN,GA,ASO,ES,Federal Contract Tower,0,1,14,0,15,0,1,79,12,92,0,2,93,12,107,32,0,32,139
09/20/2018,AHN,GA,ASO,ES,Federal Contract Tower,0,4,20,2,26,0,4,49,0,53,0,8,69,2,79,104,0,104,183
09/21/2018,AHN,GA,ASO,ES,Federal Contract Tower,4,0,37,2,43,0,5,61,1,67,4,5,98,3,110,71,0,71,181
09/22/2018,AHN,GA,ASO,ES,Federal Contract Tower,4,5,22,0,31,0,4,68,2,74,4,9,90,2,105,42,0,42,147
09/23/2018,AHN,GA,ASO,ES,Federal Contract Tower,0,0,15,0,15,0,3,46,0,49,0,3,61,0,64,12,0,12,76
09/24/2018,AHN,GA,ASO,ES,Federal Contract Tower,0,0,35,0,35,0,0,11,0,11,0,0,46,0,46,8,0,8,54
09/25/2018,AHN,GA,ASO,ES,Federal Contract Tower,0,1,17,0,18,0,0,12,0,12,0,1,29,0,30,44,0,44,74
09/26/2018,AHN,GA,ASO,ES,Federal Contract Tower,0,0,19,0,19,0,0,31,0,31,0,0,50,0,50,14,0,14,64
09/27/2018,AHN,GA,ASO,ES,Federal Contract Tower,0,0,61,0,61,0,0,5,4,9,0,0,66,4,70,10,0,10,80
09/28/2018,AHN,GA,ASO,ES,Federal Contract Tower,0,12,53,0,65,0,0,28,2,30,0,12,81,2,95,18,0,18,113
09/29/2018,AHN,GA,ASO,ES,Federal Contract Tower,4,22,94,0,120,0,0,65,8,73,4,22,159,8,193,36,0,36,229
09/30/2018,AHN,GA,ASO,ES,Federal Contract Tower,0,8,65,0,73,0,0,17,0,17,0,8,82,0,90,8,0,8,98
10/01/2018,AHN,GA,ASO,ES,Federal Contract Tower,0,0,18,1,19,0,0,50,2,52,0,0,68,3,71,14,4,18,89
10/02/2018,AHN,GA,ASO,ES,Federal Contract Tower,0,0,25,0,25,0,12,87,0,99,0,12,112,0,124,74,0,74,198
10/03/2018,AHN,GA,ASO,ES,Federal Contract Tower,0,2,25,2,29,0,0,59,0,59,0,2,84,2,88,52,0,52,140
10/04/2018,AHN,GA,ASO,ES,Federal Contract Tower,0,2,23,2,27,0,0,53,0,53,0,2,76,2,80,34,0,34,114
10/05/2018,AHN,GA,ASO,ES,Federal Contract Tower,0,0,38,3,41,0,1,79,0,80,0,1,117,3,121,54,0,54,175
10/06/2018,AHN,GA,ASO,ES,Federal Contract Tower,0,5,47,0,52,0,0,77,0,77,0,5,124,0,129,28,0,28,157
10/07/2018,AHN,GA,ASO,ES,Federal Contract Tower,0,9,35,0,44,0,0,49,0,49,0,9,84,0,93,50,0,50,143
10/08/2018,AHN,GA,ASO,ES,Federal Contract Tower,0,2,17,0,19,0,0,19,0,19,0,2,36,0,38,45,0,45,83
10/09/2018,AHN,GA,ASO,ES,Federal Contract Tower,0,0,39,0,39,0,0,3,0,3,0,0,42,0,42,0,16,16,58
10/10/2018,AHN,GA,ASO,ES,Federal Contract Tower,0,3,12,2,17,0,0,3,0,3,0,3,15,2,20,0,0,0,20
10/11/2018,AHN,GA,ASO,ES,Federal Contract Tower,0,9,9,0,18,0,0,3,0,3,0,9,12,0,21,0,0,0,21
10/12/2018,AHN,GA,ASO,ES,Federal Contract Tower,4,9,34,0,47,0,0,78,0,78,4,9,112,0,125,70,0,70,195
10/13/2018,AHN,GA,ASO,ES,Federal Contract Tower,0,3,23,4,30,0,0,63,1,64,0,3,86,5,94,20,0,20,114
10/14/2018,AHN,GA,ASO,ES,Federal Contract Tower,0,13,46,0,59,0,0,50,0,50,0,13,96,0,109,34,0,34,143
10/15/2018,AHN,GA,ASO,ES,Federal Contract Tower,0,4,31,0,35,0,0,17,0,17,0,4,48,0,52,62,0,62,114
10/16/2018,AHN,GA,ASO,ES,Federal Contract Tower,0,6,38,0,44,0,4,48,2,54,0,10,86,2,98,22,4,26,124
10/17/2018,AHN,GA,ASO,ES,Federal Contract Tower,0,2,41,4,47,0,0,34,2,36,0,2,75,6,83,48,0,48,131
10/18/2018,AHN,GA,ASO,ES,Federal Contract Tower,0,10,31,0,41,0,1,57,1,59,0,11,88,1,100,8,0,8,108
10/19/2018,AHN,GA,ASO,ES,Federal Contract Tower,0,0,41,3,44,0,3,46,2,51,0,3,87,5,95,80,0,80,175
10/20/2018,AHN,GA,ASO,ES,Federal Contract Tower,0,5,15,3,23,0,1,18,0,19,0,6,33,3,42,26,0,26,68
10/21/2018,AHN,GA,ASO,ES,Federal Contract Tower,0,4,15,0,19,0,1,58,0,59,0,5,73,0,78,28,0,28,106
10/22/2018,AHN,GA,ASO,ES,Federal Contract Tower,0,0,24,0,24,0,2,94,0,96,0,2,118,0,120,62,0,62,182
10/23/2018,AHN,GA,ASO,ES,Federal Contract Tower,0,7,30,2,39,0,3,56,3,62,0,10,86,5,101,40,0,40,141
10/24/2018,AHN,GA,ASO,ES,Federal Contract Tower,0,4,18,0,22,0,1,84,0,85,0,5,102,0,107,50,0,50,157
10/25/2018,AHN,GA,ASO,ES,Federal Contract Tower,0,6,23,2,31,0,0,43,0,43,0,6,66,2,74,22,0,22,96
10/26/2018,AHN,GA,ASO,ES,Federal Contract Tower,4,6,30,0,40,0,0,0,0,0,4,6,30,0,40,0,0,0,40
10/27/2018,AHN,GA,ASO,ES,Federal Contract Tower,0,0,22,0,22,0,0,17,0,17,0,0,39,0,39,32,0,32,71
10/28/2018,AHN,GA,ASO,ES,Federal Contract Tower,0,8,40,1,49,0,0,57,0,57,0,8,97,1,106,34,0,34,140
10/29/2018,AHN,GA,ASO,ES,Federal Contract Tower,0,2,22,0,24,0,0,34,0,34,0,2,56,0,58,30,0,30,88
10/30/2018,AHN,GA,ASO,ES,Federal Contract Tower,0,1,21,0,22,0,1,44,2,47,0,2,65,2,69,36,0,36,105
10/31/2018,AHN,GA,ASO,ES,Federal Contract Tower,0,1,26,0,27,0,0,45,1,46,0,1,71,1,73,34,0,34,107
11/01/2018,AHN,GA,ASO,ES,Federal Contract Tower,0,4,24,0,28,0,0,7,0,7,0,4,31,0,35,26,0,26,61
11/02/2018,AHN,GA,ASO,ES,Federal Contract Tower,4,7,22,4,37,0,1,16,1,18,4,8,38,5,55,0,0,0,55
11/03/2018,AHN,GA,ASO,ES,Federal Contract Tower,0,6,26,4,36,0,0,72,0,72,0,6,98,4,108,46,0,46,154
11/04/2018,AHN,GA,ASO,ES,Federal Contract Tower,0,3,26,0,29,0,1,48,0,49,0,4,74,0,78,2,0,2,80
11/05/2018,AHN,GA,ASO,ES,Federal Contract Tower,0,3,4,0,7,0,0,0,0,0,0,3,4,0,7,0,0,0,7
11/06/2018,AHN,GA,ASO,ES,Federal Contract Tower,0,0,12,2,14,0,1,19,2,22,0,1,31,4,36,8,0,8,44
11/07/2018,AHN,GA,ASO,ES,Federal Contract Tower,0,0,19,0,19,0,0,37,5,42,0,0,56,5,61,38,4,42,103
11/08/2018,AHN,GA,ASO,ES,Federal Contract Tower,0,0,32,0,32,0,0,23,0,23,0,0,55,0,55,46,0,46,101
11/09/2018,AHN,GA,ASO,ES,Federal Contract Tower,0,0,45,0,45,0,0,0,0,0,0,0,45,0,45,0,0,0,45
11/10/2018,AHN,GA,ASO,ES,Federal Contract Tower,0,8,52,0,60,0,0,51,0,51,0,8,103,0,111,18,0,18,129
11/11/2018,AHN,GA,ASO,ES,Federal Contract Tower,0,7,53,0,60,0,0,68,0,68,0,7,121,0,128,16,0,16,144
11/12/2018,AHN,GA,ASO,ES,Federal Contract Tower,0,0,10,0,10,0,0,0,0,0,0,0,10,0,10,0,0,0,10
11/13/2018,AHN,GA,ASO,ES,Federal Contract Tower,0,0,13,0,13,0,0,0,0,0,0,0,13,0,13,0,0,0,13
11/14/2018,AHN,GA,ASO,ES,Federal Contract Tower,0,0,12,0,12,0,0,0,0,0,0,0,12,0,12,0,0,0,12
11/15/2018,AHN,GA,ASO,ES,Federal Contract Tower,0,2,11,0,13,0,0,1,2,3,0,2,12,2,16,0,0,0,16
11/16/2018,AHN,GA,ASO,ES,Federal Contract Tower,0,8,19,0,27,0,0,83,0,83,0,8,102,0,110,0,0,0,110
11/17/2018,AHN,GA,ASO,ES,Federal Contract Tower,0,1,20,2,23,0,4,69,1,74,0,5,89,3,97,8,0,8,105
11/18/2018,AHN,GA,ASO,ES,Federal Contract Tower,0,2,19,0,21,0,0,60,0,60,0,2,79,0,81,34,0,34,115
11/19/2018,AHN,GA,ASO,ES,Federal Contract Tower,0,0,11,0,11,0,1,33,0,34,0,1,44,0,45,0,0,0,45
11/20/2018,AHN,GA,ASO,ES,Federal Contract Tower,0,0,24,0,24,0,0,52,0,52,0,0,76,0,76,8,22,30,106
11/21/2018,AHN,GA,ASO,ES,Federal Contract Tower,0,2,18,0,20,0,0,54,0,54,0,2,72,0,74,28,0,28,102
11/22/2018,AHN,GA,ASO,ES,Federal Contract Tower,0,0,4,0,4,0,0,13,0,13,0,0,17,0,17,16,0,16,33
11/23/2018,AHN,GA,ASO,ES,Federal Contract Tower,0,0,14,0,14,0,0,19,0,19,0,0,33,0,33,0,0,0,33
11/24/2018,AHN,GA,ASO,ES,Federal Contract Tower,0,4,30,0,34,0,0,0,0,0,0,4,30,0,34,0,0,0,34
11/25/2018,AHN,GA,ASO,ES,Federal Contract Tower,0,0,29,0,29,0,0,0,0,0,0,0,29,0,29,0,0,0,29
11/26/2018,AHN,GA,ASO,ES,Federal Contract Tower,0,0,15,0,15,0,0,7,0,7,0,0,22,0,22,0,0,0,22
11/27/2018,AHN,GA,ASO,ES,Federal Contract Tower,0,0,19,2,21,0,0,31,0,31,0,0,50,2,52,4,0,4,56
11/28/2018,AHN,GA,ASO,ES,Federal Contract Tower,0,4,19,0,23,0,0,46,0,46,0,4,65,0,69,18,0,18,87
11/29/2018,AHN,GA,ASO,ES,Federal Contract Tower,0,0,10,2,12,0,1,48,0,49,0,1,58,2,61,18,0,18,79
11/30/2018,AHN,GA,ASO,ES,Federal Contract Tower,0,0,16,0,16,0,0,67,2,69,0,0,83,2,85,37,0,37,122
12/01/2018,AHN,GA,ASO,ES,Federal Contract Tower,0,0,7,0,7,0,0,0,0,0,0,0,7,0,7,0,0,0,7
12/02/2018,AHN,GA,ASO,ES,Federal Contract Tower,0,0,16,0,16,0,0,28,0,28,0,0,44,0,44,26,0,26,70
12/03/2018,AHN,GA,ASO,ES,Federal Contract Tower,0,2,21,0,23,0,0,44,0,44,0,2,65,0,67,28,0,28,95
12/04/2018,AHN,GA,ASO,ES,Federal Contract Tower,0,0,16,2,18,0,4,60,0,64,0,4,76,2,82,6,0,6,88
12/05/2018,AHN,GA,ASO,ES,Federal Contract Tower,0,0,16,0,16,0,9,47,0,56,0,9,63,0,72,22,0,22,94
12/06/2018,AHN,GA,ASO,ES,Federal Contract Tower,0,2,26,0,28,0,0,58,0,58,0,2,84,0,86,32,0,32,118
12/07/2018,AHN,GA,ASO,ES,Federal Contract Tower,0,0,10,0,10,0,0,59,0,59,0,0,69,0,69,18,0,18,87
12/08/2018,AHN,GA,ASO,ES,Federal Contract Tower,0,0,3,0,3,0,0,0,0,0,0,0,3,0,3,0,0,0,3
12/09/2018,AHN,GA,ASO,ES,Federal Contract Tower,0,0,0,0,0,0,0,0,0,0,0,0,0,0,0,0,0,0,0
12/10/2018,AHN,GA,ASO,ES,Federal Contract Tower,0,0,8,0,8,0,0,0,0,0,0,0,8,0,8,0,0,0,8
12/11/2018,AHN,GA,ASO,ES,Federal Contract Tower,0,0,26,0,26,0,3,86,0,89,0,3,112,0,115,86,4,90,205
12/12/2018,AHN,GA,ASO,ES,Federal Contract Tower,0,0,19,0,19,0,0,60,0,60,0,0,79,0,79,36,0,36,115
12/13/2018,AHN,GA,ASO,ES,Federal Contract Tower,0,0,7,0,7,0,0,67,0,67,0,0,74,0,74,56,0,56,130
12/14/2018,AHN,GA,ASO,ES,Federal Contract Tower,0,0,3,2,5,0,0,0,0,0,0,0,3,2,5,0,0,0,5
12/15/2018,AHN,GA,ASO,ES,Federal Contract Tower,0,0,6,0,6,0,3,10,0,13,0,3,16,0,19,0,0,0,19
12/16/2018,AHN,GA,ASO,ES,Federal Contract Tower,0,0,19,0,19,0,0,33,0,33,0,0,52,0,52,26,0,26,78
12/17/2018,AHN,GA,ASO,ES,Federal Contract Tower,0,0,9,0,9,0,2,103,0,105,0,2,112,0,114,28,0,28,142
12/18/2018,AHN,GA,ASO,ES,Federal Contract Tower,0,0,21,0,21,0,0,62,0,62,0,0,83,0,83,14,2,16,99
12/19/2018,AHN,GA,ASO,ES,Federal Contract Tower,0,0,15,3,18,0,3,66,3,72,0,3,81,6,90,24,0,24,114
12/20/2018,AHN,GA,ASO,ES,Federal Contract Tower,0,0,6,0,6,0,0,0,0,0,0,0,6,0,6,0,0,0,6
12/21/2018,AHN,GA,ASO,ES,Federal Contract Tower,0,0,5,0,5,0,0,0,0,0,0,0,5,0,5,0,0,0,5
12/22/2018,AHN,GA,ASO,ES,Federal Contract Tower,0,0,11,0,11,0,0,47,0,47,0,0,58,0,58,58,0,58,116
12/23/2018,AHN,GA,ASO,ES,Federal Contract Tower,0,2,10,0,12,0,0,2,0,2,0,2,12,0,14,22,0,22,36
12/24/2018,AHN,GA,ASO,ES,Federal Contract Tower,0,2,2,0,4,0,0,35,0,35,0,2,37,0,39,54,0,54,93
12/25/2018,AHN,GA,ASO,ES,Federal Contract Tower,0,0,1,0,1,0,0,9,0,9,0,0,10,0,10,0,0,0,10
12/26/2018,AHN,GA,ASO,ES,Federal Contract Tower,0,0,15,0,15,0,2,59,0,61,0,2,74,0,76,4,0,4,80
12/27/2018,AHN,GA,ASO,ES,Federal Contract Tower,0,0,10,0,10,0,0,19,0,19,0,0,29,0,29,20,0,20,49
12/28/2018,AHN,GA,ASO,ES,Federal Contract Tower,0,0,2,0,2,0,0,0,0,0,0,0,2,0,2,0,0,0,2
12/29/2018,AHN,GA,ASO,ES,Federal Contract Tower,0,0,12,0,12,0,2,40,0,42,0,2,52,0,54,26,0,26,80
12/30/2018,AHN,GA,ASO,ES,Federal Contract Tower,0,0,2,0,2,0,0,0,0,0,0,0,2,0,2,0,0,0,2
12/31/2018,AHN,GA,ASO,ES,Federal Contract Tower,0,0,0,0,0,0,0,0,0,0,0,0,0,0,0,0,0,0,0
01/01/2019,AHN,GA,ASO,ES,Federal Contract Tower,0,0,10,0,10,0,0,10,0,10,0,0,20,0,20,16,0,16,36
01/02/2019,AHN,GA,ASO,ES,Federal Contract Tower,0,2,9,0,11,0,0,24,0,24,0,2,33,0,35,14,0,14,49
01/03/2019,AHN,GA,ASO,ES,Federal Contract Tower,0,0,24,2,26,0,0,0,0,0,0,0,24,2,26,0,0,0,26
01/04/2019,AHN,GA,ASO,ES,Federal Contract Tower,0,0,5,0,5,0,0,0,0,0,0,0,5,0,5,0,0,0,5
01/05/2019,AHN,GA,ASO,ES,Federal Contract Tower,0,0,21,0,21,0,0,68,0,68,0,0,89,0,89,10,0,10,99
01/06/2019,AHN,GA,ASO,ES,Federal Contract Tower,0,0,24,0,24,0,0,51,0,51,0,0,75,0,75,22,0,22,97
01/07/2019,AHN,GA,ASO,ES,Federal Contract Tower,0,0,14,0,14,0,4,49,0,53,0,4,63,0,67,14,0,14,81
01/08/2019,AHN,GA,ASO,ES,Federal Contract Tower,0,0,29,0,29,0,0,20,0,20,0,0,49,0,49,54,2,56,105
01/09/2019,AHN,GA,ASO,ES,Federal Contract Tower,0,0,13,1,14,0,0,56,0,56,0,0,69,1,70,34,0,34,104
01/10/2019,AHN,GA,ASO,ES,Federal Contract Tower,0,14,0,0,14,0,0,51,2,53,0,14,51,2,67,46,0,46,113
01/11/2019,AHN,GA,ASO,ES,Federal Contract Tower,0,5,5,0,10,0,2,91,0,93,0,7,96,0,103,18,2,20,123
01/12/2019,AHN,GA,ASO,ES,Federal Contract Tower,0,2,7,0,9,0,0,10,0,10,0,2,17,0,19,8,0,8,27
01/13/2019,AHN,GA,ASO,ES,Federal Contract Tower,0,3,11,0,14,0,0,0,0,0,0,3,11,0,14,0,0,0,14
01/14/2019,AHN,GA,ASO,ES,Federal Contract Tower,0,0,15,0,15,0,0,10,0,10,0,0,25,0,25,70,0,70,95
01/15/2019,AHN,GA,ASO,ES,Federal Contract Tower,0,0,34,0,34,0,0,49,3,52,0,0,83,3,86,83,10,93,179
01/16/2019,AHN,GA,ASO,ES,Federal Contract Tower,0,1,19,0,20,0,0,55,0,55,0,1,74,0,75,26,0,26,101
01/17/2019,AHN,GA,ASO,ES,Federal Contract Tower,0,1,26,0,27,0,30,0,0,30,0,31,26,0,57,44,0,44,101
01/18/2019,AHN,GA,ASO,ES,Federal Contract Tower,0,4,16,0,20,0,0,35,0,35,0,4,51,0,55,22,0,22,77
01/19/2019,AHN,GA,ASO,ES,Federal Contract Tower,0,0,2,0,2,0,0,0,0,0,0,0,2,0,2,0,0,0,2
01/20/2019,AHN,GA,ASO,ES,Federal Contract Tower,0,0,10,0,10,0,0,4,0,4,0,0,14,0,14,0,0,0,14
01/21/2019,AHN,GA,ASO,ES,Federal Contract Tower,0,0,21,0,21,0,0,76,0,76,0,0,97,0,97,146,0,146,243
01/22/2019,AHN,GA,ASO,ES,Federal Contract Tower,0,3,14,1,18,0,0,44,3,47,0,3,58,4,65,56,0,56,121
01/23/2019,AHN,GA,ASO,ES,Federal Contract Tower,0,0,10,0,10,0,0,12,0,12,0,0,22,0,22,42,0,42,64
01/24/2019,AHN,GA,ASO,ES,Federal Contract Tower,0,0,10,0,10,0,0,17,1,18,0,0,27,1,28,2,2,4,32
01/25/2019,AHN,GA,ASO,ES,Federal Contract Tower,0,0,27,0,27,0,1,51,0,52,0,1,78,0,79,40,0,40,119
01/26/2019,AHN,GA,ASO,ES,Federal Contract Tower,0,0,10,2,12,0,0,69,2,71,0,0,79,4,83,60,0,60,143
01/27/2019,AHN,GA,ASO,ES,Federal Contract Tower,0,2,19,0,21,0,0,82,0,82,0,2,101,0,103,28,0,28,131
01/28/2019,AHN,GA,ASO,ES,Federal Contract Tower,0,0,13,0,13,0,4,69,0,73,0,4,82,0,86,28,0,28,114
01/29/2019,AHN,GA,ASO,ES,Federal Contract Tower,0,0,8,0,8,0,0,26,2,28,0,0,34,2,36,14,0,14,50
01/30/2019,AHN,GA,ASO,ES,Federal Contract Tower,0,4,16,0,20,0,0,38,0,38,0,4,54,0,58,28,0,28,86
01/31/2019,AHN,GA,ASO,ES,Federal Contract Tower,0,2,28,0,30,0,0,67,0,67,0,2,95,0,97,38,0,38,135
02/01/2019,AHN,GA,ASO,ES,Federal Contract Tower,0,4,30,0,34,0,0,78,0,78,0,4,108,0,112,22,0,22,134
02/02/2019,AHN,GA,ASO,ES,Federal Contract Tower,0,2,22,0,24,0,0,44,0,44,0,2,66,0,68,58,0,58,126
02/03/2019,AHN,GA,ASO,ES,Federal Contract Tower,0,4,30,0,34,0,0,7,0,7,0,4,37,0,41,4,0,4,45
02/04/2019,AHN,GA,ASO,ES,Federal Contract Tower,0,0,29,0,29,0,0,43,0,43,0,0,72,0,72,24,0,24,96
02/05/2019,AHN,GA,ASO,ES,Federal Contract Tower,0,4,17,2,23,0,0,61,2,63,0,4,78,4,86,45,4,49,135
02/06/2019,AHN,GA,ASO,ES,Federal Contract Tower,0,2,22,1,25,0,0,12,0,12,0,2,34,1,37,40,0,40,77
02/07/2019,AHN,GA,ASO,ES,Federal Contract Tower,0,2,28,1,31,0,0,66,2,68,0,2,94,3,99,12,0,12,111
02/08/2019,AHN,GA,ASO,ES,Federal Contract Tower,0,2,19,0,21,0,2,55,2,59,0,4,74,2,80,120,8,128,208
02/09/2019,AHN,GA,ASO,ES,Federal Contract Tower,0,2,25,0,27,0,7,83,0,90,0,9,108,0,117,42,0,42,159
02/10/2019,AHN,GA,ASO,ES,Federal Contract Tower,0,7,15,0,22,0,1,1,0,2,0,8,16,0,24,0,0,0,24
02/11/2019,AHN,GA,ASO,ES,Federal Contract Tower,0,1,8,0,9,0,0,0,0,0,0,1,8,0,9,0,0,0,9
02/12/2019,AHN,GA,ASO,ES,Federal Contract Tower,0,0,15,2,17,0,0,1,0,1,0,0,16,2,18,0,0,0,18
02/13/2019,AHN,GA,ASO,ES,Federal Contract Tower,0,1,18,2,21,0,5,86,0,91,0,6,104,2,112,40,0,40,152
02/14/2019,AHN,GA,ASO,ES,Federal Contract Tower,0,4,21,0,25,0,3,88,0,91,0,7,109,0,116,70,0,70,186
02/15/2019,AHN,GA,ASO,ES,Federal Contract Tower,0,9,49,0,58,0,0,17,0,17,0,9,66,0,75,186,0,186,261
02/16/2019,AHN,GA,ASO,ES,Federal Contract Tower,0,4,16,0,20,0,0,50,0,50,0,4,66,0,70,50,0,50,120
02/17/2019,AHN,GA,ASO,ES,Federal Contract Tower,0,10,13,0,23,0,0,0,0,0,0,10,13,0,23,0,0,0,23
02/18/2019,AHN,GA,ASO,ES,Federal Contract Tower,0,2,21,0,23,0,4,67,0,71,0,6,88,0,94,44,0,44,138
02/19/2019,AHN,GA,ASO,ES,Federal Contract Tower,0,1,4,0,5,0,0,6,0,6,0,1,10,0,11,8,0,8,19
02/20/2019,AHN,GA,ASO,ES,Federal Contract Tower,0,10,6,0,16,0,0,0,0,0,0,10,6,0,16,0,0,0,16
02/21/2019,AHN,GA,ASO,ES,Federal Contract Tower,0,0,1,0,1,0,0,0,0,0,0,0,1,0,1,0,0,0,1
02/22/2019,AHN,GA,ASO,ES,Federal Contract Tower,0,1,3,0,4,0,0,0,0,0,0,1,3,0,4,0,0,0,4
02/23/2019,AHN,GA,ASO,ES,Federal Contract Tower,0,2,5,0,7,0,0,0,0,0,0,2,5,0,7,0,0,0,7
02/24/2019,AHN,GA,ASO,ES,Federal Contract Tower,0,2,5,0,7,0,0,23,0,23,0,2,28,0,30,4,0,4,34
02/25/2019,AHN,GA,ASO,ES,Federal Contract Tower,0,4,23,0,27,0,0,97,0,97,0,4,120,0,124,54,0,54,178
02/26/2019,AHN,GA,ASO,ES,Federal Contract Tower,0,0,22,0,22,0,0,83,0,83,0,0,105,0,105,68,0,68,173
02/27/2019,AHN,GA,ASO,ES,Federal Contract Tower,0,3,37,2,42,0,0,49,0,49,0,3,86,2,91,82,0,82,173
02/28/2019,AHN,GA,ASO,ES,Federal Contract Tower,0,2,18,2,22,0,0,6,0,6,0,2,24,2,28,26,0,26,54
03/01/2019,AHN,GA,ASO,ES,Federal Contract Tower,0,3,18,0,21,0,0,3,0,3,0,3,21,0,24,116,0,116,140
03/02/2019,AHN,GA,ASO,ES,Federal Contract Tower,0,10,46,0,56,0,0,69,0,69,0,10,115,0,125,104,8,112,237
03/03/2019,AHN,GA,ASO,ES,Federal Contract Tower,0,4,12,0,16,0,0,8,0,8,0,4,20,0,24,120,0,120,144
03/04/2019,AHN,GA,ASO,ES,Federal Contract Tower,0,1,23,4,28,0,3,95,4,102,0,4,118,8,130,8,0,8,138
03/05/2019,AHN,GA,ASO,ES,Federal Contract Tower,0,3,10,0,13,0,2,58,0,60,0,5,68,0,73,56,0,56,129
03/06/2019,AHN,GA,ASO,ES,Federal Contract Tower,0,3,19,0,22,0,0,88,2,90,0,3,107,2,112,90,0,90,202
03/07/2019,AHN,GA,ASO,ES,Federal Contract Tower,0,2,19,0,21,0,0,143,0,143,0,2,162,0,164,82,0,82,246
03/08/2019,AHN,GA,ASO,ES,Federal Contract Tower,0,3,15,0,18,0,2,32,1,35,0,5,47,1,53,162,0,162,215
03/09/2019,AHN,GA,ASO,ES,Federal Contract Tower,0,7,12,0,19,0,0,0,0,0,0,7,12,0,19,0,0,0,19
03/10/2019,AHN,GA,ASO,ES,Federal Contract Tower,0,2,39,0,41,0,0,88,0,88,0,2,127,0,129,10,0,10,139
03/11/2019,AHN,GA,ASO,ES,Federal Contract Tower,0,0,14,0,14,0,1,53,0,54,0,1,67,0,68,62,0,62,130
03/12/2019,AHN,GA,ASO,ES,Federal Contract Tower,0,4,10,1,15,0,0,94,1,95,0,4,104,2,110,96,4,100,210
03/13/2019,AHN,GA,ASO,ES,Federal Contract Tower,0,2,15,13,30,0,1,77,1,79,0,3,92,14,109,118,0,118,227
03/14/2019,AHN,GA,ASO,ES,Federal Contract Tower,0,3,28,2,33,0,0,30,2,32,0,3,58,4,65,56,0,56,121
03/15/2019,AHN,GA,ASO,ES,Federal Contract Tower,0,0,30,0,30,0,0,12,0,12,0,0,42,0,42,48,0,48,90
03/16/2019,AHN,GA,ASO,ES,Federal Contract Tower,0,2,18,0,20,0,0,45,0,45,0,2,63,0,65,121,0,121,186
03/17/2019,AHN,GA,ASO,ES,Federal Contract Tower,0,2,26,0,28,0,0,126,0,126,0,2,152,0,154,78,0,78,232
03/18/2019,AHN,GA,ASO,ES,Federal Contract Tower,0,0,22,0,22,0,0,62,0,62,0,0,84,0,84,24,0,24,108
03/19/2019,AHN,GA,ASO,ES,Federal Contract Tower,0,1,24,0,25,0,1,75,0,76,0,2,99,0,101,20,0,20,121
03/20/2019,AHN,GA,ASO,ES,Federal Contract Tower,0,2,19,0,21,0,2,81,0,83,0,4,100,0,104,12,0,12,116
03/21/2019,AHN,GA,ASO,ES,Federal Contract Tower,0,4,2,2,8,0,0,10,0,10,0,4,12,2,18,0,0,0,18
03/22/2019,AHN,GA,ASO,ES,Federal Contract Tower,0,8,15,0,23,0,0,47,0,47,0,8,62,0,70,18,0,18,88
03/23/2019,AHN,GA,ASO,ES,Federal Contract Tower,0,2,15,0,17,0,1,101,0,102,0,3,116,0,119,72,0,72,191
03/24/2019,AHN,GA,ASO,ES,Federal Contract Tower,0,7,22,0,29,0,0,77,0,77,0,7,99,0,106,42,0,42,148
03/25/2019,AHN,GA,ASO,ES,Federal Contract Tower,0,1,24,0,25,0,0,51,0,51,0,1,75,0,76,66,0,66,142
03/26/2019,AHN,GA,ASO,ES,Federal Contract Tower,0,0,18,0,18,0,0,62,0,62,0,0,80,0,80,198,0,198,278
03/27/2019,AHN,GA,ASO,ES,Federal Contract Tower,0,4,22,0,26,0,2,70,2,74,0,6,92,2,100,174,2,176,276
03/28/2019,AHN,GA,ASO,ES,Federal Contract Tower,0,8,29,1,38,0,2,113,0,115,0,10,142,1,153,116,0,116,269
03/29/2019,AHN,GA,ASO,ES,Federal Contract Tower,0,6,27,4,37,0,0,66,0,66,0,6,93,4,103,70,0,70,173
03/30/2019,AHN,GA,ASO,ES,Federal Contract Tower,0,3,21,0,24,0,1,47,0,48,0,4,68,0,72,86,0,86,158
03/31/2019,AHN,GA,ASO,ES,Federal Contract Tower,0,2,34,0,36,0,0,30,0,30,0,2,64,0,66,2,0,2,68
04/01/2019,AHN,GA,ASO,ES,Federal Contract Tower,0,2,28,2,32,0,9,53,0,62,0,11,81,2,94,48,0,48,142
04/02/2019,AHN,GA,ASO,ES,Federal Contract Tower,0,0,24,4,28,0,0,91,2,93,0,0,115,6,121,68,0,68,189
04/03/2019,AHN,GA,ASO,ES,Federal Contract Tower,0,6,24,2,32,0,0,108,1,109,0,6,132,3,141,112,0,112,253
04/04/2019,AHN,GA,ASO,ES,Federal Contract Tower,0,6,22,0,28,0,0,76,0,76,0,6,98,0,104,100,0,100,204
04/05/2019,AHN,GA,ASO,ES,Federal Contract Tower,0,1,31,0,32,0,0,6,0,6,0,1,37,0,38,0,0,0,38
04/06/2019,AHN,GA,ASO,ES,Federal Contract Tower,0,1,29,0,30,0,0,28,0,28,0,1,57,0,58,146,0,146,204
04/07/2019,AHN,GA,ASO,ES,Federal Contract Tower,0,6,43,0,49,0,0,40,0,40,0,6,83,0,89,8,0,8,97
04/08/2019,AHN,GA,ASO,ES,Federal Contract Tower,0,2,31,0,33,0,0,39,0,39,0,2,70,0,72,20,0,20,92
04/09/2019,AHN,GA,ASO,ES,Federal Contract Tower,0,2,16,0,18,0,0,29,0,29,0,2,45,0,47,36,0,36,83
04/10/2019,AHN,GA,ASO,ES,Federal Contract Tower,0,1,28,0,29,0,0,95,2,97,0,1,123,2,126,132,0,132,258
04/11/2019,AHN,GA,ASO,ES,Federal Contract Tower,0,7,27,0,34,0,1,51,0,52,0,8,78,0,86,44,0,44,130
04/12/2019,AHN,GA,ASO,ES,Federal Contract Tower,0,0,23,8,31,0,0,11,0,11,0,0,34,8,42,44,0,44,86
04/13/2019,AHN,GA,ASO,ES,Federal Contract Tower,0,4,19,2,25,0,0,21,0,21,0,4,40,2,46,84,0,84,130
04/14/2019,AHN,GA,ASO,ES,Federal Contract Tower,0,2,18,0,20,0,0,0,0,0,0,2,18,0,20,0,0,0,20
04/15/2019,AHN,GA,ASO,ES,Federal Contract Tower,0,6,34,0,40,0,0,38,0,38,0,6,72,0,78,40,0,40,118
04/16/2019,AHN,GA,ASO,ES,Federal Contract Tower,0,2,26,0,28,0,7,105,2,114,0,9,131,2,142,168,0,168,310
04/17/2019,AHN,GA,ASO,ES,Federal Contract Tower,0,5,25,2,32,0,3,76,0,79,0,8,101,2,111,114,0,114,225
04/18/2019,AHN,GA,ASO,ES,Federal Contract Tower,0,1,39,0,40,0,0,35,0,35,0,1,74,0,75,64,0,64,139
04/19/2019,AHN,GA,ASO,ES,Federal Contract Tower,0,5,19,0,24,0,0,1,0,1,0,5,20,0,25,0,0,0,25
04/20/2019,AHN,GA,ASO,ES,Federal Contract Tower,0,0,36,0,36,0,0,5,0,5,0,0,41,0,41,22,0,22,63
04/21/2019,AHN,GA,ASO,ES,Federal Contract Tower,0,1,5,0,6,0,0,55,0,55,0,1,60,0,61,54,0,54,115
04/22/2019,AHN,GA,ASO,ES,Federal Contract Tower,0,5,23,0,28,0,0,65,0,65,0,5,88,0,93,234,0,234,327
04/23/2019,AHN,GA,ASO,ES,Federal Contract Tower,0,1,22,2,25,0,1,75,2,78,0,2,97,4,103,182,0,182,285
04/24/2019,AHN,GA,ASO,ES,Federal Contract Tower,0,0,23,2,25,0,0,86,0,86,0,0,109,2,111,82,2,84,195
04/25/2019,AHN,GA,ASO,ES,Federal Contract Tower,0,1,32,0,33,0,0,96,1,97,0,1,128,1,130,68,0,68,198
04/26/2019,AHN,GA,ASO,ES,Federal Contract Tower,0,5,14,3,22,0,2,3,5,10,0,7,17,8,32,0,0,0,32
04/27/2019,AHN,GA,ASO,ES,Federal Contract Tower,0,0,14,0,14,0,3,156,0,159,0,3,170,0,173,174,0,174,347
04/28/2019,AHN,GA,ASO,ES,Federal Contract Tower,0,7,16,2,25,0,0,44,6,50,0,7,60,8,75,68,0,68,143
04/29/2019,AHN,GA,ASO,ES,Federal Contract Tower,0,1,15,2,18,0,3,64,0,67,0,4,79,2,85,164,0,164,249
04/30/2019,AHN,GA,ASO,ES,Federal Contract Tower,0,0,26,0,26,0,2,45,0,47,0,2,71,0,73,120,0,120,193
05/01/2019,AHN,GA,ASO,ES,Federal Contract Tower,0,10,34,1,45,0,4,163,3,170,0,14,197,4,215,8,0,8,223
05/02/2019,AHN,GA,ASO,ES,Federal Contract Tower,0,1,16,0,17,0,0,47,0,47,0,1,63,0,64,106,0,106,170
05/03/2019,AHN,GA,ASO,ES,Federal Contract Tower,0,5,28,0,33,0,0,48,0,48,0,5,76,0,81,50,0,50,131
05/04/2019,AHN,GA,ASO,ES,Federal Contract Tower,0,1,7,0,8,0,0,18,0,18,0,1,25,0,26,24,0,24,50
05/05/2019,AHN,GA,ASO,ES,Federal Contract Tower,0,2,21,9,32,0,0,46,0,46,0,2,67,9,78,38,0,38,116
05/06/2019,AHN,GA,ASO,ES,Federal Contract Tower,0,1,15,0,16,0,0,68,0,68,0,1,83,0,84,124,0,124,208
05/07/2019,AHN,GA,ASO,ES,Federal Contract Tower,0,4,28,0,32,0,0,21,0,21,0,4,49,0,53,88,0,88,141
05/08/2019,AHN,GA,ASO,ES,Federal Contract Tower,0,13,23,0,36,0,0,101,0,101,0,13,124,0,137,6,0,6,143
05/09/2019,AHN,GA,ASO,ES,Federal Contract Tower,0,2,40,0,42,0,0,51,0,51,0,2,91,0,93,60,0,60,153
05/10/2019,AHN,GA,ASO,ES,Federal Contract Tower,0,13,58,0,71,0,0,25,0,25,0,13,83,0,96,16,0,16,112
05/11/2019,AHN,GA,ASO,ES,Federal Contract Tower,0,1,17,2,20,0,0,5,0,5,0,1,22,2,25,0,0,0,25
05/12/2019,AHN,GA,ASO,ES,Federal Contract Tower,0,2,9,0,11,0,0,5,0,5,0,2,14,0,16,10,0,10,26
05/13/2019,AHN,GA,ASO,ES,Federal Contract Tower,0,5,13,0,18,0,0,57,0,57,0,5,70,0,75,52,0,52,127
05/14/2019,AHN,GA,ASO,ES,Federal Contract Tower,0,4,32,1,37,0,2,73,1,76,0,6,105,2,113,120,0,120,233
05/15/2019,AHN,GA,ASO,ES,Federal Contract Tower,0,15,24,0,39,0,2,82,2,86,0,17,106,2,125,90,0,90,215
05/16/2019,AHN,GA,ASO,ES,Federal Contract Tower,0,3,27,0,30,0,7,66,2,75,0,10,93,2,105,44,0,44,149
05/17/2019,AHN,GA,ASO,ES,Federal Contract Tower,0,4,24,0,28,0,0,42,0,42,0,4,66,0,70,12,0,12,82
05/18/2019,AHN,GA,ASO,ES,Federal Contract Tower,0,7,17,0,24,0,0,65,2,67,0,7,82,2,91,108,0,108,199
05/19/2019,AHN,GA,ASO,ES,Federal Contract Tower,0,16,15,0,31,0,0,51,0,51,0,16,66,0,82,36,0,36,118
05/20/2019,AHN,GA,ASO,ES,Federal Contract Tower,0,2,32,0,34,0,0,52,0,52,0,2,84,0,86,64,0,64,150
05/21/2019,AHN,GA,ASO,ES,Federal Contract Tower,0,5,19,7,31,0,0,50,1,51,0,5,69,8,82,88,0,88,170
05/22/2019,AHN,GA,ASO,ES,Federal Contract Tower,0,3,23,0,26,0,0,82,0,82,0,3,105,0,108,102,0,102,210
05/23/2019,AHN,GA,ASO,ES,Federal Contract Tower,0,4,28,2,34,0,0,60,0,60,0,4,88,2,94,104,0,104,198
05/24/2019,AHN,GA,ASO,ES,Federal Contract Tower,0,6,13,0,19,0,3,57,0,60,0,9,70,0,79,66,0,66,145
05/25/2019,AHN,GA,ASO,ES,Federal Contract Tower,0,1,9,0,10,0,1,66,0,67,0,2,75,0,77,120,0,120,197
05/26/2019,AHN,GA,ASO,ES,Federal Contract Tower,0,0,15,0,15,0,1,50,0,51,0,1,65,0,66,36,0,36,102
05/27/2019,AHN,GA,ASO,ES,Federal Contract Tower,0,3,7,0,10,0,0,35,0,35,0,3,42,0,45,56,0,56,101
05/28/2019,AHN,GA,ASO,ES,Federal Contract Tower,0,2,27,0,29,0,0,57,2,59,0,2,84,2,88,36,0,36,124
05/29/2019,AHN,GA,ASO,ES,Federal Contract Tower,0,1,27,0,28,0,1,56,0,57,0,2,83,0,85,63,0,63,148
05/30/2019,AHN,GA,ASO,ES,Federal Contract Tower,0,3,34,0,37,0,2,61,0,63,0,5,95,0,100,34,0,34,134
05/31/2019,AHN,GA,ASO,ES,Federal Contract Tower,0,3,33,5,41,0,0,61,0,61,0,3,94,5,102,42,0,42,144
06/01/2019,AHN,GA,ASO,ES,Federal Contract Tower,0,3,18,0,21,0,2,65,0,67,0,5,83,0,88,150,0,150,238
06/02/2019,AHN,GA,ASO,ES,Federal Contract Tower,0,0,17,4,21,0,0,41,0,41,0,0,58,4,62,68,0,68,130
06/03/2019,AHN,GA,ASO,ES,Federal Contract Tower,0,4,21,0,25,0,0,60,0,60,0,4,81,0,85,68,0,68,153
06/04/2019,AHN,GA,ASO,ES,Federal Contract Tower,0,2,24,2,28,0,0,35,0,35,0,2,59,2,63,66,0,66,129
06/05/2019,AHN,GA,ASO,ES,Federal Contract Tower,0,3,20,0,23,0,1,31,0,32,0,4,51,0,55,12,0,12,67
06/06/2019,AHN,GA,ASO,ES,Federal Contract Tower,0,9,26,3,38,0,0,47,0,47,0,9,73,3,85,66,0,66,151
06/07/2019,AHN,GA,ASO,ES,Federal Contract Tower,0,1,19,0,20,0,0,3,0,3,0,1,22,0,23,10,0,10,33
06/08/2019,AHN,GA,ASO,ES,Federal Contract Tower,0,6,0,0,6,0,0,0,0,0,0,6,0,0,6,0,0,0,6
06/09/2019,AHN,GA,ASO,ES,Federal Contract Tower,0,9,5,0,14,0,0,0,0,0,0,9,5,0,14,0,0,0,14
06/10/2019,AHN,GA,ASO,ES,Federal Contract Tower,0,0,28,1,29,0,0,10,1,11,0,0,38,2,40,24,0,24,64
06/11/2019,AHN,GA,ASO,ES,Federal Contract Tower,0,11,13,0,24,0,0,72,0,72,0,11,85,0,96,82,0,82,178
06/12/2019,AHN,GA,ASO,ES,Federal Contract Tower,0,3,37,2,42,0,0,2,0,2,0,3,39,2,44,0,0,0,44
06/13/2019,AHN,GA,ASO,ES,Federal Contract Tower,0,2,29,0,31,0,2,42,0,44,0,4,71,0,75,24,0,24,99
06/14/2019,AHN,GA,ASO,ES,Federal Contract Tower,0,0,25,2,27,0,0,91,3,94,0,0,116,5,121,48,0,48,169
06/15/2019,AHN,GA,ASO,ES,Federal Contract Tower,0,1,19,0,20,0,2,76,0,78,0,3,95,0,98,110,0,110,208
06/16/2019,AHN,GA,ASO,ES,Federal Contract Tower,0,1,11,4,16,0,0,60,1,61,0,1,71,5,77,60,0,60,137
06/17/2019,AHN,GA,ASO,ES,Federal Contract Tower,0,0,15,0,15,0,0,40,4,44,0,0,55,4,59,94,2,96,155
06/18/2019,AHN,GA,ASO,ES,Federal Contract Tower,0,2,18,0,20,0,0,10,0,10,0,2,28,0,30,84,0,84,114
06/19/2019,AHN,GA,ASO,ES,Federal Contract Tower,0,2,12,0,14,0,1,28,0,29,0,3,40,0,43,80,0,80,123
06/20/2019,AHN,GA,ASO,ES,Federal Contract Tower,0,1,19,2,22,0,0,14,0,14,0,1,33,2,36,26,0,26,62
06/21/2019,AHN,GA,ASO,ES,Federal Contract Tower,0,0,29,0,29,0,1,78,0,79,0,1,107,0,108,78,0,78,186
06/22/2019,AHN,GA,ASO,ES,Federal Contract Tower,0,2,27,0,29,0,0,45,0,45,0,2,72,0,74,48,0,48,122
06/23/2019,AHN,GA,ASO,ES,Federal Contract Tower,0,6,15,0,21,0,0,46,1,47,0,6,61,1,68,98,0,98,166
06/24/2019,AHN,GA,ASO,ES,Federal Contract Tower,0,0,36,0,36,0,0,63,2,65,0,0,99,2,101,56,0,56,157
06/25/2019,AHN,GA,ASO,ES,Federal Contract Tower,0,3,26,0,29,0,0,53,0,53,0,3,79,0,82,70,0,70,152
06/26/2019,AHN,GA,ASO,ES,Federal Contract Tower,0,0,38,0,38,0,0,74,1,75,0,0,112,1,113,64,0,64,177
06/27/2019,AHN,GA,ASO,ES,Federal Contract Tower,0,4,15,0,19,0,0,59,0,59,0,4,74,0,78,76,0,76,154
06/28/2019,AHN,GA,ASO,ES,Federal Contract Tower,0,5,14,0,19,0,0,51,0,51,0,5,65,0,70,24,4,28,98
06/29/2019,AHN,GA,ASO,ES,Federal Contract Tower,0,2,16,0,18,0,0,55,0,55,0,2,71,0,73,40,0,40,113
06/30/2019,AHN,GA,ASO,ES,Federal Contract Tower,0,6,21,6,33,0,0,33,0,33,0,6,54,6,66,90,0,90,156
07/01/2019,AHN,GA,ASO,ES,Federal Contract Tower,0,0,19,0,19,0,0,71,0,71,0,0,90,0,90,86,2,88,178
07/02/2019,AHN,GA,ASO,ES,Federal Contract Tower,0,2,16,0,18,0,1,45,0,46,0,3,61,0,64,56,0,56,120
07/03/2019,AHN,GA,ASO,ES,Federal Contract Tower,0,4,24,7,35,0,0,53,0,53,0,4,77,7,88,52,0,52,140
07/04/2019,AHN,GA,ASO,ES,Federal Contract Tower,0,1,8,0,9,0,0,19,0,19,0,1,27,0,28,16,0,16,44
07/05/2019,AHN,GA,ASO,ES,Federal Contract Tower,0,2,18,0,20,0,0,69,0,69,0,2,87,0,89,30,0,30,119
07/06/2019,AHN,GA,ASO,ES,Federal Contract Tower,0,4,10,0,14,0,2,37,0,39,0,6,47,0,53,18,0,18,71
07/07/2019,AHN,GA,ASO,ES,Federal Contract Tower,0,5,24,0,29,0,2,20,0,22,0,7,44,0,51,6,0,6,57
07/08/2019,AHN,GA,ASO,ES,Federal Contract Tower,0,3,11,0,14,0,0,41,0,41,0,3,52,0,55,64,0,64,119
07/09/2019,AHN,GA,ASO,ES,Federal Contract Tower,0,5,27,0,32,0,0,16,1,17,0,5,43,1,49,30,0,30,79
07/10/2019,AHN,GA,ASO,ES,Federal Contract Tower,0,3,40,0,43,0,0,36,6,42,0,3,76,6,85,30,0,30,115
07/11/2019,AHN,GA,ASO,ES,Federal Contract Tower,0,3,22,0,25,0,0,35,0,35,0,3,57,0,60,14,0,14,74
07/12/2019,AHN,GA,ASO,ES,Federal Contract Tower,0,2,21,0,23,0,0,45,0,45,0,2,66,0,68,32,0,32,100
07/13/2019,AHN,GA,ASO,ES,Federal Contract Tower,0,4,24,13,41,0,2,47,0,49,0,6,71,13,90,18,18,36,126
07/14/2019,AHN,GA,ASO,ES,Federal Contract Tower,0,5,24,11,40,0,0,62,0,62,0,5,86,11,102,12,6,18,120
07/15/2019,AHN,GA,ASO,ES,Federal Contract Tower,0,5,26,0,31,0,0,59,0,59,0,5,85,0,90,26,2,28,118
07/16/2019,AHN,GA,ASO,ES,Federal Contract Tower,0,11,47,0,58,0,2,66,0,68,0,13,113,0,126,24,0,24,150
07/17/2019,AHN,GA,ASO,ES,Federal Contract Tower,0,3,32,0,35,0,7,34,0,41,0,10,66,0,76,12,0,12,88
07/18/2019,AHN,GA,ASO,ES,Federal Contract Tower,0,9,31,2,42,0,6,46,0,52,0,15,77,2,94,38,0,38,132
07/19/2019,AHN,GA,ASO,ES,Federal Contract Tower,0,2,39,0,41,0,1,38,0,39,0,3,77,0,80,8,0,8,88
07/20/2019,AHN,GA,ASO,ES,Federal Contract Tower,0,0,26,0,26,0,2,3,0,5,0,2,29,0,31,20,0,20,51
07/21/2019,AHN,GA,ASO,ES,Federal Contract Tower,0,0,33,0,33,0,1,47,0,48,0,1,80,0,81,30,0,30,111
07/22/2019,AHN,GA,ASO,ES,Federal Contract Tower,0,2,26,3,31,0,0,60,0,60,0,2,86,3,91,34,0,34,125
07/23/2019,AHN,GA,ASO,ES,Federal Contract Tower,0,3,22,1,26,0,0,18,0,18,0,3,40,1,44,34,0,34,78
07/24/2019,AHN,GA,ASO,ES,Federal Contract Tower,0,2,27,0,29,0,2,61,0,63,0,4,88,0,92,10,0,10,102
07/25/2019,AHN,GA,ASO,ES,Federal Contract Tower,0,3,33,2,38,0,1,57,0,58,0,4,90,2,96,56,10,66,162
07/26/2019,AHN,GA,ASO,ES,Federal Contract Tower,0,4,29,5,38,0,0,46,15,61,0,4,75,20,99,40,0,40,139
07/27/2019,AHN,GA,ASO,ES,Federal Contract Tower,0,2,29,3,34,0,0,71,1,72,0,2,100,4,106,50,10,60,166
07/28/2019,AHN,GA,ASO,ES,Federal Contract Tower,0,2,11,11,24,0,0,46,8,54,0,2,57,19,78,47,4,51,129
07/29/2019,AHN,GA,ASO,ES,Federal Contract Tower,0,2,17,1,20,0,2,74,1,77,0,4,91,2,97,50,0,50,147
07/30/2019,AHN,GA,ASO,ES,Federal Contract Tower,0,1,38,4,43,0,3,57,5,65,0,4,95,9,108,42,0,42,150
07/31/2019,AHN,GA,ASO,ES,Federal Contract Tower,0,0,38,0,38,0,3,46,0,49,0,3,84,0,87,42,0,42,129
08/01/2019,AHN,GA,ASO,ES,Federal Contract Tower,0,4,14,0,18,0,2,52,3,57,0,6,66,3,75,70,0,70,145
08/02/2019,AHN,GA,ASO,ES,Federal Contract Tower,0,0,44,3,47,0,0,29,3,32,0,0,73,6,79,32,2,34,113
08/03/2019,AHN,GA,ASO,ES,Federal Contract Tower,0,3,27,2,32,0,0,34,0,34,0,3,61,2,66,16,0,16,82
08/04/2019,AHN,GA,ASO,ES,Federal Contract Tower,0,3,21,0,24,0,0,13,1,14,0,3,34,1,38,2,0,2,40
08/05/2019,AHN,GA,ASO,ES,Federal Contract Tower,0,1,17,0,18,0,0,42,1,43,0,1,59,1,61,36,0,36,97
08/06/2019,AHN,GA,ASO,ES,Federal Contract Tower,0,3,32,3,38,0,2,64,4,70,0,5,96,7,108,10,0,10,118
08/07/2019,AHN,GA,ASO,ES,Federal Contract Tower,0,5,17,1,23,0,0,51,1,52,0,5,68,2,75,52,0,52,127
08/08/2019,AHN,GA,ASO,ES,Federal Contract Tower,0,4,25,0,29,0,0,79,6,85,0,4,104,6,114,40,0,40,154
08/09/2019,AHN,GA,ASO,ES,Federal Contract Tower,0,4,38,0,42,0,0,67,2,69,0,4,105,2,111,52,0,52,163
08/10/2019,AHN,GA,ASO,ES,Federal Contract Tower,0,6,39,0,45,0,2,28,0,30,0,8,67,0,75,36,0,36,111
08/11/2019,AHN,GA,ASO,ES,Federal Contract Tower,0,3,29,0,32,0,0,48,4,52,0,3,77,4,84,20,0,20,104
08/12/2019,AHN,GA,ASO,ES,Federal Contract Tower,0,4,28,0,32,0,0,69,0,69,0,4,97,0,101,54,0,54,155
08/13/2019,AHN,GA,ASO,ES,Federal Contract Tower,0,1,32,1,34,0,2,63,1,66,0,3,95,2,100,76,0,76,176
08/14/2019,AHN,GA,ASO,ES,Federal Contract Tower,0,0,35,0,35,0,2,41,0,43,0,2,76,0,78,44,0,44,122
08/15/2019,AHN,GA,ASO,ES,Federal Contract Tower,0,5,31,0,36,0,1,84,1,86,0,6,115,1,122,58,0,58,180
08/16/2019,AHN,GA,ASO,ES,Federal Contract Tower,0,0,37,0,37,0,1,58,4,63,0,1,95,4,100,62,0,62,162
08/17/2019,AHN,GA,ASO,ES,Federal Contract Tower,0,3,35,0,38,0,0,54,0,54,0,3,89,0,92,56,0,56,148
08/18/2019,AHN,GA,ASO,ES,Federal Contract Tower,0,2,38,0,40,0,2,44,0,46,0,4,82,0,86,12,0,12,98
08/19/2019,AHN,GA,ASO,ES,Federal Contract Tower,0,4,39,0,43,0,0,43,0,43,0,4,82,0,86,6,0,6,92
08/20/2019,AHN,GA,ASO,ES,Federal Contract Tower,0,35,0,0,35,0,2,29,6,37,0,37,29,6,72,14,0,14,86
08/21/2019,AHN,GA,ASO,ES,Federal Contract Tower,0,7,41,2,50,0,0,53,0,53,0,7,94,2,103,34,0,34,137
08/22/2019,AHN,GA,ASO,ES,Federal Contract Tower,0,3,32,0,35,0,0,62,6,68,0,3,94,6,103,68,0,68,171
08/23/2019,AHN,GA,ASO,ES,Federal Contract Tower,0,2,36,0,38,0,0,55,0,55,0,2,91,0,93,40,2,42,135
08/24/2019,AHN,GA,ASO,ES,Federal Contract Tower,0,0,24,1,25,0,0,23,0,23,0,0,47,1,48,50,0,50,98
08/25/2019,AHN,GA,ASO,ES,Federal Contract Tower,0,2,26,4,32,0,0,20,0,20,0,2,46,4,52,58,0,58,110
08/26/2019,AHN,GA,ASO,ES,Federal Contract Tower,0,0,22,0,22,0,2,37,0,39,0,2,59,0,61,50,0,50,111
08/27/2019,AHN,GA,ASO,ES,Federal Contract Tower,0,0,11,0,11,0,0,2,0,2,0,0,13,0,13,0,0,0,13
08/28/2019,AHN,GA,ASO,ES,Federal Contract Tower,0,4,44,0,48,0,0,36,0,36,0,4,80,0,84,78,0,78,162
08/29/2019,AHN,GA,ASO,ES,Federal Contract Tower,0,1,38,1,40,0,0,83,1,84,0,1,121,2,124,70,4,74,198
08/30/2019,AHN,GA,ASO,ES,Federal Contract Tower,4,4,33,0,41,0,2,103,0,105,4,6,136,0,146,54,0,54,200
08/31/2019,AHN,GA,ASO,ES,Federal Contract Tower,0,2,29,0,31,0,0,58,0,58,0,2,87,0,89,28,0,28,117
09/01/2019,AHN,GA,ASO,ES,Federal Contract Tower,0,6,29,0,35,0,0,42,0,42,0,6,71,0,77,32,0,32,109
09/02/2019,AHN,GA,ASO,ES,Federal Contract Tower,0,1,17,0,18,0,0,45,0,45,0,1,62,0,63,16,0,16,79
09/03/2019,AHN,GA,ASO,ES,Federal Contract Tower,0,0,18,0,18,0,1,76,0,77,0,1,94,0,95,44,0,44,139
09/04/2019,AHN,GA,ASO,ES,Federal Contract Tower,0,1,25,0,26,0,0,87,0,87,0,1,112,0,113,62,0,62,175
09/05/2019,AHN,GA,ASO,ES,Federal Contract Tower,0,3,47,0,50,0,0,57,2,59,0,3,104,2,109,84,0,84,193
09/06/2019,AHN,GA,ASO,ES,Federal Contract Tower,0,8,56,0,64,0,3,84,2,89,0,11,140,2,153,56,0,56,209
09/07/2019,AHN,GA,ASO,ES,Federal Contract Tower,0,1,35,0,36,0,0,77,0,77,0,1,112,0,113,50,0,50,163
09/08/2019,AHN,GA,ASO,ES,Federal Contract Tower,0,3,22,0,25,0,0,73,0,73,0,3,95,0,98,24,0,24,122
09/09/2019,AHN,GA,ASO,ES,Federal Contract Tower,0,1,16,0,17,0,0,73,0,73,0,1,89,0,90,86,0,86,176
09/10/2019,AHN,GA,ASO,ES,Federal Contract Tower,0,2,29,2,33,0,2,76,2,80,0,4,105,4,113,74,0,74,187
09/11/2019,AHN,GA,ASO,ES,Federal Contract Tower,0,0,27,2,29,0,0,64,3,67,0,0,91,5,96,20,0,20,116
09/12/2019,AHN,GA,ASO,ES,Federal Contract Tower,0,0,44,0,44,0,0,66,1,67,0,0,110,1,111,42,0,42,153
09/13/2019,AHN,GA,ASO,ES,Federal Contract Tower,0,6,35,16,57,0,0,67,0,67,0,6,102,16,124,38,0,38,162
09/14/2019,AHN,GA,ASO,ES,Federal Contract Tower,0,3,47,0,50,0,0,17,0,17,0,3,64,0,67,0,0,0,67
09/15/2019,AHN,GA,ASO,ES,Federal Contract Tower,0,10,31,5,46,0,0,58,0,58,0,10,89,5,104,6,0,6,110
09/16/2019,AHN,GA,ASO,ES,Federal Contract Tower,0,0,14,0,14,0,0,83,0,83,0,0,97,0,97,62,0,62,159
09/17/2019,AHN,GA,ASO,ES,Federal Contract Tower,0,2,22,0,24,0,0,99,0,99,0,2,121,0,123,81,0,81,204
09/18/2019,AHN,GA,ASO,ES,Federal Contract Tower,0,2,37,0,39,0,2,30,0,32,0,4,67,0,71,56,0,56,127
09/19/2019,AHN,GA,ASO,ES,Federal Contract Tower,0,14,28,0,42,0,2,90,0,92,0,16,118,0,134,61,0,61,195
09/20/2019,AHN,GA,ASO,ES,Federal Contract Tower,3,40,85,0,128,0,8,63,0,71,3,48,148,0,199,16,6,22,221
09/21/2019,AHN,GA,ASO,ES,Federal Contract Tower,2,31,109,0,142,0,0,53,1,54,2,31,162,1,196,50,0,50,246
09/22/2019,AHN,GA,ASO,ES,Federal Contract Tower,2,53,104,0,159,0,8,64,0,72,2,61,168,0,231,6,0,6,237
09/23/2019,AHN,GA,ASO,ES,Federal Contract Tower,0,3,6,0,9,0,0,76,0,76,0,3,82,0,85,90,0,90,175
09/24/2019,AHN,GA,ASO,ES,Federal Contract Tower,0,3,18,0,21,0,1,70,0,71,0,4,88,0,92,124,0,124,216
09/25/2019,AHN,GA,ASO,ES,Federal Contract Tower,0,0,25,2,27,0,1,81,9,91,0,1,106,11,118,62,0,62,180
09/26/2019,AHN,GA,ASO,ES,Federal Contract Tower,0,4,20,1,25,0,3,78,1,82,0,7,98,2,107,116,0,116,223
09/27/2019,AHN,GA,ASO,ES,Federal Contract Tower,0,2,33,1,36,0,1,79,3,83,0,3,112,4,119,5,0,5,124
09/28/2019,AHN,GA,ASO,ES,Federal Contract Tower,0,5,13,0,18,0,0,25,0,25,0,5,38,0,43,82,0,82,125
09/29/2019,AHN,GA,ASO,ES,Federal Contract Tower,0,6,42,2,50,0,0,57,0,57,0,6,99,2,107,32,0,32,139
09/30/2019,AHN,GA,ASO,ES,Federal Contract Tower,0,1,24,0,25,0,0,72,0,72,0,1,96,0,97,110,0,110,207
10/01/2019,AHN,GA,ASO,ES,Federal Contract Tower,0,0,25,0,25,0,0,70,0,70,0,0,95,0,95,122,0,122,217
10/02/2019,AHN,GA,ASO,ES,Federal Contract Tower,0,5,37,0,42,0,0,62,1,63,0,5,99,1,105,61,0,61,166
10/03/2019,AHN,GA,ASO,ES,Federal Contract Tower,0,0,15,0,15,0,0,54,3,57,0,0,69,3,72,45,0,45,117
10/04/2019,AHN,GA,ASO,ES,Federal Contract Tower,4,4,39,9,56,0,0,68,8,76,4,4,107,17,132,118,6,124,256
10/05/2019,AHN,GA,ASO,ES,Federal Contract Tower,0,3,16,2,21,0,0,10,0,10,0,3,26,2,31,20,0,20,51
10/06/2019,AHN,GA,ASO,ES,Federal Contract Tower,0,2,45,8,55,0,0,16,12,28,0,2,61,20,83,52,0,52,135
10/07/2019,AHN,GA,ASO,ES,Federal Contract Tower,0,2,24,4,30,0,0,61,0,61,0,2,85,4,91,170,0,170,261
10/08/2019,AHN,GA,ASO,ES,Federal Contract Tower,0,2,24,2,28,0,0,49,5,54,0,2,73,7,82,129,0,129,211
10/09/2019,AHN,GA,ASO,ES,Federal Contract Tower,0,2,27,2,31,0,0,23,0,23,0,2,50,2,54,108,0,108,162
10/10/2019,AHN,GA,ASO,ES,Federal Contract Tower,0,7,31,2,40,0,0,66,0,66,0,7,97,2,106,112,0,112,218
10/11/2019,AHN,GA,ASO,ES,Federal Contract Tower,0,17,46,2,65,0,0,62,2,64,0,17,108,4,129,36,0,36,165
10/12/2019,AHN,GA,ASO,ES,Federal Contract Tower,0,10,70,1,81,0,0,52,1,53,0,10,122,2,134,6,0,6,140
10/13/2019,AHN,GA,ASO,ES,Federal Contract Tower,0,15,46,10,71,0,0,15,7,22,0,15,61,17,93,34,0,34,127
10/14/2019,AHN,GA,ASO,ES,Federal Contract Tower,0,4,25,0,29,0,1,77,0,78,0,5,102,0,107,182,0,182,289
10/15/2019,AHN,GA,ASO,ES,Federal Contract Tower,0,2,26,0,28,0,2,49,0,51,0,4,75,0,79,218,0,218,297
10/16/2019,AHN,GA,ASO,ES,Federal Contract Tower,0,4,29,4,37,0,0,20,0,20,0,4,49,4,57,12,0,12,69
10/17/2019,AHN,GA,ASO,ES,Federal Contract Tower,0,8,32,0,40,0,0,92,0,92,0,8,124,0,132,122,0,122,254
10/18/2019,AHN,GA,ASO,ES,Federal Contract Tower,0,5,57,4,66,0,1,104,2,107,0,6,161,6,173,44,0,44,217
10/19/2019,AHN,GA,ASO,ES,Federal Contract Tower,0,0,7,0,7,0,0,0,0,0,0,0,7,0,7,0,0,0,7
10/20/2019,AHN,GA,ASO,ES,Federal Contract Tower,0,4,40,0,44,0,0,65,0,65,0,4,105,0,109,108,0,108,217
10/21/2019,AHN,GA,ASO,ES,Federal Contract Tower,0,0,21,1,22,0,0,22,4,26,0,0,43,5,48,80,0,80,128
10/22/2019,AHN,GA,ASO,ES,Federal Contract Tower,0,3,24,0,27,0,0,44,0,44,0,3,68,0,71,96,0,96,167
10/23/2019,AHN,GA,ASO,ES,Federal Contract Tower,0,2,27,0,29,0,0,77,0,77,0,2,104,0,106,150,0,150,256
10/24/2019,AHN,GA,ASO,ES,Federal Contract Tower,0,0,33,0,33,0,0,91,0,91,0,0,124,0,124,176,0,176,300
10/25/2019,AHN,GA,ASO,ES,Federal Contract Tower,0,3,44,4,51,0,0,26,0,26,0,3,70,4,77,40,0,40,117
10/26/2019,AHN,GA,ASO,ES,Federal Contract Tower,0,7,18,0,25,0,5,9,0,14,0,12,27,0,39,18,0,18,57
10/27/2019,AHN,GA,ASO,ES,Federal Contract Tower,0,3,22,0,25,0,5,78,0,83,0,8,100,0,108,116,0,116,224
10/28/2019,AHN,GA,ASO,ES,Federal Contract Tower,0,2,12,1,15,0,6,86,1,93,0,8,98,2,108,164,0,164,272
10/29/2019,AHN,GA,ASO,ES,Federal Contract Tower,0,2,27,3,32,0,0,25,1,26,0,2,52,4,58,102,0,102,160
10/30/2019,AHN,GA,ASO,ES,Federal Contract Tower,0,4,8,0,12,0,0,0,0,0,0,4,8,0,12,0,0,0,12
10/31/2019,AHN,GA,ASO,ES,Federal Contract Tower,0,7,11,0,18,0,0,1,0,1,0,7,12,0,19,0,0,0,19
11/01/2019,AHN,GA,ASO,ES,Federal Contract Tower,4,4,32,0,40,0,3,81,2,86,4,7,113,2,126,94,0,94,220
11/02/2019,AHN,GA,ASO,ES,Federal Contract Tower,0,2,23,2,27,0,0,42,0,42,0,2,65,2,69,38,0,38,107
11/03/2019,AHN,GA,ASO,ES,Federal Contract Tower,0,3,18,0,21,0,0,69,2,71,0,3,87,2,92,24,0,24,116
11/04/2019,AHN,GA,ASO,ES,Federal Contract Tower,0,3,19,3,25,0,5,71,1,77,0,8,90,4,102,164,2,166,268
11/05/2019,AHN,GA,ASO,ES,Federal Contract Tower,0,1,22,1,24,0,1,36,2,39,0,2,58,3,63,106,2,108,171
11/06/2019,AHN,GA,ASO,ES,Federal Contract Tower,0,2,23,0,25,0,0,64,0,64,0,2,87,0,89,66,2,68,157
11/07/2019,AHN,GA,ASO,ES,Federal Contract Tower,0,3,52,0,55,0,2,26,4,32,0,5,78,4,87,70,0,70,157
11/08/2019,AHN,GA,ASO,ES,Federal Contract Tower,1,8,50,0,59,0,1,58,3,62,1,9,108,3,121,118,0,118,239
11/09/2019,AHN,GA,ASO,ES,Federal Contract Tower,0,3,43,0,46,0,2,78,2,82,0,5,121,2,128,52,0,52,180
11/10/2019,AHN,GA,ASO,ES,Federal Contract Tower,0,5,25,13,43,0,0,95,5,100,0,5,120,18,143,110,0,110,253
11/11/2019,AHN,GA,ASO,ES,Federal Contract Tower,0,1,28,0,29,0,1,84,1,86,0,2,112,1,115,92,0,92,207
11/12/2019,AHN,GA,ASO,ES,Federal Contract Tower,0,0,12,0,12,0,0,16,0,16,0,0,28,0,28,24,0,24,52
11/13/2019,AHN,GA,ASO,ES,Federal Contract Tower,0,2,44,0,46,0,0,65,2,67,0,2,109,2,113,86,0,86,199
11/14/2019,AHN,GA,ASO,ES,Federal Contract Tower,0,2,24,0,26,0,1,16,3,20,0,3,40,3,46,24,0,24,70
11/15/2019,AHN,GA,ASO,ES,Federal Contract Tower,4,1,32,0,37,0,0,1,0,1,4,1,33,0,38,0,0,0,38
11/16/2019,AHN,GA,ASO,ES,Federal Contract Tower,0,2,31,1,34,0,0,48,0,48,0,2,79,1,82,102,0,102,184
11/17/2019,AHN,GA,ASO,ES,Federal Contract Tower,0,0,29,3,32,0,2,72,0,74,0,2,101,3,106,94,0,94,200
11/18/2019,AHN,GA,ASO,ES,Federal Contract Tower,0,4,14,0,18,0,5,16,0,21,0,9,30,0,39,28,0,28,67
11/19/2019,AHN,GA,ASO,ES,Federal Contract Tower,0,0,34,4,38,0,2,65,0,67,0,2,99,4,105,94,0,94,199
11/20/2019,AHN,GA,ASO,ES,Federal Contract Tower,0,2,27,0,29,0,0,73,0,73,0,2,100,0,102,46,0,46,148
11/21/2019,AHN,GA,ASO,ES,Federal Contract Tower,0,2,25,0,27,0,0,54,3,57,0,2,79,3,84,36,4,40,124
11/22/2019,AHN,GA,ASO,ES,Federal Contract Tower,0,23,61,0,84,0,0,36,0,36,0,23,97,0,120,50,0,50,170
11/23/2019,AHN,GA,ASO,ES,Federal Contract Tower,5,25,65,0,95,0,0,0,0,0,5,25,65,0,95,30,0,30,125
11/24/2019,AHN,GA,ASO,ES,Federal Contract Tower,0,23,60,4,87,0,0,51,0,51,0,23,111,4,138,36,0,36,174
11/25/2019,AHN,GA,ASO,ES,Federal Contract Tower,0,4,24,0,28,0,2,67,2,71,0,6,91,2,99,16,0,16,115
11/26/2019,AHN,GA,ASO,ES,Federal Contract Tower,0,1,38,0,39,0,2,55,2,59,0,3,93,2,98,46,2,48,146
11/27/2019,AHN,GA,ASO,ES,Federal Contract Tower,0,5,26,0,31,0,0,17,0,17,0,5,43,0,48,16,0,16,64
11/28/2019,AHN,GA,ASO,ES,Federal Contract Tower,0,0,14,0,14,0,0,8,0,8,0,0,22,0,22,0,0,0,22
11/29/2019,AHN,GA,ASO,ES,Federal Contract Tower,0,2,19,0,21,0,0,69,0,69,0,2,88,0,90,28,0,28,118
11/30/2019,AHN,GA,ASO,ES,Federal Contract Tower,0,1,18,0,19,0,0,22,0,22,0,1,40,0,41,44,0,44,85
12/01/2019,AHN,GA,ASO,ES,Federal Contract Tower,0,5,27,0,32,0,0,25,0,25,0,5,52,0,57,20,0,20,77
12/02/2019,AHN,GA,ASO,ES,Federal Contract Tower,0,2,13,0,15,0,2,15,0,17,0,4,28,0,32,0,0,0,32
12/03/2019,AHN,GA,ASO,ES,Federal Contract Tower,0,2,18,0,20,0,0,27,0,27,0,2,45,0,47,58,0,58,105
12/04/2019,AHN,GA,ASO,ES,Federal Contract Tower,0,0,22,2,24,0,7,54,0,61,0,7,76,2,85,42,0,42,127
12/05/2019,AHN,GA,ASO,ES,Federal Contract Tower,0,2,23,0,25,0,0,63,0,63,0,2,86,0,88,82,0,82,170
12/06/2019,AHN,GA,ASO,ES,Federal Contract Tower,0,3,36,0,39,0,0,43,0,43,0,3,79,0,82,26,0,26,108
12/07/2019,AHN,GA,ASO,ES,Federal Contract Tower,0,0,10,0,10,0,0,50,0,50,0,0,60,0,60,64,0,64,124
12/08/2019,AHN,GA,ASO,ES,Federal Contract Tower,0,4,22,0,26,0,0,48,0,48,0,4,70,0,74,98,0,98,172
12/09/2019,AHN,GA,ASO,ES,Federal Contract Tower,0,5,11,0,16,0,0,0,0,0,0,5,11,0,16,0,0,0,16
12/10/2019,AHN,GA,ASO,ES,Federal Contract Tower,0,2,16,0,18,0,0,2,0,2,0,2,18,0,20,0,0,0,20
12/11/2019,AHN,GA,ASO,ES,Federal Contract Tower,0,7,21,0,28,0,0,62,1,63,0,7,83,1,91,60,0,60,151
12/12/2019,AHN,GA,ASO,ES,Federal Contract Tower,0,5,28,0,33,0,0,58,2,60,0,5,86,2,93,34,0,34,127
12/13/2019,AHN,GA,ASO,ES,Federal Contract Tower,0,2,8,0,10,0,0,0,0,0,0,2,8,0,10,0,0,0,10
12/14/2019,AHN,GA,ASO,ES,Federal Contract Tower,0,6,13,0,19,0,0,30,0,30,0,6,43,0,49,24,0,24,73
12/15/2019,AHN,GA,ASO,ES,Federal Contract Tower,0,3,23,0,26,0,2,72,0,74,0,5,95,0,100,50,0,50,150
12/16/2019,AHN,GA,ASO,ES,Federal Contract Tower,0,2,30,0,32,0,0,46,1,47,0,2,76,1,79,48,0,48,127
12/17/2019,AHN,GA,ASO,ES,Federal Contract Tower,0,0,9,12,21,0,0,1,0,1,0,0,10,12,22,0,0,0,22
12/18/2019,AHN,GA,ASO,ES,Federal Contract Tower,0,0,15,0,15,0,0,42,0,42,0,0,57,0,57,55,0,55,112
12/19/2019,AHN,GA,ASO,ES,Federal Contract Tower,2,1,15,0,18,0,0,61,0,61,2,1,76,0,79,48,2,50,129
12/20/2019,AHN,GA,ASO,ES,Federal Contract Tower,0,0,25,0,25,0,0,50,0,50,0,0,75,0,75,24,0,24,99
12/21/2019,AHN,GA,ASO,ES,Federal Contract Tower,0,0,16,0,16,0,0,44,0,44,0,0,60,0,60,30,0,30,90
12/22/2019,AHN,GA,ASO,ES,Federal Contract Tower,0,2,4,0,6,0,0,1,0,1,0,2,5,0,7,0,0,0,7
12/23/2019,AHN,GA,ASO,ES,Federal Contract Tower,0,0,9,0,9,0,0,0,0,0,0,0,9,0,9,0,0,0,9
12/24/2019,AHN,GA,ASO,ES,Federal Contract Tower,0,1,6,0,7,0,0,18,0,18,0,1,24,0,25,10,0,10,35
12/25/2019,AHN,GA,ASO,ES,Federal Contract Tower,0,1,2,0,3,0,0,11,0,11,0,1,13,0,14,6,0,6,20
12/26/2019,AHN,GA,ASO,ES,Federal Contract Tower,0,4,12,0,16,0,2,61,0,63,0,6,73,0,79,38,0,38,117
12/27/2019,AHN,GA,ASO,ES,Federal Contract Tower,4,2,21,0,27,0,2,52,0,54,4,4,73,0,81,42,0,42,123
12/28/2019,AHN,GA,ASO,ES,Federal Contract Tower,0,2,14,0,16,0,0,15,0,15,0,2,29,0,31,10,0,10,41
12/29/2019,AHN,GA,ASO,ES,Federal Contract Tower,0,2,17,0,19,0,0,1,0,1,0,2,18,0,20,0,0,0,20
12/30/2019,AHN,GA,ASO,ES,Federal Contract Tower,0,3,15,0,18,0,0,70,0,70,0,3,85,0,88,58,0,58,146
12/31/2019,AHN,GA,ASO,ES,Federal Contract Tower,0,0,19,0,19,0,0,36,0,36,0,0,55,0,55,18,0,18,73
01/01/2020,AHN,GA,ASO,ES,Federal Contract Tower,0,0,16,0,16,0,0,38,0,38,0,0,54,0,54,26,0,26,80
01/02/2020,AHN,GA,ASO,ES,Federal Contract Tower,4,2,19,2,27,0,0,17,0,17,4,2,36,2,44,2,0,2,46
01/03/2020,AHN,GA,ASO,ES,Federal Contract Tower,0,0,13,0,13,0,0,0,0,0,0,0,13,0,13,0,0,0,13
01/04/2020,AHN,GA,ASO,ES,Federal Contract Tower,0,2,14,1,17,0,0,15,0,15,0,2,29,1,32,30,0,30,62
01/05/2020,AHN,GA,ASO,ES,Federal Contract Tower,0,4,18,1,23,0,1,98,0,99,0,5,116,1,122,64,0,64,186
01/06/2020,AHN,GA,ASO,ES,Federal Contract Tower,2,0,22,2,26,0,0,86,0,86,2,0,108,2,112,94,0,94,206
01/07/2020,AHN,GA,ASO,ES,Federal Contract Tower,0,1,21,0,22,0,0,30,0,30,0,1,51,0,52,42,0,42,94
01/08/2020,AHN,GA,ASO,ES,Federal Contract Tower,0,8,40,2,50,0,0,87,0,87,0,8,127,2,137,62,0,62,199
01/09/2020,AHN,GA,ASO,ES,Federal Contract Tower,0,1,18,0,19,0,3,102,4,109,0,4,120,4,128,12,0,12,140
01/10/2020,AHN,GA,ASO,ES,Federal Contract Tower,0,2,24,0,26,0,0,74,2,76,0,2,98,2,102,52,0,52,154
01/11/2020,AHN,GA,ASO,ES,Federal Contract Tower,0,0,6,0,6,0,0,0,0,0,0,0,6,0,6,0,0,0,6
01/12/2020,AHN,GA,ASO,ES,Federal Contract Tower,0,0,32,4,36,0,2,110,0,112,0,2,142,4,148,34,0,34,182
01/13/2020,AHN,GA,ASO,ES,Federal Contract Tower,0,0,3,0,3,0,0,2,0,2,0,0,5,0,5,0,0,0,5
01/14/2020,AHN,GA,ASO,ES,Federal Contract Tower,1,0,8,3,12,0,0,0,1,1,1,0,8,4,13,0,0,0,13
01/15/2020,AHN,GA,ASO,ES,Federal Contract Tower,1,3,13,0,17,0,0,40,0,40,1,3,53,0,57,50,0,50,107
01/16/2020,AHN,GA,ASO,ES,Federal Contract Tower,0,2,24,0,26,0,0,82,0,82,0,2,106,0,108,26,0,26,134
01/17/2020,AHN,GA,ASO,ES,Federal Contract Tower,0,1,30,6,37,0,0,102,2,104,0,1,132,8,141,46,4,50,191
01/18/2020,AHN,GA,ASO,ES,Federal Contract Tower,0,4,15,4,23,0,0,5,0,5,0,4,20,4,28,4,0,4,32
01/19/2020,AHN,GA,ASO,ES,Federal Contract Tower,0,2,34,11,47,0,59,2,0,61,0,61,36,11,108,80,0,80,188
01/20/2020,AHN,GA,ASO,ES,Federal Contract Tower,0,5,32,0,37,0,0,93,0,93,0,5,125,0,130,90,0,90,220
01/21/2020,AHN,GA,ASO,ES,Federal Contract Tower,0,4,12,0,16,0,5,82,0,87,0,9,94,0,103,38,0,38,141
01/22/2020,AHN,GA,ASO,ES,Federal Contract Tower,0,5,16,1,22,0,0,68,1,69,0,5,84,2,91,84,4,88,179
01/23/2020,AHN,GA,ASO,ES,Federal Contract Tower,0,7,27,2,36,0,1,46,0,47,0,8,73,2,83,56,0,56,139
01/24/2020,AHN,GA,ASO,ES,Federal Contract Tower,0,10,8,2,20,0,0,0,0,0,0,10,8,2,20,0,0,0,20
01/25/2020,AHN,GA,ASO,ES,Federal Contract Tower,0,5,26,0,31,0,0,71,0,71,0,5,97,0,102,68,0,68,170
01/26/2020,AHN,GA,ASO,ES,Federal Contract Tower,0,10,16,0,26,0,1,81,2,84,0,11,97,2,110,38,0,38,148
01/27/2020,AHN,GA,ASO,ES,Federal Contract Tower,0,3,22,0,25,0,0,25,0,25,0,3,47,0,50,20,0,20,70
01/28/2020,AHN,GA,ASO,ES,Federal Contract Tower,0,6,25,0,31,0,2,85,0,87,0,8,110,0,118,122,0,122,240
01/29/2020,AHN,GA,ASO,ES,Federal Contract Tower,0,8,22,0,30,0,0,57,0,57,0,8,79,0,87,106,0,106,193
01/30/2020,AHN,GA,ASO,ES,Federal Contract Tower,0,3,33,0,36,0,2,68,0,70,0,5,101,0,106,126,0,126,232
01/31/2020,AHN,GA,ASO,ES,Federal Contract Tower,1,3,5,0,9,0,0,0,0,0,1,3,5,0,9,0,0,0,9
02/01/2020,AHN,GA,ASO,ES,Federal Contract Tower,0,3,26,0,29,0,0,19,0,19,0,3,45,0,48,20,0,20,68
02/02/2020,AHN,GA,ASO,ES,Federal Contract Tower,0,1,22,4,27,0,1,62,0,63,0,2,84,4,90,34,0,34,124
02/03/2020,AHN,GA,ASO,ES,Federal Contract Tower,0,1,15,2,18,0,1,70,0,71,0,2,85,2,89,72,0,72,161
02/04/2020,AHN,GA,ASO,ES,Federal Contract Tower,0,8,29,0,37,0,0,41,0,41,0,8,70,0,78,146,0,146,224
02/05/2020,AHN,GA,ASO,ES,Federal Contract Tower,0,2,33,0,35,0,0,0,0,0,0,2,33,0,35,0,0,0,35
02/06/2020,AHN,GA,ASO,ES,Federal Contract Tower,0,2,6,0,8,0,0,0,0,0,0,2,6,0,8,0,0,0,8
02/07/2020,AHN,GA,ASO,ES,Federal Contract Tower,0,6,20,0,26,0,0,22,2,24,0,6,42,2,50,42,4,46,96
02/08/2020,AHN,GA,ASO,ES,Federal Contract Tower,0,2,5,0,7,0,0,5,0,5,0,2,10,0,12,26,0,26,38
02/09/2020,AHN,GA,ASO,ES,Federal Contract Tower,0,2,39,0,41,0,2,20,0,22,0,4,59,0,63,18,0,18,81
02/10/2020,AHN,GA,ASO,ES,Federal Contract Tower,0,27,0,0,27,0,0,20,0,20,0,27,20,0,47,100,0,100,147
02/11/2020,AHN,GA,ASO,ES,Federal Contract Tower,0,0,17,0,17,0,0,4,0,4,0,0,21,0,21,8,0,8,29
02/12/2020,AHN,GA,ASO,ES,Federal Contract Tower,0,3,30,0,33,0,0,32,0,32,0,3,62,0,65,198,0,198,263
02/13/2020,AHN,GA,ASO,ES,Federal Contract Tower,0,2,19,0,21,0,0,33,2,35,0,2,52,2,56,64,2,66,122
02/14/2020,AHN,GA,ASO,ES,Federal Contract Tower,0,8,34,0,42,0,0,109,0,109,0,8,143,0,151,156,0,156,307
02/15/2020,AHN,GA,ASO,ES,Federal Contract Tower,0,2,20,0,22,0,0,103,0,103,0,2,123,0,125,148,0,148,273
02/16/2020,AHN,GA,ASO,ES,Federal Contract Tower,0,8,26,0,34,0,1,17,0,18,0,9,43,0,52,44,0,44,96
02/17/2020,AHN,GA,ASO,ES,Federal Contract Tower,0,3,27,0,30,0,1,7,0,8,0,4,34,0,38,94,0,94,132
02/18/2020,AHN,GA,ASO,ES,Federal Contract Tower,0,2,11,0,13,0,0,0,0,0,0,2,11,0,13,0,0,0,13
02/19/2020,AHN,GA,ASO,ES,Federal Contract Tower,0,2,21,0,23,0,0,0,0,0,0,2,21,0,23,0,0,0,23
02/20/2020,AHN,GA,ASO,ES,Federal Contract Tower,0,1,12,0,13,0,0,0,0,0,0,1,12,0,13,0,0,0,13
02/21/2020,AHN,GA,ASO,ES,Federal Contract Tower,0,5,44,4,53,0,0,109,3,112,0,5,153,7,165,144,2,146,311
02/22/2020,AHN,GA,ASO,ES,Federal Contract Tower,0,3,20,0,23,0,0,114,0,114,0,3,134,0,137,224,0,224,361
02/23/2020,AHN,GA,ASO,ES,Federal Contract Tower,0,4,26,4,34,0,1,78,0,79,0,5,104,4,113,158,0,158,271
02/24/2020,AHN,GA,ASO,ES,Federal Contract Tower,0,1,10,0,11,0,0,0,0,0,0,1,10,0,11,108,0,108,119
02/25/2020,AHN,GA,ASO,ES,Federal Contract Tower,0,4,27,7,38,0,2,16,3,21,0,6,43,10,59,60,4,64,123
02/26/2020,AHN,GA,ASO,ES,Federal Contract Tower,0,6,20,0,26,0,0,69,1,70,0,6,89,1,96,128,6,134,230
02/27/2020,AHN,GA,ASO,ES,Federal Contract Tower,0,0,10,0,10,0,0,49,0,49,0,0,59,0,59,46,0,46,105
02/28/2020,AHN,GA,ASO,ES,Federal Contract Tower,2,7,16,0,25,0,0,41,4,45,2,7,57,4,70,32,0,32,102
02/29/2020,AHN,GA,ASO,ES,Federal Contract Tower,2,3,14,5,24,0,0,29,11,40,2,3,43,16,64,12,6,18,82
03/01/2020,AHN,GA,ASO,ES,Federal Contract Tower,0,8,26,0,34,0,0,47,0,47,0,8,73,0,81,54,0,54,135
03/02/2020,AHN,GA,ASO,ES,Federal Contract Tower,0,1,15,0,16,0,0,14,0,14,0,1,29,0,30,10,0,10,40
03/03/2020,AHN,GA,ASO,ES,Federal Contract Tower,1,4,14,0,19,0,0,5,0,5,1,4,19,0,24,6,0,6,30
03/04/2020,AHN,GA,ASO,ES,Federal Contract Tower,0,1,13,0,14,0,0,0,0,0,0,1,13,0,14,0,0,0,14
03/05/2020,AHN,GA,ASO,ES,Federal Contract Tower,0,1,3,0,4,0,0,0,0,0,0,1,3,0,4,0,0,0,4
03/06/2020,AHN,GA,ASO,ES,Federal Contract Tower,0,7,29,4,40,0,0,34,0,34,0,7,63,4,74,14,0,14,88
03/07/2020,AHN,GA,ASO,ES,Federal Contract Tower,0,3,25,6,34,0,0,54,2,56,0,3,79,8,90,50,0,50,140
03/08/2020,AHN,GA,ASO,ES,Federal Contract Tower,0,3,19,0,22,0,0,35,0,35,0,3,54,0,57,22,0,22,79
03/09/2020,AHN,GA,ASO,ES,Federal Contract Tower,0,4,21,0,25,0,2,0,36,38,0,6,21,36,63,12,0,12,75
03/10/2020,AHN,GA,ASO,ES,Federal Contract Tower,0,10,16,0,26,0,0,9,1,10,0,10,25,1,36,0,2,2,38
03/11/2020,AHN,GA,ASO,ES,Federal Contract Tower,0,0,30,0,30,0,0,15,0,15,0,0,45,0,45,22,0,22,67
03/12/2020,AHN,GA,ASO,ES,Federal Contract Tower,0,1,18,2,21,0,0,10,0,10,0,1,28,2,31,30,0,30,61
03/13/2020,AHN,GA,ASO,ES,Federal Contract Tower,0,1,36,15,52,0,1,17,0,18,0,2,53,15,70,4,2,6,76
03/14/2020,AHN,GA,ASO,ES,Federal Contract Tower,0,1,20,0,21,0,0,34,0,34,0,1,54,0,55,36,0,36,91
03/15/2020,AHN,GA,ASO,ES,Federal Contract Tower,0,2,22,0,24,0,0,11,0,11,0,2,33,0,35,12,0,12,47
03/16/2020,AHN,GA,ASO,ES,Federal Contract Tower,0,2,6,0,8,0,0,0,0,0,0,2,6,0,8,0,0,0,8
03/17/2020,AHN,GA,ASO,ES,Federal Contract Tower,0,1,18,2,21,0,0,8,0,8,0,1,26,2,29,0,0,0,29
03/18/2020,AHN,GA,ASO,ES,Federal Contract Tower,0,0,11,0,11,0,1,3,0,4,0,1,14,0,15,0,0,0,15
03/19/2020,AHN,GA,ASO,ES,Federal Contract Tower,0,2,23,0,25,0,0,17,0,17,0,2,40,0,42,18,0,18,60
03/20/2020,AHN,GA,ASO,ES,Federal Contract Tower,0,0,14,0,14,0,0,30,0,30,0,0,44,0,44,48,0,48,92
03/21/2020,AHN,GA,ASO,ES,Federal Contract Tower,0,2,21,0,23,0,0,33,0,33,0,2,54,0,56,30,0,30,86
03/22/2020,AHN,GA,ASO,ES,Federal Contract Tower,0,0,15,0,15,0,0,0,0,0,0,0,15,0,15,0,0,0,15
03/23/2020,AHN,GA,ASO,ES,Federal Contract Tower,0,2,5,0,7,0,0,0,0,0,0,2,5,0,7,0,0,0,7
03/24/2020,AHN,GA,ASO,ES,Federal Contract Tower,0,2,1,0,3,0,0,0,0,0,0,2,1,0,3,0,0,0,3
03/25/2020,AHN,GA,ASO,ES,Federal Contract Tower,0,4,4,0,8,0,0,25,0,25,0,4,29,0,33,26,0,26,59
03/26/2020,AHN,GA,ASO,ES,Federal Contract Tower,0,2,13,2,17,0,0,27,2,29,0,2,40,4,46,44,0,44,90
03/27/2020,AHN,GA,ASO,ES,Federal Contract Tower,0,0,19,0,19,0,0,35,0,35,0,0,54,0,54,30,0,30,84
03/28/2020,AHN,GA,ASO,ES,Federal Contract Tower,0,0,16,0,16,0,0,26,0,26,0,0,42,0,42,64,0,64,106
03/29/2020,AHN,GA,ASO,ES,Federal Contract Tower,0,2,11,0,13,0,0,7,0,7,0,2,18,0,20,24,0,24,44
03/30/2020,AHN,GA,ASO,ES,Federal Contract Tower,0,1,8,0,9,0,0,22,0,22,0,1,30,0,31,44,0,44,75
03/31/2020,AHN,GA,ASO,ES,Federal Contract Tower,0,0,0,0,0,0,1,7,2,10,0,1,7,2,10,4,0,4,14
04/01/2020,AHN,GA,ASO,ES,Federal Contract Tower,0,0,12,0,12,0,0,33,0,33,0,0,45,0,45,26,0,26,71
04/02/2020,AHN,GA,ASO,ES,Federal Contract Tower,0,0,13,2,15,0,0,33,0,33,0,0,46,2,48,38,0,38,86
04/03/2020,AHN,GA,ASO,ES,Federal Contract Tower,0,0,10,0,10,0,0,25,0,25,0,0,35,0,35,26,0,26,61
04/04/2020,AHN,GA,ASO,ES,Federal Contract Tower,0,0,6,0,6,0,0,18,0,18,0,0,24,0,24,54,0,54,78
04/05/2020,AHN,GA,ASO,ES,Federal Contract Tower,0,3,0,0,3,0,4,28,0,32,0,7,28,0,35,46,0,46,81
04/06/2020,AHN,GA,ASO,ES,Federal Contract Tower,0,0,5,0,5,0,0,16,2,18,0,0,21,2,23,18,0,18,41
04/07/2020,AHN,GA,ASO,ES,Federal Contract Tower,0,0,13,0,13,0,0,15,2,17,0,0,28,2,30,4,0,4,34
04/08/2020,AHN,GA,ASO,ES,Federal Contract Tower,0,0,13,0,13,0,0,6,0,6,0,0,19,0,19,16,0,16,35
04/09/2020,AHN,GA,ASO,ES,Federal Contract Tower,0,0,6,0,6,0,2,14,0,16,0,2,20,0,22,0,0,0,22
04/10/2020,AHN,GA,ASO,ES,Federal Contract Tower,0,0,3,0,3,0,0,12,0,12,0,0,15,0,15,2,0,2,17
04/11/2020,AHN,GA,ASO,ES,Federal Contract Tower,0,0,4,0,4,0,0,54,0,54,0,0,58,0,58,62,0,62,120
04/12/2020,AHN,GA,ASO,ES,Federal Contract Tower,0,0,3,0,3,0,0,0,0,0,0,0,3,0,3,0,0,0,3
04/13/2020,AHN,GA,ASO,ES,Federal Contract Tower,0,0,8,0,8,0,1,10,0,11,0,1,18,0,19,0,0,0,19
04/14/2020,AHN,GA,ASO,ES,Federal Contract Tower,0,0,13,2,15,0,1,23,0,24,0,1,36,2,39,36,6,42,81
04/15/2020,AHN,GA,ASO,ES,Federal Contract Tower,0,1,1,5,7,0,2,31,2,35,0,3,32,7,42,0,20,20,62
04/16/2020,AHN,GA,ASO,ES,Federal Contract Tower,0,0,11,2,13,0,2,34,0,36,0,2,45,2,49,44,0,44,93
04/17/2020,AHN,GA,ASO,ES,Federal Contract Tower,0,2,6,0,8,0,0,21,0,21,0,2,27,0,29,20,0,20,49
04/18/2020,AHN,GA,ASO,ES,Federal Contract Tower,0,0,6,0,6,0,2,20,0,22,0,2,26,0,28,2,0,2,30
04/19/2020,AHN,GA,ASO,ES,Federal Contract Tower,0,0,3,0,3,0,0,0,0,0,0,0,3,0,3,0,0,0,3
04/20/2020,AHN,GA,ASO,ES,Federal Contract Tower,0,0,8,0,8,0,0,17,0,17,0,0,25,0,25,16,0,16,41
04/21/2020,AHN,GA,ASO,ES,Federal Contract Tower,0,0,9,0,9,0,0,30,0,30,0,0,39,0,39,28,0,28,67
04/22/2020,AHN,GA,ASO,ES,Federal Contract Tower,0,17,2,0,19,0,1,46,0,47,0,18,48,0,66,26,0,26,92
04/23/2020,AHN,GA,ASO,ES,Federal Contract Tower,0,4,2,0,6,0,0,2,0,2,0,4,4,0,8,0,0,0,8
04/24/2020,AHN,GA,ASO,ES,Federal Contract Tower,2,1,19,0,22,0,3,28,4,35,2,4,47,4,57,38,0,38,95
04/25/2020,AHN,GA,ASO,ES,Federal Contract Tower,0,0,10,0,10,0,0,28,0,28,0,0,38,0,38,22,0,22,60
04/26/2020,AHN,GA,ASO,ES,Federal Contract Tower,0,1,6,0,7,0,0,7,0,7,0,1,13,0,14,0,0,0,14
04/27/2020,AHN,GA,ASO,ES,Federal Contract Tower,0,0,4,0,4,0,2,27,0,29,0,2,31,0,33,50,0,50,83
04/28/2020,AHN,GA,ASO,ES,Federal Contract Tower,0,0,8,0,8,0,0,41,0,41,0,0,49,0,49,40,0,40,89
04/29/2020,AHN,GA,ASO,ES,Federal Contract Tower,0,0,9,0,9,0,1,5,0,6,0,1,14,0,15,10,0,10,25
04/30/2020,AHN,GA,ASO,ES,Federal Contract Tower,0,1,21,4,26,0,0,8,0,8,0,1,29,4,34,40,0,40,74
05/01/2020,AHN,GA,ASO,ES,Federal Contract Tower,0,0,13,2,15,0,1,33,0,34,0,1,46,2,49,36,0,36,85
05/02/2020,AHN,GA,ASO,ES,Federal Contract Tower,0,0,4,0,4,0,1,44,2,47,0,1,48,2,51,36,0,36,87
05/03/2020,AHN,GA,ASO,ES,Federal Contract Tower,0,0,11,0,11,0,2,33,4,39,0,2,44,4,50,8,0,8,58
05/04/2020,AHN,GA,ASO,ES,Federal Contract Tower,0,0,6,4,10,0,0,26,0,26,0,0,32,4,36,46,0,46,82
05/05/2020,AHN,GA,ASO,ES,Federal Contract Tower,0,2,12,0,14,0,0,20,0,20,0,2,32,0,34,14,0,14,48
05/06/2020,AHN,GA,ASO,ES,Federal Contract Tower,0,0,7,0,7,0,0,10,0,10,0,0,17,0,17,28,0,28,45
05/07/2020,AHN,GA,ASO,ES,Federal Contract Tower,0,0,22,0,22,0,1,34,0,35,0,1,56,0,57,54,0,54,111
05/08/2020,AHN,GA,ASO,ES,Federal Contract Tower,0,3,6,0,9,0,0,10,0,10,0,3,16,0,19,6,0,6,25
05/09/2020,AHN,GA,ASO,ES,Federal Contract Tower,0,0,13,0,13,0,1,52,0,53,0,1,65,0,66,62,0,62,128
05/10/2020,AHN,GA,ASO,ES,Federal Contract Tower,0,0,10,0,10,0,0,27,0,27,0,0,37,0,37,14,0,14,51
05/11/2020,AHN,GA,ASO,ES,Federal Contract Tower,0,0,13,0,13,0,0,19,0,19,0,0,32,0,32,10,0,10,42
05/12/2020,AHN,GA,ASO,ES,Federal Contract Tower,0,0,23,0,23,0,0,27,2,29,0,0,50,2,52,80,0,80,132
05/13/2020,AHN,GA,ASO,ES,Federal Contract Tower,0,1,19,2,22,0,0,34,0,34,0,1,53,2,56,28,0,28,84
05/14/2020,AHN,GA,ASO,ES,Federal Contract Tower,0,3,27,2,32,0,4,20,0,24,0,7,47,2,56,44,0,44,100
05/15/2020,AHN,GA,ASO,ES,Federal Contract Tower,0,2,19,0,21,0,4,34,0,38,0,6,53,0,59,18,0,18,77
05/16/2020,AHN,GA,ASO,ES,Federal Contract Tower,0,2,10,0,12,0,2,35,0,37,0,4,45,0,49,32,0,32,81
05/17/2020,AHN,GA,ASO,ES,Federal Contract Tower,0,0,12,0,12,0,0,24,0,24,0,0,36,0,36,14,0,14,50
05/18/2020,AHN,GA,ASO,ES,Federal Contract Tower,0,0,7,2,9,0,0,3,1,4,0,0,10,3,13,18,0,18,31
05/19/2020,AHN,GA,ASO,ES,Federal Contract Tower,0,0,17,1,18,0,0,6,0,6,0,0,23,1,24,22,0,22,46
05/20/2020,AHN,GA,ASO,ES,Federal Contract Tower,0,0,16,0,16,0,0,0,0,0,0,0,16,0,16,0,0,0,16
05/21/2020,AHN,GA,ASO,ES,Federal Contract Tower,0,4,39,0,43,0,4,21,3,28,0,8,60,3,71,18,0,18,89
05/22/2020,AHN,GA,ASO,ES,Federal Contract Tower,0,0,17,0,17,0,1,19,0,20,0,1,36,0,37,32,0,32,69
05/23/2020,AHN,GA,ASO,ES,Federal Contract Tower,0,0,21,0,21,0,2,46,0,48,0,2,67,0,69,58,0,58,127
05/24/2020,AHN,GA,ASO,ES,Federal Contract Tower,0,0,7,0,7,0,0,31,0,31,0,0,38,0,38,24,0,24,62
05/25/2020,AHN,GA,ASO,ES,Federal Contract Tower,0,0,24,0,24,0,0,2,0,2,0,0,26,0,26,8,0,8,34
05/26/2020,AHN,GA,ASO,ES,Federal Contract Tower,0,3,21,0,24,0,0,1,0,1,0,3,22,0,25,14,0,14,39
05/27/2020,AHN,GA,ASO,ES,Federal Contract Tower,0,2,21,0,23,0,0,0,0,0,0,2,21,0,23,0,0,0,23
05/28/2020,AHN,GA,ASO,ES,Federal Contract Tower,0,2,11,2,15,0,4,6,0,10,0,6,17,2,25,2,0,2,27
05/29/2020,AHN,GA,ASO,ES,Federal Contract Tower,0,3,13,0,16,0,2,15,0,17,0,5,28,0,33,8,0,8,41
05/30/2020,AHN,GA,ASO,ES,Federal Contract Tower,0,1,11,0,12,0,0,51,0,51,0,1,62,0,63,24,0,24,87
05/31/2020,AHN,GA,ASO,ES,Federal Contract Tower,0,0,6,0,6,0,0,59,0,59,0,0,65,0,65,12,0,12,77
06/01/2020,AHN,GA,ASO,ES,Federal Contract Tower,0,2,17,2,21,0,0,31,0,31,0,2,48,2,52,38,0,38,90
06/02/2020,AHN,GA,ASO,ES,Federal Contract Tower,0,1,8,2,11,0,0,44,0,44,0,1,52,2,55,54,0,54,109
06/03/2020,AHN,GA,ASO,ES,Federal Contract Tower,0,0,34,0,34,0,2,22,0,24,0,2,56,0,58,44,0,44,102
06/04/2020,AHN,GA,ASO,ES,Federal Contract Tower,0,0,18,0,18,0,0,25,0,25,0,0,43,0,43,28,0,28,71
06/05/2020,AHN,GA,ASO,ES,Federal Contract Tower,0,0,11,0,11,0,0,10,0,10,0,0,21,0,21,16,0,16,37
06/06/2020,AHN,GA,ASO,ES,Federal Contract Tower,0,0,19,0,19,0,2,49,0,51,0,2,68,0,70,28,0,28,98
06/07/2020,AHN,GA,ASO,ES,Federal Contract Tower,0,0,18,0,18,0,0,17,0,17,0,0,35,0,35,16,0,16,51
06/08/2020,AHN,GA,ASO,ES,Federal Contract Tower,0,1,14,0,15,0,0,2,0,2,0,1,16,0,17,0,0,0,17
06/09/2020,AHN,GA,ASO,ES,Federal Contract Tower,0,1,31,0,32,0,0,17,0,17,0,1,48,0,49,16,0,16,65
06/10/2020,AHN,GA,ASO,ES,Federal Contract Tower,0,3,11,0,14,0,0,10,6,16,0,3,21,6,30,0,0,0,30
06/11/2020,AHN,GA,ASO,ES,Federal Contract Tower,0,1,34,2,37,0,6,28,0,34,0,7,62,2,71,42,2,44,115
06/12/2020,AHN,GA,ASO,ES,Federal Contract Tower,0,3,15,0,18,0,1,63,0,64,0,4,78,0,82,66,0,66,148
06/13/2020,AHN,GA,ASO,ES,Federal Contract Tower,0,1,10,0,11,0,0,48,0,48,0,1,58,0,59,14,0,14,73
06/14/2020,AHN,GA,ASO,ES,Federal Contract Tower,0,0,21,0,21,0,0,37,2,39,0,0,58,2,60,36,2,38,98
06/15/2020,AHN,GA,ASO,ES,Federal Contract Tower,0,0,20,0,20,0,3,21,0,24,0,3,41,0,44,0,0,0,44
06/16/2020,AHN,GA,ASO,ES,Federal Contract Tower,0,2,27,0,29,0,0,17,0,17,0,2,44,0,46,18,0,18,64
06/17/2020,AHN,GA,ASO,ES,Federal Contract Tower,0,0,23,0,23,0,0,23,1,24,0,0,46,1,47,26,0,26,73
06/18/2020,AHN,GA,ASO,ES,Federal Contract Tower,0,2,34,4,40,0,5,27,1,33,0,7,61,5,73,40,0,40,113
06/19/2020,AHN,GA,ASO,ES,Federal Contract Tower,0,24,0,0,24,0,5,34,0,39,0,29,34,0,63,30,0,30,93
06/20/2020,AHN,GA,ASO,ES,Federal Contract Tower,0,0,8,0,8,0,0,61,0,61,0,0,69,0,69,74,0,74,143
06/21/2020,AHN,GA,ASO,ES,Federal Contract Tower,0,1,10,0,11,0,0,24,0,24,0,1,34,0,35,10,0,10,45
06/22/2020,AHN,GA,ASO,ES,Federal Contract Tower,0,3,8,2,13,0,0,38,0,38,0,3,46,2,51,8,0,8,59
06/23/2020,AHN,GA,ASO,ES,Federal Contract Tower,0,0,8,0,8,0,0,7,2,9,0,0,15,2,17,34,6,40,57
06/24/2020,AHN,GA,ASO,ES,Federal Contract Tower,0,2,26,0,28,0,0,38,0,38,0,2,64,0,66,24,0,24,90
06/25/2020,AHN,GA,ASO,ES,Federal Contract Tower,0,4,19,0,23,0,0,19,0,19,0,4,38,0,42,28,0,28,70
06/26/2020,AHN,GA,ASO,ES,Federal Contract Tower,0,5,10,2,17,0,1,57,0,58,0,6,67,2,75,46,0,46,121
06/27/2020,AHN,GA,ASO,ES,Federal Contract Tower,0,4,11,0,15,0,0,40,0,40,0,4,51,0,55,8,0,8,63
06/28/2020,AHN,GA,ASO,ES,Federal Contract Tower,0,0,23,0,23,0,0,15,0,15,0,0,38,0,38,2,0,2,40
06/29/2020,AHN,GA,ASO,ES,Federal Contract Tower,0,1,16,2,19,0,2,32,0,34,0,3,48,2,53,20,0,20,73
06/30/2020,AHN,GA,ASO,ES,Federal Contract Tower,0,4,22,0,26,0,0,44,0,44,0,4,66,0,70,12,0,12,82
07/01/2020,AHN,GA,ASO,ES,Federal Contract Tower,0,0,15,0,15,0,0,12,0,12,0,0,27,0,27,44,0,44,71
07/02/2020,AHN,GA,ASO,ES,Federal Contract Tower,0,6,15,2,23,0,2,31,0,33,0,8,46,2,56,44,0,44,100
07/03/2020,AHN,GA,ASO,ES,Federal Contract Tower,0,1,15,0,16,0,0,18,0,18,0,1,33,0,34,32,0,32,66
07/04/2020,AHN,GA,ASO,ES,Federal Contract Tower,0,0,4,0,4,0,0,23,0,23,0,0,27,0,27,30,0,30,57
07/05/2020,AHN,GA,ASO,ES,Federal Contract Tower,0,0,21,0,21,0,2,8,0,10,0,2,29,0,31,2,0,2,33
07/06/2020,AHN,GA,ASO,ES,Federal Contract Tower,0,0,3,0,3,0,0,0,0,0,0,0,3,0,3,0,0,0,3
07/07/2020,AHN,GA,ASO,ES,Federal Contract Tower,0,0,11,0,11,0,0,1,0,1,0,0,12,0,12,0,0,0,12
07/08/2020,AHN,GA,ASO,ES,Federal Contract Tower,0,0,40,0,40,0,1,27,0,28,0,1,67,0,68,34,0,34,102
07/09/2020,AHN,GA,ASO,ES,Federal Contract Tower,0,0,21,6,27,0,0,18,0,18,0,0,39,6,45,76,0,76,121
07/10/2020,AHN,GA,ASO,ES,Federal Contract Tower,0,0,24,0,24,0,0,39,2,41,0,0,63,2,65,40,0,40,105
07/11/2020,AHN,GA,ASO,ES,Federal Contract Tower,0,2,47,0,49,0,0,48,3,51,0,2,95,3,100,34,0,34,134
07/12/2020,AHN,GA,ASO,ES,Federal Contract Tower,0,1,13,0,14,0,1,44,0,45,0,2,57,0,59,28,0,28,87
07/13/2020,AHN,GA,ASO,ES,Federal Contract Tower,0,3,27,1,31,0,0,25,0,25,0,3,52,1,56,42,0,42,98
07/14/2020,AHN,GA,ASO,ES,Federal Contract Tower,0,3,13,5,21,0,6,37,0,43,0,9,50,5,64,40,0,40,104
07/15/2020,AHN,GA,ASO,ES,Federal Contract Tower,0,2,11,2,15,0,4,34,0,38,0,6,45,2,53,62,0,62,115
07/16/2020,AHN,GA,ASO,ES,Federal Contract Tower,0,0,26,0,26,0,3,34,0,37,0,3,60,0,63,58,0,58,121
07/17/2020,AHN,GA,ASO,ES,Federal Contract Tower,0,1,9,0,10,0,1,39,1,41,0,2,48,1,51,38,0,38,89
07/18/2020,AHN,GA,ASO,ES,Federal Contract Tower,0,0,19,0,19,0,0,27,0,27,0,0,46,0,46,62,0,62,108
07/19/2020,AHN,GA,ASO,ES,Federal Contract Tower,0,2,13,0,15,0,0,49,0,49,0,2,62,0,64,44,0,44,108
07/20/2020,AHN,GA,ASO,ES,Federal Contract Tower,0,0,20,0,20,0,0,20,0,20,0,0,40,0,40,42,0,42,82
07/21/2020,AHN,GA,ASO,ES,Federal Contract Tower,0,6,17,2,25,0,0,19,0,19,0,6,36,2,44,32,0,32,76
07/22/2020,AHN,GA,ASO,ES,Federal Contract Tower,0,2,29,0,31,0,5,29,0,34,0,7,58,0,65,34,0,34,99
07/23/2020,AHN,GA,ASO,ES,Federal Contract Tower,0,0,25,1,26,0,6,44,0,50,0,6,69,1,76,66,0,66,142
07/24/2020,AHN,GA,ASO,ES,Federal Contract Tower,0,0,7,4,11,0,4,43,0,47,0,4,50,4,58,52,0,52,110
07/25/2020,AHN,GA,ASO,ES,Federal Contract Tower,0,2,14,0,16,0,2,18,0,20,0,4,32,0,36,16,0,16,52
07/26/2020,AHN,GA,ASO,ES,Federal Contract Tower,0,1,14,0,15,0,3,50,0,53,0,4,64,0,68,28,0,28,96
07/27/2020,AHN,GA,ASO,ES,Federal Contract Tower,0,4,11,2,17,0,2,60,0,62,0,6,71,2,79,50,0,50,129
07/28/2020,AHN,GA,ASO,ES,Federal Contract Tower,0,1,15,0,16,0,2,48,2,52,0,3,63,2,68,32,0,32,100
07/29/2020,AHN,GA,ASO,ES,Federal Contract Tower,0,1,24,0,25,0,0,19,2,21,0,1,43,2,46,38,0,38,84
07/30/2020,AHN,GA,ASO,ES,Federal Contract Tower,0,1,24,1,26,0,0,11,0,11,0,1,35,1,37,8,0,8,45
07/31/2020,AHN,GA,ASO,ES,Federal Contract Tower,0,0,11,2,13,0,0,11,0,11,0,0,22,2,24,10,6,16,40
08/01/2020,AHN,GA,ASO,ES,Federal Contract Tower,0,1,27,0,28,0,0,46,0,46,0,1,73,0,74,48,0,48,122
08/02/2020,AHN,GA,ASO,ES,Federal Contract Tower,0,0,21,0,21,0,0,25,0,25,0,0,46,0,46,28,0,28,74
08/03/2020,AHN,GA,ASO,ES,Federal Contract Tower,0,1,8,0,9,0,0,19,1,20,0,1,27,1,29,6,0,6,35
08/04/2020,AHN,GA,ASO,ES,Federal Contract Tower,0,2,18,6,26,0,0,30,0,30,0,2,48,6,56,20,2,22,78
08/05/2020,AHN,GA,ASO,ES,Federal Contract Tower,0,0,17,6,23,0,5,34,1,40,0,5,51,7,63,36,0,36,99
08/06/2020,AHN,GA,ASO,ES,Federal Contract Tower,0,1,36,0,37,0,1,39,0,40,0,2,75,0,77,30,0,30,107
08/07/2020,AHN,GA,ASO,ES,Federal Contract Tower,0,0,26,0,26,0,0,20,0,20,0,0,46,0,46,42,0,42,88
08/08/2020,AHN,GA,ASO,ES,Federal Contract Tower,0,0,19,0,19,0,0,48,0,48,0,0,67,0,67,26,0,26,93
08/09/2020,AHN,GA,ASO,ES,Federal Contract Tower,0,0,26,0,26,0,0,42,0,42,0,0,68,0,68,8,0,8,76
08/10/2020,AHN,GA,ASO,ES,Federal Contract Tower,0,0,19,0,19,0,0,37,0,37,0,0,56,0,56,2,0,2,58
08/11/2020,AHN,GA,ASO,ES,Federal Contract Tower,0,3,21,6,30,0,2,33,2,37,0,5,54,8,67,22,0,22,89
08/12/2020,AHN,GA,ASO,ES,Federal Contract Tower,0,5,16,0,21,0,3,45,0,48,0,8,61,0,69,16,0,16,85
08/13/2020,AHN,GA,ASO,ES,Federal Contract Tower,0,1,22,0,23,0,2,31,0,33,0,3,53,0,56,20,0,20,76
08/14/2020,AHN,GA,ASO,ES,Federal Contract Tower,0,5,22,0,27,0,0,8,1,9,0,5,30,1,36,6,0,6,42
08/15/2020,AHN,GA,ASO,ES,Federal Contract Tower,0,5,28,0,33,0,0,8,0,8,0,5,36,0,41,26,0,26,67
08/16/2020,AHN,GA,ASO,ES,Federal Contract Tower,0,3,21,0,24,0,0,52,0,52,0,3,73,0,76,14,0,14,90
08/17/2020,AHN,GA,ASO,ES,Federal Contract Tower,0,0,20,0,20,0,2,55,0,57,0,2,75,0,77,40,0,40,117
08/18/2020,AHN,GA,ASO,ES,Federal Contract Tower,0,2,18,2,22,0,0,44,0,44,0,2,62,2,66,58,0,58,124
08/19/2020,AHN,GA,ASO,ES,Federal Contract Tower,0,3,18,0,21,0,0,31,0,31,0,3,49,0,52,24,0,24,76
08/20/2020,AHN,GA,ASO,ES,Federal Contract Tower,0,0,29,1,30,0,3,25,3,31,0,3,54,4,61,24,0,24,85
08/21/2020,AHN,GA,ASO,ES,Federal Contract Tower,0,3,11,0,14,0,0,2,0,2,0,3,13,0,16,0,0,0,16
08/22/2020,AHN,GA,ASO,ES,Federal Contract Tower,0,0,36,0,36,0,1,13,2,16,0,1,49,2,52,17,2,19,71
08/23/2020,AHN,GA,ASO,ES,Federal Contract Tower,0,0,21,0,21,0,0,22,0,22,0,0,43,0,43,20,0,20,63
08/24/2020,AHN,GA,ASO,ES,Federal Contract Tower,0,2,31,2,35,0,0,4,0,4,0,2,35,2,39,4,0,4,43
08/25/2020,AHN,GA,ASO,ES,Federal Contract Tower,0,0,14,0,14,0,0,0,0,0,0,0,14,0,14,0,0,0,14
08/26/2020,AHN,GA,ASO,ES,Federal Contract Tower,0,2,16,0,18,0,0,35,0,35,0,2,51,0,53,30,0,30,83
08/27/2020,AHN,GA,ASO,ES,Federal Contract Tower,0,2,41,2,45,0,3,67,0,70,0,5,108,2,115,64,0,64,179
08/28/2020,AHN,GA,ASO,ES,Federal Contract Tower,0,2,26,3,31,0,10,18,1,29,0,12,44,4,60,20,0,20,80
08/29/2020,AHN,GA,ASO,ES,Federal Contract Tower,0,2,17,0,19,0,0,10,0,10,0,2,27,0,29,10,0,10,39
08/30/2020,AHN,GA,ASO,ES,Federal Contract Tower,0,0,35,2,37,0,0,34,0,34,0,0,69,2,71,16,0,16,87
08/31/2020,AHN,GA,ASO,ES,Federal Contract Tower,0,6,28,0,34,0,0,11,0,11,0,6,39,0,45,18,0,18,63
09/01/2020,AHN,GA,ASO,ES,Federal Contract Tower,0,10,16,4,30,0,51,2,0,53,0,61,18,4,83,70,0,70,153
09/02/2020,AHN,GA,ASO,ES,Federal Contract Tower,0,1,25,2,28,0,1,48,1,50,0,2,73,3,78,86,0,86,164
09/03/2020,AHN,GA,ASO,ES,Federal Contract Tower,0,7,26,0,33,0,1,56,0,57,0,8,82,0,90,92,0,92,182
09/04/2020,AHN,GA,ASO,ES,Federal Contract Tower,0,3,39,0,42,0,0,72,0,72,0,3,111,0,114,104,0,104,218
09/05/2020,AHN,GA,ASO,ES,Federal Contract Tower,0,2,15,0,17,0,1,57,0,58,0,3,72,0,75,78,0,78,153
09/06/2020,AHN,GA,ASO,ES,Federal Contract Tower,0,1,13,0,14,0,0,48,0,48,0,1,61,0,62,46,0,46,108
09/07/2020,AHN,GA,ASO,ES,Federal Contract Tower,0,3,23,0,26,0,0,84,0,84,0,3,107,0,110,34,0,34,144
09/08/2020,AHN,GA,ASO,ES,Federal Contract Tower,0,4,25,0,29,0,8,46,0,54,0,12,71,0,83,98,0,98,181
09/09/2020,AHN,GA,ASO,ES,Federal Contract Tower,0,5,25,4,34,0,0,31,2,33,0,5,56,6,67,80,0,80,147
09/10/2020,AHN,GA,ASO,ES,Federal Contract Tower,0,3,41,2,46,0,2,31,0,33,0,5,72,2,79,62,0,62,141
09/11/2020,AHN,GA,ASO,ES,Federal Contract Tower,0,1,25,2,28,0,3,56,0,59,0,4,81,2,87,114,0,114,201
09/12/2020,AHN,GA,ASO,ES,Federal Contract Tower,0,8,33,0,41,0,0,9,0,9,0,8,42,0,50,22,0,22,72
09/13/2020,AHN,GA,ASO,ES,Federal Contract Tower,0,2,38,0,40,0,0,38,0,38,0,2,76,0,78,60,0,60,138
09/14/2020,AHN,GA,ASO,ES,Federal Contract Tower,0,6,21,0,27,0,0,54,2,56,0,6,75,2,83,114,0,114,197
09/15/2020,AHN,GA,ASO,ES,Federal Contract Tower,0,9,13,0,22,0,5,22,0,27,0,14,35,0,49,18,0,18,67
09/16/2020,AHN,GA,ASO,ES,Federal Contract Tower,0,1,21,0,22,0,1,8,0,9,0,2,29,0,31,8,0,8,39
09/17/2020,AHN,GA,ASO,ES,Federal Contract Tower,0,1,13,0,14,0,0,0,0,0,0,1,13,0,14,0,0,0,14
09/18/2020,AHN,GA,ASO,ES,Federal Contract Tower,0,1,35,3,39,0,4,66,2,72,0,5,101,5,111,140,0,140,251
09/19/2020,AHN,GA,ASO,ES,Federal Contract Tower,0,3,20,2,25,0,2,52,0,54,0,5,72,2,79,112,4,116,195
09/20/2020,AHN,GA,ASO,ES,Federal Contract Tower,0,2,25,2,29,0,0,54,2,56,0,2,79,4,85,60,8,68,153
09/21/2020,AHN,GA,ASO,ES,Federal Contract Tower,0,8,20,2,30,0,4,51,0,55,0,12,71,2,85,52,0,52,137
09/22/2020,AHN,GA,ASO,ES,Federal Contract Tower,0,12,14,1,27,0,6,68,1,75,0,18,82,2,102,104,0,104,206
09/23/2020,AHN,GA,ASO,ES,Federal Contract Tower,0,2,33,2,37,0,4,72,0,76,0,6,105,2,113,110,0,110,223
09/24/2020,AHN,GA,ASO,ES,Federal Contract Tower,0,5,33,3,41,0,0,22,1,23,0,5,55,4,64,68,0,68,132
09/25/2020,AHN,GA,ASO,ES,Federal Contract Tower,4,11,39,0,54,0,0,0,0,0,4,11,39,0,54,0,0,0,54
09/26/2020,AHN,GA,ASO,ES,Federal Contract Tower,0,3,41,0,44,0,0,23,0,23,0,3,64,0,67,92,0,92,159
09/27/2020,AHN,GA,ASO,ES,Federal Contract Tower,0,2,35,0,37,0,0,12,0,12,0,2,47,0,49,42,0,42,91
09/28/2020,AHN,GA,ASO,ES,Federal Contract Tower,0,8,25,0,33,0,4,28,0,32,0,12,53,0,65,62,0,62,127
09/29/2020,AHN,GA,ASO,ES,Federal Contract Tower,0,5,14,0,19,0,0,0,0,0,0,5,14,0,19,0,0,0,19
09/30/2020,AHN,GA,ASO,ES,Federal Contract Tower,0,10,26,0,36,0,4,70,0,74,0,14,96,0,110,150,0,150,260
10/01/2020,AHN,GA,ASO,ES,Federal Contract Tower,0,4,36,1,41,0,0,76,1,77,0,4,112,2,118,54,0,54,172
10/02/2020,AHN,GA,ASO,ES,Federal Contract Tower,0,3,37,0,40,0,0,82,0,82,0,3,119,0,122,144,0,144,266
10/03/2020,AHN,GA,ASO,ES,Federal Contract Tower,0,6,43,0,49,0,0,88,0,88,0,6,131,0,137,82,0,82,219
10/04/2020,AHN,GA,ASO,ES,Federal Contract Tower,0,6,60,6,72,0,2,78,0,80,0,8,138,6,152,86,0,86,238
10/05/2020,AHN,GA,ASO,ES,Federal Contract Tower,0,7,15,0,22,0,3,81,0,84,0,10,96,0,106,98,0,98,204
10/06/2020,AHN,GA,ASO,ES,Federal Contract Tower,0,10,13,0,23,0,1,67,2,70,0,11,80,2,93,72,0,72,165
10/07/2020,AHN,GA,ASO,ES,Federal Contract Tower,0,3,38,2,43,0,1,68,0,69,0,4,106,2,112,90,0,90,202
10/08/2020,AHN,GA,ASO,ES,Federal Contract Tower,0,5,36,0,41,0,0,51,4,55,0,5,87,4,96,76,0,76,172
10/09/2020,AHN,GA,ASO,ES,Federal Contract Tower,0,6,35,0,41,0,2,57,0,59,0,8,92,0,100,110,0,110,210
10/10/2020,AHN,GA,ASO,ES,Federal Contract Tower,2,6,41,0,49,0,0,2,0,2,2,6,43,0,51,0,0,0,51
10/11/2020,AHN,GA,ASO,ES,Federal Contract Tower,0,1,15,0,16,0,0,0,0,0,0,1,15,0,16,0,0,0,16
10/12/2020,AHN,GA,ASO,ES,Federal Contract Tower,0,15,31,0,46,0,6,21,0,27,0,21,52,0,73,34,0,34,107
10/13/2020,AHN,GA,ASO,ES,Federal Contract Tower,0,4,26,0,30,0,1,59,0,60,0,5,85,0,90,72,0,72,162
10/14/2020,AHN,GA,ASO,ES,Federal Contract Tower,0,5,21,0,26,0,2,45,0,47,0,7,66,0,73,68,0,68,141
10/15/2020,AHN,GA,ASO,ES,Federal Contract Tower,0,6,30,2,38,0,0,16,1,17,0,6,46,3,55,16,0,16,71
10/16/2020,AHN,GA,ASO,ES,Federal Contract Tower,4,2,30,0,36,0,1,56,0,57,4,3,86,0,93,70,0,70,163
10/17/2020,AHN,GA,ASO,ES,Federal Contract Tower,0,5,8,0,13,0,0,38,0,38,0,5,46,0,51,58,0,58,109
10/18/2020,AHN,GA,ASO,ES,Federal Contract Tower,0,1,15,0,16,0,0,68,0,68,0,1,83,0,84,42,0,42,126
10/19/2020,AHN,GA,ASO,ES,Federal Contract Tower,0,4,9,0,13,0,1,41,0,42,0,5,50,0,55,36,0,36,91
10/20/2020,AHN,GA,ASO,ES,Federal Contract Tower,0,6,13,0,19,0,6,58,8,72,0,12,71,8,91,54,0,54,145
10/21/2020,AHN,GA,ASO,ES,Federal Contract Tower,0,5,27,4,36,0,0,50,4,54,0,5,77,8,90,64,0,64,154
10/22/2020,AHN,GA,ASO,ES,Federal Contract Tower,0,1,31,0,32,0,0,56,0,56,0,1,87,0,88,108,0,108,196
10/23/2020,AHN,GA,ASO,ES,Federal Contract Tower,0,4,34,0,38,0,0,51,0,51,0,4,85,0,89,88,0,88,177
10/24/2020,AHN,GA,ASO,ES,Federal Contract Tower,0,0,26,4,30,0,7,29,0,36,0,7,55,4,66,32,0,32,98
10/25/2020,AHN,GA,ASO,ES,Federal Contract Tower,0,5,25,0,30,0,2,7,0,9,0,7,32,0,39,16,0,16,55
10/26/2020,AHN,GA,ASO,ES,Federal Contract Tower,0,2,28,0,30,0,0,4,0,4,0,2,32,0,34,24,0,24,58
10/27/2020,AHN,GA,ASO,ES,Federal Contract Tower,0,44,13,0,57,0,0,6,0,6,0,44,19,0,63,16,0,16,79
10/28/2020,AHN,GA,ASO,ES,Federal Contract Tower,0,3,15,0,18,0,0,0,0,0,0,3,15,0,18,12,0,12,30
10/29/2020,AHN,GA,ASO,ES,Federal Contract Tower,0,2,13,0,15,0,0,6,5,11,0,2,19,5,26,2,6,8,34
10/30/2020,AHN,GA,ASO,ES,Federal Contract Tower,4,0,42,0,46,0,2,49,5,56,4,2,91,5,102,28,0,28,130
10/31/2020,AHN,GA,ASO,ES,Federal Contract Tower,4,0,19,6,29,0,3,38,5,46,4,3,57,11,75,38,28,66,141
11/01/2020,AHN,GA,ASO,ES,Federal Contract Tower,0,0,16,0,16,0,0,4,0,4,0,0,20,0,20,0,0,0,20
11/02/2020,AHN,GA,ASO,ES,Federal Contract Tower,0,0,17,2,19,0,5,77,2,84,0,5,94,4,103,64,0,64,167
11/03/2020,AHN,GA,ASO,ES,Federal Contract Tower,0,0,29,1,30,0,0,52,1,53,0,0,81,2,83,62,2,64,147
11/04/2020,AHN,GA,ASO,ES,Federal Contract Tower,0,2,25,0,27,0,3,52,0,55,0,5,77,0,82,82,0,82,164
11/05/2020,AHN,GA,ASO,ES,Federal Contract Tower,0,6,34,2,42,0,4,58,0,62,0,10,92,2,104,104,0,104,208
11/06/2020,AHN,GA,ASO,ES,Federal Contract Tower,4,2,33,0,39,0,1,68,0,69,4,3,101,0,108,114,0,114,222
11/07/2020,AHN,GA,ASO,ES,Federal Contract Tower,0,1,15,0,16,0,1,20,0,21,0,2,35,0,37,38,0,38,75
11/08/2020,AHN,GA,ASO,ES,Federal Contract Tower,0,3,34,0,37,0,7,6,0,13,0,10,40,0,50,4,0,4,54
11/09/2020,AHN,GA,ASO,ES,Federal Contract Tower,0,3,14,0,17,0,3,24,0,27,0,6,38,0,44,32,0,32,76
11/10/2020,AHN,GA,ASO,ES,Federal Contract Tower,0,1,14,0,15,0,0,0,0,0,0,1,14,0,15,0,0,0,15
11/11/2020,AHN,GA,ASO,ES,Federal Contract Tower,0,0,26,0,26,0,0,2,0,2,0,0,28,0,28,0,0,0,28
11/12/2020,AHN,GA,ASO,ES,Federal Contract Tower,0,2,12,4,18,0,1,30,2,33,0,3,42,6,51,30,4,34,85
11/13/2020,AHN,GA,ASO,ES,Federal Contract Tower,0,0,27,0,27,0,15,40,0,55,0,15,67,0,82,22,0,22,104
11/14/2020,AHN,GA,ASO,ES,Federal Contract Tower,0,0,11,0,11,0,7,51,2,60,0,7,62,2,71,72,0,72,143
11/15/2020,AHN,GA,ASO,ES,Federal Contract Tower,0,0,14,0,14,0,3,10,0,13,0,3,24,0,27,16,0,16,43
11/16/2020,AHN,GA,ASO,ES,Federal Contract Tower,0,3,12,0,15,0,4,44,0,48,0,7,56,0,63,30,0,30,93
11/17/2020,AHN,GA,ASO,ES,Federal Contract Tower,0,4,16,0,20,0,3,43,0,46,0,7,59,0,66,28,4,32,98
11/18/2020,AHN,GA,ASO,ES,Federal Contract Tower,0,5,19,0,24,0,0,55,0,55,0,5,74,0,79,52,0,52,131
11/19/2020,AHN,GA,ASO,ES,Federal Contract Tower,0,1,17,2,20,0,0,55,4,59,0,1,72,6,79,96,0,96,175
11/20/2020,AHN,GA,ASO,ES,Federal Contract Tower,0,3,23,0,26,0,5,73,0,78,0,8,96,0,104,78,0,78,182
11/22/2020,AHN,GA,ASO,ES,Federal Contract Tower,0,4,24,0,28,0,4,49,2,55,0,8,73,2,83,46,0,46,129
11/23/2020,AHN,GA,ASO,ES,Federal Contract Tower,0,10,19,1,30,0,3,55,0,58,0,13,74,1,88,44,0,44,132
11/24/2020,AHN,GA,ASO,ES,Federal Contract Tower,0,4,19,2,25,0,0,49,0,49,0,4,68,2,74,10,0,10,84
11/25/2020,AHN,GA,ASO,ES,Federal Contract Tower,0,2,21,0,23,0,0,17,0,17,0,2,38,0,40,8,0,8,48
11/26/2020,AHN,GA,ASO,ES,Federal Contract Tower,0,0,8,0,8,0,0,2,0,2,0,0,10,0,10,0,0,0,10
11/27/2020,AHN,GA,ASO,ES,Federal Contract Tower,0,0,18,0,18,0,2,32,0,34,0,2,50,0,52,68,0,68,120
11/28/2020,AHN,GA,ASO,ES,Federal Contract Tower,0,2,19,0,21,0,4,50,0,54,0,6,69,0,75,32,0,32,107
11/29/2020,AHN,GA,ASO,ES,Federal Contract Tower,0,5,23,0,28,0,0,0,0,0,0,5,23,0,28,0,0,0,28
11/30/2020,AHN,GA,ASO,ES,Federal Contract Tower,0,6,11,0,17,0,0,2,0,2,0,6,13,0,19,0,0,0,19
12/01/2020,AHN,GA,ASO,ES,Federal Contract Tower,0,7,23,2,32,0,2,33,0,35,0,9,56,2,67,70,0,70,137
12/02/2020,AHN,GA,ASO,ES,Federal Contract Tower,0,0,29,0,29,0,0,61,0,61,0,0,90,0,90,90,0,90,180
12/03/2020,AHN,GA,ASO,ES,Federal Contract Tower,0,0,30,0,30,0,3,53,0,56,0,3,83,0,86,102,0,102,188
12/04/2020,AHN,GA,ASO,ES,Federal Contract Tower,0,2,13,0,15,0,0,4,0,4,0,2,17,0,19,0,0,0,19
12/05/2020,AHN,GA,ASO,ES,Federal Contract Tower,1,0,19,0,20,0,0,21,0,21,1,0,40,0,41,32,0,32,73
12/06/2020,AHN,GA,ASO,ES,Federal Contract Tower,1,2,23,0,26,0,5,43,0,48,1,7,66,0,74,44,0,44,118
12/07/2020,AHN,GA,ASO,ES,Federal Contract Tower,0,0,17,0,17,0,1,19,0,20,0,1,36,0,37,22,0,22,59
12/08/2020,AHN,GA,ASO,ES,Federal Contract Tower,0,4,11,2,17,0,3,57,0,60,0,7,68,2,77,64,2,66,143
12/09/2020,AHN,GA,ASO,ES,Federal Contract Tower,0,2,18,0,20,0,0,32,0,32,0,2,50,0,52,46,0,46,98
12/10/2020,AHN,GA,ASO,ES,Federal Contract Tower,0,4,18,0,22,0,5,77,0,82,0,9,95,0,104,114,0,114,218
12/11/2020,AHN,GA,ASO,ES,Federal Contract Tower,4,6,18,0,28,0,3,46,0,49,4,9,64,0,77,60,0,60,137
12/12/2020,AHN,GA,ASO,ES,Federal Contract Tower,4,1,17,10,32,0,0,35,0,35,4,1,52,10,67,42,0,42,109
12/13/2020,AHN,GA,ASO,ES,Federal Contract Tower,0,0,13,28,41,0,0,36,2,38,0,0,49,30,79,26,0,26,105
12/14/2020,AHN,GA,ASO,ES,Federal Contract Tower,0,5,20,0,25,0,4,13,2,19,0,9,33,2,44,12,4,16,60
12/15/2020,AHN,GA,ASO,ES,Federal Contract Tower,0,4,21,0,25,0,0,25,0,25,0,4,46,0,50,16,0,16,66
12/16/2020,AHN,GA,ASO,ES,Federal Contract Tower,0,0,11,0,11,0,0,0,0,0,0,0,11,0,11,0,0,0,11
12/17/2020,AHN,GA,ASO,ES,Federal Contract Tower,0,1,20,4,25,0,0,33,2,35,0,1,53,6,60,16,0,16,76
12/18/2020,AHN,GA,ASO,ES,Federal Contract Tower,0,3,22,0,25,0,3,80,0,83,0,6,102,0,108,76,0,76,184
12/19/2020,AHN,GA,ASO,ES,Federal Contract Tower,0,0,32,0,32,0,4,46,0,50,0,4,78,0,82,46,0,46,128
12/20/2020,AHN,GA,ASO,ES,Federal Contract Tower,0,4,21,0,25,0,2,9,0,11,0,6,30,0,36,2,0,2,38
12/21/2020,AHN,GA,ASO,ES,Federal Contract Tower,0,2,17,0,19,0,1,39,0,40,0,3,56,0,59,22,0,22,81
12/22/2020,AHN,GA,ASO,ES,Federal Contract Tower,0,0,14,0,14,0,0,50,0,50,0,0,64,0,64,44,0,44,108
12/23/2020,AHN,GA,ASO,ES,Federal Contract Tower,0,1,10,0,11,0,0,63,0,63,0,1,73,0,74,102,0,102,176
12/24/2020,AHN,GA,ASO,ES,Federal Contract Tower,0,0,0,0,0,0,0,0,0,0,0,0,0,0,0,0,0,0,0
12/25/2020,AHN,GA,ASO,ES,Federal Contract Tower,0,0,0,2,2,0,0,6,0,6,0,0,6,2,8,6,0,6,14
12/26/2020,AHN,GA,ASO,ES,Federal Contract Tower,0,0,2,20,22,0,2,36,0,38,0,2,38,20,60,18,0,18,78
12/27/2020,AHN,GA,ASO,ES,Federal Contract Tower,0,2,15,0,17,0,0,21,0,21,0,2,36,0,38,6,0,6,44
12/28/2020,AHN,GA,ASO,ES,Federal Contract Tower,0,0,21,0,21,0,1,44,0,45,0,1,65,0,66,44,0,44,110
12/29/2020,AHN,GA,ASO,ES,Federal Contract Tower,0,1,14,0,15,0,0,38,0,38,0,1,52,0,53,68,0,68,121
12/30/2020,AHN,GA,ASO,ES,Federal Contract Tower,0,1,23,2,26,0,0,0,0,0,0,1,23,2,26,0,0,0,26
12/31/2020,AHN,GA,ASO,ES,Federal Contract Tower,0,2,5,0,7,0,0,0,0,0,0,2,5,0,7,0,0,0,7
01/01/2021,AHN,GA,ASO,ES,Federal Contract Tower,0,0,1,0,1,0,0,0,0,0,0,0,1,0,1,0,0,0,1
01/02/2021,AHN,GA,ASO,ES,Federal Contract Tower,0,2,34,0,36,0,1,2,0,3,0,3,36,0,39,6,0,6,45
01/03/2021,AHN,GA,ASO,ES,Federal Contract Tower,0,2,14,0,16,0,4,47,0,51,0,6,61,0,67,50,0,50,117
01/04/2021,AHN,GA,ASO,ES,Federal Contract Tower,0,1,22,2,25,0,3,70,0,73,0,4,92,2,98,68,0,68,166
01/05/2021,AHN,GA,ASO,ES,Federal Contract Tower,0,4,25,2,31,0,0,46,0,46,0,4,71,2,77,28,0,28,105
01/06/2021,AHN,GA,ASO,ES,Federal Contract Tower,0,0,17,0,17,0,3,61,0,64,0,3,78,0,81,64,0,64,145
01/07/2021,AHN,GA,ASO,ES,Federal Contract Tower,0,2,6,0,8,0,2,12,0,14,0,4,18,0,22,24,0,24,46
01/08/2021,AHN,GA,ASO,ES,Federal Contract Tower,0,2,8,0,10,0,0,0,0,0,0,2,8,0,10,0,0,0,10
01/09/2021,AHN,GA,ASO,ES,Federal Contract Tower,2,4,32,0,38,0,0,45,0,45,2,4,77,0,83,42,0,42,125
01/10/2021,AHN,GA,ASO,ES,Federal Contract Tower,2,3,33,2,40,0,0,69,0,69,2,3,102,2,109,14,0,14,123
01/11/2021,AHN,GA,ASO,ES,Federal Contract Tower,0,5,13,0,18,0,2,8,0,10,0,7,21,0,28,24,0,24,52
01/12/2021,AHN,GA,ASO,ES,Federal Contract Tower,0,0,35,2,37,0,0,3,0,3,0,0,38,2,40,38,0,38,78
01/13/2021,AHN,GA,ASO,ES,Federal Contract Tower,0,2,29,0,31,0,0,40,0,40,0,2,69,0,71,38,0,38,109
01/14/2021,AHN,GA,ASO,ES,Federal Contract Tower,0,0,26,2,28,0,0,62,0,62,0,0,88,2,90,56,0,56,146
01/15/2021,AHN,GA,ASO,ES,Federal Contract Tower,0,0,19,0,19,0,2,26,0,28,0,2,45,0,47,68,0,68,115
01/16/2021,AHN,GA,ASO,ES,Federal Contract Tower,0,0,12,0,12,0,1,31,0,32,0,1,43,0,44,30,0,30,74
01/17/2021,AHN,GA,ASO,ES,Federal Contract Tower,0,0,16,0,16,0,3,46,0,49,0,3,62,0,65,40,0,40,105
01/18/2021,AHN,GA,ASO,ES,Federal Contract Tower,0,4,17,0,21,0,6,41,0,47,0,10,58,0,68,22,0,22,90
01/19/2021,AHN,GA,ASO,ES,Federal Contract Tower,0,2,18,0,20,0,0,42,0,42,0,2,60,0,62,84,0,84,146
01/20/2021,AHN,GA,ASO,ES,Federal Contract Tower,0,4,27,0,31,0,2,58,0,60,0,6,85,0,91,50,0,50,141
01/21/2021,AHN,GA,ASO,ES,Federal Contract Tower,0,0,17,0,17,0,0,4,0,4,0,0,21,0,21,0,0,0,21
01/22/2021,AHN,GA,ASO,ES,Federal Contract Tower,0,2,26,0,28,0,3,33,0,36,0,5,59,0,64,86,0,86,150
01/23/2021,AHN,GA,ASO,ES,Federal Contract Tower,0,0,20,0,20,0,1,75,0,76,0,1,95,0,96,144,0,144,240
01/24/2021,AHN,GA,ASO,ES,Federal Contract Tower,0,1,19,3,23,0,0,45,2,47,0,1,64,5,70,72,0,72,142
01/25/2021,AHN,GA,ASO,ES,Federal Contract Tower,0,2,14,0,16,0,0,2,0,2,0,2,16,0,18,4,0,4,22
01/26/2021,AHN,GA,ASO,ES,Federal Contract Tower,0,0,24,1,25,0,0,23,1,24,0,0,47,2,49,44,4,48,97
01/27/2021,AHN,GA,ASO,ES,Federal Contract Tower,0,1,18,1,20,0,0,7,0,7,0,1,25,1,27,14,0,14,41
01/28/2021,AHN,GA,ASO,ES,Federal Contract Tower,0,3,18,0,21,0,1,43,2,46,0,4,61,2,67,40,0,40,107
01/29/2021,AHN,GA,ASO,ES,Federal Contract Tower,0,1,50,0,51,0,5,95,0,100,0,6,145,0,151,80,0,80,231
01/30/2021,AHN,GA,ASO,ES,Federal Contract Tower,0,5,33,0,38,0,1,50,0,51,0,6,83,0,89,60,0,60,149
01/31/2021,AHN,GA,ASO,ES,Federal Contract Tower,0,4,14,0,18,0,0,0,0,0,0,4,14,0,18,0,0,0,18
02/01/2021,AHN,GA,ASO,ES,Federal Contract Tower,0,2,23,2,27,0,0,17,2,19,0,2,40,4,46,0,0,0,46
02/02/2021,AHN,GA,ASO,ES,Federal Contract Tower,0,3,19,1,23,0,3,16,1,20,0,6,35,2,43,4,0,4,47
02/03/2021,AHN,GA,ASO,ES,Federal Contract Tower,0,2,21,0,23,0,1,59,2,62,0,3,80,2,85,122,0,122,207
02/04/2021,AHN,GA,ASO,ES,Federal Contract Tower,0,1,7,0,8,0,4,48,0,52,0,5,55,0,60,122,0,122,182
02/05/2021,AHN,GA,ASO,ES,Federal Contract Tower,0,6,21,0,27,0,0,27,0,27,0,6,48,0,54,46,0,46,100
02/06/2021,AHN,GA,ASO,ES,Federal Contract Tower,0,0,6,0,6,0,0,23,0,23,0,0,29,0,29,26,0,26,55
02/07/2021,AHN,GA,ASO,ES,Federal Contract Tower,0,3,21,0,24,0,0,26,0,26,0,3,47,0,50,8,0,8,58
02/08/2021,AHN,GA,ASO,ES,Federal Contract Tower,0,8,22,0,30,0,3,45,0,48,0,11,67,0,78,60,0,60,138
02/09/2021,AHN,GA,ASO,ES,Federal Contract Tower,0,6,22,2,30,0,0,36,0,36,0,6,58,2,66,66,0,66,132
02/10/2021,AHN,GA,ASO,ES,Federal Contract Tower,0,2,19,0,21,0,2,44,0,46,0,4,63,0,67,42,0,42,109
02/11/2021,AHN,GA,ASO,ES,Federal Contract Tower,0,0,8,0,8,0,0,0,0,0,0,0,8,0,8,0,0,0,8
02/12/2021,AHN,GA,ASO,ES,Federal Contract Tower,0,2,29,0,31,0,0,0,0,0,0,2,29,0,31,0,0,0,31
02/13/2021,AHN,GA,ASO,ES,Federal Contract Tower,0,2,14,0,16,0,0,0,0,0,0,2,14,0,16,0,0,0,16
02/14/2021,AHN,GA,ASO,ES,Federal Contract Tower,0,4,11,0,15,0,0,0,0,0,0,4,11,0,15,0,0,0,15
02/15/2021,AHN,GA,ASO,ES,Federal Contract Tower,0,4,0,0,4,0,0,0,0,0,0,4,0,0,4,0,0,0,4
02/16/2021,AHN,GA,ASO,ES,Federal Contract Tower,0,5,5,2,12,0,4,27,0,31,0,9,32,2,43,18,0,18,61
02/17/2021,AHN,GA,ASO,ES,Federal Contract Tower,0,2,26,0,28,0,2,96,0,98,0,4,122,0,126,66,0,66,192
02/18/2021,AHN,GA,ASO,ES,Federal Contract Tower,0,1,6,2,9,0,0,0,0,0,0,1,6,2,9,0,0,0,9
02/19/2021,AHN,GA,ASO,ES,Federal Contract Tower,0,3,66,5,74,0,0,20,0,20,0,3,86,5,94,26,0,26,120
02/20/2021,AHN,GA,ASO,ES,Federal Contract Tower,0,2,41,0,43,0,0,84,0,84,0,2,125,0,127,74,0,74,201
02/21/2021,AHN,GA,ASO,ES,Federal Contract Tower,0,2,26,2,30,0,0,52,0,52,0,2,78,2,82,26,0,26,108
02/22/2021,AHN,GA,ASO,ES,Federal Contract Tower,2,6,19,0,27,0,0,8,0,8,2,6,27,0,35,16,0,16,51
02/23/2021,AHN,GA,ASO,ES,Federal Contract Tower,0,2,11,0,13,0,6,42,2,50,0,8,53,2,63,20,0,20,83
02/24/2021,AHN,GA,ASO,ES,Federal Contract Tower,0,5,31,0,36,0,8,87,2,97,0,13,118,2,133,116,0,116,249
02/25/2021,AHN,GA,ASO,ES,Federal Contract Tower,0,0,20,0,20,0,3,83,0,86,0,3,103,0,106,92,0,92,198
02/26/2021,AHN,GA,ASO,ES,Federal Contract Tower,0,4,23,0,27,0,0,0,0,0,0,4,23,0,27,0,0,0,27
02/27/2021,AHN,GA,ASO,ES,Federal Contract Tower,0,1,28,6,35,0,0,12,2,14,0,1,40,8,49,6,0,6,55
02/28/2021,AHN,GA,ASO,ES,Federal Contract Tower,0,2,32,15,49,0,1,24,0,25,0,3,56,15,74,4,0,4,78
03/01/2021,AHN,GA,ASO,ES,Federal Contract Tower,0,2,23,0,25,0,2,22,6,30,0,4,45,6,55,32,0,32,87
03/02/2021,AHN,GA,ASO,ES,Federal Contract Tower,0,0,14,0,14,0,0,25,0,25,0,0,39,0,39,36,0,36,75
03/03/2021,AHN,GA,ASO,ES,Federal Contract Tower,0,3,29,0,32,0,3,67,0,70,0,6,96,0,102,58,0,58,160
03/04/2021,AHN,GA,ASO,ES,Federal Contract Tower,0,4,15,0,19,0,1,71,4,76,0,5,86,4,95,88,0,88,183
03/05/2021,AHN,GA,ASO,ES,Federal Contract Tower,2,5,23,0,30,0,0,65,2,67,2,5,88,2,97,130,0,130,227
03/06/2021,AHN,GA,ASO,ES,Federal Contract Tower,2,7,19,0,28,0,1,34,0,35,2,8,53,0,63,46,0,46,109
03/07/2021,AHN,GA,ASO,ES,Federal Contract Tower,0,4,19,6,29,0,3,48,0,51,0,7,67,6,80,34,0,34,114
03/08/2021,AHN,GA,ASO,ES,Federal Contract Tower,0,3,28,0,31,0,0,55,0,55,0,3,83,0,86,68,0,68,154
03/09/2021,AHN,GA,ASO,ES,Federal Contract Tower,0,4,24,0,28,0,4,47,0,51,0,8,71,0,79,124,0,124,203
03/10/2021,AHN,GA,ASO,ES,Federal Contract Tower,0,4,7,0,11,0,7,65,0,72,0,11,72,0,83,28,0,28,111
03/11/2021,AHN,GA,ASO,ES,Federal Contract Tower,0,6,21,0,27,0,5,47,0,52,0,11,68,0,79,68,0,68,147
03/12/2021,AHN,GA,ASO,ES,Federal Contract Tower,0,4,33,12,49,0,0,52,0,52,0,4,85,12,101,60,0,60,161
03/13/2021,AHN,GA,ASO,ES,Federal Contract Tower,0,4,19,10,33,0,2,59,0,61,0,6,78,10,94,90,14,104,198
03/14/2021,AHN,GA,ASO,ES,Federal Contract Tower,0,4,25,6,35,0,2,43,0,45,0,6,68,6,80,72,0,72,152
03/15/2021,AHN,GA,ASO,ES,Federal Contract Tower,0,0,13,0,13,0,0,20,0,20,0,0,33,0,33,36,0,36,69
03/16/2021,AHN,GA,ASO,ES,Federal Contract Tower,0,5,6,0,11,0,0,0,0,0,0,5,6,0,11,0,0,0,11
03/17/2021,AHN,GA,ASO,ES,Federal Contract Tower,0,2,11,0,13,0,0,0,0,0,0,2,11,0,13,0,0,0,13
03/18/2021,AHN,GA,ASO,ES,Federal Contract Tower,0,2,11,2,15,0,2,3,2,7,0,4,14,4,22,0,0,0,22
03/19/2021,AHN,GA,ASO,ES,Federal Contract Tower,0,9,38,0,47,0,0,39,0,39,0,9,77,0,86,56,0,56,142
03/20/2021,AHN,GA,ASO,ES,Federal Contract Tower,0,2,32,0,34,0,1,35,2,38,0,3,67,2,72,28,0,28,100
03/21/2021,AHN,GA,ASO,ES,Federal Contract Tower,0,13,22,0,35,0,2,12,0,14,0,15,34,0,49,8,0,8,57
03/22/2021,AHN,GA,ASO,ES,Federal Contract Tower,0,2,18,0,20,0,0,43,0,43,0,2,61,0,63,50,0,50,113
03/23/2021,AHN,GA,ASO,ES,Federal Contract Tower,0,4,19,0,23,0,0,44,0,44,0,4,63,0,67,70,0,70,137
03/24/2021,AHN,GA,ASO,ES,Federal Contract Tower,0,0,32,0,32,0,0,23,0,23,0,0,55,0,55,28,0,28,83
03/25/2021,AHN,GA,ASO,ES,Federal Contract Tower,0,5,3,0,8,0,0,16,0,16,0,5,19,0,24,8,0,8,32
03/26/2021,AHN,GA,ASO,ES,Federal Contract Tower,0,4,28,0,32,0,4,27,0,31,0,8,55,0,63,12,0,12,75
03/27/2021,AHN,GA,ASO,ES,Federal Contract Tower,0,10,27,0,37,0,0,5,0,5,0,10,32,0,42,20,0,20,62
03/28/2021,AHN,GA,ASO,ES,Federal Contract Tower,0,2,4,0,6,0,0,1,0,1,0,2,5,0,7,0,0,0,7
03/29/2021,AHN,GA,ASO,ES,Federal Contract Tower,0,3,41,0,44,0,4,57,0,61,0,7,98,0,105,88,0,88,193
03/30/2021,AHN,GA,ASO,ES,Federal Contract Tower,0,7,26,0,33,0,0,0,0,0,0,7,26,0,33,54,0,54,87
03/31/2021,AHN,GA,ASO,ES,Federal Contract Tower,0,0,12,0,12,0,0,0,0,0,0,0,12,0,12,0,0,0,12
04/01/2021,AHN,GA,ASO,ES,Federal Contract Tower,2,7,22,0,31,0,0,26,1,27,2,7,48,1,58,36,0,36,94
04/02/2021,AHN,GA,ASO,ES,Federal Contract Tower,0,5,39,0,44,0,0,71,0,71,0,5,110,0,115,124,0,124,239
04/03/2021,AHN,GA,ASO,ES,Federal Contract Tower,0,1,10,0,11,0,0,66,0,66,0,1,76,0,77,84,0,84,161
04/04/2021,AHN,GA,ASO,ES,Federal Contract Tower,0,4,15,0,19,0,1,27,0,28,0,5,42,0,47,48,0,48,95
04/05/2021,AHN,GA,ASO,ES,Federal Contract Tower,0,3,32,0,35,0,1,34,0,35,0,4,66,0,70,70,0,70,140
04/06/2021,AHN,GA,ASO,ES,Federal Contract Tower,0,3,23,0,26,0,0,67,4,71,0,3,90,4,97,80,0,80,177
04/07/2021,AHN,GA,ASO,ES,Federal Contract Tower,0,9,25,2,36,0,0,63,0,63,0,9,88,2,99,132,2,134,233
04/08/2021,AHN,GA,ASO,ES,Federal Contract Tower,0,9,21,0,30,0,0,20,0,20,0,9,41,0,50,70,0,70,120
04/09/2021,AHN,GA,ASO,ES,Federal Contract Tower,0,3,18,0,21,0,0,10,0,10,0,3,28,0,31,18,0,18,49
04/10/2021,AHN,GA,ASO,ES,Federal Contract Tower,0,2,12,0,14,0,0,2,0,2,0,2,14,0,16,0,0,0,16
04/11/2021,AHN,GA,ASO,ES,Federal Contract Tower,0,4,40,5,49,0,3,26,1,30,0,7,66,6,79,42,0,42,121
04/12/2021,AHN,GA,ASO,ES,Federal Contract Tower,0,4,22,0,26,0,5,43,0,48,0,9,65,0,74,58,0,58,132
04/13/2021,AHN,GA,ASO,ES,Federal Contract Tower,0,3,24,0,27,0,4,63,0,67,0,7,87,0,94,94,0,94,188
04/14/2021,AHN,GA,ASO,ES,Federal Contract Tower,0,4,19,0,23,0,6,64,0,70,0,10,83,0,93,50,0,50,143
04/15/2021,AHN,GA,ASO,ES,Federal Contract Tower,0,0,38,0,38,0,6,30,0,36,0,6,68,0,74,8,0,8,82
04/16/2021,AHN,GA,ASO,ES,Federal Contract Tower,2,7,28,12,49,0,0,71,1,72,2,7,99,13,121,74,0,74,195
04/17/2021,AHN,GA,ASO,ES,Federal Contract Tower,0,2,31,0,33,0,0,36,0,36,0,2,67,0,69,58,0,58,127
04/18/2021,AHN,GA,ASO,ES,Federal Contract Tower,2,7,32,6,47,0,2,60,0,62,2,9,92,6,109,58,0,58,167
04/19/2021,AHN,GA,ASO,ES,Federal Contract Tower,0,6,20,0,26,0,4,65,0,69,0,10,85,0,95,64,0,64,159
04/20/2021,AHN,GA,ASO,ES,Federal Contract Tower,0,3,19,0,22,0,9,52,0,61,0,12,71,0,83,32,0,32,115
04/21/2021,AHN,GA,ASO,ES,Federal Contract Tower,0,6,21,1,28,0,3,27,8,38,0,9,48,9,66,4,0,4,70
04/22/2021,AHN,GA,ASO,ES,Federal Contract Tower,0,0,35,0,35,0,4,61,0,65,0,4,96,0,100,44,0,44,144
04/23/2021,AHN,GA,ASO,ES,Federal Contract Tower,0,5,30,3,38,0,2,76,2,80,0,7,106,5,118,130,0,130,248
04/24/2021,AHN,GA,ASO,ES,Federal Contract Tower,0,2,9,0,11,0,0,2,0,2,0,2,11,0,13,0,0,0,13
04/25/2021,AHN,GA,ASO,ES,Federal Contract Tower,0,3,26,0,29,0,8,55,0,63,0,11,81,0,92,50,0,50,142
04/26/2021,AHN,GA,ASO,ES,Federal Contract Tower,0,2,33,0,35,0,2,66,0,68,0,4,99,0,103,64,0,64,167
04/27/2021,AHN,GA,ASO,ES,Federal Contract Tower,0,2,24,0,26,0,4,59,0,63,0,6,83,0,89,46,0,46,135
04/28/2021,AHN,GA,ASO,ES,Federal Contract Tower,0,4,39,1,44,0,2,65,0,67,0,6,104,1,111,76,0,76,187
04/29/2021,AHN,GA,ASO,ES,Federal Contract Tower,0,2,31,0,33,0,3,54,0,57,0,5,85,0,90,58,0,58,148
04/30/2021,AHN,GA,ASO,ES,Federal Contract Tower,0,1,28,14,43,0,0,37,1,38,0,1,65,15,81,48,0,48,129
05/01/2021,AHN,GA,ASO,ES,Federal Contract Tower,0,0,27,1,28,0,0,95,0,95,0,0,122,1,123,36,0,36,159
05/02/2021,AHN,GA,ASO,ES,Federal Contract Tower,0,0,24,0,24,0,5,40,1,46,0,5,64,1,70,40,0,40,110
05/03/2021,AHN,GA,ASO,ES,Federal Contract Tower,0,0,10,0,10,0,0,0,0,0,0,0,10,0,10,0,0,0,10
05/04/2021,AHN,GA,ASO,ES,Federal Contract Tower,0,4,12,0,16,0,0,4,1,5,0,4,16,1,21,8,0,8,29
05/05/2021,AHN,GA,ASO,ES,Federal Contract Tower,0,3,35,2,40,0,0,7,1,8,0,3,42,3,48,10,0,10,58
05/06/2021,AHN,GA,ASO,ES,Federal Contract Tower,0,1,35,0,36,0,12,77,0,89,0,13,112,0,125,62,0,62,187
05/07/2021,AHN,GA,ASO,ES,Federal Contract Tower,0,4,31,2,37,0,0,39,0,39,0,4,70,2,76,4,0,4,80
05/08/2021,AHN,GA,ASO,ES,Federal Contract Tower,0,4,18,0,22,0,0,61,0,61,0,4,79,0,83,88,0,88,171
05/09/2021,AHN,GA,ASO,ES,Federal Contract Tower,0,4,20,0,24,0,0,36,0,36,0,4,56,0,60,12,0,12,72
05/10/2021,AHN,GA,ASO,ES,Federal Contract Tower,0,2,34,0,36,0,0,13,0,13,0,2,47,0,49,18,0,18,67
05/11/2021,AHN,GA,ASO,ES,Federal Contract Tower,0,7,32,0,39,0,1,45,0,46,0,8,77,0,85,84,0,84,169
05/12/2021,AHN,GA,ASO,ES,Federal Contract Tower,0,4,28,0,32,0,0,0,0,0,0,4,28,0,32,0,0,0,32
05/13/2021,AHN,GA,ASO,ES,Federal Contract Tower,0,14,27,0,41,0,2,88,0,90,0,16,115,0,131,46,0,46,177
05/14/2021,AHN,GA,ASO,ES,Federal Contract Tower,0,6,27,1,34,0,2,71,1,74,0,8,98,2,108,58,0,58,166
05/15/2021,AHN,GA,ASO,ES,Federal Contract Tower,0,8,20,0,28,0,6,65,0,71,0,14,85,0,99,68,0,68,167
05/16/2021,AHN,GA,ASO,ES,Federal Contract Tower,0,6,17,3,26,0,0,49,1,50,0,6,66,4,76,54,0,54,130
05/17/2021,AHN,GA,ASO,ES,Federal Contract Tower,0,3,18,0,21,0,2,59,2,63,0,5,77,2,84,26,0,26,110
05/18/2021,AHN,GA,ASO,ES,Federal Contract Tower,0,4,16,0,20,0,2,57,0,59,0,6,73,0,79,82,0,82,161
05/19/2021,AHN,GA,ASO,ES,Federal Contract Tower,0,5,7,0,12,0,3,49,2,54,0,8,56,2,66,52,0,52,118
05/20/2021,AHN,GA,ASO,ES,Federal Contract Tower,0,1,18,5,24,0,3,69,0,72,0,4,87,5,96,126,0,126,222
05/21/2021,AHN,GA,ASO,ES,Federal Contract Tower,0,2,12,0,14,0,4,76,0,80,0,6,88,0,94,104,0,104,198
05/22/2021,AHN,GA,ASO,ES,Federal Contract Tower,0,1,25,1,27,0,8,54,0,62,0,9,79,1,89,76,10,86,175
05/23/2021,AHN,GA,ASO,ES,Federal Contract Tower,0,2,10,0,12,0,0,41,0,41,0,2,51,0,53,120,0,120,173
05/24/2021,AHN,GA,ASO,ES,Federal Contract Tower,0,0,11,0,11,0,2,39,0,41,0,2,50,0,52,98,0,98,150
05/25/2021,AHN,GA,ASO,ES,Federal Contract Tower,0,0,35,0,35,0,0,46,0,46,0,0,81,0,81,158,0,158,239
05/26/2021,AHN,GA,ASO,ES,Federal Contract Tower,0,4,25,0,29,0,2,62,0,64,0,6,87,0,93,134,0,134,227
05/27/2021,AHN,GA,ASO,ES,Federal Contract Tower,0,1,42,0,43,0,5,73,13,91,0,6,115,13,134,94,0,94,228
05/28/2021,AHN,GA,ASO,ES,Federal Contract Tower,0,3,23,1,27,0,0,57,0,57,0,3,80,1,84,72,0,72,156
05/29/2021,AHN,GA,ASO,ES,Federal Contract Tower,0,0,20,0,20,0,2,26,0,28,0,2,46,0,48,32,0,32,80
05/30/2021,AHN,GA,ASO,ES,Federal Contract Tower,0,2,12,0,14,0,6,31,0,37,0,8,43,0,51,94,0,94,145
05/31/2021,AHN,GA,ASO,ES,Federal Contract Tower,0,4,29,1,34,0,0,53,9,62,0,4,82,10,96,126,0,126,222
06/01/2021,AHN,GA,ASO,ES,Federal Contract Tower,0,9,31,0,40,0,4,67,0,71,0,13,98,0,111,122,0,122,233
06/02/2021,AHN,GA,ASO,ES,Federal Contract Tower,0,8,45,1,54,0,1,40,0,41,0,9,85,1,95,92,0,92,187
06/03/2021,AHN,GA,ASO,ES,Federal Contract Tower,0,0,24,0,24,0,1,18,0,19,0,1,42,0,43,38,0,38,81
06/04/2021,AHN,GA,ASO,ES,Federal Contract Tower,0,0,33,18,51,0,0,73,2,75,0,0,106,20,126,104,0,104,230
06/05/2021,AHN,GA,ASO,ES,Federal Contract Tower,0,0,18,0,18,0,0,49,0,49,0,0,67,0,67,84,0,84,151
06/06/2021,AHN,GA,ASO,ES,Federal Contract Tower,0,3,33,0,36,0,1,9,6,16,0,4,42,6,52,28,0,28,80
06/07/2021,AHN,GA,ASO,ES,Federal Contract Tower,0,5,26,0,31,0,0,4,8,12,0,5,30,8,43,0,0,0,43
06/08/2021,AHN,GA,ASO,ES,Federal Contract Tower,0,1,15,0,16,0,0,9,0,9,0,1,24,0,25,44,8,52,77
06/09/2021,AHN,GA,ASO,ES,Federal Contract Tower,0,4,32,0,36,0,0,12,0,12,0,4,44,0,48,8,0,8,56
06/10/2021,AHN,GA,ASO,ES,Federal Contract Tower,0,3,31,0,34,0,0,36,0,36,0,3,67,0,70,82,0,82,152
06/11/2021,AHN,GA,ASO,ES,Federal Contract Tower,0,5,38,0,43,0,1,18,0,19,0,6,56,0,62,62,0,62,124
06/12/2021,AHN,GA,ASO,ES,Federal Contract Tower,0,2,15,0,17,0,2,22,0,24,0,4,37,0,41,32,0,32,73
06/13/2021,AHN,GA,ASO,ES,Federal Contract Tower,0,4,34,5,43,0,0,22,1,23,0,4,56,6,66,32,0,32,98
06/14/2021,AHN,GA,ASO,ES,Federal Contract Tower,0,2,17,0,19,0,2,74,0,76,0,4,91,0,95,76,0,76,171
06/15/2021,AHN,GA,ASO,ES,Federal Contract Tower,0,2,21,0,23,0,3,63,2,68,0,5,84,2,91,46,0,46,137
06/16/2021,AHN,GA,ASO,ES,Federal Contract Tower,0,2,33,0,35,0,0,50,0,50,0,2,83,0,85,84,0,84,169
06/17/2021,AHN,GA,ASO,ES,Federal Contract Tower,0,2,22,2,26,0,3,68,0,71,0,5,90,2,97,138,0,138,235
06/18/2021,AHN,GA,ASO,ES,Federal Contract Tower,0,4,14,0,18,0,5,45,0,50,0,9,59,0,68,116,0,116,184
06/19/2021,AHN,GA,ASO,ES,Federal Contract Tower,0,0,11,0,11,0,2,12,0,14,0,2,23,0,25,10,0,10,35
06/20/2021,AHN,GA,ASO,ES,Federal Contract Tower,0,5,11,0,16,0,0,0,1,1,0,5,11,1,17,0,0,0,17
06/21/2021,AHN,GA,ASO,ES,Federal Contract Tower,0,7,18,4,29,0,0,8,0,8,0,7,26,4,37,20,0,20,57
06/22/2021,AHN,GA,ASO,ES,Federal Contract Tower,0,4,24,0,28,0,0,9,0,9,0,4,33,0,37,4,0,4,41
06/23/2021,AHN,GA,ASO,ES,Federal Contract Tower,0,9,21,2,32,0,0,47,0,47,0,9,68,2,79,118,0,118,197
06/24/2021,AHN,GA,ASO,ES,Federal Contract Tower,0,5,37,1,43,0,4,66,1,71,0,9,103,2,114,112,0,112,226
06/25/2021,AHN,GA,ASO,ES,Federal Contract Tower,0,0,32,0,32,0,0,70,0,70,0,0,102,0,102,128,0,128,230
06/26/2021,AHN,GA,ASO,ES,Federal Contract Tower,0,4,13,0,17,0,0,39,0,39,0,4,52,0,56,114,0,114,170
06/27/2021,AHN,GA,ASO,ES,Federal Contract Tower,0,0,17,0,17,0,0,16,0,16,0,0,33,0,33,28,0,28,61
06/28/2021,AHN,GA,ASO,ES,Federal Contract Tower,0,4,31,1,36,0,1,45,1,47,0,5,76,2,83,196,0,196,279
06/29/2021,AHN,GA,ASO,ES,Federal Contract Tower,0,3,20,0,23,0,0,19,0,19,0,3,39,0,42,56,0,56,98
06/30/2021,AHN,GA,ASO,ES,Federal Contract Tower,0,2,22,0,24,0,1,46,0,47,0,3,68,0,71,86,0,86,157
07/01/2021,AHN,GA,ASO,ES,Federal Contract Tower,0,6,15,2,23,0,1,39,0,40,0,7,54,2,63,42,0,42,105
07/02/2021,AHN,GA,ASO,ES,Federal Contract Tower,0,0,21,0,21,0,0,8,0,8,0,0,29,0,29,14,0,14,43
07/03/2021,AHN,GA,ASO,ES,Federal Contract Tower,0,0,13,0,13,0,4,53,0,57,0,4,66,0,70,100,0,100,170
07/04/2021,AHN,GA,ASO,ES,Federal Contract Tower,0,1,11,0,12,0,2,20,0,22,0,3,31,0,34,16,0,16,50
07/05/2021,AHN,GA,ASO,ES,Federal Contract Tower,0,3,20,0,23,0,4,75,0,79,0,7,95,0,102,106,0,106,208
07/06/2021,AHN,GA,ASO,ES,Federal Contract Tower,0,6,7,0,13,0,1,54,0,55,0,7,61,0,68,122,0,122,190
07/07/2021,AHN,GA,ASO,ES,Federal Contract Tower,0,4,25,0,29,0,0,21,0,21,0,4,46,0,50,66,0,66,116
07/08/2021,AHN,GA,ASO,ES,Federal Contract Tower,0,3,18,0,21,0,0,28,2,30,0,3,46,2,51,42,0,42,93
07/09/2021,AHN,GA,ASO,ES,Federal Contract Tower,0,3,26,0,29,0,0,6,0,6,0,3,32,0,35,18,0,18,53
07/10/2021,AHN,GA,ASO,ES,Federal Contract Tower,0,3,28,0,31,0,1,33,2,36,0,4,61,2,67,34,0,34,101
07/11/2021,AHN,GA,ASO,ES,Federal Contract Tower,0,3,31,2,36,0,1,4,2,7,0,4,35,4,43,12,0,12,55
07/12/2021,AHN,GA,ASO,ES,Federal Contract Tower,0,4,43,0,47,0,0,15,0,15,0,4,58,0,62,78,0,78,140
07/13/2021,AHN,GA,ASO,ES,Federal Contract Tower,0,2,27,1,30,0,0,18,2,20,0,2,45,3,50,57,0,57,107
07/14/2021,AHN,GA,ASO,ES,Federal Contract Tower,0,2,30,0,32,0,0,67,0,67,0,2,97,0,99,102,0,102,201
07/15/2021,AHN,GA,ASO,ES,Federal Contract Tower,0,8,17,4,29,0,0,68,0,68,0,8,85,4,97,98,0,98,195
07/16/2021,AHN,GA,ASO,ES,Federal Contract Tower,0,4,15,0,19,0,3,75,0,78,0,7,90,0,97,64,0,64,161
07/17/2021,AHN,GA,ASO,ES,Federal Contract Tower,0,4,31,0,35,0,8,59,2,69,0,12,90,2,104,90,0,90,194
07/18/2021,AHN,GA,ASO,ES,Federal Contract Tower,0,4,18,2,24,0,2,30,0,32,0,6,48,2,56,18,0,18,74
07/19/2021,AHN,GA,ASO,ES,Federal Contract Tower,0,4,23,0,27,0,1,3,0,4,0,5,26,0,31,22,0,22,53
07/20/2021,AHN,GA,ASO,ES,Federal Contract Tower,0,1,11,0,12,0,0,1,0,1,0,1,12,0,13,0,0,0,13
07/21/2021,AHN,GA,ASO,ES,Federal Contract Tower,0,8,31,1,40,0,2,41,0,43,0,10,72,1,83,52,2,54,137
07/22/2021,AHN,GA,ASO,ES,Federal Contract Tower,0,6,40,0,46,0,2,102,0,104,0,8,142,0,150,134,0,134,284
07/23/2021,AHN,GA,ASO,ES,Federal Contract Tower,0,3,33,13,49,0,3,52,2,57,0,6,85,15,106,84,1,85,191
07/24/2021,AHN,GA,ASO,ES,Federal Contract Tower,0,3,20,9,32,0,8,25,0,33,0,11,45,9,65,54,0,54,119
07/25/2021,AHN,GA,ASO,ES,Federal Contract Tower,0,0,12,2,14,0,4,46,1,51,0,4,58,3,65,158,0,158,223
07/26/2021,AHN,GA,ASO,ES,Federal Contract Tower,0,4,26,0,30,0,5,61,0,66,0,9,87,0,96,88,0,88,184
07/27/2021,AHN,GA,ASO,ES,Federal Contract Tower,0,2,11,2,15,0,1,38,1,40,0,3,49,3,55,60,0,60,115
07/28/2021,AHN,GA,ASO,ES,Federal Contract Tower,0,0,15,1,16,0,2,40,1,43,0,2,55,2,59,90,0,90,149
07/29/2021,AHN,GA,ASO,ES,Federal Contract Tower,0,3,33,3,39,0,2,68,3,73,0,5,101,6,112,134,0,134,246
07/30/2021,AHN,GA,ASO,ES,Federal Contract Tower,0,3,17,26,46,0,4,51,2,57,0,7,68,28,103,44,0,44,147
07/31/2021,AHN,GA,ASO,ES,Federal Contract Tower,0,0,20,0,20,0,0,0,0,0,0,0,20,0,20,104,0,104,124
08/01/2021,AHN,GA,ASO,ES,Federal Contract Tower,0,1,18,4,23,0,0,25,0,25,0,1,43,4,48,30,0,30,78
08/02/2021,AHN,GA,ASO,ES,Federal Contract Tower,0,0,16,0,16,0,2,31,0,33,0,2,47,0,49,84,0,84,133
08/03/2021,AHN,GA,ASO,ES,Federal Contract Tower,0,4,18,0,22,0,0,14,2,16,0,4,32,2,38,0,0,0,38
08/04/2021,AHN,GA,ASO,ES,Federal Contract Tower,0,3,25,4,32,0,2,41,2,45,0,5,66,6,77,140,0,140,217
08/05/2021,AHN,GA,ASO,ES,Federal Contract Tower,0,5,21,0,26,0,1,58,0,59,0,6,79,0,85,118,0,118,203
08/06/2021,AHN,GA,ASO,ES,Federal Contract Tower,0,4,23,0,27,0,1,46,0,47,0,5,69,0,74,68,0,68,142
08/07/2021,AHN,GA,ASO,ES,Federal Contract Tower,0,5,15,0,20,0,6,42,0,48,0,11,57,0,68,54,0,54,122
08/08/2021,AHN,GA,ASO,ES,Federal Contract Tower,0,3,30,4,37,0,6,33,0,39,0,9,63,4,76,100,0,100,176
08/09/2021,AHN,GA,ASO,ES,Federal Contract Tower,0,2,27,0,29,0,2,41,0,43,0,4,68,0,72,102,0,102,174
08/10/2021,AHN,GA,ASO,ES,Federal Contract Tower,0,2,32,0,34,0,1,58,0,59,0,3,90,0,93,82,2,84,177
08/11/2021,AHN,GA,ASO,ES,Federal Contract Tower,0,0,24,0,24,0,0,32,0,32,0,0,56,0,56,72,0,72,128
08/12/2021,AHN,GA,ASO,ES,Federal Contract Tower,0,3,36,2,41,0,1,47,0,48,0,4,83,2,89,72,0,72,161
08/13/2021,AHN,GA,ASO,ES,Federal Contract Tower,0,8,48,0,56,0,2,59,0,61,0,10,107,0,117,100,0,100,217
08/14/2021,AHN,GA,ASO,ES,Federal Contract Tower,0,7,32,0,39,0,2,53,0,55,0,9,85,0,94,66,0,66,160
08/15/2021,AHN,GA,ASO,ES,Federal Contract Tower,0,4,21,0,25,0,0,7,0,7,0,4,28,0,32,14,0,14,46
08/16/2021,AHN,GA,ASO,ES,Federal Contract Tower,0,2,38,0,40,0,0,7,0,7,0,2,45,0,47,52,0,52,99
08/17/2021,AHN,GA,ASO,ES,Federal Contract Tower,0,4,12,0,16,0,0,0,0,0,0,4,12,0,16,0,0,0,16
08/18/2021,AHN,GA,ASO,ES,Federal Contract Tower,0,5,27,0,32,0,4,68,1,73,0,9,95,1,105,116,0,116,221
08/19/2021,AHN,GA,ASO,ES,Federal Contract Tower,0,3,17,0,20,0,2,37,2,41,0,5,54,2,61,32,0,32,93
08/20/2021,AHN,GA,ASO,ES,Federal Contract Tower,0,3,31,0,34,0,4,29,0,33,0,7,60,0,67,10,0,10,77
08/21/2021,AHN,GA,ASO,ES,Federal Contract Tower,0,4,36,0,40,0,0,19,0,19,0,4,55,0,59,14,0,14,73
08/22/2021,AHN,GA,ASO,ES,Federal Contract Tower,0,4,27,0,31,0,0,10,0,10,0,4,37,0,41,32,0,32,73
08/23/2021,AHN,GA,ASO,ES,Federal Contract Tower,0,5,23,0,28,0,2,75,0,77,0,7,98,0,105,88,0,88,193
08/24/2021,AHN,GA,ASO,ES,Federal Contract Tower,0,3,17,1,21,0,4,57,0,61,0,7,74,1,82,78,0,78,160
08/25/2021,AHN,GA,ASO,ES,Federal Contract Tower,0,0,27,3,30,0,4,31,0,35,0,4,58,3,65,44,0,44,109
08/26/2021,AHN,GA,ASO,ES,Federal Contract Tower,0,7,39,0,46,0,2,30,0,32,0,9,69,0,78,54,0,54,132
08/27/2021,AHN,GA,ASO,ES,Federal Contract Tower,0,2,25,6,33,0,0,34,0,34,0,2,59,6,67,64,0,64,131
08/28/2021,AHN,GA,ASO,ES,Federal Contract Tower,0,0,28,0,28,0,0,26,0,26,0,0,54,0,54,32,0,32,86
08/29/2021,AHN,GA,ASO,ES,Federal Contract Tower,0,0,20,0,20,0,0,34,0,34,0,0,54,0,54,48,0,48,102
08/30/2021,AHN,GA,ASO,ES,Federal Contract Tower,0,0,18,0,18,0,0,31,0,31,0,0,49,0,49,40,0,40,89
08/31/2021,AHN,GA,ASO,ES,Federal Contract Tower,0,2,5,0,7,0,0,0,0,0,0,2,5,0,7,0,0,0,7
09/01/2021,AHN,GA,ASO,ES,Federal Contract Tower,0,2,26,0,28,0,3,23,0,26,0,5,49,0,54,8,2,10,64
09/02/2021,AHN,GA,ASO,ES,Federal Contract Tower,0,1,42,0,43,0,2,70,0,72,0,3,112,0,115,72,0,72,187
09/03/2021,AHN,GA,ASO,ES,Federal Contract Tower,4,5,27,0,36,0,6,58,0,64,4,11,85,0,100,52,0,52,152
09/04/2021,AHN,GA,ASO,ES,Federal Contract Tower,0,2,17,0,19,0,0,46,0,46,0,2,63,0,65,77,0,77,142
09/05/2021,AHN,GA,ASO,ES,Federal Contract Tower,0,3,21,0,24,0,1,41,0,42,0,4,62,0,66,50,0,50,116
09/06/2021,AHN,GA,ASO,ES,Federal Contract Tower,0,2,34,0,36,0,0,36,0,36,0,2,70,0,72,54,0,54,126
09/07/2021,AHN,GA,ASO,ES,Federal Contract Tower,0,0,25,0,25,0,0,13,0,13,0,0,38,0,38,8,0,8,46
09/08/2021,AHN,GA,ASO,ES,Federal Contract Tower,0,3,23,0,26,0,0,10,0,10,0,3,33,0,36,54,0,54,90
09/09/2021,AHN,GA,ASO,ES,Federal Contract Tower,0,2,39,0,41,0,0,48,4,52,0,2,87,4,93,34,6,40,133
09/10/2021,AHN,GA,ASO,ES,Federal Contract Tower,0,5,36,3,44,0,0,76,0,76,0,5,112,3,120,64,0,64,184
09/11/2021,AHN,GA,ASO,ES,Federal Contract Tower,0,5,59,0,64,0,2,68,0,70,0,7,127,0,134,12,0,12,146
09/12/2021,AHN,GA,ASO,ES,Federal Contract Tower,0,7,28,0,35,0,6,45,3,54,0,13,73,3,89,74,0,74,163
09/13/2021,AHN,GA,ASO,ES,Federal Contract Tower,0,0,26,5,31,0,12,53,0,65,0,12,79,5,96,68,0,68,164
09/14/2021,AHN,GA,ASO,ES,Federal Contract Tower,0,5,26,1,32,0,3,38,0,41,0,8,64,1,73,63,0,63,136
09/15/2021,AHN,GA,ASO,ES,Federal Contract Tower,0,4,35,0,39,0,5,38,0,43,0,9,73,0,82,90,0,90,172
09/16/2021,AHN,GA,ASO,ES,Federal Contract Tower,0,4,32,0,36,0,0,0,0,0,0,4,32,0,36,0,0,0,36
09/17/2021,AHN,GA,ASO,ES,Federal Contract Tower,0,8,59,0,67,0,0,16,0,16,0,8,75,0,83,0,0,0,83
09/18/2021,AHN,GA,ASO,ES,Federal Contract Tower,0,15,66,0,81,0,0,34,0,34,0,15,100,0,115,12,0,12,127
09/19/2021,AHN,GA,ASO,ES,Federal Contract Tower,0,12,50,3,65,0,0,19,7,26,0,12,69,10,91,58,0,58,149
09/20/2021,AHN,GA,ASO,ES,Federal Contract Tower,0,0,9,0,9,0,0,0,0,0,0,0,9,0,9,0,0,0,9
09/21/2021,AHN,GA,ASO,ES,Federal Contract Tower,0,0,24,2,26,0,0,0,0,0,0,0,24,2,26,0,0,0,26
09/22/2021,AHN,GA,ASO,ES,Federal Contract Tower,0,4,25,0,29,0,0,8,0,8,0,4,33,0,37,12,0,12,49
09/23/2021,AHN,GA,ASO,ES,Federal Contract Tower,0,0,36,1,37,0,1,74,3,78,0,1,110,4,115,86,0,86,201
09/24/2021,AHN,GA,ASO,ES,Federal Contract Tower,4,5,33,0,42,0,0,55,0,55,4,5,88,0,97,88,0,88,185
09/25/2021,AHN,GA,ASO,ES,Federal Contract Tower,4,4,19,0,27,0,0,64,0,64,4,4,83,0,91,10,0,10,101
09/26/2021,AHN,GA,ASO,ES,Federal Contract Tower,0,6,31,0,37,0,0,72,0,72,0,6,103,0,109,68,0,68,177
09/27/2021,AHN,GA,ASO,ES,Federal Contract Tower,0,3,19,0,22,0,0,44,0,44,0,3,63,0,66,84,0,84,150
09/28/2021,AHN,GA,ASO,ES,Federal Contract Tower,0,8,26,0,34,0,8,58,0,66,0,16,84,0,100,64,0,64,164
09/29/2021,AHN,GA,ASO,ES,Federal Contract Tower,0,4,16,0,20,0,0,52,4,56,0,4,68,4,76,116,0,116,192
09/30/2021,AHN,GA,ASO,ES,Federal Contract Tower,0,5,26,0,31,0,0,64,0,64,0,5,90,0,95,70,0,70,165
10/01/2021,AHN,GA,ASO,ES,Federal Contract Tower,0,21,67,15,103,0,0,51,0,51,0,21,118,15,154,52,0,52,206
10/02/2021,AHN,GA,ASO,ES,Federal Contract Tower,6,23,114,1,144,0,0,30,0,30,6,23,144,1,174,0,0,0,174
10/03/2021,AHN,GA,ASO,ES,Federal Contract Tower,0,14,62,0,76,0,2,41,2,45,0,16,103,2,121,60,0,60,181
10/04/2021,AHN,GA,ASO,ES,Federal Contract Tower,0,4,26,0,30,0,0,3,0,3,0,4,29,0,33,0,0,0,33
10/05/2021,AHN,GA,ASO,ES,Federal Contract Tower,0,2,7,0,9,0,0,0,0,0,0,2,7,0,9,0,0,0,9
10/06/2021,AHN,GA,ASO,ES,Federal Contract Tower,0,7,10,0,17,0,0,0,0,0,0,7,10,0,17,0,0,0,17
10/07/2021,AHN,GA,ASO,ES,Federal Contract Tower,0,2,14,0,16,0,0,9,0,9,0,2,23,0,25,0,0,0,25
10/08/2021,AHN,GA,ASO,ES,Federal Contract Tower,4,8,34,0,46,0,0,16,0,16,4,8,50,0,62,36,0,36,98
10/09/2021,AHN,GA,ASO,ES,Federal Contract Tower,0,5,16,0,21,0,1,41,0,42,0,6,57,0,63,64,0,64,127
10/10/2021,AHN,GA,ASO,ES,Federal Contract Tower,0,5,20,0,25,0,0,74,0,74,0,5,94,0,99,70,0,70,169
10/11/2021,AHN,GA,ASO,ES,Federal Contract Tower,0,4,27,0,31,0,2,56,0,58,0,6,83,0,89,86,0,86,175
10/12/2021,AHN,GA,ASO,ES,Federal Contract Tower,0,4,26,2,32,0,0,42,0,42,0,4,68,2,74,66,0,66,140
10/13/2021,AHN,GA,ASO,ES,Federal Contract Tower,0,4,27,8,39,0,3,57,0,60,0,7,84,8,99,72,0,72,171
10/14/2021,AHN,GA,ASO,ES,Federal Contract Tower,0,2,43,0,45,0,3,79,0,82,0,5,122,0,127,64,0,64,191
10/15/2021,AHN,GA,ASO,ES,Federal Contract Tower,0,26,51,0,77,0,4,84,0,88,0,30,135,0,165,66,0,66,231
10/16/2021,AHN,GA,ASO,ES,Federal Contract Tower,2,22,84,0,108,0,0,29,0,29,2,22,113,0,137,10,2,12,149
10/17/2021,AHN,GA,ASO,ES,Federal Contract Tower,0,22,45,8,75,0,3,72,0,75,0,25,117,8,150,110,2,112,262
10/18/2021,AHN,GA,ASO,ES,Federal Contract Tower,0,1,13,0,14,0,4,64,0,68,0,5,77,0,82,64,0,64,146
10/19/2021,AHN,GA,ASO,ES,Federal Contract Tower,0,5,13,0,18,0,2,52,0,54,0,7,65,0,72,34,0,34,106
10/20/2021,AHN,GA,ASO,ES,Federal Contract Tower,0,1,24,0,25,0,2,69,0,71,0,3,93,0,96,50,0,50,146
10/21/2021,AHN,GA,ASO,ES,Federal Contract Tower,0,6,12,0,18,0,5,55,0,60,0,11,67,0,78,44,18,62,140
10/22/2021,AHN,GA,ASO,ES,Federal Contract Tower,0,4,22,0,26,0,2,71,0,73,0,6,93,0,99,28,0,28,127
10/23/2021,AHN,GA,ASO,ES,Federal Contract Tower,0,3,32,0,35,0,2,70,0,72,0,5,102,0,107,46,0,46,153
10/24/2021,AHN,GA,ASO,ES,Federal Contract Tower,0,3,28,5,36,0,4,76,0,80,0,7,104,5,116,52,0,52,168
10/25/2021,AHN,GA,ASO,ES,Federal Contract Tower,0,0,20,0,20,0,1,32,0,33,0,1,52,0,53,86,0,86,139
10/26/2021,AHN,GA,ASO,ES,Federal Contract Tower,1,0,27,7,35,0,2,48,0,50,1,2,75,7,85,20,0,20,105
10/27/2021,AHN,GA,ASO,ES,Federal Contract Tower,0,0,33,1,34,0,0,103,1,104,0,0,136,2,138,42,0,42,180
10/28/2021,AHN,GA,ASO,ES,Federal Contract Tower,1,12,22,0,35,0,0,0,0,0,1,12,22,0,35,0,0,0,35
10/29/2021,AHN,GA,ASO,ES,Federal Contract Tower,4,6,25,0,35,0,0,0,0,0,4,6,25,0,35,0,0,0,35
10/30/2021,AHN,GA,ASO,ES,Federal Contract Tower,0,4,13,0,17,0,0,1,0,1,0,4,14,0,18,22,0,22,40
10/31/2021,AHN,GA,ASO,ES,Federal Contract Tower,0,5,30,0,35,0,6,34,0,40,0,11,64,0,75,8,0,8,83
11/01/2021,AHN,GA,ASO,ES,Federal Contract Tower,0,7,19,10,36,0,2,67,0,69,0,9,86,10,105,32,0,32,137
11/02/2021,AHN,GA,ASO,ES,Federal Contract Tower,0,5,23,0,28,0,5,77,0,82,0,10,100,0,110,80,0,80,190
11/03/2021,AHN,GA,ASO,ES,Federal Contract Tower,0,5,22,4,31,0,0,24,0,24,0,5,46,4,55,76,0,76,131
11/04/2021,AHN,GA,ASO,ES,Federal Contract Tower,0,5,15,0,20,0,0,2,0,2,0,5,17,0,22,0,0,0,22
11/05/2021,AHN,GA,ASO,ES,Federal Contract Tower,3,8,37,11,59,0,0,52,1,53,3,8,89,12,112,66,0,66,178
11/06/2021,AHN,GA,ASO,ES,Federal Contract Tower,1,11,39,0,51,0,0,35,0,35,1,11,74,0,86,10,0,10,96
11/07/2021,AHN,GA,ASO,ES,Federal Contract Tower,0,8,29,6,43,0,0,66,0,66,0,8,95,6,109,88,0,88,197
11/08/2021,AHN,GA,ASO,ES,Federal Contract Tower,0,4,16,8,28,0,0,68,0,68,0,4,84,8,96,48,0,48,144
11/09/2021,AHN,GA,ASO,ES,Federal Contract Tower,0,4,14,8,26,0,4,77,0,81,0,8,91,8,107,60,0,60,167
11/10/2021,AHN,GA,ASO,ES,Federal Contract Tower,0,4,16,2,22,0,6,52,0,58,0,10,68,2,80,46,0,46,126
11/11/2021,AHN,GA,ASO,ES,Federal Contract Tower,0,4,26,7,37,0,0,13,1,14,0,4,39,8,51,2,8,10,61
11/12/2021,AHN,GA,ASO,ES,Federal Contract Tower,7,16,30,0,53,0,1,53,0,54,7,17,83,0,107,62,0,62,169
11/13/2021,AHN,GA,ASO,ES,Federal Contract Tower,0,3,16,0,19,0,3,46,0,49,0,6,62,0,68,40,0,40,108
11/14/2021,AHN,GA,ASO,ES,Federal Contract Tower,0,7,24,0,31,0,2,74,0,76,0,9,98,0,107,34,0,34,141
11/15/2021,AHN,GA,ASO,ES,Federal Contract Tower,0,3,16,2,21,0,0,48,0,48,0,3,64,2,69,40,0,40,109
11/16/2021,AHN,GA,ASO,ES,Federal Contract Tower,0,8,24,0,32,0,3,29,0,32,0,11,53,0,64,24,0,24,88
11/17/2021,AHN,GA,ASO,ES,Federal Contract Tower,0,6,31,3,40,0,4,57,0,61,0,10,88,3,101,58,0,58,159
11/18/2021,AHN,GA,ASO,ES,Federal Contract Tower,0,4,23,0,27,0,0,49,0,49,0,4,72,0,76,78,0,78,154
11/19/2021,AHN,GA,ASO,ES,Federal Contract Tower,0,5,36,6,47,0,2,64,4,70,0,7,100,10,117,74,0,74,191
11/20/2021,AHN,GA,ASO,ES,Federal Contract Tower,0,4,48,4,56,0,0,52,0,52,0,4,100,4,108,12,0,12,120
11/21/2021,AHN,GA,ASO,ES,Federal Contract Tower,0,11,40,0,51,0,0,15,0,15,0,11,55,0,66,28,0,28,94
11/23/2021,AHN,GA,ASO,ES,Federal Contract Tower,0,2,21,5,28,0,1,83,1,85,0,3,104,6,113,102,0,102,215
11/24/2021,AHN,GA,ASO,ES,Federal Contract Tower,0,2,32,0,34,0,0,57,0,57,0,2,89,0,91,52,0,52,143
11/25/2021,AHN,GA,ASO,ES,Federal Contract Tower,0,5,8,0,13,0,0,17,0,17,0,5,25,0,30,16,0,16,46
11/26/2021,AHN,GA,ASO,ES,Federal Contract Tower,0,1,9,0,10,0,0,22,0,22,0,1,31,0,32,0,0,0,32
11/27/2021,AHN,GA,ASO,ES,Federal Contract Tower,0,0,13,0,13,0,2,45,0,47,0,2,58,0,60,30,0,30,90
11/28/2021,AHN,GA,ASO,ES,Federal Contract Tower,0,4,39,0,43,0,0,42,0,42,0,4,81,0,85,26,0,26,111
11/29/2021,AHN,GA,ASO,ES,Federal Contract Tower,0,6,30,0,36,0,1,42,0,43,0,7,72,0,79,68,0,68,147
11/30/2021,AHN,GA,ASO,ES,Federal Contract Tower,1,1,31,7,40,0,0,51,1,52,1,1,82,8,92,98,2,100,192
12/01/2021,AHN,GA,ASO,ES,Federal Contract Tower,0,12,43,1,56,0,0,57,0,57,0,12,100,1,113,84,0,84,197
12/02/2021,AHN,GA,ASO,ES,Federal Contract Tower,0,6,27,8,41,0,0,45,8,53,0,6,72,16,94,84,0,84,178
12/03/2021,AHN,GA,ASO,ES,Federal Contract Tower,0,11,32,10,53,0,6,72,2,80,0,17,104,12,133,94,0,94,227
12/04/2021,AHN,GA,ASO,ES,Federal Contract Tower,0,3,28,21,52,0,2,48,0,50,0,5,76,21,102,34,0,34,136
12/05/2021,AHN,GA,ASO,ES,Federal Contract Tower,0,10,27,6,43,0,0,30,1,31,0,10,57,7,74,32,0,32,106
12/06/2021,AHN,GA,ASO,ES,Federal Contract Tower,0,8,34,0,42,0,0,0,0,0,0,8,34,0,42,0,0,0,42
12/07/2021,AHN,GA,ASO,ES,Federal Contract Tower,0,7,27,4,38,0,2,48,0,50,0,9,75,4,88,50,0,50,138
12/08/2021,AHN,GA,ASO,ES,Federal Contract Tower,0,3,40,0,43,0,0,13,1,14,0,3,53,1,57,0,0,0,57
12/09/2021,AHN,GA,ASO,ES,Federal Contract Tower,0,9,40,3,52,0,0,17,0,17,0,9,57,3,69,42,0,42,111
12/10/2021,AHN,GA,ASO,ES,Federal Contract Tower,0,4,21,0,25,0,0,0,0,0,0,4,21,0,25,0,0,0,25
12/11/2021,AHN,GA,ASO,ES,Federal Contract Tower,0,0,9,0,9,0,2,1,0,3,0,2,10,0,12,0,0,0,12
12/12/2021,AHN,GA,ASO,ES,Federal Contract Tower,0,4,34,7,45,0,0,57,0,57,0,4,91,7,102,70,0,70,172
12/13/2021,AHN,GA,ASO,ES,Federal Contract Tower,0,2,22,0,24,0,0,41,0,41,0,2,63,0,65,20,0,20,85
12/14/2021,AHN,GA,ASO,ES,Federal Contract Tower,0,7,29,4,40,0,0,64,0,64,0,7,93,4,104,66,0,66,170
12/15/2021,AHN,GA,ASO,ES,Federal Contract Tower,0,0,30,0,30,0,0,73,0,73,0,0,103,0,103,96,2,98,201
12/16/2021,AHN,GA,ASO,ES,Federal Contract Tower,0,14,40,1,55,0,0,5,0,5,0,14,45,1,60,0,0,0,60
12/17/2021,AHN,GA,ASO,ES,Federal Contract Tower,2,7,39,0,48,0,0,15,0,15,2,7,54,0,63,22,0,22,85
12/18/2021,AHN,GA,ASO,ES,Federal Contract Tower,0,4,21,0,25,0,0,0,0,0,0,4,21,0,25,0,0,0,25
12/19/2021,AHN,GA,ASO,ES,Federal Contract Tower,0,2,25,1,28,0,0,37,0,37,0,2,62,1,65,24,0,24,89
12/20/2021,AHN,GA,ASO,ES,Federal Contract Tower,0,2,21,0,23,0,2,54,4,60,0,4,75,4,83,62,0,62,145
12/21/2021,AHN,GA,ASO,ES,Federal Contract Tower,0,0,9,0,9,0,0,10,0,10,0,0,19,0,19,6,0,6,25
12/22/2021,AHN,GA,ASO,ES,Federal Contract Tower,0,0,17,2,19,0,0,46,0,46,0,0,63,2,65,98,4,102,167
12/23/2021,AHN,GA,ASO,ES,Federal Contract Tower,0,0,11,0,11,0,0,115,0,115,0,0,126,0,126,80,0,80,206
12/24/2021,AHN,GA,ASO,ES,Federal Contract Tower,0,0,6,0,6,0,0,35,0,35,0,0,41,0,41,18,0,18,59
12/25/2021,AHN,GA,ASO,ES,Federal Contract Tower,0,0,4,0,4,0,0,0,0,0,0,0,4,0,4,0,0,0,4
12/26/2021,AHN,GA,ASO,ES,Federal Contract Tower,4,1,37,0,42,0,2,46,0,48,4,3,83,0,90,36,0,36,126
12/27/2021,AHN,GA,ASO,ES,Federal Contract Tower,0,5,11,0,16,0,0,20,0,20,0,5,31,0,36,18,0,18,54
12/28/2021,AHN,GA,ASO,ES,Federal Contract Tower,0,7,30,0,37,0,0,4,0,4,0,7,34,0,41,18,0,18,59
12/29/2021,AHN,GA,ASO,ES,Federal Contract Tower,2,2,12,0,16,0,0,0,0,0,2,2,12,0,16,0,0,0,16
12/30/2021,AHN,GA,ASO,ES,Federal Contract Tower,0,0,6,0,6,0,0,0,0,0,0,0,6,0,6,0,0,0,6
12/31/2021,AHN,GA,ASO,ES,Federal Contract Tower,0,0,10,0,10,0,0,0,0,0,0,0,10,0,10,0,0,0,10
01/01/2022,AHN,GA,ASO,ES,Federal Contract Tower,4,2,13,0,19,0,0,0,0,0,4,2,13,0,19,0,0,0,19
01/02/2022,AHN,GA,ASO,ES,Federal Contract Tower,0,4,7,0,11,0,0,2,0,2,0,4,9,0,13,0,0,0,13
01/03/2022,AHN,GA,ASO,ES,Federal Contract Tower,2,0,27,0,29,0,0,31,4,35,2,0,58,4,64,16,4,20,84
01/04/2022,AHN,GA,ASO,ES,Federal Contract Tower,1,0,63,4,68,0,3,34,1,38,1,3,97,5,106,64,4,68,174
01/05/2022,AHN,GA,ASO,ES,Federal Contract Tower,0,2,28,0,30,0,0,29,0,29,0,2,57,0,59,86,0,86,145
01/06/2022,AHN,GA,ASO,ES,Federal Contract Tower,0,5,13,6,24,0,0,18,0,18,0,5,31,6,42,48,0,48,90
01/07/2022,AHN,GA,ASO,ES,Federal Contract Tower,4,2,26,6,38,0,9,27,0,36,4,11,53,6,74,90,0,90,164
01/08/2022,AHN,GA,ASO,ES,Federal Contract Tower,0,4,38,0,42,0,3,57,0,60,0,7,95,0,102,126,0,126,228
01/09/2022,AHN,GA,ASO,ES,Federal Contract Tower,0,10,25,0,35,0,0,0,0,0,0,10,25,0,35,0,0,0,35
01/10/2022,AHN,GA,ASO,ES,Federal Contract Tower,0,11,20,0,31,0,2,49,0,51,0,13,69,0,82,108,0,108,190
01/11/2022,AHN,GA,ASO,ES,Federal Contract Tower,0,14,39,2,55,0,0,72,0,72,0,14,111,2,127,38,2,40,167
01/12/2022,AHN,GA,ASO,ES,Federal Contract Tower,0,3,24,3,30,0,0,55,1,56,0,3,79,4,86,46,4,50,136
01/13/2022,AHN,GA,ASO,ES,Federal Contract Tower,0,1,9,2,12,0,0,55,4,59,0,1,64,6,71,52,0,52,123
01/14/2022,AHN,GA,ASO,ES,Federal Contract Tower,2,0,19,4,25,0,1,60,0,61,2,1,79,4,86,116,2,118,204
01/15/2022,AHN,GA,ASO,ES,Federal Contract Tower,1,4,15,0,20,0,0,35,0,35,1,4,50,0,55,92,0,92,147
01/16/2022,AHN,GA,ASO,ES,Federal Contract Tower,0,0,0,0,0,0,0,0,0,0,0,0,0,0,0,0,0,0,0
01/17/2022,AHN,GA,ASO,ES,Federal Contract Tower,0,2,19,0,21,0,0,5,0,5,0,2,24,0,26,0,0,0,26
01/18/2022,AHN,GA,ASO,ES,Federal Contract Tower,0,4,18,0,22,0,0,54,0,54,0,4,72,0,76,80,0,80,156
01/19/2022,AHN,GA,ASO,ES,Federal Contract Tower,0,7,16,0,23,0,0,66,0,66,0,7,82,0,89,106,2,108,197
01/20/2022,AHN,GA,ASO,ES,Federal Contract Tower,0,6,15,0,21,0,0,0,0,0,0,6,15,0,21,0,0,0,21
01/21/2022,AHN,GA,ASO,ES,Federal Contract Tower,0,11,6,0,17,0,0,0,0,0,0,11,6,0,17,0,0,0,17
01/22/2022,AHN,GA,ASO,ES,Federal Contract Tower,2,3,20,0,25,0,0,59,0,59,2,3,79,0,84,118,0,118,202
01/23/2022,AHN,GA,ASO,ES,Federal Contract Tower,2,3,12,0,17,0,0,53,0,53,2,3,65,0,70,14,0,14,84
01/24/2022,AHN,GA,ASO,ES,Federal Contract Tower,2,1,20,0,23,0,0,59,0,59,2,1,79,0,82,52,0,52,134
01/25/2022,AHN,GA,ASO,ES,Federal Contract Tower,1,9,22,7,39,0,1,42,1,44,1,10,64,8,83,72,6,78,161
01/26/2022,AHN,GA,ASO,ES,Federal Contract Tower,0,5,16,4,25,0,2,48,0,50,0,7,64,4,75,34,4,38,113
01/27/2022,AHN,GA,ASO,ES,Federal Contract Tower,0,7,17,0,24,0,0,50,0,50,0,7,67,0,74,38,0,38,112
01/28/2022,AHN,GA,ASO,ES,Federal Contract Tower,0,14,17,7,38,0,0,40,1,41,0,14,57,8,79,44,0,44,123
01/29/2022,AHN,GA,ASO,ES,Federal Contract Tower,0,10,18,0,28,0,0,30,2,32,0,10,48,2,60,12,0,12,72
01/30/2022,AHN,GA,ASO,ES,Federal Contract Tower,0,6,18,3,27,0,0,41,0,41,0,6,59,3,68,30,10,40,108
01/31/2022,AHN,GA,ASO,ES,Federal Contract Tower,0,14,6,2,22,0,0,66,0,66,0,14,72,2,88,78,0,78,166
02/01/2022,AHN,GA,ASO,ES,Federal Contract Tower,2,6,27,0,35,0,1,39,0,40,2,7,66,0,75,36,4,40,115
02/02/2022,AHN,GA,ASO,ES,Federal Contract Tower,2,5,13,0,20,0,0,32,0,32,2,5,45,0,52,36,0,36,88
02/03/2022,AHN,GA,ASO,ES,Federal Contract Tower,0,5,22,0,27,0,0,2,0,2,0,5,24,0,29,0,0,0,29
02/04/2022,AHN,GA,ASO,ES,Federal Contract Tower,0,4,17,0,21,0,0,0,0,0,0,4,17,0,21,0,0,0,21
02/05/2022,AHN,GA,ASO,ES,Federal Contract Tower,2,8,36,0,46,0,6,56,0,62,2,14,92,0,108,84,0,84,192
02/06/2022,AHN,GA,ASO,ES,Federal Contract Tower,0,9,28,3,40,0,0,57,3,60,0,9,85,6,100,37,0,37,137
02/07/2022,AHN,GA,ASO,ES,Federal Contract Tower,0,4,23,0,27,0,0,39,0,39,0,4,62,0,66,12,0,12,78
02/08/2022,AHN,GA,ASO,ES,Federal Contract Tower,0,2,29,0,31,0,0,60,0,60,0,2,89,0,91,24,0,24,115
02/09/2022,AHN,GA,ASO,ES,Federal Contract Tower,0,4,12,0,16,0,0,70,0,70,0,4,82,0,86,90,0,90,176
02/10/2022,AHN,GA,ASO,ES,Federal Contract Tower,0,7,26,1,34,0,2,49,4,55,0,9,75,5,89,76,2,78,167
02/11/2022,AHN,GA,ASO,ES,Federal Contract Tower,0,5,14,0,19,0,2,59,0,61,0,7,73,0,80,64,0,64,144
02/12/2022,AHN,GA,ASO,ES,Federal Contract Tower,0,1,22,0,23,0,2,63,0,65,0,3,85,0,88,22,0,22,110
02/13/2022,AHN,GA,ASO,ES,Federal Contract Tower,0,5,21,0,26,0,0,16,0,16,0,5,37,0,42,40,0,40,82
02/14/2022,AHN,GA,ASO,ES,Federal Contract Tower,0,2,16,0,18,0,2,40,0,42,0,4,56,0,60,20,0,20,80
02/15/2022,AHN,GA,ASO,ES,Federal Contract Tower,0,6,21,3,30,0,2,62,0,64,0,8,83,3,94,54,2,56,150
02/16/2022,AHN,GA,ASO,ES,Federal Contract Tower,0,5,14,0,19,0,2,49,0,51,0,7,63,0,70,56,0,56,126
02/17/2022,AHN,GA,ASO,ES,Federal Contract Tower,0,0,19,2,21,0,0,2,0,2,0,0,21,2,23,12,2,14,37
02/18/2022,AHN,GA,ASO,ES,Federal Contract Tower,0,7,37,2,46,0,1,42,0,43,0,8,79,2,89,32,0,32,121
02/19/2022,AHN,GA,ASO,ES,Federal Contract Tower,0,3,19,0,22,0,0,62,0,62,0,3,81,0,84,44,0,44,128
02/20/2022,AHN,GA,ASO,ES,Federal Contract Tower,0,6,43,0,49,0,2,64,0,66,0,8,107,0,115,92,0,92,207
02/21/2022,AHN,GA,ASO,ES,Federal Contract Tower,0,6,31,0,37,0,0,6,0,6,0,6,37,0,43,22,0,22,65
02/22/2022,AHN,GA,ASO,ES,Federal Contract Tower,0,5,23,2,30,0,0,27,0,27,0,5,50,2,57,56,0,56,113
02/23/2022,AHN,GA,ASO,ES,Federal Contract Tower,2,8,20,0,30,0,3,15,1,19,2,11,35,1,49,18,2,20,69
02/24/2022,AHN,GA,ASO,ES,Federal Contract Tower,0,0,35,0,35,0,1,41,2,44,0,1,76,2,79,36,0,36,115
02/25/2022,AHN,GA,ASO,ES,Federal Contract Tower,2,10,40,2,54,0,0,24,4,28,2,10,64,6,82,4,6,10,92
02/26/2022,AHN,GA,ASO,ES,Federal Contract Tower,4,9,24,0,37,0,0,58,0,58,4,9,82,0,95,54,0,54,149
02/27/2022,AHN,GA,ASO,ES,Federal Contract Tower,0,13,25,1,39,0,0,1,0,1,0,13,26,1,40,0,0,0,40
02/28/2022,AHN,GA,ASO,ES,Federal Contract Tower,4,4,32,1,41,0,3,51,1,55,4,7,83,2,96,22,0,22,118
03/01/2022,AHN,GA,ASO,ES,Federal Contract Tower,0,2,17,3,22,0,3,71,0,74,0,5,88,3,96,62,2,64,160
03/02/2022,AHN,GA,ASO,ES,Federal Contract Tower,0,3,29,0,32,0,3,64,0,67,0,6,93,0,99,107,0,107,206
03/03/2022,AHN,GA,ASO,ES,Federal Contract Tower,0,6,32,2,40,0,0,66,0,66,0,6,98,2,106,32,0,32,138
03/04/2022,AHN,GA,ASO,ES,Federal Contract Tower,0,7,35,0,42,0,0,57,0,57,0,7,92,0,99,28,0,28,127
03/05/2022,AHN,GA,ASO,ES,Federal Contract Tower,0,5,31,2,38,0,0,42,0,42,0,5,73,2,80,10,0,10,90
03/06/2022,AHN,GA,ASO,ES,Federal Contract Tower,0,2,35,0,37,0,1,39,0,40,0,3,74,0,77,36,0,36,113
03/07/2022,AHN,GA,ASO,ES,Federal Contract Tower,0,3,14,0,17,0,0,13,0,13,0,3,27,0,30,20,0,20,50
03/08/2022,AHN,GA,ASO,ES,Federal Contract Tower,0,0,28,0,28,0,0,14,0,14,0,0,42,0,42,22,0,22,64
03/09/2022,AHN,GA,ASO,ES,Federal Contract Tower,0,6,6,7,19,0,0,5,0,5,0,6,11,7,24,38,0,38,62
03/10/2022,AHN,GA,ASO,ES,Federal Contract Tower,0,3,18,2,23,0,0,1,0,1,0,3,19,2,24,2,0,2,26
03/11/2022,AHN,GA,ASO,ES,Federal Contract Tower,0,0,12,0,12,0,0,1,0,1,0,0,13,0,13,2,0,2,15
03/12/2022,AHN,GA,ASO,ES,Federal Contract Tower,0,2,10,0,12,0,0,4,0,4,0,2,14,0,16,0,0,0,16
03/13/2022,AHN,GA,ASO,ES,Federal Contract Tower,0,4,31,0,35,0,0,54,0,54,0,4,85,0,89,70,0,70,159
03/14/2022,AHN,GA,ASO,ES,Federal Contract Tower,0,2,17,0,19,0,0,66,0,66,0,2,83,0,85,32,0,32,117
03/15/2022,AHN,GA,ASO,ES,Federal Contract Tower,0,8,17,0,25,0,1,45,0,46,0,9,62,0,71,56,0,56,127
03/16/2022,AHN,GA,ASO,ES,Federal Contract Tower,0,7,27,0,34,0,0,0,0,0,0,7,27,0,34,0,0,0,34
03/17/2022,AHN,GA,ASO,ES,Federal Contract Tower,0,4,20,2,26,0,6,50,2,58,0,10,70,4,84,64,0,64,148
03/18/2022,AHN,GA,ASO,ES,Federal Contract Tower,0,7,21,0,28,0,0,23,0,23,0,7,44,0,51,62,0,62,113
03/19/2022,AHN,GA,ASO,ES,Federal Contract Tower,0,6,21,1,28,0,1,46,0,47,0,7,67,1,75,38,0,38,113
03/20/2022,AHN,GA,ASO,ES,Federal Contract Tower,2,9,32,0,43,0,5,44,0,49,2,14,76,0,92,32,0,32,124
03/21/2022,AHN,GA,ASO,ES,Federal Contract Tower,0,9,26,2,37,0,4,87,2,93,0,13,113,4,130,72,2,74,204
03/22/2022,AHN,GA,ASO,ES,Federal Contract Tower,0,3,22,0,25,0,2,61,9,72,0,5,83,9,97,80,0,80,177
03/23/2022,AHN,GA,ASO,ES,Federal Contract Tower,0,8,10,0,18,0,0,5,0,5,0,8,15,0,23,12,0,12,35
03/24/2022,AHN,GA,ASO,ES,Federal Contract Tower,0,7,21,2,30,0,2,60,0,62,0,9,81,2,92,56,0,56,148
03/25/2022,AHN,GA,ASO,ES,Federal Contract Tower,0,17,38,0,55,0,0,65,0,65,0,17,103,0,120,48,0,48,168
03/26/2022,AHN,GA,ASO,ES,Federal Contract Tower,0,4,16,0,20,0,0,14,0,14,0,4,30,0,34,0,0,0,34
03/27/2022,AHN,GA,ASO,ES,Federal Contract Tower,0,9,24,0,33,0,1,29,0,30,0,10,53,0,63,12,0,12,75
03/28/2022,AHN,GA,ASO,ES,Federal Contract Tower,0,8,14,0,22,0,0,65,0,65,0,8,79,0,87,71,0,71,158
03/29/2022,AHN,GA,ASO,ES,Federal Contract Tower,0,5,20,0,25,0,3,48,0,51,0,8,68,0,76,106,0,106,182
03/30/2022,AHN,GA,ASO,ES,Federal Contract Tower,0,8,13,0,21,0,1,26,0,27,0,9,39,0,48,13,0,13,61
03/31/2022,AHN,GA,ASO,ES,Federal Contract Tower,0,8,10,0,18,0,0,7,0,7,0,8,17,0,25,0,0,0,25
04/01/2022,AHN,GA,ASO,ES,Federal Contract Tower,0,10,44,0,54,0,0,63,0,63,0,10,107,0,117,99,0,99,216
04/02/2022,AHN,GA,ASO,ES,Federal Contract Tower,0,4,24,0,28,0,0,73,0,73,0,4,97,0,101,82,0,82,183
04/03/2022,AHN,GA,ASO,ES,Federal Contract Tower,0,7,28,1,36,0,2,53,1,56,0,9,81,2,92,70,6,76,168
04/04/2022,AHN,GA,ASO,ES,Federal Contract Tower,0,5,20,2,27,0,4,71,0,75,0,9,91,2,102,114,0,114,216
04/05/2022,AHN,GA,ASO,ES,Federal Contract Tower,0,2,5,0,7,0,0,0,0,0,0,2,5,0,7,0,0,0,7
04/06/2022,AHN,GA,ASO,ES,Federal Contract Tower,0,9,21,0,30,0,0,0,0,0,0,9,21,0,30,2,0,2,32
04/07/2022,AHN,GA,ASO,ES,Federal Contract Tower,0,12,28,0,40,0,0,38,0,38,0,12,66,0,78,26,0,26,104
04/08/2022,AHN,GA,ASO,ES,Federal Contract Tower,0,5,25,0,30,0,0,49,0,49,0,5,74,0,79,33,0,33,112
04/09/2022,AHN,GA,ASO,ES,Federal Contract Tower,0,4,24,0,28,0,0,28,0,28,0,4,52,0,56,22,0,22,78
04/10/2022,AHN,GA,ASO,ES,Federal Contract Tower,0,4,45,0,49,0,0,78,0,78,0,4,123,0,127,66,0,66,193
04/11/2022,AHN,GA,ASO,ES,Federal Contract Tower,0,4,26,0,30,0,2,54,0,56,0,6,80,0,86,62,0,62,148
04/12/2022,AHN,GA,ASO,ES,Federal Contract Tower,0,9,19,1,29,0,2,51,1,54,0,11,70,2,83,48,6,54,137
04/13/2022,AHN,GA,ASO,ES,Federal Contract Tower,1,6,18,1,26,0,0,46,0,46,1,6,64,1,72,72,2,74,146
04/14/2022,AHN,GA,ASO,ES,Federal Contract Tower,0,15,31,1,47,0,1,28,0,29,0,16,59,1,76,54,2,56,132
04/15/2022,AHN,GA,ASO,ES,Federal Contract Tower,0,3,31,0,34,0,0,62,0,62,0,3,93,0,96,74,0,74,170
04/16/2022,AHN,GA,ASO,ES,Federal Contract Tower,0,0,20,0,20,0,0,1,0,1,0,0,21,0,21,0,0,0,21
04/17/2022,AHN,GA,ASO,ES,Federal Contract Tower,0,5,16,0,21,0,2,25,0,27,0,7,41,0,48,20,0,20,68
04/18/2022,AHN,GA,ASO,ES,Federal Contract Tower,0,10,39,4,53,0,0,10,0,10,0,10,49,4,63,10,0,10,73
04/19/2022,AHN,GA,ASO,ES,Federal Contract Tower,0,8,23,0,31,0,3,46,0,49,0,11,69,0,80,42,0,42,122
04/20/2022,AHN,GA,ASO,ES,Federal Contract Tower,0,1,14,10,25,0,0,56,2,58,0,1,70,12,83,68,0,68,151
04/21/2022,AHN,GA,ASO,ES,Federal Contract Tower,0,1,29,1,31,0,0,60,9,69,0,1,89,10,100,66,0,66,166
04/22/2022,AHN,GA,ASO,ES,Federal Contract Tower,0,11,18,16,45,0,0,67,13,80,0,11,85,29,125,68,0,68,193
04/23/2022,AHN,GA,ASO,ES,Federal Contract Tower,0,4,13,0,17,0,0,68,0,68,0,4,81,0,85,32,0,32,117
04/24/2022,AHN,GA,ASO,ES,Federal Contract Tower,1,7,22,5,35,0,0,35,5,40,1,7,57,10,75,52,0,52,127
04/25/2022,AHN,GA,ASO,ES,Federal Contract Tower,0,1,28,0,29,0,2,68,0,70,0,3,96,0,99,48,0,48,147
04/26/2022,AHN,GA,ASO,ES,Federal Contract Tower,0,4,19,0,23,0,0,12,0,12,0,4,31,0,35,26,0,26,61
04/27/2022,AHN,GA,ASO,ES,Federal Contract Tower,0,0,21,0,21,0,0,52,2,54,0,0,73,2,75,44,4,48,123
04/28/2022,AHN,GA,ASO,ES,Federal Contract Tower,0,1,26,0,27,0,0,55,0,55,0,1,81,0,82,82,2,84,166
04/29/2022,AHN,GA,ASO,ES,Federal Contract Tower,0,6,33,8,47,0,0,45,5,50,0,6,78,13,97,30,0,30,127
04/30/2022,AHN,GA,ASO,ES,Federal Contract Tower,0,0,35,0,35,0,0,76,0,76,0,0,111,0,111,46,0,46,157
05/01/2022,AHN,GA,ASO,ES,Federal Contract Tower,0,5,38,1,44,0,0,17,3,20,0,5,55,4,64,12,0,12,76
05/02/2022,AHN,GA,ASO,ES,Federal Contract Tower,0,0,19,0,19,0,9,34,0,43,0,9,53,0,62,74,0,74,136
05/03/2022,AHN,GA,ASO,ES,Federal Contract Tower,0,3,18,0,21,0,8,40,4,52,0,11,58,4,73,52,0,52,125
05/04/2022,AHN,GA,ASO,ES,Federal Contract Tower,0,4,22,2,28,0,0,34,0,34,0,4,56,2,62,66,0,66,128
05/05/2022,AHN,GA,ASO,ES,Federal Contract Tower,0,6,14,0,20,0,0,49,0,49,0,6,63,0,69,76,0,76,145
05/06/2022,AHN,GA,ASO,ES,Federal Contract Tower,0,4,15,0,19,0,0,7,0,7,0,4,22,0,26,4,0,4,30
05/07/2022,AHN,GA,ASO,ES,Federal Contract Tower,0,3,15,0,18,0,0,24,0,24,0,3,39,0,42,14,0,14,56
05/08/2022,AHN,GA,ASO,ES,Federal Contract Tower,0,10,28,0,38,0,10,9,0,19,0,20,37,0,57,2,0,2,59
05/09/2022,AHN,GA,ASO,ES,Federal Contract Tower,0,1,31,0,32,0,1,43,1,45,0,2,74,1,77,74,6,80,157
05/10/2022,AHN,GA,ASO,ES,Federal Contract Tower,0,5,18,2,25,0,1,72,0,73,0,6,90,2,98,62,0,62,160
05/11/2022,AHN,GA,ASO,ES,Federal Contract Tower,0,7,47,0,54,0,2,70,1,73,0,9,117,1,127,38,0,38,165
05/12/2022,AHN,GA,ASO,ES,Federal Contract Tower,0,20,23,0,43,0,1,53,0,54,0,21,76,0,97,32,0,32,129
05/13/2022,AHN,GA,ASO,ES,Federal Contract Tower,0,12,39,3,54,0,0,19,1,20,0,12,58,4,74,20,0,20,94
05/14/2022,AHN,GA,ASO,ES,Federal Contract Tower,0,12,27,2,41,0,0,40,0,40,0,12,67,2,81,26,0,26,107
05/15/2022,AHN,GA,ASO,ES,Federal Contract Tower,0,18,16,2,36,0,2,31,0,33,0,20,47,2,69,22,0,22,91
05/16/2022,AHN,GA,ASO,ES,Federal Contract Tower,0,10,9,0,19,0,0,34,0,34,0,10,43,0,53,50,0,50,103
05/17/2022,AHN,GA,ASO,ES,Federal Contract Tower,0,1,14,1,16,0,0,73,0,73,0,1,87,1,89,90,0,90,179
05/18/2022,AHN,GA,ASO,ES,Federal Contract Tower,0,7,9,0,16,0,0,43,6,49,0,7,52,6,65,67,0,67,132
05/19/2022,AHN,GA,ASO,ES,Federal Contract Tower,2,6,35,0,43,0,1,64,8,73,2,7,99,8,116,33,0,33,149
05/20/2022,AHN,GA,ASO,ES,Federal Contract Tower,1,5,21,0,27,0,0,47,0,47,1,5,68,0,74,76,0,76,150
05/21/2022,AHN,GA,ASO,ES,Federal Contract Tower,1,5,18,0,24,0,0,11,0,11,1,5,29,0,35,32,0,32,67
05/22/2022,AHN,GA,ASO,ES,Federal Contract Tower,1,7,25,0,33,0,3,39,0,42,1,10,64,0,75,78,0,78,153
05/23/2022,AHN,GA,ASO,ES,Federal Contract Tower,0,3,9,1,13,0,0,1,0,1,0,3,10,1,14,4,0,4,18
05/24/2022,AHN,GA,ASO,ES,Federal Contract Tower,0,10,18,0,28,0,1,32,0,33,0,11,50,0,61,88,0,88,149
05/25/2022,AHN,GA,ASO,ES,Federal Contract Tower,0,5,26,2,33,0,0,2,0,2,0,5,28,2,35,24,0,24,59
05/26/2022,AHN,GA,ASO,ES,Federal Contract Tower,0,0,13,0,13,0,0,0,0,0,0,0,13,0,13,0,0,0,13
05/27/2022,AHN,GA,ASO,ES,Federal Contract Tower,0,6,31,0,37,0,2,43,0,45,0,8,74,0,82,46,0,46,128
05/28/2022,AHN,GA,ASO,ES,Federal Contract Tower,0,1,21,0,22,0,2,66,0,68,0,3,87,0,90,74,0,74,164
05/29/2022,AHN,GA,ASO,ES,Federal Contract Tower,0,1,4,0,5,0,0,47,0,47,0,1,51,0,52,62,0,62,114
05/30/2022,AHN,GA,ASO,ES,Federal Contract Tower,0,6,11,0,17,0,0,25,0,25,0,6,36,0,42,6,0,6,48
05/31/2022,AHN,GA,ASO,ES,Federal Contract Tower,0,4,15,2,21,0,0,29,17,46,0,4,44,19,67,34,2,36,103
06/01/2022,AHN,GA,ASO,ES,Federal Contract Tower,0,6,23,4,33,0,1,52,0,53,0,7,75,4,86,72,0,72,158
06/02/2022,AHN,GA,ASO,ES,Federal Contract Tower,0,7,25,0,32,0,0,31,0,31,0,7,56,0,63,46,0,46,109
06/03/2022,AHN,GA,ASO,ES,Federal Contract Tower,0,4,16,0,20,0,0,25,4,29,0,4,41,4,49,46,0,46,95
06/04/2022,AHN,GA,ASO,ES,Federal Contract Tower,0,3,8,0,11,0,1,36,0,37,0,4,44,0,48,64,0,64,112
06/05/2022,AHN,GA,ASO,ES,Federal Contract Tower,0,4,12,2,18,0,1,51,0,52,0,5,63,2,70,46,0,46,116
06/06/2022,AHN,GA,ASO,ES,Federal Contract Tower,0,4,7,0,11,0,0,21,0,21,0,4,28,0,32,48,0,48,80
06/07/2022,AHN,GA,ASO,ES,Federal Contract Tower,0,9,20,0,29,0,0,16,4,20,0,9,36,4,49,16,4,20,69
06/08/2022,AHN,GA,ASO,ES,Federal Contract Tower,0,3,24,0,27,0,4,27,0,31,0,7,51,0,58,62,0,62,120
06/09/2022,AHN,GA,ASO,ES,Federal Contract Tower,0,6,20,2,28,0,0,38,6,44,0,6,58,8,72,40,0,40,112
06/10/2022,AHN,GA,ASO,ES,Federal Contract Tower,0,3,18,3,24,0,0,67,6,73,0,3,85,9,97,41,10,51,148
06/11/2022,AHN,GA,ASO,ES,Federal Contract Tower,1,3,11,0,15,0,2,41,0,43,1,5,52,0,58,63,0,63,121
06/12/2022,AHN,GA,ASO,ES,Federal Contract Tower,0,3,21,2,26,0,0,51,0,51,0,3,72,2,77,48,0,48,125
06/13/2022,AHN,GA,ASO,ES,Federal Contract Tower,0,8,14,0,22,0,0,46,0,46,0,8,60,0,68,50,0,50,118
06/14/2022,AHN,GA,ASO,ES,Federal Contract Tower,0,3,22,6,31,0,0,38,0,38,0,3,60,6,69,53,4,57,126
06/15/2022,AHN,GA,ASO,ES,Federal Contract Tower,0,6,14,0,20,0,3,32,0,35,0,9,46,0,55,80,0,80,135
06/16/2022,AHN,GA,ASO,ES,Federal Contract Tower,0,5,20,0,25,0,4,70,0,74,0,9,90,0,99,60,0,60,159
06/17/2022,AHN,GA,ASO,ES,Federal Contract Tower,0,1,30,0,31,0,1,38,8,47,0,2,68,8,78,46,0,46,124
06/18/2022,AHN,GA,ASO,ES,Federal Contract Tower,0,2,13,0,15,0,3,49,0,52,0,5,62,0,67,62,0,62,129
06/19/2022,AHN,GA,ASO,ES,Federal Contract Tower,0,2,13,0,15,0,1,46,0,47,0,3,59,0,62,28,0,28,90
06/20/2022,AHN,GA,ASO,ES,Federal Contract Tower,0,0,13,0,13,0,0,52,0,52,0,0,65,0,65,25,0,25,90
06/21/2022,AHN,GA,ASO,ES,Federal Contract Tower,0,5,11,0,16,0,0,57,0,57,0,5,68,0,73,46,0,46,119
06/22/2022,AHN,GA,ASO,ES,Federal Contract Tower,0,7,33,0,40,0,0,46,0,46,0,7,79,0,86,30,0,30,116
06/23/2022,AHN,GA,ASO,ES,Federal Contract Tower,0,1,15,0,16,0,1,51,0,52,0,2,66,0,68,74,0,74,142
06/24/2022,AHN,GA,ASO,ES,Federal Contract Tower,0,4,23,1,28,0,1,56,1,58,0,5,79,2,86,56,12,68,154
06/25/2022,AHN,GA,ASO,ES,Federal Contract Tower,0,2,16,1,19,0,3,50,0,53,0,5,66,1,72,28,0,28,100
06/26/2022,AHN,GA,ASO,ES,Federal Contract Tower,0,0,20,3,23,0,0,33,0,33,0,0,53,3,56,22,0,22,78
06/27/2022,AHN,GA,ASO,ES,Federal Contract Tower,0,2,11,0,13,0,0,40,0,40,0,2,51,0,53,35,0,35,88
06/28/2022,AHN,GA,ASO,ES,Federal Contract Tower,0,0,17,0,17,0,0,34,0,34,0,0,51,0,51,20,0,20,71
06/29/2022,AHN,GA,ASO,ES,Federal Contract Tower,0,7,18,0,25,0,1,13,2,16,0,8,31,2,41,16,0,16,57
06/30/2022,AHN,GA,ASO,ES,Federal Contract Tower,0,3,34,0,37,0,3,28,0,31,0,6,62,0,68,56,0,56,124
07/01/2022,AHN,GA,ASO,ES,Federal Contract Tower,0,0,26,0,26,0,2,17,0,19,0,2,43,0,45,8,0,8,53
07/02/2022,AHN,GA,ASO,ES,Federal Contract Tower,0,1,11,0,12,0,0,23,0,23,0,1,34,0,35,30,0,30,65
07/03/2022,AHN,GA,ASO,ES,Federal Contract Tower,0,4,5,0,9,0,0,22,1,23,0,4,27,1,32,54,0,54,86
07/04/2022,AHN,GA,ASO,ES,Federal Contract Tower,0,2,10,0,12,0,0,24,0,24,0,2,34,0,36,21,0,21,57
07/05/2022,AHN,GA,ASO,ES,Federal Contract Tower,0,0,13,0,13,0,0,30,0,30,0,0,43,0,43,57,0,57,100
07/06/2022,AHN,GA,ASO,ES,Federal Contract Tower,0,2,20,0,22,0,4,40,0,44,0,6,60,0,66,68,0,68,134
07/07/2022,AHN,GA,ASO,ES,Federal Contract Tower,0,6,23,0,29,0,0,63,0,63,0,6,86,0,92,66,0,66,158
07/08/2022,AHN,GA,ASO,ES,Federal Contract Tower,0,5,14,2,21,0,0,52,0,52,0,5,66,2,73,70,4,74,147
07/09/2022,AHN,GA,ASO,ES,Federal Contract Tower,0,1,10,0,11,0,0,3,0,3,0,1,13,0,14,28,0,28,42
07/10/2022,AHN,GA,ASO,ES,Federal Contract Tower,0,4,22,0,26,0,0,7,0,7,0,4,29,0,33,32,0,32,65
07/11/2022,AHN,GA,ASO,ES,Federal Contract Tower,0,7,31,0,38,0,0,11,0,11,0,7,42,0,49,38,0,38,87
07/12/2022,AHN,GA,ASO,ES,Federal Contract Tower,0,2,27,0,29,0,0,35,0,35,0,2,62,0,64,50,0,50,114
07/13/2022,AHN,GA,ASO,ES,Federal Contract Tower,0,4,24,0,28,0,2,17,0,19,0,6,41,0,47,30,0,30,77
07/14/2022,AHN,GA,ASO,ES,Federal Contract Tower,0,7,21,0,28,0,3,49,1,53,0,10,70,1,81,104,0,104,185
07/15/2022,AHN,GA,ASO,ES,Federal Contract Tower,0,2,19,0,21,0,0,52,0,52,0,2,71,0,73,46,0,46,119
07/16/2022,AHN,GA,ASO,ES,Federal Contract Tower,0,0,14,0,14,0,0,72,0,72,0,0,86,0,86,90,0,90,176
07/17/2022,AHN,GA,ASO,ES,Federal Contract Tower,0,0,27,0,27,0,2,41,0,43,0,2,68,0,70,60,0,60,130
07/18/2022,AHN,GA,ASO,ES,Federal Contract Tower,0,2,15,0,17,0,0,33,0,33,0,2,48,0,50,82,0,82,132
07/19/2022,AHN,GA,ASO,ES,Federal Contract Tower,0,6,5,0,11,0,0,30,0,30,0,6,35,0,41,40,0,40,81
07/20/2022,AHN,GA,ASO,ES,Federal Contract Tower,0,2,29,0,31,0,0,13,9,22,0,2,42,9,53,14,4,18,71
07/21/2022,AHN,GA,ASO,ES,Federal Contract Tower,2,6,11,0,19,0,0,14,1,15,2,6,25,1,34,20,6,26,60
07/22/2022,AHN,GA,ASO,ES,Federal Contract Tower,0,7,19,5,31,0,0,64,5,69,0,7,83,10,100,90,0,90,190
07/23/2022,AHN,GA,ASO,ES,Federal Contract Tower,0,2,13,0,15,0,1,59,0,60,0,3,72,0,75,64,0,64,139
07/24/2022,AHN,GA,ASO,ES,Federal Contract Tower,0,2,15,1,18,0,0,38,3,41,0,2,53,4,59,50,0,50,109
07/25/2022,AHN,GA,ASO,ES,Federal Contract Tower,0,2,13,0,15,0,0,27,0,27,0,2,40,0,42,102,0,102,144
07/26/2022,AHN,GA,ASO,ES,Federal Contract Tower,0,5,31,0,36,0,1,35,0,36,0,6,66,0,72,44,0,44,116
07/27/2022,AHN,GA,ASO,ES,Federal Contract Tower,0,7,13,0,20,0,0,49,7,56,0,7,62,7,76,51,0,51,127
07/28/2022,AHN,GA,ASO,ES,Federal Contract Tower,0,4,20,0,24,0,0,62,4,66,0,4,82,4,90,62,0,62,152
07/29/2022,AHN,GA,ASO,ES,Federal Contract Tower,0,8,22,0,30,0,0,49,0,49,0,8,71,0,79,66,0,66,145
07/30/2022,AHN,GA,ASO,ES,Federal Contract Tower,0,0,13,0,13,0,0,47,0,47,0,0,60,0,60,52,0,52,112
07/31/2022,AHN,GA,ASO,ES,Federal Contract Tower,0,1,26,2,29,0,0,26,6,32,0,1,52,8,61,84,0,84,145
08/01/2022,AHN,GA,ASO,ES,Federal Contract Tower,0,3,32,2,37,0,0,33,0,33,0,3,65,2,70,66,0,66,136
08/02/2022,AHN,GA,ASO,ES,Federal Contract Tower,0,0,15,2,17,0,0,28,0,28,0,0,43,2,45,66,0,66,111
08/03/2022,AHN,GA,ASO,ES,Federal Contract Tower,0,2,13,0,15,0,14,26,0,40,0,16,39,0,55,12,0,12,67
08/04/2022,AHN,GA,ASO,ES,Federal Contract Tower,0,1,23,0,24,0,17,39,0,56,0,18,62,0,80,76,0,76,156
08/05/2022,AHN,GA,ASO,ES,Federal Contract Tower,0,3,18,1,22,0,1,35,3,39,0,4,53,4,61,24,0,24,85
08/06/2022,AHN,GA,ASO,ES,Federal Contract Tower,0,9,20,0,29,0,4,26,0,30,0,13,46,0,59,24,0,24,83
08/07/2022,AHN,GA,ASO,ES,Federal Contract Tower,0,1,13,1,15,0,0,30,1,31,0,1,43,2,46,32,0,32,78
08/08/2022,AHN,GA,ASO,ES,Federal Contract Tower,0,6,17,0,23,0,0,37,0,37,0,6,54,0,60,58,0,58,118
08/09/2022,AHN,GA,ASO,ES,Federal Contract Tower,0,0,24,0,24,0,0,46,0,46,0,0,70,0,70,112,0,112,182
08/10/2022,AHN,GA,ASO,ES,Federal Contract Tower,0,0,32,0,32,0,0,32,0,32,0,0,64,0,64,68,0,68,132
08/11/2022,AHN,GA,ASO,ES,Federal Contract Tower,0,5,46,0,51,0,1,77,0,78,0,6,123,0,129,134,0,134,263
08/12/2022,AHN,GA,ASO,ES,Federal Contract Tower,0,7,38,4,49,0,0,55,0,55,0,7,93,4,104,58,0,58,162
08/13/2022,AHN,GA,ASO,ES,Federal Contract Tower,0,0,31,0,31,0,0,49,0,49,0,0,80,0,80,30,0,30,110
08/14/2022,AHN,GA,ASO,ES,Federal Contract Tower,0,5,24,0,29,0,0,54,2,56,0,5,78,2,85,60,0,60,145
08/15/2022,AHN,GA,ASO,ES,Federal Contract Tower,0,9,18,2,29,0,0,37,0,37,0,9,55,2,66,34,0,34,100
08/16/2022,AHN,GA,ASO,ES,Federal Contract Tower,0,1,29,0,30,0,0,30,3,33,0,1,59,3,63,16,2,18,81
08/17/2022,AHN,GA,ASO,ES,Federal Contract Tower,0,9,20,2,31,0,2,16,2,20,0,11,36,4,51,30,0,30,81
08/18/2022,AHN,GA,ASO,ES,Federal Contract Tower,0,9,15,0,24,0,1,36,0,37,0,10,51,0,61,16,0,16,77
08/19/2022,AHN,GA,ASO,ES,Federal Contract Tower,0,2,12,0,14,0,0,5,0,5,0,2,17,0,19,0,0,0,19
08/20/2022,AHN,GA,ASO,ES,Federal Contract Tower,0,2,18,0,20,0,0,0,0,0,0,2,18,0,20,22,0,22,42
08/21/2022,AHN,GA,ASO,ES,Federal Contract Tower,0,2,24,0,26,0,0,6,0,6,0,2,30,0,32,14,0,14,46
08/22/2022,AHN,GA,ASO,ES,Federal Contract Tower,0,0,20,0,20,0,0,10,0,10,0,0,30,0,30,6,0,6,36
08/23/2022,AHN,GA,ASO,ES,Federal Contract Tower,0,3,16,2,21,0,0,47,0,47,0,3,63,2,68,40,0,40,108
08/24/2022,AHN,GA,ASO,ES,Federal Contract Tower,0,2,16,0,18,0,1,41,0,42,0,3,57,0,60,50,0,50,110
08/25/2022,AHN,GA,ASO,ES,Federal Contract Tower,0,1,14,0,15,0,4,14,0,18,0,5,28,0,33,22,0,22,55
08/26/2022,AHN,GA,ASO,ES,Federal Contract Tower,0,2,16,3,21,0,0,25,0,25,0,2,41,3,46,22,2,24,70
08/27/2022,AHN,GA,ASO,ES,Federal Contract Tower,0,5,21,0,26,0,2,33,0,35,0,7,54,0,61,58,0,58,119
08/28/2022,AHN,GA,ASO,ES,Federal Contract Tower,0,3,22,0,25,0,0,40,0,40,0,3,62,0,65,24,0,24,89
08/29/2022,AHN,GA,ASO,ES,Federal Contract Tower,0,0,25,0,25,0,0,36,1,37,0,0,61,1,62,64,0,64,126
08/30/2022,AHN,GA,ASO,ES,Federal Contract Tower,0,5,20,0,25,0,0,13,1,14,0,5,33,1,39,38,0,38,77
08/31/2022,AHN,GA,ASO,ES,Federal Contract Tower,0,3,23,0,26,0,0,43,0,43,0,3,66,0,69,54,0,54,123
09/01/2022,AHN,GA,ASO,ES,Federal Contract Tower,0,7,27,0,34,0,7,59,2,68,0,14,86,2,102,62,0,62,164
09/02/2022,AHN,GA,ASO,ES,Federal Contract Tower,5,33,0,0,38,0,1,8,0,9,5,34,8,0,47,8,0,8,55
09/03/2022,AHN,GA,ASO,ES,Federal Contract Tower,0,2,17,0,19,0,0,4,0,4,0,2,21,0,23,0,0,0,23
09/04/2022,AHN,GA,ASO,ES,Federal Contract Tower,0,3,3,0,6,0,0,0,0,0,0,3,3,0,6,0,0,0,6
09/05/2022,AHN,GA,ASO,ES,Federal Contract Tower,0,6,14,0,20,0,0,2,0,2,0,6,16,0,22,0,0,0,22
09/06/2022,AHN,GA,ASO,ES,Federal Contract Tower,0,5,27,0,32,0,6,37,0,43,0,11,64,0,75,51,0,51,126
09/07/2022,AHN,GA,ASO,ES,Federal Contract Tower,0,0,23,0,23,0,0,49,0,49,0,0,72,0,72,52,0,52,124
09/08/2022,AHN,GA,ASO,ES,Federal Contract Tower,0,1,37,0,38,0,1,35,1,37,0,2,72,1,75,40,0,40,115
09/09/2022,AHN,GA,ASO,ES,Federal Contract Tower,0,5,42,4,51,0,0,11,0,11,0,5,53,4,62,16,0,16,78
09/10/2022,AHN,GA,ASO,ES,Federal Contract Tower,0,4,24,2,30,0,0,0,0,0,0,4,24,2,30,0,0,0,30
09/11/2022,AHN,GA,ASO,ES,Federal Contract Tower,0,3,36,0,39,0,0,13,0,13,0,3,49,0,52,14,0,14,66
09/12/2022,AHN,GA,ASO,ES,Federal Contract Tower,0,5,9,0,14,0,0,30,0,30,0,5,39,0,44,32,0,32,76
09/13/2022,AHN,GA,ASO,ES,Federal Contract Tower,0,11,22,0,33,0,4,42,0,46,0,15,64,0,79,46,0,46,125
09/14/2022,AHN,GA,ASO,ES,Federal Contract Tower,0,3,23,0,26,0,0,47,0,47,0,3,70,0,73,79,0,79,152
09/15/2022,AHN,GA,ASO,ES,Federal Contract Tower,0,2,31,1,34,0,0,51,1,52,0,2,82,2,86,46,0,46,132
09/16/2022,AHN,GA,ASO,ES,Federal Contract Tower,0,6,27,3,36,0,1,53,3,57,0,7,80,6,93,76,0,76,169
09/17/2022,AHN,GA,ASO,ES,Federal Contract Tower,0,1,24,0,25,0,3,47,0,50,0,4,71,0,75,54,0,54,129
09/18/2022,AHN,GA,ASO,ES,Federal Contract Tower,0,2,19,6,27,0,0,35,4,39,0,2,54,10,66,38,0,38,104
09/19/2022,AHN,GA,ASO,ES,Federal Contract Tower,0,2,21,0,23,0,0,64,0,64,0,2,85,0,87,58,0,58,145
09/20/2022,AHN,GA,ASO,ES,Federal Contract Tower,0,1,14,5,20,0,0,55,0,55,0,1,69,5,75,42,0,42,117
09/21/2022,AHN,GA,ASO,ES,Federal Contract Tower,0,6,21,2,29,0,0,60,0,60,0,6,81,2,89,84,0,84,173
09/22/2022,AHN,GA,ASO,ES,Federal Contract Tower,0,7,26,1,34,0,0,71,1,72,0,7,97,2,106,62,0,62,168
09/23/2022,AHN,GA,ASO,ES,Federal Contract Tower,0,22,37,0,59,0,0,64,0,64,0,22,101,0,123,41,0,41,164
09/24/2022,AHN,GA,ASO,ES,Federal Contract Tower,0,13,41,0,54,0,0,51,0,51,0,13,92,0,105,0,0,0,105
09/25/2022,AHN,GA,ASO,ES,Federal Contract Tower,0,18,38,0,56,0,0,39,0,39,0,18,77,0,95,28,0,28,123
09/26/2022,AHN,GA,ASO,ES,Federal Contract Tower,0,1,8,0,9,0,0,51,0,51,0,1,59,0,60,60,0,60,120
09/27/2022,AHN,GA,ASO,ES,Federal Contract Tower,0,6,22,0,28,0,2,51,0,53,0,8,73,0,81,82,0,82,163
09/28/2022,AHN,GA,ASO,ES,Federal Contract Tower,0,5,13,0,18,0,0,50,0,50,0,5,63,0,68,38,0,38,106
09/29/2022,AHN,GA,ASO,ES,Federal Contract Tower,0,7,12,0,19,0,0,13,0,13,0,7,25,0,32,4,0,4,36
09/30/2022,AHN,GA,ASO,ES,Federal Contract Tower,0,11,6,0,17,0,0,2,0,2,0,11,8,0,19,0,0,0,19
10/01/2022,AHN,GA,ASO,ES,Federal Contract Tower,0,1,15,0,16,0,1,25,0,26,0,2,40,0,42,44,0,44,86
10/02/2022,AHN,GA,ASO,ES,Federal Contract Tower,0,8,20,0,28,0,0,37,0,37,0,8,57,0,65,40,0,40,105
10/03/2022,AHN,GA,ASO,ES,Federal Contract Tower,0,4,15,0,19,0,0,56,0,56,0,4,71,0,75,48,0,48,123
10/04/2022,AHN,GA,ASO,ES,Federal Contract Tower,0,0,29,0,29,0,3,39,1,43,0,3,68,1,72,62,2,64,136
10/05/2022,AHN,GA,ASO,ES,Federal Contract Tower,0,4,22,0,26,0,0,81,0,81,0,4,103,0,107,86,0,86,193
10/06/2022,AHN,GA,ASO,ES,Federal Contract Tower,0,7,34,2,43,0,4,66,0,70,0,11,100,2,113,96,0,96,209
10/07/2022,AHN,GA,ASO,ES,Federal Contract Tower,0,23,71,0,94,0,6,78,0,84,0,29,149,0,178,64,0,64,242
10/08/2022,AHN,GA,ASO,ES,Federal Contract Tower,0,34,113,0,147,0,67,0,0,67,0,101,113,0,214,0,0,0,214
10/09/2022,AHN,GA,ASO,ES,Federal Contract Tower,0,16,97,0,113,0,0,41,0,41,0,16,138,0,154,52,0,52,206
10/10/2022,AHN,GA,ASO,ES,Federal Contract Tower,0,7,35,0,42,0,0,46,0,46,0,7,81,0,88,62,0,62,150
10/11/2022,AHN,GA,ASO,ES,Federal Contract Tower,0,15,28,0,43,0,3,38,0,41,0,18,66,0,84,42,2,44,128
10/12/2022,AHN,GA,ASO,ES,Federal Contract Tower,0,13,22,0,35,0,0,4,0,4,0,13,26,0,39,0,0,0,39
10/13/2022,AHN,GA,ASO,ES,Federal Contract Tower,0,5,38,0,43,0,1,10,0,11,0,6,48,0,54,18,0,18,72
10/14/2022,AHN,GA,ASO,ES,Federal Contract Tower,0,10,59,0,69,0,3,84,0,87,0,13,143,0,156,36,6,42,198
10/15/2022,AHN,GA,ASO,ES,Federal Contract Tower,4,9,49,3,65,0,0,47,5,52,4,9,96,8,117,10,0,10,127
10/16/2022,AHN,GA,ASO,ES,Federal Contract Tower,0,12,49,6,67,0,0,68,0,68,0,12,117,6,135,28,0,28,163
10/17/2022,AHN,GA,ASO,ES,Federal Contract Tower,0,2,26,2,30,0,0,35,0,35,0,2,61,2,65,40,0,40,105
10/18/2022,AHN,GA,ASO,ES,Federal Contract Tower,0,11,13,0,24,0,1,45,0,46,0,12,58,0,70,54,0,54,124
10/19/2022,AHN,GA,ASO,ES,Federal Contract Tower,0,12,21,2,35,0,3,67,4,74,0,15,88,6,109,26,2,28,137
10/20/2022,AHN,GA,ASO,ES,Federal Contract Tower,0,8,26,0,34,0,0,56,2,58,0,8,82,2,92,64,0,64,156
10/21/2022,AHN,GA,ASO,ES,Federal Contract Tower,0,11,22,3,36,0,3,59,0,62,0,14,81,3,98,16,0,16,114
10/22/2022,AHN,GA,ASO,ES,Federal Contract Tower,0,4,21,5,30,0,4,51,0,55,0,8,72,5,85,30,0,30,115
10/23/2022,AHN,GA,ASO,ES,Federal Contract Tower,0,8,14,0,22,0,0,79,0,79,0,8,93,0,101,6,0,6,107
10/24/2022,AHN,GA,ASO,ES,Federal Contract Tower,0,1,23,1,25,0,0,46,0,46,0,1,69,1,71,50,0,50,121
10/25/2022,AHN,GA,ASO,ES,Federal Contract Tower,0,1,15,4,20,0,7,49,0,56,0,8,64,4,76,112,0,112,188
10/26/2022,AHN,GA,ASO,ES,Federal Contract Tower,0,4,36,2,42,0,0,35,0,35,0,4,71,2,77,32,0,32,109
10/27/2022,AHN,GA,ASO,ES,Federal Contract Tower,0,10,44,1,55,0,3,66,3,72,0,13,110,4,127,58,0,58,185
10/28/2022,AHN,GA,ASO,ES,Federal Contract Tower,4,6,14,0,24,0,2,39,2,43,4,8,53,2,67,28,0,28,95
10/29/2022,AHN,GA,ASO,ES,Federal Contract Tower,0,0,15,0,15,0,1,6,0,7,0,1,21,0,22,0,0,0,22
10/30/2022,AHN,GA,ASO,ES,Federal Contract Tower,0,2,26,0,28,0,0,0,0,0,0,2,26,0,28,0,0,0,28
10/31/2022,AHN,GA,ASO,ES,Federal Contract Tower,0,6,10,0,16,0,0,0,0,0,0,6,10,0,16,0,0,0,16
11/01/2022,AHN,GA,ASO,ES,Federal Contract Tower,0,3,11,0,14,0,5,38,4,47,0,8,49,4,61,48,0,48,109
11/02/2022,AHN,GA,ASO,ES,Federal Contract Tower,0,3,22,2,27,0,0,46,2,48,0,3,68,4,75,22,4,26,101
11/03/2022,AHN,GA,ASO,ES,Federal Contract Tower,0,2,41,0,43,0,2,66,1,69,0,4,107,1,112,28,6,34,146
11/04/2022,AHN,GA,ASO,ES,Federal Contract Tower,0,32,87,0,119,0,1,57,0,58,0,33,144,0,177,2,10,12,189
11/05/2022,AHN,GA,ASO,ES,Federal Contract Tower,4,65,166,0,235,0,1,10,0,11,4,66,176,0,246,20,0,20,266
11/06/2022,AHN,GA,ASO,ES,Federal Contract Tower,0,32,89,0,121,0,1,21,0,22,0,33,110,0,143,2,0,2,145
11/07/2022,AHN,GA,ASO,ES,Federal Contract Tower,0,9,14,0,23,0,0,31,0,31,0,9,45,0,54,56,0,56,110
11/08/2022,AHN,GA,ASO,ES,Federal Contract Tower,0,2,16,0,18,0,3,48,0,51,0,5,64,0,69,66,0,66,135
11/09/2022,AHN,GA,ASO,ES,Federal Contract Tower,0,1,22,0,23,0,1,39,0,40,0,2,61,0,63,10,0,10,73
11/10/2022,AHN,GA,ASO,ES,Federal Contract Tower,0,2,11,0,13,0,0,0,0,0,0,2,11,0,13,0,0,0,13
11/11/2022,AHN,GA,ASO,ES,Federal Contract Tower,0,4,12,0,16,0,0,0,0,0,0,4,12,0,16,0,0,0,16
11/12/2022,AHN,GA,ASO,ES,Federal Contract Tower,0,4,20,2,26,0,2,9,0,11,0,6,29,2,37,20,0,20,57
11/13/2022,AHN,GA,ASO,ES,Federal Contract Tower,0,3,13,0,16,0,0,39,0,39,0,3,52,0,55,66,0,66,121
11/14/2022,AHN,GA,ASO,ES,Federal Contract Tower,0,9,22,0,31,0,0,69,0,69,0,9,91,0,100,64,0,64,164
11/15/2022,AHN,GA,ASO,ES,Federal Contract Tower,0,1,14,2,17,0,0,0,0,0,0,1,14,2,17,0,0,0,17
11/16/2022,AHN,GA,ASO,ES,Federal Contract Tower,0,6,18,3,27,0,2,32,2,36,0,8,50,5,63,46,0,46,109
11/17/2022,AHN,GA,ASO,ES,Federal Contract Tower,0,10,19,0,29,0,8,53,0,61,0,18,72,0,90,88,4,92,182
11/18/2022,AHN,GA,ASO,ES,Federal Contract Tower,4,8,24,2,38,0,0,46,4,50,4,8,70,6,88,82,0,82,170
11/19/2022,AHN,GA,ASO,ES,Federal Contract Tower,0,7,15,0,22,0,1,45,0,46,0,8,60,0,68,14,0,14,82
11/20/2022,AHN,GA,ASO,ES,Federal Contract Tower,0,2,16,3,21,0,0,46,1,47,0,2,62,4,68,14,0,14,82
11/21/2022,AHN,GA,ASO,ES,Federal Contract Tower,0,0,27,0,27,0,0,59,0,59,0,0,86,0,86,74,0,74,160
11/22/2022,AHN,GA,ASO,ES,Federal Contract Tower,0,7,24,3,34,0,3,54,0,57,0,10,78,3,91,116,0,116,207
11/23/2022,AHN,GA,ASO,ES,Federal Contract Tower,0,3,41,0,44,0,0,35,0,35,0,3,76,0,79,84,0,84,163
11/24/2022,AHN,GA,ASO,ES,Federal Contract Tower,0,2,8,0,10,0,0,6,0,6,0,2,14,0,16,0,0,0,16
11/25/2022,AHN,GA,ASO,ES,Federal Contract Tower,0,3,27,0,30,0,0,6,4,10,0,3,33,4,40,18,0,18,58
11/26/2022,AHN,GA,ASO,ES,Federal Contract Tower,0,15,54,0,69,0,0,32,2,34,0,15,86,2,103,10,0,10,113
11/27/2022,AHN,GA,ASO,ES,Federal Contract Tower,0,11,30,0,41,0,0,21,0,21,0,11,51,0,62,0,0,0,62
11/28/2022,AHN,GA,ASO,ES,Federal Contract Tower,0,4,11,0,15,0,1,51,2,54,0,5,62,2,69,50,0,50,119
11/29/2022,AHN,GA,ASO,ES,Federal Contract Tower,0,6,21,2,29,0,0,54,0,54,0,6,75,2,83,76,0,76,159
11/30/2022,AHN,GA,ASO,ES,Federal Contract Tower,0,4,6,0,10,0,0,6,0,6,0,4,12,0,16,20,0,20,36
12/01/2022,AHN,GA,ASO,ES,Federal Contract Tower,0,4,20,0,24,0,2,57,0,59,0,6,77,0,83,78,0,78,161
12/02/2022,AHN,GA,ASO,ES,Federal Contract Tower,0,2,21,0,23,0,0,27,0,27,0,2,48,0,50,54,0,54,104
12/03/2022,AHN,GA,ASO,ES,Federal Contract Tower,0,2,11,0,13,0,0,2,0,2,0,2,13,0,15,0,0,0,15
12/04/2022,AHN,GA,ASO,ES,Federal Contract Tower,0,8,19,0,27,0,0,18,0,18,0,8,37,0,45,0,0,0,45
12/05/2022,AHN,GA,ASO,ES,Federal Contract Tower,0,4,22,0,26,0,0,0,0,0,0,4,22,0,26,0,0,0,26
12/06/2022,AHN,GA,ASO,ES,Federal Contract Tower,0,2,9,0,11,0,0,0,0,0,0,2,9,0,11,0,0,0,11
12/07/2022,AHN,GA,ASO,ES,Federal Contract Tower,0,10,19,0,29,0,0,2,0,2,0,10,21,0,31,0,0,0,31
12/08/2022,AHN,GA,ASO,ES,Federal Contract Tower,0,6,22,6,34,0,0,19,0,19,0,6,41,6,53,46,0,46,99
12/09/2022,AHN,GA,ASO,ES,Federal Contract Tower,0,14,13,0,27,0,0,0,0,0,0,14,13,0,27,0,0,0,27
12/10/2022,AHN,GA,ASO,ES,Federal Contract Tower,0,6,16,0,22,0,0,0,0,0,0,6,16,0,22,0,0,0,22
12/11/2022,AHN,GA,ASO,ES,Federal Contract Tower,0,10,18,0,28,0,0,0,0,0,0,10,18,0,28,0,0,0,28
12/12/2022,AHN,GA,ASO,ES,Federal Contract Tower,0,10,20,2,32,0,0,8,0,8,0,10,28,2,40,0,0,0,40
12/13/2022,AHN,GA,ASO,ES,Federal Contract Tower,0,7,38,2,47,0,0,43,0,43,0,7,81,2,90,92,0,92,182
12/14/2022,AHN,GA,ASO,ES,Federal Contract Tower,0,17,11,0,28,0,0,2,0,2,0,17,13,0,30,6,0,6,36
12/15/2022,AHN,GA,ASO,ES,Federal Contract Tower,0,2,21,2,25,0,0,22,4,26,0,2,43,6,51,42,0,42,93
12/16/2022,AHN,GA,ASO,ES,Federal Contract Tower,0,8,32,2,42,0,4,53,2,59,0,12,85,4,101,26,4,30,131
12/17/2022,AHN,GA,ASO,ES,Federal Contract Tower,0,4,13,0,17,0,1,33,0,34,0,5,46,0,51,66,0,66,117
12/18/2022,AHN,GA,ASO,ES,Federal Contract Tower,0,2,11,10,23,0,1,57,0,58,0,3,68,10,81,22,0,22,103
12/19/2022,AHN,GA,ASO,ES,Federal Contract Tower,0,3,19,0,22,0,2,47,0,49,0,5,66,0,71,36,0,36,107
12/20/2022,AHN,GA,ASO,ES,Federal Contract Tower,0,9,1,0,10,0,2,1,0,3,0,11,2,0,13,0,0,0,13
12/21/2022,AHN,GA,ASO,ES,Federal Contract Tower,0,5,15,0,20,0,0,30,0,30,0,5,45,0,50,40,0,40,90
12/22/2022,AHN,GA,ASO,ES,Federal Contract Tower,0,6,12,0,18,0,0,0,0,0,0,6,12,0,18,0,0,0,18
12/23/2022,AHN,GA,ASO,ES,Federal Contract Tower,0,2,1,0,3,0,0,0,0,0,0,2,1,0,3,0,0,0,3
12/24/2022,AHN,GA,ASO,ES,Federal Contract Tower,0,0,5,0,5,0,0,0,0,0,0,0,5,0,5,0,0,0,5
12/25/2022,AHN,GA,ASO,ES,Federal Contract Tower,0,0,0,0,0,0,0,6,0,6,0,0,6,0,6,0,0,0,6
12/26/2022,AHN,GA,ASO,ES,Federal Contract Tower,0,6,20,0,26,0,1,33,0,34,0,7,53,0,60,12,0,12,72
12/27/2022,AHN,GA,ASO,ES,Federal Contract Tower,0,9,12,0,21,0,4,41,0,45,0,13,53,0,66,32,0,32,98
12/28/2022,AHN,GA,ASO,ES,Federal Contract Tower,0,3,13,0,16,0,0,56,0,56,0,3,69,0,72,58,0,58,130
12/29/2022,AHN,GA,ASO,ES,Federal Contract Tower,0,2,11,5,18,0,0,80,0,80,0,2,91,5,98,42,0,42,140
12/30/2022,AHN,GA,ASO,ES,Federal Contract Tower,0,6,17,0,23,0,0,11,0,11,0,6,28,0,34,0,0,0,34
12/31/2022,AHN,GA,ASO,ES,Federal Contract Tower,0,2,4,0,6,0,0,0,0,0,0,2,4,0,6,0,0,0,6
01/01/2023,AHN,GA,ASO,ES,Federal Contract Tower,0,6,11,0,17,0,0,15,0,15,0,6,26,0,32,0,0,0,32
01/02/2023,AHN,GA,ASO,ES,Federal Contract Tower,0,10,18,0,28,0,0,8,0,8,0,10,26,0,36,32,0,32,68
01/03/2023,AHN,GA,ASO,ES,Federal Contract Tower,0,0,10,0,10,0,0,0,0,0,0,0,10,0,10,0,0,0,10
01/04/2023,AHN,GA,ASO,ES,Federal Contract Tower,0,0,7,0,7,0,0,5,0,5,0,0,12,0,12,24,0,24,36
01/05/2023,AHN,GA,ASO,ES,Federal Contract Tower,0,2,33,2,37,0,0,56,0,56,0,2,89,2,93,50,0,50,143
01/06/2023,AHN,GA,ASO,ES,Federal Contract Tower,0,3,31,9,43,0,2,48,0,50,0,5,79,9,93,24,4,28,121
01/07/2023,AHN,GA,ASO,ES,Federal Contract Tower,0,5,10,0,15,0,3,59,0,62,0,8,69,0,77,16,0,16,93
01/08/2023,AHN,GA,ASO,ES,Federal Contract Tower,0,2,10,0,12,0,0,31,0,31,0,2,41,0,43,10,0,10,53
01/09/2023,AHN,GA,ASO,ES,Federal Contract Tower,0,0,22,5,27,0,0,43,1,44,0,0,65,6,71,52,0,52,123
01/10/2023,AHN,GA,ASO,ES,Federal Contract Tower,0,3,16,2,21,0,0,38,2,40,0,3,54,4,61,54,0,54,115
01/11/2023,AHN,GA,ASO,ES,Federal Contract Tower,0,6,25,1,32,0,2,29,4,35,0,8,54,5,67,58,0,58,125
01/12/2023,AHN,GA,ASO,ES,Federal Contract Tower,0,8,13,0,21,0,0,5,1,6,0,8,18,1,27,0,0,0,27
01/13/2023,AHN,GA,ASO,ES,Federal Contract Tower,0,5,23,0,28,0,0,16,0,16,0,5,39,0,44,8,0,8,52
01/14/2023,AHN,GA,ASO,ES,Federal Contract Tower,0,2,14,0,16,0,0,37,0,37,0,2,51,0,53,10,0,10,63
01/15/2023,AHN,GA,ASO,ES,Federal Contract Tower,0,5,13,0,18,0,1,54,0,55,0,6,67,0,73,22,0,22,95
01/16/2023,AHN,GA,ASO,ES,Federal Contract Tower,0,3,29,0,32,0,2,72,0,74,0,5,101,0,106,78,0,78,184
01/17/2023,AHN,GA,ASO,ES,Federal Contract Tower,0,2,12,0,14,0,0,2,0,2,0,2,14,0,16,6,0,6,22
01/18/2023,AHN,GA,ASO,ES,Federal Contract Tower,0,3,19,0,22,0,0,0,0,0,0,3,19,0,22,0,0,0,22
01/19/2023,AHN,GA,ASO,ES,Federal Contract Tower,0,2,11,0,13,0,0,7,0,7,0,2,18,0,20,14,0,14,34
01/20/2023,AHN,GA,ASO,ES,Federal Contract Tower,2,18,20,2,42,0,2,49,2,53,2,20,69,4,95,12,0,12,107
01/21/2023,AHN,GA,ASO,ES,Federal Contract Tower,2,1,19,2,24,0,0,38,2,40,2,1,57,4,64,78,0,78,142
01/22/2023,AHN,GA,ASO,ES,Federal Contract Tower,0,5,5,0,10,0,0,0,0,0,0,5,5,0,10,0,0,0,10
01/23/2023,AHN,GA,ASO,ES,Federal Contract Tower,0,3,12,0,15,0,0,47,2,49,0,3,59,2,64,32,0,32,96
01/24/2023,AHN,GA,ASO,ES,Federal Contract Tower,0,5,22,2,29,0,1,74,0,75,0,6,96,2,104,100,2,102,206
01/25/2023,AHN,GA,ASO,ES,Federal Contract Tower,1,2,8,0,11,0,0,1,0,1,1,2,9,0,12,0,0,0,12
01/26/2023,AHN,GA,ASO,ES,Federal Contract Tower,0,3,18,0,21,0,1,33,1,35,0,4,51,1,56,26,0,26,82
01/27/2023,AHN,GA,ASO,ES,Federal Contract Tower,0,13,25,8,46,0,4,50,1,55,0,17,75,9,101,82,0,82,183
01/28/2023,AHN,GA,ASO,ES,Federal Contract Tower,0,8,18,1,27,0,1,61,3,65,0,9,79,4,92,106,0,106,198
01/29/2023,AHN,GA,ASO,ES,Federal Contract Tower,0,7,18,0,25,0,0,5,0,5,0,7,23,0,30,18,0,18,48
01/30/2023,AHN,GA,ASO,ES,Federal Contract Tower,0,11,24,0,35,0,0,0,0,0,0,11,24,0,35,0,0,0,35
01/31/2023,AHN,GA,ASO,ES,Federal Contract Tower,0,8,14,0,22,0,0,0,0,0,0,8,14,0,22,42,0,42,64
02/01/2023,AHN,GA,ASO,ES,Federal Contract Tower,0,4,33,4,41,0,0,29,2,31,0,4,62,6,72,96,8,104,176
02/02/2023,AHN,GA,ASO,ES,Federal Contract Tower,0,3,24,0,27,0,0,0,0,0,0,3,24,0,27,0,0,0,27
02/03/2023,AHN,GA,ASO,ES,Federal Contract Tower,0,34,2,0,36,0,1,56,2,59,0,35,58,2,95,84,0,84,179
02/04/2023,AHN,GA,ASO,ES,Federal Contract Tower,0,1,5,31,37,0,2,52,0,54,0,3,57,31,91,148,0,148,239
02/05/2023,AHN,GA,ASO,ES,Federal Contract Tower,0,7,40,8,55,0,2,27,0,29,0,9,67,8,84,68,0,68,152
02/06/2023,AHN,GA,ASO,ES,Federal Contract Tower,0,2,28,0,30,0,0,58,0,58,0,2,86,0,88,116,0,116,204
02/07/2023,AHN,GA,ASO,ES,Federal Contract Tower,0,5,9,0,14,0,8,60,0,68,0,13,69,0,82,126,0,126,208
02/08/2023,AHN,GA,ASO,ES,Federal Contract Tower,0,0,22,1,23,0,0,44,2,46,0,0,66,3,69,54,0,54,123
02/09/2023,AHN,GA,ASO,ES,Federal Contract Tower,0,8,20,2,30,0,0,4,0,4,0,8,24,2,34,0,0,0,34
02/10/2023,AHN,GA,ASO,ES,Federal Contract Tower,1,4,23,0,28,0,1,37,0,38,1,5,60,0,66,126,0,126,192
02/11/2023,AHN,GA,ASO,ES,Federal Contract Tower,3,2,8,0,13,0,0,8,0,8,3,2,16,0,21,0,0,0,21
02/12/2023,AHN,GA,ASO,ES,Federal Contract Tower,0,4,16,0,20,0,0,1,0,1,0,4,17,0,21,0,0,0,21
02/13/2023,AHN,GA,ASO,ES,Federal Contract Tower,0,4,34,4,42,0,0,52,0,52,0,4,86,4,94,106,0,106,200
02/14/2023,AHN,GA,ASO,ES,Federal Contract Tower,0,3,10,0,13,0,1,63,0,64,0,4,73,0,77,68,0,68,145
02/15/2023,AHN,GA,ASO,ES,Federal Contract Tower,0,2,26,1,29,0,0,16,1,17,0,2,42,2,46,80,0,80,126
02/16/2023,AHN,GA,ASO,ES,Federal Contract Tower,0,2,35,2,39,0,0,22,2,24,0,2,57,4,63,64,0,64,127
02/17/2023,AHN,GA,ASO,ES,Federal Contract Tower,0,4,23,2,29,0,0,13,0,13,0,4,36,2,42,18,0,18,60
02/18/2023,AHN,GA,ASO,ES,Federal Contract Tower,0,2,3,16,21,0,7,69,0,76,0,9,72,16,97,90,0,90,187
02/19/2023,AHN,GA,ASO,ES,Federal Contract Tower,0,4,32,2,38,0,0,61,0,61,0,4,93,2,99,52,0,52,151
02/20/2023,AHN,GA,ASO,ES,Federal Contract Tower,0,2,25,0,27,0,4,35,0,39,0,6,60,0,66,30,0,30,96
02/21/2023,AHN,GA,ASO,ES,Federal Contract Tower,1,2,23,0,26,0,0,27,0,27,1,2,50,0,53,122,0,122,175
02/22/2023,AHN,GA,ASO,ES,Federal Contract Tower,0,5,27,0,32,0,0,21,0,21,0,5,48,0,53,28,0,28,81
02/23/2023,AHN,GA,ASO,ES,Federal Contract Tower,0,3,28,0,31,0,0,27,0,27,0,3,55,0,58,20,0,20,78
02/24/2023,AHN,GA,ASO,ES,Federal Contract Tower,2,12,45,0,59,0,0,30,0,30,2,12,75,0,89,132,0,132,221
02/25/2023,AHN,GA,ASO,ES,Federal Contract Tower,2,2,17,0,21,0,0,0,0,0,2,2,17,0,21,0,0,0,21
02/26/2023,AHN,GA,ASO,ES,Federal Contract Tower,0,14,48,0,62,0,0,27,0,27,0,14,75,0,89,8,0,8,97
02/27/2023,AHN,GA,ASO,ES,Federal Contract Tower,2,3,23,1,29,0,1,13,1,15,2,4,36,2,44,20,0,20,64
02/28/2023,AHN,GA,ASO,ES,Federal Contract Tower,0,4,25,0,29,0,0,79,0,79,0,4,104,0,108,62,0,62,170
03/01/2023,AHN,GA,ASO,ES,Federal Contract Tower,0,6,19,0,25,0,0,15,0,15,0,6,34,0,40,54,0,54,94
03/02/2023,AHN,GA,ASO,ES,Federal Contract Tower,0,3,17,0,20,0,0,6,0,6,0,3,23,0,26,24,0,24,50
03/03/2023,AHN,GA,ASO,ES,Federal Contract Tower,0,6,12,0,18,0,0,0,0,0,0,6,12,0,18,0,0,0,18
03/04/2023,AHN,GA,ASO,ES,Federal Contract Tower,0,3,18,2,23,0,2,67,1,70,0,5,85,3,93,74,6,80,173
03/05/2023,AHN,GA,ASO,ES,Federal Contract Tower,0,6,12,0,18,0,2,69,0,71,0,8,81,0,89,74,0,74,163
03/06/2023,AHN,GA,ASO,ES,Federal Contract Tower,0,2,20,0,22,0,6,57,0,63,0,8,77,0,85,130,0,130,215
03/07/2023,AHN,GA,ASO,ES,Federal Contract Tower,0,3,9,0,12,0,2,62,0,64,0,5,71,0,76,22,0,22,98
03/08/2023,AHN,GA,ASO,ES,Federal Contract Tower,0,2,14,0,16,0,2,81,0,83,0,4,95,0,99,104,0,104,203
03/09/2023,AHN,GA,ASO,ES,Federal Contract Tower,0,3,33,0,36,0,6,44,0,50,0,9,77,0,86,46,0,46,132
03/10/2023,AHN,GA,ASO,ES,Federal Contract Tower,0,1,12,0,13,0,0,9,0,9,0,1,21,0,22,6,0,6,28
03/11/2023,AHN,GA,ASO,ES,Federal Contract Tower,0,8,17,0,25,0,0,64,4,68,0,8,81,4,93,72,2,74,167
03/12/2023,AHN,GA,ASO,ES,Federal Contract Tower,0,6,11,0,17,0,0,0,0,0,0,6,11,0,17,0,0,0,17
03/13/2023,AHN,GA,ASO,ES,Federal Contract Tower,0,1,17,0,18,0,0,37,0,37,0,1,54,0,55,54,2,56,111
03/14/2023,AHN,GA,ASO,ES,Federal Contract Tower,0,5,22,0,27,0,3,51,0,54,0,8,73,0,81,46,0,46,127
03/15/2023,AHN,GA,ASO,ES,Federal Contract Tower,2,5,22,0,29,0,2,70,0,72,2,7,92,0,101,48,0,48,149
03/16/2023,AHN,GA,ASO,ES,Federal Contract Tower,0,2,35,4,41,0,5,68,2,75,0,7,103,6,116,34,20,54,170
03/17/2023,AHN,GA,ASO,ES,Federal Contract Tower,0,9,19,0,28,0,0,0,0,0,0,9,19,0,28,0,0,0,28
03/18/2023,AHN,GA,ASO,ES,Federal Contract Tower,0,2,11,0,13,0,0,40,0,40,0,2,51,0,53,36,0,36,89
03/19/2023,AHN,GA,ASO,ES,Federal Contract Tower,0,9,26,0,35,0,7,21,0,28,0,16,47,0,63,66,0,66,129
03/20/2023,AHN,GA,ASO,ES,Federal Contract Tower,1,7,19,0,27,0,7,66,0,73,1,14,85,0,100,96,0,96,196
03/21/2023,AHN,GA,ASO,ES,Federal Contract Tower,0,0,21,2,23,0,2,55,2,59,0,2,76,4,82,170,0,170,252
03/22/2023,AHN,GA,ASO,ES,Federal Contract Tower,0,7,24,3,34,0,1,19,0,20,0,8,43,3,54,70,0,70,124
03/23/2023,AHN,GA,ASO,ES,Federal Contract Tower,0,1,15,2,18,0,0,28,0,28,0,1,43,2,46,76,0,76,122
03/24/2023,AHN,GA,ASO,ES,Federal Contract Tower,0,7,22,0,29,0,0,59,0,59,0,7,81,0,88,44,0,44,132
03/25/2023,AHN,GA,ASO,ES,Federal Contract Tower,0,2,8,3,13,0,0,13,0,13,0,2,21,3,26,40,0,40,66
03/26/2023,AHN,GA,ASO,ES,Federal Contract Tower,0,2,19,1,22,0,0,1,0,1,0,2,20,1,23,2,0,2,25
03/27/2023,AHN,GA,ASO,ES,Federal Contract Tower,0,3,17,1,21,0,2,12,0,14,0,5,29,1,35,48,0,48,83
03/28/2023,AHN,GA,ASO,ES,Federal Contract Tower,0,5,30,3,38,0,2,51,5,58,0,7,81,8,96,56,2,58,154
03/29/2023,AHN,GA,ASO,ES,Federal Contract Tower,0,3,19,4,26,0,6,76,1,83,0,9,95,5,109,50,0,50,159
03/30/2023,AHN,GA,ASO,ES,Federal Contract Tower,0,2,23,2,27,0,4,69,2,75,0,6,92,4,102,66,0,66,168
03/31/2023,AHN,GA,ASO,ES,Federal Contract Tower,0,3,29,6,38,0,0,44,0,44,0,3,73,6,82,10,0,10,92
04/01/2023,AHN,GA,ASO,ES,Federal Contract Tower,0,6,8,2,16,0,0,4,0,4,0,6,12,2,20,0,0,0,20
04/02/2023,AHN,GA,ASO,ES,Federal Contract Tower,0,8,35,0,43,0,4,46,2,52,0,12,81,2,95,144,0,144,239
04/03/2023,AHN,GA,ASO,ES,Federal Contract Tower,0,1,19,0,20,0,0,10,0,10,0,1,29,0,30,48,0,48,78
04/04/2023,AHN,GA,ASO,ES,Federal Contract Tower,0,0,28,0,28,0,0,14,0,14,0,0,42,0,42,10,0,10,52
04/05/2023,AHN,GA,ASO,ES,Federal Contract Tower,0,6,38,0,44,0,0,63,0,63,0,6,101,0,107,96,0,96,203
04/06/2023,AHN,GA,ASO,ES,Federal Contract Tower,0,13,29,0,42,0,1,32,2,35,0,14,61,2,77,68,0,68,145
04/07/2023,AHN,GA,ASO,ES,Federal Contract Tower,0,0,18,0,18,0,0,2,0,2,0,0,20,0,20,4,0,4,24
04/08/2023,AHN,GA,ASO,ES,Federal Contract Tower,0,13,3,0,16,0,0,1,0,1,0,13,4,0,17,0,0,0,17
04/09/2023,AHN,GA,ASO,ES,Federal Contract Tower,0,12,12,0,24,0,0,8,0,8,0,12,20,0,32,20,0,20,52
04/10/2023,AHN,GA,ASO,ES,Federal Contract Tower,0,6,32,0,38,0,4,53,0,57,0,10,85,0,95,74,0,74,169
04/11/2023,AHN,GA,ASO,ES,Federal Contract Tower,0,0,14,0,14,0,4,88,0,92,0,4,102,0,106,162,0,162,268
04/12/2023,AHN,GA,ASO,ES,Federal Contract Tower,0,7,25,0,32,0,2,64,0,66,0,9,89,0,98,124,0,124,222
04/13/2023,AHN,GA,ASO,ES,Federal Contract Tower,0,9,30,0,39,0,2,26,0,28,0,11,56,0,67,28,0,28,95
04/14/2023,AHN,GA,ASO,ES,Federal Contract Tower,0,5,20,3,28,0,0,7,2,9,0,5,27,5,37,0,0,0,37
04/15/2023,AHN,GA,ASO,ES,Federal Contract Tower,0,7,25,1,33,0,0,63,0,63,0,7,88,1,96,60,0,60,156
04/16/2023,AHN,GA,ASO,ES,Federal Contract Tower,0,10,27,8,45,0,0,13,0,13,0,10,40,8,58,48,0,48,106
04/17/2023,AHN,GA,ASO,ES,Federal Contract Tower,0,6,27,11,44,0,3,23,2,28,0,9,50,13,72,14,2,16,88
04/18/2023,AHN,GA,ASO,ES,Federal Contract Tower,0,1,24,0,25,0,0,71,2,73,0,1,95,2,98,108,0,108,206
04/19/2023,AHN,GA,ASO,ES,Federal Contract Tower,0,5,28,1,34,0,5,63,1,69,0,10,91,2,103,96,0,96,199
04/20/2023,AHN,GA,ASO,ES,Federal Contract Tower,0,2,23,0,25,0,8,94,0,102,0,10,117,0,127,112,2,114,241
04/21/2023,AHN,GA,ASO,ES,Federal Contract Tower,0,7,20,1,28,0,0,69,0,69,0,7,89,1,97,18,0,18,115
04/22/2023,AHN,GA,ASO,ES,Federal Contract Tower,2,4,20,0,26,0,0,28,0,28,2,4,48,0,54,8,0,8,62
04/23/2023,AHN,GA,ASO,ES,Federal Contract Tower,0,18,24,0,42,0,0,56,0,56,0,18,80,0,98,42,0,42,140
04/24/2023,AHN,GA,ASO,ES,Federal Contract Tower,0,6,29,0,35,0,4,40,0,44,0,10,69,0,79,58,0,58,137
04/25/2023,AHN,GA,ASO,ES,Federal Contract Tower,0,4,24,0,28,0,4,52,0,56,0,8,76,0,84,54,0,54,138
04/26/2023,AHN,GA,ASO,ES,Federal Contract Tower,0,1,19,0,20,0,0,7,0,7,0,1,26,0,27,10,0,10,37
04/27/2023,AHN,GA,ASO,ES,Federal Contract Tower,0,4,19,0,23,0,0,0,0,0,0,4,19,0,23,0,0,0,23
04/28/2023,AHN,GA,ASO,ES,Federal Contract Tower,0,4,25,2,31,0,1,20,22,43,0,5,45,24,74,34,0,34,108
04/29/2023,AHN,GA,ASO,ES,Federal Contract Tower,0,5,10,0,15,0,0,70,0,70,0,5,80,0,85,80,0,80,165
04/30/2023,AHN,GA,ASO,ES,Federal Contract Tower,0,4,13,0,17,0,0,4,0,4,0,4,17,0,21,0,0,0,21
05/01/2023,AHN,GA,ASO,ES,Federal Contract Tower,0,2,9,0,11,0,2,39,0,41,0,4,48,0,52,6,0,6,58
05/02/2023,AHN,GA,ASO,ES,Federal Contract Tower,0,1,14,0,15,0,0,26,0,26,0,1,40,0,41,22,0,22,63
05/03/2023,AHN,GA,ASO,ES,Federal Contract Tower,0,5,11,0,16,0,3,18,0,21,0,8,29,0,37,6,0,6,43
05/04/2023,AHN,GA,ASO,ES,Federal Contract Tower,0,5,34,0,39,0,0,75,0,75,0,5,109,0,114,62,0,62,176
05/05/2023,AHN,GA,ASO,ES,Federal Contract Tower,0,10,18,2,30,0,1,25,2,28,0,11,43,4,58,20,0,20,78
05/06/2023,AHN,GA,ASO,ES,Federal Contract Tower,0,4,23,0,27,0,0,37,0,37,0,4,60,0,64,98,0,98,162
05/07/2023,AHN,GA,ASO,ES,Federal Contract Tower,0,9,27,0,36,0,4,32,1,37,0,13,59,1,73,86,0,86,159
05/08/2023,AHN,GA,ASO,ES,Federal Contract Tower,0,6,23,0,29,0,3,15,0,18,0,9,38,0,47,16,0,16,63
05/09/2023,AHN,GA,ASO,ES,Federal Contract Tower,0,8,26,2,36,0,0,26,6,32,0,8,52,8,68,36,0,36,104
05/10/2023,AHN,GA,ASO,ES,Federal Contract Tower,0,14,39,2,55,0,1,44,4,49,0,15,83,6,104,60,0,60,164
05/11/2023,AHN,GA,ASO,ES,Federal Contract Tower,0,16,35,0,51,0,2,39,0,41,0,18,74,0,92,18,0,18,110
05/12/2023,AHN,GA,ASO,ES,Federal Contract Tower,0,8,27,0,35,0,0,7,0,7,0,8,34,0,42,0,0,0,42
05/13/2023,AHN,GA,ASO,ES,Federal Contract Tower,0,8,35,0,43,0,0,12,0,12,0,8,47,0,55,8,0,8,63
05/14/2023,AHN,GA,ASO,ES,Federal Contract Tower,0,16,15,3,34,0,2,34,4,40,0,18,49,7,74,60,0,60,134
05/15/2023,AHN,GA,ASO,ES,Federal Contract Tower,0,8,20,0,28,0,2,33,0,35,0,10,53,0,63,100,0,100,163
05/16/2023,AHN,GA,ASO,ES,Federal Contract Tower,0,3,32,0,35,0,0,12,0,12,0,3,44,0,47,8,0,8,55
05/17/2023,AHN,GA,ASO,ES,Federal Contract Tower,0,10,24,2,36,0,0,11,2,13,0,10,35,4,49,0,0,0,49
05/18/2023,AHN,GA,ASO,ES,Federal Contract Tower,0,2,24,0,26,0,0,0,0,0,0,2,24,0,26,0,0,0,26
05/19/2023,AHN,GA,ASO,ES,Federal Contract Tower,0,11,50,2,63,0,0,26,0,26,0,11,76,2,89,4,0,4,93
05/20/2023,AHN,GA,ASO,ES,Federal Contract Tower,0,7,23,0,30,0,0,22,0,22,0,7,45,0,52,20,0,20,72
05/21/2023,AHN,GA,ASO,ES,Federal Contract Tower,0,9,15,0,24,0,0,29,0,29,0,9,44,0,53,28,0,28,81
05/22/2023,AHN,GA,ASO,ES,Federal Contract Tower,0,14,21,0,35,0,2,20,0,22,0,16,41,0,57,44,0,44,101
05/23/2023,AHN,GA,ASO,ES,Federal Contract Tower,0,4,16,0,20,0,1,22,0,23,0,5,38,0,43,32,0,32,75
05/24/2023,AHN,GA,ASO,ES,Federal Contract Tower,0,6,28,2,36,0,8,57,0,65,0,14,85,2,101,40,0,40,141
05/25/2023,AHN,GA,ASO,ES,Federal Contract Tower,0,2,17,0,19,0,3,55,0,58,0,5,72,0,77,54,0,54,131
05/26/2023,AHN,GA,ASO,ES,Federal Contract Tower,0,1,21,0,22,0,0,25,0,25,0,1,46,0,47,20,0,20,67
05/27/2023,AHN,GA,ASO,ES,Federal Contract Tower,0,2,3,0,5,0,0,13,0,13,0,2,16,0,18,0,0,0,18
05/28/2023,AHN,GA,ASO,ES,Federal Contract Tower,0,5,4,0,9,0,0,8,0,8,0,5,12,0,17,1,0,1,18
05/29/2023,AHN,GA,ASO,ES,Federal Contract Tower,0,12,28,0,40,0,2,48,0,50,0,14,76,0,90,74,0,74,164
05/30/2023,AHN,GA,ASO,ES,Federal Contract Tower,0,4,16,0,20,0,2,30,0,32,0,6,46,0,52,80,0,80,132
06/01/2023,AHN,GA,ASO,ES,Federal Contract Tower,0,2,26,0,28,0,1,49,0,50,0,3,75,0,78,16,0,16,94
06/02/2023,AHN,GA,ASO,ES,Federal Contract Tower,0,8,11,3,22,0,0,41,1,42,0,8,52,4,64,36,0,36,100
06/03/2023,AHN,GA,ASO,ES,Federal Contract Tower,0,4,11,2,17,0,0,60,5,65,0,4,71,7,82,62,0,62,144
06/04/2023,AHN,GA,ASO,ES,Federal Contract Tower,0,3,8,1,12,0,0,20,7,27,0,3,28,8,39,34,0,34,73
06/05/2023,AHN,GA,ASO,ES,Federal Contract Tower,0,0,18,1,19,0,0,16,0,16,0,0,34,1,35,20,0,20,55
06/06/2023,AHN,GA,ASO,ES,Federal Contract Tower,0,4,22,3,29,0,1,47,2,50,0,5,69,5,79,78,0,78,157
06/07/2023,AHN,GA,ASO,ES,Federal Contract Tower,0,12,14,0,26,0,5,63,0,68,0,17,77,0,94,52,0,52,146
06/08/2023,AHN,GA,ASO,ES,Federal Contract Tower,0,1,13,0,14,0,0,43,0,43,0,1,56,0,57,122,0,122,179
06/09/2023,AHN,GA,ASO,ES,Federal Contract Tower,0,2,20,2,24,0,0,42,0,42,0,2,62,2,66,84,0,84,150
06/10/2023,AHN,GA,ASO,ES,Federal Contract Tower,0,0,19,0,19,0,0,46,0,46,0,0,65,0,65,66,0,66,131
06/11/2023,AHN,GA,ASO,ES,Federal Contract Tower,0,0,17,0,17,0,0,1,0,1,0,0,18,0,18,0,0,0,18
06/12/2023,AHN,GA,ASO,ES,Federal Contract Tower,0,5,16,0,21,0,2,10,0,12,0,7,26,0,33,22,0,22,55
06/13/2023,AHN,GA,ASO,ES,Federal Contract Tower,0,1,18,0,19,0,0,61,0,61,0,1,79,0,80,100,0,100,180
06/14/2023,AHN,GA,ASO,ES,Federal Contract Tower,0,4,18,0,22,0,0,3,0,3,0,4,21,0,25,0,0,0,25
06/15/2023,AHN,GA,ASO,ES,Federal Contract Tower,0,5,26,0,31,0,0,19,0,19,0,5,45,0,50,64,16,80,130
06/16/2023,AHN,GA,ASO,ES,Federal Contract Tower,0,2,18,5,25,0,0,35,2,37,0,2,53,7,62,18,0,18,80
06/17/2023,AHN,GA,ASO,ES,Federal Contract Tower,0,0,23,0,23,0,0,52,0,52,0,0,75,0,75,40,0,40,115
06/18/2023,AHN,GA,ASO,ES,Federal Contract Tower,0,0,16,4,20,0,0,42,0,42,0,0,58,4,62,46,0,46,108
06/19/2023,AHN,GA,ASO,ES,Federal Contract Tower,0,2,8,0,10,0,0,3,0,3,0,2,11,0,13,0,0,0,13
06/20/2023,AHN,GA,ASO,ES,Federal Contract Tower,0,0,23,0,23,0,0,5,0,5,0,0,28,0,28,20,0,20,48
06/21/2023,AHN,GA,ASO,ES,Federal Contract Tower,0,3,7,0,10,0,0,0,0,0,0,3,7,0,10,0,0,0,10
06/23/2023,AHN,GA,ASO,ES,Federal Contract Tower,0,4,32,0,36,0,4,22,0,26,0,8,54,0,62,28,0,28,90
06/24/2023,AHN,GA,ASO,ES,Federal Contract Tower,0,5,9,0,14,0,7,55,0,62,0,12,64,0,76,50,0,50,126
06/25/2023,AHN,GA,ASO,ES,Federal Contract Tower,0,7,27,0,34,0,4,20,0,24,0,11,47,0,58,26,0,26,84
06/26/2023,AHN,GA,ASO,ES,Federal Contract Tower,0,4,27,2,33,0,0,47,0,47,0,4,74,2,80,22,0,22,102
06/27/2023,AHN,GA,ASO,ES,Federal Contract Tower,0,3,23,0,26,0,0,45,0,45,0,3,68,0,71,82,0,82,153
06/28/2023,AHN,GA,ASO,ES,Federal Contract Tower,0,3,29,0,32,0,0,59,0,59,0,3,88,0,91,60,0,60,151
06/29/2023,AHN,GA,ASO,ES,Federal Contract Tower,0,4,24,0,28,0,0,60,1,61,0,4,84,1,89,110,0,110,199
06/30/2023,AHN,GA,ASO,ES,Federal Contract Tower,0,6,21,0,27,0,0,23,0,23,0,6,44,0,50,28,0,28,78
07/01/2023,AHN,GA,ASO,ES,Federal Contract Tower,0,4,7,0,11,0,2,29,0,31,0,6,36,0,42,82,0,82,124
07/02/2023,AHN,GA,ASO,ES,Federal Contract Tower,0,3,6,0,9,0,0,20,0,20,0,3,26,0,29,8,0,8,37
07/03/2023,AHN,GA,ASO,ES,Federal Contract Tower,0,1,19,0,20,0,0,33,0,33,0,1,52,0,53,56,0,56,109
07/04/2023,AHN,GA,ASO,ES,Federal Contract Tower,0,0,7,0,7,0,0,15,0,15,0,0,22,0,22,56,0,56,78
07/05/2023,AHN,GA,ASO,ES,Federal Contract Tower,0,12,25,2,39,0,5,17,8,30,0,17,42,10,69,44,0,44,113
07/06/2023,AHN,GA,ASO,ES,Federal Contract Tower,0,4,26,0,30,0,2,57,0,59,0,6,83,0,89,30,0,30,119
07/07/2023,AHN,GA,ASO,ES,Federal Contract Tower,0,2,24,1,27,0,0,28,2,30,0,2,52,3,57,68,6,74,131
07/08/2023,AHN,GA,ASO,ES,Federal Contract Tower,0,4,26,0,30,0,5,54,1,60,0,9,80,1,90,104,0,104,194
07/09/2023,AHN,GA,ASO,ES,Federal Contract Tower,0,4,31,0,35,0,0,28,0,28,0,4,59,0,63,44,0,44,107
07/10/2023,AHN,GA,ASO,ES,Federal Contract Tower,0,9,14,0,23,0,0,20,0,20,0,9,34,0,43,20,0,20,63
07/11/2023,AHN,GA,ASO,ES,Federal Contract Tower,0,3,23,0,26,0,0,68,1,69,0,3,91,1,95,86,0,86,181
07/12/2023,AHN,GA,ASO,ES,Federal Contract Tower,0,16,23,0,39,0,5,48,0,53,0,21,71,0,92,54,0,54,146
07/13/2023,AHN,GA,ASO,ES,Federal Contract Tower,0,4,26,0,30,0,0,42,0,42,0,4,68,0,72,22,10,32,104
07/14/2023,AHN,GA,ASO,ES,Federal Contract Tower,0,9,42,4,55,0,1,27,0,28,0,10,69,4,83,36,0,36,119
07/15/2023,AHN,GA,ASO,ES,Federal Contract Tower,0,1,28,0,29,0,1,41,0,42,0,2,69,0,71,46,0,46,117
07/16/2023,AHN,GA,ASO,ES,Federal Contract Tower,0,2,16,2,20,0,0,44,2,46,0,2,60,4,66,90,0,90,156
07/17/2023,AHN,GA,ASO,ES,Federal Contract Tower,0,4,19,4,27,0,1,38,0,39,0,5,57,4,66,64,0,64,130
07/18/2023,AHN,GA,ASO,ES,Federal Contract Tower,0,2,33,0,35,0,0,31,0,31,0,2,64,0,66,52,0,52,118
07/19/2023,AHN,GA,ASO,ES,Federal Contract Tower,0,4,8,0,12,0,0,46,1,47,0,4,54,1,59,52,0,52,111
07/20/2023,AHN,GA,ASO,ES,Federal Contract Tower,0,4,26,0,30,0,0,48,1,49,0,4,74,1,79,60,0,60,139
07/21/2023,AHN,GA,ASO,ES,Federal Contract Tower,0,3,21,0,24,0,2,26,0,28,0,5,47,0,52,42,0,42,94
07/22/2023,AHN,GA,ASO,ES,Federal Contract Tower,0,0,14,2,16,0,3,35,0,38,0,3,49,2,54,42,0,42,96
07/23/2023,AHN,GA,ASO,ES,Federal Contract Tower,0,0,14,3,17,0,3,36,0,39,0,3,50,3,56,18,0,18,74
07/24/2023,AHN,GA,ASO,ES,Federal Contract Tower,0,0,8,0,8,0,0,37,0,37,0,0,45,0,45,60,0,60,105
07/25/2023,AHN,GA,ASO,ES,Federal Contract Tower,0,6,19,7,32,0,0,48,1,49,0,6,67,8,81,72,0,72,153
07/26/2023,AHN,GA,ASO,ES,Federal Contract Tower,0,3,13,0,16,0,13,57,0,70,0,16,70,0,86,44,0,44,130
07/27/2023,AHN,GA,ASO,ES,Federal Contract Tower,0,9,22,2,33,0,2,43,0,45,0,11,65,2,78,82,0,82,160
07/28/2023,AHN,GA,ASO,ES,Federal Contract Tower,0,11,18,6,35,0,2,48,0,50,0,13,66,6,85,46,0,46,131
07/29/2023,AHN,GA,ASO,ES,Federal Contract Tower,0,7,18,2,27,0,5,35,1,41,0,12,53,3,68,22,6,28,96
07/30/2023,AHN,GA,ASO,ES,Federal Contract Tower,0,7,15,2,24,0,5,28,0,33,0,12,43,2,57,16,0,16,73
07/31/2023,AHN,GA,ASO,ES,Federal Contract Tower,0,1,17,1,19,0,0,54,1,55,0,1,71,2,74,52,0,52,126
08/01/2023,AHN,GA,ASO,ES,Federal Contract Tower,0,3,13,2,18,0,0,40,0,40,0,3,53,2,58,70,0,70,128
08/02/2023,AHN,GA,ASO,ES,Federal Contract Tower,0,0,22,0,22,0,0,17,0,17,0,0,39,0,39,16,0,16,55
08/03/2023,AHN,GA,ASO,ES,Federal Contract Tower,0,2,19,2,23,0,0,12,0,12,0,2,31,2,35,8,0,8,43
08/04/2023,AHN,GA,ASO,ES,Federal Contract Tower,0,3,30,0,33,0,1,17,3,21,0,4,47,3,54,22,0,22,76
08/05/2023,AHN,GA,ASO,ES,Federal Contract Tower,0,1,7,0,8,0,5,69,0,74,0,6,76,0,82,82,0,82,164
08/06/2023,AHN,GA,ASO,ES,Federal Contract Tower,0,2,17,0,19,0,0,19,4,23,0,2,36,4,42,4,0,4,46
08/07/2023,AHN,GA,ASO,ES,Federal Contract Tower,0,3,17,2,22,0,0,28,0,28,0,3,45,2,50,40,0,40,90
08/08/2023,AHN,GA,ASO,ES,Federal Contract Tower,0,0,32,3,35,0,0,59,1,60,0,0,91,4,95,34,0,34,129
08/09/2023,AHN,GA,ASO,ES,Federal Contract Tower,0,5,20,0,25,0,0,60,2,62,0,5,80,2,87,86,0,86,173
08/10/2023,AHN,GA,ASO,ES,Federal Contract Tower,0,10,24,0,34,0,3,19,0,22,0,13,43,0,56,30,0,30,86
08/11/2023,AHN,GA,ASO,ES,Federal Contract Tower,0,5,19,0,24,0,1,18,0,19,0,6,37,0,43,24,0,24,67
08/12/2023,AHN,GA,ASO,ES,Federal Contract Tower,0,15,39,0,54,0,2,39,0,41,0,17,78,0,95,12,0,12,107
08/13/2023,AHN,GA,ASO,ES,Federal Contract Tower,0,1,18,2,21,0,0,31,2,33,0,1,49,4,54,36,0,36,90
08/14/2023,AHN,GA,ASO,ES,Federal Contract Tower,0,8,21,0,29,0,0,49,0,49,0,8,70,0,78,76,0,76,154
08/15/2023,AHN,GA,ASO,ES,Federal Contract Tower,0,2,22,0,24,0,0,33,0,33,0,2,55,0,57,30,0,30,87
08/16/2023,AHN,GA,ASO,ES,Federal Contract Tower,0,5,23,2,30,0,0,74,0,74,0,5,97,2,104,86,0,86,190
08/17/2023,AHN,GA,ASO,ES,Federal Contract Tower,0,1,23,1,25,0,1,73,0,74,0,2,96,1,99,76,0,76,175
08/18/2023,AHN,GA,ASO,ES,Federal Contract Tower,0,4,17,0,21,0,5,62,0,67,0,9,79,0,88,70,0,70,158
08/19/2023,AHN,GA,ASO,ES,Federal Contract Tower,0,1,10,0,11,0,0,2,0,2,0,1,12,0,13,40,0,40,53
08/20/2023,AHN,GA,ASO,ES,Federal Contract Tower,0,6,15,2,23,0,2,39,2,43,0,8,54,4,66,34,12,46,112
08/21/2023,AHN,GA,ASO,ES,Federal Contract Tower,0,0,29,0,29,0,0,36,0,36,0,0,65,0,65,52,0,52,117
08/22/2023,AHN,GA,ASO,ES,Federal Contract Tower,0,0,15,3,18,0,0,49,5,54,0,0,64,8,72,46,26,72,144
08/23/2023,AHN,GA,ASO,ES,Federal Contract Tower,0,2,20,0,22,0,4,63,0,67,0,6,83,0,89,38,0,38,127
08/24/2023,AHN,GA,ASO,ES,Federal Contract Tower,0,0,25,4,29,0,8,56,0,64,0,8,81,4,93,34,0,34,127
08/25/2023,AHN,GA,ASO,ES,Federal Contract Tower,0,0,29,4,33,0,7,41,4,52,0,7,70,8,85,48,0,48,133
08/26/2023,AHN,GA,ASO,ES,Federal Contract Tower,0,3,11,0,14,0,3,67,0,70,0,6,78,0,84,18,0,18,102
08/27/2023,AHN,GA,ASO,ES,Federal Contract Tower,0,0,26,2,28,0,2,36,6,44,0,2,62,8,72,18,0,18,90
08/28/2023,AHN,GA,ASO,ES,Federal Contract Tower,0,3,26,2,31,0,0,15,1,16,0,3,41,3,47,22,0,22,69
08/30/2023,AHN,GA,ASO,ES,Federal Contract Tower,0,0,2,0,2,0,0,0,0,0,0,0,2,0,2,0,0,0,2
