01/01/2000,AKN,AK,AAL,WE,Federal Contract Tower,0,0,0,0,0,1,0,0,0,1,1,0,0,0,1,0,0,0,1
01/02/2000,AKN,AK,AAL,WE,Federal Contract Tower,4,12,1,0,17,1,23,3,0,27,5,35,4,0,44,0,0,0,44
01/03/2000,AKN,AK,AAL,WE,Federal Contract Tower,0,9,0,0,9,0,17,0,0,17,0,26,0,0,26,0,0,0,26
01/04/2000,AKN,AK,AAL,WE,Federal Contract Tower,3,9,1,0,13,3,17,1,3,24,6,26,2,3,37,0,6,6,43
01/05/2000,AKN,AK,AAL,WE,Federal Contract Tower,2,13,0,0,15,0,29,5,0,34,2,42,5,0,49,0,0,0,49
01/06/2000,AKN,AK,AAL,WE,Federal Contract Tower,4,20,0,2,26,0,0,0,0,0,4,20,0,2,26,0,4,4,30
01/07/2000,AKN,AK,AAL,WE,Federal Contract Tower,4,18,0,0,22,0,29,0,0,29,4,47,0,0,51,0,0,0,51
01/08/2000,AKN,AK,AAL,WE,Federal Contract Tower,4,16,0,0,20,0,11,1,0,12,4,27,1,0,32,0,0,0,32
01/09/2000,AKN,AK,AAL,WE,Federal Contract Tower,3,13,0,0,16,1,19,0,0,20,4,32,0,0,36,0,0,0,36
01/10/2000,AKN,AK,AAL,WE,Federal Contract Tower,0,11,0,0,11,0,29,2,0,31,0,40,2,0,42,1,0,1,43
01/11/2000,AKN,AK,AAL,WE,Federal Contract Tower,5,17,0,0,22,2,22,5,2,31,7,39,5,2,53,0,0,0,53
01/12/2000,AKN,AK,AAL,WE,Federal Contract Tower,2,14,0,0,16,0,36,4,2,42,2,50,4,2,58,6,0,6,64
01/13/2000,AKN,AK,AAL,WE,Federal Contract Tower,4,13,0,0,17,0,31,2,0,33,4,44,2,0,50,4,2,6,56
01/14/2000,AKN,AK,AAL,WE,Federal Contract Tower,4,24,0,0,28,0,7,0,0,7,4,31,0,0,35,0,0,0,35
01/15/2000,AKN,AK,AAL,WE,Federal Contract Tower,5,17,0,0,22,1,14,4,0,19,6,31,4,0,41,12,0,12,53
01/16/2000,AKN,AK,AAL,WE,Federal Contract Tower,2,15,0,0,17,0,22,4,0,26,2,37,4,0,43,4,0,4,47
01/17/2000,AKN,AK,AAL,WE,Federal Contract Tower,0,11,0,0,11,0,15,0,0,15,0,26,0,0,26,0,0,0,26
01/18/2000,AKN,AK,AAL,WE,Federal Contract Tower,4,16,0,0,20,2,24,4,0,30,6,40,4,0,50,0,0,0,50
01/19/2000,AKN,AK,AAL,WE,Federal Contract Tower,2,18,0,0,20,0,25,0,0,25,2,43,0,0,45,0,0,0,45
01/20/2000,AKN,AK,AAL,WE,Federal Contract Tower,4,21,0,0,25,2,28,3,0,33,6,49,3,0,58,0,0,0,58
01/21/2000,AKN,AK,AAL,WE,Federal Contract Tower,4,21,0,0,25,2,4,0,0,6,6,25,0,0,31,0,0,0,31
01/22/2000,AKN,AK,AAL,WE,Federal Contract Tower,4,14,0,0,18,1,20,0,0,21,5,34,0,0,39,0,0,0,39
01/23/2000,AKN,AK,AAL,WE,Federal Contract Tower,3,13,0,0,16,1,4,0,0,5,4,17,0,0,21,0,0,0,21
01/24/2000,AKN,AK,AAL,WE,Federal Contract Tower,0,7,0,0,7,0,32,2,2,36,0,39,2,2,43,8,0,8,51
01/25/2000,AKN,AK,AAL,WE,Federal Contract Tower,3,19,0,3,25,5,30,1,1,37,8,49,1,4,62,0,0,0,62
01/26/2000,AKN,AK,AAL,WE,Federal Contract Tower,5,17,0,0,22,1,21,8,0,30,6,38,8,0,52,15,0,15,67
01/27/2000,AKN,AK,AAL,WE,Federal Contract Tower,2,16,0,0,18,0,3,0,0,3,2,19,0,0,21,0,0,0,21
01/28/2000,AKN,AK,AAL,WE,Federal Contract Tower,3,19,0,2,24,5,22,0,0,27,8,41,0,2,51,0,0,0,51
01/29/2000,AKN,AK,AAL,WE,Federal Contract Tower,4,14,0,0,18,2,12,3,5,22,6,26,3,5,40,0,0,0,40
01/30/2000,AKN,AK,AAL,WE,Federal Contract Tower,4,16,0,0,20,4,10,0,0,14,8,26,0,0,34,8,0,8,42
01/31/2000,AKN,AK,AAL,WE,Federal Contract Tower,0,4,0,0,4,0,30,4,0,34,0,34,4,0,38,0,0,0,38
02/01/2000,AKN,AK,AAL,WE,Federal Contract Tower,0,2,0,0,2,0,3,0,0,3,0,5,0,0,5,0,0,0,5
02/02/2000,AKN,AK,AAL,WE,Federal Contract Tower,0,1,0,0,1,0,11,0,0,11,0,12,0,0,12,0,0,0,12
02/03/2000,AKN,AK,AAL,WE,Federal Contract Tower,5,12,1,0,18,0,31,1,0,32,5,43,2,0,50,0,0,0,50
02/04/2000,AKN,AK,AAL,WE,Federal Contract Tower,4,9,1,0,14,4,40,5,0,49,8,49,6,0,63,0,0,0,63
02/05/2000,AKN,AK,AAL,WE,Federal Contract Tower,4,7,1,0,12,2,30,6,0,38,6,37,7,0,50,0,0,0,50
02/06/2000,AKN,AK,AAL,WE,Federal Contract Tower,2,2,1,0,5,0,0,3,0,3,2,2,4,0,8,0,0,0,8
02/07/2000,AKN,AK,AAL,WE,Federal Contract Tower,0,5,1,0,6,0,14,2,0,16,0,19,3,0,22,2,0,2,24
02/08/2000,AKN,AK,AAL,WE,Federal Contract Tower,5,12,1,0,18,3,29,1,0,33,8,41,2,0,51,6,4,10,61
02/09/2000,AKN,AK,AAL,WE,Federal Contract Tower,4,9,1,0,14,0,33,6,2,41,4,42,7,2,55,0,0,0,55
02/10/2000,AKN,AK,AAL,WE,Federal Contract Tower,3,7,0,0,10,1,25,2,2,30,4,32,2,2,40,2,0,2,42
02/11/2000,AKN,AK,AAL,WE,Federal Contract Tower,3,7,0,0,10,1,38,1,0,40,4,45,1,0,50,0,0,0,50
02/12/2000,AKN,AK,AAL,WE,Federal Contract Tower,4,9,0,0,13,0,35,5,0,40,4,44,5,0,53,0,0,0,53
02/13/2000,AKN,AK,AAL,WE,Federal Contract Tower,3,8,0,0,11,1,13,1,0,15,4,21,1,0,26,2,0,2,28
02/14/2000,AKN,AK,AAL,WE,Federal Contract Tower,0,6,0,0,6,0,50,8,0,58,0,56,8,0,64,0,0,0,64
02/15/2000,AKN,AK,AAL,WE,Federal Contract Tower,5,16,0,0,21,7,30,1,0,38,12,46,1,0,59,14,0,14,73
02/16/2000,AKN,AK,AAL,WE,Federal Contract Tower,4,12,0,0,16,0,32,3,4,39,4,44,3,4,55,0,0,0,55
02/17/2000,AKN,AK,AAL,WE,Federal Contract Tower,2,8,0,0,10,0,26,0,0,26,2,34,0,0,36,0,0,0,36
02/18/2000,AKN,AK,AAL,WE,Federal Contract Tower,5,16,0,0,21,1,39,2,0,42,6,55,2,0,63,0,0,0,63
02/19/2000,AKN,AK,AAL,WE,Federal Contract Tower,5,16,0,0,21,1,13,1,0,15,6,29,1,0,36,0,0,0,36
02/20/2000,AKN,AK,AAL,WE,Federal Contract Tower,2,14,0,0,16,0,10,0,0,10,2,24,0,0,26,0,0,0,26
02/21/2000,AKN,AK,AAL,WE,Federal Contract Tower,0,7,0,0,7,0,20,2,0,22,0,27,2,0,29,0,0,0,29
02/22/2000,AKN,AK,AAL,WE,Federal Contract Tower,5,18,0,2,25,0,12,3,0,15,5,30,3,2,40,0,0,0,40
02/23/2000,AKN,AK,AAL,WE,Federal Contract Tower,5,10,0,0,15,1,34,7,2,44,6,44,7,2,59,6,0,6,65
02/24/2000,AKN,AK,AAL,WE,Federal Contract Tower,4,9,0,0,13,0,19,2,0,21,4,28,2,0,34,0,0,0,34
02/25/2000,AKN,AK,AAL,WE,Federal Contract Tower,5,13,0,0,18,1,46,9,3,59,6,59,9,3,77,0,0,0,77
02/26/2000,AKN,AK,AAL,WE,Federal Contract Tower,4,16,0,3,23,0,23,6,0,29,4,39,6,3,52,0,10,10,62
02/27/2000,AKN,AK,AAL,WE,Federal Contract Tower,4,8,0,0,12,0,9,1,0,10,4,17,1,0,22,0,0,0,22
02/28/2000,AKN,AK,AAL,WE,Federal Contract Tower,0,8,0,0,8,0,26,14,2,42,0,34,14,2,50,10,20,30,80
02/29/2000,AKN,AK,AAL,WE,Federal Contract Tower,6,14,0,0,20,4,33,7,0,44,10,47,7,0,64,4,0,4,68
03/01/2000,AKN,AK,AAL,WE,Federal Contract Tower,2,12,1,1,16,0,48,4,0,52,2,60,5,1,68,0,0,0,68
03/02/2000,AKN,AK,AAL,WE,Federal Contract Tower,1,8,1,0,10,5,23,5,0,33,6,31,6,0,43,0,0,0,43
03/03/2000,AKN,AK,AAL,WE,Federal Contract Tower,2,15,1,4,22,4,51,8,0,63,6,66,9,4,85,0,0,0,85
03/04/2000,AKN,AK,AAL,WE,Federal Contract Tower,2,14,1,0,17,2,25,1,0,28,4,39,2,0,45,0,0,0,45
03/05/2000,AKN,AK,AAL,WE,Federal Contract Tower,0,5,1,0,6,2,13,0,0,15,2,18,1,0,21,0,0,0,21
03/06/2000,AKN,AK,AAL,WE,Federal Contract Tower,0,5,1,1,7,0,30,5,0,35,0,35,6,1,42,0,0,0,42
03/07/2000,AKN,AK,AAL,WE,Federal Contract Tower,3,11,0,0,14,3,31,2,0,36,6,42,2,0,50,0,0,0,50
03/08/2000,AKN,AK,AAL,WE,Federal Contract Tower,2,13,0,5,20,0,27,4,7,38,2,40,4,12,58,2,28,30,88
03/09/2000,AKN,AK,AAL,WE,Federal Contract Tower,3,10,0,0,13,2,40,9,0,51,5,50,9,0,64,2,0,2,66
03/10/2000,AKN,AK,AAL,WE,Federal Contract Tower,3,9,0,3,15,1,35,6,1,43,4,44,6,4,58,2,0,2,60
03/11/2000,AKN,AK,AAL,WE,Federal Contract Tower,3,12,0,4,19,1,28,4,0,33,4,40,4,4,52,0,2,2,54
03/12/2000,AKN,AK,AAL,WE,Federal Contract Tower,1,5,0,0,6,1,22,5,0,28,2,27,5,0,34,4,0,4,38
03/13/2000,AKN,AK,AAL,WE,Federal Contract Tower,0,5,0,0,5,0,40,7,0,47,0,45,7,0,52,0,0,0,52
03/14/2000,AKN,AK,AAL,WE,Federal Contract Tower,4,11,0,3,18,2,42,9,5,58,6,53,9,8,76,0,10,10,86
03/15/2000,AKN,AK,AAL,WE,Federal Contract Tower,4,14,0,4,22,0,36,2,6,44,4,50,2,10,66,3,4,7,73
03/16/2000,AKN,AK,AAL,WE,Federal Contract Tower,4,28,0,3,35,0,13,0,0,13,4,41,0,3,48,0,0,0,48
03/17/2000,AKN,AK,AAL,WE,Federal Contract Tower,4,12,0,2,18,2,72,7,2,83,6,84,7,4,101,0,13,13,114
03/18/2000,AKN,AK,AAL,WE,Federal Contract Tower,5,18,0,4,27,1,58,14,2,75,6,76,14,6,102,0,0,0,102
03/19/2000,AKN,AK,AAL,WE,Federal Contract Tower,3,8,0,0,11,1,22,2,0,25,4,30,2,0,36,0,0,0,36
03/20/2000,AKN,AK,AAL,WE,Federal Contract Tower,0,7,0,1,8,0,33,7,9,49,0,40,7,10,57,0,0,0,57
03/21/2000,AKN,AK,AAL,WE,Federal Contract Tower,4,17,0,4,25,2,36,4,0,42,6,53,4,4,67,0,17,17,84
03/22/2000,AKN,AK,AAL,WE,Federal Contract Tower,2,12,0,2,16,0,24,1,8,33,2,36,1,10,49,0,0,0,49
03/23/2000,AKN,AK,AAL,WE,Federal Contract Tower,4,21,0,5,30,0,24,2,12,38,4,45,2,17,68,0,0,0,68
03/24/2000,AKN,AK,AAL,WE,Federal Contract Tower,4,23,0,5,32,0,28,6,2,36,4,51,6,7,68,4,0,4,72
03/25/2000,AKN,AK,AAL,WE,Federal Contract Tower,4,12,0,2,18,2,34,4,5,45,6,46,4,7,63,0,16,16,79
03/26/2000,AKN,AK,AAL,WE,Federal Contract Tower,2,10,0,2,14,0,25,3,2,30,2,35,3,4,44,0,0,0,44
03/27/2000,AKN,AK,AAL,WE,Federal Contract Tower,0,10,0,2,12,0,52,8,12,72,0,62,8,14,84,2,3,5,89
03/28/2000,AKN,AK,AAL,WE,Federal Contract Tower,4,15,0,3,22,2,26,3,4,35,6,41,3,7,57,0,0,0,57
03/29/2000,AKN,AK,AAL,WE,Federal Contract Tower,2,14,0,3,19,0,37,5,12,54,2,51,5,15,73,0,0,0,73
03/30/2000,AKN,AK,AAL,WE,Federal Contract Tower,4,14,0,3,21,0,45,8,5,58,4,59,8,8,79,0,0,0,79
03/31/2000,AKN,AK,AAL,WE,Federal Contract Tower,3,12,0,2,17,1,39,4,4,48,4,51,4,6,65,0,0,0,65
04/01/2000,AKN,AK,AAL,WE,Federal Contract Tower,1,7,1,0,9,3,35,11,2,51,4,42,12,2,60,14,0,14,74
04/02/2000,AKN,AK,AAL,WE,Federal Contract Tower,0,7,1,2,10,2,27,5,1,35,2,34,6,3,45,0,0,0,45
04/03/2000,AKN,AK,AAL,WE,Federal Contract Tower,0,10,0,0,10,0,26,0,0,26,0,36,0,0,36,0,0,0,36
04/04/2000,AKN,AK,AAL,WE,Federal Contract Tower,5,24,1,2,32,1,5,0,0,6,6,29,1,2,38,0,0,0,38
04/05/2000,AKN,AK,AAL,WE,Federal Contract Tower,2,15,1,2,20,0,17,3,0,20,2,32,4,2,40,0,0,0,40
04/06/2000,AKN,AK,AAL,WE,Federal Contract Tower,3,12,1,3,19,1,30,14,2,47,4,42,15,5,66,0,0,0,66
04/07/2000,AKN,AK,AAL,WE,Federal Contract Tower,3,10,1,2,16,1,49,19,0,69,4,59,20,2,85,0,0,0,85
04/08/2000,AKN,AK,AAL,WE,Federal Contract Tower,3,11,1,3,18,5,25,7,2,39,8,36,8,5,57,0,0,0,57
04/09/2000,AKN,AK,AAL,WE,Federal Contract Tower,1,6,1,0,8,1,27,1,0,29,2,33,2,0,37,0,0,0,37
04/10/2000,AKN,AK,AAL,WE,Federal Contract Tower,0,8,0,2,10,0,43,1,0,44,0,51,1,2,54,12,0,12,66
04/11/2000,AKN,AK,AAL,WE,Federal Contract Tower,3,12,0,1,16,0,34,3,3,40,3,46,3,4,56,11,0,11,67
04/12/2000,AKN,AK,AAL,WE,Federal Contract Tower,3,14,0,2,19,1,38,10,4,53,4,52,10,6,72,0,0,0,72
04/13/2000,AKN,AK,AAL,WE,Federal Contract Tower,4,17,0,0,21,1,48,4,0,53,5,65,4,0,74,0,0,0,74
04/14/2000,AKN,AK,AAL,WE,Federal Contract Tower,3,13,0,2,18,1,43,15,2,61,4,56,15,4,79,6,0,6,85
04/15/2000,AKN,AK,AAL,WE,Federal Contract Tower,3,15,0,2,20,3,32,2,0,37,6,47,2,2,57,0,0,0,57
04/16/2000,AKN,AK,AAL,WE,Federal Contract Tower,2,9,0,1,12,0,26,15,2,43,2,35,15,3,55,2,2,4,59
04/17/2000,AKN,AK,AAL,WE,Federal Contract Tower,0,12,0,1,13,0,31,6,1,38,0,43,6,2,51,0,8,8,59
04/18/2000,AKN,AK,AAL,WE,Federal Contract Tower,3,12,0,2,17,3,29,6,2,40,6,41,6,4,57,7,2,9,66
04/19/2000,AKN,AK,AAL,WE,Federal Contract Tower,4,17,0,2,23,0,42,5,0,47,4,59,5,2,70,6,0,6,76
04/20/2000,AKN,AK,AAL,WE,Federal Contract Tower,4,23,0,3,30,0,47,9,6,62,4,70,9,9,92,1,12,13,105
04/21/2000,AKN,AK,AAL,WE,Federal Contract Tower,4,29,3,4,40,0,27,1,3,31,4,56,4,7,71,3,0,3,74
04/22/2000,AKN,AK,AAL,WE,Federal Contract Tower,4,17,0,0,21,2,15,3,0,20,6,32,3,0,41,0,0,0,41
04/23/2000,AKN,AK,AAL,WE,Federal Contract Tower,2,6,0,0,8,0,3,13,3,19,2,9,13,3,27,0,0,0,27
04/24/2000,AKN,AK,AAL,WE,Federal Contract Tower,0,8,0,0,8,0,60,12,0,72,0,68,12,0,80,2,0,2,82
04/25/2000,AKN,AK,AAL,WE,Federal Contract Tower,5,19,0,0,24,1,47,11,0,59,6,66,11,0,83,6,0,6,89
04/26/2000,AKN,AK,AAL,WE,Federal Contract Tower,2,22,0,1,25,0,35,12,0,47,2,57,12,1,72,0,0,0,72
04/27/2000,AKN,AK,AAL,WE,Federal Contract Tower,4,15,0,2,21,1,58,22,6,87,5,73,22,8,108,0,0,0,108
04/28/2000,AKN,AK,AAL,WE,Federal Contract Tower,3,15,0,2,20,1,52,18,0,71,4,67,18,2,91,6,0,6,97
04/29/2000,AKN,AK,AAL,WE,Federal Contract Tower,3,15,0,0,18,3,49,14,0,66,6,64,14,0,84,0,0,0,84
04/30/2000,AKN,AK,AAL,WE,Federal Contract Tower,2,10,0,0,12,0,33,17,0,50,2,43,17,0,62,4,0,4,66
05/01/2000,AKN,AK,AAL,WE,Federal Contract Tower,2,14,1,0,17,0,52,16,2,70,2,66,17,2,87,4,0,4,91
05/02/2000,AKN,AK,AAL,WE,Federal Contract Tower,1,16,1,0,18,5,74,9,0,88,6,90,10,0,106,8,0,8,114
05/03/2000,AKN,AK,AAL,WE,Federal Contract Tower,4,17,1,0,22,0,62,15,2,79,4,79,16,2,101,19,0,19,120
05/04/2000,AKN,AK,AAL,WE,Federal Contract Tower,2,10,1,0,13,2,49,17,0,68,4,59,18,0,81,0,0,0,81
05/05/2000,AKN,AK,AAL,WE,Federal Contract Tower,5,14,1,0,20,5,69,13,0,87,10,83,14,0,107,4,0,4,111
05/06/2000,AKN,AK,AAL,WE,Federal Contract Tower,3,7,1,0,11,1,63,23,0,87,4,70,24,0,98,0,0,0,98
05/07/2000,AKN,AK,AAL,WE,Federal Contract Tower,2,9,0,0,11,0,47,15,0,62,2,56,15,0,73,0,0,0,73
05/08/2000,AKN,AK,AAL,WE,Federal Contract Tower,2,12,0,1,15,0,52,16,1,69,2,64,16,2,84,0,0,0,84
05/09/2000,AKN,AK,AAL,WE,Federal Contract Tower,3,12,0,0,15,0,76,5,0,81,3,88,5,0,96,0,0,0,96
05/10/2000,AKN,AK,AAL,WE,Federal Contract Tower,4,13,0,1,18,1,60,7,1,69,5,73,7,2,87,0,0,0,87
05/11/2000,AKN,AK,AAL,WE,Federal Contract Tower,6,15,0,1,22,2,49,10,1,62,8,64,10,2,84,10,10,20,104
05/12/2000,AKN,AK,AAL,WE,Federal Contract Tower,3,9,0,0,12,1,63,10,0,74,4,72,10,0,86,0,0,0,86
05/13/2000,AKN,AK,AAL,WE,Federal Contract Tower,5,14,0,0,19,1,53,12,0,66,6,67,12,0,85,0,0,0,85
05/14/2000,AKN,AK,AAL,WE,Federal Contract Tower,2,6,0,0,8,0,50,11,0,61,2,56,11,0,69,4,0,4,73
05/15/2000,AKN,AK,AAL,WE,Federal Contract Tower,2,10,0,0,12,0,86,10,0,96,2,96,10,0,108,0,0,0,108
05/16/2000,AKN,AK,AAL,WE,Federal Contract Tower,6,15,0,1,22,0,63,12,3,78,6,78,12,4,100,0,0,0,100
05/17/2000,AKN,AK,AAL,WE,Federal Contract Tower,4,15,0,1,20,0,67,13,1,81,4,82,13,2,101,0,0,0,101
05/18/2000,AKN,AK,AAL,WE,Federal Contract Tower,4,16,0,0,20,0,97,16,0,113,4,113,16,0,133,0,0,0,133
05/19/2000,AKN,AK,AAL,WE,Federal Contract Tower,6,18,0,0,24,2,79,10,0,91,8,97,10,0,115,0,0,0,115
05/20/2000,AKN,AK,AAL,WE,Federal Contract Tower,4,13,0,0,17,4,59,7,0,70,8,72,7,0,87,0,0,0,87
05/21/2000,AKN,AK,AAL,WE,Federal Contract Tower,2,6,0,0,8,0,49,7,0,56,2,55,7,0,64,0,0,0,64
05/22/2000,AKN,AK,AAL,WE,Federal Contract Tower,4,19,0,0,23,0,57,6,0,63,4,76,6,0,86,4,0,4,90
05/23/2000,AKN,AK,AAL,WE,Federal Contract Tower,6,17,0,0,23,0,27,8,0,35,6,44,8,0,58,0,0,0,58
05/24/2000,AKN,AK,AAL,WE,Federal Contract Tower,3,10,0,0,13,1,65,10,0,76,4,75,10,0,89,0,0,0,89
05/25/2000,AKN,AK,AAL,WE,Federal Contract Tower,4,11,0,0,15,0,73,13,0,86,4,84,13,0,101,6,0,6,107
05/26/2000,AKN,AK,AAL,WE,Federal Contract Tower,5,16,0,0,21,1,80,29,0,110,6,96,29,0,131,0,0,0,131
05/27/2000,AKN,AK,AAL,WE,Federal Contract Tower,4,13,0,0,17,2,51,28,0,81,6,64,28,0,98,16,0,16,114
05/28/2000,AKN,AK,AAL,WE,Federal Contract Tower,1,6,0,0,7,1,35,17,0,53,2,41,17,0,60,4,0,4,64
05/29/2000,AKN,AK,AAL,WE,Federal Contract Tower,3,11,0,0,14,1,40,12,0,53,4,51,12,0,67,0,0,0,67
05/30/2000,AKN,AK,AAL,WE,Federal Contract Tower,4,13,0,0,17,2,47,4,0,53,6,60,4,0,70,0,0,0,70
05/31/2000,AKN,AK,AAL,WE,Federal Contract Tower,6,19,0,0,25,0,56,5,5,66,6,75,5,5,91,0,4,4,95
06/01/2000,AKN,AK,AAL,WE,Federal Contract Tower,3,15,2,0,20,3,62,5,2,72,6,77,7,2,92,2,0,2,94
06/02/2000,AKN,AK,AAL,WE,Federal Contract Tower,4,20,2,0,26,10,73,8,0,91,14,93,10,0,117,0,0,0,117
06/03/2000,AKN,AK,AAL,WE,Federal Contract Tower,2,14,2,0,18,4,66,12,0,82,6,80,14,0,100,2,0,2,102
06/04/2000,AKN,AK,AAL,WE,Federal Contract Tower,3,10,0,0,13,1,42,14,0,57,4,52,14,0,70,0,0,0,70
06/05/2000,AKN,AK,AAL,WE,Federal Contract Tower,4,11,0,0,15,1,69,19,0,89,5,80,19,0,104,0,0,0,104
06/06/2000,AKN,AK,AAL,WE,Federal Contract Tower,4,16,2,0,22,6,71,2,0,79,10,87,4,0,101,4,0,4,105
06/07/2000,AKN,AK,AAL,WE,Federal Contract Tower,6,22,2,1,31,2,67,0,2,71,8,89,2,3,102,0,0,0,102
06/08/2000,AKN,AK,AAL,WE,Federal Contract Tower,4,14,1,1,20,0,84,15,1,100,4,98,16,2,120,0,0,0,120
06/09/2000,AKN,AK,AAL,WE,Federal Contract Tower,6,28,3,0,37,0,45,13,0,58,6,73,16,0,95,0,2,2,97
06/10/2000,AKN,AK,AAL,WE,Federal Contract Tower,5,16,1,0,22,1,43,2,0,46,6,59,3,0,68,0,0,0,68
06/11/2000,AKN,AK,AAL,WE,Federal Contract Tower,4,14,1,0,19,0,57,4,0,61,4,71,5,0,80,0,0,0,80
06/12/2000,AKN,AK,AAL,WE,Federal Contract Tower,4,14,1,0,19,0,76,8,0,84,4,90,9,0,103,12,0,12,115
06/13/2000,AKN,AK,AAL,WE,Federal Contract Tower,8,23,2,0,33,4,71,7,0,82,12,94,9,0,115,12,0,12,127
06/14/2000,AKN,AK,AAL,WE,Federal Contract Tower,7,21,1,1,30,5,84,15,1,105,12,105,16,2,135,2,10,12,147
06/15/2000,AKN,AK,AAL,WE,Federal Contract Tower,7,22,2,1,32,0,92,15,1,108,7,114,17,2,140,4,0,4,144
06/16/2000,AKN,AK,AAL,WE,Federal Contract Tower,8,24,2,0,34,6,138,25,0,169,14,162,27,0,203,6,2,8,211
06/17/2000,AKN,AK,AAL,WE,Federal Contract Tower,5,15,1,0,21,1,111,19,0,131,6,126,20,0,152,0,0,0,152
06/18/2000,AKN,AK,AAL,WE,Federal Contract Tower,6,28,3,0,37,0,96,12,0,108,6,124,15,0,145,0,0,0,145
06/19/2000,AKN,AK,AAL,WE,Federal Contract Tower,6,28,2,0,36,0,91,17,0,108,6,119,19,0,144,0,0,0,144
06/20/2000,AKN,AK,AAL,WE,Federal Contract Tower,12,49,4,0,65,0,80,13,0,93,12,129,17,0,158,0,0,0,158
06/21/2000,AKN,AK,AAL,WE,Federal Contract Tower,8,27,2,0,37,1,113,34,4,152,9,140,36,4,189,0,0,0,189
06/22/2000,AKN,AK,AAL,WE,Federal Contract Tower,8,25,2,0,35,0,86,23,0,109,8,111,25,0,144,6,0,6,150
06/23/2000,AKN,AK,AAL,WE,Federal Contract Tower,7,23,2,0,32,3,99,18,2,122,10,122,20,2,154,7,0,7,161
06/24/2000,AKN,AK,AAL,WE,Federal Contract Tower,7,22,2,0,31,0,85,14,0,99,7,107,16,0,130,0,0,0,130
06/25/2000,AKN,AK,AAL,WE,Federal Contract Tower,6,24,1,0,31,0,71,36,0,107,6,95,37,0,138,14,0,14,152
06/26/2000,AKN,AK,AAL,WE,Federal Contract Tower,5,15,1,0,21,2,102,27,0,131,7,117,28,0,152,23,0,23,175
06/27/2000,AKN,AK,AAL,WE,Federal Contract Tower,10,32,3,0,45,6,86,16,0,108,16,118,19,0,153,8,0,8,161
06/28/2000,AKN,AK,AAL,WE,Federal Contract Tower,6,67,6,1,80,0,42,9,1,52,6,109,15,2,132,0,0,0,132
06/29/2000,AKN,AK,AAL,WE,Federal Contract Tower,12,39,3,1,55,3,71,20,1,95,15,110,23,2,150,24,0,24,174
06/30/2000,AKN,AK,AAL,WE,Federal Contract Tower,24,81,7,0,112,0,10,19,0,29,24,91,26,0,141,3,0,3,144
07/01/2000,AKN,AK,AAL,WE,Federal Contract Tower,8,35,6,0,49,6,71,32,0,109,14,106,38,0,158,8,0,8,166
07/02/2000,AKN,AK,AAL,WE,Federal Contract Tower,6,42,7,0,55,0,63,16,0,79,6,105,23,0,134,0,0,0,134
07/03/2000,AKN,AK,AAL,WE,Federal Contract Tower,2,17,3,0,22,4,68,16,0,88,6,85,19,0,110,23,0,23,133
07/04/2000,AKN,AK,AAL,WE,Federal Contract Tower,6,41,7,0,54,0,34,3,0,37,6,75,10,0,91,0,0,0,91
07/05/2000,AKN,AK,AAL,WE,Federal Contract Tower,10,42,7,1,60,1,49,13,4,67,11,91,20,5,127,0,10,10,137
07/06/2000,AKN,AK,AAL,WE,Federal Contract Tower,7,30,6,0,43,2,63,32,0,97,9,93,38,0,140,14,0,14,154
07/07/2000,AKN,AK,AAL,WE,Federal Contract Tower,8,35,6,1,50,9,70,19,3,101,17,105,25,4,151,0,0,0,151
07/08/2000,AKN,AK,AAL,WE,Federal Contract Tower,4,32,7,0,43,0,84,34,1,119,4,116,41,1,162,0,0,0,162
07/09/2000,AKN,AK,AAL,WE,Federal Contract Tower,8,34,6,0,48,0,60,19,0,79,8,94,25,0,127,6,0,6,133
07/10/2000,AKN,AK,AAL,WE,Federal Contract Tower,6,68,12,0,86,0,39,7,0,46,6,107,19,0,132,5,0,5,137
07/11/2000,AKN,AK,AAL,WE,Federal Contract Tower,14,60,11,0,85,0,46,19,0,65,14,106,30,0,150,0,0,0,150
07/12/2000,AKN,AK,AAL,WE,Federal Contract Tower,6,25,5,0,36,2,97,16,0,115,8,122,21,0,151,1,18,19,170
07/13/2000,AKN,AK,AAL,WE,Federal Contract Tower,5,31,6,0,42,0,78,10,3,91,5,109,16,3,133,0,0,0,133
07/14/2000,AKN,AK,AAL,WE,Federal Contract Tower,8,29,4,1,42,6,102,29,5,142,14,131,33,6,184,4,0,4,188
07/15/2000,AKN,AK,AAL,WE,Federal Contract Tower,6,25,4,1,36,1,100,10,0,111,7,125,14,1,147,0,0,0,147
07/16/2000,AKN,AK,AAL,WE,Federal Contract Tower,8,29,4,1,42,0,57,3,0,60,8,86,7,1,102,10,0,10,112
07/17/2000,AKN,AK,AAL,WE,Federal Contract Tower,6,36,5,0,47,0,58,12,0,70,6,94,17,0,117,0,0,0,117
07/18/2000,AKN,AK,AAL,WE,Federal Contract Tower,13,78,12,0,103,0,11,3,0,14,13,89,15,0,117,10,0,10,127
07/19/2000,AKN,AK,AAL,WE,Federal Contract Tower,12,47,7,2,68,0,68,5,0,73,12,115,12,2,141,0,0,0,141
07/20/2000,AKN,AK,AAL,WE,Federal Contract Tower,4,32,5,0,41,0,75,10,0,85,4,107,15,0,126,4,0,4,130
07/21/2000,AKN,AK,AAL,WE,Federal Contract Tower,7,26,4,1,38,10,84,23,0,117,17,110,27,1,155,0,0,0,155
07/22/2000,AKN,AK,AAL,WE,Federal Contract Tower,5,16,2,0,23,3,65,22,0,90,8,81,24,0,113,0,0,0,113
07/23/2000,AKN,AK,AAL,WE,Federal Contract Tower,8,52,8,0,68,0,27,3,0,30,8,79,11,0,98,0,0,0,98
07/24/2000,AKN,AK,AAL,WE,Federal Contract Tower,4,34,5,1,44,0,39,10,1,50,4,73,15,2,94,0,14,14,108
07/25/2000,AKN,AK,AAL,WE,Federal Contract Tower,5,19,3,1,28,1,54,8,3,66,6,73,11,4,94,0,20,20,114
07/26/2000,AKN,AK,AAL,WE,Federal Contract Tower,5,20,3,1,29,5,61,11,2,79,10,81,14,3,108,10,0,10,118
07/27/2000,AKN,AK,AAL,WE,Federal Contract Tower,4,15,3,0,22,6,74,12,0,92,10,89,15,0,114,8,0,8,122
07/28/2000,AKN,AK,AAL,WE,Federal Contract Tower,5,16,2,1,24,3,63,24,1,91,8,79,26,2,115,8,0,8,123
07/29/2000,AKN,AK,AAL,WE,Federal Contract Tower,4,15,3,0,22,4,56,14,0,74,8,71,17,0,96,0,0,0,96
07/30/2000,AKN,AK,AAL,WE,Federal Contract Tower,5,18,2,0,25,2,50,14,0,66,7,68,16,0,91,4,0,4,95
07/31/2000,AKN,AK,AAL,WE,Federal Contract Tower,2,9,1,0,12,2,42,8,0,52,4,51,9,0,64,0,0,0,64
08/01/2000,AKN,AK,AAL,WE,Federal Contract Tower,4,15,2,0,21,2,46,13,4,65,6,61,15,4,86,5,0,5,91
08/02/2000,AKN,AK,AAL,WE,Federal Contract Tower,3,17,2,0,22,7,45,0,2,54,10,62,2,2,76,0,0,0,76
08/03/2000,AKN,AK,AAL,WE,Federal Contract Tower,2,13,3,0,18,0,48,8,2,58,2,61,11,2,76,4,0,4,80
08/04/2000,AKN,AK,AAL,WE,Federal Contract Tower,5,38,7,0,50,0,21,4,0,25,5,59,11,0,75,0,0,0,75
08/05/2000,AKN,AK,AAL,WE,Federal Contract Tower,3,15,3,0,21,3,59,15,0,77,6,74,18,0,98,4,0,4,102
08/06/2000,AKN,AK,AAL,WE,Federal Contract Tower,5,13,2,0,20,1,39,24,0,64,6,52,26,0,84,4,0,4,88
08/07/2000,AKN,AK,AAL,WE,Federal Contract Tower,2,6,2,0,10,0,42,15,0,57,2,48,17,0,67,0,0,0,67
08/08/2000,AKN,AK,AAL,WE,Federal Contract Tower,4,9,2,0,15,2,50,13,0,65,6,59,15,0,80,0,0,0,80
08/09/2000,AKN,AK,AAL,WE,Federal Contract Tower,6,18,2,0,26,4,57,16,0,77,10,75,18,0,103,0,0,0,103
08/10/2000,AKN,AK,AAL,WE,Federal Contract Tower,5,26,4,0,35,0,36,4,0,40,5,62,8,0,75,0,0,0,75
08/11/2000,AKN,AK,AAL,WE,Federal Contract Tower,10,29,4,1,44,2,22,3,1,28,12,51,7,2,72,0,0,0,72
08/12/2000,AKN,AK,AAL,WE,Federal Contract Tower,3,9,1,0,13,3,46,6,0,55,6,55,7,0,68,0,0,0,68
08/13/2000,AKN,AK,AAL,WE,Federal Contract Tower,2,23,3,0,28,0,11,14,0,25,2,34,17,0,53,0,0,0,53
08/14/2000,AKN,AK,AAL,WE,Federal Contract Tower,4,11,1,0,16,0,43,23,0,66,4,54,24,0,82,0,0,0,82
08/15/2000,AKN,AK,AAL,WE,Federal Contract Tower,6,16,2,1,25,4,56,14,1,75,10,72,16,2,100,3,13,16,116
08/16/2000,AKN,AK,AAL,WE,Federal Contract Tower,7,19,2,1,29,3,49,11,4,67,10,68,13,5,96,0,13,13,109
08/17/2000,AKN,AK,AAL,WE,Federal Contract Tower,5,35,4,0,44,0,20,12,0,32,5,55,16,0,76,0,0,0,76
08/18/2000,AKN,AK,AAL,WE,Federal Contract Tower,8,51,7,2,68,0,10,21,0,31,8,61,28,2,99,0,0,0,99
08/19/2000,AKN,AK,AAL,WE,Federal Contract Tower,6,19,2,0,27,0,59,21,0,80,6,78,23,0,107,0,0,0,107
08/20/2000,AKN,AK,AAL,WE,Federal Contract Tower,3,9,1,0,13,6,40,5,0,51,9,49,6,0,64,0,0,0,64
08/21/2000,AKN,AK,AAL,WE,Federal Contract Tower,2,9,1,0,12,2,41,18,0,61,4,50,19,0,73,6,12,18,91
08/22/2000,AKN,AK,AAL,WE,Federal Contract Tower,5,15,1,0,21,7,48,12,2,69,12,63,13,2,90,0,0,0,90
08/23/2000,AKN,AK,AAL,WE,Federal Contract Tower,3,11,1,0,15,7,41,6,0,54,10,52,7,0,69,0,0,0,69
08/24/2000,AKN,AK,AAL,WE,Federal Contract Tower,5,21,2,0,28,0,53,16,5,74,5,74,18,5,102,0,0,0,102
08/25/2000,AKN,AK,AAL,WE,Federal Contract Tower,5,15,2,0,22,7,57,11,0,75,12,72,13,0,97,4,0,4,101
08/26/2000,AKN,AK,AAL,WE,Federal Contract Tower,4,16,2,0,22,0,47,1,0,48,4,63,3,0,70,2,0,2,72
08/27/2000,AKN,AK,AAL,WE,Federal Contract Tower,4,32,4,0,40,0,9,1,0,10,4,41,5,0,50,0,0,0,50
08/28/2000,AKN,AK,AAL,WE,Federal Contract Tower,2,7,0,0,9,2,53,9,0,64,4,60,9,0,73,0,0,0,73
08/29/2000,AKN,AK,AAL,WE,Federal Contract Tower,5,15,2,0,22,1,37,2,0,40,6,52,4,0,62,0,0,0,62
08/30/2000,AKN,AK,AAL,WE,Federal Contract Tower,4,13,1,0,18,6,50,7,0,63,10,63,8,0,81,14,0,14,95
08/31/2000,AKN,AK,AAL,WE,Federal Contract Tower,3,31,4,0,38,0,43,5,0,48,3,74,9,0,86,8,0,8,94
09/01/2000,AKN,AK,AAL,WE,Federal Contract Tower,3,15,4,0,22,7,48,5,0,60,10,63,9,0,82,0,0,0,82
09/02/2000,AKN,AK,AAL,WE,Federal Contract Tower,2,13,4,0,19,4,73,28,0,105,6,86,32,0,124,8,0,8,132
09/03/2000,AKN,AK,AAL,WE,Federal Contract Tower,1,12,4,0,17,5,27,15,0,47,6,39,19,0,64,0,0,0,64
09/04/2000,AKN,AK,AAL,WE,Federal Contract Tower,1,10,3,0,14,3,33,9,0,45,4,43,12,0,59,6,0,6,65
09/05/2000,AKN,AK,AAL,WE,Federal Contract Tower,2,11,4,0,17,8,45,10,0,63,10,56,14,0,80,0,0,0,80
09/06/2000,AKN,AK,AAL,WE,Federal Contract Tower,5,20,3,1,29,1,52,0,1,54,6,72,3,2,83,8,0,8,91
09/07/2000,AKN,AK,AAL,WE,Federal Contract Tower,3,14,3,1,21,1,56,20,1,78,4,70,23,2,99,0,0,0,99
09/08/2000,AKN,AK,AAL,WE,Federal Contract Tower,5,19,4,1,29,9,59,24,1,93,14,78,28,2,122,0,1,1,123
09/09/2000,AKN,AK,AAL,WE,Federal Contract Tower,3,13,3,0,19,3,75,19,0,97,6,88,22,0,116,0,0,0,116
09/10/2000,AKN,AK,AAL,WE,Federal Contract Tower,4,34,7,0,45,0,25,10,0,35,4,59,17,0,80,0,0,0,80
09/11/2000,AKN,AK,AAL,WE,Federal Contract Tower,0,23,5,0,28,0,33,27,0,60,0,56,32,0,88,8,0,8,96
09/12/2000,AKN,AK,AAL,WE,Federal Contract Tower,4,14,2,1,21,4,34,14,1,53,8,48,16,2,74,0,0,0,74
09/13/2000,AKN,AK,AAL,WE,Federal Contract Tower,4,32,6,2,44,0,32,10,0,42,4,64,16,2,86,0,0,0,86
09/14/2000,AKN,AK,AAL,WE,Federal Contract Tower,2,10,1,1,14,0,41,11,3,55,2,51,12,4,69,0,10,10,79
09/15/2000,AKN,AK,AAL,WE,Federal Contract Tower,3,10,1,0,14,3,59,25,0,87,6,69,26,0,101,0,0,0,101
09/16/2000,AKN,AK,AAL,WE,Federal Contract Tower,1,5,1,0,7,3,32,12,0,47,4,37,13,0,54,0,0,0,54
09/17/2000,AKN,AK,AAL,WE,Federal Contract Tower,3,10,1,0,14,1,37,9,0,47,4,47,10,0,61,0,0,0,61
09/18/2000,AKN,AK,AAL,WE,Federal Contract Tower,0,8,1,0,9,0,48,13,0,61,0,56,14,0,70,0,0,0,70
09/19/2000,AKN,AK,AAL,WE,Federal Contract Tower,4,14,2,1,21,2,44,16,1,63,6,58,18,2,84,0,0,0,84
09/20/2000,AKN,AK,AAL,WE,Federal Contract Tower,4,13,2,0,19,2,46,10,2,60,6,59,12,2,79,6,0,6,85
09/21/2000,AKN,AK,AAL,WE,Federal Contract Tower,2,27,4,1,34,0,16,4,1,21,2,43,8,2,55,0,0,0,55
09/22/2000,AKN,AK,AAL,WE,Federal Contract Tower,2,23,5,0,30,0,42,14,2,58,2,65,19,2,88,0,0,0,88
09/23/2000,AKN,AK,AAL,WE,Federal Contract Tower,4,13,2,0,19,0,33,20,0,53,4,46,22,0,72,3,0,3,75
09/24/2000,AKN,AK,AAL,WE,Federal Contract Tower,4,34,6,0,44,0,0,8,0,8,4,34,14,0,52,0,0,0,52
09/25/2000,AKN,AK,AAL,WE,Federal Contract Tower,0,21,3,0,24,0,3,7,0,10,0,24,10,0,34,0,0,0,34
09/26/2000,AKN,AK,AAL,WE,Federal Contract Tower,2,8,1,0,11,2,42,6,2,52,4,50,7,2,63,6,0,6,69
09/27/2000,AKN,AK,AAL,WE,Federal Contract Tower,2,8,1,0,11,4,39,7,2,52,6,47,8,2,63,5,0,5,68
09/28/2000,AKN,AK,AAL,WE,Federal Contract Tower,2,11,1,0,14,0,40,6,0,46,2,51,7,0,60,0,0,0,60
09/29/2000,AKN,AK,AAL,WE,Federal Contract Tower,4,14,2,0,20,0,39,12,0,51,4,53,14,0,71,0,0,0,71
09/30/2000,AKN,AK,AAL,WE,Federal Contract Tower,3,11,1,0,15,1,40,15,0,56,4,51,16,0,71,12,0,12,83
10/01/2000,AKN,AK,AAL,WE,Federal Contract Tower,2,28,3,0,33,0,19,6,0,25,2,47,9,0,58,6,0,6,64
10/02/2000,AKN,AK,AAL,WE,Federal Contract Tower,2,28,3,2,35,0,18,3,0,21,2,46,6,2,56,0,0,0,56
10/03/2000,AKN,AK,AAL,WE,Federal Contract Tower,2,10,1,1,14,4,27,2,2,35,6,37,3,3,49,0,2,2,51
10/04/2000,AKN,AK,AAL,WE,Federal Contract Tower,3,13,2,2,20,3,35,4,4,46,6,48,6,6,66,0,0,0,66
10/05/2000,AKN,AK,AAL,WE,Federal Contract Tower,3,14,2,2,21,3,43,5,0,51,6,57,7,2,72,0,4,4,76
10/06/2000,AKN,AK,AAL,WE,Federal Contract Tower,4,33,4,4,45,0,0,0,3,3,4,33,4,7,48,0,0,0,48
10/07/2000,AKN,AK,AAL,WE,Federal Contract Tower,0,3,0,0,3,2,9,0,0,11,2,12,0,0,14,0,0,0,14
10/08/2000,AKN,AK,AAL,WE,Federal Contract Tower,2,11,1,0,14,2,24,2,0,28,4,35,3,0,42,2,0,2,44
10/09/2000,AKN,AK,AAL,WE,Federal Contract Tower,1,6,1,0,8,3,33,10,0,46,4,39,11,0,54,0,0,0,54
10/10/2000,AKN,AK,AAL,WE,Federal Contract Tower,3,14,2,0,19,3,43,1,0,47,6,57,3,0,66,0,0,0,66
10/11/2000,AKN,AK,AAL,WE,Federal Contract Tower,4,10,1,0,15,0,38,7,2,47,4,48,8,2,62,0,0,0,62
10/12/2000,AKN,AK,AAL,WE,Federal Contract Tower,3,8,1,0,12,1,49,14,2,66,4,57,15,2,78,0,0,0,78
10/13/2000,AKN,AK,AAL,WE,Federal Contract Tower,4,11,1,0,16,2,68,4,0,74,6,79,5,0,90,0,0,0,90
10/14/2000,AKN,AK,AAL,WE,Federal Contract Tower,3,9,1,0,13,3,41,8,0,52,6,50,9,0,65,0,0,0,65
10/15/2000,AKN,AK,AAL,WE,Federal Contract Tower,2,8,1,0,11,0,32,3,0,35,2,40,4,0,46,0,0,0,46
10/16/2000,AKN,AK,AAL,WE,Federal Contract Tower,2,5,1,0,8,0,43,15,0,58,2,48,16,0,66,0,0,0,66
10/17/2000,AKN,AK,AAL,WE,Federal Contract Tower,6,24,3,1,34,0,14,0,1,15,6,38,3,2,49,0,0,0,49
10/18/2000,AKN,AK,AAL,WE,Federal Contract Tower,4,10,1,0,15,0,34,0,2,36,4,44,1,2,51,0,0,0,51
10/19/2000,AKN,AK,AAL,WE,Federal Contract Tower,4,10,1,0,15,6,37,2,0,45,10,47,3,0,60,0,0,0,60
10/20/2000,AKN,AK,AAL,WE,Federal Contract Tower,5,20,2,0,27,0,7,1,0,8,5,27,3,0,35,0,0,0,35
10/21/2000,AKN,AK,AAL,WE,Federal Contract Tower,4,10,0,0,14,2,46,6,0,54,6,56,6,0,68,0,0,0,68
10/22/2000,AKN,AK,AAL,WE,Federal Contract Tower,2,6,0,0,8,0,34,8,0,42,2,40,8,0,50,0,0,0,50
10/23/2000,AKN,AK,AAL,WE,Federal Contract Tower,2,5,0,1,8,0,37,4,0,41,2,42,4,1,49,4,13,17,66
10/24/2000,AKN,AK,AAL,WE,Federal Contract Tower,4,10,0,1,15,2,19,2,1,24,6,29,2,2,39,0,0,0,39
10/25/2000,AKN,AK,AAL,WE,Federal Contract Tower,2,11,0,1,14,0,40,3,3,46,2,51,3,4,60,4,0,4,64
10/26/2000,AKN,AK,AAL,WE,Federal Contract Tower,4,11,0,1,16,0,51,8,1,60,4,62,8,2,76,0,0,0,76
10/27/2000,AKN,AK,AAL,WE,Federal Contract Tower,4,13,1,0,18,4,37,9,0,50,8,50,10,0,68,0,0,0,68
10/28/2000,AKN,AK,AAL,WE,Federal Contract Tower,4,12,1,0,17,2,45,9,0,56,6,57,10,0,73,0,0,0,73
10/29/2000,AKN,AK,AAL,WE,Federal Contract Tower,2,7,0,1,10,0,15,10,1,26,2,22,10,2,36,0,0,0,36
10/30/2000,AKN,AK,AAL,WE,Federal Contract Tower,0,4,0,0,4,0,51,12,0,63,0,55,12,0,67,0,0,0,67
10/31/2000,AKN,AK,AAL,WE,Federal Contract Tower,3,9,0,0,12,3,36,5,0,44,6,45,5,0,56,24,0,24,80
11/01/2000,AKN,AK,AAL,WE,Federal Contract Tower,0,9,1,0,10,0,33,7,4,44,0,42,8,4,54,0,8,8,62
11/02/2000,AKN,AK,AAL,WE,Federal Contract Tower,0,14,1,0,15,2,33,6,0,41,2,47,7,0,56,6,0,6,62
11/03/2000,AKN,AK,AAL,WE,Federal Contract Tower,0,11,1,2,14,4,37,10,2,53,4,48,11,4,67,0,0,0,67
11/04/2000,AKN,AK,AAL,WE,Federal Contract Tower,2,9,0,0,11,2,23,0,0,25,4,32,0,0,36,0,0,0,36
11/05/2000,AKN,AK,AAL,WE,Federal Contract Tower,2,8,1,0,11,0,26,4,0,30,2,34,5,0,41,1,0,1,42
11/06/2000,AKN,AK,AAL,WE,Federal Contract Tower,0,3,1,0,4,0,39,0,0,39,0,42,1,0,43,0,0,0,43
11/07/2000,AKN,AK,AAL,WE,Federal Contract Tower,2,19,1,0,22,2,27,4,0,33,4,46,5,0,55,0,0,0,55
11/08/2000,AKN,AK,AAL,WE,Federal Contract Tower,0,10,1,0,11,0,40,3,4,47,0,50,4,4,58,2,0,2,60
11/09/2000,AKN,AK,AAL,WE,Federal Contract Tower,2,10,1,0,13,0,29,0,0,29,2,39,1,0,42,0,0,0,42
11/10/2000,AKN,AK,AAL,WE,Federal Contract Tower,2,9,1,0,12,0,32,1,0,33,2,41,2,0,45,0,0,0,45
11/11/2000,AKN,AK,AAL,WE,Federal Contract Tower,1,10,0,2,13,3,33,15,0,51,4,43,15,2,64,0,0,0,64
11/12/2000,AKN,AK,AAL,WE,Federal Contract Tower,0,6,0,0,6,0,20,0,0,20,0,26,0,0,26,0,0,0,26
11/13/2000,AKN,AK,AAL,WE,Federal Contract Tower,0,8,0,0,8,0,46,2,2,50,0,54,2,2,58,0,0,0,58
11/14/2000,AKN,AK,AAL,WE,Federal Contract Tower,2,13,0,2,17,3,26,2,6,37,5,39,2,8,54,0,1,1,55
11/15/2000,AKN,AK,AAL,WE,Federal Contract Tower,2,14,0,2,18,0,22,1,0,23,2,36,1,2,41,0,0,0,41
11/16/2000,AKN,AK,AAL,WE,Federal Contract Tower,2,9,0,0,11,0,34,9,0,43,2,43,9,0,54,6,0,6,60
11/17/2000,AKN,AK,AAL,WE,Federal Contract Tower,3,15,0,0,18,1,42,7,0,50,4,57,7,0,68,2,0,2,70
11/18/2000,AKN,AK,AAL,WE,Federal Contract Tower,2,11,0,0,13,2,27,3,0,32,4,38,3,0,45,5,0,5,50
11/19/2000,AKN,AK,AAL,WE,Federal Contract Tower,0,7,0,0,7,0,28,7,0,35,0,35,7,0,42,0,0,0,42
11/20/2000,AKN,AK,AAL,WE,Federal Contract Tower,0,8,0,0,8,0,28,11,0,39,0,36,11,0,47,4,0,4,51
11/21/2000,AKN,AK,AAL,WE,Federal Contract Tower,1,11,0,2,14,3,27,1,8,39,4,38,1,10,53,0,9,9,62
11/22/2000,AKN,AK,AAL,WE,Federal Contract Tower,2,9,0,0,11,0,39,6,2,47,2,48,6,2,58,0,0,0,58
11/23/2000,AKN,AK,AAL,WE,Federal Contract Tower,0,0,0,0,0,0,1,5,0,6,0,1,5,0,6,0,0,0,6
11/24/2000,AKN,AK,AAL,WE,Federal Contract Tower,0,8,0,0,8,0,25,4,0,29,0,33,4,0,37,4,0,4,41
11/25/2000,AKN,AK,AAL,WE,Federal Contract Tower,0,7,0,0,7,4,10,6,2,22,4,17,6,2,29,10,20,30,59
11/26/2000,AKN,AK,AAL,WE,Federal Contract Tower,0,8,0,0,8,0,25,5,0,30,0,33,5,0,38,0,0,0,38
11/27/2000,AKN,AK,AAL,WE,Federal Contract Tower,0,15,0,2,17,0,12,4,0,16,0,27,4,2,33,0,3,3,36
11/28/2000,AKN,AK,AAL,WE,Federal Contract Tower,4,24,0,3,31,0,7,3,1,11,4,31,3,4,42,0,0,0,42
11/29/2000,AKN,AK,AAL,WE,Federal Contract Tower,2,24,0,3,29,0,20,4,5,29,2,44,4,8,58,0,14,14,72
11/30/2000,AKN,AK,AAL,WE,Federal Contract Tower,2,10,0,0,12,0,35,9,0,44,2,45,9,0,56,2,0,2,58
12/01/2000,AKN,AK,AAL,WE,Federal Contract Tower,1,11,1,1,14,1,20,3,6,30,2,31,4,7,44,0,0,0,44
12/02/2000,AKN,AK,AAL,WE,Federal Contract Tower,0,10,0,2,12,4,20,3,0,27,4,30,3,2,39,0,0,0,39
12/03/2000,AKN,AK,AAL,WE,Federal Contract Tower,0,5,0,0,5,0,12,1,0,13,0,17,1,0,18,0,0,0,18
12/04/2000,AKN,AK,AAL,WE,Federal Contract Tower,0,7,0,3,10,0,17,1,3,21,0,24,1,6,31,0,0,0,31
12/05/2000,AKN,AK,AAL,WE,Federal Contract Tower,2,15,0,3,20,0,22,3,0,25,2,37,3,3,45,0,0,0,45
12/06/2000,AKN,AK,AAL,WE,Federal Contract Tower,2,18,0,4,24,0,22,3,7,32,2,40,3,11,56,0,0,0,56
12/07/2000,AKN,AK,AAL,WE,Federal Contract Tower,1,8,0,2,11,1,46,5,0,52,2,54,5,2,63,4,0,4,67
12/08/2000,AKN,AK,AAL,WE,Federal Contract Tower,4,17,0,2,23,2,32,5,0,39,6,49,5,2,62,3,8,11,73
12/09/2000,AKN,AK,AAL,WE,Federal Contract Tower,3,15,0,1,19,1,23,4,0,28,4,38,4,1,47,0,9,9,56
12/10/2000,AKN,AK,AAL,WE,Federal Contract Tower,0,15,0,0,15,0,26,4,0,30,0,41,4,0,45,0,0,0,45
12/11/2000,AKN,AK,AAL,WE,Federal Contract Tower,0,11,0,2,13,0,34,4,1,39,0,45,4,3,52,0,0,0,52
12/12/2000,AKN,AK,AAL,WE,Federal Contract Tower,2,5,0,1,8,0,24,3,1,28,2,29,3,2,36,0,8,8,44
12/13/2000,AKN,AK,AAL,WE,Federal Contract Tower,1,11,0,2,14,0,29,3,5,37,1,40,3,7,51,0,0,0,51
12/14/2000,AKN,AK,AAL,WE,Federal Contract Tower,2,12,0,1,15,2,35,7,3,47,4,47,7,4,62,0,0,0,62
12/15/2000,AKN,AK,AAL,WE,Federal Contract Tower,3,14,0,1,18,1,16,0,5,22,4,30,0,6,40,0,0,0,40
12/16/2000,AKN,AK,AAL,WE,Federal Contract Tower,3,13,0,0,16,1,21,8,0,30,4,34,8,0,46,8,0,8,54
12/17/2000,AKN,AK,AAL,WE,Federal Contract Tower,2,7,0,0,9,0,14,6,0,20,2,21,6,0,29,0,0,0,29
12/18/2000,AKN,AK,AAL,WE,Federal Contract Tower,0,9,0,0,9,0,34,2,0,36,0,43,2,0,45,0,0,0,45
12/19/2000,AKN,AK,AAL,WE,Federal Contract Tower,3,12,0,0,15,3,16,0,0,19,6,28,0,0,34,0,0,0,34
12/20/2000,AKN,AK,AAL,WE,Federal Contract Tower,2,12,0,0,14,0,32,4,0,36,2,44,4,0,50,0,0,0,50
12/21/2000,AKN,AK,AAL,WE,Federal Contract Tower,1,8,0,0,9,1,30,9,0,40,2,38,9,0,49,0,4,4,53
12/22/2000,AKN,AK,AAL,WE,Federal Contract Tower,2,9,0,0,11,4,26,1,0,31,6,35,1,0,42,0,0,0,42
12/23/2000,AKN,AK,AAL,WE,Federal Contract Tower,2,9,0,0,11,2,29,1,0,32,4,38,1,0,43,0,0,0,43
12/24/2000,AKN,AK,AAL,WE,Federal Contract Tower,0,4,0,0,4,0,9,1,0,10,0,13,1,0,14,0,0,0,14
12/25/2000,AKN,AK,AAL,WE,Federal Contract Tower,0,0,0,0,0,0,0,0,0,0,0,0,0,0,0,0,0,0,0
12/26/2000,AKN,AK,AAL,WE,Federal Contract Tower,2,7,0,0,9,0,28,7,0,35,2,35,7,0,44,0,0,0,44
12/27/2000,AKN,AK,AAL,WE,Federal Contract Tower,2,13,0,0,15,0,26,2,0,28,2,39,2,0,43,0,0,0,43
12/28/2000,AKN,AK,AAL,WE,Federal Contract Tower,3,15,0,2,20,1,27,0,0,28,4,42,0,2,48,0,0,0,48
12/29/2000,AKN,AK,AAL,WE,Federal Contract Tower,3,17,0,0,20,0,28,4,0,32,3,45,4,0,52,0,0,0,52
12/30/2000,AKN,AK,AAL,WE,Federal Contract Tower,2,12,0,0,14,2,20,5,0,27,4,32,5,0,41,0,0,0,41
12/31/2000,AKN,AK,AAL,WE,Federal Contract Tower,0,10,0,0,10,0,13,3,0,16,0,23,3,0,26,0,0,0,26
01/01/2001,AKN,AK,AAL,WE,Federal Contract Tower,0,0,0,0,0,0,0,2,0,2,0,0,2,0,2,0,0,0,2
01/02/2001,AKN,AK,AAL,WE,Federal Contract Tower,0,17,0,0,17,0,11,2,0,13,0,28,2,0,30,0,0,0,30
01/03/2001,AKN,AK,AAL,WE,Federal Contract Tower,2,17,0,0,19,0,37,9,0,46,2,54,9,0,65,0,0,0,65
01/04/2001,AKN,AK,AAL,WE,Federal Contract Tower,2,8,0,0,10,0,27,2,2,31,2,35,2,2,41,0,0,0,41
01/05/2001,AKN,AK,AAL,WE,Federal Contract Tower,2,20,1,1,24,0,12,0,1,13,2,32,1,2,37,0,0,0,37
01/06/2001,AKN,AK,AAL,WE,Federal Contract Tower,2,11,0,0,13,2,15,2,0,19,4,26,2,0,32,0,0,0,32
01/07/2001,AKN,AK,AAL,WE,Federal Contract Tower,2,14,0,0,16,0,7,0,0,7,2,21,0,0,23,0,0,0,23
01/08/2001,AKN,AK,AAL,WE,Federal Contract Tower,0,9,0,0,9,0,35,4,0,39,0,44,4,0,48,0,0,0,48
01/09/2001,AKN,AK,AAL,WE,Federal Contract Tower,3,14,0,0,17,3,20,10,0,33,6,34,10,0,50,0,0,0,50
01/10/2001,AKN,AK,AAL,WE,Federal Contract Tower,2,10,0,0,12,0,28,8,0,36,2,38,8,0,48,0,0,0,48
01/11/2001,AKN,AK,AAL,WE,Federal Contract Tower,2,16,0,0,18,0,18,0,0,18,2,34,0,0,36,0,0,0,36
01/12/2001,AKN,AK,AAL,WE,Federal Contract Tower,1,17,0,2,20,3,35,1,0,39,4,52,1,2,59,0,0,0,59
01/13/2001,AKN,AK,AAL,WE,Federal Contract Tower,3,16,0,0,19,1,20,4,0,25,4,36,4,0,44,0,0,0,44
01/14/2001,AKN,AK,AAL,WE,Federal Contract Tower,0,11,0,0,11,0,18,0,0,18,0,29,0,0,29,0,0,0,29
01/15/2001,AKN,AK,AAL,WE,Federal Contract Tower,0,8,0,0,8,0,33,0,0,33,0,41,0,0,41,26,0,26,67
01/16/2001,AKN,AK,AAL,WE,Federal Contract Tower,2,9,0,0,11,4,26,4,0,34,6,35,4,0,45,0,0,0,45
01/17/2001,AKN,AK,AAL,WE,Federal Contract Tower,0,17,0,0,17,0,24,2,6,32,0,41,2,6,49,18,0,18,67
01/18/2001,AKN,AK,AAL,WE,Federal Contract Tower,3,15,0,0,18,1,28,8,0,37,4,43,8,0,55,0,0,0,55
01/19/2001,AKN,AK,AAL,WE,Federal Contract Tower,4,17,0,0,21,2,39,2,0,43,6,56,2,0,64,0,0,0,64
01/20/2001,AKN,AK,AAL,WE,Federal Contract Tower,2,14,0,0,16,0,25,5,0,30,2,39,5,0,46,12,0,12,58
01/21/2001,AKN,AK,AAL,WE,Federal Contract Tower,0,11,0,0,11,0,31,4,0,35,0,42,4,0,46,0,0,0,46
01/22/2001,AKN,AK,AAL,WE,Federal Contract Tower,0,9,0,0,9,0,11,1,3,15,0,20,1,3,24,0,13,13,37
01/23/2001,AKN,AK,AAL,WE,Federal Contract Tower,3,13,0,0,16,3,35,4,0,42,6,48,4,0,58,0,0,0,58
01/24/2001,AKN,AK,AAL,WE,Federal Contract Tower,2,9,0,0,11,0,34,4,0,38,2,43,4,0,49,0,12,12,61
01/25/2001,AKN,AK,AAL,WE,Federal Contract Tower,2,12,0,0,14,0,18,0,0,18,2,30,0,0,32,0,0,0,32
01/26/2001,AKN,AK,AAL,WE,Federal Contract Tower,3,15,0,0,18,5,30,3,0,38,8,45,3,0,56,0,0,0,56
01/27/2001,AKN,AK,AAL,WE,Federal Contract Tower,2,8,0,0,10,2,18,4,0,24,4,26,4,0,34,0,0,0,34
01/28/2001,AKN,AK,AAL,WE,Federal Contract Tower,0,3,0,0,3,0,12,0,0,12,0,15,0,0,15,0,0,0,15
01/29/2001,AKN,AK,AAL,WE,Federal Contract Tower,0,13,0,0,13,0,26,4,0,30,0,39,4,0,43,22,6,28,71
01/30/2001,AKN,AK,AAL,WE,Federal Contract Tower,3,14,0,0,17,1,34,11,4,50,4,48,11,4,67,10,0,10,77
01/31/2001,AKN,AK,AAL,WE,Federal Contract Tower,1,8,0,0,9,1,44,4,0,49,2,52,4,0,58,0,0,0,58
02/01/2001,AKN,AK,AAL,WE,Federal Contract Tower,2,11,1,0,14,0,28,7,0,35,2,39,8,0,49,0,0,0,49
02/02/2001,AKN,AK,AAL,WE,Federal Contract Tower,2,14,1,2,19,4,33,5,0,42,6,47,6,2,61,0,8,8,69
02/03/2001,AKN,AK,AAL,WE,Federal Contract Tower,0,9,1,0,10,2,15,1,0,18,2,24,2,0,28,2,2,4,32
02/04/2001,AKN,AK,AAL,WE,Federal Contract Tower,0,11,1,0,12,0,21,0,0,21,0,32,1,0,33,0,0,0,33
02/05/2001,AKN,AK,AAL,WE,Federal Contract Tower,0,5,0,0,5,0,27,0,0,27,0,32,0,0,32,0,0,0,32
02/06/2001,AKN,AK,AAL,WE,Federal Contract Tower,3,13,1,2,19,3,14,3,4,24,6,27,4,6,43,0,0,0,43
02/07/2001,AKN,AK,AAL,WE,Federal Contract Tower,2,7,1,0,10,0,35,4,16,55,2,42,5,16,65,0,12,12,77
02/08/2001,AKN,AK,AAL,WE,Federal Contract Tower,2,14,1,0,17,0,25,0,0,25,2,39,1,0,42,0,0,0,42
02/09/2001,AKN,AK,AAL,WE,Federal Contract Tower,3,9,1,2,15,0,35,5,2,42,3,44,6,4,57,0,0,0,57
02/10/2001,AKN,AK,AAL,WE,Federal Contract Tower,3,9,1,0,13,1,18,0,0,19,4,27,1,0,32,0,0,0,32
02/11/2001,AKN,AK,AAL,WE,Federal Contract Tower,0,8,1,0,9,0,3,1,0,4,0,11,2,0,13,0,0,0,13
02/12/2001,AKN,AK,AAL,WE,Federal Contract Tower,1,6,1,0,8,0,28,5,0,33,1,34,6,0,41,0,0,0,41
02/13/2001,AKN,AK,AAL,WE,Federal Contract Tower,2,7,1,0,10,2,17,9,0,28,4,24,10,0,38,0,0,0,38
02/14/2001,AKN,AK,AAL,WE,Federal Contract Tower,0,6,1,0,7,0,33,5,0,38,0,39,6,0,45,0,0,0,45
02/15/2001,AKN,AK,AAL,WE,Federal Contract Tower,2,12,1,0,15,0,25,3,0,28,2,37,4,0,43,0,0,0,43
02/16/2001,AKN,AK,AAL,WE,Federal Contract Tower,2,7,0,0,9,2,24,0,0,26,4,31,0,0,35,0,0,0,35
02/17/2001,AKN,AK,AAL,WE,Federal Contract Tower,2,11,0,0,13,0,26,11,0,37,2,37,11,0,50,0,0,0,50
02/18/2001,AKN,AK,AAL,WE,Federal Contract Tower,0,5,0,0,5,2,17,9,0,28,2,22,9,0,33,25,0,25,58
02/19/2001,AKN,AK,AAL,WE,Federal Contract Tower,0,5,0,0,5,0,23,6,0,29,0,28,6,0,34,8,0,8,42
02/20/2001,AKN,AK,AAL,WE,Federal Contract Tower,2,7,0,2,11,2,30,5,2,39,4,37,5,4,50,0,0,0,50
02/21/2001,AKN,AK,AAL,WE,Federal Contract Tower,1,7,0,0,8,0,26,8,0,34,1,33,8,0,42,8,0,8,50
02/22/2001,AKN,AK,AAL,WE,Federal Contract Tower,2,9,0,0,11,24,28,9,0,61,26,37,9,0,72,0,6,6,78
02/23/2001,AKN,AK,AAL,WE,Federal Contract Tower,4,16,0,3,23,2,17,10,7,36,6,33,10,10,59,0,12,12,71
02/24/2001,AKN,AK,AAL,WE,Federal Contract Tower,2,12,0,0,14,0,15,6,0,21,2,27,6,0,35,0,0,0,35
02/25/2001,AKN,AK,AAL,WE,Federal Contract Tower,0,7,0,0,7,0,12,4,0,16,0,19,4,0,23,0,0,0,23
02/26/2001,AKN,AK,AAL,WE,Federal Contract Tower,0,5,0,0,5,0,30,8,0,38,0,35,8,0,43,0,16,16,59
02/27/2001,AKN,AK,AAL,WE,Federal Contract Tower,4,16,0,3,23,4,21,0,1,26,8,37,0,4,49,0,0,0,49
02/28/2001,AKN,AK,AAL,WE,Federal Contract Tower,2,16,0,2,20,0,36,9,0,45,2,52,9,2,65,0,0,0,65
03/01/2001,AKN,AK,AAL,WE,Federal Contract Tower,0,7,1,1,9,2,33,6,1,42,2,40,7,2,51,0,0,0,51
03/02/2001,AKN,AK,AAL,WE,Federal Contract Tower,3,10,1,2,16,3,27,1,8,39,6,37,2,10,55,0,6,6,61
03/03/2001,AKN,AK,AAL,WE,Federal Contract Tower,3,8,1,0,12,1,41,3,0,45,4,49,4,0,57,0,0,0,57
03/04/2001,AKN,AK,AAL,WE,Federal Contract Tower,0,5,1,0,6,0,14,1,0,15,0,19,2,0,21,0,0,0,21
03/05/2001,AKN,AK,AAL,WE,Federal Contract Tower,0,5,1,0,6,0,30,3,3,36,0,35,4,3,42,0,6,6,48
03/06/2001,AKN,AK,AAL,WE,Federal Contract Tower,2,7,1,1,11,4,17,8,0,29,6,24,9,1,40,7,21,28,68
03/07/2001,AKN,AK,AAL,WE,Federal Contract Tower,2,11,1,3,17,0,20,5,3,28,2,31,6,6,45,0,0,0,45
03/08/2001,AKN,AK,AAL,WE,Federal Contract Tower,2,8,1,2,13,0,28,8,2,38,2,36,9,4,51,0,0,0,51
03/09/2001,AKN,AK,AAL,WE,Federal Contract Tower,4,13,1,2,20,0,45,0,0,45,4,58,1,2,65,0,0,0,65
03/10/2001,AKN,AK,AAL,WE,Federal Contract Tower,0,9,1,0,10,0,14,0,0,14,0,23,1,0,24,0,0,0,24
03/11/2001,AKN,AK,AAL,WE,Federal Contract Tower,2,9,0,0,11,0,21,5,0,26,2,30,5,0,37,0,0,0,37
03/12/2001,AKN,AK,AAL,WE,Federal Contract Tower,0,11,0,2,13,0,30,6,7,43,0,41,6,9,56,0,0,0,56
03/13/2001,AKN,AK,AAL,WE,Federal Contract Tower,4,20,0,2,26,4,30,4,0,38,8,50,4,2,64,0,0,0,64
03/14/2001,AKN,AK,AAL,WE,Federal Contract Tower,2,8,0,0,10,0,32,0,0,32,2,40,0,0,42,0,0,0,42
03/15/2001,AKN,AK,AAL,WE,Federal Contract Tower,1,6,0,2,9,1,48,6,0,55,2,54,6,2,64,6,0,6,70
03/16/2001,AKN,AK,AAL,WE,Federal Contract Tower,2,12,0,2,16,2,36,0,0,38,4,48,0,2,54,4,0,4,58
03/17/2001,AKN,AK,AAL,WE,Federal Contract Tower,0,7,0,0,7,2,47,3,0,52,2,54,3,0,59,2,0,2,61
03/18/2001,AKN,AK,AAL,WE,Federal Contract Tower,0,6,0,0,6,0,27,14,0,41,0,33,14,0,47,0,0,0,47
03/19/2001,AKN,AK,AAL,WE,Federal Contract Tower,0,8,0,1,9,0,28,2,4,34,0,36,2,5,43,0,16,16,59
03/20/2001,AKN,AK,AAL,WE,Federal Contract Tower,1,6,0,0,7,1,49,10,0,60,2,55,10,0,67,0,0,0,67
03/21/2001,AKN,AK,AAL,WE,Federal Contract Tower,1,8,0,2,11,1,26,4,2,33,2,34,4,4,44,2,0,2,46
03/22/2001,AKN,AK,AAL,WE,Federal Contract Tower,1,10,0,2,13,1,39,0,2,42,2,49,0,4,55,12,10,22,77
03/23/2001,AKN,AK,AAL,WE,Federal Contract Tower,1,8,0,2,11,1,50,5,2,58,2,58,5,4,69,8,12,20,89
03/24/2001,AKN,AK,AAL,WE,Federal Contract Tower,1,8,0,0,9,1,31,7,0,39,2,39,7,0,48,0,0,0,48
03/25/2001,AKN,AK,AAL,WE,Federal Contract Tower,0,7,0,0,7,0,4,1,0,5,0,11,1,0,12,0,0,0,12
03/26/2001,AKN,AK,AAL,WE,Federal Contract Tower,0,11,0,3,14,0,31,7,1,39,0,42,7,4,53,11,10,21,74
03/27/2001,AKN,AK,AAL,WE,Federal Contract Tower,1,11,0,2,14,2,42,6,0,50,3,53,6,2,64,8,0,8,72
03/28/2001,AKN,AK,AAL,WE,Federal Contract Tower,2,15,0,0,17,0,19,3,0,22,2,34,3,0,39,8,0,8,47
03/29/2001,AKN,AK,AAL,WE,Federal Contract Tower,1,10,0,2,13,3,29,7,2,41,4,39,7,4,54,2,12,14,68
03/30/2001,AKN,AK,AAL,WE,Federal Contract Tower,1,7,0,1,9,1,32,7,1,41,2,39,7,2,50,0,0,0,50
03/31/2001,AKN,AK,AAL,WE,Federal Contract Tower,1,6,0,0,7,3,37,12,0,52,4,43,12,0,59,10,0,10,69
04/01/2001,AKN,AK,AAL,WE,Federal Contract Tower,0,8,0,0,8,0,16,9,0,25,0,24,9,0,33,4,0,4,37
04/02/2001,AKN,AK,AAL,WE,Federal Contract Tower,0,8,0,2,10,0,24,1,0,25,0,32,1,2,35,0,0,0,35
04/03/2001,AKN,AK,AAL,WE,Federal Contract Tower,4,10,0,4,18,0,37,0,0,37,4,47,0,4,55,2,0,2,57
04/04/2001,AKN,AK,AAL,WE,Federal Contract Tower,2,8,0,0,10,0,35,0,0,35,2,43,0,0,45,0,0,0,45
04/05/2001,AKN,AK,AAL,WE,Federal Contract Tower,2,11,0,2,15,0,38,7,2,47,2,49,7,4,62,0,0,0,62
04/06/2001,AKN,AK,AAL,WE,Federal Contract Tower,4,14,0,2,20,0,37,4,0,41,4,51,4,2,61,0,0,0,61
04/07/2001,AKN,AK,AAL,WE,Federal Contract Tower,3,11,0,0,14,1,19,2,0,22,4,30,2,0,36,0,0,0,36
04/08/2001,AKN,AK,AAL,WE,Federal Contract Tower,2,5,0,0,7,0,16,4,0,20,2,21,4,0,27,0,0,0,27
04/09/2001,AKN,AK,AAL,WE,Federal Contract Tower,0,11,0,0,11,0,26,9,0,35,0,37,9,0,46,0,0,0,46
04/10/2001,AKN,AK,AAL,WE,Federal Contract Tower,2,8,0,2,12,0,35,3,0,38,2,43,3,2,50,0,0,0,50
04/11/2001,AKN,AK,AAL,WE,Federal Contract Tower,2,18,2,2,24,0,9,0,0,9,2,27,2,2,33,0,0,0,33
04/12/2001,AKN,AK,AAL,WE,Federal Contract Tower,2,12,0,2,16,0,42,13,0,55,2,54,13,2,71,0,0,0,71
04/13/2001,AKN,AK,AAL,WE,Federal Contract Tower,2,10,0,0,12,0,53,10,0,63,2,63,10,0,75,0,0,0,75
04/14/2001,AKN,AK,AAL,WE,Federal Contract Tower,2,8,0,0,10,4,39,16,0,59,6,47,16,0,69,0,0,0,69
04/15/2001,AKN,AK,AAL,WE,Federal Contract Tower,0,0,1,0,1,0,0,1,0,1,0,0,2,0,2,0,0,0,2
04/16/2001,AKN,AK,AAL,WE,Federal Contract Tower,0,18,2,2,22,0,26,1,0,27,0,44,3,2,49,0,0,0,49
04/17/2001,AKN,AK,AAL,WE,Federal Contract Tower,4,22,2,4,32,1,35,3,0,39,5,57,5,4,71,19,0,19,90
04/18/2001,AKN,AK,AAL,WE,Federal Contract Tower,2,18,2,4,26,0,53,9,0,62,2,71,11,4,88,22,0,22,110
04/19/2001,AKN,AK,AAL,WE,Federal Contract Tower,4,12,0,3,19,1,61,4,0,66,5,73,4,3,85,0,0,0,85
04/20/2001,AKN,AK,AAL,WE,Federal Contract Tower,0,10,0,0,10,0,40,6,0,46,0,50,6,0,56,0,0,0,56
04/21/2001,AKN,AK,AAL,WE,Federal Contract Tower,6,10,0,0,16,0,37,5,0,42,6,47,5,0,58,0,0,0,58
04/22/2001,AKN,AK,AAL,WE,Federal Contract Tower,2,6,0,0,8,0,28,12,0,40,2,34,12,0,48,0,0,0,48
04/23/2001,AKN,AK,AAL,WE,Federal Contract Tower,1,10,0,0,11,1,54,10,0,65,2,64,10,0,76,0,0,0,76
04/24/2001,AKN,AK,AAL,WE,Federal Contract Tower,4,15,0,2,21,0,47,6,0,53,4,62,6,2,74,9,0,9,83
04/25/2001,AKN,AK,AAL,WE,Federal Contract Tower,2,14,0,2,18,0,51,9,0,60,2,65,9,2,78,10,0,10,88
04/26/2001,AKN,AK,AAL,WE,Federal Contract Tower,3,12,0,2,17,1,47,11,0,59,4,59,11,2,76,0,0,0,76
04/27/2001,AKN,AK,AAL,WE,Federal Contract Tower,1,13,0,2,16,4,69,12,2,87,5,82,12,4,103,4,0,4,107
04/28/2001,AKN,AK,AAL,WE,Federal Contract Tower,6,14,0,0,20,0,38,5,0,43,6,52,5,0,63,2,0,2,65
04/29/2001,AKN,AK,AAL,WE,Federal Contract Tower,1,14,0,0,15,1,29,7,0,37,2,43,7,0,52,4,0,4,56
04/30/2001,AKN,AK,AAL,WE,Federal Contract Tower,3,20,1,0,24,0,40,5,0,45,3,60,6,0,69,7,0,7,76
05/01/2001,AKN,AK,AAL,WE,Federal Contract Tower,3,17,0,4,24,1,62,12,2,77,4,79,12,6,101,7,0,7,108
05/02/2001,AKN,AK,AAL,WE,Federal Contract Tower,4,5,1,1,11,0,47,3,0,50,4,52,4,1,61,0,0,0,61
05/03/2001,AKN,AK,AAL,WE,Federal Contract Tower,5,8,0,2,15,0,48,6,0,54,5,56,6,2,69,11,0,11,80
05/04/2001,AKN,AK,AAL,WE,Federal Contract Tower,4,12,0,0,16,0,57,7,0,64,4,69,7,0,80,26,0,26,106
05/05/2001,AKN,AK,AAL,WE,Federal Contract Tower,5,10,0,4,19,1,27,5,0,33,6,37,5,4,52,0,0,0,52
05/06/2001,AKN,AK,AAL,WE,Federal Contract Tower,2,7,0,0,9,0,23,14,0,37,2,30,14,0,46,0,0,0,46
05/07/2001,AKN,AK,AAL,WE,Federal Contract Tower,2,11,0,0,13,0,44,7,0,51,2,55,7,0,64,4,0,4,68
05/08/2001,AKN,AK,AAL,WE,Federal Contract Tower,2,11,0,4,17,2,53,8,0,63,4,64,8,4,80,0,0,0,80
05/09/2001,AKN,AK,AAL,WE,Federal Contract Tower,4,15,0,16,35,0,34,9,0,43,4,49,9,16,78,0,0,0,78
05/10/2001,AKN,AK,AAL,WE,Federal Contract Tower,2,14,0,2,18,2,62,15,0,79,4,76,15,2,97,5,0,5,102
05/11/2001,AKN,AK,AAL,WE,Federal Contract Tower,4,10,0,2,16,0,48,6,0,54,4,58,6,2,70,6,0,6,76
05/12/2001,AKN,AK,AAL,WE,Federal Contract Tower,4,12,0,0,16,0,43,6,0,49,4,55,6,0,65,4,0,4,69
05/13/2001,AKN,AK,AAL,WE,Federal Contract Tower,2,6,0,0,8,0,26,9,0,35,2,32,9,0,43,0,0,0,43
05/14/2001,AKN,AK,AAL,WE,Federal Contract Tower,1,7,1,0,9,1,45,15,0,61,2,52,16,0,70,6,0,6,76
05/15/2001,AKN,AK,AAL,WE,Federal Contract Tower,5,15,2,2,24,1,61,13,6,81,6,76,15,8,105,12,54,66,171
05/16/2001,AKN,AK,AAL,WE,Federal Contract Tower,3,9,0,3,15,0,75,8,2,85,3,84,8,5,100,6,34,40,140
05/17/2001,AKN,AK,AAL,WE,Federal Contract Tower,3,13,0,2,18,1,57,24,0,82,4,70,24,2,100,6,16,22,122
05/18/2001,AKN,AK,AAL,WE,Federal Contract Tower,4,32,5,2,43,0,43,9,0,52,4,75,14,2,95,4,0,4,99
05/19/2001,AKN,AK,AAL,WE,Federal Contract Tower,6,11,0,0,17,0,37,13,0,50,6,48,13,0,67,0,0,0,67
05/20/2001,AKN,AK,AAL,WE,Federal Contract Tower,2,8,0,0,10,0,49,18,0,67,2,57,18,0,77,10,0,10,87
05/21/2001,AKN,AK,AAL,WE,Federal Contract Tower,3,9,1,4,17,1,40,9,0,50,4,49,10,4,67,0,0,0,67
05/22/2001,AKN,AK,AAL,WE,Federal Contract Tower,5,19,0,2,26,1,47,6,0,54,6,66,6,2,80,0,0,0,80
05/23/2001,AKN,AK,AAL,WE,Federal Contract Tower,5,13,1,4,23,1,63,9,0,73,6,76,10,4,96,36,2,38,134
05/24/2001,AKN,AK,AAL,WE,Federal Contract Tower,7,13,1,2,23,0,55,14,0,69,7,68,15,2,92,35,0,35,127
05/25/2001,AKN,AK,AAL,WE,Federal Contract Tower,3,10,2,0,15,0,53,12,0,65,3,63,14,0,80,2,0,2,82
05/26/2001,AKN,AK,AAL,WE,Federal Contract Tower,4,16,0,0,20,0,30,0,0,30,4,46,0,0,50,0,0,0,50
05/27/2001,AKN,AK,AAL,WE,Federal Contract Tower,2,8,0,0,10,0,27,3,0,30,2,35,3,0,40,4,0,4,44
05/28/2001,AKN,AK,AAL,WE,Federal Contract Tower,4,6,2,0,12,0,34,15,0,49,4,40,17,0,61,0,0,0,61
05/29/2001,AKN,AK,AAL,WE,Federal Contract Tower,2,11,0,2,15,2,53,8,1,64,4,64,8,3,79,6,12,18,97
05/30/2001,AKN,AK,AAL,WE,Federal Contract Tower,5,21,4,7,37,1,48,7,2,58,6,69,11,9,95,4,0,4,99
05/31/2001,AKN,AK,AAL,WE,Federal Contract Tower,4,17,0,6,27,0,42,5,3,50,4,59,5,9,77,14,0,14,91
06/01/2001,AKN,AK,AAL,WE,Federal Contract Tower,7,18,0,2,27,0,75,15,3,93,7,93,15,5,120,6,0,6,126
06/02/2001,AKN,AK,AAL,WE,Federal Contract Tower,5,10,0,0,15,0,54,6,3,63,5,64,6,3,78,0,0,0,78
06/03/2001,AKN,AK,AAL,WE,Federal Contract Tower,1,14,0,0,15,1,36,8,0,45,2,50,8,0,60,0,0,0,60
06/04/2001,AKN,AK,AAL,WE,Federal Contract Tower,3,29,8,1,41,1,30,19,1,51,4,59,27,2,92,0,0,0,92
06/05/2001,AKN,AK,AAL,WE,Federal Contract Tower,4,44,0,8,56,0,38,7,0,45,4,82,7,8,101,4,0,4,105
06/06/2001,AKN,AK,AAL,WE,Federal Contract Tower,6,20,0,4,30,0,75,6,2,83,6,95,6,6,113,0,22,22,135
06/07/2001,AKN,AK,AAL,WE,Federal Contract Tower,5,15,0,2,22,1,70,19,0,90,6,85,19,2,112,0,0,0,112
06/08/2001,AKN,AK,AAL,WE,Federal Contract Tower,3,14,2,3,22,3,83,8,2,96,6,97,10,5,118,0,10,10,128
06/09/2001,AKN,AK,AAL,WE,Federal Contract Tower,4,11,0,0,15,0,57,14,0,71,4,68,14,0,86,14,0,14,100
06/10/2001,AKN,AK,AAL,WE,Federal Contract Tower,4,17,0,0,21,0,63,4,0,67,4,80,4,0,88,0,0,0,88
06/11/2001,AKN,AK,AAL,WE,Federal Contract Tower,2,21,12,0,35,2,53,0,3,58,4,74,12,3,93,4,0,4,97
06/12/2001,AKN,AK,AAL,WE,Federal Contract Tower,4,34,7,6,51,0,60,8,4,72,4,94,15,10,123,4,0,4,127
06/13/2001,AKN,AK,AAL,WE,Federal Contract Tower,4,23,3,2,32,0,69,8,5,82,4,92,11,7,114,0,0,0,114
06/14/2001,AKN,AK,AAL,WE,Federal Contract Tower,6,24,0,2,32,0,80,11,1,92,6,104,11,3,124,0,0,0,124
06/15/2001,AKN,AK,AAL,WE,Federal Contract Tower,5,23,2,0,30,5,92,10,0,107,10,115,12,0,137,0,0,0,137
06/16/2001,AKN,AK,AAL,WE,Federal Contract Tower,4,26,4,0,34,0,98,17,0,115,4,124,21,0,149,0,0,0,149
06/17/2001,AKN,AK,AAL,WE,Federal Contract Tower,2,19,2,0,23,0,77,23,0,100,2,96,25,0,123,0,0,0,123
06/18/2001,AKN,AK,AAL,WE,Federal Contract Tower,4,14,3,2,23,0,101,17,0,118,4,115,20,2,141,0,0,0,141
06/19/2001,AKN,AK,AAL,WE,Federal Contract Tower,8,25,2,2,37,0,87,13,0,100,8,112,15,2,137,5,0,5,142
06/20/2001,AKN,AK,AAL,WE,Federal Contract Tower,6,52,4,7,69,2,106,11,1,120,8,158,15,8,189,0,0,0,189
06/21/2001,AKN,AK,AAL,WE,Federal Contract Tower,5,44,8,3,60,1,54,18,0,73,6,98,26,3,133,0,14,14,147
06/22/2001,AKN,AK,AAL,WE,Federal Contract Tower,5,21,0,0,26,1,95,26,0,122,6,116,26,0,148,2,0,2,150
06/23/2001,AKN,AK,AAL,WE,Federal Contract Tower,3,24,1,0,28,3,89,24,0,116,6,113,25,0,144,12,0,12,156
06/24/2001,AKN,AK,AAL,WE,Federal Contract Tower,2,19,2,0,23,0,64,19,0,83,2,83,21,0,106,0,0,0,106
06/25/2001,AKN,AK,AAL,WE,Federal Contract Tower,7,20,1,4,32,1,78,30,0,109,8,98,31,4,141,0,0,0,141
06/26/2001,AKN,AK,AAL,WE,Federal Contract Tower,8,47,3,4,62,2,49,21,0,72,10,96,24,4,134,0,0,0,134
06/27/2001,AKN,AK,AAL,WE,Federal Contract Tower,8,14,0,1,23,3,97,25,1,126,11,111,25,2,149,0,0,0,149
06/28/2001,AKN,AK,AAL,WE,Federal Contract Tower,5,18,2,4,29,3,91,32,1,127,8,109,34,5,156,10,4,14,170
06/29/2001,AKN,AK,AAL,WE,Federal Contract Tower,5,21,0,0,26,1,77,23,0,101,6,98,23,0,127,0,0,0,127
06/30/2001,AKN,AK,AAL,WE,Federal Contract Tower,4,23,4,0,31,1,59,19,0,79,5,82,23,0,110,0,0,0,110
07/01/2001,AKN,AK,AAL,WE,Federal Contract Tower,2,19,3,0,24,0,48,20,0,68,2,67,23,0,92,0,0,0,92
07/02/2001,AKN,AK,AAL,WE,Federal Contract Tower,4,14,0,0,18,0,74,21,2,97,4,88,21,2,115,0,8,8,123
07/03/2001,AKN,AK,AAL,WE,Federal Contract Tower,5,33,10,0,48,0,54,16,0,70,5,87,26,0,118,0,0,0,118
07/04/2001,AKN,AK,AAL,WE,Federal Contract Tower,4,62,9,0,75,0,0,0,0,0,4,62,9,0,75,0,0,0,75
07/05/2001,AKN,AK,AAL,WE,Federal Contract Tower,3,17,4,2,26,1,74,14,0,89,4,91,18,2,115,18,0,18,133
07/06/2001,AKN,AK,AAL,WE,Federal Contract Tower,5,17,1,4,27,0,66,17,0,83,5,83,18,4,110,0,0,0,110
07/07/2001,AKN,AK,AAL,WE,Federal Contract Tower,3,24,2,0,29,1,80,38,0,119,4,104,40,0,148,0,0,0,148
07/08/2001,AKN,AK,AAL,WE,Federal Contract Tower,4,14,6,0,24,0,61,27,0,88,4,75,33,0,112,0,0,0,112
07/09/2001,AKN,AK,AAL,WE,Federal Contract Tower,3,13,6,0,22,1,73,26,0,100,4,86,32,0,122,0,0,0,122
07/10/2001,AKN,AK,AAL,WE,Federal Contract Tower,4,74,23,9,110,0,15,0,0,15,4,89,23,9,125,0,0,0,125
07/11/2001,AKN,AK,AAL,WE,Federal Contract Tower,7,74,12,0,93,0,0,0,0,0,7,74,12,0,93,0,0,0,93
07/12/2001,AKN,AK,AAL,WE,Federal Contract Tower,6,62,19,2,89,0,52,2,0,54,6,114,21,2,143,0,0,0,143
07/13/2001,AKN,AK,AAL,WE,Federal Contract Tower,8,91,14,0,113,0,0,0,0,0,8,91,14,0,113,0,0,0,113
07/14/2001,AKN,AK,AAL,WE,Federal Contract Tower,4,37,2,0,43,0,93,19,0,112,4,130,21,0,155,0,0,0,155
07/15/2001,AKN,AK,AAL,WE,Federal Contract Tower,6,58,7,2,73,0,45,9,0,54,6,103,16,2,127,0,0,0,127
07/16/2001,AKN,AK,AAL,WE,Federal Contract Tower,6,101,8,0,115,0,0,0,0,0,6,101,8,0,115,0,0,0,115
07/17/2001,AKN,AK,AAL,WE,Federal Contract Tower,9,59,6,0,74,0,56,21,0,77,9,115,27,0,151,0,0,0,151
07/18/2001,AKN,AK,AAL,WE,Federal Contract Tower,6,26,4,6,42,0,98,10,0,108,6,124,14,6,150,0,10,10,160
07/19/2001,AKN,AK,AAL,WE,Federal Contract Tower,4,20,3,2,29,2,71,15,0,88,6,91,18,2,117,0,0,0,117
07/20/2001,AKN,AK,AAL,WE,Federal Contract Tower,8,16,9,2,35,0,83,11,2,96,8,99,20,4,131,4,6,10,141
07/21/2001,AKN,AK,AAL,WE,Federal Contract Tower,4,21,5,0,30,3,66,15,0,84,7,87,20,0,114,9,0,9,123
07/22/2001,AKN,AK,AAL,WE,Federal Contract Tower,6,66,28,0,100,0,3,0,0,3,6,69,28,0,103,0,0,0,103
07/23/2001,AKN,AK,AAL,WE,Federal Contract Tower,6,86,12,3,107,0,0,0,0,0,6,86,12,3,107,0,0,0,107
07/24/2001,AKN,AK,AAL,WE,Federal Contract Tower,5,42,11,0,58,1,19,5,0,25,6,61,16,0,83,0,0,0,83
07/25/2001,AKN,AK,AAL,WE,Federal Contract Tower,6,21,2,5,34,2,65,19,1,87,8,86,21,6,121,0,0,0,121
07/26/2001,AKN,AK,AAL,WE,Federal Contract Tower,9,19,1,4,33,0,55,11,0,66,9,74,12,4,99,0,0,0,99
07/27/2001,AKN,AK,AAL,WE,Federal Contract Tower,4,11,2,3,20,2,63,15,1,81,6,74,17,4,101,0,0,0,101
07/28/2001,AKN,AK,AAL,WE,Federal Contract Tower,3,17,4,0,24,3,51,16,0,70,6,68,20,0,94,0,0,0,94
07/29/2001,AKN,AK,AAL,WE,Federal Contract Tower,3,15,3,0,21,1,45,12,2,60,4,60,15,2,81,0,20,20,101
07/30/2001,AKN,AK,AAL,WE,Federal Contract Tower,4,56,9,0,69,0,9,0,0,9,4,65,9,0,78,0,0,0,78
07/31/2001,AKN,AK,AAL,WE,Federal Contract Tower,7,11,0,6,24,1,39,13,0,53,8,50,13,6,77,0,0,0,77
08/01/2001,AKN,AK,AAL,WE,Federal Contract Tower,5,8,1,4,18,1,66,9,0,76,6,74,10,4,94,0,0,0,94
08/02/2001,AKN,AK,AAL,WE,Federal Contract Tower,4,40,11,2,57,0,17,0,0,17,4,57,11,2,74,12,0,12,86
08/03/2001,AKN,AK,AAL,WE,Federal Contract Tower,6,10,0,0,16,2,64,12,0,78,8,74,12,0,94,0,0,0,94
08/04/2001,AKN,AK,AAL,WE,Federal Contract Tower,5,16,1,0,22,0,72,12,0,84,5,88,13,0,106,0,0,0,106
08/05/2001,AKN,AK,AAL,WE,Federal Contract Tower,2,12,4,0,18,0,29,24,0,53,2,41,28,0,71,0,0,0,71
08/06/2001,AKN,AK,AAL,WE,Federal Contract Tower,4,40,13,2,59,0,11,2,0,13,4,51,15,2,72,0,0,0,72
08/07/2001,AKN,AK,AAL,WE,Federal Contract Tower,4,35,12,0,51,0,24,0,0,24,4,59,12,0,75,4,0,4,79
08/08/2001,AKN,AK,AAL,WE,Federal Contract Tower,5,14,0,0,19,1,45,11,0,57,6,59,11,0,76,6,0,6,82
08/09/2001,AKN,AK,AAL,WE,Federal Contract Tower,5,16,0,2,23,1,34,4,0,39,6,50,4,2,62,6,0,6,68
08/10/2001,AKN,AK,AAL,WE,Federal Contract Tower,5,12,2,2,21,1,50,8,0,59,6,62,10,2,80,0,14,14,94
08/11/2001,AKN,AK,AAL,WE,Federal Contract Tower,5,37,7,0,49,1,15,6,0,22,6,52,13,0,71,2,0,2,73
08/12/2001,AKN,AK,AAL,WE,Federal Contract Tower,2,13,3,0,18,0,27,11,0,38,2,40,14,0,56,0,0,0,56
08/13/2001,AKN,AK,AAL,WE,Federal Contract Tower,2,33,11,0,46,0,18,8,0,26,2,51,19,0,72,6,0,6,78
08/14/2001,AKN,AK,AAL,WE,Federal Contract Tower,3,32,8,2,45,0,30,1,0,31,3,62,9,2,76,0,0,0,76
08/15/2001,AKN,AK,AAL,WE,Federal Contract Tower,5,24,2,3,34,1,39,6,0,46,6,63,8,3,80,4,0,4,84
08/16/2001,AKN,AK,AAL,WE,Federal Contract Tower,3,31,8,3,45,1,22,6,0,29,4,53,14,3,74,2,6,8,82
08/17/2001,AKN,AK,AAL,WE,Federal Contract Tower,6,38,7,2,53,0,31,0,0,31,6,69,7,2,84,0,0,0,84
08/18/2001,AKN,AK,AAL,WE,Federal Contract Tower,6,19,7,0,32,0,46,9,0,55,6,65,16,0,87,0,0,0,87
08/19/2001,AKN,AK,AAL,WE,Federal Contract Tower,1,21,6,0,28,0,12,0,0,12,1,33,6,0,40,0,0,0,40
08/20/2001,AKN,AK,AAL,WE,Federal Contract Tower,3,8,0,0,11,1,39,4,0,44,4,47,4,0,55,0,0,0,55
08/21/2001,AKN,AK,AAL,WE,Federal Contract Tower,2,14,0,4,20,2,52,4,0,58,4,66,4,4,78,0,0,0,78
08/22/2001,AKN,AK,AAL,WE,Federal Contract Tower,3,10,1,6,20,4,62,9,0,75,7,72,10,6,95,6,0,6,101
08/23/2001,AKN,AK,AAL,WE,Federal Contract Tower,6,50,6,2,64,0,7,0,0,7,6,57,6,2,71,0,0,0,71
08/24/2001,AKN,AK,AAL,WE,Federal Contract Tower,6,34,7,0,47,0,34,0,0,34,6,68,7,0,81,0,0,0,81
08/25/2001,AKN,AK,AAL,WE,Federal Contract Tower,5,17,0,2,24,1,53,16,0,70,6,70,16,2,94,0,4,4,98
08/26/2001,AKN,AK,AAL,WE,Federal Contract Tower,2,9,4,0,15,0,39,19,2,60,2,48,23,2,75,2,8,10,85
08/27/2001,AKN,AK,AAL,WE,Federal Contract Tower,6,7,0,0,13,0,42,6,9,57,6,49,6,9,70,0,16,16,86
08/28/2001,AKN,AK,AAL,WE,Federal Contract Tower,4,11,1,6,22,0,51,2,5,58,4,62,3,11,80,0,14,14,94
08/29/2001,AKN,AK,AAL,WE,Federal Contract Tower,4,5,0,4,13,2,50,5,0,57,6,55,5,4,70,0,0,0,70
08/30/2001,AKN,AK,AAL,WE,Federal Contract Tower,4,27,6,2,39,0,27,0,0,27,4,54,6,2,66,4,0,4,70
08/31/2001,AKN,AK,AAL,WE,Federal Contract Tower,4,16,1,3,24,2,41,15,1,59,6,57,16,4,83,4,0,4,87
09/01/2001,AKN,AK,AAL,WE,Federal Contract Tower,4,38,8,0,50,0,10,3,0,13,4,48,11,0,63,20,0,20,83
09/02/2001,AKN,AK,AAL,WE,Federal Contract Tower,2,7,4,0,13,0,24,8,0,32,2,31,12,0,45,0,0,0,45
09/03/2001,AKN,AK,AAL,WE,Federal Contract Tower,3,12,0,0,15,1,37,8,0,46,4,49,8,0,61,0,0,0,61
09/04/2001,AKN,AK,AAL,WE,Federal Contract Tower,1,19,4,2,26,1,35,5,0,41,2,54,9,2,67,0,0,0,67
09/05/2001,AKN,AK,AAL,WE,Federal Contract Tower,4,11,2,4,21,0,56,12,2,70,4,67,14,6,91,0,0,0,91
09/06/2001,AKN,AK,AAL,WE,Federal Contract Tower,4,8,3,2,17,0,51,16,0,67,4,59,19,2,84,6,0,6,90
09/07/2001,AKN,AK,AAL,WE,Federal Contract Tower,5,9,5,2,21,1,53,22,0,76,6,62,27,2,97,0,4,4,101
09/08/2001,AKN,AK,AAL,WE,Federal Contract Tower,4,13,6,0,23,0,63,11,2,76,4,76,17,2,99,0,4,4,103
09/09/2001,AKN,AK,AAL,WE,Federal Contract Tower,2,11,3,0,16,0,48,30,0,78,2,59,33,0,94,0,0,0,94
09/10/2001,AKN,AK,AAL,WE,Federal Contract Tower,2,14,0,5,21,0,52,11,0,63,2,66,11,5,84,0,0,0,84
09/11/2001,AKN,AK,AAL,WE,Federal Contract Tower,0,0,0,1,1,0,0,0,2,2,0,0,0,3,3,0,0,0,3
09/12/2001,AKN,AK,AAL,WE,Federal Contract Tower,0,0,0,0,0,0,0,0,0,0,0,0,0,0,0,0,0,0,0
09/13/2001,AKN,AK,AAL,WE,Federal Contract Tower,3,12,2,4,21,1,60,15,2,78,4,72,17,6,99,0,0,0,99
09/14/2001,AKN,AK,AAL,WE,Federal Contract Tower,4,15,0,6,25,0,58,22,0,80,4,73,22,6,105,0,0,0,105
09/15/2001,AKN,AK,AAL,WE,Federal Contract Tower,8,12,1,0,21,1,53,29,0,83,9,65,30,0,104,2,0,2,106
09/16/2001,AKN,AK,AAL,WE,Federal Contract Tower,2,10,1,0,13,0,48,12,0,60,2,58,13,0,73,0,0,0,73
09/17/2001,AKN,AK,AAL,WE,Federal Contract Tower,2,6,0,1,9,0,49,6,0,55,2,55,6,1,64,2,15,17,81
09/18/2001,AKN,AK,AAL,WE,Federal Contract Tower,4,13,2,0,19,0,43,7,0,50,4,56,9,0,69,4,0,4,73
09/19/2001,AKN,AK,AAL,WE,Federal Contract Tower,4,10,1,4,19,2,50,19,0,71,6,60,20,4,90,0,0,0,90
09/20/2001,AKN,AK,AAL,WE,Federal Contract Tower,6,10,0,2,18,0,46,3,0,49,6,56,3,2,67,0,0,0,67
09/21/2001,AKN,AK,AAL,WE,Federal Contract Tower,3,8,0,0,11,1,44,9,0,54,4,52,9,0,65,0,0,0,65
09/22/2001,AKN,AK,AAL,WE,Federal Contract Tower,2,15,4,0,21,2,40,36,0,78,4,55,40,0,99,4,0,4,103
09/23/2001,AKN,AK,AAL,WE,Federal Contract Tower,2,8,0,0,10,0,28,10,0,38,2,36,10,0,48,0,0,0,48
09/24/2001,AKN,AK,AAL,WE,Federal Contract Tower,2,10,1,0,13,0,37,15,0,52,2,47,16,0,65,0,0,0,65
09/25/2001,AKN,AK,AAL,WE,Federal Contract Tower,4,8,1,2,15,0,32,15,0,47,4,40,16,2,62,0,0,0,62
09/26/2001,AKN,AK,AAL,WE,Federal Contract Tower,4,8,1,2,15,0,54,20,0,74,4,62,21,2,89,2,0,2,91
09/27/2001,AKN,AK,AAL,WE,Federal Contract Tower,4,8,0,2,14,0,52,28,0,80,4,60,28,2,94,7,0,7,101
09/28/2001,AKN,AK,AAL,WE,Federal Contract Tower,6,8,0,0,14,0,46,8,0,54,6,54,8,0,68,0,0,0,68
09/29/2001,AKN,AK,AAL,WE,Federal Contract Tower,6,10,0,0,16,0,51,18,0,69,6,61,18,0,85,6,0,6,91
09/30/2001,AKN,AK,AAL,WE,Federal Contract Tower,2,6,1,0,9,0,52,13,0,65,2,58,14,0,74,0,0,0,74
10/01/2001,AKN,AK,AAL,WE,Federal Contract Tower,2,8,0,0,10,0,39,10,0,49,2,47,10,0,59,0,0,0,59
10/02/2001,AKN,AK,AAL,WE,Federal Contract Tower,3,12,0,2,17,1,43,13,0,57,4,55,13,2,74,8,0,8,82
10/03/2001,AKN,AK,AAL,WE,Federal Contract Tower,4,7,1,2,14,0,33,3,0,36,4,40,4,2,50,0,0,0,50
10/04/2001,AKN,AK,AAL,WE,Federal Contract Tower,4,17,2,2,25,0,39,3,0,42,4,56,5,2,67,0,0,0,67
10/05/2001,AKN,AK,AAL,WE,Federal Contract Tower,6,8,1,0,15,0,69,8,0,77,6,77,9,0,92,14,0,14,106
10/06/2001,AKN,AK,AAL,WE,Federal Contract Tower,4,12,0,0,16,0,55,7,0,62,4,67,7,0,78,0,0,0,78
10/07/2001,AKN,AK,AAL,WE,Federal Contract Tower,2,7,0,0,9,0,46,11,0,57,2,53,11,0,66,0,0,0,66
10/08/2001,AKN,AK,AAL,WE,Federal Contract Tower,2,6,0,0,8,0,60,9,0,69,2,66,9,0,77,0,0,0,77
10/09/2001,AKN,AK,AAL,WE,Federal Contract Tower,4,15,4,2,25,0,41,14,0,55,4,56,18,2,80,4,0,4,84
10/10/2001,AKN,AK,AAL,WE,Federal Contract Tower,4,11,0,6,21,0,44,11,0,55,4,55,11,6,76,0,2,2,78
10/11/2001,AKN,AK,AAL,WE,Federal Contract Tower,4,13,1,2,20,0,41,14,0,55,4,54,15,2,75,0,0,0,75
10/12/2001,AKN,AK,AAL,WE,Federal Contract Tower,3,9,2,0,14,1,54,16,0,71,4,63,18,0,85,0,0,0,85
10/13/2001,AKN,AK,AAL,WE,Federal Contract Tower,4,6,0,0,10,0,44,9,0,53,4,50,9,0,63,6,0,6,69
10/14/2001,AKN,AK,AAL,WE,Federal Contract Tower,2,25,1,0,28,0,22,10,0,32,2,47,11,0,60,0,0,0,60
10/15/2001,AKN,AK,AAL,WE,Federal Contract Tower,1,7,0,2,10,1,54,10,0,65,2,61,10,2,75,0,0,0,75
10/16/2001,AKN,AK,AAL,WE,Federal Contract Tower,3,19,0,2,24,0,34,9,0,43,3,53,9,2,67,0,0,0,67
10/17/2001,AKN,AK,AAL,WE,Federal Contract Tower,6,13,2,3,24,0,41,0,0,41,6,54,2,3,65,0,0,0,65
10/18/2001,AKN,AK,AAL,WE,Federal Contract Tower,4,12,1,2,19,0,48,9,0,57,4,60,10,2,76,8,0,8,84
10/19/2001,AKN,AK,AAL,WE,Federal Contract Tower,4,10,2,2,18,0,51,16,0,67,4,61,18,2,85,0,0,0,85
10/20/2001,AKN,AK,AAL,WE,Federal Contract Tower,4,15,0,0,19,0,32,1,0,33,4,47,1,0,52,0,0,0,52
10/21/2001,AKN,AK,AAL,WE,Federal Contract Tower,3,7,1,0,11,1,41,4,0,46,4,48,5,0,57,0,0,0,57
10/22/2001,AKN,AK,AAL,WE,Federal Contract Tower,2,7,0,0,9,0,41,5,0,46,2,48,5,0,55,0,0,0,55
10/23/2001,AKN,AK,AAL,WE,Federal Contract Tower,4,8,0,2,14,0,46,19,0,65,4,54,19,2,79,4,0,4,83
10/24/2001,AKN,AK,AAL,WE,Federal Contract Tower,6,7,0,2,15,0,39,18,0,57,6,46,18,2,72,0,0,0,72
10/25/2001,AKN,AK,AAL,WE,Federal Contract Tower,4,8,0,2,14,0,30,4,0,34,4,38,4,2,48,0,0,0,48
10/26/2001,AKN,AK,AAL,WE,Federal Contract Tower,4,5,0,2,11,0,35,4,0,39,4,40,4,2,50,4,0,4,54
10/27/2001,AKN,AK,AAL,WE,Federal Contract Tower,5,9,0,1,15,1,25,4,1,31,6,34,4,2,46,0,2,2,48
10/28/2001,AKN,AK,AAL,WE,Federal Contract Tower,0,9,0,0,9,0,32,3,0,35,0,41,3,0,44,0,0,0,44
10/29/2001,AKN,AK,AAL,WE,Federal Contract Tower,0,7,0,3,10,0,25,3,1,29,0,32,3,4,39,1,12,13,52
10/30/2001,AKN,AK,AAL,WE,Federal Contract Tower,5,8,0,3,16,1,38,9,3,51,6,46,9,6,67,0,38,38,105
10/31/2001,AKN,AK,AAL,WE,Federal Contract Tower,2,10,0,4,16,0,25,0,2,27,2,35,0,6,43,2,0,2,45
11/01/2001,AKN,AK,AAL,WE,Federal Contract Tower,6,11,0,0,17,0,28,0,0,28,6,39,0,0,45,4,0,4,49
11/02/2001,AKN,AK,AAL,WE,Federal Contract Tower,0,17,0,2,19,0,38,3,0,41,0,55,3,2,60,0,0,0,60
11/03/2001,AKN,AK,AAL,WE,Federal Contract Tower,4,10,0,0,14,0,22,2,2,26,4,32,2,2,40,0,0,0,40
11/04/2001,AKN,AK,AAL,WE,Federal Contract Tower,0,6,0,0,6,0,21,1,0,22,0,27,1,0,28,0,0,0,28
11/05/2001,AKN,AK,AAL,WE,Federal Contract Tower,0,19,3,0,22,0,21,12,0,33,0,40,15,0,55,0,0,0,55
11/06/2001,AKN,AK,AAL,WE,Federal Contract Tower,6,12,0,4,22,0,38,8,0,46,6,50,8,4,68,2,0,2,70
11/07/2001,AKN,AK,AAL,WE,Federal Contract Tower,2,11,0,2,15,0,44,3,0,47,2,55,3,2,62,9,0,9,71
11/08/2001,AKN,AK,AAL,WE,Federal Contract Tower,5,8,0,2,15,1,27,4,2,34,6,35,4,4,49,0,0,0,49
11/09/2001,AKN,AK,AAL,WE,Federal Contract Tower,2,8,0,0,10,0,35,4,2,41,2,43,4,2,51,0,0,0,51
11/10/2001,AKN,AK,AAL,WE,Federal Contract Tower,4,7,0,0,11,0,18,4,2,24,4,25,4,2,35,10,16,26,61
11/11/2001,AKN,AK,AAL,WE,Federal Contract Tower,0,8,0,1,9,0,21,2,1,24,0,29,2,2,33,0,10,10,43
11/12/2001,AKN,AK,AAL,WE,Federal Contract Tower,0,6,0,1,7,0,34,4,2,40,0,40,4,3,47,0,14,14,61
11/13/2001,AKN,AK,AAL,WE,Federal Contract Tower,4,11,0,0,15,0,26,0,0,26,4,37,0,0,41,0,0,0,41
11/14/2001,AKN,AK,AAL,WE,Federal Contract Tower,2,10,1,6,19,0,31,3,0,34,2,41,4,6,53,0,22,22,75
11/15/2001,AKN,AK,AAL,WE,Federal Contract Tower,4,11,0,4,19,0,26,4,0,30,4,37,4,4,49,4,0,4,53
11/16/2001,AKN,AK,AAL,WE,Federal Contract Tower,1,7,0,1,9,0,45,1,1,47,1,52,1,2,56,0,0,0,56
11/17/2001,AKN,AK,AAL,WE,Federal Contract Tower,4,9,0,0,13,0,30,0,0,30,4,39,0,0,43,0,0,0,43
11/18/2001,AKN,AK,AAL,WE,Federal Contract Tower,0,7,0,0,7,0,23,1,0,24,0,30,1,0,31,0,0,0,31
11/19/2001,AKN,AK,AAL,WE,Federal Contract Tower,2,6,0,1,9,0,29,3,1,33,2,35,3,2,42,0,16,16,58
11/20/2001,AKN,AK,AAL,WE,Federal Contract Tower,3,9,0,2,14,1,25,5,2,33,4,34,5,4,47,28,5,33,80
11/21/2001,AKN,AK,AAL,WE,Federal Contract Tower,2,11,0,5,18,0,29,3,1,33,2,40,3,6,51,0,4,4,55
11/22/2001,AKN,AK,AAL,WE,Federal Contract Tower,0,3,1,0,4,0,1,1,0,2,0,4,2,0,6,0,0,0,6
11/23/2001,AKN,AK,AAL,WE,Federal Contract Tower,0,10,0,0,10,0,15,2,0,17,0,25,2,0,27,12,0,12,39
11/24/2001,AKN,AK,AAL,WE,Federal Contract Tower,5,10,0,0,15,1,17,4,0,22,6,27,4,0,37,0,0,0,37
11/25/2001,AKN,AK,AAL,WE,Federal Contract Tower,0,7,2,1,10,0,21,4,4,29,0,28,6,5,39,0,10,10,49
11/26/2001,AKN,AK,AAL,WE,Federal Contract Tower,0,9,0,1,10,0,26,6,3,35,0,35,6,4,45,0,32,32,77
11/27/2001,AKN,AK,AAL,WE,Federal Contract Tower,3,11,0,1,15,0,20,9,0,29,3,31,9,1,44,0,0,0,44
11/28/2001,AKN,AK,AAL,WE,Federal Contract Tower,2,11,0,1,14,0,31,3,1,35,2,42,3,2,49,4,0,4,53
11/29/2001,AKN,AK,AAL,WE,Federal Contract Tower,2,13,0,6,21,0,31,10,0,41,2,44,10,6,62,8,0,8,70
11/30/2001,AKN,AK,AAL,WE,Federal Contract Tower,2,10,0,2,14,0,41,6,0,47,2,51,6,2,61,0,0,0,61
12/01/2001,AKN,AK,AAL,WE,Federal Contract Tower,2,12,0,0,14,0,12,0,0,12,2,24,0,0,26,0,0,0,26
12/02/2001,AKN,AK,AAL,WE,Federal Contract Tower,2,10,3,0,15,0,19,0,0,19,2,29,3,0,34,0,0,0,34
12/03/2001,AKN,AK,AAL,WE,Federal Contract Tower,0,8,0,2,10,0,31,3,0,34,0,39,3,2,44,10,0,10,54
12/04/2001,AKN,AK,AAL,WE,Federal Contract Tower,3,14,0,0,17,1,35,9,0,45,4,49,9,0,62,8,0,8,70
12/05/2001,AKN,AK,AAL,WE,Federal Contract Tower,4,10,0,3,17,0,38,7,1,46,4,48,7,4,63,0,0,0,63
12/06/2001,AKN,AK,AAL,WE,Federal Contract Tower,3,8,0,2,13,1,38,0,0,39,4,46,0,2,52,14,0,14,66
12/07/2001,AKN,AK,AAL,WE,Federal Contract Tower,2,7,0,2,11,0,33,2,0,35,2,40,2,2,46,0,0,0,46
12/08/2001,AKN,AK,AAL,WE,Federal Contract Tower,5,10,0,0,15,1,12,0,0,13,6,22,0,0,28,0,0,0,28
12/09/2001,AKN,AK,AAL,WE,Federal Contract Tower,0,18,0,0,18,0,11,0,0,11,0,29,0,0,29,0,0,0,29
12/10/2001,AKN,AK,AAL,WE,Federal Contract Tower,0,23,0,2,25,0,4,0,0,4,0,27,0,2,29,0,0,0,29
12/11/2001,AKN,AK,AAL,WE,Federal Contract Tower,6,11,0,4,21,0,12,1,0,13,6,23,1,4,34,0,0,0,34
12/12/2001,AKN,AK,AAL,WE,Federal Contract Tower,2,7,0,4,13,0,33,2,0,35,2,40,2,4,48,0,0,0,48
12/13/2001,AKN,AK,AAL,WE,Federal Contract Tower,7,7,0,1,15,1,35,10,1,47,8,42,10,2,62,0,8,8,70
12/14/2001,AKN,AK,AAL,WE,Federal Contract Tower,0,18,0,2,20,0,22,0,0,22,0,40,0,2,42,2,0,2,44
12/15/2001,AKN,AK,AAL,WE,Federal Contract Tower,4,9,0,0,13,0,19,0,0,19,4,28,0,0,32,0,0,0,32
12/16/2001,AKN,AK,AAL,WE,Federal Contract Tower,0,6,0,0,6,0,18,4,0,22,0,24,4,0,28,0,0,0,28
12/17/2001,AKN,AK,AAL,WE,Federal Contract Tower,0,6,0,0,6,0,34,1,0,35,0,40,1,0,41,0,0,0,41
12/18/2001,AKN,AK,AAL,WE,Federal Contract Tower,6,8,0,2,16,0,16,2,2,20,6,24,2,4,36,0,0,0,36
12/19/2001,AKN,AK,AAL,WE,Federal Contract Tower,0,9,0,2,11,0,19,0,2,21,0,28,0,4,32,0,0,0,32
12/20/2001,AKN,AK,AAL,WE,Federal Contract Tower,4,14,0,0,18,0,27,1,0,28,4,41,1,0,46,0,0,0,46
12/21/2001,AKN,AK,AAL,WE,Federal Contract Tower,2,15,0,2,19,0,31,0,0,31,2,46,0,2,50,0,0,0,50
12/22/2001,AKN,AK,AAL,WE,Federal Contract Tower,4,10,0,0,14,0,26,1,0,27,4,36,1,0,41,0,0,0,41
12/23/2001,AKN,AK,AAL,WE,Federal Contract Tower,0,7,0,0,7,0,22,2,0,24,0,29,2,0,31,0,0,0,31
12/24/2001,AKN,AK,AAL,WE,Federal Contract Tower,0,8,0,0,8,0,18,0,0,18,0,26,0,0,26,0,0,0,26
12/25/2001,AKN,AK,AAL,WE,Federal Contract Tower,0,0,0,0,0,0,0,0,0,0,0,0,0,0,0,0,0,0,0
12/26/2001,AKN,AK,AAL,WE,Federal Contract Tower,2,9,0,0,11,0,11,0,0,11,2,20,0,0,22,0,0,0,22
12/27/2001,AKN,AK,AAL,WE,Federal Contract Tower,6,15,0,4,25,0,10,0,0,10,6,25,0,4,35,0,0,0,35
12/28/2001,AKN,AK,AAL,WE,Federal Contract Tower,2,13,0,0,15,0,14,2,0,16,2,27,2,0,31,0,0,0,31
12/29/2001,AKN,AK,AAL,WE,Federal Contract Tower,4,13,0,0,17,0,16,0,0,16,4,29,0,0,33,0,0,0,33
12/30/2001,AKN,AK,AAL,WE,Federal Contract Tower,0,12,0,0,12,0,23,4,0,27,0,35,4,0,39,0,0,0,39
12/31/2001,AKN,AK,AAL,WE,Federal Contract Tower,0,9,0,0,9,0,23,2,0,25,0,32,2,0,34,0,0,0,34
01/01/2002,AKN,AK,AAL,WE,Federal Contract Tower,2,5,0,0,7,0,0,2,0,2,2,5,2,0,9,0,0,0,9
01/02/2002,AKN,AK,AAL,WE,Federal Contract Tower,0,15,1,4,20,0,5,1,0,6,0,20,2,4,26,0,0,0,26
01/03/2002,AKN,AK,AAL,WE,Federal Contract Tower,5,19,1,2,27,1,3,0,0,4,6,22,1,2,31,0,0,0,31
01/04/2002,AKN,AK,AAL,WE,Federal Contract Tower,0,14,0,2,16,0,19,0,2,21,0,33,0,4,37,0,0,0,37
01/05/2002,AKN,AK,AAL,WE,Federal Contract Tower,6,14,0,0,20,0,22,2,0,24,6,36,2,0,44,0,0,0,44
01/06/2002,AKN,AK,AAL,WE,Federal Contract Tower,0,13,0,0,13,0,6,0,0,6,0,19,0,0,19,5,0,5,24
01/07/2002,AKN,AK,AAL,WE,Federal Contract Tower,0,10,0,2,12,0,22,0,0,22,0,32,0,2,34,0,0,0,34
01/08/2002,AKN,AK,AAL,WE,Federal Contract Tower,6,17,0,2,25,0,18,0,0,18,6,35,0,2,43,0,0,0,43
01/09/2002,AKN,AK,AAL,WE,Federal Contract Tower,0,16,0,2,18,0,18,2,2,22,0,34,2,4,40,0,0,0,40
01/10/2002,AKN,AK,AAL,WE,Federal Contract Tower,6,17,0,4,27,0,16,1,0,17,6,33,1,4,44,0,0,0,44
01/11/2002,AKN,AK,AAL,WE,Federal Contract Tower,0,17,2,1,20,0,26,1,1,28,0,43,3,2,48,14,18,32,80
01/12/2002,AKN,AK,AAL,WE,Federal Contract Tower,6,12,0,0,18,0,25,0,0,25,6,37,0,0,43,0,0,0,43
01/13/2002,AKN,AK,AAL,WE,Federal Contract Tower,0,19,0,0,19,0,12,1,0,13,0,31,1,0,32,0,0,0,32
01/14/2002,AKN,AK,AAL,WE,Federal Contract Tower,0,16,0,4,20,0,27,0,2,29,0,43,0,6,49,0,18,18,67
01/15/2002,AKN,AK,AAL,WE,Federal Contract Tower,2,14,0,4,20,2,27,7,2,38,4,41,7,6,58,0,0,0,58
01/16/2002,AKN,AK,AAL,WE,Federal Contract Tower,3,14,0,2,19,0,37,0,0,37,3,51,0,2,56,0,0,0,56
01/17/2002,AKN,AK,AAL,WE,Federal Contract Tower,6,22,0,3,31,0,27,4,1,32,6,49,4,4,63,0,6,6,69
01/18/2002,AKN,AK,AAL,WE,Federal Contract Tower,2,21,0,0,23,0,9,0,0,9,2,30,0,0,32,0,0,0,32
01/19/2002,AKN,AK,AAL,WE,Federal Contract Tower,4,18,0,0,22,0,17,0,0,17,4,35,0,0,39,0,0,0,39
01/20/2002,AKN,AK,AAL,WE,Federal Contract Tower,0,12,0,0,12,0,36,0,0,36,0,48,0,0,48,0,0,0,48
01/21/2002,AKN,AK,AAL,WE,Federal Contract Tower,0,6,0,0,6,0,18,8,0,26,0,24,8,0,32,0,0,0,32
01/22/2002,AKN,AK,AAL,WE,Federal Contract Tower,4,16,3,0,23,0,13,0,0,13,4,29,3,0,36,0,0,0,36
01/23/2002,AKN,AK,AAL,WE,Federal Contract Tower,2,22,0,1,25,0,27,1,0,28,2,49,1,1,53,10,0,10,63
01/24/2002,AKN,AK,AAL,WE,Federal Contract Tower,5,12,0,2,19,0,19,0,0,19,5,31,0,2,38,2,4,6,44
01/25/2002,AKN,AK,AAL,WE,Federal Contract Tower,0,6,0,0,6,0,33,3,0,36,0,39,3,0,42,2,0,2,44
01/26/2002,AKN,AK,AAL,WE,Federal Contract Tower,6,14,0,0,20,0,5,0,0,5,6,19,0,0,25,0,0,0,25
01/27/2002,AKN,AK,AAL,WE,Federal Contract Tower,0,10,0,0,10,0,0,0,0,0,0,10,0,0,10,0,0,0,10
01/28/2002,AKN,AK,AAL,WE,Federal Contract Tower,0,6,0,2,8,0,23,2,2,27,0,29,2,4,35,0,14,14,49
01/29/2002,AKN,AK,AAL,WE,Federal Contract Tower,3,11,0,2,16,0,14,1,0,15,3,25,1,2,31,20,0,20,51
01/30/2002,AKN,AK,AAL,WE,Federal Contract Tower,2,34,0,4,40,0,7,0,0,7,2,41,0,4,47,0,0,0,47
01/31/2002,AKN,AK,AAL,WE,Federal Contract Tower,6,16,0,1,23,0,22,0,3,25,6,38,0,4,48,6,0,6,54
02/01/2002,AKN,AK,AAL,WE,Federal Contract Tower,0,11,0,2,13,0,40,2,0,42,0,51,2,2,55,0,0,0,55
02/02/2002,AKN,AK,AAL,WE,Federal Contract Tower,2,6,0,0,8,0,32,4,0,36,2,38,4,0,44,0,0,0,44
02/03/2002,AKN,AK,AAL,WE,Federal Contract Tower,0,7,0,0,7,0,25,0,0,25,0,32,0,0,32,0,0,0,32
02/04/2002,AKN,AK,AAL,WE,Federal Contract Tower,0,8,0,2,10,0,30,10,0,40,0,38,10,2,50,6,0,6,56
02/05/2002,AKN,AK,AAL,WE,Federal Contract Tower,5,11,0,0,16,1,24,1,0,26,6,35,1,0,42,13,0,13,55
02/06/2002,AKN,AK,AAL,WE,Federal Contract Tower,4,11,0,6,21,0,35,6,0,41,4,46,6,6,62,22,0,22,84
02/07/2002,AKN,AK,AAL,WE,Federal Contract Tower,4,9,0,0,13,0,20,5,0,25,4,29,5,0,38,0,0,0,38
02/08/2002,AKN,AK,AAL,WE,Federal Contract Tower,0,18,3,0,21,0,40,7,0,47,0,58,10,0,68,2,0,2,70
02/09/2002,AKN,AK,AAL,WE,Federal Contract Tower,6,14,1,0,21,0,4,1,0,5,6,18,2,0,26,0,0,0,26
02/10/2002,AKN,AK,AAL,WE,Federal Contract Tower,0,12,0,0,12,0,18,1,0,19,0,30,1,0,31,0,0,0,31
02/11/2002,AKN,AK,AAL,WE,Federal Contract Tower,0,13,0,1,14,0,13,2,0,15,0,26,2,1,29,0,0,0,29
02/12/2002,AKN,AK,AAL,WE,Federal Contract Tower,4,16,0,0,20,0,33,4,2,39,4,49,4,2,59,0,0,0,59
02/13/2002,AKN,AK,AAL,WE,Federal Contract Tower,0,12,0,4,16,0,18,1,0,19,0,30,1,4,35,2,0,2,37
02/14/2002,AKN,AK,AAL,WE,Federal Contract Tower,6,15,0,6,27,0,23,4,0,27,6,38,4,6,54,0,0,0,54
02/15/2002,AKN,AK,AAL,WE,Federal Contract Tower,0,8,0,1,9,0,21,12,2,35,0,29,12,3,44,18,10,28,72
02/16/2002,AKN,AK,AAL,WE,Federal Contract Tower,6,9,0,0,15,0,20,2,0,22,6,29,2,0,37,0,0,0,37
02/17/2002,AKN,AK,AAL,WE,Federal Contract Tower,0,11,0,0,11,0,6,2,0,8,0,17,2,0,19,0,0,0,19
02/18/2002,AKN,AK,AAL,WE,Federal Contract Tower,0,6,0,0,6,0,27,3,0,30,0,33,3,0,36,0,0,0,36
02/19/2002,AKN,AK,AAL,WE,Federal Contract Tower,4,7,0,4,15,0,28,8,0,36,4,35,8,4,51,10,0,10,61
02/20/2002,AKN,AK,AAL,WE,Federal Contract Tower,0,10,0,2,12,0,42,9,0,51,0,52,9,2,63,21,0,21,84
02/21/2002,AKN,AK,AAL,WE,Federal Contract Tower,5,9,0,0,14,1,23,1,2,27,6,32,1,2,41,0,0,0,41
02/22/2002,AKN,AK,AAL,WE,Federal Contract Tower,0,13,0,0,13,0,22,0,0,22,0,35,0,0,35,0,0,0,35
02/23/2002,AKN,AK,AAL,WE,Federal Contract Tower,3,7,0,0,10,1,23,8,0,32,4,30,8,0,42,0,0,0,42
02/24/2002,AKN,AK,AAL,WE,Federal Contract Tower,2,8,0,0,10,0,14,1,0,15,2,22,1,0,25,0,0,0,25
02/25/2002,AKN,AK,AAL,WE,Federal Contract Tower,0,5,1,0,6,0,26,3,0,29,0,31,4,0,35,2,0,2,37
02/26/2002,AKN,AK,AAL,WE,Federal Contract Tower,8,10,0,2,20,0,22,4,0,26,8,32,4,2,46,0,0,0,46
02/27/2002,AKN,AK,AAL,WE,Federal Contract Tower,4,10,0,2,16,0,25,3,0,28,4,35,3,2,44,0,0,0,44
02/28/2002,AKN,AK,AAL,WE,Federal Contract Tower,4,8,0,2,14,0,36,5,0,41,4,44,5,2,55,8,0,8,63
03/01/2002,AKN,AK,AAL,WE,Federal Contract Tower,0,10,0,0,10,0,40,6,0,46,0,50,6,0,56,0,0,0,56
03/02/2002,AKN,AK,AAL,WE,Federal Contract Tower,4,9,0,2,15,0,29,8,0,37,4,38,8,2,52,2,0,2,54
03/03/2002,AKN,AK,AAL,WE,Federal Contract Tower,0,6,0,0,6,0,25,4,0,29,0,31,4,0,35,0,0,0,35
03/04/2002,AKN,AK,AAL,WE,Federal Contract Tower,0,6,0,5,11,0,38,4,1,43,0,44,4,6,54,0,0,0,54
03/05/2002,AKN,AK,AAL,WE,Federal Contract Tower,2,10,1,5,18,2,17,7,4,30,4,27,8,9,48,10,3,13,61
03/06/2002,AKN,AK,AAL,WE,Federal Contract Tower,2,8,0,2,12,0,19,9,0,28,2,27,9,2,40,0,0,0,40
03/07/2002,AKN,AK,AAL,WE,Federal Contract Tower,8,8,1,0,17,0,28,12,0,40,8,36,13,0,57,0,0,0,57
03/08/2002,AKN,AK,AAL,WE,Federal Contract Tower,0,10,0,0,10,0,38,4,0,42,0,48,4,0,52,0,0,0,52
03/09/2002,AKN,AK,AAL,WE,Federal Contract Tower,4,9,0,0,13,2,32,12,0,46,6,41,12,0,59,0,0,0,59
03/10/2002,AKN,AK,AAL,WE,Federal Contract Tower,0,8,0,2,10,0,18,3,2,23,0,26,3,4,33,0,6,6,39
03/11/2002,AKN,AK,AAL,WE,Federal Contract Tower,2,6,0,2,10,0,23,2,5,30,2,29,2,7,40,0,0,0,40
03/12/2002,AKN,AK,AAL,WE,Federal Contract Tower,6,10,1,2,19,0,22,2,0,24,6,32,3,2,43,0,0,0,43
03/13/2002,AKN,AK,AAL,WE,Federal Contract Tower,2,13,0,9,24,0,18,2,0,20,2,31,2,9,44,0,0,0,44
03/14/2002,AKN,AK,AAL,WE,Federal Contract Tower,6,7,0,2,15,0,32,2,0,34,6,39,2,2,49,0,0,0,49
03/15/2002,AKN,AK,AAL,WE,Federal Contract Tower,4,12,0,0,16,0,31,0,0,31,4,43,0,0,47,0,0,0,47
03/16/2002,AKN,AK,AAL,WE,Federal Contract Tower,5,10,0,0,15,1,21,0,0,22,6,31,0,0,37,0,0,0,37
03/17/2002,AKN,AK,AAL,WE,Federal Contract Tower,0,5,0,2,7,0,24,11,0,35,0,29,11,2,42,14,0,14,56
03/18/2002,AKN,AK,AAL,WE,Federal Contract Tower,0,11,1,0,12,0,25,3,0,28,0,36,4,0,40,0,0,0,40
03/19/2002,AKN,AK,AAL,WE,Federal Contract Tower,4,9,0,4,17,0,35,13,3,51,4,44,13,7,68,0,12,12,80
03/20/2002,AKN,AK,AAL,WE,Federal Contract Tower,2,12,0,11,25,0,41,11,1,53,2,53,11,12,78,0,0,0,78
03/21/2002,AKN,AK,AAL,WE,Federal Contract Tower,4,7,0,8,19,0,27,10,5,42,4,34,10,13,61,0,0,0,61
03/22/2002,AKN,AK,AAL,WE,Federal Contract Tower,0,7,0,4,11,0,27,8,0,35,0,34,8,4,46,0,0,0,46
03/23/2002,AKN,AK,AAL,WE,Federal Contract Tower,4,8,0,0,12,0,37,8,0,45,4,45,8,0,57,8,0,8,65
03/24/2002,AKN,AK,AAL,WE,Federal Contract Tower,0,6,0,0,6,0,27,4,0,31,0,33,4,0,37,0,0,0,37
03/25/2002,AKN,AK,AAL,WE,Federal Contract Tower,2,10,2,4,18,0,13,0,0,13,2,23,2,4,31,14,4,18,49
03/26/2002,AKN,AK,AAL,WE,Federal Contract Tower,6,10,0,2,18,0,20,6,0,26,6,30,6,2,44,0,0,0,44
03/27/2002,AKN,AK,AAL,WE,Federal Contract Tower,0,9,0,2,11,0,30,2,0,32,0,39,2,2,43,0,0,0,43
03/28/2002,AKN,AK,AAL,WE,Federal Contract Tower,6,7,3,2,18,0,27,5,0,32,6,34,8,2,50,6,0,6,56
03/29/2002,AKN,AK,AAL,WE,Federal Contract Tower,0,13,0,3,16,0,23,10,1,34,0,36,10,4,50,8,2,10,60
03/30/2002,AKN,AK,AAL,WE,Federal Contract Tower,4,8,0,0,12,2,27,8,0,37,6,35,8,0,49,0,0,0,49
03/31/2002,AKN,AK,AAL,WE,Federal Contract Tower,0,4,0,0,4,0,4,6,0,10,0,8,6,0,14,0,0,0,14
04/01/2002,AKN,AK,AAL,WE,Federal Contract Tower,0,5,0,2,7,0,26,7,2,35,0,31,7,4,42,0,16,16,58
04/02/2002,AKN,AK,AAL,WE,Federal Contract Tower,5,10,0,4,19,1,33,17,2,53,6,43,17,6,72,0,2,2,74
04/03/2002,AKN,AK,AAL,WE,Federal Contract Tower,0,7,0,2,9,0,34,5,0,39,0,41,5,2,48,19,0,19,67
04/04/2002,AKN,AK,AAL,WE,Federal Contract Tower,6,7,0,0,13,0,23,10,2,35,6,30,10,2,48,0,8,8,56
04/05/2002,AKN,AK,AAL,WE,Federal Contract Tower,2,7,2,0,11,0,34,11,0,45,2,41,13,0,56,0,0,0,56
04/06/2002,AKN,AK,AAL,WE,Federal Contract Tower,4,8,0,0,12,0,21,8,0,29,4,29,8,0,41,0,0,0,41
04/07/2002,AKN,AK,AAL,WE,Federal Contract Tower,0,6,2,0,8,0,24,16,0,40,0,30,18,0,48,0,0,0,48
04/08/2002,AKN,AK,AAL,WE,Federal Contract Tower,0,7,0,0,7,0,37,3,2,42,0,44,3,2,49,0,6,6,55
04/09/2002,AKN,AK,AAL,WE,Federal Contract Tower,6,10,0,2,18,0,30,2,0,32,6,40,2,2,50,0,0,0,50
04/10/2002,AKN,AK,AAL,WE,Federal Contract Tower,0,9,0,2,11,0,33,3,2,38,0,42,3,4,49,6,6,12,61
04/11/2002,AKN,AK,AAL,WE,Federal Contract Tower,6,9,1,1,17,0,21,1,1,23,6,30,2,2,40,2,0,2,42
04/12/2002,AKN,AK,AAL,WE,Federal Contract Tower,1,8,0,2,11,0,24,7,2,33,1,32,7,4,44,0,7,7,51
04/13/2002,AKN,AK,AAL,WE,Federal Contract Tower,6,12,0,0,18,0,16,0,0,16,6,28,0,0,34,0,0,0,34
04/14/2002,AKN,AK,AAL,WE,Federal Contract Tower,0,6,0,0,6,0,12,0,0,12,0,18,0,0,18,0,0,0,18
04/15/2002,AKN,AK,AAL,WE,Federal Contract Tower,0,6,0,2,8,0,27,9,0,36,0,33,9,2,44,0,0,0,44
04/16/2002,AKN,AK,AAL,WE,Federal Contract Tower,6,10,0,2,18,0,32,9,0,41,6,42,9,2,59,4,0,4,63
04/17/2002,AKN,AK,AAL,WE,Federal Contract Tower,0,13,0,4,17,0,24,0,0,24,0,37,0,4,41,0,0,0,41
04/18/2002,AKN,AK,AAL,WE,Federal Contract Tower,5,12,0,2,19,0,21,2,0,23,5,33,2,2,42,0,0,0,42
04/19/2002,AKN,AK,AAL,WE,Federal Contract Tower,3,24,1,0,28,1,38,5,0,44,4,62,6,0,72,2,0,2,74
04/20/2002,AKN,AK,AAL,WE,Federal Contract Tower,4,13,0,0,17,0,26,1,0,27,4,39,1,0,44,0,0,0,44
04/21/2002,AKN,AK,AAL,WE,Federal Contract Tower,0,8,0,2,10,0,35,9,0,44,0,43,9,2,54,0,2,2,56
04/22/2002,AKN,AK,AAL,WE,Federal Contract Tower,0,6,1,4,11,0,36,15,0,51,0,42,16,4,62,0,2,2,64
04/23/2002,AKN,AK,AAL,WE,Federal Contract Tower,4,8,0,1,13,1,43,14,0,58,5,51,14,1,71,8,0,8,79
04/24/2002,AKN,AK,AAL,WE,Federal Contract Tower,0,9,1,2,12,0,33,26,0,59,0,42,27,2,71,0,0,0,71
04/25/2002,AKN,AK,AAL,WE,Federal Contract Tower,4,5,0,0,9,4,36,14,0,54,8,41,14,0,63,4,0,4,67
04/26/2002,AKN,AK,AAL,WE,Federal Contract Tower,4,20,5,0,29,0,30,15,0,45,4,50,20,0,74,22,0,22,96
04/27/2002,AKN,AK,AAL,WE,Federal Contract Tower,9,14,0,0,23,1,24,4,0,29,10,38,4,0,52,16,0,16,68
04/28/2002,AKN,AK,AAL,WE,Federal Contract Tower,2,5,0,0,7,0,26,2,0,28,2,31,2,0,35,0,0,0,35
04/29/2002,AKN,AK,AAL,WE,Federal Contract Tower,2,10,2,4,18,0,40,10,0,50,2,50,12,4,68,0,0,0,68
04/30/2002,AKN,AK,AAL,WE,Federal Contract Tower,6,17,1,2,26,0,26,3,0,29,6,43,4,2,55,4,0,4,59
05/01/2002,AKN,AK,AAL,WE,Federal Contract Tower,2,8,1,3,14,0,33,13,2,48,2,41,14,5,62,6,1,7,69
05/02/2002,AKN,AK,AAL,WE,Federal Contract Tower,6,13,6,0,25,0,25,15,0,40,6,38,21,0,65,0,0,0,65
05/03/2002,AKN,AK,AAL,WE,Federal Contract Tower,2,14,3,4,23,0,42,22,0,64,2,56,25,4,87,0,0,0,87
05/04/2002,AKN,AK,AAL,WE,Federal Contract Tower,5,12,0,0,17,1,26,27,0,54,6,38,27,0,71,0,0,0,71
05/05/2002,AKN,AK,AAL,WE,Federal Contract Tower,2,11,0,0,13,1,45,11,0,57,3,56,11,0,70,0,0,0,70
05/06/2002,AKN,AK,AAL,WE,Federal Contract Tower,2,21,1,2,26,0,47,19,0,66,2,68,20,2,92,10,0,10,102
05/07/2002,AKN,AK,AAL,WE,Federal Contract Tower,5,53,10,0,68,0,19,3,0,22,5,72,13,0,90,2,0,2,92
05/08/2002,AKN,AK,AAL,WE,Federal Contract Tower,2,32,4,2,40,0,59,26,0,85,2,91,30,2,125,0,0,0,125
05/09/2002,AKN,AK,AAL,WE,Federal Contract Tower,6,17,4,4,31,0,51,22,2,75,6,68,26,6,106,0,0,0,106
05/10/2002,AKN,AK,AAL,WE,Federal Contract Tower,2,21,1,0,24,0,33,13,0,46,2,54,14,0,70,0,0,0,70
05/11/2002,AKN,AK,AAL,WE,Federal Contract Tower,6,10,2,1,19,0,30,11,1,42,6,40,13,2,61,4,10,14,75
05/12/2002,AKN,AK,AAL,WE,Federal Contract Tower,2,6,0,0,8,0,23,14,0,37,2,29,14,0,45,0,0,0,45
05/13/2002,AKN,AK,AAL,WE,Federal Contract Tower,2,4,0,0,6,0,38,19,0,57,2,42,19,0,63,0,0,0,63
05/14/2002,AKN,AK,AAL,WE,Federal Contract Tower,6,9,1,1,17,2,35,28,0,65,8,44,29,1,82,12,0,12,94
05/15/2002,AKN,AK,AAL,WE,Federal Contract Tower,3,14,0,2,19,1,56,26,0,83,4,70,26,2,102,0,4,4,106
05/16/2002,AKN,AK,AAL,WE,Federal Contract Tower,6,11,0,1,18,0,45,22,0,67,6,56,22,1,85,2,2,4,89
05/17/2002,AKN,AK,AAL,WE,Federal Contract Tower,2,14,4,2,22,0,60,13,0,73,2,74,17,2,95,0,0,0,95
05/18/2002,AKN,AK,AAL,WE,Federal Contract Tower,6,9,0,1,16,0,67,24,0,91,6,76,24,1,107,10,0,10,117
05/19/2002,AKN,AK,AAL,WE,Federal Contract Tower,2,6,2,1,11,0,51,23,0,74,2,57,25,1,85,0,16,16,101
05/20/2002,AKN,AK,AAL,WE,Federal Contract Tower,4,5,0,0,9,0,52,19,0,71,4,57,19,0,80,0,0,0,80
05/21/2002,AKN,AK,AAL,WE,Federal Contract Tower,6,10,2,0,18,0,59,17,2,78,6,69,19,2,96,8,6,14,110
05/22/2002,AKN,AK,AAL,WE,Federal Contract Tower,4,8,1,3,16,0,54,18,0,72,4,62,19,3,88,1,0,1,89
05/23/2002,AKN,AK,AAL,WE,Federal Contract Tower,6,12,0,3,21,0,47,10,3,60,6,59,10,6,81,0,2,2,83
05/24/2002,AKN,AK,AAL,WE,Federal Contract Tower,6,3,0,0,9,0,41,12,0,53,6,44,12,0,62,0,0,0,62
05/25/2002,AKN,AK,AAL,WE,Federal Contract Tower,7,16,0,0,23,1,35,16,2,54,8,51,16,2,77,0,2,2,79
05/26/2002,AKN,AK,AAL,WE,Federal Contract Tower,1,8,0,0,9,1,34,18,0,53,2,42,18,0,62,0,0,0,62
05/27/2002,AKN,AK,AAL,WE,Federal Contract Tower,4,8,3,0,15,0,40,14,0,54,4,48,17,0,69,0,0,0,69
05/28/2002,AKN,AK,AAL,WE,Federal Contract Tower,4,16,0,7,27,2,50,18,8,78,6,66,18,15,105,0,14,14,119
05/29/2002,AKN,AK,AAL,WE,Federal Contract Tower,3,8,0,6,17,1,46,10,9,66,4,54,10,15,83,19,1,20,103
05/30/2002,AKN,AK,AAL,WE,Federal Contract Tower,4,23,0,5,32,0,24,12,2,38,4,47,12,7,70,4,0,4,74
05/31/2002,AKN,AK,AAL,WE,Federal Contract Tower,6,12,0,2,20,0,58,9,1,68,6,70,9,3,88,0,0,0,88
06/01/2002,AKN,AK,AAL,WE,Federal Contract Tower,3,11,1,0,15,1,37,15,0,53,4,48,16,0,68,0,0,0,68
06/02/2002,AKN,AK,AAL,WE,Federal Contract Tower,2,5,1,0,8,0,37,17,0,54,2,42,18,0,62,0,0,0,62
06/03/2002,AKN,AK,AAL,WE,Federal Contract Tower,6,8,0,1,15,0,31,10,0,41,6,39,10,1,56,0,0,0,56
06/04/2002,AKN,AK,AAL,WE,Federal Contract Tower,4,33,3,3,43,0,36,7,0,43,4,69,10,3,86,2,0,2,88
06/05/2002,AKN,AK,AAL,WE,Federal Contract Tower,4,29,5,4,42,0,34,0,0,34,4,63,5,4,76,0,0,0,76
06/06/2002,AKN,AK,AAL,WE,Federal Contract Tower,6,19,3,2,30,0,36,0,0,36,6,55,3,2,66,0,0,0,66
06/07/2002,AKN,AK,AAL,WE,Federal Contract Tower,3,17,0,0,20,1,64,16,3,84,4,81,16,3,104,6,13,19,123
06/08/2002,AKN,AK,AAL,WE,Federal Contract Tower,1,19,1,0,21,1,50,5,2,58,2,69,6,2,79,2,0,2,81
06/09/2002,AKN,AK,AAL,WE,Federal Contract Tower,2,10,0,0,12,0,39,15,0,54,2,49,15,0,66,2,0,2,68
06/10/2002,AKN,AK,AAL,WE,Federal Contract Tower,4,21,0,2,27,0,49,11,0,60,4,70,11,2,87,0,0,0,87
06/11/2002,AKN,AK,AAL,WE,Federal Contract Tower,7,13,1,5,26,3,65,19,0,87,10,78,20,5,113,6,2,8,121
06/12/2002,AKN,AK,AAL,WE,Federal Contract Tower,5,14,1,4,24,1,66,13,0,80,6,80,14,4,104,0,0,0,104
06/13/2002,AKN,AK,AAL,WE,Federal Contract Tower,4,16,5,1,26,0,57,14,2,73,4,73,19,3,99,0,2,2,101
06/14/2002,AKN,AK,AAL,WE,Federal Contract Tower,6,15,2,0,23,0,83,25,2,110,6,98,27,2,133,8,6,14,147
06/15/2002,AKN,AK,AAL,WE,Federal Contract Tower,7,17,2,0,26,1,66,34,0,101,8,83,36,0,127,6,0,6,133
06/16/2002,AKN,AK,AAL,WE,Federal Contract Tower,2,13,1,0,16,0,66,14,0,80,2,79,15,0,96,5,0,5,101
06/17/2002,AKN,AK,AAL,WE,Federal Contract Tower,2,20,3,5,30,0,60,33,3,96,2,80,36,8,126,0,32,32,158
06/18/2002,AKN,AK,AAL,WE,Federal Contract Tower,8,15,4,4,31,0,94,22,2,118,8,109,26,6,149,0,0,0,149
06/19/2002,AKN,AK,AAL,WE,Federal Contract Tower,8,42,6,2,58,0,63,5,0,68,8,105,11,2,126,0,0,0,126
06/20/2002,AKN,AK,AAL,WE,Federal Contract Tower,6,19,2,2,29,0,77,21,0,98,6,96,23,2,127,0,0,0,127
06/21/2002,AKN,AK,AAL,WE,Federal Contract Tower,5,12,7,4,28,0,90,30,0,120,5,102,37,4,148,0,2,2,150
06/22/2002,AKN,AK,AAL,WE,Federal Contract Tower,6,16,0,0,22,0,70,24,0,94,6,86,24,0,116,0,0,0,116
06/23/2002,AKN,AK,AAL,WE,Federal Contract Tower,4,13,2,0,19,0,44,14,0,58,4,57,16,0,77,6,0,6,83
06/24/2002,AKN,AK,AAL,WE,Federal Contract Tower,2,11,1,2,16,0,54,21,0,75,2,65,22,2,91,12,0,12,103
06/25/2002,AKN,AK,AAL,WE,Federal Contract Tower,7,10,1,4,22,1,74,24,2,101,8,84,25,6,123,2,15,17,140
06/26/2002,AKN,AK,AAL,WE,Federal Contract Tower,3,12,12,4,31,1,69,23,0,93,4,81,35,4,124,20,0,20,144
06/27/2002,AKN,AK,AAL,WE,Federal Contract Tower,7,12,0,2,21,1,62,20,0,83,8,74,20,2,104,0,0,0,104
06/28/2002,AKN,AK,AAL,WE,Federal Contract Tower,7,15,0,0,22,1,60,23,0,84,8,75,23,0,106,0,0,0,106
06/29/2002,AKN,AK,AAL,WE,Federal Contract Tower,6,14,4,0,24,0,59,20,2,81,6,73,24,2,105,6,0,6,111
06/30/2002,AKN,AK,AAL,WE,Federal Contract Tower,3,30,10,0,43,1,10,0,0,11,4,40,10,0,54,0,0,0,54
07/01/2002,AKN,AK,AAL,WE,Federal Contract Tower,4,19,8,0,31,0,55,22,0,77,4,74,30,0,108,0,0,0,108
07/02/2002,AKN,AK,AAL,WE,Federal Contract Tower,7,18,3,2,30,1,49,17,0,67,8,67,20,2,97,0,0,0,97
07/03/2002,AKN,AK,AAL,WE,Federal Contract Tower,4,72,16,7,99,0,0,0,0,0,4,72,16,7,99,0,0,0,99
07/04/2002,AKN,AK,AAL,WE,Federal Contract Tower,11,37,10,0,58,1,0,0,0,1,12,37,10,0,59,0,0,0,59
07/05/2002,AKN,AK,AAL,WE,Federal Contract Tower,4,61,20,0,85,0,0,0,0,0,4,61,20,0,85,0,0,0,85
07/06/2002,AKN,AK,AAL,WE,Federal Contract Tower,10,41,8,0,59,0,52,16,0,68,10,93,24,0,127,0,0,0,127
07/07/2002,AKN,AK,AAL,WE,Federal Contract Tower,4,11,5,0,20,0,57,15,0,72,4,68,20,0,92,0,0,0,92
07/08/2002,AKN,AK,AAL,WE,Federal Contract Tower,3,10,1,0,14,1,55,27,0,83,4,65,28,0,97,0,0,0,97
07/09/2002,AKN,AK,AAL,WE,Federal Contract Tower,8,13,3,4,28,0,61,38,0,99,8,74,41,4,127,7,2,9,136
07/10/2002,AKN,AK,AAL,WE,Federal Contract Tower,3,19,4,6,32,1,79,11,0,91,4,98,15,6,123,0,0,0,123
07/11/2002,AKN,AK,AAL,WE,Federal Contract Tower,8,17,7,1,33,0,51,36,3,90,8,68,43,4,123,0,0,0,123
07/12/2002,AKN,AK,AAL,WE,Federal Contract Tower,6,24,11,2,43,0,77,19,4,100,6,101,30,6,143,0,24,24,167
07/13/2002,AKN,AK,AAL,WE,Federal Contract Tower,6,23,2,0,31,0,72,17,0,89,6,95,19,0,120,0,0,0,120
07/14/2002,AKN,AK,AAL,WE,Federal Contract Tower,4,13,3,0,20,0,74,24,0,98,4,87,27,0,118,0,0,0,118
07/15/2002,AKN,AK,AAL,WE,Federal Contract Tower,4,10,0,2,16,0,55,21,0,76,4,65,21,2,92,0,6,6,98
07/16/2002,AKN,AK,AAL,WE,Federal Contract Tower,8,13,5,4,30,0,90,27,0,117,8,103,32,4,147,0,0,0,147
07/17/2002,AKN,AK,AAL,WE,Federal Contract Tower,10,20,2,4,36,0,104,27,0,131,10,124,29,4,167,0,0,0,167
07/18/2002,AKN,AK,AAL,WE,Federal Contract Tower,8,71,10,2,91,0,0,0,0,0,8,71,10,2,91,0,0,0,91
07/19/2002,AKN,AK,AAL,WE,Federal Contract Tower,6,18,2,0,26,0,87,28,0,115,6,105,30,0,141,0,0,0,141
07/20/2002,AKN,AK,AAL,WE,Federal Contract Tower,8,14,2,0,24,0,73,25,0,98,8,87,27,0,122,0,0,0,122
07/21/2002,AKN,AK,AAL,WE,Federal Contract Tower,3,15,3,0,21,1,57,20,0,78,4,72,23,0,99,0,0,0,99
07/22/2002,AKN,AK,AAL,WE,Federal Contract Tower,4,11,4,3,22,2,46,13,1,62,6,57,17,4,84,16,0,16,100
07/23/2002,AKN,AK,AAL,WE,Federal Contract Tower,6,17,1,2,26,0,51,10,0,61,6,68,11,2,87,0,0,0,87
07/24/2002,AKN,AK,AAL,WE,Federal Contract Tower,6,9,2,2,19,0,62,24,1,87,6,71,26,3,106,2,0,2,108
07/25/2002,AKN,AK,AAL,WE,Federal Contract Tower,6,15,1,2,24,0,41,16,0,57,6,56,17,2,81,0,0,0,81
07/26/2002,AKN,AK,AAL,WE,Federal Contract Tower,6,24,11,0,41,0,34,14,0,48,6,58,25,0,89,0,0,0,89
07/27/2002,AKN,AK,AAL,WE,Federal Contract Tower,8,42,14,0,64,0,31,3,0,34,8,73,17,0,98,0,0,0,98
07/28/2002,AKN,AK,AAL,WE,Federal Contract Tower,4,10,5,0,19,0,45,12,0,57,4,55,17,0,76,0,0,0,76
07/29/2002,AKN,AK,AAL,WE,Federal Contract Tower,2,14,4,6,26,0,38,22,0,60,2,52,26,6,86,0,12,12,98
07/30/2002,AKN,AK,AAL,WE,Federal Contract Tower,7,19,0,6,32,1,41,15,0,57,8,60,15,6,89,0,10,10,99
07/31/2002,AKN,AK,AAL,WE,Federal Contract Tower,4,11,4,4,23,0,55,18,0,73,4,66,22,4,96,3,0,3,99
08/01/2002,AKN,AK,AAL,WE,Federal Contract Tower,4,15,1,2,22,1,35,18,0,54,5,50,19,2,76,0,0,0,76
08/02/2002,AKN,AK,AAL,WE,Federal Contract Tower,5,10,0,0,15,1,33,8,0,42,6,43,8,0,57,2,0,2,59
08/03/2002,AKN,AK,AAL,WE,Federal Contract Tower,4,15,1,0,20,0,39,9,0,48,4,54,10,0,68,0,0,0,68
08/04/2002,AKN,AK,AAL,WE,Federal Contract Tower,2,9,6,0,17,0,16,13,2,31,2,25,19,2,48,0,2,2,50
08/05/2002,AKN,AK,AAL,WE,Federal Contract Tower,2,12,2,2,18,0,33,8,0,41,2,45,10,2,59,0,0,0,59
08/06/2002,AKN,AK,AAL,WE,Federal Contract Tower,8,12,0,2,22,0,31,10,0,41,8,43,10,2,63,0,0,0,63
08/07/2002,AKN,AK,AAL,WE,Federal Contract Tower,4,38,7,2,51,0,0,0,0,0,4,38,7,2,51,0,0,0,51
08/08/2002,AKN,AK,AAL,WE,Federal Contract Tower,6,26,7,2,41,0,21,19,0,40,6,47,26,2,81,0,0,0,81
08/09/2002,AKN,AK,AAL,WE,Federal Contract Tower,4,9,3,0,16,0,51,15,2,68,4,60,18,2,84,0,0,0,84
08/10/2002,AKN,AK,AAL,WE,Federal Contract Tower,5,20,2,0,27,0,58,9,0,67,5,78,11,0,94,0,0,0,94
08/11/2002,AKN,AK,AAL,WE,Federal Contract Tower,2,14,1,0,17,0,39,14,0,53,2,53,15,0,70,0,0,0,70
08/12/2002,AKN,AK,AAL,WE,Federal Contract Tower,2,19,5,8,34,0,26,0,0,26,2,45,5,8,60,10,0,10,70
08/13/2002,AKN,AK,AAL,WE,Federal Contract Tower,8,18,3,6,35,0,32,27,0,59,8,50,30,6,94,0,0,0,94
08/14/2002,AKN,AK,AAL,WE,Federal Contract Tower,6,9,0,3,18,0,43,22,1,66,6,52,22,4,84,0,0,0,84
08/15/2002,AKN,AK,AAL,WE,Federal Contract Tower,6,9,0,0,15,0,33,15,0,48,6,42,15,0,63,0,4,4,67
08/16/2002,AKN,AK,AAL,WE,Federal Contract Tower,4,9,4,2,19,0,38,10,0,48,4,47,14,2,67,0,0,0,67
08/17/2002,AKN,AK,AAL,WE,Federal Contract Tower,6,15,3,0,24,0,40,18,0,58,6,55,21,0,82,0,0,0,82
08/18/2002,AKN,AK,AAL,WE,Federal Contract Tower,2,14,0,0,16,0,48,4,0,52,2,62,4,0,68,0,0,0,68
08/19/2002,AKN,AK,AAL,WE,Federal Contract Tower,2,24,4,0,30,0,15,8,0,23,2,39,12,0,53,8,0,8,61
08/20/2002,AKN,AK,AAL,WE,Federal Contract Tower,10,34,5,2,51,0,20,3,0,23,10,54,8,2,74,2,0,2,76
08/21/2002,AKN,AK,AAL,WE,Federal Contract Tower,4,32,10,5,51,0,28,12,0,40,4,60,22,5,91,0,0,0,91
08/22/2002,AKN,AK,AAL,WE,Federal Contract Tower,6,12,2,0,20,0,41,22,0,63,6,53,24,0,83,0,0,0,83
08/23/2002,AKN,AK,AAL,WE,Federal Contract Tower,6,15,4,2,27,0,47,13,0,60,6,62,17,2,87,4,0,4,91
08/24/2002,AKN,AK,AAL,WE,Federal Contract Tower,6,14,2,0,22,0,55,14,0,69,6,69,16,0,91,0,0,0,91
08/25/2002,AKN,AK,AAL,WE,Federal Contract Tower,4,11,1,2,18,0,41,15,0,56,4,52,16,2,74,0,10,10,84
08/26/2002,AKN,AK,AAL,WE,Federal Contract Tower,2,8,1,2,13,0,41,9,2,52,2,49,10,4,65,16,0,16,81
08/27/2002,AKN,AK,AAL,WE,Federal Contract Tower,8,8,1,3,20,0,40,17,0,57,8,48,18,3,77,10,18,28,105
08/28/2002,AKN,AK,AAL,WE,Federal Contract Tower,4,21,5,1,31,0,21,7,1,29,4,42,12,2,60,4,0,4,64
08/29/2002,AKN,AK,AAL,WE,Federal Contract Tower,4,11,0,4,19,0,35,6,0,41,4,46,6,4,60,8,0,8,68
08/30/2002,AKN,AK,AAL,WE,Federal Contract Tower,6,23,4,2,35,0,39,9,0,48,6,62,13,2,83,2,0,2,85
08/31/2002,AKN,AK,AAL,WE,Federal Contract Tower,4,21,4,0,29,0,43,5,0,48,4,64,9,0,77,0,0,0,77
09/01/2002,AKN,AK,AAL,WE,Federal Contract Tower,2,7,3,0,12,0,43,7,0,50,2,50,10,0,62,0,0,0,62
09/02/2002,AKN,AK,AAL,WE,Federal Contract Tower,2,6,1,0,9,0,28,13,2,43,2,34,14,2,52,2,20,22,74
09/03/2002,AKN,AK,AAL,WE,Federal Contract Tower,8,12,1,4,25,0,33,20,0,53,8,45,21,4,78,0,0,0,78
09/04/2002,AKN,AK,AAL,WE,Federal Contract Tower,4,7,2,6,19,0,53,6,6,65,4,60,8,12,84,0,0,0,84
09/05/2002,AKN,AK,AAL,WE,Federal Contract Tower,6,23,1,2,32,0,25,4,0,29,6,48,5,2,61,8,0,8,69
09/06/2002,AKN,AK,AAL,WE,Federal Contract Tower,4,6,1,0,11,0,33,1,0,34,4,39,2,0,45,0,0,0,45
09/07/2002,AKN,AK,AAL,WE,Federal Contract Tower,3,14,1,0,18,1,56,13,0,70,4,70,14,0,88,0,0,0,88
09/08/2002,AKN,AK,AAL,WE,Federal Contract Tower,2,34,12,0,48,0,18,8,0,26,2,52,20,0,74,0,0,0,74
09/09/2002,AKN,AK,AAL,WE,Federal Contract Tower,2,6,0,4,12,0,47,31,0,78,2,53,31,4,90,0,10,10,100
09/10/2002,AKN,AK,AAL,WE,Federal Contract Tower,4,17,2,2,25,0,45,15,0,60,4,62,17,2,85,4,0,4,89
09/11/2002,AKN,AK,AAL,WE,Federal Contract Tower,2,21,7,7,37,0,35,4,1,40,2,56,11,8,77,0,0,0,77
09/12/2002,AKN,AK,AAL,WE,Federal Contract Tower,6,14,5,0,25,0,31,9,0,40,6,45,14,0,65,0,0,0,65
09/13/2002,AKN,AK,AAL,WE,Federal Contract Tower,2,16,4,2,24,0,36,9,1,46,2,52,13,3,70,0,10,10,80
09/14/2002,AKN,AK,AAL,WE,Federal Contract Tower,6,14,3,1,24,0,41,14,27,82,6,55,17,28,106,0,0,0,106
09/15/2002,AKN,AK,AAL,WE,Federal Contract Tower,2,12,2,1,17,0,24,8,2,34,2,36,10,3,51,0,0,0,51
09/16/2002,AKN,AK,AAL,WE,Federal Contract Tower,2,7,1,4,14,0,37,19,2,58,2,44,20,6,72,0,0,0,72
09/17/2002,AKN,AK,AAL,WE,Federal Contract Tower,2,22,4,0,28,0,18,18,0,36,2,40,22,0,64,0,0,0,64
09/18/2002,AKN,AK,AAL,WE,Federal Contract Tower,2,11,0,3,16,0,36,10,2,48,2,47,10,5,64,2,2,4,68
09/19/2002,AKN,AK,AAL,WE,Federal Contract Tower,6,13,1,0,20,0,28,17,0,45,6,41,18,0,65,0,0,0,65
09/20/2002,AKN,AK,AAL,WE,Federal Contract Tower,1,12,0,1,14,1,47,28,0,76,2,59,28,1,90,0,0,0,90
09/21/2002,AKN,AK,AAL,WE,Federal Contract Tower,6,12,4,1,23,0,50,27,0,77,6,62,31,1,100,0,0,0,100
09/22/2002,AKN,AK,AAL,WE,Federal Contract Tower,2,9,0,0,11,0,33,8,0,41,2,42,8,0,52,0,0,0,52
09/23/2002,AKN,AK,AAL,WE,Federal Contract Tower,2,8,2,1,13,0,40,26,3,69,2,48,28,4,82,12,6,18,100
09/24/2002,AKN,AK,AAL,WE,Federal Contract Tower,6,14,8,2,30,0,39,11,0,50,6,53,19,2,80,0,0,0,80
09/25/2002,AKN,AK,AAL,WE,Federal Contract Tower,6,7,2,4,19,0,31,3,0,34,6,38,5,4,53,0,0,0,53
09/26/2002,AKN,AK,AAL,WE,Federal Contract Tower,2,10,2,0,14,0,25,4,0,29,2,35,6,0,43,0,0,0,43
09/27/2002,AKN,AK,AAL,WE,Federal Contract Tower,4,9,1,0,14,2,43,10,0,55,6,52,11,0,69,0,0,0,69
09/28/2002,AKN,AK,AAL,WE,Federal Contract Tower,4,7,3,1,15,0,24,11,0,35,4,31,14,1,50,0,0,0,50
09/29/2002,AKN,AK,AAL,WE,Federal Contract Tower,2,9,0,2,13,0,20,8,0,28,2,29,8,2,41,0,0,0,41
09/30/2002,AKN,AK,AAL,WE,Federal Contract Tower,1,27,3,2,33,1,27,4,2,34,2,54,7,4,67,0,0,0,67
10/01/2002,AKN,AK,AAL,WE,Federal Contract Tower,4,9,0,2,15,0,34,16,6,56,4,43,16,8,71,0,22,22,93
10/02/2002,AKN,AK,AAL,WE,Federal Contract Tower,2,8,1,4,15,0,32,17,0,49,2,40,18,4,64,0,0,0,64
10/03/2002,AKN,AK,AAL,WE,Federal Contract Tower,3,10,2,2,17,2,27,5,0,34,5,37,7,2,51,0,0,0,51
10/04/2002,AKN,AK,AAL,WE,Federal Contract Tower,2,10,0,6,18,0,34,7,0,41,2,44,7,6,59,0,8,8,67
10/05/2002,AKN,AK,AAL,WE,Federal Contract Tower,4,7,2,0,13,0,20,5,0,25,4,27,7,0,38,0,0,0,38
10/06/2002,AKN,AK,AAL,WE,Federal Contract Tower,2,25,6,0,33,0,15,0,0,15,2,40,6,0,48,0,0,0,48
10/07/2002,AKN,AK,AAL,WE,Federal Contract Tower,2,9,0,0,11,0,34,4,0,38,2,43,4,0,49,0,0,0,49
10/08/2002,AKN,AK,AAL,WE,Federal Contract Tower,6,9,0,0,15,0,32,15,0,47,6,41,15,0,62,8,0,8,70
10/09/2002,AKN,AK,AAL,WE,Federal Contract Tower,2,9,0,12,23,0,29,12,0,41,2,38,12,12,64,4,0,4,68
10/10/2002,AKN,AK,AAL,WE,Federal Contract Tower,2,8,0,2,12,0,17,9,0,26,2,25,9,2,38,0,0,0,38
10/11/2002,AKN,AK,AAL,WE,Federal Contract Tower,6,7,0,3,16,0,45,14,0,59,6,52,14,3,75,0,0,0,75
10/12/2002,AKN,AK,AAL,WE,Federal Contract Tower,6,8,2,2,18,0,20,7,0,27,6,28,9,2,45,8,0,8,53
10/13/2002,AKN,AK,AAL,WE,Federal Contract Tower,2,6,0,0,8,0,20,5,0,25,2,26,5,0,33,0,0,0,33
10/14/2002,AKN,AK,AAL,WE,Federal Contract Tower,2,4,0,0,6,0,23,7,0,30,2,27,7,0,36,0,0,0,36
10/15/2002,AKN,AK,AAL,WE,Federal Contract Tower,3,20,2,5,30,0,17,7,0,24,3,37,9,5,54,0,2,2,56
10/16/2002,AKN,AK,AAL,WE,Federal Contract Tower,4,11,0,5,20,0,27,8,0,35,4,38,8,5,55,0,0,0,55
10/17/2002,AKN,AK,AAL,WE,Federal Contract Tower,6,14,0,4,24,0,33,2,1,36,6,47,2,5,60,0,0,0,60
10/18/2002,AKN,AK,AAL,WE,Federal Contract Tower,2,5,0,3,10,0,32,1,0,33,2,37,1,3,43,0,0,0,43
10/19/2002,AKN,AK,AAL,WE,Federal Contract Tower,6,4,0,0,10,0,36,2,0,38,6,40,2,0,48,0,0,0,48
10/20/2002,AKN,AK,AAL,WE,Federal Contract Tower,2,25,0,0,27,0,4,0,0,4,2,29,0,0,31,0,0,0,31
10/21/2002,AKN,AK,AAL,WE,Federal Contract Tower,3,5,0,0,8,0,34,5,2,41,3,39,5,2,49,0,0,0,49
10/22/2002,AKN,AK,AAL,WE,Federal Contract Tower,4,11,0,4,19,1,25,8,0,34,5,36,8,4,53,0,0,0,53
10/23/2002,AKN,AK,AAL,WE,Federal Contract Tower,2,6,0,4,12,0,29,12,6,47,2,35,12,10,59,0,4,4,63
10/24/2002,AKN,AK,AAL,WE,Federal Contract Tower,3,13,0,6,22,1,35,9,0,45,4,48,9,6,67,0,6,6,73
10/25/2002,AKN,AK,AAL,WE,Federal Contract Tower,2,7,0,0,9,0,33,3,0,36,2,40,3,0,45,0,0,0,45
10/26/2002,AKN,AK,AAL,WE,Federal Contract Tower,6,7,0,0,13,0,26,3,0,29,6,33,3,0,42,0,0,0,42
10/27/2002,AKN,AK,AAL,WE,Federal Contract Tower,2,6,0,0,8,0,24,3,0,27,2,30,3,0,35,0,0,0,35
10/28/2002,AKN,AK,AAL,WE,Federal Contract Tower,0,5,0,0,5,0,7,0,0,7,0,12,0,0,12,0,0,0,12
10/29/2002,AKN,AK,AAL,WE,Federal Contract Tower,5,10,0,2,17,1,42,3,4,50,6,52,3,6,67,0,20,20,87
10/30/2002,AKN,AK,AAL,WE,Federal Contract Tower,0,8,0,4,12,0,32,8,0,40,0,40,8,4,52,14,0,14,66
10/31/2002,AKN,AK,AAL,WE,Federal Contract Tower,4,10,2,4,20,0,24,9,0,33,4,34,11,4,53,4,28,32,85
11/01/2002,AKN,AK,AAL,WE,Federal Contract Tower,0,6,0,0,6,0,37,6,0,43,0,43,6,0,49,8,0,8,57
11/02/2002,AKN,AK,AAL,WE,Federal Contract Tower,4,10,0,0,14,0,36,4,0,40,4,46,4,0,54,0,0,0,54
11/03/2002,AKN,AK,AAL,WE,Federal Contract Tower,2,7,0,0,9,0,19,0,0,19,2,26,0,0,28,0,0,0,28
11/04/2002,AKN,AK,AAL,WE,Federal Contract Tower,0,4,0,1,5,0,23,4,0,27,0,27,4,1,32,0,0,0,32
11/05/2002,AKN,AK,AAL,WE,Federal Contract Tower,8,8,0,4,20,0,36,4,0,40,8,44,4,4,60,0,0,0,60
11/06/2002,AKN,AK,AAL,WE,Federal Contract Tower,2,5,0,2,9,0,33,10,2,45,2,38,10,4,54,10,0,10,64
11/07/2002,AKN,AK,AAL,WE,Federal Contract Tower,3,10,0,2,15,1,23,18,0,42,4,33,18,2,57,0,14,14,71
11/08/2002,AKN,AK,AAL,WE,Federal Contract Tower,0,4,3,0,7,0,40,3,0,43,0,44,6,0,50,4,0,4,54
11/09/2002,AKN,AK,AAL,WE,Federal Contract Tower,2,7,0,0,9,0,26,2,0,28,2,33,2,0,37,2,0,2,39
11/10/2002,AKN,AK,AAL,WE,Federal Contract Tower,2,6,0,0,8,0,14,2,0,16,2,20,2,0,24,2,0,2,26
11/11/2002,AKN,AK,AAL,WE,Federal Contract Tower,0,7,0,0,7,0,25,0,0,25,0,32,0,0,32,0,0,0,32
11/12/2002,AKN,AK,AAL,WE,Federal Contract Tower,4,15,0,1,20,0,12,1,1,14,4,27,1,2,34,0,9,9,43
11/13/2002,AKN,AK,AAL,WE,Federal Contract Tower,2,7,0,4,13,0,33,4,0,37,2,40,4,4,50,0,2,2,52
11/14/2002,AKN,AK,AAL,WE,Federal Contract Tower,6,16,0,2,24,0,37,2,0,39,6,53,2,2,63,0,0,0,63
11/15/2002,AKN,AK,AAL,WE,Federal Contract Tower,2,12,0,2,16,0,28,2,0,30,2,40,2,2,46,0,0,0,46
11/16/2002,AKN,AK,AAL,WE,Federal Contract Tower,2,10,0,0,12,0,30,2,0,32,2,40,2,0,44,0,0,0,44
11/17/2002,AKN,AK,AAL,WE,Federal Contract Tower,2,6,0,0,8,0,21,7,0,28,2,27,7,0,36,10,0,10,46
11/18/2002,AKN,AK,AAL,WE,Federal Contract Tower,0,7,1,4,12,0,29,0,0,29,0,36,1,4,41,0,0,0,41
11/19/2002,AKN,AK,AAL,WE,Federal Contract Tower,8,9,0,4,21,0,35,8,0,43,8,44,8,4,64,0,0,0,64
11/20/2002,AKN,AK,AAL,WE,Federal Contract Tower,0,9,2,6,17,0,29,2,0,31,0,38,4,6,48,0,0,0,48
11/21/2002,AKN,AK,AAL,WE,Federal Contract Tower,4,12,4,0,20,0,32,3,0,35,4,44,7,0,55,6,0,6,61
11/22/2002,AKN,AK,AAL,WE,Federal Contract Tower,0,9,0,2,11,0,31,12,0,43,0,40,12,2,54,0,0,0,54
11/23/2002,AKN,AK,AAL,WE,Federal Contract Tower,4,12,0,0,16,0,16,2,0,18,4,28,2,0,34,0,0,0,34
11/24/2002,AKN,AK,AAL,WE,Federal Contract Tower,2,8,0,0,10,0,27,0,0,27,2,35,0,0,37,4,0,4,41
11/25/2002,AKN,AK,AAL,WE,Federal Contract Tower,0,8,0,2,10,0,27,5,3,35,0,35,5,5,45,0,10,10,55
11/26/2002,AKN,AK,AAL,WE,Federal Contract Tower,5,17,0,8,30,1,20,1,0,22,6,37,1,8,52,2,0,2,54
11/27/2002,AKN,AK,AAL,WE,Federal Contract Tower,2,11,0,5,18,0,25,10,3,38,2,36,10,8,56,0,6,6,62
11/28/2002,AKN,AK,AAL,WE,Federal Contract Tower,0,0,0,0,0,0,2,1,0,3,0,2,1,0,3,0,0,0,3
11/29/2002,AKN,AK,AAL,WE,Federal Contract Tower,0,6,0,0,6,0,28,6,0,34,0,34,6,0,40,4,0,4,44
11/30/2002,AKN,AK,AAL,WE,Federal Contract Tower,4,16,1,0,21,0,4,0,0,4,4,20,1,0,25,0,0,0,25
12/01/2002,AKN,AK,AAL,WE,Federal Contract Tower,3,8,0,0,11,0,25,2,0,27,3,33,2,0,38,0,0,0,38
12/02/2002,AKN,AK,AAL,WE,Federal Contract Tower,1,8,1,2,12,0,32,0,0,32,1,40,1,2,44,6,0,6,50
12/03/2002,AKN,AK,AAL,WE,Federal Contract Tower,8,16,0,4,28,0,17,2,0,19,8,33,2,4,47,0,0,0,47
12/04/2002,AKN,AK,AAL,WE,Federal Contract Tower,0,6,0,6,12,0,30,10,1,41,0,36,10,7,53,0,0,0,53
12/05/2002,AKN,AK,AAL,WE,Federal Contract Tower,6,10,2,2,20,0,37,8,2,47,6,47,10,4,67,0,0,0,67
12/06/2002,AKN,AK,AAL,WE,Federal Contract Tower,0,8,0,0,8,0,27,8,0,35,0,35,8,0,43,0,0,0,43
12/07/2002,AKN,AK,AAL,WE,Federal Contract Tower,2,19,0,0,21,0,27,8,0,35,2,46,8,0,56,0,0,0,56
12/08/2002,AKN,AK,AAL,WE,Federal Contract Tower,2,13,0,0,15,0,28,9,0,37,2,41,9,0,52,0,0,0,52
12/09/2002,AKN,AK,AAL,WE,Federal Contract Tower,2,11,0,0,13,0,27,13,0,40,2,38,13,0,53,4,0,4,57
12/10/2002,AKN,AK,AAL,WE,Federal Contract Tower,6,11,0,0,17,0,39,4,0,43,6,50,4,0,60,0,0,0,60
12/11/2002,AKN,AK,AAL,WE,Federal Contract Tower,2,10,2,4,18,2,32,10,0,44,4,42,12,4,62,0,8,8,70
12/12/2002,AKN,AK,AAL,WE,Federal Contract Tower,3,12,1,2,18,0,14,2,0,16,3,26,3,2,34,0,0,0,34
12/13/2002,AKN,AK,AAL,WE,Federal Contract Tower,2,8,1,2,13,0,26,16,0,42,2,34,17,2,55,6,0,6,61
12/14/2002,AKN,AK,AAL,WE,Federal Contract Tower,2,6,1,0,9,0,28,10,0,38,2,34,11,0,47,0,0,0,47
12/15/2002,AKN,AK,AAL,WE,Federal Contract Tower,1,5,0,0,6,0,17,13,0,30,1,22,13,0,36,0,0,0,36
12/16/2002,AKN,AK,AAL,WE,Federal Contract Tower,1,7,0,3,11,1,25,2,0,28,2,32,2,3,39,0,0,0,39
12/17/2002,AKN,AK,AAL,WE,Federal Contract Tower,6,12,0,1,19,0,35,17,0,52,6,47,17,1,71,2,0,2,73
12/18/2002,AKN,AK,AAL,WE,Federal Contract Tower,0,10,1,4,15,0,25,7,0,32,0,35,8,4,47,0,0,0,47
12/19/2002,AKN,AK,AAL,WE,Federal Contract Tower,6,10,0,2,18,0,20,8,2,30,6,30,8,4,48,0,2,2,50
12/20/2002,AKN,AK,AAL,WE,Federal Contract Tower,0,23,5,8,36,0,19,6,7,32,0,42,11,15,68,4,0,4,72
12/21/2002,AKN,AK,AAL,WE,Federal Contract Tower,2,13,0,0,15,0,27,5,3,35,2,40,5,3,50,0,0,0,50
12/22/2002,AKN,AK,AAL,WE,Federal Contract Tower,2,6,0,0,8,0,16,2,0,18,2,22,2,0,26,0,0,0,26
12/23/2002,AKN,AK,AAL,WE,Federal Contract Tower,0,14,0,0,14,0,17,0,0,17,0,31,0,0,31,0,0,0,31
12/24/2002,AKN,AK,AAL,WE,Federal Contract Tower,2,14,0,0,16,0,27,6,0,33,2,41,6,0,49,8,0,8,57
12/25/2002,AKN,AK,AAL,WE,Federal Contract Tower,0,0,0,0,0,0,0,0,0,0,0,0,0,0,0,0,0,0,0
12/26/2002,AKN,AK,AAL,WE,Federal Contract Tower,4,18,2,0,24,0,29,7,0,36,4,47,9,0,60,0,0,0,60
12/27/2002,AKN,AK,AAL,WE,Federal Contract Tower,0,16,0,2,18,0,27,2,0,29,0,43,2,2,47,6,0,6,53
12/28/2002,AKN,AK,AAL,WE,Federal Contract Tower,3,13,0,0,16,1,18,5,0,24,4,31,5,0,40,2,0,2,42
12/29/2002,AKN,AK,AAL,WE,Federal Contract Tower,3,6,0,0,9,0,10,1,0,11,3,16,1,0,20,4,0,4,24
12/30/2002,AKN,AK,AAL,WE,Federal Contract Tower,0,8,0,2,10,0,17,0,0,17,0,25,0,2,27,2,0,2,29
12/31/2002,AKN,AK,AAL,WE,Federal Contract Tower,6,11,0,2,19,0,17,0,0,17,6,28,0,2,36,0,8,8,44
01/01/2003,AKN,AK,AAL,WE,Federal Contract Tower,0,0,0,0,0,0,0,0,0,0,0,0,0,0,0,0,0,0,0
01/02/2003,AKN,AK,AAL,WE,Federal Contract Tower,4,17,0,0,21,0,20,2,0,22,4,37,2,0,43,16,0,16,59
01/03/2003,AKN,AK,AAL,WE,Federal Contract Tower,0,18,0,0,18,0,9,1,0,10,0,27,1,0,28,0,0,0,28
01/04/2003,AKN,AK,AAL,WE,Federal Contract Tower,4,15,0,0,19,0,16,7,0,23,4,31,7,0,42,0,4,4,46
01/05/2003,AKN,AK,AAL,WE,Federal Contract Tower,2,11,0,0,13,0,11,4,0,15,2,22,4,0,28,0,0,0,28
01/06/2003,AKN,AK,AAL,WE,Federal Contract Tower,0,8,0,5,13,0,18,0,0,18,0,26,0,5,31,0,0,0,31
01/07/2003,AKN,AK,AAL,WE,Federal Contract Tower,4,13,0,1,18,0,23,0,1,24,4,36,0,2,42,0,12,12,54
01/08/2003,AKN,AK,AAL,WE,Federal Contract Tower,0,10,0,2,12,0,31,2,0,33,0,41,2,2,45,6,0,6,51
01/09/2003,AKN,AK,AAL,WE,Federal Contract Tower,5,15,2,2,24,1,20,2,0,23,6,35,4,2,47,0,0,0,47
01/10/2003,AKN,AK,AAL,WE,Federal Contract Tower,0,12,0,0,12,0,26,0,0,26,0,38,0,0,38,0,0,0,38
01/11/2003,AKN,AK,AAL,WE,Federal Contract Tower,4,18,0,0,22,0,28,2,0,30,4,46,2,0,52,0,0,0,52
01/12/2003,AKN,AK,AAL,WE,Federal Contract Tower,5,5,0,0,10,0,17,4,0,21,5,22,4,0,31,0,0,0,31
01/13/2003,AKN,AK,AAL,WE,Federal Contract Tower,0,6,0,2,8,0,25,0,0,25,0,31,0,2,33,12,0,12,45
01/14/2003,AKN,AK,AAL,WE,Federal Contract Tower,4,14,2,0,20,0,24,10,0,34,4,38,12,0,54,0,0,0,54
01/15/2003,AKN,AK,AAL,WE,Federal Contract Tower,0,6,0,4,10,0,24,1,0,25,0,30,1,4,35,8,0,8,43
01/16/2003,AKN,AK,AAL,WE,Federal Contract Tower,6,11,0,0,17,0,54,12,0,66,6,65,12,0,83,6,6,12,95
01/17/2003,AKN,AK,AAL,WE,Federal Contract Tower,0,7,0,2,9,0,28,0,0,28,0,35,0,2,37,0,4,4,41
01/18/2003,AKN,AK,AAL,WE,Federal Contract Tower,4,14,0,0,18,0,25,11,0,36,4,39,11,0,54,0,0,0,54
01/19/2003,AKN,AK,AAL,WE,Federal Contract Tower,2,9,0,0,11,0,27,1,0,28,2,36,1,0,39,0,0,0,39
01/20/2003,AKN,AK,AAL,WE,Federal Contract Tower,2,7,0,0,9,0,27,0,0,27,2,34,0,0,36,0,0,0,36
01/21/2003,AKN,AK,AAL,WE,Federal Contract Tower,6,9,0,2,17,0,20,0,0,20,6,29,0,2,37,0,0,0,37
01/22/2003,AKN,AK,AAL,WE,Federal Contract Tower,0,11,0,5,16,0,36,4,1,41,0,47,4,6,57,0,0,0,57
01/23/2003,AKN,AK,AAL,WE,Federal Contract Tower,6,10,0,2,18,0,30,8,0,38,6,40,8,2,56,6,0,6,62
01/24/2003,AKN,AK,AAL,WE,Federal Contract Tower,2,5,0,0,7,0,41,6,0,47,2,46,6,0,54,0,0,0,54
01/25/2003,AKN,AK,AAL,WE,Federal Contract Tower,7,10,0,0,17,0,25,3,0,28,7,35,3,0,45,0,0,0,45
01/26/2003,AKN,AK,AAL,WE,Federal Contract Tower,2,8,0,0,10,0,23,0,0,23,2,31,0,0,33,6,0,6,39
01/27/2003,AKN,AK,AAL,WE,Federal Contract Tower,0,6,0,4,10,0,36,5,1,42,0,42,5,5,52,6,26,32,84
01/28/2003,AKN,AK,AAL,WE,Federal Contract Tower,8,10,0,0,18,0,40,2,0,42,8,50,2,0,60,14,0,14,74
01/29/2003,AKN,AK,AAL,WE,Federal Contract Tower,0,6,0,5,11,0,22,6,1,29,0,28,6,6,40,6,22,28,68
01/30/2003,AKN,AK,AAL,WE,Federal Contract Tower,6,11,1,0,18,0,31,5,0,36,6,42,6,0,54,0,0,0,54
01/31/2003,AKN,AK,AAL,WE,Federal Contract Tower,0,7,0,0,7,0,45,6,0,51,0,52,6,0,58,2,0,2,60
02/01/2003,AKN,AK,AAL,WE,Federal Contract Tower,4,4,0,0,8,0,24,1,0,25,4,28,1,0,33,0,0,0,33
02/02/2003,AKN,AK,AAL,WE,Federal Contract Tower,2,6,0,0,8,0,15,0,0,15,2,21,0,0,23,0,0,0,23
02/03/2003,AKN,AK,AAL,WE,Federal Contract Tower,2,5,0,0,7,0,33,2,0,35,2,38,2,0,42,0,0,0,42
02/04/2003,AKN,AK,AAL,WE,Federal Contract Tower,4,7,2,0,13,0,17,4,0,21,4,24,6,0,34,0,0,0,34
02/05/2003,AKN,AK,AAL,WE,Federal Contract Tower,0,11,0,4,15,0,29,2,0,31,0,40,2,4,46,8,2,10,56
02/06/2003,AKN,AK,AAL,WE,Federal Contract Tower,6,12,0,4,22,0,44,2,0,46,6,56,2,4,68,8,14,22,90
02/07/2003,AKN,AK,AAL,WE,Federal Contract Tower,2,10,0,0,12,0,37,0,0,37,2,47,0,0,49,0,0,0,49
02/08/2003,AKN,AK,AAL,WE,Federal Contract Tower,4,14,0,0,18,0,22,5,0,27,4,36,5,0,45,0,0,0,45
02/09/2003,AKN,AK,AAL,WE,Federal Contract Tower,2,6,0,0,8,0,23,1,0,24,2,29,1,0,32,0,0,0,32
02/10/2003,AKN,AK,AAL,WE,Federal Contract Tower,0,12,2,2,16,0,26,1,0,27,0,38,3,2,43,2,12,14,57
02/11/2003,AKN,AK,AAL,WE,Federal Contract Tower,2,9,0,2,13,0,31,4,0,35,2,40,4,2,48,22,0,22,70
02/12/2003,AKN,AK,AAL,WE,Federal Contract Tower,2,12,0,4,18,0,24,9,0,33,2,36,9,4,51,16,6,22,73
02/13/2003,AKN,AK,AAL,WE,Federal Contract Tower,6,9,0,4,19,0,35,4,2,41,6,44,4,6,60,0,22,22,82
02/14/2003,AKN,AK,AAL,WE,Federal Contract Tower,0,16,0,0,16,0,21,4,0,25,0,37,4,0,41,0,0,0,41
02/15/2003,AKN,AK,AAL,WE,Federal Contract Tower,4,13,0,0,17,0,0,0,0,0,4,13,0,0,17,0,0,0,17
02/16/2003,AKN,AK,AAL,WE,Federal Contract Tower,2,15,1,0,18,0,10,3,0,13,2,25,4,0,31,0,0,0,31
02/17/2003,AKN,AK,AAL,WE,Federal Contract Tower,2,4,0,0,6,0,26,4,0,30,2,30,4,0,36,34,0,34,70
02/18/2003,AKN,AK,AAL,WE,Federal Contract Tower,6,13,1,0,20,1,39,11,0,51,7,52,12,0,71,6,0,6,77
02/19/2003,AKN,AK,AAL,WE,Federal Contract Tower,0,7,0,2,9,0,16,10,0,26,0,23,10,2,35,0,2,2,37
02/20/2003,AKN,AK,AAL,WE,Federal Contract Tower,6,11,0,2,19,0,29,2,0,31,6,40,2,2,50,8,0,8,58
02/21/2003,AKN,AK,AAL,WE,Federal Contract Tower,0,6,2,0,8,0,27,3,0,30,0,33,5,0,38,0,0,0,38
02/22/2003,AKN,AK,AAL,WE,Federal Contract Tower,4,8,0,0,12,0,19,6,0,25,4,27,6,0,37,0,0,0,37
02/23/2003,AKN,AK,AAL,WE,Federal Contract Tower,4,9,0,0,13,0,20,0,0,20,4,29,0,0,33,16,0,16,49
02/24/2003,AKN,AK,AAL,WE,Federal Contract Tower,0,6,0,3,9,0,33,6,0,39,0,39,6,3,48,14,16,30,78
02/25/2003,AKN,AK,AAL,WE,Federal Contract Tower,6,12,2,2,22,0,24,5,0,29,6,36,7,2,51,0,0,0,51
02/26/2003,AKN,AK,AAL,WE,Federal Contract Tower,0,6,0,3,9,0,40,0,0,40,0,46,0,3,49,0,0,0,49
02/27/2003,AKN,AK,AAL,WE,Federal Contract Tower,6,10,0,3,19,0,45,6,1,52,6,55,6,4,71,0,8,8,79
02/28/2003,AKN,AK,AAL,WE,Federal Contract Tower,0,10,0,0,10,0,44,0,0,44,0,54,0,0,54,2,0,2,56
03/01/2003,AKN,AK,AAL,WE,Federal Contract Tower,2,13,0,4,19,0,34,2,0,36,2,47,2,4,55,0,0,0,55
03/02/2003,AKN,AK,AAL,WE,Federal Contract Tower,4,8,0,0,12,0,10,2,0,12,4,18,2,0,24,0,0,0,24
03/03/2003,AKN,AK,AAL,WE,Federal Contract Tower,0,4,0,4,8,0,28,3,0,31,0,32,3,4,39,0,4,4,43
03/04/2003,AKN,AK,AAL,WE,Federal Contract Tower,6,9,0,0,15,0,37,8,2,47,6,46,8,2,62,12,0,12,74
03/05/2003,AKN,AK,AAL,WE,Federal Contract Tower,0,8,4,4,16,0,23,4,0,27,0,31,8,4,43,0,0,0,43
03/06/2003,AKN,AK,AAL,WE,Federal Contract Tower,4,8,0,6,18,2,36,7,0,45,6,44,7,6,63,0,26,26,89
03/07/2003,AKN,AK,AAL,WE,Federal Contract Tower,0,5,0,0,5,0,35,3,0,38,0,40,3,0,43,0,0,0,43
03/08/2003,AKN,AK,AAL,WE,Federal Contract Tower,4,8,0,0,12,0,16,2,0,18,4,24,2,0,30,0,0,0,30
03/09/2003,AKN,AK,AAL,WE,Federal Contract Tower,2,6,0,0,8,0,14,1,0,15,2,20,1,0,23,0,0,0,23
03/10/2003,AKN,AK,AAL,WE,Federal Contract Tower,0,9,0,2,11,0,21,2,0,23,0,30,2,2,34,0,0,0,34
03/11/2003,AKN,AK,AAL,WE,Federal Contract Tower,4,15,0,3,22,0,33,6,2,41,4,48,6,5,63,10,6,16,79
03/12/2003,AKN,AK,AAL,WE,Federal Contract Tower,2,8,0,4,14,0,29,1,0,30,2,37,1,4,44,0,0,0,44
03/13/2003,AKN,AK,AAL,WE,Federal Contract Tower,2,4,0,0,6,0,21,1,0,22,2,25,1,0,28,0,0,0,28
03/14/2003,AKN,AK,AAL,WE,Federal Contract Tower,1,8,0,0,9,1,31,3,0,35,2,39,3,0,44,0,0,0,44
03/15/2003,AKN,AK,AAL,WE,Federal Contract Tower,4,10,0,0,14,0,27,0,0,27,4,37,0,0,41,0,4,4,45
03/16/2003,AKN,AK,AAL,WE,Federal Contract Tower,2,7,1,0,10,0,23,11,0,34,2,30,12,0,44,0,0,0,44
03/17/2003,AKN,AK,AAL,WE,Federal Contract Tower,0,11,0,1,12,0,38,2,0,40,0,49,2,1,52,0,0,0,52
03/18/2003,AKN,AK,AAL,WE,Federal Contract Tower,4,19,2,2,27,0,33,4,0,37,4,52,6,2,64,0,2,2,66
03/19/2003,AKN,AK,AAL,WE,Federal Contract Tower,0,5,0,3,8,0,49,11,0,60,0,54,11,3,68,0,0,0,68
03/20/2003,AKN,AK,AAL,WE,Federal Contract Tower,6,9,0,4,19,0,29,8,4,41,6,38,8,8,60,0,0,0,60
03/21/2003,AKN,AK,AAL,WE,Federal Contract Tower,0,11,0,4,15,0,29,7,0,36,0,40,7,4,51,0,0,0,51
03/22/2003,AKN,AK,AAL,WE,Federal Contract Tower,4,9,0,0,13,0,21,3,0,24,4,30,3,0,37,0,0,0,37
03/23/2003,AKN,AK,AAL,WE,Federal Contract Tower,2,7,0,0,9,0,16,6,0,22,2,23,6,0,31,4,0,4,35
03/24/2003,AKN,AK,AAL,WE,Federal Contract Tower,0,4,2,2,8,0,32,5,0,37,0,36,7,2,45,2,18,20,65
03/25/2003,AKN,AK,AAL,WE,Federal Contract Tower,4,13,0,0,17,0,22,10,0,32,4,35,10,0,49,4,0,4,53
03/26/2003,AKN,AK,AAL,WE,Federal Contract Tower,0,6,0,6,12,0,24,2,4,30,0,30,2,10,42,0,4,4,46
03/27/2003,AKN,AK,AAL,WE,Federal Contract Tower,10,9,0,6,25,0,37,12,2,51,10,46,12,8,76,2,10,12,88
03/28/2003,AKN,AK,AAL,WE,Federal Contract Tower,2,9,1,0,12,0,35,7,0,42,2,44,8,0,54,0,0,0,54
03/29/2003,AKN,AK,AAL,WE,Federal Contract Tower,4,9,0,0,13,0,27,6,0,33,4,36,6,0,46,0,0,0,46
03/30/2003,AKN,AK,AAL,WE,Federal Contract Tower,2,8,0,0,10,0,21,0,0,21,2,29,0,0,31,0,0,0,31
03/31/2003,AKN,AK,AAL,WE,Federal Contract Tower,2,4,0,2,8,0,22,5,0,27,2,26,5,2,35,0,4,4,39
04/01/2003,AKN,AK,AAL,WE,Federal Contract Tower,6,11,5,4,26,0,28,7,0,35,6,39,12,4,61,0,0,0,61
04/02/2003,AKN,AK,AAL,WE,Federal Contract Tower,0,6,0,4,10,0,31,4,0,35,0,37,4,4,45,0,0,0,45
04/03/2003,AKN,AK,AAL,WE,Federal Contract Tower,6,7,0,0,13,0,25,18,0,43,6,32,18,0,56,0,0,0,56
04/04/2003,AKN,AK,AAL,WE,Federal Contract Tower,2,18,2,2,24,0,17,6,0,23,2,35,8,2,47,0,0,0,47
04/05/2003,AKN,AK,AAL,WE,Federal Contract Tower,4,15,0,0,19,0,23,9,0,32,4,38,9,0,51,12,0,12,63
04/06/2003,AKN,AK,AAL,WE,Federal Contract Tower,2,7,0,0,9,0,23,7,0,30,2,30,7,0,39,0,0,0,39
04/07/2003,AKN,AK,AAL,WE,Federal Contract Tower,2,6,2,0,10,0,34,22,4,60,2,40,24,4,70,0,0,0,70
04/08/2003,AKN,AK,AAL,WE,Federal Contract Tower,4,11,0,2,17,0,33,12,8,53,4,44,12,10,70,0,4,4,74
04/09/2003,AKN,AK,AAL,WE,Federal Contract Tower,0,15,1,4,20,0,33,13,0,46,0,48,14,4,66,0,0,0,66
04/10/2003,AKN,AK,AAL,WE,Federal Contract Tower,8,12,0,2,22,0,43,10,0,53,8,55,10,2,75,0,0,0,75
04/11/2003,AKN,AK,AAL,WE,Federal Contract Tower,0,14,0,4,18,0,28,6,0,34,0,42,6,4,52,4,26,30,82
04/12/2003,AKN,AK,AAL,WE,Federal Contract Tower,2,15,0,0,17,0,15,2,0,17,2,30,2,0,34,0,0,0,34
04/13/2003,AKN,AK,AAL,WE,Federal Contract Tower,4,11,0,0,15,0,25,1,0,26,4,36,1,0,41,0,0,0,41
04/14/2003,AKN,AK,AAL,WE,Federal Contract Tower,0,20,2,2,24,0,40,5,0,45,0,60,7,2,69,0,0,0,69
04/15/2003,AKN,AK,AAL,WE,Federal Contract Tower,8,14,0,2,24,0,20,8,0,28,8,34,8,2,52,0,0,0,52
04/16/2003,AKN,AK,AAL,WE,Federal Contract Tower,0,7,0,4,11,0,43,12,0,55,0,50,12,4,66,0,0,0,66
04/17/2003,AKN,AK,AAL,WE,Federal Contract Tower,7,12,0,2,21,1,42,31,0,74,8,54,31,2,95,12,20,32,127
04/18/2003,AKN,AK,AAL,WE,Federal Contract Tower,0,8,0,9,17,0,48,19,16,83,0,56,19,25,100,2,30,32,132
04/19/2003,AKN,AK,AAL,WE,Federal Contract Tower,6,13,2,0,21,0,20,13,2,35,6,33,15,2,56,0,14,14,70
04/20/2003,AKN,AK,AAL,WE,Federal Contract Tower,4,7,0,0,11,0,9,5,0,14,4,16,5,0,25,0,0,0,25
04/21/2003,AKN,AK,AAL,WE,Federal Contract Tower,0,16,0,8,24,0,47,12,2,61,0,63,12,10,85,0,48,48,133
04/22/2003,AKN,AK,AAL,WE,Federal Contract Tower,10,16,0,4,30,0,21,12,2,35,10,37,12,6,65,6,12,18,83
04/23/2003,AKN,AK,AAL,WE,Federal Contract Tower,0,21,4,2,27,0,29,6,0,35,0,50,10,2,62,40,2,42,104
04/24/2003,AKN,AK,AAL,WE,Federal Contract Tower,6,2,0,5,13,0,24,11,0,35,6,26,11,5,48,0,0,0,48
04/25/2003,AKN,AK,AAL,WE,Federal Contract Tower,0,9,1,2,12,0,37,19,3,59,0,46,20,5,71,0,0,0,71
04/26/2003,AKN,AK,AAL,WE,Federal Contract Tower,4,16,0,0,20,0,24,15,0,39,4,40,15,0,59,0,0,0,59
04/27/2003,AKN,AK,AAL,WE,Federal Contract Tower,4,12,0,0,16,0,24,5,0,29,4,36,5,0,45,0,0,0,45
04/28/2003,AKN,AK,AAL,WE,Federal Contract Tower,2,9,0,6,17,0,21,8,0,29,2,30,8,6,46,0,0,0,46
04/29/2003,AKN,AK,AAL,WE,Federal Contract Tower,8,13,0,0,21,0,25,21,0,46,8,38,21,0,67,0,0,0,67
04/30/2003,AKN,AK,AAL,WE,Federal Contract Tower,2,8,0,5,15,0,30,20,5,55,2,38,20,10,70,0,0,0,70
05/01/2003,AKN,AK,AAL,WE,Federal Contract Tower,6,12,2,0,20,0,36,16,0,52,6,48,18,0,72,0,0,0,72
05/02/2003,AKN,AK,AAL,WE,Federal Contract Tower,2,16,3,0,21,0,30,15,0,45,2,46,18,0,66,8,0,8,74
05/03/2003,AKN,AK,AAL,WE,Federal Contract Tower,6,13,0,0,19,0,30,20,1,51,6,43,20,1,70,0,0,0,70
05/04/2003,AKN,AK,AAL,WE,Federal Contract Tower,4,6,0,0,10,0,24,9,0,33,4,30,9,0,43,0,0,0,43
05/05/2003,AKN,AK,AAL,WE,Federal Contract Tower,2,23,2,0,27,0,32,3,0,35,2,55,5,0,62,0,0,0,62
05/06/2003,AKN,AK,AAL,WE,Federal Contract Tower,8,21,1,4,34,0,17,7,0,24,8,38,8,4,58,0,0,0,58
05/07/2003,AKN,AK,AAL,WE,Federal Contract Tower,2,15,0,2,19,0,28,17,0,45,2,43,17,2,64,0,0,0,64
05/08/2003,AKN,AK,AAL,WE,Federal Contract Tower,5,14,8,4,31,0,39,12,0,51,5,53,20,4,82,4,0,4,86
05/09/2003,AKN,AK,AAL,WE,Federal Contract Tower,2,13,2,2,19,0,36,8,0,44,2,49,10,2,63,4,0,4,67
05/10/2003,AKN,AK,AAL,WE,Federal Contract Tower,6,19,0,0,25,0,50,7,0,57,6,69,7,0,82,2,0,2,84
05/11/2003,AKN,AK,AAL,WE,Federal Contract Tower,4,7,0,0,11,0,28,7,0,35,4,35,7,0,46,0,0,0,46
05/12/2003,AKN,AK,AAL,WE,Federal Contract Tower,1,12,2,2,17,1,38,10,0,49,2,50,12,2,66,0,0,0,66
05/13/2003,AKN,AK,AAL,WE,Federal Contract Tower,8,14,0,0,22,0,35,9,2,46,8,49,9,2,68,5,0,5,73
05/14/2003,AKN,AK,AAL,WE,Federal Contract Tower,2,8,0,6,16,0,46,12,0,58,2,54,12,6,74,18,0,18,92
05/15/2003,AKN,AK,AAL,WE,Federal Contract Tower,8,12,0,6,26,0,53,17,0,70,8,65,17,6,96,10,8,18,114
05/16/2003,AKN,AK,AAL,WE,Federal Contract Tower,2,4,1,2,9,0,61,15,2,78,2,65,16,4,87,26,10,36,123
05/17/2003,AKN,AK,AAL,WE,Federal Contract Tower,6,10,0,0,16,0,40,14,0,54,6,50,14,0,70,26,0,26,96
05/18/2003,AKN,AK,AAL,WE,Federal Contract Tower,2,6,0,0,8,0,30,1,0,31,2,36,1,0,39,0,0,0,39
05/19/2003,AKN,AK,AAL,WE,Federal Contract Tower,2,13,0,4,19,0,31,10,2,43,2,44,10,6,62,31,17,48,110
05/20/2003,AKN,AK,AAL,WE,Federal Contract Tower,7,9,0,2,18,1,44,32,2,79,8,53,32,4,97,0,0,0,97
05/21/2003,AKN,AK,AAL,WE,Federal Contract Tower,2,10,0,3,15,0,39,20,5,64,2,49,20,8,79,0,10,10,89
05/22/2003,AKN,AK,AAL,WE,Federal Contract Tower,5,5,0,6,16,0,46,25,0,71,5,51,25,6,87,4,20,24,111
05/23/2003,AKN,AK,AAL,WE,Federal Contract Tower,2,12,0,0,14,0,35,27,0,62,2,47,27,0,76,2,0,2,78
05/24/2003,AKN,AK,AAL,WE,Federal Contract Tower,6,14,0,0,20,0,44,33,0,77,6,58,33,0,97,0,8,8,105
05/25/2003,AKN,AK,AAL,WE,Federal Contract Tower,4,9,0,0,13,0,28,28,0,56,4,37,28,0,69,0,0,0,69
05/26/2003,AKN,AK,AAL,WE,Federal Contract Tower,2,6,0,0,8,0,26,11,0,37,2,32,11,0,45,4,0,4,49
05/27/2003,AKN,AK,AAL,WE,Federal Contract Tower,6,14,0,4,24,0,41,11,1,53,6,55,11,5,77,3,0,3,80
05/28/2003,AKN,AK,AAL,WE,Federal Contract Tower,4,6,0,6,16,0,68,32,4,104,4,74,32,10,120,18,0,18,138
05/29/2003,AKN,AK,AAL,WE,Federal Contract Tower,7,12,0,5,24,0,59,32,9,100,7,71,32,14,124,18,10,28,152
05/30/2003,AKN,AK,AAL,WE,Federal Contract Tower,2,8,0,2,12,0,64,26,12,102,2,72,26,14,114,16,20,36,150
05/31/2003,AKN,AK,AAL,WE,Federal Contract Tower,4,12,1,0,17,0,45,38,0,83,4,57,39,0,100,6,0,6,106
06/01/2003,AKN,AK,AAL,WE,Federal Contract Tower,4,8,1,0,13,0,40,22,0,62,4,48,23,0,75,0,0,0,75
06/02/2003,AKN,AK,AAL,WE,Federal Contract Tower,2,10,0,7,19,0,63,55,0,118,2,73,55,7,137,7,0,7,144
06/03/2003,AKN,AK,AAL,WE,Federal Contract Tower,6,16,0,2,24,0,59,21,0,80,6,75,21,2,104,21,0,21,125
06/04/2003,AKN,AK,AAL,WE,Federal Contract Tower,4,10,0,4,18,0,60,20,10,90,4,70,20,14,108,8,26,34,142
06/05/2003,AKN,AK,AAL,WE,Federal Contract Tower,5,20,0,12,37,0,79,15,7,101,5,99,15,19,138,16,10,26,164
06/06/2003,AKN,AK,AAL,WE,Federal Contract Tower,2,16,1,2,21,0,88,35,1,124,2,104,36,3,145,8,0,8,153
06/07/2003,AKN,AK,AAL,WE,Federal Contract Tower,6,12,0,0,18,0,73,44,0,117,6,85,44,0,135,0,0,0,135
06/08/2003,AKN,AK,AAL,WE,Federal Contract Tower,6,16,0,0,22,0,58,27,0,85,6,74,27,0,107,0,0,0,107
06/09/2003,AKN,AK,AAL,WE,Federal Contract Tower,2,21,2,0,25,0,70,51,0,121,2,91,53,0,146,0,0,0,146
06/10/2003,AKN,AK,AAL,WE,Federal Contract Tower,12,17,0,2,31,0,75,39,0,114,12,92,39,2,145,16,0,16,161
06/11/2003,AKN,AK,AAL,WE,Federal Contract Tower,8,21,12,4,45,0,63,14,0,77,8,84,26,4,122,0,0,0,122
06/12/2003,AKN,AK,AAL,WE,Federal Contract Tower,10,27,0,1,38,0,60,22,0,82,10,87,22,1,120,2,0,2,122
06/13/2003,AKN,AK,AAL,WE,Federal Contract Tower,4,51,18,0,73,0,14,4,0,18,4,65,22,0,91,0,0,0,91
06/14/2003,AKN,AK,AAL,WE,Federal Contract Tower,8,56,10,0,74,0,31,20,0,51,8,87,30,0,125,0,0,0,125
06/15/2003,AKN,AK,AAL,WE,Federal Contract Tower,6,21,11,0,38,0,57,24,0,81,6,78,35,0,119,0,0,0,119
06/16/2003,AKN,AK,AAL,WE,Federal Contract Tower,4,24,5,2,35,0,69,16,0,85,4,93,21,2,120,18,0,18,138
06/17/2003,AKN,AK,AAL,WE,Federal Contract Tower,8,26,5,0,39,2,86,18,1,107,10,112,23,1,146,23,2,25,171
06/18/2003,AKN,AK,AAL,WE,Federal Contract Tower,4,25,10,6,45,0,88,34,0,122,4,113,44,6,167,48,0,48,215
06/19/2003,AKN,AK,AAL,WE,Federal Contract Tower,8,18,6,2,34,0,72,18,0,90,8,90,24,2,124,0,0,0,124
06/20/2003,AKN,AK,AAL,WE,Federal Contract Tower,4,25,4,0,33,0,78,19,0,97,4,103,23,0,130,0,0,0,130
06/21/2003,AKN,AK,AAL,WE,Federal Contract Tower,8,26,3,0,37,1,69,34,0,104,9,95,37,0,141,0,0,0,141
06/22/2003,AKN,AK,AAL,WE,Federal Contract Tower,6,14,7,0,27,0,53,33,0,86,6,67,40,0,113,0,0,0,113
06/23/2003,AKN,AK,AAL,WE,Federal Contract Tower,2,20,1,2,25,0,63,11,0,74,2,83,12,2,99,5,0,5,104
06/24/2003,AKN,AK,AAL,WE,Federal Contract Tower,10,18,2,6,36,0,67,20,0,87,10,85,22,6,123,8,18,26,149
06/25/2003,AKN,AK,AAL,WE,Federal Contract Tower,4,16,2,2,24,0,59,21,0,80,4,75,23,2,104,32,0,32,136
06/26/2003,AKN,AK,AAL,WE,Federal Contract Tower,10,21,0,2,33,0,75,18,0,93,10,96,18,2,126,20,0,20,146
06/27/2003,AKN,AK,AAL,WE,Federal Contract Tower,2,21,1,0,24,0,91,30,0,121,2,112,31,0,145,6,0,6,151
06/28/2003,AKN,AK,AAL,WE,Federal Contract Tower,6,20,0,0,26,0,56,32,0,88,6,76,32,0,114,0,0,0,114
06/29/2003,AKN,AK,AAL,WE,Federal Contract Tower,6,13,5,0,24,0,47,31,0,78,6,60,36,0,102,0,0,0,102
06/30/2003,AKN,AK,AAL,WE,Federal Contract Tower,2,16,6,0,24,0,52,19,0,71,2,68,25,0,95,0,0,0,95
07/01/2003,AKN,AK,AAL,WE,Federal Contract Tower,13,39,25,0,77,0,31,7,0,38,13,70,32,0,115,0,0,0,115
07/02/2003,AKN,AK,AAL,WE,Federal Contract Tower,2,29,3,4,38,0,51,7,0,58,2,80,10,4,96,0,0,0,96
07/03/2003,AKN,AK,AAL,WE,Federal Contract Tower,8,19,0,0,27,0,50,21,0,71,8,69,21,0,98,0,0,0,98
07/04/2003,AKN,AK,AAL,WE,Federal Contract Tower,4,14,3,0,21,0,35,11,0,46,4,49,14,0,67,6,0,6,73
07/05/2003,AKN,AK,AAL,WE,Federal Contract Tower,8,40,11,0,59,0,43,25,0,68,8,83,36,0,127,0,0,0,127
07/06/2003,AKN,AK,AAL,WE,Federal Contract Tower,10,20,11,0,41,0,45,26,0,71,10,65,37,0,112,0,0,0,112
07/07/2003,AKN,AK,AAL,WE,Federal Contract Tower,6,20,7,2,35,0,52,20,0,72,6,72,27,2,107,2,0,2,109
07/08/2003,AKN,AK,AAL,WE,Federal Contract Tower,16,19,1,11,47,0,55,24,1,80,16,74,25,12,127,2,0,2,129
07/09/2003,AKN,AK,AAL,WE,Federal Contract Tower,4,60,22,3,89,0,14,14,0,28,4,74,36,3,117,0,0,0,117
07/10/2003,AKN,AK,AAL,WE,Federal Contract Tower,8,57,7,1,73,0,37,26,0,63,8,94,33,1,136,0,0,0,136
07/11/2003,AKN,AK,AAL,WE,Federal Contract Tower,2,38,7,0,47,0,42,20,0,62,2,80,27,0,109,0,0,0,109
07/12/2003,AKN,AK,AAL,WE,Federal Contract Tower,8,29,2,0,39,0,87,42,0,129,8,116,44,0,168,0,0,0,168
07/13/2003,AKN,AK,AAL,WE,Federal Contract Tower,6,24,4,0,34,0,58,30,0,88,6,82,34,0,122,0,0,0,122
07/14/2003,AKN,AK,AAL,WE,Federal Contract Tower,4,78,26,2,110,0,22,10,0,32,4,100,36,2,142,0,0,0,142
07/15/2003,AKN,AK,AAL,WE,Federal Contract Tower,9,53,28,2,92,1,27,17,0,45,10,80,45,2,137,10,0,10,147
07/16/2003,AKN,AK,AAL,WE,Federal Contract Tower,8,40,41,6,95,0,51,35,0,86,8,91,76,6,181,0,0,0,181
07/17/2003,AKN,AK,AAL,WE,Federal Contract Tower,10,23,1,5,39,1,58,23,0,82,11,81,24,5,121,12,0,12,133
07/18/2003,AKN,AK,AAL,WE,Federal Contract Tower,6,27,7,0,40,0,89,55,0,144,6,116,62,0,184,2,0,2,186
07/19/2003,AKN,AK,AAL,WE,Federal Contract Tower,7,30,1,0,38,1,75,32,0,108,8,105,33,0,146,8,0,8,154
07/20/2003,AKN,AK,AAL,WE,Federal Contract Tower,6,19,6,0,31,0,58,25,0,83,6,77,31,0,114,0,0,0,114
07/21/2003,AKN,AK,AAL,WE,Federal Contract Tower,4,23,6,4,37,0,61,22,0,83,4,84,28,4,120,0,16,16,136
07/22/2003,AKN,AK,AAL,WE,Federal Contract Tower,12,38,31,2,83,0,39,20,0,59,12,77,51,2,142,0,0,0,142
07/23/2003,AKN,AK,AAL,WE,Federal Contract Tower,4,15,4,2,25,0,35,8,0,43,4,50,12,2,68,2,0,2,70
07/24/2003,AKN,AK,AAL,WE,Federal Contract Tower,8,9,1,3,21,0,59,13,0,72,8,68,14,3,93,0,0,0,93
07/25/2003,AKN,AK,AAL,WE,Federal Contract Tower,4,21,8,0,33,0,70,18,0,88,4,91,26,0,121,0,0,0,121
07/26/2003,AKN,AK,AAL,WE,Federal Contract Tower,8,19,1,0,28,0,58,17,0,75,8,77,18,0,103,0,0,0,103
07/27/2003,AKN,AK,AAL,WE,Federal Contract Tower,4,41,12,0,57,0,25,5,0,30,4,66,17,0,87,0,0,0,87
07/28/2003,AKN,AK,AAL,WE,Federal Contract Tower,2,16,3,4,25,0,46,18,2,66,2,62,21,6,91,2,6,8,99
07/29/2003,AKN,AK,AAL,WE,Federal Contract Tower,12,16,1,2,31,0,43,26,0,69,12,59,27,2,100,8,0,8,108
07/30/2003,AKN,AK,AAL,WE,Federal Contract Tower,2,16,21,2,41,0,28,21,0,49,2,44,42,2,90,14,0,14,104
07/31/2003,AKN,AK,AAL,WE,Federal Contract Tower,8,8,4,3,23,0,53,18,0,71,8,61,22,3,94,14,24,38,132
08/01/2003,AKN,AK,AAL,WE,Federal Contract Tower,2,16,2,2,22,0,50,16,0,66,2,66,18,2,88,0,0,0,88
08/02/2003,AKN,AK,AAL,WE,Federal Contract Tower,6,18,0,0,24,0,39,18,0,57,6,57,18,0,81,2,0,2,83
08/03/2003,AKN,AK,AAL,WE,Federal Contract Tower,5,11,8,0,24,1,22,13,0,36,6,33,21,0,60,0,0,0,60
08/04/2003,AKN,AK,AAL,WE,Federal Contract Tower,2,10,0,2,14,0,46,15,0,61,2,56,15,2,75,4,2,6,81
08/05/2003,AKN,AK,AAL,WE,Federal Contract Tower,12,13,0,0,25,0,41,30,0,71,12,54,30,0,96,20,0,20,116
08/06/2003,AKN,AK,AAL,WE,Federal Contract Tower,2,43,30,4,79,0,23,12,1,36,2,66,42,5,115,0,0,0,115
08/07/2003,AKN,AK,AAL,WE,Federal Contract Tower,8,11,2,2,23,0,41,38,0,79,8,52,40,2,102,0,0,0,102
08/08/2003,AKN,AK,AAL,WE,Federal Contract Tower,2,9,0,0,11,0,60,23,0,83,2,69,23,0,94,0,0,0,94
08/09/2003,AKN,AK,AAL,WE,Federal Contract Tower,6,16,0,0,22,0,49,26,0,75,6,65,26,0,97,0,0,0,97
08/10/2003,AKN,AK,AAL,WE,Federal Contract Tower,7,6,3,0,16,0,38,9,0,47,7,44,12,0,63,8,0,8,71
08/11/2003,AKN,AK,AAL,WE,Federal Contract Tower,2,36,10,2,50,0,21,0,1,22,2,57,10,3,72,0,0,0,72
08/12/2003,AKN,AK,AAL,WE,Federal Contract Tower,7,23,1,4,35,1,35,20,0,56,8,58,21,4,91,14,14,28,119
08/13/2003,AKN,AK,AAL,WE,Federal Contract Tower,4,16,4,8,32,0,38,28,0,66,4,54,32,8,98,0,18,18,116
08/14/2003,AKN,AK,AAL,WE,Federal Contract Tower,10,20,0,4,34,0,51,30,0,81,10,71,30,4,115,0,14,14,129
08/15/2003,AKN,AK,AAL,WE,Federal Contract Tower,6,41,16,0,63,0,21,0,0,21,6,62,16,0,84,0,0,0,84
08/16/2003,AKN,AK,AAL,WE,Federal Contract Tower,6,22,7,0,35,0,54,31,0,85,6,76,38,0,120,0,0,0,120
08/17/2003,AKN,AK,AAL,WE,Federal Contract Tower,6,9,4,0,19,0,37,18,0,55,6,46,22,0,74,0,0,0,74
08/18/2003,AKN,AK,AAL,WE,Federal Contract Tower,2,16,2,0,20,0,49,15,0,64,2,65,17,0,84,0,12,12,96
08/19/2003,AKN,AK,AAL,WE,Federal Contract Tower,8,10,0,2,20,0,51,21,0,72,8,61,21,2,92,0,0,0,92
08/20/2003,AKN,AK,AAL,WE,Federal Contract Tower,4,12,1,4,21,0,66,19,0,85,4,78,20,4,106,0,0,0,106
08/21/2003,AKN,AK,AAL,WE,Federal Contract Tower,8,10,0,6,24,0,40,21,2,63,8,50,21,8,87,0,0,0,87
08/22/2003,AKN,AK,AAL,WE,Federal Contract Tower,2,25,6,12,45,0,48,21,0,69,2,73,27,12,114,0,18,18,132
08/23/2003,AKN,AK,AAL,WE,Federal Contract Tower,6,17,9,4,36,0,53,15,0,68,6,70,24,4,104,0,0,0,104
08/24/2003,AKN,AK,AAL,WE,Federal Contract Tower,6,9,12,2,29,0,39,15,1,55,6,48,27,3,84,0,0,0,84
08/25/2003,AKN,AK,AAL,WE,Federal Contract Tower,4,10,2,5,21,0,45,10,0,55,4,55,12,5,76,0,6,6,82
08/26/2003,AKN,AK,AAL,WE,Federal Contract Tower,10,36,24,2,72,0,0,0,0,0,10,36,24,2,72,2,0,2,74
08/27/2003,AKN,AK,AAL,WE,Federal Contract Tower,2,14,6,6,28,0,42,22,0,64,2,56,28,6,92,0,26,26,118
08/28/2003,AKN,AK,AAL,WE,Federal Contract Tower,8,13,1,10,32,0,39,10,0,49,8,52,11,10,81,0,18,18,99
08/29/2003,AKN,AK,AAL,WE,Federal Contract Tower,2,14,5,6,27,0,44,13,0,57,2,58,18,6,84,0,0,0,84
08/30/2003,AKN,AK,AAL,WE,Federal Contract Tower,6,15,1,0,22,0,29,24,0,53,6,44,25,0,75,0,0,0,75
08/31/2003,AKN,AK,AAL,WE,Federal Contract Tower,6,12,4,0,22,0,28,22,0,50,6,40,26,0,72,2,0,2,74
09/01/2003,AKN,AK,AAL,WE,Federal Contract Tower,2,18,6,0,26,0,18,0,0,18,2,36,6,0,44,0,0,0,44
09/02/2003,AKN,AK,AAL,WE,Federal Contract Tower,9,10,3,4,26,0,36,15,0,51,9,46,18,4,77,0,0,0,77
09/03/2003,AKN,AK,AAL,WE,Federal Contract Tower,6,10,0,2,18,0,26,14,0,40,6,36,14,2,58,0,0,0,58
09/04/2003,AKN,AK,AAL,WE,Federal Contract Tower,8,8,0,4,20,0,56,18,0,74,8,64,18,4,94,0,0,0,94
09/05/2003,AKN,AK,AAL,WE,Federal Contract Tower,2,8,0,0,10,0,64,17,0,81,2,72,17,0,91,0,0,0,91
09/06/2003,AKN,AK,AAL,WE,Federal Contract Tower,6,13,3,2,24,0,49,20,0,69,6,62,23,2,93,0,0,0,93
09/07/2003,AKN,AK,AAL,WE,Federal Contract Tower,4,13,5,0,22,0,41,9,0,50,4,54,14,0,72,0,0,0,72
09/08/2003,AKN,AK,AAL,WE,Federal Contract Tower,0,10,1,2,13,0,53,17,0,70,0,63,18,2,83,12,0,12,95
09/09/2003,AKN,AK,AAL,WE,Federal Contract Tower,4,8,0,2,14,0,45,20,0,65,4,53,20,2,79,12,0,12,91
09/10/2003,AKN,AK,AAL,WE,Federal Contract Tower,0,10,2,2,14,0,44,31,0,75,0,54,33,2,89,0,6,6,95
09/11/2003,AKN,AK,AAL,WE,Federal Contract Tower,8,17,3,0,28,0,30,15,0,45,8,47,18,0,73,0,0,0,73
09/12/2003,AKN,AK,AAL,WE,Federal Contract Tower,0,12,4,2,18,0,50,22,1,73,0,62,26,3,91,2,0,2,93
09/13/2003,AKN,AK,AAL,WE,Federal Contract Tower,4,11,0,0,15,0,45,29,0,74,4,56,29,0,89,0,0,0,89
09/14/2003,AKN,AK,AAL,WE,Federal Contract Tower,2,7,4,0,13,0,46,6,0,52,2,53,10,0,65,0,0,0,65
09/15/2003,AKN,AK,AAL,WE,Federal Contract Tower,2,2,2,4,10,1,52,27,0,80,3,54,29,4,90,0,0,0,90
09/16/2003,AKN,AK,AAL,WE,Federal Contract Tower,6,8,1,0,15,0,42,23,2,67,6,50,24,2,82,0,10,10,92
09/17/2003,AKN,AK,AAL,WE,Federal Contract Tower,1,10,1,6,18,1,53,17,4,75,2,63,18,10,93,4,44,48,141
09/18/2003,AKN,AK,AAL,WE,Federal Contract Tower,11,7,0,6,24,1,54,9,0,64,12,61,9,6,88,0,0,0,88
09/19/2003,AKN,AK,AAL,WE,Federal Contract Tower,0,10,5,1,16,0,50,14,0,64,0,60,19,1,80,0,2,2,82
09/20/2003,AKN,AK,AAL,WE,Federal Contract Tower,4,7,6,0,17,0,32,9,0,41,4,39,15,0,58,0,0,0,58
09/21/2003,AKN,AK,AAL,WE,Federal Contract Tower,4,8,4,0,16,0,35,14,0,49,4,43,18,0,65,0,0,0,65
09/22/2003,AKN,AK,AAL,WE,Federal Contract Tower,0,9,0,2,11,0,65,24,0,89,0,74,24,2,100,0,0,0,100
09/23/2003,AKN,AK,AAL,WE,Federal Contract Tower,6,13,0,2,21,0,33,14,0,47,6,46,14,2,68,0,0,0,68
09/24/2003,AKN,AK,AAL,WE,Federal Contract Tower,0,7,4,5,16,0,40,26,1,67,0,47,30,6,83,0,0,0,83
09/25/2003,AKN,AK,AAL,WE,Federal Contract Tower,5,11,4,3,23,1,28,16,0,45,6,39,20,3,68,0,0,0,68
09/26/2003,AKN,AK,AAL,WE,Federal Contract Tower,0,9,1,0,10,0,59,21,0,80,0,68,22,0,90,2,0,2,92
09/27/2003,AKN,AK,AAL,WE,Federal Contract Tower,4,16,3,0,23,0,63,31,0,94,4,79,34,0,117,4,0,4,121
09/28/2003,AKN,AK,AAL,WE,Federal Contract Tower,4,12,3,0,19,0,39,17,0,56,4,51,20,0,75,0,0,0,75
09/29/2003,AKN,AK,AAL,WE,Federal Contract Tower,0,14,2,0,16,0,51,13,0,64,0,65,15,0,80,6,0,6,86
09/30/2003,AKN,AK,AAL,WE,Federal Contract Tower,8,20,0,0,28,0,46,4,0,50,8,66,4,0,78,6,0,6,84
10/01/2003,AKN,AK,AAL,WE,Federal Contract Tower,0,10,2,2,14,0,38,6,2,46,0,48,8,4,60,0,0,0,60
10/02/2003,AKN,AK,AAL,WE,Federal Contract Tower,2,17,4,3,26,6,29,10,7,52,8,46,14,10,78,0,16,16,94
10/03/2003,AKN,AK,AAL,WE,Federal Contract Tower,0,10,3,0,13,0,48,9,0,57,0,58,12,0,70,4,0,4,74
10/04/2003,AKN,AK,AAL,WE,Federal Contract Tower,1,6,1,0,8,2,39,13,0,54,3,45,14,0,62,18,0,18,80
10/05/2003,AKN,AK,AAL,WE,Federal Contract Tower,3,8,2,0,13,3,30,7,0,40,6,38,9,0,53,0,0,0,53
10/06/2003,AKN,AK,AAL,WE,Federal Contract Tower,0,6,2,2,10,0,35,7,2,44,0,41,9,4,54,0,6,6,60
10/07/2003,AKN,AK,AAL,WE,Federal Contract Tower,5,20,4,2,31,1,22,7,0,30,6,42,11,2,61,0,6,6,67
10/08/2003,AKN,AK,AAL,WE,Federal Contract Tower,0,26,4,4,34,0,26,6,0,32,0,52,10,4,66,0,0,0,66
10/09/2003,AKN,AK,AAL,WE,Federal Contract Tower,5,31,5,6,47,0,29,5,0,34,5,60,10,6,81,0,0,0,81
10/10/2003,AKN,AK,AAL,WE,Federal Contract Tower,0,11,2,0,13,0,51,19,0,70,0,62,21,0,83,0,0,0,83
10/11/2003,AKN,AK,AAL,WE,Federal Contract Tower,2,7,2,0,11,2,55,31,0,88,4,62,33,0,99,0,0,0,99
10/12/2003,AKN,AK,AAL,WE,Federal Contract Tower,2,4,0,0,6,2,27,14,0,43,4,31,14,0,49,0,0,0,49
10/13/2003,AKN,AK,AAL,WE,Federal Contract Tower,0,5,0,0,5,0,30,4,0,34,0,35,4,0,39,0,0,0,39
10/14/2003,AKN,AK,AAL,WE,Federal Contract Tower,4,17,3,4,28,1,39,16,0,56,5,56,19,4,84,0,0,0,84
10/15/2003,AKN,AK,AAL,WE,Federal Contract Tower,0,12,1,2,15,0,38,5,2,45,0,50,6,4,60,0,0,0,60
10/16/2003,AKN,AK,AAL,WE,Federal Contract Tower,4,18,2,0,24,2,35,28,0,65,6,53,30,0,89,10,0,10,99
10/17/2003,AKN,AK,AAL,WE,Federal Contract Tower,0,10,1,2,13,0,52,24,4,80,0,62,25,6,93,0,0,0,93
10/18/2003,AKN,AK,AAL,WE,Federal Contract Tower,2,9,1,0,12,2,49,10,0,61,4,58,11,0,73,0,0,0,73
10/19/2003,AKN,AK,AAL,WE,Federal Contract Tower,3,12,1,0,16,1,20,3,0,24,4,32,4,0,40,4,0,4,44
10/20/2003,AKN,AK,AAL,WE,Federal Contract Tower,0,8,1,1,10,0,35,14,2,51,0,43,15,3,61,0,0,0,61
10/21/2003,AKN,AK,AAL,WE,Federal Contract Tower,2,10,1,1,14,4,42,16,0,62,6,52,17,1,76,0,4,4,80
10/22/2003,AKN,AK,AAL,WE,Federal Contract Tower,0,11,1,2,14,0,45,17,2,64,0,56,18,4,78,0,0,0,78
10/23/2003,AKN,AK,AAL,WE,Federal Contract Tower,3,12,1,2,18,5,28,29,2,64,8,40,30,4,82,10,12,22,104
10/24/2003,AKN,AK,AAL,WE,Federal Contract Tower,0,6,0,0,6,0,43,36,0,79,0,49,36,0,85,0,0,0,85
10/25/2003,AKN,AK,AAL,WE,Federal Contract Tower,3,12,1,2,18,1,40,13,0,54,4,52,14,2,72,12,24,36,108
10/26/2003,AKN,AK,AAL,WE,Federal Contract Tower,2,10,1,0,13,2,17,0,0,19,4,27,1,0,32,6,0,6,38
10/27/2003,AKN,AK,AAL,WE,Federal Contract Tower,0,17,2,3,22,0,30,12,4,46,0,47,14,7,68,13,0,13,81
10/28/2003,AKN,AK,AAL,WE,Federal Contract Tower,3,10,1,2,16,1,34,12,4,51,4,44,13,6,67,0,7,7,74
10/29/2003,AKN,AK,AAL,WE,Federal Contract Tower,2,9,1,1,13,0,28,7,6,41,2,37,8,7,54,30,0,30,84
10/30/2003,AKN,AK,AAL,WE,Federal Contract Tower,4,15,2,3,24,4,29,8,7,48,8,44,10,10,72,16,10,26,98
10/31/2003,AKN,AK,AAL,WE,Federal Contract Tower,0,9,1,0,10,0,50,11,0,61,0,59,12,0,71,8,0,8,79
11/01/2003,AKN,AK,AAL,WE,Federal Contract Tower,1,11,0,0,12,1,24,0,0,25,2,35,0,0,37,6,0,6,43
11/02/2003,AKN,AK,AAL,WE,Federal Contract Tower,4,16,1,0,21,0,19,7,0,26,4,35,8,0,47,0,0,0,47
11/03/2003,AKN,AK,AAL,WE,Federal Contract Tower,2,15,1,3,21,0,37,9,6,52,2,52,10,9,73,4,0,4,77
11/04/2003,AKN,AK,AAL,WE,Federal Contract Tower,4,12,1,1,18,0,36,20,0,56,4,48,21,1,74,0,0,0,74
11/05/2003,AKN,AK,AAL,WE,Federal Contract Tower,0,15,1,3,19,0,36,3,6,45,0,51,4,9,64,0,4,4,68
11/06/2003,AKN,AK,AAL,WE,Federal Contract Tower,5,15,1,3,24,3,31,7,2,43,8,46,8,5,67,14,0,14,81
11/07/2003,AKN,AK,AAL,WE,Federal Contract Tower,0,7,1,1,9,0,50,10,3,63,0,57,11,4,72,8,2,10,82
11/08/2003,AKN,AK,AAL,WE,Federal Contract Tower,3,10,1,2,16,1,39,1,0,41,4,49,2,2,57,8,0,8,65
11/09/2003,AKN,AK,AAL,WE,Federal Contract Tower,3,13,1,3,20,1,8,3,3,15,4,21,4,6,35,0,4,4,39
11/10/2003,AKN,AK,AAL,WE,Federal Contract Tower,0,10,1,3,14,0,31,5,5,41,0,41,6,8,55,0,22,22,77
11/11/2003,AKN,AK,AAL,WE,Federal Contract Tower,2,10,0,2,14,0,8,0,0,8,2,18,0,2,22,0,2,2,24
11/12/2003,AKN,AK,AAL,WE,Federal Contract Tower,2,10,1,3,16,2,41,3,2,48,4,51,4,5,64,0,10,10,74
11/13/2003,AKN,AK,AAL,WE,Federal Contract Tower,2,14,1,3,20,4,41,11,3,59,6,55,12,6,79,18,2,20,99
11/14/2003,AKN,AK,AAL,WE,Federal Contract Tower,0,10,1,2,13,0,44,11,0,55,0,54,12,2,68,0,8,8,76
11/15/2003,AKN,AK,AAL,WE,Federal Contract Tower,2,8,1,0,11,2,33,3,0,38,4,41,4,0,49,0,0,0,49
11/16/2003,AKN,AK,AAL,WE,Federal Contract Tower,2,10,0,2,14,2,25,3,4,34,4,35,3,6,48,0,0,0,48
11/17/2003,AKN,AK,AAL,WE,Federal Contract Tower,0,8,0,2,10,0,40,5,3,48,0,48,5,5,58,0,10,10,68
11/18/2003,AKN,AK,AAL,WE,Federal Contract Tower,4,16,0,0,20,2,2,0,0,4,6,18,0,0,24,0,0,0,24
11/19/2003,AKN,AK,AAL,WE,Federal Contract Tower,0,21,0,2,23,0,6,0,0,6,0,27,0,2,29,0,2,2,31
11/20/2003,AKN,AK,AAL,WE,Federal Contract Tower,4,22,1,4,31,4,40,3,0,47,8,62,4,4,78,4,0,4,82
11/21/2003,AKN,AK,AAL,WE,Federal Contract Tower,0,24,1,2,27,0,17,6,0,23,0,41,7,2,50,16,0,16,66
11/22/2003,AKN,AK,AAL,WE,Federal Contract Tower,1,8,0,0,9,1,39,0,0,40,2,47,0,0,49,0,0,0,49
11/23/2003,AKN,AK,AAL,WE,Federal Contract Tower,2,11,0,3,16,2,22,1,1,26,4,33,1,4,42,0,0,0,42
11/24/2003,AKN,AK,AAL,WE,Federal Contract Tower,0,9,0,2,11,0,27,2,6,35,0,36,2,8,46,0,20,20,66
11/25/2003,AKN,AK,AAL,WE,Federal Contract Tower,3,13,0,2,18,2,34,0,0,36,5,47,0,2,54,0,46,46,100
11/26/2003,AKN,AK,AAL,WE,Federal Contract Tower,0,6,0,2,8,0,38,2,0,40,0,44,2,2,48,0,0,0,48
11/27/2003,AKN,AK,AAL,WE,Federal Contract Tower,0,0,0,0,0,0,0,0,0,0,0,0,0,0,0,0,0,0,0
11/28/2003,AKN,AK,AAL,WE,Federal Contract Tower,0,11,0,2,13,0,31,0,0,31,0,42,0,2,44,0,0,0,44
11/29/2003,AKN,AK,AAL,WE,Federal Contract Tower,2,14,0,0,16,0,5,1,0,6,2,19,1,0,22,0,0,0,22
11/30/2003,AKN,AK,AAL,WE,Federal Contract Tower,2,10,0,0,12,6,24,2,0,32,8,34,2,0,44,6,0,6,50
12/01/2003,AKN,AK,AAL,WE,Federal Contract Tower,0,12,1,3,16,0,27,3,5,35,0,39,4,8,51,0,12,12,63
12/02/2003,AKN,AK,AAL,WE,Federal Contract Tower,1,8,1,0,10,3,21,3,0,27,4,29,4,0,37,0,0,0,37
12/03/2003,AKN,AK,AAL,WE,Federal Contract Tower,0,3,0,0,3,0,7,0,0,7,0,10,0,0,10,0,0,0,10
12/04/2003,AKN,AK,AAL,WE,Federal Contract Tower,2,12,0,0,14,9,28,0,0,37,11,40,0,0,51,0,0,0,51
12/05/2003,AKN,AK,AAL,WE,Federal Contract Tower,0,12,1,4,17,0,28,8,4,40,0,40,9,8,57,2,0,2,59
12/06/2003,AKN,AK,AAL,WE,Federal Contract Tower,2,9,1,0,12,2,19,5,0,26,4,28,6,0,38,0,0,0,38
12/07/2003,AKN,AK,AAL,WE,Federal Contract Tower,3,8,0,0,11,1,23,0,0,24,4,31,0,0,35,0,0,0,35
12/08/2003,AKN,AK,AAL,WE,Federal Contract Tower,0,11,1,4,16,0,30,4,2,36,0,41,5,6,52,0,0,0,52
12/09/2003,AKN,AK,AAL,WE,Federal Contract Tower,3,8,1,0,12,3,27,3,0,33,6,35,4,0,45,18,0,18,63
12/10/2003,AKN,AK,AAL,WE,Federal Contract Tower,0,10,1,2,13,0,28,7,4,39,0,38,8,6,52,12,4,16,68
12/11/2003,AKN,AK,AAL,WE,Federal Contract Tower,4,11,1,2,18,2,29,9,0,40,6,40,10,2,58,0,0,0,58
12/12/2003,AKN,AK,AAL,WE,Federal Contract Tower,2,6,1,0,9,0,37,11,0,48,2,43,12,0,57,0,0,0,57
12/13/2003,AKN,AK,AAL,WE,Federal Contract Tower,4,10,1,0,15,0,21,5,0,26,4,31,6,0,41,0,0,0,41
12/14/2003,AKN,AK,AAL,WE,Federal Contract Tower,3,8,1,0,12,1,16,2,0,19,4,24,3,0,31,0,0,0,31
12/15/2003,AKN,AK,AAL,WE,Federal Contract Tower,0,13,1,0,14,0,20,8,0,28,0,33,9,0,42,6,0,6,48
12/16/2003,AKN,AK,AAL,WE,Federal Contract Tower,5,13,1,0,19,1,30,9,0,40,6,43,10,0,59,12,0,12,71
12/17/2003,AKN,AK,AAL,WE,Federal Contract Tower,0,9,1,0,10,0,41,13,4,58,0,50,14,4,68,4,0,4,72
12/18/2003,AKN,AK,AAL,WE,Federal Contract Tower,5,14,1,2,22,3,34,3,0,40,8,48,4,2,62,8,2,10,72
12/19/2003,AKN,AK,AAL,WE,Federal Contract Tower,0,10,1,1,12,0,34,3,1,38,0,44,4,2,50,6,0,6,56
12/20/2003,AKN,AK,AAL,WE,Federal Contract Tower,3,9,0,0,12,1,25,8,0,34,4,34,8,0,46,0,0,0,46
12/21/2003,AKN,AK,AAL,WE,Federal Contract Tower,2,6,0,0,8,2,14,0,0,16,4,20,0,0,24,0,0,0,24
12/22/2003,AKN,AK,AAL,WE,Federal Contract Tower,0,6,0,1,7,0,39,2,1,42,0,45,2,2,49,0,14,14,63
12/23/2003,AKN,AK,AAL,WE,Federal Contract Tower,3,11,0,2,16,3,31,8,0,42,6,42,8,2,58,2,14,16,74
12/24/2003,AKN,AK,AAL,WE,Federal Contract Tower,0,6,0,1,7,0,38,0,1,39,0,44,0,2,46,0,0,0,46
12/25/2003,AKN,AK,AAL,WE,Federal Contract Tower,0,0,0,0,0,0,0,0,0,0,0,0,0,0,0,0,0,0,0
12/26/2003,AKN,AK,AAL,WE,Federal Contract Tower,0,4,0,0,4,0,25,0,0,25,0,29,0,0,29,0,0,0,29
12/27/2003,AKN,AK,AAL,WE,Federal Contract Tower,3,8,0,0,11,1,15,0,0,16,4,23,0,0,27,0,0,0,27
12/28/2003,AKN,AK,AAL,WE,Federal Contract Tower,1,6,0,0,7,3,9,0,0,12,4,15,0,0,19,0,0,0,19
12/29/2003,AKN,AK,AAL,WE,Federal Contract Tower,0,21,0,4,25,0,17,0,2,19,0,38,0,6,44,0,2,2,46
12/30/2003,AKN,AK,AAL,WE,Federal Contract Tower,4,12,0,3,19,2,22,2,3,29,6,34,2,6,48,0,0,0,48
12/31/2003,AKN,AK,AAL,WE,Federal Contract Tower,0,5,0,0,5,0,15,6,2,23,0,20,6,2,28,0,0,0,28
01/01/2004,AKN,AK,AAL,WE,Federal Contract Tower,1,4,1,0,6,3,4,1,0,8,4,8,2,0,14,0,0,0,14
01/02/2004,AKN,AK,AAL,WE,Federal Contract Tower,0,5,1,0,6,0,34,11,0,45,0,39,12,0,51,0,0,0,51
01/03/2004,AKN,AK,AAL,WE,Federal Contract Tower,2,7,0,0,9,2,23,0,0,25,4,30,0,0,34,4,0,4,38
01/04/2004,AKN,AK,AAL,WE,Federal Contract Tower,0,5,1,0,6,4,15,4,0,23,4,20,5,0,29,0,0,0,29
01/05/2004,AKN,AK,AAL,WE,Federal Contract Tower,0,9,1,0,10,0,29,3,0,32,0,38,4,0,42,0,0,0,42
01/06/2004,AKN,AK,AAL,WE,Federal Contract Tower,3,9,0,3,15,1,31,0,1,33,4,40,0,4,48,0,0,0,48
01/07/2004,AKN,AK,AAL,WE,Federal Contract Tower,2,5,0,2,9,0,19,0,1,20,2,24,0,3,29,0,0,0,29
01/08/2004,AKN,AK,AAL,WE,Federal Contract Tower,4,10,0,0,14,4,16,1,0,21,8,26,1,0,35,0,0,0,35
01/09/2004,AKN,AK,AAL,WE,Federal Contract Tower,0,11,0,2,13,0,33,10,0,43,0,44,10,2,56,0,0,0,56
01/10/2004,AKN,AK,AAL,WE,Federal Contract Tower,3,9,0,0,12,1,20,2,0,23,4,29,2,0,35,0,0,0,35
01/11/2004,AKN,AK,AAL,WE,Federal Contract Tower,3,9,0,0,12,1,17,4,0,22,4,26,4,0,34,0,0,0,34
01/12/2004,AKN,AK,AAL,WE,Federal Contract Tower,0,7,0,2,9,0,33,5,0,38,0,40,5,2,47,12,0,12,59
01/13/2004,AKN,AK,AAL,WE,Federal Contract Tower,3,8,0,0,11,3,35,11,0,49,6,43,11,0,60,28,0,28,88
01/14/2004,AKN,AK,AAL,WE,Federal Contract Tower,0,5,0,0,5,0,29,4,6,39,0,34,4,6,44,0,6,6,50
01/15/2004,AKN,AK,AAL,WE,Federal Contract Tower,6,17,0,5,28,4,23,8,9,44,10,40,8,14,72,0,22,22,94
01/16/2004,AKN,AK,AAL,WE,Federal Contract Tower,0,5,0,2,7,0,42,4,0,46,0,47,4,2,53,0,30,30,83
01/17/2004,AKN,AK,AAL,WE,Federal Contract Tower,1,6,0,0,7,0,22,0,0,22,1,28,0,0,29,0,0,0,29
01/18/2004,AKN,AK,AAL,WE,Federal Contract Tower,3,11,0,2,16,1,19,2,0,22,4,30,2,2,38,0,18,18,56
01/19/2004,AKN,AK,AAL,WE,Federal Contract Tower,0,8,0,0,8,0,16,0,0,16,0,24,0,0,24,2,0,2,26
01/20/2004,AKN,AK,AAL,WE,Federal Contract Tower,4,13,0,2,19,0,17,4,4,25,4,30,4,6,44,8,10,18,62
01/21/2004,AKN,AK,AAL,WE,Federal Contract Tower,2,18,0,4,24,0,32,4,6,42,2,50,4,10,66,0,16,16,82
01/22/2004,AKN,AK,AAL,WE,Federal Contract Tower,3,11,0,2,16,1,32,6,2,41,4,43,6,4,57,14,0,14,71
01/23/2004,AKN,AK,AAL,WE,Federal Contract Tower,0,5,0,0,5,0,49,12,2,63,0,54,12,2,68,0,0,0,68
01/24/2004,AKN,AK,AAL,WE,Federal Contract Tower,4,14,0,0,18,0,22,6,0,28,4,36,6,0,46,0,0,0,46
01/25/2004,AKN,AK,AAL,WE,Federal Contract Tower,2,4,0,0,6,1,16,3,0,20,3,20,3,0,26,0,0,0,26
01/26/2004,AKN,AK,AAL,WE,Federal Contract Tower,0,6,0,1,7,0,18,2,3,23,0,24,2,4,30,3,8,11,41
01/27/2004,AKN,AK,AAL,WE,Federal Contract Tower,3,9,0,0,12,5,22,0,0,27,8,31,0,0,39,0,0,0,39
01/28/2004,AKN,AK,AAL,WE,Federal Contract Tower,0,9,0,2,11,0,17,4,2,23,0,26,4,4,34,0,0,0,34
01/29/2004,AKN,AK,AAL,WE,Federal Contract Tower,4,13,0,2,19,4,26,6,1,37,8,39,6,3,56,6,0,6,62
01/30/2004,AKN,AK,AAL,WE,Federal Contract Tower,0,4,0,0,4,0,36,4,0,40,0,40,4,0,44,2,0,2,46
01/31/2004,AKN,AK,AAL,WE,Federal Contract Tower,0,7,0,0,7,0,17,3,0,20,0,24,3,0,27,4,0,4,31
02/01/2004,AKN,AK,AAL,WE,Federal Contract Tower,5,16,0,0,21,1,27,0,0,28,6,43,0,0,49,0,0,0,49
02/02/2004,AKN,AK,AAL,WE,Federal Contract Tower,2,13,1,2,18,0,37,1,2,40,2,50,2,4,58,0,4,4,62
02/03/2004,AKN,AK,AAL,WE,Federal Contract Tower,1,9,1,2,13,5,30,5,2,42,6,39,6,4,55,0,2,2,57
02/04/2004,AKN,AK,AAL,WE,Federal Contract Tower,0,11,1,2,14,0,39,6,7,52,0,50,7,9,66,6,16,22,88
02/05/2004,AKN,AK,AAL,WE,Federal Contract Tower,3,13,0,2,18,5,26,0,4,35,8,39,0,6,53,0,0,0,53
02/06/2004,AKN,AK,AAL,WE,Federal Contract Tower,0,6,0,2,8,0,31,0,2,33,0,37,0,4,41,0,0,0,41
02/07/2004,AKN,AK,AAL,WE,Federal Contract Tower,2,3,0,0,5,0,20,0,0,20,2,23,0,0,25,0,0,0,25
02/08/2004,AKN,AK,AAL,WE,Federal Contract Tower,3,8,0,0,11,1,25,2,0,28,4,33,2,0,39,0,0,0,39
02/09/2004,AKN,AK,AAL,WE,Federal Contract Tower,2,9,0,3,14,0,29,0,4,33,2,38,0,7,47,0,0,0,47
02/10/2004,AKN,AK,AAL,WE,Federal Contract Tower,4,13,0,1,18,0,27,0,0,27,4,40,0,1,45,0,0,0,45
02/11/2004,AKN,AK,AAL,WE,Federal Contract Tower,0,9,0,3,12,0,49,20,1,70,0,58,20,4,82,2,0,2,84
02/12/2004,AKN,AK,AAL,WE,Federal Contract Tower,3,8,0,2,13,3,29,0,4,36,6,37,0,6,49,0,2,2,51
02/13/2004,AKN,AK,AAL,WE,Federal Contract Tower,0,5,0,2,7,0,53,4,0,57,0,58,4,2,64,10,0,10,74
02/14/2004,AKN,AK,AAL,WE,Federal Contract Tower,3,8,0,0,11,1,34,6,0,41,4,42,6,0,52,18,0,18,70
02/15/2004,AKN,AK,AAL,WE,Federal Contract Tower,1,4,0,0,5,3,14,0,0,17,4,18,0,0,22,0,0,0,22
02/16/2004,AKN,AK,AAL,WE,Federal Contract Tower,0,5,0,0,5,0,20,5,0,25,0,25,5,0,30,0,0,0,30
02/17/2004,AKN,AK,AAL,WE,Federal Contract Tower,3,7,0,2,12,3,24,6,0,33,6,31,6,2,45,0,0,0,45
02/18/2004,AKN,AK,AAL,WE,Federal Contract Tower,0,7,0,2,9,0,32,8,4,44,0,39,8,6,53,0,0,0,53
02/19/2004,AKN,AK,AAL,WE,Federal Contract Tower,3,9,0,0,12,5,18,2,0,25,8,27,2,0,37,2,0,2,39
02/20/2004,AKN,AK,AAL,WE,Federal Contract Tower,0,12,0,2,14,0,35,0,0,35,0,47,0,2,49,0,0,0,49
02/21/2004,AKN,AK,AAL,WE,Federal Contract Tower,2,12,0,0,14,0,17,0,0,17,2,29,0,0,31,0,0,0,31
02/22/2004,AKN,AK,AAL,WE,Federal Contract Tower,4,15,0,0,19,0,7,0,0,7,4,22,0,0,26,0,0,0,26
02/23/2004,AKN,AK,AAL,WE,Federal Contract Tower,0,7,0,1,8,0,15,0,1,16,0,22,0,2,24,14,0,14,38
02/24/2004,AKN,AK,AAL,WE,Federal Contract Tower,4,13,0,2,19,0,19,3,4,26,4,32,3,6,45,0,40,40,85
02/25/2004,AKN,AK,AAL,WE,Federal Contract Tower,2,12,0,2,16,0,13,4,0,17,2,25,4,2,33,0,12,12,45
02/26/2004,AKN,AK,AAL,WE,Federal Contract Tower,6,18,0,2,26,2,10,0,0,12,8,28,0,2,38,0,0,0,38
02/27/2004,AKN,AK,AAL,WE,Federal Contract Tower,0,9,0,1,10,0,27,0,1,28,0,36,0,2,38,0,0,0,38
02/28/2004,AKN,AK,AAL,WE,Federal Contract Tower,3,8,0,0,11,1,36,0,0,37,4,44,0,0,48,0,0,0,48
02/29/2004,AKN,AK,AAL,WE,Federal Contract Tower,3,7,0,0,10,1,25,4,0,30,4,32,4,0,40,0,0,0,40
03/01/2004,AKN,AK,AAL,WE,Federal Contract Tower,0,8,0,1,9,0,30,0,1,31,0,38,0,2,40,6,0,6,46
03/02/2004,AKN,AK,AAL,WE,Federal Contract Tower,2,12,1,2,17,4,27,1,0,32,6,39,2,2,49,0,0,0,49
03/03/2004,AKN,AK,AAL,WE,Federal Contract Tower,2,19,1,4,26,0,14,0,0,14,2,33,1,4,40,0,0,0,40
03/04/2004,AKN,AK,AAL,WE,Federal Contract Tower,5,16,1,0,22,1,23,3,0,27,6,39,4,0,49,0,0,0,49
03/05/2004,AKN,AK,AAL,WE,Federal Contract Tower,2,18,1,0,21,0,36,1,0,37,2,54,2,0,58,0,0,0,58
03/06/2004,AKN,AK,AAL,WE,Federal Contract Tower,2,9,1,0,12,4,49,4,0,57,6,58,5,0,69,0,0,0,69
03/07/2004,AKN,AK,AAL,WE,Federal Contract Tower,2,5,1,0,8,2,10,5,0,17,4,15,6,0,25,0,0,0,25
03/08/2004,AKN,AK,AAL,WE,Federal Contract Tower,0,6,1,2,9,0,27,6,3,36,0,33,7,5,45,0,18,18,63
03/09/2004,AKN,AK,AAL,WE,Federal Contract Tower,3,8,1,2,14,2,11,1,0,14,5,19,2,2,28,0,0,0,28
03/10/2004,AKN,AK,AAL,WE,Federal Contract Tower,0,5,1,0,6,0,50,0,1,51,0,55,1,1,57,0,0,0,57
03/11/2004,AKN,AK,AAL,WE,Federal Contract Tower,4,9,1,2,16,4,26,3,2,35,8,35,4,4,51,0,4,4,55
03/12/2004,AKN,AK,AAL,WE,Federal Contract Tower,0,3,1,0,4,0,41,5,0,46,0,44,6,0,50,2,0,2,52
03/13/2004,AKN,AK,AAL,WE,Federal Contract Tower,3,8,1,0,12,1,30,2,0,33,4,38,3,0,45,0,0,0,45
03/14/2004,AKN,AK,AAL,WE,Federal Contract Tower,2,6,0,0,8,2,34,1,0,37,4,40,1,0,45,0,0,0,45
03/15/2004,AKN,AK,AAL,WE,Federal Contract Tower,0,4,0,0,4,0,34,6,2,42,0,38,6,2,46,0,0,0,46
03/16/2004,AKN,AK,AAL,WE,Federal Contract Tower,3,8,0,2,13,3,38,3,0,44,6,46,3,2,57,50,10,60,117
03/17/2004,AKN,AK,AAL,WE,Federal Contract Tower,0,6,0,0,6,0,33,7,6,46,0,39,7,6,52,6,0,6,58
03/18/2004,AKN,AK,AAL,WE,Federal Contract Tower,4,11,0,2,17,4,36,0,0,40,8,47,0,2,57,16,2,18,75
03/19/2004,AKN,AK,AAL,WE,Federal Contract Tower,0,6,0,0,6,0,49,4,0,53,0,55,4,0,59,6,0,6,65
03/20/2004,AKN,AK,AAL,WE,Federal Contract Tower,4,10,0,0,14,0,45,12,0,57,4,55,12,0,71,16,0,16,87
03/21/2004,AKN,AK,AAL,WE,Federal Contract Tower,4,10,0,2,16,0,27,16,0,43,4,37,16,2,59,12,16,28,87
03/22/2004,AKN,AK,AAL,WE,Federal Contract Tower,0,6,0,2,8,0,33,6,1,40,0,39,6,3,48,0,34,34,82
03/23/2004,AKN,AK,AAL,WE,Federal Contract Tower,4,10,0,1,15,2,40,5,1,48,6,50,5,2,63,2,0,2,65
03/24/2004,AKN,AK,AAL,WE,Federal Contract Tower,0,17,0,2,19,0,19,10,0,29,0,36,10,2,48,0,0,0,48
03/25/2004,AKN,AK,AAL,WE,Federal Contract Tower,4,12,0,1,17,4,35,13,2,54,8,47,13,3,71,16,0,16,87
03/26/2004,AKN,AK,AAL,WE,Federal Contract Tower,0,4,0,0,4,0,40,12,2,54,0,44,12,2,58,4,0,4,62
03/27/2004,AKN,AK,AAL,WE,Federal Contract Tower,2,5,0,0,7,0,39,8,0,47,2,44,8,0,54,4,0,4,58
03/28/2004,AKN,AK,AAL,WE,Federal Contract Tower,2,8,0,0,10,2,18,0,0,20,4,26,0,0,30,0,0,0,30
03/29/2004,AKN,AK,AAL,WE,Federal Contract Tower,0,10,0,1,11,0,28,3,1,32,0,38,3,2,43,2,18,20,63
03/30/2004,AKN,AK,AAL,WE,Federal Contract Tower,2,10,0,1,13,0,23,3,4,30,2,33,3,5,43,0,14,14,57
03/31/2004,AKN,AK,AAL,WE,Federal Contract Tower,2,6,0,0,8,0,24,3,4,31,2,30,3,4,39,2,0,2,41
04/01/2004,AKN,AK,AAL,WE,Federal Contract Tower,4,11,1,1,17,4,26,3,1,34,8,37,4,2,51,4,10,14,65
04/02/2004,AKN,AK,AAL,WE,Federal Contract Tower,0,4,1,0,5,0,54,12,0,66,0,58,13,0,71,2,8,10,81
04/03/2004,AKN,AK,AAL,WE,Federal Contract Tower,1,7,1,0,9,3,25,6,0,34,4,32,7,0,43,4,0,4,47
04/04/2004,AKN,AK,AAL,WE,Federal Contract Tower,1,8,1,0,10,3,17,17,0,37,4,25,18,0,47,0,0,0,47
04/05/2004,AKN,AK,AAL,WE,Federal Contract Tower,0,7,1,2,10,0,34,2,2,38,0,41,3,4,48,0,0,0,48
04/06/2004,AKN,AK,AAL,WE,Federal Contract Tower,4,10,1,1,16,0,56,4,0,60,4,66,5,1,76,20,0,20,96
04/07/2004,AKN,AK,AAL,WE,Federal Contract Tower,2,8,1,3,14,0,33,11,5,49,2,41,12,8,63,2,16,18,81
04/08/2004,AKN,AK,AAL,WE,Federal Contract Tower,4,8,1,1,14,4,38,12,0,54,8,46,13,1,68,0,0,0,68
04/09/2004,AKN,AK,AAL,WE,Federal Contract Tower,0,6,1,0,7,0,50,1,0,51,0,56,2,0,58,0,0,0,58
04/10/2004,AKN,AK,AAL,WE,Federal Contract Tower,3,6,1,0,10,1,21,8,0,30,4,27,9,0,40,10,0,10,50
04/11/2004,AKN,AK,AAL,WE,Federal Contract Tower,0,3,0,0,3,2,10,2,0,14,2,13,2,0,17,0,0,0,17
04/12/2004,AKN,AK,AAL,WE,Federal Contract Tower,2,5,0,2,9,0,34,25,2,61,2,39,25,4,70,4,0,4,74
04/13/2004,AKN,AK,AAL,WE,Federal Contract Tower,4,9,0,2,15,2,20,2,0,24,6,29,2,2,39,8,0,8,47
04/14/2004,AKN,AK,AAL,WE,Federal Contract Tower,0,4,0,0,4,0,48,2,0,50,0,52,2,0,54,2,0,2,56
04/15/2004,AKN,AK,AAL,WE,Federal Contract Tower,5,11,0,2,18,3,24,3,0,30,8,35,3,2,48,0,0,0,48
04/16/2004,AKN,AK,AAL,WE,Federal Contract Tower,0,10,0,2,12,0,42,11,0,53,0,52,11,2,65,2,0,2,67
04/17/2004,AKN,AK,AAL,WE,Federal Contract Tower,3,7,0,0,10,2,23,15,0,40,5,30,15,0,50,28,0,28,78
04/18/2004,AKN,AK,AAL,WE,Federal Contract Tower,3,7,0,1,11,1,28,8,1,38,4,35,8,2,49,50,18,68,117
04/19/2004,AKN,AK,AAL,WE,Federal Contract Tower,2,13,0,2,17,0,35,9,0,44,2,48,9,2,61,22,0,22,83
04/20/2004,AKN,AK,AAL,WE,Federal Contract Tower,3,7,0,0,10,2,23,18,0,43,5,30,18,0,53,0,0,0,53
04/21/2004,AKN,AK,AAL,WE,Federal Contract Tower,0,13,0,2,15,0,49,22,2,73,0,62,22,4,88,0,16,16,104
04/22/2004,AKN,AK,AAL,WE,Federal Contract Tower,4,10,0,1,15,2,55,3,1,61,6,65,3,2,76,22,14,36,112
04/23/2004,AKN,AK,AAL,WE,Federal Contract Tower,0,4,0,0,4,0,63,8,2,73,0,67,8,2,77,16,0,16,93
04/24/2004,AKN,AK,AAL,WE,Federal Contract Tower,2,6,0,0,8,2,29,19,0,50,4,35,19,0,58,0,0,0,58
04/25/2004,AKN,AK,AAL,WE,Federal Contract Tower,2,6,0,0,8,2,23,9,0,34,4,29,9,0,42,10,0,10,52
04/26/2004,AKN,AK,AAL,WE,Federal Contract Tower,2,12,0,2,16,0,41,2,0,43,2,53,2,2,59,0,0,0,59
04/27/2004,AKN,AK,AAL,WE,Federal Contract Tower,6,20,0,0,26,0,30,4,0,34,6,50,4,0,60,0,0,0,60
04/28/2004,AKN,AK,AAL,WE,Federal Contract Tower,2,12,0,2,16,0,55,13,2,70,2,67,13,4,86,8,0,8,94
04/29/2004,AKN,AK,AAL,WE,Federal Contract Tower,7,17,0,3,27,1,29,10,3,43,8,46,10,6,70,18,0,18,88
04/30/2004,AKN,AK,AAL,WE,Federal Contract Tower,2,6,0,0,8,0,38,6,0,44,2,44,6,0,52,0,0,0,52
05/01/2004,AKN,AK,AAL,WE,Federal Contract Tower,2,9,1,0,12,2,51,24,0,77,4,60,25,0,89,8,0,8,97
05/02/2004,AKN,AK,AAL,WE,Federal Contract Tower,1,9,2,0,12,5,25,23,0,53,6,34,25,0,65,6,0,6,71
05/03/2004,AKN,AK,AAL,WE,Federal Contract Tower,2,7,0,1,10,0,49,32,1,82,2,56,32,2,92,16,0,16,108
05/04/2004,AKN,AK,AAL,WE,Federal Contract Tower,3,6,0,1,10,1,32,37,1,71,4,38,37,2,81,0,6,6,87
05/05/2004,AKN,AK,AAL,WE,Federal Contract Tower,2,8,2,2,14,0,52,42,0,94,2,60,44,2,108,0,0,0,108
05/06/2004,AKN,AK,AAL,WE,Federal Contract Tower,5,15,3,2,25,3,56,22,2,83,8,71,25,4,108,0,0,0,108
05/07/2004,AKN,AK,AAL,WE,Federal Contract Tower,2,12,2,2,18,0,67,28,3,98,2,79,30,5,116,4,10,14,130
05/08/2004,AKN,AK,AAL,WE,Federal Contract Tower,4,12,2,0,18,2,81,21,0,104,6,93,23,0,122,2,0,2,124
05/09/2004,AKN,AK,AAL,WE,Federal Contract Tower,2,9,2,0,13,2,61,23,0,86,4,70,25,0,99,0,0,0,99
05/10/2004,AKN,AK,AAL,WE,Federal Contract Tower,2,26,4,2,34,0,31,21,0,52,2,57,25,2,86,4,0,4,90
05/11/2004,AKN,AK,AAL,WE,Federal Contract Tower,5,16,3,2,26,1,37,2,0,40,6,53,5,2,66,6,12,18,84
05/12/2004,AKN,AK,AAL,WE,Federal Contract Tower,2,17,3,3,25,0,53,34,4,91,2,70,37,7,116,12,10,22,138
05/13/2004,AKN,AK,AAL,WE,Federal Contract Tower,4,15,2,0,21,4,71,13,0,88,8,86,15,0,109,2,0,2,111
05/14/2004,AKN,AK,AAL,WE,Federal Contract Tower,3,9,2,1,15,1,67,12,1,81,4,76,14,2,96,0,0,0,96
05/15/2004,AKN,AK,AAL,WE,Federal Contract Tower,5,14,2,1,22,3,56,15,1,75,8,70,17,2,97,6,16,22,119
05/16/2004,AKN,AK,AAL,WE,Federal Contract Tower,0,6,0,0,6,0,39,5,6,50,0,45,5,6,56,0,0,0,56
05/17/2004,AKN,AK,AAL,WE,Federal Contract Tower,2,9,0,0,11,0,56,23,4,83,2,65,23,4,94,0,0,0,94
05/18/2004,AKN,AK,AAL,WE,Federal Contract Tower,5,21,3,2,31,0,39,29,0,68,5,60,32,2,99,6,0,6,105
05/19/2004,AKN,AK,AAL,WE,Federal Contract Tower,2,19,2,3,26,0,27,31,1,59,2,46,33,4,85,0,0,0,85
05/20/2004,AKN,AK,AAL,WE,Federal Contract Tower,5,12,1,0,18,3,54,41,0,98,8,66,42,0,116,0,0,0,116
05/21/2004,AKN,AK,AAL,WE,Federal Contract Tower,0,7,0,0,7,0,60,36,3,99,0,67,36,3,106,0,0,0,106
05/22/2004,AKN,AK,AAL,WE,Federal Contract Tower,4,11,1,0,16,2,57,29,0,88,6,68,30,0,104,0,0,0,104
05/23/2004,AKN,AK,AAL,WE,Federal Contract Tower,3,9,1,0,13,1,43,41,0,85,4,52,42,0,98,10,0,10,108
05/24/2004,AKN,AK,AAL,WE,Federal Contract Tower,2,10,1,2,15,0,63,39,0,102,2,73,40,2,117,0,0,0,117
05/25/2004,AKN,AK,AAL,WE,Federal Contract Tower,6,16,2,2,26,0,54,45,0,99,6,70,47,2,125,0,0,0,125
05/26/2004,AKN,AK,AAL,WE,Federal Contract Tower,2,32,3,2,39,0,32,29,0,61,2,64,32,2,100,4,0,4,104
05/27/2004,AKN,AK,AAL,WE,Federal Contract Tower,5,16,2,1,24,1,54,46,3,104,6,70,48,4,128,0,20,20,148
05/28/2004,AKN,AK,AAL,WE,Federal Contract Tower,4,18,2,2,26,0,44,27,1,72,4,62,29,3,98,12,0,12,110
05/29/2004,AKN,AK,AAL,WE,Federal Contract Tower,3,9,1,0,13,3,36,31,0,70,6,45,32,0,83,4,0,4,87
05/30/2004,AKN,AK,AAL,WE,Federal Contract Tower,3,7,0,0,10,1,35,22,0,58,4,42,22,0,68,0,0,0,68
05/31/2004,AKN,AK,AAL,WE,Federal Contract Tower,2,7,0,0,9,0,32,19,0,51,2,39,19,0,60,10,0,10,70
06/01/2004,AKN,AK,AAL,WE,Federal Contract Tower,2,13,2,0,17,4,55,24,0,83,6,68,26,0,100,2,0,2,102
06/02/2004,AKN,AK,AAL,WE,Federal Contract Tower,3,16,2,2,23,3,57,6,0,66,6,73,8,2,89,10,0,10,99
06/03/2004,AKN,AK,AAL,WE,Federal Contract Tower,5,23,3,3,34,1,48,7,2,58,6,71,10,5,92,0,14,14,106
06/04/2004,AKN,AK,AAL,WE,Federal Contract Tower,4,14,2,2,22,0,55,15,5,75,4,69,17,7,97,0,0,0,97
06/05/2004,AKN,AK,AAL,WE,Federal Contract Tower,5,17,2,2,26,8,67,24,0,99,13,84,26,2,125,0,0,0,125
06/06/2004,AKN,AK,AAL,WE,Federal Contract Tower,4,16,2,0,22,2,51,16,0,69,6,67,18,0,91,0,0,0,91
06/07/2004,AKN,AK,AAL,WE,Federal Contract Tower,2,20,3,3,28,0,69,10,7,86,2,89,13,10,114,0,0,0,114
06/08/2004,AKN,AK,AAL,WE,Federal Contract Tower,6,17,3,2,28,0,55,17,0,72,6,72,20,2,100,7,0,7,107
06/09/2004,AKN,AK,AAL,WE,Federal Contract Tower,2,17,2,2,23,0,62,14,3,79,2,79,16,5,102,10,0,10,112
06/10/2004,AKN,AK,AAL,WE,Federal Contract Tower,7,22,3,2,34,3,48,12,0,63,10,70,15,2,97,0,0,0,97
06/11/2004,AKN,AK,AAL,WE,Federal Contract Tower,2,17,2,0,21,0,75,15,0,90,2,92,17,0,111,0,0,0,111
06/12/2004,AKN,AK,AAL,WE,Federal Contract Tower,6,20,2,1,29,0,70,26,0,96,6,90,28,1,125,4,11,15,140
06/13/2004,AKN,AK,AAL,WE,Federal Contract Tower,6,36,3,0,45,0,38,15,0,53,6,74,18,0,98,0,0,0,98
06/14/2004,AKN,AK,AAL,WE,Federal Contract Tower,4,37,4,2,47,0,63,17,0,80,4,100,21,2,127,2,0,2,129
06/15/2004,AKN,AK,AAL,WE,Federal Contract Tower,6,20,2,2,30,4,69,25,0,98,10,89,27,2,128,0,0,0,128
06/16/2004,AKN,AK,AAL,WE,Federal Contract Tower,6,27,3,3,39,0,82,26,2,110,6,109,29,5,149,6,22,28,177
06/17/2004,AKN,AK,AAL,WE,Federal Contract Tower,9,32,3,0,44,4,73,18,0,95,13,105,21,0,139,0,0,0,139
06/18/2004,AKN,AK,AAL,WE,Federal Contract Tower,4,29,3,2,38,0,99,22,3,124,4,128,25,5,162,0,0,0,162
06/19/2004,AKN,AK,AAL,WE,Federal Contract Tower,9,29,3,2,43,0,67,34,0,101,9,96,37,2,144,36,0,36,180
06/20/2004,AKN,AK,AAL,WE,Federal Contract Tower,5,21,2,2,30,1,59,44,0,104,6,80,46,2,134,4,2,6,140
06/21/2004,AKN,AK,AAL,WE,Federal Contract Tower,7,24,2,2,35,1,67,26,4,98,8,91,28,6,133,8,0,8,141
06/22/2004,AKN,AK,AAL,WE,Federal Contract Tower,8,26,2,2,38,7,66,21,2,96,15,92,23,4,134,12,0,12,146
06/23/2004,AKN,AK,AAL,WE,Federal Contract Tower,9,42,4,0,55,0,46,27,0,73,9,88,31,0,128,14,0,14,142
06/24/2004,AKN,AK,AAL,WE,Federal Contract Tower,12,42,4,4,62,2,52,2,9,65,14,94,6,13,127,0,0,0,127
06/25/2004,AKN,AK,AAL,WE,Federal Contract Tower,2,49,5,4,60,0,68,40,0,108,2,117,45,4,168,0,14,14,182
06/26/2004,AKN,AK,AAL,WE,Federal Contract Tower,6,21,2,0,29,2,71,45,0,118,8,92,47,0,147,0,0,0,147
06/27/2004,AKN,AK,AAL,WE,Federal Contract Tower,6,20,2,1,29,2,81,54,1,138,8,101,56,2,167,8,0,8,175
06/28/2004,AKN,AK,AAL,WE,Federal Contract Tower,7,24,2,2,35,7,64,52,1,124,14,88,54,3,159,20,20,40,199
06/29/2004,AKN,AK,AAL,WE,Federal Contract Tower,6,21,2,2,31,8,75,32,2,117,14,96,34,4,148,20,3,23,171
06/30/2004,AKN,AK,AAL,WE,Federal Contract Tower,8,27,3,2,40,6,62,46,4,118,14,89,49,6,158,0,0,0,158
07/01/2004,AKN,AK,AAL,WE,Federal Contract Tower,10,31,9,0,50,8,75,32,0,115,18,106,41,0,165,0,0,0,165
07/02/2004,AKN,AK,AAL,WE,Federal Contract Tower,9,31,9,0,49,5,66,43,0,114,14,97,52,0,163,0,0,0,163
07/03/2004,AKN,AK,AAL,WE,Federal Contract Tower,6,27,8,0,41,8,64,30,0,102,14,91,38,0,143,0,0,0,143
07/04/2004,AKN,AK,AAL,WE,Federal Contract Tower,6,23,6,1,36,15,52,19,4,90,21,75,25,5,126,0,12,12,138
07/05/2004,AKN,AK,AAL,WE,Federal Contract Tower,14,55,15,2,86,0,3,12,0,15,14,58,27,2,101,0,0,0,101
07/06/2004,AKN,AK,AAL,WE,Federal Contract Tower,11,33,10,2,56,6,69,35,0,110,17,102,45,2,166,6,0,6,172
07/07/2004,AKN,AK,AAL,WE,Federal Contract Tower,10,48,14,4,76,0,12,47,5,64,10,60,61,9,140,0,0,0,140
07/08/2004,AKN,AK,AAL,WE,Federal Contract Tower,8,25,7,2,42,10,53,25,1,89,18,78,32,3,131,0,0,0,131
07/09/2004,AKN,AK,AAL,WE,Federal Contract Tower,8,24,7,2,41,4,75,44,1,124,12,99,51,3,165,0,0,0,165
07/10/2004,AKN,AK,AAL,WE,Federal Contract Tower,7,23,7,0,37,1,77,29,0,107,8,100,36,0,144,0,0,0,144
07/11/2004,AKN,AK,AAL,WE,Federal Contract Tower,6,20,6,0,32,12,55,27,0,94,18,75,33,0,126,0,0,0,126
07/12/2004,AKN,AK,AAL,WE,Federal Contract Tower,7,19,7,0,33,0,78,31,0,109,7,97,38,0,142,0,0,0,142
07/13/2004,AKN,AK,AAL,WE,Federal Contract Tower,8,21,6,2,37,0,70,25,1,96,8,91,31,3,133,0,14,14,147
07/14/2004,AKN,AK,AAL,WE,Federal Contract Tower,5,28,7,3,43,0,102,34,6,142,5,130,41,9,185,6,2,8,193
07/15/2004,AKN,AK,AAL,WE,Federal Contract Tower,10,28,7,1,46,2,81,31,0,114,12,109,38,1,160,18,0,18,178
07/16/2004,AKN,AK,AAL,WE,Federal Contract Tower,4,22,6,3,35,0,108,24,1,133,4,130,30,4,168,0,0,0,168
07/17/2004,AKN,AK,AAL,WE,Federal Contract Tower,8,30,9,0,47,0,101,23,0,124,8,131,32,0,171,0,0,0,171
07/18/2004,AKN,AK,AAL,WE,Federal Contract Tower,8,31,9,0,48,0,64,13,0,77,8,95,22,0,125,0,0,0,125
07/19/2004,AKN,AK,AAL,WE,Federal Contract Tower,4,18,5,2,29,0,82,19,1,102,4,100,24,3,131,10,12,22,153
07/20/2004,AKN,AK,AAL,WE,Federal Contract Tower,9,25,7,3,44,0,71,23,7,101,9,96,30,10,145,8,0,8,153
07/21/2004,AKN,AK,AAL,WE,Federal Contract Tower,6,18,5,2,31,0,76,31,4,111,6,94,36,6,142,0,6,6,148
07/22/2004,AKN,AK,AAL,WE,Federal Contract Tower,9,24,6,3,42,3,73,23,3,102,12,97,29,6,144,0,10,10,154
07/23/2004,AKN,AK,AAL,WE,Federal Contract Tower,2,22,6,3,33,0,72,22,2,96,2,94,28,5,129,0,0,0,129
07/24/2004,AKN,AK,AAL,WE,Federal Contract Tower,8,23,6,2,39,6,61,25,0,92,14,84,31,2,131,0,0,0,131
07/25/2004,AKN,AK,AAL,WE,Federal Contract Tower,8,21,5,1,35,6,49,9,0,64,14,70,14,1,99,0,0,0,99
07/26/2004,AKN,AK,AAL,WE,Federal Contract Tower,2,16,5,2,25,0,52,3,8,63,2,68,8,10,88,0,0,0,88
07/27/2004,AKN,AK,AAL,WE,Federal Contract Tower,8,22,6,2,38,0,59,23,2,84,8,81,29,4,122,0,12,12,134
07/28/2004,AKN,AK,AAL,WE,Federal Contract Tower,9,40,11,0,60,0,34,44,0,78,9,74,55,0,138,0,0,0,138
07/29/2004,AKN,AK,AAL,WE,Federal Contract Tower,8,21,5,0,34,4,52,19,0,75,12,73,24,0,109,2,0,2,111
07/30/2004,AKN,AK,AAL,WE,Federal Contract Tower,2,19,5,1,27,0,69,24,1,94,2,88,29,2,121,18,0,18,139
07/31/2004,AKN,AK,AAL,WE,Federal Contract Tower,8,22,5,0,35,0,71,12,0,83,8,93,17,0,118,0,0,0,118
08/01/2004,AKN,AK,AAL,WE,Federal Contract Tower,4,15,4,0,23,2,48,32,0,82,6,63,36,0,105,0,0,0,105
08/02/2004,AKN,AK,AAL,WE,Federal Contract Tower,2,8,1,0,11,0,52,7,0,59,2,60,8,0,70,0,0,0,70
08/03/2004,AKN,AK,AAL,WE,Federal Contract Tower,6,31,7,0,44,0,18,17,0,35,6,49,24,0,79,0,0,0,79
08/04/2004,AKN,AK,AAL,WE,Federal Contract Tower,2,11,2,0,15,0,39,30,2,71,2,50,32,2,86,10,0,10,96
08/05/2004,AKN,AK,AAL,WE,Federal Contract Tower,5,21,4,1,31,5,22,13,4,44,10,43,17,5,75,0,14,14,89
08/06/2004,AKN,AK,AAL,WE,Federal Contract Tower,2,16,4,0,22,0,54,28,0,82,2,70,32,0,104,6,0,6,110
08/07/2004,AKN,AK,AAL,WE,Federal Contract Tower,3,19,4,0,26,1,51,32,0,84,4,70,36,0,110,0,0,0,110
08/08/2004,AKN,AK,AAL,WE,Federal Contract Tower,2,16,4,0,22,5,22,18,0,45,7,38,22,0,67,0,0,0,67
08/09/2004,AKN,AK,AAL,WE,Federal Contract Tower,2,14,4,1,21,0,38,6,1,45,2,52,10,2,66,0,4,4,70
08/10/2004,AKN,AK,AAL,WE,Federal Contract Tower,3,19,5,2,29,1,48,15,2,66,4,67,20,4,95,0,0,0,95
08/11/2004,AKN,AK,AAL,WE,Federal Contract Tower,2,35,9,3,49,0,23,34,5,62,2,58,43,8,111,0,0,0,111
08/12/2004,AKN,AK,AAL,WE,Federal Contract Tower,4,26,7,2,39,6,27,19,0,52,10,53,26,2,91,0,0,0,91
08/13/2004,AKN,AK,AAL,WE,Federal Contract Tower,2,17,5,2,26,0,47,16,0,63,2,64,21,2,89,0,6,6,95
08/14/2004,AKN,AK,AAL,WE,Federal Contract Tower,3,22,6,0,31,3,56,21,0,80,6,78,27,0,111,0,0,0,111
08/15/2004,AKN,AK,AAL,WE,Federal Contract Tower,5,29,8,0,42,1,29,6,0,36,6,58,14,0,78,0,0,0,78
08/16/2004,AKN,AK,AAL,WE,Federal Contract Tower,2,32,7,0,41,0,9,22,0,31,2,41,29,0,72,0,0,0,72
08/17/2004,AKN,AK,AAL,WE,Federal Contract Tower,3,24,5,2,34,5,31,18,3,57,8,55,23,5,91,0,18,18,109
08/18/2004,AKN,AK,AAL,WE,Federal Contract Tower,2,22,5,2,31,0,47,27,5,79,2,69,32,7,110,2,46,48,158
08/19/2004,AKN,AK,AAL,WE,Federal Contract Tower,3,22,5,2,32,7,26,18,1,52,10,48,23,3,84,2,8,10,94
08/20/2004,AKN,AK,AAL,WE,Federal Contract Tower,2,21,5,0,28,0,26,27,0,53,2,47,32,0,81,0,0,0,81
08/21/2004,AKN,AK,AAL,WE,Federal Contract Tower,2,14,4,0,20,4,20,30,1,55,6,34,34,1,75,6,24,30,105
08/22/2004,AKN,AK,AAL,WE,Federal Contract Tower,2,17,4,0,23,4,21,14,0,39,6,38,18,0,62,0,0,0,62
08/23/2004,AKN,AK,AAL,WE,Federal Contract Tower,3,20,4,1,28,1,39,3,1,44,4,59,7,2,72,0,0,0,72
08/24/2004,AKN,AK,AAL,WE,Federal Contract Tower,3,22,6,1,32,2,29,18,6,55,5,51,24,7,87,0,6,6,93
08/25/2004,AKN,AK,AAL,WE,Federal Contract Tower,2,50,12,2,66,0,27,8,0,35,2,77,20,2,101,0,0,0,101
08/26/2004,AKN,AK,AAL,WE,Federal Contract Tower,8,69,15,4,96,0,0,0,0,0,8,69,15,4,96,0,0,0,96
08/27/2004,AKN,AK,AAL,WE,Federal Contract Tower,2,67,12,2,83,0,18,0,0,18,2,85,12,2,101,2,0,2,103
08/28/2004,AKN,AK,AAL,WE,Federal Contract Tower,4,67,25,0,96,0,0,1,0,1,4,67,26,0,97,4,0,4,101
08/29/2004,AKN,AK,AAL,WE,Federal Contract Tower,4,44,6,0,54,0,0,0,0,0,4,44,6,0,54,4,0,4,58
08/30/2004,AKN,AK,AAL,WE,Federal Contract Tower,2,13,4,0,19,0,20,9,0,29,2,33,13,0,48,6,0,6,54
08/31/2004,AKN,AK,AAL,WE,Federal Contract Tower,2,15,4,0,21,4,30,10,3,47,6,45,14,3,68,4,2,6,74
09/01/2004,AKN,AK,AAL,WE,Federal Contract Tower,2,23,4,2,31,0,26,14,0,40,2,49,18,2,71,0,0,0,71
09/02/2004,AKN,AK,AAL,WE,Federal Contract Tower,6,42,6,2,56,0,38,4,0,42,6,80,10,2,98,0,0,0,98
09/03/2004,AKN,AK,AAL,WE,Federal Contract Tower,2,19,3,0,24,0,52,14,0,66,2,71,17,0,90,2,0,2,92
09/04/2004,AKN,AK,AAL,WE,Federal Contract Tower,4,22,3,0,29,2,44,47,0,93,6,66,50,0,122,4,0,4,126
09/05/2004,AKN,AK,AAL,WE,Federal Contract Tower,5,28,5,0,38,1,20,30,0,51,6,48,35,0,89,0,0,0,89
09/06/2004,AKN,AK,AAL,WE,Federal Contract Tower,0,8,1,0,9,2,21,21,0,44,2,29,22,0,53,0,0,0,53
09/07/2004,AKN,AK,AAL,WE,Federal Contract Tower,2,11,2,1,16,2,38,18,1,59,4,49,20,2,75,2,0,2,77
09/08/2004,AKN,AK,AAL,WE,Federal Contract Tower,2,9,2,1,14,1,60,35,2,98,3,69,37,3,112,2,0,2,114
09/09/2004,AKN,AK,AAL,WE,Federal Contract Tower,5,15,3,1,24,5,52,28,4,89,10,67,31,5,113,0,0,0,113
09/10/2004,AKN,AK,AAL,WE,Federal Contract Tower,2,15,3,1,21,0,42,15,7,64,2,57,18,8,85,0,22,22,107
09/11/2004,AKN,AK,AAL,WE,Federal Contract Tower,3,9,2,0,14,3,55,36,0,94,6,64,38,0,108,2,0,2,110
09/12/2004,AKN,AK,AAL,WE,Federal Contract Tower,3,7,1,0,11,1,28,8,0,37,4,35,9,0,48,0,16,16,64
09/13/2004,AKN,AK,AAL,WE,Federal Contract Tower,2,13,2,2,19,0,33,22,5,60,2,46,24,7,79,0,0,0,79
09/14/2004,AKN,AK,AAL,WE,Federal Contract Tower,2,7,0,0,9,2,44,28,0,74,4,51,28,0,83,2,0,2,85
09/15/2004,AKN,AK,AAL,WE,Federal Contract Tower,2,16,2,3,23,0,38,32,7,77,2,54,34,10,100,2,10,12,112
09/16/2004,AKN,AK,AAL,WE,Federal Contract Tower,4,11,1,2,18,4,32,26,0,62,8,43,27,2,80,8,0,8,88
09/17/2004,AKN,AK,AAL,WE,Federal Contract Tower,2,8,1,2,13,0,46,24,0,70,2,54,25,2,83,2,0,2,85
09/18/2004,AKN,AK,AAL,WE,Federal Contract Tower,6,36,5,0,47,0,19,26,0,45,6,55,31,0,92,6,0,6,98
09/19/2004,AKN,AK,AAL,WE,Federal Contract Tower,3,11,1,0,15,1,22,9,0,32,4,33,10,0,47,0,0,0,47
09/20/2004,AKN,AK,AAL,WE,Federal Contract Tower,2,7,1,1,11,0,43,9,1,53,2,50,10,2,64,18,0,18,82
09/21/2004,AKN,AK,AAL,WE,Federal Contract Tower,4,16,2,3,25,2,26,36,0,64,6,42,38,3,89,4,0,4,93
09/22/2004,AKN,AK,AAL,WE,Federal Contract Tower,0,12,1,2,15,0,24,19,0,43,0,36,20,2,58,0,0,0,58
09/23/2004,AKN,AK,AAL,WE,Federal Contract Tower,4,13,2,2,21,4,23,16,2,45,8,36,18,4,66,2,4,6,72
09/24/2004,AKN,AK,AAL,WE,Federal Contract Tower,2,19,2,0,23,0,56,38,0,94,2,75,40,0,117,2,0,2,119
09/25/2004,AKN,AK,AAL,WE,Federal Contract Tower,3,11,1,0,15,1,27,12,0,40,4,38,13,0,55,0,0,0,55
09/26/2004,AKN,AK,AAL,WE,Federal Contract Tower,2,7,1,0,10,2,33,7,0,42,4,40,8,0,52,0,0,0,52
09/27/2004,AKN,AK,AAL,WE,Federal Contract Tower,2,12,1,0,15,0,19,7,0,26,2,31,8,0,41,0,0,0,41
09/28/2004,AKN,AK,AAL,WE,Federal Contract Tower,6,23,3,2,34,0,27,5,1,33,6,50,8,3,67,0,0,0,67
09/29/2004,AKN,AK,AAL,WE,Federal Contract Tower,0,11,1,1,13,0,31,1,2,34,0,42,2,3,47,0,0,0,47
09/30/2004,AKN,AK,AAL,WE,Federal Contract Tower,5,18,2,0,25,1,25,10,0,36,6,43,12,0,61,2,0,2,63
10/01/2004,AKN,AK,AAL,WE,Federal Contract Tower,0,10,2,0,12,0,53,26,0,79,0,63,28,0,91,0,0,0,91
10/02/2004,AKN,AK,AAL,WE,Federal Contract Tower,2,16,0,0,18,0,32,12,0,44,2,48,12,0,62,0,0,0,62
10/03/2004,AKN,AK,AAL,WE,Federal Contract Tower,3,18,5,0,26,0,9,8,0,17,3,27,13,0,43,0,0,0,43
10/04/2004,AKN,AK,AAL,WE,Federal Contract Tower,0,10,0,1,11,0,31,9,0,40,0,41,9,1,51,0,4,4,55
10/05/2004,AKN,AK,AAL,WE,Federal Contract Tower,6,16,0,1,23,1,34,19,0,54,7,50,19,1,77,2,4,6,83
10/06/2004,AKN,AK,AAL,WE,Federal Contract Tower,0,29,4,2,35,0,36,5,0,41,0,65,9,2,76,0,0,0,76
10/07/2004,AKN,AK,AAL,WE,Federal Contract Tower,8,18,0,0,26,0,27,16,0,43,8,45,16,0,69,4,0,4,73
10/08/2004,AKN,AK,AAL,WE,Federal Contract Tower,0,8,2,0,10,0,40,19,0,59,0,48,21,0,69,0,0,0,69
10/09/2004,AKN,AK,AAL,WE,Federal Contract Tower,1,16,2,0,19,0,35,16,0,51,1,51,18,0,70,0,0,0,70
10/10/2004,AKN,AK,AAL,WE,Federal Contract Tower,4,7,0,0,11,0,27,12,0,39,4,34,12,0,50,0,0,0,50
10/11/2004,AKN,AK,AAL,WE,Federal Contract Tower,4,7,0,2,13,2,25,2,0,29,6,32,2,2,42,0,16,16,58
10/12/2004,AKN,AK,AAL,WE,Federal Contract Tower,4,12,0,0,16,0,38,12,0,50,4,50,12,0,66,0,0,0,66
10/13/2004,AKN,AK,AAL,WE,Federal Contract Tower,0,10,0,6,16,0,36,18,2,56,0,46,18,8,72,2,6,8,80
10/14/2004,AKN,AK,AAL,WE,Federal Contract Tower,5,10,0,0,15,1,37,23,0,61,6,47,23,0,76,0,0,0,76
10/15/2004,AKN,AK,AAL,WE,Federal Contract Tower,0,14,4,0,18,0,45,18,0,63,0,59,22,0,81,0,0,0,81
10/16/2004,AKN,AK,AAL,WE,Federal Contract Tower,2,9,0,0,11,2,32,16,0,50,4,41,16,0,61,0,0,0,61
10/17/2004,AKN,AK,AAL,WE,Federal Contract Tower,4,10,0,0,14,0,15,15,0,30,4,25,15,0,44,0,0,0,44
10/18/2004,AKN,AK,AAL,WE,Federal Contract Tower,0,12,0,4,16,0,24,20,0,44,0,36,20,4,60,0,0,0,60
10/19/2004,AKN,AK,AAL,WE,Federal Contract Tower,5,11,2,2,20,0,44,13,4,61,5,55,15,6,81,14,8,22,103
10/20/2004,AKN,AK,AAL,WE,Federal Contract Tower,0,13,1,3,17,0,30,10,6,46,0,43,11,9,63,0,8,8,71
10/21/2004,AKN,AK,AAL,WE,Federal Contract Tower,7,10,1,4,22,0,37,8,0,45,7,47,9,4,67,2,6,8,75
10/22/2004,AKN,AK,AAL,WE,Federal Contract Tower,0,17,5,0,22,0,45,3,0,48,0,62,8,0,70,0,0,0,70
10/23/2004,AKN,AK,AAL,WE,Federal Contract Tower,2,12,0,0,14,0,33,4,0,37,2,45,4,0,51,2,0,2,53
10/24/2004,AKN,AK,AAL,WE,Federal Contract Tower,4,6,2,0,12,0,18,2,0,20,4,24,4,0,32,0,0,0,32
10/25/2004,AKN,AK,AAL,WE,Federal Contract Tower,0,12,0,2,14,0,32,4,0,36,0,44,4,2,50,2,0,2,52
10/26/2004,AKN,AK,AAL,WE,Federal Contract Tower,6,8,2,0,16,0,34,4,3,41,6,42,6,3,57,10,0,10,67
10/27/2004,AKN,AK,AAL,WE,Federal Contract Tower,0,9,0,2,11,0,41,4,0,45,0,50,4,2,56,0,0,0,56
10/28/2004,AKN,AK,AAL,WE,Federal Contract Tower,5,16,8,0,29,0,23,4,0,27,5,39,12,0,56,14,0,14,70
10/29/2004,AKN,AK,AAL,WE,Federal Contract Tower,0,8,2,3,13,0,27,16,0,43,0,35,18,3,56,24,0,24,80
10/30/2004,AKN,AK,AAL,WE,Federal Contract Tower,3,11,1,0,15,1,27,3,0,31,4,38,4,0,46,9,0,9,55
10/31/2004,AKN,AK,AAL,WE,Federal Contract Tower,2,5,0,0,7,0,21,1,0,22,2,26,1,0,29,0,0,0,29
11/01/2004,AKN,AK,AAL,WE,Federal Contract Tower,2,14,0,3,19,0,42,8,0,50,2,56,8,3,69,0,0,0,69
11/02/2004,AKN,AK,AAL,WE,Federal Contract Tower,2,10,0,2,14,0,8,0,0,8,2,18,0,2,22,0,0,0,22
11/03/2004,AKN,AK,AAL,WE,Federal Contract Tower,1,13,0,0,14,0,7,0,0,7,1,20,0,0,21,0,0,0,21
11/04/2004,AKN,AK,AAL,WE,Federal Contract Tower,6,8,0,2,16,0,37,8,1,46,6,45,8,3,62,2,0,2,64
11/05/2004,AKN,AK,AAL,WE,Federal Contract Tower,0,6,1,2,9,0,41,14,2,57,0,47,15,4,66,8,0,8,74
11/06/2004,AKN,AK,AAL,WE,Federal Contract Tower,4,13,1,0,18,0,16,2,0,18,4,29,3,0,36,0,0,0,36
11/07/2004,AKN,AK,AAL,WE,Federal Contract Tower,6,4,0,0,10,0,22,1,0,23,6,26,1,0,33,0,0,0,33
11/08/2004,AKN,AK,AAL,WE,Federal Contract Tower,2,4,0,4,10,0,19,0,0,19,2,23,0,4,29,0,0,0,29
11/09/2004,AKN,AK,AAL,WE,Federal Contract Tower,5,14,0,4,23,0,30,0,0,30,5,44,0,4,53,0,0,0,53
11/10/2004,AKN,AK,AAL,WE,Federal Contract Tower,2,6,0,4,12,0,43,3,1,47,2,49,3,5,59,0,2,2,61
11/11/2004,AKN,AK,AAL,WE,Federal Contract Tower,6,8,0,0,14,0,32,17,0,49,6,40,17,0,63,4,0,4,67
11/12/2004,AKN,AK,AAL,WE,Federal Contract Tower,0,16,0,0,16,0,28,8,0,36,0,44,8,0,52,0,0,0,52
11/13/2004,AKN,AK,AAL,WE,Federal Contract Tower,2,30,2,0,34,0,8,0,0,8,2,38,2,0,42,0,0,0,42
11/14/2004,AKN,AK,AAL,WE,Federal Contract Tower,4,5,0,0,9,0,21,0,0,21,4,26,0,0,30,0,0,0,30
11/15/2004,AKN,AK,AAL,WE,Federal Contract Tower,0,11,1,4,16,0,20,2,0,22,0,31,3,4,38,0,0,0,38
11/16/2004,AKN,AK,AAL,WE,Federal Contract Tower,4,11,0,2,17,0,33,11,0,44,4,44,11,2,61,6,0,6,67
11/17/2004,AKN,AK,AAL,WE,Federal Contract Tower,2,8,0,2,12,0,35,2,0,37,2,43,2,2,49,0,0,0,49
11/18/2004,AKN,AK,AAL,WE,Federal Contract Tower,6,15,0,2,23,0,32,0,0,32,6,47,0,2,55,0,0,0,55
11/19/2004,AKN,AK,AAL,WE,Federal Contract Tower,0,8,0,0,8,0,36,0,0,36,0,44,0,0,44,2,0,2,46
11/20/2004,AKN,AK,AAL,WE,Federal Contract Tower,4,8,0,0,12,0,41,2,0,43,4,49,2,0,55,12,0,12,67
11/21/2004,AKN,AK,AAL,WE,Federal Contract Tower,4,9,0,0,13,0,13,1,0,14,4,22,1,0,27,0,0,0,27
11/22/2004,AKN,AK,AAL,WE,Federal Contract Tower,0,6,0,0,6,0,15,7,0,22,0,21,7,0,28,8,0,8,36
11/23/2004,AKN,AK,AAL,WE,Federal Contract Tower,6,12,0,5,23,0,32,3,0,35,6,44,3,5,58,0,0,0,58
11/24/2004,AKN,AK,AAL,WE,Federal Contract Tower,0,21,0,5,26,0,7,0,0,7,0,28,0,5,33,0,4,4,37
11/25/2004,AKN,AK,AAL,WE,Federal Contract Tower,0,0,2,0,2,0,0,0,0,0,0,0,2,0,2,0,0,0,2
11/26/2004,AKN,AK,AAL,WE,Federal Contract Tower,0,15,3,0,18,0,16,1,0,17,0,31,4,0,35,0,0,0,35
11/27/2004,AKN,AK,AAL,WE,Federal Contract Tower,4,9,0,0,13,0,21,1,0,22,4,30,1,0,35,0,0,0,35
11/28/2004,AKN,AK,AAL,WE,Federal Contract Tower,2,4,0,0,6,0,30,9,2,41,2,34,9,2,47,0,8,8,55
11/29/2004,AKN,AK,AAL,WE,Federal Contract Tower,0,13,0,8,21,0,29,2,0,31,0,42,2,8,52,0,16,16,68
11/30/2004,AKN,AK,AAL,WE,Federal Contract Tower,5,11,0,2,18,0,33,18,1,52,5,44,18,3,70,28,0,28,98
12/01/2004,AKN,AK,AAL,WE,Federal Contract Tower,0,10,0,4,14,0,28,3,0,31,0,38,3,4,45,0,8,8,53
12/02/2004,AKN,AK,AAL,WE,Federal Contract Tower,8,13,2,2,25,0,40,8,2,50,8,53,10,4,75,0,32,32,107
12/03/2004,AKN,AK,AAL,WE,Federal Contract Tower,0,10,0,4,14,0,49,9,0,58,0,59,9,4,72,0,0,0,72
12/04/2004,AKN,AK,AAL,WE,Federal Contract Tower,4,15,2,1,22,0,25,4,1,30,4,40,6,2,52,0,14,14,66
12/05/2004,AKN,AK,AAL,WE,Federal Contract Tower,2,9,1,0,12,0,21,3,0,24,2,30,4,0,36,0,0,0,36
12/06/2004,AKN,AK,AAL,WE,Federal Contract Tower,0,20,0,10,30,0,0,0,0,0,0,20,0,10,30,0,0,0,30
12/07/2004,AKN,AK,AAL,WE,Federal Contract Tower,5,16,1,0,22,0,22,11,0,33,5,38,12,0,55,0,0,0,55
12/08/2004,AKN,AK,AAL,WE,Federal Contract Tower,0,17,4,4,25,0,16,2,0,18,0,33,6,4,43,0,0,0,43
12/09/2004,AKN,AK,AAL,WE,Federal Contract Tower,2,19,2,4,27,0,28,8,0,36,2,47,10,4,63,0,2,2,65
12/10/2004,AKN,AK,AAL,WE,Federal Contract Tower,0,24,1,2,27,0,25,2,0,27,0,49,3,2,54,0,0,0,54
12/11/2004,AKN,AK,AAL,WE,Federal Contract Tower,4,17,1,0,22,0,33,7,0,40,4,50,8,0,62,0,0,0,62
12/12/2004,AKN,AK,AAL,WE,Federal Contract Tower,4,13,0,0,17,0,21,4,0,25,4,34,4,0,42,0,0,0,42
12/13/2004,AKN,AK,AAL,WE,Federal Contract Tower,0,13,1,2,16,0,25,4,0,29,0,38,5,2,45,0,0,0,45
12/14/2004,AKN,AK,AAL,WE,Federal Contract Tower,6,11,2,0,19,0,20,15,0,35,6,31,17,0,54,0,0,0,54
12/15/2004,AKN,AK,AAL,WE,Federal Contract Tower,0,8,0,6,14,0,25,4,1,30,0,33,4,7,44,0,0,0,44
12/16/2004,AKN,AK,AAL,WE,Federal Contract Tower,6,12,0,2,20,0,33,6,0,39,6,45,6,2,59,0,0,0,59
12/17/2004,AKN,AK,AAL,WE,Federal Contract Tower,0,12,0,0,12,0,26,6,0,32,0,38,6,0,44,0,0,0,44
12/18/2004,AKN,AK,AAL,WE,Federal Contract Tower,4,26,6,0,36,0,22,0,0,22,4,48,6,0,58,0,0,0,58
12/19/2004,AKN,AK,AAL,WE,Federal Contract Tower,5,11,0,0,16,0,31,0,0,31,5,42,0,0,47,4,0,4,51
12/20/2004,AKN,AK,AAL,WE,Federal Contract Tower,0,6,0,0,6,0,35,1,0,36,0,41,1,0,42,0,0,0,42
12/21/2004,AKN,AK,AAL,WE,Federal Contract Tower,4,18,0,2,24,0,19,5,0,24,4,37,5,2,48,0,0,0,48
12/22/2004,AKN,AK,AAL,WE,Federal Contract Tower,2,17,0,0,19,0,22,0,2,24,2,39,0,2,43,0,0,0,43
12/23/2004,AKN,AK,AAL,WE,Federal Contract Tower,7,10,0,0,17,0,34,2,0,36,7,44,2,0,53,0,0,0,53
12/24/2004,AKN,AK,AAL,WE,Federal Contract Tower,0,9,0,0,9,0,28,0,0,28,0,37,0,0,37,0,0,0,37
12/25/2004,AKN,AK,AAL,WE,Federal Contract Tower,0,0,0,0,0,0,1,0,0,1,0,1,0,0,1,0,0,0,1
12/26/2004,AKN,AK,AAL,WE,Federal Contract Tower,4,15,0,0,19,0,9,0,0,9,4,24,0,0,28,0,0,0,28
12/27/2004,AKN,AK,AAL,WE,Federal Contract Tower,0,13,0,0,13,0,27,4,0,31,0,40,4,0,44,4,0,4,48
12/28/2004,AKN,AK,AAL,WE,Federal Contract Tower,5,12,0,2,19,1,31,4,2,38,6,43,4,4,57,2,0,2,59
12/29/2004,AKN,AK,AAL,WE,Federal Contract Tower,0,8,0,2,10,0,28,16,0,44,0,36,16,2,54,6,0,6,60
12/30/2004,AKN,AK,AAL,WE,Federal Contract Tower,9,14,2,1,26,0,14,4,0,18,9,28,6,1,44,0,0,0,44
12/31/2004,AKN,AK,AAL,WE,Federal Contract Tower,1,16,1,0,18,0,23,0,0,23,1,39,1,0,41,0,0,0,41
01/01/2005,AKN,AK,AAL,WE,Federal Contract Tower,0,2,0,0,2,0,0,0,0,0,0,2,0,0,2,0,0,0,2
01/02/2005,AKN,AK,AAL,WE,Federal Contract Tower,4,7,1,0,12,0,13,0,0,13,4,20,1,0,25,0,0,0,25
01/03/2005,AKN,AK,AAL,WE,Federal Contract Tower,2,17,0,0,19,0,8,0,0,8,2,25,0,0,27,0,0,0,27
01/04/2005,AKN,AK,AAL,WE,Federal Contract Tower,6,11,0,5,22,0,30,0,0,30,6,41,0,5,52,2,0,2,54
01/05/2005,AKN,AK,AAL,WE,Federal Contract Tower,0,18,0,0,18,0,5,0,0,5,0,23,0,0,23,0,0,0,23
01/06/2005,AKN,AK,AAL,WE,Federal Contract Tower,6,9,2,5,22,0,15,1,1,17,6,24,3,6,39,0,8,8,47
01/07/2005,AKN,AK,AAL,WE,Federal Contract Tower,2,15,0,2,19,0,37,11,0,48,2,52,11,2,67,6,0,6,73
01/08/2005,AKN,AK,AAL,WE,Federal Contract Tower,4,12,0,0,16,0,26,9,0,35,4,38,9,0,51,0,0,0,51
01/09/2005,AKN,AK,AAL,WE,Federal Contract Tower,4,8,0,0,12,0,17,4,3,24,4,25,4,3,36,0,6,6,42
01/10/2005,AKN,AK,AAL,WE,Federal Contract Tower,0,16,0,2,18,0,38,5,3,46,0,54,5,5,64,0,0,0,64
01/11/2005,AKN,AK,AAL,WE,Federal Contract Tower,6,10,0,6,22,0,43,9,1,53,6,53,9,7,75,0,8,8,83
01/12/2005,AKN,AK,AAL,WE,Federal Contract Tower,0,8,0,0,8,0,35,2,0,37,0,43,2,0,45,10,0,10,55
01/13/2005,AKN,AK,AAL,WE,Federal Contract Tower,8,13,0,2,23,0,12,2,0,14,8,25,2,2,37,0,0,0,37
01/14/2005,AKN,AK,AAL,WE,Federal Contract Tower,0,16,0,6,22,0,34,2,0,36,0,50,2,6,58,2,12,14,72
01/15/2005,AKN,AK,AAL,WE,Federal Contract Tower,3,19,1,1,24,1,37,0,0,38,4,56,1,1,62,0,0,0,62
01/16/2005,AKN,AK,AAL,WE,Federal Contract Tower,4,12,0,0,16,0,28,2,0,30,4,40,2,0,46,0,0,0,46
01/17/2005,AKN,AK,AAL,WE,Federal Contract Tower,0,13,0,0,13,0,36,2,0,38,0,49,2,0,51,0,0,0,51
01/18/2005,AKN,AK,AAL,WE,Federal Contract Tower,5,7,0,3,15,0,27,0,1,28,5,34,0,4,43,0,0,0,43
01/19/2005,AKN,AK,AAL,WE,Federal Contract Tower,0,11,0,0,11,0,41,9,0,50,0,52,9,0,61,0,0,0,61
01/20/2005,AKN,AK,AAL,WE,Federal Contract Tower,8,5,0,0,13,0,37,2,0,39,8,42,2,0,52,8,0,8,60
01/21/2005,AKN,AK,AAL,WE,Federal Contract Tower,0,13,0,2,15,0,50,0,0,50,0,63,0,2,65,0,1,1,66
01/22/2005,AKN,AK,AAL,WE,Federal Contract Tower,4,10,1,0,15,0,24,0,0,24,4,34,1,0,39,0,0,0,39
01/23/2005,AKN,AK,AAL,WE,Federal Contract Tower,2,16,0,0,18,0,0,0,0,0,2,16,0,0,18,0,0,0,18
01/24/2005,AKN,AK,AAL,WE,Federal Contract Tower,0,17,0,0,17,0,18,6,1,25,0,35,6,1,42,2,0,2,44
01/25/2005,AKN,AK,AAL,WE,Federal Contract Tower,6,7,2,0,15,0,25,11,0,36,6,32,13,0,51,8,0,8,59
01/26/2005,AKN,AK,AAL,WE,Federal Contract Tower,0,8,0,0,8,0,38,18,0,56,0,46,18,0,64,0,0,0,64
01/27/2005,AKN,AK,AAL,WE,Federal Contract Tower,7,7,0,2,16,0,34,7,2,43,7,41,7,4,59,6,14,20,79
01/28/2005,AKN,AK,AAL,WE,Federal Contract Tower,0,10,2,5,17,0,38,14,1,53,0,48,16,6,70,0,8,8,78
01/29/2005,AKN,AK,AAL,WE,Federal Contract Tower,3,11,2,0,16,1,25,1,0,27,4,36,3,0,43,0,0,0,43
01/30/2005,AKN,AK,AAL,WE,Federal Contract Tower,4,29,1,0,34,0,34,2,0,36,4,63,3,0,70,0,0,0,70
01/31/2005,AKN,AK,AAL,WE,Federal Contract Tower,0,10,0,0,10,0,16,3,5,24,0,26,3,5,34,0,2,2,36
02/01/2005,AKN,AK,AAL,WE,Federal Contract Tower,5,13,0,0,18,0,28,2,1,31,5,41,2,1,49,6,4,10,59
02/02/2005,AKN,AK,AAL,WE,Federal Contract Tower,0,8,0,5,13,0,37,2,0,39,0,45,2,5,52,0,6,6,58
02/03/2005,AKN,AK,AAL,WE,Federal Contract Tower,6,8,0,3,17,0,42,5,0,47,6,50,5,3,64,0,8,8,72
02/04/2005,AKN,AK,AAL,WE,Federal Contract Tower,0,7,0,0,7,0,43,4,0,47,0,50,4,0,54,0,0,0,54
02/05/2005,AKN,AK,AAL,WE,Federal Contract Tower,2,15,0,0,17,0,32,3,0,35,2,47,3,0,52,4,0,4,56
02/06/2005,AKN,AK,AAL,WE,Federal Contract Tower,6,15,0,0,21,0,9,0,0,9,6,24,0,0,30,0,0,0,30
02/07/2005,AKN,AK,AAL,WE,Federal Contract Tower,0,15,1,2,18,0,23,0,1,24,0,38,1,3,42,2,6,8,50
02/08/2005,AKN,AK,AAL,WE,Federal Contract Tower,4,16,0,0,20,0,16,0,0,16,4,32,0,0,36,0,0,0,36
02/09/2005,AKN,AK,AAL,WE,Federal Contract Tower,0,20,2,0,22,0,12,0,0,12,0,32,2,0,34,0,0,0,34
02/10/2005,AKN,AK,AAL,WE,Federal Contract Tower,7,18,0,2,27,1,47,2,4,54,8,65,2,6,81,0,12,12,93
02/11/2005,AKN,AK,AAL,WE,Federal Contract Tower,2,15,0,1,18,1,46,5,1,53,3,61,5,2,71,4,0,4,75
02/12/2005,AKN,AK,AAL,WE,Federal Contract Tower,4,10,2,3,19,0,40,3,0,43,4,50,5,3,62,0,8,8,70
02/13/2005,AKN,AK,AAL,WE,Federal Contract Tower,4,12,0,0,16,0,31,6,0,37,4,43,6,0,53,0,2,2,55
02/14/2005,AKN,AK,AAL,WE,Federal Contract Tower,0,9,0,2,11,0,25,9,4,38,0,34,9,6,49,0,8,8,57
02/15/2005,AKN,AK,AAL,WE,Federal Contract Tower,6,8,0,5,19,0,33,17,0,50,6,41,17,5,69,2,30,32,101
02/16/2005,AKN,AK,AAL,WE,Federal Contract Tower,0,14,0,8,22,0,33,6,2,41,0,47,6,10,63,4,24,28,91
02/17/2005,AKN,AK,AAL,WE,Federal Contract Tower,7,13,0,1,21,0,27,3,3,33,7,40,3,4,54,0,18,18,72
02/18/2005,AKN,AK,AAL,WE,Federal Contract Tower,0,24,0,0,24,0,38,2,0,40,0,62,2,0,64,0,0,0,64
02/19/2005,AKN,AK,AAL,WE,Federal Contract Tower,3,12,0,0,15,1,48,5,0,54,4,60,5,0,69,0,0,0,69
02/20/2005,AKN,AK,AAL,WE,Federal Contract Tower,4,8,0,0,12,0,31,4,0,35,4,39,4,0,47,2,0,2,49
02/21/2005,AKN,AK,AAL,WE,Federal Contract Tower,0,6,0,0,6,0,29,6,0,35,0,35,6,0,41,0,0,0,41
02/22/2005,AKN,AK,AAL,WE,Federal Contract Tower,6,11,1,4,22,0,30,4,0,34,6,41,5,4,56,0,0,0,56
02/23/2005,AKN,AK,AAL,WE,Federal Contract Tower,0,13,1,4,18,1,34,5,1,41,1,47,6,5,59,0,10,10,69
02/24/2005,AKN,AK,AAL,WE,Federal Contract Tower,6,13,0,5,24,2,32,6,0,40,8,45,6,5,64,6,4,10,74
02/25/2005,AKN,AK,AAL,WE,Federal Contract Tower,2,14,3,0,19,0,44,15,0,59,2,58,18,0,78,0,0,0,78
02/26/2005,AKN,AK,AAL,WE,Federal Contract Tower,4,21,2,0,27,0,20,4,6,30,4,41,6,6,57,0,14,14,71
02/27/2005,AKN,AK,AAL,WE,Federal Contract Tower,4,6,0,0,10,0,32,9,0,41,4,38,9,0,51,0,0,0,51
02/28/2005,AKN,AK,AAL,WE,Federal Contract Tower,0,9,0,4,13,0,25,4,0,29,0,34,4,4,42,8,22,30,72
03/01/2005,AKN,AK,AAL,WE,Federal Contract Tower,4,10,0,0,14,0,44,0,0,44,4,54,0,0,58,0,0,0,58
03/02/2005,AKN,AK,AAL,WE,Federal Contract Tower,0,9,0,1,10,0,41,0,0,41,0,50,0,1,51,6,8,14,65
03/03/2005,AKN,AK,AAL,WE,Federal Contract Tower,9,7,0,4,20,0,52,16,0,68,9,59,16,4,88,24,20,44,132
03/04/2005,AKN,AK,AAL,WE,Federal Contract Tower,2,16,0,1,19,0,59,0,0,59,2,75,0,1,78,20,0,20,98
03/05/2005,AKN,AK,AAL,WE,Federal Contract Tower,4,8,0,0,12,0,34,4,0,38,4,42,4,0,50,20,0,20,70
03/06/2005,AKN,AK,AAL,WE,Federal Contract Tower,6,8,0,0,14,0,19,4,0,23,6,27,4,0,37,0,0,0,37
03/07/2005,AKN,AK,AAL,WE,Federal Contract Tower,0,6,0,2,8,0,40,0,0,40,0,46,0,2,48,0,14,14,62
03/08/2005,AKN,AK,AAL,WE,Federal Contract Tower,6,15,0,0,21,0,44,4,0,48,6,59,4,0,69,0,6,6,75
03/09/2005,AKN,AK,AAL,WE,Federal Contract Tower,0,8,0,0,8,0,35,6,0,41,0,43,6,0,49,0,0,0,49
03/10/2005,AKN,AK,AAL,WE,Federal Contract Tower,6,7,0,0,13,0,25,18,0,43,6,32,18,0,56,6,0,6,62
03/11/2005,AKN,AK,AAL,WE,Federal Contract Tower,1,11,0,2,14,0,69,4,0,73,1,80,4,2,87,4,0,4,91
03/12/2005,AKN,AK,AAL,WE,Federal Contract Tower,2,11,0,0,13,0,29,4,0,33,2,40,4,0,46,0,0,0,46
03/13/2005,AKN,AK,AAL,WE,Federal Contract Tower,2,6,0,0,8,0,23,1,0,24,2,29,1,0,32,0,0,0,32
03/14/2005,AKN,AK,AAL,WE,Federal Contract Tower,0,5,0,0,5,0,27,4,0,31,0,32,4,0,36,0,4,4,40
03/15/2005,AKN,AK,AAL,WE,Federal Contract Tower,6,7,0,0,13,0,35,14,0,49,6,42,14,0,62,0,0,0,62
03/16/2005,AKN,AK,AAL,WE,Federal Contract Tower,0,10,0,0,10,0,21,0,0,21,0,31,0,0,31,0,0,0,31
03/17/2005,AKN,AK,AAL,WE,Federal Contract Tower,6,6,0,2,14,0,31,4,0,35,6,37,4,2,49,8,0,8,57
03/18/2005,AKN,AK,AAL,WE,Federal Contract Tower,5,8,0,0,13,1,31,12,0,44,6,39,12,0,57,0,0,0,57
03/19/2005,AKN,AK,AAL,WE,Federal Contract Tower,0,9,0,0,9,0,26,4,0,30,0,35,4,0,39,6,0,6,45
03/20/2005,AKN,AK,AAL,WE,Federal Contract Tower,2,8,0,0,10,0,27,2,0,29,2,35,2,0,39,0,0,0,39
03/21/2005,AKN,AK,AAL,WE,Federal Contract Tower,0,16,0,0,16,0,20,3,0,23,0,36,3,0,39,0,0,0,39
03/22/2005,AKN,AK,AAL,WE,Federal Contract Tower,6,7,0,2,15,0,20,3,0,23,6,27,3,2,38,0,0,0,38
03/23/2005,AKN,AK,AAL,WE,Federal Contract Tower,0,30,0,0,30,0,3,0,0,3,0,33,0,0,33,0,0,0,33
03/24/2005,AKN,AK,AAL,WE,Federal Contract Tower,6,23,0,0,29,0,0,0,0,0,6,23,0,0,29,0,0,0,29
03/25/2005,AKN,AK,AAL,WE,Federal Contract Tower,4,18,0,0,22,0,25,2,0,27,4,43,2,0,49,0,0,0,49
03/26/2005,AKN,AK,AAL,WE,Federal Contract Tower,2,10,0,0,12,0,23,8,0,31,2,33,8,0,43,0,0,0,43
03/27/2005,AKN,AK,AAL,WE,Federal Contract Tower,4,12,1,0,17,0,6,2,0,8,4,18,3,0,25,0,0,0,25
03/28/2005,AKN,AK,AAL,WE,Federal Contract Tower,0,12,0,0,12,0,19,6,0,25,0,31,6,0,37,0,0,0,37
03/29/2005,AKN,AK,AAL,WE,Federal Contract Tower,4,13,1,2,20,0,21,16,0,37,4,34,17,2,57,6,0,6,63
03/30/2005,AKN,AK,AAL,WE,Federal Contract Tower,2,17,0,0,19,0,34,7,0,41,2,51,7,0,60,0,0,0,60
03/31/2005,AKN,AK,AAL,WE,Federal Contract Tower,6,10,0,2,18,0,23,6,0,29,6,33,6,2,47,0,0,0,47
04/01/2005,AKN,AK,AAL,WE,Federal Contract Tower,0,11,0,1,12,0,27,10,13,50,0,38,10,14,62,0,18,18,80
04/02/2005,AKN,AK,AAL,WE,Federal Contract Tower,2,12,0,0,14,0,29,3,0,32,2,41,3,0,46,0,0,0,46
04/03/2005,AKN,AK,AAL,WE,Federal Contract Tower,5,6,0,0,11,1,22,2,0,25,6,28,2,0,36,0,0,0,36
04/04/2005,AKN,AK,AAL,WE,Federal Contract Tower,0,8,0,2,10,0,43,4,0,47,0,51,4,2,57,0,0,0,57
04/05/2005,AKN,AK,AAL,WE,Federal Contract Tower,4,19,0,4,27,0,13,3,1,17,4,32,3,5,44,0,0,0,44
04/06/2005,AKN,AK,AAL,WE,Federal Contract Tower,2,10,0,1,13,0,41,16,0,57,2,51,16,1,70,0,10,10,80
04/07/2005,AKN,AK,AAL,WE,Federal Contract Tower,6,7,0,0,13,0,39,13,0,52,6,46,13,0,65,2,0,2,67
04/08/2005,AKN,AK,AAL,WE,Federal Contract Tower,0,8,3,0,11,0,29,5,0,34,0,37,8,0,45,0,0,0,45
04/09/2005,AKN,AK,AAL,WE,Federal Contract Tower,2,12,0,0,14,0,35,1,0,36,2,47,1,0,50,2,0,2,52
04/10/2005,AKN,AK,AAL,WE,Federal Contract Tower,6,15,0,0,21,0,22,0,0,22,6,37,0,0,43,0,0,0,43
04/11/2005,AKN,AK,AAL,WE,Federal Contract Tower,0,6,0,0,6,0,28,2,0,30,0,34,2,0,36,0,0,0,36
04/12/2005,AKN,AK,AAL,WE,Federal Contract Tower,5,6,0,2,13,1,22,5,0,28,6,28,5,2,41,0,0,0,41
04/13/2005,AKN,AK,AAL,WE,Federal Contract Tower,0,8,0,2,10,0,28,11,2,41,0,36,11,4,51,40,14,54,105
04/14/2005,AKN,AK,AAL,WE,Federal Contract Tower,6,8,1,4,19,0,17,23,0,40,6,25,24,4,59,8,10,18,77
04/15/2005,AKN,AK,AAL,WE,Federal Contract Tower,0,10,0,2,12,0,34,12,0,46,0,44,12,2,58,34,0,34,92
04/16/2005,AKN,AK,AAL,WE,Federal Contract Tower,4,7,0,2,13,0,36,22,0,58,4,43,22,2,71,28,0,28,99
04/17/2005,AKN,AK,AAL,WE,Federal Contract Tower,3,7,0,0,10,0,41,12,0,53,3,48,12,0,63,0,0,0,63
04/18/2005,AKN,AK,AAL,WE,Federal Contract Tower,0,20,1,2,23,0,3,0,0,3,0,23,1,2,26,0,0,0,26
04/19/2005,AKN,AK,AAL,WE,Federal Contract Tower,6,12,8,2,28,0,27,7,0,34,6,39,15,2,62,48,0,48,110
04/20/2005,AKN,AK,AAL,WE,Federal Contract Tower,0,26,5,4,35,0,15,7,0,22,0,41,12,4,57,32,8,40,97
04/21/2005,AKN,AK,AAL,WE,Federal Contract Tower,8,16,0,2,26,0,22,2,0,24,8,38,2,2,50,22,2,24,74
04/22/2005,AKN,AK,AAL,WE,Federal Contract Tower,4,12,0,2,18,0,26,12,0,38,4,38,12,2,56,0,0,0,56
04/23/2005,AKN,AK,AAL,WE,Federal Contract Tower,2,28,14,0,44,0,18,4,0,22,2,46,18,0,66,10,0,10,76
04/24/2005,AKN,AK,AAL,WE,Federal Contract Tower,4,9,0,0,13,0,31,26,0,57,4,40,26,0,70,0,0,0,70
04/25/2005,AKN,AK,AAL,WE,Federal Contract Tower,0,10,2,5,17,0,44,34,0,78,0,54,36,5,95,6,20,26,121
04/26/2005,AKN,AK,AAL,WE,Federal Contract Tower,6,16,0,2,24,0,43,23,0,66,6,59,23,2,90,0,0,0,90
04/27/2005,AKN,AK,AAL,WE,Federal Contract Tower,0,12,0,1,13,0,31,22,0,53,0,43,22,1,66,0,8,8,74
04/28/2005,AKN,AK,AAL,WE,Federal Contract Tower,6,14,0,0,20,2,32,14,0,48,8,46,14,0,68,0,0,0,68
04/29/2005,AKN,AK,AAL,WE,Federal Contract Tower,0,11,0,2,13,0,30,14,3,47,0,41,14,5,60,0,8,8,68
04/30/2005,AKN,AK,AAL,WE,Federal Contract Tower,4,14,2,0,20,0,23,16,0,39,4,37,18,0,59,14,0,14,73
05/01/2005,AKN,AK,AAL,WE,Federal Contract Tower,4,9,0,0,13,0,30,12,0,42,4,39,12,0,55,0,0,0,55
05/02/2005,AKN,AK,AAL,WE,Federal Contract Tower,2,6,0,6,14,0,31,9,1,41,2,37,9,7,55,8,26,34,89
05/03/2005,AKN,AK,AAL,WE,Federal Contract Tower,5,9,2,0,16,1,45,12,0,58,6,54,14,0,74,0,0,0,74
05/04/2005,AKN,AK,AAL,WE,Federal Contract Tower,0,10,2,4,16,0,38,19,4,61,0,48,21,8,77,0,40,40,117
05/05/2005,AKN,AK,AAL,WE,Federal Contract Tower,8,9,2,0,19,0,38,5,0,43,8,47,7,0,62,0,0,0,62
05/06/2005,AKN,AK,AAL,WE,Federal Contract Tower,2,12,2,5,21,0,42,6,1,49,2,54,8,6,70,0,30,30,100
05/07/2005,AKN,AK,AAL,WE,Federal Contract Tower,8,14,0,0,22,0,32,15,0,47,8,46,15,0,69,0,0,0,69
05/08/2005,AKN,AK,AAL,WE,Federal Contract Tower,0,16,3,0,19,0,19,12,0,31,0,35,15,0,50,0,0,0,50
05/09/2005,AKN,AK,AAL,WE,Federal Contract Tower,0,16,3,0,19,2,44,27,4,77,2,60,30,4,96,0,0,0,96
05/10/2005,AKN,AK,AAL,WE,Federal Contract Tower,5,15,0,3,23,0,52,32,0,84,5,67,32,3,107,0,28,28,135
05/11/2005,AKN,AK,AAL,WE,Federal Contract Tower,0,11,0,3,14,0,58,35,0,93,0,69,35,3,107,0,0,0,107
05/12/2005,AKN,AK,AAL,WE,Federal Contract Tower,8,12,0,0,20,0,46,10,0,56,8,58,10,0,76,10,0,10,86
05/13/2005,AKN,AK,AAL,WE,Federal Contract Tower,2,12,0,0,14,0,54,16,0,70,2,66,16,0,84,0,0,0,84
05/14/2005,AKN,AK,AAL,WE,Federal Contract Tower,5,8,0,4,17,1,45,17,1,64,6,53,17,5,81,0,8,8,89
05/15/2005,AKN,AK,AAL,WE,Federal Contract Tower,4,15,0,0,19,0,49,12,0,61,4,64,12,0,80,0,0,0,80
05/16/2005,AKN,AK,AAL,WE,Federal Contract Tower,0,16,0,2,18,0,49,30,0,79,0,65,30,2,97,0,0,0,97
05/17/2005,AKN,AK,AAL,WE,Federal Contract Tower,4,11,1,0,16,1,56,34,1,92,5,67,35,1,108,6,0,6,114
05/18/2005,AKN,AK,AAL,WE,Federal Contract Tower,0,9,0,2,11,0,67,40,2,109,0,76,40,4,120,0,26,26,146
05/19/2005,AKN,AK,AAL,WE,Federal Contract Tower,8,28,5,0,41,0,36,13,0,49,8,64,18,0,90,0,0,0,90
05/20/2005,AKN,AK,AAL,WE,Federal Contract Tower,2,21,12,0,35,0,41,15,0,56,2,62,27,0,91,0,0,0,91
05/21/2005,AKN,AK,AAL,WE,Federal Contract Tower,6,32,5,0,43,0,28,3,0,31,6,60,8,0,74,0,0,0,74
05/22/2005,AKN,AK,AAL,WE,Federal Contract Tower,4,21,2,0,27,0,21,12,0,33,4,42,14,0,60,0,0,0,60
05/23/2005,AKN,AK,AAL,WE,Federal Contract Tower,2,21,3,2,28,0,26,17,0,43,2,47,20,2,71,0,0,0,71
05/24/2005,AKN,AK,AAL,WE,Federal Contract Tower,4,12,0,3,19,0,53,23,0,76,4,65,23,3,95,0,4,4,99
05/25/2005,AKN,AK,AAL,WE,Federal Contract Tower,0,8,0,0,8,0,57,34,2,93,0,65,34,2,101,0,0,0,101
05/26/2005,AKN,AK,AAL,WE,Federal Contract Tower,6,9,3,1,19,0,40,20,1,61,6,49,23,2,80,0,10,10,90
05/27/2005,AKN,AK,AAL,WE,Federal Contract Tower,4,17,2,2,25,0,54,24,2,80,4,71,26,4,105,0,0,0,105
05/28/2005,AKN,AK,AAL,WE,Federal Contract Tower,4,13,4,0,21,0,44,19,0,63,4,57,23,0,84,0,0,0,84
05/29/2005,AKN,AK,AAL,WE,Federal Contract Tower,4,8,0,0,12,1,49,27,0,77,5,57,27,0,89,8,0,8,97
05/30/2005,AKN,AK,AAL,WE,Federal Contract Tower,2,12,0,0,14,0,36,24,2,62,2,48,24,2,76,2,8,10,86
05/31/2005,AKN,AK,AAL,WE,Federal Contract Tower,5,17,1,0,23,1,83,17,0,101,6,100,18,0,124,6,0,6,130
06/01/2005,AKN,AK,AAL,WE,Federal Contract Tower,0,13,1,0,14,0,123,30,0,153,0,136,31,0,167,8,0,8,175
06/02/2005,AKN,AK,AAL,WE,Federal Contract Tower,4,17,0,1,22,0,102,51,1,154,4,119,51,2,176,0,0,0,176
06/03/2005,AKN,AK,AAL,WE,Federal Contract Tower,4,16,0,2,22,0,98,34,0,132,4,114,34,2,154,8,0,8,162
06/04/2005,AKN,AK,AAL,WE,Federal Contract Tower,6,19,2,0,27,0,77,14,0,91,6,96,16,0,118,8,0,8,126
06/05/2005,AKN,AK,AAL,WE,Federal Contract Tower,6,13,1,0,20,0,58,48,0,106,6,71,49,0,126,4,0,4,130
06/06/2005,AKN,AK,AAL,WE,Federal Contract Tower,2,21,0,0,23,0,89,32,0,121,2,110,32,0,144,22,0,22,166
06/07/2005,AKN,AK,AAL,WE,Federal Contract Tower,8,28,0,2,38,0,96,20,0,116,8,124,20,2,154,12,0,12,166
06/08/2005,AKN,AK,AAL,WE,Federal Contract Tower,6,22,0,2,30,0,117,23,0,140,6,139,23,2,170,12,2,14,184
06/09/2005,AKN,AK,AAL,WE,Federal Contract Tower,9,23,0,5,37,1,90,32,3,126,10,113,32,8,163,0,6,6,169
06/10/2005,AKN,AK,AAL,WE,Federal Contract Tower,2,21,0,1,24,0,90,31,1,122,2,111,31,2,146,2,0,2,148
06/11/2005,AKN,AK,AAL,WE,Federal Contract Tower,6,33,2,0,41,0,124,41,0,165,6,157,43,0,206,0,0,0,206
06/12/2005,AKN,AK,AAL,WE,Federal Contract Tower,6,19,1,0,26,0,110,36,0,146,6,129,37,0,172,6,0,6,178
06/13/2005,AKN,AK,AAL,WE,Federal Contract Tower,2,18,4,4,28,0,77,40,1,118,2,95,44,5,146,0,0,0,146
06/14/2005,AKN,AK,AAL,WE,Federal Contract Tower,7,32,7,5,51,2,87,27,4,120,9,119,34,9,171,0,0,0,171
06/15/2005,AKN,AK,AAL,WE,Federal Contract Tower,4,28,1,3,36,0,152,35,5,192,4,180,36,8,228,12,2,14,242
06/16/2005,AKN,AK,AAL,WE,Federal Contract Tower,9,28,0,0,37,0,150,62,4,216,9,178,62,4,253,6,14,20,273
06/17/2005,AKN,AK,AAL,WE,Federal Contract Tower,0,30,4,1,35,0,119,51,4,174,0,149,55,5,209,2,4,6,215
06/18/2005,AKN,AK,AAL,WE,Federal Contract Tower,6,25,2,1,34,0,104,76,1,181,6,129,78,2,215,2,0,2,217
06/19/2005,AKN,AK,AAL,WE,Federal Contract Tower,9,17,1,0,27,0,130,79,0,209,9,147,80,0,236,0,0,0,236
06/20/2005,AKN,AK,AAL,WE,Federal Contract Tower,4,20,1,3,28,0,118,88,0,206,4,138,89,3,234,2,0,2,236
06/21/2005,AKN,AK,AAL,WE,Federal Contract Tower,9,19,0,4,32,0,133,74,0,207,9,152,74,4,239,0,24,24,263
06/22/2005,AKN,AK,AAL,WE,Federal Contract Tower,4,18,1,0,23,0,110,34,0,144,4,128,35,0,167,2,0,2,169
06/23/2005,AKN,AK,AAL,WE,Federal Contract Tower,13,23,5,6,47,1,133,45,0,179,14,156,50,6,226,0,26,26,252
06/24/2005,AKN,AK,AAL,WE,Federal Contract Tower,2,23,5,2,32,0,133,55,2,190,2,156,60,4,222,6,2,8,230
06/25/2005,AKN,AK,AAL,WE,Federal Contract Tower,6,24,3,0,33,0,134,104,0,238,6,158,107,0,271,4,0,4,275
06/26/2005,AKN,AK,AAL,WE,Federal Contract Tower,6,10,6,0,22,0,168,108,0,276,6,178,114,0,298,0,0,0,298
06/27/2005,AKN,AK,AAL,WE,Federal Contract Tower,6,25,2,0,33,0,194,90,2,286,6,219,92,2,319,0,0,0,319
06/28/2005,AKN,AK,AAL,WE,Federal Contract Tower,12,26,1,0,39,0,163,75,4,242,12,189,76,4,281,0,44,44,325
06/29/2005,AKN,AK,AAL,WE,Federal Contract Tower,12,74,7,6,99,0,127,44,3,174,12,201,51,9,273,0,42,42,315
06/30/2005,AKN,AK,AAL,WE,Federal Contract Tower,15,80,12,0,107,0,100,33,0,133,15,180,45,0,240,0,0,0,240
07/01/2005,AKN,AK,AAL,WE,Federal Contract Tower,10,22,4,0,36,0,160,42,2,204,10,182,46,2,240,16,0,16,256
07/02/2005,AKN,AK,AAL,WE,Federal Contract Tower,14,96,9,0,119,1,121,90,0,212,15,217,99,0,331,0,0,0,331
07/03/2005,AKN,AK,AAL,WE,Federal Contract Tower,16,19,4,0,39,0,184,112,0,296,16,203,116,0,335,6,0,6,341
07/04/2005,AKN,AK,AAL,WE,Federal Contract Tower,12,39,5,0,56,0,124,67,0,191,12,163,72,0,247,0,0,0,247
07/05/2005,AKN,AK,AAL,WE,Federal Contract Tower,10,15,3,1,29,0,198,51,0,249,10,213,54,1,278,0,0,0,278
07/06/2005,AKN,AK,AAL,WE,Federal Contract Tower,16,82,14,0,112,0,94,42,0,136,16,176,56,0,248,0,0,0,248
07/07/2005,AKN,AK,AAL,WE,Federal Contract Tower,15,63,5,1,84,1,117,58,1,177,16,180,63,2,261,38,0,38,299
07/08/2005,AKN,AK,AAL,WE,Federal Contract Tower,7,55,12,1,75,0,117,54,0,171,7,172,66,1,246,20,0,20,266
07/09/2005,AKN,AK,AAL,WE,Federal Contract Tower,13,72,24,0,109,0,129,90,0,219,13,201,114,0,328,0,0,0,328
07/10/2005,AKN,AK,AAL,WE,Federal Contract Tower,14,37,10,0,61,0,171,72,0,243,14,208,82,0,304,0,0,0,304
07/11/2005,AKN,AK,AAL,WE,Federal Contract Tower,8,16,2,0,26,0,163,85,0,248,8,179,87,0,274,18,0,18,292
07/12/2005,AKN,AK,AAL,WE,Federal Contract Tower,11,28,0,2,41,0,211,59,0,270,11,239,59,2,311,0,2,2,313
07/13/2005,AKN,AK,AAL,WE,Federal Contract Tower,4,21,4,0,29,0,184,62,0,246,4,205,66,0,275,2,0,2,277
07/14/2005,AKN,AK,AAL,WE,Federal Contract Tower,10,33,4,2,49,0,171,51,2,224,10,204,55,4,273,0,4,4,277
07/15/2005,AKN,AK,AAL,WE,Federal Contract Tower,2,27,4,3,36,0,210,55,4,269,2,237,59,7,305,0,12,12,317
07/16/2005,AKN,AK,AAL,WE,Federal Contract Tower,7,36,2,2,47,0,198,67,2,267,7,234,69,4,314,0,2,2,316
07/17/2005,AKN,AK,AAL,WE,Federal Contract Tower,6,23,7,0,36,0,189,87,0,276,6,212,94,0,312,0,0,0,312
07/18/2005,AKN,AK,AAL,WE,Federal Contract Tower,4,18,2,2,26,0,154,54,0,208,4,172,56,2,234,0,16,16,250
07/19/2005,AKN,AK,AAL,WE,Federal Contract Tower,10,28,2,3,43,0,162,36,1,199,10,190,38,4,242,0,18,18,260
07/20/2005,AKN,AK,AAL,WE,Federal Contract Tower,4,37,3,0,44,2,161,44,0,207,6,198,47,0,251,0,0,0,251
07/21/2005,AKN,AK,AAL,WE,Federal Contract Tower,8,24,0,5,37,0,135,34,1,170,8,159,34,6,207,0,54,54,261
07/22/2005,AKN,AK,AAL,WE,Federal Contract Tower,6,31,9,5,51,0,185,30,5,220,6,216,39,10,271,2,14,16,287
07/23/2005,AKN,AK,AAL,WE,Federal Contract Tower,4,35,1,0,40,0,211,70,0,281,4,246,71,0,321,0,0,0,321
07/24/2005,AKN,AK,AAL,WE,Federal Contract Tower,6,22,4,0,32,0,169,44,0,213,6,191,48,0,245,6,0,6,251
07/25/2005,AKN,AK,AAL,WE,Federal Contract Tower,4,35,5,0,44,0,168,49,0,217,4,203,54,0,261,0,0,0,261
07/26/2005,AKN,AK,AAL,WE,Federal Contract Tower,7,31,2,0,40,0,134,63,0,197,7,165,65,0,237,0,0,0,237
07/27/2005,AKN,AK,AAL,WE,Federal Contract Tower,4,20,1,0,25,0,149,42,0,191,4,169,43,0,216,0,0,0,216
07/28/2005,AKN,AK,AAL,WE,Federal Contract Tower,9,46,13,1,69,1,99,37,2,139,10,145,50,3,208,2,4,6,214
07/29/2005,AKN,AK,AAL,WE,Federal Contract Tower,6,21,6,3,36,2,126,30,1,159,8,147,36,4,195,10,20,30,225
07/30/2005,AKN,AK,AAL,WE,Federal Contract Tower,6,53,6,0,65,0,109,15,0,124,6,162,21,0,189,0,0,0,189
07/31/2005,AKN,AK,AAL,WE,Federal Contract Tower,6,16,9,0,31,0,114,31,0,145,6,130,40,0,176,8,0,8,184
08/01/2005,AKN,AK,AAL,WE,Federal Contract Tower,2,16,1,1,20,0,78,29,5,112,2,94,30,6,132,0,0,0,132
08/02/2005,AKN,AK,AAL,WE,Federal Contract Tower,7,19,0,2,28,3,105,30,0,138,10,124,30,2,166,0,20,20,186
08/03/2005,AKN,AK,AAL,WE,Federal Contract Tower,6,18,3,0,27,0,97,38,0,135,6,115,41,0,162,0,0,0,162
08/04/2005,AKN,AK,AAL,WE,Federal Contract Tower,8,32,8,0,48,0,59,19,0,78,8,91,27,0,126,0,0,0,126
08/05/2005,AKN,AK,AAL,WE,Federal Contract Tower,2,20,2,7,31,0,117,24,0,141,2,137,26,7,172,0,6,6,178
08/06/2005,AKN,AK,AAL,WE,Federal Contract Tower,5,16,3,0,24,1,93,34,17,145,6,109,37,17,169,0,0,0,169
08/07/2005,AKN,AK,AAL,WE,Federal Contract Tower,6,10,3,1,20,0,89,31,3,123,6,99,34,4,143,0,0,0,143
08/08/2005,AKN,AK,AAL,WE,Federal Contract Tower,2,8,4,4,18,0,87,33,0,120,2,95,37,4,138,0,20,20,158
08/09/2005,AKN,AK,AAL,WE,Federal Contract Tower,6,19,1,0,26,0,93,29,0,122,6,112,30,0,148,0,0,0,148
08/10/2005,AKN,AK,AAL,WE,Federal Contract Tower,6,16,0,0,22,0,110,29,0,139,6,126,29,0,161,0,0,0,161
08/11/2005,AKN,AK,AAL,WE,Federal Contract Tower,11,14,0,1,26,1,119,28,0,148,12,133,28,1,174,0,0,0,174
08/12/2005,AKN,AK,AAL,WE,Federal Contract Tower,2,25,7,3,37,0,78,31,1,110,2,103,38,4,147,0,0,0,147
08/13/2005,AKN,AK,AAL,WE,Federal Contract Tower,4,32,4,1,41,0,96,36,0,132,4,128,40,1,173,0,0,0,173
08/14/2005,AKN,AK,AAL,WE,Federal Contract Tower,6,10,3,0,19,0,103,35,0,138,6,113,38,0,157,0,0,0,157
08/15/2005,AKN,AK,AAL,WE,Federal Contract Tower,2,15,1,2,20,0,100,49,2,151,2,115,50,4,171,0,44,44,215
08/16/2005,AKN,AK,AAL,WE,Federal Contract Tower,7,16,3,2,28,1,98,33,1,133,8,114,36,3,161,0,0,0,161
08/17/2005,AKN,AK,AAL,WE,Federal Contract Tower,4,18,2,2,26,0,110,31,0,141,4,128,33,2,167,0,0,0,167
08/18/2005,AKN,AK,AAL,WE,Federal Contract Tower,7,41,10,0,58,0,81,18,0,99,7,122,28,0,157,10,0,10,167
08/19/2005,AKN,AK,AAL,WE,Federal Contract Tower,2,100,21,0,123,0,13,2,0,15,2,113,23,0,138,0,0,0,138
08/20/2005,AKN,AK,AAL,WE,Federal Contract Tower,4,42,0,0,46,0,68,6,0,74,4,110,6,0,120,26,0,26,146
08/21/2005,AKN,AK,AAL,WE,Federal Contract Tower,4,13,0,0,17,0,116,45,0,161,4,129,45,0,178,20,0,20,198
08/22/2005,AKN,AK,AAL,WE,Federal Contract Tower,2,17,0,0,19,0,69,33,0,102,2,86,33,0,121,0,0,0,121
08/23/2005,AKN,AK,AAL,WE,Federal Contract Tower,6,19,0,0,25,0,84,15,0,99,6,103,15,0,124,0,0,0,124
08/24/2005,AKN,AK,AAL,WE,Federal Contract Tower,5,16,1,0,22,0,98,16,0,114,5,114,17,0,136,0,0,0,136
08/25/2005,AKN,AK,AAL,WE,Federal Contract Tower,8,18,0,0,26,0,102,34,0,136,8,120,34,0,162,0,0,0,162
08/26/2005,AKN,AK,AAL,WE,Federal Contract Tower,2,17,0,0,19,0,112,30,0,142,2,129,30,0,161,0,0,0,161
08/27/2005,AKN,AK,AAL,WE,Federal Contract Tower,4,20,0,0,24,0,104,45,0,149,4,124,45,0,173,6,0,6,179
08/28/2005,AKN,AK,AAL,WE,Federal Contract Tower,6,47,3,0,56,0,30,5,0,35,6,77,8,0,91,0,0,0,91
08/29/2005,AKN,AK,AAL,WE,Federal Contract Tower,2,15,0,0,17,0,74,29,0,103,2,89,29,0,120,0,0,0,120
08/30/2005,AKN,AK,AAL,WE,Federal Contract Tower,6,14,0,2,22,0,89,25,0,114,6,103,25,2,136,6,10,16,152
08/31/2005,AKN,AK,AAL,WE,Federal Contract Tower,6,8,0,1,15,0,63,25,4,92,6,71,25,5,107,0,14,14,121
09/01/2005,AKN,AK,AAL,WE,Federal Contract Tower,10,19,1,0,30,0,125,34,0,159,10,144,35,0,189,0,0,0,189
09/02/2005,AKN,AK,AAL,WE,Federal Contract Tower,2,18,0,0,20,0,124,48,0,172,2,142,48,0,192,0,0,0,192
09/03/2005,AKN,AK,AAL,WE,Federal Contract Tower,6,56,14,0,76,0,26,12,0,38,6,82,26,0,114,0,0,0,114
09/04/2005,AKN,AK,AAL,WE,Federal Contract Tower,6,25,13,0,44,0,60,43,0,103,6,85,56,0,147,0,0,0,147
09/05/2005,AKN,AK,AAL,WE,Federal Contract Tower,2,19,1,0,22,0,97,63,0,160,2,116,64,0,182,0,0,0,182
09/06/2005,AKN,AK,AAL,WE,Federal Contract Tower,6,18,0,0,24,0,100,38,0,138,6,118,38,0,162,10,0,10,172
09/07/2005,AKN,AK,AAL,WE,Federal Contract Tower,2,13,0,2,17,0,120,32,0,152,2,133,32,2,169,6,0,6,175
09/08/2005,AKN,AK,AAL,WE,Federal Contract Tower,8,10,4,2,24,0,122,44,0,166,8,132,48,2,190,0,0,0,190
09/09/2005,AKN,AK,AAL,WE,Federal Contract Tower,2,14,1,0,17,0,124,32,0,156,2,138,33,0,173,4,0,4,177
09/10/2005,AKN,AK,AAL,WE,Federal Contract Tower,6,11,1,0,18,0,81,61,2,144,6,92,62,2,162,0,0,0,162
09/11/2005,AKN,AK,AAL,WE,Federal Contract Tower,4,23,4,0,31,0,61,24,2,87,4,84,28,2,118,0,0,0,118
09/12/2005,AKN,AK,AAL,WE,Federal Contract Tower,0,12,2,0,14,0,95,16,4,115,0,107,18,4,129,0,0,0,129
09/13/2005,AKN,AK,AAL,WE,Federal Contract Tower,4,17,0,2,23,0,127,17,0,144,4,144,17,2,167,0,0,0,167
09/14/2005,AKN,AK,AAL,WE,Federal Contract Tower,0,18,0,0,18,0,103,34,0,137,0,121,34,0,155,8,0,8,163
09/15/2005,AKN,AK,AAL,WE,Federal Contract Tower,6,14,0,0,20,0,81,14,0,95,6,95,14,0,115,0,0,0,115
09/16/2005,AKN,AK,AAL,WE,Federal Contract Tower,2,13,1,0,16,0,123,54,0,177,2,136,55,0,193,0,0,0,193
09/17/2005,AKN,AK,AAL,WE,Federal Contract Tower,2,17,0,0,19,0,93,47,0,140,2,110,47,0,159,0,0,0,159
09/18/2005,AKN,AK,AAL,WE,Federal Contract Tower,5,18,3,0,26,1,72,37,0,110,6,90,40,0,136,6,0,6,142
09/19/2005,AKN,AK,AAL,WE,Federal Contract Tower,0,10,0,0,10,0,70,30,0,100,0,80,30,0,110,0,0,0,110
09/20/2005,AKN,AK,AAL,WE,Federal Contract Tower,6,12,0,0,18,0,78,44,0,122,6,90,44,0,140,0,0,0,140
09/21/2005,AKN,AK,AAL,WE,Federal Contract Tower,0,8,0,5,13,0,74,20,0,94,0,82,20,5,107,0,0,0,107
09/22/2005,AKN,AK,AAL,WE,Federal Contract Tower,7,18,0,2,27,0,56,10,0,66,7,74,10,2,93,0,0,0,93
09/23/2005,AKN,AK,AAL,WE,Federal Contract Tower,2,11,2,0,15,0,81,38,0,119,2,92,40,0,134,4,0,4,138
09/24/2005,AKN,AK,AAL,WE,Federal Contract Tower,4,13,0,0,17,0,57,34,0,91,4,70,34,0,108,0,0,0,108
09/25/2005,AKN,AK,AAL,WE,Federal Contract Tower,4,17,1,0,22,0,58,60,0,118,4,75,61,0,140,0,0,0,140
09/26/2005,AKN,AK,AAL,WE,Federal Contract Tower,0,15,1,2,18,0,54,20,0,74,0,69,21,2,92,2,4,6,98
09/27/2005,AKN,AK,AAL,WE,Federal Contract Tower,6,15,3,1,25,0,45,6,1,52,6,60,9,2,77,0,0,0,77
09/28/2005,AKN,AK,AAL,WE,Federal Contract Tower,2,10,1,0,13,0,80,40,0,120,2,90,41,0,133,0,0,0,133
09/29/2005,AKN,AK,AAL,WE,Federal Contract Tower,8,24,1,2,35,0,86,30,0,116,8,110,31,2,151,0,0,0,151
09/30/2005,AKN,AK,AAL,WE,Federal Contract Tower,0,17,7,0,24,0,94,19,0,113,0,111,26,0,137,0,0,0,137
10/01/2005,AKN,AK,AAL,WE,Federal Contract Tower,4,14,0,0,18,0,71,34,0,105,4,85,34,0,123,0,0,0,123
10/02/2005,AKN,AK,AAL,WE,Federal Contract Tower,4,10,0,0,14,0,57,23,0,80,4,67,23,0,94,0,0,0,94
10/03/2005,AKN,AK,AAL,WE,Federal Contract Tower,0,6,0,4,10,0,60,10,0,70,0,66,10,4,80,0,38,38,118
10/04/2005,AKN,AK,AAL,WE,Federal Contract Tower,6,11,0,0,17,0,50,22,0,72,6,61,22,0,89,0,0,0,89
10/05/2005,AKN,AK,AAL,WE,Federal Contract Tower,3,2,0,1,6,1,60,6,0,67,4,62,6,1,73,0,24,24,97
10/06/2005,AKN,AK,AAL,WE,Federal Contract Tower,8,12,0,0,20,0,40,23,4,67,8,52,23,4,87,2,26,28,115
10/07/2005,AKN,AK,AAL,WE,Federal Contract Tower,2,16,3,0,21,0,33,17,2,52,2,49,20,2,73,0,0,0,73
10/08/2005,AKN,AK,AAL,WE,Federal Contract Tower,4,19,2,0,25,0,41,24,0,65,4,60,26,0,90,0,0,0,90
10/09/2005,AKN,AK,AAL,WE,Federal Contract Tower,4,18,4,0,26,0,29,11,0,40,4,47,15,0,66,0,0,0,66
10/10/2005,AKN,AK,AAL,WE,Federal Contract Tower,0,8,0,0,8,0,25,17,0,42,0,33,17,0,50,0,0,0,50
10/11/2005,AKN,AK,AAL,WE,Federal Contract Tower,4,13,1,0,18,0,38,7,2,47,4,51,8,2,65,0,0,0,65
10/12/2005,AKN,AK,AAL,WE,Federal Contract Tower,2,8,0,4,14,0,33,6,0,39,2,41,6,4,53,0,0,0,53
10/13/2005,AKN,AK,AAL,WE,Federal Contract Tower,5,9,0,0,14,1,24,19,0,44,6,33,19,0,58,10,0,10,68
10/14/2005,AKN,AK,AAL,WE,Federal Contract Tower,0,10,1,0,11,0,41,12,0,53,0,51,13,0,64,0,0,0,64
10/15/2005,AKN,AK,AAL,WE,Federal Contract Tower,2,10,0,0,12,0,34,7,0,41,2,44,7,0,53,0,0,0,53
10/16/2005,AKN,AK,AAL,WE,Federal Contract Tower,4,9,0,0,13,0,26,9,2,37,4,35,9,2,50,0,4,4,54
10/17/2005,AKN,AK,AAL,WE,Federal Contract Tower,2,8,0,0,10,0,23,2,0,25,2,31,2,0,35,0,0,0,35
10/18/2005,AKN,AK,AAL,WE,Federal Contract Tower,4,13,2,0,19,0,40,3,0,43,4,53,5,0,62,0,0,0,62
10/19/2005,AKN,AK,AAL,WE,Federal Contract Tower,2,6,0,1,9,0,38,2,1,41,2,44,2,2,50,0,4,4,54
10/20/2005,AKN,AK,AAL,WE,Federal Contract Tower,5,10,0,4,19,0,12,5,0,17,5,22,5,4,36,0,6,6,42
10/21/2005,AKN,AK,AAL,WE,Federal Contract Tower,0,7,2,2,11,0,34,9,0,43,0,41,11,2,54,0,6,6,60
10/22/2005,AKN,AK,AAL,WE,Federal Contract Tower,6,10,0,0,16,0,42,12,0,54,6,52,12,0,70,0,0,0,70
10/23/2005,AKN,AK,AAL,WE,Federal Contract Tower,4,6,0,0,10,0,32,27,2,61,4,38,27,2,71,0,8,8,79
10/24/2005,AKN,AK,AAL,WE,Federal Contract Tower,0,0,0,2,2,0,43,19,3,65,0,43,19,5,67,0,22,22,89
10/25/2005,AKN,AK,AAL,WE,Federal Contract Tower,4,14,0,2,20,0,25,27,0,52,4,39,27,2,72,0,10,10,82
10/26/2005,AKN,AK,AAL,WE,Federal Contract Tower,4,8,1,2,15,0,17,12,0,29,4,25,13,2,44,0,0,0,44
10/27/2005,AKN,AK,AAL,WE,Federal Contract Tower,6,6,2,1,15,0,31,15,3,49,6,37,17,4,64,12,26,38,102
10/28/2005,AKN,AK,AAL,WE,Federal Contract Tower,0,8,0,0,8,0,33,20,0,53,0,41,20,0,61,12,0,12,73
10/29/2005,AKN,AK,AAL,WE,Federal Contract Tower,2,10,0,1,13,0,16,12,3,31,2,26,12,4,44,0,6,6,50
10/30/2005,AKN,AK,AAL,WE,Federal Contract Tower,4,6,2,2,14,0,22,2,0,24,4,28,4,2,38,0,0,0,38
10/31/2005,AKN,AK,AAL,WE,Federal Contract Tower,0,5,0,2,7,0,15,4,0,19,0,20,4,2,26,0,16,16,42
11/01/2005,AKN,AK,AAL,WE,Federal Contract Tower,6,10,0,3,19,0,20,0,0,20,6,30,0,3,39,0,8,8,47
11/02/2005,AKN,AK,AAL,WE,Federal Contract Tower,0,29,0,0,29,0,5,1,0,6,0,34,1,0,35,0,0,0,35
11/03/2005,AKN,AK,AAL,WE,Federal Contract Tower,9,8,0,0,17,1,35,2,0,38,10,43,2,0,55,0,0,0,55
11/04/2005,AKN,AK,AAL,WE,Federal Contract Tower,2,8,0,3,13,0,27,1,1,29,2,35,1,4,42,0,14,14,56
11/05/2005,AKN,AK,AAL,WE,Federal Contract Tower,2,8,0,0,10,0,23,1,0,24,2,31,1,0,34,0,0,0,34
11/06/2005,AKN,AK,AAL,WE,Federal Contract Tower,3,9,0,0,12,0,22,0,0,22,3,31,0,0,34,0,0,0,34
11/07/2005,AKN,AK,AAL,WE,Federal Contract Tower,0,8,0,0,8,0,21,2,0,23,0,29,2,0,31,4,0,4,35
11/08/2005,AKN,AK,AAL,WE,Federal Contract Tower,4,24,1,2,31,0,6,0,0,6,4,30,1,2,37,0,0,0,37
11/09/2005,AKN,AK,AAL,WE,Federal Contract Tower,2,18,0,0,20,0,4,0,0,4,2,22,0,0,24,0,0,0,24
11/10/2005,AKN,AK,AAL,WE,Federal Contract Tower,6,10,1,0,17,0,27,4,0,31,6,37,5,0,48,0,0,0,48
11/11/2005,AKN,AK,AAL,WE,Federal Contract Tower,4,10,1,0,15,0,30,6,0,36,4,40,7,0,51,0,0,0,51
11/12/2005,AKN,AK,AAL,WE,Federal Contract Tower,2,11,0,0,13,0,25,10,0,35,2,36,10,0,48,0,0,0,48
11/13/2005,AKN,AK,AAL,WE,Federal Contract Tower,4,13,1,0,18,0,30,13,0,43,4,43,14,0,61,0,0,0,61
11/14/2005,AKN,AK,AAL,WE,Federal Contract Tower,0,7,0,2,9,0,36,10,0,46,0,43,10,2,55,0,0,0,55
11/15/2005,AKN,AK,AAL,WE,Federal Contract Tower,3,14,2,2,21,1,17,5,1,24,4,31,7,3,45,12,20,32,77
11/16/2005,AKN,AK,AAL,WE,Federal Contract Tower,2,18,0,0,20,0,5,1,0,6,2,23,1,0,26,0,0,0,26
11/17/2005,AKN,AK,AAL,WE,Federal Contract Tower,7,15,0,0,22,0,23,3,0,26,7,38,3,0,48,0,0,0,48
11/18/2005,AKN,AK,AAL,WE,Federal Contract Tower,0,24,0,0,24,0,7,0,0,7,0,31,0,0,31,0,0,0,31
11/19/2005,AKN,AK,AAL,WE,Federal Contract Tower,0,12,0,0,12,0,23,0,0,23,0,35,0,0,35,0,0,0,35
11/20/2005,AKN,AK,AAL,WE,Federal Contract Tower,4,8,0,0,12,0,31,0,0,31,4,39,0,0,43,0,0,0,43
11/21/2005,AKN,AK,AAL,WE,Federal Contract Tower,4,5,1,6,16,0,10,2,0,12,4,15,3,6,28,0,10,10,38
11/22/2005,AKN,AK,AAL,WE,Federal Contract Tower,2,9,0,0,11,0,35,8,0,43,2,44,8,0,54,0,2,2,56
11/23/2005,AKN,AK,AAL,WE,Federal Contract Tower,6,19,0,0,25,0,7,5,2,14,6,26,5,2,39,0,6,6,45
11/24/2005,AKN,AK,AAL,WE,Federal Contract Tower,0,0,0,0,0,0,0,0,0,0,0,0,0,0,0,0,0,0,0
11/25/2005,AKN,AK,AAL,WE,Federal Contract Tower,2,11,0,0,13,0,14,2,0,16,2,25,2,0,29,0,0,0,29
11/26/2005,AKN,AK,AAL,WE,Federal Contract Tower,4,8,0,0,12,0,19,6,0,25,4,27,6,0,37,0,0,0,37
11/27/2005,AKN,AK,AAL,WE,Federal Contract Tower,4,10,1,0,15,0,16,3,0,19,4,26,4,0,34,0,0,0,34
11/28/2005,AKN,AK,AAL,WE,Federal Contract Tower,0,16,3,0,19,0,6,3,0,9,0,22,6,0,28,2,0,2,30
11/29/2005,AKN,AK,AAL,WE,Federal Contract Tower,2,18,2,2,24,0,0,0,0,0,2,18,2,2,24,0,0,0,24
11/30/2005,AKN,AK,AAL,WE,Federal Contract Tower,2,13,0,0,15,0,31,2,0,33,2,44,2,0,48,0,8,8,56
12/01/2005,AKN,AK,AAL,WE,Federal Contract Tower,8,15,0,2,25,0,38,8,0,46,8,53,8,2,71,0,8,8,79
12/02/2005,AKN,AK,AAL,WE,Federal Contract Tower,2,10,1,2,15,0,17,7,0,24,2,27,8,2,39,0,14,14,53
12/03/2005,AKN,AK,AAL,WE,Federal Contract Tower,2,10,0,0,12,0,40,6,0,46,2,50,6,0,58,0,0,0,58
12/04/2005,AKN,AK,AAL,WE,Federal Contract Tower,2,19,1,0,22,0,12,1,0,13,2,31,2,0,35,0,0,0,35
12/05/2005,AKN,AK,AAL,WE,Federal Contract Tower,0,8,0,2,10,0,17,1,0,18,0,25,1,2,28,2,2,4,32
12/06/2005,AKN,AK,AAL,WE,Federal Contract Tower,2,10,0,3,15,0,10,2,1,13,2,20,2,4,28,0,0,0,28
12/07/2005,AKN,AK,AAL,WE,Federal Contract Tower,2,12,2,2,18,0,17,2,6,25,2,29,4,8,43,8,8,16,59
12/08/2005,AKN,AK,AAL,WE,Federal Contract Tower,4,12,0,2,18,0,21,2,2,25,4,33,2,4,43,0,6,6,49
12/09/2005,AKN,AK,AAL,WE,Federal Contract Tower,2,15,0,2,19,0,20,6,0,26,2,35,6,2,45,0,0,0,45
12/10/2005,AKN,AK,AAL,WE,Federal Contract Tower,2,15,0,0,17,0,31,9,0,40,2,46,9,0,57,0,0,0,57
12/11/2005,AKN,AK,AAL,WE,Federal Contract Tower,4,10,0,0,14,0,19,2,0,21,4,29,2,0,35,0,0,0,35
12/12/2005,AKN,AK,AAL,WE,Federal Contract Tower,0,17,1,0,18,0,16,3,0,19,0,33,4,0,37,0,0,0,37
12/13/2005,AKN,AK,AAL,WE,Federal Contract Tower,2,14,0,2,18,0,18,2,2,22,2,32,2,4,40,0,0,0,40
12/14/2005,AKN,AK,AAL,WE,Federal Contract Tower,2,11,0,0,13,0,25,2,0,27,2,36,2,0,40,0,0,0,40
12/15/2005,AKN,AK,AAL,WE,Federal Contract Tower,5,11,0,2,18,0,30,2,0,32,5,41,2,2,50,0,0,0,50
12/16/2005,AKN,AK,AAL,WE,Federal Contract Tower,2,20,0,4,26,0,16,0,5,21,2,36,0,9,47,0,6,6,53
12/17/2005,AKN,AK,AAL,WE,Federal Contract Tower,3,9,0,0,12,1,38,3,0,42,4,47,3,0,54,0,0,0,54
12/18/2005,AKN,AK,AAL,WE,Federal Contract Tower,4,12,0,1,17,0,18,4,0,22,4,30,4,1,39,0,10,10,49
12/19/2005,AKN,AK,AAL,WE,Federal Contract Tower,2,8,0,0,10,0,22,0,0,22,2,30,0,0,32,0,0,0,32
12/20/2005,AKN,AK,AAL,WE,Federal Contract Tower,4,9,0,0,13,0,27,2,0,29,4,36,2,0,42,0,0,0,42
12/21/2005,AKN,AK,AAL,WE,Federal Contract Tower,2,12,0,1,15,0,28,6,0,34,2,40,6,1,49,2,0,2,51
12/22/2005,AKN,AK,AAL,WE,Federal Contract Tower,6,9,0,0,15,0,40,2,0,42,6,49,2,0,57,0,0,0,57
12/23/2005,AKN,AK,AAL,WE,Federal Contract Tower,0,11,0,0,11,0,5,0,0,5,0,16,0,0,16,0,0,0,16
12/24/2005,AKN,AK,AAL,WE,Federal Contract Tower,4,9,0,0,13,0,29,2,0,31,4,38,2,0,44,0,0,0,44
12/25/2005,AKN,AK,AAL,WE,Federal Contract Tower,0,0,0,0,0,0,0,0,0,0,0,0,0,0,0,0,0,0,0
12/26/2005,AKN,AK,AAL,WE,Federal Contract Tower,0,8,0,0,8,0,12,2,0,14,0,20,2,0,22,4,0,4,26
12/27/2005,AKN,AK,AAL,WE,Federal Contract Tower,2,14,1,0,17,0,37,2,0,39,2,51,3,0,56,4,0,4,60
12/28/2005,AKN,AK,AAL,WE,Federal Contract Tower,2,15,0,0,17,0,42,2,0,44,2,57,2,0,61,2,0,2,63
12/29/2005,AKN,AK,AAL,WE,Federal Contract Tower,6,17,0,0,23,0,30,2,0,32,6,47,2,0,55,0,0,0,55
12/30/2005,AKN,AK,AAL,WE,Federal Contract Tower,4,13,0,0,17,0,21,0,0,21,4,34,0,0,38,0,0,0,38
12/31/2005,AKN,AK,AAL,WE,Federal Contract Tower,4,5,0,1,10,0,27,0,1,28,4,32,0,2,38,0,10,10,48
01/01/2006,AKN,AK,AAL,WE,Federal Contract Tower,4,0,0,0,4,0,0,5,0,5,4,0,5,0,9,0,0,0,9
01/02/2006,AKN,AK,AAL,WE,Federal Contract Tower,0,7,0,0,7,0,17,3,0,20,0,24,3,0,27,0,0,0,27
01/03/2006,AKN,AK,AAL,WE,Federal Contract Tower,2,12,0,2,16,0,30,5,0,35,2,42,5,2,51,0,10,10,61
01/04/2006,AKN,AK,AAL,WE,Federal Contract Tower,2,15,0,4,21,0,40,4,0,44,2,55,4,4,65,0,8,8,73
01/05/2006,AKN,AK,AAL,WE,Federal Contract Tower,7,18,0,0,25,1,30,2,4,37,8,48,2,4,62,4,4,8,70
01/06/2006,AKN,AK,AAL,WE,Federal Contract Tower,2,16,1,0,19,0,26,7,0,33,2,42,8,0,52,0,0,0,52
01/07/2006,AKN,AK,AAL,WE,Federal Contract Tower,2,15,0,0,17,0,37,0,0,37,2,52,0,0,54,0,0,0,54
01/08/2006,AKN,AK,AAL,WE,Federal Contract Tower,0,5,0,0,5,0,28,2,0,30,0,33,2,0,35,0,0,0,35
01/09/2006,AKN,AK,AAL,WE,Federal Contract Tower,5,6,0,2,13,1,47,8,0,56,6,53,8,2,69,0,10,10,79
01/10/2006,AKN,AK,AAL,WE,Federal Contract Tower,4,19,0,0,23,0,26,0,0,26,4,45,0,0,49,0,0,0,49
01/11/2006,AKN,AK,AAL,WE,Federal Contract Tower,0,13,1,0,14,0,0,0,0,0,0,13,1,0,14,0,0,0,14
01/12/2006,AKN,AK,AAL,WE,Federal Contract Tower,4,28,0,2,34,0,7,0,0,7,4,35,0,2,41,0,0,0,41
01/13/2006,AKN,AK,AAL,WE,Federal Contract Tower,2,13,0,4,19,0,29,4,2,35,2,42,4,6,54,6,8,14,68
01/14/2006,AKN,AK,AAL,WE,Federal Contract Tower,2,20,0,2,24,0,4,0,0,4,2,24,0,2,28,0,2,2,30
01/15/2006,AKN,AK,AAL,WE,Federal Contract Tower,4,5,0,0,9,0,32,8,0,40,4,37,8,0,49,0,0,0,49
01/16/2006,AKN,AK,AAL,WE,Federal Contract Tower,0,11,0,1,12,0,23,2,0,25,0,34,2,1,37,0,0,0,37
01/17/2006,AKN,AK,AAL,WE,Federal Contract Tower,4,12,0,0,16,0,33,0,0,33,4,45,0,0,49,6,0,6,55
01/18/2006,AKN,AK,AAL,WE,Federal Contract Tower,2,16,0,1,19,0,47,0,9,56,2,63,0,10,75,0,10,10,85
01/19/2006,AKN,AK,AAL,WE,Federal Contract Tower,3,11,0,4,18,5,17,0,0,22,8,28,0,4,40,0,50,50,90
01/20/2006,AKN,AK,AAL,WE,Federal Contract Tower,0,9,1,4,14,0,17,0,0,17,0,26,1,4,31,0,0,0,31
01/21/2006,AKN,AK,AAL,WE,Federal Contract Tower,0,12,0,0,12,0,0,0,0,0,0,12,0,0,12,0,0,0,12
01/22/2006,AKN,AK,AAL,WE,Federal Contract Tower,4,19,0,0,23,0,25,0,0,25,4,44,0,0,48,12,0,12,60
01/23/2006,AKN,AK,AAL,WE,Federal Contract Tower,2,13,0,0,15,0,34,2,0,36,2,47,2,0,51,0,0,0,51
01/24/2006,AKN,AK,AAL,WE,Federal Contract Tower,6,15,0,0,21,0,39,0,0,39,6,54,0,0,60,0,30,30,90
01/25/2006,AKN,AK,AAL,WE,Federal Contract Tower,2,18,0,0,20,0,40,0,1,41,2,58,0,1,61,4,18,22,83
01/26/2006,AKN,AK,AAL,WE,Federal Contract Tower,6,27,0,4,37,0,1,0,0,1,6,28,0,4,38,0,2,2,40
01/27/2006,AKN,AK,AAL,WE,Federal Contract Tower,0,14,0,0,14,0,28,0,0,28,0,42,0,0,42,0,0,0,42
01/28/2006,AKN,AK,AAL,WE,Federal Contract Tower,2,9,0,0,11,0,22,0,0,22,2,31,0,0,33,0,0,0,33
01/29/2006,AKN,AK,AAL,WE,Federal Contract Tower,0,11,0,0,11,0,33,0,0,33,0,44,0,0,44,0,0,0,44
01/30/2006,AKN,AK,AAL,WE,Federal Contract Tower,2,8,0,0,10,0,47,0,0,47,2,55,0,0,57,2,0,2,59
01/31/2006,AKN,AK,AAL,WE,Federal Contract Tower,0,8,0,0,8,0,26,0,0,26,0,34,0,0,34,2,0,2,36
02/01/2006,AKN,AK,AAL,WE,Federal Contract Tower,0,10,0,0,10,0,24,5,2,31,0,34,5,2,41,10,10,20,61
02/02/2006,AKN,AK,AAL,WE,Federal Contract Tower,5,11,0,4,20,1,29,1,0,31,6,40,1,4,51,0,0,0,51
02/03/2006,AKN,AK,AAL,WE,Federal Contract Tower,2,9,0,0,11,0,29,4,0,33,2,38,4,0,44,0,0,0,44
02/04/2006,AKN,AK,AAL,WE,Federal Contract Tower,4,13,0,0,17,0,29,0,0,29,4,42,0,0,46,3,0,3,49
02/05/2006,AKN,AK,AAL,WE,Federal Contract Tower,4,6,0,0,10,0,41,8,0,49,4,47,8,0,59,0,0,0,59
02/06/2006,AKN,AK,AAL,WE,Federal Contract Tower,0,12,0,1,13,0,27,1,0,28,0,39,1,1,41,0,46,46,87
02/07/2006,AKN,AK,AAL,WE,Federal Contract Tower,4,14,0,0,18,0,36,4,0,40,4,50,4,0,58,0,0,0,58
02/08/2006,AKN,AK,AAL,WE,Federal Contract Tower,2,17,0,0,19,0,19,4,0,23,2,36,4,0,42,4,0,4,46
02/09/2006,AKN,AK,AAL,WE,Federal Contract Tower,8,15,0,0,23,0,32,0,0,32,8,47,0,0,55,0,0,0,55
02/10/2006,AKN,AK,AAL,WE,Federal Contract Tower,0,11,0,1,12,0,30,0,0,30,0,41,0,1,42,0,12,12,54
02/11/2006,AKN,AK,AAL,WE,Federal Contract Tower,1,18,0,0,19,0,0,0,0,0,1,18,0,0,19,0,0,0,19
02/12/2006,AKN,AK,AAL,WE,Federal Contract Tower,4,18,0,0,22,0,33,0,0,33,4,51,0,0,55,0,0,0,55
02/13/2006,AKN,AK,AAL,WE,Federal Contract Tower,4,13,0,0,17,0,16,0,3,19,4,29,0,3,36,0,13,13,49
02/14/2006,AKN,AK,AAL,WE,Federal Contract Tower,4,15,0,0,19,0,34,0,0,34,4,49,0,0,53,0,0,0,53
02/15/2006,AKN,AK,AAL,WE,Federal Contract Tower,6,11,0,1,18,0,26,0,1,27,6,37,0,2,45,6,0,6,51
02/16/2006,AKN,AK,AAL,WE,Federal Contract Tower,7,10,0,2,19,0,36,6,2,44,7,46,6,4,63,4,14,18,81
02/17/2006,AKN,AK,AAL,WE,Federal Contract Tower,3,10,0,0,13,0,34,1,0,35,3,44,1,0,48,2,0,2,50
02/18/2006,AKN,AK,AAL,WE,Federal Contract Tower,0,10,0,0,10,0,23,2,0,25,0,33,2,0,35,0,0,0,35
02/19/2006,AKN,AK,AAL,WE,Federal Contract Tower,4,9,0,0,13,0,34,6,0,40,4,43,6,0,53,0,0,0,53
02/20/2006,AKN,AK,AAL,WE,Federal Contract Tower,4,17,0,0,21,0,6,2,0,8,4,23,2,0,29,0,0,0,29
02/21/2006,AKN,AK,AAL,WE,Federal Contract Tower,6,8,0,4,18,0,53,4,0,57,6,61,4,4,75,4,36,40,115
02/22/2006,AKN,AK,AAL,WE,Federal Contract Tower,0,26,3,2,31,0,6,0,0,6,0,32,3,2,37,0,0,0,37
02/23/2006,AKN,AK,AAL,WE,Federal Contract Tower,6,10,0,0,16,0,29,0,0,29,6,39,0,0,45,2,0,2,47
02/24/2006,AKN,AK,AAL,WE,Federal Contract Tower,2,3,0,0,5,0,39,9,0,48,2,42,9,0,53,0,0,0,53
02/25/2006,AKN,AK,AAL,WE,Federal Contract Tower,0,12,0,0,12,0,19,0,0,19,0,31,0,0,31,0,0,0,31
02/26/2006,AKN,AK,AAL,WE,Federal Contract Tower,4,11,1,0,16,0,15,5,0,20,4,26,6,0,36,0,0,0,36
02/27/2006,AKN,AK,AAL,WE,Federal Contract Tower,2,6,0,0,8,0,19,2,0,21,2,25,2,0,29,0,0,0,29
02/28/2006,AKN,AK,AAL,WE,Federal Contract Tower,4,7,0,4,15,0,31,6,0,37,4,38,6,4,52,2,38,40,92
03/01/2006,AKN,AK,AAL,WE,Federal Contract Tower,6,5,0,0,11,0,30,18,0,48,6,35,18,0,59,8,4,12,71
03/02/2006,AKN,AK,AAL,WE,Federal Contract Tower,3,9,0,0,12,0,7,0,0,7,3,16,0,0,19,14,0,14,33
03/03/2006,AKN,AK,AAL,WE,Federal Contract Tower,4,8,0,0,12,0,46,4,0,50,4,54,4,0,62,0,0,0,62
03/04/2006,AKN,AK,AAL,WE,Federal Contract Tower,0,13,0,0,13,0,20,0,0,20,0,33,0,0,33,0,0,0,33
03/05/2006,AKN,AK,AAL,WE,Federal Contract Tower,4,7,1,0,12,0,34,3,0,37,4,41,4,0,49,0,0,0,49
03/06/2006,AKN,AK,AAL,WE,Federal Contract Tower,4,6,0,5,15,0,38,7,0,45,4,44,7,5,60,2,12,14,74
03/07/2006,AKN,AK,AAL,WE,Federal Contract Tower,8,5,0,2,15,0,45,2,0,47,8,50,2,2,62,0,12,12,74
03/08/2006,AKN,AK,AAL,WE,Federal Contract Tower,2,11,0,6,19,0,24,4,0,28,2,35,4,6,47,2,20,22,69
03/09/2006,AKN,AK,AAL,WE,Federal Contract Tower,6,6,0,0,12,0,29,3,0,32,6,35,3,0,44,6,0,6,50
03/10/2006,AKN,AK,AAL,WE,Federal Contract Tower,2,11,0,0,13,0,41,13,0,54,2,52,13,0,67,25,0,25,92
03/11/2006,AKN,AK,AAL,WE,Federal Contract Tower,4,10,0,0,14,0,25,0,0,25,4,35,0,0,39,0,0,0,39
03/12/2006,AKN,AK,AAL,WE,Federal Contract Tower,6,23,0,0,29,0,27,6,0,33,6,50,6,0,62,0,0,0,62
03/13/2006,AKN,AK,AAL,WE,Federal Contract Tower,0,13,2,4,19,0,38,3,0,41,0,51,5,4,60,8,0,8,68
03/14/2006,AKN,AK,AAL,WE,Federal Contract Tower,2,9,0,0,11,0,38,2,2,42,2,47,2,2,53,0,18,18,71
03/15/2006,AKN,AK,AAL,WE,Federal Contract Tower,6,12,0,0,18,0,20,8,0,28,6,32,8,0,46,0,0,0,46
03/16/2006,AKN,AK,AAL,WE,Federal Contract Tower,4,6,0,0,10,0,39,16,0,55,4,45,16,0,65,0,0,0,65
03/17/2006,AKN,AK,AAL,WE,Federal Contract Tower,4,20,3,2,29,0,17,1,0,18,4,37,4,2,47,0,0,0,47
03/18/2006,AKN,AK,AAL,WE,Federal Contract Tower,4,10,0,2,16,0,43,11,0,54,4,53,11,2,70,0,0,0,70
03/19/2006,AKN,AK,AAL,WE,Federal Contract Tower,4,14,0,0,18,0,19,0,0,19,4,33,0,0,37,0,0,0,37
03/20/2006,AKN,AK,AAL,WE,Federal Contract Tower,2,8,0,4,14,0,59,10,0,69,2,67,10,4,83,0,34,34,117
03/21/2006,AKN,AK,AAL,WE,Federal Contract Tower,3,7,0,1,11,1,40,19,3,63,4,47,19,4,74,8,46,54,128
03/22/2006,AKN,AK,AAL,WE,Federal Contract Tower,3,6,0,2,11,1,62,10,0,73,4,68,10,2,84,0,0,0,84
03/23/2006,AKN,AK,AAL,WE,Federal Contract Tower,6,7,0,1,14,0,47,8,1,56,6,54,8,2,70,0,30,30,100
03/24/2006,AKN,AK,AAL,WE,Federal Contract Tower,0,8,0,3,11,0,33,4,0,37,0,41,4,3,48,0,4,4,52
03/25/2006,AKN,AK,AAL,WE,Federal Contract Tower,6,14,0,2,22,0,29,10,0,39,6,43,10,2,61,20,23,43,104
03/26/2006,AKN,AK,AAL,WE,Federal Contract Tower,4,6,0,2,12,0,39,4,0,43,4,45,4,2,55,8,21,29,84
03/27/2006,AKN,AK,AAL,WE,Federal Contract Tower,0,8,0,2,10,0,42,6,0,48,0,50,6,2,58,24,40,64,122
03/28/2006,AKN,AK,AAL,WE,Federal Contract Tower,5,11,1,2,19,1,46,5,0,52,6,57,6,2,71,0,5,5,76
03/29/2006,AKN,AK,AAL,WE,Federal Contract Tower,4,11,0,4,19,0,58,4,1,63,4,69,4,5,82,14,12,26,108
03/30/2006,AKN,AK,AAL,WE,Federal Contract Tower,8,14,0,0,22,0,29,0,0,29,8,43,0,0,51,4,0,4,55
03/31/2006,AKN,AK,AAL,WE,Federal Contract Tower,4,8,0,0,12,0,26,4,0,30,4,34,4,0,42,0,0,0,42
04/01/2006,AKN,AK,AAL,WE,Federal Contract Tower,2,14,0,0,16,0,33,11,0,44,2,47,11,0,60,0,0,0,60
04/02/2006,AKN,AK,AAL,WE,Federal Contract Tower,2,19,0,0,21,0,34,8,0,42,2,53,8,0,63,0,0,0,63
04/03/2006,AKN,AK,AAL,WE,Federal Contract Tower,0,13,2,0,15,0,31,1,0,32,0,44,3,0,47,0,0,0,47
04/04/2006,AKN,AK,AAL,WE,Federal Contract Tower,4,13,0,0,17,0,63,7,0,70,4,76,7,0,87,0,0,0,87
04/05/2006,AKN,AK,AAL,WE,Federal Contract Tower,2,9,0,2,13,0,66,3,0,69,2,75,3,2,82,0,0,0,82
04/06/2006,AKN,AK,AAL,WE,Federal Contract Tower,8,12,0,0,20,0,33,18,0,51,8,45,18,0,71,0,0,0,71
04/07/2006,AKN,AK,AAL,WE,Federal Contract Tower,0,12,0,0,12,0,59,10,0,69,0,71,10,0,81,0,0,0,81
04/08/2006,AKN,AK,AAL,WE,Federal Contract Tower,6,12,1,0,19,0,36,10,0,46,6,48,11,0,65,0,0,0,65
04/09/2006,AKN,AK,AAL,WE,Federal Contract Tower,3,14,0,0,17,0,31,2,0,33,3,45,2,0,50,0,0,0,50
04/10/2006,AKN,AK,AAL,WE,Federal Contract Tower,0,9,2,0,11,0,46,11,0,57,0,55,13,0,68,0,0,0,68
04/11/2006,AKN,AK,AAL,WE,Federal Contract Tower,4,17,2,1,24,0,25,4,1,30,4,42,6,2,54,0,0,0,54
04/12/2006,AKN,AK,AAL,WE,Federal Contract Tower,0,39,8,2,49,0,0,0,0,0,0,39,8,2,49,0,0,0,49
04/13/2006,AKN,AK,AAL,WE,Federal Contract Tower,10,12,0,0,22,0,38,12,0,50,10,50,12,0,72,0,0,0,72
04/14/2006,AKN,AK,AAL,WE,Federal Contract Tower,1,14,5,0,20,0,43,11,0,54,1,57,16,0,74,0,0,0,74
04/15/2006,AKN,AK,AAL,WE,Federal Contract Tower,3,5,2,1,11,0,47,18,0,65,3,52,20,1,76,0,3,3,79
04/16/2006,AKN,AK,AAL,WE,Federal Contract Tower,2,6,1,0,9,0,0,0,0,0,2,6,1,0,9,0,0,0,9
04/17/2006,AKN,AK,AAL,WE,Federal Contract Tower,0,10,4,2,16,0,41,27,0,68,0,51,31,2,84,0,36,36,120
04/18/2006,AKN,AK,AAL,WE,Federal Contract Tower,2,11,0,0,13,0,60,41,0,101,2,71,41,0,114,10,11,21,135
04/19/2006,AKN,AK,AAL,WE,Federal Contract Tower,2,11,0,4,17,0,54,12,0,66,2,65,12,4,83,0,20,20,103
04/20/2006,AKN,AK,AAL,WE,Federal Contract Tower,7,12,2,1,22,1,28,2,0,31,8,40,4,1,53,0,11,11,64
04/21/2006,AKN,AK,AAL,WE,Federal Contract Tower,0,36,3,0,39,0,32,3,0,35,0,68,6,0,74,0,0,0,74
04/22/2006,AKN,AK,AAL,WE,Federal Contract Tower,2,15,0,0,17,0,33,16,0,49,2,48,16,0,66,0,0,0,66
04/23/2006,AKN,AK,AAL,WE,Federal Contract Tower,4,8,3,0,15,0,36,7,0,43,4,44,10,0,58,0,0,0,58
04/24/2006,AKN,AK,AAL,WE,Federal Contract Tower,0,24,2,2,28,0,41,9,1,51,0,65,11,3,79,0,0,0,79
04/25/2006,AKN,AK,AAL,WE,Federal Contract Tower,4,15,0,3,22,0,57,19,0,76,4,72,19,3,98,4,20,24,122
04/26/2006,AKN,AK,AAL,WE,Federal Contract Tower,4,13,0,4,21,0,60,23,0,83,4,73,23,4,104,0,36,36,140
04/27/2006,AKN,AK,AAL,WE,Federal Contract Tower,6,8,0,3,17,0,58,32,16,106,6,66,32,19,123,0,0,0,123
04/28/2006,AKN,AK,AAL,WE,Federal Contract Tower,2,6,0,5,13,0,34,37,4,75,2,40,37,9,88,4,6,10,98
04/29/2006,AKN,AK,AAL,WE,Federal Contract Tower,4,11,0,0,15,0,45,36,0,81,4,56,36,0,96,2,0,2,98
04/30/2006,AKN,AK,AAL,WE,Federal Contract Tower,4,8,0,0,12,0,52,35,0,87,4,60,35,0,99,0,0,0,99
05/01/2006,AKN,AK,AAL,WE,Federal Contract Tower,3,9,1,0,13,0,56,24,0,80,3,65,25,0,93,10,0,10,103
05/02/2006,AKN,AK,AAL,WE,Federal Contract Tower,4,12,0,0,16,0,75,40,0,115,4,87,40,0,131,18,0,18,149
05/03/2006,AKN,AK,AAL,WE,Federal Contract Tower,4,8,0,1,13,0,60,45,1,106,4,68,45,2,119,0,0,0,119
05/04/2006,AKN,AK,AAL,WE,Federal Contract Tower,7,29,1,0,37,0,39,18,0,57,7,68,19,0,94,0,0,0,94
05/05/2006,AKN,AK,AAL,WE,Federal Contract Tower,2,4,0,0,6,0,56,14,0,70,2,60,14,0,76,0,0,0,76
05/06/2006,AKN,AK,AAL,WE,Federal Contract Tower,6,13,0,0,19,0,70,20,0,90,6,83,20,0,109,0,0,0,109
05/07/2006,AKN,AK,AAL,WE,Federal Contract Tower,4,15,0,0,19,0,76,36,0,112,4,91,36,0,131,0,0,0,131
05/08/2006,AKN,AK,AAL,WE,Federal Contract Tower,2,20,0,4,26,0,88,74,0,162,2,108,74,4,188,20,0,20,208
05/09/2006,AKN,AK,AAL,WE,Federal Contract Tower,4,24,2,0,30,0,84,40,4,128,4,108,42,4,158,2,0,2,160
05/10/2006,AKN,AK,AAL,WE,Federal Contract Tower,2,15,2,3,22,0,80,34,3,117,2,95,36,6,139,0,44,44,183
05/11/2006,AKN,AK,AAL,WE,Federal Contract Tower,7,33,6,0,46,1,40,8,0,49,8,73,14,0,95,0,0,0,95
05/12/2006,AKN,AK,AAL,WE,Federal Contract Tower,2,14,0,0,16,0,64,19,0,83,2,78,19,0,99,0,0,0,99
05/13/2006,AKN,AK,AAL,WE,Federal Contract Tower,6,18,4,0,28,0,51,21,0,72,6,69,25,0,100,0,0,0,100
05/14/2006,AKN,AK,AAL,WE,Federal Contract Tower,4,6,0,0,10,0,67,42,0,109,4,73,42,0,119,0,0,0,119
05/15/2006,AKN,AK,AAL,WE,Federal Contract Tower,3,10,0,0,13,1,73,41,0,115,4,83,41,0,128,0,0,0,128
05/16/2006,AKN,AK,AAL,WE,Federal Contract Tower,6,12,1,1,20,0,112,28,1,141,6,124,29,2,161,28,22,50,211
05/17/2006,AKN,AK,AAL,WE,Federal Contract Tower,2,12,0,2,16,0,90,21,0,111,2,102,21,2,127,0,0,0,127
05/18/2006,AKN,AK,AAL,WE,Federal Contract Tower,6,27,5,0,38,0,37,24,0,61,6,64,29,0,99,0,0,0,99
05/19/2006,AKN,AK,AAL,WE,Federal Contract Tower,2,13,0,0,15,0,90,14,0,104,2,103,14,0,119,0,0,0,119
05/20/2006,AKN,AK,AAL,WE,Federal Contract Tower,6,10,0,0,16,0,59,12,0,71,6,69,12,0,87,0,0,0,87
05/21/2006,AKN,AK,AAL,WE,Federal Contract Tower,5,7,0,0,12,0,78,22,0,100,5,85,22,0,112,0,0,0,112
05/22/2006,AKN,AK,AAL,WE,Federal Contract Tower,2,9,0,0,11,0,112,32,1,145,2,121,32,1,156,4,35,39,195
05/23/2006,AKN,AK,AAL,WE,Federal Contract Tower,6,10,0,0,16,0,77,49,0,126,6,87,49,0,142,0,0,0,142
05/24/2006,AKN,AK,AAL,WE,Federal Contract Tower,6,10,0,0,16,0,117,52,2,171,6,127,52,2,187,6,10,16,203
05/25/2006,AKN,AK,AAL,WE,Federal Contract Tower,7,11,0,0,18,2,84,29,4,119,9,95,29,4,137,0,0,0,137
05/26/2006,AKN,AK,AAL,WE,Federal Contract Tower,8,21,1,0,30,1,166,87,3,257,9,187,88,3,287,8,0,8,295
05/27/2006,AKN,AK,AAL,WE,Federal Contract Tower,5,10,0,0,15,0,105,49,7,161,5,115,49,7,176,0,0,0,176
05/28/2006,AKN,AK,AAL,WE,Federal Contract Tower,4,12,0,0,16,0,108,53,4,165,4,120,53,4,181,0,0,0,181
05/29/2006,AKN,AK,AAL,WE,Federal Contract Tower,4,5,0,0,9,0,85,59,0,144,4,90,59,0,153,4,0,4,157
05/30/2006,AKN,AK,AAL,WE,Federal Contract Tower,4,20,2,0,26,0,98,26,0,124,4,118,28,0,150,8,0,8,158
05/31/2006,AKN,AK,AAL,WE,Federal Contract Tower,0,2,21,0,23,0,98,9,0,107,0,100,30,0,130,0,2,2,132
06/01/2006,AKN,AK,AAL,WE,Federal Contract Tower,8,27,4,2,41,0,82,26,2,110,8,109,30,4,151,6,12,18,169
06/02/2006,AKN,AK,AAL,WE,Federal Contract Tower,8,29,0,0,37,0,58,43,0,101,8,87,43,0,138,0,0,0,138
06/03/2006,AKN,AK,AAL,WE,Federal Contract Tower,6,30,1,0,37,0,65,24,0,89,6,95,25,0,126,0,0,0,126
06/04/2006,AKN,AK,AAL,WE,Federal Contract Tower,8,20,0,2,30,0,98,51,0,149,8,118,51,2,179,21,0,21,200
06/05/2006,AKN,AK,AAL,WE,Federal Contract Tower,3,23,0,3,29,0,117,44,10,171,3,140,44,13,200,0,0,0,200
06/06/2006,AKN,AK,AAL,WE,Federal Contract Tower,8,22,0,2,32,0,152,35,6,193,8,174,35,8,225,14,4,18,243
06/07/2006,AKN,AK,AAL,WE,Federal Contract Tower,6,25,0,4,35,0,191,42,0,233,6,216,42,4,268,16,18,34,302
06/08/2006,AKN,AK,AAL,WE,Federal Contract Tower,17,27,0,4,48,0,143,39,0,182,17,170,39,4,230,0,0,0,230
06/09/2006,AKN,AK,AAL,WE,Federal Contract Tower,4,19,0,7,30,0,105,22,2,129,4,124,22,9,159,0,18,18,177
06/10/2006,AKN,AK,AAL,WE,Federal Contract Tower,8,36,0,0,44,0,188,51,0,239,8,224,51,0,283,0,0,0,283
06/11/2006,AKN,AK,AAL,WE,Federal Contract Tower,8,16,2,0,26,1,112,12,0,125,9,128,14,0,151,2,0,2,153
06/12/2006,AKN,AK,AAL,WE,Federal Contract Tower,5,26,2,0,33,0,130,48,0,178,5,156,50,0,211,0,0,0,211
06/13/2006,AKN,AK,AAL,WE,Federal Contract Tower,8,23,0,4,35,0,154,50,2,206,8,177,50,6,241,18,10,28,269
06/14/2006,AKN,AK,AAL,WE,Federal Contract Tower,4,24,0,0,28,0,200,72,0,272,4,224,72,0,300,28,0,28,328
06/15/2006,AKN,AK,AAL,WE,Federal Contract Tower,17,21,2,0,40,1,152,46,2,201,18,173,48,2,241,34,0,34,275
06/16/2006,AKN,AK,AAL,WE,Federal Contract Tower,2,80,6,2,90,0,76,26,0,102,2,156,32,2,192,0,0,0,192
06/17/2006,AKN,AK,AAL,WE,Federal Contract Tower,6,38,1,0,45,0,140,70,0,210,6,178,71,0,255,0,0,0,255
06/18/2006,AKN,AK,AAL,WE,Federal Contract Tower,6,22,2,0,30,0,168,50,0,218,6,190,52,0,248,10,0,10,258
06/19/2006,AKN,AK,AAL,WE,Federal Contract Tower,1,26,1,1,29,0,141,57,1,199,1,167,58,2,228,0,0,0,228
06/20/2006,AKN,AK,AAL,WE,Federal Contract Tower,6,31,0,1,38,0,225,75,9,309,6,256,75,10,347,0,18,18,365
06/21/2006,AKN,AK,AAL,WE,Federal Contract Tower,4,22,0,0,26,0,205,61,0,266,4,227,61,0,292,0,0,0,292
06/22/2006,AKN,AK,AAL,WE,Federal Contract Tower,11,33,1,0,45,1,130,36,0,167,12,163,37,0,212,0,0,0,212
06/23/2006,AKN,AK,AAL,WE,Federal Contract Tower,8,35,3,1,47,0,114,77,0,191,8,149,80,1,238,0,10,10,248
06/24/2006,AKN,AK,AAL,WE,Federal Contract Tower,6,37,0,0,43,3,203,60,0,266,9,240,60,0,309,0,0,0,309
06/25/2006,AKN,AK,AAL,WE,Federal Contract Tower,6,49,12,0,67,0,124,54,0,178,6,173,66,0,245,16,0,16,261
06/26/2006,AKN,AK,AAL,WE,Federal Contract Tower,4,26,0,0,30,0,229,70,1,300,4,255,70,1,330,24,31,55,385
06/27/2006,AKN,AK,AAL,WE,Federal Contract Tower,10,46,0,0,56,0,234,57,0,291,10,280,57,0,347,0,0,0,347
06/28/2006,AKN,AK,AAL,WE,Federal Contract Tower,8,36,9,2,55,0,167,66,0,233,8,203,75,2,288,0,0,0,288
06/29/2006,AKN,AK,AAL,WE,Federal Contract Tower,14,32,4,0,50,0,154,51,0,205,14,186,55,0,255,0,0,0,255
06/30/2006,AKN,AK,AAL,WE,Federal Contract Tower,8,57,7,0,72,0,116,42,0,158,8,173,49,0,230,0,0,0,230
07/01/2006,AKN,AK,AAL,WE,Federal Contract Tower,3,61,10,0,74,0,143,38,0,181,3,204,48,0,255,0,0,0,255
07/02/2006,AKN,AK,AAL,WE,Federal Contract Tower,10,44,11,0,65,0,136,18,0,154,10,180,29,0,219,0,0,0,219
07/03/2006,AKN,AK,AAL,WE,Federal Contract Tower,2,24,21,0,47,0,232,108,0,340,2,256,129,0,387,0,0,0,387
07/04/2006,AKN,AK,AAL,WE,Federal Contract Tower,7,31,2,0,40,0,164,46,0,210,7,195,48,0,250,0,0,0,250
07/05/2006,AKN,AK,AAL,WE,Federal Contract Tower,12,27,2,1,42,0,157,70,3,230,12,184,72,4,272,0,0,0,272
07/06/2006,AKN,AK,AAL,WE,Federal Contract Tower,17,29,3,0,49,1,158,68,0,227,18,187,71,0,276,4,0,4,280
07/07/2006,AKN,AK,AAL,WE,Federal Contract Tower,8,108,17,0,133,0,56,23,0,79,8,164,40,0,212,0,0,0,212
07/08/2006,AKN,AK,AAL,WE,Federal Contract Tower,9,35,16,6,66,0,142,35,0,177,9,177,51,6,243,0,0,0,243
07/09/2006,AKN,AK,AAL,WE,Federal Contract Tower,9,23,2,0,34,0,178,48,0,226,9,201,50,0,260,0,0,0,260
07/10/2006,AKN,AK,AAL,WE,Federal Contract Tower,6,20,0,0,26,0,168,60,0,228,6,188,60,0,254,0,0,0,254
07/11/2006,AKN,AK,AAL,WE,Federal Contract Tower,8,19,1,0,28,2,119,27,0,148,10,138,28,0,176,0,0,0,176
07/12/2006,AKN,AK,AAL,WE,Federal Contract Tower,10,21,1,2,34,2,183,74,0,259,12,204,75,2,293,0,0,0,293
07/13/2006,AKN,AK,AAL,WE,Federal Contract Tower,17,101,7,1,126,0,74,25,0,99,17,175,32,1,225,0,0,0,225
07/14/2006,AKN,AK,AAL,WE,Federal Contract Tower,12,59,17,2,90,0,108,42,0,150,12,167,59,2,240,6,0,6,246
07/15/2006,AKN,AK,AAL,WE,Federal Contract Tower,12,43,1,0,56,1,125,30,0,156,13,168,31,0,212,2,0,2,214
07/16/2006,AKN,AK,AAL,WE,Federal Contract Tower,6,19,1,0,26,0,140,36,2,178,6,159,37,2,204,0,0,0,204
07/17/2006,AKN,AK,AAL,WE,Federal Contract Tower,4,32,0,5,41,0,180,23,4,207,4,212,23,9,248,4,14,18,266
07/18/2006,AKN,AK,AAL,WE,Federal Contract Tower,10,34,0,2,46,1,155,49,0,205,11,189,49,2,251,12,0,12,263
07/19/2006,AKN,AK,AAL,WE,Federal Contract Tower,4,29,0,1,34,2,181,59,1,243,6,210,59,2,277,0,0,0,277
07/20/2006,AKN,AK,AAL,WE,Federal Contract Tower,11,29,3,0,43,0,169,45,0,214,11,198,48,0,257,2,0,2,259
07/21/2006,AKN,AK,AAL,WE,Federal Contract Tower,8,29,2,0,39,0,169,53,0,222,8,198,55,0,261,2,0,2,263
07/22/2006,AKN,AK,AAL,WE,Federal Contract Tower,10,32,1,2,45,0,198,58,2,258,10,230,59,4,303,6,8,14,317
07/23/2006,AKN,AK,AAL,WE,Federal Contract Tower,12,34,6,2,54,0,172,31,0,203,12,206,37,2,257,0,0,0,257
07/24/2006,AKN,AK,AAL,WE,Federal Contract Tower,6,22,2,5,35,1,140,57,9,207,7,162,59,14,242,0,0,0,242
07/25/2006,AKN,AK,AAL,WE,Federal Contract Tower,12,55,1,14,82,0,106,39,0,145,12,161,40,14,227,0,0,0,227
07/26/2006,AKN,AK,AAL,WE,Federal Contract Tower,2,36,2,13,53,0,113,46,0,159,2,149,48,13,212,9,6,15,227
07/27/2006,AKN,AK,AAL,WE,Federal Contract Tower,14,26,2,4,46,0,98,20,0,118,14,124,22,4,164,2,0,2,166
07/28/2006,AKN,AK,AAL,WE,Federal Contract Tower,4,34,10,12,60,0,123,56,3,182,4,157,66,15,242,0,0,0,242
07/29/2006,AKN,AK,AAL,WE,Federal Contract Tower,5,47,3,1,56,0,128,24,0,152,5,175,27,1,208,4,0,4,212
07/30/2006,AKN,AK,AAL,WE,Federal Contract Tower,8,46,6,2,62,0,112,23,0,135,8,158,29,2,197,0,0,0,197
07/31/2006,AKN,AK,AAL,WE,Federal Contract Tower,2,18,0,0,20,0,91,32,2,125,2,109,32,2,145,8,0,8,153
08/01/2006,AKN,AK,AAL,WE,Federal Contract Tower,8,70,1,4,83,0,49,31,2,82,8,119,32,6,165,0,0,0,165
08/02/2006,AKN,AK,AAL,WE,Federal Contract Tower,2,15,0,0,17,0,82,41,0,123,2,97,41,0,140,0,0,0,140
08/03/2006,AKN,AK,AAL,WE,Federal Contract Tower,7,11,2,0,20,1,114,26,5,146,8,125,28,5,166,0,0,0,166
08/04/2006,AKN,AK,AAL,WE,Federal Contract Tower,4,19,0,2,25,0,103,37,0,140,4,122,37,2,165,0,0,0,165
08/05/2006,AKN,AK,AAL,WE,Federal Contract Tower,6,24,7,0,37,0,85,12,4,101,6,109,19,4,138,0,0,0,138
08/06/2006,AKN,AK,AAL,WE,Federal Contract Tower,4,24,6,4,38,0,52,10,0,62,4,76,16,4,100,0,0,0,100
08/07/2006,AKN,AK,AAL,WE,Federal Contract Tower,2,28,9,3,42,0,67,14,0,81,2,95,23,3,123,0,0,0,123
08/08/2006,AKN,AK,AAL,WE,Federal Contract Tower,4,42,3,3,52,0,40,27,1,68,4,82,30,4,120,0,0,0,120
08/09/2006,AKN,AK,AAL,WE,Federal Contract Tower,4,32,3,1,40,0,39,33,1,73,4,71,36,2,113,0,0,0,113
08/10/2006,AKN,AK,AAL,WE,Federal Contract Tower,14,13,0,2,29,0,95,42,0,137,14,108,42,2,166,0,0,0,166
08/11/2006,AKN,AK,AAL,WE,Federal Contract Tower,4,84,14,2,104,0,4,0,0,4,4,88,14,2,108,0,0,0,108
08/12/2006,AKN,AK,AAL,WE,Federal Contract Tower,4,19,1,0,24,0,56,20,0,76,4,75,21,0,100,0,0,0,100
08/13/2006,AKN,AK,AAL,WE,Federal Contract Tower,4,45,1,0,50,0,50,6,0,56,4,95,7,0,106,0,0,0,106
08/14/2006,AKN,AK,AAL,WE,Federal Contract Tower,4,20,0,0,24,0,81,6,0,87,4,101,6,0,111,0,0,0,111
08/15/2006,AKN,AK,AAL,WE,Federal Contract Tower,5,34,1,4,44,0,64,11,2,77,5,98,12,6,121,2,0,2,123
08/16/2006,AKN,AK,AAL,WE,Federal Contract Tower,4,28,1,2,35,0,90,28,0,118,4,118,29,2,153,0,0,0,153
08/17/2006,AKN,AK,AAL,WE,Federal Contract Tower,12,44,17,0,73,0,60,25,0,85,12,104,42,0,158,0,0,0,158
08/18/2006,AKN,AK,AAL,WE,Federal Contract Tower,4,109,11,0,124,0,26,7,0,33,4,135,18,0,157,0,0,0,157
08/19/2006,AKN,AK,AAL,WE,Federal Contract Tower,7,11,1,0,19,0,161,51,0,212,7,172,52,0,231,0,0,0,231
08/20/2006,AKN,AK,AAL,WE,Federal Contract Tower,5,21,8,0,34,0,62,36,6,104,5,83,44,6,138,0,0,0,138
08/21/2006,AKN,AK,AAL,WE,Federal Contract Tower,2,31,1,0,34,0,100,24,0,124,2,131,25,0,158,0,0,0,158
08/22/2006,AKN,AK,AAL,WE,Federal Contract Tower,4,18,1,0,23,0,92,5,0,97,4,110,6,0,120,0,0,0,120
08/23/2006,AKN,AK,AAL,WE,Federal Contract Tower,4,16,0,3,23,0,116,14,1,131,4,132,14,4,154,15,14,29,183
08/24/2006,AKN,AK,AAL,WE,Federal Contract Tower,11,26,0,0,37,1,112,35,0,148,12,138,35,0,185,4,0,4,189
08/25/2006,AKN,AK,AAL,WE,Federal Contract Tower,4,14,1,4,23,0,104,47,0,151,4,118,48,4,174,6,0,6,180
08/26/2006,AKN,AK,AAL,WE,Federal Contract Tower,6,15,0,2,23,0,120,49,0,169,6,135,49,2,192,4,0,4,196
08/27/2006,AKN,AK,AAL,WE,Federal Contract Tower,4,14,0,0,18,0,85,40,0,125,4,99,40,0,143,0,0,0,143
08/28/2006,AKN,AK,AAL,WE,Federal Contract Tower,4,14,0,1,19,0,99,37,0,136,4,113,37,1,155,0,0,0,155
08/29/2006,AKN,AK,AAL,WE,Federal Contract Tower,4,16,0,2,22,0,80,25,1,106,4,96,25,3,128,6,0,6,134
08/30/2006,AKN,AK,AAL,WE,Federal Contract Tower,2,11,3,4,20,0,69,18,0,87,2,80,21,4,107,26,15,41,148
08/31/2006,AKN,AK,AAL,WE,Federal Contract Tower,5,9,1,0,15,0,117,42,0,159,5,126,43,0,174,30,0,30,204
09/01/2006,AKN,AK,AAL,WE,Federal Contract Tower,2,19,1,0,22,0,88,46,0,134,2,107,47,0,156,8,0,8,164
09/02/2006,AKN,AK,AAL,WE,Federal Contract Tower,4,15,2,0,21,0,116,39,0,155,4,131,41,0,176,0,0,0,176
09/03/2006,AKN,AK,AAL,WE,Federal Contract Tower,5,20,7,0,32,0,51,35,0,86,5,71,42,0,118,2,0,2,120
09/04/2006,AKN,AK,AAL,WE,Federal Contract Tower,2,16,1,0,19,0,93,26,0,119,2,109,27,0,138,0,0,0,138
09/05/2006,AKN,AK,AAL,WE,Federal Contract Tower,4,16,0,1,21,0,121,36,3,160,4,137,36,4,181,0,6,6,187
09/06/2006,AKN,AK,AAL,WE,Federal Contract Tower,1,45,5,2,53,0,53,24,0,77,1,98,29,2,130,5,0,5,135
09/07/2006,AKN,AK,AAL,WE,Federal Contract Tower,5,12,1,0,18,1,119,22,0,142,6,131,23,0,160,0,0,0,160
09/08/2006,AKN,AK,AAL,WE,Federal Contract Tower,2,15,2,0,19,0,124,34,0,158,2,139,36,0,177,4,0,4,181
09/09/2006,AKN,AK,AAL,WE,Federal Contract Tower,4,15,0,0,19,0,101,50,0,151,4,116,50,0,170,0,0,0,170
09/10/2006,AKN,AK,AAL,WE,Federal Contract Tower,4,18,6,0,28,0,95,26,0,121,4,113,32,0,149,0,0,0,149
09/11/2006,AKN,AK,AAL,WE,Federal Contract Tower,0,8,0,0,8,0,85,26,7,118,0,93,26,7,126,0,7,7,133
09/12/2006,AKN,AK,AAL,WE,Federal Contract Tower,0,13,0,0,13,0,53,22,0,75,0,66,22,0,88,0,0,0,88
09/13/2006,AKN,AK,AAL,WE,Federal Contract Tower,0,11,1,0,12,0,104,39,0,143,0,115,40,0,155,0,0,0,155
09/14/2006,AKN,AK,AAL,WE,Federal Contract Tower,8,17,0,0,25,0,94,28,0,122,8,111,28,0,147,0,0,0,147
09/15/2006,AKN,AK,AAL,WE,Federal Contract Tower,0,13,6,0,19,0,93,35,0,128,0,106,41,0,147,0,0,0,147
09/16/2006,AKN,AK,AAL,WE,Federal Contract Tower,6,14,0,2,22,0,93,37,0,130,6,107,37,2,152,0,6,6,158
09/17/2006,AKN,AK,AAL,WE,Federal Contract Tower,4,9,3,0,16,0,79,66,0,145,4,88,69,0,161,0,0,0,161
09/18/2006,AKN,AK,AAL,WE,Federal Contract Tower,0,12,1,1,14,0,72,16,1,89,0,84,17,2,103,0,8,8,111
09/19/2006,AKN,AK,AAL,WE,Federal Contract Tower,0,15,0,0,15,0,97,37,0,134,0,112,37,0,149,1,0,1,150
09/20/2006,AKN,AK,AAL,WE,Federal Contract Tower,0,12,0,3,15,0,58,12,1,71,0,70,12,4,86,0,3,3,89
09/21/2006,AKN,AK,AAL,WE,Federal Contract Tower,9,12,0,4,25,0,89,36,3,128,9,101,36,7,153,0,2,2,155
09/22/2006,AKN,AK,AAL,WE,Federal Contract Tower,0,17,3,3,23,0,82,32,2,116,0,99,35,5,139,0,4,4,143
09/23/2006,AKN,AK,AAL,WE,Federal Contract Tower,6,16,1,0,23,0,75,47,0,122,6,91,48,0,145,0,0,0,145
09/24/2006,AKN,AK,AAL,WE,Federal Contract Tower,4,8,1,0,13,0,52,47,0,99,4,60,48,0,112,0,0,0,112
09/25/2006,AKN,AK,AAL,WE,Federal Contract Tower,0,23,2,0,25,0,25,14,0,39,0,48,16,0,64,7,0,7,71
09/26/2006,AKN,AK,AAL,WE,Federal Contract Tower,2,14,0,0,16,0,82,15,0,97,2,96,15,0,113,0,0,0,113
09/27/2006,AKN,AK,AAL,WE,Federal Contract Tower,0,7,0,0,7,0,50,6,2,58,0,57,6,2,65,0,0,0,65
09/28/2006,AKN,AK,AAL,WE,Federal Contract Tower,8,13,0,0,21,0,51,20,0,71,8,64,20,0,92,0,0,0,92
09/29/2006,AKN,AK,AAL,WE,Federal Contract Tower,0,9,0,0,9,0,78,23,0,101,0,87,23,0,110,10,0,10,120
09/30/2006,AKN,AK,AAL,WE,Federal Contract Tower,6,8,0,0,14,0,60,16,0,76,6,68,16,0,90,0,0,0,90
11/01/2006,AKN,AK,AAL,WE,Federal Contract Tower,2,6,0,3,11,0,30,6,5,41,2,36,6,8,52,6,32,38,90
11/02/2006,AKN,AK,AAL,WE,Federal Contract Tower,8,5,0,1,14,0,27,3,1,31,8,32,3,2,45,2,4,6,51
11/03/2006,AKN,AK,AAL,WE,Federal Contract Tower,2,14,0,2,18,0,41,4,1,46,2,55,4,3,64,8,14,22,86
11/04/2006,AKN,AK,AAL,WE,Federal Contract Tower,3,12,0,0,15,0,27,4,2,33,3,39,4,2,48,0,10,10,58
11/05/2006,AKN,AK,AAL,WE,Federal Contract Tower,8,6,0,0,14,0,10,15,0,25,8,16,15,0,39,0,0,0,39
11/06/2006,AKN,AK,AAL,WE,Federal Contract Tower,0,6,0,2,8,0,36,8,0,44,0,42,8,2,52,0,6,6,58
11/07/2006,AKN,AK,AAL,WE,Federal Contract Tower,4,12,0,0,16,0,39,3,0,42,4,51,3,0,58,0,0,0,58
11/08/2006,AKN,AK,AAL,WE,Federal Contract Tower,0,11,0,2,13,0,39,12,0,51,0,50,12,2,64,0,0,0,64
11/09/2006,AKN,AK,AAL,WE,Federal Contract Tower,6,8,0,2,16,0,27,10,0,37,6,35,10,2,53,0,0,0,53
11/10/2006,AKN,AK,AAL,WE,Federal Contract Tower,0,15,0,0,15,0,19,0,0,19,0,34,0,0,34,4,0,4,38
11/11/2006,AKN,AK,AAL,WE,Federal Contract Tower,2,14,0,0,16,0,30,4,0,34,2,44,4,0,50,0,0,0,50
11/12/2006,AKN,AK,AAL,WE,Federal Contract Tower,4,13,0,0,17,0,27,8,0,35,4,40,8,0,52,0,0,0,52
11/13/2006,AKN,AK,AAL,WE,Federal Contract Tower,0,15,0,2,17,0,22,1,0,23,0,37,1,2,40,0,0,0,40
11/14/2006,AKN,AK,AAL,WE,Federal Contract Tower,8,6,0,0,14,0,14,0,0,14,8,20,0,0,28,0,0,0,28
11/15/2006,AKN,AK,AAL,WE,Federal Contract Tower,2,6,0,0,8,0,19,0,0,19,2,25,0,0,27,0,0,0,27
11/16/2006,AKN,AK,AAL,WE,Federal Contract Tower,7,13,1,0,21,0,28,1,0,29,7,41,2,0,50,0,0,0,50
11/17/2006,AKN,AK,AAL,WE,Federal Contract Tower,0,16,0,0,16,0,31,6,0,37,0,47,6,0,53,0,0,0,53
11/18/2006,AKN,AK,AAL,WE,Federal Contract Tower,3,7,0,0,10,0,19,4,0,23,3,26,4,0,33,0,0,0,33
11/19/2006,AKN,AK,AAL,WE,Federal Contract Tower,4,12,0,0,16,0,24,0,0,24,4,36,0,0,40,4,0,4,44
11/20/2006,AKN,AK,AAL,WE,Federal Contract Tower,0,9,0,8,17,0,21,1,0,22,0,30,1,8,39,0,0,0,39
11/21/2006,AKN,AK,AAL,WE,Federal Contract Tower,5,10,0,0,15,0,25,7,2,34,5,35,7,2,49,0,0,0,49
11/22/2006,AKN,AK,AAL,WE,Federal Contract Tower,2,10,0,2,14,0,17,7,0,24,2,27,7,2,38,0,6,6,44
11/23/2006,AKN,AK,AAL,WE,Federal Contract Tower,0,0,0,0,0,0,0,0,0,0,0,0,0,0,0,0,0,0,0
11/24/2006,AKN,AK,AAL,WE,Federal Contract Tower,0,10,0,0,10,0,16,5,0,21,0,26,5,0,31,0,0,0,31
11/25/2006,AKN,AK,AAL,WE,Federal Contract Tower,2,9,0,0,11,0,23,4,0,27,2,32,4,0,38,0,0,0,38
11/26/2006,AKN,AK,AAL,WE,Federal Contract Tower,4,7,0,0,11,0,13,0,0,13,4,20,0,0,24,0,0,0,24
11/27/2006,AKN,AK,AAL,WE,Federal Contract Tower,0,11,0,0,11,0,33,2,0,35,0,44,2,0,46,0,0,0,46
11/28/2006,AKN,AK,AAL,WE,Federal Contract Tower,4,9,0,2,15,0,28,5,0,33,4,37,5,2,48,0,0,0,48
11/29/2006,AKN,AK,AAL,WE,Federal Contract Tower,0,7,0,0,7,0,21,9,0,30,0,28,9,0,37,6,0,6,43
11/30/2006,AKN,AK,AAL,WE,Federal Contract Tower,2,10,0,2,14,0,20,4,0,24,2,30,4,2,38,0,16,16,54
12/01/2006,AKN,AK,AAL,WE,Federal Contract Tower,3,8,0,1,12,1,26,2,1,30,4,34,2,2,42,0,8,8,50
12/02/2006,AKN,AK,AAL,WE,Federal Contract Tower,0,10,0,0,10,0,22,2,0,24,0,32,2,0,34,0,0,0,34
12/03/2006,AKN,AK,AAL,WE,Federal Contract Tower,4,16,0,0,20,0,5,0,0,5,4,21,0,0,25,0,0,0,25
12/04/2006,AKN,AK,AAL,WE,Federal Contract Tower,0,6,0,4,10,0,25,2,2,29,0,31,2,6,39,0,0,0,39
12/05/2006,AKN,AK,AAL,WE,Federal Contract Tower,4,9,0,0,13,0,36,3,0,39,4,45,3,0,52,0,0,0,52
12/06/2006,AKN,AK,AAL,WE,Federal Contract Tower,2,7,0,2,11,0,19,1,0,20,2,26,1,2,31,0,0,0,31
12/07/2006,AKN,AK,AAL,WE,Federal Contract Tower,8,6,0,1,15,0,35,2,9,46,8,41,2,10,61,10,0,10,71
12/08/2006,AKN,AK,AAL,WE,Federal Contract Tower,0,11,0,2,13,0,39,2,0,41,0,50,2,2,54,0,10,10,64
12/09/2006,AKN,AK,AAL,WE,Federal Contract Tower,4,9,0,0,13,0,21,0,2,23,4,30,0,2,36,0,14,14,50
12/10/2006,AKN,AK,AAL,WE,Federal Contract Tower,4,5,0,0,9,0,27,0,0,27,4,32,0,0,36,0,0,0,36
12/11/2006,AKN,AK,AAL,WE,Federal Contract Tower,2,17,0,0,19,0,9,4,0,13,2,26,4,0,32,0,0,0,32
12/12/2006,AKN,AK,AAL,WE,Federal Contract Tower,6,5,0,1,12,0,21,0,3,24,6,26,0,4,36,0,0,0,36
12/13/2006,AKN,AK,AAL,WE,Federal Contract Tower,2,10,0,4,16,0,32,8,0,40,2,42,8,4,56,7,6,13,69
12/14/2006,AKN,AK,AAL,WE,Federal Contract Tower,4,11,0,1,16,0,35,6,1,42,4,46,6,2,58,4,0,4,62
12/15/2006,AKN,AK,AAL,WE,Federal Contract Tower,0,12,0,0,12,0,28,6,0,34,0,40,6,0,46,8,0,8,54
12/16/2006,AKN,AK,AAL,WE,Federal Contract Tower,2,22,0,0,24,0,12,0,0,12,2,34,0,0,36,0,0,0,36
12/17/2006,AKN,AK,AAL,WE,Federal Contract Tower,5,11,0,0,16,0,20,0,0,20,5,31,0,0,36,0,0,0,36
12/18/2006,AKN,AK,AAL,WE,Federal Contract Tower,0,8,0,0,8,0,19,0,0,19,0,27,0,0,27,0,0,0,27
12/19/2006,AKN,AK,AAL,WE,Federal Contract Tower,6,7,0,0,13,0,18,0,0,18,6,25,0,0,31,0,0,0,31
12/20/2006,AKN,AK,AAL,WE,Federal Contract Tower,2,7,0,0,9,0,21,5,0,26,2,28,5,0,35,12,0,12,47
12/21/2006,AKN,AK,AAL,WE,Federal Contract Tower,4,10,0,2,16,0,24,6,0,30,4,34,6,2,46,0,0,0,46
12/22/2006,AKN,AK,AAL,WE,Federal Contract Tower,2,12,0,0,14,0,34,6,0,40,2,46,6,0,54,0,0,0,54
12/23/2006,AKN,AK,AAL,WE,Federal Contract Tower,2,10,0,1,13,0,30,0,1,31,2,40,0,2,44,0,12,12,56
12/24/2006,AKN,AK,AAL,WE,Federal Contract Tower,0,8,0,0,8,0,10,0,0,10,0,18,0,0,18,0,0,0,18
12/25/2006,AKN,AK,AAL,WE,Federal Contract Tower,0,0,0,0,0,0,0,0,0,0,0,0,0,0,0,0,0,0,0
12/26/2006,AKN,AK,AAL,WE,Federal Contract Tower,4,23,0,0,27,0,17,3,0,20,4,40,3,0,47,0,0,0,47
12/27/2006,AKN,AK,AAL,WE,Federal Contract Tower,0,13,0,0,13,0,4,0,0,4,0,17,0,0,17,0,0,0,17
12/28/2006,AKN,AK,AAL,WE,Federal Contract Tower,10,10,0,0,20,0,25,2,0,27,10,35,2,0,47,10,0,10,57
12/29/2006,AKN,AK,AAL,WE,Federal Contract Tower,2,13,0,0,15,0,14,10,0,24,2,27,10,0,39,0,0,0,39
12/30/2006,AKN,AK,AAL,WE,Federal Contract Tower,4,6,0,0,10,0,18,1,0,19,4,24,1,0,29,0,0,0,29
12/31/2006,AKN,AK,AAL,WE,Federal Contract Tower,2,17,0,2,21,0,7,2,0,9,2,24,2,2,30,0,0,0,30
01/01/2007,AKN,AK,AAL,WE,Federal Contract Tower,0,0,0,0,0,0,0,1,0,1,0,0,1,0,1,0,0,0,1
01/02/2007,AKN,AK,AAL,WE,Federal Contract Tower,2,9,0,0,11,0,19,1,2,22,2,28,1,2,33,0,0,0,33
01/03/2007,AKN,AK,AAL,WE,Federal Contract Tower,0,12,0,0,12,0,12,1,2,15,0,24,1,2,27,0,10,10,37
01/04/2007,AKN,AK,AAL,WE,Federal Contract Tower,4,13,0,2,19,0,19,6,0,25,4,32,6,2,44,0,0,0,44
01/05/2007,AKN,AK,AAL,WE,Federal Contract Tower,6,22,0,0,28,0,22,4,2,28,6,44,4,2,56,0,6,6,62
01/06/2007,AKN,AK,AAL,WE,Federal Contract Tower,4,8,0,2,14,0,18,4,0,22,4,26,4,2,36,2,10,12,48
01/07/2007,AKN,AK,AAL,WE,Federal Contract Tower,2,15,0,1,18,0,11,0,1,12,2,26,0,2,30,0,0,0,30
01/08/2007,AKN,AK,AAL,WE,Federal Contract Tower,0,9,0,1,10,0,17,6,1,24,0,26,6,2,34,0,0,0,34
01/09/2007,AKN,AK,AAL,WE,Federal Contract Tower,4,16,0,2,22,0,20,0,5,25,4,36,0,7,47,0,26,26,73
01/10/2007,AKN,AK,AAL,WE,Federal Contract Tower,0,22,0,1,23,0,20,5,0,25,0,42,5,1,48,0,0,0,48
01/11/2007,AKN,AK,AAL,WE,Federal Contract Tower,7,29,0,0,36,0,23,0,0,23,7,52,0,0,59,0,0,0,59
01/12/2007,AKN,AK,AAL,WE,Federal Contract Tower,0,28,0,0,28,0,20,0,0,20,0,48,0,0,48,0,0,0,48
01/13/2007,AKN,AK,AAL,WE,Federal Contract Tower,2,26,0,0,28,0,30,4,0,34,2,56,4,0,62,20,0,20,82
01/14/2007,AKN,AK,AAL,WE,Federal Contract Tower,3,18,0,4,25,1,22,2,0,25,4,40,2,4,50,0,0,0,50
01/15/2007,AKN,AK,AAL,WE,Federal Contract Tower,0,14,0,0,14,0,21,2,0,23,0,35,2,0,37,0,0,0,37
01/16/2007,AKN,AK,AAL,WE,Federal Contract Tower,6,24,0,0,30,0,6,0,0,6,6,30,0,0,36,0,0,0,36
01/17/2007,AKN,AK,AAL,WE,Federal Contract Tower,4,13,0,2,19,0,31,2,0,33,4,44,2,2,52,0,2,2,54
01/18/2007,AKN,AK,AAL,WE,Federal Contract Tower,8,12,0,2,22,0,31,8,0,39,8,43,8,2,61,0,0,0,61
01/19/2007,AKN,AK,AAL,WE,Federal Contract Tower,0,8,0,0,8,0,24,0,0,24,0,32,0,0,32,0,0,0,32
01/20/2007,AKN,AK,AAL,WE,Federal Contract Tower,4,7,0,0,11,0,25,0,1,26,4,32,0,1,37,2,0,2,39
01/21/2007,AKN,AK,AAL,WE,Federal Contract Tower,4,14,0,1,19,0,10,0,0,10,4,24,0,1,29,0,0,0,29
01/22/2007,AKN,AK,AAL,WE,Federal Contract Tower,2,8,0,0,10,0,23,5,0,28,2,31,5,0,38,0,0,0,38
01/23/2007,AKN,AK,AAL,WE,Federal Contract Tower,2,9,0,0,11,0,24,3,0,27,2,33,3,0,38,0,0,0,38
01/24/2007,AKN,AK,AAL,WE,Federal Contract Tower,2,9,0,3,14,0,34,2,0,36,2,43,2,3,50,0,33,33,83
01/25/2007,AKN,AK,AAL,WE,Federal Contract Tower,4,6,0,4,14,0,12,0,0,12,4,18,0,4,26,6,12,18,44
01/26/2007,AKN,AK,AAL,WE,Federal Contract Tower,2,20,2,2,26,0,31,2,4,37,2,51,4,6,63,0,20,20,83
01/27/2007,AKN,AK,AAL,WE,Federal Contract Tower,4,8,0,0,12,0,10,2,0,12,4,18,2,0,24,0,0,0,24
01/28/2007,AKN,AK,AAL,WE,Federal Contract Tower,3,12,1,0,16,0,22,7,2,31,3,34,8,2,47,10,8,18,65
01/29/2007,AKN,AK,AAL,WE,Federal Contract Tower,0,10,0,2,12,0,17,0,0,17,0,27,0,2,29,1,2,3,32
01/30/2007,AKN,AK,AAL,WE,Federal Contract Tower,8,15,0,1,24,0,7,0,0,7,8,22,0,1,31,0,0,0,31
01/31/2007,AKN,AK,AAL,WE,Federal Contract Tower,0,10,0,2,12,0,57,10,0,67,0,67,10,2,79,12,2,14,93
02/01/2007,AKN,AK,AAL,WE,Federal Contract Tower,6,13,0,0,19,0,16,0,1,17,6,29,0,1,36,0,0,0,36
02/02/2007,AKN,AK,AAL,WE,Federal Contract Tower,0,12,0,0,12,0,37,12,0,49,0,49,12,0,61,0,0,0,61
02/03/2007,AKN,AK,AAL,WE,Federal Contract Tower,2,17,0,0,19,0,17,4,0,21,2,34,4,0,40,0,0,0,40
02/04/2007,AKN,AK,AAL,WE,Federal Contract Tower,6,8,0,0,14,0,22,4,0,26,6,30,4,0,40,0,0,0,40
02/05/2007,AKN,AK,AAL,WE,Federal Contract Tower,0,15,11,1,27,0,9,2,1,12,0,24,13,2,39,0,6,6,45
02/06/2007,AKN,AK,AAL,WE,Federal Contract Tower,3,13,1,3,20,1,32,23,0,56,4,45,24,3,76,0,2,2,78
02/07/2007,AKN,AK,AAL,WE,Federal Contract Tower,0,13,1,3,17,0,22,16,1,39,0,35,17,4,56,0,6,6,62
02/08/2007,AKN,AK,AAL,WE,Federal Contract Tower,6,10,0,4,20,0,29,6,0,35,6,39,6,4,55,0,9,9,64
02/09/2007,AKN,AK,AAL,WE,Federal Contract Tower,0,8,2,1,11,0,34,12,3,49,0,42,14,4,60,0,0,0,60
02/10/2007,AKN,AK,AAL,WE,Federal Contract Tower,6,7,0,0,13,0,23,2,0,25,6,30,2,0,38,0,0,0,38
02/11/2007,AKN,AK,AAL,WE,Federal Contract Tower,4,8,0,0,12,0,24,4,0,28,4,32,4,0,40,0,0,0,40
02/12/2007,AKN,AK,AAL,WE,Federal Contract Tower,2,10,0,0,12,0,24,4,4,32,2,34,4,4,44,0,24,24,68
02/13/2007,AKN,AK,AAL,WE,Federal Contract Tower,4,20,1,2,27,0,19,0,0,19,4,39,1,2,46,0,0,0,46
02/14/2007,AKN,AK,AAL,WE,Federal Contract Tower,2,6,0,0,8,0,29,3,0,32,2,35,3,0,40,0,0,0,40
02/15/2007,AKN,AK,AAL,WE,Federal Contract Tower,6,9,0,0,15,0,20,6,0,26,6,29,6,0,41,0,0,0,41
02/16/2007,AKN,AK,AAL,WE,Federal Contract Tower,0,7,0,0,7,0,32,8,0,40,0,39,8,0,47,0,0,0,47
02/17/2007,AKN,AK,AAL,WE,Federal Contract Tower,4,15,0,0,19,0,18,0,0,18,4,33,0,0,37,0,0,0,37
02/18/2007,AKN,AK,AAL,WE,Federal Contract Tower,4,32,0,0,36,0,5,0,0,5,4,37,0,0,41,0,0,0,41
02/19/2007,AKN,AK,AAL,WE,Federal Contract Tower,0,7,4,0,11,0,26,6,0,32,0,33,10,0,43,0,0,0,43
02/20/2007,AKN,AK,AAL,WE,Federal Contract Tower,3,4,0,1,8,1,30,5,0,36,4,34,5,1,44,0,27,27,71
02/21/2007,AKN,AK,AAL,WE,Federal Contract Tower,2,8,0,0,10,0,19,2,0,21,2,27,2,0,31,0,0,0,31
02/22/2007,AKN,AK,AAL,WE,Federal Contract Tower,6,20,0,0,26,0,60,6,0,66,6,80,6,0,92,6,0,6,98
02/23/2007,AKN,AK,AAL,WE,Federal Contract Tower,2,4,0,2,8,0,30,4,0,34,2,34,4,2,42,0,0,0,42
02/24/2007,AKN,AK,AAL,WE,Federal Contract Tower,6,10,0,0,16,0,15,0,0,15,6,25,0,0,31,0,0,0,31
02/25/2007,AKN,AK,AAL,WE,Federal Contract Tower,4,2,0,0,6,0,17,0,0,17,4,19,0,0,23,0,0,0,23
02/26/2007,AKN,AK,AAL,WE,Federal Contract Tower,0,10,0,0,10,0,7,1,0,8,0,17,1,0,18,0,0,0,18
02/27/2007,AKN,AK,AAL,WE,Federal Contract Tower,4,4,0,1,9,0,33,12,1,46,4,37,12,2,55,0,0,0,55
02/28/2007,AKN,AK,AAL,WE,Federal Contract Tower,4,3,0,0,7,0,19,3,0,22,4,22,3,0,29,0,0,0,29
03/01/2007,AKN,AK,AAL,WE,Federal Contract Tower,5,6,0,2,13,1,19,0,0,20,6,25,0,2,33,6,2,8,41
03/02/2007,AKN,AK,AAL,WE,Federal Contract Tower,2,6,0,0,8,0,47,0,0,47,2,53,0,0,55,0,0,0,55
03/03/2007,AKN,AK,AAL,WE,Federal Contract Tower,6,9,0,0,15,0,15,9,0,24,6,24,9,0,39,0,0,0,39
03/04/2007,AKN,AK,AAL,WE,Federal Contract Tower,5,4,0,0,9,0,22,0,1,23,5,26,0,1,32,0,7,7,39
03/05/2007,AKN,AK,AAL,WE,Federal Contract Tower,1,3,0,0,4,1,19,0,0,20,2,22,0,0,24,0,0,0,24
03/06/2007,AKN,AK,AAL,WE,Federal Contract Tower,4,3,0,0,7,1,22,2,0,25,5,25,2,0,32,0,0,0,32
03/07/2007,AKN,AK,AAL,WE,Federal Contract Tower,1,7,0,0,8,0,30,0,0,30,1,37,0,0,38,0,0,0,38
03/08/2007,AKN,AK,AAL,WE,Federal Contract Tower,7,12,0,0,19,0,24,0,0,24,7,36,0,0,43,0,0,0,43
03/09/2007,AKN,AK,AAL,WE,Federal Contract Tower,3,13,0,0,16,3,33,2,0,38,6,46,2,0,54,0,0,0,54
03/10/2007,AKN,AK,AAL,WE,Federal Contract Tower,2,9,0,0,11,0,13,0,0,13,2,22,0,0,24,0,0,0,24
03/11/2007,AKN,AK,AAL,WE,Federal Contract Tower,2,4,0,0,6,0,18,2,0,20,2,22,2,0,26,0,0,0,26
03/12/2007,AKN,AK,AAL,WE,Federal Contract Tower,2,8,0,0,10,0,29,3,0,32,2,37,3,0,42,0,0,0,42
03/13/2007,AKN,AK,AAL,WE,Federal Contract Tower,6,8,0,0,14,0,30,5,0,35,6,38,5,0,49,0,0,0,49
03/14/2007,AKN,AK,AAL,WE,Federal Contract Tower,5,12,0,9,26,0,33,4,0,37,5,45,4,9,63,2,35,37,100
03/15/2007,AKN,AK,AAL,WE,Federal Contract Tower,4,6,0,0,10,0,24,0,0,24,4,30,0,0,34,0,0,0,34
03/16/2007,AKN,AK,AAL,WE,Federal Contract Tower,2,6,0,0,8,0,28,4,0,32,2,34,4,0,40,0,0,0,40
03/17/2007,AKN,AK,AAL,WE,Federal Contract Tower,4,7,0,0,11,0,21,4,0,25,4,28,4,0,36,0,0,0,36
03/18/2007,AKN,AK,AAL,WE,Federal Contract Tower,1,4,2,0,7,1,10,16,2,29,2,14,18,2,36,0,16,16,52
03/19/2007,AKN,AK,AAL,WE,Federal Contract Tower,2,12,0,0,14,0,43,14,0,57,2,55,14,0,71,0,0,0,71
03/20/2007,AKN,AK,AAL,WE,Federal Contract Tower,8,23,7,0,38,0,11,4,0,15,8,34,11,0,53,11,0,11,64
03/21/2007,AKN,AK,AAL,WE,Federal Contract Tower,4,29,1,0,34,0,3,1,2,6,4,32,2,2,40,4,0,4,44
03/22/2007,AKN,AK,AAL,WE,Federal Contract Tower,6,7,0,0,13,0,49,2,2,53,6,56,2,2,66,4,22,26,92
03/23/2007,AKN,AK,AAL,WE,Federal Contract Tower,0,8,0,0,8,0,45,6,2,53,0,53,6,2,61,4,6,10,71
03/24/2007,AKN,AK,AAL,WE,Federal Contract Tower,1,11,0,0,12,1,20,2,2,25,2,31,2,2,37,0,0,0,37
03/25/2007,AKN,AK,AAL,WE,Federal Contract Tower,4,8,1,0,13,0,9,2,0,11,4,17,3,0,24,0,0,0,24
03/26/2007,AKN,AK,AAL,WE,Federal Contract Tower,0,11,0,3,14,0,9,2,0,11,0,20,2,3,25,0,0,0,25
03/27/2007,AKN,AK,AAL,WE,Federal Contract Tower,7,9,2,0,18,0,37,6,0,43,7,46,8,0,61,4,0,4,65
03/28/2007,AKN,AK,AAL,WE,Federal Contract Tower,1,4,0,0,5,1,36,8,2,47,2,40,8,2,52,11,10,21,73
03/29/2007,AKN,AK,AAL,WE,Federal Contract Tower,4,6,1,0,11,0,19,7,0,26,4,25,8,0,37,4,0,4,41
03/30/2007,AKN,AK,AAL,WE,Federal Contract Tower,0,3,0,2,5,0,23,14,0,37,0,26,14,2,42,2,20,22,64
03/31/2007,AKN,AK,AAL,WE,Federal Contract Tower,4,4,0,0,8,0,26,10,0,36,4,30,10,0,44,0,0,0,44
04/01/2007,AKN,AK,AAL,WE,Federal Contract Tower,2,4,0,0,6,0,14,25,0,39,2,18,25,0,45,0,0,0,45
04/02/2007,AKN,AK,AAL,WE,Federal Contract Tower,2,10,0,0,12,0,28,14,0,42,2,38,14,0,54,0,0,0,54
04/03/2007,AKN,AK,AAL,WE,Federal Contract Tower,2,3,0,2,7,0,22,5,6,33,2,25,5,8,40,2,14,16,56
04/04/2007,AKN,AK,AAL,WE,Federal Contract Tower,2,5,0,0,7,0,22,1,0,23,2,27,1,0,30,0,0,0,30
04/05/2007,AKN,AK,AAL,WE,Federal Contract Tower,7,3,0,0,10,1,22,2,0,25,8,25,2,0,35,0,0,0,35
04/06/2007,AKN,AK,AAL,WE,Federal Contract Tower,0,7,0,0,7,0,23,2,0,25,0,30,2,0,32,6,0,6,38
04/07/2007,AKN,AK,AAL,WE,Federal Contract Tower,3,5,0,0,8,0,30,2,0,32,3,35,2,0,40,0,0,0,40
04/08/2007,AKN,AK,AAL,WE,Federal Contract Tower,4,12,0,0,16,0,15,2,0,17,4,27,2,0,33,4,0,4,37
04/09/2007,AKN,AK,AAL,WE,Federal Contract Tower,2,18,0,4,24,0,24,0,0,24,2,42,0,4,48,0,0,0,48
04/10/2007,AKN,AK,AAL,WE,Federal Contract Tower,3,8,0,0,11,0,38,13,0,51,3,46,13,0,62,0,0,0,62
04/11/2007,AKN,AK,AAL,WE,Federal Contract Tower,2,6,0,0,8,0,39,20,2,61,2,45,20,2,69,8,0,8,77
04/12/2007,AKN,AK,AAL,WE,Federal Contract Tower,4,4,0,0,8,0,33,10,0,43,4,37,10,0,51,0,0,0,51
04/13/2007,AKN,AK,AAL,WE,Federal Contract Tower,1,4,0,0,5,0,50,12,1,63,1,54,12,1,68,0,0,0,68
04/14/2007,AKN,AK,AAL,WE,Federal Contract Tower,3,8,1,1,13,0,18,3,0,21,3,26,4,1,34,0,0,0,34
04/15/2007,AKN,AK,AAL,WE,Federal Contract Tower,4,9,0,0,13,0,17,7,0,24,4,26,7,0,37,0,0,0,37
04/16/2007,AKN,AK,AAL,WE,Federal Contract Tower,0,13,2,0,15,0,18,6,0,24,0,31,8,0,39,0,0,0,39
04/17/2007,AKN,AK,AAL,WE,Federal Contract Tower,6,7,0,0,13,0,31,3,0,34,6,38,3,0,47,0,0,0,47
04/18/2007,AKN,AK,AAL,WE,Federal Contract Tower,2,14,0,2,18,0,9,8,0,17,2,23,8,2,35,0,0,0,35
04/19/2007,AKN,AK,AAL,WE,Federal Contract Tower,6,22,3,0,31,0,17,18,0,35,6,39,21,0,66,0,0,0,66
04/20/2007,AKN,AK,AAL,WE,Federal Contract Tower,2,6,0,0,8,0,36,8,0,44,2,42,8,0,52,0,0,0,52
04/21/2007,AKN,AK,AAL,WE,Federal Contract Tower,2,6,0,0,8,0,23,13,0,36,2,29,13,0,44,0,0,0,44
04/22/2007,AKN,AK,AAL,WE,Federal Contract Tower,4,8,0,0,12,0,15,3,0,18,4,23,3,0,30,0,0,0,30
04/23/2007,AKN,AK,AAL,WE,Federal Contract Tower,2,6,0,4,12,0,23,14,0,37,2,29,14,4,49,4,0,4,53
04/24/2007,AKN,AK,AAL,WE,Federal Contract Tower,5,9,0,2,16,0,28,9,2,39,5,37,9,4,55,0,26,26,81
04/25/2007,AKN,AK,AAL,WE,Federal Contract Tower,1,7,0,0,8,0,24,15,0,39,1,31,15,0,47,2,0,2,49
04/26/2007,AKN,AK,AAL,WE,Federal Contract Tower,10,5,0,0,15,0,36,8,0,44,10,41,8,0,59,8,0,8,67
04/27/2007,AKN,AK,AAL,WE,Federal Contract Tower,1,16,0,1,18,0,38,10,5,53,1,54,10,6,71,0,16,16,87
04/28/2007,AKN,AK,AAL,WE,Federal Contract Tower,4,7,0,0,11,2,27,12,0,41,6,34,12,0,52,0,0,0,52
04/29/2007,AKN,AK,AAL,WE,Federal Contract Tower,2,10,0,0,12,0,27,7,0,34,2,37,7,0,46,0,0,0,46
04/30/2007,AKN,AK,AAL,WE,Federal Contract Tower,1,10,0,1,12,0,38,11,0,49,1,48,11,1,61,6,21,27,88
05/01/2007,AKN,AK,AAL,WE,Federal Contract Tower,6,14,0,0,20,0,23,13,0,36,6,37,13,0,56,1,0,1,57
05/02/2007,AKN,AK,AAL,WE,Federal Contract Tower,2,8,0,0,10,0,43,10,0,53,2,51,10,0,63,3,0,3,66
05/03/2007,AKN,AK,AAL,WE,Federal Contract Tower,7,12,4,0,23,0,29,14,0,43,7,41,18,0,66,4,0,4,70
05/04/2007,AKN,AK,AAL,WE,Federal Contract Tower,2,24,7,0,33,0,17,5,0,22,2,41,12,0,55,0,0,0,55
05/05/2007,AKN,AK,AAL,WE,Federal Contract Tower,6,8,0,0,14,0,27,3,0,30,6,35,3,0,44,0,0,0,44
05/06/2007,AKN,AK,AAL,WE,Federal Contract Tower,4,14,1,0,19,0,15,9,0,24,4,29,10,0,43,0,0,0,43
05/07/2007,AKN,AK,AAL,WE,Federal Contract Tower,4,19,1,0,24,0,27,16,0,43,4,46,17,0,67,6,0,6,73
05/08/2007,AKN,AK,AAL,WE,Federal Contract Tower,6,7,2,1,16,0,42,12,0,54,6,49,14,1,70,0,34,34,104
05/09/2007,AKN,AK,AAL,WE,Federal Contract Tower,2,19,2,0,23,0,17,3,0,20,2,36,5,0,43,0,0,0,43
05/10/2007,AKN,AK,AAL,WE,Federal Contract Tower,8,20,0,1,29,0,20,8,0,28,8,40,8,1,57,0,0,0,57
05/11/2007,AKN,AK,AAL,WE,Federal Contract Tower,2,10,0,0,12,0,42,10,0,52,2,52,10,0,64,0,0,0,64
05/12/2007,AKN,AK,AAL,WE,Federal Contract Tower,3,7,0,0,10,0,35,12,0,47,3,42,12,0,57,0,0,0,57
05/13/2007,AKN,AK,AAL,WE,Federal Contract Tower,6,10,0,0,16,0,29,1,0,30,6,39,1,0,46,0,0,0,46
05/14/2007,AKN,AK,AAL,WE,Federal Contract Tower,2,11,0,0,13,0,32,19,0,51,2,43,19,0,64,0,0,0,64
05/15/2007,AKN,AK,AAL,WE,Federal Contract Tower,7,14,0,0,21,0,32,25,0,57,7,46,25,0,78,0,0,0,78
05/16/2007,AKN,AK,AAL,WE,Federal Contract Tower,5,11,0,0,16,1,37,33,0,71,6,48,33,0,87,0,0,0,87
05/17/2007,AKN,AK,AAL,WE,Federal Contract Tower,6,9,0,0,15,0,41,13,0,54,6,50,13,0,69,4,0,4,73
05/18/2007,AKN,AK,AAL,WE,Federal Contract Tower,2,9,0,0,11,0,43,12,0,55,2,52,12,0,66,0,0,0,66
05/19/2007,AKN,AK,AAL,WE,Federal Contract Tower,5,14,0,0,19,0,25,16,0,41,5,39,16,0,60,0,0,0,60
05/20/2007,AKN,AK,AAL,WE,Federal Contract Tower,3,14,0,0,17,0,25,17,0,42,3,39,17,0,59,0,0,0,59
05/21/2007,AKN,AK,AAL,WE,Federal Contract Tower,2,9,0,0,11,0,35,27,0,62,2,44,27,0,73,0,2,2,75
05/22/2007,AKN,AK,AAL,WE,Federal Contract Tower,6,9,0,2,17,2,36,10,0,48,8,45,10,2,65,0,0,0,65
05/23/2007,AKN,AK,AAL,WE,Federal Contract Tower,0,16,0,2,18,0,40,18,0,58,0,56,18,2,76,6,18,24,100
05/24/2007,AKN,AK,AAL,WE,Federal Contract Tower,9,18,1,1,29,1,33,18,0,52,10,51,19,1,81,0,0,0,81
05/25/2007,AKN,AK,AAL,WE,Federal Contract Tower,2,16,0,2,20,0,69,30,0,99,2,85,30,2,119,8,0,8,127
05/26/2007,AKN,AK,AAL,WE,Federal Contract Tower,6,11,0,0,17,0,51,25,0,76,6,62,25,0,93,0,0,0,93
05/27/2007,AKN,AK,AAL,WE,Federal Contract Tower,4,13,2,0,19,0,30,25,0,55,4,43,27,0,74,0,0,0,74
05/28/2007,AKN,AK,AAL,WE,Federal Contract Tower,2,13,0,0,15,0,32,7,0,39,2,45,7,0,54,0,0,0,54
05/29/2007,AKN,AK,AAL,WE,Federal Contract Tower,4,14,0,5,23,0,42,28,0,70,4,56,28,5,93,0,18,18,111
05/30/2007,AKN,AK,AAL,WE,Federal Contract Tower,0,18,1,1,20,0,44,26,0,70,0,62,27,1,90,2,4,6,96
05/31/2007,AKN,AK,AAL,WE,Federal Contract Tower,8,20,0,0,28,0,54,14,0,68,8,74,14,0,96,0,0,0,96
06/01/2007,AKN,AK,AAL,WE,Federal Contract Tower,4,28,3,0,35,0,78,36,0,114,4,106,39,0,149,0,0,0,149
06/02/2007,AKN,AK,AAL,WE,Federal Contract Tower,7,27,1,0,35,1,68,46,0,115,8,95,47,0,150,0,0,0,150
06/03/2007,AKN,AK,AAL,WE,Federal Contract Tower,2,12,1,0,15,0,62,18,0,80,2,74,19,0,95,2,0,2,97
06/04/2007,AKN,AK,AAL,WE,Federal Contract Tower,2,29,0,0,31,0,91,30,0,121,2,120,30,0,152,0,4,4,156
06/05/2007,AKN,AK,AAL,WE,Federal Contract Tower,5,26,0,1,32,2,69,43,0,114,7,95,43,1,146,0,0,0,146
06/06/2007,AKN,AK,AAL,WE,Federal Contract Tower,4,23,0,0,27,0,99,28,2,129,4,122,28,2,156,0,19,19,175
06/07/2007,AKN,AK,AAL,WE,Federal Contract Tower,4,28,0,3,35,0,107,35,0,142,4,135,35,3,177,0,6,6,183
06/08/2007,AKN,AK,AAL,WE,Federal Contract Tower,2,36,1,0,39,0,122,20,0,142,2,158,21,0,181,0,0,0,181
06/09/2007,AKN,AK,AAL,WE,Federal Contract Tower,6,28,1,0,35,0,71,39,3,113,6,99,40,3,148,0,0,0,148
06/10/2007,AKN,AK,AAL,WE,Federal Contract Tower,2,17,2,1,22,0,63,21,0,84,2,80,23,1,106,0,0,0,106
06/11/2007,AKN,AK,AAL,WE,Federal Contract Tower,2,38,7,0,47,0,84,19,0,103,2,122,26,0,150,0,0,0,150
06/12/2007,AKN,AK,AAL,WE,Federal Contract Tower,7,19,1,4,31,1,110,53,0,164,8,129,54,4,195,0,0,0,195
06/13/2007,AKN,AK,AAL,WE,Federal Contract Tower,4,30,1,0,35,0,101,42,0,143,4,131,43,0,178,0,0,0,178
06/14/2007,AKN,AK,AAL,WE,Federal Contract Tower,6,29,0,2,37,0,126,31,0,157,6,155,31,2,194,0,0,0,194
06/15/2007,AKN,AK,AAL,WE,Federal Contract Tower,4,31,4,0,39,0,141,60,1,202,4,172,64,1,241,0,0,0,241
06/16/2007,AKN,AK,AAL,WE,Federal Contract Tower,4,54,9,0,67,0,79,38,0,117,4,133,47,0,184,0,0,0,184
06/17/2007,AKN,AK,AAL,WE,Federal Contract Tower,4,24,9,2,39,0,123,38,1,162,4,147,47,3,201,6,0,6,207
06/18/2007,AKN,AK,AAL,WE,Federal Contract Tower,2,60,17,2,81,0,116,35,2,153,2,176,52,4,234,0,0,0,234
06/19/2007,AKN,AK,AAL,WE,Federal Contract Tower,4,35,3,2,44,2,128,32,6,168,6,163,35,8,212,0,4,4,216
06/20/2007,AKN,AK,AAL,WE,Federal Contract Tower,2,30,0,0,32,0,145,40,1,186,2,175,40,1,218,12,1,13,231
06/21/2007,AKN,AK,AAL,WE,Federal Contract Tower,5,35,0,0,40,1,116,24,0,141,6,151,24,0,181,4,0,4,185
06/22/2007,AKN,AK,AAL,WE,Federal Contract Tower,4,141,21,0,166,0,27,8,0,35,4,168,29,0,201,0,0,0,201
06/23/2007,AKN,AK,AAL,WE,Federal Contract Tower,4,61,15,0,80,0,90,48,0,138,4,151,63,0,218,0,0,0,218
06/24/2007,AKN,AK,AAL,WE,Federal Contract Tower,2,41,9,0,52,0,111,79,0,190,2,152,88,0,242,0,0,0,242
06/25/2007,AKN,AK,AAL,WE,Federal Contract Tower,2,26,3,1,32,0,141,72,2,215,2,167,75,3,247,0,3,3,250
06/26/2007,AKN,AK,AAL,WE,Federal Contract Tower,3,27,4,2,36,3,184,63,2,252,6,211,67,4,288,0,35,35,323
06/27/2007,AKN,AK,AAL,WE,Federal Contract Tower,4,19,0,1,24,0,170,62,1,233,4,189,62,2,257,0,4,4,261
06/28/2007,AKN,AK,AAL,WE,Federal Contract Tower,6,26,3,0,35,0,181,51,0,232,6,207,54,0,267,0,0,0,267
06/29/2007,AKN,AK,AAL,WE,Federal Contract Tower,8,45,8,3,64,0,146,64,0,210,8,191,72,3,274,12,0,12,286
06/30/2007,AKN,AK,AAL,WE,Federal Contract Tower,8,24,7,0,39,0,171,89,0,260,8,195,96,0,299,0,0,0,299
07/01/2007,AKN,AK,AAL,WE,Federal Contract Tower,2,15,3,0,20,0,155,78,0,233,2,170,81,0,253,21,0,21,274
07/02/2007,AKN,AK,AAL,WE,Federal Contract Tower,5,19,3,2,29,1,187,75,2,265,6,206,78,4,294,0,14,14,308
07/03/2007,AKN,AK,AAL,WE,Federal Contract Tower,6,80,11,3,100,1,106,21,0,128,7,186,32,3,228,0,5,5,233
07/04/2007,AKN,AK,AAL,WE,Federal Contract Tower,13,89,8,0,110,0,57,21,0,78,13,146,29,0,188,6,0,6,194
07/05/2007,AKN,AK,AAL,WE,Federal Contract Tower,12,41,3,0,56,0,150,60,0,210,12,191,63,0,266,0,0,0,266
07/06/2007,AKN,AK,AAL,WE,Federal Contract Tower,14,29,13,0,56,0,198,54,0,252,14,227,67,0,308,28,0,28,336
07/07/2007,AKN,AK,AAL,WE,Federal Contract Tower,19,17,3,0,39,0,174,75,0,249,19,191,78,0,288,36,0,36,324
07/08/2007,AKN,AK,AAL,WE,Federal Contract Tower,16,63,19,0,98,0,103,55,0,158,16,166,74,0,256,0,0,0,256
07/09/2007,AKN,AK,AAL,WE,Federal Contract Tower,15,14,3,0,32,0,192,43,0,235,15,206,46,0,267,0,0,0,267
07/10/2007,AKN,AK,AAL,WE,Federal Contract Tower,20,18,0,2,40,1,227,54,1,283,21,245,54,3,323,0,14,14,337
07/11/2007,AKN,AK,AAL,WE,Federal Contract Tower,18,44,0,0,62,0,142,11,0,153,18,186,11,0,215,0,1,1,216
07/12/2007,AKN,AK,AAL,WE,Federal Contract Tower,21,41,3,0,65,0,124,38,0,162,21,165,41,0,227,0,0,0,227
07/13/2007,AKN,AK,AAL,WE,Federal Contract Tower,19,29,3,2,53,0,160,61,0,221,19,189,64,2,274,0,0,0,274
07/14/2007,AKN,AK,AAL,WE,Federal Contract Tower,10,27,2,0,39,2,200,72,0,274,12,227,74,0,313,0,0,0,313
07/15/2007,AKN,AK,AAL,WE,Federal Contract Tower,6,29,6,0,41,0,180,45,3,228,6,209,51,3,269,0,6,6,275
07/16/2007,AKN,AK,AAL,WE,Federal Contract Tower,3,26,1,7,37,0,174,37,0,211,3,200,38,7,248,0,0,0,248
07/17/2007,AKN,AK,AAL,WE,Federal Contract Tower,13,43,2,0,58,1,156,28,1,186,14,199,30,1,244,0,8,8,252
07/18/2007,AKN,AK,AAL,WE,Federal Contract Tower,5,39,3,3,50,0,204,45,0,249,5,243,48,3,299,0,6,6,305
07/19/2007,AKN,AK,AAL,WE,Federal Contract Tower,6,42,1,1,50,0,186,54,3,243,6,228,55,4,293,2,12,14,307
07/20/2007,AKN,AK,AAL,WE,Federal Contract Tower,6,53,6,0,65,0,178,64,0,242,6,231,70,0,307,4,0,4,311
07/21/2007,AKN,AK,AAL,WE,Federal Contract Tower,4,38,4,0,46,0,226,52,0,278,4,264,56,0,324,2,0,2,326
07/22/2007,AKN,AK,AAL,WE,Federal Contract Tower,2,72,14,0,88,0,130,17,0,147,2,202,31,0,235,0,0,0,235
07/23/2007,AKN,AK,AAL,WE,Federal Contract Tower,4,36,3,2,45,0,149,26,0,175,4,185,29,2,220,1,9,10,230
07/24/2007,AKN,AK,AAL,WE,Federal Contract Tower,7,31,0,2,40,0,178,22,4,204,7,209,22,6,244,0,16,16,260
07/25/2007,AKN,AK,AAL,WE,Federal Contract Tower,2,27,2,0,31,0,147,22,0,169,2,174,24,0,200,0,0,0,200
07/26/2007,AKN,AK,AAL,WE,Federal Contract Tower,8,25,4,0,37,0,187,38,0,225,8,212,42,0,262,0,0,0,262
07/27/2007,AKN,AK,AAL,WE,Federal Contract Tower,4,26,5,0,35,0,232,48,2,282,4,258,53,2,317,2,0,2,319
07/28/2007,AKN,AK,AAL,WE,Federal Contract Tower,4,127,21,0,152,0,0,0,0,0,4,127,21,0,152,0,0,0,152
07/29/2007,AKN,AK,AAL,WE,Federal Contract Tower,2,44,10,0,56,0,108,20,0,128,2,152,30,0,184,0,0,0,184
07/30/2007,AKN,AK,AAL,WE,Federal Contract Tower,2,51,8,0,61,0,51,21,0,72,2,102,29,0,133,0,0,0,133
07/31/2007,AKN,AK,AAL,WE,Federal Contract Tower,6,37,8,2,53,0,118,27,0,145,6,155,35,2,198,10,34,44,242
08/01/2007,AKN,AK,AAL,WE,Federal Contract Tower,5,17,4,0,26,0,118,37,0,155,5,135,41,0,181,0,0,0,181
08/02/2007,AKN,AK,AAL,WE,Federal Contract Tower,6,17,4,2,29,0,142,17,2,161,6,159,21,4,190,0,20,20,210
08/03/2007,AKN,AK,AAL,WE,Federal Contract Tower,2,19,1,0,22,0,151,26,0,177,2,170,27,0,199,0,0,0,199
08/04/2007,AKN,AK,AAL,WE,Federal Contract Tower,6,21,0,0,27,0,83,16,0,99,6,104,16,0,126,0,0,0,126
08/05/2007,AKN,AK,AAL,WE,Federal Contract Tower,2,97,10,0,109,0,41,0,0,41,2,138,10,0,150,0,0,0,150
08/06/2007,AKN,AK,AAL,WE,Federal Contract Tower,1,20,0,4,25,0,120,21,0,141,1,140,21,4,166,2,12,14,180
08/07/2007,AKN,AK,AAL,WE,Federal Contract Tower,6,12,0,0,18,0,115,42,0,157,6,127,42,0,175,0,0,0,175
08/08/2007,AKN,AK,AAL,WE,Federal Contract Tower,4,19,2,0,25,0,115,36,0,151,4,134,38,0,176,0,0,0,176
08/09/2007,AKN,AK,AAL,WE,Federal Contract Tower,5,31,8,4,48,1,80,41,1,123,6,111,49,5,171,0,8,8,179
08/10/2007,AKN,AK,AAL,WE,Federal Contract Tower,2,22,6,2,32,0,127,54,0,181,2,149,60,2,213,0,0,0,213
08/11/2007,AKN,AK,AAL,WE,Federal Contract Tower,6,25,9,0,40,0,128,32,0,160,6,153,41,0,200,0,0,0,200
08/12/2007,AKN,AK,AAL,WE,Federal Contract Tower,2,20,5,0,27,0,124,38,0,162,2,144,43,0,189,0,0,0,189
08/13/2007,AKN,AK,AAL,WE,Federal Contract Tower,2,22,5,0,29,0,133,64,0,197,2,155,69,0,226,8,0,8,234
08/14/2007,AKN,AK,AAL,WE,Federal Contract Tower,6,49,12,0,67,0,78,24,0,102,6,127,36,0,169,0,0,0,169
08/15/2007,AKN,AK,AAL,WE,Federal Contract Tower,4,18,3,2,27,1,144,51,0,196,5,162,54,2,223,0,14,14,237
08/16/2007,AKN,AK,AAL,WE,Federal Contract Tower,4,27,3,0,34,2,92,45,0,139,6,119,48,0,173,0,0,0,173
08/17/2007,AKN,AK,AAL,WE,Federal Contract Tower,2,15,7,0,24,0,113,37,12,162,2,128,44,12,186,0,2,2,188
08/18/2007,AKN,AK,AAL,WE,Federal Contract Tower,4,20,8,0,32,0,121,24,0,145,4,141,32,0,177,0,0,0,177
08/19/2007,AKN,AK,AAL,WE,Federal Contract Tower,2,19,6,0,27,0,99,32,0,131,2,118,38,0,158,0,0,0,158
08/20/2007,AKN,AK,AAL,WE,Federal Contract Tower,2,16,2,0,20,0,121,41,0,162,2,137,43,0,182,0,0,0,182
08/21/2007,AKN,AK,AAL,WE,Federal Contract Tower,8,47,5,2,62,0,61,15,0,76,8,108,20,2,138,0,0,0,138
08/22/2007,AKN,AK,AAL,WE,Federal Contract Tower,2,12,3,2,19,0,109,28,0,137,2,121,31,2,156,0,0,0,156
08/23/2007,AKN,AK,AAL,WE,Federal Contract Tower,4,37,2,0,43,0,71,38,0,109,4,108,40,0,152,0,0,0,152
08/24/2007,AKN,AK,AAL,WE,Federal Contract Tower,6,18,4,0,28,0,102,37,0,139,6,120,41,0,167,0,0,0,167
08/25/2007,AKN,AK,AAL,WE,Federal Contract Tower,2,63,13,0,78,0,83,24,0,107,2,146,37,0,185,0,0,0,185
08/26/2007,AKN,AK,AAL,WE,Federal Contract Tower,2,10,1,0,13,0,110,18,0,128,2,120,19,0,141,0,0,0,141
08/27/2007,AKN,AK,AAL,WE,Federal Contract Tower,2,16,1,0,19,1,100,22,5,128,3,116,23,5,147,0,3,3,150
08/28/2007,AKN,AK,AAL,WE,Federal Contract Tower,6,13,0,0,19,0,98,41,0,139,6,111,41,0,158,0,0,0,158
08/29/2007,AKN,AK,AAL,WE,Federal Contract Tower,0,13,1,1,15,0,118,26,1,145,0,131,27,2,160,0,0,0,160
08/30/2007,AKN,AK,AAL,WE,Federal Contract Tower,4,32,8,0,44,0,53,25,0,78,4,85,33,0,122,0,0,0,122
08/31/2007,AKN,AK,AAL,WE,Federal Contract Tower,4,29,7,0,40,0,77,34,0,111,4,106,41,0,151,0,0,0,151
09/01/2007,AKN,AK,AAL,WE,Federal Contract Tower,6,16,1,0,23,0,119,19,0,138,6,135,20,0,161,0,0,0,161
09/02/2007,AKN,AK,AAL,WE,Federal Contract Tower,4,12,5,0,21,0,99,31,0,130,4,111,36,0,151,0,0,0,151
09/03/2007,AKN,AK,AAL,WE,Federal Contract Tower,1,10,1,0,12,1,85,13,0,99,2,95,14,0,111,6,0,6,117
09/04/2007,AKN,AK,AAL,WE,Federal Contract Tower,2,11,2,0,15,0,105,30,0,135,2,116,32,0,150,0,0,0,150
09/05/2007,AKN,AK,AAL,WE,Federal Contract Tower,2,30,1,2,35,0,84,10,0,94,2,114,11,2,129,0,0,0,129
09/06/2007,AKN,AK,AAL,WE,Federal Contract Tower,4,14,6,0,24,0,82,44,0,126,4,96,50,0,150,0,0,0,150
09/07/2007,AKN,AK,AAL,WE,Federal Contract Tower,2,14,1,0,17,0,99,38,0,137,2,113,39,0,154,0,0,0,154
09/08/2007,AKN,AK,AAL,WE,Federal Contract Tower,4,19,1,0,24,0,133,31,0,164,4,152,32,0,188,0,0,0,188
09/09/2007,AKN,AK,AAL,WE,Federal Contract Tower,0,16,3,0,19,0,125,32,0,157,0,141,35,0,176,0,0,0,176
09/10/2007,AKN,AK,AAL,WE,Federal Contract Tower,2,15,2,0,19,0,112,29,0,141,2,127,31,0,160,0,0,0,160
09/11/2007,AKN,AK,AAL,WE,Federal Contract Tower,2,18,0,0,20,0,76,13,0,89,2,94,13,0,109,0,0,0,109
09/12/2007,AKN,AK,AAL,WE,Federal Contract Tower,0,14,0,1,15,0,116,23,0,139,0,130,23,1,154,0,14,14,168
09/13/2007,AKN,AK,AAL,WE,Federal Contract Tower,6,13,1,0,20,0,79,42,0,121,6,92,43,0,141,0,0,0,141
09/14/2007,AKN,AK,AAL,WE,Federal Contract Tower,2,12,5,0,19,0,110,56,0,166,2,122,61,0,185,0,0,0,185
09/15/2007,AKN,AK,AAL,WE,Federal Contract Tower,2,22,0,0,24,0,127,26,0,153,2,149,26,0,177,0,0,0,177
09/16/2007,AKN,AK,AAL,WE,Federal Contract Tower,0,12,4,0,16,0,67,35,0,102,0,79,39,0,118,0,0,0,118
09/17/2007,AKN,AK,AAL,WE,Federal Contract Tower,2,18,1,0,21,0,110,36,0,146,2,128,37,0,167,0,0,0,167
09/18/2007,AKN,AK,AAL,WE,Federal Contract Tower,4,16,0,0,20,0,63,16,0,79,4,79,16,0,99,0,0,0,99
09/19/2007,AKN,AK,AAL,WE,Federal Contract Tower,2,10,4,1,17,0,89,39,0,128,2,99,43,1,145,4,0,4,149
09/20/2007,AKN,AK,AAL,WE,Federal Contract Tower,2,41,7,0,50,0,70,21,0,91,2,111,28,0,141,0,0,0,141
09/21/2007,AKN,AK,AAL,WE,Federal Contract Tower,2,15,3,0,20,0,122,45,0,167,2,137,48,0,187,0,0,0,187
09/22/2007,AKN,AK,AAL,WE,Federal Contract Tower,2,10,0,0,12,0,70,24,0,94,2,80,24,0,106,0,0,0,106
09/23/2007,AKN,AK,AAL,WE,Federal Contract Tower,0,6,4,0,10,0,39,34,0,73,0,45,38,0,83,0,0,0,83
09/24/2007,AKN,AK,AAL,WE,Federal Contract Tower,2,11,1,0,14,0,78,19,0,97,2,89,20,0,111,0,0,0,111
09/25/2007,AKN,AK,AAL,WE,Federal Contract Tower,4,11,0,0,15,0,80,13,0,93,4,91,13,0,108,0,0,0,108
09/26/2007,AKN,AK,AAL,WE,Federal Contract Tower,2,10,1,0,13,0,58,16,0,74,2,68,17,0,87,0,0,0,87
09/27/2007,AKN,AK,AAL,WE,Federal Contract Tower,2,15,0,0,17,0,82,16,0,98,2,97,16,0,115,0,0,0,115
09/28/2007,AKN,AK,AAL,WE,Federal Contract Tower,4,17,2,2,25,0,91,24,0,115,4,108,26,2,140,0,0,0,140
09/29/2007,AKN,AK,AAL,WE,Federal Contract Tower,5,19,0,0,24,0,68,30,0,98,5,87,30,0,122,0,0,0,122
09/30/2007,AKN,AK,AAL,WE,Federal Contract Tower,0,14,7,0,21,0,82,14,0,96,0,96,21,0,117,0,0,0,117
10/01/2007,AKN,AK,AAL,WE,Federal Contract Tower,0,14,0,0,14,0,49,23,0,72,0,63,23,0,86,0,0,0,86
10/02/2007,AKN,AK,AAL,WE,Federal Contract Tower,2,11,0,1,14,0,34,16,1,51,2,45,16,2,65,0,0,0,65
10/03/2007,AKN,AK,AAL,WE,Federal Contract Tower,3,9,0,2,14,0,50,24,2,76,3,59,24,4,90,0,16,16,106
10/04/2007,AKN,AK,AAL,WE,Federal Contract Tower,4,17,0,0,21,0,58,18,0,76,4,75,18,0,97,10,0,10,107
10/05/2007,AKN,AK,AAL,WE,Federal Contract Tower,0,21,1,2,24,0,43,4,0,47,0,64,5,2,71,0,0,0,71
10/06/2007,AKN,AK,AAL,WE,Federal Contract Tower,2,12,0,0,14,0,52,18,0,70,2,64,18,0,84,0,0,0,84
10/07/2007,AKN,AK,AAL,WE,Federal Contract Tower,0,6,2,0,8,0,46,16,0,62,0,52,18,0,70,0,0,0,70
10/08/2007,AKN,AK,AAL,WE,Federal Contract Tower,2,11,0,0,13,0,46,24,0,70,2,57,24,0,83,10,0,10,93
10/09/2007,AKN,AK,AAL,WE,Federal Contract Tower,2,13,0,0,15,0,54,31,0,85,2,67,31,0,100,0,0,0,100
10/10/2007,AKN,AK,AAL,WE,Federal Contract Tower,2,9,0,0,11,0,50,38,2,90,2,59,38,2,101,0,20,20,121
10/11/2007,AKN,AK,AAL,WE,Federal Contract Tower,2,8,3,0,13,0,43,19,0,62,2,51,22,0,75,0,0,0,75
10/12/2007,AKN,AK,AAL,WE,Federal Contract Tower,0,17,1,5,23,0,43,26,0,69,0,60,27,5,92,2,26,28,120
10/13/2007,AKN,AK,AAL,WE,Federal Contract Tower,4,20,2,0,26,0,26,18,0,44,4,46,20,0,70,0,0,0,70
10/14/2007,AKN,AK,AAL,WE,Federal Contract Tower,0,6,1,0,7,0,23,17,0,40,0,29,18,0,47,0,0,0,47
10/15/2007,AKN,AK,AAL,WE,Federal Contract Tower,0,9,0,0,9,0,36,7,0,43,0,45,7,0,52,0,0,0,52
10/16/2007,AKN,AK,AAL,WE,Federal Contract Tower,3,5,0,0,8,1,34,20,0,55,4,39,20,0,63,8,0,8,71
10/17/2007,AKN,AK,AAL,WE,Federal Contract Tower,2,7,1,2,12,1,29,18,0,48,3,36,19,2,60,9,18,27,87
10/18/2007,AKN,AK,AAL,WE,Federal Contract Tower,0,11,2,2,15,0,27,21,1,49,0,38,23,3,64,4,8,12,76
10/19/2007,AKN,AK,AAL,WE,Federal Contract Tower,0,14,2,2,18,0,33,25,0,58,0,47,27,2,76,0,0,0,76
10/20/2007,AKN,AK,AAL,WE,Federal Contract Tower,4,8,3,0,15,0,36,12,0,48,4,44,15,0,63,0,0,0,63
10/21/2007,AKN,AK,AAL,WE,Federal Contract Tower,0,9,1,1,11,0,20,13,2,35,0,29,14,3,46,0,5,5,51
10/22/2007,AKN,AK,AAL,WE,Federal Contract Tower,2,9,0,0,11,0,30,21,2,53,2,39,21,2,64,0,6,6,70
10/23/2007,AKN,AK,AAL,WE,Federal Contract Tower,0,13,1,0,14,0,20,9,0,29,0,33,10,0,43,8,0,8,51
10/24/2007,AKN,AK,AAL,WE,Federal Contract Tower,4,11,3,1,19,0,25,12,11,48,4,36,15,12,67,21,1,22,89
10/25/2007,AKN,AK,AAL,WE,Federal Contract Tower,1,14,0,1,16,0,26,4,0,30,1,40,4,1,46,0,0,0,46
10/26/2007,AKN,AK,AAL,WE,Federal Contract Tower,0,12,0,0,12,0,32,12,0,44,0,44,12,0,56,0,0,0,56
10/27/2007,AKN,AK,AAL,WE,Federal Contract Tower,2,11,0,0,13,0,20,13,0,33,2,31,13,0,46,0,0,0,46
10/28/2007,AKN,AK,AAL,WE,Federal Contract Tower,0,17,9,0,26,0,10,8,0,18,0,27,17,0,44,0,0,0,44
10/29/2007,AKN,AK,AAL,WE,Federal Contract Tower,2,9,0,0,11,0,24,12,0,36,2,33,12,0,47,0,0,0,47
10/30/2007,AKN,AK,AAL,WE,Federal Contract Tower,1,20,6,0,27,0,8,8,0,16,1,28,14,0,43,0,0,0,43
10/31/2007,AKN,AK,AAL,WE,Federal Contract Tower,4,7,0,0,11,0,22,21,0,43,4,29,21,0,54,0,0,0,54
11/01/2007,AKN,AK,AAL,WE,Federal Contract Tower,2,9,10,2,23,0,22,1,0,23,2,31,11,2,46,0,10,10,56
11/02/2007,AKN,AK,AAL,WE,Federal Contract Tower,2,18,2,0,22,0,32,12,0,44,2,50,14,0,66,0,0,0,66
11/03/2007,AKN,AK,AAL,WE,Federal Contract Tower,2,7,0,0,9,0,26,10,0,36,2,33,10,0,45,0,0,0,45
11/04/2007,AKN,AK,AAL,WE,Federal Contract Tower,0,6,0,0,6,0,18,2,0,20,0,24,2,0,26,0,0,0,26
11/05/2007,AKN,AK,AAL,WE,Federal Contract Tower,2,7,0,1,10,0,18,6,2,26,2,25,6,3,36,0,4,4,40
11/06/2007,AKN,AK,AAL,WE,Federal Contract Tower,0,8,0,4,12,0,16,0,0,16,0,24,0,4,28,0,0,0,28
11/07/2007,AKN,AK,AAL,WE,Federal Contract Tower,3,10,0,2,15,0,20,2,0,22,3,30,2,2,37,0,8,8,45
11/08/2007,AKN,AK,AAL,WE,Federal Contract Tower,2,7,0,0,9,0,15,0,0,15,2,22,0,0,24,0,0,0,24
11/09/2007,AKN,AK,AAL,WE,Federal Contract Tower,0,8,0,0,8,0,30,9,0,39,0,38,9,0,47,0,0,0,47
11/10/2007,AKN,AK,AAL,WE,Federal Contract Tower,4,5,0,0,9,0,15,6,0,21,4,20,6,0,30,0,0,0,30
11/11/2007,AKN,AK,AAL,WE,Federal Contract Tower,0,11,1,0,12,0,1,0,0,1,0,12,1,0,13,0,0,0,13
11/12/2007,AKN,AK,AAL,WE,Federal Contract Tower,0,18,1,0,19,0,15,1,0,16,0,33,2,0,35,0,0,0,35
11/13/2007,AKN,AK,AAL,WE,Federal Contract Tower,0,13,5,3,21,0,15,4,1,20,0,28,9,4,41,0,2,2,43
11/14/2007,AKN,AK,AAL,WE,Federal Contract Tower,4,9,0,0,13,0,13,8,0,21,4,22,8,0,34,0,0,0,34
11/15/2007,AKN,AK,AAL,WE,Federal Contract Tower,7,8,0,0,15,1,26,2,0,29,8,34,2,0,44,0,0,0,44
11/16/2007,AKN,AK,AAL,WE,Federal Contract Tower,0,10,0,0,10,0,24,2,0,26,0,34,2,0,36,0,0,0,36
11/17/2007,AKN,AK,AAL,WE,Federal Contract Tower,2,8,0,0,10,0,30,2,0,32,2,38,2,0,42,0,0,0,42
11/18/2007,AKN,AK,AAL,WE,Federal Contract Tower,0,8,0,0,8,0,19,7,0,26,0,27,7,0,34,1,0,1,35
11/19/2007,AKN,AK,AAL,WE,Federal Contract Tower,0,7,0,0,7,0,16,11,0,27,0,23,11,0,34,0,0,0,34
11/20/2007,AKN,AK,AAL,WE,Federal Contract Tower,2,8,0,0,10,0,24,3,0,27,2,32,3,0,37,0,0,0,37
11/21/2007,AKN,AK,AAL,WE,Federal Contract Tower,6,5,0,0,11,0,29,3,0,32,6,34,3,0,43,0,0,0,43
11/22/2007,AKN,AK,AAL,WE,Federal Contract Tower,0,0,0,0,0,0,0,1,0,1,0,0,1,0,1,0,0,0,1
11/23/2007,AKN,AK,AAL,WE,Federal Contract Tower,0,7,0,0,7,0,18,4,0,22,0,25,4,0,29,0,0,0,29
11/24/2007,AKN,AK,AAL,WE,Federal Contract Tower,2,7,0,0,9,1,17,3,0,21,3,24,3,0,30,0,0,0,30
11/25/2007,AKN,AK,AAL,WE,Federal Contract Tower,0,6,0,0,6,0,14,2,0,16,0,20,2,0,22,0,0,0,22
11/26/2007,AKN,AK,AAL,WE,Federal Contract Tower,0,22,10,2,34,0,0,4,0,4,0,22,14,2,38,0,0,0,38
11/27/2007,AKN,AK,AAL,WE,Federal Contract Tower,2,6,0,0,8,0,17,8,0,25,2,23,8,0,33,0,0,0,33
11/28/2007,AKN,AK,AAL,WE,Federal Contract Tower,7,8,0,1,16,0,26,18,3,47,7,34,18,4,63,0,22,22,85
11/29/2007,AKN,AK,AAL,WE,Federal Contract Tower,2,21,1,0,24,0,18,2,0,20,2,39,3,0,44,0,0,0,44
11/30/2007,AKN,AK,AAL,WE,Federal Contract Tower,0,12,0,0,12,0,10,4,0,14,0,22,4,0,26,0,0,0,26
12/01/2007,AKN,AK,AAL,WE,Federal Contract Tower,4,7,1,0,12,0,27,19,0,46,4,34,20,0,58,0,0,0,58
12/02/2007,AKN,AK,AAL,WE,Federal Contract Tower,0,14,2,0,16,0,13,20,0,33,0,27,22,0,49,4,0,4,53
12/03/2007,AKN,AK,AAL,WE,Federal Contract Tower,0,12,0,0,12,0,13,12,0,25,0,25,12,0,37,0,0,0,37
12/04/2007,AKN,AK,AAL,WE,Federal Contract Tower,0,10,0,0,10,0,13,12,1,26,0,23,12,1,36,0,0,0,36
12/05/2007,AKN,AK,AAL,WE,Federal Contract Tower,4,10,1,2,17,0,15,13,1,29,4,25,14,3,46,0,11,11,57
12/06/2007,AKN,AK,AAL,WE,Federal Contract Tower,0,11,0,2,13,0,33,6,0,39,0,44,6,2,52,0,16,16,68
12/07/2007,AKN,AK,AAL,WE,Federal Contract Tower,0,20,2,0,22,0,10,0,0,10,0,30,2,0,32,0,0,0,32
12/08/2007,AKN,AK,AAL,WE,Federal Contract Tower,3,14,1,0,18,0,16,21,0,37,3,30,22,0,55,0,0,0,55
12/09/2007,AKN,AK,AAL,WE,Federal Contract Tower,0,10,0,0,10,0,14,22,0,36,0,24,22,0,46,0,0,0,46
12/10/2007,AKN,AK,AAL,WE,Federal Contract Tower,0,28,18,0,46,0,1,3,0,4,0,29,21,0,50,0,0,0,50
12/11/2007,AKN,AK,AAL,WE,Federal Contract Tower,6,11,2,0,19,0,18,19,0,37,6,29,21,0,56,0,0,0,56
12/12/2007,AKN,AK,AAL,WE,Federal Contract Tower,1,8,0,4,13,1,36,16,0,53,2,44,16,4,66,0,2,2,68
12/13/2007,AKN,AK,AAL,WE,Federal Contract Tower,2,18,2,0,22,0,9,3,0,12,2,27,5,0,34,0,0,0,34
12/14/2007,AKN,AK,AAL,WE,Federal Contract Tower,0,9,0,0,9,0,25,8,0,33,0,34,8,0,42,0,0,0,42
12/15/2007,AKN,AK,AAL,WE,Federal Contract Tower,4,12,0,0,16,0,17,36,0,53,4,29,36,0,69,4,0,4,73
12/16/2007,AKN,AK,AAL,WE,Federal Contract Tower,0,8,0,0,8,0,12,29,0,41,0,20,29,0,49,0,0,0,49
12/17/2007,AKN,AK,AAL,WE,Federal Contract Tower,0,8,0,0,8,0,17,34,0,51,0,25,34,0,59,0,0,0,59
12/18/2007,AKN,AK,AAL,WE,Federal Contract Tower,2,8,0,0,10,0,22,30,2,54,2,30,30,2,64,0,8,8,72
12/19/2007,AKN,AK,AAL,WE,Federal Contract Tower,2,10,0,0,12,2,19,31,0,52,4,29,31,0,64,0,0,0,64
12/20/2007,AKN,AK,AAL,WE,Federal Contract Tower,2,13,1,0,16,0,15,17,0,32,2,28,18,0,48,0,0,0,48
12/21/2007,AKN,AK,AAL,WE,Federal Contract Tower,0,16,2,0,18,0,14,14,0,28,0,30,16,0,46,0,0,0,46
12/22/2007,AKN,AK,AAL,WE,Federal Contract Tower,6,11,1,0,18,4,23,1,0,28,10,34,2,0,46,0,0,0,46
12/23/2007,AKN,AK,AAL,WE,Federal Contract Tower,0,15,0,0,15,0,10,8,0,18,0,25,8,0,33,0,0,0,33
12/24/2007,AKN,AK,AAL,WE,Federal Contract Tower,0,9,0,0,9,0,13,0,0,13,0,22,0,0,22,0,0,0,22
12/25/2007,AKN,AK,AAL,WE,Federal Contract Tower,0,0,0,0,0,0,0,0,0,0,0,0,0,0,0,0,0,0,0
12/26/2007,AKN,AK,AAL,WE,Federal Contract Tower,4,14,0,0,18,0,14,0,0,14,4,28,0,0,32,3,0,3,35
12/27/2007,AKN,AK,AAL,WE,Federal Contract Tower,0,28,0,0,28,0,11,0,0,11,0,39,0,0,39,0,0,0,39
12/28/2007,AKN,AK,AAL,WE,Federal Contract Tower,0,17,0,0,17,0,25,5,0,30,0,42,5,0,47,0,0,0,47
12/29/2007,AKN,AK,AAL,WE,Federal Contract Tower,4,11,0,0,15,0,15,8,0,23,4,26,8,0,38,0,0,0,38
12/30/2007,AKN,AK,AAL,WE,Federal Contract Tower,0,13,0,0,13,0,5,2,0,7,0,18,2,0,20,0,0,0,20
12/31/2007,AKN,AK,AAL,WE,Federal Contract Tower,0,22,0,0,22,0,10,0,0,10,0,32,0,0,32,0,0,0,32
01/01/2008,AKN,AK,AAL,WE,Federal Contract Tower,0,0,0,0,0,0,0,0,0,0,0,0,0,0,0,0,0,0,0
01/02/2008,AKN,AK,AAL,WE,Federal Contract Tower,4,8,0,0,12,0,20,11,0,31,4,28,11,0,43,8,0,8,51
01/03/2008,AKN,AK,AAL,WE,Federal Contract Tower,0,16,0,6,22,0,12,4,2,18,0,28,4,8,40,0,22,22,62
01/04/2008,AKN,AK,AAL,WE,Federal Contract Tower,0,14,0,0,14,0,24,0,0,24,0,38,0,0,38,0,0,0,38
01/05/2008,AKN,AK,AAL,WE,Federal Contract Tower,6,25,0,0,31,0,17,2,0,19,6,42,2,0,50,0,0,0,50
01/06/2008,AKN,AK,AAL,WE,Federal Contract Tower,0,12,0,0,12,0,21,0,0,21,0,33,0,0,33,0,0,0,33
01/07/2008,AKN,AK,AAL,WE,Federal Contract Tower,2,11,0,0,13,0,19,2,0,21,2,30,2,0,34,0,0,0,34
01/08/2008,AKN,AK,AAL,WE,Federal Contract Tower,1,7,0,3,11,1,27,2,0,30,2,34,2,3,41,0,0,0,41
01/09/2008,AKN,AK,AAL,WE,Federal Contract Tower,2,12,0,0,14,0,23,2,0,25,2,35,2,0,39,0,1,1,40
01/10/2008,AKN,AK,AAL,WE,Federal Contract Tower,2,15,0,0,17,0,20,0,0,20,2,35,0,0,37,0,0,0,37
01/11/2008,AKN,AK,AAL,WE,Federal Contract Tower,0,12,0,0,12,0,26,0,2,28,0,38,0,2,40,6,2,8,48
01/12/2008,AKN,AK,AAL,WE,Federal Contract Tower,2,16,0,0,18,0,20,1,0,21,2,36,1,0,39,0,0,0,39
01/13/2008,AKN,AK,AAL,WE,Federal Contract Tower,0,4,0,0,4,0,17,0,0,17,0,21,0,0,21,0,0,0,21
01/14/2008,AKN,AK,AAL,WE,Federal Contract Tower,0,19,0,2,21,0,17,0,2,19,0,36,0,4,40,0,16,16,56
01/15/2008,AKN,AK,AAL,WE,Federal Contract Tower,2,20,0,2,24,0,12,2,2,16,2,32,2,4,40,0,8,8,48
01/16/2008,AKN,AK,AAL,WE,Federal Contract Tower,4,23,0,2,29,0,17,0,0,17,4,40,0,2,46,0,5,5,51
01/17/2008,AKN,AK,AAL,WE,Federal Contract Tower,0,18,0,0,18,0,15,0,0,15,0,33,0,0,33,0,0,0,33
01/18/2008,AKN,AK,AAL,WE,Federal Contract Tower,3,12,0,0,15,0,29,6,0,35,3,41,6,0,50,10,0,10,60
01/19/2008,AKN,AK,AAL,WE,Federal Contract Tower,2,17,0,0,19,0,20,0,0,20,2,37,0,0,39,0,0,0,39
01/20/2008,AKN,AK,AAL,WE,Federal Contract Tower,0,21,0,0,21,0,15,0,0,15,0,36,0,0,36,0,0,0,36
01/21/2008,AKN,AK,AAL,WE,Federal Contract Tower,0,11,2,0,13,0,12,0,0,12,0,23,2,0,25,2,0,2,27
01/22/2008,AKN,AK,AAL,WE,Federal Contract Tower,2,7,0,0,9,0,15,0,0,15,2,22,0,0,24,0,0,0,24
01/23/2008,AKN,AK,AAL,WE,Federal Contract Tower,0,11,0,1,12,0,21,11,1,33,0,32,11,2,45,0,0,0,45
01/24/2008,AKN,AK,AAL,WE,Federal Contract Tower,2,15,1,0,18,0,11,3,0,14,2,26,4,0,32,0,0,0,32
01/25/2008,AKN,AK,AAL,WE,Federal Contract Tower,0,25,0,0,25,0,20,0,0,20,0,45,0,0,45,0,0,0,45
01/26/2008,AKN,AK,AAL,WE,Federal Contract Tower,2,11,0,0,13,0,24,1,0,25,2,35,1,0,38,0,0,0,38
01/27/2008,AKN,AK,AAL,WE,Federal Contract Tower,0,20,0,0,20,0,2,0,0,2,0,22,0,0,22,0,0,0,22
01/28/2008,AKN,AK,AAL,WE,Federal Contract Tower,0,26,0,0,26,0,2,0,0,2,0,28,0,0,28,0,0,0,28
01/29/2008,AKN,AK,AAL,WE,Federal Contract Tower,0,7,0,0,7,0,5,1,0,6,0,12,1,0,13,0,0,0,13
01/30/2008,AKN,AK,AAL,WE,Federal Contract Tower,2,12,1,1,16,0,27,6,1,34,2,39,7,2,50,0,0,0,50
01/31/2008,AKN,AK,AAL,WE,Federal Contract Tower,2,15,0,0,17,0,2,0,0,2,2,17,0,0,19,0,0,0,19
02/01/2008,AKN,AK,AAL,WE,Federal Contract Tower,0,11,0,0,11,0,25,7,0,32,0,36,7,0,43,14,0,14,57
02/02/2008,AKN,AK,AAL,WE,Federal Contract Tower,4,7,0,0,11,0,24,11,0,35,4,31,11,0,46,0,0,0,46
02/03/2008,AKN,AK,AAL,WE,Federal Contract Tower,0,6,0,0,6,0,17,2,0,19,0,23,2,0,25,0,0,0,25
02/04/2008,AKN,AK,AAL,WE,Federal Contract Tower,0,7,0,3,10,0,12,7,0,19,0,19,7,3,29,0,6,6,35
02/05/2008,AKN,AK,AAL,WE,Federal Contract Tower,4,7,0,0,11,0,20,15,0,35,4,27,15,0,46,0,0,0,46
02/06/2008,AKN,AK,AAL,WE,Federal Contract Tower,2,6,0,1,9,0,19,6,1,26,2,25,6,2,35,0,0,0,35
02/07/2008,AKN,AK,AAL,WE,Federal Contract Tower,1,4,0,0,5,0,20,9,0,29,1,24,9,0,34,2,0,2,36
02/08/2008,AKN,AK,AAL,WE,Federal Contract Tower,2,11,0,0,13,0,17,4,0,21,2,28,4,0,34,0,0,0,34
02/09/2008,AKN,AK,AAL,WE,Federal Contract Tower,2,9,0,0,11,0,21,2,0,23,2,30,2,0,34,0,0,0,34
02/10/2008,AKN,AK,AAL,WE,Federal Contract Tower,0,6,0,0,6,0,21,2,0,23,0,27,2,0,29,0,0,0,29
02/11/2008,AKN,AK,AAL,WE,Federal Contract Tower,0,7,0,1,8,0,22,4,1,27,0,29,4,2,35,9,8,17,52
02/12/2008,AKN,AK,AAL,WE,Federal Contract Tower,1,10,0,0,11,1,49,3,0,53,2,59,3,0,64,0,0,0,64
02/13/2008,AKN,AK,AAL,WE,Federal Contract Tower,2,11,0,0,13,0,17,6,0,23,2,28,6,0,36,0,0,0,36
02/14/2008,AKN,AK,AAL,WE,Federal Contract Tower,0,19,0,0,19,0,6,0,0,6,0,25,0,0,25,0,0,0,25
02/15/2008,AKN,AK,AAL,WE,Federal Contract Tower,0,7,0,0,7,0,18,1,0,19,0,25,1,0,26,0,0,0,26
02/16/2008,AKN,AK,AAL,WE,Federal Contract Tower,4,16,0,0,20,0,11,0,0,11,4,27,0,0,31,0,0,0,31
02/17/2008,AKN,AK,AAL,WE,Federal Contract Tower,0,10,0,0,10,0,23,2,0,25,0,33,2,0,35,1,0,1,36
02/18/2008,AKN,AK,AAL,WE,Federal Contract Tower,0,9,0,0,9,0,29,4,0,33,0,38,4,0,42,34,0,34,76
02/19/2008,AKN,AK,AAL,WE,Federal Contract Tower,0,11,0,2,13,0,17,1,0,18,0,28,1,2,31,12,0,12,43
02/20/2008,AKN,AK,AAL,WE,Federal Contract Tower,2,7,0,0,9,0,31,3,0,34,2,38,3,0,43,8,0,8,51
02/21/2008,AKN,AK,AAL,WE,Federal Contract Tower,4,14,0,2,20,0,29,6,0,35,4,43,6,2,55,0,0,0,55
02/22/2008,AKN,AK,AAL,WE,Federal Contract Tower,0,19,2,3,24,0,17,0,2,19,0,36,2,5,43,0,10,10,53
02/23/2008,AKN,AK,AAL,WE,Federal Contract Tower,0,24,0,0,24,0,0,0,0,0,0,24,0,0,24,0,0,0,24
02/24/2008,AKN,AK,AAL,WE,Federal Contract Tower,0,10,2,0,12,0,21,1,0,22,0,31,3,0,34,0,0,0,34
02/25/2008,AKN,AK,AAL,WE,Federal Contract Tower,0,11,0,0,11,0,15,4,0,19,0,26,4,0,30,0,0,0,30
02/26/2008,AKN,AK,AAL,WE,Federal Contract Tower,2,9,0,0,11,0,12,2,0,14,2,21,2,0,25,0,0,0,25
02/27/2008,AKN,AK,AAL,WE,Federal Contract Tower,2,8,0,2,12,1,25,5,0,31,3,33,5,2,43,0,0,0,43
02/28/2008,AKN,AK,AAL,WE,Federal Contract Tower,2,10,0,2,14,0,20,1,0,21,2,30,1,2,35,4,0,4,39
02/29/2008,AKN,AK,AAL,WE,Federal Contract Tower,0,12,0,0,12,0,31,6,0,37,0,43,6,0,49,0,0,0,49
03/01/2008,AKN,AK,AAL,WE,Federal Contract Tower,2,9,0,0,11,0,13,5,0,18,2,22,5,0,29,0,0,0,29
03/02/2008,AKN,AK,AAL,WE,Federal Contract Tower,0,4,0,0,4,0,12,0,0,12,0,16,0,0,16,0,0,0,16
03/03/2008,AKN,AK,AAL,WE,Federal Contract Tower,0,10,0,0,10,0,11,1,0,12,0,21,1,0,22,0,0,0,22
03/04/2008,AKN,AK,AAL,WE,Federal Contract Tower,0,10,3,3,16,0,31,2,1,34,0,41,5,4,50,0,0,0,50
03/05/2008,AKN,AK,AAL,WE,Federal Contract Tower,4,13,1,0,18,0,23,0,0,23,4,36,1,0,41,0,0,0,41
03/06/2008,AKN,AK,AAL,WE,Federal Contract Tower,2,16,0,0,18,0,30,2,0,32,2,46,2,0,50,0,0,0,50
03/07/2008,AKN,AK,AAL,WE,Federal Contract Tower,0,18,1,0,19,0,26,7,0,33,0,44,8,0,52,0,0,0,52
03/08/2008,AKN,AK,AAL,WE,Federal Contract Tower,2,9,0,0,11,0,16,5,2,23,2,25,5,2,34,0,14,14,48
03/09/2008,AKN,AK,AAL,WE,Federal Contract Tower,0,5,0,0,5,0,30,9,0,39,0,35,9,0,44,0,0,0,44
03/10/2008,AKN,AK,AAL,WE,Federal Contract Tower,0,7,0,2,9,0,25,1,0,26,0,32,1,2,35,0,0,0,35
03/11/2008,AKN,AK,AAL,WE,Federal Contract Tower,0,11,0,0,11,0,27,6,0,33,0,38,6,0,44,9,0,9,53
03/12/2008,AKN,AK,AAL,WE,Federal Contract Tower,4,7,0,0,11,0,24,0,0,24,4,31,0,0,35,0,0,0,35
03/13/2008,AKN,AK,AAL,WE,Federal Contract Tower,2,11,0,0,13,0,25,0,0,25,2,36,0,0,38,0,0,0,38
03/14/2008,AKN,AK,AAL,WE,Federal Contract Tower,0,10,0,0,10,0,23,4,0,27,0,33,4,0,37,10,0,10,47
03/15/2008,AKN,AK,AAL,WE,Federal Contract Tower,2,12,0,0,14,0,18,3,0,21,2,30,3,0,35,0,0,0,35
03/16/2008,AKN,AK,AAL,WE,Federal Contract Tower,0,8,0,0,8,0,20,2,0,22,0,28,2,0,30,10,0,10,40
03/17/2008,AKN,AK,AAL,WE,Federal Contract Tower,0,28,0,0,28,0,12,0,0,12,0,40,0,0,40,14,0,14,54
03/18/2008,AKN,AK,AAL,WE,Federal Contract Tower,2,22,0,0,24,0,24,0,0,24,2,46,0,0,48,16,0,16,64
03/19/2008,AKN,AK,AAL,WE,Federal Contract Tower,0,11,0,2,13,0,41,8,0,49,0,52,8,2,62,29,0,29,91
03/20/2008,AKN,AK,AAL,WE,Federal Contract Tower,2,12,1,0,15,0,36,7,0,43,2,48,8,0,58,6,0,6,64
03/21/2008,AKN,AK,AAL,WE,Federal Contract Tower,0,23,1,0,24,0,29,2,0,31,0,52,3,0,55,4,0,4,59
03/22/2008,AKN,AK,AAL,WE,Federal Contract Tower,2,7,0,0,9,0,17,5,0,22,2,24,5,0,31,0,0,0,31
03/23/2008,AKN,AK,AAL,WE,Federal Contract Tower,0,7,0,0,7,0,8,0,0,8,0,15,0,0,15,0,0,0,15
03/24/2008,AKN,AK,AAL,WE,Federal Contract Tower,2,6,0,2,10,0,20,11,0,31,2,26,11,2,41,8,10,18,59
03/25/2008,AKN,AK,AAL,WE,Federal Contract Tower,2,6,0,1,9,2,33,8,0,43,4,39,8,1,52,0,3,3,55
03/26/2008,AKN,AK,AAL,WE,Federal Contract Tower,4,10,0,0,14,0,22,4,0,26,4,32,4,0,40,17,0,17,57
03/27/2008,AKN,AK,AAL,WE,Federal Contract Tower,2,14,0,0,16,0,19,0,0,19,2,33,0,0,35,4,0,4,39
03/28/2008,AKN,AK,AAL,WE,Federal Contract Tower,0,8,2,0,10,0,24,12,0,36,0,32,14,0,46,4,0,4,50
03/29/2008,AKN,AK,AAL,WE,Federal Contract Tower,4,7,0,0,11,0,19,0,0,19,4,26,0,0,30,0,0,0,30
03/30/2008,AKN,AK,AAL,WE,Federal Contract Tower,0,8,0,0,8,0,12,0,0,12,0,20,0,0,20,0,0,0,20
03/31/2008,AKN,AK,AAL,WE,Federal Contract Tower,0,8,0,0,8,0,24,11,0,35,0,32,11,0,43,0,0,0,43
04/01/2008,AKN,AK,AAL,WE,Federal Contract Tower,4,20,0,0,24,0,13,0,0,13,4,33,0,0,37,0,0,0,37
04/02/2008,AKN,AK,AAL,WE,Federal Contract Tower,2,12,0,0,14,0,7,4,0,11,2,19,4,0,25,0,0,0,25
04/03/2008,AKN,AK,AAL,WE,Federal Contract Tower,2,9,0,2,13,0,26,9,0,35,2,35,9,2,48,8,2,10,58
04/04/2008,AKN,AK,AAL,WE,Federal Contract Tower,0,23,2,0,25,0,10,4,0,14,0,33,6,0,39,0,0,0,39
04/05/2008,AKN,AK,AAL,WE,Federal Contract Tower,4,7,0,0,11,0,20,0,0,20,4,27,0,0,31,0,0,0,31
04/06/2008,AKN,AK,AAL,WE,Federal Contract Tower,0,6,0,0,6,0,20,4,0,24,0,26,4,0,30,0,0,0,30
04/07/2008,AKN,AK,AAL,WE,Federal Contract Tower,0,9,0,1,10,0,34,9,0,43,0,43,9,1,53,0,3,3,56
04/08/2008,AKN,AK,AAL,WE,Federal Contract Tower,2,8,2,0,12,0,29,14,0,43,2,37,16,0,55,0,0,0,55
04/09/2008,AKN,AK,AAL,WE,Federal Contract Tower,2,8,0,0,10,0,27,11,1,39,2,35,11,1,49,4,14,18,67
04/10/2008,AKN,AK,AAL,WE,Federal Contract Tower,1,8,0,2,11,1,22,18,0,41,2,30,18,2,52,0,8,8,60
04/11/2008,AKN,AK,AAL,WE,Federal Contract Tower,0,6,0,2,8,0,17,22,0,39,0,23,22,2,47,2,0,2,49
04/12/2008,AKN,AK,AAL,WE,Federal Contract Tower,4,12,0,0,16,0,18,3,0,21,4,30,3,0,37,0,0,0,37
04/13/2008,AKN,AK,AAL,WE,Federal Contract Tower,0,13,0,0,13,0,0,0,0,0,0,13,0,0,13,0,0,0,13
04/14/2008,AKN,AK,AAL,WE,Federal Contract Tower,0,16,0,0,16,0,7,5,0,12,0,23,5,0,28,0,0,0,28
04/15/2008,AKN,AK,AAL,WE,Federal Contract Tower,0,8,0,1,9,0,12,4,0,16,0,20,4,1,25,0,0,0,25
04/16/2008,AKN,AK,AAL,WE,Federal Contract Tower,4,8,0,2,14,0,36,9,1,46,4,44,9,3,60,18,0,18,78
04/17/2008,AKN,AK,AAL,WE,Federal Contract Tower,2,12,2,0,16,0,16,22,0,38,2,28,24,0,54,0,0,0,54
04/18/2008,AKN,AK,AAL,WE,Federal Contract Tower,0,10,3,0,13,0,30,25,0,55,0,40,28,0,68,16,0,16,84
04/19/2008,AKN,AK,AAL,WE,Federal Contract Tower,4,6,0,0,10,0,16,4,0,20,4,22,4,0,30,0,0,0,30
04/20/2008,AKN,AK,AAL,WE,Federal Contract Tower,0,10,0,0,10,0,15,0,0,15,0,25,0,0,25,0,0,0,25
04/21/2008,AKN,AK,AAL,WE,Federal Contract Tower,2,13,0,0,15,0,23,14,0,37,2,36,14,0,52,0,0,0,52
04/22/2008,AKN,AK,AAL,WE,Federal Contract Tower,0,12,0,0,12,0,25,12,0,37,0,37,12,0,49,12,0,12,61
04/23/2008,AKN,AK,AAL,WE,Federal Contract Tower,2,14,2,0,18,0,31,14,0,45,2,45,16,0,63,0,0,0,63
04/24/2008,AKN,AK,AAL,WE,Federal Contract Tower,4,13,0,1,18,0,32,13,0,45,4,45,13,1,63,0,0,0,63
04/25/2008,AKN,AK,AAL,WE,Federal Contract Tower,0,6,0,1,7,0,26,6,0,32,0,32,6,1,39,6,0,6,45
04/26/2008,AKN,AK,AAL,WE,Federal Contract Tower,4,7,0,0,11,0,11,1,1,13,4,18,1,1,24,0,0,0,24
04/27/2008,AKN,AK,AAL,WE,Federal Contract Tower,0,9,0,4,13,0,25,3,0,28,0,34,3,4,41,0,0,0,41
04/28/2008,AKN,AK,AAL,WE,Federal Contract Tower,2,21,0,0,23,0,26,8,0,34,2,47,8,0,57,2,0,2,59
04/29/2008,AKN,AK,AAL,WE,Federal Contract Tower,2,12,0,0,14,0,30,26,0,56,2,42,26,0,70,9,0,9,79
04/30/2008,AKN,AK,AAL,WE,Federal Contract Tower,2,10,1,0,13,0,27,17,0,44,2,37,18,0,57,6,0,6,63
05/01/2008,AKN,AK,AAL,WE,Federal Contract Tower,2,28,0,0,30,0,50,7,0,57,2,78,7,0,87,10,0,10,97
05/02/2008,AKN,AK,AAL,WE,Federal Contract Tower,2,19,0,0,21,0,21,2,0,23,2,40,2,0,44,0,0,0,44
05/03/2008,AKN,AK,AAL,WE,Federal Contract Tower,4,14,1,0,19,0,27,4,0,31,4,41,5,0,50,0,0,0,50
05/04/2008,AKN,AK,AAL,WE,Federal Contract Tower,0,12,0,0,12,0,47,19,0,66,0,59,19,0,78,0,0,0,78
05/05/2008,AKN,AK,AAL,WE,Federal Contract Tower,2,29,2,0,33,0,27,0,0,27,2,56,2,0,60,0,0,0,60
05/06/2008,AKN,AK,AAL,WE,Federal Contract Tower,4,14,0,1,19,0,31,22,1,54,4,45,22,2,73,17,0,17,90
05/07/2008,AKN,AK,AAL,WE,Federal Contract Tower,0,2,1,0,3,0,3,0,0,3,0,5,1,0,6,0,0,0,6
05/08/2008,AKN,AK,AAL,WE,Federal Contract Tower,2,22,3,0,27,0,64,17,0,81,2,86,20,0,108,0,0,0,108
05/09/2008,AKN,AK,AAL,WE,Federal Contract Tower,2,18,0,0,20,0,54,39,0,93,2,72,39,0,113,0,0,0,113
05/10/2008,AKN,AK,AAL,WE,Federal Contract Tower,4,16,0,0,20,0,33,8,0,41,4,49,8,0,61,2,0,2,63
05/11/2008,AKN,AK,AAL,WE,Federal Contract Tower,0,2,0,0,2,0,23,1,0,24,0,25,1,0,26,0,0,0,26
05/12/2008,AKN,AK,AAL,WE,Federal Contract Tower,2,12,0,0,14,0,48,5,0,53,2,60,5,0,67,0,0,0,67
05/13/2008,AKN,AK,AAL,WE,Federal Contract Tower,4,18,2,4,28,0,54,18,0,72,4,72,20,4,100,0,31,31,131
05/14/2008,AKN,AK,AAL,WE,Federal Contract Tower,2,0,2,0,4,0,64,28,0,92,2,64,30,0,96,0,0,0,96
05/15/2008,AKN,AK,AAL,WE,Federal Contract Tower,2,13,1,1,17,0,36,24,0,60,2,49,25,1,77,12,0,12,89
05/16/2008,AKN,AK,AAL,WE,Federal Contract Tower,2,14,0,1,17,0,66,28,1,95,2,80,28,2,112,0,0,0,112
05/17/2008,AKN,AK,AAL,WE,Federal Contract Tower,2,12,3,0,17,0,52,22,0,74,2,64,25,0,91,6,0,6,97
05/18/2008,AKN,AK,AAL,WE,Federal Contract Tower,0,10,2,0,12,0,56,14,0,70,0,66,16,0,82,0,0,0,82
05/19/2008,AKN,AK,AAL,WE,Federal Contract Tower,2,11,1,0,14,0,69,35,0,104,2,80,36,0,118,7,8,15,133
05/20/2008,AKN,AK,AAL,WE,Federal Contract Tower,6,8,0,0,14,0,64,82,0,146,6,72,82,0,160,0,0,0,160
05/21/2008,AKN,AK,AAL,WE,Federal Contract Tower,0,12,0,2,14,0,39,11,1,51,0,51,11,3,65,0,21,21,86
05/22/2008,AKN,AK,AAL,WE,Federal Contract Tower,3,8,0,0,11,0,68,27,0,95,3,76,27,0,106,0,0,0,106
05/23/2008,AKN,AK,AAL,WE,Federal Contract Tower,2,17,1,0,20,0,5,0,0,5,2,22,1,0,25,0,0,0,25
05/24/2008,AKN,AK,AAL,WE,Federal Contract Tower,2,13,1,0,16,0,64,6,2,72,2,77,7,2,88,0,2,2,90
05/25/2008,AKN,AK,AAL,WE,Federal Contract Tower,0,15,0,0,15,0,45,22,2,69,0,60,22,2,84,0,2,2,86
05/26/2008,AKN,AK,AAL,WE,Federal Contract Tower,2,22,4,0,28,0,61,33,0,94,2,83,37,0,122,10,0,10,132
05/27/2008,AKN,AK,AAL,WE,Federal Contract Tower,3,30,5,0,38,1,68,37,0,106,4,98,42,0,144,11,0,11,155
05/28/2008,AKN,AK,AAL,WE,Federal Contract Tower,2,15,1,0,18,0,71,25,0,96,2,86,26,0,114,16,0,16,130
05/29/2008,AKN,AK,AAL,WE,Federal Contract Tower,2,15,0,0,17,0,55,33,0,88,2,70,33,0,105,4,0,4,109
05/30/2008,AKN,AK,AAL,WE,Federal Contract Tower,2,28,3,0,33,0,52,27,0,79,2,80,30,0,112,0,0,0,112
05/31/2008,AKN,AK,AAL,WE,Federal Contract Tower,2,28,0,0,30,0,50,7,0,57,2,78,7,0,87,10,0,10,97
06/01/2008,AKN,AK,AAL,WE,Federal Contract Tower,0,20,2,0,22,0,43,10,0,53,0,63,12,0,75,0,0,0,75
06/02/2008,AKN,AK,AAL,WE,Federal Contract Tower,2,25,0,0,27,0,63,10,0,73,2,88,10,0,100,0,0,0,100
06/03/2008,AKN,AK,AAL,WE,Federal Contract Tower,7,28,0,1,36,0,75,35,0,110,7,103,35,1,146,4,0,4,150
06/04/2008,AKN,AK,AAL,WE,Federal Contract Tower,0,26,1,2,29,0,83,13,0,96,0,109,14,2,125,19,9,28,153
06/05/2008,AKN,AK,AAL,WE,Federal Contract Tower,3,62,2,0,67,0,30,13,0,43,3,92,15,0,110,0,0,0,110
06/06/2008,AKN,AK,AAL,WE,Federal Contract Tower,2,28,2,0,32,0,82,27,0,109,2,110,29,0,141,4,0,4,145
06/07/2008,AKN,AK,AAL,WE,Federal Contract Tower,2,38,1,0,41,0,59,11,0,70,2,97,12,0,111,5,0,5,116
06/08/2008,AKN,AK,AAL,WE,Federal Contract Tower,4,26,0,0,30,0,76,30,2,108,4,102,30,2,138,2,0,2,140
06/09/2008,AKN,AK,AAL,WE,Federal Contract Tower,2,32,4,5,43,0,90,17,1,108,2,122,21,6,151,12,0,12,163
06/10/2008,AKN,AK,AAL,WE,Federal Contract Tower,4,26,1,2,33,1,66,17,1,85,5,92,18,3,118,6,0,6,124
06/11/2008,AKN,AK,AAL,WE,Federal Contract Tower,3,30,1,2,36,0,73,24,2,99,3,103,25,4,135,4,2,6,141
06/12/2008,AKN,AK,AAL,WE,Federal Contract Tower,4,69,18,3,94,0,27,14,2,43,4,96,32,5,137,0,0,0,137
06/13/2008,AKN,AK,AAL,WE,Federal Contract Tower,2,27,3,1,33,0,100,23,0,123,2,127,26,1,156,0,0,0,156
06/14/2008,AKN,AK,AAL,WE,Federal Contract Tower,5,68,1,0,74,1,63,14,0,78,6,131,15,0,152,10,0,10,162
06/15/2008,AKN,AK,AAL,WE,Federal Contract Tower,4,44,5,0,53,0,76,20,0,96,4,120,25,0,149,2,0,2,151
06/16/2008,AKN,AK,AAL,WE,Federal Contract Tower,2,53,4,2,61,0,94,25,0,119,2,147,29,2,180,4,0,4,184
06/17/2008,AKN,AK,AAL,WE,Federal Contract Tower,6,50,0,0,56,0,100,25,0,125,6,150,25,0,181,2,0,2,183
06/18/2008,AKN,AK,AAL,WE,Federal Contract Tower,2,42,3,3,50,0,121,31,8,160,2,163,34,11,210,0,11,11,221
06/19/2008,AKN,AK,AAL,WE,Federal Contract Tower,6,27,0,0,33,0,135,37,4,176,6,162,37,4,209,2,0,2,211
06/20/2008,AKN,AK,AAL,WE,Federal Contract Tower,2,40,1,1,44,0,130,52,1,183,2,170,53,2,227,14,0,14,241
06/21/2008,AKN,AK,AAL,WE,Federal Contract Tower,6,36,0,0,42,0,126,38,0,164,6,162,38,0,206,0,0,0,206
06/22/2008,AKN,AK,AAL,WE,Federal Contract Tower,2,25,0,0,27,0,126,51,0,177,2,151,51,0,204,30,0,30,234
06/23/2008,AKN,AK,AAL,WE,Federal Contract Tower,2,32,1,1,36,0,154,70,1,225,2,186,71,2,261,7,0,7,268
06/24/2008,AKN,AK,AAL,WE,Federal Contract Tower,6,26,0,0,32,2,136,35,0,173,8,162,35,0,205,0,0,0,205
06/25/2008,AKN,AK,AAL,WE,Federal Contract Tower,2,28,0,0,30,0,58,4,0,62,2,86,4,0,92,2,0,2,94
06/26/2008,AKN,AK,AAL,WE,Federal Contract Tower,8,23,1,0,32,0,152,41,0,193,8,175,42,0,225,0,0,0,225
06/27/2008,AKN,AK,AAL,WE,Federal Contract Tower,5,36,11,1,53,0,153,64,1,218,5,189,75,2,271,2,4,6,277
06/28/2008,AKN,AK,AAL,WE,Federal Contract Tower,5,32,3,0,40,0,187,34,0,221,5,219,37,0,261,0,0,0,261
06/29/2008,AKN,AK,AAL,WE,Federal Contract Tower,2,16,0,0,18,0,178,40,0,218,2,194,40,0,236,68,0,68,304
06/30/2008,AKN,AK,AAL,WE,Federal Contract Tower,3,22,0,1,26,0,174,55,0,229,3,196,55,1,255,4,16,20,275
07/01/2008,AKN,AK,AAL,WE,Federal Contract Tower,9,198,40,1,248,0,0,0,0,0,9,198,40,1,248,0,0,0,248
07/02/2008,AKN,AK,AAL,WE,Federal Contract Tower,6,177,48,2,233,0,0,0,0,0,6,177,48,2,233,2,4,6,239
07/03/2008,AKN,AK,AAL,WE,Federal Contract Tower,13,166,76,0,255,0,0,0,0,0,13,166,76,0,255,0,0,0,255
07/04/2008,AKN,AK,AAL,WE,Federal Contract Tower,16,148,58,0,222,0,0,0,0,0,16,148,58,0,222,0,0,0,222
07/05/2008,AKN,AK,AAL,WE,Federal Contract Tower,13,203,59,0,275,0,0,0,0,0,13,203,59,0,275,0,0,0,275
07/06/2008,AKN,AK,AAL,WE,Federal Contract Tower,12,209,61,0,282,0,0,0,0,0,12,209,61,0,282,0,0,0,282
07/07/2008,AKN,AK,AAL,WE,Federal Contract Tower,17,212,54,4,287,0,0,0,0,0,17,212,54,4,287,5,10,15,302
07/08/2008,AKN,AK,AAL,WE,Federal Contract Tower,12,176,71,0,259,0,0,0,0,0,12,176,71,0,259,0,0,0,259
07/09/2008,AKN,AK,AAL,WE,Federal Contract Tower,9,200,31,0,240,0,0,0,0,0,9,200,31,0,240,12,0,12,252
07/10/2008,AKN,AK,AAL,WE,Federal Contract Tower,10,182,61,2,255,0,0,0,0,0,10,182,61,2,255,2,4,6,261
07/11/2008,AKN,AK,AAL,WE,Federal Contract Tower,8,168,44,2,222,0,0,0,0,0,8,168,44,2,222,0,15,15,237
07/12/2008,AKN,AK,AAL,WE,Federal Contract Tower,9,152,25,0,186,0,0,0,0,0,9,152,25,0,186,0,0,0,186
07/13/2008,AKN,AK,AAL,WE,Federal Contract Tower,4,149,41,0,194,0,0,0,0,0,4,149,41,0,194,2,0,2,196
07/14/2008,AKN,AK,AAL,WE,Federal Contract Tower,4,207,33,2,246,0,0,0,0,0,4,207,33,2,246,0,0,0,246
07/15/2008,AKN,AK,AAL,WE,Federal Contract Tower,8,222,48,2,280,0,0,0,0,0,8,222,48,2,280,0,0,0,280
07/16/2008,AKN,AK,AAL,WE,Federal Contract Tower,2,172,24,0,198,0,0,0,0,0,2,172,24,0,198,0,0,0,198
07/17/2008,AKN,AK,AAL,WE,Federal Contract Tower,7,202,42,0,251,0,0,0,0,0,7,202,42,0,251,0,0,0,251
07/18/2008,AKN,AK,AAL,WE,Federal Contract Tower,2,217,50,1,270,0,0,0,0,0,2,217,50,1,270,0,0,0,270
07/19/2008,AKN,AK,AAL,WE,Federal Contract Tower,6,219,28,2,255,0,0,0,0,0,6,219,28,2,255,0,0,0,255
07/20/2008,AKN,AK,AAL,WE,Federal Contract Tower,2,232,25,1,260,0,0,0,0,0,2,232,25,1,260,0,0,0,260
07/21/2008,AKN,AK,AAL,WE,Federal Contract Tower,2,208,28,2,240,0,0,0,0,0,2,208,28,2,240,0,0,0,240
07/22/2008,AKN,AK,AAL,WE,Federal Contract Tower,4,249,24,0,277,0,0,0,0,0,4,249,24,0,277,0,0,0,277
07/23/2008,AKN,AK,AAL,WE,Federal Contract Tower,2,208,34,0,244,0,0,0,0,0,2,208,34,0,244,0,0,0,244
07/24/2008,AKN,AK,AAL,WE,Federal Contract Tower,6,205,43,4,258,0,0,0,0,0,6,205,43,4,258,0,2,2,260
07/25/2008,AKN,AK,AAL,WE,Federal Contract Tower,2,198,33,0,233,0,0,0,0,0,2,198,33,0,233,0,0,0,233
07/26/2008,AKN,AK,AAL,WE,Federal Contract Tower,6,219,22,0,247,0,0,0,0,0,6,219,22,0,247,0,0,0,247
07/27/2008,AKN,AK,AAL,WE,Federal Contract Tower,2,136,42,0,180,0,0,0,0,0,2,136,42,0,180,6,0,6,186
07/28/2008,AKN,AK,AAL,WE,Federal Contract Tower,2,233,31,0,266,0,0,0,0,0,2,233,31,0,266,0,0,0,266
07/29/2008,AKN,AK,AAL,WE,Federal Contract Tower,6,152,28,3,189,0,0,0,0,0,6,152,28,3,189,10,23,33,222
07/30/2008,AKN,AK,AAL,WE,Federal Contract Tower,2,174,27,2,205,0,0,0,0,0,2,174,27,2,205,0,0,0,205
07/31/2008,AKN,AK,AAL,WE,Federal Contract Tower,4,130,42,0,176,0,0,0,0,0,4,130,42,0,176,0,0,0,176
08/01/2008,AKN,AK,AAL,WE,Federal Contract Tower,2,126,51,0,179,0,0,0,0,0,2,126,51,0,179,0,0,0,179
08/02/2008,AKN,AK,AAL,WE,Federal Contract Tower,4,134,16,0,154,0,0,0,0,0,4,134,16,0,154,2,0,2,156
08/03/2008,AKN,AK,AAL,WE,Federal Contract Tower,4,130,36,0,170,0,0,0,0,0,4,130,36,0,170,0,0,0,170
08/04/2008,AKN,AK,AAL,WE,Federal Contract Tower,2,150,38,1,191,0,0,0,0,0,2,150,38,1,191,0,7,7,198
08/05/2008,AKN,AK,AAL,WE,Federal Contract Tower,4,136,16,4,160,0,0,0,0,0,4,136,16,4,160,4,0,4,164
08/06/2008,AKN,AK,AAL,WE,Federal Contract Tower,3,146,27,1,177,0,0,0,0,0,3,146,27,1,177,0,0,0,177
08/07/2008,AKN,AK,AAL,WE,Federal Contract Tower,4,131,30,0,165,0,0,0,0,0,4,131,30,0,165,0,0,0,165
08/08/2008,AKN,AK,AAL,WE,Federal Contract Tower,2,101,44,0,147,0,0,0,0,0,2,101,44,0,147,0,0,0,147
08/09/2008,AKN,AK,AAL,WE,Federal Contract Tower,5,135,37,0,177,0,0,0,0,0,5,135,37,0,177,0,0,0,177
08/10/2008,AKN,AK,AAL,WE,Federal Contract Tower,2,129,20,0,151,0,0,0,0,0,2,129,20,0,151,0,0,0,151
08/11/2008,AKN,AK,AAL,WE,Federal Contract Tower,1,132,19,0,152,0,0,0,0,0,1,132,19,0,152,0,0,0,152
08/12/2008,AKN,AK,AAL,WE,Federal Contract Tower,4,194,25,0,223,0,0,0,0,0,4,194,25,0,223,4,0,4,227
08/13/2008,AKN,AK,AAL,WE,Federal Contract Tower,4,119,16,0,139,0,0,0,0,0,4,119,16,0,139,0,0,0,139
08/14/2008,AKN,AK,AAL,WE,Federal Contract Tower,6,106,13,6,131,0,0,0,0,0,6,106,13,6,131,0,0,0,131
08/15/2008,AKN,AK,AAL,WE,Federal Contract Tower,2,127,29,2,160,0,0,0,0,0,2,127,29,2,160,0,0,0,160
08/16/2008,AKN,AK,AAL,WE,Federal Contract Tower,6,144,19,0,169,0,0,0,0,0,6,144,19,0,169,0,0,0,169
08/17/2008,AKN,AK,AAL,WE,Federal Contract Tower,2,120,13,3,138,0,0,0,0,0,2,120,13,3,138,0,0,0,138
08/18/2008,AKN,AK,AAL,WE,Federal Contract Tower,2,146,20,7,175,0,0,0,0,0,2,146,20,7,175,0,5,5,180
08/19/2008,AKN,AK,AAL,WE,Federal Contract Tower,6,126,22,6,160,0,0,0,0,0,6,126,22,6,160,0,0,0,160
08/20/2008,AKN,AK,AAL,WE,Federal Contract Tower,2,82,21,2,107,0,0,0,0,0,2,82,21,2,107,0,0,0,107
08/21/2008,AKN,AK,AAL,WE,Federal Contract Tower,2,80,47,1,130,0,0,0,0,0,2,80,47,1,130,4,0,4,134
08/22/2008,AKN,AK,AAL,WE,Federal Contract Tower,4,119,36,2,161,0,0,0,0,0,4,119,36,2,161,2,0,2,163
08/23/2008,AKN,AK,AAL,WE,Federal Contract Tower,6,113,28,2,149,0,0,0,0,0,6,113,28,2,149,0,0,0,149
08/24/2008,AKN,AK,AAL,WE,Federal Contract Tower,2,125,33,2,162,0,0,0,0,0,2,125,33,2,162,4,0,4,166
08/25/2008,AKN,AK,AAL,WE,Federal Contract Tower,2,111,12,0,125,0,0,0,0,0,2,111,12,0,125,0,0,0,125
08/26/2008,AKN,AK,AAL,WE,Federal Contract Tower,6,101,14,0,121,0,0,0,0,0,6,101,14,0,121,0,0,0,121
08/27/2008,AKN,AK,AAL,WE,Federal Contract Tower,5,114,20,0,139,0,0,0,0,0,5,114,20,0,139,0,0,0,139
08/28/2008,AKN,AK,AAL,WE,Federal Contract Tower,4,102,33,2,141,0,0,0,0,0,4,102,33,2,141,16,0,16,157
08/29/2008,AKN,AK,AAL,WE,Federal Contract Tower,2,110,41,0,153,0,0,0,0,0,2,110,41,0,153,0,0,0,153
08/30/2008,AKN,AK,AAL,WE,Federal Contract Tower,4,116,43,0,163,0,0,0,0,0,4,116,43,0,163,0,0,0,163
08/31/2008,AKN,AK,AAL,WE,Federal Contract Tower,2,90,27,0,119,0,0,0,0,0,2,90,27,0,119,0,0,0,119
09/01/2008,AKN,AK,AAL,WE,Federal Contract Tower,6,16,1,0,23,6,135,20,0,161,12,151,21,0,184,0,0,0,184
09/02/2008,AKN,AK,AAL,WE,Federal Contract Tower,4,12,5,0,21,4,111,36,0,151,8,123,41,0,172,0,0,0,172
09/03/2008,AKN,AK,AAL,WE,Federal Contract Tower,1,10,1,0,12,2,95,14,0,111,3,105,15,0,123,6,0,6,129
09/04/2008,AKN,AK,AAL,WE,Federal Contract Tower,3,11,2,0,16,2,116,32,0,150,5,127,34,0,166,0,0,0,166
09/05/2008,AKN,AK,AAL,WE,Federal Contract Tower,2,24,0,2,28,2,90,11,2,105,4,114,11,4,133,0,0,0,133
09/06/2008,AKN,AK,AAL,WE,Federal Contract Tower,4,14,6,0,24,4,98,49,0,151,8,112,55,0,175,0,0,0,175
09/07/2008,AKN,AK,AAL,WE,Federal Contract Tower,2,14,1,0,17,2,113,39,0,154,4,127,40,0,171,0,0,0,171
09/08/2008,AKN,AK,AAL,WE,Federal Contract Tower,4,19,1,0,24,4,152,32,0,188,8,171,33,0,212,0,0,0,212
09/09/2008,AKN,AK,AAL,WE,Federal Contract Tower,0,16,3,0,19,0,141,35,0,176,0,157,38,0,195,0,0,0,195
09/10/2008,AKN,AK,AAL,WE,Federal Contract Tower,2,15,2,0,19,2,128,31,0,161,4,143,33,0,180,0,0,0,180
09/11/2008,AKN,AK,AAL,WE,Federal Contract Tower,2,18,0,0,20,2,94,13,0,109,4,112,13,0,129,0,0,0,129
09/12/2008,AKN,AK,AAL,WE,Federal Contract Tower,0,14,0,2,16,0,130,23,1,154,0,144,23,3,170,0,14,14,184
09/13/2008,AKN,AK,AAL,WE,Federal Contract Tower,6,13,1,0,20,6,92,43,0,141,12,105,44,0,161,0,0,0,161
09/14/2008,AKN,AK,AAL,WE,Federal Contract Tower,2,12,5,0,19,2,122,61,0,185,4,134,66,0,204,0,0,0,204
09/15/2008,AKN,AK,AAL,WE,Federal Contract Tower,2,22,0,0,24,2,148,26,0,176,4,170,26,0,200,0,0,0,200
09/16/2008,AKN,AK,AAL,WE,Federal Contract Tower,0,12,4,0,16,0,79,39,0,118,0,91,43,0,134,0,0,0,134
09/17/2008,AKN,AK,AAL,WE,Federal Contract Tower,2,18,2,0,22,2,129,38,0,169,4,147,40,0,191,0,0,0,191
09/18/2008,AKN,AK,AAL,WE,Federal Contract Tower,4,16,0,0,20,4,79,16,0,99,8,95,16,0,119,0,0,0,119
09/19/2008,AKN,AK,AAL,WE,Federal Contract Tower,2,10,4,1,17,2,99,43,1,145,4,109,47,2,162,4,0,4,166
09/20/2008,AKN,AK,AAL,WE,Federal Contract Tower,2,41,7,0,50,2,11,28,0,41,4,52,35,0,91,0,0,0,91
09/21/2008,AKN,AK,AAL,WE,Federal Contract Tower,2,15,3,0,20,2,137,48,0,187,4,152,51,0,207,0,0,0,207
09/22/2008,AKN,AK,AAL,WE,Federal Contract Tower,2,10,0,0,12,2,80,24,0,106,4,90,24,0,118,0,0,0,118
09/23/2008,AKN,AK,AAL,WE,Federal Contract Tower,0,6,4,0,10,0,46,38,0,84,0,52,42,0,94,0,0,0,94
09/24/2008,AKN,AK,AAL,WE,Federal Contract Tower,2,11,1,0,14,2,89,20,0,111,4,100,21,0,125,0,0,0,125
09/25/2008,AKN,AK,AAL,WE,Federal Contract Tower,4,11,0,0,15,4,91,13,0,108,8,102,13,0,123,0,0,0,123
09/26/2008,AKN,AK,AAL,WE,Federal Contract Tower,2,10,1,0,13,2,67,17,0,86,4,77,18,0,99,0,0,0,99
09/27/2008,AKN,AK,AAL,WE,Federal Contract Tower,2,15,0,0,17,3,97,16,2,118,5,112,16,2,135,0,0,0,135
09/28/2008,AKN,AK,AAL,WE,Federal Contract Tower,4,17,2,2,25,4,108,26,2,140,8,125,28,4,165,0,0,0,165
09/29/2008,AKN,AK,AAL,WE,Federal Contract Tower,5,19,0,0,24,5,77,30,0,112,10,96,30,0,136,0,0,0,136
09/30/2008,AKN,AK,AAL,WE,Federal Contract Tower,0,14,7,0,21,0,96,21,0,117,0,110,28,0,138,0,0,0,138
10/01/2008,AKN,AK,AAL,WE,Federal Contract Tower,2,9,0,0,11,26,13,0,0,39,28,22,0,0,50,7,0,7,57
10/02/2008,AKN,AK,AAL,WE,Federal Contract Tower,4,10,2,2,18,0,35,24,0,59,4,45,26,2,77,0,0,0,77
10/03/2008,AKN,AK,AAL,WE,Federal Contract Tower,0,8,3,0,11,0,27,18,0,45,0,35,21,0,56,0,0,0,56
10/04/2008,AKN,AK,AAL,WE,Federal Contract Tower,2,16,3,0,21,0,15,5,0,20,2,31,8,0,41,2,0,2,43
10/05/2008,AKN,AK,AAL,WE,Federal Contract Tower,0,10,5,0,15,0,5,4,0,9,0,15,9,0,24,0,0,0,24
10/06/2008,AKN,AK,AAL,WE,Federal Contract Tower,2,11,0,0,13,0,36,9,0,45,2,47,9,0,58,0,0,0,58
10/07/2008,AKN,AK,AAL,WE,Federal Contract Tower,0,10,0,0,10,0,30,1,0,31,0,40,1,0,41,0,0,0,41
10/08/2008,AKN,AK,AAL,WE,Federal Contract Tower,1,6,0,1,8,1,26,25,0,52,2,32,25,1,60,6,7,13,73
10/09/2008,AKN,AK,AAL,WE,Federal Contract Tower,2,18,0,0,20,0,0,13,0,13,2,18,13,0,33,0,0,0,33
10/10/2008,AKN,AK,AAL,WE,Federal Contract Tower,0,7,0,0,7,0,18,6,0,24,0,25,6,0,31,0,0,0,31
10/11/2008,AKN,AK,AAL,WE,Federal Contract Tower,2,7,0,0,9,0,0,6,0,6,2,7,6,0,15,0,0,0,15
10/12/2008,AKN,AK,AAL,WE,Federal Contract Tower,0,4,2,0,6,0,13,4,0,17,0,17,6,0,23,0,0,0,23
10/13/2008,AKN,AK,AAL,WE,Federal Contract Tower,2,21,4,0,27,0,15,4,0,19,2,36,8,0,46,0,0,0,46
10/14/2008,AKN,AK,AAL,WE,Federal Contract Tower,0,8,0,2,10,0,16,6,0,22,0,24,6,2,32,0,0,0,32
10/15/2008,AKN,AK,AAL,WE,Federal Contract Tower,0,8,0,0,8,0,21,8,0,29,0,29,8,0,37,0,0,0,37
10/16/2008,AKN,AK,AAL,WE,Federal Contract Tower,2,10,0,2,14,0,13,15,0,28,2,23,15,2,42,0,0,0,42
10/17/2008,AKN,AK,AAL,WE,Federal Contract Tower,0,12,1,0,13,0,16,10,0,26,0,28,11,0,39,0,0,0,39
10/18/2008,AKN,AK,AAL,WE,Federal Contract Tower,2,9,0,0,11,0,15,8,0,23,2,24,8,0,34,0,0,0,34
10/19/2008,AKN,AK,AAL,WE,Federal Contract Tower,0,4,0,0,4,0,19,8,0,27,0,23,8,0,31,0,0,0,31
10/20/2008,AKN,AK,AAL,WE,Federal Contract Tower,0,7,0,2,9,0,23,6,0,29,0,30,6,2,38,0,6,6,44
10/21/2008,AKN,AK,AAL,WE,Federal Contract Tower,2,5,0,0,7,0,25,17,0,42,2,30,17,0,49,0,0,0,49
10/22/2008,AKN,AK,AAL,WE,Federal Contract Tower,0,8,2,2,12,0,32,9,4,45,0,40,11,6,57,0,0,0,57
10/23/2008,AKN,AK,AAL,WE,Federal Contract Tower,4,8,0,2,14,0,21,6,0,27,4,29,6,2,41,0,0,0,41
10/24/2008,AKN,AK,AAL,WE,Federal Contract Tower,0,5,0,0,5,0,35,5,2,42,0,40,5,2,47,0,0,0,47
10/25/2008,AKN,AK,AAL,WE,Federal Contract Tower,2,7,0,0,9,0,18,0,0,18,2,25,0,0,27,0,0,0,27
10/26/2008,AKN,AK,AAL,WE,Federal Contract Tower,0,4,1,0,5,0,14,1,0,15,0,18,2,0,20,0,0,0,20
10/27/2008,AKN,AK,AAL,WE,Federal Contract Tower,2,6,1,0,9,0,21,14,0,35,2,27,15,0,44,0,0,0,44
10/28/2008,AKN,AK,AAL,WE,Federal Contract Tower,1,7,0,12,20,1,28,11,0,40,2,35,11,12,60,0,0,0,60
10/29/2008,AKN,AK,AAL,WE,Federal Contract Tower,0,16,0,2,18,0,17,2,1,20,0,33,2,3,38,0,19,19,57
10/30/2008,AKN,AK,AAL,WE,Federal Contract Tower,2,8,0,0,10,0,25,4,0,29,2,33,4,0,39,4,0,4,43
10/31/2008,AKN,AK,AAL,WE,Federal Contract Tower,0,6,0,2,8,0,24,3,0,27,0,30,3,2,35,0,0,0,35
11/01/2008,AKN,AK,AAL,WE,Federal Contract Tower,4,14,0,0,18,0,13,2,0,15,4,27,2,0,33,0,0,0,33
11/02/2008,AKN,AK,AAL,WE,Federal Contract Tower,0,9,0,0,9,0,10,0,0,10,0,19,0,0,19,0,0,0,19
11/03/2008,AKN,AK,AAL,WE,Federal Contract Tower,2,6,0,0,8,0,20,0,0,20,2,26,0,0,28,6,12,18,46
11/04/2008,AKN,AK,AAL,WE,Federal Contract Tower,0,7,0,0,7,0,17,3,0,20,0,24,3,0,27,2,0,2,29
11/05/2008,AKN,AK,AAL,WE,Federal Contract Tower,0,4,0,0,4,0,21,1,0,22,0,25,1,0,26,0,0,0,26
11/06/2008,AKN,AK,AAL,WE,Federal Contract Tower,2,7,0,0,9,0,16,4,0,20,2,23,4,0,29,6,0,6,35
11/07/2008,AKN,AK,AAL,WE,Federal Contract Tower,1,11,4,0,16,0,15,1,0,16,1,26,5,0,32,0,0,0,32
11/08/2008,AKN,AK,AAL,WE,Federal Contract Tower,2,7,0,0,9,0,12,1,0,13,2,19,1,0,22,0,0,0,22
11/09/2008,AKN,AK,AAL,WE,Federal Contract Tower,0,4,0,1,5,0,16,0,0,16,0,20,0,1,21,0,9,9,30
11/10/2008,AKN,AK,AAL,WE,Federal Contract Tower,0,11,1,0,12,0,0,1,0,1,0,11,2,0,13,0,0,0,13
11/11/2008,AKN,AK,AAL,WE,Federal Contract Tower,4,10,2,0,16,0,3,0,0,3,4,13,2,0,19,0,0,0,19
11/12/2008,AKN,AK,AAL,WE,Federal Contract Tower,0,7,0,0,7,0,25,6,0,31,0,32,6,0,38,0,0,0,38
11/13/2008,AKN,AK,AAL,WE,Federal Contract Tower,4,19,2,0,25,0,10,0,0,10,4,29,2,0,35,10,0,10,45
11/14/2008,AKN,AK,AAL,WE,Federal Contract Tower,0,5,0,4,9,0,18,4,0,22,0,23,4,4,31,10,0,10,41
11/15/2008,AKN,AK,AAL,WE,Federal Contract Tower,0,8,0,0,8,0,10,0,0,10,0,18,0,0,18,0,0,0,18
11/16/2008,AKN,AK,AAL,WE,Federal Contract Tower,0,8,0,0,8,0,6,0,0,6,0,14,0,0,14,0,0,0,14
11/17/2008,AKN,AK,AAL,WE,Federal Contract Tower,2,10,5,2,19,0,11,8,4,23,2,21,13,6,42,6,21,27,69
11/18/2008,AKN,AK,AAL,WE,Federal Contract Tower,0,7,1,0,8,2,17,8,0,27,2,24,9,0,35,5,0,5,40
11/19/2008,AKN,AK,AAL,WE,Federal Contract Tower,0,8,0,0,8,0,19,3,0,22,0,27,3,0,30,0,0,0,30
11/20/2008,AKN,AK,AAL,WE,Federal Contract Tower,4,4,0,0,8,0,16,2,0,18,4,20,2,0,26,4,0,4,30
11/21/2008,AKN,AK,AAL,WE,Federal Contract Tower,2,4,0,0,6,0,22,4,2,28,2,26,4,2,34,0,0,0,34
11/22/2008,AKN,AK,AAL,WE,Federal Contract Tower,2,8,0,0,10,0,12,0,0,12,2,20,0,0,22,0,0,0,22
11/23/2008,AKN,AK,AAL,WE,Federal Contract Tower,0,4,0,0,4,0,16,0,0,16,0,20,0,0,20,0,0,0,20
11/24/2008,AKN,AK,AAL,WE,Federal Contract Tower,0,9,2,0,11,0,21,3,0,24,0,30,5,0,35,0,0,0,35
11/25/2008,AKN,AK,AAL,WE,Federal Contract Tower,0,7,0,3,10,0,23,10,0,33,0,30,10,3,43,4,5,9,52
11/26/2008,AKN,AK,AAL,WE,Federal Contract Tower,2,6,0,1,9,0,23,4,1,28,2,29,4,2,37,0,8,8,45
11/27/2008,AKN,AK,AAL,WE,Federal Contract Tower,0,0,0,0,0,0,1,3,0,4,0,1,3,0,4,4,0,4,8
11/28/2008,AKN,AK,AAL,WE,Federal Contract Tower,0,14,0,0,14,0,9,0,0,9,0,23,0,0,23,0,0,0,23
11/29/2008,AKN,AK,AAL,WE,Federal Contract Tower,2,9,0,0,11,0,9,0,0,9,2,18,0,0,20,4,0,4,24
11/30/2008,AKN,AK,AAL,WE,Federal Contract Tower,0,4,0,0,4,0,16,2,2,20,0,20,2,2,24,0,0,0,24
12/01/2008,AKN,AK,AAL,WE,Federal Contract Tower,0,7,0,4,11,0,25,3,0,28,0,32,3,4,39,4,7,11,50
12/02/2008,AKN,AK,AAL,WE,Federal Contract Tower,0,10,0,0,10,0,17,0,0,17,0,27,0,0,27,0,0,0,27
12/03/2008,AKN,AK,AAL,WE,Federal Contract Tower,3,5,0,0,8,1,11,0,0,12,4,16,0,0,20,0,0,0,20
12/04/2008,AKN,AK,AAL,WE,Federal Contract Tower,1,5,0,0,6,1,23,11,0,35,2,28,11,0,41,0,0,0,41
12/05/2008,AKN,AK,AAL,WE,Federal Contract Tower,2,7,0,2,11,0,16,2,0,18,2,23,2,2,29,16,0,16,45
12/06/2008,AKN,AK,AAL,WE,Federal Contract Tower,0,8,0,1,9,0,12,1,0,13,0,20,1,1,22,0,0,0,22
12/07/2008,AKN,AK,AAL,WE,Federal Contract Tower,0,12,0,1,13,0,7,0,0,7,0,19,0,1,20,0,0,0,20
12/08/2008,AKN,AK,AAL,WE,Federal Contract Tower,2,9,0,0,11,0,26,0,0,26,2,35,0,0,37,2,0,2,39
12/09/2008,AKN,AK,AAL,WE,Federal Contract Tower,2,9,0,6,17,0,16,0,0,16,2,25,0,6,33,0,4,4,37
12/10/2008,AKN,AK,AAL,WE,Federal Contract Tower,1,7,0,3,11,1,19,2,1,23,2,26,2,4,34,1,6,7,41
12/11/2008,AKN,AK,AAL,WE,Federal Contract Tower,4,6,1,0,11,0,19,2,0,21,4,25,3,0,32,0,0,0,32
12/12/2008,AKN,AK,AAL,WE,Federal Contract Tower,0,14,0,0,14,0,10,3,0,13,0,24,3,0,27,0,0,0,27
12/13/2008,AKN,AK,AAL,WE,Federal Contract Tower,4,4,2,0,10,0,16,2,0,18,4,20,4,0,28,2,0,2,30
12/14/2008,AKN,AK,AAL,WE,Federal Contract Tower,0,8,0,0,8,0,15,2,0,17,0,23,2,0,25,0,0,0,25
12/15/2008,AKN,AK,AAL,WE,Federal Contract Tower,0,8,0,1,9,0,23,2,2,27,0,31,2,3,36,7,4,11,47
12/16/2008,AKN,AK,AAL,WE,Federal Contract Tower,0,5,0,1,6,0,16,1,1,18,0,21,1,2,24,4,0,4,28
12/17/2008,AKN,AK,AAL,WE,Federal Contract Tower,2,7,0,0,9,0,14,3,0,17,2,21,3,0,26,6,0,6,32
12/18/2008,AKN,AK,AAL,WE,Federal Contract Tower,4,6,0,1,11,0,20,0,1,21,4,26,0,2,32,6,4,10,42
12/19/2008,AKN,AK,AAL,WE,Federal Contract Tower,0,8,0,0,8,0,18,0,0,18,0,26,0,0,26,0,0,0,26
12/20/2008,AKN,AK,AAL,WE,Federal Contract Tower,4,6,0,2,12,0,8,8,0,16,4,14,8,2,28,0,6,6,34
12/21/2008,AKN,AK,AAL,WE,Federal Contract Tower,0,4,0,0,4,0,16,2,0,18,0,20,2,0,22,0,0,0,22
12/22/2008,AKN,AK,AAL,WE,Federal Contract Tower,0,23,2,0,25,0,5,0,0,5,0,28,2,0,30,2,0,2,32
12/23/2008,AKN,AK,AAL,WE,Federal Contract Tower,0,6,0,4,10,0,14,1,0,15,0,20,1,4,25,0,0,0,25
12/24/2008,AKN,AK,AAL,WE,Federal Contract Tower,2,8,2,0,12,0,13,3,0,16,2,21,5,0,28,0,0,0,28
12/25/2008,AKN,AK,AAL,WE,Federal Contract Tower,0,0,0,0,0,0,0,0,0,0,0,0,0,0,0,0,0,0,0
12/26/2008,AKN,AK,AAL,WE,Federal Contract Tower,0,20,0,0,20,0,12,1,0,13,0,32,1,0,33,0,0,0,33
12/27/2008,AKN,AK,AAL,WE,Federal Contract Tower,2,26,1,2,31,0,3,1,0,4,2,29,2,2,35,0,4,4,39
12/28/2008,AKN,AK,AAL,WE,Federal Contract Tower,0,19,0,0,19,0,14,1,0,15,0,33,1,0,34,0,0,0,34
12/29/2008,AKN,AK,AAL,WE,Federal Contract Tower,2,11,0,0,13,0,23,1,0,24,2,34,1,0,37,6,0,6,43
12/30/2008,AKN,AK,AAL,WE,Federal Contract Tower,0,9,1,0,10,0,18,1,0,19,0,27,2,0,29,0,0,0,29
12/31/2008,AKN,AK,AAL,WE,Federal Contract Tower,0,2,9,0,11,0,13,0,0,13,0,15,9,0,24,0,0,0,24
01/01/2009,AKN,AK,AAL,WE,Federal Contract Tower,0,0,0,0,0,0,0,0,0,0,0,0,0,0,0,0,0,0,0
01/02/2009,AKN,AK,AAL,WE,Federal Contract Tower,4,13,0,0,17,0,18,0,0,18,4,31,0,0,35,0,0,0,35
01/03/2009,AKN,AK,AAL,WE,Federal Contract Tower,0,15,0,0,15,0,15,0,0,15,0,30,0,0,30,0,0,0,30
01/04/2009,AKN,AK,AAL,WE,Federal Contract Tower,0,8,0,0,8,0,12,0,0,12,0,20,0,0,20,0,0,0,20
01/05/2009,AKN,AK,AAL,WE,Federal Contract Tower,0,11,2,0,13,0,27,5,0,32,0,38,7,0,45,0,0,0,45
01/06/2009,AKN,AK,AAL,WE,Federal Contract Tower,2,10,2,0,14,0,12,4,0,16,2,22,6,0,30,0,0,0,30
01/07/2009,AKN,AK,AAL,WE,Federal Contract Tower,4,6,2,0,12,0,16,4,0,20,4,22,6,0,32,0,0,0,32
01/08/2009,AKN,AK,AAL,WE,Federal Contract Tower,2,12,0,2,16,0,16,0,0,16,2,28,0,2,32,0,0,0,32
01/09/2009,AKN,AK,AAL,WE,Federal Contract Tower,0,14,2,2,18,0,15,6,0,21,0,29,8,2,39,0,0,0,39
01/10/2009,AKN,AK,AAL,WE,Federal Contract Tower,4,7,0,0,11,0,11,0,0,11,4,18,0,0,22,0,0,0,22
01/11/2009,AKN,AK,AAL,WE,Federal Contract Tower,0,9,0,0,9,0,9,4,0,13,0,18,4,0,22,0,0,0,22
01/12/2009,AKN,AK,AAL,WE,Federal Contract Tower,2,36,2,0,40,0,0,0,0,0,2,36,2,0,40,0,0,0,40
01/13/2009,AKN,AK,AAL,WE,Federal Contract Tower,4,17,0,1,22,0,16,0,0,16,4,33,0,1,38,0,0,0,38
01/14/2009,AKN,AK,AAL,WE,Federal Contract Tower,0,25,0,0,25,0,9,0,0,9,0,34,0,0,34,0,0,0,34
01/15/2009,AKN,AK,AAL,WE,Federal Contract Tower,4,24,0,0,28,0,17,7,0,24,4,41,7,0,52,0,0,0,52
01/16/2009,AKN,AK,AAL,WE,Federal Contract Tower,0,9,0,0,9,0,0,0,0,0,0,9,0,0,9,0,0,0,9
01/17/2009,AKN,AK,AAL,WE,Federal Contract Tower,1,29,2,0,32,0,20,0,0,20,1,49,2,0,52,0,0,0,52
01/18/2009,AKN,AK,AAL,WE,Federal Contract Tower,2,34,0,0,36,0,5,1,0,6,2,39,1,0,42,0,0,0,42
01/19/2009,AKN,AK,AAL,WE,Federal Contract Tower,2,24,1,0,27,0,14,3,0,17,2,38,4,0,44,0,0,0,44
01/20/2009,AKN,AK,AAL,WE,Federal Contract Tower,0,14,0,0,14,0,15,7,0,22,0,29,7,0,36,6,0,6,42
01/21/2009,AKN,AK,AAL,WE,Federal Contract Tower,1,8,0,0,9,1,21,11,0,33,2,29,11,0,42,0,0,0,42
01/22/2009,AKN,AK,AAL,WE,Federal Contract Tower,3,14,0,0,17,13,3,0,0,16,16,17,0,0,33,0,0,0,33
01/23/2009,AKN,AK,AAL,WE,Federal Contract Tower,0,13,0,0,13,0,21,3,0,24,0,34,3,0,37,5,0,5,42
01/24/2009,AKN,AK,AAL,WE,Federal Contract Tower,2,11,0,0,13,0,12,0,0,12,2,23,0,0,25,0,0,0,25
01/25/2009,AKN,AK,AAL,WE,Federal Contract Tower,0,3,0,0,3,0,18,11,0,29,0,21,11,0,32,0,0,0,32
01/26/2009,AKN,AK,AAL,WE,Federal Contract Tower,0,9,0,1,10,0,23,17,1,41,0,32,17,2,51,0,11,11,62
01/27/2009,AKN,AK,AAL,WE,Federal Contract Tower,4,11,1,0,16,0,21,2,0,23,4,32,3,0,39,0,0,0,39
01/28/2009,AKN,AK,AAL,WE,Federal Contract Tower,0,21,1,0,22,0,0,0,0,0,0,21,1,0,22,0,0,0,22
01/29/2009,AKN,AK,AAL,WE,Federal Contract Tower,2,24,0,0,26,0,2,0,0,2,2,26,0,0,28,0,0,0,28
01/30/2009,AKN,AK,AAL,WE,Federal Contract Tower,0,9,0,1,10,0,15,9,0,24,0,24,9,1,34,0,0,0,34
01/31/2009,AKN,AK,AAL,WE,Federal Contract Tower,4,8,0,1,13,0,11,0,0,11,4,19,0,1,24,0,0,0,24
02/01/2009,AKN,AK,AAL,WE,Federal Contract Tower,0,7,2,0,9,0,18,3,0,21,0,25,5,0,30,0,0,0,30
02/02/2009,AKN,AK,AAL,WE,Federal Contract Tower,2,11,3,2,18,0,23,6,0,29,2,34,9,2,47,9,6,15,62
02/03/2009,AKN,AK,AAL,WE,Federal Contract Tower,0,16,0,0,16,0,12,0,0,12,0,28,0,0,28,0,0,0,28
02/04/2009,AKN,AK,AAL,WE,Federal Contract Tower,0,10,0,7,17,0,18,4,1,23,0,28,4,8,40,0,9,9,49
02/05/2009,AKN,AK,AAL,WE,Federal Contract Tower,4,6,0,1,11,0,22,2,0,24,4,28,2,1,35,2,0,2,37
02/06/2009,AKN,AK,AAL,WE,Federal Contract Tower,0,8,1,1,10,0,22,11,1,34,0,30,12,2,44,0,0,0,44
02/07/2009,AKN,AK,AAL,WE,Federal Contract Tower,2,9,0,1,12,0,9,11,1,21,2,18,11,2,33,0,3,3,36
02/08/2009,AKN,AK,AAL,WE,Federal Contract Tower,0,7,0,1,8,0,32,2,0,34,0,39,2,1,42,0,0,0,42
02/09/2009,AKN,AK,AAL,WE,Federal Contract Tower,0,16,0,4,20,0,20,0,0,20,0,36,0,4,40,0,34,34,74
02/10/2009,AKN,AK,AAL,WE,Federal Contract Tower,0,10,1,6,17,0,23,2,0,25,0,33,3,6,42,4,7,11,53
02/11/2009,AKN,AK,AAL,WE,Federal Contract Tower,2,14,1,2,19,0,19,3,0,22,2,33,4,2,41,0,0,0,41
02/12/2009,AKN,AK,AAL,WE,Federal Contract Tower,4,11,0,0,15,0,16,3,4,23,4,27,3,4,38,2,17,19,57
02/13/2009,AKN,AK,AAL,WE,Federal Contract Tower,0,5,0,3,8,0,17,4,0,21,0,22,4,3,29,0,19,19,48
02/14/2009,AKN,AK,AAL,WE,Federal Contract Tower,4,11,0,0,15,0,16,0,0,16,4,27,0,0,31,0,0,0,31
02/15/2009,AKN,AK,AAL,WE,Federal Contract Tower,0,8,0,0,8,0,13,4,0,17,0,21,4,0,25,0,0,0,25
02/16/2009,AKN,AK,AAL,WE,Federal Contract Tower,0,17,0,0,17,0,10,0,0,10,0,27,0,0,27,0,0,0,27
02/17/2009,AKN,AK,AAL,WE,Federal Contract Tower,0,4,0,0,4,0,17,3,2,22,0,21,3,2,26,2,0,2,28
02/18/2009,AKN,AK,AAL,WE,Federal Contract Tower,2,10,0,0,12,0,17,1,0,18,2,27,1,0,30,0,0,0,30
02/19/2009,AKN,AK,AAL,WE,Federal Contract Tower,4,22,3,4,33,0,4,1,0,5,4,26,4,4,38,0,0,0,38
02/20/2009,AKN,AK,AAL,WE,Federal Contract Tower,0,7,0,0,7,0,19,4,0,23,0,26,4,0,30,0,0,0,30
02/21/2009,AKN,AK,AAL,WE,Federal Contract Tower,0,13,0,0,13,0,10,2,0,12,0,23,2,0,25,0,0,0,25
02/22/2009,AKN,AK,AAL,WE,Federal Contract Tower,0,8,0,0,8,0,6,4,0,10,0,14,4,0,18,0,0,0,18
02/23/2009,AKN,AK,AAL,WE,Federal Contract Tower,2,13,0,2,17,0,19,3,5,27,2,32,3,7,44,8,5,13,57
02/24/2009,AKN,AK,AAL,WE,Federal Contract Tower,4,15,2,0,21,0,4,0,0,4,4,19,2,0,25,0,0,0,25
02/25/2009,AKN,AK,AAL,WE,Federal Contract Tower,2,5,0,0,7,0,6,0,0,6,2,11,0,0,13,0,0,0,13
02/26/2009,AKN,AK,AAL,WE,Federal Contract Tower,4,8,0,0,12,0,18,2,0,20,4,26,2,0,32,7,0,7,39
02/27/2009,AKN,AK,AAL,WE,Federal Contract Tower,0,15,1,0,16,0,12,3,0,15,0,27,4,0,31,0,0,0,31
02/28/2009,AKN,AK,AAL,WE,Federal Contract Tower,2,6,0,0,8,0,16,0,0,16,2,22,0,0,24,0,0,0,24
03/01/2009,AKN,AK,AAL,WE,Federal Contract Tower,0,4,0,0,4,0,14,0,0,14,0,18,0,0,18,0,0,0,18
03/02/2009,AKN,AK,AAL,WE,Federal Contract Tower,2,8,0,2,12,0,22,7,0,29,2,30,7,2,41,2,0,2,43
03/03/2009,AKN,AK,AAL,WE,Federal Contract Tower,0,15,3,0,18,0,18,6,0,24,0,33,9,0,42,0,0,0,42
03/04/2009,AKN,AK,AAL,WE,Federal Contract Tower,2,16,1,0,19,0,7,0,0,7,2,23,1,0,26,0,0,0,26
03/05/2009,AKN,AK,AAL,WE,Federal Contract Tower,4,12,0,2,18,0,18,0,2,20,4,30,0,4,38,0,22,22,60
03/06/2009,AKN,AK,AAL,WE,Federal Contract Tower,0,9,0,0,9,0,32,0,0,32,0,41,0,0,41,2,0,2,43
03/07/2009,AKN,AK,AAL,WE,Federal Contract Tower,2,13,0,0,15,0,12,4,0,16,2,25,4,0,31,0,0,0,31
03/08/2009,AKN,AK,AAL,WE,Federal Contract Tower,0,4,0,0,4,0,13,0,0,13,0,17,0,0,17,0,0,0,17
03/09/2009,AKN,AK,AAL,WE,Federal Contract Tower,0,11,0,0,11,0,23,8,2,33,0,34,8,2,44,4,0,4,48
03/10/2009,AKN,AK,AAL,WE,Federal Contract Tower,0,17,4,0,21,0,10,2,0,12,0,27,6,0,33,0,0,0,33
03/11/2009,AKN,AK,AAL,WE,Federal Contract Tower,2,14,0,0,16,0,11,0,0,11,2,25,0,0,27,0,0,0,27
03/12/2009,AKN,AK,AAL,WE,Federal Contract Tower,2,19,0,5,26,0,14,0,0,14,2,33,0,5,40,0,6,6,46
03/13/2009,AKN,AK,AAL,WE,Federal Contract Tower,0,7,1,0,8,0,38,4,1,43,0,45,5,1,51,2,13,15,66
03/14/2009,AKN,AK,AAL,WE,Federal Contract Tower,2,10,0,0,12,0,11,0,0,11,2,21,0,0,23,0,0,0,23
03/15/2009,AKN,AK,AAL,WE,Federal Contract Tower,0,4,0,0,4,0,12,0,0,12,0,16,0,0,16,0,0,0,16
03/16/2009,AKN,AK,AAL,WE,Federal Contract Tower,2,9,0,0,11,0,19,7,0,26,2,28,7,0,37,0,0,0,37
03/17/2009,AKN,AK,AAL,WE,Federal Contract Tower,2,6,0,2,10,0,30,10,2,42,2,36,10,4,52,0,16,16,68
03/18/2009,AKN,AK,AAL,WE,Federal Contract Tower,0,8,1,2,11,0,14,16,0,30,0,22,17,2,41,0,0,0,41
03/19/2009,AKN,AK,AAL,WE,Federal Contract Tower,4,9,0,0,13,0,15,5,0,20,4,24,5,0,33,0,0,0,33
03/20/2009,AKN,AK,AAL,WE,Federal Contract Tower,0,7,0,2,9,0,35,1,0,36,0,42,1,2,45,0,14,14,59
03/21/2009,AKN,AK,AAL,WE,Federal Contract Tower,2,5,0,0,7,0,15,7,0,22,2,20,7,0,29,0,0,0,29
03/22/2009,AKN,AK,AAL,WE,Federal Contract Tower,0,4,0,0,4,0,10,0,0,10,0,14,0,0,14,0,0,0,14
03/23/2009,AKN,AK,AAL,WE,Federal Contract Tower,0,5,0,0,5,0,2,0,0,2,0,7,0,0,7,0,0,0,7
03/24/2009,AKN,AK,AAL,WE,Federal Contract Tower,2,9,2,0,13,0,15,0,0,15,2,24,2,0,28,6,0,6,34
03/25/2009,AKN,AK,AAL,WE,Federal Contract Tower,0,20,0,0,20,0,13,0,0,13,0,33,0,0,33,0,0,0,33
03/26/2009,AKN,AK,AAL,WE,Federal Contract Tower,0,7,2,3,12,0,13,0,1,14,0,20,2,4,26,0,14,14,40
03/27/2009,AKN,AK,AAL,WE,Federal Contract Tower,0,4,0,0,4,0,8,0,0,8,0,12,0,0,12,0,0,0,12
03/28/2009,AKN,AK,AAL,WE,Federal Contract Tower,4,16,1,0,21,1,13,0,0,14,5,29,1,0,35,0,0,0,35
03/29/2009,AKN,AK,AAL,WE,Federal Contract Tower,0,12,0,0,12,0,11,0,0,11,0,23,0,0,23,0,0,0,23
03/30/2009,AKN,AK,AAL,WE,Federal Contract Tower,0,15,1,1,17,0,10,0,1,11,0,25,1,2,28,0,11,11,39
03/31/2009,AKN,AK,AAL,WE,Federal Contract Tower,0,11,0,0,11,0,7,14,0,21,0,18,14,0,32,0,0,0,32
04/01/2009,AKN,AK,AAL,WE,Federal Contract Tower,0,8,0,0,8,0,13,14,0,27,0,21,14,0,35,0,0,0,35
04/02/2009,AKN,AK,AAL,WE,Federal Contract Tower,2,13,0,3,18,0,1,0,1,2,2,14,0,4,20,0,0,0,20
04/03/2009,AKN,AK,AAL,WE,Federal Contract Tower,2,4,0,1,7,0,15,8,0,23,2,19,8,1,30,0,0,0,30
04/04/2009,AKN,AK,AAL,WE,Federal Contract Tower,0,4,0,0,4,1,14,10,2,27,1,18,10,2,31,0,0,0,31
04/05/2009,AKN,AK,AAL,WE,Federal Contract Tower,0,4,0,0,4,0,10,18,4,32,0,14,18,4,36,0,0,0,36
04/06/2009,AKN,AK,AAL,WE,Federal Contract Tower,4,9,0,0,13,0,15,14,0,29,4,24,14,0,42,0,0,0,42
04/07/2009,AKN,AK,AAL,WE,Federal Contract Tower,2,15,3,1,21,0,0,0,0,0,2,15,3,1,21,0,0,0,21
04/08/2009,AKN,AK,AAL,WE,Federal Contract Tower,0,15,3,1,19,0,17,15,1,33,0,32,18,2,52,0,0,0,52
04/09/2009,AKN,AK,AAL,WE,Federal Contract Tower,4,11,5,3,23,0,10,3,0,13,4,21,8,3,36,0,0,0,36
04/10/2009,AKN,AK,AAL,WE,Federal Contract Tower,0,6,0,0,6,0,15,2,0,17,0,21,2,0,23,0,0,0,23
04/11/2009,AKN,AK,AAL,WE,Federal Contract Tower,4,12,0,0,16,0,17,0,0,17,4,29,0,0,33,0,0,0,33
04/12/2009,AKN,AK,AAL,WE,Federal Contract Tower,0,8,0,0,8,0,13,2,0,15,0,21,2,0,23,0,0,0,23
04/13/2009,AKN,AK,AAL,WE,Federal Contract Tower,0,14,2,0,16,0,16,10,0,26,0,30,12,0,42,0,0,0,42
04/14/2009,AKN,AK,AAL,WE,Federal Contract Tower,2,6,0,0,8,0,19,5,0,24,2,25,5,0,32,0,0,0,32
04/15/2009,AKN,AK,AAL,WE,Federal Contract Tower,2,5,0,0,7,0,24,1,0,25,2,29,1,0,32,0,0,0,32
04/16/2009,AKN,AK,AAL,WE,Federal Contract Tower,0,6,0,0,6,0,23,9,0,32,0,29,9,0,38,8,0,8,46
04/17/2009,AKN,AK,AAL,WE,Federal Contract Tower,2,5,0,0,7,0,30,10,0,40,2,35,10,0,47,0,0,0,47
04/18/2009,AKN,AK,AAL,WE,Federal Contract Tower,2,2,0,0,4,0,15,10,0,25,2,17,10,0,29,0,0,0,29
04/19/2009,AKN,AK,AAL,WE,Federal Contract Tower,0,5,0,1,6,0,8,3,2,13,0,13,3,3,19,0,15,15,34
04/20/2009,AKN,AK,AAL,WE,Federal Contract Tower,2,19,5,2,28,0,14,7,0,21,2,33,12,2,49,0,0,0,49
04/21/2009,AKN,AK,AAL,WE,Federal Contract Tower,2,9,0,0,11,0,22,15,2,39,2,31,15,2,50,0,22,22,72
04/22/2009,AKN,AK,AAL,WE,Federal Contract Tower,2,15,0,2,19,0,25,4,0,29,2,40,4,2,48,0,0,0,48
04/23/2009,AKN,AK,AAL,WE,Federal Contract Tower,2,14,0,8,24,0,17,3,0,20,2,31,3,8,44,0,0,0,44
04/24/2009,AKN,AK,AAL,WE,Federal Contract Tower,0,10,1,0,11,0,25,12,0,37,0,35,13,0,48,0,0,0,48
04/25/2009,AKN,AK,AAL,WE,Federal Contract Tower,0,6,0,0,6,0,18,0,0,18,0,24,0,0,24,0,0,0,24
04/26/2009,AKN,AK,AAL,WE,Federal Contract Tower,2,10,0,0,12,0,15,0,0,15,2,25,0,0,27,0,0,0,27
04/27/2009,AKN,AK,AAL,WE,Federal Contract Tower,2,20,0,0,22,0,30,7,0,37,2,50,7,0,59,0,0,0,59
04/28/2009,AKN,AK,AAL,WE,Federal Contract Tower,3,11,0,0,14,1,26,13,0,40,4,37,13,0,54,12,0,12,66
04/29/2009,AKN,AK,AAL,WE,Federal Contract Tower,0,12,0,2,14,0,25,15,0,40,0,37,15,2,54,21,0,21,75
04/30/2009,AKN,AK,AAL,WE,Federal Contract Tower,3,9,0,0,12,1,15,15,0,31,4,24,15,0,43,4,0,4,47
05/01/2009,AKN,AK,AAL,WE,Federal Contract Tower,0,8,0,0,8,0,30,19,0,49,0,38,19,0,57,0,0,0,57
05/02/2009,AKN,AK,AAL,WE,Federal Contract Tower,6,14,0,0,20,0,23,16,0,39,6,37,16,0,59,0,0,0,59
05/03/2009,AKN,AK,AAL,WE,Federal Contract Tower,0,8,0,0,8,0,18,10,0,28,0,26,10,0,36,0,0,0,36
05/04/2009,AKN,AK,AAL,WE,Federal Contract Tower,2,13,0,1,16,0,28,19,1,48,2,41,19,2,64,0,8,8,72
05/05/2009,AKN,AK,AAL,WE,Federal Contract Tower,2,14,2,0,18,0,27,10,0,37,2,41,12,0,55,0,0,0,55
05/06/2009,AKN,AK,AAL,WE,Federal Contract Tower,2,12,0,0,14,0,28,10,0,38,2,40,10,0,52,2,0,2,54
05/07/2009,AKN,AK,AAL,WE,Federal Contract Tower,4,8,0,0,12,0,22,4,0,26,4,30,4,0,38,0,0,0,38
05/08/2009,AKN,AK,AAL,WE,Federal Contract Tower,0,10,0,0,10,0,35,12,0,47,0,45,12,0,57,0,0,0,57
05/09/2009,AKN,AK,AAL,WE,Federal Contract Tower,0,24,1,0,25,0,17,3,0,20,0,41,4,0,45,2,0,2,47
05/10/2009,AKN,AK,AAL,WE,Federal Contract Tower,0,20,0,0,20,0,14,7,0,21,0,34,7,0,41,0,0,0,41
05/11/2009,AKN,AK,AAL,WE,Federal Contract Tower,2,16,0,2,20,0,47,30,0,77,2,63,30,2,97,10,24,34,131
05/12/2009,AKN,AK,AAL,WE,Federal Contract Tower,2,12,0,1,15,2,34,15,1,52,4,46,15,2,67,4,0,4,71
05/13/2009,AKN,AK,AAL,WE,Federal Contract Tower,0,10,0,0,10,0,34,16,2,52,0,44,16,2,62,8,0,8,70
05/14/2009,AKN,AK,AAL,WE,Federal Contract Tower,4,11,0,3,18,0,33,15,3,51,4,44,15,6,69,12,5,17,86
05/15/2009,AKN,AK,AAL,WE,Federal Contract Tower,0,12,1,0,13,0,33,15,0,48,0,45,16,0,61,0,0,0,61
05/16/2009,AKN,AK,AAL,WE,Federal Contract Tower,2,20,0,0,22,2,30,7,2,41,4,50,7,2,63,0,20,20,83
05/17/2009,AKN,AK,AAL,WE,Federal Contract Tower,0,14,0,0,14,0,16,10,2,28,0,30,10,2,42,0,24,24,66
05/18/2009,AKN,AK,AAL,WE,Federal Contract Tower,2,16,4,0,22,0,17,2,0,19,2,33,6,0,41,0,0,0,41
05/19/2009,AKN,AK,AAL,WE,Federal Contract Tower,2,16,0,2,20,0,30,12,0,42,2,46,12,2,62,0,20,20,82
05/20/2009,AKN,AK,AAL,WE,Federal Contract Tower,4,21,10,8,43,0,19,12,0,31,4,40,22,8,74,3,6,9,83
05/21/2009,AKN,AK,AAL,WE,Federal Contract Tower,5,13,0,0,18,0,35,13,0,48,5,48,13,0,66,4,0,4,70
05/22/2009,AKN,AK,AAL,WE,Federal Contract Tower,2,20,1,0,23,0,38,17,0,55,2,58,18,0,78,10,0,10,88
05/23/2009,AKN,AK,AAL,WE,Federal Contract Tower,2,22,0,0,24,0,29,5,0,34,2,51,5,0,58,20,0,20,78
05/24/2009,AKN,AK,AAL,WE,Federal Contract Tower,0,10,0,0,10,0,20,10,0,30,0,30,10,0,40,0,0,0,40
05/25/2009,AKN,AK,AAL,WE,Federal Contract Tower,2,20,0,0,22,0,29,21,0,50,2,49,21,0,72,14,0,14,86
05/26/2009,AKN,AK,AAL,WE,Federal Contract Tower,6,22,1,0,29,0,18,13,0,31,6,40,14,0,60,2,0,2,62
05/27/2009,AKN,AK,AAL,WE,Federal Contract Tower,0,36,3,2,41,0,11,3,1,15,0,47,6,3,56,0,0,0,56
05/28/2009,AKN,AK,AAL,WE,Federal Contract Tower,2,16,2,4,24,0,28,21,4,53,2,44,23,8,77,34,16,50,127
05/29/2009,AKN,AK,AAL,WE,Federal Contract Tower,2,19,2,0,23,0,36,24,0,60,2,55,26,0,83,0,0,0,83
05/30/2009,AKN,AK,AAL,WE,Federal Contract Tower,2,22,1,0,25,0,29,28,0,57,2,51,29,0,82,0,0,0,82
05/31/2009,AKN,AK,AAL,WE,Federal Contract Tower,0,12,0,0,12,0,29,13,2,44,0,41,13,2,56,0,0,0,56
06/01/2009,AKN,AK,AAL,WE,Federal Contract Tower,0,27,3,0,30,0,57,21,4,82,0,84,24,4,112,0,0,0,112
06/02/2009,AKN,AK,AAL,WE,Federal Contract Tower,4,30,1,0,35,1,43,16,1,61,5,73,17,1,96,6,0,6,102
06/03/2009,AKN,AK,AAL,WE,Federal Contract Tower,0,25,0,0,25,2,52,25,0,79,2,77,25,0,104,21,0,21,125
06/04/2009,AKN,AK,AAL,WE,Federal Contract Tower,2,24,4,0,30,0,37,10,0,47,2,61,14,0,77,0,0,0,77
06/05/2009,AKN,AK,AAL,WE,Federal Contract Tower,0,32,0,0,32,0,43,16,0,59,0,75,16,0,91,0,0,0,91
06/06/2009,AKN,AK,AAL,WE,Federal Contract Tower,5,18,2,0,25,0,80,52,0,132,5,98,54,0,157,0,0,0,157
06/07/2009,AKN,AK,AAL,WE,Federal Contract Tower,2,19,2,0,23,0,65,47,2,114,2,84,49,2,137,0,0,0,137
06/08/2009,AKN,AK,AAL,WE,Federal Contract Tower,1,22,0,0,23,0,63,33,1,97,1,85,33,1,120,0,0,0,120
06/09/2009,AKN,AK,AAL,WE,Federal Contract Tower,4,21,5,2,32,0,67,26,4,97,4,88,31,6,129,9,0,9,138
06/10/2009,AKN,AK,AAL,WE,Federal Contract Tower,2,10,1,0,13,2,75,45,4,126,4,85,46,4,139,0,0,0,139
06/11/2009,AKN,AK,AAL,WE,Federal Contract Tower,5,34,3,4,46,0,71,22,1,94,5,105,25,5,140,0,4,4,144
06/12/2009,AKN,AK,AAL,WE,Federal Contract Tower,1,25,0,0,26,0,87,22,0,109,1,112,22,0,135,0,0,0,135
06/13/2009,AKN,AK,AAL,WE,Federal Contract Tower,6,23,0,0,29,0,60,26,0,86,6,83,26,0,115,0,0,0,115
06/14/2009,AKN,AK,AAL,WE,Federal Contract Tower,2,15,1,0,18,0,53,29,3,85,2,68,30,3,103,2,0,2,105
06/15/2009,AKN,AK,AAL,WE,Federal Contract Tower,2,32,1,0,35,4,97,45,3,149,6,129,46,3,184,4,24,28,212
06/16/2009,AKN,AK,AAL,WE,Federal Contract Tower,4,27,2,1,34,5,91,30,6,132,9,118,32,7,166,0,12,12,178
06/17/2009,AKN,AK,AAL,WE,Federal Contract Tower,2,33,0,0,35,1,102,30,0,133,3,135,30,0,168,0,0,0,168
06/18/2009,AKN,AK,AAL,WE,Federal Contract Tower,4,32,1,5,42,0,122,39,2,163,4,154,40,7,205,0,50,50,255
06/19/2009,AKN,AK,AAL,WE,Federal Contract Tower,4,33,2,1,40,0,113,38,0,151,4,146,40,1,191,0,6,6,197
06/20/2009,AKN,AK,AAL,WE,Federal Contract Tower,6,27,3,1,37,0,96,50,1,147,6,123,53,2,184,0,0,0,184
06/21/2009,AKN,AK,AAL,WE,Federal Contract Tower,2,28,1,0,31,0,91,49,0,140,2,119,50,0,171,2,0,2,173
06/22/2009,AKN,AK,AAL,WE,Federal Contract Tower,2,24,1,1,28,0,99,91,1,191,2,123,92,2,219,0,0,0,219
06/23/2009,AKN,AK,AAL,WE,Federal Contract Tower,8,40,2,4,54,0,106,70,0,176,8,146,72,4,230,6,0,6,236
06/24/2009,AKN,AK,AAL,WE,Federal Contract Tower,2,33,3,2,40,0,102,83,0,185,2,135,86,2,225,4,2,6,231
06/25/2009,AKN,AK,AAL,WE,Federal Contract Tower,5,25,0,3,33,0,113,60,3,176,5,138,60,6,209,0,14,14,223
06/26/2009,AKN,AK,AAL,WE,Federal Contract Tower,10,22,4,1,37,0,123,49,1,173,10,145,53,2,210,0,0,0,210
06/27/2009,AKN,AK,AAL,WE,Federal Contract Tower,4,20,4,0,28,0,94,76,1,171,4,114,80,1,199,0,0,0,199
06/28/2009,AKN,AK,AAL,WE,Federal Contract Tower,8,30,12,2,52,0,74,79,2,155,8,104,91,4,207,0,0,0,207
06/29/2009,AKN,AK,AAL,WE,Federal Contract Tower,8,41,46,1,96,0,78,66,3,147,8,119,112,4,243,2,0,2,245
06/30/2009,AKN,AK,AAL,WE,Federal Contract Tower,8,19,6,1,34,1,98,56,3,158,9,117,62,4,192,10,9,19,211
07/01/2009,AKN,AK,AAL,WE,Federal Contract Tower,8,16,3,0,27,1,115,74,0,190,9,131,77,0,217,4,0,4,221
07/02/2009,AKN,AK,AAL,WE,Federal Contract Tower,6,20,4,0,30,1,111,64,0,176,7,131,68,0,206,14,0,14,220
07/03/2009,AKN,AK,AAL,WE,Federal Contract Tower,4,20,3,0,27,0,128,62,0,190,4,148,65,0,217,4,0,4,221
07/04/2009,AKN,AK,AAL,WE,Federal Contract Tower,6,15,1,0,22,0,74,82,0,156,6,89,83,0,178,0,0,0,178
07/05/2009,AKN,AK,AAL,WE,Federal Contract Tower,6,16,9,0,31,0,95,62,2,159,6,111,71,2,190,2,0,2,192
07/06/2009,AKN,AK,AAL,WE,Federal Contract Tower,2,26,9,1,38,0,99,97,2,198,2,125,106,3,236,0,0,0,236
07/07/2009,AKN,AK,AAL,WE,Federal Contract Tower,8,21,1,0,30,0,84,73,0,157,8,105,74,0,187,7,0,7,194
07/08/2009,AKN,AK,AAL,WE,Federal Contract Tower,5,26,4,0,35,1,100,53,0,154,6,126,57,0,189,0,0,0,189
07/09/2009,AKN,AK,AAL,WE,Federal Contract Tower,9,33,10,2,54,1,89,46,1,137,10,122,56,3,191,0,0,0,191
07/10/2009,AKN,AK,AAL,WE,Federal Contract Tower,7,34,4,0,45,0,108,54,0,162,7,142,58,0,207,0,0,0,207
07/11/2009,AKN,AK,AAL,WE,Federal Contract Tower,13,18,3,0,34,0,117,69,1,187,13,135,72,1,221,0,0,0,221
07/12/2009,AKN,AK,AAL,WE,Federal Contract Tower,7,31,10,0,48,0,120,68,4,192,7,151,78,4,240,0,0,0,240
07/13/2009,AKN,AK,AAL,WE,Federal Contract Tower,2,32,0,0,34,0,125,82,5,212,2,157,82,5,246,0,0,0,246
07/14/2009,AKN,AK,AAL,WE,Federal Contract Tower,7,43,2,4,56,1,131,61,0,193,8,174,63,4,249,0,30,30,279
07/15/2009,AKN,AK,AAL,WE,Federal Contract Tower,3,44,10,0,57,0,122,61,0,183,3,166,71,0,240,0,0,0,240
07/16/2009,AKN,AK,AAL,WE,Federal Contract Tower,8,60,8,0,76,0,115,38,2,155,8,175,46,2,231,0,0,0,231
07/17/2009,AKN,AK,AAL,WE,Federal Contract Tower,4,36,8,1,49,0,166,58,0,224,4,202,66,1,273,0,0,0,273
07/18/2009,AKN,AK,AAL,WE,Federal Contract Tower,3,40,8,6,57,1,118,67,0,186,4,158,75,6,243,0,2,2,245
07/19/2009,AKN,AK,AAL,WE,Federal Contract Tower,2,70,11,0,83,0,119,45,1,165,2,189,56,1,248,0,0,0,248
07/20/2009,AKN,AK,AAL,WE,Federal Contract Tower,2,31,3,0,36,0,131,74,0,205,2,162,77,0,241,0,0,0,241
07/21/2009,AKN,AK,AAL,WE,Federal Contract Tower,4,37,0,1,42,0,67,5,2,74,4,104,5,3,116,0,0,0,116
07/22/2009,AKN,AK,AAL,WE,Federal Contract Tower,6,32,6,0,44,0,112,82,1,195,6,144,88,1,239,2,0,2,241
07/23/2009,AKN,AK,AAL,WE,Federal Contract Tower,6,40,2,2,50,0,133,54,0,187,6,173,56,2,237,0,0,0,237
07/24/2009,AKN,AK,AAL,WE,Federal Contract Tower,2,31,2,0,35,0,127,43,0,170,2,158,45,0,205,0,0,0,205
07/25/2009,AKN,AK,AAL,WE,Federal Contract Tower,4,28,2,0,34,0,102,43,1,146,4,130,45,1,180,0,0,0,180
07/26/2009,AKN,AK,AAL,WE,Federal Contract Tower,2,23,4,0,29,0,103,72,2,177,2,126,76,2,206,0,0,0,206
07/27/2009,AKN,AK,AAL,WE,Federal Contract Tower,2,33,1,0,36,0,89,46,4,139,2,122,47,4,175,0,0,0,175
07/28/2009,AKN,AK,AAL,WE,Federal Contract Tower,4,22,0,4,30,1,76,46,1,124,5,98,46,5,154,0,0,0,154
07/29/2009,AKN,AK,AAL,WE,Federal Contract Tower,3,48,6,0,57,1,66,32,0,99,4,114,38,0,156,0,0,0,156
07/30/2009,AKN,AK,AAL,WE,Federal Contract Tower,6,34,7,1,48,0,100,41,1,142,6,134,48,2,190,12,3,15,205
07/31/2009,AKN,AK,AAL,WE,Federal Contract Tower,2,43,7,0,52,0,88,26,0,114,2,131,33,0,166,2,0,2,168
08/01/2009,AKN,AK,AAL,WE,Federal Contract Tower,6,15,5,0,26,0,97,58,1,156,6,112,63,1,182,0,0,0,182
08/02/2009,AKN,AK,AAL,WE,Federal Contract Tower,2,18,1,0,21,0,70,31,0,101,2,88,32,0,122,0,0,0,122
08/03/2009,AKN,AK,AAL,WE,Federal Contract Tower,1,24,3,0,28,0,70,34,0,104,1,94,37,0,132,0,0,0,132
08/04/2009,AKN,AK,AAL,WE,Federal Contract Tower,6,19,3,0,28,0,62,38,0,100,6,81,41,0,128,4,0,4,132
08/05/2009,AKN,AK,AAL,WE,Federal Contract Tower,2,16,2,0,20,1,77,31,0,109,3,93,33,0,129,5,0,5,134
08/06/2009,AKN,AK,AAL,WE,Federal Contract Tower,8,19,2,2,31,0,71,46,0,117,8,90,48,2,148,6,16,22,170
08/07/2009,AKN,AK,AAL,WE,Federal Contract Tower,1,22,1,0,24,0,74,47,0,121,1,96,48,0,145,7,0,7,152
08/08/2009,AKN,AK,AAL,WE,Federal Contract Tower,6,21,2,0,29,0,60,74,1,135,6,81,76,1,164,0,0,0,164
08/09/2009,AKN,AK,AAL,WE,Federal Contract Tower,2,16,7,1,26,0,79,39,5,123,2,95,46,6,149,0,0,0,149
08/10/2009,AKN,AK,AAL,WE,Federal Contract Tower,3,19,2,2,26,0,78,62,1,141,3,97,64,3,167,18,12,30,197
08/11/2009,AKN,AK,AAL,WE,Federal Contract Tower,6,46,16,0,68,0,36,37,0,73,6,82,53,0,141,0,0,0,141
08/12/2009,AKN,AK,AAL,WE,Federal Contract Tower,1,19,2,0,22,1,72,51,2,126,2,91,53,2,148,0,2,2,150
08/13/2009,AKN,AK,AAL,WE,Federal Contract Tower,6,19,3,0,28,0,75,31,0,106,6,94,34,0,134,0,0,0,134
08/14/2009,AKN,AK,AAL,WE,Federal Contract Tower,1,16,3,0,20,0,80,49,0,129,1,96,52,0,149,6,0,6,155
08/15/2009,AKN,AK,AAL,WE,Federal Contract Tower,6,30,13,0,49,0,89,42,0,131,6,119,55,0,180,0,0,0,180
08/16/2009,AKN,AK,AAL,WE,Federal Contract Tower,2,18,2,0,22,0,71,40,0,111,2,89,42,0,133,0,0,0,133
08/17/2009,AKN,AK,AAL,WE,Federal Contract Tower,1,20,13,0,34,0,81,31,0,112,1,101,44,0,146,6,0,6,152
08/18/2009,AKN,AK,AAL,WE,Federal Contract Tower,7,9,3,0,19,1,77,37,0,115,8,86,40,0,134,16,0,16,150
08/19/2009,AKN,AK,AAL,WE,Federal Contract Tower,4,27,7,0,38,0,70,39,2,111,4,97,46,2,149,0,0,0,149
08/20/2009,AKN,AK,AAL,WE,Federal Contract Tower,6,16,2,0,24,0,72,45,0,117,6,88,47,0,141,0,0,0,141
08/21/2009,AKN,AK,AAL,WE,Federal Contract Tower,1,14,3,2,20,0,87,51,1,139,1,101,54,3,159,0,4,4,163
08/22/2009,AKN,AK,AAL,WE,Federal Contract Tower,6,20,8,0,34,0,79,37,0,116,6,99,45,0,150,0,0,0,150
08/23/2009,AKN,AK,AAL,WE,Federal Contract Tower,0,16,1,1,18,0,75,30,0,105,0,91,31,1,123,0,0,0,123
08/24/2009,AKN,AK,AAL,WE,Federal Contract Tower,0,14,1,4,19,0,86,70,0,156,0,100,71,4,175,0,6,6,181
08/25/2009,AKN,AK,AAL,WE,Federal Contract Tower,2,16,0,1,19,0,75,36,3,114,2,91,36,4,133,3,12,15,148
08/26/2009,AKN,AK,AAL,WE,Federal Contract Tower,3,13,0,2,18,1,93,57,1,152,4,106,57,3,170,0,10,10,180
08/27/2009,AKN,AK,AAL,WE,Federal Contract Tower,4,13,2,0,19,0,86,42,1,129,4,99,44,1,148,0,2,2,150
08/28/2009,AKN,AK,AAL,WE,Federal Contract Tower,0,21,0,0,21,0,87,37,0,124,0,108,37,0,145,0,0,0,145
08/29/2009,AKN,AK,AAL,WE,Federal Contract Tower,2,19,0,0,21,0,72,45,0,117,2,91,45,0,138,2,0,2,140
08/30/2009,AKN,AK,AAL,WE,Federal Contract Tower,2,21,4,0,27,0,67,22,0,89,2,88,26,0,116,0,0,0,116
08/31/2009,AKN,AK,AAL,WE,Federal Contract Tower,0,41,17,2,60,0,45,26,0,71,0,86,43,2,131,0,0,0,131
09/01/2009,AKN,AK,AAL,WE,Federal Contract Tower,2,58,11,0,71,0,27,13,0,40,2,85,24,0,111,0,0,0,111
09/02/2009,AKN,AK,AAL,WE,Federal Contract Tower,2,13,4,6,25,0,78,38,0,116,2,91,42,6,141,0,0,0,141
09/03/2009,AKN,AK,AAL,WE,Federal Contract Tower,4,15,2,2,23,0,80,55,0,135,4,95,57,2,158,0,0,0,158
09/04/2009,AKN,AK,AAL,WE,Federal Contract Tower,0,21,5,0,26,0,71,59,0,130,0,92,64,0,156,0,0,0,156
09/05/2009,AKN,AK,AAL,WE,Federal Contract Tower,4,21,2,0,27,0,79,62,0,141,4,100,64,0,168,0,0,0,168
09/06/2009,AKN,AK,AAL,WE,Federal Contract Tower,2,12,1,0,15,0,51,47,0,98,2,63,48,0,113,0,0,0,113
09/07/2009,AKN,AK,AAL,WE,Federal Contract Tower,0,9,0,1,10,0,73,36,6,115,0,82,36,7,125,4,12,16,141
09/08/2009,AKN,AK,AAL,WE,Federal Contract Tower,4,15,1,1,21,1,79,37,1,118,5,94,38,2,139,0,0,0,139
09/09/2009,AKN,AK,AAL,WE,Federal Contract Tower,3,20,4,4,31,0,66,47,0,113,3,86,51,4,144,12,0,12,156
09/10/2009,AKN,AK,AAL,WE,Federal Contract Tower,4,15,1,1,21,0,55,40,4,99,4,70,41,5,120,0,0,0,120
09/11/2009,AKN,AK,AAL,WE,Federal Contract Tower,0,8,1,1,10,0,70,53,12,135,0,78,54,13,145,0,8,8,153
09/12/2009,AKN,AK,AAL,WE,Federal Contract Tower,4,22,8,6,40,0,68,38,0,106,4,90,46,6,146,0,0,0,146
09/13/2009,AKN,AK,AAL,WE,Federal Contract Tower,0,10,5,0,15,0,46,50,0,96,0,56,55,0,111,0,0,0,111
09/14/2009,AKN,AK,AAL,WE,Federal Contract Tower,0,17,4,1,22,0,75,54,1,130,0,92,58,2,152,6,12,18,170
09/15/2009,AKN,AK,AAL,WE,Federal Contract Tower,4,22,2,1,29,0,72,44,4,120,4,94,46,5,149,0,19,19,168
09/16/2009,AKN,AK,AAL,WE,Federal Contract Tower,3,8,1,4,16,0,86,43,1,130,3,94,44,5,146,0,0,0,146
09/17/2009,AKN,AK,AAL,WE,Federal Contract Tower,4,14,0,0,18,0,75,45,0,120,4,89,45,0,138,0,0,0,138
09/18/2009,AKN,AK,AAL,WE,Federal Contract Tower,0,16,0,3,19,0,41,37,0,78,0,57,37,3,97,0,10,10,107
09/19/2009,AKN,AK,AAL,WE,Federal Contract Tower,4,29,8,0,41,0,44,23,0,67,4,73,31,0,108,0,0,0,108
09/20/2009,AKN,AK,AAL,WE,Federal Contract Tower,0,8,4,0,12,0,42,30,0,72,0,50,34,0,84,12,0,12,96
09/21/2009,AKN,AK,AAL,WE,Federal Contract Tower,0,15,2,0,17,0,43,21,0,64,0,58,23,0,81,0,0,0,81
09/22/2009,AKN,AK,AAL,WE,Federal Contract Tower,4,14,0,2,20,0,45,39,3,87,4,59,39,5,107,0,0,0,107
09/23/2009,AKN,AK,AAL,WE,Federal Contract Tower,2,7,0,1,10,0,37,40,0,77,2,44,40,1,87,0,0,0,87
09/24/2009,AKN,AK,AAL,WE,Federal Contract Tower,2,12,0,0,14,0,26,24,0,50,2,38,24,0,64,6,0,6,70
09/25/2009,AKN,AK,AAL,WE,Federal Contract Tower,0,11,1,0,12,0,35,22,0,57,0,46,23,0,69,4,0,4,73
09/26/2009,AKN,AK,AAL,WE,Federal Contract Tower,5,15,2,0,22,1,35,33,0,69,6,50,35,0,91,0,0,0,91
09/27/2009,AKN,AK,AAL,WE,Federal Contract Tower,0,15,2,0,17,0,50,31,0,81,0,65,33,0,98,14,0,14,112
09/28/2009,AKN,AK,AAL,WE,Federal Contract Tower,0,18,0,0,18,0,63,30,0,93,0,81,30,0,111,0,0,0,111
09/29/2009,AKN,AK,AAL,WE,Federal Contract Tower,3,28,2,0,33,1,40,11,0,52,4,68,13,0,85,0,0,0,85
09/30/2009,AKN,AK,AAL,WE,Federal Contract Tower,0,21,1,0,22,0,43,27,0,70,0,64,28,0,92,0,0,0,92
10/01/2009,AKN,AK,AAL,WE,Federal Contract Tower,4,12,1,4,21,0,38,26,2,66,4,50,27,6,87,0,11,11,98
10/02/2009,AKN,AK,AAL,WE,Federal Contract Tower,0,13,1,0,14,0,36,21,0,57,0,49,22,0,71,0,0,0,71
10/03/2009,AKN,AK,AAL,WE,Federal Contract Tower,4,8,1,0,13,0,23,10,0,33,4,31,11,0,46,0,0,0,46
10/04/2009,AKN,AK,AAL,WE,Federal Contract Tower,0,11,4,0,15,0,27,24,0,51,0,38,28,0,66,0,0,0,66
10/05/2009,AKN,AK,AAL,WE,Federal Contract Tower,2,11,0,0,13,0,35,19,0,54,2,46,19,0,67,4,0,4,71
10/06/2009,AKN,AK,AAL,WE,Federal Contract Tower,0,11,0,0,11,0,27,2,0,29,0,38,2,0,40,0,0,0,40
10/07/2009,AKN,AK,AAL,WE,Federal Contract Tower,3,19,0,3,25,1,35,14,1,51,4,54,14,4,76,14,4,18,94
10/08/2009,AKN,AK,AAL,WE,Federal Contract Tower,0,20,1,0,21,0,25,15,0,40,0,45,16,0,61,0,0,0,61
10/09/2009,AKN,AK,AAL,WE,Federal Contract Tower,2,7,0,0,9,0,18,2,0,20,2,25,2,0,29,9,0,9,38
10/10/2009,AKN,AK,AAL,WE,Federal Contract Tower,2,7,0,0,9,0,14,4,0,18,2,21,4,0,27,0,0,0,27
10/11/2009,AKN,AK,AAL,WE,Federal Contract Tower,0,8,2,0,10,0,48,22,0,70,0,56,24,0,80,0,0,0,80
10/12/2009,AKN,AK,AAL,WE,Federal Contract Tower,0,11,0,0,11,0,21,13,0,34,0,32,13,0,45,0,0,0,45
10/13/2009,AKN,AK,AAL,WE,Federal Contract Tower,0,21,0,0,21,0,10,10,0,20,0,31,10,0,41,0,0,0,41
10/14/2009,AKN,AK,AAL,WE,Federal Contract Tower,5,8,1,0,14,0,35,29,0,64,5,43,30,0,78,4,0,4,82
10/15/2009,AKN,AK,AAL,WE,Federal Contract Tower,2,7,4,2,15,0,30,16,0,46,2,37,20,2,61,0,0,0,61
10/16/2009,AKN,AK,AAL,WE,Federal Contract Tower,2,20,1,2,25,0,25,14,0,39,2,45,15,2,64,0,0,0,64
10/17/2009,AKN,AK,AAL,WE,Federal Contract Tower,0,12,0,0,12,0,25,12,0,37,0,37,12,0,49,0,0,0,49
10/18/2009,AKN,AK,AAL,WE,Federal Contract Tower,0,8,1,0,9,0,18,12,0,30,0,26,13,0,39,18,0,18,57
10/19/2009,AKN,AK,AAL,WE,Federal Contract Tower,2,7,0,0,9,0,37,17,0,54,2,44,17,0,63,4,0,4,67
10/20/2009,AKN,AK,AAL,WE,Federal Contract Tower,0,8,0,0,8,0,27,15,0,42,0,35,15,0,50,0,0,0,50
10/21/2009,AKN,AK,AAL,WE,Federal Contract Tower,2,6,1,0,9,0,22,6,0,28,2,28,7,0,37,0,0,0,37
10/22/2009,AKN,AK,AAL,WE,Federal Contract Tower,3,8,0,2,13,1,28,28,0,57,4,36,28,2,70,22,0,22,92
10/23/2009,AKN,AK,AAL,WE,Federal Contract Tower,2,9,2,0,13,0,25,9,0,34,2,34,11,0,47,22,0,22,69
10/24/2009,AKN,AK,AAL,WE,Federal Contract Tower,2,5,0,0,7,0,20,10,0,30,2,25,10,0,37,17,0,17,54
10/25/2009,AKN,AK,AAL,WE,Federal Contract Tower,0,11,4,0,15,0,10,0,0,10,0,21,4,0,25,0,0,0,25
10/26/2009,AKN,AK,AAL,WE,Federal Contract Tower,3,9,0,2,14,1,36,14,3,54,4,45,14,5,68,0,15,15,83
10/27/2009,AKN,AK,AAL,WE,Federal Contract Tower,4,7,3,6,20,0,18,16,2,36,4,25,19,8,56,0,23,23,79
10/28/2009,AKN,AK,AAL,WE,Federal Contract Tower,2,4,1,1,8,0,24,13,0,37,2,28,14,1,45,0,6,6,51
10/29/2009,AKN,AK,AAL,WE,Federal Contract Tower,2,6,0,5,13,0,33,4,1,38,2,39,4,6,51,0,0,0,51
10/30/2009,AKN,AK,AAL,WE,Federal Contract Tower,2,4,0,1,7,0,26,2,2,30,2,30,2,3,37,0,0,0,37
10/31/2009,AKN,AK,AAL,WE,Federal Contract Tower,1,5,0,0,6,0,16,1,0,17,1,21,1,0,23,0,0,0,23
11/01/2009,AKN,AK,AAL,WE,Federal Contract Tower,0,9,3,0,12,0,7,2,0,9,0,16,5,0,21,0,0,0,21
11/02/2009,AKN,AK,AAL,WE,Federal Contract Tower,4,6,2,1,13,0,22,12,0,34,4,28,14,1,47,4,0,4,51
11/03/2009,AKN,AK,AAL,WE,Federal Contract Tower,0,9,0,2,11,0,22,0,0,22,0,31,0,2,33,0,0,0,33
11/04/2009,AKN,AK,AAL,WE,Federal Contract Tower,4,10,1,0,15,0,24,1,0,25,4,34,2,0,40,0,0,0,40
11/05/2009,AKN,AK,AAL,WE,Federal Contract Tower,3,10,0,0,13,0,8,0,0,8,3,18,0,0,21,0,0,0,21
11/06/2009,AKN,AK,AAL,WE,Federal Contract Tower,2,4,1,0,7,0,18,1,0,19,2,22,2,0,26,0,0,0,26
11/07/2009,AKN,AK,AAL,WE,Federal Contract Tower,0,6,2,0,8,0,16,9,0,25,0,22,11,0,33,28,0,28,61
11/08/2009,AKN,AK,AAL,WE,Federal Contract Tower,4,0,0,0,4,0,8,1,0,9,4,8,1,0,13,6,0,6,19
11/09/2009,AKN,AK,AAL,WE,Federal Contract Tower,2,19,0,0,21,0,15,3,0,18,2,34,3,0,39,0,0,0,39
11/10/2009,AKN,AK,AAL,WE,Federal Contract Tower,0,18,0,0,18,0,6,0,0,6,0,24,0,0,24,0,0,0,24
11/11/2009,AKN,AK,AAL,WE,Federal Contract Tower,8,6,0,0,14,0,13,1,0,14,8,19,1,0,28,0,0,0,28
11/12/2009,AKN,AK,AAL,WE,Federal Contract Tower,2,13,2,2,19,0,18,4,0,22,2,31,6,2,41,0,10,10,51
11/13/2009,AKN,AK,AAL,WE,Federal Contract Tower,2,7,0,0,9,0,19,14,0,33,2,26,14,0,42,10,0,10,52
11/14/2009,AKN,AK,AAL,WE,Federal Contract Tower,2,3,0,0,5,0,18,6,0,24,2,21,6,0,29,24,0,24,53
11/15/2009,AKN,AK,AAL,WE,Federal Contract Tower,0,6,0,0,6,0,22,0,0,22,0,28,0,0,28,0,0,0,28
11/16/2009,AKN,AK,AAL,WE,Federal Contract Tower,0,8,0,1,9,0,21,8,1,30,0,29,8,2,39,0,10,10,49
11/17/2009,AKN,AK,AAL,WE,Federal Contract Tower,2,6,0,0,8,0,14,4,0,18,2,20,4,0,26,12,0,12,38
11/18/2009,AKN,AK,AAL,WE,Federal Contract Tower,8,7,0,4,19,0,30,0,2,32,8,37,0,6,51,0,14,14,65
11/19/2009,AKN,AK,AAL,WE,Federal Contract Tower,4,7,0,0,11,0,22,7,0,29,4,29,7,0,40,0,0,0,40
11/20/2009,AKN,AK,AAL,WE,Federal Contract Tower,0,27,2,0,29,0,2,0,0,2,0,29,2,0,31,0,0,0,31
11/21/2009,AKN,AK,AAL,WE,Federal Contract Tower,4,27,0,0,31,0,8,0,0,8,4,35,0,0,39,0,0,0,39
11/22/2009,AKN,AK,AAL,WE,Federal Contract Tower,0,4,0,0,4,0,10,0,0,10,0,14,0,0,14,0,0,0,14
11/23/2009,AKN,AK,AAL,WE,Federal Contract Tower,0,23,4,0,27,0,1,0,0,1,0,24,4,0,28,0,0,0,28
11/24/2009,AKN,AK,AAL,WE,Federal Contract Tower,4,9,1,0,14,0,18,2,0,20,4,27,3,0,34,42,0,42,76
11/25/2009,AKN,AK,AAL,WE,Federal Contract Tower,2,12,0,0,14,0,2,0,0,2,2,14,0,0,16,6,0,6,22
11/26/2009,AKN,AK,AAL,WE,Federal Contract Tower,0,0,0,0,0,0,0,0,0,0,0,0,0,0,0,0,0,0,0
11/27/2009,AKN,AK,AAL,WE,Federal Contract Tower,2,10,4,0,16,0,12,2,0,14,2,22,6,0,30,0,0,0,30
11/28/2009,AKN,AK,AAL,WE,Federal Contract Tower,2,8,0,0,10,0,4,2,0,6,2,12,2,0,16,0,0,0,16
11/29/2009,AKN,AK,AAL,WE,Federal Contract Tower,0,9,0,0,9,0,7,4,0,11,0,16,4,0,20,0,0,0,20
11/30/2009,AKN,AK,AAL,WE,Federal Contract Tower,0,11,0,2,13,0,12,2,0,14,0,23,2,2,27,15,0,15,42
12/01/2009,AKN,AK,AAL,WE,Federal Contract Tower,2,9,0,2,13,0,13,11,0,24,2,22,11,2,37,8,0,8,45
12/02/2009,AKN,AK,AAL,WE,Federal Contract Tower,5,17,2,0,24,1,11,0,0,12,6,28,2,0,36,0,0,0,36
12/03/2009,AKN,AK,AAL,WE,Federal Contract Tower,0,8,0,0,8,0,19,15,0,34,0,27,15,0,42,0,0,0,42
12/04/2009,AKN,AK,AAL,WE,Federal Contract Tower,0,18,0,0,18,0,14,3,0,17,0,32,3,0,35,0,0,0,35
12/05/2009,AKN,AK,AAL,WE,Federal Contract Tower,0,8,0,0,8,0,8,0,0,8,0,16,0,0,16,0,0,0,16
12/06/2009,AKN,AK,AAL,WE,Federal Contract Tower,0,6,0,0,6,0,6,0,0,6,0,12,0,0,12,0,0,0,12
12/07/2009,AKN,AK,AAL,WE,Federal Contract Tower,4,5,0,0,9,0,20,8,0,28,4,25,8,0,37,9,0,9,46
12/08/2009,AKN,AK,AAL,WE,Federal Contract Tower,0,7,2,0,9,0,27,9,0,36,0,34,11,0,45,5,0,5,50
12/09/2009,AKN,AK,AAL,WE,Federal Contract Tower,5,9,1,0,15,1,20,3,4,28,6,29,4,4,43,0,10,10,53
12/10/2009,AKN,AK,AAL,WE,Federal Contract Tower,0,6,0,0,6,0,12,6,0,18,0,18,6,0,24,0,0,0,24
12/11/2009,AKN,AK,AAL,WE,Federal Contract Tower,2,12,0,1,15,0,23,10,0,33,2,35,10,1,48,0,0,0,48
12/12/2009,AKN,AK,AAL,WE,Federal Contract Tower,2,4,0,1,7,0,14,1,0,15,2,18,1,1,22,0,0,0,22
12/13/2009,AKN,AK,AAL,WE,Federal Contract Tower,0,8,1,0,9,0,5,4,0,9,0,13,5,0,18,0,0,0,18
12/14/2009,AKN,AK,AAL,WE,Federal Contract Tower,0,26,2,0,28,0,0,0,0,0,0,26,2,0,28,0,0,0,28
12/15/2009,AKN,AK,AAL,WE,Federal Contract Tower,0,8,0,1,9,0,22,4,5,31,0,30,4,6,40,0,21,21,61
12/16/2009,AKN,AK,AAL,WE,Federal Contract Tower,2,9,0,0,11,0,26,1,3,30,2,35,1,3,41,0,11,11,52
12/17/2009,AKN,AK,AAL,WE,Federal Contract Tower,0,8,0,0,8,0,16,2,3,21,0,24,2,3,29,2,0,2,31
12/18/2009,AKN,AK,AAL,WE,Federal Contract Tower,2,9,0,0,11,0,21,4,0,25,2,30,4,0,36,0,0,0,36
12/19/2009,AKN,AK,AAL,WE,Federal Contract Tower,2,8,1,0,11,0,12,2,0,14,2,20,3,0,25,4,0,4,29
12/20/2009,AKN,AK,AAL,WE,Federal Contract Tower,0,12,0,0,12,0,9,0,0,9,0,21,0,0,21,2,0,2,23
12/21/2009,AKN,AK,AAL,WE,Federal Contract Tower,0,11,1,0,12,0,5,1,0,6,0,16,2,0,18,0,0,0,18
12/22/2009,AKN,AK,AAL,WE,Federal Contract Tower,0,9,0,0,9,0,21,6,0,27,0,30,6,0,36,2,0,2,38
12/23/2009,AKN,AK,AAL,WE,Federal Contract Tower,2,8,0,2,12,2,23,9,0,34,4,31,9,2,46,10,0,10,56
12/24/2009,AKN,AK,AAL,WE,Federal Contract Tower,0,6,2,0,8,0,15,4,0,19,0,21,6,0,27,0,0,0,27
12/25/2009,AKN,AK,AAL,WE,Federal Contract Tower,0,0,0,0,0,0,0,3,0,3,0,0,3,0,3,0,0,0,3
12/26/2009,AKN,AK,AAL,WE,Federal Contract Tower,0,10,0,0,10,0,10,12,0,22,0,20,12,0,32,0,0,0,32
12/27/2009,AKN,AK,AAL,WE,Federal Contract Tower,0,23,2,0,25,0,10,2,0,12,0,33,4,0,37,0,0,0,37
12/28/2009,AKN,AK,AAL,WE,Federal Contract Tower,0,12,0,0,12,0,9,0,0,9,0,21,0,0,21,0,0,0,21
12/29/2009,AKN,AK,AAL,WE,Federal Contract Tower,0,10,0,0,10,0,14,3,0,17,0,24,3,0,27,0,0,0,27
12/30/2009,AKN,AK,AAL,WE,Federal Contract Tower,2,10,0,1,13,2,18,10,1,31,4,28,10,2,44,4,0,4,48
12/31/2009,AKN,AK,AAL,WE,Federal Contract Tower,0,16,5,0,21,0,14,3,0,17,0,30,8,0,38,0,0,0,38
01/01/2010,AKN,AK,AAL,WE,Federal Contract Tower,0,0,0,0,0,0,0,2,0,2,0,0,2,0,2,0,0,0,2
01/02/2010,AKN,AK,AAL,WE,Federal Contract Tower,0,13,0,0,13,0,9,0,0,9,0,22,0,0,22,0,0,0,22
01/03/2010,AKN,AK,AAL,WE,Federal Contract Tower,0,17,0,0,17,0,6,0,0,6,0,23,0,0,23,0,0,0,23
01/04/2010,AKN,AK,AAL,WE,Federal Contract Tower,0,7,0,0,7,0,18,2,0,20,0,25,2,0,27,0,0,0,27
01/05/2010,AKN,AK,AAL,WE,Federal Contract Tower,2,9,0,0,11,0,21,3,0,24,2,30,3,0,35,0,0,0,35
01/06/2010,AKN,AK,AAL,WE,Federal Contract Tower,4,17,0,0,21,0,18,1,0,19,4,35,1,0,40,0,0,0,40
01/07/2010,AKN,AK,AAL,WE,Federal Contract Tower,4,13,2,4,23,0,19,3,2,24,4,32,5,6,47,0,0,0,47
01/08/2010,AKN,AK,AAL,WE,Federal Contract Tower,2,18,0,0,20,0,19,8,0,27,2,37,8,0,47,0,0,0,47
01/09/2010,AKN,AK,AAL,WE,Federal Contract Tower,0,13,0,0,13,0,17,0,0,17,0,30,0,0,30,0,0,0,30
01/10/2010,AKN,AK,AAL,WE,Federal Contract Tower,2,9,0,0,11,0,9,2,1,12,2,18,2,1,23,2,0,2,25
01/11/2010,AKN,AK,AAL,WE,Federal Contract Tower,0,10,0,16,26,0,20,3,1,24,0,30,3,17,50,0,8,8,58
01/12/2010,AKN,AK,AAL,WE,Federal Contract Tower,2,15,0,0,17,0,22,8,0,30,2,37,8,0,47,4,0,4,51
01/13/2010,AKN,AK,AAL,WE,Federal Contract Tower,3,10,0,0,13,1,22,5,0,28,4,32,5,0,41,2,0,2,43
01/14/2010,AKN,AK,AAL,WE,Federal Contract Tower,0,10,0,0,10,0,13,4,0,17,0,23,4,0,27,6,0,6,33
01/15/2010,AKN,AK,AAL,WE,Federal Contract Tower,2,17,0,0,19,0,14,8,0,22,2,31,8,0,41,0,0,0,41
01/16/2010,AKN,AK,AAL,WE,Federal Contract Tower,2,7,0,6,15,0,19,2,0,21,2,26,2,6,36,0,0,0,36
01/17/2010,AKN,AK,AAL,WE,Federal Contract Tower,0,11,0,0,11,0,7,2,0,9,0,18,2,0,20,0,0,0,20
01/18/2010,AKN,AK,AAL,WE,Federal Contract Tower,0,6,0,0,6,0,18,2,0,20,0,24,2,0,26,0,0,0,26
01/19/2010,AKN,AK,AAL,WE,Federal Contract Tower,2,4,0,0,6,0,19,3,0,22,2,23,3,0,28,0,0,0,28
01/20/2010,AKN,AK,AAL,WE,Federal Contract Tower,4,7,1,13,25,0,15,6,0,21,4,22,7,13,46,0,6,6,52
01/21/2010,AKN,AK,AAL,WE,Federal Contract Tower,2,10,0,0,12,0,22,11,0,33,2,32,11,0,45,0,0,0,45
01/22/2010,AKN,AK,AAL,WE,Federal Contract Tower,0,7,0,0,7,0,22,11,0,33,0,29,11,0,40,14,0,14,54
01/23/2010,AKN,AK,AAL,WE,Federal Contract Tower,2,8,0,0,10,0,16,4,0,20,2,24,4,0,30,0,0,0,30
01/24/2010,AKN,AK,AAL,WE,Federal Contract Tower,0,8,0,0,8,0,9,0,0,9,0,17,0,0,17,0,0,0,17
01/25/2010,AKN,AK,AAL,WE,Federal Contract Tower,2,4,0,0,6,0,31,5,2,38,2,35,5,2,44,8,22,30,74
01/26/2010,AKN,AK,AAL,WE,Federal Contract Tower,2,6,2,0,10,0,22,12,0,34,2,28,14,0,44,4,0,4,48
01/27/2010,AKN,AK,AAL,WE,Federal Contract Tower,4,6,0,0,10,0,26,10,0,36,4,32,10,0,46,8,0,8,54
01/28/2010,AKN,AK,AAL,WE,Federal Contract Tower,2,9,2,0,13,0,32,9,0,41,2,41,11,0,54,14,0,14,68
01/29/2010,AKN,AK,AAL,WE,Federal Contract Tower,0,8,0,0,8,0,0,0,0,0,0,8,0,0,8,0,0,0,8
01/30/2010,AKN,AK,AAL,WE,Federal Contract Tower,0,2,0,0,2,0,0,0,0,0,0,2,0,0,2,0,0,0,2
01/31/2010,AKN,AK,AAL,WE,Federal Contract Tower,0,24,0,0,24,0,10,0,0,10,0,34,0,0,34,0,0,0,34
02/01/2010,AKN,AK,AAL,WE,Federal Contract Tower,3,13,0,0,16,0,35,0,0,35,3,48,0,0,51,0,0,0,51
02/02/2010,AKN,AK,AAL,WE,Federal Contract Tower,2,9,1,2,14,0,8,0,0,8,2,17,1,2,22,0,0,0,22
02/03/2010,AKN,AK,AAL,WE,Federal Contract Tower,1,10,0,0,11,1,23,6,0,30,2,33,6,0,41,0,0,0,41
02/04/2010,AKN,AK,AAL,WE,Federal Contract Tower,0,8,0,0,8,0,20,6,0,26,0,28,6,0,34,0,0,0,34
02/05/2010,AKN,AK,AAL,WE,Federal Contract Tower,4,8,0,0,12,0,21,0,0,21,4,29,0,0,33,0,0,0,33
02/06/2010,AKN,AK,AAL,WE,Federal Contract Tower,2,11,0,0,13,0,13,0,0,13,2,24,0,0,26,0,0,0,26
02/07/2010,AKN,AK,AAL,WE,Federal Contract Tower,0,6,0,0,6,0,14,0,0,14,0,20,0,0,20,6,0,6,26
02/08/2010,AKN,AK,AAL,WE,Federal Contract Tower,2,9,0,0,11,0,16,0,0,16,2,25,0,0,27,0,0,0,27
02/09/2010,AKN,AK,AAL,WE,Federal Contract Tower,0,6,0,0,6,0,14,0,0,14,0,20,0,0,20,0,0,0,20
02/10/2010,AKN,AK,AAL,WE,Federal Contract Tower,6,10,0,0,16,0,25,4,0,29,6,35,4,0,45,0,0,0,45
02/11/2010,AKN,AK,AAL,WE,Federal Contract Tower,0,8,0,0,8,0,17,7,0,24,0,25,7,0,32,13,0,13,45
02/12/2010,AKN,AK,AAL,WE,Federal Contract Tower,3,9,0,0,12,0,17,7,0,24,3,26,7,0,36,0,0,0,36
02/13/2010,AKN,AK,AAL,WE,Federal Contract Tower,1,6,0,0,7,0,13,8,0,21,1,19,8,0,28,0,0,0,28
02/14/2010,AKN,AK,AAL,WE,Federal Contract Tower,1,6,0,0,7,0,23,5,0,28,1,29,5,0,35,24,0,24,59
02/15/2010,AKN,AK,AAL,WE,Federal Contract Tower,3,4,0,0,7,0,11,5,0,16,3,15,5,0,23,14,0,14,37
02/16/2010,AKN,AK,AAL,WE,Federal Contract Tower,2,10,0,1,13,0,17,1,0,18,2,27,1,1,31,0,4,4,35
02/17/2010,AKN,AK,AAL,WE,Federal Contract Tower,2,7,0,0,9,0,21,2,0,23,2,28,2,0,32,0,0,0,32
02/18/2010,AKN,AK,AAL,WE,Federal Contract Tower,0,7,0,0,7,0,18,2,1,21,0,25,2,1,28,0,0,0,28
02/19/2010,AKN,AK,AAL,WE,Federal Contract Tower,1,8,0,1,10,0,20,3,0,23,1,28,3,1,33,4,0,4,37
02/20/2010,AKN,AK,AAL,WE,Federal Contract Tower,2,9,0,0,11,0,12,2,0,14,2,21,2,0,25,4,0,4,29
02/21/2010,AKN,AK,AAL,WE,Federal Contract Tower,0,13,0,0,13,0,18,4,0,22,0,31,4,0,35,4,0,4,39
02/22/2010,AKN,AK,AAL,WE,Federal Contract Tower,0,10,0,0,10,0,21,6,0,27,0,31,6,0,37,2,0,2,39
02/23/2010,AKN,AK,AAL,WE,Federal Contract Tower,0,5,0,3,8,0,26,2,1,29,0,31,2,4,37,12,0,12,49
02/24/2010,AKN,AK,AAL,WE,Federal Contract Tower,2,6,0,0,8,0,31,3,0,34,2,37,3,0,42,28,0,28,70
02/25/2010,AKN,AK,AAL,WE,Federal Contract Tower,2,11,0,0,13,0,22,2,0,24,2,33,2,0,37,8,0,8,45
02/26/2010,AKN,AK,AAL,WE,Federal Contract Tower,4,4,0,0,8,0,37,0,0,37,4,41,0,0,45,0,0,0,45
02/27/2010,AKN,AK,AAL,WE,Federal Contract Tower,0,9,0,0,9,0,19,0,0,19,0,28,0,0,28,0,0,0,28
02/28/2010,AKN,AK,AAL,WE,Federal Contract Tower,0,3,0,0,3,0,0,0,0,0,0,3,0,0,3,0,0,0,3
03/01/2010,AKN,AK,AAL,WE,Federal Contract Tower,0,8,0,0,8,0,18,2,0,20,0,26,2,0,28,3,0,3,31
03/02/2010,AKN,AK,AAL,WE,Federal Contract Tower,4,7,0,0,11,0,12,0,0,12,4,19,0,0,23,0,0,0,23
03/03/2010,AKN,AK,AAL,WE,Federal Contract Tower,2,10,0,2,14,0,11,0,0,11,2,21,0,2,25,0,0,0,25
03/04/2010,AKN,AK,AAL,WE,Federal Contract Tower,2,5,1,0,8,0,24,5,2,31,2,29,6,2,39,10,0,10,49
03/05/2010,AKN,AK,AAL,WE,Federal Contract Tower,0,12,0,0,12,0,0,0,0,0,0,12,0,0,12,0,0,0,12
03/06/2010,AKN,AK,AAL,WE,Federal Contract Tower,3,4,0,0,7,0,25,8,0,33,3,29,8,0,40,0,0,0,40
03/07/2010,AKN,AK,AAL,WE,Federal Contract Tower,2,5,0,0,7,0,5,2,0,7,2,10,2,0,14,4,0,4,18
03/08/2010,AKN,AK,AAL,WE,Federal Contract Tower,0,11,0,0,11,0,17,0,0,17,0,28,0,0,28,0,0,0,28
03/09/2010,AKN,AK,AAL,WE,Federal Contract Tower,0,7,0,0,7,0,18,1,0,19,0,25,1,0,26,0,0,0,26
03/10/2010,AKN,AK,AAL,WE,Federal Contract Tower,3,12,1,0,16,1,19,4,0,24,4,31,5,0,40,12,0,12,52
03/11/2010,AKN,AK,AAL,WE,Federal Contract Tower,2,7,1,0,10,0,26,6,0,32,2,33,7,0,42,16,0,16,58
03/12/2010,AKN,AK,AAL,WE,Federal Contract Tower,0,5,0,0,5,0,18,6,0,24,0,23,6,0,29,0,0,0,29
03/13/2010,AKN,AK,AAL,WE,Federal Contract Tower,2,4,2,0,8,0,15,4,0,19,2,19,6,0,27,0,0,0,27
03/14/2010,AKN,AK,AAL,WE,Federal Contract Tower,0,14,0,0,14,0,0,3,0,3,0,14,3,0,17,0,0,0,17
03/15/2010,AKN,AK,AAL,WE,Federal Contract Tower,4,4,2,0,10,0,39,5,0,44,4,43,7,0,54,8,0,8,62
03/16/2010,AKN,AK,AAL,WE,Federal Contract Tower,4,4,0,0,8,0,43,7,0,50,4,47,7,0,58,10,0,10,68
03/17/2010,AKN,AK,AAL,WE,Federal Contract Tower,6,5,2,0,13,2,21,9,0,32,8,26,11,0,45,0,0,0,45
03/18/2010,AKN,AK,AAL,WE,Federal Contract Tower,2,7,0,0,9,0,24,2,0,26,2,31,2,0,35,0,0,0,35
03/19/2010,AKN,AK,AAL,WE,Federal Contract Tower,8,4,0,2,14,0,34,16,0,50,8,38,16,2,64,4,4,8,72
03/20/2010,AKN,AK,AAL,WE,Federal Contract Tower,4,4,0,0,8,0,14,13,0,27,4,18,13,0,35,0,0,0,35
03/21/2010,AKN,AK,AAL,WE,Federal Contract Tower,2,4,0,0,6,0,6,6,0,12,2,10,6,0,18,2,0,2,20
03/22/2010,AKN,AK,AAL,WE,Federal Contract Tower,0,4,0,0,4,0,33,7,0,40,0,37,7,0,44,0,0,0,44
03/23/2010,AKN,AK,AAL,WE,Federal Contract Tower,4,6,0,0,10,0,15,3,0,18,4,21,3,0,28,8,0,8,36
03/24/2010,AKN,AK,AAL,WE,Federal Contract Tower,3,5,1,0,9,1,18,1,0,20,4,23,2,0,29,0,0,0,29
03/25/2010,AKN,AK,AAL,WE,Federal Contract Tower,4,5,0,0,9,0,21,5,0,26,4,26,5,0,35,12,0,12,47
03/26/2010,AKN,AK,AAL,WE,Federal Contract Tower,4,8,0,0,12,0,25,18,0,43,4,33,18,0,55,0,0,0,55
03/27/2010,AKN,AK,AAL,WE,Federal Contract Tower,3,6,0,0,9,1,18,10,0,29,4,24,10,0,38,0,0,0,38
03/28/2010,AKN,AK,AAL,WE,Federal Contract Tower,2,4,1,0,7,0,0,12,0,12,2,4,13,0,19,0,0,0,19
03/29/2010,AKN,AK,AAL,WE,Federal Contract Tower,9,9,1,0,19,1,25,3,0,29,10,34,4,0,48,0,0,0,48
03/30/2010,AKN,AK,AAL,WE,Federal Contract Tower,4,7,1,0,12,0,23,4,0,27,4,30,5,0,39,24,0,24,63
03/31/2010,AKN,AK,AAL,WE,Federal Contract Tower,4,8,1,0,13,0,18,12,0,30,4,26,13,0,43,0,0,0,43
04/01/2010,AKN,AK,AAL,WE,Federal Contract Tower,4,17,0,0,21,0,9,0,0,9,4,26,0,0,30,0,0,0,30
04/02/2010,AKN,AK,AAL,WE,Federal Contract Tower,3,26,2,0,31,0,12,1,0,13,3,38,3,0,44,0,0,0,44
04/03/2010,AKN,AK,AAL,WE,Federal Contract Tower,4,4,2,0,10,0,12,6,0,18,4,16,8,0,28,0,0,0,28
04/04/2010,AKN,AK,AAL,WE,Federal Contract Tower,0,4,0,0,4,0,8,2,0,10,0,12,2,0,14,0,0,0,14
04/05/2010,AKN,AK,AAL,WE,Federal Contract Tower,4,7,0,0,11,0,25,15,0,40,4,32,15,0,51,10,0,10,61
04/06/2010,AKN,AK,AAL,WE,Federal Contract Tower,4,10,0,0,14,0,28,5,0,33,4,38,5,0,47,0,0,0,47
04/07/2010,AKN,AK,AAL,WE,Federal Contract Tower,3,7,0,0,10,1,25,24,0,50,4,32,24,0,60,0,0,0,60
04/08/2010,AKN,AK,AAL,WE,Federal Contract Tower,2,5,0,0,7,0,18,26,0,44,2,23,26,0,51,16,0,16,67
04/09/2010,AKN,AK,AAL,WE,Federal Contract Tower,5,4,0,0,9,0,24,13,0,37,5,28,13,0,46,24,0,24,70
04/10/2010,AKN,AK,AAL,WE,Federal Contract Tower,6,6,0,0,12,0,6,2,0,8,6,12,2,0,20,0,0,0,20
04/11/2010,AKN,AK,AAL,WE,Federal Contract Tower,0,5,0,0,5,0,4,0,0,4,0,9,0,0,9,0,0,0,9
04/12/2010,AKN,AK,AAL,WE,Federal Contract Tower,4,12,0,0,16,0,19,0,0,19,4,31,0,0,35,0,0,0,35
04/13/2010,AKN,AK,AAL,WE,Federal Contract Tower,0,5,0,0,5,0,27,18,0,45,0,32,18,0,50,2,0,2,52
04/14/2010,AKN,AK,AAL,WE,Federal Contract Tower,5,10,1,0,16,0,16,1,0,17,5,26,2,0,33,0,0,0,33
04/15/2010,AKN,AK,AAL,WE,Federal Contract Tower,0,10,0,0,10,0,24,18,0,42,0,34,18,0,52,0,0,0,52
04/16/2010,AKN,AK,AAL,WE,Federal Contract Tower,4,9,0,2,15,0,28,5,0,33,4,37,5,2,48,0,0,0,48
04/17/2010,AKN,AK,AAL,WE,Federal Contract Tower,0,7,0,0,7,0,15,6,0,21,0,22,6,0,28,2,0,2,30
04/18/2010,AKN,AK,AAL,WE,Federal Contract Tower,2,4,0,0,6,0,15,6,0,21,2,19,6,0,27,0,0,0,27
04/19/2010,AKN,AK,AAL,WE,Federal Contract Tower,2,8,0,0,10,0,30,22,0,52,2,38,22,0,62,0,0,0,62
04/20/2010,AKN,AK,AAL,WE,Federal Contract Tower,2,7,0,0,9,0,25,10,0,35,2,32,10,0,44,10,0,10,54
04/21/2010,AKN,AK,AAL,WE,Federal Contract Tower,6,6,3,2,17,0,15,2,0,17,6,21,5,2,34,0,0,0,34
04/22/2010,AKN,AK,AAL,WE,Federal Contract Tower,0,9,2,1,12,0,16,14,0,30,0,25,16,1,42,0,11,11,53
04/23/2010,AKN,AK,AAL,WE,Federal Contract Tower,4,8,0,0,12,0,22,4,0,26,4,30,4,0,38,0,0,0,38
04/24/2010,AKN,AK,AAL,WE,Federal Contract Tower,2,4,0,0,6,0,23,12,0,35,2,27,12,0,41,0,0,0,41
04/25/2010,AKN,AK,AAL,WE,Federal Contract Tower,0,6,0,0,6,0,16,10,0,26,0,22,10,0,32,0,0,0,32
04/26/2010,AKN,AK,AAL,WE,Federal Contract Tower,0,8,0,9,17,0,24,9,2,35,0,32,9,11,52,0,12,12,64
04/27/2010,AKN,AK,AAL,WE,Federal Contract Tower,0,6,0,0,6,0,19,14,0,33,0,25,14,0,39,0,0,0,39
04/28/2010,AKN,AK,AAL,WE,Federal Contract Tower,5,17,3,0,25,0,7,0,0,7,5,24,3,0,32,0,0,0,32
04/29/2010,AKN,AK,AAL,WE,Federal Contract Tower,2,9,0,2,13,0,17,7,0,24,2,26,7,2,37,8,0,8,45
04/30/2010,AKN,AK,AAL,WE,Federal Contract Tower,2,14,1,0,17,0,17,7,0,24,2,31,8,0,41,0,0,0,41
05/01/2010,AKN,AK,AAL,WE,Federal Contract Tower,0,8,0,0,8,0,17,14,0,31,0,25,14,0,39,0,0,0,39
05/02/2010,AKN,AK,AAL,WE,Federal Contract Tower,0,7,1,0,8,0,14,5,0,19,0,21,6,0,27,0,0,0,27
05/03/2010,AKN,AK,AAL,WE,Federal Contract Tower,2,14,2,0,18,0,28,13,1,42,2,42,15,1,60,2,3,5,65
05/04/2010,AKN,AK,AAL,WE,Federal Contract Tower,1,7,0,0,8,0,34,24,0,58,1,41,24,0,66,0,0,0,66
05/05/2010,AKN,AK,AAL,WE,Federal Contract Tower,5,9,0,0,14,1,29,24,0,54,6,38,24,0,68,0,0,0,68
05/06/2010,AKN,AK,AAL,WE,Federal Contract Tower,0,24,0,2,26,0,38,24,0,62,0,62,24,2,88,2,0,2,90
05/07/2010,AKN,AK,AAL,WE,Federal Contract Tower,2,19,1,2,24,0,45,20,0,65,2,64,21,2,89,0,12,12,101
05/08/2010,AKN,AK,AAL,WE,Federal Contract Tower,2,14,1,0,17,0,59,20,2,81,2,73,21,2,98,0,16,16,114
05/09/2010,AKN,AK,AAL,WE,Federal Contract Tower,0,28,5,2,35,0,21,10,0,31,0,49,15,2,66,0,0,0,66
05/10/2010,AKN,AK,AAL,WE,Federal Contract Tower,2,20,1,2,25,1,40,17,0,58,3,60,18,2,83,0,0,0,83
05/11/2010,AKN,AK,AAL,WE,Federal Contract Tower,2,17,0,0,19,0,40,9,3,52,2,57,9,3,71,10,0,10,81
05/12/2010,AKN,AK,AAL,WE,Federal Contract Tower,4,27,2,2,35,0,41,19,5,65,4,68,21,7,100,5,12,17,117
05/13/2010,AKN,AK,AAL,WE,Federal Contract Tower,0,19,0,2,21,0,35,5,3,43,0,54,5,5,64,0,13,13,77
05/14/2010,AKN,AK,AAL,WE,Federal Contract Tower,0,16,2,2,20,0,41,8,2,51,0,57,10,4,71,0,0,0,71
05/15/2010,AKN,AK,AAL,WE,Federal Contract Tower,2,17,2,0,21,0,32,10,0,42,2,49,12,0,63,0,0,0,63
05/16/2010,AKN,AK,AAL,WE,Federal Contract Tower,0,16,0,0,16,0,40,1,0,41,0,56,1,0,57,0,0,0,57
05/17/2010,AKN,AK,AAL,WE,Federal Contract Tower,1,19,0,0,20,0,47,9,0,56,1,66,9,0,76,0,0,0,76
05/18/2010,AKN,AK,AAL,WE,Federal Contract Tower,0,15,0,0,15,0,61,25,0,86,0,76,25,0,101,0,0,0,101
05/19/2010,AKN,AK,AAL,WE,Federal Contract Tower,6,12,1,0,19,0,48,22,0,70,6,60,23,0,89,2,0,2,91
05/20/2010,AKN,AK,AAL,WE,Federal Contract Tower,2,28,5,2,37,0,26,9,0,35,2,54,14,2,72,12,0,12,84
05/21/2010,AKN,AK,AAL,WE,Federal Contract Tower,2,14,0,2,18,0,43,22,0,65,2,57,22,2,83,0,0,0,83
05/22/2010,AKN,AK,AAL,WE,Federal Contract Tower,1,9,2,0,12,0,23,8,0,31,1,32,10,0,43,0,0,0,43
05/23/2010,AKN,AK,AAL,WE,Federal Contract Tower,0,23,10,0,33,0,27,7,0,34,0,50,17,0,67,0,0,0,67
05/24/2010,AKN,AK,AAL,WE,Federal Contract Tower,0,15,2,2,19,0,36,17,4,57,0,51,19,6,76,9,0,9,85
05/25/2010,AKN,AK,AAL,WE,Federal Contract Tower,2,34,4,0,40,0,38,22,0,60,2,72,26,0,100,0,0,0,100
05/26/2010,AKN,AK,AAL,WE,Federal Contract Tower,6,15,0,0,21,0,53,32,0,85,6,68,32,0,106,2,0,2,108
05/27/2010,AKN,AK,AAL,WE,Federal Contract Tower,0,7,0,0,7,0,41,31,0,72,0,48,31,0,79,0,0,0,79
05/28/2010,AKN,AK,AAL,WE,Federal Contract Tower,4,20,0,0,24,0,43,18,0,61,4,63,18,0,85,4,0,4,89
05/29/2010,AKN,AK,AAL,WE,Federal Contract Tower,0,14,0,0,14,0,49,31,0,80,0,63,31,0,94,0,0,0,94
05/30/2010,AKN,AK,AAL,WE,Federal Contract Tower,0,10,0,0,10,0,34,18,2,54,0,44,18,2,64,0,0,0,64
05/31/2010,AKN,AK,AAL,WE,Federal Contract Tower,0,16,0,0,16,0,45,21,0,66,0,61,21,0,82,42,0,42,124
06/01/2010,AKN,AK,AAL,WE,Federal Contract Tower,0,18,0,0,18,0,52,33,0,85,0,70,33,0,103,0,0,0,103
06/02/2010,AKN,AK,AAL,WE,Federal Contract Tower,6,16,2,0,24,0,54,27,0,81,6,70,29,0,105,19,0,19,124
06/03/2010,AKN,AK,AAL,WE,Federal Contract Tower,1,35,3,0,39,0,34,15,0,49,1,69,18,0,88,0,0,0,88
06/04/2010,AKN,AK,AAL,WE,Federal Contract Tower,0,20,0,0,20,0,56,13,0,69,0,76,13,0,89,8,0,8,97
06/05/2010,AKN,AK,AAL,WE,Federal Contract Tower,2,17,0,0,19,0,47,41,0,88,2,64,41,0,107,0,0,0,107
06/06/2010,AKN,AK,AAL,WE,Federal Contract Tower,2,22,2,0,26,0,47,40,0,87,2,69,42,0,113,0,0,0,113
06/07/2010,AKN,AK,AAL,WE,Federal Contract Tower,4,28,0,0,32,0,61,25,0,86,4,89,25,0,118,0,0,0,118
06/08/2010,AKN,AK,AAL,WE,Federal Contract Tower,8,11,0,0,19,0,55,26,0,81,8,66,26,0,100,0,0,0,100
06/09/2010,AKN,AK,AAL,WE,Federal Contract Tower,4,27,2,3,36,0,63,34,2,99,4,90,36,5,135,0,0,0,135
06/10/2010,AKN,AK,AAL,WE,Federal Contract Tower,6,28,0,0,34,0,78,33,0,111,6,106,33,0,145,0,0,0,145
06/11/2010,AKN,AK,AAL,WE,Federal Contract Tower,4,20,0,1,25,0,68,25,7,100,4,88,25,8,125,0,8,8,133
06/12/2010,AKN,AK,AAL,WE,Federal Contract Tower,6,21,0,0,27,0,57,21,0,78,6,78,21,0,105,0,0,0,105
06/13/2010,AKN,AK,AAL,WE,Federal Contract Tower,2,31,3,0,36,0,46,33,0,79,2,77,36,0,115,7,0,7,122
06/14/2010,AKN,AK,AAL,WE,Federal Contract Tower,2,24,1,4,31,0,61,16,0,77,2,85,17,4,108,0,0,0,108
06/15/2010,AKN,AK,AAL,WE,Federal Contract Tower,4,34,0,6,44,0,89,62,1,152,4,123,62,7,196,0,16,16,212
06/16/2010,AKN,AK,AAL,WE,Federal Contract Tower,4,30,1,11,46,0,81,14,0,95,4,111,15,11,141,0,35,35,176
06/17/2010,AKN,AK,AAL,WE,Federal Contract Tower,6,25,0,0,31,0,75,34,0,109,6,100,34,0,140,0,0,0,140
06/18/2010,AKN,AK,AAL,WE,Federal Contract Tower,2,28,0,0,30,0,102,51,0,153,2,130,51,0,183,0,0,0,183
06/19/2010,AKN,AK,AAL,WE,Federal Contract Tower,7,32,3,0,42,1,92,42,0,135,8,124,45,0,177,0,0,0,177
06/20/2010,AKN,AK,AAL,WE,Federal Contract Tower,2,23,2,0,27,0,68,54,0,122,2,91,56,0,149,0,0,0,149
06/21/2010,AKN,AK,AAL,WE,Federal Contract Tower,2,27,0,0,29,0,106,45,0,151,2,133,45,0,180,4,0,4,184
06/22/2010,AKN,AK,AAL,WE,Federal Contract Tower,6,21,5,0,32,0,81,37,0,118,6,102,42,0,150,0,0,0,150
06/23/2010,AKN,AK,AAL,WE,Federal Contract Tower,9,31,1,3,44,1,109,75,1,186,10,140,76,4,230,0,8,8,238
06/24/2010,AKN,AK,AAL,WE,Federal Contract Tower,7,23,0,0,30,0,120,56,2,178,7,143,56,2,208,0,3,3,211
06/25/2010,AKN,AK,AAL,WE,Federal Contract Tower,2,27,2,0,31,0,123,62,0,185,2,150,64,0,216,0,0,0,216
06/26/2010,AKN,AK,AAL,WE,Federal Contract Tower,8,26,2,0,36,1,106,62,0,169,9,132,64,0,205,0,0,0,205
06/27/2010,AKN,AK,AAL,WE,Federal Contract Tower,2,95,27,0,124,0,0,0,0,0,2,95,27,0,124,0,0,0,124
06/28/2010,AKN,AK,AAL,WE,Federal Contract Tower,9,36,3,0,48,0,134,95,0,229,9,170,98,0,277,0,0,0,277
06/29/2010,AKN,AK,AAL,WE,Federal Contract Tower,7,78,34,0,119,0,62,37,0,99,7,140,71,0,218,0,0,0,218
06/30/2010,AKN,AK,AAL,WE,Federal Contract Tower,5,55,15,2,77,0,109,52,2,163,5,164,67,4,240,4,14,18,258
07/01/2010,AKN,AK,AAL,WE,Federal Contract Tower,6,26,2,0,34,0,110,65,0,175,6,136,67,0,209,6,0,6,215
07/02/2010,AKN,AK,AAL,WE,Federal Contract Tower,4,24,6,0,34,0,116,57,0,173,4,140,63,0,207,0,0,0,207
07/03/2010,AKN,AK,AAL,WE,Federal Contract Tower,3,61,14,0,78,1,75,25,0,101,4,136,39,0,179,0,0,0,179
07/04/2010,AKN,AK,AAL,WE,Federal Contract Tower,2,17,3,0,22,0,119,45,0,164,2,136,48,0,186,0,0,0,186
07/05/2010,AKN,AK,AAL,WE,Federal Contract Tower,2,33,3,0,38,0,134,34,0,168,2,167,37,0,206,0,0,0,206
07/06/2010,AKN,AK,AAL,WE,Federal Contract Tower,4,21,0,0,25,0,113,48,0,161,4,134,48,0,186,0,0,0,186
07/07/2010,AKN,AK,AAL,WE,Federal Contract Tower,6,20,6,0,32,0,132,67,0,199,6,152,73,0,231,0,0,0,231
07/08/2010,AKN,AK,AAL,WE,Federal Contract Tower,9,19,2,0,30,0,125,40,0,165,9,144,42,0,195,0,0,0,195
07/09/2010,AKN,AK,AAL,WE,Federal Contract Tower,2,21,2,0,25,0,136,37,0,173,2,157,39,0,198,0,0,0,198
07/10/2010,AKN,AK,AAL,WE,Federal Contract Tower,5,20,1,0,26,0,137,41,0,178,5,157,42,0,204,0,0,0,204
07/11/2010,AKN,AK,AAL,WE,Federal Contract Tower,2,105,18,0,125,0,61,28,0,89,2,166,46,0,214,0,0,0,214
07/12/2010,AKN,AK,AAL,WE,Federal Contract Tower,2,45,6,0,53,1,118,35,0,154,3,163,41,0,207,0,0,0,207
07/13/2010,AKN,AK,AAL,WE,Federal Contract Tower,8,61,9,0,78,0,88,21,0,109,8,149,30,0,187,0,0,0,187
07/14/2010,AKN,AK,AAL,WE,Federal Contract Tower,4,100,23,0,127,0,51,12,0,63,4,151,35,0,190,0,0,0,190
07/15/2010,AKN,AK,AAL,WE,Federal Contract Tower,4,132,31,2,169,0,44,21,0,65,4,176,52,2,234,0,0,0,234
07/16/2010,AKN,AK,AAL,WE,Federal Contract Tower,2,70,12,0,84,0,92,45,0,137,2,162,57,0,221,0,0,0,221
07/17/2010,AKN,AK,AAL,WE,Federal Contract Tower,5,24,3,0,32,0,125,48,0,173,5,149,51,0,205,0,0,0,205
07/18/2010,AKN,AK,AAL,WE,Federal Contract Tower,2,42,4,0,48,0,157,60,0,217,2,199,64,0,265,0,0,0,265
07/19/2010,AKN,AK,AAL,WE,Federal Contract Tower,2,78,15,0,95,0,87,40,0,127,2,165,55,0,222,0,0,0,222
07/20/2010,AKN,AK,AAL,WE,Federal Contract Tower,4,87,12,0,103,0,59,11,0,70,4,146,23,0,173,0,0,0,173
07/21/2010,AKN,AK,AAL,WE,Federal Contract Tower,4,92,19,0,115,0,74,40,0,114,4,166,59,0,229,0,0,0,229
07/22/2010,AKN,AK,AAL,WE,Federal Contract Tower,6,61,10,0,77,0,96,36,2,134,6,157,46,2,211,0,0,0,211
07/23/2010,AKN,AK,AAL,WE,Federal Contract Tower,2,93,18,0,113,0,63,7,0,70,2,156,25,0,183,0,0,0,183
07/24/2010,AKN,AK,AAL,WE,Federal Contract Tower,4,128,28,0,160,0,29,7,0,36,4,157,35,0,196,0,0,0,196
07/25/2010,AKN,AK,AAL,WE,Federal Contract Tower,2,34,4,0,40,0,119,40,0,159,2,153,44,0,199,0,0,0,199
07/26/2010,AKN,AK,AAL,WE,Federal Contract Tower,2,72,9,6,89,0,71,26,0,97,2,143,35,6,186,0,0,0,186
07/27/2010,AKN,AK,AAL,WE,Federal Contract Tower,6,46,14,1,67,0,92,30,0,122,6,138,44,1,189,0,0,0,189
07/28/2010,AKN,AK,AAL,WE,Federal Contract Tower,5,36,5,0,46,0,96,38,0,134,5,132,43,0,180,0,0,0,180
07/29/2010,AKN,AK,AAL,WE,Federal Contract Tower,6,35,2,1,44,0,121,41,0,162,6,156,43,1,206,9,0,9,215
07/30/2010,AKN,AK,AAL,WE,Federal Contract Tower,2,23,2,3,30,0,107,30,0,137,2,130,32,3,167,0,0,0,167
07/31/2010,AKN,AK,AAL,WE,Federal Contract Tower,6,37,5,0,48,0,112,35,0,147,6,149,40,0,195,0,0,0,195
08/01/2010,AKN,AK,AAL,WE,Federal Contract Tower,2,38,7,0,47,0,88,30,0,118,2,126,37,0,165,0,0,0,165
08/02/2010,AKN,AK,AAL,WE,Federal Contract Tower,2,62,8,0,72,0,61,32,0,93,2,123,40,0,165,0,0,0,165
08/03/2010,AKN,AK,AAL,WE,Federal Contract Tower,4,26,2,0,32,0,80,25,0,105,4,106,27,0,137,5,0,5,142
08/04/2010,AKN,AK,AAL,WE,Federal Contract Tower,5,43,13,0,61,0,54,20,0,74,5,97,33,0,135,0,0,0,135
08/05/2010,AKN,AK,AAL,WE,Federal Contract Tower,5,67,0,0,72,0,28,10,0,38,5,95,10,0,110,0,0,0,110
08/06/2010,AKN,AK,AAL,WE,Federal Contract Tower,2,78,23,0,103,0,19,19,0,38,2,97,42,0,141,0,0,0,141
08/07/2010,AKN,AK,AAL,WE,Federal Contract Tower,3,55,17,0,75,0,36,12,0,48,3,91,29,0,123,0,0,0,123
08/08/2010,AKN,AK,AAL,WE,Federal Contract Tower,0,20,3,0,23,0,72,18,0,90,0,92,21,0,113,0,0,0,113
08/09/2010,AKN,AK,AAL,WE,Federal Contract Tower,2,27,5,0,34,0,98,33,0,131,2,125,38,0,165,0,0,0,165
08/10/2010,AKN,AK,AAL,WE,Federal Contract Tower,6,20,4,0,30,0,75,21,0,96,6,95,25,0,126,0,0,0,126
08/11/2010,AKN,AK,AAL,WE,Federal Contract Tower,3,54,6,0,63,0,27,21,0,48,3,81,27,0,111,0,0,0,111
08/12/2010,AKN,AK,AAL,WE,Federal Contract Tower,6,32,6,1,45,0,63,25,0,88,6,95,31,1,133,0,0,0,133
08/13/2010,AKN,AK,AAL,WE,Federal Contract Tower,2,21,3,0,26,0,92,55,0,147,2,113,58,0,173,0,0,0,173
08/14/2010,AKN,AK,AAL,WE,Federal Contract Tower,4,13,1,0,18,1,56,14,0,71,5,69,15,0,89,0,0,0,89
08/15/2010,AKN,AK,AAL,WE,Federal Contract Tower,2,19,6,0,27,0,80,24,0,104,2,99,30,0,131,0,0,0,131
08/16/2010,AKN,AK,AAL,WE,Federal Contract Tower,2,24,3,0,29,0,65,31,0,96,2,89,34,0,125,0,0,0,125
08/17/2010,AKN,AK,AAL,WE,Federal Contract Tower,6,26,4,0,36,0,63,17,0,80,6,89,21,0,116,0,0,0,116
08/18/2010,AKN,AK,AAL,WE,Federal Contract Tower,6,7,0,2,15,0,73,37,0,110,6,80,37,2,125,0,5,5,130
08/19/2010,AKN,AK,AAL,WE,Federal Contract Tower,4,31,9,0,44,0,46,27,0,73,4,77,36,0,117,8,0,8,125
08/20/2010,AKN,AK,AAL,WE,Federal Contract Tower,2,18,5,0,25,0,80,47,0,127,2,98,52,0,152,0,0,0,152
08/21/2010,AKN,AK,AAL,WE,Federal Contract Tower,1,19,4,0,24,0,74,21,0,95,1,93,25,0,119,0,0,0,119
08/22/2010,AKN,AK,AAL,WE,Federal Contract Tower,4,30,11,0,45,0,45,24,0,69,4,75,35,0,114,0,0,0,114
08/23/2010,AKN,AK,AAL,WE,Federal Contract Tower,0,14,2,2,18,0,76,54,0,130,0,90,56,2,148,0,0,0,148
08/24/2010,AKN,AK,AAL,WE,Federal Contract Tower,5,7,2,4,18,2,73,41,0,116,7,80,43,4,134,0,0,0,134
08/25/2010,AKN,AK,AAL,WE,Federal Contract Tower,0,41,23,0,64,0,45,45,0,90,0,86,68,0,154,0,0,0,154
08/26/2010,AKN,AK,AAL,WE,Federal Contract Tower,4,20,9,0,33,0,66,57,0,123,4,86,66,0,156,0,0,0,156
08/27/2010,AKN,AK,AAL,WE,Federal Contract Tower,0,36,16,0,52,0,28,6,0,34,0,64,22,0,86,0,0,0,86
08/28/2010,AKN,AK,AAL,WE,Federal Contract Tower,2,58,26,0,86,0,27,11,0,38,2,85,37,0,124,0,0,0,124
08/29/2010,AKN,AK,AAL,WE,Federal Contract Tower,0,43,23,0,66,0,60,52,0,112,0,103,75,0,178,0,0,0,178
08/30/2010,AKN,AK,AAL,WE,Federal Contract Tower,0,17,1,0,18,0,80,50,0,130,0,97,51,0,148,6,0,6,154
08/31/2010,AKN,AK,AAL,WE,Federal Contract Tower,2,13,0,0,15,0,71,41,2,114,2,84,41,2,129,0,0,0,129
09/01/2010,AKN,AK,AAL,WE,Federal Contract Tower,2,17,0,0,19,0,77,58,0,135,2,94,58,0,154,0,0,0,154
09/02/2010,AKN,AK,AAL,WE,Federal Contract Tower,2,13,2,0,17,0,73,57,0,130,2,86,59,0,147,0,0,0,147
09/03/2010,AKN,AK,AAL,WE,Federal Contract Tower,0,19,3,0,22,0,73,41,0,114,0,92,44,0,136,0,0,0,136
09/04/2010,AKN,AK,AAL,WE,Federal Contract Tower,4,18,0,0,22,0,76,60,0,136,4,94,60,0,158,0,0,0,158
09/05/2010,AKN,AK,AAL,WE,Federal Contract Tower,0,63,30,0,93,0,16,0,0,16,0,79,30,0,109,0,0,0,109
09/06/2010,AKN,AK,AAL,WE,Federal Contract Tower,0,53,19,0,72,0,51,21,0,72,0,104,40,0,144,0,0,0,144
09/07/2010,AKN,AK,AAL,WE,Federal Contract Tower,0,20,6,0,26,0,81,38,0,119,0,101,44,0,145,0,0,0,145
09/08/2010,AKN,AK,AAL,WE,Federal Contract Tower,4,71,9,0,84,0,23,6,0,29,4,94,15,0,113,0,0,0,113
09/09/2010,AKN,AK,AAL,WE,Federal Contract Tower,4,16,1,0,21,0,94,56,0,150,4,110,57,0,171,0,0,0,171
09/10/2010,AKN,AK,AAL,WE,Federal Contract Tower,2,15,1,0,18,0,83,63,2,148,2,98,64,2,166,0,0,0,166
09/11/2010,AKN,AK,AAL,WE,Federal Contract Tower,0,23,8,0,31,0,69,44,0,113,0,92,52,0,144,0,0,0,144
09/12/2010,AKN,AK,AAL,WE,Federal Contract Tower,0,31,18,0,49,0,34,29,0,63,0,65,47,0,112,0,0,0,112
09/13/2010,AKN,AK,AAL,WE,Federal Contract Tower,0,13,3,0,16,0,65,46,4,115,0,78,49,4,131,10,0,10,141
09/14/2010,AKN,AK,AAL,WE,Federal Contract Tower,2,13,1,0,16,0,68,41,0,109,2,81,42,0,125,4,0,4,129
09/15/2010,AKN,AK,AAL,WE,Federal Contract Tower,0,14,4,0,18,0,53,38,0,91,0,67,42,0,109,15,0,15,124
09/16/2010,AKN,AK,AAL,WE,Federal Contract Tower,0,12,4,0,16,0,57,34,0,91,0,69,38,0,107,0,0,0,107
09/17/2010,AKN,AK,AAL,WE,Federal Contract Tower,2,13,3,0,18,0,53,50,0,103,2,66,53,0,121,0,0,0,121
09/18/2010,AKN,AK,AAL,WE,Federal Contract Tower,0,1,18,0,19,0,62,32,2,96,0,63,50,2,115,0,14,14,129
09/19/2010,AKN,AK,AAL,WE,Federal Contract Tower,0,13,5,3,21,0,32,19,0,51,0,45,24,3,72,0,11,11,83
09/20/2010,AKN,AK,AAL,WE,Federal Contract Tower,2,15,2,0,19,0,56,44,0,100,2,71,46,0,119,0,0,0,119
09/21/2010,AKN,AK,AAL,WE,Federal Contract Tower,2,9,0,0,11,0,46,19,0,65,2,55,19,0,76,0,0,0,76
09/22/2010,AKN,AK,AAL,WE,Federal Contract Tower,2,12,0,0,14,0,55,33,0,88,2,67,33,0,102,0,0,0,102
09/23/2010,AKN,AK,AAL,WE,Federal Contract Tower,4,7,0,0,11,0,40,22,0,62,4,47,22,0,73,0,0,0,73
09/24/2010,AKN,AK,AAL,WE,Federal Contract Tower,2,10,2,0,14,0,43,16,0,59,2,53,18,0,73,0,0,0,73
09/25/2010,AKN,AK,AAL,WE,Federal Contract Tower,3,11,0,0,14,1,41,23,0,65,4,52,23,0,79,0,0,0,79
09/26/2010,AKN,AK,AAL,WE,Federal Contract Tower,0,4,3,0,7,0,27,18,0,45,0,31,21,0,52,0,0,0,52
09/27/2010,AKN,AK,AAL,WE,Federal Contract Tower,0,13,0,2,15,0,43,22,0,65,0,56,22,2,80,0,0,0,80
09/28/2010,AKN,AK,AAL,WE,Federal Contract Tower,2,9,0,2,13,0,26,5,0,31,2,35,5,2,44,0,0,0,44
09/29/2010,AKN,AK,AAL,WE,Federal Contract Tower,4,8,0,0,12,0,20,11,2,33,4,28,11,2,45,0,0,0,45
09/30/2010,AKN,AK,AAL,WE,Federal Contract Tower,0,12,0,0,12,0,20,19,0,39,0,32,19,0,51,7,0,7,58
10/01/2010,AKN,AK,AAL,WE,Federal Contract Tower,0,16,7,0,23,0,15,9,0,24,0,31,16,0,47,0,0,0,47
10/02/2010,AKN,AK,AAL,WE,Federal Contract Tower,2,11,0,0,13,0,23,6,0,29,2,34,6,0,42,0,0,0,42
10/03/2010,AKN,AK,AAL,WE,Federal Contract Tower,0,7,4,0,11,0,23,15,0,38,0,30,19,0,49,0,0,0,49
10/04/2010,AKN,AK,AAL,WE,Federal Contract Tower,0,12,1,0,13,0,30,18,0,48,0,42,19,0,61,0,0,0,61
10/05/2010,AKN,AK,AAL,WE,Federal Contract Tower,2,13,0,0,15,0,16,20,0,36,2,29,20,0,51,0,0,0,51
10/06/2010,AKN,AK,AAL,WE,Federal Contract Tower,4,6,1,0,11,0,15,12,0,27,4,21,13,0,38,0,0,0,38
10/07/2010,AKN,AK,AAL,WE,Federal Contract Tower,0,8,0,0,8,0,17,17,0,34,0,25,17,0,42,0,0,0,42
10/08/2010,AKN,AK,AAL,WE,Federal Contract Tower,2,8,0,2,12,0,34,24,0,58,2,42,24,2,70,0,10,10,80
10/09/2010,AKN,AK,AAL,WE,Federal Contract Tower,2,10,0,0,12,0,25,20,0,45,2,35,20,0,57,0,0,0,57
10/10/2010,AKN,AK,AAL,WE,Federal Contract Tower,0,12,2,0,14,0,25,11,0,36,0,37,13,0,50,6,0,6,56
10/11/2010,AKN,AK,AAL,WE,Federal Contract Tower,0,9,0,0,9,0,22,5,0,27,0,31,5,0,36,0,0,0,36
10/12/2010,AKN,AK,AAL,WE,Federal Contract Tower,4,9,0,2,15,0,21,6,0,27,4,30,6,2,42,0,0,0,42
10/13/2010,AKN,AK,AAL,WE,Federal Contract Tower,4,5,0,2,11,0,20,12,0,32,4,25,12,2,43,0,0,0,43
10/14/2010,AKN,AK,AAL,WE,Federal Contract Tower,2,4,0,4,10,0,20,18,0,38,2,24,18,4,48,0,10,10,58
10/15/2010,AKN,AK,AAL,WE,Federal Contract Tower,0,10,0,2,12,0,19,9,0,28,0,29,9,2,40,2,0,2,42
10/16/2010,AKN,AK,AAL,WE,Federal Contract Tower,4,9,0,0,13,0,14,2,0,16,4,23,2,0,29,0,0,0,29
10/17/2010,AKN,AK,AAL,WE,Federal Contract Tower,0,8,1,0,9,0,14,14,0,28,0,22,15,0,37,0,0,0,37
10/18/2010,AKN,AK,AAL,WE,Federal Contract Tower,2,24,3,12,41,0,3,2,0,5,2,27,5,12,46,0,0,0,46
10/19/2010,AKN,AK,AAL,WE,Federal Contract Tower,4,36,5,2,47,0,6,4,0,10,4,42,9,2,57,0,0,0,57
10/20/2010,AKN,AK,AAL,WE,Federal Contract Tower,4,4,2,0,10,0,23,21,0,44,4,27,23,0,54,0,0,0,54
10/21/2010,AKN,AK,AAL,WE,Federal Contract Tower,2,8,0,0,10,0,13,12,0,25,2,21,12,0,35,0,0,0,35
10/22/2010,AKN,AK,AAL,WE,Federal Contract Tower,2,4,0,0,6,0,30,17,0,47,2,34,17,0,53,0,0,0,53
10/23/2010,AKN,AK,AAL,WE,Federal Contract Tower,0,7,0,2,9,0,18,21,0,39,0,25,21,2,48,12,6,18,66
10/24/2010,AKN,AK,AAL,WE,Federal Contract Tower,0,8,1,0,9,0,12,14,0,26,0,20,15,0,35,28,0,28,63
10/25/2010,AKN,AK,AAL,WE,Federal Contract Tower,0,6,2,0,8,0,17,5,0,22,0,23,7,0,30,0,0,0,30
10/26/2010,AKN,AK,AAL,WE,Federal Contract Tower,4,13,2,0,19,0,9,1,0,10,4,22,3,0,29,0,0,0,29
10/27/2010,AKN,AK,AAL,WE,Federal Contract Tower,4,11,0,0,15,0,26,3,0,29,4,37,3,0,44,0,0,0,44
10/28/2010,AKN,AK,AAL,WE,Federal Contract Tower,0,6,1,0,7,0,21,10,0,31,0,27,11,0,38,0,0,0,38
10/29/2010,AKN,AK,AAL,WE,Federal Contract Tower,2,5,1,0,8,0,22,1,0,23,2,27,2,0,31,0,0,0,31
10/30/2010,AKN,AK,AAL,WE,Federal Contract Tower,5,13,0,0,18,0,11,4,0,15,5,24,4,0,33,0,0,0,33
10/31/2010,AKN,AK,AAL,WE,Federal Contract Tower,0,6,0,0,6,0,12,2,0,14,0,18,2,0,20,0,0,0,20
11/01/2010,AKN,AK,AAL,WE,Federal Contract Tower,0,10,1,0,11,0,22,3,0,25,0,32,4,0,36,0,0,0,36
11/02/2010,AKN,AK,AAL,WE,Federal Contract Tower,2,7,0,4,13,0,8,0,0,8,2,15,0,4,21,2,0,2,23
11/03/2010,AKN,AK,AAL,WE,Federal Contract Tower,4,20,0,0,24,0,2,2,0,4,4,22,2,0,28,0,0,0,28
11/04/2010,AKN,AK,AAL,WE,Federal Contract Tower,4,4,0,0,8,0,21,7,0,28,4,25,7,0,36,0,0,0,36
11/05/2010,AKN,AK,AAL,WE,Federal Contract Tower,2,5,0,0,7,0,26,4,0,30,2,31,4,0,37,0,0,0,37
11/06/2010,AKN,AK,AAL,WE,Federal Contract Tower,4,6,0,0,10,0,12,12,0,24,4,18,12,0,34,14,0,14,48
11/07/2010,AKN,AK,AAL,WE,Federal Contract Tower,0,4,1,0,5,0,12,10,0,22,0,16,11,0,27,12,0,12,39
11/08/2010,AKN,AK,AAL,WE,Federal Contract Tower,2,6,0,0,8,0,20,10,0,30,2,26,10,0,38,0,0,0,38
11/09/2010,AKN,AK,AAL,WE,Federal Contract Tower,2,4,0,0,6,0,12,3,2,17,2,16,3,2,23,0,0,0,23
11/10/2010,AKN,AK,AAL,WE,Federal Contract Tower,6,7,0,0,13,0,30,7,0,37,6,37,7,0,50,0,0,0,50
11/11/2010,AKN,AK,AAL,WE,Federal Contract Tower,2,6,0,0,8,0,15,4,0,19,2,21,4,0,27,7,0,7,34
11/12/2010,AKN,AK,AAL,WE,Federal Contract Tower,2,11,3,0,16,0,9,0,0,9,2,20,3,0,25,0,0,0,25
11/13/2010,AKN,AK,AAL,WE,Federal Contract Tower,3,4,0,0,7,0,20,6,0,26,3,24,6,0,33,0,0,0,33
11/14/2010,AKN,AK,AAL,WE,Federal Contract Tower,2,15,0,0,17,0,11,9,0,20,2,26,9,0,37,0,0,0,37
11/15/2010,AKN,AK,AAL,WE,Federal Contract Tower,0,6,0,0,6,0,20,6,0,26,0,26,6,0,32,0,0,0,32
11/16/2010,AKN,AK,AAL,WE,Federal Contract Tower,2,6,0,0,8,0,13,1,0,14,2,19,1,0,22,0,0,0,22
11/17/2010,AKN,AK,AAL,WE,Federal Contract Tower,4,8,0,0,12,0,13,12,0,25,4,21,12,0,37,0,0,0,37
11/18/2010,AKN,AK,AAL,WE,Federal Contract Tower,2,4,0,0,6,0,18,17,0,35,2,22,17,0,41,0,0,0,41
11/19/2010,AKN,AK,AAL,WE,Federal Contract Tower,2,6,2,0,10,0,18,11,0,29,2,24,13,0,39,0,0,0,39
11/20/2010,AKN,AK,AAL,WE,Federal Contract Tower,2,8,1,0,11,0,14,7,0,21,2,22,8,0,32,0,0,0,32
11/21/2010,AKN,AK,AAL,WE,Federal Contract Tower,0,8,0,0,8,0,10,2,0,12,0,18,2,0,20,0,0,0,20
11/22/2010,AKN,AK,AAL,WE,Federal Contract Tower,0,10,1,0,11,0,17,6,0,23,0,27,7,0,34,8,0,8,42
11/23/2010,AKN,AK,AAL,WE,Federal Contract Tower,2,4,0,0,6,0,17,3,0,20,2,21,3,0,26,0,0,0,26
11/24/2010,AKN,AK,AAL,WE,Federal Contract Tower,6,12,0,0,18,0,0,0,0,0,6,12,0,0,18,0,0,0,18
11/25/2010,AKN,AK,AAL,WE,Federal Contract Tower,0,0,0,0,0,0,2,4,0,6,0,2,4,0,6,0,0,0,6
11/26/2010,AKN,AK,AAL,WE,Federal Contract Tower,2,8,2,0,12,0,8,2,0,10,2,16,4,0,22,0,0,0,22
11/27/2010,AKN,AK,AAL,WE,Federal Contract Tower,2,22,0,0,24,0,1,0,0,1,2,23,0,0,25,0,0,0,25
11/28/2010,AKN,AK,AAL,WE,Federal Contract Tower,0,6,0,0,6,0,11,7,0,18,0,17,7,0,24,0,0,0,24
11/29/2010,AKN,AK,AAL,WE,Federal Contract Tower,0,9,0,0,9,0,19,2,0,21,0,28,2,0,30,12,0,12,42
11/30/2010,AKN,AK,AAL,WE,Federal Contract Tower,2,6,0,0,8,0,16,8,0,24,2,22,8,0,32,0,0,0,32
12/01/2010,AKN,AK,AAL,WE,Federal Contract Tower,4,10,0,2,16,0,14,12,0,26,4,24,12,2,42,0,0,0,42
12/02/2010,AKN,AK,AAL,WE,Federal Contract Tower,2,9,7,0,18,0,14,9,0,23,2,23,16,0,41,0,0,0,41
12/03/2010,AKN,AK,AAL,WE,Federal Contract Tower,0,15,0,0,15,0,10,2,0,12,0,25,2,0,27,0,0,0,27
12/04/2010,AKN,AK,AAL,WE,Federal Contract Tower,2,13,0,0,15,0,10,0,0,10,2,23,0,0,25,0,0,0,25
12/05/2010,AKN,AK,AAL,WE,Federal Contract Tower,0,9,0,0,9,0,3,4,0,7,0,12,4,0,16,0,0,0,16
12/06/2010,AKN,AK,AAL,WE,Federal Contract Tower,0,9,0,0,9,0,21,13,0,34,0,30,13,0,43,0,0,0,43
12/07/2010,AKN,AK,AAL,WE,Federal Contract Tower,4,16,5,1,26,0,12,7,1,20,4,28,12,2,46,0,14,14,60
12/08/2010,AKN,AK,AAL,WE,Federal Contract Tower,4,8,0,2,14,0,13,8,0,21,4,21,8,2,35,6,8,14,49
12/09/2010,AKN,AK,AAL,WE,Federal Contract Tower,0,9,1,0,10,0,16,21,2,39,0,25,22,2,49,0,4,4,53
12/10/2010,AKN,AK,AAL,WE,Federal Contract Tower,4,9,0,0,13,0,12,12,0,24,4,21,12,0,37,0,0,0,37
12/11/2010,AKN,AK,AAL,WE,Federal Contract Tower,0,6,2,0,8,0,17,6,0,23,0,23,8,0,31,0,0,0,31
12/12/2010,AKN,AK,AAL,WE,Federal Contract Tower,0,6,0,0,6,0,2,6,0,8,0,8,6,0,14,0,0,0,14
12/13/2010,AKN,AK,AAL,WE,Federal Contract Tower,0,21,6,0,27,0,18,4,0,22,0,39,10,0,49,0,0,0,49
12/14/2010,AKN,AK,AAL,WE,Federal Contract Tower,0,5,0,0,5,0,11,2,0,13,0,16,2,0,18,6,0,6,24
12/15/2010,AKN,AK,AAL,WE,Federal Contract Tower,5,9,0,0,14,0,20,0,0,20,5,29,0,0,34,3,0,3,37
12/16/2010,AKN,AK,AAL,WE,Federal Contract Tower,2,4,1,0,7,0,19,8,2,29,2,23,9,2,36,0,0,0,36
12/17/2010,AKN,AK,AAL,WE,Federal Contract Tower,2,6,2,0,10,0,23,7,0,30,2,29,9,0,40,0,0,0,40
12/18/2010,AKN,AK,AAL,WE,Federal Contract Tower,2,9,0,0,11,0,17,8,0,25,2,26,8,0,36,0,0,0,36
12/19/2010,AKN,AK,AAL,WE,Federal Contract Tower,0,6,1,0,7,0,0,0,0,0,0,6,1,0,7,0,0,0,7
12/20/2010,AKN,AK,AAL,WE,Federal Contract Tower,0,10,0,2,12,0,18,4,0,22,0,28,4,2,34,0,0,0,34
12/21/2010,AKN,AK,AAL,WE,Federal Contract Tower,2,6,0,0,8,0,18,8,0,26,2,24,8,0,34,0,0,0,34
12/22/2010,AKN,AK,AAL,WE,Federal Contract Tower,6,4,0,0,10,0,14,0,0,14,6,18,0,0,24,0,0,0,24
12/23/2010,AKN,AK,AAL,WE,Federal Contract Tower,2,6,0,0,8,0,15,5,0,20,2,21,5,0,28,0,0,0,28
12/24/2010,AKN,AK,AAL,WE,Federal Contract Tower,4,8,0,0,12,0,13,4,0,17,4,21,4,0,29,0,0,0,29
12/25/2010,AKN,AK,AAL,WE,Federal Contract Tower,0,0,0,0,0,0,0,4,0,4,0,0,4,0,4,0,0,0,4
12/26/2010,AKN,AK,AAL,WE,Federal Contract Tower,0,4,0,0,4,0,0,2,0,2,0,4,2,0,6,0,0,0,6
12/27/2010,AKN,AK,AAL,WE,Federal Contract Tower,0,9,0,0,9,0,20,8,0,28,0,29,8,0,37,0,0,0,37
12/28/2010,AKN,AK,AAL,WE,Federal Contract Tower,2,12,0,0,14,0,15,6,0,21,2,27,6,0,35,0,0,0,35
12/29/2010,AKN,AK,AAL,WE,Federal Contract Tower,4,15,0,0,19,0,23,3,0,26,4,38,3,0,45,0,0,0,45
12/30/2010,AKN,AK,AAL,WE,Federal Contract Tower,2,10,0,0,12,0,6,4,0,10,2,16,4,0,22,0,0,0,22
12/31/2010,AKN,AK,AAL,WE,Federal Contract Tower,4,12,0,0,16,0,9,0,0,9,4,21,0,0,25,0,0,0,25
01/01/2011,AKN,AK,AAL,WE,Federal Contract Tower,0,0,0,0,0,0,0,0,0,0,0,0,0,0,0,0,0,0,0
01/02/2011,AKN,AK,AAL,WE,Federal Contract Tower,0,10,0,0,10,0,0,0,0,0,0,10,0,0,10,0,0,0,10
01/03/2011,AKN,AK,AAL,WE,Federal Contract Tower,0,5,0,0,5,0,8,2,0,10,0,13,2,0,15,0,0,0,15
01/04/2011,AKN,AK,AAL,WE,Federal Contract Tower,0,17,0,0,17,0,13,5,0,18,0,30,5,0,35,0,0,0,35
01/05/2011,AKN,AK,AAL,WE,Federal Contract Tower,4,18,0,6,28,0,3,2,0,5,4,21,2,6,33,0,0,0,33
01/06/2011,AKN,AK,AAL,WE,Federal Contract Tower,2,11,0,2,15,0,25,7,0,32,2,36,7,2,47,6,10,16,63
01/07/2011,AKN,AK,AAL,WE,Federal Contract Tower,2,19,0,0,21,0,22,6,0,28,2,41,6,0,49,0,0,0,49
01/08/2011,AKN,AK,AAL,WE,Federal Contract Tower,0,12,0,0,12,0,17,11,0,28,0,29,11,0,40,7,0,7,47
01/09/2011,AKN,AK,AAL,WE,Federal Contract Tower,0,8,0,0,8,0,4,4,0,8,0,12,4,0,16,0,0,0,16
01/10/2011,AKN,AK,AAL,WE,Federal Contract Tower,0,20,1,2,23,0,18,3,1,22,0,38,4,3,45,0,3,3,48
01/11/2011,AKN,AK,AAL,WE,Federal Contract Tower,2,7,0,1,10,0,16,3,0,19,2,23,3,1,29,0,6,6,35
01/12/2011,AKN,AK,AAL,WE,Federal Contract Tower,8,13,0,0,21,0,16,0,0,16,8,29,0,0,37,0,0,0,37
01/13/2011,AKN,AK,AAL,WE,Federal Contract Tower,2,12,0,0,14,0,20,7,0,27,2,32,7,0,41,6,0,6,47
01/14/2011,AKN,AK,AAL,WE,Federal Contract Tower,4,5,0,0,9,0,17,4,0,21,4,22,4,0,30,0,0,0,30
01/15/2011,AKN,AK,AAL,WE,Federal Contract Tower,2,13,0,0,15,0,10,5,0,15,2,23,5,0,30,0,0,0,30
01/16/2011,AKN,AK,AAL,WE,Federal Contract Tower,0,8,0,0,8,0,0,10,0,10,0,8,10,0,18,0,0,0,18
01/17/2011,AKN,AK,AAL,WE,Federal Contract Tower,0,10,0,0,10,0,27,7,0,34,0,37,7,0,44,0,0,0,44
01/18/2011,AKN,AK,AAL,WE,Federal Contract Tower,0,7,0,0,7,0,15,3,0,18,0,22,3,0,25,0,0,0,25
01/19/2011,AKN,AK,AAL,WE,Federal Contract Tower,1,13,1,0,15,1,10,1,0,12,2,23,2,0,27,0,0,0,27
01/20/2011,AKN,AK,AAL,WE,Federal Contract Tower,2,15,0,0,17,0,14,6,0,20,2,29,6,0,37,0,0,0,37
01/21/2011,AKN,AK,AAL,WE,Federal Contract Tower,2,10,0,0,12,0,0,0,0,0,2,10,0,0,12,0,0,0,12
01/22/2011,AKN,AK,AAL,WE,Federal Contract Tower,2,12,0,2,16,0,28,4,1,33,2,40,4,3,49,0,10,10,59
01/23/2011,AKN,AK,AAL,WE,Federal Contract Tower,0,4,0,0,4,0,0,1,0,1,0,4,1,0,5,0,0,0,5
01/24/2011,AKN,AK,AAL,WE,Federal Contract Tower,0,12,0,0,12,0,20,6,0,26,0,32,6,0,38,0,0,0,38
01/25/2011,AKN,AK,AAL,WE,Federal Contract Tower,2,19,4,0,25,0,1,0,0,1,2,20,4,0,26,0,0,0,26
01/26/2011,AKN,AK,AAL,WE,Federal Contract Tower,4,6,1,0,11,0,21,15,2,38,4,27,16,2,49,0,6,6,55
01/27/2011,AKN,AK,AAL,WE,Federal Contract Tower,2,6,0,0,8,0,14,1,0,15,2,20,1,0,23,0,0,0,23
01/28/2011,AKN,AK,AAL,WE,Federal Contract Tower,0,14,0,0,14,0,16,2,0,18,0,30,2,0,32,0,0,0,32
01/29/2011,AKN,AK,AAL,WE,Federal Contract Tower,0,7,0,0,7,0,10,0,0,10,0,17,0,0,17,0,0,0,17
01/30/2011,AKN,AK,AAL,WE,Federal Contract Tower,0,9,0,0,9,0,3,0,0,3,0,12,0,0,12,0,0,0,12
01/31/2011,AKN,AK,AAL,WE,Federal Contract Tower,2,8,0,1,11,0,15,1,1,17,2,23,1,2,28,3,0,3,31
02/01/2011,AKN,AK,AAL,WE,Federal Contract Tower,2,6,0,0,8,0,14,0,0,14,2,20,0,0,22,0,0,0,22
02/02/2011,AKN,AK,AAL,WE,Federal Contract Tower,2,16,2,0,20,0,6,0,0,6,2,22,2,0,26,0,0,0,26
02/03/2011,AKN,AK,AAL,WE,Federal Contract Tower,2,23,1,2,28,0,8,1,0,9,2,31,2,2,37,0,8,8,45
02/04/2011,AKN,AK,AAL,WE,Federal Contract Tower,2,11,2,0,15,0,25,10,0,35,2,36,12,0,50,0,0,0,50
02/05/2011,AKN,AK,AAL,WE,Federal Contract Tower,2,11,0,0,13,0,16,11,0,27,2,27,11,0,40,0,0,0,40
02/06/2011,AKN,AK,AAL,WE,Federal Contract Tower,0,10,0,0,10,0,9,2,0,11,0,19,2,0,21,0,0,0,21
02/07/2011,AKN,AK,AAL,WE,Federal Contract Tower,0,7,0,0,7,0,18,5,2,25,0,25,5,2,32,0,20,20,52
02/08/2011,AKN,AK,AAL,WE,Federal Contract Tower,0,12,2,1,15,0,14,0,0,14,0,26,2,1,29,0,3,3,32
02/09/2011,AKN,AK,AAL,WE,Federal Contract Tower,4,20,0,0,24,0,5,0,0,5,4,25,0,0,29,0,0,0,29
02/10/2011,AKN,AK,AAL,WE,Federal Contract Tower,2,6,0,0,8,0,14,0,0,14,2,20,0,0,22,0,0,0,22
02/11/2011,AKN,AK,AAL,WE,Federal Contract Tower,2,7,0,0,9,0,35,10,0,45,2,42,10,0,54,4,0,4,58
02/12/2011,AKN,AK,AAL,WE,Federal Contract Tower,2,8,0,0,10,0,17,11,2,30,2,25,11,2,40,4,0,4,44
02/13/2011,AKN,AK,AAL,WE,Federal Contract Tower,0,12,0,0,12,0,9,1,0,10,0,21,1,0,22,0,0,0,22
02/14/2011,AKN,AK,AAL,WE,Federal Contract Tower,0,8,0,0,8,0,29,13,0,42,0,37,13,0,50,0,0,0,50
02/15/2011,AKN,AK,AAL,WE,Federal Contract Tower,4,9,0,0,13,0,19,6,0,25,4,28,6,0,38,0,0,0,38
02/16/2011,AKN,AK,AAL,WE,Federal Contract Tower,2,14,2,0,18,0,11,2,0,13,2,25,4,0,31,0,0,0,31
02/17/2011,AKN,AK,AAL,WE,Federal Contract Tower,0,11,0,0,11,0,14,7,0,21,0,25,7,0,32,0,0,0,32
02/18/2011,AKN,AK,AAL,WE,Federal Contract Tower,0,18,2,0,20,0,8,0,0,8,0,26,2,0,28,0,0,0,28
02/19/2011,AKN,AK,AAL,WE,Federal Contract Tower,0,4,0,0,4,0,23,4,0,27,0,27,4,0,31,0,0,0,31
02/20/2011,AKN,AK,AAL,WE,Federal Contract Tower,0,11,0,0,11,0,2,0,0,2,0,13,0,0,13,0,0,0,13
02/21/2011,AKN,AK,AAL,WE,Federal Contract Tower,0,7,0,0,7,0,24,8,0,32,0,31,8,0,39,0,0,0,39
02/22/2011,AKN,AK,AAL,WE,Federal Contract Tower,0,14,0,0,14,0,22,10,0,32,0,36,10,0,46,0,0,0,46
02/23/2011,AKN,AK,AAL,WE,Federal Contract Tower,4,8,0,1,13,0,21,16,1,38,4,29,16,2,51,0,0,0,51
02/24/2011,AKN,AK,AAL,WE,Federal Contract Tower,0,6,0,0,6,0,21,0,0,21,0,27,0,0,27,0,0,0,27
02/25/2011,AKN,AK,AAL,WE,Federal Contract Tower,4,9,0,0,13,0,32,1,0,33,4,41,1,0,46,0,0,0,46
02/26/2011,AKN,AK,AAL,WE,Federal Contract Tower,2,8,0,0,10,0,21,2,0,23,2,29,2,0,33,0,0,0,33
02/27/2011,AKN,AK,AAL,WE,Federal Contract Tower,0,4,0,0,4,0,2,2,0,4,0,6,2,0,8,0,0,0,8
02/28/2011,AKN,AK,AAL,WE,Federal Contract Tower,2,7,0,0,9,0,19,1,0,20,2,26,1,0,29,0,0,0,29
03/01/2011,AKN,AK,AAL,WE,Federal Contract Tower,0,7,0,0,7,0,24,9,0,33,0,31,9,0,40,0,0,0,40
03/02/2011,AKN,AK,AAL,WE,Federal Contract Tower,4,9,1,4,18,0,31,9,0,40,4,40,10,4,58,0,10,10,68
03/03/2011,AKN,AK,AAL,WE,Federal Contract Tower,2,5,0,0,7,0,25,4,0,29,2,30,4,0,36,0,0,0,36
03/04/2011,AKN,AK,AAL,WE,Federal Contract Tower,0,6,0,0,6,0,25,6,0,31,0,31,6,0,37,0,0,0,37
03/05/2011,AKN,AK,AAL,WE,Federal Contract Tower,2,12,0,0,14,0,21,5,0,26,2,33,5,0,40,0,0,0,40
03/06/2011,AKN,AK,AAL,WE,Federal Contract Tower,0,4,0,0,4,0,10,9,0,19,0,14,9,0,23,0,0,0,23
03/07/2011,AKN,AK,AAL,WE,Federal Contract Tower,4,9,2,1,16,0,24,3,0,27,4,33,5,1,43,0,5,5,48
03/08/2011,AKN,AK,AAL,WE,Federal Contract Tower,2,5,0,0,7,0,34,4,0,38,2,39,4,0,45,0,0,0,45
03/09/2011,AKN,AK,AAL,WE,Federal Contract Tower,2,5,0,0,7,0,30,15,0,45,2,35,15,0,52,0,0,0,52
03/10/2011,AKN,AK,AAL,WE,Federal Contract Tower,0,8,0,0,8,0,15,3,0,18,0,23,3,0,26,0,0,0,26
03/11/2011,AKN,AK,AAL,WE,Federal Contract Tower,4,5,0,0,9,0,38,10,0,48,4,43,10,0,57,0,0,0,57
03/12/2011,AKN,AK,AAL,WE,Federal Contract Tower,2,8,0,0,10,0,28,11,0,39,2,36,11,0,49,0,0,0,49
03/13/2011,AKN,AK,AAL,WE,Federal Contract Tower,0,8,0,0,8,0,9,6,0,15,0,17,6,0,23,0,0,0,23
03/14/2011,AKN,AK,AAL,WE,Federal Contract Tower,2,6,0,0,8,0,38,6,0,44,2,44,6,0,52,0,0,0,52
03/15/2011,AKN,AK,AAL,WE,Federal Contract Tower,0,7,0,0,7,0,28,5,0,33,0,35,5,0,40,0,0,0,40
03/16/2011,AKN,AK,AAL,WE,Federal Contract Tower,4,4,0,0,8,0,26,4,0,30,4,30,4,0,38,0,0,0,38
03/17/2011,AKN,AK,AAL,WE,Federal Contract Tower,0,6,0,0,6,0,23,13,2,38,0,29,13,2,44,0,8,8,52
03/18/2011,AKN,AK,AAL,WE,Federal Contract Tower,6,5,0,0,11,0,31,7,0,38,6,36,7,0,49,0,0,0,49
03/19/2011,AKN,AK,AAL,WE,Federal Contract Tower,2,4,3,0,9,0,40,1,0,41,2,44,4,0,50,0,0,0,50
03/20/2011,AKN,AK,AAL,WE,Federal Contract Tower,0,5,0,0,5,0,9,0,0,9,0,14,0,0,14,0,0,0,14
03/21/2011,AKN,AK,AAL,WE,Federal Contract Tower,2,13,0,0,15,0,16,4,0,20,2,29,4,0,35,0,0,0,35
03/22/2011,AKN,AK,AAL,WE,Federal Contract Tower,0,19,0,0,19,0,3,0,0,3,0,22,0,0,22,0,0,0,22
03/23/2011,AKN,AK,AAL,WE,Federal Contract Tower,0,5,1,0,6,0,2,0,0,2,0,7,1,0,8,0,0,0,8
03/24/2011,AKN,AK,AAL,WE,Federal Contract Tower,2,9,0,0,11,0,28,11,0,39,2,37,11,0,50,4,0,4,54
03/25/2011,AKN,AK,AAL,WE,Federal Contract Tower,0,15,2,0,17,0,12,0,0,12,0,27,2,0,29,0,0,0,29
03/26/2011,AKN,AK,AAL,WE,Federal Contract Tower,0,6,2,2,10,0,25,4,0,29,0,31,6,2,39,0,14,14,53
03/27/2011,AKN,AK,AAL,WE,Federal Contract Tower,0,4,0,0,4,0,6,0,0,6,0,10,0,0,10,0,0,0,10
03/28/2011,AKN,AK,AAL,WE,Federal Contract Tower,2,5,0,1,8,0,15,8,1,24,2,20,8,2,32,0,14,14,46
03/29/2011,AKN,AK,AAL,WE,Federal Contract Tower,4,14,3,0,21,0,11,1,0,12,4,25,4,0,33,0,0,0,33
03/30/2011,AKN,AK,AAL,WE,Federal Contract Tower,4,8,1,0,13,0,17,2,0,19,4,25,3,0,32,0,0,0,32
03/31/2011,AKN,AK,AAL,WE,Federal Contract Tower,2,4,0,1,7,0,22,8,1,31,2,26,8,2,38,16,4,20,58
04/01/2011,AKN,AK,AAL,WE,Federal Contract Tower,4,4,0,2,10,0,24,16,0,40,4,28,16,2,50,0,0,0,50
04/02/2011,AKN,AK,AAL,WE,Federal Contract Tower,2,6,0,0,8,0,34,2,0,36,2,40,2,0,44,0,0,0,44
04/03/2011,AKN,AK,AAL,WE,Federal Contract Tower,0,8,0,0,8,0,15,4,0,19,0,23,4,0,27,0,0,0,27
04/04/2011,AKN,AK,AAL,WE,Federal Contract Tower,2,31,3,0,36,0,0,0,0,0,2,31,3,0,36,0,0,0,36
04/05/2011,AKN,AK,AAL,WE,Federal Contract Tower,0,7,0,0,7,0,15,0,0,15,0,22,0,0,22,0,0,0,22
04/06/2011,AKN,AK,AAL,WE,Federal Contract Tower,4,7,0,0,11,0,11,10,0,21,4,18,10,0,32,0,0,0,32
04/07/2011,AKN,AK,AAL,WE,Federal Contract Tower,4,16,0,0,20,0,18,0,0,18,4,34,0,0,38,0,0,0,38
04/08/2011,AKN,AK,AAL,WE,Federal Contract Tower,2,10,0,0,12,0,12,1,0,13,2,22,1,0,25,0,0,0,25
04/09/2011,AKN,AK,AAL,WE,Federal Contract Tower,2,5,0,0,7,0,12,0,0,12,2,17,0,0,19,0,0,0,19
04/10/2011,AKN,AK,AAL,WE,Federal Contract Tower,0,4,1,0,5,0,13,9,0,22,0,17,10,0,27,0,0,0,27
04/11/2011,AKN,AK,AAL,WE,Federal Contract Tower,2,6,0,1,9,0,20,14,1,35,2,26,14,2,44,0,25,25,69
04/12/2011,AKN,AK,AAL,WE,Federal Contract Tower,2,10,0,0,12,0,17,16,0,33,2,27,16,0,45,0,0,0,45
04/13/2011,AKN,AK,AAL,WE,Federal Contract Tower,5,9,0,0,14,18,14,0,0,32,23,23,0,0,46,0,0,0,46
04/14/2011,AKN,AK,AAL,WE,Federal Contract Tower,0,11,3,0,14,0,22,9,0,31,0,33,12,0,45,0,0,0,45
04/15/2011,AKN,AK,AAL,WE,Federal Contract Tower,0,5,1,0,6,0,24,24,0,48,0,29,25,0,54,18,0,18,72
04/16/2011,AKN,AK,AAL,WE,Federal Contract Tower,4,6,1,0,11,0,26,19,0,45,4,32,20,0,56,26,0,26,82
04/17/2011,AKN,AK,AAL,WE,Federal Contract Tower,0,7,7,0,14,0,8,6,0,14,0,15,13,0,28,0,0,0,28
04/18/2011,AKN,AK,AAL,WE,Federal Contract Tower,0,4,0,0,4,0,26,24,0,50,0,30,24,0,54,0,0,0,54
04/19/2011,AKN,AK,AAL,WE,Federal Contract Tower,0,5,0,6,11,0,23,9,0,32,0,28,9,6,43,0,0,0,43
04/20/2011,AKN,AK,AAL,WE,Federal Contract Tower,4,6,3,0,13,0,21,12,0,33,4,27,15,0,46,0,0,0,46
04/21/2011,AKN,AK,AAL,WE,Federal Contract Tower,2,8,0,0,10,0,16,7,0,23,2,24,7,0,33,2,0,2,35
04/22/2011,AKN,AK,AAL,WE,Federal Contract Tower,4,9,1,0,14,0,25,7,0,32,4,34,8,0,46,2,0,2,48
04/23/2011,AKN,AK,AAL,WE,Federal Contract Tower,2,7,0,0,9,0,28,2,0,30,2,35,2,0,39,0,0,0,39
04/24/2011,AKN,AK,AAL,WE,Federal Contract Tower,0,9,0,0,9,0,11,0,0,11,0,20,0,0,20,0,0,0,20
04/25/2011,AKN,AK,AAL,WE,Federal Contract Tower,0,8,2,8,18,0,33,7,0,40,0,41,9,8,58,2,0,2,60
04/26/2011,AKN,AK,AAL,WE,Federal Contract Tower,2,6,0,2,10,0,17,7,0,24,2,23,7,2,34,0,8,8,42
04/27/2011,AKN,AK,AAL,WE,Federal Contract Tower,4,6,0,0,10,0,21,11,0,32,4,27,11,0,42,16,0,16,58
04/28/2011,AKN,AK,AAL,WE,Federal Contract Tower,2,12,0,0,14,0,18,0,0,18,2,30,0,0,32,0,0,0,32
04/29/2011,AKN,AK,AAL,WE,Federal Contract Tower,2,9,0,2,13,0,26,8,2,36,2,35,8,4,49,0,26,26,75
04/30/2011,AKN,AK,AAL,WE,Federal Contract Tower,2,7,0,0,9,0,26,14,0,40,2,33,14,0,49,0,0,0,49
05/01/2011,AKN,AK,AAL,WE,Federal Contract Tower,0,6,0,0,6,0,5,11,0,16,0,11,11,0,22,0,0,0,22
05/02/2011,AKN,AK,AAL,WE,Federal Contract Tower,2,7,0,0,9,0,26,20,0,46,2,33,20,0,55,25,0,25,80
05/03/2011,AKN,AK,AAL,WE,Federal Contract Tower,2,7,0,0,9,0,31,11,0,42,2,38,11,0,51,0,0,0,51
05/04/2011,AKN,AK,AAL,WE,Federal Contract Tower,4,13,0,0,17,0,19,6,0,25,4,32,6,0,42,2,0,2,44
05/05/2011,AKN,AK,AAL,WE,Federal Contract Tower,2,7,1,0,10,0,29,18,0,47,2,36,19,0,57,2,0,2,59
05/06/2011,AKN,AK,AAL,WE,Federal Contract Tower,4,8,0,0,12,0,48,10,0,58,4,56,10,0,70,22,0,22,92
05/07/2011,AKN,AK,AAL,WE,Federal Contract Tower,2,12,0,0,14,0,28,7,0,35,2,40,7,0,49,0,0,0,49
05/08/2011,AKN,AK,AAL,WE,Federal Contract Tower,0,11,1,0,12,0,8,2,0,10,0,19,3,0,22,3,0,3,25
05/09/2011,AKN,AK,AAL,WE,Federal Contract Tower,0,15,0,0,15,0,21,10,0,31,0,36,10,0,46,40,0,40,86
05/10/2011,AKN,AK,AAL,WE,Federal Contract Tower,1,17,0,0,18,1,35,6,0,42,2,52,6,0,60,15,0,15,75
05/11/2011,AKN,AK,AAL,WE,Federal Contract Tower,4,18,0,0,22,0,31,3,0,34,4,49,3,0,56,2,0,2,58
05/12/2011,AKN,AK,AAL,WE,Federal Contract Tower,2,12,0,0,14,0,47,14,0,61,2,59,14,0,75,6,0,6,81
05/13/2011,AKN,AK,AAL,WE,Federal Contract Tower,2,6,0,0,8,0,34,18,0,52,2,40,18,0,60,2,0,2,62
05/14/2011,AKN,AK,AAL,WE,Federal Contract Tower,2,14,0,0,16,0,29,2,0,31,2,43,2,0,47,0,0,0,47
05/15/2011,AKN,AK,AAL,WE,Federal Contract Tower,0,10,0,0,10,0,31,9,0,40,0,41,9,0,50,0,0,0,50
05/16/2011,AKN,AK,AAL,WE,Federal Contract Tower,0,14,0,0,14,0,34,21,0,55,0,48,21,0,69,0,0,0,69
05/17/2011,AKN,AK,AAL,WE,Federal Contract Tower,2,11,2,0,15,0,28,17,0,45,2,39,19,0,60,0,0,0,60
05/18/2011,AKN,AK,AAL,WE,Federal Contract Tower,4,13,4,0,21,0,35,34,0,69,4,48,38,0,90,0,0,0,90
05/19/2011,AKN,AK,AAL,WE,Federal Contract Tower,0,12,0,0,12,0,39,18,0,57,0,51,18,0,69,2,0,2,71
05/20/2011,AKN,AK,AAL,WE,Federal Contract Tower,3,20,0,0,23,1,40,16,0,57,4,60,16,0,80,2,0,2,82
05/21/2011,AKN,AK,AAL,WE,Federal Contract Tower,1,10,0,0,11,1,35,9,0,45,2,45,9,0,56,0,0,0,56
05/22/2011,AKN,AK,AAL,WE,Federal Contract Tower,0,9,0,0,9,0,18,4,0,22,0,27,4,0,31,0,0,0,31
05/23/2011,AKN,AK,AAL,WE,Federal Contract Tower,2,11,0,0,13,0,30,13,0,43,2,41,13,0,56,6,0,6,62
05/24/2011,AKN,AK,AAL,WE,Federal Contract Tower,2,21,0,0,23,0,22,2,0,24,2,43,2,0,47,0,0,0,47
05/25/2011,AKN,AK,AAL,WE,Federal Contract Tower,4,11,1,0,16,0,35,4,0,39,4,46,5,0,55,0,0,0,55
05/26/2011,AKN,AK,AAL,WE,Federal Contract Tower,0,14,0,0,14,0,36,26,0,62,0,50,26,0,76,0,0,0,76
05/27/2011,AKN,AK,AAL,WE,Federal Contract Tower,2,10,2,0,14,0,51,33,0,84,2,61,35,0,98,4,0,4,102
05/28/2011,AKN,AK,AAL,WE,Federal Contract Tower,0,11,0,0,11,0,41,31,0,72,0,52,31,0,83,2,0,2,85
05/29/2011,AKN,AK,AAL,WE,Federal Contract Tower,0,18,0,0,18,0,20,16,0,36,0,38,16,0,54,0,0,0,54
05/30/2011,AKN,AK,AAL,WE,Federal Contract Tower,2,8,0,0,10,0,34,25,0,59,2,42,25,0,69,0,0,0,69
05/31/2011,AKN,AK,AAL,WE,Federal Contract Tower,2,16,2,0,20,0,25,12,0,37,2,41,14,0,57,0,0,0,57
06/01/2011,AKN,AK,AAL,WE,Federal Contract Tower,2,32,5,0,39,0,34,9,0,43,2,66,14,0,82,8,0,8,90
06/02/2011,AKN,AK,AAL,WE,Federal Contract Tower,2,14,0,0,16,0,25,32,0,57,2,39,32,0,73,18,0,18,91
06/03/2011,AKN,AK,AAL,WE,Federal Contract Tower,4,18,0,0,22,0,39,11,0,50,4,57,11,0,72,2,0,2,74
06/04/2011,AKN,AK,AAL,WE,Federal Contract Tower,4,23,0,0,27,0,38,22,0,60,4,61,22,0,87,26,0,26,113
06/05/2011,AKN,AK,AAL,WE,Federal Contract Tower,2,27,6,0,35,0,29,18,0,47,2,56,24,0,82,0,0,0,82
06/06/2011,AKN,AK,AAL,WE,Federal Contract Tower,5,22,0,2,29,0,50,51,2,103,5,72,51,4,132,0,14,14,146
06/07/2011,AKN,AK,AAL,WE,Federal Contract Tower,6,19,2,0,27,0,50,11,0,61,6,69,13,0,88,0,0,0,88
06/08/2011,AKN,AK,AAL,WE,Federal Contract Tower,4,29,2,0,35,0,54,19,0,73,4,83,21,0,108,0,0,0,108
06/09/2011,AKN,AK,AAL,WE,Federal Contract Tower,6,18,2,0,26,0,54,23,0,77,6,72,25,0,103,0,0,0,103
06/10/2011,AKN,AK,AAL,WE,Federal Contract Tower,5,22,3,0,30,0,82,34,0,116,5,104,37,0,146,4,0,4,150
06/11/2011,AKN,AK,AAL,WE,Federal Contract Tower,7,16,0,2,25,0,66,17,0,83,7,82,17,2,108,0,0,0,108
06/12/2011,AKN,AK,AAL,WE,Federal Contract Tower,2,31,4,0,37,0,70,31,0,101,2,101,35,0,138,0,0,0,138
06/13/2011,AKN,AK,AAL,WE,Federal Contract Tower,5,26,7,0,38,0,71,11,0,82,5,97,18,0,120,0,0,0,120
06/14/2011,AKN,AK,AAL,WE,Federal Contract Tower,4,52,13,0,69,0,61,31,0,92,4,113,44,0,161,0,0,0,161
06/15/2011,AKN,AK,AAL,WE,Federal Contract Tower,4,29,0,0,33,0,121,54,0,175,4,150,54,0,208,0,0,0,208
06/16/2011,AKN,AK,AAL,WE,Federal Contract Tower,5,27,0,0,32,2,95,42,0,139,7,122,42,0,171,0,0,0,171
06/17/2011,AKN,AK,AAL,WE,Federal Contract Tower,8,22,5,0,35,0,95,66,0,161,8,117,71,0,196,14,0,14,210
06/18/2011,AKN,AK,AAL,WE,Federal Contract Tower,6,28,4,0,38,0,101,36,0,137,6,129,40,0,175,2,0,2,177
06/19/2011,AKN,AK,AAL,WE,Federal Contract Tower,4,24,0,0,28,0,66,38,0,104,4,90,38,0,132,3,0,3,135
06/20/2011,AKN,AK,AAL,WE,Federal Contract Tower,4,130,16,2,152,0,0,0,0,0,4,130,16,2,152,0,0,0,152
06/21/2011,AKN,AK,AAL,WE,Federal Contract Tower,6,26,6,0,38,3,107,61,0,171,9,133,67,0,209,0,0,0,209
06/22/2011,AKN,AK,AAL,WE,Federal Contract Tower,9,56,20,0,85,0,92,25,0,117,9,148,45,0,202,0,0,0,202
06/23/2011,AKN,AK,AAL,WE,Federal Contract Tower,10,26,1,2,39,0,91,78,0,169,10,117,79,2,208,18,0,18,226
06/24/2011,AKN,AK,AAL,WE,Federal Contract Tower,8,26,5,0,39,0,96,84,0,180,8,122,89,0,219,10,0,10,229
06/25/2011,AKN,AK,AAL,WE,Federal Contract Tower,6,23,6,1,36,0,110,55,1,166,6,133,61,2,202,9,0,9,211
06/26/2011,AKN,AK,AAL,WE,Federal Contract Tower,2,23,4,2,31,0,104,57,4,165,2,127,61,6,196,10,0,10,206
06/27/2011,AKN,AK,AAL,WE,Federal Contract Tower,4,21,2,0,27,0,112,32,0,144,4,133,34,0,171,9,0,9,180
06/28/2011,AKN,AK,AAL,WE,Federal Contract Tower,6,85,30,0,121,0,31,12,0,43,6,116,42,0,164,0,0,0,164
06/29/2011,AKN,AK,AAL,WE,Federal Contract Tower,6,41,17,0,64,0,102,71,0,173,6,143,88,0,237,2,0,2,239
06/30/2011,AKN,AK,AAL,WE,Federal Contract Tower,9,53,23,0,85,0,53,31,0,84,9,106,54,0,169,0,0,0,169
07/01/2011,AKN,AK,AAL,WE,Federal Contract Tower,5,59,12,0,76,0,73,35,0,108,5,132,47,0,184,19,0,19,203
07/02/2011,AKN,AK,AAL,WE,Federal Contract Tower,7,36,15,0,58,0,106,41,0,147,7,142,56,0,205,18,0,18,223
07/03/2011,AKN,AK,AAL,WE,Federal Contract Tower,4,50,10,0,64,0,76,16,0,92,4,126,26,0,156,0,0,0,156
07/04/2011,AKN,AK,AAL,WE,Federal Contract Tower,4,51,17,0,72,0,48,32,0,80,4,99,49,0,152,18,0,18,170
07/05/2011,AKN,AK,AAL,WE,Federal Contract Tower,9,18,3,0,30,1,91,48,0,140,10,109,51,0,170,0,0,0,170
07/06/2011,AKN,AK,AAL,WE,Federal Contract Tower,6,21,5,0,32,0,123,37,0,160,6,144,42,0,192,0,0,0,192
07/07/2011,AKN,AK,AAL,WE,Federal Contract Tower,7,22,6,0,35,0,136,36,0,172,7,158,42,0,207,4,0,4,211
07/08/2011,AKN,AK,AAL,WE,Federal Contract Tower,5,31,6,0,42,4,122,54,0,180,9,153,60,0,222,23,0,23,245
07/09/2011,AKN,AK,AAL,WE,Federal Contract Tower,8,22,3,0,33,0,123,38,0,161,8,145,41,0,194,0,0,0,194
07/10/2011,AKN,AK,AAL,WE,Federal Contract Tower,2,26,8,0,36,0,137,44,0,181,2,163,52,0,217,2,0,2,219
07/11/2011,AKN,AK,AAL,WE,Federal Contract Tower,6,36,5,0,47,0,138,27,0,165,6,174,32,0,212,0,0,0,212
07/12/2011,AKN,AK,AAL,WE,Federal Contract Tower,4,38,6,2,50,0,112,35,0,147,4,150,41,2,197,0,0,0,197
07/13/2011,AKN,AK,AAL,WE,Federal Contract Tower,4,27,6,0,37,0,134,38,0,172,4,161,44,0,209,2,0,2,211
07/14/2011,AKN,AK,AAL,WE,Federal Contract Tower,7,38,7,0,52,0,127,22,0,149,7,165,29,0,201,0,0,0,201
07/15/2011,AKN,AK,AAL,WE,Federal Contract Tower,6,109,23,2,140,0,59,25,0,84,6,168,48,2,224,0,10,10,234
07/16/2011,AKN,AK,AAL,WE,Federal Contract Tower,3,78,16,2,99,0,81,34,0,115,3,159,50,2,214,0,0,0,214
07/17/2011,AKN,AK,AAL,WE,Federal Contract Tower,2,92,12,0,106,0,57,23,0,80,2,149,35,0,186,0,0,0,186
07/18/2011,AKN,AK,AAL,WE,Federal Contract Tower,2,47,4,3,56,0,99,36,1,136,2,146,40,4,192,0,0,0,192
07/19/2011,AKN,AK,AAL,WE,Federal Contract Tower,6,53,7,2,68,0,102,56,0,158,6,155,63,2,226,0,11,11,237
07/20/2011,AKN,AK,AAL,WE,Federal Contract Tower,4,63,15,2,84,0,78,30,0,108,4,141,45,2,192,0,0,0,192
07/21/2011,AKN,AK,AAL,WE,Federal Contract Tower,4,63,8,2,77,0,122,33,0,155,4,185,41,2,232,2,0,2,234
07/22/2011,AKN,AK,AAL,WE,Federal Contract Tower,6,23,2,4,35,0,138,59,0,197,6,161,61,4,232,4,0,4,236
07/23/2011,AKN,AK,AAL,WE,Federal Contract Tower,4,49,3,0,56,0,95,22,0,117,4,144,25,0,173,0,0,0,173
07/24/2011,AKN,AK,AAL,WE,Federal Contract Tower,2,101,17,0,120,0,43,6,0,49,2,144,23,0,169,0,0,0,169
07/25/2011,AKN,AK,AAL,WE,Federal Contract Tower,4,95,21,0,120,0,41,17,0,58,4,136,38,0,178,0,0,0,178
07/26/2011,AKN,AK,AAL,WE,Federal Contract Tower,6,60,8,0,74,0,83,19,0,102,6,143,27,0,176,0,0,0,176
07/27/2011,AKN,AK,AAL,WE,Federal Contract Tower,4,45,8,0,57,0,80,32,0,112,4,125,40,0,169,8,0,8,177
07/28/2011,AKN,AK,AAL,WE,Federal Contract Tower,6,59,8,0,73,0,48,19,0,67,6,107,27,0,140,0,0,0,140
07/29/2011,AKN,AK,AAL,WE,Federal Contract Tower,6,26,7,0,39,0,93,38,0,131,6,119,45,0,170,0,0,0,170
07/30/2011,AKN,AK,AAL,WE,Federal Contract Tower,4,69,19,0,92,0,43,12,0,55,4,112,31,0,147,0,0,0,147
07/31/2011,AKN,AK,AAL,WE,Federal Contract Tower,2,82,22,0,106,0,1,1,0,2,2,83,23,0,108,0,0,0,108
08/01/2011,AKN,AK,AAL,WE,Federal Contract Tower,5,64,8,0,77,0,10,8,0,18,5,74,16,0,95,0,0,0,95
08/02/2011,AKN,AK,AAL,WE,Federal Contract Tower,6,49,8,0,63,0,10,2,0,12,6,59,10,0,75,0,0,0,75
08/03/2011,AKN,AK,AAL,WE,Federal Contract Tower,4,60,16,0,80,0,49,22,0,71,4,109,38,0,151,2,0,2,153
08/04/2011,AKN,AK,AAL,WE,Federal Contract Tower,7,67,7,0,81,0,62,8,0,70,7,129,15,0,151,0,0,0,151
08/05/2011,AKN,AK,AAL,WE,Federal Contract Tower,6,17,9,0,32,0,94,27,0,121,6,111,36,0,153,0,0,0,153
08/06/2011,AKN,AK,AAL,WE,Federal Contract Tower,6,36,3,0,45,0,45,18,0,63,6,81,21,0,108,0,0,0,108
08/07/2011,AKN,AK,AAL,WE,Federal Contract Tower,2,18,3,0,23,0,81,55,0,136,2,99,58,0,159,0,0,0,159
08/08/2011,AKN,AK,AAL,WE,Federal Contract Tower,2,31,2,0,35,0,70,23,0,93,2,101,25,0,128,0,0,0,128
08/09/2011,AKN,AK,AAL,WE,Federal Contract Tower,7,64,18,0,89,0,21,3,0,24,7,85,21,0,113,0,0,0,113
08/10/2011,AKN,AK,AAL,WE,Federal Contract Tower,5,68,16,0,89,0,46,18,0,64,5,114,34,0,153,0,0,0,153
08/11/2011,AKN,AK,AAL,WE,Federal Contract Tower,2,25,8,0,35,0,66,41,0,107,2,91,49,0,142,2,2,4,146
08/12/2011,AKN,AK,AAL,WE,Federal Contract Tower,4,92,21,0,117,0,10,3,0,13,4,102,24,0,130,6,0,6,136
08/13/2011,AKN,AK,AAL,WE,Federal Contract Tower,3,32,12,0,47,0,75,35,0,110,3,107,47,0,157,5,0,5,162
08/14/2011,AKN,AK,AAL,WE,Federal Contract Tower,2,8,1,1,12,0,83,24,1,108,2,91,25,2,120,0,9,9,129
08/15/2011,AKN,AK,AAL,WE,Federal Contract Tower,4,12,1,2,19,0,112,48,0,160,4,124,49,2,179,8,8,16,195
08/16/2011,AKN,AK,AAL,WE,Federal Contract Tower,6,17,0,5,28,2,73,55,2,132,8,90,55,7,160,13,10,23,183
08/17/2011,AKN,AK,AAL,WE,Federal Contract Tower,3,12,0,0,15,1,81,49,1,132,4,93,49,1,147,10,3,13,160
08/18/2011,AKN,AK,AAL,WE,Federal Contract Tower,6,14,2,0,22,0,73,28,0,101,6,87,30,0,123,0,0,0,123
08/19/2011,AKN,AK,AAL,WE,Federal Contract Tower,4,29,5,0,38,0,33,15,0,48,4,62,20,0,86,0,0,0,86
08/20/2011,AKN,AK,AAL,WE,Federal Contract Tower,4,16,3,0,23,0,89,59,0,148,4,105,62,0,171,0,0,0,171
08/21/2011,AKN,AK,AAL,WE,Federal Contract Tower,2,13,2,0,17,0,76,26,0,102,2,89,28,0,119,8,0,8,127
08/22/2011,AKN,AK,AAL,WE,Federal Contract Tower,4,9,2,3,18,0,81,28,0,109,4,90,30,3,127,6,30,36,163
08/23/2011,AKN,AK,AAL,WE,Federal Contract Tower,8,11,3,0,22,0,94,32,0,126,8,105,35,0,148,8,0,8,156
08/24/2011,AKN,AK,AAL,WE,Federal Contract Tower,4,12,0,0,16,0,80,33,0,113,4,92,33,0,129,0,0,0,129
08/25/2011,AKN,AK,AAL,WE,Federal Contract Tower,4,21,0,2,27,0,76,25,0,101,4,97,25,2,128,10,0,10,138
08/26/2011,AKN,AK,AAL,WE,Federal Contract Tower,5,14,0,2,21,1,80,32,0,113,6,94,32,2,134,0,0,0,134
08/27/2011,AKN,AK,AAL,WE,Federal Contract Tower,5,13,4,0,22,1,80,62,0,143,6,93,66,0,165,0,0,0,165
08/28/2011,AKN,AK,AAL,WE,Federal Contract Tower,0,32,3,0,35,0,70,20,0,90,0,102,23,0,125,0,0,0,125
08/29/2011,AKN,AK,AAL,WE,Federal Contract Tower,2,42,13,0,57,0,56,17,0,73,2,98,30,0,130,0,0,0,130
08/30/2011,AKN,AK,AAL,WE,Federal Contract Tower,1,21,1,2,25,0,80,30,0,110,1,101,31,2,135,16,13,29,164
08/31/2011,AKN,AK,AAL,WE,Federal Contract Tower,2,13,0,0,15,0,70,26,0,96,2,83,26,0,111,0,0,0,111
09/01/2011,AKN,AK,AAL,WE,Federal Contract Tower,2,16,0,1,19,0,58,29,0,87,2,74,29,1,106,0,7,7,113
09/02/2011,AKN,AK,AAL,WE,Federal Contract Tower,4,14,0,0,18,0,87,14,0,101,4,101,14,0,119,0,0,0,119
09/03/2011,AKN,AK,AAL,WE,Federal Contract Tower,4,12,0,0,16,0,61,36,0,97,4,73,36,0,113,0,0,0,113
09/04/2011,AKN,AK,AAL,WE,Federal Contract Tower,0,15,1,1,17,0,65,27,1,93,0,80,28,2,110,8,12,20,130
09/05/2011,AKN,AK,AAL,WE,Federal Contract Tower,0,10,0,0,10,0,66,7,0,73,0,76,7,0,83,4,0,4,87
09/06/2011,AKN,AK,AAL,WE,Federal Contract Tower,4,10,3,0,17,0,84,37,0,121,4,94,40,0,138,5,0,5,143
09/07/2011,AKN,AK,AAL,WE,Federal Contract Tower,2,12,3,0,17,0,72,42,0,114,2,84,45,0,131,0,0,0,131
09/08/2011,AKN,AK,AAL,WE,Federal Contract Tower,0,16,1,0,17,0,84,49,0,133,0,100,50,0,150,6,0,6,156
09/09/2011,AKN,AK,AAL,WE,Federal Contract Tower,0,13,0,0,13,2,85,46,0,133,2,98,46,0,146,10,0,10,156
09/10/2011,AKN,AK,AAL,WE,Federal Contract Tower,4,33,17,0,54,0,43,20,0,63,4,76,37,0,117,0,0,0,117
09/11/2011,AKN,AK,AAL,WE,Federal Contract Tower,0,12,6,0,18,0,65,34,0,99,0,77,40,0,117,0,0,0,117
09/12/2011,AKN,AK,AAL,WE,Federal Contract Tower,2,12,0,0,14,0,25,8,0,33,2,37,8,0,47,0,0,0,47
09/13/2011,AKN,AK,AAL,WE,Federal Contract Tower,3,14,2,0,19,1,60,58,0,119,4,74,60,0,138,8,0,8,146
09/14/2011,AKN,AK,AAL,WE,Federal Contract Tower,1,10,0,0,11,1,59,46,0,106,2,69,46,0,117,0,0,0,117
09/15/2011,AKN,AK,AAL,WE,Federal Contract Tower,0,13,0,0,13,0,68,44,0,112,0,81,44,0,125,0,0,0,125
09/16/2011,AKN,AK,AAL,WE,Federal Contract Tower,2,4,0,0,6,0,39,39,0,78,2,43,39,0,84,0,0,0,84
09/17/2011,AKN,AK,AAL,WE,Federal Contract Tower,2,8,4,0,14,0,68,44,0,112,2,76,48,0,126,0,0,0,126
09/18/2011,AKN,AK,AAL,WE,Federal Contract Tower,0,10,4,0,14,0,50,35,0,85,0,60,39,0,99,0,0,0,99
09/19/2011,AKN,AK,AAL,WE,Federal Contract Tower,2,6,0,0,8,0,52,13,0,65,2,58,13,0,73,0,0,0,73
09/20/2011,AKN,AK,AAL,WE,Federal Contract Tower,4,20,8,0,32,0,39,32,0,71,4,59,40,0,103,0,0,0,103
09/21/2011,AKN,AK,AAL,WE,Federal Contract Tower,2,7,3,0,12,0,50,28,0,78,2,57,31,0,90,0,0,0,90
09/22/2011,AKN,AK,AAL,WE,Federal Contract Tower,5,18,3,0,26,0,28,14,0,42,5,46,17,0,68,0,0,0,68
09/23/2011,AKN,AK,AAL,WE,Federal Contract Tower,3,6,1,0,10,1,47,28,0,76,4,53,29,0,86,0,0,0,86
09/24/2011,AKN,AK,AAL,WE,Federal Contract Tower,4,7,0,0,11,1,43,34,0,78,5,50,34,0,89,0,0,0,89
09/25/2011,AKN,AK,AAL,WE,Federal Contract Tower,0,5,1,0,6,1,39,40,0,80,1,44,41,0,86,0,0,0,86
09/26/2011,AKN,AK,AAL,WE,Federal Contract Tower,2,6,0,0,8,0,34,37,0,71,2,40,37,0,79,0,0,0,79
09/27/2011,AKN,AK,AAL,WE,Federal Contract Tower,2,8,4,0,14,0,29,26,0,55,2,37,30,0,69,0,0,0,69
09/28/2011,AKN,AK,AAL,WE,Federal Contract Tower,2,10,2,0,14,0,52,55,0,107,2,62,57,0,121,0,0,0,121
09/29/2011,AKN,AK,AAL,WE,Federal Contract Tower,2,14,3,0,19,0,69,30,0,99,2,83,33,0,118,12,0,12,130
09/30/2011,AKN,AK,AAL,WE,Federal Contract Tower,0,18,0,0,18,0,57,34,0,91,0,75,34,0,109,0,0,0,109
10/01/2011,AKN,AK,AAL,WE,Federal Contract Tower,4,6,1,0,11,0,39,19,0,58,4,45,20,0,69,0,0,0,69
10/02/2011,AKN,AK,AAL,WE,Federal Contract Tower,0,8,3,0,11,0,22,25,0,47,0,30,28,0,58,0,0,0,58
10/03/2011,AKN,AK,AAL,WE,Federal Contract Tower,0,7,0,0,7,0,33,20,0,53,0,40,20,0,60,0,0,0,60
10/04/2011,AKN,AK,AAL,WE,Federal Contract Tower,4,6,1,0,11,0,37,27,0,64,4,43,28,0,75,9,0,9,84
10/05/2011,AKN,AK,AAL,WE,Federal Contract Tower,2,15,1,0,18,0,34,8,0,42,2,49,9,0,60,0,0,0,60
10/06/2011,AKN,AK,AAL,WE,Federal Contract Tower,2,8,2,0,12,0,42,23,0,65,2,50,25,0,77,0,0,0,77
10/07/2011,AKN,AK,AAL,WE,Federal Contract Tower,2,14,6,0,22,0,26,20,0,46,2,40,26,0,68,10,0,10,78
10/08/2011,AKN,AK,AAL,WE,Federal Contract Tower,4,6,0,1,11,0,44,19,0,63,4,50,19,1,74,0,10,10,84
10/09/2011,AKN,AK,AAL,WE,Federal Contract Tower,0,4,4,0,8,0,27,25,0,52,0,31,29,0,60,0,0,0,60
10/10/2011,AKN,AK,AAL,WE,Federal Contract Tower,2,4,2,0,8,0,39,18,0,57,2,43,20,0,65,0,0,0,65
10/11/2011,AKN,AK,AAL,WE,Federal Contract Tower,4,2,0,0,6,0,29,22,0,51,4,31,22,0,57,0,0,0,57
10/12/2011,AKN,AK,AAL,WE,Federal Contract Tower,2,5,0,0,7,0,29,18,2,49,2,34,18,2,56,0,5,5,61
10/13/2011,AKN,AK,AAL,WE,Federal Contract Tower,2,13,2,0,17,0,11,11,0,22,2,24,13,0,39,0,0,0,39
10/14/2011,AKN,AK,AAL,WE,Federal Contract Tower,0,22,5,0,27,0,10,1,0,11,0,32,6,0,38,0,0,0,38
10/15/2011,AKN,AK,AAL,WE,Federal Contract Tower,4,6,0,0,10,0,31,11,0,42,4,37,11,0,52,0,0,0,52
10/16/2011,AKN,AK,AAL,WE,Federal Contract Tower,0,8,3,0,11,0,15,11,0,26,0,23,14,0,37,13,0,13,50
10/17/2011,AKN,AK,AAL,WE,Federal Contract Tower,0,10,0,3,13,2,25,9,1,37,2,35,9,4,50,0,4,4,54
10/18/2011,AKN,AK,AAL,WE,Federal Contract Tower,2,8,3,0,13,0,35,8,0,43,2,43,11,0,56,0,0,0,56
10/19/2011,AKN,AK,AAL,WE,Federal Contract Tower,4,5,0,0,9,0,36,17,2,55,4,41,17,2,64,0,12,12,76
10/20/2011,AKN,AK,AAL,WE,Federal Contract Tower,4,4,0,0,8,0,18,2,0,20,4,22,2,0,28,0,0,0,28
10/21/2011,AKN,AK,AAL,WE,Federal Contract Tower,4,6,0,2,12,0,26,12,0,38,4,32,12,2,50,0,0,0,50
10/22/2011,AKN,AK,AAL,WE,Federal Contract Tower,4,6,0,0,10,0,34,22,0,56,4,40,22,0,66,0,0,0,66
10/23/2011,AKN,AK,AAL,WE,Federal Contract Tower,0,2,0,0,2,0,21,23,0,44,0,23,23,0,46,0,0,0,46
10/24/2011,AKN,AK,AAL,WE,Federal Contract Tower,0,10,0,0,10,0,20,4,0,24,0,30,4,0,34,0,0,0,34
10/25/2011,AKN,AK,AAL,WE,Federal Contract Tower,3,9,0,0,12,0,9,2,0,11,3,18,2,0,23,0,0,0,23
10/26/2011,AKN,AK,AAL,WE,Federal Contract Tower,0,8,0,8,16,0,27,11,0,38,0,35,11,8,54,12,0,12,66
10/27/2011,AKN,AK,AAL,WE,Federal Contract Tower,2,14,5,0,21,0,13,3,0,16,2,27,8,0,37,0,0,0,37
10/28/2011,AKN,AK,AAL,WE,Federal Contract Tower,2,7,2,0,11,0,17,11,0,28,2,24,13,0,39,40,0,40,79
10/29/2011,AKN,AK,AAL,WE,Federal Contract Tower,2,10,0,0,12,0,15,6,0,21,2,25,6,0,33,0,0,0,33
10/30/2011,AKN,AK,AAL,WE,Federal Contract Tower,2,5,4,0,11,0,16,3,0,19,2,21,7,0,30,0,0,0,30
10/31/2011,AKN,AK,AAL,WE,Federal Contract Tower,2,7,2,0,11,0,15,5,0,20,2,22,7,0,31,0,0,0,31
11/01/2011,AKN,AK,AAL,WE,Federal Contract Tower,2,4,0,0,6,0,14,1,0,15,2,18,1,0,21,0,0,0,21
11/02/2011,AKN,AK,AAL,WE,Federal Contract Tower,2,6,0,0,8,0,29,7,0,36,2,35,7,0,44,5,0,5,49
11/03/2011,AKN,AK,AAL,WE,Federal Contract Tower,0,8,0,0,8,0,19,0,0,19,0,27,0,0,27,0,0,0,27
11/04/2011,AKN,AK,AAL,WE,Federal Contract Tower,0,7,0,0,7,0,23,2,0,25,0,30,2,0,32,0,0,0,32
11/05/2011,AKN,AK,AAL,WE,Federal Contract Tower,0,7,0,0,7,0,14,0,0,14,0,21,0,0,21,0,0,0,21
11/06/2011,AKN,AK,AAL,WE,Federal Contract Tower,0,4,0,0,4,0,9,0,0,9,0,13,0,0,13,0,0,0,13
11/07/2011,AKN,AK,AAL,WE,Federal Contract Tower,4,4,0,0,8,0,20,9,2,31,4,24,9,2,39,0,0,0,39
11/08/2011,AKN,AK,AAL,WE,Federal Contract Tower,0,6,0,0,6,0,19,10,1,30,0,25,10,1,36,0,0,0,36
11/09/2011,AKN,AK,AAL,WE,Federal Contract Tower,3,11,0,2,16,0,13,0,0,13,3,24,0,2,29,0,0,0,29
11/10/2011,AKN,AK,AAL,WE,Federal Contract Tower,0,8,0,0,8,0,24,8,4,36,0,32,8,4,44,0,0,0,44
11/11/2011,AKN,AK,AAL,WE,Federal Contract Tower,0,6,0,0,6,0,7,0,0,7,0,13,0,0,13,15,0,15,28
11/12/2011,AKN,AK,AAL,WE,Federal Contract Tower,0,7,2,0,9,0,15,1,0,16,0,22,3,0,25,0,0,0,25
11/13/2011,AKN,AK,AAL,WE,Federal Contract Tower,0,4,0,0,4,0,16,3,0,19,0,20,3,0,23,15,0,15,38
11/14/2011,AKN,AK,AAL,WE,Federal Contract Tower,2,4,0,4,10,0,18,4,0,22,2,22,4,4,32,0,0,0,32
11/15/2011,AKN,AK,AAL,WE,Federal Contract Tower,0,6,0,0,6,0,17,2,0,19,0,23,2,0,25,0,0,0,25
11/16/2011,AKN,AK,AAL,WE,Federal Contract Tower,2,6,0,0,8,0,11,4,2,17,2,17,4,2,25,0,10,10,35
11/17/2011,AKN,AK,AAL,WE,Federal Contract Tower,2,4,0,0,6,0,22,3,0,25,2,26,3,0,31,0,0,0,31
11/18/2011,AKN,AK,AAL,WE,Federal Contract Tower,4,8,0,0,12,0,13,2,0,15,4,21,2,0,27,2,0,2,29
11/19/2011,AKN,AK,AAL,WE,Federal Contract Tower,2,6,0,0,8,0,6,0,0,6,2,12,0,0,14,0,0,0,14
11/20/2011,AKN,AK,AAL,WE,Federal Contract Tower,0,7,0,0,7,0,4,3,0,7,0,11,3,0,14,0,0,0,14
11/21/2011,AKN,AK,AAL,WE,Federal Contract Tower,0,6,0,4,10,0,26,5,0,31,0,32,5,4,41,0,0,0,41
11/22/2011,AKN,AK,AAL,WE,Federal Contract Tower,0,7,0,0,7,0,16,0,0,16,0,23,0,0,23,0,0,0,23
11/23/2011,AKN,AK,AAL,WE,Federal Contract Tower,3,6,0,0,9,1,21,6,0,28,4,27,6,0,37,0,0,0,37
11/24/2011,AKN,AK,AAL,WE,Federal Contract Tower,0,0,0,0,0,0,0,0,0,0,0,0,0,0,0,0,0,0,0
11/25/2011,AKN,AK,AAL,WE,Federal Contract Tower,2,5,0,0,7,0,17,7,0,24,2,22,7,0,31,0,0,0,31
11/26/2011,AKN,AK,AAL,WE,Federal Contract Tower,2,6,0,0,8,0,14,2,0,16,2,20,2,0,24,0,0,0,24
11/27/2011,AKN,AK,AAL,WE,Federal Contract Tower,0,4,0,0,4,0,2,2,0,4,0,6,2,0,8,4,0,4,12
11/28/2011,AKN,AK,AAL,WE,Federal Contract Tower,0,6,0,6,12,0,15,9,0,24,0,21,9,6,36,4,0,4,40
11/29/2011,AKN,AK,AAL,WE,Federal Contract Tower,2,6,0,0,8,0,9,0,0,9,2,15,0,0,17,0,0,0,17
11/30/2011,AKN,AK,AAL,WE,Federal Contract Tower,4,5,0,0,9,0,18,1,0,19,4,23,1,0,28,5,0,5,33
12/01/2011,AKN,AK,AAL,WE,Federal Contract Tower,0,9,0,0,9,0,16,3,0,19,0,25,3,0,28,2,0,2,30
12/02/2011,AKN,AK,AAL,WE,Federal Contract Tower,2,12,0,0,14,0,7,3,0,10,2,19,3,0,24,0,0,0,24
12/03/2011,AKN,AK,AAL,WE,Federal Contract Tower,2,9,0,0,11,0,16,0,0,16,2,25,0,0,27,0,0,0,27
12/04/2011,AKN,AK,AAL,WE,Federal Contract Tower,0,6,0,0,6,0,6,3,0,9,0,12,3,0,15,0,0,0,15
12/05/2011,AKN,AK,AAL,WE,Federal Contract Tower,2,6,0,0,8,0,27,16,0,43,2,33,16,0,51,0,0,0,51
12/06/2011,AKN,AK,AAL,WE,Federal Contract Tower,0,5,0,5,10,0,26,9,2,37,0,31,9,7,47,13,10,23,70
12/07/2011,AKN,AK,AAL,WE,Federal Contract Tower,2,7,2,0,11,0,25,3,0,28,2,32,5,0,39,2,0,2,41
12/08/2011,AKN,AK,AAL,WE,Federal Contract Tower,0,8,0,2,10,0,11,2,0,13,0,19,2,2,23,0,10,10,33
12/09/2011,AKN,AK,AAL,WE,Federal Contract Tower,4,8,0,0,12,0,15,3,0,18,4,23,3,0,30,0,0,0,30
12/10/2011,AKN,AK,AAL,WE,Federal Contract Tower,0,11,0,0,11,0,3,0,0,3,0,14,0,0,14,0,0,0,14
12/11/2011,AKN,AK,AAL,WE,Federal Contract Tower,0,2,0,0,2,0,0,0,0,0,0,2,0,0,2,0,0,0,2
12/12/2011,AKN,AK,AAL,WE,Federal Contract Tower,2,2,0,1,5,0,13,3,0,16,2,15,3,1,21,0,8,8,29
12/13/2011,AKN,AK,AAL,WE,Federal Contract Tower,1,6,0,0,7,1,19,0,0,20,2,25,0,0,27,0,0,0,27
12/14/2011,AKN,AK,AAL,WE,Federal Contract Tower,2,7,0,0,9,0,20,2,0,22,2,27,2,0,31,0,0,0,31
12/15/2011,AKN,AK,AAL,WE,Federal Contract Tower,0,7,0,0,7,0,15,4,0,19,0,22,4,0,26,5,0,5,31
12/16/2011,AKN,AK,AAL,WE,Federal Contract Tower,0,8,2,0,10,0,17,0,0,17,0,25,2,0,27,2,0,2,29
12/17/2011,AKN,AK,AAL,WE,Federal Contract Tower,0,6,0,0,6,0,16,0,0,16,0,22,0,0,22,0,0,0,22
12/18/2011,AKN,AK,AAL,WE,Federal Contract Tower,0,5,0,0,5,0,1,0,0,1,0,6,0,0,6,0,0,0,6
12/19/2011,AKN,AK,AAL,WE,Federal Contract Tower,0,12,0,0,12,0,10,0,0,10,0,22,0,0,22,0,0,0,22
12/20/2011,AKN,AK,AAL,WE,Federal Contract Tower,1,9,0,0,10,1,14,2,0,17,2,23,2,0,27,0,0,0,27
12/21/2011,AKN,AK,AAL,WE,Federal Contract Tower,6,12,2,0,20,0,19,4,0,23,6,31,6,0,43,0,0,0,43
12/22/2011,AKN,AK,AAL,WE,Federal Contract Tower,0,5,0,0,5,0,25,11,0,36,0,30,11,0,41,0,0,0,41
12/23/2011,AKN,AK,AAL,WE,Federal Contract Tower,3,9,3,0,15,1,15,5,0,21,4,24,8,0,36,0,0,0,36
12/24/2011,AKN,AK,AAL,WE,Federal Contract Tower,2,7,0,0,9,0,9,0,0,9,2,16,0,0,18,0,0,0,18
12/25/2011,AKN,AK,AAL,WE,Federal Contract Tower,0,0,0,0,0,0,0,0,0,0,0,0,0,0,0,0,0,0,0
12/26/2011,AKN,AK,AAL,WE,Federal Contract Tower,0,5,0,2,7,0,15,2,0,17,0,20,2,2,24,0,18,18,42
12/27/2011,AKN,AK,AAL,WE,Federal Contract Tower,0,5,0,1,6,0,16,4,3,23,0,21,4,4,29,0,10,10,39
12/28/2011,AKN,AK,AAL,WE,Federal Contract Tower,3,5,0,0,8,0,19,17,0,36,3,24,17,0,44,3,0,3,47
12/29/2011,AKN,AK,AAL,WE,Federal Contract Tower,2,6,0,4,12,0,12,6,0,18,2,18,6,4,30,0,0,0,30
12/30/2011,AKN,AK,AAL,WE,Federal Contract Tower,1,6,0,0,7,0,10,2,0,12,1,16,2,0,19,0,0,0,19
12/31/2011,AKN,AK,AAL,WE,Federal Contract Tower,3,7,0,0,10,1,12,0,0,13,4,19,0,0,23,0,0,0,23
01/01/2012,AKN,AK,AAL,WE,Federal Contract Tower,0,0,2,0,2,0,0,0,0,0,0,0,2,0,2,0,0,0,2
01/02/2012,AKN,AK,AAL,WE,Federal Contract Tower,0,15,2,0,17,0,7,2,0,9,0,22,4,0,26,0,0,0,26
01/03/2012,AKN,AK,AAL,WE,Federal Contract Tower,0,11,0,0,11,0,12,6,0,18,0,23,6,0,29,0,0,0,29
01/04/2012,AKN,AK,AAL,WE,Federal Contract Tower,0,12,0,4,16,0,22,2,0,24,0,34,2,4,40,2,2,4,44
01/05/2012,AKN,AK,AAL,WE,Federal Contract Tower,1,16,0,8,25,1,10,0,0,11,2,26,0,8,36,0,0,0,36
01/06/2012,AKN,AK,AAL,WE,Federal Contract Tower,2,14,0,0,16,0,11,2,0,13,2,25,2,0,29,0,0,0,29
01/07/2012,AKN,AK,AAL,WE,Federal Contract Tower,2,23,0,0,25,0,5,0,0,5,2,28,0,0,30,0,0,0,30
01/08/2012,AKN,AK,AAL,WE,Federal Contract Tower,0,7,0,0,7,0,4,0,0,4,0,11,0,0,11,0,0,0,11
01/09/2012,AKN,AK,AAL,WE,Federal Contract Tower,0,10,1,2,13,0,14,3,2,19,0,24,4,4,32,0,10,10,42
01/10/2012,AKN,AK,AAL,WE,Federal Contract Tower,2,10,0,0,12,0,2,0,0,2,2,12,0,0,14,0,0,0,14
01/11/2012,AKN,AK,AAL,WE,Federal Contract Tower,2,8,1,0,11,0,18,2,0,20,2,26,3,0,31,6,0,6,37
01/12/2012,AKN,AK,AAL,WE,Federal Contract Tower,0,14,0,0,14,0,13,2,0,15,0,27,2,0,29,0,0,0,29
01/13/2012,AKN,AK,AAL,WE,Federal Contract Tower,2,7,0,0,9,0,17,3,0,20,2,24,3,0,29,0,0,0,29
01/14/2012,AKN,AK,AAL,WE,Federal Contract Tower,2,12,0,0,14,0,15,2,0,17,2,27,2,0,31,0,0,0,31
01/15/2012,AKN,AK,AAL,WE,Federal Contract Tower,0,3,0,0,3,0,7,6,0,13,0,10,6,0,16,0,0,0,16
01/16/2012,AKN,AK,AAL,WE,Federal Contract Tower,0,8,0,0,8,0,15,5,0,20,0,23,5,0,28,0,0,0,28
01/17/2012,AKN,AK,AAL,WE,Federal Contract Tower,2,8,0,0,10,0,14,8,0,22,2,22,8,0,32,0,0,0,32
01/18/2012,AKN,AK,AAL,WE,Federal Contract Tower,2,7,0,2,11,0,18,5,0,23,2,25,5,2,34,0,2,2,36
01/19/2012,AKN,AK,AAL,WE,Federal Contract Tower,0,6,1,0,7,0,11,5,0,16,0,17,6,0,23,0,0,0,23
01/20/2012,AKN,AK,AAL,WE,Federal Contract Tower,2,9,0,0,11,0,21,7,0,28,2,30,7,0,39,0,0,0,39
01/21/2012,AKN,AK,AAL,WE,Federal Contract Tower,4,10,0,0,14,0,16,2,0,18,4,26,2,0,32,0,0,0,32
01/22/2012,AKN,AK,AAL,WE,Federal Contract Tower,0,6,0,0,6,0,2,0,0,2,0,8,0,0,8,0,0,0,8
01/23/2012,AKN,AK,AAL,WE,Federal Contract Tower,0,5,0,3,8,0,19,2,1,22,0,24,2,4,30,0,14,14,44
01/24/2012,AKN,AK,AAL,WE,Federal Contract Tower,0,16,0,0,16,0,10,0,0,10,0,26,0,0,26,0,0,0,26
01/25/2012,AKN,AK,AAL,WE,Federal Contract Tower,2,10,0,2,14,0,25,4,0,29,2,35,4,2,43,0,0,0,43
01/26/2012,AKN,AK,AAL,WE,Federal Contract Tower,0,5,0,3,8,0,15,0,1,16,0,20,0,4,24,0,0,0,24
01/27/2012,AKN,AK,AAL,WE,Federal Contract Tower,4,10,0,1,15,1,14,0,1,16,5,24,0,2,31,0,2,2,33
01/28/2012,AKN,AK,AAL,WE,Federal Contract Tower,2,13,0,0,15,0,10,0,0,10,2,23,0,0,25,0,0,0,25
01/29/2012,AKN,AK,AAL,WE,Federal Contract Tower,0,12,0,0,12,0,14,1,0,15,0,26,1,0,27,2,0,2,29
01/30/2012,AKN,AK,AAL,WE,Federal Contract Tower,0,13,1,0,14,0,21,10,0,31,0,34,11,0,45,0,0,0,45
01/31/2012,AKN,AK,AAL,WE,Federal Contract Tower,0,20,0,0,20,0,13,2,0,15,0,33,2,0,35,4,0,4,39
02/01/2012,AKN,AK,AAL,WE,Federal Contract Tower,1,5,0,0,6,1,2,0,0,3,2,7,0,0,9,0,0,0,9
02/02/2012,AKN,AK,AAL,WE,Federal Contract Tower,0,18,1,0,19,0,25,1,0,26,0,43,2,0,45,6,0,6,51
02/03/2012,AKN,AK,AAL,WE,Federal Contract Tower,0,9,0,0,9,0,26,10,0,36,0,35,10,0,45,0,0,0,45
02/04/2012,AKN,AK,AAL,WE,Federal Contract Tower,2,20,0,0,22,0,11,0,0,11,2,31,0,0,33,0,0,0,33
02/05/2012,AKN,AK,AAL,WE,Federal Contract Tower,0,14,0,0,14,0,16,0,0,16,0,30,0,0,30,0,0,0,30
02/06/2012,AKN,AK,AAL,WE,Federal Contract Tower,0,6,0,0,6,0,19,4,0,23,0,25,4,0,29,0,0,0,29
02/07/2012,AKN,AK,AAL,WE,Federal Contract Tower,0,16,0,0,16,0,10,1,0,11,0,26,1,0,27,0,0,0,27
02/08/2012,AKN,AK,AAL,WE,Federal Contract Tower,4,7,0,0,11,0,25,3,0,28,4,32,3,0,39,2,0,2,41
02/09/2012,AKN,AK,AAL,WE,Federal Contract Tower,2,7,0,0,9,0,14,0,0,14,2,21,0,0,23,0,0,0,23
02/10/2012,AKN,AK,AAL,WE,Federal Contract Tower,0,7,0,0,7,0,17,12,0,29,0,24,12,0,36,2,0,2,38
02/11/2012,AKN,AK,AAL,WE,Federal Contract Tower,4,4,0,0,8,0,13,1,0,14,4,17,1,0,22,0,0,0,22
02/12/2012,AKN,AK,AAL,WE,Federal Contract Tower,0,11,0,0,11,0,18,2,0,20,0,29,2,0,31,0,0,0,31
02/13/2012,AKN,AK,AAL,WE,Federal Contract Tower,0,11,0,0,11,0,18,2,0,20,0,29,2,0,31,0,0,0,31
02/14/2012,AKN,AK,AAL,WE,Federal Contract Tower,0,11,0,0,11,0,13,8,0,21,0,24,8,0,32,2,0,2,34
02/15/2012,AKN,AK,AAL,WE,Federal Contract Tower,1,10,0,4,15,0,12,0,0,12,1,22,0,4,27,0,0,0,27
02/16/2012,AKN,AK,AAL,WE,Federal Contract Tower,0,8,2,2,12,0,13,4,0,17,0,21,6,2,29,0,2,2,31
02/17/2012,AKN,AK,AAL,WE,Federal Contract Tower,4,8,1,0,13,0,12,5,0,17,4,20,6,0,30,0,0,0,30
02/18/2012,AKN,AK,AAL,WE,Federal Contract Tower,2,14,2,0,18,0,14,1,0,15,2,28,3,0,33,2,0,2,35
02/19/2012,AKN,AK,AAL,WE,Federal Contract Tower,0,13,2,5,20,0,8,6,0,14,0,21,8,5,34,3,0,3,37
02/20/2012,AKN,AK,AAL,WE,Federal Contract Tower,2,11,0,0,13,0,11,2,0,13,2,22,2,0,26,0,0,0,26
02/21/2012,AKN,AK,AAL,WE,Federal Contract Tower,2,14,1,2,19,0,6,1,0,7,2,20,2,2,26,0,9,9,35
02/22/2012,AKN,AK,AAL,WE,Federal Contract Tower,4,12,0,0,16,0,11,0,0,11,4,23,0,0,27,0,0,0,27
02/23/2012,AKN,AK,AAL,WE,Federal Contract Tower,2,4,0,0,6,0,17,11,0,28,2,21,11,0,34,0,0,0,34
02/24/2012,AKN,AK,AAL,WE,Federal Contract Tower,4,8,0,0,12,0,18,15,0,33,4,26,15,0,45,8,0,8,53
02/25/2012,AKN,AK,AAL,WE,Federal Contract Tower,2,11,0,0,13,0,11,5,0,16,2,22,5,0,29,0,0,0,29
02/26/2012,AKN,AK,AAL,WE,Federal Contract Tower,0,13,0,0,13,0,2,0,0,2,0,15,0,0,15,0,0,0,15
02/27/2012,AKN,AK,AAL,WE,Federal Contract Tower,0,4,0,0,4,0,6,2,0,8,0,10,2,0,12,2,0,2,14
02/28/2012,AKN,AK,AAL,WE,Federal Contract Tower,2,10,0,2,14,0,20,5,0,25,2,30,5,2,39,6,9,15,54
02/29/2012,AKN,AK,AAL,WE,Federal Contract Tower,2,5,0,0,7,0,26,8,0,34,2,31,8,0,41,0,0,0,41
03/01/2012,AKN,AK,AAL,WE,Federal Contract Tower,2,10,2,0,14,0,11,2,0,13,2,21,4,0,27,0,0,0,27
03/02/2012,AKN,AK,AAL,WE,Federal Contract Tower,2,31,0,0,33,0,0,0,0,0,2,31,0,0,33,0,0,0,33
03/03/2012,AKN,AK,AAL,WE,Federal Contract Tower,2,5,0,0,7,0,17,0,0,17,2,22,0,0,24,0,0,0,24
03/04/2012,AKN,AK,AAL,WE,Federal Contract Tower,0,6,0,0,6,0,4,5,0,9,0,10,5,0,15,0,0,0,15
03/05/2012,AKN,AK,AAL,WE,Federal Contract Tower,0,7,0,0,7,0,3,0,0,3,0,10,0,0,10,0,0,0,10
03/06/2012,AKN,AK,AAL,WE,Federal Contract Tower,2,24,1,0,27,0,0,0,0,0,2,24,1,0,27,0,0,0,27
03/07/2012,AKN,AK,AAL,WE,Federal Contract Tower,4,12,2,0,18,0,15,2,0,17,4,27,4,0,35,0,0,0,35
03/08/2012,AKN,AK,AAL,WE,Federal Contract Tower,2,8,0,0,10,0,17,3,0,20,2,25,3,0,30,8,0,8,38
03/09/2012,AKN,AK,AAL,WE,Federal Contract Tower,2,4,0,0,6,0,24,4,0,28,2,28,4,0,34,0,0,0,34
03/10/2012,AKN,AK,AAL,WE,Federal Contract Tower,2,11,0,0,13,0,17,7,0,24,2,28,7,0,37,0,0,0,37
03/11/2012,AKN,AK,AAL,WE,Federal Contract Tower,0,4,0,0,4,0,4,5,0,9,0,8,5,0,13,1,0,1,14
03/12/2012,AKN,AK,AAL,WE,Federal Contract Tower,2,7,0,2,11,0,15,4,0,19,2,22,4,2,30,0,0,0,30
03/13/2012,AKN,AK,AAL,WE,Federal Contract Tower,2,6,0,2,10,0,15,4,0,19,2,21,4,2,29,0,0,0,29
03/14/2012,AKN,AK,AAL,WE,Federal Contract Tower,4,10,0,0,14,0,19,5,0,24,4,29,5,0,38,0,0,0,38
03/15/2012,AKN,AK,AAL,WE,Federal Contract Tower,2,19,0,0,21,0,0,0,0,0,2,19,0,0,21,0,0,0,21
03/16/2012,AKN,AK,AAL,WE,Federal Contract Tower,4,19,0,0,23,0,8,0,0,8,4,27,0,0,31,12,0,12,43
03/17/2012,AKN,AK,AAL,WE,Federal Contract Tower,4,5,0,0,9,0,15,7,0,22,4,20,7,0,31,0,0,0,31
03/18/2012,AKN,AK,AAL,WE,Federal Contract Tower,0,4,0,0,4,0,21,6,0,27,0,25,6,0,31,0,0,0,31
03/19/2012,AKN,AK,AAL,WE,Federal Contract Tower,2,4,0,0,6,0,40,8,0,48,2,44,8,0,54,4,22,26,80
03/20/2012,AKN,AK,AAL,WE,Federal Contract Tower,2,4,0,1,7,0,12,4,0,16,2,16,4,1,23,2,11,13,36
03/21/2012,AKN,AK,AAL,WE,Federal Contract Tower,4,4,0,0,8,0,20,4,2,26,4,24,4,2,34,0,0,0,34
03/22/2012,AKN,AK,AAL,WE,Federal Contract Tower,2,7,0,0,9,0,19,6,0,25,2,26,6,0,34,0,0,0,34
03/23/2012,AKN,AK,AAL,WE,Federal Contract Tower,0,3,0,0,3,0,6,0,0,6,0,9,0,0,9,0,0,0,9
03/24/2012,AKN,AK,AAL,WE,Federal Contract Tower,4,22,0,0,26,0,6,5,0,11,4,28,5,0,37,0,0,0,37
03/25/2012,AKN,AK,AAL,WE,Federal Contract Tower,0,6,0,0,6,0,12,11,0,23,0,18,11,0,29,0,0,0,29
03/26/2012,AKN,AK,AAL,WE,Federal Contract Tower,2,13,0,2,17,0,22,6,0,28,2,35,6,2,45,0,12,12,57
03/27/2012,AKN,AK,AAL,WE,Federal Contract Tower,2,6,2,0,10,0,13,2,2,17,2,19,4,2,27,3,0,3,30
03/28/2012,AKN,AK,AAL,WE,Federal Contract Tower,4,10,0,0,14,0,20,2,0,22,4,30,2,0,36,3,0,3,39
03/29/2012,AKN,AK,AAL,WE,Federal Contract Tower,4,4,0,0,8,0,25,9,0,34,4,29,9,0,42,2,0,2,44
03/30/2012,AKN,AK,AAL,WE,Federal Contract Tower,0,11,1,0,12,0,12,3,0,15,0,23,4,0,27,0,0,0,27
03/31/2012,AKN,AK,AAL,WE,Federal Contract Tower,2,10,0,0,12,0,13,2,0,15,2,23,2,0,27,0,0,0,27
04/01/2012,AKN,AK,AAL,WE,Federal Contract Tower,0,10,1,1,12,0,6,1,0,7,0,16,2,1,19,2,0,2,21
04/02/2012,AKN,AK,AAL,WE,Federal Contract Tower,0,7,0,2,9,0,20,2,4,26,0,27,2,6,35,2,0,2,37
04/03/2012,AKN,AK,AAL,WE,Federal Contract Tower,2,18,1,3,24,0,1,0,0,1,2,19,1,3,25,0,0,0,25
04/04/2012,AKN,AK,AAL,WE,Federal Contract Tower,5,13,0,0,18,0,12,2,0,14,5,25,2,0,32,0,0,0,32
04/05/2012,AKN,AK,AAL,WE,Federal Contract Tower,0,11,0,0,11,0,9,0,0,9,0,20,0,0,20,0,0,0,20
04/06/2012,AKN,AK,AAL,WE,Federal Contract Tower,0,13,1,0,14,0,14,6,0,20,0,27,7,0,34,0,0,0,34
04/07/2012,AKN,AK,AAL,WE,Federal Contract Tower,3,8,2,0,13,0,18,11,0,29,3,26,13,0,42,24,0,24,66
04/08/2012,AKN,AK,AAL,WE,Federal Contract Tower,0,9,0,0,9,0,3,0,0,3,0,12,0,0,12,0,0,0,12
04/09/2012,AKN,AK,AAL,WE,Federal Contract Tower,2,5,1,0,8,0,44,5,0,49,2,49,6,0,57,0,0,0,57
04/10/2012,AKN,AK,AAL,WE,Federal Contract Tower,0,11,0,0,11,0,11,0,0,11,0,22,0,0,22,0,0,0,22
04/11/2012,AKN,AK,AAL,WE,Federal Contract Tower,4,4,0,2,10,0,26,11,0,37,4,30,11,2,47,22,10,32,79
04/12/2012,AKN,AK,AAL,WE,Federal Contract Tower,2,19,3,2,26,0,10,7,0,17,2,29,10,2,43,4,0,4,47
04/13/2012,AKN,AK,AAL,WE,Federal Contract Tower,2,32,0,0,34,0,14,8,0,22,2,46,8,0,56,0,0,0,56
04/14/2012,AKN,AK,AAL,WE,Federal Contract Tower,2,10,0,2,14,0,16,11,0,27,2,26,11,2,41,4,4,8,49
04/15/2012,AKN,AK,AAL,WE,Federal Contract Tower,0,4,0,0,4,0,9,1,0,10,0,13,1,0,14,0,0,0,14
04/16/2012,AKN,AK,AAL,WE,Federal Contract Tower,0,6,0,1,7,0,27,0,0,27,0,33,0,1,34,6,5,11,45
04/17/2012,AKN,AK,AAL,WE,Federal Contract Tower,2,8,0,0,10,0,25,13,0,38,2,33,13,0,48,4,0,4,52
04/18/2012,AKN,AK,AAL,WE,Federal Contract Tower,3,6,0,0,9,0,25,15,0,40,3,31,15,0,49,18,0,18,67
04/19/2012,AKN,AK,AAL,WE,Federal Contract Tower,2,8,0,0,10,0,27,14,0,41,2,35,14,0,51,12,0,12,63
04/20/2012,AKN,AK,AAL,WE,Federal Contract Tower,2,13,0,0,15,0,23,13,0,36,2,36,13,0,51,0,0,0,51
04/21/2012,AKN,AK,AAL,WE,Federal Contract Tower,2,10,0,0,12,0,20,12,0,32,2,30,12,0,44,0,0,0,44
04/22/2012,AKN,AK,AAL,WE,Federal Contract Tower,0,6,0,0,6,0,16,7,0,23,0,22,7,0,29,0,0,0,29
04/23/2012,AKN,AK,AAL,WE,Federal Contract Tower,0,7,0,0,7,0,26,2,0,28,0,33,2,0,35,0,0,0,35
04/24/2012,AKN,AK,AAL,WE,Federal Contract Tower,2,5,0,1,8,0,25,11,1,37,2,30,11,2,45,0,47,47,92
04/25/2012,AKN,AK,AAL,WE,Federal Contract Tower,4,4,0,0,8,0,34,18,0,52,4,38,18,0,60,0,0,0,60
04/26/2012,AKN,AK,AAL,WE,Federal Contract Tower,0,6,0,1,7,0,18,12,1,31,0,24,12,2,38,2,8,10,48
04/27/2012,AKN,AK,AAL,WE,Federal Contract Tower,2,6,0,0,8,0,31,15,0,46,2,37,15,0,54,0,0,0,54
04/28/2012,AKN,AK,AAL,WE,Federal Contract Tower,4,8,0,0,12,0,33,9,0,42,4,41,9,0,54,4,0,4,58
04/29/2012,AKN,AK,AAL,WE,Federal Contract Tower,0,6,0,0,6,0,21,16,0,37,0,27,16,0,43,0,0,0,43
04/30/2012,AKN,AK,AAL,WE,Federal Contract Tower,2,12,0,2,16,0,19,12,0,31,2,31,12,2,47,10,0,10,57
05/01/2012,AKN,AK,AAL,WE,Federal Contract Tower,1,6,0,0,7,0,40,6,2,48,1,46,6,2,55,17,0,17,72
05/02/2012,AKN,AK,AAL,WE,Federal Contract Tower,4,16,0,0,20,0,32,8,0,40,4,48,8,0,60,10,0,10,70
05/03/2012,AKN,AK,AAL,WE,Federal Contract Tower,2,14,0,0,16,0,15,3,0,18,2,29,3,0,34,0,0,0,34
05/04/2012,AKN,AK,AAL,WE,Federal Contract Tower,4,35,4,0,43,0,5,1,0,6,4,40,5,0,49,0,0,0,49
05/05/2012,AKN,AK,AAL,WE,Federal Contract Tower,4,18,0,0,22,0,21,16,0,37,4,39,16,0,59,0,0,0,59
05/06/2012,AKN,AK,AAL,WE,Federal Contract Tower,0,7,0,0,7,0,21,12,0,33,0,28,12,0,40,0,0,0,40
05/07/2012,AKN,AK,AAL,WE,Federal Contract Tower,0,23,1,4,28,0,35,27,0,62,0,58,28,4,90,0,37,37,127
05/08/2012,AKN,AK,AAL,WE,Federal Contract Tower,2,42,6,0,50,0,18,6,0,24,2,60,12,0,74,0,0,0,74
05/09/2012,AKN,AK,AAL,WE,Federal Contract Tower,2,16,2,1,21,0,44,20,1,65,2,60,22,2,86,0,12,12,98
05/10/2012,AKN,AK,AAL,WE,Federal Contract Tower,2,20,2,1,25,0,32,16,0,48,2,52,18,1,73,0,0,0,73
05/11/2012,AKN,AK,AAL,WE,Federal Contract Tower,4,13,0,3,20,0,23,17,1,41,4,36,17,4,61,0,0,0,61
05/12/2012,AKN,AK,AAL,WE,Federal Contract Tower,2,24,2,0,28,0,21,5,0,26,2,45,7,0,54,6,0,6,60
05/13/2012,AKN,AK,AAL,WE,Federal Contract Tower,0,8,0,0,8,0,24,26,0,50,0,32,26,0,58,0,0,0,58
05/14/2012,AKN,AK,AAL,WE,Federal Contract Tower,1,19,8,6,34,1,22,33,0,56,2,41,41,6,90,4,0,4,94
05/15/2012,AKN,AK,AAL,WE,Federal Contract Tower,2,12,0,0,14,0,53,42,2,97,2,65,42,2,111,0,8,8,119
05/16/2012,AKN,AK,AAL,WE,Federal Contract Tower,4,13,0,2,19,0,51,23,2,76,4,64,23,4,95,12,24,36,131
05/17/2012,AKN,AK,AAL,WE,Federal Contract Tower,2,16,0,4,22,0,42,27,0,69,2,58,27,4,91,0,12,12,103
05/18/2012,AKN,AK,AAL,WE,Federal Contract Tower,4,7,2,2,15,0,35,31,0,66,4,42,33,2,81,0,0,0,81
05/19/2012,AKN,AK,AAL,WE,Federal Contract Tower,2,9,0,14,25,0,27,16,0,43,2,36,16,14,68,0,6,6,74
05/20/2012,AKN,AK,AAL,WE,Federal Contract Tower,0,6,2,4,12,0,25,28,0,53,0,31,30,4,65,6,0,6,71
05/21/2012,AKN,AK,AAL,WE,Federal Contract Tower,2,12,3,2,19,0,35,27,2,64,2,47,30,4,83,16,20,36,119
05/22/2012,AKN,AK,AAL,WE,Federal Contract Tower,2,10,2,1,15,0,35,20,0,55,2,45,22,1,70,11,0,11,81
05/23/2012,AKN,AK,AAL,WE,Federal Contract Tower,3,8,0,3,14,1,37,23,3,64,4,45,23,6,78,8,19,27,105
05/24/2012,AKN,AK,AAL,WE,Federal Contract Tower,0,27,3,0,30,0,19,15,0,34,0,46,18,0,64,2,0,2,66
05/25/2012,AKN,AK,AAL,WE,Federal Contract Tower,2,11,0,0,13,0,45,34,0,79,2,56,34,0,92,0,0,0,92
05/26/2012,AKN,AK,AAL,WE,Federal Contract Tower,4,10,2,0,16,0,36,28,0,64,4,46,30,0,80,0,0,0,80
05/27/2012,AKN,AK,AAL,WE,Federal Contract Tower,0,8,0,0,8,0,27,24,0,51,0,35,24,0,59,4,0,4,63
05/28/2012,AKN,AK,AAL,WE,Federal Contract Tower,0,10,2,0,12,0,32,36,0,68,0,42,38,0,80,0,0,0,80
05/29/2012,AKN,AK,AAL,WE,Federal Contract Tower,0,15,0,0,15,0,43,28,0,71,0,58,28,0,86,6,0,6,92
05/30/2012,AKN,AK,AAL,WE,Federal Contract Tower,2,20,0,16,38,0,49,9,0,58,2,69,9,16,96,26,0,26,122
05/31/2012,AKN,AK,AAL,WE,Federal Contract Tower,2,9,0,0,11,0,33,17,0,50,2,42,17,0,61,0,0,0,61
06/01/2012,AKN,AK,AAL,WE,Federal Contract Tower,2,22,2,0,26,0,66,11,0,77,2,88,13,0,103,4,0,4,107
06/02/2012,AKN,AK,AAL,WE,Federal Contract Tower,2,38,4,0,44,0,17,11,0,28,2,55,15,0,72,4,0,4,76
06/03/2012,AKN,AK,AAL,WE,Federal Contract Tower,2,20,7,0,29,0,44,16,0,60,2,64,23,0,89,0,0,0,89
06/04/2012,AKN,AK,AAL,WE,Federal Contract Tower,4,19,0,0,23,0,69,20,0,89,4,88,20,0,112,0,0,0,112
06/05/2012,AKN,AK,AAL,WE,Federal Contract Tower,4,17,1,0,22,1,81,21,0,103,5,98,22,0,125,17,0,17,142
06/06/2012,AKN,AK,AAL,WE,Federal Contract Tower,6,18,0,0,24,0,55,20,0,75,6,73,20,0,99,0,0,0,99
06/07/2012,AKN,AK,AAL,WE,Federal Contract Tower,5,70,19,4,98,0,0,0,0,0,5,70,19,4,98,0,0,0,98
06/08/2012,AKN,AK,AAL,WE,Federal Contract Tower,5,44,3,0,52,0,39,14,0,53,5,83,17,0,105,0,0,0,105
06/09/2012,AKN,AK,AAL,WE,Federal Contract Tower,4,17,0,0,21,0,61,21,0,82,4,78,21,0,103,0,0,0,103
06/10/2012,AKN,AK,AAL,WE,Federal Contract Tower,2,23,1,0,26,0,60,20,0,80,2,83,21,0,106,0,0,0,106
06/11/2012,AKN,AK,AAL,WE,Federal Contract Tower,2,38,6,2,48,0,69,12,0,81,2,107,18,2,129,0,2,2,131
06/12/2012,AKN,AK,AAL,WE,Federal Contract Tower,11,41,2,4,58,2,32,5,0,39,13,73,7,4,97,13,7,20,117
06/13/2012,AKN,AK,AAL,WE,Federal Contract Tower,4,30,1,2,37,0,84,25,0,109,4,114,26,2,146,6,0,6,152
06/14/2012,AKN,AK,AAL,WE,Federal Contract Tower,6,28,2,0,36,0,92,41,2,135,6,120,43,2,171,2,0,2,173
06/15/2012,AKN,AK,AAL,WE,Federal Contract Tower,7,28,0,1,36,0,66,19,1,86,7,94,19,2,122,3,0,3,125
06/16/2012,AKN,AK,AAL,WE,Federal Contract Tower,6,29,4,0,39,0,87,35,0,122,6,116,39,0,161,0,0,0,161
06/17/2012,AKN,AK,AAL,WE,Federal Contract Tower,2,32,0,0,34,0,74,21,0,95,2,106,21,0,129,0,0,0,129
06/18/2012,AKN,AK,AAL,WE,Federal Contract Tower,3,84,19,0,106,0,0,0,0,0,3,84,19,0,106,0,0,0,106
06/19/2012,AKN,AK,AAL,WE,Federal Contract Tower,8,105,32,4,149,0,0,0,0,0,8,105,32,4,149,0,0,0,149
06/20/2012,AKN,AK,AAL,WE,Federal Contract Tower,3,58,13,2,76,0,57,31,0,88,3,115,44,2,164,0,0,0,164
06/21/2012,AKN,AK,AAL,WE,Federal Contract Tower,5,25,6,0,36,0,73,56,0,129,5,98,62,0,165,0,2,2,167
06/22/2012,AKN,AK,AAL,WE,Federal Contract Tower,4,31,3,1,39,0,70,43,1,114,4,101,46,2,153,0,0,0,153
06/23/2012,AKN,AK,AAL,WE,Federal Contract Tower,5,29,0,1,35,1,84,35,1,121,6,113,35,2,156,8,0,8,164
06/24/2012,AKN,AK,AAL,WE,Federal Contract Tower,2,62,15,0,79,0,37,14,0,51,2,99,29,0,130,0,0,0,130
06/25/2012,AKN,AK,AAL,WE,Federal Contract Tower,2,38,2,0,42,0,71,27,0,98,2,109,29,0,140,0,0,0,140
06/26/2012,AKN,AK,AAL,WE,Federal Contract Tower,5,57,5,0,67,0,131,31,0,162,5,188,36,0,229,0,0,0,229
06/27/2012,AKN,AK,AAL,WE,Federal Contract Tower,5,59,3,0,67,0,67,41,0,108,5,126,44,0,175,11,0,11,186
06/28/2012,AKN,AK,AAL,WE,Federal Contract Tower,8,25,7,0,40,0,104,27,0,131,8,129,34,0,171,0,0,0,171
06/29/2012,AKN,AK,AAL,WE,Federal Contract Tower,4,28,18,0,50,0,74,38,0,112,4,102,56,0,162,4,0,4,166
06/30/2012,AKN,AK,AAL,WE,Federal Contract Tower,4,41,9,0,54,0,106,20,0,126,4,147,29,0,180,0,0,0,180
07/01/2012,AKN,AK,AAL,WE,Federal Contract Tower,2,52,12,0,66,0,81,25,0,106,2,133,37,0,172,16,0,16,188
07/02/2012,AKN,AK,AAL,WE,Federal Contract Tower,4,29,2,0,35,0,121,54,0,175,4,150,56,0,210,0,0,0,210
07/03/2012,AKN,AK,AAL,WE,Federal Contract Tower,6,27,4,0,37,0,107,42,0,149,6,134,46,0,186,0,0,0,186
07/04/2012,AKN,AK,AAL,WE,Federal Contract Tower,2,49,21,0,72,0,71,22,0,93,2,120,43,0,165,0,0,0,165
07/05/2012,AKN,AK,AAL,WE,Federal Contract Tower,6,48,19,0,73,0,72,40,0,112,6,120,59,0,185,6,0,6,191
07/06/2012,AKN,AK,AAL,WE,Federal Contract Tower,6,20,11,1,38,0,99,50,2,151,6,119,61,3,189,27,0,27,216
07/07/2012,AKN,AK,AAL,WE,Federal Contract Tower,9,21,6,0,36,0,87,51,0,138,9,108,57,0,174,0,0,0,174
07/08/2012,AKN,AK,AAL,WE,Federal Contract Tower,4,26,5,0,35,0,106,38,0,144,4,132,43,0,179,0,0,0,179
07/09/2012,AKN,AK,AAL,WE,Federal Contract Tower,3,27,4,0,34,0,117,43,0,160,3,144,47,0,194,0,0,0,194
07/10/2012,AKN,AK,AAL,WE,Federal Contract Tower,6,19,3,0,28,0,124,58,2,184,6,143,61,2,212,0,0,0,212
07/11/2012,AKN,AK,AAL,WE,Federal Contract Tower,2,20,3,0,25,1,116,23,0,140,3,136,26,0,165,0,0,0,165
07/12/2012,AKN,AK,AAL,WE,Federal Contract Tower,4,53,6,0,63,0,71,27,0,98,4,124,33,0,161,0,0,0,161
07/13/2012,AKN,AK,AAL,WE,Federal Contract Tower,3,18,9,0,30,0,130,29,2,161,3,148,38,2,191,2,0,2,193
07/14/2012,AKN,AK,AAL,WE,Federal Contract Tower,4,34,2,0,40,0,115,30,0,145,4,149,32,0,185,6,0,6,191
07/15/2012,AKN,AK,AAL,WE,Federal Contract Tower,2,41,11,0,54,0,113,35,0,148,2,154,46,0,202,0,0,0,202
07/16/2012,AKN,AK,AAL,WE,Federal Contract Tower,3,32,4,2,41,0,108,51,0,159,3,140,55,2,200,0,0,0,200
07/17/2012,AKN,AK,AAL,WE,Federal Contract Tower,4,27,6,0,37,0,139,52,0,191,4,166,58,0,228,15,0,15,243
07/18/2012,AKN,AK,AAL,WE,Federal Contract Tower,2,22,2,0,26,0,118,41,0,159,2,140,43,0,185,0,0,0,185
07/19/2012,AKN,AK,AAL,WE,Federal Contract Tower,3,138,19,0,160,0,5,0,0,5,3,143,19,0,165,0,0,0,165
07/20/2012,AKN,AK,AAL,WE,Federal Contract Tower,7,45,14,2,68,0,98,18,0,116,7,143,32,2,184,0,0,0,184
07/21/2012,AKN,AK,AAL,WE,Federal Contract Tower,7,37,0,0,44,0,125,42,0,167,7,162,42,0,211,0,0,0,211
07/22/2012,AKN,AK,AAL,WE,Federal Contract Tower,2,63,9,4,78,0,92,35,0,127,2,155,44,4,205,23,0,23,228
07/23/2012,AKN,AK,AAL,WE,Federal Contract Tower,2,27,3,0,32,0,136,40,0,176,2,163,43,0,208,0,0,0,208
07/24/2012,AKN,AK,AAL,WE,Federal Contract Tower,5,30,4,0,39,0,157,32,0,189,5,187,36,0,228,0,0,0,228
07/25/2012,AKN,AK,AAL,WE,Federal Contract Tower,3,35,2,0,40,0,131,36,0,167,3,166,38,0,207,0,0,0,207
07/26/2012,AKN,AK,AAL,WE,Federal Contract Tower,6,60,10,0,76,0,56,15,0,71,6,116,25,0,147,0,0,0,147
07/27/2012,AKN,AK,AAL,WE,Federal Contract Tower,4,85,19,0,108,0,47,19,0,66,4,132,38,0,174,4,0,4,178
07/28/2012,AKN,AK,AAL,WE,Federal Contract Tower,4,19,1,0,24,0,105,29,0,134,4,124,30,0,158,0,0,0,158
07/29/2012,AKN,AK,AAL,WE,Federal Contract Tower,2,26,6,0,34,0,110,25,1,136,2,136,31,1,170,0,0,0,170
07/30/2012,AKN,AK,AAL,WE,Federal Contract Tower,4,34,6,0,44,0,94,41,0,135,4,128,47,0,179,0,0,0,179
07/31/2012,AKN,AK,AAL,WE,Federal Contract Tower,6,18,2,0,26,0,79,31,0,110,6,97,33,0,136,8,0,8,144
08/01/2012,AKN,AK,AAL,WE,Federal Contract Tower,3,29,8,0,40,0,66,19,0,85,3,95,27,0,125,0,0,0,125
08/02/2012,AKN,AK,AAL,WE,Federal Contract Tower,5,55,3,0,63,0,26,5,0,31,5,81,8,0,94,0,0,0,94
08/03/2012,AKN,AK,AAL,WE,Federal Contract Tower,4,27,10,0,41,0,68,29,0,97,4,95,39,0,138,8,0,8,146
08/04/2012,AKN,AK,AAL,WE,Federal Contract Tower,4,20,3,0,27,0,93,49,0,142,4,113,52,0,169,0,0,0,169
08/05/2012,AKN,AK,AAL,WE,Federal Contract Tower,2,18,2,0,22,0,92,33,0,125,2,110,35,0,147,0,0,0,147
08/06/2012,AKN,AK,AAL,WE,Federal Contract Tower,1,19,1,0,21,3,73,60,0,136,4,92,61,0,157,0,0,0,157
08/07/2012,AKN,AK,AAL,WE,Federal Contract Tower,4,28,9,0,41,0,34,25,0,59,4,62,34,0,100,4,0,4,104
08/08/2012,AKN,AK,AAL,WE,Federal Contract Tower,4,23,3,0,30,0,100,57,0,157,4,123,60,0,187,2,0,2,189
08/09/2012,AKN,AK,AAL,WE,Federal Contract Tower,4,14,4,2,24,0,84,25,0,109,4,98,29,2,133,0,0,0,133
08/10/2012,AKN,AK,AAL,WE,Federal Contract Tower,4,18,9,0,31,0,90,48,0,138,4,108,57,0,169,0,0,0,169
08/11/2012,AKN,AK,AAL,WE,Federal Contract Tower,6,10,2,0,18,0,88,41,0,129,6,98,43,0,147,0,0,0,147
08/12/2012,AKN,AK,AAL,WE,Federal Contract Tower,2,16,2,0,20,0,73,39,0,112,2,89,41,0,132,0,0,0,132
08/13/2012,AKN,AK,AAL,WE,Federal Contract Tower,2,20,0,0,22,0,126,38,0,164,2,146,38,0,186,0,0,0,186
08/14/2012,AKN,AK,AAL,WE,Federal Contract Tower,4,16,3,0,23,0,78,34,0,112,4,94,37,0,135,0,0,0,135
08/15/2012,AKN,AK,AAL,WE,Federal Contract Tower,3,25,1,4,33,0,86,54,0,140,3,111,55,4,173,0,2,2,175
08/16/2012,AKN,AK,AAL,WE,Federal Contract Tower,3,22,1,6,32,0,112,29,0,141,3,134,30,6,173,0,0,0,173
08/17/2012,AKN,AK,AAL,WE,Federal Contract Tower,6,16,6,2,30,0,87,51,0,138,6,103,57,2,168,0,0,0,168
08/18/2012,AKN,AK,AAL,WE,Federal Contract Tower,4,23,3,0,30,0,63,26,0,89,4,86,29,0,119,0,0,0,119
08/19/2012,AKN,AK,AAL,WE,Federal Contract Tower,2,34,5,0,41,0,48,16,0,64,2,82,21,0,105,0,0,0,105
08/20/2012,AKN,AK,AAL,WE,Federal Contract Tower,2,17,5,0,24,0,88,34,0,122,2,105,39,0,146,0,0,0,146
08/21/2012,AKN,AK,AAL,WE,Federal Contract Tower,6,14,2,0,22,0,72,36,0,108,6,86,38,0,130,2,0,2,132
08/22/2012,AKN,AK,AAL,WE,Federal Contract Tower,2,12,1,0,15,0,68,44,0,112,2,80,45,0,127,0,0,0,127
08/23/2012,AKN,AK,AAL,WE,Federal Contract Tower,4,17,4,0,25,0,71,29,0,100,4,88,33,0,125,14,0,14,139
08/24/2012,AKN,AK,AAL,WE,Federal Contract Tower,6,30,13,2,51,0,67,28,0,95,6,97,41,2,146,2,0,2,148
08/25/2012,AKN,AK,AAL,WE,Federal Contract Tower,4,50,25,0,79,0,27,12,0,39,4,77,37,0,118,0,0,0,118
08/26/2012,AKN,AK,AAL,WE,Federal Contract Tower,0,66,13,0,79,0,0,0,0,0,0,66,13,0,79,0,0,0,79
08/27/2012,AKN,AK,AAL,WE,Federal Contract Tower,0,14,0,0,14,2,79,41,3,125,2,93,41,3,139,0,5,5,144
08/28/2012,AKN,AK,AAL,WE,Federal Contract Tower,4,19,1,0,24,0,85,29,0,114,4,104,30,0,138,0,0,0,138
08/29/2012,AKN,AK,AAL,WE,Federal Contract Tower,4,14,1,2,21,0,67,37,0,104,4,81,38,2,125,0,0,0,125
08/30/2012,AKN,AK,AAL,WE,Federal Contract Tower,1,33,8,1,43,0,44,8,1,53,1,77,16,2,96,0,12,12,108
08/31/2012,AKN,AK,AAL,WE,Federal Contract Tower,2,13,5,0,20,0,91,27,0,118,2,104,32,0,138,0,0,0,138
09/01/2012,AKN,AK,AAL,WE,Federal Contract Tower,4,15,2,0,21,0,93,37,0,130,4,108,39,0,151,0,0,0,151
09/02/2012,AKN,AK,AAL,WE,Federal Contract Tower,0,19,1,0,20,0,65,10,0,75,0,84,11,0,95,0,0,0,95
09/03/2012,AKN,AK,AAL,WE,Federal Contract Tower,0,38,4,0,42,0,47,13,0,60,0,85,17,0,102,0,0,0,102
09/04/2012,AKN,AK,AAL,WE,Federal Contract Tower,0,22,0,0,22,0,37,2,0,39,0,59,2,0,61,0,0,0,61
09/05/2012,AKN,AK,AAL,WE,Federal Contract Tower,0,15,0,0,15,0,71,13,0,84,0,86,13,0,99,0,0,0,99
09/06/2012,AKN,AK,AAL,WE,Federal Contract Tower,4,11,0,0,15,0,91,47,0,138,4,102,47,0,153,0,0,0,153
09/07/2012,AKN,AK,AAL,WE,Federal Contract Tower,1,12,6,0,19,0,99,32,0,131,1,111,38,0,150,0,0,0,150
09/08/2012,AKN,AK,AAL,WE,Federal Contract Tower,2,16,1,0,19,0,101,55,0,156,2,117,56,0,175,0,0,0,175
09/09/2012,AKN,AK,AAL,WE,Federal Contract Tower,0,14,6,0,20,0,61,52,0,113,0,75,58,0,133,4,0,4,137
09/10/2012,AKN,AK,AAL,WE,Federal Contract Tower,2,14,0,2,18,0,82,64,0,146,2,96,64,2,164,0,0,0,164
09/11/2012,AKN,AK,AAL,WE,Federal Contract Tower,4,12,3,0,19,0,64,20,0,84,4,76,23,0,103,2,0,2,105
09/12/2012,AKN,AK,AAL,WE,Federal Contract Tower,0,20,8,2,30,0,42,38,0,80,0,62,46,2,110,0,0,0,110
09/13/2012,AKN,AK,AAL,WE,Federal Contract Tower,3,9,0,0,12,0,59,35,0,94,3,68,35,0,106,0,0,0,106
09/14/2012,AKN,AK,AAL,WE,Federal Contract Tower,2,11,6,1,20,0,71,42,0,113,2,82,48,1,133,0,6,6,139
09/15/2012,AKN,AK,AAL,WE,Federal Contract Tower,3,17,1,0,21,0,67,36,0,103,3,84,37,0,124,0,0,0,124
09/16/2012,AKN,AK,AAL,WE,Federal Contract Tower,0,7,3,0,10,0,7,2,0,9,0,14,5,0,19,0,0,0,19
09/17/2012,AKN,AK,AAL,WE,Federal Contract Tower,0,13,2,0,15,0,67,41,0,108,0,80,43,0,123,0,0,0,123
09/18/2012,AKN,AK,AAL,WE,Federal Contract Tower,4,10,2,0,16,0,54,41,0,95,4,64,43,0,111,9,0,9,120
09/19/2012,AKN,AK,AAL,WE,Federal Contract Tower,1,13,3,0,17,0,13,16,0,29,1,26,19,0,46,6,0,6,52
09/20/2012,AKN,AK,AAL,WE,Federal Contract Tower,0,15,2,0,17,0,60,45,0,105,0,75,47,0,122,0,0,0,122
09/21/2012,AKN,AK,AAL,WE,Federal Contract Tower,2,25,9,0,36,0,53,39,0,92,2,78,48,0,128,10,0,10,138
09/22/2012,AKN,AK,AAL,WE,Federal Contract Tower,1,13,1,0,15,0,33,22,0,55,1,46,23,0,70,6,0,6,76
09/23/2012,AKN,AK,AAL,WE,Federal Contract Tower,0,13,1,0,14,0,35,25,0,60,0,48,26,0,74,2,0,2,76
09/24/2012,AKN,AK,AAL,WE,Federal Contract Tower,1,6,0,1,8,0,52,47,3,102,1,58,47,4,110,2,2,4,114
09/25/2012,AKN,AK,AAL,WE,Federal Contract Tower,2,10,0,0,12,0,24,15,0,39,2,34,15,0,51,0,0,0,51
09/26/2012,AKN,AK,AAL,WE,Federal Contract Tower,0,6,0,0,6,0,35,25,0,60,0,41,25,0,66,0,0,0,66
09/27/2012,AKN,AK,AAL,WE,Federal Contract Tower,4,4,1,0,9,0,31,34,0,65,4,35,35,0,74,0,0,0,74
09/28/2012,AKN,AK,AAL,WE,Federal Contract Tower,3,11,3,0,17,1,46,30,0,77,4,57,33,0,94,0,0,0,94
09/29/2012,AKN,AK,AAL,WE,Federal Contract Tower,2,6,0,0,8,0,32,30,0,62,2,38,30,0,70,4,0,4,74
09/30/2012,AKN,AK,AAL,WE,Federal Contract Tower,0,10,2,0,12,0,17,27,0,44,0,27,29,0,56,0,0,0,56
10/01/2012,AKN,AK,AAL,WE,Federal Contract Tower,2,11,0,0,13,0,20,11,0,31,2,31,11,0,44,0,0,0,44
10/02/2012,AKN,AK,AAL,WE,Federal Contract Tower,2,12,1,2,17,0,18,2,0,20,2,30,3,2,37,0,0,0,37
10/03/2012,AKN,AK,AAL,WE,Federal Contract Tower,2,12,0,0,14,0,15,3,0,18,2,27,3,0,32,0,0,0,32
10/04/2012,AKN,AK,AAL,WE,Federal Contract Tower,2,8,0,0,10,0,16,5,0,21,2,24,5,0,31,0,0,0,31
10/05/2012,AKN,AK,AAL,WE,Federal Contract Tower,2,8,2,0,12,0,29,16,0,45,2,37,18,0,57,0,0,0,57
10/06/2012,AKN,AK,AAL,WE,Federal Contract Tower,4,6,0,0,10,0,29,28,0,57,4,35,28,0,67,5,0,5,72
10/07/2012,AKN,AK,AAL,WE,Federal Contract Tower,0,9,0,0,9,0,22,8,0,30,0,31,8,0,39,0,0,0,39
10/08/2012,AKN,AK,AAL,WE,Federal Contract Tower,0,11,6,0,17,0,16,13,0,29,0,27,19,0,46,16,0,16,62
10/09/2012,AKN,AK,AAL,WE,Federal Contract Tower,2,17,6,0,25,0,7,3,0,10,2,24,9,0,35,1,0,1,36
10/10/2012,AKN,AK,AAL,WE,Federal Contract Tower,1,14,3,2,20,1,21,21,0,43,2,35,24,2,63,5,0,5,68
10/11/2012,AKN,AK,AAL,WE,Federal Contract Tower,2,6,0,2,10,0,27,16,0,43,2,33,16,2,53,12,10,22,75
10/12/2012,AKN,AK,AAL,WE,Federal Contract Tower,2,10,0,0,12,0,18,12,0,30,2,28,12,0,42,16,0,16,58
10/13/2012,AKN,AK,AAL,WE,Federal Contract Tower,2,13,3,2,20,0,12,2,0,14,2,25,5,2,34,2,0,2,36
10/14/2012,AKN,AK,AAL,WE,Federal Contract Tower,0,9,0,0,9,0,0,0,0,0,0,9,0,0,9,0,0,0,9
10/15/2012,AKN,AK,AAL,WE,Federal Contract Tower,2,8,0,0,10,0,16,12,0,28,2,24,12,0,38,0,0,0,38
10/16/2012,AKN,AK,AAL,WE,Federal Contract Tower,3,6,0,0,9,0,21,4,0,25,3,27,4,0,34,0,0,0,34
10/17/2012,AKN,AK,AAL,WE,Federal Contract Tower,2,4,0,0,6,0,21,4,0,25,2,25,4,0,31,0,0,0,31
10/18/2012,AKN,AK,AAL,WE,Federal Contract Tower,2,4,0,0,6,0,23,4,0,27,2,27,4,0,33,12,0,12,45
10/19/2012,AKN,AK,AAL,WE,Federal Contract Tower,4,4,0,0,8,0,18,2,0,20,4,22,2,0,28,0,0,0,28
10/20/2012,AKN,AK,AAL,WE,Federal Contract Tower,0,5,3,0,8,0,30,5,0,35,0,35,8,0,43,0,0,0,43
10/21/2012,AKN,AK,AAL,WE,Federal Contract Tower,0,4,0,0,4,0,4,0,0,4,0,8,0,0,8,0,0,0,8
10/22/2012,AKN,AK,AAL,WE,Federal Contract Tower,2,5,0,12,19,0,22,7,0,29,2,27,7,12,48,2,0,2,50
10/23/2012,AKN,AK,AAL,WE,Federal Contract Tower,4,7,1,4,16,0,16,8,0,24,4,23,9,4,40,0,0,0,40
10/24/2012,AKN,AK,AAL,WE,Federal Contract Tower,2,10,3,0,15,0,7,5,0,12,2,17,8,0,27,4,0,4,31
10/25/2012,AKN,AK,AAL,WE,Federal Contract Tower,0,7,0,0,7,0,14,10,0,24,0,21,10,0,31,2,0,2,33
10/26/2012,AKN,AK,AAL,WE,Federal Contract Tower,2,10,0,1,13,0,21,7,0,28,2,31,7,1,41,4,14,18,59
10/27/2012,AKN,AK,AAL,WE,Federal Contract Tower,4,12,0,0,16,0,20,3,0,23,4,32,3,0,39,0,0,0,39
10/28/2012,AKN,AK,AAL,WE,Federal Contract Tower,0,8,0,0,8,0,11,7,0,18,0,19,7,0,26,0,0,0,26
10/29/2012,AKN,AK,AAL,WE,Federal Contract Tower,2,11,0,0,13,0,25,5,0,30,2,36,5,0,43,0,0,0,43
10/30/2012,AKN,AK,AAL,WE,Federal Contract Tower,0,12,0,0,12,0,17,1,1,19,0,29,1,1,31,0,9,9,40
10/31/2012,AKN,AK,AAL,WE,Federal Contract Tower,4,5,2,0,11,0,16,5,0,21,4,21,7,0,32,0,0,0,32
11/01/2012,AKN,AK,AAL,WE,Federal Contract Tower,2,6,0,0,8,0,13,2,0,15,2,19,2,0,23,0,0,0,23
11/02/2012,AKN,AK,AAL,WE,Federal Contract Tower,2,7,0,0,9,0,12,0,0,12,2,19,0,0,21,0,0,0,21
11/03/2012,AKN,AK,AAL,WE,Federal Contract Tower,2,8,0,1,11,0,21,2,0,23,2,29,2,1,34,2,11,13,47
11/04/2012,AKN,AK,AAL,WE,Federal Contract Tower,0,8,0,0,8,0,4,0,0,4,0,12,0,0,12,0,0,0,12
11/05/2012,AKN,AK,AAL,WE,Federal Contract Tower,4,7,0,1,12,0,12,5,3,20,4,19,5,4,32,0,18,18,50
11/06/2012,AKN,AK,AAL,WE,Federal Contract Tower,0,6,0,0,6,0,18,2,0,20,0,24,2,0,26,0,0,0,26
11/07/2012,AKN,AK,AAL,WE,Federal Contract Tower,2,7,0,0,9,0,20,5,0,25,2,27,5,0,34,0,0,0,34
11/08/2012,AKN,AK,AAL,WE,Federal Contract Tower,2,7,0,0,9,0,10,2,0,12,2,17,2,0,21,0,0,0,21
11/09/2012,AKN,AK,AAL,WE,Federal Contract Tower,2,6,0,0,8,0,27,0,0,27,2,33,0,0,35,0,0,0,35
11/10/2012,AKN,AK,AAL,WE,Federal Contract Tower,2,4,0,0,6,0,27,9,0,36,2,31,9,0,42,4,0,4,46
11/11/2012,AKN,AK,AAL,WE,Federal Contract Tower,0,5,0,0,5,0,12,2,0,14,0,17,2,0,19,0,0,0,19
11/12/2012,AKN,AK,AAL,WE,Federal Contract Tower,2,8,0,0,10,0,22,0,0,22,2,30,0,0,32,0,0,0,32
11/13/2012,AKN,AK,AAL,WE,Federal Contract Tower,3,5,0,0,8,0,13,0,0,13,3,18,0,0,21,0,0,0,21
11/14/2012,AKN,AK,AAL,WE,Federal Contract Tower,2,13,0,6,21,0,14,0,0,14,2,27,0,6,35,0,0,0,35
11/15/2012,AKN,AK,AAL,WE,Federal Contract Tower,2,8,0,0,10,0,6,1,0,7,2,14,1,0,17,0,0,0,17
11/16/2012,AKN,AK,AAL,WE,Federal Contract Tower,2,10,0,1,13,0,28,1,0,29,2,38,1,1,42,0,8,8,50
11/17/2012,AKN,AK,AAL,WE,Federal Contract Tower,2,4,0,0,6,0,12,2,0,14,2,16,2,0,20,0,0,0,20
11/18/2012,AKN,AK,AAL,WE,Federal Contract Tower,0,6,0,0,6,0,10,1,0,11,0,16,1,0,17,0,0,0,17
11/19/2012,AKN,AK,AAL,WE,Federal Contract Tower,0,6,0,0,6,0,24,5,2,31,0,30,5,2,37,2,0,2,39
11/20/2012,AKN,AK,AAL,WE,Federal Contract Tower,2,5,0,0,7,0,17,3,0,20,2,22,3,0,27,4,0,4,31
11/21/2012,AKN,AK,AAL,WE,Federal Contract Tower,2,6,0,0,8,0,17,2,0,19,2,23,2,0,27,0,0,0,27
11/22/2012,AKN,AK,AAL,WE,Federal Contract Tower,0,0,0,0,0,0,3,0,0,3,0,3,0,0,3,0,0,0,3
11/23/2012,AKN,AK,AAL,WE,Federal Contract Tower,2,6,0,0,8,0,13,4,0,17,2,19,4,0,25,0,0,0,25
11/24/2012,AKN,AK,AAL,WE,Federal Contract Tower,2,8,2,0,12,0,8,0,0,8,2,16,2,0,20,0,0,0,20
11/25/2012,AKN,AK,AAL,WE,Federal Contract Tower,0,4,1,0,5,0,5,0,0,5,0,9,1,0,10,0,0,0,10
11/26/2012,AKN,AK,AAL,WE,Federal Contract Tower,0,5,0,0,5,0,15,3,0,18,0,20,3,0,23,2,0,2,25
11/27/2012,AKN,AK,AAL,WE,Federal Contract Tower,2,8,1,0,11,0,6,4,1,11,2,14,5,1,22,0,15,15,37
11/28/2012,AKN,AK,AAL,WE,Federal Contract Tower,2,7,0,0,9,0,17,7,1,25,2,24,7,1,34,0,3,3,37
11/29/2012,AKN,AK,AAL,WE,Federal Contract Tower,2,5,0,0,7,0,10,4,0,14,2,15,4,0,21,0,0,0,21
11/30/2012,AKN,AK,AAL,WE,Federal Contract Tower,0,6,0,0,6,0,15,6,2,23,0,21,6,2,29,0,14,14,43
12/01/2012,AKN,AK,AAL,WE,Federal Contract Tower,4,7,0,0,11,0,14,10,0,24,4,21,10,0,35,0,0,0,35
12/02/2012,AKN,AK,AAL,WE,Federal Contract Tower,0,4,0,0,4,0,6,7,0,13,0,10,7,0,17,0,0,0,17
12/03/2012,AKN,AK,AAL,WE,Federal Contract Tower,4,12,0,0,16,0,19,5,0,24,4,31,5,0,40,0,0,0,40
12/04/2012,AKN,AK,AAL,WE,Federal Contract Tower,0,5,0,0,5,0,18,2,0,20,0,23,2,0,25,0,0,0,25
12/05/2012,AKN,AK,AAL,WE,Federal Contract Tower,2,9,0,0,11,0,21,3,0,24,2,30,3,0,35,0,0,0,35
12/06/2012,AKN,AK,AAL,WE,Federal Contract Tower,2,2,0,0,4,0,18,7,0,25,2,20,7,0,29,2,0,2,31
12/07/2012,AKN,AK,AAL,WE,Federal Contract Tower,2,6,0,0,8,0,23,6,0,29,2,29,6,0,37,2,0,2,39
12/08/2012,AKN,AK,AAL,WE,Federal Contract Tower,2,0,0,0,2,0,0,0,0,0,2,0,0,0,2,0,0,0,2
12/09/2012,AKN,AK,AAL,WE,Federal Contract Tower,0,10,0,0,10,0,7,2,0,9,0,17,2,0,19,0,0,0,19
12/10/2012,AKN,AK,AAL,WE,Federal Contract Tower,2,11,0,1,14,0,15,0,0,15,2,26,0,1,29,0,3,3,32
12/11/2012,AKN,AK,AAL,WE,Federal Contract Tower,2,6,1,0,9,0,11,1,0,12,2,17,2,0,21,0,0,0,21
12/12/2012,AKN,AK,AAL,WE,Federal Contract Tower,2,14,0,0,16,0,16,0,0,16,2,30,0,0,32,0,0,0,32
12/13/2012,AKN,AK,AAL,WE,Federal Contract Tower,0,8,0,0,8,0,4,3,0,7,0,12,3,0,15,0,0,0,15
12/14/2012,AKN,AK,AAL,WE,Federal Contract Tower,0,26,0,0,26,0,1,0,0,1,0,27,0,0,27,0,0,0,27
12/15/2012,AKN,AK,AAL,WE,Federal Contract Tower,0,8,1,0,9,0,0,0,0,0,0,8,1,0,9,8,0,8,17
12/16/2012,AKN,AK,AAL,WE,Federal Contract Tower,0,4,0,0,4,0,12,9,0,21,0,16,9,0,25,0,0,0,25
12/17/2012,AKN,AK,AAL,WE,Federal Contract Tower,0,7,0,0,7,0,29,5,0,34,0,36,5,0,41,9,0,9,50
12/18/2012,AKN,AK,AAL,WE,Federal Contract Tower,0,6,1,0,7,0,1,0,0,1,0,7,1,0,8,0,0,0,8
12/19/2012,AKN,AK,AAL,WE,Federal Contract Tower,4,9,0,0,13,0,31,0,1,32,4,40,0,1,45,0,1,1,46
12/20/2012,AKN,AK,AAL,WE,Federal Contract Tower,2,2,0,0,4,0,34,6,0,40,2,36,6,0,44,0,0,0,44
12/21/2012,AKN,AK,AAL,WE,Federal Contract Tower,6,4,0,0,10,0,28,0,0,28,6,32,0,0,38,0,0,0,38
12/22/2012,AKN,AK,AAL,WE,Federal Contract Tower,0,5,0,0,5,0,34,6,0,40,0,39,6,0,45,0,0,0,45
12/23/2012,AKN,AK,AAL,WE,Federal Contract Tower,0,3,0,0,3,0,10,0,0,10,0,13,0,0,13,0,0,0,13
12/24/2012,AKN,AK,AAL,WE,Federal Contract Tower,0,7,0,0,7,0,10,2,0,12,0,17,2,0,19,0,0,0,19
12/25/2012,AKN,AK,AAL,WE,Federal Contract Tower,0,0,0,0,0,0,0,0,0,0,0,0,0,0,0,0,0,0,0
12/26/2012,AKN,AK,AAL,WE,Federal Contract Tower,2,7,0,0,9,0,2,0,0,2,2,9,0,0,11,0,0,0,11
12/27/2012,AKN,AK,AAL,WE,Federal Contract Tower,1,19,0,0,20,0,10,9,0,19,1,29,9,0,39,0,0,0,39
12/28/2012,AKN,AK,AAL,WE,Federal Contract Tower,2,12,0,0,14,0,16,4,0,20,2,28,4,0,34,0,0,0,34
12/29/2012,AKN,AK,AAL,WE,Federal Contract Tower,0,18,0,0,18,0,7,1,0,8,0,25,1,0,26,0,0,0,26
12/30/2012,AKN,AK,AAL,WE,Federal Contract Tower,2,17,0,0,19,0,7,0,0,7,2,24,0,0,26,4,0,4,30
12/31/2012,AKN,AK,AAL,WE,Federal Contract Tower,2,9,0,0,11,0,15,2,0,17,2,24,2,0,28,0,0,0,28
01/01/2013,AKN,AK,AAL,WE,Federal Contract Tower,0,0,0,0,0,0,0,0,0,0,0,0,0,0,0,0,0,0,0
01/02/2013,AKN,AK,AAL,WE,Federal Contract Tower,2,8,0,0,10,0,15,9,0,24,2,23,9,0,34,0,0,0,34
01/03/2013,AKN,AK,AAL,WE,Federal Contract Tower,0,7,0,2,9,0,12,6,0,18,0,19,6,2,27,0,0,0,27
01/04/2013,AKN,AK,AAL,WE,Federal Contract Tower,2,11,0,0,13,0,13,3,0,16,2,24,3,0,29,0,0,0,29
01/05/2013,AKN,AK,AAL,WE,Federal Contract Tower,0,18,0,0,18,0,3,0,0,3,0,21,0,0,21,2,0,2,23
01/06/2013,AKN,AK,AAL,WE,Federal Contract Tower,0,8,0,0,8,0,7,2,0,9,0,15,2,0,17,0,0,0,17
01/07/2013,AKN,AK,AAL,WE,Federal Contract Tower,0,15,2,2,19,0,18,1,0,19,0,33,3,2,38,0,0,0,38
01/08/2013,AKN,AK,AAL,WE,Federal Contract Tower,2,7,0,0,9,0,20,6,0,26,2,27,6,0,35,0,0,0,35
01/09/2013,AKN,AK,AAL,WE,Federal Contract Tower,2,19,0,4,25,0,17,2,0,19,2,36,2,4,44,0,0,0,44
01/10/2013,AKN,AK,AAL,WE,Federal Contract Tower,0,5,0,0,5,0,18,3,0,21,0,23,3,0,26,6,0,6,32
01/11/2013,AKN,AK,AAL,WE,Federal Contract Tower,4,11,0,0,15,0,9,0,0,9,4,20,0,0,24,0,0,0,24
01/12/2013,AKN,AK,AAL,WE,Federal Contract Tower,0,14,0,0,14,0,0,1,0,1,0,14,1,0,15,0,0,0,15
01/13/2013,AKN,AK,AAL,WE,Federal Contract Tower,0,16,0,2,18,0,8,0,0,8,0,24,0,2,26,0,12,12,38
01/14/2013,AKN,AK,AAL,WE,Federal Contract Tower,2,14,1,0,17,0,22,0,0,22,2,36,1,0,39,2,0,2,41
01/15/2013,AKN,AK,AAL,WE,Federal Contract Tower,0,10,2,2,14,0,24,11,0,35,0,34,13,2,49,10,0,10,59
01/16/2013,AKN,AK,AAL,WE,Federal Contract Tower,2,6,0,2,10,0,18,5,0,23,2,24,5,2,33,0,0,0,33
01/17/2013,AKN,AK,AAL,WE,Federal Contract Tower,2,6,0,2,10,0,13,10,0,23,2,19,10,2,33,8,0,8,41
01/18/2013,AKN,AK,AAL,WE,Federal Contract Tower,4,9,0,2,15,0,19,5,0,24,4,28,5,2,39,0,0,0,39
01/19/2013,AKN,AK,AAL,WE,Federal Contract Tower,2,3,0,0,5,0,4,0,0,4,2,7,0,0,9,0,0,0,9
01/20/2013,AKN,AK,AAL,WE,Federal Contract Tower,0,10,0,0,10,0,18,4,0,22,0,28,4,0,32,0,0,0,32
01/21/2013,AKN,AK,AAL,WE,Federal Contract Tower,0,8,4,0,12,0,10,0,0,10,0,18,4,0,22,0,0,0,22
01/22/2013,AKN,AK,AAL,WE,Federal Contract Tower,2,7,0,0,9,0,11,0,0,11,2,18,0,0,20,0,0,0,20
01/23/2013,AKN,AK,AAL,WE,Federal Contract Tower,4,10,0,2,16,0,21,4,0,25,4,31,4,2,41,0,0,0,41
01/24/2013,AKN,AK,AAL,WE,Federal Contract Tower,2,8,0,12,22,0,21,8,0,29,2,29,8,12,51,14,0,14,65
01/25/2013,AKN,AK,AAL,WE,Federal Contract Tower,4,11,0,1,16,0,13,0,1,14,4,24,0,2,30,0,0,0,30
01/26/2013,AKN,AK,AAL,WE,Federal Contract Tower,2,7,0,1,10,0,10,6,1,17,2,17,6,2,27,0,0,0,27
01/27/2013,AKN,AK,AAL,WE,Federal Contract Tower,0,4,0,0,4,0,11,2,0,13,0,15,2,0,17,0,0,0,17
01/28/2013,AKN,AK,AAL,WE,Federal Contract Tower,0,5,0,0,5,0,0,0,0,0,0,5,0,0,5,0,0,0,5
01/29/2013,AKN,AK,AAL,WE,Federal Contract Tower,0,16,2,0,18,0,11,1,0,12,0,27,3,0,30,0,0,0,30
01/30/2013,AKN,AK,AAL,WE,Federal Contract Tower,4,19,1,4,28,0,7,2,0,9,4,26,3,4,37,0,6,6,43
01/31/2013,AKN,AK,AAL,WE,Federal Contract Tower,0,15,0,0,15,0,2,0,0,2,0,17,0,0,17,0,0,0,17
02/01/2013,AKN,AK,AAL,WE,Federal Contract Tower,2,10,0,2,14,0,17,2,0,19,2,27,2,2,33,0,0,0,33
02/02/2013,AKN,AK,AAL,WE,Federal Contract Tower,1,10,2,0,13,0,18,5,0,23,1,28,7,0,36,0,0,0,36
02/03/2013,AKN,AK,AAL,WE,Federal Contract Tower,1,8,1,0,10,0,11,5,0,16,1,19,6,0,26,6,0,6,32
02/04/2013,AKN,AK,AAL,WE,Federal Contract Tower,2,8,0,2,12,0,19,2,0,21,2,27,2,2,33,0,20,20,53
02/05/2013,AKN,AK,AAL,WE,Federal Contract Tower,0,9,0,0,9,0,1,0,0,1,0,10,0,0,10,0,0,0,10
02/06/2013,AKN,AK,AAL,WE,Federal Contract Tower,4,9,1,0,14,0,22,9,0,31,4,31,10,0,45,5,0,5,50
02/07/2013,AKN,AK,AAL,WE,Federal Contract Tower,2,4,0,0,6,0,11,0,0,11,2,15,0,0,17,0,0,0,17
02/08/2013,AKN,AK,AAL,WE,Federal Contract Tower,0,13,1,0,14,0,17,2,0,19,0,30,3,0,33,4,0,4,37
02/09/2013,AKN,AK,AAL,WE,Federal Contract Tower,2,5,0,0,7,0,10,0,0,10,2,15,0,0,17,0,0,0,17
02/10/2013,AKN,AK,AAL,WE,Federal Contract Tower,0,10,2,0,12,0,9,0,0,9,0,19,2,0,21,0,0,0,21
02/11/2013,AKN,AK,AAL,WE,Federal Contract Tower,0,10,0,0,10,0,12,0,0,12,0,22,0,0,22,0,0,0,22
02/12/2013,AKN,AK,AAL,WE,Federal Contract Tower,2,22,0,0,24,0,2,0,0,2,2,24,0,0,26,0,0,0,26
02/13/2013,AKN,AK,AAL,WE,Federal Contract Tower,2,7,0,0,9,0,15,9,0,24,2,22,9,0,33,13,0,13,46
02/14/2013,AKN,AK,AAL,WE,Federal Contract Tower,1,18,0,0,19,0,2,0,0,2,1,20,0,0,21,0,0,0,21
02/15/2013,AKN,AK,AAL,WE,Federal Contract Tower,4,8,0,0,12,0,24,2,0,26,4,32,2,0,38,0,2,2,40
02/16/2013,AKN,AK,AAL,WE,Federal Contract Tower,2,9,0,0,11,0,8,0,0,8,2,17,0,0,19,0,0,0,19
02/17/2013,AKN,AK,AAL,WE,Federal Contract Tower,0,7,0,0,7,0,5,2,0,7,0,12,2,0,14,0,0,0,14
02/18/2013,AKN,AK,AAL,WE,Federal Contract Tower,0,10,0,0,10,0,24,3,0,27,0,34,3,0,37,0,0,0,37
02/19/2013,AKN,AK,AAL,WE,Federal Contract Tower,2,8,1,0,11,0,4,0,0,4,2,12,1,0,15,0,0,0,15
02/20/2013,AKN,AK,AAL,WE,Federal Contract Tower,2,18,1,0,21,0,16,1,0,17,2,34,2,0,38,0,0,0,38
02/21/2013,AKN,AK,AAL,WE,Federal Contract Tower,1,12,0,0,13,0,6,0,0,6,1,18,0,0,19,0,0,0,19
02/22/2013,AKN,AK,AAL,WE,Federal Contract Tower,2,13,0,2,17,0,8,4,0,12,2,21,4,2,29,4,0,4,33
02/23/2013,AKN,AK,AAL,WE,Federal Contract Tower,1,6,2,0,9,0,8,4,0,12,1,14,6,0,21,6,0,6,27
02/24/2013,AKN,AK,AAL,WE,Federal Contract Tower,0,8,0,0,8,0,8,0,0,8,0,16,0,0,16,0,0,0,16
02/25/2013,AKN,AK,AAL,WE,Federal Contract Tower,1,19,0,0,20,0,4,0,0,4,1,23,0,0,24,0,0,0,24
02/26/2013,AKN,AK,AAL,WE,Federal Contract Tower,1,6,0,0,7,0,16,0,0,16,1,22,0,0,23,0,0,0,23
02/27/2013,AKN,AK,AAL,WE,Federal Contract Tower,2,10,0,1,13,0,25,10,0,35,2,35,10,1,48,0,13,13,61
02/28/2013,AKN,AK,AAL,WE,Federal Contract Tower,1,11,2,0,14,0,4,0,0,4,1,15,2,0,18,9,0,9,27
03/01/2013,AKN,AK,AAL,WE,Federal Contract Tower,4,8,0,0,12,0,16,7,0,23,4,24,7,0,35,6,0,6,41
03/02/2013,AKN,AK,AAL,WE,Federal Contract Tower,2,9,0,0,11,0,7,4,0,11,2,16,4,0,22,4,0,4,26
03/03/2013,AKN,AK,AAL,WE,Federal Contract Tower,0,11,0,0,11,0,9,4,0,13,0,20,4,0,24,0,0,0,24
03/04/2013,AKN,AK,AAL,WE,Federal Contract Tower,2,8,0,0,10,0,24,1,0,25,2,32,1,0,35,5,0,5,40
03/05/2013,AKN,AK,AAL,WE,Federal Contract Tower,2,12,0,2,16,0,14,2,0,16,2,26,2,2,32,0,8,8,40
03/06/2013,AKN,AK,AAL,WE,Federal Contract Tower,2,9,0,0,11,0,13,1,0,14,2,22,1,0,25,0,0,0,25
03/07/2013,AKN,AK,AAL,WE,Federal Contract Tower,0,6,0,0,6,0,1,0,0,1,0,7,0,0,7,0,0,0,7
03/08/2013,AKN,AK,AAL,WE,Federal Contract Tower,0,16,1,4,21,0,17,7,0,24,0,33,8,4,45,0,0,0,45
03/09/2013,AKN,AK,AAL,WE,Federal Contract Tower,2,12,0,0,14,0,9,3,0,12,2,21,3,0,26,0,0,0,26
03/10/2013,AKN,AK,AAL,WE,Federal Contract Tower,0,4,0,0,4,0,11,2,2,15,0,15,2,2,19,0,4,4,23
03/11/2013,AKN,AK,AAL,WE,Federal Contract Tower,0,4,0,2,6,0,18,7,1,26,0,22,7,3,32,8,0,8,40
03/12/2013,AKN,AK,AAL,WE,Federal Contract Tower,2,7,0,0,9,0,14,0,2,16,2,21,0,2,25,0,2,2,27
03/13/2013,AKN,AK,AAL,WE,Federal Contract Tower,2,4,0,0,6,0,21,5,2,28,2,25,5,2,34,0,2,2,36
03/14/2013,AKN,AK,AAL,WE,Federal Contract Tower,2,7,0,8,17,0,11,2,0,13,2,18,2,8,30,2,22,24,54
03/15/2013,AKN,AK,AAL,WE,Federal Contract Tower,2,11,0,2,15,0,26,4,0,30,2,37,4,2,45,0,0,0,45
03/16/2013,AKN,AK,AAL,WE,Federal Contract Tower,0,4,0,0,4,0,4,0,0,4,0,8,0,0,8,0,0,0,8
03/17/2013,AKN,AK,AAL,WE,Federal Contract Tower,0,8,0,0,8,0,6,0,0,6,0,14,0,0,14,0,0,0,14
03/18/2013,AKN,AK,AAL,WE,Federal Contract Tower,0,4,0,0,4,0,38,2,0,40,0,42,2,0,44,0,0,0,44
03/19/2013,AKN,AK,AAL,WE,Federal Contract Tower,1,10,0,0,11,0,18,3,2,23,1,28,3,2,34,0,0,0,34
03/20/2013,AKN,AK,AAL,WE,Federal Contract Tower,2,7,0,2,11,0,18,5,0,23,2,25,5,2,34,0,0,0,34
03/21/2013,AKN,AK,AAL,WE,Federal Contract Tower,2,5,0,0,7,0,23,7,0,30,2,28,7,0,37,0,0,0,37
03/22/2013,AKN,AK,AAL,WE,Federal Contract Tower,4,16,0,0,20,0,12,4,0,16,4,28,4,0,36,0,0,0,36
03/23/2013,AKN,AK,AAL,WE,Federal Contract Tower,2,12,0,0,14,0,4,1,0,5,2,16,1,0,19,0,0,0,19
03/24/2013,AKN,AK,AAL,WE,Federal Contract Tower,0,5,0,0,5,0,8,1,0,9,0,13,1,0,14,0,0,0,14
03/25/2013,AKN,AK,AAL,WE,Federal Contract Tower,0,10,0,2,12,0,22,7,2,31,0,32,7,4,43,2,14,16,59
03/26/2013,AKN,AK,AAL,WE,Federal Contract Tower,2,11,0,0,13,0,14,8,0,22,2,25,8,0,35,4,0,4,39
03/27/2013,AKN,AK,AAL,WE,Federal Contract Tower,2,6,3,0,11,0,12,5,0,17,2,18,8,0,28,0,0,0,28
03/28/2013,AKN,AK,AAL,WE,Federal Contract Tower,0,3,0,1,4,0,4,2,0,6,0,7,2,1,10,0,14,14,24
03/29/2013,AKN,AK,AAL,WE,Federal Contract Tower,4,9,0,0,13,0,13,1,0,14,4,22,1,0,27,0,0,0,27
03/30/2013,AKN,AK,AAL,WE,Federal Contract Tower,1,4,0,0,5,0,7,4,0,11,1,11,4,0,16,22,0,22,38
03/31/2013,AKN,AK,AAL,WE,Federal Contract Tower,0,4,0,0,4,0,3,1,0,4,0,7,1,0,8,4,0,4,12
04/01/2013,AKN,AK,AAL,WE,Federal Contract Tower,2,12,1,0,15,0,8,3,0,11,2,20,4,0,26,0,0,0,26
04/02/2013,AKN,AK,AAL,WE,Federal Contract Tower,0,4,0,2,6,0,12,8,0,20,0,16,8,2,26,6,0,6,32
04/03/2013,AKN,AK,AAL,WE,Federal Contract Tower,4,7,1,0,12,0,18,4,2,24,4,25,5,2,36,2,0,2,38
04/04/2013,AKN,AK,AAL,WE,Federal Contract Tower,0,6,0,0,6,0,8,6,0,14,0,14,6,0,20,0,0,0,20
04/05/2013,AKN,AK,AAL,WE,Federal Contract Tower,4,6,0,0,10,1,20,7,0,28,5,26,7,0,38,0,0,0,38
04/06/2013,AKN,AK,AAL,WE,Federal Contract Tower,1,7,0,0,8,0,6,9,0,15,1,13,9,0,23,0,0,0,23
04/07/2013,AKN,AK,AAL,WE,Federal Contract Tower,0,8,0,0,8,0,12,12,0,24,0,20,12,0,32,0,0,0,32
04/08/2013,AKN,AK,AAL,WE,Federal Contract Tower,0,8,2,0,10,0,17,9,0,26,0,25,11,0,36,0,0,0,36
04/09/2013,AKN,AK,AAL,WE,Federal Contract Tower,2,7,0,2,11,0,16,7,0,23,2,23,7,2,34,5,4,9,43
04/10/2013,AKN,AK,AAL,WE,Federal Contract Tower,2,6,0,2,10,0,15,15,1,31,2,21,15,3,41,0,4,4,45
04/11/2013,AKN,AK,AAL,WE,Federal Contract Tower,2,3,2,0,7,0,13,0,0,13,2,16,2,0,20,0,0,0,20
04/12/2013,AKN,AK,AAL,WE,Federal Contract Tower,2,4,0,0,6,0,24,7,0,31,2,28,7,0,37,0,0,0,37
04/13/2013,AKN,AK,AAL,WE,Federal Contract Tower,2,3,0,0,5,0,9,4,0,13,2,12,4,0,18,0,0,0,18
04/14/2013,AKN,AK,AAL,WE,Federal Contract Tower,0,6,3,0,9,0,12,8,0,20,0,18,11,0,29,6,0,6,35
04/15/2013,AKN,AK,AAL,WE,Federal Contract Tower,2,5,0,0,7,0,25,8,0,33,2,30,8,0,40,0,0,0,40
04/16/2013,AKN,AK,AAL,WE,Federal Contract Tower,2,6,0,0,8,0,10,9,0,19,2,16,9,0,27,4,0,4,31
04/17/2013,AKN,AK,AAL,WE,Federal Contract Tower,2,5,0,0,7,0,14,2,0,16,2,19,2,0,23,0,0,0,23
04/18/2013,AKN,AK,AAL,WE,Federal Contract Tower,2,6,0,0,8,0,13,14,4,31,2,19,14,4,39,0,26,26,65
04/19/2013,AKN,AK,AAL,WE,Federal Contract Tower,2,9,0,0,11,0,19,8,0,27,2,28,8,0,38,0,0,0,38
04/20/2013,AKN,AK,AAL,WE,Federal Contract Tower,0,4,0,0,4,0,14,6,2,22,0,18,6,2,26,8,14,22,48
04/21/2013,AKN,AK,AAL,WE,Federal Contract Tower,0,4,0,0,4,0,14,4,0,18,0,18,4,0,22,18,0,18,40
04/22/2013,AKN,AK,AAL,WE,Federal Contract Tower,0,7,0,0,7,0,20,10,0,30,0,27,10,0,37,0,0,0,37
04/23/2013,AKN,AK,AAL,WE,Federal Contract Tower,2,9,2,1,14,0,21,6,1,28,2,30,8,2,42,0,0,0,42
04/24/2013,AKN,AK,AAL,WE,Federal Contract Tower,2,8,1,2,13,0,33,9,0,42,2,41,10,2,55,0,0,0,55
04/25/2013,AKN,AK,AAL,WE,Federal Contract Tower,2,8,2,0,12,0,12,3,0,15,2,20,5,0,27,0,0,0,27
04/26/2013,AKN,AK,AAL,WE,Federal Contract Tower,2,13,0,0,15,0,18,18,0,36,2,31,18,0,51,0,0,0,51
04/27/2013,AKN,AK,AAL,WE,Federal Contract Tower,2,6,0,0,8,0,14,4,0,18,2,20,4,0,26,0,0,0,26
04/28/2013,AKN,AK,AAL,WE,Federal Contract Tower,0,10,0,0,10,2,20,8,0,30,2,30,8,0,40,0,0,0,40
04/29/2013,AKN,AK,AAL,WE,Federal Contract Tower,0,7,2,0,9,0,16,14,0,30,0,23,16,0,39,0,0,0,39
04/30/2013,AKN,AK,AAL,WE,Federal Contract Tower,2,8,0,1,11,0,15,6,1,22,2,23,6,2,33,3,1,4,37
05/01/2013,AKN,AK,AAL,WE,Federal Contract Tower,4,17,0,0,21,0,21,6,0,27,4,38,6,0,48,0,0,0,48
05/02/2013,AKN,AK,AAL,WE,Federal Contract Tower,2,32,0,2,36,0,12,2,0,14,2,44,2,2,50,38,0,38,88
05/03/2013,AKN,AK,AAL,WE,Federal Contract Tower,2,14,0,1,17,0,20,7,3,30,2,34,7,4,47,0,0,0,47
05/04/2013,AKN,AK,AAL,WE,Federal Contract Tower,2,8,0,1,11,0,22,3,1,26,2,30,3,2,37,10,10,20,57
05/05/2013,AKN,AK,AAL,WE,Federal Contract Tower,0,13,0,0,13,0,11,3,0,14,0,24,3,0,27,0,0,0,27
05/06/2013,AKN,AK,AAL,WE,Federal Contract Tower,0,12,0,0,12,0,23,12,0,35,0,35,12,0,47,25,0,25,72
05/07/2013,AKN,AK,AAL,WE,Federal Contract Tower,2,8,0,0,10,0,20,6,0,26,2,28,6,0,36,8,0,8,44
05/08/2013,AKN,AK,AAL,WE,Federal Contract Tower,2,12,0,4,18,0,31,9,0,40,2,43,9,4,58,21,0,21,79
05/09/2013,AKN,AK,AAL,WE,Federal Contract Tower,2,8,0,0,10,0,35,9,0,44,2,43,9,0,54,10,0,10,64
05/10/2013,AKN,AK,AAL,WE,Federal Contract Tower,2,11,0,0,13,0,23,27,0,50,2,34,27,0,63,4,0,4,67
05/11/2013,AKN,AK,AAL,WE,Federal Contract Tower,2,12,0,0,14,0,17,10,0,27,2,29,10,0,41,0,0,0,41
05/12/2013,AKN,AK,AAL,WE,Federal Contract Tower,0,10,0,0,10,2,15,12,0,29,2,25,12,0,39,0,0,0,39
05/13/2013,AKN,AK,AAL,WE,Federal Contract Tower,0,11,0,0,11,0,17,12,0,29,0,28,12,0,40,0,0,0,40
05/14/2013,AKN,AK,AAL,WE,Federal Contract Tower,2,10,0,0,12,0,20,11,0,31,2,30,11,0,43,0,0,0,43
05/15/2013,AKN,AK,AAL,WE,Federal Contract Tower,3,10,0,0,13,1,27,26,0,54,4,37,26,0,67,6,0,6,73
05/16/2013,AKN,AK,AAL,WE,Federal Contract Tower,2,14,0,1,17,0,28,11,1,40,2,42,11,2,57,6,0,6,63
05/17/2013,AKN,AK,AAL,WE,Federal Contract Tower,2,14,0,0,16,0,17,8,0,25,2,31,8,0,41,8,0,8,49
05/18/2013,AKN,AK,AAL,WE,Federal Contract Tower,2,10,0,0,12,0,20,16,0,36,2,30,16,0,48,0,0,0,48
05/19/2013,AKN,AK,AAL,WE,Federal Contract Tower,0,10,0,0,10,0,6,7,2,15,0,16,7,2,25,0,10,10,35
05/20/2013,AKN,AK,AAL,WE,Federal Contract Tower,2,2,0,0,4,0,23,1,0,24,2,25,1,0,28,0,0,0,28
05/21/2013,AKN,AK,AAL,WE,Federal Contract Tower,0,14,0,2,16,0,20,1,0,21,0,34,1,2,37,0,4,4,41
05/22/2013,AKN,AK,AAL,WE,Federal Contract Tower,2,27,0,0,29,0,33,9,0,42,2,60,9,0,71,0,0,0,71
05/23/2013,AKN,AK,AAL,WE,Federal Contract Tower,0,18,0,0,18,0,25,7,0,32,0,43,7,0,50,0,0,0,50
05/24/2013,AKN,AK,AAL,WE,Federal Contract Tower,3,10,0,0,13,1,27,21,0,49,4,37,21,0,62,5,0,5,67
05/25/2013,AKN,AK,AAL,WE,Federal Contract Tower,2,8,0,0,10,0,21,16,0,37,2,29,16,0,47,4,0,4,51
05/26/2013,AKN,AK,AAL,WE,Federal Contract Tower,0,12,0,0,12,0,20,13,0,33,0,32,13,0,45,0,0,0,45
05/27/2013,AKN,AK,AAL,WE,Federal Contract Tower,0,12,0,0,12,0,29,10,0,39,0,41,10,0,51,4,0,4,55
05/28/2013,AKN,AK,AAL,WE,Federal Contract Tower,0,9,1,0,10,0,29,13,2,44,0,38,14,2,54,0,0,0,54
05/29/2013,AKN,AK,AAL,WE,Federal Contract Tower,2,13,0,0,15,0,26,16,0,42,2,39,16,0,57,2,0,2,59
05/30/2013,AKN,AK,AAL,WE,Federal Contract Tower,2,15,0,0,17,0,32,20,2,54,2,47,20,2,71,2,10,12,83
05/31/2013,AKN,AK,AAL,WE,Federal Contract Tower,0,12,3,0,15,0,33,20,0,53,0,45,23,0,68,2,0,2,70
06/01/2013,AKN,AK,AAL,WE,Federal Contract Tower,4,16,1,0,21,0,35,15,0,50,4,51,16,0,71,18,0,18,89
06/02/2013,AKN,AK,AAL,WE,Federal Contract Tower,0,19,1,0,20,0,27,12,0,39,0,46,13,0,59,18,0,18,77
06/03/2013,AKN,AK,AAL,WE,Federal Contract Tower,0,26,0,0,26,0,38,16,0,54,0,64,16,0,80,10,0,10,90
06/04/2013,AKN,AK,AAL,WE,Federal Contract Tower,4,18,4,0,26,0,32,10,0,42,4,50,14,0,68,2,0,2,70
06/05/2013,AKN,AK,AAL,WE,Federal Contract Tower,0,22,4,0,26,0,34,28,0,62,0,56,32,0,88,33,0,33,121
06/06/2013,AKN,AK,AAL,WE,Federal Contract Tower,4,22,2,0,28,0,34,14,0,48,4,56,16,0,76,8,0,8,84
06/07/2013,AKN,AK,AAL,WE,Federal Contract Tower,0,16,2,4,22,0,37,25,0,62,0,53,27,4,84,0,0,0,84
06/08/2013,AKN,AK,AAL,WE,Federal Contract Tower,4,25,0,0,29,0,45,19,0,64,4,70,19,0,93,2,0,2,95
06/09/2013,AKN,AK,AAL,WE,Federal Contract Tower,2,14,2,0,18,0,30,20,0,50,2,44,22,0,68,0,0,0,68
06/10/2013,AKN,AK,AAL,WE,Federal Contract Tower,4,29,10,4,47,0,32,25,0,57,4,61,35,4,104,0,0,0,104
06/11/2013,AKN,AK,AAL,WE,Federal Contract Tower,8,36,1,0,45,0,36,21,0,57,8,72,22,0,102,0,0,0,102
06/12/2013,AKN,AK,AAL,WE,Federal Contract Tower,2,22,2,0,26,0,66,40,0,106,2,88,42,0,132,0,0,0,132
06/13/2013,AKN,AK,AAL,WE,Federal Contract Tower,6,26,1,0,33,0,51,36,0,87,6,77,37,0,120,6,0,6,126
06/14/2013,AKN,AK,AAL,WE,Federal Contract Tower,2,27,0,2,31,0,66,35,0,101,2,93,35,2,132,36,0,36,168
06/15/2013,AKN,AK,AAL,WE,Federal Contract Tower,8,30,0,0,38,0,77,24,0,101,8,107,24,0,139,0,0,0,139
06/16/2013,AKN,AK,AAL,WE,Federal Contract Tower,2,26,1,0,29,0,52,36,0,88,2,78,37,0,117,7,0,7,124
06/17/2013,AKN,AK,AAL,WE,Federal Contract Tower,2,27,0,0,29,1,89,35,0,125,3,116,35,0,154,0,0,0,154
06/18/2013,AKN,AK,AAL,WE,Federal Contract Tower,6,30,3,2,41,0,73,45,2,120,6,103,48,4,161,2,4,6,167
06/19/2013,AKN,AK,AAL,WE,Federal Contract Tower,2,22,4,0,28,0,70,38,0,108,2,92,42,0,136,0,0,0,136
06/20/2013,AKN,AK,AAL,WE,Federal Contract Tower,6,30,1,0,37,0,69,45,0,114,6,99,46,0,151,10,0,10,161
06/21/2013,AKN,AK,AAL,WE,Federal Contract Tower,4,29,8,0,41,0,64,42,2,108,4,93,50,2,149,0,0,0,149
06/22/2013,AKN,AK,AAL,WE,Federal Contract Tower,6,27,0,0,33,0,55,30,0,85,6,82,30,0,118,0,0,0,118
06/23/2013,AKN,AK,AAL,WE,Federal Contract Tower,2,16,1,0,19,0,76,34,0,110,2,92,35,0,129,0,0,0,129
06/24/2013,AKN,AK,AAL,WE,Federal Contract Tower,5,28,3,2,38,2,83,75,0,160,7,111,78,2,198,0,0,0,198
06/25/2013,AKN,AK,AAL,WE,Federal Contract Tower,6,36,14,0,56,0,90,50,2,142,6,126,64,2,198,0,0,0,198
06/26/2013,AKN,AK,AAL,WE,Federal Contract Tower,2,51,10,0,63,0,72,36,0,108,2,123,46,0,171,0,0,0,171
06/27/2013,AKN,AK,AAL,WE,Federal Contract Tower,6,35,8,0,49,0,65,36,0,101,6,100,44,0,150,0,0,0,150
06/28/2013,AKN,AK,AAL,WE,Federal Contract Tower,2,18,5,2,27,0,78,52,0,130,2,96,57,2,157,0,0,0,157
06/29/2013,AKN,AK,AAL,WE,Federal Contract Tower,6,22,3,0,31,0,90,37,2,129,6,112,40,2,160,0,0,0,160
06/30/2013,AKN,AK,AAL,WE,Federal Contract Tower,2,24,10,0,36,0,79,19,0,98,2,103,29,0,134,3,0,3,137
07/01/2013,AKN,AK,AAL,WE,Federal Contract Tower,4,41,6,4,55,0,103,34,0,137,4,144,40,4,192,0,0,0,192
07/02/2013,AKN,AK,AAL,WE,Federal Contract Tower,6,46,15,4,71,0,90,34,0,124,6,136,49,4,195,2,0,2,197
07/03/2013,AKN,AK,AAL,WE,Federal Contract Tower,2,29,3,0,34,0,102,37,0,139,2,131,40,0,173,0,0,0,173
07/04/2013,AKN,AK,AAL,WE,Federal Contract Tower,4,31,7,0,42,0,72,16,0,88,4,103,23,0,130,14,0,14,144
07/05/2013,AKN,AK,AAL,WE,Federal Contract Tower,4,30,5,0,39,0,108,28,0,136,4,138,33,0,175,6,0,6,181
07/06/2013,AKN,AK,AAL,WE,Federal Contract Tower,6,23,7,0,36,0,106,36,0,142,6,129,43,0,178,0,0,0,178
07/07/2013,AKN,AK,AAL,WE,Federal Contract Tower,4,50,8,0,62,0,90,34,0,124,4,140,42,0,186,2,2,4,190
07/08/2013,AKN,AK,AAL,WE,Federal Contract Tower,2,45,5,0,52,0,105,34,0,139,2,150,39,0,191,0,0,0,191
07/09/2013,AKN,AK,AAL,WE,Federal Contract Tower,7,52,10,0,69,0,97,29,0,126,7,149,39,0,195,0,0,0,195
07/10/2013,AKN,AK,AAL,WE,Federal Contract Tower,4,55,7,0,66,0,100,33,0,133,4,155,40,0,199,0,0,0,199
07/11/2013,AKN,AK,AAL,WE,Federal Contract Tower,4,20,6,0,30,0,116,52,2,170,4,136,58,2,200,0,0,0,200
07/12/2013,AKN,AK,AAL,WE,Federal Contract Tower,2,23,5,0,30,0,127,44,2,173,2,150,49,2,203,0,6,6,209
07/13/2013,AKN,AK,AAL,WE,Federal Contract Tower,6,27,1,0,34,0,129,39,0,168,6,156,40,0,202,0,0,0,202
07/14/2013,AKN,AK,AAL,WE,Federal Contract Tower,2,31,2,0,35,0,131,44,0,175,2,162,46,0,210,0,0,0,210
07/15/2013,AKN,AK,AAL,WE,Federal Contract Tower,2,32,2,0,36,0,156,59,2,217,2,188,61,2,253,2,0,2,255
07/16/2013,AKN,AK,AAL,WE,Federal Contract Tower,6,101,19,0,126,0,65,11,0,76,6,166,30,0,202,0,0,0,202
07/17/2013,AKN,AK,AAL,WE,Federal Contract Tower,2,112,18,2,134,0,45,5,0,50,2,157,23,2,184,0,0,0,184
07/18/2013,AKN,AK,AAL,WE,Federal Contract Tower,6,138,15,0,159,0,16,3,0,19,6,154,18,0,178,0,0,0,178
07/19/2013,AKN,AK,AAL,WE,Federal Contract Tower,2,108,22,0,132,0,56,19,0,75,2,164,41,0,207,0,0,0,207
07/20/2013,AKN,AK,AAL,WE,Federal Contract Tower,4,62,9,0,75,0,90,32,0,122,4,152,41,0,197,0,0,0,197
07/21/2013,AKN,AK,AAL,WE,Federal Contract Tower,2,40,6,0,48,0,104,23,0,127,2,144,29,0,175,2,0,2,177
07/22/2013,AKN,AK,AAL,WE,Federal Contract Tower,2,44,1,0,47,0,177,69,4,250,2,221,70,4,297,0,2,2,299
07/23/2013,AKN,AK,AAL,WE,Federal Contract Tower,6,56,15,0,77,0,87,23,0,110,6,143,38,0,187,0,0,0,187
07/24/2013,AKN,AK,AAL,WE,Federal Contract Tower,2,34,4,0,40,0,113,31,0,144,2,147,35,0,184,0,0,0,184
07/25/2013,AKN,AK,AAL,WE,Federal Contract Tower,4,41,5,2,52,0,74,30,0,104,4,115,35,2,156,0,0,0,156
07/26/2013,AKN,AK,AAL,WE,Federal Contract Tower,4,30,5,2,41,0,90,45,0,135,4,120,50,2,176,0,0,0,176
07/27/2013,AKN,AK,AAL,WE,Federal Contract Tower,6,16,0,0,22,0,99,61,0,160,6,115,61,0,182,4,0,4,186
07/28/2013,AKN,AK,AAL,WE,Federal Contract Tower,2,52,14,0,68,0,90,38,0,128,2,142,52,0,196,0,0,0,196
07/29/2013,AKN,AK,AAL,WE,Federal Contract Tower,2,58,12,2,74,0,71,38,0,109,2,129,50,2,183,6,0,6,189
07/30/2013,AKN,AK,AAL,WE,Federal Contract Tower,7,17,2,0,26,0,106,24,2,132,7,123,26,2,158,2,16,18,176
07/31/2013,AKN,AK,AAL,WE,Federal Contract Tower,2,21,1,1,25,0,105,33,1,139,2,126,34,2,164,0,14,14,178
08/01/2013,AKN,AK,AAL,WE,Federal Contract Tower,6,14,2,0,22,0,83,19,0,102,6,97,21,0,124,0,0,0,124
08/02/2013,AKN,AK,AAL,WE,Federal Contract Tower,3,17,6,0,26,0,87,33,0,120,3,104,39,0,146,0,0,0,146
08/03/2013,AKN,AK,AAL,WE,Federal Contract Tower,6,24,1,0,31,0,77,22,0,99,6,101,23,0,130,0,0,0,130
08/04/2013,AKN,AK,AAL,WE,Federal Contract Tower,2,17,8,0,27,0,69,33,0,102,2,86,41,0,129,0,0,0,129
08/05/2013,AKN,AK,AAL,WE,Federal Contract Tower,2,12,0,2,16,0,84,48,0,132,2,96,48,2,148,0,0,0,148
08/06/2013,AKN,AK,AAL,WE,Federal Contract Tower,6,11,1,4,22,0,49,6,0,55,6,60,7,4,77,4,0,4,81
08/07/2013,AKN,AK,AAL,WE,Federal Contract Tower,2,10,5,0,17,0,95,26,0,121,2,105,31,0,138,0,0,0,138
08/08/2013,AKN,AK,AAL,WE,Federal Contract Tower,5,17,6,2,30,0,74,37,0,111,5,91,43,2,141,0,6,6,147
08/09/2013,AKN,AK,AAL,WE,Federal Contract Tower,2,15,10,0,27,0,71,39,0,110,2,86,49,0,137,0,0,0,137
08/10/2013,AKN,AK,AAL,WE,Federal Contract Tower,4,13,2,1,20,0,93,41,1,135,4,106,43,2,155,0,12,12,167
08/11/2013,AKN,AK,AAL,WE,Federal Contract Tower,2,8,1,0,11,0,67,51,0,118,2,75,52,0,129,0,0,0,129
08/12/2013,AKN,AK,AAL,WE,Federal Contract Tower,2,7,0,0,9,2,78,41,2,123,4,85,41,2,132,6,4,10,142
08/13/2013,AKN,AK,AAL,WE,Federal Contract Tower,6,11,2,2,21,0,87,32,1,120,6,98,34,3,141,0,9,9,150
08/14/2013,AKN,AK,AAL,WE,Federal Contract Tower,2,9,4,0,15,0,77,35,0,112,2,86,39,0,127,2,0,2,129
08/15/2013,AKN,AK,AAL,WE,Federal Contract Tower,6,11,0,0,17,0,91,49,0,140,6,102,49,0,157,0,0,0,157
08/16/2013,AKN,AK,AAL,WE,Federal Contract Tower,4,10,7,0,21,0,69,41,0,110,4,79,48,0,131,6,0,6,137
08/17/2013,AKN,AK,AAL,WE,Federal Contract Tower,6,10,5,2,23,0,76,48,0,124,6,86,53,2,147,0,0,0,147
08/18/2013,AKN,AK,AAL,WE,Federal Contract Tower,2,12,5,0,19,0,56,35,0,91,2,68,40,0,110,0,0,0,110
08/19/2013,AKN,AK,AAL,WE,Federal Contract Tower,2,59,10,1,72,0,26,18,0,44,2,85,28,1,116,0,0,0,116
08/20/2013,AKN,AK,AAL,WE,Federal Contract Tower,2,38,8,2,50,0,36,18,0,54,2,74,26,2,104,2,0,2,106
08/21/2013,AKN,AK,AAL,WE,Federal Contract Tower,4,33,7,8,52,0,0,0,0,0,4,33,7,8,52,0,0,0,52
08/22/2013,AKN,AK,AAL,WE,Federal Contract Tower,4,45,3,0,52,0,11,4,1,16,4,56,7,1,68,0,0,0,68
08/23/2013,AKN,AK,AAL,WE,Federal Contract Tower,3,17,12,2,34,1,62,29,1,93,4,79,41,3,127,0,2,2,129
08/24/2013,AKN,AK,AAL,WE,Federal Contract Tower,4,15,1,0,20,0,86,49,0,135,4,101,50,0,155,0,0,0,155
08/25/2013,AKN,AK,AAL,WE,Federal Contract Tower,0,45,12,0,57,0,34,15,0,49,0,79,27,0,106,0,0,0,106
08/26/2013,AKN,AK,AAL,WE,Federal Contract Tower,0,33,16,2,51,0,62,24,0,86,0,95,40,2,137,0,0,0,137
08/27/2013,AKN,AK,AAL,WE,Federal Contract Tower,4,37,4,4,49,0,66,30,0,96,4,103,34,4,145,0,0,0,145
08/28/2013,AKN,AK,AAL,WE,Federal Contract Tower,0,21,0,0,21,0,64,27,0,91,0,85,27,0,112,0,0,0,112
08/29/2013,AKN,AK,AAL,WE,Federal Contract Tower,3,14,3,0,20,0,62,20,0,82,3,76,23,0,102,0,0,0,102
08/30/2013,AKN,AK,AAL,WE,Federal Contract Tower,0,15,4,0,19,0,58,48,0,106,0,73,52,0,125,0,0,0,125
08/31/2013,AKN,AK,AAL,WE,Federal Contract Tower,2,21,0,0,23,0,52,36,0,88,2,73,36,0,111,0,0,0,111
09/01/2013,AKN,AK,AAL,WE,Federal Contract Tower,0,18,0,0,18,0,45,41,2,88,0,63,41,2,106,0,0,0,106
09/02/2013,AKN,AK,AAL,WE,Federal Contract Tower,0,10,3,0,13,0,53,19,0,72,0,63,22,0,85,0,0,0,85
09/03/2013,AKN,AK,AAL,WE,Federal Contract Tower,4,15,1,0,20,0,59,41,0,100,4,74,42,0,120,8,0,8,128
09/04/2013,AKN,AK,AAL,WE,Federal Contract Tower,0,19,0,2,21,0,84,28,0,112,0,103,28,2,133,0,0,0,133
09/05/2013,AKN,AK,AAL,WE,Federal Contract Tower,4,17,2,0,23,0,55,39,0,94,4,72,41,0,117,0,0,0,117
09/06/2013,AKN,AK,AAL,WE,Federal Contract Tower,0,17,6,1,24,0,62,24,5,91,0,79,30,6,115,0,0,0,115
09/07/2013,AKN,AK,AAL,WE,Federal Contract Tower,2,16,2,0,20,0,71,40,0,111,2,87,42,0,131,0,0,0,131
09/08/2013,AKN,AK,AAL,WE,Federal Contract Tower,0,18,0,0,18,0,69,37,0,106,0,87,37,0,124,6,0,6,130
09/09/2013,AKN,AK,AAL,WE,Federal Contract Tower,1,20,3,3,27,2,53,56,0,111,3,73,59,3,138,2,10,12,150
09/10/2013,AKN,AK,AAL,WE,Federal Contract Tower,4,30,10,0,44,0,49,35,0,84,4,79,45,0,128,0,0,0,128
09/11/2013,AKN,AK,AAL,WE,Federal Contract Tower,0,14,1,2,17,0,72,50,0,122,0,86,51,2,139,0,12,12,151
09/12/2013,AKN,AK,AAL,WE,Federal Contract Tower,2,16,0,1,19,0,38,37,1,76,2,54,37,2,95,2,10,12,107
09/13/2013,AKN,AK,AAL,WE,Federal Contract Tower,0,13,6,2,21,0,55,50,0,105,0,68,56,2,126,2,8,10,136
09/14/2013,AKN,AK,AAL,WE,Federal Contract Tower,4,8,1,0,13,0,52,48,0,100,4,60,49,0,113,0,0,0,113
09/15/2013,AKN,AK,AAL,WE,Federal Contract Tower,0,13,1,0,14,0,32,48,0,80,0,45,49,0,94,0,0,0,94
09/16/2013,AKN,AK,AAL,WE,Federal Contract Tower,0,15,1,0,16,61,42,0,0,103,61,57,1,0,119,0,0,0,119
09/17/2013,AKN,AK,AAL,WE,Federal Contract Tower,4,19,0,2,25,0,51,25,1,77,4,70,25,3,102,11,25,36,138
09/18/2013,AKN,AK,AAL,WE,Federal Contract Tower,0,7,2,0,9,0,61,20,0,81,0,68,22,0,90,0,0,0,90
09/19/2013,AKN,AK,AAL,WE,Federal Contract Tower,4,7,0,0,11,0,29,24,0,53,4,36,24,0,64,0,0,0,64
09/20/2013,AKN,AK,AAL,WE,Federal Contract Tower,0,10,3,0,13,0,33,32,0,65,0,43,35,0,78,8,0,8,86
09/21/2013,AKN,AK,AAL,WE,Federal Contract Tower,2,15,0,0,17,0,33,21,0,54,2,48,21,0,71,0,0,0,71
09/22/2013,AKN,AK,AAL,WE,Federal Contract Tower,0,6,2,0,8,0,38,20,0,58,0,44,22,0,66,0,0,0,66
09/23/2013,AKN,AK,AAL,WE,Federal Contract Tower,0,5,0,0,5,0,48,42,0,90,0,53,42,0,95,1,0,1,96
09/24/2013,AKN,AK,AAL,WE,Federal Contract Tower,2,12,0,0,14,0,31,22,0,53,2,43,22,0,67,0,0,0,67
09/25/2013,AKN,AK,AAL,WE,Federal Contract Tower,0,5,1,0,6,0,34,13,0,47,0,39,14,0,53,0,0,0,53
09/26/2013,AKN,AK,AAL,WE,Federal Contract Tower,4,11,3,0,18,0,38,15,0,53,4,49,18,0,71,0,0,0,71
09/27/2013,AKN,AK,AAL,WE,Federal Contract Tower,0,6,4,0,10,0,33,23,0,56,0,39,27,0,66,0,0,0,66
09/28/2013,AKN,AK,AAL,WE,Federal Contract Tower,4,13,0,0,17,0,38,16,0,54,4,51,16,0,71,0,0,0,71
09/29/2013,AKN,AK,AAL,WE,Federal Contract Tower,0,15,6,0,21,0,36,12,0,48,0,51,18,0,69,0,0,0,69
09/30/2013,AKN,AK,AAL,WE,Federal Contract Tower,0,15,0,0,15,0,51,37,0,88,0,66,37,0,103,0,0,0,103
10/01/2013,AKN,AK,AAL,WE,Federal Contract Tower,4,7,4,0,15,0,36,19,0,55,4,43,23,0,70,18,0,18,88
10/02/2013,AKN,AK,AAL,WE,Federal Contract Tower,2,18,1,0,21,0,25,8,0,33,2,43,9,0,54,0,0,0,54
10/03/2013,AKN,AK,AAL,WE,Federal Contract Tower,2,5,0,0,7,0,20,15,0,35,2,25,15,0,42,2,0,2,44
10/04/2013,AKN,AK,AAL,WE,Federal Contract Tower,0,4,1,1,6,0,21,15,1,37,0,25,16,2,43,0,6,6,49
10/05/2013,AKN,AK,AAL,WE,Federal Contract Tower,2,13,0,0,15,0,19,5,0,24,2,32,5,0,39,0,0,0,39
10/06/2013,AKN,AK,AAL,WE,Federal Contract Tower,0,12,5,0,17,0,31,5,0,36,0,43,10,0,53,0,0,0,53
10/07/2013,AKN,AK,AAL,WE,Federal Contract Tower,2,17,0,0,19,0,22,7,0,29,2,39,7,0,48,0,0,0,48
10/08/2013,AKN,AK,AAL,WE,Federal Contract Tower,2,15,0,0,17,0,19,6,0,25,2,34,6,0,42,0,0,0,42
10/09/2013,AKN,AK,AAL,WE,Federal Contract Tower,4,8,0,0,12,6,35,10,0,51,10,43,10,0,63,2,0,2,65
10/10/2013,AKN,AK,AAL,WE,Federal Contract Tower,2,19,0,0,21,0,19,4,0,23,2,38,4,0,44,0,0,0,44
10/11/2013,AKN,AK,AAL,WE,Federal Contract Tower,3,3,3,0,9,1,43,28,0,72,4,46,31,0,81,0,0,0,81
10/12/2013,AKN,AK,AAL,WE,Federal Contract Tower,2,13,4,0,19,1,29,8,0,38,3,42,12,0,57,0,0,0,57
10/13/2013,AKN,AK,AAL,WE,Federal Contract Tower,0,6,1,0,7,0,22,6,0,28,0,28,7,0,35,0,0,0,35
10/14/2013,AKN,AK,AAL,WE,Federal Contract Tower,2,14,7,0,23,0,20,14,0,34,2,34,21,0,57,2,0,2,59
10/15/2013,AKN,AK,AAL,WE,Federal Contract Tower,0,9,0,0,9,0,17,2,2,21,0,26,2,2,30,0,0,0,30
10/16/2013,AKN,AK,AAL,WE,Federal Contract Tower,2,7,1,0,10,1,19,7,0,27,3,26,8,0,37,0,0,0,37
10/17/2013,AKN,AK,AAL,WE,Federal Contract Tower,2,10,0,0,12,0,14,9,0,23,2,24,9,0,35,0,0,0,35
10/18/2013,AKN,AK,AAL,WE,Federal Contract Tower,0,11,1,0,12,0,6,0,0,6,0,17,1,0,18,0,0,0,18
10/19/2013,AKN,AK,AAL,WE,Federal Contract Tower,4,9,0,0,13,0,37,3,0,40,4,46,3,0,53,0,0,0,53
10/20/2013,AKN,AK,AAL,WE,Federal Contract Tower,0,4,0,0,4,0,26,14,0,40,0,30,14,0,44,4,0,4,48
10/21/2013,AKN,AK,AAL,WE,Federal Contract Tower,2,10,1,0,13,0,31,20,0,51,2,41,21,0,64,0,0,0,64
10/22/2013,AKN,AK,AAL,WE,Federal Contract Tower,1,6,1,0,8,0,46,16,0,62,1,52,17,0,70,10,0,10,80
10/23/2013,AKN,AK,AAL,WE,Federal Contract Tower,2,6,0,0,8,0,21,20,2,43,2,27,20,2,51,16,8,24,75
10/24/2013,AKN,AK,AAL,WE,Federal Contract Tower,0,8,0,0,8,0,2,0,0,2,0,10,0,0,10,0,0,0,10
10/25/2013,AKN,AK,AAL,WE,Federal Contract Tower,5,16,0,0,21,0,22,17,0,39,5,38,17,0,60,0,0,0,60
10/26/2013,AKN,AK,AAL,WE,Federal Contract Tower,0,7,0,0,7,0,23,6,0,29,0,30,6,0,36,0,0,0,36
10/27/2013,AKN,AK,AAL,WE,Federal Contract Tower,0,4,0,0,4,0,11,6,0,17,0,15,6,0,21,0,0,0,21
10/28/2013,AKN,AK,AAL,WE,Federal Contract Tower,0,6,2,1,9,0,12,6,0,18,0,18,8,1,27,6,10,16,43
10/29/2013,AKN,AK,AAL,WE,Federal Contract Tower,2,6,0,1,9,0,15,10,1,26,2,21,10,2,35,0,8,8,43
10/30/2013,AKN,AK,AAL,WE,Federal Contract Tower,2,10,1,0,13,0,11,6,0,17,2,21,7,0,30,0,0,0,30
10/31/2013,AKN,AK,AAL,WE,Federal Contract Tower,2,10,0,0,12,0,10,3,0,13,2,20,3,0,25,0,0,0,25
11/01/2013,AKN,AK,AAL,WE,Federal Contract Tower,1,7,2,1,11,1,20,4,0,25,2,27,6,1,36,0,4,4,40
11/02/2013,AKN,AK,AAL,WE,Federal Contract Tower,2,14,0,2,18,0,15,1,0,16,2,29,1,2,34,0,0,0,34
11/03/2013,AKN,AK,AAL,WE,Federal Contract Tower,1,5,2,0,8,0,10,7,0,17,1,15,9,0,25,0,0,0,25
11/04/2013,AKN,AK,AAL,WE,Federal Contract Tower,0,7,0,2,9,0,8,1,0,9,0,15,1,2,18,0,4,4,22
11/05/2013,AKN,AK,AAL,WE,Federal Contract Tower,2,6,0,0,8,0,17,2,0,19,2,23,2,0,27,0,0,0,27
11/06/2013,AKN,AK,AAL,WE,Federal Contract Tower,2,5,2,0,9,0,12,3,0,15,2,17,5,0,24,0,0,0,24
11/07/2013,AKN,AK,AAL,WE,Federal Contract Tower,3,8,3,0,14,0,8,3,0,11,3,16,6,0,25,0,0,0,25
11/08/2013,AKN,AK,AAL,WE,Federal Contract Tower,2,11,0,0,13,0,14,1,0,15,2,25,1,0,28,0,0,0,28
11/09/2013,AKN,AK,AAL,WE,Federal Contract Tower,3,8,0,0,11,0,9,1,0,10,3,17,1,0,21,0,0,0,21
11/10/2013,AKN,AK,AAL,WE,Federal Contract Tower,0,9,0,0,9,0,12,3,0,15,0,21,3,0,24,4,0,4,28
11/11/2013,AKN,AK,AAL,WE,Federal Contract Tower,0,6,0,0,6,0,15,11,2,28,0,21,11,2,34,8,12,20,54
11/12/2013,AKN,AK,AAL,WE,Federal Contract Tower,0,8,0,0,8,0,4,2,0,6,0,12,2,0,14,0,0,0,14
11/13/2013,AKN,AK,AAL,WE,Federal Contract Tower,0,14,0,0,14,0,0,0,0,0,0,14,0,0,14,0,0,0,14
11/14/2013,AKN,AK,AAL,WE,Federal Contract Tower,2,5,0,0,7,0,18,1,0,19,2,23,1,0,26,0,0,0,26
11/15/2013,AKN,AK,AAL,WE,Federal Contract Tower,0,18,0,0,18,0,9,0,0,9,0,27,0,0,27,0,0,0,27
11/16/2013,AKN,AK,AAL,WE,Federal Contract Tower,5,5,0,0,10,0,18,6,4,28,5,23,6,4,38,0,6,6,44
11/17/2013,AKN,AK,AAL,WE,Federal Contract Tower,0,4,0,1,5,0,2,6,0,8,0,6,6,1,13,0,3,3,16
11/18/2013,AKN,AK,AAL,WE,Federal Contract Tower,0,5,0,0,5,0,13,2,0,15,0,18,2,0,20,0,0,0,20
11/19/2013,AKN,AK,AAL,WE,Federal Contract Tower,5,0,0,0,5,0,24,8,0,32,5,24,8,0,37,0,0,0,37
11/20/2013,AKN,AK,AAL,WE,Federal Contract Tower,4,11,0,0,15,0,13,3,0,16,4,24,3,0,31,0,0,0,31
11/21/2013,AKN,AK,AAL,WE,Federal Contract Tower,0,3,4,0,7,0,0,0,0,0,0,3,4,0,7,0,0,0,7
11/22/2013,AKN,AK,AAL,WE,Federal Contract Tower,0,6,0,0,6,0,14,0,0,14,0,20,0,0,20,0,0,0,20
11/23/2013,AKN,AK,AAL,WE,Federal Contract Tower,0,6,0,0,6,0,9,0,0,9,0,15,0,0,15,0,0,0,15
11/24/2013,AKN,AK,AAL,WE,Federal Contract Tower,0,8,0,0,8,0,6,5,0,11,0,14,5,0,19,0,0,0,19
11/25/2013,AKN,AK,AAL,WE,Federal Contract Tower,0,2,6,0,8,0,12,13,0,25,0,14,19,0,33,0,0,0,33
11/26/2013,AKN,AK,AAL,WE,Federal Contract Tower,0,8,2,2,12,0,8,11,0,19,0,16,13,2,31,0,0,0,31
11/27/2013,AKN,AK,AAL,WE,Federal Contract Tower,2,6,0,0,8,0,9,11,0,20,2,15,11,0,28,0,0,0,28
11/28/2013,AKN,AK,AAL,WE,Federal Contract Tower,0,0,0,0,0,0,0,3,0,3,0,0,3,0,3,6,0,6,9
11/29/2013,AKN,AK,AAL,WE,Federal Contract Tower,2,5,0,0,7,0,13,4,0,17,2,18,4,0,24,6,0,6,30
11/30/2013,AKN,AK,AAL,WE,Federal Contract Tower,2,4,0,0,6,0,6,2,0,8,2,10,2,0,14,0,0,0,14
12/01/2013,AKN,AK,AAL,WE,Federal Contract Tower,0,3,0,0,3,0,19,4,0,23,0,22,4,0,26,0,0,0,26
12/02/2013,AKN,AK,AAL,WE,Federal Contract Tower,0,7,0,0,7,0,9,2,0,11,0,16,2,0,18,0,0,0,18
12/03/2013,AKN,AK,AAL,WE,Federal Contract Tower,2,8,0,0,10,0,8,5,0,13,2,16,5,0,23,0,0,0,23
12/04/2013,AKN,AK,AAL,WE,Federal Contract Tower,2,10,0,0,12,0,15,2,0,17,2,25,2,0,29,0,0,0,29
12/05/2013,AKN,AK,AAL,WE,Federal Contract Tower,2,4,0,0,6,0,15,8,0,23,2,19,8,0,29,0,0,0,29
12/06/2013,AKN,AK,AAL,WE,Federal Contract Tower,0,13,0,0,13,0,14,5,0,19,0,27,5,0,32,2,0,2,34
12/07/2013,AKN,AK,AAL,WE,Federal Contract Tower,0,7,0,0,7,0,11,1,0,12,0,18,1,0,19,0,0,0,19
12/08/2013,AKN,AK,AAL,WE,Federal Contract Tower,0,3,0,0,3,0,15,0,0,15,0,18,0,0,18,0,0,0,18
12/09/2013,AKN,AK,AAL,WE,Federal Contract Tower,2,6,0,0,8,0,9,3,0,12,2,15,3,0,20,0,0,0,20
12/10/2013,AKN,AK,AAL,WE,Federal Contract Tower,2,6,0,0,8,0,15,1,0,16,2,21,1,0,24,0,0,0,24
12/11/2013,AKN,AK,AAL,WE,Federal Contract Tower,2,7,0,0,9,0,11,5,0,16,2,18,5,0,25,0,0,0,25
12/12/2013,AKN,AK,AAL,WE,Federal Contract Tower,1,4,1,0,6,0,8,2,2,12,1,12,3,2,18,0,24,24,42
12/13/2013,AKN,AK,AAL,WE,Federal Contract Tower,0,10,0,2,12,0,12,0,0,12,0,22,0,2,24,0,16,16,40
12/14/2013,AKN,AK,AAL,WE,Federal Contract Tower,0,9,0,1,10,0,9,0,1,10,0,18,0,2,20,0,0,0,20
12/15/2013,AKN,AK,AAL,WE,Federal Contract Tower,0,5,0,0,5,0,7,4,0,11,0,12,4,0,16,0,0,0,16
12/16/2013,AKN,AK,AAL,WE,Federal Contract Tower,2,6,0,3,11,0,16,4,2,22,2,22,4,5,33,0,6,6,39
12/17/2013,AKN,AK,AAL,WE,Federal Contract Tower,4,3,0,0,7,0,22,6,0,28,4,25,6,0,35,6,0,6,41
12/18/2013,AKN,AK,AAL,WE,Federal Contract Tower,2,7,2,2,13,0,4,0,0,4,2,11,2,2,17,0,0,0,17
12/19/2013,AKN,AK,AAL,WE,Federal Contract Tower,0,2,0,0,2,0,2,2,0,4,0,4,2,0,6,0,0,0,6
12/20/2013,AKN,AK,AAL,WE,Federal Contract Tower,0,8,0,1,9,0,13,4,1,18,0,21,4,2,27,0,4,4,31
12/21/2013,AKN,AK,AAL,WE,Federal Contract Tower,0,8,0,0,8,0,6,2,0,8,0,14,2,0,16,0,0,0,16
12/22/2013,AKN,AK,AAL,WE,Federal Contract Tower,0,4,0,0,4,0,9,3,0,12,0,13,3,0,16,0,0,0,16
12/23/2013,AKN,AK,AAL,WE,Federal Contract Tower,0,7,0,0,7,0,15,6,0,21,0,22,6,0,28,4,0,4,32
12/24/2013,AKN,AK,AAL,WE,Federal Contract Tower,0,4,2,0,6,0,4,1,0,5,0,8,3,0,11,0,0,0,11
12/25/2013,AKN,AK,AAL,WE,Federal Contract Tower,0,0,0,0,0,0,0,1,0,1,0,0,1,0,1,0,0,0,1
12/26/2013,AKN,AK,AAL,WE,Federal Contract Tower,2,5,0,1,8,0,10,1,1,12,2,15,1,2,20,0,6,6,26
12/27/2013,AKN,AK,AAL,WE,Federal Contract Tower,2,19,0,0,21,0,5,3,0,8,2,24,3,0,29,0,0,0,29
12/28/2013,AKN,AK,AAL,WE,Federal Contract Tower,0,7,0,2,9,0,10,0,0,10,0,17,0,2,19,0,12,12,31
12/29/2013,AKN,AK,AAL,WE,Federal Contract Tower,0,11,1,0,12,0,4,2,0,6,0,15,3,0,18,0,0,0,18
12/30/2013,AKN,AK,AAL,WE,Federal Contract Tower,2,7,2,0,11,0,13,2,0,15,2,20,4,0,26,0,0,0,26
12/31/2013,AKN,AK,AAL,WE,Federal Contract Tower,0,12,2,0,14,0,7,0,0,7,0,19,2,0,21,0,0,0,21
01/01/2014,AKN,AK,AAL,WE,Federal Contract Tower,0,0,1,0,1,0,0,0,0,0,0,0,1,0,1,0,0,0,1
01/02/2014,AKN,AK,AAL,WE,Federal Contract Tower,2,5,0,0,7,0,10,4,0,14,2,15,4,0,21,2,0,2,23
01/03/2014,AKN,AK,AAL,WE,Federal Contract Tower,2,7,0,0,9,0,11,6,0,17,2,18,6,0,26,0,0,0,26
01/04/2014,AKN,AK,AAL,WE,Federal Contract Tower,2,14,0,0,16,0,7,0,0,7,2,21,0,0,23,0,0,0,23
01/05/2014,AKN,AK,AAL,WE,Federal Contract Tower,0,5,0,0,5,0,9,0,0,9,0,14,0,0,14,0,0,0,14
01/06/2014,AKN,AK,AAL,WE,Federal Contract Tower,0,11,0,0,11,0,9,2,0,11,0,20,2,0,22,0,0,0,22
01/07/2014,AKN,AK,AAL,WE,Federal Contract Tower,0,10,0,0,10,0,18,5,2,25,0,28,5,2,35,4,12,16,51
01/08/2014,AKN,AK,AAL,WE,Federal Contract Tower,2,6,1,0,9,0,0,0,0,0,2,6,1,0,9,0,0,0,9
01/09/2014,AKN,AK,AAL,WE,Federal Contract Tower,0,2,0,4,6,0,0,0,0,0,0,2,0,4,6,0,0,0,6
01/10/2014,AKN,AK,AAL,WE,Federal Contract Tower,4,18,1,0,23,0,15,3,0,18,4,33,4,0,41,8,0,8,49
01/11/2014,AKN,AK,AAL,WE,Federal Contract Tower,0,15,0,0,15,0,11,4,0,15,0,26,4,0,30,0,0,0,30
01/12/2014,AKN,AK,AAL,WE,Federal Contract Tower,2,12,1,0,15,0,1,1,0,2,2,13,2,0,17,0,0,0,17
01/13/2014,AKN,AK,AAL,WE,Federal Contract Tower,0,18,0,2,20,0,19,2,0,21,0,37,2,2,41,0,4,4,45
01/14/2014,AKN,AK,AAL,WE,Federal Contract Tower,0,8,0,0,8,0,18,0,0,18,0,26,0,0,26,0,0,0,26
01/15/2014,AKN,AK,AAL,WE,Federal Contract Tower,0,17,0,0,17,0,8,0,0,8,0,25,0,0,25,0,0,0,25
01/16/2014,AKN,AK,AAL,WE,Federal Contract Tower,4,12,0,1,17,0,19,5,1,25,4,31,5,2,42,6,4,10,52
01/17/2014,AKN,AK,AAL,WE,Federal Contract Tower,0,9,0,0,9,0,7,0,0,7,0,16,0,0,16,0,0,0,16
01/18/2014,AKN,AK,AAL,WE,Federal Contract Tower,0,16,0,0,16,0,13,0,0,13,0,29,0,0,29,2,0,2,31
01/19/2014,AKN,AK,AAL,WE,Federal Contract Tower,0,7,0,0,7,0,4,0,0,4,0,11,0,0,11,0,0,0,11
01/20/2014,AKN,AK,AAL,WE,Federal Contract Tower,0,8,0,0,8,0,9,0,0,9,0,17,0,0,17,0,0,0,17
01/21/2014,AKN,AK,AAL,WE,Federal Contract Tower,0,18,0,0,18,0,21,1,0,22,0,39,1,0,40,0,0,0,40
01/22/2014,AKN,AK,AAL,WE,Federal Contract Tower,4,8,0,0,12,0,25,3,0,28,4,33,3,0,40,0,0,0,40
01/23/2014,AKN,AK,AAL,WE,Federal Contract Tower,0,9,1,0,10,0,19,4,0,23,0,28,5,0,33,6,0,6,39
01/24/2014,AKN,AK,AAL,WE,Federal Contract Tower,2,11,1,0,14,0,20,6,2,28,2,31,7,2,42,0,4,4,46
01/25/2014,AKN,AK,AAL,WE,Federal Contract Tower,0,5,0,0,5,0,5,0,0,5,0,10,0,0,10,0,0,0,10
01/26/2014,AKN,AK,AAL,WE,Federal Contract Tower,0,14,0,0,14,0,41,0,0,41,0,55,0,0,55,4,0,4,59
01/27/2014,AKN,AK,AAL,WE,Federal Contract Tower,2,10,0,0,12,0,15,1,0,16,2,25,1,0,28,0,0,0,28
01/28/2014,AKN,AK,AAL,WE,Federal Contract Tower,2,11,0,0,13,0,15,2,0,17,2,26,2,0,30,0,0,0,30
01/29/2014,AKN,AK,AAL,WE,Federal Contract Tower,2,9,3,2,16,0,14,4,0,18,2,23,7,2,34,4,8,12,46
01/30/2014,AKN,AK,AAL,WE,Federal Contract Tower,4,7,0,0,11,0,11,5,0,16,4,18,5,0,27,8,0,8,35
01/31/2014,AKN,AK,AAL,WE,Federal Contract Tower,2,11,0,0,13,0,14,5,0,19,2,25,5,0,32,4,0,4,36
02/01/2014,AKN,AK,AAL,WE,Federal Contract Tower,0,13,0,0,13,0,0,0,0,0,0,13,0,0,13,0,0,0,13
02/02/2014,AKN,AK,AAL,WE,Federal Contract Tower,0,16,0,0,16,0,3,0,0,3,0,19,0,0,19,0,0,0,19
02/03/2014,AKN,AK,AAL,WE,Federal Contract Tower,4,10,0,0,14,0,11,0,0,11,4,21,0,0,25,0,0,0,25
02/04/2014,AKN,AK,AAL,WE,Federal Contract Tower,0,12,0,2,14,0,13,0,0,13,0,25,0,2,27,0,16,16,43
02/05/2014,AKN,AK,AAL,WE,Federal Contract Tower,2,9,0,0,11,0,16,4,4,24,2,25,4,4,35,0,4,4,39
02/06/2014,AKN,AK,AAL,WE,Federal Contract Tower,2,7,0,0,9,0,17,2,0,19,2,24,2,0,28,0,0,0,28
02/07/2014,AKN,AK,AAL,WE,Federal Contract Tower,0,8,0,0,8,0,7,0,0,7,0,15,0,0,15,0,0,0,15
02/08/2014,AKN,AK,AAL,WE,Federal Contract Tower,2,2,0,0,4,0,9,1,0,10,2,11,1,0,14,6,0,6,20
02/09/2014,AKN,AK,AAL,WE,Federal Contract Tower,0,6,0,0,6,0,13,2,0,15,0,19,2,0,21,0,0,0,21
02/10/2014,AKN,AK,AAL,WE,Federal Contract Tower,2,6,0,0,8,0,13,2,2,17,2,19,2,2,25,0,0,0,25
02/11/2014,AKN,AK,AAL,WE,Federal Contract Tower,2,10,0,0,12,0,14,1,0,15,2,24,1,0,27,8,0,8,35
02/12/2014,AKN,AK,AAL,WE,Federal Contract Tower,2,7,0,0,9,0,16,4,2,22,2,23,4,2,31,0,8,8,39
02/13/2014,AKN,AK,AAL,WE,Federal Contract Tower,2,5,0,0,7,0,18,1,0,19,2,23,1,0,26,0,0,0,26
02/14/2014,AKN,AK,AAL,WE,Federal Contract Tower,2,3,2,0,7,0,23,5,0,28,2,26,7,0,35,2,0,2,37
02/15/2014,AKN,AK,AAL,WE,Federal Contract Tower,0,4,0,1,5,0,15,2,1,18,0,19,2,2,23,14,8,22,45
02/16/2014,AKN,AK,AAL,WE,Federal Contract Tower,0,4,0,0,4,0,18,5,0,23,0,22,5,0,27,2,0,2,29
02/17/2014,AKN,AK,AAL,WE,Federal Contract Tower,2,8,0,0,10,0,15,5,0,20,2,23,5,0,30,0,0,0,30
02/18/2014,AKN,AK,AAL,WE,Federal Contract Tower,2,5,0,1,8,0,12,4,1,17,2,17,4,2,25,0,2,2,27
02/19/2014,AKN,AK,AAL,WE,Federal Contract Tower,2,12,0,3,17,0,7,3,0,10,2,19,3,3,27,1,0,1,28
02/20/2014,AKN,AK,AAL,WE,Federal Contract Tower,0,7,0,1,8,1,12,2,1,16,1,19,2,2,24,0,8,8,32
02/21/2014,AKN,AK,AAL,WE,Federal Contract Tower,2,16,0,0,18,0,4,2,0,6,2,20,2,0,24,0,0,0,24
02/22/2014,AKN,AK,AAL,WE,Federal Contract Tower,0,5,0,0,5,0,1,0,0,1,0,6,0,0,6,0,0,0,6
02/23/2014,AKN,AK,AAL,WE,Federal Contract Tower,0,4,0,0,4,0,0,0,0,0,0,4,0,0,4,0,0,0,4
02/24/2014,AKN,AK,AAL,WE,Federal Contract Tower,4,7,0,0,11,0,15,2,0,17,4,22,2,0,28,0,0,0,28
02/25/2014,AKN,AK,AAL,WE,Federal Contract Tower,0,6,0,0,6,0,20,1,0,21,0,26,1,0,27,2,0,2,29
02/26/2014,AKN,AK,AAL,WE,Federal Contract Tower,4,10,0,0,14,0,1,0,0,1,4,11,0,0,15,0,0,0,15
02/27/2014,AKN,AK,AAL,WE,Federal Contract Tower,0,2,0,0,2,0,14,5,0,19,0,16,5,0,21,0,0,0,21
02/28/2014,AKN,AK,AAL,WE,Federal Contract Tower,2,9,0,0,11,0,8,6,0,14,2,17,6,0,25,0,0,0,25
03/01/2014,AKN,AK,AAL,WE,Federal Contract Tower,2,3,0,0,5,0,10,16,0,26,2,13,16,0,31,0,0,0,31
03/02/2014,AKN,AK,AAL,WE,Federal Contract Tower,0,4,0,0,4,0,7,3,0,10,0,11,3,0,14,0,0,0,14
03/03/2014,AKN,AK,AAL,WE,Federal Contract Tower,2,5,0,0,7,0,16,2,0,18,2,21,2,0,25,6,0,6,31
03/04/2014,AKN,AK,AAL,WE,Federal Contract Tower,0,11,1,2,14,0,5,1,0,6,0,16,2,2,20,0,0,0,20
03/05/2014,AKN,AK,AAL,WE,Federal Contract Tower,2,5,0,0,7,0,26,2,0,28,2,31,2,0,35,0,0,0,35
03/06/2014,AKN,AK,AAL,WE,Federal Contract Tower,2,11,0,0,13,0,11,6,0,17,2,22,6,0,30,0,0,0,30
03/07/2014,AKN,AK,AAL,WE,Federal Contract Tower,2,6,0,0,8,0,14,8,0,22,2,20,8,0,30,6,0,6,36
03/08/2014,AKN,AK,AAL,WE,Federal Contract Tower,2,2,0,0,4,0,17,4,0,21,2,19,4,0,25,0,0,0,25
03/09/2014,AKN,AK,AAL,WE,Federal Contract Tower,0,4,0,0,4,0,12,0,0,12,0,16,0,0,16,0,0,0,16
03/10/2014,AKN,AK,AAL,WE,Federal Contract Tower,0,10,0,0,10,0,10,2,0,12,0,20,2,0,22,0,0,0,22
03/11/2014,AKN,AK,AAL,WE,Federal Contract Tower,2,13,0,0,15,0,4,0,0,4,2,17,0,0,19,0,0,0,19
03/12/2014,AKN,AK,AAL,WE,Federal Contract Tower,2,8,2,2,14,0,10,3,0,13,2,18,5,2,27,0,8,8,35
03/13/2014,AKN,AK,AAL,WE,Federal Contract Tower,2,11,0,0,13,0,10,0,0,10,2,21,0,0,23,0,0,0,23
03/14/2014,AKN,AK,AAL,WE,Federal Contract Tower,2,9,1,0,12,0,7,0,0,7,2,16,1,0,19,0,0,0,19
03/15/2014,AKN,AK,AAL,WE,Federal Contract Tower,0,2,0,0,2,0,15,1,0,16,0,17,1,0,18,0,0,0,18
03/16/2014,AKN,AK,AAL,WE,Federal Contract Tower,0,4,0,0,4,0,8,0,0,8,0,12,0,0,12,0,0,0,12
03/17/2014,AKN,AK,AAL,WE,Federal Contract Tower,0,13,3,2,18,0,6,4,0,10,0,19,7,2,28,5,0,5,33
03/18/2014,AKN,AK,AAL,WE,Federal Contract Tower,1,8,0,2,11,0,17,0,0,17,1,25,0,2,28,0,0,0,28
03/19/2014,AKN,AK,AAL,WE,Federal Contract Tower,2,4,0,0,6,0,14,6,1,21,2,18,6,1,27,0,3,3,30
03/20/2014,AKN,AK,AAL,WE,Federal Contract Tower,0,4,0,2,6,0,12,6,0,18,0,16,6,2,24,0,10,10,34
03/21/2014,AKN,AK,AAL,WE,Federal Contract Tower,4,4,0,0,8,0,15,2,0,17,4,19,2,0,25,0,0,0,25
03/22/2014,AKN,AK,AAL,WE,Federal Contract Tower,4,3,0,0,7,0,0,0,0,0,4,3,0,0,7,0,0,0,7
03/23/2014,AKN,AK,AAL,WE,Federal Contract Tower,0,4,0,0,4,0,11,5,0,16,0,15,5,0,20,0,0,0,20
03/24/2014,AKN,AK,AAL,WE,Federal Contract Tower,2,6,0,1,9,0,15,5,1,21,2,21,5,2,30,0,12,12,42
03/25/2014,AKN,AK,AAL,WE,Federal Contract Tower,0,4,0,0,4,0,17,0,0,17,0,21,0,0,21,9,0,9,30
03/26/2014,AKN,AK,AAL,WE,Federal Contract Tower,4,6,0,0,10,0,15,2,0,17,4,21,2,0,27,4,0,4,31
03/27/2014,AKN,AK,AAL,WE,Federal Contract Tower,2,4,0,0,6,0,18,3,0,21,2,22,3,0,27,0,0,0,27
03/28/2014,AKN,AK,AAL,WE,Federal Contract Tower,2,5,0,0,7,0,15,4,2,21,2,20,4,2,28,12,8,20,48
03/29/2014,AKN,AK,AAL,WE,Federal Contract Tower,2,3,0,0,5,0,12,3,0,15,2,15,3,0,20,0,0,0,20
03/30/2014,AKN,AK,AAL,WE,Federal Contract Tower,0,7,1,0,8,0,6,4,0,10,0,13,5,0,18,6,0,6,24
03/31/2014,AKN,AK,AAL,WE,Federal Contract Tower,2,4,0,2,8,0,16,3,2,21,2,20,3,4,29,0,2,2,31
04/01/2014,AKN,AK,AAL,WE,Federal Contract Tower,2,7,2,0,11,0,16,2,0,18,2,23,4,0,29,5,0,5,34
04/02/2014,AKN,AK,AAL,WE,Federal Contract Tower,2,15,1,1,19,0,16,6,1,23,2,31,7,2,42,0,11,11,53
04/03/2014,AKN,AK,AAL,WE,Federal Contract Tower,2,6,0,0,8,0,16,7,0,23,2,22,7,0,31,0,0,0,31
04/04/2014,AKN,AK,AAL,WE,Federal Contract Tower,2,9,0,0,11,0,25,9,0,34,2,34,9,0,45,6,0,6,51
04/05/2014,AKN,AK,AAL,WE,Federal Contract Tower,0,6,0,0,6,0,10,7,0,17,0,16,7,0,23,6,0,6,29
04/06/2014,AKN,AK,AAL,WE,Federal Contract Tower,0,5,0,0,5,0,9,0,0,9,0,14,0,0,14,8,0,8,22
04/07/2014,AKN,AK,AAL,WE,Federal Contract Tower,4,6,0,0,10,0,18,4,5,27,4,24,4,5,37,0,10,10,47
04/08/2014,AKN,AK,AAL,WE,Federal Contract Tower,2,5,0,0,7,0,19,8,3,30,2,24,8,3,37,0,8,8,45
04/09/2014,AKN,AK,AAL,WE,Federal Contract Tower,2,8,0,0,10,0,24,2,0,26,2,32,2,0,36,0,0,0,36
04/10/2014,AKN,AK,AAL,WE,Federal Contract Tower,2,4,0,0,6,0,13,9,2,24,2,17,9,2,30,6,10,16,46
04/11/2014,AKN,AK,AAL,WE,Federal Contract Tower,2,8,0,0,10,0,14,2,0,16,2,22,2,0,26,0,0,0,26
04/12/2014,AKN,AK,AAL,WE,Federal Contract Tower,2,10,0,0,12,0,10,1,0,11,2,20,1,0,23,0,0,0,23
04/13/2014,AKN,AK,AAL,WE,Federal Contract Tower,0,4,0,0,4,0,10,2,0,12,0,14,2,0,16,0,0,0,16
04/14/2014,AKN,AK,AAL,WE,Federal Contract Tower,2,6,1,0,9,0,30,6,0,36,2,36,7,0,45,0,0,0,45
04/15/2014,AKN,AK,AAL,WE,Federal Contract Tower,2,11,2,0,15,0,20,9,4,33,2,31,11,4,48,0,18,18,66
04/16/2014,AKN,AK,AAL,WE,Federal Contract Tower,4,5,0,1,10,0,22,13,4,39,4,27,13,5,49,6,12,18,67
04/17/2014,AKN,AK,AAL,WE,Federal Contract Tower,2,9,2,0,13,0,15,7,0,22,2,24,9,0,35,8,0,8,43
04/18/2014,AKN,AK,AAL,WE,Federal Contract Tower,2,13,2,0,17,0,22,2,0,24,2,35,4,0,41,0,0,0,41
04/19/2014,AKN,AK,AAL,WE,Federal Contract Tower,2,6,0,0,8,0,14,2,0,16,2,20,2,0,24,6,0,6,30
04/20/2014,AKN,AK,AAL,WE,Federal Contract Tower,0,4,0,0,4,0,10,2,0,12,0,14,2,0,16,0,0,0,16
04/21/2014,AKN,AK,AAL,WE,Federal Contract Tower,2,10,0,0,12,0,16,4,0,20,2,26,4,0,32,0,0,0,32
04/22/2014,AKN,AK,AAL,WE,Federal Contract Tower,2,6,0,0,8,0,24,2,0,26,2,30,2,0,34,0,0,0,34
04/23/2014,AKN,AK,AAL,WE,Federal Contract Tower,2,10,2,0,14,0,22,26,0,48,2,32,28,0,62,0,0,0,62
04/24/2014,AKN,AK,AAL,WE,Federal Contract Tower,2,8,2,0,12,0,12,19,1,32,2,20,21,1,44,0,0,0,44
04/25/2014,AKN,AK,AAL,WE,Federal Contract Tower,2,12,0,0,14,0,18,2,0,20,2,30,2,0,34,0,0,0,34
04/26/2014,AKN,AK,AAL,WE,Federal Contract Tower,2,9,0,0,11,0,16,2,0,18,2,25,2,0,29,0,0,0,29
04/27/2014,AKN,AK,AAL,WE,Federal Contract Tower,0,17,0,0,17,0,18,5,0,23,0,35,5,0,40,0,0,0,40
04/28/2014,AKN,AK,AAL,WE,Federal Contract Tower,2,16,1,4,23,0,28,15,0,43,2,44,16,4,66,0,0,0,66
04/29/2014,AKN,AK,AAL,WE,Federal Contract Tower,2,25,0,0,27,0,17,13,1,31,2,42,13,1,58,8,16,24,82
04/30/2014,AKN,AK,AAL,WE,Federal Contract Tower,2,8,0,0,10,0,22,19,0,41,2,30,19,0,51,17,0,17,68
05/01/2014,AKN,AK,AAL,WE,Federal Contract Tower,2,13,0,0,15,0,31,10,0,41,2,44,10,0,56,10,0,10,66
05/02/2014,AKN,AK,AAL,WE,Federal Contract Tower,2,16,2,0,20,0,23,15,0,38,2,39,17,0,58,8,0,8,66
05/03/2014,AKN,AK,AAL,WE,Federal Contract Tower,2,20,2,0,24,0,10,9,0,19,2,30,11,0,43,0,0,0,43
05/04/2014,AKN,AK,AAL,WE,Federal Contract Tower,0,11,1,0,12,0,13,9,0,22,0,24,10,0,34,0,0,0,34
05/05/2014,AKN,AK,AAL,WE,Federal Contract Tower,2,17,0,0,19,0,18,5,0,23,2,35,5,0,42,10,0,10,52
05/06/2014,AKN,AK,AAL,WE,Federal Contract Tower,2,16,2,0,20,0,23,8,0,31,2,39,10,0,51,0,0,0,51
05/07/2014,AKN,AK,AAL,WE,Federal Contract Tower,2,20,0,0,22,0,25,3,0,28,2,45,3,0,50,4,0,4,54
05/08/2014,AKN,AK,AAL,WE,Federal Contract Tower,2,11,2,0,15,0,65,32,0,97,2,76,34,0,112,0,0,0,112
05/09/2014,AKN,AK,AAL,WE,Federal Contract Tower,2,24,5,0,31,0,36,25,0,61,2,60,30,0,92,8,0,8,100
05/10/2014,AKN,AK,AAL,WE,Federal Contract Tower,2,7,0,0,9,0,29,16,0,45,2,36,16,0,54,0,0,0,54
05/11/2014,AKN,AK,AAL,WE,Federal Contract Tower,2,10,0,0,12,0,18,8,0,26,2,28,8,0,38,0,0,0,38
05/12/2014,AKN,AK,AAL,WE,Federal Contract Tower,2,12,0,0,14,0,30,10,2,42,2,42,10,2,56,2,18,20,76
05/13/2014,AKN,AK,AAL,WE,Federal Contract Tower,2,17,0,0,19,0,23,17,0,40,2,40,17,0,59,6,0,6,65
05/14/2014,AKN,AK,AAL,WE,Federal Contract Tower,2,13,2,0,17,0,26,21,0,47,2,39,23,0,64,12,0,12,76
05/15/2014,AKN,AK,AAL,WE,Federal Contract Tower,2,9,0,0,11,0,33,33,0,66,2,42,33,0,77,2,0,2,79
05/16/2014,AKN,AK,AAL,WE,Federal Contract Tower,2,18,0,0,20,0,27,20,0,47,2,45,20,0,67,0,0,0,67
05/17/2014,AKN,AK,AAL,WE,Federal Contract Tower,2,21,2,0,25,0,29,6,0,35,2,50,8,0,60,0,0,0,60
05/18/2014,AKN,AK,AAL,WE,Federal Contract Tower,0,10,3,0,13,0,31,15,0,46,0,41,18,0,59,0,0,0,59
05/19/2014,AKN,AK,AAL,WE,Federal Contract Tower,2,10,0,0,12,0,34,14,2,50,2,44,14,2,62,0,0,0,62
05/20/2014,AKN,AK,AAL,WE,Federal Contract Tower,0,11,2,0,13,0,40,20,2,62,0,51,22,2,75,0,10,10,85
05/21/2014,AKN,AK,AAL,WE,Federal Contract Tower,4,13,2,2,21,0,46,18,0,64,4,59,20,2,85,2,18,20,105
05/22/2014,AKN,AK,AAL,WE,Federal Contract Tower,3,8,1,3,15,0,23,14,7,44,3,31,15,10,59,0,10,10,69
05/23/2014,AKN,AK,AAL,WE,Federal Contract Tower,2,13,0,0,15,0,35,27,0,62,2,48,27,0,77,0,0,0,77
05/24/2014,AKN,AK,AAL,WE,Federal Contract Tower,2,12,2,0,16,0,37,9,0,46,2,49,11,0,62,10,0,10,72
05/25/2014,AKN,AK,AAL,WE,Federal Contract Tower,0,15,2,0,17,0,26,18,0,44,0,41,20,0,61,0,0,0,61
05/26/2014,AKN,AK,AAL,WE,Federal Contract Tower,0,14,0,0,14,0,20,20,0,40,0,34,20,0,54,8,0,8,62
05/27/2014,AKN,AK,AAL,WE,Federal Contract Tower,0,17,3,0,20,0,30,9,0,39,0,47,12,0,59,5,0,5,64
05/28/2014,AKN,AK,AAL,WE,Federal Contract Tower,2,26,0,4,32,0,30,17,0,47,2,56,17,4,79,0,8,8,87
05/29/2014,AKN,AK,AAL,WE,Federal Contract Tower,2,32,5,2,41,0,35,20,0,55,2,67,25,2,96,0,0,0,96
05/30/2014,AKN,AK,AAL,WE,Federal Contract Tower,2,22,3,0,27,0,40,15,0,55,2,62,18,0,82,0,0,0,82
05/31/2014,AKN,AK,AAL,WE,Federal Contract Tower,4,19,0,0,23,0,36,10,0,46,4,55,10,0,69,0,0,0,69
06/01/2014,AKN,AK,AAL,WE,Federal Contract Tower,0,20,0,0,20,0,38,12,0,50,0,58,12,0,70,0,0,0,70
06/02/2014,AKN,AK,AAL,WE,Federal Contract Tower,0,21,6,2,29,0,40,25,2,67,0,61,31,4,96,0,10,10,106
06/03/2014,AKN,AK,AAL,WE,Federal Contract Tower,4,15,0,0,19,0,49,30,0,79,4,64,30,0,98,0,0,0,98
06/04/2014,AKN,AK,AAL,WE,Federal Contract Tower,0,17,3,0,20,0,33,22,0,55,0,50,25,0,75,0,0,0,75
06/05/2014,AKN,AK,AAL,WE,Federal Contract Tower,4,12,6,0,22,0,47,26,0,73,4,59,32,0,95,0,0,0,95
06/06/2014,AKN,AK,AAL,WE,Federal Contract Tower,0,21,1,0,22,0,40,14,0,54,0,61,15,0,76,0,0,0,76
06/07/2014,AKN,AK,AAL,WE,Federal Contract Tower,4,12,3,0,19,0,52,18,0,70,4,64,21,0,89,6,0,6,95
06/08/2014,AKN,AK,AAL,WE,Federal Contract Tower,2,26,2,0,30,0,40,15,0,55,2,66,17,0,85,6,0,6,91
06/09/2014,AKN,AK,AAL,WE,Federal Contract Tower,2,13,0,2,17,0,54,35,0,89,2,67,35,2,106,0,0,0,106
06/10/2014,AKN,AK,AAL,WE,Federal Contract Tower,6,19,0,0,25,0,59,31,0,90,6,78,31,0,115,0,0,0,115
06/11/2014,AKN,AK,AAL,WE,Federal Contract Tower,2,27,0,0,29,0,49,36,0,85,2,76,36,0,114,4,0,4,118
06/12/2014,AKN,AK,AAL,WE,Federal Contract Tower,6,36,4,0,46,0,42,21,0,63,6,78,25,0,109,0,0,0,109
06/13/2014,AKN,AK,AAL,WE,Federal Contract Tower,2,30,7,0,39,0,51,28,0,79,2,81,35,0,118,0,0,0,118
06/14/2014,AKN,AK,AAL,WE,Federal Contract Tower,6,29,1,0,36,0,77,41,0,118,6,106,42,0,154,8,0,8,162
06/15/2014,AKN,AK,AAL,WE,Federal Contract Tower,2,28,0,0,30,0,51,33,0,84,2,79,33,0,114,2,0,2,116
06/16/2014,AKN,AK,AAL,WE,Federal Contract Tower,2,31,0,0,33,0,85,35,0,120,2,116,35,0,153,4,0,4,157
06/17/2014,AKN,AK,AAL,WE,Federal Contract Tower,5,27,0,0,32,0,85,32,0,117,5,112,32,0,149,0,0,0,149
06/18/2014,AKN,AK,AAL,WE,Federal Contract Tower,2,40,7,0,49,0,62,9,0,71,2,102,16,0,120,0,0,0,120
06/19/2014,AKN,AK,AAL,WE,Federal Contract Tower,6,31,0,0,37,0,86,39,0,125,6,117,39,0,162,4,0,4,166
06/20/2014,AKN,AK,AAL,WE,Federal Contract Tower,2,20,8,0,30,0,53,35,0,88,2,73,43,0,118,0,0,0,118
06/21/2014,AKN,AK,AAL,WE,Federal Contract Tower,5,48,20,0,73,0,54,25,0,79,5,102,45,0,152,0,0,0,152
06/22/2014,AKN,AK,AAL,WE,Federal Contract Tower,2,55,26,2,85,0,0,0,0,0,2,55,26,2,85,0,0,0,85
06/23/2014,AKN,AK,AAL,WE,Federal Contract Tower,2,36,1,2,41,0,62,44,0,106,2,98,45,2,147,0,0,0,147
06/24/2014,AKN,AK,AAL,WE,Federal Contract Tower,4,17,5,0,26,0,117,67,6,190,4,134,72,6,216,0,0,0,216
06/25/2014,AKN,AK,AAL,WE,Federal Contract Tower,2,22,5,1,30,0,93,63,2,158,2,115,68,3,188,0,12,12,200
06/26/2014,AKN,AK,AAL,WE,Federal Contract Tower,7,27,1,0,35,0,111,48,2,161,7,138,49,2,196,48,0,48,244
06/27/2014,AKN,AK,AAL,WE,Federal Contract Tower,2,60,13,0,75,0,71,37,0,108,2,131,50,0,183,24,0,24,207
06/28/2014,AKN,AK,AAL,WE,Federal Contract Tower,7,98,25,0,130,0,35,13,0,48,7,133,38,0,178,42,0,42,220
06/29/2014,AKN,AK,AAL,WE,Federal Contract Tower,7,56,11,0,74,0,58,39,0,97,7,114,50,0,171,4,0,4,175
06/30/2014,AKN,AK,AAL,WE,Federal Contract Tower,11,24,15,0,50,0,108,52,0,160,11,132,67,0,210,8,0,8,218
07/01/2014,AKN,AK,AAL,WE,Federal Contract Tower,5,28,7,0,40,0,98,34,0,132,5,126,41,0,172,2,0,2,174
07/02/2014,AKN,AK,AAL,WE,Federal Contract Tower,4,26,14,0,44,0,111,47,0,158,4,137,61,0,202,0,0,0,202
07/03/2014,AKN,AK,AAL,WE,Federal Contract Tower,6,28,1,0,35,0,129,44,0,173,6,157,45,0,208,0,0,0,208
07/04/2014,AKN,AK,AAL,WE,Federal Contract Tower,2,18,2,0,22,0,110,41,0,151,2,128,43,0,173,0,0,0,173
07/05/2014,AKN,AK,AAL,WE,Federal Contract Tower,8,18,5,0,31,0,117,53,0,170,8,135,58,0,201,4,0,4,205
07/06/2014,AKN,AK,AAL,WE,Federal Contract Tower,4,19,9,0,32,0,130,38,0,168,4,149,47,0,200,0,0,0,200
07/07/2014,AKN,AK,AAL,WE,Federal Contract Tower,5,23,4,0,32,0,123,43,0,166,5,146,47,0,198,0,0,0,198
07/08/2014,AKN,AK,AAL,WE,Federal Contract Tower,6,31,4,0,41,0,122,37,0,159,6,153,41,0,200,6,0,6,206
07/09/2014,AKN,AK,AAL,WE,Federal Contract Tower,4,22,3,0,29,0,128,37,0,165,4,150,40,0,194,0,0,0,194
07/10/2014,AKN,AK,AAL,WE,Federal Contract Tower,6,26,3,0,35,0,135,23,0,158,6,161,26,0,193,0,0,0,193
07/11/2014,AKN,AK,AAL,WE,Federal Contract Tower,2,60,4,0,66,0,109,32,0,141,2,169,36,0,207,4,0,4,211
07/12/2014,AKN,AK,AAL,WE,Federal Contract Tower,2,18,0,2,22,0,132,54,0,186,2,150,54,2,208,2,4,6,214
07/13/2014,AKN,AK,AAL,WE,Federal Contract Tower,8,25,4,0,37,0,112,48,0,160,8,137,52,0,197,4,0,4,201
07/14/2014,AKN,AK,AAL,WE,Federal Contract Tower,2,38,1,3,44,0,149,46,1,196,2,187,47,4,240,2,1,3,243
07/15/2014,AKN,AK,AAL,WE,Federal Contract Tower,10,29,3,0,42,0,174,55,0,229,10,203,58,0,271,0,0,0,271
07/16/2014,AKN,AK,AAL,WE,Federal Contract Tower,4,36,5,1,46,1,157,50,4,212,5,193,55,5,258,0,0,0,258
07/17/2014,AKN,AK,AAL,WE,Federal Contract Tower,6,34,4,0,44,0,131,26,0,157,6,165,30,0,201,0,0,0,201
07/18/2014,AKN,AK,AAL,WE,Federal Contract Tower,2,48,9,1,60,0,104,27,1,132,2,152,36,2,192,0,0,0,192
07/19/2014,AKN,AK,AAL,WE,Federal Contract Tower,4,35,0,0,39,0,164,45,0,209,4,199,45,0,248,2,0,2,250
07/20/2014,AKN,AK,AAL,WE,Federal Contract Tower,3,30,7,0,40,0,149,41,2,192,3,179,48,2,232,6,0,6,238
07/21/2014,AKN,AK,AAL,WE,Federal Contract Tower,2,76,7,0,85,1,125,29,0,155,3,201,36,0,240,0,0,0,240
07/22/2014,AKN,AK,AAL,WE,Federal Contract Tower,6,115,18,0,139,0,70,14,0,84,6,185,32,0,223,0,0,0,223
07/23/2014,AKN,AK,AAL,WE,Federal Contract Tower,2,64,22,0,88,0,136,31,0,167,2,200,53,0,255,2,0,2,257
07/24/2014,AKN,AK,AAL,WE,Federal Contract Tower,4,80,13,0,97,0,68,10,3,81,4,148,23,3,178,0,4,4,182
07/25/2014,AKN,AK,AAL,WE,Federal Contract Tower,2,30,2,0,34,0,138,29,0,167,2,168,31,0,201,0,0,0,201
07/26/2014,AKN,AK,AAL,WE,Federal Contract Tower,2,25,2,0,29,0,120,38,0,158,2,145,40,0,187,0,0,0,187
07/27/2014,AKN,AK,AAL,WE,Federal Contract Tower,2,31,5,1,39,0,102,25,0,127,2,133,30,1,166,0,0,0,166
07/28/2014,AKN,AK,AAL,WE,Federal Contract Tower,2,125,18,0,145,0,7,4,0,11,2,132,22,0,156,0,0,0,156
07/29/2014,AKN,AK,AAL,WE,Federal Contract Tower,4,25,1,2,32,0,132,62,1,195,4,157,63,3,227,2,3,5,232
07/30/2014,AKN,AK,AAL,WE,Federal Contract Tower,2,12,1,0,15,0,110,50,0,160,2,122,51,0,175,4,0,4,179
07/31/2014,AKN,AK,AAL,WE,Federal Contract Tower,6,17,5,1,29,0,99,21,0,120,6,116,26,1,149,0,0,0,149
08/01/2014,AKN,AK,AAL,WE,Federal Contract Tower,2,17,8,1,28,0,111,32,0,143,2,128,40,1,171,0,10,10,181
08/02/2014,AKN,AK,AAL,WE,Federal Contract Tower,4,12,2,0,18,0,82,26,0,108,4,94,28,0,126,2,0,2,128
08/03/2014,AKN,AK,AAL,WE,Federal Contract Tower,2,10,6,0,18,0,100,22,0,122,2,110,28,0,140,0,0,0,140
08/04/2014,AKN,AK,AAL,WE,Federal Contract Tower,2,10,4,0,16,0,83,41,0,124,2,93,45,0,140,0,0,0,140
08/05/2014,AKN,AK,AAL,WE,Federal Contract Tower,4,36,12,0,52,0,40,18,0,58,4,76,30,0,110,0,0,0,110
08/06/2014,AKN,AK,AAL,WE,Federal Contract Tower,2,24,6,0,32,0,74,29,0,103,2,98,35,0,135,0,0,0,135
08/07/2014,AKN,AK,AAL,WE,Federal Contract Tower,6,17,0,0,23,0,68,24,0,92,6,85,24,0,115,0,0,0,115
08/08/2014,AKN,AK,AAL,WE,Federal Contract Tower,2,9,14,6,31,0,96,25,0,121,2,105,39,6,152,0,8,8,160
08/09/2014,AKN,AK,AAL,WE,Federal Contract Tower,6,11,2,0,19,0,76,46,0,122,6,87,48,0,141,0,0,0,141
08/10/2014,AKN,AK,AAL,WE,Federal Contract Tower,0,15,5,0,20,0,54,41,0,95,0,69,46,0,115,0,0,0,115
08/11/2014,AKN,AK,AAL,WE,Federal Contract Tower,1,12,1,2,16,2,84,39,0,125,3,96,40,2,141,0,29,29,170
08/12/2014,AKN,AK,AAL,WE,Federal Contract Tower,2,16,4,0,22,0,81,35,0,116,2,97,39,0,138,0,0,0,138
08/13/2014,AKN,AK,AAL,WE,Federal Contract Tower,2,12,0,0,14,0,97,47,0,144,2,109,47,0,158,0,0,0,158
08/14/2014,AKN,AK,AAL,WE,Federal Contract Tower,2,10,2,3,17,2,84,30,1,117,4,94,32,4,134,2,24,26,160
08/15/2014,AKN,AK,AAL,WE,Federal Contract Tower,0,11,5,2,18,0,110,36,0,146,0,121,41,2,164,0,0,0,164
08/16/2014,AKN,AK,AAL,WE,Federal Contract Tower,2,15,0,0,17,0,76,33,0,109,2,91,33,0,126,0,0,0,126
08/17/2014,AKN,AK,AAL,WE,Federal Contract Tower,0,32,18,0,50,0,53,19,0,72,0,85,37,0,122,0,0,0,122
08/18/2014,AKN,AK,AAL,WE,Federal Contract Tower,0,42,12,0,54,0,77,36,0,113,0,119,48,0,167,0,0,0,167
08/19/2014,AKN,AK,AAL,WE,Federal Contract Tower,4,42,12,0,58,0,63,28,0,91,4,105,40,0,149,2,0,2,151
08/20/2014,AKN,AK,AAL,WE,Federal Contract Tower,2,12,1,0,15,0,92,34,0,126,2,104,35,0,141,0,0,0,141
08/21/2014,AKN,AK,AAL,WE,Federal Contract Tower,4,15,1,0,20,0,107,29,0,136,4,122,30,0,156,0,0,0,156
08/22/2014,AKN,AK,AAL,WE,Federal Contract Tower,0,13,7,0,20,2,109,29,0,140,2,122,36,0,160,0,0,0,160
08/23/2014,AKN,AK,AAL,WE,Federal Contract Tower,2,15,1,0,18,0,86,28,0,114,2,101,29,0,132,0,0,0,132
08/24/2014,AKN,AK,AAL,WE,Federal Contract Tower,0,48,6,0,54,0,32,15,0,47,0,80,21,0,101,0,0,0,101
08/25/2014,AKN,AK,AAL,WE,Federal Contract Tower,0,20,2,1,23,0,95,30,1,126,0,115,32,2,149,0,0,0,149
08/26/2014,AKN,AK,AAL,WE,Federal Contract Tower,4,46,12,0,62,0,63,27,0,90,4,109,39,0,152,0,0,0,152
08/27/2014,AKN,AK,AAL,WE,Federal Contract Tower,0,13,2,0,15,0,85,33,0,118,0,98,35,0,133,0,0,0,133
08/28/2014,AKN,AK,AAL,WE,Federal Contract Tower,2,9,0,0,11,0,92,35,0,127,2,101,35,0,138,0,0,0,138
08/29/2014,AKN,AK,AAL,WE,Federal Contract Tower,2,16,1,0,19,0,75,41,0,116,2,91,42,0,135,0,0,0,135
08/30/2014,AKN,AK,AAL,WE,Federal Contract Tower,2,12,1,0,15,0,81,33,0,114,2,93,34,0,129,0,0,0,129
08/31/2014,AKN,AK,AAL,WE,Federal Contract Tower,0,12,1,0,13,0,51,23,2,76,0,63,24,2,89,0,14,14,103
09/01/2014,AKN,AK,AAL,WE,Federal Contract Tower,0,18,0,0,18,0,64,22,0,86,0,82,22,0,104,0,0,0,104
09/02/2014,AKN,AK,AAL,WE,Federal Contract Tower,2,21,2,0,25,0,48,20,0,68,2,69,22,0,93,0,0,0,93
09/03/2014,AKN,AK,AAL,WE,Federal Contract Tower,2,24,0,0,26,0,89,18,0,107,2,113,18,0,133,2,0,2,135
09/04/2014,AKN,AK,AAL,WE,Federal Contract Tower,3,81,11,0,95,0,2,0,0,2,3,83,11,0,97,0,0,0,97
09/05/2014,AKN,AK,AAL,WE,Federal Contract Tower,0,23,0,0,23,0,70,18,0,88,0,93,18,0,111,0,0,0,111
09/06/2014,AKN,AK,AAL,WE,Federal Contract Tower,3,11,0,0,14,0,66,31,0,97,3,77,31,0,111,0,0,0,111
09/07/2014,AKN,AK,AAL,WE,Federal Contract Tower,0,11,0,0,11,0,77,25,0,102,0,88,25,0,113,0,0,0,113
09/08/2014,AKN,AK,AAL,WE,Federal Contract Tower,0,11,0,0,11,0,85,49,0,134,0,96,49,0,145,0,0,0,145
09/09/2014,AKN,AK,AAL,WE,Federal Contract Tower,4,12,2,2,20,0,67,32,0,99,4,79,34,2,119,0,6,6,125
09/10/2014,AKN,AK,AAL,WE,Federal Contract Tower,0,12,0,0,12,0,76,38,0,114,0,88,38,0,126,0,0,0,126
09/11/2014,AKN,AK,AAL,WE,Federal Contract Tower,4,11,0,0,15,0,46,25,0,71,4,57,25,0,86,0,0,0,86
09/12/2014,AKN,AK,AAL,WE,Federal Contract Tower,0,23,6,0,29,0,44,15,0,59,0,67,21,0,88,0,0,0,88
09/13/2014,AKN,AK,AAL,WE,Federal Contract Tower,0,11,1,0,12,0,63,17,0,80,0,74,18,0,92,0,0,0,92
09/14/2014,AKN,AK,AAL,WE,Federal Contract Tower,0,13,3,0,16,0,51,18,0,69,0,64,21,0,85,0,0,0,85
09/15/2014,AKN,AK,AAL,WE,Federal Contract Tower,0,28,4,2,34,0,65,43,0,108,0,93,47,2,142,0,8,8,150
09/16/2014,AKN,AK,AAL,WE,Federal Contract Tower,4,17,0,0,21,0,47,35,0,82,4,64,35,0,103,0,0,0,103
09/17/2014,AKN,AK,AAL,WE,Federal Contract Tower,0,12,3,0,15,0,46,43,0,89,0,58,46,0,104,0,0,0,104
09/18/2014,AKN,AK,AAL,WE,Federal Contract Tower,5,25,4,0,34,0,37,14,0,51,5,62,18,0,85,0,0,0,85
09/19/2014,AKN,AK,AAL,WE,Federal Contract Tower,0,10,6,0,16,0,50,16,0,66,0,60,22,0,82,0,0,0,82
09/20/2014,AKN,AK,AAL,WE,Federal Contract Tower,2,7,2,0,11,0,31,35,0,66,2,38,37,0,77,0,0,0,77
09/21/2014,AKN,AK,AAL,WE,Federal Contract Tower,0,4,2,0,6,0,30,11,0,41,0,34,13,0,47,2,0,2,49
09/22/2014,AKN,AK,AAL,WE,Federal Contract Tower,0,9,0,0,9,0,46,23,0,69,0,55,23,0,78,0,0,0,78
09/23/2014,AKN,AK,AAL,WE,Federal Contract Tower,3,8,0,0,11,0,32,37,0,69,3,40,37,0,80,20,0,20,100
09/24/2014,AKN,AK,AAL,WE,Federal Contract Tower,0,3,0,0,3,0,40,25,0,65,0,43,25,0,68,2,0,2,70
09/25/2014,AKN,AK,AAL,WE,Federal Contract Tower,2,8,2,0,12,0,38,32,0,70,2,46,34,0,82,6,0,6,88
09/26/2014,AKN,AK,AAL,WE,Federal Contract Tower,2,5,1,0,8,0,59,41,0,100,2,64,42,0,108,4,0,4,112
09/27/2014,AKN,AK,AAL,WE,Federal Contract Tower,0,8,0,2,10,0,45,27,0,72,0,53,27,2,82,0,15,15,97
09/28/2014,AKN,AK,AAL,WE,Federal Contract Tower,0,6,2,0,8,0,38,15,0,53,0,44,17,0,61,0,0,0,61
09/29/2014,AKN,AK,AAL,WE,Federal Contract Tower,0,8,0,0,8,0,25,9,0,34,0,33,9,0,42,0,0,0,42
09/30/2014,AKN,AK,AAL,WE,Federal Contract Tower,4,7,2,0,13,0,22,11,0,33,4,29,13,0,46,0,0,0,46
10/01/2014,AKN,AK,AAL,WE,Federal Contract Tower,0,6,1,0,7,0,28,17,2,47,0,34,18,2,54,25,0,25,79
10/02/2014,AKN,AK,AAL,WE,Federal Contract Tower,2,4,1,0,7,0,26,9,0,35,2,30,10,0,42,12,0,12,54
10/03/2014,AKN,AK,AAL,WE,Federal Contract Tower,2,6,0,0,8,0,18,7,0,25,2,24,7,0,33,0,0,0,33
10/04/2014,AKN,AK,AAL,WE,Federal Contract Tower,2,4,0,0,6,0,27,8,0,35,2,31,8,0,41,0,0,0,41
10/05/2014,AKN,AK,AAL,WE,Federal Contract Tower,0,4,1,0,5,0,13,6,0,19,0,17,7,0,24,0,0,0,24
10/06/2014,AKN,AK,AAL,WE,Federal Contract Tower,2,4,0,0,6,0,22,12,0,34,2,26,12,0,40,0,0,0,40
10/07/2014,AKN,AK,AAL,WE,Federal Contract Tower,2,7,0,0,9,0,22,13,0,35,2,29,13,0,44,6,0,6,50
10/08/2014,AKN,AK,AAL,WE,Federal Contract Tower,2,8,0,0,10,0,35,5,0,40,2,43,5,0,50,0,0,0,50
10/09/2014,AKN,AK,AAL,WE,Federal Contract Tower,2,4,1,0,7,0,19,2,0,21,2,23,3,0,28,0,0,0,28
10/10/2014,AKN,AK,AAL,WE,Federal Contract Tower,2,7,1,0,10,0,19,9,0,28,2,26,10,0,38,6,0,6,44
10/11/2014,AKN,AK,AAL,WE,Federal Contract Tower,2,5,0,0,7,0,23,9,2,34,2,28,9,2,41,0,16,16,57
10/12/2014,AKN,AK,AAL,WE,Federal Contract Tower,0,10,3,0,13,0,12,7,0,19,0,22,10,0,32,0,0,0,32
10/13/2014,AKN,AK,AAL,WE,Federal Contract Tower,2,7,0,0,9,0,24,7,0,31,2,31,7,0,40,0,0,0,40
10/14/2014,AKN,AK,AAL,WE,Federal Contract Tower,0,7,0,0,7,0,13,7,0,20,0,20,7,0,27,0,0,0,27
10/15/2014,AKN,AK,AAL,WE,Federal Contract Tower,2,9,0,4,15,0,19,13,0,32,2,28,13,4,47,0,0,0,47
10/16/2014,AKN,AK,AAL,WE,Federal Contract Tower,2,9,0,2,13,0,22,27,0,49,2,31,27,2,62,0,6,6,68
10/17/2014,AKN,AK,AAL,WE,Federal Contract Tower,0,5,0,2,7,0,19,8,0,27,0,24,8,2,34,0,0,0,34
10/18/2014,AKN,AK,AAL,WE,Federal Contract Tower,2,6,0,0,8,0,13,6,0,19,2,19,6,0,27,0,0,0,27
10/19/2014,AKN,AK,AAL,WE,Federal Contract Tower,0,8,1,1,10,0,11,5,1,17,0,19,6,2,27,0,10,10,37
10/20/2014,AKN,AK,AAL,WE,Federal Contract Tower,2,8,0,1,11,0,26,16,2,44,2,34,16,3,55,0,2,2,57
10/21/2014,AKN,AK,AAL,WE,Federal Contract Tower,0,12,0,0,12,0,39,13,0,52,0,51,13,0,64,0,0,0,64
10/22/2014,AKN,AK,AAL,WE,Federal Contract Tower,2,6,0,0,8,0,24,6,2,32,2,30,6,2,40,0,0,0,40
10/23/2014,AKN,AK,AAL,WE,Federal Contract Tower,2,5,0,0,7,0,17,3,0,20,2,22,3,0,27,0,0,0,27
10/24/2014,AKN,AK,AAL,WE,Federal Contract Tower,2,4,2,0,8,0,41,4,2,47,2,45,6,2,55,2,0,2,57
10/25/2014,AKN,AK,AAL,WE,Federal Contract Tower,2,2,0,0,4,0,20,3,0,23,2,22,3,0,27,0,0,0,27
10/26/2014,AKN,AK,AAL,WE,Federal Contract Tower,2,4,0,0,6,0,4,6,0,10,2,8,6,0,16,0,0,0,16
10/27/2014,AKN,AK,AAL,WE,Federal Contract Tower,0,11,0,0,11,0,20,1,0,21,0,31,1,0,32,0,0,0,32
10/28/2014,AKN,AK,AAL,WE,Federal Contract Tower,0,9,2,0,11,0,13,2,0,15,0,22,4,0,26,0,0,0,26
10/29/2014,AKN,AK,AAL,WE,Federal Contract Tower,2,5,0,1,8,0,19,2,0,21,2,24,2,1,29,0,3,3,32
10/30/2014,AKN,AK,AAL,WE,Federal Contract Tower,4,3,2,0,9,0,19,0,0,19,4,22,2,0,28,0,0,0,28
10/31/2014,AKN,AK,AAL,WE,Federal Contract Tower,2,9,0,0,11,0,9,0,0,9,2,18,0,0,20,0,0,0,20
11/01/2014,AKN,AK,AAL,WE,Federal Contract Tower,0,7,0,0,7,0,14,6,0,20,0,21,6,0,27,0,0,0,27
11/02/2014,AKN,AK,AAL,WE,Federal Contract Tower,0,4,0,0,4,0,4,2,0,6,0,8,2,0,10,0,0,0,10
11/03/2014,AKN,AK,AAL,WE,Federal Contract Tower,2,6,1,6,15,0,13,2,0,15,2,19,3,6,30,0,0,0,30
11/04/2014,AKN,AK,AAL,WE,Federal Contract Tower,0,6,0,1,7,0,14,3,0,17,0,20,3,1,24,0,21,21,45
11/05/2014,AKN,AK,AAL,WE,Federal Contract Tower,2,12,0,1,15,0,15,0,1,16,2,27,0,2,31,0,8,8,39
11/06/2014,AKN,AK,AAL,WE,Federal Contract Tower,2,8,0,0,10,0,18,6,0,24,2,26,6,0,34,0,0,0,34
11/07/2014,AKN,AK,AAL,WE,Federal Contract Tower,2,5,0,0,7,0,23,5,0,28,2,28,5,0,35,0,0,0,35
11/08/2014,AKN,AK,AAL,WE,Federal Contract Tower,2,6,0,0,8,0,8,0,0,8,2,14,0,0,16,0,0,0,16
11/09/2014,AKN,AK,AAL,WE,Federal Contract Tower,0,4,0,0,4,0,7,0,0,7,0,11,0,0,11,0,0,0,11
11/10/2014,AKN,AK,AAL,WE,Federal Contract Tower,4,8,0,0,12,0,20,4,0,24,4,28,4,0,36,0,0,0,36
11/11/2014,AKN,AK,AAL,WE,Federal Contract Tower,0,6,0,0,6,0,8,0,0,8,0,14,0,0,14,0,0,0,14
11/12/2014,AKN,AK,AAL,WE,Federal Contract Tower,2,4,0,0,6,0,12,0,0,12,2,16,0,0,18,0,0,0,18
11/13/2014,AKN,AK,AAL,WE,Federal Contract Tower,2,8,0,0,10,0,9,0,0,9,2,17,0,0,19,0,0,0,19
11/14/2014,AKN,AK,AAL,WE,Federal Contract Tower,2,7,0,0,9,0,25,3,0,28,2,32,3,0,37,2,0,2,39
11/15/2014,AKN,AK,AAL,WE,Federal Contract Tower,0,5,1,0,6,0,8,1,0,9,0,13,2,0,15,0,0,0,15
11/16/2014,AKN,AK,AAL,WE,Federal Contract Tower,0,4,0,0,4,0,19,2,0,21,0,23,2,0,25,0,0,0,25
11/17/2014,AKN,AK,AAL,WE,Federal Contract Tower,0,6,0,0,6,0,19,0,0,19,0,25,0,0,25,0,0,0,25
11/18/2014,AKN,AK,AAL,WE,Federal Contract Tower,0,10,0,0,10,0,11,0,0,11,0,21,0,0,21,0,0,0,21
11/19/2014,AKN,AK,AAL,WE,Federal Contract Tower,2,5,0,0,7,0,14,4,2,20,2,19,4,2,27,0,0,0,27
11/20/2014,AKN,AK,AAL,WE,Federal Contract Tower,2,5,0,0,7,0,5,0,0,5,2,10,0,0,12,0,0,0,12
11/21/2014,AKN,AK,AAL,WE,Federal Contract Tower,2,6,4,0,12,0,19,0,2,21,2,25,4,2,33,0,2,2,35
11/22/2014,AKN,AK,AAL,WE,Federal Contract Tower,2,2,0,0,4,0,19,2,0,21,2,21,2,0,25,0,0,0,25
11/23/2014,AKN,AK,AAL,WE,Federal Contract Tower,0,4,0,2,6,0,0,2,0,2,0,4,2,2,8,0,26,26,34
11/24/2014,AKN,AK,AAL,WE,Federal Contract Tower,0,4,2,0,6,0,0,0,0,0,0,4,2,0,6,0,0,0,6
11/25/2014,AKN,AK,AAL,WE,Federal Contract Tower,2,5,0,1,8,0,14,4,1,19,2,19,4,2,27,0,7,7,34
11/26/2014,AKN,AK,AAL,WE,Federal Contract Tower,2,8,0,1,11,0,16,3,1,20,2,24,3,2,31,4,6,10,41
11/27/2014,AKN,AK,AAL,WE,Federal Contract Tower,0,0,0,0,0,0,1,0,0,1,0,1,0,0,1,0,0,0,1
11/28/2014,AKN,AK,AAL,WE,Federal Contract Tower,2,12,0,0,14,0,9,3,0,12,2,21,3,0,26,0,0,0,26
11/29/2014,AKN,AK,AAL,WE,Federal Contract Tower,0,9,1,0,10,0,0,0,0,0,0,9,1,0,10,0,0,0,10
11/30/2014,AKN,AK,AAL,WE,Federal Contract Tower,0,8,0,0,8,0,6,0,0,6,0,14,0,0,14,0,0,0,14
12/01/2014,AKN,AK,AAL,WE,Federal Contract Tower,2,9,0,0,11,0,12,0,0,12,2,21,0,0,23,0,0,0,23
12/02/2014,AKN,AK,AAL,WE,Federal Contract Tower,0,8,0,1,9,0,19,9,1,29,0,27,9,2,38,0,9,9,47
12/03/2014,AKN,AK,AAL,WE,Federal Contract Tower,2,4,0,0,6,0,17,10,2,29,2,21,10,2,35,3,20,23,58
12/04/2014,AKN,AK,AAL,WE,Federal Contract Tower,2,6,1,2,11,0,14,6,0,20,2,20,7,2,31,7,18,25,56
12/05/2014,AKN,AK,AAL,WE,Federal Contract Tower,0,6,0,0,6,0,14,2,0,16,0,20,2,0,22,0,0,0,22
12/06/2014,AKN,AK,AAL,WE,Federal Contract Tower,2,8,0,0,10,0,15,0,0,15,2,23,0,0,25,0,0,0,25
12/07/2014,AKN,AK,AAL,WE,Federal Contract Tower,0,6,0,0,6,0,6,0,0,6,0,12,0,0,12,0,0,0,12
12/08/2014,AKN,AK,AAL,WE,Federal Contract Tower,2,7,0,0,9,0,17,0,0,17,2,24,0,0,26,0,0,0,26
12/09/2014,AKN,AK,AAL,WE,Federal Contract Tower,0,6,0,0,6,0,13,2,0,15,0,19,2,0,21,0,0,0,21
12/10/2014,AKN,AK,AAL,WE,Federal Contract Tower,0,12,0,2,14,0,1,2,0,3,0,13,2,2,17,0,0,0,17
12/11/2014,AKN,AK,AAL,WE,Federal Contract Tower,0,9,0,0,9,0,7,2,0,9,0,16,2,0,18,0,0,0,18
12/12/2014,AKN,AK,AAL,WE,Federal Contract Tower,1,8,2,0,11,0,9,0,0,9,1,17,2,0,20,2,0,2,22
12/13/2014,AKN,AK,AAL,WE,Federal Contract Tower,2,9,10,0,21,0,11,6,0,17,2,20,16,0,38,6,0,6,44
12/14/2014,AKN,AK,AAL,WE,Federal Contract Tower,0,4,0,2,6,0,3,4,0,7,0,7,4,2,13,2,14,16,29
12/15/2014,AKN,AK,AAL,WE,Federal Contract Tower,2,9,0,1,12,0,11,8,1,20,2,20,8,2,32,0,2,2,34
12/16/2014,AKN,AK,AAL,WE,Federal Contract Tower,2,12,0,0,14,0,22,5,0,27,2,34,5,0,41,8,0,8,49
12/17/2014,AKN,AK,AAL,WE,Federal Contract Tower,2,5,4,1,12,0,18,8,1,27,2,23,12,2,39,3,7,10,49
12/18/2014,AKN,AK,AAL,WE,Federal Contract Tower,4,3,0,2,9,0,12,4,0,16,4,15,4,2,25,6,6,12,37
12/19/2014,AKN,AK,AAL,WE,Federal Contract Tower,2,7,0,0,9,0,15,6,0,21,2,22,6,0,30,2,0,2,32
12/20/2014,AKN,AK,AAL,WE,Federal Contract Tower,0,7,0,0,7,0,11,2,0,13,0,18,2,0,20,0,0,0,20
12/21/2014,AKN,AK,AAL,WE,Federal Contract Tower,0,4,1,2,7,0,2,1,0,3,0,6,2,2,10,2,6,8,18
12/22/2014,AKN,AK,AAL,WE,Federal Contract Tower,2,6,0,0,8,0,14,4,0,18,2,20,4,0,26,6,0,6,32
12/23/2014,AKN,AK,AAL,WE,Federal Contract Tower,2,12,0,0,14,0,7,2,0,9,2,19,2,0,23,0,0,0,23
12/24/2014,AKN,AK,AAL,WE,Federal Contract Tower,2,9,0,0,11,0,4,0,0,4,2,13,0,0,15,0,0,0,15
12/25/2014,AKN,AK,AAL,WE,Federal Contract Tower,0,0,0,0,0,0,0,0,0,0,0,0,0,0,0,0,0,0,0
12/26/2014,AKN,AK,AAL,WE,Federal Contract Tower,2,13,0,0,15,0,6,0,0,6,2,19,0,0,21,0,0,0,21
12/27/2014,AKN,AK,AAL,WE,Federal Contract Tower,2,8,0,0,10,0,10,2,0,12,2,18,2,0,22,0,0,0,22
12/28/2014,AKN,AK,AAL,WE,Federal Contract Tower,0,13,0,0,13,0,0,0,0,0,0,13,0,0,13,0,0,0,13
12/29/2014,AKN,AK,AAL,WE,Federal Contract Tower,0,21,0,0,21,0,2,0,0,2,0,23,0,0,23,0,0,0,23
12/30/2014,AKN,AK,AAL,WE,Federal Contract Tower,0,12,0,0,12,0,16,0,0,16,0,28,0,0,28,0,0,0,28
12/31/2014,AKN,AK,AAL,WE,Federal Contract Tower,0,17,2,0,19,0,2,0,0,2,0,19,2,0,21,0,0,0,21
01/01/2015,AKN,AK,AAL,WE,Federal Contract Tower,0,0,0,0,0,0,0,0,0,0,0,0,0,0,0,0,0,0,0
01/02/2015,AKN,AK,AAL,WE,Federal Contract Tower,2,6,0,1,9,0,12,8,1,21,2,18,8,2,30,0,6,6,36
01/03/2015,AKN,AK,AAL,WE,Federal Contract Tower,0,2,3,0,5,0,11,5,0,16,0,13,8,0,21,0,0,0,21
01/04/2015,AKN,AK,AAL,WE,Federal Contract Tower,0,6,0,0,6,0,6,6,0,12,0,12,6,0,18,0,0,0,18
01/05/2015,AKN,AK,AAL,WE,Federal Contract Tower,2,19,3,0,24,0,4,0,0,4,2,23,3,0,28,0,0,0,28
01/06/2015,AKN,AK,AAL,WE,Federal Contract Tower,2,6,0,0,8,0,6,1,0,7,2,12,1,0,15,0,0,0,15
01/07/2015,AKN,AK,AAL,WE,Federal Contract Tower,0,10,0,0,10,0,12,0,2,14,0,22,0,2,24,0,0,0,24
01/08/2015,AKN,AK,AAL,WE,Federal Contract Tower,0,2,0,0,2,0,4,0,0,4,0,6,0,0,6,0,0,0,6
01/09/2015,AKN,AK,AAL,WE,Federal Contract Tower,2,11,0,0,13,0,4,2,0,6,2,15,2,0,19,0,0,0,19
01/10/2015,AKN,AK,AAL,WE,Federal Contract Tower,0,4,0,0,4,0,17,4,0,21,0,21,4,0,25,0,0,0,25
01/11/2015,AKN,AK,AAL,WE,Federal Contract Tower,0,5,0,0,5,0,0,0,0,0,0,5,0,0,5,0,0,0,5
01/12/2015,AKN,AK,AAL,WE,Federal Contract Tower,0,7,0,0,7,0,12,2,0,14,0,19,2,0,21,0,0,0,21
01/13/2015,AKN,AK,AAL,WE,Federal Contract Tower,2,8,0,0,10,0,10,1,0,11,2,18,1,0,21,0,0,0,21
01/14/2015,AKN,AK,AAL,WE,Federal Contract Tower,2,6,0,0,8,0,15,2,0,17,2,21,2,0,25,0,0,0,25
01/15/2015,AKN,AK,AAL,WE,Federal Contract Tower,2,4,0,0,6,0,13,8,0,21,2,17,8,0,27,0,0,0,27
01/16/2015,AKN,AK,AAL,WE,Federal Contract Tower,2,10,0,1,13,0,10,3,3,16,2,20,3,4,29,14,20,34,63
01/17/2015,AKN,AK,AAL,WE,Federal Contract Tower,2,8,0,0,10,0,10,0,0,10,2,18,0,0,20,0,0,0,20
01/18/2015,AKN,AK,AAL,WE,Federal Contract Tower,0,11,0,0,11,0,9,0,0,9,0,20,0,0,20,0,0,0,20
01/19/2015,AKN,AK,AAL,WE,Federal Contract Tower,0,9,0,0,9,0,18,2,0,20,0,27,2,0,29,0,0,0,29
01/20/2015,AKN,AK,AAL,WE,Federal Contract Tower,2,7,0,0,9,0,35,9,0,44,2,42,9,0,53,0,0,0,53
01/21/2015,AKN,AK,AAL,WE,Federal Contract Tower,0,7,2,0,9,0,13,6,0,19,0,20,8,0,28,0,0,0,28
01/22/2015,AKN,AK,AAL,WE,Federal Contract Tower,0,5,0,0,5,0,1,0,0,1,0,6,0,0,6,0,0,0,6
01/23/2015,AKN,AK,AAL,WE,Federal Contract Tower,0,5,0,0,5,0,17,0,0,17,0,22,0,0,22,0,0,0,22
01/24/2015,AKN,AK,AAL,WE,Federal Contract Tower,4,3,0,0,7,0,20,4,0,24,4,23,4,0,31,14,0,14,45
01/25/2015,AKN,AK,AAL,WE,Federal Contract Tower,0,5,0,0,5,0,4,1,0,5,0,9,1,0,10,0,0,0,10
01/26/2015,AKN,AK,AAL,WE,Federal Contract Tower,0,10,0,0,10,0,12,6,0,18,0,22,6,0,28,0,0,0,28
01/27/2015,AKN,AK,AAL,WE,Federal Contract Tower,0,7,0,0,7,0,21,3,2,26,0,28,3,2,33,0,12,12,45
01/28/2015,AKN,AK,AAL,WE,Federal Contract Tower,2,7,0,0,9,0,19,6,2,27,2,26,6,2,36,0,22,22,58
01/29/2015,AKN,AK,AAL,WE,Federal Contract Tower,2,2,0,0,4,0,20,1,0,21,2,22,1,0,25,0,0,0,25
01/30/2015,AKN,AK,AAL,WE,Federal Contract Tower,2,10,0,2,14,0,14,10,2,26,2,24,10,4,40,0,8,8,48
01/31/2015,AKN,AK,AAL,WE,Federal Contract Tower,0,4,0,0,4,0,13,3,0,16,0,17,3,0,20,0,0,0,20
02/01/2015,AKN,AK,AAL,WE,Federal Contract Tower,0,4,0,0,4,0,6,0,0,6,0,10,0,0,10,0,0,0,10
02/02/2015,AKN,AK,AAL,WE,Federal Contract Tower,2,4,0,1,7,0,13,2,2,17,2,17,2,3,24,0,15,15,39
02/03/2015,AKN,AK,AAL,WE,Federal Contract Tower,1,7,0,1,9,0,9,6,1,16,1,16,6,2,25,0,12,12,37
02/04/2015,AKN,AK,AAL,WE,Federal Contract Tower,2,7,2,0,11,0,18,3,0,21,2,25,5,0,32,0,0,0,32
02/05/2015,AKN,AK,AAL,WE,Federal Contract Tower,0,2,0,0,2,0,18,6,0,24,0,20,6,0,26,0,0,0,26
02/06/2015,AKN,AK,AAL,WE,Federal Contract Tower,0,5,0,0,5,0,16,2,0,18,0,21,2,0,23,0,0,0,23
02/07/2015,AKN,AK,AAL,WE,Federal Contract Tower,2,2,0,0,4,0,8,2,0,10,2,10,2,0,14,0,0,0,14
02/08/2015,AKN,AK,AAL,WE,Federal Contract Tower,0,4,0,0,4,0,2,0,2,4,0,6,0,2,8,0,4,4,12
02/09/2015,AKN,AK,AAL,WE,Federal Contract Tower,2,4,4,1,11,0,9,3,1,13,2,13,7,2,24,4,0,4,28
02/10/2015,AKN,AK,AAL,WE,Federal Contract Tower,2,6,0,0,8,0,14,0,0,14,2,20,0,0,22,0,0,0,22
02/11/2015,AKN,AK,AAL,WE,Federal Contract Tower,2,14,0,1,17,0,15,2,1,18,2,29,2,2,35,0,4,4,39
02/12/2015,AKN,AK,AAL,WE,Federal Contract Tower,2,6,2,0,10,0,20,10,2,32,2,26,12,2,42,10,10,20,62
02/13/2015,AKN,AK,AAL,WE,Federal Contract Tower,0,6,0,0,6,0,20,6,0,26,0,26,6,0,32,6,0,6,38
02/14/2015,AKN,AK,AAL,WE,Federal Contract Tower,4,6,3,0,13,0,16,1,0,17,4,22,4,0,30,0,0,0,30
02/15/2015,AKN,AK,AAL,WE,Federal Contract Tower,0,6,0,0,6,0,5,0,0,5,0,11,0,0,11,0,0,0,11
02/16/2015,AKN,AK,AAL,WE,Federal Contract Tower,0,8,0,5,13,0,12,0,4,16,0,20,0,9,29,0,0,0,29
02/17/2015,AKN,AK,AAL,WE,Federal Contract Tower,0,10,0,0,10,0,16,0,0,16,0,26,0,0,26,0,0,0,26
02/18/2015,AKN,AK,AAL,WE,Federal Contract Tower,2,8,2,0,12,0,16,3,0,19,2,24,5,0,31,6,0,6,37
02/19/2015,AKN,AK,AAL,WE,Federal Contract Tower,2,4,0,1,7,0,17,1,1,19,2,21,1,2,26,16,6,22,48
02/20/2015,AKN,AK,AAL,WE,Federal Contract Tower,2,11,0,0,13,0,6,0,0,6,2,17,0,0,19,0,0,0,19
02/21/2015,AKN,AK,AAL,WE,Federal Contract Tower,0,4,0,0,4,0,13,0,0,13,0,17,0,0,17,0,0,0,17
02/22/2015,AKN,AK,AAL,WE,Federal Contract Tower,0,4,0,0,4,0,7,1,0,8,0,11,1,0,12,8,0,8,20
02/23/2015,AKN,AK,AAL,WE,Federal Contract Tower,2,10,0,0,12,0,25,5,0,30,2,35,5,0,42,0,0,0,42
02/24/2015,AKN,AK,AAL,WE,Federal Contract Tower,2,4,0,0,6,0,17,4,2,23,2,21,4,2,29,0,6,6,35
02/25/2015,AKN,AK,AAL,WE,Federal Contract Tower,2,4,0,0,6,0,15,11,2,28,2,19,11,2,34,0,0,0,34
02/26/2015,AKN,AK,AAL,WE,Federal Contract Tower,2,11,0,4,17,0,23,3,2,28,2,34,3,6,45,0,16,16,61
02/27/2015,AKN,AK,AAL,WE,Federal Contract Tower,2,13,0,0,15,0,25,2,0,27,2,38,2,0,42,0,0,0,42
02/28/2015,AKN,AK,AAL,WE,Federal Contract Tower,0,12,0,0,12,0,12,2,0,14,0,24,2,0,26,8,0,8,34
03/01/2015,AKN,AK,AAL,WE,Federal Contract Tower,0,6,0,0,6,0,8,0,0,8,0,14,0,0,14,0,0,0,14
03/02/2015,AKN,AK,AAL,WE,Federal Contract Tower,2,13,0,0,15,0,17,1,0,18,2,30,1,0,33,4,0,4,37
03/03/2015,AKN,AK,AAL,WE,Federal Contract Tower,2,6,0,0,8,0,6,2,0,8,2,12,2,0,16,0,0,0,16
03/04/2015,AKN,AK,AAL,WE,Federal Contract Tower,2,7,2,4,15,0,7,0,0,7,2,14,2,4,22,0,4,4,26
03/05/2015,AKN,AK,AAL,WE,Federal Contract Tower,2,10,0,0,12,0,5,1,0,6,2,15,1,0,18,0,0,0,18
03/06/2015,AKN,AK,AAL,WE,Federal Contract Tower,0,9,1,0,10,0,15,0,0,15,0,24,1,0,25,0,0,0,25
03/07/2015,AKN,AK,AAL,WE,Federal Contract Tower,2,3,0,1,6,0,11,3,1,15,2,14,3,2,21,16,6,22,43
03/08/2015,AKN,AK,AAL,WE,Federal Contract Tower,0,5,0,0,5,0,9,4,0,13,0,14,4,0,18,4,0,4,22
03/09/2015,AKN,AK,AAL,WE,Federal Contract Tower,2,4,0,0,6,0,18,7,0,25,2,22,7,0,31,2,0,2,33
03/10/2015,AKN,AK,AAL,WE,Federal Contract Tower,2,4,0,0,6,0,20,8,0,28,2,24,8,0,34,0,0,0,34
03/11/2015,AKN,AK,AAL,WE,Federal Contract Tower,2,7,0,0,9,0,28,4,0,32,2,35,4,0,41,0,0,0,41
03/12/2015,AKN,AK,AAL,WE,Federal Contract Tower,2,4,0,0,6,0,22,1,0,23,2,26,1,0,29,0,0,0,29
03/13/2015,AKN,AK,AAL,WE,Federal Contract Tower,0,4,0,0,4,0,25,1,0,26,0,29,1,0,30,6,0,6,36
03/14/2015,AKN,AK,AAL,WE,Federal Contract Tower,2,3,0,0,5,0,23,4,0,27,2,26,4,0,32,6,0,6,38
03/15/2015,AKN,AK,AAL,WE,Federal Contract Tower,0,4,0,0,4,0,10,0,0,10,0,14,0,0,14,0,0,0,14
03/16/2015,AKN,AK,AAL,WE,Federal Contract Tower,2,9,0,1,12,0,20,3,0,23,2,29,3,1,35,2,10,12,47
03/17/2015,AKN,AK,AAL,WE,Federal Contract Tower,0,6,0,2,8,0,18,6,0,24,0,24,6,2,32,0,0,0,32
03/18/2015,AKN,AK,AAL,WE,Federal Contract Tower,2,5,2,2,11,0,19,0,0,19,2,24,2,2,30,0,0,0,30
03/19/2015,AKN,AK,AAL,WE,Federal Contract Tower,2,10,0,0,12,0,17,3,0,20,2,27,3,0,32,4,0,4,36
03/20/2015,AKN,AK,AAL,WE,Federal Contract Tower,2,6,0,0,8,0,15,3,0,18,2,21,3,0,26,12,0,12,38
03/21/2015,AKN,AK,AAL,WE,Federal Contract Tower,2,3,0,0,5,0,14,9,0,23,2,17,9,0,28,6,0,6,34
03/22/2015,AKN,AK,AAL,WE,Federal Contract Tower,0,4,0,0,4,0,4,7,0,11,0,8,7,0,15,0,0,0,15
03/23/2015,AKN,AK,AAL,WE,Federal Contract Tower,2,7,0,0,9,0,20,11,2,33,2,27,11,2,42,0,10,10,52
03/24/2015,AKN,AK,AAL,WE,Federal Contract Tower,0,7,0,0,7,0,17,0,0,17,0,24,0,0,24,0,0,0,24
03/25/2015,AKN,AK,AAL,WE,Federal Contract Tower,2,8,0,0,10,0,21,5,0,26,2,29,5,0,36,0,0,0,36
03/26/2015,AKN,AK,AAL,WE,Federal Contract Tower,4,10,0,4,18,0,19,2,0,21,4,29,2,4,39,0,6,6,45
03/27/2015,AKN,AK,AAL,WE,Federal Contract Tower,0,8,2,0,10,0,21,0,0,21,0,29,2,0,31,0,0,0,31
03/28/2015,AKN,AK,AAL,WE,Federal Contract Tower,4,2,0,0,6,0,20,4,0,24,4,22,4,0,30,8,0,8,38
03/29/2015,AKN,AK,AAL,WE,Federal Contract Tower,0,6,0,0,6,0,2,1,0,3,0,8,1,0,9,0,0,0,9
03/30/2015,AKN,AK,AAL,WE,Federal Contract Tower,2,22,2,0,26,0,2,0,0,2,2,24,2,0,28,0,0,0,28
03/31/2015,AKN,AK,AAL,WE,Federal Contract Tower,4,0,0,0,4,0,12,6,0,18,4,12,6,0,22,2,0,2,24
04/01/2015,AKN,AK,AAL,WE,Federal Contract Tower,2,4,2,1,9,0,17,8,1,26,2,21,10,2,35,0,14,14,49
04/02/2015,AKN,AK,AAL,WE,Federal Contract Tower,2,5,0,1,8,0,19,5,7,31,2,24,5,8,39,0,28,28,67
04/03/2015,AKN,AK,AAL,WE,Federal Contract Tower,2,6,0,0,8,0,17,4,2,23,2,23,4,2,31,12,0,12,43
04/04/2015,AKN,AK,AAL,WE,Federal Contract Tower,2,6,0,0,8,0,11,1,0,12,2,17,1,0,20,0,0,0,20
04/05/2015,AKN,AK,AAL,WE,Federal Contract Tower,0,4,0,0,4,0,6,2,0,8,0,10,2,0,12,0,0,0,12
04/06/2015,AKN,AK,AAL,WE,Federal Contract Tower,2,8,1,3,14,0,50,1,2,53,2,58,2,5,67,0,6,6,73
04/07/2015,AKN,AK,AAL,WE,Federal Contract Tower,1,10,0,1,12,1,16,1,1,19,2,26,1,2,31,19,18,37,68
04/08/2015,AKN,AK,AAL,WE,Federal Contract Tower,2,14,0,0,16,0,8,2,0,10,2,22,2,0,26,0,0,0,26
04/09/2015,AKN,AK,AAL,WE,Federal Contract Tower,2,25,0,0,27,0,14,0,0,14,2,39,0,0,41,12,0,12,53
04/10/2015,AKN,AK,AAL,WE,Federal Contract Tower,2,6,0,0,8,0,38,2,0,40,2,44,2,0,48,60,0,60,108
04/11/2015,AKN,AK,AAL,WE,Federal Contract Tower,0,6,0,0,6,0,18,6,0,24,0,24,6,0,30,41,0,41,71
04/12/2015,AKN,AK,AAL,WE,Federal Contract Tower,0,5,0,0,5,0,6,0,0,6,0,11,0,0,11,38,0,38,49
04/13/2015,AKN,AK,AAL,WE,Federal Contract Tower,3,8,0,0,11,1,13,14,0,28,4,21,14,0,39,4,0,4,43
04/14/2015,AKN,AK,AAL,WE,Federal Contract Tower,1,5,0,0,6,1,18,23,0,42,2,23,23,0,48,0,0,0,48
04/15/2015,AKN,AK,AAL,WE,Federal Contract Tower,2,8,0,0,10,0,17,14,0,31,2,25,14,0,41,0,0,0,41
04/16/2015,AKN,AK,AAL,WE,Federal Contract Tower,2,6,0,0,8,0,21,8,1,30,2,27,8,1,38,6,2,8,46
04/17/2015,AKN,AK,AAL,WE,Federal Contract Tower,2,8,0,0,10,0,25,11,0,36,2,33,11,0,46,6,0,6,52
04/18/2015,AKN,AK,AAL,WE,Federal Contract Tower,2,6,0,0,8,0,10,0,0,10,2,16,0,0,18,0,0,0,18
04/19/2015,AKN,AK,AAL,WE,Federal Contract Tower,0,4,2,0,6,0,4,0,0,4,0,8,2,0,10,6,0,6,16
04/20/2015,AKN,AK,AAL,WE,Federal Contract Tower,0,7,2,0,9,0,16,5,0,21,0,23,7,0,30,0,0,0,30
04/21/2015,AKN,AK,AAL,WE,Federal Contract Tower,2,4,0,0,6,0,20,4,0,24,2,24,4,0,30,0,0,0,30
04/22/2015,AKN,AK,AAL,WE,Federal Contract Tower,2,11,2,0,15,0,22,9,0,31,2,33,11,0,46,8,0,8,54
04/23/2015,AKN,AK,AAL,WE,Federal Contract Tower,2,7,0,0,9,0,17,1,0,18,2,24,1,0,27,8,0,8,35
04/24/2015,AKN,AK,AAL,WE,Federal Contract Tower,2,10,2,2,16,0,22,0,0,22,2,32,2,2,38,0,0,0,38
04/25/2015,AKN,AK,AAL,WE,Federal Contract Tower,2,9,0,0,11,0,14,6,0,20,2,23,6,0,31,8,0,8,39
04/26/2015,AKN,AK,AAL,WE,Federal Contract Tower,0,10,0,0,10,0,19,5,0,24,0,29,5,0,34,14,0,14,48
04/27/2015,AKN,AK,AAL,WE,Federal Contract Tower,2,22,1,0,25,0,23,5,0,28,2,45,6,0,53,10,0,10,63
04/28/2015,AKN,AK,AAL,WE,Federal Contract Tower,4,14,0,2,20,0,25,7,3,35,4,39,7,5,55,26,11,37,92
04/29/2015,AKN,AK,AAL,WE,Federal Contract Tower,2,11,2,0,15,0,15,6,2,23,2,26,8,2,38,0,4,4,42
04/30/2015,AKN,AK,AAL,WE,Federal Contract Tower,2,11,2,3,18,0,20,11,1,32,2,31,13,4,50,0,8,8,58
05/01/2015,AKN,AK,AAL,WE,Federal Contract Tower,0,11,0,0,11,0,24,4,0,28,0,35,4,0,39,10,0,10,49
05/02/2015,AKN,AK,AAL,WE,Federal Contract Tower,2,6,0,0,8,0,25,1,0,26,2,31,1,0,34,0,0,0,34
05/03/2015,AKN,AK,AAL,WE,Federal Contract Tower,0,9,0,0,9,0,8,1,0,9,0,17,1,0,18,2,0,2,20
05/04/2015,AKN,AK,AAL,WE,Federal Contract Tower,2,11,2,2,17,0,18,5,0,23,2,29,7,2,40,0,0,0,40
05/05/2015,AKN,AK,AAL,WE,Federal Contract Tower,2,8,0,2,12,0,17,10,0,27,2,25,10,2,39,0,0,0,39
05/06/2015,AKN,AK,AAL,WE,Federal Contract Tower,2,10,0,0,12,0,33,8,0,41,2,43,8,0,53,23,0,23,76
05/07/2015,AKN,AK,AAL,WE,Federal Contract Tower,2,10,0,0,12,0,41,6,2,49,2,51,6,2,61,12,2,14,75
05/08/2015,AKN,AK,AAL,WE,Federal Contract Tower,2,13,1,0,16,0,17,6,0,23,2,30,7,0,39,0,0,0,39
05/09/2015,AKN,AK,AAL,WE,Federal Contract Tower,2,6,0,0,8,0,34,8,2,44,2,40,8,2,52,0,0,0,52
05/10/2015,AKN,AK,AAL,WE,Federal Contract Tower,0,8,0,0,8,0,20,10,0,30,0,28,10,0,38,0,0,0,38
05/11/2015,AKN,AK,AAL,WE,Federal Contract Tower,2,6,0,2,10,0,37,22,1,60,2,43,22,3,70,0,0,0,70
05/12/2015,AKN,AK,AAL,WE,Federal Contract Tower,4,11,0,0,15,0,33,30,0,63,4,44,30,0,78,0,0,0,78
05/13/2015,AKN,AK,AAL,WE,Federal Contract Tower,2,19,2,0,23,0,26,0,0,26,2,45,2,0,49,0,0,0,49
05/14/2015,AKN,AK,AAL,WE,Federal Contract Tower,2,15,0,0,17,0,24,2,0,26,2,39,2,0,43,12,0,12,55
05/15/2015,AKN,AK,AAL,WE,Federal Contract Tower,2,11,3,0,16,0,52,11,0,63,2,63,14,0,79,4,0,4,83
05/16/2015,AKN,AK,AAL,WE,Federal Contract Tower,2,10,0,0,12,0,21,3,0,24,2,31,3,0,36,6,0,6,42
05/17/2015,AKN,AK,AAL,WE,Federal Contract Tower,0,5,0,0,5,0,14,0,0,14,0,19,0,0,19,0,0,0,19
05/18/2015,AKN,AK,AAL,WE,Federal Contract Tower,0,13,0,0,13,0,29,7,0,36,0,42,7,0,49,0,0,0,49
05/19/2015,AKN,AK,AAL,WE,Federal Contract Tower,2,11,0,0,13,0,27,5,0,32,2,38,5,0,45,0,0,0,45
05/20/2015,AKN,AK,AAL,WE,Federal Contract Tower,2,12,0,0,14,0,38,7,0,45,2,50,7,0,59,0,0,0,59
05/21/2015,AKN,AK,AAL,WE,Federal Contract Tower,2,18,0,0,20,0,32,13,0,45,2,50,13,0,65,0,0,0,65
05/22/2015,AKN,AK,AAL,WE,Federal Contract Tower,3,13,0,0,16,0,29,19,0,48,3,42,19,0,64,0,0,0,64
05/23/2015,AKN,AK,AAL,WE,Federal Contract Tower,2,14,0,0,16,0,22,0,0,22,2,36,0,0,38,0,0,0,38
05/24/2015,AKN,AK,AAL,WE,Federal Contract Tower,0,7,0,0,7,0,24,16,0,40,0,31,16,0,47,0,0,0,47
05/25/2015,AKN,AK,AAL,WE,Federal Contract Tower,2,16,0,0,18,0,23,15,0,38,2,39,15,0,56,0,0,0,56
05/26/2015,AKN,AK,AAL,WE,Federal Contract Tower,0,15,0,0,15,0,23,11,0,34,0,38,11,0,49,0,0,0,49
05/27/2015,AKN,AK,AAL,WE,Federal Contract Tower,4,18,0,0,22,0,24,8,2,34,4,42,8,2,56,0,0,0,56
05/28/2015,AKN,AK,AAL,WE,Federal Contract Tower,2,19,0,0,21,0,27,10,0,37,2,46,10,0,58,0,0,0,58
05/29/2015,AKN,AK,AAL,WE,Federal Contract Tower,2,17,0,0,19,0,42,18,0,60,2,59,18,0,79,4,0,4,83
05/30/2015,AKN,AK,AAL,WE,Federal Contract Tower,2,21,0,0,23,0,39,5,0,44,2,60,5,0,67,0,0,0,67
05/31/2015,AKN,AK,AAL,WE,Federal Contract Tower,0,15,0,0,15,0,28,10,1,39,0,43,10,1,54,3,0,3,57
06/01/2015,AKN,AK,AAL,WE,Federal Contract Tower,0,17,0,0,17,0,44,29,0,73,0,61,29,0,90,2,0,2,92
06/02/2015,AKN,AK,AAL,WE,Federal Contract Tower,4,15,0,0,19,0,34,13,0,47,4,49,13,0,66,8,0,8,74
06/03/2015,AKN,AK,AAL,WE,Federal Contract Tower,0,14,2,1,17,0,38,12,2,52,0,52,14,3,69,4,6,10,79
06/04/2015,AKN,AK,AAL,WE,Federal Contract Tower,4,27,2,0,33,0,33,9,0,42,4,60,11,0,75,0,0,0,75
06/05/2015,AKN,AK,AAL,WE,Federal Contract Tower,0,21,0,0,21,0,51,22,0,73,0,72,22,0,94,0,0,0,94
06/06/2015,AKN,AK,AAL,WE,Federal Contract Tower,4,13,1,0,18,0,36,22,2,60,4,49,23,2,78,0,0,0,78
06/07/2015,AKN,AK,AAL,WE,Federal Contract Tower,2,22,0,0,24,0,69,16,0,85,2,91,16,0,109,0,0,0,109
06/08/2015,AKN,AK,AAL,WE,Federal Contract Tower,2,34,0,0,36,0,51,14,0,65,2,85,14,0,101,6,0,6,107
06/09/2015,AKN,AK,AAL,WE,Federal Contract Tower,6,20,0,6,32,0,69,14,1,84,6,89,14,7,116,4,9,13,129
06/10/2015,AKN,AK,AAL,WE,Federal Contract Tower,2,22,2,0,26,0,75,16,0,91,2,97,18,0,117,0,0,0,117
06/11/2015,AKN,AK,AAL,WE,Federal Contract Tower,6,27,4,1,38,0,49,22,2,73,6,76,26,3,111,0,12,12,123
06/12/2015,AKN,AK,AAL,WE,Federal Contract Tower,2,38,12,0,52,0,42,14,0,56,2,80,26,0,108,0,0,0,108
06/13/2015,AKN,AK,AAL,WE,Federal Contract Tower,7,27,2,0,36,1,45,22,0,68,8,72,24,0,104,0,0,0,104
06/14/2015,AKN,AK,AAL,WE,Federal Contract Tower,2,13,1,0,16,0,60,24,0,84,2,73,25,0,100,0,0,0,100
06/15/2015,AKN,AK,AAL,WE,Federal Contract Tower,2,34,2,0,38,0,72,25,1,98,2,106,27,1,136,0,0,0,136
06/16/2015,AKN,AK,AAL,WE,Federal Contract Tower,4,25,2,0,31,0,60,26,0,86,4,85,28,0,117,0,0,0,117
06/17/2015,AKN,AK,AAL,WE,Federal Contract Tower,4,23,3,0,30,0,90,54,0,144,4,113,57,0,174,20,0,20,194
06/18/2015,AKN,AK,AAL,WE,Federal Contract Tower,4,36,4,4,48,0,109,42,0,151,4,145,46,4,199,14,0,14,213
06/19/2015,AKN,AK,AAL,WE,Federal Contract Tower,2,29,8,0,39,0,39,28,0,67,2,68,36,0,106,12,0,12,118
06/20/2015,AKN,AK,AAL,WE,Federal Contract Tower,9,30,0,0,39,1,90,43,0,134,10,120,43,0,173,38,0,38,211
06/21/2015,AKN,AK,AAL,WE,Federal Contract Tower,2,35,12,0,49,0,74,34,0,108,2,109,46,0,157,26,0,26,183
06/22/2015,AKN,AK,AAL,WE,Federal Contract Tower,4,24,3,0,31,0,100,56,0,156,4,124,59,0,187,8,0,8,195
06/23/2015,AKN,AK,AAL,WE,Federal Contract Tower,7,15,2,7,31,0,72,40,1,113,7,87,42,8,144,8,14,22,166
06/24/2015,AKN,AK,AAL,WE,Federal Contract Tower,2,57,7,0,66,0,97,37,0,134,2,154,44,0,200,0,0,0,200
06/25/2015,AKN,AK,AAL,WE,Federal Contract Tower,7,33,6,0,46,0,61,32,0,93,7,94,38,0,139,0,0,0,139
06/26/2015,AKN,AK,AAL,WE,Federal Contract Tower,2,18,3,2,25,0,80,54,0,134,2,98,57,2,159,0,0,0,159
06/27/2015,AKN,AK,AAL,WE,Federal Contract Tower,8,22,5,0,35,0,83,57,0,140,8,105,62,0,175,0,0,0,175
06/28/2015,AKN,AK,AAL,WE,Federal Contract Tower,2,19,2,0,23,0,95,45,0,140,2,114,47,0,163,0,0,0,163
06/29/2015,AKN,AK,AAL,WE,Federal Contract Tower,2,22,5,0,29,0,115,53,0,168,2,137,58,0,197,0,0,0,197
06/30/2015,AKN,AK,AAL,WE,Federal Contract Tower,6,19,6,1,32,0,99,41,3,143,6,118,47,4,175,2,2,4,179
07/01/2015,AKN,AK,AAL,WE,Federal Contract Tower,2,21,12,1,36,0,91,60,1,152,2,112,72,2,188,0,4,4,192
07/02/2015,AKN,AK,AAL,WE,Federal Contract Tower,4,36,8,2,50,0,102,35,1,138,4,138,43,3,188,0,14,14,202
07/03/2015,AKN,AK,AAL,WE,Federal Contract Tower,6,15,4,0,25,0,134,44,0,178,6,149,48,0,203,8,0,8,211
07/04/2015,AKN,AK,AAL,WE,Federal Contract Tower,6,18,0,0,24,0,94,27,0,121,6,112,27,0,145,0,0,0,145
07/05/2015,AKN,AK,AAL,WE,Federal Contract Tower,2,25,7,0,34,0,119,41,0,160,2,144,48,0,194,2,0,2,196
07/06/2015,AKN,AK,AAL,WE,Federal Contract Tower,6,22,7,0,35,2,135,32,0,169,8,157,39,0,204,6,0,6,210
07/07/2015,AKN,AK,AAL,WE,Federal Contract Tower,7,20,4,1,32,0,170,42,2,214,7,190,46,3,246,2,8,10,256
07/08/2015,AKN,AK,AAL,WE,Federal Contract Tower,4,28,4,0,36,0,145,44,0,189,4,173,48,0,225,0,0,0,225
07/09/2015,AKN,AK,AAL,WE,Federal Contract Tower,7,17,7,0,31,0,150,42,0,192,7,167,49,0,223,0,0,0,223
07/10/2015,AKN,AK,AAL,WE,Federal Contract Tower,8,21,9,0,38,0,132,50,0,182,8,153,59,0,220,0,0,0,220
07/11/2015,AKN,AK,AAL,WE,Federal Contract Tower,12,20,1,0,33,0,144,33,0,177,12,164,34,0,210,0,0,0,210
07/12/2015,AKN,AK,AAL,WE,Federal Contract Tower,15,26,11,0,52,0,136,35,0,171,15,162,46,0,223,0,0,0,223
07/13/2015,AKN,AK,AAL,WE,Federal Contract Tower,15,19,2,0,36,1,116,48,0,165,16,135,50,0,201,0,8,8,209
07/14/2015,AKN,AK,AAL,WE,Federal Contract Tower,17,17,3,0,37,0,130,45,0,175,17,147,48,0,212,2,0,2,214
07/15/2015,AKN,AK,AAL,WE,Federal Contract Tower,14,24,17,0,55,0,129,38,1,168,14,153,55,1,223,0,0,0,223
07/16/2015,AKN,AK,AAL,WE,Federal Contract Tower,8,24,5,2,39,0,110,19,0,129,8,134,24,2,168,0,0,0,168
07/17/2015,AKN,AK,AAL,WE,Federal Contract Tower,16,20,7,0,43,0,103,23,0,126,16,123,30,0,169,0,0,0,169
07/18/2015,AKN,AK,AAL,WE,Federal Contract Tower,13,23,0,0,36,0,126,59,0,185,13,149,59,0,221,0,0,0,221
07/19/2015,AKN,AK,AAL,WE,Federal Contract Tower,9,28,7,0,44,0,135,37,0,172,9,163,44,0,216,2,0,2,218
07/20/2015,AKN,AK,AAL,WE,Federal Contract Tower,7,40,1,0,48,0,138,36,0,174,7,178,37,0,222,0,0,0,222
07/21/2015,AKN,AK,AAL,WE,Federal Contract Tower,6,87,6,0,99,0,120,24,0,144,6,207,30,0,243,0,0,0,243
07/22/2015,AKN,AK,AAL,WE,Federal Contract Tower,2,66,7,0,75,0,79,14,0,93,2,145,21,0,168,0,0,0,168
07/23/2015,AKN,AK,AAL,WE,Federal Contract Tower,6,32,0,0,38,0,153,23,2,178,6,185,23,2,216,0,2,2,218
07/24/2015,AKN,AK,AAL,WE,Federal Contract Tower,5,32,7,0,44,0,129,40,0,169,5,161,47,0,213,0,0,0,213
07/25/2015,AKN,AK,AAL,WE,Federal Contract Tower,10,114,11,0,135,0,28,6,0,34,10,142,17,0,169,0,0,0,169
07/26/2015,AKN,AK,AAL,WE,Federal Contract Tower,13,80,18,0,111,0,80,21,0,101,13,160,39,0,212,0,0,0,212
07/27/2015,AKN,AK,AAL,WE,Federal Contract Tower,10,37,0,2,49,1,151,40,0,192,11,188,40,2,241,0,0,0,241
07/28/2015,AKN,AK,AAL,WE,Federal Contract Tower,11,70,5,0,86,0,80,19,0,99,11,150,24,0,185,0,0,0,185
07/29/2015,AKN,AK,AAL,WE,Federal Contract Tower,10,75,25,1,111,0,59,22,1,82,10,134,47,2,193,0,6,6,199
07/30/2015,AKN,AK,AAL,WE,Federal Contract Tower,7,42,10,0,59,0,117,42,2,161,7,159,52,2,220,6,0,6,226
07/31/2015,AKN,AK,AAL,WE,Federal Contract Tower,5,21,3,0,29,0,140,23,0,163,5,161,26,0,192,0,0,0,192
08/01/2015,AKN,AK,AAL,WE,Federal Contract Tower,6,18,3,0,27,0,88,50,0,138,6,106,53,0,165,0,0,0,165
08/02/2015,AKN,AK,AAL,WE,Federal Contract Tower,2,48,13,0,63,0,56,24,0,80,2,104,37,0,143,0,0,0,143
08/03/2015,AKN,AK,AAL,WE,Federal Contract Tower,3,23,3,0,29,1,103,46,0,150,4,126,49,0,179,0,0,0,179
08/04/2015,AKN,AK,AAL,WE,Federal Contract Tower,2,11,0,0,13,0,86,40,0,126,2,97,40,0,139,4,0,4,143
08/05/2015,AKN,AK,AAL,WE,Federal Contract Tower,4,22,12,1,39,0,79,49,0,128,4,101,61,1,167,6,9,15,182
08/06/2015,AKN,AK,AAL,WE,Federal Contract Tower,4,62,17,0,83,0,62,20,0,82,4,124,37,0,165,2,0,2,167
08/07/2015,AKN,AK,AAL,WE,Federal Contract Tower,4,20,3,0,27,0,74,32,0,106,4,94,35,0,133,0,0,0,133
08/08/2015,AKN,AK,AAL,WE,Federal Contract Tower,4,14,1,0,19,0,105,29,0,134,4,119,30,0,153,0,0,0,153
08/09/2015,AKN,AK,AAL,WE,Federal Contract Tower,0,54,15,0,69,0,8,3,0,11,0,62,18,0,80,0,0,0,80
08/10/2015,AKN,AK,AAL,WE,Federal Contract Tower,4,19,1,0,24,0,87,42,0,129,4,106,43,0,153,0,0,0,153
08/11/2015,AKN,AK,AAL,WE,Federal Contract Tower,2,13,4,0,19,0,66,37,0,103,2,79,41,0,122,0,0,0,122
08/12/2015,AKN,AK,AAL,WE,Federal Contract Tower,2,17,1,0,20,0,64,30,0,94,2,81,31,0,114,5,0,5,119
08/13/2015,AKN,AK,AAL,WE,Federal Contract Tower,0,41,8,0,49,0,41,20,0,61,0,82,28,0,110,0,0,0,110
08/14/2015,AKN,AK,AAL,WE,Federal Contract Tower,4,16,2,0,22,0,88,37,0,125,4,104,39,0,147,2,0,2,149
08/15/2015,AKN,AK,AAL,WE,Federal Contract Tower,0,17,4,0,21,0,85,40,0,125,0,102,44,0,146,0,0,0,146
08/16/2015,AKN,AK,AAL,WE,Federal Contract Tower,0,27,7,0,34,0,46,20,0,66,0,73,27,0,100,0,0,0,100
08/17/2015,AKN,AK,AAL,WE,Federal Contract Tower,2,20,3,0,25,0,105,48,0,153,2,125,51,0,178,0,0,0,178
08/18/2015,AKN,AK,AAL,WE,Federal Contract Tower,2,12,3,0,17,0,73,40,2,115,2,85,43,2,132,0,6,6,138
08/19/2015,AKN,AK,AAL,WE,Federal Contract Tower,2,13,0,4,19,0,91,35,0,126,2,104,35,4,145,0,0,0,145
08/20/2015,AKN,AK,AAL,WE,Federal Contract Tower,2,13,2,0,17,0,85,47,2,134,2,98,49,2,151,0,10,10,161
08/21/2015,AKN,AK,AAL,WE,Federal Contract Tower,2,18,5,0,25,0,82,42,0,124,2,100,47,0,149,2,0,2,151
08/22/2015,AKN,AK,AAL,WE,Federal Contract Tower,2,16,0,0,18,0,91,45,0,136,2,107,45,0,154,2,0,2,156
08/23/2015,AKN,AK,AAL,WE,Federal Contract Tower,0,16,6,0,22,0,67,15,0,82,0,83,21,0,104,0,0,0,104
08/24/2015,AKN,AK,AAL,WE,Federal Contract Tower,2,16,3,0,21,0,85,37,0,122,2,101,40,0,143,0,0,0,143
08/25/2015,AKN,AK,AAL,WE,Federal Contract Tower,2,63,10,0,75,0,29,5,0,34,2,92,15,0,109,0,0,0,109
08/26/2015,AKN,AK,AAL,WE,Federal Contract Tower,79,13,0,0,92,0,3,1,0,4,79,16,1,0,96,0,0,0,96
08/27/2015,AKN,AK,AAL,WE,Federal Contract Tower,2,11,1,0,14,0,65,26,0,91,2,76,27,0,105,0,0,0,105
08/28/2015,AKN,AK,AAL,WE,Federal Contract Tower,0,13,1,2,16,0,74,28,0,102,0,87,29,2,118,0,0,0,118
08/29/2015,AKN,AK,AAL,WE,Federal Contract Tower,4,28,7,0,39,0,60,12,0,72,4,88,19,0,111,0,0,0,111
08/30/2015,AKN,AK,AAL,WE,Federal Contract Tower,0,12,2,0,14,0,102,39,0,141,0,114,41,0,155,0,0,0,155
08/31/2015,AKN,AK,AAL,WE,Federal Contract Tower,0,12,1,0,13,0,81,24,0,105,0,93,25,0,118,0,0,0,118
09/01/2015,AKN,AK,AAL,WE,Federal Contract Tower,2,9,2,0,13,0,92,31,0,123,2,101,33,0,136,0,0,0,136
09/02/2015,AKN,AK,AAL,WE,Federal Contract Tower,0,17,2,0,19,0,98,20,0,118,0,115,22,0,137,0,0,0,137
09/03/2015,AKN,AK,AAL,WE,Federal Contract Tower,2,33,10,0,45,0,12,2,0,14,2,45,12,0,59,0,0,0,59
09/04/2015,AKN,AK,AAL,WE,Federal Contract Tower,0,45,11,0,56,0,44,15,0,59,0,89,26,0,115,0,0,0,115
09/05/2015,AKN,AK,AAL,WE,Federal Contract Tower,4,14,2,0,20,0,75,35,0,110,4,89,37,0,130,4,0,4,134
09/06/2015,AKN,AK,AAL,WE,Federal Contract Tower,0,12,2,0,14,0,49,34,0,83,0,61,36,0,97,0,0,0,97
09/07/2015,AKN,AK,AAL,WE,Federal Contract Tower,18,3,0,0,21,0,84,50,0,134,18,87,50,0,155,15,0,15,170
09/08/2015,AKN,AK,AAL,WE,Federal Contract Tower,0,9,3,0,12,0,54,30,0,84,0,63,33,0,96,0,0,0,96
09/09/2015,AKN,AK,AAL,WE,Federal Contract Tower,0,19,5,2,26,0,68,21,0,89,0,87,26,2,115,0,0,0,115
09/10/2015,AKN,AK,AAL,WE,Federal Contract Tower,2,13,2,0,17,0,47,24,0,71,2,60,26,0,88,0,0,0,88
09/11/2015,AKN,AK,AAL,WE,Federal Contract Tower,4,16,2,0,22,0,55,32,0,87,4,71,34,0,109,0,0,0,109
09/12/2015,AKN,AK,AAL,WE,Federal Contract Tower,2,14,1,0,17,0,61,31,0,92,2,75,32,0,109,0,0,0,109
09/13/2015,AKN,AK,AAL,WE,Federal Contract Tower,0,17,8,0,25,0,43,12,0,55,0,60,20,0,80,0,0,0,80
09/14/2015,AKN,AK,AAL,WE,Federal Contract Tower,2,17,6,0,25,0,54,11,0,65,2,71,17,0,90,0,0,0,90
09/15/2015,AKN,AK,AAL,WE,Federal Contract Tower,2,15,3,1,21,0,50,19,1,70,2,65,22,2,91,4,8,12,103
09/16/2015,AKN,AK,AAL,WE,Federal Contract Tower,0,6,1,0,7,0,44,18,0,62,0,50,19,0,69,0,0,0,69
09/17/2015,AKN,AK,AAL,WE,Federal Contract Tower,2,9,0,2,13,0,68,27,0,95,2,77,27,2,108,0,0,0,108
09/18/2015,AKN,AK,AAL,WE,Federal Contract Tower,4,12,3,0,19,0,54,28,0,82,4,66,31,0,101,0,0,0,101
09/19/2015,AKN,AK,AAL,WE,Federal Contract Tower,2,6,3,0,11,0,66,24,0,90,2,72,27,0,101,6,0,6,107
09/20/2015,AKN,AK,AAL,WE,Federal Contract Tower,0,30,4,0,34,0,32,2,0,34,0,62,6,0,68,0,0,0,68
09/21/2015,AKN,AK,AAL,WE,Federal Contract Tower,2,9,4,0,15,0,70,25,0,95,2,79,29,0,110,4,0,4,114
09/22/2015,AKN,AK,AAL,WE,Federal Contract Tower,0,6,0,0,6,0,26,17,2,45,0,32,17,2,51,2,6,8,59
09/23/2015,AKN,AK,AAL,WE,Federal Contract Tower,2,8,0,0,10,0,75,23,2,100,2,83,23,2,110,4,0,4,114
09/24/2015,AKN,AK,AAL,WE,Federal Contract Tower,2,11,2,2,17,0,33,15,2,50,2,44,17,4,67,0,8,8,75
09/25/2015,AKN,AK,AAL,WE,Federal Contract Tower,2,30,6,0,38,0,17,2,0,19,2,47,8,0,57,0,0,0,57
09/26/2015,AKN,AK,AAL,WE,Federal Contract Tower,2,29,10,0,41,0,7,5,0,12,2,36,15,0,53,0,0,0,53
09/27/2015,AKN,AK,AAL,WE,Federal Contract Tower,0,13,2,0,15,0,28,9,0,37,0,41,11,0,52,0,0,0,52
09/28/2015,AKN,AK,AAL,WE,Federal Contract Tower,2,23,12,0,37,0,7,8,0,15,2,30,20,0,52,0,0,0,52
09/29/2015,AKN,AK,AAL,WE,Federal Contract Tower,0,9,2,0,11,0,14,2,0,16,0,23,4,0,27,0,0,0,27
09/30/2015,AKN,AK,AAL,WE,Federal Contract Tower,1,12,1,0,14,0,97,40,0,137,1,109,41,0,151,6,0,6,157
10/01/2015,AKN,AK,AAL,WE,Federal Contract Tower,2,8,1,0,11,0,43,29,0,72,2,51,30,0,83,10,0,10,93
10/02/2015,AKN,AK,AAL,WE,Federal Contract Tower,2,12,1,0,15,0,31,11,0,42,2,43,12,0,57,0,0,0,57
10/03/2015,AKN,AK,AAL,WE,Federal Contract Tower,0,18,1,0,19,0,21,14,0,35,0,39,15,0,54,4,0,4,58
10/04/2015,AKN,AK,AAL,WE,Federal Contract Tower,0,9,1,2,12,0,12,13,0,25,0,21,14,2,37,0,6,6,43
10/05/2015,AKN,AK,AAL,WE,Federal Contract Tower,2,12,0,0,14,0,21,27,0,48,2,33,27,0,62,0,0,0,62
10/06/2015,AKN,AK,AAL,WE,Federal Contract Tower,2,8,0,2,12,0,32,15,0,47,2,40,15,2,59,0,0,0,59
10/07/2015,AKN,AK,AAL,WE,Federal Contract Tower,2,18,4,0,24,0,26,4,0,30,2,44,8,0,54,0,0,0,54
10/08/2015,AKN,AK,AAL,WE,Federal Contract Tower,0,4,0,0,4,0,30,7,0,37,0,34,7,0,41,6,0,6,47
10/09/2015,AKN,AK,AAL,WE,Federal Contract Tower,2,11,1,0,14,0,43,21,0,64,2,54,22,0,78,0,0,0,78
10/10/2015,AKN,AK,AAL,WE,Federal Contract Tower,2,4,0,0,6,0,37,12,0,49,2,41,12,0,55,4,0,4,59
10/11/2015,AKN,AK,AAL,WE,Federal Contract Tower,0,6,1,0,7,0,24,9,0,33,0,30,10,0,40,0,0,0,40
10/12/2015,AKN,AK,AAL,WE,Federal Contract Tower,2,11,0,0,13,0,28,4,0,32,2,39,4,0,45,0,0,0,45
10/13/2015,AKN,AK,AAL,WE,Federal Contract Tower,0,6,2,0,8,0,29,6,0,35,0,35,8,0,43,0,0,0,43
10/14/2015,AKN,AK,AAL,WE,Federal Contract Tower,2,4,0,1,7,0,31,13,1,45,2,35,13,2,52,10,6,16,68
10/15/2015,AKN,AK,AAL,WE,Federal Contract Tower,2,6,0,0,8,0,27,11,3,41,2,33,11,3,49,4,2,6,55
10/16/2015,AKN,AK,AAL,WE,Federal Contract Tower,0,10,0,0,10,0,16,10,5,31,0,26,10,5,41,0,0,0,41
10/17/2015,AKN,AK,AAL,WE,Federal Contract Tower,0,13,0,0,13,0,29,2,0,31,0,42,2,0,44,6,0,6,50
10/18/2015,AKN,AK,AAL,WE,Federal Contract Tower,0,8,1,0,9,0,10,7,0,17,0,18,8,0,26,0,0,0,26
10/19/2015,AKN,AK,AAL,WE,Federal Contract Tower,2,9,0,0,11,0,27,10,0,37,2,36,10,0,48,6,0,6,54
10/20/2015,AKN,AK,AAL,WE,Federal Contract Tower,2,8,0,0,10,0,30,9,2,41,2,38,9,2,51,2,2,4,55
10/21/2015,AKN,AK,AAL,WE,Federal Contract Tower,2,4,0,0,6,0,14,12,2,28,2,18,12,2,34,0,0,0,34
10/22/2015,AKN,AK,AAL,WE,Federal Contract Tower,0,10,2,2,14,0,7,4,0,11,0,17,6,2,25,10,0,10,35
10/23/2015,AKN,AK,AAL,WE,Federal Contract Tower,4,6,0,4,14,0,19,10,0,29,4,25,10,4,43,2,0,2,45
10/24/2015,AKN,AK,AAL,WE,Federal Contract Tower,2,4,0,0,6,0,14,7,0,21,2,18,7,0,27,0,0,0,27
10/25/2015,AKN,AK,AAL,WE,Federal Contract Tower,0,4,0,0,4,0,13,6,0,19,0,17,6,0,23,0,0,0,23
10/26/2015,AKN,AK,AAL,WE,Federal Contract Tower,2,13,0,0,15,0,9,0,0,9,2,22,0,0,24,0,0,0,24
10/27/2015,AKN,AK,AAL,WE,Federal Contract Tower,0,9,0,0,9,0,17,3,0,20,0,26,3,0,29,6,0,6,35
10/28/2015,AKN,AK,AAL,WE,Federal Contract Tower,2,8,0,1,11,0,20,18,0,38,2,28,18,1,49,0,4,4,53
10/29/2015,AKN,AK,AAL,WE,Federal Contract Tower,2,6,0,0,8,0,14,10,0,24,2,20,10,0,32,0,0,0,32
10/30/2015,AKN,AK,AAL,WE,Federal Contract Tower,2,8,0,0,10,0,11,0,0,11,2,19,0,0,21,0,0,0,21
10/31/2015,AKN,AK,AAL,WE,Federal Contract Tower,2,4,0,0,6,0,15,19,0,34,2,19,19,0,40,10,0,10,50
11/01/2015,AKN,AK,AAL,WE,Federal Contract Tower,0,9,0,0,9,0,10,6,0,16,0,19,6,0,25,0,0,0,25
11/02/2015,AKN,AK,AAL,WE,Federal Contract Tower,2,6,0,0,8,0,14,6,0,20,2,20,6,0,28,0,0,0,28
11/03/2015,AKN,AK,AAL,WE,Federal Contract Tower,2,5,0,0,7,0,19,7,2,28,2,24,7,2,35,8,12,20,55
11/04/2015,AKN,AK,AAL,WE,Federal Contract Tower,4,5,0,0,9,0,19,8,0,27,4,24,8,0,36,0,0,0,36
11/05/2015,AKN,AK,AAL,WE,Federal Contract Tower,0,9,0,0,9,0,16,3,0,19,0,25,3,0,28,16,0,16,44
11/06/2015,AKN,AK,AAL,WE,Federal Contract Tower,2,8,0,0,10,0,16,1,0,17,2,24,1,0,27,3,0,3,30
11/07/2015,AKN,AK,AAL,WE,Federal Contract Tower,2,8,0,0,10,0,17,4,0,21,2,25,4,0,31,9,0,9,40
11/08/2015,AKN,AK,AAL,WE,Federal Contract Tower,0,10,0,0,10,0,2,0,0,2,0,12,0,0,12,0,0,0,12
11/09/2015,AKN,AK,AAL,WE,Federal Contract Tower,0,10,0,0,10,0,8,4,0,12,0,18,4,0,22,0,0,0,22
11/10/2015,AKN,AK,AAL,WE,Federal Contract Tower,0,12,0,1,13,0,13,9,1,23,0,25,9,2,36,13,8,21,57
11/11/2015,AKN,AK,AAL,WE,Federal Contract Tower,0,8,0,0,8,0,13,0,0,13,0,21,0,0,21,0,0,0,21
11/12/2015,AKN,AK,AAL,WE,Federal Contract Tower,4,10,0,0,14,0,20,0,0,20,4,30,0,0,34,0,0,0,34
11/13/2015,AKN,AK,AAL,WE,Federal Contract Tower,0,6,0,0,6,0,17,0,0,17,0,23,0,0,23,0,0,0,23
11/14/2015,AKN,AK,AAL,WE,Federal Contract Tower,0,11,0,0,11,0,16,5,0,21,0,27,5,0,32,0,0,0,32
11/15/2015,AKN,AK,AAL,WE,Federal Contract Tower,0,6,2,0,8,0,7,3,0,10,0,13,5,0,18,0,0,0,18
11/16/2015,AKN,AK,AAL,WE,Federal Contract Tower,2,13,0,0,15,0,8,4,0,12,2,21,4,0,27,0,0,0,27
11/17/2015,AKN,AK,AAL,WE,Federal Contract Tower,0,5,0,4,9,0,9,2,0,11,0,14,2,4,20,0,0,0,20
11/18/2015,AKN,AK,AAL,WE,Federal Contract Tower,2,13,0,0,15,0,1,0,0,1,2,14,0,0,16,0,0,0,16
11/19/2015,AKN,AK,AAL,WE,Federal Contract Tower,0,10,0,0,10,0,5,0,0,5,0,15,0,0,15,0,0,0,15
11/20/2015,AKN,AK,AAL,WE,Federal Contract Tower,0,15,0,0,15,0,19,0,0,19,0,34,0,0,34,0,0,0,34
11/21/2015,AKN,AK,AAL,WE,Federal Contract Tower,0,10,2,0,12,0,25,0,0,25,0,35,2,0,37,0,0,0,37
11/22/2015,AKN,AK,AAL,WE,Federal Contract Tower,0,5,0,0,5,0,7,0,0,7,0,12,0,0,12,0,0,0,12
11/23/2015,AKN,AK,AAL,WE,Federal Contract Tower,2,12,0,2,16,0,4,4,0,8,2,16,4,2,24,0,12,12,36
11/24/2015,AKN,AK,AAL,WE,Federal Contract Tower,0,11,0,0,11,0,4,0,0,4,0,15,0,0,15,0,0,0,15
11/25/2015,AKN,AK,AAL,WE,Federal Contract Tower,2,10,0,0,12,0,1,0,0,1,2,11,0,0,13,0,0,0,13
11/26/2015,AKN,AK,AAL,WE,Federal Contract Tower,0,0,0,0,0,0,2,2,0,4,0,2,2,0,4,0,0,0,4
11/27/2015,AKN,AK,AAL,WE,Federal Contract Tower,0,6,0,0,6,0,14,2,0,16,0,20,2,0,22,4,0,4,26
11/28/2015,AKN,AK,AAL,WE,Federal Contract Tower,2,5,0,0,7,0,7,0,0,7,2,12,0,0,14,0,0,0,14
11/29/2015,AKN,AK,AAL,WE,Federal Contract Tower,0,7,0,0,7,0,10,1,0,11,0,17,1,0,18,0,0,0,18
11/30/2015,AKN,AK,AAL,WE,Federal Contract Tower,2,6,0,0,8,0,14,0,0,14,2,20,0,0,22,0,0,0,22
12/01/2015,AKN,AK,AAL,WE,Federal Contract Tower,0,7,0,1,8,0,16,6,1,23,0,23,6,2,31,2,12,14,45
12/02/2015,AKN,AK,AAL,WE,Federal Contract Tower,2,8,0,0,10,0,12,2,2,16,2,20,2,2,26,0,10,10,36
12/03/2015,AKN,AK,AAL,WE,Federal Contract Tower,2,2,6,0,10,0,3,3,0,6,2,5,9,0,16,0,0,0,16
12/04/2015,AKN,AK,AAL,WE,Federal Contract Tower,2,15,1,0,18,0,3,0,0,3,2,18,1,0,21,0,0,0,21
12/05/2015,AKN,AK,AAL,WE,Federal Contract Tower,0,5,0,0,5,0,11,4,0,15,0,16,4,0,20,0,0,0,20
12/06/2015,AKN,AK,AAL,WE,Federal Contract Tower,0,5,0,0,5,0,13,1,0,14,0,18,1,0,19,0,0,0,19
12/07/2015,AKN,AK,AAL,WE,Federal Contract Tower,2,9,1,0,12,0,13,2,0,15,2,22,3,0,27,12,0,12,39
12/08/2015,AKN,AK,AAL,WE,Federal Contract Tower,2,5,0,0,7,0,12,3,0,15,2,17,3,0,22,0,0,0,22
12/09/2015,AKN,AK,AAL,WE,Federal Contract Tower,2,5,0,0,7,0,18,0,0,18,2,23,0,0,25,0,0,0,25
12/10/2015,AKN,AK,AAL,WE,Federal Contract Tower,2,4,0,3,9,0,14,10,0,24,2,18,10,3,33,2,10,12,45
12/11/2015,AKN,AK,AAL,WE,Federal Contract Tower,2,10,0,0,12,0,13,0,0,13,2,23,0,0,25,0,0,0,25
12/12/2015,AKN,AK,AAL,WE,Federal Contract Tower,0,5,0,0,5,0,14,0,0,14,0,19,0,0,19,0,0,0,19
12/13/2015,AKN,AK,AAL,WE,Federal Contract Tower,0,4,0,0,4,0,2,0,0,2,0,6,0,0,6,0,0,0,6
12/14/2015,AKN,AK,AAL,WE,Federal Contract Tower,0,11,0,0,11,0,8,0,0,8,0,19,0,0,19,0,0,0,19
12/15/2015,AKN,AK,AAL,WE,Federal Contract Tower,0,5,2,2,9,0,14,1,0,15,0,19,3,2,24,0,0,0,24
12/16/2015,AKN,AK,AAL,WE,Federal Contract Tower,2,16,0,0,18,0,15,2,0,17,2,31,2,0,35,0,0,0,35
12/17/2015,AKN,AK,AAL,WE,Federal Contract Tower,2,4,0,0,6,0,14,6,0,20,2,18,6,0,26,0,0,0,26
12/18/2015,AKN,AK,AAL,WE,Federal Contract Tower,0,4,0,0,4,0,5,0,0,5,0,9,0,0,9,0,0,0,9
12/19/2015,AKN,AK,AAL,WE,Federal Contract Tower,0,4,2,0,6,0,6,0,0,6,0,10,2,0,12,0,0,0,12
12/20/2015,AKN,AK,AAL,WE,Federal Contract Tower,0,7,0,0,7,0,7,2,0,9,0,14,2,0,16,0,0,0,16
12/21/2015,AKN,AK,AAL,WE,Federal Contract Tower,2,7,0,4,13,0,6,1,0,7,2,13,1,4,20,0,0,0,20
12/22/2015,AKN,AK,AAL,WE,Federal Contract Tower,0,13,0,0,13,0,12,2,0,14,0,25,2,0,27,11,0,11,38
12/23/2015,AKN,AK,AAL,WE,Federal Contract Tower,2,5,0,0,7,0,7,1,0,8,2,12,1,0,15,0,0,0,15
12/24/2015,AKN,AK,AAL,WE,Federal Contract Tower,2,5,0,0,7,0,8,1,0,9,2,13,1,0,16,2,0,2,18
12/25/2015,AKN,AK,AAL,WE,Federal Contract Tower,0,0,0,0,0,0,0,0,0,0,0,0,0,0,0,0,0,0,0
12/26/2015,AKN,AK,AAL,WE,Federal Contract Tower,0,4,0,0,4,0,10,0,0,10,0,14,0,0,14,0,0,0,14
12/27/2015,AKN,AK,AAL,WE,Federal Contract Tower,0,9,0,0,9,0,3,1,0,4,0,12,1,0,13,0,0,0,13
12/28/2015,AKN,AK,AAL,WE,Federal Contract Tower,0,10,0,0,10,0,9,0,0,9,0,19,0,0,19,0,0,0,19
12/29/2015,AKN,AK,AAL,WE,Federal Contract Tower,0,21,0,0,21,0,3,0,0,3,0,24,0,0,24,0,0,0,24
12/30/2015,AKN,AK,AAL,WE,Federal Contract Tower,0,9,0,0,9,0,2,0,0,2,0,11,0,0,11,0,0,0,11
12/31/2015,AKN,AK,AAL,WE,Federal Contract Tower,2,13,0,0,15,0,9,4,0,13,2,22,4,0,28,0,0,0,28
01/01/2016,AKN,AK,AAL,WE,Federal Contract Tower,0,0,0,0,0,0,0,0,0,0,0,0,0,0,0,0,0,0,0
01/02/2016,AKN,AK,AAL,WE,Federal Contract Tower,2,12,0,0,14,0,8,1,0,9,2,20,1,0,23,0,0,0,23
01/03/2016,AKN,AK,AAL,WE,Federal Contract Tower,0,11,0,0,11,0,4,0,0,4,0,15,0,0,15,0,0,0,15
01/04/2016,AKN,AK,AAL,WE,Federal Contract Tower,0,10,0,0,10,0,15,3,0,18,0,25,3,0,28,0,0,0,28
01/05/2016,AKN,AK,AAL,WE,Federal Contract Tower,0,18,0,0,18,0,8,0,0,8,0,26,0,0,26,0,0,0,26
01/06/2016,AKN,AK,AAL,WE,Federal Contract Tower,2,15,0,0,17,0,9,10,0,19,2,24,10,0,36,2,0,2,38
01/07/2016,AKN,AK,AAL,WE,Federal Contract Tower,0,11,0,0,11,0,12,5,0,17,0,23,5,0,28,10,0,10,38
01/08/2016,AKN,AK,AAL,WE,Federal Contract Tower,2,13,1,0,16,0,15,0,0,15,2,28,1,0,31,0,0,0,31
01/09/2016,AKN,AK,AAL,WE,Federal Contract Tower,0,10,0,0,10,0,12,0,0,12,0,22,0,0,22,0,0,0,22
01/10/2016,AKN,AK,AAL,WE,Federal Contract Tower,0,18,0,0,18,0,5,1,0,6,0,23,1,0,24,0,0,0,24
01/11/2016,AKN,AK,AAL,WE,Federal Contract Tower,2,12,0,0,14,0,15,1,0,16,2,27,1,0,30,0,0,0,30
01/12/2016,AKN,AK,AAL,WE,Federal Contract Tower,0,14,0,0,14,0,20,11,0,31,0,34,11,0,45,11,0,11,56
01/13/2016,AKN,AK,AAL,WE,Federal Contract Tower,2,4,0,0,6,0,15,2,0,17,2,19,2,0,23,0,0,0,23
01/14/2016,AKN,AK,AAL,WE,Federal Contract Tower,0,7,0,1,8,0,19,0,3,22,0,26,0,4,30,0,16,16,46
01/15/2016,AKN,AK,AAL,WE,Federal Contract Tower,2,12,0,0,14,0,18,0,0,18,2,30,0,0,32,6,0,6,38
01/16/2016,AKN,AK,AAL,WE,Federal Contract Tower,2,10,0,0,12,0,9,1,0,10,2,19,1,0,22,0,0,0,22
01/17/2016,AKN,AK,AAL,WE,Federal Contract Tower,0,14,0,0,14,0,9,0,0,9,0,23,0,0,23,0,0,0,23
01/18/2016,AKN,AK,AAL,WE,Federal Contract Tower,0,12,0,1,13,0,13,3,2,18,0,25,3,3,31,0,8,8,39
01/19/2016,AKN,AK,AAL,WE,Federal Contract Tower,2,8,0,0,10,0,21,0,0,21,2,29,0,0,31,0,0,0,31
01/20/2016,AKN,AK,AAL,WE,Federal Contract Tower,2,15,0,0,17,0,28,4,0,32,2,43,4,0,49,2,0,2,51
01/21/2016,AKN,AK,AAL,WE,Federal Contract Tower,0,11,0,2,13,0,14,4,0,18,0,25,4,2,31,0,12,12,43
01/22/2016,AKN,AK,AAL,WE,Federal Contract Tower,2,11,0,1,14,0,18,7,1,26,2,29,7,2,40,8,10,18,58
01/23/2016,AKN,AK,AAL,WE,Federal Contract Tower,2,11,0,0,13,0,14,0,0,14,2,25,0,0,27,0,0,0,27
01/24/2016,AKN,AK,AAL,WE,Federal Contract Tower,0,17,0,1,18,0,25,2,1,28,0,42,2,2,46,14,0,14,60
01/25/2016,AKN,AK,AAL,WE,Federal Contract Tower,0,19,0,4,23,0,15,2,2,19,0,34,2,6,42,0,0,0,42
01/26/2016,AKN,AK,AAL,WE,Federal Contract Tower,0,11,0,0,11,0,25,1,0,26,0,36,1,0,37,0,0,0,37
01/27/2016,AKN,AK,AAL,WE,Federal Contract Tower,0,8,0,2,10,0,16,2,0,18,0,24,2,2,28,4,6,10,38
01/28/2016,AKN,AK,AAL,WE,Federal Contract Tower,2,6,0,2,10,0,13,5,0,18,2,19,5,2,28,0,0,0,28
01/29/2016,AKN,AK,AAL,WE,Federal Contract Tower,2,7,0,3,12,0,13,0,1,14,2,20,0,4,26,0,0,0,26
01/30/2016,AKN,AK,AAL,WE,Federal Contract Tower,0,5,0,0,5,0,7,0,0,7,0,12,0,0,12,0,0,0,12
01/31/2016,AKN,AK,AAL,WE,Federal Contract Tower,0,5,0,0,5,0,4,0,0,4,0,9,0,0,9,0,0,0,9
02/01/2016,AKN,AK,AAL,WE,Federal Contract Tower,0,4,0,0,4,0,17,0,0,17,0,21,0,0,21,0,0,0,21
02/02/2016,AKN,AK,AAL,WE,Federal Contract Tower,2,6,0,2,10,0,18,4,0,22,2,24,4,2,32,20,0,20,52
02/03/2016,AKN,AK,AAL,WE,Federal Contract Tower,0,2,7,0,9,0,16,2,0,18,0,18,9,0,27,0,0,0,27
02/04/2016,AKN,AK,AAL,WE,Federal Contract Tower,0,7,0,1,8,0,15,0,1,16,0,22,0,2,24,0,10,10,34
02/05/2016,AKN,AK,AAL,WE,Federal Contract Tower,2,6,0,0,8,0,19,0,0,19,2,25,0,0,27,0,0,0,27
02/06/2016,AKN,AK,AAL,WE,Federal Contract Tower,0,6,0,0,6,0,14,2,0,16,0,20,2,0,22,0,0,0,22
02/07/2016,AKN,AK,AAL,WE,Federal Contract Tower,0,4,0,0,4,0,7,2,0,9,0,11,2,0,13,0,0,0,13
02/08/2016,AKN,AK,AAL,WE,Federal Contract Tower,2,5,2,0,9,0,17,2,0,19,2,22,4,0,28,0,0,0,28
02/09/2016,AKN,AK,AAL,WE,Federal Contract Tower,2,6,0,0,8,0,19,3,0,22,2,25,3,0,30,0,0,0,30
02/10/2016,AKN,AK,AAL,WE,Federal Contract Tower,2,13,0,0,15,0,20,2,0,22,2,33,2,0,37,0,0,0,37
02/11/2016,AKN,AK,AAL,WE,Federal Contract Tower,2,8,0,0,10,0,15,2,7,24,2,23,2,7,34,14,23,37,71
02/12/2016,AKN,AK,AAL,WE,Federal Contract Tower,2,7,0,0,9,0,17,3,0,20,2,24,3,0,29,0,0,0,29
02/13/2016,AKN,AK,AAL,WE,Federal Contract Tower,0,5,0,0,5,0,10,0,0,10,0,15,0,0,15,0,0,0,15
02/14/2016,AKN,AK,AAL,WE,Federal Contract Tower,0,6,0,0,6,0,5,2,0,7,0,11,2,0,13,0,0,0,13
02/15/2016,AKN,AK,AAL,WE,Federal Contract Tower,2,9,0,0,11,0,19,5,0,24,2,28,5,0,35,0,0,0,35
02/16/2016,AKN,AK,AAL,WE,Federal Contract Tower,0,11,0,0,11,0,0,0,0,0,0,11,0,0,11,0,0,0,11
02/17/2016,AKN,AK,AAL,WE,Federal Contract Tower,2,5,0,0,7,0,8,0,0,8,2,13,0,0,15,0,0,0,15
02/18/2016,AKN,AK,AAL,WE,Federal Contract Tower,0,11,2,2,15,0,15,1,0,16,0,26,3,2,31,0,0,0,31
02/19/2016,AKN,AK,AAL,WE,Federal Contract Tower,2,5,0,0,7,0,17,1,0,18,2,22,1,0,25,0,0,0,25
02/20/2016,AKN,AK,AAL,WE,Federal Contract Tower,0,4,0,0,4,0,16,0,0,16,0,20,0,0,20,0,0,0,20
02/21/2016,AKN,AK,AAL,WE,Federal Contract Tower,0,6,0,0,6,0,8,2,0,10,0,14,2,0,16,0,0,0,16
02/22/2016,AKN,AK,AAL,WE,Federal Contract Tower,2,6,0,0,8,0,26,0,0,26,2,32,0,0,34,0,0,0,34
02/23/2016,AKN,AK,AAL,WE,Federal Contract Tower,0,4,0,0,4,0,8,0,0,8,0,12,0,0,12,0,0,0,12
02/24/2016,AKN,AK,AAL,WE,Federal Contract Tower,2,16,0,1,19,0,21,2,1,24,2,37,2,2,43,0,10,10,53
02/25/2016,AKN,AK,AAL,WE,Federal Contract Tower,2,10,2,1,15,0,19,3,1,23,2,29,5,2,38,12,10,22,60
02/26/2016,AKN,AK,AAL,WE,Federal Contract Tower,2,8,0,0,10,0,20,2,0,22,2,28,2,0,32,0,0,0,32
02/27/2016,AKN,AK,AAL,WE,Federal Contract Tower,0,2,0,0,2,0,15,2,0,17,0,17,2,0,19,0,0,0,19
02/28/2016,AKN,AK,AAL,WE,Federal Contract Tower,0,4,0,0,4,0,4,0,0,4,0,8,0,0,8,0,0,0,8
02/29/2016,AKN,AK,AAL,WE,Federal Contract Tower,0,6,0,0,6,0,4,0,0,4,0,10,0,0,10,0,0,0,10
03/01/2016,AKN,AK,AAL,WE,Federal Contract Tower,0,10,0,0,10,0,19,1,0,20,0,29,1,0,30,0,0,0,30
03/02/2016,AKN,AK,AAL,WE,Federal Contract Tower,4,5,2,0,11,0,13,6,0,19,4,18,8,0,30,0,0,0,30
03/03/2016,AKN,AK,AAL,WE,Federal Contract Tower,0,8,0,5,13,0,26,3,2,31,0,34,3,7,44,6,10,16,60
03/04/2016,AKN,AK,AAL,WE,Federal Contract Tower,2,4,0,0,6,0,19,0,0,19,2,23,0,0,25,0,0,0,25
03/05/2016,AKN,AK,AAL,WE,Federal Contract Tower,2,8,1,0,11,0,3,0,0,3,2,11,1,0,14,0,0,0,14
03/06/2016,AKN,AK,AAL,WE,Federal Contract Tower,0,4,0,0,4,0,11,9,0,20,0,15,9,0,24,0,0,0,24
03/07/2016,AKN,AK,AAL,WE,Federal Contract Tower,0,13,0,0,13,0,4,0,0,4,0,17,0,0,17,0,0,0,17
03/08/2016,AKN,AK,AAL,WE,Federal Contract Tower,0,11,0,0,11,0,11,0,0,11,0,22,0,0,22,0,0,0,22
03/09/2016,AKN,AK,AAL,WE,Federal Contract Tower,4,7,0,1,12,0,34,1,1,36,4,41,1,2,48,0,2,2,50
03/10/2016,AKN,AK,AAL,WE,Federal Contract Tower,0,5,2,0,7,0,12,1,0,13,0,17,3,0,20,0,0,0,20
03/11/2016,AKN,AK,AAL,WE,Federal Contract Tower,2,4,0,1,7,0,27,5,1,33,2,31,5,2,40,0,4,4,44
03/12/2016,AKN,AK,AAL,WE,Federal Contract Tower,2,3,0,0,5,0,19,0,0,19,2,22,0,0,24,0,0,0,24
03/13/2016,AKN,AK,AAL,WE,Federal Contract Tower,0,8,0,0,8,0,10,6,0,16,0,18,6,0,24,0,0,0,24
03/14/2016,AKN,AK,AAL,WE,Federal Contract Tower,2,12,1,0,15,0,6,2,0,8,2,18,3,0,23,0,0,0,23
03/15/2016,AKN,AK,AAL,WE,Federal Contract Tower,6,0,0,0,6,0,15,8,2,25,6,15,8,2,31,8,18,26,57
03/16/2016,AKN,AK,AAL,WE,Federal Contract Tower,4,4,0,0,8,0,15,3,0,18,4,19,3,0,26,0,0,0,26
03/17/2016,AKN,AK,AAL,WE,Federal Contract Tower,0,4,0,0,4,0,17,2,0,19,0,21,2,0,23,0,0,0,23
03/18/2016,AKN,AK,AAL,WE,Federal Contract Tower,0,4,0,0,4,0,6,2,0,8,0,10,2,0,12,0,0,0,12
03/19/2016,AKN,AK,AAL,WE,Federal Contract Tower,4,2,0,1,7,0,16,3,1,20,4,18,3,2,27,0,4,4,31
03/20/2016,AKN,AK,AAL,WE,Federal Contract Tower,0,10,0,0,10,0,1,0,0,1,0,11,0,0,11,0,0,0,11
03/21/2016,AKN,AK,AAL,WE,Federal Contract Tower,0,21,0,0,21,0,10,0,0,10,0,31,0,0,31,0,0,0,31
03/22/2016,AKN,AK,AAL,WE,Federal Contract Tower,4,0,0,0,4,0,11,1,0,12,4,11,1,0,16,0,0,0,16
03/23/2016,AKN,AK,AAL,WE,Federal Contract Tower,4,5,0,0,9,0,17,0,0,17,4,22,0,0,26,0,0,0,26
03/24/2016,AKN,AK,AAL,WE,Federal Contract Tower,0,9,0,0,9,0,12,4,0,16,0,21,4,0,25,6,0,6,31
03/25/2016,AKN,AK,AAL,WE,Federal Contract Tower,2,6,1,0,9,0,22,2,0,24,2,28,3,0,33,0,0,0,33
03/26/2016,AKN,AK,AAL,WE,Federal Contract Tower,2,3,2,0,7,0,11,3,0,14,2,14,5,0,21,0,0,0,21
03/27/2016,AKN,AK,AAL,WE,Federal Contract Tower,0,6,0,0,6,0,1,0,0,1,0,7,0,0,7,0,0,0,7
03/28/2016,AKN,AK,AAL,WE,Federal Contract Tower,0,0,0,0,0,0,2,2,0,4,0,2,2,0,4,0,0,0,4
03/29/2016,AKN,AK,AAL,WE,Federal Contract Tower,0,0,0,0,0,0,5,5,0,10,0,5,5,0,10,0,0,0,10
03/30/2016,AKN,AK,AAL,WE,Federal Contract Tower,2,6,0,0,8,0,15,5,0,20,2,21,5,0,28,0,0,0,28
03/31/2016,AKN,AK,AAL,WE,Federal Contract Tower,2,10,0,0,12,0,11,1,0,12,2,21,1,0,24,0,0,0,24
04/01/2016,AKN,AK,AAL,WE,Federal Contract Tower,2,10,0,0,12,0,19,2,0,21,2,29,2,0,33,12,0,12,45
04/02/2016,AKN,AK,AAL,WE,Federal Contract Tower,2,3,0,0,5,0,20,11,0,31,2,23,11,0,36,26,0,26,62
04/03/2016,AKN,AK,AAL,WE,Federal Contract Tower,0,6,0,0,6,0,0,0,0,0,0,6,0,0,6,0,0,0,6
04/04/2016,AKN,AK,AAL,WE,Federal Contract Tower,0,5,0,0,5,0,23,2,0,25,0,28,2,0,30,0,0,0,30
04/05/2016,AKN,AK,AAL,WE,Federal Contract Tower,2,9,0,0,11,0,18,15,0,33,2,27,15,0,44,6,0,6,50
04/06/2016,AKN,AK,AAL,WE,Federal Contract Tower,2,8,0,0,10,0,18,3,0,21,2,26,3,0,31,0,0,0,31
04/07/2016,AKN,AK,AAL,WE,Federal Contract Tower,2,4,0,0,6,0,16,7,0,23,2,20,7,0,29,6,0,6,35
04/08/2016,AKN,AK,AAL,WE,Federal Contract Tower,2,5,0,0,7,0,13,14,0,27,2,18,14,0,34,0,0,0,34
04/09/2016,AKN,AK,AAL,WE,Federal Contract Tower,0,2,0,0,2,0,4,7,0,11,0,6,7,0,13,0,0,0,13
04/10/2016,AKN,AK,AAL,WE,Federal Contract Tower,0,6,0,0,6,0,10,8,0,18,0,16,8,0,24,0,0,0,24
04/11/2016,AKN,AK,AAL,WE,Federal Contract Tower,2,5,0,0,7,0,16,6,0,22,2,21,6,0,29,0,0,0,29
04/12/2016,AKN,AK,AAL,WE,Federal Contract Tower,2,7,0,2,11,0,20,6,0,26,2,27,6,2,37,0,4,4,41
04/13/2016,AKN,AK,AAL,WE,Federal Contract Tower,2,4,0,3,9,0,29,15,2,46,2,33,15,5,55,8,14,22,77
04/14/2016,AKN,AK,AAL,WE,Federal Contract Tower,0,6,0,0,6,0,34,6,0,40,0,40,6,0,46,8,0,8,54
04/15/2016,AKN,AK,AAL,WE,Federal Contract Tower,4,9,0,0,13,0,23,5,0,28,4,32,5,0,41,0,0,0,41
04/16/2016,AKN,AK,AAL,WE,Federal Contract Tower,0,5,0,0,5,0,21,9,0,30,0,26,9,0,35,8,0,8,43
04/17/2016,AKN,AK,AAL,WE,Federal Contract Tower,0,6,0,0,6,0,13,5,0,18,0,19,5,0,24,0,0,0,24
04/18/2016,AKN,AK,AAL,WE,Federal Contract Tower,2,9,0,0,11,0,22,2,0,24,2,31,2,0,35,0,0,0,35
04/19/2016,AKN,AK,AAL,WE,Federal Contract Tower,2,16,0,0,18,0,14,3,0,17,2,30,3,0,35,0,0,0,35
04/20/2016,AKN,AK,AAL,WE,Federal Contract Tower,2,5,0,0,7,0,27,5,0,32,2,32,5,0,39,10,0,10,49
04/21/2016,AKN,AK,AAL,WE,Federal Contract Tower,0,11,0,0,11,0,20,6,0,26,0,31,6,0,37,0,0,0,37
04/22/2016,AKN,AK,AAL,WE,Federal Contract Tower,2,10,0,0,12,0,18,11,0,29,2,28,11,0,41,0,0,0,41
04/23/2016,AKN,AK,AAL,WE,Federal Contract Tower,0,8,0,0,8,0,16,11,0,27,0,24,11,0,35,2,0,2,37
04/24/2016,AKN,AK,AAL,WE,Federal Contract Tower,0,4,0,0,4,0,4,6,0,10,0,8,6,0,14,6,0,6,20
04/25/2016,AKN,AK,AAL,WE,Federal Contract Tower,2,11,0,0,13,0,13,0,0,13,2,24,0,0,26,0,0,0,26
04/26/2016,AKN,AK,AAL,WE,Federal Contract Tower,2,15,0,1,18,0,18,15,1,34,2,33,15,2,52,11,0,11,63
04/27/2016,AKN,AK,AAL,WE,Federal Contract Tower,2,8,0,0,10,0,16,1,0,17,2,24,1,0,27,0,0,0,27
04/28/2016,AKN,AK,AAL,WE,Federal Contract Tower,0,13,0,1,14,0,28,6,1,35,0,41,6,2,49,28,6,34,83
04/29/2016,AKN,AK,AAL,WE,Federal Contract Tower,2,6,0,0,8,0,22,13,0,35,2,28,13,0,43,0,0,0,43
04/30/2016,AKN,AK,AAL,WE,Federal Contract Tower,4,3,0,0,7,0,18,2,0,20,4,21,2,0,27,0,0,0,27
05/01/2016,AKN,AK,AAL,WE,Federal Contract Tower,0,8,0,0,8,0,29,6,0,35,0,37,6,0,43,0,0,0,43
05/02/2016,AKN,AK,AAL,WE,Federal Contract Tower,0,13,0,0,13,0,16,1,0,17,0,29,1,0,30,36,0,36,66
05/03/2016,AKN,AK,AAL,WE,Federal Contract Tower,0,16,0,0,16,0,33,7,0,40,0,49,7,0,56,0,0,0,56
05/04/2016,AKN,AK,AAL,WE,Federal Contract Tower,2,11,0,0,13,0,36,10,0,46,2,47,10,0,59,0,0,0,59
05/05/2016,AKN,AK,AAL,WE,Federal Contract Tower,4,13,0,0,17,0,30,1,0,31,4,43,1,0,48,0,0,0,48
05/06/2016,AKN,AK,AAL,WE,Federal Contract Tower,0,8,0,0,8,0,34,17,0,51,0,42,17,0,59,0,0,0,59
05/07/2016,AKN,AK,AAL,WE,Federal Contract Tower,2,15,0,0,17,0,30,19,0,49,2,45,19,0,66,12,0,12,78
05/08/2016,AKN,AK,AAL,WE,Federal Contract Tower,0,11,0,0,11,0,40,10,0,50,0,51,10,0,61,0,0,0,61
05/09/2016,AKN,AK,AAL,WE,Federal Contract Tower,2,12,0,4,18,0,43,27,0,70,2,55,27,4,88,0,0,0,88
05/10/2016,AKN,AK,AAL,WE,Federal Contract Tower,2,9,0,0,11,0,25,0,0,25,2,34,0,0,36,0,0,0,36
05/11/2016,AKN,AK,AAL,WE,Federal Contract Tower,2,8,0,0,10,0,23,7,0,30,2,31,7,0,40,0,0,0,40
05/12/2016,AKN,AK,AAL,WE,Federal Contract Tower,0,13,0,0,13,0,22,8,1,31,0,35,8,1,44,0,0,0,44
05/13/2016,AKN,AK,AAL,WE,Federal Contract Tower,2,6,0,0,8,0,23,17,1,41,2,29,17,1,49,0,0,0,49
05/14/2016,AKN,AK,AAL,WE,Federal Contract Tower,2,10,0,0,12,0,26,19,0,45,2,36,19,0,57,0,0,0,57
05/15/2016,AKN,AK,AAL,WE,Federal Contract Tower,0,8,0,0,8,0,25,12,0,37,0,33,12,0,45,0,0,0,45
05/16/2016,AKN,AK,AAL,WE,Federal Contract Tower,0,19,2,0,21,0,42,10,0,52,0,61,12,0,73,0,0,0,73
05/17/2016,AKN,AK,AAL,WE,Federal Contract Tower,0,22,0,2,24,0,16,11,0,27,0,38,11,2,51,0,0,0,51
05/18/2016,AKN,AK,AAL,WE,Federal Contract Tower,2,21,1,2,26,0,20,8,0,28,2,41,9,2,54,15,0,15,69
05/19/2016,AKN,AK,AAL,WE,Federal Contract Tower,2,14,0,0,16,0,47,14,0,61,2,61,14,0,77,8,0,8,85
05/20/2016,AKN,AK,AAL,WE,Federal Contract Tower,4,18,2,0,24,0,44,9,0,53,4,62,11,0,77,8,0,8,85
05/21/2016,AKN,AK,AAL,WE,Federal Contract Tower,0,18,2,0,20,0,45,18,0,63,0,63,20,0,83,0,0,0,83
05/22/2016,AKN,AK,AAL,WE,Federal Contract Tower,0,14,0,0,14,0,34,6,0,40,0,48,6,0,54,0,0,0,54
05/23/2016,AKN,AK,AAL,WE,Federal Contract Tower,4,15,0,0,19,0,26,18,0,44,4,41,18,0,63,0,0,0,63
05/24/2016,AKN,AK,AAL,WE,Federal Contract Tower,2,10,0,0,12,0,30,11,0,41,2,40,11,0,53,2,0,2,55
05/25/2016,AKN,AK,AAL,WE,Federal Contract Tower,2,14,3,0,19,0,31,12,0,43,2,45,15,0,62,0,0,0,62
05/26/2016,AKN,AK,AAL,WE,Federal Contract Tower,2,12,0,0,14,0,31,11,0,42,2,43,11,0,56,0,0,0,56
05/27/2016,AKN,AK,AAL,WE,Federal Contract Tower,0,12,0,0,12,0,42,26,0,68,0,54,26,0,80,0,0,0,80
05/28/2016,AKN,AK,AAL,WE,Federal Contract Tower,4,10,0,0,14,0,46,31,0,77,4,56,31,0,91,3,0,3,94
05/29/2016,AKN,AK,AAL,WE,Federal Contract Tower,0,7,0,0,7,0,29,11,0,40,0,36,11,0,47,0,0,0,47
05/30/2016,AKN,AK,AAL,WE,Federal Contract Tower,0,16,0,0,16,0,42,16,0,58,0,58,16,0,74,0,0,0,74
05/31/2016,AKN,AK,AAL,WE,Federal Contract Tower,2,13,2,0,17,0,42,18,0,60,2,55,20,0,77,0,0,0,77
06/01/2016,AKN,AK,AAL,WE,Federal Contract Tower,0,12,0,0,12,0,66,39,0,105,0,78,39,0,117,20,0,20,137
06/02/2016,AKN,AK,AAL,WE,Federal Contract Tower,4,20,0,0,24,0,43,16,1,60,4,63,16,1,84,2,2,4,88
06/03/2016,AKN,AK,AAL,WE,Federal Contract Tower,0,16,1,0,17,0,57,32,0,89,0,73,33,0,106,4,0,4,110
06/04/2016,AKN,AK,AAL,WE,Federal Contract Tower,2,20,0,1,23,0,43,27,0,70,2,63,27,1,93,0,0,0,93
06/05/2016,AKN,AK,AAL,WE,Federal Contract Tower,2,12,2,0,16,0,44,36,0,80,2,56,38,0,96,0,0,0,96
06/06/2016,AKN,AK,AAL,WE,Federal Contract Tower,2,21,0,0,23,0,43,15,0,58,2,64,15,0,81,0,0,0,81
06/07/2016,AKN,AK,AAL,WE,Federal Contract Tower,6,14,1,0,21,0,84,34,0,118,6,98,35,0,139,0,0,0,139
06/08/2016,AKN,AK,AAL,WE,Federal Contract Tower,2,21,2,6,31,0,72,29,0,101,2,93,31,6,132,8,0,8,140
06/09/2016,AKN,AK,AAL,WE,Federal Contract Tower,6,16,0,0,22,1,69,24,0,94,7,85,24,0,116,6,0,6,122
06/10/2016,AKN,AK,AAL,WE,Federal Contract Tower,2,50,5,0,57,0,41,12,0,53,2,91,17,0,110,0,0,0,110
06/11/2016,AKN,AK,AAL,WE,Federal Contract Tower,6,25,2,0,33,0,85,24,0,109,6,110,26,0,142,0,0,0,142
06/12/2016,AKN,AK,AAL,WE,Federal Contract Tower,2,8,3,0,13,0,49,15,0,64,2,57,18,0,77,0,0,0,77
06/13/2016,AKN,AK,AAL,WE,Federal Contract Tower,2,18,0,0,20,0,71,23,0,94,2,89,23,0,114,0,0,0,114
06/14/2016,AKN,AK,AAL,WE,Federal Contract Tower,6,12,4,0,22,0,91,18,0,109,6,103,22,0,131,2,0,2,133
06/15/2016,AKN,AK,AAL,WE,Federal Contract Tower,2,19,1,0,22,0,102,31,0,133,2,121,32,0,155,0,0,0,155
06/16/2016,AKN,AK,AAL,WE,Federal Contract Tower,6,26,0,0,32,0,80,23,0,103,6,106,23,0,135,0,0,0,135
06/17/2016,AKN,AK,AAL,WE,Federal Contract Tower,6,37,4,0,47,0,92,11,0,103,6,129,15,0,150,0,0,0,150
06/18/2016,AKN,AK,AAL,WE,Federal Contract Tower,6,23,0,0,29,0,67,18,0,85,6,90,18,0,114,0,0,0,114
06/19/2016,AKN,AK,AAL,WE,Federal Contract Tower,2,21,3,0,26,0,83,12,0,95,2,104,15,0,121,4,0,4,125
06/20/2016,AKN,AK,AAL,WE,Federal Contract Tower,6,42,5,0,53,0,54,22,0,76,6,96,27,0,129,0,0,0,129
06/21/2016,AKN,AK,AAL,WE,Federal Contract Tower,6,38,4,0,48,0,73,27,0,100,6,111,31,0,148,2,0,2,150
06/22/2016,AKN,AK,AAL,WE,Federal Contract Tower,5,34,3,0,42,0,123,52,2,177,5,157,55,2,219,0,4,4,223
06/23/2016,AKN,AK,AAL,WE,Federal Contract Tower,6,24,1,0,31,0,91,38,0,129,6,115,39,0,160,0,0,0,160
06/24/2016,AKN,AK,AAL,WE,Federal Contract Tower,4,23,7,0,34,0,130,37,0,167,4,153,44,0,201,0,0,0,201
06/25/2016,AKN,AK,AAL,WE,Federal Contract Tower,8,19,4,0,31,0,131,41,0,172,8,150,45,0,203,0,0,0,203
06/26/2016,AKN,AK,AAL,WE,Federal Contract Tower,2,12,4,0,18,0,110,29,0,139,2,122,33,0,157,6,0,6,163
06/27/2016,AKN,AK,AAL,WE,Federal Contract Tower,2,26,5,0,33,0,87,35,0,122,2,113,40,0,155,0,0,0,155
06/28/2016,AKN,AK,AAL,WE,Federal Contract Tower,12,19,3,0,34,0,112,25,2,139,12,131,28,2,173,2,4,6,179
06/29/2016,AKN,AK,AAL,WE,Federal Contract Tower,10,15,9,2,36,0,93,29,1,123,10,108,38,3,159,2,3,5,164
06/30/2016,AKN,AK,AAL,WE,Federal Contract Tower,8,19,7,0,34,0,119,22,0,141,8,138,29,0,175,0,0,0,175
07/01/2016,AKN,AK,AAL,WE,Federal Contract Tower,4,30,13,0,47,0,93,34,0,127,4,123,47,0,174,0,0,0,174
07/02/2016,AKN,AK,AAL,WE,Federal Contract Tower,10,85,32,0,127,0,33,8,0,41,10,118,40,0,168,0,0,0,168
07/03/2016,AKN,AK,AAL,WE,Federal Contract Tower,10,60,13,0,83,0,71,25,0,96,10,131,38,0,179,0,0,0,179
07/04/2016,AKN,AK,AAL,WE,Federal Contract Tower,8,18,1,0,27,0,135,20,0,155,8,153,21,0,182,0,0,0,182
07/05/2016,AKN,AK,AAL,WE,Federal Contract Tower,9,23,3,0,35,0,146,17,0,163,9,169,20,0,198,0,0,0,198
07/06/2016,AKN,AK,AAL,WE,Federal Contract Tower,4,30,9,2,45,0,120,26,0,146,4,150,35,2,191,0,0,0,191
07/07/2016,AKN,AK,AAL,WE,Federal Contract Tower,10,27,3,0,40,0,153,30,0,183,10,180,33,0,223,2,0,2,225
07/08/2016,AKN,AK,AAL,WE,Federal Contract Tower,6,12,6,0,24,0,143,32,0,175,6,155,38,0,199,4,0,4,203
07/09/2016,AKN,AK,AAL,WE,Federal Contract Tower,14,34,1,0,49,0,104,26,0,130,14,138,27,0,179,6,0,6,185
07/10/2016,AKN,AK,AAL,WE,Federal Contract Tower,8,11,9,0,28,0,117,34,0,151,8,128,43,0,179,2,0,2,181
07/11/2016,AKN,AK,AAL,WE,Federal Contract Tower,8,12,2,0,22,0,141,22,0,163,8,153,24,0,185,0,0,0,185
07/12/2016,AKN,AK,AAL,WE,Federal Contract Tower,14,14,3,0,31,0,123,38,0,161,14,137,41,0,192,15,0,15,207
07/13/2016,AKN,AK,AAL,WE,Federal Contract Tower,19,24,7,0,50,0,148,24,0,172,19,172,31,0,222,0,0,0,222
07/14/2016,AKN,AK,AAL,WE,Federal Contract Tower,10,18,1,0,29,1,127,19,0,147,11,145,20,0,176,0,0,0,176
07/15/2016,AKN,AK,AAL,WE,Federal Contract Tower,10,17,5,0,32,0,153,30,0,183,10,170,35,0,215,22,0,22,237
07/16/2016,AKN,AK,AAL,WE,Federal Contract Tower,19,20,2,0,41,0,149,33,0,182,19,169,35,0,223,0,0,0,223
07/17/2016,AKN,AK,AAL,WE,Federal Contract Tower,15,15,2,0,32,0,131,35,0,166,15,146,37,0,198,4,0,4,202
07/18/2016,AKN,AK,AAL,WE,Federal Contract Tower,8,17,3,0,28,0,136,15,0,151,8,153,18,0,179,20,0,20,199
07/19/2016,AKN,AK,AAL,WE,Federal Contract Tower,12,22,6,0,40,0,150,30,0,180,12,172,36,0,220,0,0,0,220
07/20/2016,AKN,AK,AAL,WE,Federal Contract Tower,5,55,10,0,70,0,66,20,0,86,5,121,30,0,156,0,0,0,156
07/21/2016,AKN,AK,AAL,WE,Federal Contract Tower,7,17,3,0,27,0,127,20,0,147,7,144,23,0,174,0,0,0,174
07/22/2016,AKN,AK,AAL,WE,Federal Contract Tower,10,59,19,0,88,0,96,14,0,110,10,155,33,0,198,0,0,0,198
07/23/2016,AKN,AK,AAL,WE,Federal Contract Tower,9,28,5,0,42,0,146,24,0,170,9,174,29,0,212,0,0,0,212
07/24/2016,AKN,AK,AAL,WE,Federal Contract Tower,2,34,5,0,41,0,137,17,0,154,2,171,22,0,195,34,0,34,229
07/25/2016,AKN,AK,AAL,WE,Federal Contract Tower,6,35,0,0,41,0,124,27,0,151,6,159,27,0,192,10,0,10,202
07/26/2016,AKN,AK,AAL,WE,Federal Contract Tower,7,37,2,0,46,0,125,26,0,151,7,162,28,0,197,13,0,13,210
07/27/2016,AKN,AK,AAL,WE,Federal Contract Tower,6,27,3,0,36,0,138,20,2,160,6,165,23,2,196,8,0,8,204
07/28/2016,AKN,AK,AAL,WE,Federal Contract Tower,6,17,3,0,26,0,100,30,0,130,6,117,33,0,156,8,0,8,164
07/29/2016,AKN,AK,AAL,WE,Federal Contract Tower,5,23,3,0,31,0,114,39,0,153,5,137,42,0,184,0,0,0,184
07/30/2016,AKN,AK,AAL,WE,Federal Contract Tower,8,16,3,0,27,0,102,25,0,127,8,118,28,0,154,0,0,0,154
07/31/2016,AKN,AK,AAL,WE,Federal Contract Tower,2,14,5,0,21,0,89,23,0,112,2,103,28,0,133,0,0,0,133
08/01/2016,AKN,AK,AAL,WE,Federal Contract Tower,4,24,7,0,35,1,87,16,0,104,5,111,23,0,139,0,0,0,139
08/02/2016,AKN,AK,AAL,WE,Federal Contract Tower,6,32,10,4,52,0,69,28,2,99,6,101,38,6,151,0,0,0,151
08/03/2016,AKN,AK,AAL,WE,Federal Contract Tower,2,12,4,0,18,0,64,31,0,95,2,76,35,0,113,0,0,0,113
08/04/2016,AKN,AK,AAL,WE,Federal Contract Tower,4,38,8,0,50,0,27,3,0,30,4,65,11,0,80,0,0,0,80
08/05/2016,AKN,AK,AAL,WE,Federal Contract Tower,4,11,4,0,19,0,94,22,0,116,4,105,26,0,135,0,0,0,135
08/06/2016,AKN,AK,AAL,WE,Federal Contract Tower,7,15,5,0,27,0,102,19,0,121,7,117,24,0,148,0,0,0,148
08/07/2016,AKN,AK,AAL,WE,Federal Contract Tower,0,27,7,0,34,0,61,16,0,77,0,88,23,0,111,0,0,0,111
08/08/2016,AKN,AK,AAL,WE,Federal Contract Tower,1,15,5,0,21,0,92,35,0,127,1,107,40,0,148,0,0,0,148
08/09/2016,AKN,AK,AAL,WE,Federal Contract Tower,3,9,0,0,12,0,75,26,0,101,3,84,26,0,113,0,0,0,113
08/10/2016,AKN,AK,AAL,WE,Federal Contract Tower,40,9,2,0,51,0,52,16,0,68,40,61,18,0,119,2,0,2,121
08/11/2016,AKN,AK,AAL,WE,Federal Contract Tower,2,31,12,0,45,0,59,32,0,91,2,90,44,0,136,0,0,0,136
08/12/2016,AKN,AK,AAL,WE,Federal Contract Tower,1,8,2,0,11,0,71,21,0,92,1,79,23,0,103,0,0,0,103
08/13/2016,AKN,AK,AAL,WE,Federal Contract Tower,4,14,2,0,20,0,98,23,0,121,4,112,25,0,141,0,0,0,141
08/14/2016,AKN,AK,AAL,WE,Federal Contract Tower,0,16,8,0,24,0,92,28,0,120,0,108,36,0,144,0,0,0,144
08/15/2016,AKN,AK,AAL,WE,Federal Contract Tower,2,26,13,0,41,0,88,27,0,115,2,114,40,0,156,10,0,10,166
08/16/2016,AKN,AK,AAL,WE,Federal Contract Tower,0,10,3,0,13,0,79,34,0,113,0,89,37,0,126,0,0,0,126
08/17/2016,AKN,AK,AAL,WE,Federal Contract Tower,3,11,4,0,18,0,78,17,0,95,3,89,21,0,113,0,0,0,113
08/18/2016,AKN,AK,AAL,WE,Federal Contract Tower,0,9,2,1,12,0,70,32,1,103,0,79,34,2,115,0,10,10,125
08/19/2016,AKN,AK,AAL,WE,Federal Contract Tower,2,15,6,0,23,0,68,24,0,92,2,83,30,0,115,0,0,0,115
08/20/2016,AKN,AK,AAL,WE,Federal Contract Tower,2,13,2,0,17,0,106,18,0,124,2,119,20,0,141,8,0,8,149
08/21/2016,AKN,AK,AAL,WE,Federal Contract Tower,0,15,9,0,24,0,44,8,0,52,0,59,17,0,76,0,0,0,76
08/22/2016,AKN,AK,AAL,WE,Federal Contract Tower,2,19,3,0,24,0,66,27,0,93,2,85,30,0,117,0,0,0,117
08/23/2016,AKN,AK,AAL,WE,Federal Contract Tower,2,11,2,0,15,0,101,26,0,127,2,112,28,0,142,0,0,0,142
08/24/2016,AKN,AK,AAL,WE,Federal Contract Tower,2,18,5,0,25,0,75,14,0,89,2,93,19,0,114,0,0,0,114
08/25/2016,AKN,AK,AAL,WE,Federal Contract Tower,0,9,2,2,13,0,73,24,0,97,0,82,26,2,110,0,6,6,116
08/26/2016,AKN,AK,AAL,WE,Federal Contract Tower,2,24,5,0,31,0,53,33,0,86,2,77,38,0,117,0,0,0,117
08/27/2016,AKN,AK,AAL,WE,Federal Contract Tower,0,12,1,0,13,0,98,36,0,134,0,110,37,0,147,0,0,0,147
08/28/2016,AKN,AK,AAL,WE,Federal Contract Tower,0,9,4,0,13,0,75,20,0,95,0,84,24,0,108,0,0,0,108
08/29/2016,AKN,AK,AAL,WE,Federal Contract Tower,2,12,2,0,16,0,73,24,0,97,2,85,26,0,113,0,0,0,113
08/30/2016,AKN,AK,AAL,WE,Federal Contract Tower,0,27,8,0,35,0,39,16,0,55,0,66,24,0,90,0,0,0,90
08/31/2016,AKN,AK,AAL,WE,Federal Contract Tower,4,9,1,0,14,0,77,21,0,98,4,86,22,0,112,2,0,2,114
09/01/2016,AKN,AK,AAL,WE,Federal Contract Tower,2,9,0,0,11,0,61,23,1,85,2,70,23,1,96,0,6,6,102
09/02/2016,AKN,AK,AAL,WE,Federal Contract Tower,2,12,2,0,16,0,68,26,0,94,2,80,28,0,110,0,0,0,110
09/03/2016,AKN,AK,AAL,WE,Federal Contract Tower,0,14,0,0,14,0,70,25,0,95,0,84,25,0,109,2,0,2,111
09/04/2016,AKN,AK,AAL,WE,Federal Contract Tower,0,34,12,0,46,0,27,19,0,46,0,61,31,0,92,0,0,0,92
09/05/2016,AKN,AK,AAL,WE,Federal Contract Tower,0,10,3,0,13,0,63,31,0,94,0,73,34,0,107,0,0,0,107
09/06/2016,AKN,AK,AAL,WE,Federal Contract Tower,2,8,0,0,10,0,90,25,0,115,2,98,25,0,125,0,0,0,125
09/07/2016,AKN,AK,AAL,WE,Federal Contract Tower,2,14,3,0,19,0,70,26,0,96,2,84,29,0,115,0,0,0,115
09/08/2016,AKN,AK,AAL,WE,Federal Contract Tower,2,18,6,0,26,0,41,27,0,68,2,59,33,0,94,0,0,0,94
09/09/2016,AKN,AK,AAL,WE,Federal Contract Tower,2,10,1,0,13,0,64,27,0,91,2,74,28,0,104,0,0,0,104
09/10/2016,AKN,AK,AAL,WE,Federal Contract Tower,2,16,3,0,21,0,66,26,0,92,2,82,29,0,113,8,0,8,121
09/11/2016,AKN,AK,AAL,WE,Federal Contract Tower,0,10,3,0,13,0,57,5,0,62,0,67,8,0,75,0,0,0,75
09/12/2016,AKN,AK,AAL,WE,Federal Contract Tower,2,15,0,0,17,0,59,28,0,87,2,74,28,0,104,0,0,0,104
09/13/2016,AKN,AK,AAL,WE,Federal Contract Tower,2,4,1,0,7,0,75,26,0,101,2,79,27,0,108,0,0,0,108
09/14/2016,AKN,AK,AAL,WE,Federal Contract Tower,0,5,0,0,5,0,65,17,0,82,0,70,17,0,87,0,0,0,87
09/15/2016,AKN,AK,AAL,WE,Federal Contract Tower,4,7,1,0,12,0,38,26,0,64,4,45,27,0,76,0,0,0,76
09/16/2016,AKN,AK,AAL,WE,Federal Contract Tower,4,8,4,0,16,0,76,24,0,100,4,84,28,0,116,2,0,2,118
09/17/2016,AKN,AK,AAL,WE,Federal Contract Tower,0,7,2,0,9,0,39,20,0,59,0,46,22,0,68,0,0,0,68
09/18/2016,AKN,AK,AAL,WE,Federal Contract Tower,0,4,1,0,5,0,22,14,0,36,0,26,15,0,41,0,0,0,41
09/19/2016,AKN,AK,AAL,WE,Federal Contract Tower,1,4,0,0,5,1,47,22,0,70,2,51,22,0,75,0,0,0,75
09/20/2016,AKN,AK,AAL,WE,Federal Contract Tower,9,1,0,0,10,0,19,0,0,19,9,20,0,0,29,0,0,0,29
09/21/2016,AKN,AK,AAL,WE,Federal Contract Tower,4,4,0,0,8,0,53,25,0,78,4,57,25,0,86,0,0,0,86
09/22/2016,AKN,AK,AAL,WE,Federal Contract Tower,0,4,1,2,7,0,42,22,0,64,0,46,23,2,71,8,0,8,79
09/23/2016,AKN,AK,AAL,WE,Federal Contract Tower,2,6,2,0,10,0,36,24,0,60,2,42,26,0,70,0,0,0,70
09/24/2016,AKN,AK,AAL,WE,Federal Contract Tower,2,7,0,0,9,0,46,18,0,64,2,53,18,0,73,0,0,0,73
09/25/2016,AKN,AK,AAL,WE,Federal Contract Tower,0,4,3,0,7,0,23,25,2,50,0,27,28,2,57,0,12,12,69
09/26/2016,AKN,AK,AAL,WE,Federal Contract Tower,3,4,2,0,9,2,36,23,2,63,5,40,25,2,72,6,8,14,86
09/27/2016,AKN,AK,AAL,WE,Federal Contract Tower,0,4,0,0,4,0,26,14,0,40,0,30,14,0,44,2,0,2,46
09/28/2016,AKN,AK,AAL,WE,Federal Contract Tower,0,8,3,2,13,0,28,22,0,50,0,36,25,2,63,0,0,0,63
09/29/2016,AKN,AK,AAL,WE,Federal Contract Tower,4,13,1,0,18,0,24,20,0,44,4,37,21,0,62,0,0,0,62
09/30/2016,AKN,AK,AAL,WE,Federal Contract Tower,0,8,2,1,11,0,26,11,1,38,0,34,13,2,49,6,6,12,61
10/01/2016,AKN,AK,AAL,WE,Federal Contract Tower,0,6,0,0,6,0,14,2,0,16,0,20,2,0,22,0,0,0,22
10/02/2016,AKN,AK,AAL,WE,Federal Contract Tower,0,6,1,0,7,0,20,11,0,31,0,26,12,0,38,0,0,0,38
10/03/2016,AKN,AK,AAL,WE,Federal Contract Tower,0,5,0,0,5,0,12,18,0,30,0,17,18,0,35,8,0,8,43
10/04/2016,AKN,AK,AAL,WE,Federal Contract Tower,2,4,0,0,6,0,23,8,0,31,2,27,8,0,37,0,0,0,37
10/05/2016,AKN,AK,AAL,WE,Federal Contract Tower,2,6,0,0,8,0,32,13,0,45,2,38,13,0,53,0,0,0,53
10/06/2016,AKN,AK,AAL,WE,Federal Contract Tower,0,5,1,0,6,0,18,2,1,21,0,23,3,1,27,4,8,12,39
10/07/2016,AKN,AK,AAL,WE,Federal Contract Tower,2,10,2,0,14,0,28,9,0,37,2,38,11,0,51,2,0,2,53
10/08/2016,AKN,AK,AAL,WE,Federal Contract Tower,0,4,0,0,4,0,5,3,0,8,0,9,3,0,12,0,0,0,12
10/09/2016,AKN,AK,AAL,WE,Federal Contract Tower,0,6,1,0,7,0,14,7,0,21,0,20,8,0,28,0,0,0,28
10/10/2016,AKN,AK,AAL,WE,Federal Contract Tower,7,1,0,0,8,0,6,1,0,7,7,7,1,0,15,0,0,0,15
10/11/2016,AKN,AK,AAL,WE,Federal Contract Tower,0,1,0,0,1,0,1,0,0,1,0,2,0,0,2,0,0,0,2
10/12/2016,AKN,AK,AAL,WE,Federal Contract Tower,2,8,0,0,10,0,11,0,0,11,2,19,0,0,21,0,0,0,21
10/13/2016,AKN,AK,AAL,WE,Federal Contract Tower,2,5,1,0,8,0,19,13,0,32,2,24,14,0,40,0,0,0,40
10/14/2016,AKN,AK,AAL,WE,Federal Contract Tower,0,5,2,0,7,0,24,15,2,41,0,29,17,2,48,16,14,30,78
10/15/2016,AKN,AK,AAL,WE,Federal Contract Tower,2,5,0,0,7,0,16,12,0,28,2,21,12,0,35,0,0,0,35
10/16/2016,AKN,AK,AAL,WE,Federal Contract Tower,0,4,1,0,5,0,16,19,0,35,0,20,20,0,40,0,0,0,40
10/17/2016,AKN,AK,AAL,WE,Federal Contract Tower,0,3,0,0,3,0,20,12,2,34,0,23,12,2,37,0,4,4,41
10/18/2016,AKN,AK,AAL,WE,Federal Contract Tower,2,7,0,0,9,0,25,7,0,32,2,32,7,0,41,0,0,0,41
10/19/2016,AKN,AK,AAL,WE,Federal Contract Tower,2,5,0,0,7,0,20,9,0,29,2,25,9,0,36,18,0,18,54
10/20/2016,AKN,AK,AAL,WE,Federal Contract Tower,0,2,0,0,2,0,19,10,2,31,0,21,10,2,33,0,10,10,43
10/21/2016,AKN,AK,AAL,WE,Federal Contract Tower,2,4,0,0,6,0,20,9,0,29,2,24,9,0,35,0,0,0,35
10/22/2016,AKN,AK,AAL,WE,Federal Contract Tower,2,4,0,0,6,0,30,9,0,39,2,34,9,0,45,4,0,4,49
10/23/2016,AKN,AK,AAL,WE,Federal Contract Tower,0,8,0,0,8,0,9,12,0,21,0,17,12,0,29,2,0,2,31
10/24/2016,AKN,AK,AAL,WE,Federal Contract Tower,0,4,0,0,4,0,19,4,2,25,0,23,4,2,29,5,2,7,36
10/25/2016,AKN,AK,AAL,WE,Federal Contract Tower,4,7,0,0,11,0,21,5,0,26,4,28,5,0,37,0,0,0,37
10/26/2016,AKN,AK,AAL,WE,Federal Contract Tower,0,7,0,0,7,0,19,1,0,20,0,26,1,0,27,0,0,0,27
10/27/2016,AKN,AK,AAL,WE,Federal Contract Tower,4,3,0,0,7,0,17,3,0,20,4,20,3,0,27,0,0,0,27
10/28/2016,AKN,AK,AAL,WE,Federal Contract Tower,0,4,0,0,4,0,14,0,0,14,0,18,0,0,18,0,0,0,18
10/29/2016,AKN,AK,AAL,WE,Federal Contract Tower,0,4,0,0,4,0,26,3,0,29,0,30,3,0,33,0,0,0,33
10/30/2016,AKN,AK,AAL,WE,Federal Contract Tower,6,6,0,0,12,0,4,0,0,4,6,10,0,0,16,0,0,0,16
10/31/2016,AKN,AK,AAL,WE,Federal Contract Tower,0,4,0,0,4,0,13,0,0,13,0,17,0,0,17,0,0,0,17
11/01/2016,AKN,AK,AAL,WE,Federal Contract Tower,2,11,1,0,14,0,10,4,0,14,2,21,5,0,28,14,0,14,42
11/02/2016,AKN,AK,AAL,WE,Federal Contract Tower,2,7,2,0,11,0,18,6,2,26,2,25,8,2,37,0,0,0,37
11/03/2016,AKN,AK,AAL,WE,Federal Contract Tower,0,2,2,0,4,0,23,6,0,29,0,25,8,0,33,2,0,2,35
11/04/2016,AKN,AK,AAL,WE,Federal Contract Tower,4,3,0,0,7,0,21,4,0,25,4,24,4,0,32,4,0,4,36
11/05/2016,AKN,AK,AAL,WE,Federal Contract Tower,0,10,0,0,10,0,7,1,0,8,0,17,1,0,18,0,0,0,18
11/06/2016,AKN,AK,AAL,WE,Federal Contract Tower,0,8,0,0,8,0,10,5,0,15,0,18,5,0,23,2,0,2,25
11/07/2016,AKN,AK,AAL,WE,Federal Contract Tower,0,6,0,0,6,0,20,5,0,25,0,26,5,0,31,0,0,0,31
11/08/2016,AKN,AK,AAL,WE,Federal Contract Tower,0,6,8,0,14,0,8,0,0,8,0,14,8,0,22,2,0,2,24
11/09/2016,AKN,AK,AAL,WE,Federal Contract Tower,4,6,0,0,10,0,16,2,0,18,4,22,2,0,28,0,0,0,28
11/10/2016,AKN,AK,AAL,WE,Federal Contract Tower,0,4,0,0,4,0,20,2,0,22,0,24,2,0,26,0,0,0,26
11/11/2016,AKN,AK,AAL,WE,Federal Contract Tower,2,6,0,0,8,0,11,2,0,13,2,17,2,0,21,0,0,0,21
11/12/2016,AKN,AK,AAL,WE,Federal Contract Tower,2,5,0,0,7,0,19,2,2,23,2,24,2,2,30,0,0,0,30
11/13/2016,AKN,AK,AAL,WE,Federal Contract Tower,0,4,0,0,4,0,14,1,0,15,0,18,1,0,19,0,0,0,19
11/14/2016,AKN,AK,AAL,WE,Federal Contract Tower,0,4,2,0,6,0,11,1,0,12,0,15,3,0,18,0,0,0,18
11/15/2016,AKN,AK,AAL,WE,Federal Contract Tower,1,8,0,0,9,7,18,0,0,25,8,26,0,0,34,0,0,0,34
11/16/2016,AKN,AK,AAL,WE,Federal Contract Tower,2,1,0,0,3,0,13,0,0,13,2,14,0,0,16,0,0,0,16
11/17/2016,AKN,AK,AAL,WE,Federal Contract Tower,2,4,2,5,13,0,15,0,0,15,2,19,2,5,28,0,12,12,40
11/18/2016,AKN,AK,AAL,WE,Federal Contract Tower,2,4,0,0,6,0,25,9,0,34,2,29,9,0,40,1,0,1,41
11/19/2016,AKN,AK,AAL,WE,Federal Contract Tower,0,4,0,0,4,0,7,1,0,8,0,11,1,0,12,0,0,0,12
11/20/2016,AKN,AK,AAL,WE,Federal Contract Tower,0,6,0,0,6,0,6,5,0,11,0,12,5,0,17,2,0,2,19
11/21/2016,AKN,AK,AAL,WE,Federal Contract Tower,0,6,0,0,6,0,12,0,0,12,0,18,0,0,18,0,0,0,18
11/22/2016,AKN,AK,AAL,WE,Federal Contract Tower,2,11,2,0,15,0,8,2,0,10,2,19,4,0,25,0,0,0,25
11/23/2016,AKN,AK,AAL,WE,Federal Contract Tower,2,3,0,0,5,0,18,8,0,26,2,21,8,0,31,0,0,0,31
11/24/2016,AKN,AK,AAL,WE,Federal Contract Tower,0,0,0,0,0,0,0,0,0,0,0,0,0,0,0,0,0,0,0
11/25/2016,AKN,AK,AAL,WE,Federal Contract Tower,0,7,1,4,12,0,0,1,0,1,0,7,2,4,13,0,0,0,13
11/26/2016,AKN,AK,AAL,WE,Federal Contract Tower,0,5,0,0,5,0,4,0,0,4,0,9,0,0,9,0,0,0,9
11/27/2016,AKN,AK,AAL,WE,Federal Contract Tower,0,2,0,0,2,0,19,0,0,19,0,21,0,0,21,0,0,0,21
11/28/2016,AKN,AK,AAL,WE,Federal Contract Tower,2,8,0,0,10,0,15,2,0,17,2,23,2,0,27,0,0,0,27
11/29/2016,AKN,AK,AAL,WE,Federal Contract Tower,2,3,0,0,5,0,20,5,0,25,2,23,5,0,30,0,0,0,30
11/30/2016,AKN,AK,AAL,WE,Federal Contract Tower,2,10,0,0,12,0,2,0,0,2,2,12,0,0,14,0,0,0,14
12/01/2016,AKN,AK,AAL,WE,Federal Contract Tower,2,9,0,0,11,0,7,0,0,7,2,16,0,0,18,0,0,0,18
12/02/2016,AKN,AK,AAL,WE,Federal Contract Tower,0,5,0,0,5,0,19,6,0,25,0,24,6,0,30,0,0,0,30
12/03/2016,AKN,AK,AAL,WE,Federal Contract Tower,4,6,0,0,10,0,21,1,0,22,4,27,1,0,32,4,0,4,36
12/04/2016,AKN,AK,AAL,WE,Federal Contract Tower,0,2,0,0,2,0,6,4,0,10,0,8,4,0,12,0,0,0,12
12/05/2016,AKN,AK,AAL,WE,Federal Contract Tower,0,11,1,0,12,0,7,3,2,12,0,18,4,2,24,0,8,8,32
12/06/2016,AKN,AK,AAL,WE,Federal Contract Tower,2,7,0,0,9,0,16,6,2,24,2,23,6,2,33,0,0,0,33
12/07/2016,AKN,AK,AAL,WE,Federal Contract Tower,2,5,2,0,9,0,9,8,0,17,2,14,10,0,26,4,0,4,30
12/08/2016,AKN,AK,AAL,WE,Federal Contract Tower,0,9,0,0,9,0,10,9,0,19,0,19,9,0,28,6,0,6,34
12/09/2016,AKN,AK,AAL,WE,Federal Contract Tower,2,7,0,0,9,0,13,4,0,17,2,20,4,0,26,0,0,0,26
12/10/2016,AKN,AK,AAL,WE,Federal Contract Tower,2,10,0,0,12,0,17,6,0,23,2,27,6,0,35,0,0,0,35
12/11/2016,AKN,AK,AAL,WE,Federal Contract Tower,0,4,0,0,4,0,1,2,0,3,0,5,2,0,7,0,0,0,7
12/12/2016,AKN,AK,AAL,WE,Federal Contract Tower,0,7,0,0,7,0,12,0,2,14,0,19,0,2,21,0,10,10,31
12/13/2016,AKN,AK,AAL,WE,Federal Contract Tower,2,10,0,0,12,0,14,4,0,18,2,24,4,0,30,0,0,0,30
12/14/2016,AKN,AK,AAL,WE,Federal Contract Tower,2,5,0,0,7,0,14,0,0,14,2,19,0,0,21,0,0,0,21
12/15/2016,AKN,AK,AAL,WE,Federal Contract Tower,0,8,0,0,8,0,10,2,0,12,0,18,2,0,20,2,0,2,22
12/16/2016,AKN,AK,AAL,WE,Federal Contract Tower,0,6,0,0,6,0,13,1,0,14,0,19,1,0,20,0,0,0,20
12/17/2016,AKN,AK,AAL,WE,Federal Contract Tower,2,12,0,0,14,0,6,0,0,6,2,18,0,0,20,0,0,0,20
12/18/2016,AKN,AK,AAL,WE,Federal Contract Tower,0,6,2,0,8,0,6,1,0,7,0,12,3,0,15,0,0,0,15
12/19/2016,AKN,AK,AAL,WE,Federal Contract Tower,0,4,0,0,4,0,7,0,0,7,0,11,0,0,11,0,0,0,11
12/20/2016,AKN,AK,AAL,WE,Federal Contract Tower,0,12,0,0,12,0,0,0,0,0,0,12,0,0,12,0,0,0,12
12/21/2016,AKN,AK,AAL,WE,Federal Contract Tower,2,8,0,0,10,0,18,0,0,18,2,26,0,0,28,0,0,0,28
12/22/2016,AKN,AK,AAL,WE,Federal Contract Tower,2,4,0,0,6,0,19,1,0,20,2,23,1,0,26,0,0,0,26
12/23/2016,AKN,AK,AAL,WE,Federal Contract Tower,0,5,0,0,5,0,8,0,0,8,0,13,0,0,13,0,0,0,13
12/24/2016,AKN,AK,AAL,WE,Federal Contract Tower,2,5,0,0,7,0,2,1,0,3,2,7,1,0,10,0,0,0,10
12/25/2016,AKN,AK,AAL,WE,Federal Contract Tower,0,0,0,0,0,0,2,0,0,2,0,2,0,0,2,0,0,0,2
12/26/2016,AKN,AK,AAL,WE,Federal Contract Tower,0,8,0,0,8,0,0,0,0,0,0,8,0,0,8,0,0,0,8
12/27/2016,AKN,AK,AAL,WE,Federal Contract Tower,0,6,0,0,6,0,4,0,0,4,0,10,0,0,10,0,0,0,10
12/28/2016,AKN,AK,AAL,WE,Federal Contract Tower,2,5,0,0,7,0,22,5,0,27,2,27,5,0,34,4,0,4,38
12/29/2016,AKN,AK,AAL,WE,Federal Contract Tower,0,7,0,0,7,0,14,1,0,15,0,21,1,0,22,0,0,0,22
12/30/2016,AKN,AK,AAL,WE,Federal Contract Tower,2,7,0,0,9,0,17,3,5,25,2,24,3,5,34,2,10,12,46
12/31/2016,AKN,AK,AAL,WE,Federal Contract Tower,2,8,0,0,10,0,7,5,0,12,2,15,5,0,22,0,0,0,22
01/01/2017,AKN,AK,AAL,WE,Federal Contract Tower,0,2,2,0,4,0,0,0,0,0,0,2,2,0,4,0,0,0,4
01/02/2017,AKN,AK,AAL,WE,Federal Contract Tower,0,12,0,0,12,0,12,2,0,14,0,24,2,0,26,2,0,2,28
01/03/2017,AKN,AK,AAL,WE,Federal Contract Tower,0,4,0,0,4,0,9,4,0,13,0,13,4,0,17,12,0,12,29
01/04/2017,AKN,AK,AAL,WE,Federal Contract Tower,0,12,0,16,28,0,0,0,0,0,0,12,0,16,28,0,0,0,28
01/05/2017,AKN,AK,AAL,WE,Federal Contract Tower,2,8,0,3,13,0,15,0,1,16,2,23,0,4,29,0,0,0,29
01/06/2017,AKN,AK,AAL,WE,Federal Contract Tower,2,8,0,0,10,0,11,0,0,11,2,19,0,0,21,0,0,0,21
01/07/2017,AKN,AK,AAL,WE,Federal Contract Tower,0,2,0,0,2,0,11,0,0,11,0,13,0,0,13,0,0,0,13
01/08/2017,AKN,AK,AAL,WE,Federal Contract Tower,0,6,0,0,6,0,1,9,0,10,0,7,9,0,16,0,0,0,16
01/09/2017,AKN,AK,AAL,WE,Federal Contract Tower,0,2,0,0,2,0,9,1,0,10,0,11,1,0,12,8,0,8,20
01/10/2017,AKN,AK,AAL,WE,Federal Contract Tower,0,10,0,0,10,0,14,7,0,21,0,24,7,0,31,0,0,0,31
01/11/2017,AKN,AK,AAL,WE,Federal Contract Tower,0,5,0,1,6,0,15,0,1,16,0,20,0,2,22,4,11,15,37
01/12/2017,AKN,AK,AAL,WE,Federal Contract Tower,2,7,1,0,10,0,9,0,0,9,2,16,1,0,19,0,0,0,19
01/13/2017,AKN,AK,AAL,WE,Federal Contract Tower,2,4,0,0,6,0,20,3,0,23,2,24,3,0,29,12,0,12,41
01/14/2017,AKN,AK,AAL,WE,Federal Contract Tower,0,8,0,0,8,0,8,4,0,12,0,16,4,0,20,10,0,10,30
01/15/2017,AKN,AK,AAL,WE,Federal Contract Tower,0,5,0,0,5,0,8,2,0,10,0,13,2,0,15,0,0,0,15
01/16/2017,AKN,AK,AAL,WE,Federal Contract Tower,0,2,0,0,2,0,17,4,0,21,0,19,4,0,23,4,0,4,27
01/17/2017,AKN,AK,AAL,WE,Federal Contract Tower,0,5,0,0,5,0,18,0,0,18,0,23,0,0,23,0,0,0,23
01/18/2017,AKN,AK,AAL,WE,Federal Contract Tower,2,2,0,0,4,0,21,1,0,22,2,23,1,0,26,2,0,2,28
01/19/2017,AKN,AK,AAL,WE,Federal Contract Tower,2,8,0,0,10,0,21,0,0,21,2,29,0,0,31,0,0,0,31
01/20/2017,AKN,AK,AAL,WE,Federal Contract Tower,2,9,0,2,13,0,16,4,0,20,2,25,4,2,33,4,0,4,37
01/21/2017,AKN,AK,AAL,WE,Federal Contract Tower,0,4,0,0,4,0,17,3,1,21,0,21,3,1,25,0,0,0,25
01/22/2017,AKN,AK,AAL,WE,Federal Contract Tower,0,6,0,0,6,0,8,4,0,12,0,14,4,0,18,0,0,0,18
01/23/2017,AKN,AK,AAL,WE,Federal Contract Tower,0,9,0,0,9,0,10,1,0,11,0,19,1,0,20,0,0,0,20
01/24/2017,AKN,AK,AAL,WE,Federal Contract Tower,0,6,0,1,7,0,10,2,2,14,0,16,2,3,21,0,10,10,31
01/25/2017,AKN,AK,AAL,WE,Federal Contract Tower,2,8,0,3,13,0,16,3,2,21,2,24,3,5,34,6,10,16,50
01/26/2017,AKN,AK,AAL,WE,Federal Contract Tower,2,2,0,1,5,0,11,0,1,12,2,13,0,2,17,0,18,18,35
01/27/2017,AKN,AK,AAL,WE,Federal Contract Tower,2,6,0,0,8,0,17,1,0,18,2,23,1,0,26,0,0,0,26
01/28/2017,AKN,AK,AAL,WE,Federal Contract Tower,0,6,0,0,6,0,6,0,0,6,0,12,0,0,12,0,0,0,12
01/29/2017,AKN,AK,AAL,WE,Federal Contract Tower,0,6,0,0,6,0,0,0,0,0,0,6,0,0,6,0,0,0,6
01/30/2017,AKN,AK,AAL,WE,Federal Contract Tower,0,10,0,0,10,0,9,0,0,9,0,19,0,0,19,0,0,0,19
01/31/2017,AKN,AK,AAL,WE,Federal Contract Tower,0,5,0,0,5,0,18,0,0,18,0,23,0,0,23,2,0,2,25
02/01/2017,AKN,AK,AAL,WE,Federal Contract Tower,2,5,1,0,8,0,13,3,2,18,2,18,4,2,26,0,16,16,42
02/02/2017,AKN,AK,AAL,WE,Federal Contract Tower,2,3,0,0,5,0,17,2,0,19,2,20,2,0,24,0,0,0,24
02/03/2017,AKN,AK,AAL,WE,Federal Contract Tower,2,5,0,0,7,0,16,2,0,18,2,21,2,0,25,0,0,0,25
02/04/2017,AKN,AK,AAL,WE,Federal Contract Tower,0,5,0,0,5,0,12,7,0,19,0,17,7,0,24,10,0,10,34
02/05/2017,AKN,AK,AAL,WE,Federal Contract Tower,0,4,0,0,4,0,3,3,0,6,0,7,3,0,10,8,0,8,18
02/06/2017,AKN,AK,AAL,WE,Federal Contract Tower,0,4,0,0,4,0,9,0,0,9,0,13,0,0,13,0,0,0,13
02/07/2017,AKN,AK,AAL,WE,Federal Contract Tower,0,8,0,0,8,0,12,3,0,15,0,20,3,0,23,0,0,0,23
02/08/2017,AKN,AK,AAL,WE,Federal Contract Tower,2,5,0,0,7,0,9,0,0,9,2,14,0,0,16,2,0,2,18
02/09/2017,AKN,AK,AAL,WE,Federal Contract Tower,2,4,0,0,6,0,21,0,0,21,2,25,0,0,27,0,0,0,27
02/10/2017,AKN,AK,AAL,WE,Federal Contract Tower,0,7,1,1,9,0,11,1,1,13,0,18,2,2,22,0,10,10,32
02/11/2017,AKN,AK,AAL,WE,Federal Contract Tower,2,4,1,0,7,0,22,0,0,22,2,26,1,0,29,0,0,0,29
02/12/2017,AKN,AK,AAL,WE,Federal Contract Tower,0,5,1,0,6,0,4,0,0,4,0,9,1,0,10,0,0,0,10
02/13/2017,AKN,AK,AAL,WE,Federal Contract Tower,0,4,0,0,4,0,12,0,0,12,0,16,0,0,16,0,0,0,16
02/14/2017,AKN,AK,AAL,WE,Federal Contract Tower,0,2,1,0,3,0,7,1,0,8,0,9,2,0,11,0,0,0,11
02/15/2017,AKN,AK,AAL,WE,Federal Contract Tower,2,3,0,0,5,4,22,6,0,32,6,25,6,0,37,6,0,6,43
02/16/2017,AKN,AK,AAL,WE,Federal Contract Tower,2,4,0,0,6,0,0,0,0,0,2,4,0,0,6,0,0,0,6
02/17/2017,AKN,AK,AAL,WE,Federal Contract Tower,2,6,1,0,9,0,6,0,0,6,2,12,1,0,15,0,0,0,15
02/18/2017,AKN,AK,AAL,WE,Federal Contract Tower,0,4,0,0,4,0,21,3,0,24,0,25,3,0,28,4,0,4,32
02/19/2017,AKN,AK,AAL,WE,Federal Contract Tower,0,4,0,0,4,0,8,0,0,8,0,12,0,0,12,0,0,0,12
02/20/2017,AKN,AK,AAL,WE,Federal Contract Tower,0,3,0,0,3,0,24,2,1,27,0,27,2,1,30,0,11,11,41
02/21/2017,AKN,AK,AAL,WE,Federal Contract Tower,0,14,2,0,16,0,3,0,0,3,0,17,2,0,19,0,0,0,19
02/22/2017,AKN,AK,AAL,WE,Federal Contract Tower,2,2,2,2,8,0,7,0,0,7,2,9,2,2,15,0,0,0,15
02/23/2017,AKN,AK,AAL,WE,Federal Contract Tower,2,14,0,0,16,0,4,3,0,7,2,18,3,0,23,0,0,0,23
02/24/2017,AKN,AK,AAL,WE,Federal Contract Tower,2,11,0,0,13,0,5,0,0,5,2,16,0,0,18,0,0,0,18
02/25/2017,AKN,AK,AAL,WE,Federal Contract Tower,0,5,0,0,5,0,10,1,0,11,0,15,1,0,16,0,0,0,16
02/26/2017,AKN,AK,AAL,WE,Federal Contract Tower,0,8,0,0,8,0,0,0,0,0,0,8,0,0,8,0,0,0,8
02/27/2017,AKN,AK,AAL,WE,Federal Contract Tower,0,5,0,0,5,0,13,3,0,16,0,18,3,0,21,0,0,0,21
02/28/2017,AKN,AK,AAL,WE,Federal Contract Tower,0,7,0,0,7,0,8,5,0,13,0,15,5,0,20,2,0,2,22
03/01/2017,AKN,AK,AAL,WE,Federal Contract Tower,2,3,0,0,5,0,13,0,0,13,2,16,0,0,18,0,0,0,18
03/02/2017,AKN,AK,AAL,WE,Federal Contract Tower,2,5,2,0,9,0,19,2,0,21,2,24,4,0,30,0,0,0,30
03/03/2017,AKN,AK,AAL,WE,Federal Contract Tower,2,3,0,0,5,0,17,1,0,18,2,20,1,0,23,0,0,0,23
03/04/2017,AKN,AK,AAL,WE,Federal Contract Tower,0,4,0,0,4,0,14,4,0,18,0,18,4,0,22,10,0,10,32
03/05/2017,AKN,AK,AAL,WE,Federal Contract Tower,0,4,0,0,4,0,1,2,0,3,0,5,2,0,7,0,0,0,7
03/06/2017,AKN,AK,AAL,WE,Federal Contract Tower,0,8,0,0,8,0,18,7,4,29,0,26,7,4,37,2,24,26,63
03/07/2017,AKN,AK,AAL,WE,Federal Contract Tower,0,4,0,0,4,0,10,6,2,18,0,14,6,2,22,4,4,8,30
03/08/2017,AKN,AK,AAL,WE,Federal Contract Tower,2,5,0,0,7,0,13,2,1,16,2,18,2,1,23,0,15,15,38
03/09/2017,AKN,AK,AAL,WE,Federal Contract Tower,0,4,0,0,4,0,18,9,0,27,0,22,9,0,31,6,0,6,37
03/10/2017,AKN,AK,AAL,WE,Federal Contract Tower,4,3,0,0,7,0,15,1,0,16,4,18,1,0,23,0,0,0,23
03/11/2017,AKN,AK,AAL,WE,Federal Contract Tower,0,2,0,0,2,0,11,10,0,21,0,13,10,0,23,0,0,0,23
03/12/2017,AKN,AK,AAL,WE,Federal Contract Tower,0,4,0,0,4,0,2,0,0,2,0,6,0,0,6,0,0,0,6
03/13/2017,AKN,AK,AAL,WE,Federal Contract Tower,0,5,0,0,5,0,12,0,0,12,0,17,0,0,17,0,0,0,17
03/14/2017,AKN,AK,AAL,WE,Federal Contract Tower,0,2,0,0,2,0,12,0,0,12,0,14,0,0,14,0,0,0,14
03/15/2017,AKN,AK,AAL,WE,Federal Contract Tower,2,6,0,0,8,0,4,1,0,5,2,10,1,0,13,2,0,2,15
03/16/2017,AKN,AK,AAL,WE,Federal Contract Tower,2,4,0,0,6,0,11,0,0,11,2,15,0,0,17,0,0,0,17
03/17/2017,AKN,AK,AAL,WE,Federal Contract Tower,2,4,0,0,6,0,21,2,0,23,2,25,2,0,29,0,0,0,29
03/18/2017,AKN,AK,AAL,WE,Federal Contract Tower,0,5,0,0,5,0,15,1,0,16,0,20,1,0,21,0,0,0,21
03/19/2017,AKN,AK,AAL,WE,Federal Contract Tower,0,4,0,0,4,0,6,5,0,11,0,10,5,0,15,8,0,8,23
03/20/2017,AKN,AK,AAL,WE,Federal Contract Tower,2,3,0,0,5,0,17,2,0,19,2,20,2,0,24,0,0,0,24
03/21/2017,AKN,AK,AAL,WE,Federal Contract Tower,0,6,0,0,6,0,11,3,1,15,0,17,3,1,21,6,15,21,42
03/22/2017,AKN,AK,AAL,WE,Federal Contract Tower,2,4,0,0,6,0,22,5,0,27,2,26,5,0,33,0,0,0,33
03/23/2017,AKN,AK,AAL,WE,Federal Contract Tower,2,4,1,0,7,0,14,8,0,22,2,18,9,0,29,10,0,10,39
03/24/2017,AKN,AK,AAL,WE,Federal Contract Tower,2,5,0,0,7,0,19,3,2,24,2,24,3,2,31,0,2,2,33
03/25/2017,AKN,AK,AAL,WE,Federal Contract Tower,0,4,0,0,4,0,14,9,0,23,0,18,9,0,27,6,0,6,33
03/26/2017,AKN,AK,AAL,WE,Federal Contract Tower,0,4,0,0,4,0,3,4,0,7,0,7,4,0,11,28,0,28,39
03/27/2017,AKN,AK,AAL,WE,Federal Contract Tower,0,2,0,0,2,0,16,5,0,21,0,18,5,0,23,22,0,22,45
03/28/2017,AKN,AK,AAL,WE,Federal Contract Tower,0,7,0,0,7,0,11,11,0,22,0,18,11,0,29,10,0,10,39
03/29/2017,AKN,AK,AAL,WE,Federal Contract Tower,4,7,2,0,13,0,22,7,0,29,4,29,9,0,42,14,0,14,56
03/30/2017,AKN,AK,AAL,WE,Federal Contract Tower,2,5,0,0,7,0,5,0,0,5,2,10,0,0,12,0,0,0,12
03/31/2017,AKN,AK,AAL,WE,Federal Contract Tower,2,6,0,0,8,0,16,2,0,18,2,22,2,0,26,0,0,0,26
04/01/2017,AKN,AK,AAL,WE,Federal Contract Tower,0,7,1,0,8,0,9,0,0,9,0,16,1,0,17,0,0,0,17
04/02/2017,AKN,AK,AAL,WE,Federal Contract Tower,0,4,0,0,4,0,0,1,0,1,0,4,1,0,5,0,0,0,5
04/03/2017,AKN,AK,AAL,WE,Federal Contract Tower,0,4,0,0,4,0,14,0,0,14,0,18,0,0,18,0,0,0,18
04/04/2017,AKN,AK,AAL,WE,Federal Contract Tower,0,3,0,0,3,0,10,3,0,13,0,13,3,0,16,1,0,1,17
04/05/2017,AKN,AK,AAL,WE,Federal Contract Tower,2,5,0,0,7,0,15,14,0,29,2,20,14,0,36,0,0,0,36
04/06/2017,AKN,AK,AAL,WE,Federal Contract Tower,1,3,2,0,6,0,17,10,0,27,1,20,12,0,33,4,0,4,37
04/07/2017,AKN,AK,AAL,WE,Federal Contract Tower,2,3,0,0,5,0,18,8,0,26,2,21,8,0,31,2,0,2,33
04/08/2017,AKN,AK,AAL,WE,Federal Contract Tower,0,7,0,0,7,0,13,14,0,27,0,20,14,0,34,4,0,4,38
04/09/2017,AKN,AK,AAL,WE,Federal Contract Tower,0,2,0,0,2,0,0,0,0,0,0,2,0,0,2,0,0,0,2
04/10/2017,AKN,AK,AAL,WE,Federal Contract Tower,0,3,0,1,4,0,26,3,1,30,0,29,3,2,34,0,8,8,42
04/11/2017,AKN,AK,AAL,WE,Federal Contract Tower,2,6,0,0,8,0,12,11,0,23,2,18,11,0,31,10,0,10,41
04/12/2017,AKN,AK,AAL,WE,Federal Contract Tower,2,6,0,1,9,0,12,5,1,18,2,18,5,2,27,8,4,12,39
04/13/2017,AKN,AK,AAL,WE,Federal Contract Tower,2,6,0,2,10,0,14,3,0,17,2,20,3,2,27,22,0,22,49
04/14/2017,AKN,AK,AAL,WE,Federal Contract Tower,2,7,0,0,9,0,13,0,0,13,2,20,0,0,22,2,0,2,24
04/15/2017,AKN,AK,AAL,WE,Federal Contract Tower,0,7,0,0,7,0,16,9,0,25,0,23,9,0,32,26,0,26,58
04/16/2017,AKN,AK,AAL,WE,Federal Contract Tower,0,4,0,0,4,0,8,2,0,10,0,12,2,0,14,14,0,14,28
04/17/2017,AKN,AK,AAL,WE,Federal Contract Tower,2,6,0,0,8,0,15,8,0,23,2,21,8,0,31,22,0,22,53
04/18/2017,AKN,AK,AAL,WE,Federal Contract Tower,2,6,0,0,8,0,13,24,0,37,2,19,24,0,45,10,0,10,55
04/19/2017,AKN,AK,AAL,WE,Federal Contract Tower,2,7,2,0,11,0,11,21,0,32,2,18,23,0,43,19,0,19,62
04/20/2017,AKN,AK,AAL,WE,Federal Contract Tower,2,9,1,0,12,0,16,19,0,35,2,25,20,0,47,32,0,32,79
04/21/2017,AKN,AK,AAL,WE,Federal Contract Tower,2,4,2,0,8,0,17,6,0,23,2,21,8,0,31,14,0,14,45
04/22/2017,AKN,AK,AAL,WE,Federal Contract Tower,0,4,0,0,4,0,17,0,0,17,0,21,0,0,21,0,0,0,21
04/23/2017,AKN,AK,AAL,WE,Federal Contract Tower,0,6,0,0,6,0,9,4,0,13,0,15,4,0,19,40,0,40,59
04/24/2017,AKN,AK,AAL,WE,Federal Contract Tower,6,2,8,0,16,0,14,8,0,22,6,16,16,0,38,0,16,16,54
04/25/2017,AKN,AK,AAL,WE,Federal Contract Tower,2,7,0,1,10,2,26,17,0,45,4,33,17,1,55,0,0,0,55
04/26/2017,AKN,AK,AAL,WE,Federal Contract Tower,2,9,0,0,11,0,26,7,0,33,2,35,7,0,44,40,0,40,84
04/27/2017,AKN,AK,AAL,WE,Federal Contract Tower,2,7,0,2,11,0,17,9,0,26,2,24,9,2,37,40,0,40,77
04/28/2017,AKN,AK,AAL,WE,Federal Contract Tower,2,8,4,0,14,0,20,10,0,30,2,28,14,0,44,36,0,36,80
04/29/2017,AKN,AK,AAL,WE,Federal Contract Tower,2,11,0,0,13,0,24,7,0,31,2,35,7,0,44,22,0,22,66
04/30/2017,AKN,AK,AAL,WE,Federal Contract Tower,0,8,4,0,12,0,11,2,0,13,0,19,6,0,25,0,0,0,25
05/01/2017,AKN,AK,AAL,WE,Federal Contract Tower,0,9,0,0,9,0,24,7,2,33,0,33,7,2,42,12,0,12,54
05/02/2017,AKN,AK,AAL,WE,Federal Contract Tower,2,4,0,0,6,0,8,5,0,13,2,12,5,0,19,0,0,0,19
05/03/2017,AKN,AK,AAL,WE,Federal Contract Tower,2,7,0,2,11,0,28,5,2,35,2,35,5,4,46,10,16,26,72
05/04/2017,AKN,AK,AAL,WE,Federal Contract Tower,2,7,2,0,11,0,25,7,0,32,2,32,9,0,43,0,0,0,43
05/05/2017,AKN,AK,AAL,WE,Federal Contract Tower,2,6,2,0,10,0,29,8,0,37,2,35,10,0,47,6,0,6,53
05/06/2017,AKN,AK,AAL,WE,Federal Contract Tower,2,4,0,0,6,0,13,4,0,17,2,17,4,0,23,0,0,0,23
05/07/2017,AKN,AK,AAL,WE,Federal Contract Tower,0,2,0,0,2,0,8,3,0,11,0,10,3,0,13,0,0,0,13
05/08/2017,AKN,AK,AAL,WE,Federal Contract Tower,0,4,0,3,7,0,19,11,0,30,0,23,11,3,37,0,10,10,47
05/09/2017,AKN,AK,AAL,WE,Federal Contract Tower,0,2,0,0,2,0,22,10,0,32,0,24,10,0,34,0,0,0,34
05/10/2017,AKN,AK,AAL,WE,Federal Contract Tower,2,6,4,0,12,0,43,12,2,57,2,49,16,2,69,2,24,26,95
05/11/2017,AKN,AK,AAL,WE,Federal Contract Tower,2,14,0,0,16,0,22,17,0,39,2,36,17,0,55,14,0,14,69
05/12/2017,AKN,AK,AAL,WE,Federal Contract Tower,2,17,4,0,23,0,8,6,0,14,2,25,10,0,37,2,0,2,39
05/13/2017,AKN,AK,AAL,WE,Federal Contract Tower,2,4,0,0,6,0,19,4,0,23,2,23,4,0,29,16,0,16,45
05/14/2017,AKN,AK,AAL,WE,Federal Contract Tower,0,8,2,0,10,0,18,10,0,28,0,26,12,0,38,0,0,0,38
05/15/2017,AKN,AK,AAL,WE,Federal Contract Tower,2,8,0,2,12,0,30,18,0,48,2,38,18,2,60,2,0,2,62
05/16/2017,AKN,AK,AAL,WE,Federal Contract Tower,1,8,0,0,9,1,25,0,0,26,2,33,0,0,35,0,0,0,35
05/17/2017,AKN,AK,AAL,WE,Federal Contract Tower,2,4,0,0,6,0,26,13,0,39,2,30,13,0,45,0,0,0,45
05/18/2017,AKN,AK,AAL,WE,Federal Contract Tower,2,10,0,0,12,0,32,13,0,45,2,42,13,0,57,0,0,0,57
05/19/2017,AKN,AK,AAL,WE,Federal Contract Tower,2,8,2,0,12,0,33,15,0,48,2,41,17,0,60,2,0,2,62
05/20/2017,AKN,AK,AAL,WE,Federal Contract Tower,2,9,0,0,11,0,28,15,0,43,2,37,15,0,54,4,0,4,58
05/21/2017,AKN,AK,AAL,WE,Federal Contract Tower,0,5,0,0,5,0,19,15,0,34,0,24,15,0,39,12,0,12,51
05/22/2017,AKN,AK,AAL,WE,Federal Contract Tower,0,12,0,3,15,0,15,9,1,25,0,27,9,4,40,2,6,8,48
05/23/2017,AKN,AK,AAL,WE,Federal Contract Tower,2,9,0,0,11,0,30,16,0,46,2,39,16,0,57,0,0,0,57
05/24/2017,AKN,AK,AAL,WE,Federal Contract Tower,2,11,0,0,13,0,26,5,0,31,2,37,5,0,44,0,0,0,44
05/25/2017,AKN,AK,AAL,WE,Federal Contract Tower,2,6,0,0,8,0,25,13,0,38,2,31,13,0,46,0,0,0,46
05/26/2017,AKN,AK,AAL,WE,Federal Contract Tower,2,6,2,0,10,0,43,23,0,66,2,49,25,0,76,4,0,4,80
05/27/2017,AKN,AK,AAL,WE,Federal Contract Tower,2,5,0,0,7,0,28,23,0,51,2,33,23,0,58,0,0,0,58
05/28/2017,AKN,AK,AAL,WE,Federal Contract Tower,0,10,0,2,12,0,41,22,0,63,0,51,22,2,75,14,8,22,97
05/29/2017,AKN,AK,AAL,WE,Federal Contract Tower,0,10,5,0,15,0,35,18,0,53,0,45,23,0,68,0,0,0,68
05/30/2017,AKN,AK,AAL,WE,Federal Contract Tower,4,8,0,0,12,0,34,23,2,59,4,42,23,2,71,8,6,14,85
05/31/2017,AKN,AK,AAL,WE,Federal Contract Tower,2,7,2,0,11,0,30,19,0,49,2,37,21,0,60,10,0,10,70
06/01/2017,AKN,AK,AAL,WE,Federal Contract Tower,2,10,0,0,12,0,47,13,0,60,2,57,13,0,72,6,0,6,78
06/02/2017,AKN,AK,AAL,WE,Federal Contract Tower,0,12,0,0,12,0,38,26,0,64,0,50,26,0,76,8,0,8,84
06/03/2017,AKN,AK,AAL,WE,Federal Contract Tower,4,9,0,0,13,0,49,24,2,75,4,58,24,2,88,6,10,16,104
06/04/2017,AKN,AK,AAL,WE,Federal Contract Tower,2,9,0,0,11,0,44,16,0,60,2,53,16,0,71,4,0,4,75
06/05/2017,AKN,AK,AAL,WE,Federal Contract Tower,2,12,2,0,16,0,67,23,0,90,2,79,25,0,106,4,0,4,110
06/06/2017,AKN,AK,AAL,WE,Federal Contract Tower,8,7,0,0,15,0,65,18,0,83,8,72,18,0,98,0,0,0,98
06/07/2017,AKN,AK,AAL,WE,Federal Contract Tower,2,9,1,0,12,0,55,16,0,71,2,64,17,0,83,0,0,0,83
06/08/2017,AKN,AK,AAL,WE,Federal Contract Tower,5,9,0,0,14,1,61,24,3,89,6,70,24,3,103,6,4,10,113
06/09/2017,AKN,AK,AAL,WE,Federal Contract Tower,2,28,0,0,30,0,48,29,0,77,2,76,29,0,107,6,0,6,113
06/10/2017,AKN,AK,AAL,WE,Federal Contract Tower,7,11,0,0,18,0,67,30,0,97,7,78,30,0,115,12,0,12,127
06/11/2017,AKN,AK,AAL,WE,Federal Contract Tower,2,13,1,0,16,0,55,18,0,73,2,68,19,0,89,0,0,0,89
06/12/2017,AKN,AK,AAL,WE,Federal Contract Tower,2,11,0,0,13,0,64,25,0,89,2,75,25,0,102,10,0,10,112
06/13/2017,AKN,AK,AAL,WE,Federal Contract Tower,8,49,6,0,63,0,26,8,0,34,8,75,14,0,97,0,0,0,97
06/14/2017,AKN,AK,AAL,WE,Federal Contract Tower,2,19,0,0,21,0,84,15,0,99,2,103,15,0,120,7,0,7,127
06/15/2017,AKN,AK,AAL,WE,Federal Contract Tower,6,20,0,0,26,0,105,36,0,141,6,125,36,0,167,0,0,0,167
06/16/2017,AKN,AK,AAL,WE,Federal Contract Tower,2,48,4,2,56,0,100,32,0,132,2,148,36,2,188,6,0,6,194
06/17/2017,AKN,AK,AAL,WE,Federal Contract Tower,6,25,0,0,31,0,108,50,0,158,6,133,50,0,189,0,0,0,189
06/18/2017,AKN,AK,AAL,WE,Federal Contract Tower,2,18,0,0,20,0,87,41,0,128,2,105,41,0,148,8,0,8,156
06/19/2017,AKN,AK,AAL,WE,Federal Contract Tower,2,13,1,0,16,0,119,40,0,159,2,132,41,0,175,2,0,2,177
06/20/2017,AKN,AK,AAL,WE,Federal Contract Tower,6,16,0,0,22,0,87,20,0,107,6,103,20,0,129,8,0,8,137
06/21/2017,AKN,AK,AAL,WE,Federal Contract Tower,1,28,3,2,34,1,109,33,0,143,2,137,36,2,177,6,12,18,195
06/22/2017,AKN,AK,AAL,WE,Federal Contract Tower,6,32,5,0,43,0,72,32,0,104,6,104,37,0,147,0,0,0,147
06/23/2017,AKN,AK,AAL,WE,Federal Contract Tower,2,13,4,0,19,0,69,40,4,113,2,82,44,4,132,4,0,4,136
06/24/2017,AKN,AK,AAL,WE,Federal Contract Tower,10,47,7,0,64,0,109,31,0,140,10,156,38,0,204,0,0,0,204
06/25/2017,AKN,AK,AAL,WE,Federal Contract Tower,8,10,0,0,18,0,104,42,0,146,8,114,42,0,164,2,0,2,166
06/26/2017,AKN,AK,AAL,WE,Federal Contract Tower,3,17,2,0,22,0,90,26,0,116,3,107,28,0,138,4,0,4,142
06/27/2017,AKN,AK,AAL,WE,Federal Contract Tower,14,13,1,0,28,0,114,15,0,129,14,127,16,0,157,0,0,0,157
06/28/2017,AKN,AK,AAL,WE,Federal Contract Tower,13,20,6,0,39,0,78,19,0,97,13,98,25,0,136,0,0,0,136
06/29/2017,AKN,AK,AAL,WE,Federal Contract Tower,17,20,2,0,39,2,95,21,0,118,19,115,23,0,157,6,0,6,163
06/30/2017,AKN,AK,AAL,WE,Federal Contract Tower,6,12,6,0,24,0,101,41,0,142,6,113,47,0,166,4,0,4,170
07/01/2017,AKN,AK,AAL,WE,Federal Contract Tower,9,14,9,0,32,0,135,47,0,182,9,149,56,0,214,0,0,0,214
07/02/2017,AKN,AK,AAL,WE,Federal Contract Tower,2,95,19,0,116,0,21,7,0,28,2,116,26,0,144,0,0,0,144
07/03/2017,AKN,AK,AAL,WE,Federal Contract Tower,4,81,12,0,97,0,83,30,0,113,4,164,42,0,210,0,0,0,210
07/04/2017,AKN,AK,AAL,WE,Federal Contract Tower,13,62,12,0,87,1,71,30,0,102,14,133,42,0,189,0,0,0,189
07/05/2017,AKN,AK,AAL,WE,Federal Contract Tower,19,44,4,0,67,1,99,40,0,140,20,143,44,0,207,8,0,8,215
07/06/2017,AKN,AK,AAL,WE,Federal Contract Tower,23,15,4,3,45,0,136,52,1,189,23,151,56,4,234,4,10,14,248
07/07/2017,AKN,AK,AAL,WE,Federal Contract Tower,17,19,10,0,46,1,157,39,0,197,18,176,49,0,243,0,0,0,243
07/08/2017,AKN,AK,AAL,WE,Federal Contract Tower,17,12,7,0,36,1,132,44,0,177,18,144,51,0,213,0,0,0,213
07/09/2017,AKN,AK,AAL,WE,Federal Contract Tower,9,14,5,0,28,1,139,40,0,180,10,153,45,0,208,2,0,2,210
07/10/2017,AKN,AK,AAL,WE,Federal Contract Tower,17,24,1,1,43,0,153,35,1,189,17,177,36,2,232,0,18,18,250
07/11/2017,AKN,AK,AAL,WE,Federal Contract Tower,15,48,6,0,69,0,127,21,0,148,15,175,27,0,217,0,0,0,217
07/12/2017,AKN,AK,AAL,WE,Federal Contract Tower,19,17,3,0,39,0,158,37,0,195,19,175,40,0,234,5,0,5,239
07/13/2017,AKN,AK,AAL,WE,Federal Contract Tower,11,16,2,0,29,0,133,41,0,174,11,149,43,0,203,0,0,0,203
07/14/2017,AKN,AK,AAL,WE,Federal Contract Tower,8,82,8,0,98,0,58,19,0,77,8,140,27,0,175,0,0,0,175
07/15/2017,AKN,AK,AAL,WE,Federal Contract Tower,14,17,2,0,33,0,165,24,0,189,14,182,26,0,222,4,0,4,226
07/16/2017,AKN,AK,AAL,WE,Federal Contract Tower,15,16,5,2,38,0,125,35,0,160,15,141,40,2,198,0,4,4,202
07/17/2017,AKN,AK,AAL,WE,Federal Contract Tower,7,26,5,0,38,0,163,22,0,185,7,189,27,0,223,2,0,2,225
07/18/2017,AKN,AK,AAL,WE,Federal Contract Tower,6,32,2,0,40,0,129,10,0,139,6,161,12,0,179,0,0,0,179
07/19/2017,AKN,AK,AAL,WE,Federal Contract Tower,15,72,11,0,98,0,91,24,0,115,15,163,35,0,213,0,0,0,213
07/20/2017,AKN,AK,AAL,WE,Federal Contract Tower,9,23,5,0,37,0,129,29,0,158,9,152,34,0,195,6,0,6,201
07/21/2017,AKN,AK,AAL,WE,Federal Contract Tower,3,31,2,4,40,0,186,40,0,226,3,217,42,4,266,0,0,0,266
07/22/2017,AKN,AK,AAL,WE,Federal Contract Tower,8,37,5,0,50,0,112,25,4,141,8,149,30,4,191,0,0,0,191
07/23/2017,AKN,AK,AAL,WE,Federal Contract Tower,4,87,9,0,100,0,117,25,0,142,4,204,34,0,242,0,0,0,242
07/24/2017,AKN,AK,AAL,WE,Federal Contract Tower,4,99,12,0,115,0,98,7,0,105,4,197,19,0,220,0,0,0,220
07/25/2017,AKN,AK,AAL,WE,Federal Contract Tower,8,82,10,0,100,0,56,7,0,63,8,138,17,0,163,0,0,0,163
07/26/2017,AKN,AK,AAL,WE,Federal Contract Tower,7,74,5,0,86,0,74,19,0,93,7,148,24,0,179,28,0,28,207
07/27/2017,AKN,AK,AAL,WE,Federal Contract Tower,3,54,2,0,59,0,142,35,0,177,3,196,37,0,236,36,0,36,272
07/28/2017,AKN,AK,AAL,WE,Federal Contract Tower,6,65,9,0,80,0,84,17,0,101,6,149,26,0,181,0,0,0,181
07/29/2017,AKN,AK,AAL,WE,Federal Contract Tower,6,19,2,0,27,0,120,34,0,154,6,139,36,0,181,0,0,0,181
07/30/2017,AKN,AK,AAL,WE,Federal Contract Tower,2,19,4,0,25,0,153,35,0,188,2,172,39,0,213,0,0,0,213
07/31/2017,AKN,AK,AAL,WE,Federal Contract Tower,6,11,4,2,23,0,125,38,0,163,6,136,42,2,186,4,0,4,190
08/01/2017,AKN,AK,AAL,WE,Federal Contract Tower,5,14,3,0,22,0,89,28,0,117,5,103,31,0,139,2,0,2,141
08/02/2017,AKN,AK,AAL,WE,Federal Contract Tower,5,23,5,2,35,0,81,29,0,110,5,104,34,2,145,8,4,12,157
08/03/2017,AKN,AK,AAL,WE,Federal Contract Tower,8,22,2,0,32,0,69,8,0,77,8,91,10,0,109,2,0,2,111
08/04/2017,AKN,AK,AAL,WE,Federal Contract Tower,2,19,2,0,23,0,86,27,0,113,2,105,29,0,136,12,0,12,148
08/05/2017,AKN,AK,AAL,WE,Federal Contract Tower,6,10,3,0,19,0,90,29,0,119,6,100,32,0,138,0,0,0,138
08/06/2017,AKN,AK,AAL,WE,Federal Contract Tower,0,20,5,0,25,0,88,21,0,109,0,108,26,0,134,2,0,2,136
08/07/2017,AKN,AK,AAL,WE,Federal Contract Tower,4,11,0,0,15,0,99,27,0,126,4,110,27,0,141,0,0,0,141
08/08/2017,AKN,AK,AAL,WE,Federal Contract Tower,4,6,3,0,13,0,86,23,0,109,4,92,26,0,122,0,0,0,122
08/09/2017,AKN,AK,AAL,WE,Federal Contract Tower,2,12,2,0,16,0,91,15,0,106,2,103,17,0,122,0,0,0,122
08/10/2017,AKN,AK,AAL,WE,Federal Contract Tower,3,9,0,2,14,0,66,31,0,97,3,75,31,2,111,0,4,4,115
08/11/2017,AKN,AK,AAL,WE,Federal Contract Tower,2,12,2,0,16,0,95,25,0,120,2,107,27,0,136,2,0,2,138
08/12/2017,AKN,AK,AAL,WE,Federal Contract Tower,5,32,7,0,44,0,47,8,0,55,5,79,15,0,99,0,0,0,99
08/13/2017,AKN,AK,AAL,WE,Federal Contract Tower,0,10,5,0,15,0,83,16,0,99,0,93,21,0,114,0,0,0,114
08/14/2017,AKN,AK,AAL,WE,Federal Contract Tower,2,37,9,0,48,0,86,15,0,101,2,123,24,0,149,0,0,0,149
08/15/2017,AKN,AK,AAL,WE,Federal Contract Tower,4,13,4,0,21,0,87,24,0,111,4,100,28,0,132,6,0,6,138
08/16/2017,AKN,AK,AAL,WE,Federal Contract Tower,2,11,8,4,25,0,68,9,0,77,2,79,17,4,102,0,8,8,110
08/17/2017,AKN,AK,AAL,WE,Federal Contract Tower,2,11,0,1,14,0,69,22,1,92,2,80,22,2,106,0,6,6,112
08/18/2017,AKN,AK,AAL,WE,Federal Contract Tower,0,26,4,0,30,0,55,21,0,76,0,81,25,0,106,0,0,0,106
08/19/2017,AKN,AK,AAL,WE,Federal Contract Tower,4,9,0,0,13,0,115,35,0,150,4,124,35,0,163,20,0,20,183
08/20/2017,AKN,AK,AAL,WE,Federal Contract Tower,0,17,5,0,22,0,58,15,0,73,0,75,20,0,95,0,0,0,95
08/21/2017,AKN,AK,AAL,WE,Federal Contract Tower,0,11,3,0,14,0,84,22,0,106,0,95,25,0,120,0,0,0,120
08/22/2017,AKN,AK,AAL,WE,Federal Contract Tower,2,12,2,0,16,0,92,28,0,120,2,104,30,0,136,0,0,0,136
08/23/2017,AKN,AK,AAL,WE,Federal Contract Tower,2,19,4,0,25,0,78,18,0,96,2,97,22,0,121,0,0,0,121
08/24/2017,AKN,AK,AAL,WE,Federal Contract Tower,0,34,8,0,42,0,19,3,0,22,0,53,11,0,64,0,0,0,64
08/25/2017,AKN,AK,AAL,WE,Federal Contract Tower,2,21,8,0,31,0,60,21,0,81,2,81,29,0,112,2,0,2,114
08/26/2017,AKN,AK,AAL,WE,Federal Contract Tower,1,10,1,0,12,1,117,35,0,153,2,127,36,0,165,0,0,0,165
08/27/2017,AKN,AK,AAL,WE,Federal Contract Tower,0,10,5,0,15,0,68,18,0,86,0,78,23,0,101,0,0,0,101
08/28/2017,AKN,AK,AAL,WE,Federal Contract Tower,0,9,0,0,9,0,82,26,0,108,0,91,26,0,117,4,0,4,121
08/29/2017,AKN,AK,AAL,WE,Federal Contract Tower,4,9,0,0,13,0,93,18,0,111,4,102,18,0,124,0,0,0,124
08/30/2017,AKN,AK,AAL,WE,Federal Contract Tower,0,94,20,2,116,0,14,0,0,14,0,108,20,2,130,0,0,0,130
08/31/2017,AKN,AK,AAL,WE,Federal Contract Tower,2,13,0,0,15,0,57,30,0,87,2,70,30,0,102,0,0,0,102
09/01/2017,AKN,AK,AAL,WE,Federal Contract Tower,2,11,1,0,14,0,82,39,0,121,2,93,40,0,135,6,0,6,141
09/02/2017,AKN,AK,AAL,WE,Federal Contract Tower,0,8,0,0,8,0,93,25,0,118,0,101,25,0,126,0,0,0,126
09/03/2017,AKN,AK,AAL,WE,Federal Contract Tower,0,8,2,0,10,0,22,5,0,27,0,30,7,0,37,0,0,0,37
09/04/2017,AKN,AK,AAL,WE,Federal Contract Tower,0,11,3,0,14,0,105,29,0,134,0,116,32,0,148,6,0,6,154
09/05/2017,AKN,AK,AAL,WE,Federal Contract Tower,4,9,2,0,15,0,86,28,0,114,4,95,30,0,129,8,0,8,137
09/06/2017,AKN,AK,AAL,WE,Federal Contract Tower,0,31,2,0,33,0,67,17,0,84,0,98,19,0,117,0,0,0,117
09/07/2017,AKN,AK,AAL,WE,Federal Contract Tower,4,10,3,0,17,0,91,35,0,126,4,101,38,0,143,30,0,30,173
09/08/2017,AKN,AK,AAL,WE,Federal Contract Tower,0,15,0,0,15,0,80,39,0,119,0,95,39,0,134,12,0,12,146
09/09/2017,AKN,AK,AAL,WE,Federal Contract Tower,4,31,8,0,43,0,73,23,0,96,4,104,31,0,139,0,0,0,139
09/10/2017,AKN,AK,AAL,WE,Federal Contract Tower,0,11,6,0,17,0,60,28,0,88,0,71,34,0,105,24,0,24,129
09/11/2017,AKN,AK,AAL,WE,Federal Contract Tower,0,14,1,2,17,0,80,29,0,109,0,94,30,2,126,0,4,4,130
09/12/2017,AKN,AK,AAL,WE,Federal Contract Tower,2,12,1,0,15,0,55,12,1,68,2,67,13,1,83,0,2,2,85
09/13/2017,AKN,AK,AAL,WE,Federal Contract Tower,0,12,2,2,16,0,45,7,0,52,0,57,9,2,68,0,0,0,68
09/14/2017,AKN,AK,AAL,WE,Federal Contract Tower,4,12,4,6,26,0,70,35,1,106,4,82,39,7,132,4,12,16,148
09/15/2017,AKN,AK,AAL,WE,Federal Contract Tower,0,8,3,2,13,0,45,22,1,68,0,53,25,3,81,10,0,10,91
09/16/2017,AKN,AK,AAL,WE,Federal Contract Tower,2,12,1,0,15,0,60,22,0,82,2,72,23,0,97,20,0,20,117
09/17/2017,AKN,AK,AAL,WE,Federal Contract Tower,0,10,2,0,12,0,53,11,0,64,0,63,13,0,76,14,0,14,90
09/18/2017,AKN,AK,AAL,WE,Federal Contract Tower,0,9,0,0,9,0,55,20,0,75,0,64,20,0,84,0,0,0,84
09/19/2017,AKN,AK,AAL,WE,Federal Contract Tower,4,7,0,0,11,0,58,26,2,86,4,65,26,2,97,8,6,14,111
09/20/2017,AKN,AK,AAL,WE,Federal Contract Tower,0,8,1,0,9,0,59,18,0,77,0,67,19,0,86,0,0,0,86
09/21/2017,AKN,AK,AAL,WE,Federal Contract Tower,2,37,2,0,41,0,0,0,0,0,2,37,2,0,41,0,0,0,41
09/22/2017,AKN,AK,AAL,WE,Federal Contract Tower,0,27,6,0,33,0,0,0,0,0,0,27,6,0,33,0,0,0,33
09/23/2017,AKN,AK,AAL,WE,Federal Contract Tower,2,50,13,0,65,0,8,3,0,11,2,58,16,0,76,0,0,0,76
09/24/2017,AKN,AK,AAL,WE,Federal Contract Tower,0,4,2,0,6,0,48,16,0,64,0,52,18,0,70,2,0,2,72
09/25/2017,AKN,AK,AAL,WE,Federal Contract Tower,0,7,2,0,9,0,48,28,0,76,0,55,30,0,85,8,0,8,93
09/26/2017,AKN,AK,AAL,WE,Federal Contract Tower,4,5,0,2,11,0,69,16,0,85,4,74,16,2,96,2,10,12,108
09/27/2017,AKN,AK,AAL,WE,Federal Contract Tower,0,9,0,0,9,0,34,13,0,47,0,43,13,0,56,0,0,0,56
09/28/2017,AKN,AK,AAL,WE,Federal Contract Tower,2,7,0,0,9,0,29,25,0,54,2,36,25,0,63,0,0,0,63
09/29/2017,AKN,AK,AAL,WE,Federal Contract Tower,0,13,1,0,14,0,39,29,0,68,0,52,30,0,82,0,0,0,82
09/30/2017,AKN,AK,AAL,WE,Federal Contract Tower,4,5,0,0,9,0,55,22,0,77,4,60,22,0,86,34,0,34,120
10/01/2017,AKN,AK,AAL,WE,Federal Contract Tower,0,4,1,0,5,0,8,9,0,17,0,12,10,0,22,2,0,2,24
10/02/2017,AKN,AK,AAL,WE,Federal Contract Tower,0,13,0,0,13,0,24,5,0,29,0,37,5,0,42,0,0,0,42
10/03/2017,AKN,AK,AAL,WE,Federal Contract Tower,2,26,2,0,30,0,17,5,0,22,2,43,7,0,52,0,0,0,52
10/04/2017,AKN,AK,AAL,WE,Federal Contract Tower,0,7,0,0,7,0,48,7,0,55,0,55,7,0,62,6,0,6,68
10/05/2017,AKN,AK,AAL,WE,Federal Contract Tower,2,8,2,0,12,0,11,3,0,14,2,19,5,0,26,0,0,0,26
10/06/2017,AKN,AK,AAL,WE,Federal Contract Tower,0,11,0,0,11,0,10,1,0,11,0,21,1,0,22,0,0,0,22
10/07/2017,AKN,AK,AAL,WE,Federal Contract Tower,2,18,3,0,23,0,24,17,0,41,2,42,20,0,64,18,0,18,82
10/08/2017,AKN,AK,AAL,WE,Federal Contract Tower,0,7,1,0,8,0,14,4,0,18,0,21,5,0,26,0,0,0,26
10/09/2017,AKN,AK,AAL,WE,Federal Contract Tower,0,15,1,0,16,0,23,3,0,26,0,38,4,0,42,22,0,22,64
10/10/2017,AKN,AK,AAL,WE,Federal Contract Tower,4,5,2,0,11,0,21,8,0,29,4,26,10,0,40,0,0,0,40
10/11/2017,AKN,AK,AAL,WE,Federal Contract Tower,0,7,0,0,7,0,31,11,0,42,0,38,11,0,49,16,0,16,65
10/12/2017,AKN,AK,AAL,WE,Federal Contract Tower,2,9,0,2,13,0,19,2,0,21,2,28,2,2,34,0,16,16,50
10/13/2017,AKN,AK,AAL,WE,Federal Contract Tower,2,4,1,0,7,0,18,13,0,31,2,22,14,0,38,4,0,4,42
10/14/2017,AKN,AK,AAL,WE,Federal Contract Tower,0,10,0,2,12,0,23,12,0,35,0,33,12,2,47,0,0,0,47
10/15/2017,AKN,AK,AAL,WE,Federal Contract Tower,0,7,2,0,9,0,17,7,0,24,0,24,9,0,33,0,0,0,33
10/16/2017,AKN,AK,AAL,WE,Federal Contract Tower,0,6,0,0,6,0,23,8,0,31,0,29,8,0,37,0,0,0,37
10/17/2017,AKN,AK,AAL,WE,Federal Contract Tower,2,3,0,0,5,0,45,13,1,59,2,48,13,1,64,2,1,3,67
10/18/2017,AKN,AK,AAL,WE,Federal Contract Tower,2,5,0,1,8,0,18,8,0,26,2,23,8,1,34,6,3,9,43
10/19/2017,AKN,AK,AAL,WE,Federal Contract Tower,2,3,0,0,5,0,25,9,0,34,2,28,9,0,39,12,0,12,51
10/20/2017,AKN,AK,AAL,WE,Federal Contract Tower,2,5,0,0,7,0,32,7,0,39,2,37,7,0,46,2,0,2,48
10/21/2017,AKN,AK,AAL,WE,Federal Contract Tower,2,5,1,0,8,0,39,15,0,54,2,44,16,0,62,38,0,38,100
10/22/2017,AKN,AK,AAL,WE,Federal Contract Tower,0,4,3,0,7,0,1,2,0,3,0,5,5,0,10,0,0,0,10
10/23/2017,AKN,AK,AAL,WE,Federal Contract Tower,2,7,1,0,10,0,12,7,0,19,2,19,8,0,29,4,0,4,33
10/24/2017,AKN,AK,AAL,WE,Federal Contract Tower,2,10,0,0,12,0,16,5,0,21,2,26,5,0,33,6,0,6,39
10/25/2017,AKN,AK,AAL,WE,Federal Contract Tower,0,9,2,0,11,0,15,4,0,19,0,24,6,0,30,10,0,10,40
10/26/2017,AKN,AK,AAL,WE,Federal Contract Tower,2,4,0,0,6,0,15,1,0,16,2,19,1,0,22,8,0,8,30
10/27/2017,AKN,AK,AAL,WE,Federal Contract Tower,2,7,0,0,9,0,22,7,0,29,2,29,7,0,38,12,0,12,50
10/28/2017,AKN,AK,AAL,WE,Federal Contract Tower,0,6,0,0,6,0,14,9,0,23,0,20,9,0,29,30,0,30,59
10/29/2017,AKN,AK,AAL,WE,Federal Contract Tower,0,4,0,0,4,0,0,8,0,8,0,4,8,0,12,10,0,10,22
10/30/2017,AKN,AK,AAL,WE,Federal Contract Tower,0,14,0,0,14,0,11,2,0,13,0,25,2,0,27,4,0,4,31
10/31/2017,AKN,AK,AAL,WE,Federal Contract Tower,0,8,2,0,10,0,3,1,0,4,0,11,3,0,14,2,0,2,16
11/01/2017,AKN,AK,AAL,WE,Federal Contract Tower,0,4,1,0,5,0,0,0,0,0,0,4,1,0,5,0,0,0,5
11/02/2017,AKN,AK,AAL,WE,Federal Contract Tower,0,6,0,0,6,0,2,0,0,2,0,8,0,0,8,0,0,0,8
11/03/2017,AKN,AK,AAL,WE,Federal Contract Tower,2,8,0,0,10,0,21,8,2,31,2,29,8,2,41,6,0,6,47
11/04/2017,AKN,AK,AAL,WE,Federal Contract Tower,2,7,0,0,9,0,20,4,0,24,2,27,4,0,33,26,0,26,59
11/05/2017,AKN,AK,AAL,WE,Federal Contract Tower,0,4,0,0,4,0,10,0,0,10,0,14,0,0,14,2,0,2,16
11/06/2017,AKN,AK,AAL,WE,Federal Contract Tower,0,4,0,2,6,0,26,2,0,28,0,30,2,2,34,0,12,12,46
11/07/2017,AKN,AK,AAL,WE,Federal Contract Tower,2,3,0,0,5,0,19,2,0,21,2,22,2,0,26,12,0,12,38
11/08/2017,AKN,AK,AAL,WE,Federal Contract Tower,2,4,0,0,6,0,19,12,0,31,2,23,12,0,37,21,0,21,58
11/09/2017,AKN,AK,AAL,WE,Federal Contract Tower,0,4,0,0,4,0,27,9,0,36,0,31,9,0,40,0,0,0,40
11/10/2017,AKN,AK,AAL,WE,Federal Contract Tower,0,5,0,2,7,0,11,11,0,22,0,16,11,2,29,34,20,54,83
11/11/2017,AKN,AK,AAL,WE,Federal Contract Tower,1,4,0,0,5,0,14,4,0,18,1,18,4,0,23,0,0,0,23
11/12/2017,AKN,AK,AAL,WE,Federal Contract Tower,0,4,0,0,4,0,13,4,0,17,0,17,4,0,21,0,0,0,21
11/13/2017,AKN,AK,AAL,WE,Federal Contract Tower,0,3,0,0,3,0,14,0,0,14,0,17,0,0,17,12,0,12,29
11/14/2017,AKN,AK,AAL,WE,Federal Contract Tower,0,3,0,0,3,0,16,3,0,19,0,19,3,0,22,0,0,0,22
11/15/2017,AKN,AK,AAL,WE,Federal Contract Tower,3,12,4,0,19,0,9,0,0,9,3,21,4,0,28,13,0,13,41
11/16/2017,AKN,AK,AAL,WE,Federal Contract Tower,0,8,0,0,8,0,8,0,0,8,0,16,0,0,16,0,0,0,16
11/17/2017,AKN,AK,AAL,WE,Federal Contract Tower,0,3,0,0,3,0,15,0,0,15,0,18,0,0,18,0,0,0,18
11/18/2017,AKN,AK,AAL,WE,Federal Contract Tower,2,5,0,0,7,0,15,3,0,18,2,20,3,0,25,10,0,10,35
11/19/2017,AKN,AK,AAL,WE,Federal Contract Tower,0,2,0,0,2,0,0,0,0,0,0,2,0,0,2,0,0,0,2
11/20/2017,AKN,AK,AAL,WE,Federal Contract Tower,0,3,0,0,3,0,15,0,0,15,0,18,0,0,18,0,0,0,18
11/21/2017,AKN,AK,AAL,WE,Federal Contract Tower,0,7,0,0,7,0,3,0,0,3,0,10,0,0,10,0,0,0,10
11/22/2017,AKN,AK,AAL,WE,Federal Contract Tower,5,1,0,0,6,0,14,0,0,14,5,15,0,0,20,0,0,0,20
11/23/2017,AKN,AK,AAL,WE,Federal Contract Tower,0,0,0,0,0,0,0,0,0,0,0,0,0,0,0,0,0,0,0
11/24/2017,AKN,AK,AAL,WE,Federal Contract Tower,0,4,0,0,4,0,13,2,0,15,0,17,2,0,19,8,0,8,27
11/25/2017,AKN,AK,AAL,WE,Federal Contract Tower,2,6,0,0,8,0,15,4,0,19,2,21,4,0,27,0,0,0,27
11/26/2017,AKN,AK,AAL,WE,Federal Contract Tower,0,4,0,0,4,0,0,0,0,0,0,4,0,0,4,0,0,0,4
11/27/2017,AKN,AK,AAL,WE,Federal Contract Tower,2,2,2,0,6,0,13,6,0,19,2,15,8,0,25,0,0,0,25
11/28/2017,AKN,AK,AAL,WE,Federal Contract Tower,0,5,0,0,5,0,10,0,0,10,0,15,0,0,15,0,0,0,15
11/29/2017,AKN,AK,AAL,WE,Federal Contract Tower,2,5,0,1,8,0,10,5,5,20,2,15,5,6,28,10,38,48,76
11/30/2017,AKN,AK,AAL,WE,Federal Contract Tower,0,3,0,0,3,0,0,1,0,1,0,3,1,0,4,0,0,0,4
12/01/2017,AKN,AK,AAL,WE,Federal Contract Tower,2,9,0,0,11,0,16,2,0,18,2,25,2,0,29,0,0,0,29
12/02/2017,AKN,AK,AAL,WE,Federal Contract Tower,2,17,0,0,19,0,2,0,0,2,2,19,0,0,21,0,0,0,21
12/03/2017,AKN,AK,AAL,WE,Federal Contract Tower,0,6,0,0,6,0,0,0,0,0,0,6,0,0,6,0,0,0,6
12/04/2017,AKN,AK,AAL,WE,Federal Contract Tower,0,6,0,0,6,0,3,0,0,3,0,9,0,0,9,0,0,0,9
12/05/2017,AKN,AK,AAL,WE,Federal Contract Tower,0,6,0,0,6,0,10,8,0,18,0,16,8,0,24,5,0,5,29
12/06/2017,AKN,AK,AAL,WE,Federal Contract Tower,3,7,0,0,10,0,18,0,0,18,3,25,0,0,28,2,0,2,30
12/07/2017,AKN,AK,AAL,WE,Federal Contract Tower,0,4,0,0,4,0,11,7,0,18,0,15,7,0,22,10,0,10,32
12/08/2017,AKN,AK,AAL,WE,Federal Contract Tower,0,5,0,0,5,0,14,3,0,17,0,19,3,0,22,6,0,6,28
12/09/2017,AKN,AK,AAL,WE,Federal Contract Tower,2,6,0,0,8,0,7,6,0,13,2,13,6,0,21,10,0,10,31
12/10/2017,AKN,AK,AAL,WE,Federal Contract Tower,0,6,0,0,6,0,3,2,0,5,0,9,2,0,11,0,0,0,11
12/11/2017,AKN,AK,AAL,WE,Federal Contract Tower,0,8,0,0,8,0,15,3,0,18,0,23,3,0,26,0,0,0,26
12/12/2017,AKN,AK,AAL,WE,Federal Contract Tower,0,2,0,0,2,0,19,1,0,20,0,21,1,0,22,0,0,0,22
12/13/2017,AKN,AK,AAL,WE,Federal Contract Tower,4,4,2,0,10,0,1,0,0,1,4,5,2,0,11,0,0,0,11
12/14/2017,AKN,AK,AAL,WE,Federal Contract Tower,0,4,0,0,4,0,10,0,0,10,0,14,0,0,14,0,0,0,14
12/15/2017,AKN,AK,AAL,WE,Federal Contract Tower,0,4,0,0,4,0,8,0,0,8,0,12,0,0,12,0,0,0,12
12/16/2017,AKN,AK,AAL,WE,Federal Contract Tower,1,5,0,0,6,0,17,0,0,17,1,22,0,0,23,4,0,4,27
12/17/2017,AKN,AK,AAL,WE,Federal Contract Tower,0,4,0,0,4,0,2,3,0,5,0,6,3,0,9,0,0,0,9
12/18/2017,AKN,AK,AAL,WE,Federal Contract Tower,0,4,0,0,4,0,10,4,0,14,0,14,4,0,18,4,0,4,22
12/19/2017,AKN,AK,AAL,WE,Federal Contract Tower,0,2,0,0,2,0,5,0,0,5,0,7,0,0,7,0,0,0,7
12/20/2017,AKN,AK,AAL,WE,Federal Contract Tower,6,4,0,0,10,0,17,6,2,25,6,21,6,2,35,9,8,17,52
12/21/2017,AKN,AK,AAL,WE,Federal Contract Tower,0,6,0,0,6,0,12,1,0,13,0,18,1,0,19,0,0,0,19
12/22/2017,AKN,AK,AAL,WE,Federal Contract Tower,0,6,0,0,6,0,2,0,0,2,0,8,0,0,8,0,0,0,8
12/23/2017,AKN,AK,AAL,WE,Federal Contract Tower,0,2,0,0,2,0,3,0,0,3,0,5,0,0,5,0,0,0,5
12/24/2017,AKN,AK,AAL,WE,Federal Contract Tower,0,4,0,0,4,0,15,2,0,17,0,19,2,0,21,16,0,16,37
12/25/2017,AKN,AK,AAL,WE,Federal Contract Tower,0,0,0,0,0,0,2,2,0,4,0,2,2,0,4,12,0,12,16
12/26/2017,AKN,AK,AAL,WE,Federal Contract Tower,2,3,0,0,5,0,16,11,0,27,2,19,11,0,32,4,0,4,36
12/27/2017,AKN,AK,AAL,WE,Federal Contract Tower,2,10,2,0,14,0,4,0,0,4,2,14,2,0,18,0,0,0,18
12/28/2017,AKN,AK,AAL,WE,Federal Contract Tower,0,7,0,0,7,0,3,2,0,5,0,10,2,0,12,0,0,0,12
12/29/2017,AKN,AK,AAL,WE,Federal Contract Tower,2,5,0,0,7,0,13,2,0,15,2,18,2,0,22,0,0,0,22
12/30/2017,AKN,AK,AAL,WE,Federal Contract Tower,2,5,0,0,7,0,7,0,0,7,2,12,0,0,14,0,0,0,14
12/31/2017,AKN,AK,AAL,WE,Federal Contract Tower,0,4,0,0,4,0,1,0,0,1,0,5,0,0,5,0,0,0,5
01/01/2018,AKN,AK,AAL,WE,Federal Contract Tower,0,0,0,0,0,0,0,0,0,0,0,0,0,0,0,12,0,12,12
01/02/2018,AKN,AK,AAL,WE,Federal Contract Tower,2,7,0,0,9,0,8,0,0,8,2,15,0,0,17,0,0,0,17
01/03/2018,AKN,AK,AAL,WE,Federal Contract Tower,4,7,0,0,11,0,16,0,0,16,4,23,0,0,27,0,0,0,27
01/04/2018,AKN,AK,AAL,WE,Federal Contract Tower,0,4,0,0,4,0,12,0,3,15,0,16,0,3,19,0,28,28,47
01/05/2018,AKN,AK,AAL,WE,Federal Contract Tower,2,7,0,0,9,0,13,1,0,14,2,20,1,0,23,0,0,0,23
01/06/2018,AKN,AK,AAL,WE,Federal Contract Tower,0,9,0,0,9,0,13,2,0,15,0,22,2,0,24,2,0,2,26
01/07/2018,AKN,AK,AAL,WE,Federal Contract Tower,0,5,1,0,6,0,2,0,0,2,0,7,1,0,8,0,0,0,8
01/08/2018,AKN,AK,AAL,WE,Federal Contract Tower,2,10,1,0,13,0,2,0,0,2,2,12,1,0,15,0,0,0,15
01/09/2018,AKN,AK,AAL,WE,Federal Contract Tower,0,6,0,1,7,0,13,3,1,17,0,19,3,2,24,0,10,10,34
01/10/2018,AKN,AK,AAL,WE,Federal Contract Tower,4,5,0,0,9,0,20,0,0,20,4,25,0,0,29,14,0,14,43
01/11/2018,AKN,AK,AAL,WE,Federal Contract Tower,0,5,0,0,5,0,13,0,0,13,0,18,0,0,18,0,0,0,18
01/12/2018,AKN,AK,AAL,WE,Federal Contract Tower,2,4,0,1,7,0,12,2,1,15,2,16,2,2,22,0,8,8,30
01/13/2018,AKN,AK,AAL,WE,Federal Contract Tower,0,7,0,0,7,0,9,2,0,11,0,16,2,0,18,0,0,0,18
01/14/2018,AKN,AK,AAL,WE,Federal Contract Tower,0,4,0,0,4,0,0,3,0,3,0,4,3,0,7,0,0,0,7
01/15/2018,AKN,AK,AAL,WE,Federal Contract Tower,0,10,0,0,10,0,22,12,2,36,0,32,12,2,46,10,28,38,84
01/16/2018,AKN,AK,AAL,WE,Federal Contract Tower,0,10,0,0,10,0,10,0,0,10,0,20,0,0,20,0,0,0,20
01/17/2018,AKN,AK,AAL,WE,Federal Contract Tower,2,8,0,0,10,0,1,0,0,1,2,9,0,0,11,0,0,0,11
01/18/2018,AKN,AK,AAL,WE,Federal Contract Tower,2,22,0,0,24,0,3,0,0,3,2,25,0,0,27,0,0,0,27
01/19/2018,AKN,AK,AAL,WE,Federal Contract Tower,9,2,0,0,11,0,12,4,0,16,9,14,4,0,27,0,0,0,27
01/20/2018,AKN,AK,AAL,WE,Federal Contract Tower,4,6,0,0,10,0,20,0,0,20,4,26,0,0,30,0,0,0,30
01/21/2018,AKN,AK,AAL,WE,Federal Contract Tower,0,4,0,0,4,0,9,0,0,9,0,13,0,0,13,0,0,0,13
01/22/2018,AKN,AK,AAL,WE,Federal Contract Tower,0,3,0,0,3,0,17,0,0,17,0,20,0,0,20,0,0,0,20
01/23/2018,AKN,AK,AAL,WE,Federal Contract Tower,0,11,0,0,11,0,18,2,1,21,0,29,2,1,32,12,1,13,45
01/24/2018,AKN,AK,AAL,WE,Federal Contract Tower,4,5,0,0,9,0,12,3,4,19,4,17,3,4,28,6,8,14,42
01/25/2018,AKN,AK,AAL,WE,Federal Contract Tower,0,4,0,0,4,0,17,0,0,17,0,21,0,0,21,0,0,0,21
01/26/2018,AKN,AK,AAL,WE,Federal Contract Tower,2,4,0,0,6,0,13,3,0,16,2,17,3,0,22,0,0,0,22
01/27/2018,AKN,AK,AAL,WE,Federal Contract Tower,2,4,0,0,6,0,19,6,0,25,2,23,6,0,31,0,0,0,31
01/28/2018,AKN,AK,AAL,WE,Federal Contract Tower,0,8,0,0,8,0,15,1,0,16,0,23,1,0,24,0,0,0,24
01/29/2018,AKN,AK,AAL,WE,Federal Contract Tower,2,8,0,0,10,0,14,0,0,14,2,22,0,0,24,0,0,0,24
01/30/2018,AKN,AK,AAL,WE,Federal Contract Tower,0,3,0,0,3,0,13,1,2,16,0,16,1,2,19,0,18,18,37
01/31/2018,AKN,AK,AAL,WE,Federal Contract Tower,2,6,0,0,8,0,17,0,0,17,2,23,0,0,25,0,0,0,25
02/01/2018,AKN,AK,AAL,WE,Federal Contract Tower,2,3,0,0,5,0,17,0,0,17,2,20,0,0,22,0,0,0,22
02/02/2018,AKN,AK,AAL,WE,Federal Contract Tower,0,3,0,0,3,0,16,3,0,19,0,19,3,0,22,2,0,2,24
02/03/2018,AKN,AK,AAL,WE,Federal Contract Tower,0,6,0,0,6,0,12,0,0,12,0,18,0,0,18,0,0,0,18
02/04/2018,AKN,AK,AAL,WE,Federal Contract Tower,0,4,0,0,4,0,3,4,0,7,0,7,4,0,11,2,0,2,13
02/05/2018,AKN,AK,AAL,WE,Federal Contract Tower,0,3,0,0,3,0,4,0,0,4,0,7,0,0,7,0,0,0,7
02/06/2018,AKN,AK,AAL,WE,Federal Contract Tower,2,7,0,0,9,0,11,2,0,13,2,18,2,0,22,0,0,0,22
02/07/2018,AKN,AK,AAL,WE,Federal Contract Tower,0,5,0,0,5,0,20,2,0,22,0,25,2,0,27,0,0,0,27
02/08/2018,AKN,AK,AAL,WE,Federal Contract Tower,6,4,2,0,12,0,16,4,0,20,6,20,6,0,32,2,0,2,34
02/09/2018,AKN,AK,AAL,WE,Federal Contract Tower,0,4,0,0,4,0,5,0,0,5,0,9,0,0,9,0,0,0,9
02/10/2018,AKN,AK,AAL,WE,Federal Contract Tower,2,5,0,0,7,0,22,0,0,22,2,27,0,0,29,0,0,0,29
02/11/2018,AKN,AK,AAL,WE,Federal Contract Tower,0,10,0,0,10,0,1,0,0,1,0,11,0,0,11,0,0,0,11
02/12/2018,AKN,AK,AAL,WE,Federal Contract Tower,2,15,0,0,17,0,0,0,0,0,2,15,0,0,17,0,0,0,17
02/13/2018,AKN,AK,AAL,WE,Federal Contract Tower,0,4,0,3,7,0,22,0,2,24,0,26,0,5,31,12,15,27,58
02/14/2018,AKN,AK,AAL,WE,Federal Contract Tower,2,10,1,0,13,0,6,0,0,6,2,16,1,0,19,0,0,0,19
02/15/2018,AKN,AK,AAL,WE,Federal Contract Tower,1,9,0,0,10,0,14,8,0,22,1,23,8,0,32,2,0,2,34
02/16/2018,AKN,AK,AAL,WE,Federal Contract Tower,1,10,0,0,11,0,8,0,0,8,1,18,0,0,19,0,0,0,19
02/17/2018,AKN,AK,AAL,WE,Federal Contract Tower,2,8,0,0,10,0,18,2,0,20,2,26,2,0,30,4,0,4,34
02/18/2018,AKN,AK,AAL,WE,Federal Contract Tower,0,5,0,0,5,0,11,0,0,11,0,16,0,0,16,0,0,0,16
02/19/2018,AKN,AK,AAL,WE,Federal Contract Tower,0,10,0,0,10,0,22,0,0,22,0,32,0,0,32,0,0,0,32
02/20/2018,AKN,AK,AAL,WE,Federal Contract Tower,0,14,0,0,14,0,0,0,0,0,0,14,0,0,14,0,0,0,14
02/21/2018,AKN,AK,AAL,WE,Federal Contract Tower,4,13,0,0,17,0,20,2,0,22,4,33,2,0,39,0,0,0,39
02/22/2018,AKN,AK,AAL,WE,Federal Contract Tower,0,12,0,0,12,0,13,2,0,15,0,25,2,0,27,2,0,2,29
02/23/2018,AKN,AK,AAL,WE,Federal Contract Tower,0,8,1,0,9,0,8,0,0,8,0,16,1,0,17,0,0,0,17
02/24/2018,AKN,AK,AAL,WE,Federal Contract Tower,0,9,0,0,9,0,7,0,0,7,0,16,0,0,16,0,0,0,16
02/25/2018,AKN,AK,AAL,WE,Federal Contract Tower,0,11,0,0,11,0,4,0,0,4,0,15,0,0,15,0,0,0,15
02/26/2018,AKN,AK,AAL,WE,Federal Contract Tower,0,4,0,0,4,0,2,0,0,2,0,6,0,0,6,0,0,0,6
02/27/2018,AKN,AK,AAL,WE,Federal Contract Tower,2,11,0,0,13,0,18,0,0,18,2,29,0,0,31,0,0,0,31
02/28/2018,AKN,AK,AAL,WE,Federal Contract Tower,2,10,0,0,12,0,21,3,0,24,2,31,3,0,36,0,0,0,36
03/01/2018,AKN,AK,AAL,WE,Federal Contract Tower,0,8,0,2,10,0,24,3,0,27,0,32,3,2,37,6,0,6,43
03/02/2018,AKN,AK,AAL,WE,Federal Contract Tower,0,8,0,0,8,0,5,1,0,6,0,13,1,0,14,0,0,0,14
03/03/2018,AKN,AK,AAL,WE,Federal Contract Tower,0,14,2,0,16,0,16,7,0,23,0,30,9,0,39,8,0,8,47
03/04/2018,AKN,AK,AAL,WE,Federal Contract Tower,0,5,0,0,5,0,5,8,0,13,0,10,8,0,18,22,0,22,40
03/05/2018,AKN,AK,AAL,WE,Federal Contract Tower,0,10,0,4,14,0,0,0,0,0,0,10,0,4,14,0,0,0,14
03/06/2018,AKN,AK,AAL,WE,Federal Contract Tower,0,19,0,0,19,0,8,0,0,8,0,27,0,0,27,0,0,0,27
03/07/2018,AKN,AK,AAL,WE,Federal Contract Tower,2,11,0,0,13,0,0,0,0,0,2,11,0,0,13,0,0,0,13
03/08/2018,AKN,AK,AAL,WE,Federal Contract Tower,0,0,0,0,0,0,0,0,0,0,0,0,0,0,0,0,0,0,0
03/09/2018,AKN,AK,AAL,WE,Federal Contract Tower,2,20,0,0,22,0,19,0,0,19,2,39,0,0,41,2,0,2,43
03/10/2018,AKN,AK,AAL,WE,Federal Contract Tower,2,12,0,0,14,0,4,0,0,4,2,16,0,0,18,0,0,0,18
03/11/2018,AKN,AK,AAL,WE,Federal Contract Tower,0,7,0,0,7,0,2,1,0,3,0,9,1,0,10,0,0,0,10
03/12/2018,AKN,AK,AAL,WE,Federal Contract Tower,0,9,0,0,9,0,37,8,0,45,0,46,8,0,54,8,0,8,62
03/13/2018,AKN,AK,AAL,WE,Federal Contract Tower,0,8,0,0,8,0,22,2,0,24,0,30,2,0,32,20,10,30,62
03/14/2018,AKN,AK,AAL,WE,Federal Contract Tower,2,22,0,0,24,0,11,4,0,15,2,33,4,0,39,2,0,2,41
03/15/2018,AKN,AK,AAL,WE,Federal Contract Tower,0,17,0,0,17,0,3,0,0,3,0,20,0,0,20,0,0,0,20
03/16/2018,AKN,AK,AAL,WE,Federal Contract Tower,2,8,0,0,10,0,19,1,0,20,2,27,1,0,30,0,0,0,30
03/17/2018,AKN,AK,AAL,WE,Federal Contract Tower,2,7,0,0,9,0,24,2,0,26,2,31,2,0,35,0,0,0,35
03/18/2018,AKN,AK,AAL,WE,Federal Contract Tower,2,16,0,0,18,0,2,0,0,2,2,18,0,0,20,0,0,0,20
03/19/2018,AKN,AK,AAL,WE,Federal Contract Tower,0,12,0,2,14,0,23,4,2,29,0,35,4,4,43,0,20,20,63
03/20/2018,AKN,AK,AAL,WE,Federal Contract Tower,0,10,0,0,10,0,20,4,4,28,0,30,4,4,38,0,12,12,50
03/21/2018,AKN,AK,AAL,WE,Federal Contract Tower,0,6,0,0,6,0,23,7,2,32,0,29,7,2,38,10,0,10,48
03/22/2018,AKN,AK,AAL,WE,Federal Contract Tower,2,9,0,0,11,0,20,5,0,25,2,29,5,0,36,26,0,26,62
03/23/2018,AKN,AK,AAL,WE,Federal Contract Tower,2,8,0,0,10,0,22,4,0,26,2,30,4,0,36,0,0,0,36
03/24/2018,AKN,AK,AAL,WE,Federal Contract Tower,2,6,0,0,8,0,17,6,0,23,2,23,6,0,31,34,0,34,65
03/25/2018,AKN,AK,AAL,WE,Federal Contract Tower,0,6,0,0,6,0,0,0,0,0,0,6,0,0,6,0,0,0,6
03/26/2018,AKN,AK,AAL,WE,Federal Contract Tower,0,8,0,0,8,0,13,0,0,13,0,21,0,0,21,0,0,0,21
03/27/2018,AKN,AK,AAL,WE,Federal Contract Tower,0,14,0,0,14,0,3,0,0,3,0,17,0,0,17,0,0,0,17
03/28/2018,AKN,AK,AAL,WE,Federal Contract Tower,2,8,0,0,10,0,23,10,0,33,2,31,10,0,43,4,0,4,47
03/29/2018,AKN,AK,AAL,WE,Federal Contract Tower,2,11,2,0,15,0,13,2,0,15,2,24,4,0,30,0,0,0,30
03/30/2018,AKN,AK,AAL,WE,Federal Contract Tower,0,9,0,0,9,0,24,9,0,33,0,33,9,0,42,32,0,32,74
03/31/2018,AKN,AK,AAL,WE,Federal Contract Tower,2,8,0,0,10,0,16,10,0,26,2,24,10,0,36,40,0,40,76
04/01/2018,AKN,AK,AAL,WE,Federal Contract Tower,0,6,0,0,6,0,2,4,0,6,0,8,4,0,12,4,0,4,16
04/02/2018,AKN,AK,AAL,WE,Federal Contract Tower,0,10,0,0,10,0,22,6,0,28,0,32,6,0,38,2,12,14,52
04/03/2018,AKN,AK,AAL,WE,Federal Contract Tower,0,7,0,0,7,0,25,15,4,44,0,32,15,4,51,6,10,16,67
04/04/2018,AKN,AK,AAL,WE,Federal Contract Tower,2,9,0,2,13,0,20,7,0,27,2,29,7,2,40,0,6,6,46
04/05/2018,AKN,AK,AAL,WE,Federal Contract Tower,0,14,2,0,16,0,0,0,0,0,0,14,2,0,16,0,0,0,16
04/06/2018,AKN,AK,AAL,WE,Federal Contract Tower,2,9,0,0,11,0,19,7,0,26,2,28,7,0,37,10,0,10,47
04/07/2018,AKN,AK,AAL,WE,Federal Contract Tower,1,9,0,0,10,1,21,2,0,24,2,30,2,0,34,2,0,2,36
04/08/2018,AKN,AK,AAL,WE,Federal Contract Tower,0,6,0,0,6,0,7,13,0,20,0,13,13,0,26,26,0,26,52
04/09/2018,AKN,AK,AAL,WE,Federal Contract Tower,0,10,0,2,12,0,27,6,1,34,0,37,6,3,46,4,6,10,56
04/10/2018,AKN,AK,AAL,WE,Federal Contract Tower,0,7,0,0,7,0,17,3,0,20,0,24,3,0,27,8,0,8,35
04/11/2018,AKN,AK,AAL,WE,Federal Contract Tower,4,12,0,0,16,0,25,11,0,36,4,37,11,0,52,0,0,0,52
04/12/2018,AKN,AK,AAL,WE,Federal Contract Tower,0,10,0,0,10,0,21,7,0,28,0,31,7,0,38,6,0,6,44
04/13/2018,AKN,AK,AAL,WE,Federal Contract Tower,2,7,0,0,9,0,25,4,0,29,2,32,4,0,38,24,0,24,62
04/14/2018,AKN,AK,AAL,WE,Federal Contract Tower,0,16,2,0,18,0,20,4,0,24,0,36,6,0,42,23,0,23,65
04/15/2018,AKN,AK,AAL,WE,Federal Contract Tower,0,7,0,0,7,0,15,2,0,17,0,22,2,0,24,0,0,0,24
04/16/2018,AKN,AK,AAL,WE,Federal Contract Tower,0,22,0,0,22,0,1,0,0,1,0,23,0,0,23,0,0,0,23
04/17/2018,AKN,AK,AAL,WE,Federal Contract Tower,0,10,0,0,10,0,15,2,0,17,0,25,2,0,27,6,0,6,33
04/18/2018,AKN,AK,AAL,WE,Federal Contract Tower,4,13,0,0,17,0,34,16,0,50,4,47,16,0,67,0,0,0,67
04/19/2018,AKN,AK,AAL,WE,Federal Contract Tower,0,10,0,0,10,0,23,24,0,47,0,33,24,0,57,16,0,16,73
04/20/2018,AKN,AK,AAL,WE,Federal Contract Tower,2,12,0,0,14,0,25,8,0,33,2,37,8,0,47,20,0,20,67
04/21/2018,AKN,AK,AAL,WE,Federal Contract Tower,2,12,0,0,14,0,13,9,0,22,2,25,9,0,36,26,0,26,62
04/22/2018,AKN,AK,AAL,WE,Federal Contract Tower,0,8,0,0,8,0,25,2,0,27,0,33,2,0,35,0,0,0,35
04/23/2018,AKN,AK,AAL,WE,Federal Contract Tower,0,26,0,0,26,0,20,6,0,26,0,46,6,0,52,8,0,8,60
04/24/2018,AKN,AK,AAL,WE,Federal Contract Tower,0,7,1,0,8,0,18,1,0,19,0,25,2,0,27,2,0,2,29
04/25/2018,AKN,AK,AAL,WE,Federal Contract Tower,3,15,0,0,18,1,22,9,0,32,4,37,9,0,50,0,0,0,50
04/26/2018,AKN,AK,AAL,WE,Federal Contract Tower,2,11,0,0,13,0,31,13,0,44,2,42,13,0,57,10,0,10,67
04/27/2018,AKN,AK,AAL,WE,Federal Contract Tower,2,17,0,0,19,0,24,1,0,25,2,41,1,0,44,4,0,4,48
04/28/2018,AKN,AK,AAL,WE,Federal Contract Tower,2,14,2,0,18,0,25,0,0,25,2,39,2,0,43,0,0,0,43
04/29/2018,AKN,AK,AAL,WE,Federal Contract Tower,0,7,0,0,7,0,14,0,0,14,0,21,0,0,21,0,0,0,21
04/30/2018,AKN,AK,AAL,WE,Federal Contract Tower,0,15,0,0,15,0,22,4,0,26,0,37,4,0,41,2,0,2,43
05/01/2018,AKN,AK,AAL,WE,Federal Contract Tower,0,16,0,0,16,0,28,12,0,40,0,44,12,0,56,10,0,10,66
05/02/2018,AKN,AK,AAL,WE,Federal Contract Tower,6,14,0,0,20,0,37,22,0,59,6,51,22,0,79,10,0,10,89
05/03/2018,AKN,AK,AAL,WE,Federal Contract Tower,0,16,0,0,16,0,27,22,0,49,0,43,22,0,65,10,0,10,75
05/04/2018,AKN,AK,AAL,WE,Federal Contract Tower,0,15,0,0,15,0,5,0,0,5,0,20,0,0,20,0,0,0,20
05/05/2018,AKN,AK,AAL,WE,Federal Contract Tower,2,26,2,0,30,0,31,4,0,35,2,57,6,0,65,0,0,0,65
05/06/2018,AKN,AK,AAL,WE,Federal Contract Tower,0,9,0,0,9,0,38,19,0,57,0,47,19,0,66,16,0,16,82
05/07/2018,AKN,AK,AAL,WE,Federal Contract Tower,0,18,0,2,20,0,31,16,0,47,0,49,16,2,67,10,12,22,89
05/08/2018,AKN,AK,AAL,WE,Federal Contract Tower,0,17,0,0,17,0,55,12,0,67,0,72,12,0,84,0,0,0,84
05/09/2018,AKN,AK,AAL,WE,Federal Contract Tower,4,18,0,6,28,0,53,14,0,67,4,71,14,6,95,0,4,4,99
05/10/2018,AKN,AK,AAL,WE,Federal Contract Tower,0,7,0,0,7,0,10,0,0,10,0,17,0,0,17,0,0,0,17
05/11/2018,AKN,AK,AAL,WE,Federal Contract Tower,0,12,0,0,12,0,31,6,0,37,0,43,6,0,49,0,0,0,49
05/12/2018,AKN,AK,AAL,WE,Federal Contract Tower,4,11,0,0,15,0,42,18,0,60,4,53,18,0,75,2,0,2,77
05/13/2018,AKN,AK,AAL,WE,Federal Contract Tower,0,6,0,0,6,0,44,13,0,57,0,50,13,0,63,20,0,20,83
05/14/2018,AKN,AK,AAL,WE,Federal Contract Tower,0,14,2,0,16,0,45,15,0,60,0,59,17,0,76,0,0,0,76
05/15/2018,AKN,AK,AAL,WE,Federal Contract Tower,0,17,0,0,17,0,45,16,0,61,0,62,16,0,78,0,0,0,78
05/16/2018,AKN,AK,AAL,WE,Federal Contract Tower,3,11,1,0,15,8,53,15,0,76,11,64,16,0,91,25,0,25,116
05/17/2018,AKN,AK,AAL,WE,Federal Contract Tower,0,15,0,0,15,0,25,20,0,45,0,40,20,0,60,6,0,6,66
05/18/2018,AKN,AK,AAL,WE,Federal Contract Tower,0,16,0,0,16,0,38,11,0,49,0,54,11,0,65,8,0,8,73
05/19/2018,AKN,AK,AAL,WE,Federal Contract Tower,4,10,2,0,16,0,37,29,0,66,4,47,31,0,82,14,0,14,96
05/20/2018,AKN,AK,AAL,WE,Federal Contract Tower,0,8,0,0,8,0,30,16,0,46,0,38,16,0,54,40,0,40,94
05/21/2018,AKN,AK,AAL,WE,Federal Contract Tower,2,10,0,0,12,0,33,13,0,46,2,43,13,0,58,8,0,8,66
05/22/2018,AKN,AK,AAL,WE,Federal Contract Tower,0,17,3,2,22,0,24,9,0,33,0,41,12,2,55,5,0,5,60
05/23/2018,AKN,AK,AAL,WE,Federal Contract Tower,2,12,0,0,14,0,45,18,0,63,2,57,18,0,77,6,0,6,83
05/24/2018,AKN,AK,AAL,WE,Federal Contract Tower,2,15,0,1,18,0,46,17,1,64,2,61,17,2,82,2,18,20,102
05/25/2018,AKN,AK,AAL,WE,Federal Contract Tower,2,8,4,0,14,0,45,12,0,57,2,53,16,0,71,2,0,2,73
05/26/2018,AKN,AK,AAL,WE,Federal Contract Tower,2,16,0,0,18,0,37,21,0,58,2,53,21,0,76,0,0,0,76
05/27/2018,AKN,AK,AAL,WE,Federal Contract Tower,0,11,0,0,11,0,21,11,0,32,0,32,11,0,43,0,0,0,43
05/28/2018,AKN,AK,AAL,WE,Federal Contract Tower,0,14,0,0,14,0,45,29,0,74,0,59,29,0,88,0,0,0,88
05/29/2018,AKN,AK,AAL,WE,Federal Contract Tower,4,14,0,0,18,0,40,14,0,54,4,54,14,0,72,14,0,14,86
05/30/2018,AKN,AK,AAL,WE,Federal Contract Tower,0,22,5,0,27,0,34,18,0,52,0,56,23,0,79,0,0,0,79
05/31/2018,AKN,AK,AAL,WE,Federal Contract Tower,2,12,0,0,14,0,51,31,1,83,2,63,31,1,97,0,16,16,113
06/01/2018,AKN,AK,AAL,WE,Federal Contract Tower,0,13,0,0,13,0,62,28,0,90,0,75,28,0,103,0,0,0,103
06/02/2018,AKN,AK,AAL,WE,Federal Contract Tower,4,17,0,0,21,0,35,35,0,70,4,52,35,0,91,0,0,0,91
06/03/2018,AKN,AK,AAL,WE,Federal Contract Tower,2,19,1,0,22,0,54,41,0,95,2,73,42,0,117,6,0,6,123
06/04/2018,AKN,AK,AAL,WE,Federal Contract Tower,2,15,0,0,17,0,73,27,0,100,2,88,27,0,117,14,0,14,131
06/05/2018,AKN,AK,AAL,WE,Federal Contract Tower,8,17,0,0,25,0,51,20,0,71,8,68,20,0,96,0,0,0,96
06/06/2018,AKN,AK,AAL,WE,Federal Contract Tower,2,17,2,0,21,0,77,13,0,90,2,94,15,0,111,10,0,10,121
06/07/2018,AKN,AK,AAL,WE,Federal Contract Tower,4,20,2,0,26,0,56,28,2,86,4,76,30,2,112,0,16,16,128
06/08/2018,AKN,AK,AAL,WE,Federal Contract Tower,2,27,4,0,33,0,46,22,0,68,2,73,26,0,101,10,0,10,111
06/09/2018,AKN,AK,AAL,WE,Federal Contract Tower,5,11,0,0,16,1,95,33,0,129,6,106,33,0,145,0,0,0,145
06/10/2018,AKN,AK,AAL,WE,Federal Contract Tower,2,10,0,0,12,0,100,39,0,139,2,110,39,0,151,12,0,12,163
06/11/2018,AKN,AK,AAL,WE,Federal Contract Tower,2,23,0,0,25,0,73,37,0,110,2,96,37,0,135,0,0,0,135
06/12/2018,AKN,AK,AAL,WE,Federal Contract Tower,6,17,5,0,28,0,84,24,0,108,6,101,29,0,136,0,0,0,136
06/13/2018,AKN,AK,AAL,WE,Federal Contract Tower,2,25,4,0,31,0,89,33,0,122,2,114,37,0,153,0,0,0,153
06/14/2018,AKN,AK,AAL,WE,Federal Contract Tower,6,17,1,0,24,0,93,35,0,128,6,110,36,0,152,0,0,0,152
06/15/2018,AKN,AK,AAL,WE,Federal Contract Tower,2,26,2,0,30,0,78,17,0,95,2,104,19,0,125,0,0,0,125
06/16/2018,AKN,AK,AAL,WE,Federal Contract Tower,8,28,4,0,40,0,83,25,0,108,8,111,29,0,148,18,0,18,166
06/17/2018,AKN,AK,AAL,WE,Federal Contract Tower,2,20,0,0,22,0,61,23,0,84,2,81,23,0,106,2,0,2,108
06/18/2018,AKN,AK,AAL,WE,Federal Contract Tower,2,35,3,0,40,0,62,25,0,87,2,97,28,0,127,8,0,8,135
06/19/2018,AKN,AK,AAL,WE,Federal Contract Tower,6,24,0,0,30,0,93,29,0,122,6,117,29,0,152,2,0,2,154
06/20/2018,AKN,AK,AAL,WE,Federal Contract Tower,3,45,2,1,51,0,65,30,0,95,3,110,32,1,146,0,0,0,146
06/21/2018,AKN,AK,AAL,WE,Federal Contract Tower,8,30,6,3,47,0,88,25,3,116,8,118,31,6,163,2,0,2,165
06/22/2018,AKN,AK,AAL,WE,Federal Contract Tower,2,26,2,2,32,0,100,41,2,143,2,126,43,4,175,2,0,2,177
06/23/2018,AKN,AK,AAL,WE,Federal Contract Tower,9,23,0,0,32,0,105,51,1,157,9,128,51,1,189,0,0,0,189
06/24/2018,AKN,AK,AAL,WE,Federal Contract Tower,2,17,4,0,23,0,114,60,0,174,2,131,64,0,197,6,0,6,203
06/25/2018,AKN,AK,AAL,WE,Federal Contract Tower,4,26,0,0,30,0,112,52,0,164,4,138,52,0,194,12,0,12,206
06/27/2018,AKN,AK,AAL,WE,Federal Contract Tower,14,33,2,0,49,148,56,0,0,204,162,89,2,0,253,0,0,0,253
06/28/2018,AKN,AK,AAL,WE,Federal Contract Tower,12,31,8,0,51,0,84,41,0,125,12,115,49,0,176,2,0,2,178
06/29/2018,AKN,AK,AAL,WE,Federal Contract Tower,10,23,2,0,35,0,131,44,0,175,10,154,46,0,210,12,0,12,222
06/30/2018,AKN,AK,AAL,WE,Federal Contract Tower,14,28,3,0,45,0,115,65,0,180,14,143,68,0,225,0,0,0,225
07/01/2018,AKN,AK,AAL,WE,Federal Contract Tower,10,55,19,0,84,0,83,50,0,133,10,138,69,0,217,0,0,0,217
07/02/2018,AKN,AK,AAL,WE,Federal Contract Tower,9,26,2,0,37,0,125,59,0,184,9,151,61,0,221,0,0,0,221
07/03/2018,AKN,AK,AAL,WE,Federal Contract Tower,12,22,0,0,34,1,124,38,0,163,13,146,38,0,197,4,0,4,201
07/04/2018,AKN,AK,AAL,WE,Federal Contract Tower,20,92,8,0,120,0,40,5,0,45,20,132,13,0,165,0,0,0,165
07/05/2018,AKN,AK,AAL,WE,Federal Contract Tower,16,35,11,0,62,0,103,40,0,143,16,138,51,0,205,4,0,4,209
07/07/2018,AKN,AK,AAL,WE,Federal Contract Tower,15,24,2,0,41,1,175,45,0,221,16,199,47,0,262,6,0,6,268
07/08/2018,AKN,AK,AAL,WE,Federal Contract Tower,10,57,9,0,76,0,119,6,0,125,10,176,15,0,201,0,0,0,201
07/09/2018,AKN,AK,AAL,WE,Federal Contract Tower,6,30,7,0,43,0,120,23,0,143,6,150,30,0,186,0,0,0,186
07/10/2018,AKN,AK,AAL,WE,Federal Contract Tower,8,26,2,0,36,0,95,39,0,134,8,121,41,0,170,0,0,0,170
07/11/2018,AKN,AK,AAL,WE,Federal Contract Tower,6,41,3,0,50,0,120,8,0,128,6,161,11,0,178,0,0,0,178
07/13/2018,AKN,AK,AAL,WE,Federal Contract Tower,9,31,7,0,47,0,106,31,0,137,9,137,38,0,184,0,0,0,184
07/14/2018,AKN,AK,AAL,WE,Federal Contract Tower,14,24,1,0,39,0,152,39,0,191,14,176,40,0,230,0,0,0,230
07/15/2018,AKN,AK,AAL,WE,Federal Contract Tower,14,18,4,0,36,0,140,35,0,175,14,158,39,0,211,0,0,0,211
07/16/2018,AKN,AK,AAL,WE,Federal Contract Tower,12,20,5,1,38,0,170,37,1,208,12,190,42,2,246,14,0,14,260
07/17/2018,AKN,AK,AAL,WE,Federal Contract Tower,7,55,5,0,67,0,110,20,0,130,7,165,25,0,197,0,0,0,197
07/18/2018,AKN,AK,AAL,WE,Federal Contract Tower,10,23,1,0,34,0,134,33,0,167,10,157,34,0,201,0,0,0,201
07/19/2018,AKN,AK,AAL,WE,Federal Contract Tower,16,24,0,4,44,0,128,22,1,151,16,152,22,5,195,0,0,0,195
07/20/2018,AKN,AK,AAL,WE,Federal Contract Tower,10,20,5,0,35,0,170,41,0,211,10,190,46,0,246,0,0,0,246
07/21/2018,AKN,AK,AAL,WE,Federal Contract Tower,8,25,2,0,35,0,175,49,0,224,8,200,51,0,259,0,0,0,259
07/22/2018,AKN,AK,AAL,WE,Federal Contract Tower,4,25,4,0,33,0,170,37,0,207,4,195,41,0,240,0,0,0,240
07/23/2018,AKN,AK,AAL,WE,Federal Contract Tower,6,31,0,0,37,0,146,18,0,164,6,177,18,0,201,0,0,0,201
07/24/2018,AKN,AK,AAL,WE,Federal Contract Tower,6,33,2,0,41,0,141,27,0,168,6,174,29,0,209,2,0,2,211
07/25/2018,AKN,AK,AAL,WE,Federal Contract Tower,2,38,0,0,40,0,144,34,0,178,2,182,34,0,218,0,0,0,218
07/26/2018,AKN,AK,AAL,WE,Federal Contract Tower,7,29,4,0,40,0,158,46,0,204,7,187,50,0,244,0,0,0,244
07/27/2018,AKN,AK,AAL,WE,Federal Contract Tower,12,56,1,0,69,0,152,37,0,189,12,208,38,0,258,0,0,0,258
07/28/2018,AKN,AK,AAL,WE,Federal Contract Tower,12,23,3,1,39,0,148,39,0,187,12,171,42,1,226,0,2,2,228
07/29/2018,AKN,AK,AAL,WE,Federal Contract Tower,11,24,6,0,41,1,147,35,0,183,12,171,41,0,224,0,0,0,224
07/30/2018,AKN,AK,AAL,WE,Federal Contract Tower,8,26,2,0,36,0,149,36,0,185,8,175,38,0,221,0,0,0,221
07/31/2018,AKN,AK,AAL,WE,Federal Contract Tower,10,33,2,0,45,0,137,22,0,159,10,170,24,0,204,0,0,0,204
08/01/2018,AKN,AK,AAL,WE,Federal Contract Tower,4,20,2,0,26,0,99,23,0,122,4,119,25,0,148,0,0,0,148
08/02/2018,AKN,AK,AAL,WE,Federal Contract Tower,6,43,4,0,53,0,53,10,0,63,6,96,14,0,116,0,0,0,116
08/03/2018,AKN,AK,AAL,WE,Federal Contract Tower,5,20,8,0,33,0,100,35,0,135,5,120,43,0,168,0,0,0,168
08/04/2018,AKN,AK,AAL,WE,Federal Contract Tower,4,29,5,0,38,0,105,43,0,148,4,134,48,0,186,0,0,0,186
08/05/2018,AKN,AK,AAL,WE,Federal Contract Tower,0,73,6,0,79,0,0,0,0,0,0,73,6,0,79,0,0,0,79
08/06/2018,AKN,AK,AAL,WE,Federal Contract Tower,2,62,5,0,69,0,29,5,0,34,2,91,10,0,103,0,0,0,103
08/07/2018,AKN,AK,AAL,WE,Federal Contract Tower,4,23,1,0,28,0,93,32,0,125,4,116,33,0,153,6,0,6,159
08/08/2018,AKN,AK,AAL,WE,Federal Contract Tower,2,20,4,0,26,0,86,35,0,121,2,106,39,0,147,17,0,17,164
08/09/2018,AKN,AK,AAL,WE,Federal Contract Tower,4,13,0,0,17,0,104,36,0,140,4,117,36,0,157,0,0,0,157
08/10/2018,AKN,AK,AAL,WE,Federal Contract Tower,0,17,10,0,27,0,76,44,0,120,0,93,54,0,147,14,0,14,161
08/11/2018,AKN,AK,AAL,WE,Federal Contract Tower,4,39,2,0,45,0,73,29,0,102,4,112,31,0,147,2,0,2,149
08/12/2018,AKN,AK,AAL,WE,Federal Contract Tower,0,0,7,0,7,0,4,1,0,5,0,4,8,0,12,0,0,0,12
08/13/2018,AKN,AK,AAL,WE,Federal Contract Tower,0,55,8,0,63,0,19,2,0,21,0,74,10,0,84,0,0,0,84
08/14/2018,AKN,AK,AAL,WE,Federal Contract Tower,2,15,1,0,18,0,92,28,0,120,2,107,29,0,138,0,0,0,138
08/15/2018,AKN,AK,AAL,WE,Federal Contract Tower,4,28,4,0,36,0,95,31,0,126,4,123,35,0,162,0,0,0,162
08/17/2018,AKN,AK,AAL,WE,Federal Contract Tower,0,18,6,0,24,0,107,49,0,156,0,125,55,0,180,0,0,0,180
08/18/2018,AKN,AK,AAL,WE,Federal Contract Tower,2,18,1,0,21,0,29,5,0,34,2,47,6,0,55,0,0,0,55
08/19/2018,AKN,AK,AAL,WE,Federal Contract Tower,0,18,5,0,23,0,116,28,0,144,0,134,33,0,167,0,0,0,167
08/20/2018,AKN,AK,AAL,WE,Federal Contract Tower,0,20,2,2,24,0,78,32,0,110,0,98,34,2,134,0,0,0,134
08/21/2018,AKN,AK,AAL,WE,Federal Contract Tower,2,48,10,0,60,0,43,11,0,54,2,91,21,0,114,2,0,2,116
08/22/2018,AKN,AK,AAL,WE,Federal Contract Tower,0,17,2,2,21,0,71,24,2,97,0,88,26,4,118,2,6,8,126
08/23/2018,AKN,AK,AAL,WE,Federal Contract Tower,2,19,1,0,22,0,57,20,0,77,2,76,21,0,99,0,0,0,99
08/24/2018,AKN,AK,AAL,WE,Federal Contract Tower,2,45,18,0,65,0,34,19,0,53,2,79,37,0,118,0,0,0,118
08/25/2018,AKN,AK,AAL,WE,Federal Contract Tower,0,62,7,0,69,0,43,14,0,57,0,105,21,0,126,0,0,0,126
08/26/2018,AKN,AK,AAL,WE,Federal Contract Tower,0,59,13,0,72,0,12,6,0,18,0,71,19,0,90,0,0,0,90
08/27/2018,AKN,AK,AAL,WE,Federal Contract Tower,4,37,9,0,50,0,62,18,0,80,4,99,27,0,130,0,0,0,130
08/28/2018,AKN,AK,AAL,WE,Federal Contract Tower,2,14,2,0,18,0,115,34,4,153,2,129,36,4,171,4,10,14,185
08/29/2018,AKN,AK,AAL,WE,Federal Contract Tower,2,19,0,0,21,0,95,20,2,117,2,114,20,2,138,0,0,0,138
08/30/2018,AKN,AK,AAL,WE,Federal Contract Tower,2,23,1,0,26,0,63,17,0,80,2,86,18,0,106,0,0,0,106
08/31/2018,AKN,AK,AAL,WE,Federal Contract Tower,2,23,5,0,30,0,78,28,0,106,2,101,33,0,136,6,0,6,142
09/01/2018,AKN,AK,AAL,WE,Federal Contract Tower,2,20,0,0,22,0,111,33,0,144,2,131,33,0,166,2,0,2,168
09/02/2018,AKN,AK,AAL,WE,Federal Contract Tower,0,18,4,0,22,0,80,25,0,105,0,98,29,0,127,0,0,0,127
09/03/2018,AKN,AK,AAL,WE,Federal Contract Tower,0,16,0,0,16,0,81,33,0,114,0,97,33,0,130,0,0,0,130
09/04/2018,AKN,AK,AAL,WE,Federal Contract Tower,0,12,0,0,12,0,112,26,0,138,0,124,26,0,150,0,0,0,150
09/05/2018,AKN,AK,AAL,WE,Federal Contract Tower,2,15,0,0,17,0,101,36,0,137,2,116,36,0,154,0,0,0,154
09/06/2018,AKN,AK,AAL,WE,Federal Contract Tower,2,44,6,0,52,0,63,30,0,93,2,107,36,0,145,0,0,0,145
09/07/2018,AKN,AK,AAL,WE,Federal Contract Tower,0,20,5,0,25,0,75,37,0,112,0,95,42,0,137,14,0,14,151
09/08/2018,AKN,AK,AAL,WE,Federal Contract Tower,4,20,2,0,26,0,93,41,0,134,4,113,43,0,160,0,0,0,160
09/09/2018,AKN,AK,AAL,WE,Federal Contract Tower,0,9,0,0,9,0,79,28,0,107,0,88,28,0,116,2,0,2,118
09/10/2018,AKN,AK,AAL,WE,Federal Contract Tower,0,16,3,0,19,0,81,44,2,127,0,97,47,2,146,10,8,18,164
09/11/2018,AKN,AK,AAL,WE,Federal Contract Tower,0,23,3,0,26,0,58,29,0,87,0,81,32,0,113,33,0,33,146
09/12/2018,AKN,AK,AAL,WE,Federal Contract Tower,0,16,4,0,20,0,52,21,0,73,0,68,25,0,93,0,0,0,93
09/13/2018,AKN,AK,AAL,WE,Federal Contract Tower,2,15,0,0,17,0,45,28,0,73,2,60,28,0,90,0,0,0,90
09/14/2018,AKN,AK,AAL,WE,Federal Contract Tower,2,14,6,0,22,0,63,47,0,110,2,77,53,0,132,2,0,2,134
09/15/2018,AKN,AK,AAL,WE,Federal Contract Tower,2,37,6,0,45,0,42,12,0,54,2,79,18,0,99,0,0,0,99
09/16/2018,AKN,AK,AAL,WE,Federal Contract Tower,0,19,11,0,30,0,26,23,0,49,0,45,34,0,79,22,0,22,101
09/17/2018,AKN,AK,AAL,WE,Federal Contract Tower,0,14,4,0,18,0,54,30,0,84,0,68,34,0,102,6,0,6,108
09/18/2018,AKN,AK,AAL,WE,Federal Contract Tower,4,22,6,0,32,0,32,18,0,50,4,54,24,0,82,7,0,7,89
09/19/2018,AKN,AK,AAL,WE,Federal Contract Tower,0,14,0,0,14,0,46,26,0,72,0,60,26,0,86,21,0,21,107
09/20/2018,AKN,AK,AAL,WE,Federal Contract Tower,2,37,10,0,49,0,43,16,0,59,2,80,26,0,108,0,0,0,108
09/21/2018,AKN,AK,AAL,WE,Federal Contract Tower,2,38,13,0,53,0,22,13,0,35,2,60,26,0,88,0,0,0,88
09/22/2018,AKN,AK,AAL,WE,Federal Contract Tower,4,15,3,0,22,0,62,15,0,77,4,77,18,0,99,0,0,0,99
09/23/2018,AKN,AK,AAL,WE,Federal Contract Tower,0,7,4,0,11,0,34,30,0,64,0,41,34,0,75,0,0,0,75
09/24/2018,AKN,AK,AAL,WE,Federal Contract Tower,0,12,1,0,13,0,48,21,0,69,0,60,22,0,82,10,0,10,92
09/25/2018,AKN,AK,AAL,WE,Federal Contract Tower,2,17,0,0,19,0,68,32,0,100,2,85,32,0,119,4,0,4,123
09/26/2018,AKN,AK,AAL,WE,Federal Contract Tower,0,9,1,1,11,0,85,37,1,123,0,94,38,2,134,10,10,20,154
09/27/2018,AKN,AK,AAL,WE,Federal Contract Tower,4,12,5,0,21,0,36,18,0,54,4,48,23,0,75,0,0,0,75
09/28/2018,AKN,AK,AAL,WE,Federal Contract Tower,0,14,3,0,17,0,62,23,0,85,0,76,26,0,102,2,0,2,104
09/29/2018,AKN,AK,AAL,WE,Federal Contract Tower,4,8,0,0,12,0,30,44,0,74,4,38,44,0,86,0,0,0,86
09/30/2018,AKN,AK,AAL,WE,Federal Contract Tower,0,8,0,0,8,0,10,26,0,36,0,18,26,0,44,6,0,6,50
10/01/2018,AKN,AK,AAL,WE,Federal Contract Tower,0,11,0,0,11,0,35,12,0,47,0,46,12,0,58,0,0,0,58
10/02/2018,AKN,AK,AAL,WE,Federal Contract Tower,0,21,2,0,23,0,28,6,0,34,0,49,8,0,57,0,0,0,57
10/03/2018,AKN,AK,AAL,WE,Federal Contract Tower,4,11,2,0,17,0,34,11,0,45,4,45,13,0,62,6,0,6,68
10/04/2018,AKN,AK,AAL,WE,Federal Contract Tower,2,15,1,0,18,0,22,10,0,32,2,37,11,0,50,18,0,18,68
10/05/2018,AKN,AK,AAL,WE,Federal Contract Tower,0,9,0,0,9,0,35,21,0,56,0,44,21,0,65,16,0,16,81
10/06/2018,AKN,AK,AAL,WE,Federal Contract Tower,2,10,2,0,14,0,0,0,0,0,2,10,2,0,14,24,0,24,38
10/07/2018,AKN,AK,AAL,WE,Federal Contract Tower,0,10,2,0,12,0,10,11,0,21,0,20,13,0,33,18,0,18,51
10/08/2018,AKN,AK,AAL,WE,Federal Contract Tower,0,10,0,0,10,0,0,0,0,0,0,10,0,0,10,26,0,26,36
10/09/2018,AKN,AK,AAL,WE,Federal Contract Tower,2,13,0,0,15,0,28,4,0,32,2,41,4,0,47,4,0,4,51
10/10/2018,AKN,AK,AAL,WE,Federal Contract Tower,2,8,0,0,10,0,8,1,0,9,2,16,1,0,19,0,0,0,19
10/11/2018,AKN,AK,AAL,WE,Federal Contract Tower,2,10,1,0,13,0,34,3,0,37,2,44,4,0,50,6,0,6,56
10/12/2018,AKN,AK,AAL,WE,Federal Contract Tower,2,10,0,0,12,0,30,9,0,39,2,40,9,0,51,36,0,36,87
10/13/2018,AKN,AK,AAL,WE,Federal Contract Tower,2,8,0,0,10,0,32,10,0,42,2,40,10,0,52,30,0,30,82
10/14/2018,AKN,AK,AAL,WE,Federal Contract Tower,0,6,0,0,6,0,16,4,0,20,0,22,4,0,26,0,0,0,26
10/15/2018,AKN,AK,AAL,WE,Federal Contract Tower,0,10,0,0,10,0,38,13,0,51,0,48,13,0,61,8,0,8,69
10/16/2018,AKN,AK,AAL,WE,Federal Contract Tower,2,14,0,0,16,0,51,10,0,61,2,65,10,0,77,6,0,6,83
10/17/2018,AKN,AK,AAL,WE,Federal Contract Tower,2,10,0,0,12,0,24,9,0,33,2,34,9,0,45,0,0,0,45
10/18/2018,AKN,AK,AAL,WE,Federal Contract Tower,0,11,0,0,11,0,20,13,0,33,0,31,13,0,44,4,0,4,48
10/19/2018,AKN,AK,AAL,WE,Federal Contract Tower,2,11,0,0,13,0,24,6,0,30,2,35,6,0,43,10,0,10,53
10/20/2018,AKN,AK,AAL,WE,Federal Contract Tower,0,8,0,0,8,0,35,11,0,46,0,43,11,0,54,0,0,0,54
10/21/2018,AKN,AK,AAL,WE,Federal Contract Tower,0,7,0,0,7,0,0,0,0,0,0,7,0,0,7,0,0,0,7
10/22/2018,AKN,AK,AAL,WE,Federal Contract Tower,0,10,0,0,10,0,25,9,0,34,0,35,9,0,44,0,0,0,44
10/23/2018,AKN,AK,AAL,WE,Federal Contract Tower,2,9,0,0,11,0,26,7,0,33,2,35,7,0,44,10,0,10,54
10/24/2018,AKN,AK,AAL,WE,Federal Contract Tower,2,12,0,0,14,0,26,11,0,37,2,38,11,0,51,22,0,22,73
10/25/2018,AKN,AK,AAL,WE,Federal Contract Tower,0,8,0,2,10,0,25,4,0,29,0,33,4,2,39,0,8,8,47
10/26/2018,AKN,AK,AAL,WE,Federal Contract Tower,4,8,0,0,12,0,24,2,0,26,4,32,2,0,38,0,0,0,38
10/27/2018,AKN,AK,AAL,WE,Federal Contract Tower,0,11,0,0,11,0,1,0,0,1,0,12,0,0,12,0,0,0,12
10/28/2018,AKN,AK,AAL,WE,Federal Contract Tower,0,8,0,0,8,0,10,0,0,10,0,18,0,0,18,0,0,0,18
10/29/2018,AKN,AK,AAL,WE,Federal Contract Tower,0,9,0,0,9,0,27,5,0,32,0,36,5,0,41,22,0,22,63
10/30/2018,AKN,AK,AAL,WE,Federal Contract Tower,0,10,2,0,12,0,32,8,0,40,0,42,10,0,52,6,0,6,58
10/31/2018,AKN,AK,AAL,WE,Federal Contract Tower,4,8,0,0,12,0,36,9,0,45,4,44,9,0,57,2,0,2,59
11/01/2018,AKN,AK,AAL,WE,Federal Contract Tower,0,6,0,0,6,0,21,10,0,31,0,27,10,0,37,18,0,18,55
11/02/2018,AKN,AK,AAL,WE,Federal Contract Tower,4,9,2,0,15,0,7,0,0,7,4,16,2,0,22,0,0,0,22
11/03/2018,AKN,AK,AAL,WE,Federal Contract Tower,0,8,0,0,8,0,21,3,0,24,0,29,3,0,32,0,0,0,32
11/04/2018,AKN,AK,AAL,WE,Federal Contract Tower,0,7,0,0,7,0,14,12,0,26,0,21,12,0,33,10,0,10,43
11/05/2018,AKN,AK,AAL,WE,Federal Contract Tower,0,12,0,0,12,0,11,9,0,20,0,23,9,0,32,8,0,8,40
11/06/2018,AKN,AK,AAL,WE,Federal Contract Tower,2,8,0,0,10,0,13,4,0,17,2,21,4,0,27,0,0,0,27
11/07/2018,AKN,AK,AAL,WE,Federal Contract Tower,2,8,0,0,10,0,18,6,0,24,2,26,6,0,34,0,0,0,34
11/08/2018,AKN,AK,AAL,WE,Federal Contract Tower,0,8,2,0,10,0,11,2,0,13,0,19,4,0,23,16,0,16,39
11/09/2018,AKN,AK,AAL,WE,Federal Contract Tower,2,12,2,0,16,0,30,1,0,31,2,42,3,0,47,10,0,10,57
11/10/2018,AKN,AK,AAL,WE,Federal Contract Tower,2,4,0,0,6,0,13,0,0,13,2,17,0,0,19,0,0,0,19
11/11/2018,AKN,AK,AAL,WE,Federal Contract Tower,0,6,0,0,6,0,3,1,0,4,0,9,1,0,10,0,0,0,10
11/12/2018,AKN,AK,AAL,WE,Federal Contract Tower,0,6,0,0,6,0,21,0,0,21,0,27,0,0,27,10,0,10,37
11/13/2018,AKN,AK,AAL,WE,Federal Contract Tower,2,6,0,1,9,0,17,3,0,20,2,23,3,1,29,20,4,24,53
11/14/2018,AKN,AK,AAL,WE,Federal Contract Tower,2,6,1,0,9,0,15,3,0,18,2,21,4,0,27,8,0,8,35
11/15/2018,AKN,AK,AAL,WE,Federal Contract Tower,0,8,0,0,8,0,19,9,0,28,0,27,9,0,36,12,0,12,48
11/16/2018,AKN,AK,AAL,WE,Federal Contract Tower,4,9,0,0,13,0,19,2,0,21,4,28,2,0,34,0,0,0,34
11/17/2018,AKN,AK,AAL,WE,Federal Contract Tower,0,10,0,0,10,0,10,1,0,11,0,20,1,0,21,10,0,10,31
11/18/2018,AKN,AK,AAL,WE,Federal Contract Tower,0,4,0,0,4,0,0,0,0,0,0,4,0,0,4,0,0,0,4
11/19/2018,AKN,AK,AAL,WE,Federal Contract Tower,0,8,0,0,8,0,19,2,0,21,0,27,2,0,29,6,0,6,35
11/20/2018,AKN,AK,AAL,WE,Federal Contract Tower,0,17,2,0,19,0,3,0,0,3,0,20,2,0,22,0,0,0,22
11/21/2018,AKN,AK,AAL,WE,Federal Contract Tower,2,16,0,0,18,0,3,2,0,5,2,19,2,0,23,0,0,0,23
11/22/2018,AKN,AK,AAL,WE,Federal Contract Tower,0,4,0,0,4,0,2,2,0,4,0,6,2,0,8,10,0,10,18
11/23/2018,AKN,AK,AAL,WE,Federal Contract Tower,2,12,0,0,14,0,20,4,0,24,2,32,4,0,38,0,0,0,38
11/24/2018,AKN,AK,AAL,WE,Federal Contract Tower,0,10,0,0,10,0,15,0,0,15,0,25,0,0,25,0,0,0,25
11/25/2018,AKN,AK,AAL,WE,Federal Contract Tower,0,5,0,0,5,0,2,0,0,2,0,7,0,0,7,0,0,0,7
11/26/2018,AKN,AK,AAL,WE,Federal Contract Tower,0,7,0,0,7,0,14,1,2,17,0,21,1,2,24,0,16,16,40
11/27/2018,AKN,AK,AAL,WE,Federal Contract Tower,2,8,0,0,10,0,10,0,0,10,2,18,0,0,20,0,0,0,20
11/28/2018,AKN,AK,AAL,WE,Federal Contract Tower,2,9,0,0,11,0,17,1,0,18,2,26,1,0,29,0,0,0,29
11/29/2018,AKN,AK,AAL,WE,Federal Contract Tower,0,9,0,0,9,0,16,5,0,21,0,25,5,0,30,0,0,0,30
11/30/2018,AKN,AK,AAL,WE,Federal Contract Tower,0,4,0,0,4,0,11,0,0,11,0,15,0,0,15,0,0,0,15
12/01/2018,AKN,AK,AAL,WE,Federal Contract Tower,2,4,0,0,6,0,12,0,0,12,2,16,0,0,18,0,0,0,18
12/02/2018,AKN,AK,AAL,WE,Federal Contract Tower,0,6,0,0,6,0,8,0,0,8,0,14,0,0,14,0,0,0,14
12/03/2018,AKN,AK,AAL,WE,Federal Contract Tower,2,11,0,2,15,0,22,4,0,26,2,33,4,2,41,0,0,0,41
12/04/2018,AKN,AK,AAL,WE,Federal Contract Tower,2,4,2,0,8,0,12,4,0,16,2,16,6,0,24,0,0,0,24
12/05/2018,AKN,AK,AAL,WE,Federal Contract Tower,0,14,0,0,14,0,12,2,0,14,0,26,2,0,28,2,0,2,30
12/06/2018,AKN,AK,AAL,WE,Federal Contract Tower,0,11,0,0,11,0,7,0,0,7,0,18,0,0,18,0,0,0,18
12/07/2018,AKN,AK,AAL,WE,Federal Contract Tower,4,10,0,0,14,0,8,2,0,10,4,18,2,0,24,0,0,0,24
12/08/2018,AKN,AK,AAL,WE,Federal Contract Tower,0,5,0,0,5,0,18,3,3,24,0,23,3,3,29,10,8,18,47
12/09/2018,AKN,AK,AAL,WE,Federal Contract Tower,0,6,1,0,7,0,0,1,0,1,0,6,2,0,8,0,0,0,8
12/10/2018,AKN,AK,AAL,WE,Federal Contract Tower,0,11,0,0,11,0,11,2,0,13,0,22,2,0,24,0,0,0,24
12/11/2018,AKN,AK,AAL,WE,Federal Contract Tower,0,5,0,0,5,0,20,0,0,20,0,25,0,0,25,0,0,0,25
12/12/2018,AKN,AK,AAL,WE,Federal Contract Tower,4,7,0,2,13,0,17,6,0,23,4,24,6,2,36,0,0,0,36
12/13/2018,AKN,AK,AAL,WE,Federal Contract Tower,0,10,0,0,10,0,8,0,0,8,0,18,0,0,18,0,0,0,18
12/14/2018,AKN,AK,AAL,WE,Federal Contract Tower,0,13,0,0,13,0,32,5,0,37,0,45,5,0,50,0,0,0,50
12/15/2018,AKN,AK,AAL,WE,Federal Contract Tower,2,7,0,0,9,0,21,0,0,21,2,28,0,0,30,0,0,0,30
12/16/2018,AKN,AK,AAL,WE,Federal Contract Tower,0,6,0,0,6,0,0,0,0,0,0,6,0,0,6,0,0,0,6
12/17/2018,AKN,AK,AAL,WE,Federal Contract Tower,0,6,0,1,7,0,18,1,1,20,0,24,1,2,27,10,14,24,51
12/18/2018,AKN,AK,AAL,WE,Federal Contract Tower,2,15,2,0,19,0,12,1,0,13,2,27,3,0,32,0,0,0,32
12/19/2018,AKN,AK,AAL,WE,Federal Contract Tower,2,6,2,0,10,0,16,6,0,22,2,22,8,0,32,10,0,10,42
12/20/2018,AKN,AK,AAL,WE,Federal Contract Tower,0,10,2,1,13,0,13,1,1,15,0,23,3,2,28,0,0,0,28
12/21/2018,AKN,AK,AAL,WE,Federal Contract Tower,2,8,0,0,10,0,23,2,0,25,2,31,2,0,35,28,0,28,63
12/22/2018,AKN,AK,AAL,WE,Federal Contract Tower,2,9,0,0,11,0,21,2,0,23,2,30,2,0,34,20,0,20,54
12/23/2018,AKN,AK,AAL,WE,Federal Contract Tower,0,15,1,0,16,0,5,0,0,5,0,20,1,0,21,4,0,4,25
12/24/2018,AKN,AK,AAL,WE,Federal Contract Tower,0,5,0,0,5,0,12,2,0,14,0,17,2,0,19,0,0,0,19
12/25/2018,AKN,AK,AAL,WE,Federal Contract Tower,0,0,0,0,0,0,0,0,0,0,0,0,0,0,0,0,0,0,0
12/26/2018,AKN,AK,AAL,WE,Federal Contract Tower,0,8,0,0,8,0,14,6,0,20,0,22,6,0,28,14,0,14,42
12/27/2018,AKN,AK,AAL,WE,Federal Contract Tower,0,7,0,0,7,0,0,0,0,0,0,7,0,0,7,0,0,0,7
12/28/2018,AKN,AK,AAL,WE,Federal Contract Tower,0,2,0,0,2,0,0,0,0,0,0,2,0,0,2,0,0,0,2
12/29/2018,AKN,AK,AAL,WE,Federal Contract Tower,2,4,0,0,6,0,15,5,0,20,2,19,5,0,26,16,0,16,42
12/30/2018,AKN,AK,AAL,WE,Federal Contract Tower,0,4,0,0,4,0,4,0,0,4,0,8,0,0,8,0,0,0,8
12/31/2018,AKN,AK,AAL,WE,Federal Contract Tower,0,8,0,0,8,0,12,0,0,12,0,20,0,0,20,0,0,0,20
01/01/2019,AKN,AK,AAL,WE,Federal Contract Tower,0,0,0,0,0,0,0,0,0,0,0,0,0,0,0,0,0,0,0
01/02/2019,AKN,AK,AAL,WE,Federal Contract Tower,0,6,0,0,6,0,12,4,3,19,0,18,4,3,25,0,8,8,33
01/03/2019,AKN,AK,AAL,WE,Federal Contract Tower,0,4,2,0,6,0,21,2,0,23,0,25,4,0,29,0,0,0,29
01/04/2019,AKN,AK,AAL,WE,Federal Contract Tower,2,15,0,0,17,0,1,0,0,1,2,16,0,0,18,0,0,0,18
01/05/2019,AKN,AK,AAL,WE,Federal Contract Tower,2,7,0,0,9,0,20,7,0,27,2,27,7,0,36,8,0,8,44
01/06/2019,AKN,AK,AAL,WE,Federal Contract Tower,0,6,0,0,6,0,2,0,0,2,0,8,0,0,8,0,0,0,8
01/07/2019,AKN,AK,AAL,WE,Federal Contract Tower,4,8,0,0,12,0,5,1,0,6,4,13,1,0,18,4,0,4,22
01/08/2019,AKN,AK,AAL,WE,Federal Contract Tower,0,6,0,0,6,0,14,5,1,20,0,20,5,1,26,6,2,8,34
01/09/2019,AKN,AK,AAL,WE,Federal Contract Tower,0,10,0,0,10,0,12,4,0,16,0,22,4,0,26,6,0,6,32
01/10/2019,AKN,AK,AAL,WE,Federal Contract Tower,2,10,0,2,14,0,25,1,2,28,2,35,1,4,42,0,2,2,44
01/11/2019,AKN,AK,AAL,WE,Federal Contract Tower,4,8,0,0,12,0,24,3,0,27,4,32,3,0,39,30,0,30,69
01/12/2019,AKN,AK,AAL,WE,Federal Contract Tower,2,3,0,0,5,0,25,0,0,25,2,28,0,0,30,18,0,18,48
01/13/2019,AKN,AK,AAL,WE,Federal Contract Tower,0,3,0,0,3,0,8,0,0,8,0,11,0,0,11,0,0,0,11
01/14/2019,AKN,AK,AAL,WE,Federal Contract Tower,0,4,0,0,4,0,11,0,0,11,0,15,0,0,15,0,0,0,15
01/15/2019,AKN,AK,AAL,WE,Federal Contract Tower,0,5,0,0,5,0,30,12,0,42,0,35,12,0,47,4,0,4,51
01/16/2019,AKN,AK,AAL,WE,Federal Contract Tower,3,8,0,1,12,1,22,6,0,29,4,30,6,1,41,6,15,21,62
01/17/2019,AKN,AK,AAL,WE,Federal Contract Tower,0,4,2,2,8,0,21,4,0,25,0,25,6,2,33,0,12,12,45
01/18/2019,AKN,AK,AAL,WE,Federal Contract Tower,0,5,0,0,5,0,26,5,0,31,0,31,5,0,36,0,0,0,36
01/19/2019,AKN,AK,AAL,WE,Federal Contract Tower,2,4,0,0,6,0,17,2,0,19,2,21,2,0,25,22,0,22,47
01/20/2019,AKN,AK,AAL,WE,Federal Contract Tower,0,2,0,0,2,0,9,0,0,9,0,11,0,0,11,0,0,0,11
01/21/2019,AKN,AK,AAL,WE,Federal Contract Tower,0,6,0,0,6,0,19,0,0,19,0,25,0,0,25,0,0,0,25
01/22/2019,AKN,AK,AAL,WE,Federal Contract Tower,2,2,0,0,4,0,19,2,0,21,2,21,2,0,25,0,0,0,25
01/23/2019,AKN,AK,AAL,WE,Federal Contract Tower,2,4,0,0,6,0,15,2,0,17,2,19,2,0,23,4,0,4,27
01/24/2019,AKN,AK,AAL,WE,Federal Contract Tower,0,6,0,2,8,0,11,2,0,13,0,17,2,2,21,0,12,12,33
01/25/2019,AKN,AK,AAL,WE,Federal Contract Tower,0,7,0,1,8,0,16,7,2,25,0,23,7,3,33,0,12,12,45
01/26/2019,AKN,AK,AAL,WE,Federal Contract Tower,2,6,0,0,8,0,1,0,0,1,2,7,0,0,9,0,0,0,9
01/27/2019,AKN,AK,AAL,WE,Federal Contract Tower,0,3,0,0,3,0,9,2,0,11,0,12,2,0,14,0,0,0,14
01/28/2019,AKN,AK,AAL,WE,Federal Contract Tower,0,6,0,0,6,0,22,0,0,22,0,28,0,0,28,0,0,0,28
01/29/2019,AKN,AK,AAL,WE,Federal Contract Tower,0,10,0,0,10,0,0,0,0,0,0,10,0,0,10,0,0,0,10
01/30/2019,AKN,AK,AAL,WE,Federal Contract Tower,5,13,0,0,18,0,10,0,0,10,5,23,0,0,28,0,0,0,28
01/31/2019,AKN,AK,AAL,WE,Federal Contract Tower,0,9,0,0,9,0,26,11,0,37,0,35,11,0,46,20,0,20,66
02/01/2019,AKN,AK,AAL,WE,Federal Contract Tower,2,13,1,0,16,0,9,1,0,10,2,22,2,0,26,0,0,0,26
02/02/2019,AKN,AK,AAL,WE,Federal Contract Tower,0,8,0,0,8,0,21,3,0,24,0,29,3,0,32,4,0,4,36
02/03/2019,AKN,AK,AAL,WE,Federal Contract Tower,0,6,0,0,6,0,0,0,0,0,0,6,0,0,6,0,0,0,6
02/04/2019,AKN,AK,AAL,WE,Federal Contract Tower,2,5,0,0,7,0,22,2,0,24,2,27,2,0,31,8,0,8,39
02/05/2019,AKN,AK,AAL,WE,Federal Contract Tower,0,4,0,0,4,0,25,2,0,27,0,29,2,0,31,6,0,6,37
02/06/2019,AKN,AK,AAL,WE,Federal Contract Tower,4,7,1,0,12,0,13,9,0,22,4,20,10,0,34,8,0,8,42
02/07/2019,AKN,AK,AAL,WE,Federal Contract Tower,2,7,0,0,9,0,15,1,0,16,2,22,1,0,25,0,0,0,25
02/08/2019,AKN,AK,AAL,WE,Federal Contract Tower,2,11,0,0,13,0,10,4,0,14,2,21,4,0,27,6,0,6,33
02/09/2019,AKN,AK,AAL,WE,Federal Contract Tower,4,8,0,0,12,0,21,12,0,33,4,29,12,0,45,6,0,6,51
02/10/2019,AKN,AK,AAL,WE,Federal Contract Tower,0,8,1,0,9,0,4,0,0,4,0,12,1,0,13,6,0,6,19
02/11/2019,AKN,AK,AAL,WE,Federal Contract Tower,0,6,0,0,6,0,21,4,0,25,0,27,4,0,31,0,0,0,31
02/12/2019,AKN,AK,AAL,WE,Federal Contract Tower,0,3,0,0,3,0,30,13,0,43,0,33,13,0,46,0,0,0,46
02/13/2019,AKN,AK,AAL,WE,Federal Contract Tower,2,7,0,0,9,0,24,11,0,35,2,31,11,0,44,0,0,0,44
02/14/2019,AKN,AK,AAL,WE,Federal Contract Tower,2,4,0,0,6,0,23,11,0,34,2,27,11,0,40,0,0,0,40
02/15/2019,AKN,AK,AAL,WE,Federal Contract Tower,2,9,0,0,11,0,19,9,0,28,2,28,9,0,39,4,0,4,43
02/16/2019,AKN,AK,AAL,WE,Federal Contract Tower,0,6,0,0,6,0,0,0,0,0,0,6,0,0,6,0,0,0,6
02/17/2019,AKN,AK,AAL,WE,Federal Contract Tower,2,7,0,0,9,0,0,0,0,0,2,7,0,0,9,0,0,0,9
02/18/2019,AKN,AK,AAL,WE,Federal Contract Tower,0,11,0,0,11,0,7,0,0,7,0,18,0,0,18,0,0,0,18
02/19/2019,AKN,AK,AAL,WE,Federal Contract Tower,2,3,0,0,5,0,41,3,0,44,2,44,3,0,49,0,0,0,49
02/20/2019,AKN,AK,AAL,WE,Federal Contract Tower,2,19,2,0,23,0,4,1,0,5,2,23,3,0,28,0,0,0,28
02/21/2019,AKN,AK,AAL,WE,Federal Contract Tower,0,7,0,0,7,0,24,15,0,39,0,31,15,0,46,22,0,22,68
02/22/2019,AKN,AK,AAL,WE,Federal Contract Tower,0,5,5,0,10,0,18,8,0,26,0,23,13,0,36,0,0,0,36
02/23/2019,AKN,AK,AAL,WE,Federal Contract Tower,2,9,0,0,11,0,30,8,0,38,2,39,8,0,49,0,0,0,49
02/24/2019,AKN,AK,AAL,WE,Federal Contract Tower,0,2,0,0,2,0,3,2,0,5,0,5,2,0,7,0,0,0,7
02/25/2019,AKN,AK,AAL,WE,Federal Contract Tower,0,8,0,0,8,0,8,2,0,10,0,16,2,0,18,0,0,0,18
02/26/2019,AKN,AK,AAL,WE,Federal Contract Tower,0,12,0,0,12,0,16,6,0,22,0,28,6,0,34,2,0,2,36
02/27/2019,AKN,AK,AAL,WE,Federal Contract Tower,1,9,2,0,12,0,21,8,0,29,1,30,10,0,41,0,0,0,41
02/28/2019,AKN,AK,AAL,WE,Federal Contract Tower,0,5,0,0,5,0,25,10,0,35,0,30,10,0,40,0,0,0,40
03/01/2019,AKN,AK,AAL,WE,Federal Contract Tower,4,9,0,0,13,0,19,6,0,25,4,28,6,0,38,0,0,0,38
03/02/2019,AKN,AK,AAL,WE,Federal Contract Tower,0,7,1,0,8,0,0,1,0,1,0,7,2,0,9,0,0,0,9
03/03/2019,AKN,AK,AAL,WE,Federal Contract Tower,0,8,0,0,8,0,7,4,0,11,0,15,4,0,19,10,0,10,29
03/04/2019,AKN,AK,AAL,WE,Federal Contract Tower,0,6,0,0,6,0,23,5,0,28,0,29,5,0,34,25,0,25,59
03/05/2019,AKN,AK,AAL,WE,Federal Contract Tower,3,10,0,0,13,0,8,2,0,10,3,18,2,0,23,21,0,21,44
03/06/2019,AKN,AK,AAL,WE,Federal Contract Tower,0,7,0,2,9,0,20,2,1,23,0,27,2,3,32,0,10,10,42
03/07/2019,AKN,AK,AAL,WE,Federal Contract Tower,0,9,0,1,10,0,13,0,0,13,0,22,0,1,23,0,2,2,25
03/08/2019,AKN,AK,AAL,WE,Federal Contract Tower,2,11,0,0,13,0,14,5,0,19,2,25,5,0,32,14,0,14,46
03/09/2019,AKN,AK,AAL,WE,Federal Contract Tower,2,5,0,0,7,0,2,0,0,2,2,7,0,0,9,64,0,64,73
03/10/2019,AKN,AK,AAL,WE,Federal Contract Tower,0,0,0,0,0,0,32,5,0,37,0,32,5,0,37,0,0,0,37
03/11/2019,AKN,AK,AAL,WE,Federal Contract Tower,0,12,0,0,12,0,12,3,0,15,0,24,3,0,27,0,0,0,27
03/12/2019,AKN,AK,AAL,WE,Federal Contract Tower,2,6,0,0,8,0,45,26,0,71,2,51,26,0,79,0,0,0,79
03/13/2019,AKN,AK,AAL,WE,Federal Contract Tower,4,8,0,0,12,0,39,25,0,64,4,47,25,0,76,0,0,0,76
03/14/2019,AKN,AK,AAL,WE,Federal Contract Tower,0,6,1,0,7,0,24,18,0,42,0,30,19,0,49,0,0,0,49
03/15/2019,AKN,AK,AAL,WE,Federal Contract Tower,2,4,0,1,7,0,28,21,1,50,2,32,21,2,57,10,0,10,67
03/16/2019,AKN,AK,AAL,WE,Federal Contract Tower,2,7,0,0,9,0,21,4,0,25,2,28,4,0,34,28,0,28,62
03/17/2019,AKN,AK,AAL,WE,Federal Contract Tower,0,6,0,0,6,0,0,0,0,0,0,6,0,0,6,0,0,0,6
03/18/2019,AKN,AK,AAL,WE,Federal Contract Tower,0,10,0,0,10,0,24,0,0,24,0,34,0,0,34,0,0,0,34
03/19/2019,AKN,AK,AAL,WE,Federal Contract Tower,0,6,0,0,6,0,41,2,0,43,0,47,2,0,49,0,0,0,49
03/20/2019,AKN,AK,AAL,WE,Federal Contract Tower,2,8,0,0,10,0,14,0,0,14,2,22,0,0,24,0,0,0,24
03/21/2019,AKN,AK,AAL,WE,Federal Contract Tower,0,4,0,0,4,0,18,0,0,18,0,22,0,0,22,2,0,2,24
03/22/2019,AKN,AK,AAL,WE,Federal Contract Tower,0,9,1,0,10,0,9,0,0,9,0,18,1,0,19,0,0,0,19
03/23/2019,AKN,AK,AAL,WE,Federal Contract Tower,0,6,0,0,6,0,28,1,0,29,0,34,1,0,35,0,0,0,35
03/24/2019,AKN,AK,AAL,WE,Federal Contract Tower,0,2,0,0,2,0,13,0,0,13,0,15,0,0,15,0,0,0,15
03/25/2019,AKN,AK,AAL,WE,Federal Contract Tower,0,2,0,0,2,0,29,0,0,29,0,31,0,0,31,0,0,0,31
03/26/2019,AKN,AK,AAL,WE,Federal Contract Tower,4,17,0,0,21,0,17,6,0,23,4,34,6,0,44,0,0,0,44
03/27/2019,AKN,AK,AAL,WE,Federal Contract Tower,2,2,0,0,4,0,26,8,0,34,2,28,8,0,38,7,0,7,45
03/28/2019,AKN,AK,AAL,WE,Federal Contract Tower,0,12,1,0,13,0,18,1,0,19,0,30,2,0,32,26,0,26,58
03/29/2019,AKN,AK,AAL,WE,Federal Contract Tower,2,17,0,0,19,0,26,4,0,30,2,43,4,0,49,16,0,16,65
03/30/2019,AKN,AK,AAL,WE,Federal Contract Tower,2,10,0,0,12,0,28,8,0,36,2,38,8,0,48,22,0,22,70
03/31/2019,AKN,AK,AAL,WE,Federal Contract Tower,0,2,0,0,2,0,12,3,0,15,0,14,3,0,17,12,0,12,29
04/01/2019,AKN,AK,AAL,WE,Federal Contract Tower,0,4,0,0,4,0,19,6,0,25,0,23,6,0,29,0,0,0,29
04/02/2019,AKN,AK,AAL,WE,Federal Contract Tower,0,9,2,0,11,0,29,6,3,38,0,38,8,3,49,4,6,10,59
04/03/2019,AKN,AK,AAL,WE,Federal Contract Tower,4,7,0,0,11,0,18,3,3,24,4,25,3,3,35,0,16,16,51
04/04/2019,AKN,AK,AAL,WE,Federal Contract Tower,0,6,0,0,6,0,28,5,0,33,0,34,5,0,39,0,0,0,39
04/05/2019,AKN,AK,AAL,WE,Federal Contract Tower,2,8,0,0,10,0,26,14,0,40,2,34,14,0,50,0,0,0,50
04/06/2019,AKN,AK,AAL,WE,Federal Contract Tower,1,6,0,0,7,0,36,4,0,40,1,42,4,0,47,10,0,10,57
04/07/2019,AKN,AK,AAL,WE,Federal Contract Tower,0,4,0,0,4,0,21,6,0,27,0,25,6,0,31,0,0,0,31
04/08/2019,AKN,AK,AAL,WE,Federal Contract Tower,0,20,3,0,23,0,15,3,0,18,0,35,6,0,41,0,0,0,41
04/09/2019,AKN,AK,AAL,WE,Federal Contract Tower,2,10,0,0,12,0,37,3,2,42,2,47,3,2,54,0,0,0,54
04/10/2019,AKN,AK,AAL,WE,Federal Contract Tower,0,2,8,0,10,0,18,3,0,21,0,20,11,0,31,0,0,0,31
04/11/2019,AKN,AK,AAL,WE,Federal Contract Tower,0,8,0,0,8,0,14,0,0,14,0,22,0,0,22,0,0,0,22
04/12/2019,AKN,AK,AAL,WE,Federal Contract Tower,2,12,0,0,14,0,33,9,0,42,2,45,9,0,56,2,0,2,58
04/13/2019,AKN,AK,AAL,WE,Federal Contract Tower,2,12,0,0,14,0,28,2,2,32,2,40,2,2,46,28,20,48,94
04/14/2019,AKN,AK,AAL,WE,Federal Contract Tower,0,4,0,0,4,0,22,8,0,30,0,26,8,0,34,4,0,4,38
04/15/2019,AKN,AK,AAL,WE,Federal Contract Tower,0,13,0,0,13,0,43,11,2,56,0,56,11,2,69,0,6,6,75
04/16/2019,AKN,AK,AAL,WE,Federal Contract Tower,2,15,4,2,23,0,7,9,0,16,2,22,13,2,39,0,0,0,39
04/17/2019,AKN,AK,AAL,WE,Federal Contract Tower,0,10,0,2,12,0,23,6,0,29,0,33,6,2,41,0,0,0,41
04/18/2019,AKN,AK,AAL,WE,Federal Contract Tower,0,13,0,0,13,0,29,5,0,34,0,42,5,0,47,0,0,0,47
04/19/2019,AKN,AK,AAL,WE,Federal Contract Tower,2,10,1,0,13,0,19,4,0,23,2,29,5,0,36,0,0,0,36
04/20/2019,AKN,AK,AAL,WE,Federal Contract Tower,2,10,0,0,12,0,32,5,0,37,2,42,5,0,49,26,0,26,75
04/21/2019,AKN,AK,AAL,WE,Federal Contract Tower,0,4,0,0,4,0,2,2,1,5,0,6,2,1,9,0,4,4,13
04/22/2019,AKN,AK,AAL,WE,Federal Contract Tower,0,16,0,0,16,0,10,2,0,12,0,26,2,0,28,0,0,0,28
04/23/2019,AKN,AK,AAL,WE,Federal Contract Tower,2,5,0,0,7,0,44,8,0,52,2,49,8,0,59,6,0,6,65
04/24/2019,AKN,AK,AAL,WE,Federal Contract Tower,0,10,0,0,10,0,24,8,0,32,0,34,8,0,42,10,8,18,60
04/25/2019,AKN,AK,AAL,WE,Federal Contract Tower,0,8,2,0,10,0,26,7,0,33,0,34,9,0,43,10,0,10,53
04/26/2019,AKN,AK,AAL,WE,Federal Contract Tower,2,10,0,0,12,0,26,17,0,43,2,36,17,0,55,0,0,0,55
04/27/2019,AKN,AK,AAL,WE,Federal Contract Tower,2,4,0,0,6,0,24,11,0,35,2,28,11,0,41,0,0,0,41
04/28/2019,AKN,AK,AAL,WE,Federal Contract Tower,0,5,0,0,5,0,23,4,0,27,0,28,4,0,32,10,0,10,42
04/29/2019,AKN,AK,AAL,WE,Federal Contract Tower,0,5,0,0,5,0,23,2,0,25,0,28,2,0,30,4,0,4,34
04/30/2019,AKN,AK,AAL,WE,Federal Contract Tower,2,11,0,0,13,0,30,7,0,37,2,41,7,0,50,0,0,0,50
05/01/2019,AKN,AK,AAL,WE,Federal Contract Tower,0,12,0,0,12,0,26,0,0,26,0,38,0,0,38,0,0,0,38
05/02/2019,AKN,AK,AAL,WE,Federal Contract Tower,0,20,0,0,20,0,23,1,0,24,0,43,1,0,44,2,0,2,46
05/03/2019,AKN,AK,AAL,WE,Federal Contract Tower,2,30,0,0,32,0,23,6,2,31,2,53,6,2,63,0,0,0,63
05/04/2019,AKN,AK,AAL,WE,Federal Contract Tower,0,11,0,0,11,0,33,5,0,38,0,44,5,0,49,11,0,11,60
05/05/2019,AKN,AK,AAL,WE,Federal Contract Tower,0,8,0,0,8,0,14,1,0,15,0,22,1,0,23,0,0,0,23
05/06/2019,AKN,AK,AAL,WE,Federal Contract Tower,0,10,0,0,10,0,30,7,0,37,0,40,7,0,47,0,0,0,47
05/07/2019,AKN,AK,AAL,WE,Federal Contract Tower,2,4,0,0,6,0,10,0,0,10,2,14,0,0,16,0,0,0,16
05/08/2019,AKN,AK,AAL,WE,Federal Contract Tower,0,11,0,0,11,0,37,16,0,53,0,48,16,0,64,0,0,0,64
05/09/2019,AKN,AK,AAL,WE,Federal Contract Tower,2,13,0,0,15,0,41,13,0,54,2,54,13,0,69,10,0,10,79
05/10/2019,AKN,AK,AAL,WE,Federal Contract Tower,0,14,0,0,14,0,45,15,0,60,0,59,15,0,74,8,0,8,82
05/11/2019,AKN,AK,AAL,WE,Federal Contract Tower,2,8,0,0,10,0,37,10,0,47,2,45,10,0,57,14,0,14,71
05/12/2019,AKN,AK,AAL,WE,Federal Contract Tower,0,8,0,0,8,0,30,5,0,35,0,38,5,0,43,12,0,12,55
05/13/2019,AKN,AK,AAL,WE,Federal Contract Tower,0,10,0,6,16,0,55,9,0,64,0,65,9,6,80,0,2,2,82
05/14/2019,AKN,AK,AAL,WE,Federal Contract Tower,4,15,0,0,19,0,63,6,0,69,4,78,6,0,88,0,0,0,88
05/15/2019,AKN,AK,AAL,WE,Federal Contract Tower,2,10,0,0,12,0,28,9,0,37,2,38,9,0,49,0,0,0,49
05/16/2019,AKN,AK,AAL,WE,Federal Contract Tower,2,15,0,2,19,0,39,8,0,47,2,54,8,2,66,6,2,8,74
05/17/2019,AKN,AK,AAL,WE,Federal Contract Tower,0,8,0,0,8,0,50,6,0,56,0,58,6,0,64,0,0,0,64
05/20/2019,AKN,AK,AAL,WE,Federal Contract Tower,2,8,1,0,11,0,36,6,0,42,2,44,7,0,53,0,0,0,53
05/21/2019,AKN,AK,AAL,WE,Federal Contract Tower,2,10,0,0,12,0,53,11,0,64,2,63,11,0,76,0,0,0,76
05/22/2019,AKN,AK,AAL,WE,Federal Contract Tower,2,13,0,0,15,0,34,1,0,35,2,47,1,0,50,0,0,0,50
05/23/2019,AKN,AK,AAL,WE,Federal Contract Tower,2,16,0,0,18,0,37,13,0,50,2,53,13,0,68,0,0,0,68
05/24/2019,AKN,AK,AAL,WE,Federal Contract Tower,2,10,0,0,12,0,39,18,0,57,2,49,18,0,69,0,0,0,69
05/25/2019,AKN,AK,AAL,WE,Federal Contract Tower,2,8,0,0,10,0,21,3,0,24,2,29,3,0,34,0,0,0,34
05/26/2019,AKN,AK,AAL,WE,Federal Contract Tower,0,6,0,0,6,0,22,13,0,35,0,28,13,0,41,2,0,2,43
05/27/2019,AKN,AK,AAL,WE,Federal Contract Tower,0,5,0,0,5,0,35,8,0,43,0,40,8,0,48,0,0,0,48
05/28/2019,AKN,AK,AAL,WE,Federal Contract Tower,2,11,0,0,13,0,58,10,0,68,2,69,10,0,81,8,0,8,89
05/29/2019,AKN,AK,AAL,WE,Federal Contract Tower,2,18,0,0,20,0,42,0,0,42,2,60,0,0,62,0,0,0,62
05/30/2019,AKN,AK,AAL,WE,Federal Contract Tower,2,11,0,0,13,0,50,13,0,63,2,61,13,0,76,0,0,0,76
05/31/2019,AKN,AK,AAL,WE,Federal Contract Tower,0,16,0,0,16,0,42,27,0,69,0,58,27,0,85,0,0,0,85
06/01/2019,AKN,AK,AAL,WE,Federal Contract Tower,2,14,0,0,16,0,59,20,0,79,2,73,20,0,95,6,0,6,101
06/02/2019,AKN,AK,AAL,WE,Federal Contract Tower,0,13,4,0,17,0,53,18,0,71,0,66,22,0,88,0,0,0,88
06/03/2019,AKN,AK,AAL,WE,Federal Contract Tower,2,22,0,0,24,0,53,29,0,82,2,75,29,0,106,0,0,0,106
06/04/2019,AKN,AK,AAL,WE,Federal Contract Tower,4,31,7,0,42,0,40,14,0,54,4,71,21,0,96,0,0,0,96
06/05/2019,AKN,AK,AAL,WE,Federal Contract Tower,0,38,5,0,43,0,33,7,0,40,0,71,12,0,83,0,0,0,83
06/06/2019,AKN,AK,AAL,WE,Federal Contract Tower,6,15,1,0,22,0,51,20,0,71,6,66,21,0,93,0,0,0,93
06/07/2019,AKN,AK,AAL,WE,Federal Contract Tower,2,19,4,0,25,0,80,32,0,112,2,99,36,0,137,0,0,0,137
06/08/2019,AKN,AK,AAL,WE,Federal Contract Tower,6,13,0,0,19,0,95,29,0,124,6,108,29,0,143,0,0,0,143
06/09/2019,AKN,AK,AAL,WE,Federal Contract Tower,2,26,0,0,28,0,52,19,0,71,2,78,19,0,99,0,0,0,99
06/10/2019,AKN,AK,AAL,WE,Federal Contract Tower,2,17,0,0,19,0,85,51,0,136,2,102,51,0,155,0,0,0,155
06/11/2019,AKN,AK,AAL,WE,Federal Contract Tower,4,16,1,0,21,0,98,38,0,136,4,114,39,0,157,6,0,6,163
06/12/2019,AKN,AK,AAL,WE,Federal Contract Tower,2,17,2,0,21,0,82,22,0,104,2,99,24,0,125,0,0,0,125
06/13/2019,AKN,AK,AAL,WE,Federal Contract Tower,6,19,3,0,28,0,78,25,0,103,6,97,28,0,131,0,0,0,131
06/14/2019,AKN,AK,AAL,WE,Federal Contract Tower,2,31,4,0,37,0,81,24,0,105,2,112,28,0,142,2,0,2,144
06/16/2019,AKN,AK,AAL,WE,Federal Contract Tower,3,15,1,0,19,0,89,36,0,125,3,104,37,0,144,0,0,0,144
06/17/2019,AKN,AK,AAL,WE,Federal Contract Tower,2,24,4,0,30,0,100,34,0,134,2,124,38,0,164,2,0,2,166
06/18/2019,AKN,AK,AAL,WE,Federal Contract Tower,6,52,5,0,63,0,55,10,0,65,6,107,15,0,128,6,0,6,134
06/19/2019,AKN,AK,AAL,WE,Federal Contract Tower,2,36,13,0,51,0,79,29,0,108,2,115,42,0,159,0,0,0,159
06/20/2019,AKN,AK,AAL,WE,Federal Contract Tower,9,36,2,0,47,0,93,32,0,125,9,129,34,0,172,14,0,14,186
06/21/2019,AKN,AK,AAL,WE,Federal Contract Tower,4,34,1,0,39,0,102,42,0,144,4,136,43,0,183,6,0,6,189
06/22/2019,AKN,AK,AAL,WE,Federal Contract Tower,8,39,5,0,52,0,107,36,0,143,8,146,41,0,195,6,0,6,201
06/23/2019,AKN,AK,AAL,WE,Federal Contract Tower,2,22,3,0,27,0,87,39,0,126,2,109,42,0,153,0,0,0,153
06/24/2019,AKN,AK,AAL,WE,Federal Contract Tower,8,44,4,0,56,0,84,33,1,118,8,128,37,1,174,4,6,10,184
06/25/2019,AKN,AK,AAL,WE,Federal Contract Tower,8,31,2,0,41,0,123,42,0,165,8,154,44,0,206,10,0,10,216
06/26/2019,AKN,AK,AAL,WE,Federal Contract Tower,4,23,3,0,30,0,115,50,0,165,4,138,53,0,195,7,0,7,202
06/27/2019,AKN,AK,AAL,WE,Federal Contract Tower,12,21,3,0,36,0,119,44,0,163,12,140,47,0,199,0,0,0,199
06/28/2019,AKN,AK,AAL,WE,Federal Contract Tower,6,25,1,0,32,0,103,60,0,163,6,128,61,0,195,0,0,0,195
06/29/2019,AKN,AK,AAL,WE,Federal Contract Tower,10,30,3,0,43,0,79,50,0,129,10,109,53,0,172,0,0,0,172
06/30/2019,AKN,AK,AAL,WE,Federal Contract Tower,8,26,9,0,43,0,91,52,0,143,8,117,61,0,186,0,0,0,186
07/01/2019,AKN,AK,AAL,WE,Federal Contract Tower,7,24,6,0,37,0,140,45,0,185,7,164,51,0,222,0,0,0,222
07/02/2019,AKN,AK,AAL,WE,Federal Contract Tower,8,22,0,0,30,0,121,34,0,155,8,143,34,0,185,0,0,0,185
07/03/2019,AKN,AK,AAL,WE,Federal Contract Tower,6,19,3,0,28,0,0,0,0,0,6,19,3,0,28,0,0,0,28
07/04/2019,AKN,AK,AAL,WE,Federal Contract Tower,12,37,10,0,59,0,103,33,0,136,12,140,43,0,195,0,0,0,195
07/05/2019,AKN,AK,AAL,WE,Federal Contract Tower,8,25,7,0,40,0,138,35,0,173,8,163,42,0,213,6,0,6,219
07/06/2019,AKN,AK,AAL,WE,Federal Contract Tower,12,12,0,0,24,0,165,34,0,199,12,177,34,0,223,0,0,0,223
07/07/2019,AKN,AK,AAL,WE,Federal Contract Tower,14,36,1,0,51,0,119,43,0,162,14,155,44,0,213,10,0,10,223
07/08/2019,AKN,AK,AAL,WE,Federal Contract Tower,6,39,5,0,50,0,156,39,2,197,6,195,44,2,247,6,12,18,265
07/09/2019,AKN,AK,AAL,WE,Federal Contract Tower,10,19,0,0,29,0,133,38,0,171,10,152,38,0,200,2,0,2,202
07/10/2019,AKN,AK,AAL,WE,Federal Contract Tower,11,23,2,0,36,0,126,30,2,158,11,149,32,2,194,0,0,0,194
07/11/2019,AKN,AK,AAL,WE,Federal Contract Tower,19,27,1,0,47,0,154,28,0,182,19,181,29,0,229,12,0,12,241
07/12/2019,AKN,AK,AAL,WE,Federal Contract Tower,16,26,4,0,46,1,132,30,0,163,17,158,34,0,209,20,0,20,229
07/13/2019,AKN,AK,AAL,WE,Federal Contract Tower,11,26,1,0,38,143,45,0,0,188,154,71,1,0,226,0,0,0,226
07/14/2019,AKN,AK,AAL,WE,Federal Contract Tower,13,20,1,0,34,0,151,28,0,179,13,171,29,0,213,0,0,0,213
07/15/2019,AKN,AK,AAL,WE,Federal Contract Tower,6,32,3,0,41,0,147,24,0,171,6,179,27,0,212,0,0,0,212
07/16/2019,AKN,AK,AAL,WE,Federal Contract Tower,11,18,0,0,29,0,128,24,0,152,11,146,24,0,181,0,0,0,181
07/17/2019,AKN,AK,AAL,WE,Federal Contract Tower,11,22,2,0,35,0,134,28,0,162,11,156,30,0,197,0,0,0,197
07/18/2019,AKN,AK,AAL,WE,Federal Contract Tower,13,22,8,0,43,0,127,43,0,170,13,149,51,0,213,2,0,2,215
07/19/2019,AKN,AK,AAL,WE,Federal Contract Tower,11,24,3,0,38,0,145,42,0,187,11,169,45,0,225,0,0,0,225
07/20/2019,AKN,AK,AAL,WE,Federal Contract Tower,8,56,23,0,87,0,84,27,0,111,8,140,50,0,198,6,0,6,204
07/21/2019,AKN,AK,AAL,WE,Federal Contract Tower,2,27,5,0,34,0,144,35,0,179,2,171,40,0,213,0,0,0,213
07/22/2019,AKN,AK,AAL,WE,Federal Contract Tower,10,25,1,0,36,0,164,34,0,198,10,189,35,0,234,12,0,12,246
07/23/2019,AKN,AK,AAL,WE,Federal Contract Tower,5,21,0,0,26,0,125,42,0,167,5,146,42,0,193,0,0,0,193
07/24/2019,AKN,AK,AAL,WE,Federal Contract Tower,7,39,3,0,49,0,163,34,0,197,7,202,37,0,246,4,0,4,250
07/25/2019,AKN,AK,AAL,WE,Federal Contract Tower,8,31,2,0,41,0,132,34,0,166,8,163,36,0,207,0,0,0,207
07/26/2019,AKN,AK,AAL,WE,Federal Contract Tower,2,34,1,0,37,0,168,33,0,201,2,202,34,0,238,0,0,0,238
07/27/2019,AKN,AK,AAL,WE,Federal Contract Tower,6,28,1,0,35,0,188,38,0,226,6,216,39,0,261,6,0,6,267
07/28/2019,AKN,AK,AAL,WE,Federal Contract Tower,2,50,15,0,67,0,159,33,0,192,2,209,48,0,259,0,0,0,259
07/29/2019,AKN,AK,AAL,WE,Federal Contract Tower,4,39,3,0,46,0,145,33,0,178,4,184,36,0,224,12,0,12,236
07/30/2019,AKN,AK,AAL,WE,Federal Contract Tower,9,72,9,0,90,0,116,27,0,143,9,188,36,0,233,8,0,8,241
07/31/2019,AKN,AK,AAL,WE,Federal Contract Tower,2,27,2,0,31,0,107,33,0,140,2,134,35,0,171,13,0,13,184
08/01/2019,AKN,AK,AAL,WE,Federal Contract Tower,8,23,0,0,31,0,123,34,0,157,8,146,34,0,188,0,0,0,188
08/02/2019,AKN,AK,AAL,WE,Federal Contract Tower,2,34,4,0,40,0,107,43,0,150,2,141,47,0,190,0,0,0,190
08/03/2019,AKN,AK,AAL,WE,Federal Contract Tower,6,17,3,0,26,0,115,59,0,174,6,132,62,0,200,2,0,2,202
08/04/2019,AKN,AK,AAL,WE,Federal Contract Tower,2,56,11,0,69,0,80,23,0,103,2,136,34,0,172,0,0,0,172
08/05/2019,AKN,AK,AAL,WE,Federal Contract Tower,4,17,0,1,22,0,94,28,2,124,4,111,28,3,146,0,14,14,160
08/06/2019,AKN,AK,AAL,WE,Federal Contract Tower,4,33,5,0,42,0,60,24,0,84,4,93,29,0,126,4,0,4,130
08/07/2019,AKN,AK,AAL,WE,Federal Contract Tower,0,23,16,0,39,0,69,24,0,93,0,92,40,0,132,0,0,0,132
08/08/2019,AKN,AK,AAL,WE,Federal Contract Tower,4,18,1,0,23,0,98,38,0,136,4,116,39,0,159,0,0,0,159
08/09/2019,AKN,AK,AAL,WE,Federal Contract Tower,0,17,2,0,19,0,98,45,0,143,0,115,47,0,162,0,0,0,162
08/10/2019,AKN,AK,AAL,WE,Federal Contract Tower,2,11,0,0,13,0,114,39,0,153,2,125,39,0,166,0,0,0,166
08/11/2019,AKN,AK,AAL,WE,Federal Contract Tower,0,12,0,0,12,0,74,31,0,105,0,86,31,0,117,0,0,0,117
08/12/2019,AKN,AK,AAL,WE,Federal Contract Tower,0,16,2,0,18,0,86,38,0,124,0,102,40,0,142,0,0,0,142
08/13/2019,AKN,AK,AAL,WE,Federal Contract Tower,4,18,1,0,23,0,82,32,0,114,4,100,33,0,137,0,0,0,137
08/14/2019,AKN,AK,AAL,WE,Federal Contract Tower,0,24,1,0,25,0,63,20,0,83,0,87,21,0,108,0,0,0,108
08/15/2019,AKN,AK,AAL,WE,Federal Contract Tower,1,18,8,0,27,0,74,40,2,116,1,92,48,2,143,0,0,0,143
08/16/2019,AKN,AK,AAL,WE,Federal Contract Tower,2,17,4,0,23,0,99,47,0,146,2,116,51,0,169,0,0,0,169
08/17/2019,AKN,AK,AAL,WE,Federal Contract Tower,1,14,2,1,18,1,90,33,0,124,2,104,35,1,142,0,12,12,154
08/18/2019,AKN,AK,AAL,WE,Federal Contract Tower,0,18,0,0,18,0,72,27,2,101,0,90,27,2,119,0,14,14,133
08/19/2019,AKN,AK,AAL,WE,Federal Contract Tower,0,38,2,0,40,0,92,28,0,120,0,130,30,0,160,0,0,0,160
08/20/2019,AKN,AK,AAL,WE,Federal Contract Tower,1,15,8,1,25,1,79,33,0,113,2,94,41,1,138,0,11,11,149
08/21/2019,AKN,AK,AAL,WE,Federal Contract Tower,4,19,2,1,26,0,80,47,3,130,4,99,49,4,156,6,12,18,174
08/22/2019,AKN,AK,AAL,WE,Federal Contract Tower,0,10,1,1,12,0,72,50,2,124,0,82,51,3,136,0,32,32,168
08/23/2019,AKN,AK,AAL,WE,Federal Contract Tower,2,15,3,0,20,0,84,40,0,124,2,99,43,0,144,6,0,6,150
08/24/2019,AKN,AK,AAL,WE,Federal Contract Tower,2,17,1,0,20,0,122,36,2,160,2,139,37,2,180,0,12,12,192
08/25/2019,AKN,AK,AAL,WE,Federal Contract Tower,0,13,6,0,19,0,66,30,0,96,0,79,36,0,115,0,0,0,115
08/26/2019,AKN,AK,AAL,WE,Federal Contract Tower,0,37,26,0,63,0,81,21,0,102,0,118,47,0,165,7,0,7,172
08/27/2019,AKN,AK,AAL,WE,Federal Contract Tower,0,11,0,0,11,0,72,46,0,118,0,83,46,0,129,0,0,0,129
08/28/2019,AKN,AK,AAL,WE,Federal Contract Tower,4,14,4,0,22,0,76,27,0,103,4,90,31,0,125,0,0,0,125
08/29/2019,AKN,AK,AAL,WE,Federal Contract Tower,0,13,2,0,15,0,82,47,0,129,0,95,49,0,144,0,0,0,144
08/30/2019,AKN,AK,AAL,WE,Federal Contract Tower,0,31,3,0,34,0,82,43,0,125,0,113,46,0,159,0,0,0,159
08/31/2019,AKN,AK,AAL,WE,Federal Contract Tower,2,26,3,0,31,0,85,37,0,122,2,111,40,0,153,0,0,0,153
09/01/2019,AKN,AK,AAL,WE,Federal Contract Tower,0,15,0,0,15,0,22,9,0,31,0,37,9,0,46,0,0,0,46
09/02/2019,AKN,AK,AAL,WE,Federal Contract Tower,0,24,0,0,24,0,100,28,0,128,0,124,28,0,152,0,0,0,152
09/03/2019,AKN,AK,AAL,WE,Federal Contract Tower,2,19,0,0,21,0,105,27,0,132,2,124,27,0,153,0,0,0,153
09/04/2019,AKN,AK,AAL,WE,Federal Contract Tower,2,11,1,0,14,0,105,34,0,139,2,116,35,0,153,4,0,4,157
09/05/2019,AKN,AK,AAL,WE,Federal Contract Tower,0,16,3,0,19,0,94,48,0,142,0,110,51,0,161,2,0,2,163
09/06/2019,AKN,AK,AAL,WE,Federal Contract Tower,4,20,6,0,30,0,75,18,0,93,4,95,24,0,123,0,0,0,123
09/07/2019,AKN,AK,AAL,WE,Federal Contract Tower,6,22,4,0,32,0,87,21,0,108,6,109,25,0,140,2,0,2,142
09/08/2019,AKN,AK,AAL,WE,Federal Contract Tower,0,16,4,0,20,0,81,35,0,116,0,97,39,0,136,2,0,2,138
09/09/2019,AKN,AK,AAL,WE,Federal Contract Tower,0,14,0,0,14,0,100,33,0,133,0,114,33,0,147,0,0,0,147
09/10/2019,AKN,AK,AAL,WE,Federal Contract Tower,2,12,1,0,15,0,57,27,0,84,2,69,28,0,99,0,0,0,99
09/11/2019,AKN,AK,AAL,WE,Federal Contract Tower,2,15,0,0,17,0,70,21,0,91,2,85,21,0,108,0,0,0,108
09/12/2019,AKN,AK,AAL,WE,Federal Contract Tower,0,22,8,0,30,0,62,21,0,83,0,84,29,0,113,0,0,0,113
09/13/2019,AKN,AK,AAL,WE,Federal Contract Tower,0,21,8,0,29,0,84,45,0,129,0,105,53,0,158,0,0,0,158
09/14/2019,AKN,AK,AAL,WE,Federal Contract Tower,4,11,2,0,17,0,76,45,0,121,4,87,47,0,138,0,0,0,138
09/15/2019,AKN,AK,AAL,WE,Federal Contract Tower,0,34,4,0,38,0,39,10,0,49,0,73,14,0,87,0,0,0,87
09/16/2019,AKN,AK,AAL,WE,Federal Contract Tower,0,19,0,0,19,0,60,33,2,95,0,79,33,2,114,2,14,16,130
09/17/2019,AKN,AK,AAL,WE,Federal Contract Tower,2,37,6,0,45,0,21,6,0,27,2,58,12,0,72,0,0,0,72
09/18/2019,AKN,AK,AAL,WE,Federal Contract Tower,2,14,0,3,19,0,75,17,1,93,2,89,17,4,112,0,0,0,112
09/19/2019,AKN,AK,AAL,WE,Federal Contract Tower,0,52,14,2,68,0,38,13,0,51,0,90,27,2,119,0,0,0,119
09/20/2019,AKN,AK,AAL,WE,Federal Contract Tower,0,13,7,0,20,0,46,29,0,75,0,59,36,0,95,0,0,0,95
09/21/2019,AKN,AK,AAL,WE,Federal Contract Tower,0,4,7,0,11,0,64,54,0,118,0,68,61,0,129,0,0,0,129
09/22/2019,AKN,AK,AAL,WE,Federal Contract Tower,0,9,3,0,12,0,37,30,0,67,0,46,33,0,79,0,0,0,79
09/23/2019,AKN,AK,AAL,WE,Federal Contract Tower,0,9,0,0,9,0,59,35,0,94,0,68,35,0,103,5,0,5,108
09/24/2019,AKN,AK,AAL,WE,Federal Contract Tower,0,8,0,0,8,0,49,33,0,82,0,57,33,0,90,0,0,0,90
09/25/2019,AKN,AK,AAL,WE,Federal Contract Tower,2,8,0,0,10,0,59,23,0,82,2,67,23,0,92,0,0,0,92
09/26/2019,AKN,AK,AAL,WE,Federal Contract Tower,0,4,1,0,5,0,50,42,0,92,0,54,43,0,97,10,0,10,107
09/27/2019,AKN,AK,AAL,WE,Federal Contract Tower,0,8,2,0,10,0,46,35,0,81,0,54,37,0,91,0,0,0,91
09/28/2019,AKN,AK,AAL,WE,Federal Contract Tower,0,4,14,0,18,0,35,18,0,53,0,39,32,0,71,0,0,0,71
09/29/2019,AKN,AK,AAL,WE,Federal Contract Tower,0,11,4,0,15,0,9,10,0,19,0,20,14,0,34,2,0,2,36
09/30/2019,AKN,AK,AAL,WE,Federal Contract Tower,0,5,0,0,5,0,44,22,2,68,0,49,22,2,73,12,8,20,93
10/01/2019,AKN,AK,AAL,WE,Federal Contract Tower,0,9,0,0,9,0,19,1,0,20,0,28,1,0,29,8,0,8,37
10/02/2019,AKN,AK,AAL,WE,Federal Contract Tower,2,9,0,0,11,0,43,26,0,69,2,52,26,0,80,11,0,11,91
10/03/2019,AKN,AK,AAL,WE,Federal Contract Tower,2,14,6,0,22,0,25,18,0,43,2,39,24,0,65,6,0,6,71
10/04/2019,AKN,AK,AAL,WE,Federal Contract Tower,0,26,3,0,29,0,7,1,0,8,0,33,4,0,37,0,0,0,37
10/05/2019,AKN,AK,AAL,WE,Federal Contract Tower,4,13,4,0,21,0,38,27,0,65,4,51,31,0,86,0,0,0,86
10/06/2019,AKN,AK,AAL,WE,Federal Contract Tower,0,4,3,0,7,0,49,17,2,68,0,53,20,2,75,10,4,14,89
10/07/2019,AKN,AK,AAL,WE,Federal Contract Tower,0,5,4,1,10,0,42,20,1,63,0,47,24,2,73,12,8,20,93
10/08/2019,AKN,AK,AAL,WE,Federal Contract Tower,0,6,0,4,10,0,33,4,0,37,0,39,4,4,47,0,0,0,47
10/09/2019,AKN,AK,AAL,WE,Federal Contract Tower,2,6,0,2,10,0,26,9,2,37,2,32,9,4,47,2,6,8,55
10/10/2019,AKN,AK,AAL,WE,Federal Contract Tower,2,5,1,0,8,0,38,12,0,50,2,43,13,0,58,0,0,0,58
10/11/2019,AKN,AK,AAL,WE,Federal Contract Tower,0,5,0,0,5,0,37,13,0,50,0,42,13,0,55,0,0,0,55
10/12/2019,AKN,AK,AAL,WE,Federal Contract Tower,2,5,0,0,7,0,48,7,0,55,2,53,7,0,62,0,0,0,62
10/13/2019,AKN,AK,AAL,WE,Federal Contract Tower,0,4,3,0,7,0,33,12,0,45,0,37,15,0,52,0,0,0,52
10/14/2019,AKN,AK,AAL,WE,Federal Contract Tower,0,4,0,0,4,0,48,10,0,58,0,52,10,0,62,0,0,0,62
10/15/2019,AKN,AK,AAL,WE,Federal Contract Tower,0,6,0,0,6,0,53,12,0,65,0,59,12,0,71,0,0,0,71
10/16/2019,AKN,AK,AAL,WE,Federal Contract Tower,2,10,2,0,14,0,25,11,0,36,2,35,13,0,50,4,0,4,54
10/17/2019,AKN,AK,AAL,WE,Federal Contract Tower,2,17,2,0,21,0,18,7,0,25,2,35,9,0,46,8,0,8,54
10/18/2019,AKN,AK,AAL,WE,Federal Contract Tower,0,6,0,0,6,0,33,30,0,63,0,39,30,0,69,0,0,0,69
10/19/2019,AKN,AK,AAL,WE,Federal Contract Tower,2,7,0,0,9,0,18,11,0,29,2,25,11,0,38,0,0,0,38
10/20/2019,AKN,AK,AAL,WE,Federal Contract Tower,0,12,2,0,14,0,18,3,0,21,0,30,5,0,35,18,0,18,53
10/21/2019,AKN,AK,AAL,WE,Federal Contract Tower,0,5,0,0,5,0,29,4,0,33,0,34,4,0,38,0,0,0,38
10/22/2019,AKN,AK,AAL,WE,Federal Contract Tower,2,8,1,0,11,0,31,8,0,39,2,39,9,0,50,0,0,0,50
10/23/2019,AKN,AK,AAL,WE,Federal Contract Tower,2,12,0,0,14,0,7,4,0,11,2,19,4,0,25,4,0,4,29
10/24/2019,AKN,AK,AAL,WE,Federal Contract Tower,2,12,3,2,19,0,13,3,0,16,2,25,6,2,35,0,4,4,39
10/25/2019,AKN,AK,AAL,WE,Federal Contract Tower,0,8,2,0,10,0,24,7,0,31,0,32,9,0,41,0,0,0,41
10/26/2019,AKN,AK,AAL,WE,Federal Contract Tower,0,10,0,0,10,0,5,0,0,5,0,15,0,0,15,0,0,0,15
10/27/2019,AKN,AK,AAL,WE,Federal Contract Tower,0,6,0,0,6,0,6,0,0,6,0,12,0,0,12,0,0,0,12
10/28/2019,AKN,AK,AAL,WE,Federal Contract Tower,2,4,0,0,6,0,28,0,0,28,2,32,0,0,34,2,0,2,36
10/29/2019,AKN,AK,AAL,WE,Federal Contract Tower,0,6,0,2,8,0,18,8,0,26,0,24,8,2,34,0,8,8,42
10/30/2019,AKN,AK,AAL,WE,Federal Contract Tower,2,6,0,0,8,0,17,15,0,32,2,23,15,0,40,0,0,0,40
10/31/2019,AKN,AK,AAL,WE,Federal Contract Tower,2,4,0,0,6,0,14,0,0,14,2,18,0,0,20,0,0,0,20
11/01/2019,AKN,AK,AAL,WE,Federal Contract Tower,0,10,0,0,10,0,17,4,0,21,0,27,4,0,31,0,0,0,31
11/02/2019,AKN,AK,AAL,WE,Federal Contract Tower,0,14,0,0,14,0,13,15,2,30,0,27,15,2,44,4,6,10,54
11/03/2019,AKN,AK,AAL,WE,Federal Contract Tower,0,7,2,0,9,0,9,8,0,17,0,16,10,0,26,0,0,0,26
11/04/2019,AKN,AK,AAL,WE,Federal Contract Tower,0,9,0,0,9,0,13,5,0,18,0,22,5,0,27,0,0,0,27
11/05/2019,AKN,AK,AAL,WE,Federal Contract Tower,2,5,0,0,7,0,16,2,0,18,2,21,2,0,25,4,0,4,29
11/06/2019,AKN,AK,AAL,WE,Federal Contract Tower,2,11,0,0,13,0,17,0,0,17,2,28,0,0,30,4,0,4,34
11/07/2019,AKN,AK,AAL,WE,Federal Contract Tower,2,8,0,0,10,0,18,12,0,30,2,26,12,0,40,0,0,0,40
11/08/2019,AKN,AK,AAL,WE,Federal Contract Tower,0,6,0,0,6,0,27,11,0,38,0,33,11,0,44,0,0,0,44
11/09/2019,AKN,AK,AAL,WE,Federal Contract Tower,2,3,0,0,5,0,21,7,0,28,2,24,7,0,33,0,0,0,33
11/10/2019,AKN,AK,AAL,WE,Federal Contract Tower,0,5,0,0,5,0,1,10,0,11,0,6,10,0,16,0,0,0,16
11/11/2019,AKN,AK,AAL,WE,Federal Contract Tower,0,5,0,0,5,0,20,7,0,27,0,25,7,0,32,10,0,10,42
11/12/2019,AKN,AK,AAL,WE,Federal Contract Tower,0,5,0,0,5,0,16,1,0,17,0,21,1,0,22,14,0,14,36
11/13/2019,AKN,AK,AAL,WE,Federal Contract Tower,0,2,0,0,2,0,18,2,0,20,0,20,2,0,22,6,0,6,28
11/14/2019,AKN,AK,AAL,WE,Federal Contract Tower,0,10,0,0,10,0,0,0,0,0,0,10,0,0,10,0,0,0,10
11/15/2019,AKN,AK,AAL,WE,Federal Contract Tower,0,4,0,0,4,0,0,0,0,0,0,4,0,0,4,0,0,0,4
11/16/2019,AKN,AK,AAL,WE,Federal Contract Tower,0,18,0,0,18,0,0,0,0,0,0,18,0,0,18,0,0,0,18
11/17/2019,AKN,AK,AAL,WE,Federal Contract Tower,0,10,0,0,10,0,0,0,0,0,0,10,0,0,10,0,0,0,10
11/18/2019,AKN,AK,AAL,WE,Federal Contract Tower,4,8,0,0,12,0,20,1,0,21,4,28,1,0,33,0,0,0,33
11/19/2019,AKN,AK,AAL,WE,Federal Contract Tower,0,7,0,0,7,0,0,0,0,0,0,7,0,0,7,0,0,0,7
11/20/2019,AKN,AK,AAL,WE,Federal Contract Tower,2,12,0,0,14,0,13,1,0,14,2,25,1,0,28,8,0,8,36
11/21/2019,AKN,AK,AAL,WE,Federal Contract Tower,2,5,0,4,11,0,15,2,0,17,2,20,2,4,28,0,0,0,28
11/22/2019,AKN,AK,AAL,WE,Federal Contract Tower,0,4,0,0,4,0,16,10,0,26,0,20,10,0,30,18,0,18,48
11/23/2019,AKN,AK,AAL,WE,Federal Contract Tower,0,10,0,0,10,0,6,2,0,8,0,16,2,0,18,0,0,0,18
11/24/2019,AKN,AK,AAL,WE,Federal Contract Tower,0,6,2,0,8,0,2,2,0,4,0,8,4,0,12,0,0,0,12
11/25/2019,AKN,AK,AAL,WE,Federal Contract Tower,2,4,0,0,6,0,12,4,0,16,2,16,4,0,22,0,0,0,22
11/26/2019,AKN,AK,AAL,WE,Federal Contract Tower,0,9,0,0,9,0,11,8,0,19,0,20,8,0,28,0,0,0,28
11/27/2019,AKN,AK,AAL,WE,Federal Contract Tower,0,15,0,0,15,0,1,0,0,1,0,16,0,0,16,0,0,0,16
11/28/2019,AKN,AK,AAL,WE,Federal Contract Tower,0,0,0,0,0,0,0,0,0,0,0,0,0,0,0,0,0,0,0
11/29/2019,AKN,AK,AAL,WE,Federal Contract Tower,0,9,2,0,11,0,10,3,0,13,0,19,5,0,24,0,0,0,24
11/30/2019,AKN,AK,AAL,WE,Federal Contract Tower,4,6,0,0,10,0,6,5,0,11,4,12,5,0,21,0,0,0,21
12/01/2019,AKN,AK,AAL,WE,Federal Contract Tower,0,4,0,0,4,0,0,1,0,1,0,4,1,0,5,0,0,0,5
12/02/2019,AKN,AK,AAL,WE,Federal Contract Tower,0,7,0,0,7,0,15,2,0,17,0,22,2,0,24,2,0,2,26
12/03/2019,AKN,AK,AAL,WE,Federal Contract Tower,0,11,0,6,17,0,18,2,0,20,0,29,2,6,37,0,0,0,37
12/04/2019,AKN,AK,AAL,WE,Federal Contract Tower,2,14,0,0,16,0,14,2,0,16,2,28,2,0,32,0,0,0,32
12/05/2019,AKN,AK,AAL,WE,Federal Contract Tower,0,10,0,0,10,0,2,1,0,3,0,12,1,0,13,0,0,0,13
12/06/2019,AKN,AK,AAL,WE,Federal Contract Tower,0,9,0,0,9,0,15,0,0,15,0,24,0,0,24,0,0,0,24
12/07/2019,AKN,AK,AAL,WE,Federal Contract Tower,4,14,0,0,18,0,15,2,0,17,4,29,2,0,35,0,0,0,35
12/08/2019,AKN,AK,AAL,WE,Federal Contract Tower,0,8,0,0,8,0,7,0,0,7,0,15,0,0,15,0,0,0,15
12/09/2019,AKN,AK,AAL,WE,Federal Contract Tower,0,6,0,0,6,0,12,0,0,12,0,18,0,0,18,0,0,0,18
12/10/2019,AKN,AK,AAL,WE,Federal Contract Tower,0,4,0,0,4,0,26,4,0,30,0,30,4,0,34,2,0,2,36
12/11/2019,AKN,AK,AAL,WE,Federal Contract Tower,0,5,0,0,5,0,27,3,0,30,0,32,3,0,35,4,0,4,39
12/12/2019,AKN,AK,AAL,WE,Federal Contract Tower,4,7,0,0,11,0,13,0,0,13,4,20,0,0,24,0,0,0,24
12/13/2019,AKN,AK,AAL,WE,Federal Contract Tower,0,8,0,0,8,0,21,1,2,24,0,29,1,2,32,2,8,10,42
12/14/2019,AKN,AK,AAL,WE,Federal Contract Tower,4,9,0,2,15,0,16,0,0,16,4,25,0,2,31,0,12,12,43
12/15/2019,AKN,AK,AAL,WE,Federal Contract Tower,0,8,0,0,8,0,10,0,0,10,0,18,0,0,18,0,0,0,18
12/16/2019,AKN,AK,AAL,WE,Federal Contract Tower,0,5,0,0,5,0,19,7,0,26,0,24,7,0,31,0,0,0,31
12/17/2019,AKN,AK,AAL,WE,Federal Contract Tower,0,5,2,4,11,0,21,2,0,23,0,26,4,4,34,0,0,0,34
12/18/2019,AKN,AK,AAL,WE,Federal Contract Tower,2,5,1,3,11,0,16,5,1,22,2,21,6,4,33,4,0,4,37
12/20/2019,AKN,AK,AAL,WE,Federal Contract Tower,0,9,0,0,9,0,14,3,2,19,0,23,3,2,28,0,8,8,36
12/21/2019,AKN,AK,AAL,WE,Federal Contract Tower,0,0,0,0,0,0,0,0,0,0,0,0,0,0,0,0,0,0,0
12/22/2019,AKN,AK,AAL,WE,Federal Contract Tower,0,12,0,0,12,0,0,0,0,0,0,12,0,0,12,0,0,0,12
12/23/2019,AKN,AK,AAL,WE,Federal Contract Tower,4,11,0,0,15,0,11,2,0,13,4,22,2,0,28,0,0,0,28
12/24/2019,AKN,AK,AAL,WE,Federal Contract Tower,0,6,2,0,8,0,23,3,0,26,0,29,5,0,34,0,0,0,34
12/25/2019,AKN,AK,AAL,WE,Federal Contract Tower,0,4,0,0,4,0,0,0,0,0,0,4,0,0,4,0,0,0,4
12/26/2019,AKN,AK,AAL,WE,Federal Contract Tower,0,12,0,0,12,0,12,3,0,15,0,24,3,0,27,0,0,0,27
12/27/2019,AKN,AK,AAL,WE,Federal Contract Tower,0,5,0,0,5,0,13,0,0,13,0,18,0,0,18,0,0,0,18
12/28/2019,AKN,AK,AAL,WE,Federal Contract Tower,2,13,0,0,15,0,14,0,0,14,2,27,0,0,29,0,0,0,29
12/29/2019,AKN,AK,AAL,WE,Federal Contract Tower,0,14,0,0,14,0,0,0,0,0,0,14,0,0,14,0,0,0,14
12/30/2019,AKN,AK,AAL,WE,Federal Contract Tower,0,11,2,0,13,0,1,0,0,1,0,12,2,0,14,0,0,0,14
12/31/2019,AKN,AK,AAL,WE,Federal Contract Tower,0,9,1,0,10,0,2,2,0,4,0,11,3,0,14,0,0,0,14
01/01/2020,AKN,AK,AAL,WE,Federal Contract Tower,0,6,0,0,6,0,0,1,0,1,0,6,1,0,7,0,0,0,7
01/02/2020,AKN,AK,AAL,WE,Federal Contract Tower,2,5,0,0,7,0,11,0,0,11,2,16,0,0,18,0,0,0,18
01/03/2020,AKN,AK,AAL,WE,Federal Contract Tower,0,7,0,0,7,0,17,0,0,17,0,24,0,0,24,0,0,0,24
01/04/2020,AKN,AK,AAL,WE,Federal Contract Tower,4,6,0,0,10,0,12,0,0,12,4,18,0,0,22,0,0,0,22
01/05/2020,AKN,AK,AAL,WE,Federal Contract Tower,0,19,0,0,19,0,1,2,0,3,0,20,2,0,22,0,0,0,22
01/06/2020,AKN,AK,AAL,WE,Federal Contract Tower,0,10,0,0,10,0,7,0,0,7,0,17,0,0,17,0,0,0,17
01/07/2020,AKN,AK,AAL,WE,Federal Contract Tower,0,4,0,0,4,0,17,0,0,17,0,21,0,0,21,0,0,0,21
01/08/2020,AKN,AK,AAL,WE,Federal Contract Tower,2,6,1,0,9,0,11,5,0,16,2,17,6,0,25,0,0,0,25
01/09/2020,AKN,AK,AAL,WE,Federal Contract Tower,2,6,0,0,8,0,13,0,0,13,2,19,0,0,21,0,0,0,21
01/10/2020,AKN,AK,AAL,WE,Federal Contract Tower,0,25,0,0,25,0,1,2,0,3,0,26,2,0,28,0,0,0,28
01/11/2020,AKN,AK,AAL,WE,Federal Contract Tower,0,12,0,0,12,0,0,0,0,0,0,12,0,0,12,0,0,0,12
01/12/2020,AKN,AK,AAL,WE,Federal Contract Tower,0,14,0,0,14,0,4,0,0,4,0,18,0,0,18,0,0,0,18
01/13/2020,AKN,AK,AAL,WE,Federal Contract Tower,0,10,2,0,12,0,1,1,0,2,0,11,3,0,14,0,0,0,14
01/14/2020,AKN,AK,AAL,WE,Federal Contract Tower,0,10,0,1,11,0,18,0,3,21,0,28,0,4,32,4,38,42,74
01/15/2020,AKN,AK,AAL,WE,Federal Contract Tower,2,7,0,0,9,0,0,0,0,0,2,7,0,0,9,8,0,8,17
01/16/2020,AKN,AK,AAL,WE,Federal Contract Tower,2,10,0,0,12,0,16,1,0,17,2,26,1,0,29,0,0,0,29
01/17/2020,AKN,AK,AAL,WE,Federal Contract Tower,0,21,1,0,22,0,20,2,0,22,0,41,3,0,44,14,0,14,58
01/18/2020,AKN,AK,AAL,WE,Federal Contract Tower,0,5,0,0,5,0,22,3,0,25,0,27,3,0,30,0,0,0,30
01/19/2020,AKN,AK,AAL,WE,Federal Contract Tower,0,12,0,0,12,0,9,3,0,12,0,21,3,0,24,0,0,0,24
01/20/2020,AKN,AK,AAL,WE,Federal Contract Tower,4,10,0,0,14,0,4,0,0,4,4,14,0,0,18,0,0,0,18
01/21/2020,AKN,AK,AAL,WE,Federal Contract Tower,0,13,0,0,13,0,13,1,0,14,0,26,1,0,27,0,0,0,27
01/22/2020,AKN,AK,AAL,WE,Federal Contract Tower,2,12,0,0,14,0,14,2,0,16,2,26,2,0,30,2,0,2,32
01/23/2020,AKN,AK,AAL,WE,Federal Contract Tower,2,9,0,0,11,0,15,10,0,25,2,24,10,0,36,2,0,2,38
01/24/2020,AKN,AK,AAL,WE,Federal Contract Tower,0,6,0,0,6,0,14,0,0,14,0,20,0,0,20,0,0,0,20
01/25/2020,AKN,AK,AAL,WE,Federal Contract Tower,4,6,0,0,10,0,16,0,2,18,4,22,0,2,28,0,0,0,28
01/26/2020,AKN,AK,AAL,WE,Federal Contract Tower,0,6,1,0,7,0,2,3,0,5,0,8,4,0,12,0,0,0,12
01/27/2020,AKN,AK,AAL,WE,Federal Contract Tower,0,4,0,0,4,0,14,0,0,14,0,18,0,0,18,0,0,0,18
01/28/2020,AKN,AK,AAL,WE,Federal Contract Tower,0,6,0,0,6,0,13,0,0,13,0,19,0,0,19,0,0,0,19
01/29/2020,AKN,AK,AAL,WE,Federal Contract Tower,2,17,0,0,19,0,3,0,0,3,2,20,0,0,22,0,0,0,22
01/30/2020,AKN,AK,AAL,WE,Federal Contract Tower,2,12,0,0,14,0,16,3,0,19,2,28,3,0,33,0,0,0,33
01/31/2020,AKN,AK,AAL,WE,Federal Contract Tower,0,12,1,0,13,0,24,0,2,26,0,36,1,2,39,0,6,6,45
02/01/2020,AKN,AK,AAL,WE,Federal Contract Tower,4,9,0,0,13,0,22,1,0,23,4,31,1,0,36,0,0,0,36
02/02/2020,AKN,AK,AAL,WE,Federal Contract Tower,0,10,0,0,10,0,6,0,0,6,0,16,0,0,16,0,0,0,16
02/03/2020,AKN,AK,AAL,WE,Federal Contract Tower,0,5,0,0,5,0,17,0,0,17,0,22,0,0,22,22,0,22,44
02/04/2020,AKN,AK,AAL,WE,Federal Contract Tower,0,13,0,2,15,0,15,2,2,19,0,28,2,4,34,0,0,0,34
02/05/2020,AKN,AK,AAL,WE,Federal Contract Tower,0,15,0,0,15,0,0,0,0,0,0,15,0,0,15,0,0,0,15
02/06/2020,AKN,AK,AAL,WE,Federal Contract Tower,2,5,0,0,7,0,8,2,0,10,2,13,2,0,17,2,0,2,19
02/07/2020,AKN,AK,AAL,WE,Federal Contract Tower,0,4,0,0,4,0,19,7,0,26,0,23,7,0,30,0,0,0,30
02/08/2020,AKN,AK,AAL,WE,Federal Contract Tower,4,8,0,0,12,0,9,0,0,9,4,17,0,0,21,0,0,0,21
02/09/2020,AKN,AK,AAL,WE,Federal Contract Tower,0,6,0,0,6,0,9,0,0,9,0,15,0,0,15,0,0,0,15
02/10/2020,AKN,AK,AAL,WE,Federal Contract Tower,0,4,0,0,4,0,28,5,0,33,0,32,5,0,37,0,0,0,37
02/11/2020,AKN,AK,AAL,WE,Federal Contract Tower,0,6,0,0,6,0,23,0,0,23,0,29,0,0,29,0,0,0,29
02/12/2020,AKN,AK,AAL,WE,Federal Contract Tower,2,10,0,0,12,0,21,0,0,21,2,31,0,0,33,4,0,4,37
02/13/2020,AKN,AK,AAL,WE,Federal Contract Tower,2,7,0,0,9,0,22,0,0,22,2,29,0,0,31,6,0,6,37
02/14/2020,AKN,AK,AAL,WE,Federal Contract Tower,0,10,1,0,11,0,0,0,0,0,0,10,1,0,11,0,0,0,11
02/15/2020,AKN,AK,AAL,WE,Federal Contract Tower,4,12,0,0,16,0,0,0,0,0,4,12,0,0,16,0,0,0,16
02/16/2020,AKN,AK,AAL,WE,Federal Contract Tower,0,6,0,0,6,0,7,1,0,8,0,13,1,0,14,0,0,0,14
02/17/2020,AKN,AK,AAL,WE,Federal Contract Tower,0,3,0,0,3,0,3,0,0,3,0,6,0,0,6,0,0,0,6
02/18/2020,AKN,AK,AAL,WE,Federal Contract Tower,0,7,1,2,10,0,7,0,0,7,0,14,1,2,17,2,10,12,29
02/19/2020,AKN,AK,AAL,WE,Federal Contract Tower,2,8,0,0,10,0,16,0,0,16,2,24,0,0,26,0,0,0,26
02/20/2020,AKN,AK,AAL,WE,Federal Contract Tower,2,14,0,0,16,0,1,0,0,1,2,15,0,0,17,0,0,0,17
02/21/2020,AKN,AK,AAL,WE,Federal Contract Tower,0,8,0,0,8,0,17,0,0,17,0,25,0,0,25,0,0,0,25
02/22/2020,AKN,AK,AAL,WE,Federal Contract Tower,2,11,0,0,13,0,15,3,0,18,2,26,3,0,31,4,0,4,35
02/23/2020,AKN,AK,AAL,WE,Federal Contract Tower,0,3,0,0,3,0,2,2,0,4,0,5,2,0,7,0,0,0,7
02/24/2020,AKN,AK,AAL,WE,Federal Contract Tower,0,4,0,0,4,0,35,3,0,38,0,39,3,0,42,0,0,0,42
02/25/2020,AKN,AK,AAL,WE,Federal Contract Tower,0,3,0,0,3,0,13,2,0,15,0,16,2,0,18,0,0,0,18
02/26/2020,AKN,AK,AAL,WE,Federal Contract Tower,2,9,0,1,12,0,18,14,1,33,2,27,14,2,45,2,10,12,57
02/27/2020,AKN,AK,AAL,WE,Federal Contract Tower,2,6,0,2,10,0,22,15,0,37,2,28,15,2,47,0,6,6,53
02/28/2020,AKN,AK,AAL,WE,Federal Contract Tower,0,6,0,0,6,0,14,18,0,32,0,20,18,0,38,0,0,0,38
02/29/2020,AKN,AK,AAL,WE,Federal Contract Tower,2,3,1,0,6,0,8,6,0,14,2,11,7,0,20,0,0,0,20
03/01/2020,AKN,AK,AAL,WE,Federal Contract Tower,0,0,1,0,1,0,0,0,0,0,0,0,1,0,1,0,0,0,1
03/02/2020,AKN,AK,AAL,WE,Federal Contract Tower,0,11,4,0,15,0,19,8,0,27,0,30,12,0,42,4,0,4,46
03/03/2020,AKN,AK,AAL,WE,Federal Contract Tower,2,4,1,0,7,0,10,8,0,18,2,14,9,0,25,16,0,16,41
03/04/2020,AKN,AK,AAL,WE,Federal Contract Tower,2,10,1,0,13,0,19,6,0,25,2,29,7,0,38,4,0,4,42
03/05/2020,AKN,AK,AAL,WE,Federal Contract Tower,2,8,0,0,10,0,21,3,0,24,2,29,3,0,34,0,0,0,34
03/06/2020,AKN,AK,AAL,WE,Federal Contract Tower,0,9,0,0,9,0,22,0,0,22,0,31,0,0,31,4,0,4,35
03/07/2020,AKN,AK,AAL,WE,Federal Contract Tower,0,12,0,0,12,0,2,0,0,2,0,14,0,0,14,2,0,2,16
03/08/2020,AKN,AK,AAL,WE,Federal Contract Tower,0,6,0,0,6,0,0,0,0,0,0,6,0,0,6,0,0,0,6
03/09/2020,AKN,AK,AAL,WE,Federal Contract Tower,0,2,5,0,7,0,21,4,0,25,0,23,9,0,32,0,0,0,32
03/10/2020,AKN,AK,AAL,WE,Federal Contract Tower,0,10,0,0,10,0,18,0,0,18,0,28,0,0,28,0,0,0,28
03/11/2020,AKN,AK,AAL,WE,Federal Contract Tower,2,10,2,0,14,0,20,2,0,22,2,30,4,0,36,0,0,0,36
03/12/2020,AKN,AK,AAL,WE,Federal Contract Tower,2,6,2,0,10,0,21,5,0,26,2,27,7,0,36,0,0,0,36
03/13/2020,AKN,AK,AAL,WE,Federal Contract Tower,0,6,1,0,7,0,17,0,0,17,0,23,1,0,24,0,0,0,24
03/14/2020,AKN,AK,AAL,WE,Federal Contract Tower,4,8,0,0,12,0,17,2,0,19,4,25,2,0,31,2,0,2,33
03/15/2020,AKN,AK,AAL,WE,Federal Contract Tower,0,8,0,0,8,0,4,1,0,5,0,12,1,0,13,0,0,0,13
03/16/2020,AKN,AK,AAL,WE,Federal Contract Tower,0,7,0,0,7,0,23,3,0,26,0,30,3,0,33,6,0,6,39
03/17/2020,AKN,AK,AAL,WE,Federal Contract Tower,0,15,0,0,15,0,3,0,0,3,0,18,0,0,18,0,0,0,18
03/18/2020,AKN,AK,AAL,WE,Federal Contract Tower,2,6,0,0,8,0,22,0,0,22,2,28,0,0,30,0,0,0,30
03/19/2020,AKN,AK,AAL,WE,Federal Contract Tower,4,19,0,0,23,0,7,0,0,7,4,26,0,0,30,0,0,0,30
03/20/2020,AKN,AK,AAL,WE,Federal Contract Tower,0,9,0,0,9,0,0,0,0,0,0,9,0,0,9,0,0,0,9
03/21/2020,AKN,AK,AAL,WE,Federal Contract Tower,0,7,1,0,8,0,15,7,0,22,0,22,8,0,30,4,0,4,34
03/22/2020,AKN,AK,AAL,WE,Federal Contract Tower,0,6,0,0,6,0,4,4,0,8,0,10,4,0,14,0,0,0,14
03/23/2020,AKN,AK,AAL,WE,Federal Contract Tower,0,2,1,0,3,0,8,1,0,9,0,10,2,0,12,0,0,0,12
03/24/2020,AKN,AK,AAL,WE,Federal Contract Tower,2,8,0,0,10,0,24,3,0,27,2,32,3,0,37,0,0,0,37
03/25/2020,AKN,AK,AAL,WE,Federal Contract Tower,0,5,0,0,5,0,0,0,0,0,0,5,0,0,5,0,0,0,5
03/26/2020,AKN,AK,AAL,WE,Federal Contract Tower,2,8,0,0,10,0,20,4,0,24,2,28,4,0,34,0,0,0,34
03/27/2020,AKN,AK,AAL,WE,Federal Contract Tower,0,10,0,0,10,0,17,0,0,17,0,27,0,0,27,0,0,0,27
03/28/2020,AKN,AK,AAL,WE,Federal Contract Tower,0,12,0,0,12,0,6,0,0,6,0,18,0,0,18,0,0,0,18
03/29/2020,AKN,AK,AAL,WE,Federal Contract Tower,0,0,0,0,0,0,3,1,0,4,0,3,1,0,4,0,0,0,4
03/30/2020,AKN,AK,AAL,WE,Federal Contract Tower,2,4,0,0,6,0,15,1,2,18,2,19,1,2,24,0,14,14,38
03/31/2020,AKN,AK,AAL,WE,Federal Contract Tower,0,2,0,0,2,0,5,0,0,5,0,7,0,0,7,0,0,0,7
04/01/2020,AKN,AK,AAL,WE,Federal Contract Tower,2,5,0,0,7,0,1,0,0,1,2,6,0,0,8,0,0,0,8
04/02/2020,AKN,AK,AAL,WE,Federal Contract Tower,2,18,2,0,22,0,0,0,0,0,2,18,2,0,22,0,0,0,22
04/03/2020,AKN,AK,AAL,WE,Federal Contract Tower,0,11,0,0,11,0,2,2,0,4,0,13,2,0,15,14,0,14,29
04/04/2020,AKN,AK,AAL,WE,Federal Contract Tower,0,2,0,0,2,0,10,4,0,14,0,12,4,0,16,0,0,0,16
04/05/2020,AKN,AK,AAL,WE,Federal Contract Tower,0,0,0,0,0,0,4,3,0,7,0,4,3,0,7,2,0,2,9
04/06/2020,AKN,AK,AAL,WE,Federal Contract Tower,0,0,2,0,2,0,18,6,2,26,0,18,8,2,28,0,10,10,38
04/07/2020,AKN,AK,AAL,WE,Federal Contract Tower,0,1,2,2,5,0,13,5,0,18,0,14,7,2,23,6,12,18,41
04/08/2020,AKN,AK,AAL,WE,Federal Contract Tower,1,1,1,0,3,0,18,2,0,20,1,19,3,0,23,0,0,0,23
04/09/2020,AKN,AK,AAL,WE,Federal Contract Tower,2,3,0,0,5,0,18,5,0,23,2,21,5,0,28,0,0,0,28
04/10/2020,AKN,AK,AAL,WE,Federal Contract Tower,0,1,0,1,2,0,23,19,1,43,0,24,19,2,45,6,17,23,68
04/11/2020,AKN,AK,AAL,WE,Federal Contract Tower,4,1,0,0,5,0,4,12,0,16,4,5,12,0,21,30,0,30,51
04/12/2020,AKN,AK,AAL,WE,Federal Contract Tower,0,0,0,0,0,0,0,2,0,2,0,0,2,0,2,0,0,0,2
04/13/2020,AKN,AK,AAL,WE,Federal Contract Tower,0,7,0,0,7,0,14,2,0,16,0,21,2,0,23,0,0,0,23
04/14/2020,AKN,AK,AAL,WE,Federal Contract Tower,0,4,0,0,4,0,15,4,0,19,0,19,4,0,23,2,0,2,25
04/15/2020,AKN,AK,AAL,WE,Federal Contract Tower,2,8,0,0,10,0,14,2,0,16,2,22,2,0,26,2,0,2,28
04/16/2020,AKN,AK,AAL,WE,Federal Contract Tower,2,6,0,0,8,0,15,5,0,20,2,21,5,0,28,50,0,50,78
04/17/2020,AKN,AK,AAL,WE,Federal Contract Tower,0,8,0,0,8,0,24,1,0,25,0,32,1,0,33,8,6,14,47
04/18/2020,AKN,AK,AAL,WE,Federal Contract Tower,2,0,0,0,2,0,16,12,0,28,2,16,12,0,30,32,0,32,62
04/19/2020,AKN,AK,AAL,WE,Federal Contract Tower,0,1,0,0,1,0,5,0,0,5,0,6,0,0,6,40,0,40,46
04/20/2020,AKN,AK,AAL,WE,Federal Contract Tower,0,7,0,0,7,0,13,4,0,17,0,20,4,0,24,42,0,42,66
04/21/2020,AKN,AK,AAL,WE,Federal Contract Tower,0,7,0,0,7,0,12,2,0,14,0,19,2,0,21,16,0,16,37
04/22/2020,AKN,AK,AAL,WE,Federal Contract Tower,2,2,2,0,6,0,10,7,0,17,2,12,9,0,23,28,0,28,51
04/23/2020,AKN,AK,AAL,WE,Federal Contract Tower,2,4,1,0,7,0,10,10,0,20,2,14,11,0,27,57,0,57,84
04/24/2020,AKN,AK,AAL,WE,Federal Contract Tower,0,6,0,0,6,0,30,4,0,34,0,36,4,0,40,4,0,4,44
04/25/2020,AKN,AK,AAL,WE,Federal Contract Tower,4,4,0,0,8,0,17,6,0,23,4,21,6,0,31,0,0,0,31
04/26/2020,AKN,AK,AAL,WE,Federal Contract Tower,0,2,0,0,2,0,5,13,0,18,0,7,13,0,20,2,0,2,22
04/27/2020,AKN,AK,AAL,WE,Federal Contract Tower,0,5,0,0,5,0,15,14,0,29,0,20,14,0,34,36,0,36,70
04/28/2020,AKN,AK,AAL,WE,Federal Contract Tower,0,6,4,0,10,0,12,4,0,16,0,18,8,0,26,44,0,44,70
04/29/2020,AKN,AK,AAL,WE,Federal Contract Tower,2,9,1,0,12,0,15,2,0,17,2,24,3,0,29,0,0,0,29
04/30/2020,AKN,AK,AAL,WE,Federal Contract Tower,2,13,0,0,15,0,15,2,0,17,2,28,2,0,32,0,0,0,32
05/01/2020,AKN,AK,AAL,WE,Federal Contract Tower,0,20,0,0,20,0,28,4,0,32,0,48,4,0,52,8,0,8,60
05/02/2020,AKN,AK,AAL,WE,Federal Contract Tower,4,7,0,0,11,0,19,10,0,29,4,26,10,0,40,0,0,0,40
05/03/2020,AKN,AK,AAL,WE,Federal Contract Tower,0,7,0,0,7,0,9,14,0,23,0,16,14,0,30,0,0,0,30
05/04/2020,AKN,AK,AAL,WE,Federal Contract Tower,0,10,0,2,12,0,18,7,0,25,0,28,7,2,37,0,0,0,37
05/05/2020,AKN,AK,AAL,WE,Federal Contract Tower,0,13,0,0,13,0,19,2,0,21,0,32,2,0,34,0,0,0,34
05/06/2020,AKN,AK,AAL,WE,Federal Contract Tower,2,5,0,0,7,0,31,12,0,43,2,36,12,0,50,0,0,0,50
05/07/2020,AKN,AK,AAL,WE,Federal Contract Tower,2,5,0,2,9,0,23,2,0,25,2,28,2,2,34,0,0,0,34
05/08/2020,AKN,AK,AAL,WE,Federal Contract Tower,2,6,0,2,10,0,45,1,0,46,2,51,1,2,56,0,0,0,56
05/09/2020,AKN,AK,AAL,WE,Federal Contract Tower,2,4,0,0,6,0,27,11,0,38,2,31,11,0,44,0,0,0,44
05/10/2020,AKN,AK,AAL,WE,Federal Contract Tower,0,8,0,0,8,0,16,13,0,29,0,24,13,0,37,6,0,6,43
05/11/2020,AKN,AK,AAL,WE,Federal Contract Tower,0,19,0,4,23,0,27,5,0,32,0,46,5,4,55,0,0,0,55
05/12/2020,AKN,AK,AAL,WE,Federal Contract Tower,0,3,0,6,9,0,17,12,2,31,0,20,12,8,40,0,0,0,40
05/13/2020,AKN,AK,AAL,WE,Federal Contract Tower,2,6,0,0,8,0,50,10,0,60,2,56,10,0,68,20,0,20,88
05/14/2020,AKN,AK,AAL,WE,Federal Contract Tower,2,10,0,0,12,0,35,16,0,51,2,45,16,0,63,0,0,0,63
05/15/2020,AKN,AK,AAL,WE,Federal Contract Tower,0,11,0,0,11,0,46,4,0,50,0,57,4,0,61,0,0,0,61
05/16/2020,AKN,AK,AAL,WE,Federal Contract Tower,4,6,0,0,10,0,22,9,0,31,4,28,9,0,41,0,0,0,41
05/17/2020,AKN,AK,AAL,WE,Federal Contract Tower,0,1,0,0,1,0,14,7,0,21,0,15,7,0,22,0,0,0,22
05/18/2020,AKN,AK,AAL,WE,Federal Contract Tower,0,18,0,0,18,0,27,0,0,27,0,45,0,0,45,0,0,0,45
05/19/2020,AKN,AK,AAL,WE,Federal Contract Tower,2,15,2,0,19,0,23,5,0,28,2,38,7,0,47,6,0,6,53
05/20/2020,AKN,AK,AAL,WE,Federal Contract Tower,2,7,0,3,12,0,43,7,1,51,2,50,7,4,63,0,0,0,63
05/21/2020,AKN,AK,AAL,WE,Federal Contract Tower,4,5,0,4,13,0,20,4,0,24,4,25,4,4,37,0,0,0,37
05/22/2020,AKN,AK,AAL,WE,Federal Contract Tower,2,2,0,0,4,0,30,6,0,36,2,32,6,0,40,16,0,16,56
05/23/2020,AKN,AK,AAL,WE,Federal Contract Tower,4,3,0,0,7,0,26,2,0,28,4,29,2,0,35,0,0,0,35
05/24/2020,AKN,AK,AAL,WE,Federal Contract Tower,0,0,0,0,0,0,10,4,0,14,0,10,4,0,14,0,0,0,14
05/25/2020,AKN,AK,AAL,WE,Federal Contract Tower,0,4,0,0,4,0,26,5,0,31,0,30,5,0,35,0,0,0,35
05/26/2020,AKN,AK,AAL,WE,Federal Contract Tower,2,3,0,2,7,0,36,6,0,42,2,39,6,2,49,0,0,0,49
05/27/2020,AKN,AK,AAL,WE,Federal Contract Tower,2,2,0,1,5,0,33,5,1,39,2,35,5,2,44,18,0,18,62
05/28/2020,AKN,AK,AAL,WE,Federal Contract Tower,6,5,0,0,11,0,29,11,3,43,6,34,11,3,54,0,10,10,64
05/29/2020,AKN,AK,AAL,WE,Federal Contract Tower,0,3,1,0,4,0,30,2,0,32,0,33,3,0,36,0,0,0,36
05/30/2020,AKN,AK,AAL,WE,Federal Contract Tower,4,10,0,0,14,0,28,12,0,40,4,38,12,0,54,0,0,0,54
05/31/2020,AKN,AK,AAL,WE,Federal Contract Tower,0,4,0,0,4,0,10,5,0,15,0,14,5,0,19,0,0,0,19
06/01/2020,AKN,AK,AAL,WE,Federal Contract Tower,6,10,0,6,22,0,61,2,1,64,6,71,2,7,86,4,0,4,90
06/02/2020,AKN,AK,AAL,WE,Federal Contract Tower,2,11,0,2,15,0,62,3,3,68,2,73,3,5,83,0,0,0,83
06/03/2020,AKN,AK,AAL,WE,Federal Contract Tower,4,7,0,4,15,0,59,12,3,74,4,66,12,7,89,14,8,22,111
06/04/2020,AKN,AK,AAL,WE,Federal Contract Tower,3,34,4,4,45,0,36,6,0,42,3,70,10,4,87,0,0,0,87
06/05/2020,AKN,AK,AAL,WE,Federal Contract Tower,4,40,1,0,45,0,26,4,0,30,4,66,5,0,75,2,0,2,77
06/06/2020,AKN,AK,AAL,WE,Federal Contract Tower,10,8,0,0,18,0,33,13,0,46,10,41,13,0,64,2,0,2,66
06/07/2020,AKN,AK,AAL,WE,Federal Contract Tower,6,11,0,0,17,0,29,5,0,34,6,40,5,0,51,0,0,0,51
06/08/2020,AKN,AK,AAL,WE,Federal Contract Tower,4,12,0,0,16,0,60,24,2,86,4,72,24,2,102,0,12,12,114
06/09/2020,AKN,AK,AAL,WE,Federal Contract Tower,10,17,2,2,31,0,36,7,0,43,10,53,9,2,74,0,0,0,74
06/10/2020,AKN,AK,AAL,WE,Federal Contract Tower,10,20,0,2,32,0,38,30,0,68,10,58,30,2,100,0,4,4,104
06/11/2020,AKN,AK,AAL,WE,Federal Contract Tower,6,10,0,2,18,0,59,22,0,81,6,69,22,2,99,4,0,4,103
06/12/2020,AKN,AK,AAL,WE,Federal Contract Tower,8,15,2,0,25,0,70,21,0,91,8,85,23,0,116,0,2,2,118
06/13/2020,AKN,AK,AAL,WE,Federal Contract Tower,6,8,0,0,14,0,53,15,0,68,6,61,15,0,82,0,0,0,82
06/14/2020,AKN,AK,AAL,WE,Federal Contract Tower,4,4,0,0,8,0,52,13,0,65,4,56,13,0,73,0,0,0,73
06/15/2020,AKN,AK,AAL,WE,Federal Contract Tower,6,13,0,0,19,0,79,18,2,99,6,92,18,2,118,8,2,10,128
06/16/2020,AKN,AK,AAL,WE,Federal Contract Tower,10,8,0,0,18,0,68,16,0,84,10,76,16,0,102,2,0,2,104
06/17/2020,AKN,AK,AAL,WE,Federal Contract Tower,6,6,2,0,14,0,50,0,0,50,6,56,2,0,64,0,0,0,64
06/18/2020,AKN,AK,AAL,WE,Federal Contract Tower,8,12,5,1,26,0,39,34,0,73,8,51,39,1,99,0,6,6,105
06/19/2020,AKN,AK,AAL,WE,Federal Contract Tower,6,14,0,0,20,0,57,19,0,76,6,71,19,0,96,0,0,0,96
06/20/2020,AKN,AK,AAL,WE,Federal Contract Tower,8,12,1,0,21,0,55,26,0,81,8,67,27,0,102,0,0,0,102
06/21/2020,AKN,AK,AAL,WE,Federal Contract Tower,8,8,0,0,16,46,27,0,0,73,54,35,0,0,89,2,0,2,91
06/22/2020,AKN,AK,AAL,WE,Federal Contract Tower,6,9,3,0,18,0,92,23,2,117,6,101,26,2,135,4,6,10,145
06/23/2020,AKN,AK,AAL,WE,Federal Contract Tower,7,12,2,0,21,0,51,20,8,79,7,63,22,8,100,0,6,6,106
06/24/2020,AKN,AK,AAL,WE,Federal Contract Tower,4,15,2,0,21,0,46,19,2,67,4,61,21,2,88,18,0,18,106
06/25/2020,AKN,AK,AAL,WE,Federal Contract Tower,10,18,0,0,28,0,82,24,0,106,10,100,24,0,134,32,0,32,166
06/26/2020,AKN,AK,AAL,WE,Federal Contract Tower,10,23,2,0,35,0,82,29,0,111,10,105,31,0,146,10,0,10,156
06/27/2020,AKN,AK,AAL,WE,Federal Contract Tower,16,5,1,0,22,0,73,34,0,107,16,78,35,0,129,0,0,0,129
06/28/2020,AKN,AK,AAL,WE,Federal Contract Tower,8,14,4,0,26,0,70,30,0,100,8,84,34,0,126,20,0,20,146
06/29/2020,AKN,AK,AAL,WE,Federal Contract Tower,6,25,5,0,36,0,41,14,0,55,6,66,19,0,91,2,0,2,93
06/30/2020,AKN,AK,AAL,WE,Federal Contract Tower,8,17,2,0,27,0,91,31,0,122,8,108,33,0,149,6,0,6,155
07/01/2020,AKN,AK,AAL,WE,Federal Contract Tower,7,19,3,0,29,0,80,33,0,113,7,99,36,0,142,0,0,0,142
07/02/2020,AKN,AK,AAL,WE,Federal Contract Tower,8,7,1,3,19,0,76,39,1,116,8,83,40,4,135,0,8,8,143
07/03/2020,AKN,AK,AAL,WE,Federal Contract Tower,5,55,4,0,64,0,7,4,0,11,5,62,8,0,75,0,0,0,75
07/04/2020,AKN,AK,AAL,WE,Federal Contract Tower,2,16,0,0,18,0,57,41,0,98,2,73,41,0,116,0,0,0,116
07/05/2020,AKN,AK,AAL,WE,Federal Contract Tower,6,20,6,0,32,0,32,18,0,50,6,52,24,0,82,0,0,0,82
07/06/2020,AKN,AK,AAL,WE,Federal Contract Tower,6,43,19,0,68,0,4,2,0,6,6,47,21,0,74,0,0,0,74
07/07/2020,AKN,AK,AAL,WE,Federal Contract Tower,15,18,3,0,36,0,76,21,0,97,15,94,24,0,133,0,0,0,133
07/08/2020,AKN,AK,AAL,WE,Federal Contract Tower,13,28,2,0,43,0,83,19,0,102,13,111,21,0,145,2,0,2,147
07/09/2020,AKN,AK,AAL,WE,Federal Contract Tower,17,6,2,0,25,0,80,36,0,116,17,86,38,0,141,0,0,0,141
07/10/2020,AKN,AK,AAL,WE,Federal Contract Tower,15,22,4,0,41,1,84,42,0,127,16,106,46,0,168,2,0,2,170
07/11/2020,AKN,AK,AAL,WE,Federal Contract Tower,11,30,6,0,47,0,59,21,0,80,11,89,27,0,127,0,0,0,127
07/12/2020,AKN,AK,AAL,WE,Federal Contract Tower,20,21,2,0,43,0,71,35,0,106,20,92,37,0,149,0,0,0,149
07/13/2020,AKN,AK,AAL,WE,Federal Contract Tower,10,20,4,0,34,0,73,48,0,121,10,93,52,0,155,0,0,0,155
07/14/2020,AKN,AK,AAL,WE,Federal Contract Tower,10,8,2,0,20,0,96,28,0,124,10,104,30,0,144,2,18,20,164
07/15/2020,AKN,AK,AAL,WE,Federal Contract Tower,11,10,2,0,23,0,89,46,0,135,11,99,48,0,158,0,0,0,158
07/16/2020,AKN,AK,AAL,WE,Federal Contract Tower,14,16,4,2,36,0,60,27,1,88,14,76,31,3,124,0,0,0,124
07/17/2020,AKN,AK,AAL,WE,Federal Contract Tower,8,12,4,0,24,0,92,20,0,112,8,104,24,0,136,6,0,6,142
07/18/2020,AKN,AK,AAL,WE,Federal Contract Tower,10,32,5,0,47,0,56,14,0,70,10,88,19,0,117,0,0,0,117
07/19/2020,AKN,AK,AAL,WE,Federal Contract Tower,6,18,9,0,33,0,58,16,0,74,6,76,25,0,107,4,0,4,111
07/20/2020,AKN,AK,AAL,WE,Federal Contract Tower,9,44,9,0,62,0,74,13,0,87,9,118,22,0,149,0,0,0,149
07/21/2020,AKN,AK,AAL,WE,Federal Contract Tower,7,36,7,1,51,0,61,23,0,84,7,97,30,1,135,0,16,16,151
07/22/2020,AKN,AK,AAL,WE,Federal Contract Tower,6,30,3,0,39,0,61,10,0,71,6,91,13,0,110,0,0,0,110
07/23/2020,AKN,AK,AAL,WE,Federal Contract Tower,12,37,6,0,55,0,55,17,0,72,12,92,23,0,127,0,2,2,129
07/24/2020,AKN,AK,AAL,WE,Federal Contract Tower,11,43,3,0,57,0,65,16,0,81,11,108,19,0,138,0,0,0,138
07/25/2020,AKN,AK,AAL,WE,Federal Contract Tower,9,22,0,0,31,0,90,22,0,112,9,112,22,0,143,0,0,0,143
07/26/2020,AKN,AK,AAL,WE,Federal Contract Tower,6,33,14,0,53,0,55,30,0,85,6,88,44,0,138,0,0,0,138
07/27/2020,AKN,AK,AAL,WE,Federal Contract Tower,8,13,2,0,23,0,76,18,0,94,8,89,20,0,117,0,0,0,117
07/28/2020,AKN,AK,AAL,WE,Federal Contract Tower,11,19,1,0,31,0,73,16,4,93,11,92,17,4,124,0,0,0,124
07/29/2020,AKN,AK,AAL,WE,Federal Contract Tower,6,15,0,0,21,0,80,13,0,93,6,95,13,0,114,0,0,0,114
07/30/2020,AKN,AK,AAL,WE,Federal Contract Tower,8,18,3,0,29,0,52,18,0,70,8,70,21,0,99,0,0,0,99
07/31/2020,AKN,AK,AAL,WE,Federal Contract Tower,8,24,0,0,32,0,52,17,0,69,8,76,17,0,101,6,0,6,107
08/01/2020,AKN,AK,AAL,WE,Federal Contract Tower,10,18,1,0,29,0,42,19,0,61,10,60,20,0,90,0,0,0,90
08/02/2020,AKN,AK,AAL,WE,Federal Contract Tower,6,20,5,0,31,0,40,18,0,58,6,60,23,0,89,0,0,0,89
08/03/2020,AKN,AK,AAL,WE,Federal Contract Tower,6,7,0,0,13,0,78,14,0,92,6,85,14,0,105,0,0,0,105
08/04/2020,AKN,AK,AAL,WE,Federal Contract Tower,4,10,2,0,16,0,47,23,0,70,4,57,25,0,86,8,0,8,94
08/05/2020,AKN,AK,AAL,WE,Federal Contract Tower,8,23,2,0,33,0,34,9,0,43,8,57,11,0,76,0,10,10,86
08/06/2020,AKN,AK,AAL,WE,Federal Contract Tower,9,6,2,1,18,0,37,16,0,53,9,43,18,1,71,0,18,18,89
08/07/2020,AKN,AK,AAL,WE,Federal Contract Tower,8,11,4,0,23,0,34,16,0,50,8,45,20,0,73,0,0,0,73
08/08/2020,AKN,AK,AAL,WE,Federal Contract Tower,6,7,0,0,13,0,35,24,0,59,6,42,24,0,72,0,0,0,72
08/09/2020,AKN,AK,AAL,WE,Federal Contract Tower,4,14,0,0,18,0,45,20,0,65,4,59,20,0,83,0,0,0,83
08/10/2020,AKN,AK,AAL,WE,Federal Contract Tower,10,9,0,0,19,0,55,17,0,72,10,64,17,0,91,0,0,0,91
08/11/2020,AKN,AK,AAL,WE,Federal Contract Tower,3,5,2,0,10,0,36,14,0,50,3,41,16,0,60,0,0,0,60
08/12/2020,AKN,AK,AAL,WE,Federal Contract Tower,4,6,0,0,10,0,89,23,0,112,4,95,23,0,122,0,0,0,122
08/13/2020,AKN,AK,AAL,WE,Federal Contract Tower,6,4,2,0,12,0,81,19,0,100,6,85,21,0,112,0,0,0,112
08/14/2020,AKN,AK,AAL,WE,Federal Contract Tower,6,5,1,0,12,0,82,21,0,103,6,87,22,0,115,0,0,0,115
08/15/2020,AKN,AK,AAL,WE,Federal Contract Tower,6,4,2,0,12,0,68,25,0,93,6,72,27,0,105,2,0,2,107
08/16/2020,AKN,AK,AAL,WE,Federal Contract Tower,4,5,3,0,12,0,40,17,0,57,4,45,20,0,69,0,0,0,69
08/17/2020,AKN,AK,AAL,WE,Federal Contract Tower,6,10,1,0,17,0,85,17,0,102,6,95,18,0,119,6,0,6,125
08/18/2020,AKN,AK,AAL,WE,Federal Contract Tower,4,2,0,0,6,0,42,10,0,52,4,44,10,0,58,2,0,2,60
08/19/2020,AKN,AK,AAL,WE,Federal Contract Tower,4,5,1,0,10,0,62,18,0,80,4,67,19,0,90,0,0,0,90
08/20/2020,AKN,AK,AAL,WE,Federal Contract Tower,4,5,1,0,10,0,65,13,0,78,4,70,14,0,88,0,0,0,88
08/21/2020,AKN,AK,AAL,WE,Federal Contract Tower,2,3,1,0,6,0,74,16,0,90,2,77,17,0,96,8,0,8,104
08/23/2020,AKN,AK,AAL,WE,Federal Contract Tower,2,10,3,0,15,0,42,19,0,61,2,52,22,0,76,2,4,6,82
08/24/2020,AKN,AK,AAL,WE,Federal Contract Tower,2,10,2,0,14,0,61,24,0,85,2,71,26,0,99,0,0,0,99
08/25/2020,AKN,AK,AAL,WE,Federal Contract Tower,6,4,1,0,11,0,50,19,0,69,6,54,20,0,80,0,0,0,80
08/26/2020,AKN,AK,AAL,WE,Federal Contract Tower,2,6,0,0,8,0,35,23,0,58,2,41,23,0,66,0,0,0,66
08/27/2020,AKN,AK,AAL,WE,Federal Contract Tower,6,9,0,0,15,0,66,22,0,88,6,75,22,0,103,2,0,2,105
08/28/2020,AKN,AK,AAL,WE,Federal Contract Tower,2,20,4,0,26,0,65,14,0,79,2,85,18,0,105,0,0,0,105
08/29/2020,AKN,AK,AAL,WE,Federal Contract Tower,2,4,2,0,8,0,46,8,0,54,2,50,10,0,62,0,0,0,62
08/30/2020,AKN,AK,AAL,WE,Federal Contract Tower,0,3,2,0,5,0,23,6,0,29,0,26,8,0,34,0,0,0,34
08/31/2020,AKN,AK,AAL,WE,Federal Contract Tower,4,25,1,0,30,0,43,16,0,59,4,68,17,0,89,0,0,0,89
09/01/2020,AKN,AK,AAL,WE,Federal Contract Tower,4,6,0,0,10,0,54,25,2,81,4,60,25,2,91,0,6,6,97
09/02/2020,AKN,AK,AAL,WE,Federal Contract Tower,4,19,3,0,26,0,48,20,0,68,4,67,23,0,94,0,0,0,94
09/03/2020,AKN,AK,AAL,WE,Federal Contract Tower,4,9,2,0,15,0,65,28,0,93,4,74,30,0,108,0,0,0,108
09/04/2020,AKN,AK,AAL,WE,Federal Contract Tower,2,9,1,0,12,0,58,22,0,80,2,67,23,0,92,0,0,0,92
09/05/2020,AKN,AK,AAL,WE,Federal Contract Tower,4,2,4,0,10,0,56,34,0,90,4,58,38,0,100,2,0,2,102
09/06/2020,AKN,AK,AAL,WE,Federal Contract Tower,2,0,1,0,3,0,7,4,0,11,2,7,5,0,14,2,0,2,16
09/07/2020,AKN,AK,AAL,WE,Federal Contract Tower,2,11,2,0,15,0,52,23,0,75,2,63,25,0,90,2,0,2,92
09/08/2020,AKN,AK,AAL,WE,Federal Contract Tower,2,4,0,0,6,0,83,20,0,103,2,87,20,0,109,14,0,14,123
09/09/2020,AKN,AK,AAL,WE,Federal Contract Tower,4,8,0,0,12,0,76,25,0,101,4,84,25,0,113,0,0,0,113
09/10/2020,AKN,AK,AAL,WE,Federal Contract Tower,4,5,5,0,14,0,62,33,0,95,4,67,38,0,109,0,0,0,109
09/11/2020,AKN,AK,AAL,WE,Federal Contract Tower,2,5,1,0,8,0,73,26,0,99,2,78,27,0,107,10,0,10,117
09/12/2020,AKN,AK,AAL,WE,Federal Contract Tower,4,5,2,0,11,0,60,41,0,101,4,65,43,0,112,0,0,0,112
09/13/2020,AKN,AK,AAL,WE,Federal Contract Tower,2,9,4,0,15,0,52,25,0,77,2,61,29,0,92,0,0,0,92
09/14/2020,AKN,AK,AAL,WE,Federal Contract Tower,2,9,2,0,13,0,34,13,0,47,2,43,15,0,60,0,0,0,60
09/15/2020,AKN,AK,AAL,WE,Federal Contract Tower,4,21,3,0,28,0,40,16,0,56,4,61,19,0,84,0,0,0,84
09/16/2020,AKN,AK,AAL,WE,Federal Contract Tower,2,6,0,0,8,0,64,26,0,90,2,70,26,0,98,0,0,0,98
09/17/2020,AKN,AK,AAL,WE,Federal Contract Tower,4,5,0,0,9,0,35,3,0,38,4,40,3,0,47,0,0,0,47
09/18/2020,AKN,AK,AAL,WE,Federal Contract Tower,2,14,1,2,19,0,54,21,0,75,2,68,22,2,94,0,0,0,94
09/19/2020,AKN,AK,AAL,WE,Federal Contract Tower,4,3,0,0,7,0,43,20,0,63,4,46,20,0,70,4,0,4,74
09/20/2020,AKN,AK,AAL,WE,Federal Contract Tower,2,6,3,0,11,0,37,21,0,58,2,43,24,0,69,0,0,0,69
09/21/2020,AKN,AK,AAL,WE,Federal Contract Tower,2,4,4,0,10,0,33,21,0,54,2,37,25,0,64,0,0,0,64
09/22/2020,AKN,AK,AAL,WE,Federal Contract Tower,4,3,0,0,7,0,33,28,2,63,4,36,28,2,70,0,0,0,70
09/23/2020,AKN,AK,AAL,WE,Federal Contract Tower,2,3,1,0,6,0,43,21,0,64,2,46,22,0,70,0,0,0,70
09/24/2020,AKN,AK,AAL,WE,Federal Contract Tower,4,4,0,8,16,0,31,20,0,51,4,35,20,8,67,0,0,0,67
09/25/2020,AKN,AK,AAL,WE,Federal Contract Tower,2,8,0,0,10,0,63,27,0,90,2,71,27,0,100,18,0,18,118
09/26/2020,AKN,AK,AAL,WE,Federal Contract Tower,6,8,1,0,15,0,33,26,0,59,6,41,27,0,74,0,0,0,74
09/27/2020,AKN,AK,AAL,WE,Federal Contract Tower,2,1,2,0,5,0,31,29,0,60,2,32,31,0,65,14,0,14,79
09/28/2020,AKN,AK,AAL,WE,Federal Contract Tower,2,22,10,0,34,0,16,16,0,32,2,38,26,0,66,0,0,0,66
09/29/2020,AKN,AK,AAL,WE,Federal Contract Tower,4,0,0,0,4,0,25,24,0,49,4,25,24,0,53,0,0,0,53
09/30/2020,AKN,AK,AAL,WE,Federal Contract Tower,1,2,1,0,4,1,27,14,0,42,2,29,15,0,46,0,0,0,46
10/01/2020,AKN,AK,AAL,WE,Federal Contract Tower,4,4,0,0,8,0,29,13,0,42,4,33,13,0,50,0,0,0,50
10/02/2020,AKN,AK,AAL,WE,Federal Contract Tower,4,4,0,0,8,0,43,18,0,61,4,47,18,0,69,14,0,14,83
10/03/2020,AKN,AK,AAL,WE,Federal Contract Tower,2,6,2,0,10,0,26,19,0,45,2,32,21,0,55,0,0,0,55
10/04/2020,AKN,AK,AAL,WE,Federal Contract Tower,2,8,2,0,12,0,35,24,0,59,2,43,26,0,71,4,0,4,75
10/05/2020,AKN,AK,AAL,WE,Federal Contract Tower,4,8,5,0,17,0,42,20,0,62,4,50,25,0,79,0,0,0,79
10/06/2020,AKN,AK,AAL,WE,Federal Contract Tower,2,4,0,0,6,0,39,24,0,63,2,43,24,0,69,0,0,0,69
10/07/2020,AKN,AK,AAL,WE,Federal Contract Tower,4,8,2,0,14,0,30,12,0,42,4,38,14,0,56,0,0,0,56
10/08/2020,AKN,AK,AAL,WE,Federal Contract Tower,4,10,1,0,15,0,32,9,0,41,4,42,10,0,56,4,0,4,60
10/09/2020,AKN,AK,AAL,WE,Federal Contract Tower,2,15,2,0,19,0,17,12,0,29,2,32,14,0,48,14,0,14,62
10/10/2020,AKN,AK,AAL,WE,Federal Contract Tower,6,7,0,0,13,0,24,19,0,43,6,31,19,0,56,0,0,0,56
10/11/2020,AKN,AK,AAL,WE,Federal Contract Tower,2,1,1,0,4,0,18,23,0,41,2,19,24,0,45,28,0,28,73
10/12/2020,AKN,AK,AAL,WE,Federal Contract Tower,2,5,3,0,10,0,22,2,0,24,2,27,5,0,34,0,0,0,34
10/13/2020,AKN,AK,AAL,WE,Federal Contract Tower,1,1,0,0,2,1,21,12,0,34,2,22,12,0,36,2,0,2,38
10/14/2020,AKN,AK,AAL,WE,Federal Contract Tower,2,4,1,1,8,0,22,12,1,35,2,26,13,2,43,0,2,2,45
10/15/2020,AKN,AK,AAL,WE,Federal Contract Tower,6,3,0,0,9,0,17,9,0,26,6,20,9,0,35,0,0,0,35
10/16/2020,AKN,AK,AAL,WE,Federal Contract Tower,2,1,0,0,3,0,22,4,0,26,2,23,4,0,29,4,0,4,33
10/17/2020,AKN,AK,AAL,WE,Federal Contract Tower,6,2,0,0,8,0,14,5,0,19,6,16,5,0,27,0,0,0,27
10/18/2020,AKN,AK,AAL,WE,Federal Contract Tower,2,3,1,0,6,0,2,3,0,5,2,5,4,0,11,0,0,0,11
10/19/2020,AKN,AK,AAL,WE,Federal Contract Tower,2,4,2,0,8,0,19,6,2,27,2,23,8,2,35,24,0,24,59
10/20/2020,AKN,AK,AAL,WE,Federal Contract Tower,2,1,0,0,3,0,9,11,0,20,2,10,11,0,23,2,0,2,25
10/21/2020,AKN,AK,AAL,WE,Federal Contract Tower,2,0,0,0,2,0,17,11,0,28,2,17,11,0,30,2,0,2,32
10/22/2020,AKN,AK,AAL,WE,Federal Contract Tower,4,2,0,0,6,0,10,0,0,10,4,12,0,0,16,0,0,0,16
10/23/2020,AKN,AK,AAL,WE,Federal Contract Tower,2,2,0,0,4,0,17,0,0,17,2,19,0,0,21,0,0,0,21
10/24/2020,AKN,AK,AAL,WE,Federal Contract Tower,6,3,0,0,9,0,5,4,0,9,6,8,4,0,18,0,0,0,18
10/25/2020,AKN,AK,AAL,WE,Federal Contract Tower,2,0,0,0,2,0,8,3,0,11,2,8,3,0,13,22,0,22,35
10/26/2020,AKN,AK,AAL,WE,Federal Contract Tower,2,3,0,1,6,0,16,6,1,23,2,19,6,2,29,0,0,0,29
10/27/2020,AKN,AK,AAL,WE,Federal Contract Tower,4,5,0,0,9,0,14,5,0,19,4,19,5,0,28,4,0,4,32
10/28/2020,AKN,AK,AAL,WE,Federal Contract Tower,2,5,0,0,7,0,8,2,0,10,2,13,2,0,17,0,0,0,17
10/29/2020,AKN,AK,AAL,WE,Federal Contract Tower,6,3,0,0,9,0,11,4,0,15,6,14,4,0,24,20,0,20,44
10/30/2020,AKN,AK,AAL,WE,Federal Contract Tower,2,1,0,0,3,0,20,2,0,22,2,21,2,0,25,2,0,2,27
10/31/2020,AKN,AK,AAL,WE,Federal Contract Tower,6,1,0,0,7,0,11,6,0,17,6,12,6,0,24,16,0,16,40
11/01/2020,AKN,AK,AAL,WE,Federal Contract Tower,2,0,0,0,2,0,15,1,2,18,2,15,1,2,20,0,10,10,30
11/02/2020,AKN,AK,AAL,WE,Federal Contract Tower,2,1,0,0,3,0,28,0,0,28,2,29,0,0,31,0,0,0,31
11/03/2020,AKN,AK,AAL,WE,Federal Contract Tower,2,2,0,0,4,0,18,4,0,22,2,20,4,0,26,0,0,0,26
11/04/2020,AKN,AK,AAL,WE,Federal Contract Tower,2,3,0,0,5,0,17,0,0,17,2,20,0,0,22,0,0,0,22
11/05/2020,AKN,AK,AAL,WE,Federal Contract Tower,4,4,0,0,8,0,1,0,0,1,4,5,0,0,9,6,0,6,15
11/06/2020,AKN,AK,AAL,WE,Federal Contract Tower,2,6,0,0,8,0,17,0,0,17,2,23,0,0,25,8,0,8,33
11/07/2020,AKN,AK,AAL,WE,Federal Contract Tower,2,7,0,0,9,0,7,2,0,9,2,14,2,0,18,2,0,2,20
11/08/2020,AKN,AK,AAL,WE,Federal Contract Tower,2,2,0,0,4,0,6,2,0,8,2,8,2,0,12,6,0,6,18
11/09/2020,AKN,AK,AAL,WE,Federal Contract Tower,2,1,0,0,3,0,22,1,0,23,2,23,1,0,26,6,0,6,32
11/10/2020,AKN,AK,AAL,WE,Federal Contract Tower,4,1,1,2,8,0,6,2,0,8,4,7,3,2,16,6,0,6,22
11/11/2020,AKN,AK,AAL,WE,Federal Contract Tower,2,0,0,0,2,0,7,0,0,7,2,7,0,0,9,0,0,0,9
11/12/2020,AKN,AK,AAL,WE,Federal Contract Tower,4,3,2,0,9,0,9,4,0,13,4,12,6,0,22,4,0,4,26
11/13/2020,AKN,AK,AAL,WE,Federal Contract Tower,2,4,0,0,6,0,24,6,0,30,2,28,6,0,36,8,0,8,44
11/14/2020,AKN,AK,AAL,WE,Federal Contract Tower,2,3,4,0,9,0,8,0,0,8,2,11,4,0,17,0,0,0,17
11/15/2020,AKN,AK,AAL,WE,Federal Contract Tower,2,2,0,0,4,0,2,7,0,9,2,4,7,0,13,0,0,0,13
11/16/2020,AKN,AK,AAL,WE,Federal Contract Tower,2,10,3,0,15,0,11,7,2,20,2,21,10,2,35,0,8,8,43
11/17/2020,AKN,AK,AAL,WE,Federal Contract Tower,2,6,0,0,8,0,5,0,0,5,2,11,0,0,13,0,0,0,13
11/18/2020,AKN,AK,AAL,WE,Federal Contract Tower,0,4,0,0,4,0,3,2,0,5,0,7,2,0,9,0,0,0,9
11/19/2020,AKN,AK,AAL,WE,Federal Contract Tower,2,8,1,10,21,0,8,5,0,13,2,16,6,10,34,0,0,0,34
11/20/2020,AKN,AK,AAL,WE,Federal Contract Tower,2,1,1,0,4,0,3,0,0,3,2,4,1,0,7,0,0,0,7
11/21/2020,AKN,AK,AAL,WE,Federal Contract Tower,4,6,0,0,10,0,14,4,0,18,4,20,4,0,28,0,0,0,28
11/22/2020,AKN,AK,AAL,WE,Federal Contract Tower,2,0,0,0,2,0,7,7,0,14,2,7,7,0,16,0,0,0,16
11/23/2020,AKN,AK,AAL,WE,Federal Contract Tower,0,3,0,0,3,0,9,2,0,11,0,12,2,0,14,0,0,0,14
11/24/2020,AKN,AK,AAL,WE,Federal Contract Tower,4,1,0,0,5,0,19,6,0,25,4,20,6,0,30,2,0,2,32
11/25/2020,AKN,AK,AAL,WE,Federal Contract Tower,4,1,0,0,5,0,21,2,0,23,4,22,2,0,28,0,0,0,28
11/26/2020,AKN,AK,AAL,WE,Federal Contract Tower,0,0,0,0,0,0,0,0,0,0,0,0,0,0,0,0,0,0,0
11/27/2020,AKN,AK,AAL,WE,Federal Contract Tower,2,1,0,0,3,0,20,2,0,22,2,21,2,0,25,0,0,0,25
11/28/2020,AKN,AK,AAL,WE,Federal Contract Tower,2,8,0,0,10,0,3,3,0,6,2,11,3,0,16,4,0,4,20
11/29/2020,AKN,AK,AAL,WE,Federal Contract Tower,2,0,0,0,2,0,2,0,0,2,2,2,0,0,4,0,0,0,4
11/30/2020,AKN,AK,AAL,WE,Federal Contract Tower,4,3,0,0,7,0,2,1,0,3,4,5,1,0,10,0,0,0,10
12/01/2020,AKN,AK,AAL,WE,Federal Contract Tower,2,8,0,0,10,0,13,0,0,13,2,21,0,0,23,6,0,6,29
12/02/2020,AKN,AK,AAL,WE,Federal Contract Tower,2,0,0,0,2,0,29,5,2,36,2,29,5,2,38,0,6,6,44
12/03/2020,AKN,AK,AAL,WE,Federal Contract Tower,6,7,0,2,15,0,11,7,2,20,6,18,7,4,35,0,8,8,43
12/04/2020,AKN,AK,AAL,WE,Federal Contract Tower,2,1,0,0,3,0,11,6,0,17,2,12,6,0,20,10,0,10,30
12/05/2020,AKN,AK,AAL,WE,Federal Contract Tower,2,4,0,0,6,0,4,5,0,9,2,8,5,0,15,0,0,0,15
12/06/2020,AKN,AK,AAL,WE,Federal Contract Tower,2,0,0,0,2,0,0,0,0,0,2,0,0,0,2,0,0,0,2
12/07/2020,AKN,AK,AAL,WE,Federal Contract Tower,4,8,0,0,12,0,10,0,0,10,4,18,0,0,22,4,0,4,26
12/08/2020,AKN,AK,AAL,WE,Federal Contract Tower,2,2,0,0,4,0,13,2,0,15,2,15,2,0,19,2,0,2,21
12/09/2020,AKN,AK,AAL,WE,Federal Contract Tower,2,3,0,0,5,0,19,2,0,21,2,22,2,0,26,0,0,0,26
12/10/2020,AKN,AK,AAL,WE,Federal Contract Tower,4,2,0,0,6,0,13,9,2,24,4,15,9,2,30,7,12,19,49
12/11/2020,AKN,AK,AAL,WE,Federal Contract Tower,0,3,0,1,4,0,14,3,1,18,0,17,3,2,22,0,0,0,22
12/12/2020,AKN,AK,AAL,WE,Federal Contract Tower,0,3,0,0,3,0,14,3,0,17,0,17,3,0,20,2,0,2,22
12/13/2020,AKN,AK,AAL,WE,Federal Contract Tower,0,2,0,0,2,0,0,0,0,0,0,2,0,0,2,0,0,0,2
12/14/2020,AKN,AK,AAL,WE,Federal Contract Tower,2,9,0,0,11,0,3,0,0,3,2,12,0,0,14,0,0,0,14
12/15/2020,AKN,AK,AAL,WE,Federal Contract Tower,0,9,0,0,9,0,11,0,0,11,0,20,0,0,20,0,0,0,20
12/16/2020,AKN,AK,AAL,WE,Federal Contract Tower,2,9,0,0,11,0,21,0,0,21,2,30,0,0,32,0,0,0,32
12/17/2020,AKN,AK,AAL,WE,Federal Contract Tower,6,7,5,0,18,0,9,1,0,10,6,16,6,0,28,0,0,0,28
12/18/2020,AKN,AK,AAL,WE,Federal Contract Tower,2,10,3,0,15,0,14,1,0,15,2,24,4,0,30,0,0,0,30
12/19/2020,AKN,AK,AAL,WE,Federal Contract Tower,2,9,0,0,11,0,8,1,0,9,2,17,1,0,20,0,0,0,20
12/20/2020,AKN,AK,AAL,WE,Federal Contract Tower,0,2,0,0,2,0,7,3,0,10,0,9,3,0,12,0,0,0,12
12/21/2020,AKN,AK,AAL,WE,Federal Contract Tower,2,10,0,0,12,0,9,0,0,9,2,19,0,0,21,0,0,0,21
12/22/2020,AKN,AK,AAL,WE,Federal Contract Tower,4,5,0,0,9,0,22,5,0,27,4,27,5,0,36,8,0,8,44
12/23/2020,AKN,AK,AAL,WE,Federal Contract Tower,2,1,0,0,3,0,29,5,2,36,2,30,5,2,39,18,2,20,59
12/24/2020,AKN,AK,AAL,WE,Federal Contract Tower,2,6,0,0,8,0,10,0,0,10,2,16,0,0,18,0,0,0,18
12/25/2020,AKN,AK,AAL,WE,Federal Contract Tower,0,0,0,0,0,0,2,2,0,4,0,2,2,0,4,0,0,0,4
12/26/2020,AKN,AK,AAL,WE,Federal Contract Tower,6,4,0,0,10,0,3,2,0,5,6,7,2,0,15,0,0,0,15
12/27/2020,AKN,AK,AAL,WE,Federal Contract Tower,2,0,0,0,2,0,2,0,0,2,2,2,0,0,4,0,0,0,4
12/28/2020,AKN,AK,AAL,WE,Federal Contract Tower,2,2,0,0,4,0,23,1,0,24,2,25,1,0,28,2,0,2,30
12/29/2020,AKN,AK,AAL,WE,Federal Contract Tower,2,3,2,0,7,0,9,1,0,10,2,12,3,0,17,0,0,0,17
12/30/2020,AKN,AK,AAL,WE,Federal Contract Tower,2,4,0,0,6,0,0,0,0,0,2,4,0,0,6,0,0,0,6
12/31/2020,AKN,AK,AAL,WE,Federal Contract Tower,4,6,0,0,10,0,18,6,0,24,4,24,6,0,34,0,0,0,34
01/01/2021,AKN,AK,AAL,WE,Federal Contract Tower,0,0,0,0,0,0,5,2,0,7,0,5,2,0,7,0,0,0,7
01/02/2021,AKN,AK,AAL,WE,Federal Contract Tower,4,2,0,0,6,0,13,3,0,16,4,15,3,0,22,0,0,0,22
01/03/2021,AKN,AK,AAL,WE,Federal Contract Tower,2,0,0,0,2,0,3,1,0,4,2,3,1,0,6,0,0,0,6
01/04/2021,AKN,AK,AAL,WE,Federal Contract Tower,2,2,0,0,4,0,21,0,0,21,2,23,0,0,25,0,0,0,25
01/05/2021,AKN,AK,AAL,WE,Federal Contract Tower,2,5,0,0,7,0,21,2,0,23,2,26,2,0,30,6,0,6,36
01/06/2021,AKN,AK,AAL,WE,Federal Contract Tower,2,5,0,0,7,0,19,0,0,19,2,24,0,0,26,0,0,0,26
01/07/2021,AKN,AK,AAL,WE,Federal Contract Tower,5,4,2,2,13,0,2,0,0,2,5,6,2,2,15,0,0,0,15
01/08/2021,AKN,AK,AAL,WE,Federal Contract Tower,2,4,0,0,6,0,12,0,0,12,2,16,0,0,18,0,0,0,18
01/09/2021,AKN,AK,AAL,WE,Federal Contract Tower,6,3,0,0,9,0,21,1,0,22,6,24,1,0,31,0,0,0,31
01/10/2021,AKN,AK,AAL,WE,Federal Contract Tower,2,0,0,0,2,0,4,1,0,5,2,4,1,0,7,0,0,0,7
01/11/2021,AKN,AK,AAL,WE,Federal Contract Tower,2,1,0,0,3,0,26,6,4,36,2,27,6,4,39,0,4,4,43
01/12/2021,AKN,AK,AAL,WE,Federal Contract Tower,2,2,0,0,4,0,10,2,2,14,2,12,2,2,18,0,4,4,22
01/13/2021,AKN,AK,AAL,WE,Federal Contract Tower,2,7,0,0,9,0,7,0,0,7,2,14,0,0,16,0,0,0,16
01/14/2021,AKN,AK,AAL,WE,Federal Contract Tower,4,4,0,0,8,0,23,0,0,23,4,27,0,0,31,0,0,0,31
01/15/2021,AKN,AK,AAL,WE,Federal Contract Tower,2,6,1,0,9,0,7,1,0,8,2,13,2,0,17,0,0,0,17
01/16/2021,AKN,AK,AAL,WE,Federal Contract Tower,2,6,0,0,8,0,8,0,0,8,2,14,0,0,16,0,0,0,16
01/17/2021,AKN,AK,AAL,WE,Federal Contract Tower,2,8,0,1,11,0,2,0,1,3,2,10,0,2,14,0,10,10,24
01/18/2021,AKN,AK,AAL,WE,Federal Contract Tower,2,4,0,0,6,0,0,0,0,0,2,4,0,0,6,0,0,0,6
01/19/2021,AKN,AK,AAL,WE,Federal Contract Tower,4,4,0,2,10,0,14,0,0,14,4,18,0,2,24,0,14,14,38
01/20/2021,AKN,AK,AAL,WE,Federal Contract Tower,2,2,2,0,6,0,19,0,0,19,2,21,2,0,25,0,0,0,25
01/21/2021,AKN,AK,AAL,WE,Federal Contract Tower,8,4,2,0,14,0,13,0,1,14,8,17,2,1,28,0,14,14,42
01/22/2021,AKN,AK,AAL,WE,Federal Contract Tower,2,3,1,0,6,0,26,3,0,29,2,29,4,0,35,0,0,0,35
01/23/2021,AKN,AK,AAL,WE,Federal Contract Tower,2,8,0,0,10,0,1,0,0,1,2,9,0,0,11,0,0,0,11
01/24/2021,AKN,AK,AAL,WE,Federal Contract Tower,2,2,0,0,4,0,0,0,0,0,2,2,0,0,4,0,0,0,4
01/25/2021,AKN,AK,AAL,WE,Federal Contract Tower,2,2,0,0,4,0,18,3,2,23,2,20,3,2,27,0,8,8,35
01/26/2021,AKN,AK,AAL,WE,Federal Contract Tower,2,4,0,0,6,0,13,2,2,17,2,17,2,2,23,0,12,12,35
01/27/2021,AKN,AK,AAL,WE,Federal Contract Tower,2,9,0,0,11,0,1,0,0,1,2,10,0,0,12,0,0,0,12
01/28/2021,AKN,AK,AAL,WE,Federal Contract Tower,2,9,0,0,11,0,1,0,0,1,2,10,0,0,12,0,0,0,12
01/29/2021,AKN,AK,AAL,WE,Federal Contract Tower,2,4,3,2,11,0,3,0,0,3,2,7,3,2,14,0,0,0,14
01/30/2021,AKN,AK,AAL,WE,Federal Contract Tower,6,2,0,0,8,0,17,9,0,26,6,19,9,0,34,0,0,0,34
01/31/2021,AKN,AK,AAL,WE,Federal Contract Tower,2,0,2,0,4,2,5,3,0,10,4,5,5,0,14,0,0,0,14
02/01/2021,AKN,AK,AAL,WE,Federal Contract Tower,2,0,2,0,4,0,18,7,0,25,2,18,9,0,29,0,0,0,29
02/02/2021,AKN,AK,AAL,WE,Federal Contract Tower,2,4,0,0,6,0,0,0,0,0,2,4,0,0,6,0,0,0,6
02/03/2021,AKN,AK,AAL,WE,Federal Contract Tower,2,4,0,0,6,0,23,3,0,26,2,27,3,0,32,0,0,0,32
02/04/2021,AKN,AK,AAL,WE,Federal Contract Tower,4,11,0,0,15,0,12,0,0,12,4,23,0,0,27,0,0,0,27
02/05/2021,AKN,AK,AAL,WE,Federal Contract Tower,2,12,0,0,14,0,9,2,0,11,2,21,2,0,25,0,0,0,25
02/06/2021,AKN,AK,AAL,WE,Federal Contract Tower,2,5,0,0,7,0,0,0,0,0,2,5,0,0,7,0,0,0,7
02/07/2021,AKN,AK,AAL,WE,Federal Contract Tower,2,0,0,0,2,0,7,6,2,15,2,7,6,2,17,0,18,18,35
02/08/2021,AKN,AK,AAL,WE,Federal Contract Tower,4,7,0,0,11,0,9,0,0,9,4,16,0,0,20,0,0,0,20
02/09/2021,AKN,AK,AAL,WE,Federal Contract Tower,2,3,0,0,5,0,15,0,0,15,2,18,0,0,20,0,0,0,20
02/10/2021,AKN,AK,AAL,WE,Federal Contract Tower,2,2,0,0,4,0,15,1,0,16,2,17,1,0,20,0,0,0,20
02/11/2021,AKN,AK,AAL,WE,Federal Contract Tower,2,0,0,0,2,0,0,0,0,0,2,0,0,0,2,0,0,0,2
02/12/2021,AKN,AK,AAL,WE,Federal Contract Tower,2,0,1,0,3,0,16,1,0,17,2,16,2,0,20,0,0,0,20
02/13/2021,AKN,AK,AAL,WE,Federal Contract Tower,4,4,0,0,8,1,10,1,0,12,5,14,1,0,20,0,0,0,20
02/14/2021,AKN,AK,AAL,WE,Federal Contract Tower,2,0,0,0,2,0,6,4,0,10,2,6,4,0,12,0,0,0,12
02/15/2021,AKN,AK,AAL,WE,Federal Contract Tower,4,4,0,0,8,0,9,6,0,15,4,13,6,0,23,14,0,14,37
02/16/2021,AKN,AK,AAL,WE,Federal Contract Tower,2,0,0,0,2,0,23,4,2,29,2,23,4,2,31,10,10,20,51
02/17/2021,AKN,AK,AAL,WE,Federal Contract Tower,2,3,0,0,5,0,19,2,1,22,2,22,2,1,27,0,8,8,35
02/18/2021,AKN,AK,AAL,WE,Federal Contract Tower,2,4,0,0,6,0,4,2,0,6,2,8,2,0,12,0,0,0,12
02/19/2021,AKN,AK,AAL,WE,Federal Contract Tower,2,2,0,1,5,0,30,7,2,39,2,32,7,3,44,0,0,0,44
02/20/2021,AKN,AK,AAL,WE,Federal Contract Tower,4,6,0,0,10,0,1,0,0,1,4,7,0,0,11,0,0,0,11
02/21/2021,AKN,AK,AAL,WE,Federal Contract Tower,2,0,0,0,2,0,5,1,0,6,2,5,1,0,8,0,0,0,8
02/22/2021,AKN,AK,AAL,WE,Federal Contract Tower,2,0,2,0,4,0,22,6,2,30,2,22,8,2,34,0,0,0,34
02/23/2021,AKN,AK,AAL,WE,Federal Contract Tower,2,2,0,0,4,0,9,0,0,9,2,11,0,0,13,0,0,0,13
02/24/2021,AKN,AK,AAL,WE,Federal Contract Tower,2,7,0,0,9,0,3,0,0,3,2,10,0,0,12,0,0,0,12
02/25/2021,AKN,AK,AAL,WE,Federal Contract Tower,4,8,0,0,12,0,8,1,0,9,4,16,1,0,21,0,0,0,21
02/26/2021,AKN,AK,AAL,WE,Federal Contract Tower,4,4,0,2,10,0,4,0,0,4,4,8,0,2,14,0,0,0,14
02/27/2021,AKN,AK,AAL,WE,Federal Contract Tower,4,10,0,0,14,0,4,1,0,5,4,14,1,0,19,0,0,0,19
02/28/2021,AKN,AK,AAL,WE,Federal Contract Tower,2,1,0,0,3,0,8,0,0,8,2,9,0,0,11,2,0,2,13
03/01/2021,AKN,AK,AAL,WE,Federal Contract Tower,2,6,0,0,8,0,15,0,0,15,2,21,0,0,23,0,0,0,23
03/02/2021,AKN,AK,AAL,WE,Federal Contract Tower,2,10,2,0,14,0,13,0,0,13,2,23,2,0,27,0,0,0,27
03/03/2021,AKN,AK,AAL,WE,Federal Contract Tower,2,6,0,0,8,0,17,2,0,19,2,23,2,0,27,0,0,0,27
03/04/2021,AKN,AK,AAL,WE,Federal Contract Tower,6,3,1,0,10,0,5,3,2,10,6,8,4,2,20,0,0,0,20
03/05/2021,AKN,AK,AAL,WE,Federal Contract Tower,2,1,0,0,3,0,20,3,0,23,2,21,3,0,26,0,0,0,26
03/06/2021,AKN,AK,AAL,WE,Federal Contract Tower,4,3,0,0,7,0,11,6,0,17,4,14,6,0,24,0,0,0,24
03/07/2021,AKN,AK,AAL,WE,Federal Contract Tower,2,2,0,0,4,0,1,0,0,1,2,3,0,0,5,0,0,0,5
03/08/2021,AKN,AK,AAL,WE,Federal Contract Tower,2,5,0,0,7,0,11,0,0,11,2,16,0,0,18,0,0,0,18
03/09/2021,AKN,AK,AAL,WE,Federal Contract Tower,2,3,0,0,5,0,16,1,0,17,2,19,1,0,22,0,0,0,22
03/10/2021,AKN,AK,AAL,WE,Federal Contract Tower,2,2,0,0,4,0,28,4,4,36,2,30,4,4,40,6,20,26,66
03/11/2021,AKN,AK,AAL,WE,Federal Contract Tower,5,7,0,0,12,0,6,3,0,9,5,13,3,0,21,0,0,0,21
03/12/2021,AKN,AK,AAL,WE,Federal Contract Tower,2,0,0,0,2,0,22,6,0,28,2,22,6,0,30,0,0,0,30
03/13/2021,AKN,AK,AAL,WE,Federal Contract Tower,6,0,0,0,6,0,4,5,0,9,6,4,5,0,15,0,0,0,15
03/14/2021,AKN,AK,AAL,WE,Federal Contract Tower,2,4,1,0,7,0,4,1,0,5,2,8,2,0,12,6,0,6,18
03/15/2021,AKN,AK,AAL,WE,Federal Contract Tower,0,3,0,0,3,0,6,1,0,7,0,9,1,0,10,0,0,0,10
03/16/2021,AKN,AK,AAL,WE,Federal Contract Tower,2,5,0,0,7,0,17,3,2,22,2,22,3,2,29,0,0,0,29
03/17/2021,AKN,AK,AAL,WE,Federal Contract Tower,2,9,0,0,11,0,8,0,0,8,2,17,0,0,19,0,0,0,19
03/18/2021,AKN,AK,AAL,WE,Federal Contract Tower,6,2,0,1,9,0,12,13,3,28,6,14,13,4,37,8,18,26,63
03/19/2021,AKN,AK,AAL,WE,Federal Contract Tower,2,4,0,2,8,0,16,2,0,18,2,20,2,2,26,0,0,0,26
03/20/2021,AKN,AK,AAL,WE,Federal Contract Tower,2,5,0,0,7,0,0,0,0,0,2,5,0,0,7,0,0,0,7
03/21/2021,AKN,AK,AAL,WE,Federal Contract Tower,2,4,0,0,6,0,2,2,0,4,2,6,2,0,10,6,0,6,16
03/22/2021,AKN,AK,AAL,WE,Federal Contract Tower,2,2,0,0,4,0,10,0,0,10,2,12,0,0,14,0,0,0,14
03/23/2021,AKN,AK,AAL,WE,Federal Contract Tower,4,2,0,0,6,1,17,6,0,24,5,19,6,0,30,0,0,0,30
03/24/2021,AKN,AK,AAL,WE,Federal Contract Tower,2,10,0,0,12,0,1,0,0,1,2,11,0,0,13,0,0,0,13
03/25/2021,AKN,AK,AAL,WE,Federal Contract Tower,4,14,0,0,18,0,2,0,0,2,4,16,0,0,20,0,0,0,20
03/26/2021,AKN,AK,AAL,WE,Federal Contract Tower,4,9,0,0,13,0,24,3,0,27,4,33,3,0,40,0,0,0,40
03/27/2021,AKN,AK,AAL,WE,Federal Contract Tower,2,1,0,0,3,1,19,4,0,24,3,20,4,0,27,18,0,18,45
03/28/2021,AKN,AK,AAL,WE,Federal Contract Tower,2,1,0,0,3,0,17,3,0,20,2,18,3,0,23,20,0,20,43
03/29/2021,AKN,AK,AAL,WE,Federal Contract Tower,2,3,0,0,5,0,15,0,2,17,2,18,0,2,22,0,10,10,32
03/30/2021,AKN,AK,AAL,WE,Federal Contract Tower,2,8,0,2,12,0,11,0,0,11,2,19,0,2,23,0,0,0,23
03/31/2021,AKN,AK,AAL,WE,Federal Contract Tower,2,5,0,3,10,0,20,2,1,23,2,25,2,4,33,2,0,2,35
04/01/2021,AKN,AK,AAL,WE,Federal Contract Tower,6,4,0,0,10,0,12,5,0,17,6,16,5,0,27,0,0,0,27
04/02/2021,AKN,AK,AAL,WE,Federal Contract Tower,2,5,0,2,9,0,3,0,0,3,2,8,0,2,12,0,0,0,12
04/03/2021,AKN,AK,AAL,WE,Federal Contract Tower,4,3,0,0,7,0,2,0,0,2,4,5,0,0,9,2,0,2,11
04/04/2021,AKN,AK,AAL,WE,Federal Contract Tower,3,0,0,0,3,3,0,0,0,3,6,0,0,0,6,0,0,0,6
04/05/2021,AKN,AK,AAL,WE,Federal Contract Tower,2,3,1,7,13,6,29,11,11,57,8,32,12,18,70,0,2,2,72
04/06/2021,AKN,AK,AAL,WE,Federal Contract Tower,4,5,0,4,13,6,1,3,8,18,10,6,3,12,31,0,0,0,31
04/07/2021,AKN,AK,AAL,WE,Federal Contract Tower,4,2,0,8,14,0,1,0,0,1,4,3,0,8,15,0,0,0,15
04/08/2021,AKN,AK,AAL,WE,Federal Contract Tower,2,2,0,6,10,2,20,1,2,25,4,22,1,8,35,0,0,0,35
04/09/2021,AKN,AK,AAL,WE,Federal Contract Tower,2,0,0,6,8,0,21,0,3,24,2,21,0,9,32,0,10,10,42
04/10/2021,AKN,AK,AAL,WE,Federal Contract Tower,4,5,0,0,9,0,5,3,0,8,4,10,3,0,17,6,0,6,23
04/11/2021,AKN,AK,AAL,WE,Federal Contract Tower,2,2,0,3,7,0,0,2,0,2,2,2,2,3,9,0,0,0,9
04/12/2021,AKN,AK,AAL,WE,Federal Contract Tower,2,4,0,6,12,0,25,11,1,37,2,29,11,7,49,2,10,12,61
04/13/2021,AKN,AK,AAL,WE,Federal Contract Tower,4,6,1,5,16,0,10,15,2,27,4,16,16,7,43,0,0,0,43
04/14/2021,AKN,AK,AAL,WE,Federal Contract Tower,2,4,0,5,11,0,12,3,0,15,2,16,3,5,26,0,10,10,36
04/15/2021,AKN,AK,AAL,WE,Federal Contract Tower,6,3,0,4,13,0,24,8,0,32,6,27,8,4,45,0,0,0,45
04/16/2021,AKN,AK,AAL,WE,Federal Contract Tower,2,6,0,1,9,0,25,20,1,46,2,31,20,2,55,0,0,0,55
04/17/2021,AKN,AK,AAL,WE,Federal Contract Tower,6,1,0,0,7,0,12,19,0,31,6,13,19,0,38,30,0,30,68
04/18/2021,AKN,AK,AAL,WE,Federal Contract Tower,2,1,0,0,3,0,7,8,0,15,2,8,8,0,18,0,0,0,18
04/19/2021,AKN,AK,AAL,WE,Federal Contract Tower,2,5,0,0,7,0,17,7,0,24,2,22,7,0,31,0,0,0,31
04/20/2021,AKN,AK,AAL,WE,Federal Contract Tower,4,6,0,4,14,0,17,12,0,29,4,23,12,4,43,0,0,0,43
04/21/2021,AKN,AK,AAL,WE,Federal Contract Tower,2,6,1,0,9,0,23,9,0,32,2,29,10,0,41,0,0,0,41
04/22/2021,AKN,AK,AAL,WE,Federal Contract Tower,6,3,0,0,9,0,15,16,0,31,6,18,16,0,40,0,0,0,40
04/23/2021,AKN,AK,AAL,WE,Federal Contract Tower,2,0,0,0,2,0,14,16,0,30,2,14,16,0,32,10,0,10,42
04/24/2021,AKN,AK,AAL,WE,Federal Contract Tower,6,5,0,0,11,0,7,7,0,14,6,12,7,0,25,0,0,0,25
04/25/2021,AKN,AK,AAL,WE,Federal Contract Tower,2,2,5,0,9,0,2,11,0,13,2,4,16,0,22,0,0,0,22
04/26/2021,AKN,AK,AAL,WE,Federal Contract Tower,4,0,3,0,7,0,19,9,0,28,4,19,12,0,35,4,0,4,39
04/27/2021,AKN,AK,AAL,WE,Federal Contract Tower,2,4,1,2,9,1,25,11,1,38,3,29,12,3,47,6,2,8,55
04/28/2021,AKN,AK,AAL,WE,Federal Contract Tower,2,2,1,0,5,0,23,10,2,35,2,25,11,2,40,2,0,2,42
04/29/2021,AKN,AK,AAL,WE,Federal Contract Tower,6,2,2,0,10,0,8,8,0,16,6,10,10,0,26,0,0,0,26
04/30/2021,AKN,AK,AAL,WE,Federal Contract Tower,2,8,0,0,10,0,33,6,0,39,2,41,6,0,49,0,0,0,49
05/01/2021,AKN,AK,AAL,WE,Federal Contract Tower,8,8,0,2,18,4,20,5,2,31,12,28,5,4,49,0,0,0,49
05/02/2021,AKN,AK,AAL,WE,Federal Contract Tower,3,4,0,0,7,7,9,5,1,22,10,13,5,1,29,0,2,2,31
05/03/2021,AKN,AK,AAL,WE,Federal Contract Tower,2,6,1,4,13,4,26,16,0,46,6,32,17,4,59,6,0,6,65
05/04/2021,AKN,AK,AAL,WE,Federal Contract Tower,2,5,0,2,9,4,29,9,10,52,6,34,9,12,61,8,6,14,75
05/05/2021,AKN,AK,AAL,WE,Federal Contract Tower,4,0,0,5,9,6,41,14,11,72,10,41,14,16,81,2,2,4,85
05/06/2021,AKN,AK,AAL,WE,Federal Contract Tower,4,9,1,8,22,4,23,17,6,50,8,32,18,14,72,40,0,40,112
05/07/2021,AKN,AK,AAL,WE,Federal Contract Tower,4,3,2,6,15,2,36,14,7,59,6,39,16,13,74,11,0,11,85
05/08/2021,AKN,AK,AAL,WE,Federal Contract Tower,8,7,0,2,17,0,41,14,0,55,8,48,14,2,72,2,0,2,74
05/09/2021,AKN,AK,AAL,WE,Federal Contract Tower,4,4,0,2,10,0,33,19,2,54,4,37,19,4,64,16,0,16,80
05/10/2021,AKN,AK,AAL,WE,Federal Contract Tower,2,6,0,7,15,2,52,9,4,67,4,58,9,11,82,0,12,12,94
05/11/2021,AKN,AK,AAL,WE,Federal Contract Tower,2,6,0,0,8,0,26,14,0,40,2,32,14,0,48,10,0,10,58
05/13/2021,AKN,AK,AAL,WE,Federal Contract Tower,6,9,0,5,20,0,40,6,3,49,6,49,6,8,69,0,16,16,85
05/14/2021,AKN,AK,AAL,WE,Federal Contract Tower,2,6,0,1,9,0,37,7,1,45,2,43,7,2,54,4,0,4,58
05/15/2021,AKN,AK,AAL,WE,Federal Contract Tower,10,3,0,0,13,0,42,12,0,54,10,45,12,0,67,6,0,6,73
05/16/2021,AKN,AK,AAL,WE,Federal Contract Tower,4,9,2,0,15,0,30,13,0,43,4,39,15,0,58,8,0,8,66
05/17/2021,AKN,AK,AAL,WE,Federal Contract Tower,2,23,3,0,28,0,26,10,0,36,2,49,13,0,64,0,0,0,64
05/18/2021,AKN,AK,AAL,WE,Federal Contract Tower,4,19,2,0,25,0,27,6,0,33,4,46,8,0,58,0,0,0,58
05/19/2021,AKN,AK,AAL,WE,Federal Contract Tower,4,10,0,0,14,0,35,11,1,47,4,45,11,1,61,0,10,10,71
05/20/2021,AKN,AK,AAL,WE,Federal Contract Tower,4,2,0,0,6,0,11,0,0,11,4,13,0,0,17,0,0,0,17
05/21/2021,AKN,AK,AAL,WE,Federal Contract Tower,7,14,0,0,21,0,54,18,0,72,7,68,18,0,93,0,0,0,93
05/22/2021,AKN,AK,AAL,WE,Federal Contract Tower,8,8,2,0,18,2,23,21,0,46,10,31,23,0,64,0,0,0,64
05/23/2021,AKN,AK,AAL,WE,Federal Contract Tower,4,4,0,0,8,0,10,19,2,31,4,14,19,2,39,10,14,24,63
05/24/2021,AKN,AK,AAL,WE,Federal Contract Tower,4,7,0,0,11,0,45,17,1,63,4,52,17,1,74,0,6,6,80
05/25/2021,AKN,AK,AAL,WE,Federal Contract Tower,4,7,0,0,11,0,43,22,2,67,4,50,22,2,78,12,0,12,90
05/26/2021,AKN,AK,AAL,WE,Federal Contract Tower,4,6,0,0,10,0,48,27,0,75,4,54,27,0,85,0,0,0,85
05/27/2021,AKN,AK,AAL,WE,Federal Contract Tower,8,13,1,0,22,0,45,26,0,71,8,58,27,0,93,0,0,0,93
05/28/2021,AKN,AK,AAL,WE,Federal Contract Tower,4,3,0,0,7,0,56,29,0,85,4,59,29,0,92,0,0,0,92
05/29/2021,AKN,AK,AAL,WE,Federal Contract Tower,6,6,0,0,12,0,25,18,0,43,6,31,18,0,55,0,0,0,55
05/30/2021,AKN,AK,AAL,WE,Federal Contract Tower,4,3,1,0,8,0,31,14,0,45,4,34,15,0,53,0,0,0,53
05/31/2021,AKN,AK,AAL,WE,Federal Contract Tower,4,4,0,0,8,0,36,8,0,44,4,40,8,0,52,0,0,0,52
06/01/2021,AKN,AK,AAL,WE,Federal Contract Tower,6,14,2,4,26,0,54,35,0,89,6,68,37,4,115,0,18,18,133
06/02/2021,AKN,AK,AAL,WE,Federal Contract Tower,4,9,2,0,15,0,46,19,2,67,4,55,21,2,82,8,12,20,102
06/03/2021,AKN,AK,AAL,WE,Federal Contract Tower,6,15,3,0,24,0,60,17,0,77,6,75,20,0,101,0,0,0,101
06/04/2021,AKN,AK,AAL,WE,Federal Contract Tower,4,9,5,0,18,0,67,25,0,92,4,76,30,0,110,0,0,0,110
06/05/2021,AKN,AK,AAL,WE,Federal Contract Tower,8,8,2,0,18,0,59,14,0,73,8,67,16,0,91,0,0,0,91
06/06/2021,AKN,AK,AAL,WE,Federal Contract Tower,4,12,2,0,18,0,34,17,0,51,4,46,19,0,69,0,0,0,69
06/07/2021,AKN,AK,AAL,WE,Federal Contract Tower,4,24,1,0,29,0,57,11,0,68,4,81,12,0,97,0,0,0,97
06/08/2021,AKN,AK,AAL,WE,Federal Contract Tower,6,10,0,0,16,0,43,14,0,57,6,53,14,0,73,18,0,18,91
06/09/2021,AKN,AK,AAL,WE,Federal Contract Tower,2,11,1,0,14,0,41,31,0,72,2,52,32,0,86,18,0,18,104
06/10/2021,AKN,AK,AAL,WE,Federal Contract Tower,6,23,5,0,34,0,42,15,0,57,6,65,20,0,91,0,0,0,91
06/11/2021,AKN,AK,AAL,WE,Federal Contract Tower,6,40,10,0,56,0,40,21,0,61,6,80,31,0,117,0,0,0,117
06/12/2021,AKN,AK,AAL,WE,Federal Contract Tower,10,33,1,0,44,0,46,6,0,52,10,79,7,0,96,0,0,0,96
06/13/2021,AKN,AK,AAL,WE,Federal Contract Tower,8,21,3,0,32,0,63,21,0,84,8,84,24,0,116,0,0,0,116
06/14/2021,AKN,AK,AAL,WE,Federal Contract Tower,4,14,0,2,20,2,99,16,0,117,6,113,16,2,137,24,0,24,161
06/15/2021,AKN,AK,AAL,WE,Federal Contract Tower,8,11,2,0,21,0,72,41,0,113,8,83,43,0,134,8,0,8,142
06/16/2021,AKN,AK,AAL,WE,Federal Contract Tower,4,17,1,1,23,0,118,36,3,157,4,135,37,4,180,0,2,2,182
06/17/2021,AKN,AK,AAL,WE,Federal Contract Tower,8,23,3,0,34,0,90,27,0,117,8,113,30,0,151,0,0,0,151
06/18/2021,AKN,AK,AAL,WE,Federal Contract Tower,4,26,2,0,32,0,125,40,0,165,4,151,42,0,197,4,0,4,201
06/19/2021,AKN,AK,AAL,WE,Federal Contract Tower,8,14,1,1,24,3,117,34,0,154,11,131,35,1,178,0,0,0,178
06/20/2021,AKN,AK,AAL,WE,Federal Contract Tower,6,20,9,1,36,0,89,32,0,121,6,109,41,1,157,2,0,2,159
06/21/2021,AKN,AK,AAL,WE,Federal Contract Tower,8,29,3,2,42,0,132,33,0,165,8,161,36,2,207,0,0,0,207
06/22/2021,AKN,AK,AAL,WE,Federal Contract Tower,5,19,7,0,31,1,145,38,0,184,6,164,45,0,215,0,0,0,215
06/23/2021,AKN,AK,AAL,WE,Federal Contract Tower,5,12,0,0,17,1,47,2,0,50,6,59,2,0,67,0,0,0,67
06/24/2021,AKN,AK,AAL,WE,Federal Contract Tower,8,24,0,0,32,0,138,31,0,169,8,162,31,0,201,18,0,18,219
06/25/2021,AKN,AK,AAL,WE,Federal Contract Tower,7,22,2,0,31,1,103,24,0,128,8,125,26,0,159,0,0,0,159
06/26/2021,AKN,AK,AAL,WE,Federal Contract Tower,14,14,3,0,31,1,135,43,0,179,15,149,46,0,210,0,0,0,210
06/27/2021,AKN,AK,AAL,WE,Federal Contract Tower,10,17,2,0,29,1,100,47,0,148,11,117,49,0,177,0,0,0,177
06/28/2021,AKN,AK,AAL,WE,Federal Contract Tower,14,23,4,2,43,0,139,44,2,185,14,162,48,4,228,4,2,6,234
06/29/2021,AKN,AK,AAL,WE,Federal Contract Tower,8,13,1,0,22,0,100,45,0,145,8,113,46,0,167,0,0,0,167
06/30/2021,AKN,AK,AAL,WE,Federal Contract Tower,9,10,3,0,22,1,127,29,0,157,10,137,32,0,179,0,0,0,179
07/01/2021,AKN,AK,AAL,WE,Federal Contract Tower,10,27,14,0,51,0,137,55,0,192,10,164,69,0,243,10,0,10,253
07/02/2021,AKN,AK,AAL,WE,Federal Contract Tower,11,22,5,0,38,1,133,35,0,169,12,155,40,0,207,0,0,0,207
07/03/2021,AKN,AK,AAL,WE,Federal Contract Tower,20,21,4,0,45,0,133,48,0,181,20,154,52,0,226,16,0,16,242
07/04/2021,AKN,AK,AAL,WE,Federal Contract Tower,13,16,1,0,30,0,99,29,0,128,13,115,30,0,158,2,0,2,160
07/05/2021,AKN,AK,AAL,WE,Federal Contract Tower,12,33,7,0,52,0,129,26,0,155,12,162,33,0,207,2,0,2,209
07/06/2021,AKN,AK,AAL,WE,Federal Contract Tower,13,19,9,0,41,0,85,17,0,102,13,104,26,0,143,6,0,6,149
07/07/2021,AKN,AK,AAL,WE,Federal Contract Tower,18,20,9,0,47,0,115,26,0,141,18,135,35,0,188,4,0,4,192
07/08/2021,AKN,AK,AAL,WE,Federal Contract Tower,20,40,0,0,60,0,123,26,0,149,20,163,26,0,209,10,0,10,219
07/09/2021,AKN,AK,AAL,WE,Federal Contract Tower,15,77,19,0,111,0,54,25,0,79,15,131,44,0,190,0,0,0,190
07/10/2021,AKN,AK,AAL,WE,Federal Contract Tower,16,50,8,0,74,0,98,29,0,127,16,148,37,0,201,0,0,0,201
07/11/2021,AKN,AK,AAL,WE,Federal Contract Tower,14,20,10,0,44,1,120,40,0,161,15,140,50,0,205,4,0,4,209
07/12/2021,AKN,AK,AAL,WE,Federal Contract Tower,15,39,6,0,60,1,114,31,2,148,16,153,37,2,208,0,2,2,210
07/13/2021,AKN,AK,AAL,WE,Federal Contract Tower,6,15,0,0,21,2,126,24,0,152,8,141,24,0,173,0,0,0,173
07/14/2021,AKN,AK,AAL,WE,Federal Contract Tower,10,11,4,0,25,4,139,31,0,174,14,150,35,0,199,8,0,8,207
07/15/2021,AKN,AK,AAL,WE,Federal Contract Tower,12,42,8,0,62,0,93,25,0,118,12,135,33,0,180,0,0,0,180
07/16/2021,AKN,AK,AAL,WE,Federal Contract Tower,11,79,21,0,111,0,78,36,0,114,11,157,57,0,225,0,0,0,225
07/17/2021,AKN,AK,AAL,WE,Federal Contract Tower,14,45,8,0,67,0,53,8,0,61,14,98,16,0,128,0,0,0,128
07/18/2021,AKN,AK,AAL,WE,Federal Contract Tower,9,26,11,0,46,1,101,23,0,125,10,127,34,0,171,2,0,2,173
07/19/2021,AKN,AK,AAL,WE,Federal Contract Tower,6,27,6,0,39,2,165,46,0,213,8,192,52,0,252,0,0,0,252
07/20/2021,AKN,AK,AAL,WE,Federal Contract Tower,8,68,7,0,83,0,84,16,0,100,8,152,23,0,183,2,0,2,185
07/21/2021,AKN,AK,AAL,WE,Federal Contract Tower,10,81,11,0,102,0,53,8,0,61,10,134,19,0,163,4,0,4,167
07/22/2021,AKN,AK,AAL,WE,Federal Contract Tower,13,49,9,0,71,0,106,34,0,140,13,155,43,0,211,0,0,0,211
07/23/2021,AKN,AK,AAL,WE,Federal Contract Tower,7,29,1,0,37,1,170,45,0,216,8,199,46,0,253,2,0,2,255
07/24/2021,AKN,AK,AAL,WE,Federal Contract Tower,10,87,11,2,110,0,113,12,0,125,10,200,23,2,235,0,0,0,235
07/25/2021,AKN,AK,AAL,WE,Federal Contract Tower,8,35,12,0,55,0,160,38,0,198,8,195,50,0,253,0,0,0,253
07/26/2021,AKN,AK,AAL,WE,Federal Contract Tower,8,44,0,0,52,0,153,42,0,195,8,197,42,0,247,0,0,0,247
07/27/2021,AKN,AK,AAL,WE,Federal Contract Tower,10,22,0,0,32,0,158,33,0,191,10,180,33,0,223,0,0,0,223
07/28/2021,AKN,AK,AAL,WE,Federal Contract Tower,8,23,2,0,33,0,150,37,0,187,8,173,39,0,220,4,0,4,224
07/29/2021,AKN,AK,AAL,WE,Federal Contract Tower,8,20,1,1,30,0,138,33,1,172,8,158,34,2,202,0,0,0,202
07/30/2021,AKN,AK,AAL,WE,Federal Contract Tower,9,23,7,0,39,0,121,43,0,164,9,144,50,0,203,0,0,0,203
07/31/2021,AKN,AK,AAL,WE,Federal Contract Tower,10,28,2,0,40,0,137,31,2,170,10,165,33,2,210,8,0,8,218
08/01/2021,AKN,AK,AAL,WE,Federal Contract Tower,6,14,6,0,26,0,109,19,0,128,6,123,25,0,154,6,0,6,160
08/02/2021,AKN,AK,AAL,WE,Federal Contract Tower,4,21,0,0,25,0,102,29,0,131,4,123,29,0,156,14,0,14,170
08/03/2021,AKN,AK,AAL,WE,Federal Contract Tower,6,9,0,0,15,0,112,40,0,152,6,121,40,0,167,0,0,0,167
08/04/2021,AKN,AK,AAL,WE,Federal Contract Tower,4,15,2,0,21,0,114,36,2,152,4,129,38,2,173,0,0,0,173
08/05/2021,AKN,AK,AAL,WE,Federal Contract Tower,6,63,11,0,80,0,30,3,0,33,6,93,14,0,113,0,0,0,113
08/06/2021,AKN,AK,AAL,WE,Federal Contract Tower,4,20,6,0,30,0,108,23,0,131,4,128,29,0,161,4,0,4,165
08/07/2021,AKN,AK,AAL,WE,Federal Contract Tower,6,11,1,0,18,0,93,24,0,117,6,104,25,0,135,0,0,0,135
08/08/2021,AKN,AK,AAL,WE,Federal Contract Tower,8,11,1,2,22,0,95,22,0,117,8,106,23,2,139,10,12,22,161
08/09/2021,AKN,AK,AAL,WE,Federal Contract Tower,4,22,2,0,28,0,112,24,0,136,4,134,26,0,164,6,0,6,170
08/10/2021,AKN,AK,AAL,WE,Federal Contract Tower,6,16,6,0,28,0,108,29,0,137,6,124,35,0,165,6,0,6,171
08/11/2021,AKN,AK,AAL,WE,Federal Contract Tower,4,23,8,0,35,0,83,31,0,114,4,106,39,0,149,4,0,4,153
08/12/2021,AKN,AK,AAL,WE,Federal Contract Tower,8,20,2,0,30,0,100,36,0,136,8,120,38,0,166,0,0,0,166
08/13/2021,AKN,AK,AAL,WE,Federal Contract Tower,4,25,3,0,32,0,91,28,0,119,4,116,31,0,151,0,0,0,151
08/14/2021,AKN,AK,AAL,WE,Federal Contract Tower,10,18,6,0,34,0,100,27,0,127,10,118,33,0,161,0,0,0,161
08/15/2021,AKN,AK,AAL,WE,Federal Contract Tower,6,19,6,0,31,0,89,18,0,107,6,108,24,0,138,0,0,0,138
08/16/2021,AKN,AK,AAL,WE,Federal Contract Tower,4,31,5,0,40,0,96,16,0,112,4,127,21,0,152,0,0,0,152
08/17/2021,AKN,AK,AAL,WE,Federal Contract Tower,6,11,0,0,17,0,79,31,0,110,6,90,31,0,127,0,0,0,127
08/18/2021,AKN,AK,AAL,WE,Federal Contract Tower,6,12,0,0,18,0,84,35,0,119,6,96,35,0,137,0,0,0,137
08/19/2021,AKN,AK,AAL,WE,Federal Contract Tower,6,10,0,0,16,0,84,17,0,101,6,94,17,0,117,0,0,0,117
08/20/2021,AKN,AK,AAL,WE,Federal Contract Tower,6,15,0,0,21,0,84,26,0,110,6,99,26,0,131,12,0,12,143
08/21/2021,AKN,AK,AAL,WE,Federal Contract Tower,10,13,3,0,26,0,78,25,0,103,10,91,28,0,129,0,0,0,129
08/22/2021,AKN,AK,AAL,WE,Federal Contract Tower,6,15,10,0,31,0,86,21,0,107,6,101,31,0,138,0,0,0,138
08/23/2021,AKN,AK,AAL,WE,Federal Contract Tower,4,28,0,0,32,0,92,17,0,109,4,120,17,0,141,0,0,0,141
08/24/2021,AKN,AK,AAL,WE,Federal Contract Tower,4,29,6,0,39,0,69,12,0,81,4,98,18,0,120,0,0,0,120
08/25/2021,AKN,AK,AAL,WE,Federal Contract Tower,4,23,8,0,35,0,68,18,0,86,4,91,26,0,121,2,0,2,123
08/26/2021,AKN,AK,AAL,WE,Federal Contract Tower,6,40,7,0,53,66,21,0,0,87,72,61,7,0,140,0,0,0,140
08/27/2021,AKN,AK,AAL,WE,Federal Contract Tower,6,14,6,0,26,0,99,30,0,129,6,113,36,0,155,0,0,0,155
08/28/2021,AKN,AK,AAL,WE,Federal Contract Tower,8,10,0,0,18,0,79,33,0,112,8,89,33,0,130,6,0,6,136
08/29/2021,AKN,AK,AAL,WE,Federal Contract Tower,4,9,13,0,26,0,106,34,0,140,4,115,47,0,166,8,0,8,174
08/30/2021,AKN,AK,AAL,WE,Federal Contract Tower,4,22,0,0,26,0,91,27,0,118,4,113,27,0,144,4,0,4,148
08/31/2021,AKN,AK,AAL,WE,Federal Contract Tower,4,6,2,0,12,0,76,23,0,99,4,82,25,0,111,0,0,0,111
09/01/2021,AKN,AK,AAL,WE,Federal Contract Tower,6,10,0,0,16,0,71,18,0,89,6,81,18,0,105,0,0,0,105
09/02/2021,AKN,AK,AAL,WE,Federal Contract Tower,6,21,4,0,31,0,78,21,0,99,6,99,25,0,130,0,0,0,130
09/03/2021,AKN,AK,AAL,WE,Federal Contract Tower,4,25,10,0,39,0,87,29,0,116,4,112,39,0,155,2,0,2,157
09/04/2021,AKN,AK,AAL,WE,Federal Contract Tower,6,49,5,0,60,0,74,26,0,100,6,123,31,0,160,0,0,0,160
09/05/2021,AKN,AK,AAL,WE,Federal Contract Tower,4,11,7,0,22,0,93,28,0,121,4,104,35,0,143,0,0,0,143
09/06/2021,AKN,AK,AAL,WE,Federal Contract Tower,4,15,0,0,19,0,92,30,2,124,4,107,30,2,143,8,10,18,161
09/07/2021,AKN,AK,AAL,WE,Federal Contract Tower,6,14,4,0,24,0,86,23,0,109,6,100,27,0,133,0,0,0,133
09/08/2021,AKN,AK,AAL,WE,Federal Contract Tower,2,25,1,0,28,0,84,28,0,112,2,109,29,0,140,0,0,0,140
09/09/2021,AKN,AK,AAL,WE,Federal Contract Tower,4,12,3,4,23,0,85,39,0,124,4,97,42,4,147,6,4,10,157
09/10/2021,AKN,AK,AAL,WE,Federal Contract Tower,5,15,4,0,24,0,74,42,0,116,5,89,46,0,140,0,0,0,140
09/11/2021,AKN,AK,AAL,WE,Federal Contract Tower,6,9,2,0,17,0,90,47,0,137,6,99,49,0,154,6,0,6,160
09/12/2021,AKN,AK,AAL,WE,Federal Contract Tower,4,4,4,0,12,0,10,17,0,27,4,14,21,0,39,0,0,0,39
09/13/2021,AKN,AK,AAL,WE,Federal Contract Tower,3,18,4,0,25,0,71,27,0,98,3,89,31,0,123,0,0,0,123
09/14/2021,AKN,AK,AAL,WE,Federal Contract Tower,4,10,2,0,16,0,51,24,0,75,4,61,26,0,91,0,0,0,91
09/15/2021,AKN,AK,AAL,WE,Federal Contract Tower,2,11,0,0,13,0,79,29,0,108,2,90,29,0,121,0,0,0,121
09/16/2021,AKN,AK,AAL,WE,Federal Contract Tower,4,19,2,2,27,0,90,50,0,140,4,109,52,2,167,4,8,12,179
09/17/2021,AKN,AK,AAL,WE,Federal Contract Tower,2,13,2,0,17,3,84,38,0,125,5,97,40,0,142,0,0,0,142
09/18/2021,AKN,AK,AAL,WE,Federal Contract Tower,4,5,0,0,9,0,70,42,0,112,4,75,42,0,121,0,0,0,121
09/19/2021,AKN,AK,AAL,WE,Federal Contract Tower,2,6,4,0,12,0,43,58,2,103,2,49,62,2,115,10,16,26,141
09/20/2021,AKN,AK,AAL,WE,Federal Contract Tower,2,10,0,0,12,0,49,21,0,70,2,59,21,0,82,0,0,0,82
09/21/2021,AKN,AK,AAL,WE,Federal Contract Tower,0,3,0,0,3,0,68,51,0,119,0,71,51,0,122,0,0,0,122
09/22/2021,AKN,AK,AAL,WE,Federal Contract Tower,0,7,1,0,8,0,79,27,0,106,0,86,28,0,114,0,0,0,114
09/23/2021,AKN,AK,AAL,WE,Federal Contract Tower,6,11,0,0,17,0,66,20,0,86,6,77,20,0,103,0,0,0,103
09/24/2021,AKN,AK,AAL,WE,Federal Contract Tower,4,7,0,0,11,0,80,33,0,113,4,87,33,0,124,0,0,0,124
09/25/2021,AKN,AK,AAL,WE,Federal Contract Tower,4,6,4,0,14,0,65,45,0,110,4,71,49,0,124,0,0,0,124
09/26/2021,AKN,AK,AAL,WE,Federal Contract Tower,2,3,4,0,9,0,33,23,2,58,2,36,27,2,67,0,12,12,79
09/27/2021,AKN,AK,AAL,WE,Federal Contract Tower,2,9,0,0,11,0,40,32,0,72,2,49,32,0,83,0,0,0,83
09/28/2021,AKN,AK,AAL,WE,Federal Contract Tower,4,4,0,0,8,0,43,30,0,73,4,47,30,0,81,0,0,0,81
09/29/2021,AKN,AK,AAL,WE,Federal Contract Tower,2,4,0,0,6,0,59,19,0,78,2,63,19,0,84,0,0,0,84
09/30/2021,AKN,AK,AAL,WE,Federal Contract Tower,6,14,7,0,27,0,20,6,0,26,6,34,13,0,53,0,0,0,53
10/01/2021,AKN,AK,AAL,WE,Federal Contract Tower,4,5,1,0,10,2,44,15,0,61,6,49,16,0,71,0,0,0,71
10/02/2021,AKN,AK,AAL,WE,Federal Contract Tower,6,1,2,0,9,0,13,17,0,30,6,14,19,0,39,0,0,0,39
10/03/2021,AKN,AK,AAL,WE,Federal Contract Tower,2,4,1,2,9,0,24,33,2,59,2,28,34,4,68,0,2,2,70
10/04/2021,AKN,AK,AAL,WE,Federal Contract Tower,3,3,2,1,9,0,56,13,0,69,3,59,15,1,78,0,0,0,78
10/05/2021,AKN,AK,AAL,WE,Federal Contract Tower,4,10,0,0,14,0,48,12,0,60,4,58,12,0,74,6,0,6,80
10/06/2021,AKN,AK,AAL,WE,Federal Contract Tower,2,2,0,0,4,0,44,2,0,46,2,46,2,0,50,2,0,2,52
10/07/2021,AKN,AK,AAL,WE,Federal Contract Tower,6,4,2,0,12,0,53,13,0,66,6,57,15,0,78,0,0,0,78
10/08/2021,AKN,AK,AAL,WE,Federal Contract Tower,2,8,0,0,10,0,9,3,0,12,2,17,3,0,22,0,0,0,22
10/09/2021,AKN,AK,AAL,WE,Federal Contract Tower,4,2,0,0,6,0,6,3,0,9,4,8,3,0,15,0,0,0,15
10/10/2021,AKN,AK,AAL,WE,Federal Contract Tower,2,0,1,0,3,0,28,11,0,39,2,28,12,0,42,2,0,2,44
10/11/2021,AKN,AK,AAL,WE,Federal Contract Tower,2,10,0,0,12,0,30,2,0,32,2,40,2,0,44,0,0,0,44
10/12/2021,AKN,AK,AAL,WE,Federal Contract Tower,4,4,0,4,12,0,26,6,0,32,4,30,6,4,44,0,6,6,50
10/13/2021,AKN,AK,AAL,WE,Federal Contract Tower,2,8,0,0,10,0,16,13,2,31,2,24,13,2,41,0,4,4,45
10/14/2021,AKN,AK,AAL,WE,Federal Contract Tower,6,7,2,8,23,0,52,13,0,65,6,59,15,8,88,0,0,0,88
10/15/2021,AKN,AK,AAL,WE,Federal Contract Tower,4,1,0,1,6,0,41,10,3,54,4,42,10,4,60,0,8,8,68
10/16/2021,AKN,AK,AAL,WE,Federal Contract Tower,2,3,1,0,6,0,18,7,0,25,2,21,8,0,31,0,0,0,31
10/17/2021,AKN,AK,AAL,WE,Federal Contract Tower,2,5,1,0,8,0,2,2,0,4,2,7,3,0,12,0,0,0,12
10/18/2021,AKN,AK,AAL,WE,Federal Contract Tower,4,0,0,0,4,0,36,4,0,40,4,36,4,0,44,0,0,0,44
10/19/2021,AKN,AK,AAL,WE,Federal Contract Tower,4,5,0,0,9,0,29,8,0,37,4,34,8,0,46,0,0,0,46
10/20/2021,AKN,AK,AAL,WE,Federal Contract Tower,2,9,0,4,15,0,10,5,0,15,2,19,5,4,30,0,0,0,30
10/21/2021,AKN,AK,AAL,WE,Federal Contract Tower,6,7,0,0,13,0,21,12,0,33,6,28,12,0,46,0,0,0,46
10/22/2021,AKN,AK,AAL,WE,Federal Contract Tower,4,3,2,0,9,0,32,3,0,35,4,35,5,0,44,0,0,0,44
10/23/2021,AKN,AK,AAL,WE,Federal Contract Tower,6,2,2,0,10,0,20,3,0,23,6,22,5,0,33,6,0,6,39
10/24/2021,AKN,AK,AAL,WE,Federal Contract Tower,2,5,1,0,8,0,5,4,0,9,2,10,5,0,17,0,0,0,17
10/25/2021,AKN,AK,AAL,WE,Federal Contract Tower,2,4,0,0,6,0,15,19,0,34,2,19,19,0,40,0,0,0,40
10/26/2021,AKN,AK,AAL,WE,Federal Contract Tower,3,1,0,4,8,1,16,14,0,31,4,17,14,4,39,0,0,0,39
10/27/2021,AKN,AK,AAL,WE,Federal Contract Tower,2,7,2,0,11,0,7,4,0,11,2,14,6,0,22,0,0,0,22
10/28/2021,AKN,AK,AAL,WE,Federal Contract Tower,6,9,1,0,16,0,11,0,0,11,6,20,1,0,27,0,0,0,27
10/29/2021,AKN,AK,AAL,WE,Federal Contract Tower,4,2,0,0,6,13,0,0,0,13,17,2,0,0,19,0,0,0,19
10/30/2021,AKN,AK,AAL,WE,Federal Contract Tower,2,2,0,0,4,0,2,2,0,4,2,4,2,0,8,0,0,0,8
10/31/2021,AKN,AK,AAL,WE,Federal Contract Tower,2,3,0,0,5,0,0,0,0,0,2,3,0,0,5,0,0,0,5
11/01/2021,AKN,AK,AAL,WE,Federal Contract Tower,2,0,0,0,2,0,24,2,0,26,2,24,2,0,28,6,0,6,34
11/02/2021,AKN,AK,AAL,WE,Federal Contract Tower,4,5,2,0,11,0,22,0,0,22,4,27,2,0,33,0,0,0,33
11/04/2021,AKN,AK,AAL,WE,Federal Contract Tower,6,3,0,0,9,0,0,0,0,0,6,3,0,0,9,0,0,0,9
11/05/2021,AKN,AK,AAL,WE,Federal Contract Tower,2,5,0,0,7,0,16,0,0,16,2,21,0,0,23,0,0,0,23
11/06/2021,AKN,AK,AAL,WE,Federal Contract Tower,6,2,0,1,9,0,16,0,1,17,6,18,0,2,26,4,12,16,42
11/07/2021,AKN,AK,AAL,WE,Federal Contract Tower,2,0,0,0,2,0,6,1,0,7,2,6,1,0,9,0,0,0,9
11/08/2021,AKN,AK,AAL,WE,Federal Contract Tower,2,2,0,0,4,0,21,4,0,25,2,23,4,0,29,6,0,6,35
11/09/2021,AKN,AK,AAL,WE,Federal Contract Tower,4,4,1,0,9,0,12,2,0,14,4,16,3,0,23,0,0,0,23
11/10/2021,AKN,AK,AAL,WE,Federal Contract Tower,2,1,0,0,3,0,21,0,0,21,2,22,0,0,24,0,0,0,24
11/11/2021,AKN,AK,AAL,WE,Federal Contract Tower,4,4,2,0,10,0,9,0,0,9,4,13,2,0,19,4,0,4,23
11/12/2021,AKN,AK,AAL,WE,Federal Contract Tower,4,0,0,0,4,0,12,5,0,17,4,12,5,0,21,0,0,0,21
11/13/2021,AKN,AK,AAL,WE,Federal Contract Tower,4,2,0,0,6,0,8,0,0,8,4,10,0,0,14,0,0,0,14
11/14/2021,AKN,AK,AAL,WE,Federal Contract Tower,2,2,0,0,4,0,6,1,0,7,2,8,1,0,11,0,0,0,11
11/15/2021,AKN,AK,AAL,WE,Federal Contract Tower,2,0,5,0,7,0,16,3,8,27,2,16,8,8,34,0,0,0,34
11/16/2021,AKN,AK,AAL,WE,Federal Contract Tower,4,3,1,0,8,0,17,2,0,19,4,20,3,0,27,0,0,0,27
11/17/2021,AKN,AK,AAL,WE,Federal Contract Tower,2,0,0,0,2,0,22,6,0,28,2,22,6,0,30,0,0,0,30
11/18/2021,AKN,AK,AAL,WE,Federal Contract Tower,6,3,0,0,9,0,18,5,0,23,6,21,5,0,32,0,0,0,32
11/19/2021,AKN,AK,AAL,WE,Federal Contract Tower,2,0,0,0,2,0,18,4,0,22,2,18,4,0,24,0,0,0,24
11/20/2021,AKN,AK,AAL,WE,Federal Contract Tower,2,2,0,0,4,0,9,0,0,9,2,11,0,0,13,0,0,0,13
11/21/2021,AKN,AK,AAL,WE,Federal Contract Tower,2,2,0,0,4,0,18,2,0,20,2,20,2,0,24,4,0,4,28
11/22/2021,AKN,AK,AAL,WE,Federal Contract Tower,2,0,0,0,2,0,10,4,2,16,2,10,4,2,18,0,6,6,24
11/23/2021,AKN,AK,AAL,WE,Federal Contract Tower,6,9,0,0,15,0,8,2,0,10,6,17,2,0,25,0,0,0,25
11/24/2021,AKN,AK,AAL,WE,Federal Contract Tower,2,1,0,0,3,0,16,2,2,20,2,17,2,2,23,6,0,6,29
11/25/2021,AKN,AK,AAL,WE,Federal Contract Tower,0,0,0,0,0,0,0,0,0,0,0,0,0,0,0,0,0,0,0
11/26/2021,AKN,AK,AAL,WE,Federal Contract Tower,0,3,0,0,3,0,14,2,0,16,0,17,2,0,19,2,0,2,21
11/27/2021,AKN,AK,AAL,WE,Federal Contract Tower,6,2,0,0,8,0,17,0,0,17,6,19,0,0,25,6,0,6,31
11/28/2021,AKN,AK,AAL,WE,Federal Contract Tower,2,2,0,0,4,0,0,0,0,0,2,2,0,0,4,0,0,0,4
11/29/2021,AKN,AK,AAL,WE,Federal Contract Tower,2,0,0,0,2,0,9,0,0,9,2,9,0,0,11,0,0,0,11
11/30/2021,AKN,AK,AAL,WE,Federal Contract Tower,2,11,2,0,15,0,1,0,0,1,2,12,2,0,16,0,0,0,16
12/01/2021,AKN,AK,AAL,WE,Federal Contract Tower,2,5,0,0,7,0,10,0,0,10,2,15,0,0,17,2,0,2,19
12/02/2021,AKN,AK,AAL,WE,Federal Contract Tower,6,0,0,0,6,0,7,0,6,13,6,7,0,6,19,0,14,14,33
12/03/2021,AKN,AK,AAL,WE,Federal Contract Tower,2,3,0,0,5,0,8,0,0,8,2,11,0,0,13,0,0,0,13
12/04/2021,AKN,AK,AAL,WE,Federal Contract Tower,6,4,0,0,10,0,9,1,0,10,6,13,1,0,20,0,0,0,20
12/05/2021,AKN,AK,AAL,WE,Federal Contract Tower,2,0,0,0,2,0,0,0,0,0,2,0,0,0,2,0,0,0,2
12/06/2021,AKN,AK,AAL,WE,Federal Contract Tower,2,4,0,0,6,0,0,0,0,0,2,4,0,0,6,0,0,0,6
12/07/2021,AKN,AK,AAL,WE,Federal Contract Tower,4,0,0,0,4,0,14,0,0,14,4,14,0,0,18,0,0,0,18
12/08/2021,AKN,AK,AAL,WE,Federal Contract Tower,2,2,0,0,4,0,24,1,0,25,2,26,1,0,29,0,0,0,29
12/09/2021,AKN,AK,AAL,WE,Federal Contract Tower,2,0,0,0,2,0,0,0,0,0,2,0,0,0,2,0,0,0,2
12/10/2021,AKN,AK,AAL,WE,Federal Contract Tower,2,9,0,0,11,0,2,0,0,2,2,11,0,0,13,0,0,0,13
12/11/2021,AKN,AK,AAL,WE,Federal Contract Tower,6,4,0,0,10,0,10,0,0,10,6,14,0,0,20,0,0,0,20
12/12/2021,AKN,AK,AAL,WE,Federal Contract Tower,2,0,0,0,2,0,14,0,0,14,2,14,0,0,16,0,0,0,16
12/13/2021,AKN,AK,AAL,WE,Federal Contract Tower,2,2,0,1,5,0,8,0,1,9,2,10,0,2,14,0,0,0,14
12/14/2021,AKN,AK,AAL,WE,Federal Contract Tower,4,4,0,0,8,0,14,0,0,14,4,18,0,0,22,0,0,0,22
12/15/2021,AKN,AK,AAL,WE,Federal Contract Tower,2,2,2,1,7,0,14,4,2,20,2,16,6,3,27,2,6,8,35
12/16/2021,AKN,AK,AAL,WE,Federal Contract Tower,2,2,0,0,4,0,3,0,0,3,2,5,0,0,7,0,0,0,7
12/17/2021,AKN,AK,AAL,WE,Federal Contract Tower,4,5,0,0,9,0,26,0,0,26,4,31,0,0,35,0,0,0,35
12/18/2021,AKN,AK,AAL,WE,Federal Contract Tower,2,5,0,0,7,0,7,0,0,7,2,12,0,0,14,0,0,0,14
12/19/2021,AKN,AK,AAL,WE,Federal Contract Tower,2,2,0,0,4,0,6,0,0,6,2,8,0,0,10,0,0,0,10
12/20/2021,AKN,AK,AAL,WE,Federal Contract Tower,2,7,0,0,9,0,0,0,0,0,2,7,0,0,9,0,0,0,9
12/21/2021,AKN,AK,AAL,WE,Federal Contract Tower,2,4,0,0,6,0,0,0,0,0,2,4,0,0,6,0,0,0,6
12/22/2021,AKN,AK,AAL,WE,Federal Contract Tower,2,10,0,0,12,0,0,0,0,0,2,10,0,0,12,0,0,0,12
12/23/2021,AKN,AK,AAL,WE,Federal Contract Tower,4,28,0,0,32,0,0,0,0,0,4,28,0,0,32,0,0,0,32
12/24/2021,AKN,AK,AAL,WE,Federal Contract Tower,2,2,0,0,4,0,28,0,0,28,2,30,0,0,32,0,0,0,32
12/25/2021,AKN,AK,AAL,WE,Federal Contract Tower,0,0,0,0,0,0,0,0,0,0,0,0,0,0,0,0,0,0,0
12/26/2021,AKN,AK,AAL,WE,Federal Contract Tower,2,0,0,0,2,0,4,0,0,4,2,4,0,0,6,0,0,0,6
12/27/2021,AKN,AK,AAL,WE,Federal Contract Tower,2,9,2,0,13,0,0,0,0,0,2,9,2,0,13,0,0,0,13
12/28/2021,AKN,AK,AAL,WE,Federal Contract Tower,2,8,0,0,10,0,9,0,0,9,2,17,0,0,19,0,0,0,19
12/29/2021,AKN,AK,AAL,WE,Federal Contract Tower,2,12,0,0,14,0,2,0,0,2,2,14,0,0,16,0,0,0,16
12/30/2021,AKN,AK,AAL,WE,Federal Contract Tower,0,7,0,0,7,0,5,0,0,5,0,12,0,0,12,0,0,0,12
12/31/2021,AKN,AK,AAL,WE,Federal Contract Tower,4,6,0,0,10,0,3,0,0,3,4,9,0,0,13,0,0,0,13
01/01/2022,AKN,AK,AAL,WE,Federal Contract Tower,0,0,0,0,0,0,2,0,0,2,0,2,0,0,2,0,0,0,2
01/02/2022,AKN,AK,AAL,WE,Federal Contract Tower,2,0,0,0,2,0,0,0,0,0,2,0,0,0,2,0,0,0,2
01/03/2022,AKN,AK,AAL,WE,Federal Contract Tower,2,2,0,0,4,0,10,0,0,10,2,12,0,0,14,0,0,0,14
01/04/2022,AKN,AK,AAL,WE,Federal Contract Tower,2,2,0,0,4,0,17,0,0,17,2,19,0,0,21,0,0,0,21
01/05/2022,AKN,AK,AAL,WE,Federal Contract Tower,4,0,0,0,4,0,17,1,0,18,4,17,1,0,22,0,0,0,22
01/06/2022,AKN,AK,AAL,WE,Federal Contract Tower,4,2,0,0,6,0,12,4,0,16,4,14,4,0,22,12,0,12,34
01/07/2022,AKN,AK,AAL,WE,Federal Contract Tower,4,1,0,0,5,0,15,0,2,17,4,16,0,2,22,0,4,4,26
01/08/2022,AKN,AK,AAL,WE,Federal Contract Tower,2,3,0,0,5,0,17,2,0,19,2,20,2,0,24,4,0,4,28
01/09/2022,AKN,AK,AAL,WE,Federal Contract Tower,2,0,0,0,2,0,12,0,0,12,2,12,0,0,14,0,0,0,14
01/10/2022,AKN,AK,AAL,WE,Federal Contract Tower,2,0,0,0,2,0,15,0,0,15,2,15,0,0,17,0,0,0,17
01/11/2022,AKN,AK,AAL,WE,Federal Contract Tower,2,0,0,0,2,0,12,0,2,14,2,12,0,2,16,0,14,14,30
01/12/2022,AKN,AK,AAL,WE,Federal Contract Tower,4,2,0,0,6,0,22,0,0,22,4,24,0,0,28,0,0,0,28
01/13/2022,AKN,AK,AAL,WE,Federal Contract Tower,4,2,0,0,6,0,13,0,0,13,4,15,0,0,19,0,0,0,19
01/14/2022,AKN,AK,AAL,WE,Federal Contract Tower,2,6,0,0,8,0,0,0,0,0,2,6,0,0,8,0,0,0,8
01/15/2022,AKN,AK,AAL,WE,Federal Contract Tower,2,5,2,0,9,0,7,0,0,7,2,12,2,0,16,0,0,0,16
01/16/2022,AKN,AK,AAL,WE,Federal Contract Tower,2,0,0,0,2,0,11,3,0,14,2,11,3,0,16,0,0,0,16
01/17/2022,AKN,AK,AAL,WE,Federal Contract Tower,2,0,0,0,2,0,12,1,1,14,2,12,1,1,16,0,0,0,16
01/18/2022,AKN,AK,AAL,WE,Federal Contract Tower,4,4,0,0,8,0,12,6,0,18,4,16,6,0,26,10,0,10,36
01/19/2022,AKN,AK,AAL,WE,Federal Contract Tower,2,4,0,0,6,0,2,0,0,2,2,6,0,0,8,0,0,0,8
01/20/2022,AKN,AK,AAL,WE,Federal Contract Tower,4,3,0,0,7,0,2,0,0,2,4,5,0,0,9,0,0,0,9
01/21/2022,AKN,AK,AAL,WE,Federal Contract Tower,2,4,0,0,6,0,3,0,0,3,2,7,0,0,9,0,0,0,9
01/22/2022,AKN,AK,AAL,WE,Federal Contract Tower,2,7,0,0,9,0,0,0,0,0,2,7,0,0,9,0,0,0,9
01/23/2022,AKN,AK,AAL,WE,Federal Contract Tower,2,6,0,0,8,0,10,0,0,10,2,16,0,0,18,0,0,0,18
01/24/2022,AKN,AK,AAL,WE,Federal Contract Tower,2,9,0,0,11,0,0,0,0,0,2,9,0,0,11,0,0,0,11
01/25/2022,AKN,AK,AAL,WE,Federal Contract Tower,4,4,0,1,9,0,16,1,1,18,4,20,1,2,27,0,16,16,43
01/26/2022,AKN,AK,AAL,WE,Federal Contract Tower,2,0,0,0,2,0,14,0,0,14,2,14,0,0,16,0,0,0,16
01/27/2022,AKN,AK,AAL,WE,Federal Contract Tower,6,2,0,2,10,0,14,0,0,14,6,16,0,2,24,0,16,16,40
01/28/2022,AKN,AK,AAL,WE,Federal Contract Tower,4,5,0,0,9,0,16,0,0,16,4,21,0,0,25,0,0,0,25
01/29/2022,AKN,AK,AAL,WE,Federal Contract Tower,4,0,0,0,4,0,14,2,0,16,4,14,2,0,20,0,0,0,20
01/30/2022,AKN,AK,AAL,WE,Federal Contract Tower,2,0,0,0,2,0,14,5,2,21,2,14,5,2,23,0,16,16,39
01/31/2022,AKN,AK,AAL,WE,Federal Contract Tower,2,3,0,0,5,0,13,2,0,15,2,16,2,0,20,0,0,0,20
02/01/2022,AKN,AK,AAL,WE,Federal Contract Tower,2,1,0,0,3,0,2,0,0,2,2,3,0,0,5,0,0,0,5
02/02/2022,AKN,AK,AAL,WE,Federal Contract Tower,2,2,0,1,5,0,9,0,1,10,2,11,0,2,15,0,14,14,29
02/03/2022,AKN,AK,AAL,WE,Federal Contract Tower,2,3,0,0,5,0,1,0,0,1,2,4,0,0,6,0,0,0,6
02/04/2022,AKN,AK,AAL,WE,Federal Contract Tower,4,1,0,0,5,0,13,0,0,13,4,14,0,0,18,0,0,0,18
02/05/2022,AKN,AK,AAL,WE,Federal Contract Tower,6,10,0,0,16,0,0,0,0,0,6,10,0,0,16,0,0,0,16
02/06/2022,AKN,AK,AAL,WE,Federal Contract Tower,2,6,0,0,8,0,1,0,0,1,2,7,0,0,9,0,0,0,9
02/07/2022,AKN,AK,AAL,WE,Federal Contract Tower,2,2,0,0,4,0,8,2,0,10,2,10,2,0,14,0,0,0,14
02/08/2022,AKN,AK,AAL,WE,Federal Contract Tower,4,0,0,0,4,0,14,0,0,14,4,14,0,0,18,0,0,0,18
02/09/2022,AKN,AK,AAL,WE,Federal Contract Tower,2,2,0,0,4,0,18,2,0,20,2,20,2,0,24,0,0,0,24
02/10/2022,AKN,AK,AAL,WE,Federal Contract Tower,6,6,0,0,12,0,18,2,0,20,6,24,2,0,32,0,0,0,32
02/11/2022,AKN,AK,AAL,WE,Federal Contract Tower,2,1,0,0,3,0,14,0,0,14,2,15,0,0,17,0,0,0,17
02/12/2022,AKN,AK,AAL,WE,Federal Contract Tower,4,4,0,0,8,0,14,0,0,14,4,18,0,0,22,2,0,2,24
02/13/2022,AKN,AK,AAL,WE,Federal Contract Tower,2,0,0,0,2,0,2,0,0,2,2,2,0,0,4,0,0,0,4
02/14/2022,AKN,AK,AAL,WE,Federal Contract Tower,2,6,0,0,8,0,4,0,0,4,2,10,0,0,12,0,0,0,12
02/15/2022,AKN,AK,AAL,WE,Federal Contract Tower,3,4,0,0,7,0,4,0,0,4,3,8,0,0,11,0,0,0,11
02/16/2022,AKN,AK,AAL,WE,Federal Contract Tower,2,9,0,0,11,0,1,0,0,1,2,10,0,0,12,0,0,0,12
02/17/2022,AKN,AK,AAL,WE,Federal Contract Tower,7,7,2,0,16,0,8,0,0,8,7,15,2,0,24,8,0,8,32
02/18/2022,AKN,AK,AAL,WE,Federal Contract Tower,3,5,0,0,8,0,4,0,0,4,3,9,0,0,12,2,0,2,14
02/19/2022,AKN,AK,AAL,WE,Federal Contract Tower,2,5,2,0,9,0,1,0,0,1,2,6,2,0,10,0,0,0,10
02/20/2022,AKN,AK,AAL,WE,Federal Contract Tower,2,1,2,0,5,0,12,4,0,16,2,13,6,0,21,8,0,8,29
02/21/2022,AKN,AK,AAL,WE,Federal Contract Tower,2,3,0,0,5,0,7,0,0,7,2,10,0,0,12,0,0,0,12
02/22/2022,AKN,AK,AAL,WE,Federal Contract Tower,6,2,0,0,8,0,20,5,0,25,6,22,5,0,33,12,0,12,45
02/23/2022,AKN,AK,AAL,WE,Federal Contract Tower,2,2,0,0,4,0,6,0,0,6,2,8,0,0,10,0,0,0,10
02/24/2022,AKN,AK,AAL,WE,Federal Contract Tower,2,4,0,0,6,0,28,4,0,32,2,32,4,0,38,0,0,0,38
02/25/2022,AKN,AK,AAL,WE,Federal Contract Tower,0,1,0,0,1,0,9,0,0,9,0,10,0,0,10,0,0,0,10
02/26/2022,AKN,AK,AAL,WE,Federal Contract Tower,4,1,0,0,5,0,21,1,0,22,4,22,1,0,27,0,0,0,27
02/27/2022,AKN,AK,AAL,WE,Federal Contract Tower,2,0,0,0,2,0,6,6,0,12,2,6,6,0,14,2,0,2,16
02/28/2022,AKN,AK,AAL,WE,Federal Contract Tower,2,1,0,0,3,0,14,1,2,17,2,15,1,2,20,0,0,0,20
03/01/2022,AKN,AK,AAL,WE,Federal Contract Tower,4,0,0,2,6,0,19,3,0,22,4,19,3,2,28,0,0,0,28
03/02/2022,AKN,AK,AAL,WE,Federal Contract Tower,2,2,0,0,4,0,16,1,0,17,2,18,1,0,21,0,0,0,21
03/03/2022,AKN,AK,AAL,WE,Federal Contract Tower,4,3,0,0,7,0,16,0,0,16,4,19,0,0,23,4,0,4,27
03/04/2022,AKN,AK,AAL,WE,Federal Contract Tower,4,1,0,0,5,0,19,0,2,21,4,20,0,2,26,0,0,0,26
03/05/2022,AKN,AK,AAL,WE,Federal Contract Tower,2,2,0,0,4,0,12,1,0,13,2,14,1,0,17,0,0,0,17
03/06/2022,AKN,AK,AAL,WE,Federal Contract Tower,2,0,0,0,2,0,8,10,0,18,2,8,10,0,20,6,0,6,26
03/07/2022,AKN,AK,AAL,WE,Federal Contract Tower,2,0,0,0,2,0,4,0,0,4,2,4,0,0,6,0,0,0,6
03/08/2022,AKN,AK,AAL,WE,Federal Contract Tower,6,1,0,0,7,0,20,7,0,27,6,21,7,0,34,6,0,6,40
03/09/2022,AKN,AK,AAL,WE,Federal Contract Tower,2,3,1,0,6,0,33,0,0,33,2,36,1,0,39,0,0,0,39
03/10/2022,AKN,AK,AAL,WE,Federal Contract Tower,4,3,0,1,8,0,14,0,3,17,4,17,0,4,25,2,12,14,39
03/11/2022,AKN,AK,AAL,WE,Federal Contract Tower,4,0,0,0,4,0,17,0,0,17,4,17,0,0,21,0,0,0,21
03/12/2022,AKN,AK,AAL,WE,Federal Contract Tower,6,4,0,0,10,0,26,2,0,28,6,30,2,0,38,0,0,0,38
03/13/2022,AKN,AK,AAL,WE,Federal Contract Tower,2,0,0,2,4,0,16,2,0,18,2,16,2,2,22,0,0,0,22
03/14/2022,AKN,AK,AAL,WE,Federal Contract Tower,2,0,0,0,2,0,16,9,1,26,2,16,9,1,28,0,6,6,34
03/15/2022,AKN,AK,AAL,WE,Federal Contract Tower,2,0,1,0,3,0,20,8,0,28,2,20,9,0,31,0,0,0,31
03/16/2022,AKN,AK,AAL,WE,Federal Contract Tower,2,11,0,0,13,0,0,0,0,0,2,11,0,0,13,0,0,0,13
03/17/2022,AKN,AK,AAL,WE,Federal Contract Tower,2,5,0,0,7,0,23,2,4,29,2,28,2,4,36,0,4,4,40
03/18/2022,AKN,AK,AAL,WE,Federal Contract Tower,4,0,0,0,4,0,25,0,0,25,4,25,0,0,29,0,0,0,29
03/19/2022,AKN,AK,AAL,WE,Federal Contract Tower,4,0,0,0,4,0,11,0,0,11,4,11,0,0,15,0,0,0,15
03/20/2022,AKN,AK,AAL,WE,Federal Contract Tower,0,0,0,0,0,0,24,0,0,24,0,24,0,0,24,0,0,0,24
03/21/2022,AKN,AK,AAL,WE,Federal Contract Tower,2,0,0,0,2,0,23,0,4,27,2,23,0,4,29,0,18,18,47
03/22/2022,AKN,AK,AAL,WE,Federal Contract Tower,4,1,0,1,6,0,17,4,1,22,4,18,4,2,28,0,20,20,48
03/23/2022,AKN,AK,AAL,WE,Federal Contract Tower,2,9,0,2,13,0,15,0,0,15,2,24,0,2,28,0,0,0,28
03/24/2022,AKN,AK,AAL,WE,Federal Contract Tower,2,9,0,2,13,0,1,0,0,1,2,10,0,2,14,0,0,0,14
03/25/2022,AKN,AK,AAL,WE,Federal Contract Tower,4,19,0,0,23,0,2,0,0,2,4,21,0,0,25,0,0,0,25
03/26/2022,AKN,AK,AAL,WE,Federal Contract Tower,6,3,0,0,9,0,8,0,0,8,6,11,0,0,17,0,0,0,17
03/27/2022,AKN,AK,AAL,WE,Federal Contract Tower,0,0,0,0,0,0,0,0,0,0,0,0,0,0,0,0,0,0,0
03/28/2022,AKN,AK,AAL,WE,Federal Contract Tower,2,0,0,3,5,0,15,2,1,18,2,15,2,4,23,0,22,22,45
03/29/2022,AKN,AK,AAL,WE,Federal Contract Tower,4,1,0,0,5,0,15,5,2,22,4,16,5,2,27,4,10,14,41
03/30/2022,AKN,AK,AAL,WE,Federal Contract Tower,2,1,0,0,3,0,18,9,0,27,2,19,9,0,30,6,0,6,36
03/31/2022,AKN,AK,AAL,WE,Federal Contract Tower,4,4,0,0,8,0,5,0,0,5,4,9,0,0,13,0,0,0,13
04/01/2022,AKN,AK,AAL,WE,Federal Contract Tower,2,1,0,0,3,0,17,3,0,20,2,18,3,0,23,6,0,6,29
04/02/2022,AKN,AK,AAL,WE,Federal Contract Tower,6,3,0,0,9,0,10,0,0,10,6,13,0,0,19,0,0,0,19
04/03/2022,AKN,AK,AAL,WE,Federal Contract Tower,2,0,0,0,2,0,7,0,0,7,2,7,0,0,9,0,0,0,9
04/04/2022,AKN,AK,AAL,WE,Federal Contract Tower,2,5,2,4,13,0,15,2,0,17,2,20,4,4,30,0,0,0,30
04/05/2022,AKN,AK,AAL,WE,Federal Contract Tower,4,5,0,0,9,0,16,0,0,16,4,21,0,0,25,0,0,0,25
04/06/2022,AKN,AK,AAL,WE,Federal Contract Tower,2,1,0,0,3,0,16,8,0,24,2,17,8,0,27,0,0,0,27
04/07/2022,AKN,AK,AAL,WE,Federal Contract Tower,6,10,0,0,16,0,4,0,0,4,6,14,0,0,20,0,0,0,20
04/08/2022,AKN,AK,AAL,WE,Federal Contract Tower,4,1,1,0,6,0,16,7,0,23,4,17,8,0,29,0,0,0,29
04/09/2022,AKN,AK,AAL,WE,Federal Contract Tower,6,0,0,0,6,0,9,1,0,10,6,9,1,0,16,0,0,0,16
04/10/2022,AKN,AK,AAL,WE,Federal Contract Tower,0,3,0,0,3,0,14,6,0,20,0,17,6,0,23,6,0,6,29
04/11/2022,AKN,AK,AAL,WE,Federal Contract Tower,2,7,0,0,9,0,14,6,0,20,2,21,6,0,29,0,0,0,29
04/12/2022,AKN,AK,AAL,WE,Federal Contract Tower,4,1,0,0,5,0,18,3,4,25,4,19,3,4,30,0,12,12,42
04/13/2022,AKN,AK,AAL,WE,Federal Contract Tower,2,2,0,0,4,0,25,5,0,30,2,27,5,0,34,4,0,4,38
04/14/2022,AKN,AK,AAL,WE,Federal Contract Tower,6,7,1,0,14,0,21,1,0,22,6,28,2,0,36,0,0,0,36
04/15/2022,AKN,AK,AAL,WE,Federal Contract Tower,4,6,0,0,10,0,25,6,0,31,4,31,6,0,41,0,0,0,41
04/16/2022,AKN,AK,AAL,WE,Federal Contract Tower,2,2,0,0,4,0,11,4,0,15,2,13,4,0,19,0,0,0,19
04/17/2022,AKN,AK,AAL,WE,Federal Contract Tower,2,0,0,0,2,0,7,5,0,12,2,7,5,0,14,2,0,2,16
04/18/2022,AKN,AK,AAL,WE,Federal Contract Tower,3,4,1,1,9,1,23,16,1,41,4,27,17,2,50,0,0,0,50
04/19/2022,AKN,AK,AAL,WE,Federal Contract Tower,4,1,0,0,5,0,17,10,0,27,4,18,10,0,32,2,0,2,34
04/20/2022,AKN,AK,AAL,WE,Federal Contract Tower,2,1,0,0,3,0,24,13,0,37,2,25,13,0,40,4,0,4,44
04/21/2022,AKN,AK,AAL,WE,Federal Contract Tower,6,2,0,0,8,0,8,4,0,12,6,10,4,0,20,0,0,0,20
04/22/2022,AKN,AK,AAL,WE,Federal Contract Tower,6,2,3,0,11,0,13,3,0,16,6,15,6,0,27,0,0,0,27
04/23/2022,AKN,AK,AAL,WE,Federal Contract Tower,4,2,0,1,7,0,11,5,1,17,4,13,5,2,24,0,4,4,28
04/24/2022,AKN,AK,AAL,WE,Federal Contract Tower,2,5,0,0,7,0,11,3,0,14,2,16,3,0,21,0,0,0,21
04/25/2022,AKN,AK,AAL,WE,Federal Contract Tower,2,12,0,0,14,0,18,1,0,19,2,30,1,0,33,0,0,0,33
04/26/2022,AKN,AK,AAL,WE,Federal Contract Tower,4,0,1,0,5,0,16,9,0,25,4,16,10,0,30,0,0,0,30
04/27/2022,AKN,AK,AAL,WE,Federal Contract Tower,2,3,0,0,5,0,24,12,0,36,2,27,12,0,41,0,0,0,41
04/28/2022,AKN,AK,AAL,WE,Federal Contract Tower,6,1,0,0,7,0,20,2,2,24,6,21,2,2,31,0,0,0,31
04/29/2022,AKN,AK,AAL,WE,Federal Contract Tower,4,4,0,0,8,0,18,0,0,18,4,22,0,0,26,0,0,0,26
04/30/2022,AKN,AK,AAL,WE,Federal Contract Tower,6,2,0,0,8,0,12,0,0,12,6,14,0,0,20,0,0,0,20
05/01/2022,AKN,AK,AAL,WE,Federal Contract Tower,2,0,0,0,2,0,14,10,0,24,2,14,10,0,26,0,0,0,26
05/02/2022,AKN,AK,AAL,WE,Federal Contract Tower,2,3,0,0,5,0,27,14,0,41,2,30,14,0,46,6,0,6,52
05/03/2022,AKN,AK,AAL,WE,Federal Contract Tower,4,2,0,0,6,0,26,12,0,38,4,28,12,0,44,0,0,0,44
05/04/2022,AKN,AK,AAL,WE,Federal Contract Tower,2,8,3,0,13,0,18,8,0,26,2,26,11,0,39,6,0,6,45
05/05/2022,AKN,AK,AAL,WE,Federal Contract Tower,6,5,0,0,11,0,28,26,0,54,6,33,26,0,65,0,0,0,65
05/06/2022,AKN,AK,AAL,WE,Federal Contract Tower,4,7,0,0,11,0,22,16,0,38,4,29,16,0,49,0,0,0,49
05/07/2022,AKN,AK,AAL,WE,Federal Contract Tower,4,9,1,0,14,0,23,11,0,34,4,32,12,0,48,0,0,0,48
05/08/2022,AKN,AK,AAL,WE,Federal Contract Tower,2,2,0,0,4,0,31,5,0,36,2,33,5,0,40,0,0,0,40
05/09/2022,AKN,AK,AAL,WE,Federal Contract Tower,2,4,0,0,6,0,31,0,0,31,2,35,0,0,37,0,0,0,37
05/10/2022,AKN,AK,AAL,WE,Federal Contract Tower,6,1,0,0,7,0,34,5,2,41,6,35,5,2,48,0,2,2,50
05/11/2022,AKN,AK,AAL,WE,Federal Contract Tower,2,7,2,0,11,0,37,6,0,43,2,44,8,0,54,6,0,6,60
05/12/2022,AKN,AK,AAL,WE,Federal Contract Tower,4,8,3,0,15,0,33,9,0,42,4,41,12,0,57,2,0,2,59
05/13/2022,AKN,AK,AAL,WE,Federal Contract Tower,4,8,0,0,12,0,18,17,0,35,4,26,17,0,47,0,0,0,47
05/14/2022,AKN,AK,AAL,WE,Federal Contract Tower,6,2,0,0,8,0,25,4,0,29,6,27,4,0,37,0,0,0,37
05/15/2022,AKN,AK,AAL,WE,Federal Contract Tower,2,1,0,0,3,0,46,25,0,71,2,47,25,0,74,0,0,0,74
05/16/2022,AKN,AK,AAL,WE,Federal Contract Tower,2,4,2,0,8,0,47,7,0,54,2,51,9,0,62,0,0,0,62
05/17/2022,AKN,AK,AAL,WE,Federal Contract Tower,3,1,0,0,4,1,40,21,0,62,4,41,21,0,66,0,0,0,66
05/18/2022,AKN,AK,AAL,WE,Federal Contract Tower,3,5,0,0,8,0,33,11,2,46,3,38,11,2,54,6,0,6,60
05/19/2022,AKN,AK,AAL,WE,Federal Contract Tower,6,3,0,0,9,0,45,12,0,57,6,48,12,0,66,2,0,2,68
05/20/2022,AKN,AK,AAL,WE,Federal Contract Tower,2,4,0,0,6,0,37,9,0,46,2,41,9,0,52,0,0,0,52
05/21/2022,AKN,AK,AAL,WE,Federal Contract Tower,6,0,2,0,8,0,16,0,0,16,6,16,2,0,24,0,0,0,24
05/22/2022,AKN,AK,AAL,WE,Federal Contract Tower,2,5,1,0,8,0,30,9,0,39,2,35,10,0,47,0,0,0,47
05/23/2022,AKN,AK,AAL,WE,Federal Contract Tower,0,6,0,1,7,0,50,27,5,82,0,56,27,6,89,0,28,28,117
05/24/2022,AKN,AK,AAL,WE,Federal Contract Tower,4,7,0,0,11,0,36,20,2,58,4,43,20,2,69,8,0,8,77
05/25/2022,AKN,AK,AAL,WE,Federal Contract Tower,2,6,0,0,8,0,45,17,2,64,2,51,17,2,72,4,4,8,80
05/26/2022,AKN,AK,AAL,WE,Federal Contract Tower,6,5,2,0,13,0,43,26,0,69,6,48,28,0,82,2,0,2,84
05/27/2022,AKN,AK,AAL,WE,Federal Contract Tower,1,6,0,0,7,1,39,37,0,77,2,45,37,0,84,0,0,0,84
05/28/2022,AKN,AK,AAL,WE,Federal Contract Tower,5,1,0,0,6,0,26,25,0,51,5,27,25,0,57,0,0,0,57
05/29/2022,AKN,AK,AAL,WE,Federal Contract Tower,2,6,0,0,8,0,20,23,0,43,2,26,23,0,51,4,0,4,55
05/30/2022,AKN,AK,AAL,WE,Federal Contract Tower,2,7,0,0,9,0,38,22,0,60,2,45,22,0,69,0,0,0,69
05/31/2022,AKN,AK,AAL,WE,Federal Contract Tower,4,5,0,0,9,0,38,27,0,65,4,43,27,0,74,0,0,0,74
06/01/2022,AKN,AK,AAL,WE,Federal Contract Tower,2,11,2,0,15,0,63,17,0,80,2,74,19,0,95,2,0,2,97
06/02/2022,AKN,AK,AAL,WE,Federal Contract Tower,4,7,1,0,12,0,38,18,0,56,4,45,19,0,68,0,0,0,68
06/03/2022,AKN,AK,AAL,WE,Federal Contract Tower,2,10,0,0,12,0,44,27,0,71,2,54,27,0,83,0,0,0,83
06/04/2022,AKN,AK,AAL,WE,Federal Contract Tower,8,8,1,0,17,0,43,33,0,76,8,51,34,0,93,0,0,0,93
06/05/2022,AKN,AK,AAL,WE,Federal Contract Tower,2,25,20,0,47,0,47,27,0,74,2,72,47,0,121,4,0,4,125
06/06/2022,AKN,AK,AAL,WE,Federal Contract Tower,2,15,3,0,20,0,58,30,2,90,2,73,33,2,110,0,8,8,118
06/07/2022,AKN,AK,AAL,WE,Federal Contract Tower,2,15,1,1,19,0,77,25,1,103,2,92,26,2,122,2,10,12,134
06/08/2022,AKN,AK,AAL,WE,Federal Contract Tower,3,16,0,0,19,0,74,32,2,108,3,90,32,2,127,0,2,2,129
06/09/2022,AKN,AK,AAL,WE,Federal Contract Tower,8,41,6,0,55,0,21,24,0,45,8,62,30,0,100,0,0,0,100
06/10/2022,AKN,AK,AAL,WE,Federal Contract Tower,2,44,22,0,68,0,21,23,0,44,2,65,45,0,112,0,0,0,112
06/11/2022,AKN,AK,AAL,WE,Federal Contract Tower,6,25,1,0,32,0,77,32,0,109,6,102,33,0,141,0,0,0,141
06/12/2022,AKN,AK,AAL,WE,Federal Contract Tower,2,21,7,0,30,0,62,52,0,114,2,83,59,0,144,0,0,0,144
06/13/2022,AKN,AK,AAL,WE,Federal Contract Tower,2,33,1,0,36,0,77,39,0,116,2,110,40,0,152,2,0,2,154
06/14/2022,AKN,AK,AAL,WE,Federal Contract Tower,6,32,1,0,39,0,89,41,0,130,6,121,42,0,169,4,0,4,173
06/15/2022,AKN,AK,AAL,WE,Federal Contract Tower,4,25,2,0,31,0,119,67,0,186,4,144,69,0,217,2,0,2,219
06/16/2022,AKN,AK,AAL,WE,Federal Contract Tower,8,19,2,0,29,0,117,67,2,186,8,136,69,2,215,4,0,4,219
06/17/2022,AKN,AK,AAL,WE,Federal Contract Tower,6,26,4,0,36,0,100,45,0,145,6,126,49,0,181,0,0,0,181
06/18/2022,AKN,AK,AAL,WE,Federal Contract Tower,10,13,2,0,25,0,107,56,0,163,10,120,58,0,188,0,0,0,188
06/19/2022,AKN,AK,AAL,WE,Federal Contract Tower,10,36,3,0,49,0,117,55,0,172,10,153,58,0,221,2,0,2,223
06/20/2022,AKN,AK,AAL,WE,Federal Contract Tower,4,30,12,0,46,0,71,39,0,110,4,101,51,0,156,0,0,0,156
06/21/2022,AKN,AK,AAL,WE,Federal Contract Tower,6,59,6,2,73,0,66,22,0,88,6,125,28,2,161,6,0,6,167
06/22/2022,AKN,AK,AAL,WE,Federal Contract Tower,8,30,1,0,39,2,102,46,0,150,10,132,47,0,189,0,0,0,189
06/23/2022,AKN,AK,AAL,WE,Federal Contract Tower,8,53,8,0,69,0,71,48,2,121,8,124,56,2,190,0,0,0,190
06/24/2022,AKN,AK,AAL,WE,Federal Contract Tower,8,19,0,0,27,1,95,64,0,160,9,114,64,0,187,0,0,0,187
06/25/2022,AKN,AK,AAL,WE,Federal Contract Tower,14,15,4,0,33,2,124,42,0,168,16,139,46,0,201,2,0,2,203
06/26/2022,AKN,AK,AAL,WE,Federal Contract Tower,8,19,2,0,29,0,74,45,0,119,8,93,47,0,148,6,0,6,154
06/27/2022,AKN,AK,AAL,WE,Federal Contract Tower,13,21,4,0,38,0,71,58,0,129,13,92,62,0,167,4,0,4,171
06/28/2022,AKN,AK,AAL,WE,Federal Contract Tower,12,11,2,0,25,0,108,50,0,158,12,119,52,0,183,2,0,2,185
06/29/2022,AKN,AK,AAL,WE,Federal Contract Tower,10,14,5,0,29,0,111,43,0,154,10,125,48,0,183,2,0,2,185
06/30/2022,AKN,AK,AAL,WE,Federal Contract Tower,10,14,5,0,29,0,103,50,0,153,10,117,55,0,182,0,0,0,182
07/01/2022,AKN,AK,AAL,WE,Federal Contract Tower,15,41,12,0,68,0,108,39,0,147,15,149,51,0,215,6,0,6,221
07/02/2022,AKN,AK,AAL,WE,Federal Contract Tower,32,19,7,0,58,1,117,23,0,141,33,136,30,0,199,0,0,0,199
07/03/2022,AKN,AK,AAL,WE,Federal Contract Tower,23,25,2,0,50,0,98,40,0,138,23,123,42,0,188,5,0,5,193
07/04/2022,AKN,AK,AAL,WE,Federal Contract Tower,26,43,9,0,78,0,82,38,0,120,26,125,47,0,198,0,0,0,198
07/05/2022,AKN,AK,AAL,WE,Federal Contract Tower,31,37,9,0,77,0,54,30,0,84,31,91,39,0,161,0,0,0,161
07/06/2022,AKN,AK,AAL,WE,Federal Contract Tower,29,33,2,0,64,0,107,17,0,124,29,140,19,0,188,2,0,2,190
07/07/2022,AKN,AK,AAL,WE,Federal Contract Tower,31,103,17,0,151,0,34,8,0,42,31,137,25,0,193,0,0,0,193
07/08/2022,AKN,AK,AAL,WE,Federal Contract Tower,27,21,3,0,51,1,108,57,0,166,28,129,60,0,217,0,0,0,217
07/09/2022,AKN,AK,AAL,WE,Federal Contract Tower,31,19,4,0,54,3,134,45,0,182,34,153,49,0,236,0,0,0,236
07/10/2022,AKN,AK,AAL,WE,Federal Contract Tower,26,19,10,0,55,0,120,51,0,171,26,139,61,0,226,0,0,0,226
07/11/2022,AKN,AK,AAL,WE,Federal Contract Tower,32,33,9,4,78,1,90,34,0,125,33,123,43,4,203,0,0,0,203
07/12/2022,AKN,AK,AAL,WE,Federal Contract Tower,21,12,2,0,35,0,70,36,0,106,21,82,38,0,141,0,0,0,141
07/13/2022,AKN,AK,AAL,WE,Federal Contract Tower,22,47,13,0,82,4,136,44,0,184,26,183,57,0,266,0,0,0,266
07/14/2022,AKN,AK,AAL,WE,Federal Contract Tower,15,55,15,0,85,0,53,26,0,79,15,108,41,0,164,0,0,0,164
07/15/2022,AKN,AK,AAL,WE,Federal Contract Tower,16,77,24,0,117,0,45,26,0,71,16,122,50,0,188,6,0,6,194
07/16/2022,AKN,AK,AAL,WE,Federal Contract Tower,18,64,24,0,106,0,22,10,0,32,18,86,34,0,138,0,0,0,138
07/17/2022,AKN,AK,AAL,WE,Federal Contract Tower,15,32,18,0,65,0,92,46,0,138,15,124,64,0,203,0,0,0,203
07/18/2022,AKN,AK,AAL,WE,Federal Contract Tower,13,49,31,0,93,0,36,12,0,48,13,85,43,0,141,0,0,0,141
07/19/2022,AKN,AK,AAL,WE,Federal Contract Tower,9,60,4,2,75,0,108,19,0,127,9,168,23,2,202,0,0,0,202
07/20/2022,AKN,AK,AAL,WE,Federal Contract Tower,7,43,12,2,64,0,129,24,0,153,7,172,36,2,217,0,2,2,219
07/21/2022,AKN,AK,AAL,WE,Federal Contract Tower,9,63,21,0,93,0,86,29,0,115,9,149,50,0,208,0,0,0,208
07/22/2022,AKN,AK,AAL,WE,Federal Contract Tower,5,37,4,0,46,0,165,42,0,207,5,202,46,0,253,0,0,0,253
07/23/2022,AKN,AK,AAL,WE,Federal Contract Tower,12,26,4,0,42,1,171,56,0,228,13,197,60,0,270,0,0,0,270
07/24/2022,AKN,AK,AAL,WE,Federal Contract Tower,7,29,13,0,49,0,151,56,0,207,7,180,69,0,256,0,0,0,256
07/25/2022,AKN,AK,AAL,WE,Federal Contract Tower,4,40,19,0,63,0,59,22,0,81,4,99,41,0,144,0,0,0,144
07/26/2022,AKN,AK,AAL,WE,Federal Contract Tower,6,29,3,0,38,0,164,48,0,212,6,193,51,0,250,6,0,6,256
07/27/2022,AKN,AK,AAL,WE,Federal Contract Tower,4,20,1,0,25,0,161,59,0,220,4,181,60,0,245,2,0,2,247
07/28/2022,AKN,AK,AAL,WE,Federal Contract Tower,14,21,5,0,40,0,144,55,0,199,14,165,60,0,239,0,0,0,239
07/29/2022,AKN,AK,AAL,WE,Federal Contract Tower,10,13,2,0,25,0,139,54,0,193,10,152,56,0,218,0,0,0,218
07/30/2022,AKN,AK,AAL,WE,Federal Contract Tower,14,57,12,0,83,0,51,27,0,78,14,108,39,0,161,0,0,0,161
07/31/2022,AKN,AK,AAL,WE,Federal Contract Tower,6,25,10,0,41,0,100,55,0,155,6,125,65,0,196,12,0,12,208
08/01/2022,AKN,AK,AAL,WE,Federal Contract Tower,6,28,10,2,46,0,96,38,4,138,6,124,48,6,184,0,8,8,192
08/02/2022,AKN,AK,AAL,WE,Federal Contract Tower,6,16,1,0,23,0,79,36,0,115,6,95,37,0,138,0,0,0,138
08/03/2022,AKN,AK,AAL,WE,Federal Contract Tower,8,78,22,0,108,0,60,19,0,79,8,138,41,0,187,0,0,0,187
08/04/2022,AKN,AK,AAL,WE,Federal Contract Tower,10,33,13,0,56,0,73,35,0,108,10,106,48,0,164,0,0,0,164
08/05/2022,AKN,AK,AAL,WE,Federal Contract Tower,8,25,7,0,40,0,87,39,0,126,8,112,46,0,166,0,0,0,166
08/06/2022,AKN,AK,AAL,WE,Federal Contract Tower,10,22,3,0,35,0,92,52,0,144,10,114,55,0,179,0,0,0,179
08/07/2022,AKN,AK,AAL,WE,Federal Contract Tower,6,71,16,0,93,0,22,12,0,34,6,93,28,0,127,0,0,0,127
08/08/2022,AKN,AK,AAL,WE,Federal Contract Tower,4,69,26,0,99,0,2,0,0,2,4,71,26,0,101,0,0,0,101
08/09/2022,AKN,AK,AAL,WE,Federal Contract Tower,7,14,3,0,24,0,82,50,0,132,7,96,53,0,156,0,0,0,156
08/10/2022,AKN,AK,AAL,WE,Federal Contract Tower,7,14,0,0,21,0,142,37,2,181,7,156,37,2,202,0,4,4,206
08/11/2022,AKN,AK,AAL,WE,Federal Contract Tower,6,8,3,1,18,0,86,41,1,128,6,94,44,2,146,2,10,12,158
08/12/2022,AKN,AK,AAL,WE,Federal Contract Tower,14,10,10,0,34,0,89,28,0,117,14,99,38,0,151,0,0,0,151
08/13/2022,AKN,AK,AAL,WE,Federal Contract Tower,4,26,4,0,34,0,50,17,0,67,4,76,21,0,101,0,0,0,101
08/14/2022,AKN,AK,AAL,WE,Federal Contract Tower,4,22,10,0,36,0,61,13,0,74,4,83,23,0,110,0,0,0,110
08/15/2022,AKN,AK,AAL,WE,Federal Contract Tower,8,29,5,2,44,0,66,38,0,104,8,95,43,2,148,4,0,4,152
08/16/2022,AKN,AK,AAL,WE,Federal Contract Tower,8,12,3,0,23,0,86,35,0,121,8,98,38,0,144,4,0,4,148
08/17/2022,AKN,AK,AAL,WE,Federal Contract Tower,4,15,3,0,22,0,85,29,0,114,4,100,32,0,136,0,0,0,136
08/18/2022,AKN,AK,AAL,WE,Federal Contract Tower,10,7,0,3,20,0,103,35,1,139,10,110,35,4,159,2,12,14,173
08/19/2022,AKN,AK,AAL,WE,Federal Contract Tower,6,27,9,0,42,0,54,19,0,73,6,81,28,0,115,0,0,0,115
08/20/2022,AKN,AK,AAL,WE,Federal Contract Tower,6,4,3,1,14,0,76,13,1,90,6,80,16,2,104,0,14,14,118
08/21/2022,AKN,AK,AAL,WE,Federal Contract Tower,3,8,7,0,18,0,82,13,0,95,3,90,20,0,113,0,0,0,113
08/22/2022,AKN,AK,AAL,WE,Federal Contract Tower,4,5,0,0,9,0,87,42,0,129,4,92,42,0,138,0,0,0,138
08/23/2022,AKN,AK,AAL,WE,Federal Contract Tower,2,8,1,0,11,0,93,46,0,139,2,101,47,0,150,0,0,0,150
08/24/2022,AKN,AK,AAL,WE,Federal Contract Tower,4,5,4,0,13,0,116,45,2,163,4,121,49,2,176,6,10,16,192
08/25/2022,AKN,AK,AAL,WE,Federal Contract Tower,9,9,6,0,24,0,85,32,0,117,9,94,38,0,141,0,0,0,141
08/26/2022,AKN,AK,AAL,WE,Federal Contract Tower,4,57,13,0,74,0,43,10,0,53,4,100,23,0,127,0,0,0,127
08/27/2022,AKN,AK,AAL,WE,Federal Contract Tower,6,20,6,4,36,0,64,22,0,86,6,84,28,4,122,0,0,0,122
08/28/2022,AKN,AK,AAL,WE,Federal Contract Tower,3,8,6,4,21,0,76,25,0,101,3,84,31,4,122,0,0,0,122
08/29/2022,AKN,AK,AAL,WE,Federal Contract Tower,4,9,2,0,15,0,97,40,0,137,4,106,42,0,152,0,0,0,152
08/30/2022,AKN,AK,AAL,WE,Federal Contract Tower,4,11,0,3,18,0,101,35,3,139,4,112,35,6,157,0,8,8,165
08/31/2022,AKN,AK,AAL,WE,Federal Contract Tower,3,24,5,0,32,0,89,33,0,122,3,113,38,0,154,0,0,0,154
09/01/2022,AKN,AK,AAL,WE,Federal Contract Tower,8,17,2,0,27,0,89,29,0,118,8,106,31,0,145,0,0,0,145
09/02/2022,AKN,AK,AAL,WE,Federal Contract Tower,4,15,3,0,22,0,94,37,0,131,4,109,40,0,153,0,0,0,153
09/03/2022,AKN,AK,AAL,WE,Federal Contract Tower,8,5,0,0,13,0,86,28,0,114,8,91,28,0,127,0,0,0,127
09/04/2022,AKN,AK,AAL,WE,Federal Contract Tower,5,1,3,0,9,0,78,19,0,97,5,79,22,0,106,0,0,0,106
09/05/2022,AKN,AK,AAL,WE,Federal Contract Tower,4,15,4,0,23,0,98,40,0,138,4,113,44,0,161,0,0,0,161
09/06/2022,AKN,AK,AAL,WE,Federal Contract Tower,4,15,0,0,19,0,93,29,0,122,4,108,29,0,141,0,0,0,141
09/07/2022,AKN,AK,AAL,WE,Federal Contract Tower,2,12,2,0,16,0,114,32,0,146,2,126,34,0,162,0,0,0,162
09/08/2022,AKN,AK,AAL,WE,Federal Contract Tower,8,17,0,0,25,0,84,16,0,100,8,101,16,0,125,0,0,0,125
09/09/2022,AKN,AK,AAL,WE,Federal Contract Tower,2,19,1,0,22,0,77,16,0,93,2,96,17,0,115,0,0,0,115
09/10/2022,AKN,AK,AAL,WE,Federal Contract Tower,5,27,12,0,44,0,44,24,0,68,5,71,36,0,112,16,0,16,128
09/11/2022,AKN,AK,AAL,WE,Federal Contract Tower,1,11,0,0,12,0,49,22,0,71,1,60,22,0,83,0,0,0,83
09/12/2022,AKN,AK,AAL,WE,Federal Contract Tower,4,10,6,8,28,0,64,42,0,106,4,74,48,8,134,0,0,0,134
09/13/2022,AKN,AK,AAL,WE,Federal Contract Tower,2,9,4,0,15,0,72,37,0,109,2,81,41,0,124,0,0,0,124
09/14/2022,AKN,AK,AAL,WE,Federal Contract Tower,3,27,7,0,37,1,53,30,0,84,4,80,37,0,121,6,0,6,127
09/15/2022,AKN,AK,AAL,WE,Federal Contract Tower,6,44,11,0,61,0,52,11,0,63,6,96,22,0,124,0,0,0,124
09/16/2022,AKN,AK,AAL,WE,Federal Contract Tower,4,30,11,0,45,0,61,17,0,78,4,91,28,0,123,0,0,0,123
09/17/2022,AKN,AK,AAL,WE,Federal Contract Tower,4,8,0,0,12,0,73,20,0,93,4,81,20,0,105,0,0,0,105
09/18/2022,AKN,AK,AAL,WE,Federal Contract Tower,1,14,4,0,19,0,55,18,0,73,1,69,22,0,92,0,0,0,92
09/19/2022,AKN,AK,AAL,WE,Federal Contract Tower,4,21,8,0,33,0,47,25,0,72,4,68,33,0,105,0,0,0,105
09/20/2022,AKN,AK,AAL,WE,Federal Contract Tower,2,3,0,0,5,0,58,51,0,109,2,61,51,0,114,0,0,0,114
09/21/2022,AKN,AK,AAL,WE,Federal Contract Tower,2,6,3,0,11,0,80,40,2,122,2,86,43,2,133,0,8,8,141
09/22/2022,AKN,AK,AAL,WE,Federal Contract Tower,8,17,10,0,35,0,47,22,0,69,8,64,32,0,104,0,0,0,104
09/23/2022,AKN,AK,AAL,WE,Federal Contract Tower,2,4,1,0,7,0,55,41,2,98,2,59,42,2,105,0,8,8,113
09/24/2022,AKN,AK,AAL,WE,Federal Contract Tower,3,1,5,0,9,0,34,27,0,61,3,35,32,0,70,16,0,16,86
09/25/2022,AKN,AK,AAL,WE,Federal Contract Tower,1,3,3,0,7,0,54,25,0,79,1,57,28,0,86,2,0,2,88
09/26/2022,AKN,AK,AAL,WE,Federal Contract Tower,6,10,2,3,21,0,63,37,1,101,6,73,39,4,122,0,12,12,134
09/27/2022,AKN,AK,AAL,WE,Federal Contract Tower,2,2,0,0,4,0,43,22,0,65,2,45,22,0,69,0,0,0,69
09/28/2022,AKN,AK,AAL,WE,Federal Contract Tower,2,4,0,2,8,0,39,18,0,57,2,43,18,2,65,2,0,2,67
09/29/2022,AKN,AK,AAL,WE,Federal Contract Tower,6,4,4,0,14,0,35,23,0,58,6,39,27,0,72,0,0,0,72
09/30/2022,AKN,AK,AAL,WE,Federal Contract Tower,2,5,1,0,8,0,61,33,0,94,2,66,34,0,102,6,0,6,108
10/01/2022,AKN,AK,AAL,WE,Federal Contract Tower,3,8,1,0,12,0,20,20,0,40,3,28,21,0,52,0,0,0,52
10/02/2022,AKN,AK,AAL,WE,Federal Contract Tower,0,1,0,0,1,0,9,13,0,22,0,10,13,0,23,0,0,0,23
10/03/2022,AKN,AK,AAL,WE,Federal Contract Tower,4,2,0,0,6,0,26,26,0,52,4,28,26,0,58,2,0,2,60
10/04/2022,AKN,AK,AAL,WE,Federal Contract Tower,2,3,0,0,5,0,27,13,0,40,2,30,13,0,45,0,0,0,45
10/05/2022,AKN,AK,AAL,WE,Federal Contract Tower,2,3,0,0,5,0,38,23,0,61,2,41,23,0,66,0,0,0,66
10/06/2022,AKN,AK,AAL,WE,Federal Contract Tower,5,4,0,1,10,1,35,19,1,56,6,39,19,2,66,16,18,34,100
10/07/2022,AKN,AK,AAL,WE,Federal Contract Tower,2,3,0,0,5,0,25,14,0,39,2,28,14,0,44,0,0,0,44
10/08/2022,AKN,AK,AAL,WE,Federal Contract Tower,3,2,0,0,5,0,8,3,0,11,3,10,3,0,16,0,0,0,16
10/09/2022,AKN,AK,AAL,WE,Federal Contract Tower,1,2,0,0,3,0,19,13,0,32,1,21,13,0,35,0,0,0,35
10/10/2022,AKN,AK,AAL,WE,Federal Contract Tower,2,21,3,0,26,0,5,1,0,6,2,26,4,0,32,0,0,0,32
10/11/2022,AKN,AK,AAL,WE,Federal Contract Tower,2,2,0,0,4,0,0,35,15,50,2,2,35,15,54,0,0,0,54
10/12/2022,AKN,AK,AAL,WE,Federal Contract Tower,2,1,0,0,3,0,38,14,2,54,2,39,14,2,57,0,14,14,71
10/13/2022,AKN,AK,AAL,WE,Federal Contract Tower,6,2,2,0,10,0,19,12,0,31,6,21,14,0,41,0,0,0,41
10/14/2022,AKN,AK,AAL,WE,Federal Contract Tower,2,2,2,0,6,0,11,7,0,18,2,13,9,0,24,0,0,0,24
10/15/2022,AKN,AK,AAL,WE,Federal Contract Tower,3,2,0,0,5,0,6,3,0,9,3,8,3,0,14,0,0,0,14
10/16/2022,AKN,AK,AAL,WE,Federal Contract Tower,2,1,0,0,3,0,14,1,0,15,2,15,1,0,18,0,0,0,18
10/17/2022,AKN,AK,AAL,WE,Federal Contract Tower,6,1,0,0,7,0,19,6,0,25,6,20,6,0,32,0,0,0,32
10/18/2022,AKN,AK,AAL,WE,Federal Contract Tower,2,7,1,0,10,0,11,5,0,16,2,18,6,0,26,0,0,0,26
10/19/2022,AKN,AK,AAL,WE,Federal Contract Tower,2,2,0,0,4,0,17,7,0,24,2,19,7,0,28,4,0,4,32
10/20/2022,AKN,AK,AAL,WE,Federal Contract Tower,6,0,1,0,7,0,23,5,0,28,6,23,6,0,35,0,0,0,35
10/21/2022,AKN,AK,AAL,WE,Federal Contract Tower,3,2,0,0,5,0,22,2,0,24,3,24,2,0,29,6,0,6,35
10/22/2022,AKN,AK,AAL,WE,Federal Contract Tower,3,3,1,0,7,0,15,2,0,17,3,18,3,0,24,2,0,2,26
10/23/2022,AKN,AK,AAL,WE,Federal Contract Tower,2,0,0,0,2,0,15,11,0,26,2,15,11,0,28,0,0,0,28
10/24/2022,AKN,AK,AAL,WE,Federal Contract Tower,0,3,0,8,11,0,16,2,0,18,0,19,2,8,29,0,0,0,29
10/25/2022,AKN,AK,AAL,WE,Federal Contract Tower,4,7,0,0,11,0,6,0,0,6,4,13,0,0,17,0,0,0,17
10/26/2022,AKN,AK,AAL,WE,Federal Contract Tower,2,1,0,0,3,0,5,0,0,5,2,6,0,0,8,0,0,0,8
10/27/2022,AKN,AK,AAL,WE,Federal Contract Tower,4,0,0,0,4,0,12,0,0,12,4,12,0,0,16,6,0,6,22
10/28/2022,AKN,AK,AAL,WE,Federal Contract Tower,2,11,1,0,14,0,28,7,0,35,2,39,8,0,49,0,0,0,49
10/29/2022,AKN,AK,AAL,WE,Federal Contract Tower,1,1,0,0,2,0,3,0,0,3,1,4,0,0,5,0,0,0,5
10/30/2022,AKN,AK,AAL,WE,Federal Contract Tower,2,0,0,0,2,0,10,1,0,11,2,10,1,0,13,0,0,0,13
10/31/2022,AKN,AK,AAL,WE,Federal Contract Tower,4,2,0,4,10,0,21,2,0,23,4,23,2,4,33,0,4,4,37
11/01/2022,AKN,AK,AAL,WE,Federal Contract Tower,3,9,2,0,14,0,6,3,0,9,3,15,5,0,23,4,0,4,27
11/02/2022,AKN,AK,AAL,WE,Federal Contract Tower,2,2,0,0,4,0,12,0,0,12,2,14,0,0,16,2,0,2,18
11/03/2022,AKN,AK,AAL,WE,Federal Contract Tower,4,0,2,0,6,0,18,7,0,25,4,18,9,0,31,0,0,0,31
11/04/2022,AKN,AK,AAL,WE,Federal Contract Tower,2,1,0,0,3,0,9,0,0,9,2,10,0,0,12,0,0,0,12
11/05/2022,AKN,AK,AAL,WE,Federal Contract Tower,3,0,0,0,3,0,19,1,0,20,3,19,1,0,23,0,0,0,23
11/06/2022,AKN,AK,AAL,WE,Federal Contract Tower,2,0,0,0,2,0,4,0,2,6,2,4,0,2,8,0,18,18,26
11/07/2022,AKN,AK,AAL,WE,Federal Contract Tower,2,0,0,0,2,0,5,0,0,5,2,5,0,0,7,0,0,0,7
11/08/2022,AKN,AK,AAL,WE,Federal Contract Tower,2,3,0,0,5,14,7,0,0,21,16,10,0,0,26,0,0,0,26
11/09/2022,AKN,AK,AAL,WE,Federal Contract Tower,2,2,0,0,4,0,13,3,0,16,2,15,3,0,20,0,0,0,20
11/10/2022,AKN,AK,AAL,WE,Federal Contract Tower,4,4,0,0,8,0,9,5,0,14,4,13,5,0,22,0,0,0,22
11/11/2022,AKN,AK,AAL,WE,Federal Contract Tower,4,4,0,0,8,0,14,0,0,14,4,18,0,0,22,0,0,0,22
11/12/2022,AKN,AK,AAL,WE,Federal Contract Tower,4,5,0,0,9,0,4,0,0,4,4,9,0,0,13,0,0,0,13
11/13/2022,AKN,AK,AAL,WE,Federal Contract Tower,2,0,0,0,2,0,0,4,0,4,2,0,4,0,6,0,0,0,6
11/14/2022,AKN,AK,AAL,WE,Federal Contract Tower,2,3,0,0,5,0,23,4,0,27,2,26,4,0,32,8,0,8,40
11/15/2022,AKN,AK,AAL,WE,Federal Contract Tower,2,4,0,0,6,0,12,6,0,18,2,16,6,0,24,0,0,0,24
11/16/2022,AKN,AK,AAL,WE,Federal Contract Tower,2,3,0,0,5,0,17,0,0,17,2,20,0,0,22,4,0,4,26
11/17/2022,AKN,AK,AAL,WE,Federal Contract Tower,4,1,0,0,5,0,17,6,0,23,4,18,6,0,28,4,0,4,32
11/18/2022,AKN,AK,AAL,WE,Federal Contract Tower,4,0,0,0,4,0,12,5,0,17,4,12,5,0,21,0,0,0,21
11/19/2022,AKN,AK,AAL,WE,Federal Contract Tower,2,0,0,0,2,0,15,7,0,22,2,15,7,0,24,22,0,22,46
11/20/2022,AKN,AK,AAL,WE,Federal Contract Tower,1,0,0,0,1,0,6,9,0,15,1,6,9,0,16,0,0,0,16
11/21/2022,AKN,AK,AAL,WE,Federal Contract Tower,2,3,0,0,5,0,12,2,0,14,2,15,2,0,19,0,0,0,19
11/22/2022,AKN,AK,AAL,WE,Federal Contract Tower,4,2,0,0,6,0,19,0,2,21,4,21,0,2,27,0,6,6,33
11/23/2022,AKN,AK,AAL,WE,Federal Contract Tower,4,2,0,2,8,0,13,4,1,18,4,15,4,3,26,0,4,4,30
11/24/2022,AKN,AK,AAL,WE,Federal Contract Tower,0,0,0,0,0,0,0,0,0,0,0,0,0,0,0,0,0,0,0
11/25/2022,AKN,AK,AAL,WE,Federal Contract Tower,4,5,0,0,9,0,10,4,0,14,4,15,4,0,23,0,0,0,23
11/26/2022,AKN,AK,AAL,WE,Federal Contract Tower,4,0,0,0,4,0,9,7,0,16,4,9,7,0,20,0,0,0,20
11/27/2022,AKN,AK,AAL,WE,Federal Contract Tower,2,0,0,0,2,0,3,2,0,5,2,3,2,0,7,0,0,0,7
11/28/2022,AKN,AK,AAL,WE,Federal Contract Tower,2,5,0,0,7,0,5,2,0,7,2,10,2,0,14,0,0,0,14
11/29/2022,AKN,AK,AAL,WE,Federal Contract Tower,2,7,0,0,9,0,12,4,0,16,2,19,4,0,25,0,0,0,25
11/30/2022,AKN,AK,AAL,WE,Federal Contract Tower,0,2,1,0,3,0,1,0,0,1,0,3,1,0,4,0,0,0,4
12/01/2022,AKN,AK,AAL,WE,Federal Contract Tower,5,2,0,0,7,1,16,1,1,19,6,18,1,1,26,0,9,9,35
12/02/2022,AKN,AK,AAL,WE,Federal Contract Tower,4,5,1,0,10,0,11,3,0,14,4,16,4,0,24,0,0,0,24
12/03/2022,AKN,AK,AAL,WE,Federal Contract Tower,2,3,0,0,5,0,7,7,0,14,2,10,7,0,19,4,0,4,23
12/04/2022,AKN,AK,AAL,WE,Federal Contract Tower,2,0,0,0,2,0,3,0,0,3,2,3,0,0,5,0,0,0,5
12/05/2022,AKN,AK,AAL,WE,Federal Contract Tower,0,3,0,0,3,0,9,0,0,9,0,12,0,0,12,0,0,0,12
12/06/2022,AKN,AK,AAL,WE,Federal Contract Tower,2,7,0,0,9,0,15,0,0,15,2,22,0,0,24,0,0,0,24
12/07/2022,AKN,AK,AAL,WE,Federal Contract Tower,0,2,0,0,2,0,17,4,0,21,0,19,4,0,23,6,0,6,29
12/08/2022,AKN,AK,AAL,WE,Federal Contract Tower,6,1,0,0,7,0,21,0,0,21,6,22,0,0,28,0,0,0,28
12/09/2022,AKN,AK,AAL,WE,Federal Contract Tower,2,0,0,0,2,0,16,12,0,28,2,16,12,0,30,8,0,8,38
12/10/2022,AKN,AK,AAL,WE,Federal Contract Tower,2,6,0,0,8,0,6,0,0,6,2,12,0,0,14,0,0,0,14
12/11/2022,AKN,AK,AAL,WE,Federal Contract Tower,0,0,0,0,0,0,0,0,0,0,0,0,0,0,0,0,0,0,0
12/12/2022,AKN,AK,AAL,WE,Federal Contract Tower,2,3,0,0,5,0,11,0,0,11,2,14,0,0,16,10,0,10,26
12/13/2022,AKN,AK,AAL,WE,Federal Contract Tower,2,8,0,1,11,0,14,0,0,14,2,22,0,1,25,0,12,12,37
12/14/2022,AKN,AK,AAL,WE,Federal Contract Tower,0,5,0,0,5,0,1,0,0,1,0,6,0,0,6,0,0,0,6
12/15/2022,AKN,AK,AAL,WE,Federal Contract Tower,4,5,0,0,9,0,14,0,0,14,4,19,0,0,23,0,0,0,23
12/16/2022,AKN,AK,AAL,WE,Federal Contract Tower,4,3,0,0,7,0,13,0,0,13,4,16,0,0,20,0,0,0,20
12/17/2022,AKN,AK,AAL,WE,Federal Contract Tower,2,1,0,0,3,0,10,2,0,12,2,11,2,0,15,0,0,0,15
12/18/2022,AKN,AK,AAL,WE,Federal Contract Tower,2,0,0,0,2,0,5,4,0,9,2,5,4,0,11,0,0,0,11
12/19/2022,AKN,AK,AAL,WE,Federal Contract Tower,2,7,0,0,9,0,6,0,0,6,2,13,0,0,15,0,0,0,15
12/20/2022,AKN,AK,AAL,WE,Federal Contract Tower,2,4,0,0,6,0,11,0,0,11,2,15,0,0,17,0,0,0,17
12/21/2022,AKN,AK,AAL,WE,Federal Contract Tower,4,0,0,0,4,0,12,0,0,12,4,12,0,0,16,0,0,0,16
12/22/2022,AKN,AK,AAL,WE,Federal Contract Tower,0,0,0,0,0,0,0,0,0,0,0,0,0,0,0,0,0,0,0
12/23/2022,AKN,AK,AAL,WE,Federal Contract Tower,0,0,1,0,1,0,14,0,0,14,0,14,1,0,15,0,0,0,15
12/24/2022,AKN,AK,AAL,WE,Federal Contract Tower,2,1,0,0,3,0,0,0,0,0,2,1,0,0,3,0,0,0,3
12/25/2022,AKN,AK,AAL,WE,Federal Contract Tower,0,0,0,0,0,0,0,0,0,0,0,0,0,0,0,0,0,0,0
12/26/2022,AKN,AK,AAL,WE,Federal Contract Tower,2,9,0,0,11,0,1,0,0,1,2,10,0,0,12,0,0,0,12
12/27/2022,AKN,AK,AAL,WE,Federal Contract Tower,4,4,0,0,8,0,3,0,0,3,4,7,0,0,11,0,0,0,11
12/28/2022,AKN,AK,AAL,WE,Federal Contract Tower,2,0,0,0,2,0,19,0,0,19,2,19,0,0,21,0,0,0,21
12/29/2022,AKN,AK,AAL,WE,Federal Contract Tower,4,0,0,0,4,0,12,0,0,12,4,12,0,0,16,0,0,0,16
12/30/2022,AKN,AK,AAL,WE,Federal Contract Tower,2,6,0,0,8,0,10,0,0,10,2,16,0,0,18,0,0,0,18
12/31/2022,AKN,AK,AAL,WE,Federal Contract Tower,2,0,0,0,2,0,11,0,0,11,2,11,0,0,13,0,0,0,13
01/01/2023,AKN,AK,AAL,WE,Federal Contract Tower,0,0,0,0,0,0,0,0,0,0,0,0,0,0,0,0,0,0,0
01/02/2023,AKN,AK,AAL,WE,Federal Contract Tower,2,1,0,0,3,0,3,0,0,3,2,4,0,0,6,0,0,0,6
01/03/2023,AKN,AK,AAL,WE,Federal Contract Tower,2,0,0,0,2,0,11,0,0,11,2,11,0,0,13,0,0,0,13
01/04/2023,AKN,AK,AAL,WE,Federal Contract Tower,2,12,0,0,14,0,3,0,0,3,2,15,0,0,17,0,0,0,17
01/05/2023,AKN,AK,AAL,WE,Federal Contract Tower,4,2,0,2,8,0,13,0,0,13,4,15,0,2,21,0,0,0,21
01/06/2023,AKN,AK,AAL,WE,Federal Contract Tower,4,2,0,0,6,0,16,1,2,19,4,18,1,2,25,6,20,26,51
01/07/2023,AKN,AK,AAL,WE,Federal Contract Tower,2,3,0,0,5,0,30,6,7,43,2,33,6,7,48,28,28,56,104
01/08/2023,AKN,AK,AAL,WE,Federal Contract Tower,2,0,0,0,2,0,7,0,0,7,2,7,0,0,9,28,0,28,37
01/09/2023,AKN,AK,AAL,WE,Federal Contract Tower,2,1,0,0,3,0,7,2,0,9,2,8,2,0,12,0,0,0,12
01/10/2023,AKN,AK,AAL,WE,Federal Contract Tower,2,4,0,0,6,0,17,4,1,22,2,21,4,1,28,8,8,16,44
01/11/2023,AKN,AK,AAL,WE,Federal Contract Tower,4,4,2,4,14,0,13,3,0,16,4,17,5,4,30,0,0,0,30
01/12/2023,AKN,AK,AAL,WE,Federal Contract Tower,4,4,0,0,8,0,15,5,0,20,4,19,5,0,28,4,0,4,32
01/13/2023,AKN,AK,AAL,WE,Federal Contract Tower,4,2,0,0,6,0,17,3,0,20,4,19,3,0,26,0,0,0,26
01/14/2023,AKN,AK,AAL,WE,Federal Contract Tower,2,2,0,0,4,0,9,3,0,12,2,11,3,0,16,0,0,0,16
01/15/2023,AKN,AK,AAL,WE,Federal Contract Tower,2,0,0,0,2,0,2,0,0,2,2,2,0,0,4,0,0,0,4
01/16/2023,AKN,AK,AAL,WE,Federal Contract Tower,4,5,0,0,9,0,13,0,0,13,4,18,0,0,22,0,0,0,22
01/17/2023,AKN,AK,AAL,WE,Federal Contract Tower,2,6,0,0,8,0,7,2,0,9,2,13,2,0,17,0,0,0,17
01/18/2023,AKN,AK,AAL,WE,Federal Contract Tower,4,2,0,0,6,0,13,0,0,13,4,15,0,0,19,4,0,4,23
01/19/2023,AKN,AK,AAL,WE,Federal Contract Tower,4,12,1,0,17,0,17,1,0,18,4,29,2,0,35,0,0,0,35
01/20/2023,AKN,AK,AAL,WE,Federal Contract Tower,4,9,2,0,15,0,6,0,0,6,4,15,2,0,21,0,0,0,21
01/21/2023,AKN,AK,AAL,WE,Federal Contract Tower,2,1,0,0,3,0,16,1,0,17,2,17,1,0,20,0,0,0,20
01/22/2023,AKN,AK,AAL,WE,Federal Contract Tower,2,2,0,0,4,0,0,0,0,0,2,2,0,0,4,0,0,0,4
01/23/2023,AKN,AK,AAL,WE,Federal Contract Tower,4,3,0,0,7,0,6,0,0,6,4,9,0,0,13,0,0,0,13
01/24/2023,AKN,AK,AAL,WE,Federal Contract Tower,2,3,0,0,5,0,14,3,2,19,2,17,3,2,24,0,8,8,32
01/25/2023,AKN,AK,AAL,WE,Federal Contract Tower,4,21,0,0,25,0,21,1,0,22,4,42,1,0,47,0,0,0,47
01/26/2023,AKN,AK,AAL,WE,Federal Contract Tower,4,1,0,0,5,0,29,4,0,33,4,30,4,0,38,18,0,18,56
01/27/2023,AKN,AK,AAL,WE,Federal Contract Tower,0,3,0,0,3,0,5,0,0,5,0,8,0,0,8,0,0,0,8
01/28/2023,AKN,AK,AAL,WE,Federal Contract Tower,2,3,0,0,5,0,25,0,0,25,2,28,0,0,30,0,0,0,30
01/29/2023,AKN,AK,AAL,WE,Federal Contract Tower,2,0,0,0,2,0,27,0,0,27,2,27,0,0,29,0,0,0,29
01/30/2023,AKN,AK,AAL,WE,Federal Contract Tower,2,8,0,0,10,0,2,0,0,2,2,10,0,0,12,0,0,0,12
01/31/2023,AKN,AK,AAL,WE,Federal Contract Tower,2,7,2,0,11,0,6,1,0,7,2,13,3,0,18,2,0,2,20
02/01/2023,AKN,AK,AAL,WE,Federal Contract Tower,4,0,0,0,4,0,12,2,0,14,4,12,2,0,18,2,0,2,20
02/02/2023,AKN,AK,AAL,WE,Federal Contract Tower,6,8,0,0,14,0,6,1,0,7,6,14,1,0,21,0,0,0,21
02/03/2023,AKN,AK,AAL,WE,Federal Contract Tower,4,1,0,0,5,0,14,0,0,14,4,15,0,0,19,0,0,0,19
02/04/2023,AKN,AK,AAL,WE,Federal Contract Tower,2,0,0,0,2,0,8,2,0,10,2,8,2,0,12,0,0,0,12
02/05/2023,AKN,AK,AAL,WE,Federal Contract Tower,2,0,0,0,2,0,0,0,0,0,2,0,0,0,2,0,0,0,2
02/06/2023,AKN,AK,AAL,WE,Federal Contract Tower,4,8,0,0,12,0,11,0,0,11,4,19,0,0,23,0,0,0,23
02/07/2023,AKN,AK,AAL,WE,Federal Contract Tower,2,2,2,0,6,0,16,0,2,18,2,18,2,2,24,0,6,6,30
02/08/2023,AKN,AK,AAL,WE,Federal Contract Tower,0,4,0,2,6,0,9,7,2,18,0,13,7,4,24,16,14,30,54
02/09/2023,AKN,AK,AAL,WE,Federal Contract Tower,4,4,0,0,8,0,10,2,0,12,4,14,2,0,20,0,0,0,20
02/10/2023,AKN,AK,AAL,WE,Federal Contract Tower,0,1,0,0,1,0,3,0,0,3,0,4,0,0,4,0,0,0,4
02/11/2023,AKN,AK,AAL,WE,Federal Contract Tower,4,14,0,0,18,0,2,0,0,2,4,16,0,0,20,0,0,0,20
02/12/2023,AKN,AK,AAL,WE,Federal Contract Tower,2,0,0,0,2,0,2,0,0,2,2,2,0,0,4,0,0,0,4
02/13/2023,AKN,AK,AAL,WE,Federal Contract Tower,4,2,0,0,6,0,15,4,2,21,4,17,4,2,27,16,2,18,45
02/14/2023,AKN,AK,AAL,WE,Federal Contract Tower,4,5,0,0,9,0,8,0,0,8,4,13,0,0,17,0,0,0,17
02/15/2023,AKN,AK,AAL,WE,Federal Contract Tower,2,10,0,2,14,0,10,2,2,14,2,20,2,4,28,0,12,12,40
02/16/2023,AKN,AK,AAL,WE,Federal Contract Tower,6,6,0,0,12,0,10,0,0,10,6,16,0,0,22,0,0,0,22
02/17/2023,AKN,AK,AAL,WE,Federal Contract Tower,4,3,0,0,7,0,18,1,0,19,4,21,1,0,26,2,0,2,28
02/18/2023,AKN,AK,AAL,WE,Federal Contract Tower,3,17,2,0,22,0,4,0,0,4,3,21,2,0,26,0,0,0,26
02/19/2023,AKN,AK,AAL,WE,Federal Contract Tower,4,1,0,0,5,0,14,4,0,18,4,15,4,0,23,0,0,0,23
02/20/2023,AKN,AK,AAL,WE,Federal Contract Tower,2,8,3,0,13,0,5,0,0,5,2,13,3,0,18,0,0,0,18
02/21/2023,AKN,AK,AAL,WE,Federal Contract Tower,2,1,0,0,3,0,21,8,2,31,2,22,8,2,34,2,4,6,40
02/22/2023,AKN,AK,AAL,WE,Federal Contract Tower,4,2,2,0,8,0,13,6,1,20,4,15,8,1,28,0,0,0,28
02/23/2023,AKN,AK,AAL,WE,Federal Contract Tower,6,9,0,0,15,0,10,6,0,16,6,19,6,0,31,0,0,0,31
02/24/2023,AKN,AK,AAL,WE,Federal Contract Tower,4,1,0,0,5,0,13,8,0,21,4,14,8,0,26,0,0,0,26
02/25/2023,AKN,AK,AAL,WE,Federal Contract Tower,4,6,2,0,12,0,5,3,0,8,4,11,5,0,20,0,0,0,20
02/26/2023,AKN,AK,AAL,WE,Federal Contract Tower,2,1,0,0,3,0,2,0,0,2,2,3,0,0,5,0,0,0,5
02/27/2023,AKN,AK,AAL,WE,Federal Contract Tower,2,6,0,2,10,0,19,1,4,24,2,25,1,6,34,0,14,14,48
02/28/2023,AKN,AK,AAL,WE,Federal Contract Tower,4,6,0,0,10,0,8,0,0,8,4,14,0,0,18,0,0,0,18
03/01/2023,AKN,AK,AAL,WE,Federal Contract Tower,4,1,0,0,5,0,7,0,0,7,4,8,0,0,12,0,0,0,12
03/02/2023,AKN,AK,AAL,WE,Federal Contract Tower,6,5,0,0,11,0,17,1,0,18,6,22,1,0,29,0,0,0,29
03/03/2023,AKN,AK,AAL,WE,Federal Contract Tower,2,0,4,0,6,0,16,2,0,18,2,16,6,0,24,0,0,0,24
03/04/2023,AKN,AK,AAL,WE,Federal Contract Tower,2,0,0,0,2,0,12,2,0,14,2,12,2,0,16,0,0,0,16
03/05/2023,AKN,AK,AAL,WE,Federal Contract Tower,2,0,0,0,2,0,6,1,0,7,2,6,1,0,9,0,0,0,9
03/06/2023,AKN,AK,AAL,WE,Federal Contract Tower,4,1,0,0,5,0,13,4,0,17,4,14,4,0,22,12,0,12,34
03/07/2023,AKN,AK,AAL,WE,Federal Contract Tower,2,4,0,0,6,0,14,11,0,25,2,18,11,0,31,0,0,0,31
03/08/2023,AKN,AK,AAL,WE,Federal Contract Tower,2,9,3,0,14,0,6,1,0,7,2,15,4,0,21,0,0,0,21
03/09/2023,AKN,AK,AAL,WE,Federal Contract Tower,4,0,0,0,4,0,16,12,2,30,4,16,12,2,34,2,24,26,60
03/10/2023,AKN,AK,AAL,WE,Federal Contract Tower,4,1,0,0,5,0,15,5,2,22,4,16,5,2,27,0,10,10,37
03/11/2023,AKN,AK,AAL,WE,Federal Contract Tower,2,0,0,0,2,0,14,5,2,21,2,14,5,2,23,0,8,8,31
03/12/2023,AKN,AK,AAL,WE,Federal Contract Tower,2,0,0,0,2,0,2,0,0,2,2,2,0,0,4,0,0,0,4
03/13/2023,AKN,AK,AAL,WE,Federal Contract Tower,2,1,0,0,3,0,22,5,2,29,2,23,5,2,32,0,0,0,32
03/14/2023,AKN,AK,AAL,WE,Federal Contract Tower,4,3,0,0,7,0,18,5,0,23,4,21,5,0,30,0,0,0,30
03/15/2023,AKN,AK,AAL,WE,Federal Contract Tower,4,2,0,0,6,0,7,2,0,9,4,9,2,0,15,0,0,0,15
03/16/2023,AKN,AK,AAL,WE,Federal Contract Tower,4,0,0,0,4,0,16,8,0,24,4,16,8,0,28,6,0,6,34
03/17/2023,AKN,AK,AAL,WE,Federal Contract Tower,4,5,2,0,11,0,16,4,0,20,4,21,6,0,31,0,0,0,31
03/18/2023,AKN,AK,AAL,WE,Federal Contract Tower,3,1,0,0,4,0,22,0,0,22,3,23,0,0,26,0,0,0,26
03/19/2023,AKN,AK,AAL,WE,Federal Contract Tower,2,0,0,0,2,0,10,0,0,10,2,10,0,0,12,0,0,0,12
03/20/2023,AKN,AK,AAL,WE,Federal Contract Tower,2,7,0,0,9,0,4,1,0,5,2,11,1,0,14,0,0,0,14
03/21/2023,AKN,AK,AAL,WE,Federal Contract Tower,2,4,0,0,6,0,15,0,0,15,2,19,0,0,21,0,0,0,21
03/22/2023,AKN,AK,AAL,WE,Federal Contract Tower,2,6,0,0,8,0,1,0,0,1,2,7,0,0,9,0,0,0,9
03/23/2023,AKN,AK,AAL,WE,Federal Contract Tower,8,1,1,0,10,0,23,5,0,28,8,24,6,0,38,0,0,0,38
03/24/2023,AKN,AK,AAL,WE,Federal Contract Tower,2,11,1,2,16,0,16,2,0,18,2,27,3,2,34,0,0,0,34
03/25/2023,AKN,AK,AAL,WE,Federal Contract Tower,4,8,4,0,16,0,8,0,0,8,4,16,4,0,24,0,0,0,24
03/26/2023,AKN,AK,AAL,WE,Federal Contract Tower,2,0,0,0,2,0,14,1,0,15,2,14,1,0,17,2,0,2,19
03/27/2023,AKN,AK,AAL,WE,Federal Contract Tower,2,1,0,0,3,0,14,9,0,23,2,15,9,0,26,12,0,12,38
03/28/2023,AKN,AK,AAL,WE,Federal Contract Tower,4,3,0,0,7,0,14,4,0,18,4,17,4,0,25,0,0,0,25
03/29/2023,AKN,AK,AAL,WE,Federal Contract Tower,4,3,0,0,7,0,10,2,0,12,4,13,2,0,19,0,0,0,19
03/30/2023,AKN,AK,AAL,WE,Federal Contract Tower,6,4,0,1,11,0,14,3,1,18,6,18,3,2,29,4,4,8,37
03/31/2023,AKN,AK,AAL,WE,Federal Contract Tower,2,4,0,0,6,0,18,3,0,21,2,22,3,0,27,0,0,0,27
04/01/2023,AKN,AK,AAL,WE,Federal Contract Tower,0,0,0,0,0,0,15,2,0,17,0,15,2,0,17,4,0,4,21
04/02/2023,AKN,AK,AAL,WE,Federal Contract Tower,2,0,0,0,2,0,1,7,0,8,2,1,7,0,10,0,0,0,10
04/03/2023,AKN,AK,AAL,WE,Federal Contract Tower,2,5,0,2,9,0,1,0,0,1,2,6,0,2,10,0,0,0,10
04/04/2023,AKN,AK,AAL,WE,Federal Contract Tower,4,4,2,1,11,0,9,0,1,10,4,13,2,2,21,6,0,6,27
04/05/2023,AKN,AK,AAL,WE,Federal Contract Tower,2,3,0,2,7,0,12,2,0,14,2,15,2,2,21,0,0,0,21
04/06/2023,AKN,AK,AAL,WE,Federal Contract Tower,4,2,0,0,6,0,23,5,2,30,4,25,5,2,36,0,18,18,54
04/07/2023,AKN,AK,AAL,WE,Federal Contract Tower,4,2,0,0,6,0,14,6,0,20,4,16,6,0,26,0,0,0,26
04/08/2023,AKN,AK,AAL,WE,Federal Contract Tower,4,0,0,0,4,0,15,0,0,15,4,15,0,0,19,0,0,0,19
04/09/2023,AKN,AK,AAL,WE,Federal Contract Tower,2,0,0,0,2,0,1,0,0,1,2,1,0,0,3,0,0,0,3
04/10/2023,AKN,AK,AAL,WE,Federal Contract Tower,2,2,0,0,4,0,20,2,2,24,2,22,2,2,28,0,8,8,36
04/11/2023,AKN,AK,AAL,WE,Federal Contract Tower,4,4,0,0,8,0,3,0,0,3,4,7,0,0,11,0,0,0,11
04/12/2023,AKN,AK,AAL,WE,Federal Contract Tower,0,9,0,0,9,0,1,0,0,1,0,10,0,0,10,0,0,0,10
04/13/2023,AKN,AK,AAL,WE,Federal Contract Tower,8,4,0,0,12,0,18,2,0,20,8,22,2,0,32,0,0,0,32
04/14/2023,AKN,AK,AAL,WE,Federal Contract Tower,0,2,0,0,2,0,25,7,0,32,0,27,7,0,34,0,0,0,34
04/15/2023,AKN,AK,AAL,WE,Federal Contract Tower,2,4,0,0,6,0,7,0,0,7,2,11,0,0,13,0,0,0,13
04/16/2023,AKN,AK,AAL,WE,Federal Contract Tower,2,1,0,0,3,0,3,0,0,3,2,4,0,0,6,0,0,0,6
04/17/2023,AKN,AK,AAL,WE,Federal Contract Tower,2,1,0,0,3,0,15,8,0,23,2,16,8,0,26,0,0,0,26
04/18/2023,AKN,AK,AAL,WE,Federal Contract Tower,6,1,0,0,7,0,17,10,4,31,6,18,10,4,38,0,2,2,40
04/19/2023,AKN,AK,AAL,WE,Federal Contract Tower,6,0,0,0,6,0,28,9,0,37,6,28,9,0,43,0,0,0,43
04/20/2023,AKN,AK,AAL,WE,Federal Contract Tower,8,0,0,0,8,0,17,7,2,26,8,17,7,2,34,0,0,0,34
04/21/2023,AKN,AK,AAL,WE,Federal Contract Tower,6,0,0,0,6,0,13,9,0,22,6,13,9,0,28,2,0,2,30
04/22/2023,AKN,AK,AAL,WE,Federal Contract Tower,2,1,0,0,3,0,13,6,0,19,2,14,6,0,22,0,0,0,22
04/23/2023,AKN,AK,AAL,WE,Federal Contract Tower,4,0,0,0,4,0,4,0,0,4,4,4,0,0,8,0,0,0,8
04/24/2023,AKN,AK,AAL,WE,Federal Contract Tower,4,1,0,0,5,0,17,4,0,21,4,18,4,0,26,0,0,0,26
04/25/2023,AKN,AK,AAL,WE,Federal Contract Tower,8,2,0,0,10,0,16,0,0,16,8,18,0,0,26,0,0,0,26
04/26/2023,AKN,AK,AAL,WE,Federal Contract Tower,6,3,0,0,9,0,24,3,0,27,6,27,3,0,36,8,0,8,44
04/27/2023,AKN,AK,AAL,WE,Federal Contract Tower,8,8,0,0,16,0,9,2,0,11,8,17,2,0,27,0,0,0,27
04/28/2023,AKN,AK,AAL,WE,Federal Contract Tower,7,2,0,0,9,0,27,2,2,31,7,29,2,2,40,2,0,2,42
04/29/2023,AKN,AK,AAL,WE,Federal Contract Tower,2,1,0,0,3,0,12,4,0,16,2,13,4,0,19,0,0,0,19
04/30/2023,AKN,AK,AAL,WE,Federal Contract Tower,3,0,0,0,3,0,2,1,0,3,3,2,1,0,6,0,0,0,6
05/01/2023,AKN,AK,AAL,WE,Federal Contract Tower,6,4,0,4,14,0,13,0,0,13,6,17,0,4,27,0,0,0,27
05/02/2023,AKN,AK,AAL,WE,Federal Contract Tower,4,7,0,4,15,0,11,0,0,11,4,18,0,4,26,0,0,0,26
05/03/2023,AKN,AK,AAL,WE,Federal Contract Tower,2,1,0,0,3,0,15,3,0,18,2,16,3,0,21,4,0,4,25
05/04/2023,AKN,AK,AAL,WE,Federal Contract Tower,10,2,2,0,14,0,14,6,0,20,10,16,8,0,34,2,0,2,36
05/05/2023,AKN,AK,AAL,WE,Federal Contract Tower,6,4,0,0,10,0,15,1,0,16,6,19,1,0,26,0,0,0,26
05/06/2023,AKN,AK,AAL,WE,Federal Contract Tower,2,4,0,0,6,0,14,3,0,17,2,18,3,0,23,0,0,0,23
05/07/2023,AKN,AK,AAL,WE,Federal Contract Tower,2,0,0,0,2,0,4,4,0,8,2,4,4,0,10,0,0,0,10
05/08/2023,AKN,AK,AAL,WE,Federal Contract Tower,4,4,2,4,14,0,7,2,0,9,4,11,4,4,23,2,0,2,25
05/09/2023,AKN,AK,AAL,WE,Federal Contract Tower,6,4,0,0,10,0,37,4,0,41,6,41,4,0,51,0,0,0,51
05/10/2023,AKN,AK,AAL,WE,Federal Contract Tower,4,2,0,0,6,0,14,0,0,14,4,16,0,0,20,0,0,0,20
05/11/2023,AKN,AK,AAL,WE,Federal Contract Tower,10,2,0,0,12,0,33,9,2,44,10,35,9,2,56,0,2,2,58
05/12/2023,AKN,AK,AAL,WE,Federal Contract Tower,6,2,0,0,8,0,18,9,0,27,6,20,9,0,35,0,0,0,35
05/13/2023,AKN,AK,AAL,WE,Federal Contract Tower,2,4,0,0,6,0,16,4,0,20,2,20,4,0,26,0,0,0,26
05/14/2023,AKN,AK,AAL,WE,Federal Contract Tower,2,1,0,0,3,0,4,2,0,6,2,5,2,0,9,0,0,0,9
05/15/2023,AKN,AK,AAL,WE,Federal Contract Tower,2,5,0,0,7,0,21,0,0,21,2,26,0,0,28,0,0,0,28
05/16/2023,AKN,AK,AAL,WE,Federal Contract Tower,8,9,0,0,17,0,28,8,0,36,8,37,8,0,53,0,0,0,53
05/17/2023,AKN,AK,AAL,WE,Federal Contract Tower,6,9,0,0,15,0,30,11,0,41,6,39,11,0,56,0,0,0,56
05/18/2023,AKN,AK,AAL,WE,Federal Contract Tower,8,4,0,0,12,0,33,10,0,43,8,37,10,0,55,12,0,12,67
05/19/2023,AKN,AK,AAL,WE,Federal Contract Tower,6,3,0,0,9,0,27,10,0,37,6,30,10,0,46,0,0,0,46
05/20/2023,AKN,AK,AAL,WE,Federal Contract Tower,2,3,0,0,5,0,25,0,0,25,2,28,0,0,30,0,0,0,30
05/21/2023,AKN,AK,AAL,WE,Federal Contract Tower,2,1,0,0,3,0,15,6,0,21,2,16,6,0,24,0,0,0,24
05/22/2023,AKN,AK,AAL,WE,Federal Contract Tower,4,8,0,0,12,0,21,4,0,25,4,29,4,0,37,2,0,2,39
05/23/2023,AKN,AK,AAL,WE,Federal Contract Tower,8,2,0,0,10,0,25,12,0,37,8,27,12,0,47,8,0,8,55
05/24/2023,AKN,AK,AAL,WE,Federal Contract Tower,6,15,4,0,25,0,25,12,0,37,6,40,16,0,62,0,0,0,62
05/25/2023,AKN,AK,AAL,WE,Federal Contract Tower,10,9,0,0,19,0,51,13,0,64,10,60,13,0,83,20,0,20,103
05/26/2023,AKN,AK,AAL,WE,Federal Contract Tower,5,13,2,0,20,0,40,22,0,62,5,53,24,0,82,36,0,36,118
05/27/2023,AKN,AK,AAL,WE,Federal Contract Tower,2,10,1,0,13,0,20,7,0,27,2,30,8,0,40,0,0,0,40
05/28/2023,AKN,AK,AAL,WE,Federal Contract Tower,2,8,1,0,11,0,24,8,0,32,2,32,9,0,43,2,0,2,45
05/29/2023,AKN,AK,AAL,WE,Federal Contract Tower,4,11,0,0,15,0,32,4,0,36,4,43,4,0,51,4,0,4,55
05/30/2023,AKN,AK,AAL,WE,Federal Contract Tower,6,14,1,4,25,0,32,6,0,38,6,46,7,4,63,10,0,10,73
05/31/2023,AKN,AK,AAL,WE,Federal Contract Tower,6,4,2,0,12,0,52,34,0,86,6,56,36,0,98,0,0,0,98
06/01/2023,AKN,AK,AAL,WE,Federal Contract Tower,8,11,4,0,23,0,45,14,0,59,8,56,18,0,82,54,0,54,136
06/02/2023,AKN,AK,AAL,WE,Federal Contract Tower,6,6,0,0,12,0,56,23,0,79,6,62,23,0,91,26,0,26,117
06/03/2023,AKN,AK,AAL,WE,Federal Contract Tower,2,10,0,0,12,0,41,8,0,49,2,51,8,0,61,6,0,6,67
06/04/2023,AKN,AK,AAL,WE,Federal Contract Tower,2,10,0,0,12,0,37,7,0,44,2,47,7,0,56,28,0,28,84
06/05/2023,AKN,AK,AAL,WE,Federal Contract Tower,4,9,0,0,13,0,49,9,0,58,4,58,9,0,71,2,0,2,73
06/06/2023,AKN,AK,AAL,WE,Federal Contract Tower,8,8,1,0,17,0,83,27,0,110,8,91,28,0,127,24,0,24,151
06/07/2023,AKN,AK,AAL,WE,Federal Contract Tower,6,8,0,0,14,0,97,16,0,113,6,105,16,0,127,30,0,30,157
06/08/2023,AKN,AK,AAL,WE,Federal Contract Tower,8,22,0,0,30,0,79,27,0,106,8,101,27,0,136,22,0,22,158
06/09/2023,AKN,AK,AAL,WE,Federal Contract Tower,6,11,2,0,19,0,93,26,0,119,6,104,28,0,138,8,0,8,146
06/10/2023,AKN,AK,AAL,WE,Federal Contract Tower,2,9,0,0,11,0,39,10,0,49,2,48,10,0,60,0,0,0,60
06/11/2023,AKN,AK,AAL,WE,Federal Contract Tower,2,13,0,0,15,0,30,3,0,33,2,43,3,0,48,0,0,0,48
06/12/2023,AKN,AK,AAL,WE,Federal Contract Tower,8,36,0,2,46,0,82,17,0,99,8,118,17,2,145,2,0,2,147
06/13/2023,AKN,AK,AAL,WE,Federal Contract Tower,8,15,0,1,24,0,101,29,1,131,8,116,29,2,155,4,6,10,165
06/14/2023,AKN,AK,AAL,WE,Federal Contract Tower,6,13,0,2,21,0,101,30,8,139,6,114,30,10,160,0,4,4,164
06/15/2023,AKN,AK,AAL,WE,Federal Contract Tower,14,16,0,2,32,0,85,24,0,109,14,101,24,2,141,0,0,0,141
06/16/2023,AKN,AK,AAL,WE,Federal Contract Tower,6,29,9,0,44,0,93,28,0,121,6,122,37,0,165,8,0,8,173
06/17/2023,AKN,AK,AAL,WE,Federal Contract Tower,7,22,1,0,30,2,100,28,0,130,9,122,29,0,160,4,0,4,164
06/18/2023,AKN,AK,AAL,WE,Federal Contract Tower,6,13,2,2,23,0,83,44,0,127,6,96,46,2,150,4,0,4,154
06/19/2023,AKN,AK,AAL,WE,Federal Contract Tower,8,20,2,0,30,0,64,48,0,112,8,84,50,0,142,2,0,2,144
06/20/2023,AKN,AK,AAL,WE,Federal Contract Tower,6,16,1,0,23,0,94,23,2,119,6,110,24,2,142,24,0,24,166
06/21/2023,AKN,AK,AAL,WE,Federal Contract Tower,12,23,0,0,35,0,84,40,0,124,12,107,40,0,159,0,0,0,159
06/22/2023,AKN,AK,AAL,WE,Federal Contract Tower,9,40,3,6,58,0,64,8,0,72,9,104,11,6,130,18,0,18,148
06/23/2023,AKN,AK,AAL,WE,Federal Contract Tower,10,36,0,0,46,0,0,0,0,0,10,36,0,0,46,2,0,2,48
06/24/2023,AKN,AK,AAL,WE,Federal Contract Tower,18,16,0,0,34,0,0,0,0,0,18,16,0,0,34,0,0,0,34
06/25/2023,AKN,AK,AAL,WE,Federal Contract Tower,12,27,7,0,46,0,62,42,0,104,12,89,49,0,150,0,0,0,150
06/26/2023,AKN,AK,AAL,WE,Federal Contract Tower,6,25,1,2,34,0,92,64,0,156,6,117,65,2,190,2,0,2,192
06/28/2023,AKN,AK,AAL,WE,Federal Contract Tower,8,18,0,0,26,2,90,40,0,132,10,108,40,0,158,14,0,14,172
06/29/2023,AKN,AK,AAL,WE,Federal Contract Tower,7,18,0,0,25,1,130,35,0,166,8,148,35,0,191,0,0,0,191
06/30/2023,AKN,AK,AAL,WE,Federal Contract Tower,14,28,0,0,42,0,131,35,0,166,14,159,35,0,208,0,0,0,208
07/01/2023,AKN,AK,AAL,WE,Federal Contract Tower,10,6,3,0,19,3,120,37,0,160,13,126,40,0,179,0,0,0,179
07/02/2023,AKN,AK,AAL,WE,Federal Contract Tower,13,13,10,0,36,1,121,11,0,133,14,134,21,0,169,8,0,8,177
07/03/2023,AKN,AK,AAL,WE,Federal Contract Tower,18,13,1,0,32,0,105,41,0,146,18,118,42,0,178,10,0,10,188
07/04/2023,AKN,AK,AAL,WE,Federal Contract Tower,14,9,0,0,23,0,96,26,0,122,14,105,26,0,145,2,0,2,147
07/05/2023,AKN,AK,AAL,WE,Federal Contract Tower,14,31,0,0,45,1,131,32,1,165,15,162,32,1,210,16,0,16,226
07/06/2023,AKN,AK,AAL,WE,Federal Contract Tower,12,18,0,0,30,0,108,17,0,125,12,126,17,0,155,0,0,0,155
07/07/2023,AKN,AK,AAL,WE,Federal Contract Tower,15,38,0,0,53,0,104,51,0,155,15,142,51,0,208,2,0,2,210
07/08/2023,AKN,AK,AAL,WE,Federal Contract Tower,21,21,2,0,44,1,116,31,0,148,22,137,33,0,192,2,0,2,194
07/09/2023,AKN,AK,AAL,WE,Federal Contract Tower,8,15,4,0,27,0,96,27,0,123,8,111,31,0,150,4,0,4,154
07/10/2023,AKN,AK,AAL,WE,Federal Contract Tower,11,24,2,2,39,1,103,61,1,166,12,127,63,3,205,2,25,27,232
07/11/2023,AKN,AK,AAL,WE,Federal Contract Tower,7,21,2,0,30,0,78,29,0,107,7,99,31,0,137,0,0,0,137
07/12/2023,AKN,AK,AAL,WE,Federal Contract Tower,14,15,1,1,31,0,141,40,2,183,14,156,41,3,214,0,16,16,230
07/13/2023,AKN,AK,AAL,WE,Federal Contract Tower,12,25,5,0,42,0,113,26,0,139,12,138,31,0,181,20,0,20,201
07/14/2023,AKN,AK,AAL,WE,Federal Contract Tower,12,89,6,0,107,0,0,0,0,0,12,89,6,0,107,0,0,0,107
07/15/2023,AKN,AK,AAL,WE,Federal Contract Tower,12,113,11,0,136,0,13,3,0,16,12,126,14,0,152,0,0,0,152
07/16/2023,AKN,AK,AAL,WE,Federal Contract Tower,14,21,13,0,48,0,104,39,0,143,14,125,52,0,191,0,0,0,191
07/17/2023,AKN,AK,AAL,WE,Federal Contract Tower,13,12,1,0,26,0,145,55,0,200,13,157,56,0,226,0,0,0,226
07/18/2023,AKN,AK,AAL,WE,Federal Contract Tower,8,41,3,0,52,0,116,25,0,141,8,157,28,0,193,0,0,0,193
07/19/2023,AKN,AK,AAL,WE,Federal Contract Tower,10,50,5,0,65,0,96,21,0,117,10,146,26,0,182,2,0,2,184
07/20/2023,AKN,AK,AAL,WE,Federal Contract Tower,8,46,4,0,58,0,100,26,0,126,8,146,30,0,184,2,0,2,186
07/21/2023,AKN,AK,AAL,WE,Federal Contract Tower,8,29,1,0,38,0,132,38,0,170,8,161,39,0,208,0,0,0,208
07/22/2023,AKN,AK,AAL,WE,Federal Contract Tower,8,12,1,0,21,0,170,43,0,213,8,182,44,0,234,0,0,0,234
07/23/2023,AKN,AK,AAL,WE,Federal Contract Tower,6,15,6,2,29,0,120,37,0,157,6,135,43,2,186,20,0,20,206
07/24/2023,AKN,AK,AAL,WE,Federal Contract Tower,6,20,0,2,28,0,109,39,0,148,6,129,39,2,176,2,10,12,188
07/25/2023,AKN,AK,AAL,WE,Federal Contract Tower,6,31,0,0,37,0,139,39,1,179,6,170,39,1,216,4,2,6,222
07/26/2023,AKN,AK,AAL,WE,Federal Contract Tower,7,27,0,0,34,0,128,35,0,163,7,155,35,0,197,0,0,0,197
07/27/2023,AKN,AK,AAL,WE,Federal Contract Tower,6,31,0,0,37,0,142,19,0,161,6,173,19,0,198,4,0,4,202
07/28/2023,AKN,AK,AAL,WE,Federal Contract Tower,7,36,1,0,44,0,83,8,0,91,7,119,9,0,135,0,0,0,135
07/29/2023,AKN,AK,AAL,WE,Federal Contract Tower,8,17,0,4,29,0,139,40,0,179,8,156,40,4,208,0,0,0,208
07/30/2023,AKN,AK,AAL,WE,Federal Contract Tower,6,16,3,0,25,0,121,34,0,155,6,137,37,0,180,2,0,2,182
07/31/2023,AKN,AK,AAL,WE,Federal Contract Tower,8,19,4,0,31,0,135,39,0,174,8,154,43,0,205,0,0,0,205
08/01/2023,AKN,AK,AAL,WE,Federal Contract Tower,8,12,0,0,20,0,121,31,2,154,8,133,31,2,174,2,0,2,176
08/02/2023,AKN,AK,AAL,WE,Federal Contract Tower,5,9,1,0,15,0,142,21,4,167,5,151,22,4,182,0,14,14,196
08/03/2023,AKN,AK,AAL,WE,Federal Contract Tower,12,9,0,2,23,0,103,30,0,133,12,112,30,2,156,0,0,0,156
08/04/2023,AKN,AK,AAL,WE,Federal Contract Tower,11,17,0,0,28,0,102,18,0,120,11,119,18,0,148,0,0,0,148
08/05/2023,AKN,AK,AAL,WE,Federal Contract Tower,8,13,0,0,21,0,100,6,0,106,8,113,6,0,127,0,0,0,127
08/06/2023,AKN,AK,AAL,WE,Federal Contract Tower,16,12,1,0,29,0,93,36,0,129,16,105,37,0,158,0,0,0,158
08/07/2023,AKN,AK,AAL,WE,Federal Contract Tower,8,10,2,0,20,0,83,36,0,119,8,93,38,0,139,0,0,0,139
08/08/2023,AKN,AK,AAL,WE,Federal Contract Tower,8,17,0,0,25,0,108,16,0,124,8,125,16,0,149,0,0,0,149
08/09/2023,AKN,AK,AAL,WE,Federal Contract Tower,5,61,2,0,68,0,52,5,0,57,5,113,7,0,125,0,0,0,125
08/10/2023,AKN,AK,AAL,WE,Federal Contract Tower,8,16,0,0,24,0,103,28,0,131,8,119,28,0,155,0,0,0,155
08/11/2023,AKN,AK,AAL,WE,Federal Contract Tower,8,11,3,0,22,0,96,44,0,140,8,107,47,0,162,2,0,2,164
08/12/2023,AKN,AK,AAL,WE,Federal Contract Tower,8,10,0,0,18,0,98,25,0,123,8,108,25,0,141,0,0,0,141
08/13/2023,AKN,AK,AAL,WE,Federal Contract Tower,6,50,9,0,65,0,38,22,0,60,6,88,31,0,125,0,0,0,125
08/14/2023,AKN,AK,AAL,WE,Federal Contract Tower,8,26,1,0,35,0,62,38,0,100,8,88,39,0,135,0,0,0,135
08/15/2023,AKN,AK,AAL,WE,Federal Contract Tower,8,8,0,2,18,0,86,38,0,124,8,94,38,2,142,14,18,32,174
08/16/2023,AKN,AK,AAL,WE,Federal Contract Tower,10,24,0,0,34,0,84,14,0,98,10,108,14,0,132,2,0,2,134
08/17/2023,AKN,AK,AAL,WE,Federal Contract Tower,8,10,3,0,21,0,75,40,0,115,8,85,43,0,136,0,0,0,136
08/18/2023,AKN,AK,AAL,WE,Federal Contract Tower,6,18,0,0,24,0,75,35,0,110,6,93,35,0,134,0,0,0,134
08/19/2023,AKN,AK,AAL,WE,Federal Contract Tower,6,24,4,0,34,0,90,17,0,107,6,114,21,0,141,0,0,0,141
08/20/2023,AKN,AK,AAL,WE,Federal Contract Tower,4,16,2,0,22,0,99,35,0,134,4,115,37,0,156,0,0,0,156
08/21/2023,AKN,AK,AAL,WE,Federal Contract Tower,6,18,4,2,30,0,88,41,1,130,6,106,45,3,160,0,8,8,168
08/22/2023,AKN,AK,AAL,WE,Federal Contract Tower,8,13,0,0,21,0,79,34,0,113,8,92,34,0,134,2,0,2,136
08/23/2023,AKN,AK,AAL,WE,Federal Contract Tower,6,10,1,0,17,0,94,29,0,123,6,104,30,0,140,6,0,6,146
08/24/2023,AKN,AK,AAL,WE,Federal Contract Tower,8,9,3,2,22,0,71,26,0,97,8,80,29,2,119,0,0,0,119
08/25/2023,AKN,AK,AAL,WE,Federal Contract Tower,6,18,7,1,32,0,70,27,1,98,6,88,34,2,130,2,0,2,132
08/26/2023,AKN,AK,AAL,WE,Federal Contract Tower,4,14,0,0,18,0,90,15,0,105,4,104,15,0,123,0,0,0,123
08/27/2023,AKN,AK,AAL,WE,Federal Contract Tower,4,14,5,0,23,85,44,0,0,129,89,58,5,0,152,0,0,0,152
08/28/2023,AKN,AK,AAL,WE,Federal Contract Tower,4,21,2,0,27,0,85,35,0,120,4,106,37,0,147,0,0,0,147
08/29/2023,AKN,AK,AAL,WE,Federal Contract Tower,6,19,0,0,25,0,87,23,1,111,6,106,23,1,136,2,0,2,138
08/30/2023,AKN,AK,AAL,WE,Federal Contract Tower,8,21,0,0,29,0,97,53,0,150,8,118,53,0,179,0,0,0,179
08/31/2023,AKN,AK,AAL,WE,Federal Contract Tower,4,9,0,0,13,0,4,2,0,6,4,13,2,0,19,0,0,0,19
