01/01/2000,ALB,NY,AEA,EN,Towers with Radar,32,48,19,0,99,26,0,106,0,132,58,48,125,0,231,40,2,42,273
01/02/2000,ALB,NY,AEA,EN,Towers with Radar,53,96,31,1,181,12,0,28,0,40,65,96,59,1,221,76,8,84,305
01/03/2000,ALB,NY,AEA,EN,Towers with Radar,59,155,40,2,256,0,26,21,0,47,59,181,61,2,303,14,0,14,317
01/04/2000,ALB,NY,AEA,EN,Towers with Radar,73,169,28,2,272,5,26,0,0,31,78,195,28,2,303,22,0,22,325
01/05/2000,ALB,NY,AEA,EN,Towers with Radar,71,180,46,3,300,0,11,32,1,44,71,191,78,4,344,27,4,31,375
01/06/2000,ALB,NY,AEA,EN,Towers with Radar,62,176,45,3,286,0,0,75,11,86,62,176,120,14,372,61,9,70,442
01/07/2000,ALB,NY,AEA,EN,Towers with Radar,68,190,47,3,308,0,3,29,8,40,68,193,76,11,348,36,0,36,384
01/08/2000,ALB,NY,AEA,EN,Towers with Radar,54,101,34,3,192,0,0,108,35,143,54,101,142,38,335,35,15,50,385
01/09/2000,ALB,NY,AEA,EN,Towers with Radar,56,108,32,2,198,4,0,71,9,84,60,108,103,11,282,74,2,76,358
01/10/2000,ALB,NY,AEA,EN,Towers with Radar,62,151,37,3,253,0,12,23,5,40,62,163,60,8,293,4,0,4,297
01/11/2000,ALB,NY,AEA,EN,Towers with Radar,70,172,43,3,288,0,6,4,1,11,70,178,47,4,299,8,0,8,307
01/12/2000,ALB,NY,AEA,EN,Towers with Radar,68,190,48,3,309,0,0,61,32,93,68,190,109,35,402,34,23,57,459
01/13/2000,ALB,NY,AEA,EN,Towers with Radar,56,132,29,2,219,4,22,0,0,26,60,154,29,2,245,0,0,0,245
01/14/2000,ALB,NY,AEA,EN,Towers with Radar,68,170,42,3,283,0,8,21,1,30,68,178,63,4,313,7,0,7,320
01/15/2000,ALB,NY,AEA,EN,Towers with Radar,51,94,29,1,175,7,0,117,0,124,58,94,146,1,299,59,2,61,360
01/16/2000,ALB,NY,AEA,EN,Towers with Radar,44,100,25,0,169,23,0,10,0,33,67,100,35,0,202,34,1,35,237
01/17/2000,ALB,NY,AEA,EN,Towers with Radar,55,124,31,0,210,12,0,0,0,12,67,124,31,0,222,5,0,5,227
01/18/2000,ALB,NY,AEA,EN,Towers with Radar,67,155,41,3,266,0,0,61,4,65,67,155,102,7,331,94,4,98,429
01/19/2000,ALB,NY,AEA,EN,Towers with Radar,69,181,48,2,300,0,0,87,13,100,69,181,135,15,400,71,5,76,476
01/20/2000,ALB,NY,AEA,EN,Towers with Radar,55,125,32,0,212,3,25,7,0,35,58,150,39,0,247,2,0,2,249
01/21/2000,ALB,NY,AEA,EN,Towers with Radar,66,151,39,0,256,2,15,11,0,28,68,166,50,0,284,62,3,65,349
01/22/2000,ALB,NY,AEA,EN,Towers with Radar,47,94,27,1,169,6,0,16,0,22,53,94,43,1,191,16,0,16,207
01/23/2000,ALB,NY,AEA,EN,Towers with Radar,43,97,25,1,166,15,3,7,0,25,58,100,32,1,191,28,0,28,219
01/24/2000,ALB,NY,AEA,EN,Towers with Radar,63,156,40,2,261,0,16,44,1,61,63,172,84,3,322,33,5,38,360
01/25/2000,ALB,NY,AEA,EN,Towers with Radar,31,70,18,1,120,3,7,2,0,12,34,77,20,1,132,0,0,0,132
01/26/2000,ALB,NY,AEA,EN,Towers with Radar,50,131,33,0,214,0,27,9,0,36,50,158,42,0,250,81,5,86,336
01/27/2000,ALB,NY,AEA,EN,Towers with Radar,59,168,43,2,272,0,27,28,6,61,59,195,71,8,333,11,0,11,344
01/28/2000,ALB,NY,AEA,EN,Towers with Radar,61,168,43,2,274,0,22,12,5,39,61,190,55,7,313,32,0,32,345
01/29/2000,ALB,NY,AEA,EN,Towers with Radar,53,90,33,1,177,0,0,93,13,106,53,90,126,14,283,36,1,37,320
01/30/2000,ALB,NY,AEA,EN,Towers with Radar,41,93,24,0,158,9,0,57,0,66,50,93,81,0,224,23,0,23,247
01/31/2000,ALB,NY,AEA,EN,Towers with Radar,56,127,33,0,216,7,26,12,0,45,63,153,45,0,261,0,0,0,261
02/01/2000,ALB,NY,AEA,EN,Towers with Radar,68,159,45,3,275,4,22,32,13,71,72,181,77,16,346,17,12,29,375
02/02/2000,ALB,NY,AEA,EN,Towers with Radar,67,176,50,3,296,0,17,19,4,40,67,193,69,7,336,30,1,31,367
02/03/2000,ALB,NY,AEA,EN,Towers with Radar,68,169,48,3,288,0,4,34,4,42,68,173,82,7,330,22,2,24,354
02/04/2000,ALB,NY,AEA,EN,Towers with Radar,68,165,47,3,283,0,13,27,1,41,68,178,74,4,324,24,0,24,348
02/05/2000,ALB,NY,AEA,EN,Towers with Radar,50,93,33,2,178,12,0,105,4,121,62,93,138,6,299,76,11,87,386
02/06/2000,ALB,NY,AEA,EN,Towers with Radar,48,110,31,2,191,14,0,17,16,47,62,110,48,18,238,16,3,19,257
02/07/2000,ALB,NY,AEA,EN,Towers with Radar,64,149,42,3,258,0,10,32,2,44,64,159,74,5,302,28,0,28,330
02/08/2000,ALB,NY,AEA,EN,Towers with Radar,71,178,50,3,302,0,1,67,3,71,71,179,117,6,373,90,4,94,467
02/09/2000,ALB,NY,AEA,EN,Towers with Radar,79,184,52,3,318,1,3,60,19,83,80,187,112,22,401,59,14,73,474
02/10/2000,ALB,NY,AEA,EN,Towers with Radar,71,170,52,3,296,0,0,82,3,85,71,170,134,6,381,42,4,46,427
02/11/2000,ALB,NY,AEA,EN,Towers with Radar,73,175,39,0,287,0,43,0,0,43,73,218,39,0,330,18,0,18,348
02/12/2000,ALB,NY,AEA,EN,Towers with Radar,54,93,36,0,183,6,0,135,0,141,60,93,171,0,324,77,0,77,401
02/13/2000,ALB,NY,AEA,EN,Towers with Radar,55,117,37,2,211,0,0,92,1,93,55,117,129,3,304,11,0,11,315
02/14/2000,ALB,NY,AEA,EN,Towers with Radar,53,125,31,1,210,14,28,0,0,42,67,153,31,1,252,4,0,4,256
02/15/2000,ALB,NY,AEA,EN,Towers with Radar,70,193,56,3,322,0,4,81,15,100,70,197,137,18,422,60,16,76,498
02/16/2000,ALB,NY,AEA,EN,Towers with Radar,69,175,51,1,296,0,7,15,0,22,69,182,66,1,318,15,4,19,337
02/17/2000,ALB,NY,AEA,EN,Towers with Radar,68,194,56,3,321,0,5,105,8,118,68,199,161,11,439,32,9,41,480
02/18/2000,ALB,NY,AEA,EN,Towers with Radar,48,109,20,2,179,4,20,0,0,24,52,129,20,2,203,0,0,0,203
02/19/2000,ALB,NY,AEA,EN,Towers with Radar,38,83,26,1,148,19,0,1,0,20,57,83,27,1,168,0,0,0,168
02/20/2000,ALB,NY,AEA,EN,Towers with Radar,51,104,34,1,190,14,0,49,5,68,65,104,83,6,258,3,0,3,261
02/21/2000,ALB,NY,AEA,EN,Towers with Radar,64,145,42,2,253,1,0,44,5,50,65,145,86,7,303,59,1,60,363
02/22/2000,ALB,NY,AEA,EN,Towers with Radar,69,178,52,2,301,0,7,63,10,80,69,185,115,12,381,18,27,45,426
02/23/2000,ALB,NY,AEA,EN,Towers with Radar,72,177,51,2,302,0,0,81,11,92,72,177,132,13,394,42,4,46,440
02/24/2000,ALB,NY,AEA,EN,Towers with Radar,71,178,55,2,306,0,0,42,18,60,71,178,97,20,366,8,63,71,437
02/25/2000,ALB,NY,AEA,EN,Towers with Radar,68,156,45,2,271,2,20,1,2,25,70,176,46,4,296,0,8,8,304
02/26/2000,ALB,NY,AEA,EN,Towers with Radar,57,110,38,1,206,13,0,27,1,41,70,110,65,2,247,28,0,28,275
02/27/2000,ALB,NY,AEA,EN,Towers with Radar,53,108,35,1,197,14,0,29,0,43,67,108,64,1,240,4,0,4,244
02/28/2000,ALB,NY,AEA,EN,Towers with Radar,65,166,48,2,281,0,2,20,5,27,65,168,68,7,308,13,9,22,330
02/29/2000,ALB,NY,AEA,EN,Towers with Radar,71,185,56,2,314,0,0,75,13,88,71,185,131,15,402,61,2,63,465
03/01/2000,ALB,NY,AEA,EN,Towers with Radar,67,175,59,5,306,0,2,95,1,98,67,177,154,6,404,57,3,60,464
03/02/2000,ALB,NY,AEA,EN,Towers with Radar,68,160,54,1,283,0,20,25,0,45,68,180,79,1,328,17,0,17,345
03/03/2000,ALB,NY,AEA,EN,Towers with Radar,67,164,54,5,290,0,3,23,12,38,67,167,77,17,328,6,0,6,334
03/04/2000,ALB,NY,AEA,EN,Towers with Radar,57,87,42,4,190,7,0,73,5,85,64,87,115,9,275,20,2,22,297
03/05/2000,ALB,NY,AEA,EN,Towers with Radar,58,113,43,4,218,3,0,57,14,74,61,113,100,18,292,20,2,22,314
03/06/2000,ALB,NY,AEA,EN,Towers with Radar,65,161,53,4,283,0,4,83,4,91,65,165,136,8,374,20,0,20,394
03/07/2000,ALB,NY,AEA,EN,Towers with Radar,71,174,58,5,308,0,3,83,9,95,71,177,141,14,403,17,8,25,428
03/08/2000,ALB,NY,AEA,EN,Towers with Radar,71,187,62,3,323,0,4,76,0,80,71,191,138,3,403,77,7,84,487
03/09/2000,ALB,NY,AEA,EN,Towers with Radar,72,164,54,5,295,0,22,29,7,58,72,186,83,12,353,37,0,37,390
03/10/2000,ALB,NY,AEA,EN,Towers with Radar,71,170,56,5,302,0,5,19,4,28,71,175,75,9,330,28,0,28,358
03/11/2000,ALB,NY,AEA,EN,Towers with Radar,35,81,20,2,138,26,2,0,2,30,61,83,20,4,168,0,0,0,168
03/12/2000,ALB,NY,AEA,EN,Towers with Radar,39,90,16,1,146,30,8,0,0,38,69,98,16,1,184,0,0,0,184
03/13/2000,ALB,NY,AEA,EN,Towers with Radar,66,152,51,4,273,0,0,94,7,101,66,152,145,11,374,68,4,72,446
03/14/2000,ALB,NY,AEA,EN,Towers with Radar,70,158,52,4,284,2,10,21,27,60,72,168,73,31,344,44,11,55,399
03/15/2000,ALB,NY,AEA,EN,Towers with Radar,71,172,58,1,302,0,0,49,0,49,71,172,107,1,351,62,0,62,413
03/16/2000,ALB,NY,AEA,EN,Towers with Radar,71,171,57,4,303,0,10,56,1,67,71,181,113,5,370,4,2,6,376
03/17/2000,ALB,NY,AEA,EN,Towers with Radar,56,123,33,3,215,11,18,0,0,29,67,141,33,3,244,66,0,66,310
03/18/2000,ALB,NY,AEA,EN,Towers with Radar,54,90,41,2,187,11,0,126,1,138,65,90,167,3,325,15,0,15,340
03/19/2000,ALB,NY,AEA,EN,Towers with Radar,58,97,44,0,199,6,0,160,0,166,64,97,204,0,365,101,0,101,466
03/20/2000,ALB,NY,AEA,EN,Towers with Radar,64,141,48,3,256,2,18,64,17,101,66,159,112,20,357,50,12,62,419
03/21/2000,ALB,NY,AEA,EN,Towers with Radar,72,167,57,4,300,0,25,61,8,94,72,192,118,12,394,63,19,82,476
03/22/2000,ALB,NY,AEA,EN,Towers with Radar,73,178,60,4,315,0,6,97,0,103,73,184,157,4,418,31,0,31,449
03/23/2000,ALB,NY,AEA,EN,Towers with Radar,71,173,59,4,307,0,6,103,5,114,71,179,162,9,421,10,0,10,431
03/24/2000,ALB,NY,AEA,EN,Towers with Radar,68,174,64,4,310,0,0,141,29,170,68,174,205,33,480,80,8,88,568
03/25/2000,ALB,NY,AEA,EN,Towers with Radar,48,84,36,2,170,11,0,84,34,129,59,84,120,36,299,31,6,37,336
03/26/2000,ALB,NY,AEA,EN,Towers with Radar,53,102,40,2,197,11,0,77,0,88,64,102,117,2,285,87,13,100,385
03/27/2000,ALB,NY,AEA,EN,Towers with Radar,67,148,50,3,268,0,5,34,5,44,67,153,84,8,312,33,2,35,347
03/28/2000,ALB,NY,AEA,EN,Towers with Radar,71,176,60,2,309,0,1,29,0,30,71,177,89,2,339,41,0,41,380
03/29/2000,ALB,NY,AEA,EN,Towers with Radar,67,172,58,4,301,0,15,21,16,52,67,187,79,20,353,4,0,4,357
03/30/2000,ALB,NY,AEA,EN,Towers with Radar,69,152,52,3,276,1,23,61,16,101,70,175,113,19,377,71,6,77,454
03/31/2000,ALB,NY,AEA,EN,Towers with Radar,72,167,57,4,300,0,15,132,3,150,72,182,189,7,450,65,10,75,525
04/01/2000,ALB,NY,AEA,EN,Towers with Radar,58,121,44,2,225,5,0,181,2,188,63,121,225,4,413,103,2,105,518
04/02/2000,ALB,NY,AEA,EN,Towers with Radar,43,94,32,1,170,22,0,72,0,94,65,94,104,1,264,83,0,83,347
04/03/2000,ALB,NY,AEA,EN,Towers with Radar,59,133,25,1,218,4,24,0,0,28,63,157,25,1,246,2,0,2,248
04/04/2000,ALB,NY,AEA,EN,Towers with Radar,70,170,58,3,301,0,2,21,0,23,70,172,79,3,324,4,10,14,338
04/05/2000,ALB,NY,AEA,EN,Towers with Radar,72,167,57,4,300,0,17,42,2,61,72,184,99,6,361,7,0,7,368
04/06/2000,ALB,NY,AEA,EN,Towers with Radar,76,182,62,5,325,0,12,85,9,106,76,194,147,14,431,53,10,63,494
04/07/2000,ALB,NY,AEA,EN,Towers with Radar,70,187,66,5,328,0,0,118,21,139,70,187,184,26,467,51,5,56,523
04/08/2000,ALB,NY,AEA,EN,Towers with Radar,40,75,31,0,146,18,0,27,0,45,58,75,58,0,191,25,0,25,216
04/09/2000,ALB,NY,AEA,EN,Towers with Radar,23,54,5,0,82,26,0,0,0,26,49,54,5,0,108,0,0,0,108
04/10/2000,ALB,NY,AEA,EN,Towers with Radar,68,152,52,4,276,1,17,41,7,66,69,169,93,11,342,42,12,54,396
04/11/2000,ALB,NY,AEA,EN,Towers with Radar,69,159,54,4,286,0,26,53,21,100,69,185,107,25,386,36,16,52,438
04/12/2000,ALB,NY,AEA,EN,Towers with Radar,70,185,63,5,323,0,3,38,12,53,70,188,101,17,376,54,11,65,441
04/13/2000,ALB,NY,AEA,EN,Towers with Radar,72,185,65,5,327,0,0,146,10,156,72,185,211,15,483,117,10,127,610
04/14/2000,ALB,NY,AEA,EN,Towers with Radar,70,183,64,5,322,0,0,73,5,78,70,183,137,10,400,90,2,92,492
04/15/2000,ALB,NY,AEA,EN,Towers with Radar,49,92,37,3,181,17,0,83,7,107,66,92,120,10,288,92,1,93,381
04/16/2000,ALB,NY,AEA,EN,Towers with Radar,52,92,40,3,187,6,0,29,6,41,58,92,69,9,228,46,8,54,282
04/17/2000,ALB,NY,AEA,EN,Towers with Radar,63,141,48,1,253,6,26,20,0,52,69,167,68,1,305,22,2,24,329
04/18/2000,ALB,NY,AEA,EN,Towers with Radar,71,159,54,3,287,4,21,17,4,46,75,180,71,7,333,23,0,23,356
04/19/2000,ALB,NY,AEA,EN,Towers with Radar,66,188,65,0,319,0,0,45,0,45,66,188,110,0,364,19,0,19,383
04/20/2000,ALB,NY,AEA,EN,Towers with Radar,61,178,61,3,303,0,21,85,23,129,61,199,146,26,432,77,18,95,527
04/21/2000,ALB,NY,AEA,EN,Towers with Radar,60,137,41,1,239,6,20,0,0,26,66,157,41,1,265,13,4,17,282
04/22/2000,ALB,NY,AEA,EN,Towers with Radar,54,98,40,0,192,15,0,22,0,37,69,98,62,0,229,13,0,13,242
04/23/2000,ALB,NY,AEA,EN,Towers with Radar,39,87,27,0,153,21,0,0,0,21,60,87,27,0,174,0,0,0,174
04/24/2000,ALB,NY,AEA,EN,Towers with Radar,63,147,49,3,262,0,8,61,3,72,63,155,110,6,334,49,0,49,383
04/25/2000,ALB,NY,AEA,EN,Towers with Radar,80,197,68,4,349,0,0,111,5,116,80,197,179,9,465,77,12,89,554
04/26/2000,ALB,NY,AEA,EN,Towers with Radar,71,185,62,4,322,0,0,37,6,43,71,185,99,10,365,40,34,74,439
04/27/2000,ALB,NY,AEA,EN,Towers with Radar,76,182,58,4,320,0,12,0,18,30,76,194,58,22,350,0,0,0,350
04/28/2000,ALB,NY,AEA,EN,Towers with Radar,74,180,64,4,322,0,0,59,1,60,74,180,123,5,382,60,11,71,453
04/29/2000,ALB,NY,AEA,EN,Towers with Radar,64,94,51,4,213,1,4,116,1,122,65,98,167,5,335,74,0,74,409
04/30/2000,ALB,NY,AEA,EN,Towers with Radar,59,90,26,0,175,1,0,87,0,88,60,90,113,0,263,48,3,51,314
05/01/2000,ALB,NY,AEA,EN,Towers with Radar,69,144,58,1,272,0,26,57,0,83,69,170,115,1,355,57,12,69,424
05/02/2000,ALB,NY,AEA,EN,Towers with Radar,74,173,67,2,316,0,14,78,6,98,74,187,145,8,414,33,2,35,449
05/03/2000,ALB,NY,AEA,EN,Towers with Radar,72,175,68,2,317,0,10,130,12,152,72,185,198,14,469,81,10,91,560
05/04/2000,ALB,NY,AEA,EN,Towers with Radar,72,176,68,2,318,0,10,96,11,117,72,186,164,13,435,64,21,85,520
05/05/2000,ALB,NY,AEA,EN,Towers with Radar,67,175,67,3,312,0,7,106,11,124,67,182,173,14,436,26,4,30,466
05/06/2000,ALB,NY,AEA,EN,Towers with Radar,59,112,28,3,202,5,7,74,26,112,64,119,102,29,314,139,35,174,488
05/07/2000,ALB,NY,AEA,EN,Towers with Radar,58,114,64,3,239,5,9,94,14,122,63,123,158,17,361,37,2,39,400
05/08/2000,ALB,NY,AEA,EN,Towers with Radar,65,157,60,3,285,0,22,77,3,102,65,179,137,6,387,88,8,96,483
05/09/2000,ALB,NY,AEA,EN,Towers with Radar,65,172,66,3,306,0,53,61,0,114,65,225,127,3,420,23,0,23,443
05/10/2000,ALB,NY,AEA,EN,Towers with Radar,55,118,45,1,219,2,10,5,0,17,57,128,50,1,236,15,0,15,251
05/11/2000,ALB,NY,AEA,EN,Towers with Radar,93,180,78,4,355,0,0,87,37,124,93,180,165,41,479,87,15,102,581
05/12/2000,ALB,NY,AEA,EN,Towers with Radar,86,176,68,3,333,8,9,80,15,112,94,185,148,18,445,47,12,59,504
05/13/2000,ALB,NY,AEA,EN,Towers with Radar,79,89,30,4,202,5,0,36,7,48,84,89,66,11,250,36,1,37,287
05/14/2000,ALB,NY,AEA,EN,Towers with Radar,81,87,50,2,220,4,0,71,0,75,85,87,121,2,295,34,0,34,329
05/15/2000,ALB,NY,AEA,EN,Towers with Radar,77,157,60,3,297,12,14,70,11,107,89,171,130,14,404,68,3,71,475
05/16/2000,ALB,NY,AEA,EN,Towers with Radar,93,187,72,4,356,0,3,137,14,154,93,190,209,18,510,46,5,51,561
05/17/2000,ALB,NY,AEA,EN,Towers with Radar,87,184,76,4,351,0,0,119,29,148,87,184,195,33,499,34,11,45,544
05/18/2000,ALB,NY,AEA,EN,Towers with Radar,76,150,56,3,285,12,0,0,3,15,88,150,56,6,300,16,0,16,316
05/19/2000,ALB,NY,AEA,EN,Towers with Radar,86,193,74,4,357,0,0,12,9,21,86,193,86,13,378,65,10,75,453
05/20/2000,ALB,NY,AEA,EN,Towers with Radar,65,103,51,3,222,23,0,53,2,78,88,103,104,5,300,64,0,64,364
05/21/2000,ALB,NY,AEA,EN,Towers with Radar,68,91,53,2,214,9,0,18,4,31,77,91,71,6,245,0,0,0,245
05/22/2000,ALB,NY,AEA,EN,Towers with Radar,76,154,59,0,289,12,3,7,0,22,88,157,66,0,311,42,2,44,355
05/23/2000,ALB,NY,AEA,EN,Towers with Radar,93,188,72,3,356,0,9,37,21,67,93,197,109,24,423,42,15,57,480
05/24/2000,ALB,NY,AEA,EN,Towers with Radar,86,172,66,2,326,2,12,20,8,42,88,184,86,10,368,21,0,21,389
05/25/2000,ALB,NY,AEA,EN,Towers with Radar,91,182,70,3,346,4,37,50,18,109,95,219,120,21,455,90,14,104,559
05/26/2000,ALB,NY,AEA,EN,Towers with Radar,95,191,77,3,366,0,0,97,9,106,95,191,174,12,472,104,4,108,580
05/27/2000,ALB,NY,AEA,EN,Towers with Radar,80,92,39,0,211,3,0,95,4,102,83,92,134,4,313,25,0,25,338
05/28/2000,ALB,NY,AEA,EN,Towers with Radar,72,79,29,2,182,3,0,55,4,62,75,79,84,6,244,8,2,10,254
05/29/2000,ALB,NY,AEA,EN,Towers with Radar,79,93,31,2,205,3,0,71,9,83,82,93,102,11,288,44,12,56,344
05/30/2000,ALB,NY,AEA,EN,Towers with Radar,79,158,62,2,301,6,3,104,9,122,85,161,166,11,423,82,10,92,515
05/31/2000,ALB,NY,AEA,EN,Towers with Radar,91,181,71,3,346,3,10,162,13,188,94,191,233,16,534,69,11,80,614
06/01/2000,ALB,NY,AEA,EN,Towers with Radar,87,158,64,3,312,8,31,74,8,121,95,189,138,11,433,86,17,103,536
06/02/2000,ALB,NY,AEA,EN,Towers with Radar,85,152,29,1,267,2,0,14,0,16,87,152,43,1,283,74,11,85,368
06/03/2000,ALB,NY,AEA,EN,Towers with Radar,80,93,36,4,213,3,0,86,6,95,83,93,122,10,308,45,1,46,354
06/04/2000,ALB,NY,AEA,EN,Towers with Radar,81,98,49,2,230,3,0,99,1,103,84,98,148,3,333,82,5,87,420
06/05/2000,ALB,NY,AEA,EN,Towers with Radar,82,151,60,3,296,7,0,49,5,61,89,151,109,8,357,41,0,41,398
06/06/2000,ALB,NY,AEA,EN,Towers with Radar,83,152,55,3,293,8,14,0,8,30,91,166,55,11,323,4,2,6,329
06/07/2000,ALB,NY,AEA,EN,Towers with Radar,94,175,70,4,343,0,4,92,13,109,94,179,162,17,452,36,14,50,502
06/08/2000,ALB,NY,AEA,EN,Towers with Radar,89,177,70,4,340,0,10,100,4,114,89,187,170,8,454,60,10,70,524
06/09/2000,ALB,NY,AEA,EN,Towers with Radar,87,170,60,7,324,3,0,33,5,41,90,170,93,12,365,50,1,51,416
06/10/2000,ALB,NY,AEA,EN,Towers with Radar,81,98,59,2,240,3,0,102,1,106,84,98,161,3,346,76,6,82,428
06/11/2000,ALB,NY,AEA,EN,Towers with Radar,72,80,42,1,195,3,0,46,7,56,75,80,88,8,251,59,14,73,324
06/12/2000,ALB,NY,AEA,EN,Towers with Radar,79,139,55,6,279,3,0,0,0,3,82,139,55,6,282,4,3,7,289
06/13/2000,ALB,NY,AEA,EN,Towers with Radar,87,161,64,2,314,0,6,38,3,47,87,167,102,5,361,16,0,16,377
06/14/2000,ALB,NY,AEA,EN,Towers with Radar,77,171,68,3,319,0,7,37,2,46,77,178,105,5,365,11,8,19,384
06/15/2000,ALB,NY,AEA,EN,Towers with Radar,78,144,57,2,281,4,19,7,3,33,82,163,64,5,314,21,6,27,341
06/16/2000,ALB,NY,AEA,EN,Towers with Radar,80,165,75,1,321,3,0,66,11,80,83,165,141,12,401,52,0,52,453
06/17/2000,ALB,NY,AEA,EN,Towers with Radar,77,95,36,4,212,3,0,30,12,45,80,95,66,16,257,21,9,30,287
06/18/2000,ALB,NY,AEA,EN,Towers with Radar,77,96,44,0,217,3,0,64,5,72,80,96,108,5,289,32,0,32,321
06/19/2000,ALB,NY,AEA,EN,Towers with Radar,85,147,67,3,302,0,0,126,6,132,85,147,193,9,434,77,10,87,521
06/20/2000,ALB,NY,AEA,EN,Towers with Radar,87,169,67,3,326,0,8,116,4,128,87,177,183,7,454,34,1,35,489
06/21/2000,ALB,NY,AEA,EN,Towers with Radar,79,145,58,2,284,13,22,59,3,97,92,167,117,5,381,61,0,61,442
06/22/2000,ALB,NY,AEA,EN,Towers with Radar,85,155,62,2,304,2,21,105,11,139,87,176,167,13,443,66,16,82,525
06/23/2000,ALB,NY,AEA,EN,Towers with Radar,88,183,73,3,347,0,0,124,14,138,88,183,197,17,485,79,14,93,578
06/24/2000,ALB,NY,AEA,EN,Towers with Radar,79,112,67,1,259,3,0,119,13,135,82,112,186,14,394,59,7,66,460
06/25/2000,ALB,NY,AEA,EN,Towers with Radar,74,95,47,2,218,3,0,76,2,81,77,95,123,4,299,41,5,46,345
06/26/2000,ALB,NY,AEA,EN,Towers with Radar,82,146,63,2,293,0,0,52,3,55,82,146,115,5,348,45,11,56,404
06/27/2000,ALB,NY,AEA,EN,Towers with Radar,87,159,64,2,312,5,12,41,5,63,92,171,105,7,375,44,7,51,426
06/28/2000,ALB,NY,AEA,EN,Towers with Radar,86,172,69,4,331,0,5,124,26,155,86,177,193,30,486,45,23,68,554
06/29/2000,ALB,NY,AEA,EN,Towers with Radar,89,161,65,3,318,2,17,61,8,88,91,178,126,11,406,26,13,39,445
06/30/2000,ALB,NY,AEA,EN,Towers with Radar,90,165,76,3,334,0,0,62,0,62,90,165,138,3,396,10,4,14,410
07/01/2000,ALB,NY,AEA,EN,Towers with Radar,82,92,52,2,228,3,2,114,0,119,85,94,166,2,347,42,9,51,398
07/02/2000,ALB,NY,AEA,EN,Towers with Radar,79,86,64,1,230,2,0,80,1,83,81,86,144,2,313,24,0,24,337
07/03/2000,ALB,NY,AEA,EN,Towers with Radar,58,91,44,2,195,23,0,52,0,75,81,91,96,2,270,30,2,32,302
07/04/2000,ALB,NY,AEA,EN,Towers with Radar,67,111,50,1,229,16,0,3,0,19,83,111,53,1,248,47,1,48,296
07/05/2000,ALB,NY,AEA,EN,Towers with Radar,81,146,64,4,295,0,2,109,2,113,81,148,173,6,408,12,6,18,426
07/06/2000,ALB,NY,AEA,EN,Towers with Radar,95,166,72,4,337,0,22,104,16,142,95,188,176,20,479,24,5,29,508
07/07/2000,ALB,NY,AEA,EN,Towers with Radar,86,161,70,4,321,0,13,111,4,128,86,174,181,8,449,57,11,68,517
07/08/2000,ALB,NY,AEA,EN,Towers with Radar,68,90,51,3,212,11,0,111,17,139,79,90,162,20,351,99,10,109,460
07/09/2000,ALB,NY,AEA,EN,Towers with Radar,79,93,44,5,221,3,0,57,7,67,82,93,101,12,288,48,19,67,355
07/10/2000,ALB,NY,AEA,EN,Towers with Radar,81,139,61,3,284,5,8,59,3,75,86,147,120,6,359,45,7,52,411
07/11/2000,ALB,NY,AEA,EN,Towers with Radar,91,155,67,4,317,2,11,85,16,114,93,166,152,20,431,61,11,72,503
07/12/2000,ALB,NY,AEA,EN,Towers with Radar,92,157,68,4,321,2,17,123,17,159,94,174,191,21,480,49,18,67,547
07/13/2000,ALB,NY,AEA,EN,Towers with Radar,91,166,72,4,333,0,18,125,20,163,91,184,197,24,496,62,6,68,564
07/14/2000,ALB,NY,AEA,EN,Towers with Radar,76,148,64,3,291,0,22,78,7,107,76,170,142,10,398,67,16,83,481
07/15/2000,ALB,NY,AEA,EN,Towers with Radar,76,86,34,1,197,3,0,15,0,18,79,86,49,1,215,16,0,16,231
07/16/2000,ALB,NY,AEA,EN,Towers with Radar,67,98,40,0,205,3,0,10,0,13,70,98,50,0,218,71,1,72,290
07/17/2000,ALB,NY,AEA,EN,Towers with Radar,81,139,61,3,284,13,29,39,4,85,94,168,100,7,369,41,9,50,419
07/18/2000,ALB,NY,AEA,EN,Towers with Radar,83,143,62,3,291,14,47,19,14,94,97,190,81,17,385,32,10,42,427
07/19/2000,ALB,NY,AEA,EN,Towers with Radar,92,181,79,4,356,0,4,115,23,142,92,185,194,27,498,60,17,77,575
07/20/2000,ALB,NY,AEA,EN,Towers with Radar,94,188,84,4,370,0,0,109,1,110,94,188,193,5,480,81,9,90,570
07/21/2000,ALB,NY,AEA,EN,Towers with Radar,94,162,70,4,330,0,14,64,2,80,94,176,134,6,410,31,2,33,443
07/22/2000,ALB,NY,AEA,EN,Towers with Radar,82,104,38,11,235,2,0,84,20,106,84,104,122,31,341,86,17,103,444
07/23/2000,ALB,NY,AEA,EN,Towers with Radar,78,87,61,1,227,0,0,116,0,116,78,87,177,1,343,44,3,47,390
07/24/2000,ALB,NY,AEA,EN,Towers with Radar,87,148,64,3,302,12,18,66,3,99,99,166,130,6,401,66,17,83,484
07/25/2000,ALB,NY,AEA,EN,Towers with Radar,94,170,73,5,342,0,23,106,3,132,94,193,179,8,474,50,4,54,528
07/26/2000,ALB,NY,AEA,EN,Towers with Radar,88,178,79,5,350,0,0,65,9,74,88,178,144,14,424,41,0,41,465
07/27/2000,ALB,NY,AEA,EN,Towers with Radar,80,153,71,5,309,0,0,19,13,32,80,153,90,18,341,17,60,77,418
07/28/2000,ALB,NY,AEA,EN,Towers with Radar,86,169,73,5,333,0,5,63,1,69,86,174,136,6,402,48,16,64,466
07/29/2000,ALB,NY,AEA,EN,Towers with Radar,71,96,51,4,222,9,0,12,0,21,80,96,63,4,243,27,5,32,275
07/30/2000,ALB,NY,AEA,EN,Towers with Radar,72,105,53,2,232,8,0,0,0,8,80,105,53,2,240,30,0,30,270
07/31/2000,ALB,NY,AEA,EN,Towers with Radar,85,144,53,0,282,2,8,0,0,10,87,152,53,0,292,16,0,16,308
08/01/2000,ALB,NY,AEA,EN,Towers with Radar,94,182,77,0,353,0,2,30,2,34,94,184,107,2,387,49,2,51,438
08/02/2000,ALB,NY,AEA,EN,Towers with Radar,83,160,54,1,298,0,3,21,3,27,83,163,75,4,325,47,3,50,375
08/03/2000,ALB,NY,AEA,EN,Towers with Radar,92,167,65,2,326,0,4,48,5,57,92,171,113,7,383,40,2,42,425
08/04/2000,ALB,NY,AEA,EN,Towers with Radar,89,161,87,5,342,0,2,116,17,135,89,163,203,22,477,38,20,58,535
08/05/2000,ALB,NY,AEA,EN,Towers with Radar,79,94,62,2,237,4,0,171,4,179,83,94,233,6,416,56,4,60,476
08/06/2000,ALB,NY,AEA,EN,Towers with Radar,83,89,74,1,247,0,4,79,0,83,83,93,153,1,330,62,2,64,394
08/07/2000,ALB,NY,AEA,EN,Towers with Radar,89,140,50,3,282,0,4,18,0,22,89,144,68,3,304,40,2,42,346
08/08/2000,ALB,NY,AEA,EN,Towers with Radar,90,173,58,6,327,0,7,80,2,89,90,180,138,8,416,16,2,18,434
08/09/2000,ALB,NY,AEA,EN,Towers with Radar,92,177,52,3,324,0,4,93,2,99,92,181,145,5,423,24,2,26,449
08/10/2000,ALB,NY,AEA,EN,Towers with Radar,99,175,70,6,350,0,4,124,1,129,99,179,194,7,479,77,4,81,560
08/11/2000,ALB,NY,AEA,EN,Towers with Radar,86,163,80,1,330,0,4,43,0,47,86,167,123,1,377,22,0,22,399
08/12/2000,ALB,NY,AEA,EN,Towers with Radar,93,87,55,0,235,0,2,32,4,38,93,89,87,4,273,49,3,52,325
08/13/2000,ALB,NY,AEA,EN,Towers with Radar,82,88,66,0,236,0,2,65,1,68,82,90,131,1,304,24,6,30,334
08/14/2000,ALB,NY,AEA,EN,Towers with Radar,88,150,36,0,274,0,2,21,3,26,88,152,57,3,300,6,0,6,306
08/15/2000,ALB,NY,AEA,EN,Towers with Radar,92,166,76,2,336,0,15,69,4,88,92,181,145,6,424,53,3,56,480
08/16/2000,ALB,NY,AEA,EN,Towers with Radar,93,164,86,3,346,0,3,76,5,84,93,167,162,8,430,17,0,17,447
08/17/2000,ALB,NY,AEA,EN,Towers with Radar,77,167,90,6,340,0,11,99,6,116,77,178,189,12,456,61,0,61,517
08/18/2000,ALB,NY,AEA,EN,Towers with Radar,95,174,57,2,328,0,6,85,3,94,95,180,142,5,422,20,4,24,446
08/19/2000,ALB,NY,AEA,EN,Towers with Radar,86,83,45,1,215,0,3,77,2,82,86,86,122,3,297,63,0,63,360
08/20/2000,ALB,NY,AEA,EN,Towers with Radar,85,86,63,2,236,0,3,82,1,86,85,89,145,3,322,78,8,86,408
08/21/2000,ALB,NY,AEA,EN,Towers with Radar,87,151,66,0,304,0,3,126,4,133,87,154,192,4,437,49,15,64,501
08/22/2000,ALB,NY,AEA,EN,Towers with Radar,88,170,58,5,321,0,2,171,9,182,88,172,229,14,503,60,7,67,570
08/23/2000,ALB,NY,AEA,EN,Towers with Radar,91,192,64,2,349,0,1,11,0,12,91,193,75,2,361,8,5,13,374
08/24/2000,ALB,NY,AEA,EN,Towers with Radar,94,181,100,1,376,0,2,60,5,67,94,183,160,6,443,31,5,36,479
08/25/2000,ALB,NY,AEA,EN,Towers with Radar,85,180,75,2,342,0,3,74,18,95,85,183,149,20,437,34,15,49,486
08/26/2000,ALB,NY,AEA,EN,Towers with Radar,82,87,53,1,223,0,5,114,1,120,82,92,167,2,343,72,14,86,429
08/27/2000,ALB,NY,AEA,EN,Towers with Radar,81,99,43,0,223,0,1,60,0,61,81,100,103,0,284,42,0,42,326
08/28/2000,ALB,NY,AEA,EN,Towers with Radar,93,144,66,2,305,0,2,44,3,49,93,146,110,5,354,12,0,12,366
08/29/2000,ALB,NY,AEA,EN,Towers with Radar,100,171,105,3,379,0,2,117,4,123,100,173,222,7,502,42,0,42,544
08/30/2000,ALB,NY,AEA,EN,Towers with Radar,95,173,94,5,367,0,2,69,5,76,95,175,163,10,443,82,14,96,539
08/31/2000,ALB,NY,AEA,EN,Towers with Radar,89,165,107,5,366,0,1,58,3,62,89,166,165,8,428,70,13,83,511
09/01/2000,ALB,NY,AEA,EN,Towers with Radar,88,171,60,2,321,0,0,58,1,59,88,171,118,3,380,7,0,7,387
09/02/2000,ALB,NY,AEA,EN,Towers with Radar,84,92,46,1,223,0,1,39,0,40,84,93,85,1,263,37,0,37,300
09/03/2000,ALB,NY,AEA,EN,Towers with Radar,78,73,46,0,197,0,0,5,0,5,78,73,51,0,202,8,0,8,210
09/04/2000,ALB,NY,AEA,EN,Towers with Radar,84,91,61,0,236,0,0,13,0,13,84,91,74,0,249,29,0,29,278
09/05/2000,ALB,NY,AEA,EN,Towers with Radar,88,153,63,3,307,0,0,95,2,97,88,153,158,5,404,71,6,77,481
09/06/2000,ALB,NY,AEA,EN,Towers with Radar,89,180,73,6,348,0,0,89,0,89,89,180,162,6,437,51,4,55,492
09/07/2000,ALB,NY,AEA,EN,Towers with Radar,93,183,86,5,367,0,0,49,3,52,93,183,135,8,419,19,2,21,440
09/08/2000,ALB,NY,AEA,EN,Towers with Radar,96,200,69,4,369,0,1,73,5,79,96,201,142,9,448,41,8,49,497
09/09/2000,ALB,NY,AEA,EN,Towers with Radar,75,92,51,2,220,8,0,15,2,25,83,92,66,4,245,16,0,16,261
09/10/2000,ALB,NY,AEA,EN,Towers with Radar,84,82,56,3,225,0,0,49,8,57,84,82,105,11,282,89,6,95,377
09/11/2000,ALB,NY,AEA,EN,Towers with Radar,87,156,67,1,311,0,2,77,0,79,87,158,144,1,390,20,2,22,412
09/12/2000,ALB,NY,AEA,EN,Towers with Radar,96,179,53,1,329,0,0,13,0,13,96,179,66,1,342,3,0,3,345
09/13/2000,ALB,NY,AEA,EN,Towers with Radar,100,178,86,2,366,0,2,88,7,97,100,180,174,9,463,47,6,53,516
09/14/2000,ALB,NY,AEA,EN,Towers with Radar,94,166,73,4,337,0,2,109,15,126,94,168,182,19,463,79,4,83,546
09/15/2000,ALB,NY,AEA,EN,Towers with Radar,88,185,63,5,341,0,0,44,9,53,88,185,107,14,394,20,10,30,424
09/16/2000,ALB,NY,AEA,EN,Towers with Radar,92,109,37,6,244,0,1,136,12,149,92,110,173,18,393,71,2,73,466
09/17/2000,ALB,NY,AEA,EN,Towers with Radar,74,96,52,4,226,0,1,72,4,77,74,97,124,8,303,31,8,39,342
09/18/2000,ALB,NY,AEA,EN,Towers with Radar,81,132,55,3,271,6,21,78,2,107,87,153,133,5,378,41,6,47,425
09/19/2000,ALB,NY,AEA,EN,Towers with Radar,90,168,53,9,320,0,3,85,4,92,90,171,138,13,412,53,8,61,473
09/20/2000,ALB,NY,AEA,EN,Towers with Radar,92,177,101,6,376,0,2,102,4,108,92,179,203,10,484,71,14,85,569
09/21/2000,ALB,NY,AEA,EN,Towers with Radar,92,160,67,3,322,0,26,57,14,97,92,186,124,17,419,68,6,74,493
09/22/2000,ALB,NY,AEA,EN,Towers with Radar,88,188,51,4,331,0,6,119,15,140,88,194,170,19,471,82,20,102,573
09/23/2000,ALB,NY,AEA,EN,Towers with Radar,83,85,43,0,211,0,12,42,0,54,83,97,85,0,265,84,2,86,351
09/24/2000,ALB,NY,AEA,EN,Towers with Radar,83,83,48,1,215,0,0,25,0,25,83,83,73,1,240,43,0,43,283
09/25/2000,ALB,NY,AEA,EN,Towers with Radar,85,152,58,5,300,0,4,90,0,94,85,156,148,5,394,21,0,21,415
09/26/2000,ALB,NY,AEA,EN,Towers with Radar,95,179,61,3,338,0,4,75,1,80,95,183,136,4,418,39,3,42,460
09/27/2000,ALB,NY,AEA,EN,Towers with Radar,98,166,49,5,318,0,1,81,3,85,98,167,130,8,403,87,12,99,502
09/28/2000,ALB,NY,AEA,EN,Towers with Radar,87,170,64,7,328,0,3,57,7,67,87,173,121,14,395,67,10,77,472
09/29/2000,ALB,NY,AEA,EN,Towers with Radar,97,176,86,1,360,0,2,108,17,127,97,178,194,18,487,59,2,61,548
09/30/2000,ALB,NY,AEA,EN,Towers with Radar,90,91,51,1,233,0,4,96,4,104,90,95,147,5,337,34,0,34,371
10/01/2000,ALB,NY,AEA,EN,Towers with Radar,75,89,51,0,215,0,0,84,0,84,75,89,135,0,299,4,0,4,303
10/02/2000,ALB,NY,AEA,EN,Towers with Radar,86,137,78,1,302,0,3,41,1,45,86,140,119,2,347,31,0,31,378
10/03/2000,ALB,NY,AEA,EN,Towers with Radar,92,179,46,5,322,0,3,80,15,98,92,182,126,20,420,76,10,86,506
10/04/2000,ALB,NY,AEA,EN,Towers with Radar,93,178,57,1,329,0,1,42,1,44,93,179,99,2,373,13,0,13,386
10/05/2000,ALB,NY,AEA,EN,Towers with Radar,91,178,83,1,353,0,0,11,9,20,91,178,94,10,373,33,1,34,407
10/06/2000,ALB,NY,AEA,EN,Towers with Radar,91,161,59,1,312,0,0,7,2,9,91,161,66,3,321,10,0,10,331
10/07/2000,ALB,NY,AEA,EN,Towers with Radar,83,98,36,0,217,0,1,101,2,104,83,99,137,2,321,16,17,33,354
10/08/2000,ALB,NY,AEA,EN,Towers with Radar,88,96,24,0,208,0,0,71,8,79,88,96,95,8,287,62,18,80,367
10/09/2000,ALB,NY,AEA,EN,Towers with Radar,88,131,53,0,272,0,2,58,0,60,88,133,111,0,332,78,3,81,413
10/10/2000,ALB,NY,AEA,EN,Towers with Radar,90,166,57,3,316,0,0,24,3,27,90,166,81,6,343,64,2,66,409
10/11/2000,ALB,NY,AEA,EN,Towers with Radar,97,172,69,4,342,0,5,58,4,67,97,177,127,8,409,12,5,17,426
10/12/2000,ALB,NY,AEA,EN,Towers with Radar,89,169,59,5,322,0,2,123,16,141,89,171,182,21,463,71,8,79,542
10/13/2000,ALB,NY,AEA,EN,Towers with Radar,90,162,93,0,345,0,2,113,0,115,90,164,206,0,460,62,3,65,525
10/14/2000,ALB,NY,AEA,EN,Towers with Radar,83,89,50,0,222,0,3,146,4,153,83,92,196,4,375,63,3,66,441
10/15/2000,ALB,NY,AEA,EN,Towers with Radar,81,101,52,1,235,0,3,90,1,94,81,104,142,2,329,45,0,45,374
10/16/2000,ALB,NY,AEA,EN,Towers with Radar,101,155,44,12,312,0,1,4,1,6,101,156,48,13,318,2,2,4,322
10/17/2000,ALB,NY,AEA,EN,Towers with Radar,93,190,54,10,347,0,1,40,11,52,93,191,94,21,399,27,12,39,438
10/18/2000,ALB,NY,AEA,EN,Towers with Radar,89,178,46,0,313,0,0,1,0,1,89,178,47,0,314,4,2,6,320
10/19/2000,ALB,NY,AEA,EN,Towers with Radar,93,178,67,4,342,0,12,53,14,79,93,190,120,18,421,128,18,146,567
10/20/2000,ALB,NY,AEA,EN,Towers with Radar,91,168,99,4,362,0,5,140,4,149,91,173,239,8,511,111,9,120,631
10/21/2000,ALB,NY,AEA,EN,Towers with Radar,83,87,46,4,220,0,6,128,8,142,83,93,174,12,362,92,3,95,457
10/22/2000,ALB,NY,AEA,EN,Towers with Radar,74,91,79,0,244,0,2,116,1,119,74,93,195,1,363,52,0,52,415
10/23/2000,ALB,NY,AEA,EN,Towers with Radar,94,154,58,0,306,0,1,85,1,87,94,155,143,1,393,29,0,29,422
10/24/2000,ALB,NY,AEA,EN,Towers with Radar,92,178,78,8,356,0,2,93,13,108,92,180,171,21,464,60,17,77,541
10/25/2000,ALB,NY,AEA,EN,Towers with Radar,87,180,80,0,347,0,1,81,3,85,87,181,161,3,432,108,6,114,546
10/26/2000,ALB,NY,AEA,EN,Towers with Radar,91,158,64,19,332,0,2,82,20,104,91,160,146,39,436,32,12,44,480
10/27/2000,ALB,NY,AEA,EN,Towers with Radar,90,173,63,0,326,0,2,75,3,80,90,175,138,3,406,46,3,49,455
10/28/2000,ALB,NY,AEA,EN,Towers with Radar,81,90,28,4,203,0,1,27,0,28,81,91,55,4,231,86,0,86,317
10/29/2000,ALB,NY,AEA,EN,Towers with Radar,84,86,28,4,202,0,0,12,0,12,84,86,40,4,214,7,0,7,221
10/30/2000,ALB,NY,AEA,EN,Towers with Radar,92,142,57,7,298,0,0,35,2,37,92,142,92,9,335,61,9,70,405
10/31/2000,ALB,NY,AEA,EN,Towers with Radar,87,171,60,4,322,0,3,71,0,74,87,174,131,4,396,48,0,48,444
11/01/2000,ALB,NY,AEA,EN,Towers with Radar,91,184,92,1,368,0,1,53,3,57,91,185,145,4,425,42,0,42,467
11/02/2000,ALB,NY,AEA,EN,Towers with Radar,90,175,85,6,356,0,3,89,7,99,90,178,174,13,455,55,3,58,513
11/03/2000,ALB,NY,AEA,EN,Towers with Radar,88,172,67,10,337,0,5,106,12,123,88,177,173,22,460,66,6,72,532
11/04/2000,ALB,NY,AEA,EN,Towers with Radar,86,95,45,3,229,0,6,81,16,103,86,101,126,19,332,70,5,75,407
11/05/2000,ALB,NY,AEA,EN,Towers with Radar,70,100,33,0,203,0,2,27,7,36,70,102,60,7,239,34,21,55,294
11/06/2000,ALB,NY,AEA,EN,Towers with Radar,82,145,55,2,284,0,2,34,2,38,82,147,89,4,322,34,0,34,356
11/07/2000,ALB,NY,AEA,EN,Towers with Radar,87,170,41,7,305,0,3,57,19,79,87,173,98,26,384,77,4,81,465
11/08/2000,ALB,NY,AEA,EN,Towers with Radar,88,188,72,10,358,0,1,64,19,84,88,189,136,29,442,36,23,59,501
11/09/2000,ALB,NY,AEA,EN,Towers with Radar,86,197,76,2,361,0,2,30,5,37,86,199,106,7,398,20,0,20,418
11/10/2000,ALB,NY,AEA,EN,Towers with Radar,88,172,77,2,339,0,0,2,1,3,88,172,79,3,342,0,0,0,342
11/11/2000,ALB,NY,AEA,EN,Towers with Radar,80,91,39,8,218,0,0,7,1,8,80,91,46,9,226,20,4,24,250
11/12/2000,ALB,NY,AEA,EN,Towers with Radar,76,100,49,2,227,0,17,66,0,83,76,117,115,2,310,70,4,74,384
11/13/2000,ALB,NY,AEA,EN,Towers with Radar,83,156,66,6,311,0,0,24,4,28,83,156,90,10,339,22,0,22,361
11/14/2000,ALB,NY,AEA,EN,Towers with Radar,88,166,47,7,308,0,0,4,0,4,88,166,51,7,312,18,7,25,337
11/15/2000,ALB,NY,AEA,EN,Towers with Radar,85,179,66,3,333,0,1,34,22,57,85,180,100,25,390,67,12,79,469
11/16/2000,ALB,NY,AEA,EN,Towers with Radar,84,174,51,3,312,0,2,97,6,105,84,176,148,9,417,64,21,85,502
11/17/2000,ALB,NY,AEA,EN,Towers with Radar,90,161,40,3,294,0,3,62,17,82,90,164,102,20,376,24,10,34,410
11/18/2000,ALB,NY,AEA,EN,Towers with Radar,80,106,13,0,199,0,0,54,7,61,80,106,67,7,260,56,0,56,316
11/19/2000,ALB,NY,AEA,EN,Towers with Radar,75,97,34,4,210,0,0,78,0,78,75,97,112,4,288,60,4,64,352
11/20/2000,ALB,NY,AEA,EN,Towers with Radar,87,130,36,0,253,0,0,46,8,54,87,130,82,8,307,45,1,46,353
11/21/2000,ALB,NY,AEA,EN,Towers with Radar,88,161,62,3,314,0,0,82,5,87,88,161,144,8,401,20,2,22,423
11/22/2000,ALB,NY,AEA,EN,Towers with Radar,92,162,52,0,306,0,0,16,0,16,92,162,68,0,322,0,0,0,322
11/23/2000,ALB,NY,AEA,EN,Towers with Radar,79,91,17,2,189,0,1,22,0,23,79,92,39,2,212,0,0,0,212
11/24/2000,ALB,NY,AEA,EN,Towers with Radar,71,77,34,0,182,0,1,48,0,49,71,78,82,0,231,47,0,47,278
11/25/2000,ALB,NY,AEA,EN,Towers with Radar,79,96,40,0,215,0,1,68,1,70,79,97,108,1,285,85,0,85,370
11/26/2000,ALB,NY,AEA,EN,Towers with Radar,78,95,24,0,197,0,0,1,0,1,78,95,25,0,198,12,0,12,210
11/27/2000,ALB,NY,AEA,EN,Towers with Radar,85,153,53,0,291,0,0,15,3,18,85,153,68,3,309,2,0,2,311
11/28/2000,ALB,NY,AEA,EN,Towers with Radar,89,172,57,12,330,0,0,44,11,55,89,172,101,23,385,45,14,59,444
11/29/2000,ALB,NY,AEA,EN,Towers with Radar,87,170,48,8,313,0,1,51,22,74,87,171,99,30,387,85,22,107,494
11/30/2000,ALB,NY,AEA,EN,Towers with Radar,91,172,53,5,321,0,0,11,0,11,91,172,64,5,332,12,10,22,354
12/01/2000,ALB,NY,AEA,EN,Towers with Radar,85,167,50,3,305,1,1,45,9,56,86,168,95,12,361,42,29,71,432
12/02/2000,ALB,NY,AEA,EN,Towers with Radar,79,98,37,1,215,1,0,64,4,69,80,98,101,5,284,35,6,41,325
12/03/2000,ALB,NY,AEA,EN,Towers with Radar,75,104,54,0,233,1,3,105,0,109,76,107,159,0,342,63,0,63,405
12/04/2000,ALB,NY,AEA,EN,Towers with Radar,84,171,63,11,329,0,0,88,5,93,84,171,151,16,422,42,36,78,500
12/05/2000,ALB,NY,AEA,EN,Towers with Radar,94,206,52,2,354,0,0,42,1,43,94,206,94,3,397,57,14,71,468
12/06/2000,ALB,NY,AEA,EN,Towers with Radar,87,207,55,6,355,0,0,46,22,68,87,207,101,28,423,64,22,86,509
12/07/2000,ALB,NY,AEA,EN,Towers with Radar,85,203,42,6,336,0,0,41,8,49,85,203,83,14,385,40,8,48,433
12/08/2000,ALB,NY,AEA,EN,Towers with Radar,91,209,40,1,341,0,0,6,0,6,91,209,46,1,347,5,2,7,354
12/09/2000,ALB,NY,AEA,EN,Towers with Radar,83,114,27,7,231,0,0,76,1,77,83,114,103,8,308,61,2,63,371
12/10/2000,ALB,NY,AEA,EN,Towers with Radar,72,114,43,1,230,0,1,76,2,79,72,115,119,3,309,40,4,44,353
12/11/2000,ALB,NY,AEA,EN,Towers with Radar,80,214,22,4,320,0,0,26,0,26,80,214,48,4,346,8,2,10,356
12/12/2000,ALB,NY,AEA,EN,Towers with Radar,75,145,19,2,241,0,39,0,1,40,75,184,19,3,281,4,0,4,285
12/13/2000,ALB,NY,AEA,EN,Towers with Radar,77,212,43,7,339,0,3,61,11,75,77,215,104,18,414,27,7,34,448
12/14/2000,ALB,NY,AEA,EN,Towers with Radar,84,168,25,2,279,0,0,1,4,5,84,168,26,6,284,0,42,42,326
12/15/2000,ALB,NY,AEA,EN,Towers with Radar,87,205,65,13,370,0,1,69,16,86,87,206,134,29,456,71,37,108,564
12/16/2000,ALB,NY,AEA,EN,Towers with Radar,81,98,9,0,188,0,1,11,1,13,81,99,20,1,201,55,15,70,271
12/17/2000,ALB,NY,AEA,EN,Towers with Radar,85,65,14,4,168,0,0,1,0,1,85,65,15,4,169,2,0,2,171
12/18/2000,ALB,NY,AEA,EN,Towers with Radar,91,178,42,6,317,0,1,42,1,44,91,179,84,7,361,44,0,44,405
12/19/2000,ALB,NY,AEA,EN,Towers with Radar,94,209,31,0,334,0,0,3,1,4,94,209,34,1,338,0,0,0,338
12/20/2000,ALB,NY,AEA,EN,Towers with Radar,96,196,53,2,347,0,0,15,5,20,96,196,68,7,367,42,18,60,427
12/21/2000,ALB,NY,AEA,EN,Towers with Radar,88,195,42,3,328,0,0,55,13,68,88,195,97,16,396,46,17,63,459
12/22/2000,ALB,NY,AEA,EN,Towers with Radar,97,193,26,0,316,0,0,25,0,25,97,193,51,0,341,8,8,16,357
12/23/2000,ALB,NY,AEA,EN,Towers with Radar,90,110,36,0,236,0,0,57,2,59,90,110,93,2,295,88,0,88,383
12/24/2000,ALB,NY,AEA,EN,Towers with Radar,70,61,26,1,158,0,0,16,0,16,70,61,42,1,174,14,0,14,188
12/25/2000,ALB,NY,AEA,EN,Towers with Radar,70,52,11,0,133,0,0,7,0,7,70,52,18,0,140,2,0,2,142
12/26/2000,ALB,NY,AEA,EN,Towers with Radar,80,171,29,0,280,0,0,21,0,21,80,171,50,0,301,5,0,5,306
12/27/2000,ALB,NY,AEA,EN,Towers with Radar,87,185,40,0,312,0,0,14,0,14,87,185,54,0,326,13,0,13,339
12/28/2000,ALB,NY,AEA,EN,Towers with Radar,88,182,32,2,304,0,0,16,1,17,88,182,48,3,321,39,3,42,363
12/29/2000,ALB,NY,AEA,EN,Towers with Radar,82,184,58,0,324,0,0,55,0,55,82,184,113,0,379,19,0,19,398
12/30/2000,ALB,NY,AEA,EN,Towers with Radar,49,50,6,0,105,0,0,4,0,4,49,50,10,0,109,4,0,4,113
12/31/2000,ALB,NY,AEA,EN,Towers with Radar,51,48,3,1,103,0,0,1,0,1,51,48,4,1,104,0,0,0,104
01/01/2001,ALB,NY,AEA,EN,Towers with Radar,76,65,13,0,154,0,1,6,0,7,76,66,19,0,161,17,0,17,178
01/02/2001,ALB,NY,AEA,EN,Towers with Radar,76,162,40,0,278,0,2,40,3,45,76,164,80,3,323,49,8,57,380
01/03/2001,ALB,NY,AEA,EN,Towers with Radar,89,196,46,3,334,0,4,79,6,89,89,200,125,9,423,60,9,69,492
01/04/2001,ALB,NY,AEA,EN,Towers with Radar,84,188,44,3,319,0,2,25,12,39,84,190,69,15,358,17,0,17,375
01/05/2001,ALB,NY,AEA,EN,Towers with Radar,81,185,35,3,304,0,1,21,6,28,81,186,56,9,332,12,5,17,349
01/06/2001,ALB,NY,AEA,EN,Towers with Radar,84,102,13,1,200,0,1,24,8,33,84,103,37,9,233,47,8,55,288
01/07/2001,ALB,NY,AEA,EN,Towers with Radar,79,98,19,1,197,0,4,70,2,76,79,102,89,3,273,58,0,58,331
01/08/2001,ALB,NY,AEA,EN,Towers with Radar,79,181,35,6,301,0,0,15,0,15,79,181,50,6,316,20,4,24,340
01/09/2001,ALB,NY,AEA,EN,Towers with Radar,90,203,35,4,332,0,0,15,21,36,90,203,50,25,368,8,46,54,422
01/10/2001,ALB,NY,AEA,EN,Towers with Radar,90,203,40,15,348,0,0,67,7,74,90,203,107,22,422,64,32,96,518
01/11/2001,ALB,NY,AEA,EN,Towers with Radar,83,209,43,5,340,0,1,29,22,52,83,210,72,27,392,4,6,10,402
01/12/2001,ALB,NY,AEA,EN,Towers with Radar,83,204,47,16,350,0,0,108,8,116,83,204,155,24,466,74,22,96,562
01/13/2001,ALB,NY,AEA,EN,Towers with Radar,75,106,51,0,232,0,4,117,0,121,75,110,168,0,353,63,0,63,416
01/14/2001,ALB,NY,AEA,EN,Towers with Radar,74,99,25,0,198,0,2,67,0,69,74,101,92,0,267,86,6,92,359
01/15/2001,ALB,NY,AEA,EN,Towers with Radar,83,147,14,1,245,0,0,1,0,1,83,147,15,1,246,0,0,0,246
01/16/2001,ALB,NY,AEA,EN,Towers with Radar,87,207,66,4,364,0,1,13,2,16,87,208,79,6,380,19,2,21,401
01/17/2001,ALB,NY,AEA,EN,Towers with Radar,82,203,55,6,346,0,0,39,12,51,82,203,94,18,397,17,14,31,428
01/18/2001,ALB,NY,AEA,EN,Towers with Radar,81,226,44,4,355,0,1,36,1,38,81,227,80,5,393,20,0,20,413
01/19/2001,ALB,NY,AEA,EN,Towers with Radar,82,185,26,0,293,0,0,1,0,1,82,185,27,0,294,0,0,0,294
01/20/2001,ALB,NY,AEA,EN,Towers with Radar,57,107,25,2,191,34,0,30,32,96,91,107,55,34,287,97,14,111,398
01/21/2001,ALB,NY,AEA,EN,Towers with Radar,67,91,25,0,183,0,2,44,2,48,67,93,69,2,231,55,1,56,287
01/22/2001,ALB,NY,AEA,EN,Towers with Radar,79,180,38,0,297,0,3,48,4,55,79,183,86,4,352,25,0,25,377
01/23/2001,ALB,NY,AEA,EN,Towers with Radar,82,212,61,0,355,0,1,55,7,63,82,213,116,7,418,34,2,36,454
01/24/2001,ALB,NY,AEA,EN,Towers with Radar,84,202,45,5,336,0,0,67,25,92,84,202,112,30,428,41,21,62,490
01/25/2001,ALB,NY,AEA,EN,Towers with Radar,88,213,43,12,356,0,1,40,6,47,88,214,83,18,403,31,12,43,446
01/26/2001,ALB,NY,AEA,EN,Towers with Radar,81,200,50,1,332,0,1,64,2,67,81,201,114,3,399,52,4,56,455
01/27/2001,ALB,NY,AEA,EN,Towers with Radar,78,111,12,1,202,0,0,11,0,11,78,111,23,1,213,34,0,34,247
01/28/2001,ALB,NY,AEA,EN,Towers with Radar,74,100,32,0,206,0,1,63,0,64,74,101,95,0,270,33,0,33,303
01/29/2001,ALB,NY,AEA,EN,Towers with Radar,77,192,43,0,312,0,0,39,2,41,77,192,82,2,353,31,0,31,384
01/30/2001,ALB,NY,AEA,EN,Towers with Radar,85,189,38,0,312,0,0,0,0,0,85,189,38,0,312,2,0,2,314
01/31/2001,ALB,NY,AEA,EN,Towers with Radar,85,223,56,10,374,0,0,12,1,13,85,223,68,11,387,38,1,39,426
02/01/2001,ALB,NY,AEA,EN,Towers with Radar,87,207,37,16,347,0,0,40,26,66,87,207,77,42,413,20,36,56,469
02/02/2001,ALB,NY,AEA,EN,Towers with Radar,85,195,46,2,328,0,0,28,0,28,85,195,74,2,356,19,0,19,375
02/03/2001,ALB,NY,AEA,EN,Towers with Radar,81,107,28,1,217,0,0,16,5,21,81,107,44,6,238,14,2,16,254
02/04/2001,ALB,NY,AEA,EN,Towers with Radar,69,106,22,1,198,0,2,58,7,67,69,108,80,8,265,67,20,87,352
02/05/2001,ALB,NY,AEA,EN,Towers with Radar,63,133,23,2,221,0,1,1,0,2,63,134,24,2,223,0,0,0,223
02/06/2001,ALB,NY,AEA,EN,Towers with Radar,81,172,44,4,301,0,0,33,3,36,81,172,77,7,337,46,5,51,388
02/07/2001,ALB,NY,AEA,EN,Towers with Radar,87,213,33,0,333,0,1,62,7,70,87,214,95,7,403,53,16,69,472
02/08/2001,ALB,NY,AEA,EN,Towers with Radar,78,199,34,2,313,0,1,17,0,18,78,200,51,2,331,36,4,40,371
02/09/2001,ALB,NY,AEA,EN,Towers with Radar,84,191,48,2,325,0,2,5,0,7,84,193,53,2,332,31,6,37,369
02/10/2001,ALB,NY,AEA,EN,Towers with Radar,81,91,12,0,184,0,0,1,0,1,81,91,13,0,185,7,0,7,192
02/11/2001,ALB,NY,AEA,EN,Towers with Radar,74,101,27,0,202,0,0,27,0,27,74,101,54,0,229,15,0,15,244
02/12/2001,ALB,NY,AEA,EN,Towers with Radar,76,186,53,0,315,0,2,74,4,80,76,188,127,4,395,26,4,30,425
02/13/2001,ALB,NY,AEA,EN,Towers with Radar,84,211,78,3,376,0,4,108,18,130,84,215,186,21,506,14,0,14,520
02/14/2001,ALB,NY,AEA,EN,Towers with Radar,86,205,29,1,321,0,0,24,0,24,86,205,53,1,345,13,2,15,360
02/15/2001,ALB,NY,AEA,EN,Towers with Radar,84,207,37,1,329,0,1,48,26,75,84,208,85,27,404,11,15,26,430
02/16/2001,ALB,NY,AEA,EN,Towers with Radar,83,200,49,0,332,0,0,18,0,18,83,200,67,0,350,16,0,16,366
02/17/2001,ALB,NY,AEA,EN,Towers with Radar,95,115,19,0,229,0,1,7,0,8,95,116,26,0,237,4,0,4,241
02/18/2001,ALB,NY,AEA,EN,Towers with Radar,72,96,41,0,209,0,0,80,0,80,72,96,121,0,289,104,2,106,395
02/19/2001,ALB,NY,AEA,EN,Towers with Radar,83,171,36,0,290,0,0,68,0,68,83,171,104,0,358,52,0,52,410
02/20/2001,ALB,NY,AEA,EN,Towers with Radar,82,187,31,1,301,0,2,41,9,52,82,189,72,10,353,59,4,63,416
02/21/2001,ALB,NY,AEA,EN,Towers with Radar,84,209,53,0,346,0,0,25,8,33,84,209,78,8,379,4,8,12,391
02/22/2001,ALB,NY,AEA,EN,Towers with Radar,78,206,59,3,346,0,3,46,5,54,78,209,105,8,400,14,0,14,414
02/23/2001,ALB,NY,AEA,EN,Towers with Radar,86,192,48,1,327,0,0,22,0,22,86,192,70,1,349,30,4,34,383
02/24/2001,ALB,NY,AEA,EN,Towers with Radar,77,111,33,4,225,0,4,96,0,100,77,115,129,4,325,76,0,76,401
02/25/2001,ALB,NY,AEA,EN,Towers with Radar,79,90,9,0,178,0,2,2,0,4,79,92,11,0,182,2,0,2,184
02/26/2001,ALB,NY,AEA,EN,Towers with Radar,81,201,39,1,322,0,1,24,3,28,81,202,63,4,350,3,4,7,357
02/27/2001,ALB,NY,AEA,EN,Towers with Radar,87,209,34,9,339,0,11,31,15,57,87,220,65,24,396,14,26,40,436
02/28/2001,ALB,NY,AEA,EN,Towers with Radar,83,226,53,0,362,0,0,46,13,59,83,226,99,13,421,27,0,27,448
03/01/2001,ALB,NY,AEA,EN,Towers with Radar,88,217,64,0,369,1,13,26,0,40,89,230,90,0,409,46,3,49,458
03/02/2001,ALB,NY,AEA,EN,Towers with Radar,81,224,37,0,342,1,0,2,0,3,82,224,39,0,345,9,0,9,354
03/03/2001,ALB,NY,AEA,EN,Towers with Radar,84,98,18,1,201,0,0,85,4,89,84,98,103,5,290,69,9,78,368
03/04/2001,ALB,NY,AEA,EN,Towers with Radar,68,105,22,0,195,1,0,77,1,79,69,105,99,1,274,80,4,84,358
03/05/2001,ALB,NY,AEA,EN,Towers with Radar,33,25,3,0,61,1,0,0,0,1,34,25,3,0,62,0,0,0,62
03/06/2001,ALB,NY,AEA,EN,Towers with Radar,33,38,9,0,80,1,0,1,0,2,34,38,10,0,82,0,0,0,82
03/07/2001,ALB,NY,AEA,EN,Towers with Radar,89,190,31,0,310,0,0,34,1,35,89,190,65,1,345,23,20,43,388
03/08/2001,ALB,NY,AEA,EN,Towers with Radar,85,209,56,3,353,0,1,52,10,63,85,210,108,13,416,19,4,23,439
03/09/2001,ALB,NY,AEA,EN,Towers with Radar,81,205,35,1,322,1,0,1,3,5,82,205,36,4,327,10,0,10,337
03/10/2001,ALB,NY,AEA,EN,Towers with Radar,76,103,18,6,203,1,0,33,7,41,77,103,51,13,244,53,25,78,322
03/11/2001,ALB,NY,AEA,EN,Towers with Radar,73,113,18,2,206,1,0,54,2,57,74,113,72,4,263,30,7,37,300
03/12/2001,ALB,NY,AEA,EN,Towers with Radar,76,197,46,2,321,1,1,86,2,90,77,198,132,4,411,6,0,6,417
03/13/2001,ALB,NY,AEA,EN,Towers with Radar,82,209,34,6,331,1,0,2,0,3,83,209,36,6,334,1,4,5,339
03/14/2001,ALB,NY,AEA,EN,Towers with Radar,86,221,37,0,344,1,1,24,7,33,87,222,61,7,377,20,9,29,406
03/15/2001,ALB,NY,AEA,EN,Towers with Radar,83,232,90,11,416,1,1,101,23,126,84,233,191,34,542,77,38,115,657
03/16/2001,ALB,NY,AEA,EN,Towers with Radar,83,227,35,7,352,1,1,87,8,97,84,228,122,15,449,82,26,108,557
03/17/2001,ALB,NY,AEA,EN,Towers with Radar,79,97,26,4,206,0,1,75,0,76,79,98,101,4,282,65,2,67,349
03/18/2001,ALB,NY,AEA,EN,Towers with Radar,75,115,32,0,222,0,3,67,0,70,75,118,99,0,292,20,3,23,315
03/19/2001,ALB,NY,AEA,EN,Towers with Radar,78,199,54,1,332,0,16,67,0,83,78,215,121,1,415,47,0,47,462
03/20/2001,ALB,NY,AEA,EN,Towers with Radar,89,225,64,4,382,0,1,101,7,109,89,226,165,11,491,48,2,50,541
03/21/2001,ALB,NY,AEA,EN,Towers with Radar,85,229,39,2,355,0,0,46,6,52,85,229,85,8,407,6,10,16,423
03/22/2001,ALB,NY,AEA,EN,Towers with Radar,87,212,22,1,322,0,0,0,0,0,87,212,22,1,322,0,0,0,322
03/23/2001,ALB,NY,AEA,EN,Towers with Radar,78,229,59,2,368,0,0,9,0,9,78,229,68,2,377,18,0,18,395
03/24/2001,ALB,NY,AEA,EN,Towers with Radar,79,102,62,0,243,0,0,12,0,12,79,102,74,0,255,14,0,14,269
03/25/2001,ALB,NY,AEA,EN,Towers with Radar,73,108,92,0,273,0,0,23,0,23,73,108,115,0,296,48,0,48,344
03/26/2001,ALB,NY,AEA,EN,Towers with Radar,79,201,64,5,349,0,0,15,0,15,79,201,79,5,364,24,6,30,394
03/27/2001,ALB,NY,AEA,EN,Towers with Radar,86,241,103,13,443,0,0,26,1,27,86,241,129,14,470,54,6,60,530
03/28/2001,ALB,NY,AEA,EN,Towers with Radar,87,227,121,13,448,0,0,26,4,30,87,227,147,17,478,47,10,57,535
03/29/2001,ALB,NY,AEA,EN,Towers with Radar,83,221,123,15,442,0,0,36,0,36,83,221,159,15,478,52,42,94,572
03/30/2001,ALB,NY,AEA,EN,Towers with Radar,85,198,26,0,309,0,1,0,0,1,85,199,26,0,310,40,2,42,352
03/31/2001,ALB,NY,AEA,EN,Towers with Radar,71,108,20,1,200,0,21,70,0,91,71,129,90,1,291,5,0,5,296
04/01/2001,ALB,NY,AEA,EN,Towers with Radar,74,105,29,0,208,1,0,21,0,22,75,105,50,0,230,45,0,45,275
04/02/2001,ALB,NY,AEA,EN,Towers with Radar,80,188,31,0,299,0,0,17,14,31,80,188,48,14,330,15,12,27,357
04/03/2001,ALB,NY,AEA,EN,Towers with Radar,86,211,57,1,355,0,4,60,6,70,86,215,117,7,425,39,4,43,468
04/04/2001,ALB,NY,AEA,EN,Towers with Radar,87,226,56,4,373,0,2,77,17,96,87,228,133,21,469,19,10,29,498
04/05/2001,ALB,NY,AEA,EN,Towers with Radar,87,244,92,2,425,0,1,59,3,63,87,245,151,5,488,49,0,49,537
04/06/2001,ALB,NY,AEA,EN,Towers with Radar,83,226,52,1,362,0,2,41,1,44,83,228,93,2,406,13,5,18,424
04/07/2001,ALB,NY,AEA,EN,Towers with Radar,80,103,36,0,219,0,0,38,6,44,80,103,74,6,263,52,20,72,335
04/08/2001,ALB,NY,AEA,EN,Towers with Radar,77,102,49,3,231,0,0,7,1,8,77,102,56,4,239,31,12,43,282
04/09/2001,ALB,NY,AEA,EN,Towers with Radar,80,204,43,2,329,0,0,78,2,80,80,204,121,4,409,37,2,39,448
04/10/2001,ALB,NY,AEA,EN,Towers with Radar,88,228,52,1,369,0,1,56,15,72,88,229,108,16,441,28,0,28,469
04/11/2001,ALB,NY,AEA,EN,Towers with Radar,87,217,46,2,352,0,0,32,8,40,87,217,78,10,392,16,12,28,420
04/12/2001,ALB,NY,AEA,EN,Towers with Radar,91,221,61,0,373,0,0,0,0,0,91,221,61,0,373,9,0,9,382
04/13/2001,ALB,NY,AEA,EN,Towers with Radar,90,235,51,2,378,0,3,32,2,37,90,238,83,4,415,35,4,39,454
04/14/2001,ALB,NY,AEA,EN,Towers with Radar,78,120,56,0,254,0,3,79,0,82,78,123,135,0,336,68,0,68,404
04/15/2001,ALB,NY,AEA,EN,Towers with Radar,74,138,46,0,258,0,1,53,0,54,74,139,99,0,312,66,0,66,378
04/16/2001,ALB,NY,AEA,EN,Towers with Radar,81,223,41,2,347,0,2,40,4,46,81,225,81,6,393,32,1,33,426
04/17/2001,ALB,NY,AEA,EN,Towers with Radar,87,222,60,1,370,0,5,45,1,51,87,227,105,2,421,48,0,48,469
04/18/2001,ALB,NY,AEA,EN,Towers with Radar,86,220,61,0,367,0,1,51,19,71,86,221,112,19,438,55,10,65,503
04/19/2001,ALB,NY,AEA,EN,Towers with Radar,87,232,79,3,401,0,3,56,3,62,87,235,135,6,463,59,12,71,534
04/20/2001,ALB,NY,AEA,EN,Towers with Radar,87,220,75,5,387,0,3,73,2,78,87,223,148,7,465,67,12,79,544
04/21/2001,ALB,NY,AEA,EN,Towers with Radar,78,100,28,0,206,0,4,110,6,120,78,104,138,6,326,81,10,91,417
04/22/2001,ALB,NY,AEA,EN,Towers with Radar,77,112,58,0,247,0,0,29,1,30,77,112,87,1,277,37,0,37,314
04/23/2001,ALB,NY,AEA,EN,Towers with Radar,81,210,69,0,360,0,4,49,4,57,81,214,118,4,417,36,4,40,457
04/24/2001,ALB,NY,AEA,EN,Towers with Radar,87,225,39,3,354,0,1,20,18,39,87,226,59,21,393,38,7,45,438
04/25/2001,ALB,NY,AEA,EN,Towers with Radar,84,228,59,1,372,0,3,54,29,86,84,231,113,30,458,43,30,73,531
04/26/2001,ALB,NY,AEA,EN,Towers with Radar,84,243,65,0,392,0,6,85,12,103,84,249,150,12,495,94,8,102,597
04/27/2001,ALB,NY,AEA,EN,Towers with Radar,90,240,63,2,395,0,3,53,11,67,90,243,116,13,462,107,0,107,569
04/28/2001,ALB,NY,AEA,EN,Towers with Radar,80,107,50,15,252,0,1,59,2,62,80,108,109,17,314,51,0,51,365
04/29/2001,ALB,NY,AEA,EN,Towers with Radar,75,104,62,10,251,0,0,98,1,99,75,104,160,11,350,94,0,94,444
04/30/2001,ALB,NY,AEA,EN,Towers with Radar,82,186,54,2,324,2,15,70,9,96,84,201,124,11,420,26,8,34,454
05/01/2001,ALB,NY,AEA,EN,Towers with Radar,87,231,68,8,394,0,3,44,8,55,87,234,112,16,449,49,19,68,517
05/02/2001,ALB,NY,AEA,EN,Towers with Radar,84,229,63,15,391,0,1,67,10,78,84,230,130,25,469,91,10,101,570
05/03/2001,ALB,NY,AEA,EN,Towers with Radar,85,227,72,5,389,0,1,72,6,79,85,228,144,11,468,27,10,37,505
05/04/2001,ALB,NY,AEA,EN,Towers with Radar,88,231,68,1,388,0,0,49,2,51,88,231,117,3,439,39,1,40,479
05/05/2001,ALB,NY,AEA,EN,Towers with Radar,79,107,32,1,219,0,1,61,7,69,79,108,93,8,288,10,0,10,298
05/06/2001,ALB,NY,AEA,EN,Towers with Radar,81,105,50,3,239,0,2,52,0,54,81,107,102,3,293,59,7,66,359
05/07/2001,ALB,NY,AEA,EN,Towers with Radar,85,210,47,7,349,0,4,34,10,48,85,214,81,17,397,25,15,40,437
05/08/2001,ALB,NY,AEA,EN,Towers with Radar,90,225,76,6,397,0,0,79,15,94,90,225,155,21,491,36,16,52,543
05/09/2001,ALB,NY,AEA,EN,Towers with Radar,90,228,47,3,368,0,1,48,13,62,90,229,95,16,430,54,8,62,492
05/10/2001,ALB,NY,AEA,EN,Towers with Radar,85,238,60,2,385,0,3,79,2,84,85,241,139,4,469,90,8,98,567
05/11/2001,ALB,NY,AEA,EN,Towers with Radar,86,214,69,3,372,0,5,58,0,63,86,219,127,3,435,30,6,36,471
05/12/2001,ALB,NY,AEA,EN,Towers with Radar,82,104,46,0,232,0,0,22,0,22,82,104,68,0,254,9,0,9,263
05/13/2001,ALB,NY,AEA,EN,Towers with Radar,79,99,49,0,227,0,2,34,0,36,79,101,83,0,263,59,0,59,322
05/14/2001,ALB,NY,AEA,EN,Towers with Radar,78,206,54,1,339,0,0,62,7,69,78,206,116,8,408,38,1,39,447
05/15/2001,ALB,NY,AEA,EN,Towers with Radar,94,231,76,10,411,0,2,48,5,55,94,233,124,15,466,40,12,52,518
05/16/2001,ALB,NY,AEA,EN,Towers with Radar,90,219,73,1,383,0,2,54,4,60,90,221,127,5,443,40,10,50,493
05/17/2001,ALB,NY,AEA,EN,Towers with Radar,89,226,57,2,374,0,3,43,1,47,89,229,100,3,421,38,16,54,475
05/18/2001,ALB,NY,AEA,EN,Towers with Radar,87,234,70,1,392,0,1,18,1,20,87,235,88,2,412,23,2,25,437
05/19/2001,ALB,NY,AEA,EN,Towers with Radar,84,114,31,3,232,0,8,77,10,95,84,122,108,13,327,53,0,53,380
05/20/2001,ALB,NY,AEA,EN,Towers with Radar,82,112,66,5,265,0,2,82,5,89,82,114,148,10,354,46,2,48,402
05/21/2001,ALB,NY,AEA,EN,Towers with Radar,83,192,48,1,324,0,3,50,12,65,83,195,98,13,389,78,10,88,477
05/22/2001,ALB,NY,AEA,EN,Towers with Radar,86,238,56,1,381,0,5,9,0,14,86,243,65,1,395,15,0,15,410
05/23/2001,ALB,NY,AEA,EN,Towers with Radar,96,250,81,11,438,0,4,2,3,9,96,254,83,14,447,16,16,32,479
05/24/2001,ALB,NY,AEA,EN,Towers with Radar,86,243,84,9,422,0,1,18,7,26,86,244,102,16,448,64,19,83,531
05/25/2001,ALB,NY,AEA,EN,Towers with Radar,92,227,56,2,377,0,3,45,1,49,92,230,101,3,426,33,9,42,468
05/26/2001,ALB,NY,AEA,EN,Towers with Radar,81,106,45,0,232,0,2,24,1,27,81,108,69,1,259,16,0,16,275
05/27/2001,ALB,NY,AEA,EN,Towers with Radar,70,79,33,0,182,0,0,1,0,1,70,79,34,0,183,8,0,8,191
05/28/2001,ALB,NY,AEA,EN,Towers with Radar,79,95,32,3,209,0,0,4,2,6,79,95,36,5,215,34,10,44,259
05/29/2001,ALB,NY,AEA,EN,Towers with Radar,92,201,61,8,362,0,1,51,1,53,92,202,112,9,415,32,24,56,471
05/30/2001,ALB,NY,AEA,EN,Towers with Radar,90,210,63,4,367,0,4,37,3,44,90,214,100,7,411,21,0,21,432
05/31/2001,ALB,NY,AEA,EN,Towers with Radar,91,217,70,6,384,0,8,52,7,67,91,225,122,13,451,20,2,22,473
06/01/2001,ALB,NY,AEA,EN,Towers with Radar,85,223,62,1,371,0,0,39,4,43,85,223,101,5,414,12,0,12,426
06/02/2001,ALB,NY,AEA,EN,Towers with Radar,93,106,41,2,242,0,0,1,0,1,93,106,42,2,243,23,2,25,268
06/03/2001,ALB,NY,AEA,EN,Towers with Radar,79,101,36,4,220,0,0,5,2,7,79,101,41,6,227,31,4,35,262
06/04/2001,ALB,NY,AEA,EN,Towers with Radar,85,203,60,4,352,0,1,32,0,33,85,204,92,4,385,39,0,39,424
06/05/2001,ALB,NY,AEA,EN,Towers with Radar,84,219,56,20,379,0,10,58,5,73,84,229,114,25,452,59,14,73,525
06/06/2001,ALB,NY,AEA,EN,Towers with Radar,92,230,66,3,391,0,11,91,17,119,92,241,157,20,510,95,25,120,630
06/07/2001,ALB,NY,AEA,EN,Towers with Radar,91,234,93,4,422,0,1,69,8,78,91,235,162,12,500,48,22,70,570
06/08/2001,ALB,NY,AEA,EN,Towers with Radar,89,218,82,3,392,0,3,97,7,107,89,221,179,10,499,54,16,70,569
06/09/2001,ALB,NY,AEA,EN,Towers with Radar,88,99,43,4,234,0,3,67,7,77,88,102,110,11,311,16,10,26,337
06/10/2001,ALB,NY,AEA,EN,Towers with Radar,81,114,64,4,263,0,0,54,0,54,81,114,118,4,317,22,0,22,339
06/11/2001,ALB,NY,AEA,EN,Towers with Radar,83,182,50,0,315,0,1,18,0,19,83,183,68,0,334,0,0,0,334
06/12/2001,ALB,NY,AEA,EN,Towers with Radar,104,233,52,11,400,0,1,30,7,38,104,234,82,18,438,38,9,47,485
06/13/2001,ALB,NY,AEA,EN,Towers with Radar,95,218,59,1,373,0,3,58,3,64,95,221,117,4,437,89,7,96,533
06/14/2001,ALB,NY,AEA,EN,Towers with Radar,98,216,65,15,394,0,2,34,8,44,98,218,99,23,438,41,3,44,482
06/15/2001,ALB,NY,AEA,EN,Towers with Radar,89,227,66,2,384,0,4,16,4,24,89,231,82,6,408,19,0,19,427
06/16/2001,ALB,NY,AEA,EN,Towers with Radar,88,102,42,0,232,0,3,38,0,41,88,105,80,0,273,63,0,63,336
06/17/2001,ALB,NY,AEA,EN,Towers with Radar,87,101,35,3,226,0,0,21,0,21,87,101,56,3,247,10,2,12,259
06/18/2001,ALB,NY,AEA,EN,Towers with Radar,95,204,97,1,397,0,3,55,5,63,95,207,152,6,460,73,11,84,544
06/19/2001,ALB,NY,AEA,EN,Towers with Radar,94,222,78,5,399,0,5,89,18,112,94,227,167,23,511,45,18,63,574
06/20/2001,ALB,NY,AEA,EN,Towers with Radar,90,215,64,1,370,0,1,42,10,53,90,216,106,11,423,18,8,26,449
06/21/2001,ALB,NY,AEA,EN,Towers with Radar,87,236,61,2,386,0,1,33,34,68,87,237,94,36,454,32,46,78,532
06/22/2001,ALB,NY,AEA,EN,Towers with Radar,93,219,59,2,373,0,1,21,3,25,93,220,80,5,398,20,2,22,420
06/23/2001,ALB,NY,AEA,EN,Towers with Radar,81,98,33,1,213,0,2,20,0,22,81,100,53,1,235,37,0,37,272
06/24/2001,ALB,NY,AEA,EN,Towers with Radar,82,108,35,1,226,0,4,16,0,20,82,112,51,1,246,20,0,20,266
06/25/2001,ALB,NY,AEA,EN,Towers with Radar,87,208,42,1,338,0,2,65,8,75,87,210,107,9,413,92,4,96,509
06/26/2001,ALB,NY,AEA,EN,Towers with Radar,91,253,71,5,420,0,10,117,10,137,91,263,188,15,557,69,7,76,633
06/27/2001,ALB,NY,AEA,EN,Towers with Radar,90,216,81,5,392,0,7,81,16,104,90,223,162,21,496,20,7,27,523
06/28/2001,ALB,NY,AEA,EN,Towers with Radar,89,220,78,4,391,0,0,49,13,62,89,220,127,17,453,39,12,51,504
06/29/2001,ALB,NY,AEA,EN,Towers with Radar,85,213,91,1,390,0,3,102,2,107,85,216,193,3,497,80,16,96,593
06/30/2001,ALB,NY,AEA,EN,Towers with Radar,87,106,49,0,242,0,0,51,0,51,87,106,100,0,293,46,0,46,339
07/01/2001,ALB,NY,AEA,EN,Towers with Radar,77,86,33,0,196,0,0,2,4,6,77,86,35,4,202,12,4,16,218
07/02/2001,ALB,NY,AEA,EN,Towers with Radar,92,155,55,1,303,0,4,38,10,52,92,159,93,11,355,37,12,49,404
07/03/2001,ALB,NY,AEA,EN,Towers with Radar,91,167,56,7,321,0,2,52,7,61,91,169,108,14,382,7,8,15,397
07/04/2001,ALB,NY,AEA,EN,Towers with Radar,83,88,22,0,193,0,9,27,0,36,83,97,49,0,229,24,0,24,253
07/05/2001,ALB,NY,AEA,EN,Towers with Radar,84,177,45,1,307,0,0,55,9,64,84,177,100,10,371,48,14,62,433
07/06/2001,ALB,NY,AEA,EN,Towers with Radar,92,219,48,7,366,0,3,145,2,150,92,222,193,9,516,82,10,92,608
07/07/2001,ALB,NY,AEA,EN,Towers with Radar,90,95,41,6,232,0,3,86,0,89,90,98,127,6,321,49,2,51,372
07/08/2001,ALB,NY,AEA,EN,Towers with Radar,78,110,48,1,237,0,1,18,1,20,78,111,66,2,257,29,2,31,288
07/09/2001,ALB,NY,AEA,EN,Towers with Radar,91,205,54,0,350,0,2,49,0,51,91,207,103,0,401,40,0,40,441
07/10/2001,ALB,NY,AEA,EN,Towers with Radar,90,220,40,3,353,0,2,43,7,52,90,222,83,10,405,16,10,26,431
07/11/2001,ALB,NY,AEA,EN,Towers with Radar,87,223,52,2,364,0,3,33,5,41,87,226,85,7,405,29,8,37,442
07/12/2001,ALB,NY,AEA,EN,Towers with Radar,93,225,59,4,381,0,3,89,10,102,93,228,148,14,483,76,17,93,576
07/13/2001,ALB,NY,AEA,EN,Towers with Radar,90,235,45,1,371,0,4,76,2,82,90,239,121,3,453,59,4,63,516
07/14/2001,ALB,NY,AEA,EN,Towers with Radar,83,111,40,2,236,0,1,70,14,85,83,112,110,16,321,59,1,60,381
07/15/2001,ALB,NY,AEA,EN,Towers with Radar,89,120,46,0,255,0,1,55,5,61,89,121,101,5,316,46,4,50,366
07/16/2001,ALB,NY,AEA,EN,Towers with Radar,87,220,48,2,357,0,1,69,3,73,87,221,117,5,430,25,6,31,461
07/17/2001,ALB,NY,AEA,EN,Towers with Radar,95,245,60,5,405,0,10,55,2,67,95,255,115,7,472,63,10,73,545
07/18/2001,ALB,NY,AEA,EN,Towers with Radar,90,237,67,2,396,0,2,68,5,75,90,239,135,7,471,51,0,51,522
07/19/2001,ALB,NY,AEA,EN,Towers with Radar,97,240,83,4,424,0,3,97,10,110,97,243,180,14,534,60,11,71,605
07/20/2001,ALB,NY,AEA,EN,Towers with Radar,90,247,96,7,440,0,5,71,2,78,90,252,167,9,518,43,0,43,561
07/21/2001,ALB,NY,AEA,EN,Towers with Radar,86,107,66,1,260,0,3,73,0,76,86,110,139,1,336,80,12,92,428
07/22/2001,ALB,NY,AEA,EN,Towers with Radar,81,127,63,0,271,0,1,62,0,63,81,128,125,0,334,22,0,22,356
07/23/2001,ALB,NY,AEA,EN,Towers with Radar,90,209,60,1,360,0,1,55,0,56,90,210,115,1,416,63,8,71,487
07/24/2001,ALB,NY,AEA,EN,Towers with Radar,91,233,62,2,388,0,4,47,1,52,91,237,109,3,440,23,7,30,470
07/25/2001,ALB,NY,AEA,EN,Towers with Radar,90,271,59,1,421,0,5,79,0,84,90,276,138,1,505,49,0,49,554
07/26/2001,ALB,NY,AEA,EN,Towers with Radar,98,234,86,3,421,0,0,74,5,79,98,234,160,8,500,54,0,54,554
07/27/2001,ALB,NY,AEA,EN,Towers with Radar,92,236,68,1,397,0,5,64,6,75,92,241,132,7,472,32,2,34,506
07/28/2001,ALB,NY,AEA,EN,Towers with Radar,87,111,70,1,269,0,1,54,3,58,87,112,124,4,327,41,4,45,372
07/29/2001,ALB,NY,AEA,EN,Towers with Radar,78,110,42,2,232,0,0,52,1,53,78,110,94,3,285,64,0,64,349
07/30/2001,ALB,NY,AEA,EN,Towers with Radar,93,207,69,3,372,0,0,70,2,72,93,207,139,5,444,47,7,54,498
07/31/2001,ALB,NY,AEA,EN,Towers with Radar,90,235,62,6,393,0,2,64,1,67,90,237,126,7,460,21,28,49,509
08/01/2001,ALB,NY,AEA,EN,Towers with Radar,93,234,54,0,381,0,3,32,0,35,93,237,86,0,416,66,1,67,483
08/02/2001,ALB,NY,AEA,EN,Towers with Radar,87,234,74,1,396,0,2,46,0,48,87,236,120,1,444,25,0,25,469
08/03/2001,ALB,NY,AEA,EN,Towers with Radar,91,226,39,0,356,0,2,31,0,33,91,228,70,0,389,28,0,28,417
08/04/2001,ALB,NY,AEA,EN,Towers with Radar,97,123,29,1,250,0,7,17,0,24,97,130,46,1,274,14,0,14,288
08/05/2001,ALB,NY,AEA,EN,Towers with Radar,83,114,64,1,262,0,2,23,0,25,83,116,87,1,287,30,0,30,317
08/06/2001,ALB,NY,AEA,EN,Towers with Radar,87,198,71,1,357,0,6,44,0,50,87,204,115,1,407,32,0,32,439
08/07/2001,ALB,NY,AEA,EN,Towers with Radar,91,246,58,4,399,0,4,68,0,72,91,250,126,4,471,80,2,82,553
08/08/2001,ALB,NY,AEA,EN,Towers with Radar,93,211,49,0,353,0,4,50,1,55,93,215,99,1,408,8,0,8,416
08/09/2001,ALB,NY,AEA,EN,Towers with Radar,93,213,74,1,381,0,3,57,0,60,93,216,131,1,441,56,0,56,497
08/10/2001,ALB,NY,AEA,EN,Towers with Radar,86,221,39,1,347,0,2,5,0,7,86,223,44,1,354,45,0,45,399
08/11/2001,ALB,NY,AEA,EN,Towers with Radar,88,107,52,2,249,0,2,76,0,78,88,109,128,2,327,44,0,44,371
08/12/2001,ALB,NY,AEA,EN,Towers with Radar,89,108,47,0,244,0,2,13,1,16,89,110,60,1,260,26,0,26,286
08/13/2001,ALB,NY,AEA,EN,Towers with Radar,93,189,52,4,338,0,4,34,0,38,93,193,86,4,376,63,12,75,451
08/14/2001,ALB,NY,AEA,EN,Towers with Radar,97,248,57,3,405,0,5,72,1,78,97,253,129,4,483,53,6,59,542
08/15/2001,ALB,NY,AEA,EN,Towers with Radar,94,248,76,3,421,0,4,74,0,78,94,252,150,3,499,37,0,37,536
08/16/2001,ALB,NY,AEA,EN,Towers with Radar,91,242,84,2,419,0,7,71,7,85,91,249,155,9,504,67,19,86,590
08/17/2001,ALB,NY,AEA,EN,Towers with Radar,97,244,51,2,394,0,8,24,0,32,97,252,75,2,426,46,0,46,472
08/18/2001,ALB,NY,AEA,EN,Towers with Radar,86,127,71,2,286,0,4,97,1,102,86,131,168,3,388,118,10,128,516
08/19/2001,ALB,NY,AEA,EN,Towers with Radar,87,122,48,4,261,0,3,60,0,63,87,125,108,4,324,103,0,103,427
08/20/2001,ALB,NY,AEA,EN,Towers with Radar,90,218,60,8,376,0,2,16,0,18,90,220,76,8,394,4,0,4,398
08/21/2001,ALB,NY,AEA,EN,Towers with Radar,92,234,62,9,397,0,4,59,0,63,92,238,121,9,460,0,0,0,460
08/22/2001,ALB,NY,AEA,EN,Towers with Radar,86,236,87,1,410,0,4,66,4,74,86,240,153,5,484,71,0,71,555
08/23/2001,ALB,NY,AEA,EN,Towers with Radar,95,244,53,2,394,0,4,54,6,64,95,248,107,8,458,75,13,88,546
08/24/2001,ALB,NY,AEA,EN,Towers with Radar,90,241,65,3,399,0,6,53,2,61,90,247,118,5,460,83,5,88,548
08/25/2001,ALB,NY,AEA,EN,Towers with Radar,83,121,69,1,274,0,3,71,1,75,83,124,140,2,349,66,0,66,415
08/26/2001,ALB,NY,AEA,EN,Towers with Radar,76,119,49,1,245,12,0,88,1,101,88,119,137,2,346,79,2,81,427
08/27/2001,ALB,NY,AEA,EN,Towers with Radar,87,210,45,3,345,0,3,25,2,30,87,213,70,5,375,31,12,43,418
08/28/2001,ALB,NY,AEA,EN,Towers with Radar,92,251,52,0,395,0,6,79,15,100,92,257,131,15,495,76,0,76,571
08/29/2001,ALB,NY,AEA,EN,Towers with Radar,95,235,66,2,398,0,5,75,4,84,95,240,141,6,482,49,6,55,537
08/30/2001,ALB,NY,AEA,EN,Towers with Radar,90,232,69,6,397,0,2,77,8,87,90,234,146,14,484,74,9,83,567
08/31/2001,ALB,NY,AEA,EN,Towers with Radar,92,230,34,2,358,0,1,18,1,20,92,231,52,3,378,3,0,3,381
09/01/2001,ALB,NY,AEA,EN,Towers with Radar,92,128,51,0,271,0,0,48,0,48,92,128,99,0,319,15,0,15,334
09/02/2001,ALB,NY,AEA,EN,Towers with Radar,81,95,58,0,234,0,1,47,1,49,81,96,105,1,283,49,0,49,332
09/03/2001,ALB,NY,AEA,EN,Towers with Radar,82,118,60,1,261,0,1,70,0,71,82,119,130,1,332,49,0,49,381
09/04/2001,ALB,NY,AEA,EN,Towers with Radar,82,216,50,0,348,0,0,34,6,40,82,216,84,6,388,14,0,14,402
09/05/2001,ALB,NY,AEA,EN,Towers with Radar,93,237,78,10,418,0,9,88,9,106,93,246,166,19,524,42,12,54,578
09/06/2001,ALB,NY,AEA,EN,Towers with Radar,89,237,73,2,401,0,5,99,5,109,89,242,172,7,510,28,2,30,540
09/07/2001,ALB,NY,AEA,EN,Towers with Radar,86,241,59,12,398,0,4,61,19,84,86,245,120,31,482,38,45,83,565
09/08/2001,ALB,NY,AEA,EN,Towers with Radar,86,131,70,1,288,0,0,57,14,71,86,131,127,15,359,38,20,58,417
09/09/2001,ALB,NY,AEA,EN,Towers with Radar,75,122,56,1,254,0,0,38,2,40,75,122,94,3,294,28,6,34,328
09/10/2001,ALB,NY,AEA,EN,Towers with Radar,90,228,48,1,367,0,1,24,6,31,90,229,72,7,398,18,3,21,419
09/11/2001,ALB,NY,AEA,EN,Towers with Radar,35,83,21,2,141,0,3,12,0,15,35,86,33,2,156,0,0,0,156
09/12/2001,ALB,NY,AEA,EN,Towers with Radar,0,0,14,17,31,0,0,4,0,4,0,0,18,17,35,0,0,0,35
09/13/2001,ALB,NY,AEA,EN,Towers with Radar,9,40,20,5,74,0,0,3,0,3,9,40,23,5,77,2,0,2,79
09/14/2001,ALB,NY,AEA,EN,Towers with Radar,40,173,26,9,248,0,0,8,4,12,40,173,34,13,260,29,10,39,299
09/15/2001,ALB,NY,AEA,EN,Towers with Radar,59,90,52,6,207,0,0,18,7,25,59,90,70,13,232,7,4,11,243
09/16/2001,ALB,NY,AEA,EN,Towers with Radar,53,130,57,0,240,0,0,12,0,12,53,130,69,0,252,2,0,2,254
09/17/2001,ALB,NY,AEA,EN,Towers with Radar,66,190,63,4,323,0,0,6,0,6,66,190,69,4,329,2,0,2,331
09/18/2001,ALB,NY,AEA,EN,Towers with Radar,71,227,63,9,370,0,0,15,1,16,71,227,78,10,386,39,36,75,461
09/19/2001,ALB,NY,AEA,EN,Towers with Radar,77,226,67,20,390,0,0,9,3,12,77,226,76,23,402,16,6,22,424
09/20/2001,ALB,NY,AEA,EN,Towers with Radar,77,219,48,3,347,0,0,3,0,3,77,219,51,3,350,4,4,8,358
09/21/2001,ALB,NY,AEA,EN,Towers with Radar,76,226,52,14,368,0,0,12,0,12,76,226,64,14,380,15,40,55,435
09/22/2001,ALB,NY,AEA,EN,Towers with Radar,70,114,53,2,239,0,0,39,0,39,70,114,92,2,278,39,0,39,317
09/23/2001,ALB,NY,AEA,EN,Towers with Radar,58,100,78,1,237,0,0,47,0,47,58,100,125,1,284,8,0,8,292
09/24/2001,ALB,NY,AEA,EN,Towers with Radar,72,182,38,2,294,0,1,19,2,22,72,183,57,4,316,4,20,24,340
09/25/2001,ALB,NY,AEA,EN,Towers with Radar,79,220,35,0,334,0,1,7,0,8,79,221,42,0,342,10,0,10,352
09/26/2001,ALB,NY,AEA,EN,Towers with Radar,82,211,44,2,339,0,0,49,1,50,82,211,93,3,389,26,12,38,427
09/27/2001,ALB,NY,AEA,EN,Towers with Radar,76,208,57,0,341,0,1,28,0,29,76,209,85,0,370,16,1,17,387
09/28/2001,ALB,NY,AEA,EN,Towers with Radar,76,215,36,6,333,0,0,27,0,27,76,215,63,6,360,42,2,44,404
09/29/2001,ALB,NY,AEA,EN,Towers with Radar,69,112,61,2,244,0,0,50,1,51,69,112,111,3,295,51,8,59,354
09/30/2001,ALB,NY,AEA,EN,Towers with Radar,69,99,43,0,211,0,1,37,1,39,69,100,80,1,250,59,0,59,309
10/01/2001,ALB,NY,AEA,EN,Towers with Radar,73,201,41,16,331,0,2,58,0,60,73,203,99,16,391,34,14,48,439
10/02/2001,ALB,NY,AEA,EN,Towers with Radar,75,224,51,17,367,0,6,54,4,64,75,230,105,21,431,26,16,42,473
10/03/2001,ALB,NY,AEA,EN,Towers with Radar,81,226,52,4,363,0,2,79,3,84,81,228,131,7,447,66,8,74,521
10/04/2001,ALB,NY,AEA,EN,Towers with Radar,79,217,81,4,381,0,2,61,4,67,79,219,142,8,448,79,10,89,537
10/05/2001,ALB,NY,AEA,EN,Towers with Radar,76,210,52,1,339,0,5,61,0,66,76,215,113,1,405,52,9,61,466
10/06/2001,ALB,NY,AEA,EN,Towers with Radar,74,121,19,5,219,0,2,10,0,12,74,123,29,5,231,14,2,16,247
10/07/2001,ALB,NY,AEA,EN,Towers with Radar,64,107,27,0,198,0,2,31,0,33,64,109,58,0,231,60,0,60,291
10/08/2001,ALB,NY,AEA,EN,Towers with Radar,81,183,68,3,335,0,3,27,0,30,81,186,95,3,365,14,4,18,383
10/09/2001,ALB,NY,AEA,EN,Towers with Radar,75,208,72,6,361,0,2,49,8,59,75,210,121,14,420,42,50,92,512
10/10/2001,ALB,NY,AEA,EN,Towers with Radar,80,230,87,5,402,0,5,100,4,109,80,235,187,9,511,102,6,108,619
10/11/2001,ALB,NY,AEA,EN,Towers with Radar,77,225,59,4,365,0,4,52,1,57,77,229,111,5,422,34,11,45,467
10/12/2001,ALB,NY,AEA,EN,Towers with Radar,83,218,50,4,355,0,2,53,12,67,83,220,103,16,422,67,5,72,494
10/13/2001,ALB,NY,AEA,EN,Towers with Radar,65,116,45,3,229,6,0,47,0,53,71,116,92,3,282,7,0,7,289
10/14/2001,ALB,NY,AEA,EN,Towers with Radar,62,105,32,3,202,0,2,19,0,21,62,107,51,3,223,25,0,25,248
10/15/2001,ALB,NY,AEA,EN,Towers with Radar,73,196,46,3,318,0,2,48,2,52,73,198,94,5,370,61,12,73,443
10/16/2001,ALB,NY,AEA,EN,Towers with Radar,85,227,57,10,379,0,3,44,13,60,85,230,101,23,439,68,41,109,548
10/17/2001,ALB,NY,AEA,EN,Towers with Radar,75,211,30,5,321,0,3,21,2,26,75,214,51,7,347,13,2,15,362
10/18/2001,ALB,NY,AEA,EN,Towers with Radar,79,231,46,25,381,0,13,59,6,78,79,244,105,31,459,30,16,46,505
10/19/2001,ALB,NY,AEA,EN,Towers with Radar,78,229,72,2,381,0,3,54,1,58,78,232,126,3,439,32,3,35,474
10/20/2001,ALB,NY,AEA,EN,Towers with Radar,71,117,50,5,243,0,1,40,1,42,71,118,90,6,285,48,0,48,333
10/21/2001,ALB,NY,AEA,EN,Towers with Radar,64,120,50,0,234,0,1,42,1,44,64,121,92,1,278,108,0,108,386
10/22/2001,ALB,NY,AEA,EN,Towers with Radar,73,193,40,0,306,0,2,29,0,31,73,195,69,0,337,35,0,35,372
10/23/2001,ALB,NY,AEA,EN,Towers with Radar,82,229,52,3,366,0,5,35,11,51,82,234,87,14,417,40,16,56,473
10/24/2001,ALB,NY,AEA,EN,Towers with Radar,80,230,75,12,397,0,2,24,5,31,80,232,99,17,428,25,15,40,468
10/25/2001,ALB,NY,AEA,EN,Towers with Radar,74,232,42,1,349,0,5,15,8,28,74,237,57,9,377,21,0,21,398
10/26/2001,ALB,NY,AEA,EN,Towers with Radar,76,230,35,1,342,0,4,33,7,44,76,234,68,8,386,26,0,26,412
10/27/2001,ALB,NY,AEA,EN,Towers with Radar,76,128,33,1,238,0,14,28,10,52,76,142,61,11,290,64,9,73,363
10/28/2001,ALB,NY,AEA,EN,Towers with Radar,62,100,51,0,213,0,3,84,0,87,62,103,135,0,300,55,6,61,361
10/29/2001,ALB,NY,AEA,EN,Towers with Radar,72,205,85,4,366,0,3,67,7,77,72,208,152,11,443,43,10,53,496
10/30/2001,ALB,NY,AEA,EN,Towers with Radar,79,210,57,17,363,0,4,55,18,77,79,214,112,35,440,98,38,136,576
10/31/2001,ALB,NY,AEA,EN,Towers with Radar,73,224,35,12,344,0,1,25,1,27,73,225,60,13,371,26,30,56,427
11/01/2001,ALB,NY,AEA,EN,Towers with Radar,75,216,68,11,370,0,1,61,2,64,75,217,129,13,434,22,34,56,490
11/02/2001,ALB,NY,AEA,EN,Towers with Radar,76,210,64,2,352,0,2,79,4,85,76,212,143,6,437,52,2,54,491
11/03/2001,ALB,NY,AEA,EN,Towers with Radar,68,117,37,4,226,0,0,68,2,70,68,117,105,6,296,77,0,77,373
11/04/2001,ALB,NY,AEA,EN,Towers with Radar,64,110,37,5,216,0,3,79,9,91,64,113,116,14,307,47,6,53,360
11/05/2001,ALB,NY,AEA,EN,Towers with Radar,75,195,40,8,318,0,0,20,4,24,75,195,60,12,342,27,5,32,374
11/06/2001,ALB,NY,AEA,EN,Towers with Radar,76,230,39,3,348,0,0,40,7,47,76,230,79,10,395,23,2,25,420
11/07/2001,ALB,NY,AEA,EN,Towers with Radar,77,213,56,1,347,0,1,54,12,67,77,214,110,13,414,51,16,67,481
11/08/2001,ALB,NY,AEA,EN,Towers with Radar,74,215,67,6,362,0,0,72,1,73,74,215,139,7,435,51,0,51,486
11/09/2001,ALB,NY,AEA,EN,Towers with Radar,78,210,58,1,347,0,1,15,0,16,78,211,73,1,363,39,5,44,407
11/10/2001,ALB,NY,AEA,EN,Towers with Radar,70,112,28,5,215,0,1,101,0,102,70,113,129,5,317,68,0,68,385
11/11/2001,ALB,NY,AEA,EN,Towers with Radar,63,101,17,0,181,0,0,33,3,36,63,101,50,3,217,10,0,10,227
11/12/2001,ALB,NY,AEA,EN,Towers with Radar,67,168,42,4,281,0,2,45,1,48,67,170,87,5,329,28,0,28,357
11/13/2001,ALB,NY,AEA,EN,Towers with Radar,80,201,51,2,334,0,0,47,2,49,80,201,98,4,383,41,2,43,426
11/14/2001,ALB,NY,AEA,EN,Towers with Radar,75,219,58,1,353,0,1,61,16,78,75,220,119,17,431,14,2,16,447
11/15/2001,ALB,NY,AEA,EN,Towers with Radar,77,212,78,6,373,0,1,64,2,67,77,213,142,8,440,78,7,85,525
11/16/2001,ALB,NY,AEA,EN,Towers with Radar,69,219,54,2,344,0,4,31,6,41,69,223,85,8,385,37,4,41,426
11/17/2001,ALB,NY,AEA,EN,Towers with Radar,78,105,32,6,221,0,0,88,10,98,78,105,120,16,319,117,0,117,436
11/18/2001,ALB,NY,AEA,EN,Towers with Radar,64,101,50,0,215,0,2,42,0,44,64,103,92,0,259,24,0,24,283
11/19/2001,ALB,NY,AEA,EN,Towers with Radar,75,191,42,4,312,0,1,23,4,28,75,192,65,8,340,24,5,29,369
11/20/2001,ALB,NY,AEA,EN,Towers with Radar,75,219,32,1,327,0,1,27,6,34,75,220,59,7,361,62,11,73,434
11/21/2001,ALB,NY,AEA,EN,Towers with Radar,79,219,56,6,360,0,0,54,5,59,79,219,110,11,419,56,0,56,475
11/22/2001,ALB,NY,AEA,EN,Towers with Radar,62,87,25,2,176,0,0,27,0,27,62,87,52,2,203,11,0,11,214
11/23/2001,ALB,NY,AEA,EN,Towers with Radar,63,80,33,2,178,0,3,62,0,65,63,83,95,2,243,70,12,82,325
11/24/2001,ALB,NY,AEA,EN,Towers with Radar,68,69,57,2,196,0,0,35,0,35,68,69,92,2,231,63,0,63,294
11/25/2001,ALB,NY,AEA,EN,Towers with Radar,61,122,13,1,197,0,0,8,0,8,61,122,21,1,205,55,2,57,262
11/26/2001,ALB,NY,AEA,EN,Towers with Radar,76,207,45,2,330,0,1,24,2,27,76,208,69,4,357,23,4,27,384
11/27/2001,ALB,NY,AEA,EN,Towers with Radar,78,218,39,14,349,0,3,46,11,60,78,221,85,25,409,30,16,46,455
11/28/2001,ALB,NY,AEA,EN,Towers with Radar,79,215,56,14,364,0,0,16,17,33,79,215,72,31,397,26,59,85,482
11/29/2001,ALB,NY,AEA,EN,Towers with Radar,85,220,48,19,372,0,2,0,1,3,85,222,48,20,375,10,6,16,391
11/30/2001,ALB,NY,AEA,EN,Towers with Radar,77,217,34,0,328,0,1,10,0,11,77,218,44,0,339,18,6,24,363
12/01/2001,ALB,NY,AEA,EN,Towers with Radar,72,111,31,13,227,0,1,61,1,63,72,112,92,14,290,57,18,75,365
12/02/2001,ALB,NY,AEA,EN,Towers with Radar,56,103,20,0,179,0,1,54,0,55,56,104,74,0,234,2,0,2,236
12/03/2001,ALB,NY,AEA,EN,Towers with Radar,70,184,35,24,313,0,3,51,5,59,70,187,86,29,372,38,16,54,426
12/04/2001,ALB,NY,AEA,EN,Towers with Radar,78,216,42,2,338,0,0,61,11,72,78,216,103,13,410,57,12,69,479
12/05/2001,ALB,NY,AEA,EN,Towers with Radar,76,218,49,3,346,0,0,58,6,64,76,218,107,9,410,38,7,45,455
12/06/2001,ALB,NY,AEA,EN,Towers with Radar,76,218,40,7,341,0,2,37,13,52,76,220,77,20,393,33,10,43,436
12/07/2001,ALB,NY,AEA,EN,Towers with Radar,77,230,49,7,363,0,4,47,6,57,77,234,96,13,420,15,16,31,451
12/08/2001,ALB,NY,AEA,EN,Towers with Radar,75,83,28,1,187,0,0,58,1,59,75,83,86,2,246,53,0,53,299
12/09/2001,ALB,NY,AEA,EN,Towers with Radar,59,99,16,0,174,0,0,9,0,9,59,99,25,0,183,6,0,6,189
12/10/2001,ALB,NY,AEA,EN,Towers with Radar,71,183,56,0,310,0,0,22,0,22,71,183,78,0,332,26,0,26,358
12/11/2001,ALB,NY,AEA,EN,Towers with Radar,77,219,47,0,343,0,1,40,4,45,77,220,87,4,388,24,2,26,414
12/12/2001,ALB,NY,AEA,EN,Towers with Radar,70,184,39,19,312,0,2,7,4,13,70,186,46,23,325,6,48,54,379
12/13/2001,ALB,NY,AEA,EN,Towers with Radar,77,228,26,1,332,0,0,0,0,0,77,228,26,1,332,0,0,0,332
12/14/2001,ALB,NY,AEA,EN,Towers with Radar,76,228,30,2,336,0,0,11,12,23,76,228,41,14,359,11,0,11,370
12/15/2001,ALB,NY,AEA,EN,Towers with Radar,75,82,27,2,186,0,2,25,0,27,75,84,52,2,213,24,0,24,237
12/16/2001,ALB,NY,AEA,EN,Towers with Radar,65,101,44,0,210,0,0,74,0,74,65,101,118,0,284,8,0,8,292
12/17/2001,ALB,NY,AEA,EN,Towers with Radar,70,192,10,0,272,0,0,0,0,0,70,192,10,0,272,0,0,0,272
12/18/2001,ALB,NY,AEA,EN,Towers with Radar,81,228,27,14,350,0,3,10,0,13,81,231,37,14,363,16,18,34,397
12/19/2001,ALB,NY,AEA,EN,Towers with Radar,86,233,53,17,389,0,1,51,6,58,86,234,104,23,447,8,23,31,478
12/20/2001,ALB,NY,AEA,EN,Towers with Radar,82,225,29,1,337,0,1,23,0,24,82,226,52,1,361,24,0,24,385
12/21/2001,ALB,NY,AEA,EN,Towers with Radar,82,222,37,1,342,0,1,33,0,34,82,223,70,1,376,26,0,26,402
12/22/2001,ALB,NY,AEA,EN,Towers with Radar,82,81,43,1,207,0,3,63,2,68,82,84,106,3,275,57,2,59,334
12/23/2001,ALB,NY,AEA,EN,Towers with Radar,63,100,24,0,187,0,0,36,0,36,63,100,60,0,223,22,0,22,245
12/24/2001,ALB,NY,AEA,EN,Towers with Radar,61,109,8,0,178,0,0,11,0,11,61,109,19,0,189,0,0,0,189
12/25/2001,ALB,NY,AEA,EN,Towers with Radar,61,72,13,0,146,0,0,9,0,9,61,72,22,0,155,0,0,0,155
12/26/2001,ALB,NY,AEA,EN,Towers with Radar,71,144,19,3,237,0,0,46,1,47,71,144,65,4,284,32,0,32,316
12/27/2001,ALB,NY,AEA,EN,Towers with Radar,85,197,30,1,313,0,1,38,7,46,85,198,68,8,359,27,6,33,392
12/28/2001,ALB,NY,AEA,EN,Towers with Radar,74,184,33,2,293,0,1,26,2,29,74,185,59,4,322,17,0,17,339
12/29/2001,ALB,NY,AEA,EN,Towers with Radar,73,78,20,1,172,0,0,58,0,58,73,78,78,1,230,50,0,50,280
12/30/2001,ALB,NY,AEA,EN,Towers with Radar,65,93,21,2,181,0,0,30,0,30,65,93,51,2,211,15,0,15,226
12/31/2001,ALB,NY,AEA,EN,Towers with Radar,61,114,16,1,192,0,2,31,3,36,61,116,47,4,228,0,0,0,228
01/01/2002,ALB,NY,AEA,EN,Towers with Radar,66,80,18,0,164,0,0,23,0,23,66,80,41,0,187,2,0,2,189
01/02/2002,ALB,NY,AEA,EN,Towers with Radar,70,147,39,6,262,0,0,36,0,36,70,147,75,6,298,32,16,48,346
01/03/2002,ALB,NY,AEA,EN,Towers with Radar,71,219,34,12,336,0,0,68,10,78,71,219,102,22,414,77,22,99,513
01/04/2002,ALB,NY,AEA,EN,Towers with Radar,82,210,31,8,331,0,2,42,0,44,82,212,73,8,375,74,10,84,459
01/05/2002,ALB,NY,AEA,EN,Towers with Radar,72,82,26,0,180,0,0,18,2,20,72,82,44,2,200,44,0,44,244
01/06/2002,ALB,NY,AEA,EN,Towers with Radar,62,99,20,12,193,0,1,32,12,45,62,100,52,24,238,27,34,61,299
01/07/2002,ALB,NY,AEA,EN,Towers with Radar,63,180,12,1,256,0,0,2,0,2,63,180,14,1,258,0,0,0,258
01/08/2002,ALB,NY,AEA,EN,Towers with Radar,79,218,46,9,352,0,0,28,5,33,79,218,74,14,385,40,9,49,434
01/09/2002,ALB,NY,AEA,EN,Towers with Radar,81,228,46,5,360,0,3,4,1,8,81,231,50,6,368,11,2,13,381
01/10/2002,ALB,NY,AEA,EN,Towers with Radar,75,214,30,1,320,0,3,32,22,57,75,217,62,23,377,27,23,50,427
01/11/2002,ALB,NY,AEA,EN,Towers with Radar,76,213,38,1,328,0,1,2,0,3,76,214,40,1,331,0,0,0,331
01/12/2002,ALB,NY,AEA,EN,Towers with Radar,69,85,28,2,184,0,1,69,1,71,69,86,97,3,255,25,1,26,281
01/13/2002,ALB,NY,AEA,EN,Towers with Radar,65,104,17,0,186,0,0,19,0,19,65,104,36,0,205,6,0,6,211
01/14/2002,ALB,NY,AEA,EN,Towers with Radar,71,194,40,7,312,0,0,47,0,47,71,194,87,7,359,26,6,32,391
01/15/2002,ALB,NY,AEA,EN,Towers with Radar,75,225,36,13,349,0,0,11,0,11,75,225,47,13,360,2,8,10,370
01/16/2002,ALB,NY,AEA,EN,Towers with Radar,81,219,49,9,358,0,1,46,18,65,81,220,95,27,423,43,18,61,484
01/17/2002,ALB,NY,AEA,EN,Towers with Radar,77,221,26,0,324,0,0,15,10,25,77,221,41,10,349,6,11,17,366
01/18/2002,ALB,NY,AEA,EN,Towers with Radar,76,233,66,3,378,0,0,22,2,24,76,233,88,5,402,23,6,29,431
01/19/2002,ALB,NY,AEA,EN,Towers with Radar,64,73,26,2,165,0,0,45,0,45,64,73,71,2,210,42,0,42,252
01/20/2002,ALB,NY,AEA,EN,Towers with Radar,64,106,17,2,189,0,0,44,0,44,64,106,61,2,233,61,0,61,294
01/21/2002,ALB,NY,AEA,EN,Towers with Radar,72,182,23,6,283,0,0,23,0,23,72,182,46,6,306,38,0,38,344
01/22/2002,ALB,NY,AEA,EN,Towers with Radar,79,213,30,20,342,0,0,33,19,52,79,213,63,39,394,42,55,97,491
01/23/2002,ALB,NY,AEA,EN,Towers with Radar,74,228,49,10,361,0,5,32,8,45,74,233,81,18,406,22,20,42,448
01/24/2002,ALB,NY,AEA,EN,Towers with Radar,81,221,40,1,343,0,3,2,0,5,81,224,42,1,348,4,0,4,352
01/25/2002,ALB,NY,AEA,EN,Towers with Radar,79,228,49,14,370,0,2,42,3,47,79,230,91,17,417,18,10,28,445
01/26/2002,ALB,NY,AEA,EN,Towers with Radar,64,75,38,1,178,0,1,41,0,42,64,76,79,1,220,42,0,42,262
01/27/2002,ALB,NY,AEA,EN,Towers with Radar,65,95,45,2,207,0,0,55,0,55,65,95,100,2,262,22,0,22,284
01/28/2002,ALB,NY,AEA,EN,Towers with Radar,72,189,63,0,324,0,1,64,4,69,72,190,127,4,393,36,3,39,432
01/29/2002,ALB,NY,AEA,EN,Towers with Radar,79,225,56,0,360,0,7,31,11,49,79,232,87,11,409,38,0,38,447
01/30/2002,ALB,NY,AEA,EN,Towers with Radar,76,210,34,4,324,0,3,1,0,4,76,213,35,4,328,0,0,0,328
01/31/2002,ALB,NY,AEA,EN,Towers with Radar,58,146,14,0,218,0,4,0,0,4,58,150,14,0,222,20,0,20,242
02/01/2002,ALB,NY,AEA,EN,Towers with Radar,60,161,23,2,246,0,0,0,0,0,60,161,23,2,246,12,0,12,258
02/02/2002,ALB,NY,AEA,EN,Towers with Radar,69,89,23,4,185,0,4,30,4,38,69,93,53,8,223,34,12,46,269
02/03/2002,ALB,NY,AEA,EN,Towers with Radar,65,101,30,4,200,0,1,38,0,39,65,102,68,4,239,31,0,31,270
02/04/2002,ALB,NY,AEA,EN,Towers with Radar,70,199,20,3,292,0,0,23,0,23,70,199,43,3,315,25,5,30,345
02/05/2002,ALB,NY,AEA,EN,Towers with Radar,78,208,28,0,314,0,0,9,12,21,78,208,37,12,335,28,6,34,369
02/06/2002,ALB,NY,AEA,EN,Towers with Radar,76,222,40,9,347,0,2,72,6,80,76,224,112,15,427,27,0,27,454
02/07/2002,ALB,NY,AEA,EN,Towers with Radar,78,226,45,2,351,0,1,91,12,104,78,227,136,14,455,44,16,60,515
02/08/2002,ALB,NY,AEA,EN,Towers with Radar,78,228,42,5,353,0,2,46,4,52,78,230,88,9,405,19,5,24,429
02/09/2002,ALB,NY,AEA,EN,Towers with Radar,72,81,46,0,199,0,0,76,5,81,72,81,122,5,280,30,4,34,314
02/10/2002,ALB,NY,AEA,EN,Towers with Radar,65,101,28,2,196,0,0,8,1,9,65,101,36,3,205,20,2,22,227
02/11/2002,ALB,NY,AEA,EN,Towers with Radar,71,201,29,0,301,0,0,10,0,10,71,201,39,0,311,10,2,12,323
02/12/2002,ALB,NY,AEA,EN,Towers with Radar,77,230,28,3,338,0,1,41,9,51,77,231,69,12,389,22,10,32,421
02/13/2002,ALB,NY,AEA,EN,Towers with Radar,87,228,44,4,363,0,0,13,8,21,87,228,57,12,384,18,4,22,406
02/14/2002,ALB,NY,AEA,EN,Towers with Radar,79,218,50,7,354,0,1,41,13,55,79,219,91,20,409,6,2,8,417
02/15/2002,ALB,NY,AEA,EN,Towers with Radar,75,223,43,3,344,0,1,45,10,56,75,224,88,13,400,26,14,40,440
02/16/2002,ALB,NY,AEA,EN,Towers with Radar,71,85,27,0,183,0,0,81,0,81,71,85,108,0,264,67,0,67,331
02/17/2002,ALB,NY,AEA,EN,Towers with Radar,67,91,26,0,184,0,0,5,0,5,67,91,31,0,189,8,0,8,197
02/18/2002,ALB,NY,AEA,EN,Towers with Radar,72,186,44,1,303,0,0,54,0,54,72,186,98,1,357,14,0,14,371
02/19/2002,ALB,NY,AEA,EN,Towers with Radar,76,212,51,9,348,0,0,81,21,102,76,212,132,30,450,36,18,54,504
02/20/2002,ALB,NY,AEA,EN,Towers with Radar,77,228,33,7,345,0,1,63,12,76,77,229,96,19,421,36,10,46,467
02/21/2002,ALB,NY,AEA,EN,Towers with Radar,83,237,42,8,370,0,1,33,26,60,83,238,75,34,430,3,3,6,436
02/22/2002,ALB,NY,AEA,EN,Towers with Radar,77,234,36,0,347,0,0,18,8,26,77,234,54,8,373,9,4,13,386
02/23/2002,ALB,NY,AEA,EN,Towers with Radar,71,81,58,0,210,0,0,68,4,72,71,81,126,4,282,49,0,49,331
02/24/2002,ALB,NY,AEA,EN,Towers with Radar,67,98,40,1,206,0,0,79,0,79,67,98,119,1,285,30,0,30,315
02/25/2002,ALB,NY,AEA,EN,Towers with Radar,74,208,75,2,359,0,0,57,12,69,74,208,132,14,428,27,5,32,460
02/26/2002,ALB,NY,AEA,EN,Towers with Radar,81,225,44,13,363,0,0,37,14,51,81,225,81,27,414,21,12,33,447
02/27/2002,ALB,NY,AEA,EN,Towers with Radar,75,243,35,3,356,0,0,7,16,23,75,243,42,19,379,15,14,29,408
02/28/2002,ALB,NY,AEA,EN,Towers with Radar,77,219,34,5,335,0,0,28,16,44,77,219,62,21,379,12,32,44,423
03/01/2002,ALB,NY,AEA,EN,Towers with Radar,75,219,50,1,345,0,1,47,13,61,75,220,97,14,406,15,5,20,426
03/02/2002,ALB,NY,AEA,EN,Towers with Radar,66,82,21,2,171,0,0,115,1,116,66,82,136,3,287,58,0,58,345
03/03/2002,ALB,NY,AEA,EN,Towers with Radar,74,109,6,0,189,0,0,9,0,9,74,109,15,0,198,16,0,16,214
03/04/2002,ALB,NY,AEA,EN,Towers with Radar,73,203,34,4,314,0,0,13,8,21,73,203,47,12,335,10,18,28,363
03/05/2002,ALB,NY,AEA,EN,Towers with Radar,75,228,48,7,358,0,0,53,10,63,75,228,101,17,421,50,12,62,483
03/06/2002,ALB,NY,AEA,EN,Towers with Radar,75,219,41,0,335,0,0,35,7,42,75,219,76,7,377,16,0,16,393
03/07/2002,ALB,NY,AEA,EN,Towers with Radar,78,215,37,4,334,0,1,65,14,80,78,216,102,18,414,33,14,47,461
03/08/2002,ALB,NY,AEA,EN,Towers with Radar,76,219,64,5,364,0,3,52,9,64,76,222,116,14,428,55,52,107,535
03/09/2002,ALB,NY,AEA,EN,Towers with Radar,81,103,27,7,218,0,8,17,5,30,81,111,44,12,248,42,22,64,312
03/10/2002,ALB,NY,AEA,EN,Towers with Radar,69,97,26,14,206,0,1,26,4,31,69,98,52,18,237,1,0,1,238
03/11/2002,ALB,NY,AEA,EN,Towers with Radar,73,190,41,13,317,0,12,65,0,77,73,202,106,13,394,59,28,87,481
03/12/2002,ALB,NY,AEA,EN,Towers with Radar,78,229,57,22,386,0,1,17,0,18,78,230,74,22,404,18,48,66,470
03/13/2002,ALB,NY,AEA,EN,Towers with Radar,73,221,66,2,362,0,1,47,5,53,73,222,113,7,415,0,50,50,465
03/14/2002,ALB,NY,AEA,EN,Towers with Radar,79,215,71,4,369,0,2,91,1,94,79,217,162,5,463,43,4,47,510
03/15/2002,ALB,NY,AEA,EN,Towers with Radar,79,224,28,2,333,0,1,52,0,53,79,225,80,2,386,36,0,36,422
03/16/2002,ALB,NY,AEA,EN,Towers with Radar,69,88,29,0,186,0,0,6,0,6,69,88,35,0,192,14,0,14,206
03/17/2002,ALB,NY,AEA,EN,Towers with Radar,63,101,46,3,213,0,0,86,0,86,63,101,132,3,299,32,0,32,331
03/18/2002,ALB,NY,AEA,EN,Towers with Radar,73,194,33,2,302,0,0,0,0,0,73,194,33,2,302,0,0,0,302
03/19/2002,ALB,NY,AEA,EN,Towers with Radar,76,227,54,7,364,0,2,61,10,73,76,229,115,17,437,63,0,63,500
03/20/2002,ALB,NY,AEA,EN,Towers with Radar,78,216,34,0,328,0,0,4,5,9,78,216,38,5,337,0,0,0,337
03/21/2002,ALB,NY,AEA,EN,Towers with Radar,86,242,62,5,395,0,1,52,12,65,86,243,114,17,460,18,12,30,490
03/22/2002,ALB,NY,AEA,EN,Towers with Radar,73,210,38,1,322,0,1,26,5,32,73,211,64,6,354,27,4,31,385
03/23/2002,ALB,NY,AEA,EN,Towers with Radar,62,79,21,0,162,0,0,54,1,55,62,79,75,1,217,55,0,55,272
03/24/2002,ALB,NY,AEA,EN,Towers with Radar,66,105,29,0,200,0,1,119,0,120,66,106,148,0,320,60,0,60,380
03/25/2002,ALB,NY,AEA,EN,Towers with Radar,70,207,35,4,316,0,1,46,2,49,70,208,81,6,365,18,0,18,383
03/26/2002,ALB,NY,AEA,EN,Towers with Radar,72,217,23,1,313,0,0,5,0,5,72,217,28,1,318,17,0,17,335
03/27/2002,ALB,NY,AEA,EN,Towers with Radar,75,225,56,9,365,0,0,19,18,37,75,225,75,27,402,2,8,10,412
03/28/2002,ALB,NY,AEA,EN,Towers with Radar,73,229,61,1,364,0,2,126,5,133,73,231,187,6,497,50,0,50,547
03/29/2002,ALB,NY,AEA,EN,Towers with Radar,77,230,44,2,353,0,0,77,8,85,77,230,121,10,438,53,5,58,496
03/30/2002,ALB,NY,AEA,EN,Towers with Radar,68,73,21,0,162,0,0,79,0,79,68,73,100,0,241,36,0,36,277
03/31/2002,ALB,NY,AEA,EN,Towers with Radar,66,105,32,1,204,0,0,88,0,88,66,105,120,1,292,56,0,56,348
04/01/2002,ALB,NY,AEA,EN,Towers with Radar,69,211,49,5,334,0,0,3,0,3,69,211,52,5,337,6,6,12,349
04/02/2002,ALB,NY,AEA,EN,Towers with Radar,79,232,37,5,353,0,2,79,12,93,79,234,116,17,446,33,8,41,487
04/03/2002,ALB,NY,AEA,EN,Towers with Radar,78,234,32,18,362,0,0,6,0,6,78,234,38,18,368,5,16,21,389
04/04/2002,ALB,NY,AEA,EN,Towers with Radar,82,229,41,8,360,0,2,33,16,51,82,231,74,24,411,56,37,93,504
04/05/2002,ALB,NY,AEA,EN,Towers with Radar,74,239,31,0,344,0,1,35,4,40,74,240,66,4,384,5,1,6,390
04/06/2002,ALB,NY,AEA,EN,Towers with Radar,71,87,42,5,205,0,0,35,7,42,71,87,77,12,247,35,10,45,292
04/07/2002,ALB,NY,AEA,EN,Towers with Radar,61,108,39,1,209,0,1,85,6,92,61,109,124,7,301,26,4,30,331
04/08/2002,ALB,NY,AEA,EN,Towers with Radar,72,201,37,10,320,0,0,45,3,48,72,201,82,13,368,12,36,48,416
04/09/2002,ALB,NY,AEA,EN,Towers with Radar,76,248,49,5,378,0,1,18,3,22,76,249,67,8,400,31,4,35,435
04/10/2002,ALB,NY,AEA,EN,Towers with Radar,76,221,55,8,360,0,1,75,13,89,76,222,130,21,449,24,7,31,480
04/11/2002,ALB,NY,AEA,EN,Towers with Radar,78,234,59,19,390,0,0,106,5,111,78,234,165,24,501,53,37,90,591
04/12/2002,ALB,NY,AEA,EN,Towers with Radar,77,239,49,8,373,0,0,89,3,92,77,239,138,11,465,29,0,29,494
04/13/2002,ALB,NY,AEA,EN,Towers with Radar,73,88,28,1,190,0,0,21,0,21,73,88,49,1,211,26,0,26,237
04/14/2002,ALB,NY,AEA,EN,Towers with Radar,67,115,28,2,212,0,1,45,0,46,67,116,73,2,258,31,0,31,289
04/15/2002,ALB,NY,AEA,EN,Towers with Radar,70,209,42,2,323,0,1,43,2,46,70,210,85,4,369,24,7,31,400
04/16/2002,ALB,NY,AEA,EN,Towers with Radar,75,237,48,2,362,0,5,91,16,112,75,242,139,18,474,46,4,50,524
04/17/2002,ALB,NY,AEA,EN,Towers with Radar,75,238,44,0,357,0,0,54,10,64,75,238,98,10,421,23,4,27,448
04/18/2002,ALB,NY,AEA,EN,Towers with Radar,74,235,55,9,373,0,0,64,20,84,74,235,119,29,457,46,24,70,527
04/19/2002,ALB,NY,AEA,EN,Towers with Radar,77,237,33,0,347,0,1,43,3,47,77,238,76,3,394,19,2,21,415
04/20/2002,ALB,NY,AEA,EN,Towers with Radar,69,84,52,0,205,0,1,98,0,99,69,85,150,0,304,75,0,75,379
04/21/2002,ALB,NY,AEA,EN,Towers with Radar,68,106,48,0,222,0,0,87,0,87,68,106,135,0,309,32,6,38,347
04/22/2002,ALB,NY,AEA,EN,Towers with Radar,73,209,43,2,327,0,0,9,0,9,73,209,52,2,336,29,0,29,365
04/23/2002,ALB,NY,AEA,EN,Towers with Radar,77,247,52,3,379,0,1,62,23,86,77,248,114,26,465,56,26,82,547
04/24/2002,ALB,NY,AEA,EN,Towers with Radar,76,242,75,17,410,0,0,101,19,120,76,242,176,36,530,46,30,76,606
04/25/2002,ALB,NY,AEA,EN,Towers with Radar,79,238,32,10,359,0,0,36,4,40,79,238,68,14,399,2,2,4,403
04/26/2002,ALB,NY,AEA,EN,Towers with Radar,75,237,50,1,363,0,3,34,6,43,75,240,84,7,406,16,6,22,428
04/27/2002,ALB,NY,AEA,EN,Towers with Radar,70,79,39,0,188,0,0,103,0,103,70,79,142,0,291,64,2,66,357
04/28/2002,ALB,NY,AEA,EN,Towers with Radar,68,103,15,3,189,0,0,3,2,5,68,103,18,5,194,8,0,8,202
04/29/2002,ALB,NY,AEA,EN,Towers with Radar,69,217,42,0,328,0,1,20,0,21,69,218,62,0,349,18,0,18,367
04/30/2002,ALB,NY,AEA,EN,Towers with Radar,79,238,47,16,380,0,0,46,4,50,79,238,93,20,430,44,47,91,521
05/01/2002,ALB,NY,AEA,EN,Towers with Radar,76,234,47,12,369,0,0,69,0,69,76,234,116,12,438,50,27,77,515
05/02/2002,ALB,NY,AEA,EN,Towers with Radar,77,225,29,3,334,0,0,20,6,26,77,225,49,9,360,6,6,12,372
05/03/2002,ALB,NY,AEA,EN,Towers with Radar,82,257,58,0,397,0,6,39,0,45,82,263,97,0,442,24,6,30,472
05/04/2002,ALB,NY,AEA,EN,Towers with Radar,70,89,64,0,223,0,2,99,1,102,70,91,163,1,325,99,0,99,424
05/05/2002,ALB,NY,AEA,EN,Towers with Radar,68,115,50,1,234,0,0,120,1,121,68,115,170,2,355,75,2,77,432
05/06/2002,ALB,NY,AEA,EN,Towers with Radar,72,218,61,1,352,0,2,63,2,67,72,220,124,3,419,28,2,30,449
05/07/2002,ALB,NY,AEA,EN,Towers with Radar,78,238,29,9,354,0,1,44,3,48,78,239,73,12,402,33,4,37,439
05/08/2002,ALB,NY,AEA,EN,Towers with Radar,78,231,57,2,368,0,5,66,5,76,78,236,123,7,444,61,1,62,506
05/09/2002,ALB,NY,AEA,EN,Towers with Radar,78,232,43,6,359,0,0,19,3,22,78,232,62,9,381,30,0,30,411
05/10/2002,ALB,NY,AEA,EN,Towers with Radar,76,239,42,3,360,0,3,47,0,50,76,242,89,3,410,53,1,54,464
05/11/2002,ALB,NY,AEA,EN,Towers with Radar,72,87,41,3,203,0,0,54,0,54,72,87,95,3,257,70,1,71,328
05/12/2002,ALB,NY,AEA,EN,Towers with Radar,68,105,35,1,209,0,0,10,0,10,68,105,45,1,219,24,0,24,243
05/13/2002,ALB,NY,AEA,EN,Towers with Radar,72,203,59,0,334,0,0,2,0,2,72,203,61,0,336,18,0,18,354
05/14/2002,ALB,NY,AEA,EN,Towers with Radar,80,240,48,11,379,0,0,15,0,15,80,240,63,11,394,12,0,12,406
05/15/2002,ALB,NY,AEA,EN,Towers with Radar,76,229,56,4,365,0,3,26,1,30,76,232,82,5,395,28,6,34,429
05/16/2002,ALB,NY,AEA,EN,Towers with Radar,75,236,70,6,387,0,4,80,4,88,75,240,150,10,475,63,8,71,546
05/17/2002,ALB,NY,AEA,EN,Towers with Radar,76,247,61,7,391,0,0,32,0,32,76,247,93,7,423,41,2,43,466
05/18/2002,ALB,NY,AEA,EN,Towers with Radar,66,87,22,0,175,0,0,6,0,6,66,87,28,0,181,9,0,9,190
05/19/2002,ALB,NY,AEA,EN,Towers with Radar,69,123,39,0,231,0,1,68,0,69,69,124,107,0,300,25,0,25,325
05/20/2002,ALB,NY,AEA,EN,Towers with Radar,73,206,45,1,325,0,1,90,0,91,73,207,135,1,416,42,2,44,460
05/21/2002,ALB,NY,AEA,EN,Towers with Radar,79,255,41,1,376,0,0,59,0,59,79,255,100,1,435,48,2,50,485
05/22/2002,ALB,NY,AEA,EN,Towers with Radar,77,236,63,8,384,0,1,99,4,104,77,237,162,12,488,69,6,75,563
05/23/2002,ALB,NY,AEA,EN,Towers with Radar,79,244,73,1,397,0,0,113,0,113,79,244,186,1,510,86,0,86,596
05/24/2002,ALB,NY,AEA,EN,Towers with Radar,80,244,54,4,382,0,4,50,2,56,80,248,104,6,438,26,0,26,464
05/25/2002,ALB,NY,AEA,EN,Towers with Radar,68,82,42,1,193,0,0,77,0,77,68,82,119,1,270,69,0,69,339
05/26/2002,ALB,NY,AEA,EN,Towers with Radar,61,101,26,5,193,0,0,6,0,6,61,101,32,5,199,8,6,14,213
05/27/2002,ALB,NY,AEA,EN,Towers with Radar,67,109,50,4,230,0,0,81,1,82,67,109,131,5,312,88,14,102,414
05/28/2002,ALB,NY,AEA,EN,Towers with Radar,77,211,41,1,330,0,0,37,2,39,77,211,78,3,369,7,1,8,377
05/29/2002,ALB,NY,AEA,EN,Towers with Radar,78,239,41,10,368,0,1,32,0,33,78,240,73,10,401,78,10,88,489
05/30/2002,ALB,NY,AEA,EN,Towers with Radar,78,228,45,7,358,0,0,38,2,40,78,228,83,9,398,16,0,16,414
05/31/2002,ALB,NY,AEA,EN,Towers with Radar,80,215,47,1,343,0,1,13,0,14,80,216,60,1,357,4,0,4,361
06/01/2002,ALB,NY,AEA,EN,Towers with Radar,75,116,44,1,236,1,4,65,3,73,76,120,109,4,309,42,1,43,352
06/02/2002,ALB,NY,AEA,EN,Towers with Radar,68,108,41,1,218,1,0,55,8,64,69,108,96,9,282,46,2,48,330
06/03/2002,ALB,NY,AEA,EN,Towers with Radar,70,214,59,6,349,1,3,72,9,85,71,217,131,15,434,67,12,79,513
06/04/2002,ALB,NY,AEA,EN,Towers with Radar,76,224,60,6,366,1,1,61,2,65,77,225,121,8,431,51,30,81,512
06/05/2002,ALB,NY,AEA,EN,Towers with Radar,72,221,42,8,343,1,1,11,0,13,73,222,53,8,356,57,6,63,419
06/06/2002,ALB,NY,AEA,EN,Towers with Radar,75,241,68,2,386,1,0,8,0,9,76,241,76,2,395,34,0,34,429
06/07/2002,ALB,NY,AEA,EN,Towers with Radar,86,234,58,0,378,0,6,68,4,78,86,240,126,4,456,40,3,43,499
06/08/2002,ALB,NY,AEA,EN,Towers with Radar,73,77,59,1,210,0,3,140,1,144,73,80,199,2,354,39,0,39,393
06/09/2002,ALB,NY,AEA,EN,Towers with Radar,67,110,42,0,219,0,0,65,4,69,67,110,107,4,288,59,2,61,349
06/10/2002,ALB,NY,AEA,EN,Towers with Radar,72,212,54,7,345,0,4,92,6,102,72,216,146,13,447,49,4,53,500
06/11/2002,ALB,NY,AEA,EN,Towers with Radar,82,231,50,5,368,0,3,65,2,70,82,234,115,7,438,49,28,77,515
06/12/2002,ALB,NY,AEA,EN,Towers with Radar,82,233,52,4,371,0,0,6,0,6,82,233,58,4,377,1,0,1,378
06/13/2002,ALB,NY,AEA,EN,Towers with Radar,78,235,58,2,373,0,3,50,7,60,78,238,108,9,433,61,2,63,496
06/14/2002,ALB,NY,AEA,EN,Towers with Radar,77,245,50,11,383,0,0,22,2,24,77,245,72,13,407,6,6,12,419
06/15/2002,ALB,NY,AEA,EN,Towers with Radar,73,76,36,1,186,0,0,2,0,2,73,76,38,1,188,10,0,10,198
06/16/2002,ALB,NY,AEA,EN,Towers with Radar,72,111,46,3,232,0,1,17,0,18,72,112,63,3,250,27,0,27,277
06/17/2002,ALB,NY,AEA,EN,Towers with Radar,69,189,57,5,320,0,2,58,5,65,69,191,115,10,385,42,10,52,437
06/18/2002,ALB,NY,AEA,EN,Towers with Radar,79,206,53,6,344,0,0,89,1,90,79,206,142,7,434,21,4,25,459
06/19/2002,ALB,NY,AEA,EN,Towers with Radar,80,207,61,4,352,0,4,124,9,137,80,211,185,13,489,49,10,59,548
06/20/2002,ALB,NY,AEA,EN,Towers with Radar,77,226,58,10,371,0,1,96,6,103,77,227,154,16,474,12,0,12,486
06/21/2002,ALB,NY,AEA,EN,Towers with Radar,72,233,52,0,357,0,1,90,2,93,72,234,142,2,450,47,0,47,497
06/22/2002,ALB,NY,AEA,EN,Towers with Radar,75,86,48,0,209,0,0,25,0,25,75,86,73,0,234,2,0,2,236
06/23/2002,ALB,NY,AEA,EN,Towers with Radar,66,113,36,1,216,0,0,7,3,10,66,113,43,4,226,14,0,14,240
06/24/2002,ALB,NY,AEA,EN,Towers with Radar,73,197,56,0,326,0,2,80,8,90,73,199,136,8,416,50,12,62,478
06/25/2002,ALB,NY,AEA,EN,Towers with Radar,77,212,51,3,343,0,1,77,1,79,77,213,128,4,422,63,8,71,493
06/26/2002,ALB,NY,AEA,EN,Towers with Radar,78,208,57,21,364,0,0,51,2,53,78,208,108,23,417,44,22,66,483
06/27/2002,ALB,NY,AEA,EN,Towers with Radar,77,223,48,3,351,0,0,36,2,38,77,223,84,5,389,32,5,37,426
06/28/2002,ALB,NY,AEA,EN,Towers with Radar,81,251,69,2,403,0,1,51,3,55,81,252,120,5,458,33,14,47,505
06/29/2002,ALB,NY,AEA,EN,Towers with Radar,78,80,61,0,219,0,0,109,4,113,78,80,170,4,332,58,0,58,390
06/30/2002,ALB,NY,AEA,EN,Towers with Radar,62,106,73,0,241,0,1,74,2,77,62,107,147,2,318,28,1,29,347
07/01/2002,ALB,NY,AEA,EN,Towers with Radar,72,189,47,3,311,0,0,40,4,44,72,189,87,7,355,19,4,23,378
07/02/2002,ALB,NY,AEA,EN,Towers with Radar,78,211,64,7,360,0,0,34,9,43,78,211,98,16,403,10,0,10,413
07/03/2002,ALB,NY,AEA,EN,Towers with Radar,75,211,50,4,340,0,2,53,6,61,75,213,103,10,401,43,3,46,447
07/04/2002,ALB,NY,AEA,EN,Towers with Radar,72,107,37,6,222,0,0,45,6,51,72,107,82,12,273,13,2,15,288
07/05/2002,ALB,NY,AEA,EN,Towers with Radar,70,126,39,2,237,0,0,57,0,57,70,126,96,2,294,20,0,20,314
07/06/2002,ALB,NY,AEA,EN,Towers with Radar,70,74,32,1,177,0,0,69,3,72,70,74,101,4,249,24,2,26,275
07/07/2002,ALB,NY,AEA,EN,Towers with Radar,71,109,43,1,224,0,0,8,0,8,71,109,51,1,232,34,0,34,266
07/08/2002,ALB,NY,AEA,EN,Towers with Radar,75,205,49,2,331,0,9,45,4,58,75,214,94,6,389,58,2,60,449
07/09/2002,ALB,NY,AEA,EN,Towers with Radar,74,234,50,20,378,0,2,49,2,53,74,236,99,22,431,37,26,63,494
07/10/2002,ALB,NY,AEA,EN,Towers with Radar,82,227,75,15,399,0,3,50,3,56,82,230,125,18,455,51,2,53,508
07/11/2002,ALB,NY,AEA,EN,Towers with Radar,79,251,69,6,405,0,6,66,4,76,79,257,135,10,481,41,16,57,538
07/12/2002,ALB,NY,AEA,EN,Towers with Radar,75,242,73,1,391,0,3,80,7,90,75,245,153,8,481,30,4,34,515
07/13/2002,ALB,NY,AEA,EN,Towers with Radar,78,90,65,2,235,0,1,69,0,70,78,91,134,2,305,45,0,45,350
07/14/2002,ALB,NY,AEA,EN,Towers with Radar,69,116,66,1,252,0,0,71,0,71,69,116,137,1,323,36,0,36,359
07/15/2002,ALB,NY,AEA,EN,Towers with Radar,68,192,39,2,301,0,3,58,2,63,68,195,97,4,364,26,0,26,390
07/16/2002,ALB,NY,AEA,EN,Towers with Radar,77,227,55,12,371,0,11,90,4,105,77,238,145,16,476,46,18,64,540
07/17/2002,ALB,NY,AEA,EN,Towers with Radar,80,223,57,5,365,0,1,81,7,89,80,224,138,12,454,46,0,46,500
07/18/2002,ALB,NY,AEA,EN,Towers with Radar,76,243,72,1,392,0,0,54,8,62,76,243,126,9,454,24,4,28,482
07/19/2002,ALB,NY,AEA,EN,Towers with Radar,74,225,63,2,364,0,0,30,0,30,74,225,93,2,394,51,9,60,454
07/20/2002,ALB,NY,AEA,EN,Towers with Radar,76,91,59,1,227,0,4,111,1,116,76,95,170,2,343,31,2,33,376
07/21/2002,ALB,NY,AEA,EN,Towers with Radar,70,120,71,1,262,0,3,100,0,103,70,123,171,1,365,22,2,24,389
07/22/2002,ALB,NY,AEA,EN,Towers with Radar,74,204,36,6,320,0,2,47,0,49,74,206,83,6,369,14,6,20,389
07/23/2002,ALB,NY,AEA,EN,Towers with Radar,68,216,57,7,348,0,1,31,3,35,68,217,88,10,383,12,0,12,395
07/24/2002,ALB,NY,AEA,EN,Towers with Radar,82,222,71,16,391,0,7,99,15,121,82,229,170,31,512,36,6,42,554
07/25/2002,ALB,NY,AEA,EN,Towers with Radar,76,240,60,3,379,0,1,133,2,136,76,241,193,5,515,53,16,69,584
07/26/2002,ALB,NY,AEA,EN,Towers with Radar,73,247,49,0,369,0,4,96,16,116,73,251,145,16,485,40,15,55,540
07/27/2002,ALB,NY,AEA,EN,Towers with Radar,77,90,34,2,203,0,2,58,3,63,77,92,92,5,266,65,18,83,349
07/28/2002,ALB,NY,AEA,EN,Towers with Radar,74,128,40,0,242,0,0,3,0,3,74,128,43,0,245,42,0,42,287
07/29/2002,ALB,NY,AEA,EN,Towers with Radar,73,198,59,2,332,0,2,51,2,55,73,200,110,4,387,22,6,28,415
07/30/2002,ALB,NY,AEA,EN,Towers with Radar,79,216,40,7,342,0,1,63,2,66,79,217,103,9,408,30,8,38,446
07/31/2002,ALB,NY,AEA,EN,Towers with Radar,80,232,50,2,364,0,0,89,3,92,80,232,139,5,456,52,8,60,516
08/01/2002,ALB,NY,AEA,EN,Towers with Radar,77,245,64,4,390,0,1,67,15,83,77,246,131,19,473,45,27,72,545
08/02/2002,ALB,NY,AEA,EN,Towers with Radar,82,224,51,2,359,0,0,46,4,50,82,224,97,6,409,31,16,47,456
08/03/2002,ALB,NY,AEA,EN,Towers with Radar,75,104,85,1,265,0,0,72,5,77,75,104,157,6,342,25,2,27,369
08/04/2002,ALB,NY,AEA,EN,Towers with Radar,72,121,74,0,267,0,0,66,9,75,72,121,140,9,342,31,22,53,395
08/05/2002,ALB,NY,AEA,EN,Towers with Radar,72,188,54,1,315,0,2,41,0,43,72,190,95,1,358,38,0,38,396
08/06/2002,ALB,NY,AEA,EN,Towers with Radar,79,216,82,3,380,0,0,64,12,76,79,216,146,15,456,39,2,41,497
08/07/2002,ALB,NY,AEA,EN,Towers with Radar,80,216,76,8,380,0,1,98,3,102,80,217,174,11,482,37,0,37,519
08/08/2002,ALB,NY,AEA,EN,Towers with Radar,77,232,62,3,374,0,2,112,0,114,77,234,174,3,488,61,0,61,549
08/09/2002,ALB,NY,AEA,EN,Towers with Radar,77,245,81,0,403,0,3,101,1,105,77,248,182,1,508,73,10,83,591
08/10/2002,ALB,NY,AEA,EN,Towers with Radar,79,83,39,0,201,0,0,75,0,75,79,83,114,0,276,54,0,54,330
08/11/2002,ALB,NY,AEA,EN,Towers with Radar,67,122,61,1,251,0,0,57,0,57,67,122,118,1,308,55,2,57,365
08/12/2002,ALB,NY,AEA,EN,Towers with Radar,77,200,57,0,334,0,2,70,5,77,77,202,127,5,411,38,7,45,456
08/13/2002,ALB,NY,AEA,EN,Towers with Radar,75,234,66,1,376,0,3,67,19,89,75,237,133,20,465,68,40,108,573
08/14/2002,ALB,NY,AEA,EN,Towers with Radar,82,223,57,3,365,0,1,49,1,51,82,224,106,4,416,9,0,9,425
08/15/2002,ALB,NY,AEA,EN,Towers with Radar,82,256,48,0,386,0,0,50,9,59,82,256,98,9,445,46,14,60,505
08/16/2002,ALB,NY,AEA,EN,Towers with Radar,76,247,53,4,380,0,1,37,1,39,76,248,90,5,419,12,0,12,431
08/17/2002,ALB,NY,AEA,EN,Towers with Radar,75,93,48,3,219,0,0,62,3,65,75,93,110,6,284,20,3,23,307
08/18/2002,ALB,NY,AEA,EN,Towers with Radar,68,121,31,3,223,0,2,51,0,53,68,123,82,3,276,17,0,17,293
08/19/2002,ALB,NY,AEA,EN,Towers with Radar,75,201,37,0,313,0,4,63,0,67,75,205,100,0,380,62,1,63,443
08/20/2002,ALB,NY,AEA,EN,Towers with Radar,78,228,52,2,360,0,0,67,0,67,78,228,119,2,427,61,2,63,490
08/21/2002,ALB,NY,AEA,EN,Towers with Radar,75,225,48,2,350,0,0,81,6,87,75,225,129,8,437,30,0,30,467
08/22/2002,ALB,NY,AEA,EN,Towers with Radar,79,255,61,1,396,0,2,59,5,66,79,257,120,6,462,25,3,28,490
08/23/2002,ALB,NY,AEA,EN,Towers with Radar,73,248,76,3,400,0,0,62,2,64,73,248,138,5,464,42,8,50,514
08/24/2002,ALB,NY,AEA,EN,Towers with Radar,76,87,66,1,230,0,0,21,1,22,76,87,87,2,252,13,0,13,265
08/25/2002,ALB,NY,AEA,EN,Towers with Radar,69,120,53,2,244,0,1,61,0,62,69,121,114,2,306,56,2,58,364
08/26/2002,ALB,NY,AEA,EN,Towers with Radar,71,210,47,3,331,0,4,115,3,122,71,214,162,6,453,34,0,34,487
08/27/2002,ALB,NY,AEA,EN,Towers with Radar,76,223,55,4,358,0,2,68,7,77,76,225,123,11,435,54,0,54,489
08/28/2002,ALB,NY,AEA,EN,Towers with Radar,76,218,70,3,367,0,1,78,5,84,76,219,148,8,451,32,0,32,483
08/29/2002,ALB,NY,AEA,EN,Towers with Radar,77,260,41,3,381,0,0,11,0,11,77,260,52,3,392,7,0,7,399
08/30/2002,ALB,NY,AEA,EN,Towers with Radar,78,243,39,1,361,0,7,59,1,67,78,250,98,2,428,31,0,31,459
08/31/2002,ALB,NY,AEA,EN,Towers with Radar,75,81,53,2,211,0,2,80,0,82,75,83,133,2,293,69,0,69,362
09/01/2002,ALB,NY,AEA,EN,Towers with Radar,62,56,42,1,161,0,4,53,0,57,62,60,95,1,218,40,0,40,258
09/02/2002,ALB,NY,AEA,EN,Towers with Radar,69,114,44,3,230,0,0,48,0,48,69,114,92,3,278,37,0,37,315
09/03/2002,ALB,NY,AEA,EN,Towers with Radar,71,197,54,2,324,0,2,47,10,59,71,199,101,12,383,9,0,9,392
09/04/2002,ALB,NY,AEA,EN,Towers with Radar,81,216,59,5,361,0,1,86,1,88,81,217,145,6,449,58,0,58,507
09/05/2002,ALB,NY,AEA,EN,Towers with Radar,77,235,50,2,364,0,0,84,10,94,77,235,134,12,458,36,12,48,506
09/06/2002,ALB,NY,AEA,EN,Towers with Radar,72,241,69,10,392,0,2,90,11,103,72,243,159,21,495,50,4,54,549
09/07/2002,ALB,NY,AEA,EN,Towers with Radar,78,84,52,3,217,0,1,105,12,118,78,85,157,15,335,54,6,60,395
09/08/2002,ALB,NY,AEA,EN,Towers with Radar,69,111,61,1,242,0,1,141,3,145,69,112,202,4,387,78,0,78,465
09/09/2002,ALB,NY,AEA,EN,Towers with Radar,71,198,31,2,302,0,0,67,1,68,71,198,98,3,370,44,0,44,414
09/10/2002,ALB,NY,AEA,EN,Towers with Radar,80,213,45,1,339,0,1,77,6,84,80,214,122,7,423,45,0,45,468
09/11/2002,ALB,NY,AEA,EN,Towers with Radar,73,137,29,4,243,0,0,28,3,31,73,137,57,7,274,6,10,16,290
09/12/2002,ALB,NY,AEA,EN,Towers with Radar,73,248,62,2,385,0,1,99,12,112,73,249,161,14,497,60,1,61,558
09/13/2002,ALB,NY,AEA,EN,Towers with Radar,71,243,71,5,390,0,3,81,11,95,71,246,152,16,485,65,12,77,562
09/14/2002,ALB,NY,AEA,EN,Towers with Radar,73,81,40,4,198,0,1,75,0,76,73,82,115,4,274,1,0,1,275
09/15/2002,ALB,NY,AEA,EN,Towers with Radar,68,109,21,0,198,0,0,5,0,5,68,109,26,0,203,2,0,2,205
09/16/2002,ALB,NY,AEA,EN,Towers with Radar,73,201,46,1,321,0,0,17,0,17,73,201,63,1,338,26,6,32,370
09/17/2002,ALB,NY,AEA,EN,Towers with Radar,78,225,65,8,376,0,1,94,2,97,78,226,159,10,473,27,14,41,514
09/18/2002,ALB,NY,AEA,EN,Towers with Radar,76,217,70,3,366,0,1,97,0,98,76,218,167,3,464,79,1,80,544
09/19/2002,ALB,NY,AEA,EN,Towers with Radar,78,242,60,3,383,0,0,84,2,86,78,242,144,5,469,32,0,32,501
09/20/2002,ALB,NY,AEA,EN,Towers with Radar,77,243,79,0,399,0,1,60,0,61,77,244,139,0,460,27,0,27,487
09/21/2002,ALB,NY,AEA,EN,Towers with Radar,76,91,60,1,228,0,0,30,0,30,76,91,90,1,258,11,0,11,269
09/22/2002,ALB,NY,AEA,EN,Towers with Radar,69,105,43,1,218,0,0,10,1,11,69,105,53,2,229,10,0,10,239
09/23/2002,ALB,NY,AEA,EN,Towers with Radar,68,200,55,2,325,0,3,41,0,44,68,203,96,2,369,22,3,25,394
09/24/2002,ALB,NY,AEA,EN,Towers with Radar,75,215,73,18,381,0,2,95,0,97,75,217,168,18,478,58,12,70,548
09/25/2002,ALB,NY,AEA,EN,Towers with Radar,77,217,84,0,378,0,2,102,3,107,77,219,186,3,485,61,8,69,554
09/26/2002,ALB,NY,AEA,EN,Towers with Radar,75,249,55,4,383,0,2,81,0,83,75,251,136,4,466,32,0,32,498
09/27/2002,ALB,NY,AEA,EN,Towers with Radar,76,245,44,8,373,0,1,0,0,1,76,246,44,8,374,0,0,0,374
09/28/2002,ALB,NY,AEA,EN,Towers with Radar,71,95,39,0,205,0,0,48,1,49,71,95,87,1,254,39,2,41,295
09/29/2002,ALB,NY,AEA,EN,Towers with Radar,64,111,73,0,248,0,0,82,0,82,64,111,155,0,330,33,0,33,363
09/30/2002,ALB,NY,AEA,EN,Towers with Radar,74,189,60,1,324,0,3,67,1,71,74,192,127,2,395,70,0,70,465
10/01/2002,ALB,NY,AEA,EN,Towers with Radar,75,225,57,11,368,0,2,93,1,96,75,227,150,12,464,55,16,71,535
10/02/2002,ALB,NY,AEA,EN,Towers with Radar,75,217,57,13,362,0,2,32,2,36,75,219,89,15,398,20,6,26,424
10/03/2002,ALB,NY,AEA,EN,Towers with Radar,74,241,68,1,384,0,0,44,2,46,74,241,112,3,430,34,7,41,471
10/04/2002,ALB,NY,AEA,EN,Towers with Radar,73,239,61,0,373,0,0,7,0,7,73,239,68,0,380,14,0,14,394
10/05/2002,ALB,NY,AEA,EN,Towers with Radar,76,85,20,1,182,0,3,46,4,53,76,88,66,5,235,23,0,23,258
10/06/2002,ALB,NY,AEA,EN,Towers with Radar,68,125,53,0,246,0,2,106,6,114,68,127,159,6,360,80,0,80,440
10/07/2002,ALB,NY,AEA,EN,Towers with Radar,76,208,45,1,330,0,3,23,0,26,76,211,68,1,356,2,0,2,358
10/08/2002,ALB,NY,AEA,EN,Towers with Radar,80,230,73,4,387,0,1,79,1,81,80,231,152,5,468,0,0,0,468
10/09/2002,ALB,NY,AEA,EN,Towers with Radar,76,238,61,6,381,0,0,63,2,65,76,238,124,8,446,57,2,59,505
10/10/2002,ALB,NY,AEA,EN,Towers with Radar,78,236,67,4,385,0,0,40,0,40,78,236,107,4,425,59,0,59,484
10/11/2002,ALB,NY,AEA,EN,Towers with Radar,77,215,49,2,343,0,0,13,0,13,77,215,62,2,356,7,0,7,363
10/12/2002,ALB,NY,AEA,EN,Towers with Radar,75,79,45,0,199,0,0,34,1,35,75,79,79,1,234,30,0,30,264
10/13/2002,ALB,NY,AEA,EN,Towers with Radar,69,126,39,2,236,0,0,1,0,1,69,126,40,2,237,7,0,7,244
10/14/2002,ALB,NY,AEA,EN,Towers with Radar,73,199,60,1,333,0,1,54,0,55,73,200,114,1,388,36,0,36,424
10/15/2002,ALB,NY,AEA,EN,Towers with Radar,77,216,72,9,374,0,2,70,3,75,77,218,142,12,449,4,6,10,459
10/16/2002,ALB,NY,AEA,EN,Towers with Radar,78,228,30,8,344,0,0,6,0,6,78,228,36,8,350,0,8,8,358
10/17/2002,ALB,NY,AEA,EN,Towers with Radar,74,234,49,12,369,0,1,52,1,54,74,235,101,13,423,13,11,24,447
10/18/2002,ALB,NY,AEA,EN,Towers with Radar,78,228,57,8,371,0,1,75,3,79,78,229,132,11,450,36,7,43,493
10/19/2002,ALB,NY,AEA,EN,Towers with Radar,72,77,24,2,175,0,0,4,0,4,72,77,28,2,179,28,0,28,207
10/20/2002,ALB,NY,AEA,EN,Towers with Radar,67,131,36,1,235,0,0,65,4,69,67,131,101,5,304,48,7,55,359
10/21/2002,ALB,NY,AEA,EN,Towers with Radar,72,204,43,1,320,0,2,43,2,47,72,206,86,3,367,25,0,25,392
10/22/2002,ALB,NY,AEA,EN,Towers with Radar,76,223,43,10,352,0,0,33,0,33,76,223,76,10,385,28,18,46,431
10/23/2002,ALB,NY,AEA,EN,Towers with Radar,73,218,44,2,337,0,0,38,0,38,73,218,82,2,375,13,0,13,388
10/24/2002,ALB,NY,AEA,EN,Towers with Radar,78,225,54,13,370,0,0,96,6,102,78,225,150,19,472,38,4,42,514
10/25/2002,ALB,NY,AEA,EN,Towers with Radar,73,228,54,1,356,0,0,90,9,99,73,228,144,10,455,56,10,66,521
10/26/2002,ALB,NY,AEA,EN,Towers with Radar,73,79,26,0,178,0,0,0,0,0,73,79,26,0,178,4,0,4,182
10/27/2002,ALB,NY,AEA,EN,Towers with Radar,64,128,32,0,224,0,0,78,0,78,64,128,110,0,302,44,0,44,346
10/28/2002,ALB,NY,AEA,EN,Towers with Radar,72,202,63,1,338,0,2,63,16,81,72,204,126,17,419,6,0,6,425
10/29/2002,ALB,NY,AEA,EN,Towers with Radar,76,227,85,1,389,0,1,74,0,75,76,228,159,1,464,13,0,13,477
10/30/2002,ALB,NY,AEA,EN,Towers with Radar,76,228,38,1,343,0,1,57,0,58,76,229,95,1,401,38,0,38,439
10/31/2002,ALB,NY,AEA,EN,Towers with Radar,77,223,55,2,357,0,0,83,2,85,77,223,138,4,442,56,0,56,498
11/01/2002,ALB,NY,AEA,EN,Towers with Radar,69,241,37,1,348,0,0,49,0,49,69,241,86,1,397,10,1,11,408
11/02/2002,ALB,NY,AEA,EN,Towers with Radar,62,89,32,0,183,0,0,36,2,38,62,89,68,2,221,60,0,60,281
11/03/2002,ALB,NY,AEA,EN,Towers with Radar,59,132,24,3,218,0,1,72,0,73,59,133,96,3,291,0,0,0,291
11/04/2002,ALB,NY,AEA,EN,Towers with Radar,69,231,38,4,342,0,0,17,0,17,69,231,55,4,359,10,4,14,373
11/05/2002,ALB,NY,AEA,EN,Towers with Radar,72,238,47,7,364,0,1,61,7,69,72,239,108,14,433,30,13,43,476
11/06/2002,ALB,NY,AEA,EN,Towers with Radar,69,236,28,24,357,0,0,3,0,3,69,236,31,24,360,13,18,31,391
11/07/2002,ALB,NY,AEA,EN,Towers with Radar,71,245,42,5,363,0,1,45,10,56,71,246,87,15,419,35,13,48,467
11/08/2002,ALB,NY,AEA,EN,Towers with Radar,71,239,67,2,379,0,0,55,1,56,71,239,122,3,435,47,0,47,482
11/09/2002,ALB,NY,AEA,EN,Towers with Radar,64,91,56,0,211,0,26,72,0,98,64,117,128,0,309,44,0,44,353
11/10/2002,ALB,NY,AEA,EN,Towers with Radar,56,126,21,10,213,0,17,52,0,69,56,143,73,10,282,19,6,25,307
11/11/2002,ALB,NY,AEA,EN,Towers with Radar,72,199,21,0,292,0,0,14,5,19,72,199,35,5,311,10,0,10,321
11/12/2002,ALB,NY,AEA,EN,Towers with Radar,76,220,39,7,342,0,0,16,0,16,76,220,55,7,358,9,6,15,373
11/13/2002,ALB,NY,AEA,EN,Towers with Radar,69,241,31,2,343,0,0,17,11,28,69,241,48,13,371,33,12,45,416
11/14/2002,ALB,NY,AEA,EN,Towers with Radar,72,239,38,12,361,0,4,63,9,76,72,243,101,21,437,14,18,32,469
11/15/2002,ALB,NY,AEA,EN,Towers with Radar,70,251,39,1,361,0,3,79,2,84,70,254,118,3,445,26,0,26,471
11/16/2002,ALB,NY,AEA,EN,Towers with Radar,65,80,3,0,148,0,0,0,0,0,65,80,3,0,148,0,0,0,148
11/17/2002,ALB,NY,AEA,EN,Towers with Radar,63,122,3,1,189,0,0,0,0,0,63,122,3,1,189,0,0,0,189
11/18/2002,ALB,NY,AEA,EN,Towers with Radar,65,207,27,1,300,0,3,11,0,14,65,210,38,1,314,13,0,13,327
11/19/2002,ALB,NY,AEA,EN,Towers with Radar,68,241,35,0,344,0,0,37,0,37,68,241,72,0,381,8,12,20,401
11/20/2002,ALB,NY,AEA,EN,Towers with Radar,66,239,61,14,380,0,1,55,7,63,66,240,116,21,443,49,26,75,518
11/21/2002,ALB,NY,AEA,EN,Towers with Radar,85,264,43,12,404,0,1,24,5,30,85,265,67,17,434,45,8,53,487
11/22/2002,ALB,NY,AEA,EN,Towers with Radar,71,245,39,9,364,0,0,0,1,1,71,245,39,10,365,4,3,7,372
11/23/2002,ALB,NY,AEA,EN,Towers with Radar,64,93,26,1,184,0,0,9,1,10,64,93,35,2,194,21,3,24,218
11/24/2002,ALB,NY,AEA,EN,Towers with Radar,57,137,23,1,218,0,0,56,0,56,57,137,79,1,274,88,0,88,362
11/25/2002,ALB,NY,AEA,EN,Towers with Radar,68,211,39,6,324,0,3,22,10,35,68,214,61,16,359,2,2,4,363
11/26/2002,ALB,NY,AEA,EN,Towers with Radar,66,233,65,0,364,0,2,57,1,60,66,235,122,1,424,30,0,30,454
11/27/2002,ALB,NY,AEA,EN,Towers with Radar,78,238,36,0,352,0,0,10,0,10,78,238,46,0,362,5,0,5,367
11/28/2002,ALB,NY,AEA,EN,Towers with Radar,55,95,20,2,172,0,0,28,0,28,55,95,48,2,200,23,0,23,223
11/29/2002,ALB,NY,AEA,EN,Towers with Radar,57,92,24,0,173,0,0,7,0,7,57,92,31,0,180,6,0,6,186
11/30/2002,ALB,NY,AEA,EN,Towers with Radar,63,78,18,0,159,0,0,42,0,42,63,78,60,0,201,64,0,64,265
12/01/2002,ALB,NY,AEA,EN,Towers with Radar,58,141,20,0,219,1,0,16,0,17,59,141,36,0,236,0,0,0,236
12/02/2002,ALB,NY,AEA,EN,Towers with Radar,63,226,50,1,340,0,0,25,0,25,63,226,75,1,365,12,0,12,377
12/03/2002,ALB,NY,AEA,EN,Towers with Radar,68,237,30,1,336,0,0,43,7,50,68,237,73,8,386,26,4,30,416
12/04/2002,ALB,NY,AEA,EN,Towers with Radar,68,223,70,1,362,0,0,44,9,53,68,223,114,10,415,14,5,19,434
12/05/2002,ALB,NY,AEA,EN,Towers with Radar,60,198,32,1,291,0,0,3,0,3,60,198,35,1,294,6,0,6,300
12/06/2002,ALB,NY,AEA,EN,Towers with Radar,73,244,44,2,363,0,0,21,9,30,73,244,65,11,393,29,6,35,428
12/07/2002,ALB,NY,AEA,EN,Towers with Radar,59,89,22,1,171,0,0,58,12,70,59,89,80,13,241,26,7,33,274
12/08/2002,ALB,NY,AEA,EN,Towers with Radar,59,122,25,0,206,0,0,32,3,35,59,122,57,3,241,24,0,24,265
12/09/2002,ALB,NY,AEA,EN,Towers with Radar,63,216,45,16,340,0,0,30,2,32,63,216,75,18,372,7,26,33,405
12/10/2002,ALB,NY,AEA,EN,Towers with Radar,64,222,47,0,333,0,1,62,7,70,64,223,109,7,403,4,4,8,411
12/11/2002,ALB,NY,AEA,EN,Towers with Radar,68,216,25,1,310,0,0,36,9,45,68,216,61,10,355,3,2,5,360
12/12/2002,ALB,NY,AEA,EN,Towers with Radar,62,219,37,24,342,0,1,19,0,20,62,220,56,24,362,10,21,31,393
12/13/2002,ALB,NY,AEA,EN,Towers with Radar,68,259,29,0,356,0,0,0,0,0,68,259,29,0,356,0,0,0,356
12/14/2002,ALB,NY,AEA,EN,Towers with Radar,68,93,8,1,170,0,0,11,0,11,68,93,19,1,181,4,0,4,185
12/15/2002,ALB,NY,AEA,EN,Towers with Radar,58,132,35,0,225,0,0,53,0,53,58,132,88,0,278,22,0,22,300
12/16/2002,ALB,NY,AEA,EN,Towers with Radar,66,202,34,5,307,0,0,6,0,6,66,202,40,5,313,0,6,6,319
12/17/2002,ALB,NY,AEA,EN,Towers with Radar,78,227,62,1,368,0,0,61,7,68,78,227,123,8,436,55,4,59,495
12/18/2002,ALB,NY,AEA,EN,Towers with Radar,78,233,48,6,365,0,1,54,15,70,78,234,102,21,435,51,22,73,508
12/19/2002,ALB,NY,AEA,EN,Towers with Radar,73,238,45,11,367,0,0,59,7,66,73,238,104,18,433,39,10,49,482
12/20/2002,ALB,NY,AEA,EN,Towers with Radar,80,214,39,3,336,0,25,7,0,32,80,239,46,3,368,0,0,0,368
12/21/2002,ALB,NY,AEA,EN,Towers with Radar,66,90,26,2,184,0,0,54,0,54,66,90,80,2,238,59,0,59,297
12/22/2002,ALB,NY,AEA,EN,Towers with Radar,63,128,29,1,221,0,0,44,0,44,63,128,73,1,265,22,0,22,287
12/23/2002,ALB,NY,AEA,EN,Towers with Radar,66,193,24,2,285,0,0,29,1,30,66,193,53,3,315,18,6,24,339
12/24/2002,ALB,NY,AEA,EN,Towers with Radar,76,170,13,2,261,0,0,58,0,58,76,170,71,2,319,13,0,13,332
12/25/2002,ALB,NY,AEA,EN,Towers with Radar,27,45,3,0,75,0,0,0,0,0,27,45,3,0,75,0,0,0,75
12/26/2002,ALB,NY,AEA,EN,Towers with Radar,73,97,12,4,186,0,0,9,1,10,73,97,21,5,196,2,0,2,198
12/27/2002,ALB,NY,AEA,EN,Towers with Radar,75,143,29,1,248,0,0,29,0,29,75,143,58,1,277,15,0,15,292
12/28/2002,ALB,NY,AEA,EN,Towers with Radar,63,74,25,0,162,0,0,27,2,29,63,74,52,2,191,20,0,20,211
12/29/2002,ALB,NY,AEA,EN,Towers with Radar,62,121,25,0,208,0,0,49,0,49,62,121,74,0,257,16,0,16,273
12/30/2002,ALB,NY,AEA,EN,Towers with Radar,68,201,23,2,294,0,2,47,0,49,68,203,70,2,343,13,0,13,356
12/31/2002,ALB,NY,AEA,EN,Towers with Radar,81,185,17,0,283,0,1,2,0,3,81,186,19,0,286,46,0,46,332
01/01/2003,ALB,NY,AEA,EN,Towers with Radar,56,84,12,3,155,0,1,19,0,20,56,85,31,3,175,20,0,20,195
01/02/2003,ALB,NY,AEA,EN,Towers with Radar,70,120,17,8,215,0,1,14,1,16,70,121,31,9,231,39,23,62,293
01/03/2003,ALB,NY,AEA,EN,Towers with Radar,61,104,12,1,178,0,0,1,0,1,61,104,13,1,179,0,0,0,179
01/04/2003,ALB,NY,AEA,EN,Towers with Radar,30,62,9,0,101,29,0,0,0,29,59,62,9,0,130,0,0,0,130
01/05/2003,ALB,NY,AEA,EN,Towers with Radar,61,139,14,1,215,0,0,28,0,28,61,139,42,1,243,46,0,46,289
01/06/2003,ALB,NY,AEA,EN,Towers with Radar,67,204,17,0,288,0,0,1,0,1,67,204,18,0,289,2,0,2,291
01/07/2003,ALB,NY,AEA,EN,Towers with Radar,72,222,49,0,343,0,0,26,3,29,72,222,75,3,372,8,4,12,384
01/08/2003,ALB,NY,AEA,EN,Towers with Radar,70,229,31,1,331,0,0,13,4,17,70,229,44,5,348,6,0,6,354
01/09/2003,ALB,NY,AEA,EN,Towers with Radar,75,237,35,3,350,0,0,31,11,42,75,237,66,14,392,28,19,47,439
01/10/2003,ALB,NY,AEA,EN,Towers with Radar,71,235,34,0,340,0,0,22,9,31,71,235,56,9,371,27,19,46,417
01/11/2003,ALB,NY,AEA,EN,Towers with Radar,59,78,15,0,152,0,0,13,6,19,59,78,28,6,171,19,0,19,190
01/12/2003,ALB,NY,AEA,EN,Towers with Radar,64,119,14,1,198,0,0,6,7,13,64,119,20,8,211,15,18,33,244
01/13/2003,ALB,NY,AEA,EN,Towers with Radar,67,211,39,0,317,0,2,12,2,16,67,213,51,2,333,53,13,66,399
01/14/2003,ALB,NY,AEA,EN,Towers with Radar,74,226,53,2,355,0,0,47,1,48,74,226,100,3,403,90,2,92,495
01/15/2003,ALB,NY,AEA,EN,Towers with Radar,70,233,57,7,367,0,1,24,1,26,70,234,81,8,393,17,4,21,414
01/16/2003,ALB,NY,AEA,EN,Towers with Radar,70,231,40,1,342,0,0,54,5,59,70,231,94,6,401,60,18,78,479
01/17/2003,ALB,NY,AEA,EN,Towers with Radar,71,222,37,0,330,0,10,29,0,39,71,232,66,0,369,27,0,27,396
01/18/2003,ALB,NY,AEA,EN,Towers with Radar,59,81,29,0,169,0,1,48,0,49,59,82,77,0,218,17,0,17,235
01/19/2003,ALB,NY,AEA,EN,Towers with Radar,62,117,13,0,192,0,2,58,4,64,62,119,71,4,256,39,0,39,295
01/20/2003,ALB,NY,AEA,EN,Towers with Radar,66,200,18,3,287,0,1,18,0,19,66,201,36,3,306,19,0,19,325
01/21/2003,ALB,NY,AEA,EN,Towers with Radar,69,230,33,3,335,0,2,34,0,36,69,232,67,3,371,67,2,69,440
01/22/2003,ALB,NY,AEA,EN,Towers with Radar,71,227,36,10,344,0,1,31,0,32,71,228,67,10,376,69,0,69,445
01/23/2003,ALB,NY,AEA,EN,Towers with Radar,70,227,39,1,337,0,1,40,1,42,70,228,79,2,379,108,8,116,495
01/24/2003,ALB,NY,AEA,EN,Towers with Radar,72,240,51,6,369,0,0,47,1,48,72,240,98,7,417,4,0,4,421
01/25/2003,ALB,NY,AEA,EN,Towers with Radar,60,81,33,0,174,0,0,66,0,66,60,81,99,0,240,46,2,48,288
01/26/2003,ALB,NY,AEA,EN,Towers with Radar,58,123,17,0,198,0,0,7,0,7,58,123,24,0,205,2,0,2,207
01/27/2003,ALB,NY,AEA,EN,Towers with Radar,66,219,28,2,315,0,0,36,4,40,66,219,64,6,355,49,0,49,404
01/28/2003,ALB,NY,AEA,EN,Towers with Radar,71,232,28,4,335,0,0,46,12,58,71,232,74,16,393,29,25,54,447
01/29/2003,ALB,NY,AEA,EN,Towers with Radar,69,230,27,1,327,0,0,17,0,17,69,230,44,1,344,75,5,80,424
01/30/2003,ALB,NY,AEA,EN,Towers with Radar,78,259,58,0,395,0,3,51,8,62,78,262,109,8,457,48,10,58,515
01/31/2003,ALB,NY,AEA,EN,Towers with Radar,67,244,43,22,376,0,0,22,4,26,67,244,65,26,402,33,16,49,451
02/01/2003,ALB,NY,AEA,EN,Towers with Radar,65,80,4,12,161,0,0,0,0,0,65,80,4,12,161,4,9,13,174
02/02/2003,ALB,NY,AEA,EN,Towers with Radar,60,133,18,5,216,0,0,17,15,32,60,133,35,20,248,16,29,45,293
02/03/2003,ALB,NY,AEA,EN,Towers with Radar,67,208,35,2,312,0,0,43,5,48,67,208,78,7,360,36,4,40,400
02/04/2003,ALB,NY,AEA,EN,Towers with Radar,71,234,35,12,352,0,0,3,0,3,71,234,38,12,355,2,10,12,367
02/05/2003,ALB,NY,AEA,EN,Towers with Radar,70,240,29,5,344,0,1,18,5,24,70,241,47,10,368,12,10,22,390
02/06/2003,ALB,NY,AEA,EN,Towers with Radar,70,228,45,14,357,0,1,74,0,75,70,229,119,14,432,42,19,61,493
02/07/2003,ALB,NY,AEA,EN,Towers with Radar,68,207,33,0,308,0,0,1,0,1,68,207,34,0,309,18,0,18,327
02/08/2003,ALB,NY,AEA,EN,Towers with Radar,61,72,25,1,159,0,2,79,1,82,61,74,104,2,241,82,0,82,323
02/09/2003,ALB,NY,AEA,EN,Towers with Radar,60,127,24,0,211,0,1,64,2,67,60,128,88,2,278,30,0,30,308
02/10/2003,ALB,NY,AEA,EN,Towers with Radar,62,206,16,25,309,0,1,13,5,19,62,207,29,30,328,20,17,37,365
02/11/2003,ALB,NY,AEA,EN,Towers with Radar,71,232,32,6,341,0,0,44,7,51,71,232,76,13,392,31,12,43,435
02/12/2003,ALB,NY,AEA,EN,Towers with Radar,69,222,42,0,333,0,0,3,0,3,69,222,45,0,336,6,0,6,342
02/13/2003,ALB,NY,AEA,EN,Towers with Radar,67,242,48,6,363,0,0,34,1,35,67,242,82,7,398,41,6,47,445
02/14/2003,ALB,NY,AEA,EN,Towers with Radar,71,234,45,3,353,0,0,35,0,35,71,234,80,3,388,16,0,16,404
02/15/2003,ALB,NY,AEA,EN,Towers with Radar,59,85,24,0,168,0,1,63,0,64,59,86,87,0,232,44,0,44,276
02/16/2003,ALB,NY,AEA,EN,Towers with Radar,52,126,38,1,217,0,0,68,0,68,52,126,106,1,285,57,0,57,342
02/17/2003,ALB,NY,AEA,EN,Towers with Radar,26,69,8,0,103,0,0,1,0,1,26,69,9,0,104,0,0,0,104
02/18/2003,ALB,NY,AEA,EN,Towers with Radar,65,184,18,1,268,0,0,10,0,10,65,184,28,1,278,12,0,12,290
02/19/2003,ALB,NY,AEA,EN,Towers with Radar,71,219,29,15,334,0,0,47,3,50,71,219,76,18,384,47,8,55,439
02/20/2003,ALB,NY,AEA,EN,Towers with Radar,72,222,55,3,352,0,1,80,11,92,72,223,135,14,444,47,0,47,491
02/21/2003,ALB,NY,AEA,EN,Towers with Radar,71,231,56,3,361,0,4,86,3,93,71,235,142,6,454,50,0,50,504
02/22/2003,ALB,NY,AEA,EN,Towers with Radar,58,69,5,0,132,0,0,3,0,3,58,69,8,0,135,2,0,2,137
02/23/2003,ALB,NY,AEA,EN,Towers with Radar,60,131,14,0,205,0,0,0,0,0,60,131,14,0,205,0,0,0,205
02/24/2003,ALB,NY,AEA,EN,Towers with Radar,65,212,23,0,300,0,0,17,3,20,65,212,40,3,320,6,0,6,326
02/25/2003,ALB,NY,AEA,EN,Towers with Radar,70,228,46,2,346,0,1,39,6,46,70,229,85,8,392,30,14,44,436
02/26/2003,ALB,NY,AEA,EN,Towers with Radar,68,224,41,15,348,0,0,83,20,103,68,224,124,35,451,18,20,38,489
02/27/2003,ALB,NY,AEA,EN,Towers with Radar,73,238,37,26,374,0,2,65,16,83,73,240,102,42,457,33,21,54,511
02/28/2003,ALB,NY,AEA,EN,Towers with Radar,72,240,35,4,351,0,0,71,2,73,72,240,106,6,424,44,7,51,475
03/01/2003,ALB,NY,AEA,EN,Towers with Radar,57,75,14,0,146,0,1,85,0,86,57,76,99,0,232,61,16,77,309
03/02/2003,ALB,NY,AEA,EN,Towers with Radar,56,120,20,2,198,0,0,0,0,0,56,120,20,2,198,16,0,16,214
03/03/2003,ALB,NY,AEA,EN,Towers with Radar,66,208,51,14,339,0,0,17,1,18,66,208,68,15,357,53,20,73,430
03/04/2003,ALB,NY,AEA,EN,Towers with Radar,71,238,41,3,353,0,2,64,4,70,71,240,105,7,423,76,17,93,516
03/05/2003,ALB,NY,AEA,EN,Towers with Radar,75,226,17,38,356,0,0,4,6,10,75,226,21,44,366,10,78,88,454
03/06/2003,ALB,NY,AEA,EN,Towers with Radar,69,218,34,1,322,0,0,18,0,18,69,218,52,1,340,12,0,12,352
03/07/2003,ALB,NY,AEA,EN,Towers with Radar,74,238,64,1,377,0,1,81,11,93,74,239,145,12,470,7,0,7,477
03/08/2003,ALB,NY,AEA,EN,Towers with Radar,57,81,46,1,185,0,0,74,5,79,57,81,120,6,264,68,2,70,334
03/09/2003,ALB,NY,AEA,EN,Towers with Radar,56,124,15,0,195,0,0,10,2,12,56,124,25,2,207,0,0,0,207
03/10/2003,ALB,NY,AEA,EN,Towers with Radar,65,213,41,9,328,0,0,12,0,12,65,213,53,9,340,63,0,63,403
03/11/2003,ALB,NY,AEA,EN,Towers with Radar,67,221,27,1,316,0,1,61,8,70,67,222,88,9,386,41,22,63,449
03/12/2003,ALB,NY,AEA,EN,Towers with Radar,70,224,33,15,342,0,0,42,4,46,70,224,75,19,388,96,15,111,499
03/13/2003,ALB,NY,AEA,EN,Towers with Radar,68,214,36,6,324,0,0,14,0,14,68,214,50,6,338,68,0,68,406
03/14/2003,ALB,NY,AEA,EN,Towers with Radar,67,242,44,14,367,0,1,55,5,61,67,243,99,19,428,69,16,85,513
03/15/2003,ALB,NY,AEA,EN,Towers with Radar,59,78,52,0,189,0,0,74,0,74,59,78,126,0,263,76,0,76,339
03/16/2003,ALB,NY,AEA,EN,Towers with Radar,57,124,40,1,222,0,0,89,0,89,57,124,129,1,311,74,0,74,385
03/17/2003,ALB,NY,AEA,EN,Towers with Radar,64,215,33,0,312,0,2,63,3,68,64,217,96,3,380,24,0,24,404
03/18/2003,ALB,NY,AEA,EN,Towers with Radar,72,239,44,0,355,0,1,95,1,97,72,240,139,1,452,50,0,50,502
03/19/2003,ALB,NY,AEA,EN,Towers with Radar,67,231,56,5,359,0,1,105,3,109,67,232,161,8,468,47,0,47,515
03/20/2003,ALB,NY,AEA,EN,Towers with Radar,71,219,23,6,319,0,1,8,0,9,71,220,31,6,328,8,2,10,338
03/21/2003,ALB,NY,AEA,EN,Towers with Radar,71,216,20,1,308,0,0,23,0,23,71,216,43,1,331,4,0,4,335
03/22/2003,ALB,NY,AEA,EN,Towers with Radar,64,92,39,1,196,0,0,54,0,54,64,92,93,1,250,58,0,58,308
03/23/2003,ALB,NY,AEA,EN,Towers with Radar,58,118,47,0,223,0,0,47,0,47,58,118,94,0,270,61,0,61,331
03/24/2003,ALB,NY,AEA,EN,Towers with Radar,66,211,40,7,324,0,1,107,3,111,66,212,147,10,435,42,2,44,479
03/25/2003,ALB,NY,AEA,EN,Towers with Radar,70,226,60,0,356,0,0,56,10,66,70,226,116,10,422,10,0,10,432
03/26/2003,ALB,NY,AEA,EN,Towers with Radar,74,232,41,1,348,0,0,18,6,24,74,232,59,7,372,12,0,12,384
03/27/2003,ALB,NY,AEA,EN,Towers with Radar,68,232,45,14,359,0,1,103,14,118,68,233,148,28,477,45,10,55,532
03/28/2003,ALB,NY,AEA,EN,Towers with Radar,70,236,58,5,369,1,1,80,1,83,71,237,138,6,452,32,0,32,484
03/29/2003,ALB,NY,AEA,EN,Towers with Radar,61,82,16,0,159,1,0,3,0,4,62,82,19,0,163,5,0,5,168
03/30/2003,ALB,NY,AEA,EN,Towers with Radar,57,128,10,0,195,1,0,3,0,4,58,128,13,0,199,2,0,2,201
03/31/2003,ALB,NY,AEA,EN,Towers with Radar,65,210,44,1,320,0,0,23,2,25,65,210,67,3,345,0,0,0,345
04/01/2003,ALB,NY,AEA,EN,Towers with Radar,71,225,50,20,366,0,0,20,0,20,71,225,70,20,386,2,0,2,388
04/02/2003,ALB,NY,AEA,EN,Towers with Radar,69,230,37,7,343,0,1,10,0,11,69,231,47,7,354,28,12,40,394
04/03/2003,ALB,NY,AEA,EN,Towers with Radar,67,228,28,1,324,0,0,0,0,0,67,228,28,1,324,0,0,0,324
04/04/2003,ALB,NY,AEA,EN,Towers with Radar,68,159,6,0,233,0,0,0,0,0,68,159,6,0,233,10,0,10,243
04/05/2003,ALB,NY,AEA,EN,Towers with Radar,65,77,12,0,154,0,0,0,0,0,65,77,12,0,154,0,0,0,154
04/06/2003,ALB,NY,AEA,EN,Towers with Radar,62,119,34,1,216,0,0,23,2,25,62,119,57,3,241,6,0,6,247
04/07/2003,ALB,NY,AEA,EN,Towers with Radar,61,194,18,2,275,0,0,10,1,11,61,194,28,3,286,18,0,18,304
04/08/2003,ALB,NY,AEA,EN,Towers with Radar,73,204,25,1,303,0,0,15,0,15,73,204,40,1,318,21,0,21,339
04/09/2003,ALB,NY,AEA,EN,Towers with Radar,71,221,29,5,326,0,0,12,0,12,71,221,41,5,338,14,12,26,364
04/10/2003,ALB,NY,AEA,EN,Towers with Radar,71,224,47,27,369,0,0,95,6,101,71,224,142,33,470,86,38,124,594
04/11/2003,ALB,NY,AEA,EN,Towers with Radar,74,232,30,4,340,0,4,35,1,40,74,236,65,5,380,31,8,39,419
04/12/2003,ALB,NY,AEA,EN,Towers with Radar,62,78,21,2,163,0,26,87,0,113,62,104,108,2,276,36,0,36,312
04/13/2003,ALB,NY,AEA,EN,Towers with Radar,59,122,48,0,229,0,17,88,3,108,59,139,136,3,337,34,1,35,372
04/14/2003,ALB,NY,AEA,EN,Towers with Radar,68,208,45,1,322,0,2,70,3,75,68,210,115,4,397,33,0,33,430
04/15/2003,ALB,NY,AEA,EN,Towers with Radar,69,220,54,5,348,0,3,91,8,102,69,223,145,13,450,17,6,23,473
04/16/2003,ALB,NY,AEA,EN,Towers with Radar,71,222,48,12,353,0,0,47,4,51,71,222,95,16,404,69,4,73,477
04/17/2003,ALB,NY,AEA,EN,Towers with Radar,71,228,35,8,342,0,0,59,7,66,71,228,94,15,408,36,0,36,444
04/18/2003,ALB,NY,AEA,EN,Towers with Radar,74,222,63,8,367,0,0,48,7,55,74,222,111,15,422,27,14,41,463
04/19/2003,ALB,NY,AEA,EN,Towers with Radar,63,75,35,1,174,0,2,91,0,93,63,77,126,1,267,106,0,106,373
04/20/2003,ALB,NY,AEA,EN,Towers with Radar,58,117,34,1,210,0,0,72,0,72,58,117,106,1,282,43,0,43,325
04/21/2003,ALB,NY,AEA,EN,Towers with Radar,70,200,43,4,317,0,0,47,4,51,70,200,90,8,368,21,19,40,408
04/22/2003,ALB,NY,AEA,EN,Towers with Radar,70,203,42,22,337,0,0,2,0,2,70,203,44,22,339,19,60,79,418
04/23/2003,ALB,NY,AEA,EN,Towers with Radar,71,222,37,7,337,0,0,16,20,36,71,222,53,27,373,50,47,97,470
04/24/2003,ALB,NY,AEA,EN,Towers with Radar,69,223,37,6,335,0,1,64,1,66,69,224,101,7,401,30,4,34,435
04/25/2003,ALB,NY,AEA,EN,Towers with Radar,75,220,78,2,375,0,1,81,3,85,75,221,159,5,460,55,0,55,515
04/26/2003,ALB,NY,AEA,EN,Towers with Radar,63,81,30,1,175,0,0,4,0,4,63,81,34,1,179,11,0,11,190
04/27/2003,ALB,NY,AEA,EN,Towers with Radar,61,112,46,1,220,0,0,32,1,33,61,112,78,2,253,36,0,36,289
04/28/2003,ALB,NY,AEA,EN,Towers with Radar,63,195,51,0,309,0,0,38,4,42,63,195,89,4,351,24,0,24,375
04/29/2003,ALB,NY,AEA,EN,Towers with Radar,70,222,51,0,343,0,1,58,0,59,70,223,109,0,402,24,8,32,434
04/30/2003,ALB,NY,AEA,EN,Towers with Radar,69,223,56,0,348,0,1,85,2,88,69,224,141,2,436,58,0,58,494
05/01/2003,ALB,NY,AEA,EN,Towers with Radar,72,218,42,1,333,0,0,45,1,46,72,218,87,2,379,7,0,7,386
05/02/2003,ALB,NY,AEA,EN,Towers with Radar,77,224,48,0,349,0,0,0,0,0,77,224,48,0,349,7,0,7,356
05/03/2003,ALB,NY,AEA,EN,Towers with Radar,60,78,26,0,164,0,1,94,6,101,60,79,120,6,265,28,0,28,293
05/04/2003,ALB,NY,AEA,EN,Towers with Radar,62,118,62,0,242,0,1,106,2,109,62,119,168,2,351,50,0,50,401
05/05/2003,ALB,NY,AEA,EN,Towers with Radar,68,200,54,5,327,0,0,32,0,32,68,200,86,5,359,0,4,4,363
05/06/2003,ALB,NY,AEA,EN,Towers with Radar,67,210,38,13,328,0,0,16,10,26,67,210,54,23,354,66,12,78,432
05/07/2003,ALB,NY,AEA,EN,Towers with Radar,75,212,63,8,358,0,1,57,9,67,75,213,120,17,425,36,32,68,493
05/08/2003,ALB,NY,AEA,EN,Towers with Radar,71,211,95,11,388,0,2,35,4,41,71,213,130,15,429,21,4,25,454
05/09/2003,ALB,NY,AEA,EN,Towers with Radar,69,212,57,0,338,0,1,29,5,35,69,213,86,5,373,26,0,26,399
05/10/2003,ALB,NY,AEA,EN,Towers with Radar,63,69,50,2,184,0,0,74,0,74,63,69,124,2,258,44,0,44,302
05/11/2003,ALB,NY,AEA,EN,Towers with Radar,72,108,24,1,205,0,0,29,0,29,72,108,53,1,234,4,0,4,238
05/12/2003,ALB,NY,AEA,EN,Towers with Radar,73,204,63,4,344,0,1,10,0,11,73,205,73,4,355,49,0,49,404
05/13/2003,ALB,NY,AEA,EN,Towers with Radar,64,191,51,2,308,0,0,22,2,24,64,191,73,4,332,96,4,100,432
05/14/2003,ALB,NY,AEA,EN,Towers with Radar,71,217,43,2,333,0,0,60,2,62,71,217,103,4,395,71,0,71,466
05/15/2003,ALB,NY,AEA,EN,Towers with Radar,75,226,57,4,362,0,1,81,3,85,75,227,138,7,447,52,0,52,499
05/16/2003,ALB,NY,AEA,EN,Towers with Radar,71,222,44,1,338,0,0,42,0,42,71,222,86,1,380,46,0,46,426
05/17/2003,ALB,NY,AEA,EN,Towers with Radar,67,83,38,3,191,0,0,62,0,62,67,83,100,3,253,32,2,34,287
05/18/2003,ALB,NY,AEA,EN,Towers with Radar,62,110,58,1,231,0,0,51,0,51,62,110,109,1,282,38,0,38,320
05/19/2003,ALB,NY,AEA,EN,Towers with Radar,69,200,72,1,342,0,0,76,3,79,69,200,148,4,421,41,0,41,462
05/20/2003,ALB,NY,AEA,EN,Towers with Radar,74,222,65,10,371,0,0,62,4,66,74,222,127,14,437,46,2,48,485
05/21/2003,ALB,NY,AEA,EN,Towers with Radar,73,215,63,13,364,0,0,24,7,31,73,215,87,20,395,24,19,43,438
05/22/2003,ALB,NY,AEA,EN,Towers with Radar,73,225,46,12,356,0,0,30,13,43,73,225,76,25,399,6,4,10,409
05/23/2003,ALB,NY,AEA,EN,Towers with Radar,75,223,37,1,336,0,0,15,0,15,75,223,52,1,351,36,0,36,387
05/24/2003,ALB,NY,AEA,EN,Towers with Radar,62,68,28,0,158,0,0,0,0,0,62,68,28,0,158,22,0,22,180
05/25/2003,ALB,NY,AEA,EN,Towers with Radar,57,94,27,0,178,0,0,8,0,8,57,94,35,0,186,2,0,2,188
05/26/2003,ALB,NY,AEA,EN,Towers with Radar,63,108,14,0,185,0,0,0,0,0,63,108,14,0,185,18,0,18,203
05/27/2003,ALB,NY,AEA,EN,Towers with Radar,69,207,63,1,340,0,1,34,2,37,69,208,97,3,377,31,0,31,408
05/28/2003,ALB,NY,AEA,EN,Towers with Radar,75,214,44,12,345,0,0,9,8,17,75,214,53,20,362,20,13,33,395
05/29/2003,ALB,NY,AEA,EN,Towers with Radar,75,219,56,2,352,0,1,19,12,32,75,220,75,14,384,78,10,88,472
05/30/2003,ALB,NY,AEA,EN,Towers with Radar,76,229,55,3,363,0,0,48,8,56,76,229,103,11,419,21,4,25,444
05/31/2003,ALB,NY,AEA,EN,Towers with Radar,62,76,17,0,155,0,0,47,0,47,62,76,64,0,202,22,0,22,224
06/01/2003,ALB,NY,AEA,EN,Towers with Radar,63,115,40,0,218,0,0,0,0,0,63,115,40,0,218,16,10,26,244
06/02/2003,ALB,NY,AEA,EN,Towers with Radar,65,192,44,2,303,0,2,70,16,88,65,194,114,18,391,14,0,14,405
06/03/2003,ALB,NY,AEA,EN,Towers with Radar,74,219,68,3,364,0,1,81,9,91,74,220,149,12,455,54,9,63,518
06/04/2003,ALB,NY,AEA,EN,Towers with Radar,72,212,46,4,334,0,0,43,1,44,72,212,89,5,378,17,1,18,396
06/05/2003,ALB,NY,AEA,EN,Towers with Radar,76,224,71,16,387,0,0,11,1,12,76,224,82,17,399,2,6,8,407
06/06/2003,ALB,NY,AEA,EN,Towers with Radar,73,224,68,1,366,0,1,47,6,54,73,225,115,7,420,13,22,35,455
06/07/2003,ALB,NY,AEA,EN,Towers with Radar,70,66,38,1,175,0,0,38,3,41,70,66,76,4,216,13,22,35,251
06/08/2003,ALB,NY,AEA,EN,Towers with Radar,58,118,41,0,217,0,0,34,4,38,58,118,75,4,255,18,0,18,273
06/09/2003,ALB,NY,AEA,EN,Towers with Radar,69,206,44,8,327,0,1,18,2,21,69,207,62,10,348,26,11,37,385
06/10/2003,ALB,NY,AEA,EN,Towers with Radar,76,220,46,3,345,0,1,65,6,72,76,221,111,9,417,44,8,52,469
06/11/2003,ALB,NY,AEA,EN,Towers with Radar,71,221,36,3,331,0,1,19,0,20,71,222,55,3,351,26,0,26,377
06/12/2003,ALB,NY,AEA,EN,Towers with Radar,71,221,60,9,361,0,2,55,11,68,71,223,115,20,429,59,14,73,502
06/13/2003,ALB,NY,AEA,EN,Towers with Radar,72,233,43,0,348,0,0,4,0,4,72,233,47,0,352,20,0,20,372
06/14/2003,ALB,NY,AEA,EN,Towers with Radar,67,76,33,0,176,0,1,5,2,8,67,77,38,2,184,14,0,14,198
06/15/2003,ALB,NY,AEA,EN,Towers with Radar,65,119,60,1,245,0,0,64,0,64,65,119,124,1,309,58,0,58,367
06/16/2003,ALB,NY,AEA,EN,Towers with Radar,72,202,58,8,340,0,0,63,11,74,72,202,121,19,414,9,6,15,429
06/17/2003,ALB,NY,AEA,EN,Towers with Radar,71,228,62,14,375,0,1,78,16,95,71,229,140,30,470,8,8,16,486
06/18/2003,ALB,NY,AEA,EN,Towers with Radar,76,224,63,5,368,0,0,32,10,42,76,224,95,15,410,40,6,46,456
06/19/2003,ALB,NY,AEA,EN,Towers with Radar,74,221,48,3,346,0,1,28,18,47,74,222,76,21,393,20,5,25,418
06/20/2003,ALB,NY,AEA,EN,Towers with Radar,77,232,50,3,362,0,0,32,5,37,77,232,82,8,399,6,2,8,407
06/21/2003,ALB,NY,AEA,EN,Towers with Radar,64,79,29,1,173,0,1,25,0,26,64,80,54,1,199,30,0,30,229
06/22/2003,ALB,NY,AEA,EN,Towers with Radar,56,119,28,2,205,0,0,14,0,14,56,119,42,2,219,21,0,21,240
06/23/2003,ALB,NY,AEA,EN,Towers with Radar,66,201,60,4,331,0,0,73,15,88,66,201,133,19,419,54,2,56,475
06/24/2003,ALB,NY,AEA,EN,Towers with Radar,76,213,50,2,341,0,0,59,15,74,76,213,109,17,415,36,22,58,473
06/25/2003,ALB,NY,AEA,EN,Towers with Radar,76,233,49,3,361,0,2,56,5,63,76,235,105,8,424,52,0,52,476
06/26/2003,ALB,NY,AEA,EN,Towers with Radar,73,223,74,3,373,0,0,56,12,68,73,223,130,15,441,31,1,32,473
06/27/2003,ALB,NY,AEA,EN,Towers with Radar,74,231,39,1,345,0,1,20,1,22,74,232,59,2,367,17,0,17,384
06/28/2003,ALB,NY,AEA,EN,Towers with Radar,60,76,66,0,202,0,0,82,0,82,60,76,148,0,284,26,0,26,310
06/29/2003,ALB,NY,AEA,EN,Towers with Radar,61,132,41,3,237,0,0,59,0,59,61,132,100,3,296,22,0,22,318
06/30/2003,ALB,NY,AEA,EN,Towers with Radar,68,205,36,6,315,0,0,62,13,75,68,205,98,19,390,21,0,21,411
07/01/2003,ALB,NY,AEA,EN,Towers with Radar,71,227,75,8,381,0,2,95,21,118,71,229,170,29,499,22,18,40,539
07/02/2003,ALB,NY,AEA,EN,Towers with Radar,74,229,81,4,388,0,2,94,8,104,74,231,175,12,492,15,0,15,507
07/03/2003,ALB,NY,AEA,EN,Towers with Radar,73,227,56,2,358,0,1,89,4,94,73,228,145,6,452,30,6,36,488
07/04/2003,ALB,NY,AEA,EN,Towers with Radar,61,67,48,0,176,0,1,31,1,33,61,68,79,1,209,7,0,7,216
07/05/2003,ALB,NY,AEA,EN,Towers with Radar,55,58,26,0,139,0,0,46,0,46,55,58,72,0,185,20,0,20,205
07/06/2003,ALB,NY,AEA,EN,Towers with Radar,55,119,71,1,246,0,0,53,0,53,55,119,124,1,299,50,0,50,349
07/07/2003,ALB,NY,AEA,EN,Towers with Radar,67,200,42,2,311,0,2,40,1,43,67,202,82,3,354,12,0,12,366
07/08/2003,ALB,NY,AEA,EN,Towers with Radar,72,229,57,1,359,0,1,39,1,41,72,230,96,2,400,2,0,2,402
07/09/2003,ALB,NY,AEA,EN,Towers with Radar,72,216,46,2,336,0,0,14,2,16,72,216,60,4,352,15,4,19,371
07/10/2003,ALB,NY,AEA,EN,Towers with Radar,78,233,56,6,373,0,1,56,4,61,78,234,112,10,434,31,12,43,477
07/11/2003,ALB,NY,AEA,EN,Towers with Radar,77,234,33,4,348,0,0,10,0,10,77,234,43,4,358,24,0,24,382
07/12/2003,ALB,NY,AEA,EN,Towers with Radar,69,81,48,0,198,0,0,79,5,84,69,81,127,5,282,66,14,80,362
07/13/2003,ALB,NY,AEA,EN,Towers with Radar,60,130,65,0,255,0,2,93,12,107,60,132,158,12,362,94,26,120,482
07/14/2003,ALB,NY,AEA,EN,Towers with Radar,66,202,45,0,313,0,4,113,1,118,66,206,158,1,431,35,0,35,466
07/15/2003,ALB,NY,AEA,EN,Towers with Radar,73,231,59,0,363,0,2,73,8,83,73,233,132,8,446,33,7,40,486
07/16/2003,ALB,NY,AEA,EN,Towers with Radar,64,211,40,7,322,0,2,14,8,24,64,213,54,15,346,6,4,10,356
07/17/2003,ALB,NY,AEA,EN,Towers with Radar,75,237,97,1,410,0,1,65,17,83,75,238,162,18,493,32,18,50,543
07/18/2003,ALB,NY,AEA,EN,Towers with Radar,70,226,49,0,345,0,0,39,0,39,70,226,88,0,384,25,1,26,410
07/19/2003,ALB,NY,AEA,EN,Towers with Radar,65,79,47,1,192,0,2,70,0,72,65,81,117,1,264,34,0,34,298
07/20/2003,ALB,NY,AEA,EN,Towers with Radar,60,133,53,0,246,0,1,63,0,64,60,134,116,0,310,38,0,38,348
07/21/2003,ALB,NY,AEA,EN,Towers with Radar,61,190,28,0,279,0,1,16,4,21,61,191,44,4,300,1,0,1,301
07/22/2003,ALB,NY,AEA,EN,Towers with Radar,73,247,43,0,363,0,0,35,8,43,73,247,78,8,406,36,11,47,453
07/23/2003,ALB,NY,AEA,EN,Towers with Radar,75,233,64,25,397,0,0,20,9,29,75,233,84,34,426,60,18,78,504
07/24/2003,ALB,NY,AEA,EN,Towers with Radar,76,241,69,1,387,0,0,37,0,37,76,241,106,1,424,12,2,14,438
07/25/2003,ALB,NY,AEA,EN,Towers with Radar,77,229,88,6,400,0,3,74,17,94,77,232,162,23,494,46,9,55,549
07/26/2003,ALB,NY,AEA,EN,Towers with Radar,64,68,38,0,170,0,1,89,0,90,64,69,127,0,260,47,0,47,307
07/27/2003,ALB,NY,AEA,EN,Towers with Radar,63,126,46,0,235,0,0,21,0,21,63,126,67,0,256,18,0,18,274
07/28/2003,ALB,NY,AEA,EN,Towers with Radar,66,201,50,0,317,0,3,74,0,77,66,204,124,0,394,28,0,28,422
07/29/2003,ALB,NY,AEA,EN,Towers with Radar,75,229,92,1,397,0,2,111,15,128,75,231,203,16,525,45,4,49,574
07/30/2003,ALB,NY,AEA,EN,Towers with Radar,76,223,90,6,395,0,7,112,13,132,76,230,202,19,527,68,8,76,603
07/31/2003,ALB,NY,AEA,EN,Towers with Radar,69,231,72,4,376,0,3,64,6,73,69,234,136,10,449,61,2,63,512
08/01/2003,ALB,NY,AEA,EN,Towers with Radar,68,231,41,0,340,0,0,4,0,4,68,231,45,0,344,0,0,0,344
08/02/2003,ALB,NY,AEA,EN,Towers with Radar,63,85,52,2,202,0,0,24,0,24,63,85,76,2,226,8,0,8,234
08/03/2003,ALB,NY,AEA,EN,Towers with Radar,56,141,56,0,253,0,2,18,0,20,56,143,74,0,273,20,0,20,293
08/04/2003,ALB,NY,AEA,EN,Towers with Radar,67,211,50,1,329,0,2,15,3,20,67,213,65,4,349,26,0,26,375
08/05/2003,ALB,NY,AEA,EN,Towers with Radar,75,239,51,3,368,0,0,32,8,40,75,239,83,11,408,28,14,42,450
08/06/2003,ALB,NY,AEA,EN,Towers with Radar,76,229,40,5,350,0,0,8,7,15,76,229,48,12,365,37,1,38,403
08/07/2003,ALB,NY,AEA,EN,Towers with Radar,71,226,64,5,366,0,2,32,5,39,71,228,96,10,405,22,8,30,435
08/08/2003,ALB,NY,AEA,EN,Towers with Radar,74,235,91,3,403,0,0,23,7,30,74,235,114,10,433,27,0,27,460
08/09/2003,ALB,NY,AEA,EN,Towers with Radar,64,77,41,3,185,0,0,24,1,25,64,77,65,4,210,12,0,12,222
08/10/2003,ALB,NY,AEA,EN,Towers with Radar,58,149,35,4,246,0,0,12,1,13,58,149,47,5,259,6,0,6,265
08/11/2003,ALB,NY,AEA,EN,Towers with Radar,68,206,45,1,320,0,0,12,0,12,68,206,57,1,332,8,0,8,340
08/12/2003,ALB,NY,AEA,EN,Towers with Radar,74,223,54,1,352,0,0,24,5,29,74,223,78,6,381,35,0,35,416
08/13/2003,ALB,NY,AEA,EN,Towers with Radar,74,233,61,10,378,0,1,57,3,61,74,234,118,13,439,20,2,22,461
08/14/2003,ALB,NY,AEA,EN,Towers with Radar,75,218,86,3,382,0,2,108,13,123,75,220,194,16,505,47,3,50,555
08/15/2003,ALB,NY,AEA,EN,Towers with Radar,68,208,83,2,361,0,1,52,11,64,68,209,135,13,425,32,6,38,463
08/16/2003,ALB,NY,AEA,EN,Towers with Radar,65,78,39,4,186,0,0,43,3,46,65,78,82,7,232,19,0,19,251
08/17/2003,ALB,NY,AEA,EN,Towers with Radar,65,131,55,1,252,0,0,64,0,64,65,131,119,1,316,63,0,63,379
08/18/2003,ALB,NY,AEA,EN,Towers with Radar,69,213,55,3,340,0,3,70,5,78,69,216,125,8,418,31,6,37,455
08/19/2003,ALB,NY,AEA,EN,Towers with Radar,73,231,80,3,387,0,1,83,16,100,73,232,163,19,487,14,5,19,506
08/20/2003,ALB,NY,AEA,EN,Towers with Radar,78,222,97,9,406,0,0,93,9,102,78,222,190,18,508,26,4,30,538
08/21/2003,ALB,NY,AEA,EN,Towers with Radar,81,229,81,4,395,0,3,60,23,86,81,232,141,27,481,29,15,44,525
08/22/2003,ALB,NY,AEA,EN,Towers with Radar,70,235,51,1,357,0,0,15,15,30,70,235,66,16,387,8,20,28,415
08/23/2003,ALB,NY,AEA,EN,Towers with Radar,71,82,45,5,203,0,0,94,2,96,71,82,139,7,299,27,2,29,328
08/24/2003,ALB,NY,AEA,EN,Towers with Radar,59,135,61,2,257,0,1,77,1,79,59,136,138,3,336,60,0,60,396
08/25/2003,ALB,NY,AEA,EN,Towers with Radar,65,192,56,3,316,0,1,47,1,49,65,193,103,4,365,32,0,32,397
08/26/2003,ALB,NY,AEA,EN,Towers with Radar,71,228,60,1,360,0,5,45,13,63,71,233,105,14,423,31,0,31,454
08/27/2003,ALB,NY,AEA,EN,Towers with Radar,73,222,75,8,378,0,2,52,14,68,73,224,127,22,446,8,4,12,458
08/28/2003,ALB,NY,AEA,EN,Towers with Radar,71,221,85,8,385,0,0,99,8,107,71,221,184,16,492,38,8,46,538
08/29/2003,ALB,NY,AEA,EN,Towers with Radar,69,213,47,0,329,0,1,44,0,45,69,214,91,0,374,38,2,40,414
08/30/2003,ALB,NY,AEA,EN,Towers with Radar,66,74,36,0,176,0,0,51,0,51,66,74,87,0,227,32,0,32,259
08/31/2003,ALB,NY,AEA,EN,Towers with Radar,56,54,51,0,161,0,0,51,0,51,56,54,102,0,212,45,0,45,257
09/01/2003,ALB,NY,AEA,EN,Combined TRACON& Tower with Radar,62,142,38,0,242,0,0,11,0,11,62,142,49,0,253,9,0,9,262
09/02/2003,ALB,NY,AEA,EN,Combined TRACON& Tower with Radar,66,215,58,7,346,0,0,16,7,23,66,215,74,14,369,47,12,59,428
09/03/2003,ALB,NY,AEA,EN,Combined TRACON& Tower with Radar,69,233,43,12,357,0,0,20,26,46,69,233,63,38,403,24,30,54,457
09/04/2003,ALB,NY,AEA,EN,Combined TRACON& Tower with Radar,75,236,54,8,373,0,4,11,2,17,75,240,65,10,390,23,17,40,430
09/05/2003,ALB,NY,AEA,EN,Combined TRACON& Tower with Radar,76,239,82,0,397,0,1,65,13,79,76,240,147,13,476,36,5,41,517
09/06/2003,ALB,NY,AEA,EN,Combined TRACON& Tower with Radar,65,76,70,1,212,0,2,99,16,117,65,78,169,17,329,41,5,46,375
09/07/2003,ALB,NY,AEA,EN,Combined TRACON& Tower with Radar,61,110,47,3,221,0,0,96,22,118,61,110,143,25,339,57,5,62,401
09/08/2003,ALB,NY,AEA,EN,Combined TRACON& Tower with Radar,67,202,54,2,325,0,0,47,5,52,67,202,101,7,377,46,9,55,432
09/09/2003,ALB,NY,AEA,EN,Combined TRACON& Tower with Radar,69,225,49,1,344,0,0,73,15,88,69,225,122,16,432,54,26,80,512
09/10/2003,ALB,NY,AEA,EN,Combined TRACON& Tower with Radar,69,224,75,5,373,0,1,98,25,124,69,225,173,30,497,58,5,63,560
09/11/2003,ALB,NY,AEA,EN,Combined TRACON& Tower with Radar,69,220,72,14,375,0,1,83,13,97,69,221,155,27,472,33,2,35,507
09/12/2003,ALB,NY,AEA,EN,Combined TRACON& Tower with Radar,68,227,81,5,381,0,2,73,6,81,68,229,154,11,462,51,10,61,523
09/13/2003,ALB,NY,AEA,EN,Combined TRACON& Tower with Radar,65,84,36,0,185,0,0,32,5,37,65,84,68,5,222,18,1,19,241
09/14/2003,ALB,NY,AEA,EN,Combined TRACON& Tower with Radar,63,121,44,2,230,0,0,17,0,17,63,121,61,2,247,37,0,37,284
09/15/2003,ALB,NY,AEA,EN,Combined TRACON& Tower with Radar,63,202,42,1,308,0,0,29,0,29,63,202,71,1,337,26,0,26,363
09/16/2003,ALB,NY,AEA,EN,Combined TRACON& Tower with Radar,71,216,65,3,355,0,0,45,12,57,71,216,110,15,412,37,36,73,485
09/17/2003,ALB,NY,AEA,EN,Combined TRACON& Tower with Radar,69,227,75,3,374,0,2,78,13,93,69,229,153,16,467,59,0,59,526
09/18/2003,ALB,NY,AEA,EN,Combined TRACON& Tower with Radar,67,225,49,0,341,0,2,56,20,78,67,227,105,20,419,36,4,40,459
09/19/2003,ALB,NY,AEA,EN,Combined TRACON& Tower with Radar,69,206,26,0,301,0,0,3,0,3,69,206,29,0,304,6,1,7,311
09/20/2003,ALB,NY,AEA,EN,Combined TRACON& Tower with Radar,65,91,34,2,192,0,0,39,0,39,65,91,73,2,231,19,1,20,251
09/21/2003,ALB,NY,AEA,EN,Combined TRACON& Tower with Radar,62,121,80,1,264,0,1,77,1,79,62,122,157,2,343,36,0,36,379
09/22/2003,ALB,NY,AEA,EN,Combined TRACON& Tower with Radar,66,208,44,2,320,0,0,34,0,34,66,208,78,2,354,20,0,20,374
09/23/2003,ALB,NY,AEA,EN,Combined TRACON& Tower with Radar,76,231,50,2,359,0,2,11,0,13,76,233,61,2,372,7,0,7,379
09/24/2003,ALB,NY,AEA,EN,Combined TRACON& Tower with Radar,68,219,65,3,355,0,2,77,1,80,68,221,142,4,435,36,0,36,471
09/25/2003,ALB,NY,AEA,EN,Combined TRACON& Tower with Radar,72,232,56,0,360,0,0,27,0,27,72,232,83,0,387,19,0,19,406
09/26/2003,ALB,NY,AEA,EN,Combined TRACON& Tower with Radar,70,224,56,2,352,0,1,43,0,44,70,225,99,2,396,18,5,23,419
09/27/2003,ALB,NY,AEA,EN,Combined TRACON& Tower with Radar,66,90,38,1,195,0,0,19,0,19,66,90,57,1,214,8,0,8,222
09/28/2003,ALB,NY,AEA,EN,Combined TRACON& Tower with Radar,62,117,39,0,218,0,0,8,0,8,62,117,47,0,226,21,0,21,247
09/29/2003,ALB,NY,AEA,EN,Combined TRACON& Tower with Radar,60,222,53,0,335,0,1,29,3,33,60,223,82,3,368,20,0,20,388
09/30/2003,ALB,NY,AEA,EN,Combined TRACON& Tower with Radar,71,221,51,6,349,0,1,77,2,80,71,222,128,8,429,64,4,68,497
10/01/2003,ALB,NY,AEA,EN,Combined TRACON& Tower with Radar,73,231,47,4,355,0,2,36,13,51,73,233,83,17,406,22,26,48,454
10/02/2003,ALB,NY,AEA,EN,Combined TRACON& Tower with Radar,70,231,50,4,355,0,1,73,4,78,70,232,123,8,433,46,4,50,483
10/03/2003,ALB,NY,AEA,EN,Combined TRACON& Tower with Radar,73,227,55,4,359,0,1,88,24,113,73,228,143,28,472,38,4,42,514
10/04/2003,ALB,NY,AEA,EN,Combined TRACON& Tower with Radar,65,81,25,3,174,0,1,8,3,12,65,82,33,6,186,17,18,35,221
10/05/2003,ALB,NY,AEA,EN,Combined TRACON& Tower with Radar,62,114,34,1,211,0,1,83,10,94,62,115,117,11,305,45,1,46,351
10/06/2003,ALB,NY,AEA,EN,Combined TRACON& Tower with Radar,65,201,43,3,312,0,1,55,3,59,65,202,98,6,371,48,0,48,419
10/07/2003,ALB,NY,AEA,EN,Combined TRACON& Tower with Radar,71,232,37,5,345,0,0,74,20,94,71,232,111,25,439,35,12,47,486
10/08/2003,ALB,NY,AEA,EN,Combined TRACON& Tower with Radar,76,217,72,9,374,0,0,81,14,95,76,217,153,23,469,29,4,33,502
10/09/2003,ALB,NY,AEA,EN,Combined TRACON& Tower with Radar,75,219,72,4,370,0,4,87,20,111,75,223,159,24,481,40,8,48,529
10/10/2003,ALB,NY,AEA,EN,Combined TRACON& Tower with Radar,66,209,62,2,339,0,2,67,0,69,66,211,129,2,408,65,3,68,476
10/11/2003,ALB,NY,AEA,EN,Combined TRACON& Tower with Radar,67,85,62,3,217,0,0,89,1,90,67,85,151,4,307,28,0,28,335
10/12/2003,ALB,NY,AEA,EN,Combined TRACON& Tower with Radar,62,118,36,1,217,0,1,33,0,34,62,119,69,1,251,33,0,33,284
10/13/2003,ALB,NY,AEA,EN,Combined TRACON& Tower with Radar,65,192,51,1,309,0,1,99,0,100,65,193,150,1,409,10,0,10,419
10/14/2003,ALB,NY,AEA,EN,Combined TRACON& Tower with Radar,74,203,60,0,337,0,1,52,16,69,74,204,112,16,406,32,17,49,455
10/15/2003,ALB,NY,AEA,EN,Combined TRACON& Tower with Radar,71,206,40,1,318,0,0,5,4,9,71,206,45,5,327,11,2,13,340
10/16/2003,ALB,NY,AEA,EN,Combined TRACON& Tower with Radar,73,234,41,2,350,0,2,38,9,49,73,236,79,11,399,29,5,34,433
10/17/2003,ALB,NY,AEA,EN,Combined TRACON& Tower with Radar,70,227,38,1,336,0,0,60,1,61,70,227,98,2,397,36,0,36,433
10/18/2003,ALB,NY,AEA,EN,Combined TRACON& Tower with Radar,68,79,41,0,188,0,0,73,1,74,68,79,114,1,262,3,0,3,265
10/19/2003,ALB,NY,AEA,EN,Combined TRACON& Tower with Radar,62,131,34,0,227,0,0,11,0,11,62,131,45,0,238,22,6,28,266
10/20/2003,ALB,NY,AEA,EN,Combined TRACON& Tower with Radar,69,205,46,0,320,0,0,59,2,61,69,205,105,2,381,37,0,37,418
10/21/2003,ALB,NY,AEA,EN,Combined TRACON& Tower with Radar,72,222,49,0,343,0,0,25,6,31,72,222,74,6,374,19,2,21,395
10/22/2003,ALB,NY,AEA,EN,Combined TRACON& Tower with Radar,70,225,37,1,333,0,0,8,0,8,70,225,45,1,341,16,2,18,359
10/23/2003,ALB,NY,AEA,EN,Combined TRACON& Tower with Radar,73,231,48,3,355,0,0,36,5,41,73,231,84,8,396,34,2,36,432
10/24/2003,ALB,NY,AEA,EN,Combined TRACON& Tower with Radar,68,222,58,1,349,0,0,91,3,94,68,222,149,4,443,40,0,40,483
10/25/2003,ALB,NY,AEA,EN,Combined TRACON& Tower with Radar,64,78,64,0,206,0,20,96,0,116,64,98,160,0,322,81,0,81,403
10/26/2003,ALB,NY,AEA,EN,Combined TRACON& Tower with Radar,59,134,31,1,225,0,3,20,0,23,59,137,51,1,248,18,0,18,266
10/27/2003,ALB,NY,AEA,EN,Combined TRACON& Tower with Radar,68,218,37,3,326,0,0,3,0,3,68,218,40,3,329,5,0,5,334
10/28/2003,ALB,NY,AEA,EN,Combined TRACON& Tower with Radar,68,235,47,5,355,0,1,87,14,102,68,236,134,19,457,53,23,76,533
10/29/2003,ALB,NY,AEA,EN,Combined TRACON& Tower with Radar,75,232,52,2,361,0,0,4,0,4,75,232,56,2,365,16,4,20,385
10/30/2003,ALB,NY,AEA,EN,Combined TRACON& Tower with Radar,69,218,54,9,350,0,1,59,7,67,69,219,113,16,417,56,0,56,473
10/31/2003,ALB,NY,AEA,EN,Combined TRACON& Tower with Radar,70,220,79,3,372,0,0,74,12,86,70,220,153,15,458,49,2,51,509
11/01/2003,ALB,NY,AEA,EN,Combined TRACON& Tower with Radar,67,87,42,0,196,0,1,51,8,60,67,88,93,8,256,24,0,24,280
11/02/2003,ALB,NY,AEA,EN,Combined TRACON& Tower with Radar,58,122,43,0,223,0,0,13,9,22,58,122,56,9,245,19,4,23,268
11/03/2003,ALB,NY,AEA,EN,Combined TRACON& Tower with Radar,66,217,29,10,322,0,0,15,0,15,66,217,44,10,337,49,0,49,386
11/04/2003,ALB,NY,AEA,EN,Combined TRACON& Tower with Radar,71,210,29,7,317,0,0,0,0,0,71,210,29,7,317,4,6,10,327
11/05/2003,ALB,NY,AEA,EN,Combined TRACON& Tower with Radar,71,220,40,8,339,0,0,2,0,2,71,220,42,8,341,17,0,17,358
11/06/2003,ALB,NY,AEA,EN,Combined TRACON& Tower with Radar,71,226,69,3,369,0,0,23,6,29,71,226,92,9,398,31,10,41,439
11/07/2003,ALB,NY,AEA,EN,Combined TRACON& Tower with Radar,68,242,59,0,369,0,1,50,6,57,68,243,109,6,426,23,6,29,455
11/08/2003,ALB,NY,AEA,EN,Combined TRACON& Tower with Radar,64,85,38,1,188,0,0,76,0,76,64,85,114,1,264,66,0,66,330
11/09/2003,ALB,NY,AEA,EN,Combined TRACON& Tower with Radar,63,113,39,0,215,0,1,105,0,106,63,114,144,0,321,103,0,103,424
11/10/2003,ALB,NY,AEA,EN,Combined TRACON& Tower with Radar,67,201,66,0,334,0,0,60,7,67,67,201,126,7,401,40,4,44,445
11/11/2003,ALB,NY,AEA,EN,Combined TRACON& Tower with Radar,72,210,44,1,327,0,0,14,11,25,72,210,58,12,352,26,0,26,378
11/12/2003,ALB,NY,AEA,EN,Combined TRACON& Tower with Radar,71,214,47,8,340,0,0,15,0,15,71,214,62,8,355,17,2,19,374
11/13/2003,ALB,NY,AEA,EN,Combined TRACON& Tower with Radar,74,198,34,1,307,0,0,2,0,2,74,198,36,1,309,7,0,7,316
11/14/2003,ALB,NY,AEA,EN,Combined TRACON& Tower with Radar,77,236,18,1,332,0,0,3,0,3,77,236,21,1,335,22,0,22,357
11/15/2003,ALB,NY,AEA,EN,Combined TRACON& Tower with Radar,67,97,45,0,209,0,0,81,0,81,67,97,126,0,290,20,0,20,310
11/16/2003,ALB,NY,AEA,EN,Combined TRACON& Tower with Radar,60,127,32,0,219,0,0,75,0,75,60,127,107,0,294,36,0,36,330
11/17/2003,ALB,NY,AEA,EN,Combined TRACON& Tower with Radar,69,195,43,0,307,0,0,7,0,7,69,195,50,0,314,10,0,10,324
11/18/2003,ALB,NY,AEA,EN,Combined TRACON& Tower with Radar,70,219,59,15,363,0,1,3,2,6,70,220,62,17,369,12,43,55,424
11/19/2003,ALB,NY,AEA,EN,Combined TRACON& Tower with Radar,70,220,45,0,335,0,0,5,0,5,70,220,50,0,340,6,0,6,346
11/20/2003,ALB,NY,AEA,EN,Combined TRACON& Tower with Radar,71,218,25,3,317,0,0,24,27,51,71,218,49,30,368,13,8,21,389
11/21/2003,ALB,NY,AEA,EN,Combined TRACON& Tower with Radar,70,217,51,3,341,0,5,82,3,90,70,222,133,6,431,62,8,70,501
11/22/2003,ALB,NY,AEA,EN,Combined TRACON& Tower with Radar,65,91,73,0,229,0,0,112,0,112,65,91,185,0,341,53,0,53,394
11/23/2003,ALB,NY,AEA,EN,Combined TRACON& Tower with Radar,58,122,42,2,224,0,3,71,0,74,58,125,113,2,298,75,0,75,373
11/24/2003,ALB,NY,AEA,EN,Combined TRACON& Tower with Radar,72,210,35,6,323,0,0,27,17,44,72,210,62,23,367,20,0,20,387
11/25/2003,ALB,NY,AEA,EN,Combined TRACON& Tower with Radar,71,220,66,17,374,0,0,43,1,44,71,220,109,18,418,28,8,36,454
11/26/2003,ALB,NY,AEA,EN,Combined TRACON& Tower with Radar,73,230,60,2,365,0,1,66,4,71,73,231,126,6,436,24,0,24,460
11/27/2003,ALB,NY,AEA,EN,Combined TRACON& Tower with Radar,55,92,23,0,170,0,0,35,1,36,55,92,58,1,206,13,0,13,219
11/28/2003,ALB,NY,AEA,EN,Combined TRACON& Tower with Radar,62,85,10,0,157,0,0,2,0,2,62,85,12,0,159,0,0,0,159
11/29/2003,ALB,NY,AEA,EN,Combined TRACON& Tower with Radar,71,76,12,1,160,0,0,1,0,1,71,76,13,1,161,6,0,6,167
11/30/2003,ALB,NY,AEA,EN,Combined TRACON& Tower with Radar,65,119,40,1,225,0,1,64,3,68,65,120,104,4,293,42,0,42,335
12/01/2003,ALB,NY,AEA,EN,Combined TRACON& Tower with Radar,68,209,28,1,306,0,0,8,1,9,68,209,36,2,315,5,0,5,320
12/02/2003,ALB,NY,AEA,EN,Combined TRACON& Tower with Radar,70,222,31,2,325,0,1,27,4,32,70,223,58,6,357,8,18,26,383
12/03/2003,ALB,NY,AEA,EN,Combined TRACON& Tower with Radar,72,216,42,1,331,0,1,57,20,78,72,217,99,21,409,24,25,49,458
12/04/2003,ALB,NY,AEA,EN,Combined TRACON& Tower with Radar,69,220,51,3,343,0,0,24,5,29,69,220,75,8,372,6,4,10,382
12/05/2003,ALB,NY,AEA,EN,Combined TRACON& Tower with Radar,71,211,35,0,317,0,0,47,5,52,71,211,82,5,369,37,0,37,406
12/06/2003,ALB,NY,AEA,EN,Combined TRACON& Tower with Radar,51,67,7,0,125,0,0,0,0,0,51,67,7,0,125,2,0,2,127
12/07/2003,ALB,NY,AEA,EN,Combined TRACON& Tower with Radar,52,120,13,0,185,0,0,4,0,4,52,120,17,0,189,0,0,0,189
12/08/2003,ALB,NY,AEA,EN,Combined TRACON& Tower with Radar,71,195,40,11,317,0,1,36,0,37,71,196,76,11,354,11,22,33,387
12/09/2003,ALB,NY,AEA,EN,Combined TRACON& Tower with Radar,72,212,54,4,342,0,1,55,14,70,72,213,109,18,412,52,12,64,476
12/10/2003,ALB,NY,AEA,EN,Combined TRACON& Tower with Radar,79,210,43,28,360,0,0,25,6,31,79,210,68,34,391,29,42,71,462
12/11/2003,ALB,NY,AEA,EN,Combined TRACON& Tower with Radar,78,223,31,0,332,0,1,7,0,8,78,224,38,0,340,13,8,21,361
12/12/2003,ALB,NY,AEA,EN,Combined TRACON& Tower with Radar,76,222,43,2,343,0,10,38,1,49,76,232,81,3,392,45,14,59,451
12/13/2003,ALB,NY,AEA,EN,Combined TRACON& Tower with Radar,62,91,17,2,172,0,2,57,3,62,62,93,74,5,234,3,0,3,237
12/14/2003,ALB,NY,AEA,EN,Combined TRACON& Tower with Radar,62,54,4,0,120,0,3,20,1,24,62,57,24,1,144,27,1,28,172
12/15/2003,ALB,NY,AEA,EN,Combined TRACON& Tower with Radar,61,154,17,2,234,0,0,0,0,0,61,154,17,2,234,16,0,16,250
12/16/2003,ALB,NY,AEA,EN,Combined TRACON& Tower with Radar,79,217,39,3,338,0,17,52,0,69,79,234,91,3,407,75,25,100,507
12/17/2003,ALB,NY,AEA,EN,Combined TRACON& Tower with Radar,76,199,19,0,294,0,1,0,0,1,76,200,19,0,295,10,0,10,305
12/18/2003,ALB,NY,AEA,EN,Combined TRACON& Tower with Radar,73,214,31,0,318,0,1,8,0,9,73,215,39,0,327,13,0,13,340
12/19/2003,ALB,NY,AEA,EN,Combined TRACON& Tower with Radar,81,212,25,1,319,0,7,26,3,36,81,219,51,4,355,22,6,28,383
12/20/2003,ALB,NY,AEA,EN,Combined TRACON& Tower with Radar,86,85,43,0,214,0,0,31,2,33,86,85,74,2,247,45,4,49,296
12/21/2003,ALB,NY,AEA,EN,Combined TRACON& Tower with Radar,63,113,15,0,191,0,0,23,1,24,63,113,38,1,215,41,3,44,259
12/22/2003,ALB,NY,AEA,EN,Combined TRACON& Tower with Radar,69,183,27,3,282,0,8,67,3,78,69,191,94,6,360,37,6,43,403
12/23/2003,ALB,NY,AEA,EN,Combined TRACON& Tower with Radar,80,218,25,3,326,0,7,65,3,75,80,225,90,6,401,36,0,36,437
12/24/2003,ALB,NY,AEA,EN,Combined TRACON& Tower with Radar,75,191,23,0,289,0,0,5,0,5,75,191,28,0,294,14,0,14,308
12/25/2003,ALB,NY,AEA,EN,Combined TRACON& Tower with Radar,56,66,16,0,138,0,1,9,0,10,56,67,25,0,148,0,0,0,148
12/26/2003,ALB,NY,AEA,EN,Combined TRACON& Tower with Radar,67,89,7,1,164,0,2,12,0,14,67,91,19,1,178,10,0,10,188
12/27/2003,ALB,NY,AEA,EN,Combined TRACON& Tower with Radar,64,72,29,0,165,0,1,70,0,71,64,73,99,0,236,33,0,33,269
12/28/2003,ALB,NY,AEA,EN,Combined TRACON& Tower with Radar,59,111,18,1,189,0,2,81,0,83,59,113,99,1,272,59,0,59,331
12/29/2003,ALB,NY,AEA,EN,Combined TRACON& Tower with Radar,70,176,30,2,278,0,3,60,0,63,70,179,90,2,341,21,0,21,362
12/30/2003,ALB,NY,AEA,EN,Combined TRACON& Tower with Radar,70,198,16,2,286,0,4,12,0,16,70,202,28,2,302,32,0,32,334
12/31/2003,ALB,NY,AEA,EN,Combined TRACON& Tower with Radar,71,173,21,1,266,0,5,41,3,49,71,178,62,4,315,18,6,24,339
01/01/2004,ALB,NY,AEA,EN,Combined TRACON& Tower with Radar,79,91,19,0,189,0,0,56,1,57,79,91,75,1,246,12,0,12,258
01/02/2004,ALB,NY,AEA,EN,Combined TRACON& Tower with Radar,71,101,4,0,176,0,1,25,0,26,71,102,29,0,202,32,0,32,234
01/03/2004,ALB,NY,AEA,EN,Combined TRACON& Tower with Radar,66,76,23,1,166,0,0,2,0,2,66,76,25,1,168,0,0,0,168
01/04/2004,ALB,NY,AEA,EN,Combined TRACON& Tower with Radar,59,110,36,3,208,0,1,50,3,54,59,111,86,6,262,57,0,57,319
01/05/2004,ALB,NY,AEA,EN,Combined TRACON& Tower with Radar,68,167,13,0,248,0,0,0,0,0,68,167,13,0,248,0,0,0,248
01/06/2004,ALB,NY,AEA,EN,Combined TRACON& Tower with Radar,72,206,28,14,320,0,3,15,2,20,72,209,43,16,340,42,18,60,400
01/07/2004,ALB,NY,AEA,EN,Combined TRACON& Tower with Radar,74,209,41,19,343,0,11,23,5,39,74,220,64,24,382,57,38,95,477
01/08/2004,ALB,NY,AEA,EN,Combined TRACON& Tower with Radar,73,206,28,1,308,0,7,31,1,39,73,213,59,2,347,28,0,28,375
01/09/2004,ALB,NY,AEA,EN,Combined TRACON& Tower with Radar,71,207,24,34,336,0,7,34,0,41,71,214,58,34,377,32,26,58,435
01/10/2004,ALB,NY,AEA,EN,Combined TRACON& Tower with Radar,65,86,14,11,176,0,6,32,12,50,65,92,46,23,226,46,12,58,284
01/11/2004,ALB,NY,AEA,EN,Combined TRACON& Tower with Radar,64,107,10,0,181,0,3,40,1,44,64,110,50,1,225,45,0,45,270
01/12/2004,ALB,NY,AEA,EN,Combined TRACON& Tower with Radar,66,180,16,21,283,0,0,12,0,12,66,180,28,21,295,8,8,16,311
01/13/2004,ALB,NY,AEA,EN,Combined TRACON& Tower with Radar,75,191,34,0,300,0,0,23,0,23,75,191,57,0,323,36,8,44,367
01/14/2004,ALB,NY,AEA,EN,Combined TRACON& Tower with Radar,74,199,26,1,300,0,11,44,9,64,74,210,70,10,364,41,18,59,423
01/15/2004,ALB,NY,AEA,EN,Combined TRACON& Tower with Radar,75,205,16,3,299,0,2,11,3,16,75,207,27,6,315,14,3,17,332
01/16/2004,ALB,NY,AEA,EN,Combined TRACON& Tower with Radar,80,230,26,0,336,0,5,6,0,11,80,235,32,0,347,7,0,7,354
01/17/2004,ALB,NY,AEA,EN,Combined TRACON& Tower with Radar,67,79,13,0,159,0,1,67,0,68,67,80,80,0,227,20,0,20,247
01/18/2004,ALB,NY,AEA,EN,Combined TRACON& Tower with Radar,62,113,7,0,182,0,3,12,0,15,62,116,19,0,197,12,0,12,209
01/19/2004,ALB,NY,AEA,EN,Combined TRACON& Tower with Radar,64,186,11,0,261,0,0,16,0,16,64,186,27,0,277,14,0,14,291
01/20/2004,ALB,NY,AEA,EN,Combined TRACON& Tower with Radar,76,199,35,2,312,0,3,27,3,33,76,202,62,5,345,33,10,43,388
01/21/2004,ALB,NY,AEA,EN,Combined TRACON& Tower with Radar,76,211,39,2,328,0,8,32,1,41,76,219,71,3,369,39,15,54,423
01/22/2004,ALB,NY,AEA,EN,Combined TRACON& Tower with Radar,73,203,35,13,324,0,10,18,6,34,73,213,53,19,358,14,17,31,389
01/23/2004,ALB,NY,AEA,EN,Combined TRACON& Tower with Radar,70,203,31,0,304,0,5,17,0,22,70,208,48,0,326,10,0,10,336
01/24/2004,ALB,NY,AEA,EN,Combined TRACON& Tower with Radar,66,90,18,1,175,0,2,22,0,24,66,92,40,1,199,1,0,1,200
01/25/2004,ALB,NY,AEA,EN,Combined TRACON& Tower with Radar,58,137,25,0,220,0,0,45,0,45,58,137,70,0,265,4,0,4,269
01/26/2004,ALB,NY,AEA,EN,Combined TRACON& Tower with Radar,57,170,32,3,262,0,5,14,3,22,57,175,46,6,284,26,14,40,324
01/27/2004,ALB,NY,AEA,EN,Combined TRACON& Tower with Radar,60,192,11,11,274,0,0,6,0,6,60,192,17,11,280,18,8,26,306
01/28/2004,ALB,NY,AEA,EN,Combined TRACON& Tower with Radar,72,206,24,14,316,0,0,0,0,0,72,206,24,14,316,0,16,16,332
01/29/2004,ALB,NY,AEA,EN,Combined TRACON& Tower with Radar,74,216,30,4,324,0,9,12,10,31,74,225,42,14,355,2,4,6,361
01/30/2004,ALB,NY,AEA,EN,Combined TRACON& Tower with Radar,74,205,31,1,311,0,5,30,1,36,74,210,61,2,347,11,0,11,358
01/31/2004,ALB,NY,AEA,EN,Combined TRACON& Tower with Radar,70,86,3,0,159,0,0,24,0,24,70,86,27,0,183,38,0,38,221
02/01/2004,ALB,NY,AEA,EN,Combined TRACON& Tower with Radar,63,118,23,0,204,0,2,74,0,76,63,120,97,0,280,66,0,66,346
02/02/2004,ALB,NY,AEA,EN,Combined TRACON& Tower with Radar,68,191,27,3,289,0,4,39,0,43,68,195,66,3,332,18,0,18,350
02/03/2004,ALB,NY,AEA,EN,Combined TRACON& Tower with Radar,70,183,29,0,282,0,6,15,0,21,70,189,44,0,303,27,0,27,330
02/04/2004,ALB,NY,AEA,EN,Combined TRACON& Tower with Radar,75,226,26,5,332,0,12,22,5,39,75,238,48,10,371,8,2,10,381
02/05/2004,ALB,NY,AEA,EN,Combined TRACON& Tower with Radar,71,208,36,1,316,0,2,54,5,61,71,210,90,6,377,40,0,40,417
02/06/2004,ALB,NY,AEA,EN,Combined TRACON& Tower with Radar,72,180,18,1,271,0,0,1,0,1,72,180,19,1,272,2,0,2,274
02/07/2004,ALB,NY,AEA,EN,Combined TRACON& Tower with Radar,74,93,12,39,218,0,2,17,0,19,74,95,29,39,237,36,26,62,299
02/08/2004,ALB,NY,AEA,EN,Combined TRACON& Tower with Radar,64,114,14,1,193,0,6,50,14,70,64,120,64,15,263,68,35,103,366
02/09/2004,ALB,NY,AEA,EN,Combined TRACON& Tower with Radar,72,186,36,8,302,0,13,47,8,68,72,199,83,16,370,16,22,38,408
02/10/2004,ALB,NY,AEA,EN,Combined TRACON& Tower with Radar,72,221,33,5,331,0,9,30,8,47,72,230,63,13,378,29,4,33,411
02/11/2004,ALB,NY,AEA,EN,Combined TRACON& Tower with Radar,76,204,37,16,333,0,2,77,12,91,76,206,114,28,424,24,22,46,470
02/12/2004,ALB,NY,AEA,EN,Combined TRACON& Tower with Radar,72,210,29,9,320,0,1,47,26,74,72,211,76,35,394,35,40,75,469
02/13/2004,ALB,NY,AEA,EN,Combined TRACON& Tower with Radar,77,218,39,0,334,0,0,58,7,65,77,218,97,7,399,5,2,7,406
02/14/2004,ALB,NY,AEA,EN,Combined TRACON& Tower with Radar,77,82,15,0,174,0,6,51,4,61,77,88,66,4,235,32,2,34,269
02/15/2004,ALB,NY,AEA,EN,Combined TRACON& Tower with Radar,64,120,8,2,194,0,0,60,0,60,64,120,68,2,254,32,0,32,286
02/16/2004,ALB,NY,AEA,EN,Combined TRACON& Tower with Radar,67,174,25,0,266,0,9,58,0,67,67,183,83,0,333,27,0,27,360
02/17/2004,ALB,NY,AEA,EN,Combined TRACON& Tower with Radar,76,201,17,2,296,0,3,36,3,42,76,204,53,5,338,26,0,26,364
02/18/2004,ALB,NY,AEA,EN,Combined TRACON& Tower with Radar,76,211,36,6,329,0,5,70,7,82,76,216,106,13,411,38,0,38,449
02/19/2004,ALB,NY,AEA,EN,Combined TRACON& Tower with Radar,76,209,37,2,324,0,5,67,4,76,76,214,104,6,400,32,32,64,464
02/20/2004,ALB,NY,AEA,EN,Combined TRACON& Tower with Radar,72,203,34,2,311,0,5,24,0,29,72,208,58,2,340,15,0,15,355
02/21/2004,ALB,NY,AEA,EN,Combined TRACON& Tower with Radar,77,86,9,2,174,0,0,1,0,1,77,86,10,2,175,4,0,4,179
02/22/2004,ALB,NY,AEA,EN,Combined TRACON& Tower with Radar,68,130,19,0,217,0,3,32,0,35,68,133,51,0,252,14,4,18,270
02/23/2004,ALB,NY,AEA,EN,Combined TRACON& Tower with Radar,71,199,39,0,309,0,2,59,9,70,71,201,98,9,379,31,4,35,414
02/24/2004,ALB,NY,AEA,EN,Combined TRACON& Tower with Radar,73,204,53,4,334,0,5,61,8,74,73,209,114,12,408,25,0,25,433
02/25/2004,ALB,NY,AEA,EN,Combined TRACON& Tower with Radar,79,210,30,4,323,0,7,44,9,60,79,217,74,13,383,24,0,24,407
02/26/2004,ALB,NY,AEA,EN,Combined TRACON& Tower with Radar,73,206,29,0,308,0,5,45,1,51,73,211,74,1,359,18,0,18,377
02/27/2004,ALB,NY,AEA,EN,Combined TRACON& Tower with Radar,72,203,35,1,311,0,4,61,3,68,72,207,96,4,379,28,2,30,409
02/28/2004,ALB,NY,AEA,EN,Combined TRACON& Tower with Radar,76,74,20,1,171,0,2,37,0,39,76,76,57,1,210,1,0,1,211
02/29/2004,ALB,NY,AEA,EN,Combined TRACON& Tower with Radar,61,112,22,2,197,0,0,46,0,46,61,112,68,2,243,30,0,30,273
03/01/2004,ALB,NY,AEA,EN,Combined TRACON& Tower with Radar,66,189,36,0,291,0,7,29,2,38,66,196,65,2,329,47,2,49,378
03/02/2004,ALB,NY,AEA,EN,Combined TRACON& Tower with Radar,78,207,32,6,323,0,2,24,7,33,78,209,56,13,356,48,22,70,426
03/03/2004,ALB,NY,AEA,EN,Combined TRACON& Tower with Radar,71,212,29,16,328,0,2,34,2,38,71,214,63,18,366,55,2,57,423
03/04/2004,ALB,NY,AEA,EN,Combined TRACON& Tower with Radar,73,217,37,5,332,0,1,4,3,8,73,218,41,8,340,24,10,34,374
03/05/2004,ALB,NY,AEA,EN,Combined TRACON& Tower with Radar,71,195,45,3,314,0,2,0,0,2,71,197,45,3,316,0,0,0,316
03/06/2004,ALB,NY,AEA,EN,Combined TRACON& Tower with Radar,81,106,35,7,229,0,0,24,4,28,81,106,59,11,257,18,8,26,283
03/07/2004,ALB,NY,AEA,EN,Combined TRACON& Tower with Radar,60,116,27,0,203,0,0,77,0,77,60,116,104,0,280,56,1,57,337
03/08/2004,ALB,NY,AEA,EN,Combined TRACON& Tower with Radar,71,194,20,9,294,0,0,0,0,0,71,194,20,9,294,8,6,14,308
03/09/2004,ALB,NY,AEA,EN,Combined TRACON& Tower with Radar,78,212,26,10,326,0,1,18,10,29,78,213,44,20,355,20,2,22,377
03/10/2004,ALB,NY,AEA,EN,Combined TRACON& Tower with Radar,74,214,30,9,327,0,2,68,9,79,74,216,98,18,406,26,2,28,434
03/11/2004,ALB,NY,AEA,EN,Combined TRACON& Tower with Radar,77,210,28,5,320,0,5,69,1,75,77,215,97,6,395,32,2,34,429
03/12/2004,ALB,NY,AEA,EN,Combined TRACON& Tower with Radar,73,212,31,22,338,0,2,4,0,6,73,214,35,22,344,0,16,16,360
03/13/2004,ALB,NY,AEA,EN,Combined TRACON& Tower with Radar,70,84,12,0,166,0,0,23,6,29,70,84,35,6,195,47,8,55,250
03/14/2004,ALB,NY,AEA,EN,Combined TRACON& Tower with Radar,62,121,26,2,211,0,3,97,0,100,62,124,123,2,311,40,2,42,353
03/15/2004,ALB,NY,AEA,EN,Combined TRACON& Tower with Radar,71,185,31,8,295,0,1,17,0,18,71,186,48,8,313,21,20,41,354
03/16/2004,ALB,NY,AEA,EN,Combined TRACON& Tower with Radar,74,195,17,0,286,0,1,8,2,11,74,196,25,2,297,11,0,11,308
03/17/2004,ALB,NY,AEA,EN,Combined TRACON& Tower with Radar,75,215,29,4,323,0,0,4,1,5,75,215,33,5,328,0,0,0,328
03/18/2004,ALB,NY,AEA,EN,Combined TRACON& Tower with Radar,73,211,24,2,310,0,1,6,1,8,73,212,30,3,318,6,10,16,334
03/19/2004,ALB,NY,AEA,EN,Combined TRACON& Tower with Radar,76,215,49,6,346,0,2,5,0,7,76,217,54,6,353,34,0,34,387
03/20/2004,ALB,NY,AEA,EN,Combined TRACON& Tower with Radar,74,86,15,0,175,0,3,48,0,51,74,89,63,0,226,37,0,37,263
03/21/2004,ALB,NY,AEA,EN,Combined TRACON& Tower with Radar,64,121,23,2,210,0,2,17,0,19,64,123,40,2,229,23,0,23,252
03/22/2004,ALB,NY,AEA,EN,Combined TRACON& Tower with Radar,68,201,27,4,300,0,4,43,8,55,68,205,70,12,355,24,0,24,379
03/23/2004,ALB,NY,AEA,EN,Combined TRACON& Tower with Radar,74,214,29,2,319,0,5,33,0,38,74,219,62,2,357,21,0,21,378
03/24/2004,ALB,NY,AEA,EN,Combined TRACON& Tower with Radar,74,216,39,4,333,0,5,59,6,70,74,221,98,10,403,20,0,20,423
03/25/2004,ALB,NY,AEA,EN,Combined TRACON& Tower with Radar,74,219,37,4,334,0,0,21,7,28,74,219,58,11,362,19,5,24,386
03/26/2004,ALB,NY,AEA,EN,Combined TRACON& Tower with Radar,75,219,29,0,323,0,1,31,0,32,75,220,60,0,355,16,0,16,371
03/27/2004,ALB,NY,AEA,EN,Combined TRACON& Tower with Radar,75,83,36,0,194,0,32,26,0,58,75,115,62,0,252,58,0,58,310
03/28/2004,ALB,NY,AEA,EN,Combined TRACON& Tower with Radar,71,128,28,1,228,0,35,65,0,100,71,163,93,1,328,10,0,10,338
03/29/2004,ALB,NY,AEA,EN,Combined TRACON& Tower with Radar,77,205,13,0,295,0,2,48,8,58,77,207,61,8,353,4,3,7,360
03/30/2004,ALB,NY,AEA,EN,Combined TRACON& Tower with Radar,74,212,50,6,342,0,0,43,5,48,74,212,93,11,390,20,19,39,429
03/31/2004,ALB,NY,AEA,EN,Combined TRACON& Tower with Radar,75,218,43,0,336,0,0,2,0,2,75,218,45,0,338,22,0,22,360
04/01/2004,ALB,NY,AEA,EN,Combined TRACON& Tower with Radar,74,237,28,7,346,0,1,0,0,1,74,238,28,7,347,10,10,20,367
04/02/2004,ALB,NY,AEA,EN,Combined TRACON& Tower with Radar,77,213,46,3,339,0,0,16,9,25,77,213,62,12,364,16,13,29,393
04/03/2004,ALB,NY,AEA,EN,Combined TRACON& Tower with Radar,70,79,31,0,180,0,1,51,4,56,70,80,82,4,236,15,2,17,253
04/04/2004,ALB,NY,AEA,EN,Combined TRACON& Tower with Radar,68,115,10,9,202,0,0,5,0,5,68,115,15,9,207,13,9,22,229
04/05/2004,ALB,NY,AEA,EN,Combined TRACON& Tower with Radar,73,192,20,0,285,0,4,4,6,14,73,196,24,6,299,9,2,11,310
04/06/2004,ALB,NY,AEA,EN,Combined TRACON& Tower with Radar,77,209,22,1,309,0,4,29,3,36,77,213,51,4,345,0,0,0,345
04/07/2004,ALB,NY,AEA,EN,Combined TRACON& Tower with Radar,78,202,38,0,318,0,5,56,4,65,78,207,94,4,383,23,5,28,411
04/08/2004,ALB,NY,AEA,EN,Combined TRACON& Tower with Radar,76,203,29,6,314,0,2,61,6,69,76,205,90,12,383,8,0,8,391
04/09/2004,ALB,NY,AEA,EN,Combined TRACON& Tower with Radar,77,203,32,1,313,0,5,51,6,62,77,208,83,7,375,25,0,25,400
04/10/2004,ALB,NY,AEA,EN,Combined TRACON& Tower with Radar,75,77,19,1,172,0,5,57,0,62,75,82,76,1,234,18,0,18,252
04/11/2004,ALB,NY,AEA,EN,Combined TRACON& Tower with Radar,68,120,3,2,193,0,2,23,0,25,68,122,26,2,218,24,0,24,242
04/12/2004,ALB,NY,AEA,EN,Combined TRACON& Tower with Radar,69,197,11,5,282,0,0,32,0,32,69,197,43,5,314,31,5,36,350
04/13/2004,ALB,NY,AEA,EN,Combined TRACON& Tower with Radar,83,222,46,23,374,0,1,2,0,3,83,223,48,23,377,14,10,24,401
04/14/2004,ALB,NY,AEA,EN,Combined TRACON& Tower with Radar,84,234,42,16,376,0,0,10,0,10,84,234,52,16,386,14,0,14,400
04/15/2004,ALB,NY,AEA,EN,Combined TRACON& Tower with Radar,79,212,28,4,323,0,3,43,4,50,79,215,71,8,373,22,9,31,404
04/16/2004,ALB,NY,AEA,EN,Combined TRACON& Tower with Radar,79,210,25,0,314,0,7,73,5,85,79,217,98,5,399,22,3,25,424
04/17/2004,ALB,NY,AEA,EN,Combined TRACON& Tower with Radar,70,77,27,0,174,0,1,79,1,81,70,78,106,1,255,25,0,25,280
04/18/2004,ALB,NY,AEA,EN,Combined TRACON& Tower with Radar,66,122,13,0,201,0,1,84,0,85,66,123,97,0,286,9,0,9,295
04/19/2004,ALB,NY,AEA,EN,Combined TRACON& Tower with Radar,75,188,25,4,292,0,2,31,1,34,75,190,56,5,326,31,9,40,366
04/20/2004,ALB,NY,AEA,EN,Combined TRACON& Tower with Radar,78,216,40,4,338,0,4,77,14,95,78,220,117,18,433,6,10,16,449
04/21/2004,ALB,NY,AEA,EN,Combined TRACON& Tower with Radar,79,213,27,2,321,0,3,27,2,32,79,216,54,4,353,10,0,10,363
04/22/2004,ALB,NY,AEA,EN,Combined TRACON& Tower with Radar,80,221,37,5,343,0,1,52,10,63,80,222,89,15,406,34,5,39,445
04/23/2004,ALB,NY,AEA,EN,Combined TRACON& Tower with Radar,77,223,63,0,363,0,5,7,3,15,77,228,70,3,378,9,1,10,388
04/24/2004,ALB,NY,AEA,EN,Combined TRACON& Tower with Radar,74,80,22,5,181,0,1,35,2,38,74,81,57,7,219,22,1,23,242
04/25/2004,ALB,NY,AEA,EN,Combined TRACON& Tower with Radar,64,120,19,0,203,0,0,48,5,53,64,120,67,5,256,20,6,26,282
04/26/2004,ALB,NY,AEA,EN,Combined TRACON& Tower with Radar,78,181,34,0,293,0,1,2,0,3,78,182,36,0,296,12,0,12,308
04/27/2004,ALB,NY,AEA,EN,Combined TRACON& Tower with Radar,78,222,24,0,324,0,0,24,4,28,78,222,48,4,352,20,0,20,372
04/28/2004,ALB,NY,AEA,EN,Combined TRACON& Tower with Radar,77,213,22,4,316,0,3,46,9,58,77,216,68,13,374,20,8,28,402
04/29/2004,ALB,NY,AEA,EN,Combined TRACON& Tower with Radar,82,212,36,6,336,0,0,73,5,78,82,212,109,11,414,30,2,32,446
04/30/2004,ALB,NY,AEA,EN,Combined TRACON& Tower with Radar,79,200,41,11,331,0,4,99,18,121,79,204,140,29,452,73,15,88,540
05/01/2004,ALB,NY,AEA,EN,Combined TRACON& Tower with Radar,76,71,22,4,173,0,1,94,5,100,76,72,116,9,273,36,1,37,310
05/02/2004,ALB,NY,AEA,EN,Combined TRACON& Tower with Radar,75,121,39,7,242,0,0,9,7,16,75,121,48,14,258,18,0,18,276
05/03/2004,ALB,NY,AEA,EN,Combined TRACON& Tower with Radar,77,180,27,2,286,0,1,16,0,17,77,181,43,2,303,36,0,36,339
05/04/2004,ALB,NY,AEA,EN,Combined TRACON& Tower with Radar,86,202,28,2,318,0,0,37,10,47,86,202,65,12,365,25,8,33,398
05/05/2004,ALB,NY,AEA,EN,Combined TRACON& Tower with Radar,83,213,28,2,326,0,1,50,5,56,83,214,78,7,382,18,2,20,402
05/06/2004,ALB,NY,AEA,EN,Combined TRACON& Tower with Radar,87,200,37,2,326,0,2,102,2,106,87,202,139,4,432,21,10,31,463
05/07/2004,ALB,NY,AEA,EN,Combined TRACON& Tower with Radar,82,199,36,3,320,0,4,58,4,66,82,203,94,7,386,32,4,36,422
05/08/2004,ALB,NY,AEA,EN,Combined TRACON& Tower with Radar,81,78,33,0,192,0,2,71,0,73,81,80,104,0,265,55,0,55,320
05/09/2004,ALB,NY,AEA,EN,Combined TRACON& Tower with Radar,70,114,28,2,214,0,1,5,0,6,70,115,33,2,220,6,0,6,226
05/10/2004,ALB,NY,AEA,EN,Combined TRACON& Tower with Radar,71,184,43,2,300,0,0,37,0,37,71,184,80,2,337,57,0,57,394
05/11/2004,ALB,NY,AEA,EN,Combined TRACON& Tower with Radar,80,193,34,13,320,0,1,52,3,56,80,194,86,16,376,28,4,32,408
05/12/2004,ALB,NY,AEA,EN,Combined TRACON& Tower with Radar,84,181,35,8,308,0,4,69,5,78,84,185,104,13,386,63,30,93,479
05/13/2004,ALB,NY,AEA,EN,Combined TRACON& Tower with Radar,80,202,23,4,309,0,0,43,3,46,80,202,66,7,355,13,0,13,368
05/14/2004,ALB,NY,AEA,EN,Combined TRACON& Tower with Radar,81,208,31,9,329,0,1,18,4,23,81,209,49,13,352,12,14,26,378
05/15/2004,ALB,NY,AEA,EN,Combined TRACON& Tower with Radar,81,79,24,0,184,0,1,25,2,28,81,80,49,2,212,22,2,24,236
05/16/2004,ALB,NY,AEA,EN,Combined TRACON& Tower with Radar,67,120,44,4,235,0,0,35,0,35,67,120,79,4,270,23,0,23,293
05/17/2004,ALB,NY,AEA,EN,Combined TRACON& Tower with Radar,76,193,24,1,294,0,5,58,3,66,76,198,82,4,360,61,1,62,422
05/18/2004,ALB,NY,AEA,EN,Combined TRACON& Tower with Radar,83,212,38,0,333,0,1,8,7,16,83,213,46,7,349,15,0,15,364
05/19/2004,ALB,NY,AEA,EN,Combined TRACON& Tower with Radar,87,222,38,2,349,0,2,66,13,81,87,224,104,15,430,73,6,79,509
05/20/2004,ALB,NY,AEA,EN,Combined TRACON& Tower with Radar,86,206,26,1,319,0,4,45,8,57,86,210,71,9,376,35,2,37,413
05/21/2004,ALB,NY,AEA,EN,Combined TRACON& Tower with Radar,81,202,32,1,316,0,2,61,4,67,81,204,93,5,383,22,12,34,417
05/22/2004,ALB,NY,AEA,EN,Combined TRACON& Tower with Radar,82,71,21,0,174,0,3,19,2,24,82,74,40,2,198,15,0,15,213
05/23/2004,ALB,NY,AEA,EN,Combined TRACON& Tower with Radar,71,110,32,0,213,0,4,22,0,26,71,114,54,0,239,36,0,36,275
05/24/2004,ALB,NY,AEA,EN,Combined TRACON& Tower with Radar,80,179,32,8,299,0,1,9,0,10,80,180,41,8,309,8,0,8,317
05/25/2004,ALB,NY,AEA,EN,Combined TRACON& Tower with Radar,85,226,53,9,373,0,2,38,3,43,85,228,91,12,416,40,6,46,462
05/26/2004,ALB,NY,AEA,EN,Combined TRACON& Tower with Radar,85,206,41,2,334,0,1,9,0,10,85,207,50,2,344,3,2,5,349
05/27/2004,ALB,NY,AEA,EN,Combined TRACON& Tower with Radar,87,205,40,4,336,0,1,52,1,54,87,206,92,5,390,44,8,52,442
05/28/2004,ALB,NY,AEA,EN,Combined TRACON& Tower with Radar,86,203,28,1,318,0,1,22,7,30,86,204,50,8,348,38,0,38,386
05/29/2004,ALB,NY,AEA,EN,Combined TRACON& Tower with Radar,80,72,20,0,172,0,0,65,0,65,80,72,85,0,237,49,0,49,286
05/30/2004,ALB,NY,AEA,EN,Combined TRACON& Tower with Radar,70,97,15,0,182,0,0,70,0,70,70,97,85,0,252,71,0,71,323
05/31/2004,ALB,NY,AEA,EN,Combined TRACON& Tower with Radar,74,111,13,0,198,0,0,67,4,71,74,111,80,4,269,45,2,47,316
06/01/2004,ALB,NY,AEA,EN,Combined TRACON& Tower with Radar,80,195,62,3,340,0,0,26,2,28,80,195,88,5,368,16,2,18,386
06/02/2004,ALB,NY,AEA,EN,Combined TRACON& Tower with Radar,83,201,41,5,330,0,5,46,3,54,83,206,87,8,384,21,26,47,431
06/03/2004,ALB,NY,AEA,EN,Combined TRACON& Tower with Radar,84,203,30,9,326,0,2,44,3,49,84,205,74,12,375,36,16,52,427
06/04/2004,ALB,NY,AEA,EN,Combined TRACON& Tower with Radar,81,208,37,3,329,0,8,65,10,83,81,216,102,13,412,31,8,39,451
06/05/2004,ALB,NY,AEA,EN,Combined TRACON& Tower with Radar,75,78,29,0,182,0,0,86,6,92,75,78,115,6,274,56,0,56,330
06/06/2004,ALB,NY,AEA,EN,Combined TRACON& Tower with Radar,68,122,43,0,233,0,0,69,1,70,68,122,112,1,303,44,0,44,347
06/07/2004,ALB,NY,AEA,EN,Combined TRACON& Tower with Radar,75,187,39,13,314,0,3,52,2,57,75,190,91,15,371,43,0,43,414
06/08/2004,ALB,NY,AEA,EN,Combined TRACON& Tower with Radar,80,210,37,7,334,0,4,68,3,75,80,214,105,10,409,47,9,56,465
06/09/2004,ALB,NY,AEA,EN,Combined TRACON& Tower with Radar,81,208,31,5,325,0,1,43,1,45,81,209,74,6,370,13,0,13,383
06/10/2004,ALB,NY,AEA,EN,Combined TRACON& Tower with Radar,78,225,48,9,360,0,1,38,1,40,78,226,86,10,400,31,0,31,431
06/11/2004,ALB,NY,AEA,EN,Combined TRACON& Tower with Radar,83,217,31,0,331,0,0,68,4,72,83,217,99,4,403,53,0,53,456
06/12/2004,ALB,NY,AEA,EN,Combined TRACON& Tower with Radar,72,80,32,0,184,0,3,103,7,113,72,83,135,7,297,69,0,69,366
06/13/2004,ALB,NY,AEA,EN,Combined TRACON& Tower with Radar,72,124,21,4,221,0,2,86,7,95,72,126,107,11,316,59,0,59,375
06/14/2004,ALB,NY,AEA,EN,Combined TRACON& Tower with Radar,76,197,38,1,312,0,2,24,4,30,76,199,62,5,342,23,0,23,365
06/15/2004,ALB,NY,AEA,EN,Combined TRACON& Tower with Radar,80,209,36,4,329,0,2,42,3,47,80,211,78,7,376,46,4,50,426
06/16/2004,ALB,NY,AEA,EN,Combined TRACON& Tower with Radar,87,226,39,5,357,0,3,79,1,83,87,229,118,6,440,38,2,40,480
06/17/2004,ALB,NY,AEA,EN,Combined TRACON& Tower with Radar,85,235,53,11,384,0,3,38,3,44,85,238,91,14,428,6,16,22,450
06/18/2004,ALB,NY,AEA,EN,Combined TRACON& Tower with Radar,84,221,50,3,358,0,1,13,0,14,84,222,63,3,372,13,0,13,385
06/19/2004,ALB,NY,AEA,EN,Combined TRACON& Tower with Radar,74,83,40,0,197,0,0,40,2,42,74,83,80,2,239,47,4,51,290
06/20/2004,ALB,NY,AEA,EN,Combined TRACON& Tower with Radar,72,115,20,0,207,0,3,65,2,70,72,118,85,2,277,19,0,19,296
06/21/2004,ALB,NY,AEA,EN,Combined TRACON& Tower with Radar,70,191,24,2,287,0,6,80,6,92,70,197,104,8,379,20,1,21,400
06/22/2004,ALB,NY,AEA,EN,Combined TRACON& Tower with Radar,83,212,38,8,341,0,0,11,0,11,83,212,49,8,352,6,0,6,358
06/23/2004,ALB,NY,AEA,EN,Combined TRACON& Tower with Radar,83,215,33,4,335,0,9,59,12,80,83,224,92,16,415,21,2,23,438
06/24/2004,ALB,NY,AEA,EN,Combined TRACON& Tower with Radar,83,223,47,27,380,0,3,62,14,79,83,226,109,41,459,40,12,52,511
06/25/2004,ALB,NY,AEA,EN,Combined TRACON& Tower with Radar,88,202,40,1,331,0,3,38,2,43,88,205,78,3,374,38,0,38,412
06/26/2004,ALB,NY,AEA,EN,Combined TRACON& Tower with Radar,73,86,41,0,200,0,0,39,2,41,73,86,80,2,241,51,0,51,292
06/27/2004,ALB,NY,AEA,EN,Combined TRACON& Tower with Radar,70,110,23,1,204,0,1,58,3,62,70,111,81,4,266,58,2,60,326
06/28/2004,ALB,NY,AEA,EN,Combined TRACON& Tower with Radar,75,184,33,2,294,0,1,38,0,39,75,185,71,2,333,50,2,52,385
06/29/2004,ALB,NY,AEA,EN,Combined TRACON& Tower with Radar,81,202,32,0,315,0,3,36,17,56,81,205,68,17,371,11,2,13,384
06/30/2004,ALB,NY,AEA,EN,Combined TRACON& Tower with Radar,80,212,47,1,340,0,4,57,9,70,80,216,104,10,410,46,0,46,456
07/01/2004,ALB,NY,AEA,EN,Combined TRACON& Tower with Radar,79,192,34,3,308,0,1,59,9,69,79,193,93,12,377,28,0,28,405
07/02/2004,ALB,NY,AEA,EN,Combined TRACON& Tower with Radar,79,203,25,0,307,0,3,39,3,45,79,206,64,3,352,10,0,10,362
07/03/2004,ALB,NY,AEA,EN,Combined TRACON& Tower with Radar,70,75,37,0,182,0,1,69,0,70,70,76,106,0,252,71,0,71,323
07/04/2004,ALB,NY,AEA,EN,Combined TRACON& Tower with Radar,53,88,10,1,152,0,0,38,0,38,53,88,48,1,190,18,0,18,208
07/05/2004,ALB,NY,AEA,EN,Combined TRACON& Tower with Radar,67,115,33,0,215,0,1,10,0,11,67,116,43,0,226,4,0,4,230
07/06/2004,ALB,NY,AEA,EN,Combined TRACON& Tower with Radar,72,208,38,6,324,0,6,27,0,33,72,214,65,6,357,11,6,17,374
07/07/2004,ALB,NY,AEA,EN,Combined TRACON& Tower with Radar,75,209,29,2,315,0,1,36,7,44,75,210,65,9,359,12,0,12,371
07/08/2004,ALB,NY,AEA,EN,Combined TRACON& Tower with Radar,81,219,61,3,364,0,4,28,3,35,81,223,89,6,399,20,0,20,419
07/09/2004,ALB,NY,AEA,EN,Combined TRACON& Tower with Radar,80,227,37,3,347,0,0,33,4,37,80,227,70,7,384,15,0,15,399
07/10/2004,ALB,NY,AEA,EN,Combined TRACON& Tower with Radar,69,75,39,0,183,0,1,72,0,73,69,76,111,0,256,81,0,81,337
07/11/2004,ALB,NY,AEA,EN,Combined TRACON& Tower with Radar,70,119,27,0,216,0,2,77,1,80,70,121,104,1,296,83,0,83,379
07/12/2004,ALB,NY,AEA,EN,Combined TRACON& Tower with Radar,70,190,30,2,292,0,1,24,3,28,70,191,54,5,320,4,0,4,324
07/13/2004,ALB,NY,AEA,EN,Combined TRACON& Tower with Radar,88,229,49,10,376,0,1,16,0,17,88,230,65,10,393,38,4,42,435
07/14/2004,ALB,NY,AEA,EN,Combined TRACON& Tower with Radar,72,163,25,4,264,0,1,15,9,25,72,164,40,13,289,4,6,10,299
07/15/2004,ALB,NY,AEA,EN,Combined TRACON& Tower with Radar,86,212,35,14,347,0,0,19,10,29,86,212,54,24,376,23,13,36,412
07/16/2004,ALB,NY,AEA,EN,Combined TRACON& Tower with Radar,79,209,34,0,322,0,2,25,3,30,79,211,59,3,352,36,2,38,390
07/17/2004,ALB,NY,AEA,EN,Combined TRACON& Tower with Radar,77,82,37,0,196,0,0,56,1,57,77,82,93,1,253,58,0,58,311
07/18/2004,ALB,NY,AEA,EN,Combined TRACON& Tower with Radar,68,115,27,0,210,0,1,23,4,28,68,116,50,4,238,7,0,7,245
07/19/2004,ALB,NY,AEA,EN,Combined TRACON& Tower with Radar,77,195,54,0,326,0,5,28,1,34,77,200,82,1,360,27,0,27,387
07/20/2004,ALB,NY,AEA,EN,Combined TRACON& Tower with Radar,81,219,37,15,352,0,0,25,4,29,81,219,62,19,381,21,6,27,408
07/21/2004,ALB,NY,AEA,EN,Combined TRACON& Tower with Radar,79,203,41,0,323,0,5,60,5,70,79,208,101,5,393,22,3,25,418
07/22/2004,ALB,NY,AEA,EN,Combined TRACON& Tower with Radar,80,193,42,4,319,0,1,38,1,40,80,194,80,5,359,14,1,15,374
07/23/2004,ALB,NY,AEA,EN,Combined TRACON& Tower with Radar,77,208,51,11,347,0,0,10,0,10,77,208,61,11,357,9,0,9,366
07/24/2004,ALB,NY,AEA,EN,Combined TRACON& Tower with Radar,75,104,57,3,239,0,4,41,7,52,75,108,98,10,291,24,0,24,315
07/25/2004,ALB,NY,AEA,EN,Combined TRACON& Tower with Radar,73,126,28,2,229,0,1,79,0,80,73,127,107,2,309,24,0,24,333
07/26/2004,ALB,NY,AEA,EN,Combined TRACON& Tower with Radar,74,211,42,3,330,0,2,43,17,62,74,213,85,20,392,16,2,18,410
07/27/2004,ALB,NY,AEA,EN,Combined TRACON& Tower with Radar,78,234,42,3,357,0,0,2,0,2,78,234,44,3,359,0,0,0,359
07/28/2004,ALB,NY,AEA,EN,Combined TRACON& Tower with Radar,81,259,38,0,378,0,2,16,0,18,81,261,54,0,396,34,0,34,430
07/29/2004,ALB,NY,AEA,EN,Combined TRACON& Tower with Radar,87,224,52,0,363,0,1,68,7,76,87,225,120,7,439,18,2,20,459
07/30/2004,ALB,NY,AEA,EN,Combined TRACON& Tower with Radar,78,240,50,4,372,0,0,49,3,52,78,240,99,7,424,31,0,31,455
07/31/2004,ALB,NY,AEA,EN,Combined TRACON& Tower with Radar,75,98,25,0,198,0,0,17,2,19,75,98,42,2,217,1,0,1,218
08/01/2004,ALB,NY,AEA,EN,Combined TRACON& Tower with Radar,66,131,59,2,258,0,1,26,1,28,66,132,85,3,286,10,0,10,296
08/02/2004,ALB,NY,AEA,EN,Combined TRACON& Tower with Radar,75,208,27,0,310,0,5,48,2,55,75,213,75,2,365,20,0,20,385
08/03/2004,ALB,NY,AEA,EN,Combined TRACON& Tower with Radar,81,225,31,0,337,0,6,39,7,52,81,231,70,7,389,38,8,46,435
08/04/2004,ALB,NY,AEA,EN,Combined TRACON& Tower with Radar,84,227,53,0,364,0,3,55,3,61,84,230,108,3,425,35,0,35,460
08/05/2004,ALB,NY,AEA,EN,Combined TRACON& Tower with Radar,84,223,46,12,365,0,1,38,17,56,84,224,84,29,421,21,19,40,461
08/06/2004,ALB,NY,AEA,EN,Combined TRACON& Tower with Radar,89,213,43,0,345,0,4,50,6,60,89,217,93,6,405,33,0,33,438
08/07/2004,ALB,NY,AEA,EN,Combined TRACON& Tower with Radar,75,102,39,0,216,0,1,48,0,49,75,103,87,0,265,44,6,50,315
08/08/2004,ALB,NY,AEA,EN,Combined TRACON& Tower with Radar,70,146,43,1,260,0,4,51,0,55,70,150,94,1,315,6,4,10,325
08/09/2004,ALB,NY,AEA,EN,Combined TRACON& Tower with Radar,83,192,28,1,304,0,5,65,5,75,83,197,93,6,379,38,11,49,428
08/10/2004,ALB,NY,AEA,EN,Combined TRACON& Tower with Radar,84,213,33,2,332,0,0,23,4,27,84,213,56,6,359,23,19,42,401
08/11/2004,ALB,NY,AEA,EN,Combined TRACON& Tower with Radar,92,220,48,2,362,0,1,25,5,31,92,221,73,7,393,4,4,8,401
08/12/2004,ALB,NY,AEA,EN,Combined TRACON& Tower with Radar,91,238,52,3,384,0,1,7,10,18,91,239,59,13,402,18,24,42,444
08/13/2004,ALB,NY,AEA,EN,Combined TRACON& Tower with Radar,89,244,48,4,385,0,0,17,0,17,89,244,65,4,402,6,0,6,408
08/14/2004,ALB,NY,AEA,EN,Combined TRACON& Tower with Radar,73,94,34,7,208,0,0,75,14,89,73,94,109,21,297,49,7,56,353
08/15/2004,ALB,NY,AEA,EN,Combined TRACON& Tower with Radar,75,130,31,0,236,0,1,36,7,44,75,131,67,7,280,12,4,16,296
08/16/2004,ALB,NY,AEA,EN,Combined TRACON& Tower with Radar,82,200,35,4,321,0,0,11,10,21,82,200,46,14,342,12,16,28,370
08/17/2004,ALB,NY,AEA,EN,Combined TRACON& Tower with Radar,83,224,52,0,359,0,4,52,26,82,83,228,104,26,441,21,24,45,486
08/18/2004,ALB,NY,AEA,EN,Combined TRACON& Tower with Radar,95,234,41,0,370,0,2,27,14,43,95,236,68,14,413,11,1,12,425
08/19/2004,ALB,NY,AEA,EN,Combined TRACON& Tower with Radar,89,220,41,12,362,0,0,25,13,38,89,220,66,25,400,15,7,22,422
08/20/2004,ALB,NY,AEA,EN,Combined TRACON& Tower with Radar,94,214,63,1,372,0,2,19,13,34,94,216,82,14,406,14,6,20,426
08/21/2004,ALB,NY,AEA,EN,Combined TRACON& Tower with Radar,80,92,55,0,227,0,3,9,0,12,80,95,64,0,239,39,0,39,278
08/22/2004,ALB,NY,AEA,EN,Combined TRACON& Tower with Radar,77,130,52,0,259,0,3,81,8,92,77,133,133,8,351,84,7,91,442
08/23/2004,ALB,NY,AEA,EN,Combined TRACON& Tower with Radar,83,213,31,8,335,0,4,65,14,83,83,217,96,22,418,53,13,66,484
08/24/2004,ALB,NY,AEA,EN,Combined TRACON& Tower with Radar,90,223,32,3,348,0,5,61,8,74,90,228,93,11,422,43,11,54,476
08/25/2004,ALB,NY,AEA,EN,Combined TRACON& Tower with Radar,91,217,49,12,369,0,2,50,12,64,91,219,99,24,433,20,4,24,457
08/26/2004,ALB,NY,AEA,EN,Combined TRACON& Tower with Radar,89,228,32,11,360,0,2,49,10,61,89,230,81,21,421,23,2,25,446
08/27/2004,ALB,NY,AEA,EN,Combined TRACON& Tower with Radar,107,248,58,0,413,0,2,29,15,46,107,250,87,15,459,10,0,10,469
08/28/2004,ALB,NY,AEA,EN,Combined TRACON& Tower with Radar,77,96,17,1,191,0,2,18,11,31,77,98,35,12,222,9,10,19,241
08/29/2004,ALB,NY,AEA,EN,Combined TRACON& Tower with Radar,76,130,27,0,233,0,1,18,7,26,76,131,45,7,259,21,7,28,287
08/30/2004,ALB,NY,AEA,EN,Combined TRACON& Tower with Radar,84,218,51,2,355,0,2,24,4,30,84,220,75,6,385,26,0,26,411
08/31/2004,ALB,NY,AEA,EN,Combined TRACON& Tower with Radar,93,244,49,6,392,0,5,46,4,55,93,249,95,10,447,41,6,47,494
09/01/2004,ALB,NY,AEA,EN,Combined TRACON& Tower with Radar,97,244,34,0,375,0,7,51,7,65,97,251,85,7,440,14,0,14,454
09/02/2004,ALB,NY,AEA,EN,Combined TRACON& Tower with Radar,92,281,22,2,397,0,3,55,6,64,92,284,77,8,461,25,0,25,486
09/03/2004,ALB,NY,AEA,EN,Combined TRACON& Tower with Radar,85,235,25,0,345,0,5,71,6,82,85,240,96,6,427,14,6,20,447
09/04/2004,ALB,NY,AEA,EN,Combined TRACON& Tower with Radar,67,92,25,0,184,0,6,40,0,46,67,98,65,0,230,45,0,45,275
09/05/2004,ALB,NY,AEA,EN,Combined TRACON& Tower with Radar,63,121,18,0,202,0,0,49,1,50,63,121,67,1,252,32,0,32,284
09/06/2004,ALB,NY,AEA,EN,Combined TRACON& Tower with Radar,67,121,17,0,205,0,1,46,3,50,67,122,63,3,255,24,1,25,280
09/07/2004,ALB,NY,AEA,EN,Combined TRACON& Tower with Radar,82,217,24,0,323,0,4,49,1,54,82,221,73,1,377,28,0,28,405
09/08/2004,ALB,NY,AEA,EN,Combined TRACON& Tower with Radar,93,244,30,2,369,0,4,12,4,20,93,248,42,6,389,14,0,14,403
09/09/2004,ALB,NY,AEA,EN,Combined TRACON& Tower with Radar,78,241,39,1,359,0,0,5,1,6,78,241,44,2,365,8,0,8,373
09/10/2004,ALB,NY,AEA,EN,Combined TRACON& Tower with Radar,79,250,34,0,363,0,3,32,14,49,79,253,66,14,412,8,0,8,420
09/11/2004,ALB,NY,AEA,EN,Combined TRACON& Tower with Radar,68,99,34,0,201,0,1,53,0,54,68,100,87,0,255,41,13,54,309
09/12/2004,ALB,NY,AEA,EN,Combined TRACON& Tower with Radar,63,153,29,2,247,0,1,44,1,46,63,154,73,3,293,38,3,41,334
09/13/2004,ALB,NY,AEA,EN,Combined TRACON& Tower with Radar,72,225,33,0,330,0,1,38,0,39,72,226,71,0,369,87,2,89,458
09/14/2004,ALB,NY,AEA,EN,Combined TRACON& Tower with Radar,81,236,44,14,375,0,2,45,10,57,81,238,89,24,432,16,21,37,469
09/15/2004,ALB,NY,AEA,EN,Combined TRACON& Tower with Radar,77,254,70,13,414,0,1,69,13,83,77,255,139,26,497,20,12,32,529
09/16/2004,ALB,NY,AEA,EN,Combined TRACON& Tower with Radar,79,263,68,2,412,0,2,38,0,40,79,265,106,2,452,33,6,39,491
09/17/2004,ALB,NY,AEA,EN,Combined TRACON& Tower with Radar,77,245,61,0,383,0,1,11,0,12,77,246,72,0,395,19,0,19,414
09/18/2004,ALB,NY,AEA,EN,Combined TRACON& Tower with Radar,66,110,25,0,201,0,2,17,0,19,66,112,42,0,220,2,0,2,222
09/19/2004,ALB,NY,AEA,EN,Combined TRACON& Tower with Radar,65,159,50,2,276,0,3,64,0,67,65,162,114,2,343,39,0,39,382
09/20/2004,ALB,NY,AEA,EN,Combined TRACON& Tower with Radar,73,223,25,6,327,0,2,62,3,67,73,225,87,9,394,9,2,11,405
09/21/2004,ALB,NY,AEA,EN,Combined TRACON& Tower with Radar,81,240,33,7,361,0,2,80,0,82,81,242,113,7,443,14,12,26,469
09/22/2004,ALB,NY,AEA,EN,Combined TRACON& Tower with Radar,77,250,32,1,360,0,4,83,2,89,77,254,115,3,449,16,4,20,469
09/23/2004,ALB,NY,AEA,EN,Combined TRACON& Tower with Radar,82,258,42,6,388,0,3,89,2,94,82,261,131,8,482,44,4,48,530
09/24/2004,ALB,NY,AEA,EN,Combined TRACON& Tower with Radar,76,247,39,12,374,0,5,77,4,86,76,252,116,16,460,21,0,21,481
09/25/2004,ALB,NY,AEA,EN,Combined TRACON& Tower with Radar,66,101,24,0,191,0,3,67,2,72,66,104,91,2,263,92,3,95,358
09/26/2004,ALB,NY,AEA,EN,Combined TRACON& Tower with Radar,60,152,31,1,244,0,3,86,0,89,60,155,117,1,333,18,0,18,351
09/27/2004,ALB,NY,AEA,EN,Combined TRACON& Tower with Radar,67,227,33,0,327,0,8,43,6,57,67,235,76,6,384,12,0,12,396
09/28/2004,ALB,NY,AEA,EN,Combined TRACON& Tower with Radar,77,245,27,6,355,0,0,4,0,4,77,245,31,6,359,2,4,6,365
09/29/2004,ALB,NY,AEA,EN,Combined TRACON& Tower with Radar,82,254,40,11,387,0,0,53,14,67,82,254,93,25,454,31,18,49,503
09/30/2004,ALB,NY,AEA,EN,Combined TRACON& Tower with Radar,81,249,60,0,390,0,0,27,3,30,81,249,87,3,420,30,10,40,460
10/01/2004,ALB,NY,AEA,EN,Combined TRACON& Tower with Radar,79,248,42,4,373,0,1,51,5,57,79,249,93,9,430,17,2,19,449
10/02/2004,ALB,NY,AEA,EN,Combined TRACON& Tower with Radar,65,112,51,0,228,0,1,17,2,20,65,113,68,2,248,11,2,13,261
10/03/2004,ALB,NY,AEA,EN,Combined TRACON& Tower with Radar,63,157,32,0,252,0,2,61,3,66,63,159,93,3,318,16,0,16,334
10/04/2004,ALB,NY,AEA,EN,Combined TRACON& Tower with Radar,66,235,28,3,332,0,0,47,0,47,66,235,75,3,379,10,0,10,389
10/05/2004,ALB,NY,AEA,EN,Combined TRACON& Tower with Radar,80,261,27,11,379,0,3,52,18,73,80,264,79,29,452,41,30,71,523
10/06/2004,ALB,NY,AEA,EN,Combined TRACON& Tower with Radar,75,249,36,0,360,0,12,65,8,85,75,261,101,8,445,23,2,25,470
10/07/2004,ALB,NY,AEA,EN,Combined TRACON& Tower with Radar,78,258,32,3,371,0,1,89,4,94,78,259,121,7,465,37,1,38,503
10/08/2004,ALB,NY,AEA,EN,Combined TRACON& Tower with Radar,75,250,47,4,376,0,3,62,3,68,75,253,109,7,444,50,2,52,496
10/09/2004,ALB,NY,AEA,EN,Combined TRACON& Tower with Radar,64,100,21,4,189,0,4,55,5,64,64,104,76,9,253,23,0,23,276
10/10/2004,ALB,NY,AEA,EN,Combined TRACON& Tower with Radar,59,153,37,1,250,0,2,50,2,54,59,155,87,3,304,26,0,26,330
10/11/2004,ALB,NY,AEA,EN,Combined TRACON& Tower with Radar,69,222,30,0,321,0,3,28,0,31,69,225,58,0,352,10,0,10,362
10/12/2004,ALB,NY,AEA,EN,Combined TRACON& Tower with Radar,78,257,39,6,380,0,2,33,2,37,78,259,72,8,417,28,8,36,453
10/13/2004,ALB,NY,AEA,EN,Combined TRACON& Tower with Radar,77,244,34,2,357,0,5,86,4,95,77,249,120,6,452,18,0,18,470
10/14/2004,ALB,NY,AEA,EN,Combined TRACON& Tower with Radar,74,253,35,4,366,0,4,42,9,55,74,257,77,13,421,12,0,12,433
10/15/2004,ALB,NY,AEA,EN,Combined TRACON& Tower with Radar,76,248,44,0,368,0,1,3,0,4,76,249,47,0,372,0,0,0,372
10/16/2004,ALB,NY,AEA,EN,Combined TRACON& Tower with Radar,67,107,13,0,187,0,2,24,0,26,67,109,37,0,213,14,0,14,227
10/17/2004,ALB,NY,AEA,EN,Combined TRACON& Tower with Radar,64,155,20,4,243,0,0,62,0,62,64,155,82,4,305,9,0,9,314
10/18/2004,ALB,NY,AEA,EN,Combined TRACON& Tower with Radar,69,227,39,14,349,0,2,38,17,57,69,229,77,31,406,44,32,76,482
10/19/2004,ALB,NY,AEA,EN,Combined TRACON& Tower with Radar,71,250,35,3,359,0,0,5,10,15,71,250,40,13,374,26,12,38,412
10/20/2004,ALB,NY,AEA,EN,Combined TRACON& Tower with Radar,76,255,66,4,401,0,2,46,16,64,76,257,112,20,465,45,6,51,516
10/21/2004,ALB,NY,AEA,EN,Combined TRACON& Tower with Radar,74,251,43,8,376,0,2,14,11,27,74,253,57,19,403,14,4,18,421
10/22/2004,ALB,NY,AEA,EN,Combined TRACON& Tower with Radar,78,258,30,2,368,0,2,29,7,38,78,260,59,9,406,30,4,34,440
10/23/2004,ALB,NY,AEA,EN,Combined TRACON& Tower with Radar,68,100,22,0,190,0,1,64,1,66,68,101,86,1,256,46,0,46,302
10/24/2004,ALB,NY,AEA,EN,Combined TRACON& Tower with Radar,60,155,30,1,246,0,4,60,0,64,60,159,90,1,310,20,0,20,330
10/25/2004,ALB,NY,AEA,EN,Combined TRACON& Tower with Radar,70,233,31,5,339,0,1,24,8,33,70,234,55,13,372,5,1,6,378
10/26/2004,ALB,NY,AEA,EN,Combined TRACON& Tower with Radar,73,243,37,22,375,0,4,55,19,78,73,247,92,41,453,18,6,24,477
10/27/2004,ALB,NY,AEA,EN,Combined TRACON& Tower with Radar,80,240,51,16,387,0,2,48,20,70,80,242,99,36,457,26,16,42,499
10/28/2004,ALB,NY,AEA,EN,Combined TRACON& Tower with Radar,75,251,28,26,380,0,1,72,13,86,75,252,100,39,466,54,27,81,547
10/29/2004,ALB,NY,AEA,EN,Combined TRACON& Tower with Radar,72,256,53,2,383,0,0,32,0,32,72,256,85,2,415,15,4,19,434
10/30/2004,ALB,NY,AEA,EN,Combined TRACON& Tower with Radar,64,116,33,0,213,0,3,6,0,9,64,119,39,0,222,4,0,4,226
10/31/2004,ALB,NY,AEA,EN,Combined TRACON& Tower with Radar,57,159,26,1,243,0,0,36,0,36,57,159,62,1,279,11,0,11,290
11/01/2004,ALB,NY,AEA,EN,Combined TRACON& Tower with Radar,69,230,24,4,327,0,0,19,5,24,69,230,43,9,351,22,0,22,373
11/02/2004,ALB,NY,AEA,EN,Combined TRACON& Tower with Radar,76,251,18,14,359,0,1,11,9,21,76,252,29,23,380,15,26,41,421
11/03/2004,ALB,NY,AEA,EN,Combined TRACON& Tower with Radar,80,239,35,9,363,0,2,46,10,58,80,241,81,19,421,76,2,78,499
11/04/2004,ALB,NY,AEA,EN,Combined TRACON& Tower with Radar,77,238,37,10,362,0,2,12,2,16,77,240,49,12,378,5,1,6,384
11/05/2004,ALB,NY,AEA,EN,Combined TRACON& Tower with Radar,78,247,21,0,346,0,2,4,0,6,78,249,25,0,352,16,0,16,368
11/06/2004,ALB,NY,AEA,EN,Combined TRACON& Tower with Radar,63,103,18,2,186,0,1,52,9,62,63,104,70,11,248,22,0,22,270
11/07/2004,ALB,NY,AEA,EN,Combined TRACON& Tower with Radar,62,138,18,3,221,0,1,76,0,77,62,139,94,3,298,47,0,47,345
11/08/2004,ALB,NY,AEA,EN,Combined TRACON& Tower with Radar,73,244,14,9,340,0,2,33,0,35,73,246,47,9,375,21,9,30,405
11/09/2004,ALB,NY,AEA,EN,Combined TRACON& Tower with Radar,78,246,31,0,355,0,4,48,2,54,78,250,79,2,409,28,0,28,437
11/10/2004,ALB,NY,AEA,EN,Combined TRACON& Tower with Radar,78,248,30,2,358,0,2,57,4,63,78,250,87,6,421,28,4,32,453
11/11/2004,ALB,NY,AEA,EN,Combined TRACON& Tower with Radar,77,249,25,1,352,0,5,21,4,30,77,254,46,5,382,19,6,25,407
11/12/2004,ALB,NY,AEA,EN,Combined TRACON& Tower with Radar,78,240,31,0,349,0,0,13,0,13,78,240,44,0,362,17,0,17,379
11/13/2004,ALB,NY,AEA,EN,Combined TRACON& Tower with Radar,67,98,26,0,191,0,18,60,1,79,67,116,86,1,270,57,0,57,327
11/14/2004,ALB,NY,AEA,EN,Combined TRACON& Tower with Radar,62,136,22,1,221,0,22,72,0,94,62,158,94,1,315,31,0,31,346
11/15/2004,ALB,NY,AEA,EN,Combined TRACON& Tower with Radar,71,227,19,2,319,0,3,40,5,48,71,230,59,7,367,5,0,5,372
11/16/2004,ALB,NY,AEA,EN,Combined TRACON& Tower with Radar,81,252,35,2,370,0,7,58,8,73,81,259,93,10,443,47,0,47,490
11/17/2004,ALB,NY,AEA,EN,Combined TRACON& Tower with Radar,81,249,59,1,390,0,3,61,16,80,81,252,120,17,470,20,2,22,492
11/18/2004,ALB,NY,AEA,EN,Combined TRACON& Tower with Radar,77,256,50,19,402,0,0,47,3,50,77,256,97,22,452,6,0,6,458
11/19/2004,ALB,NY,AEA,EN,Combined TRACON& Tower with Radar,76,259,43,9,387,0,2,45,4,51,76,261,88,13,438,16,10,26,464
11/20/2004,ALB,NY,AEA,EN,Combined TRACON& Tower with Radar,69,98,17,2,186,0,1,41,0,42,69,99,58,2,228,7,0,7,235
11/21/2004,ALB,NY,AEA,EN,Combined TRACON& Tower with Radar,63,134,24,1,222,0,0,3,0,3,63,134,27,1,225,8,0,8,233
11/22/2004,ALB,NY,AEA,EN,Combined TRACON& Tower with Radar,70,234,30,7,341,0,4,41,3,48,70,238,71,10,389,30,10,40,429
11/23/2004,ALB,NY,AEA,EN,Combined TRACON& Tower with Radar,80,255,37,1,373,0,2,43,4,49,80,257,80,5,422,18,0,18,440
11/24/2004,ALB,NY,AEA,EN,Combined TRACON& Tower with Radar,80,232,40,0,352,0,1,10,1,12,80,233,50,1,364,17,0,17,381
11/25/2004,ALB,NY,AEA,EN,Combined TRACON& Tower with Radar,62,96,11,0,169,0,1,5,0,6,62,97,16,0,175,6,0,6,181
11/26/2004,ALB,NY,AEA,EN,Combined TRACON& Tower with Radar,53,76,11,0,140,0,1,52,0,53,53,77,63,0,193,28,0,28,221
11/27/2004,ALB,NY,AEA,EN,Combined TRACON& Tower with Radar,61,88,21,0,170,0,0,73,0,73,61,88,94,0,243,34,0,34,277
11/28/2004,ALB,NY,AEA,EN,Combined TRACON& Tower with Radar,72,138,14,0,224,0,0,8,0,8,72,138,22,0,232,3,0,3,235
11/29/2004,ALB,NY,AEA,EN,Combined TRACON& Tower with Radar,74,183,30,5,292,0,5,33,6,44,74,188,63,11,336,14,0,14,350
11/30/2004,ALB,NY,AEA,EN,Combined TRACON& Tower with Radar,80,202,33,4,319,0,2,43,3,48,80,204,76,7,367,0,0,0,367
12/01/2004,ALB,NY,AEA,EN,Combined TRACON& Tower with Radar,84,182,45,23,334,0,1,5,0,6,84,183,50,23,340,12,10,22,362
12/02/2004,ALB,NY,AEA,EN,Combined TRACON& Tower with Radar,77,212,34,0,323,0,5,56,16,77,77,217,90,16,400,24,3,27,427
12/03/2004,ALB,NY,AEA,EN,Combined TRACON& Tower with Radar,72,199,36,2,309,0,2,17,11,30,72,201,53,13,339,0,0,0,339
12/04/2004,ALB,NY,AEA,EN,Combined TRACON& Tower with Radar,65,85,18,0,168,0,1,71,11,83,65,86,89,11,251,25,1,26,277
12/05/2004,ALB,NY,AEA,EN,Combined TRACON& Tower with Radar,60,114,14,0,188,0,1,30,0,31,60,115,44,0,219,28,0,28,247
12/06/2004,ALB,NY,AEA,EN,Combined TRACON& Tower with Radar,66,172,22,0,260,0,1,7,2,10,66,173,29,2,270,0,0,0,270
12/07/2004,ALB,NY,AEA,EN,Combined TRACON& Tower with Radar,80,178,16,0,274,0,0,0,0,0,80,178,16,0,274,0,0,0,274
12/08/2004,ALB,NY,AEA,EN,Combined TRACON& Tower with Radar,82,203,36,0,321,0,2,19,5,26,82,205,55,5,347,22,22,44,391
12/09/2004,ALB,NY,AEA,EN,Combined TRACON& Tower with Radar,77,198,35,1,311,0,0,48,13,61,77,198,83,14,372,20,20,40,412
12/10/2004,ALB,NY,AEA,EN,Combined TRACON& Tower with Radar,73,187,34,4,298,0,0,0,1,1,73,187,34,5,299,0,0,0,299
12/11/2004,ALB,NY,AEA,EN,Combined TRACON& Tower with Radar,69,93,13,2,177,0,0,0,1,1,69,93,13,3,178,0,0,0,178
12/12/2004,ALB,NY,AEA,EN,Combined TRACON& Tower with Radar,60,110,8,0,178,0,0,32,1,33,60,110,40,1,211,4,0,4,215
12/13/2004,ALB,NY,AEA,EN,Combined TRACON& Tower with Radar,68,188,78,7,341,0,3,22,6,31,68,191,100,13,372,54,4,58,430
12/14/2004,ALB,NY,AEA,EN,Combined TRACON& Tower with Radar,74,201,51,13,339,0,3,40,22,65,74,204,91,35,404,32,18,50,454
12/15/2004,ALB,NY,AEA,EN,Combined TRACON& Tower with Radar,78,191,19,9,297,0,5,69,21,95,78,196,88,30,392,29,9,38,430
12/16/2004,ALB,NY,AEA,EN,Combined TRACON& Tower with Radar,78,196,30,23,327,0,7,45,7,59,78,203,75,30,386,32,16,48,434
12/17/2004,ALB,NY,AEA,EN,Combined TRACON& Tower with Radar,79,210,39,2,330,0,4,36,0,40,79,214,75,2,370,36,16,52,422
12/18/2004,ALB,NY,AEA,EN,Combined TRACON& Tower with Radar,70,91,25,0,186,0,4,61,2,67,70,95,86,2,253,22,0,22,275
12/19/2004,ALB,NY,AEA,EN,Combined TRACON& Tower with Radar,63,101,17,0,181,0,2,35,0,37,63,103,52,0,218,52,0,52,270
12/20/2004,ALB,NY,AEA,EN,Combined TRACON& Tower with Radar,103,257,10,1,371,0,3,12,0,15,103,260,22,1,386,0,0,0,386
12/21/2004,ALB,NY,AEA,EN,Combined TRACON& Tower with Radar,101,227,37,11,376,0,4,50,25,79,101,231,87,36,455,20,30,50,505
12/22/2004,ALB,NY,AEA,EN,Combined TRACON& Tower with Radar,79,193,32,6,310,0,4,27,2,33,79,197,59,8,343,35,8,43,386
12/23/2004,ALB,NY,AEA,EN,Combined TRACON& Tower with Radar,69,166,12,2,249,0,1,2,1,4,69,167,14,3,253,7,0,7,260
12/24/2004,ALB,NY,AEA,EN,Combined TRACON& Tower with Radar,82,142,13,0,237,0,2,66,0,68,82,144,79,0,305,22,0,22,327
12/25/2004,ALB,NY,AEA,EN,Combined TRACON& Tower with Radar,61,64,7,0,132,0,1,37,0,38,61,65,44,0,170,14,0,14,184
12/26/2004,ALB,NY,AEA,EN,Combined TRACON& Tower with Radar,64,98,11,0,173,0,0,26,2,28,64,98,37,2,201,16,0,16,217
12/27/2004,ALB,NY,AEA,EN,Combined TRACON& Tower with Radar,71,178,28,3,280,0,4,10,2,16,71,182,38,5,296,14,0,14,310
12/28/2004,ALB,NY,AEA,EN,Combined TRACON& Tower with Radar,76,191,27,0,294,0,5,28,12,45,76,196,55,12,339,24,8,32,371
12/29/2004,ALB,NY,AEA,EN,Combined TRACON& Tower with Radar,82,180,32,12,306,0,4,41,4,49,82,184,73,16,355,20,12,32,387
12/30/2004,ALB,NY,AEA,EN,Combined TRACON& Tower with Radar,79,179,42,6,306,0,5,73,0,78,79,184,115,6,384,34,8,42,426
12/31/2004,ALB,NY,AEA,EN,Combined TRACON& Tower with Radar,76,127,12,0,215,0,1,14,0,15,76,128,26,0,230,4,0,4,234
01/01/2005,ALB,NY,AEA,EN,Combined TRACON& Tower with Radar,65,69,15,0,149,0,0,22,0,22,65,69,37,0,171,16,0,16,187
01/02/2005,ALB,NY,AEA,EN,Combined TRACON& Tower with Radar,60,107,34,2,203,0,0,45,0,45,60,107,79,2,248,24,0,24,272
01/03/2005,ALB,NY,AEA,EN,Combined TRACON& Tower with Radar,75,186,20,8,289,0,7,16,0,23,75,193,36,8,312,1,4,5,317
01/04/2005,ALB,NY,AEA,EN,Combined TRACON& Tower with Radar,78,212,24,11,325,0,0,33,0,33,78,212,57,11,358,2,2,4,362
01/05/2005,ALB,NY,AEA,EN,Combined TRACON& Tower with Radar,77,183,44,2,306,0,0,6,0,6,77,183,50,2,312,0,0,0,312
01/06/2005,ALB,NY,AEA,EN,Combined TRACON& Tower with Radar,65,168,16,0,249,0,0,0,0,0,65,168,16,0,249,0,0,0,249
01/07/2005,ALB,NY,AEA,EN,Combined TRACON& Tower with Radar,73,203,34,2,312,0,2,41,11,54,73,205,75,13,366,14,8,22,388
01/08/2005,ALB,NY,AEA,EN,Combined TRACON& Tower with Radar,68,83,13,3,167,0,2,2,0,4,68,85,15,3,171,29,0,29,200
01/09/2005,ALB,NY,AEA,EN,Combined TRACON& Tower with Radar,59,116,16,16,207,0,0,40,0,40,59,116,56,16,247,21,2,23,270
01/10/2005,ALB,NY,AEA,EN,Combined TRACON& Tower with Radar,67,175,17,8,267,0,0,11,0,11,67,175,28,8,278,2,1,3,281
01/11/2005,ALB,NY,AEA,EN,Combined TRACON& Tower with Radar,68,188,20,2,278,0,3,27,13,43,68,191,47,15,321,16,16,32,353
01/12/2005,ALB,NY,AEA,EN,Combined TRACON& Tower with Radar,77,180,14,1,272,0,1,0,0,1,77,181,14,1,273,0,0,0,273
01/13/2005,ALB,NY,AEA,EN,Combined TRACON& Tower with Radar,68,173,29,4,274,0,0,0,0,0,68,173,29,4,274,0,0,0,274
01/14/2005,ALB,NY,AEA,EN,Combined TRACON& Tower with Radar,73,198,26,0,297,0,3,9,0,12,73,201,35,0,309,7,0,7,316
01/15/2005,ALB,NY,AEA,EN,Combined TRACON& Tower with Radar,68,83,16,2,169,0,1,51,4,56,68,84,67,6,225,51,0,51,276
01/16/2005,ALB,NY,AEA,EN,Combined TRACON& Tower with Radar,60,110,25,0,195,0,0,37,0,37,60,110,62,0,232,19,0,19,251
01/17/2005,ALB,NY,AEA,EN,Combined TRACON& Tower with Radar,65,163,20,0,248,0,0,8,0,8,65,163,28,0,256,2,0,2,258
01/18/2005,ALB,NY,AEA,EN,Combined TRACON& Tower with Radar,74,195,25,5,299,0,5,39,21,65,74,200,64,26,364,12,13,25,389
01/19/2005,ALB,NY,AEA,EN,Combined TRACON& Tower with Radar,73,184,25,8,290,0,1,25,0,26,73,185,50,8,316,2,2,4,320
01/20/2005,ALB,NY,AEA,EN,Combined TRACON& Tower with Radar,74,198,38,24,334,0,1,46,11,58,74,199,84,35,392,53,36,89,481
01/21/2005,ALB,NY,AEA,EN,Combined TRACON& Tower with Radar,72,194,24,1,291,0,7,54,3,64,72,201,78,4,355,19,22,41,396
01/22/2005,ALB,NY,AEA,EN,Combined TRACON& Tower with Radar,54,56,9,0,119,0,1,30,0,31,54,57,39,0,150,0,0,0,150
01/23/2005,ALB,NY,AEA,EN,Combined TRACON& Tower with Radar,40,59,6,3,108,0,0,6,0,6,40,59,12,3,114,0,0,0,114
01/24/2005,ALB,NY,AEA,EN,Combined TRACON& Tower with Radar,63,148,25,0,236,0,2,25,1,28,63,150,50,1,264,23,1,24,288
01/25/2005,ALB,NY,AEA,EN,Combined TRACON& Tower with Radar,73,186,30,0,289,0,5,35,7,47,73,191,65,7,336,0,0,0,336
01/26/2005,ALB,NY,AEA,EN,Combined TRACON& Tower with Radar,75,187,40,2,304,0,2,9,0,11,75,189,49,2,315,0,0,0,315
01/27/2005,ALB,NY,AEA,EN,Combined TRACON& Tower with Radar,75,179,37,0,291,0,5,29,11,45,75,184,66,11,336,22,18,40,376
01/28/2005,ALB,NY,AEA,EN,Combined TRACON& Tower with Radar,70,179,37,2,288,0,4,51,4,59,70,183,88,6,347,26,4,30,377
01/29/2005,ALB,NY,AEA,EN,Combined TRACON& Tower with Radar,57,91,13,0,161,0,1,33,1,35,57,92,46,1,196,9,0,9,205
01/30/2005,ALB,NY,AEA,EN,Combined TRACON& Tower with Radar,55,107,25,0,187,0,2,65,3,70,55,109,90,3,257,42,0,42,299
01/31/2005,ALB,NY,AEA,EN,Combined TRACON& Tower with Radar,70,168,25,2,265,0,11,52,8,71,70,179,77,10,336,36,0,36,372
02/01/2005,ALB,NY,AEA,EN,Combined TRACON& Tower with Radar,75,180,34,1,290,0,4,69,13,86,75,184,103,14,376,53,18,71,447
02/02/2005,ALB,NY,AEA,EN,Combined TRACON& Tower with Radar,75,182,34,12,303,0,3,52,23,78,75,185,86,35,381,22,5,27,408
02/03/2005,ALB,NY,AEA,EN,Combined TRACON& Tower with Radar,79,182,39,11,311,0,1,30,8,39,79,183,69,19,350,10,15,25,375
02/04/2005,ALB,NY,AEA,EN,Combined TRACON& Tower with Radar,80,181,39,3,303,0,2,39,23,64,80,183,78,26,367,16,10,26,393
02/05/2005,ALB,NY,AEA,EN,Combined TRACON& Tower with Radar,69,82,19,3,173,0,3,66,11,80,69,85,85,14,253,45,0,45,298
02/06/2005,ALB,NY,AEA,EN,Combined TRACON& Tower with Radar,60,104,12,0,176,0,2,39,0,41,60,106,51,0,217,32,0,32,249
02/07/2005,ALB,NY,AEA,EN,Combined TRACON& Tower with Radar,67,168,21,3,259,0,3,47,2,52,67,171,68,5,311,31,3,34,345
02/08/2005,ALB,NY,AEA,EN,Combined TRACON& Tower with Radar,73,192,39,27,331,0,1,40,5,46,73,193,79,32,377,24,6,30,407
02/09/2005,ALB,NY,AEA,EN,Combined TRACON& Tower with Radar,73,186,29,1,289,0,0,34,11,45,73,186,63,12,334,23,0,23,357
02/10/2005,ALB,NY,AEA,EN,Combined TRACON& Tower with Radar,72,178,12,1,263,0,1,0,0,1,72,179,12,1,264,0,0,0,264
02/11/2005,ALB,NY,AEA,EN,Combined TRACON& Tower with Radar,73,189,38,7,307,0,3,27,2,32,73,192,65,9,339,13,0,13,352
02/12/2005,ALB,NY,AEA,EN,Combined TRACON& Tower with Radar,65,95,37,0,197,0,2,22,0,24,65,97,59,0,221,50,0,50,271
02/13/2005,ALB,NY,AEA,EN,Combined TRACON& Tower with Radar,61,95,15,2,173,0,1,71,1,73,61,96,86,3,246,0,0,0,246
02/14/2005,ALB,NY,AEA,EN,Combined TRACON& Tower with Radar,68,177,19,8,272,0,2,29,4,35,68,179,48,12,307,6,14,20,327
02/15/2005,ALB,NY,AEA,EN,Combined TRACON& Tower with Radar,78,188,29,11,306,0,2,53,12,67,78,190,82,23,373,25,14,39,412
02/16/2005,ALB,NY,AEA,EN,Combined TRACON& Tower with Radar,77,180,27,6,290,0,1,16,0,17,77,181,43,6,307,5,2,7,314
02/17/2005,ALB,NY,AEA,EN,Combined TRACON& Tower with Radar,78,185,42,10,315,0,4,55,5,64,78,189,97,15,379,44,2,46,425
02/18/2005,ALB,NY,AEA,EN,Combined TRACON& Tower with Radar,78,198,30,0,306,0,6,12,3,21,78,204,42,3,327,16,0,16,343
02/19/2005,ALB,NY,AEA,EN,Combined TRACON& Tower with Radar,73,99,29,0,201,0,3,58,0,61,73,102,87,0,262,22,0,22,284
02/20/2005,ALB,NY,AEA,EN,Combined TRACON& Tower with Radar,63,97,17,0,177,0,1,40,1,42,63,98,57,1,219,41,0,41,260
02/21/2005,ALB,NY,AEA,EN,Combined TRACON& Tower with Radar,71,161,14,1,247,0,0,2,0,2,71,161,16,1,249,2,0,2,251
02/22/2005,ALB,NY,AEA,EN,Combined TRACON& Tower with Radar,75,182,33,1,291,0,2,15,12,29,75,184,48,13,320,6,1,7,327
02/23/2005,ALB,NY,AEA,EN,Combined TRACON& Tower with Radar,78,186,25,0,289,0,6,50,10,66,78,192,75,10,355,12,0,12,367
02/24/2005,ALB,NY,AEA,EN,Combined TRACON& Tower with Radar,77,183,27,9,296,0,10,32,19,61,77,193,59,28,357,14,4,18,375
02/25/2005,ALB,NY,AEA,EN,Combined TRACON& Tower with Radar,78,188,21,0,287,0,2,35,8,45,78,190,56,8,332,19,22,41,373
02/26/2005,ALB,NY,AEA,EN,Combined TRACON& Tower with Radar,76,108,19,1,204,0,7,20,0,27,76,115,39,1,231,28,0,28,259
02/27/2005,ALB,NY,AEA,EN,Combined TRACON& Tower with Radar,64,113,26,0,203,0,2,57,0,59,64,115,83,0,262,13,0,13,275
02/28/2005,ALB,NY,AEA,EN,Combined TRACON& Tower with Radar,69,158,24,8,259,0,4,20,12,36,69,162,44,20,295,10,10,20,315
03/01/2005,ALB,NY,AEA,EN,Combined TRACON& Tower with Radar,78,160,22,2,262,0,0,0,0,0,78,160,22,2,262,0,0,0,262
03/02/2005,ALB,NY,AEA,EN,Combined TRACON& Tower with Radar,81,195,22,19,317,0,2,32,41,75,81,197,54,60,392,54,15,69,461
03/03/2005,ALB,NY,AEA,EN,Combined TRACON& Tower with Radar,79,178,33,2,292,0,2,19,5,26,79,180,52,7,318,22,20,42,360
03/04/2005,ALB,NY,AEA,EN,Combined TRACON& Tower with Radar,77,187,28,0,292,0,3,40,17,60,77,190,68,17,352,28,11,39,391
03/05/2005,ALB,NY,AEA,EN,Combined TRACON& Tower with Radar,74,93,16,0,183,0,4,61,15,80,74,97,77,15,263,11,0,11,274
03/06/2005,ALB,NY,AEA,EN,Combined TRACON& Tower with Radar,64,102,21,2,189,0,2,28,11,41,64,104,49,13,230,26,16,42,272
03/07/2005,ALB,NY,AEA,EN,Combined TRACON& Tower with Radar,74,162,29,2,267,0,3,38,9,50,74,165,67,11,317,17,2,19,336
03/08/2005,ALB,NY,AEA,EN,Combined TRACON& Tower with Radar,68,174,22,2,266,0,0,5,3,8,68,174,27,5,274,0,0,0,274
03/09/2005,ALB,NY,AEA,EN,Combined TRACON& Tower with Radar,88,171,47,0,306,0,0,30,3,33,88,171,77,3,339,2,0,2,341
03/10/2005,ALB,NY,AEA,EN,Combined TRACON& Tower with Radar,76,190,29,5,300,0,0,69,14,83,76,190,98,19,383,12,12,24,407
03/11/2005,ALB,NY,AEA,EN,Combined TRACON& Tower with Radar,77,191,34,0,302,0,3,1,0,4,77,194,35,0,306,2,0,2,308
03/12/2005,ALB,NY,AEA,EN,Combined TRACON& Tower with Radar,76,99,7,1,183,0,1,17,2,20,76,100,24,3,203,25,0,25,228
03/13/2005,ALB,NY,AEA,EN,Combined TRACON& Tower with Radar,66,101,21,0,188,0,1,17,0,18,66,102,38,0,206,37,0,37,243
03/14/2005,ALB,NY,AEA,EN,Combined TRACON& Tower with Radar,71,161,27,19,278,0,6,71,22,99,71,167,98,41,377,10,14,24,401
03/15/2005,ALB,NY,AEA,EN,Combined TRACON& Tower with Radar,76,177,39,2,294,0,2,58,22,82,76,179,97,24,376,43,2,45,421
03/16/2005,ALB,NY,AEA,EN,Combined TRACON& Tower with Radar,78,187,34,20,319,0,3,53,14,70,78,190,87,34,389,3,14,17,406
03/17/2005,ALB,NY,AEA,EN,Combined TRACON& Tower with Radar,76,179,27,16,298,0,4,61,6,71,76,183,88,22,369,39,38,77,446
03/18/2005,ALB,NY,AEA,EN,Combined TRACON& Tower with Radar,79,178,46,3,306,0,7,65,7,79,79,185,111,10,385,13,0,13,398
03/19/2005,ALB,NY,AEA,EN,Combined TRACON& Tower with Radar,71,92,22,0,185,0,4,59,0,63,71,96,81,0,248,36,0,36,284
03/20/2005,ALB,NY,AEA,EN,Combined TRACON& Tower with Radar,65,98,17,0,180,0,0,33,0,33,65,98,50,0,213,16,0,16,229
03/21/2005,ALB,NY,AEA,EN,Combined TRACON& Tower with Radar,71,151,13,10,245,0,2,43,9,54,71,153,56,19,299,21,16,37,336
03/22/2005,ALB,NY,AEA,EN,Combined TRACON& Tower with Radar,74,147,27,18,266,0,5,53,5,63,74,152,80,23,329,18,16,34,363
03/23/2005,ALB,NY,AEA,EN,Combined TRACON& Tower with Radar,79,153,36,3,271,0,4,62,2,68,79,157,98,5,339,17,0,17,356
03/24/2005,ALB,NY,AEA,EN,Combined TRACON& Tower with Radar,75,158,30,23,286,0,1,33,10,44,75,159,63,33,330,40,48,88,418
03/25/2005,ALB,NY,AEA,EN,Combined TRACON& Tower with Radar,76,158,23,0,257,0,2,71,3,76,76,160,94,3,333,65,3,68,401
03/26/2005,ALB,NY,AEA,EN,Combined TRACON& Tower with Radar,75,92,14,0,181,0,4,94,0,98,75,96,108,0,279,80,0,80,359
03/27/2005,ALB,NY,AEA,EN,Combined TRACON& Tower with Radar,58,87,15,0,160,0,1,20,0,21,58,88,35,0,181,35,0,35,216
03/28/2005,ALB,NY,AEA,EN,Combined TRACON& Tower with Radar,67,133,29,0,229,0,0,0,0,0,67,133,29,0,229,4,0,4,233
03/29/2005,ALB,NY,AEA,EN,Combined TRACON& Tower with Radar,82,159,53,0,294,0,2,46,6,54,82,161,99,6,348,9,1,10,358
03/30/2005,ALB,NY,AEA,EN,Combined TRACON& Tower with Radar,76,156,35,2,269,0,7,79,20,106,76,163,114,22,375,20,20,40,415
03/31/2005,ALB,NY,AEA,EN,Combined TRACON& Tower with Radar,78,168,27,15,288,0,3,65,4,72,78,171,92,19,360,36,34,70,430
04/01/2005,ALB,NY,AEA,EN,Combined TRACON& Tower with Radar,75,166,31,14,286,0,2,63,11,76,75,168,94,25,362,54,18,72,434
04/02/2005,ALB,NY,AEA,EN,Combined TRACON& Tower with Radar,69,103,13,7,192,0,1,0,0,1,69,104,13,7,193,0,6,6,199
04/03/2005,ALB,NY,AEA,EN,Combined TRACON& Tower with Radar,66,93,18,0,177,0,2,12,0,14,66,95,30,0,191,16,0,16,207
04/04/2005,ALB,NY,AEA,EN,Combined TRACON& Tower with Radar,69,153,30,0,252,0,2,18,10,30,69,155,48,10,282,16,4,20,302
04/05/2005,ALB,NY,AEA,EN,Combined TRACON& Tower with Radar,74,156,29,11,270,0,9,78,15,102,74,165,107,26,372,51,2,53,425
04/06/2005,ALB,NY,AEA,EN,Combined TRACON& Tower with Radar,76,153,39,8,276,0,2,68,15,85,76,155,107,23,361,45,4,49,410
04/07/2005,ALB,NY,AEA,EN,Combined TRACON& Tower with Radar,73,155,26,14,268,0,2,37,5,44,73,157,63,19,312,29,11,40,352
04/08/2005,ALB,NY,AEA,EN,Combined TRACON& Tower with Radar,73,169,30,2,274,0,10,47,5,62,73,179,77,7,336,59,14,73,409
04/09/2005,ALB,NY,AEA,EN,Combined TRACON& Tower with Radar,67,101,12,0,180,0,34,129,0,163,67,135,141,0,343,37,0,37,380
04/10/2005,ALB,NY,AEA,EN,Combined TRACON& Tower with Radar,62,98,14,0,174,0,27,118,0,145,62,125,132,0,319,34,0,34,353
04/11/2005,ALB,NY,AEA,EN,Combined TRACON& Tower with Radar,65,134,23,2,224,0,2,37,5,44,65,136,60,7,268,14,0,14,282
04/12/2005,ALB,NY,AEA,EN,Combined TRACON& Tower with Radar,74,164,24,5,267,0,1,66,5,72,74,165,90,10,339,31,1,32,371
04/13/2005,ALB,NY,AEA,EN,Combined TRACON& Tower with Radar,72,165,30,11,278,0,6,121,3,130,72,171,151,14,408,69,24,93,501
04/14/2005,ALB,NY,AEA,EN,Combined TRACON& Tower with Radar,74,151,38,10,273,0,4,114,13,131,74,155,152,23,404,60,7,67,471
04/15/2005,ALB,NY,AEA,EN,Combined TRACON& Tower with Radar,77,165,18,0,260,0,5,93,3,101,77,170,111,3,361,37,1,38,399
04/16/2005,ALB,NY,AEA,EN,Combined TRACON& Tower with Radar,71,93,14,0,178,0,3,58,0,61,71,96,72,0,239,10,0,10,249
04/17/2005,ALB,NY,AEA,EN,Combined TRACON& Tower with Radar,66,100,14,1,181,0,0,57,0,57,66,100,71,1,238,26,0,26,264
04/18/2005,ALB,NY,AEA,EN,Combined TRACON& Tower with Radar,67,135,15,2,219,0,4,67,16,87,67,139,82,18,306,38,12,50,356
04/19/2005,ALB,NY,AEA,EN,Combined TRACON& Tower with Radar,75,149,52,2,278,0,6,74,15,95,75,155,126,17,373,104,28,132,505
04/20/2005,ALB,NY,AEA,EN,Combined TRACON& Tower with Radar,72,143,36,9,260,0,11,49,4,64,72,154,85,13,324,64,8,72,396
04/21/2005,ALB,NY,AEA,EN,Combined TRACON& Tower with Radar,80,160,27,3,270,0,1,76,7,84,80,161,103,10,354,37,20,57,411
04/22/2005,ALB,NY,AEA,EN,Combined TRACON& Tower with Radar,72,151,36,4,263,0,4,84,5,93,72,155,120,9,356,63,0,63,419
04/23/2005,ALB,NY,AEA,EN,Combined TRACON& Tower with Radar,72,112,30,0,214,0,1,0,0,1,72,113,30,0,215,10,0,10,225
04/24/2005,ALB,NY,AEA,EN,Combined TRACON& Tower with Radar,64,100,18,2,184,0,0,19,0,19,64,100,37,2,203,4,0,4,207
04/25/2005,ALB,NY,AEA,EN,Combined TRACON& Tower with Radar,67,146,32,4,249,0,0,33,1,34,67,146,65,5,283,26,0,26,309
04/26/2005,ALB,NY,AEA,EN,Combined TRACON& Tower with Radar,78,153,35,3,269,0,7,83,5,95,78,160,118,8,364,60,0,60,424
04/27/2005,ALB,NY,AEA,EN,Combined TRACON& Tower with Radar,73,158,54,3,288,0,3,6,6,15,73,161,60,9,303,14,32,46,349
04/28/2005,ALB,NY,AEA,EN,Combined TRACON& Tower with Radar,76,155,29,9,269,0,5,37,13,55,76,160,66,22,324,16,14,30,354
04/29/2005,ALB,NY,AEA,EN,Combined TRACON& Tower with Radar,74,162,36,2,274,0,3,57,7,67,74,165,93,9,341,47,6,53,394
04/30/2005,ALB,NY,AEA,EN,Combined TRACON& Tower with Radar,67,88,26,4,185,0,2,24,0,26,67,90,50,4,211,18,3,21,232
05/01/2005,ALB,NY,AEA,EN,Combined TRACON& Tower with Radar,61,87,27,0,175,0,2,38,1,41,61,89,65,1,216,46,0,46,262
05/02/2005,ALB,NY,AEA,EN,Combined TRACON& Tower with Radar,69,142,34,1,246,0,3,38,10,51,69,145,72,11,297,13,0,13,310
05/03/2005,ALB,NY,AEA,EN,Combined TRACON& Tower with Radar,76,157,23,3,259,0,1,60,9,70,76,158,83,12,329,31,2,33,362
05/04/2005,ALB,NY,AEA,EN,Combined TRACON& Tower with Radar,74,149,28,6,257,0,2,57,11,70,74,151,85,17,327,35,12,47,374
05/05/2005,ALB,NY,AEA,EN,Combined TRACON& Tower with Radar,77,152,41,3,273,0,8,90,5,103,77,160,131,8,376,32,5,37,413
05/06/2005,ALB,NY,AEA,EN,Combined TRACON& Tower with Radar,77,147,21,3,248,0,5,65,10,80,77,152,86,13,328,57,15,72,400
05/07/2005,ALB,NY,AEA,EN,Combined TRACON& Tower with Radar,68,92,8,0,168,0,4,38,2,44,68,96,46,2,212,15,0,15,227
05/08/2005,ALB,NY,AEA,EN,Combined TRACON& Tower with Radar,65,91,15,2,173,0,0,15,0,15,65,91,30,2,188,7,0,7,195
05/09/2005,ALB,NY,AEA,EN,Combined TRACON& Tower with Radar,73,136,37,7,253,0,3,50,0,53,73,139,87,7,306,14,0,14,320
05/10/2005,ALB,NY,AEA,EN,Combined TRACON& Tower with Radar,82,149,32,25,288,0,8,61,8,77,82,157,93,33,365,21,15,36,401
05/11/2005,ALB,NY,AEA,EN,Combined TRACON& Tower with Radar,79,141,31,5,256,0,4,51,19,74,79,145,82,24,330,18,18,36,366
05/12/2005,ALB,NY,AEA,EN,Combined TRACON& Tower with Radar,82,144,29,21,276,0,8,51,9,68,82,152,80,30,344,14,20,34,378
05/13/2005,ALB,NY,AEA,EN,Combined TRACON& Tower with Radar,83,146,28,6,263,0,8,74,14,96,83,154,102,20,359,20,13,33,392
05/14/2005,ALB,NY,AEA,EN,Combined TRACON& Tower with Radar,73,96,24,0,193,0,7,59,4,70,73,103,83,4,263,84,0,84,347
05/15/2005,ALB,NY,AEA,EN,Combined TRACON& Tower with Radar,67,87,24,0,178,0,0,43,0,43,67,87,67,0,221,42,0,42,263
05/16/2005,ALB,NY,AEA,EN,Combined TRACON& Tower with Radar,74,130,34,16,254,0,6,42,9,57,74,136,76,25,311,24,0,24,335
05/17/2005,ALB,NY,AEA,EN,Combined TRACON& Tower with Radar,80,154,37,1,272,0,3,85,4,92,80,157,122,5,364,18,1,19,383
05/18/2005,ALB,NY,AEA,EN,Combined TRACON& Tower with Radar,81,155,24,2,262,0,6,54,9,69,81,161,78,11,331,30,0,30,361
05/19/2005,ALB,NY,AEA,EN,Combined TRACON& Tower with Radar,77,144,30,1,252,0,7,51,2,60,77,151,81,3,312,25,3,28,340
05/20/2005,ALB,NY,AEA,EN,Combined TRACON& Tower with Radar,78,153,32,4,267,0,6,68,5,79,78,159,100,9,346,7,0,7,353
05/21/2005,ALB,NY,AEA,EN,Combined TRACON& Tower with Radar,76,97,40,9,222,0,8,38,6,52,76,105,78,15,274,15,0,15,289
05/22/2005,ALB,NY,AEA,EN,Combined TRACON& Tower with Radar,65,90,38,3,196,0,0,5,2,7,65,90,43,5,203,12,5,17,220
05/23/2005,ALB,NY,AEA,EN,Combined TRACON& Tower with Radar,75,136,38,15,264,0,1,14,0,15,75,137,52,15,279,15,16,31,310
05/24/2005,ALB,NY,AEA,EN,Combined TRACON& Tower with Radar,82,153,60,3,298,0,4,24,4,32,82,157,84,7,330,27,2,29,359
05/25/2005,ALB,NY,AEA,EN,Combined TRACON& Tower with Radar,81,144,58,16,299,0,0,46,16,62,81,144,104,32,361,11,18,29,390
05/26/2005,ALB,NY,AEA,EN,Combined TRACON& Tower with Radar,82,149,40,9,280,0,1,36,5,42,82,150,76,14,322,18,6,24,346
05/27/2005,ALB,NY,AEA,EN,Combined TRACON& Tower with Radar,80,166,24,4,274,0,1,45,1,47,80,167,69,5,321,6,1,7,328
05/28/2005,ALB,NY,AEA,EN,Combined TRACON& Tower with Radar,71,101,18,1,191,0,1,65,0,66,71,102,83,1,257,12,2,14,271
05/29/2005,ALB,NY,AEA,EN,Combined TRACON& Tower with Radar,58,77,7,0,142,0,0,28,1,29,58,77,35,1,171,6,0,6,177
05/30/2005,ALB,NY,AEA,EN,Combined TRACON& Tower with Radar,67,100,17,0,184,0,0,56,5,61,67,100,73,5,245,7,4,11,256
05/31/2005,ALB,NY,AEA,EN,Combined TRACON& Tower with Radar,73,135,35,5,248,0,2,35,1,38,73,137,70,6,286,2,6,8,294
06/01/2005,ALB,NY,AEA,EN,Combined TRACON& Tower with Radar,79,149,29,4,261,0,3,43,2,48,79,152,72,6,309,21,2,23,332
06/02/2005,ALB,NY,AEA,EN,Combined TRACON& Tower with Radar,76,146,34,5,261,0,3,50,7,60,76,149,84,12,321,27,12,39,360
06/03/2005,ALB,NY,AEA,EN,Combined TRACON& Tower with Radar,77,154,39,3,273,0,5,53,4,62,77,159,92,7,335,4,0,4,339
06/04/2005,ALB,NY,AEA,EN,Combined TRACON& Tower with Radar,69,105,24,0,198,0,1,67,7,75,69,106,91,7,273,29,3,32,305
06/05/2005,ALB,NY,AEA,EN,Combined TRACON& Tower with Radar,62,92,21,0,175,0,3,80,0,83,62,95,101,0,258,60,0,60,318
06/06/2005,ALB,NY,AEA,EN,Combined TRACON& Tower with Radar,68,118,24,1,211,0,0,25,3,28,68,118,49,4,239,35,4,39,278
06/07/2005,ALB,NY,AEA,EN,Combined TRACON& Tower with Radar,83,147,44,1,275,0,2,73,5,80,83,149,117,6,355,28,30,58,413
06/08/2005,ALB,NY,AEA,EN,Combined TRACON& Tower with Radar,84,150,44,3,281,0,5,64,10,79,84,155,108,13,360,32,0,32,392
06/09/2005,ALB,NY,AEA,EN,Combined TRACON& Tower with Radar,82,152,47,5,286,0,1,21,7,29,82,153,68,12,315,37,5,42,357
06/10/2005,ALB,NY,AEA,EN,Combined TRACON& Tower with Radar,80,143,34,10,267,0,2,31,9,42,80,145,65,19,309,37,72,109,418
06/11/2005,ALB,NY,AEA,EN,Combined TRACON& Tower with Radar,75,91,36,3,205,0,1,38,3,42,75,92,74,6,247,25,0,25,272
06/12/2005,ALB,NY,AEA,EN,Combined TRACON& Tower with Radar,72,89,39,2,202,0,0,30,11,41,72,89,69,13,243,13,14,27,270
06/13/2005,ALB,NY,AEA,EN,Combined TRACON& Tower with Radar,75,130,33,5,243,0,6,26,0,32,75,136,59,5,275,28,0,28,303
06/14/2005,ALB,NY,AEA,EN,Combined TRACON& Tower with Radar,82,155,49,7,293,0,5,39,21,65,82,160,88,28,358,20,13,33,391
06/15/2005,ALB,NY,AEA,EN,Combined TRACON& Tower with Radar,83,156,39,2,280,0,1,40,7,48,83,157,79,9,328,34,16,50,378
06/16/2005,ALB,NY,AEA,EN,Combined TRACON& Tower with Radar,77,151,31,12,271,0,0,6,4,10,77,151,37,16,281,4,0,4,285
06/17/2005,ALB,NY,AEA,EN,Combined TRACON& Tower with Radar,84,167,54,1,306,0,1,44,8,53,84,168,98,9,359,28,0,28,387
06/18/2005,ALB,NY,AEA,EN,Combined TRACON& Tower with Radar,75,94,36,0,205,0,0,21,6,27,75,94,57,6,232,16,2,18,250
06/19/2005,ALB,NY,AEA,EN,Combined TRACON& Tower with Radar,72,92,37,0,201,0,0,61,3,64,72,92,98,3,265,38,8,46,311
06/20/2005,ALB,NY,AEA,EN,Combined TRACON& Tower with Radar,77,127,38,3,245,0,5,77,4,86,77,132,115,7,331,7,0,7,338
06/21/2005,ALB,NY,AEA,EN,Combined TRACON& Tower with Radar,82,144,32,7,265,0,10,57,22,89,82,154,89,29,354,15,18,33,387
06/22/2005,ALB,NY,AEA,EN,Combined TRACON& Tower with Radar,84,143,61,8,296,0,10,55,8,73,84,153,116,16,369,24,6,30,399
06/23/2005,ALB,NY,AEA,EN,Combined TRACON& Tower with Radar,85,147,27,0,259,0,3,109,7,119,85,150,136,7,378,11,8,19,397
06/24/2005,ALB,NY,AEA,EN,Combined TRACON& Tower with Radar,86,144,38,2,270,0,13,86,20,119,86,157,124,22,389,36,18,54,443
06/25/2005,ALB,NY,AEA,EN,Combined TRACON& Tower with Radar,78,86,17,0,181,0,3,54,0,57,78,89,71,0,238,18,0,18,256
06/26/2005,ALB,NY,AEA,EN,Combined TRACON& Tower with Radar,69,88,26,2,185,0,8,44,1,53,69,96,70,3,238,15,0,15,253
06/27/2005,ALB,NY,AEA,EN,Combined TRACON& Tower with Radar,74,130,24,4,232,0,7,51,2,60,74,137,75,6,292,25,4,29,321
06/28/2005,ALB,NY,AEA,EN,Combined TRACON& Tower with Radar,84,151,37,4,276,0,6,47,0,53,84,157,84,4,329,39,4,43,372
06/29/2005,ALB,NY,AEA,EN,Combined TRACON& Tower with Radar,86,128,55,10,279,0,5,13,16,34,86,133,68,26,313,16,16,32,345
06/30/2005,ALB,NY,AEA,EN,Combined TRACON& Tower with Radar,87,154,41,0,282,0,6,26,1,33,87,160,67,1,315,36,8,44,359
07/01/2005,ALB,NY,AEA,EN,Combined TRACON& Tower with Radar,81,134,33,2,250,0,3,25,3,31,81,137,58,5,281,2,2,4,285
07/02/2005,ALB,NY,AEA,EN,Combined TRACON& Tower with Radar,81,94,24,0,199,0,9,82,10,101,81,103,106,10,300,39,0,39,339
07/03/2005,ALB,NY,AEA,EN,Combined TRACON& Tower with Radar,67,62,23,0,152,0,6,68,1,75,67,68,91,1,227,17,0,17,244
07/04/2005,ALB,NY,AEA,EN,Combined TRACON& Tower with Radar,66,78,8,0,152,0,8,73,8,89,66,86,81,8,241,54,19,73,314
07/05/2005,ALB,NY,AEA,EN,Combined TRACON& Tower with Radar,83,134,19,0,236,0,3,25,1,29,83,137,44,1,265,0,0,0,265
07/06/2005,ALB,NY,AEA,EN,Combined TRACON& Tower with Radar,91,141,33,10,275,0,3,13,2,18,91,144,46,12,293,32,8,40,333
07/07/2005,ALB,NY,AEA,EN,Combined TRACON& Tower with Radar,91,143,47,13,294,1,3,33,7,44,92,146,80,20,338,14,46,60,398
07/08/2005,ALB,NY,AEA,EN,Combined TRACON& Tower with Radar,90,146,35,3,274,0,0,5,3,8,90,146,40,6,282,6,0,6,288
07/09/2005,ALB,NY,AEA,EN,Combined TRACON& Tower with Radar,85,97,22,4,208,0,0,32,0,32,85,97,54,4,240,15,0,15,255
07/10/2005,ALB,NY,AEA,EN,Combined TRACON& Tower with Radar,78,89,29,0,196,0,0,91,1,92,78,89,120,1,288,16,0,16,304
07/11/2005,ALB,NY,AEA,EN,Combined TRACON& Tower with Radar,86,123,19,2,230,0,9,60,4,73,86,132,79,6,303,8,2,10,313
07/12/2005,ALB,NY,AEA,EN,Combined TRACON& Tower with Radar,87,140,28,6,261,0,3,44,6,53,87,143,72,12,314,27,24,51,365
07/13/2005,ALB,NY,AEA,EN,Combined TRACON& Tower with Radar,94,142,49,0,285,0,6,54,0,60,94,148,103,0,345,52,10,62,407
07/14/2005,ALB,NY,AEA,EN,Combined TRACON& Tower with Radar,89,134,49,11,283,0,0,27,9,36,89,134,76,20,319,35,4,39,358
07/15/2005,ALB,NY,AEA,EN,Combined TRACON& Tower with Radar,86,154,65,1,306,0,19,44,6,69,86,173,109,7,375,23,0,23,398
07/16/2005,ALB,NY,AEA,EN,Combined TRACON& Tower with Radar,83,77,61,1,222,0,17,39,5,61,83,94,100,6,283,53,0,53,336
07/17/2005,ALB,NY,AEA,EN,Combined TRACON& Tower with Radar,83,75,56,3,217,0,9,8,0,17,83,84,64,3,234,21,0,21,255
07/18/2005,ALB,NY,AEA,EN,Combined TRACON& Tower with Radar,80,130,43,1,254,0,7,16,3,26,80,137,59,4,280,38,0,38,318
07/19/2005,ALB,NY,AEA,EN,Combined TRACON& Tower with Radar,87,152,37,3,279,0,0,20,5,25,87,152,57,8,304,0,0,0,304
07/20/2005,ALB,NY,AEA,EN,Combined TRACON& Tower with Radar,90,148,34,18,290,0,11,86,13,110,90,159,120,31,400,52,18,70,470
07/21/2005,ALB,NY,AEA,EN,Combined TRACON& Tower with Radar,88,149,32,6,275,0,8,93,15,116,88,157,125,21,391,26,0,26,417
07/22/2005,ALB,NY,AEA,EN,Combined TRACON& Tower with Radar,95,153,29,1,278,0,11,70,8,89,95,164,99,9,367,19,0,19,386
07/23/2005,ALB,NY,AEA,EN,Combined TRACON& Tower with Radar,83,88,15,1,187,0,6,69,19,94,83,94,84,20,281,17,4,21,302
07/24/2005,ALB,NY,AEA,EN,Combined TRACON& Tower with Radar,75,84,17,2,178,0,5,85,3,93,75,89,102,5,271,24,0,24,295
07/25/2005,ALB,NY,AEA,EN,Combined TRACON& Tower with Radar,81,125,31,2,239,0,11,64,2,77,81,136,95,4,316,0,0,0,316
07/26/2005,ALB,NY,AEA,EN,Combined TRACON& Tower with Radar,90,142,33,11,276,0,10,77,6,93,90,152,110,17,369,17,4,21,390
07/27/2005,ALB,NY,AEA,EN,Combined TRACON& Tower with Radar,97,139,44,3,283,0,1,56,5,62,97,140,100,8,345,0,0,0,345
07/28/2005,ALB,NY,AEA,EN,Combined TRACON& Tower with Radar,104,163,32,12,311,0,3,92,7,102,104,166,124,19,413,25,4,29,442
07/29/2005,ALB,NY,AEA,EN,Combined TRACON& Tower with Radar,85,141,33,0,259,0,9,70,7,86,85,150,103,7,345,8,0,8,353
07/30/2005,ALB,NY,AEA,EN,Combined TRACON& Tower with Radar,93,93,34,0,220,0,10,81,2,93,93,103,115,2,313,36,0,36,349
07/31/2005,ALB,NY,AEA,EN,Combined TRACON& Tower with Radar,73,80,27,0,180,0,2,73,17,92,73,82,100,17,272,38,2,40,312
08/01/2005,ALB,NY,AEA,EN,Combined TRACON& Tower with Radar,89,138,35,1,263,0,0,20,17,37,89,138,55,18,300,20,1,21,321
08/02/2005,ALB,NY,AEA,EN,Combined TRACON& Tower with Radar,89,140,37,6,272,0,10,71,18,99,89,150,108,24,371,6,0,6,377
08/03/2005,ALB,NY,AEA,EN,Combined TRACON& Tower with Radar,85,140,36,3,264,0,11,58,22,91,85,151,94,25,355,30,14,44,399
08/04/2005,ALB,NY,AEA,EN,Combined TRACON& Tower with Radar,88,131,42,5,266,1,5,63,17,86,89,136,105,22,352,32,4,36,388
08/05/2005,ALB,NY,AEA,EN,Combined TRACON& Tower with Radar,93,145,32,1,271,0,6,49,17,72,93,151,81,18,343,28,22,50,393
08/06/2005,ALB,NY,AEA,EN,Combined TRACON& Tower with Radar,87,92,22,2,203,0,10,76,11,97,87,102,98,13,300,33,0,33,333
08/07/2005,ALB,NY,AEA,EN,Combined TRACON& Tower with Radar,78,86,27,3,194,0,0,1,0,1,78,86,28,3,195,34,23,57,252
08/08/2005,ALB,NY,AEA,EN,Combined TRACON& Tower with Radar,85,119,22,0,226,0,0,43,13,56,85,119,65,13,282,13,4,17,299
08/09/2005,ALB,NY,AEA,EN,Combined TRACON& Tower with Radar,88,153,27,1,269,0,0,38,10,48,88,153,65,11,317,16,0,16,333
08/10/2005,ALB,NY,AEA,EN,Combined TRACON& Tower with Radar,93,138,36,2,269,0,3,51,11,65,93,141,87,13,334,30,2,32,366
08/11/2005,ALB,NY,AEA,EN,Combined TRACON& Tower with Radar,89,147,41,5,282,0,3,21,7,31,89,150,62,12,313,9,4,13,326
08/12/2005,ALB,NY,AEA,EN,Combined TRACON& Tower with Radar,99,155,36,4,294,0,7,42,2,51,99,162,78,6,345,6,0,6,351
08/13/2005,ALB,NY,AEA,EN,Combined TRACON& Tower with Radar,85,97,25,0,207,0,4,29,1,34,85,101,54,1,241,15,0,15,256
08/14/2005,ALB,NY,AEA,EN,Combined TRACON& Tower with Radar,76,86,25,0,187,0,2,26,5,33,76,88,51,5,220,17,0,17,237
08/15/2005,ALB,NY,AEA,EN,Combined TRACON& Tower with Radar,89,126,33,0,248,2,7,32,1,42,91,133,65,1,290,24,1,25,315
08/16/2005,ALB,NY,AEA,EN,Combined TRACON& Tower with Radar,90,140,39,2,271,0,0,33,6,39,90,140,72,8,310,22,0,22,332
08/17/2005,ALB,NY,AEA,EN,Combined TRACON& Tower with Radar,94,140,31,5,270,0,15,77,6,98,94,155,108,11,368,25,21,46,414
08/18/2005,ALB,NY,AEA,EN,Combined TRACON& Tower with Radar,85,145,43,1,274,1,31,83,7,122,86,176,126,8,396,47,8,55,451
08/19/2005,ALB,NY,AEA,EN,Combined TRACON& Tower with Radar,78,91,38,0,207,0,0,21,3,24,78,91,59,3,231,0,0,0,231
08/20/2005,ALB,NY,AEA,EN,Combined TRACON& Tower with Radar,0,0,0,0,0,0,0,0,0,0,0,0,0,0,0,0,0,0,0
08/21/2005,ALB,NY,AEA,EN,Combined TRACON& Tower with Radar,77,81,21,0,179,0,0,26,1,27,77,81,47,1,206,46,0,46,252
08/22/2005,ALB,NY,AEA,EN,Combined TRACON& Tower with Radar,81,122,26,0,229,0,3,21,3,27,81,125,47,3,256,24,0,24,280
08/23/2005,ALB,NY,AEA,EN,Combined TRACON& Tower with Radar,86,145,21,3,255,0,6,69,2,77,86,151,90,5,332,38,8,46,378
08/24/2005,ALB,NY,AEA,EN,Combined TRACON& Tower with Radar,95,154,62,1,312,0,9,69,5,83,95,163,131,6,395,43,0,43,438
08/25/2005,ALB,NY,AEA,EN,Combined TRACON& Tower with Radar,98,148,41,2,289,0,13,143,10,166,98,161,184,12,455,69,0,69,524
08/26/2005,ALB,NY,AEA,EN,Combined TRACON& Tower with Radar,91,148,31,0,270,0,7,66,5,78,91,155,97,5,348,27,0,27,375
08/27/2005,ALB,NY,AEA,EN,Combined TRACON& Tower with Radar,89,84,22,0,195,0,6,95,2,103,89,90,117,2,298,0,0,0,298
08/28/2005,ALB,NY,AEA,EN,Combined TRACON& Tower with Radar,73,94,29,0,196,0,8,29,1,38,73,102,58,1,234,26,0,26,260
08/29/2005,ALB,NY,AEA,EN,Combined TRACON& Tower with Radar,83,129,31,0,243,0,5,24,6,35,83,134,55,6,278,25,14,39,317
08/30/2005,ALB,NY,AEA,EN,Combined TRACON& Tower with Radar,88,148,33,0,269,0,0,19,8,27,88,148,52,8,296,10,0,10,306
08/31/2005,ALB,NY,AEA,EN,Combined TRACON& Tower with Radar,104,142,25,0,271,0,0,6,0,6,104,142,31,0,277,2,0,2,279
09/01/2005,ALB,NY,AEA,EN,Combined TRACON& Tower with Radar,87,146,47,2,282,0,10,79,3,92,87,156,126,5,374,15,1,16,390
09/02/2005,ALB,NY,AEA,EN,Combined TRACON& Tower with Radar,88,147,20,0,255,0,12,49,8,69,88,159,69,8,324,24,1,25,349
09/03/2005,ALB,NY,AEA,EN,Combined TRACON& Tower with Radar,76,84,20,2,182,0,15,60,9,84,76,99,80,11,266,36,0,36,302
09/04/2005,ALB,NY,AEA,EN,Combined TRACON& Tower with Radar,61,64,17,0,142,0,10,63,5,78,61,74,80,5,220,0,0,0,220
09/05/2005,ALB,NY,AEA,EN,Combined TRACON& Tower with Radar,77,83,10,2,172,0,7,50,2,59,77,90,60,4,231,0,0,0,231
09/06/2005,ALB,NY,AEA,EN,Combined TRACON& Tower with Radar,85,125,29,0,239,0,6,65,8,79,85,131,94,8,318,2,0,2,320
09/07/2005,ALB,NY,AEA,EN,Combined TRACON& Tower with Radar,93,128,24,6,251,0,11,70,9,90,93,139,94,15,341,42,0,42,383
09/08/2005,ALB,NY,AEA,EN,Combined TRACON& Tower with Radar,98,125,32,0,255,0,4,42,6,52,98,129,74,6,307,26,4,30,337
09/09/2005,ALB,NY,AEA,EN,Combined TRACON& Tower with Radar,93,121,25,0,239,0,7,37,0,44,93,128,62,0,283,25,0,25,308
09/10/2005,ALB,NY,AEA,EN,Combined TRACON& Tower with Radar,88,69,18,0,175,0,14,56,2,72,88,83,74,2,247,20,0,20,267
09/11/2005,ALB,NY,AEA,EN,Combined TRACON& Tower with Radar,80,69,7,0,156,0,1,50,0,51,80,70,57,0,207,57,0,57,264
09/12/2005,ALB,NY,AEA,EN,Combined TRACON& Tower with Radar,88,105,27,0,220,0,16,44,0,60,88,121,71,0,280,10,0,10,290
09/13/2005,ALB,NY,AEA,EN,Combined TRACON& Tower with Radar,98,125,26,0,249,0,6,43,1,50,98,131,69,1,299,13,0,13,312
09/14/2005,ALB,NY,AEA,EN,Combined TRACON& Tower with Radar,99,122,38,13,272,0,5,52,3,60,99,127,90,16,332,36,22,58,390
09/15/2005,ALB,NY,AEA,EN,Combined TRACON& Tower with Radar,94,119,46,0,259,0,9,22,3,34,94,128,68,3,293,9,5,14,307
09/16/2005,ALB,NY,AEA,EN,Combined TRACON& Tower with Radar,99,135,51,0,285,0,0,5,2,7,99,135,56,2,292,8,4,12,304
09/17/2005,ALB,NY,AEA,EN,Combined TRACON& Tower with Radar,85,72,34,0,191,0,5,16,0,21,85,77,50,0,212,12,0,12,224
09/18/2005,ALB,NY,AEA,EN,Combined TRACON& Tower with Radar,81,59,8,2,150,0,2,55,2,59,81,61,63,4,209,16,0,16,225
09/19/2005,ALB,NY,AEA,EN,Combined TRACON& Tower with Radar,90,107,18,0,215,0,3,60,0,63,90,110,78,0,278,24,0,24,302
09/20/2005,ALB,NY,AEA,EN,Combined TRACON& Tower with Radar,97,123,30,5,255,0,4,32,2,38,97,127,62,7,293,10,2,12,305
09/21/2005,ALB,NY,AEA,EN,Combined TRACON& Tower with Radar,99,129,32,6,266,0,8,93,2,103,99,137,125,8,369,24,20,44,413
09/22/2005,ALB,NY,AEA,EN,Combined TRACON& Tower with Radar,93,126,42,4,265,0,4,68,16,88,93,130,110,20,353,26,7,33,386
09/23/2005,ALB,NY,AEA,EN,Combined TRACON& Tower with Radar,100,126,23,2,251,1,9,48,10,68,101,135,71,12,319,18,0,18,337
09/24/2005,ALB,NY,AEA,EN,Combined TRACON& Tower with Radar,86,63,9,0,158,0,3,63,1,67,86,66,72,1,225,44,0,44,269
09/25/2005,ALB,NY,AEA,EN,Combined TRACON& Tower with Radar,78,63,31,1,173,0,10,40,0,50,78,73,71,1,223,21,0,21,244
09/26/2005,ALB,NY,AEA,EN,Combined TRACON& Tower with Radar,85,103,20,1,209,0,1,10,0,11,85,104,30,1,220,0,0,0,220
09/27/2005,ALB,NY,AEA,EN,Combined TRACON& Tower with Radar,99,129,29,0,257,1,2,61,0,64,100,131,90,0,321,20,0,20,341
09/28/2005,ALB,NY,AEA,EN,Combined TRACON& Tower with Radar,97,132,42,0,271,0,4,78,7,89,97,136,120,7,360,15,0,15,375
09/29/2005,ALB,NY,AEA,EN,Combined TRACON& Tower with Radar,101,128,22,0,251,1,3,8,3,15,102,131,30,3,266,0,0,0,266
09/30/2005,ALB,NY,AEA,EN,Combined TRACON& Tower with Radar,97,130,26,7,260,0,7,61,1,69,97,137,87,8,329,2,4,6,335
10/01/2005,ALB,NY,AEA,EN,Combined TRACON& Tower with Radar,86,67,18,2,173,0,3,78,0,81,86,70,96,2,254,22,0,22,276
10/02/2005,ALB,NY,AEA,EN,Combined TRACON& Tower with Radar,82,57,20,4,163,0,1,102,5,108,82,58,122,9,271,35,0,35,306
10/03/2005,ALB,NY,AEA,EN,Combined TRACON& Tower with Radar,95,105,28,11,239,0,4,46,4,54,95,109,74,15,293,22,2,24,317
10/04/2005,ALB,NY,AEA,EN,Combined TRACON& Tower with Radar,98,126,23,9,256,0,9,61,9,79,98,135,84,18,335,26,16,42,377
10/05/2005,ALB,NY,AEA,EN,Combined TRACON& Tower with Radar,113,131,35,16,295,0,9,36,0,45,113,140,71,16,340,17,8,25,365
10/06/2005,ALB,NY,AEA,EN,Combined TRACON& Tower with Radar,102,120,41,8,271,0,5,36,17,58,102,125,77,25,329,2,4,6,335
10/07/2005,ALB,NY,AEA,EN,Combined TRACON& Tower with Radar,99,121,39,5,264,0,1,24,0,25,99,122,63,5,289,35,27,62,351
10/08/2005,ALB,NY,AEA,EN,Combined TRACON& Tower with Radar,88,80,18,0,186,0,0,4,2,6,88,80,22,2,192,0,0,0,192
10/09/2005,ALB,NY,AEA,EN,Combined TRACON& Tower with Radar,81,66,34,1,182,0,3,12,10,25,81,69,46,11,207,12,2,14,221
10/10/2005,ALB,NY,AEA,EN,Combined TRACON& Tower with Radar,89,105,58,0,252,0,2,2,0,4,89,107,60,0,256,2,0,2,258
10/11/2005,ALB,NY,AEA,EN,Combined TRACON& Tower with Radar,101,105,45,0,251,0,0,5,0,5,101,105,50,0,256,7,0,7,263
10/12/2005,ALB,NY,AEA,EN,Combined TRACON& Tower with Radar,102,119,35,0,256,0,1,1,0,2,102,120,36,0,258,10,0,10,268
10/13/2005,ALB,NY,AEA,EN,Combined TRACON& Tower with Radar,96,128,46,0,270,0,0,9,0,9,96,128,55,0,279,0,0,0,279
10/14/2005,ALB,NY,AEA,EN,Combined TRACON& Tower with Radar,96,135,36,1,268,0,1,6,4,11,96,136,42,5,279,8,0,8,287
10/15/2005,ALB,NY,AEA,EN,Combined TRACON& Tower with Radar,86,70,35,2,193,0,0,10,2,12,86,70,45,4,205,2,0,2,207
10/16/2005,ALB,NY,AEA,EN,Combined TRACON& Tower with Radar,78,64,9,2,153,0,7,8,5,20,78,71,17,7,173,18,0,18,191
10/17/2005,ALB,NY,AEA,EN,Combined TRACON& Tower with Radar,91,103,27,3,224,0,3,31,4,38,91,106,58,7,262,8,2,10,272
10/18/2005,ALB,NY,AEA,EN,Combined TRACON& Tower with Radar,95,116,30,4,245,0,7,38,3,48,95,123,68,7,293,36,4,40,333
10/19/2005,ALB,NY,AEA,EN,Combined TRACON& Tower with Radar,100,113,26,4,243,0,7,79,13,99,100,120,105,17,342,33,2,35,377
10/20/2005,ALB,NY,AEA,EN,Combined TRACON& Tower with Radar,98,129,32,4,263,0,15,71,2,88,98,144,103,6,351,22,0,22,373
10/21/2005,ALB,NY,AEA,EN,Combined TRACON& Tower with Radar,95,123,20,2,240,0,10,76,1,87,95,133,96,3,327,53,4,57,384
10/22/2005,ALB,NY,AEA,EN,Combined TRACON& Tower with Radar,86,72,13,2,173,0,1,30,2,33,86,73,43,4,206,24,0,24,230
10/23/2005,ALB,NY,AEA,EN,Combined TRACON& Tower with Radar,79,56,12,4,151,0,2,9,0,11,79,58,21,4,162,0,0,0,162
10/24/2005,ALB,NY,AEA,EN,Combined TRACON& Tower with Radar,89,103,32,2,226,0,1,23,1,25,89,104,55,3,251,38,0,38,289
10/25/2005,ALB,NY,AEA,EN,Combined TRACON& Tower with Radar,98,110,23,0,231,0,0,0,0,0,98,110,23,0,231,2,0,2,233
10/26/2005,ALB,NY,AEA,EN,Combined TRACON& Tower with Radar,98,129,39,9,275,0,1,35,0,36,98,130,74,9,311,22,20,42,353
10/27/2005,ALB,NY,AEA,EN,Combined TRACON& Tower with Radar,98,127,30,4,259,0,0,59,5,64,98,127,89,9,323,30,14,44,367
10/28/2005,ALB,NY,AEA,EN,Combined TRACON& Tower with Radar,96,139,30,0,265,0,2,65,0,67,96,141,95,0,332,5,0,5,337
10/29/2005,ALB,NY,AEA,EN,Combined TRACON& Tower with Radar,88,68,18,2,176,0,3,47,1,51,88,71,65,3,227,43,0,43,270
10/30/2005,ALB,NY,AEA,EN,Combined TRACON& Tower with Radar,76,64,22,0,162,0,3,73,2,78,76,67,95,2,240,38,0,38,278
10/31/2005,ALB,NY,AEA,EN,Combined TRACON& Tower with Radar,82,105,19,1,207,0,7,76,1,84,82,112,95,2,291,22,0,22,313
11/01/2005,ALB,NY,AEA,EN,Combined TRACON& Tower with Radar,89,125,21,2,237,0,7,35,4,46,89,132,56,6,283,39,4,43,326
11/02/2005,ALB,NY,AEA,EN,Combined TRACON& Tower with Radar,86,124,28,2,240,0,6,67,16,89,86,130,95,18,329,6,0,6,335
11/03/2005,ALB,NY,AEA,EN,Combined TRACON& Tower with Radar,92,126,17,1,236,0,12,35,0,47,92,138,52,1,283,37,0,37,320
11/04/2005,ALB,NY,AEA,EN,Combined TRACON& Tower with Radar,91,128,19,3,241,0,8,69,17,94,91,136,88,20,335,8,0,8,343
11/05/2005,ALB,NY,AEA,EN,Combined TRACON& Tower with Radar,83,69,16,5,173,1,39,122,26,188,84,108,138,31,361,18,10,28,389
11/06/2005,ALB,NY,AEA,EN,Combined TRACON& Tower with Radar,72,75,35,2,184,0,31,71,1,103,72,106,106,3,287,20,3,23,310
11/07/2005,ALB,NY,AEA,EN,Combined TRACON& Tower with Radar,90,108,16,0,214,0,2,27,0,29,90,110,43,0,243,8,0,8,251
11/08/2005,ALB,NY,AEA,EN,Combined TRACON& Tower with Radar,89,120,32,2,243,0,15,49,3,67,89,135,81,5,310,33,0,33,343
11/09/2005,ALB,NY,AEA,EN,Combined TRACON& Tower with Radar,88,129,33,7,257,0,8,35,2,45,88,137,68,9,302,3,0,3,305
11/10/2005,ALB,NY,AEA,EN,Combined TRACON& Tower with Radar,86,140,27,0,253,0,3,8,3,14,86,143,35,3,267,13,0,13,280
11/11/2005,ALB,NY,AEA,EN,Combined TRACON& Tower with Radar,85,122,21,1,229,0,16,81,3,100,85,138,102,4,329,37,11,48,377
11/12/2005,ALB,NY,AEA,EN,Combined TRACON& Tower with Radar,78,73,12,0,163,0,8,100,6,114,78,81,112,6,277,35,0,35,312
11/13/2005,ALB,NY,AEA,EN,Combined TRACON& Tower with Radar,71,75,19,0,165,0,26,73,4,103,71,101,92,4,268,27,0,27,295
11/14/2005,ALB,NY,AEA,EN,Combined TRACON& Tower with Radar,78,120,22,7,227,0,3,77,3,83,78,123,99,10,310,2,2,4,314
11/15/2005,ALB,NY,AEA,EN,Combined TRACON& Tower with Radar,82,129,15,16,242,0,2,2,1,5,82,131,17,17,247,0,6,6,253
11/16/2005,ALB,NY,AEA,EN,Combined TRACON& Tower with Radar,92,131,29,1,253,0,1,4,0,5,92,132,33,1,258,2,0,2,260
11/17/2005,ALB,NY,AEA,EN,Combined TRACON& Tower with Radar,86,137,38,3,264,0,3,30,16,49,86,140,68,19,313,2,0,2,315
11/18/2005,ALB,NY,AEA,EN,Combined TRACON& Tower with Radar,83,136,44,0,263,0,7,44,4,55,83,143,88,4,318,26,0,26,344
11/19/2005,ALB,NY,AEA,EN,Combined TRACON& Tower with Radar,74,72,13,0,159,0,6,76,0,82,74,78,89,0,241,20,0,20,261
11/20/2005,ALB,NY,AEA,EN,Combined TRACON& Tower with Radar,67,72,8,0,147,0,5,55,2,62,67,77,63,2,209,0,0,0,209
11/21/2005,ALB,NY,AEA,EN,Combined TRACON& Tower with Radar,73,117,16,6,212,0,5,56,2,63,73,122,72,8,275,22,0,22,297
11/22/2005,ALB,NY,AEA,EN,Combined TRACON& Tower with Radar,85,135,13,0,233,0,0,2,0,2,85,135,15,0,235,0,0,0,235
11/23/2005,ALB,NY,AEA,EN,Combined TRACON& Tower with Radar,91,142,27,6,266,0,5,52,1,58,91,147,79,7,324,34,12,46,370
11/24/2005,ALB,NY,AEA,EN,Combined TRACON& Tower with Radar,72,79,4,0,155,0,5,1,1,7,72,84,5,1,162,0,0,0,162
11/25/2005,ALB,NY,AEA,EN,Combined TRACON& Tower with Radar,54,79,8,0,141,0,10,44,0,54,54,89,52,0,195,4,0,4,199
11/26/2005,ALB,NY,AEA,EN,Combined TRACON& Tower with Radar,70,70,11,0,151,0,2,16,0,18,70,72,27,0,169,2,0,2,171
11/27/2005,ALB,NY,AEA,EN,Combined TRACON& Tower with Radar,68,86,20,0,174,0,3,77,0,80,68,89,97,0,254,14,0,14,268
11/28/2005,ALB,NY,AEA,EN,Combined TRACON& Tower with Radar,80,102,22,11,215,0,3,19,8,30,80,105,41,19,245,4,2,6,251
11/29/2005,ALB,NY,AEA,EN,Combined TRACON& Tower with Radar,87,115,20,1,223,0,2,6,1,9,87,117,26,2,232,0,0,0,232
11/30/2005,ALB,NY,AEA,EN,Combined TRACON& Tower with Radar,87,134,24,9,254,0,0,0,0,0,87,134,24,9,254,8,14,22,276
12/01/2005,ALB,NY,AEA,EN,Combined TRACON& Tower with Radar,76,125,38,5,244,0,10,78,12,100,76,135,116,17,344,22,0,22,366
12/02/2005,ALB,NY,AEA,EN,Combined TRACON& Tower with Radar,81,132,24,8,245,0,5,16,27,48,81,137,40,35,293,5,0,5,298
12/03/2005,ALB,NY,AEA,EN,Combined TRACON& Tower with Radar,64,88,17,10,179,0,8,11,4,23,64,96,28,14,202,9,2,11,213
12/04/2005,ALB,NY,AEA,EN,Combined TRACON& Tower with Radar,59,72,20,0,151,0,0,2,0,2,59,72,22,0,153,7,0,7,160
12/05/2005,ALB,NY,AEA,EN,Combined TRACON& Tower with Radar,68,104,19,6,197,0,7,51,2,60,68,111,70,8,257,14,0,14,271
12/06/2005,ALB,NY,AEA,EN,Combined TRACON& Tower with Radar,83,124,25,3,235,0,4,40,10,54,83,128,65,13,289,9,0,9,298
12/07/2005,ALB,NY,AEA,EN,Combined TRACON& Tower with Radar,82,127,28,5,242,1,3,38,21,63,83,130,66,26,305,8,8,16,321
12/08/2005,ALB,NY,AEA,EN,Combined TRACON& Tower with Radar,79,127,25,0,231,0,5,83,1,89,79,132,108,1,320,60,2,62,382
12/09/2005,ALB,NY,AEA,EN,Combined TRACON& Tower with Radar,87,143,17,0,247,1,2,8,2,13,88,145,25,2,260,4,0,4,264
12/10/2005,ALB,NY,AEA,EN,Combined TRACON& Tower with Radar,72,83,16,0,171,0,8,36,1,45,72,91,52,1,216,16,0,16,232
12/11/2005,ALB,NY,AEA,EN,Combined TRACON& Tower with Radar,59,80,19,0,158,0,5,87,1,93,59,85,106,1,251,54,0,54,305
12/12/2005,ALB,NY,AEA,EN,Combined TRACON& Tower with Radar,75,108,25,5,213,0,2,35,14,51,75,110,60,19,264,16,3,19,283
12/13/2005,ALB,NY,AEA,EN,Combined TRACON& Tower with Radar,77,132,27,2,238,1,12,70,9,92,78,144,97,11,330,26,0,26,356
12/14/2005,ALB,NY,AEA,EN,Combined TRACON& Tower with Radar,76,130,25,6,237,0,7,51,10,68,76,137,76,16,305,7,2,9,314
12/15/2005,ALB,NY,AEA,EN,Combined TRACON& Tower with Radar,74,120,19,0,213,0,6,73,19,98,74,126,92,19,311,26,4,30,341
12/16/2005,ALB,NY,AEA,EN,Combined TRACON& Tower with Radar,81,130,20,2,233,0,3,9,0,12,81,133,29,2,245,0,0,0,245
12/17/2005,ALB,NY,AEA,EN,Combined TRACON& Tower with Radar,66,83,22,2,173,0,6,67,1,74,66,89,89,3,247,66,2,68,315
12/18/2005,ALB,NY,AEA,EN,Combined TRACON& Tower with Radar,61,80,14,0,155,0,5,57,1,63,61,85,71,1,218,7,0,7,225
12/19/2005,ALB,NY,AEA,EN,Combined TRACON& Tower with Radar,64,114,26,0,204,0,3,26,0,29,64,117,52,0,233,48,0,48,281
12/20/2005,ALB,NY,AEA,EN,Combined TRACON& Tower with Radar,77,125,30,0,232,0,6,44,1,51,77,131,74,1,283,18,3,21,304
12/21/2005,ALB,NY,AEA,EN,Combined TRACON& Tower with Radar,78,134,28,11,251,0,7,54,1,62,78,141,82,12,313,21,0,21,334
12/22/2005,ALB,NY,AEA,EN,Combined TRACON& Tower with Radar,78,129,17,0,224,0,10,61,3,74,78,139,78,3,298,27,0,27,325
12/23/2005,ALB,NY,AEA,EN,Combined TRACON& Tower with Radar,79,130,16,0,225,0,8,58,1,67,79,138,74,1,292,31,0,31,323
12/24/2005,ALB,NY,AEA,EN,Combined TRACON& Tower with Radar,74,91,17,0,182,0,7,36,2,45,74,98,53,2,227,16,0,16,243
12/25/2005,ALB,NY,AEA,EN,Combined TRACON& Tower with Radar,51,65,6,0,122,0,3,9,2,14,51,68,15,2,136,0,0,0,136
12/26/2005,ALB,NY,AEA,EN,Combined TRACON& Tower with Radar,65,94,12,2,173,0,0,5,0,5,65,94,17,2,178,3,0,3,181
12/27/2005,ALB,NY,AEA,EN,Combined TRACON& Tower with Radar,67,102,20,4,193,0,8,45,0,53,67,110,65,4,246,32,0,32,278
12/28/2005,ALB,NY,AEA,EN,Combined TRACON& Tower with Radar,77,132,16,0,225,0,4,85,0,89,77,136,101,0,314,38,0,38,352
12/29/2005,ALB,NY,AEA,EN,Combined TRACON& Tower with Radar,76,122,26,0,224,0,4,2,0,6,76,126,28,0,230,4,0,4,234
12/30/2005,ALB,NY,AEA,EN,Combined TRACON& Tower with Radar,77,121,20,0,218,0,0,23,0,23,77,121,43,0,241,20,0,20,261
12/31/2005,ALB,NY,AEA,EN,Combined TRACON& Tower with Radar,71,74,16,0,161,0,4,16,2,22,71,78,32,2,183,3,0,3,186
01/01/2006,ALB,NY,AEA,EN,Combined TRACON& Tower with Radar,54,66,8,0,128,0,0,10,0,10,54,66,18,0,138,6,0,6,144
01/02/2006,ALB,NY,AEA,EN,Combined TRACON& Tower with Radar,62,85,20,0,167,0,1,33,1,35,62,86,53,1,202,4,0,4,206
01/03/2006,ALB,NY,AEA,EN,Combined TRACON& Tower with Radar,70,97,19,2,188,0,1,9,0,10,70,98,28,2,198,9,4,13,211
01/04/2006,ALB,NY,AEA,EN,Combined TRACON& Tower with Radar,80,126,22,0,228,0,10,22,7,39,80,136,44,7,267,0,0,0,267
01/05/2006,ALB,NY,AEA,EN,Combined TRACON& Tower with Radar,78,127,14,2,221,0,3,3,1,7,78,130,17,3,228,2,11,13,241
01/06/2006,ALB,NY,AEA,EN,Combined TRACON& Tower with Radar,76,119,29,14,238,0,11,21,9,41,76,130,50,23,279,45,12,57,336
01/07/2006,ALB,NY,AEA,EN,Combined TRACON& Tower with Radar,64,74,26,0,164,0,10,137,4,151,64,84,163,4,315,77,8,85,400
01/08/2006,ALB,NY,AEA,EN,Combined TRACON& Tower with Radar,60,76,21,6,163,0,5,56,3,64,60,81,77,9,227,52,8,60,287
01/09/2006,ALB,NY,AEA,EN,Combined TRACON& Tower with Radar,67,104,17,19,207,0,3,31,0,34,67,107,48,19,241,28,5,33,274
01/10/2006,ALB,NY,AEA,EN,Combined TRACON& Tower with Radar,82,119,15,8,224,0,6,77,1,84,82,125,92,9,308,22,0,22,330
01/11/2006,ALB,NY,AEA,EN,Combined TRACON& Tower with Radar,81,119,38,11,249,0,11,14,1,26,81,130,52,12,275,20,7,27,302
01/12/2006,ALB,NY,AEA,EN,Combined TRACON& Tower with Radar,86,120,24,1,231,1,5,70,8,84,87,125,94,9,315,51,4,55,370
01/13/2006,ALB,NY,AEA,EN,Combined TRACON& Tower with Radar,81,110,28,3,222,0,18,64,8,90,81,128,92,11,312,22,0,22,334
01/14/2006,ALB,NY,AEA,EN,Combined TRACON& Tower with Radar,70,81,37,0,188,0,0,0,0,0,70,81,37,0,188,8,0,8,196
01/15/2006,ALB,NY,AEA,EN,Combined TRACON& Tower with Radar,63,62,10,0,135,0,0,2,0,2,63,62,12,0,137,6,0,6,143
01/16/2006,ALB,NY,AEA,EN,Combined TRACON& Tower with Radar,79,89,7,0,175,0,9,63,2,74,79,98,70,2,249,12,0,12,261
01/17/2006,ALB,NY,AEA,EN,Combined TRACON& Tower with Radar,83,100,22,0,205,0,2,36,3,41,83,102,58,3,246,23,0,23,269
01/18/2006,ALB,NY,AEA,EN,Combined TRACON& Tower with Radar,94,118,15,0,227,0,1,5,0,6,94,119,20,0,233,0,0,0,233
01/19/2006,ALB,NY,AEA,EN,Combined TRACON& Tower with Radar,86,123,34,21,264,0,6,69,5,80,86,129,103,26,344,12,7,19,363
01/20/2006,ALB,NY,AEA,EN,Combined TRACON& Tower with Radar,81,115,35,0,231,0,15,46,12,73,81,130,81,12,304,19,3,22,326
01/21/2006,ALB,NY,AEA,EN,Combined TRACON& Tower with Radar,60,65,8,0,133,0,0,12,1,13,60,65,20,1,146,8,0,8,154
01/22/2006,ALB,NY,AEA,EN,Combined TRACON& Tower with Radar,64,64,16,0,144,0,8,68,1,77,64,72,84,1,221,16,0,16,237
01/23/2006,ALB,NY,AEA,EN,Combined TRACON& Tower with Radar,71,88,23,0,182,0,2,7,0,9,71,90,30,0,191,25,0,25,216
01/24/2006,ALB,NY,AEA,EN,Combined TRACON& Tower with Radar,81,117,37,0,235,0,14,29,16,59,81,131,66,16,294,0,0,0,294
01/25/2006,ALB,NY,AEA,EN,Combined TRACON& Tower with Radar,83,121,24,0,228,0,2,26,9,37,83,123,50,9,265,4,0,4,269
01/26/2006,ALB,NY,AEA,EN,Combined TRACON& Tower with Radar,80,115,36,2,233,1,7,30,17,55,81,122,66,19,288,4,1,5,293
01/27/2006,ALB,NY,AEA,EN,Combined TRACON& Tower with Radar,82,110,20,1,213,0,7,45,7,59,82,117,65,8,272,9,0,9,281
01/28/2006,ALB,NY,AEA,EN,Combined TRACON& Tower with Radar,66,66,11,0,143,0,1,103,3,107,66,67,114,3,250,9,0,9,259
01/29/2006,ALB,NY,AEA,EN,Combined TRACON& Tower with Radar,61,63,13,0,137,0,13,25,1,39,61,76,38,1,176,0,0,0,176
01/30/2006,ALB,NY,AEA,EN,Combined TRACON& Tower with Radar,74,94,25,0,193,0,0,12,0,12,74,94,37,0,205,9,0,9,214
01/31/2006,ALB,NY,AEA,EN,Combined TRACON& Tower with Radar,90,134,15,0,239,0,0,0,0,0,90,134,15,0,239,10,0,10,249
02/01/2006,ALB,NY,AEA,EN,Combined TRACON& Tower with Radar,83,127,26,7,243,0,3,40,7,50,83,130,66,14,293,30,12,42,335
02/02/2006,ALB,NY,AEA,EN,Combined TRACON& Tower with Radar,79,118,27,0,224,0,8,73,7,88,79,126,100,7,312,54,17,71,383
02/03/2006,ALB,NY,AEA,EN,Combined TRACON& Tower with Radar,78,121,28,0,227,0,1,12,0,13,78,122,40,0,240,2,0,2,242
02/04/2006,ALB,NY,AEA,EN,Combined TRACON& Tower with Radar,64,66,18,3,151,0,4,88,5,97,64,70,106,8,248,32,3,35,283
02/05/2006,ALB,NY,AEA,EN,Combined TRACON& Tower with Radar,61,66,14,6,147,0,0,25,3,28,61,66,39,9,175,6,6,12,187
02/06/2006,ALB,NY,AEA,EN,Combined TRACON& Tower with Radar,72,95,17,8,192,0,9,16,2,27,72,104,33,10,219,4,14,18,237
02/07/2006,ALB,NY,AEA,EN,Combined TRACON& Tower with Radar,79,114,25,2,220,0,3,23,24,50,79,117,48,26,270,14,20,34,304
02/08/2006,ALB,NY,AEA,EN,Combined TRACON& Tower with Radar,79,122,35,4,240,0,5,40,6,51,79,127,75,10,291,48,6,54,345
02/09/2006,ALB,NY,AEA,EN,Combined TRACON& Tower with Radar,77,127,33,20,257,0,3,52,10,65,77,130,85,30,322,9,0,9,331
02/10/2006,ALB,NY,AEA,EN,Combined TRACON& Tower with Radar,74,128,23,0,225,0,9,33,7,49,74,137,56,7,274,25,2,27,301
02/11/2006,ALB,NY,AEA,EN,Combined TRACON& Tower with Radar,58,71,31,0,160,0,6,69,2,77,58,77,100,2,237,10,0,10,247
02/12/2006,ALB,NY,AEA,EN,Combined TRACON& Tower with Radar,60,50,9,0,119,0,0,3,0,3,60,50,12,0,122,4,0,4,126
02/13/2006,ALB,NY,AEA,EN,Combined TRACON& Tower with Radar,70,93,20,20,203,0,15,16,8,39,70,108,36,28,242,40,0,40,282
02/14/2006,ALB,NY,AEA,EN,Combined TRACON& Tower with Radar,77,125,37,6,245,0,5,35,10,50,77,130,72,16,295,14,27,41,336
02/15/2006,ALB,NY,AEA,EN,Combined TRACON& Tower with Radar,77,128,22,13,240,0,9,83,18,110,77,137,105,31,350,4,15,19,369
02/16/2006,ALB,NY,AEA,EN,Combined TRACON& Tower with Radar,72,114,24,0,210,0,3,80,8,91,72,117,104,8,301,14,0,14,315
02/17/2006,ALB,NY,AEA,EN,Combined TRACON& Tower with Radar,76,127,11,0,214,0,4,6,0,10,76,131,17,0,224,8,0,8,232
02/18/2006,ALB,NY,AEA,EN,Combined TRACON& Tower with Radar,74,75,11,2,162,0,1,9,0,10,74,76,20,2,172,11,0,11,183
02/19/2006,ALB,NY,AEA,EN,Combined TRACON& Tower with Radar,65,72,17,0,154,0,4,53,2,59,65,76,70,2,213,36,0,36,249
02/20/2006,ALB,NY,AEA,EN,Combined TRACON& Tower with Radar,68,98,19,0,185,0,8,45,3,56,68,106,64,3,241,10,0,10,251
02/21/2006,ALB,NY,AEA,EN,Combined TRACON& Tower with Radar,76,109,38,6,229,0,9,36,7,52,76,118,74,13,281,19,16,35,316
02/22/2006,ALB,NY,AEA,EN,Combined TRACON& Tower with Radar,76,134,37,22,269,0,12,70,7,89,76,146,107,29,358,35,16,51,409
02/23/2006,ALB,NY,AEA,EN,Combined TRACON& Tower with Radar,75,130,20,14,239,0,3,17,18,38,75,133,37,32,277,24,9,33,310
02/24/2006,ALB,NY,AEA,EN,Combined TRACON& Tower with Radar,82,125,12,18,237,0,13,29,5,47,82,138,41,23,284,2,0,2,286
02/25/2006,ALB,NY,AEA,EN,Combined TRACON& Tower with Radar,68,82,20,0,170,0,3,6,0,9,68,85,26,0,179,14,0,14,193
02/26/2006,ALB,NY,AEA,EN,Combined TRACON& Tower with Radar,68,73,20,0,161,0,2,27,3,32,68,75,47,3,193,12,0,12,205
02/27/2006,ALB,NY,AEA,EN,Combined TRACON& Tower with Radar,70,109,15,8,202,0,8,34,0,42,70,117,49,8,244,42,2,44,288
02/28/2006,ALB,NY,AEA,EN,Combined TRACON& Tower with Radar,74,119,44,9,246,0,7,71,6,84,74,126,115,15,330,86,22,108,438
03/01/2006,ALB,NY,AEA,EN,Combined TRACON& Tower with Radar,76,120,15,9,220,0,8,102,16,126,76,128,117,25,346,30,12,42,388
03/02/2006,ALB,NY,AEA,EN,Combined TRACON& Tower with Radar,79,109,28,29,245,0,15,33,10,58,79,124,61,39,303,31,28,59,362
03/03/2006,ALB,NY,AEA,EN,Combined TRACON& Tower with Radar,78,124,21,6,229,0,8,34,1,43,78,132,55,7,272,26,6,32,304
03/04/2006,ALB,NY,AEA,EN,Combined TRACON& Tower with Radar,69,78,12,0,159,0,4,24,0,28,69,82,36,0,187,4,0,4,191
03/05/2006,ALB,NY,AEA,EN,Combined TRACON& Tower with Radar,53,62,7,7,129,0,10,55,3,68,53,72,62,10,197,32,0,32,229
03/06/2006,ALB,NY,AEA,EN,Combined TRACON& Tower with Radar,76,102,24,6,208,0,13,78,4,95,76,115,102,10,303,59,25,84,387
03/07/2006,ALB,NY,AEA,EN,Combined TRACON& Tower with Radar,75,111,28,0,214,0,17,80,7,104,75,128,108,7,318,57,1,58,376
03/08/2006,ALB,NY,AEA,EN,Combined TRACON& Tower with Radar,79,115,25,1,220,0,15,82,7,104,79,130,107,8,324,50,15,65,389
03/09/2006,ALB,NY,AEA,EN,Combined TRACON& Tower with Radar,77,123,36,14,250,0,9,34,4,47,77,132,70,18,297,59,33,92,389
03/10/2006,ALB,NY,AEA,EN,Combined TRACON& Tower with Radar,75,125,34,1,235,0,1,23,3,27,75,126,57,4,262,8,4,12,274
03/11/2006,ALB,NY,AEA,EN,Combined TRACON& Tower with Radar,71,70,17,2,160,0,3,92,25,120,71,73,109,27,280,36,10,46,326
03/12/2006,ALB,NY,AEA,EN,Combined TRACON& Tower with Radar,59,66,28,4,157,0,24,15,29,68,59,90,43,33,225,33,9,42,267
03/13/2006,ALB,NY,AEA,EN,Combined TRACON& Tower with Radar,69,101,16,38,224,0,1,15,0,16,69,102,31,38,240,0,48,48,288
03/14/2006,ALB,NY,AEA,EN,Combined TRACON& Tower with Radar,79,120,25,10,234,0,10,37,10,57,79,130,62,20,291,31,12,43,334
03/15/2006,ALB,NY,AEA,EN,Combined TRACON& Tower with Radar,87,123,25,7,242,0,2,2,2,6,87,125,27,9,248,9,2,11,259
03/16/2006,ALB,NY,AEA,EN,Combined TRACON& Tower with Radar,77,125,22,13,237,0,8,54,38,100,77,133,76,51,337,15,6,21,358
03/17/2006,ALB,NY,AEA,EN,Combined TRACON& Tower with Radar,76,135,13,0,224,0,3,50,16,69,76,138,63,16,293,32,3,35,328
03/18/2006,ALB,NY,AEA,EN,Combined TRACON& Tower with Radar,70,67,17,0,154,0,13,66,0,79,70,80,83,0,233,38,0,38,271
03/19/2006,ALB,NY,AEA,EN,Combined TRACON& Tower with Radar,58,63,17,0,138,0,8,48,2,58,58,71,65,2,196,26,1,27,223
03/20/2006,ALB,NY,AEA,EN,Combined TRACON& Tower with Radar,67,96,28,10,201,0,15,81,1,97,67,111,109,11,298,77,16,93,391
03/21/2006,ALB,NY,AEA,EN,Combined TRACON& Tower with Radar,77,116,28,21,242,0,15,79,4,98,77,131,107,25,340,42,13,55,395
03/22/2006,ALB,NY,AEA,EN,Combined TRACON& Tower with Radar,84,122,31,7,244,0,5,33,11,49,84,127,64,18,293,40,26,66,359
03/23/2006,ALB,NY,AEA,EN,Combined TRACON& Tower with Radar,77,132,39,6,254,0,2,92,20,114,77,134,131,26,368,96,8,104,472
03/24/2006,ALB,NY,AEA,EN,Combined TRACON& Tower with Radar,77,126,22,1,226,4,76,51,2,133,81,202,73,3,359,57,12,69,428
03/25/2006,ALB,NY,AEA,EN,Combined TRACON& Tower with Radar,72,66,15,1,154,0,9,48,0,57,72,75,63,1,211,41,1,42,253
03/26/2006,ALB,NY,AEA,EN,Combined TRACON& Tower with Radar,60,65,11,4,140,0,36,65,5,106,60,101,76,9,246,48,9,57,303
03/27/2006,ALB,NY,AEA,EN,Combined TRACON& Tower with Radar,68,103,26,7,204,0,18,64,5,87,68,121,90,12,291,38,4,42,333
03/28/2006,ALB,NY,AEA,EN,Combined TRACON& Tower with Radar,77,122,26,28,253,0,16,109,8,133,77,138,135,36,386,83,14,97,483
03/29/2006,ALB,NY,AEA,EN,Combined TRACON& Tower with Radar,80,128,22,4,234,0,26,98,32,156,80,154,120,36,390,53,6,59,449
03/30/2006,ALB,NY,AEA,EN,Combined TRACON& Tower with Radar,78,132,20,2,232,0,16,137,24,177,78,148,157,26,409,45,18,63,472
03/31/2006,ALB,NY,AEA,EN,Combined TRACON& Tower with Radar,77,127,34,1,239,0,10,64,5,79,77,137,98,6,318,48,4,52,370
04/01/2006,ALB,NY,AEA,EN,Combined TRACON& Tower with Radar,77,69,13,0,159,0,0,4,6,10,77,69,17,6,169,41,5,46,215
04/02/2006,ALB,NY,AEA,EN,Combined TRACON& Tower with Radar,58,66,16,5,145,0,16,128,8,152,58,82,144,13,297,66,5,71,368
04/03/2006,ALB,NY,AEA,EN,Combined TRACON& Tower with Radar,59,100,33,0,192,0,16,33,10,59,59,116,66,10,251,27,4,31,282
04/04/2006,ALB,NY,AEA,EN,Combined TRACON& Tower with Radar,88,133,28,0,249,0,8,3,4,15,88,141,31,4,264,18,2,20,284
04/05/2006,ALB,NY,AEA,EN,Combined TRACON& Tower with Radar,74,119,43,2,238,0,6,53,6,65,74,125,96,8,303,56,5,61,364
04/06/2006,ALB,NY,AEA,EN,Combined TRACON& Tower with Radar,78,125,23,4,230,0,8,47,13,68,78,133,70,17,298,56,5,61,359
04/07/2006,ALB,NY,AEA,EN,Combined TRACON& Tower with Radar,76,127,40,0,243,0,9,23,4,36,76,136,63,4,279,29,2,31,310
04/08/2006,ALB,NY,AEA,EN,Combined TRACON& Tower with Radar,67,69,18,0,154,0,35,60,6,101,67,104,78,6,255,47,0,47,302
04/09/2006,ALB,NY,AEA,EN,Combined TRACON& Tower with Radar,60,72,12,3,147,0,57,190,3,250,60,129,202,6,397,48,2,50,447
04/10/2006,ALB,NY,AEA,EN,Combined TRACON& Tower with Radar,71,105,28,3,207,0,14,105,5,124,71,119,133,8,331,42,2,44,375
04/11/2006,ALB,NY,AEA,EN,Combined TRACON& Tower with Radar,76,123,28,20,247,0,22,98,13,133,76,145,126,33,380,63,14,77,457
04/12/2006,ALB,NY,AEA,EN,Combined TRACON& Tower with Radar,75,122,20,9,226,0,20,89,13,122,75,142,109,22,348,66,16,82,430
04/13/2006,ALB,NY,AEA,EN,Combined TRACON& Tower with Radar,78,122,19,16,235,0,16,69,6,91,78,138,88,22,326,50,26,76,402
04/14/2006,ALB,NY,AEA,EN,Combined TRACON& Tower with Radar,76,126,18,1,221,0,3,37,6,46,76,129,55,7,267,54,6,60,327
04/15/2006,ALB,NY,AEA,EN,Combined TRACON& Tower with Radar,74,72,30,0,176,3,5,28,3,39,77,77,58,3,215,50,0,50,265
04/16/2006,ALB,NY,AEA,EN,Combined TRACON& Tower with Radar,62,69,15,0,146,0,3,36,1,40,62,72,51,1,186,34,0,34,220
04/17/2006,ALB,NY,AEA,EN,Combined TRACON& Tower with Radar,69,96,24,5,194,0,16,52,1,69,69,112,76,6,263,41,12,53,316
04/18/2006,ALB,NY,AEA,EN,Combined TRACON& Tower with Radar,76,121,21,9,227,0,22,74,18,114,76,143,95,27,341,54,8,62,403
04/19/2006,ALB,NY,AEA,EN,Combined TRACON& Tower with Radar,77,121,25,9,232,0,18,62,0,80,77,139,87,9,312,42,20,62,374
04/20/2006,ALB,NY,AEA,EN,Combined TRACON& Tower with Radar,78,128,27,1,234,3,11,81,12,107,81,139,108,13,341,24,0,24,365
04/21/2006,ALB,NY,AEA,EN,Combined TRACON& Tower with Radar,76,123,25,2,226,0,22,65,5,92,76,145,90,7,318,34,2,36,354
04/22/2006,ALB,NY,AEA,EN,Combined TRACON& Tower with Radar,72,76,16,3,167,0,27,11,3,41,72,103,27,6,208,4,0,4,212
04/23/2006,ALB,NY,AEA,EN,Combined TRACON& Tower with Radar,70,72,21,0,163,0,0,0,0,0,70,72,21,0,163,0,0,0,163
04/24/2006,ALB,NY,AEA,EN,Combined TRACON& Tower with Radar,68,110,25,0,203,0,1,28,0,29,68,111,53,0,232,31,2,33,265
04/25/2006,ALB,NY,AEA,EN,Combined TRACON& Tower with Radar,79,119,24,4,226,0,2,47,0,49,79,121,71,4,275,14,2,16,291
04/26/2006,ALB,NY,AEA,EN,Combined TRACON& Tower with Radar,76,131,24,18,249,0,6,68,9,83,76,137,92,27,332,22,8,30,362
04/27/2006,ALB,NY,AEA,EN,Combined TRACON& Tower with Radar,76,124,25,21,246,0,4,65,5,74,76,128,90,26,320,29,24,53,373
04/28/2006,ALB,NY,AEA,EN,Combined TRACON& Tower with Radar,74,121,20,0,215,0,14,84,1,99,74,135,104,1,314,58,10,68,382
04/29/2006,ALB,NY,AEA,EN,Combined TRACON& Tower with Radar,70,71,24,1,166,0,15,77,0,92,70,86,101,1,258,43,0,43,301
04/30/2006,ALB,NY,AEA,EN,Combined TRACON& Tower with Radar,57,66,17,0,140,0,11,82,5,98,57,77,99,5,238,33,2,35,273
05/01/2006,ALB,NY,AEA,EN,Combined TRACON& Tower with Radar,65,101,14,4,184,0,11,62,5,78,65,112,76,9,262,37,14,51,313
05/02/2006,ALB,NY,AEA,EN,Combined TRACON& Tower with Radar,77,128,36,2,243,0,14,40,6,60,77,142,76,8,303,26,8,34,337
05/03/2006,ALB,NY,AEA,EN,Combined TRACON& Tower with Radar,76,124,46,8,254,0,3,9,3,15,76,127,55,11,269,17,1,18,287
05/04/2006,ALB,NY,AEA,EN,Combined TRACON& Tower with Radar,78,137,30,4,249,0,5,83,5,93,78,142,113,9,342,19,4,23,365
05/05/2006,ALB,NY,AEA,EN,Combined TRACON& Tower with Radar,73,122,26,6,227,0,15,54,18,87,73,137,80,24,314,35,28,63,377
05/06/2006,ALB,NY,AEA,EN,Combined TRACON& Tower with Radar,72,72,16,0,160,0,22,43,10,75,72,94,59,10,235,44,3,47,282
05/07/2006,ALB,NY,AEA,EN,Combined TRACON& Tower with Radar,61,78,20,2,161,0,15,117,10,142,61,93,137,12,303,60,4,64,367
05/08/2006,ALB,NY,AEA,EN,Combined TRACON& Tower with Radar,68,112,26,6,212,0,4,55,5,64,68,116,81,11,276,31,15,46,322
05/09/2006,ALB,NY,AEA,EN,Combined TRACON& Tower with Radar,77,123,17,4,221,0,9,70,2,81,77,132,87,6,302,34,8,42,344
05/10/2006,ALB,NY,AEA,EN,Combined TRACON& Tower with Radar,76,117,38,1,232,0,12,33,13,58,76,129,71,14,290,45,8,53,343
05/11/2006,ALB,NY,AEA,EN,Combined TRACON& Tower with Radar,73,119,30,31,253,0,9,25,14,48,73,128,55,45,301,25,46,71,372
05/12/2006,ALB,NY,AEA,EN,Combined TRACON& Tower with Radar,84,139,24,5,252,0,0,1,2,3,84,139,25,7,255,10,2,12,267
05/13/2006,ALB,NY,AEA,EN,Combined TRACON& Tower with Radar,62,85,28,0,175,0,1,19,1,21,62,86,47,1,196,28,2,30,226
05/14/2006,ALB,NY,AEA,EN,Combined TRACON& Tower with Radar,59,73,33,0,165,0,4,6,0,10,59,77,39,0,175,8,2,10,185
05/15/2006,ALB,NY,AEA,EN,Combined TRACON& Tower with Radar,73,113,44,0,230,0,0,26,4,30,73,113,70,4,260,0,0,0,260
05/16/2006,ALB,NY,AEA,EN,Combined TRACON& Tower with Radar,76,128,47,11,262,0,4,23,2,29,76,132,70,13,291,24,8,32,323
05/17/2006,ALB,NY,AEA,EN,Combined TRACON& Tower with Radar,74,127,39,7,247,0,5,25,0,30,74,132,64,7,277,22,4,26,303
05/18/2006,ALB,NY,AEA,EN,Combined TRACON& Tower with Radar,76,138,33,3,250,0,3,58,2,63,76,141,91,5,313,23,3,26,339
05/19/2006,ALB,NY,AEA,EN,Combined TRACON& Tower with Radar,71,128,30,1,230,1,3,9,2,15,72,131,39,3,245,21,0,21,266
05/20/2006,ALB,NY,AEA,EN,Combined TRACON& Tower with Radar,67,78,31,0,176,0,6,29,10,45,67,84,60,10,221,35,10,45,266
05/21/2006,ALB,NY,AEA,EN,Combined TRACON& Tower with Radar,63,79,23,0,165,0,4,46,0,50,63,83,69,0,215,0,0,0,215
05/22/2006,ALB,NY,AEA,EN,Combined TRACON& Tower with Radar,69,99,37,6,211,0,14,30,4,48,69,113,67,10,259,22,0,22,281
05/23/2006,ALB,NY,AEA,EN,Combined TRACON& Tower with Radar,78,117,30,2,227,0,8,43,6,57,78,125,73,8,284,18,0,18,302
05/24/2006,ALB,NY,AEA,EN,Combined TRACON& Tower with Radar,74,121,26,2,223,0,10,79,26,115,74,131,105,28,338,28,0,28,366
05/25/2006,ALB,NY,AEA,EN,Combined TRACON& Tower with Radar,77,125,19,0,221,0,10,71,9,90,77,135,90,9,311,42,9,51,362
05/26/2006,ALB,NY,AEA,EN,Combined TRACON& Tower with Radar,73,134,24,4,235,0,9,47,19,75,73,143,71,23,310,23,5,28,338
05/27/2006,ALB,NY,AEA,EN,Combined TRACON& Tower with Radar,83,87,20,0,190,0,5,51,4,60,83,92,71,4,250,78,0,78,328
05/28/2006,ALB,NY,AEA,EN,Combined TRACON& Tower with Radar,52,61,11,0,124,0,7,105,1,113,52,68,116,1,237,24,0,24,261
05/29/2006,ALB,NY,AEA,EN,Combined TRACON& Tower with Radar,59,79,10,0,148,0,9,45,8,62,59,88,55,8,210,34,0,34,244
05/30/2006,ALB,NY,AEA,EN,Combined TRACON& Tower with Radar,69,107,23,1,200,0,1,45,7,53,69,108,68,8,253,24,6,30,283
05/31/2006,ALB,NY,AEA,EN,Combined TRACON& Tower with Radar,71,128,38,0,237,0,3,34,3,40,71,131,72,3,277,24,0,24,301
06/01/2006,ALB,NY,AEA,EN,Combined TRACON& Tower with Radar,84,126,43,15,268,0,8,16,2,26,84,134,59,17,294,36,50,86,380
06/02/2006,ALB,NY,AEA,EN,Combined TRACON& Tower with Radar,84,136,46,14,280,0,9,12,12,33,84,145,58,26,313,16,27,43,356
06/03/2006,ALB,NY,AEA,EN,Combined TRACON& Tower with Radar,69,86,36,20,211,0,0,3,0,3,69,86,39,20,214,2,8,10,224
06/04/2006,ALB,NY,AEA,EN,Combined TRACON& Tower with Radar,57,72,32,2,163,0,0,8,0,8,57,72,40,2,171,24,4,28,199
06/05/2006,ALB,NY,AEA,EN,Combined TRACON& Tower with Radar,66,102,33,2,203,0,5,77,2,84,66,107,110,4,287,26,4,30,317
06/06/2006,ALB,NY,AEA,EN,Combined TRACON& Tower with Radar,73,126,47,2,248,0,16,63,7,86,73,142,110,9,334,42,2,44,378
06/07/2006,ALB,NY,AEA,EN,Combined TRACON& Tower with Radar,77,133,30,0,240,0,2,18,1,21,77,135,48,1,261,4,0,4,265
06/08/2006,ALB,NY,AEA,EN,Combined TRACON& Tower with Radar,76,120,32,8,236,0,3,20,1,24,76,123,52,9,260,11,0,11,271
06/09/2006,ALB,NY,AEA,EN,Combined TRACON& Tower with Radar,76,128,37,5,246,0,3,32,13,48,76,131,69,18,294,40,12,52,346
06/10/2006,ALB,NY,AEA,EN,Combined TRACON& Tower with Radar,67,69,33,0,169,0,15,9,7,31,67,84,42,7,200,27,11,38,238
06/11/2006,ALB,NY,AEA,EN,Combined TRACON& Tower with Radar,63,78,47,1,189,0,18,50,16,84,63,96,97,17,273,44,6,50,323
06/12/2006,ALB,NY,AEA,EN,Combined TRACON& Tower with Radar,66,107,38,12,223,0,7,108,4,119,66,114,146,16,342,12,0,12,354
06/13/2006,ALB,NY,AEA,EN,Combined TRACON& Tower with Radar,80,134,32,6,252,0,19,117,4,140,80,153,149,10,392,55,14,69,461
06/14/2006,ALB,NY,AEA,EN,Combined TRACON& Tower with Radar,79,124,58,0,261,0,13,44,8,65,79,137,102,8,326,25,4,29,355
06/15/2006,ALB,NY,AEA,EN,Combined TRACON& Tower with Radar,77,128,39,0,244,0,10,47,14,71,77,138,86,14,315,36,8,44,359
06/16/2006,ALB,NY,AEA,EN,Combined TRACON& Tower with Radar,77,121,27,1,226,0,13,89,10,112,77,134,116,11,338,36,8,44,382
06/17/2006,ALB,NY,AEA,EN,Combined TRACON& Tower with Radar,65,81,30,0,176,0,9,45,3,57,65,90,75,3,233,30,0,30,263
06/18/2006,ALB,NY,AEA,EN,Combined TRACON& Tower with Radar,66,74,26,0,166,0,10,87,2,99,66,84,113,2,265,56,0,56,321
06/19/2006,ALB,NY,AEA,EN,Combined TRACON& Tower with Radar,78,105,33,0,216,0,1,43,2,46,78,106,76,2,262,45,14,59,321
06/20/2006,ALB,NY,AEA,EN,Combined TRACON& Tower with Radar,84,134,47,26,291,0,11,31,12,54,84,145,78,38,345,28,20,48,393
06/21/2006,ALB,NY,AEA,EN,Combined TRACON& Tower with Radar,76,119,46,6,247,0,7,146,16,169,76,126,192,22,416,44,7,51,467
06/22/2006,ALB,NY,AEA,EN,Combined TRACON& Tower with Radar,74,123,49,0,246,0,32,99,25,156,74,155,148,25,402,46,1,47,449
06/23/2006,ALB,NY,AEA,EN,Combined TRACON& Tower with Radar,81,124,37,3,245,0,3,39,4,46,81,127,76,7,291,59,0,59,350
06/24/2006,ALB,NY,AEA,EN,Combined TRACON& Tower with Radar,68,68,24,0,160,0,6,48,1,55,68,74,72,1,215,31,6,37,252
06/25/2006,ALB,NY,AEA,EN,Combined TRACON& Tower with Radar,62,73,23,0,158,0,16,47,6,69,62,89,70,6,227,0,0,0,227
06/26/2006,ALB,NY,AEA,EN,Combined TRACON& Tower with Radar,70,106,46,0,222,0,0,0,0,0,70,106,46,0,222,23,0,23,245
06/27/2006,ALB,NY,AEA,EN,Combined TRACON& Tower with Radar,74,123,38,1,236,0,7,22,13,42,74,130,60,14,278,56,20,76,354
06/28/2006,ALB,NY,AEA,EN,Combined TRACON& Tower with Radar,84,137,38,0,259,0,5,51,6,62,84,142,89,6,321,58,14,72,393
06/29/2006,ALB,NY,AEA,EN,Combined TRACON& Tower with Radar,81,131,64,5,281,0,5,69,23,97,81,136,133,28,378,67,17,84,462
06/30/2006,ALB,NY,AEA,EN,Combined TRACON& Tower with Radar,79,140,26,3,248,0,2,36,20,58,79,142,62,23,306,41,30,71,377
07/01/2006,ALB,NY,AEA,EN,Combined TRACON& Tower with Radar,68,72,12,0,152,0,28,72,12,112,68,100,84,12,264,75,10,85,349
07/02/2006,ALB,NY,AEA,EN,Combined TRACON& Tower with Radar,67,70,8,0,145,0,14,45,7,66,67,84,53,7,211,86,9,95,306
07/03/2006,ALB,NY,AEA,EN,Combined TRACON& Tower with Radar,64,83,7,0,154,0,11,54,5,70,64,94,61,5,224,30,0,30,254
07/04/2006,ALB,NY,AEA,EN,Combined TRACON& Tower with Radar,71,88,13,0,172,0,4,30,13,47,71,92,43,13,219,43,3,46,265
07/05/2006,ALB,NY,AEA,EN,Combined TRACON& Tower with Radar,74,100,26,2,202,0,3,65,10,78,74,103,91,12,280,37,6,43,323
07/06/2006,ALB,NY,AEA,EN,Combined TRACON& Tower with Radar,77,133,31,1,242,0,12,77,7,96,77,145,108,8,338,54,10,64,402
07/07/2006,ALB,NY,AEA,EN,Combined TRACON& Tower with Radar,79,123,30,5,237,0,17,95,10,122,79,140,125,15,359,34,20,54,413
07/08/2006,ALB,NY,AEA,EN,Combined TRACON& Tower with Radar,66,70,14,1,151,0,5,118,1,124,66,75,132,2,275,102,7,109,384
07/09/2006,ALB,NY,AEA,EN,Combined TRACON& Tower with Radar,66,71,21,0,158,0,12,72,0,84,66,83,93,0,242,37,2,39,281
07/10/2006,ALB,NY,AEA,EN,Combined TRACON& Tower with Radar,69,105,28,0,202,0,9,33,0,42,69,114,61,0,244,50,0,50,294
07/11/2006,ALB,NY,AEA,EN,Combined TRACON& Tower with Radar,83,130,30,12,255,0,6,42,6,54,83,136,72,18,309,39,25,64,373
07/12/2006,ALB,NY,AEA,EN,Combined TRACON& Tower with Radar,86,127,34,4,251,0,3,8,2,13,86,130,42,6,264,27,5,32,296
07/13/2006,ALB,NY,AEA,EN,Combined TRACON& Tower with Radar,83,124,45,10,262,0,9,25,13,47,83,133,70,23,309,25,8,33,342
07/14/2006,ALB,NY,AEA,EN,Combined TRACON& Tower with Radar,75,132,45,1,253,0,11,132,13,156,75,143,177,14,409,72,7,79,488
07/15/2006,ALB,NY,AEA,EN,Combined TRACON& Tower with Radar,65,83,14,4,166,0,9,34,3,46,65,92,48,7,212,40,2,42,254
07/16/2006,ALB,NY,AEA,EN,Combined TRACON& Tower with Radar,64,83,26,0,173,0,11,48,3,62,64,94,74,3,235,35,3,38,273
07/17/2006,ALB,NY,AEA,EN,Combined TRACON& Tower with Radar,70,103,33,21,227,0,17,63,2,82,70,120,96,23,309,33,32,65,374
07/18/2006,ALB,NY,AEA,EN,Combined TRACON& Tower with Radar,77,121,34,13,245,0,5,51,5,61,77,126,85,18,306,16,26,42,348
07/19/2006,ALB,NY,AEA,EN,Combined TRACON& Tower with Radar,97,125,38,7,267,0,9,83,4,96,97,134,121,11,363,55,4,59,422
07/20/2006,ALB,NY,AEA,EN,Combined TRACON& Tower with Radar,77,119,28,6,230,0,23,96,10,129,77,142,124,16,359,35,8,43,402
07/21/2006,ALB,NY,AEA,EN,Combined TRACON& Tower with Radar,86,135,50,0,271,0,2,31,3,36,86,137,81,3,307,35,1,36,343
07/22/2006,ALB,NY,AEA,EN,Combined TRACON& Tower with Radar,69,116,27,0,212,0,0,31,1,32,69,116,58,1,244,42,0,42,286
07/23/2006,ALB,NY,AEA,EN,Combined TRACON& Tower with Radar,67,83,43,0,193,0,1,90,1,92,67,84,133,1,285,28,11,39,324
07/24/2006,ALB,NY,AEA,EN,Combined TRACON& Tower with Radar,70,101,21,0,192,0,6,108,2,116,70,107,129,2,308,36,0,36,344
07/25/2006,ALB,NY,AEA,EN,Combined TRACON& Tower with Radar,78,121,31,2,232,0,12,54,6,72,78,133,85,8,304,62,4,66,370
07/26/2006,ALB,NY,AEA,EN,Combined TRACON& Tower with Radar,77,134,41,1,253,0,13,58,12,83,77,147,99,13,336,35,8,43,379
07/27/2006,ALB,NY,AEA,EN,Combined TRACON& Tower with Radar,72,119,41,0,232,0,7,43,10,60,72,126,84,10,292,11,0,11,303
07/28/2006,ALB,NY,AEA,EN,Combined TRACON& Tower with Radar,80,134,37,2,253,0,17,29,4,50,80,151,66,6,303,32,7,39,342
07/29/2006,ALB,NY,AEA,EN,Combined TRACON& Tower with Radar,65,95,25,0,185,0,0,46,0,46,65,95,71,0,231,19,0,19,250
07/30/2006,ALB,NY,AEA,EN,Combined TRACON& Tower with Radar,64,83,42,0,189,0,1,95,2,98,64,84,137,2,287,84,2,86,373
07/31/2006,ALB,NY,AEA,EN,Combined TRACON& Tower with Radar,67,112,47,0,226,0,12,63,12,87,67,124,110,12,313,24,0,24,337
08/01/2006,ALB,NY,AEA,EN,Combined TRACON& Tower with Radar,79,128,31,7,245,0,5,35,6,46,79,133,66,13,291,23,12,35,326
08/02/2006,ALB,NY,AEA,EN,Combined TRACON& Tower with Radar,82,139,36,8,265,0,15,49,9,73,82,154,85,17,338,35,4,39,377
08/03/2006,ALB,NY,AEA,EN,Combined TRACON& Tower with Radar,78,131,41,13,263,0,15,53,10,78,78,146,94,23,341,45,13,58,399
08/04/2006,ALB,NY,AEA,EN,Combined TRACON& Tower with Radar,80,130,70,0,280,0,6,60,10,76,80,136,130,10,356,18,2,20,376
08/05/2006,ALB,NY,AEA,EN,Combined TRACON& Tower with Radar,65,84,16,1,166,0,12,69,16,97,65,96,85,17,263,34,14,48,311
08/06/2006,ALB,NY,AEA,EN,Combined TRACON& Tower with Radar,63,82,30,2,177,0,13,80,11,104,63,95,110,13,281,41,9,50,331
08/07/2006,ALB,NY,AEA,EN,Combined TRACON& Tower with Radar,67,120,27,0,214,0,6,25,1,32,67,126,52,1,246,49,7,56,302
08/08/2006,ALB,NY,AEA,EN,Combined TRACON& Tower with Radar,80,120,48,25,273,0,24,130,2,156,80,144,178,27,429,47,14,61,490
08/09/2006,ALB,NY,AEA,EN,Combined TRACON& Tower with Radar,76,132,30,4,242,0,13,104,1,118,76,145,134,5,360,48,0,48,408
08/10/2006,ALB,NY,AEA,EN,Combined TRACON& Tower with Radar,76,128,40,2,246,0,3,58,9,70,76,131,98,11,316,66,6,72,388
08/11/2006,ALB,NY,AEA,EN,Combined TRACON& Tower with Radar,78,140,36,5,259,0,14,62,17,93,78,154,98,22,352,43,8,51,403
08/12/2006,ALB,NY,AEA,EN,Combined TRACON& Tower with Radar,67,89,13,0,169,0,6,59,4,69,67,95,72,4,238,46,4,50,288
08/13/2006,ALB,NY,AEA,EN,Combined TRACON& Tower with Radar,67,85,24,0,176,0,21,65,2,88,67,106,89,2,264,44,0,44,308
08/14/2006,ALB,NY,AEA,EN,Combined TRACON& Tower with Radar,66,121,47,12,246,0,11,61,4,76,66,132,108,16,322,47,16,63,385
08/15/2006,ALB,NY,AEA,EN,Combined TRACON& Tower with Radar,74,128,25,13,240,0,16,66,11,93,74,144,91,24,333,54,35,89,422
08/16/2006,ALB,NY,AEA,EN,Combined TRACON& Tower with Radar,73,140,38,8,259,0,9,54,5,68,73,149,92,13,327,56,17,73,400
08/17/2006,ALB,NY,AEA,EN,Combined TRACON& Tower with Radar,76,132,44,13,265,0,9,111,9,129,76,141,155,22,394,52,16,68,462
08/18/2006,ALB,NY,AEA,EN,Combined TRACON& Tower with Radar,74,137,35,0,246,0,9,85,0,94,74,146,120,0,340,20,0,20,360
08/19/2006,ALB,NY,AEA,EN,Combined TRACON& Tower with Radar,71,84,33,4,192,0,12,30,2,44,71,96,63,6,236,15,0,15,251
08/20/2006,ALB,NY,AEA,EN,Combined TRACON& Tower with Radar,64,79,40,14,197,0,3,15,1,19,64,82,55,15,216,11,6,17,233
08/21/2006,ALB,NY,AEA,EN,Combined TRACON& Tower with Radar,65,124,36,0,225,0,8,72,15,95,65,132,108,15,320,56,6,62,382
08/22/2006,ALB,NY,AEA,EN,Combined TRACON& Tower with Radar,73,138,27,7,245,0,11,69,4,84,73,149,96,11,329,47,18,65,394
08/23/2006,ALB,NY,AEA,EN,Combined TRACON& Tower with Radar,78,129,34,4,245,0,15,110,7,132,78,144,144,11,377,87,0,87,464
08/24/2006,ALB,NY,AEA,EN,Combined TRACON& Tower with Radar,71,130,44,2,247,0,15,67,3,85,71,145,111,5,332,30,5,35,367
08/25/2006,ALB,NY,AEA,EN,Combined TRACON& Tower with Radar,76,139,53,2,270,0,5,50,4,59,76,144,103,6,329,27,0,27,356
08/26/2006,ALB,NY,AEA,EN,Combined TRACON& Tower with Radar,69,81,45,0,195,0,12,18,6,36,69,93,63,6,231,37,0,37,268
08/27/2006,ALB,NY,AEA,EN,Combined TRACON& Tower with Radar,62,79,21,0,162,0,0,4,1,5,62,79,25,1,167,6,0,6,173
08/28/2006,ALB,NY,AEA,EN,Combined TRACON& Tower with Radar,70,122,54,7,253,0,4,16,8,28,70,126,70,15,281,24,0,24,305
08/29/2006,ALB,NY,AEA,EN,Combined TRACON& Tower with Radar,73,135,74,0,282,0,0,0,0,0,73,135,74,0,282,26,2,28,310
08/30/2006,ALB,NY,AEA,EN,Combined TRACON& Tower with Radar,76,138,55,10,279,0,1,77,1,79,76,139,132,11,358,39,22,61,419
08/31/2006,ALB,NY,AEA,EN,Combined TRACON& Tower with Radar,73,136,37,2,248,0,14,135,5,154,73,150,172,7,402,24,7,31,433
09/01/2006,ALB,NY,AEA,EN,Combined TRACON& Tower with Radar,75,134,34,0,243,0,12,60,0,72,75,146,94,0,315,8,0,8,323
09/02/2006,ALB,NY,AEA,EN,Combined TRACON& Tower with Radar,66,82,21,0,169,0,7,12,0,19,66,89,33,0,188,19,0,19,207
09/03/2006,ALB,NY,AEA,EN,Combined TRACON& Tower with Radar,51,85,29,0,165,0,0,6,2,8,51,85,35,2,173,12,0,12,185
09/04/2006,ALB,NY,AEA,EN,Combined TRACON& Tower with Radar,59,86,44,0,189,0,3,33,1,37,59,89,77,1,226,5,0,5,231
09/05/2006,ALB,NY,AEA,EN,Combined TRACON& Tower with Radar,68,114,30,1,213,0,7,32,4,43,68,121,62,5,256,8,0,8,264
09/06/2006,ALB,NY,AEA,EN,Combined TRACON& Tower with Radar,83,122,29,14,248,0,5,31,7,43,83,127,60,21,291,17,8,25,316
09/07/2006,ALB,NY,AEA,EN,Combined TRACON& Tower with Radar,78,130,28,13,249,0,11,59,11,81,78,141,87,24,330,24,22,46,376
09/08/2006,ALB,NY,AEA,EN,Combined TRACON& Tower with Radar,77,127,28,5,237,0,1,77,9,87,77,128,105,14,324,32,5,37,361
09/09/2006,ALB,NY,AEA,EN,Combined TRACON& Tower with Radar,71,79,34,4,188,0,7,64,6,77,71,86,98,10,265,14,0,14,279
09/10/2006,ALB,NY,AEA,EN,Combined TRACON& Tower with Radar,64,68,38,2,172,0,3,101,6,110,64,71,139,8,282,54,1,55,337
09/11/2006,ALB,NY,AEA,EN,Combined TRACON& Tower with Radar,69,109,25,15,218,0,11,85,0,96,69,120,110,15,314,72,28,100,414
09/12/2006,ALB,NY,AEA,EN,Combined TRACON& Tower with Radar,78,116,33,20,247,0,12,97,4,113,78,128,130,24,360,48,13,61,421
09/13/2006,ALB,NY,AEA,EN,Combined TRACON& Tower with Radar,77,119,43,47,286,0,4,26,15,45,77,123,69,62,331,49,61,110,441
09/14/2006,ALB,NY,AEA,EN,Combined TRACON& Tower with Radar,76,134,33,20,263,0,1,11,12,24,76,135,44,32,287,12,1,13,300
09/15/2006,ALB,NY,AEA,EN,Combined TRACON& Tower with Radar,78,127,26,0,231,0,0,14,0,14,78,127,40,0,245,28,8,36,281
09/16/2006,ALB,NY,AEA,EN,Combined TRACON& Tower with Radar,73,81,34,3,191,0,1,16,5,22,73,82,50,8,213,15,2,17,230
09/17/2006,ALB,NY,AEA,EN,Combined TRACON& Tower with Radar,61,69,23,2,155,0,7,60,0,67,61,76,83,2,222,34,0,34,256
09/18/2006,ALB,NY,AEA,EN,Combined TRACON& Tower with Radar,70,117,35,34,256,0,2,56,10,68,70,119,91,44,324,45,28,73,397
09/19/2006,ALB,NY,AEA,EN,Combined TRACON& Tower with Radar,76,124,31,2,233,0,4,6,8,18,76,128,37,10,251,2,0,2,253
09/20/2006,ALB,NY,AEA,EN,Combined TRACON& Tower with Radar,80,133,60,11,284,0,3,67,10,80,80,136,127,21,364,47,2,49,413
09/21/2006,ALB,NY,AEA,EN,Combined TRACON& Tower with Radar,78,127,35,2,242,0,3,101,8,112,78,130,136,10,354,42,0,42,396
09/22/2006,ALB,NY,AEA,EN,Combined TRACON& Tower with Radar,76,139,42,2,259,0,3,51,3,57,76,142,93,5,316,53,3,56,372
09/23/2006,ALB,NY,AEA,EN,Combined TRACON& Tower with Radar,73,75,45,0,193,0,5,14,0,19,73,80,59,0,212,30,0,30,242
09/24/2006,ALB,NY,AEA,EN,Combined TRACON& Tower with Radar,65,81,39,0,185,0,9,14,1,24,65,90,53,1,209,17,2,19,228
09/25/2006,ALB,NY,AEA,EN,Combined TRACON& Tower with Radar,73,103,37,0,213,0,10,57,3,70,73,113,94,3,283,64,10,74,357
09/26/2006,ALB,NY,AEA,EN,Combined TRACON& Tower with Radar,77,127,26,2,232,0,14,73,6,93,77,141,99,8,325,64,26,90,415
09/27/2006,ALB,NY,AEA,EN,Combined TRACON& Tower with Radar,81,122,33,5,241,0,9,55,4,68,81,131,88,9,309,22,34,56,365
09/28/2006,ALB,NY,AEA,EN,Combined TRACON& Tower with Radar,72,123,37,24,256,0,9,46,10,65,72,132,83,34,321,12,3,15,336
09/29/2006,ALB,NY,AEA,EN,Combined TRACON& Tower with Radar,83,132,30,0,245,0,3,20,0,23,83,135,50,0,268,27,0,27,295
09/30/2006,ALB,NY,AEA,EN,Combined TRACON& Tower with Radar,73,79,24,0,176,0,16,82,4,102,73,95,106,4,278,47,0,47,325
10/01/2006,ALB,NY,AEA,EN,Combined TRACON& Tower with Radar,61,77,23,0,161,3,2,1,1,7,64,79,24,1,168,10,0,10,178
10/02/2006,ALB,NY,AEA,EN,Combined TRACON& Tower with Radar,66,104,30,2,202,0,11,56,8,75,66,115,86,10,277,25,11,36,313
10/03/2006,ALB,NY,AEA,EN,Combined TRACON& Tower with Radar,78,125,37,4,244,0,2,65,10,77,78,127,102,14,321,40,27,67,388
10/04/2006,ALB,NY,AEA,EN,Combined TRACON& Tower with Radar,76,111,42,28,257,0,6,23,10,39,76,117,65,38,296,41,42,83,379
10/05/2006,ALB,NY,AEA,EN,Combined TRACON& Tower with Radar,83,133,23,22,261,0,11,52,15,78,83,144,75,37,339,20,21,41,380
10/06/2006,ALB,NY,AEA,EN,Combined TRACON& Tower with Radar,78,135,45,1,259,0,8,99,14,121,78,143,144,15,380,90,24,114,494
10/07/2006,ALB,NY,AEA,EN,Combined TRACON& Tower with Radar,74,74,22,0,170,0,9,146,8,163,74,83,168,8,333,52,0,52,385
10/08/2006,ALB,NY,AEA,EN,Combined TRACON& Tower with Radar,68,81,31,0,180,0,15,111,1,127,68,96,142,1,307,78,0,78,385
10/09/2006,ALB,NY,AEA,EN,Combined TRACON& Tower with Radar,72,102,21,0,195,0,13,90,2,105,72,115,111,2,300,68,1,69,369
10/10/2006,ALB,NY,AEA,EN,Combined TRACON& Tower with Radar,81,109,20,0,210,0,19,66,9,94,81,128,86,9,304,28,2,30,334
10/11/2006,ALB,NY,AEA,EN,Combined TRACON& Tower with Radar,82,119,32,0,233,0,10,60,16,86,82,129,92,16,319,31,2,33,352
10/12/2006,ALB,NY,AEA,EN,Combined TRACON& Tower with Radar,83,130,50,15,278,0,4,33,2,39,83,134,83,17,317,23,0,23,340
10/13/2006,ALB,NY,AEA,EN,Combined TRACON& Tower with Radar,77,113,26,3,219,0,19,100,17,136,77,132,126,20,355,45,0,45,400
10/14/2006,ALB,NY,AEA,EN,Combined TRACON& Tower with Radar,71,85,26,0,182,0,9,77,29,115,71,94,103,29,297,40,5,45,342
10/15/2006,ALB,NY,AEA,EN,Combined TRACON& Tower with Radar,62,76,30,0,168,0,14,95,5,114,62,90,125,5,282,48,2,50,332
10/16/2006,ALB,NY,AEA,EN,Combined TRACON& Tower with Radar,71,108,25,12,216,0,2,63,8,73,71,110,88,20,289,27,53,80,369
10/17/2006,ALB,NY,AEA,EN,Combined TRACON& Tower with Radar,75,123,28,25,251,0,3,23,0,26,75,126,51,25,277,14,0,14,291
10/18/2006,ALB,NY,AEA,EN,Combined TRACON& Tower with Radar,80,129,51,0,260,0,1,25,8,34,80,130,76,8,294,24,6,30,324
10/19/2006,ALB,NY,AEA,EN,Combined TRACON& Tower with Radar,80,136,39,1,256,0,6,68,18,92,80,142,107,19,348,46,9,55,403
10/20/2006,ALB,NY,AEA,EN,Combined TRACON& Tower with Radar,78,131,21,0,230,0,6,18,1,25,78,137,39,1,255,13,0,13,268
10/21/2006,ALB,NY,AEA,EN,Combined TRACON& Tower with Radar,73,76,27,0,176,0,8,43,0,51,73,84,70,0,227,29,0,29,256
10/22/2006,ALB,NY,AEA,EN,Combined TRACON& Tower with Radar,65,77,23,0,165,0,6,44,0,50,65,83,67,0,215,18,0,18,233
10/23/2006,ALB,NY,AEA,EN,Combined TRACON& Tower with Radar,71,110,36,1,218,0,9,20,4,33,71,119,56,5,251,0,0,0,251
10/24/2006,ALB,NY,AEA,EN,Combined TRACON& Tower with Radar,78,121,49,0,248,0,5,30,12,47,78,126,79,12,295,22,10,32,327
10/25/2006,ALB,NY,AEA,EN,Combined TRACON& Tower with Radar,80,125,43,0,248,0,4,31,10,45,80,129,74,10,293,33,18,51,344
10/26/2006,ALB,NY,AEA,EN,Combined TRACON& Tower with Radar,81,131,28,6,246,0,4,80,7,91,81,135,108,13,337,37,34,71,408
10/27/2006,ALB,NY,AEA,EN,Combined TRACON& Tower with Radar,81,132,37,1,251,0,8,114,8,130,81,140,151,9,381,68,0,68,449
10/28/2006,ALB,NY,AEA,EN,Combined TRACON& Tower with Radar,72,88,8,3,171,0,1,2,0,3,72,89,10,3,174,4,2,6,180
10/29/2006,ALB,NY,AEA,EN,Combined TRACON& Tower with Radar,65,72,10,0,147,0,2,8,0,10,65,74,18,0,157,0,0,0,157
10/30/2006,ALB,NY,AEA,EN,Combined TRACON& Tower with Radar,74,108,17,0,199,0,3,50,5,58,74,111,67,5,257,13,13,26,283
10/31/2006,ALB,NY,AEA,EN,Combined TRACON& Tower with Radar,76,122,19,1,218,0,11,96,7,114,76,133,115,8,332,67,4,71,403
11/01/2006,ALB,NY,AEA,EN,Combined TRACON& Tower with Radar,75,131,29,0,235,0,13,108,0,121,75,144,137,0,356,102,12,114,470
11/02/2006,ALB,NY,AEA,EN,Combined TRACON& Tower with Radar,74,138,26,1,239,0,6,30,8,44,74,144,56,9,283,52,12,64,347
11/03/2006,ALB,NY,AEA,EN,Combined TRACON& Tower with Radar,73,142,39,0,254,0,5,55,2,62,73,147,94,2,316,13,6,19,335
11/04/2006,ALB,NY,AEA,EN,Combined TRACON& Tower with Radar,68,79,14,6,167,0,6,112,12,130,68,85,126,18,297,72,7,79,376
11/05/2006,ALB,NY,AEA,EN,Combined TRACON& Tower with Radar,57,79,6,4,146,1,10,112,27,150,58,89,118,31,296,64,0,64,360
11/06/2006,ALB,NY,AEA,EN,Combined TRACON& Tower with Radar,63,122,26,0,211,0,16,64,3,83,63,138,90,3,294,53,3,56,350
11/07/2006,ALB,NY,AEA,EN,Combined TRACON& Tower with Radar,71,140,24,0,235,0,9,109,19,137,71,149,133,19,372,76,20,96,468
11/08/2006,ALB,NY,AEA,EN,Combined TRACON& Tower with Radar,74,124,25,0,223,0,0,1,0,1,74,124,26,0,224,20,0,20,244
11/09/2006,ALB,NY,AEA,EN,Combined TRACON& Tower with Radar,75,136,51,0,262,0,2,62,4,68,75,138,113,4,330,14,0,14,344
11/10/2006,ALB,NY,AEA,EN,Combined TRACON& Tower with Radar,69,135,26,0,230,0,7,90,9,106,69,142,116,9,336,34,0,34,370
11/11/2006,ALB,NY,AEA,EN,Combined TRACON& Tower with Radar,67,78,18,0,163,0,10,96,14,120,67,88,114,14,283,26,1,27,310
11/12/2006,ALB,NY,AEA,EN,Combined TRACON& Tower with Radar,57,75,14,0,146,0,0,9,0,9,57,75,23,0,155,4,0,4,159
11/13/2006,ALB,NY,AEA,EN,Combined TRACON& Tower with Radar,65,109,26,18,218,0,8,10,3,21,65,117,36,21,239,18,12,30,269
11/14/2006,ALB,NY,AEA,EN,Combined TRACON& Tower with Radar,74,142,41,6,263,0,0,0,16,16,74,142,41,22,279,0,6,6,285
11/15/2006,ALB,NY,AEA,EN,Combined TRACON& Tower with Radar,76,134,38,2,250,0,0,3,32,35,76,134,41,34,285,13,26,39,324
11/16/2006,ALB,NY,AEA,EN,Combined TRACON& Tower with Radar,79,138,39,2,258,0,1,10,19,30,79,139,49,21,288,39,7,46,334
11/17/2006,ALB,NY,AEA,EN,Combined TRACON& Tower with Radar,74,142,33,1,250,0,4,54,8,66,74,146,87,9,316,58,15,73,389
11/18/2006,ALB,NY,AEA,EN,Combined TRACON& Tower with Radar,68,87,22,0,177,0,31,132,2,165,68,118,154,2,342,84,0,84,426
11/19/2006,ALB,NY,AEA,EN,Combined TRACON& Tower with Radar,58,74,18,0,150,0,43,103,4,150,58,117,121,4,300,106,0,106,406
11/20/2006,ALB,NY,AEA,EN,Combined TRACON& Tower with Radar,64,110,26,0,200,0,9,34,4,47,64,119,60,4,247,50,0,50,297
11/21/2006,ALB,NY,AEA,EN,Combined TRACON& Tower with Radar,75,138,30,1,244,0,4,113,6,123,75,142,143,7,367,21,3,24,391
11/22/2006,ALB,NY,AEA,EN,Combined TRACON& Tower with Radar,76,130,31,6,243,0,14,78,11,103,76,144,109,17,346,46,10,56,402
11/23/2006,ALB,NY,AEA,EN,Combined TRACON& Tower with Radar,60,90,16,0,166,0,10,7,0,17,60,100,23,0,183,10,0,10,193
11/24/2006,ALB,NY,AEA,EN,Combined TRACON& Tower with Radar,53,78,30,0,161,0,20,90,1,111,53,98,120,1,272,26,2,28,300
11/25/2006,ALB,NY,AEA,EN,Combined TRACON& Tower with Radar,65,80,15,0,160,0,3,149,5,157,65,83,164,5,317,60,0,60,377
11/26/2006,ALB,NY,AEA,EN,Combined TRACON& Tower with Radar,64,82,45,0,191,0,13,99,0,112,64,95,144,0,303,91,0,91,394
11/27/2006,ALB,NY,AEA,EN,Combined TRACON& Tower with Radar,68,123,17,0,208,0,12,63,5,80,68,135,80,5,288,45,0,45,333
11/28/2006,ALB,NY,AEA,EN,Combined TRACON& Tower with Radar,76,135,41,32,284,0,8,42,19,69,76,143,83,51,353,76,38,114,467
11/29/2006,ALB,NY,AEA,EN,Combined TRACON& Tower with Radar,82,141,36,4,263,0,20,10,4,34,82,161,46,8,297,12,5,17,314
11/30/2006,ALB,NY,AEA,EN,Combined TRACON& Tower with Radar,78,128,44,14,264,0,4,13,0,17,78,132,57,14,281,23,14,37,318
12/01/2006,ALB,NY,AEA,EN,Combined TRACON& Tower with Radar,66,121,17,16,220,0,1,1,0,2,66,122,18,16,222,0,0,0,222
12/02/2006,ALB,NY,AEA,EN,Combined TRACON& Tower with Radar,67,86,12,4,169,0,0,12,0,12,67,86,24,4,181,0,0,0,181
12/03/2006,ALB,NY,AEA,EN,Combined TRACON& Tower with Radar,55,79,16,0,150,0,0,61,0,61,55,79,77,0,211,0,0,0,211
12/04/2006,ALB,NY,AEA,EN,Combined TRACON& Tower with Radar,65,121,38,2,226,0,2,22,5,29,65,123,60,7,255,0,0,0,255
12/05/2006,ALB,NY,AEA,EN,Combined TRACON& Tower with Radar,74,148,37,5,264,0,1,33,8,42,74,149,70,13,306,0,0,0,306
12/06/2006,ALB,NY,AEA,EN,Combined TRACON& Tower with Radar,79,128,23,3,233,0,3,30,27,60,79,131,53,30,293,0,0,0,293
12/07/2006,ALB,NY,AEA,EN,Combined TRACON& Tower with Radar,73,135,33,5,246,0,1,27,13,41,73,136,60,18,287,0,0,0,287
12/08/2006,ALB,NY,AEA,EN,Combined TRACON& Tower with Radar,75,157,28,2,262,0,4,25,12,41,75,161,53,14,303,0,0,0,303
12/09/2006,ALB,NY,AEA,EN,Combined TRACON& Tower with Radar,69,77,11,1,158,0,4,34,8,46,69,81,45,9,204,0,0,0,204
12/10/2006,ALB,NY,AEA,EN,Combined TRACON& Tower with Radar,55,86,16,1,158,0,1,83,3,87,55,87,99,4,245,0,0,0,245
12/11/2006,ALB,NY,AEA,EN,Combined TRACON& Tower with Radar,68,121,17,6,212,0,0,28,5,33,68,121,45,11,245,0,0,0,245
12/12/2006,ALB,NY,AEA,EN,Combined TRACON& Tower with Radar,74,137,40,5,256,0,0,34,7,41,74,137,74,12,297,0,0,0,297
12/13/2006,ALB,NY,AEA,EN,Combined TRACON& Tower with Radar,76,130,21,7,234,0,0,3,0,3,76,130,24,7,237,0,0,0,237
12/14/2006,ALB,NY,AEA,EN,Combined TRACON& Tower with Radar,65,126,24,1,216,0,0,31,18,49,65,126,55,19,265,0,0,0,265
12/15/2006,ALB,NY,AEA,EN,Combined TRACON& Tower with Radar,75,134,16,4,229,0,2,14,2,18,75,136,30,6,247,0,0,0,247
12/16/2006,ALB,NY,AEA,EN,Combined TRACON& Tower with Radar,70,90,26,0,186,0,1,31,0,32,70,91,57,0,218,0,0,0,218
12/17/2006,ALB,NY,AEA,EN,Combined TRACON& Tower with Radar,61,73,11,0,145,0,0,45,0,45,61,73,56,0,190,0,0,0,190
12/18/2006,ALB,NY,AEA,EN,Combined TRACON& Tower with Radar,62,115,31,2,210,0,2,29,0,31,62,117,60,2,241,0,0,0,241
12/19/2006,ALB,NY,AEA,EN,Combined TRACON& Tower with Radar,78,135,36,15,264,0,5,30,14,49,78,140,66,29,313,0,0,0,313
12/20/2006,ALB,NY,AEA,EN,Combined TRACON& Tower with Radar,81,132,20,21,254,0,8,71,13,92,81,140,91,34,346,0,0,0,346
12/21/2006,ALB,NY,AEA,EN,Combined TRACON& Tower with Radar,76,143,24,6,249,0,3,50,3,56,76,146,74,9,305,0,0,0,305
12/22/2006,ALB,NY,AEA,EN,Combined TRACON& Tower with Radar,80,140,25,0,245,0,1,28,2,31,80,141,53,2,276,0,0,0,276
12/23/2006,ALB,NY,AEA,EN,Combined TRACON& Tower with Radar,71,98,19,0,188,0,0,4,0,4,71,98,23,0,192,0,0,0,192
12/24/2006,ALB,NY,AEA,EN,Combined TRACON& Tower with Radar,58,70,10,0,138,0,0,15,1,16,58,70,25,1,154,0,0,0,154
12/25/2006,ALB,NY,AEA,EN,Combined TRACON& Tower with Radar,53,72,3,1,129,0,0,16,1,17,53,72,19,2,146,0,0,0,146
12/26/2006,ALB,NY,AEA,EN,Combined TRACON& Tower with Radar,64,112,12,0,188,0,0,0,0,0,64,112,12,0,188,0,0,0,188
12/27/2006,ALB,NY,AEA,EN,Combined TRACON& Tower with Radar,74,122,18,4,218,0,0,19,4,23,74,122,37,8,241,0,0,0,241
12/28/2006,ALB,NY,AEA,EN,Combined TRACON& Tower with Radar,75,130,19,6,230,0,0,39,8,47,75,130,58,14,277,0,0,0,277
12/29/2006,ALB,NY,AEA,EN,Combined TRACON& Tower with Radar,74,137,14,2,227,0,4,36,3,43,74,141,50,5,270,0,0,0,270
12/30/2006,ALB,NY,AEA,EN,Combined TRACON& Tower with Radar,70,80,15,0,165,0,0,7,4,11,70,80,22,4,176,0,0,0,176
12/31/2006,ALB,NY,AEA,EN,Combined TRACON& Tower with Radar,55,65,12,0,132,0,0,57,2,59,55,65,69,2,191,0,0,0,191
01/01/2007,ALB,NY,AEA,EN,Combined TRACON& Tower with Radar,47,89,12,1,149,0,0,0,0,0,47,89,12,1,149,0,0,0,149
01/02/2007,ALB,NY,AEA,EN,Combined TRACON& Tower with Radar,69,109,5,0,183,0,2,13,4,19,69,111,18,4,202,0,0,0,202
01/03/2007,ALB,NY,AEA,EN,Combined TRACON& Tower with Radar,76,126,33,10,245,0,1,51,7,59,76,127,84,17,304,0,0,0,304
01/04/2007,ALB,NY,AEA,EN,Combined TRACON& Tower with Radar,73,127,26,5,231,0,4,40,11,55,73,131,66,16,286,0,0,0,286
01/05/2007,ALB,NY,AEA,EN,Combined TRACON& Tower with Radar,71,123,31,0,225,0,2,7,4,13,71,125,38,4,238,0,0,0,238
01/06/2007,ALB,NY,AEA,EN,Combined TRACON& Tower with Radar,70,84,23,0,177,0,0,19,4,23,70,84,42,4,200,0,0,0,200
01/07/2007,ALB,NY,AEA,EN,Combined TRACON& Tower with Radar,58,87,12,5,162,0,0,58,7,65,58,87,70,12,227,0,0,0,227
01/08/2007,ALB,NY,AEA,EN,Combined TRACON& Tower with Radar,64,119,12,8,203,0,0,12,6,18,64,119,24,14,221,0,0,0,221
01/09/2007,ALB,NY,AEA,EN,Combined TRACON& Tower with Radar,70,127,21,7,225,0,2,26,23,51,70,129,47,30,276,0,0,0,276
01/10/2007,ALB,NY,AEA,EN,Combined TRACON& Tower with Radar,76,126,26,5,233,0,0,27,13,40,76,126,53,18,273,0,0,0,273
01/11/2007,ALB,NY,AEA,EN,Combined TRACON& Tower with Radar,74,133,21,2,230,0,2,57,13,72,74,135,78,15,302,0,0,0,302
01/12/2007,ALB,NY,AEA,EN,Combined TRACON& Tower with Radar,70,132,12,2,216,0,1,13,1,15,70,133,25,3,231,0,0,0,231
01/13/2007,ALB,NY,AEA,EN,Combined TRACON& Tower with Radar,68,77,12,0,157,0,0,2,0,2,68,77,14,0,159,0,0,0,159
01/14/2007,ALB,NY,AEA,EN,Combined TRACON& Tower with Radar,56,59,8,0,123,0,0,0,1,1,56,59,8,1,124,0,0,0,124
01/15/2007,ALB,NY,AEA,EN,Combined TRACON& Tower with Radar,65,87,6,0,158,0,0,0,0,0,65,87,6,0,158,0,0,0,158
01/16/2007,ALB,NY,AEA,EN,Combined TRACON& Tower with Radar,74,131,19,0,224,0,0,5,0,5,74,131,24,0,229,2,0,2,231
01/17/2007,ALB,NY,AEA,EN,Combined TRACON& Tower with Radar,74,132,26,4,236,0,3,25,10,38,74,135,51,14,274,0,0,0,274
01/18/2007,ALB,NY,AEA,EN,Combined TRACON& Tower with Radar,72,128,31,2,233,0,2,32,5,39,72,130,63,7,272,0,0,0,272
01/19/2007,ALB,NY,AEA,EN,Combined TRACON& Tower with Radar,72,139,21,1,233,0,0,6,0,6,72,139,27,1,239,0,0,0,239
01/20/2007,ALB,NY,AEA,EN,Combined TRACON& Tower with Radar,68,91,4,2,165,0,0,2,2,4,68,91,6,4,169,0,0,0,169
01/21/2007,ALB,NY,AEA,EN,Combined TRACON& Tower with Radar,62,71,19,3,155,0,0,48,6,54,62,71,67,9,209,0,0,0,209
01/22/2007,ALB,NY,AEA,EN,Combined TRACON& Tower with Radar,64,115,21,0,200,0,0,27,1,28,64,115,48,1,228,0,0,0,228
01/23/2007,ALB,NY,AEA,EN,Combined TRACON& Tower with Radar,76,131,25,2,234,0,1,32,3,36,76,132,57,5,270,0,0,0,270
01/24/2007,ALB,NY,AEA,EN,Combined TRACON& Tower with Radar,78,127,28,5,238,0,2,27,7,36,78,129,55,12,274,0,0,0,274
01/25/2007,ALB,NY,AEA,EN,Combined TRACON& Tower with Radar,77,116,18,0,211,1,3,14,14,32,78,119,32,14,243,0,0,0,243
01/26/2007,ALB,NY,AEA,EN,Combined TRACON& Tower with Radar,70,125,10,2,207,0,7,15,8,30,70,132,25,10,237,0,0,0,237
01/27/2007,ALB,NY,AEA,EN,Combined TRACON& Tower with Radar,68,80,9,0,157,0,0,2,2,4,68,80,11,2,161,0,0,0,161
01/28/2007,ALB,NY,AEA,EN,Combined TRACON& Tower with Radar,60,76,11,0,147,0,0,17,6,23,60,76,28,6,170,0,0,0,170
01/29/2007,ALB,NY,AEA,EN,Combined TRACON& Tower with Radar,65,113,23,10,211,0,2,25,0,27,65,115,48,10,238,0,0,0,238
01/30/2007,ALB,NY,AEA,EN,Combined TRACON& Tower with Radar,75,130,21,4,230,0,0,20,4,24,75,130,41,8,254,0,0,0,254
01/31/2007,ALB,NY,AEA,EN,Combined TRACON& Tower with Radar,76,136,20,4,236,0,1,20,13,34,76,137,40,17,270,0,0,0,270
02/01/2007,ALB,NY,AEA,EN,Combined TRACON& Tower with Radar,73,131,18,2,224,0,7,52,11,70,73,138,70,13,294,64,1,65,359
02/02/2007,ALB,NY,AEA,EN,Combined TRACON& Tower with Radar,68,124,26,3,221,0,3,27,5,35,68,127,53,8,256,17,0,17,273
02/03/2007,ALB,NY,AEA,EN,Combined TRACON& Tower with Radar,70,85,15,0,170,0,24,24,12,60,70,109,39,12,230,25,0,25,255
02/04/2007,ALB,NY,AEA,EN,Combined TRACON& Tower with Radar,61,72,15,0,148,0,6,27,0,33,61,78,42,0,181,5,1,6,187
02/05/2007,ALB,NY,AEA,EN,Combined TRACON& Tower with Radar,68,105,35,4,212,0,3,9,2,14,68,108,44,6,226,14,4,18,244
02/06/2007,ALB,NY,AEA,EN,Combined TRACON& Tower with Radar,70,125,19,4,218,0,5,64,6,75,70,130,83,10,293,28,4,32,325
02/07/2007,ALB,NY,AEA,EN,Combined TRACON& Tower with Radar,77,112,21,18,228,0,18,30,21,69,77,130,51,39,297,19,25,44,341
02/08/2007,ALB,NY,AEA,EN,Combined TRACON& Tower with Radar,79,122,24,2,227,0,7,30,11,48,79,129,54,13,275,37,11,48,323
02/09/2007,ALB,NY,AEA,EN,Combined TRACON& Tower with Radar,76,137,17,6,236,0,6,18,3,27,76,143,35,9,263,12,2,14,277
02/10/2007,ALB,NY,AEA,EN,Combined TRACON& Tower with Radar,71,80,23,0,174,0,6,52,23,81,71,86,75,23,255,16,3,19,274
02/11/2007,ALB,NY,AEA,EN,Combined TRACON& Tower with Radar,60,68,15,1,144,0,2,118,6,126,60,70,133,7,270,45,4,49,319
02/12/2007,ALB,NY,AEA,EN,Combined TRACON& Tower with Radar,67,110,20,7,204,0,9,17,6,32,67,119,37,13,236,33,0,33,269
02/13/2007,ALB,NY,AEA,EN,Combined TRACON& Tower with Radar,57,111,26,10,204,0,3,26,0,29,57,114,52,10,233,0,0,0,233
02/14/2007,ALB,NY,AEA,EN,Combined TRACON& Tower with Radar,18,23,2,0,43,0,0,0,0,0,18,23,2,0,43,0,0,0,43
02/15/2007,ALB,NY,AEA,EN,Combined TRACON& Tower with Radar,54,81,20,0,155,0,1,4,2,7,54,82,24,2,162,0,0,0,162
02/16/2007,ALB,NY,AEA,EN,Combined TRACON& Tower with Radar,73,133,25,2,233,0,2,11,6,19,73,135,36,8,252,0,0,0,252
02/17/2007,ALB,NY,AEA,EN,Combined TRACON& Tower with Radar,68,81,10,0,159,0,0,34,1,35,68,81,44,1,194,0,0,0,194
02/18/2007,ALB,NY,AEA,EN,Combined TRACON& Tower with Radar,61,68,6,0,135,0,0,2,0,2,61,68,8,0,137,0,0,0,137
02/19/2007,ALB,NY,AEA,EN,Combined TRACON& Tower with Radar,65,106,20,0,191,0,3,27,3,33,65,109,47,3,224,0,0,0,224
02/20/2007,ALB,NY,AEA,EN,Combined TRACON& Tower with Radar,72,123,23,2,220,0,7,21,4,32,72,130,44,6,252,0,0,0,252
02/21/2007,ALB,NY,AEA,EN,Combined TRACON& Tower with Radar,71,132,15,4,222,0,1,38,11,50,71,133,53,15,272,0,0,0,272
02/22/2007,ALB,NY,AEA,EN,Combined TRACON& Tower with Radar,70,125,21,6,222,1,2,9,3,15,71,127,30,9,237,0,0,0,237
02/23/2007,ALB,NY,AEA,EN,Combined TRACON& Tower with Radar,78,140,19,1,238,0,9,17,3,29,78,149,36,4,267,22,2,24,291
02/24/2007,ALB,NY,AEA,EN,Combined TRACON& Tower with Radar,69,79,15,0,163,0,1,34,0,35,69,80,49,0,198,23,0,23,221
02/25/2007,ALB,NY,AEA,EN,Combined TRACON& Tower with Radar,47,68,30,2,147,0,5,153,0,158,47,73,183,2,305,84,0,84,389
02/26/2007,ALB,NY,AEA,EN,Combined TRACON& Tower with Radar,66,108,23,1,198,0,3,12,21,36,66,111,35,22,234,12,2,14,248
02/27/2007,ALB,NY,AEA,EN,Combined TRACON& Tower with Radar,74,134,16,20,244,0,0,11,21,32,74,134,27,41,276,27,40,67,343
02/28/2007,ALB,NY,AEA,EN,Combined TRACON& Tower with Radar,73,134,18,5,230,0,3,40,10,53,73,137,58,15,283,18,11,29,312
03/01/2007,ALB,NY,AEA,EN,Combined TRACON& Tower with Radar,64,124,23,7,218,0,3,49,0,52,64,127,72,7,270,55,4,59,329
03/02/2007,ALB,NY,AEA,EN,Combined TRACON& Tower with Radar,70,106,10,4,190,0,3,0,0,3,70,109,10,4,193,0,16,16,209
03/03/2007,ALB,NY,AEA,EN,Combined TRACON& Tower with Radar,65,85,17,3,170,0,0,4,2,6,65,85,21,5,176,9,0,9,185
03/04/2007,ALB,NY,AEA,EN,Combined TRACON& Tower with Radar,59,81,16,5,161,0,1,21,6,28,59,82,37,11,189,12,0,12,201
03/05/2007,ALB,NY,AEA,EN,Combined TRACON& Tower with Radar,60,123,18,1,202,0,3,10,3,16,60,126,28,4,218,6,8,14,232
03/06/2007,ALB,NY,AEA,EN,Combined TRACON& Tower with Radar,77,131,30,2,240,0,2,12,5,19,77,133,42,7,259,38,9,47,306
03/07/2007,ALB,NY,AEA,EN,Combined TRACON& Tower with Radar,72,118,24,6,220,0,4,25,23,52,72,122,49,29,272,11,14,25,297
03/08/2007,ALB,NY,AEA,EN,Combined TRACON& Tower with Radar,69,142,13,5,229,0,1,19,12,32,69,143,32,17,261,25,14,39,300
03/09/2007,ALB,NY,AEA,EN,Combined TRACON& Tower with Radar,72,133,32,1,238,0,6,43,7,56,72,139,75,8,294,30,4,34,328
03/10/2007,ALB,NY,AEA,EN,Combined TRACON& Tower with Radar,64,81,13,0,158,0,2,10,2,14,64,83,23,2,172,14,4,18,190
03/11/2007,ALB,NY,AEA,EN,Combined TRACON& Tower with Radar,56,82,28,0,166,0,1,48,3,52,56,83,76,3,218,61,2,63,281
03/12/2007,ALB,NY,AEA,EN,Combined TRACON& Tower with Radar,64,113,13,0,190,0,6,49,5,60,64,119,62,5,250,22,2,24,274
03/13/2007,ALB,NY,AEA,EN,Combined TRACON& Tower with Radar,75,132,29,0,236,0,2,47,9,58,75,134,76,9,294,26,4,30,324
03/14/2007,ALB,NY,AEA,EN,Combined TRACON& Tower with Radar,76,133,38,2,249,0,2,13,8,23,76,135,51,10,272,0,0,0,272
03/15/2007,ALB,NY,AEA,EN,Combined TRACON& Tower with Radar,72,119,22,1,214,0,0,18,1,19,72,119,40,2,233,6,4,10,243
03/16/2007,ALB,NY,AEA,EN,Combined TRACON& Tower with Radar,58,83,15,0,156,0,1,7,1,9,58,84,22,1,165,1,0,1,166
03/17/2007,ALB,NY,AEA,EN,Combined TRACON& Tower with Radar,40,36,14,0,90,0,0,0,2,2,40,36,14,2,92,0,0,0,92
03/18/2007,ALB,NY,AEA,EN,Combined TRACON& Tower with Radar,58,87,22,0,167,0,0,6,0,6,58,87,28,0,173,0,0,0,173
03/19/2007,ALB,NY,AEA,EN,Combined TRACON& Tower with Radar,65,120,21,2,208,0,0,14,4,18,65,120,35,6,226,29,0,29,255
03/20/2007,ALB,NY,AEA,EN,Combined TRACON& Tower with Radar,78,135,20,8,241,0,1,19,5,25,78,136,39,13,266,6,0,6,272
03/21/2007,ALB,NY,AEA,EN,Combined TRACON& Tower with Radar,72,136,12,2,222,0,7,35,10,52,72,143,47,12,274,26,0,26,300
03/22/2007,ALB,NY,AEA,EN,Combined TRACON& Tower with Radar,71,124,10,1,206,0,4,16,6,26,71,128,26,7,232,22,10,32,264
03/23/2007,ALB,NY,AEA,EN,Combined TRACON& Tower with Radar,76,133,32,1,242,0,6,42,8,56,76,139,74,9,298,43,10,53,351
03/24/2007,ALB,NY,AEA,EN,Combined TRACON& Tower with Radar,64,78,18,1,161,0,3,52,0,55,64,81,70,1,216,55,3,58,274
03/25/2007,ALB,NY,AEA,EN,Combined TRACON& Tower with Radar,58,75,45,2,180,0,0,8,0,8,58,75,53,2,188,49,0,49,237
03/26/2007,ALB,NY,AEA,EN,Combined TRACON& Tower with Radar,61,115,17,2,195,0,1,6,4,11,61,116,23,6,206,14,3,17,223
03/27/2007,ALB,NY,AEA,EN,Combined TRACON& Tower with Radar,75,120,41,28,264,0,3,14,0,17,75,123,55,28,281,36,29,65,346
03/28/2007,ALB,NY,AEA,EN,Combined TRACON& Tower with Radar,72,132,24,1,229,0,2,45,9,56,72,134,69,10,285,27,1,28,313
03/29/2007,ALB,NY,AEA,EN,Combined TRACON& Tower with Radar,76,126,35,1,238,0,4,34,1,39,76,130,69,2,277,27,1,28,305
03/30/2007,ALB,NY,AEA,EN,Combined TRACON& Tower with Radar,76,135,30,5,246,0,8,139,2,149,76,143,169,7,395,35,1,36,431
03/31/2007,ALB,NY,AEA,EN,Combined TRACON& Tower with Radar,65,77,17,0,159,0,48,192,9,249,65,125,209,9,408,87,3,90,498
04/01/2007,ALB,NY,AEA,EN,Combined TRACON& Tower with Radar,56,76,15,0,147,0,28,41,0,69,56,104,56,0,216,0,0,0,216
04/02/2007,ALB,NY,AEA,EN,Combined TRACON& Tower with Radar,65,116,23,0,204,0,4,2,0,6,65,120,25,0,210,0,0,0,210
04/03/2007,ALB,NY,AEA,EN,Combined TRACON& Tower with Radar,71,130,16,2,219,0,1,25,2,28,71,131,41,4,247,0,0,0,247
04/04/2007,ALB,NY,AEA,EN,Combined TRACON& Tower with Radar,73,136,25,5,239,0,0,0,0,0,73,136,25,5,239,5,5,10,249
04/05/2007,ALB,NY,AEA,EN,Combined TRACON& Tower with Radar,73,161,18,2,254,0,7,11,6,24,73,168,29,8,278,0,0,0,278
04/06/2007,ALB,NY,AEA,EN,Combined TRACON& Tower with Radar,74,130,18,0,222,0,1,15,5,21,74,131,33,5,243,0,0,0,243
04/07/2007,ALB,NY,AEA,EN,Combined TRACON& Tower with Radar,71,80,9,0,160,0,0,52,0,52,71,80,61,0,212,0,0,0,212
04/08/2007,ALB,NY,AEA,EN,Combined TRACON& Tower with Radar,56,77,5,0,138,0,0,2,0,2,56,77,7,0,140,0,0,0,140
04/09/2007,ALB,NY,AEA,EN,Combined TRACON& Tower with Radar,64,121,20,2,207,0,2,25,4,31,64,123,45,6,238,0,0,0,238
04/10/2007,ALB,NY,AEA,EN,Combined TRACON& Tower with Radar,75,131,23,0,229,0,9,31,6,46,75,140,54,6,275,0,0,0,275
04/11/2007,ALB,NY,AEA,EN,Combined TRACON& Tower with Radar,69,137,35,0,241,0,5,57,7,69,69,142,92,7,310,0,0,0,310
04/12/2007,ALB,NY,AEA,EN,Combined TRACON& Tower with Radar,71,133,13,0,217,0,1,2,0,3,71,134,15,0,220,26,0,26,246
04/13/2007,ALB,NY,AEA,EN,Combined TRACON& Tower with Radar,76,137,18,0,231,0,2,15,6,23,76,139,33,6,254,0,0,0,254
04/14/2007,ALB,NY,AEA,EN,Combined TRACON& Tower with Radar,70,94,22,0,186,0,0,36,4,40,70,94,58,4,226,0,0,0,226
04/15/2007,ALB,NY,AEA,EN,Combined TRACON& Tower with Radar,55,61,9,0,125,0,0,2,0,2,55,61,11,0,127,0,0,0,127
04/16/2007,ALB,NY,AEA,EN,Combined TRACON& Tower with Radar,64,98,19,0,181,0,0,0,3,3,64,98,19,3,184,0,0,0,184
04/17/2007,ALB,NY,AEA,EN,Combined TRACON& Tower with Radar,79,135,28,0,242,0,0,6,2,8,79,135,34,2,250,0,0,0,250
04/18/2007,ALB,NY,AEA,EN,Combined TRACON& Tower with Radar,82,131,13,2,228,0,0,22,4,26,82,131,35,6,254,0,0,0,254
04/19/2007,ALB,NY,AEA,EN,Combined TRACON& Tower with Radar,76,134,25,1,236,0,4,38,8,50,76,138,63,9,286,0,0,0,286
04/20/2007,ALB,NY,AEA,EN,Combined TRACON& Tower with Radar,79,128,21,3,231,0,7,61,7,75,79,135,82,10,306,0,0,0,306
04/21/2007,ALB,NY,AEA,EN,Combined TRACON& Tower with Radar,72,82,26,0,180,0,2,72,6,80,72,84,98,6,260,0,0,0,260
04/22/2007,ALB,NY,AEA,EN,Combined TRACON& Tower with Radar,64,81,20,0,165,0,1,90,3,94,64,82,110,3,259,0,0,0,259
04/23/2007,ALB,NY,AEA,EN,Combined TRACON& Tower with Radar,74,130,6,0,210,0,5,49,0,54,74,135,55,0,264,0,0,0,264
04/24/2007,ALB,NY,AEA,EN,Combined TRACON& Tower with Radar,78,136,20,2,236,0,5,38,6,49,78,141,58,8,285,0,0,0,285
04/25/2007,ALB,NY,AEA,EN,Combined TRACON& Tower with Radar,81,136,33,0,250,0,2,44,5,51,81,138,77,5,301,0,0,0,301
04/26/2007,ALB,NY,AEA,EN,Combined TRACON& Tower with Radar,73,128,24,0,225,0,3,41,2,46,73,131,65,2,271,0,0,0,271
04/27/2007,ALB,NY,AEA,EN,Combined TRACON& Tower with Radar,77,139,29,0,245,0,0,9,0,9,77,139,38,0,254,0,0,0,254
04/28/2007,ALB,NY,AEA,EN,Combined TRACON& Tower with Radar,70,90,47,0,207,0,0,14,1,15,70,90,61,1,222,0,0,0,222
04/29/2007,ALB,NY,AEA,EN,Combined TRACON& Tower with Radar,63,77,33,0,173,0,0,22,1,23,63,77,55,1,196,0,0,0,196
04/30/2007,ALB,NY,AEA,EN,Combined TRACON& Tower with Radar,69,110,15,2,196,0,2,19,2,23,69,112,34,4,219,0,0,0,219
05/01/2007,ALB,NY,AEA,EN,Combined TRACON& Tower with Radar,80,132,27,3,242,0,7,42,1,50,80,139,69,4,292,28,0,28,320
05/02/2007,ALB,NY,AEA,EN,Combined TRACON& Tower with Radar,76,137,31,1,245,0,1,36,2,39,76,138,67,3,284,56,0,56,340
05/03/2007,ALB,NY,AEA,EN,Combined TRACON& Tower with Radar,80,133,23,1,237,0,5,78,13,96,80,138,101,14,333,61,4,65,398
05/04/2007,ALB,NY,AEA,EN,Combined TRACON& Tower with Radar,75,135,25,7,242,0,7,55,3,65,75,142,80,10,307,43,8,51,358
05/05/2007,ALB,NY,AEA,EN,Combined TRACON& Tower with Radar,66,82,14,6,168,0,2,34,1,37,66,84,48,7,205,62,11,73,278
05/06/2007,ALB,NY,AEA,EN,Combined TRACON& Tower with Radar,63,79,10,2,154,0,0,60,9,69,63,79,70,11,223,13,0,13,236
05/07/2007,ALB,NY,AEA,EN,Combined TRACON& Tower with Radar,72,111,11,0,194,0,3,29,4,36,72,114,40,4,230,44,2,46,276
05/08/2007,ALB,NY,AEA,EN,Combined TRACON& Tower with Radar,80,134,30,3,247,0,8,52,5,65,80,142,82,8,312,29,10,39,351
05/09/2007,ALB,NY,AEA,EN,Combined TRACON& Tower with Radar,77,131,22,3,233,0,8,60,11,79,77,139,82,14,312,35,8,43,355
05/10/2007,ALB,NY,AEA,EN,Combined TRACON& Tower with Radar,80,132,5,0,217,0,3,28,3,34,80,135,33,3,251,9,8,17,268
05/11/2007,ALB,NY,AEA,EN,Combined TRACON& Tower with Radar,85,148,19,2,254,0,10,26,6,42,85,158,45,8,296,37,9,46,342
05/12/2007,ALB,NY,AEA,EN,Combined TRACON& Tower with Radar,72,76,13,4,165,0,3,45,0,48,72,79,58,4,213,30,0,30,243
05/13/2007,ALB,NY,AEA,EN,Combined TRACON& Tower with Radar,65,76,11,1,153,0,0,43,2,45,65,76,54,3,198,22,0,22,220
05/14/2007,ALB,NY,AEA,EN,Combined TRACON& Tower with Radar,69,120,20,0,209,0,5,42,6,53,69,125,62,6,262,20,2,22,284
05/15/2007,ALB,NY,AEA,EN,Combined TRACON& Tower with Radar,78,120,41,3,242,0,5,32,0,37,78,125,73,3,279,8,10,18,297
05/16/2007,ALB,NY,AEA,EN,Combined TRACON& Tower with Radar,84,130,34,2,250,0,3,20,0,23,84,133,54,2,273,41,0,41,314
05/17/2007,ALB,NY,AEA,EN,Combined TRACON& Tower with Radar,84,152,19,2,257,0,2,31,8,41,84,154,50,10,298,51,10,61,359
05/18/2007,ALB,NY,AEA,EN,Combined TRACON& Tower with Radar,80,147,22,1,250,0,2,30,12,44,80,149,52,13,294,37,4,41,335
05/19/2007,ALB,NY,AEA,EN,Combined TRACON& Tower with Radar,73,85,29,1,188,0,2,8,5,15,73,87,37,6,203,26,4,30,233
05/20/2007,ALB,NY,AEA,EN,Combined TRACON& Tower with Radar,69,78,25,2,174,0,0,13,0,13,69,78,38,2,187,6,0,6,193
05/21/2007,ALB,NY,AEA,EN,Combined TRACON& Tower with Radar,71,110,26,6,213,0,3,47,2,52,71,113,73,8,265,38,25,63,328
05/22/2007,ALB,NY,AEA,EN,Combined TRACON& Tower with Radar,75,120,17,1,213,0,8,84,6,98,75,128,101,7,311,35,1,36,347
05/23/2007,ALB,NY,AEA,EN,Combined TRACON& Tower with Radar,79,129,24,6,238,0,10,67,12,89,79,139,91,18,327,0,0,0,327
05/24/2007,ALB,NY,AEA,EN,Combined TRACON& Tower with Radar,75,138,35,5,253,0,5,70,8,83,75,143,105,13,336,18,2,20,356
05/25/2007,ALB,NY,AEA,EN,Combined TRACON& Tower with Radar,75,132,15,2,224,0,9,50,5,64,75,141,65,7,288,56,12,68,356
05/26/2007,ALB,NY,AEA,EN,Combined TRACON& Tower with Radar,68,81,7,1,157,0,0,57,2,59,68,81,64,3,216,30,0,30,246
05/27/2007,ALB,NY,AEA,EN,Combined TRACON& Tower with Radar,60,67,8,0,135,0,0,22,2,24,60,67,30,2,159,17,0,17,176
05/28/2007,ALB,NY,AEA,EN,Combined TRACON& Tower with Radar,66,91,10,0,167,0,0,25,4,29,66,91,35,4,196,20,4,24,220
05/29/2007,ALB,NY,AEA,EN,Combined TRACON& Tower with Radar,71,113,28,0,212,0,5,85,11,101,71,118,113,11,313,31,0,31,344
05/30/2007,ALB,NY,AEA,EN,Combined TRACON& Tower with Radar,76,141,17,5,239,0,3,63,5,71,76,144,80,10,310,60,24,84,394
05/31/2007,ALB,NY,AEA,EN,Combined TRACON& Tower with Radar,78,134,29,2,243,0,6,41,12,59,78,140,70,14,302,69,13,82,384
06/01/2007,ALB,NY,AEA,EN,Combined TRACON& Tower with Radar,78,141,27,0,246,0,2,32,7,41,78,143,59,7,287,36,3,39,326
06/02/2007,ALB,NY,AEA,EN,Combined TRACON& Tower with Radar,75,78,8,12,173,0,3,33,4,40,75,81,41,16,213,16,6,22,235
06/03/2007,ALB,NY,AEA,EN,Combined TRACON& Tower with Radar,61,89,17,4,171,0,1,13,1,15,61,90,30,5,186,47,19,66,252
06/04/2007,ALB,NY,AEA,EN,Combined TRACON& Tower with Radar,68,118,41,18,245,0,0,1,0,1,68,118,42,18,246,43,0,43,289
06/05/2007,ALB,NY,AEA,EN,Combined TRACON& Tower with Radar,80,130,28,5,243,0,0,19,7,26,80,130,47,12,269,45,5,50,319
06/06/2007,ALB,NY,AEA,EN,Combined TRACON& Tower with Radar,77,142,49,10,278,0,0,48,15,63,77,142,97,25,341,61,14,75,416
06/07/2007,ALB,NY,AEA,EN,Combined TRACON& Tower with Radar,78,131,36,2,247,0,5,92,10,107,78,136,128,12,354,28,0,28,382
06/08/2007,ALB,NY,AEA,EN,Combined TRACON& Tower with Radar,72,122,30,4,228,0,5,56,15,76,72,127,86,19,304,46,0,46,350
06/09/2007,ALB,NY,AEA,EN,Combined TRACON& Tower with Radar,76,86,19,3,184,0,2,42,12,56,76,88,61,15,240,29,10,39,279
06/10/2007,ALB,NY,AEA,EN,Combined TRACON& Tower with Radar,61,77,34,3,175,0,2,28,15,45,61,79,62,18,220,39,16,55,275
06/11/2007,ALB,NY,AEA,EN,Combined TRACON& Tower with Radar,65,111,26,0,202,0,1,25,2,28,65,112,51,2,230,12,0,12,242
06/12/2007,ALB,NY,AEA,EN,Combined TRACON& Tower with Radar,69,127,11,1,208,0,10,26,5,41,69,137,37,6,249,44,2,46,295
06/13/2007,ALB,NY,AEA,EN,Combined TRACON& Tower with Radar,81,134,24,7,246,0,4,24,16,44,81,138,48,23,290,23,13,36,326
06/14/2007,ALB,NY,AEA,EN,Combined TRACON& Tower with Radar,82,142,28,3,255,0,3,58,8,69,82,145,86,11,324,41,8,49,373
06/15/2007,ALB,NY,AEA,EN,Combined TRACON& Tower with Radar,82,146,12,3,243,0,13,45,6,64,82,159,57,9,307,42,10,52,359
06/16/2007,ALB,NY,AEA,EN,Combined TRACON& Tower with Radar,74,82,20,2,178,0,2,56,5,63,74,84,76,7,241,34,2,36,277
06/17/2007,ALB,NY,AEA,EN,Combined TRACON& Tower with Radar,64,76,18,1,159,0,1,59,2,62,64,77,77,3,221,60,11,71,292
06/18/2007,ALB,NY,AEA,EN,Combined TRACON& Tower with Radar,66,124,21,3,214,0,2,38,4,44,66,126,59,7,258,46,6,52,310
06/19/2007,ALB,NY,AEA,EN,Combined TRACON& Tower with Radar,72,126,17,6,221,0,2,39,8,49,72,128,56,14,270,40,15,55,325
06/20/2007,ALB,NY,AEA,EN,Combined TRACON& Tower with Radar,80,125,33,1,239,0,4,37,5,46,80,129,70,6,285,31,1,32,317
06/21/2007,ALB,NY,AEA,EN,Combined TRACON& Tower with Radar,76,137,27,2,242,0,3,25,9,37,76,140,52,11,279,49,16,65,344
06/22/2007,ALB,NY,AEA,EN,Combined TRACON& Tower with Radar,78,127,28,3,236,0,0,42,9,51,78,127,70,12,287,19,8,27,314
06/23/2007,ALB,NY,AEA,EN,Combined TRACON& Tower with Radar,72,71,24,0,167,0,1,48,1,50,72,72,72,1,217,52,8,60,277
06/24/2007,ALB,NY,AEA,EN,Combined TRACON& Tower with Radar,62,90,12,2,166,0,3,70,6,79,62,93,82,8,245,62,0,62,307
06/25/2007,ALB,NY,AEA,EN,Combined TRACON& Tower with Radar,67,114,41,1,223,0,4,79,7,90,67,118,120,8,313,99,28,127,440
06/26/2007,ALB,NY,AEA,EN,Combined TRACON& Tower with Radar,70,131,31,3,235,0,6,43,8,57,70,137,74,11,292,26,1,27,319
06/27/2007,ALB,NY,AEA,EN,Combined TRACON& Tower with Radar,75,119,26,1,221,0,2,31,2,35,75,121,57,3,256,26,0,26,282
06/28/2007,ALB,NY,AEA,EN,Combined TRACON& Tower with Radar,84,123,32,11,250,0,1,31,7,39,84,124,63,18,289,27,24,51,340
06/29/2007,ALB,NY,AEA,EN,Combined TRACON& Tower with Radar,79,138,22,0,239,0,6,40,8,54,79,144,62,8,293,39,6,45,338
06/30/2007,ALB,NY,AEA,EN,Combined TRACON& Tower with Radar,72,80,10,0,162,0,3,40,4,47,72,83,50,4,209,7,0,7,216
07/01/2007,ALB,NY,AEA,EN,Combined TRACON& Tower with Radar,59,83,14,0,156,0,0,87,0,87,59,83,101,0,243,35,0,35,278
07/02/2007,ALB,NY,AEA,EN,Combined TRACON& Tower with Radar,71,106,35,2,214,0,5,94,3,102,71,111,129,5,316,30,17,47,363
07/03/2007,ALB,NY,AEA,EN,Combined TRACON& Tower with Radar,76,117,5,1,199,0,3,66,0,69,76,120,71,1,268,56,4,60,328
07/04/2007,ALB,NY,AEA,EN,Combined TRACON& Tower with Radar,64,80,14,0,158,0,2,17,1,20,64,82,31,1,178,2,0,2,180
07/05/2007,ALB,NY,AEA,EN,Combined TRACON& Tower with Radar,67,105,18,2,192,0,0,18,5,23,67,105,36,7,215,24,2,26,241
07/06/2007,ALB,NY,AEA,EN,Combined TRACON& Tower with Radar,75,119,19,0,213,0,2,45,1,48,75,121,64,1,261,35,0,35,296
07/07/2007,ALB,NY,AEA,EN,Combined TRACON& Tower with Radar,74,83,14,0,171,0,10,42,1,53,74,93,56,1,224,16,0,16,240
07/08/2007,ALB,NY,AEA,EN,Combined TRACON& Tower with Radar,61,90,16,0,167,0,5,86,5,96,61,95,102,5,263,52,7,59,322
07/09/2007,ALB,NY,AEA,EN,Combined TRACON& Tower with Radar,72,96,20,9,197,0,17,21,7,45,72,113,41,16,242,39,0,39,281
07/10/2007,ALB,NY,AEA,EN,Combined TRACON& Tower with Radar,69,121,26,11,227,0,8,64,10,82,69,129,90,21,309,15,14,29,338
07/11/2007,ALB,NY,AEA,EN,Combined TRACON& Tower with Radar,78,112,28,5,223,0,0,10,0,10,78,112,38,5,233,17,10,27,260
07/12/2007,ALB,NY,AEA,EN,Combined TRACON& Tower with Radar,80,115,19,3,217,1,5,84,11,101,81,120,103,14,318,0,0,0,318
07/13/2007,ALB,NY,AEA,EN,Combined TRACON& Tower with Radar,76,119,15,3,213,0,4,113,20,137,76,123,128,23,350,35,16,51,401
07/14/2007,ALB,NY,AEA,EN,Combined TRACON& Tower with Radar,71,75,21,1,168,0,14,95,7,116,71,89,116,8,284,39,8,47,331
07/15/2007,ALB,NY,AEA,EN,Combined TRACON& Tower with Radar,57,78,6,0,141,0,7,39,3,49,57,85,45,3,190,28,2,30,220
07/16/2007,ALB,NY,AEA,EN,Combined TRACON& Tower with Radar,71,107,22,1,201,0,15,93,14,122,71,122,115,15,323,48,7,55,378
07/17/2007,ALB,NY,AEA,EN,Combined TRACON& Tower with Radar,78,109,17,4,208,0,10,87,5,102,78,119,104,9,310,22,0,22,332
07/18/2007,ALB,NY,AEA,EN,Combined TRACON& Tower with Radar,88,116,38,5,247,0,8,9,1,18,88,124,47,6,265,2,0,2,267
07/19/2007,ALB,NY,AEA,EN,Combined TRACON& Tower with Radar,76,117,49,3,245,0,3,6,2,11,76,120,55,5,256,6,0,6,262
07/20/2007,ALB,NY,AEA,EN,Combined TRACON& Tower with Radar,84,125,35,3,247,0,5,32,1,38,84,130,67,4,285,24,0,24,309
07/21/2007,ALB,NY,AEA,EN,Combined TRACON& Tower with Radar,74,78,25,0,177,0,5,116,1,122,74,83,141,1,299,18,2,20,319
07/22/2007,ALB,NY,AEA,EN,Combined TRACON& Tower with Radar,60,79,36,4,179,0,12,100,1,113,60,91,136,5,292,18,1,19,311
07/23/2007,ALB,NY,AEA,EN,Combined TRACON& Tower with Radar,71,95,43,1,210,0,3,35,1,39,71,98,78,2,249,15,2,17,266
07/24/2007,ALB,NY,AEA,EN,Combined TRACON& Tower with Radar,79,128,62,2,271,0,11,40,3,54,79,139,102,5,325,6,0,6,331
07/25/2007,ALB,NY,AEA,EN,Combined TRACON& Tower with Radar,78,125,69,0,272,0,13,96,8,117,78,138,165,8,389,33,0,33,422
07/26/2007,ALB,NY,AEA,EN,Combined TRACON& Tower with Radar,77,123,35,3,238,0,20,113,14,147,77,143,148,17,385,31,3,34,419
07/27/2007,ALB,NY,AEA,EN,Combined TRACON& Tower with Radar,73,124,30,3,230,0,3,61,5,69,73,127,91,8,299,27,5,32,331
07/28/2007,ALB,NY,AEA,EN,Combined TRACON& Tower with Radar,78,88,44,1,211,0,3,10,9,22,78,91,54,10,233,18,1,19,252
07/29/2007,ALB,NY,AEA,EN,Combined TRACON& Tower with Radar,52,75,46,0,173,0,9,48,3,60,52,84,94,3,233,0,0,0,233
07/30/2007,ALB,NY,AEA,EN,Combined TRACON& Tower with Radar,75,99,34,3,211,0,4,77,4,85,75,103,111,7,296,71,0,71,367
07/31/2007,ALB,NY,AEA,EN,Combined TRACON& Tower with Radar,76,97,15,4,192,0,5,40,0,45,76,102,55,4,237,100,0,100,337
08/01/2007,ALB,NY,AEA,EN,Combined TRACON& Tower with Radar,80,110,26,3,219,0,4,47,6,57,80,114,73,9,276,48,5,53,329
08/02/2007,ALB,NY,AEA,EN,Combined TRACON& Tower with Radar,81,112,30,8,231,0,13,80,17,110,81,125,110,25,341,73,6,79,420
08/03/2007,ALB,NY,AEA,EN,Combined TRACON& Tower with Radar,79,115,28,1,223,0,2,39,12,53,79,117,67,13,276,0,0,0,276
08/04/2007,ALB,NY,AEA,EN,Combined TRACON& Tower with Radar,76,88,29,0,193,0,0,57,7,64,76,88,86,7,257,0,0,0,257
08/05/2007,ALB,NY,AEA,EN,Combined TRACON& Tower with Radar,56,83,37,0,176,0,0,81,1,82,56,83,118,1,258,0,0,0,258
08/06/2007,ALB,NY,AEA,EN,Combined TRACON& Tower with Radar,64,98,40,0,202,0,1,20,16,37,64,99,60,16,239,0,0,0,239
08/07/2007,ALB,NY,AEA,EN,Combined TRACON& Tower with Radar,83,130,29,0,242,0,1,32,9,42,83,131,61,9,284,0,0,0,284
08/08/2007,ALB,NY,AEA,EN,Combined TRACON& Tower with Radar,77,125,40,6,248,0,4,24,6,34,77,129,64,12,282,47,4,51,333
08/09/2007,ALB,NY,AEA,EN,Combined TRACON& Tower with Radar,70,110,28,2,210,0,5,76,7,88,70,115,104,9,298,0,0,0,298
08/10/2007,ALB,NY,AEA,EN,Combined TRACON& Tower with Radar,83,122,54,1,260,0,0,14,5,19,83,122,68,6,279,0,0,0,279
08/11/2007,ALB,NY,AEA,EN,Combined TRACON& Tower with Radar,75,81,34,0,190,0,4,110,116,230,75,85,144,116,420,32,2,34,454
08/12/2007,ALB,NY,AEA,EN,Combined TRACON& Tower with Radar,63,81,25,0,169,0,10,92,3,105,63,91,117,3,274,30,3,33,307
08/13/2007,ALB,NY,AEA,EN,Combined TRACON& Tower with Radar,67,97,38,0,202,0,19,80,13,112,67,116,118,13,314,60,0,60,374
08/14/2007,ALB,NY,AEA,EN,Combined TRACON& Tower with Radar,79,114,47,3,243,0,12,135,15,162,79,126,182,18,405,49,10,59,464
08/15/2007,ALB,NY,AEA,EN,Combined TRACON& Tower with Radar,77,117,23,0,217,0,11,79,14,104,77,128,102,14,321,25,5,30,351
08/16/2007,ALB,NY,AEA,EN,Combined TRACON& Tower with Radar,75,117,29,4,225,0,14,59,15,88,75,131,88,19,313,18,5,23,336
08/17/2007,ALB,NY,AEA,EN,Combined TRACON& Tower with Radar,85,118,28,10,241,0,23,56,13,92,85,141,84,23,333,65,33,98,431
08/18/2007,ALB,NY,AEA,EN,Combined TRACON& Tower with Radar,88,82,12,2,184,0,0,43,9,52,88,82,55,11,236,58,18,76,312
08/19/2007,ALB,NY,AEA,EN,Combined TRACON& Tower with Radar,60,81,25,0,166,0,9,174,2,185,60,90,199,2,351,52,2,54,405
08/20/2007,ALB,NY,AEA,EN,Combined TRACON& Tower with Radar,71,102,27,0,200,4,15,82,7,108,75,117,109,7,308,44,3,47,355
08/21/2007,ALB,NY,AEA,EN,Combined TRACON& Tower with Radar,79,111,36,13,239,0,8,62,3,73,79,119,98,16,312,28,6,34,346
08/22/2007,ALB,NY,AEA,EN,Combined TRACON& Tower with Radar,79,119,32,2,232,0,27,91,0,118,79,146,123,2,350,58,2,60,410
08/23/2007,ALB,NY,AEA,EN,Combined TRACON& Tower with Radar,79,112,35,6,232,0,0,22,9,31,79,112,57,15,263,0,0,0,263
08/24/2007,ALB,NY,AEA,EN,Combined TRACON& Tower with Radar,71,124,30,1,226,0,1,27,10,38,71,125,57,11,264,0,0,0,264
08/25/2007,ALB,NY,AEA,EN,Combined TRACON& Tower with Radar,75,78,14,1,168,0,1,12,2,15,75,79,26,3,183,0,0,0,183
08/26/2007,ALB,NY,AEA,EN,Combined TRACON& Tower with Radar,60,85,32,1,178,0,1,46,0,47,60,86,78,1,225,0,0,0,225
08/27/2007,ALB,NY,AEA,EN,Combined TRACON& Tower with Radar,67,105,21,0,193,0,6,43,7,56,67,111,64,7,249,0,0,0,249
08/28/2007,ALB,NY,AEA,EN,Combined TRACON& Tower with Radar,80,112,34,1,227,0,5,68,5,78,80,117,102,6,305,29,0,29,334
08/29/2007,ALB,NY,AEA,EN,Combined TRACON& Tower with Radar,77,112,30,3,222,0,9,70,11,90,77,121,100,14,312,23,0,23,335
08/30/2007,ALB,NY,AEA,EN,Combined TRACON& Tower with Radar,74,104,33,7,218,0,7,33,15,55,74,111,66,22,273,5,2,7,280
08/31/2007,ALB,NY,AEA,EN,Combined TRACON& Tower with Radar,83,127,31,6,247,0,2,50,4,56,83,129,81,10,303,0,0,0,303
09/01/2007,ALB,NY,AEA,EN,Combined TRACON& Tower with Radar,70,73,25,0,168,0,5,46,7,58,70,78,71,7,226,0,0,0,226
09/02/2007,ALB,NY,AEA,EN,Combined TRACON& Tower with Radar,50,76,19,0,145,0,0,55,4,59,50,76,74,4,204,0,0,0,204
09/03/2007,ALB,NY,AEA,EN,Combined TRACON& Tower with Radar,61,78,23,2,164,0,0,76,1,77,61,78,99,3,241,0,0,0,241
09/04/2007,ALB,NY,AEA,EN,Combined TRACON& Tower with Radar,71,100,21,4,196,0,5,40,4,49,71,105,61,8,245,0,0,0,245
09/05/2007,ALB,NY,AEA,EN,Combined TRACON& Tower with Radar,79,112,33,2,226,0,8,59,5,72,79,120,92,7,298,0,0,0,298
09/06/2007,ALB,NY,AEA,EN,Combined TRACON& Tower with Radar,77,117,41,2,237,0,7,52,12,71,77,124,93,14,308,0,0,0,308
09/07/2007,ALB,NY,AEA,EN,Combined TRACON& Tower with Radar,77,117,21,0,215,0,8,42,8,58,77,125,63,8,273,0,0,0,273
09/08/2007,ALB,NY,AEA,EN,Combined TRACON& Tower with Radar,71,83,19,2,175,0,9,28,3,40,71,92,47,5,215,0,0,0,215
09/09/2007,ALB,NY,AEA,EN,Combined TRACON& Tower with Radar,60,73,39,0,172,0,0,0,0,0,60,73,39,0,172,0,0,0,172
09/10/2007,ALB,NY,AEA,EN,Combined TRACON& Tower with Radar,68,96,33,10,207,0,0,0,0,0,68,96,33,10,207,0,0,0,207
09/11/2007,ALB,NY,AEA,EN,Combined TRACON& Tower with Radar,77,99,34,5,215,0,2,1,1,4,77,101,35,6,219,0,0,0,219
09/12/2007,ALB,NY,AEA,EN,Combined TRACON& Tower with Radar,76,118,25,0,219,0,3,51,5,59,76,121,76,5,278,0,0,0,278
09/13/2007,ALB,NY,AEA,EN,Combined TRACON& Tower with Radar,78,125,45,2,250,0,6,74,1,81,78,131,119,3,331,0,0,0,331
09/14/2007,ALB,NY,AEA,EN,Combined TRACON& Tower with Radar,76,111,19,5,211,0,10,42,2,54,76,121,61,7,265,18,0,18,283
09/15/2007,ALB,NY,AEA,EN,Combined TRACON& Tower with Radar,70,75,17,0,162,0,4,17,1,22,70,79,34,1,184,16,0,16,200
09/16/2007,ALB,NY,AEA,EN,Combined TRACON& Tower with Radar,59,72,18,2,151,0,17,93,6,116,59,89,111,8,267,40,0,40,307
09/17/2007,ALB,NY,AEA,EN,Combined TRACON& Tower with Radar,70,102,18,2,192,0,5,109,1,115,70,107,127,3,307,31,0,31,338
09/18/2007,ALB,NY,AEA,EN,Combined TRACON& Tower with Radar,79,106,30,2,217,0,8,98,2,108,79,114,128,4,325,58,2,60,385
09/19/2007,ALB,NY,AEA,EN,Combined TRACON& Tower with Radar,84,114,18,1,217,0,7,66,3,76,84,121,84,4,293,0,0,0,293
09/20/2007,ALB,NY,AEA,EN,Combined TRACON& Tower with Radar,72,110,20,3,205,0,12,74,0,86,72,122,94,3,291,0,0,0,291
09/21/2007,ALB,NY,AEA,EN,Combined TRACON& Tower with Radar,84,120,34,0,238,0,6,41,1,48,84,126,75,1,286,0,0,0,286
09/22/2007,ALB,NY,AEA,EN,Combined TRACON& Tower with Radar,72,70,11,1,154,0,2,41,3,46,72,72,52,4,200,0,0,0,200
09/23/2007,ALB,NY,AEA,EN,Combined TRACON& Tower with Radar,59,71,17,0,147,0,0,77,0,77,59,71,94,0,224,0,0,0,224
09/24/2007,ALB,NY,AEA,EN,Combined TRACON& Tower with Radar,66,102,22,13,203,0,4,62,3,69,66,106,84,16,272,0,0,0,272
09/25/2007,ALB,NY,AEA,EN,Combined TRACON& Tower with Radar,79,108,26,1,214,0,2,56,5,63,79,110,82,6,277,0,0,0,277
09/26/2007,ALB,NY,AEA,EN,Combined TRACON& Tower with Radar,79,103,22,3,207,0,3,37,11,51,79,106,59,14,258,0,0,0,258
09/27/2007,ALB,NY,AEA,EN,Combined TRACON& Tower with Radar,78,114,31,2,225,0,1,21,0,22,78,115,52,2,247,0,0,0,247
09/28/2007,ALB,NY,AEA,EN,Combined TRACON& Tower with Radar,76,114,27,12,229,0,3,24,3,30,76,117,51,15,259,0,0,0,259
09/29/2007,ALB,NY,AEA,EN,Combined TRACON& Tower with Radar,71,77,13,2,163,0,1,45,3,49,71,78,58,5,212,0,0,0,212
09/30/2007,ALB,NY,AEA,EN,Combined TRACON& Tower with Radar,61,68,15,2,146,0,0,66,1,67,61,68,81,3,213,0,0,0,213
10/01/2007,ALB,NY,AEA,EN,Combined TRACON& Tower with Radar,67,112,51,2,232,0,6,57,9,72,67,118,108,11,304,37,21,58,362
10/02/2007,ALB,NY,AEA,EN,Combined TRACON& Tower with Radar,80,104,25,2,211,0,5,35,13,53,80,109,60,15,264,43,8,51,315
10/03/2007,ALB,NY,AEA,EN,Combined TRACON& Tower with Radar,79,121,22,2,224,0,3,24,9,36,79,124,46,11,260,0,0,0,260
10/04/2007,ALB,NY,AEA,EN,Combined TRACON& Tower with Radar,78,112,29,1,220,0,6,69,17,92,78,118,98,18,312,0,0,0,312
10/05/2007,ALB,NY,AEA,EN,Combined TRACON& Tower with Radar,80,111,37,0,228,0,6,59,11,76,80,117,96,11,304,0,0,0,304
10/06/2007,ALB,NY,AEA,EN,Combined TRACON& Tower with Radar,72,77,23,1,173,0,3,37,7,47,72,80,60,8,220,0,0,0,220
10/07/2007,ALB,NY,AEA,EN,Combined TRACON& Tower with Radar,59,72,27,0,158,0,0,36,13,49,59,72,63,13,207,0,0,0,207
10/08/2007,ALB,NY,AEA,EN,Combined TRACON& Tower with Radar,70,91,21,0,182,0,0,7,1,8,70,91,28,1,190,0,0,0,190
10/09/2007,ALB,NY,AEA,EN,Combined TRACON& Tower with Radar,76,104,38,4,222,0,1,24,4,29,76,105,62,8,251,0,0,0,251
10/10/2007,ALB,NY,AEA,EN,Combined TRACON& Tower with Radar,80,124,33,19,256,0,0,8,22,30,80,124,41,41,286,0,0,0,286
10/11/2007,ALB,NY,AEA,EN,Combined TRACON& Tower with Radar,87,120,43,7,257,0,0,5,0,5,87,120,48,7,262,0,0,0,262
10/12/2007,ALB,NY,AEA,EN,Combined TRACON& Tower with Radar,76,137,22,20,255,0,3,14,5,22,76,140,36,25,277,0,0,0,277
10/13/2007,ALB,NY,AEA,EN,Combined TRACON& Tower with Radar,74,78,27,0,179,0,3,80,8,91,74,81,107,8,270,0,0,0,270
10/14/2007,ALB,NY,AEA,EN,Combined TRACON& Tower with Radar,59,77,26,3,165,0,17,87,6,110,59,94,113,9,275,50,11,61,336
10/15/2007,ALB,NY,AEA,EN,Combined TRACON& Tower with Radar,70,120,32,5,227,0,17,86,8,111,70,137,118,13,338,40,4,44,382
10/16/2007,ALB,NY,AEA,EN,Combined TRACON& Tower with Radar,79,117,27,0,223,0,19,60,5,84,79,136,87,5,307,33,11,44,351
10/17/2007,ALB,NY,AEA,EN,Combined TRACON& Tower with Radar,78,117,43,25,263,0,17,111,14,142,78,134,154,39,405,48,16,64,469
10/18/2007,ALB,NY,AEA,EN,Combined TRACON& Tower with Radar,79,110,49,3,241,0,3,28,6,37,79,113,77,9,278,58,4,62,340
10/19/2007,ALB,NY,AEA,EN,Combined TRACON& Tower with Radar,80,123,28,3,234,0,1,7,1,9,80,124,35,4,243,0,0,0,243
10/20/2007,ALB,NY,AEA,EN,Combined TRACON& Tower with Radar,77,86,23,0,186,0,5,32,3,40,77,91,55,3,226,0,0,0,226
10/21/2007,ALB,NY,AEA,EN,Combined TRACON& Tower with Radar,60,73,18,1,152,0,6,84,1,91,60,79,102,2,243,0,0,0,243
10/22/2007,ALB,NY,AEA,EN,Combined TRACON& Tower with Radar,69,106,22,7,204,0,8,78,9,95,69,114,100,16,299,0,0,0,299
10/23/2007,ALB,NY,AEA,EN,Combined TRACON& Tower with Radar,75,113,28,12,228,0,0,5,8,13,75,113,33,20,241,0,0,0,241
10/24/2007,ALB,NY,AEA,EN,Combined TRACON& Tower with Radar,78,115,46,0,239,0,0,21,12,33,78,115,67,12,272,0,0,0,272
10/25/2007,ALB,NY,AEA,EN,Combined TRACON& Tower with Radar,78,116,45,8,247,0,6,55,8,69,78,122,100,16,316,0,0,0,316
10/26/2007,ALB,NY,AEA,EN,Combined TRACON& Tower with Radar,89,120,31,0,240,0,6,72,2,80,89,126,103,2,320,57,14,71,391
10/27/2007,ALB,NY,AEA,EN,Combined TRACON& Tower with Radar,75,76,19,0,170,0,1,7,1,9,75,77,26,1,179,2,0,2,181
10/28/2007,ALB,NY,AEA,EN,Combined TRACON& Tower with Radar,65,71,36,0,172,0,9,60,0,69,65,80,96,0,241,36,2,38,279
10/29/2007,ALB,NY,AEA,EN,Combined TRACON& Tower with Radar,73,98,16,2,189,0,5,63,9,77,73,103,79,11,266,14,0,14,280
10/30/2007,ALB,NY,AEA,EN,Combined TRACON& Tower with Radar,83,106,28,0,217,0,12,143,3,158,83,118,171,3,375,20,0,20,395
10/31/2007,ALB,NY,AEA,EN,Combined TRACON& Tower with Radar,85,103,19,2,209,0,11,57,6,74,85,114,76,8,283,34,8,42,325
11/01/2007,ALB,NY,AEA,EN,Combined TRACON& Tower with Radar,85,118,29,2,234,0,15,29,14,58,85,133,58,16,292,55,6,61,353
11/02/2007,ALB,NY,AEA,EN,Combined TRACON& Tower with Radar,80,116,39,2,237,0,6,50,8,64,80,122,89,10,301,0,0,0,301
11/03/2007,ALB,NY,AEA,EN,Combined TRACON& Tower with Radar,81,62,11,10,164,0,5,39,9,53,81,67,50,19,217,0,0,0,217
11/04/2007,ALB,NY,AEA,EN,Combined TRACON& Tower with Radar,65,68,16,2,151,0,0,81,8,89,65,68,97,10,240,0,0,0,240
11/05/2007,ALB,NY,AEA,EN,Combined TRACON& Tower with Radar,71,98,20,2,191,0,3,32,1,36,71,101,52,3,227,0,0,0,227
11/06/2007,ALB,NY,AEA,EN,Combined TRACON& Tower with Radar,82,107,13,1,203,0,2,33,5,40,82,109,46,6,243,0,0,0,243
11/07/2007,ALB,NY,AEA,EN,Combined TRACON& Tower with Radar,79,108,22,0,209,0,2,35,10,47,79,110,57,10,256,0,0,0,256
11/08/2007,ALB,NY,AEA,EN,Combined TRACON& Tower with Radar,85,110,28,1,224,0,3,51,7,61,85,113,79,8,285,0,0,0,285
11/09/2007,ALB,NY,AEA,EN,Combined TRACON& Tower with Radar,78,117,27,2,224,0,0,42,5,47,78,117,69,7,271,0,0,0,271
11/10/2007,ALB,NY,AEA,EN,Combined TRACON& Tower with Radar,76,68,10,0,154,0,26,65,3,94,76,94,75,3,248,0,0,0,248
11/11/2007,ALB,NY,AEA,EN,Combined TRACON& Tower with Radar,66,62,16,2,146,0,26,87,2,115,66,88,103,4,261,0,0,0,261
11/12/2007,ALB,NY,AEA,EN,Combined TRACON& Tower with Radar,74,88,15,2,179,0,0,30,2,32,74,88,45,4,211,0,0,0,211
11/13/2007,ALB,NY,AEA,EN,Combined TRACON& Tower with Radar,82,95,31,2,210,0,4,30,12,46,82,99,61,14,256,0,0,0,256
11/14/2007,ALB,NY,AEA,EN,Combined TRACON& Tower with Radar,84,109,28,5,226,0,4,26,12,42,84,113,54,17,268,0,0,0,268
11/15/2007,ALB,NY,AEA,EN,Combined TRACON& Tower with Radar,81,116,22,3,222,0,1,0,0,1,81,117,22,3,223,15,0,15,238
11/16/2007,ALB,NY,AEA,EN,Combined TRACON& Tower with Radar,82,124,21,7,234,0,1,25,4,30,82,125,46,11,264,0,0,0,264
11/17/2007,ALB,NY,AEA,EN,Combined TRACON& Tower with Radar,77,63,23,2,165,0,4,44,0,48,77,67,67,2,213,0,0,0,213
11/18/2007,ALB,NY,AEA,EN,Combined TRACON& Tower with Radar,67,72,15,3,157,0,0,72,1,73,67,72,87,4,230,0,0,0,230
11/19/2007,ALB,NY,AEA,EN,Combined TRACON& Tower with Radar,68,98,22,0,188,0,1,42,11,54,68,99,64,11,242,0,0,0,242
11/20/2007,ALB,NY,AEA,EN,Combined TRACON& Tower with Radar,87,119,35,2,243,0,0,0,4,4,87,119,35,6,247,0,0,0,247
11/21/2007,ALB,NY,AEA,EN,Combined TRACON& Tower with Radar,82,123,25,2,232,0,0,2,8,10,82,123,27,10,242,0,0,0,242
11/22/2007,ALB,NY,AEA,EN,Combined TRACON& Tower with Radar,65,80,17,0,162,0,0,5,0,5,65,80,22,0,167,0,0,0,167
11/23/2007,ALB,NY,AEA,EN,Combined TRACON& Tower with Radar,57,68,5,0,130,0,4,15,1,20,57,72,20,1,150,0,0,0,150
11/24/2007,ALB,NY,AEA,EN,Combined TRACON& Tower with Radar,74,63,10,0,147,0,2,47,2,51,74,65,57,2,198,0,0,0,198
11/25/2007,ALB,NY,AEA,EN,Combined TRACON& Tower with Radar,66,73,15,3,157,0,0,66,2,68,66,73,81,5,225,0,0,0,225
11/26/2007,ALB,NY,AEA,EN,Combined TRACON& Tower with Radar,78,105,27,8,218,0,1,7,0,8,78,106,34,8,226,0,0,0,226
11/27/2007,ALB,NY,AEA,EN,Combined TRACON& Tower with Radar,84,111,22,4,221,0,3,23,7,33,84,114,45,11,254,0,0,0,254
11/28/2007,ALB,NY,AEA,EN,Combined TRACON& Tower with Radar,85,116,27,6,234,0,6,34,23,63,85,122,61,29,297,0,0,0,297
11/29/2007,ALB,NY,AEA,EN,Combined TRACON& Tower with Radar,84,119,20,0,223,0,4,20,13,37,84,123,40,13,260,0,0,0,260
11/30/2007,ALB,NY,AEA,EN,Combined TRACON& Tower with Radar,84,108,20,0,212,0,5,45,13,63,84,113,65,13,275,0,0,0,275
12/01/2007,ALB,NY,AEA,EN,Combined TRACON& Tower with Radar,73,65,14,8,160,0,0,28,1,29,73,65,42,9,189,0,0,0,189
12/02/2007,ALB,NY,AEA,EN,Combined TRACON& Tower with Radar,63,56,10,1,130,0,0,4,0,4,63,56,14,1,134,0,0,0,134
12/03/2007,ALB,NY,AEA,EN,Combined TRACON& Tower with Radar,68,85,15,0,168,0,1,4,0,5,68,86,19,0,173,0,0,0,173
12/04/2007,ALB,NY,AEA,EN,Combined TRACON& Tower with Radar,83,102,30,0,215,0,0,16,6,22,83,102,46,6,237,0,0,0,237
12/05/2007,ALB,NY,AEA,EN,Combined TRACON& Tower with Radar,77,99,46,4,226,0,1,16,15,32,77,100,62,19,258,0,0,0,258
12/06/2007,ALB,NY,AEA,EN,Combined TRACON& Tower with Radar,81,111,21,0,213,0,6,37,9,52,81,117,58,9,265,21,0,21,286
12/07/2007,ALB,NY,AEA,EN,Combined TRACON& Tower with Radar,80,112,27,3,222,0,1,9,4,14,80,113,36,7,236,0,0,0,236
12/08/2007,ALB,NY,AEA,EN,Combined TRACON& Tower with Radar,72,78,15,3,168,0,4,41,6,51,72,82,56,9,219,0,0,0,219
12/09/2007,ALB,NY,AEA,EN,Combined TRACON& Tower with Radar,57,70,24,6,157,0,1,31,9,41,57,71,55,15,198,0,0,0,198
12/10/2007,ALB,NY,AEA,EN,Combined TRACON& Tower with Radar,71,92,24,12,199,0,1,1,2,4,71,93,25,14,203,16,0,16,219
12/11/2007,ALB,NY,AEA,EN,Combined TRACON& Tower with Radar,75,95,49,15,234,0,1,5,0,6,75,96,54,15,240,19,0,19,259
12/12/2007,ALB,NY,AEA,EN,Combined TRACON& Tower with Radar,79,106,48,42,275,0,1,30,7,38,79,107,78,49,313,28,0,28,341
12/13/2007,ALB,NY,AEA,EN,Combined TRACON& Tower with Radar,61,65,14,3,143,0,6,19,10,35,61,71,33,13,178,0,0,0,178
12/14/2007,ALB,NY,AEA,EN,Combined TRACON& Tower with Radar,80,92,24,0,196,0,3,8,3,14,80,95,32,3,210,12,8,20,230
12/15/2007,ALB,NY,AEA,EN,Combined TRACON& Tower with Radar,73,65,12,0,150,0,3,52,0,55,73,68,64,0,205,11,0,11,216
12/16/2007,ALB,NY,AEA,EN,Combined TRACON& Tower with Radar,32,13,3,0,48,0,0,1,2,3,32,13,4,2,51,0,0,0,51
12/17/2007,ALB,NY,AEA,EN,Combined TRACON& Tower with Radar,71,75,19,0,165,0,5,16,6,27,71,80,35,6,192,17,4,21,213
12/18/2007,ALB,NY,AEA,EN,Combined TRACON& Tower with Radar,81,101,28,8,218,0,4,34,14,52,81,105,62,22,270,1,6,7,277
12/19/2007,ALB,NY,AEA,EN,Combined TRACON& Tower with Radar,81,109,29,4,223,0,2,27,5,34,81,111,56,9,257,17,4,21,278
12/20/2007,ALB,NY,AEA,EN,Combined TRACON& Tower with Radar,82,111,35,6,234,0,0,7,3,10,82,111,42,9,244,0,12,12,256
12/21/2007,ALB,NY,AEA,EN,Combined TRACON& Tower with Radar,79,106,22,2,209,0,2,18,0,20,79,108,40,2,229,0,0,0,229
12/22/2007,ALB,NY,AEA,EN,Combined TRACON& Tower with Radar,75,77,22,0,174,0,0,25,0,25,75,77,47,0,199,0,0,0,199
12/23/2007,ALB,NY,AEA,EN,Combined TRACON& Tower with Radar,59,47,9,0,115,0,0,0,1,1,59,47,9,1,116,0,0,0,116
12/24/2007,ALB,NY,AEA,EN,Combined TRACON& Tower with Radar,60,73,6,0,139,0,2,13,2,17,60,75,19,2,156,0,0,0,156
12/25/2007,ALB,NY,AEA,EN,Combined TRACON& Tower with Radar,53,76,9,0,138,0,0,13,1,14,53,76,22,1,152,0,0,0,152
12/26/2007,ALB,NY,AEA,EN,Combined TRACON& Tower with Radar,68,85,17,0,170,0,2,50,2,54,68,87,67,2,224,0,0,0,224
12/27/2007,ALB,NY,AEA,EN,Combined TRACON& Tower with Radar,78,105,21,0,204,0,1,1,1,3,78,106,22,1,207,0,0,0,207
12/28/2007,ALB,NY,AEA,EN,Combined TRACON& Tower with Radar,79,105,21,1,206,0,3,21,8,32,79,108,42,9,238,0,0,0,238
12/29/2007,ALB,NY,AEA,EN,Combined TRACON& Tower with Radar,73,74,10,0,157,0,0,16,1,17,73,74,26,1,174,0,0,0,174
12/30/2007,ALB,NY,AEA,EN,Combined TRACON& Tower with Radar,56,65,7,0,128,0,0,37,1,38,56,65,44,1,166,0,0,0,166
12/31/2007,ALB,NY,AEA,EN,Combined TRACON& Tower with Radar,64,69,4,0,137,0,2,8,0,10,64,71,12,0,147,0,0,0,147
01/01/2008,ALB,NY,AEA,EN,Combined TRACON& Tower with Radar,57,69,2,0,128,0,5,0,1,6,57,74,2,1,134,0,0,0,134
01/02/2008,ALB,NY,AEA,EN,Combined TRACON& Tower with Radar,64,77,13,1,155,0,5,11,15,31,64,82,24,16,186,12,7,19,205
01/03/2008,ALB,NY,AEA,EN,Combined TRACON& Tower with Radar,80,96,26,21,223,0,4,53,2,59,80,100,79,23,282,23,22,45,327
01/04/2008,ALB,NY,AEA,EN,Combined TRACON& Tower with Radar,80,101,16,2,199,0,11,43,5,59,80,112,59,7,258,9,10,19,277
01/05/2008,ALB,NY,AEA,EN,Combined TRACON& Tower with Radar,70,62,13,0,145,0,8,83,5,96,70,70,96,5,241,14,1,15,256
01/06/2008,ALB,NY,AEA,EN,Combined TRACON& Tower with Radar,57,59,13,0,129,0,0,30,0,30,57,59,43,0,159,37,0,37,196
01/07/2008,ALB,NY,AEA,EN,Combined TRACON& Tower with Radar,65,89,19,9,182,0,9,43,2,54,65,98,62,11,236,30,6,36,272
01/08/2008,ALB,NY,AEA,EN,Combined TRACON& Tower with Radar,70,94,19,6,189,0,8,47,10,65,70,102,66,16,254,30,3,33,287
01/09/2008,ALB,NY,AEA,EN,Combined TRACON& Tower with Radar,73,95,27,0,195,0,7,11,0,18,73,102,38,0,213,4,0,4,217
01/10/2008,ALB,NY,AEA,EN,Combined TRACON& Tower with Radar,75,110,30,6,221,0,35,74,34,143,75,145,104,40,364,30,9,39,403
01/11/2008,ALB,NY,AEA,EN,Combined TRACON& Tower with Radar,77,106,14,0,197,0,0,1,7,8,77,106,15,7,205,5,3,8,213
01/12/2008,ALB,NY,AEA,EN,Combined TRACON& Tower with Radar,61,72,24,0,157,0,8,98,48,154,61,80,122,48,311,21,3,24,335
01/13/2008,ALB,NY,AEA,EN,Combined TRACON& Tower with Radar,55,56,23,2,136,0,6,119,1,126,55,62,142,3,262,95,13,108,370
01/14/2008,ALB,NY,AEA,EN,Combined TRACON& Tower with Radar,65,74,19,2,160,0,0,0,0,0,65,74,19,2,160,0,0,0,160
01/15/2008,ALB,NY,AEA,EN,Combined TRACON& Tower with Radar,75,100,21,6,202,0,2,0,5,7,75,102,21,11,209,7,2,9,218
01/16/2008,ALB,NY,AEA,EN,Combined TRACON& Tower with Radar,73,104,28,4,209,0,7,78,5,90,73,111,106,9,299,33,0,33,332
01/17/2008,ALB,NY,AEA,EN,Combined TRACON& Tower with Radar,70,99,22,33,224,0,1,66,43,110,70,100,88,76,334,52,60,112,446
01/18/2008,ALB,NY,AEA,EN,Combined TRACON& Tower with Radar,71,108,18,0,197,0,4,28,5,37,71,112,46,5,234,13,4,17,251
01/19/2008,ALB,NY,AEA,EN,Combined TRACON& Tower with Radar,60,69,18,0,147,0,2,56,0,58,60,71,74,0,205,21,2,23,228
01/20/2008,ALB,NY,AEA,EN,Combined TRACON& Tower with Radar,56,62,17,0,135,0,2,18,0,20,56,64,35,0,155,0,0,0,155
01/21/2008,ALB,NY,AEA,EN,Combined TRACON& Tower with Radar,64,75,7,0,146,0,3,64,0,67,64,78,71,0,213,12,0,12,225
01/22/2008,ALB,NY,AEA,EN,Combined TRACON& Tower with Radar,72,85,24,44,225,0,1,5,25,31,72,86,29,69,256,10,34,44,300
01/23/2008,ALB,NY,AEA,EN,Combined TRACON& Tower with Radar,70,105,25,41,241,0,10,50,35,95,70,115,75,76,336,0,24,24,360
01/24/2008,ALB,NY,AEA,EN,Combined TRACON& Tower with Radar,78,96,25,7,206,0,3,45,29,77,78,99,70,36,283,5,4,9,292
01/25/2008,ALB,NY,AEA,EN,Combined TRACON& Tower with Radar,75,98,25,3,201,0,3,85,11,99,75,101,110,14,300,10,0,10,310
01/26/2008,ALB,NY,AEA,EN,Combined TRACON& Tower with Radar,59,68,34,0,161,0,1,70,2,73,59,69,104,2,234,27,0,27,261
01/27/2008,ALB,NY,AEA,EN,Combined TRACON& Tower with Radar,57,57,21,2,137,0,0,91,3,94,57,57,112,5,231,48,0,48,279
01/28/2008,ALB,NY,AEA,EN,Combined TRACON& Tower with Radar,64,86,41,3,194,0,4,87,13,104,64,90,128,16,298,74,7,81,379
01/29/2008,ALB,NY,AEA,EN,Combined TRACON& Tower with Radar,72,92,37,5,206,0,1,27,28,56,72,93,64,33,262,4,16,20,282
01/30/2008,ALB,NY,AEA,EN,Combined TRACON& Tower with Radar,74,88,23,3,188,0,3,5,0,8,74,91,28,3,196,4,12,16,212
01/31/2008,ALB,NY,AEA,EN,Combined TRACON& Tower with Radar,73,98,34,3,208,0,3,91,27,121,73,101,125,30,329,12,5,17,346
02/01/2008,ALB,NY,AEA,EN,Combined TRACON& Tower with Radar,75,68,10,2,155,0,0,3,0,3,75,68,13,2,158,8,0,8,166
02/02/2008,ALB,NY,AEA,EN,Combined TRACON& Tower with Radar,53,63,33,3,152,0,0,15,2,17,53,63,48,5,169,34,10,44,213
02/03/2008,ALB,NY,AEA,EN,Combined TRACON& Tower with Radar,58,63,11,0,132,0,0,31,3,34,58,63,42,3,166,20,0,20,186
02/04/2008,ALB,NY,AEA,EN,Combined TRACON& Tower with Radar,68,95,20,2,185,0,0,13,4,17,68,95,33,6,202,0,0,0,202
02/05/2008,ALB,NY,AEA,EN,Combined TRACON& Tower with Radar,75,100,19,9,203,0,1,2,0,3,75,101,21,9,206,13,0,13,219
02/06/2008,ALB,NY,AEA,EN,Combined TRACON& Tower with Radar,68,68,18,2,156,0,0,7,0,7,68,68,25,2,163,0,0,0,163
02/07/2008,ALB,NY,AEA,EN,Combined TRACON& Tower with Radar,76,95,28,16,215,0,2,6,8,16,76,97,34,24,231,19,20,39,270
02/08/2008,ALB,NY,AEA,EN,Combined TRACON& Tower with Radar,79,92,19,0,190,0,2,16,6,24,79,94,35,6,214,7,8,15,229
02/09/2008,ALB,NY,AEA,EN,Combined TRACON& Tower with Radar,55,55,9,1,120,0,2,40,0,42,55,57,49,1,162,36,2,38,200
02/10/2008,ALB,NY,AEA,EN,Combined TRACON& Tower with Radar,64,50,4,2,120,0,0,0,0,0,64,50,4,2,120,0,0,0,120
02/11/2008,ALB,NY,AEA,EN,Combined TRACON& Tower with Radar,75,86,22,5,188,0,3,12,7,22,75,89,34,12,210,2,16,18,228
02/12/2008,ALB,NY,AEA,EN,Combined TRACON& Tower with Radar,73,76,17,3,169,0,0,14,6,20,73,76,31,9,189,10,4,14,203
02/13/2008,ALB,NY,AEA,EN,Combined TRACON& Tower with Radar,77,55,6,1,139,0,0,0,0,0,77,55,6,1,139,1,0,1,140
02/14/2008,ALB,NY,AEA,EN,Combined TRACON& Tower with Radar,80,98,36,3,217,0,6,46,7,59,80,104,82,10,276,65,0,65,341
02/15/2008,ALB,NY,AEA,EN,Combined TRACON& Tower with Radar,78,106,23,2,209,0,2,21,7,30,78,108,44,9,239,12,0,12,251
02/16/2008,ALB,NY,AEA,EN,Combined TRACON& Tower with Radar,64,62,11,2,139,0,0,62,0,62,64,62,73,2,201,40,9,49,250
02/17/2008,ALB,NY,AEA,EN,Combined TRACON& Tower with Radar,63,56,10,0,129,0,0,22,0,22,63,56,32,0,151,30,0,30,181
02/18/2008,ALB,NY,AEA,EN,Combined TRACON& Tower with Radar,72,77,8,2,159,0,0,0,0,0,72,77,8,2,159,6,0,6,165
02/19/2008,ALB,NY,AEA,EN,Combined TRACON& Tower with Radar,83,90,29,2,204,0,1,10,2,13,83,91,39,4,217,15,15,30,247
02/20/2008,ALB,NY,AEA,EN,Combined TRACON& Tower with Radar,77,95,17,1,190,0,1,20,21,42,77,96,37,22,232,39,9,48,280
02/21/2008,ALB,NY,AEA,EN,Combined TRACON& Tower with Radar,78,94,32,6,210,0,5,30,12,47,78,99,62,18,257,0,0,0,257
02/22/2008,ALB,NY,AEA,EN,Combined TRACON& Tower with Radar,64,81,16,0,161,0,0,0,0,0,64,81,16,0,161,0,0,0,161
02/23/2008,ALB,NY,AEA,EN,Combined TRACON& Tower with Radar,64,65,28,4,161,0,0,22,0,22,64,65,50,4,183,8,0,8,191
02/24/2008,ALB,NY,AEA,EN,Combined TRACON& Tower with Radar,62,62,20,0,144,0,0,85,0,85,62,62,105,0,229,67,9,76,305
02/25/2008,ALB,NY,AEA,EN,Combined TRACON& Tower with Radar,71,90,23,2,186,0,5,37,4,46,71,95,60,6,232,0,0,0,232
02/26/2008,ALB,NY,AEA,EN,Combined TRACON& Tower with Radar,65,60,18,5,148,0,0,0,0,0,65,60,18,5,148,10,4,14,162
02/27/2008,ALB,NY,AEA,EN,Combined TRACON& Tower with Radar,82,97,13,1,193,0,0,3,0,3,82,97,16,1,196,2,0,2,198
02/28/2008,ALB,NY,AEA,EN,Combined TRACON& Tower with Radar,77,91,19,3,190,0,4,34,0,38,77,95,53,3,228,10,0,10,238
02/29/2008,ALB,NY,AEA,EN,Combined TRACON& Tower with Radar,78,96,23,5,202,0,3,20,1,24,78,99,43,6,226,0,0,0,226
03/01/2008,ALB,NY,AEA,EN,Combined TRACON& Tower with Radar,0,0,0,0,0,63,60,18,1,142,63,60,18,1,142,7,0,7,149
03/02/2008,ALB,NY,AEA,EN,Combined TRACON& Tower with Radar,0,0,0,0,0,65,56,78,3,202,65,56,78,3,202,23,0,23,225
03/03/2008,ALB,NY,AEA,EN,Combined TRACON& Tower with Radar,0,0,0,0,0,71,90,47,3,211,71,90,47,3,211,12,6,18,229
03/04/2008,ALB,NY,AEA,EN,Combined TRACON& Tower with Radar,74,82,30,5,191,0,0,0,0,0,74,82,30,5,191,0,0,0,191
03/05/2008,ALB,NY,AEA,EN,Combined TRACON& Tower with Radar,0,0,0,0,0,83,90,18,21,212,83,90,18,21,212,14,9,23,235
03/06/2008,ALB,NY,AEA,EN,Combined TRACON& Tower with Radar,0,0,0,0,0,78,95,87,26,286,78,95,87,26,286,10,8,18,304
03/07/2008,ALB,NY,AEA,EN,Combined TRACON& Tower with Radar,40,52,13,1,106,33,37,28,17,115,73,89,41,18,221,11,2,13,234
03/08/2008,ALB,NY,AEA,EN,Combined TRACON& Tower with Radar,82,58,8,0,148,0,0,0,0,0,82,58,8,0,148,0,0,0,148
03/09/2008,ALB,NY,AEA,EN,Combined TRACON& Tower with Radar,0,0,0,0,0,64,54,10,8,136,64,54,10,8,136,8,0,8,144
03/10/2008,ALB,NY,AEA,EN,Combined TRACON& Tower with Radar,0,0,0,0,0,69,88,59,23,239,69,88,59,23,239,26,16,42,281
03/11/2008,ALB,NY,AEA,EN,Combined TRACON& Tower with Radar,0,0,0,0,0,80,100,58,13,251,80,100,58,13,251,21,8,29,280
03/12/2008,ALB,NY,AEA,EN,Combined TRACON& Tower with Radar,0,0,0,0,0,78,96,38,16,228,78,96,38,16,228,13,30,43,271
03/13/2008,ALB,NY,AEA,EN,Combined TRACON& Tower with Radar,82,94,20,8,204,0,3,38,17,58,82,97,58,25,262,24,2,26,288
03/14/2008,ALB,NY,AEA,EN,Combined TRACON& Tower with Radar,78,106,21,2,207,0,1,18,5,24,78,107,39,7,231,5,8,13,244
03/15/2008,ALB,NY,AEA,EN,Combined TRACON& Tower with Radar,63,58,28,0,149,0,0,6,0,6,63,58,34,0,155,19,0,19,174
03/16/2008,ALB,NY,AEA,EN,Combined TRACON& Tower with Radar,60,64,19,0,143,0,0,19,0,19,60,64,38,0,162,0,0,0,162
03/17/2008,ALB,NY,AEA,EN,Combined TRACON& Tower with Radar,73,90,33,28,224,0,4,52,12,68,73,94,85,40,292,10,72,82,374
03/18/2008,ALB,NY,AEA,EN,Combined TRACON& Tower with Radar,76,91,30,8,205,0,2,25,11,38,76,93,55,19,243,15,3,18,261
03/19/2008,ALB,NY,AEA,EN,Combined TRACON& Tower with Radar,74,95,25,16,210,0,0,0,0,0,74,95,25,16,210,10,10,20,230
03/20/2008,ALB,NY,AEA,EN,Combined TRACON& Tower with Radar,80,100,20,23,223,1,3,6,12,22,81,103,26,35,245,19,21,40,285
03/21/2008,ALB,NY,AEA,EN,Combined TRACON& Tower with Radar,81,101,13,0,195,0,1,15,3,19,81,102,28,3,214,4,2,6,220
03/22/2008,ALB,NY,AEA,EN,Combined TRACON& Tower with Radar,64,51,8,0,123,0,0,58,1,59,64,51,66,1,182,48,0,48,230
03/23/2008,ALB,NY,AEA,EN,Combined TRACON& Tower with Radar,59,65,13,0,137,0,0,33,2,35,59,65,46,2,172,8,0,8,180
03/24/2008,ALB,NY,AEA,EN,Combined TRACON& Tower with Radar,74,86,17,4,181,0,4,48,7,59,74,90,65,11,240,42,24,66,306
03/25/2008,ALB,NY,AEA,EN,Combined TRACON& Tower with Radar,77,84,27,12,200,0,4,65,30,99,77,88,92,42,299,57,50,107,406
03/26/2008,ALB,NY,AEA,EN,Combined TRACON& Tower with Radar,81,96,15,2,194,0,2,29,9,40,81,98,44,11,234,9,0,9,243
03/27/2008,ALB,NY,AEA,EN,Combined TRACON& Tower with Radar,79,98,28,4,209,0,2,34,15,51,79,100,62,19,260,0,0,0,260
03/28/2008,ALB,NY,AEA,EN,Combined TRACON& Tower with Radar,81,112,27,1,221,0,0,0,0,0,81,112,27,1,221,0,0,0,221
03/29/2008,ALB,NY,AEA,EN,Combined TRACON& Tower with Radar,70,54,11,1,136,0,16,41,0,57,70,70,52,1,193,27,0,27,220
03/30/2008,ALB,NY,AEA,EN,Combined TRACON& Tower with Radar,60,60,8,0,128,0,22,99,0,121,60,82,107,0,249,89,32,121,370
03/31/2008,ALB,NY,AEA,EN,Combined TRACON& Tower with Radar,71,81,15,1,168,0,0,3,0,3,71,81,18,1,171,2,0,2,173
04/01/2008,ALB,NY,AEA,EN,Combined TRACON& Tower with Radar,86,80,22,4,192,0,0,5,7,12,86,80,27,11,204,3,5,8,212
04/02/2008,ALB,NY,AEA,EN,Combined TRACON& Tower with Radar,82,88,13,1,184,0,5,11,19,35,82,93,24,20,219,25,12,37,256
04/03/2008,ALB,NY,AEA,EN,Combined TRACON& Tower with Radar,83,97,24,0,204,0,7,54,11,72,83,104,78,11,276,54,14,68,344
04/04/2008,ALB,NY,AEA,EN,Combined TRACON& Tower with Radar,79,85,24,0,188,0,0,0,0,0,79,85,24,0,188,0,0,0,188
04/05/2008,ALB,NY,AEA,EN,Combined TRACON& Tower with Radar,66,58,8,0,132,0,7,25,0,32,66,65,33,0,164,20,0,20,184
04/06/2008,ALB,NY,AEA,EN,Combined TRACON& Tower with Radar,60,61,24,0,145,0,0,57,2,59,60,61,81,2,204,34,2,36,240
04/07/2008,ALB,NY,AEA,EN,Combined TRACON& Tower with Radar,79,89,20,1,189,0,2,26,3,31,79,91,46,4,220,17,8,25,245
04/08/2008,ALB,NY,AEA,EN,Combined TRACON& Tower with Radar,84,86,25,14,209,0,14,73,11,98,84,100,98,25,307,12,2,14,321
04/09/2008,ALB,NY,AEA,EN,Combined TRACON& Tower with Radar,82,99,33,17,231,0,3,43,4,50,82,102,76,21,281,25,28,53,334
04/10/2008,ALB,NY,AEA,EN,Combined TRACON& Tower with Radar,82,107,20,4,213,0,4,42,4,50,82,111,62,8,263,11,2,13,276
04/11/2008,ALB,NY,AEA,EN,Combined TRACON& Tower with Radar,82,95,25,0,202,1,2,4,0,7,83,97,29,0,209,9,0,9,218
04/12/2008,ALB,NY,AEA,EN,Combined TRACON& Tower with Radar,71,61,6,3,141,0,1,11,2,14,71,62,17,5,155,17,0,17,172
04/13/2008,ALB,NY,AEA,EN,Combined TRACON& Tower with Radar,67,59,15,0,141,0,0,3,0,3,67,59,18,0,144,0,0,0,144
04/14/2008,ALB,NY,AEA,EN,Combined TRACON& Tower with Radar,79,77,17,15,188,0,8,27,8,43,79,85,44,23,231,3,32,35,266
04/15/2008,ALB,NY,AEA,EN,Combined TRACON& Tower with Radar,85,82,17,3,187,0,6,70,1,77,85,88,87,4,264,38,0,38,302
04/16/2008,ALB,NY,AEA,EN,Combined TRACON& Tower with Radar,88,89,14,2,193,0,11,65,4,80,88,100,79,6,273,24,4,28,301
04/17/2008,ALB,NY,AEA,EN,Combined TRACON& Tower with Radar,86,92,22,4,204,0,5,66,2,73,86,97,88,6,277,60,2,62,339
04/18/2008,ALB,NY,AEA,EN,Combined TRACON& Tower with Radar,88,83,12,0,183,0,8,62,4,74,88,91,74,4,257,68,0,68,325
04/19/2008,ALB,NY,AEA,EN,Combined TRACON& Tower with Radar,72,60,17,0,149,0,1,65,3,69,72,61,82,3,218,79,0,79,297
04/20/2008,ALB,NY,AEA,EN,Combined TRACON& Tower with Radar,69,63,15,0,147,0,1,64,7,72,69,64,79,7,219,68,15,83,302
04/21/2008,ALB,NY,AEA,EN,Combined TRACON& Tower with Radar,82,79,22,2,185,0,5,33,5,43,82,84,55,7,228,40,4,44,272
04/22/2008,ALB,NY,AEA,EN,Combined TRACON& Tower with Radar,83,83,9,1,176,0,4,70,5,79,83,87,79,6,255,27,2,29,284
04/23/2008,ALB,NY,AEA,EN,Combined TRACON& Tower with Radar,89,90,31,0,210,0,5,55,0,60,89,95,86,0,270,10,0,10,280
04/24/2008,ALB,NY,AEA,EN,Combined TRACON& Tower with Radar,86,82,24,1,193,0,5,53,6,64,86,87,77,7,257,70,18,88,345
04/25/2008,ALB,NY,AEA,EN,Combined TRACON& Tower with Radar,83,91,23,0,197,0,12,67,5,84,83,103,90,5,281,48,3,51,332
04/26/2008,ALB,NY,AEA,EN,Combined TRACON& Tower with Radar,67,54,21,0,142,0,2,29,2,33,67,56,50,2,175,26,0,26,201
04/27/2008,ALB,NY,AEA,EN,Combined TRACON& Tower with Radar,69,60,24,1,154,0,0,38,0,38,69,60,62,1,192,16,0,16,208
04/28/2008,ALB,NY,AEA,EN,Combined TRACON& Tower with Radar,82,83,21,1,187,0,0,0,0,0,82,83,21,1,187,0,0,0,187
04/29/2008,ALB,NY,AEA,EN,Combined TRACON& Tower with Radar,88,88,34,20,230,0,3,10,13,26,88,91,44,33,256,18,28,46,302
04/30/2008,ALB,NY,AEA,EN,Combined TRACON& Tower with Radar,89,88,28,3,208,0,8,57,10,75,89,96,85,13,283,47,22,69,352
05/01/2008,ALB,NY,AEA,EN,Combined TRACON& Tower with Radar,84,95,37,4,220,0,6,70,14,90,84,101,107,18,310,0,0,0,310
05/02/2008,ALB,NY,AEA,EN,Combined TRACON& Tower with Radar,80,90,25,0,195,0,0,9,4,13,80,90,34,4,208,34,9,43,251
05/03/2008,ALB,NY,AEA,EN,Combined TRACON& Tower with Radar,69,63,32,0,164,0,0,0,2,2,69,63,32,2,166,24,0,24,190
05/04/2008,ALB,NY,AEA,EN,Combined TRACON& Tower with Radar,66,69,15,0,150,0,0,9,7,16,66,69,24,7,166,26,8,34,200
05/05/2008,ALB,NY,AEA,EN,Combined TRACON& Tower with Radar,78,75,22,10,185,0,4,57,7,68,78,79,79,17,253,54,16,70,323
05/06/2008,ALB,NY,AEA,EN,Combined TRACON& Tower with Radar,85,84,13,2,184,0,5,49,10,64,85,89,62,12,248,66,9,75,323
05/07/2008,ALB,NY,AEA,EN,Combined TRACON& Tower with Radar,82,89,25,4,200,0,5,77,20,102,82,94,102,24,302,62,16,78,380
05/08/2008,ALB,NY,AEA,EN,Combined TRACON& Tower with Radar,86,85,32,4,207,0,3,18,16,37,86,88,50,20,244,65,31,96,340
05/09/2008,ALB,NY,AEA,EN,Combined TRACON& Tower with Radar,84,89,25,5,203,0,0,24,4,28,84,89,49,9,231,29,0,29,260
05/10/2008,ALB,NY,AEA,EN,Combined TRACON& Tower with Radar,70,54,23,1,148,0,1,42,0,43,70,55,65,1,191,9,0,9,200
05/11/2008,ALB,NY,AEA,EN,Combined TRACON& Tower with Radar,63,57,22,0,142,0,2,59,0,61,63,59,81,0,203,39,2,41,244
05/12/2008,ALB,NY,AEA,EN,Combined TRACON& Tower with Radar,76,77,18,2,173,0,3,21,1,25,76,80,39,3,198,18,3,21,219
05/13/2008,ALB,NY,AEA,EN,Combined TRACON& Tower with Radar,83,83,37,3,206,0,5,52,16,73,83,88,89,19,279,31,2,33,312
05/14/2008,ALB,NY,AEA,EN,Combined TRACON& Tower with Radar,82,82,24,3,191,0,7,55,5,67,82,89,79,8,258,22,2,24,282
05/15/2008,ALB,NY,AEA,EN,Combined TRACON& Tower with Radar,83,87,42,2,214,0,4,31,9,44,83,91,73,11,258,54,12,66,324
05/16/2008,ALB,NY,AEA,EN,Combined TRACON& Tower with Radar,81,84,29,2,196,0,0,33,0,33,81,84,62,2,229,0,0,0,229
05/17/2008,ALB,NY,AEA,EN,Combined TRACON& Tower with Radar,68,81,17,0,166,0,3,44,0,47,68,84,61,0,213,46,2,48,261
05/18/2008,ALB,NY,AEA,EN,Combined TRACON& Tower with Radar,70,66,36,4,176,0,0,24,0,24,70,66,60,4,200,19,0,19,219
05/19/2008,ALB,NY,AEA,EN,Combined TRACON& Tower with Radar,81,87,18,5,191,0,1,12,12,25,81,88,30,17,216,17,0,17,233
05/20/2008,ALB,NY,AEA,EN,Combined TRACON& Tower with Radar,82,85,41,4,212,0,3,40,10,53,82,88,81,14,265,16,2,18,283
05/21/2008,ALB,NY,AEA,EN,Combined TRACON& Tower with Radar,88,84,25,1,198,0,3,28,7,38,88,87,53,8,236,22,9,31,267
05/22/2008,ALB,NY,AEA,EN,Combined TRACON& Tower with Radar,86,82,44,2,214,0,3,11,11,25,86,85,55,13,239,22,4,26,265
05/23/2008,ALB,NY,AEA,EN,Combined TRACON& Tower with Radar,83,84,31,1,199,0,3,44,3,50,83,87,75,4,249,30,4,34,283
05/24/2008,ALB,NY,AEA,EN,Combined TRACON& Tower with Radar,69,55,12,1,137,0,0,33,0,33,69,55,45,1,170,20,0,20,190
05/25/2008,ALB,NY,AEA,EN,Combined TRACON& Tower with Radar,50,52,18,0,120,0,0,76,0,76,50,52,94,0,196,58,2,60,256
05/26/2008,ALB,NY,AEA,EN,Combined TRACON& Tower with Radar,69,52,12,0,133,0,0,20,0,20,69,52,32,0,153,29,0,29,182
05/27/2008,ALB,NY,AEA,EN,Combined TRACON& Tower with Radar,81,75,23,2,181,0,3,13,0,16,81,78,36,2,197,34,24,58,255
05/28/2008,ALB,NY,AEA,EN,Combined TRACON& Tower with Radar,84,93,21,0,198,0,7,79,4,90,84,100,100,4,288,37,0,37,325
05/29/2008,ALB,NY,AEA,EN,Combined TRACON& Tower with Radar,85,84,25,2,196,0,5,33,3,41,85,89,58,5,237,19,2,21,258
05/30/2008,ALB,NY,AEA,EN,Combined TRACON& Tower with Radar,84,79,33,6,202,0,5,70,3,78,84,84,103,9,280,13,0,13,293
05/31/2008,ALB,NY,AEA,EN,Combined TRACON& Tower with Radar,69,52,22,2,145,0,1,5,0,6,69,53,27,2,151,40,1,41,192
06/01/2008,ALB,NY,AEA,EN,Combined TRACON& Tower with Radar,69,67,24,0,160,0,0,32,3,35,69,67,56,3,195,43,0,43,238
06/02/2008,ALB,NY,AEA,EN,Combined TRACON& Tower with Radar,77,75,17,2,171,0,3,35,0,38,77,78,52,2,209,40,8,48,257
06/03/2008,ALB,NY,AEA,EN,Combined TRACON& Tower with Radar,79,87,35,8,209,0,3,41,4,48,79,90,76,12,257,29,0,29,286
06/04/2008,ALB,NY,AEA,EN,Combined TRACON& Tower with Radar,82,80,49,4,215,0,1,13,3,17,82,81,62,7,232,33,0,33,265
06/05/2008,ALB,NY,AEA,EN,Combined TRACON& Tower with Radar,46,51,26,4,127,36,40,36,16,128,82,91,62,20,255,18,1,19,274
06/06/2008,ALB,NY,AEA,EN,Combined TRACON& Tower with Radar,79,99,27,10,215,0,1,16,0,17,79,100,43,10,232,39,0,39,271
06/07/2008,ALB,NY,AEA,EN,Combined TRACON& Tower with Radar,70,67,21,3,161,0,2,15,2,19,70,69,36,5,180,59,1,60,240
06/08/2008,ALB,NY,AEA,EN,Combined TRACON& Tower with Radar,71,73,22,2,168,0,0,18,0,18,71,73,40,2,186,35,0,35,221
06/09/2008,ALB,NY,AEA,EN,Combined TRACON& Tower with Radar,74,91,24,3,192,0,7,28,0,35,74,98,52,3,227,39,9,48,275
06/10/2008,ALB,NY,AEA,EN,Combined TRACON& Tower with Radar,82,81,17,12,192,0,3,22,0,25,82,84,39,12,217,17,0,17,234
06/11/2008,ALB,NY,AEA,EN,Combined TRACON& Tower with Radar,86,102,29,2,219,0,5,55,5,65,86,107,84,7,284,49,9,58,342
06/12/2008,ALB,NY,AEA,EN,Combined TRACON& Tower with Radar,85,99,29,10,223,0,4,69,4,77,85,103,98,14,300,37,0,37,337
06/13/2008,ALB,NY,AEA,EN,Combined TRACON& Tower with Radar,76,98,18,3,195,0,3,60,0,63,76,101,78,3,258,35,4,39,297
06/14/2008,ALB,NY,AEA,EN,Combined TRACON& Tower with Radar,79,61,16,1,157,0,1,22,0,23,79,62,38,1,180,9,0,9,189
06/15/2008,ALB,NY,AEA,EN,Combined TRACON& Tower with Radar,66,63,20,0,149,0,1,30,0,31,66,64,50,0,180,70,0,70,250
06/16/2008,ALB,NY,AEA,EN,Combined TRACON& Tower with Radar,84,78,21,2,185,0,2,14,0,16,84,80,35,2,201,20,2,22,223
06/17/2008,ALB,NY,AEA,EN,Combined TRACON& Tower with Radar,85,101,37,8,231,0,3,26,6,35,85,104,63,14,266,48,20,68,334
06/18/2008,ALB,NY,AEA,EN,Combined TRACON& Tower with Radar,84,103,39,10,236,0,2,33,2,37,84,105,72,12,273,23,3,26,299
06/19/2008,ALB,NY,AEA,EN,Combined TRACON& Tower with Radar,85,91,35,1,212,0,3,48,5,56,85,94,83,6,268,30,2,32,300
06/20/2008,ALB,NY,AEA,EN,Combined TRACON& Tower with Radar,81,96,21,2,200,0,1,19,0,20,81,97,40,2,220,15,2,17,237
06/21/2008,ALB,NY,AEA,EN,Combined TRACON& Tower with Radar,73,63,16,4,156,0,0,64,0,64,73,63,80,4,220,26,1,27,247
06/22/2008,ALB,NY,AEA,EN,Combined TRACON& Tower with Radar,62,75,7,0,144,0,0,6,0,6,62,75,13,0,150,0,0,0,150
06/23/2008,ALB,NY,AEA,EN,Combined TRACON& Tower with Radar,88,94,32,2,216,0,5,6,0,11,88,99,38,2,227,22,1,23,250
06/24/2008,ALB,NY,AEA,EN,Combined TRACON& Tower with Radar,86,94,33,4,217,0,8,41,2,51,86,102,74,6,268,53,33,86,354
06/25/2008,ALB,NY,AEA,EN,Combined TRACON& Tower with Radar,83,96,27,1,207,0,4,77,1,82,83,100,104,2,289,69,7,76,365
06/26/2008,ALB,NY,AEA,EN,Combined TRACON& Tower with Radar,80,103,25,12,220,0,1,11,5,17,80,104,36,17,237,22,12,34,271
06/27/2008,ALB,NY,AEA,EN,Combined TRACON& Tower with Radar,84,101,29,6,220,0,15,34,3,52,84,116,63,9,272,42,13,55,327
06/28/2008,ALB,NY,AEA,EN,Combined TRACON& Tower with Radar,73,70,18,6,167,0,11,15,10,36,73,81,33,16,203,18,0,18,221
06/29/2008,ALB,NY,AEA,EN,Combined TRACON& Tower with Radar,67,79,20,0,166,0,0,14,2,16,67,79,34,2,182,30,0,30,212
06/30/2008,ALB,NY,AEA,EN,Combined TRACON& Tower with Radar,80,98,15,2,195,0,11,34,2,47,80,109,49,4,242,24,2,26,268
07/01/2008,ALB,NY,AEA,EN,Combined TRACON& Tower with Radar,82,91,17,5,195,0,10,74,9,93,82,101,91,14,288,16,0,16,304
07/02/2008,ALB,NY,AEA,EN,Combined TRACON& Tower with Radar,76,87,23,2,188,0,2,91,4,97,76,89,114,6,285,54,13,67,352
07/03/2008,ALB,NY,AEA,EN,Combined TRACON& Tower with Radar,80,89,19,0,188,0,1,25,3,29,80,90,44,3,217,13,0,13,230
07/04/2008,ALB,NY,AEA,EN,Combined TRACON& Tower with Radar,59,65,14,0,138,0,1,23,1,25,59,66,37,1,163,24,0,24,187
07/05/2008,ALB,NY,AEA,EN,Combined TRACON& Tower with Radar,65,68,17,2,152,0,2,28,0,30,65,70,45,2,182,10,0,10,192
07/06/2008,ALB,NY,AEA,EN,Combined TRACON& Tower with Radar,65,83,30,0,178,0,2,29,1,32,65,85,59,1,210,54,7,61,271
07/07/2008,ALB,NY,AEA,EN,Combined TRACON& Tower with Radar,73,93,19,3,188,0,0,19,9,28,73,93,38,12,216,42,8,50,266
07/08/2008,ALB,NY,AEA,EN,Combined TRACON& Tower with Radar,77,97,29,6,209,0,2,20,2,24,77,99,49,8,233,7,8,15,248
07/09/2008,ALB,NY,AEA,EN,Combined TRACON& Tower with Radar,83,99,41,12,235,0,0,21,1,22,83,99,62,13,257,0,0,0,257
07/10/2008,ALB,NY,AEA,EN,Combined TRACON& Tower with Radar,76,106,42,12,236,0,2,56,7,65,76,108,98,19,301,29,18,47,348
07/11/2008,ALB,NY,AEA,EN,Combined TRACON& Tower with Radar,81,101,16,7,205,0,2,36,8,46,81,103,52,15,251,28,4,32,283
07/12/2008,ALB,NY,AEA,EN,Combined TRACON& Tower with Radar,70,62,14,0,146,0,0,48,1,49,70,62,62,1,195,12,0,12,207
07/13/2008,ALB,NY,AEA,EN,Combined TRACON& Tower with Radar,64,64,22,0,150,0,1,12,0,13,64,65,34,0,163,46,9,55,218
07/14/2008,ALB,NY,AEA,EN,Combined TRACON& Tower with Radar,81,90,41,2,214,0,2,27,5,34,81,92,68,7,248,0,0,0,248
07/15/2008,ALB,NY,AEA,EN,Combined TRACON& Tower with Radar,76,86,27,5,194,1,5,62,4,72,77,91,89,9,266,41,25,66,332
07/16/2008,ALB,NY,AEA,EN,Combined TRACON& Tower with Radar,79,101,33,8,221,0,5,58,2,65,79,106,91,10,286,25,33,58,344
07/17/2008,ALB,NY,AEA,EN,Combined TRACON& Tower with Radar,78,104,38,1,221,0,2,55,6,63,78,106,93,7,284,22,0,22,306
07/18/2008,ALB,NY,AEA,EN,Combined TRACON& Tower with Radar,81,90,37,2,210,0,0,37,1,38,81,90,74,3,248,52,0,52,300
07/19/2008,ALB,NY,AEA,EN,Combined TRACON& Tower with Radar,68,65,20,0,153,0,0,48,0,48,68,65,68,0,201,32,2,34,235
07/20/2008,ALB,NY,AEA,EN,Combined TRACON& Tower with Radar,64,68,42,2,176,0,2,10,1,13,64,70,52,3,189,15,2,17,206
07/21/2008,ALB,NY,AEA,EN,Combined TRACON& Tower with Radar,81,89,32,3,205,0,5,20,0,25,81,94,52,3,230,19,0,19,249
07/22/2008,ALB,NY,AEA,EN,Combined TRACON& Tower with Radar,78,96,37,5,216,0,1,13,0,14,78,97,50,5,230,33,2,35,265
07/23/2008,ALB,NY,AEA,EN,Combined TRACON& Tower with Radar,69,87,28,10,194,0,0,8,0,8,69,87,36,10,202,0,8,8,210
07/24/2008,ALB,NY,AEA,EN,Combined TRACON& Tower with Radar,84,113,27,11,235,0,1,13,0,14,84,114,40,11,249,8,28,36,285
07/25/2008,ALB,NY,AEA,EN,Combined TRACON& Tower with Radar,76,103,34,0,213,0,3,80,5,88,76,106,114,5,301,86,8,94,395
07/26/2008,ALB,NY,AEA,EN,Combined TRACON& Tower with Radar,72,66,27,5,170,0,0,29,0,29,72,66,56,5,199,21,12,33,232
07/27/2008,ALB,NY,AEA,EN,Combined TRACON& Tower with Radar,77,76,23,0,176,0,0,18,1,19,77,76,41,1,195,7,0,7,202
07/28/2008,ALB,NY,AEA,EN,Combined TRACON& Tower with Radar,78,87,31,3,199,0,2,24,0,26,78,89,55,3,225,17,0,17,242
07/29/2008,ALB,NY,AEA,EN,Combined TRACON& Tower with Radar,78,94,30,1,203,0,6,59,11,76,78,100,89,12,279,66,6,72,351
07/30/2008,ALB,NY,AEA,EN,Combined TRACON& Tower with Radar,80,103,47,7,237,0,2,33,1,36,80,105,80,8,273,31,4,35,308
07/31/2008,ALB,NY,AEA,EN,Combined TRACON& Tower with Radar,79,99,20,10,208,0,4,28,4,36,79,103,48,14,244,12,0,12,256
08/01/2008,ALB,NY,AEA,EN,Combined TRACON& Tower with Radar,78,99,33,1,211,0,2,58,1,61,78,101,91,2,272,49,0,49,321
08/02/2008,ALB,NY,AEA,EN,Combined TRACON& Tower with Radar,71,69,22,0,162,0,0,12,2,14,71,69,34,2,176,8,0,8,184
08/03/2008,ALB,NY,AEA,EN,Combined TRACON& Tower with Radar,71,76,36,0,183,0,3,22,0,25,71,79,58,0,208,9,2,11,219
08/04/2008,ALB,NY,AEA,EN,Combined TRACON& Tower with Radar,66,89,18,7,180,0,2,32,16,50,66,91,50,23,230,18,8,26,256
08/05/2008,ALB,NY,AEA,EN,Combined TRACON& Tower with Radar,84,96,46,1,227,0,2,40,14,56,84,98,86,15,283,52,3,55,338
08/06/2008,ALB,NY,AEA,EN,Combined TRACON& Tower with Radar,82,102,35,17,236,0,1,15,2,18,82,103,50,19,254,4,28,32,286
08/07/2008,ALB,NY,AEA,EN,Combined TRACON& Tower with Radar,74,99,27,1,201,0,0,20,3,23,74,99,47,4,224,20,6,26,250
08/08/2008,ALB,NY,AEA,EN,Combined TRACON& Tower with Radar,91,101,29,1,222,0,1,18,0,19,91,102,47,1,241,39,5,44,285
08/09/2008,ALB,NY,AEA,EN,Combined TRACON& Tower with Radar,74,65,27,1,167,0,2,56,0,58,74,67,83,1,225,16,0,16,241
08/10/2008,ALB,NY,AEA,EN,Combined TRACON& Tower with Radar,66,69,21,0,156,0,2,17,0,19,66,71,38,0,175,9,0,9,184
08/11/2008,ALB,NY,AEA,EN,Combined TRACON& Tower with Radar,81,84,33,0,198,0,0,1,2,3,81,84,34,2,201,0,0,0,201
08/12/2008,ALB,NY,AEA,EN,Combined TRACON& Tower with Radar,79,92,35,9,215,0,3,20,3,26,79,95,55,12,241,25,31,56,297
08/13/2008,ALB,NY,AEA,EN,Combined TRACON& Tower with Radar,78,107,39,1,225,0,0,32,10,42,78,107,71,11,267,32,21,53,320
08/14/2008,ALB,NY,AEA,EN,Combined TRACON& Tower with Radar,76,84,47,2,209,0,5,21,4,30,76,89,68,6,239,35,0,35,274
08/15/2008,ALB,NY,AEA,EN,Combined TRACON& Tower with Radar,87,97,39,3,226,0,0,13,2,15,87,97,52,5,241,10,0,10,251
08/16/2008,ALB,NY,AEA,EN,Combined TRACON& Tower with Radar,70,69,28,1,168,0,0,36,14,50,70,69,64,15,218,45,0,45,263
08/17/2008,ALB,NY,AEA,EN,Combined TRACON& Tower with Radar,72,77,36,2,187,0,0,44,0,44,72,77,80,2,231,20,0,20,251
08/18/2008,ALB,NY,AEA,EN,Combined TRACON& Tower with Radar,77,89,29,1,196,0,1,28,22,51,77,90,57,23,247,36,0,36,283
08/19/2008,ALB,NY,AEA,EN,Combined TRACON& Tower with Radar,77,92,20,15,204,0,6,29,12,47,77,98,49,27,251,70,22,92,343
08/20/2008,ALB,NY,AEA,EN,Combined TRACON& Tower with Radar,76,99,22,4,201,0,3,75,3,81,76,102,97,7,282,18,0,18,300
08/21/2008,ALB,NY,AEA,EN,Combined TRACON& Tower with Radar,76,86,37,0,199,0,4,51,4,59,76,90,88,4,258,16,0,16,274
08/22/2008,ALB,NY,AEA,EN,Combined TRACON& Tower with Radar,76,96,27,2,201,0,6,61,7,74,76,102,88,9,275,20,0,20,295
08/23/2008,ALB,NY,AEA,EN,Combined TRACON& Tower with Radar,63,61,13,0,137,0,1,69,25,95,63,62,82,25,232,44,0,44,276
08/24/2008,ALB,NY,AEA,EN,Combined TRACON& Tower with Radar,64,81,33,2,180,0,0,38,9,47,64,81,71,11,227,34,4,38,265
08/25/2008,ALB,NY,AEA,EN,Combined TRACON& Tower with Radar,70,98,21,6,195,0,3,17,17,37,70,101,38,23,232,6,0,6,238
08/26/2008,ALB,NY,AEA,EN,Combined TRACON& Tower with Radar,77,99,29,2,207,0,3,61,4,68,77,102,90,6,275,47,5,52,327
08/27/2008,ALB,NY,AEA,EN,Combined TRACON& Tower with Radar,74,98,31,2,205,0,7,43,15,65,74,105,74,17,270,36,8,44,314
08/28/2008,ALB,NY,AEA,EN,Combined TRACON& Tower with Radar,72,102,25,0,199,0,1,53,5,59,72,103,78,5,258,7,0,7,265
08/29/2008,ALB,NY,AEA,EN,Combined TRACON& Tower with Radar,75,96,35,0,206,0,2,30,0,32,75,98,65,0,238,58,0,58,296
08/30/2008,ALB,NY,AEA,EN,Combined TRACON& Tower with Radar,60,60,28,0,148,0,0,16,0,16,60,60,44,0,164,32,0,32,196
08/31/2008,ALB,NY,AEA,EN,Combined TRACON& Tower with Radar,52,59,17,1,129,0,0,46,8,54,52,59,63,9,183,32,0,32,215
09/01/2008,ALB,NY,AEA,EN,Combined TRACON& Tower with Radar,67,66,18,1,152,0,1,51,1,53,67,67,69,2,205,40,0,40,245
09/02/2008,ALB,NY,AEA,EN,Combined TRACON& Tower with Radar,68,90,21,2,181,0,1,39,0,40,68,91,60,2,221,26,0,26,247
09/03/2008,ALB,NY,AEA,EN,Combined TRACON& Tower with Radar,68,102,26,4,200,0,2,33,3,38,68,104,59,7,238,19,0,19,257
09/04/2008,ALB,NY,AEA,EN,Combined TRACON& Tower with Radar,68,104,12,5,189,1,2,45,0,48,69,106,57,5,237,29,6,35,272
09/05/2008,ALB,NY,AEA,EN,Combined TRACON& Tower with Radar,69,100,18,9,196,0,2,41,5,48,69,102,59,14,244,33,0,33,277
09/06/2008,ALB,NY,AEA,EN,Combined TRACON& Tower with Radar,57,62,23,1,143,0,0,0,0,0,57,62,23,1,143,2,0,2,145
09/07/2008,ALB,NY,AEA,EN,Combined TRACON& Tower with Radar,67,67,19,1,154,0,0,27,2,29,67,67,46,3,183,56,6,62,245
09/08/2008,ALB,NY,AEA,EN,Combined TRACON& Tower with Radar,62,103,31,2,198,0,5,43,0,48,62,108,74,2,246,51,4,55,301
09/09/2008,ALB,NY,AEA,EN,Combined TRACON& Tower with Radar,71,99,16,0,186,0,4,5,3,12,71,103,21,3,198,4,0,4,202
09/10/2008,ALB,NY,AEA,EN,Combined TRACON& Tower with Radar,69,109,31,10,219,0,4,55,4,63,69,113,86,14,282,57,48,105,387
09/11/2008,ALB,NY,AEA,EN,Combined TRACON& Tower with Radar,68,117,22,3,210,0,17,49,16,82,68,134,71,19,292,57,0,57,349
09/12/2008,ALB,NY,AEA,EN,Combined TRACON& Tower with Radar,71,129,32,12,244,0,4,18,1,23,71,133,50,13,267,24,0,24,291
09/13/2008,ALB,NY,AEA,EN,Combined TRACON& Tower with Radar,58,86,33,10,187,0,0,7,0,7,58,86,40,10,194,14,0,14,208
09/14/2008,ALB,NY,AEA,EN,Combined TRACON& Tower with Radar,66,69,24,3,162,0,14,7,4,25,66,83,31,7,187,6,8,14,201
09/15/2008,ALB,NY,AEA,EN,Combined TRACON& Tower with Radar,64,101,20,5,190,0,3,14,19,36,64,104,34,24,226,45,6,51,277
09/16/2008,ALB,NY,AEA,EN,Combined TRACON& Tower with Radar,68,117,28,6,219,0,5,38,12,55,68,122,66,18,274,48,0,48,322
09/17/2008,ALB,NY,AEA,EN,Combined TRACON& Tower with Radar,68,114,18,3,203,0,8,49,9,66,68,122,67,12,269,53,3,56,325
09/18/2008,ALB,NY,AEA,EN,Combined TRACON& Tower with Radar,68,115,20,2,205,0,6,46,10,62,68,121,66,12,267,20,0,20,287
09/19/2008,ALB,NY,AEA,EN,Combined TRACON& Tower with Radar,70,107,30,3,210,0,14,58,0,72,70,121,88,3,282,23,0,23,305
09/20/2008,ALB,NY,AEA,EN,Combined TRACON& Tower with Radar,56,68,13,0,137,0,14,62,0,76,56,82,75,0,213,23,0,23,236
09/21/2008,ALB,NY,AEA,EN,Combined TRACON& Tower with Radar,68,86,38,3,195,0,0,46,0,46,68,86,84,3,241,26,0,26,267
09/22/2008,ALB,NY,AEA,EN,Combined TRACON& Tower with Radar,63,115,32,4,214,0,10,43,6,59,63,125,75,10,273,1,0,1,274
09/23/2008,ALB,NY,AEA,EN,Combined TRACON& Tower with Radar,68,112,17,4,201,0,7,60,2,69,68,119,77,6,270,37,4,41,311
09/24/2008,ALB,NY,AEA,EN,Combined TRACON& Tower with Radar,70,110,23,12,215,0,16,58,2,76,70,126,81,14,291,81,51,132,423
09/25/2008,ALB,NY,AEA,EN,Combined TRACON& Tower with Radar,68,120,25,28,241,0,15,50,1,66,68,135,75,29,307,41,95,136,443
09/26/2008,ALB,NY,AEA,EN,Combined TRACON& Tower with Radar,71,119,17,3,210,0,0,0,0,0,71,119,17,3,210,0,0,0,210
09/27/2008,ALB,NY,AEA,EN,Combined TRACON& Tower with Radar,59,86,33,0,178,0,0,6,0,6,59,86,39,0,184,10,0,10,194
09/28/2008,ALB,NY,AEA,EN,Combined TRACON& Tower with Radar,69,79,22,0,170,0,0,2,0,2,69,79,24,0,172,14,0,14,186
09/29/2008,ALB,NY,AEA,EN,Combined TRACON& Tower with Radar,69,121,49,3,242,0,0,15,2,17,69,121,64,5,259,0,0,0,259
09/30/2008,ALB,NY,AEA,EN,Combined TRACON& Tower with Radar,68,116,24,7,215,0,1,37,1,39,68,117,61,8,254,52,16,68,322
10/01/2008,ALB,NY,AEA,EN,Combined TRACON& Tower with Radar,76,126,20,0,222,0,2,2,12,16,76,128,22,12,238,19,60,79,317
10/02/2008,ALB,NY,AEA,EN,Combined TRACON& Tower with Radar,65,123,26,17,231,0,1,8,2,11,65,124,34,19,242,8,14,22,264
10/03/2008,ALB,NY,AEA,EN,Combined TRACON& Tower with Radar,70,116,29,2,217,0,2,27,3,32,70,118,56,5,249,0,0,0,249
10/04/2008,ALB,NY,AEA,EN,Combined TRACON& Tower with Radar,56,76,25,0,157,0,4,47,5,56,56,80,72,5,213,46,0,46,259
10/05/2008,ALB,NY,AEA,EN,Combined TRACON& Tower with Radar,68,78,20,0,166,0,3,55,3,61,68,81,75,3,227,22,4,26,253
10/06/2008,ALB,NY,AEA,EN,Combined TRACON& Tower with Radar,65,107,30,0,202,0,1,8,0,9,65,108,38,0,211,40,0,40,251
10/07/2008,ALB,NY,AEA,EN,Combined TRACON& Tower with Radar,68,99,23,8,198,0,11,67,4,82,68,110,90,12,280,40,6,46,326
10/08/2008,ALB,NY,AEA,EN,Combined TRACON& Tower with Radar,70,105,16,1,192,0,12,46,4,62,70,117,62,5,254,25,0,25,279
10/09/2008,ALB,NY,AEA,EN,Combined TRACON& Tower with Radar,69,121,11,0,201,0,5,37,2,44,69,126,48,2,245,12,2,14,259
10/10/2008,ALB,NY,AEA,EN,Combined TRACON& Tower with Radar,69,110,35,0,214,0,16,30,8,54,69,126,65,8,268,41,0,41,309
10/11/2008,ALB,NY,AEA,EN,Combined TRACON& Tower with Radar,57,74,10,4,145,0,18,48,8,74,57,92,58,12,219,16,0,16,235
10/12/2008,ALB,NY,AEA,EN,Combined TRACON& Tower with Radar,67,67,16,2,152,0,16,48,1,65,67,83,64,3,217,58,4,62,279
10/13/2008,ALB,NY,AEA,EN,Combined TRACON& Tower with Radar,66,99,18,2,185,0,12,35,2,49,66,111,53,4,234,4,0,4,238
10/14/2008,ALB,NY,AEA,EN,Combined TRACON& Tower with Radar,68,108,17,0,193,0,6,16,1,23,68,114,33,1,216,13,0,13,229
10/15/2008,ALB,NY,AEA,EN,Combined TRACON& Tower with Radar,69,101,30,10,210,0,13,56,2,71,69,114,86,12,281,57,11,68,349
10/16/2008,ALB,NY,AEA,EN,Combined TRACON& Tower with Radar,69,126,26,10,231,0,0,12,0,12,69,126,38,10,243,20,6,26,269
10/17/2008,ALB,NY,AEA,EN,Combined TRACON& Tower with Radar,69,110,25,2,206,0,6,45,11,62,69,116,70,13,268,48,24,72,340
10/18/2008,ALB,NY,AEA,EN,Combined TRACON& Tower with Radar,57,78,7,0,142,0,9,71,1,81,57,87,78,1,223,4,0,4,227
10/19/2008,ALB,NY,AEA,EN,Combined TRACON& Tower with Radar,70,79,16,1,166,0,13,57,7,77,70,92,73,8,243,26,0,26,269
10/20/2008,ALB,NY,AEA,EN,Combined TRACON& Tower with Radar,64,100,15,6,185,0,13,41,5,59,64,113,56,11,244,45,11,56,300
10/21/2008,ALB,NY,AEA,EN,Combined TRACON& Tower with Radar,69,107,19,0,195,0,2,8,3,13,69,109,27,3,208,22,3,25,233
10/22/2008,ALB,NY,AEA,EN,Combined TRACON& Tower with Radar,70,124,19,27,240,0,1,12,3,16,70,125,31,30,256,17,24,41,297
10/23/2008,ALB,NY,AEA,EN,Combined TRACON& Tower with Radar,67,108,27,0,202,0,15,59,5,79,67,123,86,5,281,50,0,50,331
10/24/2008,ALB,NY,AEA,EN,Combined TRACON& Tower with Radar,71,98,33,4,206,0,17,57,3,77,71,115,90,7,283,51,6,57,340
10/25/2008,ALB,NY,AEA,EN,Combined TRACON& Tower with Radar,55,75,25,0,155,0,1,1,0,2,55,76,26,0,157,16,0,16,173
10/26/2008,ALB,NY,AEA,EN,Combined TRACON& Tower with Radar,67,71,9,0,147,0,31,58,2,91,67,102,67,2,238,79,0,79,317
10/27/2008,ALB,NY,AEA,EN,Combined TRACON& Tower with Radar,69,113,21,7,210,0,2,12,1,15,69,115,33,8,225,8,0,8,233
10/28/2008,ALB,NY,AEA,EN,Combined TRACON& Tower with Radar,70,92,12,0,174,0,0,0,0,0,70,92,12,0,174,0,0,0,174
10/29/2008,ALB,NY,AEA,EN,Combined TRACON& Tower with Radar,70,123,27,15,235,0,0,5,1,6,70,123,32,16,241,8,22,30,271
10/30/2008,ALB,NY,AEA,EN,Combined TRACON& Tower with Radar,69,111,20,9,209,0,16,61,6,83,69,127,81,15,292,43,29,72,364
10/31/2008,ALB,NY,AEA,EN,Combined TRACON& Tower with Radar,71,104,24,0,199,0,15,59,1,75,71,119,83,1,274,18,0,18,292
11/01/2008,ALB,NY,AEA,EN,Combined TRACON& Tower with Radar,53,67,27,2,149,0,26,71,4,101,53,93,98,6,250,49,10,59,309
11/02/2008,ALB,NY,AEA,EN,Combined TRACON& Tower with Radar,65,58,9,0,132,0,17,85,2,104,65,75,94,2,236,26,2,28,264
11/03/2008,ALB,NY,AEA,EN,Combined TRACON& Tower with Radar,74,110,21,12,217,0,2,11,0,13,74,112,32,12,230,0,14,14,244
11/04/2008,ALB,NY,AEA,EN,Combined TRACON& Tower with Radar,78,109,32,4,223,0,5,16,2,23,78,114,48,6,246,55,6,61,307
11/05/2008,ALB,NY,AEA,EN,Combined TRACON& Tower with Radar,72,102,33,1,208,0,10,35,3,48,72,112,68,4,256,11,4,15,271
11/06/2008,ALB,NY,AEA,EN,Combined TRACON& Tower with Radar,69,101,35,3,208,0,5,20,3,28,69,106,55,6,236,16,4,20,256
11/07/2008,ALB,NY,AEA,EN,Combined TRACON& Tower with Radar,76,113,42,8,239,0,1,3,1,5,76,114,45,9,244,77,10,87,331
11/08/2008,ALB,NY,AEA,EN,Combined TRACON& Tower with Radar,68,77,29,6,180,0,0,4,0,4,68,77,33,6,184,22,6,28,212
11/09/2008,ALB,NY,AEA,EN,Combined TRACON& Tower with Radar,63,88,13,1,165,0,2,43,4,49,63,90,56,5,214,62,4,66,280
11/10/2008,ALB,NY,AEA,EN,Combined TRACON& Tower with Radar,72,103,23,2,200,0,1,15,2,18,72,104,38,4,218,14,0,14,232
11/11/2008,ALB,NY,AEA,EN,Combined TRACON& Tower with Radar,80,94,16,8,198,0,1,18,3,22,80,95,34,11,220,28,2,30,250
11/12/2008,ALB,NY,AEA,EN,Combined TRACON& Tower with Radar,75,104,17,0,196,0,2,61,11,74,75,106,78,11,270,10,0,10,280
11/13/2008,ALB,NY,AEA,EN,Combined TRACON& Tower with Radar,72,102,19,28,221,0,0,1,0,1,72,102,20,28,222,16,2,18,240
11/14/2008,ALB,NY,AEA,EN,Combined TRACON& Tower with Radar,78,119,49,2,248,0,0,12,0,12,78,119,61,2,260,16,0,16,276
11/15/2008,ALB,NY,AEA,EN,Combined TRACON& Tower with Radar,65,71,16,2,154,0,0,0,0,0,65,71,16,2,154,2,0,2,156
11/16/2008,ALB,NY,AEA,EN,Combined TRACON& Tower with Radar,65,81,11,0,157,0,0,10,2,12,65,81,21,2,169,20,0,20,189
11/17/2008,ALB,NY,AEA,EN,Combined TRACON& Tower with Radar,71,110,23,2,206,0,3,20,2,25,71,113,43,4,231,15,0,15,246
11/18/2008,ALB,NY,AEA,EN,Combined TRACON& Tower with Radar,77,112,25,4,218,0,6,13,8,27,77,118,38,12,245,20,0,20,265
11/19/2008,ALB,NY,AEA,EN,Combined TRACON& Tower with Radar,74,107,23,21,225,0,18,26,11,55,74,125,49,32,280,37,18,55,335
11/20/2008,ALB,NY,AEA,EN,Combined TRACON& Tower with Radar,74,100,34,12,220,0,4,27,4,35,74,104,61,16,255,12,10,22,277
11/21/2008,ALB,NY,AEA,EN,Combined TRACON& Tower with Radar,76,110,16,2,204,0,6,36,0,42,76,116,52,2,246,13,0,13,259
11/22/2008,ALB,NY,AEA,EN,Combined TRACON& Tower with Radar,67,73,7,0,147,0,3,19,0,22,67,76,26,0,169,11,0,11,180
11/23/2008,ALB,NY,AEA,EN,Combined TRACON& Tower with Radar,65,81,10,0,156,0,2,59,0,61,65,83,69,0,217,22,0,22,239
11/24/2008,ALB,NY,AEA,EN,Combined TRACON& Tower with Radar,71,97,20,9,197,0,15,34,0,49,71,112,54,9,246,52,23,75,321
11/25/2008,ALB,NY,AEA,EN,Combined TRACON& Tower with Radar,74,106,16,6,202,0,0,0,0,0,74,106,16,6,202,0,0,0,202
11/26/2008,ALB,NY,AEA,EN,Combined TRACON& Tower with Radar,76,114,29,0,219,0,3,10,0,13,76,117,39,0,232,21,7,28,260
11/27/2008,ALB,NY,AEA,EN,Combined TRACON& Tower with Radar,48,58,8,0,114,0,0,10,0,10,48,58,18,0,124,32,0,32,156
11/28/2008,ALB,NY,AEA,EN,Combined TRACON& Tower with Radar,59,66,13,0,138,0,3,34,1,38,59,69,47,1,176,48,0,48,224
11/29/2008,ALB,NY,AEA,EN,Combined TRACON& Tower with Radar,68,82,15,0,165,0,6,60,0,66,68,88,75,0,231,11,0,11,242
11/30/2008,ALB,NY,AEA,EN,Combined TRACON& Tower with Radar,66,79,20,0,165,0,0,16,0,16,66,79,36,0,181,36,0,36,217
12/01/2008,ALB,NY,AEA,EN,Combined TRACON& Tower with Radar,73,97,25,0,195,0,1,15,0,16,73,98,40,0,211,0,0,0,211
12/02/2008,ALB,NY,AEA,EN,Combined TRACON& Tower with Radar,76,102,27,9,214,0,3,19,7,29,76,105,46,16,243,18,12,30,273
12/03/2008,ALB,NY,AEA,EN,Combined TRACON& Tower with Radar,74,109,32,3,218,0,11,42,2,55,74,120,74,5,273,69,11,80,353
12/04/2008,ALB,NY,AEA,EN,Combined TRACON& Tower with Radar,73,116,16,4,209,0,1,1,0,2,73,117,17,4,211,56,4,60,271
12/05/2008,ALB,NY,AEA,EN,Combined TRACON& Tower with Radar,77,109,23,4,213,0,9,24,12,45,77,118,47,16,258,12,0,12,270
12/06/2008,ALB,NY,AEA,EN,Combined TRACON& Tower with Radar,64,64,12,0,140,0,6,67,0,73,64,70,79,0,213,12,0,12,225
12/07/2008,ALB,NY,AEA,EN,Combined TRACON& Tower with Radar,66,79,8,0,153,0,0,2,0,2,66,79,10,0,155,0,0,0,155
12/08/2008,ALB,NY,AEA,EN,Combined TRACON& Tower with Radar,77,82,14,6,179,0,22,29,0,51,77,104,43,6,230,12,0,12,242
12/09/2008,ALB,NY,AEA,EN,Combined TRACON& Tower with Radar,75,98,24,0,197,0,3,12,0,15,75,101,36,0,212,14,0,14,226
12/10/2008,ALB,NY,AEA,EN,Combined TRACON& Tower with Radar,73,105,18,23,219,0,1,0,0,1,73,106,18,23,220,40,15,55,275
12/11/2008,ALB,NY,AEA,EN,Combined TRACON& Tower with Radar,53,75,12,7,147,0,0,2,0,2,53,75,14,7,149,8,0,8,157
12/12/2008,ALB,NY,AEA,EN,Combined TRACON& Tower with Radar,59,92,13,4,168,0,8,3,0,11,59,100,16,4,179,9,0,9,188
12/13/2008,ALB,NY,AEA,EN,Combined TRACON& Tower with Radar,64,62,12,0,138,0,12,66,0,78,64,74,78,0,216,62,2,64,280
12/14/2008,ALB,NY,AEA,EN,Combined TRACON& Tower with Radar,67,75,14,0,156,0,7,43,0,50,67,82,57,0,206,14,0,14,220
12/15/2008,ALB,NY,AEA,EN,Combined TRACON& Tower with Radar,69,106,32,10,217,0,1,12,0,13,69,107,44,10,230,30,0,30,260
12/16/2008,ALB,NY,AEA,EN,Combined TRACON& Tower with Radar,71,107,21,12,211,0,6,24,2,32,71,113,45,14,243,14,30,44,287
12/17/2008,ALB,NY,AEA,EN,Combined TRACON& Tower with Radar,77,104,14,0,195,0,0,4,0,4,77,104,18,0,199,0,0,0,199
12/18/2008,ALB,NY,AEA,EN,Combined TRACON& Tower with Radar,75,100,35,6,216,0,1,46,4,51,75,101,81,10,267,15,10,25,292
12/19/2008,ALB,NY,AEA,EN,Combined TRACON& Tower with Radar,57,37,11,7,112,0,2,1,0,3,57,39,12,7,115,0,8,8,123
12/20/2008,ALB,NY,AEA,EN,Combined TRACON& Tower with Radar,82,63,9,2,156,0,0,1,0,1,82,63,10,2,157,0,0,0,157
12/21/2008,ALB,NY,AEA,EN,Combined TRACON& Tower with Radar,43,30,2,0,75,0,1,0,0,1,43,31,2,0,76,0,0,0,76
12/22/2008,ALB,NY,AEA,EN,Combined TRACON& Tower with Radar,70,85,5,0,160,0,4,3,3,10,70,89,8,3,170,7,0,7,177
12/23/2008,ALB,NY,AEA,EN,Combined TRACON& Tower with Radar,80,94,17,12,203,0,3,38,1,42,80,97,55,13,245,8,0,8,253
12/24/2008,ALB,NY,AEA,EN,Combined TRACON& Tower with Radar,73,72,6,0,151,0,0,0,0,0,73,72,6,0,151,3,0,3,154
12/25/2008,ALB,NY,AEA,EN,Combined TRACON& Tower with Radar,62,52,0,0,114,0,3,4,0,7,62,55,4,0,121,0,0,0,121
12/26/2008,ALB,NY,AEA,EN,Combined TRACON& Tower with Radar,81,74,20,0,175,0,5,34,0,39,81,79,54,0,214,6,0,6,220
12/27/2008,ALB,NY,AEA,EN,Combined TRACON& Tower with Radar,71,47,15,0,133,0,0,2,0,2,71,47,17,0,135,3,0,3,138
12/28/2008,ALB,NY,AEA,EN,Combined TRACON& Tower with Radar,70,55,7,0,132,0,0,4,0,4,70,55,11,0,136,10,0,10,146
12/29/2008,ALB,NY,AEA,EN,Combined TRACON& Tower with Radar,74,75,11,0,160,0,5,41,2,48,74,80,52,2,208,0,0,0,208
12/30/2008,ALB,NY,AEA,EN,Combined TRACON& Tower with Radar,84,66,14,2,166,0,7,20,4,31,84,73,34,6,197,0,0,0,197
12/31/2008,ALB,NY,AEA,EN,Combined TRACON& Tower with Radar,62,44,4,0,110,0,3,0,0,3,62,47,4,0,113,0,0,0,113
01/01/2009,ALB,NY,AEA,EN,Combined TRACON& Tower with Radar,66,47,9,2,124,0,11,27,0,38,66,58,36,2,162,12,0,12,174
01/02/2009,ALB,NY,AEA,EN,Combined TRACON& Tower with Radar,77,84,11,2,174,0,3,11,1,15,77,87,22,3,189,25,0,25,214
01/03/2009,ALB,NY,AEA,EN,Combined TRACON& Tower with Radar,72,54,21,0,147,0,12,22,0,34,72,66,43,0,181,39,0,39,220
01/04/2009,ALB,NY,AEA,EN,Combined TRACON& Tower with Radar,68,60,18,0,146,0,18,72,1,91,68,78,90,1,237,6,0,6,243
01/05/2009,ALB,NY,AEA,EN,Combined TRACON& Tower with Radar,80,85,27,4,196,0,2,3,0,5,80,87,30,4,201,22,2,24,225
01/06/2009,ALB,NY,AEA,EN,Combined TRACON& Tower with Radar,80,77,16,3,176,0,10,37,15,62,80,87,53,18,238,22,14,36,274
01/07/2009,ALB,NY,AEA,EN,Combined TRACON& Tower with Radar,74,55,14,0,143,0,0,0,0,0,74,55,14,0,143,0,0,0,143
01/08/2009,ALB,NY,AEA,EN,Combined TRACON& Tower with Radar,79,112,14,7,212,0,4,6,0,10,79,116,20,7,222,6,0,6,228
01/09/2009,ALB,NY,AEA,EN,Combined TRACON& Tower with Radar,76,93,17,0,186,0,15,19,9,43,76,108,36,9,229,6,0,6,235
01/10/2009,ALB,NY,AEA,EN,Combined TRACON& Tower with Radar,65,47,6,0,118,0,12,20,0,32,65,59,26,0,150,7,0,7,157
01/11/2009,ALB,NY,AEA,EN,Combined TRACON& Tower with Radar,68,70,10,8,156,0,3,3,0,6,68,73,13,8,162,2,0,2,164
01/12/2009,ALB,NY,AEA,EN,Combined TRACON& Tower with Radar,70,88,19,0,177,0,9,28,2,39,70,97,47,2,216,23,2,25,241
01/13/2009,ALB,NY,AEA,EN,Combined TRACON& Tower with Radar,80,94,12,27,213,0,1,13,1,15,80,95,25,28,228,14,12,26,254
01/14/2009,ALB,NY,AEA,EN,Combined TRACON& Tower with Radar,78,92,17,14,201,0,6,34,9,49,78,98,51,23,250,26,32,58,308
01/15/2009,ALB,NY,AEA,EN,Combined TRACON& Tower with Radar,76,81,19,0,176,0,3,11,1,15,76,84,30,1,191,0,0,0,191
01/16/2009,ALB,NY,AEA,EN,Combined TRACON& Tower with Radar,80,97,10,1,188,0,4,20,5,29,80,101,30,6,217,0,0,0,217
01/17/2009,ALB,NY,AEA,EN,Combined TRACON& Tower with Radar,63,58,6,0,127,0,5,38,2,45,63,63,44,2,172,13,6,19,191
01/18/2009,ALB,NY,AEA,EN,Combined TRACON& Tower with Radar,69,65,10,0,144,0,0,0,0,0,69,65,10,0,144,0,0,0,144
01/19/2009,ALB,NY,AEA,EN,Combined TRACON& Tower with Radar,80,83,25,0,188,0,0,1,0,1,80,83,26,0,189,4,0,4,193
01/20/2009,ALB,NY,AEA,EN,Combined TRACON& Tower with Radar,82,98,22,0,202,0,2,11,1,14,82,100,33,1,216,62,0,62,278
01/21/2009,ALB,NY,AEA,EN,Combined TRACON& Tower with Radar,81,96,25,17,219,0,6,35,3,44,81,102,60,20,263,14,24,38,301
01/22/2009,ALB,NY,AEA,EN,Combined TRACON& Tower with Radar,81,96,16,3,196,0,2,7,0,9,81,98,23,3,205,14,0,14,219
01/23/2009,ALB,NY,AEA,EN,Combined TRACON& Tower with Radar,83,99,27,2,211,0,4,34,9,47,83,103,61,11,258,17,6,23,281
01/24/2009,ALB,NY,AEA,EN,Combined TRACON& Tower with Radar,67,45,4,1,117,0,7,14,5,26,67,52,18,6,143,2,0,2,145
01/25/2009,ALB,NY,AEA,EN,Combined TRACON& Tower with Radar,67,71,18,4,160,0,1,50,2,53,67,72,68,6,213,0,0,0,213
01/26/2009,ALB,NY,AEA,EN,Combined TRACON& Tower with Radar,76,99,20,0,195,0,2,16,4,22,76,101,36,4,217,6,0,6,223
01/27/2009,ALB,NY,AEA,EN,Combined TRACON& Tower with Radar,78,83,25,3,189,0,10,49,9,68,78,93,74,12,257,39,18,57,314
01/28/2009,ALB,NY,AEA,EN,Combined TRACON& Tower with Radar,47,39,6,0,92,0,0,0,0,0,47,39,6,0,92,0,0,0,92
01/29/2009,ALB,NY,AEA,EN,Combined TRACON& Tower with Radar,80,99,21,0,200,0,2,21,4,27,80,101,42,4,227,0,0,0,227
01/30/2009,ALB,NY,AEA,EN,Combined TRACON& Tower with Radar,80,102,21,2,205,0,0,6,1,7,80,102,27,3,212,24,4,28,240
01/31/2009,ALB,NY,AEA,EN,Combined TRACON& Tower with Radar,66,51,11,0,128,0,8,28,0,36,66,59,39,0,164,40,7,47,211
02/01/2009,ALB,NY,AEA,EN,Combined TRACON& Tower with Radar,67,69,10,0,146,0,3,32,0,35,67,72,42,0,181,2,0,2,183
02/02/2009,ALB,NY,AEA,EN,Combined TRACON& Tower with Radar,75,82,27,0,184,0,5,23,4,32,75,87,50,4,216,40,0,40,256
02/03/2009,ALB,NY,AEA,EN,Combined TRACON& Tower with Radar,76,84,22,2,184,0,4,10,2,16,76,88,32,4,200,22,4,26,226
02/04/2009,ALB,NY,AEA,EN,Combined TRACON& Tower with Radar,74,77,19,8,178,0,17,53,1,71,74,94,72,9,249,34,2,36,285
02/05/2009,ALB,NY,AEA,EN,Combined TRACON& Tower with Radar,80,75,23,2,180,0,21,16,2,39,80,96,39,4,219,77,8,85,304
02/06/2009,ALB,NY,AEA,EN,Combined TRACON& Tower with Radar,79,96,20,5,200,0,3,34,2,39,79,99,54,7,239,61,17,78,317
02/07/2009,ALB,NY,AEA,EN,Combined TRACON& Tower with Radar,67,54,15,3,139,0,0,29,1,30,67,54,44,4,169,54,4,58,227
02/08/2009,ALB,NY,AEA,EN,Combined TRACON& Tower with Radar,67,76,6,2,151,0,2,5,0,7,67,78,11,2,158,2,0,2,160
02/09/2009,ALB,NY,AEA,EN,Combined TRACON& Tower with Radar,76,85,23,9,193,0,6,45,6,57,76,91,68,15,250,21,15,36,286
02/10/2009,ALB,NY,AEA,EN,Combined TRACON& Tower with Radar,82,99,9,11,201,0,3,26,3,32,82,102,35,14,233,16,0,16,249
02/11/2009,ALB,NY,AEA,EN,Combined TRACON& Tower with Radar,76,89,19,6,190,0,4,9,0,13,76,93,28,6,203,4,6,10,213
02/12/2009,ALB,NY,AEA,EN,Combined TRACON& Tower with Radar,84,89,6,2,181,0,1,2,0,3,84,90,8,2,184,14,0,14,198
02/13/2009,ALB,NY,AEA,EN,Combined TRACON& Tower with Radar,82,94,31,6,213,0,15,18,1,34,82,109,49,7,247,3,0,3,250
02/14/2009,ALB,NY,AEA,EN,Combined TRACON& Tower with Radar,62,53,7,0,122,0,16,48,1,65,62,69,55,1,187,17,0,17,204
02/15/2009,ALB,NY,AEA,EN,Combined TRACON& Tower with Radar,70,60,8,0,138,0,19,74,0,93,70,79,82,0,231,42,0,42,273
02/16/2009,ALB,NY,AEA,EN,Combined TRACON& Tower with Radar,74,86,13,0,173,0,8,53,1,62,74,94,66,1,235,35,0,35,270
02/17/2009,ALB,NY,AEA,EN,Combined TRACON& Tower with Radar,78,84,16,6,184,0,10,33,1,44,78,94,49,7,228,23,8,31,259
02/18/2009,ALB,NY,AEA,EN,Combined TRACON& Tower with Radar,75,86,12,4,177,0,9,12,4,25,75,95,24,8,202,0,0,0,202
02/19/2009,ALB,NY,AEA,EN,Combined TRACON& Tower with Radar,80,90,11,2,183,0,0,2,0,2,80,90,13,2,185,34,2,36,221
02/20/2009,ALB,NY,AEA,EN,Combined TRACON& Tower with Radar,76,114,9,0,199,0,2,7,0,9,76,116,16,0,208,3,2,5,213
02/21/2009,ALB,NY,AEA,EN,Combined TRACON& Tower with Radar,62,64,15,0,141,0,10,35,0,45,62,74,50,0,186,26,1,27,213
02/22/2009,ALB,NY,AEA,EN,Combined TRACON& Tower with Radar,69,73,11,0,153,0,0,2,0,2,69,73,13,0,155,0,0,0,155
02/23/2009,ALB,NY,AEA,EN,Combined TRACON& Tower with Radar,81,102,21,0,204,0,2,12,0,14,81,104,33,0,218,19,0,19,237
02/24/2009,ALB,NY,AEA,EN,Combined TRACON& Tower with Radar,78,80,18,26,202,0,13,38,3,54,78,93,56,29,256,31,41,72,328
02/25/2009,ALB,NY,AEA,EN,Combined TRACON& Tower with Radar,79,84,28,28,219,0,19,58,10,87,79,103,86,38,306,42,45,87,393
02/26/2009,ALB,NY,AEA,EN,Combined TRACON& Tower with Radar,76,111,18,5,210,0,2,25,6,33,76,113,43,11,243,36,32,68,311
02/27/2009,ALB,NY,AEA,EN,Combined TRACON& Tower with Radar,77,98,16,2,193,0,0,4,4,8,77,98,20,6,201,13,8,21,222
02/28/2009,ALB,NY,AEA,EN,Combined TRACON& Tower with Radar,62,66,17,0,145,0,7,58,1,66,62,73,75,1,211,0,0,0,211
03/01/2009,ALB,NY,AEA,EN,Combined TRACON& Tower with Radar,64,71,12,1,148,0,6,37,0,43,64,77,49,1,191,18,2,20,211
03/02/2009,ALB,NY,AEA,EN,Combined TRACON& Tower with Radar,56,69,10,1,136,0,0,1,0,1,56,69,11,1,137,0,0,0,137
03/03/2009,ALB,NY,AEA,EN,Combined TRACON& Tower with Radar,75,73,17,4,169,0,17,28,0,45,75,90,45,4,214,6,0,6,220
03/04/2009,ALB,NY,AEA,EN,Combined TRACON& Tower with Radar,76,76,10,10,172,0,23,37,6,66,76,99,47,16,238,34,5,39,277
03/05/2009,ALB,NY,AEA,EN,Combined TRACON& Tower with Radar,77,83,26,8,194,0,26,54,2,82,77,109,80,10,276,5,0,5,281
03/06/2009,ALB,NY,AEA,EN,Combined TRACON& Tower with Radar,76,96,21,8,201,0,2,19,0,21,76,98,40,8,222,0,0,0,222
03/07/2009,ALB,NY,AEA,EN,Combined TRACON& Tower with Radar,66,63,15,1,145,0,1,57,1,59,66,64,72,2,204,22,0,22,226
03/08/2009,ALB,NY,AEA,EN,Combined TRACON& Tower with Radar,70,74,23,0,167,0,6,42,0,48,70,80,65,0,215,20,0,20,235
03/09/2009,ALB,NY,AEA,EN,Combined TRACON& Tower with Radar,73,80,25,0,178,0,0,0,0,0,73,80,25,0,178,0,0,0,178
03/10/2009,ALB,NY,AEA,EN,Combined TRACON& Tower with Radar,75,92,29,6,202,0,1,5,0,6,75,93,34,6,208,40,3,43,251
03/11/2009,ALB,NY,AEA,EN,Combined TRACON& Tower with Radar,74,82,16,9,181,0,2,0,5,7,74,84,16,14,188,7,18,25,213
03/12/2009,ALB,NY,AEA,EN,Combined TRACON& Tower with Radar,73,88,15,2,178,0,17,24,4,45,73,105,39,6,223,0,0,0,223
03/13/2009,ALB,NY,AEA,EN,Combined TRACON& Tower with Radar,76,86,11,2,175,0,21,63,4,88,76,107,74,6,263,12,0,12,275
03/14/2009,ALB,NY,AEA,EN,Combined TRACON& Tower with Radar,66,42,9,0,117,0,24,68,5,97,66,66,77,5,214,59,4,63,277
03/15/2009,ALB,NY,AEA,EN,Combined TRACON& Tower with Radar,74,56,14,0,144,0,17,75,0,92,74,73,89,0,236,59,0,59,295
03/16/2009,ALB,NY,AEA,EN,Combined TRACON& Tower with Radar,74,71,19,2,166,0,17,37,0,54,74,88,56,2,220,13,0,13,233
03/17/2009,ALB,NY,AEA,EN,Combined TRACON& Tower with Radar,76,71,13,0,160,0,21,48,0,69,76,92,61,0,229,13,2,15,244
03/18/2009,ALB,NY,AEA,EN,Combined TRACON& Tower with Radar,76,101,23,2,202,0,2,5,0,7,76,103,28,2,209,49,0,49,258
03/19/2009,ALB,NY,AEA,EN,Combined TRACON& Tower with Radar,77,99,18,4,198,0,6,9,0,15,77,105,27,4,213,9,0,9,222
03/20/2009,ALB,NY,AEA,EN,Combined TRACON& Tower with Radar,78,88,12,2,180,0,14,46,2,62,78,102,58,4,242,26,0,26,268
03/21/2009,ALB,NY,AEA,EN,Combined TRACON& Tower with Radar,67,50,11,0,128,0,17,71,3,91,67,67,82,3,219,76,0,76,295
03/22/2009,ALB,NY,AEA,EN,Combined TRACON& Tower with Radar,73,75,10,0,158,0,5,30,2,37,73,80,40,2,195,56,5,61,256
03/23/2009,ALB,NY,AEA,EN,Combined TRACON& Tower with Radar,76,77,13,1,167,0,17,16,5,38,76,94,29,6,205,42,12,54,259
03/24/2009,ALB,NY,AEA,EN,Combined TRACON& Tower with Radar,77,78,16,0,171,0,26,37,11,74,77,104,53,11,245,39,0,39,284
03/25/2009,ALB,NY,AEA,EN,Combined TRACON& Tower with Radar,76,79,19,6,180,0,19,53,20,92,76,98,72,26,272,43,2,45,317
03/26/2009,ALB,NY,AEA,EN,Combined TRACON& Tower with Radar,73,87,21,0,181,0,2,4,6,12,73,89,25,6,193,69,3,72,265
03/27/2009,ALB,NY,AEA,EN,Combined TRACON& Tower with Radar,83,91,24,0,198,0,11,23,13,47,83,102,47,13,245,9,0,9,254
03/28/2009,ALB,NY,AEA,EN,Combined TRACON& Tower with Radar,66,51,12,2,131,0,17,71,19,107,66,68,83,21,238,122,14,136,374
03/29/2009,ALB,NY,AEA,EN,Combined TRACON& Tower with Radar,75,85,17,2,179,0,0,0,0,0,75,85,17,2,179,0,0,0,179
03/30/2009,ALB,NY,AEA,EN,Combined TRACON& Tower with Radar,75,96,15,2,188,0,5,4,4,13,75,101,19,6,201,8,0,8,209
03/31/2009,ALB,NY,AEA,EN,Combined TRACON& Tower with Radar,77,83,22,1,183,0,16,58,4,78,77,99,80,5,261,19,0,19,280
04/01/2009,ALB,NY,AEA,EN,Combined TRACON& Tower with Radar,77,89,15,3,184,0,8,10,0,18,77,97,25,3,202,0,0,0,202
04/02/2009,ALB,NY,AEA,EN,Combined TRACON& Tower with Radar,72,94,25,2,193,0,13,34,6,53,72,107,59,8,246,0,0,0,246
04/03/2009,ALB,NY,AEA,EN,Combined TRACON& Tower with Radar,80,88,13,1,182,0,0,11,5,16,80,88,24,6,198,9,2,11,209
04/04/2009,ALB,NY,AEA,EN,Combined TRACON& Tower with Radar,79,70,9,2,160,0,0,2,0,2,79,70,11,2,162,46,4,50,212
04/05/2009,ALB,NY,AEA,EN,Combined TRACON& Tower with Radar,72,74,13,1,160,1,0,32,8,41,73,74,45,9,201,22,10,32,233
04/06/2009,ALB,NY,AEA,EN,Combined TRACON& Tower with Radar,69,90,14,19,192,0,0,6,0,6,69,90,20,19,198,35,16,51,249
04/07/2009,ALB,NY,AEA,EN,Combined TRACON& Tower with Radar,77,94,10,0,181,0,3,26,0,29,77,97,36,0,210,1,6,7,217
04/08/2009,ALB,NY,AEA,EN,Combined TRACON& Tower with Radar,75,98,7,1,181,0,3,14,6,23,75,101,21,7,204,29,4,33,237
04/09/2009,ALB,NY,AEA,EN,Combined TRACON& Tower with Radar,79,92,17,13,201,0,9,23,1,33,79,101,40,14,234,19,5,24,258
04/10/2009,ALB,NY,AEA,EN,Combined TRACON& Tower with Radar,80,87,13,0,180,0,9,40,5,54,80,96,53,5,234,7,1,8,242
04/11/2009,ALB,NY,AEA,EN,Combined TRACON& Tower with Radar,71,52,18,0,141,0,8,27,0,35,71,60,45,0,176,0,0,0,176
04/12/2009,ALB,NY,AEA,EN,Combined TRACON& Tower with Radar,66,70,10,0,146,0,4,24,1,29,66,74,34,1,175,0,0,0,175
04/13/2009,ALB,NY,AEA,EN,Combined TRACON& Tower with Radar,68,81,10,0,159,0,10,41,4,55,68,91,51,4,214,0,0,0,214
04/14/2009,ALB,NY,AEA,EN,Combined TRACON& Tower with Radar,73,82,24,8,187,0,32,51,5,88,73,114,75,13,275,41,9,50,325
04/15/2009,ALB,NY,AEA,EN,Combined TRACON& Tower with Radar,74,81,19,21,195,0,24,37,15,76,74,105,56,36,271,4,44,48,319
04/16/2009,ALB,NY,AEA,EN,Combined TRACON& Tower with Radar,76,83,17,0,176,0,33,60,5,98,76,116,77,5,274,56,9,65,339
04/17/2009,ALB,NY,AEA,EN,Combined TRACON& Tower with Radar,75,89,8,6,178,0,18,56,0,74,75,107,64,6,252,14,0,14,266
04/18/2009,ALB,NY,AEA,EN,Combined TRACON& Tower with Radar,71,58,21,0,150,0,6,34,0,40,71,64,55,0,190,29,11,40,230
04/19/2009,ALB,NY,AEA,EN,Combined TRACON& Tower with Radar,70,69,13,0,152,0,14,45,0,59,70,83,58,0,211,24,0,24,235
04/20/2009,ALB,NY,AEA,EN,Combined TRACON& Tower with Radar,68,85,27,6,186,0,5,11,4,20,68,90,38,10,206,5,6,11,217
04/21/2009,ALB,NY,AEA,EN,Combined TRACON& Tower with Radar,81,98,28,32,239,0,1,1,0,2,81,99,29,32,241,4,12,16,257
04/22/2009,ALB,NY,AEA,EN,Combined TRACON& Tower with Radar,76,105,40,3,224,0,9,19,5,33,76,114,59,8,257,3,4,7,264
04/23/2009,ALB,NY,AEA,EN,Combined TRACON& Tower with Radar,75,106,23,24,228,0,8,22,4,34,75,114,45,28,262,0,0,0,262
04/24/2009,ALB,NY,AEA,EN,Combined TRACON& Tower with Radar,77,82,14,8,181,0,25,70,7,102,77,107,84,15,283,54,20,74,357
04/25/2009,ALB,NY,AEA,EN,Combined TRACON& Tower with Radar,67,46,10,0,123,0,22,53,9,84,67,68,63,9,207,50,2,52,259
04/26/2009,ALB,NY,AEA,EN,Combined TRACON& Tower with Radar,70,72,12,0,154,0,5,47,1,53,70,77,59,1,207,33,0,33,240
04/27/2009,ALB,NY,AEA,EN,Combined TRACON& Tower with Radar,73,78,20,2,173,0,20,41,10,71,73,98,61,12,244,20,2,22,266
04/28/2009,ALB,NY,AEA,EN,Combined TRACON& Tower with Radar,72,87,24,3,186,0,12,30,12,54,72,99,54,15,240,9,0,9,249
04/29/2009,ALB,NY,AEA,EN,Combined TRACON& Tower with Radar,75,82,24,8,189,0,14,74,8,96,75,96,98,16,285,41,13,54,339
04/30/2009,ALB,NY,AEA,EN,Combined TRACON& Tower with Radar,76,93,21,12,202,0,12,33,15,60,76,105,54,27,262,21,4,25,287
05/01/2009,ALB,NY,AEA,EN,Combined TRACON& Tower with Radar,73,94,18,7,192,0,3,6,9,18,73,97,24,16,210,0,0,0,210
05/02/2009,ALB,NY,AEA,EN,Combined TRACON& Tower with Radar,68,57,8,0,133,0,6,32,2,40,68,63,40,2,173,51,4,55,228
05/03/2009,ALB,NY,AEA,EN,Combined TRACON& Tower with Radar,68,72,13,1,154,0,5,37,2,44,68,77,50,3,198,34,0,34,232
05/04/2009,ALB,NY,AEA,EN,Combined TRACON& Tower with Radar,72,89,14,0,175,0,13,27,6,46,72,102,41,6,221,90,8,98,319
05/05/2009,ALB,NY,AEA,EN,Combined TRACON& Tower with Radar,80,106,36,14,236,0,1,4,2,7,80,107,40,16,243,14,6,20,263
05/06/2009,ALB,NY,AEA,EN,Combined TRACON& Tower with Radar,78,97,35,16,226,0,5,13,6,24,78,102,48,22,250,32,7,39,289
05/07/2009,ALB,NY,AEA,EN,Combined TRACON& Tower with Radar,78,99,34,28,239,0,4,4,2,10,78,103,38,30,249,72,28,100,349
05/08/2009,ALB,NY,AEA,EN,Combined TRACON& Tower with Radar,77,91,16,0,184,0,10,27,3,40,77,101,43,3,224,27,0,27,251
05/09/2009,ALB,NY,AEA,EN,Combined TRACON& Tower with Radar,69,60,25,0,154,0,0,9,0,9,69,60,34,0,163,32,8,40,203
05/10/2009,ALB,NY,AEA,EN,Combined TRACON& Tower with Radar,67,76,8,0,151,0,1,10,0,11,67,77,18,0,162,6,0,6,168
05/11/2009,ALB,NY,AEA,EN,Combined TRACON& Tower with Radar,71,77,23,0,171,0,17,48,3,68,71,94,71,3,239,23,0,23,262
05/12/2009,ALB,NY,AEA,EN,Combined TRACON& Tower with Radar,74,82,16,1,173,0,14,68,1,83,74,96,84,2,256,76,12,88,344
05/13/2009,ALB,NY,AEA,EN,Combined TRACON& Tower with Radar,74,81,30,0,185,0,14,89,1,104,74,95,119,1,289,40,6,46,335
05/14/2009,ALB,NY,AEA,EN,Combined TRACON& Tower with Radar,77,91,18,17,203,0,2,0,0,2,77,93,18,17,205,13,0,13,218
05/15/2009,ALB,NY,AEA,EN,Combined TRACON& Tower with Radar,78,93,38,2,211,0,6,65,0,71,78,99,103,2,282,16,0,16,298
05/16/2009,ALB,NY,AEA,EN,Combined TRACON& Tower with Radar,63,51,20,10,144,0,2,26,0,28,63,53,46,10,172,38,4,42,214
05/17/2009,ALB,NY,AEA,EN,Combined TRACON& Tower with Radar,68,78,10,0,156,0,6,22,2,30,68,84,32,2,186,40,5,45,231
05/18/2009,ALB,NY,AEA,EN,Combined TRACON& Tower with Radar,74,87,23,2,186,0,11,32,1,44,74,98,55,3,230,32,0,32,262
05/19/2009,ALB,NY,AEA,EN,Combined TRACON& Tower with Radar,77,78,21,2,178,0,16,81,5,102,77,94,102,7,280,24,0,24,304
05/20/2009,ALB,NY,AEA,EN,Combined TRACON& Tower with Radar,79,75,12,3,169,0,19,71,8,98,79,94,83,11,267,38,6,44,311
05/21/2009,ALB,NY,AEA,EN,Combined TRACON& Tower with Radar,78,82,12,10,182,0,20,51,12,83,78,102,63,22,265,70,22,92,357
05/22/2009,ALB,NY,AEA,EN,Combined TRACON& Tower with Radar,76,88,19,2,185,0,8,35,0,43,76,96,54,2,228,57,7,64,292
05/23/2009,ALB,NY,AEA,EN,Combined TRACON& Tower with Radar,60,65,5,0,130,0,7,23,12,42,60,72,28,12,172,39,5,44,216
05/24/2009,ALB,NY,AEA,EN,Combined TRACON& Tower with Radar,45,69,8,0,122,0,9,24,8,41,45,78,32,8,163,68,4,72,235
05/25/2009,ALB,NY,AEA,EN,Combined TRACON& Tower with Radar,64,67,15,0,146,0,13,57,3,73,64,80,72,3,219,33,0,33,252
05/26/2009,ALB,NY,AEA,EN,Combined TRACON& Tower with Radar,71,73,11,13,168,0,14,58,1,73,71,87,69,14,241,19,0,19,260
05/27/2009,ALB,NY,AEA,EN,Combined TRACON& Tower with Radar,75,90,34,8,207,0,0,4,0,4,75,90,38,8,211,5,0,5,216
05/28/2009,ALB,NY,AEA,EN,Combined TRACON& Tower with Radar,76,91,32,3,202,0,0,2,0,2,76,91,34,3,204,30,0,30,234
05/29/2009,ALB,NY,AEA,EN,Combined TRACON& Tower with Radar,77,95,32,1,205,0,1,8,2,11,77,96,40,3,216,22,0,22,238
05/30/2009,ALB,NY,AEA,EN,Combined TRACON& Tower with Radar,65,62,17,1,145,0,4,48,0,52,65,66,65,1,197,24,0,24,221
05/31/2009,ALB,NY,AEA,EN,Combined TRACON& Tower with Radar,66,70,22,2,160,0,5,41,0,46,66,75,63,2,206,0,0,0,206
06/01/2009,ALB,NY,AEA,EN,Combined TRACON& Tower with Radar,71,84,19,5,179,0,12,76,3,91,71,96,95,8,270,23,0,23,293
06/02/2009,ALB,NY,AEA,EN,Combined TRACON& Tower with Radar,78,75,31,6,190,0,29,50,28,107,78,104,81,34,297,20,0,20,317
06/03/2009,ALB,NY,AEA,EN,Combined TRACON& Tower with Radar,72,77,22,1,172,0,9,35,25,69,72,86,57,26,241,70,5,75,316
06/04/2009,ALB,NY,AEA,EN,Combined TRACON& Tower with Radar,74,88,30,5,197,0,21,54,8,83,74,109,84,13,280,21,2,23,303
06/05/2009,ALB,NY,AEA,EN,Combined TRACON& Tower with Radar,64,90,19,6,179,0,27,58,6,91,64,117,77,12,270,67,20,87,357
06/06/2009,ALB,NY,AEA,EN,Combined TRACON& Tower with Radar,57,65,23,4,149,0,16,56,2,74,57,81,79,6,223,65,14,79,302
06/07/2009,ALB,NY,AEA,EN,Combined TRACON& Tower with Radar,61,67,27,4,159,0,11,34,4,49,61,78,61,8,208,0,0,0,208
06/08/2009,ALB,NY,AEA,EN,Combined TRACON& Tower with Radar,63,92,24,3,182,0,16,46,14,76,63,108,70,17,258,21,16,37,295
06/09/2009,ALB,NY,AEA,EN,Combined TRACON& Tower with Radar,65,110,31,2,208,0,0,7,1,8,65,110,38,3,216,14,0,14,230
06/10/2009,ALB,NY,AEA,EN,Combined TRACON& Tower with Radar,65,104,45,2,216,0,24,16,1,41,65,128,61,3,257,9,5,14,271
06/11/2009,ALB,NY,AEA,EN,Combined TRACON& Tower with Radar,66,121,38,14,239,0,4,1,1,6,66,125,39,15,245,0,0,0,245
06/12/2009,ALB,NY,AEA,EN,Combined TRACON& Tower with Radar,66,107,26,1,200,0,1,17,7,25,66,108,43,8,225,32,2,34,259
06/13/2009,ALB,NY,AEA,EN,Combined TRACON& Tower with Radar,56,71,29,1,157,0,10,27,5,42,56,81,56,6,199,101,4,105,304
06/14/2009,ALB,NY,AEA,EN,Combined TRACON& Tower with Radar,62,74,31,4,171,0,14,37,1,52,62,88,68,5,223,60,3,63,286
06/15/2009,ALB,NY,AEA,EN,Combined TRACON& Tower with Radar,66,98,22,2,188,0,3,15,1,19,66,101,37,3,207,9,0,9,216
06/16/2009,ALB,NY,AEA,EN,Combined TRACON& Tower with Radar,66,107,31,8,212,0,4,41,0,45,66,111,72,8,257,47,6,53,310
06/17/2009,ALB,NY,AEA,EN,Combined TRACON& Tower with Radar,67,105,45,16,233,0,4,52,8,64,67,109,97,24,297,68,22,90,387
06/18/2009,ALB,NY,AEA,EN,Combined TRACON& Tower with Radar,67,103,22,3,195,0,0,0,0,0,67,103,22,3,195,0,0,0,195
06/19/2009,ALB,NY,AEA,EN,Combined TRACON& Tower with Radar,66,107,48,2,223,0,1,13,1,15,66,108,61,3,238,18,0,18,256
06/20/2009,ALB,NY,AEA,EN,Combined TRACON& Tower with Radar,56,75,7,0,138,0,1,7,0,8,56,76,14,0,146,0,0,0,146
06/21/2009,ALB,NY,AEA,EN,Combined TRACON& Tower with Radar,62,84,37,0,183,0,3,13,0,16,62,87,50,0,199,0,0,0,199
06/22/2009,ALB,NY,AEA,EN,Combined TRACON& Tower with Radar,63,98,24,4,189,0,2,27,2,31,63,100,51,6,220,17,0,17,237
06/23/2009,ALB,NY,AEA,EN,Combined TRACON& Tower with Radar,68,95,25,6,194,0,13,43,5,61,68,108,68,11,255,0,0,0,255
06/24/2009,ALB,NY,AEA,EN,Combined TRACON& Tower with Radar,67,98,17,3,185,0,25,28,1,54,67,123,45,4,239,38,0,38,277
06/25/2009,ALB,NY,AEA,EN,Combined TRACON& Tower with Radar,67,115,34,17,233,0,17,44,9,70,67,132,78,26,303,39,15,54,357
06/26/2009,ALB,NY,AEA,EN,Combined TRACON& Tower with Radar,82,117,26,6,231,0,4,10,4,18,82,121,36,10,249,18,2,20,269
06/27/2009,ALB,NY,AEA,EN,Combined TRACON& Tower with Radar,55,79,24,13,171,0,2,21,2,25,55,81,45,15,196,76,11,87,283
06/28/2009,ALB,NY,AEA,EN,Combined TRACON& Tower with Radar,65,77,40,2,184,0,2,38,0,40,65,79,78,2,224,44,0,44,268
06/29/2009,ALB,NY,AEA,EN,Combined TRACON& Tower with Radar,62,104,21,2,189,0,3,26,4,33,62,107,47,6,222,89,42,131,353
06/30/2009,ALB,NY,AEA,EN,Combined TRACON& Tower with Radar,63,98,25,0,186,0,3,23,1,27,63,101,48,1,213,0,0,0,213
07/01/2009,ALB,NY,AEA,EN,Combined TRACON& Tower with Radar,73,83,23,0,179,0,0,7,0,7,73,83,30,0,186,2,0,2,188
07/02/2009,ALB,NY,AEA,EN,Combined TRACON& Tower with Radar,71,92,22,0,185,0,1,4,0,5,71,93,26,0,190,2,4,6,196
07/03/2009,ALB,NY,AEA,EN,Combined TRACON& Tower with Radar,65,83,13,0,161,0,2,16,0,18,65,85,29,0,179,38,9,47,226
07/04/2009,ALB,NY,AEA,EN,Combined TRACON& Tower with Radar,53,64,12,0,129,0,0,22,0,22,53,64,34,0,151,57,12,69,220
07/05/2009,ALB,NY,AEA,EN,Combined TRACON& Tower with Radar,65,80,17,0,162,0,0,54,0,54,65,80,71,0,216,72,0,72,288
07/06/2009,ALB,NY,AEA,EN,Combined TRACON& Tower with Radar,64,99,18,2,183,0,10,29,2,41,64,109,47,4,224,38,6,44,268
07/07/2009,ALB,NY,AEA,EN,Combined TRACON& Tower with Radar,76,94,9,15,194,0,3,13,4,20,76,97,22,19,214,7,22,29,243
07/08/2009,ALB,NY,AEA,EN,Combined TRACON& Tower with Radar,68,107,27,3,205,0,6,23,12,41,68,113,50,15,246,0,8,8,254
07/09/2009,ALB,NY,AEA,EN,Combined TRACON& Tower with Radar,72,101,36,8,217,0,4,28,1,33,72,105,64,9,250,31,7,38,288
07/10/2009,ALB,NY,AEA,EN,Combined TRACON& Tower with Radar,72,90,12,1,175,0,12,95,4,111,72,102,107,5,286,92,13,105,391
07/11/2009,ALB,NY,AEA,EN,Combined TRACON& Tower with Radar,56,56,16,1,129,0,4,27,0,31,56,60,43,1,160,12,0,12,172
07/12/2009,ALB,NY,AEA,EN,Combined TRACON& Tower with Radar,64,66,22,0,152,0,11,52,2,65,64,77,74,2,217,42,2,44,261
07/13/2009,ALB,NY,AEA,EN,Combined TRACON& Tower with Radar,64,83,19,0,166,0,7,26,6,39,64,90,45,6,205,33,0,33,238
07/14/2009,ALB,NY,AEA,EN,Combined TRACON& Tower with Radar,72,94,18,16,200,0,8,42,3,53,72,102,60,19,253,62,8,70,323
07/15/2009,ALB,NY,AEA,EN,Combined TRACON& Tower with Radar,69,102,25,0,196,0,12,66,10,88,69,114,91,10,284,30,2,32,316
07/16/2009,ALB,NY,AEA,EN,Combined TRACON& Tower with Radar,68,113,38,2,221,0,10,16,0,26,68,123,54,2,247,59,12,71,318
07/17/2009,ALB,NY,AEA,EN,Combined TRACON& Tower with Radar,68,107,27,0,202,0,7,24,3,34,68,114,51,3,236,12,6,18,254
07/18/2009,ALB,NY,AEA,EN,Combined TRACON& Tower with Radar,59,71,30,0,160,0,15,29,3,47,59,86,59,3,207,34,0,34,241
07/19/2009,ALB,NY,AEA,EN,Combined TRACON& Tower with Radar,63,80,25,0,168,0,4,67,0,71,63,84,92,0,239,16,0,16,255
07/20/2009,ALB,NY,AEA,EN,Combined TRACON& Tower with Radar,68,98,26,4,196,0,17,29,4,50,68,115,55,8,246,37,16,53,299
07/21/2009,ALB,NY,AEA,EN,Combined TRACON& Tower with Radar,68,106,24,2,200,0,4,10,0,14,68,110,34,2,214,0,0,0,214
07/22/2009,ALB,NY,AEA,EN,Combined TRACON& Tower with Radar,70,110,32,3,215,0,27,22,1,50,70,137,54,4,265,50,0,50,315
07/23/2009,ALB,NY,AEA,EN,Combined TRACON& Tower with Radar,69,101,44,3,217,0,0,15,0,15,69,101,59,3,232,17,0,17,249
07/24/2009,ALB,NY,AEA,EN,Combined TRACON& Tower with Radar,70,105,29,4,208,0,1,29,3,33,70,106,58,7,241,14,0,14,255
07/25/2009,ALB,NY,AEA,EN,Combined TRACON& Tower with Radar,56,79,31,0,166,0,3,19,14,36,56,82,50,14,202,26,0,26,228
07/26/2009,ALB,NY,AEA,EN,Combined TRACON& Tower with Radar,63,81,19,1,164,0,0,12,0,12,63,81,31,1,176,8,0,8,184
07/27/2009,ALB,NY,AEA,EN,Combined TRACON& Tower with Radar,68,98,22,17,205,0,3,27,4,34,68,101,49,21,239,19,27,46,285
07/28/2009,ALB,NY,AEA,EN,Combined TRACON& Tower with Radar,69,98,27,2,196,0,8,55,6,69,69,106,82,8,265,88,19,107,372
07/29/2009,ALB,NY,AEA,EN,Combined TRACON& Tower with Radar,75,92,12,11,190,0,3,16,1,20,75,95,28,12,210,28,10,38,248
07/30/2009,ALB,NY,AEA,EN,Combined TRACON& Tower with Radar,71,109,33,1,214,0,13,40,7,60,71,122,73,8,274,68,31,99,373
07/31/2009,ALB,NY,AEA,EN,Combined TRACON& Tower with Radar,79,115,30,2,226,0,1,7,0,8,79,116,37,2,234,7,1,8,242
08/01/2009,ALB,NY,AEA,EN,Combined TRACON& Tower with Radar,62,71,16,0,149,0,1,83,2,86,62,72,99,2,235,81,10,91,326
08/02/2009,ALB,NY,AEA,EN,Combined TRACON& Tower with Radar,66,74,33,2,175,0,0,7,0,7,66,74,40,2,182,13,4,17,199
08/03/2009,ALB,NY,AEA,EN,Combined TRACON& Tower with Radar,71,85,16,9,181,0,8,88,2,98,71,93,104,11,279,115,12,127,406
08/04/2009,ALB,NY,AEA,EN,Combined TRACON& Tower with Radar,70,103,13,14,200,0,6,38,9,53,70,109,51,23,253,93,37,130,383
08/05/2009,ALB,NY,AEA,EN,Combined TRACON& Tower with Radar,70,98,40,6,214,0,8,33,6,47,70,106,73,12,261,6,2,8,269
08/06/2009,ALB,NY,AEA,EN,Combined TRACON& Tower with Radar,71,98,29,0,198,0,12,34,15,61,71,110,63,15,259,13,0,13,272
08/07/2009,ALB,NY,AEA,EN,Combined TRACON& Tower with Radar,68,99,35,1,203,0,16,47,12,75,68,115,82,13,278,29,29,58,336
08/08/2009,ALB,NY,AEA,EN,Combined TRACON& Tower with Radar,59,58,17,0,134,0,13,42,1,56,59,71,59,1,190,76,19,95,285
08/09/2009,ALB,NY,AEA,EN,Combined TRACON& Tower with Radar,67,74,33,0,174,0,1,3,1,5,67,75,36,1,179,0,0,0,179
08/10/2009,ALB,NY,AEA,EN,Combined TRACON& Tower with Radar,65,104,26,12,207,0,5,13,3,21,65,109,39,15,228,84,27,111,339
08/11/2009,ALB,NY,AEA,EN,Combined TRACON& Tower with Radar,75,100,24,11,210,0,21,32,22,75,75,121,56,33,285,90,42,132,417
08/12/2009,ALB,NY,AEA,EN,Combined TRACON& Tower with Radar,72,97,41,29,239,0,9,32,20,61,72,106,73,49,300,68,42,110,410
08/13/2009,ALB,NY,AEA,EN,Combined TRACON& Tower with Radar,69,100,35,10,214,0,6,20,3,29,69,106,55,13,243,36,17,53,296
08/14/2009,ALB,NY,AEA,EN,Combined TRACON& Tower with Radar,67,95,26,13,201,0,9,28,4,41,67,104,54,17,242,67,9,76,318
08/15/2009,ALB,NY,AEA,EN,Combined TRACON& Tower with Radar,59,72,23,1,155,0,7,36,5,48,59,79,59,6,203,37,3,40,243
08/16/2009,ALB,NY,AEA,EN,Combined TRACON& Tower with Radar,62,74,23,0,159,0,9,49,0,58,62,83,72,0,217,47,6,53,270
08/17/2009,ALB,NY,AEA,EN,Combined TRACON& Tower with Radar,66,90,27,0,183,0,11,28,7,46,66,101,55,7,229,110,16,126,355
08/18/2009,ALB,NY,AEA,EN,Combined TRACON& Tower with Radar,68,97,32,10,207,0,8,21,8,37,68,105,53,18,244,18,18,36,280
08/19/2009,ALB,NY,AEA,EN,Combined TRACON& Tower with Radar,66,98,32,25,221,0,5,24,2,31,66,103,56,27,252,38,28,66,318
08/20/2009,ALB,NY,AEA,EN,Combined TRACON& Tower with Radar,71,106,20,13,210,0,3,33,9,45,71,109,53,22,255,87,30,117,372
08/21/2009,ALB,NY,AEA,EN,Combined TRACON& Tower with Radar,70,102,23,2,197,0,1,3,0,4,70,103,26,2,201,11,1,12,213
08/22/2009,ALB,NY,AEA,EN,Combined TRACON& Tower with Radar,56,73,27,12,168,0,1,8,1,10,56,74,35,13,178,0,0,0,178
08/23/2009,ALB,NY,AEA,EN,Combined TRACON& Tower with Radar,69,81,32,2,184,0,0,12,0,12,69,81,44,2,196,9,2,11,207
08/24/2009,ALB,NY,AEA,EN,Combined TRACON& Tower with Radar,73,94,32,1,200,0,7,40,5,52,73,101,72,6,252,30,7,37,289
08/25/2009,ALB,NY,AEA,EN,Combined TRACON& Tower with Radar,70,94,21,2,187,0,20,79,8,107,70,114,100,10,294,46,12,58,352
08/26/2009,ALB,NY,AEA,EN,Combined TRACON& Tower with Radar,71,100,29,9,209,0,17,51,18,86,71,117,80,27,295,72,23,95,390
08/27/2009,ALB,NY,AEA,EN,Combined TRACON& Tower with Radar,69,94,23,5,191,0,17,44,6,67,69,111,67,11,258,51,11,62,320
08/28/2009,ALB,NY,AEA,EN,Combined TRACON& Tower with Radar,69,107,22,1,199,0,2,34,10,46,69,109,56,11,245,53,4,57,302
08/29/2009,ALB,NY,AEA,EN,Combined TRACON& Tower with Radar,56,73,33,0,162,0,0,1,0,1,56,73,34,0,163,24,3,27,190
08/30/2009,ALB,NY,AEA,EN,Combined TRACON& Tower with Radar,65,83,33,0,181,0,0,43,2,45,65,83,76,2,226,79,4,83,309
08/31/2009,ALB,NY,AEA,EN,Combined TRACON& Tower with Radar,66,96,25,16,203,0,6,28,3,37,66,102,53,19,240,17,16,33,273
09/01/2009,ALB,NY,AEA,EN,Combined TRACON& Tower with Radar,72,92,17,4,185,0,13,47,3,63,72,105,64,7,248,81,18,99,347
09/02/2009,ALB,NY,AEA,EN,Combined TRACON& Tower with Radar,76,83,16,2,177,0,13,56,7,76,76,96,72,9,253,36,0,36,289
09/03/2009,ALB,NY,AEA,EN,Combined TRACON& Tower with Radar,73,83,25,7,188,0,18,58,6,82,73,101,83,13,270,15,8,23,293
09/04/2009,ALB,NY,AEA,EN,Combined TRACON& Tower with Radar,79,83,19,4,185,0,13,55,1,69,79,96,74,5,254,55,10,65,319
09/05/2009,ALB,NY,AEA,EN,Combined TRACON& Tower with Radar,58,48,5,0,111,0,14,41,0,55,58,62,46,0,166,34,0,34,200
09/06/2009,ALB,NY,AEA,EN,Combined TRACON& Tower with Radar,61,40,6,0,107,0,12,46,0,58,61,52,52,0,165,11,0,11,176
09/07/2009,ALB,NY,AEA,EN,Combined TRACON& Tower with Radar,65,74,33,0,172,0,1,16,0,17,65,75,49,0,189,71,11,82,271
09/08/2009,ALB,NY,AEA,EN,Combined TRACON& Tower with Radar,75,83,26,3,187,0,2,32,1,35,75,85,58,4,222,38,2,40,262
09/09/2009,ALB,NY,AEA,EN,Combined TRACON& Tower with Radar,73,93,23,21,210,0,8,27,3,38,73,101,50,24,248,134,42,176,424
09/10/2009,ALB,NY,AEA,EN,Combined TRACON& Tower with Radar,76,93,18,15,202,0,4,48,3,55,76,97,66,18,257,9,18,27,284
09/11/2009,ALB,NY,AEA,EN,Combined TRACON& Tower with Radar,74,87,19,9,189,0,0,9,0,9,74,87,28,9,198,8,14,22,220
09/12/2009,ALB,NY,AEA,EN,Combined TRACON& Tower with Radar,59,59,23,0,141,0,2,13,0,15,59,61,36,0,156,16,0,16,172
09/13/2009,ALB,NY,AEA,EN,Combined TRACON& Tower with Radar,65,60,15,2,142,0,4,31,0,35,65,64,46,2,177,0,0,0,177
09/14/2009,ALB,NY,AEA,EN,Combined TRACON& Tower with Radar,69,82,20,14,185,0,10,20,9,39,69,92,40,23,224,90,28,118,342
09/15/2009,ALB,NY,AEA,EN,Combined TRACON& Tower with Radar,72,85,27,4,188,0,13,52,5,70,72,98,79,9,258,85,63,148,406
09/16/2009,ALB,NY,AEA,EN,Combined TRACON& Tower with Radar,71,95,30,12,208,0,11,43,10,64,71,106,73,22,272,61,36,97,369
09/17/2009,ALB,NY,AEA,EN,Combined TRACON& Tower with Radar,70,101,29,22,222,0,3,27,0,30,70,104,56,22,252,52,51,103,355
09/18/2009,ALB,NY,AEA,EN,Combined TRACON& Tower with Radar,76,100,16,7,199,0,11,19,9,39,76,111,35,16,238,97,0,97,335
09/19/2009,ALB,NY,AEA,EN,Combined TRACON& Tower with Radar,58,47,15,2,122,0,11,53,8,72,58,58,68,10,194,56,0,56,250
09/20/2009,ALB,NY,AEA,EN,Combined TRACON& Tower with Radar,65,53,27,2,147,0,11,48,0,59,65,64,75,2,206,35,2,37,243
09/21/2009,ALB,NY,AEA,EN,Combined TRACON& Tower with Radar,66,79,18,25,188,0,13,27,4,44,66,92,45,29,232,48,55,103,335
09/22/2009,ALB,NY,AEA,EN,Combined TRACON& Tower with Radar,72,93,19,14,198,0,14,14,2,30,72,107,33,16,228,119,25,144,372
09/23/2009,ALB,NY,AEA,EN,Combined TRACON& Tower with Radar,75,91,12,19,197,0,10,9,0,19,75,101,21,19,216,54,19,73,289
09/24/2009,ALB,NY,AEA,EN,Combined TRACON& Tower with Radar,72,97,23,0,192,0,9,46,4,59,72,106,69,4,251,30,3,33,284
09/25/2009,ALB,NY,AEA,EN,Combined TRACON& Tower with Radar,73,94,21,13,201,0,6,50,0,56,73,100,71,13,257,10,8,18,275
09/26/2009,ALB,NY,AEA,EN,Combined TRACON& Tower with Radar,60,48,20,1,129,0,6,39,1,46,60,54,59,2,175,8,0,8,183
09/27/2009,ALB,NY,AEA,EN,Combined TRACON& Tower with Radar,67,65,35,0,167,0,0,1,0,1,67,65,36,0,168,0,0,0,168
09/28/2009,ALB,NY,AEA,EN,Combined TRACON& Tower with Radar,66,89,28,29,212,0,3,8,0,11,66,92,36,29,223,25,14,39,262
09/29/2009,ALB,NY,AEA,EN,Combined TRACON& Tower with Radar,72,92,34,10,208,0,1,15,2,18,72,93,49,12,226,25,6,31,257
09/30/2009,ALB,NY,AEA,EN,Combined TRACON& Tower with Radar,72,85,25,15,197,0,3,10,0,13,72,88,35,15,210,33,10,43,253
10/01/2009,ALB,NY,AEA,EN,Combined TRACON& Tower with Radar,74,96,31,13,214,0,6,12,2,20,74,102,43,15,234,15,39,54,288
10/02/2009,ALB,NY,AEA,EN,Combined TRACON& Tower with Radar,73,93,30,8,204,0,3,41,0,44,73,96,71,8,248,8,28,36,284
10/03/2009,ALB,NY,AEA,EN,Combined TRACON& Tower with Radar,62,62,31,2,157,0,1,4,0,5,62,63,35,2,162,84,0,84,246
10/04/2009,ALB,NY,AEA,EN,Combined TRACON& Tower with Radar,67,68,29,0,164,0,1,47,0,48,67,69,76,0,212,0,0,0,212
10/05/2009,ALB,NY,AEA,EN,Combined TRACON& Tower with Radar,69,84,13,4,170,0,2,25,5,32,69,86,38,9,202,6,7,13,215
10/06/2009,ALB,NY,AEA,EN,Combined TRACON& Tower with Radar,74,83,26,0,183,0,7,46,4,57,74,90,72,4,240,0,0,0,240
10/07/2009,ALB,NY,AEA,EN,Combined TRACON& Tower with Radar,77,92,18,20,207,0,2,8,12,22,77,94,26,32,229,0,54,54,283
10/08/2009,ALB,NY,AEA,EN,Combined TRACON& Tower with Radar,75,96,20,0,191,0,6,59,5,70,75,102,79,5,261,44,0,44,305
10/09/2009,ALB,NY,AEA,EN,Combined TRACON& Tower with Radar,73,96,25,0,194,0,4,4,2,10,73,100,29,2,204,12,2,14,218
10/10/2009,ALB,NY,AEA,EN,Combined TRACON& Tower with Radar,59,54,22,0,135,0,4,23,0,27,59,58,45,0,162,45,6,51,213
10/11/2009,ALB,NY,AEA,EN,Combined TRACON& Tower with Radar,67,66,17,0,150,0,3,51,0,54,67,69,68,0,204,17,0,17,221
10/12/2009,ALB,NY,AEA,EN,Combined TRACON& Tower with Radar,69,84,29,0,182,0,3,33,1,37,69,87,62,1,219,8,0,8,227
10/13/2009,ALB,NY,AEA,EN,Combined TRACON& Tower with Radar,73,91,26,13,203,0,1,5,3,9,73,92,31,16,212,4,30,34,246
10/14/2009,ALB,NY,AEA,EN,Combined TRACON& Tower with Radar,74,93,20,2,189,0,4,63,13,80,74,97,83,15,269,104,36,140,409
10/15/2009,ALB,NY,AEA,EN,Combined TRACON& Tower with Radar,73,93,19,2,187,0,1,24,10,35,73,94,43,12,222,47,19,66,288
10/16/2009,ALB,NY,AEA,EN,Combined TRACON& Tower with Radar,76,98,21,0,195,0,4,23,0,27,76,102,44,0,222,95,29,124,346
10/17/2009,ALB,NY,AEA,EN,Combined TRACON& Tower with Radar,61,54,12,1,128,0,18,47,1,66,61,72,59,2,194,53,12,65,259
10/18/2009,ALB,NY,AEA,EN,Combined TRACON& Tower with Radar,64,58,21,0,143,0,5,13,0,18,64,63,34,0,161,0,0,0,161
10/19/2009,ALB,NY,AEA,EN,Combined TRACON& Tower with Radar,70,84,20,16,190,0,16,65,3,84,70,100,85,19,274,41,11,52,326
10/20/2009,ALB,NY,AEA,EN,Combined TRACON& Tower with Radar,74,95,14,12,195,0,16,51,8,75,74,111,65,20,270,61,44,105,375
10/21/2009,ALB,NY,AEA,EN,Combined TRACON& Tower with Radar,77,99,38,5,219,0,12,52,11,75,77,111,90,16,294,76,14,90,384
10/22/2009,ALB,NY,AEA,EN,Combined TRACON& Tower with Radar,75,89,27,4,195,0,15,38,18,71,75,104,65,22,266,13,1,14,280
10/23/2009,ALB,NY,AEA,EN,Combined TRACON& Tower with Radar,72,103,28,5,208,0,18,34,0,52,72,121,62,5,260,61,13,74,334
10/24/2009,ALB,NY,AEA,EN,Combined TRACON& Tower with Radar,63,79,17,0,159,0,0,0,0,0,63,79,17,0,159,32,0,32,191
10/25/2009,ALB,NY,AEA,EN,Combined TRACON& Tower with Radar,64,69,35,0,168,0,1,46,0,47,64,70,81,0,215,23,0,23,238
10/26/2009,ALB,NY,AEA,EN,Combined TRACON& Tower with Radar,76,70,25,26,197,0,18,21,6,45,76,88,46,32,242,8,30,38,280
10/27/2009,ALB,NY,AEA,EN,Combined TRACON& Tower with Radar,75,99,39,16,229,0,13,15,4,32,75,112,54,20,261,59,68,127,388
10/28/2009,ALB,NY,AEA,EN,Combined TRACON& Tower with Radar,78,99,24,4,205,0,0,0,0,0,78,99,24,4,205,44,0,44,249
10/29/2009,ALB,NY,AEA,EN,Combined TRACON& Tower with Radar,78,106,18,7,209,0,7,30,17,54,78,113,48,24,263,49,10,59,322
10/30/2009,ALB,NY,AEA,EN,Combined TRACON& Tower with Radar,77,99,21,8,205,0,8,15,1,24,77,107,36,9,229,69,6,75,304
10/31/2009,ALB,NY,AEA,EN,Combined TRACON& Tower with Radar,55,61,8,6,130,0,0,2,6,8,55,61,10,12,138,20,1,21,159
11/01/2009,ALB,NY,AEA,EN,Combined TRACON& Tower with Radar,66,64,14,0,144,0,25,40,13,78,66,89,54,13,222,48,0,48,270
11/02/2009,ALB,NY,AEA,EN,Combined TRACON& Tower with Radar,69,82,12,25,188,0,11,42,3,56,69,93,54,28,244,50,44,94,338
11/03/2009,ALB,NY,AEA,EN,Combined TRACON& Tower with Radar,72,91,20,2,185,0,1,30,0,31,72,92,50,2,216,9,4,13,229
11/04/2009,ALB,NY,AEA,EN,Combined TRACON& Tower with Radar,74,80,20,16,190,0,15,43,9,67,74,95,63,25,257,66,18,84,341
11/05/2009,ALB,NY,AEA,EN,Combined TRACON& Tower with Radar,75,95,21,16,207,0,1,24,12,37,75,96,45,28,244,71,62,133,377
11/06/2009,ALB,NY,AEA,EN,Combined TRACON& Tower with Radar,76,96,31,18,221,0,2,31,3,36,76,98,62,21,257,75,54,129,386
11/07/2009,ALB,NY,AEA,EN,Combined TRACON& Tower with Radar,58,39,17,2,116,0,17,68,9,94,58,56,85,11,210,2,17,19,229
11/08/2009,ALB,NY,AEA,EN,Combined TRACON& Tower with Radar,66,61,14,2,143,0,11,83,7,101,66,72,97,9,244,124,17,141,385
11/09/2009,ALB,NY,AEA,EN,Combined TRACON& Tower with Radar,71,82,24,6,183,0,13,52,6,71,71,95,76,12,254,38,0,38,292
11/10/2009,ALB,NY,AEA,EN,Combined TRACON& Tower with Radar,74,84,10,2,170,0,8,34,2,44,74,92,44,4,214,60,11,71,285
11/11/2009,ALB,NY,AEA,EN,Combined TRACON& Tower with Radar,73,82,12,0,167,0,12,45,2,59,73,94,57,2,226,42,10,52,278
11/12/2009,ALB,NY,AEA,EN,Combined TRACON& Tower with Radar,74,70,19,11,174,0,20,19,13,52,74,90,38,24,226,108,32,140,366
11/13/2009,ALB,NY,AEA,EN,Combined TRACON& Tower with Radar,75,81,18,32,206,0,17,29,5,51,75,98,47,37,257,8,17,25,282
11/14/2009,ALB,NY,AEA,EN,Combined TRACON& Tower with Radar,60,59,20,1,140,0,0,0,0,0,60,59,20,1,140,5,0,5,145
11/15/2009,ALB,NY,AEA,EN,Combined TRACON& Tower with Radar,61,75,34,0,170,0,0,18,0,18,61,75,52,0,188,54,8,62,250
11/16/2009,ALB,NY,AEA,EN,Combined TRACON& Tower with Radar,69,73,12,4,158,0,15,34,5,54,69,88,46,9,212,65,14,79,291
11/17/2009,ALB,NY,AEA,EN,Combined TRACON& Tower with Radar,73,75,15,6,169,0,15,41,11,67,73,90,56,17,236,54,16,70,306
11/18/2009,ALB,NY,AEA,EN,Combined TRACON& Tower with Radar,77,84,22,2,185,0,16,49,6,71,77,100,71,8,256,114,13,127,383
11/19/2009,ALB,NY,AEA,EN,Combined TRACON& Tower with Radar,72,97,37,1,207,1,0,24,7,32,73,97,61,8,239,106,37,143,382
11/20/2009,ALB,NY,AEA,EN,Combined TRACON& Tower with Radar,73,95,35,15,218,0,3,9,5,17,73,98,44,20,235,49,19,68,303
11/21/2009,ALB,NY,AEA,EN,Combined TRACON& Tower with Radar,56,55,34,2,147,0,0,14,0,14,56,55,48,2,161,7,1,8,169
11/22/2009,ALB,NY,AEA,EN,Combined TRACON& Tower with Radar,60,71,29,0,160,0,2,57,0,59,60,73,86,0,219,83,9,92,311
11/23/2009,ALB,NY,AEA,EN,Combined TRACON& Tower with Radar,72,78,28,22,200,0,4,12,0,16,72,82,40,22,216,41,71,112,328
11/24/2009,ALB,NY,AEA,EN,Combined TRACON& Tower with Radar,76,81,24,10,191,0,5,12,5,22,76,86,36,15,213,92,59,151,364
11/25/2009,ALB,NY,AEA,EN,Combined TRACON& Tower with Radar,73,92,36,3,204,0,0,9,1,10,73,92,45,4,214,21,2,23,237
11/26/2009,ALB,NY,AEA,EN,Combined TRACON& Tower with Radar,48,53,11,0,112,0,0,2,1,3,48,53,13,1,115,17,0,17,132
11/27/2009,ALB,NY,AEA,EN,Combined TRACON& Tower with Radar,66,52,14,0,132,0,0,6,0,6,66,52,20,0,138,51,4,55,193
11/28/2009,ALB,NY,AEA,EN,Combined TRACON& Tower with Radar,56,70,8,0,134,0,0,7,0,7,56,70,15,0,141,26,2,28,169
11/29/2009,ALB,NY,AEA,EN,Combined TRACON& Tower with Radar,71,78,19,0,168,0,3,75,0,78,71,81,94,0,246,37,0,37,283
11/30/2009,ALB,NY,AEA,EN,Combined TRACON& Tower with Radar,76,86,13,23,198,0,2,2,0,4,76,88,15,23,202,6,36,42,244
12/01/2009,ALB,NY,AEA,EN,Combined TRACON& Tower with Radar,73,80,16,0,169,0,3,26,5,34,73,83,42,5,203,12,6,18,221
12/02/2009,ALB,NY,AEA,EN,Combined TRACON& Tower with Radar,77,76,15,0,168,0,11,29,17,57,77,87,44,17,225,73,33,106,331
12/03/2009,ALB,NY,AEA,EN,Combined TRACON& Tower with Radar,77,93,8,11,189,0,1,6,2,9,77,94,14,13,198,45,21,66,264
12/04/2009,ALB,NY,AEA,EN,Combined TRACON& Tower with Radar,77,90,14,6,187,0,3,36,5,44,77,93,50,11,231,63,19,82,313
12/05/2009,ALB,NY,AEA,EN,Combined TRACON& Tower with Radar,58,45,10,0,113,0,4,13,6,23,58,49,23,6,136,33,2,35,171
12/06/2009,ALB,NY,AEA,EN,Combined TRACON& Tower with Radar,65,62,18,2,147,0,3,47,2,52,65,65,65,4,199,50,18,68,267
12/07/2009,ALB,NY,AEA,EN,Combined TRACON& Tower with Radar,70,98,19,6,193,0,5,28,0,33,70,103,47,6,226,14,0,14,240
12/08/2009,ALB,NY,AEA,EN,Combined TRACON& Tower with Radar,69,87,10,0,166,0,6,17,14,37,69,93,27,14,203,43,12,55,258
12/09/2009,ALB,NY,AEA,EN,Combined TRACON& Tower with Radar,71,59,8,0,138,0,0,1,0,1,71,59,9,0,139,12,0,12,151
12/10/2009,ALB,NY,AEA,EN,Combined TRACON& Tower with Radar,75,73,11,3,162,0,5,5,12,22,75,78,16,15,184,44,10,54,238
12/11/2009,ALB,NY,AEA,EN,Combined TRACON& Tower with Radar,73,77,6,8,164,0,3,7,1,11,73,80,13,9,175,28,11,39,214
12/12/2009,ALB,NY,AEA,EN,Combined TRACON& Tower with Radar,59,55,8,0,122,0,6,26,1,33,59,61,34,1,155,9,0,9,164
12/13/2009,ALB,NY,AEA,EN,Combined TRACON& Tower with Radar,65,49,1,0,115,0,4,21,0,25,65,53,22,0,140,15,0,15,155
12/14/2009,ALB,NY,AEA,EN,Combined TRACON& Tower with Radar,68,79,29,3,179,0,4,26,2,32,68,83,55,5,211,48,4,52,263
12/15/2009,ALB,NY,AEA,EN,Combined TRACON& Tower with Radar,73,84,26,6,189,0,7,9,9,25,73,91,35,15,214,31,13,44,258
12/16/2009,ALB,NY,AEA,EN,Combined TRACON& Tower with Radar,75,85,19,37,216,0,7,13,15,35,75,92,32,52,251,54,69,123,374
12/17/2009,ALB,NY,AEA,EN,Combined TRACON& Tower with Radar,74,82,14,22,192,0,13,20,7,40,74,95,34,29,232,17,31,48,280
12/18/2009,ALB,NY,AEA,EN,Combined TRACON& Tower with Radar,72,78,19,3,172,0,17,44,2,63,72,95,63,5,235,5,2,7,242
12/19/2009,ALB,NY,AEA,EN,Combined TRACON& Tower with Radar,55,43,7,0,105,0,16,35,0,51,55,59,42,0,156,9,0,9,165
12/20/2009,ALB,NY,AEA,EN,Combined TRACON& Tower with Radar,59,40,4,0,103,0,16,12,1,29,59,56,16,1,132,4,0,4,136
12/21/2009,ALB,NY,AEA,EN,Combined TRACON& Tower with Radar,72,71,12,27,182,0,20,23,11,54,72,91,35,38,236,44,76,120,356
12/22/2009,ALB,NY,AEA,EN,Combined TRACON& Tower with Radar,81,82,20,2,185,0,18,25,1,44,81,100,45,3,229,49,21,70,299
12/23/2009,ALB,NY,AEA,EN,Combined TRACON& Tower with Radar,74,88,15,6,183,0,3,0,5,8,74,91,15,11,191,18,15,33,224
12/24/2009,ALB,NY,AEA,EN,Combined TRACON& Tower with Radar,66,63,15,0,144,0,0,6,2,8,66,63,21,2,152,16,0,16,168
12/25/2009,ALB,NY,AEA,EN,Combined TRACON& Tower with Radar,58,54,2,0,114,0,0,0,0,0,58,54,2,0,114,0,0,0,114
12/26/2009,ALB,NY,AEA,EN,Combined TRACON& Tower with Radar,57,57,10,0,124,0,0,1,0,1,57,57,11,0,125,20,2,22,147
12/27/2009,ALB,NY,AEA,EN,Combined TRACON& Tower with Radar,68,73,10,0,151,0,4,20,0,24,68,77,30,0,175,41,22,63,238
12/28/2009,ALB,NY,AEA,EN,Combined TRACON& Tower with Radar,68,73,10,17,168,0,4,2,7,13,68,77,12,24,181,0,0,0,181
12/29/2009,ALB,NY,AEA,EN,Combined TRACON& Tower with Radar,76,70,8,0,154,0,15,3,0,18,76,85,11,0,172,0,0,0,172
12/30/2009,ALB,NY,AEA,EN,Combined TRACON& Tower with Radar,73,71,26,0,170,0,9,31,7,47,73,80,57,7,217,32,11,43,260
12/31/2009,ALB,NY,AEA,EN,Combined TRACON& Tower with Radar,66,63,1,0,130,0,1,4,0,5,66,64,5,0,135,0,0,0,135
01/01/2010,ALB,NY,AEA,EN,Combined TRACON& Tower with Radar,59,47,2,0,108,0,0,2,0,2,59,47,4,0,110,0,0,0,110
01/02/2010,ALB,NY,AEA,EN,Combined TRACON& Tower with Radar,60,70,10,0,140,0,0,0,0,0,60,70,10,0,140,38,0,38,178
01/03/2010,ALB,NY,AEA,EN,Combined TRACON& Tower with Radar,70,47,13,0,130,0,0,0,0,0,70,47,13,0,130,0,0,0,130
01/04/2010,ALB,NY,AEA,EN,Combined TRACON& Tower with Radar,68,90,9,6,173,0,2,8,6,16,68,92,17,12,189,2,0,2,191
01/05/2010,ALB,NY,AEA,EN,Combined TRACON& Tower with Radar,69,86,7,6,168,0,0,12,0,12,69,86,19,6,180,12,4,16,196
01/06/2010,ALB,NY,AEA,EN,Combined TRACON& Tower with Radar,71,87,16,17,191,0,4,21,5,30,71,91,37,22,221,31,18,49,270
01/07/2010,ALB,NY,AEA,EN,Combined TRACON& Tower with Radar,68,89,21,15,193,0,5,22,9,36,68,94,43,24,229,82,38,120,349
01/08/2010,ALB,NY,AEA,EN,Combined TRACON& Tower with Radar,74,80,16,2,172,0,1,1,2,4,74,81,17,4,176,15,0,15,191
01/09/2010,ALB,NY,AEA,EN,Combined TRACON& Tower with Radar,56,47,11,2,116,0,11,41,6,58,56,58,52,8,174,10,0,10,184
01/10/2010,ALB,NY,AEA,EN,Combined TRACON& Tower with Radar,61,59,13,5,138,0,3,57,2,62,61,62,70,7,200,10,14,24,224
01/11/2010,ALB,NY,AEA,EN,Combined TRACON& Tower with Radar,61,83,21,6,171,0,2,12,12,26,61,85,33,18,197,8,10,18,215
01/12/2010,ALB,NY,AEA,EN,Combined TRACON& Tower with Radar,70,80,23,1,174,0,3,28,9,40,70,83,51,10,214,26,1,27,241
01/13/2010,ALB,NY,AEA,EN,Combined TRACON& Tower with Radar,68,84,16,6,174,0,0,16,21,37,68,84,32,27,211,2,18,20,231
01/14/2010,ALB,NY,AEA,EN,Combined TRACON& Tower with Radar,68,86,12,21,187,0,10,39,13,62,68,96,51,34,249,54,33,87,336
01/15/2010,ALB,NY,AEA,EN,Combined TRACON& Tower with Radar,70,91,36,2,199,0,2,17,4,23,70,93,53,6,222,52,7,59,281
01/16/2010,ALB,NY,AEA,EN,Combined TRACON& Tower with Radar,53,51,17,1,122,0,2,44,1,47,53,53,61,2,169,10,0,10,179
01/17/2010,ALB,NY,AEA,EN,Combined TRACON& Tower with Radar,64,57,16,1,138,0,5,11,0,16,64,62,27,1,154,21,0,21,175
01/18/2010,ALB,NY,AEA,EN,Combined TRACON& Tower with Radar,63,71,7,1,142,0,2,9,0,11,63,73,16,1,153,2,0,2,155
01/19/2010,ALB,NY,AEA,EN,Combined TRACON& Tower with Radar,68,82,23,2,175,0,0,0,0,0,68,82,23,2,175,0,0,0,175
01/20/2010,ALB,NY,AEA,EN,Combined TRACON& Tower with Radar,71,77,39,16,203,0,3,3,2,8,71,80,42,18,211,49,54,103,314
01/21/2010,ALB,NY,AEA,EN,Combined TRACON& Tower with Radar,67,87,25,10,189,0,14,70,15,99,67,101,95,25,288,16,20,36,324
01/22/2010,ALB,NY,AEA,EN,Combined TRACON& Tower with Radar,72,74,14,6,166,0,17,45,36,98,72,91,59,42,264,39,39,78,342
01/23/2010,ALB,NY,AEA,EN,Combined TRACON& Tower with Radar,56,45,19,0,120,0,11,77,0,88,56,56,96,0,208,64,0,64,272
01/24/2010,ALB,NY,AEA,EN,Combined TRACON& Tower with Radar,65,62,4,0,131,0,3,25,2,30,65,65,29,2,161,14,0,14,175
01/25/2010,ALB,NY,AEA,EN,Combined TRACON& Tower with Radar,70,61,15,2,148,0,0,0,0,0,70,61,15,2,148,0,0,0,148
01/26/2010,ALB,NY,AEA,EN,Combined TRACON& Tower with Radar,65,81,24,3,173,0,6,5,6,17,65,87,29,9,190,17,5,22,212
01/27/2010,ALB,NY,AEA,EN,Combined TRACON& Tower with Radar,73,83,18,1,175,0,5,13,15,33,73,88,31,16,208,1,5,6,214
01/28/2010,ALB,NY,AEA,EN,Combined TRACON& Tower with Radar,72,83,10,1,166,0,1,2,0,3,72,84,12,1,169,1,0,1,170
01/29/2010,ALB,NY,AEA,EN,Combined TRACON& Tower with Radar,71,76,11,15,173,0,11,2,4,17,71,87,13,19,190,0,0,0,190
01/30/2010,ALB,NY,AEA,EN,Combined TRACON& Tower with Radar,52,38,9,4,103,0,15,33,2,50,52,53,42,6,153,0,0,0,153
01/31/2010,ALB,NY,AEA,EN,Combined TRACON& Tower with Radar,66,63,6,0,135,0,2,58,0,60,66,65,64,0,195,0,0,0,195
02/01/2010,ALB,NY,AEA,EN,Combined TRACON& Tower with Radar,64,75,11,13,163,0,5,7,0,12,64,80,18,13,175,1,35,36,211
02/02/2010,ALB,NY,AEA,EN,Combined TRACON& Tower with Radar,65,87,14,8,174,0,6,13,6,25,65,93,27,14,199,5,0,5,204
02/03/2010,ALB,NY,AEA,EN,Combined TRACON& Tower with Radar,70,83,20,5,178,0,2,12,1,15,70,85,32,6,193,12,4,16,209
02/04/2010,ALB,NY,AEA,EN,Combined TRACON& Tower with Radar,67,78,15,12,172,0,20,34,17,71,67,98,49,29,243,74,45,119,362
02/05/2010,ALB,NY,AEA,EN,Combined TRACON& Tower with Radar,63,74,16,2,155,0,13,25,4,42,63,87,41,6,197,7,0,7,204
02/06/2010,ALB,NY,AEA,EN,Combined TRACON& Tower with Radar,43,22,1,11,77,0,14,19,0,33,43,36,20,11,110,39,25,64,174
02/07/2010,ALB,NY,AEA,EN,Combined TRACON& Tower with Radar,49,50,9,1,109,0,5,33,0,38,49,55,42,1,147,10,0,10,157
02/08/2010,ALB,NY,AEA,EN,Combined TRACON& Tower with Radar,58,84,22,22,186,0,4,11,9,24,58,88,33,31,210,53,49,102,312
02/09/2010,ALB,NY,AEA,EN,Combined TRACON& Tower with Radar,51,76,26,12,165,0,8,25,11,44,51,84,51,23,209,1,18,19,228
02/10/2010,ALB,NY,AEA,EN,Combined TRACON& Tower with Radar,39,52,6,0,97,0,0,1,0,1,39,52,7,0,98,2,0,2,100
02/11/2010,ALB,NY,AEA,EN,Combined TRACON& Tower with Radar,66,68,22,1,157,0,12,17,4,33,66,80,39,5,190,2,5,7,197
02/12/2010,ALB,NY,AEA,EN,Combined TRACON& Tower with Radar,76,75,16,13,180,0,17,29,7,53,76,92,45,20,233,58,24,82,315
02/13/2010,ALB,NY,AEA,EN,Combined TRACON& Tower with Radar,62,55,7,0,124,0,8,35,0,43,62,63,42,0,167,14,0,14,181
02/14/2010,ALB,NY,AEA,EN,Combined TRACON& Tower with Radar,57,77,12,0,146,0,2,8,1,11,57,79,20,1,157,20,0,20,177
02/15/2010,ALB,NY,AEA,EN,Combined TRACON& Tower with Radar,66,81,12,0,159,0,2,14,1,17,66,83,26,1,176,4,0,4,180
02/16/2010,ALB,NY,AEA,EN,Combined TRACON& Tower with Radar,74,73,9,0,156,0,0,0,0,0,74,73,9,0,156,0,0,0,156
02/17/2010,ALB,NY,AEA,EN,Combined TRACON& Tower with Radar,74,88,10,0,172,0,3,16,4,23,74,91,26,4,195,0,0,0,195
02/18/2010,ALB,NY,AEA,EN,Combined TRACON& Tower with Radar,79,100,15,0,194,0,2,9,16,27,79,102,24,16,221,18,11,29,250
02/19/2010,ALB,NY,AEA,EN,Combined TRACON& Tower with Radar,72,99,14,2,187,0,1,10,1,12,72,100,24,3,199,48,31,79,278
02/20/2010,ALB,NY,AEA,EN,Combined TRACON& Tower with Radar,60,62,25,0,147,0,0,15,5,20,60,62,40,5,167,6,6,12,179
02/21/2010,ALB,NY,AEA,EN,Combined TRACON& Tower with Radar,56,82,14,0,152,0,1,20,6,27,56,83,34,6,179,64,32,96,275
02/22/2010,ALB,NY,AEA,EN,Combined TRACON& Tower with Radar,69,84,17,9,179,0,7,43,5,55,69,91,60,14,234,45,16,61,295
02/23/2010,ALB,NY,AEA,EN,Combined TRACON& Tower with Radar,73,72,15,1,161,0,0,0,0,0,73,72,15,1,161,0,0,0,161
02/24/2010,ALB,NY,AEA,EN,Combined TRACON& Tower with Radar,68,86,11,0,165,0,0,0,0,0,68,86,11,0,165,25,1,26,191
02/25/2010,ALB,NY,AEA,EN,Combined TRACON& Tower with Radar,72,64,8,1,145,0,0,0,0,0,72,64,8,1,145,2,0,2,147
02/26/2010,ALB,NY,AEA,EN,Combined TRACON& Tower with Radar,80,67,8,0,155,0,0,0,0,0,80,67,8,0,155,1,0,1,156
02/27/2010,ALB,NY,AEA,EN,Combined TRACON& Tower with Radar,58,62,8,0,128,0,0,0,0,0,58,62,8,0,128,20,9,29,157
02/28/2010,ALB,NY,AEA,EN,Combined TRACON& Tower with Radar,61,74,9,0,144,0,0,4,0,4,61,74,13,0,148,0,0,0,148
03/01/2010,ALB,NY,AEA,EN,Combined TRACON& Tower with Radar,69,81,13,4,167,0,3,7,12,22,69,84,20,16,189,61,69,130,319
03/02/2010,ALB,NY,AEA,EN,Combined TRACON& Tower with Radar,68,82,22,1,173,0,8,29,25,62,68,90,51,26,235,50,29,79,314
03/03/2010,ALB,NY,AEA,EN,Combined TRACON& Tower with Radar,72,80,17,35,204,0,3,3,16,22,72,83,20,51,226,53,61,114,340
03/04/2010,ALB,NY,AEA,EN,Combined TRACON& Tower with Radar,74,83,19,8,184,0,11,22,16,49,74,94,41,24,233,61,28,89,322
03/05/2010,ALB,NY,AEA,EN,Combined TRACON& Tower with Radar,76,76,12,27,191,0,16,41,11,68,76,92,53,38,259,32,34,66,325
03/06/2010,ALB,NY,AEA,EN,Combined TRACON& Tower with Radar,57,52,15,0,124,0,19,82,0,101,57,71,97,0,225,77,29,106,331
03/07/2010,ALB,NY,AEA,EN,Combined TRACON& Tower with Radar,57,62,6,2,127,0,15,65,0,80,57,77,71,2,207,92,52,144,351
03/08/2010,ALB,NY,AEA,EN,Combined TRACON& Tower with Radar,66,83,7,13,169,0,4,31,4,39,66,87,38,17,208,74,35,109,317
03/09/2010,ALB,NY,AEA,EN,Combined TRACON& Tower with Radar,73,72,21,10,176,0,16,51,6,73,73,88,72,16,249,100,71,171,420
03/10/2010,ALB,NY,AEA,EN,Combined TRACON& Tower with Radar,73,75,21,5,174,0,20,70,20,110,73,95,91,25,284,105,7,112,396
03/11/2010,ALB,NY,AEA,EN,Combined TRACON& Tower with Radar,71,94,30,3,198,0,19,34,6,59,71,113,64,9,257,23,0,23,280
03/12/2010,ALB,NY,AEA,EN,Combined TRACON& Tower with Radar,74,95,26,2,197,0,9,11,11,31,74,104,37,13,228,8,1,9,237
03/13/2010,ALB,NY,AEA,EN,Combined TRACON& Tower with Radar,74,59,20,1,154,0,1,7,0,8,74,60,27,1,162,0,0,0,162
03/14/2010,ALB,NY,AEA,EN,Combined TRACON& Tower with Radar,75,64,12,2,153,0,2,1,0,3,75,66,13,2,156,4,4,8,164
03/15/2010,ALB,NY,AEA,EN,Combined TRACON& Tower with Radar,70,85,12,6,173,0,2,2,8,12,70,87,14,14,185,10,26,36,221
03/16/2010,ALB,NY,AEA,EN,Combined TRACON& Tower with Radar,80,70,14,1,165,0,22,30,3,55,80,92,44,4,220,39,24,63,283
03/17/2010,ALB,NY,AEA,EN,Combined TRACON& Tower with Radar,76,71,16,21,184,0,27,31,17,75,76,98,47,38,259,14,8,22,281
03/18/2010,ALB,NY,AEA,EN,Combined TRACON& Tower with Radar,78,78,13,15,184,0,19,47,6,72,78,97,60,21,256,12,17,29,285
03/19/2010,ALB,NY,AEA,EN,Combined TRACON& Tower with Radar,76,69,14,0,159,0,26,66,19,111,76,95,80,19,270,49,0,49,319
03/20/2010,ALB,NY,AEA,EN,Combined TRACON& Tower with Radar,59,53,14,0,126,0,12,56,2,70,59,65,70,2,196,53,12,65,261
03/21/2010,ALB,NY,AEA,EN,Combined TRACON& Tower with Radar,62,73,10,0,145,0,9,44,0,53,62,82,54,0,198,61,0,61,259
03/22/2010,ALB,NY,AEA,EN,Combined TRACON& Tower with Radar,72,84,27,8,191,0,6,3,2,11,72,90,30,10,202,39,0,39,241
03/23/2010,ALB,NY,AEA,EN,Combined TRACON& Tower with Radar,76,89,31,8,204,0,0,0,0,0,76,89,31,8,204,4,8,12,216
03/24/2010,ALB,NY,AEA,EN,Combined TRACON& Tower with Radar,79,85,12,12,188,0,8,6,15,29,79,93,18,27,217,38,4,42,259
03/25/2010,ALB,NY,AEA,EN,Combined TRACON& Tower with Radar,74,80,28,18,200,0,13,30,3,46,74,93,58,21,246,0,0,0,246
03/26/2010,ALB,NY,AEA,EN,Combined TRACON& Tower with Radar,80,83,18,4,185,0,14,17,7,38,80,97,35,11,223,60,16,76,299
03/27/2010,ALB,NY,AEA,EN,Combined TRACON& Tower with Radar,61,46,17,10,134,0,17,65,0,82,61,63,82,10,216,21,4,25,241
03/28/2010,ALB,NY,AEA,EN,Combined TRACON& Tower with Radar,63,77,11,0,151,0,3,6,0,9,63,80,17,0,160,35,8,43,203
03/29/2010,ALB,NY,AEA,EN,Combined TRACON& Tower with Radar,73,83,26,10,192,0,0,0,0,0,73,83,26,10,192,2,16,18,210
03/30/2010,ALB,NY,AEA,EN,Combined TRACON& Tower with Radar,75,82,26,0,183,0,0,0,0,0,75,82,26,0,183,6,1,7,190
03/31/2010,ALB,NY,AEA,EN,Combined TRACON& Tower with Radar,80,86,47,8,221,0,0,0,2,2,80,86,47,10,223,0,10,10,233
04/01/2010,ALB,NY,AEA,EN,Combined TRACON& Tower with Radar,81,92,21,6,200,0,11,41,9,61,81,103,62,15,261,42,10,52,313
04/02/2010,ALB,NY,AEA,EN,Combined TRACON& Tower with Radar,84,72,10,0,166,0,19,69,0,88,84,91,79,0,254,51,11,62,316
04/03/2010,ALB,NY,AEA,EN,Combined TRACON& Tower with Radar,62,44,11,0,117,0,19,75,1,95,62,63,86,1,212,38,0,38,250
04/04/2010,ALB,NY,AEA,EN,Combined TRACON& Tower with Radar,60,65,8,0,133,0,15,38,0,53,60,80,46,0,186,29,14,43,229
04/05/2010,ALB,NY,AEA,EN,Combined TRACON& Tower with Radar,72,70,9,8,159,0,13,32,4,49,72,83,41,12,208,0,0,0,208
04/06/2010,ALB,NY,AEA,EN,Combined TRACON& Tower with Radar,70,80,18,10,178,0,4,22,0,26,70,84,40,10,204,11,8,19,223
04/07/2010,ALB,NY,AEA,EN,Combined TRACON& Tower with Radar,68,86,15,23,192,0,10,58,10,78,68,96,73,33,270,66,66,132,402
04/08/2010,ALB,NY,AEA,EN,Combined TRACON& Tower with Radar,66,97,16,20,199,0,14,22,9,45,66,111,38,29,244,54,57,111,355
04/09/2010,ALB,NY,AEA,EN,Combined TRACON& Tower with Radar,74,96,14,9,193,0,1,21,8,30,74,97,35,17,223,31,18,49,272
04/10/2010,ALB,NY,AEA,EN,Combined TRACON& Tower with Radar,62,55,15,0,132,0,34,32,2,68,62,89,47,2,200,3,0,3,203
04/11/2010,ALB,NY,AEA,EN,Combined TRACON& Tower with Radar,60,67,10,0,137,0,32,34,8,74,60,99,44,8,211,8,6,14,225
04/12/2010,ALB,NY,AEA,EN,Combined TRACON& Tower with Radar,68,71,17,3,159,0,13,34,7,54,68,84,51,10,213,58,17,75,288
04/13/2010,ALB,NY,AEA,EN,Combined TRACON& Tower with Radar,73,78,14,27,192,0,12,44,1,57,73,90,58,28,249,22,62,84,333
04/14/2010,ALB,NY,AEA,EN,Combined TRACON& Tower with Radar,73,78,28,1,180,0,18,63,9,90,73,96,91,10,270,69,34,103,373
04/15/2010,ALB,NY,AEA,EN,Combined TRACON& Tower with Radar,69,83,17,1,170,0,17,49,16,82,69,100,66,17,252,36,0,36,288
04/16/2010,ALB,NY,AEA,EN,Combined TRACON& Tower with Radar,73,104,26,9,212,0,19,4,8,31,73,123,30,17,243,14,2,16,259
04/17/2010,ALB,NY,AEA,EN,Combined TRACON& Tower with Radar,62,60,15,12,149,0,1,11,0,12,62,61,26,12,161,6,0,6,167
04/18/2010,ALB,NY,AEA,EN,Combined TRACON& Tower with Radar,62,65,14,14,155,0,1,19,0,20,62,66,33,14,175,28,2,30,205
04/19/2010,ALB,NY,AEA,EN,Combined TRACON& Tower with Radar,68,83,13,0,164,0,16,41,5,62,68,99,54,5,226,52,10,62,288
04/20/2010,ALB,NY,AEA,EN,Combined TRACON& Tower with Radar,71,73,12,28,184,0,24,42,4,70,71,97,54,32,254,37,84,121,375
04/21/2010,ALB,NY,AEA,EN,Combined TRACON& Tower with Radar,77,81,33,9,200,0,18,41,10,69,77,99,74,19,269,25,4,29,298
04/22/2010,ALB,NY,AEA,EN,Combined TRACON& Tower with Radar,73,94,36,11,214,0,12,53,10,75,73,106,89,21,289,60,28,88,377
04/23/2010,ALB,NY,AEA,EN,Combined TRACON& Tower with Radar,75,84,19,2,180,0,15,47,2,64,75,99,66,4,244,114,39,153,397
04/24/2010,ALB,NY,AEA,EN,Combined TRACON& Tower with Radar,60,46,16,0,122,0,19,59,2,80,60,65,75,2,202,54,5,59,261
04/25/2010,ALB,NY,AEA,EN,Combined TRACON& Tower with Radar,59,67,15,1,142,0,5,9,0,14,59,72,24,1,156,8,0,8,164
04/26/2010,ALB,NY,AEA,EN,Combined TRACON& Tower with Radar,73,89,35,1,198,0,5,10,2,17,73,94,45,3,215,2,0,2,217
04/27/2010,ALB,NY,AEA,EN,Combined TRACON& Tower with Radar,72,84,23,11,190,0,10,6,2,18,72,94,29,13,208,113,55,168,376
04/28/2010,ALB,NY,AEA,EN,Combined TRACON& Tower with Radar,73,98,24,13,208,0,5,8,3,16,73,103,32,16,224,2,0,2,226
04/29/2010,ALB,NY,AEA,EN,Combined TRACON& Tower with Radar,75,83,21,10,189,0,31,19,22,72,75,114,40,32,261,42,8,50,311
04/30/2010,ALB,NY,AEA,EN,Combined TRACON& Tower with Radar,73,86,10,23,192,0,25,50,16,91,73,111,60,39,283,145,110,255,538
05/01/2010,ALB,NY,AEA,EN,Combined TRACON& Tower with Radar,67,49,19,0,135,0,13,123,2,138,67,62,142,2,273,40,0,40,313
05/02/2010,ALB,NY,AEA,EN,Combined TRACON& Tower with Radar,64,59,14,0,137,0,12,31,8,51,64,71,45,8,188,29,0,29,217
05/03/2010,ALB,NY,AEA,EN,Combined TRACON& Tower with Radar,67,80,13,6,166,0,27,12,3,42,67,107,25,9,208,80,8,88,296
05/04/2010,ALB,NY,AEA,EN,Combined TRACON& Tower with Radar,69,78,23,3,173,0,16,23,7,46,69,94,46,10,219,45,8,53,272
05/05/2010,ALB,NY,AEA,EN,Combined TRACON& Tower with Radar,74,77,26,14,191,0,16,47,28,91,74,93,73,42,282,39,26,65,347
05/06/2010,ALB,NY,AEA,EN,Combined TRACON& Tower with Radar,76,96,25,6,203,0,15,14,9,38,76,111,39,15,241,28,10,38,279
05/07/2010,ALB,NY,AEA,EN,Combined TRACON& Tower with Radar,70,81,22,2,175,0,19,32,2,53,70,100,54,4,228,7,0,7,235
05/08/2010,ALB,NY,AEA,EN,Combined TRACON& Tower with Radar,68,66,15,0,149,0,0,1,0,1,68,66,16,0,150,13,0,13,163
05/09/2010,ALB,NY,AEA,EN,Combined TRACON& Tower with Radar,61,81,14,0,156,0,0,5,0,5,61,81,19,0,161,29,4,33,194
05/10/2010,ALB,NY,AEA,EN,Combined TRACON& Tower with Radar,69,73,24,4,170,0,18,20,10,48,69,91,44,14,218,10,8,18,236
05/11/2010,ALB,NY,AEA,EN,Combined TRACON& Tower with Radar,71,85,25,19,200,0,19,40,16,75,71,104,65,35,275,46,20,66,341
05/12/2010,ALB,NY,AEA,EN,Combined TRACON& Tower with Radar,68,100,24,2,194,0,3,6,0,9,68,103,30,2,203,14,0,14,217
05/13/2010,ALB,NY,AEA,EN,Combined TRACON& Tower with Radar,71,90,19,5,185,0,17,43,14,74,71,107,62,19,259,27,0,27,286
05/14/2010,ALB,NY,AEA,EN,Combined TRACON& Tower with Radar,67,98,36,4,205,0,4,21,2,27,67,102,57,6,232,19,4,23,255
05/15/2010,ALB,NY,AEA,EN,Combined TRACON& Tower with Radar,66,63,17,0,146,0,5,28,11,44,66,68,45,11,190,1,0,1,191
05/16/2010,ALB,NY,AEA,EN,Combined TRACON& Tower with Radar,60,68,21,2,151,0,10,66,12,88,60,78,87,14,239,72,13,85,324
05/17/2010,ALB,NY,AEA,EN,Combined TRACON& Tower with Radar,69,70,18,28,185,0,22,53,8,83,69,92,71,36,268,99,48,147,415
05/18/2010,ALB,NY,AEA,EN,Combined TRACON& Tower with Radar,74,81,16,8,179,0,18,11,4,33,74,99,27,12,212,2,6,8,220
05/19/2010,ALB,NY,AEA,EN,Combined TRACON& Tower with Radar,72,102,49,25,248,0,3,6,5,14,72,105,55,30,262,31,25,56,318
05/20/2010,ALB,NY,AEA,EN,Combined TRACON& Tower with Radar,70,89,22,17,198,0,16,33,1,50,70,105,55,18,248,23,15,38,286
05/21/2010,ALB,NY,AEA,EN,Combined TRACON& Tower with Radar,73,86,26,1,186,0,21,56,5,82,73,107,82,6,268,19,0,19,287
05/22/2010,ALB,NY,AEA,EN,Combined TRACON& Tower with Radar,65,43,21,0,129,0,14,54,1,69,65,57,75,1,198,31,0,31,229
05/23/2010,ALB,NY,AEA,EN,Combined TRACON& Tower with Radar,59,60,13,0,132,0,11,27,0,38,59,71,40,0,170,102,29,131,301
05/24/2010,ALB,NY,AEA,EN,Combined TRACON& Tower with Radar,65,74,17,3,159,0,9,29,4,42,65,83,46,7,201,56,8,64,265
05/25/2010,ALB,NY,AEA,EN,Combined TRACON& Tower with Radar,73,84,34,17,208,0,9,49,8,66,73,93,83,25,274,26,15,41,315
05/26/2010,ALB,NY,AEA,EN,Combined TRACON& Tower with Radar,65,96,20,28,209,0,7,58,7,72,65,103,78,35,281,35,38,73,354
05/27/2010,ALB,NY,AEA,EN,Combined TRACON& Tower with Radar,74,91,22,5,192,0,8,25,15,48,74,99,47,20,240,56,23,79,319
05/28/2010,ALB,NY,AEA,EN,Combined TRACON& Tower with Radar,73,86,20,4,183,0,15,41,0,56,73,101,61,4,239,26,0,26,265
05/29/2010,ALB,NY,AEA,EN,Combined TRACON& Tower with Radar,60,51,20,1,132,0,5,19,0,24,60,56,39,1,156,34,32,66,222
05/30/2010,ALB,NY,AEA,EN,Combined TRACON& Tower with Radar,58,42,11,0,111,0,13,40,0,53,58,55,51,0,164,29,2,31,195
05/31/2010,ALB,NY,AEA,EN,Combined TRACON& Tower with Radar,61,62,12,0,135,0,14,33,0,47,61,76,45,0,182,20,21,41,223
06/01/2010,ALB,NY,AEA,EN,Combined TRACON& Tower with Radar,74,94,18,0,186,0,3,7,0,10,74,97,25,0,196,24,6,30,226
06/02/2010,ALB,NY,AEA,EN,Combined TRACON& Tower with Radar,70,86,22,18,196,0,18,44,17,79,70,104,66,35,275,58,30,88,363
06/03/2010,ALB,NY,AEA,EN,Combined TRACON& Tower with Radar,72,99,29,13,213,0,3,20,6,29,72,102,49,19,242,10,16,26,268
06/04/2010,ALB,NY,AEA,EN,Combined TRACON& Tower with Radar,73,99,16,4,192,0,10,34,1,45,73,109,50,5,237,55,8,63,300
06/05/2010,ALB,NY,AEA,EN,Combined TRACON& Tower with Radar,60,59,20,0,139,0,1,18,0,19,60,60,38,0,158,12,0,12,170
06/06/2010,ALB,NY,AEA,EN,Combined TRACON& Tower with Radar,64,80,27,0,171,0,2,1,0,3,64,82,28,0,174,50,2,52,226
06/07/2010,ALB,NY,AEA,EN,Combined TRACON& Tower with Radar,68,73,20,1,162,0,15,25,1,41,68,88,45,2,203,32,0,32,235
06/08/2010,ALB,NY,AEA,EN,Combined TRACON& Tower with Radar,72,83,19,1,175,0,17,28,7,52,72,100,47,8,227,16,0,16,243
06/09/2010,ALB,NY,AEA,EN,Combined TRACON& Tower with Radar,76,77,33,30,216,0,10,25,7,42,76,87,58,37,258,14,30,44,302
06/10/2010,ALB,NY,AEA,EN,Combined TRACON& Tower with Radar,73,97,36,18,224,0,2,18,9,29,73,99,54,27,253,14,24,38,291
06/11/2010,ALB,NY,AEA,EN,Combined TRACON& Tower with Radar,72,87,29,8,196,0,4,29,11,44,72,91,58,19,240,26,1,27,267
06/12/2010,ALB,NY,AEA,EN,Combined TRACON& Tower with Radar,59,65,30,0,154,0,0,3,0,3,59,65,33,0,157,14,3,17,174
06/13/2010,ALB,NY,AEA,EN,Combined TRACON& Tower with Radar,59,74,30,1,164,0,0,2,1,3,59,74,32,2,167,16,8,24,191
06/14/2010,ALB,NY,AEA,EN,Combined TRACON& Tower with Radar,78,86,29,11,204,0,6,17,4,27,78,92,46,15,231,4,8,12,243
06/15/2010,ALB,NY,AEA,EN,Combined TRACON& Tower with Radar,68,72,25,21,186,0,23,73,3,99,68,95,98,24,285,21,38,59,344
06/16/2010,ALB,NY,AEA,EN,Combined TRACON& Tower with Radar,73,96,39,8,216,0,1,16,6,23,73,97,55,14,239,6,12,18,257
06/17/2010,ALB,NY,AEA,EN,Combined TRACON& Tower with Radar,72,94,35,5,206,0,5,20,4,29,72,99,55,9,235,62,8,70,305
06/18/2010,ALB,NY,AEA,EN,Combined TRACON& Tower with Radar,72,75,19,28,194,0,16,58,4,78,72,91,77,32,272,36,18,54,326
06/19/2010,ALB,NY,AEA,EN,Combined TRACON& Tower with Radar,59,53,15,2,129,0,9,40,0,49,59,62,55,2,178,46,0,46,224
06/20/2010,ALB,NY,AEA,EN,Combined TRACON& Tower with Radar,68,71,18,2,159,0,3,30,0,33,68,74,48,2,192,19,0,19,211
06/21/2010,ALB,NY,AEA,EN,Combined TRACON& Tower with Radar,70,80,26,12,188,0,5,40,10,55,70,85,66,22,243,38,19,57,300
06/22/2010,ALB,NY,AEA,EN,Combined TRACON& Tower with Radar,73,81,15,31,200,0,13,23,3,39,73,94,38,34,239,23,86,109,348
06/23/2010,ALB,NY,AEA,EN,Combined TRACON& Tower with Radar,68,89,46,1,204,0,6,21,2,29,68,95,67,3,233,120,71,191,424
06/24/2010,ALB,NY,AEA,EN,Combined TRACON& Tower with Radar,77,81,24,13,195,0,7,18,3,28,77,88,42,16,223,10,14,24,247
06/25/2010,ALB,NY,AEA,EN,Combined TRACON& Tower with Radar,73,81,30,3,187,0,11,43,3,57,73,92,73,6,244,17,4,21,265
06/26/2010,ALB,NY,AEA,EN,Combined TRACON& Tower with Radar,64,56,19,0,139,0,4,28,0,32,64,60,47,0,171,57,11,68,239
06/27/2010,ALB,NY,AEA,EN,Combined TRACON& Tower with Radar,66,66,17,0,149,0,6,32,1,39,66,72,49,1,188,58,8,66,254
06/28/2010,ALB,NY,AEA,EN,Combined TRACON& Tower with Radar,69,79,17,0,165,0,4,14,2,20,69,83,31,2,185,12,2,14,199
06/29/2010,ALB,NY,AEA,EN,Combined TRACON& Tower with Radar,70,98,33,11,212,0,5,28,9,42,70,103,61,20,254,28,20,48,302
06/30/2010,ALB,NY,AEA,EN,Combined TRACON& Tower with Radar,76,100,28,10,214,0,5,29,12,46,76,105,57,22,260,74,45,119,379
07/01/2010,ALB,NY,AEA,EN,Combined TRACON& Tower with Radar,71,87,30,18,206,0,5,35,4,44,71,92,65,22,250,8,20,28,278
07/02/2010,ALB,NY,AEA,EN,Combined TRACON& Tower with Radar,70,74,25,0,169,0,17,32,1,50,70,91,57,1,219,72,18,90,309
07/03/2010,ALB,NY,AEA,EN,Combined TRACON& Tower with Radar,54,45,12,0,111,0,18,52,0,70,54,63,64,0,181,30,0,30,211
07/04/2010,ALB,NY,AEA,EN,Combined TRACON& Tower with Radar,51,46,12,0,109,0,18,49,0,67,51,64,61,0,176,18,0,18,194
07/05/2010,ALB,NY,AEA,EN,Combined TRACON& Tower with Radar,59,72,22,2,155,0,5,40,0,45,59,77,62,2,200,8,0,8,208
07/06/2010,ALB,NY,AEA,EN,Combined TRACON& Tower with Radar,70,86,19,6,181,0,8,25,3,36,70,94,44,9,217,68,16,84,301
07/07/2010,ALB,NY,AEA,EN,Combined TRACON& Tower with Radar,74,90,27,13,204,0,8,25,5,38,74,98,52,18,242,67,20,87,329
07/08/2010,ALB,NY,AEA,EN,Combined TRACON& Tower with Radar,67,89,20,9,185,0,14,34,14,62,67,103,54,23,247,6,0,6,253
07/09/2010,ALB,NY,AEA,EN,Combined TRACON& Tower with Radar,70,98,24,2,194,0,3,36,2,41,70,101,60,4,235,37,0,37,272
07/10/2010,ALB,NY,AEA,EN,Combined TRACON& Tower with Radar,60,63,25,0,148,0,2,17,0,19,60,65,42,0,167,16,0,16,183
07/11/2010,ALB,NY,AEA,EN,Combined TRACON& Tower with Radar,61,74,22,0,157,0,10,42,0,52,61,84,64,0,209,31,0,31,240
07/12/2010,ALB,NY,AEA,EN,Combined TRACON& Tower with Radar,69,71,22,4,166,0,17,34,5,56,69,88,56,9,222,51,64,115,337
07/13/2010,ALB,NY,AEA,EN,Combined TRACON& Tower with Radar,76,90,23,4,193,0,5,18,0,23,76,95,41,4,216,15,0,15,231
07/14/2010,ALB,NY,AEA,EN,Combined TRACON& Tower with Radar,75,85,30,23,213,0,3,23,0,26,75,88,53,23,239,35,26,61,300
07/15/2010,ALB,NY,AEA,EN,Combined TRACON& Tower with Radar,73,90,34,14,211,0,5,46,1,52,73,95,80,15,263,72,80,152,415
07/16/2010,ALB,NY,AEA,EN,Combined TRACON& Tower with Radar,76,97,23,2,198,0,4,31,0,35,76,101,54,2,233,32,2,34,267
07/17/2010,ALB,NY,AEA,EN,Combined TRACON& Tower with Radar,55,56,25,2,138,0,10,60,2,72,55,66,85,4,210,8,0,8,218
07/18/2010,ALB,NY,AEA,EN,Combined TRACON& Tower with Radar,61,78,16,0,155,0,2,47,0,49,61,80,63,0,204,10,0,10,214
07/19/2010,ALB,NY,AEA,EN,Combined TRACON& Tower with Radar,72,76,17,10,175,0,7,32,7,46,72,83,49,17,221,40,44,84,305
07/20/2010,ALB,NY,AEA,EN,Combined TRACON& Tower with Radar,73,86,26,3,188,0,12,26,1,39,73,98,52,4,227,54,18,72,299
07/21/2010,ALB,NY,AEA,EN,Combined TRACON& Tower with Radar,72,78,24,19,193,0,14,22,5,41,72,92,46,24,234,53,36,89,323
07/22/2010,ALB,NY,AEA,EN,Combined TRACON& Tower with Radar,70,92,34,12,208,0,16,40,14,70,70,108,74,26,278,100,42,142,420
07/23/2010,ALB,NY,AEA,EN,Combined TRACON& Tower with Radar,69,106,28,2,205,0,4,2,0,6,69,110,30,2,211,4,0,4,215
07/24/2010,ALB,NY,AEA,EN,Combined TRACON& Tower with Radar,57,61,25,2,145,0,2,27,0,29,57,63,52,2,174,10,2,12,186
07/25/2010,ALB,NY,AEA,EN,Combined TRACON& Tower with Radar,72,71,25,0,168,0,3,22,0,25,72,74,47,0,193,20,0,20,213
07/26/2010,ALB,NY,AEA,EN,Combined TRACON& Tower with Radar,66,84,28,10,188,0,14,46,5,65,66,98,74,15,253,74,26,100,353
07/27/2010,ALB,NY,AEA,EN,Combined TRACON& Tower with Radar,71,87,18,10,186,0,11,56,4,71,71,98,74,14,257,100,37,137,394
07/28/2010,ALB,NY,AEA,EN,Combined TRACON& Tower with Radar,67,86,23,9,185,0,10,33,15,58,67,96,56,24,243,15,8,23,266
07/29/2010,ALB,NY,AEA,EN,Combined TRACON& Tower with Radar,70,78,24,2,174,0,17,29,4,50,70,95,53,6,224,75,12,87,311
07/30/2010,ALB,NY,AEA,EN,Combined TRACON& Tower with Radar,74,87,32,4,197,0,13,41,3,57,74,100,73,7,254,32,0,32,286
07/31/2010,ALB,NY,AEA,EN,Combined TRACON& Tower with Radar,60,51,22,0,133,0,13,51,4,68,60,64,73,4,201,31,0,31,232
08/01/2010,ALB,NY,AEA,EN,Combined TRACON& Tower with Radar,61,71,15,2,149,0,8,32,0,40,61,79,47,2,189,16,0,16,205
08/02/2010,ALB,NY,AEA,EN,Combined TRACON& Tower with Radar,73,81,30,3,187,0,6,39,2,47,73,87,69,5,234,3,0,3,237
08/03/2010,ALB,NY,AEA,EN,Combined TRACON& Tower with Radar,73,88,19,7,187,0,4,21,7,32,73,92,40,14,219,11,4,15,234
08/04/2010,ALB,NY,AEA,EN,Combined TRACON& Tower with Radar,64,103,23,5,195,0,5,25,13,43,64,108,48,18,238,12,0,12,250
08/05/2010,ALB,NY,AEA,EN,Combined TRACON& Tower with Radar,76,95,28,0,199,0,6,19,13,38,76,101,47,13,237,74,34,108,345
08/06/2010,ALB,NY,AEA,EN,Combined TRACON& Tower with Radar,72,91,28,2,193,0,11,43,3,57,72,102,71,5,250,73,26,99,349
08/07/2010,ALB,NY,AEA,EN,Combined TRACON& Tower with Radar,61,53,17,2,133,0,17,55,3,75,61,70,72,5,208,69,19,88,296
08/08/2010,ALB,NY,AEA,EN,Combined TRACON& Tower with Radar,60,74,15,2,151,0,8,42,0,50,60,82,57,2,201,50,12,62,263
08/09/2010,ALB,NY,AEA,EN,Combined TRACON& Tower with Radar,66,78,24,2,170,0,7,35,1,43,66,85,59,3,213,46,13,59,272
08/10/2010,ALB,NY,AEA,EN,Combined TRACON& Tower with Radar,78,98,31,4,211,0,11,27,4,42,78,109,58,8,253,35,14,49,302
08/11/2010,ALB,NY,AEA,EN,Combined TRACON& Tower with Radar,74,89,23,8,194,0,14,45,8,67,74,103,68,16,261,58,21,79,340
08/12/2010,ALB,NY,AEA,EN,Combined TRACON& Tower with Radar,67,92,32,4,195,0,9,24,4,37,67,101,56,8,232,27,6,33,265
08/13/2010,ALB,NY,AEA,EN,Combined TRACON& Tower with Radar,72,101,30,18,221,0,5,24,3,32,72,106,54,21,253,66,48,114,367
08/14/2010,ALB,NY,AEA,EN,Combined TRACON& Tower with Radar,58,57,21,17,153,0,9,43,0,52,58,66,64,17,205,65,14,79,284
08/15/2010,ALB,NY,AEA,EN,Combined TRACON& Tower with Radar,62,74,30,4,170,0,2,9,0,11,62,76,39,4,181,14,20,34,215
08/16/2010,ALB,NY,AEA,EN,Combined TRACON& Tower with Radar,65,82,22,10,179,0,7,10,7,24,65,89,32,17,203,2,25,27,230
08/17/2010,ALB,NY,AEA,EN,Combined TRACON& Tower with Radar,73,80,27,8,188,0,21,39,3,63,73,101,66,11,251,10,10,20,271
08/18/2010,ALB,NY,AEA,EN,Combined TRACON& Tower with Radar,75,87,17,5,184,0,12,43,5,60,75,99,60,10,244,51,11,62,306
08/19/2010,ALB,NY,AEA,EN,Combined TRACON& Tower with Radar,71,88,19,1,179,0,13,37,13,63,71,101,56,14,242,39,15,54,296
08/20/2010,ALB,NY,AEA,EN,Combined TRACON& Tower with Radar,72,84,43,15,214,0,12,38,3,53,72,96,81,18,267,31,16,47,314
08/21/2010,ALB,NY,AEA,EN,Combined TRACON& Tower with Radar,58,51,19,0,128,0,17,51,0,68,58,68,70,0,196,43,4,47,243
08/22/2010,ALB,NY,AEA,EN,Combined TRACON& Tower with Radar,64,86,18,0,168,0,0,3,0,3,64,86,21,0,171,2,0,2,173
08/23/2010,ALB,NY,AEA,EN,Combined TRACON& Tower with Radar,70,93,38,2,203,0,0,2,4,6,70,93,40,6,209,51,0,51,260
08/24/2010,ALB,NY,AEA,EN,Combined TRACON& Tower with Radar,74,90,26,11,201,0,7,17,3,27,74,97,43,14,228,20,6,26,254
08/25/2010,ALB,NY,AEA,EN,Combined TRACON& Tower with Radar,74,90,41,11,216,0,19,20,11,50,74,109,61,22,266,12,16,28,294
08/26/2010,ALB,NY,AEA,EN,Combined TRACON& Tower with Radar,72,93,31,3,199,0,7,30,3,40,72,100,61,6,239,51,9,60,299
08/27/2010,ALB,NY,AEA,EN,Combined TRACON& Tower with Radar,70,88,20,3,181,0,19,44,1,64,70,107,64,4,245,36,6,42,287
08/28/2010,ALB,NY,AEA,EN,Combined TRACON& Tower with Radar,63,42,8,0,113,0,21,61,1,83,63,63,69,1,196,37,10,47,243
08/29/2010,ALB,NY,AEA,EN,Combined TRACON& Tower with Radar,66,68,32,0,166,0,18,61,0,79,66,86,93,0,245,2,0,2,247
08/30/2010,ALB,NY,AEA,EN,Combined TRACON& Tower with Radar,70,71,30,6,177,0,16,28,3,47,70,87,58,9,224,15,9,24,248
08/31/2010,ALB,NY,AEA,EN,Combined TRACON& Tower with Radar,74,94,26,9,203,0,10,23,5,38,74,104,49,14,241,14,0,14,255
09/01/2010,ALB,NY,AEA,EN,Combined TRACON& Tower with Radar,74,89,42,7,212,0,17,21,7,45,74,106,63,14,257,95,29,124,381
09/02/2010,ALB,NY,AEA,EN,Combined TRACON& Tower with Radar,67,91,32,4,194,0,9,24,4,37,67,100,56,8,231,83,18,101,332
09/03/2010,ALB,NY,AEA,EN,Combined TRACON& Tower with Radar,72,101,30,18,221,0,5,24,3,32,72,106,54,21,253,15,0,15,268
09/04/2010,ALB,NY,AEA,EN,Combined TRACON& Tower with Radar,58,57,21,17,153,0,9,43,0,52,58,66,64,17,205,21,0,21,226
09/05/2010,ALB,NY,AEA,EN,Combined TRACON& Tower with Radar,62,74,30,4,170,0,2,9,0,11,62,76,39,4,181,30,0,30,211
09/06/2010,ALB,NY,AEA,EN,Combined TRACON& Tower with Radar,65,82,22,10,179,0,7,10,7,24,65,89,32,17,203,10,0,10,213
09/07/2010,ALB,NY,AEA,EN,Combined TRACON& Tower with Radar,73,80,27,8,188,0,21,39,3,63,73,101,66,11,251,82,10,92,343
09/08/2010,ALB,NY,AEA,EN,Combined TRACON& Tower with Radar,75,87,17,5,184,0,12,43,5,60,75,99,60,10,244,14,10,24,268
09/09/2010,ALB,NY,AEA,EN,Combined TRACON& Tower with Radar,71,88,19,1,179,0,13,37,13,63,71,101,56,14,242,8,4,12,254
09/10/2010,ALB,NY,AEA,EN,Combined TRACON& Tower with Radar,76,89,27,8,200,0,6,24,4,34,76,95,51,12,234,26,22,48,282
09/11/2010,ALB,NY,AEA,EN,Combined TRACON& Tower with Radar,64,49,17,3,133,0,10,69,4,83,64,59,86,7,216,43,4,47,263
09/12/2010,ALB,NY,AEA,EN,Combined TRACON& Tower with Radar,72,62,15,4,153,0,4,12,0,16,72,66,27,4,169,46,3,49,218
09/13/2010,ALB,NY,AEA,EN,Combined TRACON& Tower with Radar,70,86,18,6,180,0,6,9,5,20,70,92,27,11,200,26,8,34,234
09/14/2010,ALB,NY,AEA,EN,Combined TRACON& Tower with Radar,76,93,16,7,192,0,7,23,7,37,76,100,39,14,229,52,16,68,297
09/15/2010,ALB,NY,AEA,EN,Combined TRACON& Tower with Radar,74,90,22,24,210,0,7,34,9,50,74,97,56,33,260,18,54,72,332
09/16/2010,ALB,NY,AEA,EN,Combined TRACON& Tower with Radar,70,82,24,2,178,0,11,21,5,37,70,93,45,7,215,10,0,10,225
09/17/2010,ALB,NY,AEA,EN,Combined TRACON& Tower with Radar,79,87,26,11,203,0,4,18,0,22,79,91,44,11,225,0,11,11,236
09/18/2010,ALB,NY,AEA,EN,Combined TRACON& Tower with Radar,62,43,19,0,124,0,5,60,0,65,62,48,79,0,189,57,6,63,252
09/19/2010,ALB,NY,AEA,EN,Combined TRACON& Tower with Radar,69,64,22,0,155,0,0,38,0,38,69,64,60,0,193,70,12,82,275
09/20/2010,ALB,NY,AEA,EN,Combined TRACON& Tower with Radar,71,70,22,0,163,0,12,25,2,39,71,82,47,2,202,0,0,0,202
09/21/2010,ALB,NY,AEA,EN,Combined TRACON& Tower with Radar,75,84,23,10,192,0,8,36,2,46,75,92,59,12,238,26,12,38,276
09/22/2010,ALB,NY,AEA,EN,Combined TRACON& Tower with Radar,74,98,27,25,224,0,6,23,0,29,74,104,50,25,253,58,74,132,385
09/23/2010,ALB,NY,AEA,EN,Combined TRACON& Tower with Radar,75,77,15,3,170,0,14,45,1,60,75,91,60,4,230,50,18,68,298
09/24/2010,ALB,NY,AEA,EN,Combined TRACON& Tower with Radar,75,88,21,0,184,0,7,23,0,30,75,95,44,0,214,4,2,6,220
09/25/2010,ALB,NY,AEA,EN,Combined TRACON& Tower with Radar,60,54,30,0,144,0,5,37,0,42,60,59,67,0,186,65,17,82,268
09/26/2010,ALB,NY,AEA,EN,Combined TRACON& Tower with Radar,70,62,26,3,161,0,4,41,0,45,70,66,67,3,206,11,0,11,217
09/27/2010,ALB,NY,AEA,EN,Combined TRACON& Tower with Radar,71,79,33,0,183,0,1,1,0,2,71,80,34,0,185,0,0,0,185
09/28/2010,ALB,NY,AEA,EN,Combined TRACON& Tower with Radar,77,90,41,10,218,0,0,2,1,3,77,90,43,11,221,12,12,24,245
09/29/2010,ALB,NY,AEA,EN,Combined TRACON& Tower with Radar,77,84,37,6,204,0,5,42,5,52,77,89,79,11,256,18,16,34,290
09/30/2010,ALB,NY,AEA,EN,Combined TRACON& Tower with Radar,69,88,28,1,186,0,0,0,0,0,69,88,28,1,186,0,0,0,186
10/01/2010,ALB,NY,AEA,EN,Combined TRACON& Tower with Radar,83,88,18,1,190,0,2,5,1,8,83,90,23,2,198,38,6,44,242
10/02/2010,ALB,NY,AEA,EN,Combined TRACON& Tower with Radar,62,38,10,0,110,0,13,54,0,67,62,51,64,0,177,74,10,84,261
10/03/2010,ALB,NY,AEA,EN,Combined TRACON& Tower with Radar,66,53,28,2,149,0,15,61,0,76,66,68,89,2,225,80,48,128,353
10/04/2010,ALB,NY,AEA,EN,Combined TRACON& Tower with Radar,66,72,30,6,174,0,8,20,6,34,66,80,50,12,208,52,13,65,273
10/05/2010,ALB,NY,AEA,EN,Combined TRACON& Tower with Radar,71,94,41,10,216,0,0,11,0,11,71,94,52,10,227,24,2,26,253
10/06/2010,ALB,NY,AEA,EN,Combined TRACON& Tower with Radar,73,100,35,4,212,0,0,0,0,0,73,100,35,4,212,0,0,0,212
10/07/2010,ALB,NY,AEA,EN,Combined TRACON& Tower with Radar,66,101,28,2,197,0,6,11,7,24,66,107,39,9,221,37,21,58,279
10/08/2010,ALB,NY,AEA,EN,Combined TRACON& Tower with Radar,71,88,16,1,176,0,13,47,6,66,71,101,63,7,242,5,0,5,247
10/09/2010,ALB,NY,AEA,EN,Combined TRACON& Tower with Radar,58,41,20,0,119,0,11,37,4,52,58,52,57,4,171,27,1,28,199
10/10/2010,ALB,NY,AEA,EN,Combined TRACON& Tower with Radar,70,59,13,0,142,0,17,51,1,69,70,76,64,1,211,0,0,0,211
10/11/2010,ALB,NY,AEA,EN,Combined TRACON& Tower with Radar,61,76,24,1,162,0,15,42,0,57,61,91,66,1,219,69,3,72,291
10/12/2010,ALB,NY,AEA,EN,Combined TRACON& Tower with Radar,74,83,31,7,195,0,15,31,13,59,74,98,62,20,254,51,13,64,318
10/13/2010,ALB,NY,AEA,EN,Combined TRACON& Tower with Radar,70,72,16,4,162,0,18,30,9,57,70,90,46,13,219,33,22,55,274
10/14/2010,ALB,NY,AEA,EN,Combined TRACON& Tower with Radar,67,98,33,4,202,0,6,23,9,38,67,104,56,13,240,96,16,112,352
10/15/2010,ALB,NY,AEA,EN,Combined TRACON& Tower with Radar,68,92,19,0,179,0,2,6,5,13,68,94,25,5,192,0,0,0,192
10/16/2010,ALB,NY,AEA,EN,Combined TRACON& Tower with Radar,62,52,3,0,117,0,0,6,12,18,62,52,9,12,135,8,0,8,143
10/17/2010,ALB,NY,AEA,EN,Combined TRACON& Tower with Radar,63,71,11,5,150,0,6,57,5,68,63,77,68,10,218,158,14,172,390
10/18/2010,ALB,NY,AEA,EN,Combined TRACON& Tower with Radar,65,87,22,9,183,0,14,23,2,39,65,101,45,11,222,75,8,83,305
10/19/2010,ALB,NY,AEA,EN,Combined TRACON& Tower with Radar,68,90,17,10,185,0,3,26,6,35,68,93,43,16,220,96,30,126,346
10/20/2010,ALB,NY,AEA,EN,Combined TRACON& Tower with Radar,68,91,18,18,195,0,13,32,9,54,68,104,50,27,249,62,11,73,322
10/21/2010,ALB,NY,AEA,EN,Combined TRACON& Tower with Radar,69,99,21,2,191,0,3,6,2,11,69,102,27,4,202,66,0,66,268
10/22/2010,ALB,NY,AEA,EN,Combined TRACON& Tower with Radar,68,90,26,4,188,0,6,28,0,34,68,96,54,4,222,21,8,29,251
10/23/2010,ALB,NY,AEA,EN,Combined TRACON& Tower with Radar,64,51,30,0,145,0,35,38,0,73,64,86,68,0,218,66,58,124,342
10/24/2010,ALB,NY,AEA,EN,Combined TRACON& Tower with Radar,63,74,12,0,149,0,30,30,0,60,63,104,42,0,209,84,12,96,305
10/25/2010,ALB,NY,AEA,EN,Combined TRACON& Tower with Radar,69,91,28,6,194,0,1,12,2,15,69,92,40,8,209,6,4,10,219
10/26/2010,ALB,NY,AEA,EN,Combined TRACON& Tower with Radar,68,89,27,14,198,0,4,40,5,49,68,93,67,19,247,6,6,12,259
10/27/2010,ALB,NY,AEA,EN,Combined TRACON& Tower with Radar,66,89,23,4,182,0,5,19,4,28,66,94,42,8,210,40,10,50,260
10/28/2010,ALB,NY,AEA,EN,Combined TRACON& Tower with Radar,68,94,24,8,194,0,15,15,15,45,68,109,39,23,239,131,59,190,429
10/29/2010,ALB,NY,AEA,EN,Combined TRACON& Tower with Radar,65,99,14,4,182,0,4,14,3,21,65,103,28,7,203,30,2,32,235
10/30/2010,ALB,NY,AEA,EN,Combined TRACON& Tower with Radar,59,52,18,2,131,0,2,26,2,30,59,54,44,4,161,0,0,0,161
10/31/2010,ALB,NY,AEA,EN,Combined TRACON& Tower with Radar,62,60,10,0,132,0,4,17,0,21,62,64,27,0,153,75,56,131,284
11/01/2010,ALB,NY,AEA,EN,Combined TRACON& Tower with Radar,65,87,25,7,184,0,2,28,2,32,65,89,53,9,216,29,0,29,245
11/02/2010,ALB,NY,AEA,EN,Combined TRACON& Tower with Radar,67,87,15,5,174,0,10,43,7,60,67,97,58,12,234,10,0,10,244
11/03/2010,ALB,NY,AEA,EN,Combined TRACON& Tower with Radar,68,83,15,7,173,0,6,40,7,53,68,89,55,14,226,25,12,37,263
11/04/2010,ALB,NY,AEA,EN,Combined TRACON& Tower with Radar,70,95,11,2,178,0,0,2,1,3,70,95,13,3,181,2,0,2,183
11/05/2010,ALB,NY,AEA,EN,Combined TRACON& Tower with Radar,74,91,11,6,182,0,2,2,0,4,74,93,13,6,186,0,0,0,186
11/06/2010,ALB,NY,AEA,EN,Combined TRACON& Tower with Radar,58,54,7,5,124,0,2,25,5,32,58,56,32,10,156,21,0,21,177
11/07/2010,ALB,NY,AEA,EN,Combined TRACON& Tower with Radar,61,52,19,3,135,0,11,48,5,64,61,63,67,8,199,65,11,76,275
11/08/2010,ALB,NY,AEA,EN,Combined TRACON& Tower with Radar,63,78,17,2,160,0,0,2,0,2,63,78,19,2,162,0,0,0,162
11/09/2010,ALB,NY,AEA,EN,Combined TRACON& Tower with Radar,68,88,13,0,169,0,0,0,0,0,68,88,13,0,169,1,0,1,170
11/10/2010,ALB,NY,AEA,EN,Combined TRACON& Tower with Radar,69,80,18,0,167,0,8,27,6,41,69,88,45,6,208,8,12,20,228
11/11/2010,ALB,NY,AEA,EN,Combined TRACON& Tower with Radar,68,81,20,0,169,0,13,40,0,53,68,94,60,0,222,18,0,18,240
11/12/2010,ALB,NY,AEA,EN,Combined TRACON& Tower with Radar,72,77,22,3,174,0,17,48,0,65,72,94,70,3,239,5,0,5,244
11/13/2010,ALB,NY,AEA,EN,Combined TRACON& Tower with Radar,59,50,10,0,119,0,12,74,0,86,59,62,84,0,205,30,2,32,237
11/14/2010,ALB,NY,AEA,EN,Combined TRACON& Tower with Radar,65,56,15,0,136,0,12,59,0,71,65,68,74,0,207,0,0,0,207
11/15/2010,ALB,NY,AEA,EN,Combined TRACON& Tower with Radar,67,81,33,4,185,0,3,7,0,10,67,84,40,4,195,5,2,7,202
11/16/2010,ALB,NY,AEA,EN,Combined TRACON& Tower with Radar,75,81,24,0,180,0,0,0,0,0,75,81,24,0,180,13,0,13,193
11/17/2010,ALB,NY,AEA,EN,Combined TRACON& Tower with Radar,71,84,20,11,186,0,1,0,21,22,71,85,20,32,208,2,6,8,216
11/18/2010,ALB,NY,AEA,EN,Combined TRACON& Tower with Radar,67,88,23,5,183,0,5,30,14,49,67,93,53,19,232,61,0,61,293
11/19/2010,ALB,NY,AEA,EN,Combined TRACON& Tower with Radar,79,81,22,4,186,0,4,38,1,43,79,85,60,5,229,15,4,19,248
11/20/2010,ALB,NY,AEA,EN,Combined TRACON& Tower with Radar,61,57,13,1,132,0,0,11,0,11,61,57,24,1,143,14,0,14,157
11/21/2010,ALB,NY,AEA,EN,Combined TRACON& Tower with Radar,67,58,19,0,144,0,5,65,0,70,67,63,84,0,214,2,0,2,216
11/22/2010,ALB,NY,AEA,EN,Combined TRACON& Tower with Radar,63,82,18,6,169,0,1,2,0,3,63,83,20,6,172,24,8,32,204
11/23/2010,ALB,NY,AEA,EN,Combined TRACON& Tower with Radar,78,86,32,0,196,0,1,6,0,7,78,87,38,0,203,0,0,0,203
11/24/2010,ALB,NY,AEA,EN,Combined TRACON& Tower with Radar,70,71,26,5,172,0,19,31,3,53,70,90,57,8,225,0,0,0,225
11/25/2010,ALB,NY,AEA,EN,Combined TRACON& Tower with Radar,46,33,12,0,91,0,19,18,0,37,46,52,30,0,128,8,0,8,136
11/26/2010,ALB,NY,AEA,EN,Combined TRACON& Tower with Radar,56,50,13,0,119,0,4,4,0,8,56,54,17,0,127,0,0,0,127
11/27/2010,ALB,NY,AEA,EN,Combined TRACON& Tower with Radar,58,65,13,0,136,0,4,16,1,21,58,69,29,1,157,16,0,16,173
11/28/2010,ALB,NY,AEA,EN,Combined TRACON& Tower with Radar,70,71,30,0,171,0,2,62,0,64,70,73,92,0,235,69,0,69,304
11/29/2010,ALB,NY,AEA,EN,Combined TRACON& Tower with Radar,75,66,17,3,161,0,18,36,10,64,75,84,53,13,225,41,6,47,272
11/30/2010,ALB,NY,AEA,EN,Combined TRACON& Tower with Radar,66,78,30,4,178,0,2,4,4,10,66,80,34,8,188,6,0,6,194
12/01/2010,ALB,NY,AEA,EN,Combined TRACON& Tower with Radar,75,74,10,2,161,0,1,2,0,3,75,75,12,2,164,0,0,0,164
12/02/2010,ALB,NY,AEA,EN,Combined TRACON& Tower with Radar,68,86,20,4,178,0,7,27,7,41,68,93,47,11,219,2,3,5,224
12/03/2010,ALB,NY,AEA,EN,Combined TRACON& Tower with Radar,70,81,14,3,168,0,2,26,7,35,70,83,40,10,203,6,0,6,209
12/04/2010,ALB,NY,AEA,EN,Combined TRACON& Tower with Radar,59,54,17,0,130,0,0,36,0,36,59,54,53,0,166,4,0,4,170
12/05/2010,ALB,NY,AEA,EN,Combined TRACON& Tower with Radar,65,57,10,0,132,0,1,12,0,13,65,58,22,0,145,3,0,3,148
12/06/2010,ALB,NY,AEA,EN,Combined TRACON& Tower with Radar,63,83,21,24,191,0,0,2,2,4,63,83,23,26,195,0,26,26,221
12/07/2010,ALB,NY,AEA,EN,Combined TRACON& Tower with Radar,72,80,47,4,203,0,5,12,5,22,72,85,59,9,225,22,4,26,251
12/08/2010,ALB,NY,AEA,EN,Combined TRACON& Tower with Radar,68,79,22,17,186,0,5,19,6,30,68,84,41,23,216,60,52,112,328
12/09/2010,ALB,NY,AEA,EN,Combined TRACON& Tower with Radar,70,83,31,1,185,0,18,24,13,55,70,101,55,14,240,58,6,64,304
12/10/2010,ALB,NY,AEA,EN,Combined TRACON& Tower with Radar,71,86,25,6,188,0,3,17,2,22,71,89,42,8,210,16,0,16,226
12/11/2010,ALB,NY,AEA,EN,Combined TRACON& Tower with Radar,58,59,25,0,142,0,0,44,0,44,58,59,69,0,186,29,2,31,217
12/12/2010,ALB,NY,AEA,EN,Combined TRACON& Tower with Radar,49,48,4,0,101,0,0,0,0,0,49,48,4,0,101,2,0,2,103
12/13/2010,ALB,NY,AEA,EN,Combined TRACON& Tower with Radar,68,71,15,4,158,0,0,0,6,6,68,71,15,10,164,0,0,0,164
12/14/2010,ALB,NY,AEA,EN,Combined TRACON& Tower with Radar,72,81,19,3,175,0,2,3,13,18,72,83,22,16,193,2,2,4,197
12/15/2010,ALB,NY,AEA,EN,Combined TRACON& Tower with Radar,70,99,15,5,189,0,13,10,15,38,70,112,25,20,227,58,12,70,297
12/16/2010,ALB,NY,AEA,EN,Combined TRACON& Tower with Radar,60,96,26,4,186,0,9,18,10,37,60,105,44,14,223,42,14,56,279
12/17/2010,ALB,NY,AEA,EN,Combined TRACON& Tower with Radar,73,93,21,6,193,0,4,17,2,23,73,97,38,8,216,10,0,10,226
12/18/2010,ALB,NY,AEA,EN,Combined TRACON& Tower with Radar,65,57,27,0,149,0,5,30,0,35,65,62,57,0,184,18,0,18,202
12/19/2010,ALB,NY,AEA,EN,Combined TRACON& Tower with Radar,69,61,11,0,141,0,1,17,0,18,69,62,28,0,159,12,0,12,171
12/20/2010,ALB,NY,AEA,EN,Combined TRACON& Tower with Radar,63,73,28,2,166,0,6,9,1,16,63,79,37,3,182,12,0,12,194
12/21/2010,ALB,NY,AEA,EN,Combined TRACON& Tower with Radar,68,90,21,4,183,0,0,13,10,23,68,90,34,14,206,4,8,12,218
12/22/2010,ALB,NY,AEA,EN,Combined TRACON& Tower with Radar,74,93,27,2,196,0,2,10,6,18,74,95,37,8,214,17,0,17,231
12/23/2010,ALB,NY,AEA,EN,Combined TRACON& Tower with Radar,73,83,8,0,164,0,0,9,0,9,73,83,17,0,173,2,0,2,175
12/24/2010,ALB,NY,AEA,EN,Combined TRACON& Tower with Radar,67,57,14,0,138,0,2,18,0,20,67,59,32,0,158,58,2,60,218
12/25/2010,ALB,NY,AEA,EN,Combined TRACON& Tower with Radar,57,45,7,0,109,0,0,8,0,8,57,45,15,0,117,8,0,8,125
12/26/2010,ALB,NY,AEA,EN,Combined TRACON& Tower with Radar,55,55,12,0,122,0,2,2,0,4,55,57,14,0,126,0,0,0,126
12/27/2010,ALB,NY,AEA,EN,Combined TRACON& Tower with Radar,56,34,14,1,105,0,1,1,0,2,56,35,15,1,107,2,0,2,109
12/28/2010,ALB,NY,AEA,EN,Combined TRACON& Tower with Radar,69,73,12,0,154,0,0,13,5,18,69,73,25,5,172,13,0,13,185
12/29/2010,ALB,NY,AEA,EN,Combined TRACON& Tower with Radar,81,87,21,1,190,0,0,14,0,14,81,87,35,1,204,21,0,21,225
12/30/2010,ALB,NY,AEA,EN,Combined TRACON& Tower with Radar,70,74,21,0,165,0,15,29,2,46,70,89,50,2,211,43,0,43,254
12/31/2010,ALB,NY,AEA,EN,Combined TRACON& Tower with Radar,67,57,4,0,128,0,7,37,0,44,67,64,41,0,172,20,0,20,192
01/01/2011,ALB,NY,AEA,EN,Combined TRACON& Tower with Radar,60,46,10,0,116,0,3,18,0,21,60,49,28,0,137,2,0,2,139
01/02/2011,ALB,NY,AEA,EN,Combined TRACON& Tower with Radar,73,65,23,0,161,0,3,14,0,17,73,68,37,0,178,17,0,17,195
01/03/2011,ALB,NY,AEA,EN,Combined TRACON& Tower with Radar,69,73,15,0,157,0,3,7,5,15,69,76,22,5,172,1,0,1,173
01/04/2011,ALB,NY,AEA,EN,Combined TRACON& Tower with Radar,69,81,19,6,175,0,4,18,8,30,69,85,37,14,205,12,0,12,217
01/05/2011,ALB,NY,AEA,EN,Combined TRACON& Tower with Radar,67,93,13,12,185,0,2,19,0,21,67,95,32,12,206,26,6,32,238
01/06/2011,ALB,NY,AEA,EN,Combined TRACON& Tower with Radar,66,76,18,11,171,0,7,28,17,52,66,83,46,28,223,26,13,39,262
01/07/2011,ALB,NY,AEA,EN,Combined TRACON& Tower with Radar,64,68,11,0,143,0,0,2,0,2,64,68,13,0,145,0,0,0,145
01/08/2011,ALB,NY,AEA,EN,Combined TRACON& Tower with Radar,53,57,9,2,121,0,0,2,0,2,53,57,11,2,123,0,0,0,123
01/09/2011,ALB,NY,AEA,EN,Combined TRACON& Tower with Radar,58,65,24,0,147,0,4,6,3,13,58,69,30,3,160,8,0,8,168
01/10/2011,ALB,NY,AEA,EN,Combined TRACON& Tower with Radar,55,80,10,4,149,0,3,22,3,28,55,83,32,7,177,37,4,41,218
01/11/2011,ALB,NY,AEA,EN,Combined TRACON& Tower with Radar,48,90,14,3,155,0,3,17,14,34,48,93,31,17,189,0,0,0,189
01/12/2011,ALB,NY,AEA,EN,Combined TRACON& Tower with Radar,46,43,3,0,92,0,0,0,0,0,46,43,3,0,92,0,0,0,92
01/13/2011,ALB,NY,AEA,EN,Combined TRACON& Tower with Radar,64,80,7,5,156,0,1,11,1,13,64,81,18,6,169,12,3,15,184
01/14/2011,ALB,NY,AEA,EN,Combined TRACON& Tower with Radar,65,85,16,2,168,0,5,14,8,27,65,90,30,10,195,16,0,16,211
01/15/2011,ALB,NY,AEA,EN,Combined TRACON& Tower with Radar,55,51,7,0,113,0,0,6,0,6,55,51,13,0,119,0,0,0,119
01/16/2011,ALB,NY,AEA,EN,Combined TRACON& Tower with Radar,59,53,18,0,130,0,1,30,0,31,59,54,48,0,161,48,13,61,222
01/17/2011,ALB,NY,AEA,EN,Combined TRACON& Tower with Radar,58,59,16,2,135,0,19,14,0,33,58,78,30,2,168,6,0,6,174
01/18/2011,ALB,NY,AEA,EN,Combined TRACON& Tower with Radar,43,35,10,0,88,0,0,0,0,0,43,35,10,0,88,0,0,0,88
01/19/2011,ALB,NY,AEA,EN,Combined TRACON& Tower with Radar,64,83,16,7,170,0,0,0,0,0,64,83,16,7,170,0,0,0,170
01/20/2011,ALB,NY,AEA,EN,Combined TRACON& Tower with Radar,66,88,20,9,183,0,7,22,9,38,66,95,42,18,221,6,2,8,229
01/21/2011,ALB,NY,AEA,EN,Combined TRACON& Tower with Radar,63,74,14,4,155,0,3,7,0,10,63,77,21,4,165,0,0,0,165
01/22/2011,ALB,NY,AEA,EN,Combined TRACON& Tower with Radar,56,51,12,2,121,0,1,13,0,14,56,52,25,2,135,4,0,4,139
01/23/2011,ALB,NY,AEA,EN,Combined TRACON& Tower with Radar,59,63,11,0,133,0,0,4,0,4,59,63,15,0,137,0,0,0,137
01/24/2011,ALB,NY,AEA,EN,Combined TRACON& Tower with Radar,61,64,21,10,156,0,11,26,0,37,61,75,47,10,193,22,10,32,225
01/25/2011,ALB,NY,AEA,EN,Combined TRACON& Tower with Radar,67,77,15,10,169,0,3,6,6,15,67,80,21,16,184,0,8,8,192
01/26/2011,ALB,NY,AEA,EN,Combined TRACON& Tower with Radar,71,72,11,1,155,0,3,5,8,16,71,75,16,9,171,5,0,5,176
01/27/2011,ALB,NY,AEA,EN,Combined TRACON& Tower with Radar,59,67,20,14,160,0,2,12,4,18,59,69,32,18,178,22,34,56,234
01/28/2011,ALB,NY,AEA,EN,Combined TRACON& Tower with Radar,68,78,22,9,177,0,1,11,4,16,68,79,33,13,193,6,0,6,199
01/29/2011,ALB,NY,AEA,EN,Combined TRACON& Tower with Radar,55,54,17,0,126,0,2,9,1,12,55,56,26,1,138,30,0,30,168
01/30/2011,ALB,NY,AEA,EN,Combined TRACON& Tower with Radar,59,62,11,1,133,0,1,27,0,28,59,63,38,1,161,0,0,0,161
01/31/2011,ALB,NY,AEA,EN,Combined TRACON& Tower with Radar,64,66,19,26,175,0,9,19,4,32,64,75,38,30,207,6,26,32,239
02/01/2011,ALB,NY,AEA,EN,Combined TRACON& Tower with Radar,29,28,5,0,62,0,0,0,0,0,29,28,5,0,62,0,0,0,62
02/02/2011,ALB,NY,AEA,EN,Combined TRACON& Tower with Radar,19,23,2,0,44,0,0,1,0,1,19,23,3,0,45,0,0,0,45
02/03/2011,ALB,NY,AEA,EN,Combined TRACON& Tower with Radar,60,77,14,5,156,0,12,10,9,31,60,89,24,14,187,0,0,0,187
02/04/2011,ALB,NY,AEA,EN,Combined TRACON& Tower with Radar,64,77,25,0,166,0,6,24,8,38,64,83,49,8,204,54,6,60,264
02/05/2011,ALB,NY,AEA,EN,Combined TRACON& Tower with Radar,56,30,2,0,88,0,5,4,0,9,56,35,6,0,97,11,0,11,108
02/06/2011,ALB,NY,AEA,EN,Combined TRACON& Tower with Radar,59,54,10,0,123,0,1,10,1,12,59,55,20,1,135,6,0,6,141
02/07/2011,ALB,NY,AEA,EN,Combined TRACON& Tower with Radar,58,70,25,21,174,0,3,14,2,19,58,73,39,23,193,16,10,26,219
02/08/2011,ALB,NY,AEA,EN,Combined TRACON& Tower with Radar,69,80,15,8,172,0,1,0,5,6,69,81,15,13,178,7,0,7,185
02/09/2011,ALB,NY,AEA,EN,Combined TRACON& Tower with Radar,63,81,24,4,172,0,8,31,6,45,63,89,55,10,217,33,0,33,250
02/10/2011,ALB,NY,AEA,EN,Combined TRACON& Tower with Radar,67,86,17,11,181,0,3,25,10,38,67,89,42,21,219,15,0,15,234
02/11/2011,ALB,NY,AEA,EN,Combined TRACON& Tower with Radar,66,71,12,2,151,0,11,22,14,47,66,82,34,16,198,17,10,27,225
02/12/2011,ALB,NY,AEA,EN,Combined TRACON& Tower with Radar,55,61,8,2,126,0,0,9,7,16,55,61,17,9,142,6,0,6,148
02/13/2011,ALB,NY,AEA,EN,Combined TRACON& Tower with Radar,61,57,7,0,125,0,0,6,6,12,61,57,13,6,137,2,0,2,139
02/14/2011,ALB,NY,AEA,EN,Combined TRACON& Tower with Radar,64,70,8,0,142,0,1,12,2,15,64,71,20,2,157,9,0,9,166
02/15/2011,ALB,NY,AEA,EN,Combined TRACON& Tower with Radar,70,65,21,4,160,0,16,16,2,34,70,81,37,6,194,4,0,4,198
02/16/2011,ALB,NY,AEA,EN,Combined TRACON& Tower with Radar,66,77,22,8,173,0,12,42,9,63,66,89,64,17,236,18,7,25,261
02/17/2011,ALB,NY,AEA,EN,Combined TRACON& Tower with Radar,71,84,19,5,179,0,4,44,9,57,71,88,63,14,236,62,2,64,300
02/18/2011,ALB,NY,AEA,EN,Combined TRACON& Tower with Radar,70,82,19,1,172,0,4,21,2,27,70,86,40,3,199,13,0,13,212
02/19/2011,ALB,NY,AEA,EN,Combined TRACON& Tower with Radar,64,57,11,0,132,0,0,3,0,3,64,57,14,0,135,0,0,0,135
02/20/2011,ALB,NY,AEA,EN,Combined TRACON& Tower with Radar,62,50,17,0,129,0,7,62,0,69,62,57,79,0,198,9,0,9,207
02/21/2011,ALB,NY,AEA,EN,Combined TRACON& Tower with Radar,58,69,15,0,142,0,7,3,0,10,58,76,18,0,152,4,0,4,156
02/22/2011,ALB,NY,AEA,EN,Combined TRACON& Tower with Radar,77,62,19,1,159,0,21,30,8,59,77,83,49,9,218,33,0,33,251
02/23/2011,ALB,NY,AEA,EN,Combined TRACON& Tower with Radar,68,67,9,8,152,0,22,31,10,63,68,89,40,18,215,22,0,22,237
02/24/2011,ALB,NY,AEA,EN,Combined TRACON& Tower with Radar,68,89,10,4,171,0,8,32,6,46,68,97,42,10,217,15,0,15,232
02/25/2011,ALB,NY,AEA,EN,Combined TRACON& Tower with Radar,37,21,10,0,68,0,1,0,0,1,37,22,10,0,69,2,0,2,71
02/26/2011,ALB,NY,AEA,EN,Combined TRACON& Tower with Radar,68,72,20,0,160,0,0,24,1,25,68,72,44,1,185,12,0,12,197
02/27/2011,ALB,NY,AEA,EN,Combined TRACON& Tower with Radar,65,67,16,0,148,0,2,8,0,10,65,69,24,0,158,31,4,35,193
02/28/2011,ALB,NY,AEA,EN,Combined TRACON& Tower with Radar,64,82,15,2,163,0,0,0,0,0,64,82,15,2,163,26,2,28,191
03/01/2011,ALB,NY,AEA,EN,Combined TRACON& Tower with Radar,69,81,29,18,197,0,14,33,6,53,69,95,62,24,250,17,4,21,271
03/02/2011,ALB,NY,AEA,EN,Combined TRACON& Tower with Radar,67,79,25,4,175,0,4,12,4,20,67,83,37,8,195,8,12,20,215
03/03/2011,ALB,NY,AEA,EN,Combined TRACON& Tower with Radar,74,69,30,6,179,0,17,29,11,57,74,86,59,17,236,2,0,2,238
03/04/2011,ALB,NY,AEA,EN,Combined TRACON& Tower with Radar,69,72,24,15,180,0,15,16,9,40,69,87,40,24,220,11,46,57,277
03/05/2011,ALB,NY,AEA,EN,Combined TRACON& Tower with Radar,56,62,16,0,134,0,1,4,0,5,56,63,20,0,139,2,0,2,141
03/06/2011,ALB,NY,AEA,EN,Combined TRACON& Tower with Radar,53,52,21,0,126,0,0,0,0,0,53,52,21,0,126,8,0,8,134
03/07/2011,ALB,NY,AEA,EN,Combined TRACON& Tower with Radar,53,57,23,1,134,0,3,4,0,7,53,60,27,1,141,2,0,2,143
03/08/2011,ALB,NY,AEA,EN,Combined TRACON& Tower with Radar,71,88,36,5,200,0,15,35,7,57,71,103,71,12,257,16,7,23,280
03/09/2011,ALB,NY,AEA,EN,Combined TRACON& Tower with Radar,65,92,17,15,189,0,6,34,15,55,65,98,51,30,244,23,22,45,289
03/10/2011,ALB,NY,AEA,EN,Combined TRACON& Tower with Radar,60,99,9,0,168,0,0,0,0,0,60,99,9,0,168,0,0,0,168
03/11/2011,ALB,NY,AEA,EN,Combined TRACON& Tower with Radar,68,100,14,0,182,0,4,10,3,17,68,104,24,3,199,21,2,23,222
03/12/2011,ALB,NY,AEA,EN,Combined TRACON& Tower with Radar,59,65,32,1,157,0,0,17,2,19,59,65,49,3,176,18,0,18,194
03/13/2011,ALB,NY,AEA,EN,Combined TRACON& Tower with Radar,64,80,13,0,157,0,1,18,3,22,64,81,31,3,179,40,0,40,219
03/14/2011,ALB,NY,AEA,EN,Combined TRACON& Tower with Radar,60,94,22,1,177,0,2,7,2,11,60,96,29,3,188,4,0,4,192
03/15/2011,ALB,NY,AEA,EN,Combined TRACON& Tower with Radar,64,87,28,0,179,0,15,37,4,56,64,102,65,4,235,60,6,66,301
03/16/2011,ALB,NY,AEA,EN,Combined TRACON& Tower with Radar,64,104,19,2,189,0,2,3,1,6,64,106,22,3,195,0,0,0,195
03/17/2011,ALB,NY,AEA,EN,Combined TRACON& Tower with Radar,63,88,37,0,188,0,15,36,6,57,63,103,73,6,245,22,6,28,273
03/18/2011,ALB,NY,AEA,EN,Combined TRACON& Tower with Radar,64,96,17,0,177,0,10,8,5,23,64,106,25,5,200,13,0,13,213
03/19/2011,ALB,NY,AEA,EN,Combined TRACON& Tower with Radar,57,56,13,0,126,0,8,45,0,53,57,64,58,0,179,24,0,24,203
03/20/2011,ALB,NY,AEA,EN,Combined TRACON& Tower with Radar,62,53,31,0,146,0,23,54,1,78,62,76,85,1,224,32,0,32,256
03/21/2011,ALB,NY,AEA,EN,Combined TRACON& Tower with Radar,62,93,23,0,178,0,0,0,0,0,62,93,23,0,178,0,0,0,178
03/22/2011,ALB,NY,AEA,EN,Combined TRACON& Tower with Radar,65,99,33,6,203,0,5,19,4,28,65,104,52,10,231,2,0,2,233
03/23/2011,ALB,NY,AEA,EN,Combined TRACON& Tower with Radar,64,88,18,9,179,0,9,3,6,18,64,97,21,15,197,18,20,38,235
03/24/2011,ALB,NY,AEA,EN,Combined TRACON& Tower with Radar,67,99,14,5,185,0,6,16,2,24,67,105,30,7,209,11,8,19,228
03/25/2011,ALB,NY,AEA,EN,Combined TRACON& Tower with Radar,67,96,27,2,192,0,4,35,3,42,67,100,62,5,234,4,2,6,240
03/26/2011,ALB,NY,AEA,EN,Combined TRACON& Tower with Radar,59,65,18,0,142,0,8,32,0,40,59,73,50,0,182,11,0,11,193
03/27/2011,ALB,NY,AEA,EN,Combined TRACON& Tower with Radar,61,68,13,0,142,0,11,30,0,41,61,79,43,0,183,4,0,4,187
03/28/2011,ALB,NY,AEA,EN,Combined TRACON& Tower with Radar,63,84,15,19,181,0,16,16,4,36,63,100,31,23,217,3,32,35,252
03/29/2011,ALB,NY,AEA,EN,Combined TRACON& Tower with Radar,65,98,21,0,184,0,4,25,7,36,65,102,46,7,220,12,2,14,234
03/30/2011,ALB,NY,AEA,EN,Combined TRACON& Tower with Radar,64,87,27,8,186,0,24,30,12,66,64,111,57,20,252,18,10,28,280
03/31/2011,ALB,NY,AEA,EN,Combined TRACON& Tower with Radar,62,102,33,18,215,0,8,3,8,19,62,110,36,26,234,14,0,14,248
04/01/2011,ALB,NY,AEA,EN,Combined TRACON& Tower with Radar,62,100,10,2,174,0,0,0,0,0,62,100,10,2,174,5,0,5,179
04/02/2011,ALB,NY,AEA,EN,Combined TRACON& Tower with Radar,54,65,7,0,126,0,4,27,1,32,54,69,34,1,158,7,0,7,165
04/03/2011,ALB,NY,AEA,EN,Combined TRACON& Tower with Radar,62,64,11,2,139,0,15,18,2,35,62,79,29,4,174,4,0,4,178
04/04/2011,ALB,NY,AEA,EN,Combined TRACON& Tower with Radar,58,97,21,2,178,0,0,0,0,0,58,97,21,2,178,8,0,8,186
04/05/2011,ALB,NY,AEA,EN,Combined TRACON& Tower with Radar,63,94,20,0,177,0,1,14,0,15,63,95,34,0,192,8,0,8,200
04/06/2011,ALB,NY,AEA,EN,Combined TRACON& Tower with Radar,65,102,27,8,202,0,10,36,10,56,65,112,63,18,258,15,0,15,273
04/07/2011,ALB,NY,AEA,EN,Combined TRACON& Tower with Radar,66,85,40,8,199,0,25,36,6,67,66,110,76,14,266,19,0,19,285
04/08/2011,ALB,NY,AEA,EN,Combined TRACON& Tower with Radar,62,71,14,8,155,0,25,30,8,63,62,96,44,16,218,31,2,33,251
04/09/2011,ALB,NY,AEA,EN,Combined TRACON& Tower with Radar,53,47,15,0,115,0,58,59,0,117,53,105,74,0,232,10,0,10,242
04/10/2011,ALB,NY,AEA,EN,Combined TRACON& Tower with Radar,57,68,17,3,145,0,42,44,6,92,57,110,61,9,237,2,0,2,239
04/11/2011,ALB,NY,AEA,EN,Combined TRACON& Tower with Radar,60,89,27,2,178,0,3,5,0,8,60,92,32,2,186,2,0,2,188
04/12/2011,ALB,NY,AEA,EN,Combined TRACON& Tower with Radar,61,89,17,4,171,0,20,18,5,43,61,109,35,9,214,2,2,4,218
04/13/2011,ALB,NY,AEA,EN,Combined TRACON& Tower with Radar,67,100,18,4,189,0,0,2,2,4,67,100,20,6,193,0,0,0,193
04/14/2011,ALB,NY,AEA,EN,Combined TRACON& Tower with Radar,64,105,14,3,186,0,7,46,13,66,64,112,60,16,252,8,0,8,260
04/15/2011,ALB,NY,AEA,EN,Combined TRACON& Tower with Radar,62,90,18,4,174,0,23,43,9,75,62,113,61,13,249,13,0,13,262
04/16/2011,ALB,NY,AEA,EN,Combined TRACON& Tower with Radar,58,56,10,2,126,0,4,16,1,21,58,60,26,3,147,4,0,4,151
04/17/2011,ALB,NY,AEA,EN,Combined TRACON& Tower with Radar,57,85,13,0,155,0,1,9,0,10,57,86,22,0,165,4,0,4,169
04/18/2011,ALB,NY,AEA,EN,Combined TRACON& Tower with Radar,58,92,17,0,167,0,4,12,5,21,58,96,29,5,188,10,0,10,198
04/19/2011,ALB,NY,AEA,EN,Combined TRACON& Tower with Radar,63,102,24,2,191,0,1,5,9,15,63,103,29,11,206,21,0,21,227
04/20/2011,ALB,NY,AEA,EN,Combined TRACON& Tower with Radar,65,98,13,8,184,0,4,0,5,9,65,102,13,13,193,6,0,6,199
04/21/2011,ALB,NY,AEA,EN,Combined TRACON& Tower with Radar,65,104,13,5,187,0,7,7,7,21,65,111,20,12,208,11,0,11,219
04/22/2011,ALB,NY,AEA,EN,Combined TRACON& Tower with Radar,58,95,31,0,184,0,14,36,3,53,58,109,67,3,237,19,0,19,256
04/23/2011,ALB,NY,AEA,EN,Combined TRACON& Tower with Radar,57,63,5,0,125,0,0,0,0,0,57,63,5,0,125,8,0,8,133
04/24/2011,ALB,NY,AEA,EN,Combined TRACON& Tower with Radar,56,79,25,0,160,0,4,26,0,30,56,83,51,0,190,43,0,43,233
04/25/2011,ALB,NY,AEA,EN,Combined TRACON& Tower with Radar,55,91,29,10,185,0,0,2,2,4,55,91,31,12,189,22,42,64,253
04/26/2011,ALB,NY,AEA,EN,Combined TRACON& Tower with Radar,62,110,30,12,214,0,2,13,0,15,62,112,43,12,229,19,26,45,274
04/27/2011,ALB,NY,AEA,EN,Combined TRACON& Tower with Radar,71,105,39,2,217,0,3,20,5,28,71,108,59,7,245,19,4,23,268
04/28/2011,ALB,NY,AEA,EN,Combined TRACON& Tower with Radar,67,90,13,0,170,0,4,2,0,6,67,94,15,0,176,131,43,174,350
04/29/2011,ALB,NY,AEA,EN,Combined TRACON& Tower with Radar,66,98,21,11,196,0,10,21,0,31,66,108,42,11,227,23,0,23,250
04/30/2011,ALB,NY,AEA,EN,Combined TRACON& Tower with Radar,54,52,21,2,129,0,13,32,0,45,54,65,53,2,174,33,0,33,207
05/01/2011,ALB,NY,AEA,EN,Combined TRACON& Tower with Radar,52,62,22,0,136,0,22,58,0,80,52,84,80,0,216,39,0,39,255
05/02/2011,ALB,NY,AEA,EN,Combined TRACON& Tower with Radar,57,106,25,2,190,0,5,27,2,34,57,111,52,4,224,17,2,19,243
05/03/2011,ALB,NY,AEA,EN,Combined TRACON& Tower with Radar,65,101,17,1,184,0,1,7,6,14,65,102,24,7,198,11,6,17,215
05/04/2011,ALB,NY,AEA,EN,Combined TRACON& Tower with Radar,62,105,26,6,199,0,1,0,5,6,62,106,26,11,205,0,0,0,205
05/05/2011,ALB,NY,AEA,EN,Combined TRACON& Tower with Radar,65,117,15,2,199,0,4,20,8,32,65,121,35,10,231,8,6,14,245
05/06/2011,ALB,NY,AEA,EN,Combined TRACON& Tower with Radar,61,100,14,23,198,0,12,38,2,52,61,112,52,25,250,28,22,50,300
05/07/2011,ALB,NY,AEA,EN,Combined TRACON& Tower with Radar,55,61,18,0,134,0,10,29,0,39,55,71,47,0,173,16,0,16,189
05/08/2011,ALB,NY,AEA,EN,Combined TRACON& Tower with Radar,60,75,15,0,150,0,11,42,0,53,60,86,57,0,203,32,0,32,235
05/09/2011,ALB,NY,AEA,EN,Combined TRACON& Tower with Radar,55,83,17,2,157,0,25,16,2,43,55,108,33,4,200,2,0,2,202
05/10/2011,ALB,NY,AEA,EN,Combined TRACON& Tower with Radar,63,100,34,2,199,0,27,29,6,62,63,127,63,8,261,20,0,20,281
05/11/2011,ALB,NY,AEA,EN,Combined TRACON& Tower with Radar,62,104,21,3,190,0,13,42,7,62,62,117,63,10,252,14,4,18,270
05/12/2011,ALB,NY,AEA,EN,Combined TRACON& Tower with Radar,61,96,25,2,184,0,25,45,16,86,61,121,70,18,270,20,0,20,290
05/13/2011,ALB,NY,AEA,EN,Combined TRACON& Tower with Radar,62,106,22,11,201,0,9,12,6,27,62,115,34,17,228,17,8,25,253
05/14/2011,ALB,NY,AEA,EN,Combined TRACON& Tower with Radar,53,73,22,1,149,0,0,10,0,10,53,73,32,1,159,14,0,14,173
05/15/2011,ALB,NY,AEA,EN,Combined TRACON& Tower with Radar,60,84,32,1,177,0,0,0,0,0,60,84,32,1,177,60,6,66,243
05/16/2011,ALB,NY,AEA,EN,Combined TRACON& Tower with Radar,59,106,19,6,190,0,0,0,0,0,59,106,19,6,190,0,0,0,190
05/17/2011,ALB,NY,AEA,EN,Combined TRACON& Tower with Radar,62,94,24,9,189,0,0,2,0,2,62,94,26,9,191,22,20,42,233
05/18/2011,ALB,NY,AEA,EN,Combined TRACON& Tower with Radar,62,111,22,14,209,0,9,2,14,25,62,120,24,28,234,12,26,38,272
05/19/2011,ALB,NY,AEA,EN,Combined TRACON& Tower with Radar,62,112,32,10,216,0,4,14,5,23,62,116,46,15,239,6,22,28,267
05/20/2011,ALB,NY,AEA,EN,Combined TRACON& Tower with Radar,60,107,20,4,191,0,1,8,11,20,60,108,28,15,211,7,0,7,218
05/21/2011,ALB,NY,AEA,EN,Combined TRACON& Tower with Radar,58,67,25,2,152,0,1,13,0,14,58,68,38,2,166,16,0,16,182
05/22/2011,ALB,NY,AEA,EN,Combined TRACON& Tower with Radar,40,54,21,0,115,0,3,3,1,7,40,57,24,1,122,14,0,14,136
05/23/2011,ALB,NY,AEA,EN,Combined TRACON& Tower with Radar,101,180,51,4,336,0,0,6,0,6,101,180,57,4,342,0,0,0,342
05/24/2011,ALB,NY,AEA,EN,Combined TRACON& Tower with Radar,134,207,62,5,408,0,9,41,10,60,134,216,103,15,468,14,0,14,482
05/25/2011,ALB,NY,AEA,EN,Combined TRACON& Tower with Radar,116,179,78,12,385,0,27,170,21,218,116,206,248,33,603,38,1,39,642
05/26/2011,ALB,NY,AEA,EN,Combined TRACON& Tower with Radar,73,104,22,4,203,0,11,18,14,43,73,115,40,18,246,35,20,55,301
05/27/2011,ALB,NY,AEA,EN,Combined TRACON& Tower with Radar,64,115,28,2,209,0,8,18,0,26,64,123,46,2,235,26,0,26,261
05/28/2011,ALB,NY,AEA,EN,Combined TRACON& Tower with Radar,49,81,16,0,146,0,2,14,1,17,49,83,30,1,163,14,0,14,177
05/29/2011,ALB,NY,AEA,EN,Combined TRACON& Tower with Radar,50,63,8,0,121,0,5,12,0,17,50,68,20,0,138,4,0,4,142
05/30/2011,ALB,NY,AEA,EN,Combined TRACON& Tower with Radar,58,72,16,0,146,0,16,30,3,49,58,88,46,3,195,11,2,13,208
05/31/2011,ALB,NY,AEA,EN,Combined TRACON& Tower with Radar,60,82,24,3,169,0,28,37,7,72,60,110,61,10,241,69,0,69,310
06/01/2011,ALB,NY,AEA,EN,Combined TRACON& Tower with Radar,60,102,9,10,181,0,4,14,5,23,60,106,23,15,204,21,1,22,226
06/02/2011,ALB,NY,AEA,EN,Combined TRACON& Tower with Radar,63,111,22,1,197,0,4,24,13,41,63,115,46,14,238,22,2,24,262
06/03/2011,ALB,NY,AEA,EN,Combined TRACON& Tower with Radar,61,91,19,3,174,0,18,41,4,63,61,109,60,7,237,13,1,14,251
06/04/2011,ALB,NY,AEA,EN,Combined TRACON& Tower with Radar,57,56,32,0,145,0,20,47,4,71,57,76,79,4,216,20,0,20,236
06/05/2011,ALB,NY,AEA,EN,Combined TRACON& Tower with Radar,60,79,19,0,158,0,3,32,0,35,60,82,51,0,193,49,0,49,242
06/06/2011,ALB,NY,AEA,EN,Combined TRACON& Tower with Radar,58,86,27,3,174,0,21,26,3,50,58,107,53,6,224,17,0,17,241
06/07/2011,ALB,NY,AEA,EN,Combined TRACON& Tower with Radar,62,83,21,1,167,0,26,30,4,60,62,109,51,5,227,57,14,71,298
06/08/2011,ALB,NY,AEA,EN,Combined TRACON& Tower with Radar,61,87,18,1,167,0,23,29,10,62,61,110,47,11,229,68,10,78,307
06/09/2011,ALB,NY,AEA,EN,Combined TRACON& Tower with Radar,74,93,30,0,197,0,18,22,6,46,74,111,52,6,243,15,0,15,258
06/10/2011,ALB,NY,AEA,EN,Combined TRACON& Tower with Radar,113,171,19,3,306,0,10,58,40,108,113,181,77,43,414,27,8,35,449
06/11/2011,ALB,NY,AEA,EN,Combined TRACON& Tower with Radar,70,76,27,0,173,0,0,0,2,2,70,76,27,2,175,2,12,14,189
06/12/2011,ALB,NY,AEA,EN,Combined TRACON& Tower with Radar,54,84,29,8,175,0,0,7,6,13,54,84,36,14,188,8,2,10,198
06/13/2011,ALB,NY,AEA,EN,Combined TRACON& Tower with Radar,62,97,28,5,192,0,4,9,9,22,62,101,37,14,214,24,2,26,240
06/14/2011,ALB,NY,AEA,EN,Combined TRACON& Tower with Radar,66,107,48,15,236,0,2,20,5,27,66,109,68,20,263,19,4,23,286
06/15/2011,ALB,NY,AEA,EN,Combined TRACON& Tower with Radar,66,89,15,2,172,0,25,33,12,70,66,114,48,14,242,18,1,19,261
06/16/2011,ALB,NY,AEA,EN,Combined TRACON& Tower with Radar,65,85,35,1,186,0,25,60,11,96,65,110,95,12,282,25,0,25,307
06/17/2011,ALB,NY,AEA,EN,Combined TRACON& Tower with Radar,66,92,17,2,177,0,2,4,0,6,66,94,21,2,183,8,0,8,191
06/18/2011,ALB,NY,AEA,EN,Combined TRACON& Tower with Radar,58,57,20,0,135,0,9,37,2,48,58,66,57,2,183,44,2,46,229
06/19/2011,ALB,NY,AEA,EN,Combined TRACON& Tower with Radar,59,58,19,0,136,0,21,57,0,78,59,79,76,0,214,16,0,16,230
06/20/2011,ALB,NY,AEA,EN,Combined TRACON& Tower with Radar,58,81,23,0,162,0,16,32,1,49,58,97,55,1,211,23,0,23,234
06/21/2011,ALB,NY,AEA,EN,Combined TRACON& Tower with Radar,65,82,23,7,177,0,17,43,8,68,65,99,66,15,245,52,0,52,297
06/22/2011,ALB,NY,AEA,EN,Combined TRACON& Tower with Radar,69,108,28,0,205,0,0,3,0,3,69,108,31,0,208,4,0,4,212
06/23/2011,ALB,NY,AEA,EN,Combined TRACON& Tower with Radar,61,106,18,0,185,0,0,7,14,21,61,106,25,14,206,2,8,10,216
06/24/2011,ALB,NY,AEA,EN,Combined TRACON& Tower with Radar,66,99,28,0,193,0,0,6,2,8,66,99,34,2,201,6,0,6,207
06/25/2011,ALB,NY,AEA,EN,Combined TRACON& Tower with Radar,62,69,20,0,151,0,0,5,0,5,62,69,25,0,156,36,0,36,192
06/26/2011,ALB,NY,AEA,EN,Combined TRACON& Tower with Radar,57,88,25,0,170,0,2,47,1,50,57,90,72,1,220,73,0,73,293
06/27/2011,ALB,NY,AEA,EN,Combined TRACON& Tower with Radar,64,89,18,0,171,0,17,42,1,60,64,106,60,1,231,6,0,6,237
06/28/2011,ALB,NY,AEA,EN,Combined TRACON& Tower with Radar,65,88,28,7,188,0,5,25,6,36,65,93,53,13,224,20,0,20,244
06/29/2011,ALB,NY,AEA,EN,Combined TRACON& Tower with Radar,67,104,48,3,222,0,3,17,14,34,67,107,65,17,256,19,5,24,280
06/30/2011,ALB,NY,AEA,EN,Combined TRACON& Tower with Radar,63,86,31,0,180,0,17,58,1,76,63,103,89,1,256,8,0,8,264
07/01/2011,ALB,NY,AEA,EN,Combined TRACON& Tower with Radar,70,87,34,0,191,0,11,50,0,61,70,98,84,0,252,25,0,25,277
07/02/2011,ALB,NY,AEA,EN,Combined TRACON& Tower with Radar,62,49,14,0,125,0,20,35,0,55,62,69,49,0,180,48,0,48,228
07/03/2011,ALB,NY,AEA,EN,Combined TRACON& Tower with Radar,58,61,11,0,130,0,1,2,0,3,58,62,13,0,133,20,1,21,154
07/04/2011,ALB,NY,AEA,EN,Combined TRACON& Tower with Radar,61,66,14,0,141,0,9,34,0,43,61,75,48,0,184,43,2,45,229
07/05/2011,ALB,NY,AEA,EN,Combined TRACON& Tower with Radar,70,84,23,2,179,0,18,27,6,51,70,102,50,8,230,23,0,23,253
07/06/2011,ALB,NY,AEA,EN,Combined TRACON& Tower with Radar,64,91,20,1,176,0,10,27,10,47,64,101,47,11,223,2,0,2,225
07/07/2011,ALB,NY,AEA,EN,Combined TRACON& Tower with Radar,64,83,18,6,171,0,22,35,13,70,64,105,53,19,241,12,4,16,257
07/08/2011,ALB,NY,AEA,EN,Combined TRACON& Tower with Radar,66,91,22,2,181,0,10,15,4,29,66,101,37,6,210,1,0,1,211
07/09/2011,ALB,NY,AEA,EN,Combined TRACON& Tower with Radar,59,61,31,0,151,0,17,35,0,52,59,78,66,0,203,0,0,0,203
07/10/2011,ALB,NY,AEA,EN,Combined TRACON& Tower with Radar,60,65,27,0,152,0,23,49,0,72,60,88,76,0,224,24,0,24,248
07/11/2011,ALB,NY,AEA,EN,Combined TRACON& Tower with Radar,64,76,18,16,174,0,16,20,5,41,64,92,38,21,215,14,22,36,251
07/12/2011,ALB,NY,AEA,EN,Combined TRACON& Tower with Radar,66,94,29,0,189,0,6,21,7,34,66,100,50,7,223,13,0,13,236
07/13/2011,ALB,NY,AEA,EN,Combined TRACON& Tower with Radar,65,108,24,1,198,0,11,40,25,76,65,119,64,26,274,22,2,24,298
07/14/2011,ALB,NY,AEA,EN,Combined TRACON& Tower with Radar,64,82,24,4,174,0,25,43,25,93,64,107,67,29,267,54,10,64,331
07/15/2011,ALB,NY,AEA,EN,Combined TRACON& Tower with Radar,63,85,25,4,177,0,20,55,3,78,63,105,80,7,255,29,0,29,284
07/16/2011,ALB,NY,AEA,EN,Combined TRACON& Tower with Radar,62,58,28,0,148,0,18,52,0,70,62,76,80,0,218,14,0,14,232
07/17/2011,ALB,NY,AEA,EN,Combined TRACON& Tower with Radar,61,71,20,0,152,0,17,40,0,57,61,88,60,0,209,18,2,20,229
07/18/2011,ALB,NY,AEA,EN,Combined TRACON& Tower with Radar,64,103,24,17,208,0,6,9,9,24,64,109,33,26,232,9,38,47,279
07/19/2011,ALB,NY,AEA,EN,Combined TRACON& Tower with Radar,62,92,34,7,195,0,15,30,6,51,62,107,64,13,246,17,0,17,263
07/20/2011,ALB,NY,AEA,EN,Combined TRACON& Tower with Radar,66,99,20,24,209,0,15,39,20,74,66,114,59,44,283,40,16,56,339
07/21/2011,ALB,NY,AEA,EN,Combined TRACON& Tower with Radar,64,108,39,14,225,0,10,19,15,44,64,118,58,29,269,21,70,91,360
07/22/2011,ALB,NY,AEA,EN,Combined TRACON& Tower with Radar,65,83,31,1,180,0,18,43,2,63,65,101,74,3,243,4,10,14,257
07/23/2011,ALB,NY,AEA,EN,Combined TRACON& Tower with Radar,57,54,21,0,132,0,19,22,2,43,57,73,43,2,175,13,0,13,188
07/24/2011,ALB,NY,AEA,EN,Combined TRACON& Tower with Radar,63,61,22,1,147,0,16,36,0,52,63,77,58,1,199,18,0,18,217
07/25/2011,ALB,NY,AEA,EN,Combined TRACON& Tower with Radar,59,89,17,3,168,0,3,12,2,17,59,92,29,5,185,0,0,0,185
07/26/2011,ALB,NY,AEA,EN,Combined TRACON& Tower with Radar,73,103,26,10,212,0,5,8,2,15,73,108,34,12,227,40,0,40,267
07/27/2011,ALB,NY,AEA,EN,Combined TRACON& Tower with Radar,68,107,35,5,215,0,6,36,19,61,68,113,71,24,276,10,0,10,286
07/28/2011,ALB,NY,AEA,EN,Combined TRACON& Tower with Radar,65,96,29,10,200,0,13,33,12,58,65,109,62,22,258,16,10,26,284
07/29/2011,ALB,NY,AEA,EN,Combined TRACON& Tower with Radar,67,101,33,2,203,0,1,7,0,8,67,102,40,2,211,0,0,0,211
07/30/2011,ALB,NY,AEA,EN,Combined TRACON& Tower with Radar,59,56,28,2,145,0,15,43,2,60,59,71,71,4,205,18,0,18,223
07/31/2011,ALB,NY,AEA,EN,Combined TRACON& Tower with Radar,60,70,21,2,153,0,18,53,0,71,60,88,74,2,224,2,0,2,226
08/01/2011,ALB,NY,AEA,EN,Combined TRACON& Tower with Radar,61,75,19,11,166,0,21,27,2,50,61,96,46,13,216,12,6,18,234
08/02/2011,ALB,NY,AEA,EN,Combined TRACON& Tower with Radar,72,95,24,2,193,0,17,41,14,72,72,112,65,16,265,20,0,20,285
08/03/2011,ALB,NY,AEA,EN,Combined TRACON& Tower with Radar,66,96,34,1,197,0,5,27,15,47,66,101,61,16,244,20,0,20,264
08/04/2011,ALB,NY,AEA,EN,Combined TRACON& Tower with Radar,70,110,32,15,227,0,7,30,7,44,70,117,62,22,271,18,18,36,307
08/05/2011,ALB,NY,AEA,EN,Combined TRACON& Tower with Radar,68,91,22,1,182,0,14,31,3,48,68,105,53,4,230,8,0,8,238
08/06/2011,ALB,NY,AEA,EN,Combined TRACON& Tower with Radar,59,73,32,0,164,0,1,16,2,19,59,74,48,2,183,8,0,8,191
08/07/2011,ALB,NY,AEA,EN,Combined TRACON& Tower with Radar,63,81,49,0,193,0,0,25,1,26,63,81,74,1,219,14,0,14,233
08/08/2011,ALB,NY,AEA,EN,Combined TRACON& Tower with Radar,66,104,43,8,221,0,3,16,8,27,66,107,59,16,248,30,0,30,278
08/09/2011,ALB,NY,AEA,EN,Combined TRACON& Tower with Radar,65,99,28,1,193,0,1,19,14,34,65,100,47,15,227,18,14,32,259
08/10/2011,ALB,NY,AEA,EN,Combined TRACON& Tower with Radar,70,104,22,14,210,0,2,21,5,28,70,106,43,19,238,8,22,30,268
08/11/2011,ALB,NY,AEA,EN,Combined TRACON& Tower with Radar,67,105,25,2,199,0,8,24,8,40,67,113,49,10,239,2,0,2,241
08/12/2011,ALB,NY,AEA,EN,Combined TRACON& Tower with Radar,68,89,17,3,177,0,14,45,1,60,68,103,62,4,237,50,4,54,291
08/13/2011,ALB,NY,AEA,EN,Combined TRACON& Tower with Radar,60,56,20,1,137,0,12,24,0,36,60,68,44,1,173,7,0,7,180
08/14/2011,ALB,NY,AEA,EN,Combined TRACON& Tower with Radar,65,80,17,2,164,0,3,2,1,6,65,83,19,3,170,2,2,4,174
08/15/2011,ALB,NY,AEA,EN,Combined TRACON& Tower with Radar,63,85,23,2,173,0,0,0,0,0,63,85,23,2,173,0,0,0,173
08/16/2011,ALB,NY,AEA,EN,Combined TRACON& Tower with Radar,61,105,40,4,210,0,4,15,2,21,61,109,55,6,231,70,0,70,301
08/17/2011,ALB,NY,AEA,EN,Combined TRACON& Tower with Radar,69,94,26,3,192,0,30,57,2,89,69,124,83,5,281,43,0,43,324
08/18/2011,ALB,NY,AEA,EN,Combined TRACON& Tower with Radar,68,93,26,4,191,0,14,23,4,41,68,107,49,8,232,30,2,32,264
08/19/2011,ALB,NY,AEA,EN,Combined TRACON& Tower with Radar,62,91,34,4,191,0,7,9,6,22,62,98,43,10,213,7,6,13,226
08/20/2011,ALB,NY,AEA,EN,Combined TRACON& Tower with Radar,59,59,20,3,141,0,11,28,2,41,59,70,48,5,182,31,0,31,213
08/21/2011,ALB,NY,AEA,EN,Combined TRACON& Tower with Radar,59,64,10,0,133,0,1,11,0,12,59,65,21,0,145,2,0,2,147
08/22/2011,ALB,NY,AEA,EN,Combined TRACON& Tower with Radar,64,104,19,7,194,0,2,24,8,34,64,106,43,15,228,7,0,7,235
08/23/2011,ALB,NY,AEA,EN,Combined TRACON& Tower with Radar,61,101,25,5,192,0,15,40,5,60,61,116,65,10,252,34,0,34,286
08/24/2011,ALB,NY,AEA,EN,Combined TRACON& Tower with Radar,64,91,24,1,180,0,43,27,6,76,64,134,51,7,256,29,2,31,287
08/25/2011,ALB,NY,AEA,EN,Combined TRACON& Tower with Radar,67,94,28,7,196,0,2,2,1,5,67,96,30,8,201,52,0,52,253
08/26/2011,ALB,NY,AEA,EN,Combined TRACON& Tower with Radar,69,94,23,2,188,0,9,33,3,45,69,103,56,5,233,12,0,12,245
08/27/2011,ALB,NY,AEA,EN,Combined TRACON& Tower with Radar,61,58,31,6,156,0,7,28,8,43,61,65,59,14,199,62,0,62,261
08/28/2011,ALB,NY,AEA,EN,Combined TRACON& Tower with Radar,16,16,3,0,35,0,0,0,4,4,16,16,3,4,39,0,2,2,41
08/29/2011,ALB,NY,AEA,EN,Combined TRACON& Tower with Radar,65,68,20,6,159,0,14,70,45,129,65,82,90,51,288,20,0,20,308
08/30/2011,ALB,NY,AEA,EN,Combined TRACON& Tower with Radar,67,81,12,5,165,0,16,73,29,118,67,97,85,34,283,64,0,64,347
08/31/2011,ALB,NY,AEA,EN,Combined TRACON& Tower with Radar,68,85,25,10,188,0,21,42,29,92,68,106,67,39,280,52,64,116,396
09/01/2011,ALB,NY,AEA,EN,Combined TRACON& Tower with Radar,70,95,24,0,189,0,6,17,5,28,70,101,41,5,217,10,0,10,227
09/02/2011,ALB,NY,AEA,EN,Combined TRACON& Tower with Radar,70,85,17,0,172,0,13,36,0,49,70,98,53,0,221,16,0,16,237
09/03/2011,ALB,NY,AEA,EN,Combined TRACON& Tower with Radar,64,52,11,0,127,0,2,19,2,23,64,54,30,2,150,10,0,10,160
09/04/2011,ALB,NY,AEA,EN,Combined TRACON& Tower with Radar,64,57,26,0,147,0,0,2,0,2,64,57,28,0,149,26,0,26,175
09/05/2011,ALB,NY,AEA,EN,Combined TRACON& Tower with Radar,56,80,35,0,171,0,0,2,1,3,56,80,37,1,174,0,0,0,174
09/06/2011,ALB,NY,AEA,EN,Combined TRACON& Tower with Radar,66,87,29,2,184,0,0,0,10,10,66,87,29,12,194,8,12,20,214
09/07/2011,ALB,NY,AEA,EN,Combined TRACON& Tower with Radar,61,77,35,3,176,0,0,0,0,0,61,77,35,3,176,0,0,0,176
09/08/2011,ALB,NY,AEA,EN,Combined TRACON& Tower with Radar,73,95,26,4,198,0,0,11,5,16,73,95,37,9,214,12,0,12,226
09/09/2011,ALB,NY,AEA,EN,Combined TRACON& Tower with Radar,75,92,40,2,209,0,9,41,2,52,75,101,81,4,261,26,0,26,287
09/10/2011,ALB,NY,AEA,EN,Combined TRACON& Tower with Radar,64,44,21,1,130,0,15,76,4,95,64,59,97,5,225,6,0,6,231
09/11/2011,ALB,NY,AEA,EN,Combined TRACON& Tower with Radar,62,68,20,1,151,0,5,35,0,40,62,73,55,1,191,14,0,14,205
09/12/2011,ALB,NY,AEA,EN,Combined TRACON& Tower with Radar,69,74,22,4,169,0,10,16,0,26,69,84,38,4,195,13,0,13,208
09/13/2011,ALB,NY,AEA,EN,Combined TRACON& Tower with Radar,71,83,24,4,182,0,13,34,1,48,71,96,58,5,230,29,0,29,259
09/14/2011,ALB,NY,AEA,EN,Combined TRACON& Tower with Radar,67,91,37,8,203,0,5,34,1,40,67,96,71,9,243,17,18,35,278
09/15/2011,ALB,NY,AEA,EN,Combined TRACON& Tower with Radar,72,101,33,3,209,0,3,9,0,12,72,104,42,3,221,14,9,23,244
09/16/2011,ALB,NY,AEA,EN,Combined TRACON& Tower with Radar,72,79,37,0,188,0,21,38,0,59,72,100,75,0,247,19,0,19,266
09/17/2011,ALB,NY,AEA,EN,Combined TRACON& Tower with Radar,62,38,23,0,123,0,17,28,0,45,62,55,51,0,168,58,6,64,232
09/18/2011,ALB,NY,AEA,EN,Combined TRACON& Tower with Radar,68,65,23,0,156,0,12,44,0,56,68,77,67,0,212,31,0,31,243
09/19/2011,ALB,NY,AEA,EN,Combined TRACON& Tower with Radar,66,81,28,5,180,0,17,25,0,42,66,98,53,5,222,36,4,40,262
09/20/2011,ALB,NY,AEA,EN,Combined TRACON& Tower with Radar,68,89,37,0,194,0,2,5,0,7,68,91,42,0,201,20,0,20,221
09/21/2011,ALB,NY,AEA,EN,Combined TRACON& Tower with Radar,71,103,52,25,251,0,4,26,0,30,71,107,78,25,281,90,30,120,401
09/22/2011,ALB,NY,AEA,EN,Combined TRACON& Tower with Radar,71,95,29,0,195,0,2,3,0,5,71,97,32,0,200,47,2,49,249
09/23/2011,ALB,NY,AEA,EN,Combined TRACON& Tower with Radar,78,96,37,0,211,0,0,2,0,2,78,96,39,0,213,3,0,3,216
09/24/2011,ALB,NY,AEA,EN,Combined TRACON& Tower with Radar,65,52,25,1,143,0,2,7,1,10,65,54,32,2,153,24,2,26,179
09/25/2011,ALB,NY,AEA,EN,Combined TRACON& Tower with Radar,63,62,27,0,152,0,6,25,1,32,63,68,52,1,184,45,0,45,229
09/26/2011,ALB,NY,AEA,EN,Combined TRACON& Tower with Radar,71,77,28,9,185,0,14,26,0,40,71,91,54,9,225,10,7,17,242
09/27/2011,ALB,NY,AEA,EN,Combined TRACON& Tower with Radar,70,98,36,2,206,0,5,17,0,22,70,103,53,2,228,14,0,14,242
09/28/2011,ALB,NY,AEA,EN,Combined TRACON& Tower with Radar,69,90,30,2,191,0,0,5,0,5,69,90,35,2,196,18,0,18,214
09/29/2011,ALB,NY,AEA,EN,Combined TRACON& Tower with Radar,74,85,24,0,183,0,0,4,0,4,74,85,28,0,187,2,0,2,189
09/30/2011,ALB,NY,AEA,EN,Combined TRACON& Tower with Radar,77,90,29,4,200,0,3,28,4,35,77,93,57,8,235,29,0,29,264
10/01/2011,ALB,NY,AEA,EN,Combined TRACON& Tower with Radar,57,65,10,16,148,0,1,4,0,5,57,66,14,16,153,2,18,20,173
10/02/2011,ALB,NY,AEA,EN,Combined TRACON& Tower with Radar,65,73,43,0,181,0,0,6,0,6,65,73,49,0,187,0,0,0,187
10/03/2011,ALB,NY,AEA,EN,Combined TRACON& Tower with Radar,65,81,22,2,170,0,4,18,0,22,65,85,40,2,192,61,0,61,253
10/04/2011,ALB,NY,AEA,EN,Combined TRACON& Tower with Radar,66,91,28,0,185,0,2,9,1,12,66,93,37,1,197,17,0,17,214
10/05/2011,ALB,NY,AEA,EN,Combined TRACON& Tower with Radar,69,74,25,2,170,0,16,32,14,62,69,90,57,16,232,28,1,29,261
10/06/2011,ALB,NY,AEA,EN,Combined TRACON& Tower with Radar,67,86,26,4,183,0,18,40,1,59,67,104,66,5,242,57,26,83,325
10/07/2011,ALB,NY,AEA,EN,Combined TRACON& Tower with Radar,73,73,19,2,167,0,24,38,4,66,73,97,57,6,233,30,0,30,263
10/08/2011,ALB,NY,AEA,EN,Combined TRACON& Tower with Radar,62,41,16,0,119,0,18,53,0,71,62,59,69,0,190,34,0,34,224
10/09/2011,ALB,NY,AEA,EN,Combined TRACON& Tower with Radar,64,51,18,0,133,0,24,48,0,72,64,75,66,0,205,117,32,149,354
10/10/2011,ALB,NY,AEA,EN,Combined TRACON& Tower with Radar,64,76,17,0,157,0,16,42,0,58,64,92,59,0,215,26,0,26,241
10/11/2011,ALB,NY,AEA,EN,Combined TRACON& Tower with Radar,66,67,29,19,181,0,22,29,9,60,66,89,58,28,241,10,20,30,271
10/12/2011,ALB,NY,AEA,EN,Combined TRACON& Tower with Radar,67,84,26,16,193,0,12,24,5,41,67,96,50,21,234,43,28,71,305
10/13/2011,ALB,NY,AEA,EN,Combined TRACON& Tower with Radar,69,92,25,6,192,0,0,3,8,11,69,92,28,14,203,14,26,40,243
10/14/2011,ALB,NY,AEA,EN,Combined TRACON& Tower with Radar,86,98,21,2,207,0,1,4,2,7,86,99,25,4,214,22,24,46,260
10/15/2011,ALB,NY,AEA,EN,Combined TRACON& Tower with Radar,56,67,13,2,138,0,1,20,2,23,56,68,33,4,161,9,2,11,172
10/16/2011,ALB,NY,AEA,EN,Combined TRACON& Tower with Radar,69,80,10,0,159,0,3,46,0,49,69,83,56,0,208,8,0,8,216
10/17/2011,ALB,NY,AEA,EN,Combined TRACON& Tower with Radar,63,82,12,2,159,0,3,16,0,19,63,85,28,2,178,14,0,14,192
10/18/2011,ALB,NY,AEA,EN,Combined TRACON& Tower with Radar,69,86,19,4,178,0,8,43,9,60,69,94,62,13,238,4,0,4,242
10/19/2011,ALB,NY,AEA,EN,Combined TRACON& Tower with Radar,65,97,17,0,179,0,2,6,13,21,65,99,23,13,200,20,4,24,224
10/20/2011,ALB,NY,AEA,EN,Combined TRACON& Tower with Radar,74,94,17,2,187,0,3,7,1,11,74,97,24,3,198,30,3,33,231
10/21/2011,ALB,NY,AEA,EN,Combined TRACON& Tower with Radar,72,91,24,5,192,0,4,37,8,49,72,95,61,13,241,24,4,28,269
10/22/2011,ALB,NY,AEA,EN,Combined TRACON& Tower with Radar,59,59,26,0,144,0,0,19,0,19,59,59,45,0,163,33,2,35,198
10/23/2011,ALB,NY,AEA,EN,Combined TRACON& Tower with Radar,64,74,38,0,176,0,2,45,0,47,64,76,83,0,223,16,0,16,239
10/24/2011,ALB,NY,AEA,EN,Combined TRACON& Tower with Radar,63,87,28,15,193,0,4,17,5,26,63,91,45,20,219,11,11,22,241
10/25/2011,ALB,NY,AEA,EN,Combined TRACON& Tower with Radar,68,85,29,2,184,0,8,22,1,31,68,93,51,3,215,4,0,4,219
10/26/2011,ALB,NY,AEA,EN,Combined TRACON& Tower with Radar,71,99,35,16,221,0,0,4,3,7,71,99,39,19,228,7,6,13,241
10/27/2011,ALB,NY,AEA,EN,Combined TRACON& Tower with Radar,69,89,9,4,171,0,0,0,0,0,69,89,9,4,171,6,8,14,185
10/28/2011,ALB,NY,AEA,EN,Combined TRACON& Tower with Radar,72,82,22,0,176,0,15,37,1,53,72,97,59,1,229,28,0,28,257
10/29/2011,ALB,NY,AEA,EN,Combined TRACON& Tower with Radar,57,46,10,1,114,0,2,13,1,16,57,48,23,2,130,9,0,9,139
10/30/2011,ALB,NY,AEA,EN,Combined TRACON& Tower with Radar,64,59,20,1,144,0,12,29,0,41,64,71,49,1,185,8,0,8,193
10/31/2011,ALB,NY,AEA,EN,Combined TRACON& Tower with Radar,67,63,17,1,148,0,15,23,1,39,67,78,40,2,187,8,0,8,195
11/01/2011,ALB,NY,AEA,EN,Combined TRACON& Tower with Radar,72,84,29,2,187,0,12,40,0,52,72,96,69,2,239,16,0,16,255
11/02/2011,ALB,NY,AEA,EN,Combined TRACON& Tower with Radar,66,90,12,7,175,0,15,35,8,58,66,105,47,15,233,2,0,2,235
11/03/2011,ALB,NY,AEA,EN,Combined TRACON& Tower with Radar,72,92,24,2,190,0,24,25,4,53,72,116,49,6,243,10,0,10,253
11/04/2011,ALB,NY,AEA,EN,Combined TRACON& Tower with Radar,70,109,13,13,205,0,13,30,1,44,70,122,43,14,249,68,0,68,317
11/05/2011,ALB,NY,AEA,EN,Combined TRACON& Tower with Radar,58,46,12,2,118,0,15,51,2,68,58,61,63,4,186,34,2,36,222
11/06/2011,ALB,NY,AEA,EN,Combined TRACON& Tower with Radar,60,53,20,2,135,0,18,65,0,83,60,71,85,2,218,22,0,22,240
11/07/2011,ALB,NY,AEA,EN,Combined TRACON& Tower with Radar,62,80,24,0,166,0,10,25,2,37,62,90,49,2,203,8,0,8,211
11/08/2011,ALB,NY,AEA,EN,Combined TRACON& Tower with Radar,68,101,20,16,205,0,4,34,15,53,68,105,54,31,258,2,0,2,260
11/09/2011,ALB,NY,AEA,EN,Combined TRACON& Tower with Radar,68,78,19,9,174,0,13,24,12,49,68,91,43,21,223,10,0,10,233
11/10/2011,ALB,NY,AEA,EN,Combined TRACON& Tower with Radar,75,79,24,3,181,0,2,7,3,12,75,81,31,6,193,17,2,19,212
11/11/2011,ALB,NY,AEA,EN,Combined TRACON& Tower with Radar,68,98,19,0,185,0,5,12,0,17,68,103,31,0,202,4,0,4,206
11/12/2011,ALB,NY,AEA,EN,Combined TRACON& Tower with Radar,58,47,27,0,132,0,9,30,1,40,58,56,57,1,172,22,0,22,194
11/13/2011,ALB,NY,AEA,EN,Combined TRACON& Tower with Radar,62,62,17,0,141,0,7,47,0,54,62,69,64,0,195,35,8,43,238
11/14/2011,ALB,NY,AEA,EN,Combined TRACON& Tower with Radar,62,85,14,11,172,0,4,15,0,19,62,89,29,11,191,0,0,0,191
11/15/2011,ALB,NY,AEA,EN,Combined TRACON& Tower with Radar,68,83,20,3,174,0,8,20,1,29,68,91,40,4,203,6,4,10,213
11/16/2011,ALB,NY,AEA,EN,Combined TRACON& Tower with Radar,69,89,22,15,195,0,0,6,3,9,69,89,28,18,204,13,18,31,235
11/17/2011,ALB,NY,AEA,EN,Combined TRACON& Tower with Radar,64,87,24,5,180,0,2,27,15,44,64,89,51,20,224,13,4,17,241
11/18/2011,ALB,NY,AEA,EN,Combined TRACON& Tower with Radar,72,92,31,4,199,0,6,28,6,40,72,98,59,10,239,12,2,14,253
11/19/2011,ALB,NY,AEA,EN,Combined TRACON& Tower with Radar,62,52,7,0,121,0,11,36,4,51,62,63,43,4,172,17,10,27,199
11/20/2011,ALB,NY,AEA,EN,Combined TRACON& Tower with Radar,58,66,17,0,141,0,2,27,1,30,58,68,44,1,171,8,2,10,181
11/21/2011,ALB,NY,AEA,EN,Combined TRACON& Tower with Radar,66,65,21,4,156,0,13,32,0,45,66,78,53,4,201,9,0,9,210
11/22/2011,ALB,NY,AEA,EN,Combined TRACON& Tower with Radar,66,74,20,0,160,0,7,20,2,29,66,81,40,2,189,4,0,4,193
11/23/2011,ALB,NY,AEA,EN,Combined TRACON& Tower with Radar,71,87,22,3,183,0,0,2,0,2,71,87,24,3,185,0,0,0,185
11/24/2011,ALB,NY,AEA,EN,Combined TRACON& Tower with Radar,40,45,13,0,98,0,2,5,0,7,40,47,18,0,105,4,0,4,109
11/25/2011,ALB,NY,AEA,EN,Combined TRACON& Tower with Radar,49,36,20,0,105,0,15,47,1,63,49,51,67,1,168,12,0,12,180
11/26/2011,ALB,NY,AEA,EN,Combined TRACON& Tower with Radar,65,60,10,0,135,0,9,45,1,55,65,69,55,1,190,22,0,22,212
11/27/2011,ALB,NY,AEA,EN,Combined TRACON& Tower with Radar,70,70,19,0,159,0,4,54,0,58,70,74,73,0,217,16,0,16,233
11/28/2011,ALB,NY,AEA,EN,Combined TRACON& Tower with Radar,67,84,21,15,187,0,2,21,10,33,67,86,42,25,220,20,4,24,244
11/29/2011,ALB,NY,AEA,EN,Combined TRACON& Tower with Radar,71,68,16,2,157,0,0,2,4,6,71,68,18,6,163,4,0,4,167
11/30/2011,ALB,NY,AEA,EN,Combined TRACON& Tower with Radar,67,87,25,10,189,0,2,8,14,24,67,89,33,24,213,14,6,20,233
12/01/2011,ALB,NY,AEA,EN,Combined TRACON& Tower with Radar,68,71,17,0,156,0,17,38,6,61,68,88,55,6,217,18,0,18,235
12/02/2011,ALB,NY,AEA,EN,Combined TRACON& Tower with Radar,71,87,21,9,188,0,6,18,7,31,71,93,39,16,219,10,2,12,231
12/03/2011,ALB,NY,AEA,EN,Combined TRACON& Tower with Radar,59,40,12,1,112,0,15,54,3,72,59,55,66,4,184,23,0,23,207
12/04/2011,ALB,NY,AEA,EN,Combined TRACON& Tower with Radar,63,56,18,0,137,0,9,41,9,59,63,65,59,9,196,24,0,24,220
12/05/2011,ALB,NY,AEA,EN,Combined TRACON& Tower with Radar,62,74,15,1,152,0,6,18,2,26,62,80,33,3,178,23,0,23,201
12/06/2011,ALB,NY,AEA,EN,Combined TRACON& Tower with Radar,64,80,17,2,163,0,0,0,2,2,64,80,17,4,165,0,0,0,165
12/07/2011,ALB,NY,AEA,EN,Combined TRACON& Tower with Radar,61,82,14,0,157,0,0,2,0,2,61,82,16,0,159,0,0,0,159
12/08/2011,ALB,NY,AEA,EN,Combined TRACON& Tower with Radar,70,87,16,2,175,0,5,17,8,30,70,92,33,10,205,10,2,12,217
12/09/2011,ALB,NY,AEA,EN,Combined TRACON& Tower with Radar,69,82,21,0,172,0,7,21,0,28,69,89,42,0,200,21,0,21,221
12/10/2011,ALB,NY,AEA,EN,Combined TRACON& Tower with Radar,58,48,14,0,120,0,3,22,1,26,58,51,36,1,146,16,0,16,162
12/11/2011,ALB,NY,AEA,EN,Combined TRACON& Tower with Radar,60,56,7,0,123,0,8,43,0,51,60,64,50,0,174,12,0,12,186
12/12/2011,ALB,NY,AEA,EN,Combined TRACON& Tower with Radar,63,61,10,0,134,0,21,36,2,59,63,82,46,2,193,0,0,0,193
12/13/2011,ALB,NY,AEA,EN,Combined TRACON& Tower with Radar,66,77,22,4,169,0,11,44,7,62,66,88,66,11,231,7,0,7,238
12/14/2011,ALB,NY,AEA,EN,Combined TRACON& Tower with Radar,65,77,22,5,169,0,7,19,9,35,65,84,41,14,204,18,0,18,222
12/15/2011,ALB,NY,AEA,EN,Combined TRACON& Tower with Radar,69,86,14,4,173,0,1,2,4,7,69,87,16,8,180,0,0,0,180
12/16/2011,ALB,NY,AEA,EN,Combined TRACON& Tower with Radar,68,72,15,17,172,0,5,6,3,14,68,77,21,20,186,5,55,60,246
12/17/2011,ALB,NY,AEA,EN,Combined TRACON& Tower with Radar,67,45,9,0,121,0,7,14,0,21,67,52,23,0,142,13,34,47,189
12/18/2011,ALB,NY,AEA,EN,Combined TRACON& Tower with Radar,60,48,5,0,113,0,13,35,1,49,60,61,40,1,162,18,0,18,180
12/19/2011,ALB,NY,AEA,EN,Combined TRACON& Tower with Radar,65,71,7,4,147,0,5,19,2,26,65,76,26,6,173,8,0,8,181
12/20/2011,ALB,NY,AEA,EN,Combined TRACON& Tower with Radar,71,67,14,5,157,0,15,21,6,42,71,82,35,11,199,8,1,9,208
12/21/2011,ALB,NY,AEA,EN,Combined TRACON& Tower with Radar,71,86,13,0,170,0,0,0,0,0,71,86,13,0,170,2,0,2,172
12/22/2011,ALB,NY,AEA,EN,Combined TRACON& Tower with Radar,70,87,11,1,169,0,1,22,7,30,70,88,33,8,199,2,0,2,201
12/23/2011,ALB,NY,AEA,EN,Combined TRACON& Tower with Radar,69,81,14,0,164,0,1,5,0,6,69,82,19,0,170,0,0,0,170
12/24/2011,ALB,NY,AEA,EN,Combined TRACON& Tower with Radar,55,42,8,0,105,0,10,14,0,24,55,52,22,0,129,6,0,6,135
12/25/2011,ALB,NY,AEA,EN,Combined TRACON& Tower with Radar,50,47,4,0,101,0,1,3,0,4,50,48,7,0,105,0,0,0,105
12/26/2011,ALB,NY,AEA,EN,Combined TRACON& Tower with Radar,60,63,3,0,126,0,12,15,0,27,60,75,18,0,153,20,0,20,173
12/27/2011,ALB,NY,AEA,EN,Combined TRACON& Tower with Radar,69,62,14,1,146,1,7,8,1,17,70,69,22,2,163,2,0,2,165
12/28/2011,ALB,NY,AEA,EN,Combined TRACON& Tower with Radar,74,88,7,3,172,0,0,2,2,4,74,88,9,5,176,2,0,2,178
12/29/2011,ALB,NY,AEA,EN,Combined TRACON& Tower with Radar,67,62,14,10,153,0,18,30,4,52,67,80,44,14,205,12,3,15,220
12/30/2011,ALB,NY,AEA,EN,Combined TRACON& Tower with Radar,69,75,13,4,161,0,4,6,2,12,69,79,19,6,173,28,0,28,201
12/31/2011,ALB,NY,AEA,EN,Combined TRACON& Tower with Radar,52,48,12,0,112,0,0,2,0,2,52,48,14,0,114,0,0,0,114
01/01/2012,ALB,NY,AEA,EN,Combined TRACON& Tower with Radar,53,52,9,0,114,0,4,12,0,16,53,56,21,0,130,0,0,0,130
01/02/2012,ALB,NY,AEA,EN,Combined TRACON& Tower with Radar,56,68,15,0,139,0,3,8,1,12,56,71,23,1,151,2,0,2,153
01/03/2012,ALB,NY,AEA,EN,Combined TRACON& Tower with Radar,57,59,6,2,124,0,9,9,2,20,57,68,15,4,144,2,0,2,146
01/04/2012,ALB,NY,AEA,EN,Combined TRACON& Tower with Radar,59,73,17,2,151,0,14,22,14,50,59,87,39,16,201,4,0,4,205
01/05/2012,ALB,NY,AEA,EN,Combined TRACON& Tower with Radar,58,72,10,3,143,0,4,7,9,20,58,76,17,12,163,0,0,0,163
01/06/2012,ALB,NY,AEA,EN,Combined TRACON& Tower with Radar,61,67,18,12,158,0,9,25,4,38,61,76,43,16,196,34,10,44,240
01/07/2012,ALB,NY,AEA,EN,Combined TRACON& Tower with Radar,49,37,20,1,107,0,9,33,0,42,49,46,53,1,149,1,0,1,150
01/08/2012,ALB,NY,AEA,EN,Combined TRACON& Tower with Radar,51,48,2,1,102,0,10,22,0,32,51,58,24,1,134,21,0,21,155
01/09/2012,ALB,NY,AEA,EN,Combined TRACON& Tower with Radar,60,64,13,4,141,0,14,34,4,52,60,78,47,8,193,28,4,32,225
01/10/2012,ALB,NY,AEA,EN,Combined TRACON& Tower with Radar,60,84,8,6,158,0,2,14,6,22,60,86,22,12,180,16,6,22,202
01/11/2012,ALB,NY,AEA,EN,Combined TRACON& Tower with Radar,61,71,8,6,146,0,14,26,16,56,61,85,34,22,202,18,6,24,226
01/12/2012,ALB,NY,AEA,EN,Combined TRACON& Tower with Radar,60,62,8,2,132,0,0,0,0,0,60,62,8,2,132,0,0,0,132
01/13/2012,ALB,NY,AEA,EN,Combined TRACON& Tower with Radar,62,57,8,0,127,0,3,7,1,11,62,60,15,1,138,0,0,0,138
01/14/2012,ALB,NY,AEA,EN,Combined TRACON& Tower with Radar,52,42,15,0,109,0,7,10,0,17,52,49,25,0,126,16,0,16,142
01/15/2012,ALB,NY,AEA,EN,Combined TRACON& Tower with Radar,51,49,9,0,109,0,12,36,0,48,51,61,45,0,157,3,0,3,160
01/16/2012,ALB,NY,AEA,EN,Combined TRACON& Tower with Radar,59,65,8,0,132,0,16,21,0,37,59,81,29,0,169,9,0,9,178
01/17/2012,ALB,NY,AEA,EN,Combined TRACON& Tower with Radar,66,73,19,20,178,0,0,2,0,2,66,73,21,20,180,4,20,24,204
01/18/2012,ALB,NY,AEA,EN,Combined TRACON& Tower with Radar,61,67,30,5,163,0,12,4,10,26,61,79,34,15,189,11,6,17,206
01/19/2012,ALB,NY,AEA,EN,Combined TRACON& Tower with Radar,64,61,13,10,148,0,9,19,16,44,64,70,32,26,192,15,4,19,211
01/20/2012,ALB,NY,AEA,EN,Combined TRACON& Tower with Radar,56,64,14,1,135,0,15,9,7,31,56,79,23,8,166,12,2,14,180
01/21/2012,ALB,NY,AEA,EN,Combined TRACON& Tower with Radar,51,44,4,0,99,0,4,4,0,8,51,48,8,0,107,4,1,5,112
01/22/2012,ALB,NY,AEA,EN,Combined TRACON& Tower with Radar,52,45,5,0,102,0,12,31,0,43,52,57,36,0,145,5,0,5,150
01/23/2012,ALB,NY,AEA,EN,Combined TRACON& Tower with Radar,56,68,8,4,136,0,0,2,0,2,56,68,10,4,138,0,0,0,138
01/24/2012,ALB,NY,AEA,EN,Combined TRACON& Tower with Radar,58,79,22,1,160,0,1,14,5,20,58,80,36,6,180,22,2,24,204
01/25/2012,ALB,NY,AEA,EN,Combined TRACON& Tower with Radar,64,86,14,1,165,0,1,10,21,32,64,87,24,22,197,12,0,12,209
01/26/2012,ALB,NY,AEA,EN,Combined TRACON& Tower with Radar,60,81,18,2,161,0,1,7,2,10,60,82,25,4,171,0,0,0,171
01/27/2012,ALB,NY,AEA,EN,Combined TRACON& Tower with Radar,70,69,14,2,155,0,2,0,0,2,70,71,14,2,157,10,2,12,169
01/28/2012,ALB,NY,AEA,EN,Combined TRACON& Tower with Radar,49,41,13,2,105,0,13,35,8,56,49,54,48,10,161,19,14,33,194
01/29/2012,ALB,NY,AEA,EN,Combined TRACON& Tower with Radar,51,54,10,1,116,0,6,27,7,40,51,60,37,8,156,22,0,22,178
01/30/2012,ALB,NY,AEA,EN,Combined TRACON& Tower with Radar,58,68,13,12,151,0,5,11,5,21,58,73,24,17,172,0,6,6,178
01/31/2012,ALB,NY,AEA,EN,Combined TRACON& Tower with Radar,59,75,23,1,158,0,6,27,12,45,59,81,50,13,203,14,0,14,217
02/01/2012,ALB,NY,AEA,EN,Combined TRACON& Tower with Radar,65,79,14,3,161,2,2,5,11,20,67,81,19,14,181,29,10,39,220
02/02/2012,ALB,NY,AEA,EN,Combined TRACON& Tower with Radar,61,75,11,4,151,0,2,10,1,13,61,77,21,5,164,8,0,8,172
02/03/2012,ALB,NY,AEA,EN,Combined TRACON& Tower with Radar,63,72,10,1,146,0,9,28,3,40,63,81,38,4,186,14,0,14,200
02/04/2012,ALB,NY,AEA,EN,Combined TRACON& Tower with Radar,48,39,8,2,97,0,12,29,1,42,48,51,37,3,139,18,2,20,159
02/05/2012,ALB,NY,AEA,EN,Combined TRACON& Tower with Radar,51,47,25,0,123,0,12,43,1,56,51,59,68,1,179,12,0,12,191
02/06/2012,ALB,NY,AEA,EN,Combined TRACON& Tower with Radar,56,61,15,6,138,0,15,7,4,26,56,76,22,10,164,25,0,25,189
02/07/2012,ALB,NY,AEA,EN,Combined TRACON& Tower with Radar,59,73,19,4,155,0,7,15,13,35,59,80,34,17,190,39,4,43,233
02/08/2012,ALB,NY,AEA,EN,Combined TRACON& Tower with Radar,61,64,21,12,158,0,20,29,20,69,61,84,50,32,227,22,8,30,257
02/09/2012,ALB,NY,AEA,EN,Combined TRACON& Tower with Radar,63,67,14,7,151,0,19,31,9,59,63,86,45,16,210,72,0,72,282
02/10/2012,ALB,NY,AEA,EN,Combined TRACON& Tower with Radar,64,65,14,2,145,0,14,20,2,36,64,79,34,4,181,8,4,12,193
02/11/2012,ALB,NY,AEA,EN,Combined TRACON& Tower with Radar,51,50,13,0,114,0,0,0,0,0,51,50,13,0,114,0,0,0,114
02/12/2012,ALB,NY,AEA,EN,Combined TRACON& Tower with Radar,58,63,13,4,138,0,4,19,2,25,58,67,32,6,163,2,0,2,165
02/13/2012,ALB,NY,AEA,EN,Combined TRACON& Tower with Radar,63,64,15,2,144,0,12,8,4,24,63,76,23,6,168,22,2,24,192
02/14/2012,ALB,NY,AEA,EN,Combined TRACON& Tower with Radar,65,75,8,4,152,0,6,16,4,26,65,81,24,8,178,19,0,19,197
02/15/2012,ALB,NY,AEA,EN,Combined TRACON& Tower with Radar,67,81,23,10,181,0,1,16,9,26,67,82,39,19,207,29,8,37,244
02/16/2012,ALB,NY,AEA,EN,Combined TRACON& Tower with Radar,71,84,25,10,190,0,6,2,2,10,71,90,27,12,200,10,2,12,212
02/17/2012,ALB,NY,AEA,EN,Combined TRACON& Tower with Radar,66,87,22,0,175,0,4,17,3,24,66,91,39,3,199,4,4,8,207
02/18/2012,ALB,NY,AEA,EN,Combined TRACON& Tower with Radar,56,57,24,0,137,0,5,15,0,20,56,62,39,0,157,24,0,24,181
02/19/2012,ALB,NY,AEA,EN,Combined TRACON& Tower with Radar,62,43,17,0,122,0,16,30,0,46,62,59,47,0,168,30,0,30,198
02/20/2012,ALB,NY,AEA,EN,Combined TRACON& Tower with Radar,66,53,13,0,132,0,21,24,0,45,66,74,37,0,177,36,0,36,213
02/21/2012,ALB,NY,AEA,EN,Combined TRACON& Tower with Radar,67,66,14,19,166,0,18,21,26,65,67,84,35,45,231,12,10,22,253
02/22/2012,ALB,NY,AEA,EN,Combined TRACON& Tower with Radar,67,78,10,6,161,0,4,14,17,35,67,82,24,23,196,17,26,43,239
02/23/2012,ALB,NY,AEA,EN,Combined TRACON& Tower with Radar,68,87,29,2,186,0,4,9,4,17,68,91,38,6,203,2,0,2,205
02/24/2012,ALB,NY,AEA,EN,Combined TRACON& Tower with Radar,67,73,10,1,151,0,0,0,2,2,67,73,10,3,153,2,0,2,155
02/25/2012,ALB,NY,AEA,EN,Combined TRACON& Tower with Radar,59,36,16,1,112,0,0,5,0,5,59,36,21,1,117,28,7,35,152
02/26/2012,ALB,NY,AEA,EN,Combined TRACON& Tower with Radar,64,51,6,6,127,0,10,32,27,69,64,61,38,33,196,16,46,62,258
02/27/2012,ALB,NY,AEA,EN,Combined TRACON& Tower with Radar,67,57,12,0,136,0,15,22,2,39,67,72,34,2,175,4,0,4,179
02/28/2012,ALB,NY,AEA,EN,Combined TRACON& Tower with Radar,67,69,10,4,150,0,13,15,8,36,67,82,25,12,186,17,0,17,203
02/29/2012,ALB,NY,AEA,EN,Combined TRACON& Tower with Radar,75,56,11,3,145,0,0,4,3,7,75,56,15,6,152,0,0,0,152
03/01/2012,ALB,NY,AEA,EN,Combined TRACON& Tower with Radar,73,67,1,0,141,0,0,0,0,0,73,67,1,0,141,0,0,0,141
03/02/2012,ALB,NY,AEA,EN,Combined TRACON& Tower with Radar,70,88,14,2,174,0,0,9,0,9,70,88,23,2,183,2,0,2,185
03/03/2012,ALB,NY,AEA,EN,Combined TRACON& Tower with Radar,54,44,6,1,105,0,2,5,0,7,54,46,11,1,112,0,0,0,112
03/04/2012,ALB,NY,AEA,EN,Combined TRACON& Tower with Radar,61,59,19,1,140,0,1,35,1,37,61,60,54,2,177,25,0,25,202
03/05/2012,ALB,NY,AEA,EN,Combined TRACON& Tower with Radar,67,59,20,5,151,0,15,15,1,31,67,74,35,6,182,16,0,16,198
03/06/2012,ALB,NY,AEA,EN,Combined TRACON& Tower with Radar,69,63,20,6,158,0,20,39,3,62,69,83,59,9,220,25,2,27,247
03/07/2012,ALB,NY,AEA,EN,Combined TRACON& Tower with Radar,70,55,15,4,144,0,24,37,20,81,70,79,52,24,225,16,0,16,241
03/08/2012,ALB,NY,AEA,EN,Combined TRACON& Tower with Radar,71,70,18,3,162,0,9,7,9,25,71,79,25,12,187,13,0,13,200
03/09/2012,ALB,NY,AEA,EN,Combined TRACON& Tower with Radar,70,72,14,7,163,0,8,10,3,21,70,80,24,10,184,16,0,16,200
03/10/2012,ALB,NY,AEA,EN,Combined TRACON& Tower with Radar,59,42,19,0,120,0,11,24,21,56,59,53,43,21,176,24,0,24,200
03/11/2012,ALB,NY,AEA,EN,Combined TRACON& Tower with Radar,63,48,12,0,123,0,17,45,6,68,63,65,57,6,191,44,0,44,235
03/12/2012,ALB,NY,AEA,EN,Combined TRACON& Tower with Radar,69,53,8,18,148,0,24,12,2,38,69,77,20,20,186,2,18,20,206
03/13/2012,ALB,NY,AEA,EN,Combined TRACON& Tower with Radar,74,71,16,10,171,0,7,15,6,28,74,78,31,16,199,40,2,42,241
03/14/2012,ALB,NY,AEA,EN,Combined TRACON& Tower with Radar,72,73,18,5,168,0,7,25,17,49,72,80,43,22,217,54,28,82,299
03/15/2012,ALB,NY,AEA,EN,Combined TRACON& Tower with Radar,74,77,10,2,163,0,6,11,4,21,74,83,21,6,184,19,0,19,203
03/16/2012,ALB,NY,AEA,EN,Combined TRACON& Tower with Radar,72,79,30,2,183,0,0,0,0,0,72,79,30,2,183,12,0,12,195
03/17/2012,ALB,NY,AEA,EN,Combined TRACON& Tower with Radar,62,42,29,0,133,0,14,28,0,42,62,56,57,0,175,29,0,29,204
03/18/2012,ALB,NY,AEA,EN,Combined TRACON& Tower with Radar,66,48,24,0,138,0,14,27,0,41,66,62,51,0,179,21,0,21,200
03/19/2012,ALB,NY,AEA,EN,Combined TRACON& Tower with Radar,70,63,18,6,157,0,14,14,0,28,70,77,32,6,185,15,0,15,200
03/20/2012,ALB,NY,AEA,EN,Combined TRACON& Tower with Radar,76,74,17,3,170,1,23,23,13,60,77,97,40,16,230,26,0,26,256
03/21/2012,ALB,NY,AEA,EN,Combined TRACON& Tower with Radar,73,58,25,10,166,0,17,28,13,58,73,75,53,23,224,26,4,30,254
03/22/2012,ALB,NY,AEA,EN,Combined TRACON& Tower with Radar,73,63,21,8,165,0,20,28,14,62,73,83,49,22,227,66,2,68,295
03/23/2012,ALB,NY,AEA,EN,Combined TRACON& Tower with Radar,71,57,19,0,147,0,19,17,1,37,71,76,36,1,184,9,0,9,193
03/24/2012,ALB,NY,AEA,EN,Combined TRACON& Tower with Radar,58,41,20,0,119,0,14,15,1,30,58,55,35,1,149,36,2,38,187
03/25/2012,ALB,NY,AEA,EN,Combined TRACON& Tower with Radar,64,65,21,0,150,0,0,8,0,8,64,65,29,0,158,0,0,0,158
03/26/2012,ALB,NY,AEA,EN,Combined TRACON& Tower with Radar,68,56,13,3,140,0,15,7,2,24,68,71,20,5,164,5,0,5,169
03/27/2012,ALB,NY,AEA,EN,Combined TRACON& Tower with Radar,75,58,11,5,149,0,22,28,6,56,75,80,39,11,205,23,3,26,231
03/28/2012,ALB,NY,AEA,EN,Combined TRACON& Tower with Radar,75,77,14,6,172,0,4,18,10,32,75,81,32,16,204,31,46,77,281
03/29/2012,ALB,NY,AEA,EN,Combined TRACON& Tower with Radar,70,85,18,9,182,0,2,3,20,25,70,87,21,29,207,6,5,11,218
03/30/2012,ALB,NY,AEA,EN,Combined TRACON& Tower with Radar,75,67,13,4,159,0,20,38,2,60,75,87,51,6,219,39,0,39,258
03/31/2012,ALB,NY,AEA,EN,Combined TRACON& Tower with Radar,59,56,11,0,126,0,0,15,0,15,59,56,26,0,141,11,0,11,152
04/01/2012,ALB,NY,AEA,EN,Combined TRACON& Tower with Radar,61,64,17,2,144,0,0,14,2,16,61,64,31,4,160,14,4,18,178
04/02/2012,ALB,NY,AEA,EN,Combined TRACON& Tower with Radar,66,64,13,6,149,0,12,17,1,30,66,76,30,7,179,31,0,31,210
04/03/2012,ALB,NY,AEA,EN,Combined TRACON& Tower with Radar,72,63,26,5,166,0,21,32,10,63,72,84,58,15,229,16,0,16,245
04/04/2012,ALB,NY,AEA,EN,Combined TRACON& Tower with Radar,72,73,18,12,175,0,9,18,13,40,72,82,36,25,215,14,16,30,245
04/05/2012,ALB,NY,AEA,EN,Combined TRACON& Tower with Radar,72,80,28,4,184,0,4,21,9,34,72,84,49,13,218,8,0,8,226
04/06/2012,ALB,NY,AEA,EN,Combined TRACON& Tower with Radar,74,65,10,3,152,0,17,28,4,49,74,82,38,7,201,34,4,38,239
04/07/2012,ALB,NY,AEA,EN,Combined TRACON& Tower with Radar,59,36,16,0,111,0,17,31,2,50,59,53,47,2,161,17,0,17,178
04/08/2012,ALB,NY,AEA,EN,Combined TRACON& Tower with Radar,63,47,11,0,121,0,15,27,0,42,63,62,38,0,163,7,0,7,170
04/09/2012,ALB,NY,AEA,EN,Combined TRACON& Tower with Radar,67,76,14,2,159,0,4,9,0,13,67,80,23,2,172,19,0,19,191
04/10/2012,ALB,NY,AEA,EN,Combined TRACON& Tower with Radar,66,78,23,2,169,0,5,12,8,25,66,83,35,10,194,8,5,13,207
04/11/2012,ALB,NY,AEA,EN,Combined TRACON& Tower with Radar,68,74,14,2,158,0,5,5,2,12,68,79,19,4,170,11,1,12,182
04/12/2012,ALB,NY,AEA,EN,Combined TRACON& Tower with Radar,73,82,23,4,182,0,5,19,9,33,73,87,42,13,215,10,0,10,225
04/13/2012,ALB,NY,AEA,EN,Combined TRACON& Tower with Radar,68,64,14,2,148,0,22,38,0,60,68,86,52,2,208,22,0,22,230
04/14/2012,ALB,NY,AEA,EN,Combined TRACON& Tower with Radar,60,33,9,0,102,0,18,44,2,64,60,51,53,2,166,19,0,19,185
04/15/2012,ALB,NY,AEA,EN,Combined TRACON& Tower with Radar,58,67,16,2,143,0,2,28,2,32,58,69,44,4,175,28,0,28,203
04/16/2012,ALB,NY,AEA,EN,Combined TRACON& Tower with Radar,68,62,13,13,156,0,11,29,2,42,68,73,42,15,198,8,4,12,210
04/17/2012,ALB,NY,AEA,EN,Combined TRACON& Tower with Radar,69,63,23,2,157,0,16,24,1,41,69,79,47,3,198,10,0,10,208
04/18/2012,ALB,NY,AEA,EN,Combined TRACON& Tower with Radar,68,65,27,2,162,0,19,26,4,49,68,84,53,6,211,33,0,33,244
04/19/2012,ALB,NY,AEA,EN,Combined TRACON& Tower with Radar,70,69,12,5,156,0,18,37,8,63,70,87,49,13,219,33,10,43,262
04/20/2012,ALB,NY,AEA,EN,Combined TRACON& Tower with Radar,69,64,16,3,152,0,19,26,4,49,69,83,42,7,201,17,0,17,218
04/21/2012,ALB,NY,AEA,EN,Combined TRACON& Tower with Radar,59,42,11,9,121,0,0,8,5,13,59,42,19,14,134,0,0,0,134
04/22/2012,ALB,NY,AEA,EN,Combined TRACON& Tower with Radar,58,62,25,2,147,0,0,1,0,1,58,62,26,2,148,40,0,40,188
04/23/2012,ALB,NY,AEA,EN,Combined TRACON& Tower with Radar,70,75,23,0,168,0,1,5,0,6,70,76,28,0,174,10,0,10,184
04/24/2012,ALB,NY,AEA,EN,Combined TRACON& Tower with Radar,69,81,7,2,159,0,2,11,1,14,69,83,18,3,173,14,0,14,187
04/25/2012,ALB,NY,AEA,EN,Combined TRACON& Tower with Radar,68,78,31,6,183,0,5,21,9,35,68,83,52,15,218,14,1,15,233
04/26/2012,ALB,NY,AEA,EN,Combined TRACON& Tower with Radar,70,87,11,14,182,0,9,9,6,24,70,96,20,20,206,9,8,17,223
04/27/2012,ALB,NY,AEA,EN,Combined TRACON& Tower with Radar,69,90,15,0,174,0,2,2,2,6,69,92,17,2,180,7,0,7,187
04/28/2012,ALB,NY,AEA,EN,Combined TRACON& Tower with Radar,59,42,11,0,112,0,8,44,1,53,59,50,55,1,165,27,0,27,192
04/29/2012,ALB,NY,AEA,EN,Combined TRACON& Tower with Radar,59,55,16,0,130,0,13,19,0,32,59,68,35,0,162,6,0,6,168
04/30/2012,ALB,NY,AEA,EN,Combined TRACON& Tower with Radar,64,64,19,1,148,0,21,20,4,45,64,85,39,5,193,6,0,6,199
05/01/2012,ALB,NY,AEA,EN,Combined TRACON& Tower with Radar,74,84,23,5,186,0,0,3,2,5,74,84,26,7,191,10,0,10,201
05/02/2012,ALB,NY,AEA,EN,Combined TRACON& Tower with Radar,67,84,23,15,189,0,4,13,9,26,67,88,36,24,215,20,0,20,235
05/03/2012,ALB,NY,AEA,EN,Combined TRACON& Tower with Radar,66,82,22,8,178,0,0,4,4,8,66,82,26,12,186,15,0,15,201
05/04/2012,ALB,NY,AEA,EN,Combined TRACON& Tower with Radar,73,84,25,6,188,0,1,7,2,10,73,85,32,8,198,12,0,12,210
05/05/2012,ALB,NY,AEA,EN,Combined TRACON& Tower with Radar,60,43,26,4,133,0,4,22,3,29,60,47,48,7,162,18,6,24,186
05/06/2012,ALB,NY,AEA,EN,Combined TRACON& Tower with Radar,61,49,35,0,145,0,12,41,0,53,61,61,76,0,198,22,0,22,220
05/07/2012,ALB,NY,AEA,EN,Combined TRACON& Tower with Radar,64,59,22,2,147,0,21,36,0,57,64,80,58,2,204,4,0,4,208
05/08/2012,ALB,NY,AEA,EN,Combined TRACON& Tower with Radar,73,82,13,3,171,0,0,3,0,3,73,82,16,3,174,4,0,4,178
05/09/2012,ALB,NY,AEA,EN,Combined TRACON& Tower with Radar,71,91,38,8,208,0,0,5,2,7,71,91,43,10,215,16,4,20,235
05/10/2012,ALB,NY,AEA,EN,Combined TRACON& Tower with Radar,71,84,27,2,184,0,2,25,11,38,71,86,52,13,222,26,4,30,252
05/11/2012,ALB,NY,AEA,EN,Combined TRACON& Tower with Radar,68,68,27,0,163,0,14,19,6,39,68,82,46,6,202,8,0,8,210
05/12/2012,ALB,NY,AEA,EN,Combined TRACON& Tower with Radar,60,33,10,0,103,0,18,41,0,59,60,51,51,0,162,51,0,51,213
05/13/2012,ALB,NY,AEA,EN,Combined TRACON& Tower with Radar,61,56,18,0,135,0,5,25,3,33,61,61,43,3,168,40,0,40,208
05/14/2012,ALB,NY,AEA,EN,Combined TRACON& Tower with Radar,67,75,26,8,176,0,1,11,5,17,67,76,37,13,193,0,0,0,193
05/15/2012,ALB,NY,AEA,EN,Combined TRACON& Tower with Radar,69,82,35,2,188,0,0,0,2,2,69,82,35,4,190,0,0,0,190
05/16/2012,ALB,NY,AEA,EN,Combined TRACON& Tower with Radar,71,83,14,9,177,0,7,10,9,26,71,90,24,18,203,39,12,51,254
05/17/2012,ALB,NY,AEA,EN,Combined TRACON& Tower with Radar,69,63,32,0,164,0,21,51,8,80,69,84,83,8,244,71,4,75,319
05/18/2012,ALB,NY,AEA,EN,Combined TRACON& Tower with Radar,71,66,22,2,161,0,17,37,3,57,71,83,59,5,218,14,6,20,238
05/19/2012,ALB,NY,AEA,EN,Combined TRACON& Tower with Radar,60,36,9,0,105,0,16,42,8,66,60,52,51,8,171,16,0,16,187
05/20/2012,ALB,NY,AEA,EN,Combined TRACON& Tower with Radar,65,39,14,0,118,0,17,57,4,78,65,56,71,4,196,23,0,23,219
05/21/2012,ALB,NY,AEA,EN,Combined TRACON& Tower with Radar,67,76,17,6,166,0,5,12,2,19,67,81,29,8,185,22,0,22,207
05/22/2012,ALB,NY,AEA,EN,Combined TRACON& Tower with Radar,72,74,24,8,178,0,1,1,2,4,72,75,25,10,182,20,8,28,210
05/23/2012,ALB,NY,AEA,EN,Combined TRACON& Tower with Radar,74,78,22,16,190,0,6,8,16,30,74,84,30,32,220,4,29,33,253
05/24/2012,ALB,NY,AEA,EN,Combined TRACON& Tower with Radar,70,78,12,6,166,0,0,12,10,22,70,78,24,16,188,29,0,29,217
05/25/2012,ALB,NY,AEA,EN,Combined TRACON& Tower with Radar,70,84,30,3,187,0,0,11,0,11,70,84,41,3,198,45,0,45,243
05/26/2012,ALB,NY,AEA,EN,Combined TRACON& Tower with Radar,59,38,27,0,124,0,11,25,0,36,59,49,52,0,160,0,0,0,160
05/27/2012,ALB,NY,AEA,EN,Combined TRACON& Tower with Radar,56,36,12,2,106,0,12,41,0,53,56,48,53,2,159,34,6,40,199
05/28/2012,ALB,NY,AEA,EN,Combined TRACON& Tower with Radar,61,49,20,0,130,0,11,23,0,34,61,60,43,0,164,18,2,20,184
05/29/2012,ALB,NY,AEA,EN,Combined TRACON& Tower with Radar,67,59,17,6,149,0,5,3,2,10,67,64,20,8,159,2,0,2,161
05/30/2012,ALB,NY,AEA,EN,Combined TRACON& Tower with Radar,77,63,12,16,168,0,14,23,6,43,77,77,35,22,211,28,2,30,241
05/31/2012,ALB,NY,AEA,EN,Combined TRACON& Tower with Radar,72,68,17,5,162,0,13,40,7,60,72,81,57,12,222,42,0,42,264
06/01/2012,ALB,NY,AEA,EN,Combined TRACON& Tower with Radar,69,64,14,4,151,0,13,20,4,37,69,77,34,8,188,16,34,50,238
06/02/2012,ALB,NY,AEA,EN,Combined TRACON& Tower with Radar,59,52,19,0,130,0,0,0,2,2,59,52,19,2,132,0,8,8,140
06/03/2012,ALB,NY,AEA,EN,Combined TRACON& Tower with Radar,61,64,22,0,147,0,0,23,0,23,61,64,45,0,170,0,0,0,170
06/04/2012,ALB,NY,AEA,EN,Combined TRACON& Tower with Radar,67,71,11,7,156,0,1,0,5,6,67,72,11,12,162,0,8,8,170
06/05/2012,ALB,NY,AEA,EN,Combined TRACON& Tower with Radar,73,72,25,4,174,0,3,21,15,39,73,75,46,19,213,4,0,4,217
06/06/2012,ALB,NY,AEA,EN,Combined TRACON& Tower with Radar,71,71,17,2,161,0,8,17,4,29,71,79,34,6,190,6,0,6,196
06/07/2012,ALB,NY,AEA,EN,Combined TRACON& Tower with Radar,69,78,17,3,167,0,6,19,7,32,69,84,36,10,199,15,0,15,214
06/08/2012,ALB,NY,AEA,EN,Combined TRACON& Tower with Radar,71,82,15,3,171,0,5,28,1,34,71,87,43,4,205,44,1,45,250
06/09/2012,ALB,NY,AEA,EN,Combined TRACON& Tower with Radar,57,52,13,1,123,0,7,23,0,30,57,59,36,1,153,13,0,13,166
06/10/2012,ALB,NY,AEA,EN,Combined TRACON& Tower with Radar,55,63,31,2,151,0,12,39,3,54,55,75,70,5,205,24,2,26,231
06/11/2012,ALB,NY,AEA,EN,Combined TRACON& Tower with Radar,67,63,10,2,142,0,20,15,4,39,67,83,25,6,181,8,0,8,189
06/12/2012,ALB,NY,AEA,EN,Combined TRACON& Tower with Radar,70,89,33,18,210,0,0,2,2,4,70,89,35,20,214,32,20,52,266
06/13/2012,ALB,NY,AEA,EN,Combined TRACON& Tower with Radar,68,83,26,8,185,0,6,21,6,33,68,89,47,14,218,8,0,8,226
06/14/2012,ALB,NY,AEA,EN,Combined TRACON& Tower with Radar,69,77,26,14,186,0,11,42,13,66,69,88,68,27,252,49,14,63,315
06/15/2012,ALB,NY,AEA,EN,Combined TRACON& Tower with Radar,72,76,21,1,170,0,13,38,2,53,72,89,59,3,223,34,0,34,257
06/16/2012,ALB,NY,AEA,EN,Combined TRACON& Tower with Radar,56,41,11,0,108,0,13,61,0,74,56,54,72,0,182,24,0,24,206
06/17/2012,ALB,NY,AEA,EN,Combined TRACON& Tower with Radar,60,58,16,0,134,0,8,29,0,37,60,66,45,0,171,36,0,36,207
06/18/2012,ALB,NY,AEA,EN,Combined TRACON& Tower with Radar,63,80,12,2,157,0,6,18,2,26,63,86,30,4,183,39,0,39,222
06/19/2012,ALB,NY,AEA,EN,Combined TRACON& Tower with Radar,71,93,26,12,202,0,3,22,3,28,71,96,48,15,230,25,2,27,257
06/20/2012,ALB,NY,AEA,EN,Combined TRACON& Tower with Radar,68,76,18,3,165,0,16,31,9,56,68,92,49,12,221,74,6,80,301
06/21/2012,ALB,NY,AEA,EN,Combined TRACON& Tower with Radar,69,73,20,4,166,0,19,45,6,70,69,92,65,10,236,15,0,15,251
06/22/2012,ALB,NY,AEA,EN,Combined TRACON& Tower with Radar,76,68,15,2,161,0,13,14,0,27,76,81,29,2,188,9,0,9,197
06/23/2012,ALB,NY,AEA,EN,Combined TRACON& Tower with Radar,64,52,13,0,129,0,4,21,0,25,64,56,34,0,154,1,0,1,155
06/24/2012,ALB,NY,AEA,EN,Combined TRACON& Tower with Radar,54,60,8,0,122,0,8,38,1,47,54,68,46,1,169,6,0,6,175
06/25/2012,ALB,NY,AEA,EN,Combined TRACON& Tower with Radar,66,68,23,2,159,0,0,17,1,18,66,68,40,3,177,20,0,20,197
06/26/2012,ALB,NY,AEA,EN,Combined TRACON& Tower with Radar,71,91,36,0,198,0,2,14,10,26,71,93,50,10,224,13,0,13,237
06/27/2012,ALB,NY,AEA,EN,Combined TRACON& Tower with Radar,69,77,30,5,181,0,16,32,9,57,69,93,62,14,238,0,0,0,238
06/28/2012,ALB,NY,AEA,EN,Combined TRACON& Tower with Radar,71,76,49,0,196,0,13,54,0,67,71,89,103,0,263,57,0,57,320
06/29/2012,ALB,NY,AEA,EN,Combined TRACON& Tower with Radar,69,78,23,2,172,0,13,23,2,38,69,91,46,4,210,81,24,105,315
06/30/2012,ALB,NY,AEA,EN,Combined TRACON& Tower with Radar,63,43,12,2,120,0,17,39,0,56,63,60,51,2,176,74,0,74,250
07/01/2012,ALB,NY,AEA,EN,Combined TRACON& Tower with Radar,58,50,24,0,132,0,19,28,0,47,58,69,52,0,179,16,0,16,195
07/02/2012,ALB,NY,AEA,EN,Combined TRACON& Tower with Radar,67,61,16,2,146,0,12,22,0,34,67,73,38,2,180,54,4,58,238
07/03/2012,ALB,NY,AEA,EN,Combined TRACON& Tower with Radar,71,52,15,3,141,0,17,26,0,43,71,69,41,3,184,2,0,2,186
07/04/2012,ALB,NY,AEA,EN,Combined TRACON& Tower with Radar,58,51,13,0,122,0,9,7,0,16,58,60,20,0,138,0,0,0,138
07/05/2012,ALB,NY,AEA,EN,Combined TRACON& Tower with Radar,65,62,22,1,150,0,8,23,4,35,65,70,45,5,185,10,0,10,195
07/06/2012,ALB,NY,AEA,EN,Combined TRACON& Tower with Radar,72,62,9,0,143,0,12,38,1,51,72,74,47,1,194,39,0,39,233
07/07/2012,ALB,NY,AEA,EN,Combined TRACON& Tower with Radar,61,51,8,0,120,0,5,10,1,16,61,56,18,1,136,29,0,29,165
07/08/2012,ALB,NY,AEA,EN,Combined TRACON& Tower with Radar,61,61,18,0,140,0,14,30,0,44,61,75,48,0,184,2,0,2,186
07/09/2012,ALB,NY,AEA,EN,Combined TRACON& Tower with Radar,67,70,9,7,153,0,17,38,1,56,67,87,47,8,209,38,4,42,251
07/10/2012,ALB,NY,AEA,EN,Combined TRACON& Tower with Radar,70,65,12,3,150,0,20,40,4,64,70,85,52,7,214,6,0,6,220
07/11/2012,ALB,NY,AEA,EN,Combined TRACON& Tower with Radar,76,64,22,2,164,0,17,46,11,74,76,81,68,13,238,29,0,29,267
07/12/2012,ALB,NY,AEA,EN,Combined TRACON& Tower with Radar,70,73,12,8,163,0,14,55,13,82,70,87,67,21,245,63,4,67,312
07/13/2012,ALB,NY,AEA,EN,Combined TRACON& Tower with Radar,72,73,20,3,168,0,11,28,4,43,72,84,48,7,211,22,0,22,233
07/14/2012,ALB,NY,AEA,EN,Combined TRACON& Tower with Radar,62,48,24,1,135,0,9,30,2,41,62,57,54,3,176,20,0,20,196
07/15/2012,ALB,NY,AEA,EN,Combined TRACON& Tower with Radar,57,63,15,1,136,0,5,10,0,15,57,68,25,1,151,15,0,15,166
07/16/2012,ALB,NY,AEA,EN,Combined TRACON& Tower with Radar,72,70,20,20,182,0,6,13,3,22,72,76,33,23,204,10,14,24,228
07/17/2012,ALB,NY,AEA,EN,Combined TRACON& Tower with Radar,70,64,20,10,164,0,9,13,7,29,70,73,33,17,193,41,15,56,249
07/18/2012,ALB,NY,AEA,EN,Combined TRACON& Tower with Radar,83,70,36,2,191,0,3,21,12,36,83,73,57,14,227,53,14,67,294
07/19/2012,ALB,NY,AEA,EN,Combined TRACON& Tower with Radar,70,71,31,0,172,0,14,47,17,78,70,85,78,17,250,13,6,19,269
07/20/2012,ALB,NY,AEA,EN,Combined TRACON& Tower with Radar,74,82,29,5,190,0,0,26,4,30,74,82,55,9,220,21,2,23,243
07/21/2012,ALB,NY,AEA,EN,Combined TRACON& Tower with Radar,63,48,19,1,131,0,10,28,1,39,63,58,47,2,170,0,0,0,170
07/22/2012,ALB,NY,AEA,EN,Combined TRACON& Tower with Radar,62,53,19,2,136,0,11,36,1,48,62,64,55,3,184,11,0,11,195
07/23/2012,ALB,NY,AEA,EN,Combined TRACON& Tower with Radar,67,63,19,0,149,0,7,18,4,29,67,70,37,4,178,20,0,20,198
07/24/2012,ALB,NY,AEA,EN,Combined TRACON& Tower with Radar,76,72,22,8,178,0,7,23,5,35,76,79,45,13,213,10,0,10,223
07/25/2012,ALB,NY,AEA,EN,Combined TRACON& Tower with Radar,71,60,28,18,177,0,19,47,11,77,71,79,75,29,254,35,34,69,323
07/26/2012,ALB,NY,AEA,EN,Combined TRACON& Tower with Radar,68,70,17,10,165,0,0,12,5,17,68,70,29,15,182,96,76,172,354
07/27/2012,ALB,NY,AEA,EN,Combined TRACON& Tower with Radar,75,77,24,3,179,0,0,16,5,21,75,77,40,8,200,4,6,10,210
07/28/2012,ALB,NY,AEA,EN,Combined TRACON& Tower with Radar,68,53,10,0,131,0,1,2,0,3,68,54,12,0,134,0,0,0,134
07/29/2012,ALB,NY,AEA,EN,Combined TRACON& Tower with Radar,62,67,37,0,166,0,1,15,0,16,62,68,52,0,182,30,0,30,212
07/30/2012,ALB,NY,AEA,EN,Combined TRACON& Tower with Radar,68,67,25,4,164,0,9,22,1,32,68,76,47,5,196,51,0,51,247
07/31/2012,ALB,NY,AEA,EN,Combined TRACON& Tower with Radar,72,61,22,31,186,0,10,17,6,33,72,71,39,37,219,16,14,30,249
08/01/2012,ALB,NY,AEA,EN,Combined TRACON& Tower with Radar,73,67,19,5,164,0,5,18,1,24,73,72,37,6,188,6,4,10,198
08/02/2012,ALB,NY,AEA,EN,Combined TRACON& Tower with Radar,72,79,18,3,172,0,2,29,8,39,72,81,47,11,211,12,0,12,223
08/03/2012,ALB,NY,AEA,EN,Combined TRACON& Tower with Radar,74,75,24,6,179,0,6,33,3,42,74,81,57,9,221,15,0,15,236
08/04/2012,ALB,NY,AEA,EN,Combined TRACON& Tower with Radar,55,55,17,6,133,0,5,33,2,40,55,60,50,8,173,21,16,37,210
08/05/2012,ALB,NY,AEA,EN,Combined TRACON& Tower with Radar,62,58,30,0,150,0,0,1,0,1,62,58,31,0,151,14,0,14,165
08/06/2012,ALB,NY,AEA,EN,Combined TRACON& Tower with Radar,66,67,33,2,168,0,7,34,9,50,66,74,67,11,218,44,8,52,270
08/07/2012,ALB,NY,AEA,EN,Combined TRACON& Tower with Radar,71,60,24,7,162,0,19,48,4,71,71,79,72,11,233,6,0,6,239
08/08/2012,ALB,NY,AEA,EN,Combined TRACON& Tower with Radar,70,64,16,4,154,0,18,29,6,53,70,82,45,10,207,31,0,31,238
08/09/2012,ALB,NY,AEA,EN,Combined TRACON& Tower with Radar,72,78,29,12,191,0,0,23,4,27,72,78,52,16,218,8,0,8,226
08/10/2012,ALB,NY,AEA,EN,Combined TRACON& Tower with Radar,74,77,22,0,173,0,1,2,0,3,74,78,24,0,176,0,0,0,176
08/11/2012,ALB,NY,AEA,EN,Combined TRACON& Tower with Radar,61,51,25,2,139,0,0,9,3,12,61,51,34,5,151,8,0,8,159
08/12/2012,ALB,NY,AEA,EN,Combined TRACON& Tower with Radar,63,63,27,0,153,0,0,43,1,44,63,63,70,1,197,2,0,2,199
08/13/2012,ALB,NY,AEA,EN,Combined TRACON& Tower with Radar,64,74,22,2,162,0,10,31,6,47,64,84,53,8,209,13,0,13,222
08/14/2012,ALB,NY,AEA,EN,Combined TRACON& Tower with Radar,68,68,18,2,156,0,11,27,5,43,68,79,45,7,199,22,0,22,221
08/15/2012,ALB,NY,AEA,EN,Combined TRACON& Tower with Radar,77,70,26,7,180,0,4,8,13,25,77,74,34,20,205,0,0,0,205
08/16/2012,ALB,NY,AEA,EN,Combined TRACON& Tower with Radar,72,75,35,7,189,0,7,37,17,61,72,82,72,24,250,10,0,10,260
08/17/2012,ALB,NY,AEA,EN,Combined TRACON& Tower with Radar,72,73,19,2,166,0,6,22,11,39,72,79,41,13,205,2,0,2,207
08/18/2012,ALB,NY,AEA,EN,Combined TRACON& Tower with Radar,53,62,21,1,137,0,4,24,2,30,53,66,45,3,167,18,0,18,185
08/19/2012,ALB,NY,AEA,EN,Combined TRACON& Tower with Radar,61,55,23,0,139,0,9,53,0,62,61,64,76,0,201,30,0,30,231
08/20/2012,ALB,NY,AEA,EN,Combined TRACON& Tower with Radar,65,68,26,19,178,0,9,23,11,43,65,77,49,30,221,4,20,24,245
08/21/2012,ALB,NY,AEA,EN,Combined TRACON& Tower with Radar,70,59,11,5,145,0,16,37,8,61,70,75,48,13,206,8,0,8,214
08/22/2012,ALB,NY,AEA,EN,Combined TRACON& Tower with Radar,69,63,19,10,161,0,16,32,18,66,69,79,51,28,227,42,0,42,269
08/23/2012,ALB,NY,AEA,EN,Combined TRACON& Tower with Radar,74,65,18,2,159,0,12,34,24,70,74,77,52,26,229,2,14,16,245
08/24/2012,ALB,NY,AEA,EN,Combined TRACON& Tower with Radar,72,66,20,1,159,0,11,36,3,50,72,77,56,4,209,51,6,57,266
08/25/2012,ALB,NY,AEA,EN,Combined TRACON& Tower with Radar,54,46,12,1,113,0,12,34,0,46,54,58,46,1,159,19,0,19,178
08/26/2012,ALB,NY,AEA,EN,Combined TRACON& Tower with Radar,56,47,20,0,123,0,16,33,0,49,56,63,53,0,172,35,0,35,207
08/27/2012,ALB,NY,AEA,EN,Combined TRACON& Tower with Radar,70,63,14,12,159,0,3,8,3,14,70,66,22,15,173,10,8,18,191
08/28/2012,ALB,NY,AEA,EN,Combined TRACON& Tower with Radar,72,72,26,5,175,0,4,32,12,48,72,76,58,17,223,0,9,9,232
08/29/2012,ALB,NY,AEA,EN,Combined TRACON& Tower with Radar,74,54,35,5,168,0,21,38,14,73,74,75,73,19,241,44,14,58,299
08/30/2012,ALB,NY,AEA,EN,Combined TRACON& Tower with Radar,74,64,16,1,155,0,17,41,9,67,74,81,57,10,222,23,0,23,245
08/31/2012,ALB,NY,AEA,EN,Combined TRACON& Tower with Radar,72,75,32,1,180,0,10,35,1,46,72,85,67,2,226,0,0,0,226
09/01/2012,ALB,NY,AEA,EN,Combined TRACON& Tower with Radar,55,33,13,0,101,0,13,54,1,68,55,46,67,1,169,74,10,84,253
09/02/2012,ALB,NY,AEA,EN,Combined TRACON& Tower with Radar,47,30,11,0,88,0,14,40,3,57,47,44,51,3,145,36,0,36,181
09/03/2012,ALB,NY,AEA,EN,Combined TRACON& Tower with Radar,63,44,25,0,132,0,13,22,0,35,63,57,47,0,167,0,0,0,167
09/04/2012,ALB,NY,AEA,EN,Combined TRACON& Tower with Radar,72,60,22,16,170,0,0,3,2,5,72,60,25,18,175,6,8,14,189
09/05/2012,ALB,NY,AEA,EN,Combined TRACON& Tower with Radar,70,76,24,3,173,0,3,17,13,33,70,79,41,16,206,26,0,26,232
09/06/2012,ALB,NY,AEA,EN,Combined TRACON& Tower with Radar,63,77,34,5,179,0,8,18,13,39,63,85,52,18,218,26,11,37,255
09/07/2012,ALB,NY,AEA,EN,Combined TRACON& Tower with Radar,65,79,22,8,174,0,6,39,12,57,65,85,61,20,231,4,0,4,235
09/08/2012,ALB,NY,AEA,EN,Combined TRACON& Tower with Radar,54,52,9,0,115,0,0,4,0,4,54,52,13,0,119,2,0,2,121
09/09/2012,ALB,NY,AEA,EN,Combined TRACON& Tower with Radar,53,63,26,0,142,0,7,30,1,38,53,70,56,1,180,14,0,14,194
09/10/2012,ALB,NY,AEA,EN,Combined TRACON& Tower with Radar,57,77,17,0,151,0,1,19,2,22,57,78,36,2,173,12,0,12,185
09/11/2012,ALB,NY,AEA,EN,Combined TRACON& Tower with Radar,61,70,9,1,141,0,21,31,9,61,61,91,40,10,202,29,2,31,233
09/12/2012,ALB,NY,AEA,EN,Combined TRACON& Tower with Radar,60,69,15,2,146,0,19,35,11,65,60,88,50,13,211,18,10,28,239
09/13/2012,ALB,NY,AEA,EN,Combined TRACON& Tower with Radar,62,80,29,3,174,0,14,34,10,58,62,94,63,13,232,63,10,73,305
09/14/2012,ALB,NY,AEA,EN,Combined TRACON& Tower with Radar,62,79,21,0,162,0,9,26,8,43,62,88,47,8,205,22,0,22,227
09/15/2012,ALB,NY,AEA,EN,Combined TRACON& Tower with Radar,53,57,27,4,141,0,1,22,0,23,53,58,49,4,164,32,0,32,196
09/16/2012,ALB,NY,AEA,EN,Combined TRACON& Tower with Radar,55,58,18,7,138,0,6,41,1,48,55,64,59,8,186,19,10,29,215
09/17/2012,ALB,NY,AEA,EN,Combined TRACON& Tower with Radar,55,71,14,6,146,0,17,19,4,40,55,88,33,10,186,22,8,30,216
09/18/2012,ALB,NY,AEA,EN,Combined TRACON& Tower with Radar,55,68,27,8,158,0,0,0,0,0,55,68,27,8,158,26,6,32,190
09/19/2012,ALB,NY,AEA,EN,Combined TRACON& Tower with Radar,64,76,26,20,186,0,13,44,2,59,64,89,70,22,245,42,8,50,295
09/20/2012,ALB,NY,AEA,EN,Combined TRACON& Tower with Radar,61,84,15,5,165,0,10,34,6,50,61,94,49,11,215,8,4,12,227
09/21/2012,ALB,NY,AEA,EN,Combined TRACON& Tower with Radar,65,87,30,3,185,0,5,33,1,39,65,92,63,4,224,41,4,45,269
09/22/2012,ALB,NY,AEA,EN,Combined TRACON& Tower with Radar,52,61,20,0,133,0,0,0,0,0,52,61,20,0,133,5,0,5,138
09/23/2012,ALB,NY,AEA,EN,Combined TRACON& Tower with Radar,57,69,28,0,154,0,5,31,0,36,57,74,59,0,190,4,0,4,194
09/24/2012,ALB,NY,AEA,EN,Combined TRACON& Tower with Radar,57,77,24,4,162,0,8,20,2,30,57,85,44,6,192,11,0,11,203
09/25/2012,ALB,NY,AEA,EN,Combined TRACON& Tower with Radar,60,72,15,0,147,0,15,26,2,43,60,87,41,2,190,43,8,51,241
09/26/2012,ALB,NY,AEA,EN,Combined TRACON& Tower with Radar,63,86,28,3,180,0,3,3,3,9,63,89,31,6,189,20,0,20,209
09/27/2012,ALB,NY,AEA,EN,Combined TRACON& Tower with Radar,62,90,31,0,183,0,10,19,0,29,62,100,50,0,212,19,0,19,231
09/28/2012,ALB,NY,AEA,EN,Combined TRACON& Tower with Radar,66,94,31,23,214,0,0,0,0,0,66,94,31,23,214,3,10,13,227
09/29/2012,ALB,NY,AEA,EN,Combined TRACON& Tower with Radar,50,66,18,0,134,0,0,2,0,2,50,66,20,0,136,0,0,0,136
09/30/2012,ALB,NY,AEA,EN,Combined TRACON& Tower with Radar,52,75,18,0,145,0,0,1,0,1,52,75,19,0,146,0,0,0,146
10/01/2012,ALB,NY,AEA,EN,Combined TRACON& Tower with Radar,56,80,22,6,164,0,4,5,2,11,56,84,27,8,175,12,14,26,201
10/02/2012,ALB,NY,AEA,EN,Combined TRACON& Tower with Radar,58,79,22,9,168,0,5,6,6,17,58,84,28,15,185,15,0,15,200
10/03/2012,ALB,NY,AEA,EN,Combined TRACON& Tower with Radar,60,76,13,2,151,0,0,0,0,0,60,76,13,2,151,0,0,0,151
10/04/2012,ALB,NY,AEA,EN,Combined TRACON& Tower with Radar,66,90,39,10,205,0,1,0,0,1,66,91,39,10,206,2,0,2,208
10/05/2012,ALB,NY,AEA,EN,Combined TRACON& Tower with Radar,61,85,25,6,177,0,4,34,4,42,61,89,59,10,219,7,6,13,232
10/06/2012,ALB,NY,AEA,EN,Combined TRACON& Tower with Radar,51,63,11,0,125,0,3,5,0,8,51,66,16,0,133,11,0,11,144
10/07/2012,ALB,NY,AEA,EN,Combined TRACON& Tower with Radar,51,78,11,0,140,0,4,17,0,21,51,82,28,0,161,11,0,11,172
10/08/2012,ALB,NY,AEA,EN,Combined TRACON& Tower with Radar,56,82,29,0,167,0,4,32,1,37,56,86,61,1,204,36,2,38,242
10/09/2012,ALB,NY,AEA,EN,Combined TRACON& Tower with Radar,64,83,23,3,173,0,3,26,0,29,64,86,49,3,202,29,0,29,231
10/10/2012,ALB,NY,AEA,EN,Combined TRACON& Tower with Radar,63,88,23,6,180,0,0,9,4,13,63,88,32,10,193,22,0,22,215
10/11/2012,ALB,NY,AEA,EN,Combined TRACON& Tower with Radar,59,87,27,4,177,0,5,28,22,55,59,92,55,26,232,0,0,0,232
10/12/2012,ALB,NY,AEA,EN,Combined TRACON& Tower with Radar,63,84,20,4,171,0,6,14,4,24,63,90,34,8,195,27,1,28,223
10/13/2012,ALB,NY,AEA,EN,Combined TRACON& Tower with Radar,51,62,32,0,145,0,14,50,0,64,51,76,82,0,209,30,0,30,239
10/14/2012,ALB,NY,AEA,EN,Combined TRACON& Tower with Radar,51,65,21,0,137,0,3,13,0,16,51,68,34,0,153,45,2,47,200
10/15/2012,ALB,NY,AEA,EN,Combined TRACON& Tower with Radar,57,86,3,9,155,0,3,7,1,11,57,89,10,10,166,4,0,4,170
10/16/2012,ALB,NY,AEA,EN,Combined TRACON& Tower with Radar,61,86,10,3,160,0,3,6,8,17,61,89,16,11,177,47,0,47,224
10/17/2012,ALB,NY,AEA,EN,Combined TRACON& Tower with Radar,63,66,18,11,158,0,18,37,14,69,63,84,55,25,227,62,0,62,289
10/18/2012,ALB,NY,AEA,EN,Combined TRACON& Tower with Radar,60,80,33,20,193,0,12,21,25,58,60,92,54,45,251,65,38,103,354
10/19/2012,ALB,NY,AEA,EN,Combined TRACON& Tower with Radar,62,83,38,2,185,0,0,0,0,0,62,83,38,2,185,6,0,6,191
10/20/2012,ALB,NY,AEA,EN,Combined TRACON& Tower with Radar,54,62,20,8,144,0,0,21,1,22,54,62,41,9,166,46,3,49,215
10/21/2012,ALB,NY,AEA,EN,Combined TRACON& Tower with Radar,50,76,23,0,149,0,1,19,22,42,50,77,42,22,191,33,26,59,250
10/22/2012,ALB,NY,AEA,EN,Combined TRACON& Tower with Radar,57,69,19,10,155,0,12,32,7,51,57,81,51,17,206,0,18,18,224
10/23/2012,ALB,NY,AEA,EN,Combined TRACON& Tower with Radar,62,70,18,10,160,0,15,31,7,53,62,85,49,17,213,47,6,53,266
10/24/2012,ALB,NY,AEA,EN,Combined TRACON& Tower with Radar,66,83,40,15,204,0,4,9,17,30,66,87,49,32,234,22,4,26,260
10/25/2012,ALB,NY,AEA,EN,Combined TRACON& Tower with Radar,61,85,25,6,177,0,1,6,8,15,61,86,31,14,192,31,4,35,227
10/26/2012,ALB,NY,AEA,EN,Combined TRACON& Tower with Radar,63,87,29,2,181,0,1,3,3,7,63,88,32,5,188,15,0,15,203
10/27/2012,ALB,NY,AEA,EN,Combined TRACON& Tower with Radar,51,66,23,0,140,1,0,20,0,21,52,66,43,0,161,0,0,0,161
10/28/2012,ALB,NY,AEA,EN,Combined TRACON& Tower with Radar,48,65,21,0,134,0,0,11,2,13,48,65,32,2,147,21,0,21,168
10/29/2012,ALB,NY,AEA,EN,Combined TRACON& Tower with Radar,23,12,9,0,44,0,0,2,2,4,23,12,11,2,48,0,0,0,48
10/30/2012,ALB,NY,AEA,EN,Combined TRACON& Tower with Radar,23,21,2,12,58,0,0,5,5,10,23,21,7,17,68,0,0,0,68
10/31/2012,ALB,NY,AEA,EN,Combined TRACON& Tower with Radar,50,62,14,10,136,0,0,10,17,27,50,62,24,27,163,0,12,12,175
11/01/2012,ALB,NY,AEA,EN,Combined TRACON& Tower with Radar,60,91,25,9,185,0,0,4,11,15,60,91,29,20,200,8,0,8,208
11/02/2012,ALB,NY,AEA,EN,Combined TRACON& Tower with Radar,62,100,24,2,188,0,2,19,11,32,62,102,43,13,220,18,2,20,240
11/03/2012,ALB,NY,AEA,EN,Combined TRACON& Tower with Radar,56,62,12,6,136,0,0,10,10,20,56,62,22,16,156,0,0,0,156
11/04/2012,ALB,NY,AEA,EN,Combined TRACON& Tower with Radar,48,67,17,12,144,0,1,20,20,41,48,68,37,32,185,25,44,69,254
11/05/2012,ALB,NY,AEA,EN,Combined TRACON& Tower with Radar,52,84,21,9,166,0,2,17,13,32,52,86,38,22,198,12,8,20,218
11/06/2012,ALB,NY,AEA,EN,Combined TRACON& Tower with Radar,59,62,14,1,136,0,15,27,17,59,59,77,41,18,195,40,0,40,235
11/07/2012,ALB,NY,AEA,EN,Combined TRACON& Tower with Radar,62,70,20,12,164,0,8,7,3,18,62,78,27,15,182,0,8,8,190
11/08/2012,ALB,NY,AEA,EN,Combined TRACON& Tower with Radar,59,82,16,3,160,0,3,13,10,26,59,85,29,13,186,16,1,17,203
11/09/2012,ALB,NY,AEA,EN,Combined TRACON& Tower with Radar,59,84,22,6,171,0,9,30,6,45,59,93,52,12,216,52,0,52,268
11/10/2012,ALB,NY,AEA,EN,Combined TRACON& Tower with Radar,51,61,16,0,128,0,6,36,11,53,51,67,52,11,181,25,0,25,206
11/11/2012,ALB,NY,AEA,EN,Combined TRACON& Tower with Radar,53,67,36,0,156,0,10,47,6,63,53,77,83,6,219,9,0,9,228
11/12/2012,ALB,NY,AEA,EN,Combined TRACON& Tower with Radar,64,76,15,0,155,0,12,23,7,42,64,88,38,7,197,33,0,33,230
11/13/2012,ALB,NY,AEA,EN,Combined TRACON& Tower with Radar,58,83,5,25,171,0,0,12,2,14,58,83,17,27,185,14,14,28,213
11/14/2012,ALB,NY,AEA,EN,Combined TRACON& Tower with Radar,60,80,21,10,171,0,13,41,4,58,60,93,62,14,229,0,0,0,229
11/15/2012,ALB,NY,AEA,EN,Combined TRACON& Tower with Radar,56,84,12,1,153,0,11,28,8,47,56,95,40,9,200,43,0,43,243
11/16/2012,ALB,NY,AEA,EN,Combined TRACON& Tower with Radar,60,85,28,4,177,0,7,19,2,28,60,92,47,6,205,38,2,40,245
11/17/2012,ALB,NY,AEA,EN,Combined TRACON& Tower with Radar,52,48,22,2,124,0,8,33,0,41,52,56,55,2,165,45,0,45,210
11/18/2012,ALB,NY,AEA,EN,Combined TRACON& Tower with Radar,50,57,13,5,125,0,11,32,1,44,50,68,45,6,169,14,0,14,183
11/19/2012,ALB,NY,AEA,EN,Combined TRACON& Tower with Radar,54,76,14,6,150,0,15,21,1,37,54,91,35,7,187,25,0,25,212
11/20/2012,ALB,NY,AEA,EN,Combined TRACON& Tower with Radar,57,84,26,6,173,0,12,28,1,41,57,96,54,7,214,42,0,42,256
11/21/2012,ALB,NY,AEA,EN,Combined TRACON& Tower with Radar,58,79,18,3,158,0,16,28,3,47,58,95,46,6,205,12,0,12,217
11/22/2012,ALB,NY,AEA,EN,Combined TRACON& Tower with Radar,36,33,7,0,76,0,14,16,2,32,36,47,23,2,108,0,0,0,108
11/23/2012,ALB,NY,AEA,EN,Combined TRACON& Tower with Radar,36,55,10,0,101,0,9,27,0,36,36,64,37,0,137,39,0,39,176
11/24/2012,ALB,NY,AEA,EN,Combined TRACON& Tower with Radar,55,85,5,0,145,0,0,9,1,10,55,85,14,1,155,7,0,7,162
11/25/2012,ALB,NY,AEA,EN,Combined TRACON& Tower with Radar,57,77,26,0,160,0,1,7,1,9,57,78,33,1,169,0,0,0,169
11/26/2012,ALB,NY,AEA,EN,Combined TRACON& Tower with Radar,57,82,14,11,164,0,4,8,3,15,57,86,22,14,179,2,0,2,181
11/27/2012,ALB,NY,AEA,EN,Combined TRACON& Tower with Radar,59,73,22,5,159,0,1,2,2,5,59,74,24,7,164,4,0,4,168
11/28/2012,ALB,NY,AEA,EN,Combined TRACON& Tower with Radar,63,77,14,13,167,0,10,17,16,43,63,87,31,29,210,34,28,62,272
11/29/2012,ALB,NY,AEA,EN,Combined TRACON& Tower with Radar,60,83,21,38,202,0,5,43,7,55,60,88,64,45,257,26,46,72,329
11/30/2012,ALB,NY,AEA,EN,Combined TRACON& Tower with Radar,60,84,13,14,171,0,5,14,4,23,60,89,27,18,194,4,6,10,204
12/01/2012,ALB,NY,AEA,EN,Combined TRACON& Tower with Radar,45,58,4,3,110,0,0,1,0,1,45,58,5,3,111,30,14,44,155
12/02/2012,ALB,NY,AEA,EN,Combined TRACON& Tower with Radar,48,67,11,4,130,0,0,0,0,0,48,67,11,4,130,0,0,0,130
12/03/2012,ALB,NY,AEA,EN,Combined TRACON& Tower with Radar,54,73,26,6,159,0,1,9,1,11,54,74,35,7,170,27,0,27,197
12/04/2012,ALB,NY,AEA,EN,Combined TRACON& Tower with Radar,61,85,41,0,187,0,0,2,2,4,61,85,43,2,191,16,0,16,207
12/05/2012,ALB,NY,AEA,EN,Combined TRACON& Tower with Radar,61,81,20,14,176,0,1,5,6,12,61,82,25,20,188,15,0,15,203
12/06/2012,ALB,NY,AEA,EN,Combined TRACON& Tower with Radar,61,68,16,8,153,0,16,41,12,69,61,84,57,20,222,34,0,34,256
12/07/2012,ALB,NY,AEA,EN,Combined TRACON& Tower with Radar,62,80,23,1,166,0,1,9,2,12,62,81,32,3,178,10,0,10,188
12/08/2012,ALB,NY,AEA,EN,Combined TRACON& Tower with Radar,44,55,1,0,100,0,0,0,0,0,44,55,1,0,100,0,0,0,100
12/09/2012,ALB,NY,AEA,EN,Combined TRACON& Tower with Radar,52,62,14,0,128,0,7,25,0,32,52,69,39,0,160,7,0,7,167
12/10/2012,ALB,NY,AEA,EN,Combined TRACON& Tower with Radar,49,78,12,0,139,0,0,0,0,0,49,78,12,0,139,4,0,4,143
12/11/2012,ALB,NY,AEA,EN,Combined TRACON& Tower with Radar,64,83,20,2,169,0,1,23,4,28,64,84,43,6,197,16,0,16,213
12/12/2012,ALB,NY,AEA,EN,Combined TRACON& Tower with Radar,62,77,28,3,170,0,3,16,14,33,62,80,44,17,203,38,0,38,241
12/13/2012,ALB,NY,AEA,EN,Combined TRACON& Tower with Radar,62,74,16,7,159,0,15,33,16,64,62,89,49,23,223,39,8,47,270
12/14/2012,ALB,NY,AEA,EN,Combined TRACON& Tower with Radar,65,81,19,12,177,0,4,25,2,31,65,85,44,14,208,4,14,18,226
12/15/2012,ALB,NY,AEA,EN,Combined TRACON& Tower with Radar,48,53,26,0,127,0,11,42,0,53,48,64,68,0,180,60,0,60,240
12/16/2012,ALB,NY,AEA,EN,Combined TRACON& Tower with Radar,49,56,3,0,108,0,0,1,0,1,49,56,4,0,109,0,0,0,109
12/17/2012,ALB,NY,AEA,EN,Combined TRACON& Tower with Radar,48,69,14,0,131,0,0,0,0,0,48,69,14,0,131,0,0,0,131
12/18/2012,ALB,NY,AEA,EN,Combined TRACON& Tower with Radar,60,73,19,2,154,0,0,0,0,0,60,73,19,2,154,0,0,0,154
12/19/2012,ALB,NY,AEA,EN,Combined TRACON& Tower with Radar,67,82,15,0,164,0,1,21,6,28,67,83,36,6,192,22,4,26,218
12/20/2012,ALB,NY,AEA,EN,Combined TRACON& Tower with Radar,68,71,32,6,177,0,6,27,6,39,68,77,59,12,216,25,2,27,243
12/21/2012,ALB,NY,AEA,EN,Combined TRACON& Tower with Radar,69,64,15,0,148,0,0,0,0,0,69,64,15,0,148,6,0,6,154
12/22/2012,ALB,NY,AEA,EN,Combined TRACON& Tower with Radar,59,55,11,0,125,0,0,0,0,0,59,55,11,0,125,0,0,0,125
12/23/2012,ALB,NY,AEA,EN,Combined TRACON& Tower with Radar,54,70,11,0,135,0,0,9,0,9,54,70,20,0,144,41,0,41,185
12/24/2012,ALB,NY,AEA,EN,Combined TRACON& Tower with Radar,48,42,16,0,106,0,5,29,1,35,48,47,45,1,141,44,0,44,185
12/25/2012,ALB,NY,AEA,EN,Combined TRACON& Tower with Radar,47,42,0,0,89,0,0,3,0,3,47,42,3,0,92,3,0,3,95
12/26/2012,ALB,NY,AEA,EN,Combined TRACON& Tower with Radar,52,63,9,0,124,0,2,5,0,7,52,65,14,0,131,4,0,4,135
12/27/2012,ALB,NY,AEA,EN,Combined TRACON& Tower with Radar,59,44,4,0,107,0,0,0,0,0,59,44,4,0,107,0,0,0,107
12/28/2012,ALB,NY,AEA,EN,Combined TRACON& Tower with Radar,65,84,24,2,175,0,0,5,0,5,65,84,29,2,180,0,0,0,180
12/29/2012,ALB,NY,AEA,EN,Combined TRACON& Tower with Radar,53,57,13,0,123,0,0,2,0,2,53,57,15,0,125,0,0,0,125
12/30/2012,ALB,NY,AEA,EN,Combined TRACON& Tower with Radar,54,58,3,0,115,0,9,0,0,9,54,67,3,0,124,10,0,10,134
12/31/2012,ALB,NY,AEA,EN,Combined TRACON& Tower with Radar,47,56,4,0,107,0,2,6,0,8,47,58,10,0,115,14,0,14,129
01/01/2013,ALB,NY,AEA,EN,Combined TRACON& Tower with Radar,44,56,7,0,107,0,6,1,0,7,44,62,8,0,114,0,0,0,114
01/02/2013,ALB,NY,AEA,EN,Combined TRACON& Tower with Radar,62,75,11,2,150,0,2,3,4,9,62,77,14,6,159,9,0,9,168
01/03/2013,ALB,NY,AEA,EN,Combined TRACON& Tower with Radar,55,66,12,11,144,0,7,15,6,28,55,73,27,17,172,35,16,51,223
01/04/2013,ALB,NY,AEA,EN,Combined TRACON& Tower with Radar,57,67,15,4,143,0,1,9,4,14,57,68,24,8,157,37,0,37,194
01/05/2013,ALB,NY,AEA,EN,Combined TRACON& Tower with Radar,43,54,25,2,124,0,7,26,0,33,43,61,51,2,157,69,10,79,236
01/06/2013,ALB,NY,AEA,EN,Combined TRACON& Tower with Radar,39,60,7,0,106,0,0,15,3,18,39,60,22,3,124,6,0,6,130
01/07/2013,ALB,NY,AEA,EN,Combined TRACON& Tower with Radar,50,61,12,9,132,0,4,17,6,27,50,65,29,15,159,8,14,22,181
01/08/2013,ALB,NY,AEA,EN,Combined TRACON& Tower with Radar,56,63,11,3,133,0,9,20,5,34,56,72,31,8,167,18,0,18,185
01/09/2013,ALB,NY,AEA,EN,Combined TRACON& Tower with Radar,54,73,14,3,144,0,4,6,9,19,54,77,20,12,163,44,0,44,207
01/10/2013,ALB,NY,AEA,EN,Combined TRACON& Tower with Radar,56,60,17,6,139,0,9,17,10,36,56,69,34,16,175,1,0,1,176
01/11/2013,ALB,NY,AEA,EN,Combined TRACON& Tower with Radar,58,61,15,2,136,0,4,6,6,16,58,65,21,8,152,2,2,4,156
01/12/2013,ALB,NY,AEA,EN,Combined TRACON& Tower with Radar,47,47,9,4,107,0,0,0,0,0,47,47,9,4,107,4,0,4,111
01/13/2013,ALB,NY,AEA,EN,Combined TRACON& Tower with Radar,41,52,12,0,105,0,0,0,0,0,41,52,12,0,105,0,0,0,105
01/14/2013,ALB,NY,AEA,EN,Combined TRACON& Tower with Radar,50,60,11,2,123,0,4,8,3,15,50,64,19,5,138,16,0,16,154
01/15/2013,ALB,NY,AEA,EN,Combined TRACON& Tower with Radar,52,67,16,4,139,0,4,22,2,28,52,71,38,6,167,16,0,16,183
01/16/2013,ALB,NY,AEA,EN,Combined TRACON& Tower with Radar,52,64,13,0,129,0,0,0,0,0,52,64,13,0,129,0,0,0,129
01/17/2013,ALB,NY,AEA,EN,Combined TRACON& Tower with Radar,53,70,21,4,148,0,1,14,6,21,53,71,35,10,169,9,0,9,178
01/18/2013,ALB,NY,AEA,EN,Combined TRACON& Tower with Radar,58,64,10,7,139,0,12,29,1,42,58,76,39,8,181,20,0,20,201
01/19/2013,ALB,NY,AEA,EN,Combined TRACON& Tower with Radar,47,39,21,0,107,0,7,21,0,28,47,46,42,0,135,13,0,13,148
01/20/2013,ALB,NY,AEA,EN,Combined TRACON& Tower with Radar,40,46,0,0,86,0,0,4,0,4,40,46,4,0,90,4,0,4,94
01/21/2013,ALB,NY,AEA,EN,Combined TRACON& Tower with Radar,50,59,16,0,125,0,2,13,0,15,50,61,29,0,140,24,0,24,164
01/22/2013,ALB,NY,AEA,EN,Combined TRACON& Tower with Radar,55,65,18,4,142,0,2,6,5,13,55,67,24,9,155,8,2,10,165
01/23/2013,ALB,NY,AEA,EN,Combined TRACON& Tower with Radar,56,46,9,1,112,0,18,22,16,56,56,64,31,17,168,21,8,29,197
01/24/2013,ALB,NY,AEA,EN,Combined TRACON& Tower with Radar,55,54,9,4,122,0,13,12,17,42,55,67,21,21,164,33,54,87,251
01/25/2013,ALB,NY,AEA,EN,Combined TRACON& Tower with Radar,57,56,14,4,131,0,11,8,4,23,57,67,22,8,154,6,10,16,170
01/26/2013,ALB,NY,AEA,EN,Combined TRACON& Tower with Radar,48,57,7,1,113,0,2,10,1,13,48,59,17,2,126,0,0,0,126
01/27/2013,ALB,NY,AEA,EN,Combined TRACON& Tower with Radar,41,41,20,1,103,0,12,48,0,60,41,53,68,1,163,57,0,57,220
01/28/2013,ALB,NY,AEA,EN,Combined TRACON& Tower with Radar,52,50,15,2,119,0,0,0,0,0,52,50,15,2,119,0,0,0,119
01/29/2013,ALB,NY,AEA,EN,Combined TRACON& Tower with Radar,51,64,11,6,132,0,0,0,0,0,51,64,11,6,132,0,4,4,136
01/30/2013,ALB,NY,AEA,EN,Combined TRACON& Tower with Radar,50,64,12,6,132,0,0,0,0,0,50,64,12,6,132,2,0,2,134
01/31/2013,ALB,NY,AEA,EN,Combined TRACON& Tower with Radar,62,47,9,11,129,0,0,1,5,6,62,47,10,16,135,1,9,10,145
02/01/2013,ALB,NY,AEA,EN,Combined TRACON& Tower with Radar,57,72,11,0,140,0,2,6,0,8,57,74,17,0,148,11,0,11,159
02/02/2013,ALB,NY,AEA,EN,Combined TRACON& Tower with Radar,47,46,19,0,112,0,1,26,1,28,47,47,45,1,140,24,0,24,164
02/03/2013,ALB,NY,AEA,EN,Combined TRACON& Tower with Radar,43,57,12,0,112,0,4,17,0,21,43,61,29,0,133,5,0,5,138
02/04/2013,ALB,NY,AEA,EN,Combined TRACON& Tower with Radar,49,63,16,5,133,0,0,5,2,7,49,63,21,7,140,4,0,4,144
02/05/2013,ALB,NY,AEA,EN,Combined TRACON& Tower with Radar,54,56,25,16,151,0,11,21,5,37,54,67,46,21,188,4,8,12,200
02/06/2013,ALB,NY,AEA,EN,Combined TRACON& Tower with Radar,54,61,13,6,134,0,4,24,13,41,54,65,37,19,175,14,2,16,191
02/07/2013,ALB,NY,AEA,EN,Combined TRACON& Tower with Radar,53,67,20,11,151,0,13,26,13,52,53,80,46,24,203,12,10,22,225
02/08/2013,ALB,NY,AEA,EN,Combined TRACON& Tower with Radar,35,27,2,0,64,0,0,0,0,0,35,27,2,0,64,0,0,0,64
02/09/2013,ALB,NY,AEA,EN,Combined TRACON& Tower with Radar,17,12,0,0,29,0,0,4,0,4,17,12,4,0,33,0,0,0,33
02/10/2013,ALB,NY,AEA,EN,Combined TRACON& Tower with Radar,44,39,14,0,97,0,19,37,1,57,44,58,51,1,154,22,0,22,176
02/11/2013,ALB,NY,AEA,EN,Combined TRACON& Tower with Radar,53,58,10,4,125,0,0,0,0,0,53,58,10,4,125,0,0,0,125
02/12/2013,ALB,NY,AEA,EN,Combined TRACON& Tower with Radar,54,66,9,4,133,0,0,7,4,11,54,66,16,8,144,3,2,5,149
02/13/2013,ALB,NY,AEA,EN,Combined TRACON& Tower with Radar,54,60,18,4,136,0,2,19,13,34,54,62,37,17,170,10,0,10,180
02/14/2013,ALB,NY,AEA,EN,Combined TRACON& Tower with Radar,71,63,15,4,153,0,2,23,8,33,71,65,38,12,186,8,2,10,196
02/15/2013,ALB,NY,AEA,EN,Combined TRACON& Tower with Radar,71,71,13,8,163,0,6,17,2,25,71,77,30,10,188,4,2,6,194
02/16/2013,ALB,NY,AEA,EN,Combined TRACON& Tower with Radar,54,46,9,2,111,0,6,18,1,25,54,52,27,3,136,6,2,8,144
02/17/2013,ALB,NY,AEA,EN,Combined TRACON& Tower with Radar,61,48,5,0,114,0,5,6,0,11,61,53,11,0,125,0,0,0,125
02/18/2013,ALB,NY,AEA,EN,Combined TRACON& Tower with Radar,69,42,13,0,124,0,18,13,1,32,69,60,26,1,156,22,0,22,178
02/19/2013,ALB,NY,AEA,EN,Combined TRACON& Tower with Radar,68,61,19,1,149,0,6,7,3,16,68,67,26,4,165,5,0,5,170
02/20/2013,ALB,NY,AEA,EN,Combined TRACON& Tower with Radar,69,71,9,5,154,0,0,2,12,14,69,71,11,17,168,6,1,7,175
02/21/2013,ALB,NY,AEA,EN,Combined TRACON& Tower with Radar,72,75,18,4,169,0,0,1,5,6,72,75,19,9,175,0,0,0,175
02/22/2013,ALB,NY,AEA,EN,Combined TRACON& Tower with Radar,73,63,16,7,159,0,9,31,3,43,73,72,47,10,202,26,1,27,229
02/23/2013,ALB,NY,AEA,EN,Combined TRACON& Tower with Radar,59,48,13,0,120,0,0,0,0,0,59,48,13,0,120,0,0,0,120
02/24/2013,ALB,NY,AEA,EN,Combined TRACON& Tower with Radar,57,68,12,0,137,0,0,0,0,0,57,68,12,0,137,0,0,0,137
02/25/2013,ALB,NY,AEA,EN,Combined TRACON& Tower with Radar,69,64,23,11,167,0,0,12,4,16,69,64,35,15,183,38,0,38,221
02/26/2013,ALB,NY,AEA,EN,Combined TRACON& Tower with Radar,70,67,14,5,156,0,6,15,11,32,70,73,29,16,188,3,8,11,199
02/27/2013,ALB,NY,AEA,EN,Combined TRACON& Tower with Radar,74,68,17,0,159,0,0,0,0,0,74,68,17,0,159,2,0,2,161
02/28/2013,ALB,NY,AEA,EN,Combined TRACON& Tower with Radar,76,69,17,4,166,0,0,4,2,6,76,69,21,6,172,13,0,13,185
03/01/2013,ALB,NY,AEA,EN,Combined TRACON& Tower with Radar,70,64,9,0,143,0,3,5,2,10,70,67,14,2,153,26,0,26,179
03/02/2013,ALB,NY,AEA,EN,Combined TRACON& Tower with Radar,64,58,7,2,131,0,0,17,0,17,64,58,24,2,148,8,0,8,156
03/03/2013,ALB,NY,AEA,EN,Combined TRACON& Tower with Radar,56,57,11,0,124,0,0,0,0,0,56,57,11,0,124,15,0,15,139
03/04/2013,ALB,NY,AEA,EN,Combined TRACON& Tower with Radar,67,60,16,0,143,0,3,6,3,12,67,63,22,3,155,4,0,4,159
03/05/2013,ALB,NY,AEA,EN,Combined TRACON& Tower with Radar,65,59,16,3,143,0,7,20,6,33,65,66,36,9,176,34,0,34,210
03/06/2013,ALB,NY,AEA,EN,Combined TRACON& Tower with Radar,63,62,21,3,149,0,0,5,11,16,63,62,26,14,165,2,2,4,169
03/07/2013,ALB,NY,AEA,EN,Combined TRACON& Tower with Radar,77,60,10,0,147,0,0,4,0,4,77,60,14,0,151,9,0,9,160
03/08/2013,ALB,NY,AEA,EN,Combined TRACON& Tower with Radar,74,56,9,1,140,0,5,6,1,12,74,61,15,2,152,4,0,4,156
03/09/2013,ALB,NY,AEA,EN,Combined TRACON& Tower with Radar,66,34,19,0,119,0,18,39,5,62,66,52,58,5,181,30,0,30,211
03/10/2013,ALB,NY,AEA,EN,Combined TRACON& Tower with Radar,60,46,24,0,130,0,14,53,3,70,60,60,77,3,200,62,0,62,262
03/11/2013,ALB,NY,AEA,EN,Combined TRACON& Tower with Radar,68,55,16,2,141,0,10,10,5,25,68,65,26,7,166,66,10,76,242
03/12/2013,ALB,NY,AEA,EN,Combined TRACON& Tower with Radar,71,68,12,19,170,0,0,0,0,0,71,68,12,19,170,4,8,12,182
03/13/2013,ALB,NY,AEA,EN,Combined TRACON& Tower with Radar,76,68,13,8,165,0,3,31,17,51,76,71,44,25,216,79,33,112,328
03/14/2013,ALB,NY,AEA,EN,Combined TRACON& Tower with Radar,71,80,14,11,176,0,0,27,15,42,71,80,41,26,218,46,13,59,277
03/15/2013,ALB,NY,AEA,EN,Combined TRACON& Tower with Radar,75,73,24,2,174,0,3,15,2,20,75,76,39,4,194,18,8,26,220
03/16/2013,ALB,NY,AEA,EN,Combined TRACON& Tower with Radar,66,48,14,0,128,0,5,30,2,37,66,53,44,2,165,47,0,47,212
03/17/2013,ALB,NY,AEA,EN,Combined TRACON& Tower with Radar,65,49,17,0,131,0,8,22,0,30,65,57,39,0,161,20,1,21,182
03/18/2013,ALB,NY,AEA,EN,Combined TRACON& Tower with Radar,61,62,14,4,141,0,15,19,4,38,61,77,33,8,179,19,0,19,198
03/19/2013,ALB,NY,AEA,EN,Combined TRACON& Tower with Radar,79,41,9,0,129,0,0,0,0,0,79,41,9,0,129,0,0,0,129
03/20/2013,ALB,NY,AEA,EN,Combined TRACON& Tower with Radar,76,69,6,10,161,0,1,2,15,18,76,70,8,25,179,5,6,11,190
03/21/2013,ALB,NY,AEA,EN,Combined TRACON& Tower with Radar,71,71,19,3,164,0,2,18,13,33,71,73,37,16,197,33,2,35,232
03/22/2013,ALB,NY,AEA,EN,Combined TRACON& Tower with Radar,71,72,14,2,159,0,3,7,4,14,71,75,21,6,173,18,0,18,191
03/23/2013,ALB,NY,AEA,EN,Combined TRACON& Tower with Radar,68,53,16,0,137,0,1,11,0,12,68,54,27,0,149,48,10,58,207
03/24/2013,ALB,NY,AEA,EN,Combined TRACON& Tower with Radar,60,61,21,0,142,0,3,35,0,38,60,64,56,0,180,62,4,66,246
03/25/2013,ALB,NY,AEA,EN,Combined TRACON& Tower with Radar,66,61,11,2,140,0,6,8,0,14,66,67,19,2,154,10,0,10,164
03/26/2013,ALB,NY,AEA,EN,Combined TRACON& Tower with Radar,74,66,10,6,156,0,3,24,9,36,74,69,34,15,192,40,4,44,236
03/27/2013,ALB,NY,AEA,EN,Combined TRACON& Tower with Radar,75,62,15,2,154,0,3,25,16,44,75,65,40,18,198,27,3,30,228
03/28/2013,ALB,NY,AEA,EN,Combined TRACON& Tower with Radar,76,71,18,4,169,0,0,13,11,24,76,71,31,15,193,13,0,13,206
03/29/2013,ALB,NY,AEA,EN,Combined TRACON& Tower with Radar,74,72,7,1,154,0,1,23,3,27,74,73,30,4,181,48,6,54,235
03/30/2013,ALB,NY,AEA,EN,Combined TRACON& Tower with Radar,67,47,24,0,138,0,10,41,1,52,67,57,65,1,190,31,2,33,223
03/31/2013,ALB,NY,AEA,EN,Combined TRACON& Tower with Radar,64,52,6,0,122,0,6,8,0,14,64,58,14,0,136,24,0,24,160
04/01/2013,ALB,NY,AEA,EN,Combined TRACON& Tower with Radar,68,61,10,0,139,0,1,0,4,5,68,62,10,4,144,40,8,48,192
04/02/2013,ALB,NY,AEA,EN,Combined TRACON& Tower with Radar,70,63,10,0,143,0,1,4,2,7,70,64,14,2,150,10,2,12,162
04/03/2013,ALB,NY,AEA,EN,Combined TRACON& Tower with Radar,76,62,17,2,157,0,10,7,16,33,76,72,24,18,190,9,2,11,201
04/04/2013,ALB,NY,AEA,EN,Combined TRACON& Tower with Radar,76,61,15,7,159,0,15,45,14,74,76,76,60,21,233,32,24,56,289
04/05/2013,ALB,NY,AEA,EN,Combined TRACON& Tower with Radar,71,67,11,2,151,0,4,23,3,30,71,71,34,5,181,44,6,50,231
04/06/2013,ALB,NY,AEA,EN,Combined TRACON& Tower with Radar,66,46,17,2,131,0,6,43,1,50,66,52,60,3,181,18,0,18,199
04/07/2013,ALB,NY,AEA,EN,Combined TRACON& Tower with Radar,64,56,13,1,134,0,1,6,1,8,64,57,19,2,142,10,0,10,152
04/08/2013,ALB,NY,AEA,EN,Combined TRACON& Tower with Radar,66,63,17,0,146,0,4,16,1,21,66,67,33,1,167,36,0,36,203
04/09/2013,ALB,NY,AEA,EN,Combined TRACON& Tower with Radar,76,66,15,5,162,0,5,7,1,13,76,71,22,6,175,9,1,10,185
04/10/2013,ALB,NY,AEA,EN,Combined TRACON& Tower with Radar,71,66,29,22,188,0,0,6,7,13,71,66,35,29,201,22,22,44,245
04/11/2013,ALB,NY,AEA,EN,Combined TRACON& Tower with Radar,79,79,20,8,186,0,0,5,12,17,79,79,25,20,203,0,26,26,229
04/12/2013,ALB,NY,AEA,EN,Combined TRACON& Tower with Radar,77,63,11,0,151,0,1,0,0,1,77,64,11,0,152,10,0,10,162
04/13/2013,ALB,NY,AEA,EN,Combined TRACON& Tower with Radar,65,56,5,0,126,0,0,22,0,22,65,56,27,0,148,14,0,14,162
04/14/2013,ALB,NY,AEA,EN,Combined TRACON& Tower with Radar,60,59,12,0,131,0,1,21,0,22,60,60,33,0,153,22,0,22,175
04/15/2013,ALB,NY,AEA,EN,Combined TRACON& Tower with Radar,71,52,19,7,149,0,11,34,14,59,71,63,53,21,208,24,0,24,232
04/16/2013,ALB,NY,AEA,EN,Combined TRACON& Tower with Radar,76,69,10,36,191,0,1,4,5,10,76,70,14,41,201,4,46,50,251
04/17/2013,ALB,NY,AEA,EN,Combined TRACON& Tower with Radar,73,51,15,8,147,0,16,46,11,73,73,67,61,19,220,52,14,66,286
04/18/2013,ALB,NY,AEA,EN,Combined TRACON& Tower with Radar,74,72,22,5,173,1,2,13,8,24,75,74,35,13,197,33,0,33,230
04/19/2013,ALB,NY,AEA,EN,Combined TRACON& Tower with Radar,75,65,13,0,153,0,2,4,1,7,75,67,17,1,160,0,0,0,160
04/20/2013,ALB,NY,AEA,EN,Combined TRACON& Tower with Radar,62,56,10,3,131,0,0,10,1,11,62,56,20,4,142,0,0,0,142
04/21/2013,ALB,NY,AEA,EN,Combined TRACON& Tower with Radar,60,47,42,0,149,0,11,55,1,67,60,58,97,1,216,67,2,69,285
04/22/2013,ALB,NY,AEA,EN,Combined TRACON& Tower with Radar,70,50,18,20,158,0,16,31,4,51,70,66,49,24,209,17,16,33,242
04/23/2013,ALB,NY,AEA,EN,Combined TRACON& Tower with Radar,75,64,24,20,183,0,7,15,9,31,75,71,39,29,214,38,65,103,317
04/24/2013,ALB,NY,AEA,EN,Combined TRACON& Tower with Radar,76,66,19,9,170,0,14,19,9,42,76,80,38,18,212,29,68,97,309
04/25/2013,ALB,NY,AEA,EN,Combined TRACON& Tower with Radar,73,65,23,5,166,0,6,24,12,42,73,71,47,17,208,32,2,34,242
04/26/2013,ALB,NY,AEA,EN,Combined TRACON& Tower with Radar,75,73,10,3,161,0,4,26,3,33,75,77,36,6,194,0,0,0,194
04/27/2013,ALB,NY,AEA,EN,Combined TRACON& Tower with Radar,58,43,13,0,114,0,9,36,0,45,58,52,49,0,159,4,0,4,163
04/28/2013,ALB,NY,AEA,EN,Combined TRACON& Tower with Radar,62,49,12,0,123,0,10,50,0,60,62,59,62,0,183,38,0,38,221
04/29/2013,ALB,NY,AEA,EN,Combined TRACON& Tower with Radar,68,73,22,12,175,0,5,13,6,24,68,78,35,18,199,8,30,38,237
04/30/2013,ALB,NY,AEA,EN,Combined TRACON& Tower with Radar,77,64,17,3,161,0,7,25,7,39,77,71,42,10,200,30,22,52,252
05/01/2013,ALB,NY,AEA,EN,Combined TRACON& Tower with Radar,67,57,16,2,142,0,17,33,14,64,67,74,49,16,206,39,0,39,245
05/02/2013,ALB,NY,AEA,EN,Combined TRACON& Tower with Radar,70,69,17,3,159,0,19,41,9,69,70,88,58,12,228,47,0,47,275
05/03/2013,ALB,NY,AEA,EN,Combined TRACON& Tower with Radar,63,68,24,7,162,0,11,53,5,69,63,79,77,12,231,51,42,93,324
05/04/2013,ALB,NY,AEA,EN,Combined TRACON& Tower with Radar,60,45,12,0,117,0,12,48,6,66,60,57,60,6,183,2,0,2,185
05/05/2013,ALB,NY,AEA,EN,Combined TRACON& Tower with Radar,56,45,24,2,127,0,18,54,4,76,56,63,78,6,203,64,6,70,273
05/06/2013,ALB,NY,AEA,EN,Combined TRACON& Tower with Radar,64,56,24,0,144,0,20,31,0,51,64,76,55,0,195,44,14,58,253
05/07/2013,ALB,NY,AEA,EN,Combined TRACON& Tower with Radar,69,62,24,15,170,0,19,27,1,47,69,81,51,16,217,16,14,30,247
05/08/2013,ALB,NY,AEA,EN,Combined TRACON& Tower with Radar,69,76,23,5,173,0,7,9,4,20,69,83,32,9,193,0,2,2,195
05/09/2013,ALB,NY,AEA,EN,Combined TRACON& Tower with Radar,67,78,25,9,179,0,7,9,4,20,67,85,34,13,199,0,8,8,207
05/10/2013,ALB,NY,AEA,EN,Combined TRACON& Tower with Radar,64,68,18,7,157,0,5,23,4,32,64,73,41,11,189,18,18,36,225
05/11/2013,ALB,NY,AEA,EN,Combined TRACON& Tower with Radar,58,58,23,0,139,0,0,0,0,0,58,58,23,0,139,12,0,12,151
05/12/2013,ALB,NY,AEA,EN,Combined TRACON& Tower with Radar,55,61,17,0,133,0,5,18,0,23,55,66,35,0,156,34,2,36,192
05/13/2013,ALB,NY,AEA,EN,Combined TRACON& Tower with Radar,66,70,16,4,156,0,0,20,3,23,66,70,36,7,179,58,6,64,243
05/14/2013,ALB,NY,AEA,EN,Combined TRACON& Tower with Radar,67,74,19,5,165,0,6,29,11,46,67,80,48,16,211,39,0,39,250
05/15/2013,ALB,NY,AEA,EN,Combined TRACON& Tower with Radar,61,72,31,6,170,0,8,20,16,44,61,80,51,22,214,10,0,10,224
05/16/2013,ALB,NY,AEA,EN,Combined TRACON& Tower with Radar,69,61,19,35,184,0,17,21,10,48,69,78,40,45,232,27,78,105,337
05/17/2013,ALB,NY,AEA,EN,Combined TRACON& Tower with Radar,69,76,18,9,172,0,11,44,2,57,69,87,62,11,229,40,28,68,297
05/18/2013,ALB,NY,AEA,EN,Combined TRACON& Tower with Radar,52,46,9,3,110,0,16,24,1,41,52,62,33,4,151,6,0,6,157
05/19/2013,ALB,NY,AEA,EN,Combined TRACON& Tower with Radar,52,61,20,2,135,0,0,4,0,4,52,61,24,2,139,2,0,2,141
05/20/2013,ALB,NY,AEA,EN,Combined TRACON& Tower with Radar,67,73,16,8,164,0,3,17,0,20,67,76,33,8,184,37,10,47,231
05/21/2013,ALB,NY,AEA,EN,Combined TRACON& Tower with Radar,67,79,26,4,176,0,1,11,10,22,67,80,37,14,198,38,2,40,238
05/22/2013,ALB,NY,AEA,EN,Combined TRACON& Tower with Radar,65,74,28,0,167,0,0,3,2,5,65,74,31,2,172,0,0,0,172
05/23/2013,ALB,NY,AEA,EN,Combined TRACON& Tower with Radar,74,70,17,1,162,0,2,12,3,17,74,72,29,4,179,6,0,6,185
05/24/2013,ALB,NY,AEA,EN,Combined TRACON& Tower with Radar,72,83,29,3,187,0,0,0,0,0,72,83,29,3,187,2,0,2,189
05/25/2013,ALB,NY,AEA,EN,Combined TRACON& Tower with Radar,51,55,8,0,114,0,0,1,0,1,51,55,9,0,115,4,0,4,119
05/26/2013,ALB,NY,AEA,EN,Combined TRACON& Tower with Radar,43,50,12,0,105,0,2,5,0,7,43,52,17,0,112,0,0,0,112
05/27/2013,ALB,NY,AEA,EN,Combined TRACON& Tower with Radar,56,49,28,0,133,0,14,34,0,48,56,63,62,0,181,16,0,16,197
05/28/2013,ALB,NY,AEA,EN,Combined TRACON& Tower with Radar,64,65,33,4,166,0,13,24,15,52,64,78,57,19,218,52,6,58,276
05/29/2013,ALB,NY,AEA,EN,Combined TRACON& Tower with Radar,67,71,39,17,194,0,1,16,2,19,67,72,55,19,213,74,50,124,337
05/30/2013,ALB,NY,AEA,EN,Combined TRACON& Tower with Radar,69,66,24,4,163,0,11,41,8,60,69,77,65,12,223,40,0,40,263
05/31/2013,ALB,NY,AEA,EN,Combined TRACON& Tower with Radar,68,65,21,3,157,0,13,44,0,57,68,78,65,3,214,28,0,28,242
06/01/2013,ALB,NY,AEA,EN,Combined TRACON& Tower with Radar,51,49,16,0,116,0,8,34,1,43,51,57,50,1,159,63,0,63,222
06/02/2013,ALB,NY,AEA,EN,Combined TRACON& Tower with Radar,52,53,12,0,117,0,0,10,0,10,52,53,22,0,127,16,0,16,143
06/03/2013,ALB,NY,AEA,EN,Combined TRACON& Tower with Radar,64,74,25,0,163,0,4,12,0,16,64,78,37,0,179,11,0,11,190
06/04/2013,ALB,NY,AEA,EN,Combined TRACON& Tower with Radar,64,68,23,6,161,0,12,18,4,34,64,80,41,10,195,18,4,22,217
06/05/2013,ALB,NY,AEA,EN,Combined TRACON& Tower with Radar,64,59,25,2,150,0,16,47,3,66,64,75,72,5,216,66,4,70,286
06/06/2013,ALB,NY,AEA,EN,Combined TRACON& Tower with Radar,69,73,30,5,177,0,11,11,12,34,69,84,41,17,211,0,2,2,213
06/07/2013,ALB,NY,AEA,EN,Combined TRACON& Tower with Radar,67,67,23,2,159,0,0,0,0,0,67,67,23,2,159,0,0,0,159
06/08/2013,ALB,NY,AEA,EN,Combined TRACON& Tower with Radar,59,66,66,4,195,0,0,15,0,15,59,66,81,4,210,22,6,28,238
06/09/2013,ALB,NY,AEA,EN,Combined TRACON& Tower with Radar,58,59,42,1,160,0,1,52,2,55,58,60,94,3,215,40,0,40,255
06/10/2013,ALB,NY,AEA,EN,Combined TRACON& Tower with Radar,65,61,26,4,156,0,4,3,9,16,65,65,29,13,172,0,0,0,172
06/11/2013,ALB,NY,AEA,EN,Combined TRACON& Tower with Radar,72,78,35,26,211,0,0,0,0,0,72,78,35,26,211,16,48,64,275
06/12/2013,ALB,NY,AEA,EN,Combined TRACON& Tower with Radar,69,76,22,4,171,0,6,24,10,40,69,82,46,14,211,18,0,18,229
06/13/2013,ALB,NY,AEA,EN,Combined TRACON& Tower with Radar,70,76,26,1,173,0,0,0,0,0,70,76,26,1,173,0,0,0,173
06/14/2013,ALB,NY,AEA,EN,Combined TRACON& Tower with Radar,74,72,10,1,157,0,2,19,3,24,74,74,29,4,181,8,8,16,197
06/15/2013,ALB,NY,AEA,EN,Combined TRACON& Tower with Radar,56,48,23,0,127,0,9,49,0,58,56,57,72,0,185,20,0,20,205
06/16/2013,ALB,NY,AEA,EN,Combined TRACON& Tower with Radar,61,62,11,4,138,0,2,20,1,23,61,64,31,5,161,8,0,8,169
06/17/2013,ALB,NY,AEA,EN,Combined TRACON& Tower with Radar,64,68,11,10,153,0,4,9,6,19,64,72,20,16,172,20,23,43,215
06/18/2013,ALB,NY,AEA,EN,Combined TRACON& Tower with Radar,76,68,24,10,178,0,0,12,6,18,76,68,36,16,196,35,14,49,245
06/19/2013,ALB,NY,AEA,EN,Combined TRACON& Tower with Radar,73,62,10,4,149,0,16,47,9,72,73,78,57,13,221,66,0,66,287
06/20/2013,ALB,NY,AEA,EN,Combined TRACON& Tower with Radar,73,74,15,7,169,0,25,56,18,99,73,99,71,25,268,6,18,24,292
06/21/2013,ALB,NY,AEA,EN,Combined TRACON& Tower with Radar,74,63,14,2,153,0,16,43,2,61,74,79,57,4,214,6,0,6,220
06/22/2013,ALB,NY,AEA,EN,Combined TRACON& Tower with Radar,58,56,15,0,129,0,3,48,1,52,58,59,63,1,181,21,0,21,202
06/23/2013,ALB,NY,AEA,EN,Combined TRACON& Tower with Radar,62,58,18,0,138,0,1,20,0,21,62,59,38,0,159,60,0,60,219
06/24/2013,ALB,NY,AEA,EN,Combined TRACON& Tower with Radar,64,53,18,0,135,0,4,11,7,22,64,57,29,7,157,1,0,1,158
06/25/2013,ALB,NY,AEA,EN,Combined TRACON& Tower with Radar,69,63,20,4,156,0,7,26,6,39,69,70,46,10,195,77,24,101,296
06/26/2013,ALB,NY,AEA,EN,Combined TRACON& Tower with Radar,72,74,35,21,202,0,5,17,2,24,72,79,52,23,226,0,0,0,226
06/27/2013,ALB,NY,AEA,EN,Combined TRACON& Tower with Radar,76,68,37,6,187,0,7,23,3,33,76,75,60,9,220,5,14,19,239
06/28/2013,ALB,NY,AEA,EN,Combined TRACON& Tower with Radar,69,72,26,4,171,0,1,31,4,36,69,73,57,8,207,0,0,0,207
06/29/2013,ALB,NY,AEA,EN,Combined TRACON& Tower with Radar,56,59,16,2,133,0,2,12,0,14,56,61,28,2,147,0,0,0,147
06/30/2013,ALB,NY,AEA,EN,Combined TRACON& Tower with Radar,54,53,19,2,128,0,2,12,0,14,54,55,31,2,142,8,0,8,150
07/01/2013,ALB,NY,AEA,EN,Combined TRACON& Tower with Radar,71,60,19,2,152,0,0,0,0,0,71,60,19,2,152,6,0,6,158
07/02/2013,ALB,NY,AEA,EN,Combined TRACON& Tower with Radar,69,62,24,7,162,0,3,8,4,15,69,65,32,11,177,24,22,46,223
07/03/2013,ALB,NY,AEA,EN,Combined TRACON& Tower with Radar,73,78,25,2,178,0,2,21,2,25,73,80,46,4,203,14,0,14,217
07/04/2013,ALB,NY,AEA,EN,Combined TRACON& Tower with Radar,52,49,12,2,115,0,7,18,0,25,52,56,30,2,140,6,0,6,146
07/05/2013,ALB,NY,AEA,EN,Combined TRACON& Tower with Radar,56,58,8,2,124,0,5,39,2,46,56,63,47,4,170,11,2,13,183
07/06/2013,ALB,NY,AEA,EN,Combined TRACON& Tower with Radar,57,56,19,0,132,0,8,19,0,27,57,64,38,0,159,50,0,50,209
07/07/2013,ALB,NY,AEA,EN,Combined TRACON& Tower with Radar,53,76,25,0,154,0,1,16,0,17,53,77,41,0,171,2,0,2,173
07/08/2013,ALB,NY,AEA,EN,Combined TRACON& Tower with Radar,63,72,18,11,164,0,3,18,3,24,63,75,36,14,188,14,10,24,212
07/09/2013,ALB,NY,AEA,EN,Combined TRACON& Tower with Radar,74,60,21,4,159,0,4,13,6,23,74,64,34,10,182,22,0,22,204
07/10/2013,ALB,NY,AEA,EN,Combined TRACON& Tower with Radar,67,67,20,5,159,0,0,12,18,30,67,67,32,23,189,0,0,0,189
07/11/2013,ALB,NY,AEA,EN,Combined TRACON& Tower with Radar,76,83,23,12,194,0,6,40,9,55,76,89,63,21,249,67,12,79,328
07/12/2013,ALB,NY,AEA,EN,Combined TRACON& Tower with Radar,76,75,29,8,188,0,12,32,0,44,76,87,61,8,232,12,12,24,256
07/13/2013,ALB,NY,AEA,EN,Combined TRACON& Tower with Radar,57,69,23,0,149,0,1,20,0,21,57,70,43,0,170,15,0,15,185
07/14/2013,ALB,NY,AEA,EN,Combined TRACON& Tower with Radar,57,70,22,0,149,0,0,19,0,19,57,70,41,0,168,49,4,53,221
07/15/2013,ALB,NY,AEA,EN,Combined TRACON& Tower with Radar,68,70,21,1,160,0,10,21,1,32,68,80,42,2,192,44,0,44,236
07/16/2013,ALB,NY,AEA,EN,Combined TRACON& Tower with Radar,71,77,12,3,163,0,10,34,6,50,71,87,46,9,213,24,0,24,237
07/17/2013,ALB,NY,AEA,EN,Combined TRACON& Tower with Radar,67,73,21,0,161,0,16,33,12,61,67,89,54,12,222,25,0,25,247
07/18/2013,ALB,NY,AEA,EN,Combined TRACON& Tower with Radar,73,70,13,2,158,0,13,24,13,50,73,83,37,15,208,20,0,20,228
07/19/2013,ALB,NY,AEA,EN,Combined TRACON& Tower with Radar,70,72,14,4,160,0,9,20,0,29,70,81,34,4,189,1,0,1,190
07/20/2013,ALB,NY,AEA,EN,Combined TRACON& Tower with Radar,59,56,22,0,137,0,5,16,1,22,59,61,38,1,159,29,0,29,188
07/21/2013,ALB,NY,AEA,EN,Combined TRACON& Tower with Radar,53,69,21,0,143,0,7,65,1,73,53,76,86,1,216,53,0,53,269
07/22/2013,ALB,NY,AEA,EN,Combined TRACON& Tower with Radar,69,75,17,10,171,0,5,11,2,18,69,80,28,12,189,22,8,30,219
07/23/2013,ALB,NY,AEA,EN,Combined TRACON& Tower with Radar,80,83,35,0,198,0,2,13,9,24,80,85,48,9,222,48,0,48,270
07/24/2013,ALB,NY,AEA,EN,Combined TRACON& Tower with Radar,74,82,22,2,180,0,5,32,16,53,74,87,54,18,233,43,0,43,276
07/25/2013,ALB,NY,AEA,EN,Combined TRACON& Tower with Radar,69,74,27,14,184,0,12,29,19,60,69,86,56,33,244,19,10,29,273
07/26/2013,ALB,NY,AEA,EN,Combined TRACON& Tower with Radar,70,66,32,0,168,0,13,39,11,63,70,79,71,11,231,16,6,22,253
07/27/2013,ALB,NY,AEA,EN,Combined TRACON& Tower with Radar,65,71,19,1,156,0,4,40,4,48,65,75,59,5,204,38,0,38,242
07/28/2013,ALB,NY,AEA,EN,Combined TRACON& Tower with Radar,57,66,12,0,135,0,0,3,0,3,57,66,15,0,138,0,0,0,138
07/29/2013,ALB,NY,AEA,EN,Combined TRACON& Tower with Radar,68,71,29,2,170,0,3,32,0,35,68,74,61,2,205,76,28,104,309
07/30/2013,ALB,NY,AEA,EN,Combined TRACON& Tower with Radar,74,81,16,4,175,0,8,40,13,61,74,89,56,17,236,30,0,30,266
07/31/2013,ALB,NY,AEA,EN,Combined TRACON& Tower with Radar,73,70,19,5,167,0,18,50,21,89,73,88,69,26,256,49,8,57,313
08/01/2013,ALB,NY,AEA,EN,Combined TRACON& Tower with Radar,77,82,24,2,185,0,5,7,4,16,77,87,31,6,201,22,2,24,225
08/02/2013,ALB,NY,AEA,EN,Combined TRACON& Tower with Radar,74,76,15,2,167,0,7,21,0,28,74,83,36,2,195,7,0,7,202
08/03/2013,ALB,NY,AEA,EN,Combined TRACON& Tower with Radar,57,56,12,1,126,0,6,47,0,53,57,62,59,1,179,10,0,10,189
08/04/2013,ALB,NY,AEA,EN,Combined TRACON& Tower with Radar,55,71,30,0,156,0,3,22,0,25,55,74,52,0,181,55,0,55,236
08/05/2013,ALB,NY,AEA,EN,Combined TRACON& Tower with Radar,67,61,18,6,152,0,13,45,0,58,67,74,63,6,210,50,2,52,262
08/06/2013,ALB,NY,AEA,EN,Combined TRACON& Tower with Radar,74,63,21,4,162,0,13,30,2,45,74,76,51,6,207,34,0,34,241
08/07/2013,ALB,NY,AEA,EN,Combined TRACON& Tower with Radar,74,77,34,0,185,0,7,34,5,46,74,84,68,5,231,60,0,60,291
08/08/2013,ALB,NY,AEA,EN,Combined TRACON& Tower with Radar,73,81,23,14,191,0,0,4,9,13,73,81,27,23,204,24,50,74,278
08/09/2013,ALB,NY,AEA,EN,Combined TRACON& Tower with Radar,77,87,20,0,184,0,2,2,0,4,77,89,22,0,188,18,0,18,206
08/10/2013,ALB,NY,AEA,EN,Combined TRACON& Tower with Radar,58,57,16,2,133,0,13,41,1,55,58,70,57,3,188,42,0,42,230
08/11/2013,ALB,NY,AEA,EN,Combined TRACON& Tower with Radar,54,60,27,0,141,0,11,49,0,60,54,71,76,0,201,47,0,47,248
08/12/2013,ALB,NY,AEA,EN,Combined TRACON& Tower with Radar,64,67,31,0,162,0,7,31,4,42,64,74,62,4,204,59,0,59,263
08/13/2013,ALB,NY,AEA,EN,Combined TRACON& Tower with Radar,68,78,27,4,177,0,0,2,0,2,68,78,29,4,179,6,4,10,189
08/14/2013,ALB,NY,AEA,EN,Combined TRACON& Tower with Radar,66,79,25,4,174,0,1,23,6,30,66,80,48,10,204,12,0,12,216
08/15/2013,ALB,NY,AEA,EN,Combined TRACON& Tower with Radar,64,66,23,0,153,0,22,50,3,75,64,88,73,3,228,51,0,51,279
08/16/2013,ALB,NY,AEA,EN,Combined TRACON& Tower with Radar,66,73,17,0,156,0,15,32,5,52,66,88,49,5,208,10,0,10,218
08/17/2013,ALB,NY,AEA,EN,Combined TRACON& Tower with Radar,58,60,19,0,137,0,6,29,0,35,58,66,48,0,172,34,0,34,206
08/18/2013,ALB,NY,AEA,EN,Combined TRACON& Tower with Radar,55,53,30,0,138,0,8,32,3,43,55,61,62,3,181,22,0,22,203
08/19/2013,ALB,NY,AEA,EN,Combined TRACON& Tower with Radar,59,70,13,2,144,0,9,23,0,32,59,79,36,2,176,35,0,35,211
08/20/2013,ALB,NY,AEA,EN,Combined TRACON& Tower with Radar,65,66,27,6,164,0,13,51,2,66,65,79,78,8,230,24,0,24,254
08/21/2013,ALB,NY,AEA,EN,Combined TRACON& Tower with Radar,65,70,32,3,170,0,15,39,4,58,65,85,71,7,228,7,0,7,235
08/22/2013,ALB,NY,AEA,EN,Combined TRACON& Tower with Radar,61,66,12,5,144,0,10,29,2,41,61,76,41,7,185,30,0,30,215
08/23/2013,ALB,NY,AEA,EN,Combined TRACON& Tower with Radar,68,74,25,2,169,0,9,17,0,26,68,83,42,2,195,22,0,22,217
08/24/2013,ALB,NY,AEA,EN,Combined TRACON& Tower with Radar,51,50,16,0,117,0,12,52,1,65,51,62,68,1,182,22,0,22,204
08/25/2013,ALB,NY,AEA,EN,Combined TRACON& Tower with Radar,55,57,23,0,135,0,14,39,0,53,55,71,62,0,188,16,0,16,204
08/26/2013,ALB,NY,AEA,EN,Combined TRACON& Tower with Radar,64,67,24,7,162,0,1,6,3,10,64,68,30,10,172,0,2,2,174
08/27/2013,ALB,NY,AEA,EN,Combined TRACON& Tower with Radar,64,83,33,25,205,0,4,21,3,28,64,87,54,28,233,30,38,68,301
08/28/2013,ALB,NY,AEA,EN,Combined TRACON& Tower with Radar,75,72,29,11,187,0,5,28,14,47,75,77,57,25,234,41,14,55,289
08/29/2013,ALB,NY,AEA,EN,Combined TRACON& Tower with Radar,68,77,43,5,193,0,1,25,5,31,68,78,68,10,224,21,2,23,247
08/30/2013,ALB,NY,AEA,EN,Combined TRACON& Tower with Radar,66,71,20,2,159,0,11,23,1,35,66,82,43,3,194,25,0,25,219
08/31/2013,ALB,NY,AEA,EN,Combined TRACON& Tower with Radar,51,53,11,0,115,0,0,5,0,5,51,53,16,0,120,6,0,6,126
09/01/2013,ALB,NY,AEA,EN,Combined TRACON& Tower with Radar,43,40,31,0,114,0,0,10,0,10,43,40,41,0,124,10,0,10,134
09/02/2013,ALB,NY,AEA,EN,Combined TRACON& Tower with Radar,54,57,24,0,135,0,0,8,0,8,54,57,32,0,143,13,0,13,156
09/03/2013,ALB,NY,AEA,EN,Combined TRACON& Tower with Radar,63,73,26,1,163,0,0,16,1,17,63,73,42,2,180,30,0,30,210
09/04/2013,ALB,NY,AEA,EN,Combined TRACON& Tower with Radar,70,56,19,5,150,0,7,28,18,53,70,63,47,23,203,16,8,24,227
09/05/2013,ALB,NY,AEA,EN,Combined TRACON& Tower with Radar,62,67,19,2,150,0,5,30,22,57,62,72,49,24,207,21,0,21,228
09/06/2013,ALB,NY,AEA,EN,Combined TRACON& Tower with Radar,60,55,19,2,136,0,20,40,2,62,60,75,59,4,198,29,0,29,227
09/07/2013,ALB,NY,AEA,EN,Combined TRACON& Tower with Radar,45,42,23,0,110,0,13,43,0,56,45,55,66,0,166,10,0,10,176
09/08/2013,ALB,NY,AEA,EN,Combined TRACON& Tower with Radar,50,50,15,0,115,0,7,7,0,14,50,57,22,0,129,2,0,2,131
09/09/2013,ALB,NY,AEA,EN,Combined TRACON& Tower with Radar,53,59,17,8,137,0,16,15,2,33,53,75,32,10,170,24,18,42,212
09/10/2013,ALB,NY,AEA,EN,Combined TRACON& Tower with Radar,54,69,13,2,138,0,1,5,0,6,54,70,18,2,144,10,0,10,154
09/11/2013,ALB,NY,AEA,EN,Combined TRACON& Tower with Radar,53,61,13,7,134,0,5,21,4,30,53,66,34,11,164,30,0,30,194
09/12/2013,ALB,NY,AEA,EN,Combined TRACON& Tower with Radar,56,67,26,0,149,0,0,6,5,11,56,67,32,5,160,25,0,25,185
09/13/2013,ALB,NY,AEA,EN,Combined TRACON& Tower with Radar,66,78,32,2,178,0,0,9,1,10,66,78,41,3,188,2,0,2,190
09/14/2013,ALB,NY,AEA,EN,Combined TRACON& Tower with Radar,45,57,19,0,121,0,0,19,0,19,45,57,38,0,140,12,0,12,152
09/15/2013,ALB,NY,AEA,EN,Combined TRACON& Tower with Radar,51,57,19,0,127,0,1,47,0,48,51,58,66,0,175,36,0,36,211
09/16/2013,ALB,NY,AEA,EN,Combined TRACON& Tower with Radar,52,67,21,8,148,0,3,18,1,22,52,70,39,9,170,16,8,24,194
09/17/2013,ALB,NY,AEA,EN,Combined TRACON& Tower with Radar,60,52,21,0,133,0,16,39,6,61,60,68,60,6,194,44,0,44,238
09/18/2013,ALB,NY,AEA,EN,Combined TRACON& Tower with Radar,59,53,21,7,140,0,10,44,3,57,59,63,65,10,197,20,4,24,221
09/19/2013,ALB,NY,AEA,EN,Combined TRACON& Tower with Radar,60,56,25,5,146,0,18,45,6,69,60,74,70,11,215,2,4,6,221
09/20/2013,ALB,NY,AEA,EN,Combined TRACON& Tower with Radar,61,64,16,0,141,0,11,39,0,50,61,75,55,0,191,14,0,14,205
09/21/2013,ALB,NY,AEA,EN,Combined TRACON& Tower with Radar,48,62,16,0,126,0,0,5,0,5,48,62,21,0,131,8,0,8,139
09/22/2013,ALB,NY,AEA,EN,Combined TRACON& Tower with Radar,48,62,19,2,131,0,0,28,0,28,48,62,47,2,159,8,0,8,167
09/23/2013,ALB,NY,AEA,EN,Combined TRACON& Tower with Radar,56,65,23,4,148,0,4,22,0,26,56,69,45,4,174,8,2,10,184
09/24/2013,ALB,NY,AEA,EN,Combined TRACON& Tower with Radar,57,60,17,6,140,0,13,30,2,45,57,73,47,8,185,51,4,55,240
09/25/2013,ALB,NY,AEA,EN,Combined TRACON& Tower with Radar,66,62,17,3,148,0,11,38,4,53,66,73,55,7,201,25,0,25,226
09/26/2013,ALB,NY,AEA,EN,Combined TRACON& Tower with Radar,62,63,31,4,160,0,17,40,3,60,62,80,71,7,220,18,0,18,238
09/27/2013,ALB,NY,AEA,EN,Combined TRACON& Tower with Radar,66,70,25,2,163,0,0,33,0,33,66,70,58,2,196,58,0,58,254
09/28/2013,ALB,NY,AEA,EN,Combined TRACON& Tower with Radar,50,49,21,0,120,0,9,28,0,37,50,58,49,0,157,14,0,14,171
09/29/2013,ALB,NY,AEA,EN,Combined TRACON& Tower with Radar,51,53,21,0,125,0,11,34,0,45,51,64,55,0,170,26,0,26,196
09/30/2013,ALB,NY,AEA,EN,Combined TRACON& Tower with Radar,61,55,24,4,144,0,14,25,6,45,61,69,49,10,189,11,12,23,212
10/01/2013,ALB,NY,AEA,EN,Combined TRACON& Tower with Radar,60,55,12,0,127,0,12,15,0,27,60,67,27,0,154,2,0,2,156
10/02/2013,ALB,NY,AEA,EN,Combined TRACON& Tower with Radar,60,76,27,0,163,0,4,19,0,23,60,80,46,0,186,50,0,50,236
10/03/2013,ALB,NY,AEA,EN,Combined TRACON& Tower with Radar,60,55,26,0,141,0,23,30,4,57,60,78,56,4,198,26,0,26,224
10/04/2013,ALB,NY,AEA,EN,Combined TRACON& Tower with Radar,68,81,24,0,173,0,0,12,0,12,68,81,36,0,185,15,0,15,200
10/05/2013,ALB,NY,AEA,EN,Combined TRACON& Tower with Radar,49,61,22,0,132,0,2,5,0,7,49,63,27,0,139,24,0,24,163
10/06/2013,ALB,NY,AEA,EN,Combined TRACON& Tower with Radar,51,69,11,0,131,0,0,0,0,0,51,69,11,0,131,19,2,21,152
10/07/2013,ALB,NY,AEA,EN,Combined TRACON& Tower with Radar,59,58,15,2,134,0,0,2,0,2,59,58,17,2,136,32,0,32,168
10/08/2013,ALB,NY,AEA,EN,Combined TRACON& Tower with Radar,66,55,22,0,143,0,14,19,0,33,66,69,41,0,176,24,0,24,200
10/09/2013,ALB,NY,AEA,EN,Combined TRACON& Tower with Radar,64,59,17,0,140,0,14,20,0,34,64,73,37,0,174,40,0,40,214
10/10/2013,ALB,NY,AEA,EN,Combined TRACON& Tower with Radar,63,47,25,6,141,0,17,17,0,34,63,64,42,6,175,28,0,28,203
10/11/2013,ALB,NY,AEA,EN,Combined TRACON& Tower with Radar,60,59,26,0,145,0,14,16,2,32,60,73,42,2,177,4,0,4,181
10/12/2013,ALB,NY,AEA,EN,Combined TRACON& Tower with Radar,50,62,14,0,126,0,3,28,0,31,50,65,42,0,157,2,0,2,159
10/13/2013,ALB,NY,AEA,EN,Combined TRACON& Tower with Radar,51,59,12,0,122,0,4,35,0,39,51,63,47,0,161,52,0,52,213
10/14/2013,ALB,NY,AEA,EN,Combined TRACON& Tower with Radar,61,73,23,0,157,0,2,17,0,19,61,75,40,0,176,0,0,0,176
10/15/2013,ALB,NY,AEA,EN,Combined TRACON& Tower with Radar,64,66,27,0,157,0,1,9,0,10,64,67,36,0,167,8,0,8,175
10/16/2013,ALB,NY,AEA,EN,Combined TRACON& Tower with Radar,64,73,25,8,170,0,1,10,2,13,64,74,35,10,183,4,26,30,213
10/17/2013,ALB,NY,AEA,EN,Combined TRACON& Tower with Radar,62,78,17,7,164,0,0,22,3,25,62,78,39,10,189,26,8,34,223
10/18/2013,ALB,NY,AEA,EN,Combined TRACON& Tower with Radar,62,75,22,0,159,0,4,15,0,19,62,79,37,0,178,6,0,6,184
10/19/2013,ALB,NY,AEA,EN,Combined TRACON& Tower with Radar,45,54,18,0,117,0,5,29,0,34,45,59,47,0,151,10,0,10,161
10/20/2013,ALB,NY,AEA,EN,Combined TRACON& Tower with Radar,53,58,19,0,130,0,4,23,0,27,53,62,42,0,157,0,0,0,157
10/21/2013,ALB,NY,AEA,EN,Combined TRACON& Tower with Radar,58,59,24,16,157,0,14,29,0,43,58,73,53,16,200,56,12,68,268
10/22/2013,ALB,NY,AEA,EN,Combined TRACON& Tower with Radar,64,72,25,8,169,0,5,10,0,15,64,77,35,8,184,6,8,14,198
10/23/2013,ALB,NY,AEA,EN,Combined TRACON& Tower with Radar,65,71,21,0,157,0,3,14,3,20,65,74,35,3,177,11,0,11,188
10/24/2013,ALB,NY,AEA,EN,Combined TRACON& Tower with Radar,61,84,25,8,178,0,4,9,11,24,61,88,34,19,202,24,12,36,238
10/25/2013,ALB,NY,AEA,EN,Combined TRACON& Tower with Radar,66,82,9,3,160,0,2,18,4,24,66,84,27,7,184,16,0,16,200
10/26/2013,ALB,NY,AEA,EN,Combined TRACON& Tower with Radar,45,59,10,0,114,0,1,13,0,14,45,60,23,0,128,12,0,12,140
10/27/2013,ALB,NY,AEA,EN,Combined TRACON& Tower with Radar,54,59,18,0,131,0,1,25,2,28,54,60,43,2,159,8,0,8,167
10/28/2013,ALB,NY,AEA,EN,Combined TRACON& Tower with Radar,60,67,9,29,165,0,4,6,3,13,60,71,15,32,178,14,32,46,224
10/29/2013,ALB,NY,AEA,EN,Combined TRACON& Tower with Radar,64,55,27,20,166,0,12,46,2,60,64,67,73,22,226,74,18,92,318
10/30/2013,ALB,NY,AEA,EN,Combined TRACON& Tower with Radar,64,70,13,2,149,0,3,9,8,20,64,73,22,10,169,2,0,2,171
10/31/2013,ALB,NY,AEA,EN,Combined TRACON& Tower with Radar,63,68,21,0,152,0,0,0,0,0,63,68,21,0,152,6,0,6,158
11/01/2013,ALB,NY,AEA,EN,Combined TRACON& Tower with Radar,67,55,13,2,137,0,1,5,0,6,67,56,18,2,143,18,0,18,161
11/02/2013,ALB,NY,AEA,EN,Combined TRACON& Tower with Radar,52,59,13,0,124,0,3,36,2,41,52,62,49,2,165,21,0,21,186
11/03/2013,ALB,NY,AEA,EN,Combined TRACON& Tower with Radar,52,63,9,0,124,0,0,17,0,17,52,63,26,0,141,6,0,6,147
11/04/2013,ALB,NY,AEA,EN,Combined TRACON& Tower with Radar,62,55,10,7,134,0,21,18,1,40,62,76,28,8,174,47,14,61,235
11/05/2013,ALB,NY,AEA,EN,Combined TRACON& Tower with Radar,71,54,11,4,140,0,16,23,2,41,71,70,34,6,181,24,14,38,219
11/06/2013,ALB,NY,AEA,EN,Combined TRACON& Tower with Radar,69,55,19,3,146,0,9,8,2,19,69,64,27,5,165,0,0,0,165
11/07/2013,ALB,NY,AEA,EN,Combined TRACON& Tower with Radar,71,70,11,7,159,0,0,5,1,6,71,70,16,8,165,0,0,0,165
11/08/2013,ALB,NY,AEA,EN,Combined TRACON& Tower with Radar,73,66,18,8,165,0,1,22,6,29,73,67,40,14,194,28,0,28,222
11/09/2013,ALB,NY,AEA,EN,Combined TRACON& Tower with Radar,55,55,7,0,117,0,2,52,0,54,55,57,59,0,171,32,0,32,203
11/10/2013,ALB,NY,AEA,EN,Combined TRACON& Tower with Radar,56,60,12,0,128,0,0,9,0,9,56,60,21,0,137,0,0,0,137
11/11/2013,ALB,NY,AEA,EN,Combined TRACON& Tower with Radar,64,62,24,0,150,0,1,27,0,28,64,63,51,0,178,19,0,19,197
11/12/2013,ALB,NY,AEA,EN,Combined TRACON& Tower with Radar,69,59,17,12,157,0,0,13,1,14,69,59,30,13,171,12,0,12,183
11/13/2013,ALB,NY,AEA,EN,Combined TRACON& Tower with Radar,70,62,17,1,150,0,5,29,1,35,70,67,46,2,185,18,0,18,203
11/14/2013,ALB,NY,AEA,EN,Combined TRACON& Tower with Radar,71,66,23,0,160,0,9,16,3,28,71,75,39,3,188,37,0,37,225
11/15/2013,ALB,NY,AEA,EN,Combined TRACON& Tower with Radar,70,65,19,1,155,0,7,32,3,42,70,72,51,4,197,16,0,16,213
11/16/2013,ALB,NY,AEA,EN,Combined TRACON& Tower with Radar,56,50,13,1,120,0,6,53,2,61,56,56,66,3,181,42,0,42,223
11/17/2013,ALB,NY,AEA,EN,Combined TRACON& Tower with Radar,51,58,25,2,136,0,0,0,0,0,51,58,25,2,136,8,2,10,146
11/18/2013,ALB,NY,AEA,EN,Combined TRACON& Tower with Radar,63,60,6,2,131,0,4,11,0,15,63,64,17,2,146,10,0,10,156
11/19/2013,ALB,NY,AEA,EN,Combined TRACON& Tower with Radar,71,67,10,2,150,0,2,6,0,8,71,69,16,2,158,4,0,4,162
11/20/2013,ALB,NY,AEA,EN,Combined TRACON& Tower with Radar,72,49,23,3,147,0,16,36,6,58,72,65,59,9,205,28,0,28,233
11/21/2013,ALB,NY,AEA,EN,Combined TRACON& Tower with Radar,67,64,27,8,166,0,17,46,10,73,67,81,73,18,239,22,16,38,277
11/22/2013,ALB,NY,AEA,EN,Combined TRACON& Tower with Radar,74,82,21,0,177,0,0,0,0,0,74,82,21,0,177,10,0,10,187
11/23/2013,ALB,NY,AEA,EN,Combined TRACON& Tower with Radar,58,58,8,0,124,0,0,15,0,15,58,58,23,0,139,22,0,22,161
11/24/2013,ALB,NY,AEA,EN,Combined TRACON& Tower with Radar,55,49,7,0,111,0,1,2,0,3,55,50,9,0,114,4,0,4,118
11/25/2013,ALB,NY,AEA,EN,Combined TRACON& Tower with Radar,64,51,13,13,141,0,10,42,7,59,64,61,55,20,200,10,22,32,232
11/26/2013,ALB,NY,AEA,EN,Combined TRACON& Tower with Radar,71,74,17,2,164,0,1,1,0,2,71,75,18,2,166,0,0,0,166
11/27/2013,ALB,NY,AEA,EN,Combined TRACON& Tower with Radar,76,63,8,0,147,0,0,0,0,0,76,63,8,0,147,10,0,10,157
11/28/2013,ALB,NY,AEA,EN,Combined TRACON& Tower with Radar,46,33,3,0,82,0,9,7,0,16,46,42,10,0,98,0,0,0,98
11/29/2013,ALB,NY,AEA,EN,Combined TRACON& Tower with Radar,46,45,8,3,102,0,6,19,1,26,46,51,27,4,128,43,0,43,171
11/30/2013,ALB,NY,AEA,EN,Combined TRACON& Tower with Radar,59,57,11,0,127,0,5,36,0,41,59,62,47,0,168,28,0,28,196
12/01/2013,ALB,NY,AEA,EN,Combined TRACON& Tower with Radar,73,66,19,1,159,0,0,19,0,19,73,66,38,1,178,22,0,22,200
12/02/2013,ALB,NY,AEA,EN,Combined TRACON& Tower with Radar,70,65,18,2,155,0,0,4,0,4,70,65,22,2,159,52,0,52,211
12/03/2013,ALB,NY,AEA,EN,Combined TRACON& Tower with Radar,68,71,14,0,153,0,0,7,0,7,68,71,21,0,160,34,0,34,194
12/04/2013,ALB,NY,AEA,EN,Combined TRACON& Tower with Radar,59,68,23,5,155,0,4,29,8,41,59,72,52,13,196,37,7,44,240
12/05/2013,ALB,NY,AEA,EN,Combined TRACON& Tower with Radar,77,88,28,1,194,0,0,1,0,1,77,88,29,1,195,14,0,14,209
12/06/2013,ALB,NY,AEA,EN,Combined TRACON& Tower with Radar,65,67,13,9,154,0,0,2,4,6,65,67,15,13,160,18,54,72,232
12/07/2013,ALB,NY,AEA,EN,Combined TRACON& Tower with Radar,49,49,6,9,113,0,0,9,0,9,49,49,15,9,122,4,6,10,132
12/08/2013,ALB,NY,AEA,EN,Combined TRACON& Tower with Radar,48,38,9,0,95,0,2,25,0,27,48,40,34,0,122,0,0,0,122
12/09/2013,ALB,NY,AEA,EN,Combined TRACON& Tower with Radar,58,44,8,18,128,0,0,2,0,2,58,44,10,18,130,37,24,61,191
12/10/2013,ALB,NY,AEA,EN,Combined TRACON& Tower with Radar,61,65,17,2,145,0,2,1,6,9,61,67,18,8,154,2,10,12,166
12/11/2013,ALB,NY,AEA,EN,Combined TRACON& Tower with Radar,65,72,26,19,182,0,2,31,12,45,65,74,57,31,227,24,32,56,283
12/12/2013,ALB,NY,AEA,EN,Combined TRACON& Tower with Radar,68,61,18,0,147,0,6,23,2,31,68,67,41,2,178,20,12,32,210
12/13/2013,ALB,NY,AEA,EN,Combined TRACON& Tower with Radar,68,65,19,3,155,0,3,7,3,13,68,68,26,6,168,0,2,2,170
12/14/2013,ALB,NY,AEA,EN,Combined TRACON& Tower with Radar,39,37,11,0,87,0,0,8,0,8,39,37,19,0,95,14,0,14,109
12/15/2013,ALB,NY,AEA,EN,Combined TRACON& Tower with Radar,43,48,14,0,105,0,0,0,0,0,43,48,14,0,105,16,28,44,149
12/16/2013,ALB,NY,AEA,EN,Combined TRACON& Tower with Radar,58,59,20,5,142,0,2,21,14,37,58,61,41,19,179,0,0,0,179
12/17/2013,ALB,NY,AEA,EN,Combined TRACON& Tower with Radar,59,62,18,1,140,0,0,1,0,1,59,62,19,1,141,13,0,13,154
12/18/2013,ALB,NY,AEA,EN,Combined TRACON& Tower with Radar,67,74,20,27,188,0,0,17,12,29,67,74,37,39,217,28,52,80,297
12/19/2013,ALB,NY,AEA,EN,Combined TRACON& Tower with Radar,74,78,20,0,172,0,2,33,2,37,74,80,53,2,209,36,0,36,245
12/20/2013,ALB,NY,AEA,EN,Combined TRACON& Tower with Radar,68,73,18,2,161,0,1,7,0,8,68,74,25,2,169,15,0,15,184
12/21/2013,ALB,NY,AEA,EN,Combined TRACON& Tower with Radar,65,61,13,1,140,0,0,5,0,5,65,61,18,1,145,0,0,0,145
12/22/2013,ALB,NY,AEA,EN,Combined TRACON& Tower with Radar,58,25,7,0,90,0,0,0,0,0,58,25,7,0,90,0,0,0,90
12/23/2013,ALB,NY,AEA,EN,Combined TRACON& Tower with Radar,60,58,7,0,125,0,0,2,0,2,60,58,9,0,127,14,0,14,141
12/24/2013,ALB,NY,AEA,EN,Combined TRACON& Tower with Radar,52,64,10,2,128,0,4,19,0,23,52,68,29,2,151,0,0,0,151
12/25/2013,ALB,NY,AEA,EN,Combined TRACON& Tower with Radar,44,42,3,0,89,0,9,12,0,21,44,51,15,0,110,0,0,0,110
12/26/2013,ALB,NY,AEA,EN,Combined TRACON& Tower with Radar,65,75,17,19,176,0,0,4,1,5,65,75,21,20,181,6,40,46,227
12/27/2013,ALB,NY,AEA,EN,Combined TRACON& Tower with Radar,63,82,10,0,155,0,5,25,2,32,63,87,35,2,187,30,0,30,217
12/28/2013,ALB,NY,AEA,EN,Combined TRACON& Tower with Radar,54,65,17,0,136,0,0,35,0,35,54,65,52,0,171,17,0,17,188
12/29/2013,ALB,NY,AEA,EN,Combined TRACON& Tower with Radar,56,58,3,0,117,0,0,3,0,3,56,58,6,0,120,0,0,0,120
12/30/2013,ALB,NY,AEA,EN,Combined TRACON& Tower with Radar,59,61,7,0,127,0,6,4,0,10,59,67,11,0,137,0,0,0,137
12/31/2013,ALB,NY,AEA,EN,Combined TRACON& Tower with Radar,51,62,2,0,115,0,0,3,2,5,51,62,5,2,120,0,0,0,120
01/01/2014,ALB,NY,AEA,EN,Combined TRACON& Tower with Radar,47,45,3,0,95,0,1,13,0,14,47,46,16,0,109,0,0,0,109
01/02/2014,ALB,NY,AEA,EN,Combined TRACON& Tower with Radar,43,42,3,0,88,0,0,0,0,0,43,42,3,0,88,0,0,0,88
01/03/2014,ALB,NY,AEA,EN,Combined TRACON& Tower with Radar,41,39,6,0,86,0,7,2,0,9,41,46,8,0,95,0,0,0,95
01/04/2014,ALB,NY,AEA,EN,Combined TRACON& Tower with Radar,51,50,12,0,113,0,10,16,0,26,51,60,28,0,139,9,0,9,148
01/05/2014,ALB,NY,AEA,EN,Combined TRACON& Tower with Radar,50,38,11,0,99,0,4,19,0,23,50,42,30,0,122,26,0,26,148
01/06/2014,ALB,NY,AEA,EN,Combined TRACON& Tower with Radar,70,39,4,2,115,0,0,2,0,2,70,39,6,2,117,0,0,0,117
01/07/2014,ALB,NY,AEA,EN,Combined TRACON& Tower with Radar,49,44,15,3,111,0,1,13,3,17,49,45,28,6,128,0,0,0,128
01/08/2014,ALB,NY,AEA,EN,Combined TRACON& Tower with Radar,63,53,26,16,158,0,13,20,10,43,63,66,46,26,201,4,0,4,205
01/09/2014,ALB,NY,AEA,EN,Combined TRACON& Tower with Radar,63,57,25,4,149,0,7,39,15,61,63,64,64,19,210,12,2,14,224
01/10/2014,ALB,NY,AEA,EN,Combined TRACON& Tower with Radar,59,54,12,2,127,0,0,5,2,7,59,54,17,4,134,7,14,21,155
01/11/2014,ALB,NY,AEA,EN,Combined TRACON& Tower with Radar,50,38,6,2,96,0,0,0,0,0,50,38,6,2,96,0,2,2,98
01/12/2014,ALB,NY,AEA,EN,Combined TRACON& Tower with Radar,48,50,9,6,113,0,0,3,8,11,48,50,12,14,124,5,0,5,129
01/13/2014,ALB,NY,AEA,EN,Combined TRACON& Tower with Radar,58,48,16,3,125,0,12,22,3,37,58,60,38,6,162,3,0,3,165
01/14/2014,ALB,NY,AEA,EN,Combined TRACON& Tower with Radar,60,61,19,0,140,0,0,0,0,0,60,61,19,0,140,2,0,2,142
01/15/2014,ALB,NY,AEA,EN,Combined TRACON& Tower with Radar,59,66,21,6,152,0,3,19,5,27,59,69,40,11,179,37,34,71,250
01/16/2014,ALB,NY,AEA,EN,Combined TRACON& Tower with Radar,65,67,9,0,141,0,0,8,11,19,65,67,17,11,160,0,0,0,160
01/17/2014,ALB,NY,AEA,EN,Combined TRACON& Tower with Radar,61,57,19,6,143,0,0,31,2,33,61,57,50,8,176,30,12,42,218
01/18/2014,ALB,NY,AEA,EN,Combined TRACON& Tower with Radar,49,47,9,0,105,0,1,8,0,9,49,48,17,0,114,14,0,14,128
01/19/2014,ALB,NY,AEA,EN,Combined TRACON& Tower with Radar,44,44,8,0,96,0,0,3,0,3,44,44,11,0,99,28,0,28,127
01/20/2014,ALB,NY,AEA,EN,Combined TRACON& Tower with Radar,56,51,19,0,126,0,0,6,3,9,56,51,25,3,135,0,0,0,135
01/21/2014,ALB,NY,AEA,EN,Combined TRACON& Tower with Radar,57,52,18,2,129,0,1,17,8,26,57,53,35,10,155,27,0,27,182
01/22/2014,ALB,NY,AEA,EN,Combined TRACON& Tower with Radar,53,50,10,0,113,0,4,15,6,25,53,54,25,6,138,50,0,50,188
01/23/2014,ALB,NY,AEA,EN,Combined TRACON& Tower with Radar,59,58,6,5,128,0,8,14,13,35,59,66,20,18,163,20,2,22,185
01/24/2014,ALB,NY,AEA,EN,Combined TRACON& Tower with Radar,64,53,24,1,142,0,9,28,3,40,64,62,52,4,182,52,0,52,234
01/25/2014,ALB,NY,AEA,EN,Combined TRACON& Tower with Radar,46,40,2,0,88,0,0,0,0,0,46,40,2,0,88,7,0,7,95
01/26/2014,ALB,NY,AEA,EN,Combined TRACON& Tower with Radar,45,44,12,0,101,0,2,15,1,18,45,46,27,1,119,29,0,29,148
01/27/2014,ALB,NY,AEA,EN,Combined TRACON& Tower with Radar,54,49,16,0,119,0,3,5,0,8,54,52,21,0,127,0,0,0,127
01/28/2014,ALB,NY,AEA,EN,Combined TRACON& Tower with Radar,58,58,18,3,137,0,13,24,0,37,58,71,42,3,174,6,0,6,180
01/29/2014,ALB,NY,AEA,EN,Combined TRACON& Tower with Radar,56,63,23,2,144,0,5,13,1,19,56,68,36,3,163,32,0,32,195
01/30/2014,ALB,NY,AEA,EN,Combined TRACON& Tower with Radar,57,51,17,20,145,0,11,21,6,38,57,62,38,26,183,11,32,43,226
01/31/2014,ALB,NY,AEA,EN,Combined TRACON& Tower with Radar,64,59,11,0,134,0,2,9,0,11,64,61,20,0,145,26,0,26,171
02/01/2014,ALB,NY,AEA,EN,Combined TRACON& Tower with Radar,49,50,16,0,115,0,2,24,0,26,49,52,40,0,141,36,0,36,177
02/02/2014,ALB,NY,AEA,EN,Combined TRACON& Tower with Radar,43,51,14,0,108,0,0,10,0,10,43,51,24,0,118,0,0,0,118
02/03/2014,ALB,NY,AEA,EN,Combined TRACON& Tower with Radar,71,47,19,0,137,0,2,9,2,13,71,49,28,2,150,56,0,56,206
02/04/2014,ALB,NY,AEA,EN,Combined TRACON& Tower with Radar,57,53,22,2,134,0,6,32,4,42,57,59,54,6,176,52,0,52,228
02/05/2014,ALB,NY,AEA,EN,Combined TRACON& Tower with Radar,43,26,2,0,71,0,0,0,0,0,43,26,2,0,71,36,0,36,107
02/06/2014,ALB,NY,AEA,EN,Combined TRACON& Tower with Radar,63,58,12,5,138,0,8,17,11,36,63,66,29,16,174,0,0,0,174
02/07/2014,ALB,NY,AEA,EN,Combined TRACON& Tower with Radar,64,64,16,4,148,0,0,32,0,32,64,64,48,4,180,24,4,28,208
02/08/2014,ALB,NY,AEA,EN,Combined TRACON& Tower with Radar,47,42,22,0,111,0,4,35,0,39,47,46,57,0,150,37,0,37,187
02/09/2014,ALB,NY,AEA,EN,Combined TRACON& Tower with Radar,45,44,5,2,96,0,3,20,0,23,45,47,25,2,119,16,0,16,135
02/10/2014,ALB,NY,AEA,EN,Combined TRACON& Tower with Radar,59,55,20,2,136,0,8,13,0,21,59,63,33,2,157,40,0,40,197
02/11/2014,ALB,NY,AEA,EN,Combined TRACON& Tower with Radar,53,59,24,0,136,0,6,22,2,30,53,65,46,2,166,38,2,40,206
02/12/2014,ALB,NY,AEA,EN,Combined TRACON& Tower with Radar,48,54,17,3,122,0,9,29,4,42,48,63,46,7,164,35,0,35,199
02/13/2014,ALB,NY,AEA,EN,Combined TRACON& Tower with Radar,18,36,7,0,61,0,0,0,0,0,18,36,7,0,61,0,0,0,61
02/14/2014,ALB,NY,AEA,EN,Combined TRACON& Tower with Radar,43,47,14,0,104,0,1,5,0,6,43,48,19,0,110,0,0,0,110
02/15/2014,ALB,NY,AEA,EN,Combined TRACON& Tower with Radar,56,47,7,1,111,0,0,0,0,0,56,47,7,1,111,0,0,0,111
02/16/2014,ALB,NY,AEA,EN,Combined TRACON& Tower with Radar,60,39,11,1,111,0,11,21,0,32,60,50,32,1,143,19,1,20,163
02/17/2014,ALB,NY,AEA,EN,Combined TRACON& Tower with Radar,66,43,27,0,136,0,21,43,0,64,66,64,70,0,200,117,0,117,317
02/18/2014,ALB,NY,AEA,EN,Combined TRACON& Tower with Radar,76,54,14,0,144,0,1,3,0,4,76,55,17,0,148,3,0,3,151
02/19/2014,ALB,NY,AEA,EN,Combined TRACON& Tower with Radar,74,66,12,0,152,0,1,3,0,4,74,67,15,0,156,21,0,21,177
02/20/2014,ALB,NY,AEA,EN,Combined TRACON& Tower with Radar,72,59,25,4,160,0,5,25,7,37,72,64,50,11,197,41,0,41,238
02/21/2014,ALB,NY,AEA,EN,Combined TRACON& Tower with Radar,90,58,18,0,166,0,0,2,0,2,90,58,20,0,168,0,0,0,168
02/22/2014,ALB,NY,AEA,EN,Combined TRACON& Tower with Radar,60,33,30,12,135,0,8,26,0,34,60,41,56,12,169,24,8,32,201
02/23/2014,ALB,NY,AEA,EN,Combined TRACON& Tower with Radar,60,44,17,0,121,0,9,22,0,31,60,53,39,0,152,48,0,48,200
02/24/2014,ALB,NY,AEA,EN,Combined TRACON& Tower with Radar,78,45,16,0,139,0,4,9,0,13,78,49,25,0,152,5,0,5,157
02/25/2014,ALB,NY,AEA,EN,Combined TRACON& Tower with Radar,72,62,28,3,165,0,3,9,2,14,72,65,37,5,179,39,0,39,218
02/26/2014,ALB,NY,AEA,EN,Combined TRACON& Tower with Radar,75,50,25,10,160,0,4,17,5,26,75,54,42,15,186,83,34,117,303
02/27/2014,ALB,NY,AEA,EN,Combined TRACON& Tower with Radar,72,64,8,0,144,0,3,5,5,13,72,67,13,5,157,30,4,34,191
02/28/2014,ALB,NY,AEA,EN,Combined TRACON& Tower with Radar,73,47,12,9,141,0,25,13,1,39,73,72,25,10,180,28,21,49,229
03/01/2014,ALB,NY,AEA,EN,Combined TRACON& Tower with Radar,59,33,19,0,111,0,9,20,0,29,59,42,39,0,140,30,0,30,170
03/02/2014,ALB,NY,AEA,EN,Combined TRACON& Tower with Radar,55,51,8,0,114,0,4,15,0,19,55,55,23,0,133,24,0,24,157
03/03/2014,ALB,NY,AEA,EN,Combined TRACON& Tower with Radar,47,45,6,0,98,0,10,20,0,30,47,55,26,0,128,12,0,12,140
03/04/2014,ALB,NY,AEA,EN,Combined TRACON& Tower with Radar,73,61,13,7,154,0,2,25,1,28,73,63,38,8,182,36,6,42,224
03/05/2014,ALB,NY,AEA,EN,Combined TRACON& Tower with Radar,70,58,15,2,145,0,2,15,2,19,70,60,30,4,164,20,6,26,190
03/06/2014,ALB,NY,AEA,EN,Combined TRACON& Tower with Radar,71,47,8,2,128,0,22,30,8,60,71,69,38,10,188,43,0,43,231
03/07/2014,ALB,NY,AEA,EN,Combined TRACON& Tower with Radar,71,55,18,9,153,0,15,12,7,34,71,70,30,16,187,32,52,84,271
03/08/2014,ALB,NY,AEA,EN,Combined TRACON& Tower with Radar,64,51,6,2,123,0,2,31,8,41,64,53,37,10,164,44,2,46,210
03/09/2014,ALB,NY,AEA,EN,Combined TRACON& Tower with Radar,57,49,12,1,119,0,8,19,9,36,57,57,31,10,155,20,1,21,176
03/10/2014,ALB,NY,AEA,EN,Combined TRACON& Tower with Radar,68,56,6,29,159,0,0,14,2,16,68,56,20,31,175,0,0,0,175
03/11/2014,ALB,NY,AEA,EN,Combined TRACON& Tower with Radar,69,60,18,11,158,0,7,34,14,55,69,67,52,25,213,44,28,72,285
03/12/2014,ALB,NY,AEA,EN,Combined TRACON& Tower with Radar,54,32,4,0,90,0,0,0,0,0,54,32,4,0,90,0,0,0,90
03/13/2014,ALB,NY,AEA,EN,Combined TRACON& Tower with Radar,59,37,17,0,113,0,0,3,4,7,59,37,20,4,120,40,0,40,160
03/14/2014,ALB,NY,AEA,EN,Combined TRACON& Tower with Radar,72,58,16,0,146,0,4,22,0,26,72,62,38,0,172,15,0,15,187
03/15/2014,ALB,NY,AEA,EN,Combined TRACON& Tower with Radar,62,47,12,0,121,0,0,1,0,1,62,47,13,0,122,12,0,12,134
03/16/2014,ALB,NY,AEA,EN,Combined TRACON& Tower with Radar,52,58,18,0,128,0,8,12,0,20,52,66,30,0,148,53,0,53,201
03/17/2014,ALB,NY,AEA,EN,Combined TRACON& Tower with Radar,65,44,17,0,126,0,11,18,0,29,65,55,35,0,155,22,0,22,177
03/18/2014,ALB,NY,AEA,EN,Combined TRACON& Tower with Radar,71,50,27,2,150,0,12,23,2,37,71,62,50,4,187,45,0,45,232
03/19/2014,ALB,NY,AEA,EN,Combined TRACON& Tower with Radar,72,56,22,6,156,0,4,12,0,16,72,60,34,6,172,31,4,35,207
03/20/2014,ALB,NY,AEA,EN,Combined TRACON& Tower with Radar,72,67,12,10,161,0,0,4,15,19,72,67,16,25,180,6,34,40,220
03/21/2014,ALB,NY,AEA,EN,Combined TRACON& Tower with Radar,72,69,11,5,157,0,5,14,9,28,72,74,25,14,185,10,38,48,233
03/22/2014,ALB,NY,AEA,EN,Combined TRACON& Tower with Radar,60,57,4,2,123,0,1,10,0,11,60,58,14,2,134,12,0,12,146
03/23/2014,ALB,NY,AEA,EN,Combined TRACON& Tower with Radar,60,45,7,2,114,0,4,21,0,25,60,49,28,2,139,28,0,28,167
03/24/2014,ALB,NY,AEA,EN,Combined TRACON& Tower with Radar,70,46,15,13,144,0,13,33,2,48,70,59,48,15,192,31,10,41,233
03/25/2014,ALB,NY,AEA,EN,Combined TRACON& Tower with Radar,70,59,13,2,144,0,1,20,2,23,70,60,33,4,167,25,2,27,194
03/26/2014,ALB,NY,AEA,EN,Combined TRACON& Tower with Radar,70,48,6,3,127,0,7,9,1,17,70,55,15,4,144,11,1,12,156
03/27/2014,ALB,NY,AEA,EN,Combined TRACON& Tower with Radar,64,52,23,16,155,0,17,35,6,58,64,69,58,22,213,34,0,34,247
03/28/2014,ALB,NY,AEA,EN,Combined TRACON& Tower with Radar,71,60,16,0,147,0,0,0,0,0,71,60,16,0,147,22,0,22,169
03/29/2014,ALB,NY,AEA,EN,Combined TRACON& Tower with Radar,60,48,18,0,126,0,0,15,0,15,60,48,33,0,141,6,0,6,147
03/30/2014,ALB,NY,AEA,EN,Combined TRACON& Tower with Radar,51,53,4,0,108,0,0,0,0,0,51,53,4,0,108,0,0,0,108
03/31/2014,ALB,NY,AEA,EN,Combined TRACON& Tower with Radar,68,55,11,15,149,0,2,7,2,11,68,57,18,17,160,24,19,43,203
04/01/2014,ALB,NY,AEA,EN,Combined TRACON& Tower with Radar,75,52,19,2,148,0,15,33,0,48,75,67,52,2,196,45,4,49,245
04/02/2014,ALB,NY,AEA,EN,Combined TRACON& Tower with Radar,76,62,14,11,163,0,10,15,7,32,76,72,29,18,195,37,22,59,254
04/03/2014,ALB,NY,AEA,EN,Combined TRACON& Tower with Radar,74,42,26,14,156,0,15,13,3,31,74,57,39,17,187,32,18,50,237
04/04/2014,ALB,NY,AEA,EN,Combined TRACON& Tower with Radar,76,51,18,18,163,0,2,13,0,15,76,53,31,18,178,14,18,32,210
04/05/2014,ALB,NY,AEA,EN,Combined TRACON& Tower with Radar,64,44,15,0,123,0,0,3,6,9,64,44,18,6,132,52,10,62,194
04/06/2014,ALB,NY,AEA,EN,Combined TRACON& Tower with Radar,60,40,19,1,120,0,11,59,1,71,60,51,78,2,191,40,0,40,231
04/07/2014,ALB,NY,AEA,EN,Combined TRACON& Tower with Radar,69,40,19,2,130,0,8,7,0,15,69,48,26,2,145,10,0,10,155
04/08/2014,ALB,NY,AEA,EN,Combined TRACON& Tower with Radar,74,58,20,3,155,0,0,4,1,5,74,58,24,4,160,11,0,11,171
04/09/2014,ALB,NY,AEA,EN,Combined TRACON& Tower with Radar,71,51,12,2,136,0,9,26,5,40,71,60,38,7,176,22,0,22,198
04/10/2014,ALB,NY,AEA,EN,Combined TRACON& Tower with Radar,72,54,27,2,155,0,20,19,8,47,72,74,46,10,202,59,4,63,265
04/11/2014,ALB,NY,AEA,EN,Combined TRACON& Tower with Radar,74,58,13,0,145,0,6,18,4,28,74,64,31,4,173,36,0,36,209
04/12/2014,ALB,NY,AEA,EN,Combined TRACON& Tower with Radar,59,34,17,0,110,0,13,31,2,46,59,47,48,2,156,39,0,39,195
04/13/2014,ALB,NY,AEA,EN,Combined TRACON& Tower with Radar,56,51,15,0,122,0,5,20,1,26,56,56,35,1,148,44,0,44,192
04/14/2014,ALB,NY,AEA,EN,Combined TRACON& Tower with Radar,69,47,13,1,130,0,1,5,3,9,69,48,18,4,139,12,0,12,151
04/15/2014,ALB,NY,AEA,EN,Combined TRACON& Tower with Radar,72,47,11,0,130,0,0,0,0,0,72,47,11,0,130,0,0,0,130
04/16/2014,ALB,NY,AEA,EN,Combined TRACON& Tower with Radar,74,49,21,20,164,0,13,27,7,47,74,62,48,27,211,31,50,81,292
04/17/2014,ALB,NY,AEA,EN,Combined TRACON& Tower with Radar,74,43,13,4,134,0,16,38,6,60,74,59,51,10,194,30,12,42,236
04/18/2014,ALB,NY,AEA,EN,Combined TRACON& Tower with Radar,71,47,23,16,157,0,11,23,4,38,71,58,46,20,195,47,38,85,280
04/19/2014,ALB,NY,AEA,EN,Combined TRACON& Tower with Radar,58,41,11,0,110,0,7,21,0,28,58,48,32,0,138,17,0,17,155
04/20/2014,ALB,NY,AEA,EN,Combined TRACON& Tower with Radar,57,34,12,0,103,0,12,36,0,48,57,46,48,0,151,55,0,55,206
04/21/2014,ALB,NY,AEA,EN,Combined TRACON& Tower with Radar,70,43,12,20,145,0,12,16,0,28,70,55,28,20,173,38,36,74,247
04/22/2014,ALB,NY,AEA,EN,Combined TRACON& Tower with Radar,73,61,13,5,152,0,2,19,4,25,73,63,32,9,177,54,4,58,235
04/23/2014,ALB,NY,AEA,EN,Combined TRACON& Tower with Radar,66,57,8,3,134,0,0,10,1,11,66,57,18,4,145,5,20,25,170
04/24/2014,ALB,NY,AEA,EN,Combined TRACON& Tower with Radar,77,43,14,5,139,0,19,13,12,44,77,62,27,17,183,24,0,24,207
04/25/2014,ALB,NY,AEA,EN,Combined TRACON& Tower with Radar,71,42,24,9,146,0,19,28,7,54,71,61,52,16,200,19,30,49,249
04/26/2014,ALB,NY,AEA,EN,Combined TRACON& Tower with Radar,59,43,17,0,119,0,0,5,0,5,59,43,22,0,124,8,0,8,132
04/27/2014,ALB,NY,AEA,EN,Combined TRACON& Tower with Radar,55,57,7,0,119,0,0,14,0,14,55,57,21,0,133,10,0,10,143
04/28/2014,ALB,NY,AEA,EN,Combined TRACON& Tower with Radar,70,51,23,17,161,0,7,33,2,42,70,58,56,19,203,34,74,108,311
04/29/2014,ALB,NY,AEA,EN,Combined TRACON& Tower with Radar,73,60,21,17,171,0,0,21,4,25,73,60,42,21,196,32,52,84,280
04/30/2014,ALB,NY,AEA,EN,Combined TRACON& Tower with Radar,72,58,31,0,161,0,0,1,0,1,72,58,32,0,162,2,0,2,164
05/01/2014,ALB,NY,AEA,EN,Combined TRACON& Tower with Radar,74,62,25,4,165,0,0,8,2,10,74,62,33,6,175,12,7,19,194
05/02/2014,ALB,NY,AEA,EN,Combined TRACON& Tower with Radar,75,54,23,0,152,0,2,26,4,32,75,56,49,4,184,0,0,0,184
05/03/2014,ALB,NY,AEA,EN,Combined TRACON& Tower with Radar,59,41,13,0,113,0,2,30,0,32,59,43,43,0,145,34,0,34,179
05/04/2014,ALB,NY,AEA,EN,Combined TRACON& Tower with Radar,56,50,10,0,116,0,0,9,0,9,56,50,19,0,125,14,0,14,139
05/05/2014,ALB,NY,AEA,EN,Combined TRACON& Tower with Radar,72,52,18,2,144,0,0,22,4,26,72,52,40,6,170,108,6,114,284
05/06/2014,ALB,NY,AEA,EN,Combined TRACON& Tower with Radar,74,48,20,2,144,0,13,36,2,51,74,61,56,4,195,35,0,35,230
05/07/2014,ALB,NY,AEA,EN,Combined TRACON& Tower with Radar,69,50,18,2,139,0,14,40,14,68,69,64,58,16,207,75,12,87,294
05/08/2014,ALB,NY,AEA,EN,Combined TRACON& Tower with Radar,70,48,14,18,150,0,13,27,13,53,70,61,41,31,203,52,68,120,323
05/09/2014,ALB,NY,AEA,EN,Combined TRACON& Tower with Radar,71,61,26,2,160,0,0,4,2,6,71,61,30,4,166,25,3,28,194
05/10/2014,ALB,NY,AEA,EN,Combined TRACON& Tower with Radar,55,56,11,0,122,0,0,6,0,6,55,56,17,0,128,21,0,21,149
05/11/2014,ALB,NY,AEA,EN,Combined TRACON& Tower with Radar,57,46,7,0,110,0,12,30,0,42,57,58,37,0,152,11,0,11,163
05/12/2014,ALB,NY,AEA,EN,Combined TRACON& Tower with Radar,68,38,17,2,125,0,22,31,3,56,68,60,48,5,181,42,0,42,223
05/13/2014,ALB,NY,AEA,EN,Combined TRACON& Tower with Radar,72,57,36,6,171,0,3,15,7,25,72,60,51,13,196,43,2,45,241
05/14/2014,ALB,NY,AEA,EN,Combined TRACON& Tower with Radar,73,62,14,2,151,0,4,34,4,42,73,66,48,6,193,47,2,49,242
05/15/2014,ALB,NY,AEA,EN,Combined TRACON& Tower with Radar,70,53,32,11,166,0,0,7,4,11,70,53,39,15,177,14,2,16,193
05/16/2014,ALB,NY,AEA,EN,Combined TRACON& Tower with Radar,76,59,20,0,155,0,0,0,0,0,76,59,20,0,155,6,0,6,161
05/17/2014,ALB,NY,AEA,EN,Combined TRACON& Tower with Radar,54,44,23,4,125,0,6,41,2,49,54,50,64,6,174,41,0,41,215
05/18/2014,ALB,NY,AEA,EN,Combined TRACON& Tower with Radar,54,45,14,0,113,0,8,44,2,54,54,53,58,2,167,28,0,28,195
05/19/2014,ALB,NY,AEA,EN,Combined TRACON& Tower with Radar,66,54,16,0,136,0,6,21,2,29,66,60,37,2,165,14,0,14,179
05/20/2014,ALB,NY,AEA,EN,Combined TRACON& Tower with Radar,78,46,19,4,147,0,18,41,3,62,78,64,60,7,209,52,0,52,261
05/21/2014,ALB,NY,AEA,EN,Combined TRACON& Tower with Radar,71,42,17,2,132,0,14,56,2,72,71,56,73,4,204,94,2,96,300
05/22/2014,ALB,NY,AEA,EN,Combined TRACON& Tower with Radar,74,61,19,10,164,0,0,1,2,3,74,61,20,12,167,9,12,21,188
05/23/2014,ALB,NY,AEA,EN,Combined TRACON& Tower with Radar,70,65,40,4,179,0,0,9,0,9,70,65,49,4,188,30,21,51,239
05/24/2014,ALB,NY,AEA,EN,Combined TRACON& Tower with Radar,53,46,20,0,119,0,0,10,0,10,53,46,30,0,129,12,0,12,141
05/25/2014,ALB,NY,AEA,EN,Combined TRACON& Tower with Radar,45,27,13,0,85,0,11,26,0,37,45,38,39,0,122,28,0,28,150
05/26/2014,ALB,NY,AEA,EN,Combined TRACON& Tower with Radar,66,27,13,5,111,0,10,19,1,30,66,37,32,6,141,16,0,16,157
05/27/2014,ALB,NY,AEA,EN,Combined TRACON& Tower with Radar,66,45,24,3,138,0,8,26,0,34,66,53,50,3,172,53,4,57,229
05/28/2014,ALB,NY,AEA,EN,Combined TRACON& Tower with Radar,73,61,33,19,186,0,0,8,2,10,73,61,41,21,196,20,34,54,250
05/29/2014,ALB,NY,AEA,EN,Combined TRACON& Tower with Radar,74,48,27,25,174,0,8,55,9,72,74,56,82,34,246,73,48,121,367
05/30/2014,ALB,NY,AEA,EN,Combined TRACON& Tower with Radar,72,58,14,8,152,0,4,10,2,16,72,62,24,10,168,10,2,12,180
05/31/2014,ALB,NY,AEA,EN,Combined TRACON& Tower with Radar,55,40,14,0,109,0,6,28,0,34,55,46,42,0,143,24,0,24,167
06/01/2014,ALB,NY,AEA,EN,Combined TRACON& Tower with Radar,58,34,11,0,103,0,14,40,0,54,58,48,51,0,157,33,0,33,190
06/02/2014,ALB,NY,AEA,EN,Combined TRACON& Tower with Radar,68,37,22,34,161,0,12,23,6,41,68,49,45,40,202,50,50,100,302
06/03/2014,ALB,NY,AEA,EN,Combined TRACON& Tower with Radar,68,45,10,1,124,0,2,7,5,14,68,47,17,6,138,8,0,8,146
06/04/2014,ALB,NY,AEA,EN,Combined TRACON& Tower with Radar,75,47,27,1,150,0,8,24,3,35,75,55,51,4,185,24,0,24,209
06/05/2014,ALB,NY,AEA,EN,Combined TRACON& Tower with Radar,66,59,30,1,156,0,2,24,7,33,66,61,54,8,189,38,0,38,227
06/06/2014,ALB,NY,AEA,EN,Combined TRACON& Tower with Radar,66,71,20,1,158,0,0,27,3,30,66,71,47,4,188,36,0,36,224
06/07/2014,ALB,NY,AEA,EN,Combined TRACON& Tower with Radar,51,46,16,3,116,0,13,35,5,53,51,59,51,8,169,22,1,23,192
06/08/2014,ALB,NY,AEA,EN,Combined TRACON& Tower with Radar,47,45,12,2,106,0,19,39,0,58,47,64,51,2,164,35,0,35,199
06/09/2014,ALB,NY,AEA,EN,Combined TRACON& Tower with Radar,55,61,30,2,148,0,4,4,2,10,55,65,34,4,158,36,6,42,200
06/10/2014,ALB,NY,AEA,EN,Combined TRACON& Tower with Radar,59,74,42,24,199,0,2,14,2,18,59,76,56,26,217,37,32,69,286
06/11/2014,ALB,NY,AEA,EN,Combined TRACON& Tower with Radar,58,64,15,8,145,0,1,5,0,6,58,65,20,8,151,5,0,5,156
06/12/2014,ALB,NY,AEA,EN,Combined TRACON& Tower with Radar,69,71,31,8,179,0,1,0,4,5,69,72,31,12,184,12,12,24,208
06/13/2014,ALB,NY,AEA,EN,Combined TRACON& Tower with Radar,61,56,11,0,128,0,0,2,0,2,61,56,13,0,130,2,0,2,132
06/14/2014,ALB,NY,AEA,EN,Combined TRACON& Tower with Radar,51,50,26,1,128,0,1,41,0,42,51,51,67,1,170,69,0,69,239
06/15/2014,ALB,NY,AEA,EN,Combined TRACON& Tower with Radar,49,65,17,0,131,0,10,30,0,40,49,75,47,0,171,64,0,64,235
06/16/2014,ALB,NY,AEA,EN,Combined TRACON& Tower with Radar,57,47,11,14,129,0,18,25,10,53,57,65,36,24,182,45,26,71,253
06/17/2014,ALB,NY,AEA,EN,Combined TRACON& Tower with Radar,62,62,13,1,138,0,14,21,2,37,62,76,34,3,175,43,0,43,218
06/18/2014,ALB,NY,AEA,EN,Combined TRACON& Tower with Radar,57,70,13,1,141,0,3,21,3,27,57,73,34,4,168,22,0,22,190
06/19/2014,ALB,NY,AEA,EN,Combined TRACON& Tower with Radar,63,64,31,15,173,0,14,41,8,63,63,78,72,23,236,50,10,60,296
06/20/2014,ALB,NY,AEA,EN,Combined TRACON& Tower with Radar,64,60,22,1,147,0,14,27,3,44,64,74,49,4,191,30,12,42,233
06/21/2014,ALB,NY,AEA,EN,Combined TRACON& Tower with Radar,52,60,7,0,119,0,7,37,0,44,52,67,44,0,163,56,0,56,219
06/22/2014,ALB,NY,AEA,EN,Combined TRACON& Tower with Radar,49,51,14,0,114,0,18,51,1,70,49,69,65,1,184,29,0,29,213
06/23/2014,ALB,NY,AEA,EN,Combined TRACON& Tower with Radar,56,56,19,1,132,0,13,31,1,45,56,69,50,2,177,45,0,45,222
06/24/2014,ALB,NY,AEA,EN,Combined TRACON& Tower with Radar,66,75,19,9,169,0,2,28,5,35,66,77,47,14,204,56,12,68,272
06/25/2014,ALB,NY,AEA,EN,Combined TRACON& Tower with Radar,57,62,18,4,141,0,0,5,2,7,57,62,23,6,148,4,10,14,162
06/26/2014,ALB,NY,AEA,EN,Combined TRACON& Tower with Radar,64,68,30,16,178,0,1,18,8,27,64,69,48,24,205,69,12,81,286
06/27/2014,ALB,NY,AEA,EN,Combined TRACON& Tower with Radar,60,56,21,1,138,0,16,17,2,35,60,72,38,3,173,68,2,70,243
06/28/2014,ALB,NY,AEA,EN,Combined TRACON& Tower with Radar,51,50,22,0,123,0,13,39,0,52,51,63,61,0,175,64,0,64,239
06/29/2014,ALB,NY,AEA,EN,Combined TRACON& Tower with Radar,50,51,22,1,124,0,11,34,0,45,50,62,56,1,169,40,0,40,209
06/30/2014,ALB,NY,AEA,EN,Combined TRACON& Tower with Radar,55,67,28,0,150,0,1,28,5,34,55,68,56,5,184,86,0,86,270
07/01/2014,ALB,NY,AEA,EN,Combined TRACON& Tower with Radar,58,61,17,14,150,0,2,34,1,37,58,63,51,15,187,21,10,31,218
07/02/2014,ALB,NY,AEA,EN,Combined TRACON& Tower with Radar,60,51,11,0,122,0,1,5,2,8,60,52,16,2,130,15,0,15,145
07/03/2014,ALB,NY,AEA,EN,Combined TRACON& Tower with Radar,64,56,16,0,136,0,0,15,0,15,64,56,31,0,151,12,0,12,163
07/04/2014,ALB,NY,AEA,EN,Combined TRACON& Tower with Radar,44,43,25,0,112,0,1,6,0,7,44,44,31,0,119,21,0,21,140
07/05/2014,ALB,NY,AEA,EN,Combined TRACON& Tower with Radar,48,43,12,0,103,0,13,17,0,30,48,56,29,0,133,10,0,10,143
07/06/2014,ALB,NY,AEA,EN,Combined TRACON& Tower with Radar,46,61,21,0,128,0,7,42,0,49,46,68,63,0,177,22,0,22,199
07/07/2014,ALB,NY,AEA,EN,Combined TRACON& Tower with Radar,58,66,15,0,139,0,1,10,2,13,58,67,25,2,152,12,0,12,164
07/08/2014,ALB,NY,AEA,EN,Combined TRACON& Tower with Radar,72,70,13,14,169,0,0,11,1,12,72,70,24,15,181,0,6,6,187
07/09/2014,ALB,NY,AEA,EN,Combined TRACON& Tower with Radar,65,70,22,8,165,0,3,23,5,31,65,73,45,13,196,4,50,54,250
07/10/2014,ALB,NY,AEA,EN,Combined TRACON& Tower with Radar,62,54,13,5,134,0,11,42,3,56,62,65,55,8,190,42,0,42,232
07/11/2014,ALB,NY,AEA,EN,Combined TRACON& Tower with Radar,65,62,25,0,152,0,18,50,0,68,65,80,75,0,220,20,0,20,240
07/12/2014,ALB,NY,AEA,EN,Combined TRACON& Tower with Radar,54,55,25,0,134,0,7,33,0,40,54,62,58,0,174,24,0,24,198
07/13/2014,ALB,NY,AEA,EN,Combined TRACON& Tower with Radar,45,58,15,0,118,0,1,11,0,12,45,59,26,0,130,33,0,33,163
07/14/2014,ALB,NY,AEA,EN,Combined TRACON& Tower with Radar,66,73,20,9,168,0,7,21,3,31,66,80,41,12,199,47,51,98,297
07/15/2014,ALB,NY,AEA,EN,Combined TRACON& Tower with Radar,65,54,11,0,130,0,0,5,0,5,65,54,16,0,135,8,0,8,143
07/16/2014,ALB,NY,AEA,EN,Combined TRACON& Tower with Radar,67,79,33,7,186,0,3,38,3,44,67,82,71,10,230,69,0,69,299
07/17/2014,ALB,NY,AEA,EN,Combined TRACON& Tower with Radar,62,63,36,0,161,0,7,40,3,50,62,70,76,3,211,30,18,48,259
07/18/2014,ALB,NY,AEA,EN,Combined TRACON& Tower with Radar,65,55,27,3,150,0,20,29,6,55,65,75,56,9,205,43,0,43,248
07/19/2014,ALB,NY,AEA,EN,Combined TRACON& Tower with Radar,53,47,18,0,118,0,15,41,1,57,53,62,59,1,175,60,0,60,235
07/20/2014,ALB,NY,AEA,EN,Combined TRACON& Tower with Radar,46,53,27,0,126,0,9,30,0,39,46,62,57,0,165,16,0,16,181
07/21/2014,ALB,NY,AEA,EN,Combined TRACON& Tower with Radar,57,67,10,0,134,0,1,21,1,23,57,68,31,1,157,22,0,22,179
07/22/2014,ALB,NY,AEA,EN,Combined TRACON& Tower with Radar,67,63,15,3,148,0,7,38,5,50,67,70,53,8,198,35,2,37,235
07/23/2014,ALB,NY,AEA,EN,Combined TRACON& Tower with Radar,68,74,20,1,163,0,4,23,12,39,68,78,43,13,202,10,1,11,213
07/24/2014,ALB,NY,AEA,EN,Combined TRACON& Tower with Radar,61,67,27,5,160,0,7,31,6,44,61,74,58,11,204,67,6,73,277
07/25/2014,ALB,NY,AEA,EN,Combined TRACON& Tower with Radar,71,55,26,4,156,0,16,41,2,59,71,71,67,6,215,81,2,83,298
07/26/2014,ALB,NY,AEA,EN,Combined TRACON& Tower with Radar,51,49,19,0,119,0,5,42,0,47,51,54,61,0,166,33,0,33,199
07/27/2014,ALB,NY,AEA,EN,Combined TRACON& Tower with Radar,48,55,16,0,119,0,0,21,0,21,48,55,37,0,140,0,0,0,140
07/28/2014,ALB,NY,AEA,EN,Combined TRACON& Tower with Radar,61,67,21,16,165,0,0,0,0,0,61,67,21,16,165,18,12,30,195
07/29/2014,ALB,NY,AEA,EN,Combined TRACON& Tower with Radar,62,61,26,2,151,0,3,33,1,37,62,64,59,3,188,52,2,54,242
07/30/2014,ALB,NY,AEA,EN,Combined TRACON& Tower with Radar,63,58,38,13,172,0,11,42,2,55,63,69,80,15,227,55,0,55,282
07/31/2014,ALB,NY,AEA,EN,Combined TRACON& Tower with Radar,62,64,20,1,147,0,3,13,2,18,62,67,33,3,165,13,0,13,178
08/01/2014,ALB,NY,AEA,EN,Combined TRACON& Tower with Radar,63,65,28,2,158,0,9,24,3,36,63,74,52,5,194,25,0,25,219
08/02/2014,ALB,NY,AEA,EN,Combined TRACON& Tower with Radar,52,66,19,2,139,0,1,23,2,26,52,67,42,4,165,39,0,39,204
08/03/2014,ALB,NY,AEA,EN,Combined TRACON& Tower with Radar,47,60,27,1,135,0,2,14,0,16,47,62,41,1,151,26,0,26,177
08/04/2014,ALB,NY,AEA,EN,Combined TRACON& Tower with Radar,59,66,22,9,156,0,1,18,2,21,59,67,40,11,177,50,0,50,227
08/05/2014,ALB,NY,AEA,EN,Combined TRACON& Tower with Radar,62,67,19,1,149,0,2,26,2,30,62,69,45,3,179,55,0,55,234
08/06/2014,ALB,NY,AEA,EN,Combined TRACON& Tower with Radar,64,59,32,2,157,0,14,24,3,41,64,73,56,5,198,36,0,36,234
08/07/2014,ALB,NY,AEA,EN,Combined TRACON& Tower with Radar,61,66,24,4,155,0,7,29,9,45,61,73,53,13,200,23,6,29,229
08/08/2014,ALB,NY,AEA,EN,Combined TRACON& Tower with Radar,62,58,38,0,158,0,15,45,2,62,62,73,83,2,220,77,0,77,297
08/09/2014,ALB,NY,AEA,EN,Combined TRACON& Tower with Radar,47,49,14,3,113,0,13,35,0,48,47,62,49,3,161,40,0,40,201
08/10/2014,ALB,NY,AEA,EN,Combined TRACON& Tower with Radar,49,54,28,2,133,0,12,42,0,54,49,66,70,2,187,36,2,38,225
08/11/2014,ALB,NY,AEA,EN,Combined TRACON& Tower with Radar,59,56,18,7,140,0,11,26,7,44,59,67,44,14,184,100,4,104,288
08/12/2014,ALB,NY,AEA,EN,Combined TRACON& Tower with Radar,66,62,5,8,141,0,1,3,10,14,66,63,8,18,155,60,40,100,255
08/13/2014,ALB,NY,AEA,EN,Combined TRACON& Tower with Radar,63,72,20,3,158,0,0,1,1,2,63,72,21,4,160,4,0,4,164
08/14/2014,ALB,NY,AEA,EN,Combined TRACON& Tower with Radar,63,77,20,2,162,0,1,27,5,33,63,78,47,7,195,15,0,15,210
08/15/2014,ALB,NY,AEA,EN,Combined TRACON& Tower with Radar,62,71,27,2,162,0,4,14,1,19,62,75,41,3,181,67,8,75,256
08/16/2014,ALB,NY,AEA,EN,Combined TRACON& Tower with Radar,50,54,18,0,122,0,6,29,2,37,50,60,47,2,159,22,0,22,181
08/17/2014,ALB,NY,AEA,EN,Combined TRACON& Tower with Radar,45,60,25,0,130,0,5,14,0,19,45,65,39,0,149,50,0,50,199
08/18/2014,ALB,NY,AEA,EN,Combined TRACON& Tower with Radar,60,63,16,3,142,0,8,19,1,28,60,71,35,4,170,63,0,63,233
08/19/2014,ALB,NY,AEA,EN,Combined TRACON& Tower with Radar,68,58,20,2,148,0,13,48,6,67,68,71,68,8,215,29,0,29,244
08/20/2014,ALB,NY,AEA,EN,Combined TRACON& Tower with Radar,68,83,22,3,176,0,2,14,9,25,68,85,36,12,201,23,0,23,224
08/21/2014,ALB,NY,AEA,EN,Combined TRACON& Tower with Radar,63,72,28,3,166,0,1,8,5,14,63,73,36,8,180,0,0,0,180
08/22/2014,ALB,NY,AEA,EN,Combined TRACON& Tower with Radar,66,67,23,5,161,0,0,1,4,5,66,67,24,9,166,6,0,6,172
08/23/2014,ALB,NY,AEA,EN,Combined TRACON& Tower with Radar,52,68,22,2,144,0,1,26,0,27,52,69,48,2,171,8,2,10,181
08/24/2014,ALB,NY,AEA,EN,Combined TRACON& Tower with Radar,54,51,20,0,125,0,9,21,0,30,54,60,41,0,155,64,0,64,219
08/25/2014,ALB,NY,AEA,EN,Combined TRACON& Tower with Radar,60,54,20,3,137,0,10,20,5,35,60,64,40,8,172,32,2,34,206
08/26/2014,ALB,NY,AEA,EN,Combined TRACON& Tower with Radar,66,63,19,13,161,0,15,28,5,48,66,78,47,18,209,38,14,52,261
08/27/2014,ALB,NY,AEA,EN,Combined TRACON& Tower with Radar,69,65,27,0,161,0,3,22,13,38,69,68,49,13,199,35,6,41,240
08/28/2014,ALB,NY,AEA,EN,Combined TRACON& Tower with Radar,67,68,25,21,181,0,2,27,11,40,67,70,52,32,221,46,23,69,290
08/29/2014,ALB,NY,AEA,EN,Combined TRACON& Tower with Radar,64,58,19,0,141,0,15,33,3,51,64,73,52,3,192,20,0,20,212
08/30/2014,ALB,NY,AEA,EN,Combined TRACON& Tower with Radar,54,45,12,0,111,0,12,30,0,42,54,57,42,0,153,34,0,34,187
08/31/2014,ALB,NY,AEA,EN,Combined TRACON& Tower with Radar,46,49,16,0,111,0,0,7,0,7,46,49,23,0,118,10,0,10,128
09/01/2014,ALB,NY,AEA,EN,Combined TRACON& Tower with Radar,52,50,23,0,125,0,0,12,0,12,52,50,35,0,137,10,0,10,147
09/02/2014,ALB,NY,AEA,EN,Combined TRACON& Tower with Radar,61,62,16,0,139,0,1,16,0,17,61,63,32,0,156,62,6,68,224
09/03/2014,ALB,NY,AEA,EN,Combined TRACON& Tower with Radar,57,62,18,5,142,0,12,36,11,59,57,74,54,16,201,53,24,77,278
09/04/2014,ALB,NY,AEA,EN,Combined TRACON& Tower with Radar,58,61,13,2,134,0,15,39,12,66,58,76,52,14,200,27,0,27,227
09/05/2014,ALB,NY,AEA,EN,Combined TRACON& Tower with Radar,59,60,10,0,129,0,16,21,2,39,59,76,31,2,168,31,0,31,199
09/06/2014,ALB,NY,AEA,EN,Combined TRACON& Tower with Radar,48,57,12,1,118,0,0,11,0,11,48,57,23,1,129,15,0,15,144
09/07/2014,ALB,NY,AEA,EN,Combined TRACON& Tower with Radar,50,51,21,1,123,0,11,23,0,34,50,62,44,1,157,53,0,53,210
09/08/2014,ALB,NY,AEA,EN,Combined TRACON& Tower with Radar,54,60,22,5,141,0,11,28,3,42,54,71,50,8,183,14,22,36,219
09/09/2014,ALB,NY,AEA,EN,Combined TRACON& Tower with Radar,63,66,21,15,165,0,10,21,9,40,63,76,42,24,205,6,38,44,249
09/10/2014,ALB,NY,AEA,EN,Combined TRACON& Tower with Radar,63,56,27,2,148,0,12,30,8,50,63,68,57,10,198,4,2,6,204
09/11/2014,ALB,NY,AEA,EN,Combined TRACON& Tower with Radar,69,82,26,10,187,0,0,5,2,7,69,82,31,12,194,0,10,10,204
09/12/2014,ALB,NY,AEA,EN,Combined TRACON& Tower with Radar,64,70,15,0,149,0,2,20,4,26,64,72,35,4,175,14,8,22,197
09/13/2014,ALB,NY,AEA,EN,Combined TRACON& Tower with Radar,47,63,27,2,139,0,1,6,0,7,47,64,33,2,146,24,0,24,170
09/14/2014,ALB,NY,AEA,EN,Combined TRACON& Tower with Radar,49,59,27,0,135,0,4,29,0,33,49,63,56,0,168,4,0,4,172
09/15/2014,ALB,NY,AEA,EN,Combined TRACON& Tower with Radar,58,68,19,3,148,0,11,6,3,20,58,79,25,6,168,49,0,49,217
09/16/2014,ALB,NY,AEA,EN,Combined TRACON& Tower with Radar,60,71,26,18,175,0,2,8,0,10,60,73,34,18,185,40,30,70,255
09/17/2014,ALB,NY,AEA,EN,Combined TRACON& Tower with Radar,63,62,15,13,153,0,14,34,1,49,63,76,49,14,202,47,26,73,275
09/18/2014,ALB,NY,AEA,EN,Combined TRACON& Tower with Radar,61,71,33,10,175,0,7,23,0,30,61,78,56,10,205,4,18,22,227
09/19/2014,ALB,NY,AEA,EN,Combined TRACON& Tower with Radar,62,61,18,2,143,0,13,37,0,50,62,74,55,2,193,56,0,56,249
09/20/2014,ALB,NY,AEA,EN,Combined TRACON& Tower with Radar,44,58,18,0,120,0,1,20,0,21,44,59,38,0,141,41,0,41,182
09/21/2014,ALB,NY,AEA,EN,Combined TRACON& Tower with Radar,54,57,20,0,131,0,1,10,0,11,54,58,30,0,142,12,0,12,154
09/22/2014,ALB,NY,AEA,EN,Combined TRACON& Tower with Radar,59,72,25,2,158,0,0,20,0,20,59,72,45,2,178,54,0,54,232
09/23/2014,ALB,NY,AEA,EN,Combined TRACON& Tower with Radar,60,71,12,21,164,0,4,15,1,20,60,75,27,22,184,6,28,34,218
09/24/2014,ALB,NY,AEA,EN,Combined TRACON& Tower with Radar,64,60,31,1,156,0,9,37,14,60,64,69,68,15,216,48,66,114,330
09/25/2014,ALB,NY,AEA,EN,Combined TRACON& Tower with Radar,61,63,23,6,153,0,9,31,4,44,61,72,54,10,197,40,3,43,240
09/26/2014,ALB,NY,AEA,EN,Combined TRACON& Tower with Radar,56,53,24,3,136,0,10,26,0,36,56,63,50,3,172,49,4,53,225
09/27/2014,ALB,NY,AEA,EN,Combined TRACON& Tower with Radar,40,39,22,2,103,0,18,29,0,47,40,57,51,2,150,2,0,2,152
09/28/2014,ALB,NY,AEA,EN,Combined TRACON& Tower with Radar,57,34,15,2,108,0,18,46,0,64,57,52,61,2,172,34,0,34,206
09/29/2014,ALB,NY,AEA,EN,Combined TRACON& Tower with Radar,56,61,23,1,141,0,6,11,1,18,56,67,34,2,159,67,0,67,226
09/30/2014,ALB,NY,AEA,EN,Combined TRACON& Tower with Radar,55,66,16,1,138,0,0,14,1,15,55,66,30,2,153,40,0,40,193
10/01/2014,ALB,NY,AEA,EN,Combined TRACON& Tower with Radar,59,80,25,4,168,0,0,15,1,16,59,80,40,5,184,30,0,30,214
10/02/2014,ALB,NY,AEA,EN,Combined TRACON& Tower with Radar,65,80,25,2,172,0,4,23,2,29,65,84,48,4,201,62,0,62,263
10/03/2014,ALB,NY,AEA,EN,Combined TRACON& Tower with Radar,63,58,15,0,136,0,14,28,0,42,63,72,43,0,178,38,0,38,216
10/04/2014,ALB,NY,AEA,EN,Combined TRACON& Tower with Radar,47,55,25,0,127,0,0,0,0,0,47,55,25,0,127,4,0,4,131
10/05/2014,ALB,NY,AEA,EN,Combined TRACON& Tower with Radar,56,42,23,0,121,0,11,37,1,49,56,53,60,1,170,62,0,62,232
10/06/2014,ALB,NY,AEA,EN,Combined TRACON& Tower with Radar,56,59,16,21,152,0,6,22,2,30,56,65,38,23,182,35,28,63,245
10/07/2014,ALB,NY,AEA,EN,Combined TRACON& Tower with Radar,62,65,20,4,151,0,4,2,3,9,62,69,22,7,160,24,14,38,198
10/08/2014,ALB,NY,AEA,EN,Combined TRACON& Tower with Radar,64,69,19,12,164,0,0,14,4,18,64,69,33,16,182,20,34,54,236
10/09/2014,ALB,NY,AEA,EN,Combined TRACON& Tower with Radar,61,67,22,5,155,0,6,26,1,33,61,73,48,6,188,33,0,33,221
10/10/2014,ALB,NY,AEA,EN,Combined TRACON& Tower with Radar,63,73,20,4,160,0,5,33,0,38,63,78,53,4,198,21,10,31,229
10/11/2014,ALB,NY,AEA,EN,Combined TRACON& Tower with Radar,47,58,22,0,127,0,2,23,0,25,47,60,45,0,152,40,0,40,192
10/12/2014,ALB,NY,AEA,EN,Combined TRACON& Tower with Radar,54,39,16,2,111,0,16,54,0,70,54,55,70,2,181,76,0,76,257
10/13/2014,ALB,NY,AEA,EN,Combined TRACON& Tower with Radar,57,60,14,1,132,0,1,9,0,10,57,61,23,1,142,51,0,51,193
10/14/2014,ALB,NY,AEA,EN,Combined TRACON& Tower with Radar,63,70,29,4,166,0,1,11,1,13,63,71,40,5,179,4,6,10,189
10/15/2014,ALB,NY,AEA,EN,Combined TRACON& Tower with Radar,62,64,25,4,155,0,1,5,3,9,62,65,30,7,164,10,0,10,174
10/16/2014,ALB,NY,AEA,EN,Combined TRACON& Tower with Radar,65,70,15,3,153,0,1,5,2,8,65,71,20,5,161,6,4,10,171
10/17/2014,ALB,NY,AEA,EN,Combined TRACON& Tower with Radar,64,72,42,3,181,0,2,30,6,38,64,74,72,9,219,30,0,30,249
10/18/2014,ALB,NY,AEA,EN,Combined TRACON& Tower with Radar,43,60,22,0,125,0,1,14,2,17,43,61,36,2,142,14,0,14,156
10/19/2014,ALB,NY,AEA,EN,Combined TRACON& Tower with Radar,56,53,15,1,125,0,0,9,1,10,56,53,24,2,135,34,2,36,171
10/20/2014,ALB,NY,AEA,EN,Combined TRACON& Tower with Radar,59,65,26,0,150,0,0,35,0,35,59,65,61,0,185,27,0,27,212
10/21/2014,ALB,NY,AEA,EN,Combined TRACON& Tower with Radar,74,74,24,0,172,0,3,2,0,5,74,77,26,0,177,20,0,20,197
10/22/2014,ALB,NY,AEA,EN,Combined TRACON& Tower with Radar,73,70,19,22,184,0,0,4,0,4,73,70,23,22,188,25,36,61,249
10/23/2014,ALB,NY,AEA,EN,Combined TRACON& Tower with Radar,63,74,17,12,166,0,0,4,0,4,63,74,21,12,170,24,6,30,200
10/24/2014,ALB,NY,AEA,EN,Combined TRACON& Tower with Radar,66,75,33,0,174,0,0,4,0,4,66,75,37,0,178,12,0,12,190
10/25/2014,ALB,NY,AEA,EN,Combined TRACON& Tower with Radar,45,65,26,0,136,0,4,35,2,41,45,69,61,2,177,38,0,38,215
10/26/2014,ALB,NY,AEA,EN,Combined TRACON& Tower with Radar,46,67,18,2,133,0,0,12,1,13,46,67,30,3,146,14,0,14,160
10/27/2014,ALB,NY,AEA,EN,Combined TRACON& Tower with Radar,55,64,18,18,155,0,4,33,6,43,55,68,51,24,198,28,18,46,244
10/28/2014,ALB,NY,AEA,EN,Combined TRACON& Tower with Radar,57,78,23,9,167,0,10,47,10,67,57,88,70,19,234,24,16,40,274
10/29/2014,ALB,NY,AEA,EN,Combined TRACON& Tower with Radar,57,70,26,22,175,0,1,20,14,35,57,71,46,36,210,28,18,46,256
10/30/2014,ALB,NY,AEA,EN,Combined TRACON& Tower with Radar,59,72,25,17,173,0,1,34,0,35,59,73,59,17,208,0,0,0,208
10/31/2014,ALB,NY,AEA,EN,Combined TRACON& Tower with Radar,50,62,19,0,131,0,3,23,0,26,50,65,42,0,157,37,0,37,194
11/01/2014,ALB,NY,AEA,EN,Combined TRACON& Tower with Radar,41,49,19,0,109,0,0,2,0,2,41,49,21,0,111,4,0,4,115
11/02/2014,ALB,NY,AEA,EN,Combined TRACON& Tower with Radar,45,45,8,0,98,0,4,4,0,8,45,49,12,0,106,30,18,48,154
11/03/2014,ALB,NY,AEA,EN,Combined TRACON& Tower with Radar,56,65,19,13,153,0,8,34,0,42,56,73,53,13,195,26,0,26,221
11/04/2014,ALB,NY,AEA,EN,Combined TRACON& Tower with Radar,61,73,22,0,156,0,1,20,2,23,61,74,42,2,179,0,0,0,179
11/05/2014,ALB,NY,AEA,EN,Combined TRACON& Tower with Radar,59,72,22,11,164,0,3,27,11,41,59,75,49,22,205,12,10,22,227
11/06/2014,ALB,NY,AEA,EN,Combined TRACON& Tower with Radar,59,71,24,2,156,0,2,8,0,10,59,73,32,2,166,7,0,7,173
11/07/2014,ALB,NY,AEA,EN,Combined TRACON& Tower with Radar,60,67,25,0,152,0,0,16,2,18,60,67,41,2,170,4,0,4,174
11/08/2014,ALB,NY,AEA,EN,Combined TRACON& Tower with Radar,44,48,16,0,108,0,2,38,1,41,44,50,54,1,149,22,0,22,171
11/09/2014,ALB,NY,AEA,EN,Combined TRACON& Tower with Radar,51,56,24,0,131,0,4,39,0,43,51,60,63,0,174,14,6,20,194
11/10/2014,ALB,NY,AEA,EN,Combined TRACON& Tower with Radar,55,62,18,4,139,0,8,35,0,43,55,70,53,4,182,22,0,22,204
11/11/2014,ALB,NY,AEA,EN,Combined TRACON& Tower with Radar,59,55,19,0,133,0,13,25,0,38,59,68,44,0,171,40,0,40,211
11/12/2014,ALB,NY,AEA,EN,Combined TRACON& Tower with Radar,59,75,19,23,176,0,1,7,4,12,59,76,26,27,188,16,18,34,222
11/13/2014,ALB,NY,AEA,EN,Combined TRACON& Tower with Radar,64,72,16,3,155,0,1,19,3,23,64,73,35,6,178,30,0,30,208
11/14/2014,ALB,NY,AEA,EN,Combined TRACON& Tower with Radar,62,79,16,4,161,0,0,18,0,18,62,79,34,4,179,24,0,24,203
11/15/2014,ALB,NY,AEA,EN,Combined TRACON& Tower with Radar,51,46,28,2,127,0,13,45,3,61,51,59,73,5,188,18,0,18,206
11/16/2014,ALB,NY,AEA,EN,Combined TRACON& Tower with Radar,44,62,18,0,124,0,0,17,2,19,44,62,35,2,143,28,0,28,171
11/17/2014,ALB,NY,AEA,EN,Combined TRACON& Tower with Radar,53,56,19,0,128,0,0,0,0,0,53,56,19,0,128,4,0,4,132
11/18/2014,ALB,NY,AEA,EN,Combined TRACON& Tower with Radar,61,81,15,6,163,0,2,2,2,6,61,83,17,8,169,7,0,7,176
11/19/2014,ALB,NY,AEA,EN,Combined TRACON& Tower with Radar,58,79,21,10,168,0,1,23,17,41,58,80,44,27,209,36,2,38,247
11/20/2014,ALB,NY,AEA,EN,Combined TRACON& Tower with Radar,60,75,17,2,154,0,1,12,3,16,60,76,29,5,170,8,0,8,178
11/21/2014,ALB,NY,AEA,EN,Combined TRACON& Tower with Radar,62,69,15,11,157,0,2,13,2,17,62,71,28,13,174,0,12,12,186
11/22/2014,ALB,NY,AEA,EN,Combined TRACON& Tower with Radar,48,48,13,0,109,0,1,30,0,31,48,49,43,0,140,20,0,20,160
11/23/2014,ALB,NY,AEA,EN,Combined TRACON& Tower with Radar,45,54,14,0,113,0,1,29,3,33,45,55,43,3,146,18,0,18,164
11/24/2014,ALB,NY,AEA,EN,Combined TRACON& Tower with Radar,51,69,13,2,135,0,2,7,0,9,51,71,20,2,144,12,14,26,170
11/25/2014,ALB,NY,AEA,EN,Combined TRACON& Tower with Radar,58,76,19,3,156,0,4,19,2,25,58,80,38,5,181,30,0,30,211
11/26/2014,ALB,NY,AEA,EN,Combined TRACON& Tower with Radar,69,40,3,0,112,0,1,2,0,3,69,41,5,0,115,4,0,4,119
11/27/2014,ALB,NY,AEA,EN,Combined TRACON& Tower with Radar,40,46,3,0,89,0,0,1,0,1,40,46,4,0,90,10,0,10,100
11/28/2014,ALB,NY,AEA,EN,Combined TRACON& Tower with Radar,37,56,16,1,110,0,4,29,2,35,37,60,45,3,145,2,0,2,147
11/29/2014,ALB,NY,AEA,EN,Combined TRACON& Tower with Radar,45,51,27,0,123,0,7,22,0,29,45,58,49,0,152,14,0,14,166
11/30/2014,ALB,NY,AEA,EN,Combined TRACON& Tower with Radar,51,63,12,0,126,0,0,21,0,21,51,63,33,0,147,19,0,19,166
12/01/2014,ALB,NY,AEA,EN,Combined TRACON& Tower with Radar,62,66,15,0,143,0,0,10,0,10,62,66,25,0,153,8,0,8,161
12/02/2014,ALB,NY,AEA,EN,Combined TRACON& Tower with Radar,61,75,19,6,161,0,1,14,2,17,61,76,33,8,178,21,0,21,199
12/03/2014,ALB,NY,AEA,EN,Combined TRACON& Tower with Radar,60,71,9,2,142,0,0,0,0,0,60,71,9,2,142,0,0,0,142
12/04/2014,ALB,NY,AEA,EN,Combined TRACON& Tower with Radar,61,77,33,9,180,0,5,36,15,56,61,82,69,24,236,35,29,64,300
12/05/2014,ALB,NY,AEA,EN,Combined TRACON& Tower with Radar,59,66,22,3,150,0,5,32,3,40,59,71,54,6,190,10,12,22,212
12/06/2014,ALB,NY,AEA,EN,Combined TRACON& Tower with Radar,40,44,10,0,94,0,0,0,0,0,40,44,10,0,94,20,0,20,114
12/07/2014,ALB,NY,AEA,EN,Combined TRACON& Tower with Radar,47,52,15,2,116,0,9,57,3,69,47,61,72,5,185,62,0,62,247
12/08/2014,ALB,NY,AEA,EN,Combined TRACON& Tower with Radar,52,63,16,0,131,0,2,10,1,13,52,65,26,1,144,13,0,13,157
12/09/2014,ALB,NY,AEA,EN,Combined TRACON& Tower with Radar,56,40,16,0,112,0,0,0,0,0,56,40,16,0,112,12,0,12,124
12/10/2014,ALB,NY,AEA,EN,Combined TRACON& Tower with Radar,60,54,9,2,125,0,0,0,0,0,60,54,9,2,125,0,0,0,125
12/11/2014,ALB,NY,AEA,EN,Combined TRACON& Tower with Radar,54,66,27,0,147,0,0,2,3,5,54,66,29,3,152,6,0,6,158
12/12/2014,ALB,NY,AEA,EN,Combined TRACON& Tower with Radar,60,70,14,6,150,0,0,7,4,11,60,70,21,10,161,11,0,11,172
12/13/2014,ALB,NY,AEA,EN,Combined TRACON& Tower with Radar,43,52,13,0,108,0,0,13,0,13,43,52,26,0,121,12,0,12,133
12/14/2014,ALB,NY,AEA,EN,Combined TRACON& Tower with Radar,44,55,24,0,123,0,0,8,0,8,44,55,32,0,131,14,0,14,145
12/15/2014,ALB,NY,AEA,EN,Combined TRACON& Tower with Radar,51,72,28,3,154,0,1,13,2,16,51,73,41,5,170,13,0,13,183
12/16/2014,ALB,NY,AEA,EN,Combined TRACON& Tower with Radar,58,72,14,11,155,0,0,9,2,11,58,72,23,13,166,18,6,24,190
12/17/2014,ALB,NY,AEA,EN,Combined TRACON& Tower with Radar,58,75,17,13,163,0,0,3,3,6,58,75,20,16,169,37,19,56,225
12/18/2014,ALB,NY,AEA,EN,Combined TRACON& Tower with Radar,60,65,16,29,170,0,0,16,21,37,60,65,32,50,207,6,56,62,269
12/19/2014,ALB,NY,AEA,EN,Combined TRACON& Tower with Radar,64,84,29,0,177,0,0,21,8,29,64,84,50,8,206,12,10,22,228
12/20/2014,ALB,NY,AEA,EN,Combined TRACON& Tower with Radar,46,63,24,0,133,0,0,57,0,57,46,63,81,0,190,68,0,68,258
12/21/2014,ALB,NY,AEA,EN,Combined TRACON& Tower with Radar,50,57,9,0,116,0,0,10,0,10,50,57,19,0,126,12,0,12,138
12/22/2014,ALB,NY,AEA,EN,Combined TRACON& Tower with Radar,60,65,7,0,132,0,0,6,3,9,60,65,13,3,141,22,0,22,163
12/23/2014,ALB,NY,AEA,EN,Combined TRACON& Tower with Radar,54,78,23,0,155,0,0,0,0,0,54,78,23,0,155,0,10,10,165
12/24/2014,ALB,NY,AEA,EN,Combined TRACON& Tower with Radar,52,52,10,4,118,0,0,0,0,0,52,52,10,4,118,4,0,4,122
12/25/2014,ALB,NY,AEA,EN,Combined TRACON& Tower with Radar,39,37,3,0,79,0,0,1,0,1,39,37,4,0,80,1,0,1,81
12/26/2014,ALB,NY,AEA,EN,Combined TRACON& Tower with Radar,62,65,13,0,140,0,2,44,0,46,62,67,57,0,186,24,0,24,210
12/27/2014,ALB,NY,AEA,EN,Combined TRACON& Tower with Radar,48,57,22,0,127,0,0,45,0,45,48,57,67,0,172,64,0,64,236
12/28/2014,ALB,NY,AEA,EN,Combined TRACON& Tower with Radar,53,62,3,0,118,0,0,10,0,10,53,62,13,0,128,4,0,4,132
12/29/2014,ALB,NY,AEA,EN,Combined TRACON& Tower with Radar,54,66,8,3,131,0,0,19,6,25,54,66,27,9,156,12,8,20,176
12/30/2014,ALB,NY,AEA,EN,Combined TRACON& Tower with Radar,63,76,11,3,153,0,6,18,9,33,63,82,29,12,186,29,2,31,217
12/31/2014,ALB,NY,AEA,EN,Combined TRACON& Tower with Radar,53,54,9,2,118,0,1,13,0,14,53,55,22,2,132,15,2,17,149
01/01/2015,ALB,NY,AEA,EN,Combined TRACON& Tower with Radar,44,36,3,0,83,0,2,20,0,22,44,38,23,0,105,14,0,14,119
01/02/2015,ALB,NY,AEA,EN,Combined TRACON& Tower with Radar,53,61,6,0,120,0,0,9,0,9,53,61,15,0,129,8,0,8,137
01/03/2015,ALB,NY,AEA,EN,Combined TRACON& Tower with Radar,45,48,18,0,111,0,3,32,0,35,45,51,50,0,146,14,0,14,160
01/04/2015,ALB,NY,AEA,EN,Combined TRACON& Tower with Radar,59,55,14,0,128,0,0,0,0,0,59,55,14,0,128,0,0,0,128
01/05/2015,ALB,NY,AEA,EN,Combined TRACON& Tower with Radar,56,59,8,8,131,0,0,3,4,7,56,59,11,12,138,5,8,13,151
01/06/2015,ALB,NY,AEA,EN,Combined TRACON& Tower with Radar,55,59,8,0,122,0,0,3,0,3,55,59,11,0,125,18,0,18,143
01/07/2015,ALB,NY,AEA,EN,Combined TRACON& Tower with Radar,60,62,9,6,137,0,2,4,8,14,60,64,13,14,151,0,0,0,151
01/08/2015,ALB,NY,AEA,EN,Combined TRACON& Tower with Radar,53,74,9,1,137,0,1,15,7,23,53,75,24,8,160,3,0,3,163
01/09/2015,ALB,NY,AEA,EN,Combined TRACON& Tower with Radar,59,65,13,4,141,0,1,10,0,11,59,66,23,4,152,4,0,4,156
01/10/2015,ALB,NY,AEA,EN,Combined TRACON& Tower with Radar,53,40,16,2,111,0,3,32,16,51,53,43,48,18,162,22,10,32,194
01/11/2015,ALB,NY,AEA,EN,Combined TRACON& Tower with Radar,48,49,15,3,115,0,2,19,3,24,48,51,34,6,139,37,0,37,176
01/12/2015,ALB,NY,AEA,EN,Combined TRACON& Tower with Radar,47,54,5,0,106,0,0,0,0,0,47,54,5,0,106,10,0,10,116
01/13/2015,ALB,NY,AEA,EN,Combined TRACON& Tower with Radar,59,59,14,4,136,0,6,13,4,23,59,65,27,8,159,14,2,16,175
01/14/2015,ALB,NY,AEA,EN,Combined TRACON& Tower with Radar,57,53,14,0,124,0,7,17,6,30,57,60,31,6,154,12,0,12,166
01/15/2015,ALB,NY,AEA,EN,Combined TRACON& Tower with Radar,57,59,14,25,155,0,2,22,15,39,57,61,36,40,194,7,52,59,253
01/16/2015,ALB,NY,AEA,EN,Combined TRACON& Tower with Radar,59,60,13,0,132,0,2,5,0,7,59,62,18,0,139,0,0,0,139
01/17/2015,ALB,NY,AEA,EN,Combined TRACON& Tower with Radar,51,30,14,0,95,0,15,43,0,58,51,45,57,0,153,28,0,28,181
01/18/2015,ALB,NY,AEA,EN,Combined TRACON& Tower with Radar,44,43,4,0,91,0,0,2,0,2,44,43,6,0,93,0,0,0,93
01/19/2015,ALB,NY,AEA,EN,Combined TRACON& Tower with Radar,49,50,14,0,113,0,0,8,0,8,49,50,22,0,121,2,0,2,123
01/20/2015,ALB,NY,AEA,EN,Combined TRACON& Tower with Radar,56,66,21,1,144,0,4,28,5,37,56,70,49,6,181,20,0,20,201
01/21/2015,ALB,NY,AEA,EN,Combined TRACON& Tower with Radar,60,51,17,2,130,0,17,21,3,41,60,68,38,5,171,0,0,0,171
01/22/2015,ALB,NY,AEA,EN,Combined TRACON& Tower with Radar,63,59,15,10,147,0,5,15,7,27,63,64,30,17,174,4,12,16,190
01/23/2015,ALB,NY,AEA,EN,Combined TRACON& Tower with Radar,58,50,18,1,127,0,4,26,0,30,58,54,44,1,157,83,0,83,240
01/24/2015,ALB,NY,AEA,EN,Combined TRACON& Tower with Radar,57,49,6,0,112,0,0,2,0,2,57,49,8,0,114,0,0,0,114
01/25/2015,ALB,NY,AEA,EN,Combined TRACON& Tower with Radar,45,54,14,0,113,0,4,28,0,32,45,58,42,0,145,12,0,12,157
01/26/2015,ALB,NY,AEA,EN,Combined TRACON& Tower with Radar,50,47,19,4,120,0,0,6,0,6,50,47,25,4,126,4,4,8,134
01/27/2015,ALB,NY,AEA,EN,Combined TRACON& Tower with Radar,15,11,4,1,31,0,0,0,0,0,15,11,4,1,31,0,0,0,31
01/28/2015,ALB,NY,AEA,EN,Combined TRACON& Tower with Radar,48,49,13,5,115,0,10,26,10,46,48,59,39,15,161,14,0,14,175
01/29/2015,ALB,NY,AEA,EN,Combined TRACON& Tower with Radar,62,47,9,4,122,0,10,21,9,40,62,57,30,13,162,0,0,0,162
01/30/2015,ALB,NY,AEA,EN,Combined TRACON& Tower with Radar,59,55,9,3,126,0,0,1,0,1,59,55,10,3,127,0,0,0,127
01/31/2015,ALB,NY,AEA,EN,Combined TRACON& Tower with Radar,54,31,10,1,96,0,18,10,0,28,54,49,20,1,124,22,0,22,146
02/01/2015,ALB,NY,AEA,EN,Combined TRACON& Tower with Radar,32,34,11,0,77,0,9,42,0,51,32,43,53,0,128,13,0,13,141
02/02/2015,ALB,NY,AEA,EN,Combined TRACON& Tower with Radar,26,12,4,0,42,0,0,0,0,0,26,12,4,0,42,0,0,0,42
02/03/2015,ALB,NY,AEA,EN,Combined TRACON& Tower with Radar,50,63,12,1,126,0,3,19,4,26,50,66,31,5,152,10,0,10,162
02/04/2015,ALB,NY,AEA,EN,Combined TRACON& Tower with Radar,58,58,10,18,144,0,1,3,6,10,58,59,13,24,154,12,30,42,196
02/05/2015,ALB,NY,AEA,EN,Combined TRACON& Tower with Radar,59,54,14,2,129,0,5,5,4,14,59,59,19,6,143,20,0,20,163
02/06/2015,ALB,NY,AEA,EN,Combined TRACON& Tower with Radar,60,61,14,0,135,0,4,31,4,39,60,65,45,4,174,44,0,44,218
02/07/2015,ALB,NY,AEA,EN,Combined TRACON& Tower with Radar,55,43,18,3,119,0,1,0,1,2,55,44,18,4,121,12,2,14,135
02/08/2015,ALB,NY,AEA,EN,Combined TRACON& Tower with Radar,48,36,6,0,90,0,0,0,0,0,48,36,6,0,90,18,0,18,108
02/09/2015,ALB,NY,AEA,EN,Combined TRACON& Tower with Radar,34,26,7,1,68,0,0,0,0,0,34,26,7,1,68,0,0,0,68
02/10/2015,ALB,NY,AEA,EN,Combined TRACON& Tower with Radar,58,59,6,1,124,0,1,6,8,15,58,60,12,9,139,23,0,23,162
02/11/2015,ALB,NY,AEA,EN,Combined TRACON& Tower with Radar,61,53,23,6,143,0,8,41,17,66,61,61,64,23,209,0,0,0,209
02/12/2015,ALB,NY,AEA,EN,Combined TRACON& Tower with Radar,56,54,7,3,120,0,0,5,2,7,56,54,12,5,127,26,0,26,153
02/13/2015,ALB,NY,AEA,EN,Combined TRACON& Tower with Radar,55,59,7,3,124,0,8,25,5,38,55,67,32,8,162,0,0,0,162
02/14/2015,ALB,NY,AEA,EN,Combined TRACON& Tower with Radar,45,44,3,0,92,0,1,4,0,5,45,45,7,0,97,2,0,2,99
02/15/2015,ALB,NY,AEA,EN,Combined TRACON& Tower with Radar,41,33,5,0,79,0,2,4,0,6,41,35,9,0,85,0,0,0,85
02/16/2015,ALB,NY,AEA,EN,Combined TRACON& Tower with Radar,46,40,13,2,101,0,13,25,0,38,46,53,38,2,139,12,0,12,151
02/17/2015,ALB,NY,AEA,EN,Combined TRACON& Tower with Radar,53,55,18,2,128,0,4,21,2,27,53,59,39,4,155,32,0,32,187
02/18/2015,ALB,NY,AEA,EN,Combined TRACON& Tower with Radar,55,68,13,2,138,0,1,21,10,32,55,69,34,12,170,48,0,48,218
02/19/2015,ALB,NY,AEA,EN,Combined TRACON& Tower with Radar,61,63,13,5,142,0,1,1,1,3,61,64,14,6,145,0,0,0,145
02/20/2015,ALB,NY,AEA,EN,Combined TRACON& Tower with Radar,54,55,9,5,123,0,11,10,4,25,54,66,19,9,148,24,0,24,172
02/21/2015,ALB,NY,AEA,EN,Combined TRACON& Tower with Radar,42,38,14,0,94,0,1,9,0,10,42,39,23,0,104,0,0,0,104
02/22/2015,ALB,NY,AEA,EN,Combined TRACON& Tower with Radar,51,43,9,0,103,0,2,19,1,22,51,45,28,1,125,14,0,14,139
02/23/2015,ALB,NY,AEA,EN,Combined TRACON& Tower with Radar,52,50,14,18,134,0,4,12,7,23,52,54,26,25,157,20,22,42,199
02/24/2015,ALB,NY,AEA,EN,Combined TRACON& Tower with Radar,59,65,17,3,144,0,10,24,1,35,59,75,41,4,179,12,0,12,191
02/25/2015,ALB,NY,AEA,EN,Combined TRACON& Tower with Radar,60,62,13,2,137,0,6,18,10,34,60,68,31,12,171,10,0,10,181
02/26/2015,ALB,NY,AEA,EN,Combined TRACON& Tower with Radar,64,69,18,3,154,0,4,16,14,34,64,73,34,17,188,22,22,44,232
02/27/2015,ALB,NY,AEA,EN,Combined TRACON& Tower with Radar,57,55,18,2,132,0,5,24,0,29,57,60,42,2,161,13,0,13,174
02/28/2015,ALB,NY,AEA,EN,Combined TRACON& Tower with Radar,49,45,16,0,110,0,7,45,0,52,49,52,61,0,162,25,0,25,187
03/01/2015,ALB,NY,AEA,EN,Combined TRACON& Tower with Radar,51,52,14,0,117,0,0,3,0,3,51,52,17,0,120,0,0,0,120
03/02/2015,ALB,NY,AEA,EN,Combined TRACON& Tower with Radar,51,54,14,3,122,0,0,0,1,1,51,54,14,4,123,8,0,8,131
03/03/2015,ALB,NY,AEA,EN,Combined TRACON& Tower with Radar,56,51,14,2,123,0,2,8,4,14,56,53,22,6,137,28,0,28,165
03/04/2015,ALB,NY,AEA,EN,Combined TRACON& Tower with Radar,59,65,15,28,167,0,1,6,11,18,59,66,21,39,185,0,0,0,185
03/05/2015,ALB,NY,AEA,EN,Combined TRACON& Tower with Radar,51,47,10,4,112,0,3,17,13,33,51,50,27,17,145,12,68,80,225
03/06/2015,ALB,NY,AEA,EN,Combined TRACON& Tower with Radar,60,36,21,25,142,0,12,27,3,42,60,48,48,28,184,31,38,69,253
03/07/2015,ALB,NY,AEA,EN,Combined TRACON& Tower with Radar,56,47,18,1,122,0,2,24,7,33,56,49,42,8,155,70,24,94,249
03/08/2015,ALB,NY,AEA,EN,Combined TRACON& Tower with Radar,56,51,10,2,119,0,1,12,4,17,56,52,22,6,136,46,0,46,182
03/09/2015,ALB,NY,AEA,EN,Combined TRACON& Tower with Radar,67,47,14,18,146,0,3,22,4,29,67,50,36,22,175,49,27,76,251
03/10/2015,ALB,NY,AEA,EN,Combined TRACON& Tower with Radar,65,56,8,4,133,0,4,18,5,27,65,60,26,9,160,26,0,26,186
03/11/2015,ALB,NY,AEA,EN,Combined TRACON& Tower with Radar,68,59,16,18,161,0,2,26,8,36,68,61,42,26,197,57,15,72,269
03/12/2015,ALB,NY,AEA,EN,Combined TRACON& Tower with Radar,68,54,15,5,142,0,6,23,10,39,68,60,38,15,181,35,28,63,244
03/13/2015,ALB,NY,AEA,EN,Combined TRACON& Tower with Radar,66,42,15,8,131,0,13,40,0,53,66,55,55,8,184,44,8,52,236
03/14/2015,ALB,NY,AEA,EN,Combined TRACON& Tower with Radar,55,40,4,0,99,0,0,0,0,0,55,40,4,0,99,0,0,0,99
03/15/2015,ALB,NY,AEA,EN,Combined TRACON& Tower with Radar,57,48,4,0,109,0,0,1,0,1,57,48,5,0,110,9,0,9,119
03/16/2015,ALB,NY,AEA,EN,Combined TRACON& Tower with Radar,62,47,26,18,153,0,8,42,8,58,62,55,68,26,211,57,62,119,330
03/17/2015,ALB,NY,AEA,EN,Combined TRACON& Tower with Radar,64,64,7,1,136,0,0,2,3,5,64,64,9,4,141,138,0,138,279
03/18/2015,ALB,NY,AEA,EN,Combined TRACON& Tower with Radar,74,60,11,1,146,0,4,10,4,18,74,64,21,5,164,143,2,145,309
03/19/2015,ALB,NY,AEA,EN,Combined TRACON& Tower with Radar,67,44,18,2,131,0,14,59,12,85,67,58,77,14,216,119,0,119,335
03/20/2015,ALB,NY,AEA,EN,Combined TRACON& Tower with Radar,64,55,8,2,129,0,3,6,0,9,64,58,14,2,138,36,0,36,174
03/21/2015,ALB,NY,AEA,EN,Combined TRACON& Tower with Radar,59,47,10,0,116,0,1,7,0,8,59,48,17,0,124,32,0,32,156
03/22/2015,ALB,NY,AEA,EN,Combined TRACON& Tower with Radar,56,43,8,0,107,0,2,20,0,22,56,45,28,0,129,8,0,8,137
03/23/2015,ALB,NY,AEA,EN,Combined TRACON& Tower with Radar,59,36,19,1,115,0,10,26,3,39,59,46,45,4,154,78,0,78,232
03/24/2015,ALB,NY,AEA,EN,Combined TRACON& Tower with Radar,62,50,18,7,137,0,12,34,2,48,62,62,52,9,185,75,0,75,260
03/25/2015,ALB,NY,AEA,EN,Combined TRACON& Tower with Radar,69,56,3,5,133,0,7,22,10,39,69,63,25,15,172,6,0,6,178
03/26/2015,ALB,NY,AEA,EN,Combined TRACON& Tower with Radar,68,54,15,3,140,0,0,0,0,0,68,54,15,3,140,0,0,0,140
03/27/2015,ALB,NY,AEA,EN,Combined TRACON& Tower with Radar,68,57,16,6,147,0,1,14,2,17,68,58,30,8,164,18,2,20,184
03/28/2015,ALB,NY,AEA,EN,Combined TRACON& Tower with Radar,63,41,12,0,116,0,0,1,0,1,63,41,13,0,117,22,2,24,141
03/29/2015,ALB,NY,AEA,EN,Combined TRACON& Tower with Radar,54,42,13,0,109,0,8,60,0,68,54,50,73,0,177,60,0,60,237
03/30/2015,ALB,NY,AEA,EN,Combined TRACON& Tower with Radar,67,57,7,0,131,0,0,3,2,5,67,57,10,2,136,46,0,46,182
03/31/2015,ALB,NY,AEA,EN,Combined TRACON& Tower with Radar,67,55,18,5,145,0,6,20,6,32,67,61,38,11,177,41,0,41,218
04/01/2015,ALB,NY,AEA,EN,Combined TRACON& Tower with Radar,71,45,19,8,143,0,12,37,8,57,71,57,56,16,200,24,2,26,226
04/02/2015,ALB,NY,AEA,EN,Combined TRACON& Tower with Radar,70,58,19,8,155,0,9,17,24,50,70,67,36,32,205,18,14,32,237
04/03/2015,ALB,NY,AEA,EN,Combined TRACON& Tower with Radar,68,43,20,0,131,0,10,31,2,43,68,53,51,2,174,30,0,30,204
04/04/2015,ALB,NY,AEA,EN,Combined TRACON& Tower with Radar,57,39,9,0,105,0,6,2,0,8,57,45,11,0,113,14,0,14,127
04/05/2015,ALB,NY,AEA,EN,Combined TRACON& Tower with Radar,57,51,8,0,116,0,2,22,0,24,57,53,30,0,140,14,0,14,154
04/06/2015,ALB,NY,AEA,EN,Combined TRACON& Tower with Radar,61,46,26,1,134,0,2,25,1,28,61,48,51,2,162,37,0,37,199
04/07/2015,ALB,NY,AEA,EN,Combined TRACON& Tower with Radar,65,61,19,4,149,0,2,9,3,14,65,63,28,7,163,50,2,52,215
04/08/2015,ALB,NY,AEA,EN,Combined TRACON& Tower with Radar,67,62,7,2,138,0,0,3,0,3,67,62,10,2,141,0,0,0,141
04/09/2015,ALB,NY,AEA,EN,Combined TRACON& Tower with Radar,66,62,9,2,139,0,1,11,12,24,66,63,20,14,163,28,4,32,195
04/10/2015,ALB,NY,AEA,EN,Combined TRACON& Tower with Radar,71,67,19,6,163,0,3,1,3,7,71,70,20,9,170,4,4,8,178
04/11/2015,ALB,NY,AEA,EN,Combined TRACON& Tower with Radar,55,42,11,2,110,0,1,8,0,9,55,43,19,2,119,9,0,9,128
04/12/2015,ALB,NY,AEA,EN,Combined TRACON& Tower with Radar,62,43,22,0,127,0,14,72,0,86,62,57,94,0,213,31,0,31,244
04/13/2015,ALB,NY,AEA,EN,Combined TRACON& Tower with Radar,64,48,14,4,130,0,11,27,3,41,64,59,41,7,171,40,0,40,211
04/14/2015,ALB,NY,AEA,EN,Combined TRACON& Tower with Radar,65,60,18,1,144,0,9,16,6,31,65,69,34,7,175,41,0,41,216
04/15/2015,ALB,NY,AEA,EN,Combined TRACON& Tower with Radar,66,61,21,10,158,0,10,22,16,48,66,71,43,26,206,16,0,16,222
04/16/2015,ALB,NY,AEA,EN,Combined TRACON& Tower with Radar,63,54,14,31,162,0,14,34,6,54,63,68,48,37,216,18,26,44,260
04/17/2015,ALB,NY,AEA,EN,Combined TRACON& Tower with Radar,65,54,18,0,137,0,0,8,0,8,65,54,26,0,145,6,0,6,151
04/18/2015,ALB,NY,AEA,EN,Combined TRACON& Tower with Radar,54,36,8,0,98,0,13,36,8,57,54,49,44,8,155,13,10,23,178
04/19/2015,ALB,NY,AEA,EN,Combined TRACON& Tower with Radar,57,34,12,0,103,0,15,68,4,87,57,49,80,4,190,24,0,24,214
04/20/2015,ALB,NY,AEA,EN,Combined TRACON& Tower with Radar,57,61,11,4,133,0,0,7,2,9,57,61,18,6,142,6,4,10,152
04/21/2015,ALB,NY,AEA,EN,Combined TRACON& Tower with Radar,77,72,28,5,182,0,0,18,3,21,77,72,46,8,203,64,10,74,277
04/22/2015,ALB,NY,AEA,EN,Combined TRACON& Tower with Radar,63,62,32,4,161,0,0,21,8,29,63,62,53,12,190,13,0,13,203
04/23/2015,ALB,NY,AEA,EN,Combined TRACON& Tower with Radar,64,71,17,13,165,0,0,26,9,35,64,71,43,22,200,4,12,16,216
04/24/2015,ALB,NY,AEA,EN,Combined TRACON& Tower with Radar,63,63,21,2,149,0,1,17,0,18,63,64,38,2,167,6,8,14,181
04/25/2015,ALB,NY,AEA,EN,Combined TRACON& Tower with Radar,54,49,8,0,111,0,6,32,2,40,54,55,40,2,151,27,0,27,178
04/26/2015,ALB,NY,AEA,EN,Combined TRACON& Tower with Radar,56,49,11,0,116,0,0,36,0,36,56,49,47,0,152,32,0,32,184
04/27/2015,ALB,NY,AEA,EN,Combined TRACON& Tower with Radar,62,65,12,10,149,0,2,20,9,31,62,67,32,19,180,10,18,28,208
04/28/2015,ALB,NY,AEA,EN,Combined TRACON& Tower with Radar,64,67,21,7,159,0,0,46,5,51,64,67,67,12,210,20,6,26,236
04/29/2015,ALB,NY,AEA,EN,Combined TRACON& Tower with Radar,65,61,20,10,156,0,14,54,10,78,65,75,74,20,234,44,2,46,280
04/30/2015,ALB,NY,AEA,EN,Combined TRACON& Tower with Radar,64,58,24,5,151,0,9,51,5,65,64,67,75,10,216,16,0,16,232
05/01/2015,ALB,NY,AEA,EN,Combined TRACON& Tower with Radar,68,66,19,7,160,0,0,28,6,34,68,66,47,13,194,34,0,34,228
05/02/2015,ALB,NY,AEA,EN,Combined TRACON& Tower with Radar,51,49,20,0,120,0,11,48,5,64,51,60,68,5,184,22,0,22,206
05/03/2015,ALB,NY,AEA,EN,Combined TRACON& Tower with Radar,55,31,20,1,107,0,15,57,2,74,55,46,77,3,181,38,0,38,219
05/04/2015,ALB,NY,AEA,EN,Combined TRACON& Tower with Radar,62,57,22,0,141,0,2,52,0,54,62,59,74,0,195,10,0,10,205
05/05/2015,ALB,NY,AEA,EN,Combined TRACON& Tower with Radar,65,68,16,7,156,0,2,19,8,29,65,70,35,15,185,42,6,48,233
05/06/2015,ALB,NY,AEA,EN,Combined TRACON& Tower with Radar,63,59,14,8,144,0,10,32,13,55,63,69,46,21,199,24,26,50,249
05/07/2015,ALB,NY,AEA,EN,Combined TRACON& Tower with Radar,63,60,20,6,149,0,9,63,4,76,63,69,83,10,225,34,0,34,259
05/08/2015,ALB,NY,AEA,EN,Combined TRACON& Tower with Radar,62,47,17,5,131,0,17,30,2,49,62,64,47,7,180,4,0,4,184
05/09/2015,ALB,NY,AEA,EN,Combined TRACON& Tower with Radar,54,28,17,0,99,0,11,23,0,34,54,39,40,0,133,19,0,19,152
05/10/2015,ALB,NY,AEA,EN,Combined TRACON& Tower with Radar,53,51,25,0,129,0,2,14,0,16,53,53,39,0,145,16,0,16,161
05/11/2015,ALB,NY,AEA,EN,Combined TRACON& Tower with Radar,55,57,16,18,146,0,0,11,9,20,55,57,27,27,166,67,36,103,269
05/12/2015,ALB,NY,AEA,EN,Combined TRACON& Tower with Radar,70,56,17,5,148,0,1,19,9,29,70,57,36,14,177,14,4,18,195
05/13/2015,ALB,NY,AEA,EN,Combined TRACON& Tower with Radar,64,70,20,10,164,0,1,27,11,39,64,71,47,21,203,34,10,44,247
05/14/2015,ALB,NY,AEA,EN,Combined TRACON& Tower with Radar,65,59,17,4,145,0,12,63,10,85,65,71,80,14,230,58,8,66,296
05/15/2015,ALB,NY,AEA,EN,Combined TRACON& Tower with Radar,64,56,19,4,143,0,10,27,2,39,64,66,46,6,182,16,8,24,206
05/16/2015,ALB,NY,AEA,EN,Combined TRACON& Tower with Radar,51,44,10,2,107,0,1,17,0,18,51,45,27,2,125,8,0,8,133
05/17/2015,ALB,NY,AEA,EN,Combined TRACON& Tower with Radar,60,39,19,0,118,0,9,48,4,61,60,48,67,4,179,34,8,42,221
05/18/2015,ALB,NY,AEA,EN,Combined TRACON& Tower with Radar,63,58,14,2,137,0,9,25,3,37,63,67,39,5,174,6,0,6,180
05/19/2015,ALB,NY,AEA,EN,Combined TRACON& Tower with Radar,64,58,21,11,154,0,3,10,1,14,64,61,31,12,168,12,5,17,185
05/20/2015,ALB,NY,AEA,EN,Combined TRACON& Tower with Radar,66,63,14,6,149,0,4,14,9,27,66,67,28,15,176,0,0,0,176
05/21/2015,ALB,NY,AEA,EN,Combined TRACON& Tower with Radar,62,54,16,19,151,0,14,28,7,49,62,68,44,26,200,30,12,42,242
05/22/2015,ALB,NY,AEA,EN,Combined TRACON& Tower with Radar,72,69,16,8,165,0,1,37,2,40,72,70,53,10,205,33,10,43,248
05/23/2015,ALB,NY,AEA,EN,Combined TRACON& Tower with Radar,49,32,11,0,92,0,8,22,0,30,49,40,33,0,122,2,0,2,124
05/24/2015,ALB,NY,AEA,EN,Combined TRACON& Tower with Radar,50,26,10,0,86,0,13,26,0,39,50,39,36,0,125,12,0,12,137
05/25/2015,ALB,NY,AEA,EN,Combined TRACON& Tower with Radar,58,33,16,0,107,0,7,21,0,28,58,40,37,0,135,35,0,35,170
05/26/2015,ALB,NY,AEA,EN,Combined TRACON& Tower with Radar,62,58,19,5,144,0,1,23,0,24,62,59,42,5,168,52,6,58,226
05/27/2015,ALB,NY,AEA,EN,Combined TRACON& Tower with Radar,65,62,16,5,148,0,2,3,6,11,65,64,19,11,159,68,0,68,227
05/28/2015,ALB,NY,AEA,EN,Combined TRACON& Tower with Radar,63,69,37,3,172,0,2,32,11,45,63,71,69,14,217,49,0,49,266
05/29/2015,ALB,NY,AEA,EN,Combined TRACON& Tower with Radar,66,57,17,4,144,0,8,47,1,56,66,65,64,5,200,16,0,16,216
05/30/2015,ALB,NY,AEA,EN,Combined TRACON& Tower with Radar,54,43,16,1,114,0,1,20,0,21,54,44,36,1,135,20,0,20,155
05/31/2015,ALB,NY,AEA,EN,Combined TRACON& Tower with Radar,63,51,31,0,145,0,0,0,0,0,63,51,31,0,145,19,0,19,164
06/01/2015,ALB,NY,AEA,EN,Combined TRACON& Tower with Radar,58,56,20,4,138,0,0,0,0,0,58,56,20,4,138,6,0,6,144
06/02/2015,ALB,NY,AEA,EN,Combined TRACON& Tower with Radar,66,59,11,3,139,0,0,7,8,15,66,59,18,11,154,2,0,2,156
06/03/2015,ALB,NY,AEA,EN,Combined TRACON& Tower with Radar,65,56,11,5,137,0,12,37,15,64,65,68,48,20,201,56,12,68,269
06/04/2015,ALB,NY,AEA,EN,Combined TRACON& Tower with Radar,74,62,30,8,174,0,4,9,15,28,74,66,39,23,202,32,0,32,234
06/05/2015,ALB,NY,AEA,EN,Combined TRACON& Tower with Radar,68,58,25,4,155,0,0,12,2,14,68,58,37,6,169,15,10,25,194
06/06/2015,ALB,NY,AEA,EN,Combined TRACON& Tower with Radar,63,42,16,0,121,0,5,25,0,30,63,47,41,0,151,56,0,56,207
06/07/2015,ALB,NY,AEA,EN,Combined TRACON& Tower with Radar,54,40,31,2,127,0,6,51,1,58,54,46,82,3,185,52,4,56,241
06/08/2015,ALB,NY,AEA,EN,Combined TRACON& Tower with Radar,65,47,23,1,136,0,0,6,3,9,65,47,29,4,145,0,0,0,145
06/09/2015,ALB,NY,AEA,EN,Combined TRACON& Tower with Radar,67,69,24,6,166,0,0,5,1,6,67,69,29,7,172,0,0,0,172
06/10/2015,ALB,NY,AEA,EN,Combined TRACON& Tower with Radar,86,62,30,8,186,0,8,39,8,55,86,70,69,16,241,24,0,24,265
06/11/2015,ALB,NY,AEA,EN,Combined TRACON& Tower with Radar,72,65,22,8,167,0,4,31,16,51,72,69,53,24,218,23,0,23,241
06/12/2015,ALB,NY,AEA,EN,Combined TRACON& Tower with Radar,74,60,29,3,166,0,1,22,6,29,74,61,51,9,195,15,2,17,212
06/13/2015,ALB,NY,AEA,EN,Combined TRACON& Tower with Radar,59,57,11,2,129,0,3,32,13,48,59,60,43,15,177,0,0,0,177
06/14/2015,ALB,NY,AEA,EN,Combined TRACON& Tower with Radar,54,48,23,3,128,0,5,42,7,54,54,53,65,10,182,49,0,49,231
06/15/2015,ALB,NY,AEA,EN,Combined TRACON& Tower with Radar,69,60,28,5,162,0,0,0,2,2,69,60,28,7,164,0,0,0,164
06/16/2015,ALB,NY,AEA,EN,Combined TRACON& Tower with Radar,74,75,19,5,173,0,2,6,0,8,74,77,25,5,181,24,0,24,205
06/17/2015,ALB,NY,AEA,EN,Combined TRACON& Tower with Radar,69,48,36,3,156,0,16,47,17,80,69,64,83,20,236,25,0,25,261
06/18/2015,ALB,NY,AEA,EN,Combined TRACON& Tower with Radar,68,67,24,5,164,0,2,4,10,16,68,69,28,15,180,60,6,66,246
06/19/2015,ALB,NY,AEA,EN,Combined TRACON& Tower with Radar,71,64,23,0,158,0,2,15,0,17,71,66,38,0,175,23,0,23,198
06/20/2015,ALB,NY,AEA,EN,Combined TRACON& Tower with Radar,45,42,22,2,111,0,7,41,0,48,45,49,63,2,159,22,2,24,183
06/21/2015,ALB,NY,AEA,EN,Combined TRACON& Tower with Radar,59,57,27,0,143,0,0,5,0,5,59,57,32,0,148,16,0,16,164
06/22/2015,ALB,NY,AEA,EN,Combined TRACON& Tower with Radar,63,43,20,6,132,0,10,33,6,49,63,53,53,12,181,34,0,34,215
06/23/2015,ALB,NY,AEA,EN,Combined TRACON& Tower with Radar,66,55,13,0,134,0,4,13,0,17,66,59,26,0,151,24,0,24,175
06/24/2015,ALB,NY,AEA,EN,Combined TRACON& Tower with Radar,68,50,25,4,147,0,11,23,13,47,68,61,48,17,194,73,6,79,273
06/25/2015,ALB,NY,AEA,EN,Combined TRACON& Tower with Radar,70,62,17,1,150,0,4,28,5,37,70,66,45,6,187,66,0,66,253
06/26/2015,ALB,NY,AEA,EN,Combined TRACON& Tower with Radar,63,52,26,3,144,0,3,19,0,22,63,55,45,3,166,42,0,42,208
06/27/2015,ALB,NY,AEA,EN,Combined TRACON& Tower with Radar,54,50,12,0,116,0,4,25,0,29,54,54,37,0,145,33,0,33,178
06/28/2015,ALB,NY,AEA,EN,Combined TRACON& Tower with Radar,57,52,33,0,142,0,0,0,0,0,57,52,33,0,142,10,0,10,152
06/29/2015,ALB,NY,AEA,EN,Combined TRACON& Tower with Radar,65,47,17,6,135,0,2,11,2,15,65,49,28,8,150,19,0,19,169
06/30/2015,ALB,NY,AEA,EN,Combined TRACON& Tower with Radar,72,54,15,3,144,0,5,11,4,20,72,59,26,7,164,4,0,4,168
07/01/2015,ALB,NY,AEA,EN,Combined TRACON& Tower with Radar,65,59,19,1,144,0,0,11,7,18,65,59,30,8,162,4,0,4,166
07/02/2015,ALB,NY,AEA,EN,Combined TRACON& Tower with Radar,74,52,27,0,153,0,9,36,0,45,74,61,63,0,198,24,0,24,222
07/03/2015,ALB,NY,AEA,EN,Combined TRACON& Tower with Radar,63,37,23,0,123,0,14,62,1,77,63,51,85,1,200,36,0,36,236
07/04/2015,ALB,NY,AEA,EN,Combined TRACON& Tower with Radar,53,43,11,0,107,0,0,15,0,15,53,43,26,0,122,16,0,16,138
07/05/2015,ALB,NY,AEA,EN,Combined TRACON& Tower with Radar,60,48,16,0,124,0,9,40,2,51,60,57,56,2,175,8,2,10,185
07/06/2015,ALB,NY,AEA,EN,Combined TRACON& Tower with Radar,63,49,27,3,142,0,10,21,0,31,63,59,48,3,173,29,4,33,206
07/07/2015,ALB,NY,AEA,EN,Combined TRACON& Tower with Radar,71,59,28,8,166,0,0,6,5,11,71,59,34,13,177,14,0,14,191
07/08/2015,ALB,NY,AEA,EN,Combined TRACON& Tower with Radar,69,58,21,3,151,0,7,25,9,41,69,65,46,12,192,24,0,24,216
07/09/2015,ALB,NY,AEA,EN,Combined TRACON& Tower with Radar,76,58,21,17,172,0,3,10,10,23,76,61,31,27,195,14,20,34,229
07/10/2015,ALB,NY,AEA,EN,Combined TRACON& Tower with Radar,83,66,18,4,171,0,3,29,2,34,83,69,47,6,205,12,2,14,219
07/11/2015,ALB,NY,AEA,EN,Combined TRACON& Tower with Radar,59,32,11,1,103,0,15,41,2,58,59,47,52,3,161,78,0,78,239
07/12/2015,ALB,NY,AEA,EN,Combined TRACON& Tower with Radar,56,32,19,0,107,0,14,55,2,71,56,46,74,2,178,25,0,25,203
07/13/2015,ALB,NY,AEA,EN,Combined TRACON& Tower with Radar,66,40,11,1,118,0,14,36,3,53,66,54,47,4,171,33,0,33,204
07/14/2015,ALB,NY,AEA,EN,Combined TRACON& Tower with Radar,64,59,14,15,152,0,2,36,8,46,64,61,50,23,198,102,26,128,326
07/15/2015,ALB,NY,AEA,EN,Combined TRACON& Tower with Radar,65,70,17,1,153,0,6,9,6,21,65,76,26,7,174,34,0,34,208
07/16/2015,ALB,NY,AEA,EN,Combined TRACON& Tower with Radar,69,57,31,1,158,0,14,34,5,53,69,71,65,6,211,57,4,61,272
07/17/2015,ALB,NY,AEA,EN,Combined TRACON& Tower with Radar,71,56,32,0,159,0,10,27,7,44,71,66,59,7,203,13,16,29,232
07/18/2015,ALB,NY,AEA,EN,Combined TRACON& Tower with Radar,54,59,18,0,131,0,1,7,0,8,54,60,25,0,139,30,0,30,169
07/19/2015,ALB,NY,AEA,EN,Combined TRACON& Tower with Radar,54,61,26,0,141,0,0,22,2,24,54,61,48,2,165,6,0,6,171
07/20/2015,ALB,NY,AEA,EN,Combined TRACON& Tower with Radar,65,54,16,15,150,0,12,29,3,44,65,66,45,18,194,37,28,65,259
07/21/2015,ALB,NY,AEA,EN,Combined TRACON& Tower with Radar,71,69,27,0,167,0,2,18,0,20,71,71,45,0,187,23,0,23,210
07/22/2015,ALB,NY,AEA,EN,Combined TRACON& Tower with Radar,69,68,32,2,171,0,11,33,1,45,69,79,65,3,216,22,4,26,242
07/23/2015,ALB,NY,AEA,EN,Combined TRACON& Tower with Radar,65,61,21,5,152,0,6,31,4,41,65,67,52,9,193,19,2,21,214
07/24/2015,ALB,NY,AEA,EN,Combined TRACON& Tower with Radar,75,55,24,1,155,0,9,32,4,45,75,64,56,5,200,10,0,10,210
07/25/2015,ALB,NY,AEA,EN,Combined TRACON& Tower with Radar,57,54,18,0,129,0,3,49,2,54,57,57,67,2,183,27,0,27,210
07/26/2015,ALB,NY,AEA,EN,Combined TRACON& Tower with Radar,54,55,32,1,142,0,1,12,1,14,54,56,44,2,156,73,0,73,229
07/27/2015,ALB,NY,AEA,EN,Combined TRACON& Tower with Radar,71,61,27,3,162,0,10,30,4,44,71,71,57,7,206,42,0,42,248
07/28/2015,ALB,NY,AEA,EN,Combined TRACON& Tower with Radar,70,54,28,0,152,0,8,23,6,37,70,62,51,6,189,26,0,26,215
07/29/2015,ALB,NY,AEA,EN,Combined TRACON& Tower with Radar,73,52,30,19,174,0,15,37,5,57,73,67,67,24,231,22,16,38,269
07/30/2015,ALB,NY,AEA,EN,Combined TRACON& Tower with Radar,69,53,14,5,141,0,2,14,5,21,69,55,28,10,162,7,0,7,169
07/31/2015,ALB,NY,AEA,EN,Combined TRACON& Tower with Radar,69,51,16,0,136,0,12,51,2,65,69,63,67,2,201,20,2,22,223
08/01/2015,ALB,NY,AEA,EN,Combined TRACON& Tower with Radar,52,45,17,0,114,0,2,18,2,22,52,47,35,2,136,32,0,32,168
08/02/2015,ALB,NY,AEA,EN,Combined TRACON& Tower with Radar,59,50,13,0,122,0,6,41,0,47,59,56,54,0,169,12,0,12,181
08/03/2015,ALB,NY,AEA,EN,Combined TRACON& Tower with Radar,68,60,18,3,149,0,5,26,8,39,68,65,44,11,188,0,0,0,188
08/04/2015,ALB,NY,AEA,EN,Combined TRACON& Tower with Radar,69,49,26,3,147,0,5,13,2,20,69,54,39,5,167,39,0,39,206
08/05/2015,ALB,NY,AEA,EN,Combined TRACON& Tower with Radar,77,65,31,5,178,0,9,42,18,69,77,74,73,23,247,69,0,69,316
08/06/2015,ALB,NY,AEA,EN,Combined TRACON& Tower with Radar,74,65,30,5,174,0,11,49,5,65,74,76,79,10,239,13,0,13,252
08/07/2015,ALB,NY,AEA,EN,Combined TRACON& Tower with Radar,73,55,23,2,153,0,9,28,2,39,73,64,51,4,192,42,0,42,234
08/08/2015,ALB,NY,AEA,EN,Combined TRACON& Tower with Radar,57,46,12,2,117,0,6,40,0,46,57,52,52,2,163,15,0,15,178
08/09/2015,ALB,NY,AEA,EN,Combined TRACON& Tower with Radar,55,50,30,0,135,0,4,44,0,48,55,54,74,0,183,32,0,32,215
08/10/2015,ALB,NY,AEA,EN,Combined TRACON& Tower with Radar,67,54,22,3,146,0,6,21,1,28,67,60,43,4,174,28,0,28,202
08/11/2015,ALB,NY,AEA,EN,Combined TRACON& Tower with Radar,75,57,23,4,159,0,0,5,1,6,75,57,28,5,165,0,0,0,165
08/12/2015,ALB,NY,AEA,EN,Combined TRACON& Tower with Radar,72,70,20,1,163,0,2,26,4,32,72,72,46,5,195,30,0,30,225
08/13/2015,ALB,NY,AEA,EN,Combined TRACON& Tower with Radar,70,67,29,5,171,0,4,45,12,61,70,71,74,17,232,29,0,29,261
08/14/2015,ALB,NY,AEA,EN,Combined TRACON& Tower with Radar,73,64,20,3,160,0,1,32,4,37,73,65,52,7,197,48,0,48,245
08/15/2015,ALB,NY,AEA,EN,Combined TRACON& Tower with Radar,46,58,20,0,124,0,1,18,2,21,46,59,38,2,145,26,0,26,171
08/16/2015,ALB,NY,AEA,EN,Combined TRACON& Tower with Radar,60,52,41,0,153,0,3,29,0,32,60,55,70,0,185,19,0,19,204
08/17/2015,ALB,NY,AEA,EN,Combined TRACON& Tower with Radar,69,49,21,17,156,0,10,26,6,42,69,59,47,23,198,49,16,65,263
08/18/2015,ALB,NY,AEA,EN,Combined TRACON& Tower with Radar,78,58,17,3,156,0,12,28,2,42,78,70,45,5,198,20,0,20,218
08/19/2015,ALB,NY,AEA,EN,Combined TRACON& Tower with Radar,78,61,24,2,165,0,8,28,7,43,78,69,52,9,208,26,0,26,234
08/20/2015,ALB,NY,AEA,EN,Combined TRACON& Tower with Radar,57,48,25,3,133,0,1,12,9,22,57,49,37,12,155,72,0,72,227
08/21/2015,ALB,NY,AEA,EN,Combined TRACON& Tower with Radar,71,70,20,2,163,0,0,20,5,25,71,70,40,7,188,14,0,14,202
08/22/2015,ALB,NY,AEA,EN,Combined TRACON& Tower with Radar,47,59,16,1,123,0,1,52,0,53,47,60,68,1,176,32,0,32,208
08/23/2015,ALB,NY,AEA,EN,Combined TRACON& Tower with Radar,55,56,15,0,126,0,0,14,2,16,55,56,29,2,142,10,0,10,152
08/24/2015,ALB,NY,AEA,EN,Combined TRACON& Tower with Radar,62,55,18,1,136,0,4,27,2,33,62,59,45,3,169,2,0,2,171
08/25/2015,ALB,NY,AEA,EN,Combined TRACON& Tower with Radar,67,65,34,0,166,0,4,29,4,37,67,69,63,4,203,10,0,10,213
08/26/2015,ALB,NY,AEA,EN,Combined TRACON& Tower with Radar,69,63,19,11,162,0,2,39,9,50,69,65,58,20,212,16,16,32,244
08/27/2015,ALB,NY,AEA,EN,Combined TRACON& Tower with Radar,64,78,37,3,182,0,4,36,10,50,64,82,73,13,232,22,0,22,254
08/28/2015,ALB,NY,AEA,EN,Combined TRACON& Tower with Radar,68,59,19,2,148,0,5,28,0,33,68,64,47,2,181,13,0,13,194
08/29/2015,ALB,NY,AEA,EN,Combined TRACON& Tower with Radar,48,49,14,0,111,0,12,40,2,54,48,61,54,2,165,38,0,38,203
08/30/2015,ALB,NY,AEA,EN,Combined TRACON& Tower with Radar,51,50,15,1,117,0,1,36,0,37,51,51,51,1,154,24,0,24,178
08/31/2015,ALB,NY,AEA,EN,Combined TRACON& Tower with Radar,63,57,23,3,146,0,0,30,1,31,63,57,53,4,177,33,0,33,210
09/01/2015,ALB,NY,AEA,EN,Combined TRACON& Tower with Radar,72,58,24,2,156,0,8,17,5,30,72,66,41,7,186,18,0,18,204
09/02/2015,ALB,NY,AEA,EN,Combined TRACON& Tower with Radar,65,64,28,0,157,0,4,38,8,50,65,68,66,8,207,28,0,28,235
09/03/2015,ALB,NY,AEA,EN,Combined TRACON& Tower with Radar,62,65,20,5,152,0,0,26,6,32,62,65,46,11,184,16,0,16,200
09/04/2015,ALB,NY,AEA,EN,Combined TRACON& Tower with Radar,68,58,28,0,154,0,14,40,1,55,68,72,68,1,209,34,6,40,249
09/05/2015,ALB,NY,AEA,EN,Combined TRACON& Tower with Radar,48,50,9,0,107,0,4,37,0,41,48,54,46,0,148,18,0,18,166
09/06/2015,ALB,NY,AEA,EN,Combined TRACON& Tower with Radar,41,40,16,0,97,0,4,37,0,41,41,44,53,0,138,37,0,37,175
09/07/2015,ALB,NY,AEA,EN,Combined TRACON& Tower with Radar,52,48,24,0,124,0,5,34,0,39,52,53,58,0,163,28,0,28,191
09/08/2015,ALB,NY,AEA,EN,Combined TRACON& Tower with Radar,63,54,18,2,137,0,2,18,0,20,63,56,36,2,157,12,0,12,169
09/09/2015,ALB,NY,AEA,EN,Combined TRACON& Tower with Radar,60,52,17,14,143,0,1,4,9,14,60,53,21,23,157,4,36,40,197
09/10/2015,ALB,NY,AEA,EN,Combined TRACON& Tower with Radar,58,54,26,14,152,0,0,4,5,9,58,54,30,19,161,15,0,15,176
09/11/2015,ALB,NY,AEA,EN,Combined TRACON& Tower with Radar,61,57,39,5,162,0,6,24,3,33,61,63,63,8,195,20,2,22,217
09/12/2015,ALB,NY,AEA,EN,Combined TRACON& Tower with Radar,43,52,17,4,116,0,2,19,4,25,43,54,36,8,141,15,0,15,156
09/13/2015,ALB,NY,AEA,EN,Combined TRACON& Tower with Radar,51,50,21,0,122,0,0,4,0,4,51,50,25,0,126,24,0,24,150
09/14/2015,ALB,NY,AEA,EN,Combined TRACON& Tower with Radar,61,57,20,2,140,0,2,11,0,13,61,59,31,2,153,6,0,6,159
09/15/2015,ALB,NY,AEA,EN,Combined TRACON& Tower with Radar,64,49,19,0,132,0,18,37,3,58,64,67,56,3,190,6,0,6,196
09/16/2015,ALB,NY,AEA,EN,Combined TRACON& Tower with Radar,64,67,24,1,156,0,10,42,2,54,64,77,66,3,210,40,0,40,250
09/17/2015,ALB,NY,AEA,EN,Combined TRACON& Tower with Radar,63,67,29,12,171,0,10,38,5,53,63,77,67,17,224,15,0,15,239
09/18/2015,ALB,NY,AEA,EN,Combined TRACON& Tower with Radar,65,61,25,0,151,0,10,46,5,61,65,71,71,5,212,20,2,22,234
09/19/2015,ALB,NY,AEA,EN,Combined TRACON& Tower with Radar,49,51,23,1,124,0,8,31,0,39,49,59,54,1,163,11,0,11,174
09/20/2015,ALB,NY,AEA,EN,Combined TRACON& Tower with Radar,52,43,17,16,128,0,9,40,0,49,52,52,57,16,177,24,0,24,201
09/21/2015,ALB,NY,AEA,EN,Combined TRACON& Tower with Radar,56,49,31,2,138,0,14,30,2,46,56,63,61,4,184,8,0,8,192
09/22/2015,ALB,NY,AEA,EN,Combined TRACON& Tower with Radar,62,56,12,9,139,0,19,25,5,49,62,75,37,14,188,11,11,22,210
09/23/2015,ALB,NY,AEA,EN,Combined TRACON& Tower with Radar,63,49,21,4,137,0,18,40,2,60,63,67,61,6,197,22,0,22,219
09/24/2015,ALB,NY,AEA,EN,Combined TRACON& Tower with Radar,70,65,21,2,158,0,15,35,5,55,70,80,56,7,213,20,0,20,233
09/25/2015,ALB,NY,AEA,EN,Combined TRACON& Tower with Radar,68,55,10,3,136,0,10,31,1,42,68,65,41,4,178,0,0,0,178
09/26/2015,ALB,NY,AEA,EN,Combined TRACON& Tower with Radar,42,52,16,0,110,0,13,30,0,43,42,65,46,0,153,22,0,22,175
09/27/2015,ALB,NY,AEA,EN,Combined TRACON& Tower with Radar,52,40,16,0,108,0,14,52,0,66,52,54,68,0,174,18,0,18,192
09/28/2015,ALB,NY,AEA,EN,Combined TRACON& Tower with Radar,62,58,21,0,141,0,2,8,0,10,62,60,29,0,151,18,0,18,169
09/29/2015,ALB,NY,AEA,EN,Combined TRACON& Tower with Radar,64,73,28,6,171,0,0,1,0,1,64,73,29,6,172,4,0,4,176
09/30/2015,ALB,NY,AEA,EN,Combined TRACON& Tower with Radar,66,65,27,0,158,0,0,5,0,5,66,65,32,0,163,13,0,13,176
10/01/2015,ALB,NY,AEA,EN,Combined TRACON& Tower with Radar,63,66,32,0,161,0,5,29,3,37,63,71,61,3,198,12,0,12,210
10/02/2015,ALB,NY,AEA,EN,Combined TRACON& Tower with Radar,65,65,6,1,137,0,6,21,3,30,65,71,27,4,167,12,0,12,179
10/03/2015,ALB,NY,AEA,EN,Combined TRACON& Tower with Radar,44,56,10,3,113,0,4,10,1,15,44,60,20,4,128,2,8,10,138
10/04/2015,ALB,NY,AEA,EN,Combined TRACON& Tower with Radar,49,46,16,1,112,0,10,16,0,26,49,56,32,1,138,4,0,4,142
10/05/2015,ALB,NY,AEA,EN,Combined TRACON& Tower with Radar,57,47,21,0,125,0,9,31,0,40,57,56,52,0,165,14,0,14,179
10/06/2015,ALB,NY,AEA,EN,Combined TRACON& Tower with Radar,65,57,23,22,167,0,6,29,3,38,65,63,52,25,205,40,10,50,255
10/07/2015,ALB,NY,AEA,EN,Combined TRACON& Tower with Radar,63,64,18,24,169,0,5,21,7,33,63,69,39,31,202,22,40,62,264
10/08/2015,ALB,NY,AEA,EN,Combined TRACON& Tower with Radar,62,54,21,3,140,0,14,48,0,62,62,68,69,3,202,29,0,29,231
10/09/2015,ALB,NY,AEA,EN,Combined TRACON& Tower with Radar,63,65,25,0,153,0,0,3,0,3,63,65,28,0,156,0,0,0,156
10/10/2015,ALB,NY,AEA,EN,Combined TRACON& Tower with Radar,53,46,17,0,116,0,13,37,0,50,53,59,54,0,166,33,0,33,199
10/11/2015,ALB,NY,AEA,EN,Combined TRACON& Tower with Radar,54,47,11,0,112,0,18,20,0,38,54,65,31,0,150,38,0,38,188
10/12/2015,ALB,NY,AEA,EN,Combined TRACON& Tower with Radar,61,40,8,0,109,0,20,38,2,60,61,60,46,2,169,41,2,43,212
10/13/2015,ALB,NY,AEA,EN,Combined TRACON& Tower with Radar,63,66,18,0,147,0,2,9,0,11,63,68,27,0,158,4,0,4,162
10/14/2015,ALB,NY,AEA,EN,Combined TRACON& Tower with Radar,61,76,13,0,150,0,3,25,6,34,61,79,38,6,184,12,0,12,196
10/15/2015,ALB,NY,AEA,EN,Combined TRACON& Tower with Radar,59,70,32,9,170,0,10,36,5,51,59,80,68,14,221,28,18,46,267
10/16/2015,ALB,NY,AEA,EN,Combined TRACON& Tower with Radar,59,72,16,0,147,0,2,13,2,17,59,74,29,2,164,12,0,12,176
10/17/2015,ALB,NY,AEA,EN,Combined TRACON& Tower with Radar,48,54,19,0,121,0,2,11,3,16,48,56,30,3,137,7,0,7,144
10/18/2015,ALB,NY,AEA,EN,Combined TRACON& Tower with Radar,51,50,17,0,118,0,3,9,0,12,51,53,26,0,130,7,0,7,137
10/19/2015,ALB,NY,AEA,EN,Combined TRACON& Tower with Radar,56,47,25,3,131,0,13,31,3,47,56,60,56,6,178,13,18,31,209
10/20/2015,ALB,NY,AEA,EN,Combined TRACON& Tower with Radar,61,62,19,8,150,0,9,19,4,32,61,71,38,12,182,38,0,38,220
10/21/2015,ALB,NY,AEA,EN,Combined TRACON& Tower with Radar,60,68,14,1,143,0,0,33,14,47,60,68,47,15,190,12,31,43,233
10/22/2015,ALB,NY,AEA,EN,Combined TRACON& Tower with Radar,63,70,23,2,158,0,1,14,11,26,63,71,37,13,184,31,0,31,215
10/23/2015,ALB,NY,AEA,EN,Combined TRACON& Tower with Radar,65,61,11,1,138,0,6,11,0,17,65,67,22,1,155,16,0,16,171
10/24/2015,ALB,NY,AEA,EN,Combined TRACON& Tower with Radar,48,49,13,0,110,0,4,23,0,27,48,53,36,0,137,0,0,0,137
10/25/2015,ALB,NY,AEA,EN,Combined TRACON& Tower with Radar,47,60,14,3,124,0,0,2,0,2,47,60,16,3,126,6,0,6,132
10/26/2015,ALB,NY,AEA,EN,Combined TRACON& Tower with Radar,62,42,19,3,126,0,17,33,7,57,62,59,52,10,183,29,0,29,212
10/27/2015,ALB,NY,AEA,EN,Combined TRACON& Tower with Radar,64,67,26,13,170,0,9,36,5,50,64,76,62,18,220,20,17,37,257
10/28/2015,ALB,NY,AEA,EN,Combined TRACON& Tower with Radar,62,57,24,0,143,0,4,6,0,10,62,61,30,0,153,10,40,50,203
10/29/2015,ALB,NY,AEA,EN,Combined TRACON& Tower with Radar,67,69,15,26,177,0,7,8,12,27,67,76,23,38,204,41,53,94,298
10/30/2015,ALB,NY,AEA,EN,Combined TRACON& Tower with Radar,65,61,28,0,154,0,0,18,0,18,65,61,46,0,172,11,0,11,183
10/31/2015,ALB,NY,AEA,EN,Combined TRACON& Tower with Radar,46,32,19,0,97,0,10,44,0,54,46,42,63,0,151,11,0,11,162
11/01/2015,ALB,NY,AEA,EN,Combined TRACON& Tower with Radar,54,44,9,0,107,0,1,13,0,14,54,45,22,0,121,0,0,0,121
11/02/2015,ALB,NY,AEA,EN,Combined TRACON& Tower with Radar,65,63,15,9,152,0,3,19,14,36,65,66,34,23,188,48,0,48,236
11/03/2015,ALB,NY,AEA,EN,Combined TRACON& Tower with Radar,67,48,11,7,133,0,12,30,7,49,67,60,41,14,182,32,0,32,214
11/04/2015,ALB,NY,AEA,EN,Combined TRACON& Tower with Radar,68,55,17,14,154,0,13,29,9,51,68,68,46,23,205,26,0,26,231
11/05/2015,ALB,NY,AEA,EN,Combined TRACON& Tower with Radar,68,50,18,2,138,0,14,20,6,40,68,64,38,8,178,24,0,24,202
11/06/2015,ALB,NY,AEA,EN,Combined TRACON& Tower with Radar,64,64,6,0,134,0,1,3,0,4,64,65,9,0,138,10,0,10,148
11/07/2015,ALB,NY,AEA,EN,Combined TRACON& Tower with Radar,52,41,11,4,108,0,1,27,4,32,52,42,38,8,140,16,0,16,156
11/08/2015,ALB,NY,AEA,EN,Combined TRACON& Tower with Radar,55,39,14,0,108,0,11,40,2,53,55,50,54,2,161,2,0,2,163
11/09/2015,ALB,NY,AEA,EN,Combined TRACON& Tower with Radar,59,49,12,1,121,0,9,23,1,33,59,58,35,2,154,27,0,27,181
11/10/2015,ALB,NY,AEA,EN,Combined TRACON& Tower with Radar,59,62,23,24,168,0,1,12,6,19,59,63,35,30,187,2,30,32,219
11/11/2015,ALB,NY,AEA,EN,Combined TRACON& Tower with Radar,67,67,25,0,159,0,0,5,0,5,67,67,30,0,164,0,0,0,164
11/12/2015,ALB,NY,AEA,EN,Combined TRACON& Tower with Radar,66,64,13,10,153,0,0,0,6,6,66,64,13,16,159,1,10,11,170
11/13/2015,ALB,NY,AEA,EN,Combined TRACON& Tower with Radar,65,60,24,4,153,0,0,2,7,9,65,60,26,11,162,0,10,10,172
11/14/2015,ALB,NY,AEA,EN,Combined TRACON& Tower with Radar,52,44,12,0,108,0,1,13,1,15,52,45,25,1,123,14,0,14,137
11/15/2015,ALB,NY,AEA,EN,Combined TRACON& Tower with Radar,52,44,23,2,121,0,8,52,1,61,52,52,75,3,182,42,0,42,224
11/16/2015,ALB,NY,AEA,EN,Combined TRACON& Tower with Radar,62,48,15,1,126,0,11,36,4,51,62,59,51,5,177,13,0,13,190
11/17/2015,ALB,NY,AEA,EN,Combined TRACON& Tower with Radar,64,57,23,4,148,0,11,34,12,57,64,68,57,16,205,36,2,38,243
11/18/2015,ALB,NY,AEA,EN,Combined TRACON& Tower with Radar,65,56,18,6,145,0,7,30,11,48,65,63,48,17,193,6,8,14,207
11/19/2015,ALB,NY,AEA,EN,Combined TRACON& Tower with Radar,68,56,12,6,142,0,0,2,2,4,68,56,14,8,146,0,4,4,150
11/20/2015,ALB,NY,AEA,EN,Combined TRACON& Tower with Radar,63,56,12,4,135,0,7,26,0,33,63,63,38,4,168,2,0,2,170
11/21/2015,ALB,NY,AEA,EN,Combined TRACON& Tower with Radar,49,30,16,2,97,0,12,36,7,55,49,42,52,9,152,14,0,14,166
11/22/2015,ALB,NY,AEA,EN,Combined TRACON& Tower with Radar,53,44,8,0,105,0,5,22,2,29,53,49,30,2,134,10,0,10,144
11/23/2015,ALB,NY,AEA,EN,Combined TRACON& Tower with Radar,53,50,13,8,124,0,11,19,6,36,53,61,32,14,160,2,2,4,164
11/24/2015,ALB,NY,AEA,EN,Combined TRACON& Tower with Radar,67,59,33,2,161,0,4,49,2,55,67,63,82,4,216,18,0,18,234
11/25/2015,ALB,NY,AEA,EN,Combined TRACON& Tower with Radar,71,55,20,2,148,0,11,40,0,51,71,66,60,2,199,2,0,2,201
11/26/2015,ALB,NY,AEA,EN,Combined TRACON& Tower with Radar,38,29,4,0,71,0,13,10,0,23,38,42,14,0,94,0,0,0,94
11/27/2015,ALB,NY,AEA,EN,Combined TRACON& Tower with Radar,52,46,11,0,109,0,4,23,0,27,52,50,34,0,136,19,0,19,155
11/28/2015,ALB,NY,AEA,EN,Combined TRACON& Tower with Radar,59,47,13,0,119,0,0,0,0,0,59,47,13,0,119,16,0,16,135
11/29/2015,ALB,NY,AEA,EN,Combined TRACON& Tower with Radar,64,55,34,0,153,0,3,26,0,29,64,58,60,0,182,4,0,4,186
11/30/2015,ALB,NY,AEA,EN,Combined TRACON& Tower with Radar,73,61,24,6,164,0,11,24,6,41,73,72,48,12,205,6,0,6,211
12/01/2015,ALB,NY,AEA,EN,Combined TRACON& Tower with Radar,66,57,19,2,144,0,0,4,2,6,66,57,23,4,150,0,2,2,152
12/02/2015,ALB,NY,AEA,EN,Combined TRACON& Tower with Radar,61,70,11,18,160,0,0,0,0,0,61,70,11,18,160,2,8,10,170
12/03/2015,ALB,NY,AEA,EN,Combined TRACON& Tower with Radar,66,63,20,11,160,0,0,9,19,28,66,63,29,30,188,43,26,69,257
12/04/2015,ALB,NY,AEA,EN,Combined TRACON& Tower with Radar,61,64,14,3,142,0,0,24,5,29,61,64,38,8,171,10,13,23,194
12/05/2015,ALB,NY,AEA,EN,Combined TRACON& Tower with Radar,52,40,20,13,125,0,6,29,1,36,52,46,49,14,161,2,18,20,181
12/06/2015,ALB,NY,AEA,EN,Combined TRACON& Tower with Radar,48,35,14,2,99,0,2,6,0,8,48,37,20,2,107,36,0,36,143
12/07/2015,ALB,NY,AEA,EN,Combined TRACON& Tower with Radar,53,54,10,1,118,0,8,11,0,19,53,62,21,1,137,14,0,14,151
12/08/2015,ALB,NY,AEA,EN,Combined TRACON& Tower with Radar,63,66,13,2,144,0,4,17,7,28,63,70,30,9,172,10,0,10,182
12/09/2015,ALB,NY,AEA,EN,Combined TRACON& Tower with Radar,63,62,18,7,150,0,7,20,10,37,63,69,38,17,187,0,0,0,187
12/10/2015,ALB,NY,AEA,EN,Combined TRACON& Tower with Radar,68,59,23,11,161,0,6,18,11,35,68,65,41,22,196,4,2,6,202
12/11/2015,ALB,NY,AEA,EN,Combined TRACON& Tower with Radar,73,67,20,1,161,0,8,27,3,38,73,75,47,4,199,15,0,15,214
12/12/2015,ALB,NY,AEA,EN,Combined TRACON& Tower with Radar,55,35,19,0,109,0,6,29,0,35,55,41,48,0,144,4,0,4,148
12/13/2015,ALB,NY,AEA,EN,Combined TRACON& Tower with Radar,56,57,11,0,124,0,0,10,0,10,56,57,21,0,134,27,0,27,161
12/14/2015,ALB,NY,AEA,EN,Combined TRACON& Tower with Radar,84,65,21,6,176,0,0,6,0,6,84,65,27,6,182,6,0,6,188
12/15/2015,ALB,NY,AEA,EN,Combined TRACON& Tower with Radar,65,73,11,4,153,0,0,8,2,10,65,73,19,6,163,0,0,0,163
12/16/2015,ALB,NY,AEA,EN,Combined TRACON& Tower with Radar,68,66,19,4,157,0,7,33,8,48,68,73,52,12,205,10,0,10,215
12/17/2015,ALB,NY,AEA,EN,Combined TRACON& Tower with Radar,66,63,22,2,153,0,0,4,0,4,66,63,26,2,157,0,0,0,157
12/18/2015,ALB,NY,AEA,EN,Combined TRACON& Tower with Radar,67,66,28,2,163,0,0,20,0,20,67,66,48,2,183,8,0,8,191
12/19/2015,ALB,NY,AEA,EN,Combined TRACON& Tower with Radar,60,52,16,0,128,0,0,18,0,18,60,52,34,0,146,4,0,4,150
12/20/2015,ALB,NY,AEA,EN,Combined TRACON& Tower with Radar,63,49,12,1,125,0,1,33,0,34,63,50,45,1,159,14,0,14,173
12/21/2015,ALB,NY,AEA,EN,Combined TRACON& Tower with Radar,64,47,20,7,138,0,6,13,5,24,64,53,33,12,162,2,20,22,184
12/22/2015,ALB,NY,AEA,EN,Combined TRACON& Tower with Radar,70,62,11,0,143,0,0,2,0,2,70,62,13,0,145,2,0,2,147
12/23/2015,ALB,NY,AEA,EN,Combined TRACON& Tower with Radar,73,56,10,0,139,0,2,5,0,7,73,58,15,0,146,0,0,0,146
12/24/2015,ALB,NY,AEA,EN,Combined TRACON& Tower with Radar,54,51,13,0,118,0,4,10,0,14,54,55,23,0,132,0,0,0,132
12/25/2015,ALB,NY,AEA,EN,Combined TRACON& Tower with Radar,48,30,7,0,85,0,3,19,0,22,48,33,26,0,107,6,0,6,113
12/26/2015,ALB,NY,AEA,EN,Combined TRACON& Tower with Radar,52,33,11,0,96,0,17,31,0,48,52,50,42,0,144,2,0,2,146
12/27/2015,ALB,NY,AEA,EN,Combined TRACON& Tower with Radar,64,54,24,0,142,0,0,0,0,0,64,54,24,0,142,0,0,0,142
12/28/2015,ALB,NY,AEA,EN,Combined TRACON& Tower with Radar,62,51,10,3,126,0,5,15,5,25,62,56,25,8,151,12,2,14,165
12/29/2015,ALB,NY,AEA,EN,Combined TRACON& Tower with Radar,61,36,6,0,103,0,0,0,0,0,61,36,6,0,103,0,0,0,103
12/30/2015,ALB,NY,AEA,EN,Combined TRACON& Tower with Radar,66,62,4,0,132,0,0,0,0,0,66,62,4,0,132,16,0,16,148
12/31/2015,ALB,NY,AEA,EN,Combined TRACON& Tower with Radar,53,56,16,4,129,0,0,13,0,13,53,56,29,4,142,6,0,6,148
01/01/2016,ALB,NY,AEA,EN,Combined TRACON& Tower with Radar,51,36,1,0,88,0,0,7,0,7,51,36,8,0,95,10,0,10,105
01/02/2016,ALB,NY,AEA,EN,Combined TRACON& Tower with Radar,58,47,17,6,128,0,0,24,0,24,58,47,41,6,152,13,0,13,165
01/03/2016,ALB,NY,AEA,EN,Combined TRACON& Tower with Radar,69,48,24,0,141,0,0,19,0,19,69,48,43,0,160,6,0,6,166
01/04/2016,ALB,NY,AEA,EN,Combined TRACON& Tower with Radar,67,53,7,2,129,0,1,0,0,1,67,54,7,2,130,0,0,0,130
01/05/2016,ALB,NY,AEA,EN,Combined TRACON& Tower with Radar,57,55,17,12,141,0,13,36,5,54,57,68,53,17,195,25,8,33,228
01/06/2016,ALB,NY,AEA,EN,Combined TRACON& Tower with Radar,60,48,18,3,129,0,20,39,16,75,60,68,57,19,204,8,0,8,212
01/07/2016,ALB,NY,AEA,EN,Combined TRACON& Tower with Radar,58,52,15,3,128,0,18,29,13,60,58,70,44,16,188,6,0,6,194
01/08/2016,ALB,NY,AEA,EN,Combined TRACON& Tower with Radar,58,59,18,8,143,0,10,28,4,42,58,69,46,12,185,22,8,30,215
01/09/2016,ALB,NY,AEA,EN,Combined TRACON& Tower with Radar,52,50,7,3,112,0,0,1,1,2,52,50,8,4,114,4,2,6,120
01/10/2016,ALB,NY,AEA,EN,Combined TRACON& Tower with Radar,52,51,6,0,109,0,0,2,0,2,52,51,8,0,111,0,0,0,111
01/11/2016,ALB,NY,AEA,EN,Combined TRACON& Tower with Radar,52,62,9,3,126,0,1,5,3,9,52,63,14,6,135,0,0,0,135
01/12/2016,ALB,NY,AEA,EN,Combined TRACON& Tower with Radar,59,69,22,2,152,0,1,2,4,7,59,70,24,6,159,0,0,0,159
01/13/2016,ALB,NY,AEA,EN,Combined TRACON& Tower with Radar,58,69,9,9,145,0,5,10,8,23,58,74,19,17,168,0,0,0,168
01/14/2016,ALB,NY,AEA,EN,Combined TRACON& Tower with Radar,60,78,18,7,163,0,0,20,18,38,60,78,38,25,201,17,0,17,218
01/15/2016,ALB,NY,AEA,EN,Combined TRACON& Tower with Radar,59,62,11,6,138,0,4,24,2,30,59,66,35,8,168,34,0,34,202
01/16/2016,ALB,NY,AEA,EN,Combined TRACON& Tower with Radar,52,48,3,0,103,0,0,0,0,0,52,48,3,0,103,0,0,0,103
01/17/2016,ALB,NY,AEA,EN,Combined TRACON& Tower with Radar,46,50,10,0,106,0,0,24,0,24,46,50,34,0,130,20,0,20,150
01/18/2016,ALB,NY,AEA,EN,Combined TRACON& Tower with Radar,54,72,8,0,134,0,0,2,0,2,54,72,10,0,136,4,0,4,140
01/19/2016,ALB,NY,AEA,EN,Combined TRACON& Tower with Radar,62,79,10,4,155,0,1,4,2,7,62,80,14,6,162,42,8,50,212
01/20/2016,ALB,NY,AEA,EN,Combined TRACON& Tower with Radar,56,69,21,12,158,0,10,16,10,36,56,79,37,22,194,0,0,0,194
01/21/2016,ALB,NY,AEA,EN,Combined TRACON& Tower with Radar,61,57,21,3,142,1,13,22,11,47,62,70,43,14,189,18,0,18,207
01/22/2016,ALB,NY,AEA,EN,Combined TRACON& Tower with Radar,45,40,9,2,96,0,15,26,0,41,45,55,35,2,137,32,0,32,169
01/23/2016,ALB,NY,AEA,EN,Combined TRACON& Tower with Radar,38,23,8,0,69,0,10,9,3,22,38,33,17,3,91,7,0,7,98
01/24/2016,ALB,NY,AEA,EN,Combined TRACON& Tower with Radar,37,26,15,0,78,0,13,18,2,33,37,39,33,2,111,9,0,9,120
01/25/2016,ALB,NY,AEA,EN,Combined TRACON& Tower with Radar,45,46,15,7,113,0,2,16,0,18,45,48,31,7,131,14,0,14,145
01/26/2016,ALB,NY,AEA,EN,Combined TRACON& Tower with Radar,58,75,17,0,150,0,5,4,2,11,58,80,21,2,161,12,2,14,175
01/27/2016,ALB,NY,AEA,EN,Combined TRACON& Tower with Radar,58,81,18,13,170,0,2,17,11,30,58,83,35,24,200,24,0,24,224
01/28/2016,ALB,NY,AEA,EN,Combined TRACON& Tower with Radar,59,68,21,4,152,0,5,25,6,36,59,73,46,10,188,14,2,16,204
01/29/2016,ALB,NY,AEA,EN,Combined TRACON& Tower with Radar,57,68,17,2,144,0,1,9,0,10,57,69,26,2,154,10,0,10,164
01/30/2016,ALB,NY,AEA,EN,Combined TRACON& Tower with Radar,55,38,29,0,122,0,7,24,0,31,55,45,53,0,153,26,0,26,179
01/31/2016,ALB,NY,AEA,EN,Combined TRACON& Tower with Radar,49,47,14,0,110,0,7,39,0,46,49,54,53,0,156,24,0,24,180
02/01/2016,ALB,NY,AEA,EN,Combined TRACON& Tower with Radar,54,49,14,4,121,0,4,13,5,22,54,53,27,9,143,22,0,22,165
02/02/2016,ALB,NY,AEA,EN,Combined TRACON& Tower with Radar,55,60,16,15,146,0,7,36,7,50,55,67,52,22,196,30,10,40,236
02/03/2016,ALB,NY,AEA,EN,Combined TRACON& Tower with Radar,56,67,19,6,148,0,0,0,0,0,56,67,19,6,148,6,22,28,176
02/04/2016,ALB,NY,AEA,EN,Combined TRACON& Tower with Radar,57,69,35,4,165,0,3,30,13,46,57,72,65,17,211,10,0,10,221
02/05/2016,ALB,NY,AEA,EN,Combined TRACON& Tower with Radar,79,55,21,7,162,0,7,16,4,27,79,62,37,11,189,10,6,16,205
02/06/2016,ALB,NY,AEA,EN,Combined TRACON& Tower with Radar,52,44,17,8,121,0,2,27,2,31,52,46,44,10,152,36,20,56,208
02/07/2016,ALB,NY,AEA,EN,Combined TRACON& Tower with Radar,48,43,13,0,104,0,7,46,0,53,48,50,59,0,157,36,0,36,193
02/08/2016,ALB,NY,AEA,EN,Combined TRACON& Tower with Radar,53,45,17,0,115,0,6,10,0,16,53,51,27,0,131,14,0,14,145
02/09/2016,ALB,NY,AEA,EN,Combined TRACON& Tower with Radar,54,71,9,6,140,0,0,3,0,3,54,71,12,6,143,0,0,0,143
02/10/2016,ALB,NY,AEA,EN,Combined TRACON& Tower with Radar,59,72,9,3,143,0,0,10,14,24,59,72,19,17,167,0,0,0,167
02/11/2016,ALB,NY,AEA,EN,Combined TRACON& Tower with Radar,62,62,20,17,161,0,2,13,12,27,62,64,33,29,188,17,12,29,217
02/12/2016,ALB,NY,AEA,EN,Combined TRACON& Tower with Radar,57,57,16,3,133,0,4,16,6,26,57,61,32,9,159,14,4,18,177
02/13/2016,ALB,NY,AEA,EN,Combined TRACON& Tower with Radar,50,48,11,0,109,0,8,4,0,12,50,56,15,0,121,0,0,0,121
02/14/2016,ALB,NY,AEA,EN,Combined TRACON& Tower with Radar,53,44,9,0,106,0,16,14,0,30,53,60,23,0,136,6,0,6,142
02/15/2016,ALB,NY,AEA,EN,Combined TRACON& Tower with Radar,62,47,7,1,117,0,4,7,0,11,62,51,14,1,128,6,0,6,134
02/16/2016,ALB,NY,AEA,EN,Combined TRACON& Tower with Radar,63,46,8,0,117,0,0,0,0,0,63,46,8,0,117,6,0,6,123
02/17/2016,ALB,NY,AEA,EN,Combined TRACON& Tower with Radar,59,75,20,9,163,0,1,11,4,16,59,76,31,13,179,12,12,24,203
02/18/2016,ALB,NY,AEA,EN,Combined TRACON& Tower with Radar,60,62,16,5,143,0,16,31,6,53,60,78,47,11,196,16,2,18,214
02/19/2016,ALB,NY,AEA,EN,Combined TRACON& Tower with Radar,60,59,11,0,130,0,11,9,0,20,60,70,20,0,150,3,0,3,153
02/20/2016,ALB,NY,AEA,EN,Combined TRACON& Tower with Radar,50,56,12,0,118,0,0,6,0,6,50,56,18,0,124,18,0,18,142
02/21/2016,ALB,NY,AEA,EN,Combined TRACON& Tower with Radar,53,51,26,0,130,0,1,14,1,16,53,52,40,1,146,10,0,10,156
02/22/2016,ALB,NY,AEA,EN,Combined TRACON& Tower with Radar,55,47,10,13,125,0,14,23,1,38,55,61,33,14,163,10,12,22,185
02/23/2016,ALB,NY,AEA,EN,Combined TRACON& Tower with Radar,60,57,15,4,136,0,4,22,4,30,60,61,37,8,166,10,0,10,176
02/24/2016,ALB,NY,AEA,EN,Combined TRACON& Tower with Radar,56,67,9,0,132,0,0,0,0,0,56,67,9,0,132,0,0,0,132
02/25/2016,ALB,NY,AEA,EN,Combined TRACON& Tower with Radar,59,82,17,11,169,0,1,10,9,20,59,83,27,20,189,12,26,38,227
02/26/2016,ALB,NY,AEA,EN,Combined TRACON& Tower with Radar,61,53,22,8,144,0,14,12,6,32,61,67,34,14,176,0,0,0,176
02/27/2016,ALB,NY,AEA,EN,Combined TRACON& Tower with Radar,50,44,40,2,136,0,5,50,8,63,50,49,90,10,199,0,0,0,199
02/28/2016,ALB,NY,AEA,EN,Combined TRACON& Tower with Radar,55,55,20,1,131,0,1,38,2,41,55,56,58,3,172,0,0,0,172
02/29/2016,ALB,NY,AEA,EN,Combined TRACON& Tower with Radar,51,63,13,2,129,0,0,14,2,16,51,63,27,4,145,0,0,0,145
03/01/2016,ALB,NY,AEA,EN,Combined TRACON& Tower with Radar,59,52,18,4,133,0,9,71,10,90,59,61,89,14,223,0,0,0,223
03/02/2016,ALB,NY,AEA,EN,Combined TRACON& Tower with Radar,61,60,13,1,135,0,1,0,1,2,61,61,13,2,137,0,0,0,137
03/03/2016,ALB,NY,AEA,EN,Combined TRACON& Tower with Radar,66,52,13,12,143,0,17,15,14,46,66,69,28,26,189,16,4,20,209
03/04/2016,ALB,NY,AEA,EN,Combined TRACON& Tower with Radar,68,55,16,13,152,0,12,19,0,31,68,67,35,13,183,7,14,21,204
03/05/2016,ALB,NY,AEA,EN,Combined TRACON& Tower with Radar,58,38,19,4,119,0,16,44,4,64,58,54,63,8,183,32,16,48,231
03/06/2016,ALB,NY,AEA,EN,Combined TRACON& Tower with Radar,61,46,11,0,118,0,12,53,0,65,61,58,64,0,183,33,0,33,216
03/07/2016,ALB,NY,AEA,EN,Combined TRACON& Tower with Radar,65,51,10,18,144,0,4,18,2,24,65,55,28,20,168,0,0,0,168
03/08/2016,ALB,NY,AEA,EN,Combined TRACON& Tower with Radar,68,64,22,0,154,0,7,25,0,32,68,71,47,0,186,10,26,36,222
03/09/2016,ALB,NY,AEA,EN,Combined TRACON& Tower with Radar,67,68,20,4,159,0,7,31,22,60,67,75,51,26,219,43,22,65,284
03/10/2016,ALB,NY,AEA,EN,Combined TRACON& Tower with Radar,73,64,14,18,169,0,0,3,2,5,73,64,17,20,174,2,14,16,190
03/11/2016,ALB,NY,AEA,EN,Combined TRACON& Tower with Radar,74,73,11,7,165,0,6,13,18,37,74,79,24,25,202,24,34,58,260
03/12/2016,ALB,NY,AEA,EN,Combined TRACON& Tower with Radar,58,42,15,0,115,0,17,40,6,63,58,59,55,6,178,14,0,14,192
03/13/2016,ALB,NY,AEA,EN,Combined TRACON& Tower with Radar,67,45,17,0,129,0,16,45,2,63,67,61,62,2,192,33,0,33,225
03/14/2016,ALB,NY,AEA,EN,Combined TRACON& Tower with Radar,66,65,4,1,136,0,0,4,1,5,66,65,8,2,141,4,0,4,145
03/15/2016,ALB,NY,AEA,EN,Combined TRACON& Tower with Radar,77,69,12,6,164,0,0,14,7,21,77,69,26,13,185,5,8,13,198
03/16/2016,ALB,NY,AEA,EN,Combined TRACON& Tower with Radar,73,63,21,9,166,0,5,28,7,40,73,68,49,16,206,24,0,24,230
03/17/2016,ALB,NY,AEA,EN,Combined TRACON& Tower with Radar,75,73,20,1,169,0,2,9,2,13,75,75,29,3,182,8,0,8,190
03/18/2016,ALB,NY,AEA,EN,Combined TRACON& Tower with Radar,74,66,11,0,151,0,0,15,2,17,74,66,26,2,168,4,0,4,172
03/19/2016,ALB,NY,AEA,EN,Combined TRACON& Tower with Radar,62,28,21,0,111,0,18,44,0,62,62,46,65,0,173,53,0,53,226
03/20/2016,ALB,NY,AEA,EN,Combined TRACON& Tower with Radar,67,34,16,0,117,0,21,41,0,62,67,55,57,0,179,58,0,58,237
03/21/2016,ALB,NY,AEA,EN,Combined TRACON& Tower with Radar,67,56,10,2,135,0,15,17,2,34,67,71,27,4,169,3,0,3,172
03/22/2016,ALB,NY,AEA,EN,Combined TRACON& Tower with Radar,77,56,26,1,160,0,10,27,7,44,77,66,53,8,204,36,4,40,244
03/23/2016,ALB,NY,AEA,EN,Combined TRACON& Tower with Radar,73,67,19,3,162,0,1,5,11,17,73,68,24,14,179,10,2,12,191
03/24/2016,ALB,NY,AEA,EN,Combined TRACON& Tower with Radar,71,61,11,2,145,0,4,22,14,40,71,65,33,16,185,6,4,10,195
03/25/2016,ALB,NY,AEA,EN,Combined TRACON& Tower with Radar,75,65,15,2,157,0,1,5,5,11,75,66,20,7,168,6,28,34,202
03/26/2016,ALB,NY,AEA,EN,Combined TRACON& Tower with Radar,58,36,15,0,109,0,10,38,4,52,58,46,53,4,161,10,0,10,171
03/27/2016,ALB,NY,AEA,EN,Combined TRACON& Tower with Radar,65,42,17,0,124,0,10,12,0,22,65,52,29,0,146,18,2,20,166
03/28/2016,ALB,NY,AEA,EN,Combined TRACON& Tower with Radar,72,53,21,12,158,0,0,0,0,0,72,53,21,12,158,6,14,20,178
03/29/2016,ALB,NY,AEA,EN,Combined TRACON& Tower with Radar,78,67,24,4,173,0,7,3,1,11,78,74,27,5,184,8,8,16,200
03/30/2016,ALB,NY,AEA,EN,Combined TRACON& Tower with Radar,73,57,27,4,161,0,17,44,17,78,73,74,71,21,239,40,0,40,279
03/31/2016,ALB,NY,AEA,EN,Combined TRACON& Tower with Radar,76,65,17,12,170,0,3,24,16,43,76,68,41,28,213,6,24,30,243
04/01/2016,ALB,NY,AEA,EN,Combined TRACON& Tower with Radar,78,62,6,1,147,0,1,8,3,12,78,63,14,4,159,0,0,0,159
04/02/2016,ALB,NY,AEA,EN,Combined TRACON& Tower with Radar,60,54,8,0,122,0,0,18,0,18,60,54,26,0,140,2,0,2,142
04/03/2016,ALB,NY,AEA,EN,Combined TRACON& Tower with Radar,66,54,3,0,123,0,3,1,0,4,66,57,4,0,127,0,0,0,127
04/04/2016,ALB,NY,AEA,EN,Combined TRACON& Tower with Radar,73,56,15,0,144,0,0,0,0,0,73,56,15,0,144,0,0,0,144
04/05/2016,ALB,NY,AEA,EN,Combined TRACON& Tower with Radar,75,51,32,16,174,0,16,30,15,61,75,67,62,31,235,39,30,69,304
04/06/2016,ALB,NY,AEA,EN,Combined TRACON& Tower with Radar,74,60,28,32,194,0,10,21,20,51,74,70,49,52,245,18,58,76,321
04/07/2016,ALB,NY,AEA,EN,Combined TRACON& Tower with Radar,79,68,27,4,178,0,0,4,9,13,79,68,31,13,191,11,0,11,202
04/08/2016,ALB,NY,AEA,EN,Combined TRACON& Tower with Radar,73,70,15,0,158,0,0,17,0,17,73,70,32,0,175,9,0,9,184
04/09/2016,ALB,NY,AEA,EN,Combined TRACON& Tower with Radar,59,38,18,0,115,0,14,28,0,42,59,52,46,0,157,33,0,33,190
04/10/2016,ALB,NY,AEA,EN,Combined TRACON& Tower with Radar,61,40,23,0,124,0,20,36,0,56,61,60,59,0,180,12,0,12,192
04/11/2016,ALB,NY,AEA,EN,Combined TRACON& Tower with Radar,77,59,23,3,162,0,0,2,1,3,77,59,25,4,165,4,2,6,171
04/12/2016,ALB,NY,AEA,EN,Combined TRACON& Tower with Radar,72,65,13,2,152,0,1,7,4,12,72,66,20,6,164,3,2,5,169
04/13/2016,ALB,NY,AEA,EN,Combined TRACON& Tower with Radar,71,53,15,3,142,0,18,68,7,93,71,71,83,10,235,45,4,49,284
04/14/2016,ALB,NY,AEA,EN,Combined TRACON& Tower with Radar,71,52,19,4,146,0,18,42,11,71,71,70,61,15,217,43,0,43,260
04/15/2016,ALB,NY,AEA,EN,Combined TRACON& Tower with Radar,76,47,24,6,153,0,18,27,9,54,76,65,51,15,207,5,14,19,226
04/16/2016,ALB,NY,AEA,EN,Combined TRACON& Tower with Radar,56,34,7,0,97,0,20,34,3,57,56,54,41,3,154,20,0,20,174
04/17/2016,ALB,NY,AEA,EN,Combined TRACON& Tower with Radar,58,41,18,1,118,0,18,53,3,74,58,59,71,4,192,26,0,26,218
04/18/2016,ALB,NY,AEA,EN,Combined TRACON& Tower with Radar,68,49,20,2,139,0,11,23,4,38,68,60,43,6,177,11,0,11,188
04/19/2016,ALB,NY,AEA,EN,Combined TRACON& Tower with Radar,72,61,15,21,169,0,12,14,2,28,72,73,29,23,197,8,42,50,247
04/20/2016,ALB,NY,AEA,EN,Combined TRACON& Tower with Radar,74,57,26,4,161,0,13,39,8,60,74,70,65,12,221,19,10,29,250
04/21/2016,ALB,NY,AEA,EN,Combined TRACON& Tower with Radar,74,50,35,1,160,0,18,32,11,61,74,68,67,12,221,26,0,26,247
04/22/2016,ALB,NY,AEA,EN,Combined TRACON& Tower with Radar,75,69,27,0,171,0,0,19,2,21,75,69,46,2,192,6,0,6,198
04/23/2016,ALB,NY,AEA,EN,Combined TRACON& Tower with Radar,57,46,17,0,120,0,5,21,1,27,57,51,38,1,147,34,0,34,181
04/24/2016,ALB,NY,AEA,EN,Combined TRACON& Tower with Radar,61,48,23,2,134,0,13,44,0,57,61,61,67,2,191,30,2,32,223
04/25/2016,ALB,NY,AEA,EN,Combined TRACON& Tower with Radar,71,60,25,16,172,0,5,14,0,19,71,65,39,16,191,20,14,34,225
04/26/2016,ALB,NY,AEA,EN,Combined TRACON& Tower with Radar,77,74,17,0,168,0,0,0,0,0,77,74,17,0,168,0,0,0,168
04/27/2016,ALB,NY,AEA,EN,Combined TRACON& Tower with Radar,75,60,26,3,164,0,20,39,19,78,75,80,65,22,242,36,6,42,284
04/28/2016,ALB,NY,AEA,EN,Combined TRACON& Tower with Radar,72,54,14,17,157,0,19,24,18,61,72,73,38,35,218,10,56,66,284
04/29/2016,ALB,NY,AEA,EN,Combined TRACON& Tower with Radar,77,57,17,6,157,0,15,19,6,40,77,72,36,12,197,11,18,29,226
04/30/2016,ALB,NY,AEA,EN,Combined TRACON& Tower with Radar,58,48,14,0,120,0,10,43,0,53,58,58,57,0,173,50,0,50,223
05/01/2016,ALB,NY,AEA,EN,Combined TRACON& Tower with Radar,59,56,19,0,134,0,0,4,0,4,59,56,23,0,138,18,0,18,156
05/02/2016,ALB,NY,AEA,EN,Combined TRACON& Tower with Radar,72,61,24,4,161,0,0,0,0,0,72,61,24,4,161,10,0,10,171
05/03/2016,ALB,NY,AEA,EN,Combined TRACON& Tower with Radar,77,72,34,15,198,0,0,13,8,21,77,72,47,23,219,8,18,26,245
05/04/2016,ALB,NY,AEA,EN,Combined TRACON& Tower with Radar,73,69,23,13,178,0,0,2,3,5,73,69,25,16,183,8,28,36,219
05/05/2016,ALB,NY,AEA,EN,Combined TRACON& Tower with Radar,70,75,26,23,194,0,1,22,22,45,70,76,48,45,239,40,40,80,319
05/06/2016,ALB,NY,AEA,EN,Combined TRACON& Tower with Radar,76,68,21,35,200,0,4,17,5,26,76,72,38,40,226,22,52,74,300
05/07/2016,ALB,NY,AEA,EN,Combined TRACON& Tower with Radar,57,48,32,0,137,0,1,12,0,13,57,49,44,0,150,2,0,2,152
05/08/2016,ALB,NY,AEA,EN,Combined TRACON& Tower with Radar,62,57,10,0,129,0,3,3,0,6,62,60,13,0,135,2,0,2,137
05/09/2016,ALB,NY,AEA,EN,Combined TRACON& Tower with Radar,71,53,30,3,157,0,6,38,4,48,71,59,68,7,205,26,0,26,231
05/10/2016,ALB,NY,AEA,EN,Combined TRACON& Tower with Radar,73,71,29,15,188,0,10,42,6,58,73,81,71,21,246,28,16,44,290
05/11/2016,ALB,NY,AEA,EN,Combined TRACON& Tower with Radar,75,59,33,1,168,0,16,61,1,78,75,75,94,2,246,60,0,60,306
05/12/2016,ALB,NY,AEA,EN,Combined TRACON& Tower with Radar,72,55,18,5,150,0,14,42,5,61,72,69,60,10,211,38,0,38,249
05/13/2016,ALB,NY,AEA,EN,Combined TRACON& Tower with Radar,74,68,26,2,170,0,0,7,0,7,74,68,33,2,177,19,0,19,196
05/14/2016,ALB,NY,AEA,EN,Combined TRACON& Tower with Radar,60,38,11,1,110,0,7,21,1,29,60,45,32,2,139,45,0,45,184
05/15/2016,ALB,NY,AEA,EN,Combined TRACON& Tower with Radar,59,62,11,3,135,0,2,4,0,6,59,64,15,3,141,3,0,3,144
05/16/2016,ALB,NY,AEA,EN,Combined TRACON& Tower with Radar,69,57,21,1,148,0,3,14,1,18,69,60,35,2,166,12,0,12,178
05/17/2016,ALB,NY,AEA,EN,Combined TRACON& Tower with Radar,75,59,29,2,165,0,13,35,7,55,75,72,64,9,220,29,2,31,251
05/18/2016,ALB,NY,AEA,EN,Combined TRACON& Tower with Radar,74,50,8,0,132,0,18,32,0,50,74,68,40,0,182,35,0,35,217
05/19/2016,ALB,NY,AEA,EN,Combined TRACON& Tower with Radar,73,59,21,0,153,0,10,31,0,41,73,69,52,0,194,29,0,29,223
05/20/2016,ALB,NY,AEA,EN,Combined TRACON& Tower with Radar,76,47,18,2,143,0,20,45,0,65,76,67,63,2,208,32,0,32,240
05/21/2016,ALB,NY,AEA,EN,Combined TRACON& Tower with Radar,60,29,12,2,103,0,14,14,0,28,60,43,26,2,131,4,0,4,135
05/22/2016,ALB,NY,AEA,EN,Combined TRACON& Tower with Radar,61,49,16,0,126,0,6,12,2,20,61,55,28,2,146,3,0,3,149
05/23/2016,ALB,NY,AEA,EN,Combined TRACON& Tower with Radar,71,52,27,7,157,0,15,21,3,39,71,67,48,10,196,30,8,38,234
05/24/2016,ALB,NY,AEA,EN,Combined TRACON& Tower with Radar,74,63,7,26,170,0,7,13,3,23,74,70,20,29,193,26,24,50,243
05/25/2016,ALB,NY,AEA,EN,Combined TRACON& Tower with Radar,72,57,25,8,162,0,13,31,0,44,72,70,56,8,206,16,2,18,224
05/26/2016,ALB,NY,AEA,EN,Combined TRACON& Tower with Radar,71,62,16,14,163,0,13,27,5,45,71,75,43,19,208,41,12,53,261
05/27/2016,ALB,NY,AEA,EN,Combined TRACON& Tower with Radar,75,56,32,0,163,0,15,22,0,37,75,71,54,0,200,24,0,24,224
05/28/2016,ALB,NY,AEA,EN,Combined TRACON& Tower with Radar,59,32,7,0,98,0,15,27,1,43,59,47,34,1,141,6,0,6,147
05/29/2016,ALB,NY,AEA,EN,Combined TRACON& Tower with Radar,50,39,7,0,96,0,4,21,0,25,50,43,28,0,121,16,0,16,137
05/30/2016,ALB,NY,AEA,EN,Combined TRACON& Tower with Radar,62,44,13,0,119,0,2,10,0,12,62,46,23,0,131,3,0,3,134
05/31/2016,ALB,NY,AEA,EN,Combined TRACON& Tower with Radar,68,47,20,11,146,0,11,43,3,57,68,58,63,14,203,35,12,47,250
06/01/2016,ALB,NY,AEA,EN,Combined TRACON& Tower with Radar,72,55,23,5,155,0,21,45,3,69,72,76,68,8,224,33,0,33,257
06/02/2016,ALB,NY,AEA,EN,Combined TRACON& Tower with Radar,63,79,35,14,191,0,6,25,3,34,63,85,60,17,225,31,18,49,274
06/03/2016,ALB,NY,AEA,EN,Combined TRACON& Tower with Radar,69,73,19,4,165,0,6,8,0,14,69,79,27,4,179,12,0,12,191
06/04/2016,ALB,NY,AEA,EN,Combined TRACON& Tower with Radar,57,43,24,0,124,0,9,46,0,55,57,52,70,0,179,47,0,47,226
06/05/2016,ALB,NY,AEA,EN,Combined TRACON& Tower with Radar,52,53,9,0,114,0,0,0,0,0,52,53,9,0,114,7,0,7,121
06/06/2016,ALB,NY,AEA,EN,Combined TRACON& Tower with Radar,66,65,33,0,164,0,6,20,1,27,66,71,53,1,191,16,0,16,207
06/07/2016,ALB,NY,AEA,EN,Combined TRACON& Tower with Radar,65,71,20,1,157,0,7,14,2,23,65,78,34,3,180,6,0,6,186
06/08/2016,ALB,NY,AEA,EN,Combined TRACON& Tower with Radar,69,73,19,5,166,0,3,17,13,33,69,76,36,18,199,5,8,13,212
06/09/2016,ALB,NY,AEA,EN,Combined TRACON& Tower with Radar,66,85,14,13,178,0,5,14,18,37,66,90,28,31,215,3,16,19,234
06/10/2016,ALB,NY,AEA,EN,Combined TRACON& Tower with Radar,66,73,20,2,161,0,15,36,1,52,66,88,56,3,213,20,0,20,233
06/11/2016,ALB,NY,AEA,EN,Combined TRACON& Tower with Radar,58,49,11,2,120,0,3,9,0,12,58,52,20,2,132,3,0,3,135
06/12/2016,ALB,NY,AEA,EN,Combined TRACON& Tower with Radar,59,55,15,0,129,0,2,12,0,14,59,57,27,0,143,11,0,11,154
06/13/2016,ALB,NY,AEA,EN,Combined TRACON& Tower with Radar,62,75,21,7,165,0,1,26,2,29,62,76,47,9,194,18,0,18,212
06/14/2016,ALB,NY,AEA,EN,Combined TRACON& Tower with Radar,65,69,17,5,156,0,16,53,13,82,65,85,70,18,238,22,0,22,260
06/15/2016,ALB,NY,AEA,EN,Combined TRACON& Tower with Radar,67,57,34,16,174,0,19,48,12,79,67,76,82,28,253,34,19,53,306
06/16/2016,ALB,NY,AEA,EN,Combined TRACON& Tower with Radar,67,55,39,0,161,0,20,28,0,48,67,75,67,0,209,34,15,49,258
06/17/2016,ALB,NY,AEA,EN,Combined TRACON& Tower with Radar,68,65,19,10,162,0,16,47,13,76,68,81,66,23,238,16,4,20,258
06/18/2016,ALB,NY,AEA,EN,Combined TRACON& Tower with Radar,59,38,16,0,113,0,17,39,0,56,59,55,55,0,169,14,0,14,183
06/19/2016,ALB,NY,AEA,EN,Combined TRACON& Tower with Radar,57,43,21,0,121,0,19,36,1,56,57,62,57,1,177,10,2,12,189
06/20/2016,ALB,NY,AEA,EN,Combined TRACON& Tower with Radar,65,48,23,7,143,0,18,35,9,62,65,66,58,16,205,16,18,34,239
06/21/2016,ALB,NY,AEA,EN,Combined TRACON& Tower with Radar,67,63,25,10,165,0,16,29,10,55,67,79,54,20,220,16,37,53,273
06/22/2016,ALB,NY,AEA,EN,Combined TRACON& Tower with Radar,70,72,22,2,166,0,8,27,16,51,70,80,49,18,217,9,0,9,226
06/23/2016,ALB,NY,AEA,EN,Combined TRACON& Tower with Radar,64,69,14,16,163,0,15,45,17,77,64,84,59,33,240,16,10,26,266
06/24/2016,ALB,NY,AEA,EN,Combined TRACON& Tower with Radar,69,53,17,8,147,0,22,30,23,75,69,75,47,31,222,8,23,31,253
06/25/2016,ALB,NY,AEA,EN,Combined TRACON& Tower with Radar,58,41,16,0,115,0,22,29,7,58,58,63,45,7,173,4,0,4,177
06/26/2016,ALB,NY,AEA,EN,Combined TRACON& Tower with Radar,53,40,34,0,127,0,20,34,2,56,53,60,68,2,183,37,0,37,220
06/27/2016,ALB,NY,AEA,EN,Combined TRACON& Tower with Radar,67,58,16,2,143,0,5,24,2,31,67,63,40,4,174,8,0,8,182
06/28/2016,ALB,NY,AEA,EN,Combined TRACON& Tower with Radar,70,66,18,4,158,0,0,4,4,8,70,66,22,8,166,9,0,9,175
06/29/2016,ALB,NY,AEA,EN,Combined TRACON& Tower with Radar,68,78,24,6,176,0,1,39,13,53,68,79,63,19,229,31,12,43,272
06/30/2016,ALB,NY,AEA,EN,Combined TRACON& Tower with Radar,69,64,28,1,162,0,12,48,5,65,69,76,76,6,227,18,0,18,245
07/01/2016,ALB,NY,AEA,EN,Combined TRACON& Tower with Radar,62,62,9,1,134,0,6,19,0,25,62,68,28,1,159,4,0,4,163
07/02/2016,ALB,NY,AEA,EN,Combined TRACON& Tower with Radar,66,40,6,0,112,0,15,22,0,37,66,55,28,0,149,5,0,5,154
07/03/2016,ALB,NY,AEA,EN,Combined TRACON& Tower with Radar,54,19,17,0,90,1,11,29,0,41,55,30,46,0,131,4,0,4,135
07/04/2016,ALB,NY,AEA,EN,Combined TRACON& Tower with Radar,59,37,12,0,108,0,14,28,0,42,59,51,40,0,150,17,0,17,167
07/05/2016,ALB,NY,AEA,EN,Combined TRACON& Tower with Radar,59,69,29,4,161,0,7,35,1,43,59,76,64,5,204,14,0,14,218
07/06/2016,ALB,NY,AEA,EN,Combined TRACON& Tower with Radar,65,63,27,5,160,0,10,37,12,59,65,73,64,17,219,14,0,14,233
07/07/2016,ALB,NY,AEA,EN,Combined TRACON& Tower with Radar,64,64,12,5,145,0,9,18,14,41,64,73,30,19,186,8,0,8,194
07/08/2016,ALB,NY,AEA,EN,Combined TRACON& Tower with Radar,65,62,30,2,159,0,3,23,1,27,65,65,53,3,186,37,0,37,223
07/09/2016,ALB,NY,AEA,EN,Combined TRACON& Tower with Radar,61,55,15,4,135,0,0,1,0,1,61,55,16,4,136,12,0,12,148
07/10/2016,ALB,NY,AEA,EN,Combined TRACON& Tower with Radar,57,58,24,0,139,0,0,7,4,11,57,58,31,4,150,34,0,34,184
07/11/2016,ALB,NY,AEA,EN,Combined TRACON& Tower with Radar,59,65,28,15,167,0,8,33,12,53,59,73,61,27,220,8,6,14,234
07/12/2016,ALB,NY,AEA,EN,Combined TRACON& Tower with Radar,67,67,21,13,168,0,12,35,7,54,67,79,56,20,222,11,6,17,239
07/13/2016,ALB,NY,AEA,EN,Combined TRACON& Tower with Radar,61,62,25,11,159,0,8,22,6,36,61,70,47,17,195,74,8,82,277
07/14/2016,ALB,NY,AEA,EN,Combined TRACON& Tower with Radar,67,79,27,4,177,0,2,17,6,25,67,81,44,10,202,2,0,2,204
07/15/2016,ALB,NY,AEA,EN,Combined TRACON& Tower with Radar,64,71,27,3,165,0,5,21,10,36,64,76,48,13,201,19,0,19,220
07/16/2016,ALB,NY,AEA,EN,Combined TRACON& Tower with Radar,58,46,26,2,132,0,3,24,4,31,58,49,50,6,163,16,10,26,189
07/17/2016,ALB,NY,AEA,EN,Combined TRACON& Tower with Radar,54,58,30,0,142,0,3,27,2,32,54,61,57,2,174,22,0,22,196
07/18/2016,ALB,NY,AEA,EN,Combined TRACON& Tower with Radar,66,65,22,1,154,0,4,22,6,32,66,69,44,7,186,30,10,40,226
07/19/2016,ALB,NY,AEA,EN,Combined TRACON& Tower with Radar,63,65,21,9,158,0,9,42,33,84,63,74,63,42,242,40,46,86,328
07/20/2016,ALB,NY,AEA,EN,Combined TRACON& Tower with Radar,67,64,21,1,153,0,12,65,12,89,67,76,86,13,242,40,0,40,282
07/21/2016,ALB,NY,AEA,EN,Combined TRACON& Tower with Radar,56,69,20,8,153,0,15,43,6,64,56,84,63,14,217,44,2,46,263
07/22/2016,ALB,NY,AEA,EN,Combined TRACON& Tower with Radar,64,72,25,3,164,0,8,27,1,36,64,80,52,4,200,16,0,16,216
07/23/2016,ALB,NY,AEA,EN,Combined TRACON& Tower with Radar,54,48,14,2,118,0,10,27,0,37,54,58,41,2,155,31,0,31,186
07/24/2016,ALB,NY,AEA,EN,Combined TRACON& Tower with Radar,54,48,32,0,134,0,12,37,2,51,54,60,69,2,185,31,0,31,216
07/25/2016,ALB,NY,AEA,EN,Combined TRACON& Tower with Radar,65,46,28,1,140,0,13,21,3,37,65,59,49,4,177,20,0,20,197
07/26/2016,ALB,NY,AEA,EN,Combined TRACON& Tower with Radar,63,69,28,8,168,0,8,34,9,51,63,77,62,17,219,22,0,22,241
07/27/2016,ALB,NY,AEA,EN,Combined TRACON& Tower with Radar,64,65,29,5,163,0,11,29,15,55,64,76,58,20,218,7,2,9,227
07/28/2016,ALB,NY,AEA,EN,Combined TRACON& Tower with Radar,58,60,25,4,147,0,11,33,13,57,58,71,58,17,204,16,4,20,224
07/29/2016,ALB,NY,AEA,EN,Combined TRACON& Tower with Radar,65,62,20,0,147,0,10,16,0,26,65,72,36,0,173,16,0,16,189
07/30/2016,ALB,NY,AEA,EN,Combined TRACON& Tower with Radar,50,32,16,0,98,0,12,19,0,31,50,44,35,0,129,31,0,31,160
07/31/2016,ALB,NY,AEA,EN,Combined TRACON& Tower with Radar,52,80,23,0,155,0,2,1,0,3,52,82,24,0,158,7,0,7,165
08/01/2016,ALB,NY,AEA,EN,Combined TRACON& Tower with Radar,58,68,20,5,151,0,0,4,0,4,58,68,24,5,155,6,11,17,172
08/02/2016,ALB,NY,AEA,EN,Combined TRACON& Tower with Radar,66,73,31,0,170,0,3,12,2,17,66,76,43,2,187,10,7,17,204
08/03/2016,ALB,NY,AEA,EN,Combined TRACON& Tower with Radar,65,66,35,2,168,0,5,19,7,31,65,71,54,9,199,23,0,23,222
08/04/2016,ALB,NY,AEA,EN,Combined TRACON& Tower with Radar,69,76,29,4,178,0,14,38,13,65,69,90,67,17,243,11,2,13,256
08/05/2016,ALB,NY,AEA,EN,Combined TRACON& Tower with Radar,64,64,12,7,147,0,11,18,3,32,64,75,30,10,179,42,2,44,223
08/06/2016,ALB,NY,AEA,EN,Combined TRACON& Tower with Radar,59,59,12,2,132,0,1,9,0,10,59,60,21,2,142,50,0,50,192
08/07/2016,ALB,NY,AEA,EN,Combined TRACON& Tower with Radar,50,55,26,2,133,0,8,35,0,43,50,63,61,2,176,16,0,16,192
08/08/2016,ALB,NY,AEA,EN,Combined TRACON& Tower with Radar,50,55,19,0,124,0,13,27,2,42,50,68,46,2,166,39,0,39,205
08/09/2016,ALB,NY,AEA,EN,Combined TRACON& Tower with Radar,59,67,30,14,170,0,11,29,15,55,59,78,59,29,225,40,26,66,291
08/10/2016,ALB,NY,AEA,EN,Combined TRACON& Tower with Radar,61,85,20,2,168,0,3,2,18,23,61,88,22,20,191,1,0,1,192
08/11/2016,ALB,NY,AEA,EN,Combined TRACON& Tower with Radar,63,75,36,11,185,0,10,16,5,31,63,85,52,16,216,17,2,19,235
08/12/2016,ALB,NY,AEA,EN,Combined TRACON& Tower with Radar,61,83,35,9,188,0,4,11,10,25,61,87,46,19,213,33,14,47,260
08/13/2016,ALB,NY,AEA,EN,Combined TRACON& Tower with Radar,58,64,12,0,134,0,0,9,0,9,58,64,21,0,143,28,0,28,171
08/14/2016,ALB,NY,AEA,EN,Combined TRACON& Tower with Radar,51,62,19,0,132,0,1,13,0,14,51,63,32,0,146,8,0,8,154
08/15/2016,ALB,NY,AEA,EN,Combined TRACON& Tower with Radar,55,55,17,17,144,0,8,22,3,33,55,63,39,20,177,47,10,57,234
08/16/2016,ALB,NY,AEA,EN,Combined TRACON& Tower with Radar,61,73,28,4,166,0,3,10,4,17,61,76,38,8,183,21,6,27,210
08/17/2016,ALB,NY,AEA,EN,Combined TRACON& Tower with Radar,64,74,28,4,170,0,8,31,9,48,64,82,59,13,218,10,0,10,228
08/18/2016,ALB,NY,AEA,EN,Combined TRACON& Tower with Radar,63,77,32,7,179,0,8,27,19,54,63,85,59,26,233,16,0,16,249
08/19/2016,ALB,NY,AEA,EN,Combined TRACON& Tower with Radar,58,72,20,2,152,0,11,47,0,58,58,83,67,2,210,26,6,32,242
08/20/2016,ALB,NY,AEA,EN,Combined TRACON& Tower with Radar,55,52,15,4,126,0,12,22,0,34,55,64,37,4,160,17,0,17,177
08/21/2016,ALB,NY,AEA,EN,Combined TRACON& Tower with Radar,51,51,17,0,119,0,0,3,0,3,51,51,20,0,122,2,0,2,124
08/22/2016,ALB,NY,AEA,EN,Combined TRACON& Tower with Radar,58,65,18,15,156,0,8,22,5,35,58,73,40,20,191,53,14,67,258
08/23/2016,ALB,NY,AEA,EN,Combined TRACON& Tower with Radar,57,65,21,2,145,0,10,39,9,58,57,75,60,11,203,30,0,30,233
08/24/2016,ALB,NY,AEA,EN,Combined TRACON& Tower with Radar,63,66,22,5,156,0,11,50,14,75,63,77,72,19,231,12,0,12,243
08/25/2016,ALB,NY,AEA,EN,Combined TRACON& Tower with Radar,61,73,34,10,178,0,3,35,14,52,61,76,69,24,230,28,6,34,264
08/26/2016,ALB,NY,AEA,EN,Combined TRACON& Tower with Radar,59,68,19,0,146,0,11,27,6,44,59,79,46,6,190,36,2,38,228
08/27/2016,ALB,NY,AEA,EN,Combined TRACON& Tower with Radar,52,43,15,2,112,0,12,27,0,39,52,55,42,2,151,12,0,12,163
08/28/2016,ALB,NY,AEA,EN,Combined TRACON& Tower with Radar,50,53,27,0,130,0,8,22,0,30,50,61,49,0,160,21,0,21,181
08/29/2016,ALB,NY,AEA,EN,Combined TRACON& Tower with Radar,59,56,21,3,139,0,18,32,5,55,59,74,53,8,194,5,0,5,199
08/30/2016,ALB,NY,AEA,EN,Combined TRACON& Tower with Radar,62,65,25,17,169,0,19,35,10,64,62,84,60,27,233,23,14,37,270
08/31/2016,ALB,NY,AEA,EN,Combined TRACON& Tower with Radar,62,70,28,4,164,0,12,32,2,46,62,82,60,6,210,10,2,12,222
09/01/2016,ALB,NY,AEA,EN,Combined TRACON& Tower with Radar,63,78,15,20,176,0,11,30,20,61,63,89,45,40,237,22,62,84,321
09/02/2016,ALB,NY,AEA,EN,Combined TRACON& Tower with Radar,62,68,31,1,162,0,16,42,1,59,62,84,73,2,221,44,2,46,267
09/03/2016,ALB,NY,AEA,EN,Combined TRACON& Tower with Radar,49,38,16,0,103,0,18,19,2,39,49,56,35,2,142,20,0,20,162
09/04/2016,ALB,NY,AEA,EN,Combined TRACON& Tower with Radar,46,27,10,0,83,0,17,18,2,37,46,44,28,2,120,4,0,4,124
09/05/2016,ALB,NY,AEA,EN,Combined TRACON& Tower with Radar,56,40,21,0,117,0,16,26,0,42,56,56,47,0,159,8,0,8,167
09/06/2016,ALB,NY,AEA,EN,Combined TRACON& Tower with Radar,65,57,26,5,153,0,10,23,5,38,65,67,49,10,191,11,2,13,204
09/07/2016,ALB,NY,AEA,EN,Combined TRACON& Tower with Radar,61,69,38,7,175,0,12,35,11,58,61,81,73,18,233,24,0,24,257
09/08/2016,ALB,NY,AEA,EN,Combined TRACON& Tower with Radar,66,74,17,21,178,0,3,21,11,35,66,77,38,32,213,30,26,56,269
09/09/2016,ALB,NY,AEA,EN,Combined TRACON& Tower with Radar,64,57,18,0,139,0,15,26,1,42,64,72,44,1,181,13,0,13,194
09/10/2016,ALB,NY,AEA,EN,Combined TRACON& Tower with Radar,50,47,12,1,110,0,11,18,15,44,50,58,30,16,154,20,0,20,174
09/11/2016,ALB,NY,AEA,EN,Combined TRACON& Tower with Radar,52,49,12,3,116,0,13,20,2,35,52,62,32,5,151,18,0,18,169
09/12/2016,ALB,NY,AEA,EN,Combined TRACON& Tower with Radar,58,51,15,2,126,0,18,22,2,42,58,69,37,4,168,16,0,16,184
09/13/2016,ALB,NY,AEA,EN,Combined TRACON& Tower with Radar,61,63,16,5,145,0,21,34,13,68,61,84,50,18,213,37,6,43,256
09/14/2016,ALB,NY,AEA,EN,Combined TRACON& Tower with Radar,73,82,35,9,199,0,7,40,6,53,73,89,75,15,252,37,0,37,289
09/15/2016,ALB,NY,AEA,EN,Combined TRACON& Tower with Radar,64,69,13,3,149,0,14,42,13,69,64,83,55,16,218,32,0,32,250
09/16/2016,ALB,NY,AEA,EN,Combined TRACON& Tower with Radar,64,63,21,4,152,0,14,35,6,55,64,77,56,10,207,24,0,24,231
09/17/2016,ALB,NY,AEA,EN,Combined TRACON& Tower with Radar,48,53,11,0,112,0,11,39,2,52,48,64,50,2,164,15,0,15,179
09/18/2016,ALB,NY,AEA,EN,Combined TRACON& Tower with Radar,50,63,32,0,145,0,1,6,0,7,50,64,38,0,152,8,0,8,160
09/19/2016,ALB,NY,AEA,EN,Combined TRACON& Tower with Radar,58,72,12,14,156,0,4,8,0,12,58,76,20,14,168,4,14,18,186
09/20/2016,ALB,NY,AEA,EN,Combined TRACON& Tower with Radar,64,73,23,3,163,0,13,16,1,30,64,86,39,4,193,29,0,29,222
09/21/2016,ALB,NY,AEA,EN,Combined TRACON& Tower with Radar,63,64,23,4,154,0,19,32,4,55,63,83,55,8,209,35,0,35,244
09/22/2016,ALB,NY,AEA,EN,Combined TRACON& Tower with Radar,66,67,15,6,154,0,16,38,6,60,66,83,53,12,214,49,0,49,263
09/23/2016,ALB,NY,AEA,EN,Combined TRACON& Tower with Radar,63,79,31,0,173,0,1,23,0,24,63,80,54,0,197,32,0,32,229
09/24/2016,ALB,NY,AEA,EN,Combined TRACON& Tower with Radar,52,52,14,2,120,0,13,19,4,36,52,65,33,6,156,24,0,24,180
09/25/2016,ALB,NY,AEA,EN,Combined TRACON& Tower with Radar,51,54,20,0,125,0,11,35,0,46,51,65,55,0,171,14,0,14,185
09/26/2016,ALB,NY,AEA,EN,Combined TRACON& Tower with Radar,61,58,21,2,142,0,12,24,1,37,61,70,45,3,179,5,0,5,184
09/27/2016,ALB,NY,AEA,EN,Combined TRACON& Tower with Radar,65,66,20,2,153,0,13,21,2,36,65,79,41,4,189,19,0,19,208
09/28/2016,ALB,NY,AEA,EN,Combined TRACON& Tower with Radar,63,67,25,2,157,0,6,11,1,18,63,73,36,3,175,22,0,22,197
09/29/2016,ALB,NY,AEA,EN,Combined TRACON& Tower with Radar,64,69,25,21,179,0,16,25,16,57,64,85,50,37,236,22,52,74,310
09/30/2016,ALB,NY,AEA,EN,Combined TRACON& Tower with Radar,65,69,32,14,180,0,12,18,2,32,65,81,50,16,212,11,0,11,223
10/01/2016,ALB,NY,AEA,EN,Combined TRACON& Tower with Radar,47,71,14,0,132,0,0,0,0,0,47,71,14,0,132,20,0,20,152
10/02/2016,ALB,NY,AEA,EN,Combined TRACON& Tower with Radar,50,52,28,0,130,0,0,10,0,10,50,52,38,0,140,10,0,10,150
10/03/2016,ALB,NY,AEA,EN,Combined TRACON& Tower with Radar,57,67,40,2,166,0,0,12,0,12,57,67,52,2,178,26,0,26,204
10/04/2016,ALB,NY,AEA,EN,Combined TRACON& Tower with Radar,64,81,32,0,177,0,0,22,0,22,64,81,54,0,199,21,0,21,220
10/05/2016,ALB,NY,AEA,EN,Combined TRACON& Tower with Radar,59,68,19,5,151,0,12,51,4,67,59,80,70,9,218,41,0,41,259
10/06/2016,ALB,NY,AEA,EN,Combined TRACON& Tower with Radar,68,62,20,14,164,0,19,36,0,55,68,81,56,14,219,14,12,26,245
10/07/2016,ALB,NY,AEA,EN,Combined TRACON& Tower with Radar,69,61,17,0,147,0,10,44,0,54,69,71,61,0,201,4,0,4,205
10/08/2016,ALB,NY,AEA,EN,Combined TRACON& Tower with Radar,56,63,22,1,142,0,3,8,0,11,56,66,30,1,153,6,0,6,159
10/09/2016,ALB,NY,AEA,EN,Combined TRACON& Tower with Radar,55,57,19,1,132,0,5,14,0,19,55,62,33,1,151,16,0,16,167
10/10/2016,ALB,NY,AEA,EN,Combined TRACON& Tower with Radar,67,52,18,0,137,0,15,31,0,46,67,67,49,0,183,12,0,12,195
10/11/2016,ALB,NY,AEA,EN,Combined TRACON& Tower with Radar,72,62,8,11,153,0,18,28,8,54,72,80,36,19,207,17,8,25,232
10/12/2016,ALB,NY,AEA,EN,Combined TRACON& Tower with Radar,68,58,28,18,172,0,16,41,29,86,68,74,69,47,258,49,65,114,372
10/13/2016,ALB,NY,AEA,EN,Combined TRACON& Tower with Radar,70,80,35,8,193,0,4,7,8,19,70,84,42,16,212,15,16,31,243
10/14/2016,ALB,NY,AEA,EN,Combined TRACON& Tower with Radar,71,60,26,1,158,0,13,36,9,58,71,73,62,10,216,12,2,14,230
10/15/2016,ALB,NY,AEA,EN,Combined TRACON& Tower with Radar,53,51,15,4,123,0,13,35,2,50,53,64,50,6,173,0,0,0,173
10/16/2016,ALB,NY,AEA,EN,Combined TRACON& Tower with Radar,54,61,40,2,157,0,4,34,2,40,54,65,74,4,197,12,2,14,211
10/17/2016,ALB,NY,AEA,EN,Combined TRACON& Tower with Radar,64,63,21,2,150,0,0,7,2,9,64,63,28,4,159,8,18,26,185
10/18/2016,ALB,NY,AEA,EN,Combined TRACON& Tower with Radar,70,62,23,34,189,0,11,29,17,57,70,73,52,51,246,5,22,27,273
10/19/2016,ALB,NY,AEA,EN,Combined TRACON& Tower with Radar,71,64,30,5,170,0,14,48,11,73,71,78,78,16,243,10,0,10,253
10/20/2016,ALB,NY,AEA,EN,Combined TRACON& Tower with Radar,69,78,37,7,191,0,4,12,5,21,69,82,49,12,212,16,0,16,228
10/21/2016,ALB,NY,AEA,EN,Combined TRACON& Tower with Radar,72,72,24,4,172,0,0,2,0,2,72,72,26,4,174,2,0,2,176
10/22/2016,ALB,NY,AEA,EN,Combined TRACON& Tower with Radar,55,58,8,0,121,0,0,0,0,0,55,58,8,0,121,4,0,4,125
10/23/2016,ALB,NY,AEA,EN,Combined TRACON& Tower with Radar,57,55,15,0,127,0,9,4,0,13,57,64,19,0,140,9,0,9,149
10/24/2016,ALB,NY,AEA,EN,Combined TRACON& Tower with Radar,68,62,16,4,150,0,2,10,2,14,68,64,26,6,164,14,2,16,180
10/25/2016,ALB,NY,AEA,EN,Combined TRACON& Tower with Radar,70,72,14,3,159,0,1,17,9,27,70,73,31,12,186,16,0,16,202
10/26/2016,ALB,NY,AEA,EN,Combined TRACON& Tower with Radar,69,70,28,12,179,0,8,25,14,47,69,78,53,26,226,14,14,28,254
10/27/2016,ALB,NY,AEA,EN,Combined TRACON& Tower with Radar,75,81,18,2,176,0,4,0,0,4,75,85,18,2,180,0,0,0,180
10/28/2016,ALB,NY,AEA,EN,Combined TRACON& Tower with Radar,73,74,17,1,165,0,2,3,1,6,73,76,20,2,171,0,0,0,171
10/29/2016,ALB,NY,AEA,EN,Combined TRACON& Tower with Radar,56,53,13,4,126,0,0,14,0,14,56,53,27,4,140,0,0,0,140
10/30/2016,ALB,NY,AEA,EN,Combined TRACON& Tower with Radar,60,66,22,2,150,0,0,23,0,23,60,66,45,2,173,21,0,21,194
10/31/2016,ALB,NY,AEA,EN,Combined TRACON& Tower with Radar,61,49,14,3,127,0,8,27,1,36,61,57,41,4,163,35,2,37,200
11/01/2016,ALB,NY,AEA,EN,Combined TRACON& Tower with Radar,68,52,15,50,185,0,19,36,22,77,68,71,51,72,262,35,54,89,351
11/02/2016,ALB,NY,AEA,EN,Combined TRACON& Tower with Radar,69,66,27,4,166,0,16,33,24,73,69,82,60,28,239,14,0,14,253
11/03/2016,ALB,NY,AEA,EN,Combined TRACON& Tower with Radar,79,81,41,6,207,0,0,6,6,12,79,81,47,12,219,14,0,14,233
11/04/2016,ALB,NY,AEA,EN,Combined TRACON& Tower with Radar,70,61,25,4,160,0,11,35,5,51,70,72,60,9,211,16,0,16,227
11/05/2016,ALB,NY,AEA,EN,Combined TRACON& Tower with Radar,57,45,19,2,123,0,1,26,11,38,57,46,45,13,161,47,18,65,226
11/06/2016,ALB,NY,AEA,EN,Combined TRACON& Tower with Radar,57,47,13,2,119,0,10,31,3,44,57,57,44,5,163,12,2,14,177
11/07/2016,ALB,NY,AEA,EN,Combined TRACON& Tower with Radar,68,53,13,5,139,0,19,23,4,46,68,72,36,9,185,12,8,20,205
11/08/2016,ALB,NY,AEA,EN,Combined TRACON& Tower with Radar,66,50,19,7,142,0,18,35,16,69,66,68,54,23,211,14,32,46,257
11/09/2016,ALB,NY,AEA,EN,Combined TRACON& Tower with Radar,72,76,36,10,194,0,0,5,0,5,72,76,41,10,199,10,18,28,227
11/10/2016,ALB,NY,AEA,EN,Combined TRACON& Tower with Radar,72,59,30,6,167,0,19,42,2,63,72,78,72,8,230,33,6,39,269
11/11/2016,ALB,NY,AEA,EN,Combined TRACON& Tower with Radar,70,69,14,0,153,0,0,3,0,3,70,69,17,0,156,7,0,7,163
11/12/2016,ALB,NY,AEA,EN,Combined TRACON& Tower with Radar,55,35,8,0,98,0,22,28,0,50,55,57,36,0,148,0,0,0,148
11/13/2016,ALB,NY,AEA,EN,Combined TRACON& Tower with Radar,58,49,15,2,124,0,17,24,3,44,58,66,39,5,168,8,0,8,176
11/14/2016,ALB,NY,AEA,EN,Combined TRACON& Tower with Radar,69,46,20,5,140,0,15,39,0,54,69,61,59,5,194,16,0,16,210
11/15/2016,ALB,NY,AEA,EN,Combined TRACON& Tower with Radar,72,63,25,0,160,0,3,3,2,8,72,66,28,2,168,0,0,0,168
11/16/2016,ALB,NY,AEA,EN,Combined TRACON& Tower with Radar,71,70,18,3,162,0,1,17,17,35,71,71,35,20,197,22,6,28,225
11/17/2016,ALB,NY,AEA,EN,Combined TRACON& Tower with Radar,74,66,25,5,170,0,3,46,2,51,74,69,71,7,221,30,5,35,256
11/18/2016,ALB,NY,AEA,EN,Combined TRACON& Tower with Radar,71,54,10,4,139,0,11,44,7,62,71,65,54,11,201,2,0,2,203
11/19/2016,ALB,NY,AEA,EN,Combined TRACON& Tower with Radar,60,47,17,0,124,0,7,24,7,38,60,54,41,7,162,8,0,8,170
11/20/2016,ALB,NY,AEA,EN,Combined TRACON& Tower with Radar,59,48,11,1,119,0,0,0,0,0,59,48,11,1,119,6,0,6,125
11/21/2016,ALB,NY,AEA,EN,Combined TRACON& Tower with Radar,67,51,6,0,124,0,0,1,2,3,67,51,7,2,127,0,0,0,127
11/22/2016,ALB,NY,AEA,EN,Combined TRACON& Tower with Radar,75,73,15,6,169,0,2,10,5,17,75,75,25,11,186,14,0,14,200
11/23/2016,ALB,NY,AEA,EN,Combined TRACON& Tower with Radar,79,69,22,3,173,0,14,42,0,56,79,83,64,3,229,16,0,16,245
11/24/2016,ALB,NY,AEA,EN,Combined TRACON& Tower with Radar,44,34,0,0,78,0,1,0,0,1,44,35,0,0,79,0,0,0,79
11/25/2016,ALB,NY,AEA,EN,Combined TRACON& Tower with Radar,53,55,5,0,113,0,0,4,0,4,53,55,9,0,117,0,0,0,117
11/26/2016,ALB,NY,AEA,EN,Combined TRACON& Tower with Radar,66,55,10,0,131,0,1,5,0,6,66,56,15,0,137,0,0,0,137
11/27/2016,ALB,NY,AEA,EN,Combined TRACON& Tower with Radar,62,71,28,0,161,0,0,26,0,26,62,71,54,0,187,16,0,16,203
11/28/2016,ALB,NY,AEA,EN,Combined TRACON& Tower with Radar,75,55,11,2,143,0,14,32,3,49,75,69,43,5,192,15,0,15,207
11/29/2016,ALB,NY,AEA,EN,Combined TRACON& Tower with Radar,75,64,22,5,166,0,0,0,0,0,75,64,22,5,166,10,0,10,176
11/30/2016,ALB,NY,AEA,EN,Combined TRACON& Tower with Radar,71,75,19,2,167,0,0,1,0,1,71,75,20,2,168,4,0,4,172
12/01/2016,ALB,NY,AEA,EN,Combined TRACON& Tower with Radar,76,72,13,5,166,0,1,12,11,24,76,73,25,16,190,4,0,4,194
12/02/2016,ALB,NY,AEA,EN,Combined TRACON& Tower with Radar,69,67,10,2,148,0,0,15,4,19,69,67,25,6,167,10,0,10,177
12/03/2016,ALB,NY,AEA,EN,Combined TRACON& Tower with Radar,55,48,13,2,118,0,2,5,0,7,55,50,18,2,125,15,0,15,140
12/04/2016,ALB,NY,AEA,EN,Combined TRACON& Tower with Radar,51,54,26,0,131,0,7,50,0,57,51,61,76,0,188,54,0,54,242
12/05/2016,ALB,NY,AEA,EN,Combined TRACON& Tower with Radar,70,58,8,2,138,0,0,6,0,6,70,58,14,2,144,0,0,0,144
12/06/2016,ALB,NY,AEA,EN,Combined TRACON& Tower with Radar,70,63,15,3,151,0,9,39,14,62,70,72,54,17,213,14,2,16,229
12/07/2016,ALB,NY,AEA,EN,Combined TRACON& Tower with Radar,72,74,13,3,162,0,2,0,10,12,72,76,13,13,174,8,2,10,184
12/08/2016,ALB,NY,AEA,EN,Combined TRACON& Tower with Radar,71,74,23,4,172,0,1,15,9,25,71,75,38,13,197,0,0,0,197
12/09/2016,ALB,NY,AEA,EN,Combined TRACON& Tower with Radar,73,63,22,3,161,0,0,8,9,17,73,63,30,12,178,0,6,6,184
12/10/2016,ALB,NY,AEA,EN,Combined TRACON& Tower with Radar,53,38,15,0,106,0,2,39,2,43,53,40,54,2,149,28,0,28,177
12/11/2016,ALB,NY,AEA,EN,Combined TRACON& Tower with Radar,39,53,14,0,106,0,0,17,3,20,39,53,31,3,126,9,0,9,135
12/12/2016,ALB,NY,AEA,EN,Combined TRACON& Tower with Radar,66,59,20,9,154,0,0,9,0,9,66,59,29,9,163,13,20,33,196
12/13/2016,ALB,NY,AEA,EN,Combined TRACON& Tower with Radar,72,64,16,5,157,0,6,32,11,49,72,70,48,16,206,0,0,0,206
12/14/2016,ALB,NY,AEA,EN,Combined TRACON& Tower with Radar,70,62,10,9,151,0,7,24,6,37,70,69,34,15,188,2,8,10,198
12/15/2016,ALB,NY,AEA,EN,Combined TRACON& Tower with Radar,67,68,11,2,148,0,0,6,0,6,67,68,17,2,154,1,0,1,155
12/16/2016,ALB,NY,AEA,EN,Combined TRACON& Tower with Radar,69,56,26,11,162,0,7,23,4,34,69,63,49,15,196,8,22,30,226
12/17/2016,ALB,NY,AEA,EN,Combined TRACON& Tower with Radar,56,36,2,0,94,0,0,0,0,0,56,36,2,0,94,0,0,0,94
12/18/2016,ALB,NY,AEA,EN,Combined TRACON& Tower with Radar,62,46,5,0,113,0,0,1,0,1,62,46,6,0,114,0,0,0,114
12/19/2016,ALB,NY,AEA,EN,Combined TRACON& Tower with Radar,64,48,10,2,124,0,14,21,2,37,64,62,31,4,161,0,0,0,161
12/20/2016,ALB,NY,AEA,EN,Combined TRACON& Tower with Radar,69,56,6,11,142,0,11,32,13,56,69,67,38,24,198,20,28,48,246
12/21/2016,ALB,NY,AEA,EN,Combined TRACON& Tower with Radar,73,50,21,8,152,0,3,28,18,49,73,53,49,26,201,10,5,15,216
12/22/2016,ALB,NY,AEA,EN,Combined TRACON& Tower with Radar,74,68,12,0,154,0,0,3,0,3,74,68,15,0,157,4,0,4,161
12/23/2016,ALB,NY,AEA,EN,Combined TRACON& Tower with Radar,76,56,15,0,147,0,10,25,0,35,76,66,40,0,182,8,0,8,190
12/24/2016,ALB,NY,AEA,EN,Combined TRACON& Tower with Radar,57,55,8,0,120,0,0,2,0,2,57,55,10,0,122,8,0,8,130
12/25/2016,ALB,NY,AEA,EN,Combined TRACON& Tower with Radar,49,23,6,0,78,0,13,10,0,23,49,36,16,0,101,0,0,0,101
12/26/2016,ALB,NY,AEA,EN,Combined TRACON& Tower with Radar,60,37,14,0,111,0,3,4,0,7,60,40,18,0,118,1,0,1,119
12/27/2016,ALB,NY,AEA,EN,Combined TRACON& Tower with Radar,73,64,8,1,146,0,0,10,3,13,73,64,18,4,159,0,0,0,159
12/28/2016,ALB,NY,AEA,EN,Combined TRACON& Tower with Radar,73,73,21,9,176,0,2,18,5,25,73,75,39,14,201,8,14,22,223
12/29/2016,ALB,NY,AEA,EN,Combined TRACON& Tower with Radar,76,49,6,0,131,0,0,0,0,0,76,49,6,0,131,0,0,0,131
12/30/2016,ALB,NY,AEA,EN,Combined TRACON& Tower with Radar,70,65,11,0,146,0,0,4,2,6,70,65,15,2,152,12,0,12,164
12/31/2016,ALB,NY,AEA,EN,Combined TRACON& Tower with Radar,57,51,4,0,112,0,1,6,0,7,57,52,10,0,119,6,0,6,125
01/01/2017,ALB,NY,AEA,EN,Combined TRACON& Tower with Radar,53,45,6,0,104,0,5,19,0,24,53,50,25,0,128,2,0,2,130
01/02/2017,ALB,NY,AEA,EN,Combined TRACON& Tower with Radar,66,40,26,0,132,0,12,25,0,37,66,52,51,0,169,23,2,25,194
01/03/2017,ALB,NY,AEA,EN,Combined TRACON& Tower with Radar,69,47,6,0,122,0,0,0,0,0,69,47,6,0,122,1,0,1,123
01/04/2017,ALB,NY,AEA,EN,Combined TRACON& Tower with Radar,65,61,16,0,142,0,0,6,7,13,65,61,22,7,155,4,0,4,159
01/05/2017,ALB,NY,AEA,EN,Combined TRACON& Tower with Radar,72,60,23,4,159,0,4,28,4,36,72,64,51,8,195,15,8,23,218
01/06/2017,ALB,NY,AEA,EN,Combined TRACON& Tower with Radar,71,47,15,0,133,0,10,24,6,40,71,57,39,6,173,23,0,23,196
01/07/2017,ALB,NY,AEA,EN,Combined TRACON& Tower with Radar,60,31,8,7,106,0,6,25,4,35,60,37,33,11,141,20,0,20,161
01/08/2017,ALB,NY,AEA,EN,Combined TRACON& Tower with Radar,58,53,12,3,126,0,1,6,4,11,58,54,18,7,137,8,0,8,145
01/09/2017,ALB,NY,AEA,EN,Combined TRACON& Tower with Radar,64,55,23,2,144,0,5,16,4,25,64,60,39,6,169,16,0,16,185
01/10/2017,ALB,NY,AEA,EN,Combined TRACON& Tower with Radar,71,64,21,2,158,0,4,11,1,16,71,68,32,3,174,4,0,4,178
01/11/2017,ALB,NY,AEA,EN,Combined TRACON& Tower with Radar,69,50,26,21,166,0,16,20,10,46,69,66,46,31,212,24,22,46,258
01/12/2017,ALB,NY,AEA,EN,Combined TRACON& Tower with Radar,69,59,12,2,142,0,0,3,0,3,69,59,15,2,145,0,0,0,145
01/13/2017,ALB,NY,AEA,EN,Combined TRACON& Tower with Radar,66,63,10,7,146,0,12,16,0,28,66,75,26,7,174,7,4,11,185
01/14/2017,ALB,NY,AEA,EN,Combined TRACON& Tower with Radar,57,34,13,0,104,0,16,37,0,53,57,50,50,0,157,6,0,6,163
01/15/2017,ALB,NY,AEA,EN,Combined TRACON& Tower with Radar,53,37,12,8,110,0,11,44,0,55,53,48,56,8,165,18,0,18,183
01/16/2017,ALB,NY,AEA,EN,Combined TRACON& Tower with Radar,66,40,17,0,123,0,16,33,0,49,66,56,50,0,172,18,0,18,190
01/17/2017,ALB,NY,AEA,EN,Combined TRACON& Tower with Radar,66,60,7,2,135,0,6,6,1,13,66,66,13,3,148,8,4,12,160
01/18/2017,ALB,NY,AEA,EN,Combined TRACON& Tower with Radar,67,69,13,1,150,0,0,0,0,0,67,69,13,1,150,0,0,0,150
01/19/2017,ALB,NY,AEA,EN,Combined TRACON& Tower with Radar,69,59,12,18,158,0,0,12,12,24,69,59,24,30,182,0,0,0,182
01/20/2017,ALB,NY,AEA,EN,Combined TRACON& Tower with Radar,69,64,23,11,167,0,1,18,9,28,69,65,41,20,195,28,18,46,241
01/21/2017,ALB,NY,AEA,EN,Combined TRACON& Tower with Radar,61,40,24,0,125,0,0,4,0,4,61,40,28,0,129,6,0,6,135
01/22/2017,ALB,NY,AEA,EN,Combined TRACON& Tower with Radar,54,50,21,0,125,0,0,0,0,0,54,50,21,0,125,4,4,8,133
01/23/2017,ALB,NY,AEA,EN,Combined TRACON& Tower with Radar,72,43,12,0,127,0,1,4,8,13,72,44,16,8,140,0,0,0,140
01/24/2017,ALB,NY,AEA,EN,Combined TRACON& Tower with Radar,68,44,11,0,123,0,0,0,0,0,68,44,11,0,123,0,0,0,123
01/25/2017,ALB,NY,AEA,EN,Combined TRACON& Tower with Radar,67,76,22,2,167,0,1,13,14,28,67,77,35,16,195,11,2,13,208
01/26/2017,ALB,NY,AEA,EN,Combined TRACON& Tower with Radar,68,62,22,7,159,0,1,21,19,41,68,63,43,26,200,12,22,34,234
01/27/2017,ALB,NY,AEA,EN,Combined TRACON& Tower with Radar,67,60,12,0,139,0,0,20,0,20,67,60,32,0,159,0,10,10,169
01/28/2017,ALB,NY,AEA,EN,Combined TRACON& Tower with Radar,57,44,12,0,113,0,0,11,0,11,57,44,23,0,124,14,0,14,138
01/29/2017,ALB,NY,AEA,EN,Combined TRACON& Tower with Radar,55,51,16,0,122,0,2,27,0,29,55,53,43,0,151,23,0,23,174
01/30/2017,ALB,NY,AEA,EN,Combined TRACON& Tower with Radar,63,60,17,2,142,0,1,26,3,30,63,61,43,5,172,25,0,25,197
01/31/2017,ALB,NY,AEA,EN,Combined TRACON& Tower with Radar,67,59,25,1,152,0,4,6,2,12,67,63,31,3,164,6,0,6,170
02/01/2017,ALB,NY,AEA,EN,Combined TRACON& Tower with Radar,69,65,13,6,153,0,2,8,10,20,69,67,21,16,173,0,0,0,173
02/02/2017,ALB,NY,AEA,EN,Combined TRACON& Tower with Radar,68,68,16,3,155,0,2,7,9,18,68,70,23,12,173,0,0,0,173
02/03/2017,ALB,NY,AEA,EN,Combined TRACON& Tower with Radar,68,60,22,7,157,0,4,26,4,34,68,64,48,11,191,10,22,32,223
02/04/2017,ALB,NY,AEA,EN,Combined TRACON& Tower with Radar,57,41,21,0,119,0,5,20,0,25,57,46,41,0,144,20,2,22,166
02/05/2017,ALB,NY,AEA,EN,Combined TRACON& Tower with Radar,49,48,12,0,109,0,6,19,0,25,49,54,31,0,134,6,0,6,140
02/06/2017,ALB,NY,AEA,EN,Combined TRACON& Tower with Radar,66,52,12,0,130,0,3,19,2,24,66,55,31,2,154,10,0,10,164
02/07/2017,ALB,NY,AEA,EN,Combined TRACON& Tower with Radar,65,46,5,0,116,0,0,1,0,1,65,46,6,0,117,0,0,0,117
02/08/2017,ALB,NY,AEA,EN,Combined TRACON& Tower with Radar,70,70,19,2,161,0,10,7,8,25,70,80,26,10,186,10,0,10,196
02/09/2017,ALB,NY,AEA,EN,Combined TRACON& Tower with Radar,62,33,4,0,99,0,0,0,0,0,62,33,4,0,99,0,0,0,99
02/10/2017,ALB,NY,AEA,EN,Combined TRACON& Tower with Radar,73,56,16,1,146,0,13,12,9,34,73,69,28,10,180,6,6,12,192
02/11/2017,ALB,NY,AEA,EN,Combined TRACON& Tower with Radar,58,38,7,0,103,0,0,19,2,21,58,38,26,2,124,6,0,6,130
02/12/2017,ALB,NY,AEA,EN,Combined TRACON& Tower with Radar,36,29,1,0,66,0,0,0,0,0,36,29,1,0,66,0,0,0,66
02/13/2017,ALB,NY,AEA,EN,Combined TRACON& Tower with Radar,38,33,10,2,83,0,0,2,0,2,38,33,12,2,85,0,0,0,85
02/14/2017,ALB,NY,AEA,EN,Combined TRACON& Tower with Radar,65,61,13,28,167,0,7,29,5,41,65,68,42,33,208,2,66,68,276
02/15/2017,ALB,NY,AEA,EN,Combined TRACON& Tower with Radar,67,75,10,8,160,0,0,15,9,24,67,75,25,17,184,22,2,24,208
02/16/2017,ALB,NY,AEA,EN,Combined TRACON& Tower with Radar,67,65,9,16,157,0,0,1,13,14,67,65,10,29,171,8,2,10,181
02/17/2017,ALB,NY,AEA,EN,Combined TRACON& Tower with Radar,72,49,20,3,144,0,15,42,3,60,72,64,62,6,204,0,0,0,204
02/18/2017,ALB,NY,AEA,EN,Combined TRACON& Tower with Radar,59,35,23,0,117,0,17,52,0,69,59,52,75,0,186,26,0,26,212
02/19/2017,ALB,NY,AEA,EN,Combined TRACON& Tower with Radar,58,43,18,0,119,0,10,26,0,36,58,53,44,0,155,36,0,36,191
02/20/2017,ALB,NY,AEA,EN,Combined TRACON& Tower with Radar,65,39,17,0,121,0,15,32,0,47,65,54,49,0,168,21,0,21,189
02/21/2017,ALB,NY,AEA,EN,Combined TRACON& Tower with Radar,73,44,24,13,154,0,17,29,9,55,73,61,53,22,209,15,30,45,254
02/22/2017,ALB,NY,AEA,EN,Combined TRACON& Tower with Radar,72,56,11,12,151,0,6,29,12,47,72,62,40,24,198,10,14,24,222
02/23/2017,ALB,NY,AEA,EN,Combined TRACON& Tower with Radar,71,62,18,10,161,0,5,19,7,31,71,67,37,17,192,14,6,20,212
02/24/2017,ALB,NY,AEA,EN,Combined TRACON& Tower with Radar,74,56,14,1,145,0,4,22,3,29,74,60,36,4,174,4,0,4,178
02/25/2017,ALB,NY,AEA,EN,Combined TRACON& Tower with Radar,63,45,17,0,125,0,0,1,4,5,63,45,18,4,130,3,0,3,133
02/26/2017,ALB,NY,AEA,EN,Combined TRACON& Tower with Radar,60,56,9,0,125,0,1,8,10,19,60,57,17,10,144,0,0,0,144
02/27/2017,ALB,NY,AEA,EN,Combined TRACON& Tower with Radar,68,46,10,2,126,0,8,14,0,22,68,54,24,2,148,29,0,29,177
02/28/2017,ALB,NY,AEA,EN,Combined TRACON& Tower with Radar,66,66,14,3,149,0,5,29,3,37,66,71,43,6,186,19,2,21,207
03/01/2017,ALB,NY,AEA,EN,Combined TRACON& Tower with Radar,77,62,19,0,158,0,0,6,9,15,77,62,25,9,173,4,0,4,177
03/02/2017,ALB,NY,AEA,EN,Combined TRACON& Tower with Radar,79,48,15,1,143,0,6,2,1,9,79,54,17,2,152,0,0,0,152
03/03/2017,ALB,NY,AEA,EN,Combined TRACON& Tower with Radar,79,52,15,0,146,0,9,15,0,24,79,61,30,0,170,6,0,6,176
03/04/2017,ALB,NY,AEA,EN,Combined TRACON& Tower with Radar,61,36,10,7,114,0,12,13,7,32,61,48,23,14,146,14,0,14,160
03/05/2017,ALB,NY,AEA,EN,Combined TRACON& Tower with Radar,57,39,8,0,104,0,16,46,2,64,57,55,54,2,168,29,2,31,199
03/06/2017,ALB,NY,AEA,EN,Combined TRACON& Tower with Radar,66,55,24,15,160,0,10,30,8,48,66,65,54,23,208,13,8,21,229
03/07/2017,ALB,NY,AEA,EN,Combined TRACON& Tower with Radar,71,74,21,2,168,0,0,3,0,3,71,74,24,2,171,7,4,11,182
03/08/2017,ALB,NY,AEA,EN,Combined TRACON& Tower with Radar,71,56,25,5,157,0,5,18,9,32,71,61,43,14,189,12,6,18,207
03/09/2017,ALB,NY,AEA,EN,Combined TRACON& Tower with Radar,72,61,9,6,148,0,4,10,2,16,72,65,19,8,164,8,2,10,174
03/10/2017,ALB,NY,AEA,EN,Combined TRACON& Tower with Radar,91,63,14,4,172,0,0,4,13,17,91,63,18,17,189,0,0,0,189
03/11/2017,ALB,NY,AEA,EN,Combined TRACON& Tower with Radar,59,40,6,1,106,0,7,6,12,25,59,47,12,13,131,0,0,0,131
03/12/2017,ALB,NY,AEA,EN,Combined TRACON& Tower with Radar,61,44,16,10,131,0,13,28,3,44,61,57,44,13,175,16,0,16,191
03/13/2017,ALB,NY,AEA,EN,Combined TRACON& Tower with Radar,62,51,22,10,145,0,15,32,5,52,62,66,54,15,197,16,0,16,213
03/14/2017,ALB,NY,AEA,EN,Combined TRACON& Tower with Radar,6,4,0,0,10,0,0,0,0,0,6,4,0,0,10,0,0,0,10
03/15/2017,ALB,NY,AEA,EN,Combined TRACON& Tower with Radar,46,41,10,1,98,0,3,4,6,13,46,44,14,7,111,0,0,0,111
03/16/2017,ALB,NY,AEA,EN,Combined TRACON& Tower with Radar,79,52,11,3,145,0,12,12,7,31,79,64,23,10,176,12,0,12,188
03/17/2017,ALB,NY,AEA,EN,Combined TRACON& Tower with Radar,73,48,31,10,162,0,18,30,18,66,73,66,61,28,228,8,22,30,258
03/18/2017,ALB,NY,AEA,EN,Combined TRACON& Tower with Radar,62,28,17,0,107,0,17,22,0,39,62,45,39,0,146,12,0,12,158
03/19/2017,ALB,NY,AEA,EN,Combined TRACON& Tower with Radar,63,39,12,0,114,0,14,26,0,40,63,53,38,0,154,30,0,30,184
03/20/2017,ALB,NY,AEA,EN,Combined TRACON& Tower with Radar,71,44,22,9,146,0,17,29,1,47,71,61,51,10,193,24,18,42,235
03/21/2017,ALB,NY,AEA,EN,Combined TRACON& Tower with Radar,74,64,19,11,168,0,1,25,15,41,74,65,44,26,209,24,12,36,245
03/22/2017,ALB,NY,AEA,EN,Combined TRACON& Tower with Radar,74,66,15,8,163,0,15,18,14,47,74,81,33,22,210,2,12,14,224
03/23/2017,ALB,NY,AEA,EN,Combined TRACON& Tower with Radar,74,54,34,2,164,0,18,39,13,70,74,72,73,15,234,21,0,21,255
03/24/2017,ALB,NY,AEA,EN,Combined TRACON& Tower with Radar,74,66,18,0,158,0,0,2,0,2,74,66,20,0,160,2,0,2,162
03/25/2017,ALB,NY,AEA,EN,Combined TRACON& Tower with Radar,56,50,15,0,121,0,0,0,0,0,56,50,15,0,121,0,0,0,121
03/26/2017,ALB,NY,AEA,EN,Combined TRACON& Tower with Radar,67,51,4,0,122,0,0,2,0,2,67,51,6,0,124,0,0,0,124
03/27/2017,ALB,NY,AEA,EN,Combined TRACON& Tower with Radar,71,54,17,0,142,0,0,5,0,5,71,54,22,0,147,4,0,4,151
03/28/2017,ALB,NY,AEA,EN,Combined TRACON& Tower with Radar,75,62,31,17,185,0,0,0,2,2,75,62,31,19,187,9,12,21,208
03/29/2017,ALB,NY,AEA,EN,Combined TRACON& Tower with Radar,72,64,29,12,177,0,2,25,18,45,72,66,54,30,222,10,6,16,238
03/30/2017,ALB,NY,AEA,EN,Combined TRACON& Tower with Radar,75,55,22,3,155,0,17,35,5,57,75,72,57,8,212,24,2,26,238
03/31/2017,ALB,NY,AEA,EN,Combined TRACON& Tower with Radar,71,53,12,0,136,0,0,0,0,0,71,53,12,0,136,0,0,0,136
04/01/2017,ALB,NY,AEA,EN,Combined TRACON& Tower with Radar,64,47,4,0,115,0,0,0,3,3,64,47,4,3,118,0,0,0,118
04/02/2017,ALB,NY,AEA,EN,Combined TRACON& Tower with Radar,62,49,22,0,133,0,5,35,16,56,62,54,57,16,189,16,0,16,205
04/03/2017,ALB,NY,AEA,EN,Combined TRACON& Tower with Radar,66,44,21,8,139,0,15,36,5,56,66,59,57,13,195,36,2,38,233
04/04/2017,ALB,NY,AEA,EN,Combined TRACON& Tower with Radar,76,66,21,4,167,0,1,2,0,3,76,67,23,4,170,2,0,2,172
04/05/2017,ALB,NY,AEA,EN,Combined TRACON& Tower with Radar,72,72,26,7,177,0,0,16,9,25,72,72,42,16,202,4,2,6,208
04/06/2017,ALB,NY,AEA,EN,Combined TRACON& Tower with Radar,66,51,10,4,131,0,0,0,0,0,66,51,10,4,131,0,0,0,131
04/07/2017,ALB,NY,AEA,EN,Combined TRACON& Tower with Radar,69,70,14,3,156,0,0,10,0,10,69,70,24,3,166,14,0,14,180
04/08/2017,ALB,NY,AEA,EN,Combined TRACON& Tower with Radar,65,44,10,0,119,0,3,10,2,15,65,47,20,2,134,26,0,26,160
04/09/2017,ALB,NY,AEA,EN,Combined TRACON& Tower with Radar,68,43,18,2,131,0,14,69,0,83,68,57,87,2,214,47,0,47,261
04/10/2017,ALB,NY,AEA,EN,Combined TRACON& Tower with Radar,70,37,21,9,137,0,18,40,5,63,70,55,61,14,200,20,12,32,232
04/11/2017,ALB,NY,AEA,EN,Combined TRACON& Tower with Radar,75,64,27,1,167,0,7,22,5,34,75,71,49,6,201,28,0,28,229
04/12/2017,ALB,NY,AEA,EN,Combined TRACON& Tower with Radar,79,67,19,7,172,0,3,9,23,35,79,70,28,30,207,6,64,70,277
04/13/2017,ALB,NY,AEA,EN,Combined TRACON& Tower with Radar,74,53,12,6,145,0,11,25,14,50,74,64,37,20,195,28,30,58,253
04/14/2017,ALB,NY,AEA,EN,Combined TRACON& Tower with Radar,77,43,15,2,137,0,17,47,4,68,77,60,62,6,205,17,14,31,236
04/15/2017,ALB,NY,AEA,EN,Combined TRACON& Tower with Radar,66,28,10,0,104,0,15,44,0,59,66,43,54,0,163,32,0,32,195
04/16/2017,ALB,NY,AEA,EN,Combined TRACON& Tower with Radar,65,36,8,0,109,0,9,9,0,18,65,45,17,0,127,27,0,27,154
04/17/2017,ALB,NY,AEA,EN,Combined TRACON& Tower with Radar,69,53,18,5,145,0,10,20,0,30,69,63,38,5,175,6,4,10,185
04/18/2017,ALB,NY,AEA,EN,Combined TRACON& Tower with Radar,78,58,24,19,179,0,11,51,7,69,78,69,75,26,248,20,20,40,288
04/19/2017,ALB,NY,AEA,EN,Combined TRACON& Tower with Radar,74,64,12,18,168,0,0,0,10,10,74,64,12,28,178,5,58,63,241
04/20/2017,ALB,NY,AEA,EN,Combined TRACON& Tower with Radar,76,65,24,4,169,0,2,13,8,23,76,67,37,12,192,6,4,10,202
04/21/2017,ALB,NY,AEA,EN,Combined TRACON& Tower with Radar,78,65,14,5,162,0,0,2,12,14,78,65,16,17,176,8,24,32,208
04/22/2017,ALB,NY,AEA,EN,Combined TRACON& Tower with Radar,67,46,12,0,125,0,0,12,0,12,67,46,24,0,137,10,0,10,147
04/23/2017,ALB,NY,AEA,EN,Combined TRACON& Tower with Radar,70,31,12,0,113,0,11,47,0,58,70,42,59,0,171,24,0,24,195
04/24/2017,ALB,NY,AEA,EN,Combined TRACON& Tower with Radar,73,52,10,2,137,0,11,35,0,46,73,63,45,2,183,8,0,8,191
04/25/2017,ALB,NY,AEA,EN,Combined TRACON& Tower with Radar,74,64,12,11,161,0,0,14,3,17,74,64,26,14,178,14,0,14,192
04/26/2017,ALB,NY,AEA,EN,Combined TRACON& Tower with Radar,74,68,13,5,160,0,0,7,0,7,74,68,20,5,167,8,4,12,179
04/27/2017,ALB,NY,AEA,EN,Combined TRACON& Tower with Radar,75,59,29,23,186,0,2,16,1,19,75,61,45,24,205,30,22,52,257
04/28/2017,ALB,NY,AEA,EN,Combined TRACON& Tower with Radar,76,64,18,3,161,0,5,29,1,35,76,69,47,4,196,8,0,8,204
04/29/2017,ALB,NY,AEA,EN,Combined TRACON& Tower with Radar,61,48,15,0,124,0,2,23,0,25,61,50,38,0,149,8,0,8,157
04/30/2017,ALB,NY,AEA,EN,Combined TRACON& Tower with Radar,62,40,24,0,126,0,2,19,2,23,62,42,43,2,149,4,0,4,153
05/01/2017,ALB,NY,AEA,EN,Combined TRACON& Tower with Radar,68,57,23,20,168,0,1,6,7,14,68,58,29,27,182,4,20,24,206
05/02/2017,ALB,NY,AEA,EN,Combined TRACON& Tower with Radar,74,70,28,11,183,0,1,14,2,17,74,71,42,13,200,16,8,24,224
05/03/2017,ALB,NY,AEA,EN,Combined TRACON& Tower with Radar,72,65,16,7,160,0,1,11,7,19,72,66,27,14,179,17,10,27,206
05/04/2017,ALB,NY,AEA,EN,Combined TRACON& Tower with Radar,71,64,15,5,155,0,10,44,4,58,71,74,59,9,213,62,0,62,275
05/05/2017,ALB,NY,AEA,EN,Combined TRACON& Tower with Radar,92,60,10,4,166,0,0,2,0,2,92,60,12,4,168,4,0,4,172
05/06/2017,ALB,NY,AEA,EN,Combined TRACON& Tower with Radar,65,55,12,3,135,0,1,0,0,1,65,56,12,3,136,12,0,12,148
05/07/2017,ALB,NY,AEA,EN,Combined TRACON& Tower with Radar,57,56,22,0,135,0,0,8,0,8,57,56,30,0,143,52,0,52,195
05/08/2017,ALB,NY,AEA,EN,Combined TRACON& Tower with Radar,68,62,14,2,146,0,2,10,0,12,68,64,24,2,158,6,0,6,164
05/09/2017,ALB,NY,AEA,EN,Combined TRACON& Tower with Radar,73,65,19,1,158,0,0,31,1,32,73,65,50,2,190,38,2,40,230
05/10/2017,ALB,NY,AEA,EN,Combined TRACON& Tower with Radar,72,75,19,12,178,0,0,19,2,21,72,75,38,14,199,42,16,58,257
05/11/2017,ALB,NY,AEA,EN,Combined TRACON& Tower with Radar,74,64,25,2,165,0,8,33,8,49,74,72,58,10,214,36,2,38,252
05/12/2017,ALB,NY,AEA,EN,Combined TRACON& Tower with Radar,75,58,28,11,172,0,4,31,3,38,75,62,59,14,210,30,2,32,242
05/13/2017,ALB,NY,AEA,EN,Combined TRACON& Tower with Radar,61,59,8,0,128,0,0,4,0,4,61,59,12,0,132,2,0,2,134
05/14/2017,ALB,NY,AEA,EN,Combined TRACON& Tower with Radar,60,56,21,0,137,0,0,7,0,7,60,56,28,0,144,22,0,22,166
05/15/2017,ALB,NY,AEA,EN,Combined TRACON& Tower with Radar,70,64,16,0,150,0,0,10,0,10,70,64,26,0,160,0,0,0,160
05/16/2017,ALB,NY,AEA,EN,Combined TRACON& Tower with Radar,71,55,18,1,145,0,12,44,3,59,71,67,62,4,204,14,0,14,218
05/17/2017,ALB,NY,AEA,EN,Combined TRACON& Tower with Radar,72,61,34,16,183,0,11,47,5,63,72,72,81,21,246,40,12,52,298
05/18/2017,ALB,NY,AEA,EN,Combined TRACON& Tower with Radar,73,56,22,0,151,0,9,41,6,56,73,65,63,6,207,23,0,23,230
05/19/2017,ALB,NY,AEA,EN,Combined TRACON& Tower with Radar,72,71,21,4,168,0,7,30,18,55,72,78,51,22,223,23,20,43,266
05/20/2017,ALB,NY,AEA,EN,Combined TRACON& Tower with Radar,65,43,11,0,119,0,11,47,0,58,65,54,58,0,177,24,0,24,201
05/21/2017,ALB,NY,AEA,EN,Combined TRACON& Tower with Radar,55,44,18,2,119,0,8,37,1,46,55,52,55,3,165,56,0,56,221
05/22/2017,ALB,NY,AEA,EN,Combined TRACON& Tower with Radar,69,60,19,9,157,0,0,5,21,26,69,60,24,30,183,12,34,46,229
05/23/2017,ALB,NY,AEA,EN,Combined TRACON& Tower with Radar,77,68,29,15,189,0,10,34,4,48,77,78,63,19,237,44,10,54,291
05/24/2017,ALB,NY,AEA,EN,Combined TRACON& Tower with Radar,71,61,29,12,173,0,6,23,18,47,71,67,52,30,220,20,36,56,276
05/25/2017,ALB,NY,AEA,EN,Combined TRACON& Tower with Radar,67,68,21,15,171,0,0,5,1,6,67,68,26,16,177,3,14,17,194
05/26/2017,ALB,NY,AEA,EN,Combined TRACON& Tower with Radar,78,68,36,0,182,0,0,1,0,1,78,68,37,0,183,4,0,4,187
05/27/2017,ALB,NY,AEA,EN,Combined TRACON& Tower with Radar,62,42,21,0,125,0,1,32,0,33,62,43,53,0,158,20,0,20,178
05/28/2017,ALB,NY,AEA,EN,Combined TRACON& Tower with Radar,47,43,17,0,107,0,7,15,0,22,47,50,32,0,129,8,0,8,137
05/29/2017,ALB,NY,AEA,EN,Combined TRACON& Tower with Radar,60,57,31,0,148,0,1,3,0,4,60,58,34,0,152,20,0,20,172
05/30/2017,ALB,NY,AEA,EN,Combined TRACON& Tower with Radar,71,63,12,16,162,0,0,3,0,3,71,63,15,16,165,0,10,10,175
05/31/2017,ALB,NY,AEA,EN,Combined TRACON& Tower with Radar,73,71,29,17,190,0,0,26,26,52,73,71,55,43,242,15,24,39,281
06/01/2017,ALB,NY,AEA,EN,Combined TRACON& Tower with Radar,72,72,25,12,181,0,4,32,17,53,72,76,57,29,234,4,6,10,244
06/02/2017,ALB,NY,AEA,EN,Combined TRACON& Tower with Radar,70,69,16,0,155,0,10,25,2,37,70,79,41,2,192,6,0,6,198
06/03/2017,ALB,NY,AEA,EN,Combined TRACON& Tower with Radar,60,52,11,2,125,0,5,38,6,49,60,57,49,8,174,17,0,17,191
06/04/2017,ALB,NY,AEA,EN,Combined TRACON& Tower with Radar,55,51,13,9,128,0,3,13,7,23,55,54,26,16,151,6,8,14,165
06/05/2017,ALB,NY,AEA,EN,Combined TRACON& Tower with Radar,60,71,24,2,157,0,0,0,2,2,60,71,24,4,159,4,0,4,163
06/06/2017,ALB,NY,AEA,EN,Combined TRACON& Tower with Radar,63,79,16,34,192,0,0,1,0,1,63,79,17,34,193,0,42,42,235
06/07/2017,ALB,NY,AEA,EN,Combined TRACON& Tower with Radar,67,77,12,2,158,0,7,41,8,56,67,84,53,10,214,26,0,26,240
06/08/2017,ALB,NY,AEA,EN,Combined TRACON& Tower with Radar,66,80,24,2,172,0,12,53,4,69,66,92,77,6,241,56,0,56,297
06/09/2017,ALB,NY,AEA,EN,Combined TRACON& Tower with Radar,65,77,18,1,161,0,8,13,4,25,65,85,31,5,186,8,0,8,194
06/10/2017,ALB,NY,AEA,EN,Combined TRACON& Tower with Radar,58,41,16,0,115,0,8,37,6,51,58,49,53,6,166,4,2,6,172
06/11/2017,ALB,NY,AEA,EN,Combined TRACON& Tower with Radar,52,51,24,0,127,0,9,39,2,50,52,60,63,2,177,33,0,33,210
06/12/2017,ALB,NY,AEA,EN,Combined TRACON& Tower with Radar,57,62,18,2,139,0,8,37,7,52,57,70,55,9,191,11,0,11,202
06/13/2017,ALB,NY,AEA,EN,Combined TRACON& Tower with Radar,64,68,21,7,160,0,6,24,12,42,64,74,45,19,202,10,26,36,238
06/14/2017,ALB,NY,AEA,EN,Combined TRACON& Tower with Radar,64,70,25,6,165,0,8,34,6,48,64,78,59,12,213,28,14,42,255
06/15/2017,ALB,NY,AEA,EN,Combined TRACON& Tower with Radar,61,81,10,5,157,0,4,41,15,60,61,85,51,20,217,15,10,25,242
06/16/2017,ALB,NY,AEA,EN,Combined TRACON& Tower with Radar,70,72,30,8,180,0,1,3,0,4,70,73,33,8,184,14,6,20,204
06/17/2017,ALB,NY,AEA,EN,Combined TRACON& Tower with Radar,59,60,16,0,135,0,0,6,2,8,59,60,22,2,143,22,0,22,165
06/18/2017,ALB,NY,AEA,EN,Combined TRACON& Tower with Radar,52,64,19,0,135,0,0,2,0,2,52,64,21,0,137,0,0,0,137
06/19/2017,ALB,NY,AEA,EN,Combined TRACON& Tower with Radar,56,53,21,1,131,0,0,4,1,5,56,53,25,2,136,0,0,0,136
06/20/2017,ALB,NY,AEA,EN,Combined TRACON& Tower with Radar,62,79,21,10,172,0,9,38,6,53,62,88,59,16,225,7,6,13,238
06/21/2017,ALB,NY,AEA,EN,Combined TRACON& Tower with Radar,64,80,17,4,165,0,5,42,7,54,64,85,59,11,219,15,13,28,247
06/22/2017,ALB,NY,AEA,EN,Combined TRACON& Tower with Radar,62,77,29,7,175,0,8,37,17,62,62,85,66,24,237,21,0,21,258
06/23/2017,ALB,NY,AEA,EN,Combined TRACON& Tower with Radar,67,80,13,0,160,0,4,11,0,15,67,84,24,0,175,0,0,0,175
06/24/2017,ALB,NY,AEA,EN,Combined TRACON& Tower with Radar,60,53,21,0,134,0,2,15,0,17,60,55,36,0,151,17,0,17,168
06/25/2017,ALB,NY,AEA,EN,Combined TRACON& Tower with Radar,61,54,14,4,133,0,11,28,0,39,61,65,42,4,172,20,0,20,192
06/26/2017,ALB,NY,AEA,EN,Combined TRACON& Tower with Radar,57,71,20,1,149,0,1,19,0,20,57,72,39,1,169,0,0,0,169
06/27/2017,ALB,NY,AEA,EN,Combined TRACON& Tower with Radar,62,71,20,1,154,0,3,17,6,26,62,74,37,7,180,28,0,28,208
06/28/2017,ALB,NY,AEA,EN,Combined TRACON& Tower with Radar,64,81,25,4,174,0,6,35,4,45,64,87,60,8,219,10,0,10,229
06/29/2017,ALB,NY,AEA,EN,Combined TRACON& Tower with Radar,66,88,32,13,199,0,0,38,3,41,66,88,70,16,240,41,8,49,289
06/30/2017,ALB,NY,AEA,EN,Combined TRACON& Tower with Radar,62,73,19,8,162,0,0,23,3,26,62,73,42,11,188,0,0,0,188
07/01/2017,ALB,NY,AEA,EN,Combined TRACON& Tower with Radar,58,56,15,0,129,0,0,8,0,8,58,56,23,0,137,7,0,7,144
07/02/2017,ALB,NY,AEA,EN,Combined TRACON& Tower with Radar,51,48,11,0,110,0,2,21,0,23,51,50,32,0,133,7,0,7,140
07/03/2017,ALB,NY,AEA,EN,Combined TRACON& Tower with Radar,56,40,9,0,105,0,9,31,0,40,56,49,40,0,145,44,0,44,189
07/04/2017,ALB,NY,AEA,EN,Combined TRACON& Tower with Radar,56,45,4,0,105,0,9,28,2,39,56,54,32,2,144,28,2,30,174
07/05/2017,ALB,NY,AEA,EN,Combined TRACON& Tower with Radar,66,62,17,13,158,0,13,33,0,46,66,75,50,13,204,10,16,26,230
07/06/2017,ALB,NY,AEA,EN,Combined TRACON& Tower with Radar,70,80,18,2,170,0,4,26,19,49,70,84,44,21,219,14,10,24,243
07/07/2017,ALB,NY,AEA,EN,Combined TRACON& Tower with Radar,70,79,12,7,168,0,0,12,2,14,70,79,24,9,182,4,10,14,196
07/08/2017,ALB,NY,AEA,EN,Combined TRACON& Tower with Radar,57,45,17,0,119,0,0,13,0,13,57,45,30,0,132,25,0,25,157
07/09/2017,ALB,NY,AEA,EN,Combined TRACON& Tower with Radar,53,65,21,0,139,0,2,40,0,42,53,67,61,0,181,24,0,24,205
07/10/2017,ALB,NY,AEA,EN,Combined TRACON& Tower with Radar,57,67,39,10,173,0,5,42,5,52,57,72,81,15,225,14,24,38,263
07/11/2017,ALB,NY,AEA,EN,Combined TRACON& Tower with Radar,67,81,14,6,168,0,3,6,6,15,67,84,20,12,183,12,4,16,199
07/12/2017,ALB,NY,AEA,EN,Combined TRACON& Tower with Radar,64,78,18,12,172,0,0,25,13,38,64,78,43,25,210,13,18,31,241
07/13/2017,ALB,NY,AEA,EN,Combined TRACON& Tower with Radar,64,78,27,2,171,0,0,1,8,9,64,78,28,10,180,12,16,28,208
07/14/2017,ALB,NY,AEA,EN,Combined TRACON& Tower with Radar,61,73,40,7,181,0,0,0,2,2,61,73,40,9,183,18,6,24,207
07/15/2017,ALB,NY,AEA,EN,Combined TRACON& Tower with Radar,63,58,24,3,148,0,0,11,7,18,63,58,35,10,166,16,0,16,182
07/16/2017,ALB,NY,AEA,EN,Combined TRACON& Tower with Radar,56,62,25,5,148,0,3,47,8,58,56,65,72,13,206,18,0,18,224
07/17/2017,ALB,NY,AEA,EN,Combined TRACON& Tower with Radar,57,59,21,2,139,0,2,28,2,32,57,61,49,4,171,16,0,16,187
07/18/2017,ALB,NY,AEA,EN,Combined TRACON& Tower with Radar,63,78,25,4,170,0,2,16,0,18,63,80,41,4,188,22,0,22,210
07/19/2017,ALB,NY,AEA,EN,Combined TRACON& Tower with Radar,67,74,30,12,183,0,9,44,8,61,67,83,74,20,244,36,8,44,288
07/20/2017,ALB,NY,AEA,EN,Combined TRACON& Tower with Radar,67,73,35,3,178,0,11,39,9,59,67,84,74,12,237,33,0,33,270
07/21/2017,ALB,NY,AEA,EN,Combined TRACON& Tower with Radar,64,70,29,2,165,0,5,33,2,40,64,75,62,4,205,22,0,22,227
07/22/2017,ALB,NY,AEA,EN,Combined TRACON& Tower with Radar,60,40,30,0,130,0,12,31,0,43,60,52,61,0,173,16,0,16,189
07/23/2017,ALB,NY,AEA,EN,Combined TRACON& Tower with Radar,50,54,18,0,122,0,11,17,0,28,50,65,35,0,150,42,0,42,192
07/24/2017,ALB,NY,AEA,EN,Combined TRACON& Tower with Radar,63,65,18,10,156,0,0,3,2,5,63,65,21,12,161,4,8,12,173
07/25/2017,ALB,NY,AEA,EN,Combined TRACON& Tower with Radar,67,82,26,8,183,0,0,4,2,6,67,82,30,10,189,12,0,12,201
07/26/2017,ALB,NY,AEA,EN,Combined TRACON& Tower with Radar,69,85,30,22,206,0,9,23,16,48,69,94,53,38,254,23,42,65,319
07/27/2017,ALB,NY,AEA,EN,Combined TRACON& Tower with Radar,64,81,30,4,179,0,0,4,4,8,64,81,34,8,187,19,0,19,206
07/28/2017,ALB,NY,AEA,EN,Combined TRACON& Tower with Radar,71,69,22,0,162,0,2,23,4,29,71,71,45,4,191,32,0,32,223
07/29/2017,ALB,NY,AEA,EN,Combined TRACON& Tower with Radar,63,47,17,0,127,0,5,38,0,43,63,52,55,0,170,14,0,14,184
07/30/2017,ALB,NY,AEA,EN,Combined TRACON& Tower with Radar,59,55,17,2,133,0,13,33,0,46,59,68,50,2,179,28,0,28,207
07/31/2017,ALB,NY,AEA,EN,Combined TRACON& Tower with Radar,62,73,24,20,179,0,9,48,5,62,62,82,72,25,241,18,26,44,285
08/01/2017,ALB,NY,AEA,EN,Combined TRACON& Tower with Radar,70,74,23,3,170,0,10,47,11,68,70,84,70,14,238,12,6,18,256
08/02/2017,ALB,NY,AEA,EN,Combined TRACON& Tower with Radar,64,63,23,4,154,0,7,27,14,48,64,70,50,18,202,19,5,24,226
08/03/2017,ALB,NY,AEA,EN,Combined TRACON& Tower with Radar,64,94,43,6,207,0,6,35,13,54,64,100,78,19,261,30,0,30,291
08/04/2017,ALB,NY,AEA,EN,Combined TRACON& Tower with Radar,66,68,29,7,170,0,1,18,7,26,66,69,47,14,196,14,10,24,220
08/05/2017,ALB,NY,AEA,EN,Combined TRACON& Tower with Radar,62,62,8,2,134,0,0,5,0,5,62,62,13,2,139,2,0,2,141
08/06/2017,ALB,NY,AEA,EN,Combined TRACON& Tower with Radar,54,69,23,0,146,0,1,37,1,39,54,70,60,1,185,37,0,37,222
08/07/2017,ALB,NY,AEA,EN,Combined TRACON& Tower with Radar,59,75,26,22,182,0,0,12,4,16,59,75,38,26,198,12,40,52,250
08/08/2017,ALB,NY,AEA,EN,Combined TRACON& Tower with Radar,68,78,44,0,190,0,2,20,4,26,68,80,64,4,216,12,0,12,228
08/09/2017,ALB,NY,AEA,EN,Combined TRACON& Tower with Radar,67,81,16,0,164,0,4,39,14,57,67,85,55,14,221,18,0,18,239
08/10/2017,ALB,NY,AEA,EN,Combined TRACON& Tower with Radar,65,81,25,4,175,0,4,41,8,53,65,85,66,12,228,20,0,20,248
08/11/2017,ALB,NY,AEA,EN,Combined TRACON& Tower with Radar,65,80,12,0,157,0,3,36,2,41,65,83,48,2,198,36,0,36,234
08/12/2017,ALB,NY,AEA,EN,Combined TRACON& Tower with Radar,62,53,19,0,134,0,0,13,1,14,62,53,32,1,148,3,0,3,151
08/13/2017,ALB,NY,AEA,EN,Combined TRACON& Tower with Radar,56,65,18,0,139,0,3,57,1,61,56,68,75,1,200,30,0,30,230
08/14/2017,ALB,NY,AEA,EN,Combined TRACON& Tower with Radar,60,68,22,3,153,0,7,24,5,36,60,75,46,8,189,21,0,21,210
08/15/2017,ALB,NY,AEA,EN,Combined TRACON& Tower with Radar,70,85,46,8,209,0,0,12,4,16,70,85,58,12,225,30,2,32,257
08/16/2017,ALB,NY,AEA,EN,Combined TRACON& Tower with Radar,66,75,29,6,176,0,8,54,10,72,66,83,83,16,248,8,2,10,258
08/17/2017,ALB,NY,AEA,EN,Combined TRACON& Tower with Radar,69,72,26,8,175,0,12,56,7,75,69,84,82,15,250,28,0,28,278
08/18/2017,ALB,NY,AEA,EN,Combined TRACON& Tower with Radar,59,84,18,0,161,0,0,1,0,1,59,84,19,0,162,2,0,2,164
08/19/2017,ALB,NY,AEA,EN,Combined TRACON& Tower with Radar,60,53,17,7,137,0,1,16,3,20,60,54,33,10,157,0,0,0,157
08/20/2017,ALB,NY,AEA,EN,Combined TRACON& Tower with Radar,55,57,21,0,133,0,2,18,2,22,55,59,39,2,155,9,0,9,164
08/21/2017,ALB,NY,AEA,EN,Combined TRACON& Tower with Radar,62,72,21,7,162,0,10,43,8,61,62,82,64,15,223,5,16,21,244
08/22/2017,ALB,NY,AEA,EN,Combined TRACON& Tower with Radar,64,64,22,1,151,0,2,15,4,21,64,66,37,5,172,14,2,16,188
08/23/2017,ALB,NY,AEA,EN,Combined TRACON& Tower with Radar,66,86,26,18,196,0,3,26,12,41,66,89,52,30,237,33,17,50,287
08/24/2017,ALB,NY,AEA,EN,Combined TRACON& Tower with Radar,65,77,29,9,180,0,5,50,15,70,65,82,79,24,250,33,12,45,295
08/25/2017,ALB,NY,AEA,EN,Combined TRACON& Tower with Radar,66,75,15,0,156,0,1,57,12,70,66,76,72,12,226,33,0,33,259
08/26/2017,ALB,NY,AEA,EN,Combined TRACON& Tower with Radar,59,42,15,0,116,0,14,44,10,68,59,56,59,10,184,16,0,16,200
08/27/2017,ALB,NY,AEA,EN,Combined TRACON& Tower with Radar,57,62,10,0,129,0,6,33,11,50,57,68,43,11,179,18,0,18,197
08/28/2017,ALB,NY,AEA,EN,Combined TRACON& Tower with Radar,64,57,14,3,138,0,8,44,1,53,64,65,58,4,191,24,0,24,215
08/29/2017,ALB,NY,AEA,EN,Combined TRACON& Tower with Radar,64,63,18,7,152,0,9,39,16,64,64,72,57,23,216,36,32,68,284
08/30/2017,ALB,NY,AEA,EN,Combined TRACON& Tower with Radar,70,67,31,10,178,0,11,53,16,80,70,78,84,26,258,30,39,69,327
08/31/2017,ALB,NY,AEA,EN,Combined TRACON& Tower with Radar,69,76,22,2,169,0,1,27,6,34,69,77,49,8,203,4,0,4,207
09/01/2017,ALB,NY,AEA,EN,Combined TRACON& Tower with Radar,68,73,37,1,179,0,9,34,1,44,68,82,71,2,223,20,0,20,243
09/02/2017,ALB,NY,AEA,EN,Combined TRACON& Tower with Radar,54,47,9,0,110,0,10,41,0,51,54,57,50,0,161,4,0,4,165
09/03/2017,ALB,NY,AEA,EN,Combined TRACON& Tower with Radar,45,41,10,0,96,0,0,1,0,1,45,41,11,0,97,0,0,0,97
09/04/2017,ALB,NY,AEA,EN,Combined TRACON& Tower with Radar,61,45,23,0,129,0,10,40,0,50,61,55,63,0,179,18,0,18,197
09/05/2017,ALB,NY,AEA,EN,Combined TRACON& Tower with Radar,68,62,21,3,154,0,0,4,0,4,68,62,25,3,158,3,0,3,161
09/06/2017,ALB,NY,AEA,EN,Combined TRACON& Tower with Radar,64,85,38,14,201,0,0,3,0,3,64,85,41,14,204,3,10,13,217
09/07/2017,ALB,NY,AEA,EN,Combined TRACON& Tower with Radar,65,79,31,1,176,0,0,21,4,25,65,79,52,5,201,13,2,15,216
09/08/2017,ALB,NY,AEA,EN,Combined TRACON& Tower with Radar,66,68,21,3,158,0,0,31,10,41,66,68,52,13,199,22,0,22,221
09/09/2017,ALB,NY,AEA,EN,Combined TRACON& Tower with Radar,44,54,31,4,133,0,1,35,12,48,44,55,66,16,181,44,0,44,225
09/10/2017,ALB,NY,AEA,EN,Combined TRACON& Tower with Radar,48,52,22,0,122,0,9,43,5,57,48,61,65,5,179,34,0,34,213
09/11/2017,ALB,NY,AEA,EN,Combined TRACON& Tower with Radar,52,55,13,3,123,0,10,39,15,64,52,65,52,18,187,22,0,22,209
09/12/2017,ALB,NY,AEA,EN,Combined TRACON& Tower with Radar,57,65,30,6,158,0,9,36,5,50,57,74,66,11,208,28,4,32,240
09/13/2017,ALB,NY,AEA,EN,Combined TRACON& Tower with Radar,65,75,30,4,174,0,10,43,11,64,65,85,73,15,238,32,0,32,270
09/14/2017,ALB,NY,AEA,EN,Combined TRACON& Tower with Radar,65,82,23,4,174,0,0,14,10,24,65,82,37,14,198,3,0,3,201
09/15/2017,ALB,NY,AEA,EN,Combined TRACON& Tower with Radar,68,78,17,16,179,0,1,17,1,19,68,79,34,17,198,6,24,30,228
09/16/2017,ALB,NY,AEA,EN,Combined TRACON& Tower with Radar,54,45,28,2,129,0,5,25,2,32,54,50,53,4,161,36,0,36,197
09/17/2017,ALB,NY,AEA,EN,Combined TRACON& Tower with Radar,55,52,23,0,130,0,3,38,2,43,55,55,61,2,173,39,0,39,212
09/18/2017,ALB,NY,AEA,EN,Combined TRACON& Tower with Radar,63,76,24,3,166,0,2,16,0,18,63,78,40,3,184,9,0,9,193
09/19/2017,ALB,NY,AEA,EN,Combined TRACON& Tower with Radar,65,72,22,4,163,0,5,23,4,32,65,77,45,8,195,4,12,16,211
09/20/2017,ALB,NY,AEA,EN,Combined TRACON& Tower with Radar,66,72,16,6,160,0,1,39,14,54,66,73,55,20,214,26,22,48,262
09/21/2017,ALB,NY,AEA,EN,Combined TRACON& Tower with Radar,66,76,21,22,185,0,9,20,2,31,66,85,41,24,216,10,34,44,260
09/22/2017,ALB,NY,AEA,EN,Combined TRACON& Tower with Radar,67,78,29,12,186,0,2,43,5,50,67,80,72,17,236,16,2,18,254
09/23/2017,ALB,NY,AEA,EN,Combined TRACON& Tower with Radar,54,41,14,0,109,0,7,45,2,54,54,48,59,2,163,27,0,27,190
09/24/2017,ALB,NY,AEA,EN,Combined TRACON& Tower with Radar,54,51,21,0,126,0,11,50,1,62,54,62,71,1,188,63,0,63,251
09/25/2017,ALB,NY,AEA,EN,Combined TRACON& Tower with Radar,62,59,22,0,143,0,4,37,0,41,62,63,59,0,184,23,0,23,207
09/26/2017,ALB,NY,AEA,EN,Combined TRACON& Tower with Radar,65,71,17,2,155,0,11,21,2,34,65,82,38,4,189,6,0,6,195
09/27/2017,ALB,NY,AEA,EN,Combined TRACON& Tower with Radar,67,78,16,16,177,0,10,35,2,47,67,88,51,18,224,19,14,33,257
09/28/2017,ALB,NY,AEA,EN,Combined TRACON& Tower with Radar,66,67,12,4,149,0,10,19,4,33,66,77,31,8,182,9,2,11,193
09/29/2017,ALB,NY,AEA,EN,Combined TRACON& Tower with Radar,68,63,19,4,154,0,11,42,2,55,68,74,61,6,209,29,6,35,244
09/30/2017,ALB,NY,AEA,EN,Combined TRACON& Tower with Radar,53,52,17,0,122,0,0,8,0,8,53,52,25,0,130,5,0,5,135
10/01/2017,ALB,NY,AEA,EN,Combined TRACON& Tower with Radar,55,45,12,1,113,0,7,42,0,49,55,52,54,1,162,22,0,22,184
10/02/2017,ALB,NY,AEA,EN,Combined TRACON& Tower with Radar,60,61,18,1,140,0,6,32,2,40,60,67,50,3,180,14,0,14,194
10/03/2017,ALB,NY,AEA,EN,Combined TRACON& Tower with Radar,65,68,12,1,146,0,9,40,1,50,65,77,52,2,196,14,0,14,210
10/04/2017,ALB,NY,AEA,EN,Combined TRACON& Tower with Radar,65,69,19,5,158,0,9,41,7,57,65,78,60,12,215,26,0,26,241
10/05/2017,ALB,NY,AEA,EN,Combined TRACON& Tower with Radar,67,70,33,0,170,0,8,44,5,57,67,78,77,5,227,35,0,35,262
10/06/2017,ALB,NY,AEA,EN,Combined TRACON& Tower with Radar,65,74,16,0,155,0,2,17,2,21,65,76,33,2,176,22,0,22,198
10/07/2017,ALB,NY,AEA,EN,Combined TRACON& Tower with Radar,55,47,18,0,120,0,3,18,0,21,55,50,36,0,141,34,0,34,175
10/08/2017,ALB,NY,AEA,EN,Combined TRACON& Tower with Radar,53,55,18,0,126,0,0,9,0,9,53,55,27,0,135,10,0,10,145
10/09/2017,ALB,NY,AEA,EN,Combined TRACON& Tower with Radar,61,73,18,2,154,0,0,2,0,2,61,73,20,2,156,0,0,0,156
10/10/2017,ALB,NY,AEA,EN,Combined TRACON& Tower with Radar,65,84,31,11,191,0,6,38,5,49,65,90,69,16,240,43,12,55,295
10/11/2017,ALB,NY,AEA,EN,Combined TRACON& Tower with Radar,65,72,23,8,168,0,3,13,16,32,65,75,36,24,200,20,30,50,250
10/12/2017,ALB,NY,AEA,EN,Combined TRACON& Tower with Radar,64,71,23,10,168,0,11,29,2,42,64,82,52,12,210,40,6,46,256
10/13/2017,ALB,NY,AEA,EN,Combined TRACON& Tower with Radar,65,69,31,0,165,0,8,32,0,40,65,77,63,0,205,15,0,15,220
10/14/2017,ALB,NY,AEA,EN,Combined TRACON& Tower with Radar,48,46,20,6,120,0,0,9,1,10,48,46,29,7,130,12,6,18,148
10/15/2017,ALB,NY,AEA,EN,Combined TRACON& Tower with Radar,57,62,16,0,135,0,3,6,1,10,57,65,22,1,145,18,0,18,163
10/16/2017,ALB,NY,AEA,EN,Combined TRACON& Tower with Radar,60,62,23,6,151,0,1,15,0,16,60,63,38,6,167,19,12,31,198
10/17/2017,ALB,NY,AEA,EN,Combined TRACON& Tower with Radar,62,70,25,1,158,0,9,26,4,39,62,79,51,5,197,5,0,5,202
10/18/2017,ALB,NY,AEA,EN,Combined TRACON& Tower with Radar,64,65,20,3,152,0,8,31,18,57,64,73,51,21,209,30,4,34,243
10/19/2017,ALB,NY,AEA,EN,Combined TRACON& Tower with Radar,64,65,23,9,161,0,9,50,15,74,64,74,73,24,235,14,16,30,265
10/20/2017,ALB,NY,AEA,EN,Combined TRACON& Tower with Radar,64,64,24,2,154,0,13,37,5,55,64,77,61,7,209,14,0,14,223
10/21/2017,ALB,NY,AEA,EN,Combined TRACON& Tower with Radar,52,36,20,0,108,0,12,36,4,52,52,48,56,4,160,24,0,24,184
10/22/2017,ALB,NY,AEA,EN,Combined TRACON& Tower with Radar,52,41,10,4,107,0,12,41,5,58,52,53,51,9,165,14,2,16,181
10/23/2017,ALB,NY,AEA,EN,Combined TRACON& Tower with Radar,59,67,23,2,151,0,1,11,8,20,59,68,34,10,171,4,8,12,183
10/24/2017,ALB,NY,AEA,EN,Combined TRACON& Tower with Radar,64,71,10,0,145,0,0,0,0,0,64,71,10,0,145,16,0,16,161
10/25/2017,ALB,NY,AEA,EN,Combined TRACON& Tower with Radar,66,73,34,22,195,0,2,31,12,45,66,75,65,34,240,9,31,40,280
10/26/2017,ALB,NY,AEA,EN,Combined TRACON& Tower with Radar,65,66,17,2,150,0,2,14,19,35,65,68,31,21,185,6,29,35,220
10/27/2017,ALB,NY,AEA,EN,Combined TRACON& Tower with Radar,64,68,17,9,158,0,10,41,4,55,64,78,58,13,213,2,0,2,215
10/28/2017,ALB,NY,AEA,EN,Combined TRACON& Tower with Radar,51,43,10,0,104,0,4,17,3,24,51,47,27,3,128,2,0,2,130
10/29/2017,ALB,NY,AEA,EN,Combined TRACON& Tower with Radar,53,60,12,0,125,0,0,2,0,2,53,60,14,0,127,2,0,2,129
10/30/2017,ALB,NY,AEA,EN,Combined TRACON& Tower with Radar,58,57,13,3,131,0,3,1,3,7,58,60,14,6,138,16,8,24,162
10/31/2017,ALB,NY,AEA,EN,Combined TRACON& Tower with Radar,56,78,19,5,158,0,1,24,2,27,56,79,43,7,185,16,0,16,201
11/01/2017,ALB,NY,AEA,EN,Combined TRACON& Tower with Radar,60,76,22,9,167,0,3,29,15,47,60,79,51,24,214,27,10,37,251
11/02/2017,ALB,NY,AEA,EN,Combined TRACON& Tower with Radar,66,73,13,13,165,0,1,11,16,28,66,74,24,29,193,9,26,35,228
11/03/2017,ALB,NY,AEA,EN,Combined TRACON& Tower with Radar,62,80,12,11,165,0,5,10,4,19,62,85,22,15,184,11,30,41,225
11/04/2017,ALB,NY,AEA,EN,Combined TRACON& Tower with Radar,52,45,18,2,117,0,8,40,15,63,52,53,58,17,180,16,0,16,196
11/05/2017,ALB,NY,AEA,EN,Combined TRACON& Tower with Radar,55,57,2,3,117,0,0,11,5,16,55,57,13,8,133,16,0,16,149
11/06/2017,ALB,NY,AEA,EN,Combined TRACON& Tower with Radar,61,71,8,2,142,0,0,3,0,3,61,71,11,2,145,0,0,0,145
11/07/2017,ALB,NY,AEA,EN,Combined TRACON& Tower with Radar,68,69,13,10,160,0,2,5,6,13,68,71,18,16,173,14,0,14,187
11/08/2017,ALB,NY,AEA,EN,Combined TRACON& Tower with Radar,67,72,23,10,172,0,8,39,12,59,67,80,62,22,231,28,16,44,275
11/09/2017,ALB,NY,AEA,EN,Combined TRACON& Tower with Radar,65,85,12,5,167,0,7,27,7,41,65,92,39,12,208,19,0,19,227
11/10/2017,ALB,NY,AEA,EN,Combined TRACON& Tower with Radar,63,70,10,2,145,0,1,6,0,7,63,71,16,2,152,10,0,10,162
11/11/2017,ALB,NY,AEA,EN,Combined TRACON& Tower with Radar,58,44,14,0,116,0,6,58,0,64,58,50,72,0,180,56,0,56,236
11/12/2017,ALB,NY,AEA,EN,Combined TRACON& Tower with Radar,56,54,7,1,118,0,1,30,6,37,56,55,37,7,155,12,2,14,169
11/13/2017,ALB,NY,AEA,EN,Combined TRACON& Tower with Radar,60,72,7,6,145,0,0,8,10,18,60,72,15,16,163,4,28,32,195
11/14/2017,ALB,NY,AEA,EN,Combined TRACON& Tower with Radar,66,75,11,1,153,0,0,3,2,5,66,75,14,3,158,4,0,4,162
11/15/2017,ALB,NY,AEA,EN,Combined TRACON& Tower with Radar,66,71,19,1,157,0,5,41,17,63,66,76,60,18,220,20,1,21,241
11/16/2017,ALB,NY,AEA,EN,Combined TRACON& Tower with Radar,72,84,21,2,179,0,0,9,9,18,72,84,30,11,197,20,4,24,221
11/17/2017,ALB,NY,AEA,EN,Combined TRACON& Tower with Radar,63,70,10,5,148,0,9,28,9,46,63,79,38,14,194,0,0,0,194
11/18/2017,ALB,NY,AEA,EN,Combined TRACON& Tower with Radar,59,56,8,0,123,0,2,17,0,19,59,58,25,0,142,10,0,10,152
11/19/2017,ALB,NY,AEA,EN,Combined TRACON& Tower with Radar,58,49,5,0,112,0,0,0,0,0,58,49,5,0,112,4,0,4,116
11/20/2017,ALB,NY,AEA,EN,Combined TRACON& Tower with Radar,64,73,16,1,154,0,1,8,5,14,64,74,24,6,168,4,0,4,172
11/21/2017,ALB,NY,AEA,EN,Combined TRACON& Tower with Radar,67,67,30,0,164,0,13,28,1,42,67,80,58,1,206,8,0,8,214
11/22/2017,ALB,NY,AEA,EN,Combined TRACON& Tower with Radar,65,84,12,2,163,0,0,9,2,11,65,84,21,4,174,2,0,2,176
11/23/2017,ALB,NY,AEA,EN,Combined TRACON& Tower with Radar,42,28,9,0,79,0,5,11,0,16,42,33,20,0,95,6,0,6,101
11/24/2017,ALB,NY,AEA,EN,Combined TRACON& Tower with Radar,48,49,16,0,113,0,8,35,2,45,48,57,51,2,158,30,0,30,188
11/25/2017,ALB,NY,AEA,EN,Combined TRACON& Tower with Radar,58,65,11,0,134,0,3,30,0,33,58,68,41,0,167,13,0,13,180
11/26/2017,ALB,NY,AEA,EN,Combined TRACON& Tower with Radar,61,64,9,0,134,0,0,14,0,14,61,64,23,0,148,12,0,12,160
11/27/2017,ALB,NY,AEA,EN,Combined TRACON& Tower with Radar,63,67,18,11,159,0,2,16,7,25,63,69,34,18,184,9,22,31,215
11/28/2017,ALB,NY,AEA,EN,Combined TRACON& Tower with Radar,68,80,14,4,166,0,8,27,14,49,68,88,41,18,215,27,5,32,247
11/29/2017,ALB,NY,AEA,EN,Combined TRACON& Tower with Radar,63,80,11,2,156,0,1,26,13,40,63,81,37,15,196,26,0,26,222
11/30/2017,ALB,NY,AEA,EN,Combined TRACON& Tower with Radar,65,69,20,0,154,0,5,44,5,54,65,74,64,5,208,20,0,20,228
12/01/2017,ALB,NY,AEA,EN,Combined TRACON& Tower with Radar,66,77,24,1,168,0,0,26,7,33,66,77,50,8,201,33,0,33,234
12/02/2017,ALB,NY,AEA,EN,Combined TRACON& Tower with Radar,54,45,17,0,116,0,1,23,0,24,54,46,40,0,140,26,0,26,166
12/03/2017,ALB,NY,AEA,EN,Combined TRACON& Tower with Radar,52,55,21,2,130,0,2,38,0,40,52,57,59,2,170,26,0,26,196
12/04/2017,ALB,NY,AEA,EN,Combined TRACON& Tower with Radar,54,70,12,0,136,0,0,0,0,0,54,70,12,0,136,0,0,0,136
12/05/2017,ALB,NY,AEA,EN,Combined TRACON& Tower with Radar,62,73,7,26,168,0,0,3,0,3,62,73,10,26,171,0,22,22,193
12/06/2017,ALB,NY,AEA,EN,Combined TRACON& Tower with Radar,64,72,4,8,148,0,12,18,24,54,64,84,22,32,202,6,14,20,222
12/07/2017,ALB,NY,AEA,EN,Combined TRACON& Tower with Radar,62,82,22,2,168,0,0,18,10,28,62,82,40,12,196,12,4,16,212
12/08/2017,ALB,NY,AEA,EN,Combined TRACON& Tower with Radar,55,74,9,7,145,0,4,24,10,38,55,78,33,17,183,12,18,30,213
12/09/2017,ALB,NY,AEA,EN,Combined TRACON& Tower with Radar,51,41,8,0,100,0,0,10,0,10,51,41,18,0,110,10,0,10,120
12/10/2017,ALB,NY,AEA,EN,Combined TRACON& Tower with Radar,54,49,6,2,111,0,0,16,0,16,54,49,22,2,127,6,0,6,133
12/11/2017,ALB,NY,AEA,EN,Combined TRACON& Tower with Radar,55,70,15,2,142,0,0,19,0,19,55,70,34,2,161,10,2,12,173
12/12/2017,ALB,NY,AEA,EN,Combined TRACON& Tower with Radar,63,70,12,4,149,0,0,0,1,1,63,70,12,5,150,0,0,0,150
12/13/2017,ALB,NY,AEA,EN,Combined TRACON& Tower with Radar,67,81,25,0,173,0,0,10,6,16,67,81,35,6,189,0,0,0,189
12/14/2017,ALB,NY,AEA,EN,Combined TRACON& Tower with Radar,63,83,17,8,171,0,5,21,23,49,63,88,38,31,220,4,26,30,250
12/15/2017,ALB,NY,AEA,EN,Combined TRACON& Tower with Radar,72,59,18,4,153,0,5,35,2,42,72,64,53,6,195,14,8,22,217
12/16/2017,ALB,NY,AEA,EN,Combined TRACON& Tower with Radar,58,45,7,1,111,0,3,11,0,14,58,48,18,1,125,24,0,24,149
12/17/2017,ALB,NY,AEA,EN,Combined TRACON& Tower with Radar,58,48,12,0,118,0,8,31,2,41,58,56,43,2,159,30,0,30,189
12/18/2017,ALB,NY,AEA,EN,Combined TRACON& Tower with Radar,67,62,14,17,160,0,0,6,8,14,67,62,20,25,174,6,38,44,218
12/19/2017,ALB,NY,AEA,EN,Combined TRACON& Tower with Radar,68,69,21,9,167,0,3,16,15,34,68,72,37,24,201,7,0,7,208
12/20/2017,ALB,NY,AEA,EN,Combined TRACON& Tower with Radar,64,73,18,23,178,0,2,11,13,26,64,75,29,36,204,0,12,12,216
12/21/2017,ALB,NY,AEA,EN,Combined TRACON& Tower with Radar,68,70,16,10,164,0,8,49,17,74,68,78,65,27,238,23,6,29,267
12/22/2017,ALB,NY,AEA,EN,Combined TRACON& Tower with Radar,67,53,7,0,127,0,0,0,0,0,67,53,7,0,127,0,0,0,127
12/23/2017,ALB,NY,AEA,EN,Combined TRACON& Tower with Radar,61,36,6,0,103,0,0,0,0,0,61,36,6,0,103,0,0,0,103
12/24/2017,ALB,NY,AEA,EN,Combined TRACON& Tower with Radar,50,44,9,0,103,0,0,17,0,17,50,44,26,0,120,6,0,6,126
12/25/2017,ALB,NY,AEA,EN,Combined TRACON& Tower with Radar,58,30,1,0,89,0,0,0,0,0,58,30,1,0,89,2,0,2,91
12/26/2017,ALB,NY,AEA,EN,Combined TRACON& Tower with Radar,66,52,10,0,128,0,5,6,0,11,66,57,16,0,139,0,0,0,139
12/27/2017,ALB,NY,AEA,EN,Combined TRACON& Tower with Radar,66,64,10,0,140,0,4,19,0,23,66,68,29,0,163,8,0,8,171
12/28/2017,ALB,NY,AEA,EN,Combined TRACON& Tower with Radar,67,49,6,0,122,0,14,15,0,29,67,63,21,0,151,12,0,12,163
12/29/2017,ALB,NY,AEA,EN,Combined TRACON& Tower with Radar,64,62,11,0,137,0,2,19,2,23,64,64,30,2,160,30,2,32,192
12/30/2017,ALB,NY,AEA,EN,Combined TRACON& Tower with Radar,62,62,2,0,126,0,1,0,0,1,62,63,2,0,127,2,0,2,129
12/31/2017,ALB,NY,AEA,EN,Combined TRACON& Tower with Radar,53,33,5,0,91,0,9,8,0,17,53,42,13,0,108,10,0,10,118
01/01/2018,ALB,NY,AEA,EN,Combined TRACON& Tower with Radar,55,42,5,0,102,0,6,5,0,11,55,48,10,0,113,0,0,0,113
01/02/2018,ALB,NY,AEA,EN,Combined TRACON& Tower with Radar,59,53,14,2,128,0,2,6,2,10,59,55,20,4,138,11,2,13,151
01/03/2018,ALB,NY,AEA,EN,Combined TRACON& Tower with Radar,68,64,17,15,164,0,20,31,24,75,68,84,48,39,239,26,62,88,327
01/04/2018,ALB,NY,AEA,EN,Combined TRACON& Tower with Radar,59,28,3,2,92,0,0,0,0,0,59,28,3,2,92,0,0,0,92
01/05/2018,ALB,NY,AEA,EN,Combined TRACON& Tower with Radar,61,50,3,1,115,0,3,0,0,3,61,53,3,1,118,1,0,1,119
01/06/2018,ALB,NY,AEA,EN,Combined TRACON& Tower with Radar,53,37,6,2,98,0,6,7,0,13,53,43,13,2,111,4,0,4,115
01/07/2018,ALB,NY,AEA,EN,Combined TRACON& Tower with Radar,46,38,5,0,89,0,9,19,3,31,46,47,24,3,120,12,0,12,132
01/08/2018,ALB,NY,AEA,EN,Combined TRACON& Tower with Radar,54,67,7,15,143,0,0,8,18,26,54,67,15,33,169,2,62,64,233
01/09/2018,ALB,NY,AEA,EN,Combined TRACON& Tower with Radar,57,74,5,2,138,0,0,16,5,21,57,74,21,7,159,12,0,12,171
01/10/2018,ALB,NY,AEA,EN,Combined TRACON& Tower with Radar,60,74,16,4,154,0,15,23,9,47,60,89,39,13,201,13,0,13,214
01/11/2018,ALB,NY,AEA,EN,Combined TRACON& Tower with Radar,62,75,17,6,160,0,2,10,17,29,62,77,27,23,189,10,3,13,202
01/12/2018,ALB,NY,AEA,EN,Combined TRACON& Tower with Radar,55,78,8,0,141,0,0,2,0,2,55,78,10,0,143,0,0,0,143
01/13/2018,ALB,NY,AEA,EN,Combined TRACON& Tower with Radar,49,37,3,1,90,0,1,0,0,1,49,38,3,1,91,8,0,8,99
01/14/2018,ALB,NY,AEA,EN,Combined TRACON& Tower with Radar,50,39,10,0,99,0,11,22,0,33,50,50,32,0,132,14,0,14,146
01/15/2018,ALB,NY,AEA,EN,Combined TRACON& Tower with Radar,51,63,17,0,131,0,7,21,0,28,51,70,38,0,159,0,0,0,159
01/16/2018,ALB,NY,AEA,EN,Combined TRACON& Tower with Radar,56,76,6,0,138,0,0,0,0,0,56,76,6,0,138,0,0,0,138
01/17/2018,ALB,NY,AEA,EN,Combined TRACON& Tower with Radar,52,88,11,0,151,0,0,0,0,0,52,88,11,0,151,6,2,8,159
01/18/2018,ALB,NY,AEA,EN,Combined TRACON& Tower with Radar,59,86,29,3,177,0,3,14,7,24,59,89,43,10,201,0,0,0,201
01/19/2018,ALB,NY,AEA,EN,Combined TRACON& Tower with Radar,56,79,24,13,172,0,0,12,4,16,56,79,36,17,188,8,14,22,210
01/20/2018,ALB,NY,AEA,EN,Combined TRACON& Tower with Radar,54,42,14,1,111,0,8,32,0,40,54,50,46,1,151,3,3,6,157
01/21/2018,ALB,NY,AEA,EN,Combined TRACON& Tower with Radar,48,58,20,3,129,0,1,30,0,31,48,59,50,3,160,19,0,19,179
01/22/2018,ALB,NY,AEA,EN,Combined TRACON& Tower with Radar,52,66,8,0,126,0,0,0,0,0,52,66,8,0,126,2,0,2,128
01/23/2018,ALB,NY,AEA,EN,Combined TRACON& Tower with Radar,59,73,8,8,148,0,0,0,0,0,59,73,8,8,148,0,0,0,148
01/24/2018,ALB,NY,AEA,EN,Combined TRACON& Tower with Radar,62,71,12,0,145,0,6,7,8,21,62,77,19,8,166,0,0,0,166
01/25/2018,ALB,NY,AEA,EN,Combined TRACON& Tower with Radar,60,69,16,0,145,0,12,27,5,44,60,81,43,5,189,18,4,22,211
01/26/2018,ALB,NY,AEA,EN,Combined TRACON& Tower with Radar,59,61,28,4,152,0,11,22,5,38,59,72,50,9,190,20,2,22,212
01/27/2018,ALB,NY,AEA,EN,Combined TRACON& Tower with Radar,54,40,17,0,111,0,9,26,0,35,54,49,43,0,146,12,0,12,158
01/28/2018,ALB,NY,AEA,EN,Combined TRACON& Tower with Radar,46,50,14,0,110,0,8,27,0,35,46,58,41,0,145,36,0,36,181
01/29/2018,ALB,NY,AEA,EN,Combined TRACON& Tower with Radar,57,61,16,1,135,0,6,16,3,25,57,67,32,4,160,49,0,49,209
01/30/2018,ALB,NY,AEA,EN,Combined TRACON& Tower with Radar,57,70,5,0,132,0,0,2,1,3,57,70,7,1,135,0,0,0,135
01/31/2018,ALB,NY,AEA,EN,Combined TRACON& Tower with Radar,59,61,22,3,145,0,6,29,13,48,59,67,51,16,193,22,8,30,223
02/01/2018,ALB,NY,AEA,EN,Combined TRACON& Tower with Radar,61,69,18,5,153,0,1,18,5,24,61,70,36,10,177,7,8,15,192
02/02/2018,ALB,NY,AEA,EN,Combined TRACON& Tower with Radar,63,66,14,2,145,0,3,15,2,20,63,69,29,4,165,8,0,8,173
02/03/2018,ALB,NY,AEA,EN,Combined TRACON& Tower with Radar,51,49,9,0,109,0,1,32,1,34,51,50,41,1,143,13,0,13,156
02/04/2018,ALB,NY,AEA,EN,Combined TRACON& Tower with Radar,35,52,2,0,89,0,0,0,0,0,35,52,2,0,89,0,0,0,89
02/05/2018,ALB,NY,AEA,EN,Combined TRACON& Tower with Radar,47,53,11,0,111,0,7,8,0,15,47,60,19,0,126,6,0,6,132
02/06/2018,ALB,NY,AEA,EN,Combined TRACON& Tower with Radar,58,72,15,2,147,0,2,7,4,13,58,74,22,6,160,5,0,5,165
02/07/2018,ALB,NY,AEA,EN,Combined TRACON& Tower with Radar,44,39,8,0,91,0,0,0,0,0,44,39,8,0,91,0,0,0,91
02/08/2018,ALB,NY,AEA,EN,Combined TRACON& Tower with Radar,61,73,12,3,149,0,3,22,11,36,61,76,34,14,185,10,0,10,195
02/09/2018,ALB,NY,AEA,EN,Combined TRACON& Tower with Radar,52,68,15,3,138,0,0,6,1,7,52,68,21,4,145,9,2,11,156
02/10/2018,ALB,NY,AEA,EN,Combined TRACON& Tower with Radar,54,42,8,4,108,0,0,2,6,8,54,42,10,10,116,2,0,2,118
02/11/2018,ALB,NY,AEA,EN,Combined TRACON& Tower with Radar,51,37,9,0,97,0,0,0,0,0,51,37,9,0,97,0,0,0,97
02/12/2018,ALB,NY,AEA,EN,Combined TRACON& Tower with Radar,55,59,6,10,130,0,7,11,12,30,55,66,17,22,160,13,24,37,197
02/13/2018,ALB,NY,AEA,EN,Combined TRACON& Tower with Radar,57,64,15,18,154,0,16,28,25,69,57,80,43,43,223,8,56,64,287
02/14/2018,ALB,NY,AEA,EN,Combined TRACON& Tower with Radar,61,79,21,19,180,0,1,27,9,37,61,80,48,28,217,22,20,42,259
02/15/2018,ALB,NY,AEA,EN,Combined TRACON& Tower with Radar,61,61,23,5,150,0,5,5,11,21,61,66,28,16,171,5,8,13,184
02/16/2018,ALB,NY,AEA,EN,Combined TRACON& Tower with Radar,68,79,21,10,178,0,2,4,12,18,68,81,25,22,196,25,0,25,221
02/17/2018,ALB,NY,AEA,EN,Combined TRACON& Tower with Radar,64,24,25,0,113,0,10,24,0,34,64,34,49,0,147,18,0,18,165
02/18/2018,ALB,NY,AEA,EN,Combined TRACON& Tower with Radar,51,51,10,0,112,0,0,29,0,29,51,51,39,0,141,4,0,4,145
02/19/2018,ALB,NY,AEA,EN,Combined TRACON& Tower with Radar,62,56,7,0,125,0,2,8,0,10,62,58,15,0,135,0,0,0,135
02/20/2018,ALB,NY,AEA,EN,Combined TRACON& Tower with Radar,68,67,22,16,173,0,1,11,5,17,68,68,33,21,190,4,22,26,216
02/21/2018,ALB,NY,AEA,EN,Combined TRACON& Tower with Radar,75,78,13,9,175,0,1,10,15,26,75,79,23,24,201,10,14,24,225
02/22/2018,ALB,NY,AEA,EN,Combined TRACON& Tower with Radar,66,66,11,0,143,0,2,2,0,4,66,68,13,0,147,2,0,2,149
02/23/2018,ALB,NY,AEA,EN,Combined TRACON& Tower with Radar,73,68,18,2,161,0,0,0,2,2,73,68,18,4,163,1,0,1,164
02/24/2018,ALB,NY,AEA,EN,Combined TRACON& Tower with Radar,65,43,7,0,115,0,2,18,0,20,65,45,25,0,135,23,0,23,158
02/25/2018,ALB,NY,AEA,EN,Combined TRACON& Tower with Radar,55,50,15,1,121,0,0,0,0,0,55,50,15,1,121,2,0,2,123
02/26/2018,ALB,NY,AEA,EN,Combined TRACON& Tower with Radar,63,59,10,25,157,0,8,29,24,61,63,67,39,49,218,12,52,64,282
02/27/2018,ALB,NY,AEA,EN,Combined TRACON& Tower with Radar,67,70,16,10,163,0,8,38,7,53,67,78,54,17,216,21,2,23,239
02/28/2018,ALB,NY,AEA,EN,Combined TRACON& Tower with Radar,67,70,17,9,163,0,6,21,14,41,67,76,38,23,204,29,8,37,241
03/01/2018,ALB,NY,AEA,EN,Combined TRACON& Tower with Radar,66,71,8,5,150,0,3,10,8,21,66,74,18,13,171,12,24,36,207
03/02/2018,ALB,NY,AEA,EN,Combined TRACON& Tower with Radar,58,36,4,0,98,0,0,0,0,0,58,36,4,0,98,0,0,0,98
03/03/2018,ALB,NY,AEA,EN,Combined TRACON& Tower with Radar,67,51,11,1,130,0,0,1,5,6,67,51,12,6,136,4,0,4,140
03/04/2018,ALB,NY,AEA,EN,Combined TRACON& Tower with Radar,60,52,12,1,125,0,0,2,9,11,60,52,14,10,136,16,0,16,152
03/05/2018,ALB,NY,AEA,EN,Combined TRACON& Tower with Radar,66,57,18,2,143,0,0,17,0,17,66,57,35,2,160,25,2,27,187
03/06/2018,ALB,NY,AEA,EN,Combined TRACON& Tower with Radar,70,73,17,15,175,0,3,29,24,56,70,76,46,39,231,17,20,37,268
03/07/2018,ALB,NY,AEA,EN,Combined TRACON& Tower with Radar,48,31,1,0,80,0,0,0,0,0,48,31,1,0,80,0,0,0,80
03/08/2018,ALB,NY,AEA,EN,Combined TRACON& Tower with Radar,56,68,4,10,138,0,0,1,11,12,56,68,5,21,150,1,34,35,185
03/09/2018,ALB,NY,AEA,EN,Combined TRACON& Tower with Radar,75,77,9,14,175,0,0,7,0,7,75,77,16,14,182,16,0,16,198
03/10/2018,ALB,NY,AEA,EN,Combined TRACON& Tower with Radar,58,49,13,0,120,0,0,22,1,23,58,49,35,1,143,4,0,4,147
03/11/2018,ALB,NY,AEA,EN,Combined TRACON& Tower with Radar,62,52,24,0,138,0,2,29,0,31,62,54,53,0,169,17,0,17,186
03/12/2018,ALB,NY,AEA,EN,Combined TRACON& Tower with Radar,66,64,13,16,159,0,0,14,6,20,66,64,27,22,179,30,18,48,227
03/13/2018,ALB,NY,AEA,EN,Combined TRACON& Tower with Radar,64,48,10,0,122,0,0,0,0,0,64,48,10,0,122,0,0,0,122
03/14/2018,ALB,NY,AEA,EN,Combined TRACON& Tower with Radar,77,87,16,1,181,0,0,0,10,10,77,87,16,11,191,0,1,1,192
03/15/2018,ALB,NY,AEA,EN,Combined TRACON& Tower with Radar,74,74,18,1,167,0,0,16,8,24,74,74,34,9,191,16,2,18,209
03/16/2018,ALB,NY,AEA,EN,Combined TRACON& Tower with Radar,72,71,8,9,160,0,3,20,21,44,72,74,28,30,204,14,22,36,240
03/17/2018,ALB,NY,AEA,EN,Combined TRACON& Tower with Radar,64,49,12,0,125,0,3,14,0,17,64,52,26,0,142,5,0,5,147
03/18/2018,ALB,NY,AEA,EN,Combined TRACON& Tower with Radar,63,43,14,2,122,0,15,39,0,54,63,58,53,2,176,18,4,22,198
03/19/2018,ALB,NY,AEA,EN,Combined TRACON& Tower with Radar,72,61,13,2,148,0,9,24,2,35,72,70,37,4,183,30,0,30,213
03/20/2018,ALB,NY,AEA,EN,Combined TRACON& Tower with Radar,66,57,22,25,170,0,6,24,23,53,66,63,46,48,223,47,48,95,318
03/21/2018,ALB,NY,AEA,EN,Combined TRACON& Tower with Radar,65,45,22,15,147,0,5,8,43,56,65,50,30,58,203,8,56,64,267
03/22/2018,ALB,NY,AEA,EN,Combined TRACON& Tower with Radar,77,62,15,4,158,0,9,24,9,42,77,71,39,13,200,40,7,47,247
03/23/2018,ALB,NY,AEA,EN,Combined TRACON& Tower with Radar,72,63,11,3,149,0,7,20,1,28,72,70,31,4,177,16,0,16,193
03/24/2018,ALB,NY,AEA,EN,Combined TRACON& Tower with Radar,62,47,24,0,133,0,6,23,0,29,62,53,47,0,162,19,0,19,181
03/25/2018,ALB,NY,AEA,EN,Combined TRACON& Tower with Radar,62,55,8,4,129,0,2,21,0,23,62,57,29,4,152,31,0,31,183
03/26/2018,ALB,NY,AEA,EN,Combined TRACON& Tower with Radar,72,56,24,11,163,0,7,34,5,46,72,63,58,16,209,27,14,41,250
03/27/2018,ALB,NY,AEA,EN,Combined TRACON& Tower with Radar,74,70,25,6,175,0,11,33,7,51,74,81,58,13,226,20,10,30,256
03/28/2018,ALB,NY,AEA,EN,Combined TRACON& Tower with Radar,74,77,18,5,174,0,0,2,15,17,74,77,20,20,191,6,4,10,201
03/29/2018,ALB,NY,AEA,EN,Combined TRACON& Tower with Radar,73,77,25,10,185,0,0,6,6,12,73,77,31,16,197,12,14,26,223
03/30/2018,ALB,NY,AEA,EN,Combined TRACON& Tower with Radar,73,74,14,9,170,0,0,7,5,12,73,74,21,14,182,18,10,28,210
03/31/2018,ALB,NY,AEA,EN,Combined TRACON& Tower with Radar,62,37,8,2,109,0,11,50,2,63,62,48,58,4,172,37,0,37,209
04/01/2018,ALB,NY,AEA,EN,Combined TRACON& Tower with Radar,60,53,9,0,122,0,3,12,1,16,60,56,21,1,138,5,0,5,143
04/02/2018,ALB,NY,AEA,EN,Combined TRACON& Tower with Radar,70,59,10,1,140,0,0,11,0,11,70,59,21,1,151,12,0,12,163
04/03/2018,ALB,NY,AEA,EN,Combined TRACON& Tower with Radar,64,73,19,2,158,0,2,2,0,4,64,75,21,2,162,0,0,0,162
04/04/2018,ALB,NY,AEA,EN,Combined TRACON& Tower with Radar,75,81,8,0,164,0,0,0,6,6,75,81,8,6,170,0,0,0,170
04/05/2018,ALB,NY,AEA,EN,Combined TRACON& Tower with Radar,70,81,14,2,167,0,9,15,7,31,70,90,29,9,198,12,2,14,212
04/06/2018,ALB,NY,AEA,EN,Combined TRACON& Tower with Radar,72,78,8,3,161,0,2,8,1,11,72,80,16,4,172,6,4,10,182
04/07/2018,ALB,NY,AEA,EN,Combined TRACON& Tower with Radar,62,50,9,0,121,0,3,15,0,18,62,53,24,0,139,14,0,14,153
04/08/2018,ALB,NY,AEA,EN,Combined TRACON& Tower with Radar,57,67,16,0,140,0,3,35,0,38,57,70,51,0,178,20,0,20,198
04/09/2018,ALB,NY,AEA,EN,Combined TRACON& Tower with Radar,64,69,14,3,150,0,4,34,5,43,64,73,48,8,193,11,0,11,204
04/10/2018,ALB,NY,AEA,EN,Combined TRACON& Tower with Radar,65,88,21,22,196,0,1,14,11,26,65,89,35,33,222,0,0,0,222
04/11/2018,ALB,NY,AEA,EN,Combined TRACON& Tower with Radar,67,82,13,7,169,0,5,22,15,42,67,87,35,22,211,14,6,20,231
04/12/2018,ALB,NY,AEA,EN,Combined TRACON& Tower with Radar,70,77,14,18,179,0,2,12,27,41,70,79,26,45,220,8,23,31,251
04/13/2018,ALB,NY,AEA,EN,Combined TRACON& Tower with Radar,66,75,22,2,165,0,4,17,3,24,66,79,39,5,189,10,3,13,202
04/14/2018,ALB,NY,AEA,EN,Combined TRACON& Tower with Radar,61,48,22,0,131,0,1,5,0,6,61,49,27,0,137,4,0,4,141
04/15/2018,ALB,NY,AEA,EN,Combined TRACON& Tower with Radar,52,38,4,0,94,0,0,3,0,3,52,38,7,0,97,0,0,0,97
04/16/2018,ALB,NY,AEA,EN,Combined TRACON& Tower with Radar,72,50,5,0,127,0,0,0,0,0,72,50,5,0,127,0,0,0,127
04/17/2018,ALB,NY,AEA,EN,Combined TRACON& Tower with Radar,65,77,12,18,172,0,0,8,21,29,65,77,20,39,201,4,54,58,259
04/18/2018,ALB,NY,AEA,EN,Combined TRACON& Tower with Radar,66,77,20,2,165,0,0,21,11,32,66,77,41,13,197,10,0,10,207
04/19/2018,ALB,NY,AEA,EN,Combined TRACON& Tower with Radar,67,85,14,5,171,0,0,2,14,16,67,85,16,19,187,3,0,3,190
04/20/2018,ALB,NY,AEA,EN,Combined TRACON& Tower with Radar,70,80,14,8,172,0,1,24,14,39,70,81,38,22,211,23,23,46,257
04/21/2018,ALB,NY,AEA,EN,Combined TRACON& Tower with Radar,60,48,18,0,126,0,7,50,0,57,60,55,68,0,183,85,0,85,268
04/22/2018,ALB,NY,AEA,EN,Combined TRACON& Tower with Radar,56,51,25,2,134,0,9,43,0,52,56,60,68,2,186,38,0,38,224
04/23/2018,ALB,NY,AEA,EN,Combined TRACON& Tower with Radar,66,63,22,27,178,0,10,49,4,63,66,73,71,31,241,42,4,46,287
04/24/2018,ALB,NY,AEA,EN,Combined TRACON& Tower with Radar,73,65,32,1,171,0,11,25,10,46,73,76,57,11,217,35,0,35,252
04/25/2018,ALB,NY,AEA,EN,Combined TRACON& Tower with Radar,72,73,34,3,182,0,0,0,0,0,72,73,34,3,182,6,0,6,188
04/26/2018,ALB,NY,AEA,EN,Combined TRACON& Tower with Radar,76,76,19,6,177,0,0,7,13,20,76,76,26,19,197,22,13,35,232
04/27/2018,ALB,NY,AEA,EN,Combined TRACON& Tower with Radar,78,69,15,2,164,0,4,4,4,12,78,73,19,6,176,8,0,8,184
04/28/2018,ALB,NY,AEA,EN,Combined TRACON& Tower with Radar,70,45,14,0,129,0,0,10,7,17,70,45,24,7,146,12,0,12,158
04/29/2018,ALB,NY,AEA,EN,Combined TRACON& Tower with Radar,60,54,15,0,129,0,0,7,8,15,60,54,22,8,144,2,0,2,146
04/30/2018,ALB,NY,AEA,EN,Combined TRACON& Tower with Radar,69,75,16,13,173,0,0,5,8,13,69,75,21,21,186,0,24,24,210
05/01/2018,ALB,NY,AEA,EN,Combined TRACON& Tower with Radar,75,79,32,1,187,0,4,53,12,69,75,83,85,13,256,48,0,48,304
05/02/2018,ALB,NY,AEA,EN,Combined TRACON& Tower with Radar,65,68,22,12,167,0,9,42,18,69,65,77,64,30,236,47,22,69,305
05/03/2018,ALB,NY,AEA,EN,Combined TRACON& Tower with Radar,75,80,22,2,179,0,3,11,7,21,75,83,33,9,200,14,0,14,214
05/04/2018,ALB,NY,AEA,EN,Combined TRACON& Tower with Radar,81,73,24,3,181,0,0,13,4,17,81,73,37,7,198,32,0,32,230
05/05/2018,ALB,NY,AEA,EN,Combined TRACON& Tower with Radar,62,41,11,0,114,0,10,43,0,53,62,51,54,0,167,16,0,16,183
05/06/2018,ALB,NY,AEA,EN,Combined TRACON& Tower with Radar,63,56,28,0,147,0,2,6,0,8,63,58,34,0,155,50,0,50,205
05/07/2018,ALB,NY,AEA,EN,Combined TRACON& Tower with Radar,71,66,30,4,171,0,8,35,0,43,71,74,65,4,214,41,0,41,255
05/08/2018,ALB,NY,AEA,EN,Combined TRACON& Tower with Radar,73,64,29,16,182,0,9,41,6,56,73,73,70,22,238,70,16,86,324
05/09/2018,ALB,NY,AEA,EN,Combined TRACON& Tower with Radar,75,61,15,8,159,0,11,51,16,78,75,72,66,24,237,10,10,20,257
05/10/2018,ALB,NY,AEA,EN,Combined TRACON& Tower with Radar,81,76,34,1,192,0,3,10,7,20,81,79,44,8,212,12,0,12,224
05/11/2018,ALB,NY,AEA,EN,Combined TRACON& Tower with Radar,79,75,26,1,181,0,9,39,3,51,79,84,65,4,232,20,0,20,252
05/12/2018,ALB,NY,AEA,EN,Combined TRACON& Tower with Radar,59,48,16,0,123,0,1,7,0,8,59,49,23,0,131,12,0,12,143
05/13/2018,ALB,NY,AEA,EN,Combined TRACON& Tower with Radar,64,49,24,0,137,0,5,26,0,31,64,54,50,0,168,20,0,20,188
05/14/2018,ALB,NY,AEA,EN,Combined TRACON& Tower with Radar,68,63,36,3,170,0,4,24,6,34,68,67,60,9,204,26,0,26,230
05/15/2018,ALB,NY,AEA,EN,Combined TRACON& Tower with Radar,81,65,23,3,172,0,0,17,1,18,81,65,40,4,190,12,0,12,202
05/16/2018,ALB,NY,AEA,EN,Combined TRACON& Tower with Radar,78,71,28,9,186,0,4,19,15,38,78,75,47,24,224,12,26,38,262
05/17/2018,ALB,NY,AEA,EN,Combined TRACON& Tower with Radar,79,68,31,32,210,0,8,44,40,92,79,76,75,72,302,19,53,72,374
05/18/2018,ALB,NY,AEA,EN,Combined TRACON& Tower with Radar,77,54,22,21,174,0,10,33,16,59,77,64,55,37,233,10,34,44,277
05/19/2018,ALB,NY,AEA,EN,Combined TRACON& Tower with Radar,64,50,9,2,125,0,0,5,2,7,64,50,14,4,132,10,0,10,142
05/20/2018,ALB,NY,AEA,EN,Combined TRACON& Tower with Radar,62,54,28,0,144,0,0,5,4,9,62,54,33,4,153,11,0,11,164
05/21/2018,ALB,NY,AEA,EN,Combined TRACON& Tower with Radar,73,58,16,3,150,0,10,31,7,48,73,68,47,10,198,36,2,38,236
05/22/2018,ALB,NY,AEA,EN,Combined TRACON& Tower with Radar,72,66,21,23,182,0,3,5,24,32,72,69,26,47,214,0,0,0,214
05/23/2018,ALB,NY,AEA,EN,Combined TRACON& Tower with Radar,78,64,17,10,169,0,6,32,17,55,78,70,49,27,224,44,30,74,298
05/24/2018,ALB,NY,AEA,EN,Combined TRACON& Tower with Radar,76,62,24,2,164,0,11,45,10,66,76,73,69,12,230,58,2,60,290
05/25/2018,ALB,NY,AEA,EN,Combined TRACON& Tower with Radar,78,59,24,0,161,0,11,34,1,46,78,70,58,1,207,19,0,19,226
05/26/2018,ALB,NY,AEA,EN,Combined TRACON& Tower with Radar,65,33,16,1,115,0,9,28,1,38,65,42,44,2,153,27,0,27,180
05/27/2018,ALB,NY,AEA,EN,Combined TRACON& Tower with Radar,54,49,18,0,121,0,0,0,0,0,54,49,18,0,121,12,0,12,133
05/28/2018,ALB,NY,AEA,EN,Combined TRACON& Tower with Radar,65,55,27,2,149,0,1,2,0,3,65,56,29,2,152,6,2,8,160
05/29/2018,ALB,NY,AEA,EN,Combined TRACON& Tower with Radar,73,64,19,2,158,0,5,30,2,37,73,69,49,4,195,12,0,12,207
05/30/2018,ALB,NY,AEA,EN,Combined TRACON& Tower with Radar,74,65,19,11,169,0,9,41,25,75,74,74,60,36,244,22,36,58,302
05/31/2018,ALB,NY,AEA,EN,Combined TRACON& Tower with Radar,77,78,36,16,207,0,0,13,5,18,77,78,49,21,225,31,22,53,278
06/01/2018,ALB,NY,AEA,EN,Combined TRACON& Tower with Radar,75,68,15,4,162,0,3,4,6,13,75,71,19,10,175,14,0,14,189
06/02/2018,ALB,NY,AEA,EN,Combined TRACON& Tower with Radar,64,39,21,3,127,0,1,15,7,23,64,40,36,10,150,12,0,12,162
06/03/2018,ALB,NY,AEA,EN,Combined TRACON& Tower with Radar,59,36,22,3,120,0,4,20,6,30,59,40,42,9,150,16,0,16,166
06/04/2018,ALB,NY,AEA,EN,Combined TRACON& Tower with Radar,76,59,32,7,174,0,0,9,7,16,76,59,41,14,190,12,16,28,218
06/05/2018,ALB,NY,AEA,EN,Combined TRACON& Tower with Radar,78,64,22,3,167,0,1,17,7,25,78,65,39,10,192,16,2,18,210
06/06/2018,ALB,NY,AEA,EN,Combined TRACON& Tower with Radar,79,70,23,6,178,0,3,30,12,45,79,73,53,18,223,28,0,28,251
06/07/2018,ALB,NY,AEA,EN,Combined TRACON& Tower with Radar,73,81,27,1,182,0,2,34,19,55,73,83,61,20,237,52,0,52,289
06/08/2018,ALB,NY,AEA,EN,Combined TRACON& Tower with Radar,70,60,18,3,151,0,12,32,5,49,70,72,50,8,200,20,0,20,220
06/09/2018,ALB,NY,AEA,EN,Combined TRACON& Tower with Radar,62,39,11,0,112,0,9,26,0,35,62,48,37,0,147,24,0,24,171
06/10/2018,ALB,NY,AEA,EN,Combined TRACON& Tower with Radar,59,37,15,2,113,0,13,34,2,49,59,50,49,4,162,24,0,24,186
06/11/2018,ALB,NY,AEA,EN,Combined TRACON& Tower with Radar,68,56,22,2,148,0,8,24,3,35,68,64,46,5,183,31,0,31,214
06/12/2018,ALB,NY,AEA,EN,Combined TRACON& Tower with Radar,74,59,20,5,158,0,13,33,8,54,74,72,53,13,212,17,0,17,229
06/13/2018,ALB,NY,AEA,EN,Combined TRACON& Tower with Radar,70,73,17,7,167,0,0,4,7,11,70,73,21,14,178,0,0,0,178
06/14/2018,ALB,NY,AEA,EN,Combined TRACON& Tower with Radar,72,74,33,9,188,0,5,8,14,27,72,79,41,23,215,0,0,0,215
06/15/2018,ALB,NY,AEA,EN,Combined TRACON& Tower with Radar,73,69,31,9,182,0,4,30,7,41,73,73,61,16,223,22,10,32,255
06/16/2018,ALB,NY,AEA,EN,Combined TRACON& Tower with Radar,62,27,16,0,105,0,14,33,2,49,62,41,49,2,154,24,0,24,178
06/17/2018,ALB,NY,AEA,EN,Combined TRACON& Tower with Radar,62,43,18,0,123,0,12,29,0,41,62,55,47,0,164,31,0,31,195
06/18/2018,ALB,NY,AEA,EN,Combined TRACON& Tower with Radar,69,67,13,4,153,0,8,18,12,38,69,75,31,16,191,0,0,0,191
06/19/2018,ALB,NY,AEA,EN,Combined TRACON& Tower with Radar,66,58,19,7,150,0,9,35,30,74,66,67,54,37,224,32,34,66,290
06/20/2018,ALB,NY,AEA,EN,Combined TRACON& Tower with Radar,70,43,37,2,152,0,15,34,8,57,70,58,71,10,209,20,0,20,229
06/21/2018,ALB,NY,AEA,EN,Combined TRACON& Tower with Radar,71,62,29,4,166,0,11,48,14,73,71,73,77,18,239,56,0,56,295
06/22/2018,ALB,NY,AEA,EN,Combined TRACON& Tower with Radar,71,57,17,3,148,0,13,31,12,56,71,70,48,15,204,26,0,26,230
06/23/2018,ALB,NY,AEA,EN,Combined TRACON& Tower with Radar,66,44,11,0,121,0,0,2,2,4,66,44,13,2,125,26,0,26,151
06/24/2018,ALB,NY,AEA,EN,Combined TRACON& Tower with Radar,63,48,22,7,140,0,0,8,0,8,63,48,30,7,148,11,0,11,159
06/25/2018,ALB,NY,AEA,EN,Combined TRACON& Tower with Radar,67,58,25,1,151,0,8,22,6,36,67,66,47,7,187,40,0,40,227
06/26/2018,ALB,NY,AEA,EN,Combined TRACON& Tower with Radar,68,66,13,3,150,0,12,48,18,78,68,78,61,21,228,44,0,44,272
06/27/2018,ALB,NY,AEA,EN,Combined TRACON& Tower with Radar,76,62,18,2,158,0,2,12,9,23,76,64,30,11,181,12,6,18,199
06/28/2018,ALB,NY,AEA,EN,Combined TRACON& Tower with Radar,73,65,18,4,160,0,0,7,1,8,73,65,25,5,168,12,0,12,180
06/29/2018,ALB,NY,AEA,EN,Combined TRACON& Tower with Radar,70,58,17,0,145,0,8,45,3,56,70,66,62,3,201,26,0,26,227
06/30/2018,ALB,NY,AEA,EN,Combined TRACON& Tower with Radar,68,33,12,0,113,0,11,29,2,42,68,44,41,2,155,50,0,50,205
07/01/2018,ALB,NY,AEA,EN,Combined TRACON& Tower with Radar,60,45,25,0,130,0,10,17,2,29,60,55,42,2,159,22,0,22,181
07/02/2018,ALB,NY,AEA,EN,Combined TRACON& Tower with Radar,63,35,17,8,123,0,12,34,4,50,63,47,51,12,173,31,12,43,216
07/03/2018,ALB,NY,AEA,EN,Combined TRACON& Tower with Radar,76,52,18,6,152,0,7,31,8,46,76,59,49,14,198,48,0,48,246
07/04/2018,ALB,NY,AEA,EN,Combined TRACON& Tower with Radar,62,36,9,0,107,0,12,28,0,40,62,48,37,0,147,44,2,46,193
07/05/2018,ALB,NY,AEA,EN,Combined TRACON& Tower with Radar,59,64,18,0,141,0,5,19,8,32,59,69,37,8,173,0,0,0,173
07/06/2018,ALB,NY,AEA,EN,Combined TRACON& Tower with Radar,75,63,15,6,159,0,0,15,3,18,75,63,30,9,177,12,6,18,195
07/07/2018,ALB,NY,AEA,EN,Combined TRACON& Tower with Radar,66,30,26,0,122,0,12,34,0,46,66,42,60,0,168,32,0,32,200
07/08/2018,ALB,NY,AEA,EN,Combined TRACON& Tower with Radar,63,34,17,0,114,0,14,44,2,60,63,48,61,2,174,34,0,34,208
07/09/2018,ALB,NY,AEA,EN,Combined TRACON& Tower with Radar,74,42,19,0,135,0,16,41,0,57,74,58,60,0,192,41,4,45,237
07/10/2018,ALB,NY,AEA,EN,Combined TRACON& Tower with Radar,80,56,19,4,159,0,10,24,9,43,80,66,43,13,202,32,0,32,234
07/11/2018,ALB,NY,AEA,EN,Combined TRACON& Tower with Radar,79,58,24,9,170,0,9,39,26,74,79,67,63,35,244,29,0,29,273
07/12/2018,ALB,NY,AEA,EN,Combined TRACON& Tower with Radar,71,63,13,3,150,0,20,36,23,79,71,83,49,26,229,48,0,48,277
07/13/2018,ALB,NY,AEA,EN,Combined TRACON& Tower with Radar,78,62,27,3,170,0,12,40,5,57,78,74,67,8,227,34,0,34,261
07/14/2018,ALB,NY,AEA,EN,Combined TRACON& Tower with Radar,65,37,14,2,118,0,4,27,0,31,65,41,41,2,149,2,0,2,151
07/15/2018,ALB,NY,AEA,EN,Combined TRACON& Tower with Radar,60,43,23,4,130,0,2,18,2,22,60,45,41,6,152,8,0,8,160
07/16/2018,ALB,NY,AEA,EN,Combined TRACON& Tower with Radar,72,55,24,5,156,0,6,16,7,29,72,61,40,12,185,14,10,24,209
07/17/2018,ALB,NY,AEA,EN,Combined TRACON& Tower with Radar,70,74,16,4,164,0,0,1,0,1,70,74,17,4,165,8,0,8,173
07/18/2018,ALB,NY,AEA,EN,Combined TRACON& Tower with Radar,74,55,13,4,146,0,11,20,13,44,74,66,33,17,190,18,0,18,208
07/19/2018,ALB,NY,AEA,EN,Combined TRACON& Tower with Radar,74,53,22,7,156,0,17,35,6,58,74,70,57,13,214,10,2,12,226
07/20/2018,ALB,NY,AEA,EN,Combined TRACON& Tower with Radar,77,55,16,3,151,0,14,47,0,61,77,69,63,3,212,30,0,30,242
07/21/2018,ALB,NY,AEA,EN,Combined TRACON& Tower with Radar,65,28,11,4,108,0,14,32,5,51,65,42,43,9,159,26,0,26,185
07/22/2018,ALB,NY,AEA,EN,Combined TRACON& Tower with Radar,61,55,17,0,133,0,0,5,0,5,61,55,22,0,138,30,0,30,168
07/23/2018,ALB,NY,AEA,EN,Combined TRACON& Tower with Radar,66,60,22,14,162,0,0,0,5,5,66,60,22,19,167,6,12,18,185
07/24/2018,ALB,NY,AEA,EN,Combined TRACON& Tower with Radar,66,61,41,13,181,0,0,15,8,23,66,61,56,21,204,12,22,34,238
07/25/2018,ALB,NY,AEA,EN,Combined TRACON& Tower with Radar,71,61,21,20,173,0,1,4,5,10,71,62,25,25,183,28,12,40,223
07/26/2018,ALB,NY,AEA,EN,Combined TRACON& Tower with Radar,74,85,33,10,202,0,4,20,2,26,74,89,53,12,228,48,14,62,290
07/27/2018,ALB,NY,AEA,EN,Combined TRACON& Tower with Radar,71,65,20,7,163,0,1,15,8,24,71,66,35,15,187,42,16,58,245
07/28/2018,ALB,NY,AEA,EN,Combined TRACON& Tower with Radar,67,43,22,0,132,0,0,9,0,9,67,43,31,0,141,24,0,24,165
07/29/2018,ALB,NY,AEA,EN,Combined TRACON& Tower with Radar,61,52,31,0,144,0,7,43,2,52,61,59,74,2,196,0,0,0,196
07/30/2018,ALB,NY,AEA,EN,Combined TRACON& Tower with Radar,71,51,25,4,151,0,8,24,4,36,71,59,49,8,187,24,0,24,211
07/31/2018,ALB,NY,AEA,EN,Combined TRACON& Tower with Radar,72,52,16,3,143,0,8,35,5,48,72,60,51,8,191,34,0,34,225
08/01/2018,ALB,NY,AEA,EN,Combined TRACON& Tower with Radar,76,74,40,11,201,0,1,5,5,11,76,75,45,16,212,7,8,15,227
08/02/2018,ALB,NY,AEA,EN,Combined TRACON& Tower with Radar,74,62,38,6,180,0,5,6,9,20,74,67,44,15,200,22,8,30,230
08/03/2018,ALB,NY,AEA,EN,Combined TRACON& Tower with Radar,70,57,35,0,162,0,0,0,0,0,70,57,35,0,162,6,0,6,168
08/04/2018,ALB,NY,AEA,EN,Combined TRACON& Tower with Radar,65,43,19,2,129,0,2,11,0,13,65,45,30,2,142,8,0,8,150
08/05/2018,ALB,NY,AEA,EN,Combined TRACON& Tower with Radar,59,44,10,2,115,0,7,24,2,33,59,51,34,4,148,26,0,26,174
08/06/2018,ALB,NY,AEA,EN,Combined TRACON& Tower with Radar,74,49,17,2,142,0,10,30,0,40,74,59,47,2,182,21,0,21,203
08/07/2018,ALB,NY,AEA,EN,Combined TRACON& Tower with Radar,81,60,11,4,156,0,5,23,0,28,81,65,34,4,184,45,0,45,229
08/08/2018,ALB,NY,AEA,EN,Combined TRACON& Tower with Radar,75,76,21,10,182,0,0,23,5,28,75,76,44,15,210,22,24,46,256
08/09/2018,ALB,NY,AEA,EN,Combined TRACON& Tower with Radar,74,78,23,6,181,0,7,32,5,44,74,85,55,11,225,34,4,38,263
08/10/2018,ALB,NY,AEA,EN,Combined TRACON& Tower with Radar,74,64,24,4,166,0,6,34,1,41,74,70,58,5,207,38,0,38,245
08/11/2018,ALB,NY,AEA,EN,Combined TRACON& Tower with Radar,62,39,17,0,118,0,0,7,0,7,62,39,24,0,125,17,0,17,142
08/12/2018,ALB,NY,AEA,EN,Combined TRACON& Tower with Radar,60,46,17,1,124,0,0,5,0,5,60,46,22,1,129,12,0,12,141
08/13/2018,ALB,NY,AEA,EN,Combined TRACON& Tower with Radar,70,67,17,3,157,0,0,9,5,14,70,67,26,8,171,6,0,6,177
08/14/2018,ALB,NY,AEA,EN,Combined TRACON& Tower with Radar,77,66,37,4,184,0,2,12,0,14,77,68,49,4,198,13,0,13,211
08/15/2018,ALB,NY,AEA,EN,Combined TRACON& Tower with Radar,71,61,29,4,165,0,4,26,0,30,71,65,55,4,195,18,0,18,213
08/16/2018,ALB,NY,AEA,EN,Combined TRACON& Tower with Radar,77,71,23,20,191,0,4,58,13,75,77,75,81,33,266,46,24,70,336
08/17/2018,ALB,NY,AEA,EN,Combined TRACON& Tower with Radar,74,64,16,2,156,0,1,9,3,13,74,65,25,5,169,8,0,8,177
08/18/2018,ALB,NY,AEA,EN,Combined TRACON& Tower with Radar,69,43,36,0,148,0,0,7,0,7,69,43,43,0,155,16,0,16,171
08/19/2018,ALB,NY,AEA,EN,Combined TRACON& Tower with Radar,58,52,27,0,137,0,5,31,0,36,58,57,58,0,173,14,0,14,187
08/20/2018,ALB,NY,AEA,EN,Combined TRACON& Tower with Radar,64,56,22,23,165,0,6,47,15,68,64,62,69,38,233,106,60,166,399
08/21/2018,ALB,NY,AEA,EN,Combined TRACON& Tower with Radar,70,74,29,1,174,0,0,30,4,34,70,74,59,5,208,0,0,0,208
08/22/2018,ALB,NY,AEA,EN,Combined TRACON& Tower with Radar,73,70,28,2,173,0,2,15,3,20,73,72,43,5,193,10,0,10,203
08/23/2018,ALB,NY,AEA,EN,Combined TRACON& Tower with Radar,66,72,37,6,181,0,11,50,0,61,66,83,87,6,242,31,0,31,273
08/24/2018,ALB,NY,AEA,EN,Combined TRACON& Tower with Radar,67,61,23,2,153,0,16,53,2,71,67,77,76,4,224,30,0,30,254
08/25/2018,ALB,NY,AEA,EN,Combined TRACON& Tower with Radar,53,36,14,0,103,0,13,43,2,58,53,49,57,2,161,22,0,22,183
08/26/2018,ALB,NY,AEA,EN,Combined TRACON& Tower with Radar,57,56,28,0,141,0,1,26,1,28,57,57,54,1,169,37,0,37,206
08/27/2018,ALB,NY,AEA,EN,Combined TRACON& Tower with Radar,61,61,27,7,156,0,4,26,1,31,61,65,53,8,187,19,4,23,210
08/28/2018,ALB,NY,AEA,EN,Combined TRACON& Tower with Radar,66,61,15,12,154,0,6,47,2,55,66,67,62,14,209,20,16,36,245
08/29/2018,ALB,NY,AEA,EN,Combined TRACON& Tower with Radar,67,58,13,2,140,0,6,42,14,62,67,64,55,16,202,22,0,22,224
08/30/2018,ALB,NY,AEA,EN,Combined TRACON& Tower with Radar,68,68,29,10,175,0,0,25,9,34,68,68,54,19,209,64,0,64,273
08/31/2018,ALB,NY,AEA,EN,Combined TRACON& Tower with Radar,67,74,35,0,176,0,0,23,2,25,67,74,58,2,201,41,0,41,242
09/01/2018,ALB,NY,AEA,EN,Combined TRACON& Tower with Radar,51,45,28,0,124,0,1,18,0,19,51,46,46,0,143,12,0,12,155
09/02/2018,ALB,NY,AEA,EN,Combined TRACON& Tower with Radar,45,53,14,0,112,0,0,11,0,11,45,53,25,0,123,22,0,22,145
09/03/2018,ALB,NY,AEA,EN,Combined TRACON& Tower with Radar,57,58,23,0,138,0,3,11,0,14,57,61,34,0,152,20,0,20,172
09/04/2018,ALB,NY,AEA,EN,Combined TRACON& Tower with Radar,62,57,19,7,145,0,4,23,7,34,62,61,42,14,179,18,6,24,203
09/05/2018,ALB,NY,AEA,EN,Combined TRACON& Tower with Radar,60,61,18,10,149,0,6,22,13,41,60,67,40,23,190,11,18,29,219
09/06/2018,ALB,NY,AEA,EN,Combined TRACON& Tower with Radar,61,70,30,12,173,0,1,14,19,34,61,71,44,31,207,36,2,38,245
09/07/2018,ALB,NY,AEA,EN,Combined TRACON& Tower with Radar,64,64,36,2,166,0,4,7,6,17,64,68,43,8,183,5,4,9,192
09/08/2018,ALB,NY,AEA,EN,Combined TRACON& Tower with Radar,55,36,16,3,110,0,9,56,2,67,55,45,72,5,177,23,0,23,200
09/09/2018,ALB,NY,AEA,EN,Combined TRACON& Tower with Radar,53,46,20,1,120,0,7,25,3,35,53,53,45,4,155,6,0,6,161
09/10/2018,ALB,NY,AEA,EN,Combined TRACON& Tower with Radar,57,62,12,1,132,0,0,2,0,2,57,62,14,1,134,8,0,8,142
09/11/2018,ALB,NY,AEA,EN,Combined TRACON& Tower with Radar,63,63,23,19,168,0,0,2,8,10,63,63,25,27,178,16,32,48,226
09/12/2018,ALB,NY,AEA,EN,Combined TRACON& Tower with Radar,68,71,41,20,200,0,0,9,9,18,68,71,50,29,218,12,14,26,244
09/13/2018,ALB,NY,AEA,EN,Combined TRACON& Tower with Radar,60,71,39,16,186,0,2,13,15,30,60,73,52,31,216,38,22,60,276
09/14/2018,ALB,NY,AEA,EN,Combined TRACON& Tower with Radar,68,65,25,1,159,0,2,11,4,17,68,67,36,5,176,46,0,46,222
09/15/2018,ALB,NY,AEA,EN,Combined TRACON& Tower with Radar,51,52,36,0,139,0,4,10,2,16,51,56,46,2,155,26,0,26,181
09/16/2018,ALB,NY,AEA,EN,Combined TRACON& Tower with Radar,54,48,15,0,117,0,4,34,0,38,54,52,49,0,155,14,0,14,169
09/17/2018,ALB,NY,AEA,EN,Combined TRACON& Tower with Radar,59,54,27,1,141,0,7,19,2,28,59,61,46,3,169,7,0,7,176
09/18/2018,ALB,NY,AEA,EN,Combined TRACON& Tower with Radar,69,66,15,4,154,0,2,11,5,18,69,68,26,9,172,10,10,20,192
09/19/2018,ALB,NY,AEA,EN,Combined TRACON& Tower with Radar,62,69,39,15,185,0,1,26,18,45,62,70,65,33,230,24,40,64,294
09/20/2018,ALB,NY,AEA,EN,Combined TRACON& Tower with Radar,60,70,33,2,165,0,1,27,7,35,60,71,60,9,200,0,0,0,200
09/21/2018,ALB,NY,AEA,EN,Combined TRACON& Tower with Radar,70,61,27,0,158,0,0,2,0,2,70,61,29,0,160,0,0,0,160
09/22/2018,ALB,NY,AEA,EN,Combined TRACON& Tower with Radar,52,43,15,0,110,0,7,31,0,38,52,50,46,0,148,56,0,56,204
09/23/2018,ALB,NY,AEA,EN,Combined TRACON& Tower with Radar,54,45,13,0,112,0,11,25,0,36,54,56,38,0,148,36,0,36,184
09/24/2018,ALB,NY,AEA,EN,Combined TRACON& Tower with Radar,60,57,32,11,160,0,4,14,12,30,60,61,46,23,190,20,8,28,218
09/25/2018,ALB,NY,AEA,EN,Combined TRACON& Tower with Radar,66,64,7,0,137,0,0,0,0,0,66,64,7,0,137,2,0,2,139
09/26/2018,ALB,NY,AEA,EN,Combined TRACON& Tower with Radar,63,59,24,8,154,0,0,2,20,22,63,59,26,28,176,22,32,54,230
09/27/2018,ALB,NY,AEA,EN,Combined TRACON& Tower with Radar,63,59,16,2,140,0,10,44,10,64,63,69,60,12,204,26,8,34,238
09/28/2018,ALB,NY,AEA,EN,Combined TRACON& Tower with Radar,67,81,18,8,174,0,1,16,4,21,67,82,34,12,195,16,36,52,247
09/29/2018,ALB,NY,AEA,EN,Combined TRACON& Tower with Radar,55,37,23,1,116,0,2,26,1,29,55,39,49,2,145,36,0,36,181
09/30/2018,ALB,NY,AEA,EN,Combined TRACON& Tower with Radar,54,49,21,0,124,0,6,37,0,43,54,55,58,0,167,24,0,24,191
10/01/2018,ALB,NY,AEA,EN,Combined TRACON& Tower with Radar,58,59,20,4,141,0,0,3,0,3,58,59,23,4,144,4,0,4,148
10/02/2018,ALB,NY,AEA,EN,Combined TRACON& Tower with Radar,69,58,22,0,149,0,0,0,0,0,69,58,22,0,149,0,0,0,149
10/03/2018,ALB,NY,AEA,EN,Combined TRACON& Tower with Radar,68,78,46,10,202,0,0,10,3,13,68,78,56,13,215,15,0,15,230
10/04/2018,ALB,NY,AEA,EN,Combined TRACON& Tower with Radar,77,78,24,2,181,0,9,9,4,22,77,87,33,6,203,20,0,20,223
10/05/2018,ALB,NY,AEA,EN,Combined TRACON& Tower with Radar,73,56,25,2,156,0,11,35,0,46,73,67,60,2,202,16,0,16,218
10/06/2018,ALB,NY,AEA,EN,Combined TRACON& Tower with Radar,57,58,34,0,149,0,0,5,0,5,57,58,39,0,154,6,0,6,160
10/07/2018,ALB,NY,AEA,EN,Combined TRACON& Tower with Radar,62,61,25,0,148,0,0,1,0,1,62,61,26,0,149,12,0,12,161
10/08/2018,ALB,NY,AEA,EN,Combined TRACON& Tower with Radar,65,62,26,0,153,0,0,0,0,0,65,62,26,0,153,0,0,0,153
10/09/2018,ALB,NY,AEA,EN,Combined TRACON& Tower with Radar,79,71,17,30,197,0,0,22,21,43,79,71,39,51,240,32,62,94,334
10/10/2018,ALB,NY,AEA,EN,Combined TRACON& Tower with Radar,74,65,21,2,162,0,4,14,8,26,74,69,35,10,188,24,0,24,212
10/11/2018,ALB,NY,AEA,EN,Combined TRACON& Tower with Radar,77,55,31,19,182,0,0,0,1,1,77,55,31,20,183,15,12,27,210
10/12/2018,ALB,NY,AEA,EN,Combined TRACON& Tower with Radar,76,73,23,10,182,0,1,16,10,27,76,74,39,20,209,20,8,28,237
10/13/2018,ALB,NY,AEA,EN,Combined TRACON& Tower with Radar,59,57,22,4,142,0,0,10,0,10,59,57,32,4,152,10,14,24,176
10/14/2018,ALB,NY,AEA,EN,Combined TRACON& Tower with Radar,64,56,16,5,141,0,6,37,19,62,64,62,53,24,203,0,0,0,203
10/15/2018,ALB,NY,AEA,EN,Combined TRACON& Tower with Radar,68,53,16,2,139,0,0,1,0,1,68,53,17,2,140,20,26,46,186
10/16/2018,ALB,NY,AEA,EN,Combined TRACON& Tower with Radar,76,57,27,7,167,0,5,31,27,63,76,62,58,34,230,36,38,74,304
10/17/2018,ALB,NY,AEA,EN,Combined TRACON& Tower with Radar,70,74,15,0,159,0,1,11,15,27,70,75,26,15,186,0,0,0,186
10/18/2018,ALB,NY,AEA,EN,Combined TRACON& Tower with Radar,76,51,18,16,161,0,14,18,9,41,76,65,36,25,202,18,25,43,245
10/19/2018,ALB,NY,AEA,EN,Combined TRACON& Tower with Radar,74,51,27,14,166,0,12,44,8,64,74,63,71,22,230,42,22,64,294
10/20/2018,ALB,NY,AEA,EN,Combined TRACON& Tower with Radar,58,46,21,2,127,0,0,17,6,23,58,46,38,8,150,14,2,16,166
10/21/2018,ALB,NY,AEA,EN,Combined TRACON& Tower with Radar,64,50,10,0,124,0,2,15,0,17,64,52,25,0,141,14,0,14,155
10/22/2018,ALB,NY,AEA,EN,Combined TRACON& Tower with Radar,68,54,22,2,146,0,11,18,4,33,68,65,40,6,179,16,0,16,195
10/23/2018,ALB,NY,AEA,EN,Combined TRACON& Tower with Radar,76,66,15,13,170,0,3,14,16,33,76,69,29,29,203,26,14,40,243
10/24/2018,ALB,NY,AEA,EN,Combined TRACON& Tower with Radar,69,61,23,22,175,0,1,9,18,28,69,62,32,40,203,26,34,60,263
10/25/2018,ALB,NY,AEA,EN,Combined TRACON& Tower with Radar,76,68,14,2,160,0,0,31,5,36,76,68,45,7,196,30,0,30,226
10/26/2018,ALB,NY,AEA,EN,Combined TRACON& Tower with Radar,73,51,21,3,148,0,14,49,8,71,73,65,70,11,219,40,0,40,259
10/27/2018,ALB,NY,AEA,EN,Combined TRACON& Tower with Radar,54,36,13,0,103,0,0,0,0,0,54,36,13,0,103,14,0,14,117
10/28/2018,ALB,NY,AEA,EN,Combined TRACON& Tower with Radar,59,54,9,1,123,0,0,0,0,0,59,54,9,1,123,25,0,25,148
10/29/2018,ALB,NY,AEA,EN,Combined TRACON& Tower with Radar,60,65,12,2,139,0,0,3,0,3,60,65,15,2,142,0,0,0,142
10/30/2018,ALB,NY,AEA,EN,Combined TRACON& Tower with Radar,64,66,29,7,166,0,11,19,11,41,64,77,48,18,207,56,16,72,279
10/31/2018,ALB,NY,AEA,EN,Combined TRACON& Tower with Radar,57,69,17,12,155,0,1,17,6,24,57,70,34,18,179,27,4,31,210
11/01/2018,ALB,NY,AEA,EN,Combined TRACON& Tower with Radar,65,78,28,16,187,0,1,2,10,13,65,79,30,26,200,10,16,26,226
11/02/2018,ALB,NY,AEA,EN,Combined TRACON& Tower with Radar,68,67,27,13,175,0,2,5,13,20,68,69,32,26,195,13,26,39,234
11/03/2018,ALB,NY,AEA,EN,Combined TRACON& Tower with Radar,55,47,12,0,114,0,1,1,0,2,55,48,13,0,116,6,0,6,122
11/04/2018,ALB,NY,AEA,EN,Combined TRACON& Tower with Radar,56,48,19,4,127,0,12,59,0,71,56,60,78,4,198,58,0,58,256
11/05/2018,ALB,NY,AEA,EN,Combined TRACON& Tower with Radar,61,63,12,6,142,0,0,7,4,11,61,63,19,10,153,14,0,14,167
11/06/2018,ALB,NY,AEA,EN,Combined TRACON& Tower with Radar,64,75,8,21,168,0,0,0,0,0,64,75,8,21,168,0,20,20,188
11/07/2018,ALB,NY,AEA,EN,Combined TRACON& Tower with Radar,64,72,18,11,165,0,9,43,32,84,64,81,61,43,249,38,44,82,331
11/08/2018,ALB,NY,AEA,EN,Combined TRACON& Tower with Radar,67,83,20,19,189,0,0,31,20,51,67,83,51,39,240,0,0,0,240
11/09/2018,ALB,NY,AEA,EN,Combined TRACON& Tower with Radar,67,69,18,3,157,0,3,11,6,20,67,72,29,9,177,20,2,22,199
11/10/2018,ALB,NY,AEA,EN,Combined TRACON& Tower with Radar,47,53,10,0,110,0,2,1,0,3,47,55,11,0,113,0,0,0,113
11/11/2018,ALB,NY,AEA,EN,Combined TRACON& Tower with Radar,60,57,13,0,130,0,1,25,0,26,60,58,38,0,156,36,0,36,192
11/12/2018,ALB,NY,AEA,EN,Combined TRACON& Tower with Radar,56,69,9,0,134,0,3,47,0,50,56,72,56,0,184,29,0,29,213
11/13/2018,ALB,NY,AEA,EN,Combined TRACON& Tower with Radar,68,73,15,2,158,0,0,0,0,0,68,73,15,2,158,0,0,0,158
11/14/2018,ALB,NY,AEA,EN,Combined TRACON& Tower with Radar,64,66,20,1,151,0,8,23,10,41,64,74,43,11,192,7,0,7,199
11/15/2018,ALB,NY,AEA,EN,Combined TRACON& Tower with Radar,68,52,23,2,145,0,8,19,14,41,68,60,42,16,186,13,0,13,199
11/16/2018,ALB,NY,AEA,EN,Combined TRACON& Tower with Radar,60,57,11,0,128,0,0,3,0,3,60,57,14,0,131,4,0,4,135
11/17/2018,ALB,NY,AEA,EN,Combined TRACON& Tower with Radar,58,54,11,0,123,0,1,16,12,29,58,55,27,12,152,12,0,12,164
11/18/2018,ALB,NY,AEA,EN,Combined TRACON& Tower with Radar,60,50,19,2,131,0,5,28,15,48,60,55,47,17,179,41,0,41,220
11/19/2018,ALB,NY,AEA,EN,Combined TRACON& Tower with Radar,60,65,15,6,146,0,0,3,0,3,60,65,18,6,149,0,0,0,149
11/20/2018,ALB,NY,AEA,EN,Combined TRACON& Tower with Radar,63,86,18,0,167,0,0,0,0,0,63,86,18,0,167,4,0,4,171
11/21/2018,ALB,NY,AEA,EN,Combined TRACON& Tower with Radar,69,76,10,0,155,0,1,17,2,20,69,77,27,2,175,18,0,18,193
11/22/2018,ALB,NY,AEA,EN,Combined TRACON& Tower with Radar,40,33,8,0,81,0,6,8,0,14,40,39,16,0,95,14,0,14,109
11/23/2018,ALB,NY,AEA,EN,Combined TRACON& Tower with Radar,48,46,16,0,110,0,11,33,0,44,48,57,49,0,154,42,0,42,196
11/24/2018,ALB,NY,AEA,EN,Combined TRACON& Tower with Radar,67,59,19,0,145,0,3,27,0,30,67,62,46,0,175,40,0,40,215
11/25/2018,ALB,NY,AEA,EN,Combined TRACON& Tower with Radar,64,65,10,1,140,0,0,0,0,0,64,65,10,1,140,0,0,0,140
11/26/2018,ALB,NY,AEA,EN,Combined TRACON& Tower with Radar,50,61,9,0,120,0,0,0,0,0,50,61,9,0,120,0,0,0,120
11/27/2018,ALB,NY,AEA,EN,Combined TRACON& Tower with Radar,64,70,8,0,142,0,0,0,0,0,64,70,8,0,142,0,0,0,142
11/28/2018,ALB,NY,AEA,EN,Combined TRACON& Tower with Radar,67,67,17,2,153,0,0,6,0,6,67,67,23,2,159,12,0,12,171
11/29/2018,ALB,NY,AEA,EN,Combined TRACON& Tower with Radar,64,82,23,10,179,0,0,28,24,52,64,82,51,34,231,20,0,20,251
11/30/2018,ALB,NY,AEA,EN,Combined TRACON& Tower with Radar,64,76,8,10,158,0,0,14,0,14,64,76,22,10,172,41,12,53,225
12/01/2018,ALB,NY,AEA,EN,Combined TRACON& Tower with Radar,51,43,18,1,113,0,6,31,1,38,51,49,49,2,151,28,0,28,179
12/02/2018,ALB,NY,AEA,EN,Combined TRACON& Tower with Radar,55,42,5,0,102,0,0,0,0,0,55,42,5,0,102,0,0,0,102
12/03/2018,ALB,NY,AEA,EN,Combined TRACON& Tower with Radar,55,53,7,0,115,0,1,3,6,10,55,54,10,6,125,0,0,0,125
12/04/2018,ALB,NY,AEA,EN,Combined TRACON& Tower with Radar,63,62,5,9,139,0,2,23,6,31,63,64,28,15,170,8,8,16,186
12/05/2018,ALB,NY,AEA,EN,Combined TRACON& Tower with Radar,66,76,15,0,157,0,0,35,0,35,66,76,50,0,192,24,2,26,218
12/06/2018,ALB,NY,AEA,EN,Combined TRACON& Tower with Radar,58,73,10,0,141,0,2,12,6,20,58,75,22,6,161,10,12,22,183
12/07/2018,ALB,NY,AEA,EN,Combined TRACON& Tower with Radar,60,66,15,0,141,0,7,21,9,37,60,73,36,9,178,4,0,4,182
12/08/2018,ALB,NY,AEA,EN,Combined TRACON& Tower with Radar,52,48,20,0,120,0,4,33,13,50,52,52,53,13,170,37,0,37,207
12/09/2018,ALB,NY,AEA,EN,Combined TRACON& Tower with Radar,50,48,24,0,122,0,3,21,2,26,50,51,45,2,148,36,0,36,184
12/10/2018,ALB,NY,AEA,EN,Combined TRACON& Tower with Radar,56,58,15,3,132,0,5,27,1,33,56,63,42,4,165,16,0,16,181
12/11/2018,ALB,NY,AEA,EN,Combined TRACON& Tower with Radar,64,82,16,3,165,0,1,20,6,27,64,83,36,9,192,12,0,12,204
12/12/2018,ALB,NY,AEA,EN,Combined TRACON& Tower with Radar,68,77,20,16,181,0,1,20,16,37,68,78,40,32,218,16,16,32,250
12/13/2018,ALB,NY,AEA,EN,Combined TRACON& Tower with Radar,68,74,11,10,163,0,1,4,6,11,68,75,15,16,174,2,0,2,176
12/14/2018,ALB,NY,AEA,EN,Combined TRACON& Tower with Radar,65,69,24,0,158,0,0,9,0,9,65,69,33,0,167,6,0,6,173
12/15/2018,ALB,NY,AEA,EN,Combined TRACON& Tower with Radar,57,50,20,3,130,0,2,21,0,23,57,52,41,3,153,42,2,44,197
12/16/2018,ALB,NY,AEA,EN,Combined TRACON& Tower with Radar,57,53,2,0,112,0,0,0,0,0,57,53,2,0,112,0,0,0,112
12/17/2018,ALB,NY,AEA,EN,Combined TRACON& Tower with Radar,55,63,13,0,131,0,1,2,0,3,55,64,15,0,134,0,0,0,134
12/18/2018,ALB,NY,AEA,EN,Combined TRACON& Tower with Radar,63,67,25,16,171,0,1,10,6,17,63,68,35,22,188,6,17,23,211
12/19/2018,ALB,NY,AEA,EN,Combined TRACON& Tower with Radar,69,45,20,4,138,0,10,39,11,60,69,55,59,15,198,10,0,10,208
12/20/2018,ALB,NY,AEA,EN,Combined TRACON& Tower with Radar,68,56,21,15,160,0,10,17,24,51,68,66,38,39,211,28,46,74,285
12/21/2018,ALB,NY,AEA,EN,Combined TRACON& Tower with Radar,71,59,20,0,150,0,0,0,0,0,71,59,20,0,150,0,0,0,150
12/22/2018,ALB,NY,AEA,EN,Combined TRACON& Tower with Radar,63,57,21,0,141,0,0,0,2,2,63,57,21,2,143,0,0,0,143
12/23/2018,ALB,NY,AEA,EN,Combined TRACON& Tower with Radar,62,54,19,0,135,0,1,15,0,16,62,55,34,0,151,48,0,48,199
12/24/2018,ALB,NY,AEA,EN,Combined TRACON& Tower with Radar,55,38,0,0,93,0,0,0,0,0,55,38,0,0,93,6,0,6,99
12/25/2018,ALB,NY,AEA,EN,Combined TRACON& Tower with Radar,42,33,5,0,80,0,12,6,0,18,42,45,11,0,98,4,5,9,107
12/26/2018,ALB,NY,AEA,EN,Combined TRACON& Tower with Radar,64,70,20,7,161,0,0,14,1,15,64,70,34,8,176,14,8,22,198
12/27/2018,ALB,NY,AEA,EN,Combined TRACON& Tower with Radar,63,67,16,6,152,0,16,33,4,53,63,83,49,10,205,0,0,0,205
12/28/2018,ALB,NY,AEA,EN,Combined TRACON& Tower with Radar,67,64,9,0,140,0,0,0,0,0,67,64,9,0,140,0,0,0,140
12/29/2018,ALB,NY,AEA,EN,Combined TRACON& Tower with Radar,61,53,11,0,125,0,0,5,0,5,61,53,16,0,130,0,0,0,130
12/30/2018,ALB,NY,AEA,EN,Combined TRACON& Tower with Radar,58,64,10,0,132,0,0,24,0,24,58,64,34,0,156,0,0,0,156
12/31/2018,ALB,NY,AEA,EN,Combined TRACON& Tower with Radar,57,45,11,0,113,0,0,13,1,14,57,45,24,1,127,0,0,0,127
01/01/2019,ALB,NY,AEA,EN,Combined TRACON& Tower with Radar,51,48,2,0,101,0,0,4,0,4,51,48,6,0,105,0,0,0,105
01/02/2019,ALB,NY,AEA,EN,Combined TRACON& Tower with Radar,64,56,7,21,148,0,12,37,12,61,64,68,44,33,209,10,24,34,243
01/03/2019,ALB,NY,AEA,EN,Combined TRACON& Tower with Radar,58,73,3,2,136,0,0,6,4,10,58,73,9,6,146,4,0,4,150
01/04/2019,ALB,NY,AEA,EN,Combined TRACON& Tower with Radar,57,56,11,0,124,0,6,28,4,38,57,62,39,4,162,24,0,24,186
01/05/2019,ALB,NY,AEA,EN,Combined TRACON& Tower with Radar,56,45,8,0,109,0,0,1,0,1,56,45,9,0,110,30,0,30,140
01/06/2019,ALB,NY,AEA,EN,Combined TRACON& Tower with Radar,58,53,7,0,118,0,0,1,1,2,58,53,8,1,120,14,0,14,134
01/07/2019,ALB,NY,AEA,EN,Combined TRACON& Tower with Radar,60,44,14,5,123,0,12,18,9,39,60,56,32,14,162,6,24,30,192
01/08/2019,ALB,NY,AEA,EN,Combined TRACON& Tower with Radar,59,65,11,1,136,0,0,0,0,0,59,65,11,1,136,0,12,12,148
01/09/2019,ALB,NY,AEA,EN,Combined TRACON& Tower with Radar,63,63,13,1,140,0,0,0,6,6,63,63,13,7,146,2,0,2,148
01/10/2019,ALB,NY,AEA,EN,Combined TRACON& Tower with Radar,65,70,3,0,138,0,1,5,28,34,65,71,8,28,172,6,42,48,220
01/11/2019,ALB,NY,AEA,EN,Combined TRACON& Tower with Radar,65,47,16,1,129,0,10,16,5,31,65,57,32,6,160,8,0,8,168
01/12/2019,ALB,NY,AEA,EN,Combined TRACON& Tower with Radar,61,30,10,1,102,0,13,24,14,51,61,43,34,15,153,22,0,22,175
01/13/2019,ALB,NY,AEA,EN,Combined TRACON& Tower with Radar,51,34,19,0,104,0,14,36,3,53,51,48,55,3,157,8,0,8,165
01/14/2019,ALB,NY,AEA,EN,Combined TRACON& Tower with Radar,59,53,23,0,135,0,6,13,4,23,59,59,36,4,158,10,0,10,168
01/15/2019,ALB,NY,AEA,EN,Combined TRACON& Tower with Radar,56,54,9,3,122,0,0,10,8,18,56,54,19,11,140,6,0,6,146
01/16/2019,ALB,NY,AEA,EN,Combined TRACON& Tower with Radar,62,71,18,0,151,0,1,13,7,21,62,72,31,7,172,13,0,13,185
01/17/2019,ALB,NY,AEA,EN,Combined TRACON& Tower with Radar,67,55,23,10,155,0,13,31,10,54,67,68,54,20,209,26,8,34,243
01/18/2019,ALB,NY,AEA,EN,Combined TRACON& Tower with Radar,62,63,14,0,139,0,0,0,2,2,62,63,14,2,141,28,0,28,169
01/19/2019,ALB,NY,AEA,EN,Combined TRACON& Tower with Radar,54,30,9,0,93,0,3,11,0,14,54,33,20,0,107,34,0,34,141
01/20/2019,ALB,NY,AEA,EN,Combined TRACON& Tower with Radar,2,4,0,0,6,0,0,0,0,0,2,4,0,0,6,0,0,0,6
01/21/2019,ALB,NY,AEA,EN,Combined TRACON& Tower with Radar,49,40,19,0,108,0,0,0,0,0,49,40,19,0,108,6,0,6,114
01/22/2019,ALB,NY,AEA,EN,Combined TRACON& Tower with Radar,62,61,12,2,137,0,4,19,2,25,62,65,31,4,162,26,0,26,188
01/23/2019,ALB,NY,AEA,EN,Combined TRACON& Tower with Radar,54,56,10,2,122,0,0,2,1,3,54,56,12,3,125,0,0,0,125
01/24/2019,ALB,NY,AEA,EN,Combined TRACON& Tower with Radar,63,55,20,2,140,0,0,0,0,0,63,55,20,2,140,0,0,0,140
01/25/2019,ALB,NY,AEA,EN,Combined TRACON& Tower with Radar,63,72,6,1,142,0,4,23,6,33,63,76,29,7,175,2,0,2,177
01/26/2019,ALB,NY,AEA,EN,Combined TRACON& Tower with Radar,61,41,14,1,117,0,5,18,1,24,61,46,32,2,141,72,0,72,213
01/27/2019,ALB,NY,AEA,EN,Combined TRACON& Tower with Radar,52,47,2,0,101,0,0,4,0,4,52,47,6,0,105,22,0,22,127
01/28/2019,ALB,NY,AEA,EN,Combined TRACON& Tower with Radar,53,50,9,2,114,0,8,43,6,57,53,58,52,8,171,18,4,22,193
01/29/2019,ALB,NY,AEA,EN,Combined TRACON& Tower with Radar,58,56,8,0,122,0,0,0,0,0,58,56,8,0,122,0,0,0,122
01/30/2019,ALB,NY,AEA,EN,Combined TRACON& Tower with Radar,58,51,11,1,121,0,1,7,1,9,58,52,18,2,130,0,0,0,130
01/31/2019,ALB,NY,AEA,EN,Combined TRACON& Tower with Radar,54,54,9,2,119,0,5,11,8,24,54,59,20,10,143,12,0,12,155
02/01/2019,ALB,NY,AEA,EN,Combined TRACON& Tower with Radar,62,49,13,2,126,0,16,30,4,50,62,65,43,6,176,34,0,34,210
02/02/2019,ALB,NY,AEA,EN,Combined TRACON& Tower with Radar,63,38,6,0,107,0,5,17,6,28,63,43,23,6,135,32,0,32,167
02/03/2019,ALB,NY,AEA,EN,Combined TRACON& Tower with Radar,44,53,5,0,102,0,0,10,0,10,44,53,15,0,112,27,0,27,139
02/04/2019,ALB,NY,AEA,EN,Combined TRACON& Tower with Radar,61,57,18,0,136,0,2,29,0,31,61,59,47,0,167,34,0,34,201
02/05/2019,ALB,NY,AEA,EN,Combined TRACON& Tower with Radar,56,74,13,1,144,0,2,8,20,30,56,76,21,21,174,6,18,24,198
02/06/2019,ALB,NY,AEA,EN,Combined TRACON& Tower with Radar,59,60,12,0,131,0,4,8,0,12,59,64,20,0,143,2,2,4,147
02/07/2019,ALB,NY,AEA,EN,Combined TRACON& Tower with Radar,65,63,16,0,144,0,0,1,11,12,65,63,17,11,156,6,0,6,162
02/08/2019,ALB,NY,AEA,EN,Combined TRACON& Tower with Radar,65,62,17,1,145,0,0,4,6,10,65,62,21,7,155,18,4,22,177
02/09/2019,ALB,NY,AEA,EN,Combined TRACON& Tower with Radar,60,47,4,0,111,0,5,6,4,15,60,52,10,4,126,10,0,10,136
02/10/2019,ALB,NY,AEA,EN,Combined TRACON& Tower with Radar,52,46,11,3,112,0,4,38,7,49,52,50,49,10,161,54,2,56,217
02/11/2019,ALB,NY,AEA,EN,Combined TRACON& Tower with Radar,58,56,13,2,129,0,5,21,3,29,58,61,34,5,158,10,4,14,172
02/12/2019,ALB,NY,AEA,EN,Combined TRACON& Tower with Radar,41,36,10,0,87,0,1,0,0,1,41,37,10,0,88,0,0,0,88
02/13/2019,ALB,NY,AEA,EN,Combined TRACON& Tower with Radar,60,67,11,2,140,0,1,2,4,7,60,68,13,6,147,0,0,0,147
02/14/2019,ALB,NY,AEA,EN,Combined TRACON& Tower with Radar,62,68,19,5,154,0,2,16,6,24,62,70,35,11,178,12,0,12,190
02/15/2019,ALB,NY,AEA,EN,Combined TRACON& Tower with Radar,71,70,20,2,163,0,0,10,2,12,71,70,30,4,175,9,0,9,184
02/16/2019,ALB,NY,AEA,EN,Combined TRACON& Tower with Radar,67,47,17,0,131,0,2,23,0,25,67,49,40,0,156,30,0,30,186
02/17/2019,ALB,NY,AEA,EN,Combined TRACON& Tower with Radar,49,46,23,0,118,0,11,29,0,40,49,57,52,0,158,28,0,28,186
02/18/2019,ALB,NY,AEA,EN,Combined TRACON& Tower with Radar,61,57,9,2,129,0,0,0,0,0,61,57,9,2,129,0,0,0,129
02/19/2019,ALB,NY,AEA,EN,Combined TRACON& Tower with Radar,64,61,15,6,146,0,10,24,4,38,64,71,39,10,184,0,0,0,184
02/20/2019,ALB,NY,AEA,EN,Combined TRACON& Tower with Radar,58,67,7,5,137,0,5,9,5,19,58,72,16,10,156,4,0,4,160
02/21/2019,ALB,NY,AEA,EN,Combined TRACON& Tower with Radar,60,67,8,4,139,0,1,18,12,31,60,68,26,16,170,21,0,21,191
02/22/2019,ALB,NY,AEA,EN,Combined TRACON& Tower with Radar,68,73,21,2,164,0,3,27,2,32,68,76,48,4,196,52,0,52,248
02/23/2019,ALB,NY,AEA,EN,Combined TRACON& Tower with Radar,71,44,11,1,127,0,11,34,1,46,71,55,45,2,173,23,0,23,196
02/24/2019,ALB,NY,AEA,EN,Combined TRACON& Tower with Radar,55,56,6,0,117,0,0,0,0,0,55,56,6,0,117,6,0,6,123
02/25/2019,ALB,NY,AEA,EN,Combined TRACON& Tower with Radar,58,29,12,0,99,0,0,0,0,0,58,29,12,0,99,0,0,0,99
02/26/2019,ALB,NY,AEA,EN,Combined TRACON& Tower with Radar,64,60,12,0,136,0,5,6,2,13,64,65,18,2,149,2,2,4,153
02/27/2019,ALB,NY,AEA,EN,Combined TRACON& Tower with Radar,70,62,20,15,167,0,5,8,3,16,70,67,28,18,183,16,10,26,209
02/28/2019,ALB,NY,AEA,EN,Combined TRACON& Tower with Radar,62,67,6,1,136,0,8,16,8,32,62,75,22,9,168,8,0,8,176
03/01/2019,ALB,NY,AEA,EN,Combined TRACON& Tower with Radar,70,53,15,2,140,0,13,31,8,52,70,66,46,10,192,24,0,24,216
03/02/2019,ALB,NY,AEA,EN,Combined TRACON& Tower with Radar,66,53,15,0,134,0,0,13,0,13,66,53,28,0,147,18,2,20,167
03/03/2019,ALB,NY,AEA,EN,Combined TRACON& Tower with Radar,48,57,11,6,122,0,0,19,11,30,48,57,30,17,152,34,26,60,212
03/04/2019,ALB,NY,AEA,EN,Combined TRACON& Tower with Radar,63,66,8,20,157,0,2,9,13,24,63,68,17,33,181,15,36,51,232
03/05/2019,ALB,NY,AEA,EN,Combined TRACON& Tower with Radar,66,65,9,10,150,0,4,23,22,49,66,69,32,32,199,31,56,87,286
03/06/2019,ALB,NY,AEA,EN,Combined TRACON& Tower with Radar,69,62,12,15,158,0,1,17,17,35,69,63,29,32,193,6,50,56,249
03/07/2019,ALB,NY,AEA,EN,Combined TRACON& Tower with Radar,71,62,19,16,168,0,5,16,27,48,71,67,35,43,216,56,26,82,298
03/08/2019,ALB,NY,AEA,EN,Combined TRACON& Tower with Radar,76,54,19,1,150,0,16,34,3,53,76,70,53,4,203,46,4,50,253
03/09/2019,ALB,NY,AEA,EN,Combined TRACON& Tower with Radar,63,42,10,1,116,0,13,37,3,53,63,55,47,4,169,52,0,52,221
03/10/2019,ALB,NY,AEA,EN,Combined TRACON& Tower with Radar,61,50,6,0,117,0,0,3,0,3,61,50,9,0,120,16,0,16,136
03/11/2019,ALB,NY,AEA,EN,Combined TRACON& Tower with Radar,71,64,6,13,154,0,0,13,21,34,71,64,19,34,188,24,44,68,256
03/12/2019,ALB,NY,AEA,EN,Combined TRACON& Tower with Radar,69,66,10,8,153,0,3,12,15,30,69,69,22,23,183,16,48,64,247
03/13/2019,ALB,NY,AEA,EN,Combined TRACON& Tower with Radar,71,57,16,15,159,0,11,11,26,48,71,68,27,41,207,26,30,56,263
03/14/2019,ALB,NY,AEA,EN,Combined TRACON& Tower with Radar,71,66,16,3,156,0,3,21,21,45,71,69,37,24,201,38,40,78,279
03/15/2019,ALB,NY,AEA,EN,Combined TRACON& Tower with Radar,84,67,16,10,177,0,3,4,2,9,84,70,20,12,186,32,30,62,248
03/16/2019,ALB,NY,AEA,EN,Combined TRACON& Tower with Radar,66,49,5,0,120,0,2,3,0,5,66,51,8,0,125,10,0,10,135
03/17/2019,ALB,NY,AEA,EN,Combined TRACON& Tower with Radar,60,58,12,0,130,0,4,19,0,23,60,62,31,0,153,0,0,0,153
03/18/2019,ALB,NY,AEA,EN,Combined TRACON& Tower with Radar,69,66,24,4,163,0,2,26,6,34,69,68,50,10,197,20,34,54,251
03/19/2019,ALB,NY,AEA,EN,Combined TRACON& Tower with Radar,71,62,20,11,164,0,8,26,10,44,71,70,46,21,208,26,4,30,238
03/20/2019,ALB,NY,AEA,EN,Combined TRACON& Tower with Radar,74,62,19,11,166,0,12,42,19,73,74,74,61,30,239,46,54,100,339
03/21/2019,ALB,NY,AEA,EN,Combined TRACON& Tower with Radar,69,73,15,19,176,0,1,3,15,19,69,74,18,34,195,11,27,38,233
03/22/2019,ALB,NY,AEA,EN,Combined TRACON& Tower with Radar,74,69,9,0,152,0,0,0,0,0,74,69,9,0,152,14,0,14,166
03/23/2019,ALB,NY,AEA,EN,Combined TRACON& Tower with Radar,68,44,6,0,118,0,6,2,0,8,68,50,8,0,126,0,0,0,126
03/24/2019,ALB,NY,AEA,EN,Combined TRACON& Tower with Radar,61,46,20,0,127,0,10,41,0,51,61,56,61,0,178,34,0,34,212
03/25/2019,ALB,NY,AEA,EN,Combined TRACON& Tower with Radar,67,53,10,7,137,0,11,18,17,46,67,64,28,24,183,8,32,40,223
03/26/2019,ALB,NY,AEA,EN,Combined TRACON& Tower with Radar,74,55,28,10,167,0,14,28,12,54,74,69,56,22,221,44,13,57,278
03/27/2019,ALB,NY,AEA,EN,Combined TRACON& Tower with Radar,74,62,14,13,163,0,12,46,12,70,74,74,60,25,233,41,0,41,274
03/28/2019,ALB,NY,AEA,EN,Combined TRACON& Tower with Radar,76,66,14,14,170,0,10,18,32,60,76,76,32,46,230,4,54,58,288
03/29/2019,ALB,NY,AEA,EN,Combined TRACON& Tower with Radar,75,69,23,1,168,0,0,3,2,5,75,69,26,3,173,32,0,32,205
03/30/2019,ALB,NY,AEA,EN,Combined TRACON& Tower with Radar,70,46,12,0,128,0,8,21,0,29,70,54,33,0,157,24,0,24,181
03/31/2019,ALB,NY,AEA,EN,Combined TRACON& Tower with Radar,64,63,3,0,130,0,0,3,0,3,64,63,6,0,133,6,0,6,139
04/01/2019,ALB,NY,AEA,EN,Combined TRACON& Tower with Radar,77,48,12,0,137,0,5,24,0,29,77,53,36,0,166,14,6,20,186
04/02/2019,ALB,NY,AEA,EN,Combined TRACON& Tower with Radar,76,52,9,1,138,0,13,20,6,39,76,65,29,7,177,31,0,31,208
04/03/2019,ALB,NY,AEA,EN,Combined TRACON& Tower with Radar,78,67,12,2,159,0,1,12,2,15,78,68,24,4,174,20,0,20,194
04/04/2019,ALB,NY,AEA,EN,Combined TRACON& Tower with Radar,75,56,13,2,146,0,12,27,17,56,75,68,40,19,202,6,2,8,210
04/05/2019,ALB,NY,AEA,EN,Combined TRACON& Tower with Radar,77,62,7,22,168,0,5,5,7,17,77,67,12,29,185,24,24,48,233
04/06/2019,ALB,NY,AEA,EN,Combined TRACON& Tower with Radar,69,45,16,1,131,0,1,8,7,16,69,46,24,8,147,53,0,53,200
04/07/2019,ALB,NY,AEA,EN,Combined TRACON& Tower with Radar,63,39,13,0,115,0,10,41,7,58,63,49,54,7,173,38,0,38,211
04/08/2019,ALB,NY,AEA,EN,Combined TRACON& Tower with Radar,75,64,17,8,164,0,0,3,5,8,75,64,20,13,172,10,16,26,198
04/09/2019,ALB,NY,AEA,EN,Combined TRACON& Tower with Radar,68,68,16,10,162,0,0,8,3,11,68,68,24,13,173,0,14,14,187
04/10/2019,ALB,NY,AEA,EN,Combined TRACON& Tower with Radar,68,73,16,2,159,0,0,18,19,37,68,73,34,21,196,18,6,24,220
04/11/2019,ALB,NY,AEA,EN,Combined TRACON& Tower with Radar,76,54,19,2,151,0,11,33,9,53,76,65,52,11,204,29,12,41,245
04/12/2019,ALB,NY,AEA,EN,Combined TRACON& Tower with Radar,74,64,25,2,165,0,0,3,0,3,74,64,28,2,168,14,0,14,182
04/13/2019,ALB,NY,AEA,EN,Combined TRACON& Tower with Radar,63,40,28,0,131,0,8,30,0,38,63,48,58,0,169,28,2,30,199
04/14/2019,ALB,NY,AEA,EN,Combined TRACON& Tower with Radar,64,49,21,0,134,0,7,25,1,33,64,56,46,1,167,38,0,38,205
04/15/2019,ALB,NY,AEA,EN,Combined TRACON& Tower with Radar,83,59,11,7,160,0,0,3,6,9,83,59,14,13,169,18,24,42,211
04/16/2019,ALB,NY,AEA,EN,Combined TRACON& Tower with Radar,71,58,11,2,142,0,10,22,8,40,71,68,33,10,182,18,3,21,203
04/17/2019,ALB,NY,AEA,EN,Combined TRACON& Tower with Radar,72,59,25,15,171,0,12,35,27,74,72,71,60,42,245,36,58,94,339
04/18/2019,ALB,NY,AEA,EN,Combined TRACON& Tower with Radar,79,72,13,35,199,0,0,8,15,23,79,72,21,50,222,10,12,22,244
04/19/2019,ALB,NY,AEA,EN,Combined TRACON& Tower with Radar,77,60,17,1,155,0,0,9,9,18,77,60,26,10,173,10,22,32,205
04/20/2019,ALB,NY,AEA,EN,Combined TRACON& Tower with Radar,67,44,11,0,122,0,0,1,0,1,67,44,12,0,123,11,0,11,134
04/21/2019,ALB,NY,AEA,EN,Combined TRACON& Tower with Radar,60,54,10,0,124,0,0,15,0,15,60,54,25,0,139,36,0,36,175
04/22/2019,ALB,NY,AEA,EN,Combined TRACON& Tower with Radar,71,57,24,0,152,0,2,20,0,22,71,59,44,0,174,17,0,17,191
04/23/2019,ALB,NY,AEA,EN,Combined TRACON& Tower with Radar,71,64,9,2,146,0,7,31,8,46,71,71,40,10,192,47,2,49,241
04/24/2019,ALB,NY,AEA,EN,Combined TRACON& Tower with Radar,71,67,22,8,168,0,0,15,6,21,71,67,37,14,189,10,2,12,201
04/25/2019,ALB,NY,AEA,EN,Combined TRACON& Tower with Radar,75,61,23,0,159,0,9,42,3,54,75,70,65,3,213,43,0,43,256
04/26/2019,ALB,NY,AEA,EN,Combined TRACON& Tower with Radar,75,58,12,0,145,0,0,0,0,0,75,58,12,0,145,18,0,18,163
04/27/2019,ALB,NY,AEA,EN,Combined TRACON& Tower with Radar,61,43,7,0,111,0,0,7,2,9,61,43,14,2,120,32,0,32,152
04/28/2019,ALB,NY,AEA,EN,Combined TRACON& Tower with Radar,65,72,7,0,144,0,2,7,0,9,65,74,14,0,153,52,0,52,205
04/29/2019,ALB,NY,AEA,EN,Combined TRACON& Tower with Radar,71,54,24,0,149,0,11,41,0,52,71,65,65,0,201,36,0,36,237
04/30/2019,ALB,NY,AEA,EN,Combined TRACON& Tower with Radar,75,64,12,10,161,0,0,5,1,6,75,64,17,11,167,6,4,10,177
05/01/2019,ALB,NY,AEA,EN,Combined TRACON& Tower with Radar,64,66,21,14,165,0,2,14,7,23,64,68,35,21,188,24,22,46,234
05/02/2019,ALB,NY,AEA,EN,Combined TRACON& Tower with Radar,79,60,23,8,170,0,0,4,12,16,79,60,27,20,186,17,14,31,217
05/03/2019,ALB,NY,AEA,EN,Combined TRACON& Tower with Radar,75,46,22,5,148,0,0,0,3,3,75,46,22,8,151,27,12,39,190
05/04/2019,ALB,NY,AEA,EN,Combined TRACON& Tower with Radar,60,39,22,1,122,0,0,26,14,40,60,39,48,15,162,24,0,24,186
05/05/2019,ALB,NY,AEA,EN,Combined TRACON& Tower with Radar,68,48,24,5,145,0,0,5,1,6,68,48,29,6,151,32,0,32,183
05/06/2019,ALB,NY,AEA,EN,Combined TRACON& Tower with Radar,67,49,35,6,157,0,0,45,1,46,67,49,80,7,203,85,8,93,296
05/07/2019,ALB,NY,AEA,EN,Combined TRACON& Tower with Radar,75,59,28,6,168,0,1,27,2,30,75,60,55,8,198,30,4,34,232
05/08/2019,ALB,NY,AEA,EN,Combined TRACON& Tower with Radar,68,56,19,11,154,0,5,49,13,67,68,61,68,24,221,62,14,76,297
05/09/2019,ALB,NY,AEA,EN,Combined TRACON& Tower with Radar,79,62,27,11,179,0,1,31,18,50,79,63,58,29,229,36,12,48,277
05/10/2019,ALB,NY,AEA,EN,Combined TRACON& Tower with Radar,71,52,20,3,146,0,0,7,0,7,71,52,27,3,153,12,0,12,165
05/11/2019,ALB,NY,AEA,EN,Combined TRACON& Tower with Radar,59,41,15,0,115,0,2,32,2,36,59,43,47,2,151,19,2,21,172
05/12/2019,ALB,NY,AEA,EN,Combined TRACON& Tower with Radar,70,40,12,0,122,0,0,2,0,2,70,40,14,0,124,20,0,20,144
05/13/2019,ALB,NY,AEA,EN,Combined TRACON& Tower with Radar,63,57,18,20,158,0,0,0,6,6,63,57,18,26,164,2,28,30,194
05/14/2019,ALB,NY,AEA,EN,Combined TRACON& Tower with Radar,75,54,25,42,196,0,0,2,0,2,75,54,27,42,198,6,46,52,250
05/15/2019,ALB,NY,AEA,EN,Combined TRACON& Tower with Radar,68,62,25,7,162,0,1,32,11,44,68,63,57,18,206,32,14,46,252
05/16/2019,ALB,NY,AEA,EN,Combined TRACON& Tower with Radar,74,57,19,4,154,0,2,37,12,51,74,59,56,16,205,28,2,30,235
05/17/2019,ALB,NY,AEA,EN,Combined TRACON& Tower with Radar,74,51,21,3,149,0,3,21,4,28,74,54,42,7,177,0,0,0,177
05/18/2019,ALB,NY,AEA,EN,Combined TRACON& Tower with Radar,54,39,11,0,104,0,0,49,0,49,54,39,60,0,153,42,0,42,195
05/19/2019,ALB,NY,AEA,EN,Combined TRACON& Tower with Radar,71,36,25,1,133,0,3,14,1,18,71,39,39,2,151,34,0,34,185
05/20/2019,ALB,NY,AEA,EN,Combined TRACON& Tower with Radar,65,48,23,0,136,0,0,14,0,14,65,48,37,0,150,36,0,36,186
05/21/2019,ALB,NY,AEA,EN,Combined TRACON& Tower with Radar,78,60,21,3,162,0,1,26,8,35,78,61,47,11,197,16,8,24,221
05/22/2019,ALB,NY,AEA,EN,Combined TRACON& Tower with Radar,68,52,14,1,135,0,3,42,15,60,68,55,56,16,195,38,10,48,243
05/23/2019,ALB,NY,AEA,EN,Combined TRACON& Tower with Radar,78,61,29,9,177,0,2,16,16,34,78,63,45,25,211,26,0,26,237
05/24/2019,ALB,NY,AEA,EN,Combined TRACON& Tower with Radar,72,48,17,0,137,0,0,19,0,19,72,48,36,0,156,14,0,14,170
05/25/2019,ALB,NY,AEA,EN,Combined TRACON& Tower with Radar,60,45,9,0,114,0,0,22,0,22,60,45,31,0,136,32,0,32,168
05/26/2019,ALB,NY,AEA,EN,Combined TRACON& Tower with Radar,61,32,9,0,102,0,3,21,1,25,61,35,30,1,127,38,0,38,165
05/27/2019,ALB,NY,AEA,EN,Combined TRACON& Tower with Radar,64,39,19,0,122,0,1,36,0,37,64,40,55,0,159,46,0,46,205
05/28/2019,ALB,NY,AEA,EN,Combined TRACON& Tower with Radar,71,43,9,12,135,0,0,4,3,7,71,43,13,15,142,8,0,8,150
05/29/2019,ALB,NY,AEA,EN,Combined TRACON& Tower with Radar,76,54,17,4,151,0,1,11,10,22,76,55,28,14,173,26,0,26,199
05/30/2019,ALB,NY,AEA,EN,Combined TRACON& Tower with Radar,84,56,28,5,173,0,0,9,12,21,84,56,37,17,194,30,0,30,224
05/31/2019,ALB,NY,AEA,EN,Combined TRACON& Tower with Radar,74,57,18,0,149,0,0,43,4,47,74,57,61,4,196,56,2,58,254
06/01/2019,ALB,NY,AEA,EN,Combined TRACON& Tower with Radar,55,45,5,1,106,0,0,36,6,42,55,45,41,7,148,34,0,34,182
06/02/2019,ALB,NY,AEA,EN,Combined TRACON& Tower with Radar,70,42,17,2,131,0,0,8,4,12,70,42,25,6,143,28,26,54,197
06/03/2019,ALB,NY,AEA,EN,Combined TRACON& Tower with Radar,67,53,23,2,145,0,1,35,18,54,67,54,58,20,199,0,0,0,199
06/04/2019,ALB,NY,AEA,EN,Combined TRACON& Tower with Radar,75,56,24,8,163,0,2,24,7,33,75,58,48,15,196,12,8,20,216
06/05/2019,ALB,NY,AEA,EN,Combined TRACON& Tower with Radar,70,61,19,9,159,0,0,14,13,27,70,61,33,22,186,32,34,66,252
06/06/2019,ALB,NY,AEA,EN,Combined TRACON& Tower with Radar,85,52,31,3,171,0,1,24,17,42,85,53,55,20,213,44,2,46,259
06/07/2019,ALB,NY,AEA,EN,Combined TRACON& Tower with Radar,70,53,24,2,149,0,1,38,8,47,70,54,62,10,196,26,2,28,224
06/08/2019,ALB,NY,AEA,EN,Combined TRACON& Tower with Radar,64,38,11,1,114,0,1,38,7,46,64,39,49,8,160,43,0,43,203
06/09/2019,ALB,NY,AEA,EN,Combined TRACON& Tower with Radar,68,50,22,1,141,0,2,37,6,45,68,52,59,7,186,54,0,54,240
06/10/2019,ALB,NY,AEA,EN,Combined TRACON& Tower with Radar,81,41,19,14,155,0,2,7,13,22,81,43,26,27,177,8,30,38,215
06/11/2019,ALB,NY,AEA,EN,Combined TRACON& Tower with Radar,82,56,10,7,155,0,2,15,8,25,82,58,25,15,180,14,4,18,198
06/12/2019,ALB,NY,AEA,EN,Combined TRACON& Tower with Radar,76,51,24,8,159,0,5,54,25,84,76,56,78,33,243,80,10,90,333
06/13/2019,ALB,NY,AEA,EN,Combined TRACON& Tower with Radar,87,41,21,8,157,0,1,2,10,13,87,42,23,18,170,4,6,10,180
06/14/2019,ALB,NY,AEA,EN,Combined TRACON& Tower with Radar,75,44,31,0,150,0,1,29,0,30,75,45,60,0,180,16,0,16,196
06/15/2019,ALB,NY,AEA,EN,Combined TRACON& Tower with Radar,74,28,15,4,121,0,1,41,4,46,74,29,56,8,167,48,0,48,215
06/16/2019,ALB,NY,AEA,EN,Combined TRACON& Tower with Radar,77,35,14,1,127,0,0,1,0,1,77,35,15,1,128,0,0,0,128
06/17/2019,ALB,NY,AEA,EN,Combined TRACON& Tower with Radar,71,51,17,0,139,0,0,28,3,31,71,51,45,3,170,28,6,34,204
06/18/2019,ALB,NY,AEA,EN,Combined TRACON& Tower with Radar,83,50,26,3,162,0,0,10,1,11,83,50,36,4,173,18,0,18,191
06/19/2019,ALB,NY,AEA,EN,Combined TRACON& Tower with Radar,78,47,25,11,161,0,0,6,11,17,78,47,31,22,178,28,4,32,210
06/20/2019,ALB,NY,AEA,EN,Combined TRACON& Tower with Radar,91,59,20,0,170,0,0,1,2,3,91,59,21,2,173,28,0,28,201
06/21/2019,ALB,NY,AEA,EN,Combined TRACON& Tower with Radar,78,48,28,0,154,0,1,24,5,30,78,49,52,5,184,33,0,33,217
06/22/2019,ALB,NY,AEA,EN,Combined TRACON& Tower with Radar,63,29,10,0,102,0,1,32,2,35,63,30,42,2,137,81,0,81,218
06/23/2019,ALB,NY,AEA,EN,Combined TRACON& Tower with Radar,76,40,17,0,133,0,0,54,0,54,76,40,71,0,187,82,0,82,269
06/24/2019,ALB,NY,AEA,EN,Combined TRACON& Tower with Radar,78,39,30,10,157,0,2,57,4,63,78,41,87,14,220,78,16,94,314
06/25/2019,ALB,NY,AEA,EN,Combined TRACON& Tower with Radar,82,57,17,0,156,0,1,6,5,12,82,58,23,5,168,32,8,40,208
06/26/2019,ALB,NY,AEA,EN,Combined TRACON& Tower with Radar,77,55,30,0,162,0,1,39,7,47,77,56,69,7,209,30,0,30,239
06/27/2019,ALB,NY,AEA,EN,Combined TRACON& Tower with Radar,86,48,24,14,172,0,2,39,6,47,86,50,63,20,219,26,12,38,257
06/28/2019,ALB,NY,AEA,EN,Combined TRACON& Tower with Radar,76,50,29,1,156,0,1,39,3,43,76,51,68,4,199,24,0,24,223
06/29/2019,ALB,NY,AEA,EN,Combined TRACON& Tower with Radar,73,44,10,0,127,0,1,28,2,31,73,45,38,2,158,42,0,42,200
06/30/2019,ALB,NY,AEA,EN,Combined TRACON& Tower with Radar,71,39,23,0,133,0,3,15,0,18,71,42,38,0,151,16,0,16,167
07/01/2019,ALB,NY,AEA,EN,Combined TRACON& Tower with Radar,72,47,23,2,144,0,8,18,1,27,72,55,41,3,171,39,0,39,210
07/02/2019,ALB,NY,AEA,EN,Combined TRACON& Tower with Radar,77,45,8,14,144,0,6,26,25,57,77,51,34,39,201,42,50,92,293
07/03/2019,ALB,NY,AEA,EN,Combined TRACON& Tower with Radar,72,44,14,25,155,0,4,39,9,52,72,48,53,34,207,10,30,40,247
07/04/2019,ALB,NY,AEA,EN,Combined TRACON& Tower with Radar,59,29,17,0,105,0,4,48,0,52,59,33,65,0,157,50,0,50,207
07/05/2019,ALB,NY,AEA,EN,Combined TRACON& Tower with Radar,59,39,14,0,112,0,4,20,2,26,59,43,34,2,138,32,0,32,170
07/06/2019,ALB,NY,AEA,EN,Combined TRACON& Tower with Radar,68,29,16,0,113,0,0,14,0,14,68,29,30,0,127,39,0,39,166
07/07/2019,ALB,NY,AEA,EN,Combined TRACON& Tower with Radar,75,39,29,0,143,0,5,33,2,40,75,44,62,2,183,52,0,52,235
07/08/2019,ALB,NY,AEA,EN,Combined TRACON& Tower with Radar,73,42,13,0,128,0,3,37,3,43,73,45,50,3,171,27,0,27,198
07/09/2019,ALB,NY,AEA,EN,Combined TRACON& Tower with Radar,83,48,19,8,158,0,8,31,7,46,83,56,50,15,204,30,0,30,234
07/10/2019,ALB,NY,AEA,EN,Combined TRACON& Tower with Radar,77,46,12,14,149,0,7,55,35,97,77,53,67,49,246,53,22,75,321
07/11/2019,ALB,NY,AEA,EN,Combined TRACON& Tower with Radar,87,54,26,7,174,0,5,19,18,42,87,59,45,25,216,21,20,41,257
07/12/2019,ALB,NY,AEA,EN,Combined TRACON& Tower with Radar,75,56,20,1,152,0,0,20,8,28,75,56,40,9,180,14,0,14,194
07/13/2019,ALB,NY,AEA,EN,Combined TRACON& Tower with Radar,67,39,13,6,125,0,4,32,0,36,67,43,45,6,161,76,6,82,243
07/14/2019,ALB,NY,AEA,EN,Combined TRACON& Tower with Radar,76,35,13,4,128,0,7,40,3,50,76,42,53,7,178,34,14,48,226
07/15/2019,ALB,NY,AEA,EN,Combined TRACON& Tower with Radar,69,38,11,19,137,0,7,30,5,42,69,45,41,24,179,52,16,68,247
07/16/2019,ALB,NY,AEA,EN,Combined TRACON& Tower with Radar,85,49,9,7,150,0,4,34,7,45,85,53,43,14,195,15,0,15,210
07/17/2019,ALB,NY,AEA,EN,Combined TRACON& Tower with Radar,77,44,25,0,146,0,3,7,7,17,77,47,32,7,163,2,0,2,165
07/18/2019,ALB,NY,AEA,EN,Combined TRACON& Tower with Radar,78,51,38,5,172,0,0,12,9,21,78,51,50,14,193,20,2,22,215
07/19/2019,ALB,NY,AEA,EN,Combined TRACON& Tower with Radar,81,52,20,1,154,0,1,17,0,18,81,53,37,1,172,40,0,40,212
07/20/2019,ALB,NY,AEA,EN,Combined TRACON& Tower with Radar,64,39,25,5,133,0,2,20,1,23,64,41,45,6,156,60,0,60,216
07/21/2019,ALB,NY,AEA,EN,Combined TRACON& Tower with Radar,78,35,19,5,137,0,2,31,4,37,78,37,50,9,174,44,0,44,218
07/22/2019,ALB,NY,AEA,EN,Combined TRACON& Tower with Radar,81,43,27,1,152,0,2,8,0,10,81,45,35,1,162,10,0,10,172
07/23/2019,ALB,NY,AEA,EN,Combined TRACON& Tower with Radar,80,62,23,21,186,0,2,24,18,44,80,64,47,39,230,33,58,91,321
07/24/2019,ALB,NY,AEA,EN,Combined TRACON& Tower with Radar,81,49,24,10,164,0,5,62,15,82,81,54,86,25,246,90,26,116,362
07/25/2019,ALB,NY,AEA,EN,Combined TRACON& Tower with Radar,87,48,19,7,161,0,6,40,14,60,87,54,59,21,221,37,32,69,290
07/26/2019,ALB,NY,AEA,EN,Combined TRACON& Tower with Radar,73,51,28,0,152,0,8,43,2,53,73,59,71,2,205,60,0,60,265
07/27/2019,ALB,NY,AEA,EN,Combined TRACON& Tower with Radar,68,36,16,0,120,0,4,33,4,41,68,40,49,4,161,72,0,72,233
07/28/2019,ALB,NY,AEA,EN,Combined TRACON& Tower with Radar,72,40,26,3,141,0,0,39,2,41,72,40,65,5,182,52,4,56,238
07/29/2019,ALB,NY,AEA,EN,Combined TRACON& Tower with Radar,71,46,21,0,138,0,1,19,2,22,71,47,40,2,160,12,0,12,172
07/30/2019,ALB,NY,AEA,EN,Combined TRACON& Tower with Radar,88,50,24,1,163,0,3,21,5,29,88,53,45,6,192,44,20,64,256
07/31/2019,ALB,NY,AEA,EN,Combined TRACON& Tower with Radar,89,53,20,18,180,0,3,8,6,17,89,56,28,24,197,24,70,94,291
08/01/2019,ALB,NY,AEA,EN,Combined TRACON& Tower with Radar,86,50,35,1,172,0,8,54,8,70,86,58,89,9,242,59,0,59,301
08/02/2019,ALB,NY,AEA,EN,Combined TRACON& Tower with Radar,76,50,30,0,156,0,8,38,0,46,76,58,68,0,202,58,0,58,260
08/03/2019,ALB,NY,AEA,EN,Combined TRACON& Tower with Radar,65,39,21,3,128,0,1,21,3,25,65,40,42,6,153,30,0,30,183
08/04/2019,ALB,NY,AEA,EN,Combined TRACON& Tower with Radar,75,47,31,4,157,0,2,36,9,47,75,49,67,13,204,78,8,86,290
08/05/2019,ALB,NY,AEA,EN,Combined TRACON& Tower with Radar,75,44,18,0,137,0,6,50,0,56,75,50,68,0,193,64,0,64,257
08/06/2019,ALB,NY,AEA,EN,Combined TRACON& Tower with Radar,77,53,17,0,147,0,4,31,2,37,77,57,48,2,184,32,0,32,216
08/07/2019,ALB,NY,AEA,EN,Combined TRACON& Tower with Radar,74,64,34,0,172,0,1,13,4,18,74,65,47,4,190,9,0,9,199
08/08/2019,ALB,NY,AEA,EN,Combined TRACON& Tower with Radar,88,65,27,0,180,0,3,19,5,27,88,68,46,5,207,10,10,20,227
08/09/2019,ALB,NY,AEA,EN,Combined TRACON& Tower with Radar,72,58,37,2,169,0,2,36,2,40,72,60,73,4,209,36,0,36,245
08/10/2019,ALB,NY,AEA,EN,Combined TRACON& Tower with Radar,65,43,20,2,130,0,2,25,1,28,65,45,45,3,158,59,0,59,217
08/11/2019,ALB,NY,AEA,EN,Combined TRACON& Tower with Radar,74,43,24,0,141,0,3,30,0,33,74,46,54,0,174,60,0,60,234
08/12/2019,ALB,NY,AEA,EN,Combined TRACON& Tower with Radar,72,48,28,7,155,0,5,33,8,46,72,53,61,15,201,14,2,16,217
08/13/2019,ALB,NY,AEA,EN,Combined TRACON& Tower with Radar,81,53,16,0,150,0,0,16,1,17,81,53,32,1,167,18,0,18,185
08/14/2019,ALB,NY,AEA,EN,Combined TRACON& Tower with Radar,80,58,32,0,170,0,1,38,22,61,80,59,70,22,231,45,0,45,276
08/15/2019,ALB,NY,AEA,EN,Combined TRACON& Tower with Radar,78,39,26,9,152,0,0,27,15,42,78,39,53,24,194,30,34,64,258
08/16/2019,ALB,NY,AEA,EN,Combined TRACON& Tower with Radar,82,55,25,0,162,0,0,15,0,15,82,55,40,0,177,20,0,20,197
08/17/2019,ALB,NY,AEA,EN,Combined TRACON& Tower with Radar,68,38,17,0,123,0,0,6,0,6,68,38,23,0,129,10,0,10,139
08/18/2019,ALB,NY,AEA,EN,Combined TRACON& Tower with Radar,63,43,21,0,127,0,0,7,0,7,63,43,28,0,134,10,0,10,144
08/19/2019,ALB,NY,AEA,EN,Combined TRACON& Tower with Radar,73,39,31,1,144,0,2,17,5,24,73,41,48,6,168,28,0,28,196
08/20/2019,ALB,NY,AEA,EN,Combined TRACON& Tower with Radar,79,46,23,11,159,0,9,58,17,84,79,55,81,28,243,44,28,72,315
08/21/2019,ALB,NY,AEA,EN,Combined TRACON& Tower with Radar,75,48,23,9,155,0,2,6,6,14,75,50,29,15,169,6,0,6,175
08/22/2019,ALB,NY,AEA,EN,Combined TRACON& Tower with Radar,85,53,26,18,182,0,2,29,23,54,85,55,55,41,236,8,38,46,282
08/23/2019,ALB,NY,AEA,EN,Combined TRACON& Tower with Radar,75,51,23,3,152,0,5,50,1,56,75,56,73,4,208,52,0,52,260
08/24/2019,ALB,NY,AEA,EN,Combined TRACON& Tower with Radar,61,33,26,3,123,0,4,56,5,65,61,37,82,8,188,52,2,54,242
08/25/2019,ALB,NY,AEA,EN,Combined TRACON& Tower with Radar,66,43,31,2,142,0,2,50,4,56,66,45,81,6,198,46,0,46,244
08/26/2019,ALB,NY,AEA,EN,Combined TRACON& Tower with Radar,75,49,37,8,169,0,11,49,11,71,75,60,86,19,240,58,22,80,320
08/27/2019,ALB,NY,AEA,EN,Combined TRACON& Tower with Radar,78,48,16,9,151,0,6,39,15,60,78,54,55,24,211,29,12,41,252
08/28/2019,ALB,NY,AEA,EN,Combined TRACON& Tower with Radar,75,48,20,8,151,0,0,15,6,21,75,48,35,14,172,14,23,37,209
08/29/2019,ALB,NY,AEA,EN,Combined TRACON& Tower with Radar,80,56,31,12,179,0,2,39,33,74,80,58,70,45,253,0,0,0,253
08/30/2019,ALB,NY,AEA,EN,Combined TRACON& Tower with Radar,79,54,31,0,164,0,5,34,3,42,79,59,65,3,206,0,0,0,206
08/31/2019,ALB,NY,AEA,EN,Combined TRACON& Tower with Radar,57,29,11,0,97,0,3,43,0,46,57,32,54,0,143,0,0,0,143
09/01/2019,ALB,NY,AEA,EN,Combined TRACON& Tower with Radar,57,28,21,0,106,0,0,42,0,42,57,28,63,0,148,36,0,36,184
09/02/2019,ALB,NY,AEA,EN,Combined TRACON& Tower with Radar,66,37,24,0,127,0,0,4,0,4,66,37,28,0,131,34,0,34,165
09/03/2019,ALB,NY,AEA,EN,Combined TRACON& Tower with Radar,61,47,20,2,130,0,4,37,6,47,61,51,57,8,177,30,0,30,207
09/04/2019,ALB,NY,AEA,EN,Combined TRACON& Tower with Radar,63,52,13,2,130,0,2,18,9,29,63,54,31,11,159,10,10,20,179
09/05/2019,ALB,NY,AEA,EN,Combined TRACON& Tower with Radar,73,48,28,1,150,0,3,41,14,58,73,51,69,15,208,36,0,36,244
09/06/2019,ALB,NY,AEA,EN,Combined TRACON& Tower with Radar,65,41,19,2,127,0,0,27,6,33,65,41,46,8,160,38,0,38,198
09/07/2019,ALB,NY,AEA,EN,Combined TRACON& Tower with Radar,52,34,14,4,104,0,2,35,4,41,52,36,49,8,145,38,0,38,183
09/08/2019,ALB,NY,AEA,EN,Combined TRACON& Tower with Radar,65,37,18,3,123,0,0,34,1,35,65,37,52,4,158,45,0,45,203
09/09/2019,ALB,NY,AEA,EN,Combined TRACON& Tower with Radar,68,42,14,1,125,0,1,25,2,28,68,43,39,3,153,20,0,20,173
09/10/2019,ALB,NY,AEA,EN,Combined TRACON& Tower with Radar,61,59,20,24,164,0,1,17,4,22,61,60,37,28,186,38,0,38,224
09/11/2019,ALB,NY,AEA,EN,Combined TRACON& Tower with Radar,64,43,11,14,132,0,0,23,9,32,64,43,34,23,164,22,18,40,204
09/12/2019,ALB,NY,AEA,EN,Combined TRACON& Tower with Radar,74,60,18,6,158,0,1,8,8,17,74,61,26,14,175,8,0,8,183
09/13/2019,ALB,NY,AEA,EN,Combined TRACON& Tower with Radar,74,52,17,0,143,0,0,40,0,40,74,52,57,0,183,53,2,55,238
09/14/2019,ALB,NY,AEA,EN,Combined TRACON& Tower with Radar,54,31,10,1,96,0,0,5,3,8,54,31,15,4,104,9,0,9,113
09/15/2019,ALB,NY,AEA,EN,Combined TRACON& Tower with Radar,65,38,12,0,115,0,2,36,0,38,65,40,48,0,153,34,0,34,187
09/16/2019,ALB,NY,AEA,EN,Combined TRACON& Tower with Radar,68,46,20,0,134,0,0,36,4,40,68,46,56,4,174,64,2,66,240
09/17/2019,ALB,NY,AEA,EN,Combined TRACON& Tower with Radar,63,44,18,0,125,0,0,41,4,45,63,44,59,4,170,44,0,44,214
09/18/2019,ALB,NY,AEA,EN,Combined TRACON& Tower with Radar,64,50,25,16,155,0,2,39,2,43,64,52,64,18,198,52,0,52,250
09/19/2019,ALB,NY,AEA,EN,Combined TRACON& Tower with Radar,75,48,23,3,149,0,4,46,5,55,75,52,69,8,204,40,8,48,252
09/20/2019,ALB,NY,AEA,EN,Combined TRACON& Tower with Radar,72,50,17,3,142,0,1,41,0,42,72,51,58,3,184,21,0,21,205
09/21/2019,ALB,NY,AEA,EN,Combined TRACON& Tower with Radar,56,27,20,0,103,0,0,23,0,23,56,27,43,0,126,46,0,46,172
09/22/2019,ALB,NY,AEA,EN,Combined TRACON& Tower with Radar,66,39,22,0,127,0,1,41,0,42,66,40,63,0,169,54,0,54,223
09/23/2019,ALB,NY,AEA,EN,Combined TRACON& Tower with Radar,67,36,20,0,123,0,0,11,7,18,67,36,31,7,141,26,0,26,167
09/24/2019,ALB,NY,AEA,EN,Combined TRACON& Tower with Radar,68,56,14,11,149,0,3,17,10,30,68,59,31,21,179,28,24,52,231
09/25/2019,ALB,NY,AEA,EN,Combined TRACON& Tower with Radar,65,46,17,20,148,0,0,38,9,47,65,46,55,29,195,38,48,86,281
09/26/2019,ALB,NY,AEA,EN,Combined TRACON& Tower with Radar,78,54,28,5,165,0,0,17,3,20,78,54,45,8,185,14,16,30,215
09/27/2019,ALB,NY,AEA,EN,Combined TRACON& Tower with Radar,68,49,24,0,141,0,3,37,0,40,68,52,61,0,181,46,0,46,227
09/28/2019,ALB,NY,AEA,EN,Combined TRACON& Tower with Radar,52,30,23,0,105,0,1,33,0,34,52,31,56,0,139,20,0,20,159
09/29/2019,ALB,NY,AEA,EN,Combined TRACON& Tower with Radar,59,37,19,0,115,0,7,35,0,42,59,44,54,0,157,48,0,48,205
09/30/2019,ALB,NY,AEA,EN,Combined TRACON& Tower with Radar,71,46,20,0,137,0,0,30,2,32,71,46,50,2,169,28,0,28,197
10/01/2019,ALB,NY,AEA,EN,Combined TRACON& Tower with Radar,66,63,33,0,162,0,0,4,0,4,66,63,37,0,166,16,0,16,182
10/02/2019,ALB,NY,AEA,EN,Combined TRACON& Tower with Radar,72,49,28,8,157,0,0,8,2,10,72,49,36,10,167,12,0,12,179
10/03/2019,ALB,NY,AEA,EN,Combined TRACON& Tower with Radar,80,57,31,2,170,0,0,8,2,10,80,57,39,4,180,26,0,26,206
10/04/2019,ALB,NY,AEA,EN,Combined TRACON& Tower with Radar,78,57,22,0,157,0,0,10,0,10,78,57,32,0,167,30,0,30,197
10/05/2019,ALB,NY,AEA,EN,Combined TRACON& Tower with Radar,59,30,24,0,113,0,4,51,1,56,59,34,75,1,169,36,0,36,205
10/06/2019,ALB,NY,AEA,EN,Combined TRACON& Tower with Radar,72,36,15,2,125,0,0,5,0,5,72,36,20,2,130,5,0,5,135
10/07/2019,ALB,NY,AEA,EN,Combined TRACON& Tower with Radar,71,45,35,2,153,0,0,0,0,0,71,45,35,2,153,0,0,0,153
10/08/2019,ALB,NY,AEA,EN,Combined TRACON& Tower with Radar,70,44,20,3,137,0,4,39,12,55,70,48,59,15,192,46,30,76,268
10/09/2019,ALB,NY,AEA,EN,Combined TRACON& Tower with Radar,70,50,68,6,194,0,0,35,10,45,70,50,103,16,239,40,18,58,297
10/10/2019,ALB,NY,AEA,EN,Combined TRACON& Tower with Radar,76,54,16,9,155,0,3,29,8,40,76,57,45,17,195,33,14,47,242
10/11/2019,ALB,NY,AEA,EN,Combined TRACON& Tower with Radar,75,56,37,0,168,0,3,36,4,43,75,59,73,4,211,41,0,41,252
10/12/2019,ALB,NY,AEA,EN,Combined TRACON& Tower with Radar,58,34,19,0,111,0,0,30,2,32,58,34,49,2,143,32,0,32,175
10/13/2019,ALB,NY,AEA,EN,Combined TRACON& Tower with Radar,74,39,30,1,144,0,3,50,1,54,74,42,80,2,198,62,0,62,260
10/14/2019,ALB,NY,AEA,EN,Combined TRACON& Tower with Radar,72,48,26,0,146,0,2,36,0,38,72,50,62,0,184,45,0,45,229
10/15/2019,ALB,NY,AEA,EN,Combined TRACON& Tower with Radar,69,53,27,11,160,0,2,53,6,61,69,55,80,17,221,42,14,56,277
10/16/2019,ALB,NY,AEA,EN,Combined TRACON& Tower with Radar,69,44,20,8,141,0,0,6,9,15,69,44,26,17,156,12,32,44,200
10/17/2019,ALB,NY,AEA,EN,Combined TRACON& Tower with Radar,84,51,11,7,153,0,0,1,0,1,84,51,12,7,154,0,6,6,160
10/18/2019,ALB,NY,AEA,EN,Combined TRACON& Tower with Radar,73,59,18,6,156,0,0,18,3,21,73,59,36,9,177,22,16,38,215
10/19/2019,ALB,NY,AEA,EN,Combined TRACON& Tower with Radar,58,29,27,2,116,0,0,58,3,61,58,29,85,5,177,58,0,58,235
10/20/2019,ALB,NY,AEA,EN,Combined TRACON& Tower with Radar,70,39,25,0,134,0,0,32,5,37,70,39,57,5,171,0,0,0,171
10/21/2019,ALB,NY,AEA,EN,Combined TRACON& Tower with Radar,66,49,15,10,140,0,0,24,3,27,66,49,39,13,167,43,12,55,222
10/22/2019,ALB,NY,AEA,EN,Combined TRACON& Tower with Radar,70,47,12,4,133,0,2,10,1,13,70,49,22,5,146,18,1,19,165
10/23/2019,ALB,NY,AEA,EN,Combined TRACON& Tower with Radar,69,63,16,15,163,0,1,25,23,49,69,64,41,38,212,15,40,55,267
10/24/2019,ALB,NY,AEA,EN,Combined TRACON& Tower with Radar,78,48,19,7,152,0,1,26,6,33,78,49,45,13,185,31,12,43,228
10/25/2019,ALB,NY,AEA,EN,Combined TRACON& Tower with Radar,74,50,18,0,142,0,0,29,2,31,74,50,47,2,173,28,0,28,201
10/26/2019,ALB,NY,AEA,EN,Combined TRACON& Tower with Radar,55,29,34,0,118,0,2,51,0,53,55,31,85,0,171,54,0,54,225
10/27/2019,ALB,NY,AEA,EN,Combined TRACON& Tower with Radar,65,46,18,0,129,0,0,0,0,0,65,46,18,0,129,17,0,17,146
10/28/2019,ALB,NY,AEA,EN,Combined TRACON& Tower with Radar,62,53,19,0,134,0,0,18,0,18,62,53,37,0,152,20,0,20,172
10/29/2019,ALB,NY,AEA,EN,Combined TRACON& Tower with Radar,64,52,20,21,157,0,1,12,9,22,64,53,32,30,179,17,13,30,209
10/30/2019,ALB,NY,AEA,EN,Combined TRACON& Tower with Radar,60,58,33,20,171,0,0,13,6,19,60,58,46,26,190,2,29,31,221
10/31/2019,ALB,NY,AEA,EN,Combined TRACON& Tower with Radar,59,52,26,1,138,0,0,0,0,0,59,52,26,1,138,9,18,27,165
11/01/2019,ALB,NY,AEA,EN,Combined TRACON& Tower with Radar,70,52,12,3,137,0,4,6,2,12,70,56,18,5,149,0,0,0,149
11/02/2019,ALB,NY,AEA,EN,Combined TRACON& Tower with Radar,53,35,19,4,111,0,0,47,1,48,53,35,66,5,159,25,0,25,184
11/03/2019,ALB,NY,AEA,EN,Combined TRACON& Tower with Radar,61,51,12,14,138,0,0,31,13,44,61,51,43,27,182,12,34,46,228
11/04/2019,ALB,NY,AEA,EN,Combined TRACON& Tower with Radar,62,53,23,8,146,0,2,36,17,55,62,55,59,25,201,28,12,40,241
11/05/2019,ALB,NY,AEA,EN,Combined TRACON& Tower with Radar,67,48,33,2,150,0,0,37,6,43,67,48,70,8,193,24,11,35,228
11/06/2019,ALB,NY,AEA,EN,Combined TRACON& Tower with Radar,73,49,18,18,158,0,3,21,13,37,73,52,39,31,195,11,18,29,224
11/07/2019,ALB,NY,AEA,EN,Combined TRACON& Tower with Radar,70,57,23,0,150,0,2,13,4,19,70,59,36,4,169,4,1,5,174
11/08/2019,ALB,NY,AEA,EN,Combined TRACON& Tower with Radar,73,48,20,2,143,0,0,27,2,29,73,48,47,4,172,14,0,14,186
11/09/2019,ALB,NY,AEA,EN,Combined TRACON& Tower with Radar,51,41,17,0,109,0,2,48,0,50,51,43,65,0,159,38,0,38,197
11/10/2019,ALB,NY,AEA,EN,Combined TRACON& Tower with Radar,59,43,14,0,116,0,1,43,0,44,59,44,57,0,160,39,0,39,199
11/11/2019,ALB,NY,AEA,EN,Combined TRACON& Tower with Radar,60,50,12,0,122,0,0,0,0,0,60,50,12,0,122,0,0,0,122
11/12/2019,ALB,NY,AEA,EN,Combined TRACON& Tower with Radar,71,60,7,0,138,0,0,4,2,6,71,60,11,2,144,0,0,0,144
11/13/2019,ALB,NY,AEA,EN,Combined TRACON& Tower with Radar,73,45,14,9,141,0,3,48,19,70,73,48,62,28,211,23,12,35,246
11/14/2019,ALB,NY,AEA,EN,Combined TRACON& Tower with Radar,67,58,20,1,146,0,2,32,19,53,67,60,52,20,199,32,0,32,231
11/15/2019,ALB,NY,AEA,EN,Combined TRACON& Tower with Radar,72,63,7,20,162,0,1,34,13,48,72,64,41,33,210,38,29,67,277
11/16/2019,ALB,NY,AEA,EN,Combined TRACON& Tower with Radar,58,30,12,0,100,0,1,33,1,35,58,31,45,1,135,19,0,19,154
11/17/2019,ALB,NY,AEA,EN,Combined TRACON& Tower with Radar,58,45,14,1,118,0,0,28,11,39,58,45,42,12,157,51,2,53,210
11/18/2019,ALB,NY,AEA,EN,Combined TRACON& Tower with Radar,71,51,15,0,137,0,0,0,0,0,71,51,15,0,137,2,1,3,140
11/19/2019,ALB,NY,AEA,EN,Combined TRACON& Tower with Radar,67,56,16,0,139,0,0,0,0,0,67,56,16,0,139,0,0,0,139
11/20/2019,ALB,NY,AEA,EN,Combined TRACON& Tower with Radar,71,55,13,2,141,0,0,0,8,8,71,55,13,10,149,3,28,31,180
11/21/2019,ALB,NY,AEA,EN,Combined TRACON& Tower with Radar,63,61,21,13,158,0,2,37,21,60,63,63,58,34,218,29,26,55,273
11/22/2019,ALB,NY,AEA,EN,Combined TRACON& Tower with Radar,66,58,12,0,136,0,0,2,2,4,66,58,14,2,140,11,0,11,151
11/23/2019,ALB,NY,AEA,EN,Combined TRACON& Tower with Radar,66,40,22,2,130,0,0,40,0,40,66,40,62,2,170,113,2,115,285
11/24/2019,ALB,NY,AEA,EN,Combined TRACON& Tower with Radar,59,48,6,0,113,0,0,1,0,1,59,48,7,0,114,0,0,0,114
11/25/2019,ALB,NY,AEA,EN,Combined TRACON& Tower with Radar,65,52,23,0,140,0,0,23,0,23,65,52,46,0,163,12,0,12,175
11/26/2019,ALB,NY,AEA,EN,Combined TRACON& Tower with Radar,66,64,35,16,181,0,2,41,6,49,66,66,76,22,230,55,30,85,315
11/27/2019,ALB,NY,AEA,EN,Combined TRACON& Tower with Radar,68,59,11,5,143,0,1,5,6,12,68,60,16,11,155,6,30,36,191
11/28/2019,ALB,NY,AEA,EN,Combined TRACON& Tower with Radar,33,26,2,0,61,0,0,3,0,3,33,26,5,0,64,4,0,4,68
11/29/2019,ALB,NY,AEA,EN,Combined TRACON& Tower with Radar,50,31,20,0,101,0,0,15,0,15,50,31,35,0,116,21,0,21,137
11/30/2019,ALB,NY,AEA,EN,Combined TRACON& Tower with Radar,69,56,28,0,153,0,0,51,0,51,69,56,79,0,204,36,0,36,240
12/01/2019,ALB,NY,AEA,EN,Combined TRACON& Tower with Radar,50,30,10,0,90,0,0,18,0,18,50,30,28,0,108,26,0,26,134
12/02/2019,ALB,NY,AEA,EN,Combined TRACON& Tower with Radar,45,29,3,0,77,0,0,0,0,0,45,29,3,0,77,0,0,0,77
12/03/2019,ALB,NY,AEA,EN,Combined TRACON& Tower with Radar,62,54,19,3,138,0,1,16,4,21,62,55,35,7,159,11,0,11,170
12/04/2019,ALB,NY,AEA,EN,Combined TRACON& Tower with Radar,65,57,13,0,135,0,0,8,6,14,65,57,21,6,149,24,0,24,173
12/05/2019,ALB,NY,AEA,EN,Combined TRACON& Tower with Radar,73,60,11,2,146,0,0,1,22,23,73,60,12,24,169,13,22,35,204
12/06/2019,ALB,NY,AEA,EN,Combined TRACON& Tower with Radar,63,54,25,0,142,0,0,10,0,10,63,54,35,0,152,9,0,9,161
12/07/2019,ALB,NY,AEA,EN,Combined TRACON& Tower with Radar,48,38,16,0,102,0,3,15,6,24,48,41,31,6,126,22,0,22,148
12/08/2019,ALB,NY,AEA,EN,Combined TRACON& Tower with Radar,64,40,21,2,127,0,0,25,13,38,64,40,46,15,165,45,0,45,210
12/09/2019,ALB,NY,AEA,EN,Combined TRACON& Tower with Radar,69,62,12,3,146,0,0,0,0,0,69,62,12,3,146,0,0,0,146
12/10/2019,ALB,NY,AEA,EN,Combined TRACON& Tower with Radar,66,56,20,0,142,0,0,3,0,3,66,56,23,0,145,2,0,2,147
12/11/2019,ALB,NY,AEA,EN,Combined TRACON& Tower with Radar,67,45,10,2,124,0,0,18,12,30,67,45,28,14,154,15,2,17,171
12/12/2019,ALB,NY,AEA,EN,Combined TRACON& Tower with Radar,73,62,18,16,169,0,2,28,32,62,73,64,46,48,231,27,41,68,299
12/13/2019,ALB,NY,AEA,EN,Combined TRACON& Tower with Radar,65,55,15,6,141,0,0,10,0,10,65,55,25,6,151,4,0,4,155
12/14/2019,ALB,NY,AEA,EN,Combined TRACON& Tower with Radar,52,45,7,0,104,0,0,0,0,0,52,45,7,0,104,0,0,0,104
12/15/2019,ALB,NY,AEA,EN,Combined TRACON& Tower with Radar,59,41,9,0,109,0,2,1,0,3,59,43,10,0,112,10,0,10,122
12/16/2019,ALB,NY,AEA,EN,Combined TRACON& Tower with Radar,60,52,12,0,124,0,2,36,4,42,60,54,48,4,166,21,0,21,187
12/17/2019,ALB,NY,AEA,EN,Combined TRACON& Tower with Radar,63,54,8,0,125,0,0,0,0,0,63,54,8,0,125,1,0,1,126
12/18/2019,ALB,NY,AEA,EN,Combined TRACON& Tower with Radar,65,55,25,2,147,0,0,9,0,9,65,55,34,2,156,51,0,51,207
12/19/2019,ALB,NY,AEA,EN,Combined TRACON& Tower with Radar,69,68,20,4,161,0,1,14,16,31,69,69,34,20,192,30,0,30,222
12/20/2019,ALB,NY,AEA,EN,Combined TRACON& Tower with Radar,69,49,8,0,126,0,2,35,0,37,69,51,43,0,163,41,0,41,204
12/21/2019,ALB,NY,AEA,EN,Combined TRACON& Tower with Radar,62,41,8,0,111,0,0,29,0,29,62,41,37,0,140,40,0,40,180
12/22/2019,ALB,NY,AEA,EN,Combined TRACON& Tower with Radar,69,43,10,0,122,0,3,33,0,36,69,46,43,0,158,19,0,19,177
12/23/2019,ALB,NY,AEA,EN,Combined TRACON& Tower with Radar,68,47,22,5,142,0,0,23,8,31,68,47,45,13,173,34,2,36,209
12/24/2019,ALB,NY,AEA,EN,Combined TRACON& Tower with Radar,59,41,3,0,103,0,0,20,2,22,59,41,23,2,125,20,0,20,145
12/25/2019,ALB,NY,AEA,EN,Combined TRACON& Tower with Radar,47,28,3,0,78,0,0,13,0,13,47,28,16,0,91,6,0,6,97
12/26/2019,ALB,NY,AEA,EN,Combined TRACON& Tower with Radar,65,51,11,0,127,0,0,16,0,16,65,51,27,0,143,6,0,6,149
12/27/2019,ALB,NY,AEA,EN,Combined TRACON& Tower with Radar,66,53,26,0,145,0,0,0,0,0,66,53,26,0,145,6,0,6,151
12/28/2019,ALB,NY,AEA,EN,Combined TRACON& Tower with Radar,61,36,21,0,118,0,0,15,0,15,61,36,36,0,133,9,0,9,142
12/29/2019,ALB,NY,AEA,EN,Combined TRACON& Tower with Radar,64,37,16,0,117,0,0,20,0,20,64,37,36,0,137,38,0,38,175
12/30/2019,ALB,NY,AEA,EN,Combined TRACON& Tower with Radar,62,38,5,0,105,0,0,0,0,0,62,38,5,0,105,0,0,0,105
12/31/2019,ALB,NY,AEA,EN,Combined TRACON& Tower with Radar,59,40,5,0,104,0,0,0,0,0,59,40,5,0,104,0,0,0,104
01/01/2020,ALB,NY,AEA,EN,Combined TRACON& Tower with Radar,50,37,7,0,94,0,0,16,0,16,50,37,23,0,110,24,0,24,134
01/02/2020,ALB,NY,AEA,EN,Combined TRACON& Tower with Radar,64,43,32,19,158,0,2,51,9,62,64,45,83,28,220,29,22,51,271
01/03/2020,ALB,NY,AEA,EN,Combined TRACON& Tower with Radar,67,43,5,29,144,0,0,7,24,31,67,43,12,53,175,12,43,55,230
01/04/2020,ALB,NY,AEA,EN,Combined TRACON& Tower with Radar,56,41,8,0,105,0,0,0,0,0,56,41,8,0,105,0,0,0,105
01/05/2020,ALB,NY,AEA,EN,Combined TRACON& Tower with Radar,58,33,11,0,102,0,1,9,0,10,58,34,20,0,112,0,0,0,112
01/06/2020,ALB,NY,AEA,EN,Combined TRACON& Tower with Radar,65,49,12,5,131,0,0,8,1,9,65,49,20,6,140,2,4,6,146
01/07/2020,ALB,NY,AEA,EN,Combined TRACON& Tower with Radar,64,47,19,4,134,0,6,28,4,38,64,53,47,8,172,22,6,28,200
01/08/2020,ALB,NY,AEA,EN,Combined TRACON& Tower with Radar,64,53,20,1,138,0,2,6,3,11,64,55,26,4,149,3,2,5,154
01/09/2020,ALB,NY,AEA,EN,Combined TRACON& Tower with Radar,65,50,18,21,154,0,0,27,26,53,65,50,45,47,207,7,45,52,259
01/10/2020,ALB,NY,AEA,EN,Combined TRACON& Tower with Radar,67,48,12,0,127,0,0,13,2,15,67,48,25,2,142,28,0,28,170
01/11/2020,ALB,NY,AEA,EN,Combined TRACON& Tower with Radar,52,23,11,1,87,0,0,8,1,9,52,23,19,2,96,2,0,2,98
01/12/2020,ALB,NY,AEA,EN,Combined TRACON& Tower with Radar,64,42,5,1,112,0,0,3,15,18,64,42,8,16,130,0,0,0,130
01/13/2020,ALB,NY,AEA,EN,Combined TRACON& Tower with Radar,59,47,25,29,160,0,0,2,3,5,59,47,27,32,165,4,32,36,201
01/14/2020,ALB,NY,AEA,EN,Combined TRACON& Tower with Radar,60,48,15,15,138,0,0,17,0,17,60,48,32,15,155,31,2,33,188
01/15/2020,ALB,NY,AEA,EN,Combined TRACON& Tower with Radar,62,45,11,1,119,0,2,35,17,54,62,47,46,18,173,19,0,19,192
01/16/2020,ALB,NY,AEA,EN,Combined TRACON& Tower with Radar,66,50,10,7,133,0,0,2,11,13,66,50,12,18,146,4,6,10,156
01/17/2020,ALB,NY,AEA,EN,Combined TRACON& Tower with Radar,60,49,17,3,129,0,0,18,5,23,60,49,35,8,152,12,0,12,164
01/18/2020,ALB,NY,AEA,EN,Combined TRACON& Tower with Radar,54,21,8,0,83,0,0,25,0,25,54,21,33,0,108,23,0,23,131
01/19/2020,ALB,NY,AEA,EN,Combined TRACON& Tower with Radar,60,34,10,0,104,0,1,8,0,9,60,35,18,0,113,4,0,4,117
01/20/2020,ALB,NY,AEA,EN,Combined TRACON& Tower with Radar,57,47,12,0,116,0,1,21,0,22,57,48,33,0,138,0,0,0,138
01/21/2020,ALB,NY,AEA,EN,Combined TRACON& Tower with Radar,61,48,5,6,120,0,0,20,4,24,61,48,25,10,144,13,2,15,159
01/22/2020,ALB,NY,AEA,EN,Combined TRACON& Tower with Radar,62,46,12,23,143,0,0,29,16,45,62,46,41,39,188,0,0,0,188
01/23/2020,ALB,NY,AEA,EN,Combined TRACON& Tower with Radar,64,48,21,6,139,0,3,30,16,49,64,51,51,22,188,23,2,25,213
01/24/2020,ALB,NY,AEA,EN,Combined TRACON& Tower with Radar,62,45,16,10,133,0,3,47,8,58,62,48,63,18,191,43,20,63,254
01/25/2020,ALB,NY,AEA,EN,Combined TRACON& Tower with Radar,51,21,18,0,90,0,0,3,0,3,51,21,21,0,93,41,0,41,134
01/26/2020,ALB,NY,AEA,EN,Combined TRACON& Tower with Radar,66,38,15,2,121,0,0,15,0,15,66,38,30,2,136,26,0,26,162
01/27/2020,ALB,NY,AEA,EN,Combined TRACON& Tower with Radar,63,46,27,19,155,0,0,18,14,32,63,46,45,33,187,14,38,52,239
01/28/2020,ALB,NY,AEA,EN,Combined TRACON& Tower with Radar,62,50,10,10,132,0,0,9,12,21,62,50,19,22,153,12,24,36,189
01/29/2020,ALB,NY,AEA,EN,Combined TRACON& Tower with Radar,62,45,23,0,130,0,1,46,12,59,62,46,69,12,189,21,1,22,211
01/30/2020,ALB,NY,AEA,EN,Combined TRACON& Tower with Radar,67,49,27,4,147,0,6,43,15,64,67,55,70,19,211,18,3,21,232
01/31/2020,ALB,NY,AEA,EN,Combined TRACON& Tower with Radar,64,47,15,2,128,0,0,20,4,24,64,47,35,6,152,35,0,35,187
02/01/2020,ALB,NY,AEA,EN,Combined TRACON& Tower with Radar,55,25,15,0,95,0,0,9,0,9,55,25,24,0,104,29,0,29,133
02/02/2020,ALB,NY,AEA,EN,Combined TRACON& Tower with Radar,57,38,9,0,104,0,0,10,0,10,57,38,19,0,114,41,0,41,155
02/03/2020,ALB,NY,AEA,EN,Combined TRACON& Tower with Radar,61,50,13,8,132,0,0,18,2,20,61,50,31,10,152,7,2,9,161
02/04/2020,ALB,NY,AEA,EN,Combined TRACON& Tower with Radar,60,50,14,12,136,0,0,11,8,19,60,50,25,20,155,19,1,20,175
02/05/2020,ALB,NY,AEA,EN,Combined TRACON& Tower with Radar,59,48,24,24,155,0,0,24,8,32,59,48,48,32,187,13,0,13,200
02/06/2020,ALB,NY,AEA,EN,Combined TRACON& Tower with Radar,63,42,4,0,109,0,0,0,0,0,63,42,4,0,109,7,0,7,116
02/07/2020,ALB,NY,AEA,EN,Combined TRACON& Tower with Radar,54,26,9,0,89,0,0,0,0,0,54,26,9,0,89,0,0,0,89
02/08/2020,ALB,NY,AEA,EN,Combined TRACON& Tower with Radar,53,23,15,3,94,0,0,11,7,18,53,23,26,10,112,4,0,4,116
02/09/2020,ALB,NY,AEA,EN,Combined TRACON& Tower with Radar,59,32,15,3,109,0,1,11,4,16,59,33,26,7,125,47,0,47,172
02/10/2020,ALB,NY,AEA,EN,Combined TRACON& Tower with Radar,65,49,9,10,133,0,0,2,0,2,65,49,11,10,135,0,1,1,136
02/11/2020,ALB,NY,AEA,EN,Combined TRACON& Tower with Radar,62,56,11,0,129,0,0,0,0,0,62,56,11,0,129,0,0,0,129
02/12/2020,ALB,NY,AEA,EN,Combined TRACON& Tower with Radar,66,51,41,11,169,0,0,33,18,51,66,51,74,29,220,31,5,36,256
02/13/2020,ALB,NY,AEA,EN,Combined TRACON& Tower with Radar,69,47,14,9,139,0,0,0,4,4,69,47,14,13,143,2,0,2,145
02/14/2020,ALB,NY,AEA,EN,Combined TRACON& Tower with Radar,71,57,11,1,140,0,0,14,1,15,71,57,25,2,155,13,0,13,168
02/15/2020,ALB,NY,AEA,EN,Combined TRACON& Tower with Radar,65,30,21,0,116,0,0,40,0,40,65,30,61,0,156,19,0,19,175
02/16/2020,ALB,NY,AEA,EN,Combined TRACON& Tower with Radar,60,38,15,0,113,0,0,20,0,20,60,38,35,0,133,13,0,13,146
02/17/2020,ALB,NY,AEA,EN,Combined TRACON& Tower with Radar,69,49,16,0,134,0,0,33,0,33,69,49,49,0,167,7,0,7,174
02/18/2020,ALB,NY,AEA,EN,Combined TRACON& Tower with Radar,73,48,12,0,133,0,0,0,0,0,73,48,12,0,133,0,0,0,133
02/19/2020,ALB,NY,AEA,EN,Combined TRACON& Tower with Radar,75,55,9,1,140,0,0,5,9,14,75,55,14,10,154,3,0,3,157
02/20/2020,ALB,NY,AEA,EN,Combined TRACON& Tower with Radar,74,55,14,2,145,0,0,24,10,34,74,55,38,12,179,15,9,24,203
02/21/2020,ALB,NY,AEA,EN,Combined TRACON& Tower with Radar,67,51,14,5,137,0,0,38,9,47,67,51,52,14,184,13,8,21,205
02/22/2020,ALB,NY,AEA,EN,Combined TRACON& Tower with Radar,69,36,23,0,128,0,0,41,2,43,69,36,64,2,171,27,0,27,198
02/23/2020,ALB,NY,AEA,EN,Combined TRACON& Tower with Radar,64,44,16,0,124,0,0,63,2,65,64,44,79,2,189,33,0,33,222
02/24/2020,ALB,NY,AEA,EN,Combined TRACON& Tower with Radar,68,47,12,3,130,0,0,51,15,66,68,47,63,18,196,18,4,22,218
02/25/2020,ALB,NY,AEA,EN,Combined TRACON& Tower with Radar,72,49,15,21,157,0,0,17,9,26,72,49,32,30,183,5,17,22,205
02/26/2020,ALB,NY,AEA,EN,Combined TRACON& Tower with Radar,68,41,12,2,123,0,0,0,0,0,68,41,12,2,123,4,0,4,127
02/27/2020,ALB,NY,AEA,EN,Combined TRACON& Tower with Radar,77,46,9,2,134,0,1,6,0,7,77,47,15,2,141,0,0,0,141
02/28/2020,ALB,NY,AEA,EN,Combined TRACON& Tower with Radar,68,52,12,2,134,0,0,17,2,19,68,52,29,4,153,8,0,8,161
02/29/2020,ALB,NY,AEA,EN,Combined TRACON& Tower with Radar,64,39,11,0,114,0,0,14,0,14,64,39,25,0,128,4,0,4,132
03/01/2020,ALB,NY,AEA,EN,Combined TRACON& Tower with Radar,64,44,15,0,123,0,0,27,0,27,64,44,42,0,150,21,0,21,171
03/02/2020,ALB,NY,AEA,EN,Combined TRACON& Tower with Radar,69,45,23,2,139,0,0,17,2,19,69,45,40,4,158,6,0,6,164
03/03/2020,ALB,NY,AEA,EN,Combined TRACON& Tower with Radar,71,55,15,0,141,0,0,12,2,14,71,55,27,2,155,15,0,15,170
03/04/2020,ALB,NY,AEA,EN,Combined TRACON& Tower with Radar,71,53,14,4,142,0,0,9,14,23,71,53,23,18,165,0,0,0,165
03/05/2020,ALB,NY,AEA,EN,Combined TRACON& Tower with Radar,69,55,27,3,154,0,4,30,8,42,69,59,57,11,196,0,0,0,196
03/06/2020,ALB,NY,AEA,EN,Combined TRACON& Tower with Radar,69,48,10,10,137,0,0,8,11,19,69,48,18,21,156,6,0,6,162
03/07/2020,ALB,NY,AEA,EN,Combined TRACON& Tower with Radar,62,38,16,1,117,0,0,31,9,40,62,38,47,10,157,20,0,20,177
03/08/2020,ALB,NY,AEA,EN,Combined TRACON& Tower with Radar,64,37,12,2,115,0,0,50,10,60,64,37,62,12,175,10,0,10,185
03/09/2020,ALB,NY,AEA,EN,Combined TRACON& Tower with Radar,64,45,15,13,137,0,0,35,15,50,64,45,50,28,187,23,24,47,234
03/10/2020,ALB,NY,AEA,EN,Combined TRACON& Tower with Radar,68,56,13,4,141,0,2,10,0,12,68,58,23,4,153,1,0,1,154
03/11/2020,ALB,NY,AEA,EN,Combined TRACON& Tower with Radar,75,59,20,7,161,0,0,37,17,54,75,59,57,24,215,7,12,19,234
03/12/2020,ALB,NY,AEA,EN,Combined TRACON& Tower with Radar,72,50,26,1,149,0,0,31,23,54,72,50,57,24,203,11,0,11,214
03/13/2020,ALB,NY,AEA,EN,Combined TRACON& Tower with Radar,72,48,5,0,125,0,1,2,0,3,72,49,7,0,128,1,0,1,129
03/14/2020,ALB,NY,AEA,EN,Combined TRACON& Tower with Radar,70,32,20,0,122,0,0,6,2,8,70,32,26,2,130,3,0,3,133
03/15/2020,ALB,NY,AEA,EN,Combined TRACON& Tower with Radar,64,46,19,0,129,0,0,54,0,54,64,46,73,0,183,29,0,29,212
03/16/2020,ALB,NY,AEA,EN,Combined TRACON& Tower with Radar,67,54,19,3,143,0,2,24,4,30,67,56,43,7,173,8,18,26,199
03/17/2020,ALB,NY,AEA,EN,Combined TRACON& Tower with Radar,70,62,8,9,149,0,0,1,5,6,70,62,9,14,155,0,20,20,175
03/18/2020,ALB,NY,AEA,EN,Combined TRACON& Tower with Radar,67,46,20,3,136,0,0,39,10,49,67,46,59,13,185,20,0,20,205
03/19/2020,ALB,NY,AEA,EN,Combined TRACON& Tower with Radar,66,48,15,4,133,0,0,2,2,4,66,48,17,6,137,0,4,4,141
03/20/2020,ALB,NY,AEA,EN,Combined TRACON& Tower with Radar,59,50,3,0,112,0,0,0,0,0,59,50,3,0,112,0,0,0,112
03/21/2020,ALB,NY,AEA,EN,Combined TRACON& Tower with Radar,51,24,11,0,86,0,0,31,0,31,51,24,42,0,117,0,0,0,117
03/22/2020,ALB,NY,AEA,EN,Combined TRACON& Tower with Radar,48,33,17,0,98,0,0,46,0,46,48,33,63,0,144,0,0,0,144
03/23/2020,ALB,NY,AEA,EN,Combined TRACON& Tower with Radar,42,29,6,4,81,0,0,0,0,0,42,29,6,4,81,0,0,0,81
03/24/2020,ALB,NY,AEA,EN,Combined TRACON& Tower with Radar,44,43,2,18,107,0,0,12,22,34,44,43,14,40,141,0,0,0,141
03/25/2020,ALB,NY,AEA,EN,Combined TRACON& Tower with Radar,39,27,3,4,73,0,0,17,12,29,39,27,20,16,102,21,20,41,143
03/26/2020,ALB,NY,AEA,EN,Combined TRACON& Tower with Radar,33,32,10,15,90,0,0,27,28,55,33,32,37,43,145,16,20,36,181
03/27/2020,ALB,NY,AEA,EN,Combined TRACON& Tower with Radar,34,32,12,0,78,0,0,25,4,29,34,32,37,4,107,7,0,7,114
03/28/2020,ALB,NY,AEA,EN,Combined TRACON& Tower with Radar,26,21,6,0,53,0,0,15,0,15,26,21,21,0,68,2,0,2,70
03/29/2020,ALB,NY,AEA,EN,Combined TRACON& Tower with Radar,29,30,4,0,63,0,0,0,0,0,29,30,4,0,63,12,0,12,75
03/30/2020,ALB,NY,AEA,EN,Combined TRACON& Tower with Radar,25,32,2,16,75,0,0,6,4,10,25,32,8,20,85,0,0,0,85
03/31/2020,ALB,NY,AEA,EN,Combined TRACON& Tower with Radar,26,21,10,10,67,0,0,7,6,13,26,21,17,16,80,11,10,21,101
04/01/2020,ALB,NY,AEA,EN,Combined TRACON& Tower with Radar,35,30,1,2,68,0,0,26,4,30,35,30,27,6,98,6,0,6,104
04/02/2020,ALB,NY,AEA,EN,Combined TRACON& Tower with Radar,25,26,8,3,62,0,0,12,3,15,25,26,20,6,77,16,10,26,103
04/03/2020,ALB,NY,AEA,EN,Combined TRACON& Tower with Radar,32,25,11,0,68,0,0,0,0,0,32,25,11,0,68,0,0,0,68
04/04/2020,ALB,NY,AEA,EN,Combined TRACON& Tower with Radar,26,16,11,0,53,0,2,19,0,21,26,18,30,0,74,23,0,23,97
04/05/2020,ALB,NY,AEA,EN,Combined TRACON& Tower with Radar,29,24,11,0,64,0,0,9,2,11,29,24,20,2,75,4,0,4,79
04/06/2020,ALB,NY,AEA,EN,Combined TRACON& Tower with Radar,26,20,13,0,59,0,3,27,0,30,26,23,40,0,89,17,0,17,106
04/07/2020,ALB,NY,AEA,EN,Combined TRACON& Tower with Radar,28,19,8,5,60,0,1,32,5,38,28,20,40,10,98,15,0,15,113
04/08/2020,ALB,NY,AEA,EN,Combined TRACON& Tower with Radar,34,22,10,5,71,0,0,22,3,25,34,22,32,8,96,19,0,19,115
04/09/2020,ALB,NY,AEA,EN,Combined TRACON& Tower with Radar,36,19,4,0,59,0,0,3,0,3,36,19,7,0,62,8,0,8,70
04/10/2020,ALB,NY,AEA,EN,Combined TRACON& Tower with Radar,31,21,8,0,60,0,0,0,0,0,31,21,8,0,60,0,0,0,60
04/11/2020,ALB,NY,AEA,EN,Combined TRACON& Tower with Radar,24,14,8,0,46,0,0,14,0,14,24,14,22,0,60,0,0,0,60
04/12/2020,ALB,NY,AEA,EN,Combined TRACON& Tower with Radar,25,16,9,0,50,0,3,17,0,20,25,19,26,0,70,0,0,0,70
04/13/2020,ALB,NY,AEA,EN,Combined TRACON& Tower with Radar,24,19,0,0,43,0,0,0,0,0,24,19,0,0,43,0,0,0,43
04/14/2020,ALB,NY,AEA,EN,Combined TRACON& Tower with Radar,26,17,7,2,52,0,0,31,4,35,26,17,38,6,87,5,0,5,92
04/15/2020,ALB,NY,AEA,EN,Combined TRACON& Tower with Radar,27,19,6,11,63,0,0,24,8,32,27,19,30,19,95,4,6,10,105
04/16/2020,ALB,NY,AEA,EN,Combined TRACON& Tower with Radar,20,21,3,4,48,0,0,10,10,20,20,21,13,14,68,0,0,0,68
04/17/2020,ALB,NY,AEA,EN,Combined TRACON& Tower with Radar,18,18,9,0,45,0,0,32,0,32,18,18,41,0,77,4,0,4,81
04/18/2020,ALB,NY,AEA,EN,Combined TRACON& Tower with Radar,20,8,5,0,33,0,0,8,0,8,20,8,13,0,41,0,0,0,41
04/19/2020,ALB,NY,AEA,EN,Combined TRACON& Tower with Radar,12,12,8,2,34,0,1,31,0,32,12,13,39,2,66,16,0,16,82
04/20/2020,ALB,NY,AEA,EN,Combined TRACON& Tower with Radar,13,15,7,4,39,0,2,24,5,31,13,17,31,9,70,22,0,22,92
04/21/2020,ALB,NY,AEA,EN,Combined TRACON& Tower with Radar,21,18,6,0,45,0,0,2,7,9,21,18,8,7,54,0,0,0,54
04/22/2020,ALB,NY,AEA,EN,Combined TRACON& Tower with Radar,22,14,1,0,37,0,0,4,13,17,22,14,5,13,54,1,0,1,55
04/23/2020,ALB,NY,AEA,EN,Combined TRACON& Tower with Radar,23,14,14,3,54,0,0,47,4,51,23,14,61,7,105,12,0,12,117
04/24/2020,ALB,NY,AEA,EN,Combined TRACON& Tower with Radar,14,13,13,2,42,0,0,14,1,15,14,13,27,3,57,8,0,8,65
04/25/2020,ALB,NY,AEA,EN,Combined TRACON& Tower with Radar,14,10,22,1,47,0,0,47,2,49,14,10,69,3,96,36,0,36,132
04/26/2020,ALB,NY,AEA,EN,Combined TRACON& Tower with Radar,14,11,14,0,39,0,0,4,0,4,14,11,18,0,43,0,2,2,45
04/27/2020,ALB,NY,AEA,EN,Combined TRACON& Tower with Radar,16,19,8,7,50,0,0,0,1,1,16,19,8,8,51,0,0,0,51
04/28/2020,ALB,NY,AEA,EN,Combined TRACON& Tower with Radar,16,20,14,8,58,0,0,28,2,30,16,20,42,10,88,7,6,13,101
04/29/2020,ALB,NY,AEA,EN,Combined TRACON& Tower with Radar,16,17,17,10,60,0,3,29,11,43,16,20,46,21,103,5,3,8,111
04/30/2020,ALB,NY,AEA,EN,Combined TRACON& Tower with Radar,28,22,9,0,59,0,0,0,0,0,28,22,9,0,59,0,0,0,59
05/01/2020,ALB,NY,AEA,EN,Combined TRACON& Tower with Radar,21,19,13,0,53,0,0,5,0,5,21,19,18,0,58,0,2,2,60
05/02/2020,ALB,NY,AEA,EN,Combined TRACON& Tower with Radar,17,4,12,0,33,0,0,55,0,55,17,4,67,0,88,18,0,18,106
05/03/2020,ALB,NY,AEA,EN,Combined TRACON& Tower with Radar,18,4,11,0,33,0,0,27,0,27,18,4,38,0,60,0,0,0,60
05/04/2020,ALB,NY,AEA,EN,Combined TRACON& Tower with Radar,17,13,4,0,34,0,2,9,4,15,17,15,13,4,49,0,0,0,49
05/05/2020,ALB,NY,AEA,EN,Combined TRACON& Tower with Radar,21,14,11,4,50,0,2,35,6,43,21,16,46,10,93,3,4,7,100
05/06/2020,ALB,NY,AEA,EN,Combined TRACON& Tower with Radar,23,10,9,3,45,0,0,26,11,37,23,10,35,14,82,17,1,18,100
05/07/2020,ALB,NY,AEA,EN,Combined TRACON& Tower with Radar,30,18,12,0,60,0,0,28,5,33,30,18,40,5,93,4,0,4,97
05/08/2020,ALB,NY,AEA,EN,Combined TRACON& Tower with Radar,24,10,8,0,42,0,0,22,4,26,24,10,30,4,68,0,0,0,68
05/09/2020,ALB,NY,AEA,EN,Combined TRACON& Tower with Radar,16,2,3,0,21,0,0,4,0,4,16,2,7,0,25,11,0,11,36
05/10/2020,ALB,NY,AEA,EN,Combined TRACON& Tower with Radar,22,7,6,0,35,0,0,8,1,9,22,7,14,1,44,14,0,14,58
05/11/2020,ALB,NY,AEA,EN,Combined TRACON& Tower with Radar,18,12,4,6,40,0,2,3,0,5,18,14,7,6,45,1,6,7,52
05/12/2020,ALB,NY,AEA,EN,Combined TRACON& Tower with Radar,18,8,8,6,40,0,0,18,11,29,18,8,26,17,69,0,20,20,89
05/13/2020,ALB,NY,AEA,EN,Combined TRACON& Tower with Radar,20,16,7,11,54,0,2,25,17,44,20,18,32,28,98,14,0,14,112
05/14/2020,ALB,NY,AEA,EN,Combined TRACON& Tower with Radar,27,22,15,13,77,0,0,36,10,46,27,22,51,23,123,14,16,30,153
05/15/2020,ALB,NY,AEA,EN,Combined TRACON& Tower with Radar,28,15,10,0,53,0,0,13,0,13,28,15,23,0,66,11,0,11,77
05/16/2020,ALB,NY,AEA,EN,Combined TRACON& Tower with Radar,21,10,11,2,44,0,0,22,1,23,21,10,33,3,67,18,1,19,86
05/17/2020,ALB,NY,AEA,EN,Combined TRACON& Tower with Radar,24,13,21,0,58,0,0,26,0,26,24,13,47,0,84,17,0,17,101
05/18/2020,ALB,NY,AEA,EN,Combined TRACON& Tower with Radar,26,17,20,8,71,0,0,7,2,9,26,17,27,10,80,3,32,35,115
05/19/2020,ALB,NY,AEA,EN,Combined TRACON& Tower with Radar,24,10,7,2,43,0,1,28,12,41,24,11,35,14,84,1,0,1,85
05/20/2020,ALB,NY,AEA,EN,Combined TRACON& Tower with Radar,24,17,15,14,70,0,7,41,36,84,24,24,56,50,154,35,48,83,237
05/21/2020,ALB,NY,AEA,EN,Combined TRACON& Tower with Radar,32,23,25,4,84,0,1,54,6,61,32,24,79,10,145,6,0,6,151
05/22/2020,ALB,NY,AEA,EN,Combined TRACON& Tower with Radar,28,15,10,14,67,0,3,24,15,42,28,18,34,29,109,13,30,43,152
05/23/2020,ALB,NY,AEA,EN,Combined TRACON& Tower with Radar,24,6,17,0,47,0,2,25,0,27,24,8,42,0,74,11,0,11,85
05/24/2020,ALB,NY,AEA,EN,Combined TRACON& Tower with Radar,28,6,17,0,51,0,2,23,0,25,28,8,40,0,76,0,0,0,76
05/25/2020,ALB,NY,AEA,EN,Combined TRACON& Tower with Radar,22,8,16,0,46,0,0,35,0,35,22,8,51,0,81,0,0,0,81
05/26/2020,ALB,NY,AEA,EN,Combined TRACON& Tower with Radar,21,10,14,11,56,0,0,47,0,47,21,10,61,11,103,0,0,0,103
05/27/2020,ALB,NY,AEA,EN,Combined TRACON& Tower with Radar,30,17,21,20,88,0,5,47,11,63,30,22,68,31,151,0,0,0,151
05/28/2020,ALB,NY,AEA,EN,Combined TRACON& Tower with Radar,32,19,7,20,78,0,0,15,20,35,32,19,22,40,113,0,0,0,113
05/29/2020,ALB,NY,AEA,EN,Combined TRACON& Tower with Radar,28,15,4,0,47,0,0,10,1,11,28,15,14,1,58,0,0,0,58
05/30/2020,ALB,NY,AEA,EN,Combined TRACON& Tower with Radar,20,5,20,0,45,0,0,25,0,25,20,5,45,0,70,0,0,0,70
05/31/2020,ALB,NY,AEA,EN,Combined TRACON& Tower with Radar,26,9,21,0,56,0,2,25,0,27,26,11,46,0,83,0,0,0,83
06/01/2020,ALB,NY,AEA,EN,Combined TRACON& Tower with Radar,28,16,11,0,55,0,1,30,3,34,28,17,41,3,89,0,0,0,89
06/02/2020,ALB,NY,AEA,EN,Combined TRACON& Tower with Radar,24,10,9,15,58,0,1,34,20,55,24,11,43,35,113,0,65,65,178
06/03/2020,ALB,NY,AEA,EN,Combined TRACON& Tower with Radar,28,20,22,3,73,0,0,13,13,26,28,20,35,16,99,15,0,15,114
06/04/2020,ALB,NY,AEA,EN,Combined TRACON& Tower with Radar,35,17,16,4,72,0,2,34,12,48,35,19,50,16,120,7,12,19,139
06/05/2020,ALB,NY,AEA,EN,Combined TRACON& Tower with Radar,34,15,13,16,78,0,0,12,10,22,34,15,25,26,100,27,42,69,169
06/06/2020,ALB,NY,AEA,EN,Combined TRACON& Tower with Radar,25,3,19,1,48,0,0,22,1,23,25,3,41,2,71,0,0,0,71
06/07/2020,ALB,NY,AEA,EN,Combined TRACON& Tower with Radar,36,9,14,0,59,0,0,45,0,45,36,9,59,0,104,10,0,10,114
06/08/2020,ALB,NY,AEA,EN,Combined TRACON& Tower with Radar,41,13,14,15,83,0,2,49,13,64,41,15,63,28,147,34,36,70,217
06/09/2020,ALB,NY,AEA,EN,Combined TRACON& Tower with Radar,34,13,19,17,83,0,1,48,18,67,34,14,67,35,150,15,42,57,207
06/10/2020,ALB,NY,AEA,EN,Combined TRACON& Tower with Radar,34,16,26,14,90,0,0,23,9,32,34,16,49,23,122,12,20,32,154
06/11/2020,ALB,NY,AEA,EN,Combined TRACON& Tower with Radar,44,29,16,5,94,0,0,5,12,17,44,29,21,17,111,3,8,11,122
06/12/2020,ALB,NY,AEA,EN,Combined TRACON& Tower with Radar,41,19,8,2,70,0,1,47,11,59,41,20,55,13,129,26,0,26,155
06/13/2020,ALB,NY,AEA,EN,Combined TRACON& Tower with Radar,31,5,28,0,64,0,0,34,0,34,31,5,62,0,98,8,0,8,106
06/14/2020,ALB,NY,AEA,EN,Combined TRACON& Tower with Radar,36,12,17,0,65,0,0,37,0,37,36,12,54,0,102,27,0,27,129
06/15/2020,ALB,NY,AEA,EN,Combined TRACON& Tower with Radar,40,11,11,8,70,0,2,34,18,54,40,13,45,26,124,6,21,27,151
06/16/2020,ALB,NY,AEA,EN,Combined TRACON& Tower with Radar,34,9,13,2,58,0,0,57,6,63,34,9,70,8,121,31,0,31,152
06/17/2020,ALB,NY,AEA,EN,Combined TRACON& Tower with Radar,34,18,17,4,73,0,0,42,12,54,34,18,59,16,127,9,0,9,136
06/18/2020,ALB,NY,AEA,EN,Combined TRACON& Tower with Radar,44,21,18,20,103,0,2,24,30,56,44,23,42,50,159,37,9,46,205
06/19/2020,ALB,NY,AEA,EN,Combined TRACON& Tower with Radar,44,31,21,17,113,0,1,28,26,55,44,32,49,43,168,0,0,0,168
06/20/2020,ALB,NY,AEA,EN,Combined TRACON& Tower with Radar,32,6,14,0,52,0,0,22,0,22,32,6,36,0,74,0,0,0,74
06/21/2020,ALB,NY,AEA,EN,Combined TRACON& Tower with Radar,38,12,13,1,64,0,0,21,1,22,38,12,34,2,86,0,0,0,86
06/22/2020,ALB,NY,AEA,EN,Combined TRACON& Tower with Radar,39,25,11,14,89,0,0,37,23,60,39,25,48,37,149,17,38,55,204
06/23/2020,ALB,NY,AEA,EN,Combined TRACON& Tower with Radar,35,15,14,8,72,0,0,26,17,43,35,15,40,25,115,36,15,51,166
06/24/2020,ALB,NY,AEA,EN,Combined TRACON& Tower with Radar,35,26,11,2,74,0,0,31,18,49,35,26,42,20,123,7,2,9,132
06/25/2020,ALB,NY,AEA,EN,Combined TRACON& Tower with Radar,44,21,25,8,98,0,0,44,12,56,44,21,69,20,154,21,0,21,175
06/26/2020,ALB,NY,AEA,EN,Combined TRACON& Tower with Radar,44,15,27,0,86,0,2,43,1,46,44,17,70,1,132,8,3,11,143
06/27/2020,ALB,NY,AEA,EN,Combined TRACON& Tower with Radar,36,4,7,0,47,0,0,5,0,5,36,4,12,0,52,0,12,12,64
06/28/2020,ALB,NY,AEA,EN,Combined TRACON& Tower with Radar,40,17,27,0,84,0,0,8,0,8,40,17,35,0,92,20,0,20,112
06/29/2020,ALB,NY,AEA,EN,Combined TRACON& Tower with Radar,40,14,19,11,84,0,2,11,7,20,40,16,30,18,104,0,12,12,116
06/30/2020,ALB,NY,AEA,EN,Combined TRACON& Tower with Radar,36,15,34,0,85,0,0,19,1,20,36,15,53,1,105,4,8,12,117
07/01/2020,ALB,NY,AEA,EN,Combined TRACON& Tower with Radar,38,21,24,22,105,0,0,14,34,48,38,21,38,56,153,2,63,65,218
07/02/2020,ALB,NY,AEA,EN,Combined TRACON& Tower with Radar,48,20,17,2,87,0,3,48,8,59,48,23,65,10,146,27,4,31,177
07/03/2020,ALB,NY,AEA,EN,Combined TRACON& Tower with Radar,46,14,16,0,76,0,0,21,0,21,46,14,37,0,97,8,0,8,105
07/04/2020,ALB,NY,AEA,EN,Combined TRACON& Tower with Radar,30,2,30,0,62,0,4,33,0,37,30,6,63,0,99,2,0,2,101
07/05/2020,ALB,NY,AEA,EN,Combined TRACON& Tower with Radar,40,11,20,0,71,0,2,43,2,47,40,13,63,2,118,1,0,1,119
07/06/2020,ALB,NY,AEA,EN,Combined TRACON& Tower with Radar,48,18,11,7,84,0,1,40,9,50,48,19,51,16,134,11,14,25,159
07/07/2020,ALB,NY,AEA,EN,Combined TRACON& Tower with Radar,38,25,21,6,90,0,0,34,6,40,38,25,55,12,130,6,0,6,136
07/08/2020,ALB,NY,AEA,EN,Combined TRACON& Tower with Radar,38,21,11,2,72,0,0,18,2,20,38,21,29,4,92,0,0,0,92
07/09/2020,ALB,NY,AEA,EN,Combined TRACON& Tower with Radar,48,33,17,8,106,0,2,42,24,68,48,35,59,32,174,10,30,40,214
07/10/2020,ALB,NY,AEA,EN,Combined TRACON& Tower with Radar,48,20,21,0,89,0,0,12,0,12,48,20,33,0,101,0,0,0,101
07/11/2020,ALB,NY,AEA,EN,Combined TRACON& Tower with Radar,42,11,14,0,67,0,0,8,0,8,42,11,22,0,75,0,0,0,75
07/12/2020,ALB,NY,AEA,EN,Combined TRACON& Tower with Radar,46,27,11,0,84,0,0,28,0,28,46,27,39,0,112,18,0,18,130
07/13/2020,ALB,NY,AEA,EN,Combined TRACON& Tower with Radar,46,20,12,25,103,0,0,16,7,23,46,20,28,32,126,6,13,19,145
07/14/2020,ALB,NY,AEA,EN,Combined TRACON& Tower with Radar,36,21,23,4,84,0,0,31,2,33,36,21,54,6,117,1,0,1,118
07/15/2020,ALB,NY,AEA,EN,Combined TRACON& Tower with Radar,38,22,17,19,96,0,1,30,16,47,38,23,47,35,143,13,13,26,169
07/16/2020,ALB,NY,AEA,EN,Combined TRACON& Tower with Radar,50,21,38,21,130,0,1,25,20,46,50,22,63,41,176,17,71,88,264
07/17/2020,ALB,NY,AEA,EN,Combined TRACON& Tower with Radar,48,24,18,8,98,0,2,9,6,17,48,26,27,14,115,19,8,27,142
07/18/2020,ALB,NY,AEA,EN,Combined TRACON& Tower with Radar,43,17,20,1,81,0,2,35,12,49,43,19,55,13,130,7,8,15,145
07/19/2020,ALB,NY,AEA,EN,Combined TRACON& Tower with Radar,47,21,9,4,81,0,1,27,4,32,47,22,36,8,113,6,0,6,119
07/20/2020,ALB,NY,AEA,EN,Combined TRACON& Tower with Radar,46,27,17,10,100,0,1,34,13,48,46,28,51,23,148,8,0,8,156
07/21/2020,ALB,NY,AEA,EN,Combined TRACON& Tower with Radar,37,20,19,32,108,0,0,50,33,83,37,20,69,65,191,20,68,88,279
07/22/2020,ALB,NY,AEA,EN,Combined TRACON& Tower with Radar,37,21,8,1,67,0,11,16,10,37,37,32,24,11,104,37,2,39,143
07/23/2020,ALB,NY,AEA,EN,Combined TRACON& Tower with Radar,50,24,12,3,89,0,0,14,25,39,50,24,26,28,128,26,4,30,158
07/24/2020,ALB,NY,AEA,EN,Combined TRACON& Tower with Radar,46,21,25,12,104,0,0,56,12,68,46,21,81,24,172,22,24,46,218
07/25/2020,ALB,NY,AEA,EN,Combined TRACON& Tower with Radar,42,11,8,0,61,0,1,23,4,28,42,12,31,4,89,12,0,12,101
07/26/2020,ALB,NY,AEA,EN,Combined TRACON& Tower with Radar,46,13,13,3,75,0,2,32,15,49,46,15,45,18,124,24,0,24,148
07/27/2020,ALB,NY,AEA,EN,Combined TRACON& Tower with Radar,42,23,11,4,80,0,0,27,8,35,42,23,38,12,115,36,0,36,151
07/28/2020,ALB,NY,AEA,EN,Combined TRACON& Tower with Radar,37,26,17,14,94,0,1,23,13,37,37,27,40,27,131,5,16,21,152
07/29/2020,ALB,NY,AEA,EN,Combined TRACON& Tower with Radar,38,24,15,34,111,0,1,31,27,59,38,25,46,61,170,14,36,50,220
07/30/2020,ALB,NY,AEA,EN,Combined TRACON& Tower with Radar,50,29,15,7,101,0,1,32,25,58,50,30,47,32,159,6,14,20,179
07/31/2020,ALB,NY,AEA,EN,Combined TRACON& Tower with Radar,50,23,23,7,103,0,0,39,9,48,50,23,62,16,151,30,0,30,181
08/01/2020,ALB,NY,AEA,EN,Combined TRACON& Tower with Radar,37,12,23,0,72,0,0,47,6,53,37,12,70,6,125,17,0,17,142
08/02/2020,ALB,NY,AEA,EN,Combined TRACON& Tower with Radar,44,22,13,0,79,0,1,13,2,16,44,23,26,2,95,12,0,12,107
08/03/2020,ALB,NY,AEA,EN,Combined TRACON& Tower with Radar,43,20,22,3,88,0,5,29,0,34,43,25,51,3,122,18,0,18,140
08/04/2020,ALB,NY,AEA,EN,Combined TRACON& Tower with Radar,29,17,9,0,55,0,0,3,0,3,29,17,12,0,58,0,0,0,58
08/05/2020,ALB,NY,AEA,EN,Combined TRACON& Tower with Radar,39,20,17,19,95,0,5,49,31,85,39,25,66,50,180,18,30,48,228
08/06/2020,ALB,NY,AEA,EN,Combined TRACON& Tower with Radar,47,21,28,33,129,0,3,62,20,85,47,24,90,53,214,36,41,77,291
08/07/2020,ALB,NY,AEA,EN,Combined TRACON& Tower with Radar,43,24,17,0,84,0,3,23,0,26,43,27,40,0,110,14,0,14,124
08/08/2020,ALB,NY,AEA,EN,Combined TRACON& Tower with Radar,35,21,18,2,76,0,0,34,0,34,35,21,52,2,110,21,0,21,131
08/09/2020,ALB,NY,AEA,EN,Combined TRACON& Tower with Radar,42,25,22,0,89,0,0,37,0,37,42,25,59,0,126,32,0,32,158
08/10/2020,ALB,NY,AEA,EN,Combined TRACON& Tower with Radar,39,18,13,0,70,0,0,19,2,21,39,18,32,2,91,9,0,9,100
08/11/2020,ALB,NY,AEA,EN,Combined TRACON& Tower with Radar,42,20,12,6,80,0,0,35,8,43,42,20,47,14,123,12,0,12,135
08/12/2020,ALB,NY,AEA,EN,Combined TRACON& Tower with Radar,40,22,22,0,84,0,3,40,9,52,40,25,62,9,136,17,0,17,153
08/13/2020,ALB,NY,AEA,EN,Combined TRACON& Tower with Radar,50,27,26,2,105,0,0,37,11,48,50,27,63,13,153,6,0,6,159
08/14/2020,ALB,NY,AEA,EN,Combined TRACON& Tower with Radar,50,24,17,10,101,0,1,53,12,66,50,25,70,22,167,21,16,37,204
08/15/2020,ALB,NY,AEA,EN,Combined TRACON& Tower with Radar,42,19,29,1,91,0,1,42,16,59,42,20,71,17,150,16,0,16,166
08/16/2020,ALB,NY,AEA,EN,Combined TRACON& Tower with Radar,48,18,21,2,89,0,0,36,0,36,48,18,57,2,125,4,0,4,129
08/17/2020,ALB,NY,AEA,EN,Combined TRACON& Tower with Radar,44,25,25,9,103,0,1,33,11,45,44,26,58,20,148,21,35,56,204
08/18/2020,ALB,NY,AEA,EN,Combined TRACON& Tower with Radar,38,25,18,17,98,0,0,30,3,33,38,25,48,20,131,13,1,14,145
08/19/2020,ALB,NY,AEA,EN,Combined TRACON& Tower with Radar,40,26,17,1,84,0,15,33,10,58,40,41,50,11,142,27,0,27,169
08/20/2020,ALB,NY,AEA,EN,Combined TRACON& Tower with Radar,50,33,33,12,128,0,0,56,10,66,50,33,89,22,194,25,0,25,219
08/21/2020,ALB,NY,AEA,EN,Combined TRACON& Tower with Radar,46,27,40,1,114,0,0,57,3,60,46,27,97,4,174,48,0,48,222
08/22/2020,ALB,NY,AEA,EN,Combined TRACON& Tower with Radar,42,12,21,2,77,0,1,29,3,33,42,13,50,5,110,51,0,51,161
08/23/2020,ALB,NY,AEA,EN,Combined TRACON& Tower with Radar,48,22,15,0,85,0,0,27,0,27,48,22,42,0,112,16,0,16,128
08/24/2020,ALB,NY,AEA,EN,Combined TRACON& Tower with Radar,42,19,10,13,84,0,0,24,16,40,42,19,34,29,124,3,53,56,180
08/25/2020,ALB,NY,AEA,EN,Combined TRACON& Tower with Radar,40,28,16,28,112,0,3,16,8,27,40,31,32,36,139,4,11,15,154
08/26/2020,ALB,NY,AEA,EN,Combined TRACON& Tower with Radar,40,21,31,5,97,0,2,52,9,63,40,23,83,14,160,33,0,33,193
08/27/2020,ALB,NY,AEA,EN,Combined TRACON& Tower with Radar,50,22,15,12,99,0,0,5,0,5,50,22,20,12,104,1,0,1,105
08/28/2020,ALB,NY,AEA,EN,Combined TRACON& Tower with Radar,45,20,31,5,101,0,1,20,16,37,45,21,51,21,138,24,37,61,199
08/29/2020,ALB,NY,AEA,EN,Combined TRACON& Tower with Radar,43,22,22,0,87,0,0,10,0,10,43,22,32,0,97,0,0,0,97
08/30/2020,ALB,NY,AEA,EN,Combined TRACON& Tower with Radar,46,17,21,0,84,0,0,31,0,31,46,17,52,0,115,0,0,0,115
08/31/2020,ALB,NY,AEA,EN,Combined TRACON& Tower with Radar,45,21,24,25,115,0,0,56,25,81,45,21,80,50,196,0,0,0,196
09/01/2020,ALB,NY,AEA,EN,Combined TRACON& Tower with Radar,41,26,37,20,124,0,2,23,13,38,41,28,60,33,162,0,0,0,162
09/02/2020,ALB,NY,AEA,EN,Combined TRACON& Tower with Radar,38,24,16,1,79,0,0,0,0,0,38,24,16,1,79,0,0,0,79
09/03/2020,ALB,NY,AEA,EN,Combined TRACON& Tower with Radar,46,25,22,0,93,0,1,34,0,35,46,26,56,0,128,4,0,4,132
09/04/2020,ALB,NY,AEA,EN,Combined TRACON& Tower with Radar,48,25,25,0,98,0,2,47,0,49,48,27,72,0,147,18,0,18,165
09/05/2020,ALB,NY,AEA,EN,Combined TRACON& Tower with Radar,39,13,18,0,70,0,0,56,2,58,39,13,74,2,128,16,0,16,144
09/06/2020,ALB,NY,AEA,EN,Combined TRACON& Tower with Radar,31,16,21,0,68,0,2,57,0,59,31,18,78,0,127,19,0,19,146
09/07/2020,ALB,NY,AEA,EN,Combined TRACON& Tower with Radar,37,18,16,0,71,0,0,24,0,24,37,18,40,0,95,0,0,0,95
09/08/2020,ALB,NY,AEA,EN,Combined TRACON& Tower with Radar,27,14,23,0,64,0,0,48,6,54,27,14,71,6,118,9,0,9,127
09/09/2020,ALB,NY,AEA,EN,Combined TRACON& Tower with Radar,38,14,23,1,76,0,0,59,15,74,38,14,82,16,150,18,2,20,170
09/10/2020,ALB,NY,AEA,EN,Combined TRACON& Tower with Radar,44,21,19,9,93,0,0,15,11,26,44,21,34,20,119,29,29,58,177
09/11/2020,ALB,NY,AEA,EN,Combined TRACON& Tower with Radar,42,18,32,14,106,0,0,37,4,41,42,18,69,18,147,26,2,28,175
09/12/2020,ALB,NY,AEA,EN,Combined TRACON& Tower with Radar,32,9,24,12,77,0,0,60,12,72,32,9,84,24,149,21,16,37,186
09/13/2020,ALB,NY,AEA,EN,Combined TRACON& Tower with Radar,38,15,16,2,71,0,2,9,2,13,38,17,25,4,84,9,0,9,93
09/14/2020,ALB,NY,AEA,EN,Combined TRACON& Tower with Radar,38,21,23,4,86,0,2,30,0,32,38,23,53,4,118,3,0,3,121
09/15/2020,ALB,NY,AEA,EN,Combined TRACON& Tower with Radar,34,22,25,20,101,0,0,84,8,92,34,22,109,28,193,19,12,31,224
09/16/2020,ALB,NY,AEA,EN,Combined TRACON& Tower with Radar,36,28,13,16,93,0,3,43,9,55,36,31,56,25,148,33,8,41,189
09/17/2020,ALB,NY,AEA,EN,Combined TRACON& Tower with Radar,43,20,23,10,96,0,0,18,4,22,43,20,41,14,118,0,0,0,118
09/18/2020,ALB,NY,AEA,EN,Combined TRACON& Tower with Radar,40,24,13,4,81,0,0,41,0,41,40,24,54,4,122,6,0,6,128
09/19/2020,ALB,NY,AEA,EN,Combined TRACON& Tower with Radar,32,6,19,0,57,0,0,40,0,40,32,6,59,0,97,16,0,16,113
09/20/2020,ALB,NY,AEA,EN,Combined TRACON& Tower with Radar,38,15,19,0,72,0,1,71,0,72,38,16,90,0,144,23,0,23,167
09/21/2020,ALB,NY,AEA,EN,Combined TRACON& Tower with Radar,38,18,20,6,82,0,2,53,7,62,38,20,73,13,144,1,10,11,155
09/22/2020,ALB,NY,AEA,EN,Combined TRACON& Tower with Radar,34,24,19,14,91,0,0,36,3,39,34,24,55,17,130,10,13,23,153
09/23/2020,ALB,NY,AEA,EN,Combined TRACON& Tower with Radar,36,28,7,0,71,0,0,33,0,33,36,28,40,0,104,29,0,29,133
09/24/2020,ALB,NY,AEA,EN,Combined TRACON& Tower with Radar,42,27,27,8,104,0,0,49,3,52,42,27,76,11,156,8,0,8,164
09/25/2020,ALB,NY,AEA,EN,Combined TRACON& Tower with Radar,40,22,34,5,101,0,0,42,4,46,40,22,76,9,147,6,0,6,153
09/26/2020,ALB,NY,AEA,EN,Combined TRACON& Tower with Radar,32,8,32,5,77,0,0,15,0,15,32,8,47,5,92,4,2,6,98
09/27/2020,ALB,NY,AEA,EN,Combined TRACON& Tower with Radar,38,21,25,0,84,0,2,25,0,27,38,23,50,0,111,32,0,32,143
09/28/2020,ALB,NY,AEA,EN,Combined TRACON& Tower with Radar,38,23,19,4,84,0,0,8,0,8,38,23,27,4,92,0,0,0,92
09/29/2020,ALB,NY,AEA,EN,Combined TRACON& Tower with Radar,36,19,20,19,94,0,0,14,2,16,36,19,34,21,110,2,10,12,122
09/30/2020,ALB,NY,AEA,EN,Combined TRACON& Tower with Radar,36,24,22,0,82,0,0,17,0,17,36,24,39,0,99,0,0,0,99
10/01/2020,ALB,NY,AEA,EN,Combined TRACON& Tower with Radar,42,34,33,3,112,0,5,47,1,53,42,39,80,4,165,58,0,58,223
10/02/2020,ALB,NY,AEA,EN,Combined TRACON& Tower with Radar,42,35,14,0,91,0,0,12,0,12,42,35,26,0,103,10,0,10,113
10/03/2020,ALB,NY,AEA,EN,Combined TRACON& Tower with Radar,32,15,24,2,73,0,0,28,0,28,32,15,52,2,101,5,0,5,106
10/04/2020,ALB,NY,AEA,EN,Combined TRACON& Tower with Radar,38,23,28,0,89,0,2,38,0,40,38,25,66,0,129,47,0,47,176
10/05/2020,ALB,NY,AEA,EN,Combined TRACON& Tower with Radar,38,25,8,5,76,0,0,22,1,23,38,25,30,6,99,18,2,20,119
10/06/2020,ALB,NY,AEA,EN,Combined TRACON& Tower with Radar,34,23,25,16,98,0,1,33,12,46,34,24,58,28,144,0,0,0,144
10/07/2020,ALB,NY,AEA,EN,Combined TRACON& Tower with Radar,38,21,6,2,67,0,0,18,3,21,38,21,24,5,88,12,6,18,106
10/08/2020,ALB,NY,AEA,EN,Combined TRACON& Tower with Radar,49,27,16,10,102,0,0,33,9,42,49,27,49,19,144,4,6,10,154
10/09/2020,ALB,NY,AEA,EN,Combined TRACON& Tower with Radar,43,27,14,0,84,0,2,53,0,55,43,29,67,0,139,14,0,14,153
10/10/2020,ALB,NY,AEA,EN,Combined TRACON& Tower with Radar,32,15,16,0,63,0,0,21,0,21,32,15,37,0,84,4,0,4,88
10/11/2020,ALB,NY,AEA,EN,Combined TRACON& Tower with Radar,38,20,19,0,77,0,1,44,0,45,38,21,63,0,122,25,0,25,147
10/12/2020,ALB,NY,AEA,EN,Combined TRACON& Tower with Radar,40,30,16,0,86,0,2,17,0,19,40,32,33,0,105,4,0,4,109
10/13/2020,ALB,NY,AEA,EN,Combined TRACON& Tower with Radar,32,24,20,0,76,0,0,0,0,0,32,24,20,0,76,4,0,4,80
10/14/2020,ALB,NY,AEA,EN,Combined TRACON& Tower with Radar,38,17,28,13,96,0,0,42,14,56,38,17,70,27,152,40,8,48,200
10/15/2020,ALB,NY,AEA,EN,Combined TRACON& Tower with Radar,44,34,18,7,103,0,0,21,13,34,44,34,39,20,137,9,0,9,146
10/16/2020,ALB,NY,AEA,EN,Combined TRACON& Tower with Radar,40,28,13,15,96,0,0,1,11,12,40,28,14,26,108,0,42,42,150
10/17/2020,ALB,NY,AEA,EN,Combined TRACON& Tower with Radar,32,18,7,4,61,0,4,38,9,51,32,22,45,13,112,16,0,16,128
10/18/2020,ALB,NY,AEA,EN,Combined TRACON& Tower with Radar,40,19,18,0,77,0,2,51,0,53,40,21,69,0,130,10,0,10,140
10/19/2020,ALB,NY,AEA,EN,Combined TRACON& Tower with Radar,41,26,26,4,97,0,1,25,12,38,41,27,51,16,135,0,12,12,147
10/20/2020,ALB,NY,AEA,EN,Combined TRACON& Tower with Radar,33,28,17,16,94,0,2,2,6,10,33,30,19,22,104,28,14,42,146
10/21/2020,ALB,NY,AEA,EN,Combined TRACON& Tower with Radar,36,20,14,4,74,0,0,14,13,27,36,20,28,17,101,1,0,1,102
10/22/2020,ALB,NY,AEA,EN,Combined TRACON& Tower with Radar,46,30,20,4,100,0,3,33,12,48,46,33,53,16,148,14,5,19,167
10/23/2020,ALB,NY,AEA,EN,Combined TRACON& Tower with Radar,42,28,37,1,108,0,0,14,1,15,42,28,51,2,123,1,0,1,124
10/24/2020,ALB,NY,AEA,EN,Combined TRACON& Tower with Radar,30,21,18,0,69,0,0,9,0,9,30,21,27,0,78,0,0,0,78
10/25/2020,ALB,NY,AEA,EN,Combined TRACON& Tower with Radar,38,25,32,2,97,0,0,42,2,44,38,25,74,4,141,11,0,11,152
10/26/2020,ALB,NY,AEA,EN,Combined TRACON& Tower with Radar,41,26,14,2,83,0,0,0,0,0,41,26,14,2,83,0,0,0,83
10/27/2020,ALB,NY,AEA,EN,Combined TRACON& Tower with Radar,32,23,19,24,98,0,1,21,1,23,32,24,40,25,121,13,8,21,142
10/28/2020,ALB,NY,AEA,EN,Combined TRACON& Tower with Radar,36,27,25,0,88,0,0,4,7,11,36,27,29,7,99,0,0,0,99
10/29/2020,ALB,NY,AEA,EN,Combined TRACON& Tower with Radar,42,36,14,26,118,0,0,0,0,0,42,36,14,26,118,6,6,12,130
10/30/2020,ALB,NY,AEA,EN,Combined TRACON& Tower with Radar,44,30,10,0,84,0,0,7,0,7,44,30,17,0,91,0,0,0,91
10/31/2020,ALB,NY,AEA,EN,Combined TRACON& Tower with Radar,23,22,20,0,65,0,0,77,2,79,23,22,97,2,144,26,0,26,170
11/01/2020,ALB,NY,AEA,EN,Combined TRACON& Tower with Radar,36,22,7,0,65,0,0,6,0,6,36,22,13,0,71,0,0,0,71
11/02/2020,ALB,NY,AEA,EN,Combined TRACON& Tower with Radar,40,26,13,0,79,0,0,5,0,5,40,26,18,0,84,0,0,0,84
11/03/2020,ALB,NY,AEA,EN,Combined TRACON& Tower with Radar,30,20,11,4,65,0,0,31,2,33,30,20,42,6,98,17,0,17,115
11/04/2020,ALB,NY,AEA,EN,Combined TRACON& Tower with Radar,29,29,22,6,86,0,2,41,4,47,29,31,63,10,133,0,0,0,133
11/05/2020,ALB,NY,AEA,EN,Combined TRACON& Tower with Radar,42,32,18,2,94,0,0,33,1,34,42,32,51,3,128,11,5,16,144
11/06/2020,ALB,NY,AEA,EN,Combined TRACON& Tower with Radar,42,26,19,0,87,0,3,56,11,70,42,29,75,11,157,16,0,16,173
11/07/2020,ALB,NY,AEA,EN,Combined TRACON& Tower with Radar,32,18,24,0,74,0,1,37,6,44,32,19,61,6,118,4,0,4,122
11/08/2020,ALB,NY,AEA,EN,Combined TRACON& Tower with Radar,36,23,14,2,75,0,1,60,5,66,36,24,74,7,141,22,0,22,163
11/09/2020,ALB,NY,AEA,EN,Combined TRACON& Tower with Radar,34,30,15,23,102,0,0,50,4,54,34,30,65,27,156,50,16,66,222
11/10/2020,ALB,NY,AEA,EN,Combined TRACON& Tower with Radar,30,24,15,17,86,0,3,38,11,52,30,27,53,28,138,29,21,50,188
11/11/2020,ALB,NY,AEA,EN,Combined TRACON& Tower with Radar,28,20,17,1,66,0,0,5,1,6,28,20,22,2,72,36,0,36,108
11/12/2020,ALB,NY,AEA,EN,Combined TRACON& Tower with Radar,40,34,18,2,94,0,0,27,2,29,40,34,45,4,123,17,0,17,140
11/13/2020,ALB,NY,AEA,EN,Combined TRACON& Tower with Radar,44,24,16,0,84,0,0,5,0,5,44,24,21,0,89,9,0,9,98
11/14/2020,ALB,NY,AEA,EN,Combined TRACON& Tower with Radar,30,18,20,0,68,0,0,23,0,23,30,18,43,0,91,10,0,10,101
11/15/2020,ALB,NY,AEA,EN,Combined TRACON& Tower with Radar,35,23,7,0,65,0,0,9,0,9,35,23,16,0,74,8,0,8,82
11/16/2020,ALB,NY,AEA,EN,Combined TRACON& Tower with Radar,39,29,14,27,109,0,2,23,6,31,39,31,37,33,140,7,22,29,169
11/17/2020,ALB,NY,AEA,EN,Combined TRACON& Tower with Radar,30,20,15,2,67,0,0,15,1,16,30,20,30,3,83,0,2,2,85
11/18/2020,ALB,NY,AEA,EN,Combined TRACON& Tower with Radar,28,24,15,0,67,0,6,35,2,43,28,30,50,2,110,15,0,15,125
11/19/2020,ALB,NY,AEA,EN,Combined TRACON& Tower with Radar,44,26,8,2,80,0,3,18,0,21,44,29,26,2,101,24,0,24,125
11/20/2020,ALB,NY,AEA,EN,Combined TRACON& Tower with Radar,44,31,17,10,102,0,0,21,16,37,44,31,38,26,139,11,21,32,171
11/21/2020,ALB,NY,AEA,EN,Combined TRACON& Tower with Radar,43,20,19,0,82,0,0,35,0,35,43,20,54,0,117,9,0,9,126
11/22/2020,ALB,NY,AEA,EN,Combined TRACON& Tower with Radar,41,26,12,0,79,0,0,14,1,15,41,26,26,1,94,21,0,21,115
11/23/2020,ALB,NY,AEA,EN,Combined TRACON& Tower with Radar,36,26,12,1,75,0,0,9,2,11,36,26,21,3,86,3,1,4,90
11/24/2020,ALB,NY,AEA,EN,Combined TRACON& Tower with Radar,50,37,18,18,123,0,1,40,13,54,50,38,58,31,177,20,14,34,211
11/25/2020,ALB,NY,AEA,EN,Combined TRACON& Tower with Radar,54,25,8,1,88,0,0,20,3,23,54,25,28,4,111,16,0,16,127
11/26/2020,ALB,NY,AEA,EN,Combined TRACON& Tower with Radar,22,15,4,0,41,0,0,0,0,0,22,15,4,0,41,0,0,0,41
11/27/2020,ALB,NY,AEA,EN,Combined TRACON& Tower with Radar,36,20,13,0,69,0,0,18,0,18,36,20,31,0,87,26,0,26,113
11/28/2020,ALB,NY,AEA,EN,Combined TRACON& Tower with Radar,49,24,13,0,86,0,0,18,0,18,49,24,31,0,104,23,0,23,127
11/29/2020,ALB,NY,AEA,EN,Combined TRACON& Tower with Radar,52,28,24,0,104,0,0,59,0,59,52,28,83,0,163,28,0,28,191
11/30/2020,ALB,NY,AEA,EN,Combined TRACON& Tower with Radar,47,34,9,0,90,0,0,13,0,13,47,34,22,0,103,18,0,18,121
12/01/2020,ALB,NY,AEA,EN,Combined TRACON& Tower with Radar,45,30,9,13,97,0,0,12,4,16,45,30,21,17,113,0,16,16,129
12/02/2020,ALB,NY,AEA,EN,Combined TRACON& Tower with Radar,37,21,20,1,79,0,0,5,6,11,37,21,25,7,90,4,0,4,94
12/03/2020,ALB,NY,AEA,EN,Combined TRACON& Tower with Radar,40,23,18,7,88,0,2,58,13,73,40,25,76,20,161,3,7,10,171
12/04/2020,ALB,NY,AEA,EN,Combined TRACON& Tower with Radar,40,22,14,10,86,0,0,21,17,38,40,22,35,27,124,20,24,44,168
12/05/2020,ALB,NY,AEA,EN,Combined TRACON& Tower with Radar,30,22,8,0,60,0,0,4,0,4,30,22,12,0,64,0,0,0,64
12/06/2020,ALB,NY,AEA,EN,Combined TRACON& Tower with Radar,32,21,15,2,70,0,0,5,0,5,32,21,20,2,75,0,0,0,75
12/07/2020,ALB,NY,AEA,EN,Combined TRACON& Tower with Radar,31,24,14,0,69,0,0,20,0,20,31,24,34,0,89,6,0,6,95
12/08/2020,ALB,NY,AEA,EN,Combined TRACON& Tower with Radar,34,24,16,5,79,0,0,11,5,16,34,24,27,10,95,0,8,8,103
12/09/2020,ALB,NY,AEA,EN,Combined TRACON& Tower with Radar,32,27,3,11,73,0,0,0,0,0,32,27,3,11,73,0,8,8,81
12/10/2020,ALB,NY,AEA,EN,Combined TRACON& Tower with Radar,40,28,10,5,83,0,0,26,19,45,40,28,36,24,128,6,0,6,134
12/11/2020,ALB,NY,AEA,EN,Combined TRACON& Tower with Radar,40,23,25,1,89,0,0,39,3,42,40,23,64,4,131,39,0,39,170
12/12/2020,ALB,NY,AEA,EN,Combined TRACON& Tower with Radar,31,23,19,0,73,0,0,5,0,5,31,23,24,0,78,16,0,16,94
12/13/2020,ALB,NY,AEA,EN,Combined TRACON& Tower with Radar,32,24,24,0,80,0,1,15,0,16,32,25,39,0,96,0,0,0,96
12/14/2020,ALB,NY,AEA,EN,Combined TRACON& Tower with Radar,29,23,7,14,73,0,0,2,2,4,29,23,9,16,77,0,0,0,77
12/15/2020,ALB,NY,AEA,EN,Combined TRACON& Tower with Radar,34,21,17,4,76,0,7,33,16,56,34,28,50,20,132,0,0,0,132
12/16/2020,ALB,NY,AEA,EN,Combined TRACON& Tower with Radar,23,14,13,1,51,0,0,15,13,28,23,14,28,14,79,0,0,0,79
12/17/2020,ALB,NY,AEA,EN,Combined TRACON& Tower with Radar,20,8,5,0,33,0,0,0,0,0,20,8,5,0,33,0,0,0,33
12/18/2020,ALB,NY,AEA,EN,Combined TRACON& Tower with Radar,47,22,16,0,85,0,2,15,2,19,47,24,31,2,104,0,0,0,104
12/19/2020,ALB,NY,AEA,EN,Combined TRACON& Tower with Radar,46,29,16,0,91,0,0,15,0,15,46,29,31,0,106,0,0,0,106
12/20/2020,ALB,NY,AEA,EN,Combined TRACON& Tower with Radar,44,19,4,0,67,0,0,4,0,4,44,19,8,0,71,0,0,0,71
12/21/2020,ALB,NY,AEA,EN,Combined TRACON& Tower with Radar,37,41,11,9,98,0,0,0,0,0,37,41,11,9,98,0,0,0,98
12/22/2020,ALB,NY,AEA,EN,Combined TRACON& Tower with Radar,42,31,13,3,89,0,0,12,13,25,42,31,25,16,114,0,0,0,114
12/23/2020,ALB,NY,AEA,EN,Combined TRACON& Tower with Radar,54,25,21,2,102,0,1,53,12,66,54,26,74,14,168,0,0,0,168
12/24/2020,ALB,NY,AEA,EN,Combined TRACON& Tower with Radar,36,16,3,0,55,0,0,6,0,6,36,16,9,0,61,0,0,0,61
12/25/2020,ALB,NY,AEA,EN,Combined TRACON& Tower with Radar,24,9,1,0,34,0,0,0,0,0,24,9,1,0,34,0,0,0,34
12/26/2020,ALB,NY,AEA,EN,Combined TRACON& Tower with Radar,39,27,19,0,85,0,0,29,0,29,39,27,48,0,114,0,0,0,114
12/27/2020,ALB,NY,AEA,EN,Combined TRACON& Tower with Radar,41,23,30,0,94,0,0,56,0,56,41,23,86,0,150,0,0,0,150
12/28/2020,ALB,NY,AEA,EN,Combined TRACON& Tower with Radar,35,27,10,0,72,0,1,18,4,23,35,28,28,4,95,0,0,0,95
12/29/2020,ALB,NY,AEA,EN,Combined TRACON& Tower with Radar,42,27,23,0,92,0,0,31,6,37,42,27,54,6,129,0,0,0,129
12/30/2020,ALB,NY,AEA,EN,Combined TRACON& Tower with Radar,49,28,21,14,112,0,4,39,0,43,49,32,60,14,155,0,0,0,155
12/31/2020,ALB,NY,AEA,EN,Combined TRACON& Tower with Radar,32,22,8,0,62,0,0,11,0,11,32,22,19,0,73,0,0,0,73
01/01/2021,ALB,NY,AEA,EN,Combined TRACON& Tower with Radar,22,18,15,0,55,0,0,28,0,28,22,18,43,0,83,4,0,4,87
01/02/2021,ALB,NY,AEA,EN,Combined TRACON& Tower with Radar,44,25,9,0,78,0,0,6,0,6,44,25,15,0,84,12,0,12,96
01/03/2021,ALB,NY,AEA,EN,Combined TRACON& Tower with Radar,42,25,2,0,69,0,0,6,0,6,42,25,8,0,75,0,0,0,75
01/04/2021,ALB,NY,AEA,EN,Combined TRACON& Tower with Radar,36,38,3,0,77,0,0,0,0,0,36,38,3,0,77,0,0,0,77
01/05/2021,ALB,NY,AEA,EN,Combined TRACON& Tower with Radar,36,23,7,17,83,0,0,5,17,22,36,23,12,34,105,17,27,44,149
01/06/2021,ALB,NY,AEA,EN,Combined TRACON& Tower with Radar,36,25,16,6,83,0,0,17,4,21,36,25,33,10,104,24,0,24,128
01/07/2021,ALB,NY,AEA,EN,Combined TRACON& Tower with Radar,35,30,25,13,103,0,0,41,20,61,35,30,66,33,164,44,0,44,208
01/08/2021,ALB,NY,AEA,EN,Combined TRACON& Tower with Radar,38,24,19,0,81,0,1,12,12,25,38,25,31,12,106,12,2,14,120
01/09/2021,ALB,NY,AEA,EN,Combined TRACON& Tower with Radar,26,16,17,0,59,0,1,38,3,42,26,17,55,3,101,41,0,41,142
01/10/2021,ALB,NY,AEA,EN,Combined TRACON& Tower with Radar,32,17,11,0,60,0,2,24,0,26,32,19,35,0,86,22,0,22,108
01/11/2021,ALB,NY,AEA,EN,Combined TRACON& Tower with Radar,29,31,12,4,76,0,0,6,4,10,29,31,18,8,86,0,0,0,86
01/12/2021,ALB,NY,AEA,EN,Combined TRACON& Tower with Radar,30,17,15,23,85,0,0,21,5,26,30,17,36,28,111,34,1,35,146
01/13/2021,ALB,NY,AEA,EN,Combined TRACON& Tower with Radar,28,30,15,4,77,0,0,19,3,22,28,30,34,7,99,20,0,20,119
01/14/2021,ALB,NY,AEA,EN,Combined TRACON& Tower with Radar,36,30,11,5,82,0,0,6,0,6,36,30,17,5,88,0,2,2,90
01/15/2021,ALB,NY,AEA,EN,Combined TRACON& Tower with Radar,38,27,12,5,82,0,0,4,1,5,38,27,16,6,87,0,0,0,87
01/16/2021,ALB,NY,AEA,EN,Combined TRACON& Tower with Radar,26,19,4,0,49,0,0,0,0,0,26,19,4,0,49,0,0,0,49
01/17/2021,ALB,NY,AEA,EN,Combined TRACON& Tower with Radar,33,18,7,0,58,0,0,2,0,2,33,18,9,0,60,6,0,6,66
01/18/2021,ALB,NY,AEA,EN,Combined TRACON& Tower with Radar,29,30,15,0,74,0,3,20,0,23,29,33,35,0,97,0,0,0,97
01/19/2021,ALB,NY,AEA,EN,Combined TRACON& Tower with Radar,28,23,12,6,69,0,1,28,4,33,28,24,40,10,102,16,24,40,142
01/20/2021,ALB,NY,AEA,EN,Combined TRACON& Tower with Radar,30,21,6,0,57,0,0,13,23,36,30,21,19,23,93,0,0,0,93
01/21/2021,ALB,NY,AEA,EN,Combined TRACON& Tower with Radar,35,34,8,12,89,0,0,13,13,26,35,34,21,25,115,0,0,0,115
01/22/2021,ALB,NY,AEA,EN,Combined TRACON& Tower with Radar,36,26,11,8,81,0,0,13,8,21,36,26,24,16,102,0,0,0,102
01/23/2021,ALB,NY,AEA,EN,Combined TRACON& Tower with Radar,28,17,9,0,54,0,0,12,0,12,28,17,21,0,66,0,0,0,66
01/24/2021,ALB,NY,AEA,EN,Combined TRACON& Tower with Radar,34,24,12,0,70,0,0,18,2,20,34,24,30,2,90,0,0,0,90
01/25/2021,ALB,NY,AEA,EN,Combined TRACON& Tower with Radar,26,26,5,3,60,0,2,47,3,52,26,28,52,6,112,0,0,0,112
01/26/2021,ALB,NY,AEA,EN,Combined TRACON& Tower with Radar,27,17,1,2,47,0,0,10,2,12,27,17,11,4,59,0,0,0,59
01/27/2021,ALB,NY,AEA,EN,Combined TRACON& Tower with Radar,28,23,5,3,59,0,0,6,3,9,28,23,11,6,68,0,0,0,68
01/28/2021,ALB,NY,AEA,EN,Combined TRACON& Tower with Radar,35,39,16,3,93,0,0,22,4,26,35,39,38,7,119,0,0,0,119
01/29/2021,ALB,NY,AEA,EN,Combined TRACON& Tower with Radar,38,25,10,10,83,0,0,21,0,21,38,25,31,10,104,0,0,0,104
01/30/2021,ALB,NY,AEA,EN,Combined TRACON& Tower with Radar,29,20,16,0,65,0,1,13,4,18,29,21,29,4,83,0,0,0,83
01/31/2021,ALB,NY,AEA,EN,Combined TRACON& Tower with Radar,31,19,16,0,66,0,0,37,0,37,31,19,53,0,103,0,0,0,103
02/01/2021,ALB,NY,AEA,EN,Combined TRACON& Tower with Radar,25,18,1,0,44,0,0,2,0,2,25,18,3,0,46,0,0,0,46
02/02/2021,ALB,NY,AEA,EN,Combined TRACON& Tower with Radar,24,13,5,0,42,0,0,0,0,0,24,13,5,0,42,0,0,0,42
02/03/2021,ALB,NY,AEA,EN,Combined TRACON& Tower with Radar,27,21,5,4,57,0,0,0,14,14,27,21,5,18,71,0,64,64,135
02/04/2021,ALB,NY,AEA,EN,Combined TRACON& Tower with Radar,38,40,25,7,110,0,2,43,20,65,38,42,68,27,175,18,6,24,199
02/05/2021,ALB,NY,AEA,EN,Combined TRACON& Tower with Radar,38,22,1,17,78,0,0,9,15,24,38,22,10,32,102,3,28,31,133
02/06/2021,ALB,NY,AEA,EN,Combined TRACON& Tower with Radar,28,20,25,0,73,0,0,25,0,25,28,20,50,0,98,12,0,12,110
02/07/2021,ALB,NY,AEA,EN,Combined TRACON& Tower with Radar,32,20,2,0,54,0,0,2,0,2,32,20,4,0,56,0,0,0,56
02/08/2021,ALB,NY,AEA,EN,Combined TRACON& Tower with Radar,31,28,22,0,81,0,2,36,0,38,31,30,58,0,119,24,0,24,143
02/09/2021,ALB,NY,AEA,EN,Combined TRACON& Tower with Radar,28,18,5,4,55,0,0,0,0,0,28,18,5,4,55,0,0,0,55
02/10/2021,ALB,NY,AEA,EN,Combined TRACON& Tower with Radar,31,30,17,3,81,0,2,22,19,43,31,32,39,22,124,28,0,28,152
02/11/2021,ALB,NY,AEA,EN,Combined TRACON& Tower with Radar,39,26,19,3,87,0,0,31,7,38,39,26,50,10,125,6,0,6,131
02/12/2021,ALB,NY,AEA,EN,Combined TRACON& Tower with Radar,41,24,18,9,92,0,0,20,3,23,41,24,38,12,115,0,8,8,123
02/13/2021,ALB,NY,AEA,EN,Combined TRACON& Tower with Radar,36,26,17,0,79,0,1,27,0,28,36,27,44,0,107,13,0,13,120
02/14/2021,ALB,NY,AEA,EN,Combined TRACON& Tower with Radar,32,19,3,0,54,0,0,7,0,7,32,19,10,0,61,11,0,11,72
02/15/2021,ALB,NY,AEA,EN,Combined TRACON& Tower with Radar,30,18,8,0,56,0,0,0,0,0,30,18,8,0,56,0,0,0,56
02/16/2021,ALB,NY,AEA,EN,Combined TRACON& Tower with Radar,32,16,7,0,55,0,0,0,0,0,32,16,7,0,55,0,0,0,55
02/17/2021,ALB,NY,AEA,EN,Combined TRACON& Tower with Radar,30,24,31,7,92,0,5,46,16,67,30,29,77,23,159,6,8,14,173
02/18/2021,ALB,NY,AEA,EN,Combined TRACON& Tower with Radar,31,22,13,7,73,0,0,13,7,20,31,22,26,14,93,0,0,0,93
02/19/2021,ALB,NY,AEA,EN,Combined TRACON& Tower with Radar,40,23,13,10,86,0,0,2,0,2,40,23,15,10,88,0,0,0,88
02/20/2021,ALB,NY,AEA,EN,Combined TRACON& Tower with Radar,36,20,11,0,67,0,0,19,0,19,36,20,30,0,86,2,0,2,88
02/21/2021,ALB,NY,AEA,EN,Combined TRACON& Tower with Radar,37,25,23,0,85,0,0,49,2,51,37,25,72,2,136,0,0,0,136
02/22/2021,ALB,NY,AEA,EN,Combined TRACON& Tower with Radar,34,31,13,14,92,0,0,1,2,3,34,31,14,16,95,0,0,0,95
02/23/2021,ALB,NY,AEA,EN,Combined TRACON& Tower with Radar,30,22,9,6,67,0,1,7,6,14,30,23,16,12,81,0,0,0,81
02/24/2021,ALB,NY,AEA,EN,Combined TRACON& Tower with Radar,30,21,23,3,77,0,0,30,17,47,30,21,53,20,124,0,0,0,124
02/25/2021,ALB,NY,AEA,EN,Combined TRACON& Tower with Radar,38,29,17,10,94,0,0,16,23,39,38,29,33,33,133,0,0,0,133
02/26/2021,ALB,NY,AEA,EN,Combined TRACON& Tower with Radar,39,30,18,4,91,0,0,30,5,35,39,30,48,9,126,0,0,0,126
02/27/2021,ALB,NY,AEA,EN,Combined TRACON& Tower with Radar,36,16,6,0,58,0,0,0,0,0,36,16,6,0,58,0,0,0,58
02/28/2021,ALB,NY,AEA,EN,Combined TRACON& Tower with Radar,37,22,21,4,84,0,0,19,13,32,37,22,40,17,116,0,0,0,116
03/01/2021,ALB,NY,AEA,EN,Combined TRACON& Tower with Radar,38,38,20,1,97,0,1,3,3,7,38,39,23,4,104,1,0,1,105
03/02/2021,ALB,NY,AEA,EN,Combined TRACON& Tower with Radar,36,19,6,0,61,0,0,8,0,8,36,19,14,0,69,2,0,2,71
03/03/2021,ALB,NY,AEA,EN,Combined TRACON& Tower with Radar,30,22,30,12,94,0,0,23,18,41,30,22,53,30,135,0,0,0,135
03/04/2021,ALB,NY,AEA,EN,Combined TRACON& Tower with Radar,40,26,11,13,90,0,1,22,15,38,40,27,33,28,128,6,0,6,134
03/05/2021,ALB,NY,AEA,EN,Combined TRACON& Tower with Radar,42,27,8,1,78,0,2,14,4,20,42,29,22,5,98,4,0,4,102
03/06/2021,ALB,NY,AEA,EN,Combined TRACON& Tower with Radar,42,20,13,0,75,0,0,19,0,19,42,20,32,0,94,0,0,0,94
03/07/2021,ALB,NY,AEA,EN,Combined TRACON& Tower with Radar,48,16,17,0,81,0,2,44,0,46,48,18,61,0,127,0,0,0,127
03/08/2021,ALB,NY,AEA,EN,Combined TRACON& Tower with Radar,44,23,18,0,85,0,4,27,3,34,44,27,45,3,119,0,0,0,119
03/09/2021,ALB,NY,AEA,EN,Combined TRACON& Tower with Radar,36,26,14,1,77,0,0,24,5,29,36,26,38,6,106,16,0,16,122
03/10/2021,ALB,NY,AEA,EN,Combined TRACON& Tower with Radar,34,30,15,2,81,0,2,40,21,63,34,32,55,23,144,8,0,8,152
03/11/2021,ALB,NY,AEA,EN,Combined TRACON& Tower with Radar,49,25,5,6,85,0,2,14,26,42,49,27,19,32,127,19,25,44,171
03/12/2021,ALB,NY,AEA,EN,Combined TRACON& Tower with Radar,46,28,18,0,92,0,1,20,6,27,46,29,38,6,119,12,0,12,131
03/13/2021,ALB,NY,AEA,EN,Combined TRACON& Tower with Radar,43,15,12,0,70,0,0,17,0,17,43,15,29,0,87,8,0,8,95
03/14/2021,ALB,NY,AEA,EN,Combined TRACON& Tower with Radar,44,24,16,0,84,0,0,9,0,9,44,24,25,0,93,0,0,0,93
03/15/2021,ALB,NY,AEA,EN,Combined TRACON& Tower with Radar,38,22,12,2,74,0,0,10,0,10,38,22,22,2,84,0,0,0,84
03/16/2021,ALB,NY,AEA,EN,Combined TRACON& Tower with Radar,40,19,17,6,82,0,4,32,5,41,40,23,49,11,123,2,4,6,129
03/17/2021,ALB,NY,AEA,EN,Combined TRACON& Tower with Radar,36,31,15,0,82,0,0,19,4,23,36,31,34,4,105,6,0,6,111
03/18/2021,ALB,NY,AEA,EN,Combined TRACON& Tower with Radar,46,29,5,2,82,0,0,0,0,0,46,29,5,2,82,0,0,0,82
03/19/2021,ALB,NY,AEA,EN,Combined TRACON& Tower with Radar,45,22,9,3,79,0,2,25,14,41,45,24,34,17,120,3,9,12,132
03/20/2021,ALB,NY,AEA,EN,Combined TRACON& Tower with Radar,40,16,19,5,80,0,1,49,13,63,40,17,68,18,143,26,0,26,169
03/21/2021,ALB,NY,AEA,EN,Combined TRACON& Tower with Radar,45,20,18,2,85,0,1,40,12,53,45,21,58,14,138,34,0,34,172
03/22/2021,ALB,NY,AEA,EN,Combined TRACON& Tower with Radar,41,22,12,6,81,0,2,37,5,44,41,24,49,11,125,15,14,29,154
03/23/2021,ALB,NY,AEA,EN,Combined TRACON& Tower with Radar,40,23,15,3,81,0,2,26,3,31,40,25,41,6,112,8,6,14,126
03/24/2021,ALB,NY,AEA,EN,Combined TRACON& Tower with Radar,40,27,16,17,100,0,0,9,5,14,40,27,25,22,114,0,0,0,114
03/25/2021,ALB,NY,AEA,EN,Combined TRACON& Tower with Radar,48,31,15,3,97,0,0,32,11,43,48,31,47,14,140,0,0,0,140
03/26/2021,ALB,NY,AEA,EN,Combined TRACON& Tower with Radar,51,29,14,0,94,0,0,2,2,4,51,29,16,2,98,0,0,0,98
03/27/2021,ALB,NY,AEA,EN,Combined TRACON& Tower with Radar,36,12,17,1,66,0,0,40,1,41,36,12,57,2,107,0,0,0,107
03/28/2021,ALB,NY,AEA,EN,Combined TRACON& Tower with Radar,54,17,14,0,85,0,0,2,0,2,54,17,16,0,87,0,0,0,87
03/29/2021,ALB,NY,AEA,EN,Combined TRACON& Tower with Radar,44,23,11,0,78,0,1,5,0,6,44,24,16,0,84,0,0,0,84
03/30/2021,ALB,NY,AEA,EN,Combined TRACON& Tower with Radar,44,20,13,32,109,0,0,28,21,49,44,20,41,53,158,0,0,0,158
03/31/2021,ALB,NY,AEA,EN,Combined TRACON& Tower with Radar,44,25,23,2,94,0,0,3,4,7,44,25,26,6,101,0,0,0,101
04/01/2021,ALB,NY,AEA,EN,Combined TRACON& Tower with Radar,52,32,2,0,86,0,0,0,0,0,52,32,2,0,86,0,0,0,86
04/02/2021,ALB,NY,AEA,EN,Combined TRACON& Tower with Radar,48,30,20,2,100,0,0,25,8,33,48,30,45,10,133,13,0,13,146
04/03/2021,ALB,NY,AEA,EN,Combined TRACON& Tower with Radar,37,17,26,0,80,0,0,55,0,55,37,17,81,0,135,35,0,35,170
04/04/2021,ALB,NY,AEA,EN,Combined TRACON& Tower with Radar,47,18,14,0,79,0,3,19,0,22,47,21,33,0,101,0,0,0,101
04/05/2021,ALB,NY,AEA,EN,Combined TRACON& Tower with Radar,42,32,13,0,87,0,0,40,9,49,42,32,53,9,136,2,8,10,146
04/06/2021,ALB,NY,AEA,EN,Combined TRACON& Tower with Radar,46,28,15,7,96,0,3,41,4,48,46,31,56,11,144,2,6,8,152
04/07/2021,ALB,NY,AEA,EN,Combined TRACON& Tower with Radar,47,25,23,0,95,0,0,50,8,58,47,25,73,8,153,18,0,18,171
04/08/2021,ALB,NY,AEA,EN,Combined TRACON& Tower with Radar,56,29,20,10,115,0,2,49,13,64,56,31,69,23,179,57,0,57,236
04/09/2021,ALB,NY,AEA,EN,Combined TRACON& Tower with Radar,53,27,16,4,100,0,0,35,5,40,53,27,51,9,140,13,0,13,153
04/10/2021,ALB,NY,AEA,EN,Combined TRACON& Tower with Radar,48,17,29,0,94,0,0,52,2,54,48,17,81,2,148,44,0,44,192
04/11/2021,ALB,NY,AEA,EN,Combined TRACON& Tower with Radar,51,20,14,0,85,0,0,6,0,6,51,20,20,0,91,3,0,3,94
04/12/2021,ALB,NY,AEA,EN,Combined TRACON& Tower with Radar,44,29,19,4,96,0,0,12,5,17,44,29,31,9,113,2,0,2,115
04/13/2021,ALB,NY,AEA,EN,Combined TRACON& Tower with Radar,48,27,19,10,104,0,1,26,16,43,48,28,45,26,147,38,0,38,185
04/14/2021,ALB,NY,AEA,EN,Combined TRACON& Tower with Radar,44,27,16,14,101,0,0,33,4,37,44,27,49,18,138,12,0,12,150
04/15/2021,ALB,NY,AEA,EN,Combined TRACON& Tower with Radar,51,34,12,4,101,0,0,0,0,0,51,34,12,4,101,0,0,0,101
04/16/2021,ALB,NY,AEA,EN,Combined TRACON& Tower with Radar,55,31,9,12,107,0,0,0,1,1,55,31,9,13,108,12,14,26,134
04/17/2021,ALB,NY,AEA,EN,Combined TRACON& Tower with Radar,41,22,19,0,82,0,0,20,0,20,41,22,39,0,102,2,0,2,104
04/18/2021,ALB,NY,AEA,EN,Combined TRACON& Tower with Radar,45,20,14,2,81,0,0,41,0,41,45,20,55,2,122,8,0,8,130
04/19/2021,ALB,NY,AEA,EN,Combined TRACON& Tower with Radar,45,26,20,0,91,0,1,25,8,34,45,27,45,8,125,16,0,16,141
04/20/2021,ALB,NY,AEA,EN,Combined TRACON& Tower with Radar,44,26,16,4,90,0,0,27,13,40,44,26,43,17,130,0,0,0,130
04/21/2021,ALB,NY,AEA,EN,Combined TRACON& Tower with Radar,46,29,11,5,91,0,0,1,12,13,46,29,12,17,104,0,0,0,104
04/22/2021,ALB,NY,AEA,EN,Combined TRACON& Tower with Radar,53,31,11,6,101,0,0,2,10,12,53,31,13,16,113,0,0,0,113
04/23/2021,ALB,NY,AEA,EN,Combined TRACON& Tower with Radar,54,30,14,0,98,0,1,20,4,25,54,31,34,4,123,0,0,0,123
04/24/2021,ALB,NY,AEA,EN,Combined TRACON& Tower with Radar,41,17,18,0,76,0,0,50,4,54,41,17,68,4,130,0,0,0,130
04/25/2021,ALB,NY,AEA,EN,Combined TRACON& Tower with Radar,51,20,12,0,83,0,0,8,0,8,51,20,20,0,91,0,0,0,91
04/26/2021,ALB,NY,AEA,EN,Combined TRACON& Tower with Radar,44,29,16,15,104,0,4,27,17,48,44,33,43,32,152,0,0,0,152
04/27/2021,ALB,NY,AEA,EN,Combined TRACON& Tower with Radar,49,27,23,2,101,0,5,55,12,72,49,32,78,14,173,0,0,0,173
04/28/2021,ALB,NY,AEA,EN,Combined TRACON& Tower with Radar,46,25,25,12,108,0,0,16,15,31,46,25,41,27,139,0,0,0,139
04/29/2021,ALB,NY,AEA,EN,Combined TRACON& Tower with Radar,55,35,14,3,107,0,0,0,0,0,55,35,14,3,107,0,0,0,107
04/30/2021,ALB,NY,AEA,EN,Combined TRACON& Tower with Radar,54,37,10,2,103,0,0,3,2,5,54,37,13,4,108,0,0,0,108
05/01/2021,ALB,NY,AEA,EN,Combined TRACON& Tower with Radar,41,18,14,0,73,0,3,15,0,18,41,21,29,0,91,0,0,0,91
05/02/2021,ALB,NY,AEA,EN,Combined TRACON& Tower with Radar,46,27,19,0,92,0,1,16,0,17,46,28,35,0,109,10,0,10,119
05/03/2021,ALB,NY,AEA,EN,Combined TRACON& Tower with Radar,51,33,22,22,128,0,0,14,12,26,51,33,36,34,154,2,52,54,208
05/04/2021,ALB,NY,AEA,EN,Combined TRACON& Tower with Radar,53,32,24,8,117,0,0,0,1,1,53,32,24,9,118,10,6,16,134
05/05/2021,ALB,NY,AEA,EN,Combined TRACON& Tower with Radar,44,40,10,0,94,0,0,0,0,0,44,40,10,0,94,1,0,1,95
05/06/2021,ALB,NY,AEA,EN,Combined TRACON& Tower with Radar,59,26,18,4,107,0,0,43,25,68,59,26,61,29,175,0,0,0,175
05/07/2021,ALB,NY,AEA,EN,Combined TRACON& Tower with Radar,60,28,12,2,102,0,5,31,56,92,60,33,43,58,194,0,0,0,194
05/08/2021,ALB,NY,AEA,EN,Combined TRACON& Tower with Radar,45,17,25,0,87,0,0,23,0,23,45,17,48,0,110,0,0,0,110
05/09/2021,ALB,NY,AEA,EN,Combined TRACON& Tower with Radar,53,22,10,0,85,0,1,24,2,27,53,23,34,2,112,0,0,0,112
05/10/2021,ALB,NY,AEA,EN,Combined TRACON& Tower with Radar,50,24,15,5,94,0,0,17,5,22,50,24,32,10,116,0,0,0,116
05/11/2021,ALB,NY,AEA,EN,Combined TRACON& Tower with Radar,51,32,12,2,97,0,4,29,6,39,51,36,41,8,136,0,0,0,136
05/12/2021,ALB,NY,AEA,EN,Combined TRACON& Tower with Radar,46,27,14,4,91,0,2,21,6,29,46,29,35,10,120,0,0,0,120
05/13/2021,ALB,NY,AEA,EN,Combined TRACON& Tower with Radar,57,24,10,0,91,0,0,63,7,70,57,24,73,7,161,0,0,0,161
05/14/2021,ALB,NY,AEA,EN,Combined TRACON& Tower with Radar,60,25,13,1,99,0,0,49,11,60,60,25,62,12,159,0,0,0,159
05/15/2021,ALB,NY,AEA,EN,Combined TRACON& Tower with Radar,46,21,14,0,81,0,2,29,9,40,46,23,43,9,121,0,0,0,121
05/16/2021,ALB,NY,AEA,EN,Combined TRACON& Tower with Radar,52,15,22,0,89,0,2,29,14,45,52,17,51,14,134,0,0,0,134
05/17/2021,ALB,NY,AEA,EN,Combined TRACON& Tower with Radar,53,21,10,1,85,0,3,32,5,40,53,24,42,6,125,0,0,0,125
05/18/2021,ALB,NY,AEA,EN,Combined TRACON& Tower with Radar,49,28,16,0,93,0,1,18,4,23,49,29,34,4,116,0,0,0,116
05/19/2021,ALB,NY,AEA,EN,Combined TRACON& Tower with Radar,48,25,15,6,94,0,5,35,14,54,48,30,50,20,148,0,0,0,148
05/20/2021,ALB,NY,AEA,EN,Combined TRACON& Tower with Radar,54,32,27,5,118,0,2,43,16,61,54,34,70,21,179,0,0,0,179
05/21/2021,ALB,NY,AEA,EN,Combined TRACON& Tower with Radar,59,29,16,6,110,0,3,32,2,37,59,32,48,8,147,0,0,0,147
05/22/2021,ALB,NY,AEA,EN,Combined TRACON& Tower with Radar,47,26,24,0,97,0,0,28,0,28,47,26,52,0,125,0,0,0,125
05/23/2021,ALB,NY,AEA,EN,Combined TRACON& Tower with Radar,50,20,33,0,103,0,1,8,2,11,50,21,41,2,114,0,0,0,114
05/24/2021,ALB,NY,AEA,EN,Combined TRACON& Tower with Radar,54,24,14,6,98,0,1,38,7,46,54,25,52,13,144,0,0,0,144
05/25/2021,ALB,NY,AEA,EN,Combined TRACON& Tower with Radar,48,37,26,17,128,0,0,24,14,38,48,37,50,31,166,0,0,0,166
05/26/2021,ALB,NY,AEA,EN,Combined TRACON& Tower with Radar,50,24,6,3,83,0,3,22,12,37,50,27,28,15,120,0,0,0,120
05/27/2021,ALB,NY,AEA,EN,Combined TRACON& Tower with Radar,58,29,17,3,107,0,0,42,21,63,58,29,59,24,170,0,0,0,170
05/28/2021,ALB,NY,AEA,EN,Combined TRACON& Tower with Radar,56,25,8,0,89,0,0,15,0,15,56,25,23,0,104,0,0,0,104
05/29/2021,ALB,NY,AEA,EN,Combined TRACON& Tower with Radar,48,20,15,0,83,0,0,5,0,5,48,20,20,0,88,0,0,0,88
05/30/2021,ALB,NY,AEA,EN,Combined TRACON& Tower with Radar,43,16,8,0,67,0,0,3,0,3,43,16,11,0,70,0,0,0,70
05/31/2021,ALB,NY,AEA,EN,Combined TRACON& Tower with Radar,52,22,24,0,98,0,0,18,2,20,52,22,42,2,118,0,0,0,118
06/01/2021,ALB,NY,AEA,EN,Combined TRACON& Tower with Radar,43,29,11,0,83,0,0,60,6,66,43,29,71,6,149,37,0,37,186
06/02/2021,ALB,NY,AEA,EN,Combined TRACON& Tower with Radar,48,31,16,3,98,0,0,32,6,38,48,31,48,9,136,0,0,0,136
06/03/2021,ALB,NY,AEA,EN,Combined TRACON& Tower with Radar,52,25,29,3,109,0,0,5,7,12,52,25,34,10,121,1,0,1,122
06/04/2021,ALB,NY,AEA,EN,Combined TRACON& Tower with Radar,70,23,21,1,115,0,0,19,6,25,70,23,40,7,140,16,0,16,156
06/05/2021,ALB,NY,AEA,EN,Combined TRACON& Tower with Radar,45,27,19,2,93,0,2,32,11,45,45,29,51,13,138,15,0,15,153
06/06/2021,ALB,NY,AEA,EN,Combined TRACON& Tower with Radar,54,21,6,0,81,0,1,41,8,50,54,22,47,8,131,1,0,1,132
06/07/2021,ALB,NY,AEA,EN,Combined TRACON& Tower with Radar,61,21,13,3,98,0,0,31,5,36,61,21,44,8,134,10,0,10,144
06/08/2021,ALB,NY,AEA,EN,Combined TRACON& Tower with Radar,54,35,12,3,104,0,4,13,7,24,54,39,25,10,128,5,0,5,133
06/09/2021,ALB,NY,AEA,EN,Combined TRACON& Tower with Radar,56,31,22,28,137,0,2,12,14,28,56,33,34,42,165,6,10,16,181
06/10/2021,ALB,NY,AEA,EN,Combined TRACON& Tower with Radar,58,39,23,4,124,0,0,34,10,44,58,39,57,14,168,15,6,21,189
06/11/2021,ALB,NY,AEA,EN,Combined TRACON& Tower with Radar,66,27,17,2,112,0,3,27,0,30,66,30,44,2,142,12,0,12,154
06/12/2021,ALB,NY,AEA,EN,Combined TRACON& Tower with Radar,50,21,14,3,88,0,1,24,1,26,50,22,38,4,114,0,0,0,114
06/13/2021,ALB,NY,AEA,EN,Combined TRACON& Tower with Radar,55,16,20,0,91,0,0,35,0,35,55,16,55,0,126,5,0,5,131
06/14/2021,ALB,NY,AEA,EN,Combined TRACON& Tower with Radar,59,26,14,8,107,0,0,0,0,0,59,26,14,8,107,0,0,0,107
06/15/2021,ALB,NY,AEA,EN,Combined TRACON& Tower with Radar,57,29,18,0,104,0,0,19,4,23,57,29,37,4,127,1,0,1,128
06/16/2021,ALB,NY,AEA,EN,Combined TRACON& Tower with Radar,56,40,17,9,122,0,0,49,18,67,56,40,66,27,189,11,0,11,200
06/17/2021,ALB,NY,AEA,EN,Combined TRACON& Tower with Radar,66,34,27,4,131,0,2,52,15,69,66,36,79,19,200,23,0,23,223
06/18/2021,ALB,NY,AEA,EN,Combined TRACON& Tower with Radar,65,35,24,1,125,0,3,43,5,51,65,38,67,6,176,1,0,1,177
06/19/2021,ALB,NY,AEA,EN,Combined TRACON& Tower with Radar,51,22,16,0,89,0,2,23,0,25,51,24,39,0,114,8,0,8,122
06/20/2021,ALB,NY,AEA,EN,Combined TRACON& Tower with Radar,58,19,16,0,93,0,2,30,0,32,58,21,46,0,125,4,0,4,129
06/21/2021,ALB,NY,AEA,EN,Combined TRACON& Tower with Radar,57,34,21,0,112,0,2,6,0,8,57,36,27,0,120,17,0,17,137
06/22/2021,ALB,NY,AEA,EN,Combined TRACON& Tower with Radar,61,36,11,12,120,0,0,7,0,7,61,36,18,12,127,0,0,0,127
06/23/2021,ALB,NY,AEA,EN,Combined TRACON& Tower with Radar,57,29,25,0,111,0,2,43,17,62,57,31,68,17,173,19,0,19,192
06/24/2021,ALB,NY,AEA,EN,Combined TRACON& Tower with Radar,65,33,12,6,116,0,2,36,15,53,65,35,48,21,169,14,0,14,183
06/25/2021,ALB,NY,AEA,EN,Combined TRACON& Tower with Radar,64,31,20,12,127,0,0,18,19,37,64,31,38,31,164,20,12,32,196
06/26/2021,ALB,NY,AEA,EN,Combined TRACON& Tower with Radar,52,21,26,0,99,0,0,16,0,16,52,21,42,0,115,0,0,0,115
06/27/2021,ALB,NY,AEA,EN,Combined TRACON& Tower with Radar,59,23,24,0,106,0,0,29,0,29,59,23,53,0,135,11,0,11,146
06/28/2021,ALB,NY,AEA,EN,Combined TRACON& Tower with Radar,58,29,21,10,118,0,2,29,10,41,58,31,50,20,159,16,10,26,185
06/29/2021,ALB,NY,AEA,EN,Combined TRACON& Tower with Radar,61,28,28,1,118,0,0,16,3,19,61,28,44,4,137,20,0,20,157
06/30/2021,ALB,NY,AEA,EN,Combined TRACON& Tower with Radar,58,32,17,5,112,0,2,16,6,24,58,34,33,11,136,9,0,9,145
07/01/2021,ALB,NY,AEA,EN,Combined TRACON& Tower with Radar,65,42,25,4,136,0,1,11,1,13,65,43,36,5,149,39,0,39,188
07/02/2021,ALB,NY,AEA,EN,Combined TRACON& Tower with Radar,67,31,27,2,127,0,0,2,0,2,67,31,29,2,129,0,0,0,129
07/03/2021,ALB,NY,AEA,EN,Combined TRACON& Tower with Radar,60,26,19,0,105,0,0,7,0,7,60,26,26,0,112,14,0,14,126
07/04/2021,ALB,NY,AEA,EN,Combined TRACON& Tower with Radar,49,22,16,2,89,0,2,6,0,8,49,24,22,2,97,4,0,4,101
07/05/2021,ALB,NY,AEA,EN,Combined TRACON& Tower with Radar,62,20,19,0,101,0,2,34,0,36,62,22,53,0,137,2,0,2,139
07/06/2021,ALB,NY,AEA,EN,Combined TRACON& Tower with Radar,66,26,8,0,100,0,0,15,0,15,66,26,23,0,115,0,0,0,115
07/07/2021,ALB,NY,AEA,EN,Combined TRACON& Tower with Radar,64,33,26,2,125,0,2,27,4,33,64,35,53,6,158,8,0,8,166
07/08/2021,ALB,NY,AEA,EN,Combined TRACON& Tower with Radar,71,35,6,0,112,0,0,8,0,8,71,35,14,0,120,0,0,0,120
07/09/2021,ALB,NY,AEA,EN,Combined TRACON& Tower with Radar,68,33,28,6,135,0,0,15,2,17,68,33,43,8,152,3,0,3,155
07/10/2021,ALB,NY,AEA,EN,Combined TRACON& Tower with Radar,60,28,23,2,113,0,7,45,6,58,60,35,68,8,171,31,0,31,202
07/11/2021,ALB,NY,AEA,EN,Combined TRACON& Tower with Radar,68,23,22,4,117,0,0,33,7,40,68,23,55,11,157,12,0,12,169
07/12/2021,ALB,NY,AEA,EN,Combined TRACON& Tower with Radar,63,34,13,6,116,0,4,3,0,7,63,38,16,6,123,10,0,10,133
07/13/2021,ALB,NY,AEA,EN,Combined TRACON& Tower with Radar,64,36,20,11,131,0,2,11,17,30,64,38,31,28,161,0,0,0,161
07/14/2021,ALB,NY,AEA,EN,Combined TRACON& Tower with Radar,63,37,13,5,118,0,0,8,18,26,63,37,21,23,144,0,0,0,144
07/15/2021,ALB,NY,AEA,EN,Combined TRACON& Tower with Radar,65,38,24,14,141,0,4,50,13,67,65,42,74,27,208,0,0,0,208
07/16/2021,ALB,NY,AEA,EN,Combined TRACON& Tower with Radar,73,28,29,12,142,0,0,43,21,64,73,28,72,33,206,0,0,0,206
07/17/2021,ALB,NY,AEA,EN,Combined TRACON& Tower with Radar,53,30,19,3,105,0,0,12,0,12,53,30,31,3,117,0,0,0,117
07/18/2021,ALB,NY,AEA,EN,Combined TRACON& Tower with Radar,62,33,32,3,130,0,0,0,0,0,62,33,32,3,130,0,0,0,130
07/19/2021,ALB,NY,AEA,EN,Combined TRACON& Tower with Radar,68,29,25,9,131,0,0,17,18,35,68,29,42,27,166,30,0,30,196
07/20/2021,ALB,NY,AEA,EN,Combined TRACON& Tower with Radar,66,29,30,8,133,0,0,19,15,34,66,29,49,23,167,34,0,34,201
07/21/2021,ALB,NY,AEA,EN,Combined TRACON& Tower with Radar,64,45,28,5,142,0,2,12,8,22,64,47,40,13,164,5,0,5,169
07/22/2021,ALB,NY,AEA,EN,Combined TRACON& Tower with Radar,65,30,25,3,123,0,1,61,16,78,65,31,86,19,201,19,0,19,220
07/23/2021,ALB,NY,AEA,EN,Combined TRACON& Tower with Radar,66,34,19,1,120,0,0,40,7,47,66,34,59,8,167,6,0,6,173
07/24/2021,ALB,NY,AEA,EN,Combined TRACON& Tower with Radar,55,32,25,0,112,0,0,31,4,35,55,32,56,4,147,21,0,21,168
07/25/2021,ALB,NY,AEA,EN,Combined TRACON& Tower with Radar,59,23,12,2,96,0,0,6,0,6,59,23,18,2,102,0,0,0,102
07/26/2021,ALB,NY,AEA,EN,Combined TRACON& Tower with Radar,63,37,20,14,134,0,0,18,7,25,63,37,38,21,159,0,0,0,159
07/27/2021,ALB,NY,AEA,EN,Combined TRACON& Tower with Radar,68,35,15,8,126,0,0,19,8,27,68,35,34,16,153,1,18,19,172
07/28/2021,ALB,NY,AEA,EN,Combined TRACON& Tower with Radar,64,40,32,1,137,0,0,29,11,40,64,40,61,12,177,16,0,16,193
07/29/2021,ALB,NY,AEA,EN,Combined TRACON& Tower with Radar,69,40,30,9,148,0,0,12,5,17,69,40,42,14,165,24,0,24,189
07/30/2021,ALB,NY,AEA,EN,Combined TRACON& Tower with Radar,72,31,31,0,134,0,0,19,2,21,72,31,50,2,155,12,0,12,167
07/31/2021,ALB,NY,AEA,EN,Combined TRACON& Tower with Radar,56,39,31,6,132,0,4,39,0,43,56,43,70,6,175,8,0,8,183
08/01/2021,ALB,NY,AEA,EN,Combined TRACON& Tower with Radar,63,35,10,0,108,0,2,22,0,24,63,37,32,0,132,22,0,22,154
08/02/2021,ALB,NY,AEA,EN,Combined TRACON& Tower with Radar,60,34,21,0,115,0,2,41,2,45,60,36,62,2,160,17,0,17,177
08/03/2021,ALB,NY,AEA,EN,Combined TRACON& Tower with Radar,62,34,16,3,115,0,0,47,3,50,62,34,63,6,165,29,0,29,194
08/04/2021,ALB,NY,AEA,EN,Combined TRACON& Tower with Radar,61,42,23,1,127,0,3,49,2,54,61,45,72,3,181,21,0,21,202
08/05/2021,ALB,NY,AEA,EN,Combined TRACON& Tower with Radar,65,39,31,21,156,0,5,37,18,60,65,44,68,39,216,42,18,60,276
08/06/2021,ALB,NY,AEA,EN,Combined TRACON& Tower with Radar,68,36,22,16,142,0,6,58,4,68,68,42,80,20,210,7,12,19,229
08/07/2021,ALB,NY,AEA,EN,Combined TRACON& Tower with Radar,53,40,25,0,118,0,3,32,0,35,53,43,57,0,153,14,0,14,167
08/08/2021,ALB,NY,AEA,EN,Combined TRACON& Tower with Radar,61,38,38,0,137,0,1,23,3,27,61,39,61,3,164,3,0,3,167
08/09/2021,ALB,NY,AEA,EN,Combined TRACON& Tower with Radar,61,46,21,6,134,0,5,25,0,30,61,51,46,6,164,3,4,7,171
08/10/2021,ALB,NY,AEA,EN,Combined TRACON& Tower with Radar,63,39,13,5,120,0,0,21,11,32,63,39,34,16,152,19,2,21,173
08/11/2021,ALB,NY,AEA,EN,Combined TRACON& Tower with Radar,60,41,23,3,127,0,0,20,13,33,60,41,43,16,160,27,2,29,189
08/12/2021,ALB,NY,AEA,EN,Combined TRACON& Tower with Radar,73,45,21,18,157,0,0,42,4,46,73,45,63,22,203,9,6,15,218
08/13/2021,ALB,NY,AEA,EN,Combined TRACON& Tower with Radar,64,30,29,4,127,0,1,34,4,39,64,31,63,8,166,5,5,10,176
08/14/2021,ALB,NY,AEA,EN,Combined TRACON& Tower with Radar,49,28,32,2,111,0,2,31,0,33,49,30,63,2,144,0,0,0,144
08/15/2021,ALB,NY,AEA,EN,Combined TRACON& Tower with Radar,64,34,27,0,125,0,0,53,0,53,64,34,80,0,178,30,0,30,208
08/16/2021,ALB,NY,AEA,EN,Combined TRACON& Tower with Radar,62,37,18,9,126,0,2,57,1,60,62,39,75,10,186,12,0,12,198
08/17/2021,ALB,NY,AEA,EN,Combined TRACON& Tower with Radar,67,39,23,8,137,0,0,11,1,12,67,39,34,9,149,13,0,13,162
08/18/2021,ALB,NY,AEA,EN,Combined TRACON& Tower with Radar,67,46,23,15,151,0,0,11,7,18,67,46,34,22,169,67,2,69,238
08/19/2021,ALB,NY,AEA,EN,Combined TRACON& Tower with Radar,66,35,19,3,123,0,0,0,0,0,66,35,19,3,123,4,0,4,127
08/20/2021,ALB,NY,AEA,EN,Combined TRACON& Tower with Radar,67,38,33,2,140,0,1,17,12,30,67,39,50,14,170,28,18,46,216
08/21/2021,ALB,NY,AEA,EN,Combined TRACON& Tower with Radar,58,25,21,0,104,0,2,19,0,21,58,27,40,0,125,2,0,2,127
08/22/2021,ALB,NY,AEA,EN,Combined TRACON& Tower with Radar,63,37,11,0,111,0,0,5,0,5,63,37,16,0,116,0,0,0,116
08/23/2021,ALB,NY,AEA,EN,Combined TRACON& Tower with Radar,67,33,27,0,127,0,3,5,4,12,67,36,32,4,139,29,0,29,168
08/24/2021,ALB,NY,AEA,EN,Combined TRACON& Tower with Radar,63,25,16,0,104,0,0,58,4,62,63,25,74,4,166,14,0,14,180
08/25/2021,ALB,NY,AEA,EN,Combined TRACON& Tower with Radar,64,42,19,14,139,0,0,59,14,73,64,42,78,28,212,19,0,19,231
08/26/2021,ALB,NY,AEA,EN,Combined TRACON& Tower with Radar,65,37,22,5,129,0,1,53,14,68,65,38,75,19,197,29,6,35,232
08/27/2021,ALB,NY,AEA,EN,Combined TRACON& Tower with Radar,71,30,32,2,135,0,4,41,2,47,71,34,73,4,182,10,0,10,192
08/28/2021,ALB,NY,AEA,EN,Combined TRACON& Tower with Radar,64,26,31,0,121,0,0,29,2,31,64,26,60,2,152,0,0,0,152
08/29/2021,ALB,NY,AEA,EN,Combined TRACON& Tower with Radar,65,31,20,2,118,0,0,4,0,4,65,31,24,2,122,0,0,0,122
08/30/2021,ALB,NY,AEA,EN,Combined TRACON& Tower with Radar,65,28,33,0,126,0,0,13,0,13,65,28,46,0,139,2,0,2,141
08/31/2021,ALB,NY,AEA,EN,Combined TRACON& Tower with Radar,65,34,23,20,142,0,2,44,11,57,65,36,67,31,199,0,0,0,199
09/01/2021,ALB,NY,AEA,EN,Combined TRACON& Tower with Radar,68,26,18,4,116,0,0,8,0,8,68,26,26,4,124,0,0,0,124
09/02/2021,ALB,NY,AEA,EN,Combined TRACON& Tower with Radar,69,39,23,0,131,0,0,25,13,38,69,39,48,13,169,2,0,2,171
09/03/2021,ALB,NY,AEA,EN,Combined TRACON& Tower with Radar,74,34,20,2,130,0,3,37,0,40,74,37,57,2,170,19,0,19,189
09/04/2021,ALB,NY,AEA,EN,Combined TRACON& Tower with Radar,53,23,2,0,78,0,2,49,0,51,53,25,51,0,129,6,0,6,135
09/05/2021,ALB,NY,AEA,EN,Combined TRACON& Tower with Radar,54,25,18,0,97,0,0,16,0,16,54,25,34,0,113,0,0,0,113
09/06/2021,ALB,NY,AEA,EN,Combined TRACON& Tower with Radar,64,28,24,0,116,0,0,22,0,22,64,28,46,0,138,0,0,0,138
09/07/2021,ALB,NY,AEA,EN,Combined TRACON& Tower with Radar,55,26,25,2,108,0,4,32,6,42,55,30,57,8,150,5,0,5,155
09/08/2021,ALB,NY,AEA,EN,Combined TRACON& Tower with Radar,59,36,10,6,111,0,2,23,6,31,59,38,33,12,142,18,24,42,184
09/09/2021,ALB,NY,AEA,EN,Combined TRACON& Tower with Radar,69,31,21,29,150,0,1,18,21,40,69,32,39,50,190,0,0,0,190
09/10/2021,ALB,NY,AEA,EN,Combined TRACON& Tower with Radar,68,32,20,10,130,0,1,22,16,39,68,33,42,26,169,14,14,28,197
09/11/2021,ALB,NY,AEA,EN,Combined TRACON& Tower with Radar,57,15,18,2,92,0,2,48,16,66,57,17,66,18,158,1,0,1,159
09/12/2021,ALB,NY,AEA,EN,Combined TRACON& Tower with Radar,62,23,26,7,118,0,2,22,11,35,62,25,48,18,153,11,4,15,168
09/13/2021,ALB,NY,AEA,EN,Combined TRACON& Tower with Radar,65,25,19,4,113,0,0,30,7,37,65,25,49,11,150,2,0,2,152
09/14/2021,ALB,NY,AEA,EN,Combined TRACON& Tower with Radar,58,31,27,8,124,0,2,49,4,55,58,33,76,12,179,15,0,15,194
09/15/2021,ALB,NY,AEA,EN,Combined TRACON& Tower with Radar,59,34,12,7,112,0,0,7,5,12,59,34,19,12,124,0,0,0,124
09/16/2021,ALB,NY,AEA,EN,Combined TRACON& Tower with Radar,72,32,19,9,132,0,0,26,19,45,72,32,45,28,177,0,0,0,177
09/17/2021,ALB,NY,AEA,EN,Combined TRACON& Tower with Radar,68,33,29,4,134,0,2,11,10,23,68,35,40,14,157,0,0,0,157
09/18/2021,ALB,NY,AEA,EN,Combined TRACON& Tower with Radar,56,25,34,2,117,0,0,24,0,24,56,25,58,2,141,4,0,4,145
09/19/2021,ALB,NY,AEA,EN,Combined TRACON& Tower with Radar,62,18,28,0,108,0,2,60,1,63,62,20,88,1,171,8,0,8,179
09/20/2021,ALB,NY,AEA,EN,Combined TRACON& Tower with Radar,69,28,26,11,134,0,1,19,8,28,69,29,45,19,162,0,16,16,178
09/21/2021,ALB,NY,AEA,EN,Combined TRACON& Tower with Radar,59,35,31,9,134,0,1,39,16,56,59,36,70,25,190,21,0,21,211
09/22/2021,ALB,NY,AEA,EN,Combined TRACON& Tower with Radar,58,35,37,24,154,0,2,3,8,13,58,37,40,32,167,16,21,37,204
09/23/2021,ALB,NY,AEA,EN,Combined TRACON& Tower with Radar,69,30,26,2,127,0,1,8,6,15,69,31,34,8,142,2,0,2,144
09/24/2021,ALB,NY,AEA,EN,Combined TRACON& Tower with Radar,74,28,28,2,132,0,0,32,0,32,74,28,60,2,164,10,0,10,174
09/25/2021,ALB,NY,AEA,EN,Combined TRACON& Tower with Radar,57,30,22,1,110,0,0,38,1,39,57,30,60,2,149,16,0,16,165
09/26/2021,ALB,NY,AEA,EN,Combined TRACON& Tower with Radar,60,28,14,0,102,0,4,38,0,42,60,32,52,0,144,20,0,20,164
09/27/2021,ALB,NY,AEA,EN,Combined TRACON& Tower with Radar,70,32,18,2,122,0,0,29,4,33,70,32,47,6,155,3,0,3,158
09/28/2021,ALB,NY,AEA,EN,Combined TRACON& Tower with Radar,58,31,16,5,110,0,4,20,9,33,58,35,36,14,143,8,0,8,151
09/29/2021,ALB,NY,AEA,EN,Combined TRACON& Tower with Radar,58,37,18,4,117,0,2,63,19,84,58,39,81,23,201,14,0,14,215
09/30/2021,ALB,NY,AEA,EN,Combined TRACON& Tower with Radar,71,37,26,4,138,0,0,18,7,25,71,37,44,11,163,14,0,14,177
10/01/2021,ALB,NY,AEA,EN,Combined TRACON& Tower with Radar,73,37,20,0,130,0,4,40,0,44,73,41,60,0,174,16,0,16,190
10/02/2021,ALB,NY,AEA,EN,Combined TRACON& Tower with Radar,57,26,18,0,101,0,2,26,0,28,57,28,44,0,129,22,0,22,151
10/03/2021,ALB,NY,AEA,EN,Combined TRACON& Tower with Radar,61,27,20,0,108,0,0,24,0,24,61,27,44,0,132,58,0,58,190
10/04/2021,ALB,NY,AEA,EN,Combined TRACON& Tower with Radar,70,31,22,0,123,0,0,1,0,1,70,31,23,0,124,0,0,0,124
10/05/2021,ALB,NY,AEA,EN,Combined TRACON& Tower with Radar,59,33,34,1,127,0,0,2,1,3,59,33,36,2,130,0,0,0,130
10/06/2021,ALB,NY,AEA,EN,Combined TRACON& Tower with Radar,55,33,20,7,115,0,3,10,5,18,55,36,30,12,133,1,0,1,134
10/07/2021,ALB,NY,AEA,EN,Combined TRACON& Tower with Radar,70,33,17,8,128,0,0,19,2,21,70,33,36,10,149,5,0,5,154
10/08/2021,ALB,NY,AEA,EN,Combined TRACON& Tower with Radar,69,37,17,0,123,0,3,32,0,35,69,40,49,0,158,13,0,13,171
10/09/2021,ALB,NY,AEA,EN,Combined TRACON& Tower with Radar,51,30,31,0,112,0,1,19,2,22,51,31,50,2,134,2,0,2,136
10/10/2021,ALB,NY,AEA,EN,Combined TRACON& Tower with Radar,60,27,24,0,111,0,0,12,0,12,60,27,36,0,123,43,0,43,166
10/11/2021,ALB,NY,AEA,EN,Combined TRACON& Tower with Radar,59,41,19,0,119,0,0,33,2,35,59,41,52,2,154,53,0,53,207
10/12/2021,ALB,NY,AEA,EN,Combined TRACON& Tower with Radar,61,37,21,0,119,0,0,18,2,20,61,37,39,2,139,14,1,15,154
10/13/2021,ALB,NY,AEA,EN,Combined TRACON& Tower with Radar,61,34,24,4,123,0,0,16,0,16,61,34,40,4,139,4,0,4,143
10/14/2021,ALB,NY,AEA,EN,Combined TRACON& Tower with Radar,69,44,28,18,159,0,0,30,22,52,69,44,58,40,211,8,1,9,220
10/15/2021,ALB,NY,AEA,EN,Combined TRACON& Tower with Radar,67,34,20,4,125,0,0,11,0,11,67,34,31,4,136,8,0,8,144
10/16/2021,ALB,NY,AEA,EN,Combined TRACON& Tower with Radar,53,36,10,0,99,0,0,1,0,1,53,36,11,0,100,2,0,2,102
10/17/2021,ALB,NY,AEA,EN,Combined TRACON& Tower with Radar,62,42,32,4,140,0,0,13,0,13,62,42,45,4,153,32,0,32,185
10/18/2021,ALB,NY,AEA,EN,Combined TRACON& Tower with Radar,64,30,20,3,117,0,0,20,4,24,64,30,40,7,141,0,0,0,141
10/19/2021,ALB,NY,AEA,EN,Combined TRACON& Tower with Radar,61,40,33,3,137,1,1,28,7,37,62,41,61,10,174,6,0,6,180
10/20/2021,ALB,NY,AEA,EN,Combined TRACON& Tower with Radar,60,39,20,2,121,0,3,31,21,55,60,42,51,23,176,20,0,20,196
10/21/2021,ALB,NY,AEA,EN,Combined TRACON& Tower with Radar,67,37,25,10,139,0,0,61,4,65,67,37,86,14,204,12,0,12,216
10/22/2021,ALB,NY,AEA,EN,Combined TRACON& Tower with Radar,67,40,24,2,133,0,2,35,14,51,67,42,59,16,184,19,0,19,203
10/23/2021,ALB,NY,AEA,EN,Combined TRACON& Tower with Radar,54,35,30,1,120,0,0,31,11,42,54,35,61,12,162,18,0,18,180
10/24/2021,ALB,NY,AEA,EN,Combined TRACON& Tower with Radar,61,32,28,5,126,0,3,43,2,48,61,35,71,7,174,14,0,14,188
10/25/2021,ALB,NY,AEA,EN,Combined TRACON& Tower with Radar,73,31,23,20,147,0,0,0,0,0,73,31,23,20,147,3,6,9,156
10/26/2021,ALB,NY,AEA,EN,Combined TRACON& Tower with Radar,70,41,8,0,119,0,0,1,0,1,70,41,9,0,120,0,0,0,120
10/27/2021,ALB,NY,AEA,EN,Combined TRACON& Tower with Radar,62,40,16,9,127,0,0,14,18,32,62,40,30,27,159,6,8,14,173
10/28/2021,ALB,NY,AEA,EN,Combined TRACON& Tower with Radar,67,37,38,6,148,0,2,34,14,50,67,39,72,20,198,0,2,2,200
10/29/2021,ALB,NY,AEA,EN,Combined TRACON& Tower with Radar,64,43,27,0,134,0,0,10,1,11,64,43,37,1,145,0,0,0,145
10/30/2021,ALB,NY,AEA,EN,Combined TRACON& Tower with Radar,50,32,17,0,99,0,0,1,0,1,50,32,18,0,100,4,0,4,104
10/31/2021,ALB,NY,AEA,EN,Combined TRACON& Tower with Radar,54,18,16,0,88,0,0,3,0,3,54,18,19,0,91,0,0,0,91
11/01/2021,ALB,NY,AEA,EN,Combined TRACON& Tower with Radar,66,28,27,6,127,0,0,18,2,20,66,28,45,8,147,6,0,6,153
11/02/2021,ALB,NY,AEA,EN,Combined TRACON& Tower with Radar,57,28,12,3,100,0,0,21,5,26,57,28,33,8,126,16,0,16,142
11/03/2021,ALB,NY,AEA,EN,Combined TRACON& Tower with Radar,64,30,27,2,123,0,1,26,10,37,64,31,53,12,160,4,0,4,164
11/04/2021,ALB,NY,AEA,EN,Combined TRACON& Tower with Radar,70,30,16,6,122,0,0,28,20,48,70,30,44,26,170,5,17,22,192
11/05/2021,ALB,NY,AEA,EN,Combined TRACON& Tower with Radar,76,33,19,1,129,0,5,30,2,37,76,38,49,3,166,0,0,0,166
11/06/2021,ALB,NY,AEA,EN,Combined TRACON& Tower with Radar,55,25,18,3,101,0,2,46,7,55,55,27,64,10,156,18,0,18,174
11/07/2021,ALB,NY,AEA,EN,Combined TRACON& Tower with Radar,64,21,20,0,105,0,0,45,3,48,64,21,65,3,153,23,0,23,176
11/08/2021,ALB,NY,AEA,EN,Combined TRACON& Tower with Radar,68,27,24,3,122,0,2,24,6,32,68,29,48,9,154,6,0,6,160
11/09/2021,ALB,NY,AEA,EN,Combined TRACON& Tower with Radar,59,40,26,7,132,0,5,25,6,36,59,45,51,13,168,3,0,3,171
11/10/2021,ALB,NY,AEA,EN,Combined TRACON& Tower with Radar,58,32,36,0,126,0,1,36,13,50,58,33,72,13,176,8,0,8,184
11/11/2021,ALB,NY,AEA,EN,Combined TRACON& Tower with Radar,70,37,26,0,133,0,0,21,0,21,70,37,47,0,154,17,0,17,171
11/12/2021,ALB,NY,AEA,EN,Combined TRACON& Tower with Radar,75,27,21,0,123,0,0,4,0,4,75,27,25,0,127,0,0,0,127
11/13/2021,ALB,NY,AEA,EN,Combined TRACON& Tower with Radar,56,24,7,0,87,0,0,5,0,5,56,24,12,0,92,28,0,28,120
11/14/2021,ALB,NY,AEA,EN,Combined TRACON& Tower with Radar,62,22,25,0,109,0,0,38,0,38,62,22,63,0,147,53,0,53,200
11/15/2021,ALB,NY,AEA,EN,Combined TRACON& Tower with Radar,68,35,10,2,115,0,0,13,2,15,68,35,23,4,130,0,0,0,130
11/16/2021,ALB,NY,AEA,EN,Combined TRACON& Tower with Radar,61,31,10,5,107,0,0,18,0,18,61,31,28,5,125,15,0,15,140
11/17/2021,ALB,NY,AEA,EN,Combined TRACON& Tower with Radar,59,39,12,5,115,0,0,31,2,33,59,39,43,7,148,6,0,6,154
11/18/2021,ALB,NY,AEA,EN,Combined TRACON& Tower with Radar,70,35,13,14,132,0,0,4,4,8,70,35,17,18,140,5,8,13,153
11/19/2021,ALB,NY,AEA,EN,Combined TRACON& Tower with Radar,71,35,24,5,135,0,0,23,7,30,71,35,47,12,165,2,0,2,167
11/20/2021,ALB,NY,AEA,EN,Combined TRACON& Tower with Radar,57,16,17,2,92,0,0,38,0,38,57,16,55,2,130,20,0,20,150
11/21/2021,ALB,NY,AEA,EN,Combined TRACON& Tower with Radar,65,22,19,2,108,0,0,29,0,29,65,22,48,2,137,34,0,34,171
11/22/2021,ALB,NY,AEA,EN,Combined TRACON& Tower with Radar,62,39,21,11,133,0,1,19,15,35,62,40,40,26,168,6,22,28,196
11/23/2021,ALB,NY,AEA,EN,Combined TRACON& Tower with Radar,67,41,40,27,175,0,1,34,22,57,67,42,74,49,232,10,19,29,261
11/24/2021,ALB,NY,AEA,EN,Combined TRACON& Tower with Radar,78,35,28,0,141,0,6,29,0,35,78,41,57,0,176,2,0,2,178
11/25/2021,ALB,NY,AEA,EN,Combined TRACON& Tower with Radar,37,22,13,0,72,0,5,14,0,19,37,27,27,0,91,4,0,4,95
11/26/2021,ALB,NY,AEA,EN,Combined TRACON& Tower with Radar,58,30,3,0,91,0,0,0,0,0,58,30,3,0,91,0,0,0,91
11/27/2021,ALB,NY,AEA,EN,Combined TRACON& Tower with Radar,68,36,13,0,117,0,1,9,0,10,68,37,22,0,127,2,0,2,129
11/28/2021,ALB,NY,AEA,EN,Combined TRACON& Tower with Radar,66,40,23,0,129,0,0,8,0,8,66,40,31,0,137,4,0,4,141
11/29/2021,ALB,NY,AEA,EN,Combined TRACON& Tower with Radar,69,44,13,10,136,0,0,9,5,14,69,44,22,15,150,8,16,24,174
11/30/2021,ALB,NY,AEA,EN,Combined TRACON& Tower with Radar,67,41,6,15,129,0,2,8,6,16,67,43,14,21,145,8,8,16,161
12/01/2021,ALB,NY,AEA,EN,Combined TRACON& Tower with Radar,68,31,13,3,115,0,0,30,11,41,68,31,43,14,156,0,0,0,156
12/02/2021,ALB,NY,AEA,EN,Combined TRACON& Tower with Radar,74,36,12,0,122,0,1,1,13,15,74,37,13,13,137,0,0,0,137
12/03/2021,ALB,NY,AEA,EN,Combined TRACON& Tower with Radar,76,38,17,1,132,0,3,18,7,28,76,41,35,8,160,0,0,0,160
12/04/2021,ALB,NY,AEA,EN,Combined TRACON& Tower with Radar,55,21,7,0,83,0,0,29,0,29,55,21,36,0,112,13,0,13,125
12/05/2021,ALB,NY,AEA,EN,Combined TRACON& Tower with Radar,61,21,31,2,115,0,1,33,0,34,61,22,64,2,149,8,0,8,157
12/06/2021,ALB,NY,AEA,EN,Combined TRACON& Tower with Radar,66,27,7,0,100,0,0,0,0,0,66,27,7,0,100,0,0,0,100
12/07/2021,ALB,NY,AEA,EN,Combined TRACON& Tower with Radar,64,35,6,8,113,0,5,11,0,16,64,40,17,8,129,44,5,49,178
12/08/2021,ALB,NY,AEA,EN,Combined TRACON& Tower with Radar,63,29,5,1,98,0,0,1,5,6,63,29,6,6,104,0,0,0,104
12/09/2021,ALB,NY,AEA,EN,Combined TRACON& Tower with Radar,73,36,18,12,139,0,4,30,21,55,73,40,48,33,194,3,9,12,206
12/10/2021,ALB,NY,AEA,EN,Combined TRACON& Tower with Radar,75,30,18,1,124,0,0,24,6,30,75,30,42,7,154,16,0,16,170
12/11/2021,ALB,NY,AEA,EN,Combined TRACON& Tower with Radar,58,25,8,0,91,0,0,0,0,0,58,25,8,0,91,0,0,0,91
12/12/2021,ALB,NY,AEA,EN,Combined TRACON& Tower with Radar,68,17,15,3,103,0,0,24,18,42,68,17,39,21,145,17,0,17,162
12/13/2021,ALB,NY,AEA,EN,Combined TRACON& Tower with Radar,66,23,11,5,105,0,0,20,4,24,66,23,31,9,129,0,0,0,129
12/14/2021,ALB,NY,AEA,EN,Combined TRACON& Tower with Radar,63,27,13,8,111,0,2,32,12,46,63,29,45,20,157,0,0,0,157
12/15/2021,ALB,NY,AEA,EN,Combined TRACON& Tower with Radar,65,35,10,18,128,0,1,16,12,29,65,36,26,30,157,0,0,0,157
12/16/2021,ALB,NY,AEA,EN,Combined TRACON& Tower with Radar,75,30,20,5,130,0,0,26,14,40,75,30,46,19,170,0,0,0,170
12/17/2021,ALB,NY,AEA,EN,Combined TRACON& Tower with Radar,74,34,17,13,138,0,3,35,8,46,74,37,52,21,184,0,0,0,184
12/18/2021,ALB,NY,AEA,EN,Combined TRACON& Tower with Radar,55,22,13,0,90,0,0,1,0,1,55,22,14,0,91,0,0,0,91
12/19/2021,ALB,NY,AEA,EN,Combined TRACON& Tower with Radar,67,25,10,0,102,0,0,13,0,13,67,25,23,0,115,0,0,0,115
12/20/2021,ALB,NY,AEA,EN,Combined TRACON& Tower with Radar,60,28,17,0,105,0,2,27,4,33,60,30,44,4,138,0,0,0,138
12/21/2021,ALB,NY,AEA,EN,Combined TRACON& Tower with Radar,70,31,6,7,114,0,2,16,18,36,70,33,22,25,150,0,0,0,150
12/22/2021,ALB,NY,AEA,EN,Combined TRACON& Tower with Radar,71,47,7,1,126,0,0,9,2,11,71,47,16,3,137,0,0,0,137
12/23/2021,ALB,NY,AEA,EN,Combined TRACON& Tower with Radar,70,41,14,0,125,0,1,21,5,27,70,42,35,5,152,0,0,0,152
12/24/2021,ALB,NY,AEA,EN,Combined TRACON& Tower with Radar,53,20,0,0,73,0,0,4,0,4,53,20,4,0,77,0,0,0,77
12/25/2021,ALB,NY,AEA,EN,Combined TRACON& Tower with Radar,47,22,2,0,71,0,0,0,0,0,47,22,2,0,71,0,0,0,71
12/26/2021,ALB,NY,AEA,EN,Combined TRACON& Tower with Radar,58,23,13,0,94,0,0,6,0,6,58,23,19,0,100,0,0,0,100
12/27/2021,ALB,NY,AEA,EN,Combined TRACON& Tower with Radar,59,34,13,0,106,0,1,16,0,17,59,35,29,0,123,14,0,14,137
12/28/2021,ALB,NY,AEA,EN,Combined TRACON& Tower with Radar,72,27,10,6,115,0,0,20,0,20,72,27,30,6,135,1,0,1,136
12/29/2021,ALB,NY,AEA,EN,Combined TRACON& Tower with Radar,63,35,17,0,115,0,0,0,0,0,63,35,17,0,115,0,0,0,115
12/30/2021,ALB,NY,AEA,EN,Combined TRACON& Tower with Radar,68,39,14,10,131,0,0,0,0,0,68,39,14,10,131,0,0,0,131
12/31/2021,ALB,NY,AEA,EN,Combined TRACON& Tower with Radar,55,30,6,0,91,0,0,0,0,0,55,30,6,0,91,0,0,0,91
01/01/2022,ALB,NY,AEA,EN,Combined TRACON& Tower with Radar,43,16,10,0,69,0,0,0,0,0,43,16,10,0,69,0,0,0,69
01/02/2022,ALB,NY,AEA,EN,Combined TRACON& Tower with Radar,55,19,10,0,84,0,0,0,0,0,55,19,10,0,84,0,0,0,84
01/03/2022,ALB,NY,AEA,EN,Combined TRACON& Tower with Radar,45,30,16,0,91,0,0,13,0,13,45,30,29,0,104,19,0,19,123
01/04/2022,ALB,NY,AEA,EN,Combined TRACON& Tower with Radar,47,25,18,1,91,0,1,35,6,42,47,26,53,7,133,5,4,9,142
01/05/2022,ALB,NY,AEA,EN,Combined TRACON& Tower with Radar,51,29,6,13,99,0,2,13,13,28,51,31,19,26,127,2,4,6,133
01/06/2022,ALB,NY,AEA,EN,Combined TRACON& Tower with Radar,58,32,19,3,112,0,0,14,8,22,58,32,33,11,134,10,0,10,144
01/07/2022,ALB,NY,AEA,EN,Combined TRACON& Tower with Radar,62,31,4,0,97,0,0,7,0,7,62,31,11,0,104,0,0,0,104
01/08/2022,ALB,NY,AEA,EN,Combined TRACON& Tower with Radar,47,21,29,0,97,0,3,51,1,55,47,24,80,1,152,6,0,6,158
01/09/2022,ALB,NY,AEA,EN,Combined TRACON& Tower with Radar,42,17,8,0,67,0,0,0,0,0,42,17,8,0,67,0,0,0,67
01/10/2022,ALB,NY,AEA,EN,Combined TRACON& Tower with Radar,62,21,7,2,92,0,0,12,6,18,62,21,19,8,110,0,0,0,110
01/11/2022,ALB,NY,AEA,EN,Combined TRACON& Tower with Radar,56,22,11,4,93,0,0,23,4,27,56,22,34,8,120,26,0,26,146
01/12/2022,ALB,NY,AEA,EN,Combined TRACON& Tower with Radar,58,26,16,3,103,0,0,18,7,25,58,26,34,10,128,0,0,0,128
01/13/2022,ALB,NY,AEA,EN,Combined TRACON& Tower with Radar,62,29,17,2,110,0,3,16,10,29,62,32,33,12,139,17,0,17,156
01/14/2022,ALB,NY,AEA,EN,Combined TRACON& Tower with Radar,66,35,12,0,113,0,0,13,0,13,66,35,25,0,126,12,0,12,138
01/15/2022,ALB,NY,AEA,EN,Combined TRACON& Tower with Radar,44,22,6,0,72,0,1,29,0,30,44,23,35,0,102,0,0,0,102
01/16/2022,ALB,NY,AEA,EN,Combined TRACON& Tower with Radar,37,23,19,0,79,0,2,25,2,29,37,25,44,2,108,0,0,0,108
01/17/2022,ALB,NY,AEA,EN,Combined TRACON& Tower with Radar,52,19,7,0,78,0,0,0,0,0,52,19,7,0,78,0,0,0,78
01/18/2022,ALB,NY,AEA,EN,Combined TRACON& Tower with Radar,56,25,17,13,111,0,2,6,7,15,56,27,23,20,126,0,0,0,126
01/19/2022,ALB,NY,AEA,EN,Combined TRACON& Tower with Radar,52,24,4,3,83,0,0,7,13,20,52,24,11,16,103,0,0,0,103
01/20/2022,ALB,NY,AEA,EN,Combined TRACON& Tower with Radar,67,29,16,2,114,0,0,22,22,44,67,29,38,24,158,13,14,27,185
01/21/2022,ALB,NY,AEA,EN,Combined TRACON& Tower with Radar,67,25,11,2,105,0,1,8,2,11,67,26,19,4,116,12,1,13,129
01/22/2022,ALB,NY,AEA,EN,Combined TRACON& Tower with Radar,51,22,16,0,89,0,1,37,5,43,51,23,53,5,132,14,0,14,146
01/23/2022,ALB,NY,AEA,EN,Combined TRACON& Tower with Radar,53,26,3,3,85,0,0,20,5,25,53,26,23,8,110,10,0,10,120
01/24/2022,ALB,NY,AEA,EN,Combined TRACON& Tower with Radar,65,23,18,3,109,0,0,17,7,24,65,23,35,10,133,31,6,37,170
01/25/2022,ALB,NY,AEA,EN,Combined TRACON& Tower with Radar,54,24,10,4,92,0,0,9,12,21,54,24,19,16,113,7,0,7,120
01/26/2022,ALB,NY,AEA,EN,Combined TRACON& Tower with Radar,56,23,8,18,105,0,6,28,15,49,56,29,36,33,154,0,0,0,154
01/27/2022,ALB,NY,AEA,EN,Combined TRACON& Tower with Radar,58,37,20,23,138,0,2,31,11,44,58,39,51,34,182,0,0,0,182
01/28/2022,ALB,NY,AEA,EN,Combined TRACON& Tower with Radar,63,33,20,1,117,0,0,4,0,4,63,33,24,1,121,0,0,0,121
01/29/2022,ALB,NY,AEA,EN,Combined TRACON& Tower with Radar,48,28,2,0,78,0,0,0,0,0,48,28,2,0,78,0,0,0,78
01/30/2022,ALB,NY,AEA,EN,Combined TRACON& Tower with Radar,55,34,13,0,102,0,0,7,1,8,55,34,20,1,110,13,0,13,123
01/31/2022,ALB,NY,AEA,EN,Combined TRACON& Tower with Radar,66,26,11,1,104,0,0,26,6,32,66,26,37,7,136,9,24,33,169
02/01/2022,ALB,NY,AEA,EN,Combined TRACON& Tower with Radar,56,30,9,4,99,0,2,23,4,29,56,32,32,8,128,0,0,0,128
02/02/2022,ALB,NY,AEA,EN,Combined TRACON& Tower with Radar,57,28,17,0,102,0,0,11,19,30,57,28,28,19,132,0,0,0,132
02/03/2022,ALB,NY,AEA,EN,Combined TRACON& Tower with Radar,52,21,7,0,80,0,0,0,0,0,52,21,7,0,80,0,0,0,80
02/04/2022,ALB,NY,AEA,EN,Combined TRACON& Tower with Radar,3,1,1,0,5,0,0,0,0,0,3,1,1,0,5,0,0,0,5
02/05/2022,ALB,NY,AEA,EN,Combined TRACON& Tower with Radar,46,20,18,0,84,0,0,9,0,9,46,20,27,0,93,0,0,0,93
02/06/2022,ALB,NY,AEA,EN,Combined TRACON& Tower with Radar,53,28,20,2,103,0,0,25,0,25,53,28,45,2,128,5,0,5,133
02/07/2022,ALB,NY,AEA,EN,Combined TRACON& Tower with Radar,61,40,7,8,116,0,0,4,2,6,61,40,11,10,122,0,12,12,134
02/08/2022,ALB,NY,AEA,EN,Combined TRACON& Tower with Radar,61,45,14,8,128,0,0,5,7,12,61,45,19,15,140,0,15,15,155
02/09/2022,ALB,NY,AEA,EN,Combined TRACON& Tower with Radar,58,35,17,3,113,0,1,36,13,50,58,36,53,16,163,8,0,8,171
02/10/2022,ALB,NY,AEA,EN,Combined TRACON& Tower with Radar,67,37,19,4,127,0,0,4,22,26,67,37,23,26,153,6,12,18,171
02/11/2022,ALB,NY,AEA,EN,Combined TRACON& Tower with Radar,72,27,23,3,125,0,3,21,3,27,72,30,44,6,152,17,0,17,169
02/12/2022,ALB,NY,AEA,EN,Combined TRACON& Tower with Radar,50,20,18,2,90,0,0,16,2,18,50,20,34,4,108,8,0,8,116
02/13/2022,ALB,NY,AEA,EN,Combined TRACON& Tower with Radar,50,20,7,12,89,0,0,23,1,24,50,20,30,13,113,32,8,40,153
02/14/2022,ALB,NY,AEA,EN,Combined TRACON& Tower with Radar,71,20,12,5,108,0,0,7,3,10,71,20,19,8,118,6,0,6,124
02/15/2022,ALB,NY,AEA,EN,Combined TRACON& Tower with Radar,63,25,12,10,110,0,0,25,12,37,63,25,37,22,147,12,11,23,170
02/16/2022,ALB,NY,AEA,EN,Combined TRACON& Tower with Radar,62,29,24,4,119,0,2,12,4,18,62,31,36,8,137,0,0,0,137
02/17/2022,ALB,NY,AEA,EN,Combined TRACON& Tower with Radar,63,26,7,14,110,0,0,3,16,19,63,26,10,30,129,0,20,20,149
02/18/2022,ALB,NY,AEA,EN,Combined TRACON& Tower with Radar,74,23,13,0,110,0,0,2,0,2,74,23,15,0,112,0,0,0,112
02/19/2022,ALB,NY,AEA,EN,Combined TRACON& Tower with Radar,55,17,9,0,81,0,0,0,0,0,55,17,9,0,81,0,0,0,81
02/20/2022,ALB,NY,AEA,EN,Combined TRACON& Tower with Radar,57,24,23,0,104,0,0,41,2,43,57,24,64,2,147,11,0,11,158
02/21/2022,ALB,NY,AEA,EN,Combined TRACON& Tower with Radar,70,28,19,2,119,0,3,43,1,47,70,31,62,3,166,6,0,6,172
02/22/2022,ALB,NY,AEA,EN,Combined TRACON& Tower with Radar,70,23,17,6,116,0,0,1,4,5,70,23,18,10,121,0,0,0,121
02/23/2022,ALB,NY,AEA,EN,Combined TRACON& Tower with Radar,74,27,25,1,127,0,0,8,15,23,74,27,33,16,150,0,0,0,150
02/24/2022,ALB,NY,AEA,EN,Combined TRACON& Tower with Radar,63,28,17,16,124,0,5,30,16,51,63,33,47,32,175,0,12,12,187
02/25/2022,ALB,NY,AEA,EN,Combined TRACON& Tower with Radar,39,7,2,0,48,0,0,0,0,0,39,7,2,0,48,0,0,0,48
02/26/2022,ALB,NY,AEA,EN,Combined TRACON& Tower with Radar,66,22,18,0,106,0,0,28,0,28,66,22,46,0,134,25,0,25,159
02/27/2022,ALB,NY,AEA,EN,Combined TRACON& Tower with Radar,61,27,7,0,95,0,0,6,2,8,61,27,13,2,103,0,0,0,103
02/28/2022,ALB,NY,AEA,EN,Combined TRACON& Tower with Radar,72,27,23,5,127,0,1,32,5,38,72,28,55,10,165,22,0,22,187
03/01/2022,ALB,NY,AEA,EN,Combined TRACON& Tower with Radar,64,34,12,9,119,0,2,5,10,17,64,36,17,19,136,27,4,31,167
03/02/2022,ALB,NY,AEA,EN,Combined TRACON& Tower with Radar,63,32,22,15,132,0,1,34,17,52,63,33,56,32,184,16,3,19,203
03/03/2022,ALB,NY,AEA,EN,Combined TRACON& Tower with Radar,65,33,18,8,124,0,1,8,17,26,65,34,26,25,150,27,12,39,189
03/04/2022,ALB,NY,AEA,EN,Combined TRACON& Tower with Radar,73,21,27,0,121,0,3,37,7,47,73,24,64,7,168,0,0,0,168
03/05/2022,ALB,NY,AEA,EN,Combined TRACON& Tower with Radar,53,19,11,0,83,0,2,32,3,37,53,21,43,3,120,9,0,9,129
03/06/2022,ALB,NY,AEA,EN,Combined TRACON& Tower with Radar,60,29,5,0,94,0,0,0,0,0,60,29,5,0,94,0,0,0,94
03/07/2022,ALB,NY,AEA,EN,Combined TRACON& Tower with Radar,76,35,19,2,132,0,0,2,2,4,76,35,21,4,136,0,0,0,136
03/08/2022,ALB,NY,AEA,EN,Combined TRACON& Tower with Radar,69,37,11,1,118,0,0,6,9,15,69,37,17,10,133,0,8,8,141
03/09/2022,ALB,NY,AEA,EN,Combined TRACON& Tower with Radar,64,31,11,0,106,0,0,6,2,8,64,31,17,2,114,0,0,0,114
03/10/2022,ALB,NY,AEA,EN,Combined TRACON& Tower with Radar,75,35,9,4,123,0,1,16,13,30,75,36,25,17,153,24,0,24,177
03/11/2022,ALB,NY,AEA,EN,Combined TRACON& Tower with Radar,83,34,17,5,139,0,2,38,3,43,83,36,55,8,182,29,0,29,211
03/12/2022,ALB,NY,AEA,EN,Combined TRACON& Tower with Radar,33,4,3,0,40,0,0,1,0,1,33,4,4,0,41,0,0,0,41
03/13/2022,ALB,NY,AEA,EN,Combined TRACON& Tower with Radar,61,20,27,0,108,0,3,11,2,16,61,23,38,2,124,6,0,6,130
03/14/2022,ALB,NY,AEA,EN,Combined TRACON& Tower with Radar,69,30,19,1,119,0,2,21,1,24,69,32,40,2,143,20,0,20,163
03/15/2022,ALB,NY,AEA,EN,Combined TRACON& Tower with Radar,67,27,12,2,108,0,0,25,6,31,67,27,37,8,139,4,0,4,143
03/16/2022,ALB,NY,AEA,EN,Combined TRACON& Tower with Radar,72,31,23,9,135,0,1,35,14,50,72,32,58,23,185,0,0,0,185
03/17/2022,ALB,NY,AEA,EN,Combined TRACON& Tower with Radar,88,29,25,2,144,0,0,8,10,18,88,29,33,12,162,0,0,0,162
03/18/2022,ALB,NY,AEA,EN,Combined TRACON& Tower with Radar,74,25,33,2,134,0,1,36,3,40,74,26,69,5,174,12,0,12,186
03/19/2022,ALB,NY,AEA,EN,Combined TRACON& Tower with Radar,54,24,14,0,92,0,0,3,0,3,54,24,17,0,95,0,0,0,95
03/20/2022,ALB,NY,AEA,EN,Combined TRACON& Tower with Radar,68,24,24,0,116,0,0,15,21,36,68,24,39,21,152,14,0,14,166
03/21/2022,ALB,NY,AEA,EN,Combined TRACON& Tower with Radar,72,28,21,1,122,0,2,20,4,26,72,30,41,5,148,0,0,0,148
03/22/2022,ALB,NY,AEA,EN,Combined TRACON& Tower with Radar,75,32,11,6,124,0,7,25,10,42,75,39,36,16,166,2,0,2,168
03/23/2022,ALB,NY,AEA,EN,Combined TRACON& Tower with Radar,71,33,17,8,129,0,0,30,13,43,71,33,47,21,172,37,0,37,209
03/24/2022,ALB,NY,AEA,EN,Combined TRACON& Tower with Radar,72,35,7,9,123,0,0,0,6,6,72,35,7,15,129,0,4,4,133
03/25/2022,ALB,NY,AEA,EN,Combined TRACON& Tower with Radar,79,28,19,6,132,0,0,22,2,24,79,28,41,8,156,0,0,0,156
03/26/2022,ALB,NY,AEA,EN,Combined TRACON& Tower with Radar,56,18,12,0,86,0,0,9,0,9,56,18,21,0,95,24,0,24,119
03/27/2022,ALB,NY,AEA,EN,Combined TRACON& Tower with Radar,62,21,15,0,98,0,0,2,0,2,62,21,17,0,100,11,0,11,111
03/28/2022,ALB,NY,AEA,EN,Combined TRACON& Tower with Radar,78,32,10,11,131,0,0,5,1,6,78,32,15,12,137,0,0,0,137
03/29/2022,ALB,NY,AEA,EN,Combined TRACON& Tower with Radar,70,29,10,3,112,0,0,21,15,36,70,29,31,18,148,9,5,14,162
03/30/2022,ALB,NY,AEA,EN,Combined TRACON& Tower with Radar,70,37,17,4,128,0,3,29,21,53,70,40,46,25,181,0,0,0,181
03/31/2022,ALB,NY,AEA,EN,Combined TRACON& Tower with Radar,76,40,17,26,159,0,0,3,5,8,76,40,20,31,167,0,0,0,167
04/01/2022,ALB,NY,AEA,EN,Combined TRACON& Tower with Radar,81,33,13,0,127,0,0,5,4,9,81,33,18,4,136,0,0,0,136
04/02/2022,ALB,NY,AEA,EN,Combined TRACON& Tower with Radar,48,18,15,0,81,0,2,41,0,43,48,20,56,0,124,24,0,24,148
04/03/2022,ALB,NY,AEA,EN,Combined TRACON& Tower with Radar,60,21,18,2,101,0,0,12,0,12,60,21,30,2,113,67,0,67,180
04/04/2022,ALB,NY,AEA,EN,Combined TRACON& Tower with Radar,75,29,21,3,128,0,1,39,6,46,75,30,60,9,174,7,0,7,181
04/05/2022,ALB,NY,AEA,EN,Combined TRACON& Tower with Radar,64,35,20,10,129,0,4,45,7,56,64,39,65,17,185,28,2,30,215
04/06/2022,ALB,NY,AEA,EN,Combined TRACON& Tower with Radar,77,36,12,4,129,0,0,8,13,21,77,36,20,17,150,4,2,6,156
04/07/2022,ALB,NY,AEA,EN,Combined TRACON& Tower with Radar,75,30,14,4,123,0,0,2,0,2,75,30,16,4,125,0,0,0,125
04/08/2022,ALB,NY,AEA,EN,Combined TRACON& Tower with Radar,79,39,29,0,147,0,1,21,6,28,79,40,50,6,175,25,2,27,202
04/09/2022,ALB,NY,AEA,EN,Combined TRACON& Tower with Radar,63,24,20,0,107,0,2,8,2,12,63,26,28,2,119,5,0,5,124
04/10/2022,ALB,NY,AEA,EN,Combined TRACON& Tower with Radar,67,28,13,2,110,0,0,24,1,25,67,28,37,3,135,14,0,14,149
04/11/2022,ALB,NY,AEA,EN,Combined TRACON& Tower with Radar,79,29,16,6,130,0,0,47,3,50,79,29,63,9,180,24,6,30,210
04/12/2022,ALB,NY,AEA,EN,Combined TRACON& Tower with Radar,77,37,19,9,142,0,1,8,15,24,77,38,27,24,166,1,24,25,191
04/13/2022,ALB,NY,AEA,EN,Combined TRACON& Tower with Radar,76,35,14,4,129,0,0,20,14,34,76,35,34,18,163,8,13,21,184
04/14/2022,ALB,NY,AEA,EN,Combined TRACON& Tower with Radar,84,38,19,3,144,0,0,6,24,30,84,38,25,27,174,9,13,22,196
04/15/2022,ALB,NY,AEA,EN,Combined TRACON& Tower with Radar,78,30,18,17,143,0,1,49,33,83,78,31,67,50,226,3,44,47,273
04/16/2022,ALB,NY,AEA,EN,Combined TRACON& Tower with Radar,67,30,10,0,107,0,0,10,1,11,67,30,20,1,118,28,0,28,146
04/17/2022,ALB,NY,AEA,EN,Combined TRACON& Tower with Radar,70,28,5,0,103,0,0,23,4,27,70,28,28,4,130,33,0,33,163
04/18/2022,ALB,NY,AEA,EN,Combined TRACON& Tower with Radar,70,27,12,0,109,0,0,29,2,31,70,27,41,2,140,7,0,7,147
04/19/2022,ALB,NY,AEA,EN,Combined TRACON& Tower with Radar,83,36,12,0,131,0,1,3,0,4,83,37,15,0,135,4,0,4,139
04/20/2022,ALB,NY,AEA,EN,Combined TRACON& Tower with Radar,77,33,21,0,131,0,0,28,16,44,77,33,49,16,175,24,0,24,199
04/21/2022,ALB,NY,AEA,EN,Combined TRACON& Tower with Radar,80,49,6,3,138,0,0,6,9,15,80,49,12,12,153,2,14,16,169
04/22/2022,ALB,NY,AEA,EN,Combined TRACON& Tower with Radar,84,39,26,3,152,0,3,28,2,33,84,42,54,5,185,4,0,4,189
04/23/2022,ALB,NY,AEA,EN,Combined TRACON& Tower with Radar,67,22,19,2,110,0,0,45,2,47,67,22,64,4,157,0,0,0,157
04/24/2022,ALB,NY,AEA,EN,Combined TRACON& Tower with Radar,71,27,27,2,127,0,1,44,6,51,71,28,71,8,178,42,0,42,220
04/25/2022,ALB,NY,AEA,EN,Combined TRACON& Tower with Radar,76,41,6,8,131,0,0,40,8,48,76,41,46,16,179,31,12,43,222
04/26/2022,ALB,NY,AEA,EN,Combined TRACON& Tower with Radar,77,37,25,2,141,0,0,2,0,2,77,37,27,2,143,0,0,0,143
04/27/2022,ALB,NY,AEA,EN,Combined TRACON& Tower with Radar,71,40,15,3,129,0,0,13,4,17,71,40,28,7,146,0,0,0,146
04/28/2022,ALB,NY,AEA,EN,Combined TRACON& Tower with Radar,75,42,12,1,130,0,0,19,6,25,75,42,31,7,155,0,0,0,155
04/29/2022,ALB,NY,AEA,EN,Combined TRACON& Tower with Radar,78,32,16,1,127,0,0,28,5,33,78,32,44,6,160,14,0,14,174
04/30/2022,ALB,NY,AEA,EN,Combined TRACON& Tower with Radar,60,25,27,0,112,0,2,52,2,56,60,27,79,2,168,30,0,30,198
05/01/2022,ALB,NY,AEA,EN,Combined TRACON& Tower with Radar,66,23,22,0,111,0,0,76,0,76,66,23,98,0,187,31,0,31,218
05/02/2022,ALB,NY,AEA,EN,Combined TRACON& Tower with Radar,78,30,28,0,136,0,0,5,0,5,78,30,33,0,141,2,0,2,143
05/03/2022,ALB,NY,AEA,EN,Combined TRACON& Tower with Radar,73,33,28,5,139,0,0,20,1,21,73,33,48,6,160,2,0,2,162
05/04/2022,ALB,NY,AEA,EN,Combined TRACON& Tower with Radar,76,36,15,8,135,0,0,0,0,0,76,36,15,8,135,0,0,0,135
05/05/2022,ALB,NY,AEA,EN,Combined TRACON& Tower with Radar,74,36,18,1,129,0,0,52,5,57,74,36,70,6,186,29,2,31,217
05/06/2022,ALB,NY,AEA,EN,Combined TRACON& Tower with Radar,78,30,24,0,132,0,0,27,3,30,78,30,51,3,162,11,2,13,175
05/07/2022,ALB,NY,AEA,EN,Combined TRACON& Tower with Radar,56,25,9,0,90,0,0,17,0,17,56,25,26,0,107,12,0,12,119
05/08/2022,ALB,NY,AEA,EN,Combined TRACON& Tower with Radar,62,22,21,1,106,0,4,22,2,28,62,26,43,3,134,42,0,42,176
05/09/2022,ALB,NY,AEA,EN,Combined TRACON& Tower with Radar,79,30,8,6,123,0,0,38,3,41,79,30,46,9,164,13,5,18,182
05/10/2022,ALB,NY,AEA,EN,Combined TRACON& Tower with Radar,78,35,20,7,140,0,2,49,4,55,78,37,69,11,195,8,6,14,209
05/11/2022,ALB,NY,AEA,EN,Combined TRACON& Tower with Radar,71,27,14,2,114,0,3,55,14,72,71,30,69,16,186,31,0,31,217
05/12/2022,ALB,NY,AEA,EN,Combined TRACON& Tower with Radar,74,30,22,3,129,0,0,47,8,55,74,30,69,11,184,6,0,6,190
05/13/2022,ALB,NY,AEA,EN,Combined TRACON& Tower with Radar,78,37,16,0,131,0,1,22,0,23,78,38,38,0,154,9,0,9,163
05/14/2022,ALB,NY,AEA,EN,Combined TRACON& Tower with Radar,55,27,16,7,105,0,0,23,1,24,55,27,39,8,129,11,6,17,146
05/15/2022,ALB,NY,AEA,EN,Combined TRACON& Tower with Radar,62,23,16,2,103,0,0,3,1,4,62,23,19,3,107,13,0,13,120
05/16/2022,ALB,NY,AEA,EN,Combined TRACON& Tower with Radar,73,30,14,16,133,0,1,12,0,13,73,31,26,16,146,6,0,6,152
05/17/2022,ALB,NY,AEA,EN,Combined TRACON& Tower with Radar,72,35,12,3,122,0,1,31,8,40,72,36,43,11,162,4,0,4,166
05/18/2022,ALB,NY,AEA,EN,Combined TRACON& Tower with Radar,78,34,15,1,128,0,0,43,11,54,78,34,58,12,182,20,0,20,202
05/19/2022,ALB,NY,AEA,EN,Combined TRACON& Tower with Radar,73,44,19,6,142,0,0,1,16,17,73,44,20,22,159,6,0,6,165
05/20/2022,ALB,NY,AEA,EN,Combined TRACON& Tower with Radar,86,30,20,8,144,0,2,35,5,42,86,32,55,13,186,0,0,0,186
05/21/2022,ALB,NY,AEA,EN,Combined TRACON& Tower with Radar,56,31,22,1,110,0,3,24,0,27,56,34,46,1,137,11,0,11,148
05/22/2022,ALB,NY,AEA,EN,Combined TRACON& Tower with Radar,61,30,11,1,103,0,0,19,0,19,61,30,30,1,122,36,0,36,158
05/23/2022,ALB,NY,AEA,EN,Combined TRACON& Tower with Radar,70,34,22,4,130,0,3,36,0,39,70,37,58,4,169,12,0,12,181
05/24/2022,ALB,NY,AEA,EN,Combined TRACON& Tower with Radar,74,34,25,4,137,0,1,33,14,48,74,35,58,18,185,5,0,5,190
05/25/2022,ALB,NY,AEA,EN,Combined TRACON& Tower with Radar,71,34,18,25,148,0,2,41,17,60,71,36,59,42,208,16,18,34,242
05/26/2022,ALB,NY,AEA,EN,Combined TRACON& Tower with Radar,77,34,25,7,143,0,0,26,7,33,77,34,51,14,176,22,14,36,212
05/27/2022,ALB,NY,AEA,EN,Combined TRACON& Tower with Radar,71,38,27,0,136,0,0,6,4,10,71,38,33,4,146,0,0,0,146
05/28/2022,ALB,NY,AEA,EN,Combined TRACON& Tower with Radar,50,26,16,0,92,0,0,7,0,7,50,26,23,0,99,24,0,24,123
05/29/2022,ALB,NY,AEA,EN,Combined TRACON& Tower with Radar,58,24,23,0,105,0,1,34,2,37,58,25,57,2,142,19,0,19,161
05/30/2022,ALB,NY,AEA,EN,Combined TRACON& Tower with Radar,71,23,21,0,115,0,1,40,2,43,71,24,61,2,158,11,0,11,169
05/31/2022,ALB,NY,AEA,EN,Combined TRACON& Tower with Radar,73,31,21,10,135,0,3,45,6,54,73,34,66,16,189,0,0,0,189
06/01/2022,ALB,NY,AEA,EN,Combined TRACON& Tower with Radar,72,29,13,2,116,0,0,4,0,4,72,29,17,2,120,0,0,0,120
06/02/2022,ALB,NY,AEA,EN,Combined TRACON& Tower with Radar,80,34,25,3,142,0,0,22,2,24,80,34,47,5,166,26,4,30,196
06/03/2022,ALB,NY,AEA,EN,Combined TRACON& Tower with Radar,80,31,25,3,139,0,2,39,2,43,80,33,64,5,182,15,0,15,197
06/04/2022,ALB,NY,AEA,EN,Combined TRACON& Tower with Radar,63,23,16,2,104,0,2,34,6,42,63,25,50,8,146,16,0,16,162
06/05/2022,ALB,NY,AEA,EN,Combined TRACON& Tower with Radar,74,16,19,4,113,0,3,53,1,57,74,19,72,5,170,25,0,25,195
06/06/2022,ALB,NY,AEA,EN,Combined TRACON& Tower with Radar,84,29,18,0,131,0,7,35,0,42,84,36,53,0,173,41,0,41,214
06/07/2022,ALB,NY,AEA,EN,Combined TRACON& Tower with Radar,80,25,26,4,135,0,2,24,6,32,80,27,50,10,167,30,0,30,197
06/08/2022,ALB,NY,AEA,EN,Combined TRACON& Tower with Radar,74,33,31,3,141,0,0,31,5,36,74,33,62,8,177,26,0,26,203
06/09/2022,ALB,NY,AEA,EN,Combined TRACON& Tower with Radar,81,33,12,4,130,0,0,29,8,37,81,33,41,12,167,24,0,24,191
06/10/2022,ALB,NY,AEA,EN,Combined TRACON& Tower with Radar,92,30,13,2,137,0,4,40,0,44,92,34,53,2,181,28,0,28,209
06/11/2022,ALB,NY,AEA,EN,Combined TRACON& Tower with Radar,60,25,19,4,108,0,5,34,6,45,60,30,53,10,153,31,0,31,184
06/12/2022,ALB,NY,AEA,EN,Combined TRACON& Tower with Radar,74,20,22,4,120,0,1,9,2,12,74,21,31,6,132,20,0,20,152
06/13/2022,ALB,NY,AEA,EN,Combined TRACON& Tower with Radar,83,24,25,5,137,0,2,26,1,29,83,26,51,6,166,12,0,12,178
06/14/2022,ALB,NY,AEA,EN,Combined TRACON& Tower with Radar,78,33,17,2,130,0,3,45,7,55,78,36,62,9,185,42,0,42,227
06/15/2022,ALB,NY,AEA,EN,Combined TRACON& Tower with Radar,79,26,17,1,123,0,4,42,7,53,79,30,59,8,176,59,0,59,235
06/16/2022,ALB,NY,AEA,EN,Combined TRACON& Tower with Radar,70,33,21,6,130,0,0,9,1,10,70,33,30,7,140,0,0,0,140
06/17/2022,ALB,NY,AEA,EN,Combined TRACON& Tower with Radar,85,37,30,6,158,0,3,28,5,36,85,40,58,11,194,12,0,12,206
06/18/2022,ALB,NY,AEA,EN,Combined TRACON& Tower with Radar,59,20,26,0,105,0,0,11,0,11,59,20,37,0,116,17,0,17,133
06/19/2022,ALB,NY,AEA,EN,Combined TRACON& Tower with Radar,74,22,15,0,111,0,0,24,3,27,74,22,39,3,138,10,0,10,148
06/20/2022,ALB,NY,AEA,EN,Combined TRACON& Tower with Radar,84,26,24,0,134,0,5,43,0,48,84,31,67,0,182,0,0,0,182
06/21/2022,ALB,NY,AEA,EN,Combined TRACON& Tower with Radar,81,42,27,2,152,0,1,23,0,24,81,43,50,2,176,0,0,0,176
06/22/2022,ALB,NY,AEA,EN,Combined TRACON& Tower with Radar,63,22,24,10,119,0,0,9,10,19,63,22,33,20,138,0,0,0,138
06/23/2022,ALB,NY,AEA,EN,Combined TRACON& Tower with Radar,83,27,37,2,149,0,0,9,0,9,83,27,46,2,158,10,0,10,168
06/24/2022,ALB,NY,AEA,EN,Combined TRACON& Tower with Radar,83,25,30,1,139,0,1,44,0,45,83,26,74,1,184,20,1,21,205
06/25/2022,ALB,NY,AEA,EN,Combined TRACON& Tower with Radar,65,22,12,0,99,0,4,33,0,37,65,26,45,0,136,5,0,5,141
06/26/2022,ALB,NY,AEA,EN,Combined TRACON& Tower with Radar,66,20,15,0,101,0,0,30,2,32,66,20,45,2,133,2,0,2,135
06/27/2022,ALB,NY,AEA,EN,Combined TRACON& Tower with Radar,84,24,14,3,125,0,0,20,2,22,84,24,34,5,147,18,0,18,165
06/28/2022,ALB,NY,AEA,EN,Combined TRACON& Tower with Radar,79,34,17,3,133,0,5,40,2,47,79,39,57,5,180,26,0,26,206
06/29/2022,ALB,NY,AEA,EN,Combined TRACON& Tower with Radar,84,35,21,3,143,0,3,24,2,29,84,38,45,5,172,0,0,0,172
06/30/2022,ALB,NY,AEA,EN,Combined TRACON& Tower with Radar,83,35,15,3,136,0,4,48,1,53,83,39,63,4,189,0,0,0,189
07/01/2022,ALB,NY,AEA,EN,Combined TRACON& Tower with Radar,82,25,17,0,124,1,0,26,0,27,83,25,43,0,151,0,0,0,151
07/02/2022,ALB,NY,AEA,EN,Combined TRACON& Tower with Radar,64,22,18,0,104,0,0,20,2,22,64,22,38,2,126,26,0,26,152
07/03/2022,ALB,NY,AEA,EN,Combined TRACON& Tower with Radar,68,21,11,0,100,0,0,37,2,39,68,21,48,2,139,0,0,0,139
07/04/2022,ALB,NY,AEA,EN,Combined TRACON& Tower with Radar,75,22,13,0,110,0,4,30,0,34,75,26,43,0,144,14,0,14,158
07/05/2022,ALB,NY,AEA,EN,Combined TRACON& Tower with Radar,75,27,25,0,127,0,0,7,0,7,75,27,32,0,134,6,0,6,140
07/06/2022,ALB,NY,AEA,EN,Combined TRACON& Tower with Radar,81,28,19,2,130,0,0,33,7,40,81,28,52,9,170,0,0,0,170
07/07/2022,ALB,NY,AEA,EN,Combined TRACON& Tower with Radar,82,41,23,2,148,0,0,34,0,34,82,41,57,2,182,8,0,8,190
07/08/2022,ALB,NY,AEA,EN,Combined TRACON& Tower with Radar,89,25,17,2,133,0,0,31,1,32,89,25,48,3,165,2,0,2,167
07/09/2022,ALB,NY,AEA,EN,Combined TRACON& Tower with Radar,66,32,14,0,112,0,3,34,0,37,66,35,48,0,149,0,0,0,149
07/10/2022,ALB,NY,AEA,EN,Combined TRACON& Tower with Radar,80,22,10,1,113,0,0,48,1,49,80,22,58,2,162,13,0,13,175
07/11/2022,ALB,NY,AEA,EN,Combined TRACON& Tower with Radar,91,31,12,4,138,0,2,32,3,37,91,33,44,7,175,38,0,38,213
07/12/2022,ALB,NY,AEA,EN,Combined TRACON& Tower with Radar,78,30,20,7,135,0,1,13,5,19,78,31,33,12,154,18,4,22,176
07/13/2022,ALB,NY,AEA,EN,Combined TRACON& Tower with Radar,79,35,20,23,157,0,0,39,5,44,79,35,59,28,201,19,24,43,244
07/14/2022,ALB,NY,AEA,EN,Combined TRACON& Tower with Radar,93,33,30,1,157,0,0,24,5,29,93,33,54,6,186,4,10,14,200
07/15/2022,ALB,NY,AEA,EN,Combined TRACON& Tower with Radar,92,31,22,4,149,0,1,46,2,49,92,32,68,6,198,18,0,18,216
07/16/2022,ALB,NY,AEA,EN,Combined TRACON& Tower with Radar,70,20,17,0,107,0,0,42,1,43,70,20,59,1,150,23,0,23,173
07/17/2022,ALB,NY,AEA,EN,Combined TRACON& Tower with Radar,79,26,22,0,127,0,0,46,2,48,79,26,68,2,175,16,0,16,191
07/18/2022,ALB,NY,AEA,EN,Combined TRACON& Tower with Radar,99,30,18,18,165,0,0,2,0,2,99,30,20,18,167,0,0,0,167
07/19/2022,ALB,NY,AEA,EN,Combined TRACON& Tower with Radar,80,32,21,4,137,0,0,40,9,49,80,32,61,13,186,19,0,19,205
07/20/2022,ALB,NY,AEA,EN,Combined TRACON& Tower with Radar,79,33,23,3,138,0,1,33,12,46,79,34,56,15,184,0,0,0,184
07/21/2022,ALB,NY,AEA,EN,Combined TRACON& Tower with Radar,85,34,14,0,133,0,2,18,5,25,85,36,32,5,158,3,0,3,161
07/22/2022,ALB,NY,AEA,EN,Combined TRACON& Tower with Radar,96,41,19,0,156,0,0,31,2,33,96,41,50,2,189,1,2,3,192
07/23/2022,ALB,NY,AEA,EN,Combined TRACON& Tower with Radar,68,26,7,0,101,0,3,28,0,31,68,29,35,0,132,6,0,6,138
07/24/2022,ALB,NY,AEA,EN,Combined TRACON& Tower with Radar,75,27,11,2,115,0,2,24,2,28,75,29,35,4,143,17,0,17,160
07/25/2022,ALB,NY,AEA,EN,Combined TRACON& Tower with Radar,85,35,14,0,134,0,6,12,1,19,85,41,26,1,153,0,0,0,153
07/26/2022,ALB,NY,AEA,EN,Combined TRACON& Tower with Radar,83,38,23,2,146,0,1,38,12,51,83,39,61,14,197,27,0,27,224
07/27/2022,ALB,NY,AEA,EN,Combined TRACON& Tower with Radar,83,40,27,3,153,0,2,52,5,59,83,42,79,8,212,35,0,35,247
07/28/2022,ALB,NY,AEA,EN,Combined TRACON& Tower with Radar,83,40,10,0,133,0,2,21,4,27,83,42,31,4,160,15,0,15,175
07/29/2022,ALB,NY,AEA,EN,Combined TRACON& Tower with Radar,95,43,18,0,156,0,4,44,0,48,95,47,62,0,204,5,0,5,209
07/30/2022,ALB,NY,AEA,EN,Combined TRACON& Tower with Radar,64,24,24,0,112,0,4,36,2,42,64,28,60,2,154,21,0,21,175
07/31/2022,ALB,NY,AEA,EN,Combined TRACON& Tower with Radar,79,33,26,0,138,0,0,37,4,41,79,33,63,4,179,17,0,17,196
08/01/2022,ALB,NY,AEA,EN,Combined TRACON& Tower with Radar,90,23,19,1,133,0,0,25,3,28,90,23,44,4,161,6,0,6,167
08/02/2022,ALB,NY,AEA,EN,Combined TRACON& Tower with Radar,81,37,16,5,139,0,4,18,4,26,81,41,34,9,165,19,6,25,190
08/03/2022,ALB,NY,AEA,EN,Combined TRACON& Tower with Radar,76,37,28,4,145,0,1,59,4,64,76,38,87,8,209,9,0,9,218
08/04/2022,ALB,NY,AEA,EN,Combined TRACON& Tower with Radar,83,37,15,16,151,0,0,27,0,27,83,37,42,16,178,12,0,12,190
08/05/2022,ALB,NY,AEA,EN,Combined TRACON& Tower with Radar,82,37,24,2,145,0,0,20,0,20,82,37,44,2,165,2,0,2,167
08/06/2022,ALB,NY,AEA,EN,Combined TRACON& Tower with Radar,64,31,37,0,132,0,1,28,1,30,64,32,65,1,162,16,0,16,178
08/07/2022,ALB,NY,AEA,EN,Combined TRACON& Tower with Radar,81,28,20,0,129,0,0,23,2,25,81,28,43,2,154,1,0,1,155
08/08/2022,ALB,NY,AEA,EN,Combined TRACON& Tower with Radar,85,36,10,1,132,0,0,20,2,22,85,36,30,3,154,2,0,2,156
08/09/2022,ALB,NY,AEA,EN,Combined TRACON& Tower with Radar,83,45,15,8,151,0,1,16,2,19,83,46,31,10,170,1,6,7,177
08/10/2022,ALB,NY,AEA,EN,Combined TRACON& Tower with Radar,78,33,27,3,141,0,1,36,6,43,78,34,63,9,184,0,0,0,184
08/11/2022,ALB,NY,AEA,EN,Combined TRACON& Tower with Radar,88,40,24,2,154,0,0,37,5,42,88,40,61,7,196,7,0,7,203
08/12/2022,ALB,NY,AEA,EN,Combined TRACON& Tower with Radar,86,25,29,5,145,0,4,59,2,65,86,29,88,7,210,32,0,32,242
08/13/2022,ALB,NY,AEA,EN,Combined TRACON& Tower with Radar,68,26,26,0,120,0,0,39,0,39,68,26,65,0,159,18,0,18,177
08/14/2022,ALB,NY,AEA,EN,Combined TRACON& Tower with Radar,77,22,26,0,125,0,0,36,2,38,77,22,62,2,163,3,0,3,166
08/15/2022,ALB,NY,AEA,EN,Combined TRACON& Tower with Radar,86,30,20,0,136,0,4,40,0,44,86,34,60,0,180,4,0,4,184
08/16/2022,ALB,NY,AEA,EN,Combined TRACON& Tower with Radar,82,35,7,2,126,0,6,45,7,58,82,41,52,9,184,51,1,52,236
08/17/2022,ALB,NY,AEA,EN,Combined TRACON& Tower with Radar,80,31,19,0,130,0,1,17,6,24,80,32,36,6,154,4,4,8,162
08/18/2022,ALB,NY,AEA,EN,Combined TRACON& Tower with Radar,84,30,13,8,135,0,0,32,10,42,84,30,45,18,177,19,26,45,222
08/19/2022,ALB,NY,AEA,EN,Combined TRACON& Tower with Radar,85,23,11,1,120,0,1,45,0,46,85,24,56,1,166,11,0,11,177
08/20/2022,ALB,NY,AEA,EN,Combined TRACON& Tower with Radar,61,23,19,0,103,0,0,73,0,73,61,23,92,0,176,31,0,31,207
08/21/2022,ALB,NY,AEA,EN,Combined TRACON& Tower with Radar,73,25,24,0,122,0,1,40,0,41,73,26,64,0,163,11,0,11,174
08/22/2022,ALB,NY,AEA,EN,Combined TRACON& Tower with Radar,78,40,24,9,151,0,0,17,1,18,78,40,41,10,169,14,0,14,183
08/23/2022,ALB,NY,AEA,EN,Combined TRACON& Tower with Radar,78,36,19,8,141,0,0,10,4,14,78,36,29,12,155,8,0,8,163
08/24/2022,ALB,NY,AEA,EN,Combined TRACON& Tower with Radar,77,33,22,11,143,0,3,41,14,58,77,36,63,25,201,29,2,31,232
08/25/2022,ALB,NY,AEA,EN,Combined TRACON& Tower with Radar,82,39,17,2,140,0,0,36,6,42,82,39,53,8,182,12,0,12,194
08/26/2022,ALB,NY,AEA,EN,Combined TRACON& Tower with Radar,89,30,30,0,149,0,2,17,0,19,89,32,47,0,168,12,0,12,180
08/27/2022,ALB,NY,AEA,EN,Combined TRACON& Tower with Radar,63,28,19,2,112,0,0,29,4,33,63,28,48,6,145,9,0,9,154
08/28/2022,ALB,NY,AEA,EN,Combined TRACON& Tower with Radar,72,31,32,0,135,0,3,27,0,30,72,34,59,0,165,22,0,22,187
08/29/2022,ALB,NY,AEA,EN,Combined TRACON& Tower with Radar,78,22,16,5,121,0,1,29,4,34,78,23,45,9,155,4,0,4,159
08/30/2022,ALB,NY,AEA,EN,Combined TRACON& Tower with Radar,78,35,18,14,145,0,0,18,6,24,78,35,36,20,169,26,0,26,195
08/31/2022,ALB,NY,AEA,EN,Combined TRACON& Tower with Radar,81,33,15,3,132,0,1,26,3,30,81,34,41,6,162,4,0,4,166
09/01/2022,ALB,NY,AEA,EN,Combined TRACON& Tower with Radar,88,27,14,3,132,0,2,35,12,49,88,29,49,15,181,0,0,0,181
09/02/2022,ALB,NY,AEA,EN,Combined TRACON& Tower with Radar,90,29,18,0,137,0,1,43,0,44,90,30,61,0,181,26,0,26,207
09/03/2022,ALB,NY,AEA,EN,Combined TRACON& Tower with Radar,58,22,18,0,98,0,5,58,1,64,58,27,76,1,162,14,0,14,176
09/04/2022,ALB,NY,AEA,EN,Combined TRACON& Tower with Radar,65,26,20,0,111,0,0,15,0,15,65,26,35,0,126,17,0,17,143
09/05/2022,ALB,NY,AEA,EN,Combined TRACON& Tower with Radar,83,26,32,0,141,0,0,3,0,3,83,26,35,0,144,0,0,0,144
09/06/2022,ALB,NY,AEA,EN,Combined TRACON& Tower with Radar,70,41,26,7,144,0,0,0,1,1,70,41,26,8,145,0,0,0,145
09/07/2022,ALB,NY,AEA,EN,Combined TRACON& Tower with Radar,67,37,17,5,126,0,0,29,10,39,67,37,46,15,165,0,0,0,165
09/08/2022,ALB,NY,AEA,EN,Combined TRACON& Tower with Radar,81,30,27,4,142,0,2,59,8,69,81,32,86,12,211,0,0,0,211
09/09/2022,ALB,NY,AEA,EN,Combined TRACON& Tower with Radar,86,21,22,1,130,0,7,42,3,52,86,28,64,4,182,0,0,0,182
09/10/2022,ALB,NY,AEA,EN,Combined TRACON& Tower with Radar,46,13,20,4,83,0,1,36,3,40,46,14,56,7,123,0,0,0,123
09/11/2022,ALB,NY,AEA,EN,Combined TRACON& Tower with Radar,71,19,20,2,112,0,0,36,5,41,71,19,56,7,153,0,0,0,153
09/12/2022,ALB,NY,AEA,EN,Combined TRACON& Tower with Radar,81,28,34,2,145,0,0,4,0,4,81,28,38,2,149,0,0,0,149
09/13/2022,ALB,NY,AEA,EN,Combined TRACON& Tower with Radar,72,32,8,4,116,0,0,0,0,0,72,32,8,4,116,0,0,0,116
09/14/2022,ALB,NY,AEA,EN,Combined TRACON& Tower with Radar,69,26,23,4,122,0,0,31,7,38,69,26,54,11,160,0,0,0,160
09/15/2022,ALB,NY,AEA,EN,Combined TRACON& Tower with Radar,82,24,25,5,136,0,4,47,7,58,82,28,72,12,194,0,0,0,194
09/16/2022,ALB,NY,AEA,EN,Combined TRACON& Tower with Radar,81,29,27,3,140,0,3,55,5,63,81,32,82,8,203,0,0,0,203
09/17/2022,ALB,NY,AEA,EN,Combined TRACON& Tower with Radar,49,37,29,0,115,0,2,55,4,61,49,39,84,4,176,0,0,0,176
09/18/2022,ALB,NY,AEA,EN,Combined TRACON& Tower with Radar,71,23,33,0,127,0,0,25,0,25,71,23,58,0,152,15,0,15,167
09/19/2022,ALB,NY,AEA,EN,Combined TRACON& Tower with Radar,76,22,23,1,122,0,0,8,0,8,76,22,31,1,130,1,0,1,131
09/20/2022,ALB,NY,AEA,EN,Combined TRACON& Tower with Radar,68,30,33,5,136,0,0,16,0,16,68,30,49,5,152,18,1,19,171
09/21/2022,ALB,NY,AEA,EN,Combined TRACON& Tower with Radar,65,26,26,0,117,0,0,26,4,30,65,26,52,4,147,17,0,17,164
09/22/2022,ALB,NY,AEA,EN,Combined TRACON& Tower with Radar,80,24,32,1,137,0,0,19,5,24,80,24,51,6,161,0,0,0,161
09/23/2022,ALB,NY,AEA,EN,Combined TRACON& Tower with Radar,82,31,15,2,130,0,2,29,0,31,82,33,44,2,161,1,0,1,162
09/24/2022,ALB,NY,AEA,EN,Combined TRACON& Tower with Radar,48,15,14,1,78,0,4,50,0,54,48,19,64,1,132,9,0,9,141
09/25/2022,ALB,NY,AEA,EN,Combined TRACON& Tower with Radar,68,21,18,0,107,0,0,25,0,25,68,21,43,0,132,16,0,16,148
09/26/2022,ALB,NY,AEA,EN,Combined TRACON& Tower with Radar,83,33,21,0,137,0,2,13,0,15,83,35,34,0,152,0,0,0,152
09/27/2022,ALB,NY,AEA,EN,Combined TRACON& Tower with Radar,73,27,16,4,120,0,2,43,4,49,73,29,59,8,169,26,0,26,195
09/28/2022,ALB,NY,AEA,EN,Combined TRACON& Tower with Radar,65,31,22,2,120,0,1,35,2,38,65,32,57,4,158,14,18,32,190
09/29/2022,ALB,NY,AEA,EN,Combined TRACON& Tower with Radar,74,28,19,2,123,0,0,37,0,37,74,28,56,2,160,16,0,16,176
09/30/2022,ALB,NY,AEA,EN,Combined TRACON& Tower with Radar,77,23,21,0,121,0,1,34,2,37,77,24,55,2,158,0,0,0,158
10/01/2022,ALB,NY,AEA,EN,Combined TRACON& Tower with Radar,56,23,9,0,88,0,0,21,0,21,56,23,30,0,109,11,0,11,120
10/02/2022,ALB,NY,AEA,EN,Combined TRACON& Tower with Radar,70,18,8,8,104,0,1,24,4,29,70,19,32,12,133,23,14,37,170
10/03/2022,ALB,NY,AEA,EN,Combined TRACON& Tower with Radar,80,29,20,12,141,0,4,38,7,49,80,33,58,19,190,33,18,51,241
10/04/2022,ALB,NY,AEA,EN,Combined TRACON& Tower with Radar,68,29,15,1,113,0,0,10,3,13,68,29,25,4,126,4,0,4,130
10/05/2022,ALB,NY,AEA,EN,Combined TRACON& Tower with Radar,67,31,17,28,143,0,0,15,8,23,67,31,32,36,166,11,14,25,191
10/06/2022,ALB,NY,AEA,EN,Combined TRACON& Tower with Radar,83,27,22,1,133,0,3,43,11,57,83,30,65,12,190,19,0,19,209
10/07/2022,ALB,NY,AEA,EN,Combined TRACON& Tower with Radar,85,29,34,2,150,0,0,14,2,16,85,29,48,4,166,10,0,10,176
10/08/2022,ALB,NY,AEA,EN,Combined TRACON& Tower with Radar,49,21,6,0,76,0,1,22,3,26,49,22,28,3,102,32,0,32,134
10/09/2022,ALB,NY,AEA,EN,Combined TRACON& Tower with Radar,72,18,19,0,109,0,3,30,1,34,72,21,49,1,143,0,0,0,143
10/10/2022,ALB,NY,AEA,EN,Combined TRACON& Tower with Radar,80,22,18,0,120,0,1,35,0,36,80,23,53,0,156,0,0,0,156
10/11/2022,ALB,NY,AEA,EN,Combined TRACON& Tower with Radar,76,23,30,2,131,0,2,29,2,33,76,25,59,4,164,0,0,0,164
10/12/2022,ALB,NY,AEA,EN,Combined TRACON& Tower with Radar,72,26,10,18,126,0,7,25,17,49,72,33,35,35,175,0,0,0,175
10/13/2022,ALB,NY,AEA,EN,Combined TRACON& Tower with Radar,78,29,8,29,144,0,0,2,7,9,78,29,10,36,153,0,0,0,153
10/14/2022,ALB,NY,AEA,EN,Combined TRACON& Tower with Radar,88,25,17,2,132,0,8,36,1,45,88,33,53,3,177,0,0,0,177
10/15/2022,ALB,NY,AEA,EN,Combined TRACON& Tower with Radar,52,13,20,1,86,0,3,43,3,49,52,16,63,4,135,0,0,0,135
10/16/2022,ALB,NY,AEA,EN,Combined TRACON& Tower with Radar,72,22,16,0,110,0,5,41,1,47,72,27,57,1,157,0,0,0,157
10/17/2022,ALB,NY,AEA,EN,Combined TRACON& Tower with Radar,81,33,16,4,134,0,0,15,0,15,81,33,31,4,149,0,0,0,149
10/18/2022,ALB,NY,AEA,EN,Combined TRACON& Tower with Radar,75,29,19,4,127,0,0,36,6,42,75,29,55,10,169,0,0,0,169
10/19/2022,ALB,NY,AEA,EN,Combined TRACON& Tower with Radar,73,36,18,4,131,0,5,53,11,69,73,41,71,15,200,0,0,0,200
10/20/2022,ALB,NY,AEA,EN,Combined TRACON& Tower with Radar,82,32,13,4,131,0,1,26,0,27,82,33,39,4,158,0,0,0,158
10/21/2022,ALB,NY,AEA,EN,Combined TRACON& Tower with Radar,84,25,18,4,131,0,1,43,5,49,84,26,61,9,180,0,0,0,180
10/22/2022,ALB,NY,AEA,EN,Combined TRACON& Tower with Radar,49,20,17,1,87,0,2,34,3,39,49,22,51,4,126,0,0,0,126
10/23/2022,ALB,NY,AEA,EN,Combined TRACON& Tower with Radar,74,17,34,2,127,0,0,32,3,35,74,17,66,5,162,0,0,0,162
10/24/2022,ALB,NY,AEA,EN,Combined TRACON& Tower with Radar,81,21,13,3,118,0,0,1,0,1,81,21,14,3,119,0,0,0,119
10/25/2022,ALB,NY,AEA,EN,Combined TRACON& Tower with Radar,84,38,28,11,161,0,0,8,0,8,84,38,36,11,169,0,0,0,169
10/26/2022,ALB,NY,AEA,EN,Combined TRACON& Tower with Radar,73,28,13,0,114,0,0,13,2,15,73,28,26,2,129,0,0,0,129
10/27/2022,ALB,NY,AEA,EN,Combined TRACON& Tower with Radar,84,28,12,23,147,0,0,29,27,56,84,28,41,50,203,0,0,0,203
10/28/2022,ALB,NY,AEA,EN,Combined TRACON& Tower with Radar,85,24,26,1,136,0,0,32,1,33,85,24,58,2,169,0,0,0,169
10/29/2022,ALB,NY,AEA,EN,Combined TRACON& Tower with Radar,50,13,16,0,79,0,2,32,0,34,50,15,48,0,113,0,0,0,113
10/30/2022,ALB,NY,AEA,EN,Combined TRACON& Tower with Radar,75,26,17,0,118,0,5,40,0,45,75,31,57,0,163,0,0,0,163
10/31/2022,ALB,NY,AEA,EN,Combined TRACON& Tower with Radar,73,31,6,3,113,0,0,37,7,44,73,31,43,10,157,0,0,0,157
11/01/2022,ALB,NY,AEA,EN,Combined TRACON& Tower with Radar,80,38,24,8,150,0,0,13,14,27,80,38,37,22,177,0,0,0,177
11/02/2022,ALB,NY,AEA,EN,Combined TRACON& Tower with Radar,74,31,19,4,128,0,7,34,14,55,74,38,53,18,183,16,0,16,199
11/03/2022,ALB,NY,AEA,EN,Combined TRACON& Tower with Radar,79,27,15,18,139,0,2,24,15,41,79,29,39,33,180,21,26,47,227
11/04/2022,ALB,NY,AEA,EN,Combined TRACON& Tower with Radar,106,27,20,2,155,0,2,31,1,34,106,29,51,3,189,4,0,4,193
11/05/2022,ALB,NY,AEA,EN,Combined TRACON& Tower with Radar,52,26,13,0,91,0,2,14,2,18,52,28,27,2,109,0,4,4,113
11/06/2022,ALB,NY,AEA,EN,Combined TRACON& Tower with Radar,64,25,22,5,116,0,0,0,5,5,64,25,22,10,121,0,0,0,121
11/07/2022,ALB,NY,AEA,EN,Combined TRACON& Tower with Radar,70,33,16,13,132,0,3,31,25,59,70,36,47,38,191,2,62,64,255
11/08/2022,ALB,NY,AEA,EN,Combined TRACON& Tower with Radar,69,27,20,0,116,0,0,45,6,51,69,27,65,6,167,18,0,18,185
11/09/2022,ALB,NY,AEA,EN,Combined TRACON& Tower with Radar,69,34,29,0,132,0,3,43,0,46,69,37,72,0,178,6,0,6,184
11/10/2022,ALB,NY,AEA,EN,Combined TRACON& Tower with Radar,71,38,23,0,132,0,1,35,1,37,71,39,58,1,169,6,0,6,175
11/11/2022,ALB,NY,AEA,EN,Combined TRACON& Tower with Radar,76,32,18,0,126,0,0,10,0,10,76,32,28,0,136,0,0,0,136
11/12/2022,ALB,NY,AEA,EN,Combined TRACON& Tower with Radar,57,26,6,0,89,0,0,4,0,4,57,26,10,0,93,4,0,4,97
11/13/2022,ALB,NY,AEA,EN,Combined TRACON& Tower with Radar,67,24,14,0,105,0,0,17,0,17,67,24,31,0,122,0,0,0,122
11/14/2022,ALB,NY,AEA,EN,Combined TRACON& Tower with Radar,77,39,14,0,130,0,4,31,1,36,77,43,45,1,166,23,0,23,189
11/15/2022,ALB,NY,AEA,EN,Combined TRACON& Tower with Radar,75,27,28,6,136,0,0,27,5,32,75,27,55,11,168,14,6,20,188
11/16/2022,ALB,NY,AEA,EN,Combined TRACON& Tower with Radar,68,32,5,7,112,0,0,0,17,17,68,32,5,24,129,0,32,32,161
11/17/2022,ALB,NY,AEA,EN,Combined TRACON& Tower with Radar,71,37,17,0,125,0,0,11,4,15,71,37,28,4,140,18,0,18,158
11/18/2022,ALB,NY,AEA,EN,Combined TRACON& Tower with Radar,82,20,19,0,121,0,0,34,2,36,82,20,53,2,157,27,0,27,184
11/19/2022,ALB,NY,AEA,EN,Combined TRACON& Tower with Radar,60,23,21,0,104,0,0,35,2,37,60,23,56,2,141,32,0,32,173
11/20/2022,ALB,NY,AEA,EN,Combined TRACON& Tower with Radar,68,16,6,0,90,0,0,3,0,3,68,16,9,0,93,0,0,0,93
11/21/2022,ALB,NY,AEA,EN,Combined TRACON& Tower with Radar,70,24,11,1,106,0,0,18,7,25,70,24,29,8,131,24,0,24,155
11/22/2022,ALB,NY,AEA,EN,Combined TRACON& Tower with Radar,79,28,29,9,145,0,1,42,2,45,79,29,71,11,190,29,0,29,219
11/23/2022,ALB,NY,AEA,EN,Combined TRACON& Tower with Radar,83,27,9,0,119,0,3,43,9,55,83,30,52,9,174,28,0,28,202
11/24/2022,ALB,NY,AEA,EN,Combined TRACON& Tower with Radar,33,12,7,0,52,0,5,16,0,21,33,17,23,0,73,1,0,1,74
11/25/2022,ALB,NY,AEA,EN,Combined TRACON& Tower with Radar,49,18,3,0,70,0,0,3,0,3,49,18,6,0,73,0,0,0,73
11/26/2022,ALB,NY,AEA,EN,Combined TRACON& Tower with Radar,64,23,16,0,103,0,2,30,1,33,64,25,46,1,136,54,0,54,190
11/27/2022,ALB,NY,AEA,EN,Combined TRACON& Tower with Radar,77,28,16,2,123,0,0,6,0,6,77,28,22,2,129,5,0,5,134
11/28/2022,ALB,NY,AEA,EN,Combined TRACON& Tower with Radar,79,40,10,6,135,0,0,15,6,21,79,40,25,12,156,32,18,50,206
11/29/2022,ALB,NY,AEA,EN,Combined TRACON& Tower with Radar,79,26,15,16,136,0,0,34,5,39,79,26,49,21,175,4,0,4,179
11/30/2022,ALB,NY,AEA,EN,Combined TRACON& Tower with Radar,68,23,8,0,99,0,2,0,0,2,68,25,8,0,101,0,0,0,101
12/01/2022,ALB,NY,AEA,EN,Combined TRACON& Tower with Radar,80,25,10,0,115,0,1,8,6,15,80,26,18,6,130,2,0,2,132
12/02/2022,ALB,NY,AEA,EN,Combined TRACON& Tower with Radar,82,29,30,0,141,0,0,40,2,42,82,29,70,2,183,38,0,38,221
12/03/2022,ALB,NY,AEA,EN,Combined TRACON& Tower with Radar,58,24,16,0,98,0,0,0,0,0,58,24,16,0,98,0,0,0,98
12/04/2022,ALB,NY,AEA,EN,Combined TRACON& Tower with Radar,64,21,18,1,104,0,3,28,0,31,64,24,46,1,135,16,0,16,151
12/05/2022,ALB,NY,AEA,EN,Combined TRACON& Tower with Radar,76,26,21,0,123,0,0,46,0,46,76,26,67,0,169,0,0,0,169
12/06/2022,ALB,NY,AEA,EN,Combined TRACON& Tower with Radar,77,30,9,0,116,0,0,8,0,8,77,30,17,0,124,10,0,10,134
12/07/2022,ALB,NY,AEA,EN,Combined TRACON& Tower with Radar,76,41,21,15,153,0,0,1,1,2,76,41,22,16,155,0,0,0,155
12/08/2022,ALB,NY,AEA,EN,Combined TRACON& Tower with Radar,79,26,11,3,119,0,1,17,9,27,79,27,28,12,146,28,0,28,174
12/09/2022,ALB,NY,AEA,EN,Combined TRACON& Tower with Radar,82,30,12,0,124,0,1,37,4,42,82,31,49,4,166,34,0,34,200
12/10/2022,ALB,NY,AEA,EN,Combined TRACON& Tower with Radar,56,19,22,0,97,0,1,41,5,47,56,20,63,5,144,26,0,26,170
12/11/2022,ALB,NY,AEA,EN,Combined TRACON& Tower with Radar,63,18,0,0,81,0,0,0,0,0,63,18,0,0,81,24,0,24,105
12/12/2022,ALB,NY,AEA,EN,Combined TRACON& Tower with Radar,81,28,22,3,134,0,2,10,7,19,81,30,32,10,153,2,0,2,155
12/13/2022,ALB,NY,AEA,EN,Combined TRACON& Tower with Radar,75,33,11,0,119,0,0,24,24,48,75,33,35,24,167,38,15,53,220
12/14/2022,ALB,NY,AEA,EN,Combined TRACON& Tower with Radar,74,36,15,6,131,0,2,27,12,41,74,38,42,18,172,53,0,53,225
12/15/2022,ALB,NY,AEA,EN,Combined TRACON& Tower with Radar,78,32,9,1,120,0,3,18,10,31,78,35,27,11,151,69,0,69,220
12/16/2022,ALB,NY,AEA,EN,Combined TRACON& Tower with Radar,59,17,7,0,83,0,0,0,0,0,59,17,7,0,83,0,0,0,83
12/17/2022,ALB,NY,AEA,EN,Combined TRACON& Tower with Radar,83,26,8,0,117,0,0,11,0,11,83,26,19,0,128,17,0,17,145
12/18/2022,ALB,NY,AEA,EN,Combined TRACON& Tower with Radar,71,23,12,0,106,0,0,21,0,21,71,23,33,0,127,24,0,24,151
12/19/2022,ALB,NY,AEA,EN,Combined TRACON& Tower with Radar,75,27,11,1,114,0,3,12,5,20,75,30,23,6,134,42,0,42,176
12/20/2022,ALB,NY,AEA,EN,Combined TRACON& Tower with Radar,84,25,15,0,124,0,1,32,5,38,84,26,47,5,162,9,0,9,171
12/21/2022,ALB,NY,AEA,EN,Combined TRACON& Tower with Radar,79,32,12,27,150,0,2,34,17,53,79,34,46,44,203,37,16,53,256
12/22/2022,ALB,NY,AEA,EN,Combined TRACON& Tower with Radar,75,30,13,4,122,0,2,7,2,11,75,32,20,6,133,0,6,6,139
12/23/2022,ALB,NY,AEA,EN,Combined TRACON& Tower with Radar,57,15,6,0,78,0,0,0,0,0,57,15,6,0,78,0,0,0,78
12/24/2022,ALB,NY,AEA,EN,Combined TRACON& Tower with Radar,52,14,1,0,67,0,0,5,0,5,52,14,6,0,72,32,0,32,104
12/25/2022,ALB,NY,AEA,EN,Combined TRACON& Tower with Radar,39,12,3,0,54,0,0,2,0,2,39,12,5,0,56,1,0,1,57
12/26/2022,ALB,NY,AEA,EN,Combined TRACON& Tower with Radar,54,24,20,0,98,0,1,18,0,19,54,25,38,0,117,0,0,0,117
12/27/2022,ALB,NY,AEA,EN,Combined TRACON& Tower with Radar,63,29,19,5,116,0,0,23,13,36,63,29,42,18,152,44,26,70,222
12/28/2022,ALB,NY,AEA,EN,Combined TRACON& Tower with Radar,59,27,13,11,110,0,0,30,2,32,59,27,43,13,142,27,12,39,181
12/29/2022,ALB,NY,AEA,EN,Combined TRACON& Tower with Radar,62,29,16,0,107,0,0,58,1,59,62,29,74,1,166,69,0,69,235
12/30/2022,ALB,NY,AEA,EN,Combined TRACON& Tower with Radar,75,26,11,0,112,0,3,40,2,45,75,29,51,2,157,42,0,42,199
12/31/2022,ALB,NY,AEA,EN,Combined TRACON& Tower with Radar,75,19,9,0,103,0,0,4,0,4,75,19,13,0,107,4,0,4,111
01/01/2023,ALB,NY,AEA,EN,Combined TRACON& Tower with Radar,56,21,2,0,79,0,1,4,0,5,56,22,6,0,84,44,0,44,128
01/02/2023,ALB,NY,AEA,EN,Combined TRACON& Tower with Radar,65,15,10,0,90,0,1,22,0,23,65,16,32,0,113,27,0,27,140
01/03/2023,ALB,NY,AEA,EN,Combined TRACON& Tower with Radar,60,22,5,8,95,0,0,0,0,0,60,22,5,8,95,0,0,0,95
01/04/2023,ALB,NY,AEA,EN,Combined TRACON& Tower with Radar,62,28,4,8,102,0,0,0,0,0,62,28,4,8,102,0,0,0,102
01/05/2023,ALB,NY,AEA,EN,Combined TRACON& Tower with Radar,56,22,23,2,103,0,3,2,0,5,56,25,25,2,108,13,1,14,122
01/06/2023,ALB,NY,AEA,EN,Combined TRACON& Tower with Radar,60,18,12,2,92,0,0,0,0,0,60,18,12,2,92,19,0,19,111
01/07/2023,ALB,NY,AEA,EN,Combined TRACON& Tower with Radar,59,23,16,0,98,0,1,20,0,21,59,24,36,0,119,51,1,52,171
01/08/2023,ALB,NY,AEA,EN,Combined TRACON& Tower with Radar,64,16,12,0,92,0,1,48,0,49,64,17,60,0,141,0,0,0,141
01/09/2023,ALB,NY,AEA,EN,Combined TRACON& Tower with Radar,75,29,15,0,119,0,0,13,0,13,75,29,28,0,132,36,0,36,168
01/10/2023,ALB,NY,AEA,EN,Combined TRACON& Tower with Radar,67,28,20,3,118,0,0,32,5,37,67,28,52,8,155,23,0,23,178
01/11/2023,ALB,NY,AEA,EN,Combined TRACON& Tower with Radar,59,31,12,5,107,0,0,33,12,45,59,31,45,17,152,21,0,21,173
01/12/2023,ALB,NY,AEA,EN,Combined TRACON& Tower with Radar,78,27,15,0,120,0,0,0,0,0,78,27,15,0,120,0,0,0,120
01/13/2023,ALB,NY,AEA,EN,Combined TRACON& Tower with Radar,76,23,6,0,105,0,0,2,0,2,76,23,8,0,107,1,0,1,108
01/14/2023,ALB,NY,AEA,EN,Combined TRACON& Tower with Radar,53,18,6,0,77,0,0,6,0,6,53,18,12,0,83,50,0,50,133
01/15/2023,ALB,NY,AEA,EN,Combined TRACON& Tower with Radar,65,22,7,0,94,0,2,32,0,34,65,24,39,0,128,13,0,13,141
01/16/2023,ALB,NY,AEA,EN,Combined TRACON& Tower with Radar,72,21,22,0,115,0,1,41,2,44,72,22,63,2,159,20,0,20,179
01/17/2023,ALB,NY,AEA,EN,Combined TRACON& Tower with Radar,69,27,9,7,112,0,1,11,1,13,69,28,20,8,125,4,4,8,133
01/18/2023,ALB,NY,AEA,EN,Combined TRACON& Tower with Radar,71,24,5,2,102,0,0,8,10,18,71,24,13,12,120,4,0,4,124
01/19/2023,ALB,NY,AEA,EN,Combined TRACON& Tower with Radar,76,30,11,0,117,0,1,16,0,17,76,31,27,0,134,0,0,0,134
01/20/2023,ALB,NY,AEA,EN,Combined TRACON& Tower with Radar,74,27,12,10,123,0,0,0,0,0,74,27,12,10,123,0,6,6,129
01/21/2023,ALB,NY,AEA,EN,Combined TRACON& Tower with Radar,60,16,16,0,92,0,2,8,2,12,60,18,24,2,104,12,0,12,116
01/22/2023,ALB,NY,AEA,EN,Combined TRACON& Tower with Radar,71,15,6,0,92,0,2,6,3,11,71,17,12,3,103,26,0,26,129
01/23/2023,ALB,NY,AEA,EN,Combined TRACON& Tower with Radar,72,24,14,0,110,0,0,0,0,0,72,24,14,0,110,0,0,0,110
01/24/2023,ALB,NY,AEA,EN,Combined TRACON& Tower with Radar,70,23,16,4,113,0,0,14,5,19,70,23,30,9,132,0,0,0,132
01/25/2023,ALB,NY,AEA,EN,Combined TRACON& Tower with Radar,69,21,5,0,95,0,0,0,2,2,69,21,5,2,97,3,0,3,100
01/26/2023,ALB,NY,AEA,EN,Combined TRACON& Tower with Radar,82,34,6,6,128,0,0,0,12,12,82,34,6,18,140,12,37,49,189
01/27/2023,ALB,NY,AEA,EN,Combined TRACON& Tower with Radar,75,18,20,0,113,0,0,40,0,40,75,18,60,0,153,18,0,18,171
01/28/2023,ALB,NY,AEA,EN,Combined TRACON& Tower with Radar,59,19,12,0,90,0,2,28,0,30,59,21,40,0,120,29,0,29,149
01/29/2023,ALB,NY,AEA,EN,Combined TRACON& Tower with Radar,72,19,15,0,106,0,1,20,1,22,72,20,35,1,128,15,0,15,143
01/30/2023,ALB,NY,AEA,EN,Combined TRACON& Tower with Radar,71,19,12,8,110,0,0,4,0,4,71,19,16,8,114,25,8,33,147
01/31/2023,ALB,NY,AEA,EN,Combined TRACON& Tower with Radar,68,28,13,7,116,0,0,14,4,18,68,28,27,11,134,10,4,14,148
02/01/2023,ALB,NY,AEA,EN,Combined TRACON& Tower with Radar,64,32,25,0,121,0,0,36,5,41,64,32,61,5,162,23,0,23,185
02/02/2023,ALB,NY,AEA,EN,Combined TRACON& Tower with Radar,71,28,11,0,110,0,1,29,6,36,71,29,40,6,146,11,0,11,157
02/03/2023,ALB,NY,AEA,EN,Combined TRACON& Tower with Radar,81,34,5,0,120,0,1,0,4,5,81,35,5,4,125,0,0,0,125
02/04/2023,ALB,NY,AEA,EN,Combined TRACON& Tower with Radar,56,20,7,4,87,0,0,7,2,9,56,20,14,6,96,0,0,0,96
02/05/2023,ALB,NY,AEA,EN,Combined TRACON& Tower with Radar,67,18,6,2,93,0,0,17,2,19,67,18,23,4,112,0,0,0,112
02/06/2023,ALB,NY,AEA,EN,Combined TRACON& Tower with Radar,70,24,22,8,124,0,0,20,4,24,70,24,42,12,148,0,0,0,148
02/07/2023,ALB,NY,AEA,EN,Combined TRACON& Tower with Radar,64,31,19,1,115,0,5,24,5,34,64,36,43,6,149,0,0,0,149
02/08/2023,ALB,NY,AEA,EN,Combined TRACON& Tower with Radar,63,28,15,1,107,0,0,28,3,31,63,28,43,4,138,0,0,0,138
02/09/2023,ALB,NY,AEA,EN,Combined TRACON& Tower with Radar,74,38,8,0,120,0,1,9,0,10,74,39,17,0,130,0,0,0,130
02/10/2023,ALB,NY,AEA,EN,Combined TRACON& Tower with Radar,76,24,15,3,118,0,0,5,2,7,76,24,20,5,125,0,0,0,125
02/11/2023,ALB,NY,AEA,EN,Combined TRACON& Tower with Radar,57,22,19,0,98,0,4,22,0,26,57,26,41,0,124,0,0,0,124
02/12/2023,ALB,NY,AEA,EN,Combined TRACON& Tower with Radar,61,20,20,1,102,0,4,55,1,60,61,24,75,2,162,0,0,0,162
02/13/2023,ALB,NY,AEA,EN,Combined TRACON& Tower with Radar,69,33,19,4,125,0,0,34,3,37,69,33,53,7,162,0,0,0,162
02/14/2023,ALB,NY,AEA,EN,Combined TRACON& Tower with Radar,62,28,17,1,108,0,0,30,7,37,62,28,47,8,145,0,0,0,145
02/15/2023,ALB,NY,AEA,EN,Combined TRACON& Tower with Radar,68,26,20,1,115,0,0,19,4,23,68,26,39,5,138,0,0,0,138
02/16/2023,ALB,NY,AEA,EN,Combined TRACON& Tower with Radar,77,32,13,2,124,0,3,16,6,25,77,35,29,8,149,0,0,0,149
02/17/2023,ALB,NY,AEA,EN,Combined TRACON& Tower with Radar,79,40,15,0,134,0,0,0,0,0,79,40,15,0,134,0,0,0,134
02/18/2023,ALB,NY,AEA,EN,Combined TRACON& Tower with Radar,64,24,23,0,111,0,3,45,0,48,64,27,68,0,159,0,0,0,159
02/19/2023,ALB,NY,AEA,EN,Combined TRACON& Tower with Radar,65,24,18,0,107,0,2,31,0,33,65,26,49,0,140,0,0,0,140
02/20/2023,ALB,NY,AEA,EN,Combined TRACON& Tower with Radar,77,26,11,0,114,0,1,31,2,34,77,27,42,2,148,0,0,0,148
02/21/2023,ALB,NY,AEA,EN,Combined TRACON& Tower with Radar,77,36,13,2,128,0,0,10,0,10,77,36,23,2,138,0,0,0,138
02/22/2023,ALB,NY,AEA,EN,Combined TRACON& Tower with Radar,66,29,13,5,113,0,1,8,9,18,66,30,21,14,131,0,0,0,131
02/23/2023,ALB,NY,AEA,EN,Combined TRACON& Tower with Radar,66,27,4,0,97,0,0,0,0,0,66,27,4,0,97,0,0,0,97
02/24/2023,ALB,NY,AEA,EN,Combined TRACON& Tower with Radar,78,40,14,1,133,0,0,2,1,3,78,40,16,2,136,0,0,0,136
02/25/2023,ALB,NY,AEA,EN,Combined TRACON& Tower with Radar,69,32,13,0,114,0,0,5,0,5,69,32,18,0,119,0,0,0,119
02/26/2023,ALB,NY,AEA,EN,Combined TRACON& Tower with Radar,64,27,8,0,99,0,0,15,0,15,64,27,23,0,114,0,0,0,114
02/27/2023,ALB,NY,AEA,EN,Combined TRACON& Tower with Radar,73,35,16,13,137,0,4,33,2,39,73,39,49,15,176,0,0,0,176
02/28/2023,ALB,NY,AEA,EN,Combined TRACON& Tower with Radar,74,32,2,0,108,0,0,0,0,0,74,32,2,0,108,0,0,0,108
03/01/2023,ALB,NY,AEA,EN,Combined TRACON& Tower with Radar,75,26,20,14,135,0,0,22,11,33,75,26,42,25,168,18,12,30,198
03/02/2023,ALB,NY,AEA,EN,Combined TRACON& Tower with Radar,78,35,15,2,130,0,0,4,0,4,78,35,19,2,134,8,0,8,142
03/03/2023,ALB,NY,AEA,EN,Combined TRACON& Tower with Radar,72,27,9,3,111,0,0,36,3,39,72,27,45,6,150,32,8,40,190
03/04/2023,ALB,NY,AEA,EN,Combined TRACON& Tower with Radar,48,16,0,0,64,0,0,0,0,0,48,16,0,0,64,0,0,0,64
03/05/2023,ALB,NY,AEA,EN,Combined TRACON& Tower with Radar,69,28,20,0,117,0,0,18,4,22,69,28,38,4,139,0,0,0,139
03/06/2023,ALB,NY,AEA,EN,Combined TRACON& Tower with Radar,76,35,15,13,139,0,0,25,8,33,76,35,40,21,172,10,18,28,200
03/07/2023,ALB,NY,AEA,EN,Combined TRACON& Tower with Radar,72,31,12,8,123,0,1,12,0,13,72,32,24,8,136,2,2,4,140
03/08/2023,ALB,NY,AEA,EN,Combined TRACON& Tower with Radar,76,26,16,1,119,0,0,24,1,25,76,26,40,2,144,0,0,0,144
03/09/2023,ALB,NY,AEA,EN,Combined TRACON& Tower with Radar,76,37,12,8,133,0,2,47,8,57,76,39,59,16,190,0,0,0,190
03/10/2023,ALB,NY,AEA,EN,Combined TRACON& Tower with Radar,76,35,13,0,124,0,0,23,0,23,76,35,36,0,147,0,0,0,147
03/11/2023,ALB,NY,AEA,EN,Combined TRACON& Tower with Radar,57,24,5,0,86,0,0,11,0,11,57,24,16,0,97,0,0,0,97
03/12/2023,ALB,NY,AEA,EN,Combined TRACON& Tower with Radar,63,21,30,0,114,0,1,53,0,54,63,22,83,0,168,0,0,0,168
03/13/2023,ALB,NY,AEA,EN,Combined TRACON& Tower with Radar,70,22,8,2,102,0,0,0,0,0,70,22,8,2,102,0,0,0,102
03/14/2023,ALB,NY,AEA,EN,Combined TRACON& Tower with Radar,25,8,0,0,33,0,0,0,0,0,25,8,0,0,33,0,0,0,33
03/15/2023,ALB,NY,AEA,EN,Combined TRACON& Tower with Radar,78,39,6,3,126,0,1,0,7,8,78,40,6,10,134,0,0,0,134
03/16/2023,ALB,NY,AEA,EN,Combined TRACON& Tower with Radar,79,40,20,4,143,0,2,35,9,46,79,42,55,13,189,0,0,0,189
03/17/2023,ALB,NY,AEA,EN,Combined TRACON& Tower with Radar,81,35,23,2,141,0,0,26,3,29,81,35,49,5,170,0,0,0,170
03/18/2023,ALB,NY,AEA,EN,Combined TRACON& Tower with Radar,57,30,21,0,108,0,0,24,0,24,57,30,45,0,132,0,0,0,132
03/19/2023,ALB,NY,AEA,EN,Combined TRACON& Tower with Radar,69,35,11,0,115,0,3,2,0,5,69,38,13,0,120,0,0,0,120
03/20/2023,ALB,NY,AEA,EN,Combined TRACON& Tower with Radar,82,28,16,11,137,0,0,49,6,55,82,28,65,17,192,0,0,0,192
03/21/2023,ALB,NY,AEA,EN,Combined TRACON& Tower with Radar,73,30,18,4,125,0,2,42,5,49,73,32,60,9,174,0,0,0,174
03/22/2023,ALB,NY,AEA,EN,Combined TRACON& Tower with Radar,74,26,25,2,127,0,0,32,4,36,74,26,57,6,163,0,0,0,163
03/23/2023,ALB,NY,AEA,EN,Combined TRACON& Tower with Radar,79,30,16,24,149,0,0,2,1,3,79,30,18,25,152,0,0,0,152
03/24/2023,ALB,NY,AEA,EN,Combined TRACON& Tower with Radar,74,39,16,0,129,0,1,24,3,28,74,40,40,3,157,0,0,0,157
03/25/2023,ALB,NY,AEA,EN,Combined TRACON& Tower with Radar,58,25,9,0,92,0,0,0,0,0,58,25,9,0,92,0,0,0,92
03/26/2023,ALB,NY,AEA,EN,Combined TRACON& Tower with Radar,73,26,11,0,110,0,1,15,2,18,73,27,26,2,128,0,0,0,128
03/27/2023,ALB,NY,AEA,EN,Combined TRACON& Tower with Radar,85,32,15,0,132,0,2,31,6,39,85,34,46,6,171,0,0,0,171
03/28/2023,ALB,NY,AEA,EN,Combined TRACON& Tower with Radar,76,27,16,5,124,0,2,19,3,24,76,29,35,8,148,0,0,0,148
03/29/2023,ALB,NY,AEA,EN,Combined TRACON& Tower with Radar,80,28,12,1,121,0,0,28,10,38,80,28,40,11,159,0,0,0,159
03/30/2023,ALB,NY,AEA,EN,Combined TRACON& Tower with Radar,81,29,11,2,123,0,0,32,9,41,81,29,43,11,164,0,0,0,164
03/31/2023,ALB,NY,AEA,EN,Combined TRACON& Tower with Radar,81,40,22,7,150,0,2,11,7,20,81,42,33,14,170,0,0,0,170
04/01/2023,ALB,NY,AEA,EN,Combined TRACON& Tower with Radar,57,19,3,0,79,0,0,6,0,6,57,19,9,0,85,20,0,20,105
04/02/2023,ALB,NY,AEA,EN,Combined TRACON& Tower with Radar,70,22,12,0,104,0,2,27,3,32,70,24,39,3,136,22,0,22,158
04/03/2023,ALB,NY,AEA,EN,Combined TRACON& Tower with Radar,82,28,14,2,126,0,3,19,7,29,82,31,33,9,155,18,0,18,173
04/04/2023,ALB,NY,AEA,EN,Combined TRACON& Tower with Radar,78,25,23,0,126,0,0,24,2,26,78,25,47,2,152,23,0,23,175
04/05/2023,ALB,NY,AEA,EN,Combined TRACON& Tower with Radar,78,39,12,1,130,0,0,5,1,6,78,39,17,2,136,29,0,29,165
04/06/2023,ALB,NY,AEA,EN,Combined TRACON& Tower with Radar,86,34,26,10,156,0,0,5,7,12,86,34,31,17,168,8,20,28,196
04/07/2023,ALB,NY,AEA,EN,Combined TRACON& Tower with Radar,88,32,11,0,131,0,4,15,2,21,88,36,26,2,152,36,0,36,188
04/08/2023,ALB,NY,AEA,EN,Combined TRACON& Tower with Radar,65,21,17,0,103,0,5,59,0,64,65,26,76,0,167,56,0,56,223
04/09/2023,ALB,NY,AEA,EN,Combined TRACON& Tower with Radar,71,18,17,1,107,0,2,28,0,30,71,20,45,1,137,24,0,24,161
04/10/2023,ALB,NY,AEA,EN,Combined TRACON& Tower with Radar,81,29,18,0,128,0,4,45,2,51,81,33,63,2,179,41,4,45,224
04/11/2023,ALB,NY,AEA,EN,Combined TRACON& Tower with Radar,80,37,26,1,144,0,3,19,3,25,80,40,45,4,169,22,6,28,197
04/12/2023,ALB,NY,AEA,EN,Combined TRACON& Tower with Radar,83,33,16,16,148,0,6,45,3,54,83,39,61,19,202,34,0,34,236
04/13/2023,ALB,NY,AEA,EN,Combined TRACON& Tower with Radar,79,40,29,0,148,0,4,40,10,54,79,44,69,10,202,60,8,68,270
04/14/2023,ALB,NY,AEA,EN,Combined TRACON& Tower with Radar,84,32,24,1,141,0,5,36,4,45,84,37,60,5,186,56,0,56,242
04/15/2023,ALB,NY,AEA,EN,Combined TRACON& Tower with Radar,62,21,20,0,103,0,0,27,0,27,62,21,47,0,130,22,0,22,152
04/16/2023,ALB,NY,AEA,EN,Combined TRACON& Tower with Radar,61,34,23,0,118,0,0,13,0,13,61,34,36,0,131,20,0,20,151
04/17/2023,ALB,NY,AEA,EN,Combined TRACON& Tower with Radar,82,36,22,0,140,0,0,5,0,5,82,36,27,0,145,34,0,34,179
04/18/2023,ALB,NY,AEA,EN,Combined TRACON& Tower with Radar,80,36,25,15,156,0,0,38,9,47,80,36,63,24,203,25,34,59,262
04/19/2023,ALB,NY,AEA,EN,Combined TRACON& Tower with Radar,74,27,17,0,118,0,0,21,6,27,74,27,38,6,145,28,0,28,173
04/20/2023,ALB,NY,AEA,EN,Combined TRACON& Tower with Radar,80,31,21,5,137,0,0,41,7,48,80,31,62,12,185,47,12,59,244
04/21/2023,ALB,NY,AEA,EN,Combined TRACON& Tower with Radar,87,30,24,0,141,0,4,38,2,44,87,34,62,2,185,18,0,18,203
04/22/2023,ALB,NY,AEA,EN,Combined TRACON& Tower with Radar,50,27,12,0,89,0,0,11,7,18,50,27,23,7,107,45,0,45,152
04/23/2023,ALB,NY,AEA,EN,Combined TRACON& Tower with Radar,73,27,18,3,121,0,0,0,0,0,73,27,18,3,121,0,0,0,121
04/24/2023,ALB,NY,AEA,EN,Combined TRACON& Tower with Radar,83,29,21,15,148,0,2,23,1,26,83,31,44,16,174,18,10,28,202
04/25/2023,ALB,NY,AEA,EN,Combined TRACON& Tower with Radar,73,31,19,11,134,0,1,28,5,34,73,32,47,16,168,0,0,0,168
04/26/2023,ALB,NY,AEA,EN,Combined TRACON& Tower with Radar,78,28,17,2,125,0,3,31,2,36,78,31,48,4,161,0,0,0,161
04/27/2023,ALB,NY,AEA,EN,Combined TRACON& Tower with Radar,82,34,32,7,155,0,0,32,7,39,82,34,64,14,194,0,0,0,194
04/28/2023,ALB,NY,AEA,EN,Combined TRACON& Tower with Radar,86,24,22,10,142,0,0,45,10,55,86,24,67,20,197,0,0,0,197
04/29/2023,ALB,NY,AEA,EN,Combined TRACON& Tower with Radar,54,26,9,0,89,0,0,9,0,9,54,26,18,0,98,0,0,0,98
04/30/2023,ALB,NY,AEA,EN,Combined TRACON& Tower with Radar,73,29,9,0,111,0,0,2,0,2,73,29,11,0,113,0,0,0,113
05/01/2023,ALB,NY,AEA,EN,Combined TRACON& Tower with Radar,87,28,17,16,148,0,0,21,1,22,87,28,38,17,170,17,4,21,191
05/02/2023,ALB,NY,AEA,EN,Combined TRACON& Tower with Radar,74,35,12,0,121,0,0,17,0,17,74,35,29,0,138,5,0,5,143
05/03/2023,ALB,NY,AEA,EN,Combined TRACON& Tower with Radar,76,45,31,15,167,0,0,13,0,13,76,45,44,15,180,10,10,20,200
05/04/2023,ALB,NY,AEA,EN,Combined TRACON& Tower with Radar,83,40,17,11,151,0,1,22,11,34,83,41,39,22,185,31,30,61,246
05/05/2023,ALB,NY,AEA,EN,Combined TRACON& Tower with Radar,83,27,14,10,134,0,0,29,7,36,83,27,43,17,170,40,14,54,224
05/06/2023,ALB,NY,AEA,EN,Combined TRACON& Tower with Radar,49,24,14,0,87,0,1,43,2,46,49,25,57,2,133,36,0,36,169
05/07/2023,ALB,NY,AEA,EN,Combined TRACON& Tower with Radar,62,28,17,0,107,0,4,36,4,44,62,32,53,4,151,6,0,6,157
05/08/2023,ALB,NY,AEA,EN,Combined TRACON& Tower with Radar,80,26,21,3,130,0,0,42,0,42,80,26,63,3,172,22,0,22,194
05/09/2023,ALB,NY,AEA,EN,Combined TRACON& Tower with Radar,70,36,15,15,136,0,2,35,11,48,70,38,50,26,184,13,10,23,207
05/10/2023,ALB,NY,AEA,EN,Combined TRACON& Tower with Radar,75,28,17,7,127,0,0,41,0,41,75,28,58,7,168,0,0,0,168
05/11/2023,ALB,NY,AEA,EN,Combined TRACON& Tower with Radar,78,26,11,15,130,0,7,46,15,68,78,33,57,30,198,0,0,0,198
05/12/2023,ALB,NY,AEA,EN,Combined TRACON& Tower with Radar,84,39,11,2,136,0,4,35,4,43,84,43,46,6,179,0,0,0,179
05/13/2023,ALB,NY,AEA,EN,Combined TRACON& Tower with Radar,49,25,19,0,93,0,3,38,2,43,49,28,57,2,136,0,0,0,136
05/14/2023,ALB,NY,AEA,EN,Combined TRACON& Tower with Radar,64,22,14,0,100,0,3,36,2,41,64,25,50,2,141,0,0,0,141
05/15/2023,ALB,NY,AEA,EN,Combined TRACON& Tower with Radar,80,34,17,0,131,0,3,35,2,40,80,37,52,2,171,0,0,0,171
05/16/2023,ALB,NY,AEA,EN,Combined TRACON& Tower with Radar,71,27,14,11,123,0,6,35,5,46,71,33,49,16,169,0,0,0,169
05/17/2023,ALB,NY,AEA,EN,Combined TRACON& Tower with Radar,72,35,15,2,124,0,3,45,6,54,72,38,60,8,178,0,0,0,178
05/18/2023,ALB,NY,AEA,EN,Combined TRACON& Tower with Radar,81,37,17,5,140,0,2,56,21,79,81,39,73,26,219,0,0,0,219
05/19/2023,ALB,NY,AEA,EN,Combined TRACON& Tower with Radar,86,35,17,2,140,0,0,21,0,21,86,35,38,2,161,0,0,0,161
05/20/2023,ALB,NY,AEA,EN,Combined TRACON& Tower with Radar,54,57,15,0,126,0,2,7,0,9,54,59,22,0,135,0,0,0,135
05/21/2023,ALB,NY,AEA,EN,Combined TRACON& Tower with Radar,71,27,15,0,113,0,0,15,1,16,71,27,30,1,129,0,0,0,129
05/22/2023,ALB,NY,AEA,EN,Combined TRACON& Tower with Radar,78,34,14,3,129,0,1,31,1,33,78,35,45,4,162,0,0,0,162
05/23/2023,ALB,NY,AEA,EN,Combined TRACON& Tower with Radar,74,26,27,8,135,0,1,33,4,38,74,27,60,12,173,0,0,0,173
05/24/2023,ALB,NY,AEA,EN,Combined TRACON& Tower with Radar,72,31,16,0,119,0,0,26,2,28,72,31,42,2,147,0,0,0,147
05/25/2023,ALB,NY,AEA,EN,Combined TRACON& Tower with Radar,78,35,21,0,134,0,0,32,12,44,78,35,53,12,178,0,0,0,178
05/26/2023,ALB,NY,AEA,EN,Combined TRACON& Tower with Radar,84,39,20,0,143,0,8,43,2,53,84,47,63,2,196,0,0,0,196
05/27/2023,ALB,NY,AEA,EN,Combined TRACON& Tower with Radar,50,24,18,0,92,0,1,38,0,39,50,25,56,0,131,0,0,0,131
05/28/2023,ALB,NY,AEA,EN,Combined TRACON& Tower with Radar,53,36,6,0,95,0,2,34,0,36,53,38,40,0,131,0,0,0,131
05/29/2023,ALB,NY,AEA,EN,Combined TRACON& Tower with Radar,76,23,25,3,127,0,2,36,0,38,76,25,61,3,165,0,0,0,165
05/30/2023,ALB,NY,AEA,EN,Combined TRACON& Tower with Radar,67,24,24,0,115,0,2,59,10,71,67,26,83,10,186,0,0,0,186
05/31/2023,ALB,NY,AEA,EN,Combined TRACON& Tower with Radar,72,35,21,5,133,0,8,37,7,52,72,43,58,12,185,0,0,0,185
06/01/2023,ALB,NY,AEA,EN,Combined TRACON& Tower with Radar,79,28,13,0,120,0,0,26,10,36,79,28,39,10,156,24,0,24,180
06/02/2023,ALB,NY,AEA,EN,Combined TRACON& Tower with Radar,84,24,21,0,129,0,3,22,2,27,84,27,43,2,156,0,0,0,156
06/03/2023,ALB,NY,AEA,EN,Combined TRACON& Tower with Radar,51,30,21,2,104,0,0,10,0,10,51,30,31,2,114,0,0,0,114
06/04/2023,ALB,NY,AEA,EN,Combined TRACON& Tower with Radar,62,27,19,0,108,0,3,28,2,33,62,30,47,2,141,0,0,0,141
06/05/2023,ALB,NY,AEA,EN,Combined TRACON& Tower with Radar,71,31,17,4,123,0,0,32,6,38,71,31,49,10,161,0,0,0,161
06/06/2023,ALB,NY,AEA,EN,Combined TRACON& Tower with Radar,66,22,17,6,111,0,1,8,0,9,66,23,25,6,120,8,4,12,132
06/07/2023,ALB,NY,AEA,EN,Combined TRACON& Tower with Radar,66,36,27,2,131,0,0,3,0,3,66,36,30,2,134,8,0,8,142
06/08/2023,ALB,NY,AEA,EN,Combined TRACON& Tower with Radar,72,29,26,3,130,0,0,10,1,11,72,29,36,4,141,48,0,48,189
06/09/2023,ALB,NY,AEA,EN,Combined TRACON& Tower with Radar,75,27,25,0,127,0,0,16,2,18,75,27,41,2,145,8,0,8,153
06/10/2023,ALB,NY,AEA,EN,Combined TRACON& Tower with Radar,47,21,22,0,90,0,0,49,6,55,47,21,71,6,145,4,0,4,149
06/11/2023,ALB,NY,AEA,EN,Combined TRACON& Tower with Radar,61,26,20,0,107,0,2,41,3,46,61,28,61,3,153,4,0,4,157
06/12/2023,ALB,NY,AEA,EN,Combined TRACON& Tower with Radar,73,28,20,3,124,0,1,33,5,39,73,29,53,8,163,15,0,15,178
06/13/2023,ALB,NY,AEA,EN,Combined TRACON& Tower with Radar,65,33,35,0,133,0,1,36,2,39,65,34,71,2,172,2,0,2,174
06/14/2023,ALB,NY,AEA,EN,Combined TRACON& Tower with Radar,72,34,17,0,123,0,2,25,4,31,72,36,42,4,154,24,0,24,178
06/15/2023,ALB,NY,AEA,EN,Combined TRACON& Tower with Radar,73,41,31,2,147,0,0,55,18,73,73,41,86,20,220,6,0,6,226
06/16/2023,ALB,NY,AEA,EN,Combined TRACON& Tower with Radar,69,29,17,10,125,0,0,32,14,46,69,29,49,24,171,22,32,54,225
06/17/2023,ALB,NY,AEA,EN,Combined TRACON& Tower with Radar,52,24,27,0,103,0,0,34,7,41,52,24,61,7,144,20,0,20,164
06/18/2023,ALB,NY,AEA,EN,Combined TRACON& Tower with Radar,60,18,26,0,104,0,4,59,21,84,60,22,85,21,188,13,0,13,201
06/19/2023,ALB,NY,AEA,EN,Combined TRACON& Tower with Radar,70,26,21,0,117,0,7,46,0,53,70,33,67,0,170,32,0,32,202
06/20/2023,ALB,NY,AEA,EN,Combined TRACON& Tower with Radar,72,34,31,0,137,0,7,25,0,32,72,41,56,0,169,0,0,0,169
06/21/2023,ALB,NY,AEA,EN,Combined TRACON& Tower with Radar,70,32,22,12,136,0,3,43,18,64,70,35,65,30,200,43,2,45,245
06/22/2023,ALB,NY,AEA,EN,Combined TRACON& Tower with Radar,72,29,41,2,144,0,2,45,2,49,72,31,86,4,193,34,0,34,227
06/23/2023,ALB,NY,AEA,EN,Combined TRACON& Tower with Radar,79,49,14,0,142,0,4,30,4,38,79,53,44,4,180,8,0,8,188
06/24/2023,ALB,NY,AEA,EN,Combined TRACON& Tower with Radar,55,42,21,0,118,0,0,0,0,0,55,42,21,0,118,0,0,0,118
06/25/2023,ALB,NY,AEA,EN,Combined TRACON& Tower with Radar,58,27,29,5,119,0,0,23,1,24,58,27,52,6,143,42,16,58,201
06/26/2023,ALB,NY,AEA,EN,Combined TRACON& Tower with Radar,59,23,14,4,100,0,0,5,2,7,59,23,19,6,107,0,0,0,107
06/27/2023,ALB,NY,AEA,EN,Combined TRACON& Tower with Radar,64,32,30,2,128,0,0,10,0,10,64,32,40,2,138,9,0,9,147
06/28/2023,ALB,NY,AEA,EN,Combined TRACON& Tower with Radar,69,24,25,2,120,0,0,3,3,6,69,24,28,5,126,18,0,18,144
06/29/2023,ALB,NY,AEA,EN,Combined TRACON& Tower with Radar,74,31,31,2,138,0,1,17,1,19,74,32,48,3,157,19,0,19,176
06/30/2023,ALB,NY,AEA,EN,Combined TRACON& Tower with Radar,72,34,34,0,140,0,0,21,0,21,72,34,55,0,161,0,0,0,161
07/01/2023,ALB,NY,AEA,EN,Combined TRACON& Tower with Radar,55,28,28,0,111,0,0,13,0,13,55,28,41,0,124,14,0,14,138
07/02/2023,ALB,NY,AEA,EN,Combined TRACON& Tower with Radar,60,33,24,0,117,0,0,0,0,0,60,33,24,0,117,36,0,36,153
07/03/2023,ALB,NY,AEA,EN,Combined TRACON& Tower with Radar,63,21,33,0,117,0,0,2,0,2,63,21,35,0,119,0,0,0,119
07/04/2023,ALB,NY,AEA,EN,Combined TRACON& Tower with Radar,51,20,17,0,88,0,0,8,0,8,51,20,25,0,96,12,1,13,109
07/05/2023,ALB,NY,AEA,EN,Combined TRACON& Tower with Radar,68,24,18,18,128,0,0,35,2,37,68,24,53,20,165,10,0,10,175
07/06/2023,ALB,NY,AEA,EN,Combined TRACON& Tower with Radar,73,35,19,0,127,0,1,39,4,44,73,36,58,4,171,0,0,0,171
07/07/2023,ALB,NY,AEA,EN,Combined TRACON& Tower with Radar,71,29,5,5,110,0,0,10,1,11,71,29,15,6,121,12,0,12,133
07/08/2023,ALB,NY,AEA,EN,Combined TRACON& Tower with Radar,55,32,29,0,116,0,3,12,0,15,55,35,41,0,131,2,0,2,133
07/09/2023,ALB,NY,AEA,EN,Combined TRACON& Tower with Radar,63,26,14,0,103,0,2,7,1,10,63,28,21,1,113,15,0,15,128
07/10/2023,ALB,NY,AEA,EN,Combined TRACON& Tower with Radar,72,40,15,0,127,0,0,5,0,5,72,40,20,0,132,1,14,15,147
07/11/2023,ALB,NY,AEA,EN,Combined TRACON& Tower with Radar,76,33,33,2,144,0,5,42,7,54,76,38,75,9,198,32,0,32,230
07/12/2023,ALB,NY,AEA,EN,Combined TRACON& Tower with Radar,71,39,20,3,133,0,0,33,7,40,71,39,53,10,173,30,0,30,203
07/13/2023,ALB,NY,AEA,EN,Combined TRACON& Tower with Radar,78,48,22,11,159,0,1,22,7,30,78,49,44,18,189,2,0,2,191
07/14/2023,ALB,NY,AEA,EN,Combined TRACON& Tower with Radar,80,28,25,2,135,0,0,23,1,24,80,28,48,3,159,16,0,16,175
07/15/2023,ALB,NY,AEA,EN,Combined TRACON& Tower with Radar,65,24,37,0,126,0,2,41,0,43,65,26,78,0,169,0,0,0,169
07/16/2023,ALB,NY,AEA,EN,Combined TRACON& Tower with Radar,59,33,14,2,108,0,0,1,0,1,59,33,15,2,109,0,0,0,109
07/17/2023,ALB,NY,AEA,EN,Combined TRACON& Tower with Radar,79,32,21,10,142,0,2,24,4,30,79,34,45,14,172,9,0,9,181
07/18/2023,ALB,NY,AEA,EN,Combined TRACON& Tower with Radar,79,36,15,3,133,0,1,19,1,21,79,37,34,4,154,10,0,10,164
07/19/2023,ALB,NY,AEA,EN,Combined TRACON& Tower with Radar,77,33,31,4,145,0,6,58,10,74,77,39,89,14,219,36,0,36,255
07/20/2023,ALB,NY,AEA,EN,Combined TRACON& Tower with Radar,82,24,28,2,136,0,4,48,4,56,82,28,76,6,192,30,0,30,222
07/21/2023,ALB,NY,AEA,EN,Combined TRACON& Tower with Radar,86,35,27,2,150,0,0,6,0,6,86,35,33,2,156,5,0,5,161
07/22/2023,ALB,NY,AEA,EN,Combined TRACON& Tower with Radar,72,34,28,0,134,0,3,29,0,32,72,37,57,0,166,19,0,19,185
07/23/2023,ALB,NY,AEA,EN,Combined TRACON& Tower with Radar,70,31,19,6,126,0,1,37,0,38,70,32,56,6,164,4,0,4,168
07/24/2023,ALB,NY,AEA,EN,Combined TRACON& Tower with Radar,76,36,16,4,132,0,1,18,12,31,76,37,34,16,163,18,0,18,181
07/25/2023,ALB,NY,AEA,EN,Combined TRACON& Tower with Radar,80,29,20,5,134,0,2,35,5,42,80,31,55,10,176,11,1,12,188
07/26/2023,ALB,NY,AEA,EN,Combined TRACON& Tower with Radar,71,38,37,1,147,0,10,48,7,65,71,48,85,8,212,30,1,31,243
07/27/2023,ALB,NY,AEA,EN,Combined TRACON& Tower with Radar,78,35,22,0,135,0,0,10,0,10,78,35,32,0,145,16,0,16,161
07/28/2023,ALB,NY,AEA,EN,Combined TRACON& Tower with Radar,78,29,27,3,137,0,3,55,4,62,78,32,82,7,199,23,0,23,222
07/29/2023,ALB,NY,AEA,EN,Combined TRACON& Tower with Radar,62,25,22,0,109,0,0,19,0,19,62,25,41,0,128,30,0,30,158
07/30/2023,ALB,NY,AEA,EN,Combined TRACON& Tower with Radar,70,26,29,0,125,0,2,51,4,57,70,28,80,4,182,38,0,38,220
07/31/2023,ALB,NY,AEA,EN,Combined TRACON& Tower with Radar,75,31,12,0,118,0,1,27,0,28,75,32,39,0,146,41,0,41,187
08/01/2023,ALB,NY,AEA,EN,Combined TRACON& Tower with Radar,74,36,20,3,133,0,1,31,7,39,74,37,51,10,172,29,1,30,202
08/02/2023,ALB,NY,AEA,EN,Combined TRACON& Tower with Radar,76,34,22,2,134,0,2,53,12,67,76,36,75,14,201,0,0,0,201
08/03/2023,ALB,NY,AEA,EN,Combined TRACON& Tower with Radar,77,30,20,4,131,0,0,33,2,35,77,30,53,6,166,20,0,20,186
08/04/2023,ALB,NY,AEA,EN,Combined TRACON& Tower with Radar,81,40,25,0,146,0,0,3,0,3,81,40,28,0,149,4,0,4,153
08/05/2023,ALB,NY,AEA,EN,Combined TRACON& Tower with Radar,72,29,39,0,140,0,4,29,1,34,72,33,68,1,174,44,0,44,218
08/06/2023,ALB,NY,AEA,EN,Combined TRACON& Tower with Radar,68,37,23,0,128,0,3,55,0,58,68,40,78,0,186,30,0,30,216
08/07/2023,ALB,NY,AEA,EN,Combined TRACON& Tower with Radar,67,30,22,2,121,0,4,2,0,6,67,34,24,2,127,9,0,9,136
08/08/2023,ALB,NY,AEA,EN,Combined TRACON& Tower with Radar,80,31,27,6,144,0,0,3,1,4,80,31,30,7,148,8,0,8,156
08/09/2023,ALB,NY,AEA,EN,Combined TRACON& Tower with Radar,77,32,26,5,140,0,3,40,13,56,77,35,66,18,196,34,2,36,232
08/10/2023,ALB,NY,AEA,EN,Combined TRACON& Tower with Radar,81,26,19,2,128,0,3,11,6,20,81,29,30,8,148,28,1,29,177
08/11/2023,ALB,NY,AEA,EN,Combined TRACON& Tower with Radar,82,24,21,0,127,0,1,50,2,53,82,25,71,2,180,16,0,16,196
08/12/2023,ALB,NY,AEA,EN,Combined TRACON& Tower with Radar,64,25,31,0,120,0,3,41,1,45,64,28,72,1,165,34,0,34,199
08/13/2023,ALB,NY,AEA,EN,Combined TRACON& Tower with Radar,65,34,25,4,128,0,2,29,0,31,65,36,54,4,159,20,0,20,179
08/14/2023,ALB,NY,AEA,EN,Combined TRACON& Tower with Radar,80,28,22,0,130,0,1,46,0,47,80,29,68,0,177,10,0,10,187
08/15/2023,ALB,NY,AEA,EN,Combined TRACON& Tower with Radar,73,32,30,0,135,0,0,1,0,1,73,32,31,0,136,0,0,0,136
08/16/2023,ALB,NY,AEA,EN,Combined TRACON& Tower with Radar,76,41,23,0,140,0,0,17,12,29,76,41,40,12,169,46,1,47,216
08/17/2023,ALB,NY,AEA,EN,Combined TRACON& Tower with Radar,79,44,30,3,156,0,1,14,13,28,79,45,44,16,184,34,0,34,218
08/18/2023,ALB,NY,AEA,EN,Combined TRACON& Tower with Radar,82,31,19,2,134,0,2,22,1,25,82,33,41,3,159,12,0,12,171
08/19/2023,ALB,NY,AEA,EN,Combined TRACON& Tower with Radar,63,29,34,3,129,0,1,33,3,37,63,30,67,6,166,8,1,9,175
08/20/2023,ALB,NY,AEA,EN,Combined TRACON& Tower with Radar,73,33,22,1,129,0,3,34,5,42,73,36,56,6,171,4,0,4,175
08/21/2023,ALB,NY,AEA,EN,Combined TRACON& Tower with Radar,75,30,19,0,124,0,2,33,0,35,75,32,52,0,159,13,0,13,172
08/22/2023,ALB,NY,AEA,EN,Combined TRACON& Tower with Radar,75,24,24,9,132,0,1,52,3,56,75,25,76,12,188,42,8,50,238
08/23/2023,ALB,NY,AEA,EN,Combined TRACON& Tower with Radar,74,28,17,3,122,0,0,69,9,78,74,28,86,12,200,0,0,0,200
08/24/2023,ALB,NY,AEA,EN,Combined TRACON& Tower with Radar,72,46,37,9,164,0,0,8,2,10,72,46,45,11,174,0,0,0,174
08/25/2023,ALB,NY,AEA,EN,Combined TRACON& Tower with Radar,80,37,24,0,141,0,0,5,0,5,80,37,29,0,146,0,0,0,146
08/26/2023,ALB,NY,AEA,EN,Combined TRACON& Tower with Radar,63,30,28,0,121,0,0,13,0,13,63,30,41,0,134,0,0,0,134
08/27/2023,ALB,NY,AEA,EN,Combined TRACON& Tower with Radar,68,37,33,0,138,0,1,22,2,25,68,38,55,2,163,0,0,0,163
08/28/2023,ALB,NY,AEA,EN,Combined TRACON& Tower with Radar,80,32,32,5,149,0,0,15,8,23,80,32,47,13,172,0,0,0,172
08/29/2023,ALB,NY,AEA,EN,Combined TRACON& Tower with Radar,74,33,17,11,135,0,0,24,6,30,74,33,41,17,165,0,0,0,165
08/30/2023,ALB,NY,AEA,EN,Combined TRACON& Tower with Radar,73,33,25,2,133,0,0,12,13,25,73,33,37,15,158,0,0,0,158
08/31/2023,ALB,NY,AEA,EN,Combined TRACON& Tower with Radar,72,35,28,0,135,0,5,66,2,73,72,40,94,2,208,0,0,0,208
