01/01/2000,ALN,IL,AGL,CE,Federal Contract Tower,0,0,0,0,0,0,2,36,0,38,0,2,36,0,38,28,0,28,66
01/02/2000,ALN,IL,AGL,CE,Federal Contract Tower,0,0,7,0,7,0,4,15,0,19,0,4,22,0,26,35,0,35,61
01/03/2000,ALN,IL,AGL,CE,Federal Contract Tower,0,0,17,5,22,0,4,0,1,5,0,4,17,6,27,0,12,12,39
01/04/2000,ALN,IL,AGL,CE,Federal Contract Tower,0,0,19,5,24,0,0,8,1,9,0,0,27,6,33,6,18,24,57
01/05/2000,ALN,IL,AGL,CE,Federal Contract Tower,0,1,40,10,51,0,7,53,13,73,0,8,93,23,124,86,70,156,280
01/06/2000,ALN,IL,AGL,CE,Federal Contract Tower,0,1,42,11,54,0,3,56,13,72,0,4,98,24,126,136,70,206,332
01/07/2000,ALN,IL,AGL,CE,Federal Contract Tower,0,1,17,0,18,0,1,86,0,87,0,2,103,0,105,126,0,126,231
01/08/2000,ALN,IL,AGL,CE,Federal Contract Tower,0,0,31,0,31,0,0,10,0,10,0,0,41,0,41,70,0,70,111
01/09/2000,ALN,IL,AGL,CE,Federal Contract Tower,0,0,26,0,26,0,0,14,0,14,0,0,40,0,40,50,0,50,90
01/10/2000,ALN,IL,AGL,CE,Federal Contract Tower,0,1,11,2,14,0,7,41,2,50,0,8,52,4,64,46,8,54,118
01/11/2000,ALN,IL,AGL,CE,Federal Contract Tower,0,1,33,0,34,0,1,60,0,61,0,2,93,0,95,132,0,132,227
01/12/2000,ALN,IL,AGL,CE,Federal Contract Tower,0,1,27,7,35,0,3,93,7,103,0,4,120,14,138,94,52,146,284
01/13/2000,ALN,IL,AGL,CE,Federal Contract Tower,0,1,25,6,32,0,3,76,6,85,0,4,101,12,117,88,34,122,239
01/14/2000,ALN,IL,AGL,CE,Federal Contract Tower,0,1,53,4,58,0,7,66,0,73,0,8,119,4,131,142,32,174,305
01/15/2000,ALN,IL,AGL,CE,Federal Contract Tower,0,1,16,0,17,0,3,92,0,95,0,4,108,0,112,100,0,100,212
01/16/2000,ALN,IL,AGL,CE,Federal Contract Tower,0,0,12,0,12,1,0,16,0,17,1,0,28,0,29,28,0,28,57
01/17/2000,ALN,IL,AGL,CE,Federal Contract Tower,0,0,10,0,10,0,2,6,0,8,0,2,16,0,18,4,0,4,22
01/18/2000,ALN,IL,AGL,CE,Federal Contract Tower,0,0,21,2,23,0,0,13,0,13,0,0,34,2,36,6,0,6,42
01/19/2000,ALN,IL,AGL,CE,Federal Contract Tower,0,0,12,3,15,0,0,0,1,1,0,0,12,4,16,6,8,14,30
01/20/2000,ALN,IL,AGL,CE,Federal Contract Tower,0,0,34,2,36,0,4,63,0,67,0,4,97,2,103,124,34,158,261
01/21/2000,ALN,IL,AGL,CE,Federal Contract Tower,0,0,49,4,53,0,1,57,0,58,0,1,106,4,111,82,22,104,215
01/22/2000,ALN,IL,AGL,CE,Federal Contract Tower,0,0,7,0,7,1,0,1,0,2,1,0,8,0,9,14,0,14,23
01/23/2000,ALN,IL,AGL,CE,Federal Contract Tower,0,0,13,3,16,0,2,32,0,34,0,2,45,3,50,64,2,66,116
01/24/2000,ALN,IL,AGL,CE,Federal Contract Tower,0,0,33,8,41,1,4,79,6,90,1,4,112,14,131,136,40,176,307
01/25/2000,ALN,IL,AGL,CE,Federal Contract Tower,0,0,31,7,38,0,8,64,1,73,0,8,95,8,111,102,14,116,227
01/26/2000,ALN,IL,AGL,CE,Federal Contract Tower,0,0,52,6,58,0,10,60,0,70,0,10,112,6,128,92,42,134,262
01/27/2000,ALN,IL,AGL,CE,Federal Contract Tower,0,0,21,2,23,0,2,65,0,67,0,2,86,2,90,46,6,52,142
01/28/2000,ALN,IL,AGL,CE,Federal Contract Tower,0,0,23,0,23,0,4,68,0,72,0,4,91,0,95,40,0,40,135
01/29/2000,ALN,IL,AGL,CE,Federal Contract Tower,0,0,6,0,6,0,0,1,0,1,0,0,7,0,7,4,0,4,11
01/30/2000,ALN,IL,AGL,CE,Federal Contract Tower,0,0,10,0,10,0,0,4,0,4,0,0,14,0,14,8,0,8,22
01/31/2000,ALN,IL,AGL,CE,Federal Contract Tower,0,0,25,6,31,1,2,60,2,65,1,2,85,8,96,68,40,108,204
02/01/2000,ALN,IL,AGL,CE,Federal Contract Tower,0,0,37,5,42,0,0,40,4,44,0,0,77,9,86,98,38,136,222
02/02/2000,ALN,IL,AGL,CE,Federal Contract Tower,0,0,44,4,48,0,4,49,0,53,0,4,93,4,101,66,34,100,201
02/03/2000,ALN,IL,AGL,CE,Federal Contract Tower,0,0,28,0,28,0,2,83,0,85,0,2,111,0,113,80,0,80,193
02/04/2000,ALN,IL,AGL,CE,Federal Contract Tower,1,0,12,0,13,0,2,21,0,23,1,2,33,0,36,10,0,10,46
02/05/2000,ALN,IL,AGL,CE,Federal Contract Tower,0,0,34,0,34,0,1,89,0,90,0,1,123,0,124,154,0,154,278
02/06/2000,ALN,IL,AGL,CE,Federal Contract Tower,0,0,33,0,33,0,3,54,0,57,0,3,87,0,90,138,0,138,228
02/07/2000,ALN,IL,AGL,CE,Federal Contract Tower,0,0,42,0,42,0,2,77,0,79,0,2,119,0,121,146,0,146,267
02/08/2000,ALN,IL,AGL,CE,Federal Contract Tower,0,0,28,2,30,0,0,27,0,27,0,0,55,2,57,64,4,68,125
02/09/2000,ALN,IL,AGL,CE,Federal Contract Tower,0,1,39,5,45,0,1,72,10,83,0,2,111,15,128,106,64,170,298
02/10/2000,ALN,IL,AGL,CE,Federal Contract Tower,0,1,37,3,41,0,3,62,0,65,0,4,99,3,106,70,34,104,210
02/11/2000,ALN,IL,AGL,CE,Federal Contract Tower,0,1,15,0,16,0,1,46,0,47,0,2,61,0,63,48,0,48,111
02/12/2000,ALN,IL,AGL,CE,Federal Contract Tower,0,0,26,0,26,0,0,37,0,37,0,0,63,0,63,122,0,122,185
02/13/2000,ALN,IL,AGL,CE,Federal Contract Tower,0,0,7,0,7,0,0,1,0,1,0,0,8,0,8,6,0,6,14
02/14/2000,ALN,IL,AGL,CE,Federal Contract Tower,0,0,22,0,22,0,0,4,0,4,0,0,26,0,26,0,0,0,26
02/15/2000,ALN,IL,AGL,CE,Federal Contract Tower,0,1,15,0,16,0,1,65,0,66,0,2,80,0,82,50,0,50,132
02/16/2000,ALN,IL,AGL,CE,Federal Contract Tower,0,1,26,0,27,3,1,88,0,92,3,2,114,0,119,102,0,102,221
02/17/2000,ALN,IL,AGL,CE,Federal Contract Tower,0,0,12,0,12,0,0,30,0,30,0,0,42,0,42,40,0,40,82
02/18/2000,ALN,IL,AGL,CE,Federal Contract Tower,0,0,7,0,7,0,0,3,0,3,0,0,10,0,10,0,8,8,18
02/19/2000,ALN,IL,AGL,CE,Federal Contract Tower,0,1,21,2,24,6,5,26,7,44,6,6,47,9,68,156,36,192,260
02/20/2000,ALN,IL,AGL,CE,Federal Contract Tower,0,0,29,2,31,0,0,117,0,117,0,0,146,2,148,174,4,178,326
02/21/2000,ALN,IL,AGL,CE,Federal Contract Tower,0,0,26,2,28,0,6,79,0,85,0,6,105,2,113,182,22,204,317
02/22/2000,ALN,IL,AGL,CE,Federal Contract Tower,0,0,50,6,56,1,4,48,2,55,1,4,98,8,111,86,30,116,227
02/23/2000,ALN,IL,AGL,CE,Federal Contract Tower,0,0,26,2,28,2,0,52,0,54,2,0,78,2,82,46,2,48,130
02/24/2000,ALN,IL,AGL,CE,Federal Contract Tower,0,0,43,5,48,0,4,103,15,122,0,4,146,20,170,106,48,154,324
02/25/2000,ALN,IL,AGL,CE,Federal Contract Tower,0,0,28,2,30,0,2,33,0,35,0,2,61,2,65,44,10,54,119
02/26/2000,ALN,IL,AGL,CE,Federal Contract Tower,0,0,5,0,5,0,2,2,0,4,0,2,7,0,9,4,0,4,13
02/27/2000,ALN,IL,AGL,CE,Federal Contract Tower,0,0,15,2,17,0,12,108,0,120,0,12,123,2,137,170,0,170,307
02/28/2000,ALN,IL,AGL,CE,Federal Contract Tower,0,0,35,4,39,0,9,94,4,107,0,9,129,8,146,146,22,168,314
02/29/2000,ALN,IL,AGL,CE,Federal Contract Tower,0,0,26,3,29,0,1,51,3,55,0,1,77,6,84,48,32,80,164
03/01/2000,ALN,IL,AGL,CE,Federal Contract Tower,0,1,25,2,28,0,3,61,0,64,0,4,86,2,92,79,4,83,175
03/02/2000,ALN,IL,AGL,CE,Federal Contract Tower,0,2,57,4,63,0,8,62,0,70,0,10,119,4,133,204,18,222,355
03/03/2000,ALN,IL,AGL,CE,Federal Contract Tower,0,1,13,0,14,0,1,5,0,6,0,2,18,0,20,2,0,2,22
03/04/2000,ALN,IL,AGL,CE,Federal Contract Tower,0,1,20,0,21,0,1,133,0,134,0,2,153,0,155,204,0,204,359
03/05/2000,ALN,IL,AGL,CE,Federal Contract Tower,0,0,20,3,23,0,0,134,1,135,0,0,154,4,158,146,20,166,324
03/06/2000,ALN,IL,AGL,CE,Federal Contract Tower,0,1,30,0,31,0,7,88,0,95,0,8,118,0,126,176,0,176,302
03/07/2000,ALN,IL,AGL,CE,Federal Contract Tower,0,1,43,7,51,0,7,103,3,113,0,8,146,10,164,235,40,275,439
03/08/2000,ALN,IL,AGL,CE,Federal Contract Tower,0,1,27,2,30,0,3,35,0,38,0,4,62,2,68,24,4,28,96
03/09/2000,ALN,IL,AGL,CE,Federal Contract Tower,0,1,25,4,30,0,0,67,0,67,0,1,92,4,97,56,36,92,189
03/10/2000,ALN,IL,AGL,CE,Federal Contract Tower,0,0,38,6,44,0,0,33,0,33,0,0,71,6,77,48,22,70,147
03/11/2000,ALN,IL,AGL,CE,Federal Contract Tower,0,1,4,0,5,0,3,1,0,4,0,4,5,0,9,2,0,2,11
03/12/2000,ALN,IL,AGL,CE,Federal Contract Tower,0,1,17,0,18,0,1,85,0,86,0,2,102,0,104,106,0,106,210
03/13/2000,ALN,IL,AGL,CE,Federal Contract Tower,0,1,34,5,40,0,3,72,1,76,0,4,106,6,116,146,10,156,272
03/14/2000,ALN,IL,AGL,CE,Federal Contract Tower,0,1,31,0,32,0,1,57,0,58,0,2,88,0,90,154,0,154,244
03/15/2000,ALN,IL,AGL,CE,Federal Contract Tower,0,1,50,4,55,0,1,27,0,28,0,2,77,4,83,74,40,114,197
03/16/2000,ALN,IL,AGL,CE,Federal Contract Tower,0,1,27,0,28,0,1,21,0,22,0,2,48,0,50,36,0,36,86
03/17/2000,ALN,IL,AGL,CE,Federal Contract Tower,0,1,21,2,24,0,1,95,0,96,0,2,116,2,120,140,4,144,264
03/18/2000,ALN,IL,AGL,CE,Federal Contract Tower,0,0,20,0,20,0,2,45,0,47,0,2,65,0,67,108,0,108,175
03/19/2000,ALN,IL,AGL,CE,Federal Contract Tower,0,0,20,0,20,0,2,19,0,21,0,2,39,0,41,26,0,26,67
03/20/2000,ALN,IL,AGL,CE,Federal Contract Tower,0,0,29,0,29,0,0,9,0,9,0,0,38,0,38,18,0,18,56
03/21/2000,ALN,IL,AGL,CE,Federal Contract Tower,0,0,48,2,50,0,2,12,0,14,0,2,60,2,64,94,0,94,158
03/22/2000,ALN,IL,AGL,CE,Federal Contract Tower,0,0,43,4,47,0,0,69,0,69,0,0,112,4,116,118,16,134,250
03/23/2000,ALN,IL,AGL,CE,Federal Contract Tower,0,0,40,6,46,0,2,72,4,78,0,2,112,10,124,98,28,126,250
03/24/2000,ALN,IL,AGL,CE,Federal Contract Tower,0,0,37,6,43,0,2,111,4,117,0,2,148,10,160,122,54,176,336
03/25/2000,ALN,IL,AGL,CE,Federal Contract Tower,0,0,28,0,28,0,8,87,0,95,0,8,115,0,123,170,0,170,293
03/26/2000,ALN,IL,AGL,CE,Federal Contract Tower,0,0,23,0,23,0,2,66,0,68,0,2,89,0,91,64,0,64,155
03/27/2000,ALN,IL,AGL,CE,Federal Contract Tower,0,0,41,6,47,0,2,9,0,11,0,2,50,6,58,52,38,90,148
03/28/2000,ALN,IL,AGL,CE,Federal Contract Tower,0,0,25,4,29,0,0,74,2,76,0,0,99,6,105,92,20,112,217
03/29/2000,ALN,IL,AGL,CE,Federal Contract Tower,0,0,35,6,41,0,0,83,2,85,0,0,118,8,126,90,28,118,244
03/30/2000,ALN,IL,AGL,CE,Federal Contract Tower,0,0,48,0,48,0,4,98,0,102,0,4,146,0,150,172,0,172,322
03/31/2000,ALN,IL,AGL,CE,Federal Contract Tower,0,0,16,0,16,0,2,106,0,108,0,2,122,0,124,96,0,96,220
04/01/2000,ALN,IL,AGL,CE,Federal Contract Tower,0,1,30,0,31,0,1,47,0,48,0,2,77,0,79,132,0,132,211
04/02/2000,ALN,IL,AGL,CE,Federal Contract Tower,0,0,17,0,17,0,0,61,0,61,0,0,78,0,78,102,0,102,180
04/03/2000,ALN,IL,AGL,CE,Federal Contract Tower,0,1,30,0,31,0,1,45,0,46,0,2,75,0,77,36,0,36,113
04/04/2000,ALN,IL,AGL,CE,Federal Contract Tower,0,0,24,1,25,0,0,75,2,77,0,0,99,3,102,86,22,108,210
04/05/2000,ALN,IL,AGL,CE,Federal Contract Tower,0,1,12,0,13,0,3,50,2,55,0,4,62,2,68,46,2,48,116
04/06/2000,ALN,IL,AGL,CE,Federal Contract Tower,0,1,37,2,40,0,3,87,0,90,0,4,124,2,130,167,4,171,301
04/07/2000,ALN,IL,AGL,CE,Federal Contract Tower,0,1,13,0,14,0,1,38,0,39,0,2,51,0,53,28,0,28,81
04/08/2000,ALN,IL,AGL,CE,Federal Contract Tower,0,1,31,0,32,0,3,57,0,60,0,4,88,0,92,88,0,88,180
04/09/2000,ALN,IL,AGL,CE,Federal Contract Tower,0,0,24,0,24,0,0,56,0,56,0,0,80,0,80,96,0,96,176
04/10/2000,ALN,IL,AGL,CE,Federal Contract Tower,0,0,32,0,32,0,2,84,0,86,0,2,116,0,118,92,0,92,210
04/11/2000,ALN,IL,AGL,CE,Federal Contract Tower,0,0,26,2,28,0,4,42,0,46,0,4,68,2,74,48,2,50,124
04/12/2000,ALN,IL,AGL,CE,Federal Contract Tower,0,0,38,0,38,0,6,131,0,137,0,6,169,0,175,224,0,224,399
04/13/2000,ALN,IL,AGL,CE,Federal Contract Tower,0,0,50,0,50,0,0,50,0,50,0,0,100,0,100,94,0,94,194
04/14/2000,ALN,IL,AGL,CE,Federal Contract Tower,0,0,53,2,55,0,2,42,0,44,0,2,95,2,99,112,0,112,211
04/15/2000,ALN,IL,AGL,CE,Federal Contract Tower,0,0,23,2,25,0,2,71,2,75,0,2,94,4,100,146,4,150,250
04/16/2000,ALN,IL,AGL,CE,Federal Contract Tower,0,0,6,1,7,0,0,28,0,28,0,0,34,1,35,0,0,0,35
04/17/2000,ALN,IL,AGL,CE,Federal Contract Tower,0,0,28,0,28,0,3,19,0,22,0,3,47,0,50,22,0,22,72
04/18/2000,ALN,IL,AGL,CE,Federal Contract Tower,0,0,51,0,51,0,3,68,0,71,0,3,119,0,122,134,0,134,256
04/19/2000,ALN,IL,AGL,CE,Federal Contract Tower,0,0,28,1,29,0,1,36,1,38,0,1,64,2,67,30,16,46,113
04/20/2000,ALN,IL,AGL,CE,Federal Contract Tower,0,0,16,0,16,0,4,13,0,17,0,4,29,0,33,2,0,2,35
04/21/2000,ALN,IL,AGL,CE,Federal Contract Tower,0,0,27,1,28,0,0,14,12,26,0,0,41,13,54,20,34,54,108
04/22/2000,ALN,IL,AGL,CE,Federal Contract Tower,0,0,27,0,27,0,10,111,0,121,0,10,138,0,148,222,0,222,370
04/23/2000,ALN,IL,AGL,CE,Federal Contract Tower,0,0,12,0,12,0,0,51,0,51,0,0,63,0,63,109,0,109,172
04/24/2000,ALN,IL,AGL,CE,Federal Contract Tower,0,0,47,3,50,0,4,15,1,20,0,4,62,4,70,60,28,88,158
04/25/2000,ALN,IL,AGL,CE,Federal Contract Tower,0,0,58,0,58,0,5,67,0,72,0,5,125,0,130,174,0,174,304
04/26/2000,ALN,IL,AGL,CE,Federal Contract Tower,0,0,75,0,75,0,4,73,0,77,0,4,148,0,152,198,0,198,350
04/27/2000,ALN,IL,AGL,CE,Federal Contract Tower,0,0,34,2,36,0,0,40,0,40,0,0,74,2,76,96,0,96,172
04/28/2000,ALN,IL,AGL,CE,Federal Contract Tower,0,0,30,0,30,0,0,39,0,39,0,0,69,0,69,98,0,98,167
04/29/2000,ALN,IL,AGL,CE,Federal Contract Tower,0,0,44,2,46,0,4,140,6,150,0,4,184,8,196,253,14,267,463
04/30/2000,ALN,IL,AGL,CE,Federal Contract Tower,0,0,14,0,14,0,2,121,0,123,0,2,135,0,137,172,0,172,309
05/01/2000,ALN,IL,AGL,CE,Federal Contract Tower,0,0,68,8,76,0,2,16,4,22,0,2,84,12,98,128,56,184,282
05/02/2000,ALN,IL,AGL,CE,Federal Contract Tower,0,0,40,0,40,0,0,67,0,67,0,0,107,0,107,116,0,116,223
05/03/2000,ALN,IL,AGL,CE,Federal Contract Tower,0,1,29,3,33,0,5,73,5,83,0,6,102,8,116,86,36,122,238
05/04/2000,ALN,IL,AGL,CE,Federal Contract Tower,0,1,54,0,55,0,1,68,0,69,0,2,122,0,124,130,0,130,254
05/05/2000,ALN,IL,AGL,CE,Federal Contract Tower,0,1,51,2,54,1,3,71,0,75,1,4,122,2,129,186,6,192,321
05/06/2000,ALN,IL,AGL,CE,Federal Contract Tower,0,1,23,2,26,0,3,273,6,282,0,4,296,8,308,248,10,258,566
05/07/2000,ALN,IL,AGL,CE,Federal Contract Tower,0,1,37,0,38,1,1,10,0,12,1,2,47,0,50,42,0,42,92
05/08/2000,ALN,IL,AGL,CE,Federal Contract Tower,0,0,57,0,57,0,0,25,0,25,0,0,82,0,82,70,0,70,152
05/09/2000,ALN,IL,AGL,CE,Federal Contract Tower,0,1,13,0,14,0,3,32,0,35,0,4,45,0,49,34,0,34,83
05/10/2000,ALN,IL,AGL,CE,Federal Contract Tower,0,1,35,4,40,0,5,119,6,130,0,6,154,10,170,174,36,210,380
05/11/2000,ALN,IL,AGL,CE,Federal Contract Tower,0,1,28,0,29,0,3,73,0,76,0,4,101,0,105,77,0,77,182
05/12/2000,ALN,IL,AGL,CE,Federal Contract Tower,0,1,26,2,29,0,3,52,0,55,0,4,78,2,84,73,0,73,157
05/13/2000,ALN,IL,AGL,CE,Federal Contract Tower,0,1,38,0,39,0,5,61,0,66,0,6,99,0,105,164,0,164,269
05/14/2000,ALN,IL,AGL,CE,Federal Contract Tower,0,0,27,0,27,0,0,60,0,60,0,0,87,0,87,164,0,164,251
05/15/2000,ALN,IL,AGL,CE,Federal Contract Tower,0,1,65,8,74,0,2,66,2,70,0,3,131,10,144,250,46,296,440
05/16/2000,ALN,IL,AGL,CE,Federal Contract Tower,0,1,28,0,29,0,6,87,0,93,0,7,115,0,122,132,0,132,254
05/17/2000,ALN,IL,AGL,CE,Federal Contract Tower,0,1,36,0,37,0,7,81,0,88,0,8,117,0,125,152,0,152,277
05/18/2000,ALN,IL,AGL,CE,Federal Contract Tower,0,0,24,0,24,0,1,54,0,55,0,1,78,0,79,44,0,44,123
05/19/2000,ALN,IL,AGL,CE,Federal Contract Tower,0,0,44,0,44,0,2,0,0,2,0,2,44,0,46,68,0,68,114
05/20/2000,ALN,IL,AGL,CE,Federal Contract Tower,0,0,63,0,63,0,2,35,0,37,0,2,98,0,100,172,0,172,272
05/21/2000,ALN,IL,AGL,CE,Federal Contract Tower,0,0,26,0,26,0,2,50,0,52,0,2,76,0,78,104,0,104,182
05/22/2000,ALN,IL,AGL,CE,Federal Contract Tower,0,0,64,8,72,0,4,30,20,54,0,4,94,28,126,134,78,212,338
05/23/2000,ALN,IL,AGL,CE,Federal Contract Tower,0,0,23,0,23,0,8,100,0,108,0,8,123,0,131,144,0,144,275
05/24/2000,ALN,IL,AGL,CE,Federal Contract Tower,0,0,26,0,26,0,2,95,0,97,0,2,121,0,123,164,0,164,287
05/25/2000,ALN,IL,AGL,CE,Federal Contract Tower,0,0,40,0,40,0,2,74,0,76,0,2,114,0,116,150,0,150,266
05/26/2000,ALN,IL,AGL,CE,Federal Contract Tower,0,0,9,0,9,0,1,0,0,1,0,1,9,0,10,0,0,0,10
05/27/2000,ALN,IL,AGL,CE,Federal Contract Tower,0,0,16,0,16,0,0,32,0,32,0,0,48,0,48,78,0,78,126
05/28/2000,ALN,IL,AGL,CE,Federal Contract Tower,0,0,17,0,17,0,0,32,0,32,0,0,49,0,49,86,0,86,135
05/29/2000,ALN,IL,AGL,CE,Federal Contract Tower,0,0,29,0,29,0,0,93,0,93,0,0,122,0,122,146,0,146,268
05/30/2000,ALN,IL,AGL,CE,Federal Contract Tower,0,0,46,2,48,0,0,100,0,100,0,0,146,2,148,202,8,210,358
05/31/2000,ALN,IL,AGL,CE,Federal Contract Tower,0,1,105,8,114,0,5,15,0,20,0,6,120,8,134,224,58,282,416
06/01/2000,ALN,IL,AGL,CE,Federal Contract Tower,0,0,66,0,66,0,0,26,0,26,0,0,92,0,92,120,0,120,212
06/02/2000,ALN,IL,AGL,CE,Federal Contract Tower,0,0,41,2,43,0,0,63,2,65,0,0,104,4,108,180,10,190,298
06/03/2000,ALN,IL,AGL,CE,Federal Contract Tower,0,1,39,0,40,0,1,90,0,91,0,2,129,0,131,186,0,186,317
06/04/2000,ALN,IL,AGL,CE,Federal Contract Tower,0,1,51,2,54,0,1,53,0,54,0,2,104,2,108,173,4,177,285
06/05/2000,ALN,IL,AGL,CE,Federal Contract Tower,0,1,42,0,43,0,0,29,0,29,0,1,71,0,72,76,0,76,148
06/06/2000,ALN,IL,AGL,CE,Federal Contract Tower,0,1,42,2,45,0,3,68,2,73,0,4,110,4,118,120,14,134,252
06/07/2000,ALN,IL,AGL,CE,Federal Contract Tower,0,2,114,5,121,0,4,4,4,12,0,6,118,9,133,194,42,236,369
06/08/2000,ALN,IL,AGL,CE,Federal Contract Tower,0,0,48,2,50,0,0,90,2,92,0,0,138,4,142,150,18,168,310
06/09/2000,ALN,IL,AGL,CE,Federal Contract Tower,0,1,37,2,40,0,4,70,2,76,0,5,107,4,116,130,22,152,268
06/10/2000,ALN,IL,AGL,CE,Federal Contract Tower,0,1,20,0,21,0,1,83,0,84,0,2,103,0,105,164,0,164,269
06/11/2000,ALN,IL,AGL,CE,Federal Contract Tower,0,1,17,0,18,0,1,41,0,42,0,2,58,0,60,96,0,96,156
06/12/2000,ALN,IL,AGL,CE,Federal Contract Tower,0,1,33,0,34,1,2,56,0,59,1,3,89,0,93,90,0,90,183
06/13/2000,ALN,IL,AGL,CE,Federal Contract Tower,0,0,86,2,88,0,4,30,0,34,0,4,116,2,122,168,6,174,296
06/14/2000,ALN,IL,AGL,CE,Federal Contract Tower,0,0,43,3,46,0,2,24,13,39,0,2,67,16,85,94,48,142,227
06/15/2000,ALN,IL,AGL,CE,Federal Contract Tower,0,0,61,0,61,0,2,64,0,66,0,2,125,0,127,154,0,154,281
06/16/2000,ALN,IL,AGL,CE,Federal Contract Tower,0,0,27,1,28,0,2,38,1,41,0,2,65,2,69,58,2,60,129
06/17/2000,ALN,IL,AGL,CE,Federal Contract Tower,0,0,34,0,34,0,0,22,0,22,0,0,56,0,56,68,0,68,124
06/18/2000,ALN,IL,AGL,CE,Federal Contract Tower,0,0,66,0,66,0,0,32,0,32,0,0,98,0,98,106,0,106,204
06/19/2000,ALN,IL,AGL,CE,Federal Contract Tower,0,0,91,4,95,0,4,9,0,13,0,4,100,4,108,126,4,130,238
06/20/2000,ALN,IL,AGL,CE,Federal Contract Tower,0,0,21,0,21,0,3,56,0,59,0,3,77,0,80,56,0,56,136
06/21/2000,ALN,IL,AGL,CE,Federal Contract Tower,0,0,65,2,67,0,0,71,0,71,0,0,136,2,138,140,0,140,278
06/22/2000,ALN,IL,AGL,CE,Federal Contract Tower,0,0,67,0,67,0,2,82,0,84,0,2,149,0,151,226,0,226,377
06/23/2000,ALN,IL,AGL,CE,Federal Contract Tower,0,0,52,3,55,0,4,54,5,63,0,4,106,8,118,102,22,124,242
06/24/2000,ALN,IL,AGL,CE,Federal Contract Tower,0,0,8,0,8,0,0,22,0,22,0,0,30,0,30,26,0,26,56
06/25/2000,ALN,IL,AGL,CE,Federal Contract Tower,0,0,52,0,52,0,5,95,0,100,0,5,147,0,152,240,0,240,392
06/26/2000,ALN,IL,AGL,CE,Federal Contract Tower,0,0,49,2,51,0,4,44,2,50,0,4,93,4,101,134,26,160,261
06/27/2000,ALN,IL,AGL,CE,Federal Contract Tower,0,0,49,0,49,0,4,54,0,58,0,4,103,0,107,132,0,132,239
06/28/2000,ALN,IL,AGL,CE,Federal Contract Tower,0,0,34,0,34,0,2,72,0,74,0,2,106,0,108,141,0,141,249
06/29/2000,ALN,IL,AGL,CE,Federal Contract Tower,0,0,34,1,35,0,4,62,1,67,0,4,96,2,102,148,0,148,250
06/30/2000,ALN,IL,AGL,CE,Federal Contract Tower,0,0,50,3,53,0,5,42,1,48,0,5,92,4,101,74,32,106,207
07/01/2000,ALN,IL,AGL,CE,Federal Contract Tower,0,2,34,3,39,0,4,60,6,70,0,6,94,9,109,106,22,128,237
07/02/2000,ALN,IL,AGL,CE,Federal Contract Tower,0,0,17,0,17,0,0,37,0,37,0,0,54,0,54,80,0,80,134
07/03/2000,ALN,IL,AGL,CE,Federal Contract Tower,0,1,19,0,20,0,3,61,0,64,0,4,80,0,84,90,0,90,174
07/04/2000,ALN,IL,AGL,CE,Federal Contract Tower,0,1,17,0,18,0,3,30,0,33,0,4,47,0,51,60,0,60,111
07/05/2000,ALN,IL,AGL,CE,Federal Contract Tower,0,2,41,4,47,0,2,59,0,61,0,4,100,4,108,94,24,118,226
07/06/2000,ALN,IL,AGL,CE,Federal Contract Tower,0,3,47,1,51,0,1,59,0,60,0,4,106,1,111,92,0,92,203
07/07/2000,ALN,IL,AGL,CE,Federal Contract Tower,0,2,42,5,49,0,2,53,0,55,0,4,95,5,104,102,38,140,244
07/08/2000,ALN,IL,AGL,CE,Federal Contract Tower,0,2,44,3,49,0,0,139,0,139,0,2,183,3,188,184,0,184,372
07/09/2000,ALN,IL,AGL,CE,Federal Contract Tower,0,1,28,1,30,0,0,53,0,53,0,1,81,1,83,112,0,112,195
07/10/2000,ALN,IL,AGL,CE,Federal Contract Tower,0,2,34,3,39,0,2,62,1,65,0,4,96,4,104,101,16,117,221
07/11/2000,ALN,IL,AGL,CE,Federal Contract Tower,0,1,22,0,23,0,1,60,0,61,0,2,82,0,84,104,0,104,188
07/12/2000,ALN,IL,AGL,CE,Federal Contract Tower,0,2,42,0,44,1,0,40,0,41,1,2,82,0,85,96,0,96,181
07/13/2000,ALN,IL,AGL,CE,Federal Contract Tower,0,2,50,2,54,0,0,48,0,48,0,2,98,2,102,102,0,102,204
07/14/2000,ALN,IL,AGL,CE,Federal Contract Tower,0,2,41,0,43,0,1,115,0,116,0,3,156,0,159,126,0,126,285
07/15/2000,ALN,IL,AGL,CE,Federal Contract Tower,0,0,15,0,15,0,0,94,0,94,0,0,109,0,109,112,0,112,221
07/16/2000,ALN,IL,AGL,CE,Federal Contract Tower,0,0,30,0,30,0,0,74,0,74,0,0,104,0,104,161,0,161,265
07/17/2000,ALN,IL,AGL,CE,Federal Contract Tower,0,2,27,0,29,0,2,31,0,33,0,4,58,0,62,42,0,42,104
07/18/2000,ALN,IL,AGL,CE,Federal Contract Tower,0,0,17,0,17,0,2,64,0,66,0,2,81,0,83,46,0,46,129
07/19/2000,ALN,IL,AGL,CE,Federal Contract Tower,0,1,43,4,48,0,1,45,0,46,0,2,88,4,94,130,20,150,244
07/20/2000,ALN,IL,AGL,CE,Federal Contract Tower,0,1,30,2,33,0,3,107,0,110,0,4,137,2,143,128,26,154,297
07/21/2000,ALN,IL,AGL,CE,Federal Contract Tower,0,1,43,5,49,0,1,67,1,69,0,2,110,6,118,136,28,164,282
07/22/2000,ALN,IL,AGL,CE,Federal Contract Tower,0,0,22,0,22,0,0,116,0,116,0,0,138,0,138,192,0,192,330
07/23/2000,ALN,IL,AGL,CE,Federal Contract Tower,0,0,22,0,22,0,2,86,0,88,0,2,108,0,110,144,0,144,254
07/24/2000,ALN,IL,AGL,CE,Federal Contract Tower,0,1,24,0,25,0,2,84,0,86,0,3,108,0,111,78,0,78,189
07/25/2000,ALN,IL,AGL,CE,Federal Contract Tower,0,1,29,3,33,0,5,93,5,103,0,6,122,8,136,124,36,160,296
07/26/2000,ALN,IL,AGL,CE,Federal Contract Tower,0,2,47,0,49,0,9,81,0,90,0,11,128,0,139,78,0,78,217
07/27/2000,ALN,IL,AGL,CE,Federal Contract Tower,0,1,26,2,29,0,11,69,2,82,0,12,95,4,111,94,0,94,205
07/28/2000,ALN,IL,AGL,CE,Federal Contract Tower,0,1,24,2,27,0,5,23,2,30,0,6,47,4,57,24,10,34,91
07/29/2000,ALN,IL,AGL,CE,Federal Contract Tower,0,0,19,0,19,0,5,12,0,17,0,5,31,0,36,40,0,40,76
07/30/2000,ALN,IL,AGL,CE,Federal Contract Tower,0,0,32,0,32,0,0,9,0,9,0,0,41,0,41,68,0,68,109
07/31/2000,ALN,IL,AGL,CE,Federal Contract Tower,0,0,53,6,59,0,0,0,12,12,0,0,53,18,71,48,36,84,155
08/01/2000,ALN,IL,AGL,CE,Federal Contract Tower,0,2,33,2,37,0,1,98,1,100,0,3,131,3,137,108,8,116,253
08/02/2000,ALN,IL,AGL,CE,Federal Contract Tower,0,0,23,0,23,0,0,65,0,65,0,0,88,0,88,52,0,52,140
08/03/2000,ALN,IL,AGL,CE,Federal Contract Tower,0,2,31,2,35,0,0,76,2,78,0,2,107,4,113,84,14,98,211
08/04/2000,ALN,IL,AGL,CE,Federal Contract Tower,0,2,38,0,40,0,1,80,0,81,0,3,118,0,121,132,0,132,253
08/05/2000,ALN,IL,AGL,CE,Federal Contract Tower,0,1,14,0,15,0,1,14,0,15,0,2,28,0,30,48,0,48,78
08/06/2000,ALN,IL,AGL,CE,Federal Contract Tower,0,0,23,2,25,0,0,8,0,8,0,0,31,2,33,60,12,72,105
08/07/2000,ALN,IL,AGL,CE,Federal Contract Tower,0,0,14,0,14,0,0,31,0,31,0,0,45,0,45,44,0,44,89
08/08/2000,ALN,IL,AGL,CE,Federal Contract Tower,0,0,21,0,21,0,0,30,0,30,0,0,51,0,51,82,0,82,133
08/09/2000,ALN,IL,AGL,CE,Federal Contract Tower,0,2,31,2,35,0,5,77,0,82,0,7,108,2,117,162,2,164,281
08/10/2000,ALN,IL,AGL,CE,Federal Contract Tower,0,1,28,0,29,0,1,60,0,61,0,2,88,0,90,140,0,140,230
08/11/2000,ALN,IL,AGL,CE,Federal Contract Tower,0,2,46,0,48,0,0,66,0,66,0,2,112,0,114,134,0,134,248
08/12/2000,ALN,IL,AGL,CE,Federal Contract Tower,0,0,29,0,29,0,0,115,0,115,0,0,144,0,144,154,0,154,298
08/13/2000,ALN,IL,AGL,CE,Federal Contract Tower,0,1,29,0,30,0,1,72,0,73,0,2,101,0,103,148,0,148,251
08/14/2000,ALN,IL,AGL,CE,Federal Contract Tower,0,1,21,0,22,0,1,67,0,68,0,2,88,0,90,76,0,76,166
08/15/2000,ALN,IL,AGL,CE,Federal Contract Tower,0,1,23,0,24,0,1,83,0,84,0,2,106,0,108,104,0,104,212
08/16/2000,ALN,IL,AGL,CE,Federal Contract Tower,0,2,43,3,48,0,0,86,5,91,0,2,129,8,139,140,18,158,297
08/17/2000,ALN,IL,AGL,CE,Federal Contract Tower,0,0,28,2,30,0,0,34,4,38,0,0,62,6,68,42,16,58,126
08/18/2000,ALN,IL,AGL,CE,Federal Contract Tower,0,0,25,1,26,0,0,24,1,25,0,0,49,2,51,16,0,16,67
08/19/2000,ALN,IL,AGL,CE,Federal Contract Tower,0,0,24,0,24,0,0,80,0,80,0,0,104,0,104,114,0,114,218
08/20/2000,ALN,IL,AGL,CE,Federal Contract Tower,0,0,22,0,22,0,2,37,0,39,0,2,59,0,61,116,0,116,177
08/21/2000,ALN,IL,AGL,CE,Federal Contract Tower,0,1,37,2,40,0,1,60,12,73,0,2,97,14,113,48,24,72,185
08/22/2000,ALN,IL,AGL,CE,Federal Contract Tower,0,0,24,0,24,0,2,64,0,66,0,2,88,0,90,97,0,97,187
08/23/2000,ALN,IL,AGL,CE,Federal Contract Tower,0,1,60,4,65,0,9,35,0,44,0,10,95,4,109,72,26,98,207
08/24/2000,ALN,IL,AGL,CE,Federal Contract Tower,0,2,87,6,95,0,0,35,0,35,0,2,122,6,130,106,38,144,274
08/25/2000,ALN,IL,AGL,CE,Federal Contract Tower,0,1,37,2,40,0,2,65,3,70,0,3,102,5,110,98,6,104,214
08/26/2000,ALN,IL,AGL,CE,Federal Contract Tower,0,0,13,0,13,0,1,39,0,40,0,1,52,0,53,64,0,64,117
08/27/2000,ALN,IL,AGL,CE,Federal Contract Tower,0,0,26,0,26,0,2,42,0,44,0,2,68,0,70,102,0,102,172
08/28/2000,ALN,IL,AGL,CE,Federal Contract Tower,0,0,33,0,33,0,0,73,0,73,0,0,106,0,106,104,0,104,210
08/29/2000,ALN,IL,AGL,CE,Federal Contract Tower,0,1,57,0,58,0,6,47,0,53,0,7,104,0,111,78,0,78,189
08/30/2000,ALN,IL,AGL,CE,Federal Contract Tower,0,2,50,2,54,0,4,0,0,4,0,6,50,2,58,104,16,120,178
08/31/2000,ALN,IL,AGL,CE,Federal Contract Tower,0,1,41,3,45,0,1,70,1,72,0,2,111,4,117,72,0,72,189
09/01/2000,ALN,IL,AGL,CE,Federal Contract Tower,0,1,35,3,39,0,3,47,3,53,0,4,82,6,92,44,12,56,148
09/02/2000,ALN,IL,AGL,CE,Federal Contract Tower,0,0,23,0,23,0,0,68,0,68,0,0,91,0,91,142,0,142,233
09/03/2000,ALN,IL,AGL,CE,Federal Contract Tower,0,0,32,0,32,0,0,47,0,47,0,0,79,0,79,126,0,126,205
09/04/2000,ALN,IL,AGL,CE,Federal Contract Tower,0,0,27,0,27,0,0,0,0,0,0,0,27,0,27,24,0,24,51
09/05/2000,ALN,IL,AGL,CE,Federal Contract Tower,0,2,65,6,73,0,2,73,6,81,0,4,138,12,154,116,22,138,292
09/06/2000,ALN,IL,AGL,CE,Federal Contract Tower,0,2,58,5,65,0,0,66,22,88,0,2,124,27,153,140,98,238,391
09/07/2000,ALN,IL,AGL,CE,Federal Contract Tower,0,1,26,0,27,0,2,88,0,90,0,3,114,0,117,80,0,80,197
09/08/2000,ALN,IL,AGL,CE,Federal Contract Tower,0,0,35,1,36,0,0,71,0,71,0,0,106,1,107,158,1,159,266
09/09/2000,ALN,IL,AGL,CE,Federal Contract Tower,0,1,39,0,40,0,1,55,0,56,0,2,94,0,96,156,0,156,252
09/10/2000,ALN,IL,AGL,CE,Federal Contract Tower,0,0,15,0,15,0,0,53,0,53,0,0,68,0,68,84,0,84,152
09/11/2000,ALN,IL,AGL,CE,Federal Contract Tower,0,1,35,4,40,0,1,82,0,83,0,2,117,4,123,92,38,130,253
09/12/2000,ALN,IL,AGL,CE,Federal Contract Tower,0,1,28,1,30,0,1,85,0,86,0,2,113,1,116,158,2,160,276
09/13/2000,ALN,IL,AGL,CE,Federal Contract Tower,0,2,48,4,54,0,2,115,10,127,0,4,163,14,181,142,44,186,367
09/14/2000,ALN,IL,AGL,CE,Federal Contract Tower,0,1,25,0,26,0,1,84,0,85,0,2,109,0,111,156,0,156,267
09/15/2000,ALN,IL,AGL,CE,Federal Contract Tower,0,1,43,5,49,0,1,98,1,100,0,2,141,6,149,196,22,218,367
09/16/2000,ALN,IL,AGL,CE,Federal Contract Tower,0,0,21,0,21,0,0,94,0,94,0,0,115,0,115,148,0,148,263
09/17/2000,ALN,IL,AGL,CE,Federal Contract Tower,0,1,23,0,24,0,1,89,0,90,0,2,112,0,114,150,0,150,264
09/18/2000,ALN,IL,AGL,CE,Federal Contract Tower,0,0,42,4,46,0,2,55,14,71,0,2,97,18,117,104,44,148,265
09/19/2000,ALN,IL,AGL,CE,Federal Contract Tower,0,0,15,0,15,0,2,85,0,87,0,2,100,0,102,92,0,92,194
09/20/2000,ALN,IL,AGL,CE,Federal Contract Tower,0,0,33,0,33,0,0,75,0,75,0,0,108,0,108,110,0,110,218
09/21/2000,ALN,IL,AGL,CE,Federal Contract Tower,0,0,18,2,20,0,2,124,4,130,0,2,142,6,150,198,10,208,358
09/22/2000,ALN,IL,AGL,CE,Federal Contract Tower,0,0,35,0,35,0,0,57,0,57,0,0,92,0,92,106,0,106,198
09/23/2000,ALN,IL,AGL,CE,Federal Contract Tower,0,0,15,0,15,0,0,58,0,58,0,0,73,0,73,120,0,120,193
09/24/2000,ALN,IL,AGL,CE,Federal Contract Tower,0,0,36,0,36,0,2,4,0,6,0,2,40,0,42,34,0,34,76
09/25/2000,ALN,IL,AGL,CE,Federal Contract Tower,0,0,25,0,25,0,0,12,0,12,0,0,37,0,37,20,0,20,57
09/26/2000,ALN,IL,AGL,CE,Federal Contract Tower,0,0,32,0,32,0,6,105,0,111,0,6,137,0,143,193,0,193,336
09/27/2000,ALN,IL,AGL,CE,Federal Contract Tower,0,0,37,0,37,0,4,91,0,95,0,4,128,0,132,196,0,196,328
09/28/2000,ALN,IL,AGL,CE,Federal Contract Tower,0,0,47,2,49,0,0,115,0,115,0,0,162,2,164,212,0,212,376
09/29/2000,ALN,IL,AGL,CE,Federal Contract Tower,0,1,55,0,56,0,0,102,0,102,0,1,157,0,158,186,0,186,344
09/30/2000,ALN,IL,AGL,CE,Federal Contract Tower,0,0,29,0,29,0,8,134,0,142,0,8,163,0,171,214,0,214,385
10/01/2000,ALN,IL,AGL,CE,Federal Contract Tower,0,1,20,0,21,0,1,75,0,76,0,2,95,0,97,56,0,56,153
10/02/2000,ALN,IL,AGL,CE,Federal Contract Tower,0,1,34,0,35,0,1,68,0,69,0,2,102,0,104,128,0,128,232
10/03/2000,ALN,IL,AGL,CE,Federal Contract Tower,0,2,45,0,47,0,2,81,0,83,0,4,126,0,130,142,0,142,272
10/04/2000,ALN,IL,AGL,CE,Federal Contract Tower,0,1,29,0,30,0,3,7,0,10,0,4,36,0,40,14,0,14,54
10/05/2000,ALN,IL,AGL,CE,Federal Contract Tower,0,0,18,2,20,0,0,0,0,0,0,0,18,2,20,16,10,26,46
10/06/2000,ALN,IL,AGL,CE,Federal Contract Tower,0,2,70,5,77,0,0,9,2,11,0,2,79,7,88,74,16,90,178
10/07/2000,ALN,IL,AGL,CE,Federal Contract Tower,0,0,7,0,7,0,0,324,0,324,0,0,331,0,331,478,0,478,809
10/08/2000,ALN,IL,AGL,CE,Federal Contract Tower,0,1,28,0,29,0,1,68,0,69,0,2,96,0,98,82,0,82,180
10/09/2000,ALN,IL,AGL,CE,Federal Contract Tower,0,0,27,0,27,0,0,81,0,81,0,0,108,0,108,124,0,124,232
10/10/2000,ALN,IL,AGL,CE,Federal Contract Tower,0,2,51,2,55,0,0,87,0,87,0,2,138,2,142,158,2,160,302
10/11/2000,ALN,IL,AGL,CE,Federal Contract Tower,0,2,44,0,46,0,2,37,0,39,0,4,81,0,85,130,0,130,215
10/12/2000,ALN,IL,AGL,CE,Federal Contract Tower,0,1,31,3,35,0,1,75,0,76,0,2,106,3,111,144,0,144,255
10/13/2000,ALN,IL,AGL,CE,Federal Contract Tower,0,2,40,3,45,0,4,53,13,70,0,6,93,16,115,146,26,172,287
10/14/2000,ALN,IL,AGL,CE,Federal Contract Tower,0,1,31,3,35,0,2,65,0,67,0,3,96,3,102,158,6,164,266
10/15/2000,ALN,IL,AGL,CE,Federal Contract Tower,0,1,24,0,25,0,2,4,0,6,0,3,28,0,31,30,0,30,61
10/16/2000,ALN,IL,AGL,CE,Federal Contract Tower,0,0,28,0,28,0,0,0,0,0,0,0,28,0,28,8,0,8,36
10/17/2000,ALN,IL,AGL,CE,Federal Contract Tower,0,2,40,0,42,0,0,63,0,63,0,2,103,0,105,100,0,100,205
10/18/2000,ALN,IL,AGL,CE,Federal Contract Tower,0,0,53,0,53,0,0,81,0,81,0,0,134,0,134,194,0,194,328
10/19/2000,ALN,IL,AGL,CE,Federal Contract Tower,0,0,33,0,33,0,0,85,0,85,0,0,118,0,118,192,0,192,310
10/20/2000,ALN,IL,AGL,CE,Federal Contract Tower,0,1,47,4,52,0,1,85,4,90,0,2,132,8,142,170,22,192,334
10/21/2000,ALN,IL,AGL,CE,Federal Contract Tower,0,0,33,0,33,0,2,89,0,91,0,2,122,0,124,162,0,162,286
10/22/2000,ALN,IL,AGL,CE,Federal Contract Tower,0,0,35,0,35,0,1,11,0,12,0,1,46,0,47,40,0,40,87
10/23/2000,ALN,IL,AGL,CE,Federal Contract Tower,0,0,37,0,37,0,0,50,0,50,0,0,87,0,87,90,0,90,177
10/24/2000,ALN,IL,AGL,CE,Federal Contract Tower,0,1,37,2,40,0,3,94,3,100,0,4,131,5,140,134,8,142,282
10/25/2000,ALN,IL,AGL,CE,Federal Contract Tower,0,1,39,0,40,0,3,70,0,73,0,4,109,0,113,136,0,136,249
10/26/2000,ALN,IL,AGL,CE,Federal Contract Tower,0,2,71,5,78,0,2,71,21,94,0,4,142,26,172,220,68,288,460
10/27/2000,ALN,IL,AGL,CE,Federal Contract Tower,0,0,35,0,35,0,4,95,0,99,0,4,130,0,134,198,0,198,332
10/28/2000,ALN,IL,AGL,CE,Federal Contract Tower,0,0,12,0,12,0,2,36,0,38,0,2,48,0,50,64,0,64,114
10/29/2000,ALN,IL,AGL,CE,Federal Contract Tower,0,0,21,0,21,0,1,51,0,52,0,1,72,0,73,162,0,162,235
10/30/2000,ALN,IL,AGL,CE,Federal Contract Tower,0,0,30,2,32,0,2,101,0,103,0,2,131,2,135,120,28,148,283
10/31/2000,ALN,IL,AGL,CE,Federal Contract Tower,0,0,34,3,37,0,2,66,2,70,0,2,100,5,107,80,26,106,213
11/01/2000,ALN,IL,AGL,CE,Federal Contract Tower,0,1,25,0,26,0,3,74,0,77,0,4,99,0,103,133,0,133,236
11/02/2000,ALN,IL,AGL,CE,Federal Contract Tower,0,2,36,0,38,0,0,70,0,70,0,2,106,0,108,156,0,156,264
11/03/2000,ALN,IL,AGL,CE,Federal Contract Tower,0,3,33,2,38,0,0,99,0,99,0,3,132,2,137,210,16,226,363
11/04/2000,ALN,IL,AGL,CE,Federal Contract Tower,0,0,24,0,24,0,0,125,0,125,0,0,149,0,149,178,0,178,327
11/05/2000,ALN,IL,AGL,CE,Federal Contract Tower,0,0,9,0,9,0,0,85,0,85,0,0,94,0,94,66,0,66,160
11/06/2000,ALN,IL,AGL,CE,Federal Contract Tower,0,0,14,0,14,0,0,7,0,7,0,0,21,0,21,6,0,6,27
11/07/2000,ALN,IL,AGL,CE,Federal Contract Tower,0,2,38,6,46,0,2,82,10,94,0,4,120,16,140,110,66,176,316
11/08/2000,ALN,IL,AGL,CE,Federal Contract Tower,0,2,29,0,31,0,0,68,0,68,0,2,97,0,99,88,0,88,187
11/09/2000,ALN,IL,AGL,CE,Federal Contract Tower,0,0,14,0,14,0,0,3,0,3,0,0,17,0,17,0,0,0,17
11/10/2000,ALN,IL,AGL,CE,Federal Contract Tower,0,0,22,0,22,0,0,20,0,20,0,0,42,0,42,48,0,48,90
11/11/2000,ALN,IL,AGL,CE,Federal Contract Tower,0,0,9,0,9,0,0,45,0,45,0,0,54,0,54,66,0,66,120
11/12/2000,ALN,IL,AGL,CE,Federal Contract Tower,0,1,16,0,17,0,0,50,0,50,0,1,66,0,67,118,0,118,185
11/13/2000,ALN,IL,AGL,CE,Federal Contract Tower,0,2,39,2,43,0,0,16,0,16,0,2,55,2,59,71,46,117,176
11/14/2000,ALN,IL,AGL,CE,Federal Contract Tower,0,3,36,4,43,0,1,71,0,72,0,4,107,4,115,168,40,208,323
11/15/2000,ALN,IL,AGL,CE,Federal Contract Tower,0,3,41,0,44,0,3,108,0,111,0,6,149,0,155,193,0,193,348
11/16/2000,ALN,IL,AGL,CE,Federal Contract Tower,0,0,23,2,25,0,0,27,0,27,0,0,50,2,52,10,12,22,74
11/17/2000,ALN,IL,AGL,CE,Federal Contract Tower,0,2,29,3,34,0,0,41,8,49,0,2,70,11,83,50,40,90,173
11/18/2000,ALN,IL,AGL,CE,Federal Contract Tower,0,2,28,0,30,7,0,88,0,95,7,2,116,0,125,160,0,160,285
11/19/2000,ALN,IL,AGL,CE,Federal Contract Tower,0,2,19,0,21,0,4,85,0,89,0,6,104,0,110,158,0,158,268
11/20/2000,ALN,IL,AGL,CE,Federal Contract Tower,0,2,32,4,38,0,2,50,10,62,0,4,82,14,100,84,52,136,236
11/21/2000,ALN,IL,AGL,CE,Federal Contract Tower,0,1,32,5,38,0,3,114,7,124,0,4,146,12,162,164,48,212,374
11/22/2000,ALN,IL,AGL,CE,Federal Contract Tower,0,2,36,4,42,0,0,120,0,120,0,2,156,4,162,142,30,172,334
11/23/2000,ALN,IL,AGL,CE,Federal Contract Tower,0,0,8,0,8,0,6,6,0,12,0,6,14,0,20,10,0,10,30
11/24/2000,ALN,IL,AGL,CE,Federal Contract Tower,0,1,31,0,32,0,0,44,0,44,0,1,75,0,76,84,0,84,160
11/25/2000,ALN,IL,AGL,CE,Federal Contract Tower,0,0,10,0,10,0,0,2,0,2,0,0,12,0,12,18,0,18,30
11/26/2000,ALN,IL,AGL,CE,Federal Contract Tower,0,1,24,0,25,0,1,83,0,84,0,2,107,0,109,206,0,206,315
11/27/2000,ALN,IL,AGL,CE,Federal Contract Tower,0,1,31,0,32,0,5,50,0,55,0,6,81,0,87,92,0,92,179
11/28/2000,ALN,IL,AGL,CE,Federal Contract Tower,0,2,36,0,38,0,3,107,0,110,0,5,143,0,148,182,0,182,330
11/29/2000,ALN,IL,AGL,CE,Federal Contract Tower,0,1,32,0,33,0,3,30,0,33,0,4,62,0,66,38,0,38,104
11/30/2000,ALN,IL,AGL,CE,Federal Contract Tower,0,0,30,5,35,0,0,52,3,55,0,0,82,8,90,126,28,154,244
12/01/2000,ALN,IL,AGL,CE,Federal Contract Tower,0,2,35,3,40,0,2,56,11,69,0,4,91,14,109,86,48,134,243
12/02/2000,ALN,IL,AGL,CE,Federal Contract Tower,0,1,17,0,18,0,1,24,0,25,0,2,41,0,43,56,0,56,99
12/03/2000,ALN,IL,AGL,CE,Federal Contract Tower,0,1,12,0,13,0,2,126,0,128,0,3,138,0,141,132,0,132,273
12/04/2000,ALN,IL,AGL,CE,Federal Contract Tower,0,2,40,4,46,0,0,100,4,104,0,2,140,8,150,128,50,178,328
12/05/2000,ALN,IL,AGL,CE,Federal Contract Tower,0,1,17,0,18,0,1,89,0,90,0,2,106,0,108,130,0,130,238
12/06/2000,ALN,IL,AGL,CE,Federal Contract Tower,0,1,22,0,23,0,1,38,0,39,0,2,60,0,62,6,0,6,68
12/07/2000,ALN,IL,AGL,CE,Federal Contract Tower,0,2,29,3,34,0,4,94,7,105,0,6,123,10,139,126,44,170,309
12/08/2000,ALN,IL,AGL,CE,Federal Contract Tower,0,2,39,4,45,0,2,76,0,78,0,4,115,4,123,90,10,100,223
12/09/2000,ALN,IL,AGL,CE,Federal Contract Tower,0,2,27,0,29,0,0,107,0,107,0,2,134,0,136,206,0,206,342
12/10/2000,ALN,IL,AGL,CE,Federal Contract Tower,0,1,22,0,23,0,1,18,0,19,0,2,40,0,42,82,0,82,124
12/11/2000,ALN,IL,AGL,CE,Federal Contract Tower,0,1,6,0,7,0,0,0,0,0,0,1,6,0,7,0,0,0,7
12/12/2000,ALN,IL,AGL,CE,Federal Contract Tower,0,1,15,0,16,0,3,51,0,54,0,4,66,0,70,74,0,74,144
12/13/2000,ALN,IL,AGL,CE,Federal Contract Tower,0,1,0,0,1,0,1,0,0,1,0,2,0,0,2,0,0,0,2
12/14/2000,ALN,IL,AGL,CE,Federal Contract Tower,0,0,7,1,8,0,0,15,1,16,0,0,22,2,24,44,2,46,70
12/15/2000,ALN,IL,AGL,CE,Federal Contract Tower,0,0,3,0,3,0,0,1,0,1,0,0,4,0,4,0,0,0,4
12/16/2000,ALN,IL,AGL,CE,Federal Contract Tower,0,0,3,0,3,0,2,0,0,2,0,2,3,0,5,0,0,0,5
12/17/2000,ALN,IL,AGL,CE,Federal Contract Tower,0,0,2,0,2,0,0,0,0,0,0,0,2,0,2,22,0,22,24
12/18/2000,ALN,IL,AGL,CE,Federal Contract Tower,0,0,14,0,14,0,2,55,0,57,0,2,69,0,71,38,0,38,109
12/19/2000,ALN,IL,AGL,CE,Federal Contract Tower,0,0,17,0,17,0,6,58,0,64,0,6,75,0,81,52,0,52,133
12/20/2000,ALN,IL,AGL,CE,Federal Contract Tower,0,1,27,2,30,0,1,56,1,58,0,2,83,3,88,76,6,82,170
12/21/2000,ALN,IL,AGL,CE,Federal Contract Tower,0,0,25,3,28,0,0,29,85,114,0,0,54,88,142,76,18,94,236
12/22/2000,ALN,IL,AGL,CE,Federal Contract Tower,0,0,32,0,32,0,0,59,0,59,0,0,91,0,91,134,0,134,225
12/23/2000,ALN,IL,AGL,CE,Federal Contract Tower,0,0,17,0,17,0,0,36,0,36,0,0,53,0,53,74,0,74,127
12/24/2000,ALN,IL,AGL,CE,Federal Contract Tower,0,0,16,0,16,0,0,6,0,6,0,0,22,0,22,35,0,35,57
12/25/2000,ALN,IL,AGL,CE,Federal Contract Tower,0,0,0,0,0,0,0,4,0,4,0,0,4,0,4,4,0,4,8
12/26/2000,ALN,IL,AGL,CE,Federal Contract Tower,0,0,6,0,6,0,3,0,0,3,0,3,6,0,9,2,0,2,11
12/27/2000,ALN,IL,AGL,CE,Federal Contract Tower,0,0,22,0,22,0,6,26,0,32,0,6,48,0,54,10,0,10,64
12/28/2000,ALN,IL,AGL,CE,Federal Contract Tower,0,1,32,0,33,0,3,74,0,77,0,4,106,0,110,148,0,148,258
12/29/2000,ALN,IL,AGL,CE,Federal Contract Tower,0,0,9,0,9,0,0,0,0,0,0,0,9,0,9,12,0,12,21
12/30/2000,ALN,IL,AGL,CE,Federal Contract Tower,0,0,12,0,12,0,0,0,0,0,0,0,12,0,12,50,0,50,62
12/31/2000,ALN,IL,AGL,CE,Federal Contract Tower,0,0,6,0,6,0,0,6,0,6,0,0,12,0,12,18,0,18,30
01/01/2001,ALN,IL,AGL,CE,Federal Contract Tower,0,0,1,0,1,0,0,12,0,12,0,0,13,0,13,10,0,10,23
01/02/2001,ALN,IL,AGL,CE,Federal Contract Tower,0,2,36,0,38,0,0,78,0,78,0,2,114,0,116,146,0,146,262
01/03/2001,ALN,IL,AGL,CE,Federal Contract Tower,0,2,27,0,29,0,0,101,0,101,0,2,128,0,130,136,0,136,266
01/04/2001,ALN,IL,AGL,CE,Federal Contract Tower,0,0,14,0,14,0,2,46,0,48,0,2,60,0,62,34,0,34,96
01/05/2001,ALN,IL,AGL,CE,Federal Contract Tower,0,0,25,0,25,0,3,58,0,61,0,3,83,0,86,64,0,64,150
01/06/2001,ALN,IL,AGL,CE,Federal Contract Tower,0,1,38,0,39,0,0,95,0,95,0,1,133,0,134,154,0,154,288
01/07/2001,ALN,IL,AGL,CE,Federal Contract Tower,0,0,22,0,22,0,3,52,0,55,0,3,74,0,77,120,0,120,197
01/08/2001,ALN,IL,AGL,CE,Federal Contract Tower,0,2,36,4,42,0,2,50,3,55,0,4,86,7,97,80,8,88,185
01/09/2001,ALN,IL,AGL,CE,Federal Contract Tower,0,2,38,0,40,0,2,66,0,68,0,4,104,0,108,158,0,158,266
01/10/2001,ALN,IL,AGL,CE,Federal Contract Tower,0,2,40,4,46,0,0,92,0,92,0,2,132,4,138,175,32,207,345
01/11/2001,ALN,IL,AGL,CE,Federal Contract Tower,0,0,23,0,23,0,2,26,0,28,0,2,49,0,51,56,0,56,107
01/12/2001,ALN,IL,AGL,CE,Federal Contract Tower,0,0,13,0,13,0,0,2,0,2,0,0,15,0,15,4,0,4,19
01/13/2001,ALN,IL,AGL,CE,Federal Contract Tower,0,0,11,0,11,0,0,1,0,1,0,0,12,0,12,6,0,6,18
01/14/2001,ALN,IL,AGL,CE,Federal Contract Tower,0,0,13,0,13,0,0,25,0,25,0,0,38,0,38,48,0,48,86
01/15/2001,ALN,IL,AGL,CE,Federal Contract Tower,0,2,32,0,34,0,0,58,0,58,0,2,90,0,92,128,0,128,220
01/16/2001,ALN,IL,AGL,CE,Federal Contract Tower,0,0,21,0,21,0,0,45,0,45,0,0,66,0,66,80,0,80,146
01/17/2001,ALN,IL,AGL,CE,Federal Contract Tower,0,2,30,0,32,0,0,79,0,79,0,2,109,0,111,116,0,116,227
01/18/2001,ALN,IL,AGL,CE,Federal Contract Tower,0,0,41,0,41,0,0,48,0,48,0,0,89,0,89,102,0,102,191
01/19/2001,ALN,IL,AGL,CE,Federal Contract Tower,0,0,15,2,17,0,1,15,0,16,0,1,30,2,33,10,4,14,47
01/20/2001,ALN,IL,AGL,CE,Federal Contract Tower,0,2,24,0,26,0,1,82,0,83,0,3,106,0,109,164,0,164,273
01/21/2001,ALN,IL,AGL,CE,Federal Contract Tower,0,2,30,0,32,0,1,106,0,107,0,3,136,0,139,165,0,165,304
01/22/2001,ALN,IL,AGL,CE,Federal Contract Tower,0,2,36,5,43,0,0,111,0,111,0,2,147,5,154,178,16,194,348
01/23/2001,ALN,IL,AGL,CE,Federal Contract Tower,0,2,26,0,28,0,0,124,0,124,0,2,150,0,152,150,0,150,302
01/24/2001,ALN,IL,AGL,CE,Federal Contract Tower,0,2,54,6,62,0,1,49,6,56,0,3,103,12,118,108,40,148,266
01/25/2001,ALN,IL,AGL,CE,Federal Contract Tower,0,2,67,5,74,0,1,50,0,51,0,3,117,5,125,160,22,182,307
01/26/2001,ALN,IL,AGL,CE,Federal Contract Tower,0,0,6,0,6,0,0,8,2,10,0,0,14,2,16,0,2,2,18
01/27/2001,ALN,IL,AGL,CE,Federal Contract Tower,0,1,38,0,39,0,1,101,0,102,0,2,139,0,141,186,0,186,327
01/28/2001,ALN,IL,AGL,CE,Federal Contract Tower,0,0,8,0,8,0,0,2,0,2,0,0,10,0,10,2,0,2,12
01/29/2001,ALN,IL,AGL,CE,Federal Contract Tower,0,0,9,1,10,0,0,0,3,3,0,0,9,4,13,4,6,10,23
01/30/2001,ALN,IL,AGL,CE,Federal Contract Tower,0,0,8,4,12,0,0,0,0,0,0,0,8,4,12,46,38,84,96
01/31/2001,ALN,IL,AGL,CE,Federal Contract Tower,0,1,35,2,38,0,1,63,0,64,0,2,98,2,102,70,8,78,180
02/01/2001,ALN,IL,AGL,CE,Federal Contract Tower,0,1,41,5,47,0,1,86,1,88,0,2,127,6,135,126,14,140,275
02/02/2001,ALN,IL,AGL,CE,Federal Contract Tower,0,0,26,0,26,0,2,91,0,93,0,2,117,0,119,86,0,86,205
02/03/2001,ALN,IL,AGL,CE,Federal Contract Tower,0,0,19,3,22,0,0,132,1,133,0,0,151,4,155,240,0,240,395
02/04/2001,ALN,IL,AGL,CE,Federal Contract Tower,0,1,21,0,22,2,1,57,0,60,2,2,78,0,82,84,0,84,166
02/05/2001,ALN,IL,AGL,CE,Federal Contract Tower,0,2,40,2,44,0,0,77,0,77,0,2,117,2,121,126,14,140,261
02/06/2001,ALN,IL,AGL,CE,Federal Contract Tower,0,2,51,7,60,0,0,84,1,85,0,2,135,8,145,174,40,214,359
02/07/2001,ALN,IL,AGL,CE,Federal Contract Tower,0,1,34,0,35,0,8,77,0,85,0,9,111,0,120,108,0,108,228
02/08/2001,ALN,IL,AGL,CE,Federal Contract Tower,0,1,17,3,21,0,2,68,0,70,0,3,85,3,91,118,10,128,219
02/09/2001,ALN,IL,AGL,CE,Federal Contract Tower,0,0,3,0,3,0,0,1,0,1,0,0,4,0,4,0,0,0,4
02/10/2001,ALN,IL,AGL,CE,Federal Contract Tower,0,0,27,0,27,0,0,105,0,105,0,0,132,0,132,168,0,168,300
02/11/2001,ALN,IL,AGL,CE,Federal Contract Tower,0,0,41,0,41,0,0,119,0,119,0,0,160,0,160,172,0,172,332
02/12/2001,ALN,IL,AGL,CE,Federal Contract Tower,0,2,46,4,52,0,0,50,0,50,0,2,96,4,102,136,20,156,258
02/13/2001,ALN,IL,AGL,CE,Federal Contract Tower,0,1,24,0,25,0,1,17,0,18,0,2,41,0,43,24,0,24,67
02/14/2001,ALN,IL,AGL,CE,Federal Contract Tower,0,0,4,0,4,0,0,1,0,1,0,0,5,0,5,0,0,0,5
02/15/2001,ALN,IL,AGL,CE,Federal Contract Tower,0,0,17,0,17,0,0,3,0,3,0,0,20,0,20,0,0,0,20
02/16/2001,ALN,IL,AGL,CE,Federal Contract Tower,0,0,17,2,19,0,2,30,0,32,0,2,47,2,51,26,10,36,87
02/17/2001,ALN,IL,AGL,CE,Federal Contract Tower,0,0,33,2,35,0,0,117,0,117,0,0,150,2,152,172,2,174,326
02/18/2001,ALN,IL,AGL,CE,Federal Contract Tower,0,0,30,0,30,0,0,97,0,97,0,0,127,0,127,146,0,146,273
02/19/2001,ALN,IL,AGL,CE,Federal Contract Tower,0,1,37,0,38,0,1,89,0,90,0,2,126,0,128,106,0,106,234
02/20/2001,ALN,IL,AGL,CE,Federal Contract Tower,0,0,24,3,27,0,4,119,2,125,0,4,143,5,152,164,10,174,326
02/21/2001,ALN,IL,AGL,CE,Federal Contract Tower,0,0,32,5,37,0,4,90,7,101,0,4,122,12,138,116,44,160,298
02/22/2001,ALN,IL,AGL,CE,Federal Contract Tower,0,0,18,3,21,0,0,20,1,21,0,0,38,4,42,42,36,78,120
02/23/2001,ALN,IL,AGL,CE,Federal Contract Tower,0,0,25,4,29,0,2,47,0,49,0,2,72,4,78,80,26,106,184
02/24/2001,ALN,IL,AGL,CE,Federal Contract Tower,0,0,6,0,6,0,0,0,0,0,0,0,6,0,6,0,0,0,6
02/25/2001,ALN,IL,AGL,CE,Federal Contract Tower,0,0,5,0,5,0,0,15,0,15,0,0,20,0,20,14,0,14,34
02/26/2001,ALN,IL,AGL,CE,Federal Contract Tower,0,1,41,5,47,0,5,84,13,102,0,6,125,18,149,154,40,194,343
02/27/2001,ALN,IL,AGL,CE,Federal Contract Tower,0,0,19,0,19,0,3,45,0,48,0,3,64,0,67,44,0,44,111
02/28/2001,ALN,IL,AGL,CE,Federal Contract Tower,0,0,30,4,34,0,2,87,8,97,0,2,117,12,131,86,40,126,257
03/01/2001,ALN,IL,AGL,CE,Federal Contract Tower,0,1,22,3,26,0,0,64,7,71,0,1,86,10,97,108,14,122,219
03/02/2001,ALN,IL,AGL,CE,Federal Contract Tower,0,2,36,5,43,0,0,74,5,79,0,2,110,10,122,101,60,161,283
03/03/2001,ALN,IL,AGL,CE,Federal Contract Tower,0,1,37,0,38,0,0,68,0,68,0,1,105,0,106,154,0,154,260
03/04/2001,ALN,IL,AGL,CE,Federal Contract Tower,0,1,16,2,19,0,0,22,2,24,0,1,38,4,43,102,28,130,173
03/05/2001,ALN,IL,AGL,CE,Federal Contract Tower,0,0,33,5,38,0,0,69,1,70,0,0,102,6,108,160,8,168,276
03/06/2001,ALN,IL,AGL,CE,Federal Contract Tower,0,2,30,2,34,0,2,134,0,136,0,4,164,2,170,146,8,154,324
03/07/2001,ALN,IL,AGL,CE,Federal Contract Tower,0,2,28,2,32,0,0,97,0,97,0,2,125,2,129,120,8,128,257
03/08/2001,ALN,IL,AGL,CE,Federal Contract Tower,0,1,21,2,24,0,1,54,0,55,0,2,75,2,79,70,14,84,163
03/09/2001,ALN,IL,AGL,CE,Federal Contract Tower,0,0,27,4,31,0,0,109,0,109,0,0,136,4,140,152,8,160,300
03/10/2001,ALN,IL,AGL,CE,Federal Contract Tower,0,2,24,0,26,0,0,121,0,121,0,2,145,0,147,226,0,226,373
03/11/2001,ALN,IL,AGL,CE,Federal Contract Tower,0,2,31,0,33,0,0,119,0,119,0,2,150,0,152,230,0,230,382
03/12/2001,ALN,IL,AGL,CE,Federal Contract Tower,0,1,26,0,27,0,0,100,0,100,0,1,126,0,127,92,0,92,219
03/13/2001,ALN,IL,AGL,CE,Federal Contract Tower,0,2,34,5,41,0,4,63,7,74,0,6,97,12,115,84,60,144,259
03/14/2001,ALN,IL,AGL,CE,Federal Contract Tower,0,3,54,8,65,0,1,82,6,89,0,4,136,14,154,210,56,266,420
03/15/2001,ALN,IL,AGL,CE,Federal Contract Tower,0,0,16,0,16,0,0,14,0,14,0,0,30,0,30,18,0,18,48
03/16/2001,ALN,IL,AGL,CE,Federal Contract Tower,0,1,24,0,25,0,5,16,0,21,0,6,40,0,46,8,0,8,54
03/17/2001,ALN,IL,AGL,CE,Federal Contract Tower,0,0,39,0,39,0,0,109,0,109,0,0,148,0,148,239,0,239,387
03/18/2001,ALN,IL,AGL,CE,Federal Contract Tower,0,1,34,0,35,0,3,122,0,125,0,4,156,0,160,186,0,186,346
03/19/2001,ALN,IL,AGL,CE,Federal Contract Tower,0,1,49,6,56,0,0,62,1,63,0,1,111,7,119,137,18,155,274
03/20/2001,ALN,IL,AGL,CE,Federal Contract Tower,0,1,35,4,40,0,1,84,0,85,0,2,119,4,125,100,20,120,245
03/21/2001,ALN,IL,AGL,CE,Federal Contract Tower,0,1,43,0,44,0,1,99,0,100,0,2,142,0,144,130,0,130,274
03/22/2001,ALN,IL,AGL,CE,Federal Contract Tower,0,0,60,6,66,0,0,42,0,42,0,0,102,6,108,142,12,154,262
03/23/2001,ALN,IL,AGL,CE,Federal Contract Tower,0,0,30,0,30,0,0,84,0,84,0,0,114,0,114,156,0,156,270
03/24/2001,ALN,IL,AGL,CE,Federal Contract Tower,0,1,29,0,30,0,1,95,0,96,0,2,124,0,126,142,0,142,268
03/25/2001,ALN,IL,AGL,CE,Federal Contract Tower,0,0,16,0,16,0,0,55,0,55,0,0,71,0,71,90,0,90,161
03/26/2001,ALN,IL,AGL,CE,Federal Contract Tower,0,0,15,2,17,0,0,87,4,91,0,0,102,6,108,50,12,62,170
03/27/2001,ALN,IL,AGL,CE,Federal Contract Tower,0,3,71,4,78,0,1,92,0,93,0,4,163,4,171,144,32,176,347
03/28/2001,ALN,IL,AGL,CE,Federal Contract Tower,0,2,63,9,74,0,0,59,3,62,0,2,122,12,136,136,48,184,320
03/29/2001,ALN,IL,AGL,CE,Federal Contract Tower,0,2,55,7,64,0,2,67,0,69,0,4,122,7,133,124,28,152,285
03/30/2001,ALN,IL,AGL,CE,Federal Contract Tower,0,0,22,3,25,0,3,72,1,76,0,3,94,4,101,66,26,92,193
03/31/2001,ALN,IL,AGL,CE,Federal Contract Tower,0,0,14,0,14,0,0,88,0,88,0,0,102,0,102,80,0,80,182
04/01/2001,ALN,IL,AGL,CE,Federal Contract Tower,0,0,11,0,11,0,0,113,0,113,0,0,124,0,124,155,0,155,279
04/02/2001,ALN,IL,AGL,CE,Federal Contract Tower,0,0,33,2,35,0,0,75,2,77,0,0,108,4,112,144,4,148,260
04/03/2001,ALN,IL,AGL,CE,Federal Contract Tower,0,0,18,0,18,0,0,45,0,45,0,0,63,0,63,44,0,44,107
04/04/2001,ALN,IL,AGL,CE,Federal Contract Tower,0,1,36,0,37,0,3,75,0,78,0,4,111,0,115,100,0,100,215
04/05/2001,ALN,IL,AGL,CE,Federal Contract Tower,0,0,35,2,37,0,0,101,0,101,0,0,136,2,138,152,26,178,316
04/06/2001,ALN,IL,AGL,CE,Federal Contract Tower,0,1,31,0,32,0,5,79,0,84,0,6,110,0,116,109,0,109,225
04/07/2001,ALN,IL,AGL,CE,Federal Contract Tower,0,0,19,0,19,0,0,36,0,36,0,0,55,0,55,67,0,67,122
04/08/2001,ALN,IL,AGL,CE,Federal Contract Tower,0,0,37,0,37,0,0,101,0,101,0,0,138,0,138,162,0,162,300
04/09/2001,ALN,IL,AGL,CE,Federal Contract Tower,0,0,59,0,59,0,0,90,0,90,0,0,149,0,149,150,0,150,299
04/10/2001,ALN,IL,AGL,CE,Federal Contract Tower,0,1,15,0,16,0,0,58,0,58,0,1,73,0,74,46,0,46,120
04/11/2001,ALN,IL,AGL,CE,Federal Contract Tower,0,1,17,1,19,0,2,13,3,18,0,3,30,4,37,46,8,54,91
04/12/2001,ALN,IL,AGL,CE,Federal Contract Tower,0,1,16,1,18,0,1,96,1,98,0,2,112,2,116,88,6,94,210
04/13/2001,ALN,IL,AGL,CE,Federal Contract Tower,0,0,28,0,28,0,2,152,0,154,0,2,180,0,182,194,0,194,376
04/14/2001,ALN,IL,AGL,CE,Federal Contract Tower,0,2,44,0,46,0,1,127,0,128,0,3,171,0,174,204,0,204,378
04/15/2001,ALN,IL,AGL,CE,Federal Contract Tower,0,0,32,0,32,0,4,94,0,98,0,4,126,0,130,98,0,98,228
04/16/2001,ALN,IL,AGL,CE,Federal Contract Tower,0,0,23,0,23,0,0,37,0,37,0,0,60,0,60,46,0,46,106
04/17/2001,ALN,IL,AGL,CE,Federal Contract Tower,0,0,32,0,32,0,2,76,0,78,0,2,108,0,110,92,0,92,202
04/18/2001,ALN,IL,AGL,CE,Federal Contract Tower,0,0,33,0,33,0,4,116,0,120,0,4,149,0,153,182,0,182,335
04/19/2001,ALN,IL,AGL,CE,Federal Contract Tower,0,2,44,0,46,0,4,76,0,80,0,6,120,0,126,164,0,164,290
04/20/2001,ALN,IL,AGL,CE,Federal Contract Tower,0,0,32,2,34,0,2,36,0,38,0,2,68,2,72,62,8,70,142
04/21/2001,ALN,IL,AGL,CE,Federal Contract Tower,0,0,26,0,26,0,0,34,0,34,0,0,60,0,60,54,0,54,114
04/22/2001,ALN,IL,AGL,CE,Federal Contract Tower,0,0,22,0,22,0,0,45,0,45,0,0,67,0,67,62,0,62,129
04/23/2001,ALN,IL,AGL,CE,Federal Contract Tower,0,0,30,2,32,0,0,3,11,14,0,0,33,13,46,30,26,56,102
04/24/2001,ALN,IL,AGL,CE,Federal Contract Tower,0,2,51,3,56,0,4,87,5,96,0,6,138,8,152,110,40,150,302
04/25/2001,ALN,IL,AGL,CE,Federal Contract Tower,0,1,59,2,62,0,1,85,0,86,0,2,144,2,148,167,16,183,331
04/26/2001,ALN,IL,AGL,CE,Federal Contract Tower,0,1,49,0,50,0,0,76,0,76,0,1,125,0,126,140,0,140,266
04/27/2001,ALN,IL,AGL,CE,Federal Contract Tower,0,0,33,2,35,0,3,89,0,92,0,3,122,2,127,152,20,172,299
04/28/2001,ALN,IL,AGL,CE,Federal Contract Tower,0,0,5,0,5,0,2,130,0,132,0,2,135,0,137,128,0,128,265
04/29/2001,ALN,IL,AGL,CE,Federal Contract Tower,0,0,24,0,24,0,0,111,0,111,0,0,135,0,135,140,0,140,275
04/30/2001,ALN,IL,AGL,CE,Federal Contract Tower,0,1,41,2,44,0,1,83,14,98,0,2,124,16,142,168,36,204,346
05/01/2001,ALN,IL,AGL,CE,Federal Contract Tower,0,1,21,0,22,0,3,66,0,69,0,4,87,0,91,122,0,122,213
05/02/2001,ALN,IL,AGL,CE,Federal Contract Tower,0,0,26,0,26,0,0,81,0,81,0,0,107,0,107,96,0,96,203
05/03/2001,ALN,IL,AGL,CE,Federal Contract Tower,0,2,39,0,41,0,2,92,0,94,0,4,131,0,135,134,0,134,269
05/04/2001,ALN,IL,AGL,CE,Federal Contract Tower,0,1,51,6,58,0,0,56,0,56,0,1,107,6,114,170,18,188,302
05/05/2001,ALN,IL,AGL,CE,Federal Contract Tower,0,0,11,0,11,0,0,61,0,61,0,0,72,0,72,112,0,112,184
05/06/2001,ALN,IL,AGL,CE,Federal Contract Tower,0,1,18,0,19,0,1,29,0,30,0,2,47,0,49,78,0,78,127
05/07/2001,ALN,IL,AGL,CE,Federal Contract Tower,0,1,30,0,31,0,0,67,0,67,0,1,97,0,98,86,0,86,184
05/08/2001,ALN,IL,AGL,CE,Federal Contract Tower,0,2,39,0,41,0,5,108,0,113,0,7,147,0,154,120,0,120,274
05/09/2001,ALN,IL,AGL,CE,Federal Contract Tower,0,1,31,0,32,0,2,100,0,102,0,3,131,0,134,118,0,118,252
05/10/2001,ALN,IL,AGL,CE,Federal Contract Tower,0,2,52,8,62,0,0,28,4,32,0,2,80,12,94,58,48,106,200
05/11/2001,ALN,IL,AGL,CE,Federal Contract Tower,0,0,68,10,78,0,0,30,19,49,0,0,98,29,127,88,90,178,305
05/12/2001,ALN,IL,AGL,CE,Federal Contract Tower,0,1,12,0,13,0,1,122,0,123,0,2,134,0,136,182,0,182,318
05/13/2001,ALN,IL,AGL,CE,Federal Contract Tower,0,1,11,0,12,0,1,107,0,108,0,2,118,0,120,136,0,136,256
05/14/2001,ALN,IL,AGL,CE,Federal Contract Tower,0,1,26,3,30,0,3,106,0,109,0,4,132,3,139,172,2,174,313
05/15/2001,ALN,IL,AGL,CE,Federal Contract Tower,0,1,19,3,23,0,0,81,4,85,0,1,100,7,108,52,20,72,180
05/16/2001,ALN,IL,AGL,CE,Federal Contract Tower,0,0,50,2,52,0,0,110,0,110,0,0,160,2,162,164,4,168,330
05/17/2001,ALN,IL,AGL,CE,Federal Contract Tower,0,0,33,0,33,0,0,42,0,42,0,0,75,0,75,82,0,82,157
05/18/2001,ALN,IL,AGL,CE,Federal Contract Tower,0,0,40,5,45,0,0,16,10,26,0,0,56,15,71,76,34,110,181
05/19/2001,ALN,IL,AGL,CE,Federal Contract Tower,0,0,23,0,23,0,1,105,0,106,0,1,128,0,129,156,0,156,285
05/20/2001,ALN,IL,AGL,CE,Federal Contract Tower,0,0,18,0,18,0,1,50,0,51,0,1,68,0,69,54,0,54,123
05/21/2001,ALN,IL,AGL,CE,Federal Contract Tower,0,0,26,4,30,0,3,53,2,58,0,3,79,6,88,70,16,86,174
05/22/2001,ALN,IL,AGL,CE,Federal Contract Tower,0,1,40,5,46,0,3,66,1,70,0,4,106,6,116,76,56,132,248
05/23/2001,ALN,IL,AGL,CE,Federal Contract Tower,0,0,30,0,30,0,4,82,0,86,0,4,112,0,116,100,0,100,216
05/24/2001,ALN,IL,AGL,CE,Federal Contract Tower,0,0,21,0,21,0,4,94,0,98,0,4,115,0,119,100,0,100,219
05/25/2001,ALN,IL,AGL,CE,Federal Contract Tower,0,1,41,0,42,0,1,60,0,61,0,2,101,0,103,50,0,50,153
05/26/2001,ALN,IL,AGL,CE,Federal Contract Tower,0,0,16,0,16,0,0,42,0,42,0,0,58,0,58,38,0,38,96
05/27/2001,ALN,IL,AGL,CE,Federal Contract Tower,0,0,29,0,29,0,0,91,0,91,0,0,120,0,120,152,0,152,272
05/28/2001,ALN,IL,AGL,CE,Federal Contract Tower,0,0,23,2,25,0,0,145,0,145,0,0,168,2,170,180,2,182,352
05/29/2001,ALN,IL,AGL,CE,Federal Contract Tower,0,1,62,4,67,0,5,97,0,102,0,6,159,4,169,134,22,156,325
05/30/2001,ALN,IL,AGL,CE,Federal Contract Tower,0,0,29,5,34,0,0,40,0,40,0,0,69,5,74,34,20,54,128
05/31/2001,ALN,IL,AGL,CE,Federal Contract Tower,0,0,14,0,14,0,0,18,0,18,0,0,32,0,32,16,0,16,48
06/01/2001,ALN,IL,AGL,CE,Federal Contract Tower,0,2,34,4,40,0,2,109,1,112,0,4,143,5,152,217,20,237,389
06/02/2001,ALN,IL,AGL,CE,Federal Contract Tower,0,0,12,0,12,0,0,55,0,55,0,0,67,0,67,94,0,94,161
06/03/2001,ALN,IL,AGL,CE,Federal Contract Tower,0,1,17,0,18,0,3,37,0,40,0,4,54,0,58,80,0,80,138
06/04/2001,ALN,IL,AGL,CE,Federal Contract Tower,0,0,25,0,25,0,0,0,0,0,0,0,25,0,25,30,0,30,55
06/05/2001,ALN,IL,AGL,CE,Federal Contract Tower,0,2,25,3,30,0,0,84,4,88,0,2,109,7,118,80,8,88,206
06/06/2001,ALN,IL,AGL,CE,Federal Contract Tower,0,2,24,3,29,0,4,108,17,129,0,6,132,20,158,100,68,168,326
06/07/2001,ALN,IL,AGL,CE,Federal Contract Tower,0,0,56,7,63,0,0,90,13,103,0,0,146,20,166,194,64,258,424
06/08/2001,ALN,IL,AGL,CE,Federal Contract Tower,0,2,38,0,40,0,1,101,0,102,0,3,139,0,142,208,0,208,350
06/09/2001,ALN,IL,AGL,CE,Federal Contract Tower,0,1,20,0,21,0,1,291,0,292,0,2,311,0,313,142,0,142,455
06/10/2001,ALN,IL,AGL,CE,Federal Contract Tower,0,1,37,2,40,0,0,63,0,63,0,1,100,2,103,92,4,96,199
06/11/2001,ALN,IL,AGL,CE,Federal Contract Tower,0,2,23,3,28,0,4,54,6,64,0,6,77,9,92,86,26,112,204
06/12/2001,ALN,IL,AGL,CE,Federal Contract Tower,0,2,23,3,28,0,2,110,4,116,0,4,133,7,144,74,34,108,252
06/13/2001,ALN,IL,AGL,CE,Federal Contract Tower,0,2,22,0,24,0,1,90,0,91,0,3,112,0,115,126,0,126,241
06/14/2001,ALN,IL,AGL,CE,Federal Contract Tower,0,2,25,3,30,0,0,53,1,54,0,2,78,4,84,88,8,96,180
06/15/2001,ALN,IL,AGL,CE,Federal Contract Tower,0,2,42,0,44,0,0,94,0,94,0,2,136,0,138,88,0,88,226
06/16/2001,ALN,IL,AGL,CE,Federal Contract Tower,0,1,29,0,30,0,3,89,0,92,0,4,118,0,122,126,0,126,248
06/17/2001,ALN,IL,AGL,CE,Federal Contract Tower,0,0,15,2,17,0,0,96,4,100,0,0,111,6,117,86,0,86,203
06/18/2001,ALN,IL,AGL,CE,Federal Contract Tower,0,1,42,6,49,0,5,56,7,68,0,6,98,13,117,104,32,136,253
06/19/2001,ALN,IL,AGL,CE,Federal Contract Tower,0,1,40,0,41,0,5,63,0,68,0,6,103,0,109,94,0,94,203
06/20/2001,ALN,IL,AGL,CE,Federal Contract Tower,0,0,18,0,18,0,6,91,0,97,0,6,109,0,115,128,0,128,243
06/21/2001,ALN,IL,AGL,CE,Federal Contract Tower,0,1,25,0,26,0,1,49,0,50,0,2,74,0,76,74,0,74,150
06/22/2001,ALN,IL,AGL,CE,Federal Contract Tower,0,0,18,0,18,0,2,149,0,151,0,2,167,0,169,132,0,132,301
06/23/2001,ALN,IL,AGL,CE,Federal Contract Tower,0,0,43,0,43,0,0,101,0,101,0,0,144,0,144,128,0,128,272
06/24/2001,ALN,IL,AGL,CE,Federal Contract Tower,0,0,16,0,16,0,0,120,0,120,0,0,136,0,136,104,0,104,240
06/25/2001,ALN,IL,AGL,CE,Federal Contract Tower,0,1,26,2,29,0,1,96,0,97,0,2,122,2,126,184,10,194,320
06/26/2001,ALN,IL,AGL,CE,Federal Contract Tower,0,2,45,0,47,0,6,82,0,88,0,8,127,0,135,145,0,145,280
06/27/2001,ALN,IL,AGL,CE,Federal Contract Tower,0,1,34,0,35,0,4,108,0,112,0,5,142,0,147,153,0,153,300
06/28/2001,ALN,IL,AGL,CE,Federal Contract Tower,0,1,52,6,59,0,0,55,0,55,0,1,107,6,114,148,12,160,274
06/29/2001,ALN,IL,AGL,CE,Federal Contract Tower,0,1,31,4,36,0,0,62,0,62,0,1,93,4,98,102,0,102,200
06/30/2001,ALN,IL,AGL,CE,Federal Contract Tower,0,0,21,0,21,0,3,61,0,64,0,3,82,0,85,126,0,126,211
07/01/2001,ALN,IL,AGL,CE,Federal Contract Tower,0,0,25,0,25,0,0,47,0,47,0,0,72,0,72,86,0,86,158
07/02/2001,ALN,IL,AGL,CE,Federal Contract Tower,0,2,60,6,68,0,1,88,8,97,0,3,148,14,165,126,50,176,341
07/03/2001,ALN,IL,AGL,CE,Federal Contract Tower,0,0,24,0,24,0,0,91,0,91,0,0,115,0,115,124,0,124,239
07/04/2001,ALN,IL,AGL,CE,Federal Contract Tower,0,0,9,0,9,0,0,52,0,52,0,0,61,0,61,52,0,52,113
07/05/2001,ALN,IL,AGL,CE,Federal Contract Tower,0,1,40,2,43,0,1,84,0,85,0,2,124,2,128,134,0,134,262
07/06/2001,ALN,IL,AGL,CE,Federal Contract Tower,0,0,61,0,61,0,0,54,0,54,0,0,115,0,115,138,0,138,253
07/07/2001,ALN,IL,AGL,CE,Federal Contract Tower,0,1,27,0,28,0,2,91,0,93,0,3,118,0,121,140,0,140,261
07/08/2001,ALN,IL,AGL,CE,Federal Contract Tower,0,1,25,0,26,0,6,52,0,58,0,7,77,0,84,142,0,142,226
07/09/2001,ALN,IL,AGL,CE,Federal Contract Tower,0,1,49,0,50,0,2,92,0,94,0,3,141,0,144,148,0,148,292
07/10/2001,ALN,IL,AGL,CE,Federal Contract Tower,0,1,23,0,24,0,1,101,0,102,0,2,124,0,126,168,0,168,294
07/11/2001,ALN,IL,AGL,CE,Federal Contract Tower,0,2,65,0,67,0,0,84,0,84,0,2,149,0,151,184,0,184,335
07/12/2001,ALN,IL,AGL,CE,Federal Contract Tower,0,1,40,0,41,0,1,42,0,43,0,2,82,0,84,150,0,150,234
07/13/2001,ALN,IL,AGL,CE,Federal Contract Tower,0,1,42,0,43,0,3,70,0,73,0,4,112,0,116,179,0,179,295
07/14/2001,ALN,IL,AGL,CE,Federal Contract Tower,0,1,31,0,32,0,3,111,0,114,0,4,142,0,146,154,0,154,300
07/15/2001,ALN,IL,AGL,CE,Federal Contract Tower,0,0,29,0,29,0,0,103,0,103,0,0,132,0,132,154,0,154,286
07/16/2001,ALN,IL,AGL,CE,Federal Contract Tower,0,0,38,0,38,0,2,99,0,101,0,2,137,0,139,230,0,230,369
07/17/2001,ALN,IL,AGL,CE,Federal Contract Tower,0,1,56,2,59,0,3,80,0,83,0,4,136,2,142,128,34,162,304
07/18/2001,ALN,IL,AGL,CE,Federal Contract Tower,0,0,29,0,29,0,2,31,0,33,0,2,60,0,62,36,0,36,98
07/19/2001,ALN,IL,AGL,CE,Federal Contract Tower,0,0,24,0,24,0,4,16,0,20,0,4,40,0,44,36,0,36,80
07/20/2001,ALN,IL,AGL,CE,Federal Contract Tower,0,0,48,3,51,0,5,79,0,84,0,5,127,3,135,112,2,114,249
07/21/2001,ALN,IL,AGL,CE,Federal Contract Tower,0,0,19,0,19,0,0,63,0,63,0,0,82,0,82,126,0,126,208
07/22/2001,ALN,IL,AGL,CE,Federal Contract Tower,0,0,35,0,35,0,2,69,0,71,0,2,104,0,106,136,0,136,242
07/23/2001,ALN,IL,AGL,CE,Federal Contract Tower,0,1,81,8,90,0,1,20,2,23,0,2,101,10,113,124,62,186,299
07/24/2001,ALN,IL,AGL,CE,Federal Contract Tower,0,1,73,2,76,0,2,55,0,57,0,3,128,2,133,110,40,150,283
07/25/2001,ALN,IL,AGL,CE,Federal Contract Tower,0,1,67,7,75,0,3,74,14,91,0,4,141,21,166,144,60,204,370
07/26/2001,ALN,IL,AGL,CE,Federal Contract Tower,0,1,61,0,62,0,5,16,0,21,0,6,77,0,83,60,0,60,143
07/27/2001,ALN,IL,AGL,CE,Federal Contract Tower,0,0,45,3,48,0,3,36,0,39,0,3,81,3,87,105,8,113,200
07/28/2001,ALN,IL,AGL,CE,Federal Contract Tower,0,0,19,0,19,0,0,26,0,26,0,0,45,0,45,58,0,58,103
07/29/2001,ALN,IL,AGL,CE,Federal Contract Tower,0,0,36,0,36,0,0,106,0,106,0,0,142,0,142,188,0,188,330
07/30/2001,ALN,IL,AGL,CE,Federal Contract Tower,0,0,88,8,96,0,0,48,0,48,0,0,136,8,144,160,26,186,330
07/31/2001,ALN,IL,AGL,CE,Federal Contract Tower,0,0,33,3,36,0,2,64,3,69,0,2,97,6,105,114,6,120,225
08/01/2001,ALN,IL,AGL,CE,Federal Contract Tower,0,1,35,4,40,0,1,103,4,108,0,2,138,8,148,142,38,180,328
08/02/2001,ALN,IL,AGL,CE,Federal Contract Tower,0,2,41,3,46,0,2,71,3,76,0,4,112,6,122,148,22,170,292
08/03/2001,ALN,IL,AGL,CE,Federal Contract Tower,0,1,33,2,36,0,1,94,0,95,0,2,127,2,131,196,4,200,331
08/04/2001,ALN,IL,AGL,CE,Federal Contract Tower,0,2,66,0,68,0,0,55,0,55,0,2,121,0,123,140,0,140,263
08/05/2001,ALN,IL,AGL,CE,Federal Contract Tower,0,0,34,0,34,0,0,55,0,55,0,0,89,0,89,96,0,96,185
08/06/2001,ALN,IL,AGL,CE,Federal Contract Tower,0,2,41,3,46,0,4,74,4,82,0,6,115,7,128,182,24,206,334
08/07/2001,ALN,IL,AGL,CE,Federal Contract Tower,0,2,51,0,53,0,2,93,0,95,0,4,144,0,148,208,0,208,356
08/08/2001,ALN,IL,AGL,CE,Federal Contract Tower,0,2,58,5,65,0,2,78,3,83,0,4,136,8,148,184,36,220,368
08/09/2001,ALN,IL,AGL,CE,Federal Contract Tower,0,1,37,4,42,0,1,118,0,119,0,2,155,4,161,205,22,227,388
08/10/2001,ALN,IL,AGL,CE,Federal Contract Tower,0,2,78,2,82,0,2,69,0,71,0,4,147,2,153,144,10,154,307
08/11/2001,ALN,IL,AGL,CE,Federal Contract Tower,0,2,61,0,63,0,0,84,0,84,0,2,145,0,147,172,0,172,319
08/12/2001,ALN,IL,AGL,CE,Federal Contract Tower,0,1,24,0,25,0,10,111,0,121,0,11,135,0,146,108,0,108,254
08/13/2001,ALN,IL,AGL,CE,Federal Contract Tower,0,0,40,0,40,0,0,65,0,65,0,0,105,0,105,96,0,96,201
08/14/2001,ALN,IL,AGL,CE,Federal Contract Tower,0,1,33,0,34,0,4,83,0,87,0,5,116,0,121,203,0,203,324
08/15/2001,ALN,IL,AGL,CE,Federal Contract Tower,0,0,54,5,59,0,0,70,3,73,0,0,124,8,132,182,34,216,348
08/16/2001,ALN,IL,AGL,CE,Federal Contract Tower,0,2,44,0,46,0,1,69,0,70,0,3,113,0,116,112,0,112,228
08/17/2001,ALN,IL,AGL,CE,Federal Contract Tower,0,0,40,0,40,0,0,74,0,74,0,0,114,0,114,130,0,130,244
08/18/2001,ALN,IL,AGL,CE,Federal Contract Tower,0,1,36,0,37,0,6,54,0,60,0,7,90,0,97,66,0,66,163
08/19/2001,ALN,IL,AGL,CE,Federal Contract Tower,0,0,36,0,36,0,1,69,0,70,0,1,105,0,106,108,0,108,214
08/20/2001,ALN,IL,AGL,CE,Federal Contract Tower,0,0,34,0,34,0,0,64,0,64,0,0,98,0,98,162,0,162,260
08/21/2001,ALN,IL,AGL,CE,Federal Contract Tower,0,1,54,4,59,0,3,80,0,83,0,4,134,4,142,194,28,222,364
08/22/2001,ALN,IL,AGL,CE,Federal Contract Tower,0,0,51,4,55,0,0,64,0,64,0,0,115,4,119,116,22,138,257
08/23/2001,ALN,IL,AGL,CE,Federal Contract Tower,0,0,32,3,35,0,0,51,1,52,0,0,83,4,87,98,4,102,189
08/24/2001,ALN,IL,AGL,CE,Federal Contract Tower,0,0,34,2,36,0,3,6,0,9,0,3,40,2,45,52,2,54,99
08/25/2001,ALN,IL,AGL,CE,Federal Contract Tower,0,0,26,0,26,0,0,50,0,50,0,0,76,0,76,50,0,50,126
08/26/2001,ALN,IL,AGL,CE,Federal Contract Tower,0,0,29,0,29,0,0,54,0,54,0,0,83,0,83,166,0,166,249
08/27/2001,ALN,IL,AGL,CE,Federal Contract Tower,0,1,46,4,51,0,0,76,0,76,0,1,122,4,127,170,20,190,317
08/28/2001,ALN,IL,AGL,CE,Federal Contract Tower,0,1,42,4,47,0,1,103,20,124,0,2,145,24,171,144,64,208,379
08/29/2001,ALN,IL,AGL,CE,Federal Contract Tower,0,0,31,3,34,0,0,121,15,136,0,0,152,18,170,136,44,180,350
08/30/2001,ALN,IL,AGL,CE,Federal Contract Tower,0,0,26,2,28,0,0,48,10,58,0,0,74,12,86,68,34,102,188
08/31/2001,ALN,IL,AGL,CE,Federal Contract Tower,0,1,57,5,63,0,2,30,13,45,0,3,87,18,108,72,34,106,214
09/01/2001,ALN,IL,AGL,CE,Federal Contract Tower,0,1,32,0,33,0,0,74,0,74,0,1,106,0,107,96,0,96,203
09/02/2001,ALN,IL,AGL,CE,Federal Contract Tower,0,0,15,0,15,0,4,53,0,57,0,4,68,0,72,54,0,54,126
09/03/2001,ALN,IL,AGL,CE,Federal Contract Tower,0,0,18,0,18,0,2,51,0,53,0,2,69,0,71,82,0,82,153
09/04/2001,ALN,IL,AGL,CE,Federal Contract Tower,0,0,39,2,41,0,0,81,8,89,0,0,120,10,130,126,50,176,306
09/05/2001,ALN,IL,AGL,CE,Federal Contract Tower,0,1,36,0,37,0,1,100,0,101,0,2,136,0,138,148,0,148,286
09/06/2001,ALN,IL,AGL,CE,Federal Contract Tower,0,2,46,2,50,0,1,42,2,45,0,3,88,4,95,82,14,96,191
09/07/2001,ALN,IL,AGL,CE,Federal Contract Tower,0,1,34,3,38,0,5,88,1,94,0,6,122,4,132,150,8,158,290
09/08/2001,ALN,IL,AGL,CE,Federal Contract Tower,0,1,22,0,23,0,5,106,0,111,0,6,128,0,134,154,0,154,288
09/09/2001,ALN,IL,AGL,CE,Federal Contract Tower,0,0,19,0,19,0,0,19,0,19,0,0,38,0,38,22,0,22,60
09/10/2001,ALN,IL,AGL,CE,Federal Contract Tower,0,2,52,0,54,0,4,138,0,142,0,6,190,0,196,218,0,218,414
09/11/2001,ALN,IL,AGL,CE,Federal Contract Tower,0,0,14,0,14,0,1,5,0,6,0,1,19,0,20,6,0,6,26
09/12/2001,ALN,IL,AGL,CE,Federal Contract Tower,0,0,0,0,0,0,0,0,0,0,0,0,0,0,0,0,0,0,0
09/13/2001,ALN,IL,AGL,CE,Federal Contract Tower,0,1,0,0,1,0,0,0,0,0,0,1,0,0,1,0,0,0,1
09/14/2001,ALN,IL,AGL,CE,Federal Contract Tower,0,1,7,0,8,0,3,0,2,5,0,4,7,2,13,0,2,2,15
09/15/2001,ALN,IL,AGL,CE,Federal Contract Tower,0,1,19,0,20,0,3,0,0,3,0,4,19,0,23,24,0,24,47
09/16/2001,ALN,IL,AGL,CE,Federal Contract Tower,0,1,19,0,20,0,0,7,0,7,0,1,26,0,27,28,0,28,55
09/17/2001,ALN,IL,AGL,CE,Federal Contract Tower,0,1,28,2,31,0,0,0,0,0,0,1,28,2,31,18,28,46,77
09/18/2001,ALN,IL,AGL,CE,Federal Contract Tower,0,2,22,0,24,0,0,0,0,0,0,2,22,0,24,16,0,16,40
09/19/2001,ALN,IL,AGL,CE,Federal Contract Tower,0,2,31,0,33,0,3,0,0,3,0,5,31,0,36,16,0,16,52
09/20/2001,ALN,IL,AGL,CE,Federal Contract Tower,1,3,50,2,56,8,2,0,0,10,9,5,50,2,66,24,4,28,94
09/21/2001,ALN,IL,AGL,CE,Federal Contract Tower,1,2,37,2,42,21,0,0,0,21,22,2,37,2,63,4,8,12,75
09/22/2001,ALN,IL,AGL,CE,Federal Contract Tower,0,0,56,4,60,0,0,44,2,46,0,0,100,6,106,132,12,144,250
09/23/2001,ALN,IL,AGL,CE,Federal Contract Tower,0,1,46,0,47,0,0,7,0,7,0,1,53,0,54,90,0,90,144
09/24/2001,ALN,IL,AGL,CE,Federal Contract Tower,0,2,75,5,82,0,0,0,3,3,0,2,75,8,85,92,34,126,211
09/25/2001,ALN,IL,AGL,CE,Federal Contract Tower,1,3,55,3,62,1,5,32,0,38,2,8,87,3,100,82,6,88,188
09/26/2001,ALN,IL,AGL,CE,Federal Contract Tower,1,2,45,0,48,2,0,74,0,76,3,2,119,0,124,146,0,146,270
09/27/2001,ALN,IL,AGL,CE,Federal Contract Tower,0,3,54,0,57,0,1,72,0,73,0,4,126,0,130,178,0,178,308
09/28/2001,ALN,IL,AGL,CE,Federal Contract Tower,0,2,42,3,47,0,0,60,5,65,0,2,102,8,112,168,8,176,288
09/29/2001,ALN,IL,AGL,CE,Federal Contract Tower,0,2,68,0,70,0,0,17,0,17,0,2,85,0,87,164,0,164,251
09/30/2001,ALN,IL,AGL,CE,Federal Contract Tower,0,1,35,0,36,0,1,41,0,42,0,2,76,0,78,68,0,68,146
10/01/2001,ALN,IL,AGL,CE,Federal Contract Tower,0,2,51,4,57,0,2,44,9,55,0,4,95,13,112,114,22,136,248
10/02/2001,ALN,IL,AGL,CE,Federal Contract Tower,0,3,39,0,42,0,2,66,0,68,0,5,105,0,110,166,0,166,276
10/03/2001,ALN,IL,AGL,CE,Federal Contract Tower,0,2,54,3,59,0,2,68,7,77,0,4,122,10,136,192,20,212,348
10/04/2001,ALN,IL,AGL,CE,Federal Contract Tower,3,2,48,0,53,7,2,54,0,63,10,4,102,0,116,184,0,184,300
10/05/2001,ALN,IL,AGL,CE,Federal Contract Tower,0,0,26,0,26,0,0,0,0,0,0,0,26,0,26,28,0,28,54
10/06/2001,ALN,IL,AGL,CE,Federal Contract Tower,2,2,76,0,80,0,0,60,0,60,2,2,136,0,140,284,0,284,424
10/07/2001,ALN,IL,AGL,CE,Federal Contract Tower,0,0,37,2,39,0,0,17,0,17,0,0,54,2,56,66,6,72,128
10/08/2001,ALN,IL,AGL,CE,Federal Contract Tower,0,1,31,0,32,0,1,68,0,69,0,2,99,0,101,134,0,134,235
10/09/2001,ALN,IL,AGL,CE,Federal Contract Tower,0,2,27,0,29,0,2,76,0,78,0,4,103,0,107,121,0,121,228
10/10/2001,ALN,IL,AGL,CE,Federal Contract Tower,0,1,24,0,25,0,1,65,0,66,0,2,89,0,91,78,0,78,169
10/11/2001,ALN,IL,AGL,CE,Federal Contract Tower,0,1,28,0,29,0,2,4,0,6,0,3,32,0,35,30,0,30,65
10/12/2001,ALN,IL,AGL,CE,Federal Contract Tower,0,0,44,0,44,0,0,10,0,10,0,0,54,0,54,26,0,26,80
10/13/2001,ALN,IL,AGL,CE,Federal Contract Tower,0,0,5,0,5,0,0,2,0,2,0,0,7,0,7,2,0,2,9
10/14/2001,ALN,IL,AGL,CE,Federal Contract Tower,0,2,27,0,29,0,2,11,0,13,0,4,38,0,42,44,0,44,86
10/15/2001,ALN,IL,AGL,CE,Federal Contract Tower,0,1,30,0,31,0,2,76,0,78,0,3,106,0,109,164,0,164,273
10/16/2001,ALN,IL,AGL,CE,Federal Contract Tower,0,3,40,3,46,0,9,92,3,104,0,12,132,6,150,187,28,215,365
10/17/2001,ALN,IL,AGL,CE,Federal Contract Tower,0,3,48,2,53,0,3,125,0,128,0,6,173,2,181,301,8,309,490
10/18/2001,ALN,IL,AGL,CE,Federal Contract Tower,0,3,38,2,43,0,0,110,0,110,0,3,148,2,153,179,2,181,334
10/19/2001,ALN,IL,AGL,CE,Federal Contract Tower,0,0,41,0,41,0,0,83,0,83,0,0,124,0,124,148,0,148,272
10/20/2001,ALN,IL,AGL,CE,Federal Contract Tower,0,2,25,0,27,0,0,105,0,105,0,2,130,0,132,196,0,196,328
10/21/2001,ALN,IL,AGL,CE,Federal Contract Tower,0,1,24,0,25,0,0,98,0,98,0,1,122,0,123,184,0,184,307
10/22/2001,ALN,IL,AGL,CE,Federal Contract Tower,0,1,32,0,33,1,1,110,0,112,1,2,142,0,145,202,0,202,347
10/23/2001,ALN,IL,AGL,CE,Federal Contract Tower,0,2,28,2,32,1,0,71,0,72,1,2,99,2,104,94,10,104,208
10/24/2001,ALN,IL,AGL,CE,Federal Contract Tower,0,2,28,2,32,0,0,8,0,8,0,2,36,2,40,42,4,46,86
10/25/2001,ALN,IL,AGL,CE,Federal Contract Tower,0,1,22,2,25,0,1,3,8,12,0,2,25,10,37,34,20,54,91
10/26/2001,ALN,IL,AGL,CE,Federal Contract Tower,1,2,44,1,48,7,2,67,0,76,8,4,111,1,124,104,18,122,246
10/27/2001,ALN,IL,AGL,CE,Federal Contract Tower,0,2,37,2,41,4,2,111,0,117,4,4,148,2,158,232,10,242,400
10/28/2001,ALN,IL,AGL,CE,Federal Contract Tower,0,2,46,3,51,0,2,84,7,93,0,4,130,10,144,222,32,254,398
10/29/2001,ALN,IL,AGL,CE,Federal Contract Tower,0,1,33,3,37,0,4,94,6,104,0,5,127,9,141,164,34,198,339
10/30/2001,ALN,IL,AGL,CE,Federal Contract Tower,0,2,55,2,59,0,0,105,0,105,0,2,160,2,164,218,24,242,406
10/31/2001,ALN,IL,AGL,CE,Federal Contract Tower,0,3,60,2,65,0,3,82,0,85,0,6,142,2,150,136,28,164,314
11/01/2001,ALN,IL,AGL,CE,Federal Contract Tower,0,1,23,4,28,0,1,25,2,28,0,2,48,6,56,38,14,52,108
11/02/2001,ALN,IL,AGL,CE,Federal Contract Tower,0,2,34,0,36,0,4,108,0,112,0,6,142,0,148,220,0,220,368
11/03/2001,ALN,IL,AGL,CE,Federal Contract Tower,0,0,23,4,27,0,0,135,0,135,0,0,158,4,162,146,4,150,312
11/04/2001,ALN,IL,AGL,CE,Federal Contract Tower,0,1,27,2,30,0,0,112,0,112,0,1,139,2,142,142,8,150,292
11/05/2001,ALN,IL,AGL,CE,Federal Contract Tower,0,2,47,7,56,0,5,91,9,105,0,7,138,16,161,132,30,162,323
11/06/2001,ALN,IL,AGL,CE,Federal Contract Tower,0,5,121,8,134,0,0,39,0,39,0,5,160,8,173,122,52,174,347
11/07/2001,ALN,IL,AGL,CE,Federal Contract Tower,0,3,78,4,85,0,1,66,0,67,0,4,144,4,152,136,44,180,332
11/08/2001,ALN,IL,AGL,CE,Federal Contract Tower,0,2,44,0,46,0,0,19,0,19,0,2,63,0,65,64,0,64,129
11/09/2001,ALN,IL,AGL,CE,Federal Contract Tower,0,1,25,2,28,0,1,119,0,120,0,2,144,2,148,152,18,170,318
11/10/2001,ALN,IL,AGL,CE,Federal Contract Tower,0,1,26,0,27,0,1,131,0,132,0,2,157,0,159,150,0,150,309
11/11/2001,ALN,IL,AGL,CE,Federal Contract Tower,0,0,19,0,19,0,0,83,0,83,0,0,102,0,102,98,0,98,200
11/12/2001,ALN,IL,AGL,CE,Federal Contract Tower,0,2,80,0,82,0,0,68,0,68,0,2,148,0,150,152,0,152,302
11/13/2001,ALN,IL,AGL,CE,Federal Contract Tower,0,3,63,4,70,0,0,75,0,75,0,3,138,4,145,160,34,194,339
11/14/2001,ALN,IL,AGL,CE,Federal Contract Tower,0,0,53,0,53,0,0,54,0,54,0,0,107,0,107,98,0,98,205
11/15/2001,ALN,IL,AGL,CE,Federal Contract Tower,0,2,48,7,57,0,4,72,2,78,0,6,120,9,135,124,28,152,287
11/16/2001,ALN,IL,AGL,CE,Federal Contract Tower,0,2,70,8,80,0,0,95,0,95,0,2,165,8,175,256,62,318,493
11/17/2001,ALN,IL,AGL,CE,Federal Contract Tower,0,1,37,4,42,0,1,118,0,119,0,2,155,4,161,212,12,224,385
11/18/2001,ALN,IL,AGL,CE,Federal Contract Tower,0,0,39,0,39,0,0,18,0,18,0,0,57,0,57,96,0,96,153
11/19/2001,ALN,IL,AGL,CE,Federal Contract Tower,0,1,24,4,29,0,1,0,0,1,0,2,24,4,30,26,30,56,86
11/20/2001,ALN,IL,AGL,CE,Federal Contract Tower,0,1,42,0,43,0,2,90,0,92,0,3,132,0,135,138,0,138,273
11/21/2001,ALN,IL,AGL,CE,Federal Contract Tower,0,1,31,0,32,0,3,80,0,83,0,4,111,0,115,74,0,74,189
11/22/2001,ALN,IL,AGL,CE,Federal Contract Tower,0,0,19,0,19,0,2,29,0,31,0,2,48,0,50,64,0,64,114
11/23/2001,ALN,IL,AGL,CE,Federal Contract Tower,0,0,18,0,18,0,2,24,0,26,0,2,42,0,44,68,0,68,112
11/24/2001,ALN,IL,AGL,CE,Federal Contract Tower,0,0,11,0,11,0,1,0,0,1,0,1,11,0,12,10,0,10,22
11/25/2001,ALN,IL,AGL,CE,Federal Contract Tower,0,0,24,0,24,0,4,74,0,78,0,4,98,0,102,80,0,80,182
11/26/2001,ALN,IL,AGL,CE,Federal Contract Tower,0,0,16,2,18,0,4,27,0,31,0,4,43,2,49,68,2,70,119
11/27/2001,ALN,IL,AGL,CE,Federal Contract Tower,0,1,47,7,55,0,3,84,1,88,0,4,131,8,143,140,44,184,327
11/28/2001,ALN,IL,AGL,CE,Federal Contract Tower,0,0,21,0,21,0,4,9,0,13,0,4,30,0,34,0,0,0,34
11/29/2001,ALN,IL,AGL,CE,Federal Contract Tower,0,0,6,1,7,0,0,0,1,1,0,0,6,2,8,6,18,24,32
11/30/2001,ALN,IL,AGL,CE,Federal Contract Tower,0,1,54,4,59,0,2,24,0,26,0,3,78,4,85,102,22,124,209
12/01/2001,ALN,IL,AGL,CE,Federal Contract Tower,0,1,30,0,31,0,0,125,0,125,0,1,155,0,156,162,0,162,318
12/02/2001,ALN,IL,AGL,CE,Federal Contract Tower,0,0,31,0,31,0,0,93,0,93,0,0,124,0,124,152,0,152,276
12/03/2001,ALN,IL,AGL,CE,Federal Contract Tower,0,0,35,0,35,2,0,69,0,71,2,0,104,0,106,126,0,126,232
12/04/2001,ALN,IL,AGL,CE,Federal Contract Tower,0,3,51,0,54,0,1,71,0,72,0,4,122,0,126,184,0,184,310
12/05/2001,ALN,IL,AGL,CE,Federal Contract Tower,0,2,36,2,40,0,2,80,0,82,0,4,116,2,122,192,2,194,316
12/06/2001,ALN,IL,AGL,CE,Federal Contract Tower,0,1,51,2,54,0,0,40,0,40,0,1,91,2,94,97,8,105,199
12/07/2001,ALN,IL,AGL,CE,Federal Contract Tower,0,1,42,3,46,0,0,17,3,20,0,1,59,6,66,54,24,78,144
12/08/2001,ALN,IL,AGL,CE,Federal Contract Tower,0,2,34,0,36,0,0,24,0,24,0,2,58,0,60,48,0,48,108
12/09/2001,ALN,IL,AGL,CE,Federal Contract Tower,0,0,34,0,34,0,0,70,0,70,0,0,104,0,104,130,0,130,234
12/10/2001,ALN,IL,AGL,CE,Federal Contract Tower,0,0,43,0,43,0,0,91,0,91,0,0,134,0,134,156,0,156,290
12/11/2001,ALN,IL,AGL,CE,Federal Contract Tower,0,3,52,3,58,0,1,74,5,80,0,4,126,8,138,184,24,208,346
12/12/2001,ALN,IL,AGL,CE,Federal Contract Tower,0,2,31,0,33,0,0,0,0,0,0,2,31,0,33,34,0,34,67
12/13/2001,ALN,IL,AGL,CE,Federal Contract Tower,0,4,43,4,51,0,0,0,2,2,0,4,43,6,53,60,40,100,153
12/14/2001,ALN,IL,AGL,CE,Federal Contract Tower,0,2,32,0,34,0,0,9,0,9,0,2,41,0,43,26,0,26,69
12/15/2001,ALN,IL,AGL,CE,Federal Contract Tower,0,2,30,0,32,0,0,46,0,46,0,2,76,0,78,108,0,108,186
12/16/2001,ALN,IL,AGL,CE,Federal Contract Tower,0,1,10,0,11,0,0,0,0,0,0,1,10,0,11,20,0,20,31
12/17/2001,ALN,IL,AGL,CE,Federal Contract Tower,0,0,20,0,20,0,1,0,0,1,0,1,20,0,21,28,0,28,49
12/18/2001,ALN,IL,AGL,CE,Federal Contract Tower,0,2,51,0,53,0,4,123,0,127,0,6,174,0,180,232,0,232,412
12/19/2001,ALN,IL,AGL,CE,Federal Contract Tower,0,1,41,0,42,0,4,39,0,43,0,5,80,0,85,88,0,88,173
12/20/2001,ALN,IL,AGL,CE,Federal Contract Tower,0,2,66,4,72,0,2,54,5,61,0,4,120,9,133,126,22,148,281
12/21/2001,ALN,IL,AGL,CE,Federal Contract Tower,0,2,67,0,69,0,1,83,0,84,0,3,150,0,153,178,0,178,331
12/22/2001,ALN,IL,AGL,CE,Federal Contract Tower,0,0,3,0,3,0,0,7,0,7,0,0,10,0,10,10,0,10,20
12/23/2001,ALN,IL,AGL,CE,Federal Contract Tower,0,0,10,0,10,0,0,22,0,22,0,0,32,0,32,38,0,38,70
12/24/2001,ALN,IL,AGL,CE,Federal Contract Tower,0,0,5,0,5,0,0,32,0,32,0,0,37,0,37,18,0,18,55
12/25/2001,ALN,IL,AGL,CE,Federal Contract Tower,0,0,0,0,0,0,0,20,0,20,0,0,20,0,20,10,0,10,30
12/26/2001,ALN,IL,AGL,CE,Federal Contract Tower,0,0,21,0,21,0,5,79,0,84,0,5,100,0,105,90,0,90,195
12/27/2001,ALN,IL,AGL,CE,Federal Contract Tower,0,2,67,0,69,0,2,23,0,25,0,4,90,0,94,94,0,94,188
12/28/2001,ALN,IL,AGL,CE,Federal Contract Tower,0,2,50,0,52,0,2,46,0,48,0,4,96,0,100,128,0,128,228
12/29/2001,ALN,IL,AGL,CE,Federal Contract Tower,0,0,21,0,21,0,0,63,0,63,0,0,84,0,84,106,0,106,190
12/30/2001,ALN,IL,AGL,CE,Federal Contract Tower,0,0,14,0,14,0,0,57,0,57,0,0,71,0,71,92,0,92,163
12/31/2001,ALN,IL,AGL,CE,Federal Contract Tower,0,1,37,0,38,0,5,81,0,86,0,6,118,0,124,126,0,126,250
01/01/2002,ALN,IL,AGL,CE,Federal Contract Tower,0,0,9,0,9,0,0,22,0,22,0,0,31,0,31,18,0,18,49
01/02/2002,ALN,IL,AGL,CE,Federal Contract Tower,0,3,43,0,46,0,0,76,0,76,0,3,119,0,122,130,0,130,252
01/03/2002,ALN,IL,AGL,CE,Federal Contract Tower,0,0,26,0,26,0,0,87,0,87,0,0,113,0,113,120,0,120,233
01/04/2002,ALN,IL,AGL,CE,Federal Contract Tower,0,0,32,0,32,0,0,78,0,78,0,0,110,0,110,112,0,112,222
01/05/2002,ALN,IL,AGL,CE,Federal Contract Tower,0,1,18,0,19,0,1,64,0,65,0,2,82,0,84,108,0,108,192
01/06/2002,ALN,IL,AGL,CE,Federal Contract Tower,0,1,3,0,4,0,0,0,0,0,0,1,3,0,4,0,0,0,4
01/07/2002,ALN,IL,AGL,CE,Federal Contract Tower,0,0,44,0,44,0,0,21,0,21,0,0,65,0,65,86,0,86,151
01/08/2002,ALN,IL,AGL,CE,Federal Contract Tower,0,3,52,0,55,0,1,83,0,84,0,4,135,0,139,106,0,106,245
01/09/2002,ALN,IL,AGL,CE,Federal Contract Tower,0,3,47,0,50,0,4,94,0,98,0,7,141,0,148,122,0,122,270
01/10/2002,ALN,IL,AGL,CE,Federal Contract Tower,0,2,34,2,38,0,2,94,2,98,0,4,128,4,136,116,12,128,264
01/11/2002,ALN,IL,AGL,CE,Federal Contract Tower,0,1,48,2,51,0,2,89,2,93,0,3,137,4,144,104,28,132,276
01/12/2002,ALN,IL,AGL,CE,Federal Contract Tower,0,0,27,0,27,0,2,97,0,99,0,2,124,0,126,108,0,108,234
01/13/2002,ALN,IL,AGL,CE,Federal Contract Tower,0,1,37,0,38,0,0,54,0,54,0,1,91,0,92,90,0,90,182
01/14/2002,ALN,IL,AGL,CE,Federal Contract Tower,0,0,24,2,26,0,0,0,2,2,0,0,24,4,28,10,18,28,56
01/15/2002,ALN,IL,AGL,CE,Federal Contract Tower,0,1,52,0,53,0,6,88,0,94,0,7,140,0,147,122,0,122,269
01/16/2002,ALN,IL,AGL,CE,Federal Contract Tower,0,0,23,0,23,0,5,47,0,52,0,5,70,0,75,50,0,50,125
01/17/2002,ALN,IL,AGL,CE,Federal Contract Tower,0,1,53,0,54,0,2,55,0,57,0,3,108,0,111,168,0,168,279
01/18/2002,ALN,IL,AGL,CE,Federal Contract Tower,0,1,36,1,38,0,1,78,9,88,0,2,114,10,126,122,30,152,278
01/19/2002,ALN,IL,AGL,CE,Federal Contract Tower,0,0,8,0,8,0,2,6,0,8,0,2,14,0,16,24,0,24,40
01/20/2002,ALN,IL,AGL,CE,Federal Contract Tower,0,0,27,0,27,0,3,41,0,44,0,3,68,0,71,56,0,56,127
01/21/2002,ALN,IL,AGL,CE,Federal Contract Tower,0,0,26,0,26,0,8,85,0,93,0,8,111,0,119,70,0,70,189
01/22/2002,ALN,IL,AGL,CE,Federal Contract Tower,0,1,35,1,37,0,5,72,1,78,0,6,107,2,115,72,8,80,195
01/23/2002,ALN,IL,AGL,CE,Federal Contract Tower,0,1,54,3,58,1,3,70,9,83,1,4,124,12,141,106,42,148,289
01/24/2002,ALN,IL,AGL,CE,Federal Contract Tower,0,2,69,3,74,0,2,67,3,72,0,4,136,6,146,188,30,218,364
01/25/2002,ALN,IL,AGL,CE,Federal Contract Tower,0,2,86,2,90,0,0,91,0,91,0,2,177,2,181,204,6,210,391
01/26/2002,ALN,IL,AGL,CE,Federal Contract Tower,0,0,73,0,73,0,0,121,0,121,0,0,194,0,194,244,0,244,438
01/27/2002,ALN,IL,AGL,CE,Federal Contract Tower,0,1,36,0,37,0,4,67,0,71,0,5,103,0,108,90,0,90,198
01/28/2002,ALN,IL,AGL,CE,Federal Contract Tower,0,1,45,2,48,0,0,81,7,88,0,1,126,9,136,78,28,106,242
01/29/2002,ALN,IL,AGL,CE,Federal Contract Tower,0,0,24,0,24,0,4,30,0,34,0,4,54,0,58,46,0,46,104
01/30/2002,ALN,IL,AGL,CE,Federal Contract Tower,0,0,10,0,10,0,2,16,0,18,0,2,26,0,28,12,0,12,40
01/31/2002,ALN,IL,AGL,CE,Federal Contract Tower,0,0,7,0,7,0,1,0,0,1,0,1,7,0,8,0,0,0,8
02/01/2002,ALN,IL,AGL,CE,Federal Contract Tower,1,1,43,0,45,1,1,36,0,38,2,2,79,0,83,64,0,64,147
02/02/2002,ALN,IL,AGL,CE,Federal Contract Tower,0,3,48,0,51,0,3,112,0,115,0,6,160,0,166,164,0,164,330
02/03/2002,ALN,IL,AGL,CE,Federal Contract Tower,0,1,26,0,27,0,1,45,0,46,0,2,71,0,73,82,0,82,155
02/04/2002,ALN,IL,AGL,CE,Federal Contract Tower,1,2,45,0,48,1,4,63,0,68,2,6,108,0,116,114,0,114,230
02/05/2002,ALN,IL,AGL,CE,Federal Contract Tower,0,1,42,0,43,0,0,88,0,88,0,1,130,0,131,148,0,148,279
02/06/2002,ALN,IL,AGL,CE,Federal Contract Tower,0,2,42,0,44,0,0,65,0,65,0,2,107,0,109,134,0,134,243
02/07/2002,ALN,IL,AGL,CE,Federal Contract Tower,0,1,51,0,52,0,0,79,0,79,0,1,130,0,131,136,0,136,267
02/08/2002,ALN,IL,AGL,CE,Federal Contract Tower,0,3,47,2,52,0,3,105,1,109,0,6,152,3,161,102,12,114,275
02/09/2002,ALN,IL,AGL,CE,Federal Contract Tower,0,2,22,0,24,0,0,14,0,14,0,2,36,0,38,40,0,40,78
02/10/2002,ALN,IL,AGL,CE,Federal Contract Tower,0,0,7,0,7,0,0,9,0,9,0,0,16,0,16,6,0,6,22
02/11/2002,ALN,IL,AGL,CE,Federal Contract Tower,0,2,49,3,54,2,0,63,5,70,2,2,112,8,124,110,28,138,262
02/12/2002,ALN,IL,AGL,CE,Federal Contract Tower,0,2,34,2,38,0,0,91,4,95,0,2,125,6,133,106,14,120,253
02/13/2002,ALN,IL,AGL,CE,Federal Contract Tower,0,2,37,0,39,0,2,94,0,96,0,4,131,0,135,144,0,144,279
02/14/2002,ALN,IL,AGL,CE,Federal Contract Tower,0,3,65,2,70,0,1,45,0,46,0,4,110,2,116,102,4,106,222
02/15/2002,ALN,IL,AGL,CE,Federal Contract Tower,0,1,58,0,59,0,0,26,0,26,0,1,84,0,85,104,0,104,189
02/16/2002,ALN,IL,AGL,CE,Federal Contract Tower,0,2,40,0,42,0,0,66,0,66,0,2,106,0,108,144,0,144,252
02/17/2002,ALN,IL,AGL,CE,Federal Contract Tower,0,0,31,0,31,0,0,95,0,95,0,0,126,0,126,164,0,164,290
02/18/2002,ALN,IL,AGL,CE,Federal Contract Tower,0,0,22,0,22,0,6,69,0,75,0,6,91,0,97,58,0,58,155
02/19/2002,ALN,IL,AGL,CE,Federal Contract Tower,0,1,29,0,30,0,1,3,0,4,0,2,32,0,34,16,0,16,50
02/20/2002,ALN,IL,AGL,CE,Federal Contract Tower,0,1,33,3,37,0,1,0,5,6,0,2,33,8,43,26,32,58,101
02/21/2002,ALN,IL,AGL,CE,Federal Contract Tower,0,1,28,1,30,0,0,30,11,41,0,1,58,12,71,34,12,46,117
02/22/2002,ALN,IL,AGL,CE,Federal Contract Tower,0,2,51,3,56,0,4,101,3,108,0,6,152,6,164,130,16,146,310
02/23/2002,ALN,IL,AGL,CE,Federal Contract Tower,0,1,38,0,39,0,0,92,0,92,0,1,130,0,131,146,0,146,277
02/24/2002,ALN,IL,AGL,CE,Federal Contract Tower,0,0,20,0,20,0,4,48,0,52,0,4,68,0,72,48,0,48,120
02/25/2002,ALN,IL,AGL,CE,Federal Contract Tower,0,0,23,1,24,0,0,7,1,8,0,0,30,2,32,30,8,38,70
02/26/2002,ALN,IL,AGL,CE,Federal Contract Tower,0,0,9,0,9,0,5,0,0,5,0,5,9,0,14,4,0,4,18
02/27/2002,ALN,IL,AGL,CE,Federal Contract Tower,0,1,45,3,49,0,1,37,1,39,0,2,82,4,88,92,10,102,190
02/28/2002,ALN,IL,AGL,CE,Federal Contract Tower,0,2,53,3,58,0,0,77,3,80,0,2,130,6,138,128,20,148,286
03/01/2002,ALN,IL,AGL,CE,Federal Contract Tower,0,0,27,3,30,0,1,54,0,55,0,1,81,3,85,96,6,102,187
03/02/2002,ALN,IL,AGL,CE,Federal Contract Tower,0,0,1,0,1,0,0,4,0,4,0,0,5,0,5,8,0,8,13
03/03/2002,ALN,IL,AGL,CE,Federal Contract Tower,0,0,5,0,5,0,0,7,0,7,0,0,12,0,12,4,0,4,16
03/04/2002,ALN,IL,AGL,CE,Federal Contract Tower,0,0,30,0,30,0,1,0,0,1,0,1,30,0,31,30,0,30,61
03/05/2002,ALN,IL,AGL,CE,Federal Contract Tower,0,2,57,5,64,0,1,41,3,45,0,3,98,8,109,102,26,128,237
03/06/2002,ALN,IL,AGL,CE,Federal Contract Tower,1,0,22,1,24,3,4,65,5,77,4,4,87,6,101,120,14,134,235
03/07/2002,ALN,IL,AGL,CE,Federal Contract Tower,1,2,45,3,51,1,0,63,11,75,2,2,108,14,126,134,46,180,306
03/08/2002,ALN,IL,AGL,CE,Federal Contract Tower,1,0,32,3,36,3,2,20,3,28,4,2,52,6,64,30,14,44,108
03/09/2002,ALN,IL,AGL,CE,Federal Contract Tower,1,0,4,0,5,0,0,2,0,2,1,0,6,0,7,0,0,0,7
03/10/2002,ALN,IL,AGL,CE,Federal Contract Tower,0,0,45,0,45,0,0,84,0,84,0,0,129,0,129,174,0,174,303
03/11/2002,ALN,IL,AGL,CE,Federal Contract Tower,0,0,52,5,57,0,0,50,11,61,0,0,102,16,118,152,36,188,306
03/12/2002,ALN,IL,AGL,CE,Federal Contract Tower,0,1,31,4,36,0,2,36,0,38,0,3,67,4,74,116,6,122,196
03/13/2002,ALN,IL,AGL,CE,Federal Contract Tower,0,2,57,6,65,0,2,58,27,87,0,4,115,33,152,128,86,214,366
03/14/2002,ALN,IL,AGL,CE,Federal Contract Tower,0,1,29,0,30,1,3,77,0,81,1,4,106,0,111,98,0,98,209
03/15/2002,ALN,IL,AGL,CE,Federal Contract Tower,0,0,33,0,33,0,0,25,0,25,0,0,58,0,58,96,0,96,154
03/16/2002,ALN,IL,AGL,CE,Federal Contract Tower,0,1,34,0,35,0,0,39,0,39,0,1,73,0,74,100,0,100,174
03/17/2002,ALN,IL,AGL,CE,Federal Contract Tower,0,0,40,2,42,0,0,0,0,0,0,0,40,2,42,90,0,90,132
03/18/2002,ALN,IL,AGL,CE,Federal Contract Tower,0,2,42,0,44,0,0,52,0,52,0,2,94,0,96,98,0,98,194
03/19/2002,ALN,IL,AGL,CE,Federal Contract Tower,0,1,38,2,41,0,0,3,0,3,0,1,41,2,44,38,0,38,82
03/20/2002,ALN,IL,AGL,CE,Federal Contract Tower,0,1,33,2,36,0,3,32,0,35,0,4,65,2,71,58,0,58,129
03/21/2002,ALN,IL,AGL,CE,Federal Contract Tower,0,1,23,3,27,0,3,33,1,37,0,4,56,4,64,82,8,90,154
03/22/2002,ALN,IL,AGL,CE,Federal Contract Tower,0,2,59,4,65,0,6,104,0,110,0,8,163,4,175,148,18,166,341
03/23/2002,ALN,IL,AGL,CE,Federal Contract Tower,0,3,69,0,72,0,1,132,0,133,0,4,201,0,205,232,0,232,437
03/24/2002,ALN,IL,AGL,CE,Federal Contract Tower,0,0,23,0,23,0,0,16,0,16,0,0,39,0,39,48,0,48,87
03/25/2002,ALN,IL,AGL,CE,Federal Contract Tower,0,0,9,0,9,0,0,0,0,0,0,0,9,0,9,0,0,0,9
03/26/2002,ALN,IL,AGL,CE,Federal Contract Tower,0,0,29,3,32,0,10,17,1,28,0,10,46,4,60,34,22,56,116
03/27/2002,ALN,IL,AGL,CE,Federal Contract Tower,0,0,32,0,32,0,6,106,0,112,0,6,138,0,144,184,0,184,328
03/28/2002,ALN,IL,AGL,CE,Federal Contract Tower,0,0,32,2,34,0,3,90,0,93,0,3,122,2,127,110,0,110,237
03/29/2002,ALN,IL,AGL,CE,Federal Contract Tower,0,0,36,2,38,0,2,67,0,69,0,2,103,2,107,158,10,168,275
03/30/2002,ALN,IL,AGL,CE,Federal Contract Tower,0,0,32,0,32,0,5,116,0,121,0,5,148,0,153,178,0,178,331
03/31/2002,ALN,IL,AGL,CE,Federal Contract Tower,0,0,19,0,19,0,2,27,0,29,0,2,46,0,48,50,0,50,98
04/01/2002,ALN,IL,AGL,CE,Federal Contract Tower,0,1,25,2,28,0,1,73,0,74,0,2,98,2,102,136,8,144,246
04/02/2002,ALN,IL,AGL,CE,Federal Contract Tower,0,1,39,0,40,0,1,47,0,48,0,2,86,0,88,74,0,74,162
04/03/2002,ALN,IL,AGL,CE,Federal Contract Tower,0,1,34,0,35,0,5,90,0,95,0,6,124,0,130,104,0,104,234
04/04/2002,ALN,IL,AGL,CE,Federal Contract Tower,0,1,35,0,36,0,0,112,0,112,0,1,147,0,148,178,0,178,326
04/05/2002,ALN,IL,AGL,CE,Federal Contract Tower,0,1,37,0,38,0,2,109,0,111,0,3,146,0,149,196,0,196,345
04/06/2002,ALN,IL,AGL,CE,Federal Contract Tower,0,0,47,0,47,0,0,76,0,76,0,0,123,0,123,158,0,158,281
04/07/2002,ALN,IL,AGL,CE,Federal Contract Tower,0,1,27,0,28,0,1,54,0,55,0,2,81,0,83,96,0,96,179
04/08/2002,ALN,IL,AGL,CE,Federal Contract Tower,0,0,25,2,27,0,0,16,2,18,0,0,41,4,45,36,2,38,83
04/09/2002,ALN,IL,AGL,CE,Federal Contract Tower,0,1,44,0,45,0,3,92,0,95,0,4,136,0,140,134,0,134,274
04/10/2002,ALN,IL,AGL,CE,Federal Contract Tower,0,1,33,2,36,0,1,148,0,149,0,2,181,2,185,230,20,250,435
04/11/2002,ALN,IL,AGL,CE,Federal Contract Tower,0,1,41,2,44,0,2,87,0,89,0,3,128,2,133,174,0,174,307
04/12/2002,ALN,IL,AGL,CE,Federal Contract Tower,0,0,40,4,44,0,2,26,2,30,0,2,66,6,74,74,36,110,184
04/13/2002,ALN,IL,AGL,CE,Federal Contract Tower,0,0,34,0,34,0,2,12,0,14,0,2,46,0,48,60,0,60,108
04/14/2002,ALN,IL,AGL,CE,Federal Contract Tower,0,0,36,0,36,0,2,64,0,66,0,2,100,0,102,108,0,108,210
04/15/2002,ALN,IL,AGL,CE,Federal Contract Tower,0,0,33,3,36,0,2,95,4,101,0,2,128,7,137,178,6,184,321
04/16/2002,ALN,IL,AGL,CE,Federal Contract Tower,0,0,21,0,21,0,3,74,0,77,0,3,95,0,98,48,0,48,146
04/17/2002,ALN,IL,AGL,CE,Federal Contract Tower,0,1,97,7,105,0,9,30,3,42,0,10,127,10,147,168,60,228,375
04/18/2002,ALN,IL,AGL,CE,Federal Contract Tower,0,0,38,2,40,0,2,32,0,34,0,2,70,2,74,116,4,120,194
04/19/2002,ALN,IL,AGL,CE,Federal Contract Tower,0,0,4,0,4,0,2,84,2,88,0,2,88,2,92,146,0,146,238
04/20/2002,ALN,IL,AGL,CE,Federal Contract Tower,0,0,19,0,19,0,0,18,0,18,0,0,37,0,37,18,0,18,55
04/21/2002,ALN,IL,AGL,CE,Federal Contract Tower,0,0,11,0,11,0,0,7,0,7,0,0,18,0,18,18,0,18,36
04/22/2002,ALN,IL,AGL,CE,Federal Contract Tower,0,0,32,2,34,0,6,117,10,133,0,6,149,12,167,213,26,239,406
04/23/2002,ALN,IL,AGL,CE,Federal Contract Tower,0,0,70,0,70,0,6,66,0,72,0,6,136,0,142,152,0,152,294
04/24/2002,ALN,IL,AGL,CE,Federal Contract Tower,0,0,32,2,34,0,2,17,4,23,0,2,49,6,57,58,18,76,133
04/25/2002,ALN,IL,AGL,CE,Federal Contract Tower,0,0,66,0,66,0,19,95,0,114,0,19,161,0,180,218,0,218,398
04/26/2002,ALN,IL,AGL,CE,Federal Contract Tower,0,0,70,5,75,0,3,71,5,79,0,3,141,10,154,200,22,222,376
04/27/2002,ALN,IL,AGL,CE,Federal Contract Tower,0,0,1,0,1,0,0,1,0,1,0,0,2,0,2,0,0,0,2
04/28/2002,ALN,IL,AGL,CE,Federal Contract Tower,0,0,33,0,33,0,0,34,0,34,0,0,67,0,67,84,0,84,151
04/29/2002,ALN,IL,AGL,CE,Federal Contract Tower,0,0,54,0,54,0,0,98,0,98,0,0,152,0,152,170,0,170,322
04/30/2002,ALN,IL,AGL,CE,Federal Contract Tower,0,0,67,4,71,0,4,65,0,69,0,4,132,4,140,156,22,178,318
05/01/2002,ALN,IL,AGL,CE,Federal Contract Tower,0,2,30,0,32,0,3,0,0,3,0,5,30,0,35,20,0,20,55
05/02/2002,ALN,IL,AGL,CE,Federal Contract Tower,0,2,34,2,38,0,4,90,0,94,0,6,124,2,132,136,4,140,272
05/03/2002,ALN,IL,AGL,CE,Federal Contract Tower,0,2,57,0,59,0,5,133,0,138,0,7,190,0,197,186,0,186,383
05/04/2002,ALN,IL,AGL,CE,Federal Contract Tower,0,1,37,2,40,0,0,139,0,139,0,1,176,2,179,152,2,154,333
05/05/2002,ALN,IL,AGL,CE,Federal Contract Tower,0,2,36,2,40,0,0,66,0,66,0,2,102,2,106,130,2,132,238
05/06/2002,ALN,IL,AGL,CE,Federal Contract Tower,0,1,15,0,16,0,1,18,0,19,0,2,33,0,35,34,0,34,69
05/07/2002,ALN,IL,AGL,CE,Federal Contract Tower,0,2,30,0,32,0,1,50,0,51,0,3,80,0,83,110,0,110,193
05/08/2002,ALN,IL,AGL,CE,Federal Contract Tower,0,1,26,2,29,0,3,58,0,61,0,4,84,2,90,108,4,112,202
05/09/2002,ALN,IL,AGL,CE,Federal Contract Tower,0,0,55,0,55,0,0,101,0,101,0,0,156,0,156,152,0,152,308
05/10/2002,ALN,IL,AGL,CE,Federal Contract Tower,0,2,37,0,39,0,4,124,0,128,0,6,161,0,167,192,0,192,359
05/11/2002,ALN,IL,AGL,CE,Federal Contract Tower,0,1,8,0,9,0,1,46,0,47,0,2,54,0,56,94,0,94,150
05/12/2002,ALN,IL,AGL,CE,Federal Contract Tower,0,1,9,0,10,0,1,0,0,1,0,2,9,0,11,4,0,4,15
05/13/2002,ALN,IL,AGL,CE,Federal Contract Tower,0,1,26,0,27,0,3,79,0,82,0,4,105,0,109,166,0,166,275
05/14/2002,ALN,IL,AGL,CE,Federal Contract Tower,0,2,55,0,57,0,11,104,0,115,0,13,159,0,172,238,0,238,410
05/15/2002,ALN,IL,AGL,CE,Federal Contract Tower,0,1,30,2,33,0,11,84,8,103,0,12,114,10,136,98,8,106,242
05/16/2002,ALN,IL,AGL,CE,Federal Contract Tower,0,1,30,0,31,0,1,50,0,51,0,2,80,0,82,102,0,102,184
05/17/2002,ALN,IL,AGL,CE,Federal Contract Tower,0,1,30,0,31,0,5,0,0,5,0,6,30,0,36,24,0,24,60
05/18/2002,ALN,IL,AGL,CE,Federal Contract Tower,0,1,56,2,59,0,1,133,0,134,0,2,189,2,193,180,26,206,399
05/19/2002,ALN,IL,AGL,CE,Federal Contract Tower,0,1,40,0,41,0,1,98,0,99,0,2,138,0,140,127,0,127,267
05/20/2002,ALN,IL,AGL,CE,Federal Contract Tower,0,1,32,0,33,0,5,80,0,85,0,6,112,0,118,124,0,124,242
05/21/2002,ALN,IL,AGL,CE,Federal Contract Tower,0,1,57,5,63,0,8,81,11,100,0,9,138,16,163,117,46,163,326
05/22/2002,ALN,IL,AGL,CE,Federal Contract Tower,0,2,65,3,70,0,2,64,3,69,0,4,129,6,139,142,40,182,321
05/23/2002,ALN,IL,AGL,CE,Federal Contract Tower,0,1,32,0,33,0,5,69,0,74,0,6,101,0,107,146,0,146,253
05/24/2002,ALN,IL,AGL,CE,Federal Contract Tower,0,1,44,0,45,0,1,7,0,8,0,2,51,0,53,64,0,64,117
05/25/2002,ALN,IL,AGL,CE,Federal Contract Tower,0,0,22,0,22,0,2,60,0,62,0,2,82,0,84,48,0,48,132
05/26/2002,ALN,IL,AGL,CE,Federal Contract Tower,0,0,19,0,19,0,4,108,0,112,0,4,127,0,131,50,0,50,181
05/27/2002,ALN,IL,AGL,CE,Federal Contract Tower,0,0,17,0,17,0,0,54,0,54,0,0,71,0,71,128,0,128,199
05/28/2002,ALN,IL,AGL,CE,Federal Contract Tower,0,0,25,0,25,0,13,60,0,73,0,13,85,0,98,118,0,118,216
05/29/2002,ALN,IL,AGL,CE,Federal Contract Tower,0,3,92,5,100,0,3,0,5,8,0,6,92,10,108,174,38,212,320
05/30/2002,ALN,IL,AGL,CE,Federal Contract Tower,0,1,45,2,48,0,1,73,2,76,0,2,118,4,124,192,4,196,320
05/31/2002,ALN,IL,AGL,CE,Federal Contract Tower,0,1,31,0,32,0,4,119,0,123,0,5,150,0,155,174,0,174,329
06/01/2002,ALN,IL,AGL,CE,Federal Contract Tower,0,0,22,0,22,0,4,57,0,61,0,4,79,0,83,92,0,92,175
06/02/2002,ALN,IL,AGL,CE,Federal Contract Tower,0,0,43,0,43,0,5,87,0,92,0,5,130,0,135,153,0,153,288
06/03/2002,ALN,IL,AGL,CE,Federal Contract Tower,0,1,33,1,35,0,4,108,5,117,0,5,141,6,152,146,24,170,322
06/04/2002,ALN,IL,AGL,CE,Federal Contract Tower,0,2,75,3,80,0,4,31,1,36,0,6,106,4,116,160,12,172,288
06/05/2002,ALN,IL,AGL,CE,Federal Contract Tower,0,2,60,3,65,0,2,0,1,3,0,4,60,4,68,62,10,72,140
06/06/2002,ALN,IL,AGL,CE,Federal Contract Tower,0,0,45,0,45,0,0,112,0,112,0,0,157,0,157,218,0,218,375
06/07/2002,ALN,IL,AGL,CE,Federal Contract Tower,0,1,37,0,38,0,6,107,0,113,0,7,144,0,151,150,0,150,301
06/08/2002,ALN,IL,AGL,CE,Federal Contract Tower,0,1,23,0,24,0,1,206,0,207,0,2,229,0,231,94,0,94,325
06/09/2002,ALN,IL,AGL,CE,Federal Contract Tower,0,1,39,0,40,0,0,57,0,57,0,1,96,0,97,108,0,108,205
06/10/2002,ALN,IL,AGL,CE,Federal Contract Tower,0,1,33,0,34,0,5,43,0,48,0,6,76,0,82,84,0,84,166
06/11/2002,ALN,IL,AGL,CE,Federal Contract Tower,0,1,19,0,20,0,3,70,2,75,0,4,89,2,95,78,20,98,193
06/12/2002,ALN,IL,AGL,CE,Federal Contract Tower,0,0,43,0,43,0,0,55,0,55,0,0,98,0,98,126,0,126,224
06/13/2002,ALN,IL,AGL,CE,Federal Contract Tower,0,1,55,0,56,0,0,76,0,76,0,1,131,0,132,178,0,178,310
06/14/2002,ALN,IL,AGL,CE,Federal Contract Tower,0,1,39,0,40,0,4,118,0,122,0,5,157,0,162,159,0,159,321
06/15/2002,ALN,IL,AGL,CE,Federal Contract Tower,0,1,30,1,32,0,1,111,3,115,0,2,141,4,147,146,0,146,293
06/16/2002,ALN,IL,AGL,CE,Federal Contract Tower,0,1,25,0,26,0,7,83,0,90,0,8,108,0,116,62,0,62,178
06/17/2002,ALN,IL,AGL,CE,Federal Contract Tower,0,1,50,2,53,0,6,95,6,107,0,7,145,8,160,134,33,167,327
06/18/2002,ALN,IL,AGL,CE,Federal Contract Tower,0,1,28,1,30,0,5,55,1,61,0,6,83,2,91,112,29,141,232
06/19/2002,ALN,IL,AGL,CE,Federal Contract Tower,0,0,29,0,29,0,3,102,0,105,0,3,131,0,134,138,0,138,272
06/20/2002,ALN,IL,AGL,CE,Federal Contract Tower,0,0,47,3,50,0,2,103,0,105,0,2,150,3,155,202,6,208,363
06/21/2002,ALN,IL,AGL,CE,Federal Contract Tower,0,0,25,0,25,2,8,108,0,118,2,8,133,0,143,118,0,118,261
06/22/2002,ALN,IL,AGL,CE,Federal Contract Tower,0,0,47,0,47,0,4,78,0,82,0,4,125,0,129,110,0,110,239
06/23/2002,ALN,IL,AGL,CE,Federal Contract Tower,0,0,36,0,36,0,5,71,0,76,0,5,107,0,112,92,0,92,204
06/24/2002,ALN,IL,AGL,CE,Federal Contract Tower,0,0,25,0,25,0,2,78,6,86,0,2,103,6,111,94,12,106,217
06/25/2002,ALN,IL,AGL,CE,Federal Contract Tower,0,0,11,0,11,0,3,94,0,97,0,3,105,0,108,90,0,90,198
06/26/2002,ALN,IL,AGL,CE,Federal Contract Tower,0,0,34,1,35,0,10,101,9,120,0,10,135,10,155,97,0,97,252
06/27/2002,ALN,IL,AGL,CE,Federal Contract Tower,0,0,31,1,32,0,0,65,3,68,0,0,96,4,100,126,2,128,228
06/28/2002,ALN,IL,AGL,CE,Federal Contract Tower,0,1,61,2,64,0,2,71,5,78,0,3,132,7,142,130,32,162,304
06/29/2002,ALN,IL,AGL,CE,Federal Contract Tower,0,0,39,2,41,0,8,66,2,76,0,8,105,4,117,84,12,96,213
06/30/2002,ALN,IL,AGL,CE,Federal Contract Tower,0,0,29,1,30,0,4,74,1,79,0,4,103,2,109,118,2,120,229
07/01/2002,ALN,IL,AGL,CE,Federal Contract Tower,0,1,34,3,38,0,6,100,4,110,0,7,134,7,148,128,26,154,302
07/02/2002,ALN,IL,AGL,CE,Federal Contract Tower,0,1,30,2,33,0,2,82,17,101,0,3,112,19,134,80,52,132,266
07/03/2002,ALN,IL,AGL,CE,Federal Contract Tower,0,1,23,2,26,0,5,123,3,131,0,6,146,5,157,148,6,154,311
07/04/2002,ALN,IL,AGL,CE,Federal Contract Tower,0,0,14,0,14,0,0,41,0,41,0,0,55,0,55,68,0,68,123
07/05/2002,ALN,IL,AGL,CE,Federal Contract Tower,0,1,23,0,24,0,1,51,0,52,0,2,74,0,76,90,0,90,166
07/06/2002,ALN,IL,AGL,CE,Federal Contract Tower,0,0,15,0,15,0,0,71,0,71,0,0,86,0,86,76,0,76,162
07/07/2002,ALN,IL,AGL,CE,Federal Contract Tower,0,1,17,0,18,0,4,54,0,58,0,5,71,0,76,58,0,58,134
07/08/2002,ALN,IL,AGL,CE,Federal Contract Tower,0,1,41,3,45,0,1,112,1,114,0,2,153,4,159,138,28,166,325
07/09/2002,ALN,IL,AGL,CE,Federal Contract Tower,0,1,41,3,45,0,3,75,4,82,0,4,116,7,127,112,6,118,245
07/10/2002,ALN,IL,AGL,CE,Federal Contract Tower,0,2,55,4,61,0,0,20,0,20,0,2,75,4,81,48,16,64,145
07/11/2002,ALN,IL,AGL,CE,Federal Contract Tower,0,1,41,3,45,0,5,54,8,67,0,6,95,11,112,96,26,122,234
07/12/2002,ALN,IL,AGL,CE,Federal Contract Tower,0,2,50,0,52,0,0,52,0,52,0,2,102,0,104,66,0,66,170
07/13/2002,ALN,IL,AGL,CE,Federal Contract Tower,0,1,20,0,21,0,3,145,0,148,0,4,165,0,169,136,0,136,305
07/14/2002,ALN,IL,AGL,CE,Federal Contract Tower,0,1,30,2,33,0,5,79,2,86,0,6,109,4,119,102,0,102,221
07/15/2002,ALN,IL,AGL,CE,Federal Contract Tower,0,1,28,0,29,0,5,145,0,150,0,6,173,0,179,156,0,156,335
07/16/2002,ALN,IL,AGL,CE,Federal Contract Tower,0,1,45,4,50,0,5,73,0,78,0,6,118,4,128,118,16,134,262
07/17/2002,ALN,IL,AGL,CE,Federal Contract Tower,0,1,48,2,51,0,7,120,0,127,0,8,168,2,178,160,12,172,350
07/18/2002,ALN,IL,AGL,CE,Federal Contract Tower,0,0,23,0,23,0,9,83,0,92,0,9,106,0,115,96,0,96,211
07/19/2002,ALN,IL,AGL,CE,Federal Contract Tower,0,0,45,0,45,0,5,115,0,120,0,5,160,0,165,166,0,166,331
07/20/2002,ALN,IL,AGL,CE,Federal Contract Tower,0,0,17,0,17,0,2,110,0,112,0,2,127,0,129,96,0,96,225
07/21/2002,ALN,IL,AGL,CE,Federal Contract Tower,0,0,22,0,22,0,1,66,0,67,0,1,88,0,89,76,0,76,165
07/22/2002,ALN,IL,AGL,CE,Federal Contract Tower,0,0,30,0,30,0,2,98,0,100,0,2,128,0,130,112,0,112,242
07/23/2002,ALN,IL,AGL,CE,Federal Contract Tower,0,1,59,4,64,0,5,83,0,88,0,6,142,4,152,154,38,192,344
07/24/2002,ALN,IL,AGL,CE,Federal Contract Tower,0,0,42,0,42,0,3,73,0,76,0,3,115,0,118,90,0,90,208
07/25/2002,ALN,IL,AGL,CE,Federal Contract Tower,0,0,32,3,35,0,2,74,2,78,0,2,106,5,113,88,18,106,219
07/26/2002,ALN,IL,AGL,CE,Federal Contract Tower,0,0,33,0,33,0,6,112,0,118,0,6,145,0,151,115,0,115,266
07/27/2002,ALN,IL,AGL,CE,Federal Contract Tower,0,0,16,0,16,0,2,77,0,79,0,2,93,0,95,68,0,68,163
07/28/2002,ALN,IL,AGL,CE,Federal Contract Tower,0,0,25,0,25,0,1,53,0,54,0,1,78,0,79,16,0,16,95
07/29/2002,ALN,IL,AGL,CE,Federal Contract Tower,0,1,50,3,54,0,1,91,3,95,0,2,141,6,149,124,12,136,285
07/30/2002,ALN,IL,AGL,CE,Federal Contract Tower,0,1,49,3,53,0,3,77,3,83,0,4,126,6,136,140,22,162,298
07/31/2002,ALN,IL,AGL,CE,Federal Contract Tower,0,0,36,3,39,0,5,99,1,105,0,5,135,4,144,120,28,148,292
08/01/2002,ALN,IL,AGL,CE,Federal Contract Tower,0,0,38,0,38,0,0,41,0,41,0,0,79,0,79,94,0,94,173
08/02/2002,ALN,IL,AGL,CE,Federal Contract Tower,0,1,28,2,31,0,2,92,0,94,0,3,120,2,125,98,10,108,233
08/03/2002,ALN,IL,AGL,CE,Federal Contract Tower,0,1,34,0,35,0,1,83,0,84,0,2,117,0,119,139,0,139,258
08/04/2002,ALN,IL,AGL,CE,Federal Contract Tower,0,0,53,0,53,0,0,17,0,17,0,0,70,0,70,64,0,64,134
08/05/2002,ALN,IL,AGL,CE,Federal Contract Tower,0,1,36,0,37,0,1,88,0,89,0,2,124,0,126,124,0,124,250
08/06/2002,ALN,IL,AGL,CE,Federal Contract Tower,0,1,54,0,55,0,4,90,0,94,0,5,144,0,149,152,0,152,301
08/07/2002,ALN,IL,AGL,CE,Federal Contract Tower,0,1,28,2,31,0,1,57,0,58,0,2,85,2,89,153,10,163,252
08/08/2002,ALN,IL,AGL,CE,Federal Contract Tower,0,1,32,0,33,0,2,109,0,111,0,3,141,0,144,138,0,138,282
08/09/2002,ALN,IL,AGL,CE,Federal Contract Tower,0,2,76,2,80,0,1,20,0,21,0,3,96,2,101,176,8,184,285
08/10/2002,ALN,IL,AGL,CE,Federal Contract Tower,0,1,28,0,29,0,1,101,0,102,0,2,129,0,131,138,0,138,269
08/11/2002,ALN,IL,AGL,CE,Federal Contract Tower,0,1,17,0,18,0,1,21,0,22,0,2,38,0,40,28,0,28,68
08/12/2002,ALN,IL,AGL,CE,Federal Contract Tower,0,1,47,5,53,0,0,34,11,45,0,1,81,16,98,142,38,180,278
08/13/2002,ALN,IL,AGL,CE,Federal Contract Tower,0,1,18,0,19,0,2,12,0,14,0,3,30,0,33,37,0,37,70
08/14/2002,ALN,IL,AGL,CE,Federal Contract Tower,0,0,33,2,35,0,0,23,0,23,0,0,56,2,58,44,4,48,106
08/15/2002,ALN,IL,AGL,CE,Federal Contract Tower,0,0,82,7,89,0,0,15,7,22,0,0,97,14,111,134,54,188,299
08/16/2002,ALN,IL,AGL,CE,Federal Contract Tower,0,0,47,0,47,0,8,27,0,35,0,8,74,0,82,130,0,130,212
08/17/2002,ALN,IL,AGL,CE,Federal Contract Tower,0,0,34,4,38,0,3,64,0,67,0,3,98,4,105,110,8,118,223
08/18/2002,ALN,IL,AGL,CE,Federal Contract Tower,0,0,18,0,18,0,7,31,0,38,0,7,49,0,56,34,0,34,90
08/19/2002,ALN,IL,AGL,CE,Federal Contract Tower,0,0,39,0,39,0,3,46,0,49,0,3,85,0,88,54,0,54,142
08/20/2002,ALN,IL,AGL,CE,Federal Contract Tower,0,0,34,3,37,0,4,113,1,118,0,4,147,4,155,132,22,154,309
08/21/2002,ALN,IL,AGL,CE,Federal Contract Tower,0,1,87,9,97,0,5,39,3,47,0,6,126,12,144,128,28,156,300
08/22/2002,ALN,IL,AGL,CE,Federal Contract Tower,0,0,50,4,54,0,8,75,0,83,0,8,125,4,137,144,6,150,287
08/23/2002,ALN,IL,AGL,CE,Federal Contract Tower,0,0,18,0,18,0,0,32,0,32,0,0,50,0,50,94,0,94,144
08/24/2002,ALN,IL,AGL,CE,Federal Contract Tower,0,0,34,0,34,0,4,81,0,85,0,4,115,0,119,163,0,163,282
08/25/2002,ALN,IL,AGL,CE,Federal Contract Tower,0,0,30,3,33,0,2,82,1,85,0,2,112,4,118,128,0,128,246
08/26/2002,ALN,IL,AGL,CE,Federal Contract Tower,0,0,34,3,37,0,3,48,12,63,0,3,82,15,100,114,49,163,263
08/27/2002,ALN,IL,AGL,CE,Federal Contract Tower,0,0,40,4,44,0,3,56,8,67,0,3,96,12,111,172,60,232,343
08/28/2002,ALN,IL,AGL,CE,Federal Contract Tower,0,0,58,5,63,0,3,78,0,81,0,3,136,5,144,134,40,174,318
08/29/2002,ALN,IL,AGL,CE,Federal Contract Tower,0,0,37,2,39,0,2,90,0,92,0,2,127,2,131,134,0,134,265
08/30/2002,ALN,IL,AGL,CE,Federal Contract Tower,0,0,37,0,37,0,3,66,0,69,0,3,103,0,106,148,0,148,254
08/31/2002,ALN,IL,AGL,CE,Federal Contract Tower,0,0,28,0,28,0,5,75,0,80,0,5,103,0,108,134,0,134,242
09/01/2002,ALN,IL,AGL,CE,Federal Contract Tower,0,1,4,0,5,0,6,87,0,93,0,7,91,0,98,58,0,58,156
09/02/2002,ALN,IL,AGL,CE,Federal Contract Tower,0,1,31,0,32,0,3,62,0,65,0,4,93,0,97,96,0,96,193
09/03/2002,ALN,IL,AGL,CE,Federal Contract Tower,0,1,46,2,49,1,2,64,0,67,1,3,110,2,116,134,24,158,274
09/04/2002,ALN,IL,AGL,CE,Federal Contract Tower,0,1,36,0,37,0,3,100,0,103,0,4,136,0,140,132,0,132,272
09/05/2002,ALN,IL,AGL,CE,Federal Contract Tower,0,1,28,0,29,0,0,92,0,92,0,1,120,0,121,174,0,174,295
09/06/2002,ALN,IL,AGL,CE,Federal Contract Tower,0,0,34,2,36,0,2,141,9,152,0,2,175,11,188,196,44,240,428
09/07/2002,ALN,IL,AGL,CE,Federal Contract Tower,0,0,30,0,30,0,1,63,4,68,0,1,93,4,98,126,0,126,224
09/08/2002,ALN,IL,AGL,CE,Federal Contract Tower,0,0,37,1,38,0,6,75,0,81,0,6,112,1,119,144,0,144,263
09/09/2002,ALN,IL,AGL,CE,Federal Contract Tower,9,4,49,1,63,3,0,69,0,72,12,4,118,1,135,186,0,186,321
09/10/2002,ALN,IL,AGL,CE,Federal Contract Tower,0,0,16,0,16,4,2,54,0,60,4,2,70,0,76,102,0,102,178
09/11/2002,ALN,IL,AGL,CE,Federal Contract Tower,0,0,51,2,53,2,2,41,0,45,2,2,92,2,98,126,4,130,228
09/12/2002,ALN,IL,AGL,CE,Federal Contract Tower,0,0,51,2,53,0,4,73,0,77,0,4,124,2,130,180,6,186,316
09/13/2002,ALN,IL,AGL,CE,Federal Contract Tower,0,0,17,0,17,1,11,149,1,162,1,11,166,1,179,186,2,188,367
09/14/2002,ALN,IL,AGL,CE,Federal Contract Tower,0,0,18,0,18,2,0,455,6,463,2,0,473,6,481,196,16,212,693
09/15/2002,ALN,IL,AGL,CE,Federal Contract Tower,0,0,50,0,50,0,1,0,0,1,0,1,50,0,51,54,0,54,105
09/16/2002,ALN,IL,AGL,CE,Federal Contract Tower,0,0,47,2,49,0,2,58,4,64,0,2,105,6,113,134,14,148,261
09/17/2002,ALN,IL,AGL,CE,Federal Contract Tower,0,0,30,0,30,0,2,15,0,17,0,2,45,0,47,64,0,64,111
09/18/2002,ALN,IL,AGL,CE,Federal Contract Tower,0,0,44,0,44,0,3,47,0,50,0,3,91,0,94,118,0,118,212
09/19/2002,ALN,IL,AGL,CE,Federal Contract Tower,0,0,22,0,22,0,2,10,0,12,0,2,32,0,34,6,0,6,40
09/20/2002,ALN,IL,AGL,CE,Federal Contract Tower,0,0,29,0,29,0,6,5,0,11,0,6,34,0,40,36,0,36,76
09/21/2002,ALN,IL,AGL,CE,Federal Contract Tower,0,0,46,0,46,0,4,127,0,131,0,4,173,0,177,184,0,184,361
09/22/2002,ALN,IL,AGL,CE,Federal Contract Tower,0,0,18,0,18,0,6,105,0,111,0,6,123,0,129,72,0,72,201
09/23/2002,ALN,IL,AGL,CE,Federal Contract Tower,0,0,50,2,52,0,3,57,8,68,0,3,107,10,120,222,24,246,366
09/24/2002,ALN,IL,AGL,CE,Federal Contract Tower,0,0,35,0,35,0,6,74,0,80,0,6,109,0,115,192,0,192,307
09/25/2002,ALN,IL,AGL,CE,Federal Contract Tower,0,0,31,0,31,0,4,66,0,70,0,4,97,0,101,138,4,142,243
09/26/2002,ALN,IL,AGL,CE,Federal Contract Tower,0,4,53,0,57,0,0,71,0,71,0,4,124,0,128,226,0,226,354
09/27/2002,ALN,IL,AGL,CE,Federal Contract Tower,0,0,54,0,54,0,6,55,0,61,0,6,109,0,115,132,0,132,247
09/28/2002,ALN,IL,AGL,CE,Federal Contract Tower,0,0,46,0,46,0,3,82,0,85,0,3,128,0,131,154,0,154,285
09/29/2002,ALN,IL,AGL,CE,Federal Contract Tower,0,0,27,0,27,0,0,77,0,77,0,0,104,0,104,84,0,84,188
09/30/2002,ALN,IL,AGL,CE,Federal Contract Tower,0,0,29,0,29,0,2,116,2,120,0,2,145,2,149,122,12,134,283
10/01/2002,ALN,IL,AGL,CE,Federal Contract Tower,0,0,44,0,44,0,2,41,0,43,0,2,85,0,87,150,0,150,237
10/02/2002,ALN,IL,AGL,CE,Federal Contract Tower,0,0,35,0,35,0,4,48,2,54,0,4,83,2,89,152,0,152,241
10/03/2002,ALN,IL,AGL,CE,Federal Contract Tower,0,2,52,0,54,0,2,0,0,2,0,4,52,0,56,112,0,112,168
10/04/2002,ALN,IL,AGL,CE,Federal Contract Tower,0,2,22,0,24,0,1,15,0,16,0,3,37,0,40,56,0,56,96
10/05/2002,ALN,IL,AGL,CE,Federal Contract Tower,0,0,35,0,35,0,3,135,0,138,0,3,170,0,173,302,0,302,475
10/06/2002,ALN,IL,AGL,CE,Federal Contract Tower,0,2,15,0,17,0,0,44,0,44,0,2,59,0,61,40,0,40,101
10/07/2002,ALN,IL,AGL,CE,Federal Contract Tower,0,3,49,0,52,0,0,78,0,78,0,3,127,0,130,202,0,202,332
10/08/2002,ALN,IL,AGL,CE,Federal Contract Tower,0,0,59,0,59,0,0,40,0,40,0,0,99,0,99,146,0,146,245
10/09/2002,ALN,IL,AGL,CE,Federal Contract Tower,0,0,43,0,43,0,0,50,0,50,0,0,93,0,93,194,0,194,287
10/10/2002,ALN,IL,AGL,CE,Federal Contract Tower,0,0,45,0,45,0,1,62,0,63,0,1,107,0,108,138,0,138,246
10/11/2002,ALN,IL,AGL,CE,Federal Contract Tower,0,0,33,6,39,0,0,38,0,38,0,0,71,6,77,76,14,90,167
10/12/2002,ALN,IL,AGL,CE,Federal Contract Tower,0,0,34,0,34,0,2,54,0,56,0,2,88,0,90,112,0,112,202
10/13/2002,ALN,IL,AGL,CE,Federal Contract Tower,0,0,14,2,16,0,0,109,2,111,0,0,123,4,127,90,8,98,225
10/14/2002,ALN,IL,AGL,CE,Federal Contract Tower,0,0,34,0,34,0,4,86,0,90,0,4,120,0,124,106,0,106,230
10/15/2002,ALN,IL,AGL,CE,Federal Contract Tower,0,0,66,8,74,0,0,67,0,67,0,0,133,8,141,162,16,178,319
10/16/2002,ALN,IL,AGL,CE,Federal Contract Tower,0,2,46,0,48,0,3,61,0,64,0,5,107,0,112,152,0,152,264
10/17/2002,ALN,IL,AGL,CE,Federal Contract Tower,0,0,35,8,43,0,4,52,0,56,0,4,87,8,99,96,18,114,213
10/18/2002,ALN,IL,AGL,CE,Federal Contract Tower,0,0,11,7,18,0,3,87,3,93,0,3,98,10,111,81,40,121,232
10/19/2002,ALN,IL,AGL,CE,Federal Contract Tower,0,2,44,4,50,0,4,67,1,72,0,6,111,5,122,162,18,180,302
10/20/2002,ALN,IL,AGL,CE,Federal Contract Tower,0,2,13,0,15,0,4,83,0,87,0,6,96,0,102,90,0,90,192
10/21/2002,ALN,IL,AGL,CE,Federal Contract Tower,0,0,56,0,56,0,0,47,0,47,0,0,103,0,103,104,0,104,207
10/22/2002,ALN,IL,AGL,CE,Federal Contract Tower,0,1,30,0,31,0,5,51,0,56,0,6,81,0,87,116,0,116,203
10/23/2002,ALN,IL,AGL,CE,Federal Contract Tower,0,0,50,0,50,0,3,48,0,51,0,3,98,0,101,122,0,122,223
10/24/2002,ALN,IL,AGL,CE,Federal Contract Tower,0,0,27,0,27,0,2,67,0,69,0,2,94,0,96,156,0,156,252
10/25/2002,ALN,IL,AGL,CE,Federal Contract Tower,0,0,24,0,24,0,2,7,0,9,0,2,31,0,33,20,0,20,53
10/26/2002,ALN,IL,AGL,CE,Federal Contract Tower,0,0,42,0,42,0,0,10,0,10,0,0,52,0,52,64,0,64,116
10/27/2002,ALN,IL,AGL,CE,Federal Contract Tower,0,0,38,0,38,0,4,58,0,62,0,4,96,0,100,172,0,172,272
10/28/2002,ALN,IL,AGL,CE,Federal Contract Tower,0,0,37,10,47,0,2,20,0,22,0,2,57,10,69,72,38,110,179
10/29/2002,ALN,IL,AGL,CE,Federal Contract Tower,0,0,24,0,24,0,4,3,0,7,0,4,27,0,31,22,0,22,53
10/30/2002,ALN,IL,AGL,CE,Federal Contract Tower,0,0,20,6,26,0,2,51,0,53,0,2,71,6,79,100,28,128,207
10/31/2002,ALN,IL,AGL,CE,Federal Contract Tower,0,4,34,2,40,0,3,13,2,18,0,7,47,4,58,36,8,44,102
11/01/2002,ALN,IL,AGL,CE,Federal Contract Tower,0,3,39,0,42,0,9,64,2,75,0,12,103,2,117,140,0,140,257
11/02/2002,ALN,IL,AGL,CE,Federal Contract Tower,0,0,62,6,68,0,0,63,0,63,0,0,125,6,131,140,16,156,287
11/03/2002,ALN,IL,AGL,CE,Federal Contract Tower,0,0,14,0,14,0,0,0,0,0,0,0,14,0,14,12,0,12,26
11/04/2002,ALN,IL,AGL,CE,Federal Contract Tower,0,5,37,5,47,0,3,56,0,59,0,8,93,5,106,102,24,126,232
11/05/2002,ALN,IL,AGL,CE,Federal Contract Tower,0,0,19,2,21,0,3,17,0,20,0,3,36,2,41,30,8,38,79
11/06/2002,ALN,IL,AGL,CE,Federal Contract Tower,0,0,24,1,25,0,5,49,1,55,0,5,73,2,80,130,6,136,216
11/07/2002,ALN,IL,AGL,CE,Federal Contract Tower,0,0,29,0,29,0,0,90,0,90,0,0,119,0,119,122,0,122,241
11/08/2002,ALN,IL,AGL,CE,Federal Contract Tower,0,0,35,0,35,0,0,102,0,102,0,0,137,0,137,106,0,106,243
11/09/2002,ALN,IL,AGL,CE,Federal Contract Tower,0,0,21,0,21,0,1,22,0,23,0,1,43,0,44,64,0,64,108
11/10/2002,ALN,IL,AGL,CE,Federal Contract Tower,0,0,30,0,30,0,2,36,0,38,0,2,66,0,68,72,0,72,140
11/11/2002,ALN,IL,AGL,CE,Federal Contract Tower,0,0,27,0,27,0,3,64,0,67,0,3,91,0,94,146,0,146,240
11/12/2002,ALN,IL,AGL,CE,Federal Contract Tower,0,1,28,1,30,0,2,87,0,89,0,3,115,1,119,126,10,136,255
11/13/2002,ALN,IL,AGL,CE,Federal Contract Tower,0,0,39,10,49,0,4,126,0,130,0,4,165,10,179,186,48,234,413
11/14/2002,ALN,IL,AGL,CE,Federal Contract Tower,0,0,45,2,47,0,2,43,0,45,0,2,88,2,92,110,4,114,206
11/15/2002,ALN,IL,AGL,CE,Federal Contract Tower,0,2,23,14,39,0,0,8,1,9,0,2,31,15,48,18,24,42,90
11/16/2002,ALN,IL,AGL,CE,Federal Contract Tower,0,4,24,0,28,0,0,68,0,68,0,4,92,0,96,144,0,144,240
11/17/2002,ALN,IL,AGL,CE,Federal Contract Tower,0,0,26,0,26,0,7,69,0,76,0,7,95,0,102,72,0,72,174
11/18/2002,ALN,IL,AGL,CE,Federal Contract Tower,0,0,20,7,27,0,5,78,0,83,0,5,98,7,110,100,42,142,252
11/19/2002,ALN,IL,AGL,CE,Federal Contract Tower,0,0,26,7,33,0,3,166,1,170,0,3,192,8,203,174,36,210,413
11/20/2002,ALN,IL,AGL,CE,Federal Contract Tower,0,0,39,14,53,0,3,131,0,134,0,3,170,14,187,188,60,248,435
11/21/2002,ALN,IL,AGL,CE,Federal Contract Tower,0,1,21,0,22,0,3,19,0,22,0,4,40,0,44,20,0,20,64
11/22/2002,ALN,IL,AGL,CE,Federal Contract Tower,0,1,57,2,60,0,2,60,0,62,0,3,117,2,122,138,4,142,264
11/23/2002,ALN,IL,AGL,CE,Federal Contract Tower,0,2,38,0,40,0,7,76,0,83,0,9,114,0,123,164,0,164,287
11/24/2002,ALN,IL,AGL,CE,Federal Contract Tower,0,0,23,0,23,0,5,57,0,62,0,5,80,0,85,136,0,136,221
11/25/2002,ALN,IL,AGL,CE,Federal Contract Tower,0,0,48,0,48,0,5,76,4,85,0,5,124,4,133,206,0,206,339
11/26/2002,ALN,IL,AGL,CE,Federal Contract Tower,0,0,20,1,21,0,4,96,3,103,0,4,116,4,124,174,20,194,318
11/27/2002,ALN,IL,AGL,CE,Federal Contract Tower,0,0,34,1,35,0,3,83,3,89,0,3,117,4,124,144,10,154,278
11/28/2002,ALN,IL,AGL,CE,Federal Contract Tower,0,0,7,0,7,0,0,7,0,7,0,0,14,0,14,10,0,10,24
11/29/2002,ALN,IL,AGL,CE,Federal Contract Tower,0,0,9,0,9,0,4,75,0,79,0,4,84,0,88,57,0,57,145
11/30/2002,ALN,IL,AGL,CE,Federal Contract Tower,0,0,9,0,9,0,0,26,0,26,0,0,35,0,35,84,0,84,119
12/01/2002,ALN,IL,AGL,CE,Federal Contract Tower,0,0,29,0,29,0,2,57,0,59,0,2,86,0,88,70,0,70,158
12/02/2002,ALN,IL,AGL,CE,Federal Contract Tower,0,0,27,4,31,0,7,96,0,103,0,7,123,4,134,156,14,170,304
12/03/2002,ALN,IL,AGL,CE,Federal Contract Tower,0,2,43,10,55,0,3,72,0,75,0,5,115,10,130,140,54,194,324
12/04/2002,ALN,IL,AGL,CE,Federal Contract Tower,0,0,11,2,13,0,0,0,0,0,0,0,11,2,13,10,2,12,25
12/05/2002,ALN,IL,AGL,CE,Federal Contract Tower,0,0,26,6,32,0,0,55,2,57,0,0,81,8,89,120,18,138,227
12/06/2002,ALN,IL,AGL,CE,Federal Contract Tower,0,0,42,1,43,0,4,54,1,59,0,4,96,2,102,114,4,118,220
12/07/2002,ALN,IL,AGL,CE,Federal Contract Tower,0,0,33,0,33,0,1,89,0,90,0,1,122,0,123,174,0,174,297
12/08/2002,ALN,IL,AGL,CE,Federal Contract Tower,0,0,26,1,27,0,0,44,1,45,0,0,70,2,72,72,4,76,148
12/09/2002,ALN,IL,AGL,CE,Federal Contract Tower,0,0,42,6,48,0,2,54,0,56,0,2,96,6,104,164,32,196,300
12/10/2002,ALN,IL,AGL,CE,Federal Contract Tower,0,0,43,6,49,0,2,71,0,73,0,2,114,6,122,106,32,138,260
12/11/2002,ALN,IL,AGL,CE,Federal Contract Tower,0,0,34,0,34,0,2,56,0,58,0,2,90,0,92,124,0,124,216
12/12/2002,ALN,IL,AGL,CE,Federal Contract Tower,0,0,35,2,37,0,2,33,4,39,0,2,68,6,76,120,6,126,202
12/13/2002,ALN,IL,AGL,CE,Federal Contract Tower,0,1,16,0,17,0,0,6,0,6,0,1,22,0,23,38,0,38,61
12/14/2002,ALN,IL,AGL,CE,Federal Contract Tower,0,0,34,0,34,0,7,70,0,77,0,7,104,0,111,140,0,140,251
12/15/2002,ALN,IL,AGL,CE,Federal Contract Tower,0,1,40,0,41,0,1,89,2,92,0,2,129,2,133,132,14,146,279
12/16/2002,ALN,IL,AGL,CE,Federal Contract Tower,0,0,47,6,53,0,5,53,0,58,0,5,100,6,111,76,34,110,221
12/17/2002,ALN,IL,AGL,CE,Federal Contract Tower,0,0,9,0,9,0,0,8,0,8,0,0,17,0,17,2,0,2,19
12/18/2002,ALN,IL,AGL,CE,Federal Contract Tower,0,2,5,0,7,0,0,4,0,4,0,2,9,0,11,2,0,2,13
12/19/2002,ALN,IL,AGL,CE,Federal Contract Tower,0,1,22,6,29,0,0,50,1,51,0,1,72,7,80,52,24,76,156
12/20/2002,ALN,IL,AGL,CE,Federal Contract Tower,0,0,14,2,16,0,0,59,0,59,0,0,73,2,75,62,22,84,159
12/21/2002,ALN,IL,AGL,CE,Federal Contract Tower,0,0,40,0,40,0,0,93,0,93,0,0,133,0,133,120,0,120,253
12/22/2002,ALN,IL,AGL,CE,Federal Contract Tower,0,2,35,0,37,0,4,48,0,52,0,6,83,0,89,54,0,54,143
12/23/2002,ALN,IL,AGL,CE,Federal Contract Tower,0,0,14,0,14,0,3,98,0,101,0,3,112,0,115,124,0,124,239
12/24/2002,ALN,IL,AGL,CE,Federal Contract Tower,0,0,0,0,0,0,0,4,0,4,0,0,4,0,4,12,0,12,16
12/25/2002,ALN,IL,AGL,CE,Federal Contract Tower,0,0,1,0,1,0,0,0,0,0,0,0,1,0,1,0,0,0,1
12/26/2002,ALN,IL,AGL,CE,Federal Contract Tower,0,0,8,1,9,0,2,52,1,55,0,2,60,2,64,46,2,48,112
12/27/2002,ALN,IL,AGL,CE,Federal Contract Tower,0,0,35,0,35,0,0,11,0,11,0,0,46,0,46,58,0,58,104
12/28/2002,ALN,IL,AGL,CE,Federal Contract Tower,0,0,68,0,68,0,0,32,0,32,0,0,100,0,100,136,0,136,236
12/29/2002,ALN,IL,AGL,CE,Federal Contract Tower,0,0,14,0,14,0,0,52,0,52,0,0,66,0,66,62,0,62,128
12/30/2002,ALN,IL,AGL,CE,Federal Contract Tower,0,0,11,2,13,0,4,32,0,36,0,4,43,2,49,26,4,30,79
12/31/2002,ALN,IL,AGL,CE,Federal Contract Tower,0,0,21,4,25,0,2,77,0,79,0,2,98,4,104,130,34,164,268
01/01/2003,ALN,IL,AGL,CE,Federal Contract Tower,0,1,6,0,7,0,3,23,0,26,0,4,29,0,33,28,0,28,61
01/02/2003,ALN,IL,AGL,CE,Federal Contract Tower,0,0,6,0,6,0,0,2,0,2,0,0,8,0,8,0,0,0,8
01/03/2003,ALN,IL,AGL,CE,Federal Contract Tower,0,2,27,2,31,0,3,89,0,92,0,5,116,2,123,80,14,94,217
01/04/2003,ALN,IL,AGL,CE,Federal Contract Tower,0,0,40,0,40,0,3,34,0,37,0,3,74,0,77,146,0,146,223
01/05/2003,ALN,IL,AGL,CE,Federal Contract Tower,0,0,34,0,34,0,0,2,0,2,0,0,36,0,36,38,0,38,74
01/06/2003,ALN,IL,AGL,CE,Federal Contract Tower,0,0,20,3,23,0,0,43,0,43,0,0,63,3,66,120,6,126,192
01/07/2003,ALN,IL,AGL,CE,Federal Contract Tower,0,0,32,0,32,0,6,104,0,110,0,6,136,0,142,144,0,144,286
01/08/2003,ALN,IL,AGL,CE,Federal Contract Tower,0,0,32,0,32,0,4,123,0,127,0,4,155,0,159,186,0,186,345
01/09/2003,ALN,IL,AGL,CE,Federal Contract Tower,0,2,18,2,22,0,3,81,0,84,0,5,99,2,106,128,8,136,242
01/10/2003,ALN,IL,AGL,CE,Federal Contract Tower,0,2,20,0,22,0,8,24,0,32,0,10,44,0,54,36,0,36,90
01/11/2003,ALN,IL,AGL,CE,Federal Contract Tower,0,1,41,0,42,0,1,87,0,88,0,2,128,0,130,104,0,104,234
01/12/2003,ALN,IL,AGL,CE,Federal Contract Tower,0,4,29,0,33,0,0,68,0,68,0,4,97,0,101,130,0,130,231
01/13/2003,ALN,IL,AGL,CE,Federal Contract Tower,0,0,21,0,21,0,0,75,0,75,0,0,96,0,96,156,0,156,252
01/14/2003,ALN,IL,AGL,CE,Federal Contract Tower,0,3,16,0,19,0,5,107,0,112,0,8,123,0,131,110,0,110,241
01/15/2003,ALN,IL,AGL,CE,Federal Contract Tower,0,0,24,1,25,0,6,118,1,125,0,6,142,2,150,148,18,166,316
01/16/2003,ALN,IL,AGL,CE,Federal Contract Tower,0,0,30,0,30,0,0,0,0,0,0,0,30,0,30,22,0,22,52
01/17/2003,ALN,IL,AGL,CE,Federal Contract Tower,0,2,41,4,47,0,0,39,0,39,0,2,80,4,86,84,8,92,178
01/18/2003,ALN,IL,AGL,CE,Federal Contract Tower,0,0,14,0,14,0,3,14,0,17,0,3,28,0,31,34,0,34,65
01/19/2003,ALN,IL,AGL,CE,Federal Contract Tower,0,0,18,0,18,0,0,62,0,62,0,0,80,0,80,94,0,94,174
01/20/2003,ALN,IL,AGL,CE,Federal Contract Tower,0,0,21,0,21,0,2,91,0,93,0,2,112,0,114,106,0,106,220
01/21/2003,ALN,IL,AGL,CE,Federal Contract Tower,0,0,41,0,41,0,7,112,0,119,0,7,153,0,160,178,0,178,338
01/22/2003,ALN,IL,AGL,CE,Federal Contract Tower,1,1,24,0,26,0,2,29,0,31,1,3,53,0,57,68,0,68,125
01/23/2003,ALN,IL,AGL,CE,Federal Contract Tower,0,3,28,0,31,0,1,21,0,22,0,4,49,0,53,22,0,22,75
01/24/2003,ALN,IL,AGL,CE,Federal Contract Tower,0,3,20,0,23,0,1,16,2,19,0,4,36,2,42,50,0,50,92
01/25/2003,ALN,IL,AGL,CE,Federal Contract Tower,0,0,29,0,29,0,0,81,0,81,0,0,110,0,110,136,0,136,246
01/26/2003,ALN,IL,AGL,CE,Federal Contract Tower,0,0,16,0,16,0,3,19,2,24,0,3,35,2,40,50,10,60,100
01/27/2003,ALN,IL,AGL,CE,Federal Contract Tower,0,1,19,1,21,0,8,59,1,68,0,9,78,2,89,110,4,114,203
01/28/2003,ALN,IL,AGL,CE,Federal Contract Tower,0,0,80,0,80,0,4,34,0,38,0,4,114,0,118,156,0,156,274
01/29/2003,ALN,IL,AGL,CE,Federal Contract Tower,0,1,12,0,13,0,1,7,0,8,0,2,19,0,21,0,0,0,21
01/30/2003,ALN,IL,AGL,CE,Federal Contract Tower,0,0,45,0,45,0,5,37,0,42,0,5,82,0,87,158,0,158,245
01/31/2003,ALN,IL,AGL,CE,Federal Contract Tower,0,0,18,0,18,0,2,0,0,2,0,2,18,0,20,16,0,16,36
02/01/2003,ALN,IL,AGL,CE,Federal Contract Tower,0,0,47,0,47,0,4,104,0,108,0,4,151,0,155,228,0,228,383
02/02/2003,ALN,IL,AGL,CE,Federal Contract Tower,0,4,28,0,32,0,0,123,0,123,0,4,151,0,155,122,0,122,277
02/03/2003,ALN,IL,AGL,CE,Federal Contract Tower,0,0,37,0,37,0,2,16,0,18,0,2,53,0,55,83,0,83,138
02/04/2003,ALN,IL,AGL,CE,Federal Contract Tower,0,2,53,0,55,0,3,45,0,48,0,5,98,0,103,124,0,124,227
02/05/2003,ALN,IL,AGL,CE,Federal Contract Tower,0,0,24,0,24,0,1,65,0,66,0,1,89,0,90,140,0,140,230
02/06/2003,ALN,IL,AGL,CE,Federal Contract Tower,0,0,6,0,6,0,0,0,0,0,0,0,6,0,6,0,0,0,6
02/07/2003,ALN,IL,AGL,CE,Federal Contract Tower,0,0,24,0,24,0,0,46,0,46,0,0,70,0,70,98,0,98,168
02/08/2003,ALN,IL,AGL,CE,Federal Contract Tower,0,0,33,0,33,0,5,115,4,124,0,5,148,4,157,116,6,122,279
02/09/2003,ALN,IL,AGL,CE,Federal Contract Tower,0,0,35,0,35,0,6,34,0,40,0,6,69,0,75,106,0,106,181
02/10/2003,ALN,IL,AGL,CE,Federal Contract Tower,0,0,49,0,49,0,8,24,0,32,0,8,73,0,81,84,0,84,165
02/11/2003,ALN,IL,AGL,CE,Federal Contract Tower,0,0,45,2,47,0,5,30,0,35,0,5,75,2,82,134,10,144,226
02/12/2003,ALN,IL,AGL,CE,Federal Contract Tower,0,0,37,1,38,0,5,81,1,87,0,5,118,2,125,164,4,168,293
02/13/2003,ALN,IL,AGL,CE,Federal Contract Tower,0,0,37,2,39,0,2,61,0,63,0,2,98,2,102,188,6,194,296
02/14/2003,ALN,IL,AGL,CE,Federal Contract Tower,0,0,20,0,20,0,0,0,0,0,0,0,20,0,20,26,0,26,46
02/15/2003,ALN,IL,AGL,CE,Federal Contract Tower,0,0,0,0,0,0,0,0,0,0,0,0,0,0,0,0,0,0,0
02/16/2003,ALN,IL,AGL,CE,Federal Contract Tower,0,0,2,0,2,0,0,0,0,0,0,0,2,0,2,0,0,0,2
02/17/2003,ALN,IL,AGL,CE,Federal Contract Tower,0,0,29,0,29,0,3,18,0,21,0,3,47,0,50,68,0,68,118
02/18/2003,ALN,IL,AGL,CE,Federal Contract Tower,0,1,41,0,42,0,1,41,0,42,0,2,82,0,84,108,0,108,192
02/19/2003,ALN,IL,AGL,CE,Federal Contract Tower,0,0,26,0,26,0,14,55,0,69,0,14,81,0,95,106,0,106,201
02/20/2003,ALN,IL,AGL,CE,Federal Contract Tower,0,0,49,6,55,0,5,81,0,86,0,5,130,6,141,142,16,158,299
02/21/2003,ALN,IL,AGL,CE,Federal Contract Tower,0,1,50,2,53,0,0,0,0,0,0,1,50,2,53,76,0,76,129
02/22/2003,ALN,IL,AGL,CE,Federal Contract Tower,0,0,1,0,1,0,0,0,0,0,0,0,1,0,1,0,0,0,1
02/23/2003,ALN,IL,AGL,CE,Federal Contract Tower,0,0,14,0,14,0,0,27,0,27,0,0,41,0,41,72,0,72,113
02/24/2003,ALN,IL,AGL,CE,Federal Contract Tower,0,0,26,0,26,0,4,32,0,36,0,4,58,0,62,54,0,54,116
02/25/2003,ALN,IL,AGL,CE,Federal Contract Tower,0,0,21,0,21,0,3,47,0,50,0,3,68,0,71,142,0,142,213
02/26/2003,ALN,IL,AGL,CE,Federal Contract Tower,0,0,25,0,25,0,4,31,0,35,0,4,56,0,60,132,0,132,192
02/27/2003,ALN,IL,AGL,CE,Federal Contract Tower,0,0,25,0,25,0,0,3,0,3,0,0,28,0,28,50,0,50,78
02/28/2003,ALN,IL,AGL,CE,Federal Contract Tower,0,0,22,0,22,0,1,48,0,49,0,1,70,0,71,46,0,46,117
03/01/2003,ALN,IL,AGL,CE,Federal Contract Tower,0,2,13,0,15,0,0,0,0,0,0,2,13,0,15,20,0,20,35
03/02/2003,ALN,IL,AGL,CE,Federal Contract Tower,0,0,18,0,18,0,1,39,0,40,0,1,57,0,58,68,0,68,126
03/03/2003,ALN,IL,AGL,CE,Federal Contract Tower,0,0,35,3,38,0,0,75,0,75,0,0,110,3,113,106,8,114,227
03/04/2003,ALN,IL,AGL,CE,Federal Contract Tower,0,1,29,0,30,0,4,48,0,52,0,5,77,0,82,112,0,112,194
03/05/2003,ALN,IL,AGL,CE,Federal Contract Tower,0,2,15,2,19,0,4,0,1,5,0,6,15,3,24,12,0,12,36
03/06/2003,ALN,IL,AGL,CE,Federal Contract Tower,0,2,55,5,62,0,5,66,0,71,0,7,121,5,133,162,10,172,305
03/07/2003,ALN,IL,AGL,CE,Federal Contract Tower,0,0,36,2,38,0,4,77,0,81,0,4,113,2,119,118,12,130,249
03/08/2003,ALN,IL,AGL,CE,Federal Contract Tower,0,2,35,2,39,0,0,81,0,81,0,2,116,2,120,116,30,146,266
03/09/2003,ALN,IL,AGL,CE,Federal Contract Tower,0,0,19,0,19,0,0,40,0,40,0,0,59,0,59,50,0,50,109
03/10/2003,ALN,IL,AGL,CE,Federal Contract Tower,0,0,37,7,44,0,4,90,0,94,0,4,127,7,138,136,28,164,302
03/11/2003,ALN,IL,AGL,CE,Federal Contract Tower,0,0,29,7,36,0,5,71,1,77,0,5,100,8,113,144,30,174,287
03/12/2003,ALN,IL,AGL,CE,Federal Contract Tower,0,2,54,0,56,0,1,70,0,71,0,3,124,0,127,272,0,272,399
03/13/2003,ALN,IL,AGL,CE,Federal Contract Tower,0,0,44,2,46,0,2,0,0,2,0,2,44,2,48,52,0,52,100
03/14/2003,ALN,IL,AGL,CE,Federal Contract Tower,0,4,54,0,58,0,0,16,0,16,0,4,70,0,74,56,0,56,130
03/15/2003,ALN,IL,AGL,CE,Federal Contract Tower,0,0,46,0,46,0,0,49,0,49,0,0,95,0,95,142,0,142,237
03/16/2003,ALN,IL,AGL,CE,Federal Contract Tower,0,0,36,0,36,0,1,54,2,57,0,1,90,2,93,114,0,114,207
03/17/2003,ALN,IL,AGL,CE,Federal Contract Tower,0,2,54,2,58,0,4,78,0,82,0,6,132,2,140,156,2,158,298
03/18/2003,ALN,IL,AGL,CE,Federal Contract Tower,0,0,28,2,30,0,3,25,0,28,0,3,53,2,58,240,10,250,308
03/19/2003,ALN,IL,AGL,CE,Federal Contract Tower,0,0,22,4,26,0,2,0,0,2,0,2,22,4,28,48,10,58,86
03/20/2003,ALN,IL,AGL,CE,Federal Contract Tower,0,0,39,0,39,0,4,11,0,15,0,4,50,0,54,78,0,78,132
03/21/2003,ALN,IL,AGL,CE,Federal Contract Tower,0,0,37,0,37,0,4,107,0,111,0,4,144,0,148,158,0,158,306
03/22/2003,ALN,IL,AGL,CE,Federal Contract Tower,0,0,32,0,32,0,0,124,4,128,0,0,156,4,160,226,0,226,386
03/23/2003,ALN,IL,AGL,CE,Federal Contract Tower,0,2,47,0,49,0,5,125,0,130,0,7,172,0,179,140,0,140,319
03/24/2003,ALN,IL,AGL,CE,Federal Contract Tower,0,0,25,3,28,0,4,59,1,64,0,4,84,4,92,112,12,124,216
03/25/2003,ALN,IL,AGL,CE,Federal Contract Tower,0,0,33,0,33,0,0,20,0,20,0,0,53,0,53,86,0,86,139
03/26/2003,ALN,IL,AGL,CE,Federal Contract Tower,0,0,59,0,59,0,4,103,0,107,0,4,162,0,166,158,0,158,324
03/27/2003,ALN,IL,AGL,CE,Federal Contract Tower,0,0,29,0,29,0,7,83,0,90,0,7,112,0,119,98,0,98,217
03/28/2003,ALN,IL,AGL,CE,Federal Contract Tower,0,1,22,0,23,0,0,0,0,0,0,1,22,0,23,6,0,6,29
03/29/2003,ALN,IL,AGL,CE,Federal Contract Tower,0,0,33,0,33,0,4,60,0,64,0,4,93,0,97,218,0,218,315
03/30/2003,ALN,IL,AGL,CE,Federal Contract Tower,0,0,32,0,32,0,2,118,0,120,0,2,150,0,152,168,0,168,320
03/31/2003,ALN,IL,AGL,CE,Federal Contract Tower,0,0,35,3,38,0,5,114,1,120,0,5,149,4,158,166,10,176,334
04/01/2003,ALN,IL,AGL,CE,Federal Contract Tower,0,3,27,2,32,0,1,20,0,21,0,4,47,2,53,32,6,38,91
04/02/2003,ALN,IL,AGL,CE,Federal Contract Tower,0,1,40,0,41,0,2,84,0,86,0,3,124,0,127,124,0,124,251
04/03/2003,ALN,IL,AGL,CE,Federal Contract Tower,0,0,43,12,55,0,3,59,0,62,0,3,102,12,117,178,24,202,319
04/04/2003,ALN,IL,AGL,CE,Federal Contract Tower,0,0,27,0,27,0,2,49,0,51,0,2,76,0,78,78,0,78,156
04/05/2003,ALN,IL,AGL,CE,Federal Contract Tower,0,0,38,0,38,0,1,63,0,64,0,1,101,0,102,142,0,142,244
04/06/2003,ALN,IL,AGL,CE,Federal Contract Tower,0,0,9,0,9,0,0,0,0,0,0,0,9,0,9,12,0,12,21
04/07/2003,ALN,IL,AGL,CE,Federal Contract Tower,0,0,55,0,55,0,2,10,0,12,0,2,65,0,67,52,0,52,119
04/08/2003,ALN,IL,AGL,CE,Federal Contract Tower,0,0,27,0,27,0,2,13,0,15,0,2,40,0,42,46,0,46,88
04/09/2003,ALN,IL,AGL,CE,Federal Contract Tower,0,0,43,0,43,0,4,65,3,72,0,4,108,3,115,136,4,140,255
04/10/2003,ALN,IL,AGL,CE,Federal Contract Tower,0,2,43,0,45,0,5,127,2,134,0,7,170,2,179,164,0,164,343
04/11/2003,ALN,IL,AGL,CE,Federal Contract Tower,0,1,38,1,40,0,6,128,1,135,0,7,166,2,175,192,8,200,375
04/12/2003,ALN,IL,AGL,CE,Federal Contract Tower,0,1,35,0,36,0,4,104,0,108,0,5,139,0,144,186,0,186,330
04/13/2003,ALN,IL,AGL,CE,Federal Contract Tower,0,0,18,1,19,0,2,111,1,114,0,2,129,2,133,146,2,148,281
04/14/2003,ALN,IL,AGL,CE,Federal Contract Tower,0,0,43,0,43,0,4,60,0,64,0,4,103,0,107,92,0,92,199
04/15/2003,ALN,IL,AGL,CE,Federal Contract Tower,0,0,41,0,41,0,4,52,2,58,0,4,93,2,99,108,2,110,209
04/16/2003,ALN,IL,AGL,CE,Federal Contract Tower,0,0,28,0,28,0,5,36,0,41,0,5,64,0,69,50,0,50,119
04/17/2003,ALN,IL,AGL,CE,Federal Contract Tower,0,0,47,0,47,0,2,5,0,7,0,2,52,0,54,52,0,52,106
04/18/2003,ALN,IL,AGL,CE,Federal Contract Tower,0,0,47,0,47,0,0,30,0,30,0,0,77,0,77,124,0,124,201
04/19/2003,ALN,IL,AGL,CE,Federal Contract Tower,0,0,26,0,26,0,0,25,0,25,0,0,51,0,51,72,0,72,123
04/20/2003,ALN,IL,AGL,CE,Federal Contract Tower,0,0,15,0,15,0,0,19,0,19,0,0,34,0,34,28,0,28,62
04/21/2003,ALN,IL,AGL,CE,Federal Contract Tower,0,4,50,0,54,0,2,50,0,52,0,6,100,0,106,142,0,142,248
04/22/2003,ALN,IL,AGL,CE,Federal Contract Tower,0,4,44,2,50,0,2,99,1,102,0,6,143,3,152,230,6,236,388
04/23/2003,ALN,IL,AGL,CE,Federal Contract Tower,0,2,59,0,61,0,8,117,0,125,0,10,176,0,186,230,0,230,416
04/24/2003,ALN,IL,AGL,CE,Federal Contract Tower,0,0,45,0,45,0,4,39,0,43,0,4,84,0,88,48,0,48,136
04/25/2003,ALN,IL,AGL,CE,Federal Contract Tower,0,1,29,0,30,0,0,0,0,0,0,1,29,0,30,14,0,14,44
04/26/2003,ALN,IL,AGL,CE,Federal Contract Tower,0,0,45,0,45,0,1,110,0,111,0,1,155,0,156,218,0,218,374
04/27/2003,ALN,IL,AGL,CE,Federal Contract Tower,0,1,42,0,43,0,3,120,0,123,0,4,162,0,166,174,0,174,340
04/28/2003,ALN,IL,AGL,CE,Federal Contract Tower,0,1,25,0,26,0,2,56,2,60,0,3,81,2,86,76,0,76,162
04/29/2003,ALN,IL,AGL,CE,Federal Contract Tower,0,3,38,0,41,0,3,88,0,91,0,6,126,0,132,212,0,212,344
04/30/2003,ALN,IL,AGL,CE,Federal Contract Tower,0,0,42,0,42,0,8,60,2,70,0,8,102,2,112,136,14,150,262
05/01/2003,ALN,IL,AGL,CE,Federal Contract Tower,0,2,32,0,34,0,6,73,4,83,0,8,105,4,117,142,0,142,259
05/02/2003,ALN,IL,AGL,CE,Federal Contract Tower,0,0,64,0,64,0,7,27,0,34,0,7,91,0,98,130,0,130,228
05/03/2003,ALN,IL,AGL,CE,Federal Contract Tower,0,0,49,0,49,0,9,157,0,166,0,9,206,0,215,252,0,252,467
05/04/2003,ALN,IL,AGL,CE,Federal Contract Tower,0,0,2,0,2,0,0,0,0,0,0,0,2,0,2,0,0,0,2
05/05/2003,ALN,IL,AGL,CE,Federal Contract Tower,0,0,40,14,54,0,3,76,1,80,0,3,116,15,134,216,40,256,390
05/06/2003,ALN,IL,AGL,CE,Federal Contract Tower,0,0,21,5,26,0,4,91,3,98,0,4,112,8,124,100,46,146,270
05/07/2003,ALN,IL,AGL,CE,Federal Contract Tower,0,0,42,0,42,0,5,94,2,101,0,5,136,2,143,180,0,180,323
05/08/2003,ALN,IL,AGL,CE,Federal Contract Tower,0,0,38,0,38,0,3,1,0,4,0,3,39,0,42,66,0,66,108
05/09/2003,ALN,IL,AGL,CE,Federal Contract Tower,0,1,68,0,69,0,1,59,0,60,0,2,127,0,129,170,0,170,299
05/10/2003,ALN,IL,AGL,CE,Federal Contract Tower,0,0,15,0,15,0,2,11,0,13,0,2,26,0,28,50,0,50,78
05/11/2003,ALN,IL,AGL,CE,Federal Contract Tower,0,0,6,0,6,0,0,6,0,6,0,0,12,0,12,14,0,14,26
05/12/2003,ALN,IL,AGL,CE,Federal Contract Tower,0,0,25,0,25,0,6,76,0,82,0,6,101,0,107,120,0,120,227
05/13/2003,ALN,IL,AGL,CE,Federal Contract Tower,0,0,28,0,28,0,6,132,0,138,0,6,160,0,166,174,0,174,340
05/14/2003,ALN,IL,AGL,CE,Federal Contract Tower,0,0,44,0,44,0,2,79,2,83,0,2,123,2,127,142,0,142,269
05/15/2003,ALN,IL,AGL,CE,Federal Contract Tower,0,2,63,0,65,0,3,62,2,67,0,5,125,2,132,174,0,174,306
05/16/2003,ALN,IL,AGL,CE,Federal Contract Tower,0,4,36,2,42,0,4,34,0,38,0,8,70,2,80,116,6,122,202
05/17/2003,ALN,IL,AGL,CE,Federal Contract Tower,0,0,36,0,36,0,0,2,0,2,0,0,38,0,38,36,0,36,74
05/18/2003,ALN,IL,AGL,CE,Federal Contract Tower,0,2,41,0,43,0,2,31,0,33,0,4,72,0,76,78,0,78,154
05/19/2003,ALN,IL,AGL,CE,Federal Contract Tower,0,4,33,1,38,0,5,81,1,87,0,9,114,2,125,146,4,150,275
05/20/2003,ALN,IL,AGL,CE,Federal Contract Tower,0,0,58,2,60,0,3,64,0,67,0,3,122,2,127,126,0,126,253
05/21/2003,ALN,IL,AGL,CE,Federal Contract Tower,0,0,69,0,69,0,4,95,0,99,0,4,164,0,168,130,0,130,298
05/22/2003,ALN,IL,AGL,CE,Federal Contract Tower,0,0,58,2,60,0,3,112,4,119,0,3,170,6,179,210,24,234,413
05/23/2003,ALN,IL,AGL,CE,Federal Contract Tower,0,1,50,0,51,0,6,110,0,116,0,7,160,0,167,168,0,168,335
05/24/2003,ALN,IL,AGL,CE,Federal Contract Tower,0,2,33,2,37,0,4,58,0,62,0,6,91,2,99,106,10,116,215
05/25/2003,ALN,IL,AGL,CE,Federal Contract Tower,0,0,21,0,21,0,2,51,0,53,0,2,72,0,74,68,0,68,142
05/26/2003,ALN,IL,AGL,CE,Federal Contract Tower,0,0,47,0,47,0,2,81,0,83,0,2,128,0,130,130,0,130,260
05/27/2003,ALN,IL,AGL,CE,Federal Contract Tower,0,0,45,0,45,0,4,98,0,102,0,4,143,0,147,182,0,182,329
05/28/2003,ALN,IL,AGL,CE,Federal Contract Tower,0,0,18,0,18,0,3,93,0,96,0,3,111,0,114,104,0,104,218
05/29/2003,ALN,IL,AGL,CE,Federal Contract Tower,0,1,37,1,39,0,2,102,1,105,0,3,139,2,144,110,22,132,276
05/30/2003,ALN,IL,AGL,CE,Federal Contract Tower,0,0,24,0,24,0,3,102,0,105,0,3,126,0,129,130,0,130,259
05/31/2003,ALN,IL,AGL,CE,Federal Contract Tower,0,0,23,0,23,0,2,24,0,26,0,2,47,0,49,54,0,54,103
06/01/2003,ALN,IL,AGL,CE,Federal Contract Tower,0,0,54,0,54,0,0,84,0,84,0,0,138,0,138,168,0,168,306
06/02/2003,ALN,IL,AGL,CE,Federal Contract Tower,0,0,63,0,63,0,2,6,0,8,0,2,69,0,71,116,0,116,187
06/03/2003,ALN,IL,AGL,CE,Federal Contract Tower,0,0,41,0,41,0,3,13,0,16,0,3,54,0,57,42,0,42,99
06/04/2003,ALN,IL,AGL,CE,Federal Contract Tower,0,1,64,0,65,0,5,112,0,117,0,6,176,0,182,198,0,198,380
06/05/2003,ALN,IL,AGL,CE,Federal Contract Tower,0,0,56,2,58,0,3,114,0,117,0,3,170,2,175,202,4,206,381
06/06/2003,ALN,IL,AGL,CE,Federal Contract Tower,0,0,25,2,27,0,0,35,4,39,0,0,60,6,66,48,6,54,120
06/07/2003,ALN,IL,AGL,CE,Federal Contract Tower,0,2,42,0,44,0,4,194,0,198,0,6,236,0,242,94,0,94,336
06/08/2003,ALN,IL,AGL,CE,Federal Contract Tower,0,4,39,0,43,0,8,35,0,43,0,12,74,0,86,44,0,44,130
06/09/2003,ALN,IL,AGL,CE,Federal Contract Tower,0,0,29,0,29,0,4,98,2,104,0,4,127,2,133,116,6,122,255
06/10/2003,ALN,IL,AGL,CE,Federal Contract Tower,0,0,23,0,23,0,1,27,0,28,0,1,50,0,51,54,0,54,105
06/11/2003,ALN,IL,AGL,CE,Federal Contract Tower,0,0,27,0,27,0,3,48,0,51,0,3,75,0,78,58,0,58,136
06/12/2003,ALN,IL,AGL,CE,Federal Contract Tower,0,2,39,0,41,0,4,63,0,67,0,6,102,0,108,124,0,124,232
06/13/2003,ALN,IL,AGL,CE,Federal Contract Tower,0,0,34,0,34,0,4,83,0,87,0,4,117,0,121,146,0,146,267
06/14/2003,ALN,IL,AGL,CE,Federal Contract Tower,0,0,63,0,63,0,0,61,0,61,0,0,124,0,124,132,0,132,256
06/15/2003,ALN,IL,AGL,CE,Federal Contract Tower,0,0,10,0,10,0,0,60,0,60,0,0,70,0,70,78,0,78,148
06/16/2003,ALN,IL,AGL,CE,Federal Contract Tower,0,2,35,0,37,0,2,101,2,105,0,4,136,2,142,122,4,126,268
06/17/2003,ALN,IL,AGL,CE,Federal Contract Tower,0,0,31,0,31,0,5,90,0,95,0,5,121,0,126,150,0,150,276
06/18/2003,ALN,IL,AGL,CE,Federal Contract Tower,0,0,55,3,58,0,0,82,7,89,0,0,137,10,147,168,18,186,333
06/19/2003,ALN,IL,AGL,CE,Federal Contract Tower,0,0,42,0,42,0,0,81,2,83,0,0,123,2,125,146,0,146,271
06/20/2003,ALN,IL,AGL,CE,Federal Contract Tower,0,0,40,14,54,0,6,135,2,143,0,6,175,16,197,182,66,248,445
06/21/2003,ALN,IL,AGL,CE,Federal Contract Tower,0,0,37,0,37,0,4,109,0,113,0,4,146,0,150,150,0,150,300
06/22/2003,ALN,IL,AGL,CE,Federal Contract Tower,0,0,24,0,24,0,1,90,0,91,0,1,114,0,115,120,0,120,235
06/23/2003,ALN,IL,AGL,CE,Federal Contract Tower,0,1,30,0,31,0,6,93,0,99,0,7,123,0,130,114,0,114,244
06/24/2003,ALN,IL,AGL,CE,Federal Contract Tower,0,0,28,0,28,0,6,98,0,104,0,6,126,0,132,106,0,106,238
06/25/2003,ALN,IL,AGL,CE,Federal Contract Tower,0,3,58,2,63,0,0,78,0,78,0,3,136,2,141,134,2,136,277
06/26/2003,ALN,IL,AGL,CE,Federal Contract Tower,0,0,38,0,38,0,2,47,0,49,0,2,85,0,87,114,0,114,201
06/27/2003,ALN,IL,AGL,CE,Federal Contract Tower,0,0,43,0,43,0,5,114,0,119,0,5,157,0,162,142,0,142,304
06/28/2003,ALN,IL,AGL,CE,Federal Contract Tower,0,0,32,2,34,0,3,111,0,114,0,3,143,2,148,138,14,152,300
06/29/2003,ALN,IL,AGL,CE,Federal Contract Tower,0,0,12,2,14,0,3,99,0,102,0,3,111,2,116,112,18,130,246
06/30/2003,ALN,IL,AGL,CE,Federal Contract Tower,0,0,19,2,21,0,0,43,0,43,0,0,62,2,64,64,6,70,134
07/01/2003,ALN,IL,AGL,CE,Federal Contract Tower,0,2,54,0,56,0,0,40,0,40,0,2,94,0,96,124,0,124,220
07/02/2003,ALN,IL,AGL,CE,Federal Contract Tower,0,0,52,0,52,0,6,37,0,43,0,6,89,0,95,128,0,128,223
07/03/2003,ALN,IL,AGL,CE,Federal Contract Tower,0,1,33,0,34,0,2,54,0,56,0,3,87,0,90,94,0,94,184
07/04/2003,ALN,IL,AGL,CE,Federal Contract Tower,0,0,5,0,5,0,0,30,0,30,0,0,35,0,35,26,0,26,61
07/05/2003,ALN,IL,AGL,CE,Federal Contract Tower,0,0,12,0,12,0,0,58,0,58,0,0,70,0,70,62,0,62,132
07/06/2003,ALN,IL,AGL,CE,Federal Contract Tower,0,0,20,0,20,0,7,72,0,79,0,7,92,0,99,76,0,76,175
07/07/2003,ALN,IL,AGL,CE,Federal Contract Tower,0,2,35,0,37,0,2,73,0,75,0,4,108,0,112,94,0,94,206
07/08/2003,ALN,IL,AGL,CE,Federal Contract Tower,0,1,51,0,52,0,0,13,2,15,0,1,64,2,67,88,10,98,165
07/09/2003,ALN,IL,AGL,CE,Federal Contract Tower,0,1,24,0,25,0,1,49,0,50,0,2,73,0,75,96,0,96,171
07/10/2003,ALN,IL,AGL,CE,Federal Contract Tower,0,0,20,0,20,0,2,41,0,43,0,2,61,0,63,78,0,78,141
07/11/2003,ALN,IL,AGL,CE,Federal Contract Tower,0,0,38,0,38,0,0,82,0,82,0,0,120,0,120,122,0,122,242
07/12/2003,ALN,IL,AGL,CE,Federal Contract Tower,0,0,29,0,29,0,0,81,0,81,0,0,110,0,110,138,0,138,248
07/13/2003,ALN,IL,AGL,CE,Federal Contract Tower,0,0,54,0,54,0,0,61,0,61,0,0,115,0,115,124,0,124,239
07/14/2003,ALN,IL,AGL,CE,Federal Contract Tower,0,0,72,0,72,0,8,66,0,74,0,8,138,0,146,116,0,116,262
07/15/2003,ALN,IL,AGL,CE,Federal Contract Tower,0,0,45,0,45,0,2,12,0,14,0,2,57,0,59,78,0,78,137
07/16/2003,ALN,IL,AGL,CE,Federal Contract Tower,2,0,49,0,51,2,4,59,0,65,4,4,108,0,116,182,0,182,298
07/17/2003,ALN,IL,AGL,CE,Federal Contract Tower,0,1,23,0,24,0,7,86,0,93,0,8,109,0,117,100,0,100,217
07/18/2003,ALN,IL,AGL,CE,Federal Contract Tower,2,0,27,0,29,0,2,15,0,17,2,2,42,0,46,28,0,28,74
07/19/2003,ALN,IL,AGL,CE,Federal Contract Tower,0,1,45,0,46,0,0,33,0,33,0,1,78,0,79,106,0,106,185
07/20/2003,ALN,IL,AGL,CE,Federal Contract Tower,0,1,66,0,67,0,0,33,0,33,0,1,99,0,100,122,0,122,222
07/21/2003,ALN,IL,AGL,CE,Federal Contract Tower,0,1,46,0,47,0,0,40,0,40,0,1,86,0,87,100,0,100,187
07/22/2003,ALN,IL,AGL,CE,Federal Contract Tower,0,0,40,3,43,0,10,69,0,79,0,10,109,3,122,122,8,130,252
07/23/2003,ALN,IL,AGL,CE,Federal Contract Tower,0,2,42,0,44,0,0,54,0,54,0,2,96,0,98,100,0,100,198
07/24/2003,ALN,IL,AGL,CE,Federal Contract Tower,0,2,56,0,58,0,0,71,0,71,0,2,127,0,129,132,0,132,261
07/25/2003,ALN,IL,AGL,CE,Federal Contract Tower,0,1,64,4,69,4,2,78,0,84,4,3,142,4,153,184,26,210,363
07/26/2003,ALN,IL,AGL,CE,Federal Contract Tower,2,2,35,0,39,0,1,63,0,64,2,3,98,0,103,102,0,102,205
07/27/2003,ALN,IL,AGL,CE,Federal Contract Tower,0,0,23,0,23,0,0,59,0,59,0,0,82,0,82,46,0,46,128
07/28/2003,ALN,IL,AGL,CE,Federal Contract Tower,0,0,20,0,20,0,2,31,0,33,0,2,51,0,53,90,0,90,143
07/29/2003,ALN,IL,AGL,CE,Federal Contract Tower,0,0,36,0,36,0,3,85,2,90,0,3,121,2,126,72,8,80,206
07/30/2003,ALN,IL,AGL,CE,Federal Contract Tower,0,0,45,0,45,0,2,47,0,49,0,2,92,0,94,128,0,128,222
07/31/2003,ALN,IL,AGL,CE,Federal Contract Tower,0,0,78,0,78,0,2,10,0,12,0,2,88,0,90,126,0,126,216
08/01/2003,ALN,IL,AGL,CE,Federal Contract Tower,0,0,26,0,26,0,0,39,0,39,0,0,65,0,65,80,0,80,145
08/02/2003,ALN,IL,AGL,CE,Federal Contract Tower,0,1,22,0,23,0,1,24,0,25,0,2,46,0,48,60,0,60,108
08/03/2003,ALN,IL,AGL,CE,Federal Contract Tower,0,0,38,0,38,0,0,35,0,35,0,0,73,0,73,72,0,72,145
08/04/2003,ALN,IL,AGL,CE,Federal Contract Tower,0,0,29,0,29,0,6,80,0,86,0,6,109,0,115,136,0,136,251
08/05/2003,ALN,IL,AGL,CE,Federal Contract Tower,0,2,45,0,47,0,4,71,2,77,0,6,116,2,124,180,10,190,314
08/06/2003,ALN,IL,AGL,CE,Federal Contract Tower,0,0,41,0,41,0,3,69,0,72,0,3,110,0,113,86,0,86,199
08/07/2003,ALN,IL,AGL,CE,Federal Contract Tower,0,1,61,0,62,0,0,11,0,11,0,1,72,0,73,108,0,108,181
08/08/2003,ALN,IL,AGL,CE,Federal Contract Tower,0,4,40,0,44,0,0,76,2,78,0,4,116,2,122,142,12,154,276
08/09/2003,ALN,IL,AGL,CE,Federal Contract Tower,0,0,23,5,28,0,0,61,0,61,0,0,84,5,89,92,18,110,199
08/10/2003,ALN,IL,AGL,CE,Federal Contract Tower,0,2,22,0,24,0,8,90,0,98,0,10,112,0,122,72,0,72,194
08/11/2003,ALN,IL,AGL,CE,Federal Contract Tower,0,3,18,0,21,0,4,77,2,83,0,7,95,2,104,70,12,82,186
08/12/2003,ALN,IL,AGL,CE,Federal Contract Tower,5,1,70,0,76,0,3,5,0,8,5,4,75,0,84,142,0,142,226
08/13/2003,ALN,IL,AGL,CE,Federal Contract Tower,0,1,23,0,24,0,0,49,0,49,0,1,72,0,73,60,0,60,133
08/14/2003,ALN,IL,AGL,CE,Federal Contract Tower,0,1,41,0,42,0,0,48,0,48,0,1,89,0,90,118,0,118,208
08/15/2003,ALN,IL,AGL,CE,Federal Contract Tower,2,1,33,2,38,0,3,47,0,50,2,4,80,2,88,126,6,132,220
08/16/2003,ALN,IL,AGL,CE,Federal Contract Tower,0,0,30,0,30,0,13,86,0,99,0,13,116,0,129,124,0,124,253
08/17/2003,ALN,IL,AGL,CE,Federal Contract Tower,0,0,19,0,19,0,7,44,0,51,0,7,63,0,70,70,0,70,140
08/18/2003,ALN,IL,AGL,CE,Federal Contract Tower,0,0,43,2,45,0,3,90,0,93,0,3,133,2,138,118,26,144,282
08/19/2003,ALN,IL,AGL,CE,Federal Contract Tower,0,2,65,0,67,0,4,43,6,53,0,6,108,6,120,150,0,150,270
08/20/2003,ALN,IL,AGL,CE,Federal Contract Tower,0,0,47,0,47,0,6,46,4,56,0,6,93,4,103,128,24,152,255
08/21/2003,ALN,IL,AGL,CE,Federal Contract Tower,0,2,26,0,28,0,2,31,2,35,0,4,57,2,63,92,14,106,169
08/22/2003,ALN,IL,AGL,CE,Federal Contract Tower,0,0,35,0,35,0,3,93,8,104,0,3,128,8,139,112,32,144,283
08/23/2003,ALN,IL,AGL,CE,Federal Contract Tower,0,0,33,0,33,0,11,81,0,92,0,11,114,0,125,136,0,136,261
08/24/2003,ALN,IL,AGL,CE,Federal Contract Tower,0,3,76,0,79,0,2,19,0,21,0,5,95,0,100,140,0,140,240
08/25/2003,ALN,IL,AGL,CE,Federal Contract Tower,0,0,67,0,67,0,2,3,2,7,0,2,70,2,74,140,0,140,214
08/26/2003,ALN,IL,AGL,CE,Federal Contract Tower,0,0,28,3,31,0,9,22,3,34,0,9,50,6,65,46,34,80,145
08/27/2003,ALN,IL,AGL,CE,Federal Contract Tower,0,0,40,0,40,0,3,90,4,97,0,3,130,4,137,150,24,174,311
08/28/2003,ALN,IL,AGL,CE,Federal Contract Tower,0,0,38,0,38,0,0,65,0,65,0,0,103,0,103,150,0,150,253
08/29/2003,ALN,IL,AGL,CE,Federal Contract Tower,0,0,24,0,24,0,0,34,0,34,0,0,58,0,58,92,0,92,150
08/30/2003,ALN,IL,AGL,CE,Federal Contract Tower,0,0,56,0,56,0,0,4,0,4,0,0,60,0,60,110,0,110,170
08/31/2003,ALN,IL,AGL,CE,Federal Contract Tower,0,0,10,0,10,0,0,7,0,7,0,0,17,0,17,10,0,10,27
09/01/2003,ALN,IL,AGL,CE,Federal Contract Tower,0,0,24,0,24,0,0,1,0,1,0,0,25,0,25,18,0,18,43
09/02/2003,ALN,IL,AGL,CE,Federal Contract Tower,0,3,57,0,60,0,0,35,0,35,0,3,92,0,95,128,0,128,223
09/03/2003,ALN,IL,AGL,CE,Federal Contract Tower,0,7,99,0,106,0,0,27,0,27,0,7,126,0,133,140,0,140,273
09/04/2003,ALN,IL,AGL,CE,Federal Contract Tower,0,4,80,0,84,0,0,60,1,61,0,4,140,1,145,308,6,314,459
09/05/2003,ALN,IL,AGL,CE,Federal Contract Tower,0,1,32,2,35,0,2,70,10,82,0,3,102,12,117,162,10,172,289
09/06/2003,ALN,IL,AGL,CE,Federal Contract Tower,0,1,44,0,45,0,0,78,4,82,0,1,122,4,127,164,4,168,295
09/07/2003,ALN,IL,AGL,CE,Federal Contract Tower,0,1,14,6,21,0,0,96,2,98,0,1,110,8,119,112,16,128,247
09/08/2003,ALN,IL,AGL,CE,Federal Contract Tower,0,4,35,0,39,0,0,72,4,76,0,4,107,4,115,166,14,180,295
09/09/2003,ALN,IL,AGL,CE,Federal Contract Tower,0,1,59,0,60,0,0,67,6,73,0,1,126,6,133,164,20,184,317
09/10/2003,ALN,IL,AGL,CE,Federal Contract Tower,0,4,51,1,56,0,1,75,7,83,0,5,126,8,139,160,36,196,335
09/11/2003,ALN,IL,AGL,CE,Federal Contract Tower,0,3,43,0,46,0,1,61,4,66,0,4,104,4,112,142,20,162,274
09/12/2003,ALN,IL,AGL,CE,Federal Contract Tower,0,5,32,0,37,0,0,11,1,12,0,5,43,1,49,76,0,76,125
09/13/2003,ALN,IL,AGL,CE,Federal Contract Tower,0,1,10,0,11,0,0,347,4,351,0,1,357,4,362,224,8,232,594
09/14/2003,ALN,IL,AGL,CE,Federal Contract Tower,0,0,27,0,27,0,0,36,4,40,0,0,63,4,67,58,24,82,149
09/15/2003,ALN,IL,AGL,CE,Federal Contract Tower,0,4,55,0,59,0,0,63,4,67,0,4,118,4,126,146,28,174,300
09/16/2003,ALN,IL,AGL,CE,Federal Contract Tower,0,1,61,5,67,0,3,88,1,92,0,4,149,6,159,198,32,230,389
09/17/2003,ALN,IL,AGL,CE,Federal Contract Tower,0,1,47,1,49,0,6,108,0,114,0,7,155,1,163,194,0,194,357
09/18/2003,ALN,IL,AGL,CE,Federal Contract Tower,0,3,36,0,39,0,0,54,0,54,0,3,90,0,93,146,0,146,239
09/19/2003,ALN,IL,AGL,CE,Federal Contract Tower,0,0,31,0,31,0,0,62,0,62,0,0,93,0,93,98,0,98,191
09/20/2003,ALN,IL,AGL,CE,Federal Contract Tower,1,1,24,0,26,0,6,110,1,117,1,7,134,1,143,154,0,154,297
09/21/2003,ALN,IL,AGL,CE,Federal Contract Tower,1,2,30,0,33,0,0,45,1,46,1,2,75,1,79,100,0,100,179
09/22/2003,ALN,IL,AGL,CE,Federal Contract Tower,0,0,40,0,40,0,0,29,0,29,0,0,69,0,69,88,0,88,157
09/23/2003,ALN,IL,AGL,CE,Federal Contract Tower,0,3,27,0,30,0,1,73,2,76,0,4,100,2,106,148,6,154,260
09/24/2003,ALN,IL,AGL,CE,Federal Contract Tower,0,1,34,8,43,0,4,63,0,67,0,5,97,8,110,80,32,112,222
09/25/2003,ALN,IL,AGL,CE,Federal Contract Tower,0,5,20,0,25,0,1,113,0,114,0,6,133,0,139,136,0,136,275
09/26/2003,ALN,IL,AGL,CE,Federal Contract Tower,0,3,19,0,22,0,3,58,2,63,0,6,77,2,85,94,0,94,179
09/27/2003,ALN,IL,AGL,CE,Federal Contract Tower,0,0,43,5,48,0,3,37,0,40,0,3,80,5,88,118,6,124,212
09/28/2003,ALN,IL,AGL,CE,Federal Contract Tower,0,4,38,4,46,0,2,48,0,50,0,6,86,4,96,78,28,106,202
09/29/2003,ALN,IL,AGL,CE,Federal Contract Tower,0,3,38,0,41,0,6,89,0,95,0,9,127,0,136,158,0,158,294
09/30/2003,ALN,IL,AGL,CE,Federal Contract Tower,0,0,48,0,48,0,0,21,0,21,0,0,69,0,69,94,0,94,163
10/01/2003,ALN,IL,AGL,CE,Federal Contract Tower,0,2,53,0,55,0,0,60,0,60,0,2,113,0,115,154,0,154,269
10/02/2003,ALN,IL,AGL,CE,Federal Contract Tower,0,1,22,0,23,0,3,73,2,78,0,4,95,2,101,100,4,104,205
10/03/2003,ALN,IL,AGL,CE,Federal Contract Tower,0,2,47,0,49,0,6,18,0,24,0,8,65,0,73,130,0,130,203
10/04/2003,ALN,IL,AGL,CE,Federal Contract Tower,0,2,46,0,48,0,0,106,0,106,0,2,152,0,154,130,0,130,284
10/05/2003,ALN,IL,AGL,CE,Federal Contract Tower,0,1,27,0,28,0,3,104,0,107,0,4,131,0,135,100,0,100,235
10/06/2003,ALN,IL,AGL,CE,Federal Contract Tower,0,1,31,0,32,0,0,95,0,95,0,1,126,0,127,176,0,176,303
10/07/2003,ALN,IL,AGL,CE,Federal Contract Tower,0,1,28,0,29,0,3,63,0,66,0,4,91,0,95,158,0,158,253
10/08/2003,ALN,IL,AGL,CE,Federal Contract Tower,0,1,33,0,34,0,4,89,2,95,0,5,122,2,129,162,0,162,291
10/09/2003,ALN,IL,AGL,CE,Federal Contract Tower,0,0,26,0,26,0,0,1,0,1,0,0,27,0,27,40,0,40,67
10/10/2003,ALN,IL,AGL,CE,Federal Contract Tower,0,1,33,0,34,0,5,74,0,79,0,6,107,0,113,166,0,166,279
10/11/2003,ALN,IL,AGL,CE,Federal Contract Tower,0,0,12,0,12,0,0,17,0,17,0,0,29,0,29,52,0,52,81
10/12/2003,ALN,IL,AGL,CE,Federal Contract Tower,0,1,18,0,19,0,1,85,0,86,0,2,103,0,105,44,0,44,149
10/13/2003,ALN,IL,AGL,CE,Federal Contract Tower,0,2,50,0,52,0,0,55,2,57,0,2,105,2,109,162,2,164,273
10/14/2003,ALN,IL,AGL,CE,Federal Contract Tower,0,1,18,0,19,0,1,11,0,12,0,2,29,0,31,62,0,62,93
10/15/2003,ALN,IL,AGL,CE,Federal Contract Tower,0,1,35,0,36,0,3,119,2,124,0,4,154,2,160,208,0,208,368
10/16/2003,ALN,IL,AGL,CE,Federal Contract Tower,0,1,32,0,33,0,2,65,0,67,0,3,97,0,100,169,0,169,269
10/17/2003,ALN,IL,AGL,CE,Federal Contract Tower,0,1,27,0,28,0,4,77,0,81,0,5,104,0,109,154,0,154,263
10/18/2003,ALN,IL,AGL,CE,Federal Contract Tower,0,1,28,0,29,0,0,107,0,107,0,1,135,0,136,100,0,100,236
10/19/2003,ALN,IL,AGL,CE,Federal Contract Tower,0,0,24,0,24,0,2,82,0,84,0,2,106,0,108,118,0,118,226
10/20/2003,ALN,IL,AGL,CE,Federal Contract Tower,0,0,25,0,25,0,0,53,0,53,0,0,78,0,78,86,0,86,164
10/21/2003,ALN,IL,AGL,CE,Federal Contract Tower,0,0,36,0,36,0,8,125,0,133,0,8,161,0,169,142,0,142,311
10/22/2003,ALN,IL,AGL,CE,Federal Contract Tower,0,0,39,1,40,0,2,84,3,89,0,2,123,4,129,140,8,148,277
10/23/2003,ALN,IL,AGL,CE,Federal Contract Tower,0,0,37,0,37,0,2,83,0,85,0,2,120,0,122,168,0,168,290
10/24/2003,ALN,IL,AGL,CE,Federal Contract Tower,0,1,43,0,44,0,3,74,0,77,0,4,117,0,121,118,0,118,239
10/25/2003,ALN,IL,AGL,CE,Federal Contract Tower,0,0,32,0,32,0,0,1,0,1,0,0,33,0,33,42,0,42,75
10/26/2003,ALN,IL,AGL,CE,Federal Contract Tower,0,0,24,1,25,0,0,49,2,51,0,0,73,3,76,96,6,102,178
10/27/2003,ALN,IL,AGL,CE,Federal Contract Tower,0,0,32,0,32,0,7,114,0,121,0,7,146,0,153,230,0,230,383
10/28/2003,ALN,IL,AGL,CE,Federal Contract Tower,0,0,34,0,34,0,4,88,0,92,0,4,122,0,126,106,0,106,232
10/29/2003,ALN,IL,AGL,CE,Federal Contract Tower,0,3,93,0,96,0,1,44,2,47,0,4,137,2,143,206,0,206,349
10/30/2003,ALN,IL,AGL,CE,Federal Contract Tower,0,1,48,0,49,0,5,8,3,16,0,6,56,3,65,68,0,68,133
10/31/2003,ALN,IL,AGL,CE,Federal Contract Tower,0,0,39,0,39,0,0,31,0,31,0,0,70,0,70,148,0,148,218
11/01/2003,ALN,IL,AGL,CE,Federal Contract Tower,0,0,30,0,30,0,0,0,0,0,0,0,30,0,30,50,0,50,80
11/02/2003,ALN,IL,AGL,CE,Federal Contract Tower,0,1,17,0,18,0,1,101,0,102,0,2,118,0,120,112,0,112,232
11/03/2003,ALN,IL,AGL,CE,Federal Contract Tower,0,2,31,0,33,0,6,114,0,120,0,8,145,0,153,154,0,154,307
11/04/2003,ALN,IL,AGL,CE,Federal Contract Tower,0,2,37,0,39,0,1,77,0,78,0,3,114,0,117,90,0,90,207
11/05/2003,ALN,IL,AGL,CE,Federal Contract Tower,0,2,41,0,43,0,2,17,0,19,0,4,58,0,62,74,0,74,136
11/06/2003,ALN,IL,AGL,CE,Federal Contract Tower,0,0,35,1,36,0,0,0,8,8,0,0,35,9,44,34,26,60,104
11/07/2003,ALN,IL,AGL,CE,Federal Contract Tower,0,2,35,0,37,0,3,72,0,75,0,5,107,0,112,134,0,134,246
11/08/2003,ALN,IL,AGL,CE,Federal Contract Tower,0,1,19,0,20,0,2,76,2,80,0,3,95,2,100,126,0,126,226
11/09/2003,ALN,IL,AGL,CE,Federal Contract Tower,0,1,22,0,23,0,2,57,0,59,0,3,79,0,82,136,0,136,218
11/10/2003,ALN,IL,AGL,CE,Federal Contract Tower,0,0,37,1,38,0,0,40,1,41,0,0,77,2,79,134,2,136,215
11/11/2003,ALN,IL,AGL,CE,Federal Contract Tower,0,0,58,2,60,0,0,8,0,8,0,0,66,2,68,64,14,78,146
11/12/2003,ALN,IL,AGL,CE,Federal Contract Tower,0,1,27,2,30,0,3,44,5,52,0,4,71,7,82,44,34,78,160
11/13/2003,ALN,IL,AGL,CE,Federal Contract Tower,0,2,51,0,53,0,2,83,0,85,0,4,134,0,138,176,0,176,314
11/14/2003,ALN,IL,AGL,CE,Federal Contract Tower,0,2,29,0,31,0,5,43,0,48,0,7,72,0,79,54,0,54,133
11/15/2003,ALN,IL,AGL,CE,Federal Contract Tower,0,2,30,2,34,0,1,0,0,1,0,3,30,2,35,90,6,96,131
11/16/2003,ALN,IL,AGL,CE,Federal Contract Tower,0,1,43,2,46,0,0,74,0,74,0,1,117,2,120,134,0,134,254
11/17/2003,ALN,IL,AGL,CE,Federal Contract Tower,0,0,12,0,12,0,2,0,0,2,0,2,12,0,14,4,0,4,18
11/18/2003,ALN,IL,AGL,CE,Federal Contract Tower,0,0,7,0,7,0,1,6,0,7,0,1,13,0,14,26,0,26,40
11/19/2003,ALN,IL,AGL,CE,Federal Contract Tower,0,1,38,0,39,0,5,106,0,111,0,6,144,0,150,108,0,108,258
11/20/2003,ALN,IL,AGL,CE,Federal Contract Tower,0,1,36,2,39,0,1,115,0,116,0,2,151,2,155,274,2,276,431
11/21/2003,ALN,IL,AGL,CE,Federal Contract Tower,0,0,26,2,28,0,2,113,0,115,0,2,139,2,143,190,0,190,333
11/22/2003,ALN,IL,AGL,CE,Federal Contract Tower,0,1,45,0,46,0,1,45,0,46,0,2,90,0,92,104,0,104,196
11/23/2003,ALN,IL,AGL,CE,Federal Contract Tower,0,0,0,0,0,0,0,0,0,0,0,0,0,0,0,0,0,0,0
11/24/2003,ALN,IL,AGL,CE,Federal Contract Tower,0,0,25,1,26,0,1,25,1,27,0,1,50,2,53,56,6,62,115
11/25/2003,ALN,IL,AGL,CE,Federal Contract Tower,0,0,27,2,29,0,4,70,1,75,0,4,97,3,104,72,28,100,204
11/26/2003,ALN,IL,AGL,CE,Federal Contract Tower,0,0,24,0,24,0,5,91,0,96,0,5,115,0,120,130,0,130,250
11/27/2003,ALN,IL,AGL,CE,Federal Contract Tower,0,0,6,0,6,0,6,4,0,10,0,6,10,0,16,26,0,26,42
11/28/2003,ALN,IL,AGL,CE,Federal Contract Tower,0,0,21,0,21,0,0,3,0,3,0,0,24,0,24,24,0,24,48
11/29/2003,ALN,IL,AGL,CE,Federal Contract Tower,0,0,22,0,22,0,0,81,0,81,0,0,103,0,103,80,0,80,183
11/30/2003,ALN,IL,AGL,CE,Federal Contract Tower,0,0,26,0,26,0,2,84,0,86,0,2,110,0,112,138,0,138,250
12/01/2003,ALN,IL,AGL,CE,Federal Contract Tower,0,2,21,0,23,0,3,104,0,107,0,5,125,0,130,112,0,112,242
12/02/2003,ALN,IL,AGL,CE,Federal Contract Tower,0,3,25,0,28,0,3,95,2,100,0,6,120,2,128,126,28,154,282
12/03/2003,ALN,IL,AGL,CE,Federal Contract Tower,0,2,18,0,20,0,2,50,2,54,0,4,68,2,74,60,12,72,146
12/04/2003,ALN,IL,AGL,CE,Federal Contract Tower,0,0,15,0,15,0,0,1,0,1,0,0,16,0,16,0,0,0,16
12/05/2003,ALN,IL,AGL,CE,Federal Contract Tower,0,0,8,0,8,0,3,4,0,7,0,3,12,0,15,6,0,6,21
12/06/2003,ALN,IL,AGL,CE,Federal Contract Tower,0,0,35,1,36,0,0,71,1,72,0,0,106,2,108,120,4,124,232
12/07/2003,ALN,IL,AGL,CE,Federal Contract Tower,0,0,26,0,26,0,0,52,0,52,0,0,78,0,78,126,0,126,204
12/08/2003,ALN,IL,AGL,CE,Federal Contract Tower,0,2,34,1,37,0,0,32,1,33,0,2,66,2,70,90,0,90,160
12/09/2003,ALN,IL,AGL,CE,Federal Contract Tower,0,0,25,0,25,0,0,0,0,0,0,0,25,0,25,18,0,18,43
12/10/2003,ALN,IL,AGL,CE,Federal Contract Tower,0,1,17,0,18,0,4,0,0,4,0,5,17,0,22,4,0,4,26
12/11/2003,ALN,IL,AGL,CE,Federal Contract Tower,0,2,43,0,45,0,0,71,0,71,0,2,114,0,116,172,0,172,288
12/12/2003,ALN,IL,AGL,CE,Federal Contract Tower,0,2,27,1,30,0,5,83,1,89,0,7,110,2,119,132,0,132,251
12/13/2003,ALN,IL,AGL,CE,Federal Contract Tower,0,0,5,0,5,0,0,5,0,5,0,0,10,0,10,8,0,8,18
12/14/2003,ALN,IL,AGL,CE,Federal Contract Tower,0,0,2,0,2,0,0,6,0,6,0,0,8,0,8,24,0,24,32
12/15/2003,ALN,IL,AGL,CE,Federal Contract Tower,0,2,35,0,37,0,0,11,0,11,0,2,46,0,48,22,0,22,70
12/16/2003,ALN,IL,AGL,CE,Federal Contract Tower,0,3,37,1,41,0,4,65,1,70,0,7,102,2,111,70,22,92,203
12/17/2003,ALN,IL,AGL,CE,Federal Contract Tower,0,1,24,1,26,0,2,52,3,57,0,3,76,4,83,78,14,92,175
12/18/2003,ALN,IL,AGL,CE,Federal Contract Tower,0,1,20,0,21,0,2,14,0,16,0,3,34,0,37,42,0,42,79
12/19/2003,ALN,IL,AGL,CE,Federal Contract Tower,0,2,31,0,33,0,1,14,0,15,0,3,45,0,48,86,0,86,134
12/20/2003,ALN,IL,AGL,CE,Federal Contract Tower,0,0,13,0,13,0,5,100,0,105,0,5,113,0,118,202,0,202,320
12/21/2003,ALN,IL,AGL,CE,Federal Contract Tower,0,0,11,0,11,0,3,28,0,31,0,3,39,0,42,38,0,38,80
12/22/2003,ALN,IL,AGL,CE,Federal Contract Tower,0,0,18,0,18,0,1,27,0,28,0,1,45,0,46,82,0,82,128
12/23/2003,ALN,IL,AGL,CE,Federal Contract Tower,0,0,16,0,16,0,2,16,0,18,0,2,32,0,34,20,0,20,54
12/24/2003,ALN,IL,AGL,CE,Federal Contract Tower,0,2,34,0,36,0,2,18,2,22,0,4,52,2,58,58,12,70,128
12/25/2003,ALN,IL,AGL,CE,Federal Contract Tower,0,0,2,0,2,0,0,13,0,13,0,0,15,0,15,8,0,8,23
12/26/2003,ALN,IL,AGL,CE,Federal Contract Tower,0,1,22,0,23,0,2,76,0,78,0,3,98,0,101,116,0,116,217
12/27/2003,ALN,IL,AGL,CE,Federal Contract Tower,0,2,26,0,28,0,2,85,0,87,0,4,111,0,115,104,0,104,219
12/28/2003,ALN,IL,AGL,CE,Federal Contract Tower,0,1,19,0,20,0,2,42,0,44,0,3,61,0,64,48,0,48,112
12/29/2003,ALN,IL,AGL,CE,Federal Contract Tower,0,0,22,0,22,0,0,71,2,73,0,0,93,2,95,104,2,106,201
12/30/2003,ALN,IL,AGL,CE,Federal Contract Tower,0,2,49,0,51,0,13,55,0,68,0,15,104,0,119,130,0,130,249
12/31/2003,ALN,IL,AGL,CE,Federal Contract Tower,0,0,18,0,18,0,0,49,0,49,0,0,67,0,67,82,0,82,149
01/01/2004,ALN,IL,AGL,CE,Federal Contract Tower,0,0,3,0,3,0,0,8,0,8,0,0,11,0,11,8,0,8,19
01/02/2004,ALN,IL,AGL,CE,Federal Contract Tower,0,0,23,4,27,0,0,17,0,17,0,0,40,4,44,74,16,90,134
01/03/2004,ALN,IL,AGL,CE,Federal Contract Tower,0,0,24,1,25,0,0,30,1,31,0,0,54,2,56,116,2,118,174
01/04/2004,ALN,IL,AGL,CE,Federal Contract Tower,0,0,7,0,7,0,0,1,0,1,0,0,8,0,8,2,0,2,10
01/05/2004,ALN,IL,AGL,CE,Federal Contract Tower,0,0,16,0,16,0,2,0,0,2,0,2,16,0,18,0,0,0,18
01/06/2004,ALN,IL,AGL,CE,Federal Contract Tower,0,0,21,0,21,0,3,29,0,32,0,3,50,0,53,16,0,16,69
01/07/2004,ALN,IL,AGL,CE,Federal Contract Tower,0,3,34,0,37,0,1,90,0,91,0,4,124,0,128,128,0,128,256
01/08/2004,ALN,IL,AGL,CE,Federal Contract Tower,0,0,15,0,15,0,4,66,0,70,0,4,81,0,85,118,0,118,203
01/09/2004,ALN,IL,AGL,CE,Federal Contract Tower,0,3,46,2,51,0,1,41,0,42,0,4,87,2,93,156,4,160,253
01/10/2004,ALN,IL,AGL,CE,Federal Contract Tower,0,0,37,0,37,0,0,91,0,91,0,0,128,0,128,194,0,194,322
01/11/2004,ALN,IL,AGL,CE,Federal Contract Tower,0,3,38,0,41,0,7,52,0,59,0,10,90,0,100,102,0,102,202
01/12/2004,ALN,IL,AGL,CE,Federal Contract Tower,0,0,36,2,38,0,0,74,0,74,0,0,110,2,112,80,2,82,194
01/13/2004,ALN,IL,AGL,CE,Federal Contract Tower,0,0,27,0,27,0,5,100,0,105,0,5,127,0,132,130,0,130,262
01/14/2004,ALN,IL,AGL,CE,Federal Contract Tower,0,0,24,0,24,0,4,89,2,95,0,4,113,2,119,112,24,136,255
01/15/2004,ALN,IL,AGL,CE,Federal Contract Tower,0,2,42,0,44,0,2,92,0,94,0,4,134,0,138,106,0,106,244
01/16/2004,ALN,IL,AGL,CE,Federal Contract Tower,0,0,24,2,26,0,7,48,4,59,0,7,72,6,85,98,10,108,193
01/17/2004,ALN,IL,AGL,CE,Federal Contract Tower,0,0,12,0,12,0,0,0,0,0,0,0,12,0,12,18,0,18,30
01/18/2004,ALN,IL,AGL,CE,Federal Contract Tower,0,0,22,0,22,0,0,14,0,14,0,0,36,0,36,50,0,50,86
01/19/2004,ALN,IL,AGL,CE,Federal Contract Tower,0,0,31,1,32,0,0,43,5,48,0,0,74,6,80,104,24,128,208
01/20/2004,ALN,IL,AGL,CE,Federal Contract Tower,0,2,34,0,36,0,5,101,0,106,0,7,135,0,142,188,0,188,330
01/21/2004,ALN,IL,AGL,CE,Federal Contract Tower,0,0,27,0,27,2,1,39,0,42,2,1,66,0,69,100,0,100,169
01/22/2004,ALN,IL,AGL,CE,Federal Contract Tower,0,0,28,1,29,0,0,45,1,46,0,0,73,2,75,86,0,86,161
01/23/2004,ALN,IL,AGL,CE,Federal Contract Tower,0,2,42,0,44,0,10,46,0,56,0,12,88,0,100,128,0,128,228
01/24/2004,ALN,IL,AGL,CE,Federal Contract Tower,0,0,35,1,36,0,0,125,1,126,0,0,160,2,162,240,4,244,406
01/25/2004,ALN,IL,AGL,CE,Federal Contract Tower,0,0,0,0,0,0,0,0,0,0,0,0,0,0,0,0,0,0,0
01/26/2004,ALN,IL,AGL,CE,Federal Contract Tower,0,0,2,0,2,0,0,0,0,0,0,0,2,0,2,0,0,0,2
01/27/2004,ALN,IL,AGL,CE,Federal Contract Tower,0,0,8,0,8,0,0,2,0,2,0,0,10,0,10,8,0,8,18
01/28/2004,ALN,IL,AGL,CE,Federal Contract Tower,0,0,25,0,25,0,2,35,0,37,0,2,60,0,62,40,0,40,102
01/29/2004,ALN,IL,AGL,CE,Federal Contract Tower,0,0,16,0,16,0,1,15,4,20,0,1,31,4,36,8,6,14,50
01/30/2004,ALN,IL,AGL,CE,Federal Contract Tower,0,0,17,0,17,0,0,13,0,13,0,0,30,0,30,10,0,10,40
01/31/2004,ALN,IL,AGL,CE,Federal Contract Tower,0,0,18,0,18,0,2,19,2,23,0,2,37,2,41,18,6,24,65
02/01/2004,ALN,IL,AGL,CE,Federal Contract Tower,0,0,5,0,5,0,2,28,0,30,0,2,33,0,35,6,0,6,41
02/02/2004,ALN,IL,AGL,CE,Federal Contract Tower,0,0,9,0,9,0,0,1,0,1,0,0,10,0,10,2,0,2,12
02/03/2004,ALN,IL,AGL,CE,Federal Contract Tower,0,0,15,0,15,0,5,49,0,54,0,5,64,0,69,54,0,54,123
02/04/2004,ALN,IL,AGL,CE,Federal Contract Tower,0,0,20,1,21,0,2,35,1,38,0,2,55,2,59,80,4,84,143
02/05/2004,ALN,IL,AGL,CE,Federal Contract Tower,0,0,2,0,2,0,0,1,0,1,0,0,3,0,3,0,0,0,3
02/06/2004,ALN,IL,AGL,CE,Federal Contract Tower,0,0,16,0,16,0,0,7,0,7,0,0,23,0,23,0,0,0,23
02/07/2004,ALN,IL,AGL,CE,Federal Contract Tower,0,0,4,0,4,0,0,6,0,6,0,0,10,0,10,4,0,4,14
02/08/2004,ALN,IL,AGL,CE,Federal Contract Tower,0,0,13,0,13,0,0,43,0,43,0,0,56,0,56,62,0,62,118
02/09/2004,ALN,IL,AGL,CE,Federal Contract Tower,0,0,12,0,12,0,0,52,0,52,0,0,64,0,64,200,0,200,264
02/10/2004,ALN,IL,AGL,CE,Federal Contract Tower,0,0,25,2,27,0,7,73,2,82,0,7,98,4,109,186,4,190,299
02/11/2004,ALN,IL,AGL,CE,Federal Contract Tower,0,2,44,0,46,0,7,110,0,117,0,9,154,0,163,148,0,148,311
02/12/2004,ALN,IL,AGL,CE,Federal Contract Tower,0,2,36,2,40,0,3,35,0,38,0,5,71,2,78,60,2,62,140
02/13/2004,ALN,IL,AGL,CE,Federal Contract Tower,0,0,26,0,26,0,1,58,0,59,0,1,84,0,85,106,0,106,191
02/14/2004,ALN,IL,AGL,CE,Federal Contract Tower,0,0,27,0,27,0,5,139,0,144,0,5,166,0,171,170,0,170,341
02/15/2004,ALN,IL,AGL,CE,Federal Contract Tower,0,0,20,0,20,0,2,51,0,53,0,2,71,0,73,86,0,86,159
02/16/2004,ALN,IL,AGL,CE,Federal Contract Tower,0,2,48,0,50,8,0,93,0,101,8,2,141,0,151,222,0,222,373
02/17/2004,ALN,IL,AGL,CE,Federal Contract Tower,0,2,40,2,44,0,2,108,0,110,0,4,148,2,154,190,0,190,344
02/18/2004,ALN,IL,AGL,CE,Federal Contract Tower,0,3,67,0,70,8,3,49,0,60,8,6,116,0,130,196,0,196,326
02/19/2004,ALN,IL,AGL,CE,Federal Contract Tower,0,0,39,2,41,0,0,63,0,63,0,0,102,2,104,92,4,96,200
02/20/2004,ALN,IL,AGL,CE,Federal Contract Tower,0,2,29,4,35,0,6,0,2,8,0,8,29,6,43,28,20,48,91
02/21/2004,ALN,IL,AGL,CE,Federal Contract Tower,0,0,16,0,16,0,2,57,0,59,0,2,73,0,75,130,0,130,205
02/22/2004,ALN,IL,AGL,CE,Federal Contract Tower,0,0,28,0,28,0,3,84,0,87,0,3,112,0,115,144,0,144,259
02/23/2004,ALN,IL,AGL,CE,Federal Contract Tower,0,0,21,0,21,1,9,78,0,88,1,9,99,0,109,132,0,132,241
02/24/2004,ALN,IL,AGL,CE,Federal Contract Tower,0,2,45,2,49,0,4,49,0,53,0,6,94,2,102,126,0,126,228
02/25/2004,ALN,IL,AGL,CE,Federal Contract Tower,0,2,58,2,62,0,10,32,0,42,0,12,90,2,104,104,18,122,226
02/26/2004,ALN,IL,AGL,CE,Federal Contract Tower,0,0,65,4,69,0,0,81,0,81,0,0,146,4,150,194,22,216,366
02/27/2004,ALN,IL,AGL,CE,Federal Contract Tower,0,0,50,2,52,0,0,42,0,42,0,0,92,2,94,154,2,156,250
02/28/2004,ALN,IL,AGL,CE,Federal Contract Tower,0,0,21,0,21,0,2,143,0,145,0,2,164,0,166,180,0,180,346
02/29/2004,ALN,IL,AGL,CE,Federal Contract Tower,0,0,0,0,0,0,0,0,0,0,0,0,0,0,0,0,0,0,0
03/01/2004,ALN,IL,AGL,CE,Federal Contract Tower,0,1,22,1,24,0,4,3,5,12,0,5,25,6,36,20,2,22,58
03/02/2004,ALN,IL,AGL,CE,Federal Contract Tower,0,2,35,1,38,0,0,30,1,31,0,2,65,2,69,98,0,98,167
03/03/2004,ALN,IL,AGL,CE,Federal Contract Tower,0,2,34,0,36,0,0,4,0,4,0,2,38,0,40,36,0,36,76
03/04/2004,ALN,IL,AGL,CE,Federal Contract Tower,0,1,16,0,17,0,1,0,0,1,0,2,16,0,18,26,0,26,44
03/05/2004,ALN,IL,AGL,CE,Federal Contract Tower,0,0,21,0,21,0,0,29,6,35,0,0,50,6,56,60,20,80,136
03/06/2004,ALN,IL,AGL,CE,Federal Contract Tower,0,1,40,2,43,0,0,67,0,67,0,1,107,2,110,134,8,142,252
03/07/2004,ALN,IL,AGL,CE,Federal Contract Tower,0,1,19,0,20,0,2,16,2,20,0,3,35,2,40,38,2,40,80
03/08/2004,ALN,IL,AGL,CE,Federal Contract Tower,0,1,29,2,32,0,1,65,0,66,0,2,94,2,98,118,8,126,224
03/09/2004,ALN,IL,AGL,CE,Federal Contract Tower,0,2,32,1,35,0,2,31,2,35,0,4,63,3,70,84,4,88,158
03/10/2004,ALN,IL,AGL,CE,Federal Contract Tower,0,1,17,0,18,0,2,54,4,60,0,3,71,4,78,108,12,120,198
03/11/2004,ALN,IL,AGL,CE,Federal Contract Tower,0,1,22,0,23,0,0,49,0,49,0,1,71,0,72,74,0,74,146
03/12/2004,ALN,IL,AGL,CE,Federal Contract Tower,0,0,53,0,53,0,0,94,0,94,0,0,147,0,147,224,0,224,371
03/13/2004,ALN,IL,AGL,CE,Federal Contract Tower,0,0,33,0,33,0,0,60,0,60,0,0,93,0,93,134,0,134,227
03/14/2004,ALN,IL,AGL,CE,Federal Contract Tower,0,1,25,0,26,0,0,22,0,22,0,1,47,0,48,48,0,48,96
03/15/2004,ALN,IL,AGL,CE,Federal Contract Tower,0,0,30,0,30,0,0,35,0,35,0,0,65,0,65,102,0,102,167
03/16/2004,ALN,IL,AGL,CE,Federal Contract Tower,0,0,10,1,11,0,0,0,1,1,0,0,10,2,12,2,0,2,14
03/17/2004,ALN,IL,AGL,CE,Federal Contract Tower,0,0,25,0,25,0,8,41,0,49,0,8,66,0,74,156,0,156,230
03/18/2004,ALN,IL,AGL,CE,Federal Contract Tower,0,0,42,3,45,0,0,60,1,61,0,0,102,4,106,98,2,100,206
03/19/2004,ALN,IL,AGL,CE,Federal Contract Tower,0,1,38,0,39,0,1,60,0,61,0,2,98,0,100,164,0,164,264
03/20/2004,ALN,IL,AGL,CE,Federal Contract Tower,0,0,20,1,21,0,4,29,3,36,0,4,49,4,57,40,14,54,111
03/21/2004,ALN,IL,AGL,CE,Federal Contract Tower,0,0,21,0,21,0,4,45,0,49,0,4,66,0,70,68,0,68,138
03/22/2004,ALN,IL,AGL,CE,Federal Contract Tower,0,0,38,0,38,0,0,40,0,40,0,0,78,0,78,112,0,112,190
03/23/2004,ALN,IL,AGL,CE,Federal Contract Tower,0,0,38,0,38,0,0,44,0,44,0,0,82,0,82,122,0,122,204
03/24/2004,ALN,IL,AGL,CE,Federal Contract Tower,0,0,21,0,21,0,4,53,0,57,0,4,74,0,78,128,0,128,206
03/25/2004,ALN,IL,AGL,CE,Federal Contract Tower,0,1,43,0,44,0,7,38,0,45,0,8,81,0,89,120,0,120,209
03/26/2004,ALN,IL,AGL,CE,Federal Contract Tower,0,0,29,0,29,0,2,9,0,11,0,2,38,0,40,16,0,16,56
03/27/2004,ALN,IL,AGL,CE,Federal Contract Tower,0,0,25,0,25,0,3,54,0,57,0,3,79,0,82,156,0,156,238
03/28/2004,ALN,IL,AGL,CE,Federal Contract Tower,0,0,8,0,8,0,0,18,0,18,0,0,26,0,26,32,0,32,58
03/29/2004,ALN,IL,AGL,CE,Federal Contract Tower,0,1,37,1,39,0,2,60,1,63,0,3,97,2,102,148,0,148,250
03/30/2004,ALN,IL,AGL,CE,Federal Contract Tower,0,1,39,1,41,0,6,68,0,74,0,7,107,1,115,140,0,140,255
03/31/2004,ALN,IL,AGL,CE,Federal Contract Tower,0,1,36,2,39,0,2,0,4,6,0,3,36,6,45,36,4,40,85
04/01/2004,ALN,IL,AGL,CE,Federal Contract Tower,0,2,44,0,46,0,2,50,0,52,0,4,94,0,98,108,0,108,206
04/02/2004,ALN,IL,AGL,CE,Federal Contract Tower,0,2,38,1,41,0,4,76,2,82,0,6,114,3,123,184,6,190,313
04/03/2004,ALN,IL,AGL,CE,Federal Contract Tower,0,1,20,0,21,0,1,78,0,79,0,2,98,0,100,154,0,154,254
04/04/2004,ALN,IL,AGL,CE,Federal Contract Tower,0,0,12,0,12,0,0,92,0,92,0,0,104,0,104,76,0,76,180
04/05/2004,ALN,IL,AGL,CE,Federal Contract Tower,0,3,30,0,33,0,9,50,0,59,0,12,80,0,92,76,0,76,168
04/06/2004,ALN,IL,AGL,CE,Federal Contract Tower,0,2,49,1,52,0,0,52,1,53,0,2,101,2,105,148,4,152,257
04/07/2004,ALN,IL,AGL,CE,Federal Contract Tower,0,2,52,2,56,0,2,71,2,75,0,4,123,4,131,148,30,178,309
04/08/2004,ALN,IL,AGL,CE,Federal Contract Tower,0,1,38,2,41,0,3,48,0,51,0,4,86,2,92,196,0,196,288
04/09/2004,ALN,IL,AGL,CE,Federal Contract Tower,0,0,26,0,26,0,2,79,0,81,0,2,105,0,107,202,0,202,309
04/10/2004,ALN,IL,AGL,CE,Federal Contract Tower,0,0,8,0,8,0,1,27,0,28,0,1,35,0,36,88,0,88,124
04/11/2004,ALN,IL,AGL,CE,Federal Contract Tower,0,0,7,0,7,0,6,37,0,43,0,6,44,0,50,2,0,2,52
04/12/2004,ALN,IL,AGL,CE,Federal Contract Tower,0,1,45,2,48,0,2,51,0,53,0,3,96,2,101,90,2,92,193
04/13/2004,ALN,IL,AGL,CE,Federal Contract Tower,0,3,61,0,64,0,9,64,0,73,0,12,125,0,137,144,0,144,281
04/14/2004,ALN,IL,AGL,CE,Federal Contract Tower,0,0,31,0,31,0,4,122,0,126,0,4,153,0,157,168,0,168,325
04/15/2004,ALN,IL,AGL,CE,Federal Contract Tower,0,0,26,0,26,0,6,81,0,87,0,6,107,0,113,82,0,82,195
04/16/2004,ALN,IL,AGL,CE,Federal Contract Tower,0,0,30,0,30,0,19,131,0,150,0,19,161,0,180,200,0,200,380
04/17/2004,ALN,IL,AGL,CE,Federal Contract Tower,0,1,38,0,39,0,1,79,0,80,0,2,117,0,119,218,0,218,337
04/18/2004,ALN,IL,AGL,CE,Federal Contract Tower,0,0,11,0,11,0,8,28,0,36,0,8,39,0,47,38,0,38,85
04/19/2004,ALN,IL,AGL,CE,Federal Contract Tower,0,2,45,0,47,0,5,45,0,50,0,7,90,0,97,120,0,120,217
04/20/2004,ALN,IL,AGL,CE,Federal Contract Tower,0,0,27,0,27,0,4,33,0,37,0,4,60,0,64,52,0,52,116
04/21/2004,ALN,IL,AGL,CE,Federal Contract Tower,0,2,50,0,52,0,5,94,0,99,0,7,144,0,151,180,0,180,331
04/22/2004,ALN,IL,AGL,CE,Federal Contract Tower,0,2,56,2,60,0,2,64,0,66,0,4,120,2,126,126,2,128,254
04/23/2004,ALN,IL,AGL,CE,Federal Contract Tower,0,0,28,0,28,0,11,68,0,79,0,11,96,0,107,100,0,100,207
04/24/2004,ALN,IL,AGL,CE,Federal Contract Tower,0,0,20,0,20,0,1,0,0,1,0,1,20,0,21,16,0,16,37
04/25/2004,ALN,IL,AGL,CE,Federal Contract Tower,0,2,31,0,33,0,0,35,0,35,0,2,66,0,68,92,0,92,160
04/26/2004,ALN,IL,AGL,CE,Federal Contract Tower,0,2,31,0,33,0,6,74,8,88,0,8,105,8,121,128,32,160,281
04/27/2004,ALN,IL,AGL,CE,Federal Contract Tower,0,1,43,0,44,0,1,61,0,62,0,2,104,0,106,158,0,158,264
04/28/2004,ALN,IL,AGL,CE,Federal Contract Tower,0,0,26,0,26,0,4,72,0,76,0,4,98,0,102,74,0,74,176
04/29/2004,ALN,IL,AGL,CE,Federal Contract Tower,0,1,33,1,35,0,2,71,1,74,0,3,104,2,109,130,2,132,241
04/30/2004,ALN,IL,AGL,CE,Federal Contract Tower,0,0,35,0,35,0,0,49,0,49,0,0,84,0,84,110,0,110,194
05/01/2004,ALN,IL,AGL,CE,Federal Contract Tower,0,2,36,0,38,0,0,0,0,0,0,2,36,0,38,54,0,54,92
05/02/2004,ALN,IL,AGL,CE,Federal Contract Tower,0,1,18,0,19,0,2,26,0,28,0,3,44,0,47,50,0,50,97
05/03/2004,ALN,IL,AGL,CE,Federal Contract Tower,0,2,40,2,44,0,5,126,1,132,0,7,166,3,176,160,6,166,342
05/04/2004,ALN,IL,AGL,CE,Federal Contract Tower,0,1,24,1,26,0,5,122,2,129,0,6,146,3,155,220,6,226,381
05/05/2004,ALN,IL,AGL,CE,Federal Contract Tower,0,2,34,0,36,0,6,155,0,161,0,8,189,0,197,180,0,180,377
05/06/2004,ALN,IL,AGL,CE,Federal Contract Tower,0,2,45,0,47,0,7,108,0,115,0,9,153,0,162,142,0,142,304
05/07/2004,ALN,IL,AGL,CE,Federal Contract Tower,0,1,25,0,26,0,3,70,0,73,0,4,95,0,99,98,0,98,197
05/08/2004,ALN,IL,AGL,CE,Federal Contract Tower,0,1,21,0,22,0,7,130,0,137,0,8,151,0,159,160,0,160,319
05/09/2004,ALN,IL,AGL,CE,Federal Contract Tower,0,1,7,0,8,0,4,42,0,46,0,5,49,0,54,36,0,36,90
05/10/2004,ALN,IL,AGL,CE,Federal Contract Tower,0,1,21,0,22,0,4,79,0,83,0,5,100,0,105,136,0,136,241
05/11/2004,ALN,IL,AGL,CE,Federal Contract Tower,0,1,27,0,28,0,4,67,0,71,0,5,94,0,99,110,0,110,209
05/12/2004,ALN,IL,AGL,CE,Federal Contract Tower,0,2,42,2,46,0,0,26,2,28,0,2,68,4,74,110,42,152,226
05/13/2004,ALN,IL,AGL,CE,Federal Contract Tower,0,2,34,1,37,0,0,6,1,7,0,2,40,2,44,26,0,26,70
05/14/2004,ALN,IL,AGL,CE,Federal Contract Tower,0,2,34,1,37,0,2,6,1,9,0,4,40,2,46,50,0,50,96
05/15/2004,ALN,IL,AGL,CE,Federal Contract Tower,0,1,21,0,22,0,1,91,0,92,0,2,112,0,114,142,0,142,256
05/16/2004,ALN,IL,AGL,CE,Federal Contract Tower,0,2,30,1,33,0,0,64,1,65,0,2,94,2,98,66,2,68,166
05/17/2004,ALN,IL,AGL,CE,Federal Contract Tower,0,0,28,0,28,0,4,91,0,95,0,4,119,0,123,112,0,112,235
05/18/2004,ALN,IL,AGL,CE,Federal Contract Tower,0,1,32,0,33,0,7,32,0,39,0,8,64,0,72,64,0,64,136
05/19/2004,ALN,IL,AGL,CE,Federal Contract Tower,0,0,26,0,26,0,4,35,0,39,0,4,61,0,65,92,0,92,157
05/20/2004,ALN,IL,AGL,CE,Federal Contract Tower,0,0,21,0,21,0,5,54,0,59,0,5,75,0,80,136,0,136,216
05/21/2004,ALN,IL,AGL,CE,Federal Contract Tower,0,0,21,0,21,0,5,59,0,64,0,5,80,0,85,116,0,116,201
05/22/2004,ALN,IL,AGL,CE,Federal Contract Tower,0,1,30,0,31,0,0,57,0,57,0,1,87,0,88,100,0,100,188
05/23/2004,ALN,IL,AGL,CE,Federal Contract Tower,0,0,14,0,14,0,2,10,0,12,0,2,24,0,26,14,0,14,40
05/24/2004,ALN,IL,AGL,CE,Federal Contract Tower,0,1,40,0,41,0,1,87,0,88,0,2,127,0,129,118,0,118,247
05/25/2004,ALN,IL,AGL,CE,Federal Contract Tower,0,0,21,0,21,0,5,51,0,56,0,5,72,0,77,48,0,48,125
05/26/2004,ALN,IL,AGL,CE,Federal Contract Tower,0,0,17,0,17,0,10,26,0,36,0,10,43,0,53,42,0,42,95
05/27/2004,ALN,IL,AGL,CE,Federal Contract Tower,0,0,28,0,28,0,2,10,0,12,0,2,38,0,40,68,0,68,108
05/28/2004,ALN,IL,AGL,CE,Federal Contract Tower,0,1,48,0,49,0,8,75,0,83,0,9,123,0,132,128,0,128,260
05/29/2004,ALN,IL,AGL,CE,Federal Contract Tower,0,0,18,0,18,0,2,42,0,44,0,2,60,0,62,60,0,60,122
05/30/2004,ALN,IL,AGL,CE,Federal Contract Tower,0,0,1,0,1,0,0,14,0,14,0,0,15,0,15,6,0,6,21
05/31/2004,ALN,IL,AGL,CE,Federal Contract Tower,0,1,46,2,49,0,3,24,0,27,0,4,70,2,76,64,12,76,152
06/01/2004,ALN,IL,AGL,CE,Federal Contract Tower,0,1,26,0,27,0,2,47,0,49,0,3,73,0,76,100,0,100,176
06/02/2004,ALN,IL,AGL,CE,Federal Contract Tower,0,1,24,0,25,0,5,114,3,122,0,6,138,3,147,124,0,124,271
06/03/2004,ALN,IL,AGL,CE,Federal Contract Tower,0,1,24,0,25,0,8,150,0,158,0,9,174,0,183,142,0,142,325
06/04/2004,ALN,IL,AGL,CE,Federal Contract Tower,0,2,36,1,39,0,7,102,1,110,0,9,138,2,149,118,0,118,267
06/05/2004,ALN,IL,AGL,CE,Federal Contract Tower,0,2,35,0,37,0,0,269,0,269,0,2,304,0,306,164,0,164,470
06/06/2004,ALN,IL,AGL,CE,Federal Contract Tower,0,1,16,0,17,0,5,44,0,49,0,6,60,0,66,72,0,72,138
06/07/2004,ALN,IL,AGL,CE,Federal Contract Tower,0,2,30,0,32,0,5,94,2,101,0,7,124,2,133,92,4,96,229
06/08/2004,ALN,IL,AGL,CE,Federal Contract Tower,0,1,27,0,28,0,6,41,5,52,0,7,68,5,80,98,2,100,180
06/09/2004,ALN,IL,AGL,CE,Federal Contract Tower,0,2,28,0,30,0,3,22,0,25,0,5,50,0,55,38,0,38,93
06/10/2004,ALN,IL,AGL,CE,Federal Contract Tower,0,0,22,1,23,0,2,29,3,34,0,2,51,4,57,32,2,34,91
06/11/2004,ALN,IL,AGL,CE,Federal Contract Tower,0,1,28,0,29,0,10,103,0,113,0,11,131,0,142,122,0,122,264
06/12/2004,ALN,IL,AGL,CE,Federal Contract Tower,0,0,13,0,13,0,2,37,0,39,0,2,50,0,52,70,0,70,122
06/13/2004,ALN,IL,AGL,CE,Federal Contract Tower,0,0,18,0,18,0,5,78,0,83,0,5,96,0,101,104,0,104,205
06/14/2004,ALN,IL,AGL,CE,Federal Contract Tower,0,1,38,2,41,0,3,48,6,57,0,4,86,8,98,84,50,134,232
06/15/2004,ALN,IL,AGL,CE,Federal Contract Tower,0,1,31,0,32,0,7,60,0,67,0,8,91,0,99,82,0,82,181
06/16/2004,ALN,IL,AGL,CE,Federal Contract Tower,0,0,17,0,17,0,1,24,0,25,0,1,41,0,42,8,0,8,50
06/17/2004,ALN,IL,AGL,CE,Federal Contract Tower,0,1,40,0,41,0,4,81,0,85,0,5,121,0,126,112,0,112,238
06/18/2004,ALN,IL,AGL,CE,Federal Contract Tower,0,2,57,2,61,0,1,62,4,67,0,3,119,6,128,96,14,110,238
06/19/2004,ALN,IL,AGL,CE,Federal Contract Tower,0,0,20,1,21,0,0,102,1,103,0,0,122,2,124,58,2,60,184
06/20/2004,ALN,IL,AGL,CE,Federal Contract Tower,0,0,16,0,16,0,4,110,0,114,0,4,126,0,130,64,0,64,194
06/21/2004,ALN,IL,AGL,CE,Federal Contract Tower,0,0,24,1,25,0,4,46,1,51,0,4,70,2,76,62,4,66,142
06/22/2004,ALN,IL,AGL,CE,Federal Contract Tower,0,1,38,2,41,0,1,84,2,87,0,2,122,4,128,136,0,136,264
06/23/2004,ALN,IL,AGL,CE,Federal Contract Tower,0,2,75,3,80,0,6,86,3,95,0,8,161,6,175,166,8,174,349
06/24/2004,ALN,IL,AGL,CE,Federal Contract Tower,0,0,35,1,36,0,0,48,7,55,0,0,83,8,91,64,18,82,173
06/25/2004,ALN,IL,AGL,CE,Federal Contract Tower,0,1,30,1,32,0,1,63,3,67,0,2,93,4,99,68,0,68,167
06/26/2004,ALN,IL,AGL,CE,Federal Contract Tower,0,0,29,1,30,0,0,75,5,80,0,0,104,6,110,46,16,62,172
06/27/2004,ALN,IL,AGL,CE,Federal Contract Tower,0,0,22,0,22,0,0,76,0,76,0,0,98,0,98,70,0,70,168
06/28/2004,ALN,IL,AGL,CE,Federal Contract Tower,0,2,35,0,37,0,3,72,0,75,0,5,107,0,112,72,0,72,184
06/29/2004,ALN,IL,AGL,CE,Federal Contract Tower,0,3,66,1,70,0,2,61,3,66,0,5,127,4,136,140,28,168,304
06/30/2004,ALN,IL,AGL,CE,Federal Contract Tower,0,2,51,1,54,0,2,43,5,50,0,4,94,6,104,128,28,156,260
07/01/2004,ALN,IL,AGL,CE,Federal Contract Tower,0,1,31,0,32,0,5,52,5,62,0,6,83,5,94,58,30,88,182
07/02/2004,ALN,IL,AGL,CE,Federal Contract Tower,0,2,34,0,36,0,1,18,2,21,0,3,52,2,57,58,4,62,119
07/03/2004,ALN,IL,AGL,CE,Federal Contract Tower,0,0,13,0,13,0,0,2,0,2,0,0,15,0,15,16,0,16,31
07/04/2004,ALN,IL,AGL,CE,Federal Contract Tower,0,0,7,0,7,0,0,17,0,17,0,0,24,0,24,26,0,26,50
07/05/2004,ALN,IL,AGL,CE,Federal Contract Tower,0,2,41,0,43,0,5,5,0,10,0,7,46,0,53,58,0,58,111
07/06/2004,ALN,IL,AGL,CE,Federal Contract Tower,0,3,49,1,53,0,3,25,0,28,0,6,74,1,81,96,0,96,177
07/07/2004,ALN,IL,AGL,CE,Federal Contract Tower,0,0,29,1,30,0,0,52,1,53,0,0,81,2,83,126,14,140,223
07/08/2004,ALN,IL,AGL,CE,Federal Contract Tower,0,2,35,1,38,0,1,31,0,32,0,3,66,1,70,124,0,124,194
07/09/2004,ALN,IL,AGL,CE,Federal Contract Tower,0,2,32,0,34,0,14,72,0,86,0,16,104,0,120,166,0,166,286
07/10/2004,ALN,IL,AGL,CE,Federal Contract Tower,0,0,17,0,17,0,2,58,0,60,0,2,75,0,77,42,0,42,119
07/11/2004,ALN,IL,AGL,CE,Federal Contract Tower,0,1,28,0,29,0,4,52,0,56,0,5,80,0,85,174,0,174,259
07/12/2004,ALN,IL,AGL,CE,Federal Contract Tower,0,2,31,0,33,0,1,78,0,79,0,3,109,0,112,158,0,158,270
07/13/2004,ALN,IL,AGL,CE,Federal Contract Tower,0,1,40,0,41,0,0,44,0,44,0,1,84,0,85,114,0,114,199
07/14/2004,ALN,IL,AGL,CE,Federal Contract Tower,0,3,45,0,48,0,1,50,0,51,0,4,95,0,99,140,0,140,239
07/15/2004,ALN,IL,AGL,CE,Federal Contract Tower,0,3,45,0,48,0,6,81,0,87,0,9,126,0,135,182,0,182,317
07/16/2004,ALN,IL,AGL,CE,Federal Contract Tower,0,0,19,0,19,0,4,59,0,63,0,4,78,0,82,184,0,184,266
07/17/2004,ALN,IL,AGL,CE,Federal Contract Tower,0,1,25,0,26,0,5,26,0,31,0,6,51,0,57,52,0,52,109
07/18/2004,ALN,IL,AGL,CE,Federal Contract Tower,0,1,26,0,27,2,7,91,0,100,2,8,117,0,127,124,0,124,251
07/19/2004,ALN,IL,AGL,CE,Federal Contract Tower,0,1,26,0,27,0,5,65,0,70,0,6,91,0,97,140,0,140,237
07/20/2004,ALN,IL,AGL,CE,Federal Contract Tower,0,0,34,0,34,0,0,23,0,23,0,0,57,0,57,70,0,70,127
07/21/2004,ALN,IL,AGL,CE,Federal Contract Tower,0,3,48,0,51,0,7,65,0,72,0,10,113,0,123,160,0,160,283
07/22/2004,ALN,IL,AGL,CE,Federal Contract Tower,0,1,30,0,31,0,9,74,4,87,0,10,104,4,118,136,12,148,266
07/23/2004,ALN,IL,AGL,CE,Federal Contract Tower,0,1,29,0,30,0,3,29,2,34,0,4,58,2,64,82,4,86,150
07/24/2004,ALN,IL,AGL,CE,Federal Contract Tower,0,2,34,0,36,0,0,18,3,21,0,2,52,3,57,58,8,66,123
07/25/2004,ALN,IL,AGL,CE,Federal Contract Tower,0,0,23,0,23,0,0,20,0,20,0,0,43,0,43,30,0,30,73
07/26/2004,ALN,IL,AGL,CE,Federal Contract Tower,0,2,41,0,43,0,8,87,1,96,0,10,128,1,139,146,0,146,285
07/27/2004,ALN,IL,AGL,CE,Federal Contract Tower,0,2,36,0,38,0,9,94,0,103,0,11,130,0,141,124,0,124,265
07/28/2004,ALN,IL,AGL,CE,Federal Contract Tower,0,2,36,0,38,0,6,107,0,113,0,8,143,0,151,146,0,146,297
07/29/2004,ALN,IL,AGL,CE,Federal Contract Tower,0,3,63,1,67,0,1,10,1,12,0,4,73,2,79,106,2,108,187
07/30/2004,ALN,IL,AGL,CE,Federal Contract Tower,0,2,29,0,31,0,0,0,0,0,0,2,29,0,31,32,0,32,63
07/31/2004,ALN,IL,AGL,CE,Federal Contract Tower,0,1,23,0,24,0,3,46,0,49,0,4,69,0,73,92,0,92,165
08/01/2004,ALN,IL,AGL,CE,Federal Contract Tower,0,1,21,0,22,0,2,62,0,64,0,3,83,0,86,98,0,98,184
08/02/2004,ALN,IL,AGL,CE,Federal Contract Tower,0,3,38,0,41,0,2,59,2,63,0,5,97,2,104,142,4,146,250
08/03/2004,ALN,IL,AGL,CE,Federal Contract Tower,0,3,34,0,37,0,6,46,20,72,0,9,80,20,109,140,0,140,249
08/04/2004,ALN,IL,AGL,CE,Federal Contract Tower,0,3,34,0,37,0,1,35,0,36,0,4,69,0,73,94,0,94,167
08/05/2004,ALN,IL,AGL,CE,Federal Contract Tower,0,2,46,1,49,0,5,39,0,44,0,7,85,1,93,0,0,0,93
08/06/2004,ALN,IL,AGL,CE,Federal Contract Tower,0,1,25,1,27,0,11,86,5,102,0,12,111,6,129,96,36,132,261
08/07/2004,ALN,IL,AGL,CE,Federal Contract Tower,0,2,38,0,40,0,7,73,0,80,0,9,111,0,120,106,0,106,226
08/08/2004,ALN,IL,AGL,CE,Federal Contract Tower,0,1,29,0,30,0,4,96,0,100,0,5,125,0,130,120,0,120,250
08/09/2004,ALN,IL,AGL,CE,Federal Contract Tower,0,1,24,1,26,0,11,40,19,70,0,12,64,20,96,96,10,106,202
08/10/2004,ALN,IL,AGL,CE,Federal Contract Tower,0,2,35,1,38,0,4,65,11,80,0,6,100,12,118,101,0,101,219
08/11/2004,ALN,IL,AGL,CE,Federal Contract Tower,0,2,50,2,54,0,6,61,0,67,0,8,111,2,121,148,4,152,273
08/12/2004,ALN,IL,AGL,CE,Federal Contract Tower,0,2,31,0,33,0,5,49,0,54,0,7,80,0,87,80,0,80,167
08/13/2004,ALN,IL,AGL,CE,Federal Contract Tower,0,2,39,1,42,0,5,76,1,82,0,7,115,2,124,118,6,124,248
08/14/2004,ALN,IL,AGL,CE,Federal Contract Tower,0,1,23,0,24,0,3,73,0,76,0,4,96,0,100,78,0,78,178
08/15/2004,ALN,IL,AGL,CE,Federal Contract Tower,0,1,25,0,26,0,1,96,0,97,0,2,121,0,123,112,0,112,235
08/16/2004,ALN,IL,AGL,CE,Federal Contract Tower,0,1,25,0,26,0,11,76,0,87,0,12,101,0,113,80,0,80,193
08/17/2004,ALN,IL,AGL,CE,Federal Contract Tower,0,1,25,1,27,0,4,72,1,77,0,5,97,2,104,108,6,114,218
08/18/2004,ALN,IL,AGL,CE,Federal Contract Tower,0,2,42,0,44,0,8,34,0,42,0,10,76,0,86,84,0,84,170
08/19/2004,ALN,IL,AGL,CE,Federal Contract Tower,0,2,58,2,62,0,4,4,0,8,0,6,62,2,70,60,10,70,140
08/20/2004,ALN,IL,AGL,CE,Federal Contract Tower,0,0,38,1,39,0,0,6,1,7,0,0,44,2,46,40,0,40,86
08/21/2004,ALN,IL,AGL,CE,Federal Contract Tower,0,0,23,0,23,0,7,82,0,89,0,7,105,0,112,112,0,112,224
08/22/2004,ALN,IL,AGL,CE,Federal Contract Tower,0,0,16,0,16,0,2,64,0,66,0,2,80,0,82,68,0,68,150
08/23/2004,ALN,IL,AGL,CE,Federal Contract Tower,0,1,24,0,25,0,4,12,6,22,0,5,36,6,47,44,24,68,115
08/24/2004,ALN,IL,AGL,CE,Federal Contract Tower,0,2,41,0,43,0,10,17,6,33,0,12,58,6,76,48,14,62,138
08/25/2004,ALN,IL,AGL,CE,Federal Contract Tower,0,2,34,0,36,0,7,0,0,7,0,9,34,0,43,52,0,52,95
08/26/2004,ALN,IL,AGL,CE,Federal Contract Tower,0,0,20,0,20,0,9,47,0,56,0,9,67,0,76,56,0,56,132
08/27/2004,ALN,IL,AGL,CE,Federal Contract Tower,0,0,17,0,17,0,7,32,0,39,0,7,49,0,56,84,0,84,140
08/28/2004,ALN,IL,AGL,CE,Federal Contract Tower,0,0,14,0,14,0,0,60,0,60,0,0,74,0,74,86,0,86,160
08/29/2004,ALN,IL,AGL,CE,Federal Contract Tower,0,0,22,0,22,0,2,17,0,19,0,2,39,0,41,56,0,56,97
08/30/2004,ALN,IL,AGL,CE,Federal Contract Tower,0,1,29,0,30,0,5,98,2,105,0,6,127,2,135,144,0,144,279
08/31/2004,ALN,IL,AGL,CE,Federal Contract Tower,0,2,47,0,49,0,5,106,5,116,0,7,153,5,165,170,18,188,353
09/01/2004,ALN,IL,AGL,CE,Federal Contract Tower,0,1,32,0,33,0,2,84,0,86,0,3,116,0,119,156,0,156,275
09/02/2004,ALN,IL,AGL,CE,Federal Contract Tower,0,1,39,0,40,0,3,57,0,60,0,4,96,0,100,140,0,140,240
09/03/2004,ALN,IL,AGL,CE,Federal Contract Tower,0,0,28,0,28,0,0,62,2,64,0,0,90,2,92,90,0,90,182
09/04/2004,ALN,IL,AGL,CE,Federal Contract Tower,0,0,19,0,19,0,0,56,0,56,0,0,75,0,75,78,0,78,153
09/05/2004,ALN,IL,AGL,CE,Federal Contract Tower,0,0,14,0,14,0,0,31,0,31,0,0,45,0,45,18,0,18,63
09/06/2004,ALN,IL,AGL,CE,Federal Contract Tower,0,1,18,0,19,0,6,33,0,39,0,7,51,0,58,66,0,66,124
09/07/2004,ALN,IL,AGL,CE,Federal Contract Tower,0,1,18,0,19,0,9,70,5,84,0,10,88,5,103,104,10,114,217
09/08/2004,ALN,IL,AGL,CE,Federal Contract Tower,0,3,39,0,42,0,2,67,2,71,0,5,106,2,113,158,4,162,275
09/09/2004,ALN,IL,AGL,CE,Federal Contract Tower,0,0,26,0,26,0,0,72,0,72,0,0,98,0,98,176,0,176,274
09/10/2004,ALN,IL,AGL,CE,Federal Contract Tower,0,2,31,0,33,0,3,63,2,68,0,5,94,2,101,102,0,102,203
09/11/2004,ALN,IL,AGL,CE,Federal Contract Tower,0,1,25,0,26,0,3,79,0,82,0,4,104,0,108,108,0,108,216
09/12/2004,ALN,IL,AGL,CE,Federal Contract Tower,0,1,35,0,36,0,4,35,0,39,0,5,70,0,75,58,0,58,133
09/13/2004,ALN,IL,AGL,CE,Federal Contract Tower,0,1,31,0,32,0,3,22,0,25,0,4,53,0,57,88,0,88,145
09/14/2004,ALN,IL,AGL,CE,Federal Contract Tower,0,1,37,1,39,0,5,42,1,48,0,6,79,2,87,102,0,102,189
09/15/2004,ALN,IL,AGL,CE,Federal Contract Tower,0,0,19,1,20,0,5,34,1,40,0,5,53,2,60,50,4,54,114
09/16/2004,ALN,IL,AGL,CE,Federal Contract Tower,0,2,56,0,58,0,0,71,0,71,0,2,127,0,129,152,0,152,281
09/17/2004,ALN,IL,AGL,CE,Federal Contract Tower,0,1,32,0,33,0,6,88,0,94,0,7,120,0,127,128,0,128,255
09/18/2004,ALN,IL,AGL,CE,Federal Contract Tower,0,0,18,0,18,0,1,86,0,87,0,1,104,0,105,120,0,120,225
09/19/2004,ALN,IL,AGL,CE,Federal Contract Tower,0,0,15,0,15,0,0,65,0,65,0,0,80,0,80,40,0,40,120
09/20/2004,ALN,IL,AGL,CE,Federal Contract Tower,0,1,31,0,32,0,6,58,0,64,0,7,89,0,96,144,0,144,240
09/21/2004,ALN,IL,AGL,CE,Federal Contract Tower,0,2,40,0,42,0,11,87,8,106,0,13,127,8,148,168,0,168,316
09/22/2004,ALN,IL,AGL,CE,Federal Contract Tower,0,2,40,0,42,0,9,79,2,90,0,11,119,2,132,120,0,120,252
09/23/2004,ALN,IL,AGL,CE,Federal Contract Tower,0,2,41,0,43,0,0,46,0,46,0,2,87,0,89,104,0,104,193
09/24/2004,ALN,IL,AGL,CE,Federal Contract Tower,0,2,44,0,46,0,8,73,0,81,0,10,117,0,127,176,0,176,303
09/25/2004,ALN,IL,AGL,CE,Federal Contract Tower,0,1,29,0,30,2,1,602,0,605,2,2,631,0,635,330,0,330,965
09/26/2004,ALN,IL,AGL,CE,Federal Contract Tower,0,0,10,0,10,0,0,91,0,91,0,0,101,0,101,18,0,18,119
09/27/2004,ALN,IL,AGL,CE,Federal Contract Tower,0,0,22,0,22,0,0,51,0,51,0,0,73,0,73,86,0,86,159
09/28/2004,ALN,IL,AGL,CE,Federal Contract Tower,0,2,40,0,42,0,6,71,4,81,0,8,111,4,123,116,0,116,239
09/29/2004,ALN,IL,AGL,CE,Federal Contract Tower,0,1,35,0,36,0,7,100,2,109,0,8,135,2,145,166,0,166,311
09/30/2004,ALN,IL,AGL,CE,Federal Contract Tower,0,1,42,0,43,0,0,77,2,79,0,1,119,2,122,174,4,178,300
10/01/2004,ALN,IL,AGL,CE,Federal Contract Tower,0,0,31,3,34,0,0,43,0,43,0,0,74,3,77,96,6,102,179
10/02/2004,ALN,IL,AGL,CE,Federal Contract Tower,0,0,26,0,26,0,7,64,0,71,0,7,90,0,97,60,0,60,157
10/03/2004,ALN,IL,AGL,CE,Federal Contract Tower,0,0,8,0,8,0,2,46,0,48,0,2,54,0,56,28,0,28,84
10/04/2004,ALN,IL,AGL,CE,Federal Contract Tower,0,0,48,2,50,0,2,70,0,72,0,2,118,2,122,158,4,162,284
10/05/2004,ALN,IL,AGL,CE,Federal Contract Tower,0,3,42,0,45,0,4,74,2,80,0,7,116,2,125,188,0,188,313
10/06/2004,ALN,IL,AGL,CE,Federal Contract Tower,0,3,32,11,46,0,7,68,1,76,0,10,100,12,122,90,34,124,246
10/07/2004,ALN,IL,AGL,CE,Federal Contract Tower,0,4,24,2,30,0,2,39,0,41,0,6,63,2,71,54,0,54,125
10/08/2004,ALN,IL,AGL,CE,Federal Contract Tower,0,23,49,0,72,0,0,0,0,0,0,23,49,0,72,0,0,0,72
10/09/2004,ALN,IL,AGL,CE,Federal Contract Tower,0,4,59,0,63,0,4,8,0,12,0,8,67,0,75,52,0,52,127
10/10/2004,ALN,IL,AGL,CE,Federal Contract Tower,0,1,25,0,26,0,6,45,0,51,0,7,70,0,77,54,0,54,131
10/11/2004,ALN,IL,AGL,CE,Federal Contract Tower,0,0,31,0,31,0,0,32,0,32,0,0,63,0,63,64,0,64,127
10/12/2004,ALN,IL,AGL,CE,Federal Contract Tower,0,2,43,0,45,0,0,0,0,0,0,2,43,0,45,42,0,42,87
10/13/2004,ALN,IL,AGL,CE,Federal Contract Tower,0,0,30,0,30,0,0,19,2,21,0,0,49,2,51,90,0,90,141
10/14/2004,ALN,IL,AGL,CE,Federal Contract Tower,0,3,20,0,23,0,2,3,0,5,0,5,23,0,28,8,0,8,36
10/15/2004,ALN,IL,AGL,CE,Federal Contract Tower,0,2,38,0,40,0,0,59,0,59,0,2,97,0,99,80,0,80,179
10/16/2004,ALN,IL,AGL,CE,Federal Contract Tower,0,0,12,0,12,0,0,35,0,35,0,0,47,0,47,50,0,50,97
10/17/2004,ALN,IL,AGL,CE,Federal Contract Tower,0,0,20,0,20,0,10,80,0,90,0,10,100,0,110,78,0,78,188
10/18/2004,ALN,IL,AGL,CE,Federal Contract Tower,0,0,13,0,13,0,0,0,0,0,0,0,13,0,13,2,0,2,15
10/19/2004,ALN,IL,AGL,CE,Federal Contract Tower,0,0,28,0,28,0,2,0,0,2,0,2,28,0,30,20,0,20,50
10/20/2004,ALN,IL,AGL,CE,Federal Contract Tower,0,3,41,0,44,0,2,0,0,2,0,5,41,0,46,40,0,40,86
10/21/2004,ALN,IL,AGL,CE,Federal Contract Tower,0,0,39,0,39,0,0,0,0,0,0,0,39,0,39,28,0,28,67
10/22/2004,ALN,IL,AGL,CE,Federal Contract Tower,0,2,58,0,60,0,2,1,0,3,0,4,59,0,63,70,0,70,133
10/23/2004,ALN,IL,AGL,CE,Federal Contract Tower,0,0,22,0,22,0,4,48,0,52,0,4,70,0,74,62,0,62,136
10/24/2004,ALN,IL,AGL,CE,Federal Contract Tower,0,4,21,0,25,0,0,135,0,135,0,4,156,0,160,118,0,118,278
10/25/2004,ALN,IL,AGL,CE,Federal Contract Tower,0,0,35,2,37,0,2,119,0,121,0,2,154,2,158,268,2,270,428
10/26/2004,ALN,IL,AGL,CE,Federal Contract Tower,0,2,14,0,16,0,2,5,0,7,0,4,19,0,23,14,0,14,37
10/27/2004,ALN,IL,AGL,CE,Federal Contract Tower,0,0,35,2,37,0,0,0,0,0,0,0,35,2,37,30,8,38,75
10/28/2004,ALN,IL,AGL,CE,Federal Contract Tower,0,2,25,0,27,0,2,15,0,17,0,4,40,0,44,42,2,44,88
10/29/2004,ALN,IL,AGL,CE,Federal Contract Tower,0,0,53,0,53,0,7,30,0,37,0,7,83,0,90,162,0,162,252
10/30/2004,ALN,IL,AGL,CE,Federal Contract Tower,0,0,19,0,19,0,10,17,0,27,0,10,36,0,46,48,0,48,94
10/31/2004,ALN,IL,AGL,CE,Federal Contract Tower,0,0,30,0,30,0,6,80,0,86,0,6,110,0,116,150,0,150,266
11/01/2004,ALN,IL,AGL,CE,Federal Contract Tower,0,6,11,0,17,0,3,1,0,4,0,9,12,0,21,8,0,8,29
11/02/2004,ALN,IL,AGL,CE,Federal Contract Tower,0,1,6,0,7,0,0,3,0,3,0,1,9,0,10,4,0,4,14
11/03/2004,ALN,IL,AGL,CE,Federal Contract Tower,0,0,34,0,34,0,2,16,0,18,0,2,50,0,52,81,0,81,133
11/04/2004,ALN,IL,AGL,CE,Federal Contract Tower,0,7,59,0,66,0,1,32,0,33,0,8,91,0,99,141,0,141,240
11/05/2004,ALN,IL,AGL,CE,Federal Contract Tower,0,0,38,0,38,0,10,73,0,83,0,10,111,0,121,222,0,222,343
11/06/2004,ALN,IL,AGL,CE,Federal Contract Tower,0,2,61,0,63,0,1,91,0,92,0,3,152,0,155,204,0,204,359
11/07/2004,ALN,IL,AGL,CE,Federal Contract Tower,0,0,22,0,22,0,0,59,0,59,0,0,81,0,81,90,0,90,171
11/08/2004,ALN,IL,AGL,CE,Federal Contract Tower,0,0,62,2,64,0,2,37,0,39,0,2,99,2,103,182,4,186,289
11/09/2004,ALN,IL,AGL,CE,Federal Contract Tower,0,11,54,0,65,0,0,64,2,66,0,11,118,2,131,182,0,182,313
11/10/2004,ALN,IL,AGL,CE,Federal Contract Tower,0,2,50,8,60,0,6,55,0,61,0,8,105,8,121,190,22,212,333
11/11/2004,ALN,IL,AGL,CE,Federal Contract Tower,0,0,12,0,12,0,0,0,0,0,0,0,12,0,12,6,0,6,18
11/12/2004,ALN,IL,AGL,CE,Federal Contract Tower,0,4,27,0,31,0,0,55,0,55,0,4,82,0,86,78,0,78,164
11/13/2004,ALN,IL,AGL,CE,Federal Contract Tower,0,0,26,0,26,0,5,114,0,119,0,5,140,0,145,160,0,160,305
11/14/2004,ALN,IL,AGL,CE,Federal Contract Tower,0,4,19,0,23,0,0,49,0,49,0,4,68,0,72,58,0,58,130
11/15/2004,ALN,IL,AGL,CE,Federal Contract Tower,0,9,45,3,57,0,0,62,4,66,0,9,107,7,123,216,22,238,361
11/16/2004,ALN,IL,AGL,CE,Federal Contract Tower,0,2,58,0,60,0,9,45,0,54,0,11,103,0,114,172,0,172,286
11/17/2004,ALN,IL,AGL,CE,Federal Contract Tower,0,1,45,0,46,0,9,81,0,90,0,10,126,0,136,232,0,232,368
11/18/2004,ALN,IL,AGL,CE,Federal Contract Tower,0,6,29,0,35,0,0,18,2,20,0,6,47,2,55,50,0,50,105
11/19/2004,ALN,IL,AGL,CE,Federal Contract Tower,0,4,56,0,60,0,3,0,0,3,0,7,56,0,63,54,0,54,117
11/20/2004,ALN,IL,AGL,CE,Federal Contract Tower,0,0,31,11,42,0,0,75,0,75,0,0,106,11,117,157,14,171,288
11/21/2004,ALN,IL,AGL,CE,Federal Contract Tower,0,1,49,0,50,0,0,38,0,38,0,1,87,0,88,118,0,118,206
11/22/2004,ALN,IL,AGL,CE,Federal Contract Tower,0,3,30,0,33,0,0,4,0,4,0,3,34,0,37,50,0,50,87
11/23/2004,ALN,IL,AGL,CE,Federal Contract Tower,0,2,20,0,22,0,0,0,0,0,0,2,20,0,22,6,0,6,28
11/24/2004,ALN,IL,AGL,CE,Federal Contract Tower,0,0,4,0,4,0,0,0,0,0,0,0,4,0,4,0,0,0,4
11/25/2004,ALN,IL,AGL,CE,Federal Contract Tower,0,0,14,0,14,0,0,11,0,11,0,0,25,0,25,14,0,14,39
11/26/2004,ALN,IL,AGL,CE,Federal Contract Tower,0,0,20,0,20,0,2,49,0,51,0,2,69,0,71,128,0,128,199
11/27/2004,ALN,IL,AGL,CE,Federal Contract Tower,0,2,17,0,19,0,2,3,0,5,0,4,20,0,24,8,0,8,32
11/28/2004,ALN,IL,AGL,CE,Federal Contract Tower,0,0,45,0,45,0,0,80,0,80,0,0,125,0,125,186,0,186,311
11/29/2004,ALN,IL,AGL,CE,Federal Contract Tower,0,2,22,0,24,0,0,0,0,0,0,2,22,0,24,18,0,18,42
11/30/2004,ALN,IL,AGL,CE,Federal Contract Tower,0,2,7,0,9,0,0,0,0,0,0,2,7,0,9,0,0,0,9
12/01/2004,ALN,IL,AGL,CE,Federal Contract Tower,0,6,29,0,35,0,5,66,2,73,0,11,95,2,108,198,2,200,308
12/02/2004,ALN,IL,AGL,CE,Federal Contract Tower,0,0,32,0,32,0,0,97,2,99,0,0,129,2,131,194,0,194,325
12/03/2004,ALN,IL,AGL,CE,Federal Contract Tower,0,0,41,0,41,0,0,75,0,75,0,0,116,0,116,210,0,210,326
12/04/2004,ALN,IL,AGL,CE,Federal Contract Tower,0,2,46,0,48,0,0,82,0,82,0,2,128,0,130,142,0,142,272
12/05/2004,ALN,IL,AGL,CE,Federal Contract Tower,0,0,30,0,30,0,0,53,0,53,0,0,83,0,83,98,0,98,181
12/06/2004,ALN,IL,AGL,CE,Federal Contract Tower,0,0,38,0,38,0,1,0,0,1,0,1,38,0,39,52,0,52,91
12/07/2004,ALN,IL,AGL,CE,Federal Contract Tower,0,0,26,0,26,0,4,13,0,17,0,4,39,0,43,14,0,14,57
12/08/2004,ALN,IL,AGL,CE,Federal Contract Tower,0,1,54,4,59,0,2,57,0,59,0,3,111,4,118,162,12,174,292
12/09/2004,ALN,IL,AGL,CE,Federal Contract Tower,0,1,62,2,65,0,4,79,0,83,0,5,141,2,148,228,14,242,390
12/10/2004,ALN,IL,AGL,CE,Federal Contract Tower,0,2,21,0,23,0,0,0,0,0,0,2,21,0,23,22,0,22,45
12/11/2004,ALN,IL,AGL,CE,Federal Contract Tower,0,2,32,0,34,0,5,42,0,47,0,7,74,0,81,184,0,184,265
12/12/2004,ALN,IL,AGL,CE,Federal Contract Tower,0,0,21,0,21,0,8,23,0,31,0,8,44,0,52,78,0,78,130
12/13/2004,ALN,IL,AGL,CE,Federal Contract Tower,0,2,22,0,24,0,6,15,0,21,0,8,37,0,45,26,0,26,71
12/14/2004,ALN,IL,AGL,CE,Federal Contract Tower,0,2,38,2,42,0,3,61,0,64,0,5,99,2,106,166,6,172,278
12/15/2004,ALN,IL,AGL,CE,Federal Contract Tower,0,0,19,0,19,0,5,54,0,59,0,5,73,0,78,28,0,28,106
12/16/2004,ALN,IL,AGL,CE,Federal Contract Tower,0,4,28,0,32,0,2,83,0,85,0,6,111,0,117,82,0,82,199
12/17/2004,ALN,IL,AGL,CE,Federal Contract Tower,0,1,55,0,56,0,1,96,0,97,0,2,151,0,153,178,0,178,331
12/18/2004,ALN,IL,AGL,CE,Federal Contract Tower,0,0,25,0,25,0,0,62,0,62,0,0,87,0,87,110,0,110,197
12/19/2004,ALN,IL,AGL,CE,Federal Contract Tower,0,0,9,0,9,0,0,9,0,9,0,0,18,0,18,10,0,10,28
12/20/2004,ALN,IL,AGL,CE,Federal Contract Tower,0,0,32,0,32,0,6,26,0,32,0,6,58,0,64,18,0,18,82
12/21/2004,ALN,IL,AGL,CE,Federal Contract Tower,0,0,52,0,52,0,5,36,0,41,0,5,88,0,93,140,0,140,233
12/22/2004,ALN,IL,AGL,CE,Federal Contract Tower,0,0,7,0,7,0,1,26,0,27,0,1,33,0,34,38,0,38,72
12/23/2004,ALN,IL,AGL,CE,Federal Contract Tower,0,0,14,0,14,0,0,21,0,21,0,0,35,0,35,38,0,38,73
12/24/2004,ALN,IL,AGL,CE,Federal Contract Tower,0,0,15,0,15,0,4,27,0,31,0,4,42,0,46,22,0,22,68
12/25/2004,ALN,IL,AGL,CE,Federal Contract Tower,0,2,4,0,6,0,4,0,0,4,0,6,4,0,10,10,0,10,20
12/26/2004,ALN,IL,AGL,CE,Federal Contract Tower,0,0,12,0,12,0,4,31,0,35,0,4,43,0,47,28,0,28,75
12/27/2004,ALN,IL,AGL,CE,Federal Contract Tower,0,2,30,0,32,0,3,29,0,32,0,5,59,0,64,64,0,64,128
12/28/2004,ALN,IL,AGL,CE,Federal Contract Tower,0,2,42,0,44,0,7,35,0,42,0,9,77,0,86,78,0,78,164
12/29/2004,ALN,IL,AGL,CE,Federal Contract Tower,0,5,34,0,39,0,1,59,0,60,0,6,93,0,99,154,0,154,253
12/30/2004,ALN,IL,AGL,CE,Federal Contract Tower,0,2,18,0,20,0,4,11,0,15,0,6,29,0,35,10,0,10,45
12/31/2004,ALN,IL,AGL,CE,Federal Contract Tower,0,0,41,0,41,0,2,40,0,42,0,2,81,0,83,96,0,96,179
01/01/2005,ALN,IL,AGL,CE,Federal Contract Tower,0,2,5,0,7,0,0,0,0,0,0,2,5,0,7,0,0,0,7
01/02/2005,ALN,IL,AGL,CE,Federal Contract Tower,0,3,22,0,25,0,0,44,0,44,0,3,66,0,69,78,0,78,147
01/03/2005,ALN,IL,AGL,CE,Federal Contract Tower,0,0,30,0,30,0,1,0,0,1,0,1,30,0,31,22,0,22,53
01/04/2005,ALN,IL,AGL,CE,Federal Contract Tower,0,2,17,0,19,0,0,0,0,0,0,2,17,0,19,6,0,6,25
01/05/2005,ALN,IL,AGL,CE,Federal Contract Tower,0,0,7,0,7,0,0,0,0,0,0,0,7,0,7,2,0,2,9
01/06/2005,ALN,IL,AGL,CE,Federal Contract Tower,0,0,7,2,9,0,1,10,0,11,0,1,17,2,20,26,2,28,48
01/07/2005,ALN,IL,AGL,CE,Federal Contract Tower,0,0,22,0,22,0,0,52,0,52,0,0,74,0,74,74,0,74,148
01/08/2005,ALN,IL,AGL,CE,Federal Contract Tower,0,0,19,2,21,0,0,6,0,6,0,0,25,2,27,20,4,24,51
01/09/2005,ALN,IL,AGL,CE,Federal Contract Tower,0,0,47,0,47,0,4,47,0,51,0,4,94,0,98,146,0,146,244
01/10/2005,ALN,IL,AGL,CE,Federal Contract Tower,0,0,16,0,16,0,0,0,0,0,0,0,16,0,16,4,0,4,20
01/11/2005,ALN,IL,AGL,CE,Federal Contract Tower,0,2,25,0,27,0,0,0,0,0,0,2,25,0,27,8,0,8,35
01/12/2005,ALN,IL,AGL,CE,Federal Contract Tower,0,0,11,0,11,0,5,21,0,26,0,5,32,0,37,10,0,10,47
01/13/2005,ALN,IL,AGL,CE,Federal Contract Tower,0,0,3,0,3,0,0,2,0,2,0,0,5,0,5,0,0,0,5
01/14/2005,ALN,IL,AGL,CE,Federal Contract Tower,0,0,36,2,38,0,0,62,0,62,0,0,98,2,100,160,4,164,264
01/15/2005,ALN,IL,AGL,CE,Federal Contract Tower,0,0,25,4,29,0,0,50,0,50,0,0,75,4,79,124,6,130,209
01/16/2005,ALN,IL,AGL,CE,Federal Contract Tower,0,0,19,0,19,0,4,39,0,43,0,4,58,0,62,58,0,58,120
01/17/2005,ALN,IL,AGL,CE,Federal Contract Tower,0,3,21,0,24,0,2,64,0,66,0,5,85,0,90,122,0,122,212
01/18/2005,ALN,IL,AGL,CE,Federal Contract Tower,0,1,53,0,54,0,6,44,0,50,0,7,97,0,104,142,0,142,246
01/19/2005,ALN,IL,AGL,CE,Federal Contract Tower,0,0,54,22,76,0,4,60,6,70,0,4,114,28,146,152,42,194,340
01/20/2005,ALN,IL,AGL,CE,Federal Contract Tower,0,2,61,0,63,0,0,65,0,65,0,2,126,0,128,244,0,244,372
01/21/2005,ALN,IL,AGL,CE,Federal Contract Tower,0,0,44,0,44,0,4,19,0,23,0,4,63,0,67,76,0,76,143
01/22/2005,ALN,IL,AGL,CE,Federal Contract Tower,0,0,3,0,3,0,0,0,0,0,0,0,3,0,3,0,0,0,3
01/23/2005,ALN,IL,AGL,CE,Federal Contract Tower,0,2,43,0,45,0,0,33,0,33,0,2,76,0,78,118,0,118,196
01/24/2005,ALN,IL,AGL,CE,Federal Contract Tower,0,2,41,1,44,0,11,86,1,98,0,13,127,2,142,214,4,218,360
01/25/2005,ALN,IL,AGL,CE,Federal Contract Tower,0,0,48,21,69,0,3,48,0,51,0,3,96,21,120,196,24,220,340
01/26/2005,ALN,IL,AGL,CE,Federal Contract Tower,0,3,47,1,51,0,1,30,0,31,0,4,77,1,82,142,2,144,226
01/27/2005,ALN,IL,AGL,CE,Federal Contract Tower,0,5,51,0,56,0,6,42,0,48,0,11,93,0,104,152,0,152,256
01/28/2005,ALN,IL,AGL,CE,Federal Contract Tower,0,1,36,0,37,0,4,43,0,47,0,5,79,0,84,108,0,108,192
01/29/2005,ALN,IL,AGL,CE,Federal Contract Tower,0,1,2,0,3,0,0,0,0,0,0,1,2,0,3,0,0,0,3
01/30/2005,ALN,IL,AGL,CE,Federal Contract Tower,0,0,26,0,26,0,1,46,0,47,0,1,72,0,73,174,0,174,247
01/31/2005,ALN,IL,AGL,CE,Federal Contract Tower,0,0,19,0,19,0,2,42,0,44,0,2,61,0,63,120,0,120,183
02/01/2005,ALN,IL,AGL,CE,Federal Contract Tower,0,0,51,0,51,0,0,57,0,57,0,0,108,0,108,186,0,186,294
02/02/2005,ALN,IL,AGL,CE,Federal Contract Tower,0,0,21,0,21,0,1,0,0,1,0,1,21,0,22,22,0,22,44
02/03/2005,ALN,IL,AGL,CE,Federal Contract Tower,0,3,36,3,42,0,1,58,0,59,0,4,94,3,101,124,4,128,229
02/04/2005,ALN,IL,AGL,CE,Federal Contract Tower,0,0,65,0,65,0,2,40,2,44,0,2,105,2,109,176,0,176,285
02/05/2005,ALN,IL,AGL,CE,Federal Contract Tower,0,2,31,0,33,0,6,146,0,152,0,8,177,0,185,226,0,226,411
02/06/2005,ALN,IL,AGL,CE,Federal Contract Tower,0,0,17,0,17,0,2,31,0,33,0,2,48,0,50,90,0,90,140
02/07/2005,ALN,IL,AGL,CE,Federal Contract Tower,0,1,16,0,17,0,0,0,0,0,0,1,16,0,17,6,0,6,23
02/08/2005,ALN,IL,AGL,CE,Federal Contract Tower,0,1,12,0,13,0,0,0,0,0,0,1,12,0,13,0,0,0,13
02/09/2005,ALN,IL,AGL,CE,Federal Contract Tower,0,1,9,0,10,0,0,0,0,0,0,1,9,0,10,0,0,0,10
02/10/2005,ALN,IL,AGL,CE,Federal Contract Tower,0,0,43,0,43,0,10,85,0,95,0,10,128,0,138,190,0,190,328
02/11/2005,ALN,IL,AGL,CE,Federal Contract Tower,0,0,51,0,51,0,10,77,0,87,0,10,128,0,138,150,0,150,288
02/12/2005,ALN,IL,AGL,CE,Federal Contract Tower,0,1,58,1,60,0,0,82,3,85,0,1,140,4,145,158,6,164,309
02/13/2005,ALN,IL,AGL,CE,Federal Contract Tower,0,0,10,1,11,0,0,0,1,1,0,0,10,2,12,24,2,26,38
02/14/2005,ALN,IL,AGL,CE,Federal Contract Tower,0,0,39,4,43,0,7,18,0,25,0,7,57,4,68,74,2,76,144
02/15/2005,ALN,IL,AGL,CE,Federal Contract Tower,0,4,37,0,41,0,7,78,0,85,0,11,115,0,126,183,0,183,309
02/16/2005,ALN,IL,AGL,CE,Federal Contract Tower,0,0,35,0,35,0,4,42,0,46,0,4,77,0,81,144,0,144,225
02/17/2005,ALN,IL,AGL,CE,Federal Contract Tower,0,2,45,0,47,0,3,75,0,78,0,5,120,0,125,130,0,130,255
02/18/2005,ALN,IL,AGL,CE,Federal Contract Tower,0,4,65,2,71,0,6,54,0,60,0,10,119,2,131,202,8,210,341
02/19/2005,ALN,IL,AGL,CE,Federal Contract Tower,0,0,17,0,17,0,2,20,0,22,0,2,37,0,39,46,0,46,85
02/20/2005,ALN,IL,AGL,CE,Federal Contract Tower,0,2,37,0,39,0,0,1,0,1,0,2,38,0,40,78,0,78,118
02/21/2005,ALN,IL,AGL,CE,Federal Contract Tower,0,0,52,0,52,0,0,13,0,13,0,0,65,0,65,56,0,56,121
02/22/2005,ALN,IL,AGL,CE,Federal Contract Tower,0,2,39,0,41,0,3,32,0,35,0,5,71,0,76,152,0,152,228
02/23/2005,ALN,IL,AGL,CE,Federal Contract Tower,0,3,32,0,35,0,2,41,0,43,0,5,73,0,78,142,0,142,220
02/24/2005,ALN,IL,AGL,CE,Federal Contract Tower,0,1,33,1,35,0,6,50,1,57,0,7,83,2,92,146,2,148,240
02/25/2005,ALN,IL,AGL,CE,Federal Contract Tower,0,3,42,7,52,0,4,67,0,71,0,7,109,7,123,134,8,142,265
02/26/2005,ALN,IL,AGL,CE,Federal Contract Tower,0,4,55,0,59,0,2,113,0,115,0,6,168,0,174,178,0,178,352
02/27/2005,ALN,IL,AGL,CE,Federal Contract Tower,0,2,35,0,37,0,0,6,0,6,0,2,41,0,43,68,0,68,111
02/28/2005,ALN,IL,AGL,CE,Federal Contract Tower,0,0,11,0,11,0,0,2,0,2,0,0,13,0,13,0,0,0,13
03/01/2005,ALN,IL,AGL,CE,Federal Contract Tower,0,2,35,3,40,0,5,29,2,36,0,7,64,5,76,56,6,62,138
03/02/2005,ALN,IL,AGL,CE,Federal Contract Tower,0,0,62,0,62,0,2,79,1,82,0,2,141,1,144,144,0,144,288
03/03/2005,ALN,IL,AGL,CE,Federal Contract Tower,0,4,40,0,44,0,0,73,0,73,0,4,113,0,117,154,0,154,271
03/04/2005,ALN,IL,AGL,CE,Federal Contract Tower,0,1,37,0,38,0,1,83,0,84,0,2,120,0,122,132,0,132,254
03/05/2005,ALN,IL,AGL,CE,Federal Contract Tower,0,0,39,4,43,0,6,51,2,59,0,6,90,6,102,148,2,150,252
03/06/2005,ALN,IL,AGL,CE,Federal Contract Tower,0,0,38,0,38,0,1,58,0,59,0,1,96,0,97,104,0,104,201
03/07/2005,ALN,IL,AGL,CE,Federal Contract Tower,0,2,36,0,38,0,9,10,0,19,0,11,46,0,57,34,0,34,91
03/08/2005,ALN,IL,AGL,CE,Federal Contract Tower,0,3,58,0,61,0,8,44,0,52,0,11,102,0,113,146,0,146,259
03/09/2005,ALN,IL,AGL,CE,Federal Contract Tower,0,2,37,1,40,0,2,59,0,61,0,4,96,1,101,154,2,156,257
03/10/2005,ALN,IL,AGL,CE,Federal Contract Tower,0,4,12,2,18,0,7,39,0,46,0,11,51,2,64,68,8,76,140
03/11/2005,ALN,IL,AGL,CE,Federal Contract Tower,0,0,22,0,22,0,3,14,0,17,0,3,36,0,39,12,0,12,51
03/12/2005,ALN,IL,AGL,CE,Federal Contract Tower,0,2,24,0,26,0,2,95,0,97,0,4,119,0,123,200,0,200,323
03/13/2005,ALN,IL,AGL,CE,Federal Contract Tower,0,3,23,0,26,0,0,28,0,28,0,3,51,0,54,58,0,58,112
03/14/2005,ALN,IL,AGL,CE,Federal Contract Tower,0,2,66,4,72,0,4,46,0,50,0,6,112,4,122,158,28,186,308
03/15/2005,ALN,IL,AGL,CE,Federal Contract Tower,0,1,28,2,31,0,6,75,0,81,0,7,103,2,112,184,2,186,298
03/16/2005,ALN,IL,AGL,CE,Federal Contract Tower,0,1,30,3,34,0,0,100,0,100,0,1,130,3,134,186,8,194,328
03/17/2005,ALN,IL,AGL,CE,Federal Contract Tower,0,2,58,3,63,0,3,86,1,90,0,5,144,4,153,102,8,110,263
03/18/2005,ALN,IL,AGL,CE,Federal Contract Tower,0,0,0,0,0,0,2,54,9,65,0,2,54,9,65,68,0,68,133
03/19/2005,ALN,IL,AGL,CE,Federal Contract Tower,0,4,27,0,31,0,8,31,0,39,0,12,58,0,70,96,0,96,166
03/20/2005,ALN,IL,AGL,CE,Federal Contract Tower,0,0,30,0,30,0,5,59,0,64,0,5,89,0,94,110,0,110,204
03/21/2005,ALN,IL,AGL,CE,Federal Contract Tower,0,0,31,2,33,0,3,116,0,119,0,3,147,2,152,122,2,124,276
03/22/2005,ALN,IL,AGL,CE,Federal Contract Tower,0,0,17,0,17,0,0,0,0,0,0,0,17,0,17,18,0,18,35
03/23/2005,ALN,IL,AGL,CE,Federal Contract Tower,0,5,34,1,40,0,0,0,0,0,0,5,34,1,40,24,2,26,66
03/24/2005,ALN,IL,AGL,CE,Federal Contract Tower,0,1,34,0,35,0,0,5,0,5,0,1,39,0,40,26,0,26,66
03/25/2005,ALN,IL,AGL,CE,Federal Contract Tower,0,0,34,0,34,0,0,0,0,0,0,0,34,0,34,36,0,36,70
03/26/2005,ALN,IL,AGL,CE,Federal Contract Tower,0,0,23,0,23,0,0,0,0,0,0,0,23,0,23,48,0,48,71
03/27/2005,ALN,IL,AGL,CE,Federal Contract Tower,0,0,2,0,2,0,0,1,0,1,0,0,3,0,3,0,0,0,3
03/28/2005,ALN,IL,AGL,CE,Federal Contract Tower,0,1,46,0,47,0,2,107,0,109,0,3,153,0,156,222,0,222,378
03/29/2005,ALN,IL,AGL,CE,Federal Contract Tower,0,3,39,1,43,0,4,62,0,66,0,7,101,1,109,102,2,104,213
03/30/2005,ALN,IL,AGL,CE,Federal Contract Tower,0,3,19,0,22,0,9,37,0,46,0,12,56,0,68,46,0,46,114
03/31/2005,ALN,IL,AGL,CE,Federal Contract Tower,0,3,30,0,33,0,4,79,0,83,0,7,109,0,116,144,0,144,260
04/01/2005,ALN,IL,AGL,CE,Federal Contract Tower,0,0,29,0,29,0,3,55,0,58,0,3,84,0,87,70,0,70,157
04/02/2005,ALN,IL,AGL,CE,Federal Contract Tower,0,2,14,0,16,0,2,68,0,70,0,4,82,0,86,114,0,114,200
04/03/2005,ALN,IL,AGL,CE,Federal Contract Tower,0,0,15,0,15,0,0,60,0,60,0,0,75,0,75,22,0,22,97
04/04/2005,ALN,IL,AGL,CE,Federal Contract Tower,0,2,17,0,19,0,3,63,0,66,0,5,80,0,85,72,0,72,157
04/05/2005,ALN,IL,AGL,CE,Federal Contract Tower,0,4,12,2,18,0,1,21,0,22,0,5,33,2,40,6,0,6,46
04/06/2005,ALN,IL,AGL,CE,Federal Contract Tower,0,1,28,0,29,0,1,26,0,27,0,2,54,0,56,138,0,138,194
04/07/2005,ALN,IL,AGL,CE,Federal Contract Tower,0,3,21,0,24,0,0,10,0,10,0,3,31,0,34,40,0,40,74
04/08/2005,ALN,IL,AGL,CE,Federal Contract Tower,0,2,43,0,45,0,1,101,0,102,0,3,144,0,147,166,0,166,313
04/09/2005,ALN,IL,AGL,CE,Federal Contract Tower,0,0,41,0,41,0,3,118,0,121,0,3,159,0,162,186,0,186,348
04/10/2005,ALN,IL,AGL,CE,Federal Contract Tower,0,2,26,2,30,0,7,88,0,95,0,9,114,2,125,90,4,94,219
04/11/2005,ALN,IL,AGL,CE,Federal Contract Tower,0,4,34,0,38,0,10,7,0,17,0,14,41,0,55,50,0,50,105
04/12/2005,ALN,IL,AGL,CE,Federal Contract Tower,0,0,46,1,47,0,4,0,1,5,0,4,46,2,52,54,4,58,110
04/13/2005,ALN,IL,AGL,CE,Federal Contract Tower,0,0,56,0,56,0,0,13,0,13,0,0,69,0,69,104,0,104,173
04/14/2005,ALN,IL,AGL,CE,Federal Contract Tower,0,0,50,8,58,0,2,76,0,78,0,2,126,8,136,134,14,148,284
04/15/2005,ALN,IL,AGL,CE,Federal Contract Tower,0,5,32,0,37,0,2,66,0,68,0,7,98,0,105,114,0,114,219
04/16/2005,ALN,IL,AGL,CE,Federal Contract Tower,0,3,43,0,46,0,5,60,0,65,0,8,103,0,111,150,0,150,261
04/17/2005,ALN,IL,AGL,CE,Federal Contract Tower,0,2,39,0,41,0,2,84,0,86,0,4,123,0,127,148,0,148,275
04/18/2005,ALN,IL,AGL,CE,Federal Contract Tower,0,3,31,0,34,0,2,89,0,91,0,5,120,0,125,100,0,100,225
04/19/2005,ALN,IL,AGL,CE,Federal Contract Tower,0,0,24,0,24,0,7,73,0,80,0,7,97,0,104,162,0,162,266
04/20/2005,ALN,IL,AGL,CE,Federal Contract Tower,0,0,8,0,8,0,4,73,0,77,0,4,81,0,85,84,0,84,169
04/21/2005,ALN,IL,AGL,CE,Federal Contract Tower,0,0,19,0,19,0,1,16,0,17,0,1,35,0,36,32,0,32,68
04/22/2005,ALN,IL,AGL,CE,Federal Contract Tower,0,2,13,0,15,0,2,9,0,11,0,4,22,0,26,4,0,4,30
04/23/2005,ALN,IL,AGL,CE,Federal Contract Tower,0,0,9,0,9,0,0,6,0,6,0,0,15,0,15,2,0,2,17
04/24/2005,ALN,IL,AGL,CE,Federal Contract Tower,0,0,5,0,5,0,3,31,0,34,0,3,36,0,39,4,0,4,43
04/25/2005,ALN,IL,AGL,CE,Federal Contract Tower,0,5,27,0,32,0,2,58,0,60,0,7,85,0,92,44,0,44,136
04/26/2005,ALN,IL,AGL,CE,Federal Contract Tower,0,2,28,0,30,0,3,18,0,21,0,5,46,0,51,33,0,33,84
04/27/2005,ALN,IL,AGL,CE,Federal Contract Tower,0,5,26,0,31,0,4,54,0,58,0,9,80,0,89,94,0,94,183
04/28/2005,ALN,IL,AGL,CE,Federal Contract Tower,0,2,17,2,21,0,0,17,0,17,0,2,34,2,38,32,2,34,72
04/29/2005,ALN,IL,AGL,CE,Federal Contract Tower,0,2,25,0,27,0,4,12,0,16,0,6,37,0,43,33,0,33,76
04/30/2005,ALN,IL,AGL,CE,Federal Contract Tower,0,2,8,0,10,0,1,53,0,54,0,3,61,0,64,22,0,22,86
05/01/2005,ALN,IL,AGL,CE,Federal Contract Tower,0,2,11,0,13,0,0,28,0,28,0,2,39,0,41,16,0,16,57
05/02/2005,ALN,IL,AGL,CE,Federal Contract Tower,0,0,18,2,20,0,6,28,0,34,0,6,46,2,54,20,2,22,76
05/03/2005,ALN,IL,AGL,CE,Federal Contract Tower,0,2,16,0,18,0,3,58,0,61,0,5,74,0,79,120,0,120,199
05/04/2005,ALN,IL,AGL,CE,Federal Contract Tower,0,1,23,4,28,0,5,87,0,92,0,6,110,4,120,186,22,208,328
05/05/2005,ALN,IL,AGL,CE,Federal Contract Tower,0,0,21,3,24,0,5,92,1,98,0,5,113,4,122,130,14,144,266
05/06/2005,ALN,IL,AGL,CE,Federal Contract Tower,0,0,21,0,21,0,0,53,0,53,0,0,74,0,74,78,0,78,152
05/07/2005,ALN,IL,AGL,CE,Federal Contract Tower,0,0,21,0,21,0,6,78,0,84,0,6,99,0,105,90,0,90,195
05/08/2005,ALN,IL,AGL,CE,Federal Contract Tower,0,0,8,0,8,0,4,19,0,23,0,4,27,0,31,56,0,56,87
05/09/2005,ALN,IL,AGL,CE,Federal Contract Tower,0,1,17,0,18,0,6,24,8,38,0,7,41,8,56,64,0,64,120
05/10/2005,ALN,IL,AGL,CE,Federal Contract Tower,0,4,28,0,32,0,0,84,1,85,0,4,112,1,117,190,0,190,307
05/11/2005,ALN,IL,AGL,CE,Federal Contract Tower,0,3,36,2,41,0,5,68,0,73,0,8,104,2,114,146,16,162,276
05/12/2005,ALN,IL,AGL,CE,Federal Contract Tower,0,1,30,0,31,0,3,33,0,36,0,4,63,0,67,54,0,54,121
05/13/2005,ALN,IL,AGL,CE,Federal Contract Tower,0,2,12,1,15,0,2,27,5,34,0,4,39,6,49,6,4,10,59
05/14/2005,ALN,IL,AGL,CE,Federal Contract Tower,0,2,23,0,25,0,2,224,0,226,0,4,247,0,251,18,0,18,269
05/15/2005,ALN,IL,AGL,CE,Federal Contract Tower,0,0,7,0,7,0,4,84,0,88,0,4,91,0,95,52,0,52,147
05/16/2005,ALN,IL,AGL,CE,Federal Contract Tower,0,6,32,0,38,0,8,99,0,107,0,14,131,0,145,118,0,118,263
05/17/2005,ALN,IL,AGL,CE,Federal Contract Tower,0,4,22,0,26,0,1,85,0,86,0,5,107,0,112,104,0,104,216
05/18/2005,ALN,IL,AGL,CE,Federal Contract Tower,0,2,32,0,34,0,6,73,0,79,0,8,105,0,113,132,0,132,245
05/19/2005,ALN,IL,AGL,CE,Federal Contract Tower,0,0,16,0,16,0,3,58,0,61,0,3,74,0,77,56,0,56,133
05/20/2005,ALN,IL,AGL,CE,Federal Contract Tower,0,0,32,0,32,0,2,35,0,37,0,2,67,0,69,112,0,112,181
05/21/2005,ALN,IL,AGL,CE,Federal Contract Tower,0,0,14,0,14,0,4,52,0,56,0,4,66,0,70,48,0,48,118
05/22/2005,ALN,IL,AGL,CE,Federal Contract Tower,0,0,6,0,6,0,0,66,0,66,0,0,72,0,72,80,0,80,152
05/23/2005,ALN,IL,AGL,CE,Federal Contract Tower,0,0,23,0,23,0,4,84,0,88,0,4,107,0,111,76,0,76,187
05/24/2005,ALN,IL,AGL,CE,Federal Contract Tower,0,1,10,2,13,0,0,77,2,79,0,1,87,4,92,168,4,172,264
05/25/2005,ALN,IL,AGL,CE,Federal Contract Tower,0,2,43,2,47,0,7,95,0,102,0,9,138,2,149,124,12,136,285
05/26/2005,ALN,IL,AGL,CE,Federal Contract Tower,0,1,19,0,20,0,3,65,0,68,0,4,84,0,88,112,0,112,200
05/27/2005,ALN,IL,AGL,CE,Federal Contract Tower,0,0,21,0,21,0,0,44,0,44,0,0,65,0,65,60,0,60,125
05/28/2005,ALN,IL,AGL,CE,Federal Contract Tower,0,0,23,0,23,0,11,87,0,98,0,11,110,0,121,108,0,108,229
05/29/2005,ALN,IL,AGL,CE,Federal Contract Tower,0,0,23,0,23,0,4,45,0,49,0,4,68,0,72,64,0,64,136
05/30/2005,ALN,IL,AGL,CE,Federal Contract Tower,0,0,30,0,30,0,1,37,0,38,0,1,67,0,68,72,0,72,140
05/31/2005,ALN,IL,AGL,CE,Federal Contract Tower,0,2,20,0,22,0,3,93,0,96,0,5,113,0,118,130,0,130,248
06/01/2005,ALN,IL,AGL,CE,Federal Contract Tower,0,4,32,0,36,0,3,94,5,102,0,7,126,5,138,132,0,132,270
06/02/2005,ALN,IL,AGL,CE,Federal Contract Tower,0,11,11,0,22,0,2,67,2,71,0,13,78,2,93,94,0,94,187
06/03/2005,ALN,IL,AGL,CE,Federal Contract Tower,0,3,64,0,67,0,17,16,4,37,0,20,80,4,104,106,0,106,210
06/04/2005,ALN,IL,AGL,CE,Federal Contract Tower,0,0,16,0,16,0,4,46,0,50,0,4,62,0,66,66,0,66,132
06/05/2005,ALN,IL,AGL,CE,Federal Contract Tower,0,0,24,2,26,0,5,80,0,85,0,5,104,2,111,164,10,174,285
06/06/2005,ALN,IL,AGL,CE,Federal Contract Tower,0,3,22,0,25,0,6,68,0,74,0,9,90,0,99,74,0,74,173
06/07/2005,ALN,IL,AGL,CE,Federal Contract Tower,0,3,32,1,36,0,5,69,4,78,0,8,101,5,114,134,4,138,252
06/08/2005,ALN,IL,AGL,CE,Federal Contract Tower,0,7,26,2,35,0,4,50,4,58,0,11,76,6,93,92,16,108,201
06/09/2005,ALN,IL,AGL,CE,Federal Contract Tower,0,3,39,1,43,0,1,39,1,41,0,4,78,2,84,42,2,44,128
06/10/2005,ALN,IL,AGL,CE,Federal Contract Tower,0,7,20,3,30,0,1,72,0,73,0,8,92,3,103,96,4,100,203
06/11/2005,ALN,IL,AGL,CE,Federal Contract Tower,0,0,10,1,11,0,0,57,1,58,0,0,67,2,69,56,6,62,131
06/12/2005,ALN,IL,AGL,CE,Federal Contract Tower,0,1,34,0,35,0,0,53,0,53,0,1,87,0,88,104,0,104,192
06/13/2005,ALN,IL,AGL,CE,Federal Contract Tower,0,1,26,0,27,0,8,55,0,63,0,9,81,0,90,92,0,92,182
06/14/2005,ALN,IL,AGL,CE,Federal Contract Tower,0,2,36,0,38,0,8,57,0,65,0,10,93,0,103,104,0,104,207
06/15/2005,ALN,IL,AGL,CE,Federal Contract Tower,0,2,30,0,32,0,7,78,0,85,0,9,108,0,117,100,0,100,217
06/16/2005,ALN,IL,AGL,CE,Federal Contract Tower,0,0,23,0,23,0,6,111,0,117,0,6,134,0,140,96,0,96,236
06/17/2005,ALN,IL,AGL,CE,Federal Contract Tower,0,1,35,4,40,0,3,59,0,62,0,4,94,4,102,104,2,106,208
06/18/2005,ALN,IL,AGL,CE,Federal Contract Tower,0,2,27,0,29,0,0,101,0,101,0,2,128,0,130,128,0,128,258
06/19/2005,ALN,IL,AGL,CE,Federal Contract Tower,0,0,18,0,18,0,0,80,0,80,0,0,98,0,98,124,0,124,222
06/20/2005,ALN,IL,AGL,CE,Federal Contract Tower,0,4,52,2,58,0,1,37,0,38,0,5,89,2,96,30,4,34,130
06/21/2005,ALN,IL,AGL,CE,Federal Contract Tower,0,0,24,0,24,0,7,65,1,73,0,7,89,1,97,70,0,70,167
06/22/2005,ALN,IL,AGL,CE,Federal Contract Tower,0,0,20,2,22,0,0,82,0,82,0,0,102,2,104,120,2,122,226
06/23/2005,ALN,IL,AGL,CE,Federal Contract Tower,0,3,25,0,28,0,4,92,0,96,0,7,117,0,124,134,0,134,258
06/24/2005,ALN,IL,AGL,CE,Federal Contract Tower,0,1,26,2,29,0,2,58,0,60,0,3,84,2,89,48,8,56,145
06/25/2005,ALN,IL,AGL,CE,Federal Contract Tower,0,1,22,0,23,0,3,55,0,58,0,4,77,0,81,82,0,82,163
06/26/2005,ALN,IL,AGL,CE,Federal Contract Tower,0,0,34,0,34,0,1,37,0,38,0,1,71,0,72,82,0,82,154
06/27/2005,ALN,IL,AGL,CE,Federal Contract Tower,0,3,19,0,22,0,0,50,2,52,0,3,69,2,74,66,0,66,140
06/28/2005,ALN,IL,AGL,CE,Federal Contract Tower,0,0,26,0,26,0,3,48,0,51,0,3,74,0,77,114,0,114,191
06/29/2005,ALN,IL,AGL,CE,Federal Contract Tower,0,5,45,0,50,0,6,64,0,70,0,11,109,0,120,122,0,122,242
06/30/2005,ALN,IL,AGL,CE,Federal Contract Tower,0,5,27,0,32,0,8,75,0,83,0,13,102,0,115,118,0,118,233
07/01/2005,ALN,IL,AGL,CE,Federal Contract Tower,0,0,33,0,33,0,8,71,0,79,0,8,104,0,112,132,0,132,244
07/02/2005,ALN,IL,AGL,CE,Federal Contract Tower,0,0,13,0,13,0,6,86,0,92,0,6,99,0,105,80,0,80,185
07/03/2005,ALN,IL,AGL,CE,Federal Contract Tower,0,0,19,0,19,0,6,49,0,55,0,6,68,0,74,62,0,62,136
07/04/2005,ALN,IL,AGL,CE,Federal Contract Tower,0,0,5,0,5,0,0,18,0,18,0,0,23,0,23,12,0,12,35
07/05/2005,ALN,IL,AGL,CE,Federal Contract Tower,0,1,37,0,38,0,4,60,0,64,0,5,97,0,102,88,0,88,190
07/06/2005,ALN,IL,AGL,CE,Federal Contract Tower,0,1,41,0,42,0,6,97,3,106,0,7,138,3,148,156,12,168,316
07/07/2005,ALN,IL,AGL,CE,Federal Contract Tower,0,2,28,0,30,0,6,99,0,105,0,8,127,0,135,182,0,182,317
07/08/2005,ALN,IL,AGL,CE,Federal Contract Tower,0,4,17,0,21,0,5,91,0,96,0,9,108,0,117,110,0,110,227
07/09/2005,ALN,IL,AGL,CE,Federal Contract Tower,0,7,14,0,21,0,0,102,0,102,0,7,116,0,123,158,0,158,281
07/10/2005,ALN,IL,AGL,CE,Federal Contract Tower,0,4,33,0,37,0,1,25,0,26,0,5,58,0,63,84,0,84,147
07/11/2005,ALN,IL,AGL,CE,Federal Contract Tower,0,0,16,0,16,0,5,47,4,56,0,5,63,4,72,62,0,62,134
07/12/2005,ALN,IL,AGL,CE,Federal Contract Tower,0,3,35,0,38,0,0,0,0,0,0,3,35,0,38,36,0,36,74
07/13/2005,ALN,IL,AGL,CE,Federal Contract Tower,0,3,33,0,36,0,3,30,0,33,0,6,63,0,69,56,0,56,125
07/14/2005,ALN,IL,AGL,CE,Federal Contract Tower,0,4,20,0,24,0,0,40,0,40,0,4,60,0,64,74,0,74,138
07/15/2005,ALN,IL,AGL,CE,Federal Contract Tower,0,1,16,0,17,0,0,13,0,13,0,1,29,0,30,22,0,22,52
07/16/2005,ALN,IL,AGL,CE,Federal Contract Tower,0,3,22,3,28,0,1,69,3,73,0,4,91,6,101,128,12,140,241
07/17/2005,ALN,IL,AGL,CE,Federal Contract Tower,0,0,42,0,42,0,1,23,0,24,0,1,65,0,66,84,0,84,150
07/18/2005,ALN,IL,AGL,CE,Federal Contract Tower,0,0,34,0,34,0,0,28,0,28,0,0,62,0,62,44,0,44,106
07/19/2005,ALN,IL,AGL,CE,Federal Contract Tower,0,3,31,0,34,0,5,81,0,86,0,8,112,0,120,156,0,156,276
07/20/2005,ALN,IL,AGL,CE,Federal Contract Tower,0,0,25,0,25,0,8,83,0,91,0,8,108,0,116,150,0,150,266
07/21/2005,ALN,IL,AGL,CE,Federal Contract Tower,0,0,26,0,26,0,2,47,0,49,0,2,73,0,75,100,0,100,175
07/22/2005,ALN,IL,AGL,CE,Federal Contract Tower,0,0,22,0,22,0,5,50,5,60,0,5,72,5,82,76,0,76,158
07/23/2005,ALN,IL,AGL,CE,Federal Contract Tower,0,0,24,2,26,0,0,55,0,55,0,0,79,2,81,102,2,104,185
07/24/2005,ALN,IL,AGL,CE,Federal Contract Tower,0,1,13,0,14,0,0,37,0,37,0,1,50,0,51,18,0,18,69
07/25/2005,ALN,IL,AGL,CE,Federal Contract Tower,0,0,20,0,20,0,2,33,0,35,0,2,53,0,55,16,0,16,71
07/26/2005,ALN,IL,AGL,CE,Federal Contract Tower,0,0,25,0,25,0,4,37,0,41,0,4,62,0,66,94,0,94,160
07/27/2005,ALN,IL,AGL,CE,Federal Contract Tower,0,3,37,0,40,0,6,75,0,81,0,9,112,0,121,158,0,158,279
07/28/2005,ALN,IL,AGL,CE,Federal Contract Tower,0,2,18,0,20,0,7,90,0,97,0,9,108,0,117,130,0,130,247
07/29/2005,ALN,IL,AGL,CE,Federal Contract Tower,0,4,15,2,21,0,7,97,0,104,0,11,112,2,125,120,4,124,249
07/30/2005,ALN,IL,AGL,CE,Federal Contract Tower,0,2,22,0,24,0,4,70,0,74,0,6,92,0,98,86,0,86,184
07/31/2005,ALN,IL,AGL,CE,Federal Contract Tower,0,4,23,0,27,0,3,48,0,51,0,7,71,0,78,84,0,84,162
08/01/2005,ALN,IL,AGL,CE,Federal Contract Tower,0,0,22,2,24,0,11,78,2,91,0,11,100,4,115,142,0,142,257
08/02/2005,ALN,IL,AGL,CE,Federal Contract Tower,0,0,28,3,31,0,2,67,0,69,0,2,95,3,100,140,8,148,248
08/03/2005,ALN,IL,AGL,CE,Federal Contract Tower,0,2,18,0,20,0,4,82,2,88,0,6,100,2,108,140,18,158,266
08/04/2005,ALN,IL,AGL,CE,Federal Contract Tower,0,5,17,4,26,0,0,99,0,99,0,5,116,4,125,126,22,148,273
08/05/2005,ALN,IL,AGL,CE,Federal Contract Tower,0,1,36,0,37,0,4,15,4,23,0,5,51,4,60,42,0,42,102
08/06/2005,ALN,IL,AGL,CE,Federal Contract Tower,0,0,22,0,22,0,3,70,0,73,0,3,92,0,95,134,0,134,229
08/07/2005,ALN,IL,AGL,CE,Federal Contract Tower,0,2,49,0,51,0,0,31,0,31,0,2,80,0,82,134,0,134,216
08/08/2005,ALN,IL,AGL,CE,Federal Contract Tower,0,0,32,4,36,0,6,55,0,61,0,6,87,4,97,116,22,138,235
08/09/2005,ALN,IL,AGL,CE,Federal Contract Tower,0,1,21,0,22,0,6,92,0,98,0,7,113,0,120,120,0,120,240
08/10/2005,ALN,IL,AGL,CE,Federal Contract Tower,0,1,16,4,21,0,9,66,1,76,0,10,82,5,97,108,12,120,217
08/11/2005,ALN,IL,AGL,CE,Federal Contract Tower,0,7,20,0,27,0,7,56,0,63,0,14,76,0,90,76,0,76,166
08/12/2005,ALN,IL,AGL,CE,Federal Contract Tower,0,0,29,0,29,0,2,44,0,46,0,2,73,0,75,74,0,74,149
08/13/2005,ALN,IL,AGL,CE,Federal Contract Tower,0,0,19,0,19,0,0,60,0,60,0,0,79,0,79,106,0,106,185
08/14/2005,ALN,IL,AGL,CE,Federal Contract Tower,0,1,21,0,22,0,0,0,0,0,0,1,21,0,22,10,0,10,32
08/15/2005,ALN,IL,AGL,CE,Federal Contract Tower,0,0,21,0,21,0,0,0,0,0,0,0,21,0,21,10,0,10,31
08/16/2005,ALN,IL,AGL,CE,Federal Contract Tower,0,3,42,0,45,0,9,60,6,75,0,12,102,6,120,154,18,172,292
08/17/2005,ALN,IL,AGL,CE,Federal Contract Tower,0,0,26,0,26,0,7,127,0,134,0,7,153,0,160,206,0,206,366
08/18/2005,ALN,IL,AGL,CE,Federal Contract Tower,0,2,33,0,35,0,8,80,2,90,0,10,113,2,125,150,0,150,275
08/19/2005,ALN,IL,AGL,CE,Federal Contract Tower,0,4,15,0,19,0,0,76,0,76,0,4,91,0,95,128,0,128,223
08/20/2005,ALN,IL,AGL,CE,Federal Contract Tower,0,1,21,0,22,0,1,67,0,68,0,2,88,0,90,96,0,96,186
08/21/2005,ALN,IL,AGL,CE,Federal Contract Tower,0,1,14,0,15,0,2,78,0,80,0,3,92,0,95,52,0,52,147
08/22/2005,ALN,IL,AGL,CE,Federal Contract Tower,0,2,28,0,30,0,2,48,0,50,0,4,76,0,80,54,0,54,134
08/23/2005,ALN,IL,AGL,CE,Federal Contract Tower,0,2,27,0,29,0,6,60,0,66,0,8,87,0,95,76,0,76,171
08/24/2005,ALN,IL,AGL,CE,Federal Contract Tower,0,5,27,0,32,0,2,94,9,105,0,7,121,9,137,140,10,150,287
08/25/2005,ALN,IL,AGL,CE,Federal Contract Tower,0,3,21,0,24,0,0,1,0,1,0,3,22,0,25,18,0,18,43
08/26/2005,ALN,IL,AGL,CE,Federal Contract Tower,0,0,4,0,4,0,2,15,0,17,0,2,19,0,21,54,0,54,75
08/27/2005,ALN,IL,AGL,CE,Federal Contract Tower,0,4,27,2,33,0,1,102,0,103,0,5,129,2,136,194,8,202,338
08/28/2005,ALN,IL,AGL,CE,Federal Contract Tower,0,2,28,0,30,0,0,58,0,58,0,2,86,0,88,120,0,120,208
08/29/2005,ALN,IL,AGL,CE,Federal Contract Tower,0,9,34,2,45,0,0,42,2,44,0,9,76,4,89,72,0,72,161
08/30/2005,ALN,IL,AGL,CE,Federal Contract Tower,0,0,21,4,25,0,3,27,0,30,0,3,48,4,55,56,6,62,117
08/31/2005,ALN,IL,AGL,CE,Federal Contract Tower,0,1,47,0,48,0,7,80,0,87,0,8,127,0,135,198,0,198,333
09/01/2005,ALN,IL,AGL,CE,Federal Contract Tower,0,4,51,7,62,0,4,83,1,88,0,8,134,8,150,134,10,144,294
09/02/2005,ALN,IL,AGL,CE,Federal Contract Tower,0,3,42,2,47,0,13,70,0,83,0,16,112,2,130,92,0,92,222
09/03/2005,ALN,IL,AGL,CE,Federal Contract Tower,0,1,8,0,9,0,3,71,0,74,0,4,79,0,83,56,0,56,139
09/04/2005,ALN,IL,AGL,CE,Federal Contract Tower,0,1,21,0,22,0,2,31,0,33,0,3,52,0,55,60,0,60,115
09/05/2005,ALN,IL,AGL,CE,Federal Contract Tower,0,0,13,0,13,0,0,44,0,44,0,0,57,0,57,50,0,50,107
09/06/2005,ALN,IL,AGL,CE,Federal Contract Tower,0,2,51,0,53,0,0,32,0,32,0,2,83,0,85,112,0,112,197
09/07/2005,ALN,IL,AGL,CE,Federal Contract Tower,0,5,42,22,69,0,4,73,3,80,0,9,115,25,149,120,100,220,369
09/08/2005,ALN,IL,AGL,CE,Federal Contract Tower,0,0,45,2,47,0,1,80,2,83,0,1,125,4,130,140,10,150,280
09/09/2005,ALN,IL,AGL,CE,Federal Contract Tower,0,5,25,0,30,0,12,51,0,63,0,17,76,0,93,98,0,98,191
09/10/2005,ALN,IL,AGL,CE,Federal Contract Tower,0,1,26,0,27,0,0,61,0,61,0,1,87,0,88,134,0,134,222
09/11/2005,ALN,IL,AGL,CE,Federal Contract Tower,0,1,27,0,28,0,2,39,0,41,0,3,66,0,69,94,0,94,163
09/12/2005,ALN,IL,AGL,CE,Federal Contract Tower,0,4,50,0,54,0,2,76,0,78,0,6,126,0,132,164,0,164,296
09/13/2005,ALN,IL,AGL,CE,Federal Contract Tower,0,0,22,2,24,0,5,32,0,37,0,5,54,2,61,34,4,38,99
09/14/2005,ALN,IL,AGL,CE,Federal Contract Tower,0,1,45,0,46,0,0,50,0,50,0,1,95,0,96,134,0,134,230
09/15/2005,ALN,IL,AGL,CE,Federal Contract Tower,0,3,33,0,36,0,0,1,0,1,0,3,34,0,37,28,0,28,65
09/16/2005,ALN,IL,AGL,CE,Federal Contract Tower,0,3,36,0,39,0,1,30,0,31,0,4,66,0,70,60,0,60,130
09/17/2005,ALN,IL,AGL,CE,Federal Contract Tower,0,0,23,0,23,0,5,122,0,127,0,5,145,0,150,196,0,196,346
09/18/2005,ALN,IL,AGL,CE,Federal Contract Tower,0,4,34,0,38,0,0,60,0,60,0,4,94,0,98,84,0,84,182
09/19/2005,ALN,IL,AGL,CE,Federal Contract Tower,0,2,37,0,39,0,0,35,0,35,0,2,72,0,74,118,0,118,192
09/20/2005,ALN,IL,AGL,CE,Federal Contract Tower,0,2,67,3,72,0,3,45,2,50,0,5,112,5,122,128,26,154,276
09/21/2005,ALN,IL,AGL,CE,Federal Contract Tower,0,1,47,5,53,0,5,76,1,82,0,6,123,6,135,172,28,200,335
09/22/2005,ALN,IL,AGL,CE,Federal Contract Tower,0,5,44,0,49,0,3,67,4,74,0,8,111,4,123,160,6,166,289
09/23/2005,ALN,IL,AGL,CE,Federal Contract Tower,0,0,35,0,35,0,3,40,2,45,0,3,75,2,80,110,2,112,192
09/24/2005,ALN,IL,AGL,CE,Federal Contract Tower,0,0,14,0,14,0,0,412,0,412,0,0,426,0,426,474,0,474,900
09/25/2005,ALN,IL,AGL,CE,Federal Contract Tower,0,0,5,0,5,0,0,0,0,0,0,0,5,0,5,2,0,2,7
09/26/2005,ALN,IL,AGL,CE,Federal Contract Tower,0,0,27,0,27,0,2,21,0,23,0,2,48,0,50,42,0,42,92
09/27/2005,ALN,IL,AGL,CE,Federal Contract Tower,0,2,34,0,36,0,7,111,0,118,0,9,145,0,154,160,0,160,314
09/28/2005,ALN,IL,AGL,CE,Federal Contract Tower,0,5,24,0,29,0,4,38,0,42,0,9,62,0,71,40,0,40,111
09/29/2005,ALN,IL,AGL,CE,Federal Contract Tower,0,0,26,0,26,0,2,91,0,93,0,2,117,0,119,210,0,210,329
09/30/2005,ALN,IL,AGL,CE,Federal Contract Tower,0,0,33,2,35,0,2,90,0,92,0,2,123,2,127,110,4,114,241
10/01/2005,ALN,IL,AGL,CE,Federal Contract Tower,0,0,32,4,36,0,0,112,2,114,0,0,144,6,150,94,10,104,254
10/02/2005,ALN,IL,AGL,CE,Federal Contract Tower,0,0,8,0,8,0,4,21,0,25,0,4,29,0,33,2,0,2,35
10/03/2005,ALN,IL,AGL,CE,Federal Contract Tower,0,2,33,2,37,0,5,52,0,57,0,7,85,2,94,116,2,118,212
10/04/2005,ALN,IL,AGL,CE,Federal Contract Tower,0,0,32,0,32,0,3,29,0,32,0,3,61,0,64,60,0,60,124
10/05/2005,ALN,IL,AGL,CE,Federal Contract Tower,0,0,17,0,17,0,6,75,0,81,0,6,92,0,98,84,0,84,182
10/06/2005,ALN,IL,AGL,CE,Federal Contract Tower,0,2,26,3,31,0,3,44,0,47,0,5,70,3,78,46,0,46,124
10/07/2005,ALN,IL,AGL,CE,Federal Contract Tower,0,7,39,0,46,0,5,67,0,72,0,12,106,0,118,130,0,130,248
10/08/2005,ALN,IL,AGL,CE,Federal Contract Tower,0,4,20,2,26,0,4,72,0,76,0,8,92,2,102,114,4,118,220
10/09/2005,ALN,IL,AGL,CE,Federal Contract Tower,0,2,13,0,15,0,0,72,0,72,0,2,85,0,87,72,0,72,159
10/10/2005,ALN,IL,AGL,CE,Federal Contract Tower,0,4,25,0,29,0,4,52,0,56,0,8,77,0,85,98,0,98,183
10/11/2005,ALN,IL,AGL,CE,Federal Contract Tower,0,0,35,0,35,0,0,16,1,17,0,0,51,1,52,34,0,34,86
10/12/2005,ALN,IL,AGL,CE,Federal Contract Tower,0,2,27,0,29,0,5,70,0,75,0,7,97,0,104,102,0,102,206
10/13/2005,ALN,IL,AGL,CE,Federal Contract Tower,0,2,49,0,51,0,8,42,0,50,0,10,91,0,101,138,0,138,239
10/14/2005,ALN,IL,AGL,CE,Federal Contract Tower,0,0,34,0,34,0,10,79,2,91,0,10,113,2,125,144,0,144,269
10/15/2005,ALN,IL,AGL,CE,Federal Contract Tower,0,0,34,0,34,0,0,117,0,117,0,0,151,0,151,222,0,222,373
10/16/2005,ALN,IL,AGL,CE,Federal Contract Tower,0,2,27,0,29,0,2,78,0,80,0,4,105,0,109,136,0,136,245
10/17/2005,ALN,IL,AGL,CE,Federal Contract Tower,0,1,29,0,30,0,5,54,0,59,0,6,83,0,89,104,0,104,193
10/18/2005,ALN,IL,AGL,CE,Federal Contract Tower,0,1,37,6,44,0,6,64,0,70,0,7,101,6,114,130,26,156,270
10/19/2005,ALN,IL,AGL,CE,Federal Contract Tower,0,1,30,0,31,0,5,70,0,75,0,6,100,0,106,116,0,116,222
10/20/2005,ALN,IL,AGL,CE,Federal Contract Tower,0,3,11,0,14,0,0,17,0,17,0,3,28,0,31,6,0,6,37
10/21/2005,ALN,IL,AGL,CE,Federal Contract Tower,0,0,27,0,27,0,2,13,0,15,0,2,40,0,42,16,0,16,58
10/22/2005,ALN,IL,AGL,CE,Federal Contract Tower,0,0,35,4,39,0,0,63,0,63,0,0,98,4,102,144,18,162,264
10/23/2005,ALN,IL,AGL,CE,Federal Contract Tower,0,0,20,0,20,0,6,33,0,39,0,6,53,0,59,12,0,12,71
10/24/2005,ALN,IL,AGL,CE,Federal Contract Tower,0,0,26,7,33,0,2,44,0,46,0,2,70,7,79,72,38,110,189
10/25/2005,ALN,IL,AGL,CE,Federal Contract Tower,0,0,16,6,22,0,8,44,0,52,0,8,60,6,74,52,12,64,138
10/26/2005,ALN,IL,AGL,CE,Federal Contract Tower,0,2,50,0,52,0,5,97,4,106,0,7,147,4,158,166,16,182,340
10/27/2005,ALN,IL,AGL,CE,Federal Contract Tower,0,0,38,0,38,0,2,103,0,105,0,2,141,0,143,136,0,136,279
10/28/2005,ALN,IL,AGL,CE,Federal Contract Tower,0,4,38,2,44,0,2,91,0,93,0,6,129,2,137,174,2,176,313
10/29/2005,ALN,IL,AGL,CE,Federal Contract Tower,0,0,10,0,10,0,4,90,0,94,0,4,100,0,104,140,0,140,244
10/30/2005,ALN,IL,AGL,CE,Federal Contract Tower,0,1,27,0,28,0,0,58,0,58,0,1,85,0,86,54,0,54,140
10/31/2005,ALN,IL,AGL,CE,Federal Contract Tower,0,1,9,0,10,0,0,0,0,0,0,1,9,0,10,0,0,0,10
11/01/2005,ALN,IL,AGL,CE,Federal Contract Tower,0,2,32,12,46,0,2,65,2,69,0,4,97,14,115,66,18,84,199
11/02/2005,ALN,IL,AGL,CE,Federal Contract Tower,0,5,22,0,27,0,4,92,0,96,0,9,114,0,123,178,0,178,301
11/03/2005,ALN,IL,AGL,CE,Federal Contract Tower,0,2,22,0,24,0,3,15,0,18,0,5,37,0,42,28,0,28,70
11/04/2005,ALN,IL,AGL,CE,Federal Contract Tower,0,0,20,0,20,0,6,64,0,70,0,6,84,0,90,114,0,114,204
11/05/2005,ALN,IL,AGL,CE,Federal Contract Tower,0,0,13,0,13,0,2,31,2,35,0,2,44,2,48,82,0,82,130
11/06/2005,ALN,IL,AGL,CE,Federal Contract Tower,0,3,16,0,19,0,4,31,0,35,0,7,47,0,54,66,0,66,120
11/07/2005,ALN,IL,AGL,CE,Federal Contract Tower,0,3,14,0,17,0,5,76,0,81,0,8,90,0,98,134,0,134,232
11/08/2005,ALN,IL,AGL,CE,Federal Contract Tower,0,1,17,2,20,0,0,51,0,51,0,1,68,2,71,78,12,90,161
11/09/2005,ALN,IL,AGL,CE,Federal Contract Tower,0,2,35,0,37,0,6,65,0,71,0,8,100,0,108,130,0,130,238
11/10/2005,ALN,IL,AGL,CE,Federal Contract Tower,0,4,29,0,33,0,3,81,0,84,0,7,110,0,117,166,0,166,283
11/11/2005,ALN,IL,AGL,CE,Federal Contract Tower,0,1,33,0,34,0,6,70,0,76,0,7,103,0,110,118,0,118,228
11/12/2005,ALN,IL,AGL,CE,Federal Contract Tower,0,1,8,0,9,0,5,22,0,27,0,6,30,0,36,14,0,14,50
11/13/2005,ALN,IL,AGL,CE,Federal Contract Tower,0,2,24,0,26,0,1,41,0,42,0,3,65,0,68,82,0,82,150
11/14/2005,ALN,IL,AGL,CE,Federal Contract Tower,0,5,21,2,28,0,2,27,0,29,0,7,48,2,57,50,10,60,117
11/15/2005,ALN,IL,AGL,CE,Federal Contract Tower,0,3,9,0,12,0,0,6,0,6,0,3,15,0,18,0,0,0,18
11/16/2005,ALN,IL,AGL,CE,Federal Contract Tower,0,1,33,8,42,0,8,24,7,39,0,9,57,15,81,34,46,80,161
11/17/2005,ALN,IL,AGL,CE,Federal Contract Tower,0,6,37,2,45,0,4,72,0,76,0,10,109,2,121,182,20,202,323
11/18/2005,ALN,IL,AGL,CE,Federal Contract Tower,0,2,24,1,27,0,0,48,1,49,0,2,72,2,76,106,8,114,190
11/19/2005,ALN,IL,AGL,CE,Federal Contract Tower,0,1,26,0,27,0,6,69,0,75,0,7,95,0,102,132,0,132,234
11/20/2005,ALN,IL,AGL,CE,Federal Contract Tower,0,0,26,0,26,0,0,34,0,34,0,0,60,0,60,118,0,118,178
11/21/2005,ALN,IL,AGL,CE,Federal Contract Tower,0,0,24,0,24,0,6,64,0,70,0,6,88,0,94,132,0,132,226
11/22/2005,ALN,IL,AGL,CE,Federal Contract Tower,0,4,37,13,54,0,4,77,1,82,0,8,114,14,136,158,36,194,330
11/23/2005,ALN,IL,AGL,CE,Federal Contract Tower,0,2,10,0,12,0,0,50,0,50,0,2,60,0,62,40,0,40,102
11/24/2005,ALN,IL,AGL,CE,Federal Contract Tower,0,0,1,0,1,0,0,10,0,10,0,0,11,0,11,0,0,0,11
11/25/2005,ALN,IL,AGL,CE,Federal Contract Tower,0,3,13,0,16,0,5,59,0,64,0,8,72,0,80,52,0,52,132
11/26/2005,ALN,IL,AGL,CE,Federal Contract Tower,0,0,46,0,46,0,8,26,0,34,0,8,72,0,80,108,0,108,188
11/27/2005,ALN,IL,AGL,CE,Federal Contract Tower,0,7,13,0,20,0,0,0,0,0,0,7,13,0,20,12,0,12,32
11/28/2005,ALN,IL,AGL,CE,Federal Contract Tower,0,6,9,0,15,0,1,41,0,42,0,7,50,0,57,34,0,34,91
11/29/2005,ALN,IL,AGL,CE,Federal Contract Tower,0,13,13,0,26,0,6,41,0,47,0,19,54,0,73,28,0,28,101
11/30/2005,ALN,IL,AGL,CE,Federal Contract Tower,0,7,22,6,35,0,8,81,0,89,0,15,103,6,124,148,24,172,296
12/01/2005,ALN,IL,AGL,CE,Federal Contract Tower,0,0,14,2,16,0,1,8,0,9,0,1,22,2,25,0,4,4,29
12/02/2005,ALN,IL,AGL,CE,Federal Contract Tower,0,2,29,1,32,0,1,49,2,52,0,3,78,3,84,110,4,114,198
12/03/2005,ALN,IL,AGL,CE,Federal Contract Tower,0,0,30,2,32,0,0,3,0,3,0,0,33,2,35,70,22,92,127
12/04/2005,ALN,IL,AGL,CE,Federal Contract Tower,0,4,9,0,13,0,0,6,0,6,0,4,15,0,19,16,0,16,35
12/05/2005,ALN,IL,AGL,CE,Federal Contract Tower,0,2,60,4,66,0,5,53,0,58,0,7,113,4,124,188,18,206,330
12/06/2005,ALN,IL,AGL,CE,Federal Contract Tower,0,0,22,0,22,0,11,41,0,52,0,11,63,0,74,132,0,132,206
12/07/2005,ALN,IL,AGL,CE,Federal Contract Tower,0,2,20,0,22,0,1,72,0,73,0,3,92,0,95,162,0,162,257
12/08/2005,ALN,IL,AGL,CE,Federal Contract Tower,0,4,11,0,15,0,0,0,0,0,0,4,11,0,15,2,0,2,17
12/09/2005,ALN,IL,AGL,CE,Federal Contract Tower,0,0,39,0,39,0,4,42,0,46,0,4,81,0,85,138,0,138,223
12/10/2005,ALN,IL,AGL,CE,Federal Contract Tower,0,2,19,2,23,0,5,37,0,42,0,7,56,2,65,90,8,98,163
12/11/2005,ALN,IL,AGL,CE,Federal Contract Tower,0,2,11,0,13,0,0,37,0,37,0,2,48,0,50,96,0,96,146
12/12/2005,ALN,IL,AGL,CE,Federal Contract Tower,0,2,9,0,11,0,3,9,0,12,0,5,18,0,23,6,0,6,29
12/13/2005,ALN,IL,AGL,CE,Federal Contract Tower,0,4,38,1,43,0,3,68,7,78,0,7,106,8,121,200,8,208,329
12/14/2005,ALN,IL,AGL,CE,Federal Contract Tower,0,1,17,0,18,0,0,3,0,3,0,1,20,0,21,14,0,14,35
12/15/2005,ALN,IL,AGL,CE,Federal Contract Tower,0,1,44,2,47,0,0,27,0,27,0,1,71,2,74,100,4,104,178
12/16/2005,ALN,IL,AGL,CE,Federal Contract Tower,0,3,23,0,26,0,3,33,0,36,0,6,56,0,62,46,0,46,108
12/17/2005,ALN,IL,AGL,CE,Federal Contract Tower,0,0,22,1,23,0,0,103,1,104,0,0,125,2,127,214,4,218,345
12/18/2005,ALN,IL,AGL,CE,Federal Contract Tower,0,0,10,1,11,0,6,12,1,19,0,6,22,2,30,20,2,22,52
12/19/2005,ALN,IL,AGL,CE,Federal Contract Tower,0,1,46,1,48,0,7,22,0,29,0,8,68,1,77,126,0,126,203
12/20/2005,ALN,IL,AGL,CE,Federal Contract Tower,0,0,33,3,36,0,7,16,0,23,0,7,49,3,59,110,6,116,175
12/21/2005,ALN,IL,AGL,CE,Federal Contract Tower,0,0,51,0,51,0,2,20,0,22,0,2,71,0,73,138,0,138,211
12/22/2005,ALN,IL,AGL,CE,Federal Contract Tower,0,0,24,0,24,0,1,27,0,28,0,1,51,0,52,106,0,106,158
12/23/2005,ALN,IL,AGL,CE,Federal Contract Tower,0,0,10,0,10,0,5,48,0,53,0,5,58,0,63,68,0,68,131
12/24/2005,ALN,IL,AGL,CE,Federal Contract Tower,0,2,8,0,10,0,0,0,0,0,0,2,8,0,10,14,0,14,24
12/25/2005,ALN,IL,AGL,CE,Federal Contract Tower,0,2,0,0,2,0,0,0,0,0,0,2,0,0,2,0,0,0,2
12/26/2005,ALN,IL,AGL,CE,Federal Contract Tower,0,0,17,0,17,0,0,10,0,10,0,0,27,0,27,24,0,24,51
12/27/2005,ALN,IL,AGL,CE,Federal Contract Tower,0,4,28,4,36,0,3,39,0,42,0,7,67,4,78,126,8,134,212
12/28/2005,ALN,IL,AGL,CE,Federal Contract Tower,0,0,7,0,7,0,0,0,0,0,0,0,7,0,7,0,0,0,7
12/29/2005,ALN,IL,AGL,CE,Federal Contract Tower,0,6,36,0,42,0,0,18,0,18,0,6,54,0,60,54,0,54,114
12/30/2005,ALN,IL,AGL,CE,Federal Contract Tower,0,4,18,0,22,0,0,1,0,1,0,4,19,0,23,20,0,20,43
12/31/2005,ALN,IL,AGL,CE,Federal Contract Tower,0,0,19,0,19,0,2,40,0,42,0,2,59,0,61,94,0,94,155
01/01/2006,ALN,IL,AGL,CE,Federal Contract Tower,0,0,0,0,0,0,4,11,0,15,0,4,11,0,15,10,0,10,25
01/02/2006,ALN,IL,AGL,CE,Federal Contract Tower,0,2,8,0,10,0,0,0,0,0,0,2,8,0,10,14,0,14,24
01/03/2006,ALN,IL,AGL,CE,Federal Contract Tower,0,0,36,0,36,0,4,2,0,6,0,4,38,0,42,28,0,28,70
01/04/2006,ALN,IL,AGL,CE,Federal Contract Tower,0,3,19,2,24,0,2,5,0,7,0,5,24,2,31,32,8,40,71
01/05/2006,ALN,IL,AGL,CE,Federal Contract Tower,0,4,14,0,18,0,1,10,0,11,0,5,24,0,29,2,0,2,31
01/06/2006,ALN,IL,AGL,CE,Federal Contract Tower,0,0,47,0,47,0,0,32,0,32,0,0,79,0,79,154,0,154,233
01/07/2006,ALN,IL,AGL,CE,Federal Contract Tower,0,0,23,2,25,0,2,63,0,65,0,2,86,2,90,214,2,216,306
01/08/2006,ALN,IL,AGL,CE,Federal Contract Tower,0,1,17,0,18,0,8,48,0,56,0,9,65,0,74,80,0,80,154
01/09/2006,ALN,IL,AGL,CE,Federal Contract Tower,0,3,22,0,25,0,3,53,0,56,0,6,75,0,81,84,0,84,165
01/10/2006,ALN,IL,AGL,CE,Federal Contract Tower,0,9,10,0,19,0,0,0,0,0,0,9,10,0,19,0,0,0,19
01/11/2006,ALN,IL,AGL,CE,Federal Contract Tower,0,0,53,0,53,0,1,51,0,52,0,1,104,0,105,184,0,184,289
01/12/2006,ALN,IL,AGL,CE,Federal Contract Tower,0,0,49,0,49,0,6,47,0,53,0,6,96,0,102,124,0,124,226
01/13/2006,ALN,IL,AGL,CE,Federal Contract Tower,0,0,17,0,17,0,0,0,0,0,0,0,17,0,17,0,0,0,17
01/14/2006,ALN,IL,AGL,CE,Federal Contract Tower,0,0,27,1,28,0,0,100,1,101,0,0,127,2,129,168,2,170,299
01/15/2006,ALN,IL,AGL,CE,Federal Contract Tower,0,0,18,0,18,0,10,38,0,48,0,10,56,0,66,46,0,46,112
01/16/2006,ALN,IL,AGL,CE,Federal Contract Tower,0,4,40,0,44,0,7,69,2,78,0,11,109,2,122,180,0,180,302
01/17/2006,ALN,IL,AGL,CE,Federal Contract Tower,0,3,13,0,16,0,2,10,0,12,0,5,23,0,28,6,0,6,34
01/18/2006,ALN,IL,AGL,CE,Federal Contract Tower,0,5,46,2,53,0,6,45,0,51,0,11,91,2,104,178,0,178,282
01/19/2006,ALN,IL,AGL,CE,Federal Contract Tower,0,2,25,0,27,0,1,19,0,20,0,3,44,0,47,52,0,52,99
01/20/2006,ALN,IL,AGL,CE,Federal Contract Tower,0,0,31,0,31,0,0,9,0,9,0,0,40,0,40,86,0,86,126
01/21/2006,ALN,IL,AGL,CE,Federal Contract Tower,0,2,21,0,23,0,2,6,0,8,0,4,27,0,31,38,0,38,69
01/22/2006,ALN,IL,AGL,CE,Federal Contract Tower,0,2,30,0,32,0,2,43,0,45,0,4,73,0,77,216,0,216,293
01/23/2006,ALN,IL,AGL,CE,Federal Contract Tower,0,0,10,0,10,0,0,6,0,6,0,0,16,0,16,0,0,0,16
01/24/2006,ALN,IL,AGL,CE,Federal Contract Tower,0,1,23,0,24,0,2,33,0,35,0,3,56,0,59,54,0,54,113
01/25/2006,ALN,IL,AGL,CE,Federal Contract Tower,0,0,55,0,55,0,1,59,0,60,0,1,114,0,115,164,0,164,279
01/26/2006,ALN,IL,AGL,CE,Federal Contract Tower,0,0,64,0,64,0,4,51,0,55,0,4,115,0,119,191,0,191,310
01/27/2006,ALN,IL,AGL,CE,Federal Contract Tower,0,0,49,0,49,0,0,42,0,42,0,0,91,0,91,92,0,92,183
01/28/2006,ALN,IL,AGL,CE,Federal Contract Tower,0,0,11,0,11,0,1,5,0,6,0,1,16,0,17,28,0,28,45
01/29/2006,ALN,IL,AGL,CE,Federal Contract Tower,0,0,1,0,1,0,5,11,0,16,0,5,12,0,17,30,0,30,47
01/30/2006,ALN,IL,AGL,CE,Federal Contract Tower,0,0,15,0,15,0,0,22,0,22,0,0,37,0,37,38,0,38,75
01/31/2006,ALN,IL,AGL,CE,Federal Contract Tower,0,0,48,0,48,0,2,65,0,67,0,2,113,0,115,182,0,182,297
02/01/2006,ALN,IL,AGL,CE,Federal Contract Tower,0,2,49,0,51,0,0,63,0,63,0,2,112,0,114,144,0,144,258
02/02/2006,ALN,IL,AGL,CE,Federal Contract Tower,0,8,33,2,43,0,6,35,0,41,0,14,68,2,84,70,12,82,166
02/03/2006,ALN,IL,AGL,CE,Federal Contract Tower,0,0,23,6,29,0,2,40,0,42,0,2,63,6,71,78,26,104,175
02/04/2006,ALN,IL,AGL,CE,Federal Contract Tower,0,4,6,0,10,0,9,10,0,19,0,13,16,0,29,16,0,16,45
02/05/2006,ALN,IL,AGL,CE,Federal Contract Tower,0,0,29,0,29,0,10,64,0,74,0,10,93,0,103,112,0,112,215
02/06/2006,ALN,IL,AGL,CE,Federal Contract Tower,0,1,38,0,39,0,2,42,0,44,0,3,80,0,83,140,0,140,223
02/07/2006,ALN,IL,AGL,CE,Federal Contract Tower,0,1,54,0,55,0,7,41,4,52,0,8,95,4,107,196,30,226,333
02/08/2006,ALN,IL,AGL,CE,Federal Contract Tower,0,0,19,0,19,0,5,13,2,20,0,5,32,2,39,36,0,36,75
02/09/2006,ALN,IL,AGL,CE,Federal Contract Tower,0,1,52,0,53,0,7,37,0,44,0,8,89,0,97,166,0,166,263
02/10/2006,ALN,IL,AGL,CE,Federal Contract Tower,0,2,38,0,40,0,8,28,2,38,0,10,66,2,78,168,14,182,260
02/11/2006,ALN,IL,AGL,CE,Federal Contract Tower,0,0,10,0,10,0,0,51,0,51,0,0,61,0,61,84,0,84,145
02/12/2006,ALN,IL,AGL,CE,Federal Contract Tower,0,1,5,0,6,0,9,10,0,19,0,10,15,0,25,8,0,8,33
02/13/2006,ALN,IL,AGL,CE,Federal Contract Tower,0,0,32,0,32,0,4,21,4,29,0,4,53,4,61,48,18,66,127
02/14/2006,ALN,IL,AGL,CE,Federal Contract Tower,0,0,59,0,59,0,8,61,0,69,0,8,120,0,128,164,0,164,292
02/15/2006,ALN,IL,AGL,CE,Federal Contract Tower,0,0,47,0,47,0,5,39,4,48,0,5,86,4,95,136,18,154,249
02/16/2006,ALN,IL,AGL,CE,Federal Contract Tower,0,0,11,0,11,0,0,2,0,2,0,0,13,0,13,6,0,6,19
02/17/2006,ALN,IL,AGL,CE,Federal Contract Tower,0,0,48,2,50,0,2,4,0,6,0,2,52,2,56,104,8,112,168
02/18/2006,ALN,IL,AGL,CE,Federal Contract Tower,0,2,27,0,29,0,0,30,0,30,0,2,57,0,59,42,0,42,101
02/19/2006,ALN,IL,AGL,CE,Federal Contract Tower,0,0,26,0,26,0,2,35,0,37,0,2,61,0,63,126,0,126,189
02/20/2006,ALN,IL,AGL,CE,Federal Contract Tower,0,0,37,0,37,0,6,38,0,44,0,6,75,0,81,136,0,136,217
02/21/2006,ALN,IL,AGL,CE,Federal Contract Tower,0,1,39,0,40,0,5,54,2,61,0,6,93,2,101,122,12,134,235
02/22/2006,ALN,IL,AGL,CE,Federal Contract Tower,0,2,26,0,28,0,5,92,0,97,0,7,118,0,125,168,0,168,293
02/23/2006,ALN,IL,AGL,CE,Federal Contract Tower,0,0,38,0,38,0,3,29,0,32,0,3,67,0,70,62,0,62,132
02/24/2006,ALN,IL,AGL,CE,Federal Contract Tower,0,0,45,0,45,0,2,30,0,32,0,2,75,0,77,90,0,90,167
02/25/2006,ALN,IL,AGL,CE,Federal Contract Tower,0,0,8,2,10,0,6,17,0,23,0,6,25,2,33,16,4,20,53
02/26/2006,ALN,IL,AGL,CE,Federal Contract Tower,0,0,61,0,61,0,4,33,0,37,0,4,94,0,98,114,0,114,212
02/27/2006,ALN,IL,AGL,CE,Federal Contract Tower,0,4,54,0,58,0,10,37,4,51,0,14,91,4,109,140,14,154,263
02/28/2006,ALN,IL,AGL,CE,Federal Contract Tower,0,1,56,0,57,0,6,41,0,47,0,7,97,0,104,190,0,190,294
03/01/2006,ALN,IL,AGL,CE,Federal Contract Tower,0,3,84,4,91,0,2,39,0,41,0,5,123,4,132,194,18,212,344
03/02/2006,ALN,IL,AGL,CE,Federal Contract Tower,0,6,20,0,26,0,6,7,1,14,0,12,27,1,40,20,0,20,60
03/03/2006,ALN,IL,AGL,CE,Federal Contract Tower,0,0,47,0,47,0,6,68,0,74,0,6,115,0,121,122,0,122,243
03/04/2006,ALN,IL,AGL,CE,Federal Contract Tower,0,0,40,0,40,0,4,57,0,61,0,4,97,0,101,182,0,182,283
03/05/2006,ALN,IL,AGL,CE,Federal Contract Tower,0,0,10,0,10,0,0,11,0,11,0,0,21,0,21,20,0,20,41
03/06/2006,ALN,IL,AGL,CE,Federal Contract Tower,0,0,36,0,36,0,2,0,0,2,0,2,36,0,38,66,0,66,104
03/07/2006,ALN,IL,AGL,CE,Federal Contract Tower,0,0,43,0,43,0,4,37,0,41,0,4,80,0,84,64,0,64,148
03/08/2006,ALN,IL,AGL,CE,Federal Contract Tower,0,0,28,0,28,0,0,17,0,17,0,0,45,0,45,26,0,26,71
03/09/2006,ALN,IL,AGL,CE,Federal Contract Tower,0,0,7,2,9,0,0,1,0,1,0,0,8,2,10,0,4,4,14
03/10/2006,ALN,IL,AGL,CE,Federal Contract Tower,0,0,43,0,43,0,7,55,0,62,0,7,98,0,105,174,0,174,279
03/11/2006,ALN,IL,AGL,CE,Federal Contract Tower,0,1,29,0,30,0,4,33,0,37,0,5,62,0,67,102,0,102,169
03/12/2006,ALN,IL,AGL,CE,Federal Contract Tower,0,2,17,0,19,0,1,2,0,3,0,3,19,0,22,26,0,26,48
03/13/2006,ALN,IL,AGL,CE,Federal Contract Tower,0,1,12,0,13,0,11,9,0,20,0,12,21,0,33,0,0,0,33
03/14/2006,ALN,IL,AGL,CE,Federal Contract Tower,0,0,30,0,30,0,9,59,0,68,0,9,89,0,98,120,0,120,218
03/15/2006,ALN,IL,AGL,CE,Federal Contract Tower,0,0,44,0,44,0,6,161,4,171,0,6,205,4,215,256,14,270,485
03/16/2006,ALN,IL,AGL,CE,Federal Contract Tower,0,1,43,4,48,0,0,19,0,19,0,1,62,4,67,44,38,82,149
03/17/2006,ALN,IL,AGL,CE,Federal Contract Tower,0,1,52,0,53,0,5,33,2,40,0,6,85,2,93,158,12,170,263
03/18/2006,ALN,IL,AGL,CE,Federal Contract Tower,0,0,29,2,31,0,0,50,2,52,0,0,79,4,83,108,2,110,193
03/19/2006,ALN,IL,AGL,CE,Federal Contract Tower,0,0,23,0,23,0,2,28,0,30,0,2,51,0,53,118,0,118,171
03/20/2006,ALN,IL,AGL,CE,Federal Contract Tower,0,0,5,0,5,0,2,8,0,10,0,2,13,0,15,2,0,2,17
03/21/2006,ALN,IL,AGL,CE,Federal Contract Tower,0,3,2,0,5,0,1,2,0,3,0,4,4,0,8,0,0,0,8
03/22/2006,ALN,IL,AGL,CE,Federal Contract Tower,0,0,41,0,41,0,9,105,2,116,0,9,146,2,157,222,0,222,379
03/23/2006,ALN,IL,AGL,CE,Federal Contract Tower,0,3,43,0,46,0,8,39,0,47,0,11,82,0,93,156,0,156,249
03/24/2006,ALN,IL,AGL,CE,Federal Contract Tower,0,0,16,0,16,0,0,27,0,27,0,0,43,0,43,50,0,50,93
03/25/2006,ALN,IL,AGL,CE,Federal Contract Tower,0,0,27,0,27,0,4,55,0,59,0,4,82,0,86,130,0,130,216
03/26/2006,ALN,IL,AGL,CE,Federal Contract Tower,0,0,10,0,10,0,2,74,0,76,0,2,84,0,86,164,0,164,250
03/27/2006,ALN,IL,AGL,CE,Federal Contract Tower,0,1,11,0,12,0,0,3,0,3,0,1,14,0,15,14,0,14,29
03/28/2006,ALN,IL,AGL,CE,Federal Contract Tower,0,0,19,1,20,0,5,37,0,42,0,5,56,1,62,66,2,68,130
03/29/2006,ALN,IL,AGL,CE,Federal Contract Tower,0,0,48,0,48,0,0,90,0,90,0,0,138,0,138,144,0,144,282
03/30/2006,ALN,IL,AGL,CE,Federal Contract Tower,0,1,27,0,28,0,6,13,0,19,0,7,40,0,47,26,0,26,73
03/31/2006,ALN,IL,AGL,CE,Federal Contract Tower,0,2,18,2,22,0,2,20,0,22,0,4,38,2,44,46,14,60,104
04/01/2006,ALN,IL,AGL,CE,Federal Contract Tower,0,0,40,0,40,0,4,103,0,107,0,4,143,0,147,182,0,182,329
04/02/2006,ALN,IL,AGL,CE,Federal Contract Tower,0,1,7,2,10,0,3,8,0,11,0,4,15,2,21,2,0,2,23
04/03/2006,ALN,IL,AGL,CE,Federal Contract Tower,0,1,22,1,24,0,3,8,1,12,0,4,30,2,36,28,2,30,66
04/04/2006,ALN,IL,AGL,CE,Federal Contract Tower,0,4,56,0,60,0,2,87,2,91,0,6,143,2,151,194,2,196,347
04/05/2006,ALN,IL,AGL,CE,Federal Contract Tower,0,1,35,0,36,0,6,82,2,90,0,7,117,2,126,224,0,224,350
04/06/2006,ALN,IL,AGL,CE,Federal Contract Tower,0,0,15,0,15,0,0,0,0,0,0,0,15,0,15,22,0,22,37
04/07/2006,ALN,IL,AGL,CE,Federal Contract Tower,0,0,12,0,12,0,2,37,0,39,0,2,49,0,51,90,0,90,141
04/08/2006,ALN,IL,AGL,CE,Federal Contract Tower,0,0,24,0,24,0,2,38,0,40,0,2,62,0,64,70,0,70,134
04/09/2006,ALN,IL,AGL,CE,Federal Contract Tower,0,0,27,0,27,0,8,73,0,81,0,8,100,0,108,134,0,134,242
04/10/2006,ALN,IL,AGL,CE,Federal Contract Tower,0,0,37,0,37,0,4,62,0,66,0,4,99,0,103,140,0,140,243
04/11/2006,ALN,IL,AGL,CE,Federal Contract Tower,0,2,24,0,26,0,2,8,0,10,0,4,32,0,36,38,0,38,74
04/12/2006,ALN,IL,AGL,CE,Federal Contract Tower,0,2,19,1,22,0,4,52,1,57,0,6,71,2,79,78,18,96,175
04/13/2006,ALN,IL,AGL,CE,Federal Contract Tower,0,0,22,0,22,0,4,68,0,72,0,4,90,0,94,86,0,86,180
04/14/2006,ALN,IL,AGL,CE,Federal Contract Tower,0,0,22,0,22,0,0,27,0,27,0,0,49,0,49,42,0,42,91
04/15/2006,ALN,IL,AGL,CE,Federal Contract Tower,0,0,7,0,7,0,2,63,8,73,0,2,70,8,80,140,8,148,228
04/16/2006,ALN,IL,AGL,CE,Federal Contract Tower,0,0,0,0,0,0,4,8,0,12,0,4,8,0,12,24,0,24,36
04/17/2006,ALN,IL,AGL,CE,Federal Contract Tower,0,0,31,0,31,0,2,23,0,25,0,2,54,0,56,134,0,134,190
04/18/2006,ALN,IL,AGL,CE,Federal Contract Tower,0,0,34,0,34,0,3,58,0,61,0,3,92,0,95,120,0,120,215
04/19/2006,ALN,IL,AGL,CE,Federal Contract Tower,0,0,33,0,33,0,11,110,0,121,0,11,143,0,154,212,0,212,366
04/20/2006,ALN,IL,AGL,CE,Federal Contract Tower,0,0,41,4,45,0,4,57,2,63,0,4,98,6,108,196,8,204,312
04/21/2006,ALN,IL,AGL,CE,Federal Contract Tower,0,0,30,0,30,0,4,38,0,42,0,4,68,0,72,118,0,118,190
04/22/2006,ALN,IL,AGL,CE,Federal Contract Tower,0,0,29,0,29,0,4,76,0,80,0,4,105,0,109,130,0,130,239
04/23/2006,ALN,IL,AGL,CE,Federal Contract Tower,0,0,21,0,21,0,10,52,0,62,0,10,73,0,83,146,0,146,229
04/24/2006,ALN,IL,AGL,CE,Federal Contract Tower,0,0,40,0,40,0,4,77,0,81,0,4,117,0,121,240,0,240,361
04/25/2006,ALN,IL,AGL,CE,Federal Contract Tower,0,2,12,8,22,0,2,5,0,7,0,4,17,8,29,4,14,18,47
04/26/2006,ALN,IL,AGL,CE,Federal Contract Tower,0,3,50,0,53,0,5,104,6,115,0,8,154,6,168,244,0,244,412
04/27/2006,ALN,IL,AGL,CE,Federal Contract Tower,0,1,51,4,56,0,8,99,0,107,0,9,150,4,163,232,16,248,411
04/28/2006,ALN,IL,AGL,CE,Federal Contract Tower,0,4,29,1,34,0,3,40,1,44,0,7,69,2,78,94,2,96,174
04/29/2006,ALN,IL,AGL,CE,Federal Contract Tower,0,0,11,0,11,0,0,0,0,0,0,0,11,0,11,8,0,8,19
04/30/2006,ALN,IL,AGL,CE,Federal Contract Tower,0,0,9,0,9,0,0,0,0,0,0,0,9,0,9,22,0,22,31
05/01/2006,ALN,IL,AGL,CE,Federal Contract Tower,0,1,41,0,42,0,6,0,0,6,0,7,41,0,48,36,0,36,84
05/02/2006,ALN,IL,AGL,CE,Federal Contract Tower,0,3,43,1,47,0,5,102,0,107,0,8,145,1,154,218,2,220,374
05/03/2006,ALN,IL,AGL,CE,Federal Contract Tower,0,2,9,0,11,0,2,21,0,23,0,4,30,0,34,30,0,30,64
05/04/2006,ALN,IL,AGL,CE,Federal Contract Tower,0,0,51,2,53,0,2,55,0,57,0,2,106,2,110,182,6,188,298
05/05/2006,ALN,IL,AGL,CE,Federal Contract Tower,0,4,49,0,53,0,6,40,0,46,0,10,89,0,99,190,0,190,289
05/06/2006,ALN,IL,AGL,CE,Federal Contract Tower,0,2,27,0,29,0,2,69,0,71,0,4,96,0,100,100,0,100,200
05/07/2006,ALN,IL,AGL,CE,Federal Contract Tower,0,0,26,0,26,0,4,51,5,60,0,4,77,5,86,60,0,60,146
05/08/2006,ALN,IL,AGL,CE,Federal Contract Tower,0,0,35,0,35,0,6,50,0,56,0,6,85,0,91,154,0,154,245
05/09/2006,ALN,IL,AGL,CE,Federal Contract Tower,0,2,25,0,27,0,2,29,0,31,0,4,54,0,58,82,0,82,140
05/10/2006,ALN,IL,AGL,CE,Federal Contract Tower,0,0,16,0,16,0,0,3,0,3,0,0,19,0,19,16,0,16,35
05/11/2006,ALN,IL,AGL,CE,Federal Contract Tower,0,0,16,0,16,0,5,22,0,27,0,5,38,0,43,32,0,32,75
05/12/2006,ALN,IL,AGL,CE,Federal Contract Tower,0,2,14,0,16,0,6,13,0,19,0,8,27,0,35,22,0,22,57
05/13/2006,ALN,IL,AGL,CE,Federal Contract Tower,0,0,24,0,24,0,4,28,0,32,0,4,52,0,56,72,0,72,128
05/14/2006,ALN,IL,AGL,CE,Federal Contract Tower,0,0,16,0,16,0,2,4,0,6,0,2,20,0,22,20,0,20,42
05/15/2006,ALN,IL,AGL,CE,Federal Contract Tower,0,0,55,0,55,0,0,0,0,0,0,0,55,0,55,110,0,110,165
05/16/2006,ALN,IL,AGL,CE,Federal Contract Tower,0,0,30,0,30,0,5,9,0,14,0,5,39,0,44,52,0,52,96
05/17/2006,ALN,IL,AGL,CE,Federal Contract Tower,0,1,45,0,46,0,6,55,0,61,0,7,100,0,107,126,0,126,233
05/18/2006,ALN,IL,AGL,CE,Federal Contract Tower,0,2,35,0,37,0,4,54,0,58,0,6,89,0,95,142,0,142,237
05/19/2006,ALN,IL,AGL,CE,Federal Contract Tower,0,3,37,0,40,0,2,83,0,85,0,5,120,0,125,152,0,152,277
05/20/2006,ALN,IL,AGL,CE,Federal Contract Tower,0,0,25,2,27,0,3,73,0,76,0,3,98,2,103,148,4,152,255
05/21/2006,ALN,IL,AGL,CE,Federal Contract Tower,0,0,20,0,20,0,2,73,0,75,0,2,93,0,95,98,0,98,193
05/22/2006,ALN,IL,AGL,CE,Federal Contract Tower,0,0,48,0,48,0,4,60,0,64,0,4,108,0,112,148,0,148,260
05/23/2006,ALN,IL,AGL,CE,Federal Contract Tower,0,0,40,0,40,0,3,127,0,130,0,3,167,0,170,248,0,248,418
05/24/2006,ALN,IL,AGL,CE,Federal Contract Tower,0,6,37,0,43,0,6,59,0,65,0,12,96,0,108,144,0,144,252
05/25/2006,ALN,IL,AGL,CE,Federal Contract Tower,0,2,28,4,34,0,7,64,0,71,0,9,92,4,105,140,16,156,261
05/26/2006,ALN,IL,AGL,CE,Federal Contract Tower,0,2,40,0,42,0,2,50,0,52,0,4,90,0,94,142,0,142,236
05/27/2006,ALN,IL,AGL,CE,Federal Contract Tower,0,0,7,0,7,0,0,61,0,61,0,0,68,0,68,108,0,108,176
05/28/2006,ALN,IL,AGL,CE,Federal Contract Tower,0,0,33,2,35,0,2,37,0,39,0,2,70,2,74,100,4,104,178
05/29/2006,ALN,IL,AGL,CE,Federal Contract Tower,0,2,32,0,34,0,1,37,0,38,0,3,69,0,72,128,0,128,200
05/30/2006,ALN,IL,AGL,CE,Federal Contract Tower,0,3,35,0,38,0,13,71,6,90,0,16,106,6,128,192,0,192,320
05/31/2006,ALN,IL,AGL,CE,Federal Contract Tower,0,0,25,0,25,0,5,50,0,55,0,5,75,0,80,158,0,158,238
06/01/2006,ALN,IL,AGL,CE,Federal Contract Tower,0,0,38,0,38,0,5,30,0,35,0,5,68,0,73,98,0,98,171
06/02/2006,ALN,IL,AGL,CE,Federal Contract Tower,0,0,40,0,40,0,3,71,4,78,0,3,111,4,118,180,0,180,298
06/03/2006,ALN,IL,AGL,CE,Federal Contract Tower,0,0,28,0,28,0,0,146,0,146,0,0,174,0,174,186,0,186,360
06/04/2006,ALN,IL,AGL,CE,Federal Contract Tower,0,0,17,0,17,0,2,46,0,48,0,2,63,0,65,112,0,112,177
06/05/2006,ALN,IL,AGL,CE,Federal Contract Tower,0,4,30,0,34,0,3,56,0,59,0,7,86,0,93,142,0,142,235
06/06/2006,ALN,IL,AGL,CE,Federal Contract Tower,0,1,26,2,29,0,2,58,0,60,0,3,84,2,89,116,4,120,209
06/07/2006,ALN,IL,AGL,CE,Federal Contract Tower,0,0,34,0,34,0,6,85,2,93,0,6,119,2,127,152,0,152,279
06/08/2006,ALN,IL,AGL,CE,Federal Contract Tower,0,0,57,0,57,0,4,71,0,75,0,4,128,0,132,182,0,182,314
06/09/2006,ALN,IL,AGL,CE,Federal Contract Tower,0,2,42,0,44,0,4,57,0,61,0,6,99,0,105,154,0,154,259
06/10/2006,ALN,IL,AGL,CE,Federal Contract Tower,0,0,26,4,30,0,3,94,0,97,0,3,120,4,127,180,10,190,317
06/11/2006,ALN,IL,AGL,CE,Federal Contract Tower,0,1,25,0,26,0,0,9,0,9,0,1,34,0,35,66,0,66,101
06/12/2006,ALN,IL,AGL,CE,Federal Contract Tower,0,4,49,8,61,0,5,64,0,69,0,9,113,8,130,166,18,184,314
06/13/2006,ALN,IL,AGL,CE,Federal Contract Tower,0,0,53,0,53,0,5,93,3,101,0,5,146,3,154,252,0,252,406
06/14/2006,ALN,IL,AGL,CE,Federal Contract Tower,0,0,34,2,36,0,4,98,0,102,0,4,132,2,138,304,10,314,452
06/15/2006,ALN,IL,AGL,CE,Federal Contract Tower,0,0,47,4,51,0,1,48,4,53,0,1,95,8,104,164,8,172,276
06/16/2006,ALN,IL,AGL,CE,Federal Contract Tower,0,0,40,0,40,0,4,78,0,82,0,4,118,0,122,216,0,216,338
06/17/2006,ALN,IL,AGL,CE,Federal Contract Tower,0,0,6,0,6,0,4,46,0,50,0,4,52,0,56,48,0,48,104
06/18/2006,ALN,IL,AGL,CE,Federal Contract Tower,0,0,11,0,11,0,0,26,0,26,0,0,37,0,37,22,0,22,59
06/19/2006,ALN,IL,AGL,CE,Federal Contract Tower,0,0,29,0,29,0,6,77,0,83,0,6,106,0,112,162,0,162,274
06/20/2006,ALN,IL,AGL,CE,Federal Contract Tower,0,0,32,0,32,0,3,81,11,95,0,3,113,11,127,132,0,132,259
06/21/2006,ALN,IL,AGL,CE,Federal Contract Tower,0,0,22,0,22,0,6,84,0,90,0,6,106,0,112,138,0,138,250
06/22/2006,ALN,IL,AGL,CE,Federal Contract Tower,0,0,25,0,25,0,4,52,0,56,0,4,77,0,81,76,0,76,157
06/23/2006,ALN,IL,AGL,CE,Federal Contract Tower,0,0,29,0,29,0,2,61,4,67,0,2,90,4,96,142,0,142,238
06/24/2006,ALN,IL,AGL,CE,Federal Contract Tower,0,0,28,0,28,0,2,63,0,65,0,2,91,0,93,108,0,108,201
06/25/2006,ALN,IL,AGL,CE,Federal Contract Tower,0,0,20,0,20,0,0,39,0,39,0,0,59,0,59,186,0,186,245
06/26/2006,ALN,IL,AGL,CE,Federal Contract Tower,0,0,33,0,33,0,2,39,0,41,0,2,72,0,74,150,0,150,224
06/27/2006,ALN,IL,AGL,CE,Federal Contract Tower,0,0,35,0,35,0,9,56,2,67,0,9,91,2,102,186,0,186,288
06/28/2006,ALN,IL,AGL,CE,Federal Contract Tower,0,0,23,0,23,0,6,38,0,44,0,6,61,0,67,88,0,88,155
06/29/2006,ALN,IL,AGL,CE,Federal Contract Tower,0,0,60,0,60,0,0,65,0,65,0,0,125,0,125,194,0,194,319
06/30/2006,ALN,IL,AGL,CE,Federal Contract Tower,0,0,35,0,35,0,0,26,0,26,0,0,61,0,61,86,0,86,147
07/01/2006,ALN,IL,AGL,CE,Federal Contract Tower,0,0,25,0,25,0,2,45,0,47,0,2,70,0,72,116,0,116,188
07/02/2006,ALN,IL,AGL,CE,Federal Contract Tower,0,0,4,0,4,0,6,29,0,35,0,6,33,0,39,34,0,34,73
07/03/2006,ALN,IL,AGL,CE,Federal Contract Tower,0,0,29,2,31,0,13,79,2,94,0,13,108,4,125,158,12,170,295
07/04/2006,ALN,IL,AGL,CE,Federal Contract Tower,0,0,17,0,17,0,2,18,0,20,0,2,35,0,37,28,0,28,65
07/05/2006,ALN,IL,AGL,CE,Federal Contract Tower,0,0,28,0,28,0,6,64,0,70,0,6,92,0,98,118,0,118,216
07/06/2006,ALN,IL,AGL,CE,Federal Contract Tower,0,2,57,0,59,0,6,66,0,72,0,8,123,0,131,160,0,160,291
07/07/2006,ALN,IL,AGL,CE,Federal Contract Tower,0,0,34,2,36,0,10,39,0,49,0,10,73,2,85,104,2,106,191
07/08/2006,ALN,IL,AGL,CE,Federal Contract Tower,0,3,19,0,22,0,5,50,0,55,0,8,69,0,77,86,0,86,163
07/09/2006,ALN,IL,AGL,CE,Federal Contract Tower,0,0,17,0,17,0,8,47,2,57,0,8,64,2,74,70,2,72,146
07/10/2006,ALN,IL,AGL,CE,Federal Contract Tower,0,0,25,4,29,0,14,68,0,82,0,14,93,4,111,84,14,98,209
07/11/2006,ALN,IL,AGL,CE,Federal Contract Tower,0,0,21,0,21,0,10,24,0,34,0,10,45,0,55,54,0,54,109
07/12/2006,ALN,IL,AGL,CE,Federal Contract Tower,0,2,35,2,39,0,2,41,0,43,0,4,76,2,82,160,12,172,254
07/13/2006,ALN,IL,AGL,CE,Federal Contract Tower,0,0,15,0,15,0,1,59,0,60,0,1,74,0,75,92,0,92,167
07/14/2006,ALN,IL,AGL,CE,Federal Contract Tower,0,1,26,0,27,0,2,70,0,72,0,3,96,0,99,142,0,142,241
07/15/2006,ALN,IL,AGL,CE,Federal Contract Tower,0,3,26,0,29,0,5,98,0,103,0,8,124,0,132,200,0,200,332
07/16/2006,ALN,IL,AGL,CE,Federal Contract Tower,0,2,16,0,18,0,8,84,0,92,0,10,100,0,110,146,0,146,256
07/17/2006,ALN,IL,AGL,CE,Federal Contract Tower,0,0,29,2,31,0,14,84,0,98,0,14,113,2,129,196,6,202,331
07/18/2006,ALN,IL,AGL,CE,Federal Contract Tower,0,1,32,1,34,0,4,63,1,68,0,5,95,2,102,146,2,148,250
07/19/2006,ALN,IL,AGL,CE,Federal Contract Tower,0,5,29,3,37,0,3,70,0,73,0,8,99,3,110,154,12,166,276
07/20/2006,ALN,IL,AGL,CE,Federal Contract Tower,0,14,17,0,31,0,22,12,0,34,0,36,29,0,65,4,0,4,69
07/21/2006,ALN,IL,AGL,CE,Federal Contract Tower,0,6,8,0,14,0,0,0,0,0,0,6,8,0,14,0,0,0,14
07/22/2006,ALN,IL,AGL,CE,Federal Contract Tower,0,0,17,0,17,0,1,37,0,38,0,1,54,0,55,90,0,90,145
07/23/2006,ALN,IL,AGL,CE,Federal Contract Tower,0,0,16,0,16,0,8,70,0,78,0,8,86,0,94,178,0,178,272
07/24/2006,ALN,IL,AGL,CE,Federal Contract Tower,0,3,20,0,23,0,2,102,0,104,0,5,122,0,127,202,0,202,329
07/25/2006,ALN,IL,AGL,CE,Federal Contract Tower,0,2,18,0,20,0,6,83,0,89,0,8,101,0,109,164,0,164,273
07/26/2006,ALN,IL,AGL,CE,Federal Contract Tower,0,0,38,0,38,0,11,77,0,88,0,11,115,0,126,128,0,128,254
07/27/2006,ALN,IL,AGL,CE,Federal Contract Tower,0,0,14,0,14,0,0,32,0,32,0,0,46,0,46,56,0,56,102
07/28/2006,ALN,IL,AGL,CE,Federal Contract Tower,0,0,45,0,45,0,6,37,0,43,0,6,82,0,88,124,0,124,212
07/29/2006,ALN,IL,AGL,CE,Federal Contract Tower,0,2,26,0,28,0,4,41,0,45,0,6,67,0,73,136,0,136,209
07/30/2006,ALN,IL,AGL,CE,Federal Contract Tower,0,0,24,0,24,0,0,69,0,69,0,0,93,0,93,84,0,84,177
07/31/2006,ALN,IL,AGL,CE,Federal Contract Tower,0,4,24,4,32,0,5,59,0,64,0,9,83,4,96,122,16,138,234
08/01/2006,ALN,IL,AGL,CE,Federal Contract Tower,0,2,25,1,28,0,6,63,1,70,0,8,88,2,98,144,2,146,244
08/02/2006,ALN,IL,AGL,CE,Federal Contract Tower,0,0,25,0,25,0,18,98,0,116,0,18,123,0,141,136,0,136,277
08/03/2006,ALN,IL,AGL,CE,Federal Contract Tower,0,0,50,0,50,0,3,41,0,44,0,3,91,0,94,124,0,124,218
08/04/2006,ALN,IL,AGL,CE,Federal Contract Tower,0,0,33,0,33,0,0,55,0,55,0,0,88,0,88,138,0,138,226
08/05/2006,ALN,IL,AGL,CE,Federal Contract Tower,0,2,28,0,30,0,5,91,10,106,0,7,119,10,136,180,0,180,316
08/06/2006,ALN,IL,AGL,CE,Federal Contract Tower,0,2,9,0,11,0,0,69,0,69,0,2,78,0,80,138,0,138,218
08/07/2006,ALN,IL,AGL,CE,Federal Contract Tower,0,0,23,0,23,0,0,48,0,48,0,0,71,0,71,126,0,126,197
08/08/2006,ALN,IL,AGL,CE,Federal Contract Tower,0,0,12,0,12,0,9,31,4,44,0,9,43,4,56,86,2,88,144
08/09/2006,ALN,IL,AGL,CE,Federal Contract Tower,0,2,34,0,36,0,8,69,0,77,0,10,103,0,113,170,0,170,283
08/10/2006,ALN,IL,AGL,CE,Federal Contract Tower,0,0,9,0,9,0,0,21,2,23,0,0,30,2,32,42,0,42,74
08/11/2006,ALN,IL,AGL,CE,Federal Contract Tower,2,0,25,0,27,0,7,27,0,34,2,7,52,0,61,142,0,142,203
08/12/2006,ALN,IL,AGL,CE,Federal Contract Tower,0,0,19,0,19,0,9,68,0,77,0,9,87,0,96,146,0,146,242
08/13/2006,ALN,IL,AGL,CE,Federal Contract Tower,0,0,12,0,12,0,10,53,0,63,0,10,65,0,75,106,0,106,181
08/14/2006,ALN,IL,AGL,CE,Federal Contract Tower,0,0,29,2,31,0,5,79,0,84,0,5,108,2,115,144,10,154,269
08/15/2006,ALN,IL,AGL,CE,Federal Contract Tower,0,0,42,0,42,0,4,95,0,99,0,4,137,0,141,190,0,190,331
08/16/2006,ALN,IL,AGL,CE,Federal Contract Tower,0,2,34,0,36,0,6,115,0,121,0,8,149,0,157,168,0,168,325
08/17/2006,ALN,IL,AGL,CE,Federal Contract Tower,0,0,56,0,56,0,0,74,3,77,0,0,130,3,133,258,0,258,391
08/18/2006,ALN,IL,AGL,CE,Federal Contract Tower,0,0,27,2,29,0,0,41,0,41,0,0,68,2,70,102,0,102,172
08/19/2006,ALN,IL,AGL,CE,Federal Contract Tower,0,0,23,0,23,0,4,51,0,55,0,4,74,0,78,166,0,166,244
08/20/2006,ALN,IL,AGL,CE,Federal Contract Tower,0,2,28,0,30,0,0,42,0,42,0,2,70,0,72,108,0,108,180
08/21/2006,ALN,IL,AGL,CE,Federal Contract Tower,0,2,55,6,63,0,5,75,2,82,0,7,130,8,145,208,16,224,369
08/22/2006,ALN,IL,AGL,CE,Federal Contract Tower,0,2,42,0,44,0,4,75,2,81,0,6,117,2,125,190,2,192,317
08/23/2006,ALN,IL,AGL,CE,Federal Contract Tower,0,2,43,0,45,0,5,69,0,74,0,7,112,0,119,186,0,186,305
08/24/2006,ALN,IL,AGL,CE,Federal Contract Tower,0,4,15,0,19,0,0,62,2,64,0,4,77,2,83,114,0,114,197
08/25/2006,ALN,IL,AGL,CE,Federal Contract Tower,0,2,26,6,34,0,0,29,0,29,0,2,55,6,63,64,12,76,139
08/26/2006,ALN,IL,AGL,CE,Federal Contract Tower,0,3,12,0,15,0,0,28,0,28,0,3,40,0,43,90,0,90,133
08/27/2006,ALN,IL,AGL,CE,Federal Contract Tower,0,2,14,0,16,0,2,14,0,16,0,4,28,0,32,76,0,76,108
08/28/2006,ALN,IL,AGL,CE,Federal Contract Tower,0,2,44,4,50,0,6,45,0,51,0,8,89,4,101,112,20,132,233
08/29/2006,ALN,IL,AGL,CE,Federal Contract Tower,0,2,62,0,64,0,4,15,0,19,0,6,77,0,83,78,0,78,161
08/30/2006,ALN,IL,AGL,CE,Federal Contract Tower,0,4,49,2,55,0,10,20,0,30,0,14,69,2,85,74,6,80,165
08/31/2006,ALN,IL,AGL,CE,Federal Contract Tower,0,0,36,0,36,0,5,38,0,43,0,5,74,0,79,40,0,40,119
09/01/2006,ALN,IL,AGL,CE,Federal Contract Tower,0,1,51,0,52,0,10,23,6,39,0,11,74,6,91,90,26,116,207
09/02/2006,ALN,IL,AGL,CE,Federal Contract Tower,0,0,12,0,12,0,4,75,0,79,0,4,87,0,91,126,0,126,217
09/03/2006,ALN,IL,AGL,CE,Federal Contract Tower,0,0,11,0,11,0,2,62,0,64,0,2,73,0,75,174,0,174,249
09/04/2006,ALN,IL,AGL,CE,Federal Contract Tower,0,0,9,0,9,0,2,66,2,70,0,2,75,2,79,144,0,144,223
09/05/2006,ALN,IL,AGL,CE,Federal Contract Tower,0,1,26,0,27,0,2,57,0,59,0,3,83,0,86,144,0,144,230
09/06/2006,ALN,IL,AGL,CE,Federal Contract Tower,0,2,34,0,36,0,6,113,0,119,0,8,147,0,155,208,0,208,363
09/07/2006,ALN,IL,AGL,CE,Federal Contract Tower,0,0,58,0,58,0,2,99,1,102,0,2,157,1,160,190,0,190,350
09/08/2006,ALN,IL,AGL,CE,Federal Contract Tower,0,0,52,2,54,0,6,83,0,89,0,6,135,2,143,216,6,222,365
09/09/2006,ALN,IL,AGL,CE,Federal Contract Tower,0,2,21,0,23,0,7,94,0,101,0,9,115,0,124,132,0,132,256
09/10/2006,ALN,IL,AGL,CE,Federal Contract Tower,0,0,31,0,31,0,5,54,0,59,0,5,85,0,90,144,0,144,234
09/11/2006,ALN,IL,AGL,CE,Federal Contract Tower,0,0,22,0,22,0,4,28,0,32,0,4,50,0,54,134,0,134,188
09/12/2006,ALN,IL,AGL,CE,Federal Contract Tower,0,4,40,0,44,0,0,0,0,0,0,4,40,0,44,48,0,48,92
09/13/2006,ALN,IL,AGL,CE,Federal Contract Tower,0,2,40,5,47,0,6,64,2,72,0,8,104,7,119,218,28,246,365
09/14/2006,ALN,IL,AGL,CE,Federal Contract Tower,0,0,51,0,51,0,0,102,4,106,0,0,153,4,157,226,0,226,383
09/15/2006,ALN,IL,AGL,CE,Federal Contract Tower,0,5,40,0,45,0,4,87,0,91,0,9,127,0,136,174,0,174,310
09/16/2006,ALN,IL,AGL,CE,Federal Contract Tower,0,1,18,0,19,0,2,51,2,55,0,3,69,2,74,92,14,106,180
09/17/2006,ALN,IL,AGL,CE,Federal Contract Tower,0,0,3,0,3,0,0,27,0,27,0,0,30,0,30,36,0,36,66
09/18/2006,ALN,IL,AGL,CE,Federal Contract Tower,0,1,41,2,44,0,6,73,0,79,0,7,114,2,123,248,12,260,383
09/19/2006,ALN,IL,AGL,CE,Federal Contract Tower,0,0,35,0,35,0,2,86,2,90,0,2,121,2,125,226,6,232,357
09/20/2006,ALN,IL,AGL,CE,Federal Contract Tower,0,0,38,4,42,0,3,106,1,110,0,3,144,5,152,204,16,220,372
09/21/2006,ALN,IL,AGL,CE,Federal Contract Tower,0,0,39,0,39,0,14,52,1,67,0,14,91,1,106,82,0,82,188
09/22/2006,ALN,IL,AGL,CE,Federal Contract Tower,0,0,36,0,36,0,4,30,0,34,0,4,66,0,70,46,0,46,116
09/23/2006,ALN,IL,AGL,CE,Federal Contract Tower,0,0,21,0,21,0,0,1,0,1,0,0,22,0,22,12,0,12,34
09/24/2006,ALN,IL,AGL,CE,Federal Contract Tower,0,0,16,0,16,0,2,34,0,36,0,2,50,0,52,70,0,70,122
09/25/2006,ALN,IL,AGL,CE,Federal Contract Tower,0,1,51,0,52,0,4,69,2,75,0,5,120,2,127,238,0,238,365
09/26/2006,ALN,IL,AGL,CE,Federal Contract Tower,0,0,41,5,46,0,7,122,4,133,0,7,163,9,179,296,14,310,489
09/27/2006,ALN,IL,AGL,CE,Federal Contract Tower,0,0,37,0,37,0,4,90,2,96,0,4,127,2,133,226,0,226,359
09/28/2006,ALN,IL,AGL,CE,Federal Contract Tower,0,0,56,0,56,0,0,52,0,52,0,0,108,0,108,94,0,94,202
09/29/2006,ALN,IL,AGL,CE,Federal Contract Tower,0,0,37,6,43,0,0,77,1,78,0,0,114,7,121,190,4,194,315
09/30/2006,ALN,IL,AGL,CE,Federal Contract Tower,0,0,17,0,17,0,3,641,20,664,0,3,658,20,681,290,48,338,1019
10/01/2006,ALN,IL,AGL,CE,Federal Contract Tower,0,0,12,2,14,0,4,74,0,78,0,4,86,2,92,122,6,128,220
10/02/2006,ALN,IL,AGL,CE,Federal Contract Tower,0,0,30,0,30,0,8,83,0,91,0,8,113,0,121,202,0,202,323
10/03/2006,ALN,IL,AGL,CE,Federal Contract Tower,0,0,35,0,35,0,6,64,0,70,0,6,99,0,105,160,0,160,265
10/04/2006,ALN,IL,AGL,CE,Federal Contract Tower,0,0,28,0,28,0,7,63,2,72,0,7,91,2,100,106,0,106,206
10/05/2006,ALN,IL,AGL,CE,Federal Contract Tower,0,3,43,0,46,0,9,59,0,68,0,12,102,0,114,212,0,212,326
10/06/2006,ALN,IL,AGL,CE,Federal Contract Tower,0,0,43,0,43,0,1,75,0,76,0,1,118,0,119,142,0,142,261
10/07/2006,ALN,IL,AGL,CE,Federal Contract Tower,0,0,12,0,12,0,7,103,0,110,0,7,115,0,122,154,0,154,276
10/08/2006,ALN,IL,AGL,CE,Federal Contract Tower,0,0,9,0,9,0,4,91,0,95,0,4,100,0,104,156,0,156,260
10/09/2006,ALN,IL,AGL,CE,Federal Contract Tower,0,0,20,0,20,0,2,100,0,102,0,2,120,0,122,228,0,228,350
10/10/2006,ALN,IL,AGL,CE,Federal Contract Tower,0,0,26,0,26,0,10,67,2,79,0,10,93,2,105,164,10,174,279
10/11/2006,ALN,IL,AGL,CE,Federal Contract Tower,0,2,18,0,20,0,8,10,0,18,0,10,28,0,38,24,0,24,62
10/12/2006,ALN,IL,AGL,CE,Federal Contract Tower,0,0,23,0,23,0,2,38,0,40,0,2,61,0,63,32,0,32,95
10/13/2006,ALN,IL,AGL,CE,Federal Contract Tower,0,0,9,1,10,0,10,44,1,55,0,10,53,2,65,30,2,32,97
10/14/2006,ALN,IL,AGL,CE,Federal Contract Tower,0,0,13,0,13,0,13,116,6,135,0,13,129,6,148,128,0,128,276
10/15/2006,ALN,IL,AGL,CE,Federal Contract Tower,0,2,27,0,29,0,3,42,0,45,0,5,69,0,74,92,0,92,166
10/16/2006,ALN,IL,AGL,CE,Federal Contract Tower,0,2,14,0,16,0,0,0,0,0,0,2,14,0,16,2,0,2,18
10/17/2006,ALN,IL,AGL,CE,Federal Contract Tower,0,0,51,0,51,0,3,3,0,6,0,3,54,0,57,126,0,126,183
10/18/2006,ALN,IL,AGL,CE,Federal Contract Tower,0,0,31,3,34,0,4,4,0,8,0,4,35,3,42,28,6,34,76
10/19/2006,ALN,IL,AGL,CE,Federal Contract Tower,0,0,56,0,56,0,5,49,0,54,0,5,105,0,110,218,0,218,328
10/20/2006,ALN,IL,AGL,CE,Federal Contract Tower,0,2,21,0,23,0,1,97,2,100,0,3,118,2,123,246,0,246,369
10/21/2006,ALN,IL,AGL,CE,Federal Contract Tower,0,0,18,0,18,0,7,83,0,90,0,7,101,0,108,72,0,72,180
10/22/2006,ALN,IL,AGL,CE,Federal Contract Tower,0,0,8,0,8,0,2,17,0,19,0,2,25,0,27,22,0,22,49
10/23/2006,ALN,IL,AGL,CE,Federal Contract Tower,0,0,37,0,37,0,2,94,0,96,0,2,131,0,133,238,0,238,371
10/24/2006,ALN,IL,AGL,CE,Federal Contract Tower,0,0,27,0,27,0,2,136,0,138,0,2,163,0,165,258,0,258,423
10/25/2006,ALN,IL,AGL,CE,Federal Contract Tower,0,2,19,0,21,0,2,25,0,27,0,4,44,0,48,128,0,128,176
10/26/2006,ALN,IL,AGL,CE,Federal Contract Tower,0,0,38,0,38,0,0,0,0,0,0,0,38,0,38,34,0,34,72
10/27/2006,ALN,IL,AGL,CE,Federal Contract Tower,0,3,15,0,18,0,0,2,0,2,0,3,17,0,20,2,0,2,22
10/28/2006,ALN,IL,AGL,CE,Federal Contract Tower,0,0,13,0,13,0,4,102,2,108,0,4,115,2,121,148,8,156,277
10/29/2006,ALN,IL,AGL,CE,Federal Contract Tower,0,1,16,0,17,0,7,108,0,115,0,8,124,0,132,186,0,186,318
10/30/2006,ALN,IL,AGL,CE,Federal Contract Tower,0,0,14,0,14,0,4,33,0,37,0,4,47,0,51,64,0,64,115
10/31/2006,ALN,IL,AGL,CE,Federal Contract Tower,0,0,33,7,40,0,1,46,0,47,0,1,79,7,87,104,20,124,211
11/01/2006,ALN,IL,AGL,CE,Federal Contract Tower,0,0,37,0,37,0,6,103,0,109,0,6,140,0,146,206,0,206,352
11/02/2006,ALN,IL,AGL,CE,Federal Contract Tower,0,2,35,2,39,0,1,51,0,52,0,3,86,2,91,126,6,132,223
11/03/2006,ALN,IL,AGL,CE,Federal Contract Tower,0,1,37,0,38,0,4,64,0,68,0,5,101,0,106,158,0,158,264
11/04/2006,ALN,IL,AGL,CE,Federal Contract Tower,0,0,34,0,34,0,2,40,0,42,0,2,74,0,76,64,0,64,140
11/05/2006,ALN,IL,AGL,CE,Federal Contract Tower,0,0,18,0,18,0,2,77,0,79,0,2,95,0,97,158,0,158,255
11/06/2006,ALN,IL,AGL,CE,Federal Contract Tower,0,0,23,0,23,0,2,19,0,21,0,2,42,0,44,98,0,98,142
11/07/2006,ALN,IL,AGL,CE,Federal Contract Tower,0,0,30,0,30,0,0,0,0,0,0,0,30,0,30,40,0,40,70
11/08/2006,ALN,IL,AGL,CE,Federal Contract Tower,0,0,42,0,42,0,11,99,0,110,0,11,141,0,152,226,0,226,378
11/09/2006,ALN,IL,AGL,CE,Federal Contract Tower,0,3,30,0,33,0,2,83,0,85,0,5,113,0,118,110,0,110,228
11/10/2006,ALN,IL,AGL,CE,Federal Contract Tower,0,0,14,0,14,0,0,22,0,22,0,0,36,0,36,22,0,22,58
11/11/2006,ALN,IL,AGL,CE,Federal Contract Tower,0,0,6,0,6,0,0,6,0,6,0,0,12,0,12,10,0,10,22
11/12/2006,ALN,IL,AGL,CE,Federal Contract Tower,0,0,27,0,27,0,6,67,0,73,0,6,94,0,100,132,0,132,232
11/13/2006,ALN,IL,AGL,CE,Federal Contract Tower,0,0,42,0,42,0,6,68,0,74,0,6,110,0,116,254,0,254,370
11/14/2006,ALN,IL,AGL,CE,Federal Contract Tower,0,0,33,0,33,0,0,1,0,1,0,0,34,0,34,26,0,26,60
11/15/2006,ALN,IL,AGL,CE,Federal Contract Tower,0,1,7,0,8,0,0,1,0,1,0,1,8,0,9,2,0,2,11
11/16/2006,ALN,IL,AGL,CE,Federal Contract Tower,0,3,15,0,18,0,0,10,0,10,0,3,25,0,28,14,0,14,42
11/17/2006,ALN,IL,AGL,CE,Federal Contract Tower,0,0,45,0,45,0,0,65,0,65,0,0,110,0,110,144,0,144,254
11/18/2006,ALN,IL,AGL,CE,Federal Contract Tower,0,2,42,0,44,0,0,15,0,15,0,2,57,0,59,104,8,112,171
11/19/2006,ALN,IL,AGL,CE,Federal Contract Tower,0,2,37,0,39,0,2,56,0,58,0,4,93,0,97,144,0,144,241
11/20/2006,ALN,IL,AGL,CE,Federal Contract Tower,0,1,58,0,59,0,2,124,2,128,0,3,182,2,187,296,0,296,483
11/21/2006,ALN,IL,AGL,CE,Federal Contract Tower,0,0,28,5,33,0,5,98,3,106,0,5,126,8,139,162,16,178,317
11/22/2006,ALN,IL,AGL,CE,Federal Contract Tower,0,2,33,0,35,0,2,94,0,96,0,4,127,0,131,234,0,234,365
11/23/2006,ALN,IL,AGL,CE,Federal Contract Tower,0,0,2,0,2,0,4,25,0,29,0,4,27,0,31,10,0,10,41
11/24/2006,ALN,IL,AGL,CE,Federal Contract Tower,0,0,23,0,23,0,0,74,0,74,0,0,97,0,97,114,0,114,211
11/25/2006,ALN,IL,AGL,CE,Federal Contract Tower,0,2,16,0,18,0,6,68,0,74,0,8,84,0,92,68,0,68,160
11/26/2006,ALN,IL,AGL,CE,Federal Contract Tower,0,3,28,0,31,0,4,83,0,87,0,7,111,0,118,148,0,148,266
11/27/2006,ALN,IL,AGL,CE,Federal Contract Tower,0,0,26,2,28,0,8,66,0,74,0,8,92,2,102,176,6,182,284
11/28/2006,ALN,IL,AGL,CE,Federal Contract Tower,0,0,25,1,26,0,2,40,1,43,0,2,65,2,69,62,2,64,133
11/29/2006,ALN,IL,AGL,CE,Federal Contract Tower,0,2,27,0,29,0,2,13,0,15,0,4,40,0,44,28,0,28,72
11/30/2006,ALN,IL,AGL,CE,Federal Contract Tower,0,0,1,0,1,0,0,0,0,0,0,0,1,0,1,0,0,0,1
12/01/2006,ALN,IL,AGL,CE,Federal Contract Tower,0,0,2,0,2,0,0,1,0,1,0,0,3,0,3,0,0,0,3
12/02/2006,ALN,IL,AGL,CE,Federal Contract Tower,0,2,26,2,30,0,2,43,0,45,0,4,69,2,75,20,2,22,97
12/03/2006,ALN,IL,AGL,CE,Federal Contract Tower,0,0,5,0,5,0,0,40,0,40,0,0,45,0,45,58,0,58,103
12/04/2006,ALN,IL,AGL,CE,Federal Contract Tower,0,0,26,2,28,0,4,44,0,48,0,4,70,2,76,120,4,124,200
12/05/2006,ALN,IL,AGL,CE,Federal Contract Tower,0,0,23,0,23,0,2,54,0,56,0,2,77,0,79,148,0,148,227
12/06/2006,ALN,IL,AGL,CE,Federal Contract Tower,0,1,22,0,23,0,6,54,0,60,0,7,76,0,83,148,0,148,231
12/07/2006,ALN,IL,AGL,CE,Federal Contract Tower,0,0,24,0,24,0,9,27,0,36,0,9,51,0,60,54,0,54,114
12/08/2006,ALN,IL,AGL,CE,Federal Contract Tower,0,0,38,0,38,0,7,59,0,66,0,7,97,0,104,98,0,98,202
12/09/2006,ALN,IL,AGL,CE,Federal Contract Tower,0,3,26,0,29,0,2,51,0,53,0,5,77,0,82,142,0,142,224
12/10/2006,ALN,IL,AGL,CE,Federal Contract Tower,0,0,56,0,56,0,6,25,0,31,0,6,81,0,87,152,0,152,239
12/11/2006,ALN,IL,AGL,CE,Federal Contract Tower,0,0,19,0,19,0,2,1,0,3,0,2,20,0,22,22,0,22,44
12/12/2006,ALN,IL,AGL,CE,Federal Contract Tower,0,0,22,0,22,0,0,9,0,9,0,0,31,0,31,12,0,12,43
12/13/2006,ALN,IL,AGL,CE,Federal Contract Tower,0,0,39,0,39,0,6,80,0,86,0,6,119,0,125,132,0,132,257
12/14/2006,ALN,IL,AGL,CE,Federal Contract Tower,0,0,33,0,33,0,8,66,0,74,0,8,99,0,107,141,0,141,248
12/15/2006,ALN,IL,AGL,CE,Federal Contract Tower,0,1,51,0,52,0,3,74,0,77,0,4,125,0,129,210,0,210,339
12/16/2006,ALN,IL,AGL,CE,Federal Contract Tower,0,0,28,0,28,0,0,26,0,26,0,0,54,0,54,66,0,66,120
12/17/2006,ALN,IL,AGL,CE,Federal Contract Tower,0,0,39,0,39,0,0,0,0,0,0,0,39,0,39,44,0,44,83
12/18/2006,ALN,IL,AGL,CE,Federal Contract Tower,0,0,29,2,31,0,9,68,0,77,0,9,97,2,108,192,8,200,308
12/19/2006,ALN,IL,AGL,CE,Federal Contract Tower,0,2,37,0,39,0,7,88,0,95,0,9,125,0,134,186,0,186,320
12/20/2006,ALN,IL,AGL,CE,Federal Contract Tower,0,0,15,0,15,0,4,16,0,20,0,4,31,0,35,70,0,70,105
12/21/2006,ALN,IL,AGL,CE,Federal Contract Tower,0,2,34,0,36,0,0,1,0,1,0,2,35,0,37,24,0,24,61
12/22/2006,ALN,IL,AGL,CE,Federal Contract Tower,0,0,35,0,35,0,6,80,0,86,0,6,115,0,121,142,0,142,263
12/23/2006,ALN,IL,AGL,CE,Federal Contract Tower,0,0,3,0,3,0,4,44,0,48,0,4,47,0,51,74,0,74,125
12/24/2006,ALN,IL,AGL,CE,Federal Contract Tower,0,2,1,0,3,0,0,20,0,20,0,2,21,0,23,48,0,48,71
12/25/2006,ALN,IL,AGL,CE,Federal Contract Tower,0,0,1,0,1,0,0,4,0,4,0,0,5,0,5,0,0,0,5
12/26/2006,ALN,IL,AGL,CE,Federal Contract Tower,0,1,15,0,16,0,2,53,0,55,0,3,68,0,71,106,0,106,177
12/27/2006,ALN,IL,AGL,CE,Federal Contract Tower,0,2,32,0,34,0,2,89,0,91,0,4,121,0,125,164,0,164,289
12/28/2006,ALN,IL,AGL,CE,Federal Contract Tower,0,2,24,4,30,0,4,93,0,97,0,6,117,4,127,184,10,194,321
12/29/2006,ALN,IL,AGL,CE,Federal Contract Tower,0,4,24,0,28,0,2,69,0,71,0,6,93,0,99,90,0,90,189
12/30/2006,ALN,IL,AGL,CE,Federal Contract Tower,0,0,16,0,16,0,0,1,0,1,0,0,17,0,17,38,0,38,55
12/31/2006,ALN,IL,AGL,CE,Federal Contract Tower,0,0,1,0,1,0,2,36,0,38,0,2,37,0,39,52,0,52,91
01/01/2007,ALN,IL,AGL,CE,Federal Contract Tower,0,0,11,0,11,0,0,13,0,13,0,0,24,0,24,24,0,24,48
01/02/2007,ALN,IL,AGL,CE,Federal Contract Tower,0,0,22,0,22,0,10,81,0,91,0,10,103,0,113,156,0,156,269
01/03/2007,ALN,IL,AGL,CE,Federal Contract Tower,0,0,32,0,32,0,4,62,0,66,0,4,94,0,98,128,0,128,226
01/04/2007,ALN,IL,AGL,CE,Federal Contract Tower,0,0,14,0,14,0,0,9,0,9,0,0,23,0,23,32,0,32,55
01/05/2007,ALN,IL,AGL,CE,Federal Contract Tower,0,0,10,0,10,0,0,5,0,5,0,0,15,0,15,6,0,6,21
01/06/2007,ALN,IL,AGL,CE,Federal Contract Tower,0,0,25,0,25,0,4,59,0,63,0,4,84,0,88,132,0,132,220
01/07/2007,ALN,IL,AGL,CE,Federal Contract Tower,0,0,24,0,24,0,0,17,0,17,0,0,41,0,41,70,0,70,111
01/08/2007,ALN,IL,AGL,CE,Federal Contract Tower,0,0,9,2,11,0,4,43,0,47,0,4,52,2,58,64,16,80,138
01/09/2007,ALN,IL,AGL,CE,Federal Contract Tower,0,0,8,1,9,0,4,29,1,34,0,4,37,2,43,38,6,44,87
01/10/2007,ALN,IL,AGL,CE,Federal Contract Tower,0,2,21,0,23,0,7,76,0,83,0,9,97,0,106,98,0,98,204
01/11/2007,ALN,IL,AGL,CE,Federal Contract Tower,0,6,15,0,21,0,4,15,0,19,0,10,30,0,40,24,0,24,64
01/12/2007,ALN,IL,AGL,CE,Federal Contract Tower,0,2,12,0,14,0,0,4,0,4,0,2,16,0,18,6,0,6,24
01/13/2007,ALN,IL,AGL,CE,Federal Contract Tower,0,1,1,0,2,0,0,0,0,0,0,1,1,0,2,0,0,0,2
01/14/2007,ALN,IL,AGL,CE,Federal Contract Tower,0,0,1,0,1,0,0,0,0,0,0,0,1,0,1,0,0,0,1
01/15/2007,ALN,IL,AGL,CE,Federal Contract Tower,0,0,5,0,5,0,0,0,0,0,0,0,5,0,5,0,0,0,5
01/16/2007,ALN,IL,AGL,CE,Federal Contract Tower,0,2,13,0,15,0,6,40,2,48,0,8,53,2,63,120,0,120,183
01/17/2007,ALN,IL,AGL,CE,Federal Contract Tower,0,0,36,5,41,0,5,77,2,84,0,5,113,7,125,136,28,164,289
01/18/2007,ALN,IL,AGL,CE,Federal Contract Tower,0,0,17,0,17,0,5,21,0,26,0,5,38,0,43,28,0,28,71
01/19/2007,ALN,IL,AGL,CE,Federal Contract Tower,0,0,34,0,34,0,2,79,0,81,0,2,113,0,115,152,0,152,267
01/20/2007,ALN,IL,AGL,CE,Federal Contract Tower,0,2,19,0,21,0,0,64,0,64,0,2,83,0,85,134,0,134,219
01/21/2007,ALN,IL,AGL,CE,Federal Contract Tower,0,2,4,0,6,0,0,2,0,2,0,2,6,0,8,0,0,0,8
01/22/2007,ALN,IL,AGL,CE,Federal Contract Tower,0,0,14,0,14,0,0,18,0,18,0,0,32,0,32,102,0,102,134
01/23/2007,ALN,IL,AGL,CE,Federal Contract Tower,0,4,26,0,30,0,1,85,0,86,0,5,111,0,116,152,0,152,268
01/24/2007,ALN,IL,AGL,CE,Federal Contract Tower,0,3,24,0,27,0,1,56,0,57,0,4,80,0,84,152,0,152,236
01/25/2007,ALN,IL,AGL,CE,Federal Contract Tower,0,0,30,6,36,0,0,67,0,67,0,0,97,6,103,146,6,152,255
01/26/2007,ALN,IL,AGL,CE,Federal Contract Tower,0,2,31,0,33,0,6,66,1,73,0,8,97,1,106,54,0,54,160
01/27/2007,ALN,IL,AGL,CE,Federal Contract Tower,0,1,21,0,22,0,6,35,0,41,0,7,56,0,63,78,0,78,141
01/28/2007,ALN,IL,AGL,CE,Federal Contract Tower,0,0,8,0,8,0,0,13,0,13,0,0,21,0,21,18,0,18,39
01/29/2007,ALN,IL,AGL,CE,Federal Contract Tower,0,2,22,0,24,0,6,69,0,75,0,8,91,0,99,160,0,160,259
01/30/2007,ALN,IL,AGL,CE,Federal Contract Tower,0,5,17,0,22,0,7,28,0,35,0,12,45,0,57,48,0,48,105
01/31/2007,ALN,IL,AGL,CE,Federal Contract Tower,0,2,23,0,25,0,4,74,0,78,0,6,97,0,103,132,0,132,235
02/01/2007,ALN,IL,AGL,CE,Federal Contract Tower,0,0,14,0,14,0,2,28,0,30,0,2,42,0,44,84,0,84,128
02/02/2007,ALN,IL,AGL,CE,Federal Contract Tower,0,3,15,0,18,0,9,20,0,29,0,12,35,0,47,32,0,32,79
02/03/2007,ALN,IL,AGL,CE,Federal Contract Tower,0,2,24,0,26,0,0,20,0,20,0,2,44,0,46,76,0,76,122
02/04/2007,ALN,IL,AGL,CE,Federal Contract Tower,0,0,1,0,1,0,4,29,0,33,0,4,30,0,34,54,0,54,88
02/05/2007,ALN,IL,AGL,CE,Federal Contract Tower,0,1,34,0,35,0,5,44,2,51,0,6,78,2,86,156,6,162,248
02/06/2007,ALN,IL,AGL,CE,Federal Contract Tower,0,2,25,4,31,0,2,47,0,49,0,4,72,4,80,168,8,176,256
02/07/2007,ALN,IL,AGL,CE,Federal Contract Tower,0,5,29,0,34,0,14,85,2,101,0,19,114,2,135,204,0,204,339
02/08/2007,ALN,IL,AGL,CE,Federal Contract Tower,0,3,27,0,30,0,1,89,0,90,0,4,116,0,120,164,0,164,284
02/09/2007,ALN,IL,AGL,CE,Federal Contract Tower,0,4,20,6,30,0,10,65,0,75,0,14,85,6,105,136,18,154,259
02/10/2007,ALN,IL,AGL,CE,Federal Contract Tower,0,0,59,0,59,0,2,76,0,78,0,2,135,0,137,174,0,174,311
02/11/2007,ALN,IL,AGL,CE,Federal Contract Tower,0,0,48,0,48,0,4,94,0,98,0,4,142,0,146,248,0,248,394
02/12/2007,ALN,IL,AGL,CE,Federal Contract Tower,0,1,6,0,7,0,2,33,0,35,0,3,39,0,42,104,0,104,146
02/13/2007,ALN,IL,AGL,CE,Federal Contract Tower,0,0,5,0,5,0,0,0,0,0,0,0,5,0,5,0,0,0,5
02/14/2007,ALN,IL,AGL,CE,Federal Contract Tower,0,0,6,9,15,0,4,13,0,17,0,4,19,9,32,2,38,40,72
02/15/2007,ALN,IL,AGL,CE,Federal Contract Tower,0,0,45,0,45,0,0,45,0,45,0,0,90,0,90,92,0,92,182
02/16/2007,ALN,IL,AGL,CE,Federal Contract Tower,0,4,21,0,25,0,2,38,0,40,0,6,59,0,65,76,0,76,141
02/17/2007,ALN,IL,AGL,CE,Federal Contract Tower,0,0,1,0,1,0,0,2,0,2,0,0,3,0,3,0,0,0,3
02/18/2007,ALN,IL,AGL,CE,Federal Contract Tower,0,0,42,0,42,0,3,44,0,47,0,3,86,0,89,114,0,114,203
02/19/2007,ALN,IL,AGL,CE,Federal Contract Tower,0,0,20,0,20,0,8,40,0,48,0,8,60,0,68,64,0,64,132
02/20/2007,ALN,IL,AGL,CE,Federal Contract Tower,0,0,43,0,43,0,0,63,0,63,0,0,106,0,106,198,0,198,304
02/21/2007,ALN,IL,AGL,CE,Federal Contract Tower,0,0,55,4,59,0,13,77,0,90,0,13,132,4,149,138,20,158,307
02/22/2007,ALN,IL,AGL,CE,Federal Contract Tower,0,0,42,0,42,0,0,76,0,76,0,0,118,0,118,88,0,88,206
02/23/2007,ALN,IL,AGL,CE,Federal Contract Tower,0,2,37,0,39,0,4,51,0,55,0,6,88,0,94,150,0,150,244
02/24/2007,ALN,IL,AGL,CE,Federal Contract Tower,0,0,0,0,0,0,0,0,0,0,0,0,0,0,0,0,0,0,0
02/25/2007,ALN,IL,AGL,CE,Federal Contract Tower,0,2,7,0,9,0,0,2,0,2,0,2,9,0,11,0,0,0,11
02/26/2007,ALN,IL,AGL,CE,Federal Contract Tower,0,4,34,2,40,0,2,52,0,54,0,6,86,2,94,136,6,142,236
02/27/2007,ALN,IL,AGL,CE,Federal Contract Tower,0,4,41,4,49,0,13,118,2,133,0,17,159,6,182,278,8,286,468
02/28/2007,ALN,IL,AGL,CE,Federal Contract Tower,0,2,15,0,17,0,4,28,0,32,0,6,43,0,49,66,0,66,115
03/01/2007,ALN,IL,AGL,CE,Federal Contract Tower,0,0,6,1,7,0,0,4,0,4,0,0,10,1,11,0,0,0,11
03/02/2007,ALN,IL,AGL,CE,Federal Contract Tower,0,0,26,10,36,0,1,8,1,10,0,1,34,11,46,18,18,36,82
03/03/2007,ALN,IL,AGL,CE,Federal Contract Tower,0,0,1,0,1,0,0,5,0,5,0,0,6,0,6,8,0,8,14
03/04/2007,ALN,IL,AGL,CE,Federal Contract Tower,0,0,33,0,33,0,2,99,0,101,0,2,132,0,134,198,0,198,332
03/05/2007,ALN,IL,AGL,CE,Federal Contract Tower,0,1,23,0,24,0,0,90,0,90,0,1,113,0,114,170,0,170,284
03/06/2007,ALN,IL,AGL,CE,Federal Contract Tower,0,0,36,4,40,0,10,68,0,78,0,10,104,4,118,224,22,246,364
03/07/2007,ALN,IL,AGL,CE,Federal Contract Tower,0,2,42,0,44,0,4,74,2,80,0,6,116,2,124,230,0,230,354
03/08/2007,ALN,IL,AGL,CE,Federal Contract Tower,0,0,36,2,38,0,6,71,0,77,0,6,107,2,115,170,4,174,289
03/09/2007,ALN,IL,AGL,CE,Federal Contract Tower,0,2,40,0,42,0,6,45,0,51,0,8,85,0,93,116,0,116,209
03/10/2007,ALN,IL,AGL,CE,Federal Contract Tower,0,2,27,0,29,0,0,69,0,69,0,2,96,0,98,126,0,126,224
03/11/2007,ALN,IL,AGL,CE,Federal Contract Tower,0,4,51,0,55,0,4,66,0,70,0,8,117,0,125,194,0,194,319
03/12/2007,ALN,IL,AGL,CE,Federal Contract Tower,0,0,11,0,11,0,4,59,0,63,0,4,70,0,74,140,0,140,214
03/13/2007,ALN,IL,AGL,CE,Federal Contract Tower,0,0,32,0,32,0,7,79,2,88,0,7,111,2,120,210,4,214,334
03/14/2007,ALN,IL,AGL,CE,Federal Contract Tower,0,4,26,3,33,0,1,51,2,54,0,5,77,5,87,184,12,196,283
03/15/2007,ALN,IL,AGL,CE,Federal Contract Tower,0,6,19,1,26,0,2,11,3,16,0,8,30,4,42,22,4,26,68
03/16/2007,ALN,IL,AGL,CE,Federal Contract Tower,0,2,23,0,25,0,5,37,2,44,0,7,60,2,69,92,0,92,161
03/17/2007,ALN,IL,AGL,CE,Federal Contract Tower,0,0,16,1,17,0,4,57,0,61,0,4,73,1,78,156,4,160,238
03/18/2007,ALN,IL,AGL,CE,Federal Contract Tower,0,0,14,0,14,0,0,62,0,62,0,0,76,0,76,148,0,148,224
03/19/2007,ALN,IL,AGL,CE,Federal Contract Tower,0,2,6,4,12,0,2,27,0,29,0,4,33,4,41,60,18,78,119
03/20/2007,ALN,IL,AGL,CE,Federal Contract Tower,0,0,32,0,32,0,2,59,0,61,0,2,91,0,93,146,0,146,239
03/21/2007,ALN,IL,AGL,CE,Federal Contract Tower,0,1,17,0,18,0,10,46,0,56,0,11,63,0,74,66,0,66,140
03/22/2007,ALN,IL,AGL,CE,Federal Contract Tower,0,0,7,0,7,0,0,18,0,18,0,0,25,0,25,10,0,10,35
03/23/2007,ALN,IL,AGL,CE,Federal Contract Tower,0,2,6,0,8,0,4,26,0,30,0,6,32,0,38,68,0,68,106
03/24/2007,ALN,IL,AGL,CE,Federal Contract Tower,0,0,25,0,25,0,4,93,0,97,0,4,118,0,122,130,0,130,252
03/25/2007,ALN,IL,AGL,CE,Federal Contract Tower,0,0,14,0,14,0,8,65,0,73,0,8,79,0,87,130,0,130,217
03/26/2007,ALN,IL,AGL,CE,Federal Contract Tower,0,2,38,4,44,0,4,87,0,91,0,6,125,4,135,170,22,192,327
03/27/2007,ALN,IL,AGL,CE,Federal Contract Tower,0,0,26,0,26,0,11,79,0,90,0,11,105,0,116,228,0,228,344
03/28/2007,ALN,IL,AGL,CE,Federal Contract Tower,0,0,47,0,47,0,6,88,0,94,0,6,135,0,141,254,0,254,395
03/29/2007,ALN,IL,AGL,CE,Federal Contract Tower,0,4,35,10,49,0,0,6,0,6,0,4,41,10,55,30,8,38,93
03/30/2007,ALN,IL,AGL,CE,Federal Contract Tower,0,1,25,0,26,0,0,2,0,2,0,1,27,0,28,2,0,2,30
03/31/2007,ALN,IL,AGL,CE,Federal Contract Tower,0,0,16,0,16,0,0,13,0,13,0,0,29,0,29,34,0,34,63
04/01/2007,ALN,IL,AGL,CE,Federal Contract Tower,0,3,10,0,13,0,4,26,0,30,0,7,36,0,43,10,0,10,53
04/02/2007,ALN,IL,AGL,CE,Federal Contract Tower,0,2,45,0,47,0,11,122,0,133,0,13,167,0,180,252,0,252,432
04/03/2007,ALN,IL,AGL,CE,Federal Contract Tower,0,4,18,0,22,0,4,15,0,19,0,8,33,0,41,40,0,40,81
04/04/2007,ALN,IL,AGL,CE,Federal Contract Tower,0,2,25,1,28,0,1,32,0,33,0,3,57,1,61,66,2,68,129
04/05/2007,ALN,IL,AGL,CE,Federal Contract Tower,0,2,36,0,38,0,5,56,0,61,0,7,92,0,99,88,0,88,187
04/06/2007,ALN,IL,AGL,CE,Federal Contract Tower,0,0,13,0,13,0,0,18,0,18,0,0,31,0,31,12,0,12,43
04/07/2007,ALN,IL,AGL,CE,Federal Contract Tower,0,0,20,0,20,0,0,22,2,24,0,0,42,2,44,24,8,32,76
04/08/2007,ALN,IL,AGL,CE,Federal Contract Tower,0,0,16,0,16,0,0,43,0,43,0,0,59,0,59,78,0,78,137
04/09/2007,ALN,IL,AGL,CE,Federal Contract Tower,0,1,37,0,38,0,6,95,0,101,0,7,132,0,139,216,0,216,355
04/10/2007,ALN,IL,AGL,CE,Federal Contract Tower,0,2,20,2,24,0,8,64,0,72,0,10,84,2,96,96,4,100,196
04/11/2007,ALN,IL,AGL,CE,Federal Contract Tower,0,2,20,3,25,0,0,8,0,8,0,2,28,3,33,18,6,24,57
04/12/2007,ALN,IL,AGL,CE,Federal Contract Tower,0,0,18,1,19,0,0,26,0,26,0,0,44,1,45,42,2,44,89
04/13/2007,ALN,IL,AGL,CE,Federal Contract Tower,0,0,40,0,40,0,1,96,0,97,0,1,136,0,137,168,0,168,305
04/14/2007,ALN,IL,AGL,CE,Federal Contract Tower,0,0,6,0,6,0,0,0,0,0,0,0,6,0,6,4,0,4,10
04/15/2007,ALN,IL,AGL,CE,Federal Contract Tower,0,0,54,0,54,0,0,73,0,73,0,0,127,0,127,140,0,140,267
04/16/2007,ALN,IL,AGL,CE,Federal Contract Tower,0,0,49,4,53,0,3,102,0,105,0,3,151,4,158,174,4,178,336
04/17/2007,ALN,IL,AGL,CE,Federal Contract Tower,0,3,39,0,42,0,4,101,0,105,0,7,140,0,147,268,0,268,415
04/18/2007,ALN,IL,AGL,CE,Federal Contract Tower,0,4,29,0,33,0,7,86,0,93,0,11,115,0,126,154,0,154,280
04/19/2007,ALN,IL,AGL,CE,Federal Contract Tower,0,2,26,0,28,0,6,81,0,87,0,8,107,0,115,206,0,206,321
04/20/2007,ALN,IL,AGL,CE,Federal Contract Tower,0,4,32,4,40,0,2,85,1,88,0,6,117,5,128,254,14,268,396
04/21/2007,ALN,IL,AGL,CE,Federal Contract Tower,0,2,33,1,36,0,0,79,0,79,0,2,112,1,115,124,0,124,239
04/22/2007,ALN,IL,AGL,CE,Federal Contract Tower,0,0,16,0,16,0,2,33,0,35,0,2,49,0,51,24,0,24,75
04/23/2007,ALN,IL,AGL,CE,Federal Contract Tower,0,0,25,0,25,0,2,44,0,46,0,2,69,0,71,54,0,54,125
04/24/2007,ALN,IL,AGL,CE,Federal Contract Tower,0,0,24,0,24,0,0,69,0,69,0,0,93,0,93,86,0,86,179
04/25/2007,ALN,IL,AGL,CE,Federal Contract Tower,0,0,30,1,31,0,7,29,1,37,0,7,59,2,68,106,2,108,176
04/26/2007,ALN,IL,AGL,CE,Federal Contract Tower,0,2,31,0,33,0,6,14,0,20,0,8,45,0,53,38,0,38,91
04/27/2007,ALN,IL,AGL,CE,Federal Contract Tower,0,2,25,0,27,0,0,64,0,64,0,2,89,0,91,132,0,132,223
04/28/2007,ALN,IL,AGL,CE,Federal Contract Tower,0,4,30,0,34,0,4,92,0,96,0,8,122,0,130,152,0,152,282
04/29/2007,ALN,IL,AGL,CE,Federal Contract Tower,0,4,34,0,38,0,4,91,0,95,0,8,125,0,133,104,0,104,237
04/30/2007,ALN,IL,AGL,CE,Federal Contract Tower,0,2,57,0,59,0,7,87,2,96,0,9,144,2,155,220,10,230,385
05/01/2007,ALN,IL,AGL,CE,Federal Contract Tower,0,4,20,0,24,0,8,67,6,81,0,12,87,6,105,164,0,164,269
05/02/2007,ALN,IL,AGL,CE,Federal Contract Tower,0,3,26,0,29,0,0,0,0,0,0,3,26,0,29,28,0,28,57
05/03/2007,ALN,IL,AGL,CE,Federal Contract Tower,0,0,10,0,10,0,0,2,0,2,0,0,12,0,12,2,0,2,14
05/04/2007,ALN,IL,AGL,CE,Federal Contract Tower,0,0,7,1,8,0,4,2,0,6,0,4,9,1,14,2,0,2,16
05/05/2007,ALN,IL,AGL,CE,Federal Contract Tower,0,0,22,0,22,0,4,35,2,41,0,4,57,2,63,62,14,76,139
05/06/2007,ALN,IL,AGL,CE,Federal Contract Tower,0,5,11,1,17,0,2,24,0,26,0,7,35,1,43,70,0,70,113
05/07/2007,ALN,IL,AGL,CE,Federal Contract Tower,0,0,19,4,23,0,8,77,0,85,0,8,96,4,108,124,28,152,260
05/08/2007,ALN,IL,AGL,CE,Federal Contract Tower,0,0,20,0,20,0,4,129,0,133,0,4,149,0,153,292,0,292,445
05/09/2007,ALN,IL,AGL,CE,Federal Contract Tower,0,0,20,0,20,0,5,123,0,128,0,5,143,0,148,240,0,240,388
05/10/2007,ALN,IL,AGL,CE,Federal Contract Tower,0,1,22,0,23,0,1,72,0,73,0,2,94,0,96,196,0,196,292
05/11/2007,ALN,IL,AGL,CE,Federal Contract Tower,0,1,15,0,16,0,7,48,0,55,0,8,63,0,71,130,0,130,201
05/12/2007,ALN,IL,AGL,CE,Federal Contract Tower,0,1,40,0,41,0,4,118,0,122,0,5,158,0,163,220,0,220,383
05/13/2007,ALN,IL,AGL,CE,Federal Contract Tower,0,0,27,0,27,0,1,70,0,71,0,1,97,0,98,104,0,104,202
05/14/2007,ALN,IL,AGL,CE,Federal Contract Tower,0,1,33,0,34,0,4,122,0,126,0,5,155,0,160,274,0,274,434
05/15/2007,ALN,IL,AGL,CE,Federal Contract Tower,0,0,28,1,29,0,3,30,1,34,0,3,58,2,63,78,2,80,143
05/16/2007,ALN,IL,AGL,CE,Federal Contract Tower,0,2,40,2,44,0,4,88,0,92,0,6,128,2,136,254,6,260,396
05/17/2007,ALN,IL,AGL,CE,Federal Contract Tower,0,4,35,0,39,0,1,65,0,66,0,5,100,0,105,174,0,174,279
05/18/2007,ALN,IL,AGL,CE,Federal Contract Tower,0,2,23,6,31,0,8,107,0,115,0,10,130,6,146,216,10,226,372
05/19/2007,ALN,IL,AGL,CE,Federal Contract Tower,0,3,37,0,40,0,4,136,0,140,0,7,173,0,180,206,0,206,386
05/20/2007,ALN,IL,AGL,CE,Federal Contract Tower,0,3,19,0,22,0,4,112,2,118,0,7,131,2,140,216,0,216,356
05/21/2007,ALN,IL,AGL,CE,Federal Contract Tower,0,2,38,9,49,0,9,115,1,125,0,11,153,10,174,266,52,318,492
05/22/2007,ALN,IL,AGL,CE,Federal Contract Tower,0,0,22,0,22,0,6,57,0,63,0,6,79,0,85,182,0,182,267
05/23/2007,ALN,IL,AGL,CE,Federal Contract Tower,0,0,32,2,34,0,14,76,6,96,0,14,108,8,130,178,4,182,312
05/24/2007,ALN,IL,AGL,CE,Federal Contract Tower,0,3,29,4,36,0,5,40,0,45,0,8,69,4,81,78,36,114,195
05/25/2007,ALN,IL,AGL,CE,Federal Contract Tower,0,1,24,0,25,0,0,18,0,18,0,1,42,0,43,48,0,48,91
05/26/2007,ALN,IL,AGL,CE,Federal Contract Tower,0,0,30,0,30,0,2,30,6,38,0,2,60,6,68,22,0,22,90
05/27/2007,ALN,IL,AGL,CE,Federal Contract Tower,0,0,13,0,13,0,0,8,0,8,0,0,21,0,21,42,0,42,63
05/28/2007,ALN,IL,AGL,CE,Federal Contract Tower,0,0,28,0,28,0,0,42,0,42,0,0,70,0,70,174,0,174,244
05/29/2007,ALN,IL,AGL,CE,Federal Contract Tower,0,4,59,5,68,0,7,82,0,89,0,11,141,5,157,168,26,194,351
05/30/2007,ALN,IL,AGL,CE,Federal Contract Tower,0,2,41,0,43,0,2,59,0,61,0,4,100,0,104,220,0,220,324
05/31/2007,ALN,IL,AGL,CE,Federal Contract Tower,0,0,43,3,46,0,0,17,0,17,0,0,60,3,63,120,2,122,185
06/01/2007,ALN,IL,AGL,CE,Federal Contract Tower,0,4,24,3,31,0,3,58,3,64,0,7,82,6,95,144,12,156,251
06/02/2007,ALN,IL,AGL,CE,Federal Contract Tower,0,3,18,4,25,0,1,55,1,57,0,4,73,5,82,170,0,170,252
06/03/2007,ALN,IL,AGL,CE,Federal Contract Tower,0,0,48,0,48,0,0,56,2,58,0,0,104,2,106,212,0,212,318
06/04/2007,ALN,IL,AGL,CE,Federal Contract Tower,0,6,34,4,44,0,1,55,0,56,0,7,89,4,100,164,24,188,288
06/05/2007,ALN,IL,AGL,CE,Federal Contract Tower,0,1,41,1,43,0,9,125,1,135,0,10,166,2,178,266,4,270,448
06/06/2007,ALN,IL,AGL,CE,Federal Contract Tower,0,4,40,0,44,0,3,102,4,109,0,7,142,4,153,232,6,238,391
06/07/2007,ALN,IL,AGL,CE,Federal Contract Tower,0,0,8,0,8,0,3,19,0,22,0,3,27,0,30,2,0,2,32
06/08/2007,ALN,IL,AGL,CE,Federal Contract Tower,0,3,32,0,35,0,2,42,0,44,0,5,74,0,79,100,2,102,181
06/09/2007,ALN,IL,AGL,CE,Federal Contract Tower,0,3,30,0,33,0,0,111,0,111,0,3,141,0,144,130,0,130,274
06/10/2007,ALN,IL,AGL,CE,Federal Contract Tower,0,3,11,0,14,0,0,45,0,45,0,3,56,0,59,124,0,124,183
06/11/2007,ALN,IL,AGL,CE,Federal Contract Tower,0,1,30,3,34,0,6,80,1,87,0,7,110,4,121,226,14,240,361
06/12/2007,ALN,IL,AGL,CE,Federal Contract Tower,0,0,25,0,25,0,9,91,0,100,0,9,116,0,125,168,0,168,293
06/13/2007,ALN,IL,AGL,CE,Federal Contract Tower,0,0,19,0,19,0,33,89,0,122,0,33,108,0,141,210,0,210,351
06/14/2007,ALN,IL,AGL,CE,Federal Contract Tower,0,0,35,0,35,0,9,86,0,95,0,9,121,0,130,130,0,130,260
06/15/2007,ALN,IL,AGL,CE,Federal Contract Tower,0,3,35,0,38,0,0,62,2,64,0,3,97,2,102,208,2,210,312
06/16/2007,ALN,IL,AGL,CE,Federal Contract Tower,0,0,35,2,37,0,4,48,0,52,0,4,83,2,89,92,4,96,185
06/17/2007,ALN,IL,AGL,CE,Federal Contract Tower,0,2,31,0,33,0,0,84,0,84,0,2,115,0,117,184,0,184,301
06/18/2007,ALN,IL,AGL,CE,Federal Contract Tower,0,0,12,0,12,0,0,27,0,27,0,0,39,0,39,70,0,70,109
06/19/2007,ALN,IL,AGL,CE,Federal Contract Tower,0,1,39,2,42,0,5,59,1,65,0,6,98,3,107,186,4,190,297
06/20/2007,ALN,IL,AGL,CE,Federal Contract Tower,0,5,33,1,39,0,6,85,1,92,0,11,118,2,131,184,4,188,319
06/21/2007,ALN,IL,AGL,CE,Federal Contract Tower,0,3,40,0,43,0,3,54,0,57,0,6,94,0,100,124,0,124,224
06/22/2007,ALN,IL,AGL,CE,Federal Contract Tower,0,0,31,2,33,0,0,61,0,61,0,0,92,2,94,114,2,116,210
06/23/2007,ALN,IL,AGL,CE,Federal Contract Tower,0,0,11,0,11,0,0,41,0,41,0,0,52,0,52,52,0,52,104
06/24/2007,ALN,IL,AGL,CE,Federal Contract Tower,0,0,10,0,10,0,0,15,0,15,0,0,25,0,25,42,0,42,67
06/25/2007,ALN,IL,AGL,CE,Federal Contract Tower,0,0,29,11,40,0,3,57,0,60,0,3,86,11,100,152,20,172,272
06/26/2007,ALN,IL,AGL,CE,Federal Contract Tower,0,0,19,0,19,0,4,53,1,58,0,4,72,1,77,114,0,114,191
06/27/2007,ALN,IL,AGL,CE,Federal Contract Tower,0,0,18,0,18,0,5,39,0,44,0,5,57,0,62,72,0,72,134
06/28/2007,ALN,IL,AGL,CE,Federal Contract Tower,0,2,23,0,25,0,0,10,0,10,0,2,33,0,35,16,0,16,51
06/29/2007,ALN,IL,AGL,CE,Federal Contract Tower,0,0,45,0,45,0,2,32,0,34,0,2,77,0,79,104,0,104,183
06/30/2007,ALN,IL,AGL,CE,Federal Contract Tower,0,0,47,4,51,0,0,76,0,76,0,0,123,4,127,226,4,230,357
07/01/2007,ALN,IL,AGL,CE,Federal Contract Tower,0,0,28,0,28,0,9,81,0,90,0,9,109,0,118,132,0,132,250
07/02/2007,ALN,IL,AGL,CE,Federal Contract Tower,0,0,37,0,37,0,8,77,0,85,0,8,114,0,122,204,0,204,326
07/03/2007,ALN,IL,AGL,CE,Federal Contract Tower,0,2,25,0,27,0,5,93,5,103,0,7,118,5,130,274,20,294,424
07/04/2007,ALN,IL,AGL,CE,Federal Contract Tower,0,3,11,0,14,0,1,38,0,39,0,4,49,0,53,86,0,86,139
07/05/2007,ALN,IL,AGL,CE,Federal Contract Tower,0,0,38,0,38,0,0,76,0,76,0,0,114,0,114,136,0,136,250
07/06/2007,ALN,IL,AGL,CE,Federal Contract Tower,0,1,53,0,54,0,5,78,6,89,0,6,131,6,143,134,14,148,291
07/07/2007,ALN,IL,AGL,CE,Federal Contract Tower,0,3,17,2,22,0,3,75,0,78,0,6,92,2,100,140,10,150,250
07/08/2007,ALN,IL,AGL,CE,Federal Contract Tower,0,0,22,0,22,2,4,46,0,52,2,4,68,0,74,108,0,108,182
07/09/2007,ALN,IL,AGL,CE,Federal Contract Tower,0,2,29,0,31,0,5,31,0,36,0,7,60,0,67,46,0,46,113
07/10/2007,ALN,IL,AGL,CE,Federal Contract Tower,0,0,22,0,22,0,0,53,1,54,0,0,75,1,76,180,0,180,256
07/11/2007,ALN,IL,AGL,CE,Federal Contract Tower,0,0,28,0,28,0,0,107,0,107,0,0,135,0,135,208,0,208,343
07/12/2007,ALN,IL,AGL,CE,Federal Contract Tower,0,4,46,0,50,0,5,73,2,80,0,9,119,2,130,86,0,86,216
07/13/2007,ALN,IL,AGL,CE,Federal Contract Tower,0,2,35,0,37,0,3,63,1,67,0,5,98,1,104,136,0,136,240
07/14/2007,ALN,IL,AGL,CE,Federal Contract Tower,0,0,24,0,24,0,0,72,0,72,0,0,96,0,96,120,0,120,216
07/15/2007,ALN,IL,AGL,CE,Federal Contract Tower,0,1,26,0,27,0,3,67,0,70,0,4,93,0,97,126,0,126,223
07/16/2007,ALN,IL,AGL,CE,Federal Contract Tower,0,1,31,0,32,0,8,62,0,70,0,9,93,0,102,180,0,180,282
07/17/2007,ALN,IL,AGL,CE,Federal Contract Tower,0,0,23,0,23,0,7,63,0,70,0,7,86,0,93,124,0,124,217
07/18/2007,ALN,IL,AGL,CE,Federal Contract Tower,0,0,22,1,23,0,0,102,1,103,0,0,124,2,126,196,4,200,326
07/19/2007,ALN,IL,AGL,CE,Federal Contract Tower,0,0,21,0,21,0,3,31,4,38,0,3,52,4,59,52,0,52,111
07/20/2007,ALN,IL,AGL,CE,Federal Contract Tower,0,0,37,0,37,0,2,95,6,103,0,2,132,6,140,166,0,166,306
07/21/2007,ALN,IL,AGL,CE,Federal Contract Tower,0,0,46,0,46,0,6,89,2,97,0,6,135,2,143,238,0,238,381
07/22/2007,ALN,IL,AGL,CE,Federal Contract Tower,0,0,18,0,18,0,0,63,0,63,0,0,81,0,81,172,0,172,253
07/23/2007,ALN,IL,AGL,CE,Federal Contract Tower,0,0,25,0,25,0,6,105,0,111,0,6,130,0,136,198,0,198,334
07/24/2007,ALN,IL,AGL,CE,Federal Contract Tower,0,0,29,0,29,0,4,83,2,89,0,4,112,2,118,204,0,204,322
07/25/2007,ALN,IL,AGL,CE,Federal Contract Tower,0,0,22,0,22,0,6,113,0,119,0,6,135,0,141,252,0,252,393
07/26/2007,ALN,IL,AGL,CE,Federal Contract Tower,0,0,19,1,20,0,7,89,1,97,0,7,108,2,117,192,6,198,315
07/27/2007,ALN,IL,AGL,CE,Federal Contract Tower,0,1,21,0,22,0,2,26,0,28,0,3,47,0,50,92,0,92,142
07/28/2007,ALN,IL,AGL,CE,Federal Contract Tower,0,2,23,0,25,0,3,36,0,39,0,5,59,0,64,38,0,38,102
07/29/2007,ALN,IL,AGL,CE,Federal Contract Tower,0,0,29,0,29,0,5,46,0,51,0,5,75,0,80,178,0,178,258
07/30/2007,ALN,IL,AGL,CE,Federal Contract Tower,0,3,25,0,28,0,4,99,2,105,0,7,124,2,133,262,0,262,395
07/31/2007,ALN,IL,AGL,CE,Federal Contract Tower,0,0,49,5,54,0,5,100,0,105,0,5,149,5,159,254,10,264,423
08/01/2007,ALN,IL,AGL,CE,Federal Contract Tower,0,2,26,0,28,0,3,109,2,114,0,5,135,2,142,190,0,190,332
08/02/2007,ALN,IL,AGL,CE,Federal Contract Tower,0,0,23,0,23,0,0,84,2,86,0,0,107,2,109,226,4,230,339
08/03/2007,ALN,IL,AGL,CE,Federal Contract Tower,0,1,26,0,27,0,0,34,0,34,0,1,60,0,61,82,0,82,143
08/04/2007,ALN,IL,AGL,CE,Federal Contract Tower,0,2,23,0,25,0,2,30,0,32,0,4,53,0,57,105,0,105,162
08/05/2007,ALN,IL,AGL,CE,Federal Contract Tower,0,0,30,0,30,0,1,62,0,63,0,1,92,0,93,168,0,168,261
08/06/2007,ALN,IL,AGL,CE,Federal Contract Tower,0,0,22,0,22,0,9,56,2,67,0,9,78,2,89,222,0,222,311
08/07/2007,ALN,IL,AGL,CE,Federal Contract Tower,0,0,24,1,25,0,2,79,2,83,0,2,103,3,108,132,0,132,240
08/08/2007,ALN,IL,AGL,CE,Federal Contract Tower,0,0,21,0,21,0,5,88,0,93,0,5,109,0,114,236,0,236,350
08/09/2007,ALN,IL,AGL,CE,Federal Contract Tower,0,0,22,3,25,0,4,75,0,79,0,4,97,3,104,124,4,128,232
08/10/2007,ALN,IL,AGL,CE,Federal Contract Tower,0,0,16,0,16,0,0,61,2,63,0,0,77,2,79,112,0,112,191
08/11/2007,ALN,IL,AGL,CE,Federal Contract Tower,0,0,17,0,17,0,5,63,1,69,0,5,80,1,86,78,0,78,164
08/12/2007,ALN,IL,AGL,CE,Federal Contract Tower,0,0,24,0,24,0,0,49,0,49,0,0,73,0,73,88,0,88,161
08/13/2007,ALN,IL,AGL,CE,Federal Contract Tower,0,1,32,5,38,0,5,65,0,70,0,6,97,5,108,168,20,188,296
08/14/2007,ALN,IL,AGL,CE,Federal Contract Tower,0,1,15,0,16,0,3,85,0,88,0,4,100,0,104,236,0,236,340
08/15/2007,ALN,IL,AGL,CE,Federal Contract Tower,0,0,26,0,26,0,4,93,0,97,0,4,119,0,123,162,0,162,285
08/16/2007,ALN,IL,AGL,CE,Federal Contract Tower,0,0,22,0,22,0,4,59,0,63,0,4,81,0,85,116,0,116,201
08/17/2007,ALN,IL,AGL,CE,Federal Contract Tower,0,0,39,7,46,0,2,61,0,63,0,2,100,7,109,165,44,209,318
08/18/2007,ALN,IL,AGL,CE,Federal Contract Tower,0,2,16,0,18,0,1,79,2,82,0,3,95,2,100,122,2,124,224
08/19/2007,ALN,IL,AGL,CE,Federal Contract Tower,0,2,15,0,17,0,0,32,0,32,0,2,47,0,49,116,0,116,165
08/20/2007,ALN,IL,AGL,CE,Federal Contract Tower,0,0,23,0,23,0,2,10,0,12,0,2,33,0,35,26,0,26,61
08/21/2007,ALN,IL,AGL,CE,Federal Contract Tower,0,2,11,0,13,0,4,0,1,5,0,6,11,1,18,208,0,208,226
08/22/2007,ALN,IL,AGL,CE,Federal Contract Tower,0,2,22,0,24,0,15,127,6,148,0,17,149,6,172,220,0,220,392
08/23/2007,ALN,IL,AGL,CE,Federal Contract Tower,0,0,29,0,29,0,0,58,1,59,0,0,87,1,88,80,0,80,168
08/24/2007,ALN,IL,AGL,CE,Federal Contract Tower,0,0,13,0,13,0,2,41,2,45,0,2,54,2,58,82,0,82,140
08/25/2007,ALN,IL,AGL,CE,Federal Contract Tower,0,0,14,1,15,0,0,50,5,55,0,0,64,6,70,118,0,118,188
08/26/2007,ALN,IL,AGL,CE,Federal Contract Tower,0,0,20,0,20,0,0,93,0,93,0,0,113,0,113,162,0,162,275
08/27/2007,ALN,IL,AGL,CE,Federal Contract Tower,0,0,14,1,15,0,3,78,1,82,0,3,92,2,97,148,4,152,249
08/28/2007,ALN,IL,AGL,CE,Federal Contract Tower,0,0,19,0,19,0,6,121,3,130,0,6,140,3,149,224,0,224,373
08/29/2007,ALN,IL,AGL,CE,Federal Contract Tower,0,0,22,0,22,0,8,78,2,88,0,8,100,2,110,192,0,192,302
08/30/2007,ALN,IL,AGL,CE,Federal Contract Tower,0,0,19,0,19,0,5,84,0,89,0,5,103,0,108,92,0,92,200
08/31/2007,ALN,IL,AGL,CE,Federal Contract Tower,0,1,24,0,25,0,3,85,7,95,0,4,109,7,120,202,0,202,322
09/01/2007,ALN,IL,AGL,CE,Federal Contract Tower,0,0,16,0,16,0,3,90,0,93,0,3,106,0,109,212,0,212,321
09/02/2007,ALN,IL,AGL,CE,Federal Contract Tower,0,0,13,0,13,0,6,57,2,65,0,6,70,2,78,110,0,110,188
09/03/2007,ALN,IL,AGL,CE,Federal Contract Tower,0,0,6,0,6,0,0,70,0,70,0,0,76,0,76,132,0,132,208
09/04/2007,ALN,IL,AGL,CE,Federal Contract Tower,0,0,27,0,27,0,1,57,0,58,0,1,84,0,85,164,0,164,249
09/05/2007,ALN,IL,AGL,CE,Federal Contract Tower,0,0,36,6,42,0,5,66,2,73,0,5,102,8,115,212,34,246,361
09/06/2007,ALN,IL,AGL,CE,Federal Contract Tower,0,0,26,0,26,0,3,3,0,6,0,3,29,0,32,16,0,16,48
09/07/2007,ALN,IL,AGL,CE,Federal Contract Tower,0,1,9,0,10,0,4,26,0,30,0,5,35,0,40,12,0,12,52
09/08/2007,ALN,IL,AGL,CE,Federal Contract Tower,0,1,15,0,16,0,0,6,0,6,0,1,21,0,22,10,0,10,32
09/09/2007,ALN,IL,AGL,CE,Federal Contract Tower,0,0,24,0,24,0,6,63,0,69,0,6,87,0,93,184,0,184,277
09/10/2007,ALN,IL,AGL,CE,Federal Contract Tower,0,0,25,0,25,0,5,69,0,74,0,5,94,0,99,202,0,202,301
09/11/2007,ALN,IL,AGL,CE,Federal Contract Tower,0,3,34,0,37,0,7,72,0,79,0,10,106,0,116,168,0,168,284
09/12/2007,ALN,IL,AGL,CE,Federal Contract Tower,0,0,29,0,29,0,13,97,2,112,0,13,126,2,141,190,0,190,331
09/13/2007,ALN,IL,AGL,CE,Federal Contract Tower,0,0,21,2,23,0,9,114,0,123,0,9,135,2,146,240,14,254,400
09/14/2007,ALN,IL,AGL,CE,Federal Contract Tower,0,0,22,0,22,0,8,46,0,54,0,8,68,0,76,110,0,110,186
09/15/2007,ALN,IL,AGL,CE,Federal Contract Tower,0,0,34,0,34,0,4,63,10,77,0,4,97,10,111,190,0,190,301
09/16/2007,ALN,IL,AGL,CE,Federal Contract Tower,0,0,25,0,25,0,4,89,0,93,0,4,114,0,118,196,0,196,314
09/17/2007,ALN,IL,AGL,CE,Federal Contract Tower,0,0,34,1,35,0,8,76,3,87,0,8,110,4,122,188,4,192,314
09/18/2007,ALN,IL,AGL,CE,Federal Contract Tower,0,3,37,0,40,0,1,65,2,68,0,4,102,2,108,148,0,148,256
09/19/2007,ALN,IL,AGL,CE,Federal Contract Tower,0,1,43,0,44,0,9,74,0,83,0,10,117,0,127,154,0,154,281
09/20/2007,ALN,IL,AGL,CE,Federal Contract Tower,0,0,44,2,46,0,4,66,4,74,0,4,110,6,120,240,4,244,364
09/21/2007,ALN,IL,AGL,CE,Federal Contract Tower,0,2,27,0,29,0,4,75,0,79,0,6,102,0,108,158,0,158,266
09/22/2007,ALN,IL,AGL,CE,Federal Contract Tower,0,2,22,4,28,0,0,76,0,76,0,2,98,4,104,196,4,200,304
09/23/2007,ALN,IL,AGL,CE,Federal Contract Tower,0,0,16,0,16,0,0,51,2,53,0,0,67,2,69,76,0,76,145
09/24/2007,ALN,IL,AGL,CE,Federal Contract Tower,0,0,34,6,40,0,4,60,6,70,0,4,94,12,110,92,6,98,208
09/25/2007,ALN,IL,AGL,CE,Federal Contract Tower,0,3,32,1,36,0,3,37,0,40,0,6,69,1,76,60,0,60,136
09/26/2007,ALN,IL,AGL,CE,Federal Contract Tower,0,1,47,0,48,0,2,43,0,45,0,3,90,0,93,154,0,154,247
09/27/2007,ALN,IL,AGL,CE,Federal Contract Tower,0,0,25,9,34,0,6,88,3,97,0,6,113,12,131,200,32,232,363
09/28/2007,ALN,IL,AGL,CE,Federal Contract Tower,0,2,36,2,40,0,2,108,6,116,0,4,144,8,156,164,16,180,336
09/29/2007,ALN,IL,AGL,CE,Federal Contract Tower,0,0,8,0,8,0,8,636,0,644,0,8,644,0,652,64,0,64,716
09/30/2007,ALN,IL,AGL,CE,Federal Contract Tower,0,1,9,0,10,0,5,42,3,50,0,6,51,3,60,54,0,54,114
10/01/2007,ALN,IL,AGL,CE,Federal Contract Tower,0,0,29,0,29,0,1,61,0,62,0,1,90,0,91,124,0,124,215
10/02/2007,ALN,IL,AGL,CE,Federal Contract Tower,0,0,35,0,35,0,2,61,0,63,0,2,96,0,98,124,0,124,222
10/03/2007,ALN,IL,AGL,CE,Federal Contract Tower,0,0,39,3,42,0,8,86,7,101,0,8,125,10,143,232,18,250,393
10/04/2007,ALN,IL,AGL,CE,Federal Contract Tower,0,0,31,2,33,0,5,104,0,109,0,5,135,2,142,206,12,218,360
10/05/2007,ALN,IL,AGL,CE,Federal Contract Tower,0,3,21,0,24,0,0,82,0,82,0,3,103,0,106,122,0,122,228
10/06/2007,ALN,IL,AGL,CE,Federal Contract Tower,0,1,30,0,31,0,1,71,0,72,0,2,101,0,103,142,0,142,245
10/07/2007,ALN,IL,AGL,CE,Federal Contract Tower,0,1,7,0,8,0,0,86,0,86,0,1,93,0,94,92,0,92,186
10/08/2007,ALN,IL,AGL,CE,Federal Contract Tower,0,0,30,0,30,0,0,40,0,40,0,0,70,0,70,86,0,86,156
10/09/2007,ALN,IL,AGL,CE,Federal Contract Tower,0,1,33,2,36,0,4,81,1,86,0,5,114,3,122,166,8,174,296
10/10/2007,ALN,IL,AGL,CE,Federal Contract Tower,0,0,32,0,32,0,8,65,2,75,0,8,97,2,107,110,0,110,217
10/11/2007,ALN,IL,AGL,CE,Federal Contract Tower,0,11,33,0,44,0,15,119,0,134,0,26,152,0,178,150,0,150,328
10/12/2007,ALN,IL,AGL,CE,Federal Contract Tower,0,2,48,0,50,0,0,37,0,37,0,2,85,0,87,162,12,174,261
10/13/2007,ALN,IL,AGL,CE,Federal Contract Tower,0,0,38,0,38,0,0,3,2,5,0,0,41,2,43,76,0,76,119
10/14/2007,ALN,IL,AGL,CE,Federal Contract Tower,0,2,22,0,24,0,12,52,0,64,0,14,74,0,88,162,0,162,250
10/15/2007,ALN,IL,AGL,CE,Federal Contract Tower,0,0,26,0,26,0,0,3,0,3,0,0,29,0,29,64,14,78,107
10/16/2007,ALN,IL,AGL,CE,Federal Contract Tower,0,0,30,0,30,0,0,0,0,0,0,0,30,0,30,60,0,60,90
10/17/2007,ALN,IL,AGL,CE,Federal Contract Tower,0,0,11,0,11,0,0,0,0,0,0,0,11,0,11,30,0,30,41
10/18/2007,ALN,IL,AGL,CE,Federal Contract Tower,0,2,16,0,18,0,0,12,0,12,0,2,28,0,30,12,0,12,42
10/19/2007,ALN,IL,AGL,CE,Federal Contract Tower,0,2,12,0,14,0,2,14,0,16,0,4,26,0,30,50,0,50,80
10/20/2007,ALN,IL,AGL,CE,Federal Contract Tower,0,0,16,0,16,0,0,63,1,64,0,0,79,1,80,62,0,62,142
10/21/2007,ALN,IL,AGL,CE,Federal Contract Tower,0,0,4,0,4,0,0,26,0,26,0,0,30,0,30,56,0,56,86
10/22/2007,ALN,IL,AGL,CE,Federal Contract Tower,0,0,14,0,14,0,0,21,0,21,0,0,35,0,35,100,0,100,135
10/23/2007,ALN,IL,AGL,CE,Federal Contract Tower,0,0,35,0,35,0,6,50,0,56,0,6,85,0,91,172,0,172,263
10/24/2007,ALN,IL,AGL,CE,Federal Contract Tower,0,0,22,0,22,0,5,36,0,41,0,5,58,0,63,120,0,120,183
10/25/2007,ALN,IL,AGL,CE,Federal Contract Tower,0,1,26,0,27,0,0,11,0,11,0,1,37,0,38,44,0,44,82
10/26/2007,ALN,IL,AGL,CE,Federal Contract Tower,0,0,6,0,6,0,0,0,0,0,0,0,6,0,6,6,0,6,12
10/27/2007,ALN,IL,AGL,CE,Federal Contract Tower,0,0,33,0,33,0,0,34,0,34,0,0,67,0,67,140,2,142,209
10/28/2007,ALN,IL,AGL,CE,Federal Contract Tower,0,2,36,0,38,0,2,82,0,84,0,4,118,0,122,252,0,252,374
10/29/2007,ALN,IL,AGL,CE,Federal Contract Tower,0,0,34,0,34,0,0,90,0,90,0,0,124,0,124,244,0,244,368
10/30/2007,ALN,IL,AGL,CE,Federal Contract Tower,0,0,50,0,50,0,4,31,0,35,0,4,81,0,85,130,0,130,215
10/31/2007,ALN,IL,AGL,CE,Federal Contract Tower,0,5,21,0,26,0,1,41,0,42,0,6,62,0,68,120,18,138,206
11/01/2007,ALN,IL,AGL,CE,Federal Contract Tower,0,0,36,2,38,0,10,65,0,75,0,10,101,2,113,180,10,190,303
11/02/2007,ALN,IL,AGL,CE,Federal Contract Tower,0,2,24,0,26,0,2,68,3,73,0,4,92,3,99,172,0,172,271
11/03/2007,ALN,IL,AGL,CE,Federal Contract Tower,0,1,19,0,20,0,0,45,2,47,0,1,64,2,67,32,0,32,99
11/04/2007,ALN,IL,AGL,CE,Federal Contract Tower,0,0,6,0,6,0,0,81,0,81,0,0,87,0,87,136,0,136,223
11/05/2007,ALN,IL,AGL,CE,Federal Contract Tower,0,0,12,1,13,0,2,31,1,34,0,2,43,2,47,28,0,28,75
11/06/2007,ALN,IL,AGL,CE,Federal Contract Tower,0,2,11,0,13,0,6,62,0,68,0,8,73,0,81,132,0,132,213
11/07/2007,ALN,IL,AGL,CE,Federal Contract Tower,0,3,20,0,23,0,10,109,0,119,0,13,129,0,142,314,0,314,456
11/08/2007,ALN,IL,AGL,CE,Federal Contract Tower,0,2,40,0,42,0,0,102,0,102,0,2,142,0,144,184,0,184,328
11/09/2007,ALN,IL,AGL,CE,Federal Contract Tower,0,0,18,0,18,0,0,75,0,75,0,0,93,0,93,160,0,160,253
11/10/2007,ALN,IL,AGL,CE,Federal Contract Tower,0,0,19,1,20,0,0,69,0,69,0,0,88,1,89,89,0,89,178
11/11/2007,ALN,IL,AGL,CE,Federal Contract Tower,0,0,7,0,7,0,2,34,0,36,0,2,41,0,43,54,0,54,97
11/12/2007,ALN,IL,AGL,CE,Federal Contract Tower,0,0,25,1,26,0,2,11,1,14,0,2,36,2,40,46,4,50,90
11/13/2007,ALN,IL,AGL,CE,Federal Contract Tower,0,2,23,0,25,0,1,65,0,66,0,3,88,0,91,164,0,164,255
11/14/2007,ALN,IL,AGL,CE,Federal Contract Tower,0,0,14,0,14,0,4,51,2,57,0,4,65,2,71,92,0,92,163
11/15/2007,ALN,IL,AGL,CE,Federal Contract Tower,0,0,12,3,15,0,0,28,0,28,0,0,40,3,43,42,6,48,91
11/16/2007,ALN,IL,AGL,CE,Federal Contract Tower,0,3,12,2,17,0,0,77,0,77,0,3,89,2,94,92,2,94,188
11/17/2007,ALN,IL,AGL,CE,Federal Contract Tower,0,2,14,1,17,0,2,83,5,90,0,4,97,6,107,86,2,88,195
11/18/2007,ALN,IL,AGL,CE,Federal Contract Tower,0,0,5,0,5,0,0,52,1,53,0,0,57,1,58,130,0,130,188
11/19/2007,ALN,IL,AGL,CE,Federal Contract Tower,0,0,10,0,10,0,4,62,0,66,0,4,72,0,76,140,0,140,216
11/20/2007,ALN,IL,AGL,CE,Federal Contract Tower,0,0,35,0,35,0,2,63,0,65,0,2,98,0,100,174,0,174,274
11/21/2007,ALN,IL,AGL,CE,Federal Contract Tower,0,0,10,0,10,0,0,0,0,0,0,0,10,0,10,0,0,0,10
11/22/2007,ALN,IL,AGL,CE,Federal Contract Tower,0,0,3,0,3,0,2,4,0,6,0,2,7,0,9,0,0,0,9
11/23/2007,ALN,IL,AGL,CE,Federal Contract Tower,0,0,11,0,11,0,4,58,0,62,0,4,69,0,73,118,0,118,191
11/24/2007,ALN,IL,AGL,CE,Federal Contract Tower,0,4,36,0,40,0,0,57,0,57,0,4,93,0,97,132,0,132,229
11/25/2007,ALN,IL,AGL,CE,Federal Contract Tower,0,2,7,0,9,0,0,2,0,2,0,2,9,0,11,2,0,2,13
11/26/2007,ALN,IL,AGL,CE,Federal Contract Tower,0,2,7,0,9,0,0,5,0,5,0,2,12,0,14,16,0,16,30
11/27/2007,ALN,IL,AGL,CE,Federal Contract Tower,0,1,38,0,39,0,10,114,0,124,0,11,152,0,163,354,0,354,517
11/28/2007,ALN,IL,AGL,CE,Federal Contract Tower,0,7,27,0,34,0,6,45,0,51,0,13,72,0,85,98,0,98,183
11/29/2007,ALN,IL,AGL,CE,Federal Contract Tower,0,1,45,0,46,0,5,103,2,110,0,6,148,2,156,212,0,212,368
11/30/2007,ALN,IL,AGL,CE,Federal Contract Tower,0,0,44,0,44,0,0,55,2,57,0,0,99,2,101,172,0,172,273
12/01/2007,ALN,IL,AGL,CE,Federal Contract Tower,0,0,6,0,6,0,0,5,1,6,0,0,11,1,12,6,0,6,18
12/02/2007,ALN,IL,AGL,CE,Federal Contract Tower,0,0,4,0,4,2,0,2,0,4,2,0,6,0,8,4,0,4,12
12/03/2007,ALN,IL,AGL,CE,Federal Contract Tower,0,2,25,0,27,0,0,69,0,69,0,2,94,0,96,204,0,204,300
12/04/2007,ALN,IL,AGL,CE,Federal Contract Tower,0,3,40,0,43,0,14,90,0,104,0,17,130,0,147,232,0,232,379
12/05/2007,ALN,IL,AGL,CE,Federal Contract Tower,0,1,5,0,6,0,4,18,0,22,0,5,23,0,28,10,0,10,38
12/06/2007,ALN,IL,AGL,CE,Federal Contract Tower,0,0,22,7,29,0,5,44,1,50,0,5,66,8,79,156,12,168,247
12/07/2007,ALN,IL,AGL,CE,Federal Contract Tower,0,0,10,2,12,0,0,0,0,0,0,0,10,2,12,14,0,14,26
12/08/2007,ALN,IL,AGL,CE,Federal Contract Tower,0,1,8,0,9,0,0,0,0,0,0,1,8,0,9,8,0,8,17
12/09/2007,ALN,IL,AGL,CE,Federal Contract Tower,0,0,4,0,4,0,0,0,0,0,0,0,4,0,4,0,0,0,4
12/10/2007,ALN,IL,AGL,CE,Federal Contract Tower,0,0,9,0,9,0,0,0,0,0,0,0,9,0,9,0,0,0,9
12/11/2007,ALN,IL,AGL,CE,Federal Contract Tower,0,1,4,0,5,0,0,0,0,0,0,1,4,0,5,6,0,6,11
12/12/2007,ALN,IL,AGL,CE,Federal Contract Tower,0,0,6,0,6,0,0,3,0,3,0,0,9,0,9,14,0,14,23
12/13/2007,ALN,IL,AGL,CE,Federal Contract Tower,0,2,9,0,11,0,0,6,0,6,0,2,15,0,17,6,0,6,23
12/14/2007,ALN,IL,AGL,CE,Federal Contract Tower,0,8,52,7,67,0,4,99,7,110,0,12,151,14,177,230,54,284,461
12/15/2007,ALN,IL,AGL,CE,Federal Contract Tower,0,0,1,0,1,0,0,0,0,0,0,0,1,0,1,0,0,0,1
12/16/2007,ALN,IL,AGL,CE,Federal Contract Tower,0,0,8,0,8,0,0,10,0,10,0,0,18,0,18,20,0,20,38
12/17/2007,ALN,IL,AGL,CE,Federal Contract Tower,0,0,38,0,38,0,0,26,2,28,0,0,64,2,66,98,0,98,164
12/18/2007,ALN,IL,AGL,CE,Federal Contract Tower,0,2,52,0,54,0,3,90,0,93,0,5,142,0,147,278,6,284,431
12/19/2007,ALN,IL,AGL,CE,Federal Contract Tower,0,3,31,2,36,0,3,75,0,78,0,6,106,2,114,254,10,264,378
12/20/2007,ALN,IL,AGL,CE,Federal Contract Tower,0,0,15,0,15,0,0,4,0,4,0,0,19,0,19,2,0,2,21
12/21/2007,ALN,IL,AGL,CE,Federal Contract Tower,0,2,13,0,15,0,0,0,0,0,0,2,13,0,15,12,8,20,35
12/22/2007,ALN,IL,AGL,CE,Federal Contract Tower,0,2,18,0,20,0,1,3,0,4,0,3,21,0,24,20,0,20,44
12/23/2007,ALN,IL,AGL,CE,Federal Contract Tower,0,0,3,0,3,0,6,15,0,21,0,6,18,0,24,10,0,10,34
12/24/2007,ALN,IL,AGL,CE,Federal Contract Tower,0,3,14,0,17,0,0,7,0,7,0,3,21,0,24,48,0,48,72
12/25/2007,ALN,IL,AGL,CE,Federal Contract Tower,0,1,1,0,2,0,0,5,0,5,0,1,6,0,7,0,0,0,7
12/26/2007,ALN,IL,AGL,CE,Federal Contract Tower,0,3,22,0,25,0,0,54,0,54,0,3,76,0,79,80,0,80,159
12/27/2007,ALN,IL,AGL,CE,Federal Contract Tower,0,3,6,0,9,0,1,1,0,2,0,4,7,0,11,0,0,0,11
12/28/2007,ALN,IL,AGL,CE,Federal Contract Tower,0,1,7,0,8,0,0,0,0,0,0,1,7,0,8,10,0,10,18
12/29/2007,ALN,IL,AGL,CE,Federal Contract Tower,0,0,24,0,24,0,0,52,0,52,0,0,76,0,76,116,0,116,192
12/30/2007,ALN,IL,AGL,CE,Federal Contract Tower,0,3,23,0,26,0,1,60,0,61,0,4,83,0,87,150,0,150,237
12/31/2007,ALN,IL,AGL,CE,Federal Contract Tower,0,0,2,1,3,0,8,26,0,34,0,8,28,1,37,82,4,86,123
01/01/2008,ALN,IL,AGL,CE,Federal Contract Tower,0,0,2,0,2,0,0,0,0,0,0,0,2,0,2,0,0,0,2
01/02/2008,ALN,IL,AGL,CE,Federal Contract Tower,0,0,22,0,22,0,4,54,0,58,0,4,76,0,80,140,0,140,220
01/03/2008,ALN,IL,AGL,CE,Federal Contract Tower,0,1,18,0,19,0,3,61,0,64,0,4,79,0,83,116,0,116,199
01/04/2008,ALN,IL,AGL,CE,Federal Contract Tower,0,0,11,0,11,0,0,40,0,40,0,0,51,0,51,60,0,60,111
01/05/2008,ALN,IL,AGL,CE,Federal Contract Tower,0,2,11,0,13,0,0,6,0,6,0,2,17,0,19,34,0,34,53
01/06/2008,ALN,IL,AGL,CE,Federal Contract Tower,0,2,30,0,32,0,0,2,0,2,0,2,32,0,34,60,0,60,94
01/07/2008,ALN,IL,AGL,CE,Federal Contract Tower,0,3,12,0,15,0,0,13,0,13,0,3,25,0,28,14,0,14,42
01/08/2008,ALN,IL,AGL,CE,Federal Contract Tower,0,0,15,0,15,0,4,4,0,8,0,4,19,0,23,4,0,4,27
01/09/2008,ALN,IL,AGL,CE,Federal Contract Tower,0,5,37,0,42,0,13,166,0,179,0,18,203,0,221,372,0,372,593
01/10/2008,ALN,IL,AGL,CE,Federal Contract Tower,0,2,13,0,15,0,2,23,0,25,0,4,36,0,40,34,0,34,74
01/11/2008,ALN,IL,AGL,CE,Federal Contract Tower,0,1,29,0,30,0,4,47,0,51,0,5,76,0,81,142,0,142,223
01/12/2008,ALN,IL,AGL,CE,Federal Contract Tower,0,2,35,0,37,0,4,99,2,105,0,6,134,2,142,154,0,154,296
01/13/2008,ALN,IL,AGL,CE,Federal Contract Tower,0,0,21,0,21,0,0,23,0,23,0,0,44,0,44,116,0,116,160
01/14/2008,ALN,IL,AGL,CE,Federal Contract Tower,0,2,16,0,18,0,2,38,0,40,0,4,54,0,58,86,0,86,144
01/15/2008,ALN,IL,AGL,CE,Federal Contract Tower,0,0,28,0,28,0,4,126,0,130,0,4,154,0,158,264,0,264,422
01/16/2008,ALN,IL,AGL,CE,Federal Contract Tower,0,0,22,0,22,0,1,99,2,102,0,1,121,2,124,176,8,184,308
01/17/2008,ALN,IL,AGL,CE,Federal Contract Tower,0,0,12,0,12,0,0,0,0,0,0,0,12,0,12,0,0,0,12
01/18/2008,ALN,IL,AGL,CE,Federal Contract Tower,0,1,14,0,15,0,2,65,0,67,0,3,79,0,82,134,0,134,216
01/19/2008,ALN,IL,AGL,CE,Federal Contract Tower,0,0,14,0,14,0,2,46,0,48,0,2,60,0,62,60,0,60,122
01/20/2008,ALN,IL,AGL,CE,Federal Contract Tower,0,0,12,0,12,0,2,50,0,52,0,2,62,0,64,102,0,102,166
01/21/2008,ALN,IL,AGL,CE,Federal Contract Tower,0,0,14,0,14,0,6,42,0,48,0,6,56,0,62,146,0,146,208
01/22/2008,ALN,IL,AGL,CE,Federal Contract Tower,0,0,14,0,14,0,0,42,2,44,0,0,56,2,58,138,0,138,196
01/23/2008,ALN,IL,AGL,CE,Federal Contract Tower,0,1,27,0,28,0,4,92,0,96,0,5,119,0,124,264,0,264,388
01/24/2008,ALN,IL,AGL,CE,Federal Contract Tower,0,0,33,0,33,0,4,68,6,78,0,4,101,6,111,190,0,190,301
01/25/2008,ALN,IL,AGL,CE,Federal Contract Tower,0,0,15,0,15,0,0,30,0,30,0,0,45,0,45,80,0,80,125
01/26/2008,ALN,IL,AGL,CE,Federal Contract Tower,0,0,20,0,20,0,0,69,2,71,0,0,89,2,91,90,0,90,181
01/27/2008,ALN,IL,AGL,CE,Federal Contract Tower,0,0,26,0,26,0,4,61,0,65,0,4,87,0,91,110,0,110,201
01/28/2008,ALN,IL,AGL,CE,Federal Contract Tower,0,0,13,0,13,0,2,1,0,3,0,2,14,0,16,12,0,12,28
01/29/2008,ALN,IL,AGL,CE,Federal Contract Tower,0,0,9,0,9,0,0,7,0,7,0,0,16,0,16,22,0,22,38
01/30/2008,ALN,IL,AGL,CE,Federal Contract Tower,0,5,26,1,32,0,7,97,3,107,0,12,123,4,139,104,16,120,259
01/31/2008,ALN,IL,AGL,CE,Federal Contract Tower,0,0,5,0,5,0,0,9,0,9,0,0,14,0,14,12,0,12,26
02/01/2008,ALN,IL,AGL,CE,Federal Contract Tower,0,0,16,0,16,0,0,7,0,7,0,0,23,0,23,2,0,2,25
02/02/2008,ALN,IL,AGL,CE,Federal Contract Tower,0,0,3,0,3,0,0,44,0,44,0,0,47,0,47,56,0,56,103
02/03/2008,ALN,IL,AGL,CE,Federal Contract Tower,0,0,1,0,1,0,0,27,0,27,0,0,28,0,28,32,0,32,60
02/04/2008,ALN,IL,AGL,CE,Federal Contract Tower,0,2,18,0,20,0,0,19,0,19,0,2,37,0,39,94,0,94,133
02/05/2008,ALN,IL,AGL,CE,Federal Contract Tower,0,0,9,0,9,0,0,2,0,2,0,0,11,0,11,0,0,0,11
02/06/2008,ALN,IL,AGL,CE,Federal Contract Tower,0,0,7,2,9,0,2,1,0,3,0,2,8,2,12,6,4,10,22
02/07/2008,ALN,IL,AGL,CE,Federal Contract Tower,0,2,41,0,43,0,6,38,0,44,0,8,79,0,87,102,0,102,189
02/08/2008,ALN,IL,AGL,CE,Federal Contract Tower,0,0,25,0,25,0,2,58,4,64,0,2,83,4,89,92,2,94,183
02/09/2008,ALN,IL,AGL,CE,Federal Contract Tower,0,0,25,0,25,0,0,49,5,54,0,0,74,5,79,60,0,60,139
02/10/2008,ALN,IL,AGL,CE,Federal Contract Tower,0,0,14,0,14,0,6,40,0,46,0,6,54,0,60,30,0,30,90
02/11/2008,ALN,IL,AGL,CE,Federal Contract Tower,0,0,3,0,3,0,3,13,0,16,0,3,16,0,19,40,0,40,59
02/12/2008,ALN,IL,AGL,CE,Federal Contract Tower,0,0,4,0,4,0,0,1,0,1,0,0,5,0,5,0,0,0,5
02/13/2008,ALN,IL,AGL,CE,Federal Contract Tower,0,0,21,0,21,0,7,71,0,78,0,7,92,0,99,88,0,88,187
02/14/2008,ALN,IL,AGL,CE,Federal Contract Tower,0,2,27,3,32,0,3,24,4,31,0,5,51,7,63,46,14,60,123
02/15/2008,ALN,IL,AGL,CE,Federal Contract Tower,0,0,29,0,29,0,4,64,0,68,0,4,93,0,97,212,0,212,309
02/16/2008,ALN,IL,AGL,CE,Federal Contract Tower,0,0,47,0,47,0,0,48,0,48,0,0,95,0,95,134,0,134,229
02/17/2008,ALN,IL,AGL,CE,Federal Contract Tower,0,0,1,0,1,0,6,0,0,6,0,6,1,0,7,0,0,0,7
02/18/2008,ALN,IL,AGL,CE,Federal Contract Tower,0,0,15,0,15,0,0,11,0,11,0,0,26,0,26,6,0,6,32
02/19/2008,ALN,IL,AGL,CE,Federal Contract Tower,0,2,31,0,33,0,6,35,0,41,0,8,66,0,74,96,0,96,170
02/20/2008,ALN,IL,AGL,CE,Federal Contract Tower,0,0,31,0,31,0,4,66,0,70,0,4,97,0,101,208,0,208,309
02/21/2008,ALN,IL,AGL,CE,Federal Contract Tower,0,0,7,0,7,0,0,1,0,1,0,0,8,0,8,0,0,0,8
02/22/2008,ALN,IL,AGL,CE,Federal Contract Tower,0,0,8,0,8,0,0,2,0,2,0,0,10,0,10,0,0,0,10
02/23/2008,ALN,IL,AGL,CE,Federal Contract Tower,0,0,35,0,35,0,2,8,0,10,0,2,43,0,45,68,0,68,113
02/24/2008,ALN,IL,AGL,CE,Federal Contract Tower,0,0,4,0,4,0,0,1,0,1,0,0,5,0,5,6,0,6,11
02/25/2008,ALN,IL,AGL,CE,Federal Contract Tower,0,3,10,0,13,0,0,0,0,0,0,3,10,0,13,4,0,4,17
02/26/2008,ALN,IL,AGL,CE,Federal Contract Tower,0,0,7,0,7,0,0,0,0,0,0,0,7,0,7,0,0,0,7
02/27/2008,ALN,IL,AGL,CE,Federal Contract Tower,0,0,28,0,28,0,4,94,0,98,0,4,122,0,126,268,0,268,394
02/28/2008,ALN,IL,AGL,CE,Federal Contract Tower,0,5,29,0,34,0,5,76,0,81,0,10,105,0,115,200,0,200,315
02/29/2008,ALN,IL,AGL,CE,Federal Contract Tower,0,1,36,0,37,0,6,56,4,66,0,7,92,4,103,124,0,124,227
03/01/2008,ALN,IL,AGL,CE,Federal Contract Tower,0,0,34,0,34,0,2,83,0,85,0,2,117,0,119,128,0,128,247
03/02/2008,ALN,IL,AGL,CE,Federal Contract Tower,0,1,22,0,23,0,0,20,0,20,0,1,42,0,43,34,0,34,77
03/03/2008,ALN,IL,AGL,CE,Federal Contract Tower,0,1,12,0,13,0,0,0,0,0,0,1,12,0,13,0,0,0,13
03/04/2008,ALN,IL,AGL,CE,Federal Contract Tower,0,0,1,0,1,0,0,0,0,0,0,0,1,0,1,0,0,0,1
03/05/2008,ALN,IL,AGL,CE,Federal Contract Tower,0,3,30,0,33,0,8,58,0,66,0,11,88,0,99,172,0,172,271
03/06/2008,ALN,IL,AGL,CE,Federal Contract Tower,0,0,40,0,40,0,0,62,0,62,0,0,102,0,102,198,0,198,300
03/07/2008,ALN,IL,AGL,CE,Federal Contract Tower,0,0,7,0,7,0,0,6,0,6,0,0,13,0,13,6,0,6,19
03/08/2008,ALN,IL,AGL,CE,Federal Contract Tower,0,1,29,0,30,0,2,79,3,84,0,3,108,3,114,166,0,166,280
03/09/2008,ALN,IL,AGL,CE,Federal Contract Tower,0,0,14,0,14,0,0,53,0,53,0,0,67,0,67,136,0,136,203
03/10/2008,ALN,IL,AGL,CE,Federal Contract Tower,0,1,40,0,41,0,5,67,0,72,0,6,107,0,113,188,0,188,301
03/11/2008,ALN,IL,AGL,CE,Federal Contract Tower,0,0,42,0,42,0,20,65,2,87,0,20,107,2,129,192,0,192,321
03/12/2008,ALN,IL,AGL,CE,Federal Contract Tower,0,5,38,0,43,0,6,99,0,105,0,11,137,0,148,286,0,286,434
03/13/2008,ALN,IL,AGL,CE,Federal Contract Tower,0,0,17,2,19,0,6,66,4,76,0,6,83,6,95,84,4,88,183
03/14/2008,ALN,IL,AGL,CE,Federal Contract Tower,0,0,25,1,26,0,0,51,0,51,0,0,76,1,77,122,0,122,199
03/15/2008,ALN,IL,AGL,CE,Federal Contract Tower,0,0,5,0,5,0,2,3,4,9,0,2,8,4,14,4,0,4,18
03/16/2008,ALN,IL,AGL,CE,Federal Contract Tower,0,0,15,0,15,0,0,42,0,42,0,0,57,0,57,122,0,122,179
03/17/2008,ALN,IL,AGL,CE,Federal Contract Tower,0,1,6,0,7,0,2,3,0,5,0,3,9,0,12,0,0,0,12
03/18/2008,ALN,IL,AGL,CE,Federal Contract Tower,0,5,4,0,9,0,0,0,0,0,0,5,4,0,9,0,0,0,9
03/19/2008,ALN,IL,AGL,CE,Federal Contract Tower,0,0,24,0,24,0,14,19,0,33,0,14,43,0,57,64,0,64,121
03/20/2008,ALN,IL,AGL,CE,Federal Contract Tower,0,1,27,3,31,0,14,144,0,158,0,15,171,3,189,256,6,262,451
03/21/2008,ALN,IL,AGL,CE,Federal Contract Tower,0,3,16,0,19,0,2,13,0,15,0,5,29,0,34,24,0,24,58
03/22/2008,ALN,IL,AGL,CE,Federal Contract Tower,0,0,8,0,8,0,0,60,0,60,0,0,68,0,68,222,0,222,290
03/23/2008,ALN,IL,AGL,CE,Federal Contract Tower,0,0,1,0,1,0,0,0,0,0,0,0,1,0,1,0,0,0,1
03/24/2008,ALN,IL,AGL,CE,Federal Contract Tower,0,2,34,0,36,0,6,97,0,103,0,8,131,0,139,248,0,248,387
03/25/2008,ALN,IL,AGL,CE,Federal Contract Tower,0,1,23,0,24,0,0,30,4,34,0,1,53,4,58,28,0,28,86
03/26/2008,ALN,IL,AGL,CE,Federal Contract Tower,0,2,27,0,29,0,0,55,0,55,0,2,82,0,84,126,0,126,210
03/27/2008,ALN,IL,AGL,CE,Federal Contract Tower,0,0,23,0,23,0,0,0,0,0,0,0,23,0,23,8,0,8,31
03/28/2008,ALN,IL,AGL,CE,Federal Contract Tower,0,2,22,0,24,0,4,29,0,33,0,6,51,0,57,102,0,102,159
03/29/2008,ALN,IL,AGL,CE,Federal Contract Tower,0,1,36,0,37,0,5,96,4,105,0,6,132,4,142,210,0,210,352
03/30/2008,ALN,IL,AGL,CE,Federal Contract Tower,0,2,5,0,7,0,0,2,0,2,0,2,7,0,9,4,0,4,13
03/31/2008,ALN,IL,AGL,CE,Federal Contract Tower,0,2,7,0,9,0,4,0,0,4,0,6,7,0,13,6,0,6,19
04/01/2008,ALN,IL,AGL,CE,Federal Contract Tower,0,0,16,0,16,0,16,44,1,61,0,16,60,1,77,70,0,70,147
04/02/2008,ALN,IL,AGL,CE,Federal Contract Tower,0,2,16,0,18,0,9,125,2,136,0,11,141,2,154,318,0,318,472
04/03/2008,ALN,IL,AGL,CE,Federal Contract Tower,0,0,10,0,10,0,0,0,0,0,0,0,10,0,10,0,0,0,10
04/04/2008,ALN,IL,AGL,CE,Federal Contract Tower,0,2,28,2,32,0,0,0,0,0,0,2,28,2,32,44,0,44,76
04/05/2008,ALN,IL,AGL,CE,Federal Contract Tower,0,0,35,0,35,0,0,115,0,115,0,0,150,0,150,214,0,214,364
04/06/2008,ALN,IL,AGL,CE,Federal Contract Tower,0,0,25,0,25,0,1,88,0,89,0,1,113,0,114,204,0,204,318
04/07/2008,ALN,IL,AGL,CE,Federal Contract Tower,0,0,23,0,23,0,0,99,0,99,0,0,122,0,122,244,0,244,366
04/08/2008,ALN,IL,AGL,CE,Federal Contract Tower,0,0,14,0,14,0,2,11,0,13,0,2,25,0,27,4,0,4,31
04/09/2008,ALN,IL,AGL,CE,Federal Contract Tower,0,0,32,0,32,0,2,87,0,89,0,2,119,0,121,324,0,324,445
04/10/2008,ALN,IL,AGL,CE,Federal Contract Tower,0,0,5,0,5,0,0,0,0,0,0,0,5,0,5,2,0,2,7
04/11/2008,ALN,IL,AGL,CE,Federal Contract Tower,0,0,8,0,8,0,0,4,0,4,0,0,12,0,12,0,0,0,12
04/12/2008,ALN,IL,AGL,CE,Federal Contract Tower,0,2,7,0,9,0,0,0,0,0,0,2,7,0,9,0,0,0,9
04/13/2008,ALN,IL,AGL,CE,Federal Contract Tower,0,0,5,0,5,0,2,8,0,10,0,2,13,0,15,2,0,2,17
04/14/2008,ALN,IL,AGL,CE,Federal Contract Tower,0,3,53,0,56,0,0,67,0,67,0,3,120,0,123,290,0,290,413
04/15/2008,ALN,IL,AGL,CE,Federal Contract Tower,0,6,35,0,41,0,1,86,0,87,0,7,121,0,128,270,0,270,398
04/16/2008,ALN,IL,AGL,CE,Federal Contract Tower,0,5,15,0,20,0,12,30,0,42,0,17,45,0,62,72,0,72,134
04/17/2008,ALN,IL,AGL,CE,Federal Contract Tower,0,1,18,2,21,0,7,54,0,61,0,8,72,2,82,94,2,96,178
04/18/2008,ALN,IL,AGL,CE,Federal Contract Tower,0,2,14,0,16,0,2,9,0,11,0,4,23,0,27,28,0,28,55
04/19/2008,ALN,IL,AGL,CE,Federal Contract Tower,0,3,19,0,22,0,0,11,0,11,0,3,30,0,33,34,0,34,67
04/20/2008,ALN,IL,AGL,CE,Federal Contract Tower,0,0,33,2,35,0,0,83,0,83,0,0,116,2,118,146,4,150,268
04/21/2008,ALN,IL,AGL,CE,Federal Contract Tower,0,0,40,5,45,0,0,80,0,80,0,0,120,5,125,168,14,182,307
04/22/2008,ALN,IL,AGL,CE,Federal Contract Tower,0,9,45,2,56,0,0,44,0,44,0,9,89,2,100,126,0,126,226
04/23/2008,ALN,IL,AGL,CE,Federal Contract Tower,0,0,25,0,25,0,0,112,0,112,0,0,137,0,137,166,0,166,303
04/24/2008,ALN,IL,AGL,CE,Federal Contract Tower,0,2,12,0,14,0,0,15,0,15,0,2,27,0,29,32,0,32,61
04/25/2008,ALN,IL,AGL,CE,Federal Contract Tower,0,2,11,1,14,0,1,20,0,21,0,3,31,1,35,22,2,24,59
04/26/2008,ALN,IL,AGL,CE,Federal Contract Tower,0,6,25,1,32,0,0,101,1,102,0,6,126,2,134,206,0,206,340
04/27/2008,ALN,IL,AGL,CE,Federal Contract Tower,0,0,25,0,25,0,3,38,0,41,0,3,63,0,66,54,0,54,120
04/28/2008,ALN,IL,AGL,CE,Federal Contract Tower,0,1,17,0,18,0,5,45,0,50,0,6,62,0,68,66,0,66,134
04/29/2008,ALN,IL,AGL,CE,Federal Contract Tower,0,0,56,0,56,0,9,101,2,112,0,9,157,2,168,248,4,252,420
04/30/2008,ALN,IL,AGL,CE,Federal Contract Tower,0,1,32,2,35,0,7,86,2,95,0,8,118,4,130,160,4,164,294
05/01/2008,ALN,IL,AGL,CE,Federal Contract Tower,0,0,12,0,12,0,0,9,0,9,0,0,21,0,21,0,0,0,21
05/02/2008,ALN,IL,AGL,CE,Federal Contract Tower,0,3,11,0,14,0,0,0,0,0,0,3,11,0,14,2,0,2,16
05/03/2008,ALN,IL,AGL,CE,Federal Contract Tower,0,0,10,0,10,0,0,14,0,14,0,0,24,0,24,6,0,6,30
05/04/2008,ALN,IL,AGL,CE,Federal Contract Tower,0,0,33,0,33,0,0,0,1,1,0,0,33,1,34,144,0,144,178
05/05/2008,ALN,IL,AGL,CE,Federal Contract Tower,0,2,59,1,62,0,6,71,0,77,0,8,130,1,139,202,4,206,345
05/06/2008,ALN,IL,AGL,CE,Federal Contract Tower,0,6,30,0,36,0,5,71,0,76,0,11,101,0,112,152,0,152,264
05/07/2008,ALN,IL,AGL,CE,Federal Contract Tower,0,5,19,0,24,0,1,16,0,17,0,6,35,0,41,34,0,34,75
05/08/2008,ALN,IL,AGL,CE,Federal Contract Tower,0,4,18,0,22,0,0,1,0,1,0,4,19,0,23,10,0,10,33
05/09/2008,ALN,IL,AGL,CE,Federal Contract Tower,0,0,51,0,51,0,2,12,0,14,0,2,63,0,65,34,0,34,99
05/10/2008,ALN,IL,AGL,CE,Federal Contract Tower,0,2,29,0,31,0,10,81,0,91,0,12,110,0,122,180,0,180,302
05/11/2008,ALN,IL,AGL,CE,Federal Contract Tower,0,0,4,0,4,0,0,1,0,1,0,0,5,0,5,0,0,0,5
05/12/2008,ALN,IL,AGL,CE,Federal Contract Tower,0,3,59,0,62,0,3,74,2,79,0,6,133,2,141,214,0,214,355
05/13/2008,ALN,IL,AGL,CE,Federal Contract Tower,0,0,13,0,13,0,3,11,0,14,0,3,24,0,27,2,0,2,29
05/14/2008,ALN,IL,AGL,CE,Federal Contract Tower,0,0,27,0,27,0,3,53,0,56,0,3,80,0,83,134,0,134,217
05/15/2008,ALN,IL,AGL,CE,Federal Contract Tower,0,2,10,0,12,0,5,10,0,15,0,7,20,0,27,42,0,42,69
05/16/2008,ALN,IL,AGL,CE,Federal Contract Tower,0,0,34,0,34,0,4,106,0,110,0,4,140,0,144,198,0,198,342
05/17/2008,ALN,IL,AGL,CE,Federal Contract Tower,0,0,22,0,22,0,0,60,0,60,0,0,82,0,82,130,0,130,212
05/18/2008,ALN,IL,AGL,CE,Federal Contract Tower,0,1,14,0,15,0,0,40,0,40,0,1,54,0,55,16,0,16,71
05/19/2008,ALN,IL,AGL,CE,Federal Contract Tower,0,4,26,0,30,0,6,68,0,74,0,10,94,0,104,218,0,218,322
05/20/2008,ALN,IL,AGL,CE,Federal Contract Tower,0,0,16,0,16,0,0,88,0,88,0,0,104,0,104,248,0,248,352
05/21/2008,ALN,IL,AGL,CE,Federal Contract Tower,0,4,55,3,62,0,1,97,0,98,0,5,152,3,160,238,0,238,398
05/22/2008,ALN,IL,AGL,CE,Federal Contract Tower,0,0,9,2,11,0,6,9,2,17,0,6,18,4,28,28,0,28,56
05/23/2008,ALN,IL,AGL,CE,Federal Contract Tower,0,3,32,0,35,0,0,31,0,31,0,3,63,0,66,120,0,120,186
05/24/2008,ALN,IL,AGL,CE,Federal Contract Tower,0,0,25,0,25,0,2,16,2,20,0,2,41,2,45,50,0,50,95
05/25/2008,ALN,IL,AGL,CE,Federal Contract Tower,0,0,12,0,12,0,0,3,0,3,0,0,15,0,15,8,0,8,23
05/26/2008,ALN,IL,AGL,CE,Federal Contract Tower,0,0,11,0,11,0,0,22,0,22,0,0,33,0,33,70,0,70,103
05/27/2008,ALN,IL,AGL,CE,Federal Contract Tower,0,5,7,0,12,0,2,18,0,20,0,7,25,0,32,44,0,44,76
05/28/2008,ALN,IL,AGL,CE,Federal Contract Tower,0,0,46,0,46,0,0,91,0,91,0,0,137,0,137,162,0,162,299
05/29/2008,ALN,IL,AGL,CE,Federal Contract Tower,0,0,42,0,42,0,0,89,0,89,0,0,131,0,131,228,0,228,359
05/30/2008,ALN,IL,AGL,CE,Federal Contract Tower,0,0,13,0,13,0,0,19,4,23,0,0,32,4,36,26,0,26,62
05/31/2008,ALN,IL,AGL,CE,Federal Contract Tower,0,0,18,0,18,0,0,60,17,77,0,0,78,17,95,134,10,144,239
06/01/2008,ALN,IL,AGL,CE,Federal Contract Tower,0,2,46,0,48,0,0,59,6,65,0,2,105,6,113,164,0,164,277
06/02/2008,ALN,IL,AGL,CE,Federal Contract Tower,0,0,45,0,45,0,1,50,0,51,0,1,95,0,96,114,0,114,210
06/03/2008,ALN,IL,AGL,CE,Federal Contract Tower,0,0,12,1,13,0,0,29,0,29,0,0,41,1,42,120,2,122,164
06/04/2008,ALN,IL,AGL,CE,Federal Contract Tower,0,0,9,1,10,0,2,25,0,27,0,2,34,1,37,54,12,66,103
06/05/2008,ALN,IL,AGL,CE,Federal Contract Tower,0,0,11,2,13,0,0,5,0,5,0,0,16,2,18,38,8,46,64
06/06/2008,ALN,IL,AGL,CE,Federal Contract Tower,0,0,8,0,8,0,2,8,0,10,0,2,16,0,18,0,0,0,18
06/07/2008,ALN,IL,AGL,CE,Federal Contract Tower,0,0,17,0,17,0,2,26,1,29,0,2,43,1,46,62,0,62,108
06/08/2008,ALN,IL,AGL,CE,Federal Contract Tower,0,0,23,0,23,0,0,30,0,30,0,0,53,0,53,58,0,58,111
06/09/2008,ALN,IL,AGL,CE,Federal Contract Tower,0,0,27,0,27,0,0,36,0,36,0,0,63,0,63,114,0,114,177
06/10/2008,ALN,IL,AGL,CE,Federal Contract Tower,0,0,43,0,43,0,4,74,0,78,0,4,117,0,121,182,0,182,303
06/11/2008,ALN,IL,AGL,CE,Federal Contract Tower,0,0,35,0,35,0,0,99,0,99,0,0,134,0,134,168,0,168,302
06/12/2008,ALN,IL,AGL,CE,Federal Contract Tower,0,0,33,0,33,0,2,46,0,48,0,2,79,0,81,74,0,74,155
06/13/2008,ALN,IL,AGL,CE,Federal Contract Tower,0,0,11,0,11,0,0,7,2,9,0,0,18,2,20,0,0,0,20
06/14/2008,ALN,IL,AGL,CE,Federal Contract Tower,0,0,33,4,37,0,0,91,1,92,0,0,124,5,129,150,14,164,293
06/15/2008,ALN,IL,AGL,CE,Federal Contract Tower,0,0,11,0,11,0,0,34,0,34,0,0,45,0,45,36,0,36,81
06/16/2008,ALN,IL,AGL,CE,Federal Contract Tower,0,3,26,7,36,0,5,51,1,57,0,8,77,8,93,190,30,220,313
06/17/2008,ALN,IL,AGL,CE,Federal Contract Tower,0,0,29,0,29,0,1,63,4,68,0,1,92,4,97,62,0,62,159
06/18/2008,ALN,IL,AGL,CE,Federal Contract Tower,2,3,30,0,35,0,0,93,0,93,2,3,123,0,128,186,0,186,314
06/19/2008,ALN,IL,AGL,CE,Federal Contract Tower,0,2,33,1,36,0,8,69,9,86,0,10,102,10,122,162,10,172,294
06/20/2008,ALN,IL,AGL,CE,Federal Contract Tower,0,2,37,1,40,0,10,37,20,67,0,12,74,21,107,152,0,152,259
06/21/2008,ALN,IL,AGL,CE,Federal Contract Tower,0,0,23,1,24,0,0,54,4,58,0,0,77,5,82,70,0,70,152
06/22/2008,ALN,IL,AGL,CE,Federal Contract Tower,0,0,19,1,20,0,0,12,2,14,0,0,31,3,34,8,0,8,42
06/23/2008,ALN,IL,AGL,CE,Federal Contract Tower,0,7,51,0,58,0,5,80,4,89,0,12,131,4,147,190,14,204,351
06/24/2008,ALN,IL,AGL,CE,Federal Contract Tower,0,2,27,0,29,0,8,71,0,79,0,10,98,0,108,156,0,156,264
06/25/2008,ALN,IL,AGL,CE,Federal Contract Tower,0,3,35,0,38,0,10,85,0,95,0,13,120,0,133,206,0,206,339
06/26/2008,ALN,IL,AGL,CE,Federal Contract Tower,0,2,33,0,35,0,3,71,8,82,0,5,104,8,117,132,0,132,249
06/27/2008,ALN,IL,AGL,CE,Federal Contract Tower,0,4,21,0,25,0,0,10,0,10,0,4,31,0,35,92,0,92,127
06/28/2008,ALN,IL,AGL,CE,Federal Contract Tower,0,0,20,0,20,0,2,44,0,46,0,2,64,0,66,68,0,68,134
06/29/2008,ALN,IL,AGL,CE,Federal Contract Tower,0,0,32,0,32,0,0,22,0,22,0,0,54,0,54,28,0,28,82
06/30/2008,ALN,IL,AGL,CE,Federal Contract Tower,0,0,34,0,34,0,0,82,0,82,0,0,116,0,116,216,0,216,332
07/01/2008,ALN,IL,AGL,CE,Federal Contract Tower,0,2,34,0,36,0,1,97,0,98,0,3,131,0,134,202,0,202,336
07/02/2008,ALN,IL,AGL,CE,Federal Contract Tower,0,3,21,0,24,0,0,25,0,25,0,3,46,0,49,88,0,88,137
07/03/2008,ALN,IL,AGL,CE,Federal Contract Tower,0,3,27,0,30,0,0,20,0,20,0,3,47,0,50,64,0,64,114
07/04/2008,ALN,IL,AGL,CE,Federal Contract Tower,0,2,13,0,15,0,0,25,2,27,0,2,38,2,42,116,0,116,158
07/05/2008,ALN,IL,AGL,CE,Federal Contract Tower,0,0,14,0,14,0,0,38,0,38,0,0,52,0,52,84,0,84,136
07/06/2008,ALN,IL,AGL,CE,Federal Contract Tower,0,4,27,0,31,0,0,51,0,51,0,4,78,0,82,84,0,84,166
07/07/2008,ALN,IL,AGL,CE,Federal Contract Tower,0,6,33,2,41,0,0,41,0,41,0,6,74,2,82,104,2,106,188
07/08/2008,ALN,IL,AGL,CE,Federal Contract Tower,0,0,32,0,32,0,2,24,0,26,0,2,56,0,58,56,0,56,114
07/09/2008,ALN,IL,AGL,CE,Federal Contract Tower,0,0,48,0,48,0,4,86,1,91,0,4,134,1,139,156,4,160,299
07/10/2008,ALN,IL,AGL,CE,Federal Contract Tower,0,0,41,0,41,0,2,101,2,105,0,2,142,2,146,154,0,154,300
07/11/2008,ALN,IL,AGL,CE,Federal Contract Tower,0,2,20,0,22,0,0,46,0,46,0,2,66,0,68,100,0,100,168
07/12/2008,ALN,IL,AGL,CE,Federal Contract Tower,0,0,18,0,18,0,4,28,1,33,0,4,46,1,51,128,0,128,179
07/13/2008,ALN,IL,AGL,CE,Federal Contract Tower,0,0,8,0,8,0,0,39,2,41,0,0,47,2,49,66,0,66,115
07/14/2008,ALN,IL,AGL,CE,Federal Contract Tower,0,5,21,6,32,0,0,78,0,78,0,5,99,6,110,136,22,158,268
07/15/2008,ALN,IL,AGL,CE,Federal Contract Tower,0,2,33,2,37,0,0,80,0,80,0,2,113,2,117,170,2,172,289
07/16/2008,ALN,IL,AGL,CE,Federal Contract Tower,0,5,37,5,47,0,0,123,0,123,0,5,160,5,170,206,24,230,400
07/17/2008,ALN,IL,AGL,CE,Federal Contract Tower,0,0,28,8,36,0,0,94,14,108,0,0,122,22,144,234,18,252,396
07/18/2008,ALN,IL,AGL,CE,Federal Contract Tower,0,2,24,0,26,0,0,84,1,85,0,2,108,1,111,202,0,202,313
07/19/2008,ALN,IL,AGL,CE,Federal Contract Tower,0,1,31,0,32,0,0,52,0,52,0,1,83,0,84,110,0,110,194
07/20/2008,ALN,IL,AGL,CE,Federal Contract Tower,0,0,21,0,21,0,0,57,0,57,0,0,78,0,78,146,0,146,224
07/21/2008,ALN,IL,AGL,CE,Federal Contract Tower,0,2,17,0,19,0,0,47,4,51,0,2,64,4,70,72,0,72,142
07/22/2008,ALN,IL,AGL,CE,Federal Contract Tower,0,1,25,1,27,0,0,58,1,59,0,1,83,2,86,174,0,174,260
07/23/2008,ALN,IL,AGL,CE,Federal Contract Tower,0,4,20,4,28,0,1,91,4,96,0,5,111,8,124,146,24,170,294
07/24/2008,ALN,IL,AGL,CE,Federal Contract Tower,0,4,20,4,28,0,0,19,0,19,0,4,39,4,47,10,10,20,67
07/25/2008,ALN,IL,AGL,CE,Federal Contract Tower,0,1,17,0,18,0,0,33,0,33,0,1,50,0,51,80,0,80,131
07/26/2008,ALN,IL,AGL,CE,Federal Contract Tower,0,0,33,0,33,0,0,46,0,46,0,0,79,0,79,148,0,148,227
07/27/2008,ALN,IL,AGL,CE,Federal Contract Tower,0,0,32,0,32,0,0,52,0,52,0,0,84,0,84,60,0,60,144
07/28/2008,ALN,IL,AGL,CE,Federal Contract Tower,0,4,31,4,39,0,2,69,2,73,0,6,100,6,112,155,22,177,289
07/29/2008,ALN,IL,AGL,CE,Federal Contract Tower,0,7,28,4,39,0,0,52,0,52,0,7,80,4,91,144,26,170,261
07/30/2008,ALN,IL,AGL,CE,Federal Contract Tower,0,0,23,0,23,0,0,7,0,7,0,0,30,0,30,4,0,4,34
07/31/2008,ALN,IL,AGL,CE,Federal Contract Tower,0,0,59,0,59,0,0,37,0,37,0,0,96,0,96,114,0,114,210
08/01/2008,ALN,IL,AGL,CE,Federal Contract Tower,0,0,35,0,35,0,0,59,0,59,0,0,94,0,94,158,0,158,252
08/02/2008,ALN,IL,AGL,CE,Federal Contract Tower,0,1,13,0,14,0,0,64,0,64,0,1,77,0,78,62,0,62,140
08/03/2008,ALN,IL,AGL,CE,Federal Contract Tower,0,0,14,0,14,0,0,24,0,24,0,0,38,0,38,72,0,72,110
08/04/2008,ALN,IL,AGL,CE,Federal Contract Tower,0,3,27,4,34,0,0,56,0,56,0,3,83,4,90,130,24,154,244
08/05/2008,ALN,IL,AGL,CE,Federal Contract Tower,0,5,35,4,44,0,0,58,0,58,0,5,93,4,102,90,22,112,214
08/06/2008,ALN,IL,AGL,CE,Federal Contract Tower,0,0,21,0,21,0,2,28,0,30,0,2,49,0,51,24,0,24,75
08/07/2008,ALN,IL,AGL,CE,Federal Contract Tower,0,0,20,4,24,0,1,67,0,68,0,1,87,4,92,164,12,176,268
08/08/2008,ALN,IL,AGL,CE,Federal Contract Tower,0,0,18,0,18,0,0,74,0,74,0,0,92,0,92,148,0,148,240
08/09/2008,ALN,IL,AGL,CE,Federal Contract Tower,0,0,32,0,32,0,0,73,0,73,0,0,105,0,105,156,0,156,261
08/10/2008,ALN,IL,AGL,CE,Federal Contract Tower,0,2,25,0,27,0,0,43,0,43,0,2,68,0,70,112,0,112,182
08/11/2008,ALN,IL,AGL,CE,Federal Contract Tower,0,8,25,6,39,0,0,103,0,103,0,8,128,6,142,148,22,170,312
08/12/2008,ALN,IL,AGL,CE,Federal Contract Tower,0,0,26,0,26,0,68,0,0,68,0,68,26,0,94,182,0,182,276
08/13/2008,ALN,IL,AGL,CE,Federal Contract Tower,0,0,10,0,10,0,0,56,4,60,0,0,66,4,70,168,0,168,238
08/14/2008,ALN,IL,AGL,CE,Federal Contract Tower,0,0,31,0,31,0,0,53,0,53,0,0,84,0,84,148,0,148,232
08/15/2008,ALN,IL,AGL,CE,Federal Contract Tower,0,4,29,5,38,0,0,64,0,64,0,4,93,5,102,136,30,166,268
08/16/2008,ALN,IL,AGL,CE,Federal Contract Tower,0,2,18,1,21,0,0,59,0,59,0,2,77,1,80,130,0,130,210
08/17/2008,ALN,IL,AGL,CE,Federal Contract Tower,0,0,25,0,25,0,0,51,17,68,0,0,76,17,93,64,0,64,157
08/18/2008,ALN,IL,AGL,CE,Federal Contract Tower,0,6,28,4,38,0,0,86,0,86,0,6,114,4,124,174,20,194,318
08/19/2008,ALN,IL,AGL,CE,Federal Contract Tower,0,1,28,0,29,0,2,69,0,71,0,3,97,0,100,168,0,168,268
08/20/2008,ALN,IL,AGL,CE,Federal Contract Tower,0,11,37,0,48,0,0,43,0,43,0,11,80,0,91,172,0,172,263
08/21/2008,ALN,IL,AGL,CE,Federal Contract Tower,0,0,30,0,30,0,0,2,0,2,0,0,32,0,32,12,0,12,44
08/22/2008,ALN,IL,AGL,CE,Federal Contract Tower,0,5,29,0,34,0,3,22,0,25,0,8,51,0,59,68,0,68,127
08/23/2008,ALN,IL,AGL,CE,Federal Contract Tower,0,0,19,0,19,0,0,28,0,28,0,0,47,0,47,58,0,58,105
08/24/2008,ALN,IL,AGL,CE,Federal Contract Tower,0,0,31,2,33,0,0,66,0,66,0,0,97,2,99,52,0,52,151
08/25/2008,ALN,IL,AGL,CE,Federal Contract Tower,0,0,27,5,32,0,0,91,0,91,0,0,118,5,123,170,22,192,315
08/26/2008,ALN,IL,AGL,CE,Federal Contract Tower,0,1,38,0,39,0,0,67,0,67,0,1,105,0,106,190,0,190,296
08/27/2008,ALN,IL,AGL,CE,Federal Contract Tower,0,0,31,0,31,0,0,40,0,40,0,0,71,0,71,134,0,134,205
08/28/2008,ALN,IL,AGL,CE,Federal Contract Tower,0,2,24,0,26,0,0,41,0,41,0,2,65,0,67,126,0,126,193
08/29/2008,ALN,IL,AGL,CE,Federal Contract Tower,0,0,23,0,23,0,0,22,4,26,0,0,45,4,49,36,0,36,85
08/30/2008,ALN,IL,AGL,CE,Federal Contract Tower,0,1,14,0,15,0,0,45,1,46,0,1,59,1,61,76,0,76,137
08/31/2008,ALN,IL,AGL,CE,Federal Contract Tower,0,0,12,0,12,0,0,32,0,32,0,0,44,0,44,108,0,108,152
09/01/2008,ALN,IL,AGL,CE,Federal Contract Tower,0,0,15,0,15,0,0,65,0,65,0,0,80,0,80,144,0,144,224
09/02/2008,ALN,IL,AGL,CE,Federal Contract Tower,0,5,23,4,32,0,2,71,0,73,0,7,94,4,105,130,22,152,257
09/03/2008,ALN,IL,AGL,CE,Federal Contract Tower,0,0,8,0,8,0,0,0,0,0,0,0,8,0,8,4,0,4,12
09/04/2008,ALN,IL,AGL,CE,Federal Contract Tower,0,0,8,0,8,0,0,0,0,0,0,0,8,0,8,0,0,0,8
09/05/2008,ALN,IL,AGL,CE,Federal Contract Tower,0,1,26,0,27,0,0,16,0,16,0,1,42,0,43,26,0,26,69
09/06/2008,ALN,IL,AGL,CE,Federal Contract Tower,0,0,21,0,21,0,0,83,3,86,0,0,104,3,107,196,0,196,303
09/07/2008,ALN,IL,AGL,CE,Federal Contract Tower,0,0,27,0,27,0,0,20,0,20,0,0,47,0,47,86,0,86,133
09/08/2008,ALN,IL,AGL,CE,Federal Contract Tower,0,0,1,0,1,0,0,51,0,51,0,0,52,0,52,142,0,142,194
09/09/2008,ALN,IL,AGL,CE,Federal Contract Tower,0,1,16,0,17,0,0,73,0,73,0,1,89,0,90,130,0,130,220
09/10/2008,ALN,IL,AGL,CE,Federal Contract Tower,0,3,34,0,37,0,0,92,0,92,0,3,126,0,129,200,0,200,329
09/11/2008,ALN,IL,AGL,CE,Federal Contract Tower,0,3,34,0,37,0,0,61,0,61,0,3,95,0,98,114,0,114,212
09/12/2008,ALN,IL,AGL,CE,Federal Contract Tower,0,0,15,2,17,0,0,5,0,5,0,0,20,2,22,44,10,54,76
09/13/2008,ALN,IL,AGL,CE,Federal Contract Tower,0,0,13,0,13,0,0,6,3,9,0,0,19,3,22,12,0,12,34
09/14/2008,ALN,IL,AGL,CE,Federal Contract Tower,0,2,0,0,2,0,0,0,0,0,0,2,0,0,2,0,0,0,2
09/15/2008,ALN,IL,AGL,CE,Federal Contract Tower,0,2,43,4,49,0,0,39,0,39,0,2,82,4,88,246,0,246,334
09/16/2008,ALN,IL,AGL,CE,Federal Contract Tower,0,0,31,0,31,0,1,51,0,52,0,1,82,0,83,88,0,88,171
09/17/2008,ALN,IL,AGL,CE,Federal Contract Tower,0,1,26,0,27,0,2,92,2,96,0,3,118,2,123,150,0,150,273
09/18/2008,ALN,IL,AGL,CE,Federal Contract Tower,0,1,24,1,26,0,0,88,4,92,0,1,112,5,118,162,18,180,298
09/19/2008,ALN,IL,AGL,CE,Federal Contract Tower,0,4,32,0,36,0,0,73,1,74,0,4,105,1,110,156,0,156,266
09/20/2008,ALN,IL,AGL,CE,Federal Contract Tower,0,0,12,0,12,0,0,15,0,15,0,0,27,0,27,82,0,82,109
09/21/2008,ALN,IL,AGL,CE,Federal Contract Tower,0,0,22,0,22,0,0,28,1,29,0,0,50,1,51,120,0,120,171
09/22/2008,ALN,IL,AGL,CE,Federal Contract Tower,0,5,22,4,31,0,0,98,0,98,0,5,120,4,129,174,22,196,325
09/23/2008,ALN,IL,AGL,CE,Federal Contract Tower,0,2,31,0,33,0,0,53,0,53,0,2,84,0,86,148,0,148,234
09/24/2008,ALN,IL,AGL,CE,Federal Contract Tower,0,2,48,0,50,0,0,61,5,66,0,2,109,5,116,112,0,112,228
09/25/2008,ALN,IL,AGL,CE,Federal Contract Tower,0,4,28,7,39,0,0,104,0,104,0,4,132,7,143,224,22,246,389
09/26/2008,ALN,IL,AGL,CE,Federal Contract Tower,0,0,38,0,38,0,0,65,0,65,0,0,103,0,103,130,0,130,233
09/27/2008,ALN,IL,AGL,CE,Federal Contract Tower,0,0,16,1,17,0,0,161,2,163,0,0,177,3,180,164,0,164,344
09/28/2008,ALN,IL,AGL,CE,Federal Contract Tower,0,0,6,0,6,0,0,415,0,415,0,0,421,0,421,8,0,8,429
09/29/2008,ALN,IL,AGL,CE,Federal Contract Tower,0,3,21,1,25,0,0,7,0,7,0,3,28,1,32,46,4,50,82
09/30/2008,ALN,IL,AGL,CE,Federal Contract Tower,0,5,19,5,29,0,0,73,0,73,0,5,92,5,102,108,22,130,232
10/01/2008,ALN,IL,AGL,CE,Federal Contract Tower,0,3,17,0,20,0,16,57,0,73,0,19,74,0,93,148,0,148,241
10/02/2008,ALN,IL,AGL,CE,Federal Contract Tower,0,5,28,0,33,0,0,94,0,94,0,5,122,0,127,184,0,184,311
10/03/2008,ALN,IL,AGL,CE,Federal Contract Tower,0,2,22,0,24,0,0,53,6,59,0,2,75,6,83,100,0,100,183
10/04/2008,ALN,IL,AGL,CE,Federal Contract Tower,0,0,20,0,20,0,0,73,0,73,0,0,93,0,93,106,0,106,199
10/05/2008,ALN,IL,AGL,CE,Federal Contract Tower,0,2,43,0,45,0,0,71,0,71,0,2,114,0,116,156,0,156,272
10/06/2008,ALN,IL,AGL,CE,Federal Contract Tower,0,5,32,3,40,0,0,90,0,90,0,5,122,3,130,224,8,232,362
10/07/2008,ALN,IL,AGL,CE,Federal Contract Tower,0,0,3,0,3,0,0,0,0,0,0,0,3,0,3,0,0,0,3
10/08/2008,ALN,IL,AGL,CE,Federal Contract Tower,0,1,24,0,25,0,0,62,0,62,0,1,86,0,87,176,0,176,263
10/09/2008,ALN,IL,AGL,CE,Federal Contract Tower,0,0,34,5,39,0,0,85,0,85,0,0,119,5,124,206,6,212,336
10/10/2008,ALN,IL,AGL,CE,Federal Contract Tower,0,0,33,1,34,0,0,78,2,80,0,0,111,3,114,156,6,162,276
10/11/2008,ALN,IL,AGL,CE,Federal Contract Tower,0,0,33,0,33,0,0,66,0,66,0,0,99,0,99,82,0,82,181
10/12/2008,ALN,IL,AGL,CE,Federal Contract Tower,0,0,37,0,37,0,0,47,0,47,0,0,84,0,84,120,0,120,204
10/13/2008,ALN,IL,AGL,CE,Federal Contract Tower,0,0,28,0,28,0,0,40,0,40,0,0,68,0,68,86,0,86,154
10/14/2008,ALN,IL,AGL,CE,Federal Contract Tower,0,0,34,0,34,0,0,14,0,14,0,0,48,0,48,78,0,78,126
10/15/2008,ALN,IL,AGL,CE,Federal Contract Tower,0,1,20,0,21,0,0,18,0,18,0,1,38,0,39,64,0,64,103
10/16/2008,ALN,IL,AGL,CE,Federal Contract Tower,0,0,32,0,32,0,1,69,0,70,0,1,101,0,102,210,0,210,312
10/17/2008,ALN,IL,AGL,CE,Federal Contract Tower,0,2,27,0,29,0,0,71,0,71,0,2,98,0,100,160,0,160,260
10/18/2008,ALN,IL,AGL,CE,Federal Contract Tower,0,0,17,0,17,0,2,61,0,63,0,2,78,0,80,96,0,96,176
10/19/2008,ALN,IL,AGL,CE,Federal Contract Tower,0,1,13,0,14,0,0,35,0,35,0,1,48,0,49,18,0,18,67
10/20/2008,ALN,IL,AGL,CE,Federal Contract Tower,0,7,26,0,33,0,0,87,0,87,0,7,113,0,120,162,0,162,282
10/21/2008,ALN,IL,AGL,CE,Federal Contract Tower,0,1,30,0,31,0,0,71,0,71,0,1,101,0,102,154,0,154,256
10/22/2008,ALN,IL,AGL,CE,Federal Contract Tower,0,0,14,2,16,0,0,31,0,31,0,0,45,2,47,42,2,44,91
10/23/2008,ALN,IL,AGL,CE,Federal Contract Tower,0,2,27,0,29,0,0,5,0,5,0,2,32,0,34,16,0,16,50
10/24/2008,ALN,IL,AGL,CE,Federal Contract Tower,0,1,22,0,23,0,0,11,0,11,0,1,33,0,34,24,0,24,58
10/25/2008,ALN,IL,AGL,CE,Federal Contract Tower,0,0,21,0,21,0,0,33,0,33,0,0,54,0,54,34,0,34,88
10/26/2008,ALN,IL,AGL,CE,Federal Contract Tower,0,0,4,0,4,0,0,18,0,18,0,0,22,0,22,28,0,28,50
10/27/2008,ALN,IL,AGL,CE,Federal Contract Tower,0,2,15,0,17,0,0,16,0,16,0,2,31,0,33,36,0,36,69
10/28/2008,ALN,IL,AGL,CE,Federal Contract Tower,0,1,26,2,29,0,0,77,0,77,0,1,103,2,106,192,2,194,300
10/29/2008,ALN,IL,AGL,CE,Federal Contract Tower,0,3,26,1,30,0,2,88,0,90,0,5,114,1,120,168,4,172,292
10/30/2008,ALN,IL,AGL,CE,Federal Contract Tower,0,0,20,0,20,0,0,84,0,84,0,0,104,0,104,142,0,142,246
10/31/2008,ALN,IL,AGL,CE,Federal Contract Tower,0,1,33,0,34,0,0,93,1,94,0,1,126,1,128,140,0,140,268
11/01/2008,ALN,IL,AGL,CE,Federal Contract Tower,0,0,20,0,20,0,2,66,0,68,0,2,86,0,88,76,0,76,164
11/02/2008,ALN,IL,AGL,CE,Federal Contract Tower,0,0,26,0,26,0,0,43,0,43,0,0,69,0,69,42,2,44,113
11/03/2008,ALN,IL,AGL,CE,Federal Contract Tower,0,5,21,2,28,0,0,77,0,77,0,5,98,2,105,126,10,136,241
11/04/2008,ALN,IL,AGL,CE,Federal Contract Tower,0,2,19,1,22,0,0,59,0,59,0,2,78,1,81,92,6,98,179
11/05/2008,ALN,IL,AGL,CE,Federal Contract Tower,0,0,21,0,21,0,0,35,0,35,0,0,56,0,56,52,0,52,108
11/06/2008,ALN,IL,AGL,CE,Federal Contract Tower,0,1,4,0,5,0,2,9,0,11,0,3,13,0,16,8,0,8,24
11/07/2008,ALN,IL,AGL,CE,Federal Contract Tower,0,0,14,0,14,0,0,20,0,20,0,0,34,0,34,16,0,16,50
11/08/2008,ALN,IL,AGL,CE,Federal Contract Tower,0,0,13,0,13,0,0,12,0,12,0,0,25,0,25,18,0,18,43
11/09/2008,ALN,IL,AGL,CE,Federal Contract Tower,0,0,5,0,5,0,0,21,0,21,0,0,26,0,26,48,0,48,74
11/10/2008,ALN,IL,AGL,CE,Federal Contract Tower,0,8,37,4,49,0,0,70,0,70,0,8,107,4,119,158,22,180,299
11/11/2008,ALN,IL,AGL,CE,Federal Contract Tower,0,0,5,0,5,0,2,0,0,2,0,2,5,0,7,0,0,0,7
11/12/2008,ALN,IL,AGL,CE,Federal Contract Tower,0,5,45,0,50,0,0,19,0,19,0,5,64,0,69,84,0,84,153
11/13/2008,ALN,IL,AGL,CE,Federal Contract Tower,0,0,45,4,49,0,0,62,18,80,0,0,107,22,129,128,0,128,257
11/14/2008,ALN,IL,AGL,CE,Federal Contract Tower,0,2,29,0,31,0,0,2,0,2,0,2,31,0,33,16,0,16,49
11/15/2008,ALN,IL,AGL,CE,Federal Contract Tower,0,0,11,0,11,0,0,0,0,0,0,0,11,0,11,24,0,24,35
11/16/2008,ALN,IL,AGL,CE,Federal Contract Tower,0,0,52,0,52,0,0,43,4,47,0,0,95,4,99,90,0,90,189
11/17/2008,ALN,IL,AGL,CE,Federal Contract Tower,0,2,43,0,45,0,0,46,0,46,0,2,89,0,91,100,0,100,191
11/18/2008,ALN,IL,AGL,CE,Federal Contract Tower,0,8,36,0,44,0,4,68,0,72,0,12,104,0,116,96,0,96,212
11/19/2008,ALN,IL,AGL,CE,Federal Contract Tower,0,3,39,0,42,0,1,38,0,39,0,4,77,0,81,106,0,106,187
11/20/2008,ALN,IL,AGL,CE,Federal Contract Tower,0,4,37,0,41,0,0,21,0,21,0,4,58,0,62,42,0,42,104
11/21/2008,ALN,IL,AGL,CE,Federal Contract Tower,0,1,44,0,45,0,0,55,0,55,0,1,99,0,100,120,0,120,220
11/22/2008,ALN,IL,AGL,CE,Federal Contract Tower,0,0,36,0,36,0,0,48,2,50,0,0,84,2,86,108,0,108,194
11/23/2008,ALN,IL,AGL,CE,Federal Contract Tower,0,2,39,0,41,0,0,41,0,41,0,2,80,0,82,86,0,86,168
11/24/2008,ALN,IL,AGL,CE,Federal Contract Tower,0,5,29,4,38,0,1,12,0,13,0,6,41,4,51,16,10,26,77
11/25/2008,ALN,IL,AGL,CE,Federal Contract Tower,0,0,55,4,59,0,0,44,2,46,0,0,99,6,105,100,16,116,221
11/26/2008,ALN,IL,AGL,CE,Federal Contract Tower,0,0,31,1,32,0,0,52,0,52,0,0,83,1,84,78,2,80,164
11/27/2008,ALN,IL,AGL,CE,Federal Contract Tower,0,0,3,0,3,0,0,11,0,11,0,0,14,0,14,4,0,4,18
11/28/2008,ALN,IL,AGL,CE,Federal Contract Tower,0,0,21,0,21,0,0,42,3,45,0,0,63,3,66,48,0,48,114
11/29/2008,ALN,IL,AGL,CE,Federal Contract Tower,0,0,14,0,14,0,0,48,0,48,0,0,62,0,62,30,0,30,92
11/30/2008,ALN,IL,AGL,CE,Federal Contract Tower,0,0,6,0,6,0,0,0,0,0,0,0,6,0,6,0,0,0,6
12/01/2008,ALN,IL,AGL,CE,Federal Contract Tower,0,0,6,0,6,0,0,13,0,13,0,0,19,0,19,4,0,4,23
12/02/2008,ALN,IL,AGL,CE,Federal Contract Tower,0,2,32,0,34,0,4,57,2,63,0,6,89,2,97,182,8,190,287
12/03/2008,ALN,IL,AGL,CE,Federal Contract Tower,0,0,15,0,15,0,0,17,0,17,0,0,32,0,32,36,0,36,68
12/04/2008,ALN,IL,AGL,CE,Federal Contract Tower,0,3,23,2,28,0,1,48,0,49,0,4,71,2,77,90,14,104,181
12/05/2008,ALN,IL,AGL,CE,Federal Contract Tower,0,1,29,0,30,0,0,43,0,43,0,1,72,0,73,94,0,94,167
12/06/2008,ALN,IL,AGL,CE,Federal Contract Tower,0,0,18,0,18,0,0,27,0,27,0,0,45,0,45,54,0,54,99
12/07/2008,ALN,IL,AGL,CE,Federal Contract Tower,0,2,19,0,21,0,0,31,0,31,0,2,50,0,52,94,0,94,146
12/08/2008,ALN,IL,AGL,CE,Federal Contract Tower,0,0,27,0,27,0,0,46,0,46,0,0,73,0,73,86,0,86,159
12/09/2008,ALN,IL,AGL,CE,Federal Contract Tower,0,1,16,0,17,0,0,2,0,2,0,1,18,0,19,14,0,14,33
12/10/2008,ALN,IL,AGL,CE,Federal Contract Tower,0,0,37,0,37,0,0,39,0,39,0,0,76,0,76,86,0,86,162
12/11/2008,ALN,IL,AGL,CE,Federal Contract Tower,0,0,39,0,39,0,0,66,0,66,0,0,105,0,105,100,0,100,205
12/12/2008,ALN,IL,AGL,CE,Federal Contract Tower,0,2,21,0,23,0,0,40,0,40,0,2,61,0,63,90,0,90,153
12/13/2008,ALN,IL,AGL,CE,Federal Contract Tower,0,0,6,0,6,0,0,6,1,7,0,0,12,1,13,12,0,12,25
12/14/2008,ALN,IL,AGL,CE,Federal Contract Tower,0,0,9,0,9,0,0,3,0,3,0,0,12,0,12,18,0,18,30
12/15/2008,ALN,IL,AGL,CE,Federal Contract Tower,0,0,11,0,11,0,0,8,0,8,0,0,19,0,19,0,0,0,19
12/16/2008,ALN,IL,AGL,CE,Federal Contract Tower,0,0,11,0,11,0,0,1,0,1,0,0,12,0,12,0,0,0,12
12/17/2008,ALN,IL,AGL,CE,Federal Contract Tower,0,0,20,0,20,0,0,2,0,2,0,0,22,0,22,0,0,0,22
12/18/2008,ALN,IL,AGL,CE,Federal Contract Tower,0,0,3,0,3,0,0,1,0,1,0,0,4,0,4,0,0,0,4
12/19/2008,ALN,IL,AGL,CE,Federal Contract Tower,0,0,12,0,12,0,0,11,0,11,0,0,23,0,23,0,0,0,23
12/20/2008,ALN,IL,AGL,CE,Federal Contract Tower,0,0,15,0,15,0,0,13,4,17,0,0,28,4,32,56,0,56,88
12/21/2008,ALN,IL,AGL,CE,Federal Contract Tower,0,0,4,0,4,0,0,0,0,0,0,0,4,0,4,2,0,2,6
12/22/2008,ALN,IL,AGL,CE,Federal Contract Tower,0,6,36,1,43,0,0,49,1,50,0,6,85,2,93,150,4,154,247
12/23/2008,ALN,IL,AGL,CE,Federal Contract Tower,0,0,3,0,3,0,0,0,0,0,0,0,3,0,3,0,0,0,3
12/24/2008,ALN,IL,AGL,CE,Federal Contract Tower,0,0,11,0,11,0,0,0,0,0,0,0,11,0,11,18,0,18,29
12/25/2008,ALN,IL,AGL,CE,Federal Contract Tower,0,0,0,0,0,0,0,2,0,2,0,0,2,0,2,2,0,2,4
12/26/2008,ALN,IL,AGL,CE,Federal Contract Tower,0,0,10,0,10,0,0,0,0,0,0,0,10,0,10,8,0,8,18
12/27/2008,ALN,IL,AGL,CE,Federal Contract Tower,0,0,2,0,2,0,0,0,0,0,0,0,2,0,2,0,0,0,2
12/28/2008,ALN,IL,AGL,CE,Federal Contract Tower,0,2,18,0,20,0,1,50,0,51,0,3,68,0,71,102,0,102,173
12/29/2008,ALN,IL,AGL,CE,Federal Contract Tower,0,6,32,0,38,0,1,73,0,74,0,7,105,0,112,204,0,204,316
12/30/2008,ALN,IL,AGL,CE,Federal Contract Tower,0,3,21,0,24,0,0,31,0,31,0,3,52,0,55,72,0,72,127
12/31/2008,ALN,IL,AGL,CE,Federal Contract Tower,0,0,23,0,23,0,0,41,0,41,0,0,64,0,64,70,0,70,134
01/01/2009,ALN,IL,AGL,CE,Federal Contract Tower,0,0,7,0,7,0,0,17,0,17,0,0,24,0,24,34,0,34,58
01/02/2009,ALN,IL,AGL,CE,Federal Contract Tower,0,2,18,3,23,0,0,73,2,75,0,2,91,5,98,152,10,162,260
01/03/2009,ALN,IL,AGL,CE,Federal Contract Tower,0,0,7,0,7,0,0,0,0,0,0,0,7,0,7,10,0,10,17
01/04/2009,ALN,IL,AGL,CE,Federal Contract Tower,0,2,17,0,19,0,0,8,0,8,0,2,25,0,27,56,0,56,83
01/05/2009,ALN,IL,AGL,CE,Federal Contract Tower,0,8,53,0,61,0,0,57,0,57,0,8,110,0,118,166,0,166,284
01/06/2009,ALN,IL,AGL,CE,Federal Contract Tower,0,0,2,0,2,0,0,0,0,0,0,0,2,0,2,0,0,0,2
01/07/2009,ALN,IL,AGL,CE,Federal Contract Tower,0,2,21,0,23,0,1,12,0,13,0,3,33,0,36,22,0,22,58
01/08/2009,ALN,IL,AGL,CE,Federal Contract Tower,0,8,59,0,67,0,4,57,0,61,0,12,116,0,128,180,0,180,308
01/09/2009,ALN,IL,AGL,CE,Federal Contract Tower,0,0,29,0,29,0,0,60,0,60,0,0,89,0,89,100,0,100,189
01/10/2009,ALN,IL,AGL,CE,Federal Contract Tower,0,0,1,0,1,0,0,0,0,0,0,0,1,0,1,0,0,0,1
01/11/2009,ALN,IL,AGL,CE,Federal Contract Tower,0,0,21,0,21,0,0,42,2,44,0,0,63,2,65,124,4,128,193
01/12/2009,ALN,IL,AGL,CE,Federal Contract Tower,0,0,42,0,42,0,0,9,0,9,0,0,51,0,51,36,0,36,87
01/13/2009,ALN,IL,AGL,CE,Federal Contract Tower,0,0,30,0,30,0,0,20,0,20,0,0,50,0,50,38,0,38,88
01/14/2009,ALN,IL,AGL,CE,Federal Contract Tower,0,0,15,0,15,0,0,4,0,4,0,0,19,0,19,10,0,10,29
01/15/2009,ALN,IL,AGL,CE,Federal Contract Tower,0,0,19,0,19,0,0,24,0,24,0,0,43,0,43,20,0,20,63
01/16/2009,ALN,IL,AGL,CE,Federal Contract Tower,0,2,19,0,21,0,0,25,0,25,0,2,44,0,46,18,0,18,64
01/17/2009,ALN,IL,AGL,CE,Federal Contract Tower,0,0,20,0,20,0,0,20,0,20,0,0,40,0,40,60,0,60,100
01/18/2009,ALN,IL,AGL,CE,Federal Contract Tower,0,0,7,0,7,0,0,12,12,24,0,0,19,12,31,40,8,48,79
01/19/2009,ALN,IL,AGL,CE,Federal Contract Tower,0,0,16,0,16,0,0,35,0,35,0,0,51,0,51,86,0,86,137
01/20/2009,ALN,IL,AGL,CE,Federal Contract Tower,0,2,7,0,9,0,0,29,0,29,0,2,36,0,38,40,0,40,78
01/21/2009,ALN,IL,AGL,CE,Federal Contract Tower,0,1,42,0,43,0,0,57,0,57,0,1,99,0,100,96,0,96,196
01/22/2009,ALN,IL,AGL,CE,Federal Contract Tower,0,2,37,1,40,0,0,82,0,82,0,2,119,1,122,198,2,200,322
01/23/2009,ALN,IL,AGL,CE,Federal Contract Tower,0,0,18,8,26,0,0,52,0,52,0,0,70,8,78,106,50,156,234
01/24/2009,ALN,IL,AGL,CE,Federal Contract Tower,0,0,32,0,32,0,0,63,0,63,0,0,95,0,95,178,0,178,273
01/25/2009,ALN,IL,AGL,CE,Federal Contract Tower,0,0,17,0,17,0,2,0,0,2,0,2,17,0,19,20,0,20,39
01/26/2009,ALN,IL,AGL,CE,Federal Contract Tower,0,4,9,0,13,0,0,7,0,7,0,4,16,0,20,30,0,30,50
01/27/2009,ALN,IL,AGL,CE,Federal Contract Tower,0,0,5,0,5,0,0,0,0,0,0,0,5,0,5,0,0,0,5
01/28/2009,ALN,IL,AGL,CE,Federal Contract Tower,0,0,18,0,18,0,1,5,0,6,0,1,23,0,24,34,0,34,58
01/29/2009,ALN,IL,AGL,CE,Federal Contract Tower,0,4,37,0,41,0,2,25,0,27,0,6,62,0,68,50,0,50,118
01/30/2009,ALN,IL,AGL,CE,Federal Contract Tower,0,5,32,0,37,0,0,75,2,77,0,5,107,2,114,184,0,184,298
01/31/2009,ALN,IL,AGL,CE,Federal Contract Tower,0,3,35,1,39,0,0,67,2,69,0,3,102,3,108,170,0,170,278
02/01/2009,ALN,IL,AGL,CE,Federal Contract Tower,0,0,19,0,19,0,0,36,0,36,0,0,55,0,55,58,0,58,113
02/02/2009,ALN,IL,AGL,CE,Federal Contract Tower,0,5,8,0,13,0,0,33,0,33,0,5,41,0,46,52,0,52,98
02/03/2009,ALN,IL,AGL,CE,Federal Contract Tower,0,0,14,0,14,0,0,9,0,9,0,0,23,0,23,14,0,14,37
02/04/2009,ALN,IL,AGL,CE,Federal Contract Tower,0,1,40,0,41,0,0,53,0,53,0,1,93,0,94,62,0,62,156
02/05/2009,ALN,IL,AGL,CE,Federal Contract Tower,0,6,28,1,35,0,0,42,0,42,0,6,70,1,77,94,0,94,171
02/06/2009,ALN,IL,AGL,CE,Federal Contract Tower,0,1,38,11,50,0,1,68,0,69,0,2,106,11,119,188,50,238,357
02/07/2009,ALN,IL,AGL,CE,Federal Contract Tower,0,0,16,0,16,0,0,58,0,58,0,0,74,0,74,78,0,78,152
02/08/2009,ALN,IL,AGL,CE,Federal Contract Tower,0,0,21,0,21,0,0,10,0,10,0,0,31,0,31,32,0,32,63
02/09/2009,ALN,IL,AGL,CE,Federal Contract Tower,0,6,19,2,27,0,0,22,0,22,0,6,41,2,49,22,4,26,75
02/10/2009,ALN,IL,AGL,CE,Federal Contract Tower,0,0,26,0,26,0,0,21,0,21,0,0,47,0,47,106,0,106,153
02/11/2009,ALN,IL,AGL,CE,Federal Contract Tower,0,2,4,0,6,0,0,0,0,0,0,2,4,0,6,0,0,0,6
02/12/2009,ALN,IL,AGL,CE,Federal Contract Tower,0,4,38,1,43,0,0,62,0,62,0,4,100,1,105,146,0,146,251
02/13/2009,ALN,IL,AGL,CE,Federal Contract Tower,0,0,41,0,41,0,0,69,0,69,0,0,110,0,110,162,0,162,272
02/14/2009,ALN,IL,AGL,CE,Federal Contract Tower,0,0,15,0,15,0,0,19,0,19,0,0,34,0,34,42,0,42,76
02/15/2009,ALN,IL,AGL,CE,Federal Contract Tower,0,2,19,0,21,0,0,42,0,42,0,2,61,0,63,54,0,54,117
02/16/2009,ALN,IL,AGL,CE,Federal Contract Tower,0,0,26,0,26,0,0,65,0,65,0,0,91,0,91,224,0,224,315
02/17/2009,ALN,IL,AGL,CE,Federal Contract Tower,0,3,9,0,12,0,0,8,0,8,0,3,17,0,20,20,0,20,40
02/18/2009,ALN,IL,AGL,CE,Federal Contract Tower,0,3,10,0,13,0,0,2,0,2,0,3,12,0,15,10,0,10,25
02/19/2009,ALN,IL,AGL,CE,Federal Contract Tower,0,2,32,0,34,0,2,51,0,53,0,4,83,0,87,74,0,74,161
02/20/2009,ALN,IL,AGL,CE,Federal Contract Tower,0,7,52,1,60,0,6,73,4,83,0,13,125,5,143,186,0,186,329
02/21/2009,ALN,IL,AGL,CE,Federal Contract Tower,0,0,3,0,3,0,0,3,0,3,0,0,6,0,6,10,0,10,16
02/22/2009,ALN,IL,AGL,CE,Federal Contract Tower,0,0,21,0,21,0,0,77,11,88,0,0,98,11,109,94,0,94,203
02/23/2009,ALN,IL,AGL,CE,Federal Contract Tower,0,9,27,0,36,0,2,75,2,79,0,11,102,2,115,172,0,172,287
02/24/2009,ALN,IL,AGL,CE,Federal Contract Tower,0,1,28,9,38,0,1,44,0,45,0,2,72,9,83,102,38,140,223
02/25/2009,ALN,IL,AGL,CE,Federal Contract Tower,0,1,51,0,52,0,0,68,0,68,0,1,119,0,120,124,0,124,244
02/26/2009,ALN,IL,AGL,CE,Federal Contract Tower,0,0,8,0,8,0,5,2,0,7,0,5,10,0,15,58,0,58,73
02/27/2009,ALN,IL,AGL,CE,Federal Contract Tower,0,0,20,0,20,0,0,6,0,6,0,0,26,0,26,4,0,4,30
02/28/2009,ALN,IL,AGL,CE,Federal Contract Tower,0,0,7,0,7,0,0,1,0,1,0,0,8,0,8,10,0,10,18
03/01/2009,ALN,IL,AGL,CE,Federal Contract Tower,0,4,15,0,19,0,0,26,7,33,0,4,41,7,52,48,0,48,100
03/02/2009,ALN,IL,AGL,CE,Federal Contract Tower,0,6,47,2,55,0,0,84,6,90,0,6,131,8,145,148,4,152,297
03/03/2009,ALN,IL,AGL,CE,Federal Contract Tower,0,0,17,0,17,0,0,62,0,62,0,0,79,0,79,108,0,108,187
03/04/2009,ALN,IL,AGL,CE,Federal Contract Tower,0,5,27,10,42,0,0,70,0,70,0,5,97,10,112,134,30,164,276
03/05/2009,ALN,IL,AGL,CE,Federal Contract Tower,0,0,9,0,9,0,0,8,0,8,0,0,17,0,17,12,0,12,29
03/06/2009,ALN,IL,AGL,CE,Federal Contract Tower,0,0,41,0,41,0,0,86,0,86,0,0,127,0,127,170,0,170,297
03/07/2009,ALN,IL,AGL,CE,Federal Contract Tower,0,0,12,0,12,0,0,39,0,39,0,0,51,0,51,114,0,114,165
03/08/2009,ALN,IL,AGL,CE,Federal Contract Tower,0,0,0,0,0,0,0,2,2,4,0,0,2,2,4,14,0,14,18
03/09/2009,ALN,IL,AGL,CE,Federal Contract Tower,0,4,43,0,47,0,0,13,0,13,0,4,56,0,60,100,0,100,160
03/10/2009,ALN,IL,AGL,CE,Federal Contract Tower,0,6,14,0,20,0,1,19,0,20,0,7,33,0,40,112,0,112,152
03/11/2009,ALN,IL,AGL,CE,Federal Contract Tower,0,0,23,0,23,0,0,48,0,48,0,0,71,0,71,100,0,100,171
03/12/2009,ALN,IL,AGL,CE,Federal Contract Tower,0,6,40,0,46,0,0,83,0,83,0,6,123,0,129,152,0,152,281
03/13/2009,ALN,IL,AGL,CE,Federal Contract Tower,0,1,47,2,50,0,0,82,0,82,0,1,129,2,132,274,4,278,410
03/14/2009,ALN,IL,AGL,CE,Federal Contract Tower,0,0,27,2,29,0,0,97,0,97,0,0,124,2,126,156,4,160,286
03/15/2009,ALN,IL,AGL,CE,Federal Contract Tower,0,0,39,0,39,0,0,62,0,62,0,0,101,0,101,102,0,102,203
03/16/2009,ALN,IL,AGL,CE,Federal Contract Tower,0,6,38,0,44,0,0,72,0,72,0,6,110,0,116,216,0,216,332
03/17/2009,ALN,IL,AGL,CE,Federal Contract Tower,0,0,32,3,35,0,2,84,0,86,0,2,116,3,121,186,0,186,307
03/18/2009,ALN,IL,AGL,CE,Federal Contract Tower,0,0,26,0,26,0,2,42,0,44,0,2,68,0,70,94,0,94,164
03/19/2009,ALN,IL,AGL,CE,Federal Contract Tower,0,4,23,0,27,0,0,54,2,56,0,4,77,2,83,148,0,148,231
03/20/2009,ALN,IL,AGL,CE,Federal Contract Tower,0,0,33,0,33,0,0,75,0,75,0,0,108,0,108,216,0,216,324
03/21/2009,ALN,IL,AGL,CE,Federal Contract Tower,0,0,30,0,30,0,0,60,0,60,0,0,90,0,90,142,0,142,232
03/22/2009,ALN,IL,AGL,CE,Federal Contract Tower,0,0,23,2,25,0,0,31,3,34,0,0,54,5,59,112,0,112,171
03/23/2009,ALN,IL,AGL,CE,Federal Contract Tower,0,0,5,0,5,0,0,37,0,37,0,0,42,0,42,48,0,48,90
03/24/2009,ALN,IL,AGL,CE,Federal Contract Tower,0,2,3,0,5,0,0,0,0,0,0,2,3,0,5,2,0,2,7
03/25/2009,ALN,IL,AGL,CE,Federal Contract Tower,0,4,39,0,43,0,0,70,0,70,0,4,109,0,113,146,0,146,259
03/26/2009,ALN,IL,AGL,CE,Federal Contract Tower,0,0,29,0,29,0,0,72,0,72,0,0,101,0,101,140,0,140,241
03/27/2009,ALN,IL,AGL,CE,Federal Contract Tower,0,2,15,0,17,0,0,48,0,48,0,2,63,0,65,60,0,60,125
03/28/2009,ALN,IL,AGL,CE,Federal Contract Tower,0,2,5,0,7,0,0,0,0,0,0,2,5,0,7,0,0,0,7
03/29/2009,ALN,IL,AGL,CE,Federal Contract Tower,0,2,7,0,9,0,0,9,0,9,0,2,16,0,18,10,0,10,28
03/30/2009,ALN,IL,AGL,CE,Federal Contract Tower,0,5,34,0,39,0,1,71,0,72,0,6,105,0,111,124,0,124,235
03/31/2009,ALN,IL,AGL,CE,Federal Contract Tower,0,3,10,0,13,0,1,8,0,9,0,4,18,0,22,4,6,10,32
04/01/2009,ALN,IL,AGL,CE,Federal Contract Tower,0,0,31,0,31,0,0,81,0,81,0,0,112,0,112,168,0,168,280
04/02/2009,ALN,IL,AGL,CE,Federal Contract Tower,0,0,18,0,18,0,0,22,0,22,0,0,40,0,40,84,0,84,124
04/03/2009,ALN,IL,AGL,CE,Federal Contract Tower,0,2,38,0,40,0,0,106,0,106,0,2,144,0,146,224,0,224,370
04/04/2009,ALN,IL,AGL,CE,Federal Contract Tower,0,2,22,0,24,0,0,88,2,90,0,2,110,2,114,190,0,190,304
04/05/2009,ALN,IL,AGL,CE,Federal Contract Tower,0,0,4,0,4,0,0,0,0,0,0,0,4,0,4,0,0,0,4
04/06/2009,ALN,IL,AGL,CE,Federal Contract Tower,0,0,6,0,6,0,0,6,0,6,0,0,12,0,12,4,0,4,16
04/07/2009,ALN,IL,AGL,CE,Federal Contract Tower,0,0,17,2,19,0,2,47,0,49,0,2,64,2,68,180,0,180,248
04/08/2009,ALN,IL,AGL,CE,Federal Contract Tower,0,0,21,0,21,0,2,51,0,53,0,2,72,0,74,138,0,138,212
04/09/2009,ALN,IL,AGL,CE,Federal Contract Tower,0,0,32,0,32,0,0,45,0,45,0,0,77,0,77,176,0,176,253
04/10/2009,ALN,IL,AGL,CE,Federal Contract Tower,0,0,19,0,19,0,0,2,0,2,0,0,21,0,21,8,0,8,29
04/11/2009,ALN,IL,AGL,CE,Federal Contract Tower,0,0,42,0,42,0,0,128,1,129,0,0,170,1,171,260,0,260,431
04/12/2009,ALN,IL,AGL,CE,Federal Contract Tower,0,2,10,0,12,0,0,5,0,5,0,2,15,0,17,2,0,2,19
04/13/2009,ALN,IL,AGL,CE,Federal Contract Tower,0,0,26,0,26,0,0,0,0,0,0,0,26,0,26,10,0,10,36
04/14/2009,ALN,IL,AGL,CE,Federal Contract Tower,0,2,10,0,12,0,0,0,0,0,0,2,10,0,12,0,0,0,12
04/15/2009,ALN,IL,AGL,CE,Federal Contract Tower,0,3,23,0,26,0,3,77,0,80,0,6,100,0,106,138,0,138,244
04/16/2009,ALN,IL,AGL,CE,Federal Contract Tower,0,0,43,0,43,0,0,67,0,67,0,0,110,0,110,168,0,168,278
04/17/2009,ALN,IL,AGL,CE,Federal Contract Tower,0,1,47,0,48,0,2,80,0,82,0,3,127,0,130,254,0,254,384
04/18/2009,ALN,IL,AGL,CE,Federal Contract Tower,0,2,25,0,27,0,0,52,0,52,0,2,77,0,79,128,0,128,207
04/19/2009,ALN,IL,AGL,CE,Federal Contract Tower,0,0,12,0,12,0,0,0,0,0,0,0,12,0,12,0,0,0,12
04/20/2009,ALN,IL,AGL,CE,Federal Contract Tower,0,4,16,0,20,0,0,15,0,15,0,4,31,0,35,70,0,70,105
04/21/2009,ALN,IL,AGL,CE,Federal Contract Tower,0,0,21,0,21,0,0,10,0,10,0,0,31,0,31,38,0,38,69
04/22/2009,ALN,IL,AGL,CE,Federal Contract Tower,0,4,40,0,44,0,2,77,0,79,0,6,117,0,123,168,0,168,291
04/23/2009,ALN,IL,AGL,CE,Federal Contract Tower,0,0,35,0,35,0,0,51,0,51,0,0,86,0,86,98,0,98,184
04/24/2009,ALN,IL,AGL,CE,Federal Contract Tower,0,0,18,8,26,0,1,24,2,27,0,1,42,10,53,42,10,52,105
04/25/2009,ALN,IL,AGL,CE,Federal Contract Tower,0,0,9,1,10,0,0,17,13,30,0,0,26,14,40,12,2,14,54
04/26/2009,ALN,IL,AGL,CE,Federal Contract Tower,0,0,9,0,9,0,0,28,0,28,0,0,37,0,37,10,0,10,47
04/27/2009,ALN,IL,AGL,CE,Federal Contract Tower,0,1,8,0,9,0,0,12,0,12,0,1,20,0,21,74,0,74,95
04/28/2009,ALN,IL,AGL,CE,Federal Contract Tower,0,0,54,0,54,0,0,2,0,2,0,0,56,0,56,48,0,48,104
04/29/2009,ALN,IL,AGL,CE,Federal Contract Tower,0,0,15,0,15,0,0,12,2,14,0,0,27,2,29,56,12,68,97
04/30/2009,ALN,IL,AGL,CE,Federal Contract Tower,0,5,14,0,19,0,2,1,0,3,0,7,15,0,22,12,0,12,34
05/01/2009,ALN,IL,AGL,CE,Federal Contract Tower,0,0,23,0,23,0,0,6,0,6,0,0,29,0,29,72,0,72,101
05/02/2009,ALN,IL,AGL,CE,Federal Contract Tower,0,1,36,1,38,0,0,84,1,85,0,1,120,2,123,212,0,212,335
05/03/2009,ALN,IL,AGL,CE,Federal Contract Tower,0,0,24,1,25,0,0,37,4,41,0,0,61,5,66,60,0,60,126
05/04/2009,ALN,IL,AGL,CE,Federal Contract Tower,0,0,33,0,33,0,0,80,0,80,0,0,113,0,113,196,0,196,309
05/05/2009,ALN,IL,AGL,CE,Federal Contract Tower,0,4,65,0,69,0,0,83,0,83,0,4,148,0,152,204,0,204,356
05/06/2009,ALN,IL,AGL,CE,Federal Contract Tower,0,0,30,0,30,0,0,19,0,19,0,0,49,0,49,78,0,78,127
05/07/2009,ALN,IL,AGL,CE,Federal Contract Tower,0,0,39,0,39,0,0,62,6,68,0,0,101,6,107,140,0,140,247
05/08/2009,ALN,IL,AGL,CE,Federal Contract Tower,0,0,18,0,18,0,0,20,0,20,0,0,38,0,38,80,0,80,118
05/09/2009,ALN,IL,AGL,CE,Federal Contract Tower,0,0,37,0,37,0,0,73,4,77,0,0,110,4,114,148,0,148,262
05/10/2009,ALN,IL,AGL,CE,Federal Contract Tower,0,0,18,0,18,0,0,32,0,32,0,0,50,0,50,92,0,92,142
05/11/2009,ALN,IL,AGL,CE,Federal Contract Tower,0,2,29,0,31,0,0,54,0,54,0,2,83,0,85,176,0,176,261
05/12/2009,ALN,IL,AGL,CE,Federal Contract Tower,0,1,31,0,32,0,0,81,0,81,0,1,112,0,113,108,0,108,221
05/13/2009,ALN,IL,AGL,CE,Federal Contract Tower,0,2,5,0,7,0,0,3,0,3,0,2,8,0,10,10,0,10,20
05/14/2009,ALN,IL,AGL,CE,Federal Contract Tower,0,7,34,0,41,0,2,89,0,91,0,9,123,0,132,146,0,146,278
05/15/2009,ALN,IL,AGL,CE,Federal Contract Tower,0,0,28,0,28,0,0,25,0,25,0,0,53,0,53,81,0,81,134
05/16/2009,ALN,IL,AGL,CE,Federal Contract Tower,0,4,25,0,29,0,0,27,2,29,0,4,52,2,58,76,0,76,134
05/17/2009,ALN,IL,AGL,CE,Federal Contract Tower,0,4,35,0,39,0,0,76,1,77,0,4,111,1,116,192,0,192,308
05/18/2009,ALN,IL,AGL,CE,Federal Contract Tower,0,0,54,0,54,0,0,84,0,84,0,0,138,0,138,204,0,204,342
05/19/2009,ALN,IL,AGL,CE,Federal Contract Tower,0,0,28,0,28,0,0,78,0,78,0,0,106,0,106,154,0,154,260
05/20/2009,ALN,IL,AGL,CE,Federal Contract Tower,0,1,20,0,21,0,0,73,0,73,0,1,93,0,94,162,0,162,256
05/21/2009,ALN,IL,AGL,CE,Federal Contract Tower,0,5,28,0,33,0,1,89,0,90,0,6,117,0,123,214,0,214,337
05/22/2009,ALN,IL,AGL,CE,Federal Contract Tower,0,1,25,0,26,0,0,70,0,70,0,1,95,0,96,290,0,290,386
05/23/2009,ALN,IL,AGL,CE,Federal Contract Tower,0,0,13,1,14,0,0,42,1,43,0,0,55,2,57,96,0,96,153
05/24/2009,ALN,IL,AGL,CE,Federal Contract Tower,0,0,9,0,9,0,0,14,0,14,0,0,23,0,23,12,0,12,35
05/25/2009,ALN,IL,AGL,CE,Federal Contract Tower,0,2,1,0,3,0,0,3,0,3,0,2,4,0,6,0,0,0,6
05/26/2009,ALN,IL,AGL,CE,Federal Contract Tower,0,0,15,2,17,0,0,4,0,4,0,0,19,2,21,0,0,0,21
05/27/2009,ALN,IL,AGL,CE,Federal Contract Tower,0,0,5,1,6,0,0,7,0,7,0,0,12,1,13,34,0,34,47
05/28/2009,ALN,IL,AGL,CE,Federal Contract Tower,0,1,31,0,32,0,0,10,0,10,0,1,41,0,42,38,0,38,80
05/29/2009,ALN,IL,AGL,CE,Federal Contract Tower,0,0,31,1,32,0,0,81,0,81,0,0,112,1,113,130,0,130,243
05/30/2009,ALN,IL,AGL,CE,Federal Contract Tower,0,0,21,0,21,0,0,45,0,45,0,0,66,0,66,102,0,102,168
05/31/2009,ALN,IL,AGL,CE,Federal Contract Tower,0,2,23,1,26,0,0,67,0,67,0,2,90,1,93,74,0,74,167
06/01/2009,ALN,IL,AGL,CE,Federal Contract Tower,0,2,40,0,42,0,0,54,0,54,0,2,94,0,96,120,0,120,216
06/02/2009,ALN,IL,AGL,CE,Federal Contract Tower,0,1,17,0,18,0,0,43,0,43,0,1,60,0,61,98,0,98,159
06/03/2009,ALN,IL,AGL,CE,Federal Contract Tower,0,1,14,0,15,0,0,2,0,2,0,1,16,0,17,12,0,12,29
06/04/2009,ALN,IL,AGL,CE,Federal Contract Tower,0,1,39,0,40,0,1,90,0,91,0,2,129,0,131,204,0,204,335
06/05/2009,ALN,IL,AGL,CE,Federal Contract Tower,0,0,25,0,25,0,0,78,0,78,0,0,103,0,103,166,0,166,269
06/06/2009,ALN,IL,AGL,CE,Federal Contract Tower,0,0,23,0,23,0,0,61,0,61,0,0,84,0,84,104,0,104,188
06/07/2009,ALN,IL,AGL,CE,Federal Contract Tower,0,0,20,0,20,0,0,24,0,24,0,0,44,0,44,50,0,50,94
06/08/2009,ALN,IL,AGL,CE,Federal Contract Tower,0,0,11,0,11,0,0,20,0,20,0,0,31,0,31,62,0,62,93
06/09/2009,ALN,IL,AGL,CE,Federal Contract Tower,0,0,26,0,26,0,0,51,0,51,0,0,77,0,77,104,0,104,181
06/10/2009,ALN,IL,AGL,CE,Federal Contract Tower,0,0,15,0,15,0,0,20,0,20,0,0,35,0,35,62,0,62,97
06/11/2009,ALN,IL,AGL,CE,Federal Contract Tower,0,0,16,0,16,0,1,17,0,18,0,1,33,0,34,14,0,14,48
06/12/2009,ALN,IL,AGL,CE,Federal Contract Tower,0,2,16,1,19,0,0,20,2,22,0,2,36,3,41,94,0,94,135
06/13/2009,ALN,IL,AGL,CE,Federal Contract Tower,0,1,18,0,19,0,0,40,0,40,0,1,58,0,59,162,0,162,221
06/14/2009,ALN,IL,AGL,CE,Federal Contract Tower,0,1,28,0,29,0,0,40,0,40,0,1,68,0,69,96,0,96,165
06/15/2009,ALN,IL,AGL,CE,Federal Contract Tower,0,1,15,0,16,0,0,9,0,9,0,1,24,0,25,32,0,32,57
06/16/2009,ALN,IL,AGL,CE,Federal Contract Tower,0,1,18,0,19,0,0,13,0,13,0,1,31,0,32,36,0,36,68
06/17/2009,ALN,IL,AGL,CE,Federal Contract Tower,0,5,21,0,26,0,2,45,0,47,0,7,66,0,73,112,0,112,185
06/18/2009,ALN,IL,AGL,CE,Federal Contract Tower,0,0,27,0,27,0,0,55,0,55,0,0,82,0,82,76,0,76,158
06/19/2009,ALN,IL,AGL,CE,Federal Contract Tower,0,2,6,0,8,0,0,16,0,16,0,2,22,0,24,14,0,14,38
06/20/2009,ALN,IL,AGL,CE,Federal Contract Tower,0,0,23,0,23,0,0,64,2,66,0,0,87,2,89,138,0,138,227
06/21/2009,ALN,IL,AGL,CE,Federal Contract Tower,0,0,20,0,20,0,0,57,0,57,0,0,77,0,77,156,0,156,233
06/22/2009,ALN,IL,AGL,CE,Federal Contract Tower,0,9,31,3,43,0,0,43,0,43,0,9,74,3,86,80,0,80,166
06/23/2009,ALN,IL,AGL,CE,Federal Contract Tower,0,4,23,2,29,0,0,63,0,63,0,4,86,2,92,144,0,144,236
06/24/2009,ALN,IL,AGL,CE,Federal Contract Tower,0,0,21,0,21,0,0,36,1,37,0,0,57,1,58,84,0,84,142
06/25/2009,ALN,IL,AGL,CE,Federal Contract Tower,0,5,24,3,32,0,0,53,0,53,0,5,77,3,85,90,0,90,175
06/26/2009,ALN,IL,AGL,CE,Federal Contract Tower,0,0,24,0,24,0,2,36,0,38,0,2,60,0,62,102,0,102,164
06/27/2009,ALN,IL,AGL,CE,Federal Contract Tower,0,0,9,0,9,0,0,40,8,48,0,0,49,8,57,34,0,34,91
06/28/2009,ALN,IL,AGL,CE,Federal Contract Tower,0,0,26,0,26,0,0,52,5,57,0,0,78,5,83,126,0,126,209
06/29/2009,ALN,IL,AGL,CE,Federal Contract Tower,0,5,19,2,26,0,0,53,2,55,0,5,72,4,81,94,0,94,175
06/30/2009,ALN,IL,AGL,CE,Federal Contract Tower,0,3,34,0,37,0,2,46,0,48,0,5,80,0,85,160,0,160,245
07/01/2009,ALN,IL,AGL,CE,Federal Contract Tower,0,0,33,0,33,0,0,47,0,47,0,0,80,0,80,108,0,108,188
07/02/2009,ALN,IL,AGL,CE,Federal Contract Tower,0,0,23,0,23,0,0,49,0,49,0,0,72,0,72,68,0,68,140
07/03/2009,ALN,IL,AGL,CE,Federal Contract Tower,0,4,23,0,27,0,0,84,0,84,0,4,107,0,111,156,0,156,267
07/04/2009,ALN,IL,AGL,CE,Federal Contract Tower,0,0,0,0,0,0,0,0,0,0,0,0,0,0,0,0,0,0,0
07/05/2009,ALN,IL,AGL,CE,Federal Contract Tower,0,0,30,0,30,0,0,7,0,7,0,0,37,0,37,40,0,40,77
07/06/2009,ALN,IL,AGL,CE,Federal Contract Tower,0,0,37,3,40,0,0,61,0,61,0,0,98,3,101,102,0,102,203
07/07/2009,ALN,IL,AGL,CE,Federal Contract Tower,0,0,26,0,26,0,0,51,0,51,0,0,77,0,77,106,0,106,183
07/08/2009,ALN,IL,AGL,CE,Federal Contract Tower,0,1,33,0,34,0,0,53,1,54,0,1,86,1,88,146,2,148,236
07/09/2009,ALN,IL,AGL,CE,Federal Contract Tower,0,0,29,1,30,0,1,53,1,55,0,1,82,2,85,126,0,126,211
07/10/2009,ALN,IL,AGL,CE,Federal Contract Tower,0,0,11,2,13,0,0,46,0,46,0,0,57,2,59,72,0,72,131
07/11/2009,ALN,IL,AGL,CE,Federal Contract Tower,0,0,5,0,5,0,0,20,0,20,0,0,25,0,25,42,0,42,67
07/12/2009,ALN,IL,AGL,CE,Federal Contract Tower,0,0,18,0,18,0,0,25,0,25,0,0,43,0,43,46,0,46,89
07/13/2009,ALN,IL,AGL,CE,Federal Contract Tower,0,0,10,1,11,0,0,52,1,53,0,0,62,2,64,132,0,132,196
07/14/2009,ALN,IL,AGL,CE,Federal Contract Tower,0,16,14,1,31,0,1,19,0,20,0,17,33,1,51,6,0,6,57
07/15/2009,ALN,IL,AGL,CE,Federal Contract Tower,0,5,27,0,32,0,0,14,0,14,0,5,41,0,46,40,0,40,86
07/16/2009,ALN,IL,AGL,CE,Federal Contract Tower,0,0,30,0,30,0,1,54,3,58,0,1,84,3,88,122,0,122,210
07/17/2009,ALN,IL,AGL,CE,Federal Contract Tower,0,2,21,0,23,0,2,62,0,64,0,4,83,0,87,96,0,96,183
07/18/2009,ALN,IL,AGL,CE,Federal Contract Tower,0,0,36,0,36,0,0,87,0,87,0,0,123,0,123,170,0,170,293
07/19/2009,ALN,IL,AGL,CE,Federal Contract Tower,0,0,30,0,30,0,0,50,0,50,0,0,80,0,80,114,0,114,194
07/20/2009,ALN,IL,AGL,CE,Federal Contract Tower,0,2,17,0,19,0,0,66,0,66,0,2,83,0,85,124,0,124,209
07/21/2009,ALN,IL,AGL,CE,Federal Contract Tower,0,4,17,0,21,0,0,37,0,37,0,4,54,0,58,70,0,70,128
07/22/2009,ALN,IL,AGL,CE,Federal Contract Tower,0,4,27,0,31,0,0,30,0,30,0,4,57,0,61,46,0,46,107
07/23/2009,ALN,IL,AGL,CE,Federal Contract Tower,0,4,22,2,28,0,0,77,1,78,0,4,99,3,106,142,0,142,248
07/24/2009,ALN,IL,AGL,CE,Federal Contract Tower,0,4,25,0,29,0,1,31,3,35,0,5,56,3,64,80,0,80,144
07/25/2009,ALN,IL,AGL,CE,Federal Contract Tower,0,0,12,0,12,0,0,30,28,58,0,0,42,28,70,64,20,84,154
07/26/2009,ALN,IL,AGL,CE,Federal Contract Tower,0,0,22,0,22,0,0,62,0,62,0,0,84,0,84,118,0,118,202
07/27/2009,ALN,IL,AGL,CE,Federal Contract Tower,0,0,34,0,34,0,0,65,0,65,0,0,99,0,99,120,0,120,219
07/28/2009,ALN,IL,AGL,CE,Federal Contract Tower,0,2,24,0,26,0,1,26,0,27,0,3,50,0,53,54,0,54,107
07/29/2009,ALN,IL,AGL,CE,Federal Contract Tower,0,0,35,0,35,0,0,55,0,55,0,0,90,0,90,124,0,124,214
07/30/2009,ALN,IL,AGL,CE,Federal Contract Tower,0,2,26,0,28,0,0,54,0,54,0,2,80,0,82,96,0,96,178
07/31/2009,ALN,IL,AGL,CE,Federal Contract Tower,0,7,23,2,32,0,0,40,0,40,0,7,63,2,72,128,0,128,200
08/01/2009,ALN,IL,AGL,CE,Federal Contract Tower,0,0,8,0,8,0,0,24,0,24,0,0,32,0,32,60,0,60,92
08/02/2009,ALN,IL,AGL,CE,Federal Contract Tower,0,0,18,0,18,0,0,57,2,59,0,0,75,2,77,106,0,106,183
08/03/2009,ALN,IL,AGL,CE,Federal Contract Tower,0,4,14,2,20,0,4,57,0,61,0,8,71,2,81,92,20,112,193
08/04/2009,ALN,IL,AGL,CE,Federal Contract Tower,0,4,11,2,17,0,0,26,0,26,0,4,37,2,43,44,0,44,87
08/05/2009,ALN,IL,AGL,CE,Federal Contract Tower,0,4,23,0,27,0,0,53,0,53,0,4,76,0,80,98,0,98,178
08/06/2009,ALN,IL,AGL,CE,Federal Contract Tower,0,6,35,2,43,0,0,69,0,69,0,6,104,2,112,182,0,182,294
08/07/2009,ALN,IL,AGL,CE,Federal Contract Tower,0,2,14,0,16,0,0,34,0,34,0,2,48,0,50,108,0,108,158
08/08/2009,ALN,IL,AGL,CE,Federal Contract Tower,0,0,26,0,26,0,0,44,0,44,0,0,70,0,70,48,0,48,118
08/09/2009,ALN,IL,AGL,CE,Federal Contract Tower,0,0,22,0,22,0,0,39,0,39,0,0,61,0,61,16,0,16,77
08/10/2009,ALN,IL,AGL,CE,Federal Contract Tower,0,4,20,0,24,0,0,31,0,31,0,4,51,0,55,102,0,102,157
08/11/2009,ALN,IL,AGL,CE,Federal Contract Tower,0,0,33,1,34,0,0,14,0,14,0,0,47,1,48,88,2,90,138
08/12/2009,ALN,IL,AGL,CE,Federal Contract Tower,0,0,32,0,32,0,0,79,0,79,0,0,111,0,111,206,0,206,317
08/13/2009,ALN,IL,AGL,CE,Federal Contract Tower,0,0,28,0,28,0,0,69,0,69,0,0,97,0,97,108,0,108,205
08/14/2009,ALN,IL,AGL,CE,Federal Contract Tower,0,0,26,0,26,0,1,67,0,68,0,1,93,0,94,186,0,186,280
08/15/2009,ALN,IL,AGL,CE,Federal Contract Tower,0,0,18,2,20,0,0,72,0,72,0,0,90,2,92,50,0,50,142
08/16/2009,ALN,IL,AGL,CE,Federal Contract Tower,0,2,14,0,16,0,0,18,1,19,0,2,32,1,35,38,0,38,73
08/17/2009,ALN,IL,AGL,CE,Federal Contract Tower,0,6,13,1,20,0,0,18,0,18,0,6,31,1,38,38,0,38,76
08/18/2009,ALN,IL,AGL,CE,Federal Contract Tower,0,0,25,0,25,0,0,14,4,18,0,0,39,4,43,70,0,70,113
08/19/2009,ALN,IL,AGL,CE,Federal Contract Tower,0,0,7,0,7,0,0,7,0,7,0,0,14,0,14,0,0,0,14
08/20/2009,ALN,IL,AGL,CE,Federal Contract Tower,0,2,27,0,29,0,0,28,0,28,0,2,55,0,57,80,0,80,137
08/21/2009,ALN,IL,AGL,CE,Federal Contract Tower,0,0,27,0,27,0,0,36,0,36,0,0,63,0,63,48,0,48,111
08/22/2009,ALN,IL,AGL,CE,Federal Contract Tower,0,0,12,0,12,0,0,60,0,60,0,0,72,0,72,148,0,148,220
08/23/2009,ALN,IL,AGL,CE,Federal Contract Tower,0,0,12,0,12,0,0,65,0,65,0,0,77,0,77,100,0,100,177
08/24/2009,ALN,IL,AGL,CE,Federal Contract Tower,0,5,33,2,40,0,2,80,0,82,0,7,113,2,122,146,0,146,268
08/25/2009,ALN,IL,AGL,CE,Federal Contract Tower,0,0,12,2,14,0,2,64,0,66,0,2,76,2,80,110,4,114,194
08/26/2009,ALN,IL,AGL,CE,Federal Contract Tower,0,0,20,0,20,0,2,40,0,42,0,2,60,0,62,76,0,76,138
08/27/2009,ALN,IL,AGL,CE,Federal Contract Tower,0,5,28,0,33,0,8,31,0,39,0,13,59,0,72,124,0,124,196
08/28/2009,ALN,IL,AGL,CE,Federal Contract Tower,0,2,30,0,32,0,0,12,0,12,0,2,42,0,44,12,0,12,56
08/29/2009,ALN,IL,AGL,CE,Federal Contract Tower,0,0,21,0,21,0,0,34,0,34,0,0,55,0,55,116,0,116,171
08/30/2009,ALN,IL,AGL,CE,Federal Contract Tower,0,0,24,0,24,0,0,49,0,49,0,0,73,0,73,122,0,122,195
08/31/2009,ALN,IL,AGL,CE,Federal Contract Tower,0,0,29,0,29,0,0,53,4,57,0,0,82,4,86,150,0,150,236
09/01/2009,ALN,IL,AGL,CE,Federal Contract Tower,0,0,13,0,13,0,0,27,0,27,0,0,40,0,40,14,0,14,54
09/02/2009,ALN,IL,AGL,CE,Federal Contract Tower,0,2,11,0,13,0,0,31,0,31,0,2,42,0,44,34,0,34,78
09/03/2009,ALN,IL,AGL,CE,Federal Contract Tower,0,1,12,0,13,0,0,13,0,13,0,1,25,0,26,36,0,36,62
09/04/2009,ALN,IL,AGL,CE,Federal Contract Tower,0,1,16,0,17,0,0,38,0,38,0,1,54,0,55,84,0,84,139
09/05/2009,ALN,IL,AGL,CE,Federal Contract Tower,0,1,13,0,14,0,0,2,0,2,0,1,15,0,16,10,0,10,26
09/06/2009,ALN,IL,AGL,CE,Federal Contract Tower,0,0,16,0,16,0,0,4,0,4,0,0,20,0,20,18,0,18,38
09/07/2009,ALN,IL,AGL,CE,Federal Contract Tower,0,1,17,0,18,0,0,36,0,36,0,1,53,0,54,44,0,44,98
09/08/2009,ALN,IL,AGL,CE,Federal Contract Tower,0,1,16,1,18,0,0,12,0,12,0,1,28,1,30,14,2,16,46
09/09/2009,ALN,IL,AGL,CE,Federal Contract Tower,0,1,12,6,19,0,0,16,1,17,0,1,28,7,36,24,6,30,66
09/10/2009,ALN,IL,AGL,CE,Federal Contract Tower,0,1,16,0,17,0,0,9,0,9,0,1,25,0,26,26,0,26,52
09/11/2009,ALN,IL,AGL,CE,Federal Contract Tower,0,2,20,0,22,0,0,34,0,34,0,2,54,0,56,84,0,84,140
09/12/2009,ALN,IL,AGL,CE,Federal Contract Tower,0,0,18,0,18,0,0,38,0,38,0,0,56,0,56,106,0,106,162
09/13/2009,ALN,IL,AGL,CE,Federal Contract Tower,0,2,12,0,14,0,0,58,2,60,0,2,70,2,74,56,0,56,130
09/14/2009,ALN,IL,AGL,CE,Federal Contract Tower,0,0,25,2,27,0,2,29,0,31,0,2,54,2,58,78,8,86,144
09/15/2009,ALN,IL,AGL,CE,Federal Contract Tower,0,0,12,0,12,0,0,12,0,12,0,0,24,0,24,20,0,20,44
09/16/2009,ALN,IL,AGL,CE,Federal Contract Tower,0,0,13,0,13,0,0,19,0,19,0,0,32,0,32,10,0,10,42
09/17/2009,ALN,IL,AGL,CE,Federal Contract Tower,0,0,11,0,11,0,0,16,1,17,0,0,27,1,28,4,0,4,32
09/18/2009,ALN,IL,AGL,CE,Federal Contract Tower,0,0,19,0,19,0,2,39,0,41,0,2,58,0,60,32,0,32,92
09/19/2009,ALN,IL,AGL,CE,Federal Contract Tower,0,2,14,0,16,0,0,50,2,52,0,2,64,2,68,82,0,82,150
09/20/2009,ALN,IL,AGL,CE,Federal Contract Tower,0,0,7,1,8,0,0,0,0,0,0,0,7,1,8,0,0,0,8
09/21/2009,ALN,IL,AGL,CE,Federal Contract Tower,0,3,32,3,38,0,0,8,1,9,0,3,40,4,47,18,0,18,65
09/22/2009,ALN,IL,AGL,CE,Federal Contract Tower,0,0,21,0,21,0,0,15,0,15,0,0,36,0,36,48,0,48,84
09/23/2009,ALN,IL,AGL,CE,Federal Contract Tower,0,0,17,0,17,0,0,17,0,17,0,0,34,0,34,34,0,34,68
09/24/2009,ALN,IL,AGL,CE,Federal Contract Tower,0,0,8,0,8,0,0,5,0,5,0,0,13,0,13,28,0,28,41
09/25/2009,ALN,IL,AGL,CE,Federal Contract Tower,0,2,15,0,17,0,0,80,0,80,0,2,95,0,97,50,0,50,147
09/26/2009,ALN,IL,AGL,CE,Federal Contract Tower,0,0,7,1,8,0,0,74,0,74,0,0,81,1,82,48,0,48,130
09/27/2009,ALN,IL,AGL,CE,Federal Contract Tower,0,0,10,0,10,0,0,316,0,316,0,0,326,0,326,22,0,22,348
09/28/2009,ALN,IL,AGL,CE,Federal Contract Tower,0,4,6,2,12,0,0,11,0,11,0,4,17,2,23,6,8,14,37
09/29/2009,ALN,IL,AGL,CE,Federal Contract Tower,0,1,20,0,21,0,0,34,0,34,0,1,54,0,55,52,0,52,107
09/30/2009,ALN,IL,AGL,CE,Federal Contract Tower,0,5,21,1,27,0,0,39,2,41,0,5,60,3,68,68,2,70,138
10/01/2009,ALN,IL,AGL,CE,Federal Contract Tower,0,0,6,1,7,0,0,1,0,1,0,0,7,1,8,0,0,0,8
10/02/2009,ALN,IL,AGL,CE,Federal Contract Tower,0,0,18,0,18,0,0,26,0,26,0,0,44,0,44,54,0,54,98
10/03/2009,ALN,IL,AGL,CE,Federal Contract Tower,2,0,7,0,9,16,0,12,0,28,18,0,19,0,37,36,0,36,73
10/04/2009,ALN,IL,AGL,CE,Federal Contract Tower,0,4,19,0,23,0,0,32,0,32,0,4,51,0,55,61,0,61,116
10/05/2009,ALN,IL,AGL,CE,Federal Contract Tower,0,4,12,4,20,0,0,49,0,49,0,4,61,4,69,66,4,70,139
10/06/2009,ALN,IL,AGL,CE,Federal Contract Tower,0,0,2,0,2,0,0,0,0,0,0,0,2,0,2,0,0,0,2
10/07/2009,ALN,IL,AGL,CE,Federal Contract Tower,0,9,15,0,24,0,0,37,2,39,0,9,52,2,63,42,4,46,109
10/08/2009,ALN,IL,AGL,CE,Federal Contract Tower,0,3,8,0,11,0,0,0,0,0,0,3,8,0,11,0,0,0,11
10/09/2009,ALN,IL,AGL,CE,Federal Contract Tower,0,0,6,0,6,0,0,0,0,0,0,0,6,0,6,4,0,4,10
10/10/2009,ALN,IL,AGL,CE,Federal Contract Tower,0,1,20,1,22,0,0,53,0,53,0,1,73,1,75,98,0,98,173
10/11/2009,ALN,IL,AGL,CE,Federal Contract Tower,0,0,12,0,12,0,0,18,0,18,0,0,30,0,30,12,0,12,42
10/12/2009,ALN,IL,AGL,CE,Federal Contract Tower,0,2,26,0,28,0,0,22,0,22,0,2,48,0,50,82,0,82,132
10/13/2009,ALN,IL,AGL,CE,Federal Contract Tower,0,0,6,0,6,0,0,3,0,3,0,0,9,0,9,6,0,6,15
10/14/2009,ALN,IL,AGL,CE,Federal Contract Tower,0,0,16,0,16,0,0,1,0,1,0,0,17,0,17,4,0,4,21
10/15/2009,ALN,IL,AGL,CE,Federal Contract Tower,0,4,15,3,22,0,0,4,0,4,0,4,19,3,26,10,0,10,36
10/16/2009,ALN,IL,AGL,CE,Federal Contract Tower,0,0,19,0,19,0,0,16,0,16,0,0,35,0,35,36,0,36,71
10/17/2009,ALN,IL,AGL,CE,Federal Contract Tower,0,0,10,0,10,0,2,42,0,44,0,2,52,0,54,86,0,86,140
10/18/2009,ALN,IL,AGL,CE,Federal Contract Tower,0,0,11,0,11,0,0,35,3,38,0,0,46,3,49,28,0,28,77
10/19/2009,ALN,IL,AGL,CE,Federal Contract Tower,0,2,23,0,25,0,0,16,0,16,0,2,39,0,41,18,0,18,59
10/20/2009,ALN,IL,AGL,CE,Federal Contract Tower,0,0,21,4,25,0,1,8,2,11,0,1,29,6,36,12,28,40,76
10/21/2009,ALN,IL,AGL,CE,Federal Contract Tower,0,3,12,0,15,0,1,32,2,35,0,4,44,2,50,26,12,38,88
10/22/2009,ALN,IL,AGL,CE,Federal Contract Tower,0,1,6,0,7,0,0,3,0,3,0,1,9,0,10,2,0,2,12
10/23/2009,ALN,IL,AGL,CE,Federal Contract Tower,0,2,12,0,14,0,0,0,0,0,0,2,12,0,14,0,0,0,14
10/24/2009,ALN,IL,AGL,CE,Federal Contract Tower,0,0,16,1,17,0,0,52,2,54,0,0,68,3,71,114,0,114,185
10/25/2009,ALN,IL,AGL,CE,Federal Contract Tower,0,0,14,0,14,0,0,12,0,12,0,0,26,0,26,18,0,18,44
10/26/2009,ALN,IL,AGL,CE,Federal Contract Tower,0,3,17,0,20,0,0,2,0,2,0,3,19,0,22,6,0,6,28
10/27/2009,ALN,IL,AGL,CE,Federal Contract Tower,0,0,6,0,6,0,0,1,0,1,0,0,7,0,7,0,0,0,7
10/28/2009,ALN,IL,AGL,CE,Federal Contract Tower,0,2,13,0,15,0,0,3,0,3,0,2,16,0,18,16,0,16,34
10/29/2009,ALN,IL,AGL,CE,Federal Contract Tower,0,2,10,0,12,0,0,4,0,4,0,2,14,0,16,14,0,14,30
10/30/2009,ALN,IL,AGL,CE,Federal Contract Tower,0,4,13,0,17,0,2,17,0,19,0,6,30,0,36,52,0,52,88
10/31/2009,ALN,IL,AGL,CE,Federal Contract Tower,0,0,7,0,7,0,0,66,4,70,0,0,73,4,77,96,0,96,173
11/01/2009,ALN,IL,AGL,CE,Federal Contract Tower,0,0,18,0,18,0,0,41,0,41,0,0,59,0,59,80,0,80,139
11/02/2009,ALN,IL,AGL,CE,Federal Contract Tower,0,5,10,2,17,0,0,17,0,17,0,5,27,2,34,8,2,10,44
11/03/2009,ALN,IL,AGL,CE,Federal Contract Tower,0,3,19,0,22,0,2,30,0,32,0,5,49,0,54,60,0,60,114
11/04/2009,ALN,IL,AGL,CE,Federal Contract Tower,0,1,9,0,10,0,5,14,0,19,0,6,23,0,29,20,0,20,49
11/05/2009,ALN,IL,AGL,CE,Federal Contract Tower,0,0,9,1,10,0,2,32,2,36,0,2,41,3,46,18,2,20,66
11/06/2009,ALN,IL,AGL,CE,Federal Contract Tower,0,2,7,3,12,0,4,26,2,32,0,6,33,5,44,38,0,38,82
11/07/2009,ALN,IL,AGL,CE,Federal Contract Tower,0,1,18,2,21,0,4,48,0,52,0,5,66,2,73,80,0,80,153
11/08/2009,ALN,IL,AGL,CE,Federal Contract Tower,0,2,25,0,27,0,0,55,0,55,0,2,80,0,82,86,0,86,168
11/09/2009,ALN,IL,AGL,CE,Federal Contract Tower,0,5,17,1,23,0,0,23,0,23,0,5,40,1,46,46,0,46,92
11/10/2009,ALN,IL,AGL,CE,Federal Contract Tower,0,0,8,0,8,0,0,7,0,7,0,0,15,0,15,8,0,8,23
11/11/2009,ALN,IL,AGL,CE,Federal Contract Tower,0,0,28,0,28,0,2,27,2,31,0,2,55,2,59,32,6,38,97
11/12/2009,ALN,IL,AGL,CE,Federal Contract Tower,0,7,10,0,17,0,3,17,0,20,0,10,27,0,37,20,0,20,57
11/13/2009,ALN,IL,AGL,CE,Federal Contract Tower,0,0,10,0,10,0,0,32,8,40,0,0,42,8,50,38,0,38,88
11/14/2009,ALN,IL,AGL,CE,Federal Contract Tower,0,0,16,0,16,0,4,56,0,60,0,4,72,0,76,76,0,76,152
11/15/2009,ALN,IL,AGL,CE,Federal Contract Tower,0,0,5,0,5,0,0,0,0,0,0,0,5,0,5,0,0,0,5
11/16/2009,ALN,IL,AGL,CE,Federal Contract Tower,0,2,9,1,12,0,0,0,0,0,0,2,9,1,12,0,0,0,12
11/17/2009,ALN,IL,AGL,CE,Federal Contract Tower,0,0,7,0,7,0,0,0,0,0,0,0,7,0,7,6,0,6,13
11/18/2009,ALN,IL,AGL,CE,Federal Contract Tower,0,3,10,0,13,0,0,7,0,7,0,3,17,0,20,12,0,12,32
11/19/2009,ALN,IL,AGL,CE,Federal Contract Tower,0,0,23,1,24,0,0,8,4,12,0,0,31,5,36,18,18,36,72
11/20/2009,ALN,IL,AGL,CE,Federal Contract Tower,0,0,16,1,17,0,1,26,16,43,0,1,42,17,60,54,18,72,132
11/21/2009,ALN,IL,AGL,CE,Federal Contract Tower,0,2,10,0,12,0,0,38,4,42,0,2,48,4,54,84,6,90,144
11/22/2009,ALN,IL,AGL,CE,Federal Contract Tower,0,0,10,0,10,0,0,32,4,36,0,0,42,4,46,56,0,56,102
11/23/2009,ALN,IL,AGL,CE,Federal Contract Tower,0,5,11,2,18,0,0,28,0,28,0,5,39,2,46,60,0,60,106
11/24/2009,ALN,IL,AGL,CE,Federal Contract Tower,0,2,15,0,17,0,0,0,0,0,0,2,15,0,17,4,0,4,21
11/25/2009,ALN,IL,AGL,CE,Federal Contract Tower,0,0,10,0,10,0,1,8,0,9,0,1,18,0,19,8,0,8,27
11/26/2009,ALN,IL,AGL,CE,Federal Contract Tower,0,0,1,0,1,0,0,4,0,4,0,0,5,0,5,0,0,0,5
11/27/2009,ALN,IL,AGL,CE,Federal Contract Tower,0,2,16,0,18,0,0,47,0,47,0,2,63,0,65,88,0,88,153
11/28/2009,ALN,IL,AGL,CE,Federal Contract Tower,0,0,20,0,20,0,0,44,0,44,0,0,64,0,64,88,0,88,152
11/29/2009,ALN,IL,AGL,CE,Federal Contract Tower,0,6,13,0,19,0,4,10,0,14,0,10,23,0,33,36,0,36,69
11/30/2009,ALN,IL,AGL,CE,Federal Contract Tower,0,4,13,2,19,0,3,20,0,23,0,7,33,2,42,62,0,62,104
12/01/2009,ALN,IL,AGL,CE,Federal Contract Tower,0,5,23,0,28,0,1,24,0,25,0,6,47,0,53,38,0,38,91
12/02/2009,ALN,IL,AGL,CE,Federal Contract Tower,0,4,1,0,5,0,2,0,0,2,0,6,1,0,7,0,0,0,7
12/03/2009,ALN,IL,AGL,CE,Federal Contract Tower,0,3,20,0,23,0,0,7,0,7,0,3,27,0,30,28,0,28,58
12/04/2009,ALN,IL,AGL,CE,Federal Contract Tower,0,1,16,0,17,0,0,22,2,24,0,1,38,2,41,54,0,54,95
12/05/2009,ALN,IL,AGL,CE,Federal Contract Tower,0,0,23,0,23,0,0,46,4,50,0,0,69,4,73,106,0,106,179
12/06/2009,ALN,IL,AGL,CE,Federal Contract Tower,0,0,7,1,8,0,0,9,2,11,0,0,16,3,19,36,4,40,59
12/07/2009,ALN,IL,AGL,CE,Federal Contract Tower,0,6,10,2,18,0,2,7,0,9,0,8,17,2,27,32,0,32,59
12/08/2009,ALN,IL,AGL,CE,Federal Contract Tower,0,0,10,0,10,0,0,0,0,0,0,0,10,0,10,0,0,0,10
12/09/2009,ALN,IL,AGL,CE,Federal Contract Tower,0,0,3,0,3,0,0,0,0,0,0,0,3,0,3,0,0,0,3
12/10/2009,ALN,IL,AGL,CE,Federal Contract Tower,0,4,20,2,26,0,0,20,0,20,0,4,40,2,46,22,0,22,68
12/11/2009,ALN,IL,AGL,CE,Federal Contract Tower,0,3,13,0,16,0,0,32,0,32,0,3,45,0,48,44,0,44,92
12/12/2009,ALN,IL,AGL,CE,Federal Contract Tower,0,0,8,1,9,0,0,28,4,32,0,0,36,5,41,74,0,74,115
12/13/2009,ALN,IL,AGL,CE,Federal Contract Tower,0,0,16,0,16,0,0,4,0,4,0,0,20,0,20,20,0,20,40
12/14/2009,ALN,IL,AGL,CE,Federal Contract Tower,0,4,16,2,22,0,0,6,0,6,0,4,22,2,28,8,0,8,36
12/15/2009,ALN,IL,AGL,CE,Federal Contract Tower,0,2,13,0,15,0,2,14,0,16,0,4,27,0,31,42,0,42,73
12/16/2009,ALN,IL,AGL,CE,Federal Contract Tower,0,0,16,0,16,0,4,18,0,22,0,4,34,0,38,28,0,28,66
12/17/2009,ALN,IL,AGL,CE,Federal Contract Tower,0,0,31,0,31,0,0,25,0,25,0,0,56,0,56,12,0,12,68
12/18/2009,ALN,IL,AGL,CE,Federal Contract Tower,0,1,29,0,30,0,0,18,2,20,0,1,47,2,50,42,0,42,92
12/19/2009,ALN,IL,AGL,CE,Federal Contract Tower,0,0,16,0,16,0,0,8,0,8,0,0,24,0,24,18,0,18,42
12/20/2009,ALN,IL,AGL,CE,Federal Contract Tower,0,0,0,0,0,0,0,0,0,0,0,0,0,0,0,0,0,0,0
12/21/2009,ALN,IL,AGL,CE,Federal Contract Tower,0,4,25,1,30,0,0,5,0,5,0,4,30,1,35,14,0,14,49
12/22/2009,ALN,IL,AGL,CE,Federal Contract Tower,0,0,4,0,4,0,0,0,0,0,0,0,4,0,4,2,0,2,6
12/23/2009,ALN,IL,AGL,CE,Federal Contract Tower,0,0,4,0,4,0,0,0,0,0,0,0,4,0,4,2,0,2,6
12/24/2009,ALN,IL,AGL,CE,Federal Contract Tower,0,2,0,0,2,0,0,0,0,0,0,2,0,0,2,0,0,0,2
12/25/2009,ALN,IL,AGL,CE,Federal Contract Tower,0,0,0,0,0,0,0,0,0,0,0,0,0,0,0,0,0,0,0
12/26/2009,ALN,IL,AGL,CE,Federal Contract Tower,0,0,3,0,3,0,0,1,0,1,0,0,4,0,4,0,0,0,4
12/27/2009,ALN,IL,AGL,CE,Federal Contract Tower,0,2,2,0,4,0,0,0,0,0,0,2,2,0,4,0,0,0,4
12/28/2009,ALN,IL,AGL,CE,Federal Contract Tower,0,3,8,0,11,0,0,7,0,7,0,3,15,0,18,8,0,8,26
12/29/2009,ALN,IL,AGL,CE,Federal Contract Tower,0,5,18,2,25,0,0,16,5,21,0,5,34,7,46,38,0,38,84
12/30/2009,ALN,IL,AGL,CE,Federal Contract Tower,0,4,1,0,5,0,0,0,0,0,0,4,1,0,5,0,0,0,5
12/31/2009,ALN,IL,AGL,CE,Federal Contract Tower,0,0,7,0,7,0,0,4,0,4,0,0,11,0,11,2,0,2,13
01/01/2010,ALN,IL,AGL,CE,Federal Contract Tower,0,0,7,0,7,0,0,14,0,14,0,0,21,0,21,26,0,26,47
01/02/2010,ALN,IL,AGL,CE,Federal Contract Tower,0,0,13,0,13,0,0,22,0,22,0,0,35,0,35,32,0,32,67
01/03/2010,ALN,IL,AGL,CE,Federal Contract Tower,0,0,14,0,14,0,0,2,0,2,0,0,16,0,16,12,0,12,28
01/04/2010,ALN,IL,AGL,CE,Federal Contract Tower,0,3,18,1,22,0,0,5,0,5,0,3,23,1,27,4,0,4,31
01/05/2010,ALN,IL,AGL,CE,Federal Contract Tower,0,2,18,0,20,0,0,14,0,14,0,2,32,0,34,12,0,12,46
01/06/2010,ALN,IL,AGL,CE,Federal Contract Tower,0,0,11,0,11,0,0,8,0,8,0,0,19,0,19,16,0,16,35
01/07/2010,ALN,IL,AGL,CE,Federal Contract Tower,0,0,3,0,3,0,0,0,0,0,0,0,3,0,3,0,0,0,3
01/08/2010,ALN,IL,AGL,CE,Federal Contract Tower,0,2,12,0,14,0,0,4,0,4,0,2,16,0,18,10,0,10,28
01/09/2010,ALN,IL,AGL,CE,Federal Contract Tower,0,0,14,1,15,0,0,1,1,2,0,0,15,2,17,6,0,6,23
01/10/2010,ALN,IL,AGL,CE,Federal Contract Tower,0,2,9,0,11,0,0,4,0,4,0,2,13,0,15,8,0,8,23
01/11/2010,ALN,IL,AGL,CE,Federal Contract Tower,0,4,11,0,15,0,2,14,2,18,0,6,25,2,33,18,2,20,53
01/12/2010,ALN,IL,AGL,CE,Federal Contract Tower,0,2,14,0,16,0,0,17,0,17,0,2,31,0,33,36,0,36,69
01/13/2010,ALN,IL,AGL,CE,Federal Contract Tower,0,1,21,0,22,0,0,25,0,25,0,1,46,0,47,6,0,6,53
01/14/2010,ALN,IL,AGL,CE,Federal Contract Tower,0,1,19,0,20,0,1,14,0,15,0,2,33,0,35,50,0,50,85
01/15/2010,ALN,IL,AGL,CE,Federal Contract Tower,0,2,8,0,10,0,0,0,0,0,0,2,8,0,10,0,0,0,10
01/16/2010,ALN,IL,AGL,CE,Federal Contract Tower,0,0,1,0,1,0,0,0,0,0,0,0,1,0,1,0,0,0,1
01/17/2010,ALN,IL,AGL,CE,Federal Contract Tower,0,2,7,0,9,0,0,24,0,24,0,2,31,0,33,52,0,52,85
01/18/2010,ALN,IL,AGL,CE,Federal Contract Tower,0,1,4,0,5,0,0,0,0,0,0,1,4,0,5,0,0,0,5
01/19/2010,ALN,IL,AGL,CE,Federal Contract Tower,0,1,10,0,11,0,0,0,0,0,0,1,10,0,11,12,0,12,23
01/20/2010,ALN,IL,AGL,CE,Federal Contract Tower,0,2,4,0,6,0,0,0,0,0,0,2,4,0,6,0,0,0,6
01/21/2010,ALN,IL,AGL,CE,Federal Contract Tower,0,0,10,0,10,0,0,0,0,0,0,0,10,0,10,2,0,2,12
01/22/2010,ALN,IL,AGL,CE,Federal Contract Tower,0,0,4,0,4,0,0,0,0,0,0,0,4,0,4,0,0,0,4
01/23/2010,ALN,IL,AGL,CE,Federal Contract Tower,0,0,2,0,2,0,0,0,0,0,0,0,2,0,2,0,0,0,2
01/24/2010,ALN,IL,AGL,CE,Federal Contract Tower,0,0,4,0,4,0,0,4,0,4,0,0,8,0,8,20,0,20,28
01/25/2010,ALN,IL,AGL,CE,Federal Contract Tower,0,5,16,0,21,0,0,0,0,0,0,5,16,0,21,4,0,4,25
01/26/2010,ALN,IL,AGL,CE,Federal Contract Tower,0,5,9,0,14,0,0,18,0,18,0,5,27,0,32,30,0,30,62
01/27/2010,ALN,IL,AGL,CE,Federal Contract Tower,0,3,28,0,31,0,0,19,0,19,0,3,47,0,50,42,0,42,92
01/28/2010,ALN,IL,AGL,CE,Federal Contract Tower,0,1,12,0,13,0,0,12,0,12,0,1,24,0,25,18,0,18,43
01/29/2010,ALN,IL,AGL,CE,Federal Contract Tower,0,5,19,0,24,0,0,0,0,0,0,5,19,0,24,36,0,36,60
01/30/2010,ALN,IL,AGL,CE,Federal Contract Tower,0,0,16,0,16,0,0,40,0,40,0,0,56,0,56,66,0,66,122
01/31/2010,ALN,IL,AGL,CE,Federal Contract Tower,0,1,34,0,35,0,0,48,1,49,0,1,82,1,84,84,0,84,168
02/01/2010,ALN,IL,AGL,CE,Federal Contract Tower,0,6,18,2,26,0,0,4,0,4,0,6,22,2,30,8,0,8,38
02/02/2010,ALN,IL,AGL,CE,Federal Contract Tower,0,1,16,0,17,0,0,6,0,6,0,1,22,0,23,6,0,6,29
02/03/2010,ALN,IL,AGL,CE,Federal Contract Tower,0,0,24,1,25,0,2,29,2,33,0,2,53,3,58,60,10,70,128
02/04/2010,ALN,IL,AGL,CE,Federal Contract Tower,0,0,12,1,13,0,0,8,0,8,0,0,20,1,21,36,0,36,57
02/05/2010,ALN,IL,AGL,CE,Federal Contract Tower,0,3,7,0,10,0,0,0,0,0,0,3,7,0,10,2,0,2,12
02/06/2010,ALN,IL,AGL,CE,Federal Contract Tower,0,0,1,0,1,0,0,6,0,6,0,0,7,0,7,4,0,4,11
02/07/2010,ALN,IL,AGL,CE,Federal Contract Tower,0,0,14,0,14,0,0,16,0,16,0,0,30,0,30,50,0,50,80
02/08/2010,ALN,IL,AGL,CE,Federal Contract Tower,0,0,4,1,5,0,0,6,0,6,0,0,10,1,11,10,0,10,21
02/09/2010,ALN,IL,AGL,CE,Federal Contract Tower,0,0,9,0,9,0,0,0,0,0,0,0,9,0,9,6,0,6,15
02/10/2010,ALN,IL,AGL,CE,Federal Contract Tower,0,1,15,0,16,0,0,6,0,6,0,1,21,0,22,4,4,8,30
02/11/2010,ALN,IL,AGL,CE,Federal Contract Tower,0,3,29,6,38,0,0,23,0,23,0,3,52,6,61,36,12,48,109
02/12/2010,ALN,IL,AGL,CE,Federal Contract Tower,0,2,18,0,20,0,0,20,0,20,0,2,38,0,40,30,0,30,70
02/13/2010,ALN,IL,AGL,CE,Federal Contract Tower,0,1,15,0,16,0,0,24,0,24,0,1,39,0,40,90,0,90,130
02/14/2010,ALN,IL,AGL,CE,Federal Contract Tower,0,0,1,0,1,0,0,0,0,0,0,0,1,0,1,0,0,0,1
02/15/2010,ALN,IL,AGL,CE,Federal Contract Tower,0,0,7,0,7,0,0,2,0,2,0,0,9,0,9,4,0,4,13
02/16/2010,ALN,IL,AGL,CE,Federal Contract Tower,0,0,7,2,9,0,0,10,0,10,0,0,17,2,19,36,4,40,59
02/17/2010,ALN,IL,AGL,CE,Federal Contract Tower,0,0,13,0,13,0,0,9,0,9,0,0,22,0,22,42,0,42,64
02/18/2010,ALN,IL,AGL,CE,Federal Contract Tower,0,0,22,0,22,0,0,27,0,27,0,0,49,0,49,50,0,50,99
02/19/2010,ALN,IL,AGL,CE,Federal Contract Tower,0,0,14,0,14,0,0,26,0,26,0,0,40,0,40,38,0,38,78
02/20/2010,ALN,IL,AGL,CE,Federal Contract Tower,0,0,2,0,2,0,0,36,0,36,0,0,38,0,38,58,0,58,96
02/21/2010,ALN,IL,AGL,CE,Federal Contract Tower,0,0,4,0,4,0,0,0,0,0,0,0,4,0,4,0,0,0,4
02/22/2010,ALN,IL,AGL,CE,Federal Contract Tower,0,0,13,0,13,0,0,0,0,0,0,0,13,0,13,0,0,0,13
02/23/2010,ALN,IL,AGL,CE,Federal Contract Tower,0,2,29,0,31,0,1,17,0,18,0,3,46,0,49,50,0,50,99
02/24/2010,ALN,IL,AGL,CE,Federal Contract Tower,0,0,9,0,9,0,0,13,0,13,0,0,22,0,22,42,0,42,64
02/25/2010,ALN,IL,AGL,CE,Federal Contract Tower,0,5,11,2,18,0,0,28,0,28,0,5,39,2,46,56,6,62,108
02/26/2010,ALN,IL,AGL,CE,Federal Contract Tower,0,2,14,1,17,0,0,48,0,48,0,2,62,1,65,106,0,106,171
02/27/2010,ALN,IL,AGL,CE,Federal Contract Tower,0,1,17,0,18,0,0,35,0,35,0,1,52,0,53,84,0,84,137
02/28/2010,ALN,IL,AGL,CE,Federal Contract Tower,0,0,6,1,7,0,0,37,0,37,0,0,43,1,44,60,4,64,108
03/01/2010,ALN,IL,AGL,CE,Federal Contract Tower,0,4,19,2,25,0,0,10,0,10,0,4,29,2,35,6,0,6,41
03/02/2010,ALN,IL,AGL,CE,Federal Contract Tower,0,0,9,0,9,0,0,10,0,10,0,0,19,0,19,18,0,18,37
03/03/2010,ALN,IL,AGL,CE,Federal Contract Tower,0,0,12,0,12,0,0,12,0,12,0,0,24,0,24,18,0,18,42
03/04/2010,ALN,IL,AGL,CE,Federal Contract Tower,0,2,15,0,17,0,0,41,0,41,0,2,56,0,58,44,0,44,102
03/05/2010,ALN,IL,AGL,CE,Federal Contract Tower,0,0,20,1,21,0,0,22,4,26,0,0,42,5,47,80,10,90,137
03/06/2010,ALN,IL,AGL,CE,Federal Contract Tower,0,0,7,1,8,0,0,70,10,80,0,0,77,11,88,80,20,100,188
03/07/2010,ALN,IL,AGL,CE,Federal Contract Tower,0,0,5,0,5,0,0,16,0,16,0,0,21,0,21,48,0,48,69
03/08/2010,ALN,IL,AGL,CE,Federal Contract Tower,0,6,19,1,26,0,0,11,0,11,0,6,30,1,37,20,0,20,57
03/09/2010,ALN,IL,AGL,CE,Federal Contract Tower,0,1,13,0,14,0,0,0,0,0,0,1,13,0,14,0,0,0,14
03/10/2010,ALN,IL,AGL,CE,Federal Contract Tower,0,6,12,0,18,0,1,10,0,11,0,7,22,0,29,12,0,12,41
03/11/2010,ALN,IL,AGL,CE,Federal Contract Tower,0,5,11,0,16,0,0,2,2,4,0,5,13,2,20,0,0,0,20
03/12/2010,ALN,IL,AGL,CE,Federal Contract Tower,0,0,13,3,16,0,0,2,0,2,0,0,15,3,18,6,0,6,24
03/13/2010,ALN,IL,AGL,CE,Federal Contract Tower,0,1,5,0,6,0,0,0,0,0,0,1,5,0,6,4,0,4,10
03/14/2010,ALN,IL,AGL,CE,Federal Contract Tower,0,0,12,1,13,0,0,7,2,9,0,0,19,3,22,18,0,18,40
03/15/2010,ALN,IL,AGL,CE,Federal Contract Tower,0,4,9,1,14,0,2,18,0,20,0,6,27,1,34,30,0,30,64
03/16/2010,ALN,IL,AGL,CE,Federal Contract Tower,0,0,6,0,6,0,0,18,0,18,0,0,24,0,24,28,0,28,52
03/17/2010,ALN,IL,AGL,CE,Federal Contract Tower,0,5,21,3,29,0,0,12,0,12,0,5,33,3,41,22,0,22,63
03/18/2010,ALN,IL,AGL,CE,Federal Contract Tower,0,7,19,2,28,0,2,25,0,27,0,9,44,2,55,32,0,32,87
03/19/2010,ALN,IL,AGL,CE,Federal Contract Tower,0,2,28,0,30,0,0,46,0,46,0,2,74,0,76,118,0,118,194
03/20/2010,ALN,IL,AGL,CE,Federal Contract Tower,0,0,12,0,12,0,0,9,0,9,0,0,21,0,21,34,0,34,55
03/21/2010,ALN,IL,AGL,CE,Federal Contract Tower,0,0,5,0,5,0,0,0,0,0,0,0,5,0,5,0,0,0,5
03/22/2010,ALN,IL,AGL,CE,Federal Contract Tower,0,4,30,1,35,0,0,14,1,15,0,4,44,2,50,34,0,34,84
03/23/2010,ALN,IL,AGL,CE,Federal Contract Tower,0,0,35,0,35,0,2,48,0,50,0,2,83,0,85,82,0,82,167
03/24/2010,ALN,IL,AGL,CE,Federal Contract Tower,0,1,8,2,11,0,6,15,0,21,0,7,23,2,32,20,4,24,56
03/25/2010,ALN,IL,AGL,CE,Federal Contract Tower,0,0,3,0,3,0,0,1,0,1,0,0,4,0,4,0,0,0,4
03/26/2010,ALN,IL,AGL,CE,Federal Contract Tower,0,0,26,0,26,0,2,32,0,34,0,2,58,0,60,94,0,94,154
03/27/2010,ALN,IL,AGL,CE,Federal Contract Tower,0,0,28,0,28,0,0,46,0,46,0,0,74,0,74,104,0,104,178
03/28/2010,ALN,IL,AGL,CE,Federal Contract Tower,0,3,5,0,8,0,0,0,0,0,0,3,5,0,8,6,0,6,14
03/29/2010,ALN,IL,AGL,CE,Federal Contract Tower,0,4,18,1,23,0,1,26,0,27,0,5,44,1,50,44,0,44,94
03/30/2010,ALN,IL,AGL,CE,Federal Contract Tower,0,0,22,0,22,0,2,25,0,27,0,2,47,0,49,46,0,46,95
03/31/2010,ALN,IL,AGL,CE,Federal Contract Tower,0,0,15,0,15,0,2,8,0,10,0,2,23,0,25,18,0,18,43
04/01/2010,ALN,IL,AGL,CE,Federal Contract Tower,0,0,10,0,10,0,0,16,0,16,0,0,26,0,26,14,0,14,40
04/02/2010,ALN,IL,AGL,CE,Federal Contract Tower,0,3,14,2,19,0,0,17,0,17,0,3,31,2,36,32,0,32,68
04/03/2010,ALN,IL,AGL,CE,Federal Contract Tower,0,0,6,0,6,0,0,33,2,35,0,0,39,2,41,122,26,148,189
04/04/2010,ALN,IL,AGL,CE,Federal Contract Tower,0,2,3,0,5,0,0,18,0,18,0,2,21,0,23,14,0,14,37
04/05/2010,ALN,IL,AGL,CE,Federal Contract Tower,0,4,11,0,15,0,0,4,0,4,0,4,15,0,19,8,0,8,27
04/06/2010,ALN,IL,AGL,CE,Federal Contract Tower,0,1,12,0,13,0,2,4,0,6,0,3,16,0,19,0,0,0,19
04/07/2010,ALN,IL,AGL,CE,Federal Contract Tower,0,4,16,0,20,0,2,3,0,5,0,6,19,0,25,14,0,14,39
04/08/2010,ALN,IL,AGL,CE,Federal Contract Tower,0,5,13,0,18,0,3,22,0,25,0,8,35,0,43,54,0,54,97
04/09/2010,ALN,IL,AGL,CE,Federal Contract Tower,0,6,10,0,16,0,3,50,0,53,0,9,60,0,69,102,0,102,171
04/10/2010,ALN,IL,AGL,CE,Federal Contract Tower,0,0,10,1,11,0,0,48,3,51,0,0,58,4,62,72,30,102,164
04/11/2010,ALN,IL,AGL,CE,Federal Contract Tower,0,2,10,0,12,0,0,40,3,43,0,2,50,3,55,92,34,126,181
04/12/2010,ALN,IL,AGL,CE,Federal Contract Tower,0,6,27,7,40,0,0,34,0,34,0,6,61,7,74,52,48,100,174
04/13/2010,ALN,IL,AGL,CE,Federal Contract Tower,0,3,21,0,24,0,0,38,0,38,0,3,59,0,62,70,0,70,132
04/14/2010,ALN,IL,AGL,CE,Federal Contract Tower,0,1,21,0,22,0,0,37,0,37,0,1,58,0,59,68,0,68,127
04/15/2010,ALN,IL,AGL,CE,Federal Contract Tower,0,3,23,2,28,0,2,39,1,42,0,5,62,3,70,78,2,80,150
04/16/2010,ALN,IL,AGL,CE,Federal Contract Tower,0,0,7,1,8,0,0,16,0,16,0,0,23,1,24,36,0,36,60
04/17/2010,ALN,IL,AGL,CE,Federal Contract Tower,0,1,11,0,12,0,0,51,0,51,0,1,62,0,63,88,0,88,151
04/18/2010,ALN,IL,AGL,CE,Federal Contract Tower,0,0,5,1,6,0,0,35,0,35,0,0,40,1,41,62,0,62,103
04/19/2010,ALN,IL,AGL,CE,Federal Contract Tower,0,4,12,0,16,0,0,20,0,20,0,4,32,0,36,46,0,46,82
04/20/2010,ALN,IL,AGL,CE,Federal Contract Tower,0,4,22,0,26,0,2,23,0,25,0,6,45,0,51,38,0,38,89
04/21/2010,ALN,IL,AGL,CE,Federal Contract Tower,0,1,17,0,18,0,4,26,0,30,0,5,43,0,48,50,0,50,98
04/22/2010,ALN,IL,AGL,CE,Federal Contract Tower,0,1,16,0,17,0,3,18,0,21,0,4,34,0,38,30,0,30,68
04/23/2010,ALN,IL,AGL,CE,Federal Contract Tower,0,1,15,0,16,0,0,18,0,18,0,1,33,0,34,48,0,48,82
04/24/2010,ALN,IL,AGL,CE,Federal Contract Tower,0,0,4,0,4,0,0,17,0,17,0,0,21,0,21,38,0,38,59
04/25/2010,ALN,IL,AGL,CE,Federal Contract Tower,0,1,7,0,8,0,0,0,0,0,0,1,7,0,8,4,0,4,12
04/26/2010,ALN,IL,AGL,CE,Federal Contract Tower,0,0,23,0,23,0,0,19,0,19,0,0,42,0,42,30,0,30,72
04/27/2010,ALN,IL,AGL,CE,Federal Contract Tower,0,0,8,0,8,0,0,17,0,17,0,0,25,0,25,8,0,8,33
04/28/2010,ALN,IL,AGL,CE,Federal Contract Tower,0,0,25,1,26,0,0,27,2,29,0,0,52,3,55,38,4,42,97
04/29/2010,ALN,IL,AGL,CE,Federal Contract Tower,0,6,15,0,21,0,0,4,0,4,0,6,19,0,25,2,0,2,27
04/30/2010,ALN,IL,AGL,CE,Federal Contract Tower,0,1,6,0,7,0,1,9,2,12,0,2,15,2,19,34,22,56,75
05/01/2010,ALN,IL,AGL,CE,Federal Contract Tower,0,0,16,1,17,0,0,21,3,24,0,0,37,4,41,66,36,102,143
05/02/2010,ALN,IL,AGL,CE,Federal Contract Tower,0,0,16,0,16,0,0,29,0,29,0,0,45,0,45,54,0,54,99
05/03/2010,ALN,IL,AGL,CE,Federal Contract Tower,0,2,20,0,22,0,2,14,0,16,0,4,34,0,38,68,0,68,106
05/04/2010,ALN,IL,AGL,CE,Federal Contract Tower,0,2,19,0,21,0,1,24,0,25,0,3,43,0,46,62,0,62,108
05/05/2010,ALN,IL,AGL,CE,Federal Contract Tower,0,1,30,0,31,0,2,33,4,39,0,3,63,4,70,56,0,56,126
05/06/2010,ALN,IL,AGL,CE,Federal Contract Tower,0,2,12,0,14,0,0,28,1,29,0,2,40,1,43,34,0,34,77
05/07/2010,ALN,IL,AGL,CE,Federal Contract Tower,0,2,9,0,11,0,0,25,3,28,0,2,34,3,39,78,34,112,151
05/08/2010,ALN,IL,AGL,CE,Federal Contract Tower,0,0,4,0,4,0,0,30,2,32,0,0,34,2,36,60,24,84,120
05/09/2010,ALN,IL,AGL,CE,Federal Contract Tower,0,1,3,0,4,0,0,28,0,28,0,1,31,0,32,70,0,70,102
05/10/2010,ALN,IL,AGL,CE,Federal Contract Tower,0,2,15,0,17,0,0,4,0,4,0,2,19,0,21,0,0,0,21
05/11/2010,ALN,IL,AGL,CE,Federal Contract Tower,0,2,13,0,15,0,0,18,0,18,0,2,31,0,33,38,0,38,71
05/12/2010,ALN,IL,AGL,CE,Federal Contract Tower,0,1,17,0,18,0,0,7,2,9,0,1,24,2,27,24,0,24,51
05/13/2010,ALN,IL,AGL,CE,Federal Contract Tower,0,0,4,0,4,0,0,4,0,4,0,0,8,0,8,8,0,8,16
05/14/2010,ALN,IL,AGL,CE,Federal Contract Tower,0,3,9,0,12,0,1,32,0,33,0,4,41,0,45,54,0,54,99
05/15/2010,ALN,IL,AGL,CE,Federal Contract Tower,0,0,5,0,5,0,0,1,0,1,0,0,6,0,6,6,0,6,12
05/16/2010,ALN,IL,AGL,CE,Federal Contract Tower,0,0,14,0,14,0,0,6,0,6,0,0,20,0,20,16,0,16,36
05/17/2010,ALN,IL,AGL,CE,Federal Contract Tower,0,6,26,2,34,0,0,0,0,0,0,6,26,2,34,16,0,16,50
05/18/2010,ALN,IL,AGL,CE,Federal Contract Tower,0,1,23,0,24,0,0,23,0,23,0,1,46,0,47,58,0,58,105
05/19/2010,ALN,IL,AGL,CE,Federal Contract Tower,0,4,25,0,29,0,3,28,0,31,0,7,53,0,60,52,0,52,112
05/20/2010,ALN,IL,AGL,CE,Federal Contract Tower,0,1,11,0,12,0,0,0,0,0,0,1,11,0,12,6,0,6,18
05/21/2010,ALN,IL,AGL,CE,Federal Contract Tower,0,7,14,0,21,0,0,4,2,6,0,7,18,2,27,34,22,56,83
05/22/2010,ALN,IL,AGL,CE,Federal Contract Tower,0,0,23,0,23,0,0,40,2,42,0,0,63,2,65,200,24,224,289
05/23/2010,ALN,IL,AGL,CE,Federal Contract Tower,0,0,17,0,17,0,0,33,0,33,0,0,50,0,50,90,0,90,140
05/24/2010,ALN,IL,AGL,CE,Federal Contract Tower,0,3,25,2,30,0,3,11,0,14,0,6,36,2,44,16,16,32,76
05/25/2010,ALN,IL,AGL,CE,Federal Contract Tower,0,2,22,2,26,0,0,24,2,26,0,2,46,4,52,120,14,134,186
05/26/2010,ALN,IL,AGL,CE,Federal Contract Tower,0,1,15,0,16,0,2,15,5,22,0,3,30,5,38,38,0,38,76
05/27/2010,ALN,IL,AGL,CE,Federal Contract Tower,0,0,31,1,32,0,0,21,2,23,0,0,52,3,55,46,4,50,105
05/28/2010,ALN,IL,AGL,CE,Federal Contract Tower,0,8,24,1,33,0,1,42,3,46,0,9,66,4,79,128,24,152,231
05/29/2010,ALN,IL,AGL,CE,Federal Contract Tower,0,0,13,1,14,0,0,54,5,59,0,0,67,6,73,126,40,166,239
05/30/2010,ALN,IL,AGL,CE,Federal Contract Tower,0,0,19,0,19,0,0,21,0,21,0,0,40,0,40,86,0,86,126
05/31/2010,ALN,IL,AGL,CE,Federal Contract Tower,0,2,8,0,10,0,0,23,0,23,0,2,31,0,33,16,0,16,49
06/01/2010,ALN,IL,AGL,CE,Federal Contract Tower,0,1,17,0,18,0,1,25,0,26,0,2,42,0,44,46,0,46,90
06/02/2010,ALN,IL,AGL,CE,Federal Contract Tower,0,0,9,0,9,0,1,10,2,13,0,1,19,2,22,22,0,22,44
06/03/2010,ALN,IL,AGL,CE,Federal Contract Tower,0,0,25,2,27,0,0,31,0,31,0,0,56,2,58,42,12,54,112
06/04/2010,ALN,IL,AGL,CE,Federal Contract Tower,0,1,14,0,15,0,1,43,3,47,0,2,57,3,62,120,32,152,214
06/05/2010,ALN,IL,AGL,CE,Federal Contract Tower,0,2,15,0,17,0,1,53,2,56,0,3,68,2,73,134,22,156,229
06/06/2010,ALN,IL,AGL,CE,Federal Contract Tower,0,0,19,0,19,0,0,37,0,37,0,0,56,0,56,50,0,50,106
06/07/2010,ALN,IL,AGL,CE,Federal Contract Tower,0,0,22,0,22,0,3,34,0,37,0,3,56,0,59,34,0,34,93
06/08/2010,ALN,IL,AGL,CE,Federal Contract Tower,0,3,13,0,16,0,0,4,0,4,0,3,17,0,20,12,0,12,32
06/09/2010,ALN,IL,AGL,CE,Federal Contract Tower,0,6,11,0,17,0,3,26,3,32,0,9,37,3,49,46,0,46,95
06/10/2010,ALN,IL,AGL,CE,Federal Contract Tower,0,4,10,0,14,0,0,26,0,26,0,4,36,0,40,40,0,40,80
06/11/2010,ALN,IL,AGL,CE,Federal Contract Tower,1,1,13,0,15,0,0,7,0,7,1,1,20,0,22,8,0,8,30
06/12/2010,ALN,IL,AGL,CE,Federal Contract Tower,0,3,6,0,9,0,1,19,0,20,0,4,25,0,29,42,0,42,71
06/13/2010,ALN,IL,AGL,CE,Federal Contract Tower,0,2,17,0,19,0,0,33,2,35,0,2,50,2,54,96,26,122,176
06/14/2010,ALN,IL,AGL,CE,Federal Contract Tower,0,5,22,3,30,0,0,15,0,15,0,5,37,3,45,22,22,44,89
06/15/2010,ALN,IL,AGL,CE,Federal Contract Tower,0,4,8,0,12,0,0,13,0,13,0,4,21,0,25,38,0,38,63
06/16/2010,ALN,IL,AGL,CE,Federal Contract Tower,0,17,20,0,37,0,5,31,0,36,0,22,51,0,73,80,0,80,153
06/17/2010,ALN,IL,AGL,CE,Federal Contract Tower,0,5,9,3,17,0,2,32,4,38,0,7,41,7,55,148,6,154,209
06/18/2010,ALN,IL,AGL,CE,Federal Contract Tower,0,4,23,0,27,0,1,28,2,31,0,5,51,2,58,112,26,138,196
06/19/2010,ALN,IL,AGL,CE,Federal Contract Tower,0,0,9,0,9,0,0,37,2,39,0,0,46,2,48,78,0,78,126
06/20/2010,ALN,IL,AGL,CE,Federal Contract Tower,0,2,9,0,11,0,0,19,4,23,0,2,28,4,34,48,24,72,106
06/21/2010,ALN,IL,AGL,CE,Federal Contract Tower,0,8,16,0,24,0,1,2,0,3,0,9,18,0,27,18,0,18,45
06/22/2010,ALN,IL,AGL,CE,Federal Contract Tower,0,8,20,0,28,0,1,22,0,23,0,9,42,0,51,62,0,62,113
06/23/2010,ALN,IL,AGL,CE,Federal Contract Tower,0,1,27,0,28,0,2,30,0,32,0,3,57,0,60,52,14,66,126
06/24/2010,ALN,IL,AGL,CE,Federal Contract Tower,0,2,20,0,22,0,4,32,5,41,0,6,52,5,63,34,0,34,97
06/25/2010,ALN,IL,AGL,CE,Federal Contract Tower,0,3,27,6,36,0,3,38,2,43,0,6,65,8,79,94,26,120,199
06/26/2010,ALN,IL,AGL,CE,Federal Contract Tower,0,5,13,0,18,0,0,62,2,64,0,5,75,2,82,86,24,110,192
06/27/2010,ALN,IL,AGL,CE,Federal Contract Tower,0,0,16,0,16,0,0,14,0,14,0,0,30,0,30,36,0,36,66
06/28/2010,ALN,IL,AGL,CE,Federal Contract Tower,0,4,12,0,16,0,1,14,1,16,0,5,26,1,32,62,0,62,94
06/29/2010,ALN,IL,AGL,CE,Federal Contract Tower,0,3,21,0,24,0,0,26,0,26,0,3,47,0,50,34,0,34,84
06/30/2010,ALN,IL,AGL,CE,Federal Contract Tower,0,3,32,1,36,0,0,54,0,54,0,3,86,1,90,68,2,70,160
07/01/2010,ALN,IL,AGL,CE,Federal Contract Tower,0,4,16,2,22,0,1,38,0,39,0,5,54,2,61,40,8,48,109
07/02/2010,ALN,IL,AGL,CE,Federal Contract Tower,0,0,11,0,11,0,1,43,2,46,0,1,54,2,57,94,24,118,175
07/03/2010,ALN,IL,AGL,CE,Federal Contract Tower,0,0,14,1,15,0,0,47,0,47,0,0,61,1,62,114,0,114,176
07/04/2010,ALN,IL,AGL,CE,Federal Contract Tower,0,0,5,1,6,0,0,6,0,6,0,0,11,1,12,12,0,12,24
07/05/2010,ALN,IL,AGL,CE,Federal Contract Tower,0,1,13,0,14,0,0,23,0,23,0,1,36,0,37,56,0,56,93
07/06/2010,ALN,IL,AGL,CE,Federal Contract Tower,0,4,8,0,12,0,0,26,0,26,0,4,34,0,38,100,0,100,138
07/07/2010,ALN,IL,AGL,CE,Federal Contract Tower,0,4,11,1,16,0,1,8,2,11,0,5,19,3,27,14,18,32,59
07/08/2010,ALN,IL,AGL,CE,Federal Contract Tower,0,0,8,0,8,0,0,10,0,10,0,0,18,0,18,16,0,16,34
07/09/2010,ALN,IL,AGL,CE,Federal Contract Tower,0,0,19,0,19,0,1,29,2,32,0,1,48,2,51,90,26,116,167
07/10/2010,ALN,IL,AGL,CE,Federal Contract Tower,0,4,36,0,40,0,0,51,2,53,0,4,87,2,93,174,30,204,297
07/11/2010,ALN,IL,AGL,CE,Federal Contract Tower,0,0,21,0,21,0,0,17,4,21,0,0,38,4,42,70,0,70,112
07/12/2010,ALN,IL,AGL,CE,Federal Contract Tower,0,4,15,0,19,0,0,24,0,24,0,4,39,0,43,52,0,52,95
07/13/2010,ALN,IL,AGL,CE,Federal Contract Tower,0,1,13,0,14,0,1,21,0,22,0,2,34,0,36,74,0,74,110
07/14/2010,ALN,IL,AGL,CE,Federal Contract Tower,0,5,28,1,34,0,3,17,1,21,0,8,45,2,55,32,0,32,87
07/15/2010,ALN,IL,AGL,CE,Federal Contract Tower,0,3,4,1,8,0,3,15,1,19,0,6,19,2,27,38,0,38,65
07/16/2010,ALN,IL,AGL,CE,Federal Contract Tower,0,2,19,2,23,0,0,28,0,28,0,2,47,2,51,104,0,104,155
07/17/2010,ALN,IL,AGL,CE,Federal Contract Tower,0,5,13,0,18,0,0,23,2,25,0,5,36,2,43,78,24,102,145
07/18/2010,ALN,IL,AGL,CE,Federal Contract Tower,0,2,13,0,15,0,0,23,0,23,0,2,36,0,38,82,0,82,120
07/19/2010,ALN,IL,AGL,CE,Federal Contract Tower,0,4,31,4,39,0,0,20,0,20,0,4,51,4,59,68,0,68,127
07/20/2010,ALN,IL,AGL,CE,Federal Contract Tower,0,0,12,0,12,0,0,19,0,19,0,0,31,0,31,32,0,32,63
07/21/2010,ALN,IL,AGL,CE,Federal Contract Tower,0,3,15,1,19,0,0,16,0,16,0,3,31,1,35,36,0,36,71
07/22/2010,ALN,IL,AGL,CE,Federal Contract Tower,0,0,20,0,20,0,4,21,1,26,0,4,41,1,46,52,0,52,98
07/23/2010,ALN,IL,AGL,CE,Federal Contract Tower,0,6,7,1,14,0,0,33,2,35,0,6,40,3,49,66,20,86,135
07/24/2010,ALN,IL,AGL,CE,Federal Contract Tower,0,0,8,0,8,0,0,20,0,20,0,0,28,0,28,78,0,78,106
07/25/2010,ALN,IL,AGL,CE,Federal Contract Tower,0,1,26,0,27,0,0,25,0,25,0,1,51,0,52,72,0,72,124
07/26/2010,ALN,IL,AGL,CE,Federal Contract Tower,0,5,23,2,30,0,0,15,0,15,0,5,38,2,45,44,0,44,89
07/27/2010,ALN,IL,AGL,CE,Federal Contract Tower,0,3,15,0,18,0,0,14,0,14,0,3,29,0,32,54,0,54,86
07/28/2010,ALN,IL,AGL,CE,Federal Contract Tower,0,0,28,0,28,0,2,14,0,16,0,2,42,0,44,32,0,32,76
07/29/2010,ALN,IL,AGL,CE,Federal Contract Tower,0,1,22,0,23,0,1,24,0,25,0,2,46,0,48,36,0,36,84
07/30/2010,ALN,IL,AGL,CE,Federal Contract Tower,0,2,13,0,15,0,0,21,2,23,0,2,34,2,38,26,20,46,84
07/31/2010,ALN,IL,AGL,CE,Federal Contract Tower,0,2,9,0,11,0,0,10,0,10,0,2,19,0,21,22,0,22,43
08/01/2010,ALN,IL,AGL,CE,Federal Contract Tower,0,0,10,0,10,0,0,32,0,32,0,0,42,0,42,40,0,40,82
08/02/2010,ALN,IL,AGL,CE,Federal Contract Tower,0,0,8,4,12,0,0,14,1,15,0,0,22,5,27,40,6,46,73
08/03/2010,ALN,IL,AGL,CE,Federal Contract Tower,0,3,24,0,27,0,0,14,0,14,0,3,38,0,41,54,0,54,95
08/04/2010,ALN,IL,AGL,CE,Federal Contract Tower,0,7,14,0,21,0,0,4,0,4,0,7,18,0,25,16,0,16,41
08/05/2010,ALN,IL,AGL,CE,Federal Contract Tower,0,1,19,0,20,0,0,27,0,27,0,1,46,0,47,60,0,60,107
08/06/2010,ALN,IL,AGL,CE,Federal Contract Tower,0,1,5,0,6,0,1,28,2,31,0,2,33,2,37,54,24,78,115
08/07/2010,ALN,IL,AGL,CE,Federal Contract Tower,0,4,16,0,20,0,0,50,3,53,0,4,66,3,73,122,26,148,221
08/08/2010,ALN,IL,AGL,CE,Federal Contract Tower,0,1,11,0,12,0,0,19,0,19,0,1,30,0,31,70,0,70,101
08/09/2010,ALN,IL,AGL,CE,Federal Contract Tower,0,3,5,2,10,0,1,6,0,7,0,4,11,2,17,20,0,20,37
08/10/2010,ALN,IL,AGL,CE,Federal Contract Tower,0,1,15,0,16,0,0,15,0,15,0,1,30,0,31,48,0,48,79
08/11/2010,ALN,IL,AGL,CE,Federal Contract Tower,0,1,13,0,14,0,0,4,0,4,0,1,17,0,18,4,0,4,22
08/12/2010,ALN,IL,AGL,CE,Federal Contract Tower,0,3,6,0,9,0,0,14,0,14,0,3,20,0,23,8,0,8,31
08/13/2010,ALN,IL,AGL,CE,Federal Contract Tower,0,0,17,0,17,0,0,15,0,15,0,0,32,0,32,32,0,32,64
08/14/2010,ALN,IL,AGL,CE,Federal Contract Tower,0,0,4,1,5,0,0,46,6,52,0,0,50,7,57,24,26,50,107
08/15/2010,ALN,IL,AGL,CE,Federal Contract Tower,0,0,5,0,5,0,0,36,0,36,0,0,41,0,41,62,0,62,103
08/16/2010,ALN,IL,AGL,CE,Federal Contract Tower,0,8,24,0,32,0,0,24,0,24,0,8,48,0,56,74,0,74,130
08/17/2010,ALN,IL,AGL,CE,Federal Contract Tower,0,1,19,0,20,0,2,10,0,12,0,3,29,0,32,58,0,58,90
08/18/2010,ALN,IL,AGL,CE,Federal Contract Tower,0,9,17,0,26,0,0,27,0,27,0,9,44,0,53,60,0,60,113
08/19/2010,ALN,IL,AGL,CE,Federal Contract Tower,0,0,11,0,11,0,0,30,0,30,0,0,41,0,41,76,0,76,117
08/20/2010,ALN,IL,AGL,CE,Federal Contract Tower,0,4,13,0,17,0,0,15,0,15,0,4,28,0,32,6,0,6,38
08/21/2010,ALN,IL,AGL,CE,Federal Contract Tower,0,0,13,2,15,0,0,33,0,33,0,0,46,2,48,54,0,54,102
08/22/2010,ALN,IL,AGL,CE,Federal Contract Tower,0,0,7,0,7,0,0,34,0,34,0,0,41,0,41,66,0,66,107
08/23/2010,ALN,IL,AGL,CE,Federal Contract Tower,0,4,17,6,27,0,1,22,0,23,0,5,39,6,50,34,36,70,120
08/24/2010,ALN,IL,AGL,CE,Federal Contract Tower,0,0,25,0,25,0,1,17,0,18,0,1,42,0,43,32,0,32,75
08/25/2010,ALN,IL,AGL,CE,Federal Contract Tower,0,2,23,4,29,0,0,12,0,12,0,2,35,4,41,12,12,24,65
08/26/2010,ALN,IL,AGL,CE,Federal Contract Tower,0,0,37,3,40,0,0,28,2,30,0,0,65,5,70,44,8,52,122
08/27/2010,ALN,IL,AGL,CE,Federal Contract Tower,0,2,31,3,36,0,0,31,2,33,0,2,62,5,69,90,28,118,187
08/28/2010,ALN,IL,AGL,CE,Federal Contract Tower,0,2,14,0,16,0,0,53,2,55,0,2,67,2,71,84,26,110,181
08/29/2010,ALN,IL,AGL,CE,Federal Contract Tower,0,0,5,0,5,0,0,56,0,56,0,0,61,0,61,60,0,60,121
08/30/2010,ALN,IL,AGL,CE,Federal Contract Tower,0,3,13,2,18,0,0,1,0,1,0,3,14,2,19,0,0,0,19
08/31/2010,ALN,IL,AGL,CE,Federal Contract Tower,0,0,15,2,17,0,0,12,0,12,0,0,27,2,29,28,0,28,57
09/01/2010,ALN,IL,AGL,CE,Federal Contract Tower,0,2,22,0,24,0,0,2,0,2,0,2,24,0,26,10,0,10,36
09/02/2010,ALN,IL,AGL,CE,Federal Contract Tower,0,0,15,0,15,0,0,28,0,28,0,0,43,0,43,64,0,64,107
09/03/2010,ALN,IL,AGL,CE,Federal Contract Tower,0,0,21,0,21,0,0,50,2,52,0,0,71,2,73,114,24,138,211
09/04/2010,ALN,IL,AGL,CE,Federal Contract Tower,0,0,11,1,12,0,0,49,0,49,0,0,60,1,61,120,0,120,181
09/05/2010,ALN,IL,AGL,CE,Federal Contract Tower,0,0,1,0,1,0,0,31,0,31,0,0,32,0,32,20,0,20,52
09/06/2010,ALN,IL,AGL,CE,Federal Contract Tower,0,0,9,1,10,0,0,19,0,19,0,0,28,1,29,60,0,60,89
09/07/2010,ALN,IL,AGL,CE,Federal Contract Tower,0,2,4,0,6,0,0,19,0,19,0,2,23,0,25,54,0,54,79
09/08/2010,ALN,IL,AGL,CE,Federal Contract Tower,0,7,43,0,50,0,2,24,0,26,0,9,67,0,76,64,0,64,140
09/09/2010,ALN,IL,AGL,CE,Federal Contract Tower,0,2,20,2,24,0,0,1,0,1,0,2,21,2,25,14,8,22,47
09/10/2010,ALN,IL,AGL,CE,Federal Contract Tower,0,7,8,1,16,0,2,0,0,2,0,9,8,1,18,8,0,8,26
09/11/2010,ALN,IL,AGL,CE,Federal Contract Tower,0,4,15,0,19,0,0,26,0,26,0,4,41,0,45,112,0,112,157
09/12/2010,ALN,IL,AGL,CE,Federal Contract Tower,0,2,8,1,11,0,0,51,0,51,0,2,59,1,62,34,0,34,96
09/13/2010,ALN,IL,AGL,CE,Federal Contract Tower,0,4,14,0,18,0,0,19,0,19,0,4,33,0,37,110,0,110,147
09/14/2010,ALN,IL,AGL,CE,Federal Contract Tower,0,2,29,0,31,0,0,23,0,23,0,2,52,0,54,90,0,90,144
09/15/2010,ALN,IL,AGL,CE,Federal Contract Tower,0,1,15,1,17,0,0,19,0,19,0,1,34,1,36,12,2,14,50
09/16/2010,ALN,IL,AGL,CE,Federal Contract Tower,0,3,19,0,22,0,0,16,5,21,0,3,35,5,43,54,0,54,97
09/17/2010,ALN,IL,AGL,CE,Federal Contract Tower,0,5,17,0,22,0,1,50,3,54,0,6,67,3,76,70,26,96,172
09/18/2010,ALN,IL,AGL,CE,Federal Contract Tower,0,2,8,0,10,0,0,36,3,39,0,2,44,3,49,56,0,56,105
09/19/2010,ALN,IL,AGL,CE,Federal Contract Tower,0,0,5,0,5,0,2,14,0,16,0,2,19,0,21,2,0,2,23
09/20/2010,ALN,IL,AGL,CE,Federal Contract Tower,0,4,12,0,16,0,0,16,2,18,0,4,28,2,34,46,0,46,80
09/21/2010,ALN,IL,AGL,CE,Federal Contract Tower,0,2,29,4,35,0,0,21,0,21,0,2,50,4,56,80,20,100,156
09/22/2010,ALN,IL,AGL,CE,Federal Contract Tower,0,1,7,0,8,0,0,11,0,11,0,1,18,0,19,12,0,12,31
09/23/2010,ALN,IL,AGL,CE,Federal Contract Tower,0,3,5,0,8,0,0,31,0,31,0,3,36,0,39,70,0,70,109
09/24/2010,ALN,IL,AGL,CE,Federal Contract Tower,0,0,12,1,13,0,1,44,6,51,0,1,56,7,64,142,26,168,232
09/25/2010,ALN,IL,AGL,CE,Federal Contract Tower,0,1,16,0,17,0,0,151,0,151,0,1,167,0,168,194,4,198,366
09/26/2010,ALN,IL,AGL,CE,Federal Contract Tower,0,2,18,0,20,0,0,190,0,190,0,2,208,0,210,20,0,20,230
09/27/2010,ALN,IL,AGL,CE,Federal Contract Tower,0,3,27,0,30,0,0,21,0,21,0,3,48,0,51,34,0,34,85
09/28/2010,ALN,IL,AGL,CE,Federal Contract Tower,0,3,13,0,16,0,0,33,0,33,0,3,46,0,49,36,0,36,85
09/29/2010,ALN,IL,AGL,CE,Federal Contract Tower,0,1,21,0,22,0,6,27,0,33,0,7,48,0,55,28,0,28,83
09/30/2010,ALN,IL,AGL,CE,Federal Contract Tower,0,1,15,0,16,0,2,45,0,47,0,3,60,0,63,138,0,138,201
10/01/2010,ALN,IL,AGL,CE,Federal Contract Tower,0,3,16,0,19,0,8,37,2,47,0,11,53,2,66,92,24,116,182
10/02/2010,ALN,IL,AGL,CE,Federal Contract Tower,0,0,20,0,20,0,0,35,2,37,0,0,55,2,57,100,24,124,181
10/03/2010,ALN,IL,AGL,CE,Federal Contract Tower,0,0,15,0,15,0,0,51,0,51,0,0,66,0,66,160,0,160,226
10/04/2010,ALN,IL,AGL,CE,Federal Contract Tower,0,3,13,0,16,0,0,16,0,16,0,3,29,0,32,32,0,32,64
10/05/2010,ALN,IL,AGL,CE,Federal Contract Tower,0,2,15,0,17,0,0,28,0,28,0,2,43,0,45,62,0,62,107
10/06/2010,ALN,IL,AGL,CE,Federal Contract Tower,0,4,21,0,25,0,6,22,0,28,0,10,43,0,53,62,0,62,115
10/07/2010,ALN,IL,AGL,CE,Federal Contract Tower,0,5,29,0,34,0,1,32,0,33,0,6,61,0,67,94,0,94,161
10/08/2010,ALN,IL,AGL,CE,Federal Contract Tower,0,0,31,11,42,0,0,42,4,46,0,0,73,15,88,126,74,200,288
10/09/2010,ALN,IL,AGL,CE,Federal Contract Tower,0,1,12,0,13,0,0,49,2,51,0,1,61,2,64,142,30,172,236
10/10/2010,ALN,IL,AGL,CE,Federal Contract Tower,0,0,13,0,13,0,0,33,0,33,0,0,46,0,46,64,0,64,110
10/11/2010,ALN,IL,AGL,CE,Federal Contract Tower,0,5,16,0,21,0,2,28,0,30,0,7,44,0,51,34,0,34,85
10/12/2010,ALN,IL,AGL,CE,Federal Contract Tower,0,0,28,9,37,0,1,17,1,19,0,1,45,10,56,38,4,42,98
10/13/2010,ALN,IL,AGL,CE,Federal Contract Tower,0,0,10,0,10,0,0,15,0,15,0,0,25,0,25,38,0,38,63
10/14/2010,ALN,IL,AGL,CE,Federal Contract Tower,0,5,20,0,25,0,0,44,0,44,0,5,64,0,69,106,0,106,175
10/15/2010,ALN,IL,AGL,CE,Federal Contract Tower,0,1,16,0,17,0,0,39,0,39,0,1,55,0,56,128,0,128,184
10/16/2010,ALN,IL,AGL,CE,Federal Contract Tower,0,5,10,0,15,0,0,56,2,58,0,5,66,2,73,112,12,124,197
10/17/2010,ALN,IL,AGL,CE,Federal Contract Tower,0,0,11,0,11,0,0,61,0,61,0,0,72,0,72,70,0,70,142
10/18/2010,ALN,IL,AGL,CE,Federal Contract Tower,0,1,8,2,11,0,0,7,0,7,0,1,15,2,18,2,16,18,36
10/19/2010,ALN,IL,AGL,CE,Federal Contract Tower,0,3,13,0,16,0,1,37,0,38,0,4,50,0,54,66,0,66,120
10/20/2010,ALN,IL,AGL,CE,Federal Contract Tower,0,2,13,0,15,0,0,23,0,23,0,2,36,0,38,24,0,24,62
10/21/2010,ALN,IL,AGL,CE,Federal Contract Tower,0,3,9,0,12,0,0,51,1,52,0,3,60,1,64,104,0,104,168
10/22/2010,ALN,IL,AGL,CE,Federal Contract Tower,0,0,4,0,4,0,1,34,2,37,0,1,38,2,41,104,30,134,175
10/23/2010,ALN,IL,AGL,CE,Federal Contract Tower,0,0,6,0,6,0,0,16,0,16,0,0,22,0,22,34,0,34,56
10/24/2010,ALN,IL,AGL,CE,Federal Contract Tower,0,0,1,0,1,0,0,12,0,12,0,0,13,0,13,0,0,0,13
10/25/2010,ALN,IL,AGL,CE,Federal Contract Tower,0,0,10,1,11,0,0,16,1,17,0,0,26,2,28,30,0,30,58
10/26/2010,ALN,IL,AGL,CE,Federal Contract Tower,0,4,10,4,18,0,0,14,0,14,0,4,24,4,32,40,0,40,72
10/27/2010,ALN,IL,AGL,CE,Federal Contract Tower,0,2,18,0,20,0,1,7,0,8,0,3,25,0,28,40,0,40,68
10/28/2010,ALN,IL,AGL,CE,Federal Contract Tower,0,1,23,0,24,0,0,14,0,14,0,1,37,0,38,46,0,46,84
10/29/2010,ALN,IL,AGL,CE,Federal Contract Tower,0,0,22,2,24,0,0,34,0,34,0,0,56,2,58,204,0,204,262
10/30/2010,ALN,IL,AGL,CE,Federal Contract Tower,0,0,16,0,16,0,0,32,16,48,0,0,48,16,64,90,58,148,212
10/31/2010,ALN,IL,AGL,CE,Federal Contract Tower,0,0,10,0,10,0,0,25,0,25,0,0,35,0,35,78,0,78,113
11/01/2010,ALN,IL,AGL,CE,Federal Contract Tower,0,0,17,0,17,0,3,18,0,21,0,3,35,0,38,32,0,32,70
11/02/2010,ALN,IL,AGL,CE,Federal Contract Tower,0,0,9,1,10,0,1,18,0,19,0,1,27,1,29,50,0,50,79
11/03/2010,ALN,IL,AGL,CE,Federal Contract Tower,0,3,18,0,21,0,0,31,0,31,0,3,49,0,52,76,0,76,128
11/04/2010,ALN,IL,AGL,CE,Federal Contract Tower,0,1,4,0,5,0,0,24,0,24,0,1,28,0,29,50,4,54,83
11/05/2010,ALN,IL,AGL,CE,Federal Contract Tower,0,1,19,0,20,0,0,38,2,40,0,1,57,2,60,136,26,162,222
11/06/2010,ALN,IL,AGL,CE,Federal Contract Tower,0,0,20,0,20,0,0,38,2,40,0,0,58,2,60,104,24,128,188
11/07/2010,ALN,IL,AGL,CE,Federal Contract Tower,0,0,15,0,15,0,0,33,0,33,0,0,48,0,48,66,0,66,114
11/08/2010,ALN,IL,AGL,CE,Federal Contract Tower,0,2,21,0,23,0,0,30,0,30,0,2,51,0,53,46,0,46,99
11/09/2010,ALN,IL,AGL,CE,Federal Contract Tower,0,7,15,0,22,0,1,28,0,29,0,8,43,0,51,82,0,82,133
11/10/2010,ALN,IL,AGL,CE,Federal Contract Tower,0,6,18,2,26,0,0,19,0,19,0,6,37,2,45,36,0,36,81
11/11/2010,ALN,IL,AGL,CE,Federal Contract Tower,0,8,18,1,27,0,1,47,0,48,0,9,65,1,75,90,0,90,165
11/12/2010,ALN,IL,AGL,CE,Federal Contract Tower,0,0,15,0,15,0,0,38,2,40,0,0,53,2,55,108,26,134,189
11/13/2010,ALN,IL,AGL,CE,Federal Contract Tower,0,0,10,0,10,0,0,17,0,17,0,0,27,0,27,48,0,48,75
11/14/2010,ALN,IL,AGL,CE,Federal Contract Tower,0,0,16,0,16,0,0,30,0,30,0,0,46,0,46,74,0,74,120
11/15/2010,ALN,IL,AGL,CE,Federal Contract Tower,0,0,11,0,11,0,3,18,0,21,0,3,29,0,32,46,0,46,78
11/16/2010,ALN,IL,AGL,CE,Federal Contract Tower,0,0,11,0,11,0,0,17,0,17,0,0,28,0,28,84,0,84,112
11/17/2010,ALN,IL,AGL,CE,Federal Contract Tower,0,2,20,0,22,0,0,25,0,25,0,2,45,0,47,58,0,58,105
11/18/2010,ALN,IL,AGL,CE,Federal Contract Tower,0,4,17,2,23,0,0,14,0,14,0,4,31,2,37,68,18,86,123
11/19/2010,ALN,IL,AGL,CE,Federal Contract Tower,0,4,30,0,34,0,0,21,3,24,0,4,51,3,58,80,46,126,184
11/20/2010,ALN,IL,AGL,CE,Federal Contract Tower,0,0,17,2,19,0,0,24,0,24,0,0,41,2,43,90,0,90,133
11/21/2010,ALN,IL,AGL,CE,Federal Contract Tower,0,0,2,0,2,0,0,8,0,8,0,0,10,0,10,4,0,4,14
11/22/2010,ALN,IL,AGL,CE,Federal Contract Tower,0,1,6,0,7,0,0,2,0,2,0,1,8,0,9,0,0,0,9
11/23/2010,ALN,IL,AGL,CE,Federal Contract Tower,0,1,4,7,12,0,0,30,2,32,0,1,34,9,44,78,24,102,146
11/24/2010,ALN,IL,AGL,CE,Federal Contract Tower,0,0,5,0,5,0,0,0,0,0,0,0,5,0,5,0,0,0,5
11/25/2010,ALN,IL,AGL,CE,Federal Contract Tower,0,0,3,0,3,0,0,0,0,0,0,0,3,0,3,0,0,0,3
11/26/2010,ALN,IL,AGL,CE,Federal Contract Tower,0,0,4,0,4,0,0,6,0,6,0,0,10,0,10,0,0,0,10
11/27/2010,ALN,IL,AGL,CE,Federal Contract Tower,0,0,14,0,14,0,0,60,0,60,0,0,74,0,74,114,0,114,188
11/28/2010,ALN,IL,AGL,CE,Federal Contract Tower,0,2,19,0,21,0,0,22,0,22,0,2,41,0,43,58,0,58,101
11/29/2010,ALN,IL,AGL,CE,Federal Contract Tower,0,0,16,0,16,0,0,1,0,1,0,0,17,0,17,0,0,0,17
11/30/2010,ALN,IL,AGL,CE,Federal Contract Tower,0,0,9,2,11,0,0,0,0,0,0,0,9,2,11,4,10,14,25
12/01/2010,ALN,IL,AGL,CE,Federal Contract Tower,0,0,18,4,22,0,0,12,0,12,0,0,30,4,34,12,14,26,60
12/02/2010,ALN,IL,AGL,CE,Federal Contract Tower,0,0,17,0,17,0,0,15,0,15,0,0,32,0,32,14,0,14,46
12/03/2010,ALN,IL,AGL,CE,Federal Contract Tower,0,2,14,1,17,0,0,21,2,23,0,2,35,3,40,100,34,134,174
12/04/2010,ALN,IL,AGL,CE,Federal Contract Tower,0,0,3,0,3,0,0,2,0,2,0,0,5,0,5,14,0,14,19
12/05/2010,ALN,IL,AGL,CE,Federal Contract Tower,0,0,7,0,7,0,0,9,0,9,0,0,16,0,16,14,0,14,30
12/06/2010,ALN,IL,AGL,CE,Federal Contract Tower,0,0,19,0,19,0,0,8,0,8,0,0,27,0,27,18,0,18,45
12/07/2010,ALN,IL,AGL,CE,Federal Contract Tower,0,3,3,10,16,0,0,15,0,15,0,3,18,10,31,52,14,66,97
12/08/2010,ALN,IL,AGL,CE,Federal Contract Tower,0,13,14,1,28,0,0,24,0,24,0,13,38,1,52,36,4,40,92
12/09/2010,ALN,IL,AGL,CE,Federal Contract Tower,0,13,13,0,26,0,4,26,0,30,0,17,39,0,56,68,0,68,124
12/10/2010,ALN,IL,AGL,CE,Federal Contract Tower,0,2,15,1,18,0,0,45,2,47,0,2,60,3,65,88,28,116,181
12/11/2010,ALN,IL,AGL,CE,Federal Contract Tower,0,1,13,0,14,0,0,0,0,0,0,1,13,0,14,4,10,14,28
12/12/2010,ALN,IL,AGL,CE,Federal Contract Tower,0,0,2,0,2,0,0,0,0,0,0,0,2,0,2,0,0,0,2
12/13/2010,ALN,IL,AGL,CE,Federal Contract Tower,0,1,17,2,20,0,0,5,0,5,0,1,22,2,25,14,4,18,43
12/14/2010,ALN,IL,AGL,CE,Federal Contract Tower,0,2,18,1,21,0,0,7,0,7,0,2,25,1,28,42,2,44,72
12/15/2010,ALN,IL,AGL,CE,Federal Contract Tower,0,0,10,0,10,0,2,1,0,3,0,2,11,0,13,2,0,2,15
12/16/2010,ALN,IL,AGL,CE,Federal Contract Tower,0,0,10,0,10,0,0,0,0,0,0,0,10,0,10,0,0,0,10
12/17/2010,ALN,IL,AGL,CE,Federal Contract Tower,0,6,11,0,17,0,4,14,0,18,0,10,25,0,35,58,0,58,93
12/18/2010,ALN,IL,AGL,CE,Federal Contract Tower,0,1,18,0,19,0,0,21,2,23,0,1,39,2,42,70,28,98,140
12/19/2010,ALN,IL,AGL,CE,Federal Contract Tower,0,0,16,0,16,0,0,6,0,6,0,0,22,0,22,30,0,30,52
12/20/2010,ALN,IL,AGL,CE,Federal Contract Tower,0,4,13,0,17,0,0,22,0,22,0,4,35,0,39,8,0,8,47
12/21/2010,ALN,IL,AGL,CE,Federal Contract Tower,0,3,15,0,18,0,1,17,0,18,0,4,32,0,36,64,0,64,100
12/22/2010,ALN,IL,AGL,CE,Federal Contract Tower,0,1,13,2,16,0,0,7,0,7,0,1,20,2,23,18,0,18,41
12/23/2010,ALN,IL,AGL,CE,Federal Contract Tower,0,0,14,0,14,0,0,19,0,19,0,0,33,0,33,40,0,40,73
12/24/2010,ALN,IL,AGL,CE,Federal Contract Tower,0,0,0,0,0,0,0,0,0,0,0,0,0,0,0,0,0,0,0
12/25/2010,ALN,IL,AGL,CE,Federal Contract Tower,0,0,5,0,5,0,0,0,0,0,0,0,5,0,5,0,0,0,5
12/26/2010,ALN,IL,AGL,CE,Federal Contract Tower,0,0,5,0,5,0,0,6,0,6,0,0,11,0,11,10,0,10,21
12/27/2010,ALN,IL,AGL,CE,Federal Contract Tower,0,2,16,0,18,0,0,4,0,4,0,2,20,0,22,6,0,6,28
12/28/2010,ALN,IL,AGL,CE,Federal Contract Tower,0,0,19,0,19,0,0,29,0,29,0,0,48,0,48,58,0,58,106
12/29/2010,ALN,IL,AGL,CE,Federal Contract Tower,0,0,9,0,9,0,0,0,0,0,0,0,9,0,9,0,0,0,9
12/30/2010,ALN,IL,AGL,CE,Federal Contract Tower,0,3,6,0,9,0,0,0,0,0,0,3,6,0,9,0,0,0,9
12/31/2010,ALN,IL,AGL,CE,Federal Contract Tower,0,0,6,0,6,0,0,8,0,8,0,0,14,0,14,32,0,32,46
01/01/2011,ALN,IL,AGL,CE,Federal Contract Tower,0,0,7,0,7,0,0,10,2,12,0,0,17,2,19,38,24,62,81
01/02/2011,ALN,IL,AGL,CE,Federal Contract Tower,0,0,6,0,6,0,0,25,0,25,0,0,31,0,31,70,0,70,101
01/03/2011,ALN,IL,AGL,CE,Federal Contract Tower,0,8,21,5,34,0,0,26,2,28,0,8,47,7,62,38,14,52,114
01/04/2011,ALN,IL,AGL,CE,Federal Contract Tower,0,2,9,0,11,0,0,13,0,13,0,2,22,0,24,6,0,6,30
01/05/2011,ALN,IL,AGL,CE,Federal Contract Tower,0,2,12,0,14,0,0,14,0,14,0,2,26,0,28,22,0,22,50
01/06/2011,ALN,IL,AGL,CE,Federal Contract Tower,0,2,7,0,9,0,0,1,0,1,0,2,8,0,10,0,0,0,10
01/07/2011,ALN,IL,AGL,CE,Federal Contract Tower,0,0,7,0,7,0,0,0,0,0,0,0,7,0,7,0,0,0,7
01/08/2011,ALN,IL,AGL,CE,Federal Contract Tower,0,0,4,0,4,0,0,14,2,16,0,0,18,2,20,52,28,80,100
01/09/2011,ALN,IL,AGL,CE,Federal Contract Tower,0,0,17,0,17,0,0,18,0,18,0,0,35,0,35,60,0,60,95
01/10/2011,ALN,IL,AGL,CE,Federal Contract Tower,0,2,7,2,11,0,0,9,0,9,0,2,16,2,20,16,2,18,38
01/11/2011,ALN,IL,AGL,CE,Federal Contract Tower,0,0,1,0,1,0,0,0,0,0,0,0,1,0,1,0,0,0,1
01/12/2011,ALN,IL,AGL,CE,Federal Contract Tower,0,0,9,0,9,0,0,2,0,2,0,0,11,0,11,0,0,0,11
01/13/2011,ALN,IL,AGL,CE,Federal Contract Tower,0,1,7,0,8,0,0,9,0,9,0,1,16,0,17,20,0,20,37
01/14/2011,ALN,IL,AGL,CE,Federal Contract Tower,0,2,10,0,12,0,0,13,2,15,0,2,23,2,27,48,24,72,99
01/15/2011,ALN,IL,AGL,CE,Federal Contract Tower,0,0,6,0,6,0,0,19,0,19,0,0,25,0,25,100,0,100,125
01/16/2011,ALN,IL,AGL,CE,Federal Contract Tower,0,1,0,0,1,0,0,30,0,30,0,1,30,0,31,104,0,104,135
01/17/2011,ALN,IL,AGL,CE,Federal Contract Tower,0,2,10,0,12,0,0,0,0,0,0,2,10,0,12,10,0,10,22
01/18/2011,ALN,IL,AGL,CE,Federal Contract Tower,0,2,1,0,3,0,0,0,0,0,0,2,1,0,3,0,0,0,3
01/19/2011,ALN,IL,AGL,CE,Federal Contract Tower,0,2,14,0,16,0,0,14,0,14,0,2,28,0,30,20,0,20,50
01/20/2011,ALN,IL,AGL,CE,Federal Contract Tower,0,1,4,0,5,0,0,0,0,0,0,1,4,0,5,0,0,0,5
01/21/2011,ALN,IL,AGL,CE,Federal Contract Tower,0,1,7,0,8,0,0,3,0,3,0,1,10,0,11,2,0,2,13
01/22/2011,ALN,IL,AGL,CE,Federal Contract Tower,0,0,6,0,6,0,0,26,2,28,0,0,32,2,34,56,22,78,112
01/23/2011,ALN,IL,AGL,CE,Federal Contract Tower,0,0,0,0,0,0,0,0,0,0,0,0,0,0,0,0,0,0,0
01/24/2011,ALN,IL,AGL,CE,Federal Contract Tower,0,0,11,0,11,0,0,10,2,12,0,0,21,2,23,12,0,12,35
01/25/2011,ALN,IL,AGL,CE,Federal Contract Tower,0,1,7,0,8,0,0,8,0,8,0,1,15,0,16,0,0,0,16
01/26/2011,ALN,IL,AGL,CE,Federal Contract Tower,0,6,18,0,24,0,0,13,0,13,0,6,31,0,37,44,0,44,81
01/27/2011,ALN,IL,AGL,CE,Federal Contract Tower,0,9,13,0,22,0,0,11,0,11,0,9,24,0,33,44,0,44,77
01/28/2011,ALN,IL,AGL,CE,Federal Contract Tower,0,2,18,0,20,0,0,27,0,27,0,2,45,0,47,98,0,98,145
01/29/2011,ALN,IL,AGL,CE,Federal Contract Tower,0,2,36,0,38,0,0,45,2,47,0,2,81,2,85,118,26,144,229
01/30/2011,ALN,IL,AGL,CE,Federal Contract Tower,0,0,26,0,26,0,1,14,0,15,0,1,40,0,41,50,0,50,91
01/31/2011,ALN,IL,AGL,CE,Federal Contract Tower,0,0,3,0,3,0,0,0,0,0,0,0,3,0,3,0,0,0,3
02/01/2011,ALN,IL,AGL,CE,Federal Contract Tower,0,0,0,0,0,0,0,0,0,0,0,0,0,0,0,0,0,0,0
02/02/2011,ALN,IL,AGL,CE,Federal Contract Tower,0,0,4,0,4,0,1,0,0,1,0,1,4,0,5,2,0,2,7
02/03/2011,ALN,IL,AGL,CE,Federal Contract Tower,0,3,7,0,10,0,0,0,0,0,0,3,7,0,10,0,0,0,10
02/04/2011,ALN,IL,AGL,CE,Federal Contract Tower,0,2,10,0,12,0,0,8,0,8,0,2,18,0,20,56,0,56,76
02/05/2011,ALN,IL,AGL,CE,Federal Contract Tower,0,2,3,4,9,0,0,7,2,9,0,2,10,6,18,34,28,62,80
02/06/2011,ALN,IL,AGL,CE,Federal Contract Tower,0,0,2,0,2,0,0,5,0,5,0,0,7,0,7,24,0,24,31
02/07/2011,ALN,IL,AGL,CE,Federal Contract Tower,0,2,13,0,15,0,0,5,0,5,0,2,18,0,20,6,0,6,26
02/08/2011,ALN,IL,AGL,CE,Federal Contract Tower,0,2,13,0,15,0,2,11,0,13,0,4,24,0,28,58,0,58,86
02/09/2011,ALN,IL,AGL,CE,Federal Contract Tower,0,2,17,0,19,0,2,12,0,14,0,4,29,0,33,14,0,14,47
02/10/2011,ALN,IL,AGL,CE,Federal Contract Tower,0,1,18,0,19,0,0,15,0,15,0,1,33,0,34,16,0,16,50
02/11/2011,ALN,IL,AGL,CE,Federal Contract Tower,0,2,17,0,19,0,0,27,0,27,0,2,44,0,46,82,0,82,128
02/12/2011,ALN,IL,AGL,CE,Federal Contract Tower,0,2,20,1,23,0,0,44,13,57,0,2,64,14,80,130,46,176,256
02/13/2011,ALN,IL,AGL,CE,Federal Contract Tower,0,3,7,0,10,0,0,34,0,34,0,3,41,0,44,56,0,56,100
02/14/2011,ALN,IL,AGL,CE,Federal Contract Tower,0,0,11,0,11,0,0,13,0,13,0,0,24,0,24,56,0,56,80
02/15/2011,ALN,IL,AGL,CE,Federal Contract Tower,0,6,6,0,12,0,0,21,0,21,0,6,27,0,33,42,0,42,75
02/16/2011,ALN,IL,AGL,CE,Federal Contract Tower,0,0,11,0,11,0,0,6,0,6,0,0,17,0,17,18,0,18,35
02/17/2011,ALN,IL,AGL,CE,Federal Contract Tower,0,3,8,0,11,0,23,3,0,26,0,26,11,0,37,24,0,24,61
02/18/2011,ALN,IL,AGL,CE,Federal Contract Tower,0,2,15,0,17,0,2,36,2,40,0,4,51,2,57,160,24,184,241
02/19/2011,ALN,IL,AGL,CE,Federal Contract Tower,0,0,17,0,17,0,0,40,0,40,0,0,57,0,57,106,0,106,163
02/20/2011,ALN,IL,AGL,CE,Federal Contract Tower,0,0,5,0,5,0,0,9,0,9,0,0,14,0,14,6,0,6,20
02/21/2011,ALN,IL,AGL,CE,Federal Contract Tower,0,10,7,0,17,0,0,1,0,1,0,10,8,0,18,6,0,6,24
02/22/2011,ALN,IL,AGL,CE,Federal Contract Tower,0,1,8,0,9,0,1,13,0,14,0,2,21,0,23,30,0,30,53
02/23/2011,ALN,IL,AGL,CE,Federal Contract Tower,0,3,11,0,14,0,0,7,0,7,0,3,18,0,21,12,0,12,33
02/24/2011,ALN,IL,AGL,CE,Federal Contract Tower,0,2,0,0,2,0,0,0,0,0,0,2,0,0,2,0,0,0,2
02/25/2011,ALN,IL,AGL,CE,Federal Contract Tower,0,0,5,0,5,0,4,17,0,21,0,4,22,0,26,52,0,52,78
02/26/2011,ALN,IL,AGL,CE,Federal Contract Tower,0,0,8,0,8,0,0,10,0,10,0,0,18,0,18,26,0,26,44
02/27/2011,ALN,IL,AGL,CE,Federal Contract Tower,0,1,21,0,22,0,0,12,0,12,0,1,33,0,34,50,0,50,84
02/28/2011,ALN,IL,AGL,CE,Federal Contract Tower,0,3,7,2,12,0,0,3,0,3,0,3,10,2,15,6,0,6,21
03/01/2011,ALN,IL,AGL,CE,Federal Contract Tower,0,1,27,0,28,0,0,28,0,28,0,1,55,0,56,90,0,90,146
03/02/2011,ALN,IL,AGL,CE,Federal Contract Tower,0,3,25,0,28,0,0,21,0,21,0,3,46,0,49,24,0,24,73
03/03/2011,ALN,IL,AGL,CE,Federal Contract Tower,0,2,12,7,21,0,0,13,1,14,0,2,25,8,35,14,16,30,65
03/04/2011,ALN,IL,AGL,CE,Federal Contract Tower,0,3,3,0,6,0,0,11,0,11,0,3,14,0,17,48,0,48,65
03/05/2011,ALN,IL,AGL,CE,Federal Contract Tower,0,1,3,0,4,0,0,0,0,0,0,1,3,0,4,4,0,4,8
03/06/2011,ALN,IL,AGL,CE,Federal Contract Tower,0,0,8,0,8,0,0,19,0,19,0,0,27,0,27,72,0,72,99
03/07/2011,ALN,IL,AGL,CE,Federal Contract Tower,0,0,9,0,9,0,0,9,0,9,0,0,18,0,18,18,0,18,36
03/08/2011,ALN,IL,AGL,CE,Federal Contract Tower,0,0,8,0,8,0,0,6,0,6,0,0,14,0,14,20,0,20,34
03/09/2011,ALN,IL,AGL,CE,Federal Contract Tower,0,0,6,0,6,0,0,0,0,0,0,0,6,0,6,0,0,0,6
03/10/2011,ALN,IL,AGL,CE,Federal Contract Tower,0,0,11,0,11,0,0,3,0,3,0,0,14,0,14,4,0,4,18
03/11/2011,ALN,IL,AGL,CE,Federal Contract Tower,0,3,16,0,19,0,0,35,0,35,0,3,51,0,54,106,0,106,160
03/12/2011,ALN,IL,AGL,CE,Federal Contract Tower,0,3,11,0,14,0,0,43,0,43,0,3,54,0,57,86,0,86,143
03/13/2011,ALN,IL,AGL,CE,Federal Contract Tower,0,0,8,0,8,0,0,12,0,12,0,0,20,0,20,40,0,40,60
03/14/2011,ALN,IL,AGL,CE,Federal Contract Tower,0,0,2,0,2,0,0,0,0,0,0,0,2,0,2,0,0,0,2
03/15/2011,ALN,IL,AGL,CE,Federal Contract Tower,0,0,6,0,6,0,0,5,0,5,0,0,11,0,11,28,0,28,39
03/16/2011,ALN,IL,AGL,CE,Federal Contract Tower,0,2,35,0,37,0,1,32,0,33,0,3,67,0,70,36,0,36,106
03/17/2011,ALN,IL,AGL,CE,Federal Contract Tower,0,0,20,0,20,0,3,33,0,36,0,3,53,0,56,46,0,46,102
03/18/2011,ALN,IL,AGL,CE,Federal Contract Tower,0,5,8,0,13,0,0,21,0,21,0,5,29,0,34,56,0,56,90
03/19/2011,ALN,IL,AGL,CE,Federal Contract Tower,0,1,15,0,16,0,0,41,0,41,0,1,56,0,57,136,0,136,193
03/20/2011,ALN,IL,AGL,CE,Federal Contract Tower,0,0,2,0,2,0,0,11,0,11,0,0,13,0,13,44,0,44,57
03/21/2011,ALN,IL,AGL,CE,Federal Contract Tower,0,0,6,2,8,0,0,26,0,26,0,0,32,2,34,18,0,18,52
03/22/2011,ALN,IL,AGL,CE,Federal Contract Tower,0,0,11,3,14,0,0,11,1,12,0,0,22,4,26,4,12,16,42
03/23/2011,ALN,IL,AGL,CE,Federal Contract Tower,0,1,5,5,11,0,1,9,0,10,0,2,14,5,21,4,8,12,33
03/24/2011,ALN,IL,AGL,CE,Federal Contract Tower,0,6,14,4,24,0,1,18,0,19,0,7,32,4,43,32,14,46,89
03/25/2011,ALN,IL,AGL,CE,Federal Contract Tower,0,1,4,0,5,0,0,1,0,1,0,1,5,0,6,0,0,0,6
03/26/2011,ALN,IL,AGL,CE,Federal Contract Tower,0,2,17,0,19,0,0,3,0,3,0,2,20,0,22,14,0,14,36
03/27/2011,ALN,IL,AGL,CE,Federal Contract Tower,0,0,14,0,14,0,0,27,1,28,0,0,41,1,42,26,0,26,68
03/28/2011,ALN,IL,AGL,CE,Federal Contract Tower,0,0,11,0,11,0,0,8,0,8,0,0,19,0,19,10,0,10,29
03/29/2011,ALN,IL,AGL,CE,Federal Contract Tower,0,0,12,0,12,0,1,17,0,18,0,1,29,0,30,42,0,42,72
03/30/2011,ALN,IL,AGL,CE,Federal Contract Tower,0,1,28,0,29,0,0,45,0,45,0,1,73,0,74,34,0,34,108
03/31/2011,ALN,IL,AGL,CE,Federal Contract Tower,0,1,26,0,27,0,0,23,0,23,0,1,49,0,50,48,0,48,98
04/01/2011,ALN,IL,AGL,CE,Federal Contract Tower,0,0,7,0,7,0,2,14,0,16,0,2,21,0,23,52,0,52,75
04/02/2011,ALN,IL,AGL,CE,Federal Contract Tower,0,0,11,0,11,0,2,51,0,53,0,2,62,0,64,70,0,70,134
04/03/2011,ALN,IL,AGL,CE,Federal Contract Tower,0,0,3,0,3,0,0,2,0,2,0,0,5,0,5,0,0,0,5
04/04/2011,ALN,IL,AGL,CE,Federal Contract Tower,0,0,2,0,2,0,0,0,0,0,0,0,2,0,2,0,0,0,2
04/05/2011,ALN,IL,AGL,CE,Federal Contract Tower,0,3,17,2,22,0,0,32,0,32,0,3,49,2,54,94,0,94,148
04/06/2011,ALN,IL,AGL,CE,Federal Contract Tower,0,0,15,0,15,0,2,37,0,39,0,2,52,0,54,68,0,68,122
04/07/2011,ALN,IL,AGL,CE,Federal Contract Tower,0,2,12,1,15,0,0,11,0,11,0,2,23,1,26,28,2,30,56
04/08/2011,ALN,IL,AGL,CE,Federal Contract Tower,0,2,18,3,23,0,0,25,4,29,0,2,43,7,52,116,20,136,188
04/09/2011,ALN,IL,AGL,CE,Federal Contract Tower,0,1,8,0,9,0,0,27,2,29,0,1,35,2,38,100,26,126,164
04/10/2011,ALN,IL,AGL,CE,Federal Contract Tower,0,5,4,0,9,0,0,13,3,16,0,5,17,3,25,40,12,52,77
04/11/2011,ALN,IL,AGL,CE,Federal Contract Tower,0,1,29,0,30,0,0,13,0,13,0,1,42,0,43,36,0,36,79
04/12/2011,ALN,IL,AGL,CE,Federal Contract Tower,0,0,28,0,28,0,0,28,0,28,0,0,56,0,56,58,0,58,114
04/13/2011,ALN,IL,AGL,CE,Federal Contract Tower,0,1,18,0,19,0,2,31,0,33,0,3,49,0,52,32,0,32,84
04/14/2011,ALN,IL,AGL,CE,Federal Contract Tower,0,2,15,0,17,0,0,21,0,21,0,2,36,0,38,62,0,62,100
04/15/2011,ALN,IL,AGL,CE,Federal Contract Tower,0,4,8,0,12,0,0,2,0,2,0,4,10,0,14,4,0,4,18
04/16/2011,ALN,IL,AGL,CE,Federal Contract Tower,0,2,3,0,5,0,0,1,0,1,0,2,4,0,6,4,0,4,10
04/17/2011,ALN,IL,AGL,CE,Federal Contract Tower,0,0,15,0,15,0,0,42,1,43,0,0,57,1,58,64,0,64,122
04/18/2011,ALN,IL,AGL,CE,Federal Contract Tower,0,0,16,0,16,0,0,7,0,7,0,0,23,0,23,16,0,16,39
04/19/2011,ALN,IL,AGL,CE,Federal Contract Tower,0,0,2,0,2,0,0,8,0,8,0,0,10,0,10,0,0,0,10
04/20/2011,ALN,IL,AGL,CE,Federal Contract Tower,0,1,14,2,17,0,2,21,2,25,0,3,35,4,42,54,28,82,124
04/21/2011,ALN,IL,AGL,CE,Federal Contract Tower,0,3,16,0,19,0,0,14,0,14,0,3,30,0,33,20,0,20,53
04/22/2011,ALN,IL,AGL,CE,Federal Contract Tower,0,0,3,0,3,0,0,0,0,0,0,0,3,0,3,2,0,2,5
04/23/2011,ALN,IL,AGL,CE,Federal Contract Tower,1,2,8,0,11,0,0,20,0,20,1,2,28,0,31,74,0,74,105
04/24/2011,ALN,IL,AGL,CE,Federal Contract Tower,0,0,1,0,1,0,0,0,0,0,0,0,1,0,1,0,0,0,1
04/25/2011,ALN,IL,AGL,CE,Federal Contract Tower,0,3,9,0,12,0,1,0,0,1,0,4,9,0,13,0,0,0,13
04/26/2011,ALN,IL,AGL,CE,Federal Contract Tower,0,5,9,0,14,0,0,5,0,5,0,5,14,0,19,2,0,2,21
04/27/2011,ALN,IL,AGL,CE,Federal Contract Tower,0,0,14,0,14,0,0,7,0,7,0,0,21,0,21,14,0,14,35
04/28/2011,ALN,IL,AGL,CE,Federal Contract Tower,0,0,15,8,23,0,0,18,2,20,0,0,33,10,43,12,38,50,93
04/29/2011,ALN,IL,AGL,CE,Federal Contract Tower,0,2,29,1,32,0,1,77,2,80,0,3,106,3,112,146,4,150,262
04/30/2011,ALN,IL,AGL,CE,Federal Contract Tower,0,2,0,1,3,0,0,15,4,19,0,2,15,5,22,26,40,66,88
05/01/2011,ALN,IL,AGL,CE,Federal Contract Tower,0,2,9,0,11,0,0,17,4,21,0,2,26,4,32,42,28,70,102
05/02/2011,ALN,IL,AGL,CE,Federal Contract Tower,0,3,12,1,16,0,0,12,0,12,0,3,24,1,28,26,20,46,74
05/03/2011,ALN,IL,AGL,CE,Federal Contract Tower,0,2,15,1,18,0,1,31,1,33,0,3,46,2,51,40,0,40,91
05/04/2011,ALN,IL,AGL,CE,Federal Contract Tower,0,0,21,2,23,0,0,32,0,32,0,0,53,2,55,36,10,46,101
05/05/2011,ALN,IL,AGL,CE,Federal Contract Tower,0,1,10,0,11,0,0,21,0,21,0,1,31,0,32,66,0,66,98
05/06/2011,ALN,IL,AGL,CE,Federal Contract Tower,0,2,16,0,18,0,0,31,0,31,0,2,47,0,49,112,0,112,161
05/07/2011,ALN,IL,AGL,CE,Federal Contract Tower,0,0,16,1,17,0,0,32,12,44,0,0,48,13,61,124,38,162,223
05/08/2011,ALN,IL,AGL,CE,Federal Contract Tower,0,0,7,0,7,0,0,33,0,33,0,0,40,0,40,80,0,80,120
05/09/2011,ALN,IL,AGL,CE,Federal Contract Tower,0,0,9,0,9,0,0,10,0,10,0,0,19,0,19,0,0,0,19
05/10/2011,ALN,IL,AGL,CE,Federal Contract Tower,0,0,13,0,13,0,0,16,0,16,0,0,29,0,29,14,0,14,43
05/11/2011,ALN,IL,AGL,CE,Federal Contract Tower,0,0,10,0,10,0,0,11,0,11,0,0,21,0,21,32,0,32,53
05/12/2011,ALN,IL,AGL,CE,Federal Contract Tower,0,2,13,0,15,0,0,10,0,10,0,2,23,0,25,44,0,44,69
05/13/2011,ALN,IL,AGL,CE,Federal Contract Tower,0,0,21,0,21,0,0,29,0,29,0,0,50,0,50,144,0,144,194
05/14/2011,ALN,IL,AGL,CE,Federal Contract Tower,0,2,2,0,4,0,0,2,0,2,0,2,4,0,6,2,0,2,8
05/15/2011,ALN,IL,AGL,CE,Federal Contract Tower,0,0,3,0,3,0,0,0,0,0,0,0,3,0,3,2,0,2,5
05/16/2011,ALN,IL,AGL,CE,Federal Contract Tower,0,1,17,0,18,0,0,22,0,22,0,1,39,0,40,20,0,20,60
05/17/2011,ALN,IL,AGL,CE,Federal Contract Tower,0,2,31,1,34,0,2,13,1,16,0,4,44,2,50,52,0,52,102
05/18/2011,ALN,IL,AGL,CE,Federal Contract Tower,0,5,22,11,38,0,1,39,1,41,0,6,61,12,79,96,18,114,193
05/19/2011,ALN,IL,AGL,CE,Federal Contract Tower,0,0,12,1,13,0,0,8,0,8,0,0,20,1,21,46,0,46,67
05/20/2011,ALN,IL,AGL,CE,Federal Contract Tower,0,4,9,3,16,0,0,35,3,38,0,4,44,6,54,70,36,106,160
05/21/2011,ALN,IL,AGL,CE,Federal Contract Tower,0,0,5,0,5,0,0,34,2,36,0,0,39,2,41,106,22,128,169
05/22/2011,ALN,IL,AGL,CE,Federal Contract Tower,0,2,11,0,13,0,0,18,1,19,0,2,29,1,32,38,0,38,70
05/23/2011,ALN,IL,AGL,CE,Federal Contract Tower,0,0,4,0,4,0,0,14,0,14,0,0,18,0,18,72,0,72,90
05/24/2011,ALN,IL,AGL,CE,Federal Contract Tower,0,2,19,0,21,0,0,23,0,23,0,2,42,0,44,78,0,78,122
05/25/2011,ALN,IL,AGL,CE,Federal Contract Tower,0,2,23,0,25,0,0,5,0,5,0,2,28,0,30,12,0,12,42
05/26/2011,ALN,IL,AGL,CE,Federal Contract Tower,0,2,20,0,22,0,0,4,0,4,0,2,24,0,26,10,0,10,36
05/27/2011,ALN,IL,AGL,CE,Federal Contract Tower,0,2,16,0,18,0,0,44,0,44,0,2,60,0,62,108,0,108,170
05/28/2011,ALN,IL,AGL,CE,Federal Contract Tower,0,1,13,2,16,0,0,25,2,27,0,1,38,4,43,114,22,136,179
05/29/2011,ALN,IL,AGL,CE,Federal Contract Tower,0,2,9,0,11,0,0,24,0,24,0,2,33,0,35,6,0,6,41
05/30/2011,ALN,IL,AGL,CE,Federal Contract Tower,0,5,10,0,15,0,0,36,0,36,0,5,46,0,51,70,0,70,121
05/31/2011,ALN,IL,AGL,CE,Federal Contract Tower,0,3,12,0,15,0,0,6,0,6,0,3,18,0,21,4,0,4,25
06/01/2011,ALN,IL,AGL,CE,Federal Contract Tower,0,0,20,0,20,0,2,51,0,53,0,2,71,0,73,60,0,60,133
06/02/2011,ALN,IL,AGL,CE,Federal Contract Tower,0,0,24,0,24,0,2,10,5,17,0,2,34,5,41,64,0,64,105
06/03/2011,ALN,IL,AGL,CE,Federal Contract Tower,0,4,8,2,14,0,1,30,8,39,0,5,38,10,53,174,36,210,263
06/04/2011,ALN,IL,AGL,CE,Federal Contract Tower,0,1,12,2,15,0,0,46,5,51,0,1,58,7,66,112,38,150,216
06/05/2011,ALN,IL,AGL,CE,Federal Contract Tower,0,0,11,0,11,0,0,19,0,19,0,0,30,0,30,32,0,32,62
06/06/2011,ALN,IL,AGL,CE,Federal Contract Tower,0,2,24,0,26,0,1,25,0,26,0,3,49,0,52,50,0,50,102
06/07/2011,ALN,IL,AGL,CE,Federal Contract Tower,0,5,5,0,10,0,0,19,0,19,0,5,24,0,29,72,0,72,101
06/08/2011,ALN,IL,AGL,CE,Federal Contract Tower,0,0,8,1,9,0,0,14,2,16,0,0,22,3,25,14,8,22,47
06/09/2011,ALN,IL,AGL,CE,Federal Contract Tower,0,1,17,0,18,0,1,26,1,28,0,2,43,1,46,68,0,68,114
06/10/2011,ALN,IL,AGL,CE,Federal Contract Tower,0,4,11,1,16,0,0,34,0,34,0,4,45,1,50,52,2,54,104
06/11/2011,ALN,IL,AGL,CE,Federal Contract Tower,0,0,11,0,11,0,0,46,0,46,0,0,57,0,57,74,0,74,131
06/12/2011,ALN,IL,AGL,CE,Federal Contract Tower,0,0,9,2,11,0,0,26,0,26,0,0,35,2,37,36,0,36,73
06/13/2011,ALN,IL,AGL,CE,Federal Contract Tower,0,2,13,0,15,0,0,13,0,13,0,2,26,0,28,28,0,28,56
06/14/2011,ALN,IL,AGL,CE,Federal Contract Tower,0,3,15,0,18,0,0,14,0,14,0,3,29,0,32,18,0,18,50
06/15/2011,ALN,IL,AGL,CE,Federal Contract Tower,0,1,24,0,25,0,1,22,0,23,0,2,46,0,48,44,0,44,92
06/16/2011,ALN,IL,AGL,CE,Federal Contract Tower,0,1,19,0,20,0,0,37,0,37,0,1,56,0,57,98,0,98,155
06/17/2011,ALN,IL,AGL,CE,Federal Contract Tower,0,4,16,0,20,0,0,17,0,17,0,4,33,0,37,76,0,76,113
06/18/2011,ALN,IL,AGL,CE,Federal Contract Tower,0,0,10,0,10,0,0,27,2,29,0,0,37,2,39,106,20,126,165
06/19/2011,ALN,IL,AGL,CE,Federal Contract Tower,0,0,10,0,10,0,0,25,0,25,0,0,35,0,35,40,0,40,75
06/20/2011,ALN,IL,AGL,CE,Federal Contract Tower,0,8,15,0,23,0,0,20,0,20,0,8,35,0,43,14,0,14,57
06/21/2011,ALN,IL,AGL,CE,Federal Contract Tower,0,7,10,0,17,0,1,15,0,16,0,8,25,0,33,70,0,70,103
06/22/2011,ALN,IL,AGL,CE,Federal Contract Tower,0,5,6,4,15,0,0,23,4,27,0,5,29,8,42,62,6,68,110
06/23/2011,ALN,IL,AGL,CE,Federal Contract Tower,0,2,20,0,22,0,0,27,0,27,0,2,47,0,49,58,0,58,107
06/24/2011,ALN,IL,AGL,CE,Federal Contract Tower,0,2,29,0,31,0,2,43,0,45,0,4,72,0,76,96,0,96,172
06/25/2011,ALN,IL,AGL,CE,Federal Contract Tower,0,1,3,0,4,0,0,20,2,22,0,1,23,2,26,82,0,82,108
06/26/2011,ALN,IL,AGL,CE,Federal Contract Tower,0,0,11,1,12,0,0,51,0,51,0,0,62,1,63,112,0,112,175
06/27/2011,ALN,IL,AGL,CE,Federal Contract Tower,0,0,7,0,7,0,0,12,0,12,0,0,19,0,19,20,0,20,39
06/28/2011,ALN,IL,AGL,CE,Federal Contract Tower,0,1,24,0,25,0,0,33,0,33,0,1,57,0,58,46,0,46,104
06/29/2011,ALN,IL,AGL,CE,Federal Contract Tower,0,0,23,3,26,0,9,39,4,52,0,9,62,7,78,46,2,48,126
06/30/2011,ALN,IL,AGL,CE,Federal Contract Tower,0,1,23,4,28,0,1,37,2,40,0,2,60,6,68,70,4,74,142
07/01/2011,ALN,IL,AGL,CE,Federal Contract Tower,0,1,13,0,14,0,0,56,2,58,0,1,69,2,72,138,0,138,210
07/02/2011,ALN,IL,AGL,CE,Federal Contract Tower,0,0,9,0,9,0,0,46,0,46,0,0,55,0,55,60,0,60,115
07/03/2011,ALN,IL,AGL,CE,Federal Contract Tower,0,0,5,0,5,0,0,23,0,23,0,0,28,0,28,48,0,48,76
07/04/2011,ALN,IL,AGL,CE,Federal Contract Tower,0,2,4,0,6,0,0,18,0,18,0,2,22,0,24,42,0,42,66
07/05/2011,ALN,IL,AGL,CE,Federal Contract Tower,0,7,11,0,18,0,2,27,0,29,0,9,38,0,47,86,0,86,133
07/06/2011,ALN,IL,AGL,CE,Federal Contract Tower,0,19,17,0,36,0,1,32,0,33,0,20,49,0,69,56,0,56,125
07/07/2011,ALN,IL,AGL,CE,Federal Contract Tower,0,2,21,4,27,0,0,25,1,26,0,2,46,5,53,58,16,74,127
07/08/2011,ALN,IL,AGL,CE,Federal Contract Tower,0,1,19,0,20,0,2,37,0,39,0,3,56,0,59,130,0,130,189
07/09/2011,ALN,IL,AGL,CE,Federal Contract Tower,0,8,10,0,18,0,0,51,0,51,0,8,61,0,69,158,0,158,227
07/10/2011,ALN,IL,AGL,CE,Federal Contract Tower,0,19,11,0,30,0,0,30,0,30,0,19,41,0,60,66,0,66,126
07/11/2011,ALN,IL,AGL,CE,Federal Contract Tower,0,6,16,12,34,0,0,16,2,18,0,6,32,14,52,20,70,90,142
07/12/2011,ALN,IL,AGL,CE,Federal Contract Tower,0,17,13,3,33,0,0,11,0,11,0,17,24,3,44,74,6,80,124
07/13/2011,ALN,IL,AGL,CE,Federal Contract Tower,0,4,25,6,35,0,0,12,0,12,0,4,37,6,47,22,18,40,87
07/14/2011,ALN,IL,AGL,CE,Federal Contract Tower,0,9,20,0,29,0,1,47,0,48,0,10,67,0,77,100,0,100,177
07/15/2011,ALN,IL,AGL,CE,Federal Contract Tower,0,3,10,2,15,0,0,38,0,38,0,3,48,2,53,74,0,74,127
07/16/2011,ALN,IL,AGL,CE,Federal Contract Tower,0,0,14,2,16,0,0,43,0,43,0,0,57,2,59,96,0,96,155
07/17/2011,ALN,IL,AGL,CE,Federal Contract Tower,0,4,4,0,8,0,0,21,0,21,0,4,25,0,29,72,0,72,101
07/18/2011,ALN,IL,AGL,CE,Federal Contract Tower,0,2,15,6,23,0,1,27,0,28,0,3,42,6,51,84,12,96,147
07/19/2011,ALN,IL,AGL,CE,Federal Contract Tower,0,5,17,0,22,0,0,18,0,18,0,5,35,0,40,8,0,8,48
07/20/2011,ALN,IL,AGL,CE,Federal Contract Tower,0,3,16,23,42,0,1,26,0,27,0,4,42,23,69,42,66,108,177
07/21/2011,ALN,IL,AGL,CE,Federal Contract Tower,0,5,21,0,26,0,3,25,0,28,0,8,46,0,54,56,0,56,110
07/22/2011,ALN,IL,AGL,CE,Federal Contract Tower,0,6,30,2,38,0,1,49,0,50,0,7,79,2,88,164,0,164,252
07/23/2011,ALN,IL,AGL,CE,Federal Contract Tower,0,0,9,0,9,0,1,78,0,79,0,1,87,0,88,98,0,98,186
07/24/2011,ALN,IL,AGL,CE,Federal Contract Tower,0,0,15,0,15,0,1,17,0,18,0,1,32,0,33,40,0,40,73
07/25/2011,ALN,IL,AGL,CE,Federal Contract Tower,0,0,23,0,23,0,0,26,0,26,0,0,49,0,49,38,0,38,87
07/26/2011,ALN,IL,AGL,CE,Federal Contract Tower,0,7,21,0,28,0,1,20,0,21,0,8,41,0,49,58,0,58,107
07/27/2011,ALN,IL,AGL,CE,Federal Contract Tower,0,2,18,1,21,0,3,24,0,27,0,5,42,1,48,40,0,40,88
07/28/2011,ALN,IL,AGL,CE,Federal Contract Tower,0,3,18,0,21,0,7,19,0,26,0,10,37,0,47,36,0,36,83
07/29/2011,ALN,IL,AGL,CE,Federal Contract Tower,0,1,19,11,31,0,2,22,4,28,0,3,41,15,59,76,50,126,185
07/30/2011,ALN,IL,AGL,CE,Federal Contract Tower,0,0,2,0,2,0,0,22,0,22,0,0,24,0,24,76,0,76,100
07/31/2011,ALN,IL,AGL,CE,Federal Contract Tower,0,0,11,0,11,0,0,21,0,21,0,0,32,0,32,64,0,64,96
08/01/2011,ALN,IL,AGL,CE,Federal Contract Tower,0,1,16,8,25,0,0,19,2,21,0,1,35,10,46,32,58,90,136
08/02/2011,ALN,IL,AGL,CE,Federal Contract Tower,0,1,12,1,14,0,0,30,1,31,0,1,42,2,45,74,0,74,119
08/03/2011,ALN,IL,AGL,CE,Federal Contract Tower,0,2,15,1,18,0,0,18,1,19,0,2,33,2,37,40,0,40,77
08/04/2011,ALN,IL,AGL,CE,Federal Contract Tower,0,1,7,2,10,0,1,20,0,21,0,2,27,2,31,24,0,24,55
08/05/2011,ALN,IL,AGL,CE,Federal Contract Tower,0,0,13,0,13,0,0,25,0,25,0,0,38,0,38,116,0,116,154
08/06/2011,ALN,IL,AGL,CE,Federal Contract Tower,0,3,8,1,12,0,0,33,0,33,0,3,41,1,45,50,0,50,95
08/07/2011,ALN,IL,AGL,CE,Federal Contract Tower,0,2,16,0,18,0,0,20,0,20,0,2,36,0,38,52,0,52,90
08/08/2011,ALN,IL,AGL,CE,Federal Contract Tower,0,2,2,1,5,0,0,2,1,3,0,2,4,2,8,12,0,12,20
08/09/2011,ALN,IL,AGL,CE,Federal Contract Tower,0,3,11,0,14,0,2,35,0,37,0,5,46,0,51,64,0,64,115
08/10/2011,ALN,IL,AGL,CE,Federal Contract Tower,0,1,8,1,10,0,0,20,2,22,0,1,28,3,32,40,2,42,74
08/11/2011,ALN,IL,AGL,CE,Federal Contract Tower,0,0,20,0,20,0,0,34,0,34,0,0,54,0,54,32,0,32,86
08/12/2011,ALN,IL,AGL,CE,Federal Contract Tower,0,0,12,0,12,0,0,30,0,30,0,0,42,0,42,66,0,66,108
08/13/2011,ALN,IL,AGL,CE,Federal Contract Tower,0,3,17,0,20,0,1,32,0,33,0,4,49,0,53,32,0,32,85
08/14/2011,ALN,IL,AGL,CE,Federal Contract Tower,0,2,14,0,16,0,0,37,0,37,0,2,51,0,53,40,0,40,93
08/15/2011,ALN,IL,AGL,CE,Federal Contract Tower,0,4,5,0,9,0,0,23,0,23,0,4,28,0,32,22,0,22,54
08/16/2011,ALN,IL,AGL,CE,Federal Contract Tower,0,2,16,0,18,0,0,30,0,30,0,2,46,0,48,80,0,80,128
08/17/2011,ALN,IL,AGL,CE,Federal Contract Tower,0,8,13,5,26,0,0,25,0,25,0,8,38,5,51,54,12,66,117
08/18/2011,ALN,IL,AGL,CE,Federal Contract Tower,0,1,22,15,38,0,0,24,6,30,0,1,46,21,68,38,66,104,172
08/19/2011,ALN,IL,AGL,CE,Federal Contract Tower,0,3,21,0,24,0,2,42,6,50,0,5,63,6,74,90,24,114,188
08/20/2011,ALN,IL,AGL,CE,Federal Contract Tower,0,0,10,0,10,0,0,25,2,27,0,0,35,2,37,100,22,122,159
08/21/2011,ALN,IL,AGL,CE,Federal Contract Tower,0,1,12,0,13,0,0,53,0,53,0,1,65,0,66,128,0,128,194
08/22/2011,ALN,IL,AGL,CE,Federal Contract Tower,0,4,13,6,23,0,0,36,0,36,0,4,49,6,59,36,32,68,127
08/23/2011,ALN,IL,AGL,CE,Federal Contract Tower,0,2,15,0,17,0,1,11,0,12,0,3,26,0,29,18,0,18,47
08/24/2011,ALN,IL,AGL,CE,Federal Contract Tower,0,1,11,4,16,0,0,11,2,13,0,1,22,6,29,12,12,24,53
08/25/2011,ALN,IL,AGL,CE,Federal Contract Tower,0,2,12,0,14,0,0,27,0,27,0,2,39,0,41,56,0,56,97
08/26/2011,ALN,IL,AGL,CE,Federal Contract Tower,0,2,24,1,27,0,0,47,0,47,0,2,71,1,74,114,0,114,188
08/27/2011,ALN,IL,AGL,CE,Federal Contract Tower,0,0,20,0,20,0,0,52,0,52,0,0,72,0,72,138,0,138,210
08/28/2011,ALN,IL,AGL,CE,Federal Contract Tower,0,0,2,1,3,0,0,38,0,38,0,0,40,1,41,72,0,72,113
08/29/2011,ALN,IL,AGL,CE,Federal Contract Tower,0,1,23,0,24,0,1,23,0,24,0,2,46,0,48,44,0,44,92
08/30/2011,ALN,IL,AGL,CE,Federal Contract Tower,0,1,11,3,15,0,2,14,0,16,0,3,25,3,31,58,14,72,103
08/31/2011,ALN,IL,AGL,CE,Federal Contract Tower,0,0,22,6,28,0,2,19,0,21,0,2,41,6,49,50,12,62,111
09/01/2011,ALN,IL,AGL,CE,Federal Contract Tower,0,0,16,0,16,0,0,17,0,17,0,0,33,0,33,30,0,30,63
09/02/2011,ALN,IL,AGL,CE,Federal Contract Tower,0,0,12,0,12,0,0,40,0,40,0,0,52,0,52,96,0,96,148
09/03/2011,ALN,IL,AGL,CE,Federal Contract Tower,0,0,7,0,7,0,0,27,0,27,0,0,34,0,34,82,0,82,116
09/04/2011,ALN,IL,AGL,CE,Federal Contract Tower,0,0,11,0,11,0,0,17,0,17,0,0,28,0,28,30,0,30,58
09/05/2011,ALN,IL,AGL,CE,Federal Contract Tower,0,0,4,0,4,0,0,23,0,23,0,0,27,0,27,60,0,60,87
09/06/2011,ALN,IL,AGL,CE,Federal Contract Tower,0,3,18,2,23,0,0,14,0,14,0,3,32,2,37,56,0,56,93
09/07/2011,ALN,IL,AGL,CE,Federal Contract Tower,0,8,15,3,26,0,0,23,3,26,0,8,38,6,52,48,10,58,110
09/08/2011,ALN,IL,AGL,CE,Federal Contract Tower,0,5,8,0,13,0,0,23,0,23,0,5,31,0,36,32,0,32,68
09/09/2011,ALN,IL,AGL,CE,Federal Contract Tower,0,2,12,0,14,0,0,1,0,1,0,2,13,0,15,8,0,8,23
09/10/2011,ALN,IL,AGL,CE,Federal Contract Tower,0,0,13,0,13,0,0,22,0,22,0,0,35,0,35,78,0,78,113
09/11/2011,ALN,IL,AGL,CE,Federal Contract Tower,0,1,6,0,7,0,1,30,0,31,0,2,36,0,38,94,0,94,132
09/12/2011,ALN,IL,AGL,CE,Federal Contract Tower,0,0,35,8,43,0,0,26,0,26,0,0,61,8,69,70,30,100,169
09/13/2011,ALN,IL,AGL,CE,Federal Contract Tower,0,2,30,0,32,0,1,16,0,17,0,3,46,0,49,52,0,52,101
09/14/2011,ALN,IL,AGL,CE,Federal Contract Tower,0,1,24,0,25,0,0,0,0,0,0,1,24,0,25,22,0,22,47
09/15/2011,ALN,IL,AGL,CE,Federal Contract Tower,0,0,11,0,11,0,1,20,0,21,0,1,31,0,32,16,0,16,48
09/16/2011,ALN,IL,AGL,CE,Federal Contract Tower,0,2,29,0,31,0,1,35,0,36,0,3,64,0,67,112,0,112,179
09/17/2011,ALN,IL,AGL,CE,Federal Contract Tower,0,2,8,0,10,0,0,41,3,44,0,2,49,3,54,118,22,140,194
09/18/2011,ALN,IL,AGL,CE,Federal Contract Tower,0,0,6,0,6,0,0,0,0,0,0,0,6,0,6,6,0,6,12
09/19/2011,ALN,IL,AGL,CE,Federal Contract Tower,0,0,26,0,26,0,0,6,0,6,0,0,32,0,32,28,0,28,60
09/20/2011,ALN,IL,AGL,CE,Federal Contract Tower,0,0,28,0,28,0,0,21,0,21,0,0,49,0,49,72,0,72,121
09/21/2011,ALN,IL,AGL,CE,Federal Contract Tower,0,2,30,9,41,0,0,23,1,24,0,2,53,10,65,20,18,38,103
09/22/2011,ALN,IL,AGL,CE,Federal Contract Tower,0,1,19,0,20,0,0,22,0,22,0,1,41,0,42,106,0,106,148
09/23/2011,ALN,IL,AGL,CE,Federal Contract Tower,0,0,19,2,21,0,0,34,4,38,0,0,53,6,59,116,34,150,209
09/24/2011,ALN,IL,AGL,CE,Federal Contract Tower,0,1,19,0,20,0,0,182,9,191,0,1,201,9,211,176,0,176,387
09/25/2011,ALN,IL,AGL,CE,Federal Contract Tower,0,1,13,0,14,0,0,315,0,315,0,1,328,0,329,38,0,38,367
09/26/2011,ALN,IL,AGL,CE,Federal Contract Tower,0,2,8,6,16,0,0,4,6,10,0,2,12,12,26,50,50,100,126
09/27/2011,ALN,IL,AGL,CE,Federal Contract Tower,0,1,4,0,5,0,0,7,0,7,0,1,11,0,12,24,0,24,36
09/28/2011,ALN,IL,AGL,CE,Federal Contract Tower,0,0,18,2,20,0,0,21,0,21,0,0,39,2,41,44,0,44,85
09/29/2011,ALN,IL,AGL,CE,Federal Contract Tower,0,0,17,8,25,0,0,15,0,15,0,0,32,8,40,28,0,28,68
09/30/2011,ALN,IL,AGL,CE,Federal Contract Tower,0,5,11,0,16,0,1,26,2,29,0,6,37,2,45,92,30,122,167
10/01/2011,ALN,IL,AGL,CE,Federal Contract Tower,0,0,19,0,19,0,0,49,0,49,0,0,68,0,68,94,0,94,162
10/02/2011,ALN,IL,AGL,CE,Federal Contract Tower,0,2,19,0,21,0,0,47,0,47,0,2,66,0,68,126,0,126,194
10/03/2011,ALN,IL,AGL,CE,Federal Contract Tower,0,5,16,0,21,0,2,23,0,25,0,7,39,0,46,38,0,38,84
10/04/2011,ALN,IL,AGL,CE,Federal Contract Tower,0,6,17,0,23,0,0,23,0,23,0,6,40,0,46,22,0,22,68
10/05/2011,ALN,IL,AGL,CE,Federal Contract Tower,0,6,23,10,39,0,0,19,0,19,0,6,42,10,58,42,34,76,134
10/06/2011,ALN,IL,AGL,CE,Federal Contract Tower,0,1,15,0,16,0,0,16,0,16,0,1,31,0,32,0,0,0,32
10/07/2011,ALN,IL,AGL,CE,Federal Contract Tower,0,1,14,1,16,0,0,48,0,48,0,1,62,1,64,112,2,114,178
10/08/2011,ALN,IL,AGL,CE,Federal Contract Tower,0,1,4,0,5,0,0,38,0,38,0,1,42,0,43,86,0,86,129
10/09/2011,ALN,IL,AGL,CE,Federal Contract Tower,0,5,9,0,14,0,0,35,1,36,0,5,44,1,50,102,26,128,178
10/10/2011,ALN,IL,AGL,CE,Federal Contract Tower,0,0,13,3,16,0,0,37,1,38,0,0,50,4,54,48,12,60,114
10/11/2011,ALN,IL,AGL,CE,Federal Contract Tower,0,1,37,0,38,0,4,25,0,29,0,5,62,0,67,36,0,36,103
10/12/2011,ALN,IL,AGL,CE,Federal Contract Tower,0,2,13,0,15,0,0,17,0,17,0,2,30,0,32,40,0,40,72
10/13/2011,ALN,IL,AGL,CE,Federal Contract Tower,0,0,13,5,18,0,0,22,0,22,0,0,35,5,40,62,8,70,110
10/14/2011,ALN,IL,AGL,CE,Federal Contract Tower,0,0,10,4,14,0,2,29,0,31,0,2,39,4,45,12,10,22,67
10/15/2011,ALN,IL,AGL,CE,Federal Contract Tower,0,4,11,0,15,0,2,29,0,31,0,6,40,0,46,62,0,62,108
10/16/2011,ALN,IL,AGL,CE,Federal Contract Tower,0,0,19,0,19,0,0,25,0,25,0,0,44,0,44,66,0,66,110
10/17/2011,ALN,IL,AGL,CE,Federal Contract Tower,0,0,16,0,16,0,2,15,0,17,0,2,31,0,33,10,0,10,43
10/18/2011,ALN,IL,AGL,CE,Federal Contract Tower,0,5,21,0,26,0,3,4,0,7,0,8,25,0,33,10,0,10,43
10/19/2011,ALN,IL,AGL,CE,Federal Contract Tower,0,2,6,0,8,0,0,0,0,0,0,2,6,0,8,0,0,0,8
10/20/2011,ALN,IL,AGL,CE,Federal Contract Tower,0,1,8,0,9,0,0,16,0,16,0,1,24,0,25,42,0,42,67
10/21/2011,ALN,IL,AGL,CE,Federal Contract Tower,0,0,22,6,28,0,4,29,0,33,0,4,51,6,61,84,12,96,157
10/22/2011,ALN,IL,AGL,CE,Federal Contract Tower,0,0,22,0,22,0,0,50,0,50,0,0,72,0,72,64,0,64,136
10/23/2011,ALN,IL,AGL,CE,Federal Contract Tower,0,0,4,0,4,0,0,37,0,37,0,0,41,0,41,22,0,22,63
10/24/2011,ALN,IL,AGL,CE,Federal Contract Tower,0,0,23,0,23,0,2,40,0,42,0,2,63,0,65,112,0,112,177
10/25/2011,ALN,IL,AGL,CE,Federal Contract Tower,0,10,23,0,33,0,1,4,0,5,0,11,27,0,38,28,0,28,66
10/26/2011,ALN,IL,AGL,CE,Federal Contract Tower,0,6,15,0,21,0,0,1,0,1,0,6,16,0,22,4,0,4,26
10/27/2011,ALN,IL,AGL,CE,Federal Contract Tower,0,0,30,0,30,0,2,27,0,29,0,2,57,0,59,56,0,56,115
10/28/2011,ALN,IL,AGL,CE,Federal Contract Tower,0,0,27,0,27,0,0,16,0,16,0,0,43,0,43,30,0,30,73
10/29/2011,ALN,IL,AGL,CE,Federal Contract Tower,0,2,22,0,24,0,0,45,0,45,0,2,67,0,69,62,0,62,131
10/30/2011,ALN,IL,AGL,CE,Federal Contract Tower,0,0,14,0,14,0,0,15,0,15,0,0,29,0,29,12,0,12,41
10/31/2011,ALN,IL,AGL,CE,Federal Contract Tower,0,0,13,0,13,0,0,17,0,17,0,0,30,0,30,46,0,46,76
11/01/2011,ALN,IL,AGL,CE,Federal Contract Tower,0,2,36,0,38,0,1,30,0,31,0,3,66,0,69,52,0,52,121
11/02/2011,ALN,IL,AGL,CE,Federal Contract Tower,0,4,10,0,14,0,0,13,0,13,0,4,23,0,27,24,0,24,51
11/03/2011,ALN,IL,AGL,CE,Federal Contract Tower,0,1,16,0,17,0,0,0,0,0,0,1,16,0,17,4,0,4,21
11/04/2011,ALN,IL,AGL,CE,Federal Contract Tower,0,0,26,0,26,0,2,21,0,23,0,2,47,0,49,76,2,78,127
11/05/2011,ALN,IL,AGL,CE,Federal Contract Tower,0,1,14,0,15,0,0,27,0,27,0,1,41,0,42,55,0,55,97
11/06/2011,ALN,IL,AGL,CE,Federal Contract Tower,0,3,19,0,22,0,0,16,0,16,0,3,35,0,38,48,0,48,86
11/07/2011,ALN,IL,AGL,CE,Federal Contract Tower,0,7,8,0,15,0,0,3,0,3,0,7,11,0,18,20,0,20,38
11/08/2011,ALN,IL,AGL,CE,Federal Contract Tower,0,4,2,0,6,0,0,3,0,3,0,4,5,0,9,6,0,6,15
11/09/2011,ALN,IL,AGL,CE,Federal Contract Tower,0,11,10,0,21,0,0,0,0,0,0,11,10,0,21,12,0,12,33
11/10/2011,ALN,IL,AGL,CE,Federal Contract Tower,0,11,14,0,25,0,0,15,0,15,0,11,29,0,40,35,0,35,75
11/11/2011,ALN,IL,AGL,CE,Federal Contract Tower,0,9,22,2,33,0,1,22,0,23,0,10,44,2,56,48,0,48,104
11/12/2011,ALN,IL,AGL,CE,Federal Contract Tower,0,0,21,1,22,0,0,21,0,21,0,0,42,1,43,32,0,32,75
11/13/2011,ALN,IL,AGL,CE,Federal Contract Tower,0,0,7,0,7,0,0,10,0,10,0,0,17,0,17,6,0,6,23
11/14/2011,ALN,IL,AGL,CE,Federal Contract Tower,0,0,11,0,11,0,0,1,0,1,0,0,12,0,12,4,0,4,16
11/15/2011,ALN,IL,AGL,CE,Federal Contract Tower,0,0,24,0,24,0,0,17,0,17,0,0,41,0,41,28,0,28,69
11/16/2011,ALN,IL,AGL,CE,Federal Contract Tower,0,0,12,0,12,0,1,13,0,14,0,1,25,0,26,38,0,38,64
11/17/2011,ALN,IL,AGL,CE,Federal Contract Tower,0,0,20,2,22,0,0,20,4,24,0,0,40,6,46,26,10,36,82
11/18/2011,ALN,IL,AGL,CE,Federal Contract Tower,0,7,9,0,16,0,1,1,0,2,0,8,10,0,18,20,0,20,38
11/19/2011,ALN,IL,AGL,CE,Federal Contract Tower,0,1,12,0,13,0,0,13,1,14,0,1,25,1,27,26,0,26,53
11/20/2011,ALN,IL,AGL,CE,Federal Contract Tower,0,0,8,0,8,0,0,8,0,8,0,0,16,0,16,18,0,18,34
11/21/2011,ALN,IL,AGL,CE,Federal Contract Tower,0,0,8,0,8,0,0,0,0,0,0,0,8,0,8,0,0,0,8
11/22/2011,ALN,IL,AGL,CE,Federal Contract Tower,0,0,9,0,9,0,0,0,0,0,0,0,9,0,9,2,0,2,11
11/23/2011,ALN,IL,AGL,CE,Federal Contract Tower,0,0,19,0,19,0,0,2,0,2,0,0,21,0,21,32,0,32,53
11/24/2011,ALN,IL,AGL,CE,Federal Contract Tower,0,0,9,0,9,0,0,9,0,9,0,0,18,0,18,8,0,8,26
11/25/2011,ALN,IL,AGL,CE,Federal Contract Tower,0,0,7,0,7,0,0,37,0,37,0,0,44,0,44,40,0,40,84
11/26/2011,ALN,IL,AGL,CE,Federal Contract Tower,0,2,9,0,11,0,0,11,0,11,0,2,20,0,22,50,0,50,72
11/27/2011,ALN,IL,AGL,CE,Federal Contract Tower,0,0,8,0,8,0,0,0,0,0,0,0,8,0,8,5,0,5,13
11/28/2011,ALN,IL,AGL,CE,Federal Contract Tower,0,3,13,0,16,0,0,5,0,5,0,3,18,0,21,24,0,24,45
11/29/2011,ALN,IL,AGL,CE,Federal Contract Tower,0,0,13,0,13,0,0,4,0,4,0,0,17,0,17,8,0,8,25
11/30/2011,ALN,IL,AGL,CE,Federal Contract Tower,0,3,21,0,24,0,0,30,0,30,0,3,51,0,54,70,0,70,124
12/01/2011,ALN,IL,AGL,CE,Federal Contract Tower,0,3,24,0,27,0,2,24,0,26,0,5,48,0,53,54,0,54,107
12/02/2011,ALN,IL,AGL,CE,Federal Contract Tower,0,4,11,0,15,0,1,20,0,21,0,5,31,0,36,52,0,52,88
12/03/2011,ALN,IL,AGL,CE,Federal Contract Tower,0,0,11,0,11,0,0,11,0,11,0,0,22,0,22,54,0,54,76
12/04/2011,ALN,IL,AGL,CE,Federal Contract Tower,0,2,8,0,10,0,0,0,0,0,0,2,8,0,10,16,0,16,26
12/05/2011,ALN,IL,AGL,CE,Federal Contract Tower,0,0,7,0,7,0,0,0,0,0,0,0,7,0,7,2,0,2,9
12/06/2011,ALN,IL,AGL,CE,Federal Contract Tower,0,2,16,0,18,0,0,2,0,2,0,2,18,0,20,14,0,14,34
12/07/2011,ALN,IL,AGL,CE,Federal Contract Tower,0,1,20,1,22,0,0,19,1,20,0,1,39,2,42,38,12,50,92
12/08/2011,ALN,IL,AGL,CE,Federal Contract Tower,0,0,19,2,21,0,0,40,0,40,0,0,59,2,61,84,0,84,145
12/09/2011,ALN,IL,AGL,CE,Federal Contract Tower,0,5,11,6,22,0,0,4,0,4,0,5,15,6,26,0,8,8,34
12/10/2011,ALN,IL,AGL,CE,Federal Contract Tower,0,0,15,0,15,0,0,23,0,23,0,0,38,0,38,38,0,38,76
12/11/2011,ALN,IL,AGL,CE,Federal Contract Tower,0,4,35,0,39,0,0,29,0,29,0,4,64,0,68,62,0,62,130
12/12/2011,ALN,IL,AGL,CE,Federal Contract Tower,0,2,29,0,31,0,0,41,0,41,0,2,70,0,72,36,0,36,108
12/13/2011,ALN,IL,AGL,CE,Federal Contract Tower,0,12,14,0,26,0,0,0,0,0,0,12,14,0,26,18,0,18,44
12/14/2011,ALN,IL,AGL,CE,Federal Contract Tower,0,10,17,0,27,0,0,0,0,0,0,10,17,0,27,6,0,6,33
12/15/2011,ALN,IL,AGL,CE,Federal Contract Tower,0,0,10,1,11,0,0,1,1,2,0,0,11,2,13,0,6,6,19
12/16/2011,ALN,IL,AGL,CE,Federal Contract Tower,0,0,22,0,22,0,0,21,0,21,0,0,43,0,43,30,0,30,73
12/17/2011,ALN,IL,AGL,CE,Federal Contract Tower,0,29,0,0,29,0,41,0,0,41,0,70,0,0,70,62,0,62,132
12/18/2011,ALN,IL,AGL,CE,Federal Contract Tower,0,0,20,0,20,0,0,35,0,35,0,0,55,0,55,58,0,58,113
12/19/2011,ALN,IL,AGL,CE,Federal Contract Tower,0,4,7,0,11,0,0,3,0,3,0,4,10,0,14,0,0,0,14
12/20/2011,ALN,IL,AGL,CE,Federal Contract Tower,0,12,11,0,23,0,0,0,0,0,0,12,11,0,23,0,0,0,23
12/21/2011,ALN,IL,AGL,CE,Federal Contract Tower,0,4,10,0,14,0,0,2,0,2,0,4,12,0,16,12,0,12,28
12/22/2011,ALN,IL,AGL,CE,Federal Contract Tower,0,0,9,0,9,0,0,3,0,3,0,0,12,0,12,10,0,10,22
12/23/2011,ALN,IL,AGL,CE,Federal Contract Tower,0,0,22,0,22,0,0,11,0,11,0,0,33,0,33,14,0,14,47
12/24/2011,ALN,IL,AGL,CE,Federal Contract Tower,0,2,3,0,5,0,0,25,0,25,0,2,28,0,30,30,0,30,60
12/25/2011,ALN,IL,AGL,CE,Federal Contract Tower,0,0,0,0,0,0,0,18,0,18,0,0,18,0,18,6,0,6,24
12/26/2011,ALN,IL,AGL,CE,Federal Contract Tower,0,2,12,0,14,0,1,20,0,21,0,3,32,0,35,28,0,28,63
12/27/2011,ALN,IL,AGL,CE,Federal Contract Tower,0,2,11,0,13,0,0,3,0,3,0,2,14,0,16,20,0,20,36
12/28/2011,ALN,IL,AGL,CE,Federal Contract Tower,0,1,18,0,19,0,0,19,0,19,0,1,37,0,38,26,0,26,64
12/29/2011,ALN,IL,AGL,CE,Federal Contract Tower,0,1,16,0,17,0,0,18,0,18,0,1,34,0,35,38,0,38,73
12/30/2011,ALN,IL,AGL,CE,Federal Contract Tower,0,0,7,0,7,0,0,5,0,5,0,0,12,0,12,0,0,0,12
12/31/2011,ALN,IL,AGL,CE,Federal Contract Tower,0,0,26,0,26,0,0,32,0,32,0,0,58,0,58,40,0,40,98
01/01/2012,ALN,IL,AGL,CE,Federal Contract Tower,0,0,0,0,0,0,0,0,0,0,0,0,0,0,0,0,0,0,0
01/02/2012,ALN,IL,AGL,CE,Federal Contract Tower,0,1,4,0,5,0,0,0,0,0,0,1,4,0,5,0,0,0,5
01/03/2012,ALN,IL,AGL,CE,Federal Contract Tower,0,0,13,0,13,0,0,7,2,9,0,0,20,2,22,4,6,10,32
01/04/2012,ALN,IL,AGL,CE,Federal Contract Tower,0,0,19,0,19,0,0,14,0,14,0,0,33,0,33,28,0,28,61
01/05/2012,ALN,IL,AGL,CE,Federal Contract Tower,0,0,13,0,13,0,0,47,0,47,0,0,60,0,60,48,0,48,108
01/06/2012,ALN,IL,AGL,CE,Federal Contract Tower,0,0,21,0,21,0,0,26,0,26,0,0,47,0,47,75,0,75,122
01/07/2012,ALN,IL,AGL,CE,Federal Contract Tower,0,4,13,0,17,0,5,17,0,22,0,9,30,0,39,31,0,31,70
01/08/2012,ALN,IL,AGL,CE,Federal Contract Tower,0,1,12,0,13,0,0,16,0,16,0,1,28,0,29,25,1,26,55
01/09/2012,ALN,IL,AGL,CE,Federal Contract Tower,0,0,15,0,15,0,0,13,0,13,0,0,28,0,28,20,2,22,50
01/10/2012,ALN,IL,AGL,CE,Federal Contract Tower,0,0,19,10,29,0,0,26,2,28,0,0,45,12,57,40,4,44,101
01/11/2012,ALN,IL,AGL,CE,Federal Contract Tower,0,0,16,0,16,0,0,15,0,15,0,0,31,0,31,16,0,16,47
01/12/2012,ALN,IL,AGL,CE,Federal Contract Tower,0,0,6,0,6,0,0,0,0,0,0,0,6,0,6,0,0,0,6
01/13/2012,ALN,IL,AGL,CE,Federal Contract Tower,0,0,6,0,6,0,0,1,0,1,0,0,7,0,7,0,0,0,7
01/14/2012,ALN,IL,AGL,CE,Federal Contract Tower,0,0,18,0,18,0,0,17,0,17,0,0,35,0,35,32,0,32,67
01/15/2012,ALN,IL,AGL,CE,Federal Contract Tower,0,0,15,0,15,0,0,16,0,16,0,0,31,0,31,18,4,22,53
01/16/2012,ALN,IL,AGL,CE,Federal Contract Tower,0,2,11,0,13,0,0,14,0,14,0,2,25,0,27,12,0,12,39
01/17/2012,ALN,IL,AGL,CE,Federal Contract Tower,0,2,20,4,26,0,0,12,1,13,0,2,32,5,39,19,4,23,62
01/18/2012,ALN,IL,AGL,CE,Federal Contract Tower,0,0,27,0,27,0,0,15,0,15,0,0,42,0,42,14,0,14,56
01/19/2012,ALN,IL,AGL,CE,Federal Contract Tower,0,0,13,0,13,0,4,16,0,20,0,4,29,0,33,76,0,76,109
01/20/2012,ALN,IL,AGL,CE,Federal Contract Tower,0,0,4,0,4,0,0,9,0,9,0,0,13,0,13,2,0,2,15
01/21/2012,ALN,IL,AGL,CE,Federal Contract Tower,0,0,5,0,5,0,0,4,0,4,0,0,9,0,9,6,0,6,15
01/22/2012,ALN,IL,AGL,CE,Federal Contract Tower,0,0,1,0,1,0,0,0,0,0,0,0,1,0,1,0,0,0,1
01/23/2012,ALN,IL,AGL,CE,Federal Contract Tower,0,0,26,0,26,0,0,2,0,2,0,0,28,0,28,16,0,16,44
01/24/2012,ALN,IL,AGL,CE,Federal Contract Tower,0,0,26,0,26,0,0,23,0,23,0,0,49,0,49,50,0,50,99
01/25/2012,ALN,IL,AGL,CE,Federal Contract Tower,0,4,3,0,7,0,0,0,0,0,0,4,3,0,7,2,2,4,11
01/26/2012,ALN,IL,AGL,CE,Federal Contract Tower,0,0,5,0,5,0,0,0,0,0,0,0,5,0,5,0,0,0,5
01/27/2012,ALN,IL,AGL,CE,Federal Contract Tower,0,4,15,0,19,0,1,21,0,22,0,5,36,0,41,58,0,58,99
01/28/2012,ALN,IL,AGL,CE,Federal Contract Tower,0,0,29,1,30,0,0,35,1,36,0,0,64,2,66,40,0,40,106
01/29/2012,ALN,IL,AGL,CE,Federal Contract Tower,0,0,22,0,22,0,0,26,0,26,0,0,48,0,48,58,0,58,106
01/30/2012,ALN,IL,AGL,CE,Federal Contract Tower,0,0,15,0,15,1,0,21,0,22,1,0,36,0,37,26,2,28,65
01/31/2012,ALN,IL,AGL,CE,Federal Contract Tower,0,2,33,18,53,0,0,17,2,19,0,2,50,20,72,8,20,28,100
02/01/2012,ALN,IL,AGL,CE,Federal Contract Tower,0,0,20,5,25,0,0,15,0,15,0,0,35,5,40,16,16,32,72
02/02/2012,ALN,IL,AGL,CE,Federal Contract Tower,0,0,23,0,23,0,0,52,0,52,0,0,75,0,75,38,0,38,113
02/03/2012,ALN,IL,AGL,CE,Federal Contract Tower,0,2,26,0,28,0,0,16,0,16,0,2,42,0,44,34,0,34,78
02/04/2012,ALN,IL,AGL,CE,Federal Contract Tower,0,0,11,0,11,0,0,0,0,0,0,0,11,0,11,0,0,0,11
02/05/2012,ALN,IL,AGL,CE,Federal Contract Tower,0,2,15,0,17,0,0,21,0,21,0,2,36,0,38,32,1,33,71
02/06/2012,ALN,IL,AGL,CE,Federal Contract Tower,0,0,17,0,17,0,0,11,0,11,0,0,28,0,28,16,0,16,44
02/07/2012,ALN,IL,AGL,CE,Federal Contract Tower,0,0,41,0,41,0,0,17,0,17,0,0,58,0,58,30,0,30,88
02/08/2012,ALN,IL,AGL,CE,Federal Contract Tower,0,2,14,0,16,0,2,6,0,8,0,4,20,0,24,22,0,22,46
02/09/2012,ALN,IL,AGL,CE,Federal Contract Tower,0,1,18,4,23,0,7,19,0,26,0,8,37,4,49,34,18,52,101
02/10/2012,ALN,IL,AGL,CE,Federal Contract Tower,0,3,10,0,13,0,0,9,0,9,0,3,19,0,22,16,0,16,38
02/11/2012,ALN,IL,AGL,CE,Federal Contract Tower,0,2,25,0,27,0,0,28,0,28,0,2,53,0,55,41,0,41,96
02/12/2012,ALN,IL,AGL,CE,Federal Contract Tower,0,0,16,0,16,0,1,34,0,35,0,1,50,0,51,46,0,46,97
02/13/2012,ALN,IL,AGL,CE,Federal Contract Tower,0,0,3,0,3,0,0,1,0,1,0,0,4,0,4,0,0,0,4
02/14/2012,ALN,IL,AGL,CE,Federal Contract Tower,0,0,8,4,12,0,0,2,0,2,0,0,10,4,14,2,4,6,20
02/15/2012,ALN,IL,AGL,CE,Federal Contract Tower,0,1,31,3,35,0,0,1,0,1,0,1,32,3,36,6,8,14,50
02/16/2012,ALN,IL,AGL,CE,Federal Contract Tower,0,14,13,0,27,0,0,17,0,17,0,14,30,0,44,58,0,58,102
02/17/2012,ALN,IL,AGL,CE,Federal Contract Tower,0,2,29,0,31,0,0,62,0,62,0,2,91,0,93,92,0,92,185
02/18/2012,ALN,IL,AGL,CE,Federal Contract Tower,0,0,43,0,43,0,0,53,0,53,0,0,96,0,96,46,0,46,142
02/19/2012,ALN,IL,AGL,CE,Federal Contract Tower,0,8,21,0,29,0,1,29,0,30,0,9,50,0,59,46,0,46,105
02/20/2012,ALN,IL,AGL,CE,Federal Contract Tower,0,4,42,0,46,0,0,17,4,21,0,4,59,4,67,52,0,52,119
02/21/2012,ALN,IL,AGL,CE,Federal Contract Tower,0,1,9,2,12,0,0,3,0,3,0,1,12,2,15,42,8,50,65
02/22/2012,ALN,IL,AGL,CE,Federal Contract Tower,0,0,16,0,16,0,0,16,0,16,0,0,32,0,32,44,0,44,76
02/23/2012,ALN,IL,AGL,CE,Federal Contract Tower,0,1,13,8,22,0,0,17,0,17,0,1,30,8,39,48,8,56,95
02/24/2012,ALN,IL,AGL,CE,Federal Contract Tower,0,0,10,0,10,0,0,3,0,3,0,0,13,0,13,0,0,0,13
02/25/2012,ALN,IL,AGL,CE,Federal Contract Tower,0,5,58,0,63,0,0,37,1,38,0,5,95,1,101,90,0,90,191
02/26/2012,ALN,IL,AGL,CE,Federal Contract Tower,0,4,16,0,20,0,0,8,0,8,0,4,24,0,28,8,0,8,36
02/27/2012,ALN,IL,AGL,CE,Federal Contract Tower,0,1,17,0,18,0,0,11,0,11,0,1,28,0,29,22,0,22,51
02/28/2012,ALN,IL,AGL,CE,Federal Contract Tower,0,1,24,0,25,0,0,19,0,19,0,1,43,0,44,56,0,56,100
02/29/2012,ALN,IL,AGL,CE,Federal Contract Tower,0,2,27,0,29,0,0,2,0,2,0,2,29,0,31,8,0,8,39
03/01/2012,ALN,IL,AGL,CE,Federal Contract Tower,0,0,10,2,12,0,0,27,0,27,0,0,37,2,39,32,4,36,75
03/02/2012,ALN,IL,AGL,CE,Federal Contract Tower,0,1,6,0,7,0,0,0,0,0,0,1,6,0,7,0,0,0,7
03/03/2012,ALN,IL,AGL,CE,Federal Contract Tower,0,10,10,0,20,0,0,21,0,21,0,10,31,0,41,50,0,50,91
03/04/2012,ALN,IL,AGL,CE,Federal Contract Tower,0,0,13,0,13,0,0,38,0,38,0,0,51,0,51,52,0,52,103
03/05/2012,ALN,IL,AGL,CE,Federal Contract Tower,0,1,18,8,27,0,0,14,0,14,0,1,32,8,41,30,0,30,71
03/06/2012,ALN,IL,AGL,CE,Federal Contract Tower,0,16,13,0,29,0,0,3,0,3,0,16,16,0,32,16,0,16,48
03/07/2012,ALN,IL,AGL,CE,Federal Contract Tower,0,17,8,0,25,0,0,22,0,22,0,17,30,0,47,36,0,36,83
03/08/2012,ALN,IL,AGL,CE,Federal Contract Tower,0,0,16,0,16,0,0,10,2,12,0,0,26,2,28,14,8,22,50
03/09/2012,ALN,IL,AGL,CE,Federal Contract Tower,0,3,28,0,31,0,0,21,0,21,0,3,49,0,52,12,0,12,64
03/10/2012,ALN,IL,AGL,CE,Federal Contract Tower,0,1,22,0,23,0,0,53,0,53,0,1,75,0,76,64,0,64,140
03/11/2012,ALN,IL,AGL,CE,Federal Contract Tower,0,0,14,0,14,0,0,11,0,11,0,0,25,0,25,20,0,20,45
03/12/2012,ALN,IL,AGL,CE,Federal Contract Tower,0,0,8,3,11,0,0,9,0,9,0,0,17,3,20,32,2,34,54
03/13/2012,ALN,IL,AGL,CE,Federal Contract Tower,0,0,27,0,27,0,0,34,0,34,0,0,61,0,61,84,0,84,145
03/14/2012,ALN,IL,AGL,CE,Federal Contract Tower,0,2,22,0,24,0,0,24,0,24,0,2,46,0,48,48,0,48,96
03/15/2012,ALN,IL,AGL,CE,Federal Contract Tower,0,0,18,4,22,0,0,19,0,19,0,0,37,4,41,68,0,68,109
03/16/2012,ALN,IL,AGL,CE,Federal Contract Tower,0,6,11,14,31,0,5,0,1,6,0,11,11,15,37,18,8,26,63
03/17/2012,ALN,IL,AGL,CE,Federal Contract Tower,0,0,16,0,16,0,0,12,0,12,0,0,28,0,28,18,0,18,46
03/18/2012,ALN,IL,AGL,CE,Federal Contract Tower,0,0,12,0,12,0,0,16,0,16,0,0,28,0,28,36,0,36,64
03/19/2012,ALN,IL,AGL,CE,Federal Contract Tower,0,3,17,2,22,0,1,8,2,11,0,4,25,4,33,18,10,28,61
03/20/2012,ALN,IL,AGL,CE,Federal Contract Tower,0,0,9,0,9,0,0,6,0,6,0,0,15,0,15,20,0,20,35
03/21/2012,ALN,IL,AGL,CE,Federal Contract Tower,0,0,4,0,4,0,0,4,0,4,0,0,8,0,8,10,0,10,18
03/22/2012,ALN,IL,AGL,CE,Federal Contract Tower,0,0,5,0,5,0,0,0,0,0,0,0,5,0,5,2,0,2,7
03/23/2012,ALN,IL,AGL,CE,Federal Contract Tower,0,0,20,1,21,0,0,3,0,3,0,0,23,1,24,38,0,38,62
03/24/2012,ALN,IL,AGL,CE,Federal Contract Tower,0,2,30,0,32,0,2,35,1,38,0,4,65,1,70,94,0,94,164
03/25/2012,ALN,IL,AGL,CE,Federal Contract Tower,0,1,40,0,41,0,3,35,3,41,0,4,75,3,82,54,0,54,136
03/26/2012,ALN,IL,AGL,CE,Federal Contract Tower,0,1,42,6,49,0,0,28,0,28,0,1,70,6,77,54,14,68,145
03/27/2012,ALN,IL,AGL,CE,Federal Contract Tower,0,0,36,3,39,0,2,25,2,29,0,2,61,5,68,34,8,42,110
03/28/2012,ALN,IL,AGL,CE,Federal Contract Tower,0,9,38,6,53,0,5,35,0,40,0,14,73,6,93,62,10,72,165
03/29/2012,ALN,IL,AGL,CE,Federal Contract Tower,0,0,16,1,17,0,0,33,3,36,0,0,49,4,53,58,0,58,111
03/30/2012,ALN,IL,AGL,CE,Federal Contract Tower,0,7,19,0,26,0,3,21,0,24,0,10,40,0,50,44,0,44,94
03/31/2012,ALN,IL,AGL,CE,Federal Contract Tower,0,2,22,0,24,0,1,55,3,59,0,3,77,3,83,63,0,63,146
04/01/2012,ALN,IL,AGL,CE,Federal Contract Tower,0,2,18,2,22,0,0,21,2,23,0,2,39,4,45,52,0,52,97
04/02/2012,ALN,IL,AGL,CE,Federal Contract Tower,0,0,8,0,8,0,0,23,0,23,0,0,31,0,31,14,0,14,45
04/03/2012,ALN,IL,AGL,CE,Federal Contract Tower,0,1,23,0,24,0,0,16,0,16,0,1,39,0,40,10,0,10,50
04/04/2012,ALN,IL,AGL,CE,Federal Contract Tower,0,2,13,0,15,0,0,1,0,1,0,2,14,0,16,2,0,2,18
04/05/2012,ALN,IL,AGL,CE,Federal Contract Tower,0,1,25,0,26,0,0,11,0,11,0,1,36,0,37,30,0,30,67
04/06/2012,ALN,IL,AGL,CE,Federal Contract Tower,0,0,11,0,11,0,0,30,0,30,0,0,41,0,41,61,0,61,102
04/07/2012,ALN,IL,AGL,CE,Federal Contract Tower,0,6,16,0,22,0,0,28,3,31,0,6,44,3,53,46,2,48,101
04/08/2012,ALN,IL,AGL,CE,Federal Contract Tower,0,0,13,0,13,0,0,10,0,10,0,0,23,0,23,18,0,18,41
04/09/2012,ALN,IL,AGL,CE,Federal Contract Tower,0,0,9,0,9,0,0,10,0,10,0,0,19,0,19,4,0,4,23
04/10/2012,ALN,IL,AGL,CE,Federal Contract Tower,0,0,13,7,20,0,0,25,0,25,0,0,38,7,45,88,20,108,153
04/11/2012,ALN,IL,AGL,CE,Federal Contract Tower,0,0,25,9,34,0,0,31,1,32,0,0,56,10,66,80,24,104,170
04/12/2012,ALN,IL,AGL,CE,Federal Contract Tower,0,1,21,0,22,0,0,44,0,44,0,1,65,0,66,96,0,96,162
04/13/2012,ALN,IL,AGL,CE,Federal Contract Tower,0,0,8,0,8,0,0,3,0,3,0,0,11,0,11,0,0,0,11
04/14/2012,ALN,IL,AGL,CE,Federal Contract Tower,0,1,16,0,17,0,0,10,0,10,0,1,26,0,27,16,0,16,43
04/15/2012,ALN,IL,AGL,CE,Federal Contract Tower,0,5,5,0,10,0,2,3,0,5,0,7,8,0,15,8,0,8,23
04/16/2012,ALN,IL,AGL,CE,Federal Contract Tower,0,2,12,0,14,0,0,2,0,2,0,2,14,0,16,4,0,4,20
04/17/2012,ALN,IL,AGL,CE,Federal Contract Tower,0,13,39,4,56,0,2,25,0,27,0,15,64,4,83,68,4,72,155
04/18/2012,ALN,IL,AGL,CE,Federal Contract Tower,0,3,7,0,10,0,0,31,0,31,0,3,38,0,41,30,0,30,71
04/19/2012,ALN,IL,AGL,CE,Federal Contract Tower,0,2,13,1,16,0,2,14,2,18,0,4,27,3,34,18,4,22,56
04/20/2012,ALN,IL,AGL,CE,Federal Contract Tower,0,4,9,0,13,0,0,21,0,21,0,4,30,0,34,12,0,12,46
04/21/2012,ALN,IL,AGL,CE,Federal Contract Tower,0,0,25,1,26,0,0,51,0,51,0,0,76,1,77,78,0,78,155
04/22/2012,ALN,IL,AGL,CE,Federal Contract Tower,0,0,14,1,15,0,0,11,0,11,0,0,25,1,26,22,0,22,48
04/23/2012,ALN,IL,AGL,CE,Federal Contract Tower,0,0,12,4,16,0,0,6,0,6,0,0,18,4,22,0,4,4,26
04/24/2012,ALN,IL,AGL,CE,Federal Contract Tower,0,0,18,5,23,0,0,21,0,21,0,0,39,5,44,40,4,44,88
04/25/2012,ALN,IL,AGL,CE,Federal Contract Tower,0,2,33,3,38,0,0,20,0,20,0,2,53,3,58,28,4,32,90
04/26/2012,ALN,IL,AGL,CE,Federal Contract Tower,0,3,20,0,23,0,0,23,0,23,0,3,43,0,46,56,0,56,102
04/27/2012,ALN,IL,AGL,CE,Federal Contract Tower,0,0,14,0,14,0,0,19,1,20,0,0,33,1,34,18,0,18,52
04/28/2012,ALN,IL,AGL,CE,Federal Contract Tower,0,4,7,0,11,0,0,33,0,33,0,4,40,0,44,50,0,50,94
04/29/2012,ALN,IL,AGL,CE,Federal Contract Tower,0,0,21,0,21,0,0,2,0,2,0,0,23,0,23,0,0,0,23
04/30/2012,ALN,IL,AGL,CE,Federal Contract Tower,0,0,14,1,15,0,0,0,0,0,0,0,14,1,15,2,0,2,17
05/01/2012,ALN,IL,AGL,CE,Federal Contract Tower,0,0,4,0,4,0,0,11,0,11,0,0,15,0,15,36,0,36,51
05/02/2012,ALN,IL,AGL,CE,Federal Contract Tower,0,2,8,0,10,0,0,20,0,20,0,2,28,0,30,36,0,36,66
05/03/2012,ALN,IL,AGL,CE,Federal Contract Tower,0,1,14,1,16,0,0,29,0,29,0,1,43,1,45,20,2,22,67
05/04/2012,ALN,IL,AGL,CE,Federal Contract Tower,0,2,11,0,13,0,0,9,0,9,0,2,20,0,22,14,0,14,36
05/05/2012,ALN,IL,AGL,CE,Federal Contract Tower,0,1,13,1,15,0,1,38,1,40,0,2,51,2,55,12,0,12,67
05/06/2012,ALN,IL,AGL,CE,Federal Contract Tower,0,0,5,0,5,0,0,38,0,38,0,0,43,0,43,20,0,20,63
05/07/2012,ALN,IL,AGL,CE,Federal Contract Tower,0,0,18,0,18,0,0,5,0,5,0,0,23,0,23,0,0,0,23
05/08/2012,ALN,IL,AGL,CE,Federal Contract Tower,0,2,8,0,10,0,0,13,1,14,0,2,21,1,24,0,0,0,24
05/09/2012,ALN,IL,AGL,CE,Federal Contract Tower,0,2,9,2,13,0,0,25,0,25,0,2,34,2,38,10,4,14,52
05/10/2012,ALN,IL,AGL,CE,Federal Contract Tower,0,2,12,0,14,0,0,37,0,37,0,2,49,0,51,0,0,0,51
05/11/2012,ALN,IL,AGL,CE,Federal Contract Tower,0,0,18,0,18,0,0,24,1,25,0,0,42,1,43,30,0,30,73
05/12/2012,ALN,IL,AGL,CE,Federal Contract Tower,0,0,18,1,19,0,0,78,0,78,0,0,96,1,97,44,0,44,141
05/13/2012,ALN,IL,AGL,CE,Federal Contract Tower,0,0,3,0,3,0,0,25,0,25,0,0,28,0,28,22,0,22,50
05/14/2012,ALN,IL,AGL,CE,Federal Contract Tower,0,5,14,0,19,0,0,28,0,28,0,5,42,0,47,12,0,12,59
05/15/2012,ALN,IL,AGL,CE,Federal Contract Tower,0,0,17,4,21,0,0,25,0,25,0,0,42,4,46,24,2,26,72
05/16/2012,ALN,IL,AGL,CE,Federal Contract Tower,0,0,15,0,15,0,0,26,0,26,0,0,41,0,41,20,0,20,61
05/17/2012,ALN,IL,AGL,CE,Federal Contract Tower,0,3,19,0,22,0,1,26,0,27,0,4,45,0,49,86,0,86,135
05/18/2012,ALN,IL,AGL,CE,Federal Contract Tower,0,0,23,0,23,0,0,31,0,31,0,0,54,0,54,14,0,14,68
05/19/2012,ALN,IL,AGL,CE,Federal Contract Tower,0,3,13,1,17,0,0,37,1,38,0,3,50,2,55,33,0,33,88
05/20/2012,ALN,IL,AGL,CE,Federal Contract Tower,0,5,12,0,17,0,0,18,0,18,0,5,30,0,35,42,0,42,77
05/21/2012,ALN,IL,AGL,CE,Federal Contract Tower,0,3,14,0,17,0,0,10,1,11,0,3,24,1,28,36,0,36,64
05/22/2012,ALN,IL,AGL,CE,Federal Contract Tower,0,3,24,0,27,0,0,35,2,37,0,3,59,2,64,26,0,26,90
05/23/2012,ALN,IL,AGL,CE,Federal Contract Tower,0,2,16,0,18,0,0,18,0,18,0,2,34,0,36,22,0,22,58
05/24/2012,ALN,IL,AGL,CE,Federal Contract Tower,0,2,21,0,23,0,0,15,0,15,0,2,36,0,38,8,0,8,46
05/25/2012,ALN,IL,AGL,CE,Federal Contract Tower,0,6,8,0,14,0,1,26,5,32,0,7,34,5,46,54,0,54,100
05/26/2012,ALN,IL,AGL,CE,Federal Contract Tower,0,9,3,0,12,0,0,19,0,19,0,9,22,0,31,10,0,10,41
05/27/2012,ALN,IL,AGL,CE,Federal Contract Tower,0,7,4,0,11,0,3,33,0,36,0,10,37,0,47,18,0,18,65
05/28/2012,ALN,IL,AGL,CE,Federal Contract Tower,0,0,9,0,9,0,0,8,0,8,0,0,17,0,17,4,0,4,21
05/29/2012,ALN,IL,AGL,CE,Federal Contract Tower,0,0,10,0,10,0,0,16,0,16,0,0,26,0,26,14,0,14,40
05/30/2012,ALN,IL,AGL,CE,Federal Contract Tower,0,0,15,0,15,0,0,20,0,20,0,0,35,0,35,4,0,4,39
05/31/2012,ALN,IL,AGL,CE,Federal Contract Tower,0,0,8,0,8,0,0,2,0,2,0,0,10,0,10,4,0,4,14
06/01/2012,ALN,IL,AGL,CE,Federal Contract Tower,0,4,14,0,18,0,0,23,0,23,0,4,37,0,41,14,0,14,55
06/02/2012,ALN,IL,AGL,CE,Federal Contract Tower,0,0,9,1,10,0,0,35,0,35,0,0,44,1,45,8,0,8,53
06/03/2012,ALN,IL,AGL,CE,Federal Contract Tower,0,1,4,0,5,0,0,29,0,29,0,1,33,0,34,4,0,4,38
06/04/2012,ALN,IL,AGL,CE,Federal Contract Tower,0,2,9,0,11,0,0,9,0,9,0,2,18,0,20,2,0,2,22
06/05/2012,ALN,IL,AGL,CE,Federal Contract Tower,0,1,14,0,15,0,2,14,1,17,0,3,28,1,32,32,0,32,64
06/06/2012,ALN,IL,AGL,CE,Federal Contract Tower,0,0,13,0,13,0,0,13,0,13,0,0,26,0,26,6,0,6,32
06/07/2012,ALN,IL,AGL,CE,Federal Contract Tower,0,0,11,2,13,0,2,23,0,25,0,2,34,2,38,58,0,58,96
06/08/2012,ALN,IL,AGL,CE,Federal Contract Tower,0,1,25,0,26,0,0,30,0,30,0,1,55,0,56,28,0,28,84
06/09/2012,ALN,IL,AGL,CE,Federal Contract Tower,0,0,2,0,2,0,0,23,0,23,0,0,25,0,25,14,0,14,39
06/10/2012,ALN,IL,AGL,CE,Federal Contract Tower,0,0,8,0,8,0,0,15,0,15,0,0,23,0,23,28,0,28,51
06/11/2012,ALN,IL,AGL,CE,Federal Contract Tower,0,1,9,0,10,0,0,8,0,8,0,1,17,0,18,18,0,18,36
06/12/2012,ALN,IL,AGL,CE,Federal Contract Tower,0,0,9,0,9,0,0,30,8,38,0,0,39,8,47,0,0,0,47
06/13/2012,ALN,IL,AGL,CE,Federal Contract Tower,0,0,16,0,16,0,0,30,0,30,0,0,46,0,46,28,0,28,74
06/14/2012,ALN,IL,AGL,CE,Federal Contract Tower,0,2,13,1,16,0,0,14,3,17,0,2,27,4,33,6,0,6,39
06/15/2012,ALN,IL,AGL,CE,Federal Contract Tower,0,1,6,1,8,0,0,24,0,24,0,1,30,1,32,48,0,48,80
06/16/2012,ALN,IL,AGL,CE,Federal Contract Tower,0,0,7,0,7,0,0,23,0,23,0,0,30,0,30,38,0,38,68
06/17/2012,ALN,IL,AGL,CE,Federal Contract Tower,0,0,13,0,13,0,0,30,0,30,0,0,43,0,43,24,0,24,67
06/18/2012,ALN,IL,AGL,CE,Federal Contract Tower,0,0,9,0,9,0,0,7,0,7,0,0,16,0,16,0,0,0,16
06/19/2012,ALN,IL,AGL,CE,Federal Contract Tower,0,0,9,0,9,0,0,22,0,22,0,0,31,0,31,40,0,40,71
06/20/2012,ALN,IL,AGL,CE,Federal Contract Tower,0,0,13,0,13,0,0,23,0,23,0,0,36,0,36,36,0,36,72
06/21/2012,ALN,IL,AGL,CE,Federal Contract Tower,0,0,16,0,16,0,0,22,0,22,0,0,38,0,38,20,0,20,58
06/22/2012,ALN,IL,AGL,CE,Federal Contract Tower,0,3,24,0,27,0,0,44,0,44,0,3,68,0,71,42,0,42,113
06/23/2012,ALN,IL,AGL,CE,Federal Contract Tower,0,0,7,0,7,0,0,67,0,67,0,0,74,0,74,16,0,16,90
06/24/2012,ALN,IL,AGL,CE,Federal Contract Tower,0,0,5,0,5,0,0,17,0,17,0,0,22,0,22,12,0,12,34
06/25/2012,ALN,IL,AGL,CE,Federal Contract Tower,0,4,17,0,21,0,0,17,0,17,0,4,34,0,38,20,0,20,58
06/26/2012,ALN,IL,AGL,CE,Federal Contract Tower,0,0,12,0,12,0,0,19,0,19,0,0,31,0,31,16,0,16,47
06/27/2012,ALN,IL,AGL,CE,Federal Contract Tower,0,2,15,0,17,0,0,23,0,23,0,2,38,0,40,24,0,24,64
06/28/2012,ALN,IL,AGL,CE,Federal Contract Tower,0,8,17,0,25,0,0,5,10,15,0,8,22,10,40,4,6,10,50
06/29/2012,ALN,IL,AGL,CE,Federal Contract Tower,0,1,13,6,20,0,0,20,0,20,0,1,33,6,40,0,6,6,46
06/30/2012,ALN,IL,AGL,CE,Federal Contract Tower,0,0,8,0,8,0,0,15,0,15,0,0,23,0,23,8,0,8,31
07/01/2012,ALN,IL,AGL,CE,Federal Contract Tower,0,2,7,0,9,0,0,23,0,23,0,2,30,0,32,24,0,24,56
07/02/2012,ALN,IL,AGL,CE,Federal Contract Tower,0,0,12,0,12,0,0,9,0,9,0,0,21,0,21,0,0,0,21
07/03/2012,ALN,IL,AGL,CE,Federal Contract Tower,0,3,4,1,8,0,0,8,1,9,0,3,12,2,17,12,0,12,29
07/04/2012,ALN,IL,AGL,CE,Federal Contract Tower,0,0,5,0,5,0,0,13,0,13,0,0,18,0,18,4,0,4,22
07/05/2012,ALN,IL,AGL,CE,Federal Contract Tower,0,3,7,0,10,0,2,14,0,16,0,5,21,0,26,14,0,14,40
07/06/2012,ALN,IL,AGL,CE,Federal Contract Tower,0,2,16,1,19,0,0,11,0,11,0,2,27,1,30,14,0,14,44
07/07/2012,ALN,IL,AGL,CE,Federal Contract Tower,0,3,10,0,13,0,0,14,0,14,0,3,24,0,27,14,0,14,41
07/08/2012,ALN,IL,AGL,CE,Federal Contract Tower,0,3,19,0,22,0,0,15,0,15,0,3,34,0,37,20,0,20,57
07/09/2012,ALN,IL,AGL,CE,Federal Contract Tower,0,3,19,0,22,0,1,22,0,23,0,4,41,0,45,44,0,44,89
07/10/2012,ALN,IL,AGL,CE,Federal Contract Tower,0,3,15,0,18,0,0,18,0,18,0,3,33,0,36,10,0,10,46
07/11/2012,ALN,IL,AGL,CE,Federal Contract Tower,0,0,27,0,27,0,0,26,0,26,0,0,53,0,53,28,0,28,81
07/12/2012,ALN,IL,AGL,CE,Federal Contract Tower,0,2,26,0,28,0,0,18,0,18,0,2,44,0,46,34,0,34,80
07/13/2012,ALN,IL,AGL,CE,Federal Contract Tower,0,3,23,0,26,0,0,23,0,23,0,3,46,0,49,22,0,22,71
07/14/2012,ALN,IL,AGL,CE,Federal Contract Tower,0,0,8,0,8,0,0,25,1,26,0,0,33,1,34,12,0,12,46
07/15/2012,ALN,IL,AGL,CE,Federal Contract Tower,0,1,16,0,17,0,0,29,0,29,0,1,45,0,46,14,0,14,60
07/16/2012,ALN,IL,AGL,CE,Federal Contract Tower,0,0,5,0,5,0,0,12,0,12,0,0,17,0,17,6,0,6,23
07/17/2012,ALN,IL,AGL,CE,Federal Contract Tower,0,1,8,0,9,0,0,27,1,28,0,1,35,1,37,22,0,22,59
07/18/2012,ALN,IL,AGL,CE,Federal Contract Tower,0,0,20,3,23,0,0,18,0,18,0,0,38,3,41,6,8,14,55
07/19/2012,ALN,IL,AGL,CE,Federal Contract Tower,0,1,32,0,33,0,0,18,0,18,0,1,50,0,51,46,0,46,97
07/20/2012,ALN,IL,AGL,CE,Federal Contract Tower,0,2,12,0,14,0,0,33,0,33,0,2,45,0,47,46,0,46,93
07/21/2012,ALN,IL,AGL,CE,Federal Contract Tower,0,0,11,1,12,0,0,34,0,34,0,0,45,1,46,26,0,26,72
07/22/2012,ALN,IL,AGL,CE,Federal Contract Tower,0,2,11,0,13,0,0,23,0,23,0,2,34,0,36,36,0,36,72
07/23/2012,ALN,IL,AGL,CE,Federal Contract Tower,0,2,19,0,21,0,1,7,0,8,0,3,26,0,29,6,0,6,35
07/24/2012,ALN,IL,AGL,CE,Federal Contract Tower,0,1,16,0,17,0,2,19,0,21,0,3,35,0,38,12,0,12,50
07/25/2012,ALN,IL,AGL,CE,Federal Contract Tower,0,2,27,0,29,0,0,33,2,35,0,2,60,2,64,28,0,28,92
07/26/2012,ALN,IL,AGL,CE,Federal Contract Tower,0,10,15,3,28,0,2,17,0,19,0,12,32,3,47,38,4,42,89
07/27/2012,ALN,IL,AGL,CE,Federal Contract Tower,0,3,18,1,22,0,0,27,0,27,0,3,45,1,49,14,0,14,63
07/28/2012,ALN,IL,AGL,CE,Federal Contract Tower,0,0,16,0,16,0,0,33,0,33,0,0,49,0,49,22,0,22,71
07/29/2012,ALN,IL,AGL,CE,Federal Contract Tower,0,0,12,0,12,0,0,21,0,21,0,0,33,0,33,32,0,32,65
07/30/2012,ALN,IL,AGL,CE,Federal Contract Tower,0,0,19,3,22,0,0,10,0,10,0,0,29,3,32,10,6,16,48
07/31/2012,ALN,IL,AGL,CE,Federal Contract Tower,0,0,8,0,8,0,0,17,5,22,0,0,25,5,30,10,0,10,40
08/01/2012,ALN,IL,AGL,CE,Federal Contract Tower,0,0,6,0,6,0,0,16,0,16,0,0,22,0,22,8,0,8,30
08/02/2012,ALN,IL,AGL,CE,Federal Contract Tower,0,2,15,0,17,0,0,23,0,23,0,2,38,0,40,34,0,34,74
08/03/2012,ALN,IL,AGL,CE,Federal Contract Tower,0,4,19,0,23,0,0,12,0,12,0,4,31,0,35,18,0,18,53
08/04/2012,ALN,IL,AGL,CE,Federal Contract Tower,0,0,14,5,19,0,0,15,0,15,0,0,29,5,34,22,4,26,60
08/05/2012,ALN,IL,AGL,CE,Federal Contract Tower,0,1,14,0,15,0,0,30,0,30,0,1,44,0,45,26,0,26,71
08/06/2012,ALN,IL,AGL,CE,Federal Contract Tower,0,0,21,0,21,0,0,23,0,23,0,0,44,0,44,28,0,28,72
08/07/2012,ALN,IL,AGL,CE,Federal Contract Tower,0,0,43,0,43,0,0,27,0,27,0,0,70,0,70,68,0,68,138
08/08/2012,ALN,IL,AGL,CE,Federal Contract Tower,0,2,14,0,16,0,0,18,0,18,0,2,32,0,34,8,0,8,42
08/09/2012,ALN,IL,AGL,CE,Federal Contract Tower,0,0,4,0,4,0,0,14,0,14,0,0,18,0,18,4,0,4,22
08/10/2012,ALN,IL,AGL,CE,Federal Contract Tower,0,1,34,9,44,0,0,31,6,37,0,1,65,15,81,24,38,62,143
08/11/2012,ALN,IL,AGL,CE,Federal Contract Tower,0,0,23,0,23,0,0,77,3,80,0,0,100,3,103,80,0,80,183
08/12/2012,ALN,IL,AGL,CE,Federal Contract Tower,0,2,8,0,10,0,0,31,0,31,0,2,39,0,41,26,0,26,67
08/13/2012,ALN,IL,AGL,CE,Federal Contract Tower,0,6,16,4,26,0,4,23,1,28,0,10,39,5,54,40,8,48,102
08/14/2012,ALN,IL,AGL,CE,Federal Contract Tower,0,0,22,0,22,0,0,25,0,25,0,0,47,0,47,36,0,36,83
08/15/2012,ALN,IL,AGL,CE,Federal Contract Tower,0,4,24,2,30,0,3,22,0,25,0,7,46,2,55,56,8,64,119
08/16/2012,ALN,IL,AGL,CE,Federal Contract Tower,0,5,15,3,23,0,5,10,0,15,0,10,25,3,38,40,0,40,78
08/17/2012,ALN,IL,AGL,CE,Federal Contract Tower,0,4,15,2,21,0,0,28,0,28,0,4,43,2,49,68,0,68,117
08/18/2012,ALN,IL,AGL,CE,Federal Contract Tower,0,8,23,0,31,0,1,50,1,52,0,9,73,1,83,50,0,50,133
08/19/2012,ALN,IL,AGL,CE,Federal Contract Tower,0,0,30,0,30,0,0,30,0,30,0,0,60,0,60,34,0,34,94
08/20/2012,ALN,IL,AGL,CE,Federal Contract Tower,0,0,19,0,19,0,0,15,0,15,0,0,34,0,34,24,0,24,58
08/21/2012,ALN,IL,AGL,CE,Federal Contract Tower,0,1,27,2,30,0,0,22,0,22,0,1,49,2,52,30,2,32,84
08/22/2012,ALN,IL,AGL,CE,Federal Contract Tower,0,0,7,4,11,0,0,21,0,21,0,0,28,4,32,24,4,28,60
08/23/2012,ALN,IL,AGL,CE,Federal Contract Tower,0,0,18,1,19,0,0,12,0,12,0,0,30,1,31,12,12,24,55
08/24/2012,ALN,IL,AGL,CE,Federal Contract Tower,0,0,24,1,25,2,29,0,0,31,2,29,24,1,56,24,0,24,80
08/25/2012,ALN,IL,AGL,CE,Federal Contract Tower,0,1,7,0,8,0,1,31,2,34,0,2,38,2,42,46,0,46,88
08/26/2012,ALN,IL,AGL,CE,Federal Contract Tower,0,0,8,0,8,0,0,16,0,16,0,0,24,0,24,10,0,10,34
08/27/2012,ALN,IL,AGL,CE,Federal Contract Tower,0,0,13,0,13,0,0,6,0,6,0,0,19,0,19,22,0,22,41
08/28/2012,ALN,IL,AGL,CE,Federal Contract Tower,0,0,17,0,17,0,0,29,0,29,0,0,46,0,46,20,0,20,66
08/29/2012,ALN,IL,AGL,CE,Federal Contract Tower,0,7,37,3,47,0,1,31,3,35,0,8,68,6,82,66,10,76,158
08/30/2012,ALN,IL,AGL,CE,Federal Contract Tower,0,3,24,0,27,0,0,27,0,27,0,3,51,0,54,62,0,62,116
08/31/2012,ALN,IL,AGL,CE,Federal Contract Tower,0,1,10,0,11,0,0,2,0,2,0,1,12,0,13,0,0,0,13
09/01/2012,ALN,IL,AGL,CE,Federal Contract Tower,0,11,6,0,17,0,3,2,0,5,0,14,8,0,22,18,0,18,40
09/02/2012,ALN,IL,AGL,CE,Federal Contract Tower,0,0,10,0,10,0,0,9,0,9,0,0,19,0,19,22,0,22,41
09/03/2012,ALN,IL,AGL,CE,Federal Contract Tower,0,0,6,4,10,0,0,20,1,21,0,0,26,5,31,6,0,6,37
09/04/2012,ALN,IL,AGL,CE,Federal Contract Tower,0,3,20,1,24,0,0,12,0,12,0,3,32,1,36,24,0,24,60
09/05/2012,ALN,IL,AGL,CE,Federal Contract Tower,0,1,8,4,13,0,0,9,0,9,0,1,17,4,22,8,4,12,34
09/06/2012,ALN,IL,AGL,CE,Federal Contract Tower,0,4,20,1,25,0,0,17,1,18,0,4,37,2,43,16,0,16,59
09/07/2012,ALN,IL,AGL,CE,Federal Contract Tower,0,3,5,0,8,0,0,11,0,11,0,3,16,0,19,14,0,14,33
09/08/2012,ALN,IL,AGL,CE,Federal Contract Tower,0,1,6,2,9,0,1,39,7,47,0,2,45,9,56,58,28,86,142
09/09/2012,ALN,IL,AGL,CE,Federal Contract Tower,0,0,8,0,8,0,1,41,0,42,0,1,49,0,50,32,0,32,82
09/10/2012,ALN,IL,AGL,CE,Federal Contract Tower,0,4,17,2,23,0,0,28,0,28,0,4,45,2,51,30,0,30,81
09/11/2012,ALN,IL,AGL,CE,Federal Contract Tower,0,3,12,0,15,0,0,29,0,29,0,3,41,0,44,20,0,20,64
09/12/2012,ALN,IL,AGL,CE,Federal Contract Tower,0,0,19,0,19,0,2,18,0,20,0,2,37,0,39,14,0,14,53
09/13/2012,ALN,IL,AGL,CE,Federal Contract Tower,0,0,18,0,18,0,0,18,0,18,0,0,36,0,36,14,0,14,50
09/14/2012,ALN,IL,AGL,CE,Federal Contract Tower,0,4,13,0,17,0,0,21,0,21,0,4,34,0,38,16,0,16,54
09/15/2012,ALN,IL,AGL,CE,Federal Contract Tower,0,0,16,0,16,0,0,37,0,37,0,0,53,0,53,26,0,26,79
09/16/2012,ALN,IL,AGL,CE,Federal Contract Tower,0,0,5,0,5,0,0,34,0,34,0,0,39,0,39,18,0,18,57
09/17/2012,ALN,IL,AGL,CE,Federal Contract Tower,0,6,24,0,30,0,0,0,0,0,0,6,24,0,30,0,0,0,30
09/18/2012,ALN,IL,AGL,CE,Federal Contract Tower,0,2,26,4,32,0,1,29,0,30,0,3,55,4,62,32,0,32,94
09/19/2012,ALN,IL,AGL,CE,Federal Contract Tower,0,1,28,8,37,0,0,24,0,24,0,1,52,8,61,48,6,54,115
09/20/2012,ALN,IL,AGL,CE,Federal Contract Tower,0,15,19,0,34,0,1,34,0,35,0,16,53,0,69,62,0,62,131
09/21/2012,ALN,IL,AGL,CE,Federal Contract Tower,0,0,14,0,14,0,0,25,0,25,0,0,39,0,39,22,0,22,61
09/22/2012,ALN,IL,AGL,CE,Federal Contract Tower,0,0,18,0,18,0,0,27,0,27,0,0,45,0,45,67,0,67,112
09/23/2012,ALN,IL,AGL,CE,Federal Contract Tower,0,0,11,8,19,0,0,56,0,56,0,0,67,8,75,48,4,52,127
09/24/2012,ALN,IL,AGL,CE,Federal Contract Tower,0,5,11,0,16,0,0,0,0,0,0,5,11,0,16,23,0,23,39
09/25/2012,ALN,IL,AGL,CE,Federal Contract Tower,0,0,8,0,8,0,0,6,0,6,0,0,14,0,14,0,0,0,14
09/26/2012,ALN,IL,AGL,CE,Federal Contract Tower,0,1,13,0,14,0,0,26,0,26,0,1,39,0,40,10,0,10,50
09/27/2012,ALN,IL,AGL,CE,Federal Contract Tower,0,4,12,0,16,0,0,14,0,14,0,4,26,0,30,20,0,20,50
09/28/2012,ALN,IL,AGL,CE,Federal Contract Tower,0,0,30,9,39,0,0,34,0,34,0,0,64,9,73,52,16,68,141
09/29/2012,ALN,IL,AGL,CE,Federal Contract Tower,0,9,17,0,26,0,0,138,0,138,0,9,155,0,164,148,0,148,312
09/30/2012,ALN,IL,AGL,CE,Federal Contract Tower,0,0,23,0,23,0,1,321,0,322,0,1,344,0,345,58,0,58,403
10/01/2012,ALN,IL,AGL,CE,Federal Contract Tower,0,2,14,2,18,0,0,14,8,22,0,2,28,10,40,18,0,18,58
10/02/2012,ALN,IL,AGL,CE,Federal Contract Tower,0,0,5,0,5,0,0,11,0,11,0,0,16,0,16,14,0,14,30
10/03/2012,ALN,IL,AGL,CE,Federal Contract Tower,0,0,19,11,30,0,0,13,1,14,0,0,32,12,44,20,32,52,96
10/04/2012,ALN,IL,AGL,CE,Federal Contract Tower,0,3,29,9,41,0,3,15,3,21,0,6,44,12,62,26,20,46,108
10/05/2012,ALN,IL,AGL,CE,Federal Contract Tower,0,0,16,0,16,0,0,4,0,4,0,0,20,0,20,0,0,0,20
10/06/2012,ALN,IL,AGL,CE,Federal Contract Tower,0,16,19,1,36,0,1,31,0,32,0,17,50,1,68,82,0,82,150
10/07/2012,ALN,IL,AGL,CE,Federal Contract Tower,0,10,4,0,14,0,0,49,0,49,0,10,53,0,63,60,0,60,123
10/08/2012,ALN,IL,AGL,CE,Federal Contract Tower,0,0,18,0,18,0,0,31,0,31,0,0,49,0,49,48,0,48,97
10/09/2012,ALN,IL,AGL,CE,Federal Contract Tower,0,0,16,37,53,0,0,20,4,24,0,0,36,41,77,18,76,94,171
10/10/2012,ALN,IL,AGL,CE,Federal Contract Tower,0,1,37,4,42,0,0,22,2,24,0,1,59,6,66,32,16,48,114
10/11/2012,ALN,IL,AGL,CE,Federal Contract Tower,0,0,7,31,38,0,0,16,4,20,0,0,23,35,58,4,62,66,124
10/12/2012,ALN,IL,AGL,CE,Federal Contract Tower,0,0,13,26,39,0,0,34,0,34,0,0,47,26,73,16,34,50,123
10/13/2012,ALN,IL,AGL,CE,Federal Contract Tower,0,0,9,0,9,0,0,17,0,17,0,0,26,0,26,16,0,16,42
10/14/2012,ALN,IL,AGL,CE,Federal Contract Tower,0,0,3,2,5,0,0,18,0,18,0,0,21,2,23,22,2,24,47
10/15/2012,ALN,IL,AGL,CE,Federal Contract Tower,0,1,25,0,26,0,0,32,0,32,0,1,57,0,58,66,0,66,124
10/16/2012,ALN,IL,AGL,CE,Federal Contract Tower,0,1,24,13,38,0,0,33,1,34,0,1,57,14,72,50,24,74,146
10/17/2012,ALN,IL,AGL,CE,Federal Contract Tower,0,0,9,5,14,0,0,2,0,2,0,0,11,5,16,0,20,20,36
10/18/2012,ALN,IL,AGL,CE,Federal Contract Tower,0,1,10,0,11,0,0,8,0,8,0,1,18,0,19,2,0,2,21
10/19/2012,ALN,IL,AGL,CE,Federal Contract Tower,0,0,44,0,44,0,0,18,0,18,0,0,62,0,62,34,0,34,96
10/20/2012,ALN,IL,AGL,CE,Federal Contract Tower,0,0,14,0,14,0,0,44,0,44,0,0,58,0,58,86,0,86,144
10/21/2012,ALN,IL,AGL,CE,Federal Contract Tower,0,0,26,0,26,0,0,55,0,55,0,0,81,0,81,62,0,62,143
10/22/2012,ALN,IL,AGL,CE,Federal Contract Tower,0,0,12,10,22,0,0,11,6,17,0,0,23,16,39,24,10,34,73
10/23/2012,ALN,IL,AGL,CE,Federal Contract Tower,0,2,16,0,18,0,0,17,0,17,0,2,33,0,35,44,0,44,79
10/24/2012,ALN,IL,AGL,CE,Federal Contract Tower,0,1,15,0,16,0,2,31,0,33,0,3,46,0,49,56,0,56,105
10/25/2012,ALN,IL,AGL,CE,Federal Contract Tower,0,1,15,0,16,0,0,20,0,20,0,1,35,0,36,46,0,46,82
10/26/2012,ALN,IL,AGL,CE,Federal Contract Tower,0,3,25,2,30,0,2,33,0,35,0,5,58,2,65,62,0,62,127
10/27/2012,ALN,IL,AGL,CE,Federal Contract Tower,0,2,32,0,34,0,2,47,0,49,0,4,79,0,83,48,0,48,131
10/28/2012,ALN,IL,AGL,CE,Federal Contract Tower,0,0,25,2,27,0,0,35,0,35,0,0,60,2,62,76,2,78,140
10/29/2012,ALN,IL,AGL,CE,Federal Contract Tower,0,2,20,0,22,0,0,36,0,36,0,2,56,0,58,62,0,62,120
10/30/2012,ALN,IL,AGL,CE,Federal Contract Tower,0,2,9,1,12,0,2,14,1,17,0,4,23,2,29,30,0,30,59
10/31/2012,ALN,IL,AGL,CE,Federal Contract Tower,0,2,19,0,21,0,0,24,0,24,0,2,43,0,45,44,0,44,89
11/01/2012,ALN,IL,AGL,CE,Federal Contract Tower,0,6,14,0,20,0,2,21,0,23,0,8,35,0,43,36,0,36,79
11/02/2012,ALN,IL,AGL,CE,Federal Contract Tower,0,1,23,0,24,0,0,38,0,38,0,1,61,0,62,72,0,72,134
11/03/2012,ALN,IL,AGL,CE,Federal Contract Tower,0,0,6,1,7,0,0,30,0,30,0,0,36,1,37,32,0,32,69
11/04/2012,ALN,IL,AGL,CE,Federal Contract Tower,0,0,16,0,16,0,0,31,0,31,0,0,47,0,47,55,0,55,102
11/05/2012,ALN,IL,AGL,CE,Federal Contract Tower,0,0,12,0,12,0,0,6,0,6,0,0,18,0,18,0,0,0,18
11/06/2012,ALN,IL,AGL,CE,Federal Contract Tower,0,2,14,0,16,0,0,9,0,9,0,2,23,0,25,12,0,12,37
11/07/2012,ALN,IL,AGL,CE,Federal Contract Tower,0,2,14,0,16,0,0,12,0,12,0,2,26,0,28,14,0,14,42
11/08/2012,ALN,IL,AGL,CE,Federal Contract Tower,0,0,15,0,15,0,0,35,0,35,0,0,50,0,50,32,0,32,82
11/09/2012,ALN,IL,AGL,CE,Federal Contract Tower,0,0,13,8,21,0,1,42,1,44,0,1,55,9,65,44,42,86,151
11/10/2012,ALN,IL,AGL,CE,Federal Contract Tower,0,0,6,0,6,0,0,129,0,129,0,0,135,0,135,34,0,34,169
11/11/2012,ALN,IL,AGL,CE,Federal Contract Tower,0,6,7,0,13,0,0,14,0,14,0,6,21,0,27,16,0,16,43
11/12/2012,ALN,IL,AGL,CE,Federal Contract Tower,0,0,17,17,34,0,0,38,0,38,0,0,55,17,72,12,20,32,104
11/13/2012,ALN,IL,AGL,CE,Federal Contract Tower,0,13,18,0,31,0,2,30,0,32,0,15,48,0,63,58,0,58,121
11/14/2012,ALN,IL,AGL,CE,Federal Contract Tower,0,5,22,14,41,0,1,25,3,29,0,6,47,17,70,52,60,112,182
11/15/2012,ALN,IL,AGL,CE,Federal Contract Tower,0,3,22,0,25,0,2,23,0,25,0,5,45,0,50,44,0,44,94
11/16/2012,ALN,IL,AGL,CE,Federal Contract Tower,0,0,14,7,21,0,0,23,3,26,0,0,37,10,47,22,22,44,91
11/17/2012,ALN,IL,AGL,CE,Federal Contract Tower,0,0,22,0,22,0,0,60,1,61,0,0,82,1,83,70,0,70,153
11/18/2012,ALN,IL,AGL,CE,Federal Contract Tower,0,4,15,0,19,0,0,32,1,33,0,4,47,1,52,70,0,70,122
11/19/2012,ALN,IL,AGL,CE,Federal Contract Tower,0,1,21,0,22,0,0,19,0,19,0,1,40,0,41,42,0,42,83
11/20/2012,ALN,IL,AGL,CE,Federal Contract Tower,0,0,19,0,19,0,5,15,0,20,0,5,34,0,39,76,0,76,115
11/21/2012,ALN,IL,AGL,CE,Federal Contract Tower,0,0,14,0,14,0,0,1,0,1,0,0,15,0,15,0,0,0,15
11/22/2012,ALN,IL,AGL,CE,Federal Contract Tower,0,0,0,0,0,0,0,2,0,2,0,0,2,0,2,0,0,0,2
11/23/2012,ALN,IL,AGL,CE,Federal Contract Tower,0,0,5,0,5,0,0,29,0,29,0,0,34,0,34,20,0,20,54
11/24/2012,ALN,IL,AGL,CE,Federal Contract Tower,0,8,17,0,25,0,0,50,0,50,0,8,67,0,75,52,0,52,127
11/25/2012,ALN,IL,AGL,CE,Federal Contract Tower,0,1,22,0,23,0,0,48,0,48,0,1,70,0,71,46,0,46,117
11/26/2012,ALN,IL,AGL,CE,Federal Contract Tower,0,1,21,0,22,0,0,15,0,15,0,1,36,0,37,12,0,12,49
11/27/2012,ALN,IL,AGL,CE,Federal Contract Tower,0,0,12,0,12,0,0,11,0,11,0,0,23,0,23,12,0,12,35
11/28/2012,ALN,IL,AGL,CE,Federal Contract Tower,0,12,28,0,40,0,1,26,0,27,0,13,54,0,67,50,0,50,117
11/29/2012,ALN,IL,AGL,CE,Federal Contract Tower,0,0,10,0,10,0,0,24,0,24,0,0,34,0,34,32,0,32,66
11/30/2012,ALN,IL,AGL,CE,Federal Contract Tower,0,0,15,0,15,0,0,32,0,32,0,0,47,0,47,12,0,12,59
12/01/2012,ALN,IL,AGL,CE,Federal Contract Tower,0,0,18,0,18,0,0,14,0,14,0,0,32,0,32,83,0,83,115
12/02/2012,ALN,IL,AGL,CE,Federal Contract Tower,0,0,14,0,14,0,0,35,0,35,0,0,49,0,49,52,0,52,101
12/03/2012,ALN,IL,AGL,CE,Federal Contract Tower,0,0,24,0,24,0,0,21,0,21,0,0,45,0,45,32,0,32,77
12/04/2012,ALN,IL,AGL,CE,Federal Contract Tower,0,0,16,0,16,0,0,35,0,35,0,0,51,0,51,44,0,44,95
12/05/2012,ALN,IL,AGL,CE,Federal Contract Tower,0,1,20,2,23,0,6,39,0,45,0,7,59,2,68,32,0,32,100
12/06/2012,ALN,IL,AGL,CE,Federal Contract Tower,0,0,15,9,24,0,0,18,0,18,0,0,33,9,42,30,30,60,102
12/07/2012,ALN,IL,AGL,CE,Federal Contract Tower,0,0,12,0,12,0,0,0,0,0,0,0,12,0,12,2,0,2,14
12/08/2012,ALN,IL,AGL,CE,Federal Contract Tower,0,1,37,0,38,0,0,16,0,16,0,1,53,0,54,38,0,38,92
12/09/2012,ALN,IL,AGL,CE,Federal Contract Tower,0,0,10,0,10,0,0,0,0,0,0,0,10,0,10,4,0,4,14
12/10/2012,ALN,IL,AGL,CE,Federal Contract Tower,0,0,12,6,18,0,0,12,0,12,0,0,24,6,30,4,4,8,38
12/11/2012,ALN,IL,AGL,CE,Federal Contract Tower,0,0,21,0,21,0,0,43,0,43,0,0,64,0,64,66,0,66,130
12/12/2012,ALN,IL,AGL,CE,Federal Contract Tower,0,0,18,0,18,0,0,24,0,24,0,0,42,0,42,46,0,46,88
12/13/2012,ALN,IL,AGL,CE,Federal Contract Tower,0,1,20,0,21,0,1,22,0,23,0,2,42,0,44,44,0,44,88
12/14/2012,ALN,IL,AGL,CE,Federal Contract Tower,0,1,20,4,25,0,5,26,0,31,0,6,46,4,56,22,6,28,84
12/15/2012,ALN,IL,AGL,CE,Federal Contract Tower,0,0,7,0,7,0,0,14,0,14,0,0,21,0,21,30,0,30,51
12/16/2012,ALN,IL,AGL,CE,Federal Contract Tower,0,0,38,0,38,0,0,40,0,40,0,0,78,0,78,124,0,124,202
12/17/2012,ALN,IL,AGL,CE,Federal Contract Tower,0,29,14,2,45,0,0,0,0,0,0,29,14,2,45,27,0,27,72
12/18/2012,ALN,IL,AGL,CE,Federal Contract Tower,0,2,39,1,42,0,1,32,0,33,0,3,71,1,75,64,4,68,143
12/19/2012,ALN,IL,AGL,CE,Federal Contract Tower,0,0,8,0,8,0,0,5,0,5,0,0,13,0,13,8,0,8,21
12/20/2012,ALN,IL,AGL,CE,Federal Contract Tower,0,2,9,0,11,0,0,1,0,1,0,2,10,0,12,0,0,0,12
12/21/2012,ALN,IL,AGL,CE,Federal Contract Tower,0,0,19,0,19,0,0,25,0,25,0,0,44,0,44,10,0,10,54
12/22/2012,ALN,IL,AGL,CE,Federal Contract Tower,0,19,30,2,51,0,0,52,0,52,0,19,82,2,103,90,2,92,195
12/23/2012,ALN,IL,AGL,CE,Federal Contract Tower,0,0,19,0,19,0,0,33,0,33,0,0,52,0,52,26,0,26,78
12/24/2012,ALN,IL,AGL,CE,Federal Contract Tower,0,0,4,0,4,0,0,0,0,0,0,0,4,0,4,0,0,0,4
12/25/2012,ALN,IL,AGL,CE,Federal Contract Tower,0,0,2,0,2,0,0,2,0,2,0,0,4,0,4,0,0,0,4
12/26/2012,ALN,IL,AGL,CE,Federal Contract Tower,0,0,6,0,6,0,0,2,0,2,0,0,8,0,8,0,0,0,8
12/27/2012,ALN,IL,AGL,CE,Federal Contract Tower,0,0,4,4,8,0,0,19,0,19,0,0,23,4,27,12,0,12,39
12/28/2012,ALN,IL,AGL,CE,Federal Contract Tower,0,1,17,0,18,0,0,1,0,1,0,1,18,0,19,0,0,0,19
12/29/2012,ALN,IL,AGL,CE,Federal Contract Tower,0,5,17,0,22,0,0,19,0,19,0,5,36,0,41,18,0,18,59
12/30/2012,ALN,IL,AGL,CE,Federal Contract Tower,0,0,27,0,27,0,0,43,0,43,0,0,70,0,70,62,0,62,132
12/31/2012,ALN,IL,AGL,CE,Federal Contract Tower,0,0,1,0,1,0,0,18,0,18,0,0,19,0,19,26,0,26,45
01/01/2013,ALN,IL,AGL,CE,Federal Contract Tower,0,0,13,0,13,0,0,14,0,14,0,0,27,0,27,36,0,36,63
01/02/2013,ALN,IL,AGL,CE,Federal Contract Tower,0,2,13,4,19,0,0,10,0,10,0,2,23,4,29,18,4,22,51
01/03/2013,ALN,IL,AGL,CE,Federal Contract Tower,0,0,16,0,16,0,0,13,0,13,0,0,29,0,29,30,0,30,59
01/04/2013,ALN,IL,AGL,CE,Federal Contract Tower,0,1,26,0,27,0,0,25,0,25,0,1,51,0,52,26,0,26,78
01/05/2013,ALN,IL,AGL,CE,Federal Contract Tower,0,2,14,0,16,0,0,28,0,28,0,2,42,0,44,74,0,74,118
01/06/2013,ALN,IL,AGL,CE,Federal Contract Tower,0,0,15,0,15,0,0,35,0,35,0,0,50,0,50,48,0,48,98
01/07/2013,ALN,IL,AGL,CE,Federal Contract Tower,0,3,11,0,14,0,1,37,0,38,0,4,48,0,52,34,0,34,86
01/08/2013,ALN,IL,AGL,CE,Federal Contract Tower,0,1,9,0,10,0,0,37,0,37,0,1,46,0,47,50,0,50,97
01/09/2013,ALN,IL,AGL,CE,Federal Contract Tower,0,2,18,0,20,0,0,41,0,41,0,2,59,0,61,38,0,38,99
01/10/2013,ALN,IL,AGL,CE,Federal Contract Tower,0,0,7,0,7,0,0,0,0,0,0,0,7,0,7,0,0,0,7
01/11/2013,ALN,IL,AGL,CE,Federal Contract Tower,0,0,11,11,22,0,0,21,5,26,0,0,32,16,48,34,14,48,96
01/12/2013,ALN,IL,AGL,CE,Federal Contract Tower,0,18,10,0,28,0,0,40,4,44,0,18,50,4,72,54,0,54,126
01/13/2013,ALN,IL,AGL,CE,Federal Contract Tower,0,0,4,0,4,0,0,22,0,22,0,0,26,0,26,32,0,32,58
01/14/2013,ALN,IL,AGL,CE,Federal Contract Tower,0,0,21,0,21,0,0,20,0,20,0,0,41,0,41,62,0,62,103
01/15/2013,ALN,IL,AGL,CE,Federal Contract Tower,0,0,20,13,33,0,2,27,0,29,0,2,47,13,62,60,26,86,148
01/16/2013,ALN,IL,AGL,CE,Federal Contract Tower,0,0,26,10,36,0,0,19,3,22,0,0,45,13,58,38,42,80,138
01/17/2013,ALN,IL,AGL,CE,Federal Contract Tower,0,6,16,0,22,0,0,14,0,14,0,6,30,0,36,28,0,28,64
01/18/2013,ALN,IL,AGL,CE,Federal Contract Tower,0,0,23,0,23,0,0,40,0,40,0,0,63,0,63,48,2,50,113
01/19/2013,ALN,IL,AGL,CE,Federal Contract Tower,0,0,20,0,20,0,0,44,0,44,0,0,64,0,64,56,0,56,120
01/20/2013,ALN,IL,AGL,CE,Federal Contract Tower,0,0,6,0,6,0,0,50,0,50,0,0,56,0,56,40,0,40,96
01/21/2013,ALN,IL,AGL,CE,Federal Contract Tower,0,0,8,0,8,0,0,31,0,31,0,0,39,0,39,50,0,50,89
01/22/2013,ALN,IL,AGL,CE,Federal Contract Tower,0,0,15,8,23,0,0,17,0,17,0,0,32,8,40,6,8,14,54
01/23/2013,ALN,IL,AGL,CE,Federal Contract Tower,0,0,25,0,25,0,0,31,0,31,0,0,56,0,56,38,0,38,94
01/24/2013,ALN,IL,AGL,CE,Federal Contract Tower,0,0,10,0,10,0,0,15,0,15,0,0,25,0,25,34,0,34,59
01/25/2013,ALN,IL,AGL,CE,Federal Contract Tower,0,0,22,6,28,0,0,34,0,34,0,0,56,6,62,32,10,42,104
01/26/2013,ALN,IL,AGL,CE,Federal Contract Tower,0,0,26,6,32,0,0,83,0,83,0,0,109,6,115,90,12,102,217
01/27/2013,ALN,IL,AGL,CE,Federal Contract Tower,0,0,0,0,0,0,0,0,0,0,0,0,0,0,0,0,0,0,0
01/28/2013,ALN,IL,AGL,CE,Federal Contract Tower,0,1,11,6,18,0,0,33,0,33,0,1,44,6,51,70,4,74,125
01/29/2013,ALN,IL,AGL,CE,Federal Contract Tower,0,1,4,0,5,0,0,2,0,2,0,1,6,0,7,14,0,14,21
01/30/2013,ALN,IL,AGL,CE,Federal Contract Tower,0,0,13,0,13,0,0,0,0,0,0,0,13,0,13,0,0,0,13
01/31/2013,ALN,IL,AGL,CE,Federal Contract Tower,0,3,21,1,25,0,0,11,0,11,0,3,32,1,36,30,4,34,70
02/01/2013,ALN,IL,AGL,CE,Federal Contract Tower,0,1,18,0,19,0,0,18,0,18,0,1,36,0,37,18,0,18,55
02/02/2013,ALN,IL,AGL,CE,Federal Contract Tower,0,0,43,0,43,0,0,35,0,35,0,0,78,0,78,36,0,36,114
02/03/2013,ALN,IL,AGL,CE,Federal Contract Tower,0,0,6,4,10,0,0,26,4,30,0,0,32,8,40,24,0,24,64
02/04/2013,ALN,IL,AGL,CE,Federal Contract Tower,0,1,32,9,42,0,0,20,3,23,0,1,52,12,65,32,14,46,111
02/05/2013,ALN,IL,AGL,CE,Federal Contract Tower,0,2,25,5,32,0,0,32,10,42,0,2,57,15,74,40,6,46,120
02/06/2013,ALN,IL,AGL,CE,Federal Contract Tower,0,0,19,0,19,0,0,37,0,37,0,0,56,0,56,36,0,36,92
02/07/2013,ALN,IL,AGL,CE,Federal Contract Tower,0,2,20,0,22,0,0,7,0,7,0,2,27,0,29,8,0,8,37
02/08/2013,ALN,IL,AGL,CE,Federal Contract Tower,0,2,23,10,35,0,0,16,0,16,0,2,39,10,51,24,30,54,105
02/09/2013,ALN,IL,AGL,CE,Federal Contract Tower,0,0,14,0,14,0,0,20,0,20,0,0,34,0,34,42,0,42,76
02/10/2013,ALN,IL,AGL,CE,Federal Contract Tower,0,0,1,0,1,0,0,0,0,0,0,0,1,0,1,0,0,0,1
02/11/2013,ALN,IL,AGL,CE,Federal Contract Tower,0,1,11,5,17,0,0,14,0,14,0,1,25,5,31,22,4,26,57
02/12/2013,ALN,IL,AGL,CE,Federal Contract Tower,0,0,20,0,20,0,0,41,0,41,0,0,61,0,61,60,0,60,121
02/13/2013,ALN,IL,AGL,CE,Federal Contract Tower,0,0,20,3,23,0,0,22,0,22,0,0,42,3,45,40,10,50,95
02/14/2013,ALN,IL,AGL,CE,Federal Contract Tower,0,1,10,3,14,0,0,27,0,27,0,1,37,3,41,48,4,52,93
02/15/2013,ALN,IL,AGL,CE,Federal Contract Tower,0,2,18,2,22,0,0,33,0,33,0,2,51,2,55,74,4,78,133
02/16/2013,ALN,IL,AGL,CE,Federal Contract Tower,0,0,14,0,14,0,0,55,0,55,0,0,69,0,69,60,0,60,129
02/17/2013,ALN,IL,AGL,CE,Federal Contract Tower,0,0,14,0,14,0,0,28,0,28,0,0,42,0,42,6,0,6,48
02/18/2013,ALN,IL,AGL,CE,Federal Contract Tower,0,1,13,0,14,0,0,2,0,2,0,1,15,0,16,6,0,6,22
02/19/2013,ALN,IL,AGL,CE,Federal Contract Tower,0,0,12,2,14,0,0,9,0,9,0,0,21,2,23,6,0,6,29
02/20/2013,ALN,IL,AGL,CE,Federal Contract Tower,0,0,14,10,24,0,1,26,3,30,0,1,40,13,54,42,40,82,136
02/21/2013,ALN,IL,AGL,CE,Federal Contract Tower,0,0,1,0,1,0,0,0,0,0,0,0,1,0,1,0,0,0,1
02/22/2013,ALN,IL,AGL,CE,Federal Contract Tower,0,0,13,2,15,0,0,0,0,0,0,0,13,2,15,4,8,12,27
02/23/2013,ALN,IL,AGL,CE,Federal Contract Tower,0,12,19,0,31,0,0,33,0,33,0,12,52,0,64,44,0,44,108
02/24/2013,ALN,IL,AGL,CE,Federal Contract Tower,0,0,29,0,29,0,0,49,0,49,0,0,78,0,78,78,0,78,156
02/25/2013,ALN,IL,AGL,CE,Federal Contract Tower,0,3,19,1,23,0,0,16,0,16,0,3,35,1,39,12,0,12,51
02/26/2013,ALN,IL,AGL,CE,Federal Contract Tower,0,1,9,0,10,0,0,0,0,0,0,1,9,0,10,0,0,0,10
02/27/2013,ALN,IL,AGL,CE,Federal Contract Tower,0,1,12,0,13,0,0,0,0,0,0,1,12,0,13,2,0,2,15
02/28/2013,ALN,IL,AGL,CE,Federal Contract Tower,0,0,19,0,19,0,0,0,0,0,0,0,19,0,19,4,0,4,23
03/01/2013,ALN,IL,AGL,CE,Federal Contract Tower,0,0,9,0,9,0,0,0,0,0,0,0,9,0,9,0,0,0,9
03/02/2013,ALN,IL,AGL,CE,Federal Contract Tower,0,1,26,0,27,0,0,18,0,18,0,1,44,0,45,26,0,26,71
03/03/2013,ALN,IL,AGL,CE,Federal Contract Tower,0,0,12,0,12,0,0,45,0,45,0,0,57,0,57,30,0,30,87
03/04/2013,ALN,IL,AGL,CE,Federal Contract Tower,0,0,15,2,17,0,0,37,0,37,0,0,52,2,54,68,8,76,130
03/05/2013,ALN,IL,AGL,CE,Federal Contract Tower,0,0,10,0,10,0,0,0,0,0,0,0,10,0,10,0,0,0,10
03/06/2013,ALN,IL,AGL,CE,Federal Contract Tower,0,1,23,7,31,0,0,6,2,8,0,1,29,9,39,0,24,24,63
03/07/2013,ALN,IL,AGL,CE,Federal Contract Tower,0,0,26,6,32,0,0,40,2,42,0,0,66,8,74,52,16,68,142
03/08/2013,ALN,IL,AGL,CE,Federal Contract Tower,0,1,16,5,22,0,4,40,0,44,0,5,56,5,66,20,10,30,96
03/09/2013,ALN,IL,AGL,CE,Federal Contract Tower,0,0,20,0,20,0,0,21,0,21,0,0,41,0,41,32,0,32,73
03/10/2013,ALN,IL,AGL,CE,Federal Contract Tower,0,0,4,0,4,0,0,0,0,0,0,0,4,0,4,0,0,0,4
03/11/2013,ALN,IL,AGL,CE,Federal Contract Tower,0,0,9,0,9,0,0,2,0,2,0,0,11,0,11,0,0,0,11
03/12/2013,ALN,IL,AGL,CE,Federal Contract Tower,0,2,16,0,18,0,0,3,0,3,0,2,19,0,21,22,0,22,43
03/13/2013,ALN,IL,AGL,CE,Federal Contract Tower,0,0,20,0,20,0,0,12,0,12,0,0,32,0,32,12,0,12,44
03/14/2013,ALN,IL,AGL,CE,Federal Contract Tower,0,1,17,0,18,0,5,23,0,28,0,6,40,0,46,72,0,72,118
03/15/2013,ALN,IL,AGL,CE,Federal Contract Tower,0,3,26,3,32,0,0,50,2,52,0,3,76,5,84,84,8,92,176
03/16/2013,ALN,IL,AGL,CE,Federal Contract Tower,0,11,36,0,47,0,0,12,0,12,0,11,48,0,59,44,0,44,103
03/17/2013,ALN,IL,AGL,CE,Federal Contract Tower,0,0,2,0,2,0,0,0,0,0,0,0,2,0,2,0,0,0,2
03/18/2013,ALN,IL,AGL,CE,Federal Contract Tower,0,4,9,0,13,0,7,4,0,11,0,11,13,0,24,6,0,6,30
03/19/2013,ALN,IL,AGL,CE,Federal Contract Tower,0,10,16,0,26,0,3,24,0,27,0,13,40,0,53,42,0,42,95
03/20/2013,ALN,IL,AGL,CE,Federal Contract Tower,0,5,8,0,13,0,3,2,0,5,0,8,10,0,18,0,0,0,18
03/21/2013,ALN,IL,AGL,CE,Federal Contract Tower,0,2,14,0,16,0,0,29,0,29,0,2,43,0,45,54,0,54,99
03/22/2013,ALN,IL,AGL,CE,Federal Contract Tower,0,6,6,2,14,0,8,31,0,39,0,14,37,2,53,14,4,18,71
03/23/2013,ALN,IL,AGL,CE,Federal Contract Tower,0,1,31,0,32,0,0,59,0,59,0,1,90,0,91,84,0,84,175
03/24/2013,ALN,IL,AGL,CE,Federal Contract Tower,0,0,1,0,1,0,0,0,0,0,0,0,1,0,1,0,0,0,1
03/25/2013,ALN,IL,AGL,CE,Federal Contract Tower,0,0,7,0,7,0,0,8,0,8,0,0,15,0,15,14,0,14,29
03/26/2013,ALN,IL,AGL,CE,Federal Contract Tower,0,4,14,8,26,0,26,12,0,38,0,30,26,8,64,46,4,50,114
03/27/2013,ALN,IL,AGL,CE,Federal Contract Tower,0,6,16,3,25,0,0,21,2,23,0,6,37,5,48,74,8,82,130
03/28/2013,ALN,IL,AGL,CE,Federal Contract Tower,0,6,15,0,21,0,12,26,0,38,0,18,41,0,59,30,0,30,89
03/29/2013,ALN,IL,AGL,CE,Federal Contract Tower,0,4,8,3,15,0,0,47,2,49,0,4,55,5,64,44,4,48,112
03/30/2013,ALN,IL,AGL,CE,Federal Contract Tower,0,0,9,0,9,0,0,27,0,27,0,0,36,0,36,10,0,10,46
03/31/2013,ALN,IL,AGL,CE,Federal Contract Tower,0,0,8,0,8,0,0,19,0,19,0,0,27,0,27,18,0,18,45
04/01/2013,ALN,IL,AGL,CE,Federal Contract Tower,0,0,17,2,19,0,0,25,1,26,0,0,42,3,45,64,0,64,109
04/02/2013,ALN,IL,AGL,CE,Federal Contract Tower,0,4,18,0,22,0,0,25,0,25,0,4,43,0,47,54,0,54,101
04/03/2013,ALN,IL,AGL,CE,Federal Contract Tower,0,1,25,0,26,0,0,24,0,24,0,1,49,0,50,8,0,8,58
04/04/2013,ALN,IL,AGL,CE,Federal Contract Tower,0,12,25,0,37,0,0,33,0,33,0,12,58,0,70,64,0,64,134
04/05/2013,ALN,IL,AGL,CE,Federal Contract Tower,0,2,19,0,21,0,6,46,0,52,0,8,65,0,73,32,0,32,105
04/06/2013,ALN,IL,AGL,CE,Federal Contract Tower,0,2,15,0,17,0,0,13,0,13,0,2,28,0,30,14,0,14,44
04/07/2013,ALN,IL,AGL,CE,Federal Contract Tower,0,0,16,0,16,0,0,52,0,52,0,0,68,0,68,90,0,90,158
04/08/2013,ALN,IL,AGL,CE,Federal Contract Tower,0,2,2,0,4,0,0,23,0,23,0,2,25,0,27,52,0,52,79
04/09/2013,ALN,IL,AGL,CE,Federal Contract Tower,0,0,12,0,12,0,0,15,0,15,0,0,27,0,27,62,0,62,89
04/10/2013,ALN,IL,AGL,CE,Federal Contract Tower,0,3,6,6,15,0,0,2,0,2,0,3,8,6,17,6,10,16,33
04/11/2013,ALN,IL,AGL,CE,Federal Contract Tower,0,2,14,0,16,0,0,25,0,25,0,2,39,0,41,48,0,48,89
04/12/2013,ALN,IL,AGL,CE,Federal Contract Tower,0,14,13,1,28,0,2,22,0,24,0,16,35,1,52,0,0,0,52
04/13/2013,ALN,IL,AGL,CE,Federal Contract Tower,0,16,64,0,80,0,0,85,0,85,0,16,149,0,165,96,0,96,261
04/14/2013,ALN,IL,AGL,CE,Federal Contract Tower,0,0,9,0,9,0,6,22,0,28,0,6,31,0,37,20,0,20,57
04/15/2013,ALN,IL,AGL,CE,Federal Contract Tower,0,4,6,0,10,0,0,20,0,20,0,4,26,0,30,40,0,40,70
04/16/2013,ALN,IL,AGL,CE,Federal Contract Tower,0,3,1,0,4,0,0,1,0,1,0,3,2,0,5,0,0,0,5
04/17/2013,ALN,IL,AGL,CE,Federal Contract Tower,0,8,0,0,8,0,6,2,0,8,0,14,2,0,16,14,0,14,30
04/18/2013,ALN,IL,AGL,CE,Federal Contract Tower,0,4,0,0,4,0,0,0,0,0,0,4,0,0,4,2,0,2,6
04/19/2013,ALN,IL,AGL,CE,Federal Contract Tower,0,4,16,0,20,0,2,14,0,16,0,6,30,0,36,4,0,4,40
04/20/2013,ALN,IL,AGL,CE,Federal Contract Tower,0,0,16,0,16,0,0,89,0,89,0,0,105,0,105,112,0,112,217
04/21/2013,ALN,IL,AGL,CE,Federal Contract Tower,0,5,20,0,25,0,0,55,0,55,0,5,75,0,80,90,0,90,170
04/22/2013,ALN,IL,AGL,CE,Federal Contract Tower,0,6,9,0,15,0,4,48,0,52,0,10,57,0,67,28,0,28,95
04/23/2013,ALN,IL,AGL,CE,Federal Contract Tower,0,2,9,5,16,0,0,5,6,11,0,2,14,11,27,0,0,0,27
04/24/2013,ALN,IL,AGL,CE,Federal Contract Tower,0,8,13,0,21,0,3,13,0,16,0,11,26,0,37,12,0,12,49
04/25/2013,ALN,IL,AGL,CE,Federal Contract Tower,0,4,9,2,15,0,5,23,2,30,0,9,32,4,45,16,4,20,65
04/26/2013,ALN,IL,AGL,CE,Federal Contract Tower,0,5,19,5,29,0,0,22,10,32,0,5,41,15,61,34,8,42,103
04/27/2013,ALN,IL,AGL,CE,Federal Contract Tower,0,0,13,0,13,0,0,0,0,0,0,0,13,0,13,0,0,0,13
04/28/2013,ALN,IL,AGL,CE,Federal Contract Tower,0,0,15,0,15,0,0,3,0,3,0,0,18,0,18,14,0,14,32
04/29/2013,ALN,IL,AGL,CE,Federal Contract Tower,0,0,21,0,21,0,0,45,2,47,0,0,66,2,68,68,6,74,142
04/30/2013,ALN,IL,AGL,CE,Federal Contract Tower,0,0,15,0,15,0,0,44,0,44,0,0,59,0,59,50,0,50,109
05/01/2013,ALN,IL,AGL,CE,Federal Contract Tower,0,8,8,0,16,0,0,30,0,30,0,8,38,0,46,54,0,54,100
05/02/2013,ALN,IL,AGL,CE,Federal Contract Tower,0,9,13,6,28,0,0,9,0,9,0,9,22,6,37,0,8,8,45
05/03/2013,ALN,IL,AGL,CE,Federal Contract Tower,0,9,0,0,9,0,0,0,0,0,0,9,0,0,9,0,0,0,9
05/04/2013,ALN,IL,AGL,CE,Federal Contract Tower,0,0,24,0,24,0,0,1,0,1,0,0,25,0,25,0,0,0,25
05/05/2013,ALN,IL,AGL,CE,Federal Contract Tower,0,0,27,0,27,0,0,0,0,0,0,0,27,0,27,8,0,8,35
05/06/2013,ALN,IL,AGL,CE,Federal Contract Tower,0,5,17,2,24,0,1,10,0,11,0,6,27,2,35,8,4,12,47
05/07/2013,ALN,IL,AGL,CE,Federal Contract Tower,0,3,17,0,20,0,1,55,0,56,0,4,72,0,76,48,0,48,124
05/08/2013,ALN,IL,AGL,CE,Federal Contract Tower,0,5,24,0,29,0,1,45,0,46,0,6,69,0,75,56,0,56,131
05/09/2013,ALN,IL,AGL,CE,Federal Contract Tower,0,7,3,0,10,0,1,6,0,7,0,8,9,0,17,10,0,10,27
05/10/2013,ALN,IL,AGL,CE,Federal Contract Tower,0,10,18,0,28,0,0,7,0,7,0,10,25,0,35,6,0,6,41
05/11/2013,ALN,IL,AGL,CE,Federal Contract Tower,0,1,23,0,24,0,0,40,0,40,0,1,63,0,64,36,0,36,100
05/12/2013,ALN,IL,AGL,CE,Federal Contract Tower,0,2,8,8,18,0,0,29,0,29,0,2,37,8,47,10,0,10,57
05/13/2013,ALN,IL,AGL,CE,Federal Contract Tower,0,0,18,0,18,0,0,51,0,51,0,0,69,0,69,58,0,58,127
05/14/2013,ALN,IL,AGL,CE,Federal Contract Tower,0,3,24,0,27,0,0,32,0,32,0,3,56,0,59,34,0,34,93
05/15/2013,ALN,IL,AGL,CE,Federal Contract Tower,0,3,24,0,27,0,0,19,0,19,0,3,43,0,46,40,0,40,86
05/16/2013,ALN,IL,AGL,CE,Federal Contract Tower,0,0,11,0,11,0,1,15,0,16,0,1,26,0,27,16,0,16,43
05/17/2013,ALN,IL,AGL,CE,Federal Contract Tower,0,3,10,0,13,0,0,17,1,18,0,3,27,1,31,48,0,48,79
05/18/2013,ALN,IL,AGL,CE,Federal Contract Tower,0,0,38,0,38,0,0,26,0,26,0,0,64,0,64,42,0,42,106
05/19/2013,ALN,IL,AGL,CE,Federal Contract Tower,0,16,9,0,25,0,0,27,0,27,0,16,36,0,52,48,0,48,100
05/20/2013,ALN,IL,AGL,CE,Federal Contract Tower,0,4,8,0,12,0,3,22,0,25,0,7,30,0,37,42,0,42,79
05/21/2013,ALN,IL,AGL,CE,Federal Contract Tower,0,3,8,0,11,0,0,27,0,27,0,3,35,0,38,74,0,74,112
05/22/2013,ALN,IL,AGL,CE,Federal Contract Tower,0,5,14,0,19,0,0,15,0,15,0,5,29,0,34,34,0,34,68
05/23/2013,ALN,IL,AGL,CE,Federal Contract Tower,0,7,5,0,12,0,0,2,0,2,0,7,7,0,14,0,0,0,14
05/24/2013,ALN,IL,AGL,CE,Federal Contract Tower,0,6,24,1,31,0,0,53,0,53,0,6,77,1,84,50,0,50,134
05/25/2013,ALN,IL,AGL,CE,Federal Contract Tower,0,0,19,0,19,0,0,31,0,31,0,0,50,0,50,46,0,46,96
05/26/2013,ALN,IL,AGL,CE,Federal Contract Tower,0,0,13,0,13,0,0,19,0,19,0,0,32,0,32,16,0,16,48
05/27/2013,ALN,IL,AGL,CE,Federal Contract Tower,0,0,10,0,10,0,0,19,0,19,0,0,29,0,29,26,0,26,55
05/28/2013,ALN,IL,AGL,CE,Federal Contract Tower,0,1,13,0,14,0,0,3,0,3,0,1,16,0,17,8,0,8,25
05/29/2013,ALN,IL,AGL,CE,Federal Contract Tower,0,18,23,0,41,0,1,20,0,21,0,19,43,0,62,54,0,54,116
05/30/2013,ALN,IL,AGL,CE,Federal Contract Tower,0,13,4,2,19,0,0,14,0,14,0,13,18,2,33,48,4,52,85
05/31/2013,ALN,IL,AGL,CE,Federal Contract Tower,0,2,8,3,13,0,6,0,0,6,0,8,8,3,19,2,4,6,25
06/01/2013,ALN,IL,AGL,CE,Federal Contract Tower,0,6,10,0,16,0,0,17,0,17,0,6,27,0,33,22,0,22,55
06/02/2013,ALN,IL,AGL,CE,Federal Contract Tower,0,6,20,0,26,0,0,26,0,26,0,6,46,0,52,48,0,48,100
06/03/2013,ALN,IL,AGL,CE,Federal Contract Tower,0,3,27,0,30,0,0,44,3,47,0,3,71,3,77,38,0,38,115
06/04/2013,ALN,IL,AGL,CE,Federal Contract Tower,0,4,12,0,16,0,0,40,0,40,0,4,52,0,56,30,0,30,86
06/05/2013,ALN,IL,AGL,CE,Federal Contract Tower,0,4,15,0,19,0,2,7,0,9,0,6,22,0,28,2,0,2,30
06/06/2013,ALN,IL,AGL,CE,Federal Contract Tower,0,1,5,1,7,0,1,12,0,13,0,2,17,1,20,4,0,4,24
06/07/2013,ALN,IL,AGL,CE,Federal Contract Tower,0,3,11,1,15,0,0,28,0,28,0,3,39,1,43,12,0,12,55
06/08/2013,ALN,IL,AGL,CE,Federal Contract Tower,0,6,24,0,30,0,0,56,0,56,0,6,80,0,86,60,0,60,146
06/09/2013,ALN,IL,AGL,CE,Federal Contract Tower,0,0,3,0,3,0,0,24,0,24,0,0,27,0,27,8,0,8,35
06/10/2013,ALN,IL,AGL,CE,Federal Contract Tower,0,0,15,0,15,0,1,35,0,36,0,1,50,0,51,26,0,26,77
06/11/2013,ALN,IL,AGL,CE,Federal Contract Tower,0,4,17,0,21,0,0,51,0,51,0,4,68,0,72,48,0,48,120
06/12/2013,ALN,IL,AGL,CE,Federal Contract Tower,0,0,5,0,5,0,0,25,0,25,0,0,30,0,30,8,0,8,38
06/13/2013,ALN,IL,AGL,CE,Federal Contract Tower,0,1,9,2,12,0,4,9,0,13,0,5,18,2,25,20,4,24,49
06/14/2013,ALN,IL,AGL,CE,Federal Contract Tower,0,5,13,1,19,0,2,31,0,33,0,7,44,1,52,4,0,4,56
06/15/2013,ALN,IL,AGL,CE,Federal Contract Tower,0,0,18,0,18,0,0,39,6,45,0,0,57,6,63,48,0,48,111
06/16/2013,ALN,IL,AGL,CE,Federal Contract Tower,0,3,8,0,11,0,1,22,0,23,0,4,30,0,34,60,0,60,94
06/17/2013,ALN,IL,AGL,CE,Federal Contract Tower,0,4,14,2,20,0,0,21,0,21,0,4,35,2,41,46,4,50,91
06/18/2013,ALN,IL,AGL,CE,Federal Contract Tower,0,7,15,0,22,0,4,42,0,46,0,11,57,0,68,66,0,66,134
06/19/2013,ALN,IL,AGL,CE,Federal Contract Tower,0,13,14,0,27,0,0,33,0,33,0,13,47,0,60,94,0,94,154
06/20/2013,ALN,IL,AGL,CE,Federal Contract Tower,0,10,20,5,35,0,0,34,7,41,0,10,54,12,76,36,8,44,120
06/21/2013,ALN,IL,AGL,CE,Federal Contract Tower,0,11,11,1,23,0,0,47,0,47,0,11,58,1,70,60,0,60,130
06/22/2013,ALN,IL,AGL,CE,Federal Contract Tower,0,8,19,0,27,0,0,28,0,28,0,8,47,0,55,2,0,2,57
06/23/2013,ALN,IL,AGL,CE,Federal Contract Tower,0,2,6,0,8,0,0,28,0,28,0,2,34,0,36,32,0,32,68
06/24/2013,ALN,IL,AGL,CE,Federal Contract Tower,0,4,24,0,28,0,0,27,0,27,0,4,51,0,55,34,0,34,89
06/25/2013,ALN,IL,AGL,CE,Federal Contract Tower,0,0,16,0,16,0,1,33,0,34,0,1,49,0,50,58,0,58,108
06/26/2013,ALN,IL,AGL,CE,Federal Contract Tower,0,4,11,0,15,0,0,3,0,3,0,4,14,0,18,2,0,2,20
06/27/2013,ALN,IL,AGL,CE,Federal Contract Tower,0,5,9,0,14,0,0,31,0,31,0,5,40,0,45,46,0,46,91
06/28/2013,ALN,IL,AGL,CE,Federal Contract Tower,0,0,13,0,13,0,0,28,0,28,0,0,41,0,41,10,0,10,51
06/29/2013,ALN,IL,AGL,CE,Federal Contract Tower,0,2,6,0,8,0,0,24,0,24,0,2,30,0,32,32,0,32,64
06/30/2013,ALN,IL,AGL,CE,Federal Contract Tower,0,0,1,0,1,0,0,43,0,43,0,0,44,0,44,54,0,54,98
07/01/2013,ALN,IL,AGL,CE,Federal Contract Tower,0,6,12,0,18,0,0,33,0,33,0,6,45,0,51,54,0,54,105
07/02/2013,ALN,IL,AGL,CE,Federal Contract Tower,0,0,7,0,7,0,0,0,0,0,0,0,7,0,7,0,0,0,7
07/03/2013,ALN,IL,AGL,CE,Federal Contract Tower,0,2,5,8,15,0,0,17,0,17,0,2,22,8,32,24,0,24,56
07/04/2013,ALN,IL,AGL,CE,Federal Contract Tower,0,0,6,0,6,0,0,47,0,47,0,0,53,0,53,12,0,12,65
07/05/2013,ALN,IL,AGL,CE,Federal Contract Tower,0,0,10,0,10,0,0,28,0,28,0,0,38,0,38,10,0,10,48
07/06/2013,ALN,IL,AGL,CE,Federal Contract Tower,0,0,10,0,10,0,0,43,0,43,0,0,53,0,53,38,0,38,91
07/07/2013,ALN,IL,AGL,CE,Federal Contract Tower,0,0,15,0,15,0,0,42,0,42,0,0,57,0,57,12,0,12,69
07/08/2013,ALN,IL,AGL,CE,Federal Contract Tower,0,2,8,0,10,0,0,26,0,26,0,2,34,0,36,16,0,16,52
07/09/2013,ALN,IL,AGL,CE,Federal Contract Tower,0,9,16,0,25,0,3,18,0,21,0,12,34,0,46,50,0,50,96
07/10/2013,ALN,IL,AGL,CE,Federal Contract Tower,0,20,11,0,31,0,2,12,0,14,0,22,23,0,45,8,0,8,53
07/11/2013,ALN,IL,AGL,CE,Federal Contract Tower,0,11,11,10,32,0,0,20,0,20,0,11,31,10,52,24,46,70,122
07/12/2013,ALN,IL,AGL,CE,Federal Contract Tower,0,12,16,0,28,0,1,39,0,40,0,13,55,0,68,28,0,28,96
07/13/2013,ALN,IL,AGL,CE,Federal Contract Tower,0,2,21,0,23,0,0,72,0,72,0,2,93,0,95,56,0,56,151
07/14/2013,ALN,IL,AGL,CE,Federal Contract Tower,0,0,27,0,27,0,0,34,0,34,0,0,61,0,61,28,0,28,89
07/15/2013,ALN,IL,AGL,CE,Federal Contract Tower,0,16,15,1,32,0,0,28,0,28,0,16,43,1,60,14,0,14,74
07/16/2013,ALN,IL,AGL,CE,Federal Contract Tower,0,7,13,0,20,0,2,23,0,25,0,9,36,0,45,24,0,24,69
07/17/2013,ALN,IL,AGL,CE,Federal Contract Tower,0,4,10,0,14,0,2,12,0,14,0,6,22,0,28,26,0,26,54
07/18/2013,ALN,IL,AGL,CE,Federal Contract Tower,0,6,20,0,26,0,0,16,0,16,0,6,36,0,42,10,0,10,52
07/19/2013,ALN,IL,AGL,CE,Federal Contract Tower,0,2,14,0,16,0,0,22,0,22,0,2,36,0,38,4,0,4,42
07/20/2013,ALN,IL,AGL,CE,Federal Contract Tower,0,0,18,0,18,0,0,29,0,29,0,0,47,0,47,34,0,34,81
07/21/2013,ALN,IL,AGL,CE,Federal Contract Tower,0,0,13,0,13,0,0,18,0,18,0,0,31,0,31,14,0,14,45
07/22/2013,ALN,IL,AGL,CE,Federal Contract Tower,0,3,24,0,27,0,0,36,0,36,0,3,60,0,63,28,0,28,91
07/23/2013,ALN,IL,AGL,CE,Federal Contract Tower,0,3,27,9,39,0,0,45,0,45,0,3,72,9,84,50,18,68,152
07/24/2013,ALN,IL,AGL,CE,Federal Contract Tower,0,2,20,6,28,0,0,31,0,31,0,2,51,6,59,48,16,64,123
07/25/2013,ALN,IL,AGL,CE,Federal Contract Tower,0,7,12,2,21,0,1,24,1,26,0,8,36,3,47,22,7,29,76
07/26/2013,ALN,IL,AGL,CE,Federal Contract Tower,0,4,19,1,24,0,0,15,0,15,0,4,34,1,39,20,0,20,59
07/27/2013,ALN,IL,AGL,CE,Federal Contract Tower,0,23,17,0,40,0,4,26,0,30,0,27,43,0,70,48,0,48,118
07/28/2013,ALN,IL,AGL,CE,Federal Contract Tower,0,0,15,0,15,0,0,29,0,29,0,0,44,0,44,26,0,26,70
07/29/2013,ALN,IL,AGL,CE,Federal Contract Tower,0,5,14,1,20,0,0,31,2,33,0,5,45,3,53,28,12,40,93
07/30/2013,ALN,IL,AGL,CE,Federal Contract Tower,0,15,2,2,19,0,0,2,0,2,0,15,4,2,21,6,6,12,33
07/31/2013,ALN,IL,AGL,CE,Federal Contract Tower,0,8,27,0,35,0,0,13,0,13,0,8,40,0,48,18,0,18,66
08/01/2013,ALN,IL,AGL,CE,Federal Contract Tower,0,13,12,0,25,0,2,26,0,28,0,15,38,0,53,18,0,18,71
08/02/2013,ALN,IL,AGL,CE,Federal Contract Tower,0,8,7,1,16,0,0,3,0,3,0,8,10,1,19,0,0,0,19
08/03/2013,ALN,IL,AGL,CE,Federal Contract Tower,0,0,20,0,20,0,0,14,0,14,0,0,34,0,34,24,0,24,58
08/04/2013,ALN,IL,AGL,CE,Federal Contract Tower,0,0,33,0,33,0,0,34,0,34,0,0,67,0,67,86,0,86,153
08/05/2013,ALN,IL,AGL,CE,Federal Contract Tower,0,1,3,0,4,0,0,13,0,13,0,1,16,0,17,0,0,0,17
08/06/2013,ALN,IL,AGL,CE,Federal Contract Tower,0,2,21,0,23,0,0,12,0,12,0,2,33,0,35,24,0,24,59
08/07/2013,ALN,IL,AGL,CE,Federal Contract Tower,0,1,17,0,18,0,0,13,0,13,0,1,30,0,31,24,0,24,55
08/08/2013,ALN,IL,AGL,CE,Federal Contract Tower,0,8,8,0,16,0,0,10,2,12,0,8,18,2,28,12,0,12,40
08/09/2013,ALN,IL,AGL,CE,Federal Contract Tower,0,5,15,1,21,0,0,25,0,25,0,5,40,1,46,23,0,23,69
08/10/2013,ALN,IL,AGL,CE,Federal Contract Tower,0,0,25,0,25,0,1,64,0,65,0,1,89,0,90,48,0,48,138
08/11/2013,ALN,IL,AGL,CE,Federal Contract Tower,0,0,33,0,33,0,0,48,0,48,0,0,81,0,81,64,0,64,145
08/12/2013,ALN,IL,AGL,CE,Federal Contract Tower,0,4,13,0,17,0,0,6,0,6,0,4,19,0,23,0,0,0,23
08/13/2013,ALN,IL,AGL,CE,Federal Contract Tower,0,4,21,1,26,0,3,24,0,27,0,7,45,1,53,44,0,44,97
08/14/2013,ALN,IL,AGL,CE,Federal Contract Tower,0,2,2,0,4,0,0,13,0,13,0,2,15,0,17,0,0,0,17
08/15/2013,ALN,IL,AGL,CE,Federal Contract Tower,0,4,11,1,16,0,0,26,0,26,0,4,37,1,42,36,2,38,80
08/16/2013,ALN,IL,AGL,CE,Federal Contract Tower,0,3,9,3,15,0,0,29,0,29,0,3,38,3,44,40,0,40,84
08/17/2013,ALN,IL,AGL,CE,Federal Contract Tower,0,0,18,2,20,0,0,29,0,29,0,0,47,2,49,34,0,34,83
08/18/2013,ALN,IL,AGL,CE,Federal Contract Tower,0,2,28,0,30,0,0,60,0,60,0,2,88,0,90,72,0,72,162
08/19/2013,ALN,IL,AGL,CE,Federal Contract Tower,0,2,27,0,29,0,0,25,0,25,0,2,52,0,54,20,0,20,74
08/20/2013,ALN,IL,AGL,CE,Federal Contract Tower,0,9,41,0,50,0,1,31,0,32,0,10,72,0,82,38,0,38,120
08/21/2013,ALN,IL,AGL,CE,Federal Contract Tower,0,6,20,0,26,0,0,28,0,28,0,6,48,0,54,10,0,10,64
08/22/2013,ALN,IL,AGL,CE,Federal Contract Tower,0,4,13,0,17,0,0,9,0,9,0,4,22,0,26,4,0,4,30
08/23/2013,ALN,IL,AGL,CE,Federal Contract Tower,0,4,16,1,21,0,0,23,0,23,0,4,39,1,44,18,0,18,62
08/24/2013,ALN,IL,AGL,CE,Federal Contract Tower,0,3,13,0,16,0,0,56,0,56,0,3,69,0,72,38,0,38,110
08/25/2013,ALN,IL,AGL,CE,Federal Contract Tower,0,0,8,0,8,0,0,44,1,45,0,0,52,1,53,18,0,18,71
08/26/2013,ALN,IL,AGL,CE,Federal Contract Tower,0,8,16,0,24,0,1,22,0,23,0,9,38,0,47,42,0,42,89
08/27/2013,ALN,IL,AGL,CE,Federal Contract Tower,0,6,15,0,21,0,0,15,0,15,0,6,30,0,36,70,0,70,106
08/28/2013,ALN,IL,AGL,CE,Federal Contract Tower,0,14,16,1,31,0,2,8,0,10,0,16,24,1,41,12,0,12,53
08/29/2013,ALN,IL,AGL,CE,Federal Contract Tower,0,0,26,0,26,0,0,24,0,24,0,0,50,0,50,30,0,30,80
08/30/2013,ALN,IL,AGL,CE,Federal Contract Tower,0,0,26,0,26,0,0,31,0,31,0,0,57,0,57,16,0,16,73
08/31/2013,ALN,IL,AGL,CE,Federal Contract Tower,0,0,15,0,15,0,0,30,0,30,0,0,45,0,45,30,0,30,75
09/01/2013,ALN,IL,AGL,CE,Federal Contract Tower,0,0,4,0,4,0,0,19,0,19,0,0,23,0,23,30,0,30,53
09/02/2013,ALN,IL,AGL,CE,Federal Contract Tower,0,4,13,3,20,0,0,22,0,22,0,4,35,3,42,23,6,29,71
09/03/2013,ALN,IL,AGL,CE,Federal Contract Tower,0,5,18,0,23,0,4,24,0,28,0,9,42,0,51,18,0,18,69
09/04/2013,ALN,IL,AGL,CE,Federal Contract Tower,0,6,22,0,28,0,0,45,0,45,0,6,67,0,73,22,0,22,95
09/05/2013,ALN,IL,AGL,CE,Federal Contract Tower,0,3,10,1,14,0,0,33,0,33,0,3,43,1,47,22,0,22,69
09/06/2013,ALN,IL,AGL,CE,Federal Contract Tower,0,5,15,1,21,0,0,37,1,38,0,5,52,2,59,56,0,56,115
09/07/2013,ALN,IL,AGL,CE,Federal Contract Tower,0,0,17,0,17,0,0,45,0,45,0,0,62,0,62,88,0,88,150
09/08/2013,ALN,IL,AGL,CE,Federal Contract Tower,0,1,3,0,4,0,0,16,0,16,0,1,19,0,20,36,0,36,56
09/09/2013,ALN,IL,AGL,CE,Federal Contract Tower,0,1,25,0,26,0,1,34,0,35,0,2,59,0,61,34,0,34,95
09/10/2013,ALN,IL,AGL,CE,Federal Contract Tower,0,3,30,0,33,0,0,32,0,32,0,3,62,0,65,38,0,38,103
09/11/2013,ALN,IL,AGL,CE,Federal Contract Tower,0,6,30,0,36,0,0,22,0,22,0,6,52,0,58,36,0,36,94
09/12/2013,ALN,IL,AGL,CE,Federal Contract Tower,0,8,14,0,22,0,0,8,0,8,0,8,22,0,30,14,0,14,44
09/13/2013,ALN,IL,AGL,CE,Federal Contract Tower,0,4,11,0,15,0,0,42,0,42,0,4,53,0,57,66,0,66,123
09/14/2013,ALN,IL,AGL,CE,Federal Contract Tower,0,0,19,0,19,0,0,26,0,26,0,0,45,0,45,40,0,40,85
09/15/2013,ALN,IL,AGL,CE,Federal Contract Tower,0,0,13,0,13,0,0,34,0,34,0,0,47,0,47,38,0,38,85
09/16/2013,ALN,IL,AGL,CE,Federal Contract Tower,0,10,8,20,38,0,0,19,0,19,0,10,27,20,57,50,46,96,153
09/17/2013,ALN,IL,AGL,CE,Federal Contract Tower,0,5,24,0,29,0,1,20,0,21,0,6,44,0,50,48,0,48,98
09/18/2013,ALN,IL,AGL,CE,Federal Contract Tower,0,2,16,0,18,0,0,17,0,17,0,2,33,0,35,12,0,12,47
09/19/2013,ALN,IL,AGL,CE,Federal Contract Tower,0,10,17,0,27,0,3,18,0,21,0,13,35,0,48,30,0,30,78
09/20/2013,ALN,IL,AGL,CE,Federal Contract Tower,0,8,17,2,27,0,0,16,0,16,0,8,33,2,43,22,8,30,73
09/21/2013,ALN,IL,AGL,CE,Federal Contract Tower,0,7,24,0,31,0,2,36,0,38,0,9,60,0,69,44,0,44,113
09/22/2013,ALN,IL,AGL,CE,Federal Contract Tower,0,1,12,0,13,0,0,58,0,58,0,1,70,0,71,38,0,38,109
09/23/2013,ALN,IL,AGL,CE,Federal Contract Tower,0,3,17,0,20,0,0,40,0,40,0,3,57,0,60,40,0,40,100
09/24/2013,ALN,IL,AGL,CE,Federal Contract Tower,0,7,10,1,18,0,0,36,0,36,0,7,46,1,54,34,0,34,88
09/25/2013,ALN,IL,AGL,CE,Federal Contract Tower,0,1,13,0,14,0,0,26,0,26,0,1,39,0,40,16,0,16,56
09/26/2013,ALN,IL,AGL,CE,Federal Contract Tower,0,2,13,2,17,0,0,79,0,79,0,2,92,2,96,54,4,58,154
09/27/2013,ALN,IL,AGL,CE,Federal Contract Tower,0,5,17,1,23,0,0,38,0,38,0,5,55,1,61,18,0,18,79
09/28/2013,ALN,IL,AGL,CE,Federal Contract Tower,0,0,7,1,8,0,0,115,0,115,0,0,122,1,123,92,0,92,215
09/29/2013,ALN,IL,AGL,CE,Federal Contract Tower,0,0,16,0,16,0,0,375,0,375,0,0,391,0,391,26,0,26,417
09/30/2013,ALN,IL,AGL,CE,Federal Contract Tower,0,2,8,0,10,0,0,15,0,15,0,2,23,0,25,0,0,0,25
10/01/2013,ALN,IL,AGL,CE,Federal Contract Tower,0,4,12,0,16,0,0,9,0,9,0,4,21,0,25,20,0,20,45
10/02/2013,ALN,IL,AGL,CE,Federal Contract Tower,0,8,7,0,15,0,0,14,0,14,0,8,21,0,29,10,0,10,39
10/03/2013,ALN,IL,AGL,CE,Federal Contract Tower,0,1,8,4,13,0,0,17,0,17,0,1,25,4,30,14,0,14,44
10/04/2013,ALN,IL,AGL,CE,Federal Contract Tower,0,0,10,0,10,0,0,29,0,29,0,0,39,0,39,32,0,32,71
10/05/2013,ALN,IL,AGL,CE,Federal Contract Tower,0,0,10,0,10,0,0,24,0,24,0,0,34,0,34,32,0,32,66
10/06/2013,ALN,IL,AGL,CE,Federal Contract Tower,0,2,9,0,11,0,0,24,1,25,0,2,33,1,36,40,0,40,76
10/07/2013,ALN,IL,AGL,CE,Federal Contract Tower,0,4,13,0,17,0,0,31,0,31,0,4,44,0,48,42,0,42,90
10/08/2013,ALN,IL,AGL,CE,Federal Contract Tower,0,11,26,0,37,0,0,49,0,49,0,11,75,0,86,74,0,74,160
10/09/2013,ALN,IL,AGL,CE,Federal Contract Tower,0,12,7,0,19,0,0,32,0,32,0,12,39,0,51,48,0,48,99
10/10/2013,ALN,IL,AGL,CE,Federal Contract Tower,0,1,8,0,9,0,2,26,0,28,0,3,34,0,37,44,0,44,81
10/11/2013,ALN,IL,AGL,CE,Federal Contract Tower,0,7,27,0,34,0,1,35,0,36,0,8,62,0,70,58,0,58,128
10/12/2013,ALN,IL,AGL,CE,Federal Contract Tower,0,0,22,0,22,0,0,35,0,35,0,0,57,0,57,34,0,34,91
10/13/2013,ALN,IL,AGL,CE,Federal Contract Tower,0,0,14,0,14,0,0,43,0,43,0,0,57,0,57,106,0,106,163
10/14/2013,ALN,IL,AGL,CE,Federal Contract Tower,0,5,15,0,20,0,0,45,0,45,0,5,60,0,65,22,0,22,87
10/15/2013,ALN,IL,AGL,CE,Federal Contract Tower,0,2,9,1,12,0,0,0,0,0,0,2,9,1,12,0,0,0,12
10/16/2013,ALN,IL,AGL,CE,Federal Contract Tower,0,1,13,0,14,0,0,24,0,24,0,1,37,0,38,12,0,12,50
10/17/2013,ALN,IL,AGL,CE,Federal Contract Tower,0,6,5,0,11,0,0,10,0,10,0,6,15,0,21,24,0,24,45
10/18/2013,ALN,IL,AGL,CE,Federal Contract Tower,0,8,10,0,18,0,1,31,0,32,0,9,41,0,50,58,0,58,108
10/19/2013,ALN,IL,AGL,CE,Federal Contract Tower,0,9,23,0,32,0,0,17,0,17,0,9,40,0,49,46,0,46,95
10/20/2013,ALN,IL,AGL,CE,Federal Contract Tower,0,0,17,0,17,0,0,40,0,40,0,0,57,0,57,44,0,44,101
10/21/2013,ALN,IL,AGL,CE,Federal Contract Tower,0,2,13,0,15,0,0,34,0,34,0,2,47,0,49,38,0,38,87
10/22/2013,ALN,IL,AGL,CE,Federal Contract Tower,0,0,9,0,9,0,0,26,0,26,0,0,35,0,35,14,0,14,49
10/23/2013,ALN,IL,AGL,CE,Federal Contract Tower,0,4,10,0,14,0,0,18,0,18,0,4,28,0,32,16,0,16,48
10/24/2013,ALN,IL,AGL,CE,Federal Contract Tower,0,5,8,0,13,0,0,8,0,8,0,5,16,0,21,0,0,0,21
10/25/2013,ALN,IL,AGL,CE,Federal Contract Tower,0,2,12,4,18,0,0,35,0,35,0,2,47,4,53,60,0,60,113
10/26/2013,ALN,IL,AGL,CE,Federal Contract Tower,0,0,13,0,13,0,0,43,0,43,0,0,56,0,56,72,0,72,128
10/27/2013,ALN,IL,AGL,CE,Federal Contract Tower,0,16,10,0,26,0,0,50,0,50,0,16,60,0,76,140,0,140,216
10/28/2013,ALN,IL,AGL,CE,Federal Contract Tower,0,3,15,13,31,0,1,47,0,48,0,4,62,13,79,42,42,84,163
10/29/2013,ALN,IL,AGL,CE,Federal Contract Tower,0,4,15,0,19,0,0,8,0,8,0,4,23,0,27,24,0,24,51
10/30/2013,ALN,IL,AGL,CE,Federal Contract Tower,0,9,18,0,27,0,0,0,0,0,0,9,18,0,27,4,0,4,31
10/31/2013,ALN,IL,AGL,CE,Federal Contract Tower,0,5,6,0,11,0,0,0,0,0,0,5,6,0,11,0,0,0,11
11/01/2013,ALN,IL,AGL,CE,Federal Contract Tower,0,8,16,0,24,0,1,50,0,51,0,9,66,0,75,56,0,56,131
11/02/2013,ALN,IL,AGL,CE,Federal Contract Tower,0,0,7,2,9,0,0,39,0,39,0,0,46,2,48,44,0,44,92
11/03/2013,ALN,IL,AGL,CE,Federal Contract Tower,0,0,5,0,5,0,0,56,0,56,0,0,61,0,61,102,0,102,163
11/04/2013,ALN,IL,AGL,CE,Federal Contract Tower,0,3,19,0,22,0,0,28,0,28,0,3,47,0,50,18,0,18,68
11/05/2013,ALN,IL,AGL,CE,Federal Contract Tower,0,3,16,0,19,0,0,18,0,18,0,3,34,0,37,8,0,8,45
11/06/2013,ALN,IL,AGL,CE,Federal Contract Tower,0,2,13,0,15,0,0,1,0,1,0,2,14,0,16,10,0,10,26
11/07/2013,ALN,IL,AGL,CE,Federal Contract Tower,0,8,7,0,15,0,1,24,0,25,0,9,31,0,40,38,0,38,78
11/08/2013,ALN,IL,AGL,CE,Federal Contract Tower,0,25,18,0,43,0,0,44,0,44,0,25,62,0,87,90,0,90,177
11/09/2013,ALN,IL,AGL,CE,Federal Contract Tower,0,14,12,0,26,0,2,44,0,46,0,16,56,0,72,62,0,62,134
11/10/2013,ALN,IL,AGL,CE,Federal Contract Tower,0,12,15,0,27,0,1,58,0,59,0,13,73,0,86,102,0,102,188
11/11/2013,ALN,IL,AGL,CE,Federal Contract Tower,0,1,5,0,6,0,0,19,0,19,0,1,24,0,25,24,0,24,49
11/12/2013,ALN,IL,AGL,CE,Federal Contract Tower,0,5,13,0,18,0,0,12,0,12,0,5,25,0,30,34,0,34,64
11/13/2013,ALN,IL,AGL,CE,Federal Contract Tower,0,7,20,0,27,0,0,24,0,24,0,7,44,0,51,50,0,50,101
11/14/2013,ALN,IL,AGL,CE,Federal Contract Tower,0,12,13,0,25,0,0,17,0,17,0,12,30,0,42,40,0,40,82
11/15/2013,ALN,IL,AGL,CE,Federal Contract Tower,0,3,12,1,16,0,0,32,0,32,0,3,44,1,48,70,0,70,118
11/16/2013,ALN,IL,AGL,CE,Federal Contract Tower,0,0,11,0,11,0,1,31,0,32,0,1,42,0,43,34,0,34,77
11/17/2013,ALN,IL,AGL,CE,Federal Contract Tower,0,0,2,0,2,0,0,26,0,26,0,0,28,0,28,50,0,50,78
11/18/2013,ALN,IL,AGL,CE,Federal Contract Tower,0,4,10,10,24,0,0,41,0,41,0,4,51,10,65,24,38,62,127
11/19/2013,ALN,IL,AGL,CE,Federal Contract Tower,0,8,24,0,32,0,0,19,0,19,0,8,43,0,51,58,0,58,109
11/20/2013,ALN,IL,AGL,CE,Federal Contract Tower,0,4,16,0,20,0,2,14,0,16,0,6,30,0,36,10,0,10,46
11/21/2013,ALN,IL,AGL,CE,Federal Contract Tower,0,6,3,0,9,0,0,0,0,0,0,6,3,0,9,0,0,0,9
11/22/2013,ALN,IL,AGL,CE,Federal Contract Tower,0,7,8,0,15,0,3,0,0,3,0,10,8,0,18,0,0,0,18
11/23/2013,ALN,IL,AGL,CE,Federal Contract Tower,0,0,26,0,26,0,0,19,0,19,0,0,45,0,45,54,0,54,99
11/24/2013,ALN,IL,AGL,CE,Federal Contract Tower,0,0,5,0,5,0,0,18,0,18,0,0,23,0,23,42,0,42,65
11/25/2013,ALN,IL,AGL,CE,Federal Contract Tower,0,5,12,0,17,0,0,27,0,27,0,5,39,0,44,32,0,32,76
11/26/2013,ALN,IL,AGL,CE,Federal Contract Tower,0,0,14,0,14,0,0,22,0,22,0,0,36,0,36,26,0,26,62
11/27/2013,ALN,IL,AGL,CE,Federal Contract Tower,0,3,3,0,6,0,0,11,0,11,0,3,14,0,17,6,0,6,23
11/28/2013,ALN,IL,AGL,CE,Federal Contract Tower,0,0,2,0,2,0,0,4,0,4,0,0,6,0,6,4,0,4,10
11/29/2013,ALN,IL,AGL,CE,Federal Contract Tower,0,0,1,0,1,0,0,36,0,36,0,0,37,0,37,48,0,48,85
11/30/2013,ALN,IL,AGL,CE,Federal Contract Tower,0,0,14,0,14,0,0,52,0,52,0,0,66,0,66,86,0,86,152
12/01/2013,ALN,IL,AGL,CE,Federal Contract Tower,0,0,21,0,21,0,0,30,0,30,0,0,51,0,51,114,0,114,165
12/02/2013,ALN,IL,AGL,CE,Federal Contract Tower,0,6,9,2,17,0,0,32,0,32,0,6,41,2,49,60,0,60,109
12/03/2013,ALN,IL,AGL,CE,Federal Contract Tower,0,5,7,0,12,0,0,18,0,18,0,5,25,0,30,28,0,28,58
12/04/2013,ALN,IL,AGL,CE,Federal Contract Tower,0,7,6,0,13,0,0,2,0,2,0,7,8,0,15,4,0,4,19
12/05/2013,ALN,IL,AGL,CE,Federal Contract Tower,1,9,0,0,10,0,0,1,0,1,1,9,1,0,11,0,0,0,11
12/06/2013,ALN,IL,AGL,CE,Federal Contract Tower,0,1,8,1,10,0,0,36,0,36,0,1,44,1,46,30,0,30,76
12/07/2013,ALN,IL,AGL,CE,Federal Contract Tower,0,1,10,1,12,0,0,36,0,36,0,1,46,1,48,56,0,56,104
12/08/2013,ALN,IL,AGL,CE,Federal Contract Tower,0,2,1,0,3,0,0,0,0,0,0,2,1,0,3,0,0,0,3
12/09/2013,ALN,IL,AGL,CE,Federal Contract Tower,0,6,6,0,12,0,0,34,0,34,0,6,40,0,46,42,0,42,88
12/10/2013,ALN,IL,AGL,CE,Federal Contract Tower,0,5,20,2,27,0,0,24,8,32,0,5,44,10,59,50,0,50,109
12/11/2013,ALN,IL,AGL,CE,Federal Contract Tower,0,10,13,0,23,0,0,7,0,7,0,10,20,0,30,26,0,26,56
12/12/2013,ALN,IL,AGL,CE,Federal Contract Tower,0,14,8,0,22,0,1,26,0,27,0,15,34,0,49,50,0,50,99
12/13/2013,ALN,IL,AGL,CE,Federal Contract Tower,0,12,5,0,17,0,0,33,0,33,0,12,38,0,50,60,0,60,110
12/14/2013,ALN,IL,AGL,CE,Federal Contract Tower,0,0,2,0,2,0,0,0,0,0,0,0,2,0,2,0,0,0,2
12/15/2013,ALN,IL,AGL,CE,Federal Contract Tower,0,0,5,0,5,0,0,39,0,39,0,0,44,0,44,68,0,68,112
12/16/2013,ALN,IL,AGL,CE,Federal Contract Tower,0,9,7,1,17,0,0,10,0,10,0,9,17,1,27,12,2,14,41
12/17/2013,ALN,IL,AGL,CE,Federal Contract Tower,0,2,10,0,12,0,2,41,0,43,0,4,51,0,55,48,0,48,103
12/18/2013,ALN,IL,AGL,CE,Federal Contract Tower,0,9,23,2,34,0,0,22,0,22,0,9,45,2,56,42,0,42,98
12/19/2013,ALN,IL,AGL,CE,Federal Contract Tower,0,10,9,0,19,0,0,10,0,10,0,10,19,0,29,2,0,2,31
12/20/2013,ALN,IL,AGL,CE,Federal Contract Tower,0,9,13,0,22,0,0,41,0,41,0,9,54,0,63,54,0,54,117
12/21/2013,ALN,IL,AGL,CE,Federal Contract Tower,0,8,6,0,14,0,0,0,0,0,0,8,6,0,14,0,0,0,14
12/22/2013,ALN,IL,AGL,CE,Federal Contract Tower,0,1,4,0,5,0,0,9,0,9,0,1,13,0,14,22,0,22,36
12/23/2013,ALN,IL,AGL,CE,Federal Contract Tower,0,0,9,0,9,0,0,18,0,18,0,0,27,0,27,42,0,42,69
12/24/2013,ALN,IL,AGL,CE,Federal Contract Tower,0,0,11,0,11,0,0,18,0,18,0,0,29,0,29,16,0,16,45
12/25/2013,ALN,IL,AGL,CE,Federal Contract Tower,0,0,0,0,0,0,0,0,0,0,0,0,0,0,0,0,0,0,0
12/26/2013,ALN,IL,AGL,CE,Federal Contract Tower,0,3,3,0,6,0,0,16,0,16,0,3,19,0,22,20,0,20,42
12/27/2013,ALN,IL,AGL,CE,Federal Contract Tower,0,1,15,2,18,0,0,35,0,35,0,1,50,2,53,32,4,36,89
12/28/2013,ALN,IL,AGL,CE,Federal Contract Tower,0,0,10,0,10,0,0,50,0,50,0,0,60,0,60,66,0,66,126
12/29/2013,ALN,IL,AGL,CE,Federal Contract Tower,0,0,2,0,2,0,0,30,0,30,0,0,32,0,32,42,0,42,74
12/30/2013,ALN,IL,AGL,CE,Federal Contract Tower,0,2,15,0,17,0,0,22,0,22,0,2,37,0,39,34,0,34,73
12/31/2013,ALN,IL,AGL,CE,Federal Contract Tower,0,1,14,0,15,0,0,37,0,37,0,1,51,0,52,62,0,62,114
01/01/2014,ALN,IL,AGL,CE,Federal Contract Tower,0,0,5,0,5,0,2,14,0,16,0,2,19,0,21,24,0,24,45
01/02/2014,ALN,IL,AGL,CE,Federal Contract Tower,0,5,1,0,6,0,0,2,0,2,0,5,3,0,8,4,0,4,12
01/03/2014,ALN,IL,AGL,CE,Federal Contract Tower,0,7,8,0,15,0,0,29,0,29,0,7,37,0,44,18,0,18,62
01/04/2014,ALN,IL,AGL,CE,Federal Contract Tower,0,2,15,0,17,0,0,35,0,35,0,2,50,0,52,20,0,20,72
01/05/2014,ALN,IL,AGL,CE,Federal Contract Tower,0,0,0,0,0,0,0,0,0,0,0,0,0,0,0,0,0,0,0
01/06/2014,ALN,IL,AGL,CE,Federal Contract Tower,0,2,10,0,12,0,1,10,0,11,0,3,20,0,23,0,0,0,23
01/07/2014,ALN,IL,AGL,CE,Federal Contract Tower,0,0,5,0,5,0,0,9,0,9,0,0,14,0,14,16,0,16,30
01/08/2014,ALN,IL,AGL,CE,Federal Contract Tower,0,6,5,0,11,0,0,14,0,14,0,6,19,0,25,6,0,6,31
01/09/2014,ALN,IL,AGL,CE,Federal Contract Tower,0,7,1,0,8,0,0,0,0,0,0,7,1,0,8,2,0,2,10
01/10/2014,ALN,IL,AGL,CE,Federal Contract Tower,0,2,11,0,13,0,0,4,0,4,0,2,15,0,17,4,0,4,21
01/11/2014,ALN,IL,AGL,CE,Federal Contract Tower,0,14,17,0,31,0,0,38,0,38,0,14,55,0,69,62,0,62,131
01/12/2014,ALN,IL,AGL,CE,Federal Contract Tower,0,0,15,0,15,0,0,33,0,33,0,0,48,0,48,54,0,54,102
01/13/2014,ALN,IL,AGL,CE,Federal Contract Tower,0,3,9,2,14,0,0,36,3,39,0,3,45,5,53,72,2,74,127
01/14/2014,ALN,IL,AGL,CE,Federal Contract Tower,0,7,5,0,12,0,1,10,0,11,0,8,15,0,23,12,0,12,35
01/15/2014,ALN,IL,AGL,CE,Federal Contract Tower,0,4,13,0,17,0,4,12,0,16,0,8,25,0,33,32,0,32,65
01/16/2014,ALN,IL,AGL,CE,Federal Contract Tower,0,10,4,0,14,0,1,1,0,2,0,11,5,0,16,4,0,4,20
01/17/2014,ALN,IL,AGL,CE,Federal Contract Tower,0,7,9,0,16,0,0,33,0,33,0,7,42,0,49,70,0,70,119
01/18/2014,ALN,IL,AGL,CE,Federal Contract Tower,0,17,6,0,23,0,0,32,0,32,0,17,38,0,55,44,0,44,99
01/19/2014,ALN,IL,AGL,CE,Federal Contract Tower,0,10,23,0,33,0,0,36,0,36,0,10,59,0,69,44,0,44,113
01/20/2014,ALN,IL,AGL,CE,Federal Contract Tower,0,2,21,0,23,0,0,43,0,43,0,2,64,0,66,46,0,46,112
01/21/2014,ALN,IL,AGL,CE,Federal Contract Tower,0,1,6,0,7,0,0,13,0,13,0,1,19,0,20,4,0,4,24
01/22/2014,ALN,IL,AGL,CE,Federal Contract Tower,0,6,8,0,14,0,0,7,0,7,0,6,15,0,21,0,0,0,21
01/23/2014,ALN,IL,AGL,CE,Federal Contract Tower,0,12,8,0,20,0,1,9,0,10,0,13,17,0,30,2,0,2,32
01/24/2014,ALN,IL,AGL,CE,Federal Contract Tower,0,12,8,0,20,0,0,6,0,6,0,12,14,0,26,2,0,2,28
01/25/2014,ALN,IL,AGL,CE,Federal Contract Tower,0,6,6,0,12,0,0,27,0,27,0,6,33,0,39,42,0,42,81
01/26/2014,ALN,IL,AGL,CE,Federal Contract Tower,0,2,29,0,31,0,0,54,0,54,0,2,83,0,85,78,0,78,163
01/27/2014,ALN,IL,AGL,CE,Federal Contract Tower,0,3,9,4,16,0,0,21,0,21,0,3,30,4,37,34,4,38,75
01/28/2014,ALN,IL,AGL,CE,Federal Contract Tower,0,1,10,0,11,0,0,16,0,16,0,1,26,0,27,32,0,32,59
01/29/2014,ALN,IL,AGL,CE,Federal Contract Tower,0,6,17,6,29,0,0,40,0,40,0,6,57,6,69,8,14,22,91
01/30/2014,ALN,IL,AGL,CE,Federal Contract Tower,0,4,3,2,9,0,0,5,0,5,0,4,8,2,14,8,8,16,30
01/31/2014,ALN,IL,AGL,CE,Federal Contract Tower,0,4,6,0,10,0,0,15,0,15,0,4,21,0,25,8,0,8,33
02/01/2014,ALN,IL,AGL,CE,Federal Contract Tower,0,0,3,0,3,0,0,0,0,0,0,0,3,0,3,0,0,0,3
02/02/2014,ALN,IL,AGL,CE,Federal Contract Tower,0,0,5,0,5,0,0,25,0,25,0,0,30,0,30,34,0,34,64
02/03/2014,ALN,IL,AGL,CE,Federal Contract Tower,0,1,51,0,52,0,0,44,0,44,0,1,95,0,96,86,0,86,182
02/04/2014,ALN,IL,AGL,CE,Federal Contract Tower,0,0,0,0,0,0,0,17,0,17,0,0,17,0,17,14,0,14,31
02/05/2014,ALN,IL,AGL,CE,Federal Contract Tower,0,1,3,0,4,0,0,0,0,0,0,1,3,0,4,0,0,0,4
02/06/2014,ALN,IL,AGL,CE,Federal Contract Tower,0,11,2,0,13,0,0,2,0,2,0,11,4,0,15,34,0,34,49
02/07/2014,ALN,IL,AGL,CE,Federal Contract Tower,0,4,11,0,15,0,0,15,0,15,0,4,26,0,30,24,0,24,54
02/08/2014,ALN,IL,AGL,CE,Federal Contract Tower,0,0,1,0,1,0,0,11,0,11,0,0,12,0,12,28,0,28,40
02/09/2014,ALN,IL,AGL,CE,Federal Contract Tower,0,0,2,0,2,0,0,21,0,21,0,0,23,0,23,34,0,34,57
02/10/2014,ALN,IL,AGL,CE,Federal Contract Tower,0,1,22,0,23,0,0,13,0,13,0,1,35,0,36,44,0,44,80
02/11/2014,ALN,IL,AGL,CE,Federal Contract Tower,0,2,24,0,26,0,1,29,0,30,0,3,53,0,56,64,0,64,120
02/12/2014,ALN,IL,AGL,CE,Federal Contract Tower,0,1,30,6,37,0,2,28,0,30,0,3,58,6,67,52,0,52,119
02/13/2014,ALN,IL,AGL,CE,Federal Contract Tower,0,2,17,0,19,0,1,24,0,25,0,3,41,0,44,46,0,46,90
02/14/2014,ALN,IL,AGL,CE,Federal Contract Tower,0,3,7,0,10,0,0,0,0,0,0,3,7,0,10,0,0,0,10
02/15/2014,ALN,IL,AGL,CE,Federal Contract Tower,0,0,20,0,20,0,0,22,0,22,0,0,42,0,42,20,0,20,62
02/16/2014,ALN,IL,AGL,CE,Federal Contract Tower,0,0,6,0,6,0,0,20,0,20,0,0,26,0,26,26,0,26,52
02/17/2014,ALN,IL,AGL,CE,Federal Contract Tower,0,0,4,0,4,0,0,3,0,3,0,0,7,0,7,6,0,6,13
02/18/2014,ALN,IL,AGL,CE,Federal Contract Tower,0,3,24,0,27,0,0,16,0,16,0,3,40,0,43,44,0,44,87
02/19/2014,ALN,IL,AGL,CE,Federal Contract Tower,0,7,11,0,18,0,0,24,0,24,0,7,35,0,42,38,0,38,80
02/20/2014,ALN,IL,AGL,CE,Federal Contract Tower,0,5,0,0,5,0,0,0,0,0,0,5,0,0,5,0,0,0,5
02/21/2014,ALN,IL,AGL,CE,Federal Contract Tower,0,8,11,0,19,0,2,15,0,17,0,10,26,0,36,18,0,18,54
02/22/2014,ALN,IL,AGL,CE,Federal Contract Tower,0,0,11,0,11,0,3,53,0,56,0,3,64,0,67,58,0,58,125
02/23/2014,ALN,IL,AGL,CE,Federal Contract Tower,0,8,9,0,17,0,0,24,0,24,0,8,33,0,41,22,0,22,63
02/24/2014,ALN,IL,AGL,CE,Federal Contract Tower,0,1,21,2,24,0,0,29,0,29,0,1,50,2,53,38,4,42,95
02/25/2014,ALN,IL,AGL,CE,Federal Contract Tower,0,1,9,0,10,0,0,29,0,29,0,1,38,0,39,32,0,32,71
02/26/2014,ALN,IL,AGL,CE,Federal Contract Tower,0,10,2,0,12,0,2,2,0,4,0,12,4,0,16,10,0,10,26
02/27/2014,ALN,IL,AGL,CE,Federal Contract Tower,0,6,30,2,38,0,2,19,0,21,0,8,49,2,59,16,8,24,83
02/28/2014,ALN,IL,AGL,CE,Federal Contract Tower,0,8,9,0,17,0,0,24,0,24,0,8,33,0,41,22,0,22,63
03/01/2014,ALN,IL,AGL,CE,Federal Contract Tower,0,2,22,0,24,0,0,28,0,28,0,2,50,0,52,22,0,22,74
03/02/2014,ALN,IL,AGL,CE,Federal Contract Tower,0,0,2,0,2,0,0,0,0,0,0,0,2,0,2,0,0,0,2
03/03/2014,ALN,IL,AGL,CE,Federal Contract Tower,0,6,1,0,7,0,0,3,0,3,0,6,4,0,10,8,0,8,18
03/04/2014,ALN,IL,AGL,CE,Federal Contract Tower,0,1,20,0,21,0,0,25,0,25,0,1,45,0,46,40,0,40,86
03/05/2014,ALN,IL,AGL,CE,Federal Contract Tower,0,2,11,0,13,0,0,13,0,13,0,2,24,0,26,30,0,30,56
03/06/2014,ALN,IL,AGL,CE,Federal Contract Tower,0,12,25,5,42,0,2,35,3,40,0,14,60,8,82,92,22,114,196
03/07/2014,ALN,IL,AGL,CE,Federal Contract Tower,0,9,16,0,25,0,3,29,0,32,0,12,45,0,57,28,0,28,85
03/08/2014,ALN,IL,AGL,CE,Federal Contract Tower,0,0,11,0,11,0,5,0,0,5,0,5,11,0,16,0,0,0,16
03/09/2014,ALN,IL,AGL,CE,Federal Contract Tower,0,1,5,0,6,0,40,0,0,40,0,41,5,0,46,60,0,60,106
03/10/2014,ALN,IL,AGL,CE,Federal Contract Tower,0,1,22,0,23,0,0,58,0,58,0,1,80,0,81,48,0,48,129
03/11/2014,ALN,IL,AGL,CE,Federal Contract Tower,0,10,15,2,27,0,0,31,0,31,0,10,46,2,58,70,2,72,130
03/12/2014,ALN,IL,AGL,CE,Federal Contract Tower,0,4,2,0,6,0,0,0,0,0,0,4,2,0,6,0,0,0,6
03/13/2014,ALN,IL,AGL,CE,Federal Contract Tower,0,4,2,0,6,0,2,22,0,24,0,6,24,0,30,74,0,74,104
03/14/2014,ALN,IL,AGL,CE,Federal Contract Tower,0,8,18,0,26,0,0,33,0,33,0,8,51,0,59,50,0,50,109
03/15/2014,ALN,IL,AGL,CE,Federal Contract Tower,0,16,14,0,30,0,56,0,0,56,0,72,14,0,86,72,0,72,158
03/16/2014,ALN,IL,AGL,CE,Federal Contract Tower,0,0,2,0,2,0,0,0,0,0,0,0,2,0,2,0,0,0,2
03/17/2014,ALN,IL,AGL,CE,Federal Contract Tower,0,3,9,0,12,0,2,40,0,42,0,5,49,0,54,58,0,58,112
03/18/2014,ALN,IL,AGL,CE,Federal Contract Tower,0,10,22,0,32,0,6,27,0,33,0,16,49,0,65,28,0,28,93
03/19/2014,ALN,IL,AGL,CE,Federal Contract Tower,0,10,8,0,18,0,0,2,0,2,0,10,10,0,20,12,0,12,32
03/20/2014,ALN,IL,AGL,CE,Federal Contract Tower,0,3,11,0,14,0,0,29,0,29,0,3,40,0,43,62,0,62,105
03/21/2014,ALN,IL,AGL,CE,Federal Contract Tower,0,10,24,1,35,0,0,36,0,36,0,10,60,1,71,38,2,40,111
03/22/2014,ALN,IL,AGL,CE,Federal Contract Tower,0,0,2,0,2,0,0,27,0,27,0,0,29,0,29,30,0,30,59
03/23/2014,ALN,IL,AGL,CE,Federal Contract Tower,0,0,13,0,13,0,0,31,0,31,0,0,44,0,44,52,0,52,96
03/24/2014,ALN,IL,AGL,CE,Federal Contract Tower,0,1,18,0,19,0,0,28,0,28,0,1,46,0,47,22,0,22,69
03/25/2014,ALN,IL,AGL,CE,Federal Contract Tower,0,3,11,0,14,0,0,31,0,31,0,3,42,0,45,40,0,40,85
03/26/2014,ALN,IL,AGL,CE,Federal Contract Tower,0,3,17,0,20,0,3,16,0,19,0,6,33,0,39,44,0,44,83
03/27/2014,ALN,IL,AGL,CE,Federal Contract Tower,0,7,2,2,11,0,0,4,0,4,0,7,6,2,15,10,6,16,31
03/28/2014,ALN,IL,AGL,CE,Federal Contract Tower,0,4,19,0,23,0,0,23,0,23,0,4,42,0,46,20,0,20,66
03/29/2014,ALN,IL,AGL,CE,Federal Contract Tower,0,0,17,0,17,0,0,6,0,6,0,0,23,0,23,20,0,20,43
03/30/2014,ALN,IL,AGL,CE,Federal Contract Tower,0,2,21,0,23,0,0,45,0,45,0,2,66,0,68,130,0,130,198
03/31/2014,ALN,IL,AGL,CE,Federal Contract Tower,0,0,20,0,20,0,0,25,0,25,0,0,45,0,45,24,0,24,69
04/01/2014,ALN,IL,AGL,CE,Federal Contract Tower,0,4,9,1,14,0,0,36,0,36,0,4,45,1,50,48,0,48,98
04/02/2014,ALN,IL,AGL,CE,Federal Contract Tower,0,2,0,0,2,0,0,1,0,1,0,2,1,0,3,0,0,0,3
04/03/2014,ALN,IL,AGL,CE,Federal Contract Tower,0,5,1,0,6,0,1,0,0,1,0,6,1,0,7,2,0,2,9
04/04/2014,ALN,IL,AGL,CE,Federal Contract Tower,0,3,6,0,9,0,0,17,0,17,0,3,23,0,26,18,0,18,44
04/05/2014,ALN,IL,AGL,CE,Federal Contract Tower,0,1,33,0,34,0,0,56,0,56,0,1,89,0,90,102,0,102,192
04/06/2014,ALN,IL,AGL,CE,Federal Contract Tower,0,0,11,0,11,0,0,46,0,46,0,0,57,0,57,131,0,131,188
04/07/2014,ALN,IL,AGL,CE,Federal Contract Tower,0,0,17,0,17,0,0,12,0,12,0,0,29,0,29,14,0,14,43
04/08/2014,ALN,IL,AGL,CE,Federal Contract Tower,0,7,7,0,14,0,4,17,0,21,0,11,24,0,35,46,0,46,81
04/09/2014,ALN,IL,AGL,CE,Federal Contract Tower,0,2,25,4,31,0,0,38,0,38,0,2,63,4,69,54,0,54,123
04/10/2014,ALN,IL,AGL,CE,Federal Contract Tower,0,11,11,1,23,0,0,21,0,21,0,11,32,1,44,50,0,50,94
04/11/2014,ALN,IL,AGL,CE,Federal Contract Tower,0,1,31,1,33,0,0,41,0,41,0,1,72,1,74,64,0,64,138
04/12/2014,ALN,IL,AGL,CE,Federal Contract Tower,0,2,12,0,14,0,0,47,0,47,0,2,59,0,61,46,0,46,107
04/13/2014,ALN,IL,AGL,CE,Federal Contract Tower,0,2,13,0,15,0,0,28,0,28,0,2,41,0,43,18,0,18,61
04/14/2014,ALN,IL,AGL,CE,Federal Contract Tower,0,3,10,0,13,0,0,10,0,10,0,3,20,0,23,10,0,10,33
04/15/2014,ALN,IL,AGL,CE,Federal Contract Tower,0,10,25,0,35,0,0,23,2,25,0,10,48,2,60,44,0,44,104
04/16/2014,ALN,IL,AGL,CE,Federal Contract Tower,0,7,26,0,33,0,0,25,0,25,0,7,51,0,58,42,0,42,100
04/17/2014,ALN,IL,AGL,CE,Federal Contract Tower,0,16,16,0,32,0,0,24,0,24,0,16,40,0,56,20,0,20,76
04/18/2014,ALN,IL,AGL,CE,Federal Contract Tower,0,15,19,0,34,0,2,40,0,42,0,17,59,0,76,46,0,46,122
04/19/2014,ALN,IL,AGL,CE,Federal Contract Tower,0,1,6,0,7,0,1,51,0,52,0,2,57,0,59,52,0,52,111
04/20/2014,ALN,IL,AGL,CE,Federal Contract Tower,0,1,10,0,11,0,0,29,0,29,0,1,39,0,40,40,0,40,80
04/21/2014,ALN,IL,AGL,CE,Federal Contract Tower,0,4,9,0,13,0,0,14,0,14,0,4,23,0,27,15,0,15,42
04/22/2014,ALN,IL,AGL,CE,Federal Contract Tower,0,4,17,0,21,0,0,30,0,30,0,4,47,0,51,52,0,52,103
04/23/2014,ALN,IL,AGL,CE,Federal Contract Tower,0,0,19,0,19,0,0,31,0,31,0,0,50,0,50,0,30,30,80
04/24/2014,ALN,IL,AGL,CE,Federal Contract Tower,0,0,13,0,13,0,7,0,0,7,0,7,13,0,20,8,2,10,30
04/25/2014,ALN,IL,AGL,CE,Federal Contract Tower,0,2,14,0,16,0,0,31,0,31,0,2,45,0,47,30,0,30,77
04/26/2014,ALN,IL,AGL,CE,Federal Contract Tower,0,0,32,3,35,0,2,38,0,40,0,2,70,3,75,50,0,50,125
04/27/2014,ALN,IL,AGL,CE,Federal Contract Tower,0,0,15,0,15,0,0,7,0,7,0,0,22,0,22,8,0,8,30
04/28/2014,ALN,IL,AGL,CE,Federal Contract Tower,0,0,10,0,10,0,0,0,0,0,0,0,10,0,10,12,0,12,22
04/29/2014,ALN,IL,AGL,CE,Federal Contract Tower,0,1,5,0,6,0,0,6,0,6,0,1,11,0,12,16,0,16,28
04/30/2014,ALN,IL,AGL,CE,Federal Contract Tower,0,0,19,0,19,0,0,13,0,13,0,0,32,0,32,38,0,38,70
05/01/2014,ALN,IL,AGL,CE,Federal Contract Tower,0,8,11,0,19,0,0,8,0,8,0,8,19,0,27,6,0,6,33
05/02/2014,ALN,IL,AGL,CE,Federal Contract Tower,0,6,11,0,17,0,0,2,0,2,0,6,13,0,19,14,0,14,33
05/03/2014,ALN,IL,AGL,CE,Federal Contract Tower,0,3,25,0,28,0,0,41,0,41,0,3,66,0,69,56,0,56,125
05/04/2014,ALN,IL,AGL,CE,Federal Contract Tower,0,0,20,0,20,0,0,52,0,52,0,0,72,0,72,38,0,38,110
05/05/2014,ALN,IL,AGL,CE,Federal Contract Tower,0,0,7,0,7,0,0,8,0,8,0,0,15,0,15,34,0,34,49
05/06/2014,ALN,IL,AGL,CE,Federal Contract Tower,0,5,18,0,23,0,0,20,0,20,0,5,38,0,43,58,0,58,101
05/07/2014,ALN,IL,AGL,CE,Federal Contract Tower,0,0,22,0,22,0,3,22,0,25,0,3,44,0,47,52,6,58,105
05/08/2014,ALN,IL,AGL,CE,Federal Contract Tower,0,9,13,0,22,0,0,18,0,18,0,9,31,0,40,38,0,38,78
05/09/2014,ALN,IL,AGL,CE,Federal Contract Tower,0,9,15,0,24,0,0,11,0,11,0,9,26,0,35,32,0,32,67
05/10/2014,ALN,IL,AGL,CE,Federal Contract Tower,0,6,23,0,29,0,2,55,0,57,0,8,78,0,86,114,0,114,200
05/11/2014,ALN,IL,AGL,CE,Federal Contract Tower,0,0,10,0,10,0,0,16,0,16,0,0,26,0,26,42,0,42,68
05/12/2014,ALN,IL,AGL,CE,Federal Contract Tower,0,7,10,1,18,0,0,13,0,13,0,7,23,1,31,8,2,10,41
05/13/2014,ALN,IL,AGL,CE,Federal Contract Tower,0,5,12,3,20,0,0,0,0,0,0,5,12,3,20,2,18,20,40
05/14/2014,ALN,IL,AGL,CE,Federal Contract Tower,0,11,17,0,28,0,0,13,0,13,0,11,30,0,41,22,0,22,63
05/15/2014,ALN,IL,AGL,CE,Federal Contract Tower,0,4,23,0,27,0,0,25,0,25,0,4,48,0,52,34,0,34,86
05/16/2014,ALN,IL,AGL,CE,Federal Contract Tower,0,4,7,0,11,0,0,27,2,29,0,4,34,2,40,28,0,28,68
05/17/2014,ALN,IL,AGL,CE,Federal Contract Tower,0,18,8,0,26,0,0,34,0,34,0,18,42,0,60,50,0,50,110
05/18/2014,ALN,IL,AGL,CE,Federal Contract Tower,0,2,6,0,8,0,0,32,0,32,0,2,38,0,40,82,0,82,122
05/19/2014,ALN,IL,AGL,CE,Federal Contract Tower,0,2,10,0,12,0,0,19,0,19,0,2,29,0,31,40,0,40,71
05/20/2014,ALN,IL,AGL,CE,Federal Contract Tower,0,4,11,1,16,0,1,27,0,28,0,5,38,1,44,18,2,20,64
05/21/2014,ALN,IL,AGL,CE,Federal Contract Tower,0,7,13,0,20,0,0,14,0,14,0,7,27,0,34,42,0,42,76
05/22/2014,ALN,IL,AGL,CE,Federal Contract Tower,0,6,15,6,27,0,0,26,4,30,0,6,41,10,57,56,14,70,127
05/23/2014,ALN,IL,AGL,CE,Federal Contract Tower,0,0,23,2,25,0,0,34,0,34,0,0,57,2,59,54,0,54,113
05/24/2014,ALN,IL,AGL,CE,Federal Contract Tower,0,0,17,0,17,0,0,39,2,41,0,0,56,2,58,16,0,16,74
05/25/2014,ALN,IL,AGL,CE,Federal Contract Tower,0,1,21,0,22,0,0,22,0,22,0,1,43,0,44,47,0,47,91
05/26/2014,ALN,IL,AGL,CE,Federal Contract Tower,25,17,0,0,42,0,0,26,0,26,25,17,26,0,68,94,0,94,162
05/27/2014,ALN,IL,AGL,CE,Federal Contract Tower,0,24,18,4,46,0,2,8,0,10,0,26,26,4,56,58,0,58,114
05/28/2014,ALN,IL,AGL,CE,Federal Contract Tower,0,5,25,0,30,0,0,10,0,10,0,5,35,0,40,24,0,24,64
05/29/2014,ALN,IL,AGL,CE,Federal Contract Tower,0,11,27,0,38,0,0,30,0,30,0,11,57,0,68,46,0,46,114
05/30/2014,ALN,IL,AGL,CE,Federal Contract Tower,0,4,14,5,23,0,0,16,0,16,0,4,30,5,39,18,0,18,57
05/31/2014,ALN,IL,AGL,CE,Federal Contract Tower,0,2,0,2,4,0,0,15,0,15,0,2,15,2,19,20,0,20,39
06/01/2014,ALN,IL,AGL,CE,Federal Contract Tower,0,1,18,0,19,0,0,10,0,10,0,1,28,0,29,36,0,36,65
06/02/2014,ALN,IL,AGL,CE,Federal Contract Tower,0,2,4,0,6,0,0,18,0,18,0,2,22,0,24,50,0,50,74
06/03/2014,ALN,IL,AGL,CE,Federal Contract Tower,0,4,18,0,22,0,0,13,0,13,0,4,31,0,35,44,0,44,79
06/04/2014,ALN,IL,AGL,CE,Federal Contract Tower,0,5,9,0,14,0,0,7,0,7,0,5,16,0,21,20,0,20,41
06/05/2014,ALN,IL,AGL,CE,Federal Contract Tower,0,11,3,0,14,0,0,21,0,21,0,11,24,0,35,62,0,62,97
06/06/2014,ALN,IL,AGL,CE,Federal Contract Tower,0,7,16,7,30,0,0,31,1,32,0,7,47,8,62,68,4,72,134
06/07/2014,ALN,IL,AGL,CE,Federal Contract Tower,0,0,17,0,17,0,0,8,0,8,0,0,25,0,25,16,0,16,41
06/08/2014,ALN,IL,AGL,CE,Federal Contract Tower,0,0,19,0,19,0,0,34,0,34,0,0,53,0,53,42,0,42,95
06/09/2014,ALN,IL,AGL,CE,Federal Contract Tower,0,1,19,0,20,0,0,16,0,16,0,1,35,0,36,18,0,18,54
06/10/2014,ALN,IL,AGL,CE,Federal Contract Tower,0,16,6,0,22,0,0,2,0,2,0,16,8,0,24,30,0,30,54
06/11/2014,ALN,IL,AGL,CE,Federal Contract Tower,0,6,20,10,36,0,1,12,0,13,0,7,32,10,49,28,16,44,93
06/12/2014,ALN,IL,AGL,CE,Federal Contract Tower,0,13,13,0,26,0,1,17,0,18,0,14,30,0,44,40,0,40,84
06/13/2014,ALN,IL,AGL,CE,Federal Contract Tower,0,9,33,0,42,0,0,35,0,35,0,9,68,0,77,52,0,52,129
06/14/2014,ALN,IL,AGL,CE,Federal Contract Tower,0,19,14,2,35,0,0,147,2,149,0,19,161,4,184,38,0,38,222
06/15/2014,ALN,IL,AGL,CE,Federal Contract Tower,0,1,5,0,6,0,2,8,0,10,0,3,13,0,16,28,0,28,44
06/16/2014,ALN,IL,AGL,CE,Federal Contract Tower,0,8,21,2,31,0,0,13,0,13,0,8,34,2,44,36,0,36,80
06/17/2014,ALN,IL,AGL,CE,Federal Contract Tower,0,8,8,0,16,0,0,18,0,18,0,8,26,0,34,20,0,20,54
06/18/2014,ALN,IL,AGL,CE,Federal Contract Tower,0,9,17,1,27,0,0,19,0,19,0,9,36,1,46,72,0,72,118
06/19/2014,ALN,IL,AGL,CE,Federal Contract Tower,0,8,4,0,12,0,0,9,2,11,0,8,13,2,23,10,0,10,33
06/20/2014,ALN,IL,AGL,CE,Federal Contract Tower,0,5,26,2,33,0,0,27,0,27,0,5,53,2,60,34,0,34,94
06/21/2014,ALN,IL,AGL,CE,Federal Contract Tower,0,8,22,0,30,0,2,25,0,27,0,10,47,0,57,12,0,12,69
06/22/2014,ALN,IL,AGL,CE,Federal Contract Tower,0,0,10,0,10,0,0,3,0,3,0,0,13,0,13,36,0,36,49
06/23/2014,ALN,IL,AGL,CE,Federal Contract Tower,0,5,23,0,28,0,0,3,0,3,0,5,26,0,31,10,0,10,41
06/24/2014,ALN,IL,AGL,CE,Federal Contract Tower,0,4,37,0,41,0,0,13,0,13,0,4,50,0,54,46,0,46,100
06/25/2014,ALN,IL,AGL,CE,Federal Contract Tower,0,8,29,0,37,0,5,33,0,38,0,13,62,0,75,44,0,44,119
06/26/2014,ALN,IL,AGL,CE,Federal Contract Tower,0,17,7,1,25,0,0,6,0,6,0,17,13,1,31,6,0,6,37
06/27/2014,ALN,IL,AGL,CE,Federal Contract Tower,0,7,17,4,28,0,0,16,0,16,0,7,33,4,44,36,4,40,84
06/28/2014,ALN,IL,AGL,CE,Federal Contract Tower,0,19,8,2,29,0,22,12,0,34,0,41,20,2,63,48,0,48,111
06/29/2014,ALN,IL,AGL,CE,Federal Contract Tower,0,0,19,0,19,0,0,20,0,20,0,0,39,0,39,64,0,64,103
06/30/2014,ALN,IL,AGL,CE,Federal Contract Tower,0,8,12,4,24,0,2,17,0,19,0,10,29,4,43,24,0,24,67
07/01/2014,ALN,IL,AGL,CE,Federal Contract Tower,0,4,6,4,14,0,0,16,0,16,0,4,22,4,30,12,4,16,46
07/02/2014,ALN,IL,AGL,CE,Federal Contract Tower,0,8,18,0,26,0,0,27,0,27,0,8,45,0,53,50,0,50,103
07/03/2014,ALN,IL,AGL,CE,Federal Contract Tower,0,4,12,3,19,0,0,39,0,39,0,4,51,3,58,76,8,84,142
07/04/2014,ALN,IL,AGL,CE,Federal Contract Tower,0,0,2,0,2,0,0,44,0,44,0,0,46,0,46,82,0,82,128
07/05/2014,ALN,IL,AGL,CE,Federal Contract Tower,0,0,23,0,23,0,0,62,0,62,0,0,85,0,85,74,0,74,159
07/06/2014,ALN,IL,AGL,CE,Federal Contract Tower,0,0,7,0,7,0,0,18,0,18,0,0,25,0,25,36,0,36,61
07/07/2014,ALN,IL,AGL,CE,Federal Contract Tower,0,0,23,0,23,0,0,13,0,13,0,0,36,0,36,30,0,30,66
07/08/2014,ALN,IL,AGL,CE,Federal Contract Tower,0,3,12,0,15,0,4,26,0,30,0,7,38,0,45,18,0,18,63
07/09/2014,ALN,IL,AGL,CE,Federal Contract Tower,0,3,20,0,23,0,0,33,0,33,0,3,53,0,56,52,0,52,108
07/10/2014,ALN,IL,AGL,CE,Federal Contract Tower,0,7,10,0,17,0,0,40,0,40,0,7,50,0,57,60,0,60,117
07/11/2014,ALN,IL,AGL,CE,Federal Contract Tower,0,1,15,2,18,0,0,34,0,34,0,1,49,2,52,14,4,18,70
07/12/2014,ALN,IL,AGL,CE,Federal Contract Tower,0,0,25,0,25,0,0,30,0,30,0,0,55,0,55,32,0,32,87
07/13/2014,ALN,IL,AGL,CE,Federal Contract Tower,0,0,0,0,0,0,0,15,0,15,0,0,15,0,15,72,0,72,87
07/14/2014,ALN,IL,AGL,CE,Federal Contract Tower,0,6,4,4,14,0,0,11,0,11,0,6,15,4,25,16,0,16,41
07/15/2014,ALN,IL,AGL,CE,Federal Contract Tower,0,7,19,5,31,0,0,24,0,24,0,7,43,5,55,36,0,36,91
07/16/2014,ALN,IL,AGL,CE,Federal Contract Tower,0,6,7,0,13,0,0,37,0,37,0,6,44,0,50,60,0,60,110
07/17/2014,ALN,IL,AGL,CE,Federal Contract Tower,0,7,11,2,20,0,4,28,2,34,0,11,39,4,54,46,8,54,108
07/18/2014,ALN,IL,AGL,CE,Federal Contract Tower,0,3,10,2,15,0,1,26,0,27,0,4,36,2,42,28,0,28,70
07/19/2014,ALN,IL,AGL,CE,Federal Contract Tower,0,2,22,0,24,0,0,53,0,53,0,2,75,0,77,84,0,84,161
07/20/2014,ALN,IL,AGL,CE,Federal Contract Tower,0,3,7,4,14,0,0,30,0,30,0,3,37,4,44,34,0,34,78
07/21/2014,ALN,IL,AGL,CE,Federal Contract Tower,0,5,25,2,32,0,0,14,0,14,0,5,39,2,46,20,8,28,74
07/22/2014,ALN,IL,AGL,CE,Federal Contract Tower,0,5,13,1,19,0,0,15,0,15,0,5,28,1,34,54,4,58,92
07/23/2014,ALN,IL,AGL,CE,Federal Contract Tower,0,5,22,6,33,0,0,14,4,18,0,5,36,10,51,44,16,60,111
07/24/2014,ALN,IL,AGL,CE,Federal Contract Tower,0,12,21,1,34,0,0,53,0,53,0,12,74,1,87,38,0,38,125
07/25/2014,ALN,IL,AGL,CE,Federal Contract Tower,0,11,29,0,40,0,0,20,0,20,0,11,49,0,60,20,0,20,80
07/26/2014,ALN,IL,AGL,CE,Federal Contract Tower,0,6,36,0,42,0,0,19,0,19,0,6,55,0,61,32,0,32,93
07/27/2014,ALN,IL,AGL,CE,Federal Contract Tower,0,0,10,0,10,0,0,15,0,15,0,0,25,0,25,48,0,48,73
07/28/2014,ALN,IL,AGL,CE,Federal Contract Tower,0,2,25,0,27,0,0,19,1,20,0,2,44,1,47,36,0,36,83
07/29/2014,ALN,IL,AGL,CE,Federal Contract Tower,0,6,17,0,23,0,0,28,0,28,0,6,45,0,51,28,0,28,79
07/30/2014,ALN,IL,AGL,CE,Federal Contract Tower,0,4,20,1,25,1,39,0,0,40,1,43,20,1,65,16,6,22,87
07/31/2014,ALN,IL,AGL,CE,Federal Contract Tower,0,4,9,0,13,0,1,16,0,17,0,5,25,0,30,0,0,0,30
08/01/2014,ALN,IL,AGL,CE,Federal Contract Tower,0,6,5,12,23,0,0,15,0,15,0,6,20,12,38,10,36,46,84
08/02/2014,ALN,IL,AGL,CE,Federal Contract Tower,0,11,10,0,21,0,0,21,0,21,0,11,31,0,42,64,0,64,106
08/03/2014,ALN,IL,AGL,CE,Federal Contract Tower,0,3,15,0,18,0,0,22,0,22,0,3,37,0,40,82,0,82,122
08/04/2014,ALN,IL,AGL,CE,Federal Contract Tower,0,1,7,0,8,0,0,13,0,13,0,1,20,0,21,40,0,40,61
08/05/2014,ALN,IL,AGL,CE,Federal Contract Tower,0,5,23,0,28,0,0,17,0,17,0,5,40,0,45,38,0,38,83
08/06/2014,ALN,IL,AGL,CE,Federal Contract Tower,0,6,18,4,28,0,0,17,2,19,0,6,35,6,47,42,8,50,97
08/07/2014,ALN,IL,AGL,CE,Federal Contract Tower,0,6,10,0,16,0,0,0,0,0,0,6,10,0,16,0,0,0,16
08/08/2014,ALN,IL,AGL,CE,Federal Contract Tower,0,2,8,1,11,0,0,0,0,0,0,2,8,1,11,2,0,2,13
08/09/2014,ALN,IL,AGL,CE,Federal Contract Tower,0,26,7,1,34,0,0,0,0,0,0,26,7,1,34,25,0,25,59
08/10/2014,ALN,IL,AGL,CE,Federal Contract Tower,0,5,1,0,6,0,0,3,0,3,0,5,4,0,9,54,0,54,63
08/11/2014,ALN,IL,AGL,CE,Federal Contract Tower,0,6,19,9,34,0,0,10,0,10,0,6,29,9,44,12,16,28,72
08/12/2014,ALN,IL,AGL,CE,Federal Contract Tower,0,0,12,1,13,0,0,23,0,23,0,0,35,1,36,78,0,78,114
08/13/2014,ALN,IL,AGL,CE,Federal Contract Tower,0,7,10,0,17,0,3,47,0,50,0,10,57,0,67,44,0,44,111
08/14/2014,ALN,IL,AGL,CE,Federal Contract Tower,0,10,21,0,31,0,0,45,0,45,0,10,66,0,76,64,0,64,140
08/15/2014,ALN,IL,AGL,CE,Federal Contract Tower,0,9,13,1,23,0,0,16,0,16,0,9,29,1,39,24,4,28,67
08/16/2014,ALN,IL,AGL,CE,Federal Contract Tower,0,12,3,0,15,4,0,7,0,11,4,12,10,0,26,22,0,22,48
08/17/2014,ALN,IL,AGL,CE,Federal Contract Tower,0,11,9,0,20,0,0,4,0,4,0,11,13,0,24,18,0,18,42
08/18/2014,ALN,IL,AGL,CE,Federal Contract Tower,0,3,26,0,29,0,2,17,0,19,0,5,43,0,48,26,0,26,74
08/19/2014,ALN,IL,AGL,CE,Federal Contract Tower,0,2,11,3,16,0,0,19,0,19,0,2,30,3,35,28,0,28,63
08/20/2014,ALN,IL,AGL,CE,Federal Contract Tower,0,11,4,0,15,0,0,25,0,25,0,11,29,0,40,26,0,26,66
08/21/2014,ALN,IL,AGL,CE,Federal Contract Tower,0,5,13,0,18,0,0,10,0,10,0,5,23,0,28,14,0,14,42
08/22/2014,ALN,IL,AGL,CE,Federal Contract Tower,0,2,30,1,33,0,1,14,0,15,0,3,44,1,48,24,4,28,76
08/23/2014,ALN,IL,AGL,CE,Federal Contract Tower,0,1,17,0,18,0,0,20,0,20,0,1,37,0,38,46,0,46,84
08/24/2014,ALN,IL,AGL,CE,Federal Contract Tower,0,4,9,0,13,0,0,24,0,24,0,4,33,0,37,18,0,18,55
08/25/2014,ALN,IL,AGL,CE,Federal Contract Tower,0,4,20,0,24,0,0,23,0,23,0,4,43,0,47,18,0,18,65
08/26/2014,ALN,IL,AGL,CE,Federal Contract Tower,0,5,21,3,29,0,0,17,0,17,0,5,38,3,46,4,6,10,56
08/27/2014,ALN,IL,AGL,CE,Federal Contract Tower,0,4,20,0,24,0,0,18,0,18,0,4,38,0,42,28,0,28,70
08/28/2014,ALN,IL,AGL,CE,Federal Contract Tower,0,8,11,1,20,0,0,13,1,14,0,8,24,2,34,30,6,36,70
08/29/2014,ALN,IL,AGL,CE,Federal Contract Tower,0,1,12,0,13,0,0,5,0,5,0,1,17,0,18,10,0,10,28
08/30/2014,ALN,IL,AGL,CE,Federal Contract Tower,0,0,20,0,20,0,0,16,0,16,0,0,36,0,36,42,0,42,78
08/31/2014,ALN,IL,AGL,CE,Federal Contract Tower,0,0,7,0,7,0,0,33,0,33,0,0,40,0,40,14,0,14,54
09/01/2014,ALN,IL,AGL,CE,Federal Contract Tower,0,1,8,0,9,0,0,14,0,14,0,1,22,0,23,6,0,6,29
09/02/2014,ALN,IL,AGL,CE,Federal Contract Tower,0,5,15,0,20,0,0,25,0,25,0,5,40,0,45,20,0,20,65
09/03/2014,ALN,IL,AGL,CE,Federal Contract Tower,0,4,4,0,8,0,0,15,0,15,0,4,19,0,23,26,0,26,49
09/04/2014,ALN,IL,AGL,CE,Federal Contract Tower,0,6,27,0,33,0,0,12,0,12,0,6,39,0,45,12,0,12,57
09/05/2014,ALN,IL,AGL,CE,Federal Contract Tower,0,5,20,0,25,0,0,16,0,16,0,5,36,0,41,12,0,12,53
09/06/2014,ALN,IL,AGL,CE,Federal Contract Tower,0,0,20,0,20,0,0,20,0,20,0,0,40,0,40,16,0,16,56
09/07/2014,ALN,IL,AGL,CE,Federal Contract Tower,0,5,17,0,22,0,0,56,0,56,0,5,73,0,78,48,0,48,126
09/08/2014,ALN,IL,AGL,CE,Federal Contract Tower,0,3,15,0,18,0,0,42,0,42,0,3,57,0,60,48,0,48,108
09/09/2014,ALN,IL,AGL,CE,Federal Contract Tower,0,2,6,13,21,0,2,13,1,16,0,4,19,14,37,4,18,22,59
09/10/2014,ALN,IL,AGL,CE,Federal Contract Tower,0,5,0,0,5,0,0,0,0,0,0,5,0,0,5,0,0,0,5
09/11/2014,ALN,IL,AGL,CE,Federal Contract Tower,0,15,12,3,30,0,0,0,0,0,0,15,12,3,30,0,12,12,42
09/12/2014,ALN,IL,AGL,CE,Federal Contract Tower,0,2,26,0,28,0,0,5,0,5,0,2,31,0,33,6,0,6,39
09/13/2014,ALN,IL,AGL,CE,Federal Contract Tower,0,4,19,6,29,0,0,54,1,55,0,4,73,7,84,56,0,56,140
09/14/2014,ALN,IL,AGL,CE,Federal Contract Tower,0,1,9,0,10,0,0,54,0,54,0,1,63,0,64,48,0,48,112
09/15/2014,ALN,IL,AGL,CE,Federal Contract Tower,0,0,8,0,8,0,0,0,0,0,0,0,8,0,8,20,0,20,28
09/16/2014,ALN,IL,AGL,CE,Federal Contract Tower,0,4,24,0,28,0,0,22,0,22,0,4,46,0,50,54,0,54,104
09/17/2014,ALN,IL,AGL,CE,Federal Contract Tower,0,6,22,4,32,0,1,15,0,16,0,7,37,4,48,38,2,40,88
09/18/2014,ALN,IL,AGL,CE,Federal Contract Tower,0,5,12,18,35,0,0,19,0,19,0,5,31,18,54,50,4,54,108
09/19/2014,ALN,IL,AGL,CE,Federal Contract Tower,0,10,19,0,29,0,0,40,0,40,0,10,59,0,69,26,0,26,95
09/20/2014,ALN,IL,AGL,CE,Federal Contract Tower,0,6,12,0,18,0,0,35,0,35,0,6,47,0,53,32,0,32,85
09/21/2014,ALN,IL,AGL,CE,Federal Contract Tower,0,0,5,0,5,0,0,40,0,40,0,0,45,0,45,30,0,30,75
09/22/2014,ALN,IL,AGL,CE,Federal Contract Tower,0,6,21,0,27,0,0,23,0,23,0,6,44,0,50,44,0,44,94
09/23/2014,ALN,IL,AGL,CE,Federal Contract Tower,0,2,16,0,18,0,0,28,0,28,0,2,44,0,46,66,0,66,112
09/24/2014,ALN,IL,AGL,CE,Federal Contract Tower,0,6,5,0,11,0,0,38,0,38,0,6,43,0,49,56,0,56,105
09/25/2014,ALN,IL,AGL,CE,Federal Contract Tower,0,13,18,12,43,0,0,33,1,34,0,13,51,13,77,40,36,76,153
09/26/2014,ALN,IL,AGL,CE,Federal Contract Tower,0,8,15,4,27,0,4,31,0,35,0,12,46,4,62,96,12,108,170
09/27/2014,ALN,IL,AGL,CE,Federal Contract Tower,0,3,10,0,13,0,0,175,0,175,0,3,185,0,188,177,0,177,365
09/28/2014,ALN,IL,AGL,CE,Federal Contract Tower,0,5,7,0,12,0,0,393,0,393,0,5,400,0,405,34,0,34,439
09/29/2014,ALN,IL,AGL,CE,Federal Contract Tower,0,7,26,0,33,0,1,18,0,19,0,8,44,0,52,22,0,22,74
09/30/2014,ALN,IL,AGL,CE,Federal Contract Tower,0,2,20,0,22,0,0,25,0,25,0,2,45,0,47,18,0,18,65
10/01/2014,ALN,IL,AGL,CE,Federal Contract Tower,0,6,13,0,19,0,0,19,0,19,0,6,32,0,38,22,0,22,60
10/02/2014,ALN,IL,AGL,CE,Federal Contract Tower,0,10,0,0,10,0,0,1,0,1,0,10,1,0,11,0,0,0,11
10/03/2014,ALN,IL,AGL,CE,Federal Contract Tower,0,10,10,0,20,0,2,4,0,6,0,12,14,0,26,6,0,6,32
10/04/2014,ALN,IL,AGL,CE,Federal Contract Tower,0,5,8,0,13,0,0,4,0,4,0,5,12,0,17,12,0,12,29
10/05/2014,ALN,IL,AGL,CE,Federal Contract Tower,0,6,12,0,18,0,0,25,0,25,0,6,37,0,43,16,0,16,59
10/06/2014,ALN,IL,AGL,CE,Federal Contract Tower,0,10,9,2,21,0,0,12,0,12,0,10,21,2,33,42,4,46,79
10/07/2014,ALN,IL,AGL,CE,Federal Contract Tower,0,3,13,0,16,0,0,17,0,17,0,3,30,0,33,48,0,48,81
10/08/2014,ALN,IL,AGL,CE,Federal Contract Tower,0,4,5,0,9,0,0,45,0,45,0,4,50,0,54,76,0,76,130
10/09/2014,ALN,IL,AGL,CE,Federal Contract Tower,0,6,2,1,9,0,0,4,0,4,0,6,6,1,13,16,4,20,33
10/10/2014,ALN,IL,AGL,CE,Federal Contract Tower,0,11,6,0,17,0,0,1,0,1,0,11,7,0,18,10,0,10,28
10/11/2014,ALN,IL,AGL,CE,Federal Contract Tower,0,3,2,0,5,0,0,39,0,39,0,3,41,0,44,50,0,50,94
10/12/2014,ALN,IL,AGL,CE,Federal Contract Tower,0,3,2,0,5,0,0,1,0,1,0,3,3,0,6,26,0,26,32
10/13/2014,ALN,IL,AGL,CE,Federal Contract Tower,0,6,11,0,17,0,0,0,0,0,0,6,11,0,17,0,0,0,17
10/14/2014,ALN,IL,AGL,CE,Federal Contract Tower,0,1,15,0,16,0,0,0,0,0,0,1,15,0,16,0,0,0,16
10/15/2014,ALN,IL,AGL,CE,Federal Contract Tower,0,7,6,2,15,0,0,12,0,12,0,7,18,2,27,0,8,8,35
10/16/2014,ALN,IL,AGL,CE,Federal Contract Tower,0,14,11,5,30,0,0,39,2,41,0,14,50,7,71,56,16,72,143
10/17/2014,ALN,IL,AGL,CE,Federal Contract Tower,0,8,8,2,18,0,0,26,0,26,0,8,34,2,44,24,8,32,76
10/18/2014,ALN,IL,AGL,CE,Federal Contract Tower,0,4,22,0,26,0,0,40,0,40,0,4,62,0,66,44,0,44,110
10/19/2014,ALN,IL,AGL,CE,Federal Contract Tower,0,1,8,0,9,0,0,31,0,31,0,1,39,0,40,44,0,44,84
10/20/2014,ALN,IL,AGL,CE,Federal Contract Tower,0,0,14,12,26,0,0,15,0,15,0,0,29,12,41,24,0,24,65
10/21/2014,ALN,IL,AGL,CE,Federal Contract Tower,0,6,13,2,21,0,1,26,0,27,0,7,39,2,48,44,6,50,98
10/22/2014,ALN,IL,AGL,CE,Federal Contract Tower,0,5,6,0,11,0,0,35,0,35,0,5,41,0,46,44,0,44,90
10/23/2014,ALN,IL,AGL,CE,Federal Contract Tower,0,7,5,1,13,0,1,18,0,19,0,8,23,1,32,42,4,46,78
10/24/2014,ALN,IL,AGL,CE,Federal Contract Tower,0,17,8,0,25,0,0,16,0,16,0,17,24,0,41,48,0,48,89
10/25/2014,ALN,IL,AGL,CE,Federal Contract Tower,0,1,21,1,23,0,0,49,0,49,0,1,70,1,72,60,0,60,132
10/26/2014,ALN,IL,AGL,CE,Federal Contract Tower,0,0,11,0,11,0,0,37,0,37,0,0,48,0,48,36,0,36,84
10/27/2014,ALN,IL,AGL,CE,Federal Contract Tower,0,1,32,0,33,0,0,13,0,13,0,1,45,0,46,22,0,22,68
10/28/2014,ALN,IL,AGL,CE,Federal Contract Tower,0,6,15,0,21,0,0,41,0,41,0,6,56,0,62,64,0,64,126
10/29/2014,ALN,IL,AGL,CE,Federal Contract Tower,0,19,11,0,30,0,0,31,0,31,0,19,42,0,61,66,0,66,127
10/30/2014,ALN,IL,AGL,CE,Federal Contract Tower,0,7,3,6,16,0,2,10,2,14,0,9,13,8,30,32,20,52,82
10/31/2014,ALN,IL,AGL,CE,Federal Contract Tower,0,2,4,0,6,0,1,2,0,3,0,3,6,0,9,0,0,0,9
11/01/2014,ALN,IL,AGL,CE,Federal Contract Tower,0,1,8,0,9,0,0,32,1,33,0,1,40,1,42,66,0,66,108
11/02/2014,ALN,IL,AGL,CE,Federal Contract Tower,0,0,32,0,32,0,0,39,0,39,0,0,71,0,71,64,0,64,135
11/03/2014,ALN,IL,AGL,CE,Federal Contract Tower,0,0,18,0,18,0,0,13,0,13,0,0,31,0,31,48,0,48,79
11/04/2014,ALN,IL,AGL,CE,Federal Contract Tower,0,5,8,0,13,0,0,1,0,1,0,5,9,0,14,0,0,0,14
11/05/2014,ALN,IL,AGL,CE,Federal Contract Tower,0,4,8,0,12,0,0,21,0,21,0,4,29,0,33,68,0,68,101
11/06/2014,ALN,IL,AGL,CE,Federal Contract Tower,0,3,4,0,7,0,0,4,0,4,0,3,8,0,11,4,8,12,23
11/07/2014,ALN,IL,AGL,CE,Federal Contract Tower,0,5,6,8,19,0,0,32,4,36,0,5,38,12,55,60,16,76,131
11/08/2014,ALN,IL,AGL,CE,Federal Contract Tower,0,8,6,0,14,0,0,6,0,6,0,8,12,0,20,14,0,14,34
11/09/2014,ALN,IL,AGL,CE,Federal Contract Tower,0,1,27,0,28,0,0,36,0,36,0,1,63,0,64,102,0,102,166
11/10/2014,ALN,IL,AGL,CE,Federal Contract Tower,0,3,13,6,22,0,15,12,0,27,0,18,25,6,49,84,0,84,133
11/11/2014,ALN,IL,AGL,CE,Federal Contract Tower,0,7,17,0,24,0,0,4,0,4,0,7,21,0,28,16,0,16,44
11/12/2014,ALN,IL,AGL,CE,Federal Contract Tower,0,9,7,7,23,0,0,15,1,16,0,9,22,8,39,32,18,50,89
11/13/2014,ALN,IL,AGL,CE,Federal Contract Tower,0,20,3,2,25,0,3,2,0,5,0,23,5,2,30,10,6,16,46
11/14/2014,ALN,IL,AGL,CE,Federal Contract Tower,0,8,10,7,25,0,0,12,0,12,0,8,22,7,37,28,22,50,87
11/15/2014,ALN,IL,AGL,CE,Federal Contract Tower,0,1,9,1,11,0,0,22,5,27,0,1,31,6,38,76,0,76,114
11/16/2014,ALN,IL,AGL,CE,Federal Contract Tower,0,0,3,0,3,0,0,0,0,0,0,0,3,0,3,0,0,0,3
11/17/2014,ALN,IL,AGL,CE,Federal Contract Tower,0,1,9,4,14,0,0,0,0,0,0,1,9,4,14,8,4,12,26
11/18/2014,ALN,IL,AGL,CE,Federal Contract Tower,0,0,15,0,15,0,2,7,0,9,0,2,22,0,24,0,0,0,24
11/19/2014,ALN,IL,AGL,CE,Federal Contract Tower,0,1,17,0,18,0,0,20,0,20,0,1,37,0,38,36,0,36,74
11/20/2014,ALN,IL,AGL,CE,Federal Contract Tower,0,9,9,0,18,0,2,19,0,21,0,11,28,0,39,30,0,30,69
11/21/2014,ALN,IL,AGL,CE,Federal Contract Tower,0,7,8,0,15,0,0,20,0,20,0,7,28,0,35,6,0,6,41
11/22/2014,ALN,IL,AGL,CE,Federal Contract Tower,0,11,6,2,19,0,0,11,0,11,0,11,17,2,30,30,0,30,60
11/23/2014,ALN,IL,AGL,CE,Federal Contract Tower,0,9,8,0,17,0,0,0,0,0,0,9,8,0,17,6,0,6,23
11/24/2014,ALN,IL,AGL,CE,Federal Contract Tower,0,16,7,2,25,0,0,0,0,0,0,16,7,2,25,8,0,8,33
11/25/2014,ALN,IL,AGL,CE,Federal Contract Tower,0,21,23,1,45,0,0,22,1,23,0,21,45,2,68,98,0,98,166
11/26/2014,ALN,IL,AGL,CE,Federal Contract Tower,0,3,6,4,13,0,0,0,0,0,0,3,6,4,13,2,2,4,17
11/27/2014,ALN,IL,AGL,CE,Federal Contract Tower,0,0,0,0,0,0,0,3,0,3,0,0,3,0,3,4,0,4,7
11/28/2014,ALN,IL,AGL,CE,Federal Contract Tower,0,0,5,0,5,0,0,23,0,23,0,0,28,0,28,23,0,23,51
11/29/2014,ALN,IL,AGL,CE,Federal Contract Tower,0,0,23,0,23,0,0,19,0,19,0,0,42,0,42,44,0,44,86
11/30/2014,ALN,IL,AGL,CE,Federal Contract Tower,0,4,15,0,19,0,0,12,0,12,0,4,27,0,31,46,0,46,77
12/01/2014,ALN,IL,AGL,CE,Federal Contract Tower,0,4,7,0,11,0,0,1,0,1,0,4,8,0,12,8,0,8,20
12/02/2014,ALN,IL,AGL,CE,Federal Contract Tower,0,3,11,1,15,0,0,10,0,10,0,3,21,1,25,22,2,24,49
12/03/2014,ALN,IL,AGL,CE,Federal Contract Tower,0,14,4,0,18,0,0,32,0,32,0,14,36,0,50,28,0,28,78
12/04/2014,ALN,IL,AGL,CE,Federal Contract Tower,0,3,0,0,3,0,0,2,0,2,0,3,2,0,5,8,0,8,13
12/05/2014,ALN,IL,AGL,CE,Federal Contract Tower,0,3,8,0,11,0,0,0,0,0,0,3,8,0,11,2,0,2,13
12/06/2014,ALN,IL,AGL,CE,Federal Contract Tower,0,0,12,0,12,0,0,1,0,1,0,0,13,0,13,0,0,0,13
12/07/2014,ALN,IL,AGL,CE,Federal Contract Tower,0,0,10,0,10,0,0,24,0,24,0,0,34,0,34,42,0,42,76
12/08/2014,ALN,IL,AGL,CE,Federal Contract Tower,0,10,10,0,20,0,0,2,0,2,0,10,12,0,22,28,0,28,50
12/09/2014,ALN,IL,AGL,CE,Federal Contract Tower,0,12,13,0,25,0,0,11,0,11,0,12,24,0,36,58,0,58,94
12/10/2014,ALN,IL,AGL,CE,Federal Contract Tower,0,18,6,0,24,0,0,8,0,8,0,18,14,0,32,44,0,44,76
12/11/2014,ALN,IL,AGL,CE,Federal Contract Tower,0,19,11,2,32,0,2,12,0,14,0,21,23,2,46,62,8,70,116
12/12/2014,ALN,IL,AGL,CE,Federal Contract Tower,0,6,29,0,35,0,3,23,0,26,0,9,52,0,61,60,0,60,121
12/13/2014,ALN,IL,AGL,CE,Federal Contract Tower,0,0,6,0,6,0,2,38,0,40,0,2,44,0,46,46,0,46,92
12/14/2014,ALN,IL,AGL,CE,Federal Contract Tower,0,1,22,0,23,0,2,19,0,21,0,3,41,0,44,92,0,92,136
12/15/2014,ALN,IL,AGL,CE,Federal Contract Tower,0,11,11,0,22,0,0,0,0,0,0,11,11,0,22,0,0,0,22
12/16/2014,ALN,IL,AGL,CE,Federal Contract Tower,0,0,12,0,12,0,0,0,0,0,0,0,12,0,12,0,0,0,12
12/17/2014,ALN,IL,AGL,CE,Federal Contract Tower,0,6,20,0,26,0,0,28,0,28,0,6,48,0,54,64,0,64,118
12/18/2014,ALN,IL,AGL,CE,Federal Contract Tower,0,5,19,2,26,0,0,9,0,9,0,5,28,2,35,28,4,32,67
12/19/2014,ALN,IL,AGL,CE,Federal Contract Tower,0,3,17,0,20,0,0,2,0,2,0,3,19,0,22,0,0,0,22
12/20/2014,ALN,IL,AGL,CE,Federal Contract Tower,0,29,9,0,38,0,10,10,0,20,0,39,19,0,58,30,0,30,88
12/21/2014,ALN,IL,AGL,CE,Federal Contract Tower,0,0,8,0,8,0,0,10,0,10,0,0,18,0,18,24,0,24,42
12/22/2014,ALN,IL,AGL,CE,Federal Contract Tower,0,2,10,0,12,0,0,0,0,0,0,2,10,0,12,0,0,0,12
12/23/2014,ALN,IL,AGL,CE,Federal Contract Tower,0,8,15,0,23,0,2,15,0,17,0,10,30,0,40,68,0,68,108
12/24/2014,ALN,IL,AGL,CE,Federal Contract Tower,0,2,1,0,3,0,0,0,0,0,0,2,1,0,3,0,0,0,3
12/25/2014,ALN,IL,AGL,CE,Federal Contract Tower,0,1,1,0,2,0,0,6,0,6,0,1,7,0,8,0,0,0,8
12/26/2014,ALN,IL,AGL,CE,Federal Contract Tower,0,2,7,0,9,0,0,19,0,19,0,2,26,0,28,54,0,54,82
12/27/2014,ALN,IL,AGL,CE,Federal Contract Tower,0,0,32,0,32,0,0,1,0,1,0,0,33,0,33,0,0,0,33
12/28/2014,ALN,IL,AGL,CE,Federal Contract Tower,0,0,3,0,3,0,0,8,0,8,0,0,11,0,11,34,0,34,45
12/29/2014,ALN,IL,AGL,CE,Federal Contract Tower,0,0,10,0,10,0,0,31,0,31,0,0,41,0,41,24,0,24,65
12/30/2014,ALN,IL,AGL,CE,Federal Contract Tower,0,0,11,6,17,0,0,14,0,14,0,0,25,6,31,44,4,48,79
12/31/2014,ALN,IL,AGL,CE,Federal Contract Tower,0,2,11,0,13,0,0,18,0,18,0,2,29,0,31,20,0,20,51
01/01/2015,ALN,IL,AGL,CE,Federal Contract Tower,0,0,2,0,2,0,0,10,0,10,0,0,12,0,12,20,0,20,32
01/02/2015,ALN,IL,AGL,CE,Federal Contract Tower,0,3,22,0,25,0,2,13,0,15,0,5,35,0,40,41,0,41,81
01/03/2015,ALN,IL,AGL,CE,Federal Contract Tower,0,0,3,0,3,0,0,0,0,0,0,0,3,0,3,0,0,0,3
01/04/2015,ALN,IL,AGL,CE,Federal Contract Tower,0,18,5,0,23,0,0,0,0,0,0,18,5,0,23,18,0,18,41
01/05/2015,ALN,IL,AGL,CE,Federal Contract Tower,0,4,16,0,20,0,0,21,0,21,0,4,37,0,41,70,0,70,111
01/06/2015,ALN,IL,AGL,CE,Federal Contract Tower,0,4,17,0,21,0,0,30,0,30,0,4,47,0,51,48,0,48,99
01/07/2015,ALN,IL,AGL,CE,Federal Contract Tower,0,13,5,5,23,0,0,6,0,6,0,13,11,5,29,12,10,22,51
01/08/2015,ALN,IL,AGL,CE,Federal Contract Tower,0,9,12,0,21,0,0,11,0,11,0,9,23,0,32,14,0,14,46
01/09/2015,ALN,IL,AGL,CE,Federal Contract Tower,0,3,15,9,27,0,0,3,0,3,0,3,18,9,30,4,38,42,72
01/10/2015,ALN,IL,AGL,CE,Federal Contract Tower,0,1,23,0,24,0,0,33,0,33,0,1,56,0,57,34,0,34,91
01/11/2015,ALN,IL,AGL,CE,Federal Contract Tower,0,6,1,0,7,0,0,2,0,2,0,6,3,0,9,4,0,4,13
01/12/2015,ALN,IL,AGL,CE,Federal Contract Tower,0,3,8,0,11,0,0,0,0,0,0,3,8,0,11,8,0,8,19
01/13/2015,ALN,IL,AGL,CE,Federal Contract Tower,0,2,10,4,16,0,0,6,0,6,0,2,16,4,22,42,0,42,64
01/14/2015,ALN,IL,AGL,CE,Federal Contract Tower,0,4,11,3,18,0,0,11,3,14,0,4,22,6,32,44,20,64,96
01/15/2015,ALN,IL,AGL,CE,Federal Contract Tower,0,4,19,2,25,0,2,25,0,27,0,6,44,2,52,54,8,62,114
01/16/2015,ALN,IL,AGL,CE,Federal Contract Tower,0,6,21,4,31,0,2,38,0,40,0,8,59,4,71,53,0,53,124
01/17/2015,ALN,IL,AGL,CE,Federal Contract Tower,0,0,9,0,9,0,0,30,2,32,0,0,39,2,41,31,0,31,72
01/18/2015,ALN,IL,AGL,CE,Federal Contract Tower,0,0,11,0,11,0,2,44,0,46,0,2,55,0,57,80,0,80,137
01/19/2015,ALN,IL,AGL,CE,Federal Contract Tower,0,2,16,0,18,0,0,32,0,32,0,2,48,0,50,48,0,48,98
01/20/2015,ALN,IL,AGL,CE,Federal Contract Tower,0,2,8,1,11,0,5,12,0,17,0,7,20,1,28,46,0,46,74
01/21/2015,ALN,IL,AGL,CE,Federal Contract Tower,0,7,22,18,47,0,2,18,0,20,0,9,40,18,67,48,42,90,157
01/22/2015,ALN,IL,AGL,CE,Federal Contract Tower,0,4,8,3,15,0,0,2,0,2,0,4,10,3,17,6,6,12,29
01/23/2015,ALN,IL,AGL,CE,Federal Contract Tower,0,7,15,0,22,0,0,16,0,16,0,7,31,0,38,32,0,32,70
01/24/2015,ALN,IL,AGL,CE,Federal Contract Tower,0,5,20,0,25,0,0,88,0,88,0,5,108,0,113,50,0,50,163
01/25/2015,ALN,IL,AGL,CE,Federal Contract Tower,0,0,4,0,4,0,0,0,0,0,0,0,4,0,4,0,0,0,4
01/26/2015,ALN,IL,AGL,CE,Federal Contract Tower,0,0,15,0,15,0,0,8,0,8,0,0,23,0,23,22,0,22,45
01/27/2015,ALN,IL,AGL,CE,Federal Contract Tower,0,2,22,0,24,0,0,11,0,11,0,2,33,0,35,54,0,54,89
01/28/2015,ALN,IL,AGL,CE,Federal Contract Tower,0,7,18,0,25,0,0,27,0,27,0,7,45,0,52,22,0,22,74
01/29/2015,ALN,IL,AGL,CE,Federal Contract Tower,0,7,3,0,10,0,0,2,0,2,0,7,5,0,12,0,0,0,12
01/30/2015,ALN,IL,AGL,CE,Federal Contract Tower,0,3,12,4,19,0,0,25,0,25,0,3,37,4,44,28,4,32,76
01/31/2015,ALN,IL,AGL,CE,Federal Contract Tower,0,3,20,0,23,0,0,31,0,31,0,3,51,0,54,72,0,72,126
02/01/2015,ALN,IL,AGL,CE,Federal Contract Tower,0,0,7,0,7,0,0,0,0,0,0,0,7,0,7,0,0,0,7
02/02/2015,ALN,IL,AGL,CE,Federal Contract Tower,0,1,14,4,19,0,0,4,0,4,0,1,18,4,23,36,8,44,67
02/03/2015,ALN,IL,AGL,CE,Federal Contract Tower,0,3,19,0,22,0,0,23,0,23,0,3,42,0,45,26,0,26,71
02/04/2015,ALN,IL,AGL,CE,Federal Contract Tower,0,6,11,0,17,0,0,8,2,10,0,6,19,2,27,36,0,36,63
02/05/2015,ALN,IL,AGL,CE,Federal Contract Tower,0,11,8,0,19,0,1,11,4,16,0,12,19,4,35,52,0,52,87
02/06/2015,ALN,IL,AGL,CE,Federal Contract Tower,0,1,8,2,11,0,7,23,0,30,0,8,31,2,41,40,4,44,85
02/07/2015,ALN,IL,AGL,CE,Federal Contract Tower,0,0,18,0,18,0,0,41,0,41,0,0,59,0,59,48,0,48,107
02/08/2015,ALN,IL,AGL,CE,Federal Contract Tower,0,2,19,2,23,0,4,29,0,33,0,6,48,2,56,16,4,20,76
02/09/2015,ALN,IL,AGL,CE,Federal Contract Tower,0,1,19,4,24,0,0,0,0,0,0,1,19,4,24,0,4,4,28
02/10/2015,ALN,IL,AGL,CE,Federal Contract Tower,0,3,9,6,18,0,0,13,0,13,0,3,22,6,31,36,4,40,71
02/11/2015,ALN,IL,AGL,CE,Federal Contract Tower,0,14,13,4,31,0,0,14,0,14,0,14,27,4,45,30,8,38,83
02/12/2015,ALN,IL,AGL,CE,Federal Contract Tower,0,7,4,0,11,0,0,4,0,4,0,7,8,0,15,24,0,24,39
02/13/2015,ALN,IL,AGL,CE,Federal Contract Tower,0,3,10,0,13,0,0,14,0,14,0,3,24,0,27,28,0,28,55
02/14/2015,ALN,IL,AGL,CE,Federal Contract Tower,0,0,3,0,3,0,0,1,0,1,0,0,4,0,4,16,0,16,20
02/15/2015,ALN,IL,AGL,CE,Federal Contract Tower,0,0,10,0,10,0,0,3,0,3,0,0,13,0,13,16,0,16,29
02/16/2015,ALN,IL,AGL,CE,Federal Contract Tower,0,2,2,0,4,0,0,0,0,0,0,2,2,0,4,0,0,0,4
02/17/2015,ALN,IL,AGL,CE,Federal Contract Tower,0,6,7,0,13,0,0,5,0,5,0,6,12,0,18,0,0,0,18
02/18/2015,ALN,IL,AGL,CE,Federal Contract Tower,0,2,11,10,23,0,0,6,0,6,0,2,17,10,29,2,28,30,59
02/19/2015,ALN,IL,AGL,CE,Federal Contract Tower,0,23,5,0,28,0,3,7,0,10,0,26,12,0,38,18,0,18,56
02/20/2015,ALN,IL,AGL,CE,Federal Contract Tower,0,7,8,1,16,0,2,0,0,2,0,9,8,1,18,8,2,10,28
02/21/2015,ALN,IL,AGL,CE,Federal Contract Tower,0,0,7,0,7,0,0,4,0,4,0,0,11,0,11,22,0,22,33
02/22/2015,ALN,IL,AGL,CE,Federal Contract Tower,0,0,7,0,7,0,0,6,0,6,0,0,13,0,13,0,0,0,13
02/23/2015,ALN,IL,AGL,CE,Federal Contract Tower,0,7,12,0,19,0,2,9,0,11,0,9,21,0,30,42,0,42,72
02/24/2015,ALN,IL,AGL,CE,Federal Contract Tower,0,1,13,0,14,0,0,16,0,16,0,1,29,0,30,58,0,58,88
02/26/2015,ALN,IL,AGL,CE,Federal Contract Tower,0,5,5,0,10,0,0,1,0,1,0,5,6,0,11,0,0,0,11
02/27/2015,ALN,IL,AGL,CE,Federal Contract Tower,0,2,11,1,14,0,0,19,2,21,0,2,30,3,35,32,0,32,67
02/28/2015,ALN,IL,AGL,CE,Federal Contract Tower,0,1,16,0,17,0,0,14,0,14,0,1,30,0,31,20,0,20,51
03/01/2015,ALN,IL,AGL,CE,Federal Contract Tower,0,0,2,0,2,0,0,1,0,1,0,0,3,0,3,0,0,0,3
03/02/2015,ALN,IL,AGL,CE,Federal Contract Tower,0,8,12,0,20,0,2,8,0,10,0,10,20,0,30,44,0,44,74
03/03/2015,ALN,IL,AGL,CE,Federal Contract Tower,0,2,8,0,10,0,0,0,0,0,0,2,8,0,10,0,0,0,10
03/04/2015,ALN,IL,AGL,CE,Federal Contract Tower,0,12,5,0,17,0,0,1,0,1,0,12,6,0,18,12,0,12,30
03/05/2015,ALN,IL,AGL,CE,Federal Contract Tower,0,9,7,1,17,0,0,8,1,9,0,9,15,2,26,40,0,40,66
03/06/2015,ALN,IL,AGL,CE,Federal Contract Tower,0,5,12,0,17,0,0,5,0,5,0,5,17,0,22,4,0,4,26
03/07/2015,ALN,IL,AGL,CE,Federal Contract Tower,0,1,15,0,16,0,0,42,0,42,0,1,57,0,58,62,0,62,120
03/08/2015,ALN,IL,AGL,CE,Federal Contract Tower,0,8,6,0,14,0,0,40,0,40,0,8,46,0,54,93,0,93,147
03/09/2015,ALN,IL,AGL,CE,Federal Contract Tower,0,18,5,0,23,0,0,21,2,23,0,18,26,2,46,56,0,56,102
03/10/2015,ALN,IL,AGL,CE,Federal Contract Tower,0,18,6,0,24,0,1,3,0,4,0,19,9,0,28,20,0,20,48
03/11/2015,ALN,IL,AGL,CE,Federal Contract Tower,0,15,13,0,28,0,0,48,2,50,0,15,61,2,78,110,0,110,188
03/12/2015,ALN,IL,AGL,CE,Federal Contract Tower,0,3,7,0,10,0,2,20,0,22,0,5,27,0,32,74,0,74,106
03/13/2015,ALN,IL,AGL,CE,Federal Contract Tower,0,2,10,0,12,0,0,0,0,0,0,2,10,0,12,0,0,0,12
03/14/2015,ALN,IL,AGL,CE,Federal Contract Tower,0,1,19,0,20,0,0,15,2,17,0,1,34,2,37,46,0,46,83
03/15/2015,ALN,IL,AGL,CE,Federal Contract Tower,0,0,8,0,8,0,0,36,0,36,0,0,44,0,44,88,0,88,132
03/16/2015,ALN,IL,AGL,CE,Federal Contract Tower,0,1,20,0,21,0,0,12,0,12,0,1,32,0,33,32,0,32,65
03/17/2015,ALN,IL,AGL,CE,Federal Contract Tower,0,11,18,0,29,0,0,15,0,15,0,11,33,0,44,46,0,46,90
03/18/2015,ALN,IL,AGL,CE,Federal Contract Tower,0,15,11,0,26,0,2,9,0,11,0,17,20,0,37,62,0,62,99
03/19/2015,ALN,IL,AGL,CE,Federal Contract Tower,0,15,10,0,25,0,1,3,0,4,0,16,13,0,29,14,0,14,43
03/20/2015,ALN,IL,AGL,CE,Federal Contract Tower,0,3,10,2,15,0,0,3,0,3,0,3,13,2,18,6,4,10,28
03/21/2015,ALN,IL,AGL,CE,Federal Contract Tower,0,3,18,0,21,0,0,62,0,62,0,3,80,0,83,78,0,78,161
03/22/2015,ALN,IL,AGL,CE,Federal Contract Tower,0,0,9,0,9,0,0,36,0,36,0,0,45,0,45,84,0,84,129
03/23/2015,ALN,IL,AGL,CE,Federal Contract Tower,0,1,16,0,17,0,2,4,0,6,0,3,20,0,23,38,0,38,61
03/24/2015,ALN,IL,AGL,CE,Federal Contract Tower,0,5,2,0,7,0,0,0,0,0,0,5,2,0,7,0,0,0,7
03/25/2015,ALN,IL,AGL,CE,Federal Contract Tower,0,16,4,0,20,0,0,12,0,12,0,16,16,0,32,68,0,68,100
03/26/2015,ALN,IL,AGL,CE,Federal Contract Tower,0,4,4,0,8,0,0,10,0,10,0,4,14,0,18,32,0,32,50
03/27/2015,ALN,IL,AGL,CE,Federal Contract Tower,0,9,17,0,26,0,0,12,0,12,0,9,29,0,38,36,0,36,74
03/28/2015,ALN,IL,AGL,CE,Federal Contract Tower,0,3,17,0,20,0,4,35,5,44,0,7,52,5,64,46,4,50,114
03/29/2015,ALN,IL,AGL,CE,Federal Contract Tower,0,15,19,0,34,0,0,12,0,12,0,15,31,0,46,26,0,26,72
03/30/2015,ALN,IL,AGL,CE,Federal Contract Tower,0,4,9,1,14,0,7,32,1,40,0,11,41,2,54,56,0,56,110
03/31/2015,ALN,IL,AGL,CE,Federal Contract Tower,0,9,15,3,27,0,0,59,0,59,0,9,74,3,86,84,12,96,182
04/01/2015,ALN,IL,AGL,CE,Federal Contract Tower,0,3,10,0,13,0,2,27,0,29,0,5,37,0,42,50,0,50,92
04/02/2015,ALN,IL,AGL,CE,Federal Contract Tower,0,2,8,0,10,0,0,2,0,2,0,2,10,0,12,0,0,0,12
04/03/2015,ALN,IL,AGL,CE,Federal Contract Tower,0,1,11,4,16,0,0,2,2,4,0,1,13,6,20,4,14,18,38
04/04/2015,ALN,IL,AGL,CE,Federal Contract Tower,0,2,12,0,14,0,0,45,0,45,0,2,57,0,59,84,0,84,143
04/05/2015,ALN,IL,AGL,CE,Federal Contract Tower,0,2,8,0,10,0,2,13,0,15,0,4,21,0,25,22,0,22,47
04/06/2015,ALN,IL,AGL,CE,Federal Contract Tower,0,3,8,0,11,0,0,10,0,10,0,3,18,0,21,0,0,0,21
04/07/2015,ALN,IL,AGL,CE,Federal Contract Tower,0,9,10,0,19,0,0,8,0,8,0,9,18,0,27,26,0,26,53
04/08/2015,ALN,IL,AGL,CE,Federal Contract Tower,0,5,11,6,22,0,0,11,0,11,0,5,22,6,33,6,0,6,39
04/09/2015,ALN,IL,AGL,CE,Federal Contract Tower,0,2,4,0,6,0,0,9,0,9,0,2,13,0,15,11,0,11,26
04/10/2015,ALN,IL,AGL,CE,Federal Contract Tower,0,5,20,0,25,0,1,19,0,20,0,6,39,0,45,38,0,38,83
04/11/2015,ALN,IL,AGL,CE,Federal Contract Tower,0,1,17,3,21,0,3,62,0,65,0,4,79,3,86,66,0,66,152
04/12/2015,ALN,IL,AGL,CE,Federal Contract Tower,0,10,27,0,37,0,0,10,0,10,0,10,37,0,47,114,0,114,161
04/13/2015,ALN,IL,AGL,CE,Federal Contract Tower,0,3,17,0,20,0,0,22,0,22,0,3,39,0,42,42,0,42,84
04/14/2015,ALN,IL,AGL,CE,Federal Contract Tower,0,11,13,0,24,0,0,27,0,27,0,11,40,0,51,14,0,14,65
04/15/2015,ALN,IL,AGL,CE,Federal Contract Tower,0,8,11,0,19,0,0,32,0,32,0,8,43,0,51,52,0,52,103
04/16/2015,ALN,IL,AGL,CE,Federal Contract Tower,0,15,12,0,27,0,4,26,0,30,0,19,38,0,57,122,0,122,179
04/17/2015,ALN,IL,AGL,CE,Federal Contract Tower,0,3,13,0,16,0,5,25,0,30,0,8,38,0,46,34,0,34,80
04/18/2015,ALN,IL,AGL,CE,Federal Contract Tower,0,1,29,1,31,0,1,34,0,35,0,2,63,1,66,88,0,88,154
04/19/2015,ALN,IL,AGL,CE,Federal Contract Tower,0,14,0,0,14,0,0,1,0,1,0,14,1,0,15,12,0,12,27
04/20/2015,ALN,IL,AGL,CE,Federal Contract Tower,0,2,13,0,15,0,0,6,0,6,0,2,19,0,21,34,0,34,55
04/21/2015,ALN,IL,AGL,CE,Federal Contract Tower,0,5,7,9,21,0,0,21,0,21,0,5,28,9,42,28,0,28,70
04/22/2015,ALN,IL,AGL,CE,Federal Contract Tower,0,4,11,6,21,0,0,17,0,17,0,4,28,6,38,18,32,50,88
04/23/2015,ALN,IL,AGL,CE,Federal Contract Tower,0,11,15,1,27,0,2,36,0,38,0,13,51,1,65,76,4,80,145
04/24/2015,ALN,IL,AGL,CE,Federal Contract Tower,0,15,18,0,33,0,1,11,0,12,0,16,29,0,45,28,0,28,73
04/25/2015,ALN,IL,AGL,CE,Federal Contract Tower,0,0,5,0,5,0,0,0,0,0,0,0,5,0,5,6,0,6,11
04/26/2015,ALN,IL,AGL,CE,Federal Contract Tower,0,9,22,0,31,0,1,38,0,39,0,10,60,0,70,56,0,56,126
04/27/2015,ALN,IL,AGL,CE,Federal Contract Tower,0,4,16,0,20,0,0,23,0,23,0,4,39,0,43,32,0,32,75
04/28/2015,ALN,IL,AGL,CE,Federal Contract Tower,0,6,17,0,23,0,1,25,1,27,0,7,42,1,50,34,0,34,84
04/29/2015,ALN,IL,AGL,CE,Federal Contract Tower,0,8,17,0,25,0,0,36,0,36,0,8,53,0,61,38,0,38,99
04/30/2015,ALN,IL,AGL,CE,Federal Contract Tower,0,6,19,1,26,0,0,15,0,15,0,6,34,1,41,26,0,26,67
05/01/2015,ALN,IL,AGL,CE,Federal Contract Tower,0,3,26,0,29,0,2,32,0,34,0,5,58,0,63,46,0,46,109
05/02/2015,ALN,IL,AGL,CE,Federal Contract Tower,0,3,17,0,20,0,0,35,0,35,0,3,52,0,55,28,0,28,83
05/03/2015,ALN,IL,AGL,CE,Federal Contract Tower,0,9,5,0,14,0,1,31,0,32,0,10,36,0,46,26,0,26,72
05/04/2015,ALN,IL,AGL,CE,Federal Contract Tower,0,2,20,0,22,0,0,36,0,36,0,2,56,0,58,36,0,36,94
05/05/2015,ALN,IL,AGL,CE,Federal Contract Tower,0,3,21,0,24,0,0,19,0,19,0,3,40,0,43,50,0,50,93
05/06/2015,ALN,IL,AGL,CE,Federal Contract Tower,0,5,21,0,26,0,0,29,0,29,0,5,50,0,55,78,4,82,137
05/07/2015,ALN,IL,AGL,CE,Federal Contract Tower,0,6,11,0,17,0,2,8,0,10,0,8,19,0,27,12,0,12,39
05/08/2015,ALN,IL,AGL,CE,Federal Contract Tower,0,2,7,0,9,0,0,1,0,1,0,2,8,0,10,2,0,2,12
05/09/2015,ALN,IL,AGL,CE,Federal Contract Tower,0,14,6,0,20,0,14,1,0,15,0,28,7,0,35,0,0,0,35
05/10/2015,ALN,IL,AGL,CE,Federal Contract Tower,0,3,7,0,10,0,0,6,0,6,0,3,13,0,16,2,0,2,18
05/11/2015,ALN,IL,AGL,CE,Federal Contract Tower,0,3,24,4,31,0,0,12,1,13,0,3,36,5,44,46,12,58,102
05/12/2015,ALN,IL,AGL,CE,Federal Contract Tower,0,13,10,0,23,0,0,21,0,21,0,13,31,0,44,66,0,66,110
05/13/2015,ALN,IL,AGL,CE,Federal Contract Tower,0,12,21,0,33,0,3,47,0,50,0,15,68,0,83,82,0,82,165
05/14/2015,ALN,IL,AGL,CE,Federal Contract Tower,0,5,10,1,16,0,0,6,4,10,0,5,16,5,26,22,2,24,50
05/15/2015,ALN,IL,AGL,CE,Federal Contract Tower,0,1,6,0,7,0,0,13,0,13,0,1,19,0,20,22,0,22,42
05/16/2015,ALN,IL,AGL,CE,Federal Contract Tower,0,1,10,0,11,0,0,12,0,12,0,1,22,0,23,42,0,42,65
05/17/2015,ALN,IL,AGL,CE,Federal Contract Tower,0,0,4,0,4,0,0,7,0,7,0,0,11,0,11,16,0,16,27
05/18/2015,ALN,IL,AGL,CE,Federal Contract Tower,0,20,13,0,33,0,1,19,0,20,0,21,32,0,53,34,0,34,87
05/19/2015,ALN,IL,AGL,CE,Federal Contract Tower,0,17,16,3,36,0,0,38,0,38,0,17,54,3,74,128,4,132,206
05/20/2015,ALN,IL,AGL,CE,Federal Contract Tower,0,18,11,1,30,0,2,0,0,2,0,20,11,1,32,32,2,34,66
05/21/2015,ALN,IL,AGL,CE,Federal Contract Tower,0,3,9,0,12,0,1,9,0,10,0,4,18,0,22,46,0,46,68
05/22/2015,ALN,IL,AGL,CE,Federal Contract Tower,0,4,19,0,23,0,0,36,0,36,0,4,55,0,59,50,0,50,109
05/23/2015,ALN,IL,AGL,CE,Federal Contract Tower,0,0,19,0,19,0,0,53,0,53,0,0,72,0,72,87,0,87,159
05/24/2015,ALN,IL,AGL,CE,Federal Contract Tower,0,0,12,0,12,0,0,9,0,9,0,0,21,0,21,14,0,14,35
05/25/2015,ALN,IL,AGL,CE,Federal Contract Tower,0,0,5,0,5,0,0,13,0,13,0,0,18,0,18,56,0,56,74
05/26/2015,ALN,IL,AGL,CE,Federal Contract Tower,0,14,6,5,25,0,0,9,0,9,0,14,15,5,34,38,12,50,84
05/27/2015,ALN,IL,AGL,CE,Federal Contract Tower,0,9,16,0,25,0,1,20,0,21,0,10,36,0,46,34,0,34,80
05/28/2015,ALN,IL,AGL,CE,Federal Contract Tower,0,4,35,0,39,0,0,16,0,16,0,4,51,0,55,76,0,76,131
05/29/2015,ALN,IL,AGL,CE,Federal Contract Tower,0,9,17,6,32,0,0,10,1,11,0,9,27,7,43,14,22,36,79
05/30/2015,ALN,IL,AGL,CE,Federal Contract Tower,0,1,14,0,15,0,0,1,0,1,0,1,15,0,16,10,0,10,26
05/31/2015,ALN,IL,AGL,CE,Federal Contract Tower,0,8,12,0,20,0,0,14,0,14,0,8,26,0,34,22,0,22,56
06/01/2015,ALN,IL,AGL,CE,Federal Contract Tower,0,4,27,0,31,0,0,8,0,8,0,4,35,0,39,10,0,10,49
06/02/2015,ALN,IL,AGL,CE,Federal Contract Tower,0,32,13,0,45,0,2,33,1,36,0,34,46,1,81,77,0,77,158
06/03/2015,ALN,IL,AGL,CE,Federal Contract Tower,0,11,21,1,33,0,0,40,0,40,0,11,61,1,73,114,4,118,191
06/04/2015,ALN,IL,AGL,CE,Federal Contract Tower,0,3,15,0,18,0,0,9,0,9,0,3,24,0,27,30,0,30,57
06/05/2015,ALN,IL,AGL,CE,Federal Contract Tower,0,3,6,1,10,0,0,13,0,13,0,3,19,1,23,32,0,32,55
06/06/2015,ALN,IL,AGL,CE,Federal Contract Tower,0,11,17,0,28,0,0,47,4,51,0,11,64,4,79,112,0,112,191
06/07/2015,ALN,IL,AGL,CE,Federal Contract Tower,0,0,28,0,28,0,0,15,0,15,0,0,43,0,43,50,0,50,93
06/08/2015,ALN,IL,AGL,CE,Federal Contract Tower,0,8,14,0,22,0,0,11,0,11,0,8,25,0,33,30,0,30,63
06/09/2015,ALN,IL,AGL,CE,Federal Contract Tower,0,8,32,8,48,0,4,42,0,46,0,12,74,8,94,82,8,90,184
06/10/2015,ALN,IL,AGL,CE,Federal Contract Tower,0,7,16,0,23,0,2,47,0,49,0,9,63,0,72,72,0,72,144
06/11/2015,ALN,IL,AGL,CE,Federal Contract Tower,0,2,9,3,14,0,0,21,0,21,0,2,30,3,35,20,8,28,63
06/12/2015,ALN,IL,AGL,CE,Federal Contract Tower,0,9,16,8,33,0,0,9,0,9,0,9,25,8,42,44,42,86,128
06/13/2015,ALN,IL,AGL,CE,Federal Contract Tower,0,0,29,0,29,0,0,20,0,20,0,0,49,0,49,42,0,42,91
06/14/2015,ALN,IL,AGL,CE,Federal Contract Tower,0,0,15,0,15,0,0,4,0,4,0,0,19,0,19,0,0,0,19
06/15/2015,ALN,IL,AGL,CE,Federal Contract Tower,0,15,9,4,28,0,0,3,0,3,0,15,12,4,31,22,0,22,53
06/16/2015,ALN,IL,AGL,CE,Federal Contract Tower,0,19,11,2,32,0,0,2,0,2,0,19,13,2,34,46,0,46,80
06/18/2015,ALN,IL,AGL,CE,Federal Contract Tower,0,23,10,1,34,0,4,9,0,13,0,27,19,1,47,28,4,32,79
06/19/2015,ALN,IL,AGL,CE,Federal Contract Tower,0,4,3,0,7,0,0,0,0,0,0,4,3,0,7,0,0,0,7
06/20/2015,ALN,IL,AGL,CE,Federal Contract Tower,0,7,20,0,27,0,0,45,0,45,0,7,65,0,72,104,0,104,176
06/21/2015,ALN,IL,AGL,CE,Federal Contract Tower,0,1,6,0,7,0,0,6,0,6,0,1,12,0,13,8,0,8,21
06/22/2015,ALN,IL,AGL,CE,Federal Contract Tower,0,10,12,2,24,0,3,12,0,15,0,13,24,2,39,72,0,72,111
06/23/2015,ALN,IL,AGL,CE,Federal Contract Tower,0,10,8,0,18,0,0,23,0,23,0,10,31,0,41,54,0,54,95
06/24/2015,ALN,IL,AGL,CE,Federal Contract Tower,0,17,8,0,25,0,0,26,0,26,0,17,34,0,51,92,0,92,143
06/25/2015,ALN,IL,AGL,CE,Federal Contract Tower,0,10,13,1,24,0,1,15,0,16,0,11,28,1,40,30,4,34,74
06/26/2015,ALN,IL,AGL,CE,Federal Contract Tower,0,2,14,0,16,0,0,3,0,3,0,2,17,0,19,4,0,4,23
06/27/2015,ALN,IL,AGL,CE,Federal Contract Tower,0,30,15,0,45,0,2,34,0,36,0,32,49,0,81,58,0,58,139
06/28/2015,ALN,IL,AGL,CE,Federal Contract Tower,0,18,18,1,37,0,1,20,0,21,0,19,38,1,58,50,0,50,108
06/29/2015,ALN,IL,AGL,CE,Federal Contract Tower,0,2,8,0,10,0,0,19,0,19,0,2,27,0,29,14,0,14,43
06/30/2015,ALN,IL,AGL,CE,Federal Contract Tower,0,14,8,1,23,0,0,27,0,27,0,14,35,1,50,72,2,74,124
07/01/2015,ALN,IL,AGL,CE,Federal Contract Tower,0,14,4,0,18,0,1,8,0,9,0,15,12,0,27,26,0,26,53
07/02/2015,ALN,IL,AGL,CE,Federal Contract Tower,0,2,17,1,20,0,0,11,1,12,0,2,28,2,32,18,0,18,50
07/03/2015,ALN,IL,AGL,CE,Federal Contract Tower,0,1,17,1,19,0,0,29,0,29,0,1,46,1,48,52,0,52,100
07/04/2015,ALN,IL,AGL,CE,Federal Contract Tower,0,0,4,0,4,0,0,24,0,24,0,0,28,0,28,18,0,18,46
07/05/2015,ALN,IL,AGL,CE,Federal Contract Tower,5,4,0,0,9,0,0,37,0,37,5,4,37,0,46,56,0,56,102
07/06/2015,ALN,IL,AGL,CE,Federal Contract Tower,0,5,13,0,18,0,0,4,0,4,0,5,17,0,22,32,0,32,54
07/07/2015,ALN,IL,AGL,CE,Federal Contract Tower,0,4,8,0,12,0,0,1,0,1,0,4,9,0,13,4,0,4,17
07/08/2015,ALN,IL,AGL,CE,Federal Contract Tower,0,7,3,0,10,0,0,0,0,0,0,7,3,0,10,4,0,4,14
07/09/2015,ALN,IL,AGL,CE,Federal Contract Tower,0,0,15,0,15,0,0,16,0,16,0,0,31,0,31,62,0,62,93
07/10/2015,ALN,IL,AGL,CE,Federal Contract Tower,0,7,17,1,25,0,5,17,0,22,0,12,34,1,47,42,0,42,89
07/11/2015,ALN,IL,AGL,CE,Federal Contract Tower,0,3,15,3,21,0,0,37,7,44,0,3,52,10,65,66,4,70,135
07/12/2015,ALN,IL,AGL,CE,Federal Contract Tower,0,41,27,0,68,0,0,28,0,28,0,41,55,0,96,76,0,76,172
07/13/2015,ALN,IL,AGL,CE,Federal Contract Tower,0,7,18,0,25,0,2,11,0,13,0,9,29,0,38,22,0,22,60
07/14/2015,ALN,IL,AGL,CE,Federal Contract Tower,0,16,15,1,32,0,2,20,0,22,0,18,35,1,54,26,0,26,80
07/15/2015,ALN,IL,AGL,CE,Federal Contract Tower,0,14,16,0,30,0,3,48,0,51,0,17,64,0,81,52,0,52,133
07/16/2015,ALN,IL,AGL,CE,Federal Contract Tower,0,5,10,0,15,0,0,13,0,13,0,5,23,0,28,12,0,12,40
07/17/2015,ALN,IL,AGL,CE,Federal Contract Tower,0,1,22,1,24,0,0,28,0,28,0,1,50,1,52,90,0,90,142
07/18/2015,ALN,IL,AGL,CE,Federal Contract Tower,0,3,13,1,17,0,2,38,0,40,0,5,51,1,57,18,0,18,75
07/19/2015,ALN,IL,AGL,CE,Federal Contract Tower,0,4,8,0,12,0,0,7,0,7,0,4,15,0,19,28,0,28,47
07/20/2015,ALN,IL,AGL,CE,Federal Contract Tower,0,1,17,0,18,0,0,11,0,11,0,1,28,0,29,30,0,30,59
07/21/2015,ALN,IL,AGL,CE,Federal Contract Tower,0,2,23,0,25,0,0,39,0,39,0,2,62,0,64,72,0,72,136
07/22/2015,ALN,IL,AGL,CE,Federal Contract Tower,0,18,21,0,39,0,0,35,0,35,0,18,56,0,74,64,0,64,138
07/23/2015,ALN,IL,AGL,CE,Federal Contract Tower,0,4,19,1,24,0,1,10,0,11,0,5,29,1,35,16,4,20,55
07/24/2015,ALN,IL,AGL,CE,Federal Contract Tower,0,5,25,0,30,0,0,28,0,28,0,5,53,0,58,28,0,28,86
07/25/2015,ALN,IL,AGL,CE,Federal Contract Tower,0,6,9,0,15,0,0,14,0,14,0,6,23,0,29,20,0,20,49
07/26/2015,ALN,IL,AGL,CE,Federal Contract Tower,0,0,8,0,8,0,0,22,0,22,0,0,30,0,30,18,0,18,48
07/27/2015,ALN,IL,AGL,CE,Federal Contract Tower,0,2,20,0,22,0,0,7,0,7,0,2,27,0,29,28,0,28,57
07/28/2015,ALN,IL,AGL,CE,Federal Contract Tower,0,6,34,2,42,0,1,9,0,10,0,7,43,2,52,40,0,40,92
07/29/2015,ALN,IL,AGL,CE,Federal Contract Tower,0,13,20,0,33,0,3,23,0,26,0,16,43,0,59,34,0,34,93
07/30/2015,ALN,IL,AGL,CE,Federal Contract Tower,0,14,22,0,36,0,0,25,0,25,0,14,47,0,61,58,0,58,119
07/31/2015,ALN,IL,AGL,CE,Federal Contract Tower,20,13,0,0,33,0,0,32,0,32,20,13,32,0,65,86,0,86,151
08/01/2015,ALN,IL,AGL,CE,Federal Contract Tower,0,15,15,0,30,0,0,45,0,45,0,15,60,0,75,52,0,52,127
08/02/2015,ALN,IL,AGL,CE,Federal Contract Tower,0,0,11,1,12,0,0,40,0,40,0,0,51,1,52,52,0,52,104
08/03/2015,ALN,IL,AGL,CE,Federal Contract Tower,0,2,22,0,24,0,2,12,0,14,0,4,34,0,38,38,0,38,76
08/04/2015,ALN,IL,AGL,CE,Federal Contract Tower,0,4,8,3,15,0,0,32,0,32,0,4,40,3,47,28,0,28,75
08/05/2015,ALN,IL,AGL,CE,Federal Contract Tower,0,3,3,0,6,0,0,15,0,15,0,3,18,0,21,46,0,46,67
08/06/2015,ALN,IL,AGL,CE,Federal Contract Tower,0,1,23,0,24,0,0,5,0,5,0,1,28,0,29,32,0,32,61
08/07/2015,ALN,IL,AGL,CE,Federal Contract Tower,0,4,21,0,25,0,0,29,0,29,0,4,50,0,54,40,0,40,94
08/08/2015,ALN,IL,AGL,CE,Federal Contract Tower,0,16,25,0,41,0,0,26,0,26,0,16,51,0,67,22,0,22,89
08/09/2015,ALN,IL,AGL,CE,Federal Contract Tower,0,6,27,0,33,0,0,25,0,25,0,6,52,0,58,28,0,28,86
08/10/2015,ALN,IL,AGL,CE,Federal Contract Tower,0,0,18,4,22,0,0,7,0,7,0,0,25,4,29,22,0,22,51
08/11/2015,ALN,IL,AGL,CE,Federal Contract Tower,0,8,24,1,33,0,0,33,0,33,0,8,57,1,66,82,4,86,152
08/12/2015,ALN,IL,AGL,CE,Federal Contract Tower,0,12,25,0,37,0,1,33,0,34,0,13,58,0,71,76,2,78,149
08/13/2015,ALN,IL,AGL,CE,Federal Contract Tower,0,6,13,0,19,0,0,36,0,36,0,6,49,0,55,90,0,90,145
08/14/2015,ALN,IL,AGL,CE,Federal Contract Tower,0,5,37,2,44,0,0,36,0,36,0,5,73,2,80,64,0,64,144
08/15/2015,ALN,IL,AGL,CE,Federal Contract Tower,0,1,24,0,25,0,0,35,0,35,0,1,59,0,60,84,0,84,144
08/16/2015,ALN,IL,AGL,CE,Federal Contract Tower,0,2,13,0,15,0,0,34,0,34,0,2,47,0,49,48,0,48,97
08/17/2015,ALN,IL,AGL,CE,Federal Contract Tower,0,11,15,4,30,0,0,13,0,13,0,11,28,4,43,50,0,50,93
08/18/2015,ALN,IL,AGL,CE,Federal Contract Tower,0,3,8,0,11,0,0,7,0,7,0,3,15,0,18,30,0,30,48
08/19/2015,ALN,IL,AGL,CE,Federal Contract Tower,0,4,14,0,18,0,0,8,0,8,0,4,22,0,26,22,0,22,48
08/20/2015,ALN,IL,AGL,CE,Federal Contract Tower,0,3,19,0,22,0,0,43,0,43,0,3,62,0,65,58,0,58,123
08/21/2015,ALN,IL,AGL,CE,Federal Contract Tower,0,1,12,1,14,0,0,30,0,30,0,1,42,1,44,32,0,32,76
08/22/2015,ALN,IL,AGL,CE,Federal Contract Tower,0,6,4,1,11,0,2,9,0,11,0,8,13,1,22,14,6,20,42
08/23/2015,ALN,IL,AGL,CE,Federal Contract Tower,0,1,15,0,16,0,0,18,0,18,0,1,33,0,34,30,0,30,64
08/24/2015,ALN,IL,AGL,CE,Federal Contract Tower,0,4,31,14,49,0,0,20,0,20,0,4,51,14,69,64,32,96,165
08/25/2015,ALN,IL,AGL,CE,Federal Contract Tower,0,3,3,1,7,0,0,24,0,24,0,3,27,1,31,48,0,48,79
08/26/2015,ALN,IL,AGL,CE,Federal Contract Tower,0,0,17,1,18,0,0,36,0,36,0,0,53,1,54,84,0,84,138
08/27/2015,ALN,IL,AGL,CE,Federal Contract Tower,0,6,25,7,38,0,0,29,0,29,0,6,54,7,67,40,28,68,135
08/28/2015,ALN,IL,AGL,CE,Federal Contract Tower,0,4,30,3,37,0,0,30,0,30,0,4,60,3,67,50,0,50,117
08/29/2015,ALN,IL,AGL,CE,Federal Contract Tower,0,2,25,0,27,0,0,21,0,21,0,2,46,0,48,52,0,52,100
08/30/2015,ALN,IL,AGL,CE,Federal Contract Tower,0,0,26,0,26,0,0,31,0,31,0,0,57,0,57,62,0,62,119
08/31/2015,ALN,IL,AGL,CE,Federal Contract Tower,0,12,14,12,38,0,4,13,0,17,0,16,27,12,55,44,6,50,105
09/01/2015,ALN,IL,AGL,CE,Federal Contract Tower,0,19,4,0,23,0,0,20,0,20,0,19,24,0,43,64,0,64,107
09/02/2015,ALN,IL,AGL,CE,Federal Contract Tower,0,7,18,0,25,0,0,21,0,21,0,7,39,0,46,56,0,56,102
09/03/2015,ALN,IL,AGL,CE,Federal Contract Tower,0,20,15,0,35,0,1,16,0,17,0,21,31,0,52,60,0,60,112
09/04/2015,ALN,IL,AGL,CE,Federal Contract Tower,0,10,9,0,19,0,2,15,0,17,0,12,24,0,36,44,0,44,80
09/05/2015,ALN,IL,AGL,CE,Federal Contract Tower,0,2,8,0,10,0,0,29,0,29,0,2,37,0,39,32,0,32,71
09/06/2015,ALN,IL,AGL,CE,Federal Contract Tower,0,0,2,0,2,0,0,31,0,31,0,0,33,0,33,62,0,62,95
09/07/2015,ALN,IL,AGL,CE,Federal Contract Tower,0,0,6,0,6,0,0,22,0,22,0,0,28,0,28,35,0,35,63
09/08/2015,ALN,IL,AGL,CE,Federal Contract Tower,0,7,8,3,18,0,0,1,0,1,0,7,9,3,19,0,6,6,25
09/09/2015,ALN,IL,AGL,CE,Federal Contract Tower,0,4,5,0,9,0,0,15,0,15,0,4,20,0,24,20,0,20,44
09/10/2015,ALN,IL,AGL,CE,Federal Contract Tower,0,5,4,2,11,0,4,20,0,24,0,9,24,2,35,4,8,12,47
09/11/2015,ALN,IL,AGL,CE,Federal Contract Tower,0,3,12,0,15,0,0,4,0,4,0,3,16,0,19,18,0,18,37
09/12/2015,ALN,IL,AGL,CE,Federal Contract Tower,0,2,11,0,13,0,2,30,0,32,0,4,41,0,45,10,0,10,55
09/13/2015,ALN,IL,AGL,CE,Federal Contract Tower,0,3,16,0,19,0,2,44,0,46,0,5,60,0,65,30,0,30,95
09/14/2015,ALN,IL,AGL,CE,Federal Contract Tower,0,0,22,7,29,0,0,15,0,15,0,0,37,7,44,22,16,38,82
09/15/2015,ALN,IL,AGL,CE,Federal Contract Tower,0,5,18,0,23,0,1,19,0,20,0,6,37,0,43,34,0,34,77
09/16/2015,ALN,IL,AGL,CE,Federal Contract Tower,0,6,23,0,29,0,2,22,0,24,0,8,45,0,53,44,0,44,97
09/17/2015,ALN,IL,AGL,CE,Federal Contract Tower,0,4,16,0,20,0,0,11,0,11,0,4,27,0,31,64,0,64,95
09/18/2015,ALN,IL,AGL,CE,Federal Contract Tower,0,9,15,1,25,0,2,6,0,8,0,11,21,1,33,30,0,30,63
09/19/2015,ALN,IL,AGL,CE,Federal Contract Tower,0,19,11,0,30,0,13,39,0,52,0,32,50,0,82,30,0,30,112
09/20/2015,ALN,IL,AGL,CE,Federal Contract Tower,0,5,26,0,31,0,0,47,0,47,0,5,73,0,78,26,0,26,104
09/21/2015,ALN,IL,AGL,CE,Federal Contract Tower,0,3,18,2,23,0,0,18,1,19,0,3,36,3,42,54,0,54,96
09/22/2015,ALN,IL,AGL,CE,Federal Contract Tower,1,7,18,0,26,0,0,22,0,22,1,7,40,0,48,73,0,73,121
09/23/2015,ALN,IL,AGL,CE,Federal Contract Tower,0,2,14,4,20,0,3,28,0,31,0,5,42,4,51,74,4,78,129
09/24/2015,ALN,IL,AGL,CE,Federal Contract Tower,0,2,26,4,32,0,2,21,0,23,0,4,47,4,55,58,0,58,113
09/25/2015,ALN,IL,AGL,CE,Federal Contract Tower,0,2,15,1,18,0,2,26,0,28,0,4,41,1,46,58,0,58,104
09/26/2015,ALN,IL,AGL,CE,Federal Contract Tower,0,6,15,0,21,0,13,201,0,214,0,19,216,0,235,144,0,144,379
09/27/2015,ALN,IL,AGL,CE,Federal Contract Tower,0,5,13,0,18,0,0,299,0,299,0,5,312,0,317,24,0,24,341
09/28/2015,ALN,IL,AGL,CE,Federal Contract Tower,0,3,11,0,14,0,0,12,0,12,0,3,23,0,26,8,0,8,34
09/29/2015,ALN,IL,AGL,CE,Federal Contract Tower,0,2,10,0,12,0,0,4,0,4,0,2,14,0,16,20,0,20,36
09/30/2015,ALN,IL,AGL,CE,Federal Contract Tower,0,4,12,0,16,0,11,24,0,35,0,15,36,0,51,72,0,72,123
10/01/2015,ALN,IL,AGL,CE,Federal Contract Tower,0,4,15,0,19,0,2,13,0,15,0,6,28,0,34,32,0,32,66
10/02/2015,ALN,IL,AGL,CE,Federal Contract Tower,0,4,19,0,23,0,10,12,0,22,0,14,31,0,45,24,0,24,69
10/03/2015,ALN,IL,AGL,CE,Federal Contract Tower,0,11,18,0,29,0,1,9,0,10,0,12,27,0,39,12,8,20,59
10/04/2015,ALN,IL,AGL,CE,Federal Contract Tower,0,0,7,0,7,0,0,11,0,11,0,0,18,0,18,12,0,12,30
10/05/2015,ALN,IL,AGL,CE,Federal Contract Tower,0,12,10,4,26,0,0,19,1,20,0,12,29,5,46,24,6,30,76
10/06/2015,ALN,IL,AGL,CE,Federal Contract Tower,0,19,6,0,25,0,0,28,0,28,0,19,34,0,53,38,0,38,91
10/07/2015,ALN,IL,AGL,CE,Federal Contract Tower,0,10,10,0,20,0,4,47,0,51,0,14,57,0,71,112,0,112,183
10/08/2015,ALN,IL,AGL,CE,Federal Contract Tower,0,17,19,0,36,0,5,23,0,28,0,22,42,0,64,50,0,50,114
10/09/2015,ALN,IL,AGL,CE,Federal Contract Tower,0,5,18,5,28,0,0,11,0,11,0,5,29,5,39,48,4,52,91
10/10/2015,ALN,IL,AGL,CE,Federal Contract Tower,0,2,13,0,15,0,0,38,0,38,0,2,51,0,53,20,0,20,73
10/11/2015,ALN,IL,AGL,CE,Federal Contract Tower,0,2,22,0,24,0,0,44,0,44,0,2,66,0,68,94,0,94,162
10/12/2015,ALN,IL,AGL,CE,Federal Contract Tower,0,3,22,0,25,0,2,10,0,12,0,5,32,0,37,38,0,38,75
10/13/2015,ALN,IL,AGL,CE,Federal Contract Tower,0,14,9,2,25,0,3,26,0,29,0,17,35,2,54,64,4,68,122
10/14/2015,ALN,IL,AGL,CE,Federal Contract Tower,0,7,12,0,19,0,0,28,0,28,0,7,40,0,47,122,0,122,169
10/15/2015,ALN,IL,AGL,CE,Federal Contract Tower,0,19,17,0,36,0,0,20,0,20,0,19,37,0,56,36,0,36,92
10/16/2015,ALN,IL,AGL,CE,Federal Contract Tower,0,9,16,0,25,0,0,30,0,30,0,9,46,0,55,76,0,76,131
10/17/2015,ALN,IL,AGL,CE,Federal Contract Tower,0,0,23,0,23,0,0,57,0,57,0,0,80,0,80,78,0,78,158
10/18/2015,ALN,IL,AGL,CE,Federal Contract Tower,0,4,9,0,13,0,2,32,0,34,0,6,41,0,47,22,0,22,69
10/19/2015,ALN,IL,AGL,CE,Federal Contract Tower,0,7,25,2,34,0,1,8,0,9,0,8,33,2,43,16,2,18,61
10/20/2015,ALN,IL,AGL,CE,Federal Contract Tower,0,4,13,0,17,0,1,28,0,29,0,5,41,0,46,46,0,46,92
10/21/2015,ALN,IL,AGL,CE,Federal Contract Tower,0,8,18,1,27,0,4,28,0,32,0,12,46,1,59,64,0,64,123
10/22/2015,ALN,IL,AGL,CE,Federal Contract Tower,0,3,23,5,31,0,0,47,1,48,0,3,70,6,79,164,8,172,251
10/23/2015,ALN,IL,AGL,CE,Federal Contract Tower,0,0,13,0,13,0,0,11,0,11,0,0,24,0,24,36,0,36,60
10/24/2015,ALN,IL,AGL,CE,Federal Contract Tower,0,2,8,0,10,0,0,20,0,20,0,2,28,0,30,60,0,60,90
10/25/2015,ALN,IL,AGL,CE,Federal Contract Tower,0,3,11,0,14,0,4,39,1,44,0,7,50,1,58,6,0,6,64
10/26/2015,ALN,IL,AGL,CE,Federal Contract Tower,0,14,24,0,38,0,0,20,0,20,0,14,44,0,58,32,0,32,90
10/28/2015,ALN,IL,AGL,CE,Federal Contract Tower,0,6,13,0,19,0,0,5,0,5,0,6,18,0,24,8,0,8,32
10/29/2015,ALN,IL,AGL,CE,Federal Contract Tower,0,3,21,0,24,0,0,5,0,5,0,3,26,0,29,32,0,32,61
10/30/2015,ALN,IL,AGL,CE,Federal Contract Tower,0,3,15,0,18,0,2,25,0,27,0,5,40,0,45,100,0,100,145
10/31/2015,ALN,IL,AGL,CE,Federal Contract Tower,0,0,4,0,4,0,0,3,0,3,0,0,7,0,7,0,0,0,7
11/01/2015,ALN,IL,AGL,CE,Federal Contract Tower,0,0,9,0,9,0,0,63,0,63,0,0,72,0,72,224,0,224,296
11/02/2015,ALN,IL,AGL,CE,Federal Contract Tower,0,3,13,0,16,0,0,11,0,11,0,3,24,0,27,28,0,28,55
11/03/2015,ALN,IL,AGL,CE,Federal Contract Tower,0,7,19,0,26,0,0,0,0,0,0,7,19,0,26,0,0,0,26
11/04/2015,ALN,IL,AGL,CE,Federal Contract Tower,0,10,10,0,20,0,1,6,0,7,0,11,16,0,27,64,0,64,91
11/05/2015,ALN,IL,AGL,CE,Federal Contract Tower,0,10,9,0,19,0,0,9,0,9,0,10,18,0,28,0,0,0,28
11/06/2015,ALN,IL,AGL,CE,Federal Contract Tower,0,8,33,0,41,0,0,44,0,44,0,8,77,0,85,58,0,58,143
11/07/2015,ALN,IL,AGL,CE,Federal Contract Tower,0,0,19,0,19,0,0,45,2,47,0,0,64,2,66,14,0,14,80
11/08/2015,ALN,IL,AGL,CE,Federal Contract Tower,0,0,10,0,10,0,0,39,0,39,0,0,49,0,49,60,0,60,109
11/09/2015,ALN,IL,AGL,CE,Federal Contract Tower,0,1,25,0,26,0,2,23,0,25,0,3,48,0,51,54,0,54,105
11/10/2015,ALN,IL,AGL,CE,Federal Contract Tower,0,20,14,0,34,0,0,34,0,34,0,20,48,0,68,100,0,100,168
11/11/2015,ALN,IL,AGL,CE,Federal Contract Tower,0,8,10,0,18,0,0,9,0,9,0,8,19,0,27,10,0,10,37
11/12/2015,ALN,IL,AGL,CE,Federal Contract Tower,0,6,11,0,17,0,0,5,0,5,0,6,16,0,22,8,0,8,30
11/13/2015,ALN,IL,AGL,CE,Federal Contract Tower,0,2,18,0,20,0,0,12,0,12,0,2,30,0,32,26,0,26,58
11/14/2015,ALN,IL,AGL,CE,Federal Contract Tower,0,0,4,0,4,0,1,52,3,56,0,1,56,3,60,60,0,60,120
11/15/2015,ALN,IL,AGL,CE,Federal Contract Tower,0,0,12,0,12,0,0,24,0,24,0,0,36,0,36,60,0,60,96
11/16/2015,ALN,IL,AGL,CE,Federal Contract Tower,0,4,17,0,21,0,0,0,0,0,0,4,17,0,21,4,0,4,25
11/17/2015,ALN,IL,AGL,CE,Federal Contract Tower,0,1,7,0,8,0,0,0,0,0,0,1,7,0,8,6,0,6,14
11/18/2015,ALN,IL,AGL,CE,Federal Contract Tower,0,2,13,0,15,0,1,1,0,2,0,3,14,0,17,8,0,8,25
11/19/2015,ALN,IL,AGL,CE,Federal Contract Tower,0,7,16,0,23,0,2,11,0,13,0,9,27,0,36,34,0,34,70
11/20/2015,ALN,IL,AGL,CE,Federal Contract Tower,0,4,16,4,24,0,3,35,0,38,0,7,51,4,62,52,18,70,132
11/21/2015,ALN,IL,AGL,CE,Federal Contract Tower,0,26,2,0,28,0,9,2,0,11,0,35,4,0,39,0,0,0,39
11/22/2015,ALN,IL,AGL,CE,Federal Contract Tower,0,0,34,1,35,0,0,32,0,32,0,0,66,1,67,106,0,106,173
11/23/2015,ALN,IL,AGL,CE,Federal Contract Tower,0,3,26,0,29,0,0,22,0,22,0,3,48,0,51,44,0,44,95
11/24/2015,ALN,IL,AGL,CE,Federal Contract Tower,0,11,11,8,30,0,0,20,0,20,0,11,31,8,50,42,24,66,116
11/25/2015,ALN,IL,AGL,CE,Federal Contract Tower,0,6,11,0,17,0,0,11,0,11,0,6,22,0,28,26,0,26,54
11/26/2015,ALN,IL,AGL,CE,Federal Contract Tower,0,1,2,0,3,0,0,2,0,2,0,1,4,0,5,0,0,0,5
11/27/2015,ALN,IL,AGL,CE,Federal Contract Tower,0,1,2,0,3,0,0,0,0,0,0,1,2,0,3,0,0,0,3
11/28/2015,ALN,IL,AGL,CE,Federal Contract Tower,0,2,5,0,7,0,0,0,0,0,0,2,5,0,7,6,0,6,13
11/29/2015,ALN,IL,AGL,CE,Federal Contract Tower,0,8,2,0,10,0,0,4,0,4,0,8,6,0,14,16,0,16,30
11/30/2015,ALN,IL,AGL,CE,Federal Contract Tower,0,6,11,0,17,0,0,0,0,0,0,6,11,0,17,0,0,0,17
12/01/2015,ALN,IL,AGL,CE,Federal Contract Tower,0,17,29,0,46,0,0,15,0,15,0,17,44,0,61,60,0,60,121
12/02/2015,ALN,IL,AGL,CE,Federal Contract Tower,0,6,14,0,20,0,0,6,0,6,0,6,20,0,26,22,0,22,48
12/03/2015,ALN,IL,AGL,CE,Federal Contract Tower,0,11,13,0,24,0,0,17,0,17,0,11,30,0,41,42,0,42,83
12/04/2015,ALN,IL,AGL,CE,Federal Contract Tower,0,5,14,1,20,0,0,23,0,23,0,5,37,1,43,36,4,40,83
12/05/2015,ALN,IL,AGL,CE,Federal Contract Tower,0,14,15,0,29,0,0,37,0,37,0,14,52,0,66,58,0,58,124
12/06/2015,ALN,IL,AGL,CE,Federal Contract Tower,0,1,8,0,9,0,0,13,0,13,0,1,21,0,22,14,0,14,36
12/07/2015,ALN,IL,AGL,CE,Federal Contract Tower,0,6,18,0,24,0,2,0,0,2,0,8,18,0,26,10,0,10,36
12/08/2015,ALN,IL,AGL,CE,Federal Contract Tower,0,5,21,0,26,0,0,25,0,25,0,5,46,0,51,58,0,58,109
12/09/2015,ALN,IL,AGL,CE,Federal Contract Tower,0,4,15,1,20,0,0,20,0,20,0,4,35,1,40,82,2,84,124
12/10/2015,ALN,IL,AGL,CE,Federal Contract Tower,0,2,13,0,15,0,3,6,0,9,0,5,19,0,24,32,0,32,56
12/11/2015,ALN,IL,AGL,CE,Federal Contract Tower,0,2,0,0,2,0,2,2,0,4,0,4,2,0,6,2,0,2,8
12/12/2015,ALN,IL,AGL,CE,Federal Contract Tower,0,5,15,0,20,0,0,24,0,24,0,5,39,0,44,56,0,56,100
12/13/2015,ALN,IL,AGL,CE,Federal Contract Tower,0,1,5,0,6,0,0,1,0,1,0,1,6,0,7,0,0,0,7
12/14/2015,ALN,IL,AGL,CE,Federal Contract Tower,0,27,14,2,43,0,0,2,0,2,0,27,16,2,45,30,2,32,77
12/15/2015,ALN,IL,AGL,CE,Federal Contract Tower,0,36,10,0,46,0,0,4,0,4,0,36,14,0,50,44,0,44,94
12/16/2015,ALN,IL,AGL,CE,Federal Contract Tower,0,14,5,0,19,0,0,18,0,18,0,14,23,0,37,46,0,46,83
12/17/2015,ALN,IL,AGL,CE,Federal Contract Tower,0,16,18,0,34,0,0,6,0,6,0,16,24,0,40,34,0,34,74
12/18/2015,ALN,IL,AGL,CE,Federal Contract Tower,0,3,11,0,14,0,0,10,0,10,0,3,21,0,24,24,0,24,48
12/19/2015,ALN,IL,AGL,CE,Federal Contract Tower,0,2,16,0,18,0,0,62,0,62,0,2,78,0,80,130,0,130,210
12/20/2015,ALN,IL,AGL,CE,Federal Contract Tower,0,3,13,0,16,0,0,19,0,19,0,3,32,0,35,52,0,52,87
12/21/2015,ALN,IL,AGL,CE,Federal Contract Tower,0,6,11,0,17,0,0,4,0,4,0,6,15,0,21,24,0,24,45
12/22/2015,ALN,IL,AGL,CE,Federal Contract Tower,0,10,21,0,31,0,0,8,0,8,0,10,29,0,39,34,0,34,73
12/23/2015,ALN,IL,AGL,CE,Federal Contract Tower,0,1,7,0,8,0,0,2,0,2,0,1,9,0,10,0,0,0,10
12/24/2015,ALN,IL,AGL,CE,Federal Contract Tower,0,1,3,0,4,0,0,23,0,23,0,1,26,0,27,30,0,30,57
12/25/2015,ALN,IL,AGL,CE,Federal Contract Tower,0,0,3,0,3,0,0,7,0,7,0,0,10,0,10,12,0,12,22
12/26/2015,ALN,IL,AGL,CE,Federal Contract Tower,0,0,0,0,0,0,0,0,0,0,0,0,0,0,0,0,0,0,0
12/27/2015,ALN,IL,AGL,CE,Federal Contract Tower,0,18,0,0,18,0,0,0,0,0,0,18,0,0,18,22,0,22,40
12/28/2015,ALN,IL,AGL,CE,Federal Contract Tower,0,0,7,0,7,0,0,0,0,0,0,0,7,0,7,8,0,8,15
12/29/2015,ALN,IL,AGL,CE,Federal Contract Tower,0,5,17,0,22,0,4,28,0,32,0,9,45,0,54,10,0,10,64
12/30/2015,ALN,IL,AGL,CE,Federal Contract Tower,0,2,2,0,4,0,3,15,0,18,0,5,17,0,22,26,0,26,48
12/31/2015,ALN,IL,AGL,CE,Federal Contract Tower,0,1,8,0,9,0,1,31,0,32,0,2,39,0,41,22,0,22,63
01/01/2016,ALN,IL,AGL,CE,Federal Contract Tower,0,4,4,0,8,0,0,30,0,30,0,4,34,0,38,26,0,26,64
01/02/2016,ALN,IL,AGL,CE,Federal Contract Tower,0,0,8,0,8,0,2,74,0,76,0,2,82,0,84,24,0,24,108
01/03/2016,ALN,IL,AGL,CE,Federal Contract Tower,0,0,5,0,5,0,4,27,0,31,0,4,32,0,36,30,0,30,66
01/04/2016,ALN,IL,AGL,CE,Federal Contract Tower,0,7,12,2,21,0,0,3,0,3,0,7,15,2,24,2,0,2,26
01/05/2016,ALN,IL,AGL,CE,Federal Contract Tower,0,12,17,0,29,0,0,32,0,32,0,12,49,0,61,62,0,62,123
01/06/2016,ALN,IL,AGL,CE,Federal Contract Tower,0,4,26,0,30,0,0,22,0,22,0,4,48,0,52,88,0,88,140
01/07/2016,ALN,IL,AGL,CE,Federal Contract Tower,0,9,15,0,24,0,8,6,0,14,0,17,21,0,38,22,0,22,60
01/08/2016,ALN,IL,AGL,CE,Federal Contract Tower,0,3,5,0,8,0,0,4,0,4,0,3,9,0,12,6,0,6,18
01/09/2016,ALN,IL,AGL,CE,Federal Contract Tower,0,0,7,0,7,0,0,0,0,0,0,0,7,0,7,6,0,6,13
01/10/2016,ALN,IL,AGL,CE,Federal Contract Tower,0,2,3,0,5,0,0,7,0,7,0,2,10,0,12,2,0,2,14
01/11/2016,ALN,IL,AGL,CE,Federal Contract Tower,0,8,12,21,41,0,0,13,0,13,0,8,25,21,54,44,62,106,160
01/12/2016,ALN,IL,AGL,CE,Federal Contract Tower,0,6,26,3,35,0,0,7,0,7,0,6,33,3,42,32,2,34,76
01/13/2016,ALN,IL,AGL,CE,Federal Contract Tower,0,13,17,0,30,0,3,17,0,20,0,16,34,0,50,86,0,86,136
01/14/2016,ALN,IL,AGL,CE,Federal Contract Tower,0,5,19,0,24,0,0,34,0,34,0,5,53,0,58,40,0,40,98
01/15/2016,ALN,IL,AGL,CE,Federal Contract Tower,0,0,11,0,11,0,0,2,0,2,0,0,13,0,13,12,0,12,25
01/16/2016,ALN,IL,AGL,CE,Federal Contract Tower,0,1,14,2,17,0,8,18,0,26,0,9,32,2,43,54,0,54,97
01/17/2016,ALN,IL,AGL,CE,Federal Contract Tower,0,18,3,0,21,0,0,5,0,5,0,18,8,0,26,22,0,22,48
01/18/2016,ALN,IL,AGL,CE,Federal Contract Tower,0,9,19,0,28,0,2,8,0,10,0,11,27,0,38,68,0,68,106
01/19/2016,ALN,IL,AGL,CE,Federal Contract Tower,0,21,17,1,39,0,0,9,0,9,0,21,26,1,48,54,2,56,104
01/20/2016,ALN,IL,AGL,CE,Federal Contract Tower,0,2,2,0,4,0,0,5,0,5,0,2,7,0,9,12,0,12,21
01/21/2016,ALN,IL,AGL,CE,Federal Contract Tower,0,1,9,0,10,0,0,3,0,3,0,1,12,0,13,26,0,26,39
01/22/2016,ALN,IL,AGL,CE,Federal Contract Tower,0,6,10,0,16,0,4,7,0,11,0,10,17,0,27,12,0,12,39
01/23/2016,ALN,IL,AGL,CE,Federal Contract Tower,0,1,14,0,15,0,1,51,4,56,0,2,65,4,71,64,0,64,135
01/24/2016,ALN,IL,AGL,CE,Federal Contract Tower,0,1,17,0,18,0,0,43,0,43,0,1,60,0,61,84,0,84,145
01/25/2016,ALN,IL,AGL,CE,Federal Contract Tower,0,13,8,0,21,0,2,9,0,11,0,15,17,0,32,48,0,48,80
01/26/2016,ALN,IL,AGL,CE,Federal Contract Tower,0,10,1,0,11,0,4,0,0,4,0,14,1,0,15,36,0,36,51
01/27/2016,ALN,IL,AGL,CE,Federal Contract Tower,0,19,13,0,32,0,0,26,0,26,0,19,39,0,58,78,0,78,136
01/28/2016,ALN,IL,AGL,CE,Federal Contract Tower,0,1,19,0,20,0,0,22,0,22,0,1,41,0,42,46,0,46,88
01/29/2016,ALN,IL,AGL,CE,Federal Contract Tower,0,2,29,0,31,0,1,25,0,26,0,3,54,0,57,62,0,62,119
01/30/2016,ALN,IL,AGL,CE,Federal Contract Tower,0,8,11,0,19,0,0,67,0,67,0,8,78,0,86,106,0,106,192
01/31/2016,ALN,IL,AGL,CE,Federal Contract Tower,0,0,2,0,2,0,0,6,0,6,0,0,8,0,8,0,0,0,8
02/01/2016,ALN,IL,AGL,CE,Federal Contract Tower,0,7,24,0,31,0,1,20,0,21,0,8,44,0,52,58,0,58,110
02/02/2016,ALN,IL,AGL,CE,Federal Contract Tower,0,4,1,0,5,0,0,0,0,0,0,4,1,0,5,0,0,0,5
02/03/2016,ALN,IL,AGL,CE,Federal Contract Tower,0,5,9,2,16,0,0,1,0,1,0,5,10,2,17,22,4,26,43
02/04/2016,ALN,IL,AGL,CE,Federal Contract Tower,0,4,7,0,11,0,6,27,0,33,0,10,34,0,44,56,0,56,100
02/05/2016,ALN,IL,AGL,CE,Federal Contract Tower,0,5,8,0,13,0,6,26,0,32,0,11,34,0,45,30,0,30,75
02/06/2016,ALN,IL,AGL,CE,Federal Contract Tower,0,2,15,0,17,0,2,45,0,47,0,4,60,0,64,74,0,74,138
02/07/2016,ALN,IL,AGL,CE,Federal Contract Tower,0,8,5,0,13,0,0,8,0,8,0,8,13,0,21,56,0,56,77
02/08/2016,ALN,IL,AGL,CE,Federal Contract Tower,0,2,6,0,8,0,0,0,0,0,0,2,6,0,8,0,0,0,8
02/09/2016,ALN,IL,AGL,CE,Federal Contract Tower,0,7,8,0,15,0,0,2,0,2,0,7,10,0,17,14,0,14,31
02/10/2016,ALN,IL,AGL,CE,Federal Contract Tower,0,2,3,2,7,0,0,7,0,7,0,2,10,2,14,34,2,36,50
02/11/2016,ALN,IL,AGL,CE,Federal Contract Tower,0,4,23,0,27,0,7,20,0,27,0,11,43,0,54,74,0,74,128
02/12/2016,ALN,IL,AGL,CE,Federal Contract Tower,0,4,12,0,16,0,0,3,0,3,0,4,15,0,19,30,0,30,49
02/13/2016,ALN,IL,AGL,CE,Federal Contract Tower,0,1,9,0,10,0,2,21,0,23,0,3,30,0,33,52,0,52,85
02/14/2016,ALN,IL,AGL,CE,Federal Contract Tower,0,12,4,0,16,0,0,0,0,0,0,12,4,0,16,12,0,12,28
02/15/2016,ALN,IL,AGL,CE,Federal Contract Tower,0,5,18,0,23,0,0,6,0,6,0,5,24,0,29,54,0,54,83
02/16/2016,ALN,IL,AGL,CE,Federal Contract Tower,0,9,4,0,13,0,0,0,0,0,0,9,4,0,13,2,0,2,15
02/17/2016,ALN,IL,AGL,CE,Federal Contract Tower,0,3,37,1,41,0,1,30,0,31,0,4,67,1,72,148,0,148,220
02/18/2016,ALN,IL,AGL,CE,Federal Contract Tower,0,10,20,0,30,0,1,10,0,11,0,11,30,0,41,44,4,48,89
02/19/2016,ALN,IL,AGL,CE,Federal Contract Tower,0,6,11,0,17,0,0,12,0,12,0,6,23,0,29,46,2,48,77
02/20/2016,ALN,IL,AGL,CE,Federal Contract Tower,0,8,33,0,41,0,3,77,0,80,0,11,110,0,121,88,0,88,209
02/21/2016,ALN,IL,AGL,CE,Federal Contract Tower,0,3,19,0,22,0,0,25,0,25,0,3,44,0,47,72,0,72,119
02/22/2016,ALN,IL,AGL,CE,Federal Contract Tower,0,16,9,2,27,0,2,12,0,14,0,18,21,2,41,82,4,86,127
02/23/2016,ALN,IL,AGL,CE,Federal Contract Tower,0,11,23,12,46,0,3,17,0,20,0,14,40,12,66,118,22,140,206
02/24/2016,ALN,IL,AGL,CE,Federal Contract Tower,0,2,1,0,3,0,3,0,0,3,0,5,1,0,6,0,0,0,6
02/25/2016,ALN,IL,AGL,CE,Federal Contract Tower,0,4,15,0,19,0,0,1,0,1,0,4,16,0,20,14,0,14,34
02/26/2016,ALN,IL,AGL,CE,Federal Contract Tower,0,3,19,2,24,0,0,19,0,19,0,3,38,2,43,58,2,60,103
02/27/2016,ALN,IL,AGL,CE,Federal Contract Tower,0,11,22,1,34,0,2,83,0,85,0,13,105,1,119,154,0,154,273
02/28/2016,ALN,IL,AGL,CE,Federal Contract Tower,0,21,4,0,25,0,12,5,0,17,0,33,9,0,42,20,0,20,62
02/29/2016,ALN,IL,AGL,CE,Federal Contract Tower,0,12,14,0,26,0,3,24,0,27,0,15,38,0,53,80,0,80,133
03/01/2016,ALN,IL,AGL,CE,Federal Contract Tower,0,7,4,0,11,0,0,2,0,2,0,7,6,0,13,8,0,8,21
03/02/2016,ALN,IL,AGL,CE,Federal Contract Tower,0,8,4,0,12,0,2,40,0,42,0,10,44,0,54,70,0,70,124
03/03/2016,ALN,IL,AGL,CE,Federal Contract Tower,0,13,5,0,18,0,0,1,0,1,0,13,6,0,19,10,0,10,29
03/04/2016,ALN,IL,AGL,CE,Federal Contract Tower,0,6,12,0,18,0,0,10,0,10,0,6,22,0,28,30,0,30,58
03/05/2016,ALN,IL,AGL,CE,Federal Contract Tower,0,13,16,0,29,0,1,40,0,41,0,14,56,0,70,92,0,92,162
03/06/2016,ALN,IL,AGL,CE,Federal Contract Tower,0,0,11,0,11,0,0,29,0,29,0,0,40,0,40,168,0,168,208
03/07/2016,ALN,IL,AGL,CE,Federal Contract Tower,0,4,7,0,11,0,0,3,0,3,0,4,10,0,14,6,0,6,20
03/08/2016,ALN,IL,AGL,CE,Federal Contract Tower,0,3,7,0,10,0,0,3,0,3,0,3,10,0,13,20,0,20,33
03/09/2016,ALN,IL,AGL,CE,Federal Contract Tower,0,8,10,0,18,0,0,1,0,1,0,8,11,0,19,12,0,12,31
03/10/2016,ALN,IL,AGL,CE,Federal Contract Tower,0,6,7,0,13,0,1,8,0,9,0,7,15,0,22,34,0,34,56
03/11/2016,ALN,IL,AGL,CE,Federal Contract Tower,0,5,19,0,24,0,0,45,0,45,0,5,64,0,69,132,0,132,201
03/12/2016,ALN,IL,AGL,CE,Federal Contract Tower,0,10,10,0,20,0,0,2,0,2,0,10,12,0,22,8,0,8,30
03/13/2016,ALN,IL,AGL,CE,Federal Contract Tower,0,12,9,0,21,0,0,4,0,4,0,12,13,0,25,32,0,32,57
03/14/2016,ALN,IL,AGL,CE,Federal Contract Tower,0,7,21,0,28,0,2,19,0,21,0,9,40,0,49,68,0,68,117
03/15/2016,ALN,IL,AGL,CE,Federal Contract Tower,0,8,5,2,15,0,0,24,0,24,0,8,29,2,39,58,6,64,103
03/16/2016,ALN,IL,AGL,CE,Federal Contract Tower,0,7,10,0,17,0,0,9,0,9,0,7,19,0,26,20,0,20,46
03/17/2016,ALN,IL,AGL,CE,Federal Contract Tower,0,6,11,0,17,0,0,26,0,26,0,6,37,0,43,36,0,36,79
03/18/2016,ALN,IL,AGL,CE,Federal Contract Tower,0,7,32,0,39,0,1,20,0,21,0,8,52,0,60,54,0,54,114
03/19/2016,ALN,IL,AGL,CE,Federal Contract Tower,0,2,27,0,29,0,3,42,1,46,0,5,69,1,75,88,2,90,165
03/20/2016,ALN,IL,AGL,CE,Federal Contract Tower,0,6,12,0,18,0,0,5,0,5,0,6,17,0,23,6,0,6,29
03/21/2016,ALN,IL,AGL,CE,Federal Contract Tower,0,11,19,0,30,0,0,21,0,21,0,11,40,0,51,58,0,58,109
03/22/2016,ALN,IL,AGL,CE,Federal Contract Tower,0,7,11,0,18,0,0,8,0,8,0,7,19,0,26,8,0,8,34
03/23/2016,ALN,IL,AGL,CE,Federal Contract Tower,0,14,24,0,38,0,0,5,0,5,0,14,29,0,43,68,0,68,111
03/24/2016,ALN,IL,AGL,CE,Federal Contract Tower,0,7,11,0,18,0,0,8,0,8,0,7,19,0,26,34,0,34,60
03/25/2016,ALN,IL,AGL,CE,Federal Contract Tower,0,10,28,1,39,0,4,54,0,58,0,14,82,1,97,100,4,104,201
03/26/2016,ALN,IL,AGL,CE,Federal Contract Tower,0,1,44,0,45,0,3,70,1,74,0,4,114,1,119,108,0,108,227
03/27/2016,ALN,IL,AGL,CE,Federal Contract Tower,0,3,10,0,13,0,0,4,0,4,0,3,14,0,17,4,0,4,21
03/28/2016,ALN,IL,AGL,CE,Federal Contract Tower,0,6,53,0,59,0,0,22,0,22,0,6,75,0,81,76,0,76,157
03/29/2016,ALN,IL,AGL,CE,Federal Contract Tower,0,12,18,0,30,0,0,42,0,42,0,12,60,0,72,48,0,48,120
03/30/2016,ALN,IL,AGL,CE,Federal Contract Tower,0,3,12,0,15,0,0,1,0,1,0,3,13,0,16,76,0,76,92
03/31/2016,ALN,IL,AGL,CE,Federal Contract Tower,0,11,7,0,18,0,6,5,0,11,0,17,12,0,29,8,0,8,37
04/01/2016,ALN,IL,AGL,CE,Federal Contract Tower,0,1,16,0,17,0,1,28,0,29,0,2,44,0,46,76,0,76,122
04/02/2016,ALN,IL,AGL,CE,Federal Contract Tower,0,7,10,0,17,0,1,9,0,10,0,8,19,0,27,26,0,26,53
04/03/2016,ALN,IL,AGL,CE,Federal Contract Tower,0,3,9,0,12,0,0,21,0,21,0,3,30,0,33,60,0,60,93
04/04/2016,ALN,IL,AGL,CE,Federal Contract Tower,0,6,20,0,26,0,0,34,0,34,0,6,54,0,60,32,0,32,92
04/05/2016,ALN,IL,AGL,CE,Federal Contract Tower,0,18,9,0,27,0,3,18,0,21,0,21,27,0,48,32,0,32,80
04/06/2016,ALN,IL,AGL,CE,Federal Contract Tower,0,3,15,0,18,0,2,2,0,4,0,5,17,0,22,4,0,4,26
04/07/2016,ALN,IL,AGL,CE,Federal Contract Tower,0,3,15,0,18,0,0,10,0,10,0,3,25,0,28,54,0,54,82
04/08/2016,ALN,IL,AGL,CE,Federal Contract Tower,0,3,13,0,16,0,1,10,0,11,0,4,23,0,27,6,0,6,33
04/09/2016,ALN,IL,AGL,CE,Federal Contract Tower,0,12,13,2,27,0,4,67,2,73,0,16,80,4,100,58,0,58,158
04/10/2016,ALN,IL,AGL,CE,Federal Contract Tower,0,7,5,0,12,0,2,0,0,2,0,9,5,0,14,20,0,20,34
04/11/2016,ALN,IL,AGL,CE,Federal Contract Tower,0,12,16,0,28,0,0,6,0,6,0,12,22,0,34,16,0,16,50
04/12/2016,ALN,IL,AGL,CE,Federal Contract Tower,0,8,22,0,30,0,4,28,0,32,0,12,50,0,62,74,0,74,136
04/13/2016,ALN,IL,AGL,CE,Federal Contract Tower,0,11,12,4,27,0,2,18,0,20,0,13,30,4,47,96,18,114,161
04/14/2016,ALN,IL,AGL,CE,Federal Contract Tower,0,1,29,2,32,0,2,47,0,49,0,3,76,2,81,160,0,160,241
04/15/2016,ALN,IL,AGL,CE,Federal Contract Tower,0,6,21,2,29,0,0,34,0,34,0,6,55,2,63,28,4,32,95
04/16/2016,ALN,IL,AGL,CE,Federal Contract Tower,0,0,30,0,30,0,1,38,0,39,0,1,68,0,69,100,0,100,169
04/17/2016,ALN,IL,AGL,CE,Federal Contract Tower,0,0,11,0,11,0,1,37,0,38,0,1,48,0,49,58,0,58,107
04/18/2016,ALN,IL,AGL,CE,Federal Contract Tower,0,5,13,0,18,0,2,22,0,24,0,7,35,0,42,28,0,28,70
04/19/2016,ALN,IL,AGL,CE,Federal Contract Tower,0,6,9,0,15,0,0,14,0,14,0,6,23,0,29,42,0,42,71
04/20/2016,ALN,IL,AGL,CE,Federal Contract Tower,0,5,4,0,9,0,0,7,0,7,0,5,11,0,16,6,0,6,22
04/21/2016,ALN,IL,AGL,CE,Federal Contract Tower,0,5,15,0,20,0,0,12,0,12,0,5,27,0,32,22,0,22,54
04/22/2016,ALN,IL,AGL,CE,Federal Contract Tower,0,10,5,0,15,0,2,27,2,31,0,12,32,2,46,34,0,34,80
04/23/2016,ALN,IL,AGL,CE,Federal Contract Tower,0,2,23,0,25,0,0,68,0,68,0,2,91,0,93,150,0,150,243
04/24/2016,ALN,IL,AGL,CE,Federal Contract Tower,0,19,17,0,36,0,0,23,0,23,0,19,40,0,59,80,0,80,139
04/25/2016,ALN,IL,AGL,CE,Federal Contract Tower,0,17,23,0,40,0,2,12,6,20,0,19,35,6,60,50,0,50,110
04/26/2016,ALN,IL,AGL,CE,Federal Contract Tower,0,11,6,0,17,0,8,15,0,23,0,19,21,0,40,58,0,58,98
04/27/2016,ALN,IL,AGL,CE,Federal Contract Tower,0,8,6,0,14,0,1,11,0,12,0,9,17,0,26,26,0,26,52
04/28/2016,ALN,IL,AGL,CE,Federal Contract Tower,0,10,29,0,39,0,1,32,0,33,0,11,61,0,72,66,0,66,138
04/29/2016,ALN,IL,AGL,CE,Federal Contract Tower,0,15,14,3,32,0,7,20,0,27,0,22,34,3,59,44,12,56,115
04/30/2016,ALN,IL,AGL,CE,Federal Contract Tower,0,0,10,0,10,0,2,0,2,4,0,2,10,2,14,22,0,22,36
05/01/2016,ALN,IL,AGL,CE,Federal Contract Tower,0,6,8,4,18,0,3,12,0,15,0,9,20,4,33,110,0,110,143
05/02/2016,ALN,IL,AGL,CE,Federal Contract Tower,0,5,14,2,21,0,3,0,0,3,0,8,14,2,24,30,2,32,56
05/03/2016,ALN,IL,AGL,CE,Federal Contract Tower,0,9,27,0,36,0,0,16,0,16,0,9,43,0,52,84,0,84,136
05/04/2016,ALN,IL,AGL,CE,Federal Contract Tower,0,10,10,0,20,0,2,6,3,11,0,12,16,3,31,46,14,60,91
05/05/2016,ALN,IL,AGL,CE,Federal Contract Tower,0,4,14,2,20,0,2,23,4,29,0,6,37,6,49,48,8,56,105
05/06/2016,ALN,IL,AGL,CE,Federal Contract Tower,0,8,25,3,36,0,5,35,0,40,0,13,60,3,76,58,10,68,144
05/07/2016,ALN,IL,AGL,CE,Federal Contract Tower,0,6,23,0,29,0,2,40,0,42,0,8,63,0,71,54,0,54,125
05/08/2016,ALN,IL,AGL,CE,Federal Contract Tower,0,2,19,0,21,0,3,6,0,9,0,5,25,0,30,80,0,80,110
05/09/2016,ALN,IL,AGL,CE,Federal Contract Tower,0,1,9,0,10,0,2,0,0,2,0,3,9,0,12,4,0,4,16
05/10/2016,ALN,IL,AGL,CE,Federal Contract Tower,0,3,14,2,19,0,2,14,0,16,0,5,28,2,35,50,4,54,89
05/11/2016,ALN,IL,AGL,CE,Federal Contract Tower,0,2,9,0,11,0,4,2,0,6,0,6,11,0,17,0,0,0,17
05/12/2016,ALN,IL,AGL,CE,Federal Contract Tower,0,11,26,0,37,0,3,18,0,21,0,14,44,0,58,52,0,52,110
05/13/2016,ALN,IL,AGL,CE,Federal Contract Tower,0,10,25,0,35,0,4,36,0,40,0,14,61,0,75,50,0,50,125
05/14/2016,ALN,IL,AGL,CE,Federal Contract Tower,0,0,9,0,9,0,3,34,0,37,0,3,43,0,46,66,0,66,112
05/15/2016,ALN,IL,AGL,CE,Federal Contract Tower,0,8,15,0,23,0,4,25,0,29,0,12,40,0,52,88,0,88,140
05/16/2016,ALN,IL,AGL,CE,Federal Contract Tower,0,6,14,0,20,0,1,2,0,3,0,7,16,0,23,34,0,34,57
05/17/2016,ALN,IL,AGL,CE,Federal Contract Tower,0,2,15,0,17,0,6,0,0,6,0,8,15,0,23,18,0,18,41
05/18/2016,ALN,IL,AGL,CE,Federal Contract Tower,0,22,23,0,45,0,1,39,0,40,0,23,62,0,85,112,0,112,197
05/19/2016,ALN,IL,AGL,CE,Federal Contract Tower,0,7,23,0,30,0,2,49,0,51,0,9,72,0,81,100,0,100,181
05/20/2016,ALN,IL,AGL,CE,Federal Contract Tower,0,5,26,0,31,0,2,22,0,24,0,7,48,0,55,22,2,24,79
05/21/2016,ALN,IL,AGL,CE,Federal Contract Tower,0,7,26,2,35,0,0,52,0,52,0,7,78,2,87,92,0,92,179
05/22/2016,ALN,IL,AGL,CE,Federal Contract Tower,0,0,28,0,28,0,2,41,0,43,0,2,69,0,71,160,0,160,231
05/23/2016,ALN,IL,AGL,CE,Federal Contract Tower,0,13,33,0,46,0,1,26,0,27,0,14,59,0,73,62,0,62,135
05/24/2016,ALN,IL,AGL,CE,Federal Contract Tower,0,7,14,0,21,0,2,14,8,24,0,9,28,8,45,32,0,32,77
05/25/2016,ALN,IL,AGL,CE,Federal Contract Tower,0,10,17,0,27,0,2,23,0,25,0,12,40,0,52,88,0,88,140
05/26/2016,ALN,IL,AGL,CE,Federal Contract Tower,0,3,9,0,12,0,5,4,0,9,0,8,13,0,21,28,0,28,49
05/27/2016,ALN,IL,AGL,CE,Federal Contract Tower,0,10,3,0,13,0,1,3,0,4,0,11,6,0,17,0,0,0,17
05/28/2016,ALN,IL,AGL,CE,Federal Contract Tower,0,2,20,0,22,0,1,20,0,21,0,3,40,0,43,30,0,30,73
05/29/2016,ALN,IL,AGL,CE,Federal Contract Tower,0,5,13,0,18,0,1,39,0,40,0,6,52,0,58,68,0,68,126
05/30/2016,ALN,IL,AGL,CE,Federal Contract Tower,0,4,4,0,8,0,1,30,2,33,0,5,34,2,41,60,0,60,101
05/31/2016,ALN,IL,AGL,CE,Federal Contract Tower,0,11,6,0,17,0,2,24,0,26,0,13,30,0,43,48,0,48,91
06/01/2016,ALN,IL,AGL,CE,Federal Contract Tower,0,9,17,0,26,0,2,15,1,18,0,11,32,1,44,94,0,94,138
06/02/2016,ALN,IL,AGL,CE,Federal Contract Tower,0,9,22,0,31,0,2,28,2,32,0,11,50,2,63,84,0,84,147
06/04/2016,ALN,IL,AGL,CE,Federal Contract Tower,0,1,12,0,13,0,1,16,0,17,0,2,28,0,30,46,0,46,76
06/05/2016,ALN,IL,AGL,CE,Federal Contract Tower,0,2,29,0,31,0,0,60,0,60,0,2,89,0,91,36,0,36,127
06/06/2016,ALN,IL,AGL,CE,Federal Contract Tower,0,4,20,2,26,0,0,18,0,18,0,4,38,2,44,54,2,56,100
06/07/2016,ALN,IL,AGL,CE,Federal Contract Tower,0,9,20,0,29,0,4,43,0,47,0,13,63,0,76,52,0,52,128
06/08/2016,ALN,IL,AGL,CE,Federal Contract Tower,0,5,14,0,19,0,2,35,0,37,0,7,49,0,56,36,0,36,92
06/09/2016,ALN,IL,AGL,CE,Federal Contract Tower,0,18,12,0,30,0,2,28,0,30,0,20,40,0,60,46,0,46,106
06/10/2016,ALN,IL,AGL,CE,Federal Contract Tower,0,6,26,0,32,0,3,25,1,29,0,9,51,1,61,46,0,46,107
06/11/2016,ALN,IL,AGL,CE,Federal Contract Tower,0,26,15,2,43,0,1,35,0,36,0,27,50,2,79,96,4,100,179
06/12/2016,ALN,IL,AGL,CE,Federal Contract Tower,0,16,26,0,42,0,0,39,0,39,0,16,65,0,81,86,0,86,167
06/13/2016,ALN,IL,AGL,CE,Federal Contract Tower,0,4,12,0,16,0,8,13,0,21,0,12,25,0,37,22,0,22,59
06/14/2016,ALN,IL,AGL,CE,Federal Contract Tower,0,13,10,0,23,0,8,15,0,23,0,21,25,0,46,44,0,44,90
06/15/2016,ALN,IL,AGL,CE,Federal Contract Tower,0,8,19,0,27,0,4,21,0,25,0,12,40,0,52,64,0,64,116
06/16/2016,ALN,IL,AGL,CE,Federal Contract Tower,0,9,25,0,34,0,3,21,0,24,0,12,46,0,58,22,0,22,80
06/17/2016,ALN,IL,AGL,CE,Federal Contract Tower,0,13,24,3,40,0,2,25,0,27,0,15,49,3,67,36,0,36,103
06/18/2016,ALN,IL,AGL,CE,Federal Contract Tower,0,7,13,0,20,0,2,43,0,45,0,9,56,0,65,60,0,60,125
06/19/2016,ALN,IL,AGL,CE,Federal Contract Tower,0,0,15,0,15,0,0,24,0,24,0,0,39,0,39,30,0,30,69
06/20/2016,ALN,IL,AGL,CE,Federal Contract Tower,0,10,8,0,18,0,4,11,0,15,0,14,19,0,33,6,0,6,39
06/21/2016,ALN,IL,AGL,CE,Federal Contract Tower,0,19,8,0,27,0,3,20,0,23,0,22,28,0,50,64,0,64,114
06/22/2016,ALN,IL,AGL,CE,Federal Contract Tower,0,8,22,0,30,0,6,12,0,18,0,14,34,0,48,22,0,22,70
06/23/2016,ALN,IL,AGL,CE,Federal Contract Tower,0,19,30,0,49,0,0,12,0,12,0,19,42,0,61,28,0,28,89
06/24/2016,ALN,IL,AGL,CE,Federal Contract Tower,0,4,17,2,23,0,5,33,7,45,0,9,50,9,68,50,0,50,118
06/25/2016,ALN,IL,AGL,CE,Federal Contract Tower,0,3,10,0,13,0,2,18,0,20,0,5,28,0,33,28,0,28,61
06/26/2016,ALN,IL,AGL,CE,Federal Contract Tower,0,4,10,0,14,0,4,21,0,25,0,8,31,0,39,64,0,64,103
06/27/2016,ALN,IL,AGL,CE,Federal Contract Tower,0,3,16,0,19,0,1,16,0,17,0,4,32,0,36,20,0,20,56
06/28/2016,ALN,IL,AGL,CE,Federal Contract Tower,0,10,28,0,38,0,2,31,0,33,0,12,59,0,71,58,0,58,129
06/29/2016,ALN,IL,AGL,CE,Federal Contract Tower,0,28,9,0,37,0,1,33,0,34,0,29,42,0,71,96,0,96,167
06/30/2016,ALN,IL,AGL,CE,Federal Contract Tower,0,5,15,0,20,0,11,19,0,30,0,16,34,0,50,36,0,36,86
07/01/2016,ALN,IL,AGL,CE,Federal Contract Tower,0,11,12,7,30,0,6,38,0,44,0,17,50,7,74,28,16,44,118
07/02/2016,ALN,IL,AGL,CE,Federal Contract Tower,0,0,7,0,7,0,6,11,0,17,0,6,18,0,24,44,0,44,68
07/03/2016,ALN,IL,AGL,CE,Federal Contract Tower,0,0,4,0,4,0,0,0,0,0,0,0,4,0,4,0,0,0,4
07/04/2016,ALN,IL,AGL,CE,Federal Contract Tower,0,0,6,0,6,0,3,4,0,7,0,3,10,0,13,30,0,30,43
07/05/2016,ALN,IL,AGL,CE,Federal Contract Tower,0,12,8,2,22,0,3,17,2,22,0,15,25,4,44,38,0,38,82
07/06/2016,ALN,IL,AGL,CE,Federal Contract Tower,0,2,8,0,10,0,3,11,0,14,0,5,19,0,24,18,0,18,42
07/07/2016,ALN,IL,AGL,CE,Federal Contract Tower,0,3,15,0,18,0,3,9,0,12,0,6,24,0,30,16,0,16,46
07/08/2016,ALN,IL,AGL,CE,Federal Contract Tower,0,7,15,1,23,0,3,24,0,27,0,10,39,1,50,42,0,42,92
07/09/2016,ALN,IL,AGL,CE,Federal Contract Tower,0,0,22,2,24,0,1,40,4,45,0,1,62,6,69,94,0,94,163
07/10/2016,ALN,IL,AGL,CE,Federal Contract Tower,0,6,15,0,21,0,8,25,0,33,0,14,40,0,54,40,0,40,94
07/11/2016,ALN,IL,AGL,CE,Federal Contract Tower,0,4,28,3,35,0,0,16,9,25,0,4,44,12,60,40,2,42,102
07/12/2016,ALN,IL,AGL,CE,Federal Contract Tower,0,5,27,1,33,0,2,17,0,19,0,7,44,1,52,80,4,84,136
07/13/2016,ALN,IL,AGL,CE,Federal Contract Tower,0,4,35,0,39,0,5,19,0,24,0,9,54,0,63,38,0,38,101
07/14/2016,ALN,IL,AGL,CE,Federal Contract Tower,0,8,20,0,28,0,1,41,0,42,0,9,61,0,70,78,0,78,148
07/15/2016,ALN,IL,AGL,CE,Federal Contract Tower,0,8,17,1,26,0,3,36,0,39,0,11,53,1,65,56,4,60,125
07/16/2016,ALN,IL,AGL,CE,Federal Contract Tower,0,16,13,0,29,0,2,49,0,51,0,18,62,0,80,50,0,50,130
07/17/2016,ALN,IL,AGL,CE,Federal Contract Tower,0,2,19,0,21,0,1,31,0,32,0,3,50,0,53,44,0,44,97
07/18/2016,ALN,IL,AGL,CE,Federal Contract Tower,0,3,30,0,33,0,4,17,0,21,0,7,47,0,54,24,0,24,78
07/19/2016,ALN,IL,AGL,CE,Federal Contract Tower,0,3,32,0,35,0,0,23,0,23,0,3,55,0,58,76,0,76,134
07/20/2016,ALN,IL,AGL,CE,Federal Contract Tower,0,0,9,0,9,0,3,15,0,18,0,3,24,0,27,50,0,50,77
07/21/2016,ALN,IL,AGL,CE,Federal Contract Tower,0,5,25,1,31,0,4,15,0,19,0,9,40,1,50,12,0,12,62
07/22/2016,ALN,IL,AGL,CE,Federal Contract Tower,0,15,37,0,52,0,11,18,0,29,0,26,55,0,81,46,0,46,127
07/23/2016,ALN,IL,AGL,CE,Federal Contract Tower,0,5,33,0,38,0,6,36,0,42,0,11,69,0,80,68,0,68,148
07/24/2016,ALN,IL,AGL,CE,Federal Contract Tower,0,2,21,0,23,0,1,14,0,15,0,3,35,0,38,28,0,28,66
07/25/2016,ALN,IL,AGL,CE,Federal Contract Tower,0,17,19,0,36,0,2,5,0,7,0,19,24,0,43,26,0,26,69
07/26/2016,ALN,IL,AGL,CE,Federal Contract Tower,0,15,14,0,29,0,3,22,0,25,0,18,36,0,54,38,0,38,92
07/27/2016,ALN,IL,AGL,CE,Federal Contract Tower,0,22,8,0,30,0,4,17,0,21,0,26,25,0,51,44,0,44,95
07/28/2016,ALN,IL,AGL,CE,Federal Contract Tower,0,13,12,0,25,0,4,21,0,25,0,17,33,0,50,44,0,44,94
07/29/2016,ALN,IL,AGL,CE,Federal Contract Tower,0,18,16,0,34,0,13,22,0,35,0,31,38,0,69,16,0,16,85
07/30/2016,ALN,IL,AGL,CE,Federal Contract Tower,0,1,5,0,6,0,0,46,0,46,0,1,51,0,52,48,0,48,100
07/31/2016,ALN,IL,AGL,CE,Federal Contract Tower,0,6,9,0,15,0,0,41,0,41,0,6,50,0,56,32,0,32,88
08/01/2016,ALN,IL,AGL,CE,Federal Contract Tower,0,2,7,0,9,0,6,11,0,17,0,8,18,0,26,26,0,26,52
08/02/2016,ALN,IL,AGL,CE,Federal Contract Tower,0,2,7,0,9,0,4,23,0,27,0,6,30,0,36,74,0,74,110
08/03/2016,ALN,IL,AGL,CE,Federal Contract Tower,0,4,9,0,13,0,6,17,0,23,0,10,26,0,36,44,0,44,80
08/04/2016,ALN,IL,AGL,CE,Federal Contract Tower,0,2,6,0,8,0,2,24,6,32,0,4,30,6,40,28,0,28,68
08/05/2016,ALN,IL,AGL,CE,Federal Contract Tower,0,6,5,0,11,0,6,19,0,25,0,12,24,0,36,56,0,56,92
08/06/2016,ALN,IL,AGL,CE,Federal Contract Tower,0,0,10,0,10,0,2,48,0,50,0,2,58,0,60,74,0,74,134
08/07/2016,ALN,IL,AGL,CE,Federal Contract Tower,0,1,6,0,7,0,0,35,0,35,0,1,41,0,42,94,0,94,136
08/08/2016,ALN,IL,AGL,CE,Federal Contract Tower,0,7,25,0,32,0,6,14,0,20,0,13,39,0,52,26,0,26,78
08/09/2016,ALN,IL,AGL,CE,Federal Contract Tower,0,4,31,0,35,0,2,23,1,26,0,6,54,1,61,46,0,46,107
08/10/2016,ALN,IL,AGL,CE,Federal Contract Tower,0,2,8,0,10,0,3,24,0,27,0,5,32,0,37,92,0,92,129
08/11/2016,ALN,IL,AGL,CE,Federal Contract Tower,0,14,13,0,27,0,4,27,0,31,0,18,40,0,58,26,0,26,84
08/12/2016,ALN,IL,AGL,CE,Federal Contract Tower,0,8,8,5,21,0,2,9,0,11,0,10,17,5,32,40,0,40,72
08/13/2016,ALN,IL,AGL,CE,Federal Contract Tower,0,6,6,0,12,0,2,24,2,28,0,8,30,2,40,30,0,30,70
08/14/2016,ALN,IL,AGL,CE,Federal Contract Tower,0,1,8,0,9,0,0,6,0,6,0,1,14,0,15,4,0,4,19
08/15/2016,ALN,IL,AGL,CE,Federal Contract Tower,0,8,6,0,14,0,0,0,0,0,0,8,6,0,14,0,0,0,14
08/16/2016,ALN,IL,AGL,CE,Federal Contract Tower,0,4,11,0,15,0,0,21,0,21,0,4,32,0,36,68,0,68,104
08/17/2016,ALN,IL,AGL,CE,Federal Contract Tower,0,7,18,0,25,0,8,40,0,48,0,15,58,0,73,74,0,74,147
08/18/2016,ALN,IL,AGL,CE,Federal Contract Tower,0,3,11,8,22,0,1,29,0,30,0,4,40,8,52,84,6,90,142
08/19/2016,ALN,IL,AGL,CE,Federal Contract Tower,0,7,5,0,12,0,0,19,0,19,0,7,24,0,31,44,0,44,75
08/20/2016,ALN,IL,AGL,CE,Federal Contract Tower,0,5,16,0,21,0,5,19,0,24,0,10,35,0,45,92,0,92,137
08/21/2016,ALN,IL,AGL,CE,Federal Contract Tower,0,0,16,0,16,0,1,47,0,48,0,1,63,0,64,76,0,76,140
08/22/2016,ALN,IL,AGL,CE,Federal Contract Tower,0,3,14,0,17,0,2,48,0,50,0,5,62,0,67,56,0,56,123
08/23/2016,ALN,IL,AGL,CE,Federal Contract Tower,0,5,3,0,8,0,5,16,0,21,0,10,19,0,29,48,0,48,77
08/24/2016,ALN,IL,AGL,CE,Federal Contract Tower,0,11,15,0,26,0,2,18,0,20,0,13,33,0,46,84,0,84,130
08/25/2016,ALN,IL,AGL,CE,Federal Contract Tower,0,3,17,0,20,0,1,15,0,16,0,4,32,0,36,72,0,72,108
08/26/2016,ALN,IL,AGL,CE,Federal Contract Tower,0,4,22,4,30,0,3,8,0,11,0,7,30,4,41,0,0,0,41
08/27/2016,ALN,IL,AGL,CE,Federal Contract Tower,0,1,17,0,18,0,3,33,1,37,0,4,50,1,55,32,0,32,87
08/28/2016,ALN,IL,AGL,CE,Federal Contract Tower,0,17,4,0,21,0,10,36,0,46,0,27,40,0,67,30,0,30,97
08/29/2016,ALN,IL,AGL,CE,Federal Contract Tower,0,5,17,0,22,0,2,10,0,12,0,7,27,0,34,32,0,32,66
08/30/2016,ALN,IL,AGL,CE,Federal Contract Tower,0,5,8,0,13,0,5,5,0,10,0,10,13,0,23,0,0,0,23
08/31/2016,ALN,IL,AGL,CE,Federal Contract Tower,0,12,10,1,23,0,9,23,0,32,0,21,33,1,55,24,0,24,79
09/01/2016,ALN,IL,AGL,CE,Federal Contract Tower,0,2,10,0,12,0,7,27,0,34,0,9,37,0,46,80,0,80,126
09/02/2016,ALN,IL,AGL,CE,Federal Contract Tower,0,14,15,0,29,0,21,44,0,65,0,35,59,0,94,44,0,44,138
09/03/2016,ALN,IL,AGL,CE,Federal Contract Tower,0,2,18,2,22,0,1,52,4,57,0,3,70,6,79,92,0,92,171
09/04/2016,ALN,IL,AGL,CE,Federal Contract Tower,0,0,4,0,4,0,0,40,0,40,0,0,44,0,44,20,0,20,64
09/05/2016,ALN,IL,AGL,CE,Federal Contract Tower,0,3,22,0,25,0,0,35,0,35,0,3,57,0,60,40,0,40,100
09/06/2016,ALN,IL,AGL,CE,Federal Contract Tower,0,22,7,2,31,0,1,23,0,24,0,23,30,2,55,92,4,96,151
09/07/2016,ALN,IL,AGL,CE,Federal Contract Tower,0,8,15,0,23,0,3,27,0,30,0,11,42,0,53,80,0,80,133
09/08/2016,ALN,IL,AGL,CE,Federal Contract Tower,0,9,6,0,15,0,4,7,0,11,0,13,13,0,26,32,0,32,58
09/09/2016,ALN,IL,AGL,CE,Federal Contract Tower,0,8,5,2,15,0,3,8,0,11,0,11,13,2,26,24,4,28,54
09/10/2016,ALN,IL,AGL,CE,Federal Contract Tower,0,2,13,0,15,0,4,36,0,40,0,6,49,0,55,68,0,68,123
09/11/2016,ALN,IL,AGL,CE,Federal Contract Tower,0,0,7,0,7,0,3,67,0,70,0,3,74,0,77,52,0,52,129
09/12/2016,ALN,IL,AGL,CE,Federal Contract Tower,0,7,14,4,25,0,2,28,0,30,0,9,42,4,55,98,2,100,155
09/13/2016,ALN,IL,AGL,CE,Federal Contract Tower,0,8,7,0,15,0,0,18,0,18,0,8,25,0,33,72,0,72,105
09/14/2016,ALN,IL,AGL,CE,Federal Contract Tower,0,14,10,0,24,0,4,15,0,19,0,18,25,0,43,88,0,88,131
09/15/2016,ALN,IL,AGL,CE,Federal Contract Tower,0,8,15,3,26,0,3,16,0,19,0,11,31,3,45,42,2,44,89
09/16/2016,ALN,IL,AGL,CE,Federal Contract Tower,0,7,6,0,13,0,1,0,0,1,0,8,6,0,14,4,0,4,18
09/17/2016,ALN,IL,AGL,CE,Federal Contract Tower,0,5,25,0,30,0,4,27,0,31,0,9,52,0,61,42,0,42,103
09/18/2016,ALN,IL,AGL,CE,Federal Contract Tower,0,4,10,1,15,0,0,47,0,47,0,4,57,1,62,40,0,40,102
09/19/2016,ALN,IL,AGL,CE,Federal Contract Tower,0,2,17,0,19,0,0,26,0,26,0,2,43,0,45,68,0,68,113
09/20/2016,ALN,IL,AGL,CE,Federal Contract Tower,0,6,16,0,22,0,0,24,0,24,0,6,40,0,46,30,0,30,76
09/21/2016,ALN,IL,AGL,CE,Federal Contract Tower,0,14,6,0,20,0,4,33,0,37,0,18,39,0,57,84,0,84,141
09/22/2016,ALN,IL,AGL,CE,Federal Contract Tower,0,9,14,0,23,0,13,63,4,80,0,22,77,4,103,42,0,42,145
09/23/2016,ALN,IL,AGL,CE,Federal Contract Tower,0,7,16,0,23,0,3,35,2,40,0,10,51,2,63,66,0,66,129
09/24/2016,ALN,IL,AGL,CE,Federal Contract Tower,0,2,8,0,10,0,6,188,0,194,0,8,196,0,204,58,0,58,262
09/25/2016,ALN,IL,AGL,CE,Federal Contract Tower,0,0,3,0,3,0,0,245,0,245,0,0,248,0,248,30,0,30,278
09/26/2016,ALN,IL,AGL,CE,Federal Contract Tower,0,14,18,0,32,0,2,20,0,22,0,16,38,0,54,58,0,58,112
09/29/2016,ALN,IL,AGL,CE,Federal Contract Tower,0,5,8,3,16,0,1,1,0,2,0,6,9,3,18,14,4,18,36
09/30/2016,ALN,IL,AGL,CE,Federal Contract Tower,0,10,21,0,31,0,0,9,0,9,0,10,30,0,40,64,0,64,104
10/01/2016,ALN,IL,AGL,CE,Federal Contract Tower,0,1,12,0,13,0,2,4,1,7,0,3,16,1,20,8,0,8,28
10/02/2016,ALN,IL,AGL,CE,Federal Contract Tower,0,1,22,0,23,0,1,24,0,25,0,2,46,0,48,52,0,52,100
10/03/2016,ALN,IL,AGL,CE,Federal Contract Tower,0,1,20,0,21,0,2,18,0,20,0,3,38,0,41,60,0,60,101
10/04/2016,ALN,IL,AGL,CE,Federal Contract Tower,0,5,13,0,18,0,0,29,0,29,0,5,42,0,47,40,0,40,87
10/05/2016,ALN,IL,AGL,CE,Federal Contract Tower,0,2,20,0,22,0,0,32,0,32,0,2,52,0,54,38,0,38,92
10/06/2016,ALN,IL,AGL,CE,Federal Contract Tower,0,9,11,0,20,0,2,11,0,13,0,11,22,0,33,8,0,8,41
10/07/2016,ALN,IL,AGL,CE,Federal Contract Tower,0,2,10,7,19,0,0,9,0,9,0,2,19,7,28,20,12,32,60
10/08/2016,ALN,IL,AGL,CE,Federal Contract Tower,0,4,10,0,14,0,0,56,0,56,0,4,66,0,70,54,0,54,124
10/09/2016,ALN,IL,AGL,CE,Federal Contract Tower,0,0,6,0,6,0,0,34,0,34,0,0,40,0,40,42,0,42,82
10/10/2016,ALN,IL,AGL,CE,Federal Contract Tower,0,2,10,0,12,0,10,21,3,34,0,12,31,3,46,64,6,70,116
10/11/2016,ALN,IL,AGL,CE,Federal Contract Tower,0,9,7,0,16,0,0,30,1,31,0,9,37,1,47,46,0,46,93
10/12/2016,ALN,IL,AGL,CE,Federal Contract Tower,0,0,12,0,12,0,4,3,0,7,0,4,15,0,19,0,0,0,19
10/13/2016,ALN,IL,AGL,CE,Federal Contract Tower,0,8,10,0,18,0,17,30,3,50,0,25,40,3,68,76,0,76,144
10/14/2016,ALN,IL,AGL,CE,Federal Contract Tower,0,8,14,4,26,0,1,20,1,22,0,9,34,5,48,48,6,54,102
10/15/2016,ALN,IL,AGL,CE,Federal Contract Tower,0,10,21,0,31,0,3,24,0,27,0,13,45,0,58,50,0,50,108
10/16/2016,ALN,IL,AGL,CE,Federal Contract Tower,0,2,20,0,22,0,0,59,0,59,0,2,79,0,81,30,0,30,111
10/17/2016,ALN,IL,AGL,CE,Federal Contract Tower,0,5,22,1,28,0,0,3,0,3,0,5,25,1,31,14,0,14,45
10/18/2016,ALN,IL,AGL,CE,Federal Contract Tower,0,14,21,0,35,0,2,22,0,24,0,16,43,0,59,64,0,64,123
10/19/2016,ALN,IL,AGL,CE,Federal Contract Tower,0,5,9,0,14,0,0,0,0,0,0,5,9,0,14,0,0,0,14
10/20/2016,ALN,IL,AGL,CE,Federal Contract Tower,0,10,5,0,15,0,6,8,0,14,0,16,13,0,29,12,0,12,41
10/21/2016,ALN,IL,AGL,CE,Federal Contract Tower,0,27,15,0,42,0,0,28,0,28,0,27,43,0,70,32,0,32,102
10/22/2016,ALN,IL,AGL,CE,Federal Contract Tower,0,5,16,0,21,0,3,28,0,31,0,8,44,0,52,42,0,42,94
10/23/2016,ALN,IL,AGL,CE,Federal Contract Tower,0,0,12,0,12,0,2,31,1,34,0,2,43,1,46,92,0,92,138
10/24/2016,ALN,IL,AGL,CE,Federal Contract Tower,0,2,15,4,21,0,4,28,0,32,0,6,43,4,53,54,4,58,111
10/25/2016,ALN,IL,AGL,CE,Federal Contract Tower,0,7,14,0,21,0,1,21,0,22,0,8,35,0,43,46,0,46,89
10/26/2016,ALN,IL,AGL,CE,Federal Contract Tower,0,1,7,0,8,0,3,10,0,13,0,4,17,0,21,40,0,40,61
10/27/2016,ALN,IL,AGL,CE,Federal Contract Tower,0,4,15,0,19,0,0,15,0,15,0,4,30,0,34,64,0,64,98
10/28/2016,ALN,IL,AGL,CE,Federal Contract Tower,0,7,13,1,21,0,0,13,0,13,0,7,26,1,34,22,0,22,56
10/29/2016,ALN,IL,AGL,CE,Federal Contract Tower,0,1,10,0,11,0,0,32,0,32,0,1,42,0,43,26,0,26,69
10/30/2016,ALN,IL,AGL,CE,Federal Contract Tower,0,2,9,0,11,0,0,16,0,16,0,2,25,0,27,6,0,6,33
10/31/2016,ALN,IL,AGL,CE,Federal Contract Tower,0,3,11,0,14,0,0,20,0,20,0,3,31,0,34,74,0,74,108
11/01/2016,ALN,IL,AGL,CE,Federal Contract Tower,0,7,13,0,20,0,0,33,0,33,0,7,46,0,53,86,0,86,139
11/02/2016,ALN,IL,AGL,CE,Federal Contract Tower,0,5,17,0,22,0,2,12,0,14,0,7,29,0,36,102,0,102,138
11/03/2016,ALN,IL,AGL,CE,Federal Contract Tower,0,2,12,0,14,0,2,8,0,10,0,4,20,0,24,30,0,30,54
11/04/2016,ALN,IL,AGL,CE,Federal Contract Tower,0,12,12,0,24,0,3,31,0,34,0,15,43,0,58,72,0,72,130
11/05/2016,ALN,IL,AGL,CE,Federal Contract Tower,0,0,16,0,16,0,10,65,4,79,0,10,81,4,95,64,0,64,159
11/06/2016,ALN,IL,AGL,CE,Federal Contract Tower,0,1,6,0,7,0,0,50,0,50,0,1,56,0,57,110,0,110,167
11/07/2016,ALN,IL,AGL,CE,Federal Contract Tower,0,5,17,0,22,0,4,23,0,27,0,9,40,0,49,43,0,43,92
11/08/2016,ALN,IL,AGL,CE,Federal Contract Tower,0,5,9,0,14,0,0,0,0,0,0,5,9,0,14,6,0,6,20
11/09/2016,ALN,IL,AGL,CE,Federal Contract Tower,0,2,18,0,20,0,7,17,0,24,0,9,35,0,44,52,0,52,96
11/10/2016,ALN,IL,AGL,CE,Federal Contract Tower,0,2,8,0,10,0,4,33,0,37,0,6,41,0,47,120,0,120,167
11/11/2016,ALN,IL,AGL,CE,Federal Contract Tower,0,13,11,1,25,0,5,44,2,51,0,18,55,3,76,64,0,64,140
11/12/2016,ALN,IL,AGL,CE,Federal Contract Tower,0,20,14,0,34,0,13,47,0,60,0,33,61,0,94,88,0,88,182
11/13/2016,ALN,IL,AGL,CE,Federal Contract Tower,0,0,14,0,14,0,0,37,0,37,0,0,51,0,51,68,0,68,119
11/14/2016,ALN,IL,AGL,CE,Federal Contract Tower,0,9,3,0,12,0,1,12,0,13,0,10,15,0,25,32,0,32,57
11/15/2016,ALN,IL,AGL,CE,Federal Contract Tower,0,11,13,3,27,0,1,31,0,32,0,12,44,3,59,92,0,92,151
11/16/2016,ALN,IL,AGL,CE,Federal Contract Tower,0,13,3,0,16,0,3,36,0,39,0,16,39,0,55,50,0,50,105
11/17/2016,ALN,IL,AGL,CE,Federal Contract Tower,0,18,11,2,31,0,5,12,4,21,0,23,23,6,52,80,0,80,132
11/18/2016,ALN,IL,AGL,CE,Federal Contract Tower,0,10,4,0,14,0,10,3,0,13,0,20,7,0,27,0,0,0,27
11/19/2016,ALN,IL,AGL,CE,Federal Contract Tower,0,11,3,0,14,0,4,9,0,13,0,15,12,0,27,8,0,8,35
11/20/2016,ALN,IL,AGL,CE,Federal Contract Tower,0,0,11,0,11,0,6,49,0,55,0,6,60,0,66,54,0,54,120
11/21/2016,ALN,IL,AGL,CE,Federal Contract Tower,0,3,10,16,29,0,3,20,0,23,0,6,30,16,52,68,30,98,150
11/22/2016,ALN,IL,AGL,CE,Federal Contract Tower,0,5,6,0,11,0,1,12,0,13,0,6,18,0,24,14,0,14,38
11/23/2016,ALN,IL,AGL,CE,Federal Contract Tower,0,2,3,0,5,0,0,1,0,1,0,2,4,0,6,0,0,0,6
11/24/2016,ALN,IL,AGL,CE,Federal Contract Tower,0,0,4,0,4,0,1,3,0,4,0,1,7,0,8,14,0,14,22
11/25/2016,ALN,IL,AGL,CE,Federal Contract Tower,0,6,10,0,16,0,0,30,0,30,0,6,40,0,46,82,0,82,128
11/26/2016,ALN,IL,AGL,CE,Federal Contract Tower,0,0,5,0,5,0,0,44,0,44,0,0,49,0,49,34,0,34,83
11/27/2016,ALN,IL,AGL,CE,Federal Contract Tower,0,2,20,0,22,0,0,6,0,6,0,2,26,0,28,8,0,8,36
11/28/2016,ALN,IL,AGL,CE,Federal Contract Tower,0,1,11,0,12,0,3,0,0,3,0,4,11,0,15,2,0,2,17
11/29/2016,ALN,IL,AGL,CE,Federal Contract Tower,0,3,16,0,19,0,1,17,0,18,0,4,33,0,37,14,0,14,51
11/30/2016,ALN,IL,AGL,CE,Federal Contract Tower,0,16,7,3,26,0,1,9,0,10,0,17,16,3,36,26,10,36,72
12/01/2016,ALN,IL,AGL,CE,Federal Contract Tower,0,10,17,0,27,0,1,37,0,38,0,11,54,0,65,82,0,82,147
12/02/2016,ALN,IL,AGL,CE,Federal Contract Tower,0,7,10,0,17,0,0,32,0,32,0,7,42,0,49,64,0,64,113
12/03/2016,ALN,IL,AGL,CE,Federal Contract Tower,0,6,10,1,17,0,0,51,0,51,0,6,61,1,68,74,0,74,142
12/04/2016,ALN,IL,AGL,CE,Federal Contract Tower,0,0,7,0,7,0,0,0,0,0,0,0,7,0,7,0,0,0,7
12/05/2016,ALN,IL,AGL,CE,Federal Contract Tower,0,5,14,6,25,0,0,2,0,2,0,5,16,6,27,12,0,12,39
12/06/2016,ALN,IL,AGL,CE,Federal Contract Tower,0,6,10,0,16,0,0,4,0,4,0,6,14,0,20,30,0,30,50
12/07/2016,ALN,IL,AGL,CE,Federal Contract Tower,0,25,10,0,35,0,0,10,0,10,0,25,20,0,45,28,0,28,73
12/08/2016,ALN,IL,AGL,CE,Federal Contract Tower,0,6,4,0,10,0,1,3,0,4,0,7,7,0,14,0,0,0,14
12/09/2016,ALN,IL,AGL,CE,Federal Contract Tower,0,10,10,0,20,0,1,10,0,11,0,11,20,0,31,34,0,34,65
12/10/2016,ALN,IL,AGL,CE,Federal Contract Tower,0,28,6,0,34,0,2,41,0,43,0,30,47,0,77,98,0,98,175
12/11/2016,ALN,IL,AGL,CE,Federal Contract Tower,0,16,0,0,16,0,0,3,0,3,0,16,3,0,19,32,0,32,51
12/12/2016,ALN,IL,AGL,CE,Federal Contract Tower,0,2,12,1,15,0,0,13,0,13,0,2,25,1,28,54,2,56,84
12/13/2016,ALN,IL,AGL,CE,Federal Contract Tower,0,10,3,0,13,0,1,0,0,1,0,11,3,0,14,4,0,4,18
12/14/2016,ALN,IL,AGL,CE,Federal Contract Tower,0,12,14,0,26,0,10,11,0,21,0,22,25,0,47,24,0,24,71
12/15/2016,ALN,IL,AGL,CE,Federal Contract Tower,0,5,5,0,10,0,2,5,0,7,0,7,10,0,17,2,0,2,19
12/16/2016,ALN,IL,AGL,CE,Federal Contract Tower,0,8,16,0,24,0,3,4,0,7,0,11,20,0,31,20,0,20,51
12/17/2016,ALN,IL,AGL,CE,Federal Contract Tower,0,7,0,0,7,0,0,0,0,0,0,7,0,0,7,10,0,10,17
12/18/2016,ALN,IL,AGL,CE,Federal Contract Tower,0,1,6,1,8,0,3,3,0,6,0,4,9,1,14,8,2,10,24
12/19/2016,ALN,IL,AGL,CE,Federal Contract Tower,0,21,12,0,33,0,4,14,0,18,0,25,26,0,51,42,0,42,93
12/20/2016,ALN,IL,AGL,CE,Federal Contract Tower,0,14,20,0,34,0,5,16,0,21,0,19,36,0,55,32,0,32,87
12/21/2016,ALN,IL,AGL,CE,Federal Contract Tower,0,16,3,1,20,0,0,35,5,40,0,16,38,6,60,66,0,66,126
12/22/2016,ALN,IL,AGL,CE,Federal Contract Tower,0,7,12,0,19,0,0,27,0,27,0,7,39,0,46,50,0,50,96
12/23/2016,ALN,IL,AGL,CE,Federal Contract Tower,0,9,2,0,11,0,0,5,0,5,0,9,7,0,16,2,0,2,18
12/24/2016,ALN,IL,AGL,CE,Federal Contract Tower,0,0,2,0,2,0,0,0,0,0,0,0,2,0,2,0,0,0,2
12/25/2016,ALN,IL,AGL,CE,Federal Contract Tower,0,2,0,0,2,0,0,0,0,0,0,2,0,0,2,0,0,0,2
12/26/2016,ALN,IL,AGL,CE,Federal Contract Tower,0,1,13,0,14,0,1,13,0,14,0,2,26,0,28,22,0,22,50
12/27/2016,ALN,IL,AGL,CE,Federal Contract Tower,0,2,7,0,9,0,2,44,0,46,0,4,51,0,55,38,0,38,93
12/28/2016,ALN,IL,AGL,CE,Federal Contract Tower,0,6,5,0,11,0,1,20,0,21,0,7,25,0,32,36,0,36,68
12/29/2016,ALN,IL,AGL,CE,Federal Contract Tower,0,2,5,0,7,0,0,6,0,6,0,2,11,0,13,4,0,4,17
12/30/2016,ALN,IL,AGL,CE,Federal Contract Tower,0,0,9,1,10,0,6,36,0,42,0,6,45,1,52,62,0,62,114
12/31/2016,ALN,IL,AGL,CE,Federal Contract Tower,0,0,5,0,5,0,0,21,0,21,0,0,26,0,26,22,0,22,48
01/01/2017,ALN,IL,AGL,CE,Federal Contract Tower,0,0,8,0,8,0,2,26,0,28,0,2,34,0,36,28,0,28,64
01/02/2017,ALN,IL,AGL,CE,Federal Contract Tower,0,5,0,0,5,0,0,0,0,0,0,5,0,0,5,2,0,2,7
01/03/2017,ALN,IL,AGL,CE,Federal Contract Tower,0,15,7,0,22,0,1,0,0,1,0,16,7,0,23,0,0,0,23
01/04/2017,ALN,IL,AGL,CE,Federal Contract Tower,0,4,8,0,12,0,7,17,0,24,0,11,25,0,36,32,0,32,68
01/05/2017,ALN,IL,AGL,CE,Federal Contract Tower,0,11,14,0,25,0,1,2,0,3,0,12,16,0,28,8,0,8,36
01/06/2017,ALN,IL,AGL,CE,Federal Contract Tower,0,11,13,0,24,0,1,6,0,7,0,12,19,0,31,18,0,18,49
01/07/2017,ALN,IL,AGL,CE,Federal Contract Tower,0,0,13,0,13,0,1,26,0,27,0,1,39,0,40,26,0,26,66
01/08/2017,ALN,IL,AGL,CE,Federal Contract Tower,0,4,9,0,13,0,0,18,0,18,0,4,27,0,31,38,0,38,69
01/09/2017,ALN,IL,AGL,CE,Federal Contract Tower,0,7,10,5,22,0,2,15,0,17,0,9,25,5,39,38,6,44,83
01/10/2017,ALN,IL,AGL,CE,Federal Contract Tower,0,11,7,0,18,0,10,4,0,14,0,21,11,0,32,6,6,12,44
01/11/2017,ALN,IL,AGL,CE,Federal Contract Tower,0,15,4,0,19,0,7,2,0,9,0,22,6,0,28,12,0,12,40
01/12/2017,ALN,IL,AGL,CE,Federal Contract Tower,0,1,10,0,11,0,0,3,0,3,0,1,13,0,14,34,0,34,48
01/13/2017,ALN,IL,AGL,CE,Federal Contract Tower,0,2,1,0,3,0,0,0,0,0,0,2,1,0,3,0,0,0,3
01/14/2017,ALN,IL,AGL,CE,Federal Contract Tower,0,0,4,0,4,0,0,0,0,0,0,0,4,0,4,0,0,0,4
01/15/2017,ALN,IL,AGL,CE,Federal Contract Tower,0,0,3,0,3,0,0,0,0,0,0,0,3,0,3,0,0,0,3
01/16/2017,ALN,IL,AGL,CE,Federal Contract Tower,0,10,8,0,18,0,0,0,0,0,0,10,8,0,18,6,0,6,24
01/17/2017,ALN,IL,AGL,CE,Federal Contract Tower,0,23,18,0,41,0,3,3,0,6,0,26,21,0,47,54,0,54,101
01/18/2017,ALN,IL,AGL,CE,Federal Contract Tower,0,24,6,0,30,0,5,28,0,33,0,29,34,0,63,132,0,132,195
01/19/2017,ALN,IL,AGL,CE,Federal Contract Tower,0,11,5,0,16,0,1,0,0,1,0,12,5,0,17,0,0,0,17
01/20/2017,ALN,IL,AGL,CE,Federal Contract Tower,0,17,10,2,29,0,2,1,0,3,0,19,11,2,32,24,4,28,60
01/21/2017,ALN,IL,AGL,CE,Federal Contract Tower,0,17,10,0,27,0,4,57,4,65,0,21,67,4,92,60,4,64,156
01/22/2017,ALN,IL,AGL,CE,Federal Contract Tower,0,8,3,0,11,0,0,9,0,9,0,8,12,0,20,48,0,48,68
01/23/2017,ALN,IL,AGL,CE,Federal Contract Tower,0,2,10,0,12,0,0,3,0,3,0,2,13,0,15,34,0,34,49
01/24/2017,ALN,IL,AGL,CE,Federal Contract Tower,0,8,27,0,35,0,0,32,0,32,0,8,59,0,67,86,0,86,153
01/25/2017,ALN,IL,AGL,CE,Federal Contract Tower,0,11,8,0,19,0,0,9,0,9,0,11,17,0,28,10,0,10,38
01/26/2017,ALN,IL,AGL,CE,Federal Contract Tower,0,14,8,0,22,0,0,6,0,6,0,14,14,0,28,0,0,0,28
01/27/2017,ALN,IL,AGL,CE,Federal Contract Tower,0,12,6,3,21,0,0,8,0,8,0,12,14,3,29,8,2,10,39
01/28/2017,ALN,IL,AGL,CE,Federal Contract Tower,0,17,9,0,26,0,0,23,0,23,0,17,32,0,49,50,0,50,99
01/29/2017,ALN,IL,AGL,CE,Federal Contract Tower,0,2,5,0,7,0,0,11,0,11,0,2,16,0,18,46,0,46,64
01/30/2017,ALN,IL,AGL,CE,Federal Contract Tower,0,1,12,0,13,0,0,31,0,31,0,1,43,0,44,24,0,24,68
01/31/2017,ALN,IL,AGL,CE,Federal Contract Tower,0,7,18,0,25,0,1,23,1,25,0,8,41,1,50,64,0,64,114
02/01/2017,ALN,IL,AGL,CE,Federal Contract Tower,0,10,18,0,28,0,0,29,0,29,0,10,47,0,57,38,0,38,95
02/02/2017,ALN,IL,AGL,CE,Federal Contract Tower,0,4,12,0,16,0,0,23,0,23,0,4,35,0,39,32,0,32,71
02/03/2017,ALN,IL,AGL,CE,Federal Contract Tower,0,11,16,0,27,0,11,23,0,34,0,22,39,0,61,58,0,58,119
02/04/2017,ALN,IL,AGL,CE,Federal Contract Tower,0,1,10,0,11,0,4,25,8,37,0,5,35,8,48,26,0,26,74
02/05/2017,ALN,IL,AGL,CE,Federal Contract Tower,0,0,8,0,8,0,0,59,0,59,0,0,67,0,67,100,0,100,167
02/06/2017,ALN,IL,AGL,CE,Federal Contract Tower,0,6,10,0,16,0,1,2,0,3,0,7,12,0,19,8,0,8,27
02/07/2017,ALN,IL,AGL,CE,Federal Contract Tower,0,11,7,2,20,0,12,16,0,28,0,23,23,2,48,18,2,20,68
02/08/2017,ALN,IL,AGL,CE,Federal Contract Tower,0,3,8,0,11,0,2,8,0,10,0,5,16,0,21,10,0,10,31
02/09/2017,ALN,IL,AGL,CE,Federal Contract Tower,0,6,11,0,17,0,1,17,0,18,0,7,28,0,35,38,0,38,73
02/10/2017,ALN,IL,AGL,CE,Federal Contract Tower,0,10,8,0,18,0,3,12,0,15,0,13,20,0,33,16,0,16,49
02/11/2017,ALN,IL,AGL,CE,Federal Contract Tower,0,16,11,3,30,0,14,36,0,50,0,30,47,3,80,72,0,72,152
02/12/2017,ALN,IL,AGL,CE,Federal Contract Tower,0,11,2,0,13,0,10,14,2,26,0,21,16,2,39,28,0,28,67
02/13/2017,ALN,IL,AGL,CE,Federal Contract Tower,0,13,13,4,30,0,8,21,0,29,0,21,34,4,59,54,14,68,127
02/14/2017,ALN,IL,AGL,CE,Federal Contract Tower,0,9,10,0,19,0,0,24,0,24,0,9,34,0,43,74,0,74,117
02/15/2017,ALN,IL,AGL,CE,Federal Contract Tower,0,14,2,1,17,0,0,17,1,18,0,14,19,2,35,22,4,26,61
02/16/2017,ALN,IL,AGL,CE,Federal Contract Tower,0,7,21,0,28,0,1,26,0,27,0,8,47,0,55,54,0,54,109
02/17/2017,ALN,IL,AGL,CE,Federal Contract Tower,0,10,6,2,18,0,0,33,3,36,0,10,39,5,54,112,2,114,168
02/18/2017,ALN,IL,AGL,CE,Federal Contract Tower,0,2,25,0,27,0,0,49,0,49,0,2,74,0,76,86,0,86,162
02/19/2017,ALN,IL,AGL,CE,Federal Contract Tower,0,8,11,0,19,0,10,54,0,64,0,18,65,0,83,50,0,50,133
02/20/2017,ALN,IL,AGL,CE,Federal Contract Tower,0,10,7,0,17,0,1,14,0,15,0,11,21,0,32,34,0,34,66
02/21/2017,ALN,IL,AGL,CE,Federal Contract Tower,0,11,2,0,13,0,0,6,0,6,0,11,8,0,19,52,0,52,71
02/22/2017,ALN,IL,AGL,CE,Federal Contract Tower,0,7,7,0,14,0,0,21,0,21,0,7,28,0,35,4,0,4,39
02/23/2017,ALN,IL,AGL,CE,Federal Contract Tower,0,12,5,0,17,0,6,17,0,23,0,18,22,0,40,40,0,40,80
02/24/2017,ALN,IL,AGL,CE,Federal Contract Tower,0,6,12,2,20,0,4,0,0,4,0,10,12,2,24,18,0,18,42
02/25/2017,ALN,IL,AGL,CE,Federal Contract Tower,0,1,5,0,6,0,10,9,0,19,0,11,14,0,25,30,0,30,55
02/26/2017,ALN,IL,AGL,CE,Federal Contract Tower,0,0,12,0,12,0,2,16,0,18,0,2,28,0,30,60,0,60,90
02/27/2017,ALN,IL,AGL,CE,Federal Contract Tower,0,10,11,4,25,0,2,29,0,31,0,12,40,4,56,60,2,62,118
02/28/2017,ALN,IL,AGL,CE,Federal Contract Tower,0,5,7,0,12,0,3,7,0,10,0,8,14,0,22,102,0,102,124
03/01/2017,ALN,IL,AGL,CE,Federal Contract Tower,0,5,5,0,10,0,2,0,0,2,0,7,5,0,12,0,0,0,12
03/02/2017,ALN,IL,AGL,CE,Federal Contract Tower,0,3,5,0,8,0,2,22,0,24,0,5,27,0,32,22,0,22,54
03/03/2017,ALN,IL,AGL,CE,Federal Contract Tower,0,12,17,0,29,0,3,33,0,36,0,15,50,0,65,48,0,48,113
03/04/2017,ALN,IL,AGL,CE,Federal Contract Tower,0,3,15,0,18,0,4,67,0,71,0,7,82,0,89,88,0,88,177
03/05/2017,ALN,IL,AGL,CE,Federal Contract Tower,0,1,7,0,8,0,0,22,0,22,0,1,29,0,30,16,0,16,46
03/06/2017,ALN,IL,AGL,CE,Federal Contract Tower,0,2,7,10,19,0,1,4,0,5,0,3,11,10,24,0,8,8,32
03/07/2017,ALN,IL,AGL,CE,Federal Contract Tower,0,16,7,4,27,0,1,26,1,28,0,17,33,5,55,80,12,92,147
03/08/2017,ALN,IL,AGL,CE,Federal Contract Tower,0,13,11,0,24,0,0,41,0,41,0,13,52,0,65,80,0,80,145
03/09/2017,ALN,IL,AGL,CE,Federal Contract Tower,0,7,14,0,21,0,9,40,2,51,0,16,54,2,72,12,0,12,84
03/10/2017,ALN,IL,AGL,CE,Federal Contract Tower,0,13,11,0,24,0,4,32,0,36,0,17,43,0,60,64,0,64,124
03/11/2017,ALN,IL,AGL,CE,Federal Contract Tower,0,1,11,0,12,0,0,17,0,17,0,1,28,0,29,40,0,40,69
03/12/2017,ALN,IL,AGL,CE,Federal Contract Tower,0,12,6,0,18,0,2,30,0,32,0,14,36,0,50,48,0,48,98
03/13/2017,ALN,IL,AGL,CE,Federal Contract Tower,0,4,2,0,6,0,0,0,0,0,0,4,2,0,6,0,0,0,6
03/14/2017,ALN,IL,AGL,CE,Federal Contract Tower,0,7,7,2,16,0,2,5,0,7,0,9,12,2,23,0,0,0,23
03/15/2017,ALN,IL,AGL,CE,Federal Contract Tower,0,3,14,0,17,0,0,29,0,29,0,3,43,0,46,62,0,62,108
03/16/2017,ALN,IL,AGL,CE,Federal Contract Tower,0,10,13,1,24,0,0,33,1,34,0,10,46,2,58,34,2,36,94
03/17/2017,ALN,IL,AGL,CE,Federal Contract Tower,0,10,9,0,19,0,0,20,0,20,0,10,29,0,39,38,0,38,77
03/18/2017,ALN,IL,AGL,CE,Federal Contract Tower,0,16,6,3,25,0,2,48,0,50,0,18,54,3,75,128,10,138,213
03/19/2017,ALN,IL,AGL,CE,Federal Contract Tower,0,8,10,0,18,0,0,36,0,36,0,8,46,0,54,66,0,66,120
03/20/2017,ALN,IL,AGL,CE,Federal Contract Tower,0,16,19,0,35,0,0,17,0,17,0,16,36,0,52,76,0,76,128
03/21/2017,ALN,IL,AGL,CE,Federal Contract Tower,0,14,21,2,37,0,2,29,4,35,0,16,50,6,72,109,6,115,187
03/22/2017,ALN,IL,AGL,CE,Federal Contract Tower,0,4,15,0,19,0,4,35,0,39,0,8,50,0,58,62,0,62,120
03/23/2017,ALN,IL,AGL,CE,Federal Contract Tower,0,4,5,0,9,0,1,1,0,2,0,5,6,0,11,22,0,22,33
03/24/2017,ALN,IL,AGL,CE,Federal Contract Tower,0,8,3,0,11,0,2,23,0,25,0,10,26,0,36,50,0,50,86
03/25/2017,ALN,IL,AGL,CE,Federal Contract Tower,0,0,16,0,16,0,0,4,0,4,0,0,20,0,20,30,0,30,50
03/26/2017,ALN,IL,AGL,CE,Federal Contract Tower,0,2,16,0,18,0,4,11,0,15,0,6,27,0,33,24,0,24,57
03/27/2017,ALN,IL,AGL,CE,Federal Contract Tower,0,1,5,0,6,0,1,0,0,1,0,2,5,0,7,0,0,0,7
03/28/2017,ALN,IL,AGL,CE,Federal Contract Tower,0,11,20,4,35,0,0,21,0,21,0,11,41,4,56,66,12,78,134
03/29/2017,ALN,IL,AGL,CE,Federal Contract Tower,0,12,9,0,21,0,4,9,0,13,0,16,18,0,34,60,0,60,94
03/30/2017,ALN,IL,AGL,CE,Federal Contract Tower,0,10,9,0,19,0,2,5,0,7,0,12,14,0,26,6,0,6,32
03/31/2017,ALN,IL,AGL,CE,Federal Contract Tower,0,15,8,0,23,0,0,2,0,2,0,15,10,0,25,16,0,16,41
04/01/2017,ALN,IL,AGL,CE,Federal Contract Tower,0,12,15,2,29,0,6,61,0,67,0,18,76,2,96,60,0,60,156
04/02/2017,ALN,IL,AGL,CE,Federal Contract Tower,0,0,6,0,6,0,0,30,0,30,0,0,36,0,36,38,0,38,74
04/03/2017,ALN,IL,AGL,CE,Federal Contract Tower,0,4,7,0,11,0,3,1,0,4,0,7,8,0,15,0,0,0,15
04/04/2017,ALN,IL,AGL,CE,Federal Contract Tower,0,3,18,0,21,0,0,28,0,28,0,3,46,0,49,14,0,14,63
04/05/2017,ALN,IL,AGL,CE,Federal Contract Tower,0,4,6,0,10,0,0,0,0,0,0,4,6,0,10,0,0,0,10
04/06/2017,ALN,IL,AGL,CE,Federal Contract Tower,0,7,13,0,20,0,5,11,0,16,0,12,24,0,36,16,0,16,52
04/07/2017,ALN,IL,AGL,CE,Federal Contract Tower,0,16,12,0,28,0,1,59,0,60,0,17,71,0,88,42,0,42,130
04/08/2017,ALN,IL,AGL,CE,Federal Contract Tower,0,8,5,2,15,0,0,34,0,34,0,8,39,2,49,104,4,108,157
04/09/2017,ALN,IL,AGL,CE,Federal Contract Tower,0,5,9,0,14,0,0,15,0,15,0,5,24,0,29,86,0,86,115
04/10/2017,ALN,IL,AGL,CE,Federal Contract Tower,0,12,4,0,16,0,8,5,0,13,0,20,9,0,29,0,0,0,29
04/11/2017,ALN,IL,AGL,CE,Federal Contract Tower,0,15,5,0,20,0,0,40,0,40,0,15,45,0,60,32,0,32,92
04/12/2017,ALN,IL,AGL,CE,Federal Contract Tower,0,15,7,0,22,0,2,58,0,60,0,17,65,0,82,60,0,60,142
04/13/2017,ALN,IL,AGL,CE,Federal Contract Tower,0,6,15,0,21,0,5,31,0,36,0,11,46,0,57,46,0,46,103
04/14/2017,ALN,IL,AGL,CE,Federal Contract Tower,0,11,9,4,24,0,2,0,10,12,0,13,9,14,36,40,16,56,92
04/15/2017,ALN,IL,AGL,CE,Federal Contract Tower,0,9,7,0,16,0,2,30,2,34,0,11,37,2,50,44,0,44,94
04/16/2017,ALN,IL,AGL,CE,Federal Contract Tower,0,10,2,0,12,0,2,7,0,9,0,12,9,0,21,22,0,22,43
04/17/2017,ALN,IL,AGL,CE,Federal Contract Tower,0,12,18,3,33,0,1,31,0,32,0,13,49,3,65,80,0,80,145
04/18/2017,ALN,IL,AGL,CE,Federal Contract Tower,0,27,16,0,43,0,1,28,0,29,0,28,44,0,72,68,0,68,140
04/19/2017,ALN,IL,AGL,CE,Federal Contract Tower,0,10,7,0,17,0,0,21,0,21,0,10,28,0,38,86,0,86,124
04/20/2017,ALN,IL,AGL,CE,Federal Contract Tower,0,15,12,0,27,0,2,14,0,16,0,17,26,0,43,8,0,8,51
04/21/2017,ALN,IL,AGL,CE,Federal Contract Tower,0,8,6,0,14,0,2,12,0,14,0,10,18,0,28,6,0,6,34
04/22/2017,ALN,IL,AGL,CE,Federal Contract Tower,0,16,7,0,23,0,11,13,0,24,0,27,20,0,47,22,0,22,69
04/23/2017,ALN,IL,AGL,CE,Federal Contract Tower,0,8,7,0,15,0,1,65,0,66,0,9,72,0,81,80,0,80,161
04/24/2017,ALN,IL,AGL,CE,Federal Contract Tower,0,1,17,0,18,0,3,51,0,54,0,4,68,0,72,50,0,50,122
04/25/2017,ALN,IL,AGL,CE,Federal Contract Tower,0,8,12,0,20,0,2,21,0,23,0,10,33,0,43,10,0,10,53
04/26/2017,ALN,IL,AGL,CE,Federal Contract Tower,0,7,1,0,8,0,0,6,0,6,0,7,7,0,14,12,0,12,26
04/27/2017,ALN,IL,AGL,CE,Federal Contract Tower,0,8,12,2,22,0,0,13,0,13,0,8,25,2,35,32,8,40,75
04/28/2017,ALN,IL,AGL,CE,Federal Contract Tower,0,11,3,0,14,0,4,0,0,4,0,15,3,0,18,14,0,14,32
04/29/2017,ALN,IL,AGL,CE,Federal Contract Tower,0,0,4,0,4,0,0,0,0,0,0,0,4,0,4,0,0,0,4
04/30/2017,ALN,IL,AGL,CE,Federal Contract Tower,0,0,5,0,5,0,2,0,0,2,0,2,5,0,7,0,0,0,7
05/01/2017,ALN,IL,AGL,CE,Federal Contract Tower,0,1,13,4,18,0,3,2,0,5,0,4,15,4,23,0,0,0,23
05/03/2017,ALN,IL,AGL,CE,Federal Contract Tower,0,4,6,0,10,0,0,0,0,0,0,4,6,0,10,0,0,0,10
05/04/2017,ALN,IL,AGL,CE,Federal Contract Tower,0,8,1,0,9,0,1,3,0,4,0,9,4,0,13,0,0,0,13
05/05/2017,ALN,IL,AGL,CE,Federal Contract Tower,0,4,6,8,18,0,2,13,5,20,0,6,19,13,38,0,0,0,38
05/06/2017,ALN,IL,AGL,CE,Federal Contract Tower,0,7,13,3,23,0,1,49,4,54,0,8,62,7,77,44,0,44,121
05/07/2017,ALN,IL,AGL,CE,Federal Contract Tower,0,0,5,4,9,0,4,67,0,71,0,4,72,4,80,86,0,86,166
05/08/2017,ALN,IL,AGL,CE,Federal Contract Tower,0,4,16,1,21,0,2,33,0,35,0,6,49,1,56,70,0,70,126
05/09/2017,ALN,IL,AGL,CE,Federal Contract Tower,0,16,8,0,24,0,5,28,0,33,0,21,36,0,57,84,0,84,141
05/10/2017,ALN,IL,AGL,CE,Federal Contract Tower,0,7,17,0,24,0,4,21,0,25,0,11,38,0,49,86,0,86,135
05/11/2017,ALN,IL,AGL,CE,Federal Contract Tower,0,11,8,0,19,0,3,2,0,5,0,14,10,0,24,4,0,4,28
05/12/2017,ALN,IL,AGL,CE,Federal Contract Tower,0,8,6,5,19,0,2,29,0,31,0,10,35,5,50,66,4,70,120
05/13/2017,ALN,IL,AGL,CE,Federal Contract Tower,0,6,6,0,12,0,4,78,1,83,0,10,84,1,95,145,0,145,240
05/14/2017,ALN,IL,AGL,CE,Federal Contract Tower,0,4,5,0,9,0,0,39,0,39,0,4,44,0,48,28,0,28,76
05/15/2017,ALN,IL,AGL,CE,Federal Contract Tower,0,10,6,0,16,0,1,28,0,29,0,11,34,0,45,100,0,100,145
05/16/2017,ALN,IL,AGL,CE,Federal Contract Tower,0,24,12,0,36,0,1,31,0,32,0,25,43,0,68,50,0,50,118
05/17/2017,ALN,IL,AGL,CE,Federal Contract Tower,0,22,10,0,32,0,3,12,0,15,0,25,22,0,47,36,0,36,83
05/18/2017,ALN,IL,AGL,CE,Federal Contract Tower,0,21,7,0,28,0,3,24,0,27,0,24,31,0,55,72,0,72,127
05/19/2017,ALN,IL,AGL,CE,Federal Contract Tower,0,14,5,0,19,0,3,11,0,14,0,17,16,0,33,28,0,28,61
05/20/2017,ALN,IL,AGL,CE,Federal Contract Tower,0,16,3,0,19,0,5,25,0,30,0,21,28,0,49,48,0,48,97
05/21/2017,ALN,IL,AGL,CE,Federal Contract Tower,0,0,9,0,9,0,0,33,0,33,0,0,42,0,42,58,0,58,100
05/22/2017,ALN,IL,AGL,CE,Federal Contract Tower,0,11,21,0,32,0,1,47,0,48,0,12,68,0,80,88,0,88,168
05/23/2017,ALN,IL,AGL,CE,Federal Contract Tower,0,4,11,0,15,0,6,3,0,9,0,10,14,0,24,16,0,16,40
05/24/2017,ALN,IL,AGL,CE,Federal Contract Tower,0,19,17,0,36,0,1,5,0,6,0,20,22,0,42,46,0,46,88
05/25/2017,ALN,IL,AGL,CE,Federal Contract Tower,0,21,24,0,45,0,1,40,0,41,0,22,64,0,86,88,0,88,174
05/26/2017,ALN,IL,AGL,CE,Federal Contract Tower,0,16,4,0,20,0,0,20,0,20,0,16,24,0,40,42,0,42,82
05/27/2017,ALN,IL,AGL,CE,Federal Contract Tower,0,1,6,0,7,0,1,22,0,23,0,2,28,0,30,52,0,52,82
05/28/2017,ALN,IL,AGL,CE,Federal Contract Tower,0,0,3,0,3,0,0,17,0,17,0,0,20,0,20,22,0,22,42
05/29/2017,ALN,IL,AGL,CE,Federal Contract Tower,0,9,13,0,22,0,0,34,0,34,0,9,47,0,56,66,0,66,122
05/30/2017,ALN,IL,AGL,CE,Federal Contract Tower,0,10,12,0,22,0,0,47,0,47,0,10,59,0,69,58,0,58,127
05/31/2017,ALN,IL,AGL,CE,Federal Contract Tower,0,21,14,0,35,0,6,49,0,55,0,27,63,0,90,98,0,98,188
06/01/2017,ALN,IL,AGL,CE,Federal Contract Tower,0,4,18,1,23,0,2,23,0,25,0,6,41,1,48,74,0,74,122
06/02/2017,ALN,IL,AGL,CE,Federal Contract Tower,0,10,15,0,25,0,0,30,0,30,0,10,45,0,55,48,0,48,103
06/03/2017,ALN,IL,AGL,CE,Federal Contract Tower,0,0,12,2,14,0,0,51,2,53,0,0,63,4,67,46,2,48,115
06/04/2017,ALN,IL,AGL,CE,Federal Contract Tower,0,3,8,0,11,0,1,26,0,27,0,4,34,0,38,40,0,40,78
06/05/2017,ALN,IL,AGL,CE,Federal Contract Tower,0,9,7,6,22,0,7,23,1,31,0,16,30,7,53,44,14,58,111
06/06/2017,ALN,IL,AGL,CE,Federal Contract Tower,0,1,12,4,17,0,1,51,0,52,0,2,63,4,69,58,0,58,127
06/07/2017,ALN,IL,AGL,CE,Federal Contract Tower,0,7,12,0,19,0,4,30,0,34,0,11,42,0,53,54,0,54,107
06/08/2017,ALN,IL,AGL,CE,Federal Contract Tower,0,7,17,0,24,0,8,47,1,56,0,15,64,1,80,68,0,68,148
06/09/2017,ALN,IL,AGL,CE,Federal Contract Tower,0,11,18,0,29,0,2,40,0,42,0,13,58,0,71,78,0,78,149
06/10/2017,ALN,IL,AGL,CE,Federal Contract Tower,0,5,2,0,7,0,0,25,1,26,0,5,27,1,33,46,0,46,79
06/11/2017,ALN,IL,AGL,CE,Federal Contract Tower,0,6,8,0,14,0,0,26,0,26,0,6,34,0,40,26,0,26,66
06/12/2017,ALN,IL,AGL,CE,Federal Contract Tower,0,4,11,4,19,0,4,24,0,28,0,8,35,4,47,88,0,88,135
06/13/2017,ALN,IL,AGL,CE,Federal Contract Tower,0,7,12,0,19,0,0,22,0,22,0,7,34,0,41,74,0,74,115
06/14/2017,ALN,IL,AGL,CE,Federal Contract Tower,0,8,4,2,14,0,1,4,0,5,0,9,8,2,19,60,2,62,81
06/15/2017,ALN,IL,AGL,CE,Federal Contract Tower,0,15,6,0,21,0,1,21,0,22,0,16,27,0,43,20,0,20,63
06/16/2017,ALN,IL,AGL,CE,Federal Contract Tower,0,6,16,3,25,0,1,15,0,16,0,7,31,3,41,12,0,12,53
06/17/2017,ALN,IL,AGL,CE,Federal Contract Tower,0,4,11,0,15,0,1,27,0,28,0,5,38,0,43,67,0,67,110
06/18/2017,ALN,IL,AGL,CE,Federal Contract Tower,0,7,15,0,22,0,1,32,0,33,0,8,47,0,55,58,0,58,113
06/19/2017,ALN,IL,AGL,CE,Federal Contract Tower,0,7,15,0,22,0,0,15,0,15,0,7,30,0,37,48,0,48,85
06/20/2017,ALN,IL,AGL,CE,Federal Contract Tower,0,5,10,0,15,0,0,24,0,24,0,5,34,0,39,0,0,0,39
06/21/2017,ALN,IL,AGL,CE,Federal Contract Tower,0,2,10,0,12,0,4,28,0,32,0,6,38,0,44,16,0,16,60
06/22/2017,ALN,IL,AGL,CE,Federal Contract Tower,0,7,11,0,18,0,0,11,0,11,0,7,22,0,29,18,0,18,47
06/23/2017,ALN,IL,AGL,CE,Federal Contract Tower,0,15,2,0,17,0,1,6,0,7,0,16,8,0,24,22,0,22,46
06/24/2017,ALN,IL,AGL,CE,Federal Contract Tower,0,0,7,0,7,0,0,51,3,54,0,0,58,3,61,54,0,54,115
06/25/2017,ALN,IL,AGL,CE,Federal Contract Tower,0,10,1,0,11,0,0,49,0,49,0,10,50,0,60,28,0,28,88
06/26/2017,ALN,IL,AGL,CE,Federal Contract Tower,0,3,6,0,9,0,0,23,1,24,0,3,29,1,33,26,6,32,65
06/27/2017,ALN,IL,AGL,CE,Federal Contract Tower,0,12,7,0,19,0,0,51,0,51,0,12,58,0,70,96,0,96,166
06/28/2017,ALN,IL,AGL,CE,Federal Contract Tower,0,5,11,0,16,0,8,11,0,19,0,13,22,0,35,10,0,10,45
06/29/2017,ALN,IL,AGL,CE,Federal Contract Tower,0,10,12,0,22,0,2,4,0,6,0,12,16,0,28,6,0,6,34
06/30/2017,ALN,IL,AGL,CE,Federal Contract Tower,0,13,12,0,25,0,3,18,0,21,0,16,30,0,46,32,0,32,78
07/01/2017,ALN,IL,AGL,CE,Federal Contract Tower,0,1,10,0,11,0,1,42,0,43,0,2,52,0,54,38,0,38,92
07/02/2017,ALN,IL,AGL,CE,Federal Contract Tower,0,2,3,0,5,0,0,39,0,39,0,2,42,0,44,30,0,30,74
07/03/2017,ALN,IL,AGL,CE,Federal Contract Tower,0,0,4,0,4,0,3,18,0,21,0,3,22,0,25,4,0,4,29
07/04/2017,ALN,IL,AGL,CE,Federal Contract Tower,0,0,4,0,4,0,0,20,0,20,0,0,24,0,24,10,0,10,34
07/05/2017,ALN,IL,AGL,CE,Federal Contract Tower,0,5,14,0,19,0,2,12,0,14,0,7,26,0,33,32,0,32,65
07/06/2017,ALN,IL,AGL,CE,Federal Contract Tower,0,8,9,2,19,0,0,23,0,23,0,8,32,2,42,22,4,26,68
07/07/2017,ALN,IL,AGL,CE,Federal Contract Tower,0,4,8,1,13,0,8,17,2,27,0,12,25,3,40,40,0,40,80
07/08/2017,ALN,IL,AGL,CE,Federal Contract Tower,0,2,13,1,16,0,0,41,1,42,0,2,54,2,58,38,0,38,96
07/09/2017,ALN,IL,AGL,CE,Federal Contract Tower,0,1,8,0,9,0,4,23,0,27,0,5,31,0,36,0,0,0,36
07/10/2017,ALN,IL,AGL,CE,Federal Contract Tower,0,3,9,0,12,0,3,7,0,10,0,6,16,0,22,12,0,12,34
07/11/2017,ALN,IL,AGL,CE,Federal Contract Tower,0,4,4,0,8,0,4,10,0,14,0,8,14,0,22,10,0,10,32
07/12/2017,ALN,IL,AGL,CE,Federal Contract Tower,0,1,1,0,2,0,1,18,0,19,0,2,19,0,21,42,0,42,63
07/13/2017,ALN,IL,AGL,CE,Federal Contract Tower,0,9,9,0,18,0,6,1,0,7,0,15,10,0,25,2,0,2,27
07/14/2017,ALN,IL,AGL,CE,Federal Contract Tower,0,7,10,0,17,0,3,25,0,28,0,10,35,0,45,58,0,58,103
07/15/2017,ALN,IL,AGL,CE,Federal Contract Tower,0,17,16,0,33,0,0,80,0,80,0,17,96,0,113,86,0,86,199
07/16/2017,ALN,IL,AGL,CE,Federal Contract Tower,0,15,6,0,21,0,0,38,0,38,0,15,44,0,59,24,0,24,83
07/17/2017,ALN,IL,AGL,CE,Federal Contract Tower,0,8,16,0,24,0,2,27,0,29,0,10,43,0,53,50,0,50,103
07/18/2017,ALN,IL,AGL,CE,Federal Contract Tower,0,9,9,1,19,0,2,19,0,21,0,11,28,1,40,48,4,52,92
07/19/2017,ALN,IL,AGL,CE,Federal Contract Tower,0,10,15,0,25,0,1,14,0,15,0,11,29,0,40,26,0,26,66
07/20/2017,ALN,IL,AGL,CE,Federal Contract Tower,0,7,16,0,23,0,2,7,0,9,0,9,23,0,32,18,10,28,60
07/21/2017,ALN,IL,AGL,CE,Federal Contract Tower,0,5,2,0,7,0,4,7,0,11,0,9,9,0,18,24,0,24,42
07/22/2017,ALN,IL,AGL,CE,Federal Contract Tower,0,12,8,1,21,0,11,28,0,39,0,23,36,1,60,86,0,86,146
07/23/2017,ALN,IL,AGL,CE,Federal Contract Tower,0,0,7,0,7,0,1,21,0,22,0,1,28,0,29,12,0,12,41
07/24/2017,ALN,IL,AGL,CE,Federal Contract Tower,0,2,8,6,16,0,0,24,0,24,0,2,32,6,40,29,4,33,73
07/25/2017,ALN,IL,AGL,CE,Federal Contract Tower,0,4,11,0,15,0,0,25,0,25,0,4,36,0,40,34,0,34,74
07/26/2017,ALN,IL,AGL,CE,Federal Contract Tower,0,3,19,0,22,0,1,22,0,23,0,4,41,0,45,18,0,18,63
07/27/2017,ALN,IL,AGL,CE,Federal Contract Tower,0,7,17,0,24,0,2,4,0,6,0,9,21,0,30,2,0,2,32
07/28/2017,ALN,IL,AGL,CE,Federal Contract Tower,0,4,19,0,23,0,0,20,0,20,0,4,39,0,43,18,0,18,61
07/29/2017,ALN,IL,AGL,CE,Federal Contract Tower,0,2,4,0,6,0,0,55,0,55,0,2,59,0,61,34,0,34,95
07/30/2017,ALN,IL,AGL,CE,Federal Contract Tower,0,0,5,0,5,0,0,39,0,39,0,0,44,0,44,66,0,66,110
07/31/2017,ALN,IL,AGL,CE,Federal Contract Tower,0,6,24,2,32,0,0,29,1,30,0,6,53,3,62,64,2,66,128
08/01/2017,ALN,IL,AGL,CE,Federal Contract Tower,0,4,8,0,12,0,2,10,0,12,0,6,18,0,24,32,0,32,56
08/02/2017,ALN,IL,AGL,CE,Federal Contract Tower,0,5,8,0,13,0,1,39,0,40,0,6,47,0,53,48,0,48,101
08/03/2017,ALN,IL,AGL,CE,Federal Contract Tower,0,11,4,1,16,0,4,21,2,27,0,15,25,3,43,52,0,52,95
08/04/2017,ALN,IL,AGL,CE,Federal Contract Tower,0,5,14,0,19,0,0,15,0,15,0,5,29,0,34,38,0,38,72
08/05/2017,ALN,IL,AGL,CE,Federal Contract Tower,0,0,17,0,17,0,4,36,0,40,0,4,53,0,57,86,0,86,143
08/06/2017,ALN,IL,AGL,CE,Federal Contract Tower,0,0,3,1,4,0,0,4,0,4,0,0,7,1,8,18,2,20,28
08/07/2017,ALN,IL,AGL,CE,Federal Contract Tower,0,11,25,0,36,0,1,14,0,15,0,12,39,0,51,40,0,40,91
08/08/2017,ALN,IL,AGL,CE,Federal Contract Tower,0,5,14,0,19,0,4,43,0,47,0,9,57,0,66,46,0,46,112
08/09/2017,ALN,IL,AGL,CE,Federal Contract Tower,0,5,10,0,15,0,0,63,0,63,0,5,73,0,78,94,0,94,172
08/10/2017,ALN,IL,AGL,CE,Federal Contract Tower,0,16,6,6,28,0,2,14,0,16,0,18,20,6,44,74,0,74,118
08/11/2017,ALN,IL,AGL,CE,Federal Contract Tower,0,4,3,0,7,0,2,22,0,24,0,6,25,0,31,6,0,6,37
08/12/2017,ALN,IL,AGL,CE,Federal Contract Tower,0,6,6,0,12,0,0,46,0,46,0,6,52,0,58,54,0,54,112
08/13/2017,ALN,IL,AGL,CE,Federal Contract Tower,0,4,11,0,15,0,0,28,0,28,0,4,39,0,43,30,0,30,73
08/14/2017,ALN,IL,AGL,CE,Federal Contract Tower,0,5,14,0,19,0,2,25,0,27,0,7,39,0,46,51,0,51,97
08/15/2017,ALN,IL,AGL,CE,Federal Contract Tower,0,8,11,0,19,0,13,33,0,46,0,21,44,0,65,104,0,104,169
08/16/2017,ALN,IL,AGL,CE,Federal Contract Tower,0,4,4,0,8,0,2,20,0,22,0,6,24,0,30,30,0,30,60
08/17/2017,ALN,IL,AGL,CE,Federal Contract Tower,0,3,8,1,12,0,3,9,4,16,0,6,17,5,28,50,2,52,80
08/18/2017,ALN,IL,AGL,CE,Federal Contract Tower,0,3,14,0,17,0,2,49,0,51,0,5,63,0,68,38,0,38,106
08/19/2017,ALN,IL,AGL,CE,Federal Contract Tower,0,0,17,0,17,0,0,46,0,46,0,0,63,0,63,64,0,64,127
08/20/2017,ALN,IL,AGL,CE,Federal Contract Tower,0,5,4,0,9,0,3,29,0,32,0,8,33,0,41,39,0,39,80
08/21/2017,ALN,IL,AGL,CE,Federal Contract Tower,0,12,12,0,24,0,5,31,0,36,0,17,43,0,60,28,0,28,88
08/22/2017,ALN,IL,AGL,CE,Federal Contract Tower,0,10,7,0,17,0,3,11,0,14,0,13,18,0,31,16,0,16,47
08/23/2017,ALN,IL,AGL,CE,Federal Contract Tower,0,18,22,0,40,0,5,20,0,25,0,23,42,0,65,40,0,40,105
08/24/2017,ALN,IL,AGL,CE,Federal Contract Tower,0,22,11,0,33,0,3,30,0,33,0,25,41,0,66,66,0,66,132
08/25/2017,ALN,IL,AGL,CE,Federal Contract Tower,0,6,15,2,23,0,2,47,0,49,0,8,62,2,72,46,0,46,118
08/26/2017,ALN,IL,AGL,CE,Federal Contract Tower,0,0,7,0,7,0,0,34,0,34,0,0,41,0,41,44,0,44,85
08/27/2017,ALN,IL,AGL,CE,Federal Contract Tower,0,0,17,0,17,0,0,29,0,29,0,0,46,0,46,26,0,26,72
08/28/2017,ALN,IL,AGL,CE,Federal Contract Tower,0,5,6,0,11,0,6,11,0,17,0,11,17,0,28,26,0,26,54
08/29/2017,ALN,IL,AGL,CE,Federal Contract Tower,0,7,9,2,18,0,4,22,0,26,0,11,31,2,44,34,6,40,84
08/30/2017,ALN,IL,AGL,CE,Federal Contract Tower,2,13,16,0,31,0,3,23,0,26,2,16,39,0,57,104,0,104,161
08/31/2017,ALN,IL,AGL,CE,Federal Contract Tower,0,4,12,2,18,0,0,23,0,23,0,4,35,2,41,18,0,18,59
09/01/2017,ALN,IL,AGL,CE,Federal Contract Tower,0,11,15,0,26,0,6,21,0,27,0,17,36,0,53,32,0,32,85
09/02/2017,ALN,IL,AGL,CE,Federal Contract Tower,0,1,24,0,25,0,0,46,0,46,0,1,70,0,71,38,0,38,109
09/03/2017,ALN,IL,AGL,CE,Federal Contract Tower,0,0,6,0,6,0,0,53,0,53,0,0,59,0,59,114,0,114,173
09/04/2017,ALN,IL,AGL,CE,Federal Contract Tower,0,3,12,0,15,0,1,14,0,15,0,4,26,0,30,10,0,10,40
09/05/2017,ALN,IL,AGL,CE,Federal Contract Tower,0,5,31,0,36,0,1,9,0,10,0,6,40,0,46,26,0,26,72
09/06/2017,ALN,IL,AGL,CE,Federal Contract Tower,0,9,16,0,25,0,3,20,0,23,0,12,36,0,48,54,0,54,102
09/07/2017,ALN,IL,AGL,CE,Federal Contract Tower,0,4,20,0,24,0,0,19,0,19,0,4,39,0,43,68,0,68,111
09/08/2017,ALN,IL,AGL,CE,Federal Contract Tower,0,3,19,0,22,0,2,49,0,51,0,5,68,0,73,44,0,44,117
09/09/2017,ALN,IL,AGL,CE,Federal Contract Tower,0,0,13,1,14,0,0,59,1,60,0,0,72,2,74,50,0,50,124
09/10/2017,ALN,IL,AGL,CE,Federal Contract Tower,0,2,12,0,14,0,2,34,0,36,0,4,46,0,50,28,0,28,78
09/11/2017,ALN,IL,AGL,CE,Federal Contract Tower,0,8,22,0,30,0,2,29,0,31,0,10,51,0,61,38,0,38,99
09/12/2017,ALN,IL,AGL,CE,Federal Contract Tower,1,10,9,3,23,0,1,17,0,18,1,11,26,3,41,46,10,56,97
09/13/2017,ALN,IL,AGL,CE,Federal Contract Tower,0,5,21,0,26,0,1,8,0,9,0,6,29,0,35,50,0,50,85
09/14/2017,ALN,IL,AGL,CE,Federal Contract Tower,0,9,28,0,37,0,1,30,0,31,0,10,58,0,68,54,0,54,122
09/15/2017,ALN,IL,AGL,CE,Federal Contract Tower,0,7,14,0,21,0,0,33,0,33,0,7,47,0,54,40,0,40,94
09/16/2017,ALN,IL,AGL,CE,Federal Contract Tower,0,7,15,0,22,0,2,33,0,35,0,9,48,0,57,22,0,22,79
09/17/2017,ALN,IL,AGL,CE,Federal Contract Tower,0,8,16,0,24,0,3,10,0,13,0,11,26,0,37,54,0,54,91
09/18/2017,ALN,IL,AGL,CE,Federal Contract Tower,0,9,4,0,13,0,1,22,0,23,0,10,26,0,36,26,0,26,62
09/19/2017,ALN,IL,AGL,CE,Federal Contract Tower,0,12,2,2,16,0,0,21,0,21,0,12,23,2,37,36,0,36,73
09/20/2017,ALN,IL,AGL,CE,Federal Contract Tower,0,12,10,0,22,0,8,17,0,25,0,20,27,0,47,72,0,72,119
09/21/2017,ALN,IL,AGL,CE,Federal Contract Tower,0,16,8,0,24,0,4,28,0,32,0,20,36,0,56,54,0,54,110
09/22/2017,ALN,IL,AGL,CE,Federal Contract Tower,0,2,12,0,14,0,1,10,0,11,0,3,22,0,25,12,0,12,37
09/23/2017,ALN,IL,AGL,CE,Federal Contract Tower,0,3,6,0,9,0,6,35,0,41,0,9,41,0,50,42,0,42,92
09/24/2017,ALN,IL,AGL,CE,Federal Contract Tower,0,0,6,0,6,0,0,36,0,36,0,0,42,0,42,18,0,18,60
09/25/2017,ALN,IL,AGL,CE,Federal Contract Tower,0,7,16,0,23,0,0,12,0,12,0,7,28,0,35,18,0,18,53
09/26/2017,ALN,IL,AGL,CE,Federal Contract Tower,0,2,20,4,26,0,0,25,0,25,0,2,45,4,51,32,4,36,87
09/27/2017,ALN,IL,AGL,CE,Federal Contract Tower,0,18,15,0,33,0,3,17,0,20,0,21,32,0,53,40,0,40,93
09/28/2017,ALN,IL,AGL,CE,Federal Contract Tower,0,3,17,0,20,0,1,18,0,19,0,4,35,0,39,28,0,28,67
09/29/2017,ALN,IL,AGL,CE,Federal Contract Tower,0,7,20,0,27,0,0,32,0,32,0,7,52,0,59,46,0,46,105
09/30/2017,ALN,IL,AGL,CE,Federal Contract Tower,0,2,10,0,12,0,1,99,0,100,0,3,109,0,112,70,0,70,182
10/01/2017,ALN,IL,AGL,CE,Federal Contract Tower,0,1,11,0,12,0,0,313,0,313,0,1,324,0,325,16,0,16,341
10/02/2017,ALN,IL,AGL,CE,Federal Contract Tower,0,18,22,5,45,0,0,14,0,14,0,18,36,5,59,40,8,48,107
10/03/2017,ALN,IL,AGL,CE,Federal Contract Tower,0,14,15,0,29,0,2,12,0,14,0,16,27,0,43,20,0,20,63
10/04/2017,ALN,IL,AGL,CE,Federal Contract Tower,0,13,20,0,33,0,0,5,0,5,0,13,25,0,38,38,0,38,76
10/05/2017,ALN,IL,AGL,CE,Federal Contract Tower,0,4,25,1,30,0,0,4,0,4,0,4,29,1,34,18,4,22,56
10/06/2017,ALN,IL,AGL,CE,Federal Contract Tower,0,1,12,20,33,0,2,25,1,28,0,3,37,21,61,38,0,38,99
10/07/2017,ALN,IL,AGL,CE,Federal Contract Tower,0,1,11,0,12,0,0,8,0,8,0,1,19,0,20,10,0,10,30
10/08/2017,ALN,IL,AGL,CE,Federal Contract Tower,0,1,15,0,16,0,4,39,0,43,0,5,54,0,59,28,0,28,87
10/09/2017,ALN,IL,AGL,CE,Federal Contract Tower,0,3,8,0,11,0,2,18,0,20,0,5,26,0,31,0,0,0,31
10/10/2017,ALN,IL,AGL,CE,Federal Contract Tower,0,4,5,0,9,0,0,0,0,0,0,4,5,0,9,8,0,8,17
10/11/2017,ALN,IL,AGL,CE,Federal Contract Tower,0,4,15,0,19,0,2,1,0,3,0,6,16,0,22,8,0,8,30
10/12/2017,ALN,IL,AGL,CE,Federal Contract Tower,0,7,14,0,21,0,0,12,0,12,0,7,26,0,33,6,0,6,39
10/13/2017,ALN,IL,AGL,CE,Federal Contract Tower,1,5,10,0,16,0,4,27,0,31,1,9,37,0,47,22,0,22,69
10/14/2017,ALN,IL,AGL,CE,Federal Contract Tower,0,11,8,0,19,0,3,20,0,23,0,14,28,0,42,40,0,40,82
10/15/2017,ALN,IL,AGL,CE,Federal Contract Tower,0,10,1,0,11,0,2,14,0,16,0,12,15,0,27,30,0,30,57
10/16/2017,ALN,IL,AGL,CE,Federal Contract Tower,0,13,12,0,25,0,0,26,0,26,0,13,38,0,51,62,0,62,113
10/17/2017,ALN,IL,AGL,CE,Federal Contract Tower,0,15,25,6,46,0,2,17,0,19,0,17,42,6,65,72,6,78,143
10/18/2017,ALN,IL,AGL,CE,Federal Contract Tower,0,9,23,0,32,0,0,33,0,33,0,9,56,0,65,86,0,86,151
10/19/2017,ALN,IL,AGL,CE,Federal Contract Tower,0,5,15,0,20,0,6,25,0,31,0,11,40,0,51,14,0,14,65
10/20/2017,ALN,IL,AGL,CE,Federal Contract Tower,0,6,15,0,21,0,0,37,0,37,0,6,52,0,58,26,0,26,84
10/21/2017,ALN,IL,AGL,CE,Federal Contract Tower,0,1,11,0,12,0,2,24,0,26,0,3,35,0,38,16,0,16,54
10/22/2017,ALN,IL,AGL,CE,Federal Contract Tower,0,2,3,0,5,0,0,0,0,0,0,2,3,0,5,0,0,0,5
10/23/2017,ALN,IL,AGL,CE,Federal Contract Tower,0,14,14,0,28,0,2,20,0,22,0,16,34,0,50,34,0,34,84
10/24/2017,ALN,IL,AGL,CE,Federal Contract Tower,0,1,12,0,13,0,0,4,0,4,0,1,16,0,17,2,0,2,19
10/25/2017,ALN,IL,AGL,CE,Federal Contract Tower,0,6,12,0,18,0,0,33,0,33,0,6,45,0,51,52,0,52,103
10/26/2017,ALN,IL,AGL,CE,Federal Contract Tower,0,5,25,0,30,0,3,23,0,26,0,8,48,0,56,38,0,38,94
10/27/2017,ALN,IL,AGL,CE,Federal Contract Tower,0,14,6,0,20,0,2,4,0,6,0,16,10,0,26,28,0,28,54
10/28/2017,ALN,IL,AGL,CE,Federal Contract Tower,0,10,6,0,16,0,0,16,0,16,0,10,22,0,32,24,0,24,56
10/29/2017,ALN,IL,AGL,CE,Federal Contract Tower,0,2,4,0,6,0,0,44,0,44,0,2,48,0,50,26,0,26,76
10/30/2017,ALN,IL,AGL,CE,Federal Contract Tower,0,8,2,0,10,0,0,9,0,9,0,8,11,0,19,36,0,36,55
10/31/2017,ALN,IL,AGL,CE,Federal Contract Tower,0,4,16,0,20,0,1,16,0,17,0,5,32,0,37,20,0,20,57
11/01/2017,ALN,IL,AGL,CE,Federal Contract Tower,0,6,5,0,11,0,0,0,0,0,0,6,5,0,11,4,0,4,15
11/02/2017,ALN,IL,AGL,CE,Federal Contract Tower,2,14,14,0,30,0,3,12,0,15,2,17,26,0,45,20,0,20,65
11/03/2017,ALN,IL,AGL,CE,Federal Contract Tower,0,10,29,3,42,0,0,14,0,14,0,10,43,3,56,26,2,28,84
11/04/2017,ALN,IL,AGL,CE,Federal Contract Tower,0,5,3,0,8,0,0,2,0,2,0,5,5,0,10,4,0,4,14
11/05/2017,ALN,IL,AGL,CE,Federal Contract Tower,1,2,8,0,11,0,1,6,0,7,1,3,14,0,18,12,0,12,30
11/06/2017,ALN,IL,AGL,CE,Federal Contract Tower,0,5,13,0,18,0,4,4,0,8,0,9,17,0,26,0,0,0,26
11/07/2017,ALN,IL,AGL,CE,Federal Contract Tower,0,6,13,0,19,0,2,5,0,7,0,8,18,0,26,20,0,20,46
11/08/2017,ALN,IL,AGL,CE,Federal Contract Tower,0,10,8,9,27,0,2,18,0,20,0,12,26,9,47,46,0,46,93
11/09/2017,ALN,IL,AGL,CE,Federal Contract Tower,0,16,10,0,26,0,9,19,0,28,0,25,29,0,54,10,0,10,64
11/10/2017,ALN,IL,AGL,CE,Federal Contract Tower,0,12,11,0,23,0,4,33,0,37,0,16,44,0,60,30,0,30,90
11/11/2017,ALN,IL,AGL,CE,Federal Contract Tower,1,15,8,0,24,0,0,39,0,39,1,15,47,0,63,28,0,28,91
11/12/2017,ALN,IL,AGL,CE,Federal Contract Tower,0,15,25,0,40,0,0,4,0,4,0,15,29,0,44,14,0,14,58
11/13/2017,ALN,IL,AGL,CE,Federal Contract Tower,0,1,13,0,14,0,2,19,0,21,0,3,32,0,35,26,0,26,61
11/14/2017,ALN,IL,AGL,CE,Federal Contract Tower,0,12,14,0,26,0,4,18,0,22,0,16,32,0,48,56,0,56,104
11/15/2017,ALN,IL,AGL,CE,Federal Contract Tower,0,10,12,0,22,0,4,3,0,7,0,14,15,0,29,16,0,16,45
11/16/2017,ALN,IL,AGL,CE,Federal Contract Tower,0,9,20,0,29,0,2,21,0,23,0,11,41,0,52,62,0,62,114
11/17/2017,ALN,IL,AGL,CE,Federal Contract Tower,0,6,11,0,17,0,0,0,0,0,0,6,11,0,17,6,0,6,23
11/18/2017,ALN,IL,AGL,CE,Federal Contract Tower,0,13,1,0,14,0,1,0,0,1,0,14,1,0,15,34,0,34,49
11/19/2017,ALN,IL,AGL,CE,Federal Contract Tower,0,7,25,0,32,0,0,45,0,45,0,7,70,0,77,102,0,102,179
11/20/2017,ALN,IL,AGL,CE,Federal Contract Tower,0,8,10,0,18,0,0,4,0,4,0,8,14,0,22,22,0,22,44
11/21/2017,ALN,IL,AGL,CE,Federal Contract Tower,0,12,21,0,33,0,0,21,0,21,0,12,42,0,54,64,0,64,118
11/22/2017,ALN,IL,AGL,CE,Federal Contract Tower,0,6,4,2,12,0,2,30,0,32,0,8,34,2,44,64,0,64,108
11/23/2017,ALN,IL,AGL,CE,Federal Contract Tower,0,1,10,0,11,0,0,8,0,8,0,1,18,0,19,8,0,8,27
11/24/2017,ALN,IL,AGL,CE,Federal Contract Tower,0,1,2,0,3,0,0,27,0,27,0,1,29,0,30,24,0,24,54
11/25/2017,ALN,IL,AGL,CE,Federal Contract Tower,0,8,13,0,21,0,3,36,0,39,0,11,49,0,60,44,0,44,104
11/26/2017,ALN,IL,AGL,CE,Federal Contract Tower,0,3,20,0,23,0,0,33,0,33,0,3,53,0,56,50,0,50,106
11/27/2017,ALN,IL,AGL,CE,Federal Contract Tower,0,9,15,0,24,0,0,22,0,22,0,9,37,0,46,38,0,38,84
11/28/2017,ALN,IL,AGL,CE,Federal Contract Tower,0,17,15,0,32,0,2,26,0,28,0,19,41,0,60,74,0,74,134
11/29/2017,ALN,IL,AGL,CE,Federal Contract Tower,0,4,16,4,24,0,0,8,0,8,0,4,24,4,32,14,4,18,50
11/30/2017,ALN,IL,AGL,CE,Federal Contract Tower,0,14,15,0,29,0,2,17,0,19,0,16,32,0,48,20,0,20,68
12/01/2017,ALN,IL,AGL,CE,Federal Contract Tower,0,17,16,0,33,0,2,37,0,39,0,19,53,0,72,28,0,28,100
12/02/2017,ALN,IL,AGL,CE,Federal Contract Tower,0,6,10,0,16,0,1,57,9,67,0,7,67,9,83,94,0,94,177
12/03/2017,ALN,IL,AGL,CE,Federal Contract Tower,0,8,15,0,23,0,0,45,0,45,0,8,60,0,68,26,0,26,94
12/04/2017,ALN,IL,AGL,CE,Federal Contract Tower,0,9,8,0,17,0,2,4,0,6,0,11,12,0,23,6,0,6,29
12/05/2017,ALN,IL,AGL,CE,Federal Contract Tower,0,10,13,0,23,0,2,16,0,18,0,12,29,0,41,44,0,44,85
12/06/2017,ALN,IL,AGL,CE,Federal Contract Tower,0,8,13,0,21,0,2,30,0,32,0,10,43,0,53,30,0,30,83
12/07/2017,ALN,IL,AGL,CE,Federal Contract Tower,0,7,13,0,20,0,0,10,0,10,0,7,23,0,30,32,0,32,62
12/08/2017,ALN,IL,AGL,CE,Federal Contract Tower,0,5,9,0,14,0,1,10,0,11,0,6,19,0,25,22,0,22,47
12/09/2017,ALN,IL,AGL,CE,Federal Contract Tower,0,13,12,0,25,0,1,9,0,10,0,14,21,0,35,72,0,72,107
12/10/2017,ALN,IL,AGL,CE,Federal Contract Tower,0,0,7,0,7,0,0,14,0,14,0,0,21,0,21,16,0,16,37
12/11/2017,ALN,IL,AGL,CE,Federal Contract Tower,0,6,10,0,16,0,2,7,0,9,0,8,17,0,25,26,0,26,51
12/12/2017,ALN,IL,AGL,CE,Federal Contract Tower,0,7,4,1,12,0,2,17,1,20,0,9,21,2,32,22,0,22,54
12/13/2017,ALN,IL,AGL,CE,Federal Contract Tower,0,9,10,2,21,0,5,7,0,12,0,14,17,2,33,0,6,6,39
12/14/2017,ALN,IL,AGL,CE,Federal Contract Tower,0,8,18,2,28,0,0,13,0,13,0,8,31,2,41,48,0,48,89
12/15/2017,ALN,IL,AGL,CE,Federal Contract Tower,0,16,12,0,28,0,2,8,0,10,0,18,20,0,38,40,0,40,78
12/16/2017,ALN,IL,AGL,CE,Federal Contract Tower,0,11,11,0,22,0,0,34,0,34,0,11,45,0,56,100,0,100,156
12/17/2017,ALN,IL,AGL,CE,Federal Contract Tower,0,21,10,0,31,0,0,14,0,14,0,21,24,0,45,78,0,78,123
12/18/2017,ALN,IL,AGL,CE,Federal Contract Tower,0,18,8,0,26,0,1,16,0,17,0,19,24,0,43,22,0,22,65
12/19/2017,ALN,IL,AGL,CE,Federal Contract Tower,0,6,16,0,22,0,1,8,0,9,0,7,24,0,31,28,0,28,59
12/20/2017,ALN,IL,AGL,CE,Federal Contract Tower,0,15,17,6,38,0,2,25,3,30,0,17,42,9,68,94,12,106,174
12/21/2017,ALN,IL,AGL,CE,Federal Contract Tower,0,6,26,0,32,0,13,13,0,26,0,19,39,0,58,14,0,14,72
12/22/2017,ALN,IL,AGL,CE,Federal Contract Tower,0,12,10,2,24,0,3,11,0,14,0,15,21,2,38,26,8,34,72
12/23/2017,ALN,IL,AGL,CE,Federal Contract Tower,0,1,15,0,16,0,2,13,0,15,0,3,28,0,31,2,0,2,33
12/24/2017,ALN,IL,AGL,CE,Federal Contract Tower,0,1,1,0,2,0,3,0,0,3,0,4,1,0,5,0,0,0,5
12/25/2017,ALN,IL,AGL,CE,Federal Contract Tower,0,0,2,0,2,0,0,7,0,7,0,0,9,0,9,0,0,0,9
12/26/2017,ALN,IL,AGL,CE,Federal Contract Tower,0,7,1,0,8,0,1,0,0,1,0,8,1,0,9,0,0,0,9
12/27/2017,ALN,IL,AGL,CE,Federal Contract Tower,0,7,6,0,13,0,3,10,0,13,0,10,16,0,26,28,0,28,54
12/28/2017,ALN,IL,AGL,CE,Federal Contract Tower,0,12,9,0,21,0,3,9,0,12,0,15,18,0,33,38,0,38,71
12/29/2017,ALN,IL,AGL,CE,Federal Contract Tower,0,6,1,0,7,0,3,8,0,11,0,9,9,0,18,0,0,0,18
12/30/2017,ALN,IL,AGL,CE,Federal Contract Tower,0,0,2,0,2,0,2,7,0,9,0,2,9,0,11,10,0,10,21
12/31/2017,ALN,IL,AGL,CE,Federal Contract Tower,0,0,3,0,3,0,1,8,0,9,0,1,11,0,12,24,0,24,36
01/02/2018,ALN,IL,AGL,CE,Federal Contract Tower,0,17,2,0,19,0,2,4,0,6,0,19,6,0,25,2,0,2,27
01/03/2018,ALN,IL,AGL,CE,Federal Contract Tower,0,14,4,0,18,0,1,8,0,9,0,15,12,0,27,16,0,16,43
01/04/2018,ALN,IL,AGL,CE,Federal Contract Tower,0,2,13,0,15,0,3,11,0,14,0,5,24,0,29,40,0,40,69
01/05/2018,ALN,IL,AGL,CE,Federal Contract Tower,0,1,10,0,11,0,1,13,0,14,0,2,23,0,25,16,0,16,41
01/06/2018,ALN,IL,AGL,CE,Federal Contract Tower,0,3,17,0,20,0,1,15,0,16,0,4,32,0,36,50,0,50,86
01/07/2018,ALN,IL,AGL,CE,Federal Contract Tower,0,0,4,0,4,0,0,0,0,0,0,0,4,0,4,6,0,6,10
01/08/2018,ALN,IL,AGL,CE,Federal Contract Tower,0,5,9,0,14,0,0,0,0,0,0,5,9,0,14,0,0,0,14
01/09/2018,ALN,IL,AGL,CE,Federal Contract Tower,0,7,6,0,13,0,0,0,0,0,0,7,6,0,13,4,0,4,17
01/10/2018,ALN,IL,AGL,CE,Federal Contract Tower,0,18,5,1,24,0,5,2,0,7,0,23,7,1,31,6,2,8,39
01/11/2018,ALN,IL,AGL,CE,Federal Contract Tower,0,6,6,0,12,0,1,0,0,1,0,7,6,0,13,2,0,2,15
01/12/2018,ALN,IL,AGL,CE,Federal Contract Tower,1,4,4,3,12,0,1,0,0,1,1,5,4,3,13,24,6,30,43
01/13/2018,ALN,IL,AGL,CE,Federal Contract Tower,0,17,10,0,27,0,6,12,0,18,0,23,22,0,45,34,0,34,79
01/14/2018,ALN,IL,AGL,CE,Federal Contract Tower,0,20,7,0,27,0,3,4,0,7,0,23,11,0,34,28,0,28,62
01/15/2018,ALN,IL,AGL,CE,Federal Contract Tower,0,0,4,0,4,0,1,1,0,2,0,1,5,0,6,4,0,4,10
01/16/2018,ALN,IL,AGL,CE,Federal Contract Tower,0,10,5,8,23,0,0,1,0,1,0,10,6,8,24,8,0,8,32
01/17/2018,ALN,IL,AGL,CE,Federal Contract Tower,0,4,8,0,12,0,2,6,0,8,0,6,14,0,20,28,0,28,48
01/18/2018,ALN,IL,AGL,CE,Federal Contract Tower,0,9,13,0,22,0,2,15,0,17,0,11,28,0,39,58,0,58,97
01/19/2018,ALN,IL,AGL,CE,Federal Contract Tower,0,10,21,0,31,0,2,28,0,30,0,12,49,0,61,92,0,92,153
01/20/2018,ALN,IL,AGL,CE,Federal Contract Tower,0,1,23,0,24,0,3,34,0,37,0,4,57,0,61,114,0,114,175
01/21/2018,ALN,IL,AGL,CE,Federal Contract Tower,0,11,13,0,24,0,0,3,0,3,0,11,16,0,27,26,0,26,53
01/22/2018,ALN,IL,AGL,CE,Federal Contract Tower,0,3,12,0,15,0,2,0,0,2,0,5,12,0,17,2,0,2,19
01/23/2018,ALN,IL,AGL,CE,Federal Contract Tower,0,7,20,0,27,0,1,0,0,1,0,8,20,0,28,12,0,12,40
01/24/2018,ALN,IL,AGL,CE,Federal Contract Tower,0,12,19,0,31,0,0,22,0,22,0,12,41,0,53,134,0,134,187
01/25/2018,ALN,IL,AGL,CE,Federal Contract Tower,0,6,22,2,30,0,5,22,0,27,0,11,44,2,57,62,0,62,119
01/26/2018,ALN,IL,AGL,CE,Federal Contract Tower,0,10,3,0,13,0,0,9,0,9,0,10,12,0,22,40,0,40,62
01/27/2018,ALN,IL,AGL,CE,Federal Contract Tower,0,18,18,0,36,0,2,43,0,45,0,20,61,0,81,50,0,50,131
01/28/2018,ALN,IL,AGL,CE,Federal Contract Tower,0,9,15,0,24,0,4,46,0,50,0,13,61,0,74,96,0,96,170
01/29/2018,ALN,IL,AGL,CE,Federal Contract Tower,0,11,19,0,30,0,1,5,0,6,0,12,24,0,36,22,0,22,58
01/30/2018,ALN,IL,AGL,CE,Federal Contract Tower,0,13,11,0,24,0,1,10,0,11,0,14,21,0,35,48,0,48,83
01/31/2018,ALN,IL,AGL,CE,Federal Contract Tower,0,12,14,0,26,0,3,8,1,12,0,15,22,1,38,36,4,40,78
02/01/2018,ALN,IL,AGL,CE,Federal Contract Tower,0,12,7,1,20,0,0,4,1,5,0,12,11,2,25,8,0,8,33
02/02/2018,ALN,IL,AGL,CE,Federal Contract Tower,0,11,4,1,16,0,2,16,1,19,0,13,20,2,35,42,0,42,77
02/03/2018,ALN,IL,AGL,CE,Federal Contract Tower,0,5,2,0,7,0,1,15,0,16,0,6,17,0,23,18,0,18,41
02/04/2018,ALN,IL,AGL,CE,Federal Contract Tower,0,4,4,0,8,0,1,1,0,2,0,5,5,0,10,8,0,8,18
02/05/2018,ALN,IL,AGL,CE,Federal Contract Tower,0,16,9,4,29,0,2,6,0,8,0,18,15,4,37,8,12,20,57
02/06/2018,ALN,IL,AGL,CE,Federal Contract Tower,0,4,13,0,17,0,5,4,0,9,0,9,17,0,26,20,0,20,46
02/07/2018,ALN,IL,AGL,CE,Federal Contract Tower,0,6,12,0,18,0,4,17,0,21,0,10,29,0,39,44,0,44,83
02/08/2018,ALN,IL,AGL,CE,Federal Contract Tower,0,9,6,0,15,0,0,10,0,10,0,9,16,0,25,46,0,46,71
02/09/2018,ALN,IL,AGL,CE,Federal Contract Tower,0,10,9,0,19,0,2,13,0,15,0,12,22,0,34,82,0,82,116
02/10/2018,ALN,IL,AGL,CE,Federal Contract Tower,0,16,1,0,17,0,0,0,0,0,0,16,1,0,17,18,0,18,35
02/11/2018,ALN,IL,AGL,CE,Federal Contract Tower,0,7,2,0,9,0,2,1,0,3,0,9,3,0,12,10,0,10,22
02/12/2018,ALN,IL,AGL,CE,Federal Contract Tower,0,2,25,0,27,0,0,12,0,12,0,2,37,0,39,64,0,64,103
02/13/2018,ALN,IL,AGL,CE,Federal Contract Tower,0,12,7,0,19,0,3,14,0,17,0,15,21,0,36,26,0,26,62
02/14/2018,ALN,IL,AGL,CE,Federal Contract Tower,0,7,9,0,16,0,2,4,0,6,0,9,13,0,22,28,0,28,50
02/15/2018,ALN,IL,AGL,CE,Federal Contract Tower,0,9,2,0,11,0,3,3,0,6,0,12,5,0,17,30,0,30,47
02/16/2018,ALN,IL,AGL,CE,Federal Contract Tower,0,7,3,6,16,0,3,12,0,15,0,10,15,6,31,82,4,86,117
02/17/2018,ALN,IL,AGL,CE,Federal Contract Tower,0,14,1,0,15,0,3,0,0,3,0,17,1,0,18,14,0,14,32
02/18/2018,ALN,IL,AGL,CE,Federal Contract Tower,0,16,7,0,23,0,0,34,0,34,0,16,41,0,57,76,0,76,133
02/19/2018,ALN,IL,AGL,CE,Federal Contract Tower,0,9,6,0,15,0,2,0,0,2,0,11,6,0,17,0,0,0,17
02/20/2018,ALN,IL,AGL,CE,Federal Contract Tower,0,2,2,0,4,0,3,0,0,3,0,5,2,0,7,0,0,0,7
02/21/2018,ALN,IL,AGL,CE,Federal Contract Tower,0,10,5,0,15,0,2,2,0,4,0,12,7,0,19,28,0,28,47
02/22/2018,ALN,IL,AGL,CE,Federal Contract Tower,0,10,2,0,12,0,0,0,0,0,0,10,2,0,12,0,0,0,12
02/23/2018,ALN,IL,AGL,CE,Federal Contract Tower,0,15,3,0,18,0,4,5,0,9,0,19,8,0,27,22,0,22,49
02/24/2018,ALN,IL,AGL,CE,Federal Contract Tower,0,0,7,0,7,0,0,0,0,0,0,0,7,0,7,4,0,4,11
02/25/2018,ALN,IL,AGL,CE,Federal Contract Tower,0,0,15,0,15,0,0,64,0,64,0,0,79,0,79,74,0,74,153
02/26/2018,ALN,IL,AGL,CE,Federal Contract Tower,0,11,12,0,23,0,3,22,0,25,0,14,34,0,48,58,0,58,106
02/27/2018,ALN,IL,AGL,CE,Federal Contract Tower,0,2,22,0,24,0,2,20,0,22,0,4,42,0,46,46,0,46,92
02/28/2018,ALN,IL,AGL,CE,Federal Contract Tower,0,16,13,0,29,0,0,2,0,2,0,16,15,0,31,16,0,16,47
03/01/2018,ALN,IL,AGL,CE,Federal Contract Tower,0,9,7,0,16,0,2,1,0,3,0,11,8,0,19,4,0,4,23
03/02/2018,ALN,IL,AGL,CE,Federal Contract Tower,0,10,17,3,30,0,6,31,0,37,0,16,48,3,67,54,6,60,127
03/03/2018,ALN,IL,AGL,CE,Federal Contract Tower,0,3,30,0,33,0,0,31,0,31,0,3,61,0,64,52,0,52,116
03/04/2018,ALN,IL,AGL,CE,Federal Contract Tower,0,0,19,0,19,0,0,31,0,31,0,0,50,0,50,46,0,46,96
03/05/2018,ALN,IL,AGL,CE,Federal Contract Tower,0,9,6,2,17,0,2,0,0,2,0,11,6,2,19,10,0,10,29
03/06/2018,ALN,IL,AGL,CE,Federal Contract Tower,0,12,29,0,41,0,4,7,0,11,0,16,36,0,52,20,0,20,72
03/07/2018,ALN,IL,AGL,CE,Federal Contract Tower,0,21,13,14,48,0,0,10,0,10,0,21,23,14,58,38,26,64,122
03/08/2018,ALN,IL,AGL,CE,Federal Contract Tower,0,15,8,0,23,0,1,23,0,24,0,16,31,0,47,30,0,30,77
03/09/2018,ALN,IL,AGL,CE,Federal Contract Tower,0,8,10,2,20,0,4,13,0,17,0,12,23,2,37,40,0,40,77
03/10/2018,ALN,IL,AGL,CE,Federal Contract Tower,0,8,19,1,28,0,1,49,0,50,0,9,68,1,78,98,2,100,178
03/11/2018,ALN,IL,AGL,CE,Federal Contract Tower,0,6,3,0,9,0,1,0,0,1,0,7,3,0,10,6,0,6,16
03/12/2018,ALN,IL,AGL,CE,Federal Contract Tower,0,19,9,0,28,0,0,10,0,10,0,19,19,0,38,36,0,36,74
03/13/2018,ALN,IL,AGL,CE,Federal Contract Tower,0,21,16,0,37,0,1,21,2,24,0,22,37,2,61,66,8,74,135
03/14/2018,ALN,IL,AGL,CE,Federal Contract Tower,0,13,6,0,19,0,0,17,0,17,0,13,23,0,36,36,0,36,72
03/15/2018,ALN,IL,AGL,CE,Federal Contract Tower,0,9,12,0,21,0,4,26,0,30,0,13,38,0,51,40,0,40,91
03/16/2018,ALN,IL,AGL,CE,Federal Contract Tower,0,8,12,0,20,0,1,8,0,9,0,9,20,0,29,28,0,28,57
03/17/2018,ALN,IL,AGL,CE,Federal Contract Tower,0,26,12,0,38,0,0,0,1,1,0,26,12,1,39,26,0,26,65
03/18/2018,ALN,IL,AGL,CE,Federal Contract Tower,0,13,4,0,17,0,0,7,0,7,0,13,11,0,24,46,0,46,70
03/19/2018,ALN,IL,AGL,CE,Federal Contract Tower,1,9,6,0,16,0,1,0,0,1,1,10,6,0,17,0,0,0,17
03/20/2018,ALN,IL,AGL,CE,Federal Contract Tower,0,2,14,0,16,0,0,12,0,12,0,2,26,0,28,26,0,26,54
03/21/2018,ALN,IL,AGL,CE,Federal Contract Tower,0,16,11,0,27,0,5,27,0,32,0,21,38,0,59,138,0,138,197
03/22/2018,ALN,IL,AGL,CE,Federal Contract Tower,0,14,7,2,23,0,4,8,0,12,0,18,15,2,35,64,6,70,105
03/23/2018,ALN,IL,AGL,CE,Federal Contract Tower,0,11,13,0,24,0,2,15,0,17,0,13,28,0,41,30,0,30,71
03/24/2018,ALN,IL,AGL,CE,Federal Contract Tower,0,10,1,0,11,0,0,0,0,0,0,10,1,0,11,2,0,2,13
03/25/2018,ALN,IL,AGL,CE,Federal Contract Tower,0,16,5,0,21,0,4,19,0,23,0,20,24,0,44,122,0,122,166
03/26/2018,ALN,IL,AGL,CE,Federal Contract Tower,0,8,9,0,17,0,3,0,0,3,0,11,9,0,20,4,0,4,24
03/27/2018,ALN,IL,AGL,CE,Federal Contract Tower,0,3,3,0,6,0,1,0,0,1,0,4,3,0,7,2,0,2,9
03/28/2018,ALN,IL,AGL,CE,Federal Contract Tower,0,0,10,0,10,0,0,0,0,0,0,0,10,0,10,4,0,4,14
03/29/2018,ALN,IL,AGL,CE,Federal Contract Tower,0,7,5,0,12,0,1,0,0,1,0,8,5,0,13,4,0,4,17
03/30/2018,ALN,IL,AGL,CE,Federal Contract Tower,0,4,9,0,13,0,0,35,0,35,0,4,44,0,48,44,0,44,92
03/31/2018,ALN,IL,AGL,CE,Federal Contract Tower,0,5,10,0,15,0,2,6,0,8,0,7,16,0,23,10,0,10,33
04/01/2018,ALN,IL,AGL,CE,Federal Contract Tower,0,0,3,0,3,0,2,4,0,6,0,2,7,0,9,18,0,18,27
04/02/2018,ALN,IL,AGL,CE,Federal Contract Tower,0,10,2,0,12,0,0,0,0,0,0,10,2,0,12,28,0,28,40
04/03/2018,ALN,IL,AGL,CE,Federal Contract Tower,0,9,0,0,9,0,1,0,0,1,0,10,0,0,10,0,0,0,10
04/04/2018,ALN,IL,AGL,CE,Federal Contract Tower,0,8,12,4,24,0,0,21,2,23,0,8,33,6,47,18,8,26,73
04/05/2018,ALN,IL,AGL,CE,Federal Contract Tower,0,11,12,2,25,0,2,18,1,21,0,13,30,3,46,46,4,50,96
04/06/2018,ALN,IL,AGL,CE,Federal Contract Tower,0,5,4,1,10,0,4,12,0,16,0,9,16,1,26,32,0,32,58
04/07/2018,ALN,IL,AGL,CE,Federal Contract Tower,0,23,13,0,36,0,11,30,0,41,0,34,43,0,77,46,0,46,123
04/08/2018,ALN,IL,AGL,CE,Federal Contract Tower,0,4,16,4,24,0,2,12,0,14,0,6,28,4,38,32,10,42,80
04/09/2018,ALN,IL,AGL,CE,Federal Contract Tower,0,9,8,0,17,0,2,7,0,9,0,11,15,0,26,22,0,22,48
04/10/2018,ALN,IL,AGL,CE,Federal Contract Tower,0,9,10,0,19,0,0,22,0,22,0,9,32,0,41,33,0,33,74
04/11/2018,ALN,IL,AGL,CE,Federal Contract Tower,0,2,12,0,14,0,0,17,0,17,0,2,29,0,31,18,0,18,49
04/12/2018,ALN,IL,AGL,CE,Federal Contract Tower,0,11,5,3,19,0,3,27,0,30,0,14,32,3,49,54,8,62,111
04/13/2018,ALN,IL,AGL,CE,Federal Contract Tower,0,7,2,0,9,0,2,2,0,4,0,9,4,0,13,0,0,0,13
04/14/2018,ALN,IL,AGL,CE,Federal Contract Tower,0,6,9,0,15,0,2,0,0,2,0,8,9,0,17,30,0,30,47
04/15/2018,ALN,IL,AGL,CE,Federal Contract Tower,0,16,0,0,16,0,0,4,0,4,0,16,4,0,20,24,0,24,44
04/16/2018,ALN,IL,AGL,CE,Federal Contract Tower,0,10,5,0,15,0,0,11,0,11,0,10,16,0,26,24,0,24,50
04/17/2018,ALN,IL,AGL,CE,Federal Contract Tower,0,4,29,0,33,0,0,52,0,52,0,4,81,0,85,88,0,88,173
04/18/2018,ALN,IL,AGL,CE,Federal Contract Tower,0,11,4,0,15,0,1,2,0,3,0,12,6,0,18,22,0,22,40
04/19/2018,ALN,IL,AGL,CE,Federal Contract Tower,0,15,10,1,26,0,1,18,1,20,0,16,28,2,46,30,0,30,76
04/20/2018,ALN,IL,AGL,CE,Federal Contract Tower,0,7,14,0,21,0,1,37,0,38,0,8,51,0,59,56,0,56,115
04/21/2018,ALN,IL,AGL,CE,Federal Contract Tower,0,9,7,0,16,0,1,48,6,55,0,10,55,6,71,182,0,182,253
04/22/2018,ALN,IL,AGL,CE,Federal Contract Tower,0,2,8,0,10,0,0,9,0,9,0,2,17,0,19,16,0,16,35
04/23/2018,ALN,IL,AGL,CE,Federal Contract Tower,0,7,26,0,33,0,0,0,0,0,0,7,26,0,33,8,0,8,41
04/24/2018,ALN,IL,AGL,CE,Federal Contract Tower,0,11,35,0,46,0,0,17,0,17,0,11,52,0,63,64,0,64,127
04/25/2018,ALN,IL,AGL,CE,Federal Contract Tower,0,16,14,1,31,0,5,30,0,35,0,21,44,1,66,58,0,58,124
04/26/2018,ALN,IL,AGL,CE,Federal Contract Tower,0,15,7,0,22,0,2,39,0,41,0,17,46,0,63,62,0,62,125
04/27/2018,ALN,IL,AGL,CE,Federal Contract Tower,0,9,8,3,20,0,0,20,1,21,0,9,28,4,41,12,8,20,61
04/28/2018,ALN,IL,AGL,CE,Federal Contract Tower,0,2,14,0,16,0,2,62,0,64,0,4,76,0,80,164,0,164,244
04/29/2018,ALN,IL,AGL,CE,Federal Contract Tower,0,4,7,0,11,0,0,58,0,58,0,4,65,0,69,88,0,88,157
04/30/2018,ALN,IL,AGL,CE,Federal Contract Tower,0,12,11,2,25,0,0,15,0,15,0,12,26,2,40,62,2,64,104
05/01/2018,ALN,IL,AGL,CE,Federal Contract Tower,0,8,7,0,15,0,4,14,0,18,0,12,21,0,33,72,0,72,105
05/02/2018,ALN,IL,AGL,CE,Federal Contract Tower,0,21,18,4,43,0,6,13,0,19,0,27,31,4,62,78,4,82,144
05/03/2018,ALN,IL,AGL,CE,Federal Contract Tower,0,10,0,0,10,0,1,0,0,1,0,11,0,0,11,10,0,10,21
05/04/2018,ALN,IL,AGL,CE,Federal Contract Tower,0,13,17,0,30,0,2,29,0,31,0,15,46,0,61,70,0,70,131
05/05/2018,ALN,IL,AGL,CE,Federal Contract Tower,0,4,13,0,17,0,2,69,0,71,0,6,82,0,88,78,0,78,166
05/06/2018,ALN,IL,AGL,CE,Federal Contract Tower,0,1,8,0,9,0,0,36,4,40,0,1,44,4,49,40,0,40,89
05/07/2018,ALN,IL,AGL,CE,Federal Contract Tower,0,5,8,0,13,0,5,24,0,29,0,10,32,0,42,52,0,52,94
05/08/2018,ALN,IL,AGL,CE,Federal Contract Tower,0,5,7,0,12,0,1,36,0,37,0,6,43,0,49,84,0,84,133
05/09/2018,ALN,IL,AGL,CE,Federal Contract Tower,0,4,8,0,12,0,0,4,0,4,0,4,12,0,16,14,0,14,30
05/10/2018,ALN,IL,AGL,CE,Federal Contract Tower,0,14,4,2,20,0,0,28,0,28,0,14,32,2,48,46,6,52,100
05/11/2018,ALN,IL,AGL,CE,Federal Contract Tower,0,10,1,0,11,0,2,20,0,22,0,12,21,0,33,20,0,20,53
05/12/2018,ALN,IL,AGL,CE,Federal Contract Tower,0,7,1,0,8,0,1,32,0,33,0,8,33,0,41,60,0,60,101
05/13/2018,ALN,IL,AGL,CE,Federal Contract Tower,0,13,1,0,14,0,0,35,0,35,0,13,36,0,49,41,0,41,90
05/14/2018,ALN,IL,AGL,CE,Federal Contract Tower,0,17,5,1,23,0,4,16,0,20,0,21,21,1,43,16,4,20,63
05/15/2018,ALN,IL,AGL,CE,Federal Contract Tower,0,9,5,0,14,0,0,15,0,15,0,9,20,0,29,54,0,54,83
05/16/2018,ALN,IL,AGL,CE,Federal Contract Tower,0,8,5,0,13,0,0,30,0,30,0,8,35,0,43,78,0,78,121
05/17/2018,ALN,IL,AGL,CE,Federal Contract Tower,0,22,6,0,28,0,0,31,0,31,0,22,37,0,59,58,0,58,117
05/18/2018,ALN,IL,AGL,CE,Federal Contract Tower,0,10,4,0,14,0,0,0,0,0,0,10,4,0,14,8,0,8,22
05/19/2018,ALN,IL,AGL,CE,Federal Contract Tower,0,1,12,0,13,0,0,33,0,33,0,1,45,0,46,62,0,62,108
05/20/2018,ALN,IL,AGL,CE,Federal Contract Tower,0,19,6,0,25,0,0,20,0,20,0,19,26,0,45,36,0,36,81
05/21/2018,ALN,IL,AGL,CE,Federal Contract Tower,0,9,20,0,29,0,1,14,0,15,0,10,34,0,44,80,0,80,124
05/22/2018,ALN,IL,AGL,CE,Federal Contract Tower,0,8,19,0,27,0,3,37,0,40,0,11,56,0,67,62,0,62,129
05/23/2018,ALN,IL,AGL,CE,Federal Contract Tower,0,16,19,0,35,0,0,40,0,40,0,16,59,0,75,92,0,92,167
05/24/2018,ALN,IL,AGL,CE,Federal Contract Tower,0,12,8,0,20,0,2,21,0,23,0,14,29,0,43,28,0,28,71
05/25/2018,ALN,IL,AGL,CE,Federal Contract Tower,0,8,7,0,15,0,0,23,0,23,0,8,30,0,38,62,0,62,100
05/26/2018,ALN,IL,AGL,CE,Federal Contract Tower,0,10,7,0,17,0,4,41,0,45,0,14,48,0,62,86,0,86,148
05/27/2018,ALN,IL,AGL,CE,Federal Contract Tower,0,11,8,0,19,0,0,21,0,21,0,11,29,0,40,30,0,30,70
05/28/2018,ALN,IL,AGL,CE,Federal Contract Tower,0,6,12,0,18,0,1,36,0,37,0,7,48,0,55,58,0,58,113
05/29/2018,ALN,IL,AGL,CE,Federal Contract Tower,0,6,6,0,12,0,2,18,0,20,0,8,24,0,32,48,0,48,80
05/30/2018,ALN,IL,AGL,CE,Federal Contract Tower,0,3,13,5,21,0,0,12,0,12,0,3,25,5,33,38,4,42,75
05/31/2018,ALN,IL,AGL,CE,Federal Contract Tower,0,7,9,0,16,0,1,13,0,14,0,8,22,0,30,22,0,22,52
06/01/2018,ALN,IL,AGL,CE,Federal Contract Tower,0,8,22,0,30,0,6,26,3,35,0,14,48,3,65,38,16,54,119
06/02/2018,ALN,IL,AGL,CE,Federal Contract Tower,0,2,2,0,4,0,0,26,0,26,0,2,28,0,30,12,0,12,42
06/03/2018,ALN,IL,AGL,CE,Federal Contract Tower,0,8,3,4,15,0,0,42,0,42,0,8,45,4,57,22,0,22,79
06/04/2018,ALN,IL,AGL,CE,Federal Contract Tower,0,14,15,0,29,0,0,35,0,35,0,14,50,0,64,58,0,58,122
06/05/2018,ALN,IL,AGL,CE,Federal Contract Tower,0,5,8,0,13,0,0,35,0,35,0,5,43,0,48,28,0,28,76
06/06/2018,ALN,IL,AGL,CE,Federal Contract Tower,0,13,14,0,27,0,2,46,0,48,0,15,60,0,75,96,0,96,171
06/07/2018,ALN,IL,AGL,CE,Federal Contract Tower,0,22,4,2,28,0,5,22,0,27,0,27,26,2,55,2,0,2,57
06/08/2018,ALN,IL,AGL,CE,Federal Contract Tower,0,8,12,0,20,0,0,23,0,23,0,8,35,0,43,36,0,36,79
06/09/2018,ALN,IL,AGL,CE,Federal Contract Tower,0,11,10,0,21,0,2,8,0,10,0,13,18,0,31,20,0,20,51
06/10/2018,ALN,IL,AGL,CE,Federal Contract Tower,0,4,2,0,6,0,0,14,0,14,0,4,16,0,20,40,0,40,60
06/11/2018,ALN,IL,AGL,CE,Federal Contract Tower,0,16,4,0,20,0,0,9,0,9,0,16,13,0,29,54,0,54,83
06/12/2018,ALN,IL,AGL,CE,Federal Contract Tower,0,9,5,0,14,0,4,18,0,22,0,13,23,0,36,54,0,54,90
06/13/2018,ALN,IL,AGL,CE,Federal Contract Tower,0,12,11,0,23,0,0,39,0,39,0,12,50,0,62,64,0,64,126
06/14/2018,ALN,IL,AGL,CE,Federal Contract Tower,0,6,1,0,7,0,3,24,0,27,0,9,25,0,34,22,0,22,56
06/15/2018,ALN,IL,AGL,CE,Federal Contract Tower,0,11,5,0,16,0,1,23,0,24,0,12,28,0,40,36,0,36,76
06/16/2018,ALN,IL,AGL,CE,Federal Contract Tower,0,1,14,0,15,0,0,36,0,36,0,1,50,0,51,32,0,32,83
06/17/2018,ALN,IL,AGL,CE,Federal Contract Tower,0,18,2,0,20,0,0,37,0,37,0,18,39,0,57,24,0,24,81
06/18/2018,ALN,IL,AGL,CE,Federal Contract Tower,0,14,14,2,30,0,5,19,0,24,0,19,33,2,54,26,0,26,80
06/19/2018,ALN,IL,AGL,CE,Federal Contract Tower,0,11,3,0,14,0,5,10,0,15,0,16,13,0,29,28,0,28,57
06/20/2018,ALN,IL,AGL,CE,Federal Contract Tower,0,4,3,0,7,0,0,2,0,2,0,4,5,0,9,18,0,18,27
06/21/2018,ALN,IL,AGL,CE,Federal Contract Tower,0,10,4,0,14,0,3,4,0,7,0,13,8,0,21,20,0,20,41
06/22/2018,ALN,IL,AGL,CE,Federal Contract Tower,0,7,11,0,18,0,2,3,0,5,0,9,14,0,23,6,0,6,29
06/23/2018,ALN,IL,AGL,CE,Federal Contract Tower,0,4,13,0,17,0,0,15,0,15,0,4,28,0,32,32,0,32,64
06/24/2018,ALN,IL,AGL,CE,Federal Contract Tower,0,6,14,0,20,0,0,24,0,24,0,6,38,0,44,24,0,24,68
06/25/2018,ALN,IL,AGL,CE,Federal Contract Tower,0,6,10,0,16,0,0,6,0,6,0,6,16,0,22,0,0,0,22
06/26/2018,ALN,IL,AGL,CE,Federal Contract Tower,0,3,3,0,6,0,0,2,0,2,0,3,5,0,8,0,0,0,8
06/27/2018,ALN,IL,AGL,CE,Federal Contract Tower,0,17,29,1,47,0,0,23,0,23,0,17,52,1,70,55,2,57,127
06/28/2018,ALN,IL,AGL,CE,Federal Contract Tower,0,7,12,0,19,0,0,9,0,9,0,7,21,0,28,14,0,14,42
06/29/2018,ALN,IL,AGL,CE,Federal Contract Tower,0,18,6,0,24,0,0,20,4,24,0,18,26,4,48,58,0,58,106
06/30/2018,ALN,IL,AGL,CE,Federal Contract Tower,0,7,11,0,18,0,0,18,0,18,0,7,29,0,36,26,0,26,62
07/01/2018,ALN,IL,AGL,CE,Federal Contract Tower,0,2,10,0,12,0,0,9,0,9,0,2,19,0,21,14,0,14,35
07/02/2018,ALN,IL,AGL,CE,Federal Contract Tower,0,20,2,4,26,0,3,18,0,21,0,23,20,4,47,52,4,56,103
07/03/2018,ALN,IL,AGL,CE,Federal Contract Tower,0,14,8,5,27,0,0,13,0,13,0,14,21,5,40,36,8,44,84
07/04/2018,ALN,IL,AGL,CE,Federal Contract Tower,0,3,2,0,5,0,0,26,0,26,0,3,28,0,31,48,0,48,79
07/05/2018,ALN,IL,AGL,CE,Federal Contract Tower,0,6,6,0,12,0,1,12,0,13,0,7,18,0,25,44,0,44,69
07/06/2018,ALN,IL,AGL,CE,Federal Contract Tower,0,8,16,8,32,0,1,10,0,11,0,9,26,8,43,20,22,42,85
07/07/2018,ALN,IL,AGL,CE,Federal Contract Tower,0,3,9,0,12,0,0,54,0,54,0,3,63,0,66,42,0,42,108
07/08/2018,ALN,IL,AGL,CE,Federal Contract Tower,0,2,1,0,3,0,0,34,0,34,0,2,35,0,37,20,0,20,57
07/09/2018,ALN,IL,AGL,CE,Federal Contract Tower,0,15,2,0,17,0,0,16,1,17,0,15,18,1,34,16,0,16,50
07/10/2018,ALN,IL,AGL,CE,Federal Contract Tower,0,12,13,0,25,0,0,20,0,20,0,12,33,0,45,38,0,38,83
07/11/2018,ALN,IL,AGL,CE,Federal Contract Tower,0,5,16,0,21,0,0,56,0,56,0,5,72,0,77,56,0,56,133
07/12/2018,ALN,IL,AGL,CE,Federal Contract Tower,0,6,10,0,16,0,1,45,0,46,0,7,55,0,62,52,0,52,114
07/13/2018,ALN,IL,AGL,CE,Federal Contract Tower,0,12,15,0,27,0,0,11,2,13,0,12,26,2,40,78,16,94,134
07/14/2018,ALN,IL,AGL,CE,Federal Contract Tower,0,1,11,0,12,0,0,28,0,28,0,1,39,0,40,36,0,36,76
07/15/2018,ALN,IL,AGL,CE,Federal Contract Tower,0,25,7,0,32,0,2,6,0,8,0,27,13,0,40,34,0,34,74
07/16/2018,ALN,IL,AGL,CE,Federal Contract Tower,0,5,12,0,17,0,0,8,0,8,0,5,20,0,25,68,0,68,93
07/17/2018,ALN,IL,AGL,CE,Federal Contract Tower,0,16,10,0,26,0,0,29,0,29,0,16,39,0,55,76,0,76,131
07/18/2018,ALN,IL,AGL,CE,Federal Contract Tower,0,13,8,1,22,0,0,24,0,24,0,13,32,1,46,62,2,64,110
07/19/2018,ALN,IL,AGL,CE,Federal Contract Tower,0,7,7,5,19,0,0,22,0,22,0,7,29,5,41,10,8,18,59
07/20/2018,ALN,IL,AGL,CE,Federal Contract Tower,0,9,13,0,22,0,0,16,0,16,0,9,29,0,38,14,0,14,52
07/21/2018,ALN,IL,AGL,CE,Federal Contract Tower,0,9,18,0,27,0,7,21,2,30,0,16,39,2,57,60,0,60,117
07/22/2018,ALN,IL,AGL,CE,Federal Contract Tower,0,9,18,0,27,0,0,11,0,11,0,9,29,0,38,8,0,8,46
07/23/2018,ALN,IL,AGL,CE,Federal Contract Tower,0,7,11,3,21,0,1,22,0,23,0,8,33,3,44,78,12,90,134
07/24/2018,ALN,IL,AGL,CE,Federal Contract Tower,0,14,7,0,21,0,0,22,0,22,0,14,29,0,43,14,0,14,57
07/25/2018,ALN,IL,AGL,CE,Federal Contract Tower,0,11,15,0,26,0,4,21,0,25,0,15,36,0,51,40,0,40,91
07/26/2018,ALN,IL,AGL,CE,Federal Contract Tower,0,12,6,0,18,0,2,12,0,14,0,14,18,0,32,20,0,20,52
07/27/2018,ALN,IL,AGL,CE,Federal Contract Tower,2,7,11,2,22,0,2,16,0,18,2,9,27,2,40,56,4,60,100
07/28/2018,ALN,IL,AGL,CE,Federal Contract Tower,0,4,28,0,32,0,0,38,2,40,0,4,66,2,72,34,6,40,112
07/29/2018,ALN,IL,AGL,CE,Federal Contract Tower,0,1,11,0,12,0,0,1,0,1,0,1,12,0,13,0,0,0,13
07/30/2018,ALN,IL,AGL,CE,Federal Contract Tower,0,14,5,0,19,0,1,7,0,8,0,15,12,0,27,32,0,32,59
07/31/2018,ALN,IL,AGL,CE,Federal Contract Tower,0,9,7,0,16,0,1,12,0,13,0,10,19,0,29,10,0,10,39
08/01/2018,ALN,IL,AGL,CE,Federal Contract Tower,0,7,18,0,25,0,0,28,0,28,0,7,46,0,53,40,0,40,93
08/02/2018,ALN,IL,AGL,CE,Federal Contract Tower,0,14,14,0,28,0,2,8,0,10,0,16,22,0,38,22,0,22,60
08/03/2018,ALN,IL,AGL,CE,Federal Contract Tower,0,13,9,2,24,0,1,31,0,32,0,14,40,2,56,52,6,58,114
08/04/2018,ALN,IL,AGL,CE,Federal Contract Tower,0,3,23,0,26,0,0,44,0,44,0,3,67,0,70,46,0,46,116
08/05/2018,ALN,IL,AGL,CE,Federal Contract Tower,0,1,13,0,14,0,1,50,0,51,0,2,63,0,65,104,0,104,169
08/06/2018,ALN,IL,AGL,CE,Federal Contract Tower,0,3,6,4,13,0,0,6,0,6,0,3,12,4,19,42,2,44,63
08/07/2018,ALN,IL,AGL,CE,Federal Contract Tower,0,10,15,0,25,0,0,6,0,6,0,10,21,0,31,30,0,30,61
08/08/2018,ALN,IL,AGL,CE,Federal Contract Tower,0,15,10,0,25,0,0,20,0,20,0,15,30,0,45,36,0,36,81
08/09/2018,ALN,IL,AGL,CE,Federal Contract Tower,0,10,22,1,33,0,0,39,1,40,0,10,61,2,73,76,0,76,149
08/10/2018,ALN,IL,AGL,CE,Federal Contract Tower,1,4,11,0,16,0,5,6,0,11,1,9,17,0,27,24,0,24,51
08/11/2018,ALN,IL,AGL,CE,Federal Contract Tower,0,10,17,0,27,0,3,34,0,37,0,13,51,0,64,72,0,72,136
08/12/2018,ALN,IL,AGL,CE,Federal Contract Tower,0,15,2,0,17,0,2,47,0,49,0,17,49,0,66,98,0,98,164
08/13/2018,ALN,IL,AGL,CE,Federal Contract Tower,0,4,12,0,16,0,0,17,0,17,0,4,29,0,33,116,0,116,149
08/14/2018,ALN,IL,AGL,CE,Federal Contract Tower,0,6,10,6,22,0,1,17,0,18,0,7,27,6,40,28,12,40,80
08/15/2018,ALN,IL,AGL,CE,Federal Contract Tower,0,5,5,0,10,0,0,0,0,0,0,5,5,0,10,0,0,0,10
08/16/2018,ALN,IL,AGL,CE,Federal Contract Tower,0,10,3,2,15,0,0,6,0,6,0,10,9,2,21,108,4,112,133
08/17/2018,ALN,IL,AGL,CE,Federal Contract Tower,0,8,8,0,16,0,1,10,0,11,0,9,18,0,27,32,0,32,59
08/18/2018,ALN,IL,AGL,CE,Federal Contract Tower,0,9,12,0,21,0,0,39,0,39,0,9,51,0,60,138,0,138,198
08/19/2018,ALN,IL,AGL,CE,Federal Contract Tower,0,14,11,0,25,0,3,19,0,22,0,17,30,0,47,74,0,74,121
08/20/2018,ALN,IL,AGL,CE,Federal Contract Tower,0,7,10,0,17,0,0,3,0,3,0,7,13,0,20,4,0,4,24
08/21/2018,ALN,IL,AGL,CE,Federal Contract Tower,0,14,21,0,35,0,0,3,0,3,0,14,24,0,38,36,0,36,74
08/22/2018,ALN,IL,AGL,CE,Federal Contract Tower,0,19,28,6,53,0,0,38,0,38,0,19,66,6,91,64,10,74,165
08/23/2018,ALN,IL,AGL,CE,Federal Contract Tower,0,8,18,2,28,0,2,39,0,41,0,10,57,2,69,158,0,158,227
08/24/2018,ALN,IL,AGL,CE,Federal Contract Tower,0,10,8,0,18,0,0,3,0,3,0,10,11,0,21,2,0,2,23
08/25/2018,ALN,IL,AGL,CE,Federal Contract Tower,0,7,11,0,18,0,1,25,0,26,0,8,36,0,44,52,0,52,96
08/26/2018,ALN,IL,AGL,CE,Federal Contract Tower,0,3,11,0,14,0,2,30,0,32,0,5,41,0,46,28,0,28,74
08/27/2018,ALN,IL,AGL,CE,Federal Contract Tower,0,2,11,0,13,0,0,10,0,10,0,2,21,0,23,14,0,14,37
08/28/2018,ALN,IL,AGL,CE,Federal Contract Tower,0,13,13,0,26,0,0,22,0,22,0,13,35,0,48,88,0,88,136
08/29/2018,ALN,IL,AGL,CE,Federal Contract Tower,0,10,10,0,20,0,0,9,0,9,0,10,19,0,29,14,0,14,43
08/30/2018,ALN,IL,AGL,CE,Federal Contract Tower,2,15,4,1,22,0,0,10,0,10,2,15,14,1,32,36,4,40,72
08/31/2018,ALN,IL,AGL,CE,Federal Contract Tower,0,21,13,0,34,0,2,14,0,16,0,23,27,0,50,44,0,44,94
09/01/2018,ALN,IL,AGL,CE,Federal Contract Tower,0,0,13,0,13,0,4,43,0,47,0,4,56,0,60,64,0,64,124
09/02/2018,ALN,IL,AGL,CE,Federal Contract Tower,0,1,3,0,4,0,0,29,0,29,0,1,32,0,33,28,0,28,61
09/03/2018,ALN,IL,AGL,CE,Federal Contract Tower,0,2,13,0,15,0,0,24,0,24,0,2,37,0,39,32,0,32,71
09/04/2018,ALN,IL,AGL,CE,Federal Contract Tower,0,15,5,0,20,0,2,22,0,24,0,17,27,0,44,96,0,96,140
09/05/2018,ALN,IL,AGL,CE,Federal Contract Tower,0,16,7,0,23,0,3,20,0,23,0,19,27,0,46,60,0,60,106
09/06/2018,ALN,IL,AGL,CE,Federal Contract Tower,0,13,7,0,20,0,3,14,0,17,0,16,21,0,37,22,0,22,59
09/07/2018,ALN,IL,AGL,CE,Federal Contract Tower,0,9,7,1,17,0,1,5,1,7,0,10,12,2,24,4,0,4,28
09/08/2018,ALN,IL,AGL,CE,Federal Contract Tower,0,6,3,0,9,0,0,1,0,1,0,6,4,0,10,0,0,0,10
09/09/2018,ALN,IL,AGL,CE,Federal Contract Tower,0,4,0,0,4,0,0,21,0,21,0,4,21,0,25,32,0,32,57
09/10/2018,ALN,IL,AGL,CE,Federal Contract Tower,0,10,17,0,27,0,0,35,4,39,0,10,52,4,66,32,4,36,102
09/11/2018,ALN,IL,AGL,CE,Federal Contract Tower,0,17,25,0,42,0,1,41,0,42,0,18,66,0,84,74,0,74,158
09/12/2018,ALN,IL,AGL,CE,Federal Contract Tower,0,16,14,1,31,0,2,35,0,37,0,18,49,1,68,121,2,123,191
09/13/2018,ALN,IL,AGL,CE,Federal Contract Tower,0,18,20,2,40,0,1,36,0,37,0,19,56,2,77,62,4,66,143
09/14/2018,ALN,IL,AGL,CE,Federal Contract Tower,0,19,24,0,43,0,1,45,0,46,0,20,69,0,89,44,0,44,133
09/15/2018,ALN,IL,AGL,CE,Federal Contract Tower,0,20,6,0,26,0,0,50,0,50,0,20,56,0,76,60,0,60,136
09/16/2018,ALN,IL,AGL,CE,Federal Contract Tower,0,6,11,1,18,0,0,46,0,46,0,6,57,1,64,50,4,54,118
09/17/2018,ALN,IL,AGL,CE,Federal Contract Tower,0,21,7,0,28,0,1,30,0,31,0,22,37,0,59,60,0,60,119
09/18/2018,ALN,IL,AGL,CE,Federal Contract Tower,0,8,12,4,24,0,0,14,0,14,0,8,26,4,38,54,4,58,96
09/19/2018,ALN,IL,AGL,CE,Federal Contract Tower,0,19,6,0,25,0,0,18,0,18,0,19,24,0,43,22,0,22,65
09/20/2018,ALN,IL,AGL,CE,Federal Contract Tower,0,9,12,0,21,0,2,14,0,16,0,11,26,0,37,38,0,38,75
09/21/2018,ALN,IL,AGL,CE,Federal Contract Tower,0,5,9,4,18,0,2,23,4,29,0,7,32,8,47,22,16,38,85
09/22/2018,ALN,IL,AGL,CE,Federal Contract Tower,2,0,13,1,16,0,0,53,0,53,2,0,66,1,69,114,4,118,187
09/23/2018,ALN,IL,AGL,CE,Federal Contract Tower,0,9,10,2,21,0,4,33,0,37,0,13,43,2,58,78,0,78,136
09/24/2018,ALN,IL,AGL,CE,Federal Contract Tower,0,14,11,0,25,0,0,6,0,6,0,14,17,0,31,14,0,14,45
09/25/2018,ALN,IL,AGL,CE,Federal Contract Tower,0,8,8,0,16,0,2,7,0,9,0,10,15,0,25,44,0,44,69
09/26/2018,ALN,IL,AGL,CE,Federal Contract Tower,0,9,17,0,26,0,8,25,0,33,0,17,42,0,59,72,0,72,131
09/27/2018,ALN,IL,AGL,CE,Federal Contract Tower,1,13,11,0,25,0,5,42,0,47,1,18,53,0,72,72,0,72,144
09/28/2018,ALN,IL,AGL,CE,Federal Contract Tower,0,16,15,0,31,0,3,25,0,28,0,19,40,0,59,30,0,30,89
09/29/2018,ALN,IL,AGL,CE,Federal Contract Tower,1,6,14,0,21,0,2,89,0,91,1,8,103,0,112,82,0,82,194
09/30/2018,ALN,IL,AGL,CE,Federal Contract Tower,0,6,10,0,16,0,155,74,0,229,0,161,84,0,245,22,0,22,267
10/01/2018,ALN,IL,AGL,CE,Federal Contract Tower,0,20,12,0,32,0,0,15,1,16,0,20,27,1,48,68,0,68,116
10/02/2018,ALN,IL,AGL,CE,Federal Contract Tower,1,18,3,2,24,0,5,22,0,27,1,23,25,2,51,76,4,80,131
10/03/2018,ALN,IL,AGL,CE,Federal Contract Tower,0,4,8,0,12,0,0,17,0,17,0,4,25,0,29,57,0,57,86
10/04/2018,ALN,IL,AGL,CE,Federal Contract Tower,0,15,11,0,26,0,1,7,0,8,0,16,18,0,34,10,0,10,44
10/05/2018,ALN,IL,AGL,CE,Federal Contract Tower,0,7,12,0,19,0,3,14,0,17,0,10,26,0,36,34,0,34,70
10/06/2018,ALN,IL,AGL,CE,Federal Contract Tower,0,15,8,0,23,0,1,22,0,23,0,16,30,0,46,52,0,52,98
10/07/2018,ALN,IL,AGL,CE,Federal Contract Tower,0,3,8,0,11,0,0,7,0,7,0,3,15,0,18,8,0,8,26
10/08/2018,ALN,IL,AGL,CE,Federal Contract Tower,0,4,12,0,16,0,0,17,0,17,0,4,29,0,33,54,0,54,87
10/09/2018,ALN,IL,AGL,CE,Federal Contract Tower,1,7,8,3,19,0,2,6,0,8,1,9,14,3,27,10,6,16,43
10/10/2018,ALN,IL,AGL,CE,Federal Contract Tower,0,6,9,0,15,0,0,2,0,2,0,6,11,0,17,8,0,8,25
10/11/2018,ALN,IL,AGL,CE,Federal Contract Tower,0,14,8,0,22,0,2,13,0,15,0,16,21,0,37,68,0,68,105
10/12/2018,ALN,IL,AGL,CE,Federal Contract Tower,0,28,7,5,40,0,3,7,0,10,0,31,14,5,50,52,10,62,112
10/13/2018,ALN,IL,AGL,CE,Federal Contract Tower,0,14,13,0,27,0,3,15,0,18,0,17,28,0,45,118,0,118,163
10/14/2018,ALN,IL,AGL,CE,Federal Contract Tower,0,13,7,0,20,0,0,4,0,4,0,13,11,0,24,14,0,14,38
10/15/2018,ALN,IL,AGL,CE,Federal Contract Tower,0,14,7,1,22,0,0,12,3,15,0,14,19,4,37,58,2,60,97
10/16/2018,ALN,IL,AGL,CE,Federal Contract Tower,0,7,9,0,16,0,2,35,0,37,0,9,44,0,53,104,0,104,157
10/17/2018,ALN,IL,AGL,CE,Federal Contract Tower,0,5,3,0,8,0,2,35,0,37,0,7,38,0,45,76,0,76,121
10/18/2018,ALN,IL,AGL,CE,Federal Contract Tower,0,27,8,0,35,0,1,50,0,51,0,28,58,0,86,90,0,90,176
10/19/2018,ALN,IL,AGL,CE,Federal Contract Tower,4,11,20,6,41,0,0,8,0,8,4,11,28,6,49,60,6,66,115
10/20/2018,ALN,IL,AGL,CE,Federal Contract Tower,0,6,7,0,13,0,0,10,0,10,0,6,17,0,23,22,0,22,45
10/21/2018,ALN,IL,AGL,CE,Federal Contract Tower,0,1,11,0,12,0,1,25,0,26,0,2,36,0,38,70,0,70,108
10/22/2018,ALN,IL,AGL,CE,Federal Contract Tower,0,6,15,4,25,0,0,20,0,20,0,6,35,4,45,64,0,64,109
10/23/2018,ALN,IL,AGL,CE,Federal Contract Tower,0,7,12,0,19,0,0,27,0,27,0,7,39,0,46,118,0,118,164
10/24/2018,ALN,IL,AGL,CE,Federal Contract Tower,0,14,9,1,24,0,1,26,0,27,0,15,35,1,51,110,4,114,165
10/25/2018,ALN,IL,AGL,CE,Federal Contract Tower,0,16,14,0,30,0,0,31,0,31,0,16,45,0,61,68,0,68,129
10/26/2018,ALN,IL,AGL,CE,Federal Contract Tower,0,10,1,0,11,0,0,0,0,0,0,10,1,0,11,0,0,0,11
10/27/2018,ALN,IL,AGL,CE,Federal Contract Tower,0,1,7,1,9,0,0,37,2,39,0,1,44,3,48,76,0,76,124
10/28/2018,ALN,IL,AGL,CE,Federal Contract Tower,0,5,3,0,8,0,0,8,0,8,0,5,11,0,16,0,0,0,16
10/29/2018,ALN,IL,AGL,CE,Federal Contract Tower,0,8,21,0,29,0,0,55,0,55,0,8,76,0,84,133,0,133,217
10/30/2018,ALN,IL,AGL,CE,Federal Contract Tower,0,5,12,1,18,0,1,21,0,22,0,6,33,1,40,54,2,56,96
10/31/2018,ALN,IL,AGL,CE,Federal Contract Tower,1,5,9,1,16,0,0,1,0,1,1,5,10,1,17,4,0,4,21
11/01/2018,ALN,IL,AGL,CE,Federal Contract Tower,0,20,4,0,24,0,0,0,0,0,0,20,4,0,24,6,0,6,30
11/02/2018,ALN,IL,AGL,CE,Federal Contract Tower,1,10,7,0,18,0,0,14,0,14,1,10,21,0,32,32,0,32,64
11/03/2018,ALN,IL,AGL,CE,Federal Contract Tower,0,5,15,1,21,0,0,32,1,33,0,5,47,2,54,78,0,78,132
11/04/2018,ALN,IL,AGL,CE,Federal Contract Tower,0,6,8,0,14,0,1,0,0,1,0,7,8,0,15,6,0,6,21
11/05/2018,ALN,IL,AGL,CE,Federal Contract Tower,0,10,10,1,21,0,0,3,0,3,0,10,13,1,24,10,2,12,36
11/06/2018,ALN,IL,AGL,CE,Federal Contract Tower,0,12,21,0,33,0,0,19,4,23,0,12,40,4,56,114,0,114,170
11/07/2018,ALN,IL,AGL,CE,Federal Contract Tower,0,11,24,4,39,0,2,45,0,47,0,13,69,4,86,134,8,142,228
11/08/2018,ALN,IL,AGL,CE,Federal Contract Tower,0,14,9,2,25,0,0,9,4,13,0,14,18,6,38,44,4,48,86
11/09/2018,ALN,IL,AGL,CE,Federal Contract Tower,0,9,5,0,14,0,0,2,0,2,0,9,7,0,16,36,0,36,52
11/10/2018,ALN,IL,AGL,CE,Federal Contract Tower,0,7,19,0,26,0,1,32,0,33,0,8,51,0,59,110,0,110,169
11/11/2018,ALN,IL,AGL,CE,Federal Contract Tower,0,11,12,0,23,0,5,30,0,35,0,16,42,0,58,82,0,82,140
11/12/2018,ALN,IL,AGL,CE,Federal Contract Tower,0,7,5,0,12,0,0,2,0,2,0,7,7,0,14,8,0,8,22
11/13/2018,ALN,IL,AGL,CE,Federal Contract Tower,0,12,7,0,19,0,0,11,0,11,0,12,18,0,30,34,0,34,64
11/14/2018,ALN,IL,AGL,CE,Federal Contract Tower,0,14,14,0,28,0,0,25,0,25,0,14,39,0,53,60,0,60,113
11/15/2018,ALN,IL,AGL,CE,Federal Contract Tower,0,7,0,0,7,0,0,0,0,0,0,7,0,0,7,0,0,0,7
11/16/2018,ALN,IL,AGL,CE,Federal Contract Tower,0,20,12,1,33,0,1,21,0,22,0,21,33,1,55,58,0,58,113
11/17/2018,ALN,IL,AGL,CE,Federal Contract Tower,0,9,13,0,22,0,4,34,1,39,0,13,47,1,61,88,0,88,149
11/18/2018,ALN,IL,AGL,CE,Federal Contract Tower,0,3,2,0,5,0,0,0,0,0,0,3,2,0,5,0,0,0,5
11/19/2018,ALN,IL,AGL,CE,Federal Contract Tower,0,8,5,2,15,0,0,4,0,4,0,8,9,2,19,2,0,2,21
11/20/2018,ALN,IL,AGL,CE,Federal Contract Tower,0,10,6,0,16,0,2,19,0,21,0,12,25,0,37,93,0,93,130
11/21/2018,ALN,IL,AGL,CE,Federal Contract Tower,0,3,8,3,14,0,0,43,0,43,0,3,51,3,57,144,0,144,201
11/22/2018,ALN,IL,AGL,CE,Federal Contract Tower,0,2,0,0,2,0,0,12,0,12,0,2,12,0,14,0,0,0,14
11/23/2018,ALN,IL,AGL,CE,Federal Contract Tower,0,0,0,0,0,0,0,5,0,5,0,0,5,0,5,12,0,12,17
11/24/2018,ALN,IL,AGL,CE,Federal Contract Tower,0,0,10,0,10,0,0,60,0,60,0,0,70,0,70,62,0,62,132
11/25/2018,ALN,IL,AGL,CE,Federal Contract Tower,0,1,10,0,11,0,0,3,0,3,0,1,13,0,14,16,0,16,30
11/26/2018,ALN,IL,AGL,CE,Federal Contract Tower,0,7,12,0,19,0,0,0,0,0,0,7,12,0,19,6,0,6,25
11/27/2018,ALN,IL,AGL,CE,Federal Contract Tower,0,11,6,0,17,0,2,11,0,13,0,13,17,0,30,114,0,114,144
11/28/2018,ALN,IL,AGL,CE,Federal Contract Tower,0,8,18,0,26,0,1,13,0,14,0,9,31,0,40,110,0,110,150
11/29/2018,ALN,IL,AGL,CE,Federal Contract Tower,1,13,8,0,22,0,2,22,0,24,1,15,30,0,46,54,0,54,100
11/30/2018,ALN,IL,AGL,CE,Federal Contract Tower,0,12,5,0,17,0,0,12,0,12,0,12,17,0,29,42,0,42,71
12/01/2018,ALN,IL,AGL,CE,Federal Contract Tower,0,3,7,0,10,0,0,2,0,2,0,3,9,0,12,16,0,16,28
12/02/2018,ALN,IL,AGL,CE,Federal Contract Tower,0,10,5,0,15,0,0,1,0,1,0,10,6,0,16,4,0,4,20
12/03/2018,ALN,IL,AGL,CE,Federal Contract Tower,0,8,3,0,11,0,3,3,0,6,0,11,6,0,17,18,0,18,35
12/04/2018,ALN,IL,AGL,CE,Federal Contract Tower,0,1,3,0,4,0,0,2,0,2,0,1,5,0,6,0,0,0,6
12/05/2018,ALN,IL,AGL,CE,Federal Contract Tower,0,15,7,0,22,0,0,35,0,35,0,15,42,0,57,32,0,32,89
12/06/2018,ALN,IL,AGL,CE,Federal Contract Tower,0,9,5,0,14,0,0,0,0,0,0,9,5,0,14,4,0,4,18
12/07/2018,ALN,IL,AGL,CE,Federal Contract Tower,0,11,8,0,19,0,0,6,0,6,0,11,14,0,25,28,0,28,53
12/08/2018,ALN,IL,AGL,CE,Federal Contract Tower,0,14,12,0,26,0,12,6,0,18,0,26,18,0,44,58,0,58,102
12/09/2018,ALN,IL,AGL,CE,Federal Contract Tower,0,16,16,0,32,0,5,20,0,25,0,21,36,0,57,78,0,78,135
12/10/2018,ALN,IL,AGL,CE,Federal Contract Tower,0,10,5,0,15,0,0,17,0,17,0,10,22,0,32,56,0,56,88
12/11/2018,ALN,IL,AGL,CE,Federal Contract Tower,0,5,9,2,16,0,0,15,0,15,0,5,24,2,31,82,2,84,115
12/12/2018,ALN,IL,AGL,CE,Federal Contract Tower,0,19,6,0,25,0,6,18,0,24,0,25,24,0,49,120,0,120,169
12/13/2018,ALN,IL,AGL,CE,Federal Contract Tower,0,10,2,3,15,0,0,0,0,0,0,10,2,3,15,0,4,4,19
12/14/2018,ALN,IL,AGL,CE,Federal Contract Tower,0,15,8,0,23,0,0,0,0,0,0,15,8,0,23,16,0,16,39
12/15/2018,ALN,IL,AGL,CE,Federal Contract Tower,0,9,18,0,27,0,2,9,0,11,0,11,27,0,38,80,0,80,118
12/16/2018,ALN,IL,AGL,CE,Federal Contract Tower,0,3,20,0,23,0,1,70,0,71,0,4,90,0,94,78,0,78,172
12/17/2018,ALN,IL,AGL,CE,Federal Contract Tower,0,20,24,3,47,0,1,22,0,23,0,21,46,3,70,100,0,100,170
12/18/2018,ALN,IL,AGL,CE,Federal Contract Tower,0,5,22,0,27,0,0,16,0,16,0,5,38,0,43,152,0,152,195
12/19/2018,ALN,IL,AGL,CE,Federal Contract Tower,0,13,10,0,23,0,1,18,0,19,0,14,28,0,42,86,0,86,128
12/20/2018,ALN,IL,AGL,CE,Federal Contract Tower,3,14,5,0,22,0,0,0,0,0,3,14,5,0,22,2,0,2,24
12/21/2018,ALN,IL,AGL,CE,Federal Contract Tower,1,16,7,2,26,0,3,6,0,9,1,19,13,2,35,14,4,18,53
12/22/2018,ALN,IL,AGL,CE,Federal Contract Tower,0,3,16,0,19,0,1,45,0,46,0,4,61,0,65,66,0,66,131
12/23/2018,ALN,IL,AGL,CE,Federal Contract Tower,0,3,12,0,15,0,0,23,0,23,0,3,35,0,38,14,0,14,52
12/24/2018,ALN,IL,AGL,CE,Federal Contract Tower,0,4,10,0,14,0,1,17,0,18,0,5,27,0,32,78,0,78,110
12/25/2018,ALN,IL,AGL,CE,Federal Contract Tower,0,0,1,0,1,0,0,9,0,9,0,0,10,0,10,30,0,30,40
12/26/2018,ALN,IL,AGL,CE,Federal Contract Tower,0,14,2,0,16,0,0,26,0,26,0,14,28,0,42,22,0,22,64
12/27/2018,ALN,IL,AGL,CE,Federal Contract Tower,0,5,0,0,5,0,0,0,0,0,0,5,0,0,5,0,0,0,5
12/28/2018,ALN,IL,AGL,CE,Federal Contract Tower,0,15,4,0,19,0,1,4,0,5,0,16,8,0,24,66,0,66,90
12/29/2018,ALN,IL,AGL,CE,Federal Contract Tower,0,4,7,0,11,0,0,17,0,17,0,4,24,0,28,36,0,36,64
12/30/2018,ALN,IL,AGL,CE,Federal Contract Tower,0,6,13,0,19,0,0,15,0,15,0,6,28,0,34,44,0,44,78
12/31/2018,ALN,IL,AGL,CE,Federal Contract Tower,0,4,1,0,5,0,0,0,0,0,0,4,1,0,5,0,0,0,5
01/01/2019,ALN,IL,AGL,CE,Federal Contract Tower,0,6,4,0,10,0,0,1,0,1,0,6,5,0,11,24,0,24,35
01/02/2019,ALN,IL,AGL,CE,Federal Contract Tower,0,22,6,0,28,0,0,3,0,3,0,22,9,0,31,6,0,6,37
01/03/2019,ALN,IL,AGL,CE,Federal Contract Tower,0,16,7,0,23,0,1,25,0,26,0,17,32,0,49,106,0,106,155
01/04/2019,ALN,IL,AGL,CE,Federal Contract Tower,0,2,4,0,6,0,0,33,8,41,0,2,37,8,47,64,0,64,111
01/05/2019,ALN,IL,AGL,CE,Federal Contract Tower,0,1,20,0,21,0,2,55,0,57,0,3,75,0,78,78,0,78,156
01/06/2019,ALN,IL,AGL,CE,Federal Contract Tower,0,6,24,0,30,0,0,30,0,30,0,6,54,0,60,48,0,48,108
01/07/2019,ALN,IL,AGL,CE,Federal Contract Tower,0,10,2,0,12,0,0,7,0,7,0,10,9,0,19,10,0,10,29
01/08/2019,ALN,IL,AGL,CE,Federal Contract Tower,0,11,3,0,14,0,0,4,0,4,0,11,7,0,18,10,0,10,28
01/09/2019,ALN,IL,AGL,CE,Federal Contract Tower,0,11,12,0,23,0,0,4,0,4,0,11,16,0,27,18,0,18,45
01/10/2019,ALN,IL,AGL,CE,Federal Contract Tower,0,10,5,0,15,0,2,52,0,54,0,12,57,0,69,86,0,86,155
01/11/2019,ALN,IL,AGL,CE,Federal Contract Tower,0,7,5,0,12,0,1,8,0,9,0,8,13,0,21,6,0,6,27
01/12/2019,ALN,IL,AGL,CE,Federal Contract Tower,0,1,0,0,1,0,0,0,0,0,0,1,0,0,1,0,0,0,1
01/13/2019,ALN,IL,AGL,CE,Federal Contract Tower,0,1,0,0,1,0,0,0,0,0,0,1,0,0,1,0,0,0,1
01/14/2019,ALN,IL,AGL,CE,Federal Contract Tower,0,16,4,0,20,0,0,0,0,0,0,16,4,0,20,8,0,8,28
01/15/2019,ALN,IL,AGL,CE,Federal Contract Tower,0,8,7,0,15,0,0,0,0,0,0,8,7,0,15,8,0,8,23
01/16/2019,ALN,IL,AGL,CE,Federal Contract Tower,0,6,11,0,17,0,0,3,0,3,0,6,14,0,20,14,0,14,34
01/17/2019,ALN,IL,AGL,CE,Federal Contract Tower,0,9,5,6,20,0,0,0,0,0,0,9,5,6,20,0,0,0,20
01/18/2019,ALN,IL,AGL,CE,Federal Contract Tower,0,2,3,0,5,0,0,0,0,0,0,2,3,0,5,0,0,0,5
01/19/2019,ALN,IL,AGL,CE,Federal Contract Tower,0,1,0,0,1,0,0,0,0,0,0,1,0,0,1,0,0,0,1
01/20/2019,ALN,IL,AGL,CE,Federal Contract Tower,0,12,11,0,23,0,0,6,0,6,0,12,17,0,29,66,0,66,95
01/21/2019,ALN,IL,AGL,CE,Federal Contract Tower,0,17,3,0,20,0,0,5,0,5,0,17,8,0,25,26,0,26,51
01/22/2019,ALN,IL,AGL,CE,Federal Contract Tower,0,15,6,0,21,0,4,2,0,6,0,19,8,0,27,12,0,12,39
01/23/2019,ALN,IL,AGL,CE,Federal Contract Tower,0,14,4,2,20,0,0,8,0,8,0,14,12,2,28,23,2,25,53
01/24/2019,ALN,IL,AGL,CE,Federal Contract Tower,0,17,1,0,18,0,0,2,0,2,0,17,3,0,20,18,0,18,38
01/25/2019,ALN,IL,AGL,CE,Federal Contract Tower,1,10,3,6,20,0,0,21,0,21,1,10,24,6,41,34,16,50,91
01/26/2019,ALN,IL,AGL,CE,Federal Contract Tower,0,0,9,0,9,0,0,9,0,9,0,0,18,0,18,28,0,28,46
01/27/2019,ALN,IL,AGL,CE,Federal Contract Tower,0,4,2,0,6,0,8,8,0,16,0,12,10,0,22,38,0,38,60
01/28/2019,ALN,IL,AGL,CE,Federal Contract Tower,0,4,6,0,10,0,0,0,0,0,0,4,6,0,10,0,0,0,10
01/29/2019,ALN,IL,AGL,CE,Federal Contract Tower,0,9,8,0,17,0,0,5,0,5,0,9,13,0,22,50,0,50,72
01/30/2019,ALN,IL,AGL,CE,Federal Contract Tower,0,10,3,0,13,0,0,0,0,0,0,10,3,0,13,20,0,20,33
01/31/2019,ALN,IL,AGL,CE,Federal Contract Tower,0,11,6,0,17,0,0,2,0,2,0,11,8,0,19,0,0,0,19
02/01/2019,ALN,IL,AGL,CE,Federal Contract Tower,0,23,7,0,30,0,0,19,0,19,0,23,26,0,49,52,0,52,101
02/02/2019,ALN,IL,AGL,CE,Federal Contract Tower,0,1,9,1,11,0,0,37,0,37,0,1,46,1,48,80,4,84,132
02/03/2019,ALN,IL,AGL,CE,Federal Contract Tower,0,2,13,0,15,0,0,42,0,42,0,2,55,0,57,48,0,48,105
02/04/2019,ALN,IL,AGL,CE,Federal Contract Tower,0,16,15,0,31,0,0,0,0,0,0,16,15,0,31,4,0,4,35
02/05/2019,ALN,IL,AGL,CE,Federal Contract Tower,0,9,6,0,15,0,0,0,0,0,0,9,6,0,15,4,0,4,19
02/06/2019,ALN,IL,AGL,CE,Federal Contract Tower,0,2,3,0,5,0,0,0,0,0,0,2,3,0,5,0,0,0,5
02/07/2019,ALN,IL,AGL,CE,Federal Contract Tower,0,9,0,0,9,0,0,0,0,0,0,9,0,0,9,0,0,0,9
02/08/2019,ALN,IL,AGL,CE,Federal Contract Tower,0,15,6,0,21,0,1,5,0,6,0,16,11,0,27,72,0,72,99
02/09/2019,ALN,IL,AGL,CE,Federal Contract Tower,0,5,18,2,25,0,8,36,0,44,0,13,54,2,69,106,0,106,175
02/10/2019,ALN,IL,AGL,CE,Federal Contract Tower,0,1,2,0,3,0,0,0,0,0,0,1,2,0,3,0,0,0,3
02/11/2019,ALN,IL,AGL,CE,Federal Contract Tower,0,13,0,0,13,0,0,0,0,0,0,13,0,0,13,0,0,0,13
02/12/2019,ALN,IL,AGL,CE,Federal Contract Tower,0,8,3,0,11,0,0,0,0,0,0,8,3,0,11,2,0,2,13
02/13/2019,ALN,IL,AGL,CE,Federal Contract Tower,0,16,8,0,24,0,1,40,0,41,0,17,48,0,65,84,0,84,149
02/14/2019,ALN,IL,AGL,CE,Federal Contract Tower,0,6,6,3,15,0,1,9,0,10,0,7,15,3,25,12,6,18,43
02/15/2019,ALN,IL,AGL,CE,Federal Contract Tower,0,5,0,0,5,0,0,3,0,3,0,5,3,0,8,30,0,30,38
02/16/2019,ALN,IL,AGL,CE,Federal Contract Tower,0,15,18,2,35,0,1,15,0,16,0,16,33,2,51,114,4,118,169
02/17/2019,ALN,IL,AGL,CE,Federal Contract Tower,0,9,4,0,13,0,0,2,0,2,0,9,6,0,15,18,0,18,33
02/18/2019,ALN,IL,AGL,CE,Federal Contract Tower,0,15,6,0,21,0,0,8,0,8,0,15,14,0,29,28,0,28,57
02/19/2019,ALN,IL,AGL,CE,Federal Contract Tower,0,18,6,0,24,0,0,6,0,6,0,18,12,0,30,50,0,50,80
02/20/2019,ALN,IL,AGL,CE,Federal Contract Tower,0,6,3,1,10,0,4,0,0,4,0,10,3,1,14,4,2,6,20
02/21/2019,ALN,IL,AGL,CE,Federal Contract Tower,0,26,2,1,29,0,3,25,0,28,0,29,27,1,57,158,2,160,217
02/22/2019,ALN,IL,AGL,CE,Federal Contract Tower,0,18,11,3,32,0,0,6,0,6,0,18,17,3,38,14,2,16,54
02/23/2019,ALN,IL,AGL,CE,Federal Contract Tower,0,8,0,0,8,0,0,0,0,0,0,8,0,0,8,8,0,8,16
02/24/2019,ALN,IL,AGL,CE,Federal Contract Tower,0,12,9,0,21,0,4,10,0,14,0,16,19,0,35,32,0,32,67
02/25/2019,ALN,IL,AGL,CE,Federal Contract Tower,0,14,4,0,18,0,0,19,0,19,0,14,23,0,37,36,0,36,73
02/26/2019,ALN,IL,AGL,CE,Federal Contract Tower,0,11,23,0,34,0,1,32,0,33,0,12,55,0,67,156,0,156,223
02/27/2019,ALN,IL,AGL,CE,Federal Contract Tower,0,20,14,0,34,0,0,2,0,2,0,20,16,0,36,28,0,28,64
02/28/2019,ALN,IL,AGL,CE,Federal Contract Tower,0,10,0,0,10,0,0,0,0,0,0,10,0,0,10,0,0,0,10
03/01/2019,ALN,IL,AGL,CE,Federal Contract Tower,0,18,12,0,30,0,2,12,0,14,0,20,24,0,44,46,0,46,90
03/02/2019,ALN,IL,AGL,CE,Federal Contract Tower,0,11,13,0,24,0,0,13,0,13,0,11,26,0,37,20,0,20,57
03/03/2019,ALN,IL,AGL,CE,Federal Contract Tower,0,1,0,0,1,0,0,0,0,0,0,1,0,0,1,0,0,0,1
03/04/2019,ALN,IL,AGL,CE,Federal Contract Tower,0,3,15,0,18,0,0,2,0,2,0,3,17,0,20,20,0,20,40
03/05/2019,ALN,IL,AGL,CE,Federal Contract Tower,0,27,15,0,42,0,2,3,0,5,0,29,18,0,47,60,0,60,107
03/06/2019,ALN,IL,AGL,CE,Federal Contract Tower,0,7,19,0,26,0,5,29,0,34,0,12,48,0,60,68,0,68,128
03/07/2019,ALN,IL,AGL,CE,Federal Contract Tower,0,6,17,0,23,0,1,7,0,8,0,7,24,0,31,60,0,60,91
03/08/2019,ALN,IL,AGL,CE,Federal Contract Tower,0,17,11,0,28,0,2,3,0,5,0,19,14,0,33,44,0,44,77
03/09/2019,ALN,IL,AGL,CE,Federal Contract Tower,0,1,1,0,2,0,0,0,0,0,0,1,1,0,2,0,0,0,2
03/10/2019,ALN,IL,AGL,CE,Federal Contract Tower,0,12,16,0,28,0,0,22,0,22,0,12,38,0,50,28,0,28,78
03/11/2019,ALN,IL,AGL,CE,Federal Contract Tower,0,17,21,0,38,0,0,29,0,29,0,17,50,0,67,50,0,50,117
03/12/2019,ALN,IL,AGL,CE,Federal Contract Tower,0,11,14,0,25,0,0,7,0,7,0,11,21,0,32,38,0,38,70
03/13/2019,ALN,IL,AGL,CE,Federal Contract Tower,0,12,8,0,20,0,2,0,0,2,0,14,8,0,22,12,0,12,34
03/14/2019,ALN,IL,AGL,CE,Federal Contract Tower,0,2,1,0,3,0,0,2,0,2,0,2,3,0,5,0,0,0,5
03/15/2019,ALN,IL,AGL,CE,Federal Contract Tower,0,16,8,0,24,0,0,17,0,17,0,16,25,0,41,40,0,40,81
03/16/2019,ALN,IL,AGL,CE,Federal Contract Tower,0,3,11,0,14,0,1,42,0,43,0,4,53,0,57,22,0,22,79
03/17/2019,ALN,IL,AGL,CE,Federal Contract Tower,0,12,6,0,18,0,0,11,0,11,0,12,17,0,29,6,0,6,35
03/18/2019,ALN,IL,AGL,CE,Federal Contract Tower,0,9,7,0,16,0,0,16,0,16,0,9,23,0,32,58,0,58,90
03/19/2019,ALN,IL,AGL,CE,Federal Contract Tower,0,9,20,0,29,0,2,25,0,27,0,11,45,0,56,64,0,64,120
03/20/2019,ALN,IL,AGL,CE,Federal Contract Tower,0,12,22,0,34,0,2,12,0,14,0,14,34,0,48,28,0,28,76
03/21/2019,ALN,IL,AGL,CE,Federal Contract Tower,0,11,19,0,30,0,1,21,0,22,0,12,40,0,52,100,0,100,152
03/22/2019,ALN,IL,AGL,CE,Federal Contract Tower,0,15,19,0,34,0,4,37,0,41,0,19,56,0,75,78,0,78,153
03/23/2019,ALN,IL,AGL,CE,Federal Contract Tower,0,14,13,0,27,0,5,49,0,54,0,19,62,0,81,78,0,78,159
03/24/2019,ALN,IL,AGL,CE,Federal Contract Tower,0,15,15,0,30,0,8,15,0,23,0,23,30,0,53,60,0,60,113
03/25/2019,ALN,IL,AGL,CE,Federal Contract Tower,0,16,11,0,27,0,1,11,0,12,0,17,22,0,39,100,0,100,139
03/26/2019,ALN,IL,AGL,CE,Federal Contract Tower,0,15,21,0,36,0,0,47,0,47,0,15,68,0,83,144,0,144,227
03/27/2019,ALN,IL,AGL,CE,Federal Contract Tower,0,17,12,1,30,0,2,34,1,37,0,19,46,2,67,62,0,62,129
03/28/2019,ALN,IL,AGL,CE,Federal Contract Tower,0,11,3,0,14,0,0,8,0,8,0,11,11,0,22,20,0,20,42
03/29/2019,ALN,IL,AGL,CE,Federal Contract Tower,0,7,12,0,19,0,2,6,0,8,0,9,18,0,27,26,0,26,53
03/30/2019,ALN,IL,AGL,CE,Federal Contract Tower,0,2,5,0,7,0,0,1,0,1,0,2,6,0,8,4,0,4,12
03/31/2019,ALN,IL,AGL,CE,Federal Contract Tower,0,3,13,0,16,0,0,44,0,44,0,3,57,0,60,14,0,14,74
04/01/2019,ALN,IL,AGL,CE,Federal Contract Tower,0,18,20,0,38,0,0,16,0,16,0,18,36,0,54,76,0,76,130
04/02/2019,ALN,IL,AGL,CE,Federal Contract Tower,0,8,19,0,27,0,0,17,0,17,0,8,36,0,44,158,0,158,202
04/03/2019,ALN,IL,AGL,CE,Federal Contract Tower,0,8,11,0,19,0,3,24,0,27,0,11,35,0,46,102,0,102,148
04/04/2019,ALN,IL,AGL,CE,Federal Contract Tower,0,8,3,0,11,0,0,0,0,0,0,8,3,0,11,4,0,4,15
04/05/2019,ALN,IL,AGL,CE,Federal Contract Tower,0,11,18,0,29,0,1,7,0,8,0,12,25,0,37,28,0,28,65
04/06/2019,ALN,IL,AGL,CE,Federal Contract Tower,0,6,14,0,20,0,1,36,0,37,0,7,50,0,57,66,0,66,123
04/07/2019,ALN,IL,AGL,CE,Federal Contract Tower,0,0,12,0,12,0,0,16,0,16,0,0,28,0,28,38,0,38,66
04/08/2019,ALN,IL,AGL,CE,Federal Contract Tower,0,5,22,0,27,0,0,34,0,34,0,5,56,0,61,78,0,78,139
04/09/2019,ALN,IL,AGL,CE,Federal Contract Tower,0,13,15,3,31,0,2,46,2,50,0,15,61,5,81,144,16,160,241
04/10/2019,ALN,IL,AGL,CE,Federal Contract Tower,0,22,10,7,39,0,3,12,2,17,0,25,22,9,56,40,18,58,114
04/11/2019,ALN,IL,AGL,CE,Federal Contract Tower,0,9,4,1,14,0,0,0,0,0,0,9,4,1,14,12,6,18,32
04/12/2019,ALN,IL,AGL,CE,Federal Contract Tower,0,11,9,0,20,0,2,13,0,15,0,13,22,0,35,32,0,32,67
04/13/2019,ALN,IL,AGL,CE,Federal Contract Tower,0,13,15,0,28,0,13,37,0,50,0,26,52,0,78,112,0,112,190
04/14/2019,ALN,IL,AGL,CE,Federal Contract Tower,0,7,8,0,15,0,2,0,0,2,0,9,8,0,17,22,0,22,39
04/15/2019,ALN,IL,AGL,CE,Federal Contract Tower,0,14,12,2,28,0,0,24,0,24,0,14,36,2,52,42,2,44,96
04/16/2019,ALN,IL,AGL,CE,Federal Contract Tower,0,16,12,0,28,0,0,28,0,28,0,16,40,0,56,60,0,60,116
04/17/2019,ALN,IL,AGL,CE,Federal Contract Tower,0,7,12,0,19,0,4,11,0,15,0,11,23,0,34,20,0,20,54
04/18/2019,ALN,IL,AGL,CE,Federal Contract Tower,0,11,6,0,17,0,0,1,0,1,0,11,7,0,18,12,0,12,30
04/19/2019,ALN,IL,AGL,CE,Federal Contract Tower,0,5,12,0,17,0,2,8,2,12,0,7,20,2,29,12,0,12,41
04/20/2019,ALN,IL,AGL,CE,Federal Contract Tower,0,7,6,0,13,0,0,25,0,25,0,7,31,0,38,42,0,42,80
04/21/2019,ALN,IL,AGL,CE,Federal Contract Tower,0,1,7,0,8,0,0,29,0,29,0,1,36,0,37,10,0,10,47
04/22/2019,ALN,IL,AGL,CE,Federal Contract Tower,0,21,18,0,39,0,2,13,0,15,0,23,31,0,54,58,0,58,112
04/23/2019,ALN,IL,AGL,CE,Federal Contract Tower,0,15,16,2,33,0,0,24,0,24,0,15,40,2,57,88,2,90,147
04/24/2019,ALN,IL,AGL,CE,Federal Contract Tower,0,20,24,0,44,0,0,1,0,1,0,20,25,0,45,34,0,34,79
04/25/2019,ALN,IL,AGL,CE,Federal Contract Tower,0,17,2,0,19,0,0,1,0,1,0,17,3,0,20,0,0,0,20
04/26/2019,ALN,IL,AGL,CE,Federal Contract Tower,0,14,12,0,26,0,3,17,1,21,0,17,29,1,47,14,4,18,65
04/27/2019,ALN,IL,AGL,CE,Federal Contract Tower,0,6,4,0,10,0,0,2,0,2,0,6,6,0,12,24,0,24,36
04/28/2019,ALN,IL,AGL,CE,Federal Contract Tower,0,1,12,0,13,0,0,33,0,33,0,1,45,0,46,34,0,34,80
04/29/2019,ALN,IL,AGL,CE,Federal Contract Tower,0,9,13,0,22,0,0,17,0,17,0,9,30,0,39,6,0,6,45
04/30/2019,ALN,IL,AGL,CE,Federal Contract Tower,0,5,2,0,7,0,0,4,0,4,0,5,6,0,11,2,0,2,13
05/01/2019,ALN,IL,AGL,CE,Federal Contract Tower,0,7,11,0,18,0,0,11,0,11,0,7,22,0,29,80,0,80,109
05/02/2019,ALN,IL,AGL,CE,Federal Contract Tower,0,8,4,0,12,0,0,3,0,3,0,8,7,0,15,4,0,4,19
05/03/2019,ALN,IL,AGL,CE,Federal Contract Tower,0,10,4,1,15,0,0,5,0,5,0,10,9,1,20,8,2,10,30
05/04/2019,ALN,IL,AGL,CE,Federal Contract Tower,0,3,10,0,13,0,0,23,0,23,0,3,33,0,36,8,0,8,44
05/05/2019,ALN,IL,AGL,CE,Federal Contract Tower,0,6,12,0,18,0,32,46,0,78,0,38,58,0,96,76,0,76,172
05/06/2019,ALN,IL,AGL,CE,Federal Contract Tower,0,12,14,3,29,0,0,26,0,26,0,12,40,3,55,48,14,62,117
05/07/2019,ALN,IL,AGL,CE,Federal Contract Tower,0,5,9,0,14,0,0,39,0,39,0,5,48,0,53,24,0,24,77
05/08/2019,ALN,IL,AGL,CE,Federal Contract Tower,0,10,11,0,21,0,0,7,0,7,0,10,18,0,28,42,0,42,70
05/09/2019,ALN,IL,AGL,CE,Federal Contract Tower,0,14,11,0,25,0,0,5,0,5,0,14,16,0,30,16,0,16,46
05/10/2019,ALN,IL,AGL,CE,Federal Contract Tower,0,18,12,1,31,0,0,34,0,34,0,18,46,1,65,48,0,48,113
05/11/2019,ALN,IL,AGL,CE,Federal Contract Tower,0,24,9,0,33,0,1,2,0,3,0,25,11,0,36,44,0,44,80
05/12/2019,ALN,IL,AGL,CE,Federal Contract Tower,0,5,1,0,6,0,0,1,0,1,0,5,2,0,7,28,0,28,35
05/13/2019,ALN,IL,AGL,CE,Federal Contract Tower,0,15,21,0,36,0,1,29,0,30,0,16,50,0,66,54,0,54,120
05/14/2019,ALN,IL,AGL,CE,Federal Contract Tower,0,22,5,2,29,0,0,42,0,42,0,22,47,2,71,52,2,54,125
05/15/2019,ALN,IL,AGL,CE,Federal Contract Tower,0,8,11,8,27,0,0,19,0,19,0,8,30,8,46,60,14,74,120
05/16/2019,ALN,IL,AGL,CE,Federal Contract Tower,0,15,2,0,17,0,2,17,4,23,0,17,19,4,40,26,0,26,66
05/17/2019,ALN,IL,AGL,CE,Federal Contract Tower,0,17,5,0,22,0,3,25,0,28,0,20,30,0,50,60,0,60,110
05/18/2019,ALN,IL,AGL,CE,Federal Contract Tower,0,9,11,0,20,0,2,20,0,22,0,11,31,0,42,86,0,86,128
05/19/2019,ALN,IL,AGL,CE,Federal Contract Tower,0,15,15,0,30,0,0,5,0,5,0,15,20,0,35,70,0,70,105
05/20/2019,ALN,IL,AGL,CE,Federal Contract Tower,0,19,14,3,36,0,0,28,0,28,0,19,42,3,64,82,6,88,152
05/21/2019,ALN,IL,AGL,CE,Federal Contract Tower,0,18,24,0,42,0,0,0,0,0,0,18,24,0,42,32,0,32,74
05/22/2019,ALN,IL,AGL,CE,Federal Contract Tower,0,7,16,0,23,0,0,18,2,20,0,7,34,2,43,16,0,16,59
05/23/2019,ALN,IL,AGL,CE,Federal Contract Tower,0,11,18,0,29,0,2,20,0,22,0,13,38,0,51,34,0,34,85
05/24/2019,ALN,IL,AGL,CE,Federal Contract Tower,0,24,8,0,32,0,3,35,0,38,0,27,43,0,70,66,0,66,136
05/25/2019,ALN,IL,AGL,CE,Federal Contract Tower,0,5,5,0,10,0,3,16,0,19,0,8,21,0,29,34,0,34,63
05/26/2019,ALN,IL,AGL,CE,Federal Contract Tower,0,3,4,0,7,0,0,19,0,19,0,3,23,0,26,42,0,42,68
05/27/2019,ALN,IL,AGL,CE,Federal Contract Tower,0,3,7,0,10,0,0,14,0,14,0,3,21,0,24,12,0,12,36
05/28/2019,ALN,IL,AGL,CE,Federal Contract Tower,3,17,8,0,28,0,0,22,0,22,3,17,30,0,50,28,0,28,78
05/29/2019,ALN,IL,AGL,CE,Federal Contract Tower,0,13,16,0,29,0,0,7,0,7,0,13,23,0,36,12,0,12,48
05/30/2019,ALN,IL,AGL,CE,Federal Contract Tower,0,7,4,0,11,0,1,24,0,25,0,8,28,0,36,36,0,36,72
05/31/2019,ALN,IL,AGL,CE,Federal Contract Tower,0,16,9,1,26,0,1,47,0,48,0,17,56,1,74,84,0,84,158
06/01/2019,ALN,IL,AGL,CE,Federal Contract Tower,0,8,8,2,18,0,1,32,0,33,0,9,40,2,51,38,0,38,89
06/02/2019,ALN,IL,AGL,CE,Federal Contract Tower,0,5,15,0,20,0,0,51,0,51,0,5,66,0,71,42,0,42,113
06/03/2019,ALN,IL,AGL,CE,Federal Contract Tower,0,8,10,1,19,0,0,18,0,18,0,8,28,1,37,30,0,30,67
06/04/2019,ALN,IL,AGL,CE,Federal Contract Tower,0,11,14,2,27,0,1,18,4,23,0,12,32,6,50,46,0,46,96
06/05/2019,ALN,IL,AGL,CE,Federal Contract Tower,0,12,0,0,12,0,0,5,0,5,0,12,5,0,17,4,0,4,21
06/06/2019,ALN,IL,AGL,CE,Federal Contract Tower,0,9,4,0,13,0,1,6,0,7,0,10,10,0,20,30,0,30,50
06/07/2019,ALN,IL,AGL,CE,Federal Contract Tower,0,8,8,0,16,0,0,11,0,11,0,8,19,0,27,20,0,20,47
06/08/2019,ALN,IL,AGL,CE,Federal Contract Tower,0,2,12,0,14,0,1,17,0,18,0,3,29,0,32,56,0,56,88
06/09/2019,ALN,IL,AGL,CE,Federal Contract Tower,0,7,18,0,25,0,0,32,0,32,0,7,50,0,57,22,0,22,79
06/10/2019,ALN,IL,AGL,CE,Federal Contract Tower,0,24,20,0,44,0,1,28,0,29,0,25,48,0,73,56,0,56,129
06/11/2019,ALN,IL,AGL,CE,Federal Contract Tower,0,9,7,0,16,0,0,32,0,32,0,9,39,0,48,30,0,30,78
06/12/2019,ALN,IL,AGL,CE,Federal Contract Tower,0,4,6,0,10,0,0,3,0,3,0,4,9,0,13,0,0,0,13
06/13/2019,ALN,IL,AGL,CE,Federal Contract Tower,0,14,5,0,19,0,1,44,0,45,0,15,49,0,64,66,0,66,130
06/14/2019,ALN,IL,AGL,CE,Federal Contract Tower,0,14,4,0,18,0,4,25,0,29,0,18,29,0,47,72,0,72,119
06/15/2019,ALN,IL,AGL,CE,Federal Contract Tower,0,7,4,0,11,0,6,9,0,15,0,13,13,0,26,56,0,56,82
06/16/2019,ALN,IL,AGL,CE,Federal Contract Tower,0,1,2,0,3,0,0,6,0,6,0,1,8,0,9,24,0,24,33
06/17/2019,ALN,IL,AGL,CE,Federal Contract Tower,0,25,10,0,35,0,2,0,0,2,0,27,10,0,37,26,0,26,63
06/18/2019,ALN,IL,AGL,CE,Federal Contract Tower,0,12,12,0,24,0,1,19,0,20,0,13,31,0,44,68,0,68,112
06/19/2019,ALN,IL,AGL,CE,Federal Contract Tower,0,10,11,0,21,0,2,21,0,23,0,12,32,0,44,40,0,40,84
06/20/2019,ALN,IL,AGL,CE,Federal Contract Tower,0,11,11,0,22,0,1,48,0,49,0,12,59,0,71,40,0,40,111
06/21/2019,ALN,IL,AGL,CE,Federal Contract Tower,0,19,7,3,29,0,3,12,0,15,0,22,19,3,44,38,6,44,88
06/22/2019,ALN,IL,AGL,CE,Federal Contract Tower,0,8,7,0,15,0,4,15,0,19,0,12,22,0,34,16,0,16,50
06/23/2019,ALN,IL,AGL,CE,Federal Contract Tower,0,3,0,0,3,0,2,7,0,9,0,5,7,0,12,18,0,18,30
06/24/2019,ALN,IL,AGL,CE,Federal Contract Tower,0,11,11,0,22,0,5,9,0,14,0,16,20,0,36,30,0,30,66
06/25/2019,ALN,IL,AGL,CE,Federal Contract Tower,0,10,18,0,28,0,2,43,0,45,0,12,61,0,73,86,0,86,159
06/26/2019,ALN,IL,AGL,CE,Federal Contract Tower,0,12,13,0,25,0,2,19,0,21,0,14,32,0,46,10,0,10,56
06/27/2019,ALN,IL,AGL,CE,Federal Contract Tower,0,10,6,0,16,0,2,24,0,26,0,12,30,0,42,30,0,30,72
06/28/2019,ALN,IL,AGL,CE,Federal Contract Tower,0,12,12,0,24,10,9,6,0,25,10,21,18,0,49,4,0,4,53
06/29/2019,ALN,IL,AGL,CE,Federal Contract Tower,0,8,11,0,19,0,0,49,0,49,0,8,60,0,68,16,0,16,84
06/30/2019,ALN,IL,AGL,CE,Federal Contract Tower,0,11,6,0,17,0,0,35,0,35,0,11,41,0,52,38,0,38,90
07/01/2019,ALN,IL,AGL,CE,Federal Contract Tower,0,9,6,1,16,0,0,17,0,17,0,9,23,1,33,52,0,52,85
07/02/2019,ALN,IL,AGL,CE,Federal Contract Tower,0,7,6,0,13,0,5,12,0,17,0,12,18,0,30,22,0,22,52
07/03/2019,ALN,IL,AGL,CE,Federal Contract Tower,1,10,7,0,18,0,0,12,0,12,1,10,19,0,30,64,0,64,94
07/04/2019,ALN,IL,AGL,CE,Federal Contract Tower,0,2,5,0,7,0,0,17,0,17,0,2,22,0,24,6,0,6,30
07/05/2019,ALN,IL,AGL,CE,Federal Contract Tower,0,7,4,0,11,0,0,7,0,7,0,7,11,0,18,48,0,48,66
07/06/2019,ALN,IL,AGL,CE,Federal Contract Tower,0,5,11,0,16,0,0,11,0,11,0,5,22,0,27,32,0,32,59
07/07/2019,ALN,IL,AGL,CE,Federal Contract Tower,0,7,11,0,18,0,1,41,0,42,0,8,52,0,60,18,0,18,78
07/08/2019,ALN,IL,AGL,CE,Federal Contract Tower,0,8,8,0,16,0,2,21,0,23,0,10,29,0,39,28,0,28,67
07/09/2019,ALN,IL,AGL,CE,Federal Contract Tower,0,6,10,0,16,0,4,14,0,18,0,10,24,0,34,23,0,23,57
07/10/2019,ALN,IL,AGL,CE,Federal Contract Tower,0,2,23,0,25,0,1,16,0,17,0,3,39,0,42,30,0,30,72
07/11/2019,ALN,IL,AGL,CE,Federal Contract Tower,0,8,15,0,23,0,2,22,0,24,0,10,37,0,47,18,0,18,65
07/12/2019,ALN,IL,AGL,CE,Federal Contract Tower,0,19,14,0,33,0,2,23,0,25,0,21,37,0,58,48,0,48,106
07/13/2019,ALN,IL,AGL,CE,Federal Contract Tower,0,15,15,0,30,0,1,35,0,36,0,16,50,0,66,60,0,60,126
07/14/2019,ALN,IL,AGL,CE,Federal Contract Tower,0,17,12,0,29,0,1,28,0,29,0,18,40,0,58,98,0,98,156
07/15/2019,ALN,IL,AGL,CE,Federal Contract Tower,0,20,7,0,27,0,0,2,0,2,0,20,9,0,29,14,0,14,43
07/16/2019,ALN,IL,AGL,CE,Federal Contract Tower,0,7,9,0,16,0,0,9,0,9,0,7,18,0,25,16,0,16,41
07/17/2019,ALN,IL,AGL,CE,Federal Contract Tower,1,22,15,0,38,0,2,13,0,15,1,24,28,0,53,26,0,26,79
07/18/2019,ALN,IL,AGL,CE,Federal Contract Tower,0,21,7,0,28,0,1,20,0,21,0,22,27,0,49,18,0,18,67
07/19/2019,ALN,IL,AGL,CE,Federal Contract Tower,0,14,5,0,19,0,2,8,0,10,0,16,13,0,29,10,0,10,39
07/20/2019,ALN,IL,AGL,CE,Federal Contract Tower,0,16,15,0,31,0,0,20,0,20,0,16,35,0,51,68,0,68,119
07/21/2019,ALN,IL,AGL,CE,Federal Contract Tower,0,11,18,0,29,0,2,23,0,25,0,13,41,0,54,44,0,44,98
07/22/2019,ALN,IL,AGL,CE,Federal Contract Tower,0,32,7,0,39,0,7,9,0,16,0,39,16,0,55,42,0,42,97
07/23/2019,ALN,IL,AGL,CE,Federal Contract Tower,0,18,16,0,34,0,2,29,0,31,0,20,45,0,65,52,0,52,117
07/24/2019,ALN,IL,AGL,CE,Federal Contract Tower,0,19,6,2,27,0,0,21,0,21,0,19,27,2,48,24,4,28,76
07/25/2019,ALN,IL,AGL,CE,Federal Contract Tower,0,9,5,0,14,0,0,11,0,11,0,9,16,0,25,6,0,6,31
07/26/2019,ALN,IL,AGL,CE,Federal Contract Tower,0,14,4,0,18,0,0,24,0,24,0,14,28,0,42,64,0,64,106
07/27/2019,ALN,IL,AGL,CE,Federal Contract Tower,0,10,21,0,31,0,6,38,0,44,0,16,59,0,75,76,0,76,151
07/28/2019,ALN,IL,AGL,CE,Federal Contract Tower,0,2,13,0,15,0,1,27,0,28,0,3,40,0,43,19,0,19,62
07/29/2019,ALN,IL,AGL,CE,Federal Contract Tower,0,10,11,0,21,0,8,13,0,21,0,18,24,0,42,24,0,24,66
07/30/2019,ALN,IL,AGL,CE,Federal Contract Tower,0,6,22,0,28,0,0,32,0,32,0,6,54,0,60,22,0,22,82
07/31/2019,ALN,IL,AGL,CE,Federal Contract Tower,0,17,18,0,35,0,3,29,0,32,0,20,47,0,67,78,0,78,145
08/01/2019,ALN,IL,AGL,CE,Federal Contract Tower,0,11,8,0,19,0,0,24,0,24,0,11,32,0,43,72,0,72,115
08/02/2019,ALN,IL,AGL,CE,Federal Contract Tower,0,15,9,1,25,0,0,17,0,17,0,15,26,1,42,80,2,82,124
08/03/2019,ALN,IL,AGL,CE,Federal Contract Tower,0,1,16,0,17,0,0,36,0,36,0,1,52,0,53,48,0,48,101
08/04/2019,ALN,IL,AGL,CE,Federal Contract Tower,0,5,9,0,14,0,0,30,0,30,0,5,39,0,44,38,0,38,82
08/05/2019,ALN,IL,AGL,CE,Federal Contract Tower,0,7,11,0,18,0,0,50,0,50,0,7,61,0,68,100,0,100,168
08/06/2019,ALN,IL,AGL,CE,Federal Contract Tower,0,9,22,5,36,0,0,15,0,15,0,9,37,5,51,28,4,32,83
08/07/2019,ALN,IL,AGL,CE,Federal Contract Tower,0,10,6,0,16,0,2,38,0,40,0,12,44,0,56,60,0,60,116
08/08/2019,ALN,IL,AGL,CE,Federal Contract Tower,0,13,6,0,19,0,0,20,0,20,0,13,26,0,39,20,0,20,59
08/09/2019,ALN,IL,AGL,CE,Federal Contract Tower,0,17,13,0,30,0,0,17,0,17,0,17,30,0,47,70,0,70,117
08/10/2019,ALN,IL,AGL,CE,Federal Contract Tower,0,9,11,0,20,0,0,37,0,37,0,9,48,0,57,44,0,44,101
08/11/2019,ALN,IL,AGL,CE,Federal Contract Tower,0,1,2,0,3,0,0,24,0,24,0,1,26,0,27,12,0,12,39
08/12/2019,ALN,IL,AGL,CE,Federal Contract Tower,0,7,2,0,9,0,5,7,0,12,0,12,9,0,21,10,0,10,31
08/13/2019,ALN,IL,AGL,CE,Federal Contract Tower,0,8,15,0,23,0,0,25,0,25,0,8,40,0,48,18,0,18,66
08/14/2019,ALN,IL,AGL,CE,Federal Contract Tower,0,34,14,2,50,0,3,37,0,40,0,37,51,2,90,118,6,124,214
08/15/2019,ALN,IL,AGL,CE,Federal Contract Tower,0,16,8,0,24,0,0,28,0,28,0,16,36,0,52,62,0,62,114
08/16/2019,ALN,IL,AGL,CE,Federal Contract Tower,0,19,11,0,30,0,0,24,0,24,0,19,35,0,54,56,0,56,110
08/17/2019,ALN,IL,AGL,CE,Federal Contract Tower,0,16,8,0,24,0,0,17,0,17,0,16,25,0,41,48,0,48,89
08/18/2019,ALN,IL,AGL,CE,Federal Contract Tower,0,16,14,0,30,0,0,31,0,31,0,16,45,0,61,94,0,94,155
08/19/2019,ALN,IL,AGL,CE,Federal Contract Tower,0,18,17,0,35,0,2,18,0,20,0,20,35,0,55,44,0,44,99
08/20/2019,ALN,IL,AGL,CE,Federal Contract Tower,0,15,6,0,21,0,0,5,0,5,0,15,11,0,26,20,0,20,46
08/21/2019,ALN,IL,AGL,CE,Federal Contract Tower,0,13,5,0,18,0,0,17,0,17,0,13,22,0,35,24,0,24,59
08/22/2019,ALN,IL,AGL,CE,Federal Contract Tower,0,9,10,0,19,0,2,5,0,7,0,11,15,0,26,34,0,34,60
08/23/2019,ALN,IL,AGL,CE,Federal Contract Tower,0,20,6,0,26,0,0,35,0,35,0,20,41,0,61,42,0,42,103
08/24/2019,ALN,IL,AGL,CE,Federal Contract Tower,0,16,17,0,33,0,0,44,0,44,0,16,61,0,77,80,0,80,157
08/25/2019,ALN,IL,AGL,CE,Federal Contract Tower,0,8,12,0,20,0,0,10,3,13,0,8,22,3,33,10,0,10,43
08/26/2019,ALN,IL,AGL,CE,Federal Contract Tower,0,6,14,8,28,0,0,5,0,5,0,6,19,8,33,22,8,30,63
08/27/2019,ALN,IL,AGL,CE,Federal Contract Tower,0,6,14,0,20,0,2,19,0,21,0,8,33,0,41,58,0,58,99
08/28/2019,ALN,IL,AGL,CE,Federal Contract Tower,0,9,14,0,23,0,1,41,0,42,0,10,55,0,65,44,0,44,109
08/29/2019,ALN,IL,AGL,CE,Federal Contract Tower,0,23,8,0,31,0,0,19,0,19,0,23,27,0,50,30,0,30,80
08/30/2019,ALN,IL,AGL,CE,Federal Contract Tower,1,14,8,0,23,0,0,14,0,14,1,14,22,0,37,42,0,42,79
08/31/2019,ALN,IL,AGL,CE,Federal Contract Tower,0,7,17,0,24,0,2,33,0,35,0,9,50,0,59,48,0,48,107
09/01/2019,ALN,IL,AGL,CE,Federal Contract Tower,0,0,8,0,8,0,0,6,0,6,0,0,14,0,14,10,0,10,24
09/02/2019,ALN,IL,AGL,CE,Federal Contract Tower,0,4,22,0,26,0,3,32,0,35,0,7,54,0,61,38,0,38,99
09/03/2019,ALN,IL,AGL,CE,Federal Contract Tower,0,17,14,0,31,0,6,11,0,17,0,23,25,0,48,54,0,54,102
09/04/2019,ALN,IL,AGL,CE,Federal Contract Tower,0,16,13,0,29,0,5,24,0,29,0,21,37,0,58,84,0,84,142
09/05/2019,ALN,IL,AGL,CE,Federal Contract Tower,0,9,10,1,20,0,2,36,1,39,0,11,46,2,59,60,0,60,119
09/06/2019,ALN,IL,AGL,CE,Federal Contract Tower,0,13,18,0,31,0,1,29,0,30,0,14,47,0,61,30,0,30,91
09/07/2019,ALN,IL,AGL,CE,Federal Contract Tower,0,4,5,0,9,0,3,36,0,39,0,7,41,0,48,36,0,36,84
09/08/2019,ALN,IL,AGL,CE,Federal Contract Tower,0,5,6,0,11,0,0,9,0,9,0,5,15,0,20,44,0,44,64
09/09/2019,ALN,IL,AGL,CE,Federal Contract Tower,0,19,12,0,31,0,0,16,0,16,0,19,28,0,47,42,0,42,89
09/10/2019,ALN,IL,AGL,CE,Federal Contract Tower,1,16,26,0,43,0,0,17,1,18,1,16,43,1,61,68,0,68,129
09/11/2019,ALN,IL,AGL,CE,Federal Contract Tower,0,16,12,0,28,0,4,28,0,32,0,20,40,0,60,108,0,108,168
09/12/2019,ALN,IL,AGL,CE,Federal Contract Tower,0,9,13,0,22,0,2,16,0,18,0,11,29,0,40,132,0,132,172
09/13/2019,ALN,IL,AGL,CE,Federal Contract Tower,0,16,21,3,40,0,2,26,0,28,0,18,47,3,68,78,8,86,154
09/14/2019,ALN,IL,AGL,CE,Federal Contract Tower,0,11,36,0,47,0,1,38,0,39,0,12,74,0,86,80,0,80,166
09/15/2019,ALN,IL,AGL,CE,Federal Contract Tower,0,11,12,0,23,0,0,25,0,25,0,11,37,0,48,76,0,76,124
09/16/2019,ALN,IL,AGL,CE,Federal Contract Tower,0,11,35,0,46,0,0,15,0,15,0,11,50,0,61,92,0,92,153
09/17/2019,ALN,IL,AGL,CE,Federal Contract Tower,0,9,25,0,34,0,0,16,0,16,0,9,41,0,50,90,0,90,140
09/18/2019,ALN,IL,AGL,CE,Federal Contract Tower,0,14,6,0,20,0,0,31,0,31,0,14,37,0,51,132,0,132,183
09/19/2019,ALN,IL,AGL,CE,Federal Contract Tower,1,13,12,0,26,0,0,46,0,46,1,13,58,0,72,86,0,86,158
09/20/2019,ALN,IL,AGL,CE,Federal Contract Tower,0,11,15,2,28,0,0,6,0,6,0,11,21,2,34,14,4,18,52
09/21/2019,ALN,IL,AGL,CE,Federal Contract Tower,0,17,4,0,21,0,2,14,0,16,0,19,18,0,37,28,0,28,65
09/22/2019,ALN,IL,AGL,CE,Federal Contract Tower,0,14,7,0,21,0,0,12,0,12,0,14,19,0,33,36,0,36,69
09/23/2019,ALN,IL,AGL,CE,Federal Contract Tower,0,11,18,0,29,0,0,15,0,15,0,11,33,0,44,34,0,34,78
09/24/2019,ALN,IL,AGL,CE,Federal Contract Tower,1,15,14,0,30,0,0,13,0,13,1,15,27,0,43,26,0,26,69
09/25/2019,ALN,IL,AGL,CE,Federal Contract Tower,0,8,2,0,10,0,0,14,0,14,0,8,16,0,24,46,0,46,70
09/26/2019,ALN,IL,AGL,CE,Federal Contract Tower,0,13,7,0,20,0,5,34,2,41,0,18,41,2,61,84,0,84,145
09/27/2019,ALN,IL,AGL,CE,Federal Contract Tower,0,13,12,2,27,0,1,6,4,11,0,14,18,6,38,4,2,6,44
09/28/2019,ALN,IL,AGL,CE,Federal Contract Tower,0,11,16,0,27,0,2,91,0,93,0,13,107,0,120,72,0,72,192
09/29/2019,ALN,IL,AGL,CE,Federal Contract Tower,0,12,10,0,22,0,0,231,0,231,0,12,241,0,253,50,0,50,303
09/30/2019,ALN,IL,AGL,CE,Federal Contract Tower,0,5,14,1,20,0,4,6,0,10,0,9,20,1,30,68,2,70,100
10/01/2019,ALN,IL,AGL,CE,Federal Contract Tower,0,13,24,0,37,0,2,8,0,10,0,15,32,0,47,68,0,68,115
10/02/2019,ALN,IL,AGL,CE,Federal Contract Tower,1,9,8,0,18,0,1,7,0,8,1,10,15,0,26,68,0,68,94
10/03/2019,ALN,IL,AGL,CE,Federal Contract Tower,0,12,15,0,27,0,0,12,0,12,0,12,27,0,39,50,0,50,89
10/04/2019,ALN,IL,AGL,CE,Federal Contract Tower,0,11,8,0,19,0,6,27,0,33,0,17,35,0,52,40,0,40,92
10/05/2019,ALN,IL,AGL,CE,Federal Contract Tower,0,4,12,0,16,0,0,24,0,24,0,4,36,0,40,34,0,34,74
10/06/2019,ALN,IL,AGL,CE,Federal Contract Tower,0,2,8,0,10,0,0,21,0,21,0,2,29,0,31,40,0,40,71
10/07/2019,ALN,IL,AGL,CE,Federal Contract Tower,0,23,17,0,40,0,1,35,0,36,0,24,52,0,76,104,0,104,180
10/08/2019,ALN,IL,AGL,CE,Federal Contract Tower,0,18,11,0,29,0,6,29,2,37,0,24,40,2,66,87,12,99,165
10/09/2019,ALN,IL,AGL,CE,Federal Contract Tower,0,28,1,0,29,0,3,22,0,25,0,31,23,0,54,48,0,48,102
10/10/2019,ALN,IL,AGL,CE,Federal Contract Tower,0,13,2,0,15,0,0,4,0,4,0,13,6,0,19,12,0,12,31
10/11/2019,ALN,IL,AGL,CE,Federal Contract Tower,0,15,5,0,20,0,0,0,0,0,0,15,5,0,20,6,0,6,26
10/12/2019,ALN,IL,AGL,CE,Federal Contract Tower,0,17,11,0,28,0,3,24,0,27,0,20,35,0,55,56,0,56,111
10/13/2019,ALN,IL,AGL,CE,Federal Contract Tower,0,9,11,0,20,0,0,29,0,29,0,9,40,0,49,80,0,80,129
10/14/2019,ALN,IL,AGL,CE,Federal Contract Tower,0,19,23,0,42,0,6,16,0,22,0,25,39,0,64,68,0,68,132
10/15/2019,ALN,IL,AGL,CE,Federal Contract Tower,0,22,8,0,30,0,4,6,0,10,0,26,14,0,40,32,0,32,72
10/16/2019,ALN,IL,AGL,CE,Federal Contract Tower,0,16,10,0,26,0,1,11,0,12,0,17,21,0,38,34,0,34,72
10/17/2019,ALN,IL,AGL,CE,Federal Contract Tower,0,21,11,1,33,0,1,40,2,43,0,22,51,3,76,48,0,48,124
10/18/2019,ALN,IL,AGL,CE,Federal Contract Tower,0,10,11,0,21,0,0,21,0,21,0,10,32,0,42,8,0,8,50
10/19/2019,ALN,IL,AGL,CE,Federal Contract Tower,0,9,17,2,28,0,3,45,3,51,0,12,62,5,79,88,0,88,167
10/20/2019,ALN,IL,AGL,CE,Federal Contract Tower,0,8,22,0,30,0,0,21,0,21,0,8,43,0,51,62,0,62,113
10/21/2019,ALN,IL,AGL,CE,Federal Contract Tower,0,17,11,0,28,0,0,1,1,2,0,17,12,1,30,2,0,2,32
10/22/2019,ALN,IL,AGL,CE,Federal Contract Tower,0,4,11,1,16,0,0,11,1,12,0,4,22,2,28,26,0,26,54
10/23/2019,ALN,IL,AGL,CE,Federal Contract Tower,0,13,10,0,23,0,0,29,0,29,0,13,39,0,52,40,0,40,92
10/24/2019,ALN,IL,AGL,CE,Federal Contract Tower,0,17,4,2,23,0,0,4,0,4,0,17,8,2,27,56,4,60,87
10/25/2019,ALN,IL,AGL,CE,Federal Contract Tower,0,18,16,3,37,0,0,13,0,13,0,18,29,3,50,66,4,70,120
10/26/2019,ALN,IL,AGL,CE,Federal Contract Tower,0,7,2,0,9,0,0,3,0,3,0,7,5,0,12,8,0,8,20
10/27/2019,ALN,IL,AGL,CE,Federal Contract Tower,0,7,12,0,19,0,0,32,0,32,0,7,44,0,51,64,0,64,115
10/28/2019,ALN,IL,AGL,CE,Federal Contract Tower,0,8,23,2,33,0,0,2,0,2,0,8,25,2,35,32,6,38,73
10/29/2019,ALN,IL,AGL,CE,Federal Contract Tower,0,4,12,6,22,0,0,9,0,9,0,4,21,6,31,22,14,36,67
10/30/2019,ALN,IL,AGL,CE,Federal Contract Tower,0,9,3,0,12,0,0,0,0,0,0,9,3,0,12,0,0,0,12
10/31/2019,ALN,IL,AGL,CE,Federal Contract Tower,0,13,4,0,17,0,0,1,0,1,0,13,5,0,18,4,0,4,22
11/01/2019,ALN,IL,AGL,CE,Federal Contract Tower,0,16,8,0,24,0,4,49,0,53,0,20,57,0,77,46,0,46,123
11/02/2019,ALN,IL,AGL,CE,Federal Contract Tower,0,8,12,0,20,0,1,25,0,26,0,9,37,0,46,54,0,54,100
11/03/2019,ALN,IL,AGL,CE,Federal Contract Tower,0,7,10,0,17,0,0,13,0,13,0,7,23,0,30,27,0,27,57
11/04/2019,ALN,IL,AGL,CE,Federal Contract Tower,0,20,14,1,35,0,0,7,0,7,0,20,21,1,42,22,0,22,64
11/05/2019,ALN,IL,AGL,CE,Federal Contract Tower,0,7,14,0,21,0,3,41,0,44,0,10,55,0,65,118,0,118,183
11/06/2019,ALN,IL,AGL,CE,Federal Contract Tower,0,7,9,0,16,0,0,6,0,6,0,7,15,0,22,42,0,42,64
11/07/2019,ALN,IL,AGL,CE,Federal Contract Tower,0,15,6,0,21,0,0,9,0,9,0,15,15,0,30,42,0,42,72
11/08/2019,ALN,IL,AGL,CE,Federal Contract Tower,0,22,10,1,33,0,2,17,0,19,0,24,27,1,52,36,0,36,88
11/09/2019,ALN,IL,AGL,CE,Federal Contract Tower,0,8,12,1,21,0,0,36,0,36,0,8,48,1,57,76,2,78,135
11/10/2019,ALN,IL,AGL,CE,Federal Contract Tower,0,2,19,0,21,0,0,50,0,50,0,2,69,0,71,174,0,174,245
11/11/2019,ALN,IL,AGL,CE,Federal Contract Tower,0,7,1,0,8,0,0,0,0,0,0,7,1,0,8,0,0,0,8
11/12/2019,ALN,IL,AGL,CE,Federal Contract Tower,0,8,4,0,12,0,1,3,0,4,0,9,7,0,16,16,0,16,32
11/13/2019,ALN,IL,AGL,CE,Federal Contract Tower,0,4,6,0,10,0,0,14,0,14,0,4,20,0,24,42,0,42,66
11/14/2019,ALN,IL,AGL,CE,Federal Contract Tower,0,14,8,0,22,0,1,20,0,21,0,15,28,0,43,104,0,104,147
11/15/2019,ALN,IL,AGL,CE,Federal Contract Tower,0,15,22,0,37,0,5,21,0,26,0,20,43,0,63,78,0,78,141
11/16/2019,ALN,IL,AGL,CE,Federal Contract Tower,0,6,16,4,26,0,2,37,7,46,0,8,53,11,72,82,0,82,154
11/17/2019,ALN,IL,AGL,CE,Federal Contract Tower,0,1,8,1,10,0,0,8,0,8,0,1,16,1,18,58,0,58,76
11/18/2019,ALN,IL,AGL,CE,Federal Contract Tower,0,22,7,0,29,0,2,9,0,11,0,24,16,0,40,58,0,58,98
11/19/2019,ALN,IL,AGL,CE,Federal Contract Tower,0,28,9,0,37,0,12,16,0,28,0,40,25,0,65,48,8,56,121
11/20/2019,ALN,IL,AGL,CE,Federal Contract Tower,0,27,15,0,42,0,4,29,0,33,0,31,44,0,75,116,0,116,191
11/21/2019,ALN,IL,AGL,CE,Federal Contract Tower,0,17,4,0,21,0,2,0,0,2,0,19,4,0,23,44,0,44,67
11/22/2019,ALN,IL,AGL,CE,Federal Contract Tower,0,10,5,1,16,0,0,10,0,10,0,10,15,1,26,42,4,46,72
11/23/2019,ALN,IL,AGL,CE,Federal Contract Tower,0,3,9,0,12,0,0,4,0,4,0,3,13,0,16,28,0,28,44
11/24/2019,ALN,IL,AGL,CE,Federal Contract Tower,0,0,14,0,14,0,0,42,0,42,0,0,56,0,56,82,0,82,138
11/25/2019,ALN,IL,AGL,CE,Federal Contract Tower,0,8,19,0,27,0,4,41,0,45,0,12,60,0,72,106,0,106,178
11/26/2019,ALN,IL,AGL,CE,Federal Contract Tower,0,9,4,0,13,0,0,1,0,1,0,9,5,0,14,4,0,4,18
11/27/2019,ALN,IL,AGL,CE,Federal Contract Tower,0,6,1,0,7,0,0,0,0,0,0,6,1,0,7,0,0,0,7
11/28/2019,ALN,IL,AGL,CE,Federal Contract Tower,0,6,1,0,7,0,0,5,0,5,0,6,6,0,12,0,0,0,12
11/29/2019,ALN,IL,AGL,CE,Federal Contract Tower,0,7,4,0,11,0,0,2,0,2,0,7,6,0,13,20,0,20,33
11/30/2019,ALN,IL,AGL,CE,Federal Contract Tower,0,3,0,0,3,0,0,0,0,0,0,3,0,0,3,0,0,0,3
12/01/2019,ALN,IL,AGL,CE,Federal Contract Tower,0,10,0,0,10,0,0,1,0,1,0,10,1,0,11,0,0,0,11
12/02/2019,ALN,IL,AGL,CE,Federal Contract Tower,0,29,13,0,42,0,2,3,0,5,0,31,16,0,47,60,0,60,107
12/03/2019,ALN,IL,AGL,CE,Federal Contract Tower,0,14,12,0,26,0,1,26,0,27,0,15,38,0,53,84,0,84,137
12/04/2019,ALN,IL,AGL,CE,Federal Contract Tower,0,13,12,0,25,0,4,32,0,36,0,17,44,0,61,88,0,88,149
12/05/2019,ALN,IL,AGL,CE,Federal Contract Tower,0,11,10,0,21,0,0,18,0,18,0,11,28,0,39,84,0,84,123
12/06/2019,ALN,IL,AGL,CE,Federal Contract Tower,0,12,11,0,23,0,0,9,0,9,0,12,20,0,32,44,0,44,76
12/07/2019,ALN,IL,AGL,CE,Federal Contract Tower,0,6,23,0,29,0,0,42,0,42,0,6,65,0,71,74,0,74,145
12/08/2019,ALN,IL,AGL,CE,Federal Contract Tower,0,8,17,0,25,0,0,13,0,13,0,8,30,0,38,28,0,28,66
12/09/2019,ALN,IL,AGL,CE,Federal Contract Tower,0,13,0,0,13,0,0,0,0,0,0,13,0,0,13,0,0,0,13
12/10/2019,ALN,IL,AGL,CE,Federal Contract Tower,0,14,2,0,16,0,0,11,0,11,0,14,13,0,27,56,0,56,83
12/11/2019,ALN,IL,AGL,CE,Federal Contract Tower,0,13,6,0,19,0,1,17,2,20,0,14,23,2,39,96,2,98,137
12/12/2019,ALN,IL,AGL,CE,Federal Contract Tower,0,14,12,0,26,0,10,15,0,25,0,24,27,0,51,62,0,62,113
12/13/2019,ALN,IL,AGL,CE,Federal Contract Tower,0,22,13,0,35,0,1,40,0,41,0,23,53,0,76,110,0,110,186
12/14/2019,ALN,IL,AGL,CE,Federal Contract Tower,0,20,1,0,21,0,0,0,0,0,0,20,1,0,21,18,0,18,39
12/15/2019,ALN,IL,AGL,CE,Federal Contract Tower,0,4,6,0,10,0,0,2,0,2,0,4,8,0,12,8,0,8,20
12/16/2019,ALN,IL,AGL,CE,Federal Contract Tower,0,5,0,0,5,0,0,0,0,0,0,5,0,0,5,0,0,0,5
12/17/2019,ALN,IL,AGL,CE,Federal Contract Tower,0,17,0,0,17,0,0,3,0,3,0,17,3,0,20,36,0,36,56
12/18/2019,ALN,IL,AGL,CE,Federal Contract Tower,0,19,5,0,24,0,2,8,0,10,0,21,13,0,34,54,0,54,88
12/19/2019,ALN,IL,AGL,CE,Federal Contract Tower,1,12,7,0,20,0,3,11,0,14,1,15,18,0,34,28,0,28,62
12/20/2019,ALN,IL,AGL,CE,Federal Contract Tower,1,30,10,0,41,0,0,21,0,21,1,30,31,0,62,42,0,42,104
12/21/2019,ALN,IL,AGL,CE,Federal Contract Tower,0,17,24,2,43,0,2,17,0,19,0,19,41,2,62,60,4,64,126
12/22/2019,ALN,IL,AGL,CE,Federal Contract Tower,0,4,6,0,10,0,0,28,0,28,0,4,34,0,38,44,0,44,82
12/23/2019,ALN,IL,AGL,CE,Federal Contract Tower,0,12,7,0,19,0,2,20,0,22,0,14,27,0,41,64,0,64,105
12/24/2019,ALN,IL,AGL,CE,Federal Contract Tower,0,2,1,0,3,0,0,18,0,18,0,2,19,0,21,8,0,8,29
12/25/2019,ALN,IL,AGL,CE,Federal Contract Tower,0,0,1,0,1,0,0,14,0,14,0,0,15,0,15,8,0,8,23
12/26/2019,ALN,IL,AGL,CE,Federal Contract Tower,0,15,9,0,24,0,0,14,0,14,0,15,23,0,38,49,0,49,87
12/27/2019,ALN,IL,AGL,CE,Federal Contract Tower,0,19,15,0,34,0,0,10,0,10,0,19,25,0,44,78,0,78,122
12/28/2019,ALN,IL,AGL,CE,Federal Contract Tower,0,2,2,0,4,0,0,0,0,0,0,2,2,0,4,2,0,2,6
12/29/2019,ALN,IL,AGL,CE,Federal Contract Tower,0,2,13,0,15,0,0,9,0,9,0,2,22,0,24,30,0,30,54
12/30/2019,ALN,IL,AGL,CE,Federal Contract Tower,0,16,3,0,19,0,3,2,0,5,0,19,5,0,24,18,0,18,42
12/31/2019,ALN,IL,AGL,CE,Federal Contract Tower,0,10,0,0,10,0,2,3,0,5,0,12,3,0,15,12,0,12,27
01/01/2020,ALN,IL,AGL,CE,Federal Contract Tower,0,5,8,0,13,0,0,24,0,24,0,5,32,0,37,68,0,68,105
01/02/2020,ALN,IL,AGL,CE,Federal Contract Tower,0,4,8,0,12,0,0,14,0,14,0,4,22,0,26,34,0,34,60
01/03/2020,ALN,IL,AGL,CE,Federal Contract Tower,0,12,3,0,15,0,0,0,0,0,0,12,3,0,15,6,0,6,21
01/04/2020,ALN,IL,AGL,CE,Federal Contract Tower,0,2,2,0,4,0,0,6,0,6,0,2,8,0,10,14,0,14,24
01/05/2020,ALN,IL,AGL,CE,Federal Contract Tower,0,4,3,0,7,0,0,9,0,9,0,4,12,0,16,20,0,20,36
01/06/2020,ALN,IL,AGL,CE,Federal Contract Tower,0,10,15,0,25,0,0,14,0,14,0,10,29,0,39,60,0,60,99
01/07/2020,ALN,IL,AGL,CE,Federal Contract Tower,0,13,12,1,26,0,2,14,0,16,0,15,26,1,42,54,4,58,100
01/08/2020,ALN,IL,AGL,CE,Federal Contract Tower,0,19,11,0,30,0,0,33,0,33,0,19,44,0,63,72,0,72,135
01/09/2020,ALN,IL,AGL,CE,Federal Contract Tower,0,19,2,0,21,0,0,0,0,0,0,19,2,0,21,0,0,0,21
01/10/2020,ALN,IL,AGL,CE,Federal Contract Tower,0,10,0,0,10,0,0,0,0,0,0,10,0,0,10,0,0,0,10
01/11/2020,ALN,IL,AGL,CE,Federal Contract Tower,0,2,0,0,2,0,0,0,0,0,0,2,0,0,2,0,0,0,2
01/12/2020,ALN,IL,AGL,CE,Federal Contract Tower,0,12,0,2,14,0,0,0,0,0,0,12,0,2,14,0,0,0,14
01/13/2020,ALN,IL,AGL,CE,Federal Contract Tower,0,19,0,0,19,0,2,0,0,2,0,21,0,0,21,16,0,16,37
01/14/2020,ALN,IL,AGL,CE,Federal Contract Tower,0,12,7,4,23,0,0,6,0,6,0,12,13,4,29,64,8,72,101
01/15/2020,ALN,IL,AGL,CE,Federal Contract Tower,0,9,8,0,17,0,0,2,0,2,0,9,10,0,19,34,0,34,53
01/16/2020,ALN,IL,AGL,CE,Federal Contract Tower,0,38,9,0,47,0,5,13,0,18,0,43,22,0,65,80,0,80,145
01/17/2020,ALN,IL,AGL,CE,Federal Contract Tower,0,1,2,0,3,0,4,0,0,4,0,5,2,0,7,0,0,0,7
01/18/2020,ALN,IL,AGL,CE,Federal Contract Tower,0,3,2,0,5,0,0,0,0,0,0,3,2,0,5,0,0,0,5
01/19/2020,ALN,IL,AGL,CE,Federal Contract Tower,0,9,3,0,12,0,0,13,0,13,0,9,16,0,25,36,0,36,61
01/20/2020,ALN,IL,AGL,CE,Federal Contract Tower,0,13,4,0,17,0,0,25,0,25,0,13,29,0,42,26,0,26,68
01/21/2020,ALN,IL,AGL,CE,Federal Contract Tower,0,20,1,0,21,0,2,8,0,10,0,22,9,0,31,58,0,58,89
01/22/2020,ALN,IL,AGL,CE,Federal Contract Tower,0,22,2,0,24,0,1,6,0,7,0,23,8,0,31,62,0,62,93
01/23/2020,ALN,IL,AGL,CE,Federal Contract Tower,0,6,0,0,6,0,0,0,0,0,0,6,0,0,6,0,0,0,6
01/24/2020,ALN,IL,AGL,CE,Federal Contract Tower,0,13,0,0,13,0,0,0,0,0,0,13,0,0,13,12,0,12,25
01/25/2020,ALN,IL,AGL,CE,Federal Contract Tower,0,3,0,0,3,0,0,0,0,0,0,3,0,0,3,8,0,8,11
01/26/2020,ALN,IL,AGL,CE,Federal Contract Tower,0,5,8,0,13,0,0,21,0,21,0,5,29,0,34,136,0,136,170
01/27/2020,ALN,IL,AGL,CE,Federal Contract Tower,0,19,1,0,20,0,0,0,0,0,0,19,1,0,20,8,0,8,28
01/28/2020,ALN,IL,AGL,CE,Federal Contract Tower,0,11,0,0,11,0,0,2,0,2,0,11,2,0,13,24,0,24,37
01/29/2020,ALN,IL,AGL,CE,Federal Contract Tower,0,16,4,0,20,0,0,0,0,0,0,16,4,0,20,8,0,8,28
01/30/2020,ALN,IL,AGL,CE,Federal Contract Tower,0,13,1,0,14,0,0,0,0,0,0,13,1,0,14,8,0,8,22
01/31/2020,ALN,IL,AGL,CE,Federal Contract Tower,0,24,4,0,28,0,0,7,0,7,0,24,11,0,35,28,0,28,63
02/01/2020,ALN,IL,AGL,CE,Federal Contract Tower,0,4,6,0,10,0,0,20,0,20,0,4,26,0,30,46,0,46,76
02/02/2020,ALN,IL,AGL,CE,Federal Contract Tower,0,2,17,0,19,0,0,35,0,35,0,2,52,0,54,118,0,118,172
02/03/2020,ALN,IL,AGL,CE,Federal Contract Tower,0,16,7,0,23,0,0,21,0,21,0,16,28,0,44,12,0,12,56
02/04/2020,ALN,IL,AGL,CE,Federal Contract Tower,0,10,6,0,16,0,0,10,0,10,0,10,16,0,26,16,0,16,42
02/05/2020,ALN,IL,AGL,CE,Federal Contract Tower,5,0,1,0,6,0,0,0,0,0,5,0,1,0,6,2,0,2,8
02/06/2020,ALN,IL,AGL,CE,Federal Contract Tower,0,9,5,0,14,0,0,4,0,4,0,9,9,0,18,14,0,14,32
02/07/2020,ALN,IL,AGL,CE,Federal Contract Tower,0,18,9,0,27,0,1,20,0,21,0,19,29,0,48,40,0,40,88
02/08/2020,ALN,IL,AGL,CE,Federal Contract Tower,0,9,4,0,13,0,0,11,0,11,0,9,15,0,24,40,0,40,64
02/09/2020,ALN,IL,AGL,CE,Federal Contract Tower,0,2,2,2,6,0,0,2,0,2,0,2,4,2,8,2,18,20,28
02/10/2020,ALN,IL,AGL,CE,Federal Contract Tower,0,5,3,1,9,0,0,0,0,0,0,5,3,1,9,0,0,0,9
02/11/2020,ALN,IL,AGL,CE,Federal Contract Tower,0,8,10,0,18,0,2,23,1,26,0,10,33,1,44,118,0,118,162
02/12/2020,ALN,IL,AGL,CE,Federal Contract Tower,0,10,0,0,10,0,0,5,0,5,0,10,5,0,15,2,0,2,17
02/13/2020,ALN,IL,AGL,CE,Federal Contract Tower,0,11,2,0,13,0,0,2,0,2,0,11,4,0,15,18,0,18,33
02/14/2020,ALN,IL,AGL,CE,Federal Contract Tower,0,26,7,2,35,0,0,13,0,13,0,26,20,2,48,54,0,54,102
02/15/2020,ALN,IL,AGL,CE,Federal Contract Tower,0,3,10,0,13,0,1,22,0,23,0,4,32,0,36,42,0,42,78
02/16/2020,ALN,IL,AGL,CE,Federal Contract Tower,0,11,7,0,18,0,1,51,0,52,0,12,58,0,70,78,0,78,148
02/17/2020,ALN,IL,AGL,CE,Federal Contract Tower,0,20,6,0,26,0,0,2,0,2,0,20,8,0,28,26,0,26,54
02/18/2020,ALN,IL,AGL,CE,Federal Contract Tower,0,10,3,0,13,0,1,5,0,6,0,11,8,0,19,48,0,48,67
02/19/2020,ALN,IL,AGL,CE,Federal Contract Tower,0,15,12,2,29,0,2,42,0,44,0,17,54,2,73,169,14,183,256
02/20/2020,ALN,IL,AGL,CE,Federal Contract Tower,0,25,15,0,40,0,0,15,0,15,0,25,30,0,55,168,0,168,223
02/21/2020,ALN,IL,AGL,CE,Federal Contract Tower,0,24,14,0,38,0,0,37,0,37,0,24,51,0,75,142,0,142,217
02/22/2020,ALN,IL,AGL,CE,Federal Contract Tower,0,2,14,1,17,0,3,72,0,75,0,5,86,1,92,124,0,124,216
02/23/2020,ALN,IL,AGL,CE,Federal Contract Tower,0,7,11,0,18,0,0,47,0,47,0,7,58,0,65,78,0,78,143
02/24/2020,ALN,IL,AGL,CE,Federal Contract Tower,0,13,3,0,16,0,0,0,0,0,0,13,3,0,16,16,0,16,32
02/25/2020,ALN,IL,AGL,CE,Federal Contract Tower,0,7,2,0,9,0,0,0,0,0,0,7,2,0,9,12,0,12,21
02/26/2020,ALN,IL,AGL,CE,Federal Contract Tower,0,14,2,0,16,0,0,0,0,0,0,14,2,0,16,4,0,4,20
02/27/2020,ALN,IL,AGL,CE,Federal Contract Tower,0,12,7,1,20,0,12,8,0,20,0,24,15,1,40,32,2,34,74
02/28/2020,ALN,IL,AGL,CE,Federal Contract Tower,0,18,1,0,19,0,6,2,0,8,0,24,3,0,27,22,0,22,49
02/29/2020,ALN,IL,AGL,CE,Federal Contract Tower,0,8,19,0,27,0,0,37,0,37,0,8,56,0,64,68,0,68,132
03/01/2020,ALN,IL,AGL,CE,Federal Contract Tower,0,5,6,0,11,0,0,9,0,9,0,5,15,0,20,22,0,22,42
03/02/2020,ALN,IL,AGL,CE,Federal Contract Tower,0,9,8,1,18,0,1,14,0,15,0,10,22,1,33,14,6,20,53
03/03/2020,ALN,IL,AGL,CE,Federal Contract Tower,0,11,1,0,12,0,0,9,0,9,0,11,10,0,21,32,0,32,53
03/04/2020,ALN,IL,AGL,CE,Federal Contract Tower,0,26,9,0,35,0,1,10,0,11,0,27,19,0,46,106,0,106,152
03/05/2020,ALN,IL,AGL,CE,Federal Contract Tower,0,8,5,2,15,0,0,2,0,2,0,8,7,2,17,26,0,26,43
03/06/2020,ALN,IL,AGL,CE,Federal Contract Tower,0,16,5,0,21,0,0,13,0,13,0,16,18,0,34,22,0,22,56
03/07/2020,ALN,IL,AGL,CE,Federal Contract Tower,0,8,9,0,17,0,0,34,0,34,0,8,43,0,51,26,0,26,77
03/08/2020,ALN,IL,AGL,CE,Federal Contract Tower,0,2,6,0,8,0,0,16,0,16,0,2,22,0,24,8,0,8,32
03/09/2020,ALN,IL,AGL,CE,Federal Contract Tower,0,7,3,0,10,0,0,0,0,0,0,7,3,0,10,6,0,6,16
03/10/2020,ALN,IL,AGL,CE,Federal Contract Tower,0,7,2,0,9,0,0,23,0,23,0,7,25,0,32,18,0,18,50
03/11/2020,ALN,IL,AGL,CE,Federal Contract Tower,0,11,1,0,12,0,2,15,0,17,0,13,16,0,29,34,0,34,63
03/12/2020,ALN,IL,AGL,CE,Federal Contract Tower,0,11,1,0,12,0,0,0,0,0,0,11,1,0,12,0,0,0,12
03/13/2020,ALN,IL,AGL,CE,Federal Contract Tower,0,14,12,0,26,0,0,45,0,45,0,14,57,0,71,92,0,92,163
03/14/2020,ALN,IL,AGL,CE,Federal Contract Tower,0,2,0,0,2,0,0,0,0,0,0,2,0,0,2,0,0,0,2
03/15/2020,ALN,IL,AGL,CE,Federal Contract Tower,0,4,4,0,8,0,0,12,0,12,0,4,16,0,20,24,0,24,44
03/16/2020,ALN,IL,AGL,CE,Federal Contract Tower,0,19,3,0,22,0,0,0,0,0,0,19,3,0,22,16,0,16,38
03/17/2020,ALN,IL,AGL,CE,Federal Contract Tower,0,13,5,0,18,0,0,10,0,10,0,13,15,0,28,18,0,18,46
03/18/2020,ALN,IL,AGL,CE,Federal Contract Tower,0,8,2,0,10,0,0,0,0,0,0,8,2,0,10,0,0,0,10
03/19/2020,ALN,IL,AGL,CE,Federal Contract Tower,0,7,2,0,9,0,0,2,0,2,0,7,4,0,11,0,0,0,11
03/20/2020,ALN,IL,AGL,CE,Federal Contract Tower,0,15,1,0,16,0,2,6,0,8,0,17,7,0,24,10,0,10,34
03/21/2020,ALN,IL,AGL,CE,Federal Contract Tower,0,0,8,0,8,0,0,27,0,27,0,0,35,0,35,30,0,30,65
03/22/2020,ALN,IL,AGL,CE,Federal Contract Tower,0,1,0,0,1,0,0,0,0,0,0,1,0,0,1,0,0,0,1
03/23/2020,ALN,IL,AGL,CE,Federal Contract Tower,0,5,2,2,9,0,0,5,0,5,0,5,7,2,14,10,4,14,28
03/24/2020,ALN,IL,AGL,CE,Federal Contract Tower,0,6,3,0,9,0,0,0,0,0,0,6,3,0,9,4,0,4,13
03/25/2020,ALN,IL,AGL,CE,Federal Contract Tower,0,6,3,0,9,0,0,10,0,10,0,6,13,0,19,18,0,18,37
03/26/2020,ALN,IL,AGL,CE,Federal Contract Tower,0,6,2,0,8,0,0,24,0,24,0,6,26,0,32,18,0,18,50
03/27/2020,ALN,IL,AGL,CE,Federal Contract Tower,0,7,2,0,9,0,0,14,0,14,0,7,16,0,23,8,0,8,31
03/28/2020,ALN,IL,AGL,CE,Federal Contract Tower,0,1,0,0,1,0,0,1,0,1,0,1,1,0,2,18,0,18,20
03/29/2020,ALN,IL,AGL,CE,Federal Contract Tower,0,3,3,0,6,0,0,0,0,0,0,3,3,0,6,0,0,0,6
03/30/2020,ALN,IL,AGL,CE,Federal Contract Tower,0,11,8,0,19,0,0,32,0,32,0,11,40,0,51,60,0,60,111
03/31/2020,ALN,IL,AGL,CE,Federal Contract Tower,0,4,4,1,9,0,0,14,0,14,0,4,18,1,23,32,4,36,59
04/01/2020,ALN,IL,AGL,CE,Federal Contract Tower,0,19,0,0,19,0,1,25,0,26,0,20,25,0,45,76,0,76,121
04/02/2020,ALN,IL,AGL,CE,Federal Contract Tower,0,10,3,0,13,0,0,17,0,17,0,10,20,0,30,26,2,28,58
04/03/2020,ALN,IL,AGL,CE,Federal Contract Tower,0,8,0,0,8,0,0,7,0,7,0,8,7,0,15,26,0,26,41
04/04/2020,ALN,IL,AGL,CE,Federal Contract Tower,0,0,0,0,0,0,0,2,0,2,0,0,2,0,2,10,0,10,12
04/05/2020,ALN,IL,AGL,CE,Federal Contract Tower,0,1,2,0,3,0,0,6,0,6,0,1,8,0,9,30,0,30,39
04/06/2020,ALN,IL,AGL,CE,Federal Contract Tower,0,10,6,0,16,0,2,2,0,4,0,12,8,0,20,14,0,14,34
04/07/2020,ALN,IL,AGL,CE,Federal Contract Tower,0,6,1,3,10,0,0,17,0,17,0,6,18,3,27,30,6,36,63
04/08/2020,ALN,IL,AGL,CE,Federal Contract Tower,0,7,1,0,8,0,0,31,0,31,0,7,32,0,39,16,0,16,55
04/09/2020,ALN,IL,AGL,CE,Federal Contract Tower,0,3,0,2,5,0,0,8,0,8,0,3,8,2,13,14,2,16,29
04/10/2020,ALN,IL,AGL,CE,Federal Contract Tower,0,15,3,0,18,0,6,29,0,35,0,21,32,0,53,24,0,24,77
04/11/2020,ALN,IL,AGL,CE,Federal Contract Tower,0,4,3,0,7,0,0,3,0,3,0,4,6,0,10,8,0,8,18
04/12/2020,ALN,IL,AGL,CE,Federal Contract Tower,0,0,0,0,0,0,0,0,0,0,0,0,0,0,0,0,0,0,0
04/13/2020,ALN,IL,AGL,CE,Federal Contract Tower,0,11,0,0,11,0,0,5,0,5,0,11,5,0,16,2,0,2,18
04/14/2020,ALN,IL,AGL,CE,Federal Contract Tower,0,8,3,3,14,0,3,17,2,22,0,11,20,5,36,18,8,26,62
04/15/2020,ALN,IL,AGL,CE,Federal Contract Tower,0,11,2,0,13,0,1,5,0,6,0,12,7,0,19,8,0,8,27
04/16/2020,ALN,IL,AGL,CE,Federal Contract Tower,0,9,2,0,11,0,0,18,0,18,0,9,20,0,29,58,0,58,87
04/17/2020,ALN,IL,AGL,CE,Federal Contract Tower,0,8,0,0,8,0,0,0,0,0,0,8,0,0,8,2,0,2,10
04/18/2020,ALN,IL,AGL,CE,Federal Contract Tower,0,0,3,0,3,0,1,29,0,30,0,1,32,0,33,30,0,30,63
04/19/2020,ALN,IL,AGL,CE,Federal Contract Tower,0,2,3,0,5,0,0,24,0,24,0,2,27,0,29,42,0,42,71
04/20/2020,ALN,IL,AGL,CE,Federal Contract Tower,0,18,5,1,24,0,0,25,0,25,0,18,30,1,49,40,2,42,91
04/21/2020,ALN,IL,AGL,CE,Federal Contract Tower,0,9,10,1,20,0,6,15,0,21,0,15,25,1,41,26,2,28,69
04/22/2020,ALN,IL,AGL,CE,Federal Contract Tower,0,5,0,0,5,0,0,12,0,12,0,5,12,0,17,36,0,36,53
04/23/2020,ALN,IL,AGL,CE,Federal Contract Tower,0,14,1,0,15,0,0,2,0,2,0,14,3,0,17,14,0,14,31
04/24/2020,ALN,IL,AGL,CE,Federal Contract Tower,0,7,4,0,11,0,0,10,0,10,0,7,14,0,21,40,0,40,61
04/25/2020,ALN,IL,AGL,CE,Federal Contract Tower,0,5,1,0,6,0,0,0,0,0,0,5,1,0,6,0,0,0,6
04/26/2020,ALN,IL,AGL,CE,Federal Contract Tower,0,2,8,0,10,0,0,23,0,23,0,2,31,0,33,20,0,20,53
04/27/2020,ALN,IL,AGL,CE,Federal Contract Tower,0,13,0,0,13,0,0,8,0,8,0,13,8,0,21,30,0,30,51
04/28/2020,ALN,IL,AGL,CE,Federal Contract Tower,0,2,2,1,5,0,0,14,0,14,0,2,16,1,19,22,2,24,43
04/29/2020,ALN,IL,AGL,CE,Federal Contract Tower,0,9,1,0,10,0,0,0,0,0,0,9,1,0,10,4,0,4,14
04/30/2020,ALN,IL,AGL,CE,Federal Contract Tower,0,10,0,0,10,0,2,2,0,4,0,12,2,0,14,0,0,0,14
05/01/2020,ALN,IL,AGL,CE,Federal Contract Tower,0,9,9,0,18,0,0,36,0,36,0,9,45,0,54,64,0,64,118
05/02/2020,ALN,IL,AGL,CE,Federal Contract Tower,0,2,5,0,7,0,0,50,0,50,0,2,55,0,57,78,0,78,135
05/03/2020,ALN,IL,AGL,CE,Federal Contract Tower,0,4,5,0,9,0,1,13,0,14,0,5,18,0,23,4,0,4,27
05/04/2020,ALN,IL,AGL,CE,Federal Contract Tower,0,11,0,1,12,0,0,4,0,4,0,11,4,1,16,10,0,10,26
05/05/2020,ALN,IL,AGL,CE,Federal Contract Tower,0,11,5,0,16,0,0,6,0,6,0,11,11,0,22,24,0,24,46
05/06/2020,ALN,IL,AGL,CE,Federal Contract Tower,0,6,9,2,17,0,4,8,1,13,0,10,17,3,30,32,2,34,64
05/07/2020,ALN,IL,AGL,CE,Federal Contract Tower,0,8,13,0,21,0,0,24,0,24,0,8,37,0,45,48,0,48,93
05/08/2020,ALN,IL,AGL,CE,Federal Contract Tower,0,21,2,0,23,0,0,8,0,8,0,21,10,0,31,10,0,10,41
05/09/2020,ALN,IL,AGL,CE,Federal Contract Tower,0,1,11,0,12,0,0,40,0,40,0,1,51,0,52,62,0,62,114
05/10/2020,ALN,IL,AGL,CE,Federal Contract Tower,0,2,1,0,3,0,0,9,0,9,0,2,10,0,12,4,0,4,16
05/11/2020,ALN,IL,AGL,CE,Federal Contract Tower,0,14,14,0,28,0,5,14,0,19,0,19,28,0,47,136,0,136,183
05/12/2020,ALN,IL,AGL,CE,Federal Contract Tower,0,6,6,0,12,0,4,17,0,21,0,10,23,0,33,114,0,114,147
05/13/2020,ALN,IL,AGL,CE,Federal Contract Tower,0,19,1,0,20,0,0,0,0,0,0,19,1,0,20,76,0,76,96
05/14/2020,ALN,IL,AGL,CE,Federal Contract Tower,0,17,0,0,17,0,0,15,0,15,0,17,15,0,32,260,0,260,292
05/15/2020,ALN,IL,AGL,CE,Federal Contract Tower,0,17,4,0,21,0,8,5,0,13,0,25,9,0,34,150,0,150,184
05/16/2020,ALN,IL,AGL,CE,Federal Contract Tower,0,3,0,0,3,0,0,5,0,5,0,3,5,0,8,30,0,30,38
05/17/2020,ALN,IL,AGL,CE,Federal Contract Tower,0,2,5,0,7,0,0,0,0,0,0,2,5,0,7,6,0,6,13
05/18/2020,ALN,IL,AGL,CE,Federal Contract Tower,0,17,10,0,27,0,2,5,0,7,0,19,15,0,34,32,0,32,66
05/19/2020,ALN,IL,AGL,CE,Federal Contract Tower,0,16,2,1,19,0,0,2,4,6,0,16,4,5,25,24,0,24,49
05/20/2020,ALN,IL,AGL,CE,Federal Contract Tower,0,9,7,0,16,0,0,0,5,5,0,9,7,5,21,12,2,14,35
05/21/2020,ALN,IL,AGL,CE,Federal Contract Tower,0,11,5,0,16,0,2,7,0,9,0,13,12,0,25,86,0,86,111
05/22/2020,ALN,IL,AGL,CE,Federal Contract Tower,0,9,6,0,15,0,0,23,0,23,0,9,29,0,38,46,0,46,84
05/23/2020,ALN,IL,AGL,CE,Federal Contract Tower,0,2,6,0,8,0,0,34,0,34,0,2,40,0,42,40,0,40,82
05/24/2020,ALN,IL,AGL,CE,Federal Contract Tower,0,1,3,0,4,0,0,14,0,14,0,1,17,0,18,16,0,16,34
05/25/2020,ALN,IL,AGL,CE,Federal Contract Tower,0,3,3,0,6,0,2,9,0,11,0,5,12,0,17,18,0,18,35
05/26/2020,ALN,IL,AGL,CE,Federal Contract Tower,0,19,5,1,25,0,0,15,0,15,0,19,20,1,40,36,4,40,80
05/27/2020,ALN,IL,AGL,CE,Federal Contract Tower,0,19,0,0,19,0,0,0,0,0,0,19,0,0,19,2,0,2,21
05/28/2020,ALN,IL,AGL,CE,Federal Contract Tower,0,20,0,0,20,0,0,20,0,20,0,20,20,0,40,36,0,36,76
05/29/2020,ALN,IL,AGL,CE,Federal Contract Tower,0,12,13,0,25,0,2,19,0,21,0,14,32,0,46,26,0,26,72
05/30/2020,ALN,IL,AGL,CE,Federal Contract Tower,0,2,10,0,12,0,0,58,0,58,0,2,68,0,70,72,0,72,142
05/31/2020,ALN,IL,AGL,CE,Federal Contract Tower,0,4,12,0,16,0,2,39,0,41,0,6,51,0,57,86,0,86,143
06/01/2020,ALN,IL,AGL,CE,Federal Contract Tower,0,17,9,0,26,0,0,17,0,17,0,17,26,0,43,40,0,40,83
06/02/2020,ALN,IL,AGL,CE,Federal Contract Tower,0,18,7,0,25,0,6,23,0,29,0,24,30,0,54,22,0,22,76
06/03/2020,ALN,IL,AGL,CE,Federal Contract Tower,0,13,12,4,29,0,0,10,0,10,0,13,22,4,39,20,10,30,69
06/04/2020,ALN,IL,AGL,CE,Federal Contract Tower,0,5,2,0,7,0,0,21,0,21,0,5,23,0,28,26,0,26,54
06/05/2020,ALN,IL,AGL,CE,Federal Contract Tower,0,3,7,3,13,0,0,19,0,19,0,3,26,3,32,26,8,34,66
06/06/2020,ALN,IL,AGL,CE,Federal Contract Tower,0,6,8,0,14,0,1,27,0,28,0,7,35,0,42,52,0,52,94
06/07/2020,ALN,IL,AGL,CE,Federal Contract Tower,0,2,10,0,12,0,0,20,0,20,0,2,30,0,32,50,0,50,82
06/08/2020,ALN,IL,AGL,CE,Federal Contract Tower,0,9,16,2,27,0,0,9,0,9,0,9,25,2,36,56,4,60,96
06/09/2020,ALN,IL,AGL,CE,Federal Contract Tower,0,14,1,0,15,0,0,0,0,0,0,14,1,0,15,0,0,0,15
06/10/2020,ALN,IL,AGL,CE,Federal Contract Tower,0,17,2,0,19,0,0,1,0,1,0,17,3,0,20,14,0,14,34
06/11/2020,ALN,IL,AGL,CE,Federal Contract Tower,0,13,9,3,25,0,4,31,0,35,0,17,40,3,60,68,20,88,148
06/12/2020,ALN,IL,AGL,CE,Federal Contract Tower,0,7,18,0,25,0,0,24,0,24,0,7,42,0,49,32,0,32,81
06/13/2020,ALN,IL,AGL,CE,Federal Contract Tower,0,0,7,0,7,0,0,26,0,26,0,0,33,0,33,37,0,37,70
06/14/2020,ALN,IL,AGL,CE,Federal Contract Tower,0,4,14,0,18,0,0,27,0,27,0,4,41,0,45,38,0,38,83
06/15/2020,ALN,IL,AGL,CE,Federal Contract Tower,0,14,6,0,20,0,0,7,0,7,0,14,13,0,27,26,0,26,53
06/16/2020,ALN,IL,AGL,CE,Federal Contract Tower,0,13,7,3,23,0,12,43,0,55,0,25,50,3,78,68,6,74,152
06/17/2020,ALN,IL,AGL,CE,Federal Contract Tower,3,9,12,0,24,0,4,25,0,29,3,13,37,0,53,40,0,40,93
06/18/2020,ALN,IL,AGL,CE,Federal Contract Tower,0,13,14,0,27,0,0,17,2,19,0,13,31,2,46,42,0,42,88
06/19/2020,ALN,IL,AGL,CE,Federal Contract Tower,0,22,13,1,36,0,2,17,0,19,0,24,30,1,55,80,2,82,137
06/20/2020,ALN,IL,AGL,CE,Federal Contract Tower,0,3,3,0,6,0,0,13,0,13,0,3,16,0,19,2,0,2,21
06/21/2020,ALN,IL,AGL,CE,Federal Contract Tower,0,3,6,0,9,0,2,15,0,17,0,5,21,0,26,62,0,62,88
06/22/2020,ALN,IL,AGL,CE,Federal Contract Tower,0,13,4,0,17,0,0,2,0,2,0,13,6,0,19,10,0,10,29
06/23/2020,ALN,IL,AGL,CE,Federal Contract Tower,0,9,9,0,18,0,0,22,0,22,0,9,31,0,40,74,0,74,114
06/24/2020,ALN,IL,AGL,CE,Federal Contract Tower,0,9,8,0,17,0,2,11,0,13,0,11,19,0,30,32,0,32,62
06/25/2020,ALN,IL,AGL,CE,Federal Contract Tower,0,11,8,1,20,0,2,13,0,15,0,13,21,1,35,28,0,28,63
06/26/2020,ALN,IL,AGL,CE,Federal Contract Tower,0,14,5,0,19,0,0,15,0,15,0,14,20,0,34,12,0,12,46
06/27/2020,ALN,IL,AGL,CE,Federal Contract Tower,1,5,6,0,12,0,0,3,0,3,1,5,9,0,15,8,0,8,23
06/28/2020,ALN,IL,AGL,CE,Federal Contract Tower,0,3,4,0,7,0,2,10,0,12,0,5,14,0,19,28,0,28,47
06/29/2020,ALN,IL,AGL,CE,Federal Contract Tower,0,10,3,0,13,0,0,16,0,16,0,10,19,0,29,16,0,16,45
06/30/2020,ALN,IL,AGL,CE,Federal Contract Tower,0,13,0,0,13,0,0,0,0,0,0,13,0,0,13,12,0,12,25
07/01/2020,ALN,IL,AGL,CE,Federal Contract Tower,0,13,1,0,14,0,0,2,0,2,0,13,3,0,16,0,0,0,16
07/02/2020,ALN,IL,AGL,CE,Federal Contract Tower,0,17,7,0,24,0,1,12,0,13,0,18,19,0,37,14,0,14,51
07/03/2020,ALN,IL,AGL,CE,Federal Contract Tower,0,2,8,0,10,0,0,30,0,30,0,2,38,0,40,58,0,58,98
07/04/2020,ALN,IL,AGL,CE,Federal Contract Tower,0,0,4,0,4,0,0,22,0,22,0,0,26,0,26,26,0,26,52
07/05/2020,ALN,IL,AGL,CE,Federal Contract Tower,0,2,1,0,3,0,0,21,0,21,0,2,22,0,24,18,0,18,42
07/06/2020,ALN,IL,AGL,CE,Federal Contract Tower,0,14,12,0,26,0,4,10,0,14,0,18,22,0,40,42,0,42,82
07/07/2020,ALN,IL,AGL,CE,Federal Contract Tower,0,7,6,0,13,0,0,15,1,16,0,7,21,1,29,34,0,34,63
07/08/2020,ALN,IL,AGL,CE,Federal Contract Tower,0,6,4,0,10,0,2,10,0,12,0,8,14,0,22,28,0,28,50
07/09/2020,ALN,IL,AGL,CE,Federal Contract Tower,0,8,5,0,13,0,2,11,0,13,0,10,16,0,26,32,0,32,58
07/10/2020,ALN,IL,AGL,CE,Federal Contract Tower,0,9,8,0,17,0,0,8,0,8,0,9,16,0,25,62,0,62,87
07/11/2020,ALN,IL,AGL,CE,Federal Contract Tower,0,5,19,0,24,0,0,29,0,29,0,5,48,0,53,50,0,50,103
07/12/2020,ALN,IL,AGL,CE,Federal Contract Tower,0,5,12,0,17,0,0,20,0,20,0,5,32,0,37,68,0,68,105
07/13/2020,ALN,IL,AGL,CE,Federal Contract Tower,0,12,4,0,16,0,0,25,0,25,0,12,29,0,41,58,0,58,99
07/14/2020,ALN,IL,AGL,CE,Federal Contract Tower,0,9,4,0,13,0,0,12,0,12,0,9,16,0,25,36,0,36,61
07/15/2020,ALN,IL,AGL,CE,Federal Contract Tower,0,10,3,0,13,0,0,4,0,4,0,10,7,0,17,30,0,30,47
07/16/2020,ALN,IL,AGL,CE,Federal Contract Tower,0,16,13,0,29,0,0,15,0,15,0,16,28,0,44,86,0,86,130
07/17/2020,ALN,IL,AGL,CE,Federal Contract Tower,0,20,3,0,23,0,0,14,0,14,0,20,17,0,37,66,0,66,103
07/18/2020,ALN,IL,AGL,CE,Federal Contract Tower,0,2,7,0,9,0,0,23,0,23,0,2,30,0,32,48,0,48,80
07/19/2020,ALN,IL,AGL,CE,Federal Contract Tower,0,1,5,0,6,0,0,8,0,8,0,1,13,0,14,12,0,12,26
07/20/2020,ALN,IL,AGL,CE,Federal Contract Tower,0,5,1,0,6,0,0,10,0,10,0,5,11,0,16,28,0,28,44
07/21/2020,ALN,IL,AGL,CE,Federal Contract Tower,0,8,1,0,9,0,0,6,0,6,0,8,7,0,15,28,0,28,43
07/22/2020,ALN,IL,AGL,CE,Federal Contract Tower,0,14,8,5,27,0,0,10,0,10,0,14,18,5,37,94,14,108,145
07/23/2020,ALN,IL,AGL,CE,Federal Contract Tower,0,12,8,0,20,0,0,19,0,19,0,12,27,0,39,50,0,50,89
07/24/2020,ALN,IL,AGL,CE,Federal Contract Tower,0,10,9,0,19,0,4,16,0,20,0,14,25,0,39,106,0,106,145
07/25/2020,ALN,IL,AGL,CE,Federal Contract Tower,0,1,4,0,5,0,0,12,0,12,0,1,16,0,17,52,0,52,69
07/26/2020,ALN,IL,AGL,CE,Federal Contract Tower,0,2,6,0,8,0,0,17,0,17,0,2,23,0,25,34,0,34,59
07/27/2020,ALN,IL,AGL,CE,Federal Contract Tower,0,0,3,0,3,0,0,2,0,2,0,0,5,0,5,18,0,18,23
07/28/2020,ALN,IL,AGL,CE,Federal Contract Tower,0,21,9,0,30,0,1,25,0,26,0,22,34,0,56,68,0,68,124
07/29/2020,ALN,IL,AGL,CE,Federal Contract Tower,0,18,9,0,27,0,0,11,0,11,0,18,20,0,38,48,0,48,86
07/30/2020,ALN,IL,AGL,CE,Federal Contract Tower,0,14,8,0,22,0,0,2,0,2,0,14,10,0,24,24,0,24,48
07/31/2020,ALN,IL,AGL,CE,Federal Contract Tower,0,21,13,0,34,0,0,1,0,1,0,21,14,0,35,32,0,32,67
08/01/2020,ALN,IL,AGL,CE,Federal Contract Tower,0,1,13,0,14,0,0,12,0,12,0,1,25,0,26,38,0,38,64
08/02/2020,ALN,IL,AGL,CE,Federal Contract Tower,0,2,2,0,4,0,0,12,0,12,0,2,14,0,16,14,0,14,30
08/03/2020,ALN,IL,AGL,CE,Federal Contract Tower,0,22,9,0,31,0,0,8,0,8,0,22,17,0,39,26,0,26,65
08/04/2020,ALN,IL,AGL,CE,Federal Contract Tower,0,21,11,0,32,0,0,22,2,24,0,21,33,2,56,26,0,26,82
08/05/2020,ALN,IL,AGL,CE,Federal Contract Tower,0,11,13,1,25,0,0,25,0,25,0,11,38,1,50,48,4,52,102
08/06/2020,ALN,IL,AGL,CE,Federal Contract Tower,0,22,9,0,31,0,0,31,1,32,0,22,40,1,63,68,0,68,131
08/07/2020,ALN,IL,AGL,CE,Federal Contract Tower,0,15,9,0,24,0,0,26,0,26,0,15,35,0,50,54,0,54,104
08/08/2020,ALN,IL,AGL,CE,Federal Contract Tower,0,9,6,0,15,0,0,19,0,19,0,9,25,0,34,34,0,34,68
08/09/2020,ALN,IL,AGL,CE,Federal Contract Tower,0,7,3,0,10,0,1,6,0,7,0,8,9,0,17,4,0,4,21
08/10/2020,ALN,IL,AGL,CE,Federal Contract Tower,0,15,9,0,24,0,2,1,0,3,0,17,10,0,27,54,0,54,81
08/11/2020,ALN,IL,AGL,CE,Federal Contract Tower,0,20,4,0,24,0,0,12,0,12,0,20,16,0,36,16,0,16,52
08/12/2020,ALN,IL,AGL,CE,Federal Contract Tower,0,13,10,0,23,0,0,8,0,8,0,13,18,0,31,4,0,4,35
08/13/2020,ALN,IL,AGL,CE,Federal Contract Tower,0,5,6,0,11,0,1,4,0,5,0,6,10,0,16,20,0,20,36
08/14/2020,ALN,IL,AGL,CE,Federal Contract Tower,0,3,8,0,11,0,0,12,0,12,0,3,20,0,23,32,0,32,55
08/15/2020,ALN,IL,AGL,CE,Federal Contract Tower,0,3,6,0,9,0,0,20,0,20,0,3,26,0,29,26,0,26,55
08/16/2020,ALN,IL,AGL,CE,Federal Contract Tower,0,4,10,0,14,0,0,23,0,23,0,4,33,0,37,16,0,16,53
08/17/2020,ALN,IL,AGL,CE,Federal Contract Tower,0,16,13,0,29,0,0,16,0,16,0,16,29,0,45,34,0,34,79
08/18/2020,ALN,IL,AGL,CE,Federal Contract Tower,0,18,11,0,29,0,0,15,0,15,0,18,26,0,44,78,0,78,122
08/19/2020,ALN,IL,AGL,CE,Federal Contract Tower,0,12,11,1,24,0,1,22,0,23,0,13,33,1,47,54,0,54,101
08/20/2020,ALN,IL,AGL,CE,Federal Contract Tower,0,7,11,0,18,0,1,17,0,18,0,8,28,0,36,52,0,52,88
08/21/2020,ALN,IL,AGL,CE,Federal Contract Tower,0,12,14,0,26,0,0,25,0,25,0,12,39,0,51,30,0,30,81
08/22/2020,ALN,IL,AGL,CE,Federal Contract Tower,0,10,13,0,23,0,3,36,1,40,0,13,49,1,63,76,0,76,139
08/23/2020,ALN,IL,AGL,CE,Federal Contract Tower,0,6,4,0,10,0,0,14,0,14,0,6,18,0,24,44,0,44,68
08/24/2020,ALN,IL,AGL,CE,Federal Contract Tower,0,18,2,2,22,0,0,8,0,8,0,18,10,2,30,32,0,32,62
08/25/2020,ALN,IL,AGL,CE,Federal Contract Tower,0,20,3,1,24,0,0,14,0,14,0,20,17,1,38,28,2,30,68
08/26/2020,ALN,IL,AGL,CE,Federal Contract Tower,0,18,1,0,19,0,1,11,0,12,0,19,12,0,31,32,0,32,63
08/27/2020,ALN,IL,AGL,CE,Federal Contract Tower,0,24,11,0,35,0,2,10,0,12,0,26,21,0,47,102,0,102,149
08/28/2020,ALN,IL,AGL,CE,Federal Contract Tower,0,11,2,0,13,0,1,11,0,12,0,12,13,0,25,22,0,22,47
08/29/2020,ALN,IL,AGL,CE,Federal Contract Tower,0,3,2,0,5,0,0,11,0,11,0,3,13,0,16,22,0,22,38
08/30/2020,ALN,IL,AGL,CE,Federal Contract Tower,0,5,3,0,8,0,4,22,0,26,0,9,25,0,34,32,0,32,66
08/31/2020,ALN,IL,AGL,CE,Federal Contract Tower,0,8,5,0,13,0,0,9,0,9,0,8,14,0,22,20,0,20,42
09/01/2020,ALN,IL,AGL,CE,Federal Contract Tower,0,6,0,0,6,0,0,0,0,0,0,6,0,0,6,0,0,0,6
09/02/2020,ALN,IL,AGL,CE,Federal Contract Tower,2,19,2,0,23,0,1,6,0,7,2,20,8,0,30,40,0,40,70
09/03/2020,ALN,IL,AGL,CE,Federal Contract Tower,1,8,8,0,17,0,0,7,0,7,1,8,15,0,24,12,0,12,36
09/04/2020,ALN,IL,AGL,CE,Federal Contract Tower,0,20,16,0,36,0,5,33,0,38,0,25,49,0,74,110,0,110,184
09/05/2020,ALN,IL,AGL,CE,Federal Contract Tower,0,12,4,0,16,0,0,22,0,22,0,12,26,0,38,78,0,78,116
09/06/2020,ALN,IL,AGL,CE,Federal Contract Tower,0,5,7,0,12,0,1,12,0,13,0,6,19,0,25,22,0,22,47
09/07/2020,ALN,IL,AGL,CE,Federal Contract Tower,0,13,5,0,18,0,2,15,0,17,0,15,20,0,35,46,0,46,81
09/08/2020,ALN,IL,AGL,CE,Federal Contract Tower,0,17,6,2,25,0,1,7,0,8,0,18,13,2,33,40,0,40,73
09/09/2020,ALN,IL,AGL,CE,Federal Contract Tower,0,17,2,0,19,0,1,11,0,12,0,18,13,0,31,70,0,70,101
09/10/2020,ALN,IL,AGL,CE,Federal Contract Tower,0,11,13,0,24,0,0,8,0,8,0,11,21,0,32,46,0,46,78
09/11/2020,ALN,IL,AGL,CE,Federal Contract Tower,0,14,8,0,22,0,0,11,0,11,0,14,19,0,33,18,0,18,51
09/12/2020,ALN,IL,AGL,CE,Federal Contract Tower,0,8,10,0,18,0,0,11,0,11,0,8,21,0,29,24,0,24,53
09/13/2020,ALN,IL,AGL,CE,Federal Contract Tower,0,5,4,0,9,0,0,20,0,20,0,5,24,0,29,24,0,24,53
09/14/2020,ALN,IL,AGL,CE,Federal Contract Tower,0,19,5,4,28,0,0,16,0,16,0,19,21,4,44,42,8,50,94
09/15/2020,ALN,IL,AGL,CE,Federal Contract Tower,0,21,2,0,23,0,4,11,0,15,0,25,13,0,38,36,0,36,74
09/16/2020,ALN,IL,AGL,CE,Federal Contract Tower,0,18,4,1,23,0,2,21,3,26,0,20,25,4,49,34,0,34,83
09/17/2020,ALN,IL,AGL,CE,Federal Contract Tower,0,19,3,0,22,0,1,10,0,11,0,20,13,0,33,60,0,60,93
09/18/2020,ALN,IL,AGL,CE,Federal Contract Tower,0,16,16,0,32,0,1,19,0,20,0,17,35,0,52,80,0,80,132
09/19/2020,ALN,IL,AGL,CE,Federal Contract Tower,0,5,8,1,14,0,0,33,1,34,0,5,41,2,48,42,0,42,90
09/20/2020,ALN,IL,AGL,CE,Federal Contract Tower,0,8,12,0,20,0,3,25,0,28,0,11,37,0,48,40,0,40,88
09/21/2020,ALN,IL,AGL,CE,Federal Contract Tower,0,13,2,0,15,0,3,11,1,15,0,16,13,1,30,48,4,52,82
09/22/2020,ALN,IL,AGL,CE,Federal Contract Tower,0,12,5,0,17,0,0,23,0,23,0,12,28,0,40,78,0,78,118
09/23/2020,ALN,IL,AGL,CE,Federal Contract Tower,0,20,5,0,25,0,2,5,0,7,0,22,10,0,32,10,0,10,42
09/24/2020,ALN,IL,AGL,CE,Federal Contract Tower,0,12,11,2,25,0,0,19,0,19,0,12,30,2,44,80,4,84,128
09/25/2020,ALN,IL,AGL,CE,Federal Contract Tower,0,24,9,0,33,0,0,21,0,21,0,24,30,0,54,80,0,80,134
09/26/2020,ALN,IL,AGL,CE,Federal Contract Tower,0,5,7,0,12,0,1,31,0,32,0,6,38,0,44,10,0,10,54
09/27/2020,ALN,IL,AGL,CE,Federal Contract Tower,0,8,7,0,15,0,0,14,0,14,0,8,21,0,29,30,0,30,59
09/28/2020,ALN,IL,AGL,CE,Federal Contract Tower,0,13,6,0,19,0,0,0,0,0,0,13,6,0,19,34,0,34,53
09/29/2020,ALN,IL,AGL,CE,Federal Contract Tower,0,17,4,3,24,0,3,7,0,10,0,20,11,3,34,28,2,30,64
09/30/2020,ALN,IL,AGL,CE,Federal Contract Tower,0,14,7,0,21,0,0,14,0,14,0,14,21,0,35,38,0,38,73
10/01/2020,ALN,IL,AGL,CE,Federal Contract Tower,0,21,4,0,25,0,0,7,0,7,0,21,11,0,32,32,0,32,64
10/02/2020,ALN,IL,AGL,CE,Federal Contract Tower,0,22,19,3,44,0,0,22,0,22,0,22,41,3,66,68,0,68,134
10/03/2020,ALN,IL,AGL,CE,Federal Contract Tower,0,7,6,0,13,0,2,2,0,4,0,9,8,0,17,4,0,4,21
10/04/2020,ALN,IL,AGL,CE,Federal Contract Tower,0,6,6,0,12,0,0,4,0,4,0,6,10,0,16,2,0,2,18
10/05/2020,ALN,IL,AGL,CE,Federal Contract Tower,0,18,10,2,30,0,0,21,0,21,0,18,31,2,51,28,8,36,87
10/06/2020,ALN,IL,AGL,CE,Federal Contract Tower,0,15,10,0,25,0,4,12,0,16,0,19,22,0,41,56,0,56,97
10/07/2020,ALN,IL,AGL,CE,Federal Contract Tower,0,23,5,0,28,0,1,29,0,30,0,24,34,0,58,88,0,88,146
10/08/2020,ALN,IL,AGL,CE,Federal Contract Tower,0,12,9,0,21,0,0,25,0,25,0,12,34,0,46,48,0,48,94
10/09/2020,ALN,IL,AGL,CE,Federal Contract Tower,0,13,4,5,22,0,0,11,0,11,0,13,15,5,33,14,8,22,55
10/10/2020,ALN,IL,AGL,CE,Federal Contract Tower,0,6,4,1,11,0,0,21,0,21,0,6,25,1,32,36,0,36,68
10/11/2020,ALN,IL,AGL,CE,Federal Contract Tower,0,5,7,0,12,0,0,24,0,24,0,5,31,0,36,44,0,44,80
10/12/2020,ALN,IL,AGL,CE,Federal Contract Tower,0,19,5,0,24,0,2,7,0,9,0,21,12,0,33,20,0,20,53
10/13/2020,ALN,IL,AGL,CE,Federal Contract Tower,0,11,12,4,27,0,0,10,0,10,0,11,22,4,37,34,20,54,91
10/14/2020,ALN,IL,AGL,CE,Federal Contract Tower,0,16,5,4,25,0,0,6,0,6,0,16,11,4,31,42,8,50,81
10/15/2020,ALN,IL,AGL,CE,Federal Contract Tower,0,20,4,0,24,0,0,9,0,9,0,20,13,0,33,62,0,62,95
10/16/2020,ALN,IL,AGL,CE,Federal Contract Tower,0,12,8,0,20,0,3,7,0,10,0,15,15,0,30,64,0,64,94
10/17/2020,ALN,IL,AGL,CE,Federal Contract Tower,0,2,5,0,7,0,0,8,0,8,0,2,13,0,15,10,0,10,25
10/18/2020,ALN,IL,AGL,CE,Federal Contract Tower,0,4,13,0,17,0,0,10,0,10,0,4,23,0,27,20,0,20,47
10/19/2020,ALN,IL,AGL,CE,Federal Contract Tower,0,8,6,0,14,0,0,2,0,2,0,8,8,0,16,12,0,12,28
10/20/2020,ALN,IL,AGL,CE,Federal Contract Tower,0,7,5,0,12,0,0,0,0,0,0,7,5,0,12,20,0,20,32
10/21/2020,ALN,IL,AGL,CE,Federal Contract Tower,0,6,10,0,16,0,0,0,0,0,0,6,10,0,16,12,0,12,28
10/22/2020,ALN,IL,AGL,CE,Federal Contract Tower,0,18,8,0,26,0,2,44,0,46,0,20,52,0,72,130,0,130,202
10/23/2020,ALN,IL,AGL,CE,Federal Contract Tower,0,10,0,0,10,0,0,0,0,0,0,10,0,0,10,0,0,0,10
10/24/2020,ALN,IL,AGL,CE,Federal Contract Tower,0,10,13,0,23,0,1,24,0,25,0,11,37,0,48,98,0,98,146
10/25/2020,ALN,IL,AGL,CE,Federal Contract Tower,0,9,5,1,15,0,0,11,0,11,0,9,16,1,26,28,2,30,56
10/26/2020,ALN,IL,AGL,CE,Federal Contract Tower,0,10,3,0,13,0,0,0,0,0,0,10,3,0,13,4,0,4,17
10/27/2020,ALN,IL,AGL,CE,Federal Contract Tower,0,15,1,0,16,0,0,0,0,0,0,15,1,0,16,20,0,20,36
10/28/2020,ALN,IL,AGL,CE,Federal Contract Tower,0,18,9,0,27,0,0,3,0,3,0,18,12,0,30,46,0,46,76
10/29/2020,ALN,IL,AGL,CE,Federal Contract Tower,0,3,8,0,11,0,0,0,0,0,0,3,8,0,11,4,0,4,15
10/30/2020,ALN,IL,AGL,CE,Federal Contract Tower,0,18,7,0,25,0,3,43,0,46,0,21,50,0,71,98,0,98,169
10/31/2020,ALN,IL,AGL,CE,Federal Contract Tower,0,11,4,0,15,0,6,25,2,33,0,17,29,2,48,32,0,32,80
11/01/2020,ALN,IL,AGL,CE,Federal Contract Tower,0,7,4,0,11,0,0,1,0,1,0,7,5,0,12,0,0,0,12
11/02/2020,ALN,IL,AGL,CE,Federal Contract Tower,0,16,7,0,23,0,5,6,0,11,0,21,13,0,34,44,0,44,78
11/03/2020,ALN,IL,AGL,CE,Federal Contract Tower,0,25,3,0,28,0,0,22,2,24,0,25,25,2,52,84,0,84,136
11/04/2020,ALN,IL,AGL,CE,Federal Contract Tower,2,8,2,0,12,0,0,12,0,12,2,8,14,0,24,10,0,10,34
11/05/2020,ALN,IL,AGL,CE,Federal Contract Tower,0,15,9,0,24,0,0,15,0,15,0,15,24,0,39,36,0,36,75
11/06/2020,ALN,IL,AGL,CE,Federal Contract Tower,0,19,12,1,32,0,4,31,0,35,0,23,43,1,67,118,4,122,189
11/07/2020,ALN,IL,AGL,CE,Federal Contract Tower,0,8,9,0,17,0,0,44,0,44,0,8,53,0,61,72,0,72,133
11/08/2020,ALN,IL,AGL,CE,Federal Contract Tower,0,4,8,0,12,0,0,18,0,18,0,4,26,0,30,72,0,72,102
11/09/2020,ALN,IL,AGL,CE,Federal Contract Tower,0,6,3,0,9,0,2,6,0,8,0,8,9,0,17,30,0,30,47
11/10/2020,ALN,IL,AGL,CE,Federal Contract Tower,0,13,0,0,13,0,0,0,0,0,0,13,0,0,13,0,0,0,13
11/11/2020,ALN,IL,AGL,CE,Federal Contract Tower,0,16,15,0,31,0,1,27,0,28,0,17,42,0,59,98,0,98,157
11/12/2020,ALN,IL,AGL,CE,Federal Contract Tower,0,9,1,1,11,0,0,13,2,15,0,9,14,3,26,8,2,10,36
11/13/2020,ALN,IL,AGL,CE,Federal Contract Tower,0,23,9,0,32,0,2,25,0,27,0,25,34,0,59,62,0,62,121
11/14/2020,ALN,IL,AGL,CE,Federal Contract Tower,0,7,3,0,10,0,0,0,0,0,0,7,3,0,10,0,0,0,10
11/15/2020,ALN,IL,AGL,CE,Federal Contract Tower,0,1,0,0,1,0,0,2,0,2,0,1,2,0,3,0,0,0,3
11/16/2020,ALN,IL,AGL,CE,Federal Contract Tower,0,17,4,0,21,0,1,12,3,16,0,18,16,3,37,18,14,32,69
11/17/2020,ALN,IL,AGL,CE,Federal Contract Tower,0,7,8,0,15,0,1,42,0,43,0,8,50,0,58,60,0,60,118
11/18/2020,ALN,IL,AGL,CE,Federal Contract Tower,0,18,4,0,22,0,2,13,0,15,0,20,17,0,37,46,0,46,83
11/19/2020,ALN,IL,AGL,CE,Federal Contract Tower,0,6,8,0,14,0,0,1,0,1,0,6,9,0,15,12,0,12,27
11/20/2020,ALN,IL,AGL,CE,Federal Contract Tower,0,15,9,0,24,0,0,33,0,33,0,15,42,0,57,78,0,78,135
11/21/2020,ALN,IL,AGL,CE,Federal Contract Tower,0,8,9,0,17,0,0,8,0,8,0,8,17,0,25,20,0,20,45
11/22/2020,ALN,IL,AGL,CE,Federal Contract Tower,0,3,2,0,5,0,2,8,0,10,0,5,10,0,15,18,0,18,33
11/23/2020,ALN,IL,AGL,CE,Federal Contract Tower,0,20,9,0,29,0,0,29,0,29,0,20,38,0,58,52,0,52,110
11/24/2020,ALN,IL,AGL,CE,Federal Contract Tower,0,19,5,0,24,0,1,13,0,14,0,20,18,0,38,38,0,38,76
11/25/2020,ALN,IL,AGL,CE,Federal Contract Tower,0,4,2,4,10,0,0,0,0,0,0,4,2,4,10,2,14,16,26
11/26/2020,ALN,IL,AGL,CE,Federal Contract Tower,0,2,6,0,8,0,0,9,0,9,0,2,15,0,17,8,0,8,25
11/27/2020,ALN,IL,AGL,CE,Federal Contract Tower,0,2,14,0,16,0,0,20,0,20,0,2,34,0,36,34,0,34,70
11/28/2020,ALN,IL,AGL,CE,Federal Contract Tower,0,1,20,0,21,0,0,40,0,40,0,1,60,0,61,72,0,72,133
11/29/2020,ALN,IL,AGL,CE,Federal Contract Tower,0,7,4,0,11,0,0,15,0,15,0,7,19,0,26,58,0,58,84
11/30/2020,ALN,IL,AGL,CE,Federal Contract Tower,0,12,5,0,17,0,2,13,0,15,0,14,18,0,32,30,0,30,62
12/01/2020,ALN,IL,AGL,CE,Federal Contract Tower,0,15,11,0,26,0,3,12,0,15,0,18,23,0,41,54,0,54,95
12/02/2020,ALN,IL,AGL,CE,Federal Contract Tower,0,16,6,0,22,0,1,25,0,26,0,17,31,0,48,48,0,48,96
12/03/2020,ALN,IL,AGL,CE,Federal Contract Tower,0,7,3,0,10,0,1,11,0,12,0,8,14,0,22,72,0,72,94
12/04/2020,ALN,IL,AGL,CE,Federal Contract Tower,0,13,5,0,18,0,1,7,4,12,0,14,12,4,30,38,6,44,74
12/05/2020,ALN,IL,AGL,CE,Federal Contract Tower,0,5,12,1,18,0,0,53,1,54,0,5,65,2,72,60,0,60,132
12/06/2020,ALN,IL,AGL,CE,Federal Contract Tower,0,11,8,0,19,0,0,12,0,12,0,11,20,0,31,72,0,72,103
12/07/2020,ALN,IL,AGL,CE,Federal Contract Tower,0,20,1,0,21,0,0,0,0,0,0,20,1,0,21,22,0,22,43
12/08/2020,ALN,IL,AGL,CE,Federal Contract Tower,0,18,2,0,20,0,0,12,0,12,0,18,14,0,32,36,0,36,68
12/09/2020,ALN,IL,AGL,CE,Federal Contract Tower,0,15,10,0,25,0,0,24,0,24,0,15,34,0,49,56,0,56,105
12/10/2020,ALN,IL,AGL,CE,Federal Contract Tower,0,20,14,0,34,0,0,44,3,47,0,20,58,3,81,134,8,142,223
12/11/2020,ALN,IL,AGL,CE,Federal Contract Tower,0,18,4,0,22,0,0,11,0,11,0,18,15,0,33,10,0,10,43
12/12/2020,ALN,IL,AGL,CE,Federal Contract Tower,0,4,0,0,4,0,0,2,0,2,0,4,2,0,6,22,0,22,28
12/13/2020,ALN,IL,AGL,CE,Federal Contract Tower,0,1,4,0,5,0,0,2,0,2,0,1,6,0,7,16,0,16,23
12/14/2020,ALN,IL,AGL,CE,Federal Contract Tower,0,8,20,0,28,0,0,13,1,14,0,8,33,1,42,46,2,48,90
12/15/2020,ALN,IL,AGL,CE,Federal Contract Tower,0,10,0,1,11,0,3,6,2,11,0,13,6,3,22,46,22,68,90
12/16/2020,ALN,IL,AGL,CE,Federal Contract Tower,0,14,4,0,18,0,0,7,0,7,0,14,11,0,25,26,0,26,51
12/17/2020,ALN,IL,AGL,CE,Federal Contract Tower,0,14,7,0,21,0,0,9,0,9,0,14,16,0,30,44,0,44,74
12/18/2020,ALN,IL,AGL,CE,Federal Contract Tower,0,28,5,0,33,0,2,9,0,11,0,30,14,0,44,28,0,28,72
12/19/2020,ALN,IL,AGL,CE,Federal Contract Tower,0,1,11,0,12,0,0,19,0,19,0,1,30,0,31,36,0,36,67
12/20/2020,ALN,IL,AGL,CE,Federal Contract Tower,0,6,5,0,11,0,21,0,0,21,0,27,5,0,32,42,0,42,74
12/21/2020,ALN,IL,AGL,CE,Federal Contract Tower,0,22,2,0,24,0,2,5,0,7,0,24,7,0,31,6,0,6,37
12/22/2020,ALN,IL,AGL,CE,Federal Contract Tower,0,11,7,0,18,0,0,31,0,31,0,11,38,0,49,40,0,40,89
12/23/2020,ALN,IL,AGL,CE,Federal Contract Tower,0,6,0,0,6,0,0,6,0,6,0,6,6,0,12,32,0,32,44
12/24/2020,ALN,IL,AGL,CE,Federal Contract Tower,0,0,1,0,1,0,0,1,0,1,0,0,2,0,2,0,0,0,2
12/25/2020,ALN,IL,AGL,CE,Federal Contract Tower,0,0,1,0,1,0,0,1,0,1,0,0,2,0,2,0,0,0,2
12/26/2020,ALN,IL,AGL,CE,Federal Contract Tower,0,4,12,0,16,0,0,27,0,27,0,4,39,0,43,38,0,38,81
12/27/2020,ALN,IL,AGL,CE,Federal Contract Tower,0,0,2,0,2,0,0,7,0,7,0,0,9,0,9,8,0,8,17
12/28/2020,ALN,IL,AGL,CE,Federal Contract Tower,0,11,11,0,22,0,2,7,0,9,0,13,18,0,31,42,0,42,73
12/29/2020,ALN,IL,AGL,CE,Federal Contract Tower,0,16,3,0,19,0,5,3,0,8,0,21,6,0,27,12,0,12,39
12/30/2020,ALN,IL,AGL,CE,Federal Contract Tower,0,10,1,0,11,0,0,0,0,0,0,10,1,0,11,2,0,2,13
12/31/2020,ALN,IL,AGL,CE,Federal Contract Tower,0,4,4,0,8,0,0,20,0,20,0,4,24,0,28,6,0,6,34
01/01/2021,ALN,IL,AGL,CE,Federal Contract Tower,0,3,0,0,3,0,0,0,0,0,0,3,0,0,3,0,0,0,3
01/02/2021,ALN,IL,AGL,CE,Federal Contract Tower,0,3,2,0,5,0,0,0,0,0,0,3,2,0,5,0,0,0,5
01/03/2021,ALN,IL,AGL,CE,Federal Contract Tower,0,8,7,0,15,0,0,12,0,12,0,8,19,0,27,4,0,4,31
01/04/2021,ALN,IL,AGL,CE,Federal Contract Tower,0,13,0,0,13,0,0,0,0,0,0,13,0,0,13,0,0,0,13
01/05/2021,ALN,IL,AGL,CE,Federal Contract Tower,0,12,12,2,26,0,1,23,0,24,0,13,35,2,50,46,0,46,96
01/06/2021,ALN,IL,AGL,CE,Federal Contract Tower,0,10,5,0,15,0,5,10,0,15,0,15,15,0,30,56,0,56,86
01/07/2021,ALN,IL,AGL,CE,Federal Contract Tower,0,8,8,0,16,0,0,7,0,7,0,8,15,0,23,14,0,14,37
01/08/2021,ALN,IL,AGL,CE,Federal Contract Tower,0,14,11,0,25,0,2,6,0,8,0,16,17,0,33,24,0,24,57
01/09/2021,ALN,IL,AGL,CE,Federal Contract Tower,0,2,2,0,4,0,0,8,0,8,0,2,10,0,12,16,0,16,28
01/10/2021,ALN,IL,AGL,CE,Federal Contract Tower,0,13,1,0,14,0,0,4,0,4,0,13,5,0,18,6,0,6,24
01/11/2021,ALN,IL,AGL,CE,Federal Contract Tower,0,12,4,2,18,0,0,5,0,5,0,12,9,2,23,16,0,16,39
01/12/2021,ALN,IL,AGL,CE,Federal Contract Tower,0,10,4,0,14,0,1,27,0,28,0,11,31,0,42,46,0,46,88
01/13/2021,ALN,IL,AGL,CE,Federal Contract Tower,0,16,12,0,28,0,2,22,0,24,0,18,34,0,52,82,0,82,134
01/14/2021,ALN,IL,AGL,CE,Federal Contract Tower,2,18,0,0,20,0,0,9,0,9,2,18,9,0,29,0,0,0,29
01/15/2021,ALN,IL,AGL,CE,Federal Contract Tower,0,17,3,0,20,0,0,0,0,0,0,17,3,0,20,8,0,8,28
01/16/2021,ALN,IL,AGL,CE,Federal Contract Tower,0,1,3,0,4,0,0,0,0,0,0,1,3,0,4,0,0,0,4
01/17/2021,ALN,IL,AGL,CE,Federal Contract Tower,0,5,1,0,6,0,0,4,0,4,0,5,5,0,10,20,0,20,30
01/18/2021,ALN,IL,AGL,CE,Federal Contract Tower,0,12,2,0,14,0,2,14,0,16,0,14,16,0,30,20,0,20,50
01/19/2021,ALN,IL,AGL,CE,Federal Contract Tower,0,5,3,0,8,0,0,5,0,5,0,5,8,0,13,4,0,4,17
01/20/2021,ALN,IL,AGL,CE,Federal Contract Tower,0,23,5,5,33,0,2,22,0,24,0,25,27,5,57,92,12,104,161
01/21/2021,ALN,IL,AGL,CE,Federal Contract Tower,1,17,5,0,23,0,13,26,0,39,1,30,31,0,62,72,0,72,134
01/22/2021,ALN,IL,AGL,CE,Federal Contract Tower,0,10,10,0,20,0,3,10,0,13,0,13,20,0,33,54,0,54,87
01/23/2021,ALN,IL,AGL,CE,Federal Contract Tower,0,3,7,0,10,0,0,24,0,24,0,3,31,0,34,48,0,48,82
01/24/2021,ALN,IL,AGL,CE,Federal Contract Tower,0,4,6,0,10,0,0,5,0,5,0,4,11,0,15,28,0,28,43
01/25/2021,ALN,IL,AGL,CE,Federal Contract Tower,0,4,0,0,4,0,0,0,0,0,0,4,0,0,4,0,0,0,4
01/26/2021,ALN,IL,AGL,CE,Federal Contract Tower,0,8,7,0,15,0,0,3,0,3,0,8,10,0,18,40,0,40,58
01/27/2021,ALN,IL,AGL,CE,Federal Contract Tower,0,6,0,0,6,0,0,0,0,0,0,6,0,0,6,0,0,0,6
01/28/2021,ALN,IL,AGL,CE,Federal Contract Tower,0,17,13,2,32,0,2,18,0,20,0,19,31,2,52,78,10,88,140
01/29/2021,ALN,IL,AGL,CE,Federal Contract Tower,0,16,11,1,28,0,0,15,0,15,0,16,26,1,43,40,4,44,87
01/30/2021,ALN,IL,AGL,CE,Federal Contract Tower,0,2,2,0,4,0,0,0,0,0,0,2,2,0,4,2,0,2,6
01/31/2021,ALN,IL,AGL,CE,Federal Contract Tower,0,6,0,0,6,0,0,1,0,1,0,6,1,0,7,6,0,6,13
02/01/2021,ALN,IL,AGL,CE,Federal Contract Tower,0,12,1,0,13,0,0,4,0,4,0,12,5,0,17,56,0,56,73
02/02/2021,ALN,IL,AGL,CE,Federal Contract Tower,0,26,7,1,34,0,1,31,0,32,0,27,38,1,66,80,4,84,150
02/03/2021,ALN,IL,AGL,CE,Federal Contract Tower,0,24,7,2,33,0,1,42,0,43,0,25,49,2,76,154,0,154,230
02/04/2021,ALN,IL,AGL,CE,Federal Contract Tower,0,22,5,0,27,0,0,2,0,2,0,22,7,0,29,28,0,28,57
02/05/2021,ALN,IL,AGL,CE,Federal Contract Tower,0,31,5,1,37,0,1,10,0,11,0,32,15,1,48,30,4,34,82
02/06/2021,ALN,IL,AGL,CE,Federal Contract Tower,0,11,4,0,15,0,3,10,0,13,0,14,14,0,28,42,0,42,70
02/07/2021,ALN,IL,AGL,CE,Federal Contract Tower,0,5,0,0,5,0,4,0,0,4,0,9,0,0,9,0,0,0,9
02/08/2021,ALN,IL,AGL,CE,Federal Contract Tower,0,7,2,2,11,0,0,0,0,0,0,7,2,2,11,0,6,6,17
02/09/2021,ALN,IL,AGL,CE,Federal Contract Tower,0,5,2,0,7,0,0,3,0,3,0,5,5,0,10,0,0,0,10
02/10/2021,ALN,IL,AGL,CE,Federal Contract Tower,0,5,0,0,5,0,0,0,0,0,0,5,0,0,5,0,0,0,5
02/11/2021,ALN,IL,AGL,CE,Federal Contract Tower,0,3,2,0,5,0,0,0,0,0,0,3,2,0,5,0,0,0,5
02/12/2021,ALN,IL,AGL,CE,Federal Contract Tower,0,10,4,0,14,0,1,1,0,2,0,11,5,0,16,4,0,4,20
02/13/2021,ALN,IL,AGL,CE,Federal Contract Tower,0,2,1,0,3,0,0,0,0,0,0,2,1,0,3,0,0,0,3
02/14/2021,ALN,IL,AGL,CE,Federal Contract Tower,0,2,1,0,3,0,0,1,0,1,0,2,2,0,4,0,0,0,4
02/15/2021,ALN,IL,AGL,CE,Federal Contract Tower,0,0,0,0,0,0,0,0,0,0,0,0,0,0,0,0,0,0,0
02/16/2021,ALN,IL,AGL,CE,Federal Contract Tower,0,6,1,0,7,0,0,3,0,3,0,6,4,0,10,6,0,6,16
02/17/2021,ALN,IL,AGL,CE,Federal Contract Tower,0,5,0,0,5,0,0,0,0,0,0,5,0,0,5,0,0,0,5
02/18/2021,ALN,IL,AGL,CE,Federal Contract Tower,0,6,6,0,12,0,0,0,0,0,0,6,6,0,12,12,0,12,24
02/19/2021,ALN,IL,AGL,CE,Federal Contract Tower,0,20,6,0,26,0,0,20,0,20,0,20,26,0,46,42,0,42,88
02/20/2021,ALN,IL,AGL,CE,Federal Contract Tower,0,3,17,0,20,0,0,35,0,35,0,3,52,0,55,54,0,54,109
02/21/2021,ALN,IL,AGL,CE,Federal Contract Tower,0,10,8,0,18,0,0,6,0,6,0,10,14,0,24,22,0,22,46
02/22/2021,ALN,IL,AGL,CE,Federal Contract Tower,0,10,6,0,16,0,0,9,0,9,0,10,15,0,25,14,0,14,39
02/23/2021,ALN,IL,AGL,CE,Federal Contract Tower,0,13,17,0,30,0,3,43,0,46,0,16,60,0,76,86,0,86,162
02/24/2021,ALN,IL,AGL,CE,Federal Contract Tower,0,20,4,3,27,0,0,12,0,12,0,20,16,3,39,18,12,30,69
02/25/2021,ALN,IL,AGL,CE,Federal Contract Tower,0,22,11,0,33,0,5,21,0,26,0,27,32,0,59,106,0,106,165
02/26/2021,ALN,IL,AGL,CE,Federal Contract Tower,0,5,5,0,10,0,0,5,0,5,0,5,10,0,15,28,0,28,43
02/27/2021,ALN,IL,AGL,CE,Federal Contract Tower,0,3,9,0,12,0,0,35,0,35,0,3,44,0,47,60,0,60,107
02/28/2021,ALN,IL,AGL,CE,Federal Contract Tower,0,9,9,0,18,0,0,0,0,0,0,9,9,0,18,18,0,18,36
03/01/2021,ALN,IL,AGL,CE,Federal Contract Tower,0,17,9,0,26,0,5,11,0,16,0,22,20,0,42,104,0,104,146
03/02/2021,ALN,IL,AGL,CE,Federal Contract Tower,0,13,16,0,29,0,0,11,0,11,0,13,27,0,40,60,0,60,100
03/03/2021,ALN,IL,AGL,CE,Federal Contract Tower,0,22,20,0,42,0,1,28,0,29,0,23,48,0,71,112,0,112,183
03/04/2021,ALN,IL,AGL,CE,Federal Contract Tower,0,19,7,0,26,0,1,34,0,35,0,20,41,0,61,48,0,48,109
03/05/2021,ALN,IL,AGL,CE,Federal Contract Tower,0,15,13,0,28,0,1,30,0,31,0,16,43,0,59,57,0,57,116
03/06/2021,ALN,IL,AGL,CE,Federal Contract Tower,0,14,9,0,23,0,0,31,0,31,0,14,40,0,54,64,0,64,118
03/07/2021,ALN,IL,AGL,CE,Federal Contract Tower,0,7,10,0,17,0,2,34,0,36,0,9,44,0,53,50,0,50,103
03/08/2021,ALN,IL,AGL,CE,Federal Contract Tower,0,14,6,0,20,0,0,17,0,17,0,14,23,0,37,46,0,46,83
03/09/2021,ALN,IL,AGL,CE,Federal Contract Tower,0,13,7,0,20,0,0,4,0,4,0,13,11,0,24,27,0,27,51
03/10/2021,ALN,IL,AGL,CE,Federal Contract Tower,0,5,5,0,10,0,0,2,0,2,0,5,7,0,12,0,0,0,12
03/11/2021,ALN,IL,AGL,CE,Federal Contract Tower,0,12,8,0,20,0,0,5,0,5,0,12,13,0,25,18,0,18,43
03/12/2021,ALN,IL,AGL,CE,Federal Contract Tower,0,10,13,0,23,0,0,6,0,6,0,10,19,0,29,24,0,24,53
03/13/2021,ALN,IL,AGL,CE,Federal Contract Tower,0,3,2,2,7,0,0,10,0,10,0,3,12,2,17,6,0,6,23
03/14/2021,ALN,IL,AGL,CE,Federal Contract Tower,0,1,1,0,2,0,0,4,0,4,0,1,5,0,6,14,0,14,20
03/15/2021,ALN,IL,AGL,CE,Federal Contract Tower,0,6,8,0,14,0,0,0,0,0,0,6,8,0,14,0,0,0,14
03/16/2021,ALN,IL,AGL,CE,Federal Contract Tower,0,6,9,0,15,0,0,1,0,1,0,6,10,0,16,6,0,6,22
03/17/2021,ALN,IL,AGL,CE,Federal Contract Tower,0,8,4,0,12,0,0,0,0,0,0,8,4,0,12,8,0,8,20
03/18/2021,ALN,IL,AGL,CE,Federal Contract Tower,0,6,1,0,7,0,0,0,0,0,0,6,1,0,7,0,0,0,7
03/19/2021,ALN,IL,AGL,CE,Federal Contract Tower,0,29,13,0,42,0,2,24,0,26,0,31,37,0,68,116,0,116,184
03/20/2021,ALN,IL,AGL,CE,Federal Contract Tower,0,7,7,0,14,0,0,39,0,39,0,7,46,0,53,90,0,90,143
03/21/2021,ALN,IL,AGL,CE,Federal Contract Tower,0,6,10,0,16,0,0,29,0,29,0,6,39,0,45,20,0,20,65
03/22/2021,ALN,IL,AGL,CE,Federal Contract Tower,0,10,13,0,23,0,0,21,0,21,0,10,34,0,44,70,0,70,114
03/23/2021,ALN,IL,AGL,CE,Federal Contract Tower,0,10,1,0,11,0,0,0,0,0,0,10,1,0,11,2,0,2,13
03/24/2021,ALN,IL,AGL,CE,Federal Contract Tower,0,11,3,0,14,0,4,12,0,16,0,15,15,0,30,32,0,32,62
03/25/2021,ALN,IL,AGL,CE,Federal Contract Tower,0,7,4,0,11,0,0,0,0,0,0,7,4,0,11,4,0,4,15
03/26/2021,ALN,IL,AGL,CE,Federal Contract Tower,0,14,20,0,34,0,0,13,0,13,0,14,33,0,47,32,0,32,79
03/27/2021,ALN,IL,AGL,CE,Federal Contract Tower,0,6,10,0,16,0,0,38,0,38,0,6,48,0,54,42,0,42,96
03/28/2021,ALN,IL,AGL,CE,Federal Contract Tower,0,6,8,0,14,0,0,11,0,11,0,6,19,0,25,14,0,14,39
03/29/2021,ALN,IL,AGL,CE,Federal Contract Tower,0,7,8,0,15,0,0,19,0,19,0,7,27,0,34,22,0,22,56
03/30/2021,ALN,IL,AGL,CE,Federal Contract Tower,0,13,5,0,18,0,0,8,0,8,0,13,13,0,26,26,0,26,52
03/31/2021,ALN,IL,AGL,CE,Federal Contract Tower,0,13,4,1,18,0,0,12,0,12,0,13,16,1,30,38,2,40,70
04/01/2021,ALN,IL,AGL,CE,Federal Contract Tower,0,21,9,0,30,0,1,19,0,20,0,22,28,0,50,50,0,50,100
04/02/2021,ALN,IL,AGL,CE,Federal Contract Tower,0,10,4,0,14,0,0,21,0,21,0,10,25,0,35,18,0,18,53
04/03/2021,ALN,IL,AGL,CE,Federal Contract Tower,1,2,10,0,13,0,0,27,0,27,1,2,37,0,40,28,0,28,68
04/04/2021,ALN,IL,AGL,CE,Federal Contract Tower,0,3,8,0,11,0,0,21,0,21,0,3,29,0,32,24,0,24,56
04/05/2021,ALN,IL,AGL,CE,Federal Contract Tower,0,25,13,0,38,0,0,30,0,30,0,25,43,0,68,34,0,34,102
04/06/2021,ALN,IL,AGL,CE,Federal Contract Tower,0,17,6,0,23,0,1,10,0,11,0,18,16,0,34,38,0,38,72
04/07/2021,ALN,IL,AGL,CE,Federal Contract Tower,0,3,2,0,5,0,0,1,0,1,0,3,3,0,6,4,0,4,10
04/08/2021,ALN,IL,AGL,CE,Federal Contract Tower,0,6,5,0,11,0,0,7,0,7,0,6,12,0,18,4,0,4,22
04/09/2021,ALN,IL,AGL,CE,Federal Contract Tower,0,19,4,2,25,0,3,20,0,23,0,22,24,2,48,56,4,60,108
04/10/2021,ALN,IL,AGL,CE,Federal Contract Tower,0,4,5,0,9,0,0,0,0,0,0,4,5,0,9,0,0,0,9
04/11/2021,ALN,IL,AGL,CE,Federal Contract Tower,0,2,4,0,6,0,0,10,0,10,0,2,14,0,16,4,0,4,20
04/12/2021,ALN,IL,AGL,CE,Federal Contract Tower,0,14,14,0,28,0,0,19,0,19,0,14,33,0,47,44,0,44,91
04/13/2021,ALN,IL,AGL,CE,Federal Contract Tower,0,13,6,0,19,0,4,12,0,16,0,17,18,0,35,56,0,56,91
04/14/2021,ALN,IL,AGL,CE,Federal Contract Tower,0,14,11,0,25,0,0,29,0,29,0,14,40,0,54,52,0,52,106
04/15/2021,ALN,IL,AGL,CE,Federal Contract Tower,1,14,13,0,28,0,0,22,0,22,1,14,35,0,50,42,0,42,92
04/16/2021,ALN,IL,AGL,CE,Federal Contract Tower,0,18,10,0,28,0,6,30,0,36,0,24,40,0,64,58,0,58,122
04/17/2021,ALN,IL,AGL,CE,Federal Contract Tower,0,3,8,2,13,0,0,4,0,4,0,3,12,2,17,30,8,38,55
04/18/2021,ALN,IL,AGL,CE,Federal Contract Tower,0,11,14,0,25,0,0,28,0,28,0,11,42,0,53,16,0,16,69
04/19/2021,ALN,IL,AGL,CE,Federal Contract Tower,0,3,15,0,18,0,2,28,0,30,0,5,43,0,48,68,0,68,116
04/20/2021,ALN,IL,AGL,CE,Federal Contract Tower,0,12,2,0,14,0,1,0,0,1,0,13,2,0,15,10,0,10,25
04/21/2021,ALN,IL,AGL,CE,Federal Contract Tower,0,19,7,0,26,0,5,14,0,19,0,24,21,0,45,26,0,26,71
04/22/2021,ALN,IL,AGL,CE,Federal Contract Tower,0,14,16,0,30,0,5,26,0,31,0,19,42,0,61,112,0,112,173
04/23/2021,ALN,IL,AGL,CE,Federal Contract Tower,0,15,3,0,18,0,2,8,0,10,0,17,11,0,28,12,0,12,40
04/24/2021,ALN,IL,AGL,CE,Federal Contract Tower,0,1,3,0,4,0,0,0,0,0,0,1,3,0,4,0,0,0,4
04/25/2021,ALN,IL,AGL,CE,Federal Contract Tower,0,3,16,0,19,0,0,33,0,33,0,3,49,0,52,62,0,62,114
04/26/2021,ALN,IL,AGL,CE,Federal Contract Tower,0,10,7,4,21,0,2,20,0,22,0,12,27,4,43,40,8,48,91
04/27/2021,ALN,IL,AGL,CE,Federal Contract Tower,0,5,23,2,30,0,1,11,0,12,0,6,34,2,42,36,0,36,78
04/28/2021,ALN,IL,AGL,CE,Federal Contract Tower,0,15,2,0,17,0,0,2,0,2,0,15,4,0,19,4,0,4,23
04/29/2021,ALN,IL,AGL,CE,Federal Contract Tower,0,7,10,2,19,0,0,9,0,9,0,7,19,2,28,30,8,38,66
04/30/2021,ALN,IL,AGL,CE,Federal Contract Tower,0,15,19,0,34,0,5,44,0,49,0,20,63,0,83,114,0,114,197
05/01/2021,ALN,IL,AGL,CE,Federal Contract Tower,0,3,9,0,12,0,1,18,0,19,0,4,27,0,31,38,0,38,69
05/02/2021,ALN,IL,AGL,CE,Federal Contract Tower,0,11,14,0,25,0,0,21,0,21,0,11,35,0,46,36,0,36,82
05/03/2021,ALN,IL,AGL,CE,Federal Contract Tower,0,7,13,0,20,0,1,12,0,13,0,8,25,0,33,16,0,16,49
05/04/2021,ALN,IL,AGL,CE,Federal Contract Tower,0,12,11,0,23,0,0,0,0,0,0,12,11,0,23,0,0,0,23
05/05/2021,ALN,IL,AGL,CE,Federal Contract Tower,0,8,11,1,20,0,3,43,0,46,0,11,54,1,66,74,4,78,144
05/06/2021,ALN,IL,AGL,CE,Federal Contract Tower,0,16,8,1,25,0,1,2,0,3,0,17,10,1,28,4,0,4,32
05/07/2021,ALN,IL,AGL,CE,Federal Contract Tower,0,14,14,0,28,0,3,9,0,12,0,17,23,0,40,38,0,38,78
05/08/2021,ALN,IL,AGL,CE,Federal Contract Tower,0,1,4,0,5,0,0,9,0,9,0,1,13,0,14,18,0,18,32
05/09/2021,ALN,IL,AGL,CE,Federal Contract Tower,0,1,1,0,2,0,0,0,0,0,0,1,1,0,2,0,0,0,2
05/10/2021,ALN,IL,AGL,CE,Federal Contract Tower,1,15,19,0,35,0,0,16,0,16,1,15,35,0,51,28,0,28,79
05/11/2021,ALN,IL,AGL,CE,Federal Contract Tower,0,11,10,0,21,0,0,15,0,15,0,11,25,0,36,42,0,42,78
05/12/2021,ALN,IL,AGL,CE,Federal Contract Tower,0,21,6,0,27,0,3,18,0,21,0,24,24,0,48,44,0,44,92
05/13/2021,ALN,IL,AGL,CE,Federal Contract Tower,0,18,8,2,28,0,4,30,1,35,0,22,38,3,63,52,16,68,131
05/14/2021,ALN,IL,AGL,CE,Federal Contract Tower,0,11,18,0,29,0,0,34,0,34,0,11,52,0,63,102,0,102,165
05/15/2021,ALN,IL,AGL,CE,Federal Contract Tower,0,4,12,0,16,0,1,15,0,16,0,5,27,0,32,18,0,18,50
05/16/2021,ALN,IL,AGL,CE,Federal Contract Tower,0,7,7,0,14,0,0,26,0,26,0,7,33,0,40,48,0,48,88
05/17/2021,ALN,IL,AGL,CE,Federal Contract Tower,0,10,5,0,15,0,0,4,0,4,0,10,9,0,19,0,0,0,19
05/18/2021,ALN,IL,AGL,CE,Federal Contract Tower,0,11,4,0,15,0,0,4,0,4,0,11,8,0,19,8,0,8,27
05/19/2021,ALN,IL,AGL,CE,Federal Contract Tower,0,11,0,0,11,0,1,6,0,7,0,12,6,0,18,4,0,4,22
05/20/2021,ALN,IL,AGL,CE,Federal Contract Tower,0,10,4,0,14,0,0,15,0,15,0,10,19,0,29,10,0,10,39
05/21/2021,ALN,IL,AGL,CE,Federal Contract Tower,0,14,9,0,23,0,3,18,0,21,0,17,27,0,44,38,0,38,82
05/22/2021,ALN,IL,AGL,CE,Federal Contract Tower,0,10,6,0,16,0,1,35,0,36,0,11,41,0,52,36,0,36,88
05/23/2021,ALN,IL,AGL,CE,Federal Contract Tower,0,8,9,3,20,0,0,25,0,25,0,8,34,3,45,32,4,36,81
05/24/2021,ALN,IL,AGL,CE,Federal Contract Tower,0,10,15,2,27,0,1,18,2,21,0,11,33,4,48,16,2,18,66
05/25/2021,ALN,IL,AGL,CE,Federal Contract Tower,0,14,8,0,22,0,0,12,0,12,0,14,20,0,34,44,0,44,78
05/26/2021,ALN,IL,AGL,CE,Federal Contract Tower,0,9,7,0,16,0,1,8,0,9,0,10,15,0,25,38,0,38,63
05/27/2021,ALN,IL,AGL,CE,Federal Contract Tower,0,9,4,0,13,0,0,7,0,7,0,9,11,0,20,6,0,6,26
05/28/2021,ALN,IL,AGL,CE,Federal Contract Tower,0,14,9,0,23,0,0,0,0,0,0,14,9,0,23,4,0,4,27
05/29/2021,ALN,IL,AGL,CE,Federal Contract Tower,1,2,6,0,9,0,0,9,0,9,1,2,15,0,18,22,0,22,40
05/30/2021,ALN,IL,AGL,CE,Federal Contract Tower,1,1,11,0,13,0,0,29,0,29,1,1,40,0,42,50,0,50,92
05/31/2021,ALN,IL,AGL,CE,Federal Contract Tower,0,11,8,0,19,0,0,34,0,34,0,11,42,0,53,28,0,28,81
06/01/2021,ALN,IL,AGL,CE,Federal Contract Tower,0,14,3,0,17,0,1,11,0,12,0,15,14,0,29,56,0,56,85
06/02/2021,ALN,IL,AGL,CE,Federal Contract Tower,0,11,3,0,14,0,1,10,0,11,0,12,13,0,25,12,0,12,37
06/03/2021,ALN,IL,AGL,CE,Federal Contract Tower,0,22,12,0,34,0,0,19,0,19,0,22,31,0,53,38,0,38,91
06/04/2021,ALN,IL,AGL,CE,Federal Contract Tower,0,14,6,1,21,0,4,11,0,15,0,18,17,1,36,20,4,24,60
06/05/2021,ALN,IL,AGL,CE,Federal Contract Tower,0,6,9,2,17,0,0,20,2,22,0,6,29,4,39,16,0,16,55
06/06/2021,ALN,IL,AGL,CE,Federal Contract Tower,0,5,7,0,12,0,0,12,0,12,0,5,19,0,24,20,0,20,44
06/07/2021,ALN,IL,AGL,CE,Federal Contract Tower,0,19,2,0,21,0,0,6,0,6,0,19,8,0,27,20,0,20,47
06/08/2021,ALN,IL,AGL,CE,Federal Contract Tower,0,21,2,0,23,0,0,4,0,4,0,21,6,0,27,22,0,22,49
06/09/2021,ALN,IL,AGL,CE,Federal Contract Tower,0,10,14,0,24,0,0,8,0,8,0,10,22,0,32,36,0,36,68
06/10/2021,ALN,IL,AGL,CE,Federal Contract Tower,0,13,8,0,21,0,1,22,0,23,0,14,30,0,44,32,0,32,76
06/11/2021,ALN,IL,AGL,CE,Federal Contract Tower,0,11,15,0,26,0,1,22,0,23,0,12,37,0,49,12,0,12,61
06/12/2021,ALN,IL,AGL,CE,Federal Contract Tower,0,4,4,0,8,0,1,24,0,25,0,5,28,0,33,22,0,22,55
06/13/2021,ALN,IL,AGL,CE,Federal Contract Tower,3,6,7,0,16,0,0,25,0,25,3,6,32,0,41,34,0,34,75
06/14/2021,ALN,IL,AGL,CE,Federal Contract Tower,0,10,12,0,22,0,0,10,0,10,0,10,22,0,32,42,0,42,74
06/15/2021,ALN,IL,AGL,CE,Federal Contract Tower,0,12,8,0,20,0,3,27,0,30,0,15,35,0,50,108,0,108,158
06/16/2021,ALN,IL,AGL,CE,Federal Contract Tower,0,14,8,0,22,0,1,30,0,31,0,15,38,0,53,56,0,56,109
06/17/2021,ALN,IL,AGL,CE,Federal Contract Tower,0,12,11,0,23,0,0,9,0,9,0,12,20,0,32,52,2,54,86
06/18/2021,ALN,IL,AGL,CE,Federal Contract Tower,0,13,5,0,18,0,2,14,0,16,0,15,19,0,34,0,0,0,34
06/19/2021,ALN,IL,AGL,CE,Federal Contract Tower,0,0,0,1,1,0,0,10,0,10,0,0,10,1,11,10,2,12,23
06/20/2021,ALN,IL,AGL,CE,Federal Contract Tower,0,6,8,0,14,0,1,10,0,11,0,7,18,0,25,52,0,52,77
06/21/2021,ALN,IL,AGL,CE,Federal Contract Tower,0,22,7,0,29,0,0,2,0,2,0,22,9,0,31,24,0,24,55
06/22/2021,ALN,IL,AGL,CE,Federal Contract Tower,0,13,19,0,32,0,2,65,0,67,0,15,84,0,99,50,0,50,149
06/23/2021,ALN,IL,AGL,CE,Federal Contract Tower,0,7,15,0,22,0,3,11,0,14,0,10,26,0,36,60,0,60,96
06/24/2021,ALN,IL,AGL,CE,Federal Contract Tower,0,8,6,0,14,0,1,5,0,6,0,9,11,0,20,36,0,36,56
06/25/2021,ALN,IL,AGL,CE,Federal Contract Tower,0,10,5,0,15,0,1,6,0,7,0,11,11,0,22,4,0,4,26
06/26/2021,ALN,IL,AGL,CE,Federal Contract Tower,0,3,3,0,6,0,0,6,0,6,0,3,9,0,12,0,0,0,12
06/27/2021,ALN,IL,AGL,CE,Federal Contract Tower,0,6,1,0,7,0,1,16,0,17,0,7,17,0,24,4,0,4,28
06/28/2021,ALN,IL,AGL,CE,Federal Contract Tower,0,17,12,0,29,0,0,15,0,15,0,17,27,0,44,36,0,36,80
06/29/2021,ALN,IL,AGL,CE,Federal Contract Tower,0,11,4,0,15,0,2,6,0,8,0,13,10,0,23,18,0,18,41
06/30/2021,ALN,IL,AGL,CE,Federal Contract Tower,0,15,8,0,23,0,2,18,0,20,0,17,26,0,43,36,0,36,79
07/01/2021,ALN,IL,AGL,CE,Federal Contract Tower,0,11,11,0,22,0,6,11,0,17,0,17,22,0,39,34,0,34,73
07/02/2021,ALN,IL,AGL,CE,Federal Contract Tower,1,8,12,0,21,0,4,41,0,45,1,12,53,0,66,40,0,40,106
07/03/2021,ALN,IL,AGL,CE,Federal Contract Tower,0,1,9,0,10,0,0,26,0,26,0,1,35,0,36,52,0,52,88
07/04/2021,ALN,IL,AGL,CE,Federal Contract Tower,0,0,10,1,11,0,0,16,1,17,0,0,26,2,28,44,2,46,74
07/05/2021,ALN,IL,AGL,CE,Federal Contract Tower,0,6,11,0,17,0,0,15,0,15,0,6,26,0,32,12,0,12,44
07/06/2021,ALN,IL,AGL,CE,Federal Contract Tower,0,14,11,0,25,0,0,16,0,16,0,14,27,0,41,48,0,48,89
07/07/2021,ALN,IL,AGL,CE,Federal Contract Tower,0,12,6,0,18,0,2,14,0,16,0,14,20,0,34,24,0,24,58
07/08/2021,ALN,IL,AGL,CE,Federal Contract Tower,0,10,10,0,20,0,0,31,0,31,0,10,41,0,51,48,0,48,99
07/09/2021,ALN,IL,AGL,CE,Federal Contract Tower,0,7,11,2,20,0,0,22,0,22,0,7,33,2,42,36,0,36,78
07/10/2021,ALN,IL,AGL,CE,Federal Contract Tower,0,4,2,0,6,0,2,9,0,11,0,6,11,0,17,6,0,6,23
07/11/2021,ALN,IL,AGL,CE,Federal Contract Tower,0,7,8,0,15,0,0,10,0,10,0,7,18,0,25,36,0,36,61
07/12/2021,ALN,IL,AGL,CE,Federal Contract Tower,2,7,1,0,10,0,0,3,3,6,2,7,4,3,16,20,2,22,38
07/13/2021,ALN,IL,AGL,CE,Federal Contract Tower,0,19,9,0,28,0,0,13,0,13,0,19,22,0,41,28,0,28,69
07/14/2021,ALN,IL,AGL,CE,Federal Contract Tower,0,25,14,0,39,0,6,19,0,25,0,31,33,0,64,76,0,76,140
07/15/2021,ALN,IL,AGL,CE,Federal Contract Tower,0,19,13,0,32,0,0,18,0,18,0,19,31,0,50,52,0,52,102
07/16/2021,ALN,IL,AGL,CE,Federal Contract Tower,0,15,4,0,19,0,0,4,0,4,0,15,8,0,23,0,0,0,23
07/17/2021,ALN,IL,AGL,CE,Federal Contract Tower,0,5,13,0,18,0,0,17,0,17,0,5,30,0,35,24,0,24,59
07/18/2021,ALN,IL,AGL,CE,Federal Contract Tower,0,5,27,0,32,0,0,16,0,16,0,5,43,0,48,64,0,64,112
07/19/2021,ALN,IL,AGL,CE,Federal Contract Tower,0,24,14,0,38,0,2,15,0,17,0,26,29,0,55,72,0,72,127
07/20/2021,ALN,IL,AGL,CE,Federal Contract Tower,0,15,10,0,25,0,2,27,0,29,0,17,37,0,54,62,0,62,116
07/21/2021,ALN,IL,AGL,CE,Federal Contract Tower,0,10,13,0,23,0,1,18,0,19,0,11,31,0,42,34,0,34,76
07/22/2021,ALN,IL,AGL,CE,Federal Contract Tower,0,18,14,0,32,0,0,41,0,41,0,18,55,0,73,66,0,66,139
07/23/2021,ALN,IL,AGL,CE,Federal Contract Tower,0,17,17,0,34,0,8,14,0,22,0,25,31,0,56,40,0,40,96
07/24/2021,ALN,IL,AGL,CE,Federal Contract Tower,0,8,11,0,19,0,9,37,0,46,0,17,48,0,65,38,2,40,105
07/25/2021,ALN,IL,AGL,CE,Federal Contract Tower,1,3,2,0,6,0,0,4,0,4,1,3,6,0,10,6,0,6,16
07/26/2021,ALN,IL,AGL,CE,Federal Contract Tower,1,13,4,0,18,0,1,11,0,12,1,14,15,0,30,16,0,16,46
07/27/2021,ALN,IL,AGL,CE,Federal Contract Tower,0,6,10,0,16,0,2,22,0,24,0,8,32,0,40,20,0,20,60
07/28/2021,ALN,IL,AGL,CE,Federal Contract Tower,0,13,8,0,21,0,4,54,0,58,0,17,62,0,79,50,0,50,129
07/29/2021,ALN,IL,AGL,CE,Federal Contract Tower,0,20,8,0,28,0,1,9,0,10,0,21,17,0,38,34,0,34,72
07/30/2021,ALN,IL,AGL,CE,Federal Contract Tower,0,17,7,0,24,0,0,9,0,9,0,17,16,0,33,8,0,8,41
07/31/2021,ALN,IL,AGL,CE,Federal Contract Tower,0,1,8,0,9,0,0,1,0,1,0,1,9,0,10,14,0,14,24
08/01/2021,ALN,IL,AGL,CE,Federal Contract Tower,0,10,9,0,19,0,0,23,0,23,0,10,32,0,42,56,0,56,98
08/02/2021,ALN,IL,AGL,CE,Federal Contract Tower,0,11,12,0,23,0,1,12,0,13,0,12,24,0,36,50,0,50,86
08/03/2021,ALN,IL,AGL,CE,Federal Contract Tower,1,9,13,0,23,0,1,36,0,37,1,10,49,0,60,54,0,54,114
08/04/2021,ALN,IL,AGL,CE,Federal Contract Tower,0,15,12,0,27,0,3,19,1,23,0,18,31,1,50,51,6,57,107
08/05/2021,ALN,IL,AGL,CE,Federal Contract Tower,0,19,7,0,26,0,2,20,0,22,0,21,27,0,48,62,0,62,110
08/06/2021,ALN,IL,AGL,CE,Federal Contract Tower,0,6,8,0,14,0,0,17,0,17,0,6,25,0,31,28,0,28,59
08/07/2021,ALN,IL,AGL,CE,Federal Contract Tower,0,4,12,0,16,0,0,14,0,14,0,4,26,0,30,18,0,18,48
08/08/2021,ALN,IL,AGL,CE,Federal Contract Tower,0,11,7,0,18,0,0,9,0,9,0,11,16,0,27,12,2,14,41
08/09/2021,ALN,IL,AGL,CE,Federal Contract Tower,1,6,4,0,11,0,4,10,0,14,1,10,14,0,25,30,0,30,55
08/10/2021,ALN,IL,AGL,CE,Federal Contract Tower,0,9,4,0,13,0,0,10,0,10,0,9,14,0,23,4,0,4,27
08/11/2021,ALN,IL,AGL,CE,Federal Contract Tower,0,14,8,0,22,0,1,20,0,21,0,15,28,0,43,70,0,70,113
08/12/2021,ALN,IL,AGL,CE,Federal Contract Tower,0,9,3,0,12,0,1,7,3,11,0,10,10,3,23,20,8,28,51
08/13/2021,ALN,IL,AGL,CE,Federal Contract Tower,0,19,4,0,23,0,0,18,0,18,0,19,22,0,41,48,0,48,89
08/14/2021,ALN,IL,AGL,CE,Federal Contract Tower,0,4,4,0,8,0,0,58,0,58,0,4,62,0,66,78,0,78,144
08/15/2021,ALN,IL,AGL,CE,Federal Contract Tower,1,6,1,0,8,0,0,20,0,20,1,6,21,0,28,34,0,34,62
08/16/2021,ALN,IL,AGL,CE,Federal Contract Tower,1,9,6,0,16,0,0,14,0,14,1,9,20,0,30,30,0,30,60
08/17/2021,ALN,IL,AGL,CE,Federal Contract Tower,0,11,10,0,21,0,0,31,0,31,0,11,41,0,52,26,0,26,78
08/18/2021,ALN,IL,AGL,CE,Federal Contract Tower,0,10,3,1,14,0,0,17,0,17,0,10,20,1,31,8,4,12,43
08/19/2021,ALN,IL,AGL,CE,Federal Contract Tower,0,10,11,0,21,0,1,25,0,26,0,11,36,0,47,40,0,40,87
08/20/2021,ALN,IL,AGL,CE,Federal Contract Tower,0,7,9,0,16,0,0,15,0,15,0,7,24,0,31,32,0,32,63
08/21/2021,ALN,IL,AGL,CE,Federal Contract Tower,0,1,10,0,11,0,0,8,0,8,0,1,18,0,19,26,0,26,45
08/22/2021,ALN,IL,AGL,CE,Federal Contract Tower,0,7,15,1,23,0,0,20,0,20,0,7,35,1,43,56,0,56,99
08/23/2021,ALN,IL,AGL,CE,Federal Contract Tower,1,10,4,0,15,0,0,6,0,6,1,10,10,0,21,0,0,0,21
08/24/2021,ALN,IL,AGL,CE,Federal Contract Tower,0,12,11,0,23,0,0,1,0,1,0,12,12,0,24,30,0,30,54
08/25/2021,ALN,IL,AGL,CE,Federal Contract Tower,0,17,13,0,30,0,3,13,0,16,0,20,26,0,46,38,0,38,84
08/26/2021,ALN,IL,AGL,CE,Federal Contract Tower,1,8,7,0,16,0,1,11,0,12,1,9,18,0,28,18,0,18,46
08/27/2021,ALN,IL,AGL,CE,Federal Contract Tower,0,18,7,0,25,0,2,14,0,16,0,20,21,0,41,26,0,26,67
08/28/2021,ALN,IL,AGL,CE,Federal Contract Tower,1,6,4,0,11,0,2,25,0,27,1,8,29,0,38,48,0,48,86
08/29/2021,ALN,IL,AGL,CE,Federal Contract Tower,0,4,9,0,13,0,0,19,0,19,0,4,28,0,32,18,0,18,50
08/30/2021,ALN,IL,AGL,CE,Federal Contract Tower,0,13,6,0,19,0,2,10,0,12,0,15,16,0,31,32,0,32,63
08/31/2021,ALN,IL,AGL,CE,Federal Contract Tower,0,10,6,0,16,0,0,11,0,11,0,10,17,0,27,22,0,22,49
09/01/2021,ALN,IL,AGL,CE,Federal Contract Tower,0,20,5,0,25,0,5,21,2,28,0,25,26,2,53,62,0,62,115
09/02/2021,ALN,IL,AGL,CE,Federal Contract Tower,0,11,10,0,21,0,1,24,0,25,0,12,34,0,46,62,0,62,108
09/03/2021,ALN,IL,AGL,CE,Federal Contract Tower,0,20,7,0,27,0,1,5,0,6,0,21,12,0,33,14,2,16,49
09/04/2021,ALN,IL,AGL,CE,Federal Contract Tower,0,4,5,0,9,0,0,0,0,0,0,4,5,0,9,8,0,8,17
09/05/2021,ALN,IL,AGL,CE,Federal Contract Tower,0,2,8,0,10,0,0,43,0,43,0,2,51,0,53,70,0,70,123
09/06/2021,ALN,IL,AGL,CE,Federal Contract Tower,0,5,8,0,13,0,2,26,0,28,0,7,34,0,41,52,0,52,93
09/07/2021,ALN,IL,AGL,CE,Federal Contract Tower,0,8,18,0,26,0,0,4,0,4,0,8,22,0,30,18,0,18,48
09/08/2021,ALN,IL,AGL,CE,Federal Contract Tower,0,21,13,0,34,0,2,11,0,13,0,23,24,0,47,54,0,54,101
09/09/2021,ALN,IL,AGL,CE,Federal Contract Tower,1,22,18,0,41,0,6,26,0,32,1,28,44,0,73,72,0,72,145
09/10/2021,ALN,IL,AGL,CE,Federal Contract Tower,0,10,11,0,21,0,2,14,0,16,0,12,25,0,37,18,0,18,55
09/11/2021,ALN,IL,AGL,CE,Federal Contract Tower,0,5,6,0,11,0,2,19,0,21,0,7,25,0,32,12,0,12,44
09/12/2021,ALN,IL,AGL,CE,Federal Contract Tower,1,6,4,0,11,0,2,11,0,13,1,8,15,0,24,18,0,18,42
09/13/2021,ALN,IL,AGL,CE,Federal Contract Tower,0,19,5,0,24,0,0,13,0,13,0,19,18,0,37,16,0,16,53
09/14/2021,ALN,IL,AGL,CE,Federal Contract Tower,0,25,6,0,31,0,3,9,0,12,0,28,15,0,43,58,0,58,101
09/15/2021,ALN,IL,AGL,CE,Federal Contract Tower,0,14,8,0,22,0,2,11,0,13,0,16,19,0,35,48,0,48,83
09/16/2021,ALN,IL,AGL,CE,Federal Contract Tower,0,19,7,0,26,0,1,27,0,28,0,20,34,0,54,56,0,56,110
09/17/2021,ALN,IL,AGL,CE,Federal Contract Tower,0,14,5,0,19,0,2,26,0,28,0,16,31,0,47,44,0,44,91
09/18/2021,ALN,IL,AGL,CE,Federal Contract Tower,0,3,12,0,15,0,1,39,0,40,0,4,51,0,55,36,0,36,91
09/19/2021,ALN,IL,AGL,CE,Federal Contract Tower,0,10,13,0,23,0,1,24,1,26,0,11,37,1,49,74,0,74,123
09/20/2021,ALN,IL,AGL,CE,Federal Contract Tower,1,16,8,0,25,0,2,4,0,6,1,18,12,0,31,20,0,20,51
09/21/2021,ALN,IL,AGL,CE,Federal Contract Tower,0,8,9,0,17,0,0,6,0,6,0,8,15,0,23,10,0,10,33
09/22/2021,ALN,IL,AGL,CE,Federal Contract Tower,0,2,4,0,6,0,1,9,0,10,0,3,13,0,16,16,0,16,32
09/23/2021,ALN,IL,AGL,CE,Federal Contract Tower,1,15,24,0,40,0,2,17,0,19,1,17,41,0,59,92,0,92,151
09/24/2021,ALN,IL,AGL,CE,Federal Contract Tower,0,13,6,0,19,0,0,18,0,18,0,13,24,0,37,28,0,28,65
09/25/2021,ALN,IL,AGL,CE,Federal Contract Tower,0,2,10,0,12,0,0,123,1,124,0,2,133,1,136,42,0,42,178
09/26/2021,ALN,IL,AGL,CE,Federal Contract Tower,0,7,7,0,14,0,1,210,0,211,0,8,217,0,225,6,0,6,231
09/27/2021,ALN,IL,AGL,CE,Federal Contract Tower,1,22,8,0,31,0,0,19,0,19,1,22,27,0,50,30,0,30,80
09/28/2021,ALN,IL,AGL,CE,Federal Contract Tower,0,18,2,0,20,0,4,20,0,24,0,22,22,0,44,58,0,58,102
09/29/2021,ALN,IL,AGL,CE,Federal Contract Tower,0,16,7,0,23,0,1,17,0,18,0,17,24,0,41,36,0,36,77
09/30/2021,ALN,IL,AGL,CE,Federal Contract Tower,0,14,6,0,20,0,0,20,0,20,0,14,26,0,40,28,0,28,68
10/01/2021,ALN,IL,AGL,CE,Federal Contract Tower,0,14,4,2,20,0,1,16,0,17,0,15,20,2,37,32,0,32,69
10/02/2021,ALN,IL,AGL,CE,Federal Contract Tower,0,3,2,0,5,0,0,1,0,1,0,3,3,0,6,4,0,4,10
10/03/2021,ALN,IL,AGL,CE,Federal Contract Tower,0,4,9,0,13,0,0,7,0,7,0,4,16,0,20,22,0,22,42
10/04/2021,ALN,IL,AGL,CE,Federal Contract Tower,0,15,6,0,21,0,1,18,0,19,0,16,24,0,40,44,0,44,84
10/05/2021,ALN,IL,AGL,CE,Federal Contract Tower,0,13,9,0,22,0,0,10,0,10,0,13,19,0,32,30,0,30,62
10/06/2021,ALN,IL,AGL,CE,Federal Contract Tower,0,9,2,0,11,0,0,5,0,5,0,9,7,0,16,16,0,16,32
10/07/2021,ALN,IL,AGL,CE,Federal Contract Tower,1,14,13,0,28,0,0,1,0,1,1,14,14,0,29,10,0,10,39
10/08/2021,ALN,IL,AGL,CE,Federal Contract Tower,0,15,14,0,29,0,1,13,0,14,0,16,27,0,43,24,0,24,67
10/09/2021,ALN,IL,AGL,CE,Federal Contract Tower,0,9,4,0,13,0,3,23,0,26,0,12,27,0,39,8,0,8,47
10/10/2021,ALN,IL,AGL,CE,Federal Contract Tower,0,11,10,0,21,0,0,7,0,7,0,11,17,0,28,10,0,10,38
10/11/2021,ALN,IL,AGL,CE,Federal Contract Tower,0,5,2,0,7,0,2,3,0,5,0,7,5,0,12,14,0,14,26
10/12/2021,ALN,IL,AGL,CE,Federal Contract Tower,0,27,12,0,39,0,8,28,0,36,0,35,40,0,75,92,0,92,167
10/13/2021,ALN,IL,AGL,CE,Federal Contract Tower,0,9,3,0,12,0,0,6,0,6,0,9,9,0,18,30,0,30,48
10/14/2021,ALN,IL,AGL,CE,Federal Contract Tower,0,25,9,0,34,0,0,0,0,0,0,25,9,0,34,2,0,2,36
10/15/2021,ALN,IL,AGL,CE,Federal Contract Tower,1,16,11,2,30,0,0,0,0,0,1,16,11,2,30,6,4,10,40
10/16/2021,ALN,IL,AGL,CE,Federal Contract Tower,0,8,4,0,12,0,1,24,0,25,0,9,28,0,37,16,0,16,53
10/17/2021,ALN,IL,AGL,CE,Federal Contract Tower,0,11,14,0,25,0,0,33,0,33,0,11,47,0,58,32,0,32,90
10/18/2021,ALN,IL,AGL,CE,Federal Contract Tower,1,14,13,0,28,0,5,22,0,27,1,19,35,0,55,102,0,102,157
10/19/2021,ALN,IL,AGL,CE,Federal Contract Tower,0,15,19,0,34,0,5,15,0,20,0,20,34,0,54,60,0,60,114
10/20/2021,ALN,IL,AGL,CE,Federal Contract Tower,0,15,6,0,21,0,3,23,0,26,0,18,29,0,47,86,0,86,133
10/21/2021,ALN,IL,AGL,CE,Federal Contract Tower,0,9,9,0,18,0,3,4,0,7,0,12,13,0,25,8,0,8,33
10/22/2021,ALN,IL,AGL,CE,Federal Contract Tower,1,15,14,0,30,0,0,13,0,13,1,15,27,0,43,58,0,58,101
10/23/2021,ALN,IL,AGL,CE,Federal Contract Tower,0,18,17,0,35,0,0,15,0,15,0,18,32,0,50,36,0,36,86
10/24/2021,ALN,IL,AGL,CE,Federal Contract Tower,1,7,13,0,21,0,0,2,0,2,1,7,15,0,23,8,0,8,31
10/25/2021,ALN,IL,AGL,CE,Federal Contract Tower,1,15,6,0,22,0,0,4,0,4,1,15,10,0,26,20,0,20,46
10/26/2021,ALN,IL,AGL,CE,Federal Contract Tower,0,19,8,0,27,0,5,32,0,37,0,24,40,0,64,32,0,32,96
10/27/2021,ALN,IL,AGL,CE,Federal Contract Tower,0,13,4,0,17,0,4,9,0,13,0,17,13,0,30,34,0,34,64
10/28/2021,ALN,IL,AGL,CE,Federal Contract Tower,0,12,7,0,19,0,0,0,0,0,0,12,7,0,19,8,0,8,27
10/29/2021,ALN,IL,AGL,CE,Federal Contract Tower,0,13,6,0,19,0,0,0,0,0,0,13,6,0,19,8,0,8,27
10/30/2021,ALN,IL,AGL,CE,Federal Contract Tower,0,11,8,0,19,0,0,16,0,16,0,11,24,0,35,18,0,18,53
10/31/2021,ALN,IL,AGL,CE,Federal Contract Tower,1,8,4,0,13,0,0,7,0,7,1,8,11,0,20,2,0,2,22
11/01/2021,ALN,IL,AGL,CE,Federal Contract Tower,1,16,3,0,20,0,8,12,0,20,1,24,15,0,40,22,0,22,62
11/02/2021,ALN,IL,AGL,CE,Federal Contract Tower,0,25,16,0,41,0,12,23,0,35,0,37,39,0,76,86,0,86,162
11/03/2021,ALN,IL,AGL,CE,Federal Contract Tower,0,14,9,1,24,0,8,20,1,29,0,22,29,2,53,74,0,74,127
11/04/2021,ALN,IL,AGL,CE,Federal Contract Tower,2,21,5,1,29,0,1,16,0,17,2,22,21,1,46,34,0,34,80
11/05/2021,ALN,IL,AGL,CE,Federal Contract Tower,0,11,12,0,23,0,2,17,0,19,0,13,29,0,42,32,0,32,74
11/06/2021,ALN,IL,AGL,CE,Federal Contract Tower,1,7,10,0,18,0,0,42,0,42,1,7,52,0,60,50,0,50,110
11/07/2021,ALN,IL,AGL,CE,Federal Contract Tower,1,6,11,0,18,0,0,24,0,24,1,6,35,0,42,4,0,4,46
11/08/2021,ALN,IL,AGL,CE,Federal Contract Tower,1,17,8,0,26,0,3,19,2,24,1,20,27,2,50,56,0,56,106
11/09/2021,ALN,IL,AGL,CE,Federal Contract Tower,0,9,10,0,19,0,5,24,0,29,0,14,34,0,48,98,0,98,146
11/10/2021,ALN,IL,AGL,CE,Federal Contract Tower,0,14,2,0,16,0,1,7,0,8,0,15,9,0,24,10,0,10,34
11/11/2021,ALN,IL,AGL,CE,Federal Contract Tower,0,13,6,0,19,0,2,3,1,6,0,15,9,1,25,8,0,8,33
11/12/2021,ALN,IL,AGL,CE,Federal Contract Tower,0,20,2,0,22,0,1,3,1,5,0,21,5,1,27,12,0,12,39
11/13/2021,ALN,IL,AGL,CE,Federal Contract Tower,0,9,9,0,18,0,0,11,0,11,0,9,20,0,29,40,0,40,69
11/14/2021,ALN,IL,AGL,CE,Federal Contract Tower,0,11,1,0,12,0,0,0,0,0,0,11,1,0,12,0,0,0,12
11/15/2021,ALN,IL,AGL,CE,Federal Contract Tower,2,20,14,0,36,0,5,10,0,15,2,25,24,0,51,74,0,74,125
11/16/2021,ALN,IL,AGL,CE,Federal Contract Tower,0,13,10,0,23,0,1,38,0,39,0,14,48,0,62,106,0,106,168
11/17/2021,ALN,IL,AGL,CE,Federal Contract Tower,0,14,4,0,18,0,2,5,0,7,0,16,9,0,25,16,0,16,41
11/18/2021,ALN,IL,AGL,CE,Federal Contract Tower,0,10,11,0,21,0,0,7,0,7,0,10,18,0,28,26,0,26,54
11/19/2021,ALN,IL,AGL,CE,Federal Contract Tower,0,18,8,0,26,0,2,28,1,31,0,20,36,1,57,102,2,104,161
11/20/2021,ALN,IL,AGL,CE,Federal Contract Tower,0,3,13,0,16,0,0,37,0,37,0,3,50,0,53,72,0,72,125
11/21/2021,ALN,IL,AGL,CE,Federal Contract Tower,0,0,7,0,7,0,0,23,0,23,0,0,30,0,30,48,0,48,78
11/22/2021,ALN,IL,AGL,CE,Federal Contract Tower,0,23,10,0,33,0,8,11,0,19,0,31,21,0,52,54,0,54,106
11/23/2021,ALN,IL,AGL,CE,Federal Contract Tower,1,15,6,0,22,0,4,23,0,27,1,19,29,0,49,46,0,46,95
11/24/2021,ALN,IL,AGL,CE,Federal Contract Tower,0,8,7,3,18,0,0,7,0,7,0,8,14,3,25,2,4,6,31
11/25/2021,ALN,IL,AGL,CE,Federal Contract Tower,0,1,1,0,2,0,0,0,0,0,0,1,1,0,2,0,0,0,2
11/26/2021,ALN,IL,AGL,CE,Federal Contract Tower,0,1,6,0,7,0,0,20,0,20,0,1,26,0,27,52,0,52,79
11/27/2021,ALN,IL,AGL,CE,Federal Contract Tower,0,2,14,0,16,0,0,30,0,30,0,2,44,0,46,56,0,56,102
11/28/2021,ALN,IL,AGL,CE,Federal Contract Tower,0,17,5,0,22,0,0,13,0,13,0,17,18,0,35,8,0,8,43
11/29/2021,ALN,IL,AGL,CE,Federal Contract Tower,2,25,6,0,33,0,0,8,0,8,2,25,14,0,41,32,0,32,73
11/30/2021,ALN,IL,AGL,CE,Federal Contract Tower,0,16,16,0,32,0,1,22,0,23,0,17,38,0,55,84,0,84,139
12/01/2021,ALN,IL,AGL,CE,Federal Contract Tower,0,15,11,0,26,0,0,22,0,22,0,15,33,0,48,88,0,88,136
12/02/2021,ALN,IL,AGL,CE,Federal Contract Tower,1,13,18,0,32,0,1,19,0,20,1,14,37,0,52,88,0,88,140
12/03/2021,ALN,IL,AGL,CE,Federal Contract Tower,0,14,14,0,28,0,0,34,0,34,0,14,48,0,62,48,0,48,110
12/04/2021,ALN,IL,AGL,CE,Federal Contract Tower,2,9,14,0,25,0,0,24,0,24,2,9,38,0,49,26,0,26,75
12/05/2021,ALN,IL,AGL,CE,Federal Contract Tower,1,7,2,0,10,0,0,1,0,1,1,7,3,0,11,0,0,0,11
12/06/2021,ALN,IL,AGL,CE,Federal Contract Tower,1,6,3,0,10,0,1,6,0,7,1,7,9,0,17,8,0,8,25
12/07/2021,ALN,IL,AGL,CE,Federal Contract Tower,0,16,3,0,19,0,2,14,0,16,0,18,17,0,35,56,0,56,91
12/08/2021,ALN,IL,AGL,CE,Federal Contract Tower,0,22,10,0,32,0,2,17,0,19,0,24,27,0,51,84,0,84,135
12/09/2021,ALN,IL,AGL,CE,Federal Contract Tower,0,15,3,0,18,0,3,4,0,7,0,18,7,0,25,18,0,18,43
12/10/2021,ALN,IL,AGL,CE,Federal Contract Tower,0,16,0,0,16,0,0,3,0,3,0,16,3,0,19,18,0,18,37
12/11/2021,ALN,IL,AGL,CE,Federal Contract Tower,0,14,3,0,17,0,4,3,0,7,0,18,6,0,24,6,0,6,30
12/12/2021,ALN,IL,AGL,CE,Federal Contract Tower,0,19,12,0,31,0,14,23,0,37,0,33,35,0,68,55,0,55,123
12/13/2021,ALN,IL,AGL,CE,Federal Contract Tower,0,21,6,0,27,0,0,32,0,32,0,21,38,0,59,56,0,56,115
12/14/2021,ALN,IL,AGL,CE,Federal Contract Tower,0,13,7,0,20,0,4,18,0,22,0,17,25,0,42,38,0,38,80
12/15/2021,ALN,IL,AGL,CE,Federal Contract Tower,1,24,1,0,26,0,0,0,0,0,1,24,1,0,26,4,0,4,30
12/16/2021,ALN,IL,AGL,CE,Federal Contract Tower,0,13,15,0,28,0,1,12,0,13,0,14,27,0,41,30,0,30,71
12/17/2021,ALN,IL,AGL,CE,Federal Contract Tower,0,10,7,0,17,0,0,3,0,3,0,10,10,0,20,14,0,14,34
12/18/2021,ALN,IL,AGL,CE,Federal Contract Tower,0,2,5,0,7,0,0,2,0,2,0,2,7,0,9,2,0,2,11
12/19/2021,ALN,IL,AGL,CE,Federal Contract Tower,0,3,5,0,8,0,0,27,0,27,0,3,32,0,35,12,0,12,47
12/20/2021,ALN,IL,AGL,CE,Federal Contract Tower,1,17,10,0,28,0,6,21,0,27,1,23,31,0,55,64,0,64,119
12/21/2021,ALN,IL,AGL,CE,Federal Contract Tower,0,14,12,0,26,0,4,22,0,26,0,18,34,0,52,34,0,34,86
12/22/2021,ALN,IL,AGL,CE,Federal Contract Tower,0,23,12,0,35,0,1,12,0,13,0,24,24,0,48,52,0,52,100
12/23/2021,ALN,IL,AGL,CE,Federal Contract Tower,0,16,3,0,19,0,2,14,0,16,0,18,17,0,35,58,0,58,93
12/24/2021,ALN,IL,AGL,CE,Federal Contract Tower,0,0,2,0,2,0,0,1,0,1,0,0,3,0,3,0,0,0,3
12/25/2021,ALN,IL,AGL,CE,Federal Contract Tower,0,1,1,0,2,0,0,0,0,0,0,1,1,0,2,0,0,0,2
12/26/2021,ALN,IL,AGL,CE,Federal Contract Tower,0,3,2,0,5,0,0,0,0,0,0,3,2,0,5,0,0,0,5
12/27/2021,ALN,IL,AGL,CE,Federal Contract Tower,0,7,5,0,12,0,0,15,0,15,0,7,20,0,27,18,0,18,45
12/28/2021,ALN,IL,AGL,CE,Federal Contract Tower,0,8,2,0,10,0,0,0,0,0,0,8,2,0,10,2,0,2,12
12/29/2021,ALN,IL,AGL,CE,Federal Contract Tower,0,12,1,0,13,0,0,2,0,2,0,12,3,0,15,0,0,0,15
12/30/2021,ALN,IL,AGL,CE,Federal Contract Tower,0,11,6,0,17,0,0,2,0,2,0,11,8,0,19,24,0,24,43
12/31/2021,ALN,IL,AGL,CE,Federal Contract Tower,0,6,1,0,7,0,0,18,0,18,0,6,19,0,25,30,0,30,55
01/01/2022,ALN,IL,AGL,CE,Federal Contract Tower,0,1,0,0,1,0,0,0,0,0,0,1,0,0,1,0,0,0,1
01/02/2022,ALN,IL,AGL,CE,Federal Contract Tower,0,2,2,0,4,0,0,2,0,2,0,2,4,0,6,0,0,0,6
01/03/2022,ALN,IL,AGL,CE,Federal Contract Tower,0,9,7,0,16,0,4,12,0,16,0,13,19,0,32,16,0,16,48
01/04/2022,ALN,IL,AGL,CE,Federal Contract Tower,0,15,1,0,16,0,0,12,0,12,0,15,13,0,28,14,0,14,42
01/05/2022,ALN,IL,AGL,CE,Federal Contract Tower,0,9,4,0,13,0,0,3,0,3,0,9,7,0,16,0,0,0,16
01/06/2022,ALN,IL,AGL,CE,Federal Contract Tower,0,2,5,0,7,0,5,1,0,6,0,7,6,0,13,22,0,22,35
01/07/2022,ALN,IL,AGL,CE,Federal Contract Tower,0,7,6,0,13,0,0,8,0,8,0,7,14,0,21,34,0,34,55
01/08/2022,ALN,IL,AGL,CE,Federal Contract Tower,0,2,0,0,2,0,0,0,0,0,0,2,0,0,2,0,0,0,2
01/09/2022,ALN,IL,AGL,CE,Federal Contract Tower,0,9,5,0,14,0,5,14,8,27,0,14,19,8,41,8,8,16,57
01/10/2022,ALN,IL,AGL,CE,Federal Contract Tower,1,7,3,0,11,0,0,17,0,17,1,7,20,0,28,34,0,34,62
01/11/2022,ALN,IL,AGL,CE,Federal Contract Tower,0,9,4,0,13,0,1,9,0,10,0,10,13,0,23,42,0,42,65
01/12/2022,ALN,IL,AGL,CE,Federal Contract Tower,0,7,4,2,13,0,2,18,1,21,0,9,22,3,34,30,4,34,68
01/13/2022,ALN,IL,AGL,CE,Federal Contract Tower,0,12,4,0,16,0,1,9,0,10,0,13,13,0,26,28,0,28,54
01/14/2022,ALN,IL,AGL,CE,Federal Contract Tower,1,14,1,0,16,0,0,1,0,1,1,14,2,0,17,16,0,16,33
01/15/2022,ALN,IL,AGL,CE,Federal Contract Tower,0,1,0,0,1,0,0,0,0,0,0,1,0,0,1,0,0,0,1
01/16/2022,ALN,IL,AGL,CE,Federal Contract Tower,1,4,2,0,7,0,0,12,0,12,1,4,14,0,19,36,0,36,55
01/17/2022,ALN,IL,AGL,CE,Federal Contract Tower,1,9,4,0,14,0,1,10,0,11,1,10,14,0,25,32,0,32,57
01/18/2022,ALN,IL,AGL,CE,Federal Contract Tower,0,12,10,0,22,0,5,20,0,25,0,17,30,0,47,68,0,68,115
01/19/2022,ALN,IL,AGL,CE,Federal Contract Tower,0,8,4,2,14,0,2,9,0,11,0,10,13,2,25,18,4,22,47
01/20/2022,ALN,IL,AGL,CE,Federal Contract Tower,0,15,7,0,22,0,0,8,0,8,0,15,15,0,30,16,0,16,46
01/21/2022,ALN,IL,AGL,CE,Federal Contract Tower,3,6,3,0,12,0,4,5,0,9,3,10,8,0,21,18,0,18,39
01/22/2022,ALN,IL,AGL,CE,Federal Contract Tower,0,3,8,0,11,0,0,31,0,31,0,3,39,0,42,36,0,36,78
01/23/2022,ALN,IL,AGL,CE,Federal Contract Tower,0,6,2,0,8,0,0,13,0,13,0,6,15,0,21,40,0,40,61
01/24/2022,ALN,IL,AGL,CE,Federal Contract Tower,0,12,6,0,18,0,2,13,0,15,0,14,19,0,33,26,0,26,59
01/25/2022,ALN,IL,AGL,CE,Federal Contract Tower,2,11,10,0,23,0,1,9,0,10,2,12,19,0,33,34,0,34,67
01/26/2022,ALN,IL,AGL,CE,Federal Contract Tower,0,10,17,0,27,0,3,14,0,17,0,13,31,0,44,100,0,100,144
01/27/2022,ALN,IL,AGL,CE,Federal Contract Tower,0,17,6,0,23,0,3,16,2,21,0,20,22,2,44,90,0,90,134
01/28/2022,ALN,IL,AGL,CE,Federal Contract Tower,0,20,9,0,29,0,4,9,0,13,0,24,18,0,42,42,0,42,84
01/29/2022,ALN,IL,AGL,CE,Federal Contract Tower,0,17,16,0,33,0,0,22,0,22,0,17,38,0,55,86,0,86,141
01/30/2022,ALN,IL,AGL,CE,Federal Contract Tower,0,10,9,0,19,0,0,17,0,17,0,10,26,0,36,24,0,24,60
01/31/2022,ALN,IL,AGL,CE,Federal Contract Tower,0,32,18,0,50,0,1,37,0,38,0,33,55,0,88,60,0,60,148
02/01/2022,ALN,IL,AGL,CE,Federal Contract Tower,0,16,4,0,20,0,5,5,0,10,0,21,9,0,30,38,0,38,68
02/02/2022,ALN,IL,AGL,CE,Federal Contract Tower,0,0,0,0,0,0,0,0,0,0,0,0,0,0,0,0,0,0,0
02/03/2022,ALN,IL,AGL,CE,Federal Contract Tower,0,0,0,0,0,0,0,0,0,0,0,0,0,0,0,0,0,0,0
02/04/2022,ALN,IL,AGL,CE,Federal Contract Tower,1,9,8,0,18,0,0,0,0,0,1,9,8,0,18,12,0,12,30
02/05/2022,ALN,IL,AGL,CE,Federal Contract Tower,1,1,6,0,8,0,0,2,0,2,1,1,8,0,10,6,0,6,16
02/06/2022,ALN,IL,AGL,CE,Federal Contract Tower,0,5,7,0,12,0,0,20,0,20,0,5,27,0,32,36,0,36,68
02/07/2022,ALN,IL,AGL,CE,Federal Contract Tower,1,16,5,0,22,0,1,21,0,22,1,17,26,0,44,62,0,62,106
02/08/2022,ALN,IL,AGL,CE,Federal Contract Tower,0,12,19,0,31,0,2,30,0,32,0,14,49,0,63,104,0,104,167
02/09/2022,ALN,IL,AGL,CE,Federal Contract Tower,0,21,9,0,30,0,4,15,0,19,0,25,24,0,49,108,0,108,157
02/10/2022,ALN,IL,AGL,CE,Federal Contract Tower,0,10,16,0,26,0,2,30,0,32,0,12,46,0,58,96,0,96,154
02/11/2022,ALN,IL,AGL,CE,Federal Contract Tower,0,11,12,0,23,0,0,2,0,2,0,11,14,0,25,12,0,12,37
02/12/2022,ALN,IL,AGL,CE,Federal Contract Tower,0,3,4,0,7,0,6,9,0,15,0,9,13,0,22,10,0,10,32
02/13/2022,ALN,IL,AGL,CE,Federal Contract Tower,0,3,8,0,11,0,0,10,0,10,0,3,18,0,21,4,0,4,25
02/14/2022,ALN,IL,AGL,CE,Federal Contract Tower,1,15,5,0,21,0,3,32,0,35,1,18,37,0,56,54,0,54,110
02/15/2022,ALN,IL,AGL,CE,Federal Contract Tower,0,7,10,0,17,0,1,21,0,22,0,8,31,0,39,36,0,36,75
02/16/2022,ALN,IL,AGL,CE,Federal Contract Tower,0,7,6,0,13,0,0,0,0,0,0,7,6,0,13,4,0,4,17
02/17/2022,ALN,IL,AGL,CE,Federal Contract Tower,2,0,0,0,2,0,0,0,0,0,2,0,0,0,2,0,0,0,2
02/18/2022,ALN,IL,AGL,CE,Federal Contract Tower,0,21,4,1,26,0,1,3,1,5,0,22,7,2,31,20,0,20,51
02/19/2022,ALN,IL,AGL,CE,Federal Contract Tower,0,8,8,0,16,0,1,18,0,19,0,9,26,0,35,70,0,70,105
02/20/2022,ALN,IL,AGL,CE,Federal Contract Tower,0,11,5,0,16,0,0,9,0,9,0,11,14,0,25,2,0,2,27
02/21/2022,ALN,IL,AGL,CE,Federal Contract Tower,0,22,4,0,26,0,1,10,0,11,0,23,14,0,37,24,0,24,61
02/22/2022,ALN,IL,AGL,CE,Federal Contract Tower,0,6,3,0,9,0,0,0,0,0,0,6,3,0,9,0,0,0,9
02/23/2022,ALN,IL,AGL,CE,Federal Contract Tower,0,7,0,0,7,0,0,2,0,2,0,7,2,0,9,10,0,10,19
02/24/2022,ALN,IL,AGL,CE,Federal Contract Tower,0,1,0,0,1,0,0,0,0,0,0,1,0,0,1,0,0,0,1
02/25/2022,ALN,IL,AGL,CE,Federal Contract Tower,0,6,6,0,12,0,0,1,0,1,0,6,7,0,13,0,0,0,13
02/26/2022,ALN,IL,AGL,CE,Federal Contract Tower,0,4,9,0,13,0,2,23,0,25,0,6,32,0,38,28,0,28,66
02/27/2022,ALN,IL,AGL,CE,Federal Contract Tower,0,8,17,0,25,0,0,31,0,31,0,8,48,0,56,46,0,46,102
02/28/2022,ALN,IL,AGL,CE,Federal Contract Tower,0,9,13,0,22,0,2,24,0,26,0,11,37,0,48,68,0,68,116
03/01/2022,ALN,IL,AGL,CE,Federal Contract Tower,0,13,7,0,20,0,2,25,0,27,0,15,32,0,47,70,0,70,117
03/02/2022,ALN,IL,AGL,CE,Federal Contract Tower,0,17,8,1,26,0,0,18,0,18,0,17,26,1,44,52,4,56,100
03/03/2022,ALN,IL,AGL,CE,Federal Contract Tower,1,19,9,0,29,0,2,10,0,12,1,21,19,0,41,58,0,58,99
03/04/2022,ALN,IL,AGL,CE,Federal Contract Tower,1,10,4,0,15,0,2,19,0,21,1,12,23,0,36,22,0,22,58
03/05/2022,ALN,IL,AGL,CE,Federal Contract Tower,0,1,7,0,8,0,0,6,0,6,0,1,13,0,14,2,0,2,16
03/06/2022,ALN,IL,AGL,CE,Federal Contract Tower,1,6,22,0,29,0,0,36,0,36,1,6,58,0,65,54,0,54,119
03/07/2022,ALN,IL,AGL,CE,Federal Contract Tower,2,12,3,0,17,0,0,1,0,1,2,12,4,0,18,0,2,2,20
03/08/2022,ALN,IL,AGL,CE,Federal Contract Tower,0,21,3,0,24,0,6,18,0,24,0,27,21,0,48,68,0,68,116
03/09/2022,ALN,IL,AGL,CE,Federal Contract Tower,0,19,7,0,26,0,1,10,0,11,0,20,17,0,37,52,0,52,89
03/10/2022,ALN,IL,AGL,CE,Federal Contract Tower,0,16,3,0,19,0,2,5,0,7,0,18,8,0,26,28,0,28,54
03/11/2022,ALN,IL,AGL,CE,Federal Contract Tower,0,8,2,0,10,0,2,0,0,2,0,10,2,0,12,4,0,4,16
03/12/2022,ALN,IL,AGL,CE,Federal Contract Tower,0,7,3,0,10,0,0,15,0,15,0,7,18,0,25,16,0,16,41
03/13/2022,ALN,IL,AGL,CE,Federal Contract Tower,0,5,14,0,19,0,1,27,0,28,0,6,41,0,47,48,0,48,95
03/14/2022,ALN,IL,AGL,CE,Federal Contract Tower,1,14,13,0,28,0,0,24,0,24,1,14,37,0,52,28,0,28,80
03/15/2022,ALN,IL,AGL,CE,Federal Contract Tower,0,20,3,0,23,0,1,48,0,49,0,21,51,0,72,108,0,108,180
03/16/2022,ALN,IL,AGL,CE,Federal Contract Tower,0,18,12,0,30,0,3,39,0,42,0,21,51,0,72,78,0,78,150
03/17/2022,ALN,IL,AGL,CE,Federal Contract Tower,0,12,8,1,21,0,3,33,1,37,0,15,41,2,58,68,0,68,126
03/18/2022,ALN,IL,AGL,CE,Federal Contract Tower,0,12,3,0,15,0,0,0,0,0,0,12,3,0,15,0,0,0,15
03/19/2022,ALN,IL,AGL,CE,Federal Contract Tower,1,12,8,1,22,0,0,5,0,5,1,12,13,1,27,26,0,26,53
03/20/2022,ALN,IL,AGL,CE,Federal Contract Tower,0,8,15,0,23,0,3,35,2,40,0,11,50,2,63,50,0,50,113
03/21/2022,ALN,IL,AGL,CE,Federal Contract Tower,0,8,2,0,10,0,0,16,0,16,0,8,18,0,26,32,0,32,58
03/22/2022,ALN,IL,AGL,CE,Federal Contract Tower,0,11,0,0,11,0,0,0,0,0,0,11,0,0,11,0,0,0,11
03/23/2022,ALN,IL,AGL,CE,Federal Contract Tower,0,15,3,1,19,0,0,0,0,0,0,15,3,1,19,6,0,6,25
03/24/2022,ALN,IL,AGL,CE,Federal Contract Tower,0,14,5,0,19,0,0,0,0,0,0,14,5,0,19,6,0,6,25
03/25/2022,ALN,IL,AGL,CE,Federal Contract Tower,0,23,8,1,32,0,0,10,0,10,0,23,18,1,42,8,0,8,50
03/26/2022,ALN,IL,AGL,CE,Federal Contract Tower,0,2,3,0,5,0,0,0,0,0,0,2,3,0,5,2,0,2,7
03/27/2022,ALN,IL,AGL,CE,Federal Contract Tower,1,9,6,0,16,0,5,18,0,23,1,14,24,0,39,32,0,32,71
03/28/2022,ALN,IL,AGL,CE,Federal Contract Tower,0,21,7,0,28,0,4,22,0,26,0,25,29,0,54,48,0,48,102
03/29/2022,ALN,IL,AGL,CE,Federal Contract Tower,0,16,10,0,26,0,4,9,0,13,0,20,19,0,39,32,0,32,71
03/30/2022,ALN,IL,AGL,CE,Federal Contract Tower,0,14,0,0,14,0,0,0,0,0,0,14,0,0,14,12,0,12,26
03/31/2022,ALN,IL,AGL,CE,Federal Contract Tower,0,9,8,0,17,0,0,7,0,7,0,9,15,0,24,6,0,6,30
04/01/2022,ALN,IL,AGL,CE,Federal Contract Tower,1,13,9,1,24,0,2,25,0,27,1,15,34,1,51,78,0,78,129
04/02/2022,ALN,IL,AGL,CE,Federal Contract Tower,0,6,6,0,12,0,0,9,0,9,0,6,15,0,21,22,0,22,43
04/03/2022,ALN,IL,AGL,CE,Federal Contract Tower,0,11,16,0,27,0,0,41,7,48,0,11,57,7,75,66,2,68,143
04/04/2022,ALN,IL,AGL,CE,Federal Contract Tower,1,10,7,0,18,0,3,23,0,26,1,13,30,0,44,54,0,54,98
04/05/2022,ALN,IL,AGL,CE,Federal Contract Tower,0,11,4,0,15,0,0,4,0,4,0,11,8,0,19,36,0,36,55
04/06/2022,ALN,IL,AGL,CE,Federal Contract Tower,0,13,0,0,13,0,2,6,0,8,0,15,6,0,21,18,0,18,39
04/07/2022,ALN,IL,AGL,CE,Federal Contract Tower,1,12,4,0,17,0,3,3,0,6,1,15,7,0,23,16,0,16,39
04/08/2022,ALN,IL,AGL,CE,Federal Contract Tower,1,9,2,0,12,0,0,4,0,4,1,9,6,0,16,10,0,10,26
04/09/2022,ALN,IL,AGL,CE,Federal Contract Tower,0,7,10,0,17,0,4,32,0,36,0,11,42,0,53,44,0,44,97
04/10/2022,ALN,IL,AGL,CE,Federal Contract Tower,0,8,3,0,11,0,0,6,0,6,0,8,9,0,17,6,0,6,23
04/11/2022,ALN,IL,AGL,CE,Federal Contract Tower,0,9,3,0,12,0,0,0,0,0,0,9,3,0,12,2,0,2,14
04/12/2022,ALN,IL,AGL,CE,Federal Contract Tower,0,9,4,0,13,0,0,1,0,1,0,9,5,0,14,0,0,0,14
04/13/2022,ALN,IL,AGL,CE,Federal Contract Tower,0,7,1,0,8,0,0,0,0,0,0,7,1,0,8,0,0,0,8
04/14/2022,ALN,IL,AGL,CE,Federal Contract Tower,1,11,5,0,17,0,0,8,0,8,1,11,13,0,25,20,0,20,45
04/15/2022,ALN,IL,AGL,CE,Federal Contract Tower,3,9,7,0,19,0,0,4,0,4,3,9,11,0,23,16,0,16,39
04/16/2022,ALN,IL,AGL,CE,Federal Contract Tower,0,0,17,0,17,0,4,28,0,32,0,4,45,0,49,54,0,54,103
04/17/2022,ALN,IL,AGL,CE,Federal Contract Tower,0,1,0,0,1,0,0,3,0,3,0,1,3,0,4,2,0,2,6
04/18/2022,ALN,IL,AGL,CE,Federal Contract Tower,1,19,5,0,25,0,0,6,0,6,1,19,11,0,31,32,0,32,63
04/19/2022,ALN,IL,AGL,CE,Federal Contract Tower,1,29,15,0,45,0,7,26,0,33,1,36,41,0,78,90,0,90,168
04/20/2022,ALN,IL,AGL,CE,Federal Contract Tower,0,6,0,0,6,0,0,0,0,0,0,6,0,0,6,0,0,0,6
04/21/2022,ALN,IL,AGL,CE,Federal Contract Tower,0,12,5,0,17,0,0,20,0,20,0,12,25,0,37,56,0,56,93
04/22/2022,ALN,IL,AGL,CE,Federal Contract Tower,0,19,7,0,26,0,0,10,6,16,0,19,17,6,42,18,14,32,74
04/23/2022,ALN,IL,AGL,CE,Federal Contract Tower,0,10,3,0,13,0,0,4,0,4,0,10,7,0,17,2,0,2,19
04/24/2022,ALN,IL,AGL,CE,Federal Contract Tower,0,8,1,0,9,0,2,6,0,8,0,10,7,0,17,4,0,4,21
04/25/2022,ALN,IL,AGL,CE,Federal Contract Tower,0,11,3,1,15,0,1,4,0,5,0,12,7,1,20,20,2,22,42
04/26/2022,ALN,IL,AGL,CE,Federal Contract Tower,0,22,23,0,45,0,5,14,0,19,0,27,37,0,64,102,0,102,166
04/27/2022,ALN,IL,AGL,CE,Federal Contract Tower,3,26,10,2,41,0,5,30,0,35,3,31,40,2,76,60,12,72,148
04/28/2022,ALN,IL,AGL,CE,Federal Contract Tower,0,10,6,0,16,0,1,7,0,8,0,11,13,0,24,56,0,56,80
04/29/2022,ALN,IL,AGL,CE,Federal Contract Tower,0,16,6,0,22,0,0,2,0,2,0,16,8,0,24,16,0,16,40
04/30/2022,ALN,IL,AGL,CE,Federal Contract Tower,0,12,0,0,12,0,2,4,0,6,0,14,4,0,18,20,0,20,38
05/01/2022,ALN,IL,AGL,CE,Federal Contract Tower,0,12,9,0,21,0,0,16,0,16,0,12,25,0,37,40,0,40,77
05/02/2022,ALN,IL,AGL,CE,Federal Contract Tower,0,11,6,0,17,0,2,15,0,17,0,13,21,0,34,64,0,64,98
05/03/2022,ALN,IL,AGL,CE,Federal Contract Tower,0,9,5,0,14,0,0,3,0,3,0,9,8,0,17,10,0,10,27
05/04/2022,ALN,IL,AGL,CE,Federal Contract Tower,0,24,13,0,37,0,2,20,0,22,0,26,33,0,59,86,0,86,145
05/05/2022,ALN,IL,AGL,CE,Federal Contract Tower,0,9,5,0,14,0,0,0,0,0,0,9,5,0,14,0,0,0,14
05/06/2022,ALN,IL,AGL,CE,Federal Contract Tower,0,8,3,0,11,0,0,0,0,0,0,8,3,0,11,4,0,4,15
05/07/2022,ALN,IL,AGL,CE,Federal Contract Tower,1,4,26,1,32,0,1,65,1,67,1,5,91,2,99,134,0,134,233
05/08/2022,ALN,IL,AGL,CE,Federal Contract Tower,0,6,3,0,9,0,0,3,0,3,0,6,6,0,12,0,0,0,12
05/09/2022,ALN,IL,AGL,CE,Federal Contract Tower,2,15,3,0,20,0,0,13,0,13,2,15,16,0,33,22,0,22,55
05/10/2022,ALN,IL,AGL,CE,Federal Contract Tower,0,6,7,0,13,0,6,10,0,16,0,12,17,0,29,64,0,64,93
05/11/2022,ALN,IL,AGL,CE,Federal Contract Tower,2,11,13,0,26,0,4,9,2,15,2,15,22,2,41,60,10,70,111
05/12/2022,ALN,IL,AGL,CE,Federal Contract Tower,0,18,11,0,29,0,1,16,0,17,0,19,27,0,46,56,0,56,102
05/13/2022,ALN,IL,AGL,CE,Federal Contract Tower,2,16,10,0,28,1,3,12,0,16,3,19,22,0,44,28,0,28,72
05/14/2022,ALN,IL,AGL,CE,Federal Contract Tower,0,6,12,0,18,0,3,18,0,21,0,9,30,0,39,68,0,68,107
05/15/2022,ALN,IL,AGL,CE,Federal Contract Tower,0,1,7,0,8,0,0,23,0,23,0,1,30,0,31,30,0,30,61
05/16/2022,ALN,IL,AGL,CE,Federal Contract Tower,0,17,7,3,27,0,10,26,1,37,0,27,33,4,64,86,8,94,158
05/17/2022,ALN,IL,AGL,CE,Federal Contract Tower,1,9,2,0,12,0,2,23,0,25,1,11,25,0,37,76,0,76,113
05/18/2022,ALN,IL,AGL,CE,Federal Contract Tower,0,4,0,0,4,0,2,17,0,19,0,6,17,0,23,14,0,14,37
05/19/2022,ALN,IL,AGL,CE,Federal Contract Tower,0,15,11,0,26,0,2,15,0,17,0,17,26,0,43,54,0,54,97
05/20/2022,ALN,IL,AGL,CE,Federal Contract Tower,0,9,5,1,15,0,0,9,0,9,0,9,14,1,24,12,0,12,36
05/21/2022,ALN,IL,AGL,CE,Federal Contract Tower,0,7,1,0,8,0,0,0,0,0,0,7,1,0,8,0,0,0,8
05/22/2022,ALN,IL,AGL,CE,Federal Contract Tower,1,7,8,0,16,0,0,34,0,34,1,7,42,0,50,102,0,102,152
05/23/2022,ALN,IL,AGL,CE,Federal Contract Tower,0,14,7,0,21,0,2,28,0,30,0,16,35,0,51,78,0,78,129
05/24/2022,ALN,IL,AGL,CE,Federal Contract Tower,0,13,16,0,29,2,1,19,0,22,2,14,35,0,51,40,0,40,91
05/25/2022,ALN,IL,AGL,CE,Federal Contract Tower,0,17,0,2,19,0,0,3,0,3,0,17,3,2,22,10,0,10,32
05/26/2022,ALN,IL,AGL,CE,Federal Contract Tower,0,6,0,0,6,0,0,3,0,3,0,6,3,0,9,2,0,2,11
05/27/2022,ALN,IL,AGL,CE,Federal Contract Tower,0,16,21,0,37,0,0,6,0,6,0,16,27,0,43,22,0,22,65
05/28/2022,ALN,IL,AGL,CE,Federal Contract Tower,0,2,12,0,14,0,0,45,6,51,0,2,57,6,65,58,0,58,123
05/29/2022,ALN,IL,AGL,CE,Federal Contract Tower,0,4,3,0,7,0,0,8,0,8,0,4,11,0,15,4,0,4,19
05/30/2022,ALN,IL,AGL,CE,Federal Contract Tower,2,2,7,0,11,0,1,17,0,18,2,3,24,0,29,22,0,22,51
05/31/2022,ALN,IL,AGL,CE,Federal Contract Tower,0,12,13,0,25,0,0,14,0,14,0,12,27,0,39,48,0,48,87
06/01/2022,ALN,IL,AGL,CE,Federal Contract Tower,0,14,9,0,23,0,0,6,0,6,0,14,15,0,29,18,0,18,47
06/02/2022,ALN,IL,AGL,CE,Federal Contract Tower,1,16,14,0,31,0,4,29,0,33,1,20,43,0,64,66,0,66,130
06/03/2022,ALN,IL,AGL,CE,Federal Contract Tower,0,15,11,0,26,0,0,20,0,20,0,15,31,0,46,70,0,70,116
06/04/2022,ALN,IL,AGL,CE,Federal Contract Tower,0,10,9,0,19,0,0,33,0,33,0,10,42,0,52,68,0,68,120
06/05/2022,ALN,IL,AGL,CE,Federal Contract Tower,0,12,16,0,28,0,3,18,0,21,0,15,34,0,49,32,0,32,81
06/06/2022,ALN,IL,AGL,CE,Federal Contract Tower,0,14,5,0,19,0,0,4,0,4,0,14,9,0,23,14,2,16,39
06/07/2022,ALN,IL,AGL,CE,Federal Contract Tower,0,2,5,0,7,0,0,20,0,20,0,2,25,0,27,104,0,104,131
06/08/2022,ALN,IL,AGL,CE,Federal Contract Tower,0,8,20,0,28,0,0,6,0,6,0,8,26,0,34,38,0,38,72
06/09/2022,ALN,IL,AGL,CE,Federal Contract Tower,0,21,25,0,46,0,6,42,0,48,0,27,67,0,94,102,0,102,196
06/10/2022,ALN,IL,AGL,CE,Federal Contract Tower,1,13,9,0,23,0,1,15,0,16,1,14,24,0,39,12,0,12,51
06/11/2022,ALN,IL,AGL,CE,Federal Contract Tower,0,3,19,0,22,0,3,24,0,27,0,6,43,0,49,53,0,53,102
06/12/2022,ALN,IL,AGL,CE,Federal Contract Tower,0,1,15,0,16,0,2,22,0,24,0,3,37,0,40,16,0,16,56
06/13/2022,ALN,IL,AGL,CE,Federal Contract Tower,0,12,10,0,22,0,0,17,0,17,0,12,27,0,39,26,0,26,65
06/14/2022,ALN,IL,AGL,CE,Federal Contract Tower,0,8,4,0,12,0,1,5,0,6,0,9,9,0,18,34,0,34,52
06/15/2022,ALN,IL,AGL,CE,Federal Contract Tower,0,14,9,0,23,0,2,5,0,7,0,16,14,0,30,40,0,40,70
06/16/2022,ALN,IL,AGL,CE,Federal Contract Tower,0,7,3,0,10,0,2,11,0,13,0,9,14,0,23,8,0,8,31
06/17/2022,ALN,IL,AGL,CE,Federal Contract Tower,1,8,0,0,9,0,0,17,0,17,1,8,17,0,26,38,0,38,64
06/18/2022,ALN,IL,AGL,CE,Federal Contract Tower,2,3,9,0,14,0,0,33,0,33,2,3,42,0,47,58,0,58,105
06/19/2022,ALN,IL,AGL,CE,Federal Contract Tower,0,3,5,0,8,0,0,21,0,21,0,3,26,0,29,92,0,92,121
06/20/2022,ALN,IL,AGL,CE,Federal Contract Tower,0,7,17,0,24,0,0,26,0,26,0,7,43,0,50,72,0,72,122
06/21/2022,ALN,IL,AGL,CE,Federal Contract Tower,0,11,5,0,16,0,6,7,0,13,0,17,12,0,29,60,0,60,89
06/22/2022,ALN,IL,AGL,CE,Federal Contract Tower,0,20,6,0,26,0,4,15,0,19,0,24,21,0,45,64,0,64,109
06/23/2022,ALN,IL,AGL,CE,Federal Contract Tower,0,16,6,1,23,0,0,22,1,23,0,16,28,2,46,46,6,52,98
06/24/2022,ALN,IL,AGL,CE,Federal Contract Tower,1,18,6,0,25,0,2,12,0,14,1,20,18,0,39,28,0,28,67
06/25/2022,ALN,IL,AGL,CE,Federal Contract Tower,0,4,12,0,16,0,0,36,0,36,0,4,48,0,52,98,0,98,150
06/26/2022,ALN,IL,AGL,CE,Federal Contract Tower,0,3,9,0,12,0,0,22,0,22,0,3,31,0,34,61,0,61,95
06/27/2022,ALN,IL,AGL,CE,Federal Contract Tower,0,23,8,0,31,0,2,20,0,22,0,25,28,0,53,20,0,20,73
06/28/2022,ALN,IL,AGL,CE,Federal Contract Tower,0,8,8,0,16,0,2,28,4,34,0,10,36,4,50,94,4,98,148
06/29/2022,ALN,IL,AGL,CE,Federal Contract Tower,0,19,12,0,31,0,2,8,0,10,0,21,20,0,41,44,0,44,85
06/30/2022,ALN,IL,AGL,CE,Federal Contract Tower,4,18,8,0,30,0,0,5,0,5,4,18,13,0,35,24,0,24,59
07/01/2022,ALN,IL,AGL,CE,Federal Contract Tower,0,17,6,2,25,0,6,10,0,16,0,23,16,2,41,62,4,66,107
07/02/2022,ALN,IL,AGL,CE,Federal Contract Tower,0,2,8,0,10,0,0,5,0,5,0,2,13,0,15,8,0,8,23
07/03/2022,ALN,IL,AGL,CE,Federal Contract Tower,0,0,2,0,2,0,0,15,0,15,0,0,17,0,17,0,0,0,17
07/04/2022,ALN,IL,AGL,CE,Federal Contract Tower,0,2,2,0,4,0,0,18,0,18,0,2,20,0,22,34,0,34,56
07/05/2022,ALN,IL,AGL,CE,Federal Contract Tower,0,14,8,0,22,0,0,8,0,8,0,14,16,0,30,58,0,58,88
07/06/2022,ALN,IL,AGL,CE,Federal Contract Tower,0,14,3,0,17,0,0,10,0,10,0,14,13,0,27,36,0,36,63
07/07/2022,ALN,IL,AGL,CE,Federal Contract Tower,0,13,10,0,23,0,0,14,0,14,0,13,24,0,37,48,0,48,85
07/08/2022,ALN,IL,AGL,CE,Federal Contract Tower,1,19,7,0,27,0,3,8,0,11,1,22,15,0,38,40,0,40,78
07/09/2022,ALN,IL,AGL,CE,Federal Contract Tower,2,6,5,0,13,0,1,10,0,11,2,7,15,0,24,30,0,30,54
07/10/2022,ALN,IL,AGL,CE,Federal Contract Tower,0,12,16,0,28,0,0,45,0,45,0,12,61,0,73,64,0,64,137
07/11/2022,ALN,IL,AGL,CE,Federal Contract Tower,0,19,13,0,32,0,2,20,0,22,0,21,33,0,54,66,0,66,120
07/12/2022,ALN,IL,AGL,CE,Federal Contract Tower,0,24,9,0,33,0,3,11,0,14,0,27,20,0,47,48,0,48,95
07/13/2022,ALN,IL,AGL,CE,Federal Contract Tower,0,10,12,0,22,0,3,23,0,26,0,13,35,0,48,50,0,50,98
07/14/2022,ALN,IL,AGL,CE,Federal Contract Tower,0,17,10,0,27,0,2,7,0,9,0,19,17,0,36,26,0,26,62
07/15/2022,ALN,IL,AGL,CE,Federal Contract Tower,0,9,8,1,18,0,1,15,0,16,0,10,23,1,34,20,2,22,56
07/16/2022,ALN,IL,AGL,CE,Federal Contract Tower,0,7,15,0,22,0,0,17,0,17,0,7,32,0,39,46,0,46,85
07/17/2022,ALN,IL,AGL,CE,Federal Contract Tower,0,9,3,0,12,0,0,2,0,2,0,9,5,0,14,0,0,0,14
07/18/2022,ALN,IL,AGL,CE,Federal Contract Tower,0,20,24,0,44,0,0,26,0,26,0,20,50,0,70,46,0,46,116
07/19/2022,ALN,IL,AGL,CE,Federal Contract Tower,0,18,23,2,43,0,2,35,0,37,0,20,58,2,80,66,2,68,148
07/20/2022,ALN,IL,AGL,CE,Federal Contract Tower,2,17,13,0,32,0,2,22,0,24,2,19,35,0,56,62,0,62,118
07/21/2022,ALN,IL,AGL,CE,Federal Contract Tower,0,16,8,0,24,0,1,24,0,25,0,17,32,0,49,62,2,64,113
07/22/2022,ALN,IL,AGL,CE,Federal Contract Tower,0,24,20,0,44,0,0,39,0,39,0,24,59,0,83,32,0,32,115
07/23/2022,ALN,IL,AGL,CE,Federal Contract Tower,0,1,5,0,6,0,0,14,0,14,0,1,19,0,20,28,0,28,48
07/24/2022,ALN,IL,AGL,CE,Federal Contract Tower,0,5,8,0,13,0,0,2,0,2,0,5,10,0,15,0,0,0,15
07/25/2022,ALN,IL,AGL,CE,Federal Contract Tower,0,10,6,0,16,0,5,28,0,33,0,15,34,0,49,38,0,38,87
07/26/2022,ALN,IL,AGL,CE,Federal Contract Tower,0,0,4,0,4,0,0,3,0,3,0,0,7,0,7,4,0,4,11
07/27/2022,ALN,IL,AGL,CE,Federal Contract Tower,0,12,2,0,14,0,0,6,0,6,0,12,8,0,20,10,0,10,30
07/28/2022,ALN,IL,AGL,CE,Federal Contract Tower,1,6,5,0,12,0,1,0,0,1,1,7,5,0,13,2,0,2,15
07/29/2022,ALN,IL,AGL,CE,Federal Contract Tower,0,4,5,0,9,0,0,20,0,20,0,4,25,0,29,6,0,6,35
07/30/2022,ALN,IL,AGL,CE,Federal Contract Tower,1,1,11,0,13,0,0,27,0,27,1,1,38,0,40,46,0,46,86
07/31/2022,ALN,IL,AGL,CE,Federal Contract Tower,0,4,10,0,14,0,2,15,0,17,0,6,25,0,31,6,0,6,37
08/01/2022,ALN,IL,AGL,CE,Federal Contract Tower,0,17,12,0,29,0,0,17,4,21,0,17,29,4,50,38,6,44,94
08/02/2022,ALN,IL,AGL,CE,Federal Contract Tower,0,9,7,0,16,0,1,9,0,10,0,10,16,0,26,20,0,20,46
08/03/2022,ALN,IL,AGL,CE,Federal Contract Tower,0,15,5,0,20,0,0,3,0,3,0,15,8,0,23,4,0,4,27
08/04/2022,ALN,IL,AGL,CE,Federal Contract Tower,0,8,11,0,19,0,2,3,0,5,0,10,14,0,24,10,0,10,34
08/05/2022,ALN,IL,AGL,CE,Federal Contract Tower,1,14,11,0,26,0,0,13,0,13,1,14,24,0,39,24,0,24,63
08/06/2022,ALN,IL,AGL,CE,Federal Contract Tower,4,0,12,0,16,0,0,11,0,11,4,0,23,0,27,18,0,18,45
08/07/2022,ALN,IL,AGL,CE,Federal Contract Tower,0,9,5,0,14,0,0,15,0,15,0,9,20,0,29,18,0,18,47
08/08/2022,ALN,IL,AGL,CE,Federal Contract Tower,0,5,1,0,6,0,0,4,0,4,0,5,5,0,10,0,0,0,10
08/09/2022,ALN,IL,AGL,CE,Federal Contract Tower,0,20,10,0,30,0,0,8,0,8,0,20,18,0,38,40,0,40,78
08/10/2022,ALN,IL,AGL,CE,Federal Contract Tower,0,21,9,0,30,0,2,15,0,17,0,23,24,0,47,92,0,92,139
08/11/2022,ALN,IL,AGL,CE,Federal Contract Tower,0,20,7,0,27,0,2,24,0,26,0,22,31,0,53,56,0,56,109
08/12/2022,ALN,IL,AGL,CE,Federal Contract Tower,0,12,11,0,23,0,2,13,1,16,0,14,24,1,39,36,0,36,75
08/13/2022,ALN,IL,AGL,CE,Federal Contract Tower,0,1,12,0,13,0,2,32,0,34,0,3,44,0,47,54,0,54,101
08/14/2022,ALN,IL,AGL,CE,Federal Contract Tower,0,8,10,0,18,0,0,4,0,4,0,8,14,0,22,16,0,16,38
08/15/2022,ALN,IL,AGL,CE,Federal Contract Tower,0,7,7,6,20,0,0,8,0,8,0,7,15,6,28,32,16,48,76
08/16/2022,ALN,IL,AGL,CE,Federal Contract Tower,0,11,4,0,15,0,0,7,0,7,0,11,11,0,22,16,0,16,38
08/17/2022,ALN,IL,AGL,CE,Federal Contract Tower,0,22,12,1,35,0,0,11,0,11,0,22,23,1,46,46,2,48,94
08/18/2022,ALN,IL,AGL,CE,Federal Contract Tower,0,19,14,0,33,0,2,10,0,12,0,21,24,0,45,50,0,50,95
08/19/2022,ALN,IL,AGL,CE,Federal Contract Tower,0,4,5,0,9,0,2,28,0,30,0,6,33,0,39,56,0,56,95
08/20/2022,ALN,IL,AGL,CE,Federal Contract Tower,0,1,5,0,6,0,0,6,0,6,0,1,11,0,12,12,0,12,24
08/21/2022,ALN,IL,AGL,CE,Federal Contract Tower,0,2,6,0,8,0,0,2,0,2,0,2,8,0,10,4,0,4,14
08/22/2022,ALN,IL,AGL,CE,Federal Contract Tower,0,14,6,0,20,0,2,28,0,30,0,16,34,0,50,48,0,48,98
08/23/2022,ALN,IL,AGL,CE,Federal Contract Tower,0,10,13,0,23,0,0,14,0,14,0,10,27,0,37,42,0,42,79
08/24/2022,ALN,IL,AGL,CE,Federal Contract Tower,0,25,8,0,33,0,0,7,0,7,0,25,15,0,40,44,0,44,84
08/25/2022,ALN,IL,AGL,CE,Federal Contract Tower,0,8,9,1,18,0,4,29,0,33,0,12,38,1,51,90,8,98,149
08/26/2022,ALN,IL,AGL,CE,Federal Contract Tower,0,4,17,0,21,0,3,12,0,15,0,7,29,0,36,82,0,82,118
08/27/2022,ALN,IL,AGL,CE,Federal Contract Tower,0,6,4,0,10,0,0,29,0,29,0,6,33,0,39,40,0,40,79
08/28/2022,ALN,IL,AGL,CE,Federal Contract Tower,0,6,6,2,14,0,1,3,1,5,0,7,9,3,19,4,0,4,23
08/29/2022,ALN,IL,AGL,CE,Federal Contract Tower,0,10,2,0,12,0,0,10,0,10,0,10,12,0,22,40,0,40,62
08/30/2022,ALN,IL,AGL,CE,Federal Contract Tower,0,15,8,0,23,0,2,19,0,21,0,17,27,0,44,40,0,40,84
08/31/2022,ALN,IL,AGL,CE,Federal Contract Tower,0,19,4,0,23,0,2,22,0,24,0,21,26,0,47,24,0,24,71
09/01/2022,ALN,IL,AGL,CE,Federal Contract Tower,1,22,6,1,30,0,2,23,1,26,1,24,29,2,56,62,2,64,120
09/02/2022,ALN,IL,AGL,CE,Federal Contract Tower,0,11,6,0,17,0,2,19,0,21,0,13,25,0,38,20,0,20,58
09/03/2022,ALN,IL,AGL,CE,Federal Contract Tower,0,0,14,0,14,0,0,22,0,22,0,0,36,0,36,62,0,62,98
09/04/2022,ALN,IL,AGL,CE,Federal Contract Tower,0,6,2,0,8,0,0,0,0,0,0,6,2,0,8,0,0,0,8
09/05/2022,ALN,IL,AGL,CE,Federal Contract Tower,0,4,13,0,17,0,0,6,0,6,0,4,19,0,23,24,0,24,47
09/06/2022,ALN,IL,AGL,CE,Federal Contract Tower,0,18,6,0,24,0,0,4,0,4,0,18,10,0,28,12,0,12,40
09/07/2022,ALN,IL,AGL,CE,Federal Contract Tower,0,10,3,0,13,0,2,20,0,22,0,12,23,0,35,58,0,58,93
09/08/2022,ALN,IL,AGL,CE,Federal Contract Tower,2,11,11,0,24,0,2,26,0,28,2,13,37,0,52,72,0,72,124
09/09/2022,ALN,IL,AGL,CE,Federal Contract Tower,3,14,13,0,30,0,10,18,0,28,3,24,31,0,58,48,0,48,106
09/10/2022,ALN,IL,AGL,CE,Federal Contract Tower,0,6,11,0,17,0,1,25,0,26,0,7,36,0,43,54,0,54,97
09/11/2022,ALN,IL,AGL,CE,Federal Contract Tower,0,9,6,0,15,0,0,8,0,8,0,9,14,0,23,24,0,24,47
09/12/2022,ALN,IL,AGL,CE,Federal Contract Tower,0,11,9,0,20,0,1,11,0,12,0,12,20,0,32,24,0,24,56
09/13/2022,ALN,IL,AGL,CE,Federal Contract Tower,0,15,13,0,28,0,2,30,0,32,0,17,43,0,60,96,0,96,156
09/14/2022,ALN,IL,AGL,CE,Federal Contract Tower,0,14,10,0,24,0,7,32,2,41,0,21,42,2,65,104,4,108,173
09/15/2022,ALN,IL,AGL,CE,Federal Contract Tower,3,23,18,0,44,0,2,22,0,24,3,25,40,0,68,130,0,130,198
09/16/2022,ALN,IL,AGL,CE,Federal Contract Tower,0,9,14,0,23,10,2,29,0,41,10,11,43,0,64,98,0,98,162
09/17/2022,ALN,IL,AGL,CE,Federal Contract Tower,1,9,14,0,24,0,5,32,0,37,1,14,46,0,61,44,0,44,105
09/18/2022,ALN,IL,AGL,CE,Federal Contract Tower,0,10,7,0,17,0,0,26,0,26,0,10,33,0,43,12,0,12,55
09/19/2022,ALN,IL,AGL,CE,Federal Contract Tower,0,15,7,4,26,0,0,20,0,20,0,15,27,4,46,40,2,42,88
09/20/2022,ALN,IL,AGL,CE,Federal Contract Tower,0,11,8,0,19,0,3,18,0,21,0,14,26,0,40,62,0,62,102
09/21/2022,ALN,IL,AGL,CE,Federal Contract Tower,0,8,2,0,10,0,1,11,0,12,0,9,13,0,22,32,0,32,54
09/22/2022,ALN,IL,AGL,CE,Federal Contract Tower,0,13,9,0,22,0,13,6,0,19,0,26,15,0,41,44,0,44,85
09/23/2022,ALN,IL,AGL,CE,Federal Contract Tower,0,17,8,0,25,0,7,6,2,15,0,24,14,2,40,40,0,40,80
09/24/2022,ALN,IL,AGL,CE,Federal Contract Tower,0,6,35,0,41,0,0,158,0,158,0,6,193,0,199,133,0,133,332
09/25/2022,ALN,IL,AGL,CE,Federal Contract Tower,0,9,11,0,20,0,0,321,4,325,0,9,332,4,345,20,4,24,369
09/26/2022,ALN,IL,AGL,CE,Federal Contract Tower,0,15,12,0,27,0,0,21,0,21,0,15,33,0,48,12,0,12,60
09/27/2022,ALN,IL,AGL,CE,Federal Contract Tower,0,18,11,0,29,0,0,15,0,15,0,18,26,0,44,42,0,42,86
09/28/2022,ALN,IL,AGL,CE,Federal Contract Tower,0,25,5,0,30,0,2,19,0,21,0,27,24,0,51,40,0,40,91
09/29/2022,ALN,IL,AGL,CE,Federal Contract Tower,0,20,12,0,32,0,3,28,0,31,0,23,40,0,63,54,0,54,117
09/30/2022,ALN,IL,AGL,CE,Federal Contract Tower,2,20,7,0,29,0,2,29,0,31,2,22,36,0,60,56,0,56,116
10/01/2022,ALN,IL,AGL,CE,Federal Contract Tower,1,1,12,0,14,0,0,18,0,18,1,1,30,0,32,48,0,48,80
10/02/2022,ALN,IL,AGL,CE,Federal Contract Tower,2,8,8,0,18,0,0,15,0,15,2,8,23,0,33,21,0,21,54
10/03/2022,ALN,IL,AGL,CE,Federal Contract Tower,0,29,3,0,32,0,0,21,0,21,0,29,24,0,53,66,0,66,119
10/04/2022,ALN,IL,AGL,CE,Federal Contract Tower,0,25,6,0,31,0,0,33,0,33,0,25,39,0,64,122,0,122,186
10/05/2022,ALN,IL,AGL,CE,Federal Contract Tower,0,25,15,0,40,0,4,24,0,28,0,29,39,0,68,52,0,52,120
10/06/2022,ALN,IL,AGL,CE,Federal Contract Tower,0,25,11,0,36,0,0,12,0,12,0,25,23,0,48,24,0,24,72
10/07/2022,ALN,IL,AGL,CE,Federal Contract Tower,0,15,18,0,33,0,2,9,0,11,0,17,27,0,44,72,0,72,116
10/08/2022,ALN,IL,AGL,CE,Federal Contract Tower,0,8,8,0,16,0,0,11,6,17,0,8,19,6,33,14,2,16,49
10/09/2022,ALN,IL,AGL,CE,Federal Contract Tower,0,9,12,0,21,0,0,16,0,16,0,9,28,0,37,4,0,4,41
10/10/2022,ALN,IL,AGL,CE,Federal Contract Tower,0,26,7,0,33,0,10,29,0,39,0,36,36,0,72,68,0,68,140
10/11/2022,ALN,IL,AGL,CE,Federal Contract Tower,0,9,10,0,19,0,0,2,0,2,0,9,12,0,21,10,0,10,31
10/12/2022,ALN,IL,AGL,CE,Federal Contract Tower,0,9,8,0,17,0,0,6,0,6,0,9,14,0,23,30,0,30,53
10/13/2022,ALN,IL,AGL,CE,Federal Contract Tower,0,13,8,0,21,0,0,16,0,16,0,13,24,0,37,24,0,24,61
10/14/2022,ALN,IL,AGL,CE,Federal Contract Tower,0,18,10,0,28,0,4,11,0,15,0,22,21,0,43,38,0,38,81
10/15/2022,ALN,IL,AGL,CE,Federal Contract Tower,0,12,24,0,36,0,0,41,0,41,0,12,65,0,77,66,0,66,143
10/16/2022,ALN,IL,AGL,CE,Federal Contract Tower,1,3,7,0,11,0,7,36,0,43,1,10,43,0,54,16,0,16,70
10/17/2022,ALN,IL,AGL,CE,Federal Contract Tower,0,11,3,0,14,0,0,6,0,6,0,11,9,0,20,0,0,0,20
10/18/2022,ALN,IL,AGL,CE,Federal Contract Tower,0,16,8,0,24,0,2,14,0,16,0,18,22,0,40,50,0,50,90
10/19/2022,ALN,IL,AGL,CE,Federal Contract Tower,0,15,11,0,26,0,1,11,0,12,0,16,22,0,38,26,0,26,64
10/20/2022,ALN,IL,AGL,CE,Federal Contract Tower,0,24,21,0,45,0,0,10,0,10,0,24,31,0,55,60,0,60,115
10/21/2022,ALN,IL,AGL,CE,Federal Contract Tower,1,21,13,2,37,0,1,10,0,11,1,22,23,2,48,36,4,40,88
10/22/2022,ALN,IL,AGL,CE,Federal Contract Tower,0,4,9,0,13,0,0,16,1,17,0,4,25,1,30,56,0,56,86
10/23/2022,ALN,IL,AGL,CE,Federal Contract Tower,0,6,8,0,14,0,0,6,0,6,0,6,14,0,20,2,0,2,22
10/24/2022,ALN,IL,AGL,CE,Federal Contract Tower,0,16,8,0,24,0,0,8,0,8,0,16,16,0,32,18,0,18,50
10/25/2022,ALN,IL,AGL,CE,Federal Contract Tower,0,8,2,0,10,0,0,0,0,0,0,8,2,0,10,2,0,2,12
10/26/2022,ALN,IL,AGL,CE,Federal Contract Tower,0,16,10,0,26,0,4,14,0,18,0,20,24,0,44,64,0,64,108
10/27/2022,ALN,IL,AGL,CE,Federal Contract Tower,1,15,22,0,38,0,1,28,0,29,1,16,50,0,67,112,0,112,179
10/28/2022,ALN,IL,AGL,CE,Federal Contract Tower,1,18,10,0,29,0,4,26,0,30,1,22,36,0,59,72,0,72,131
10/29/2022,ALN,IL,AGL,CE,Federal Contract Tower,0,1,6,0,7,0,0,22,0,22,0,1,28,0,29,28,0,28,57
10/30/2022,ALN,IL,AGL,CE,Federal Contract Tower,0,2,16,0,18,0,0,0,0,0,0,2,16,0,18,12,0,12,30
10/31/2022,ALN,IL,AGL,CE,Federal Contract Tower,0,19,2,0,21,0,0,5,0,5,0,19,7,0,26,6,0,6,32
11/01/2022,ALN,IL,AGL,CE,Federal Contract Tower,0,17,16,0,33,0,1,27,0,28,0,18,43,0,61,54,0,54,115
11/02/2022,ALN,IL,AGL,CE,Federal Contract Tower,0,31,4,0,35,0,0,25,0,25,0,31,29,0,60,58,0,58,118
11/03/2022,ALN,IL,AGL,CE,Federal Contract Tower,0,16,9,0,25,0,2,11,0,13,0,18,20,0,38,44,0,44,82
11/04/2022,ALN,IL,AGL,CE,Federal Contract Tower,0,16,6,0,22,0,5,7,0,12,0,21,13,0,34,10,0,10,44
11/05/2022,ALN,IL,AGL,CE,Federal Contract Tower,0,5,1,0,6,0,0,1,0,1,0,5,2,0,7,0,0,0,7
11/06/2022,ALN,IL,AGL,CE,Federal Contract Tower,0,4,20,0,24,0,0,18,0,18,0,4,38,0,42,18,0,18,60
11/07/2022,ALN,IL,AGL,CE,Federal Contract Tower,0,13,3,1,17,0,0,16,0,16,0,13,19,1,33,38,0,38,71
11/08/2022,ALN,IL,AGL,CE,Federal Contract Tower,0,25,9,0,34,0,3,20,0,23,0,28,29,0,57,46,0,46,103
11/09/2022,ALN,IL,AGL,CE,Federal Contract Tower,0,27,6,0,33,0,2,15,0,17,0,29,21,0,50,58,0,58,108
11/10/2022,ALN,IL,AGL,CE,Federal Contract Tower,0,14,5,0,19,0,3,19,0,22,0,17,24,0,41,68,0,68,109
11/11/2022,ALN,IL,AGL,CE,Federal Contract Tower,0,7,5,0,12,0,0,6,0,6,0,7,11,0,18,24,0,24,42
11/12/2022,ALN,IL,AGL,CE,Federal Contract Tower,0,1,4,0,5,0,2,10,0,12,0,3,14,0,17,4,0,4,21
11/13/2022,ALN,IL,AGL,CE,Federal Contract Tower,0,1,10,0,11,0,0,12,0,12,0,1,22,0,23,48,0,48,71
11/14/2022,ALN,IL,AGL,CE,Federal Contract Tower,0,19,14,0,33,0,0,8,0,8,0,19,22,0,41,50,0,50,91
11/15/2022,ALN,IL,AGL,CE,Federal Contract Tower,0,9,1,0,10,0,0,0,0,0,0,9,1,0,10,0,0,0,10
11/16/2022,ALN,IL,AGL,CE,Federal Contract Tower,0,10,4,0,14,0,2,6,0,8,0,12,10,0,22,2,0,2,24
11/17/2022,ALN,IL,AGL,CE,Federal Contract Tower,0,20,4,0,24,0,2,22,0,24,0,22,26,0,48,56,0,56,104
11/18/2022,ALN,IL,AGL,CE,Federal Contract Tower,0,7,6,0,13,0,5,5,0,10,0,12,11,0,23,32,0,32,55
11/19/2022,ALN,IL,AGL,CE,Federal Contract Tower,0,5,6,0,11,0,0,11,0,11,0,5,17,0,22,6,0,6,28
11/20/2022,ALN,IL,AGL,CE,Federal Contract Tower,0,2,9,0,11,0,0,31,0,31,0,2,40,0,42,24,0,24,66
11/21/2022,ALN,IL,AGL,CE,Federal Contract Tower,0,15,25,0,40,0,0,9,0,9,0,15,34,0,49,44,0,44,93
11/22/2022,ALN,IL,AGL,CE,Federal Contract Tower,0,23,10,4,37,0,8,34,0,42,0,31,44,4,79,80,4,84,163
11/23/2022,ALN,IL,AGL,CE,Federal Contract Tower,0,10,9,0,19,0,0,25,0,25,0,10,34,0,44,40,0,40,84
11/24/2022,ALN,IL,AGL,CE,Federal Contract Tower,0,0,0,0,0,0,0,3,0,3,0,0,3,0,3,4,0,4,7
11/25/2022,ALN,IL,AGL,CE,Federal Contract Tower,0,1,3,0,4,0,0,7,0,7,0,1,10,0,11,26,0,26,37
11/26/2022,ALN,IL,AGL,CE,Federal Contract Tower,0,1,1,0,2,0,0,7,0,7,0,1,8,0,9,33,0,33,42
11/27/2022,ALN,IL,AGL,CE,Federal Contract Tower,0,6,5,0,11,0,0,2,0,2,0,6,7,0,13,24,0,24,37
11/28/2022,ALN,IL,AGL,CE,Federal Contract Tower,0,16,23,0,39,0,2,27,0,29,0,18,50,0,68,92,0,92,160
11/29/2022,ALN,IL,AGL,CE,Federal Contract Tower,0,5,7,0,12,0,0,1,0,1,0,5,8,0,13,4,0,4,17
11/30/2022,ALN,IL,AGL,CE,Federal Contract Tower,0,6,8,0,14,0,2,12,0,14,0,8,20,0,28,24,0,24,52
12/01/2022,ALN,IL,AGL,CE,Federal Contract Tower,2,19,10,0,31,0,0,18,0,18,2,19,28,0,49,26,0,26,75
12/02/2022,ALN,IL,AGL,CE,Federal Contract Tower,0,24,2,0,26,0,3,1,0,4,0,27,3,0,30,10,0,10,40
12/03/2022,ALN,IL,AGL,CE,Federal Contract Tower,0,16,13,0,29,0,0,24,2,26,0,16,37,2,55,66,0,66,121
12/04/2022,ALN,IL,AGL,CE,Federal Contract Tower,0,9,15,0,24,0,0,17,0,17,0,9,32,0,41,32,0,32,73
12/05/2022,ALN,IL,AGL,CE,Federal Contract Tower,0,9,12,0,21,0,0,6,0,6,0,9,18,0,27,32,0,32,59
12/06/2022,ALN,IL,AGL,CE,Federal Contract Tower,0,7,2,0,9,0,0,0,0,0,0,7,2,0,9,2,0,2,11
12/07/2022,ALN,IL,AGL,CE,Federal Contract Tower,0,7,16,3,26,0,0,6,0,6,0,7,22,3,32,32,4,36,68
12/08/2022,ALN,IL,AGL,CE,Federal Contract Tower,0,16,6,0,22,0,0,0,0,0,0,16,6,0,22,4,0,4,26
12/09/2022,ALN,IL,AGL,CE,Federal Contract Tower,0,9,4,0,13,0,0,10,0,10,0,9,14,0,23,12,0,12,35
12/10/2022,ALN,IL,AGL,CE,Federal Contract Tower,0,2,1,0,3,0,0,1,0,1,0,2,2,0,4,0,0,0,4
12/11/2022,ALN,IL,AGL,CE,Federal Contract Tower,0,6,13,0,19,0,0,6,0,6,0,6,19,0,25,30,0,30,55
12/12/2022,ALN,IL,AGL,CE,Federal Contract Tower,0,9,2,0,11,0,0,7,0,7,0,9,9,0,18,20,0,20,38
12/13/2022,ALN,IL,AGL,CE,Federal Contract Tower,0,6,3,0,9,0,0,0,0,0,0,6,3,0,9,0,0,0,9
12/14/2022,ALN,IL,AGL,CE,Federal Contract Tower,0,15,6,0,21,0,0,3,0,3,0,15,9,0,24,16,0,16,40
12/15/2022,ALN,IL,AGL,CE,Federal Contract Tower,0,12,4,0,16,0,0,8,0,8,0,12,12,0,24,34,0,34,58
12/16/2022,ALN,IL,AGL,CE,Federal Contract Tower,0,18,9,0,27,0,0,7,0,7,0,18,16,0,34,18,0,18,52
12/17/2022,ALN,IL,AGL,CE,Federal Contract Tower,0,8,10,0,18,0,0,7,0,7,0,8,17,0,25,28,0,28,53
12/18/2022,ALN,IL,AGL,CE,Federal Contract Tower,0,8,9,0,17,0,0,18,0,18,0,8,27,0,35,34,0,34,69
12/19/2022,ALN,IL,AGL,CE,Federal Contract Tower,0,16,16,0,32,0,0,17,0,17,0,16,33,0,49,32,0,32,81
12/20/2022,ALN,IL,AGL,CE,Federal Contract Tower,0,16,14,2,32,0,3,31,0,34,0,19,45,2,66,66,0,66,132
12/21/2022,ALN,IL,AGL,CE,Federal Contract Tower,0,20,4,0,24,0,0,12,0,12,0,20,16,0,36,20,0,20,56
12/22/2022,ALN,IL,AGL,CE,Federal Contract Tower,0,0,0,0,0,0,0,1,0,1,0,0,1,0,1,0,0,0,1
12/23/2022,ALN,IL,AGL,CE,Federal Contract Tower,0,1,1,0,2,0,0,0,0,0,0,1,1,0,2,0,0,0,2
12/24/2022,ALN,IL,AGL,CE,Federal Contract Tower,0,3,1,0,4,0,0,1,0,1,0,3,2,0,5,0,0,0,5
12/25/2022,ALN,IL,AGL,CE,Federal Contract Tower,0,0,2,0,2,0,0,0,0,0,0,0,2,0,2,0,0,0,2
12/26/2022,ALN,IL,AGL,CE,Federal Contract Tower,0,9,1,0,10,0,0,2,0,2,0,9,3,0,12,2,0,2,14
12/27/2022,ALN,IL,AGL,CE,Federal Contract Tower,0,7,5,0,12,0,0,19,0,19,0,7,24,0,31,18,0,18,49
12/28/2022,ALN,IL,AGL,CE,Federal Contract Tower,0,17,1,0,18,0,2,11,0,13,0,19,12,0,31,26,0,26,57
12/29/2022,ALN,IL,AGL,CE,Federal Contract Tower,0,12,19,0,31,0,0,6,0,6,0,12,25,0,37,26,0,26,63
12/30/2022,ALN,IL,AGL,CE,Federal Contract Tower,3,6,9,0,18,0,0,4,0,4,3,6,13,0,22,42,0,42,64
12/31/2022,ALN,IL,AGL,CE,Federal Contract Tower,0,8,30,0,38,0,0,42,0,42,0,8,72,0,80,70,0,70,150
01/01/2023,ALN,IL,AGL,CE,Federal Contract Tower,0,1,2,0,3,0,0,22,0,22,0,1,24,0,25,34,0,34,59
01/02/2023,ALN,IL,AGL,CE,Federal Contract Tower,0,8,1,0,9,0,0,0,0,0,0,8,1,0,9,0,0,0,9
01/03/2023,ALN,IL,AGL,CE,Federal Contract Tower,0,13,0,0,13,0,0,3,0,3,0,13,3,0,16,6,0,6,22
01/04/2023,ALN,IL,AGL,CE,Federal Contract Tower,0,14,1,0,15,0,2,7,0,9,0,16,8,0,24,38,0,38,62
01/05/2023,ALN,IL,AGL,CE,Federal Contract Tower,0,4,5,0,9,0,4,11,0,15,0,8,16,0,24,28,0,28,52
01/06/2023,ALN,IL,AGL,CE,Federal Contract Tower,0,18,12,0,30,0,1,20,0,21,0,19,32,0,51,48,0,48,99
01/07/2023,ALN,IL,AGL,CE,Federal Contract Tower,0,1,13,0,14,0,0,29,0,29,0,1,42,0,43,58,0,58,101
01/08/2023,ALN,IL,AGL,CE,Federal Contract Tower,0,3,3,0,6,0,0,0,0,0,0,3,3,0,6,0,0,0,6
01/09/2023,ALN,IL,AGL,CE,Federal Contract Tower,0,12,15,0,27,0,0,16,0,16,0,12,31,0,43,36,0,36,79
01/10/2023,ALN,IL,AGL,CE,Federal Contract Tower,0,12,11,0,23,0,1,24,0,25,0,13,35,0,48,50,0,50,98
01/11/2023,ALN,IL,AGL,CE,Federal Contract Tower,0,13,7,0,20,0,0,25,0,25,0,13,32,0,45,44,0,44,89
01/12/2023,ALN,IL,AGL,CE,Federal Contract Tower,0,16,2,0,18,0,0,0,0,0,0,16,2,0,18,10,0,10,28
01/13/2023,ALN,IL,AGL,CE,Federal Contract Tower,0,6,2,0,8,0,0,5,0,5,0,6,7,0,13,32,0,32,45
01/14/2023,ALN,IL,AGL,CE,Federal Contract Tower,0,1,6,0,7,0,0,29,0,29,0,1,35,0,36,50,0,50,86
01/15/2023,ALN,IL,AGL,CE,Federal Contract Tower,0,0,5,0,5,0,0,10,0,10,0,0,15,0,15,34,0,34,49
01/16/2023,ALN,IL,AGL,CE,Federal Contract Tower,0,8,8,1,17,0,0,4,0,4,0,8,12,1,21,8,0,8,29
01/17/2023,ALN,IL,AGL,CE,Federal Contract Tower,0,16,15,1,32,0,5,27,0,32,0,21,42,1,64,42,0,42,106
01/18/2023,ALN,IL,AGL,CE,Federal Contract Tower,0,8,2,0,10,0,0,0,0,0,0,8,2,0,10,0,0,0,10
01/19/2023,ALN,IL,AGL,CE,Federal Contract Tower,0,10,2,0,12,0,0,1,0,1,0,10,3,0,13,0,0,0,13
01/20/2023,ALN,IL,AGL,CE,Federal Contract Tower,0,14,4,0,18,0,0,9,0,9,0,14,13,0,27,26,0,26,53
01/21/2023,ALN,IL,AGL,CE,Federal Contract Tower,0,3,19,1,23,0,2,29,0,31,0,5,48,1,54,60,0,60,114
01/22/2023,ALN,IL,AGL,CE,Federal Contract Tower,0,7,1,0,8,0,0,1,0,1,0,7,2,0,9,0,0,0,9
01/23/2023,ALN,IL,AGL,CE,Federal Contract Tower,0,6,9,0,15,0,2,20,0,22,0,8,29,0,37,22,0,22,59
01/24/2023,ALN,IL,AGL,CE,Federal Contract Tower,0,16,7,0,23,0,4,10,0,14,0,20,17,0,37,22,0,22,59
01/25/2023,ALN,IL,AGL,CE,Federal Contract Tower,0,4,0,0,4,0,0,0,0,0,0,4,0,0,4,0,0,0,4
01/26/2023,ALN,IL,AGL,CE,Federal Contract Tower,6,13,4,0,23,0,0,4,0,4,6,13,8,0,27,16,0,16,43
01/27/2023,ALN,IL,AGL,CE,Federal Contract Tower,1,7,8,0,16,0,0,9,0,9,1,7,17,0,25,14,0,14,39
01/28/2023,ALN,IL,AGL,CE,Federal Contract Tower,0,2,18,0,20,0,0,33,0,33,0,2,51,0,53,40,0,40,93
01/29/2023,ALN,IL,AGL,CE,Federal Contract Tower,0,5,0,0,5,0,0,0,0,0,0,5,0,0,5,0,0,0,5
01/30/2023,ALN,IL,AGL,CE,Federal Contract Tower,0,1,0,0,1,0,0,0,0,0,0,1,0,0,1,0,0,0,1
01/31/2023,ALN,IL,AGL,CE,Federal Contract Tower,0,26,5,0,31,0,1,1,0,2,0,27,6,0,33,12,0,12,45
02/01/2023,ALN,IL,AGL,CE,Federal Contract Tower,0,10,2,0,12,0,8,15,0,23,0,18,17,0,35,60,0,60,95
02/02/2023,ALN,IL,AGL,CE,Federal Contract Tower,3,15,7,0,25,0,0,9,0,9,3,15,16,0,34,54,0,54,88
02/03/2023,ALN,IL,AGL,CE,Federal Contract Tower,0,14,17,0,31,0,2,4,0,6,0,16,21,0,37,34,0,34,71
02/04/2023,ALN,IL,AGL,CE,Federal Contract Tower,0,3,8,0,11,0,0,7,0,7,0,3,15,0,18,10,0,10,28
02/05/2023,ALN,IL,AGL,CE,Federal Contract Tower,0,9,12,0,21,0,0,26,0,26,0,9,38,0,47,72,0,72,119
02/06/2023,ALN,IL,AGL,CE,Federal Contract Tower,0,18,10,0,28,0,0,10,0,10,0,18,20,0,38,14,0,14,52
02/07/2023,ALN,IL,AGL,CE,Federal Contract Tower,0,16,6,0,22,0,10,12,0,22,0,26,18,0,44,42,0,42,86
02/08/2023,ALN,IL,AGL,CE,Federal Contract Tower,0,16,8,0,24,0,2,12,0,14,0,18,20,0,38,48,0,48,86
02/09/2023,ALN,IL,AGL,CE,Federal Contract Tower,0,8,0,0,8,0,0,2,0,2,0,8,2,0,10,0,0,0,10
02/10/2023,ALN,IL,AGL,CE,Federal Contract Tower,0,7,3,0,10,0,0,9,0,9,0,7,12,0,19,36,0,36,55
02/11/2023,ALN,IL,AGL,CE,Federal Contract Tower,0,8,17,0,25,0,38,0,0,38,0,46,17,0,63,54,0,54,117
02/12/2023,ALN,IL,AGL,CE,Federal Contract Tower,0,4,19,0,23,0,1,27,0,28,0,5,46,0,51,56,0,56,107
02/13/2023,ALN,IL,AGL,CE,Federal Contract Tower,0,15,5,0,20,0,0,41,0,41,0,15,46,0,61,62,0,62,123
02/14/2023,ALN,IL,AGL,CE,Federal Contract Tower,1,11,0,0,12,0,0,4,0,4,1,11,4,0,16,4,0,4,20
02/15/2023,ALN,IL,AGL,CE,Federal Contract Tower,0,15,11,0,26,0,2,11,0,13,0,17,22,0,39,40,0,40,79
02/16/2023,ALN,IL,AGL,CE,Federal Contract Tower,0,10,0,0,10,0,0,0,0,0,0,10,0,0,10,4,0,4,14
02/17/2023,ALN,IL,AGL,CE,Federal Contract Tower,0,14,8,0,22,0,0,9,0,9,0,14,17,0,31,18,0,18,49
02/18/2023,ALN,IL,AGL,CE,Federal Contract Tower,0,3,6,0,9,0,4,18,0,22,0,7,24,0,31,46,0,46,77
02/19/2023,ALN,IL,AGL,CE,Federal Contract Tower,0,14,8,0,22,0,0,23,0,23,0,14,31,0,45,37,0,37,82
02/20/2023,ALN,IL,AGL,CE,Federal Contract Tower,0,11,6,0,17,0,6,44,0,50,0,17,50,0,67,54,0,54,121
02/21/2023,ALN,IL,AGL,CE,Federal Contract Tower,0,21,11,0,32,0,5,24,0,29,0,26,35,0,61,84,0,84,145
02/22/2023,ALN,IL,AGL,CE,Federal Contract Tower,1,17,0,0,18,0,0,0,0,0,1,17,0,0,18,0,0,0,18
02/23/2023,ALN,IL,AGL,CE,Federal Contract Tower,0,9,6,0,15,0,2,7,0,9,0,11,13,0,24,24,0,24,48
02/24/2023,ALN,IL,AGL,CE,Federal Contract Tower,0,12,8,0,20,0,3,19,0,22,0,15,27,0,42,30,0,30,72
02/25/2023,ALN,IL,AGL,CE,Federal Contract Tower,0,7,2,0,9,0,0,22,0,22,0,7,24,0,31,46,0,46,77
02/26/2023,ALN,IL,AGL,CE,Federal Contract Tower,0,7,25,0,32,0,0,7,0,7,0,7,32,0,39,32,0,32,71
02/27/2023,ALN,IL,AGL,CE,Federal Contract Tower,0,11,0,0,11,0,0,0,0,0,0,11,0,0,11,0,0,0,11
02/28/2023,ALN,IL,AGL,CE,Federal Contract Tower,0,5,13,0,18,0,5,16,0,21,0,10,29,0,39,46,0,46,85
03/01/2023,ALN,IL,AGL,CE,Federal Contract Tower,0,14,15,0,29,0,3,16,0,19,0,17,31,0,48,46,0,46,94
03/02/2023,ALN,IL,AGL,CE,Federal Contract Tower,2,10,7,0,19,0,1,21,0,22,2,11,28,0,41,34,0,34,75
03/03/2023,ALN,IL,AGL,CE,Federal Contract Tower,0,8,0,0,8,0,0,0,0,0,0,8,0,0,8,0,0,0,8
03/04/2023,ALN,IL,AGL,CE,Federal Contract Tower,0,8,17,0,25,0,3,35,0,38,0,11,52,0,63,78,0,78,141
03/05/2023,ALN,IL,AGL,CE,Federal Contract Tower,0,3,3,0,6,0,0,14,0,14,0,3,17,0,20,16,0,16,36
03/06/2023,ALN,IL,AGL,CE,Federal Contract Tower,0,3,4,0,7,0,2,11,0,13,0,5,15,0,20,30,0,30,50
03/07/2023,ALN,IL,AGL,CE,Federal Contract Tower,0,13,4,0,17,0,0,17,0,17,0,13,21,0,34,26,0,26,60
03/08/2023,ALN,IL,AGL,CE,Federal Contract Tower,1,13,2,0,16,0,1,2,0,3,1,14,4,0,19,32,0,32,51
03/09/2023,ALN,IL,AGL,CE,Federal Contract Tower,0,12,5,0,17,0,2,5,0,7,0,14,10,0,24,34,0,34,58
03/10/2023,ALN,IL,AGL,CE,Federal Contract Tower,1,12,5,0,18,0,0,12,0,12,1,12,17,0,30,36,0,36,66
03/11/2023,ALN,IL,AGL,CE,Federal Contract Tower,1,6,4,0,11,0,0,4,0,4,1,6,8,0,15,6,0,6,21
03/12/2023,ALN,IL,AGL,CE,Federal Contract Tower,0,5,0,0,5,0,0,2,0,2,0,5,2,0,7,0,0,0,7
03/13/2023,ALN,IL,AGL,CE,Federal Contract Tower,1,18,2,0,21,0,0,12,0,12,1,18,14,0,33,20,0,20,53
03/14/2023,ALN,IL,AGL,CE,Federal Contract Tower,0,11,11,0,22,0,2,21,0,23,0,13,32,0,45,30,0,30,75
03/15/2023,ALN,IL,AGL,CE,Federal Contract Tower,0,7,9,0,16,0,1,23,0,24,0,8,32,0,40,32,0,32,72
03/16/2023,ALN,IL,AGL,CE,Federal Contract Tower,0,8,4,0,12,0,0,5,0,5,0,8,9,0,17,10,0,10,27
03/17/2023,ALN,IL,AGL,CE,Federal Contract Tower,0,4,2,2,8,0,0,7,0,7,0,4,9,2,15,6,2,8,23
03/18/2023,ALN,IL,AGL,CE,Federal Contract Tower,3,0,7,0,10,0,0,7,0,7,3,0,14,0,17,36,0,36,53
03/19/2023,ALN,IL,AGL,CE,Federal Contract Tower,1,12,7,0,20,0,0,28,0,28,1,12,35,0,48,12,0,12,60
03/20/2023,ALN,IL,AGL,CE,Federal Contract Tower,0,15,2,0,17,0,0,29,0,29,0,15,31,0,46,46,0,46,92
03/21/2023,ALN,IL,AGL,CE,Federal Contract Tower,0,21,5,0,26,0,2,3,0,5,0,23,8,0,31,10,0,10,41
03/22/2023,ALN,IL,AGL,CE,Federal Contract Tower,0,12,11,0,23,0,0,0,0,0,0,12,11,0,23,10,0,10,33
03/23/2023,ALN,IL,AGL,CE,Federal Contract Tower,0,6,2,0,8,0,0,0,0,0,0,6,2,0,8,0,0,0,8
03/24/2023,ALN,IL,AGL,CE,Federal Contract Tower,0,2,6,0,8,0,0,0,0,0,0,2,6,0,8,8,0,8,16
03/25/2023,ALN,IL,AGL,CE,Federal Contract Tower,0,1,11,0,12,0,0,6,0,6,0,1,17,0,18,10,0,10,28
03/26/2023,ALN,IL,AGL,CE,Federal Contract Tower,0,6,20,0,26,0,0,10,0,10,0,6,30,0,36,30,0,30,66
03/27/2023,ALN,IL,AGL,CE,Federal Contract Tower,0,15,8,0,23,0,0,12,0,12,0,15,20,0,35,24,0,24,59
03/28/2023,ALN,IL,AGL,CE,Federal Contract Tower,0,15,1,0,16,0,1,8,0,9,0,16,9,0,25,30,0,30,55
03/29/2023,ALN,IL,AGL,CE,Federal Contract Tower,0,8,22,0,30,0,2,47,0,49,0,10,69,0,79,72,0,72,151
03/30/2023,ALN,IL,AGL,CE,Federal Contract Tower,0,14,23,0,37,0,2,14,0,16,0,16,37,0,53,52,0,52,105
03/31/2023,ALN,IL,AGL,CE,Federal Contract Tower,0,7,4,2,13,0,3,1,0,4,0,10,5,2,17,2,0,2,19
04/01/2023,ALN,IL,AGL,CE,Federal Contract Tower,0,3,5,0,8,0,0,2,0,2,0,3,7,0,10,0,0,0,10
04/02/2023,ALN,IL,AGL,CE,Federal Contract Tower,0,3,28,0,31,0,4,20,0,24,0,7,48,0,55,32,0,32,87
04/03/2023,ALN,IL,AGL,CE,Federal Contract Tower,0,19,3,2,24,0,8,9,0,17,0,27,12,2,41,56,2,58,99
04/04/2023,ALN,IL,AGL,CE,Federal Contract Tower,0,15,5,0,20,0,0,5,0,5,0,15,10,0,25,16,0,16,41
04/05/2023,ALN,IL,AGL,CE,Federal Contract Tower,0,11,3,0,14,0,3,0,0,3,0,14,3,0,17,16,0,16,33
04/06/2023,ALN,IL,AGL,CE,Federal Contract Tower,1,21,19,0,41,0,2,35,0,37,1,23,54,0,78,110,0,110,188
04/07/2023,ALN,IL,AGL,CE,Federal Contract Tower,1,4,10,0,15,0,0,24,0,24,1,4,34,0,39,50,0,50,89
04/08/2023,ALN,IL,AGL,CE,Federal Contract Tower,0,6,5,0,11,0,0,30,0,30,0,6,35,0,41,46,0,46,87
04/09/2023,ALN,IL,AGL,CE,Federal Contract Tower,0,5,4,0,9,0,2,22,0,24,0,7,26,0,33,14,0,14,47
04/10/2023,ALN,IL,AGL,CE,Federal Contract Tower,0,19,13,0,32,0,1,33,0,34,0,20,46,0,66,74,0,74,140
04/11/2023,ALN,IL,AGL,CE,Federal Contract Tower,0,23,18,0,41,0,5,8,0,13,0,28,26,0,54,44,0,44,98
04/12/2023,ALN,IL,AGL,CE,Federal Contract Tower,0,16,11,0,27,0,3,13,0,16,0,19,24,0,43,58,0,58,101
04/13/2023,ALN,IL,AGL,CE,Federal Contract Tower,0,13,8,0,21,0,2,26,0,28,0,15,34,0,49,78,0,78,127
04/14/2023,ALN,IL,AGL,CE,Federal Contract Tower,1,15,17,0,33,0,1,19,0,20,1,16,36,0,53,64,0,64,117
04/15/2023,ALN,IL,AGL,CE,Federal Contract Tower,0,3,2,0,5,0,3,9,0,12,0,6,11,0,17,24,0,24,41
04/16/2023,ALN,IL,AGL,CE,Federal Contract Tower,0,3,3,0,6,0,0,0,0,0,0,3,3,0,6,0,0,0,6
04/17/2023,ALN,IL,AGL,CE,Federal Contract Tower,0,11,3,0,14,0,0,1,0,1,0,11,4,0,15,0,0,0,15
04/18/2023,ALN,IL,AGL,CE,Federal Contract Tower,0,22,25,0,47,0,2,29,2,33,0,24,54,2,80,100,4,104,184
04/19/2023,ALN,IL,AGL,CE,Federal Contract Tower,0,11,6,0,17,0,0,4,0,4,0,11,10,0,21,2,0,2,23
04/20/2023,ALN,IL,AGL,CE,Federal Contract Tower,0,25,4,0,29,0,0,3,0,3,0,25,7,0,32,0,0,0,32
04/21/2023,ALN,IL,AGL,CE,Federal Contract Tower,0,18,9,0,27,0,0,25,0,25,0,18,34,0,52,68,0,68,120
04/22/2023,ALN,IL,AGL,CE,Federal Contract Tower,2,7,17,0,26,0,3,9,0,12,2,10,26,0,38,20,0,20,58
04/23/2023,ALN,IL,AGL,CE,Federal Contract Tower,0,3,10,0,13,0,0,10,0,10,0,3,20,0,23,12,0,12,35
04/24/2023,ALN,IL,AGL,CE,Federal Contract Tower,0,9,16,0,25,0,2,40,0,42,0,11,56,0,67,74,0,74,141
04/25/2023,ALN,IL,AGL,CE,Federal Contract Tower,0,9,14,0,23,0,1,20,0,21,0,10,34,0,44,70,0,70,114
04/26/2023,ALN,IL,AGL,CE,Federal Contract Tower,0,18,7,0,25,0,3,42,0,45,0,21,49,0,70,132,0,132,202
04/27/2023,ALN,IL,AGL,CE,Federal Contract Tower,0,13,18,0,31,0,0,10,0,10,0,13,28,0,41,52,0,52,93
04/28/2023,ALN,IL,AGL,CE,Federal Contract Tower,0,16,8,0,24,0,0,23,0,23,0,16,31,0,47,60,0,60,107
04/29/2023,ALN,IL,AGL,CE,Federal Contract Tower,0,6,13,0,19,0,0,16,0,16,0,6,29,0,35,8,0,8,43
04/30/2023,ALN,IL,AGL,CE,Federal Contract Tower,0,4,4,0,8,0,0,2,0,2,0,4,6,0,10,2,0,2,12
05/01/2023,ALN,IL,AGL,CE,Federal Contract Tower,0,15,7,0,22,0,0,4,0,4,0,15,11,0,26,0,0,0,26
05/02/2023,ALN,IL,AGL,CE,Federal Contract Tower,0,17,9,0,26,0,2,12,0,14,0,19,21,0,40,32,0,32,72
05/03/2023,ALN,IL,AGL,CE,Federal Contract Tower,0,20,11,0,31,0,6,37,9,52,0,26,48,9,83,56,14,70,153
05/04/2023,ALN,IL,AGL,CE,Federal Contract Tower,0,14,12,0,26,0,0,25,0,25,0,14,37,0,51,50,0,50,101
05/05/2023,ALN,IL,AGL,CE,Federal Contract Tower,0,12,4,0,16,0,0,12,0,12,0,12,16,0,28,30,0,30,58
05/06/2023,ALN,IL,AGL,CE,Federal Contract Tower,0,8,3,0,11,0,0,4,0,4,0,8,7,0,15,14,0,14,29
05/07/2023,ALN,IL,AGL,CE,Federal Contract Tower,0,6,3,0,9,0,0,10,5,15,0,6,13,5,24,24,0,24,48
05/08/2023,ALN,IL,AGL,CE,Federal Contract Tower,0,10,1,0,11,0,0,18,0,18,0,10,19,0,29,26,0,26,55
05/09/2023,ALN,IL,AGL,CE,Federal Contract Tower,0,20,14,0,34,0,2,32,0,34,0,22,46,0,68,62,0,62,130
05/10/2023,ALN,IL,AGL,CE,Federal Contract Tower,0,14,14,0,28,0,3,28,1,32,0,17,42,1,60,34,8,42,102
05/11/2023,ALN,IL,AGL,CE,Federal Contract Tower,0,14,4,0,18,0,2,10,5,17,0,16,14,5,35,36,16,52,87
05/12/2023,ALN,IL,AGL,CE,Federal Contract Tower,0,10,15,0,25,0,2,19,0,21,0,12,34,0,46,68,0,68,114
05/13/2023,ALN,IL,AGL,CE,Federal Contract Tower,0,1,0,0,1,0,0,4,0,4,0,1,4,0,5,12,0,12,17
05/14/2023,ALN,IL,AGL,CE,Federal Contract Tower,0,5,3,0,8,0,1,1,0,2,0,6,4,0,10,4,0,4,14
05/15/2023,ALN,IL,AGL,CE,Federal Contract Tower,0,24,11,0,35,0,0,10,0,10,0,24,21,0,45,50,0,50,95
05/16/2023,ALN,IL,AGL,CE,Federal Contract Tower,0,7,7,0,14,0,0,3,0,3,0,7,10,0,17,10,0,10,27
05/17/2023,ALN,IL,AGL,CE,Federal Contract Tower,0,16,15,1,32,0,0,25,2,27,0,16,40,3,59,58,8,66,125
05/18/2023,ALN,IL,AGL,CE,Federal Contract Tower,0,17,10,0,27,0,2,35,0,37,0,19,45,0,64,44,0,44,108
05/19/2023,ALN,IL,AGL,CE,Federal Contract Tower,0,17,9,0,26,0,1,19,0,20,0,18,28,0,46,22,0,22,68
05/20/2023,ALN,IL,AGL,CE,Federal Contract Tower,0,5,15,0,20,0,0,32,0,32,0,5,47,0,52,30,0,30,82
05/21/2023,ALN,IL,AGL,CE,Federal Contract Tower,0,4,16,0,20,0,1,51,0,52,0,5,67,0,72,42,0,42,114
05/22/2023,ALN,IL,AGL,CE,Federal Contract Tower,0,8,3,0,11,0,2,28,0,30,0,10,31,0,41,72,0,72,113
05/23/2023,ALN,IL,AGL,CE,Federal Contract Tower,0,14,17,0,31,0,3,23,0,26,0,17,40,0,57,64,0,64,121
05/24/2023,ALN,IL,AGL,CE,Federal Contract Tower,0,20,11,0,31,0,3,35,0,38,0,23,46,0,69,88,0,88,157
05/25/2023,ALN,IL,AGL,CE,Federal Contract Tower,1,13,18,0,32,0,1,19,0,20,1,14,37,0,52,44,0,44,96
05/26/2023,ALN,IL,AGL,CE,Federal Contract Tower,0,16,12,0,28,0,0,28,0,28,0,16,40,0,56,42,0,42,98
05/27/2023,ALN,IL,AGL,CE,Federal Contract Tower,0,3,26,0,29,0,0,19,0,19,0,3,45,0,48,42,0,42,90
05/28/2023,ALN,IL,AGL,CE,Federal Contract Tower,1,3,8,0,12,0,0,20,0,20,1,3,28,0,32,36,0,36,68
05/29/2023,ALN,IL,AGL,CE,Federal Contract Tower,0,3,3,0,6,0,2,16,0,18,0,5,19,0,24,18,0,18,42
05/30/2023,ALN,IL,AGL,CE,Federal Contract Tower,0,24,10,7,41,0,4,19,0,23,0,28,29,7,64,96,10,106,170
05/31/2023,ALN,IL,AGL,CE,Federal Contract Tower,0,13,4,0,17,0,3,17,0,20,0,16,21,0,37,34,0,34,71
06/01/2023,ALN,IL,AGL,CE,Federal Contract Tower,0,12,21,0,33,0,0,16,0,16,0,12,37,0,49,38,0,38,87
06/02/2023,ALN,IL,AGL,CE,Federal Contract Tower,0,8,20,8,36,0,1,34,0,35,0,9,54,8,71,94,0,94,165
06/03/2023,ALN,IL,AGL,CE,Federal Contract Tower,0,6,10,0,16,0,0,19,0,19,0,6,29,0,35,68,0,68,103
06/04/2023,ALN,IL,AGL,CE,Federal Contract Tower,0,11,9,0,20,0,14,0,0,14,0,25,9,0,34,8,0,8,42
06/05/2023,ALN,IL,AGL,CE,Federal Contract Tower,0,14,7,0,21,0,5,21,0,26,0,19,28,0,47,48,0,48,95
06/06/2023,ALN,IL,AGL,CE,Federal Contract Tower,0,19,9,0,28,0,4,23,0,27,0,23,32,0,55,62,0,62,117
06/07/2023,ALN,IL,AGL,CE,Federal Contract Tower,0,7,8,0,15,0,1,30,0,31,0,8,38,0,46,30,0,30,76
06/08/2023,ALN,IL,AGL,CE,Federal Contract Tower,0,23,20,0,43,0,0,31,0,31,0,23,51,0,74,68,0,68,142
06/09/2023,ALN,IL,AGL,CE,Federal Contract Tower,0,16,22,0,38,0,2,18,0,20,0,18,40,0,58,56,0,56,114
06/10/2023,ALN,IL,AGL,CE,Federal Contract Tower,0,7,11,6,24,0,0,61,0,61,0,7,72,6,85,103,6,109,194
06/11/2023,ALN,IL,AGL,CE,Federal Contract Tower,0,7,2,0,9,0,0,0,0,0,0,7,2,0,9,0,0,0,9
06/12/2023,ALN,IL,AGL,CE,Federal Contract Tower,0,12,11,0,23,0,3,18,0,21,0,15,29,0,44,64,0,64,108
06/13/2023,ALN,IL,AGL,CE,Federal Contract Tower,0,13,4,0,17,0,0,26,0,26,0,13,30,0,43,48,0,48,91
06/14/2023,ALN,IL,AGL,CE,Federal Contract Tower,0,17,11,0,28,0,1,19,2,22,0,18,30,2,50,36,6,42,92
06/15/2023,ALN,IL,AGL,CE,Federal Contract Tower,0,21,7,0,28,0,0,7,0,7,0,21,14,0,35,10,0,10,45
06/16/2023,ALN,IL,AGL,CE,Federal Contract Tower,0,19,18,0,37,0,2,28,0,30,0,21,46,0,67,32,0,32,99
06/17/2023,ALN,IL,AGL,CE,Federal Contract Tower,0,1,11,0,12,0,0,23,0,23,0,1,34,0,35,46,0,46,81
06/18/2023,ALN,IL,AGL,CE,Federal Contract Tower,0,6,0,0,6,0,2,1,0,3,0,8,1,0,9,4,0,4,13
06/19/2023,ALN,IL,AGL,CE,Federal Contract Tower,0,10,3,0,13,0,0,16,0,16,0,10,19,0,29,20,0,20,49
06/20/2023,ALN,IL,AGL,CE,Federal Contract Tower,0,7,11,6,24,0,4,19,0,23,0,11,30,6,47,48,24,72,119
06/21/2023,ALN,IL,AGL,CE,Federal Contract Tower,0,27,18,0,45,0,4,25,0,29,0,31,43,0,74,76,0,76,150
06/22/2023,ALN,IL,AGL,CE,Federal Contract Tower,0,10,27,0,37,0,0,15,0,15,0,10,42,0,52,38,0,38,90
06/23/2023,ALN,IL,AGL,CE,Federal Contract Tower,0,13,9,0,22,0,0,21,0,21,0,13,30,0,43,42,0,42,85
06/24/2023,ALN,IL,AGL,CE,Federal Contract Tower,0,9,9,0,18,0,0,22,0,22,0,9,31,0,40,40,0,40,80
06/25/2023,ALN,IL,AGL,CE,Federal Contract Tower,0,9,6,0,15,0,0,5,0,5,0,9,11,0,20,12,0,12,32
06/26/2023,ALN,IL,AGL,CE,Federal Contract Tower,0,25,6,0,31,0,0,11,0,11,0,25,17,0,42,14,0,14,56
06/27/2023,ALN,IL,AGL,CE,Federal Contract Tower,0,2,1,0,3,0,0,0,0,0,0,2,1,0,3,0,0,0,3
06/28/2023,ALN,IL,AGL,CE,Federal Contract Tower,0,0,0,0,0,0,0,0,0,0,0,0,0,0,0,0,0,0,0
06/29/2023,ALN,IL,AGL,CE,Federal Contract Tower,0,0,2,0,2,0,0,0,0,0,0,0,2,0,2,0,0,0,2
06/30/2023,ALN,IL,AGL,CE,Federal Contract Tower,0,0,1,0,1,0,0,0,0,0,0,0,1,0,1,0,0,0,1
07/01/2023,ALN,IL,AGL,CE,Federal Contract Tower,2,1,2,0,5,0,0,0,0,0,2,1,2,0,5,0,0,0,5
07/02/2023,ALN,IL,AGL,CE,Federal Contract Tower,1,10,1,0,12,0,0,7,0,7,1,10,8,0,19,6,0,6,25
07/03/2023,ALN,IL,AGL,CE,Federal Contract Tower,0,12,8,0,20,0,0,12,0,12,0,12,20,0,32,58,0,58,90
07/04/2023,ALN,IL,AGL,CE,Federal Contract Tower,0,3,5,0,8,0,0,10,0,10,0,3,15,0,18,16,0,16,34
07/05/2023,ALN,IL,AGL,CE,Federal Contract Tower,0,19,5,1,25,0,0,19,0,19,0,19,24,1,44,56,0,56,100
07/06/2023,ALN,IL,AGL,CE,Federal Contract Tower,0,16,7,0,23,0,0,12,0,12,0,16,19,0,35,24,0,24,59
07/07/2023,ALN,IL,AGL,CE,Federal Contract Tower,0,15,17,0,32,0,2,19,2,23,0,17,36,2,55,40,10,50,105
07/08/2023,ALN,IL,AGL,CE,Federal Contract Tower,0,5,8,0,13,0,0,8,0,8,0,5,16,0,21,28,0,28,49
07/09/2023,ALN,IL,AGL,CE,Federal Contract Tower,0,12,11,0,23,0,0,13,0,13,0,12,24,0,36,24,0,24,60
07/10/2023,ALN,IL,AGL,CE,Federal Contract Tower,0,22,13,0,35,0,0,45,0,45,0,22,58,0,80,64,0,64,144
07/11/2023,ALN,IL,AGL,CE,Federal Contract Tower,0,21,9,0,30,0,4,15,0,19,0,25,24,0,49,50,0,50,99
07/12/2023,ALN,IL,AGL,CE,Federal Contract Tower,1,20,12,0,33,0,2,13,0,15,1,22,25,0,48,38,0,38,86
07/13/2023,ALN,IL,AGL,CE,Federal Contract Tower,0,20,21,0,41,0,0,11,0,11,0,20,32,0,52,33,0,33,85
07/14/2023,ALN,IL,AGL,CE,Federal Contract Tower,0,15,4,0,19,0,6,28,0,34,0,21,32,0,53,60,0,60,113
07/15/2023,ALN,IL,AGL,CE,Federal Contract Tower,0,3,3,0,6,0,0,27,0,27,0,3,30,0,33,14,0,14,47
07/16/2023,ALN,IL,AGL,CE,Federal Contract Tower,0,6,7,0,13,0,0,15,0,15,0,6,22,0,28,38,0,38,66
07/17/2023,ALN,IL,AGL,CE,Federal Contract Tower,0,16,13,0,29,0,0,12,0,12,0,16,25,0,41,40,0,40,81
07/18/2023,ALN,IL,AGL,CE,Federal Contract Tower,0,24,2,0,26,0,0,16,0,16,0,24,18,0,42,32,0,32,74
07/19/2023,ALN,IL,AGL,CE,Federal Contract Tower,0,17,19,0,36,0,0,21,0,21,0,17,40,0,57,22,0,22,79
07/20/2023,ALN,IL,AGL,CE,Federal Contract Tower,0,15,8,0,23,0,0,6,0,6,0,15,14,0,29,4,0,4,33
07/21/2023,ALN,IL,AGL,CE,Federal Contract Tower,0,3,12,0,15,0,2,29,0,31,0,5,41,0,46,32,0,32,78
07/22/2023,ALN,IL,AGL,CE,Federal Contract Tower,0,7,9,0,16,0,0,32,0,32,0,7,41,0,48,26,0,26,74
07/23/2023,ALN,IL,AGL,CE,Federal Contract Tower,0,4,13,0,17,0,0,17,0,17,0,4,30,0,34,24,0,24,58
07/24/2023,ALN,IL,AGL,CE,Federal Contract Tower,0,14,6,0,20,0,1,35,0,36,0,15,41,0,56,42,0,42,98
07/25/2023,ALN,IL,AGL,CE,Federal Contract Tower,0,10,5,0,15,0,2,9,0,11,0,12,14,0,26,20,0,20,46
07/26/2023,ALN,IL,AGL,CE,Federal Contract Tower,0,12,6,0,18,0,0,9,0,9,0,12,15,0,27,10,0,10,37
07/27/2023,ALN,IL,AGL,CE,Federal Contract Tower,0,3,2,0,5,0,0,7,0,7,0,3,9,0,12,2,0,2,14
07/28/2023,ALN,IL,AGL,CE,Federal Contract Tower,0,8,9,0,17,0,4,15,0,19,0,12,24,0,36,52,0,52,88
07/29/2023,ALN,IL,AGL,CE,Federal Contract Tower,0,2,12,0,14,0,0,14,0,14,0,2,26,0,28,42,0,42,70
07/30/2023,ALN,IL,AGL,CE,Federal Contract Tower,0,2,5,0,7,0,1,21,0,22,0,3,26,0,29,34,0,34,63
07/31/2023,ALN,IL,AGL,CE,Federal Contract Tower,0,20,3,0,23,0,0,19,0,19,0,20,22,0,42,54,0,54,96
08/01/2023,ALN,IL,AGL,CE,Federal Contract Tower,0,7,6,1,14,0,1,20,1,22,0,8,26,2,36,66,0,66,102
08/02/2023,ALN,IL,AGL,CE,Federal Contract Tower,0,5,8,0,13,0,0,0,0,0,0,5,8,0,13,4,0,4,17
08/03/2023,ALN,IL,AGL,CE,Federal Contract Tower,0,3,13,0,16,0,0,8,0,8,0,3,21,0,24,38,0,38,62
08/04/2023,ALN,IL,AGL,CE,Federal Contract Tower,0,7,18,0,25,0,0,9,0,9,0,7,27,0,34,54,0,54,88
08/05/2023,ALN,IL,AGL,CE,Federal Contract Tower,0,2,14,0,16,0,0,17,0,17,0,2,31,0,33,18,0,18,51
08/06/2023,ALN,IL,AGL,CE,Federal Contract Tower,0,2,6,0,8,0,0,9,0,9,0,2,15,0,17,14,0,14,31
08/07/2023,ALN,IL,AGL,CE,Federal Contract Tower,0,19,2,0,21,0,2,11,0,13,0,21,13,0,34,24,0,24,58
08/08/2023,ALN,IL,AGL,CE,Federal Contract Tower,0,20,16,0,36,0,1,24,0,25,0,21,40,0,61,46,0,46,107
08/09/2023,ALN,IL,AGL,CE,Federal Contract Tower,0,10,7,0,17,0,0,10,0,10,0,10,17,0,27,10,0,10,37
08/10/2023,ALN,IL,AGL,CE,Federal Contract Tower,0,19,16,0,35,0,0,17,0,17,0,19,33,0,52,34,0,34,86
08/11/2023,ALN,IL,AGL,CE,Federal Contract Tower,0,7,17,0,24,0,0,17,0,17,0,7,34,0,41,48,0,48,89
08/12/2023,ALN,IL,AGL,CE,Federal Contract Tower,0,3,10,0,13,0,0,24,0,24,0,3,34,0,37,20,0,20,57
08/13/2023,ALN,IL,AGL,CE,Federal Contract Tower,0,7,11,0,18,0,0,4,0,4,0,7,15,0,22,14,0,14,36
08/14/2023,ALN,IL,AGL,CE,Federal Contract Tower,0,10,8,0,18,0,2,5,0,7,0,12,13,0,25,12,0,12,37
08/15/2023,ALN,IL,AGL,CE,Federal Contract Tower,0,11,16,0,27,0,4,7,0,11,0,15,23,0,38,34,0,34,72
08/16/2023,ALN,IL,AGL,CE,Federal Contract Tower,0,27,22,0,49,0,0,29,0,29,0,27,51,0,78,84,0,84,162
08/17/2023,ALN,IL,AGL,CE,Federal Contract Tower,0,3,11,0,14,0,0,15,0,15,0,3,26,0,29,36,0,36,65
08/18/2023,ALN,IL,AGL,CE,Federal Contract Tower,0,15,20,0,35,0,0,35,0,35,0,15,55,0,70,40,0,40,110
08/19/2023,ALN,IL,AGL,CE,Federal Contract Tower,0,4,13,0,17,0,0,30,0,30,0,4,43,0,47,16,0,16,63
08/20/2023,ALN,IL,AGL,CE,Federal Contract Tower,0,1,8,0,9,0,0,39,0,39,0,1,47,0,48,90,0,90,138
08/21/2023,ALN,IL,AGL,CE,Federal Contract Tower,0,10,6,0,16,0,0,16,0,16,0,10,22,0,32,22,0,22,54
08/22/2023,ALN,IL,AGL,CE,Federal Contract Tower,0,14,5,0,19,0,0,5,0,5,0,14,10,0,24,4,0,4,28
08/23/2023,ALN,IL,AGL,CE,Federal Contract Tower,0,20,13,0,33,0,3,11,0,14,0,23,24,0,47,30,0,30,77
08/24/2023,ALN,IL,AGL,CE,Federal Contract Tower,0,13,13,0,26,0,0,16,0,16,0,13,29,0,42,58,0,58,100
08/25/2023,ALN,IL,AGL,CE,Federal Contract Tower,0,12,7,0,19,0,0,18,0,18,0,12,25,0,37,42,0,42,79
08/26/2023,ALN,IL,AGL,CE,Federal Contract Tower,0,6,4,0,10,0,0,1,0,1,0,6,5,0,11,0,0,0,11
08/27/2023,ALN,IL,AGL,CE,Federal Contract Tower,0,4,8,0,12,0,0,15,0,15,0,4,23,0,27,26,0,26,53
08/28/2023,ALN,IL,AGL,CE,Federal Contract Tower,0,17,9,0,26,0,2,30,0,32,0,19,39,0,58,42,0,42,100
08/29/2023,ALN,IL,AGL,CE,Federal Contract Tower,0,17,7,0,24,0,2,31,0,33,0,19,38,0,57,64,0,64,121
08/30/2023,ALN,IL,AGL,CE,Federal Contract Tower,0,26,6,0,32,0,2,18,0,20,0,28,24,0,52,42,0,42,94
08/31/2023,ALN,IL,AGL,CE,Federal Contract Tower,1,14,15,0,30,0,0,22,0,22,1,14,37,0,52,28,0,28,80
