01/01/2000,ALO,IA,ACE,CE,Towers with Radar,0,11,7,0,18,0,7,5,0,12,0,18,12,0,30,10,0,10,40
01/02/2000,ALO,IA,ACE,CE,Towers with Radar,0,25,11,0,36,0,11,0,0,11,0,36,11,0,47,0,0,0,47
01/03/2000,ALO,IA,ACE,CE,Towers with Radar,0,17,1,0,18,0,12,0,0,12,0,29,1,0,30,0,0,0,30
01/04/2000,ALO,IA,ACE,CE,Towers with Radar,0,38,23,0,61,0,0,17,0,17,0,38,40,0,78,0,0,0,78
01/05/2000,ALO,IA,ACE,CE,Towers with Radar,0,40,23,2,65,0,0,13,0,13,0,40,36,2,78,0,0,0,78
01/06/2000,ALO,IA,ACE,CE,Towers with Radar,0,34,19,0,53,0,7,15,0,22,0,41,34,0,75,16,0,16,91
01/07/2000,ALO,IA,ACE,CE,Towers with Radar,0,46,27,2,75,0,6,31,0,37,0,52,58,2,112,40,0,40,152
01/08/2000,ALO,IA,ACE,CE,Towers with Radar,0,27,16,0,43,0,7,68,0,75,0,34,84,0,118,154,0,154,272
01/09/2000,ALO,IA,ACE,CE,Towers with Radar,0,10,3,1,14,0,0,0,1,1,0,10,3,2,15,0,0,0,15
01/10/2000,ALO,IA,ACE,CE,Towers with Radar,0,40,24,0,64,0,3,23,0,26,0,43,47,0,90,10,0,10,100
01/11/2000,ALO,IA,ACE,CE,Towers with Radar,0,46,28,2,76,0,0,24,0,24,0,46,52,2,100,28,0,28,128
01/12/2000,ALO,IA,ACE,CE,Towers with Radar,0,33,27,3,63,0,0,12,1,13,0,33,39,4,76,40,0,40,116
01/13/2000,ALO,IA,ACE,CE,Towers with Radar,0,49,28,2,79,0,0,46,4,50,0,49,74,6,129,42,0,42,171
01/14/2000,ALO,IA,ACE,CE,Towers with Radar,0,43,25,0,68,0,0,16,0,16,0,43,41,0,84,10,0,10,94
01/15/2000,ALO,IA,ACE,CE,Towers with Radar,0,33,18,0,51,0,3,52,0,55,0,36,70,0,106,48,0,48,154
01/16/2000,ALO,IA,ACE,CE,Towers with Radar,0,30,20,0,50,0,0,16,0,16,0,30,36,0,66,46,0,46,112
01/17/2000,ALO,IA,ACE,CE,Towers with Radar,0,21,4,0,25,0,4,0,0,4,0,25,4,0,29,0,0,0,29
01/18/2000,ALO,IA,ACE,CE,Towers with Radar,0,41,32,0,73,0,0,51,0,51,0,41,83,0,124,26,0,26,150
01/19/2000,ALO,IA,ACE,CE,Towers with Radar,0,14,15,0,29,0,0,11,0,11,0,14,26,0,40,0,0,0,40
01/20/2000,ALO,IA,ACE,CE,Towers with Radar,0,36,21,0,57,0,9,14,0,23,0,45,35,0,80,8,0,8,88
01/21/2000,ALO,IA,ACE,CE,Towers with Radar,0,39,29,1,69,0,0,11,5,16,0,39,40,6,85,28,4,32,117
01/22/2000,ALO,IA,ACE,CE,Towers with Radar,0,31,32,1,64,2,0,49,1,52,2,31,81,2,116,64,0,64,180
01/23/2000,ALO,IA,ACE,CE,Towers with Radar,0,27,14,0,41,0,8,0,0,8,0,35,14,0,49,8,0,8,57
01/24/2000,ALO,IA,ACE,CE,Towers with Radar,0,39,23,0,62,0,0,18,0,18,0,39,41,0,80,20,0,20,100
01/25/2000,ALO,IA,ACE,CE,Towers with Radar,0,38,22,0,60,0,5,4,0,9,0,43,26,0,69,4,0,4,73
01/26/2000,ALO,IA,ACE,CE,Towers with Radar,0,41,24,0,65,0,3,17,0,20,0,44,41,0,85,128,0,128,213
01/27/2000,ALO,IA,ACE,CE,Towers with Radar,0,36,21,0,57,0,2,37,1,40,0,38,58,1,97,138,0,138,235
01/28/2000,ALO,IA,ACE,CE,Towers with Radar,0,37,24,1,62,0,0,17,1,18,0,37,41,2,80,16,0,16,96
01/29/2000,ALO,IA,ACE,CE,Towers with Radar,0,22,13,0,35,0,7,20,0,27,0,29,33,0,62,44,0,44,106
01/30/2000,ALO,IA,ACE,CE,Towers with Radar,0,31,16,0,47,0,4,0,10,14,0,35,16,10,61,4,18,22,83
01/31/2000,ALO,IA,ACE,CE,Towers with Radar,0,33,22,0,55,0,0,27,0,27,0,33,49,0,82,42,0,42,124
02/01/2000,ALO,IA,ACE,CE,Towers with Radar,0,37,31,0,68,0,0,19,0,19,0,37,50,0,87,74,0,74,161
02/02/2000,ALO,IA,ACE,CE,Towers with Radar,0,39,35,1,75,0,0,37,1,38,0,39,72,2,113,32,0,32,145
02/03/2000,ALO,IA,ACE,CE,Towers with Radar,0,36,30,0,66,0,0,16,0,16,0,36,46,0,82,0,0,0,82
02/04/2000,ALO,IA,ACE,CE,Towers with Radar,0,34,26,1,61,0,1,19,1,21,0,35,45,2,82,6,0,6,88
02/05/2000,ALO,IA,ACE,CE,Towers with Radar,0,29,22,1,52,0,2,65,0,67,0,31,87,1,119,12,0,12,131
02/06/2000,ALO,IA,ACE,CE,Towers with Radar,0,26,20,1,47,0,7,18,1,26,0,33,38,2,73,2,0,2,75
02/07/2000,ALO,IA,ACE,CE,Towers with Radar,0,40,31,0,71,0,0,29,0,29,0,40,60,0,100,22,0,22,122
02/08/2000,ALO,IA,ACE,CE,Towers with Radar,0,41,33,0,74,0,0,2,0,2,0,41,35,0,76,0,0,0,76
02/09/2000,ALO,IA,ACE,CE,Towers with Radar,0,44,36,1,81,0,0,23,1,24,0,44,59,2,105,48,0,48,153
02/10/2000,ALO,IA,ACE,CE,Towers with Radar,0,47,21,0,68,0,4,0,0,4,0,51,21,0,72,18,0,18,90
02/11/2000,ALO,IA,ACE,CE,Towers with Radar,0,48,37,0,85,0,0,31,0,31,0,48,68,0,116,0,22,22,138
02/12/2000,ALO,IA,ACE,CE,Towers with Radar,0,27,20,0,47,0,7,21,0,28,0,34,41,0,75,30,0,30,105
02/13/2000,ALO,IA,ACE,CE,Towers with Radar,0,17,2,0,19,0,18,0,0,18,0,35,2,0,37,0,0,0,37
02/14/2000,ALO,IA,ACE,CE,Towers with Radar,0,41,31,0,72,0,0,10,0,10,0,41,41,0,82,18,0,18,100
02/15/2000,ALO,IA,ACE,CE,Towers with Radar,0,35,26,0,61,0,0,26,0,26,0,35,52,0,87,8,0,8,95
02/16/2000,ALO,IA,ACE,CE,Towers with Radar,0,40,34,0,74,0,0,61,2,63,0,40,95,2,137,42,0,42,179
02/17/2000,ALO,IA,ACE,CE,Towers with Radar,0,33,28,0,61,0,0,10,0,10,0,33,38,0,71,8,0,8,79
02/18/2000,ALO,IA,ACE,CE,Towers with Radar,0,20,14,0,34,0,0,1,0,1,0,20,15,0,35,0,0,0,35
02/19/2000,ALO,IA,ACE,CE,Towers with Radar,0,32,23,0,55,0,1,33,0,34,0,33,56,0,89,16,0,16,105
02/20/2000,ALO,IA,ACE,CE,Towers with Radar,0,28,19,0,47,0,7,52,0,59,0,35,71,0,106,76,0,76,182
02/21/2000,ALO,IA,ACE,CE,Towers with Radar,0,35,27,0,62,0,0,3,0,3,0,35,30,0,65,52,0,52,117
02/22/2000,ALO,IA,ACE,CE,Towers with Radar,0,41,33,0,74,0,0,0,0,0,0,41,33,0,74,18,0,18,92
02/23/2000,ALO,IA,ACE,CE,Towers with Radar,0,37,28,0,65,0,0,0,0,0,0,37,28,0,65,14,0,14,79
02/24/2000,ALO,IA,ACE,CE,Towers with Radar,0,30,23,0,53,0,0,2,0,2,0,30,25,0,55,0,0,0,55
02/25/2000,ALO,IA,ACE,CE,Towers with Radar,0,32,21,0,53,0,4,0,0,4,0,36,21,0,57,6,0,6,63
02/26/2000,ALO,IA,ACE,CE,Towers with Radar,0,26,12,0,38,0,5,0,4,9,0,31,12,4,47,8,0,8,55
02/27/2000,ALO,IA,ACE,CE,Towers with Radar,0,34,24,0,58,0,1,69,0,70,0,35,93,0,128,52,0,52,180
02/28/2000,ALO,IA,ACE,CE,Towers with Radar,0,34,25,0,59,0,5,25,0,30,0,39,50,0,89,12,0,12,101
02/29/2000,ALO,IA,ACE,CE,Towers with Radar,0,40,32,0,72,0,0,26,0,26,0,40,58,0,98,42,0,42,140
03/01/2000,ALO,IA,ACE,CE,Towers with Radar,0,41,36,2,79,0,1,38,0,39,0,42,74,2,118,14,0,14,132
03/02/2000,ALO,IA,ACE,CE,Towers with Radar,0,35,41,0,76,0,1,0,0,1,0,36,41,0,77,74,0,74,151
03/03/2000,ALO,IA,ACE,CE,Towers with Radar,0,37,26,0,63,0,2,47,0,49,0,39,73,0,112,42,0,42,154
03/04/2000,ALO,IA,ACE,CE,Towers with Radar,0,30,21,0,51,0,1,75,0,76,0,31,96,0,127,120,0,120,247
03/05/2000,ALO,IA,ACE,CE,Towers with Radar,0,32,26,0,58,0,1,62,0,63,0,33,88,0,121,96,0,96,217
03/06/2000,ALO,IA,ACE,CE,Towers with Radar,0,36,24,0,60,0,1,36,0,37,0,37,60,0,97,8,0,8,105
03/07/2000,ALO,IA,ACE,CE,Towers with Radar,0,42,46,0,88,0,1,26,0,27,0,43,72,0,115,42,0,42,157
03/08/2000,ALO,IA,ACE,CE,Towers with Radar,0,34,14,0,48,0,1,16,0,17,0,35,30,0,65,0,0,0,65
03/09/2000,ALO,IA,ACE,CE,Towers with Radar,2,41,22,0,65,0,1,9,0,10,2,42,31,0,75,0,0,0,75
03/10/2000,ALO,IA,ACE,CE,Towers with Radar,0,38,32,0,70,0,0,25,0,25,0,38,57,0,95,54,0,54,149
03/11/2000,ALO,IA,ACE,CE,Towers with Radar,0,33,19,0,52,0,0,86,0,86,0,33,105,0,138,68,0,68,206
03/12/2000,ALO,IA,ACE,CE,Towers with Radar,2,34,22,0,58,0,0,46,0,46,2,34,68,0,104,62,0,62,166
03/13/2000,ALO,IA,ACE,CE,Towers with Radar,0,33,31,0,64,0,0,14,0,14,0,33,45,0,78,6,0,6,84
03/14/2000,ALO,IA,ACE,CE,Towers with Radar,0,34,24,0,58,0,0,22,0,22,0,34,46,0,80,72,0,72,152
03/15/2000,ALO,IA,ACE,CE,Towers with Radar,0,32,39,0,71,0,0,5,0,5,0,32,44,0,76,0,0,0,76
03/16/2000,ALO,IA,ACE,CE,Towers with Radar,0,42,21,2,65,0,0,77,0,77,0,42,98,2,142,40,0,40,182
03/17/2000,ALO,IA,ACE,CE,Towers with Radar,0,34,22,0,56,0,0,43,0,43,0,34,65,0,99,66,0,66,165
03/18/2000,ALO,IA,ACE,CE,Towers with Radar,0,30,15,0,45,0,0,1,0,1,0,30,16,0,46,0,0,0,46
03/19/2000,ALO,IA,ACE,CE,Towers with Radar,0,34,22,0,56,0,0,2,0,2,0,34,24,0,58,8,0,8,66
03/20/2000,ALO,IA,ACE,CE,Towers with Radar,0,32,55,0,87,0,0,0,0,0,0,32,55,0,87,0,0,0,87
03/21/2000,ALO,IA,ACE,CE,Towers with Radar,0,36,47,0,83,0,0,12,0,12,0,36,59,0,95,40,0,40,135
03/22/2000,ALO,IA,ACE,CE,Towers with Radar,0,41,32,0,73,0,0,20,0,20,0,41,52,0,93,18,0,18,111
03/23/2000,ALO,IA,ACE,CE,Towers with Radar,0,40,42,0,82,0,0,23,0,23,0,40,65,0,105,32,0,32,137
03/24/2000,ALO,IA,ACE,CE,Towers with Radar,0,37,34,0,71,0,0,22,0,22,0,37,56,0,93,92,0,92,185
03/25/2000,ALO,IA,ACE,CE,Towers with Radar,0,30,25,0,55,0,0,51,0,51,0,30,76,0,106,46,0,46,152
03/26/2000,ALO,IA,ACE,CE,Towers with Radar,0,32,11,0,43,0,0,20,0,20,0,32,31,0,63,0,0,0,63
03/27/2000,ALO,IA,ACE,CE,Towers with Radar,0,38,24,0,62,0,0,15,0,15,0,38,39,0,77,0,0,0,77
03/28/2000,ALO,IA,ACE,CE,Towers with Radar,0,35,14,0,49,0,0,23,0,23,0,35,37,0,72,34,0,34,106
03/29/2000,ALO,IA,ACE,CE,Towers with Radar,0,36,35,2,73,0,0,65,0,65,0,36,100,2,138,100,0,100,238
03/30/2000,ALO,IA,ACE,CE,Towers with Radar,0,40,18,0,58,0,0,57,0,57,0,40,75,0,115,68,0,68,183
03/31/2000,ALO,IA,ACE,CE,Towers with Radar,0,37,28,0,65,0,0,44,0,44,0,37,72,0,109,52,0,52,161
04/01/2000,ALO,IA,ACE,CE,Towers with Radar,0,30,6,0,36,0,1,41,0,42,0,31,47,0,78,12,0,12,90
04/02/2000,ALO,IA,ACE,CE,Towers with Radar,0,25,4,0,29,0,1,32,0,33,0,26,36,0,62,52,0,52,114
04/03/2000,ALO,IA,ACE,CE,Towers with Radar,0,31,24,0,55,0,3,14,0,17,0,34,38,0,72,0,0,0,72
04/04/2000,ALO,IA,ACE,CE,Towers with Radar,0,38,18,0,56,0,1,37,0,38,0,39,55,0,94,24,0,24,118
04/05/2000,ALO,IA,ACE,CE,Towers with Radar,0,33,20,0,53,0,0,21,0,21,0,33,41,0,74,4,0,4,78
04/06/2000,ALO,IA,ACE,CE,Towers with Radar,0,36,42,0,78,0,1,67,0,68,0,37,109,0,146,60,0,60,206
04/07/2000,ALO,IA,ACE,CE,Towers with Radar,0,24,15,0,39,0,15,0,0,15,0,39,15,0,54,0,0,0,54
04/08/2000,ALO,IA,ACE,CE,Towers with Radar,0,26,24,0,50,0,3,53,0,56,0,29,77,0,106,102,0,102,208
04/09/2000,ALO,IA,ACE,CE,Towers with Radar,0,27,14,0,41,0,0,43,0,43,0,27,57,0,84,26,0,26,110
04/10/2000,ALO,IA,ACE,CE,Towers with Radar,0,32,32,0,64,0,0,14,0,14,0,32,46,0,78,22,0,22,100
04/11/2000,ALO,IA,ACE,CE,Towers with Radar,0,38,32,0,70,0,0,0,0,0,0,38,32,0,70,36,0,36,106
04/12/2000,ALO,IA,ACE,CE,Towers with Radar,0,37,35,0,72,0,0,53,0,53,0,37,88,0,125,30,0,30,155
04/13/2000,ALO,IA,ACE,CE,Towers with Radar,0,26,36,0,62,0,0,12,0,12,0,26,48,0,74,34,0,34,108
04/14/2000,ALO,IA,ACE,CE,Towers with Radar,0,34,28,0,62,0,0,28,0,28,0,34,56,0,90,44,0,44,134
04/15/2000,ALO,IA,ACE,CE,Towers with Radar,0,23,18,0,41,0,4,16,3,23,0,27,34,3,64,26,0,26,90
04/16/2000,ALO,IA,ACE,CE,Towers with Radar,0,20,7,0,27,0,0,3,0,3,0,20,10,0,30,0,0,0,30
04/17/2000,ALO,IA,ACE,CE,Towers with Radar,0,31,68,0,99,0,0,16,0,16,0,31,84,0,115,44,0,44,159
04/18/2000,ALO,IA,ACE,CE,Towers with Radar,0,33,40,0,73,0,0,36,0,36,0,33,76,0,109,4,2,6,115
04/19/2000,ALO,IA,ACE,CE,Towers with Radar,0,25,8,0,33,0,0,0,0,0,0,25,8,0,33,0,0,0,33
04/20/2000,ALO,IA,ACE,CE,Towers with Radar,0,36,33,0,69,0,0,8,0,8,0,36,41,0,77,0,0,0,77
04/21/2000,ALO,IA,ACE,CE,Towers with Radar,0,32,32,0,64,0,0,61,0,61,0,32,93,0,125,72,0,72,197
04/22/2000,ALO,IA,ACE,CE,Towers with Radar,0,25,16,0,41,0,2,64,0,66,0,27,80,0,107,114,0,114,221
04/23/2000,ALO,IA,ACE,CE,Towers with Radar,0,27,8,0,35,0,0,27,0,27,0,27,35,0,62,16,0,16,78
04/24/2000,ALO,IA,ACE,CE,Towers with Radar,0,36,25,2,63,0,0,31,5,36,0,36,56,7,99,24,58,82,181
04/25/2000,ALO,IA,ACE,CE,Towers with Radar,0,39,40,0,79,0,0,59,0,59,0,39,99,0,138,30,22,52,190
04/26/2000,ALO,IA,ACE,CE,Towers with Radar,0,32,25,0,57,0,0,58,0,58,0,32,83,0,115,32,0,32,147
04/27/2000,ALO,IA,ACE,CE,Towers with Radar,0,43,35,0,78,0,0,32,0,32,0,43,67,0,110,84,0,84,194
04/28/2000,ALO,IA,ACE,CE,Towers with Radar,0,38,33,0,71,0,0,32,4,36,0,38,65,4,107,2,8,10,117
04/29/2000,ALO,IA,ACE,CE,Towers with Radar,0,29,10,0,39,0,0,82,0,82,0,29,92,0,121,82,0,82,203
04/30/2000,ALO,IA,ACE,CE,Towers with Radar,0,25,11,0,36,0,0,34,0,34,0,25,45,0,70,14,0,14,84
05/01/2000,ALO,IA,ACE,CE,Towers with Radar,0,29,32,0,61,0,3,22,0,25,0,32,54,0,86,24,0,24,110
05/02/2000,ALO,IA,ACE,CE,Towers with Radar,0,39,14,0,53,0,0,43,6,49,0,39,57,6,102,80,4,84,186
05/03/2000,ALO,IA,ACE,CE,Towers with Radar,0,34,41,0,75,0,0,24,0,24,0,34,65,0,99,0,0,0,99
05/04/2000,ALO,IA,ACE,CE,Towers with Radar,0,39,33,0,72,0,0,44,0,44,0,39,77,0,116,86,0,86,202
05/05/2000,ALO,IA,ACE,CE,Towers with Radar,0,34,31,0,65,0,0,48,4,52,0,34,79,4,117,12,0,12,129
05/06/2000,ALO,IA,ACE,CE,Towers with Radar,0,28,12,0,40,0,0,39,0,39,0,28,51,0,79,54,0,54,133
05/07/2000,ALO,IA,ACE,CE,Towers with Radar,0,22,14,0,36,0,0,28,0,28,0,22,42,0,64,42,0,42,106
05/08/2000,ALO,IA,ACE,CE,Towers with Radar,0,29,32,0,61,0,0,20,0,20,0,29,52,0,81,0,0,0,81
05/09/2000,ALO,IA,ACE,CE,Towers with Radar,0,36,30,0,66,0,0,23,2,25,0,36,53,2,91,0,4,4,95
05/10/2000,ALO,IA,ACE,CE,Towers with Radar,0,35,32,4,71,0,0,24,6,30,0,35,56,10,101,0,4,4,105
05/11/2000,ALO,IA,ACE,CE,Towers with Radar,0,27,18,0,45,0,0,9,0,9,0,27,27,0,54,0,0,0,54
05/12/2000,ALO,IA,ACE,CE,Towers with Radar,0,32,29,2,63,0,0,32,0,32,0,32,61,2,95,24,4,28,123
05/13/2000,ALO,IA,ACE,CE,Towers with Radar,0,28,8,0,36,0,0,19,0,19,0,28,27,0,55,12,0,12,67
05/14/2000,ALO,IA,ACE,CE,Towers with Radar,0,18,16,0,34,0,6,41,0,47,0,24,57,0,81,44,0,44,125
05/15/2000,ALO,IA,ACE,CE,Towers with Radar,0,28,28,0,56,0,0,31,0,31,0,28,59,0,87,44,0,44,131
05/16/2000,ALO,IA,ACE,CE,Towers with Radar,0,41,20,0,61,0,0,34,0,34,0,41,54,0,95,16,0,16,111
05/17/2000,ALO,IA,ACE,CE,Towers with Radar,0,27,30,0,57,0,0,6,0,6,0,27,36,0,63,14,0,14,77
05/18/2000,ALO,IA,ACE,CE,Towers with Radar,0,19,18,0,37,0,0,2,0,2,0,19,20,0,39,0,0,0,39
05/19/2000,ALO,IA,ACE,CE,Towers with Radar,0,33,33,14,80,0,0,115,2,117,0,33,148,16,197,94,36,130,327
05/20/2000,ALO,IA,ACE,CE,Towers with Radar,0,26,10,0,36,0,0,77,2,79,0,26,87,2,115,132,0,132,247
05/21/2000,ALO,IA,ACE,CE,Towers with Radar,0,27,24,0,51,0,0,19,0,19,0,27,43,0,70,6,2,8,78
05/22/2000,ALO,IA,ACE,CE,Towers with Radar,0,34,63,0,97,0,0,51,0,51,0,34,114,0,148,0,62,62,210
05/23/2000,ALO,IA,ACE,CE,Towers with Radar,0,36,44,0,80,0,0,44,0,44,0,36,88,0,124,24,0,24,148
05/24/2000,ALO,IA,ACE,CE,Towers with Radar,0,39,35,0,74,0,1,26,0,27,0,40,61,0,101,140,0,140,241
05/25/2000,ALO,IA,ACE,CE,Towers with Radar,0,40,25,0,65,0,0,37,0,37,0,40,62,0,102,32,0,32,134
05/26/2000,ALO,IA,ACE,CE,Towers with Radar,0,33,24,0,57,0,0,11,0,11,0,33,35,0,68,52,0,52,120
05/27/2000,ALO,IA,ACE,CE,Towers with Radar,0,24,27,0,51,0,1,0,0,1,0,25,27,0,52,0,0,0,52
05/28/2000,ALO,IA,ACE,CE,Towers with Radar,0,21,24,0,45,0,0,17,0,17,0,21,41,0,62,42,0,42,104
05/29/2000,ALO,IA,ACE,CE,Towers with Radar,0,24,52,0,76,0,0,16,0,16,0,24,68,0,92,43,0,43,135
05/30/2000,ALO,IA,ACE,CE,Towers with Radar,0,29,29,0,58,0,0,21,0,21,0,29,50,0,79,4,0,4,83
05/31/2000,ALO,IA,ACE,CE,Towers with Radar,0,29,32,0,61,0,0,14,0,14,0,29,46,0,75,10,0,10,85
06/01/2000,ALO,IA,ACE,CE,Towers with Radar,0,35,21,2,58,0,1,19,0,20,0,36,40,2,78,22,0,22,100
06/02/2000,ALO,IA,ACE,CE,Towers with Radar,0,38,30,0,68,0,1,54,7,62,0,39,84,7,130,130,0,130,260
06/03/2000,ALO,IA,ACE,CE,Towers with Radar,0,23,23,0,46,0,2,67,3,72,0,25,90,3,118,74,0,74,192
06/04/2000,ALO,IA,ACE,CE,Towers with Radar,0,23,23,1,47,0,0,4,0,4,0,23,27,1,51,20,0,20,71
06/05/2000,ALO,IA,ACE,CE,Towers with Radar,0,39,37,0,76,0,0,57,0,57,0,39,94,0,133,52,0,52,185
06/06/2000,ALO,IA,ACE,CE,Towers with Radar,0,32,52,0,84,0,1,57,6,64,0,33,109,6,148,110,8,118,266
06/07/2000,ALO,IA,ACE,CE,Towers with Radar,0,33,26,0,59,0,1,48,5,54,0,34,74,5,113,12,16,28,141
06/08/2000,ALO,IA,ACE,CE,Towers with Radar,0,32,38,6,76,0,1,67,2,70,0,33,105,8,146,108,98,206,352
06/09/2000,ALO,IA,ACE,CE,Towers with Radar,0,30,20,3,53,0,1,38,1,40,0,31,58,4,93,0,114,114,207
06/10/2000,ALO,IA,ACE,CE,Towers with Radar,0,25,16,2,43,0,1,149,0,150,0,26,165,2,193,192,28,220,413
06/11/2000,ALO,IA,ACE,CE,Towers with Radar,0,22,23,3,48,0,1,373,9,383,0,23,396,12,431,156,0,156,587
06/12/2000,ALO,IA,ACE,CE,Towers with Radar,0,34,27,1,62,0,4,0,2,6,0,38,27,3,68,0,0,0,68
06/13/2000,ALO,IA,ACE,CE,Towers with Radar,0,20,23,0,43,0,1,11,4,16,0,21,34,4,59,32,0,32,91
06/14/2000,ALO,IA,ACE,CE,Towers with Radar,0,26,34,0,60,0,1,7,4,12,0,27,41,4,72,0,0,0,72
06/15/2000,ALO,IA,ACE,CE,Towers with Radar,0,33,28,0,61,0,1,50,4,55,0,34,78,4,116,26,0,26,142
06/16/2000,ALO,IA,ACE,CE,Towers with Radar,0,28,20,3,51,0,0,39,2,41,0,28,59,5,92,52,0,52,144
06/17/2000,ALO,IA,ACE,CE,Towers with Radar,0,27,31,0,58,0,0,54,0,54,0,27,85,0,112,14,0,14,126
06/18/2000,ALO,IA,ACE,CE,Towers with Radar,0,30,19,0,49,0,0,84,0,84,0,30,103,0,133,64,0,64,197
06/19/2000,ALO,IA,ACE,CE,Towers with Radar,0,35,25,0,60,0,0,58,0,58,0,35,83,0,118,140,0,140,258
06/20/2000,ALO,IA,ACE,CE,Towers with Radar,0,25,31,0,56,0,0,26,0,26,0,25,57,0,82,34,0,34,116
06/21/2000,ALO,IA,ACE,CE,Towers with Radar,0,33,21,4,58,0,2,55,5,62,0,35,76,9,120,4,0,4,124
06/22/2000,ALO,IA,ACE,CE,Towers with Radar,0,32,35,1,68,0,0,68,5,73,0,32,103,6,141,144,0,144,285
06/23/2000,ALO,IA,ACE,CE,Towers with Radar,0,35,34,2,71,0,0,41,1,42,0,35,75,3,113,80,0,80,193
06/24/2000,ALO,IA,ACE,CE,Towers with Radar,2,27,18,0,47,0,0,15,1,16,2,27,33,1,63,8,0,8,71
06/25/2000,ALO,IA,ACE,CE,Towers with Radar,0,30,19,4,53,0,0,37,0,37,0,30,56,4,90,36,0,36,126
06/26/2000,ALO,IA,ACE,CE,Towers with Radar,0,35,42,0,77,0,0,34,0,34,0,35,76,0,111,32,0,32,143
06/27/2000,ALO,IA,ACE,CE,Towers with Radar,0,38,29,4,71,0,0,57,8,65,0,38,86,12,136,18,9,27,163
06/28/2000,ALO,IA,ACE,CE,Towers with Radar,0,35,33,0,68,0,0,37,11,48,0,35,70,11,116,100,14,114,230
06/29/2000,ALO,IA,ACE,CE,Towers with Radar,0,33,37,1,71,0,0,79,0,79,0,33,116,1,150,178,0,178,328
06/30/2000,ALO,IA,ACE,CE,Towers with Radar,0,33,32,0,65,0,0,78,1,79,0,33,110,1,144,146,2,148,292
07/01/2000,ALO,IA,ACE,CE,Towers with Radar,0,29,9,0,38,0,1,38,0,39,0,30,47,0,77,64,0,64,141
07/02/2000,ALO,IA,ACE,CE,Towers with Radar,0,17,10,0,27,0,3,8,0,11,0,20,18,0,38,44,0,44,82
07/03/2000,ALO,IA,ACE,CE,Towers with Radar,0,32,17,0,49,0,3,10,0,13,0,35,27,0,62,62,0,62,124
07/04/2000,ALO,IA,ACE,CE,Towers with Radar,0,21,8,0,29,0,3,0,0,3,0,24,8,0,32,0,0,0,32
07/05/2000,ALO,IA,ACE,CE,Towers with Radar,0,25,35,0,60,0,3,17,0,20,0,28,52,0,80,36,0,36,116
07/06/2000,ALO,IA,ACE,CE,Towers with Radar,0,31,34,0,65,0,3,65,0,68,0,34,99,0,133,84,0,84,217
07/07/2000,ALO,IA,ACE,CE,Towers with Radar,0,30,50,3,83,0,3,22,0,25,0,33,72,3,108,54,8,62,170
07/08/2000,ALO,IA,ACE,CE,Towers with Radar,0,26,28,0,54,0,2,32,0,34,0,28,60,0,88,32,8,40,128
07/09/2000,ALO,IA,ACE,CE,Towers with Radar,0,16,17,0,33,0,8,0,0,8,0,24,17,0,41,29,4,33,74
07/10/2000,ALO,IA,ACE,CE,Towers with Radar,0,27,27,0,54,0,3,20,0,23,0,30,47,0,77,58,0,58,135
07/11/2000,ALO,IA,ACE,CE,Towers with Radar,0,36,38,0,74,0,3,35,0,38,0,39,73,0,112,90,4,94,206
07/12/2000,ALO,IA,ACE,CE,Towers with Radar,0,39,55,0,94,0,0,50,0,50,0,39,105,0,144,6,7,13,157
07/13/2000,ALO,IA,ACE,CE,Towers with Radar,0,40,36,4,80,0,3,61,8,72,0,43,97,12,152,110,0,110,262
07/14/2000,ALO,IA,ACE,CE,Towers with Radar,0,32,35,5,72,0,4,71,6,81,0,36,106,11,153,56,0,56,209
07/15/2000,ALO,IA,ACE,CE,Towers with Radar,0,30,18,0,48,0,3,70,2,75,0,33,88,2,123,66,0,66,189
07/16/2000,ALO,IA,ACE,CE,Towers with Radar,0,23,16,0,39,0,3,31,0,34,0,26,47,0,73,48,0,48,121
07/17/2000,ALO,IA,ACE,CE,Towers with Radar,0,31,38,1,70,0,3,52,0,55,0,34,90,1,125,54,0,54,179
07/18/2000,ALO,IA,ACE,CE,Towers with Radar,0,26,32,1,59,0,5,22,1,28,0,31,54,2,87,74,0,74,161
07/19/2000,ALO,IA,ACE,CE,Towers with Radar,0,30,53,3,86,0,0,29,3,32,0,30,82,6,118,82,0,82,200
07/20/2000,ALO,IA,ACE,CE,Towers with Radar,0,39,61,3,103,0,0,45,3,48,0,39,106,6,151,72,0,72,223
07/21/2000,ALO,IA,ACE,CE,Towers with Radar,0,28,33,0,61,0,3,61,4,68,0,31,94,4,129,72,0,72,201
07/22/2000,ALO,IA,ACE,CE,Towers with Radar,0,29,16,0,45,0,3,69,0,72,0,32,85,0,117,88,0,88,205
07/23/2000,ALO,IA,ACE,CE,Towers with Radar,0,24,21,1,46,0,3,62,2,67,0,27,83,3,113,34,0,34,147
07/24/2000,ALO,IA,ACE,CE,Towers with Radar,0,32,28,1,61,0,2,56,1,59,0,34,84,2,120,74,4,78,198
07/25/2000,ALO,IA,ACE,CE,Towers with Radar,0,25,38,1,64,0,3,45,11,59,0,28,83,12,123,26,0,26,149
07/26/2000,ALO,IA,ACE,CE,Towers with Radar,0,30,40,1,71,0,0,33,0,33,0,30,73,1,104,74,0,74,178
07/27/2000,ALO,IA,ACE,CE,Towers with Radar,0,36,46,4,86,0,2,56,0,58,0,38,102,4,144,124,0,124,268
07/28/2000,ALO,IA,ACE,CE,Towers with Radar,0,29,44,11,84,0,2,50,16,68,0,31,94,27,152,37,24,61,213
07/29/2000,ALO,IA,ACE,CE,Towers with Radar,0,28,19,0,47,0,2,48,0,50,0,30,67,0,97,35,0,35,132
07/30/2000,ALO,IA,ACE,CE,Towers with Radar,0,22,14,2,38,0,2,88,0,90,0,24,102,2,128,54,0,54,182
07/31/2000,ALO,IA,ACE,CE,Towers with Radar,0,37,8,0,45,0,1,66,0,67,0,38,74,0,112,100,0,100,212
08/01/2000,ALO,IA,ACE,CE,Towers with Radar,0,34,19,0,53,0,1,29,2,32,0,35,48,2,85,96,0,96,181
08/02/2000,ALO,IA,ACE,CE,Towers with Radar,0,29,27,0,56,0,1,44,0,45,0,30,71,0,101,36,0,36,137
08/03/2000,ALO,IA,ACE,CE,Towers with Radar,0,27,38,0,65,0,1,55,0,56,0,28,93,0,121,100,0,100,221
08/04/2000,ALO,IA,ACE,CE,Towers with Radar,0,30,23,0,53,0,1,71,0,72,0,31,94,0,125,70,0,70,195
08/05/2000,ALO,IA,ACE,CE,Towers with Radar,0,16,6,0,22,0,1,2,0,3,0,17,8,0,25,0,0,0,25
08/06/2000,ALO,IA,ACE,CE,Towers with Radar,0,28,21,0,49,0,1,36,0,37,0,29,57,0,86,34,0,34,120
08/07/2000,ALO,IA,ACE,CE,Towers with Radar,0,29,27,1,57,0,0,52,3,55,0,29,79,4,112,76,0,76,188
08/08/2000,ALO,IA,ACE,CE,Towers with Radar,0,29,16,5,50,0,0,27,10,37,0,29,43,15,87,10,24,34,121
08/09/2000,ALO,IA,ACE,CE,Towers with Radar,0,29,29,0,58,0,1,55,0,56,0,30,84,0,114,72,0,72,186
08/10/2000,ALO,IA,ACE,CE,Towers with Radar,0,31,27,10,68,0,0,70,10,80,0,31,97,20,148,88,26,114,262
08/11/2000,ALO,IA,ACE,CE,Towers with Radar,0,34,30,0,64,0,1,57,6,64,0,35,87,6,128,28,2,30,158
08/12/2000,ALO,IA,ACE,CE,Towers with Radar,0,27,12,0,39,0,1,44,4,49,0,28,56,4,88,32,2,34,122
08/13/2000,ALO,IA,ACE,CE,Towers with Radar,0,26,18,2,46,0,1,37,0,38,0,27,55,2,84,76,0,76,160
08/14/2000,ALO,IA,ACE,CE,Towers with Radar,0,33,45,4,82,0,1,33,2,36,0,34,78,6,118,74,0,74,192
08/15/2000,ALO,IA,ACE,CE,Towers with Radar,0,36,61,0,97,0,1,42,2,45,0,37,103,2,142,116,0,116,258
08/16/2000,ALO,IA,ACE,CE,Towers with Radar,0,37,20,0,57,0,0,33,4,37,0,37,53,4,94,104,0,104,198
08/17/2000,ALO,IA,ACE,CE,Towers with Radar,0,46,55,0,101,0,0,6,0,6,0,46,61,0,107,38,0,38,145
08/18/2000,ALO,IA,ACE,CE,Towers with Radar,0,28,38,0,66,0,0,49,3,52,0,28,87,3,118,22,2,24,142
08/19/2000,ALO,IA,ACE,CE,Towers with Radar,0,29,13,0,42,0,0,58,0,58,0,29,71,0,100,112,0,112,212
08/20/2000,ALO,IA,ACE,CE,Towers with Radar,0,29,19,0,48,0,0,52,0,52,0,29,71,0,100,88,0,88,188
08/21/2000,ALO,IA,ACE,CE,Towers with Radar,0,36,30,0,66,0,0,31,1,32,0,36,61,1,98,30,0,30,128
08/22/2000,ALO,IA,ACE,CE,Towers with Radar,0,42,27,0,69,0,0,11,0,11,0,42,38,0,80,60,0,60,140
08/23/2000,ALO,IA,ACE,CE,Towers with Radar,0,36,25,0,61,0,0,14,4,18,0,36,39,4,79,48,0,48,127
08/24/2000,ALO,IA,ACE,CE,Towers with Radar,0,42,40,0,82,0,0,50,0,50,0,42,90,0,132,118,0,118,250
08/25/2000,ALO,IA,ACE,CE,Towers with Radar,0,29,41,8,78,0,0,14,8,22,0,29,55,16,100,16,22,38,138
08/26/2000,ALO,IA,ACE,CE,Towers with Radar,0,27,15,0,42,0,0,114,0,114,0,27,129,0,156,44,0,44,200
08/27/2000,ALO,IA,ACE,CE,Towers with Radar,0,30,20,0,50,0,0,48,0,48,0,30,68,0,98,104,0,104,202
08/28/2000,ALO,IA,ACE,CE,Towers with Radar,0,28,42,4,74,0,0,2,0,2,0,28,44,4,76,0,0,0,76
08/29/2000,ALO,IA,ACE,CE,Towers with Radar,0,37,34,0,71,0,0,32,8,40,0,37,66,8,111,66,8,74,185
08/30/2000,ALO,IA,ACE,CE,Towers with Radar,0,28,34,9,71,0,0,22,9,31,0,28,56,18,102,42,70,112,214
08/31/2000,ALO,IA,ACE,CE,Towers with Radar,0,30,24,0,54,0,0,33,2,35,0,30,57,2,89,32,0,32,121
09/01/2000,ALO,IA,ACE,CE,Towers with Radar,0,33,23,0,56,0,0,4,0,4,0,33,27,0,60,18,0,18,78
09/02/2000,ALO,IA,ACE,CE,Towers with Radar,0,29,3,0,32,0,0,14,0,14,0,29,17,0,46,32,0,32,78
09/03/2000,ALO,IA,ACE,CE,Towers with Radar,0,18,14,0,32,0,0,37,0,37,0,18,51,0,69,64,0,64,133
09/04/2000,ALO,IA,ACE,CE,Towers with Radar,0,19,21,0,40,0,0,37,0,37,0,19,58,0,77,32,0,32,109
09/05/2000,ALO,IA,ACE,CE,Towers with Radar,0,37,15,15,67,0,0,61,8,69,0,37,76,23,136,98,12,110,246
09/06/2000,ALO,IA,ACE,CE,Towers with Radar,0,37,18,0,55,0,0,37,16,53,0,37,55,16,108,102,10,112,220
09/07/2000,ALO,IA,ACE,CE,Towers with Radar,0,39,33,0,72,0,3,34,4,41,0,42,67,4,113,64,0,64,177
09/08/2000,ALO,IA,ACE,CE,Towers with Radar,0,33,37,0,70,0,0,44,3,47,0,33,81,3,117,50,2,52,169
09/09/2000,ALO,IA,ACE,CE,Towers with Radar,0,22,18,1,41,2,9,25,1,37,2,31,43,2,78,46,0,46,124
09/10/2000,ALO,IA,ACE,CE,Towers with Radar,0,30,17,0,47,0,0,0,0,0,0,30,17,0,47,48,0,48,95
09/11/2000,ALO,IA,ACE,CE,Towers with Radar,0,27,20,0,47,0,0,14,0,14,0,27,34,0,61,46,0,46,107
09/12/2000,ALO,IA,ACE,CE,Towers with Radar,0,35,28,0,63,0,0,64,7,71,0,35,92,7,134,60,2,62,196
09/13/2000,ALO,IA,ACE,CE,Towers with Radar,0,34,45,1,80,0,0,49,19,68,0,34,94,20,148,66,8,74,222
09/14/2000,ALO,IA,ACE,CE,Towers with Radar,0,34,36,2,72,0,0,4,14,18,0,34,40,16,90,70,20,90,180
09/15/2000,ALO,IA,ACE,CE,Towers with Radar,0,33,17,4,54,0,0,54,3,57,0,33,71,7,111,42,2,44,155
09/16/2000,ALO,IA,ACE,CE,Towers with Radar,4,35,17,0,56,0,0,60,0,60,4,35,77,0,116,50,0,50,166
09/17/2000,ALO,IA,ACE,CE,Towers with Radar,0,26,15,4,45,0,0,78,1,79,0,26,93,5,124,138,0,138,262
09/18/2000,ALO,IA,ACE,CE,Towers with Radar,0,35,34,8,77,0,0,30,3,33,0,35,64,11,110,34,2,36,146
09/19/2000,ALO,IA,ACE,CE,Towers with Radar,0,33,39,4,76,0,0,11,1,12,0,33,50,5,88,2,0,2,90
09/20/2000,ALO,IA,ACE,CE,Towers with Radar,0,37,36,2,75,2,0,41,16,59,2,37,77,18,134,2,4,6,140
09/21/2000,ALO,IA,ACE,CE,Towers with Radar,0,37,36,4,77,0,0,50,2,52,0,37,86,6,129,66,0,66,195
09/22/2000,ALO,IA,ACE,CE,Towers with Radar,2,33,43,0,78,0,0,0,0,0,2,33,43,0,78,0,0,0,78
09/23/2000,ALO,IA,ACE,CE,Towers with Radar,2,21,45,0,68,0,0,10,4,14,2,21,55,4,82,30,0,30,112
09/24/2000,ALO,IA,ACE,CE,Towers with Radar,0,25,20,0,45,0,0,25,0,25,0,25,45,0,70,86,0,86,156
09/25/2000,ALO,IA,ACE,CE,Towers with Radar,0,31,37,0,68,0,0,57,3,60,0,31,94,3,128,68,0,68,196
09/26/2000,ALO,IA,ACE,CE,Towers with Radar,0,33,23,4,60,0,0,54,6,60,0,33,77,10,120,66,4,70,190
09/27/2000,ALO,IA,ACE,CE,Towers with Radar,0,37,37,0,74,0,0,54,2,56,0,37,91,2,130,60,0,60,190
09/28/2000,ALO,IA,ACE,CE,Towers with Radar,0,33,30,0,63,0,0,28,4,32,0,33,58,4,95,22,0,22,117
09/29/2000,ALO,IA,ACE,CE,Towers with Radar,0,33,47,0,80,0,0,33,4,37,0,33,80,4,117,16,2,18,135
09/30/2000,ALO,IA,ACE,CE,Towers with Radar,0,29,20,0,49,0,0,41,0,41,0,29,61,0,90,26,0,26,116
10/01/2000,ALO,IA,ACE,CE,Towers with Radar,0,24,22,0,46,0,2,47,0,49,0,26,69,0,95,64,0,64,159
10/02/2000,ALO,IA,ACE,CE,Towers with Radar,0,33,28,0,61,0,0,42,0,42,0,33,70,0,103,118,0,118,221
10/03/2000,ALO,IA,ACE,CE,Towers with Radar,0,28,24,1,53,0,4,33,1,38,0,32,57,2,91,28,0,28,119
10/04/2000,ALO,IA,ACE,CE,Towers with Radar,0,30,32,1,63,0,0,48,7,55,0,30,80,8,118,130,6,136,254
10/05/2000,ALO,IA,ACE,CE,Towers with Radar,0,29,22,0,51,0,0,12,2,14,0,29,34,2,65,22,0,22,87
10/06/2000,ALO,IA,ACE,CE,Towers with Radar,0,32,20,0,52,1,2,28,5,36,1,34,48,5,88,38,2,40,128
10/07/2000,ALO,IA,ACE,CE,Towers with Radar,0,20,17,0,37,1,9,23,0,33,1,29,40,0,70,46,0,46,116
10/08/2000,ALO,IA,ACE,CE,Towers with Radar,0,23,16,0,39,0,0,66,0,66,0,23,82,0,105,24,0,24,129
10/09/2000,ALO,IA,ACE,CE,Towers with Radar,0,29,28,0,57,0,2,65,0,67,0,31,93,0,124,44,0,44,168
10/10/2000,ALO,IA,ACE,CE,Towers with Radar,0,32,28,1,61,0,3,49,5,57,0,35,77,6,118,30,2,32,150
10/11/2000,ALO,IA,ACE,CE,Towers with Radar,0,36,31,1,68,0,9,37,13,59,0,45,68,14,127,24,14,38,165
10/12/2000,ALO,IA,ACE,CE,Towers with Radar,0,37,19,2,58,0,0,32,0,32,0,37,51,2,90,66,0,66,156
10/13/2000,ALO,IA,ACE,CE,Towers with Radar,0,29,35,1,65,0,0,43,10,53,0,29,78,11,118,10,0,10,128
10/14/2000,ALO,IA,ACE,CE,Towers with Radar,3,27,18,2,50,1,0,65,3,69,4,27,83,5,119,52,10,62,181
10/15/2000,ALO,IA,ACE,CE,Towers with Radar,0,25,28,1,54,0,0,72,7,79,0,25,100,8,133,76,0,76,209
10/16/2000,ALO,IA,ACE,CE,Towers with Radar,0,29,25,0,54,0,0,25,0,25,0,29,50,0,79,16,0,16,95
10/17/2000,ALO,IA,ACE,CE,Towers with Radar,0,32,29,8,69,0,0,38,1,39,0,32,67,9,108,24,12,36,144
10/18/2000,ALO,IA,ACE,CE,Towers with Radar,0,37,37,3,77,0,3,59,7,69,0,40,96,10,146,50,6,56,202
10/19/2000,ALO,IA,ACE,CE,Towers with Radar,0,34,54,0,88,0,0,54,0,54,0,34,108,0,142,42,0,42,184
10/20/2000,ALO,IA,ACE,CE,Towers with Radar,0,29,36,0,65,0,0,54,10,64,0,29,90,10,129,14,0,14,143
10/21/2000,ALO,IA,ACE,CE,Towers with Radar,0,20,18,0,38,0,6,51,7,64,0,26,69,7,102,70,0,70,172
10/22/2000,ALO,IA,ACE,CE,Towers with Radar,0,21,26,0,47,0,5,18,11,34,0,26,44,11,81,32,4,36,117
10/23/2000,ALO,IA,ACE,CE,Towers with Radar,0,27,28,0,55,0,4,0,0,4,0,31,28,0,59,0,0,0,59
10/24/2000,ALO,IA,ACE,CE,Towers with Radar,0,28,15,0,43,0,1,2,0,3,0,29,17,0,46,0,0,0,46
10/25/2000,ALO,IA,ACE,CE,Towers with Radar,0,35,35,1,71,0,0,13,14,27,0,35,48,15,98,0,4,4,102
10/26/2000,ALO,IA,ACE,CE,Towers with Radar,0,35,32,0,67,0,0,24,12,36,0,35,56,12,103,38,0,38,141
10/27/2000,ALO,IA,ACE,CE,Towers with Radar,0,37,36,0,73,0,0,8,2,10,0,37,44,2,83,38,8,46,129
10/28/2000,ALO,IA,ACE,CE,Towers with Radar,3,25,17,0,45,1,0,32,0,33,4,25,49,0,78,88,4,92,170
10/29/2000,ALO,IA,ACE,CE,Towers with Radar,0,23,11,4,38,0,0,21,0,21,0,23,32,4,59,14,0,14,73
10/30/2000,ALO,IA,ACE,CE,Towers with Radar,0,31,51,3,85,0,0,35,3,38,0,31,86,6,123,44,0,44,167
10/31/2000,ALO,IA,ACE,CE,Towers with Radar,0,38,33,0,71,0,0,34,2,36,0,38,67,2,107,20,0,20,127
11/01/2000,ALO,IA,ACE,CE,Towers with Radar,0,33,23,0,56,0,1,0,0,1,0,34,23,0,57,12,0,12,69
11/02/2000,ALO,IA,ACE,CE,Towers with Radar,0,33,36,19,88,0,0,63,3,66,0,33,99,22,154,46,38,84,238
11/03/2000,ALO,IA,ACE,CE,Towers with Radar,2,34,31,5,72,0,0,49,17,66,2,34,80,22,138,20,16,36,174
11/04/2000,ALO,IA,ACE,CE,Towers with Radar,0,27,12,4,43,0,0,54,2,56,0,27,66,6,99,80,2,82,181
11/05/2000,ALO,IA,ACE,CE,Towers with Radar,0,28,14,2,44,1,0,1,1,3,1,28,15,3,47,10,0,10,57
11/06/2000,ALO,IA,ACE,CE,Towers with Radar,2,35,19,3,59,0,0,0,1,1,2,35,19,4,60,0,0,0,60
11/07/2000,ALO,IA,ACE,CE,Towers with Radar,0,39,30,0,69,0,0,8,8,16,0,39,38,8,85,2,0,2,87
11/08/2000,ALO,IA,ACE,CE,Towers with Radar,0,37,34,0,71,0,0,18,12,30,0,37,52,12,101,44,8,52,153
11/09/2000,ALO,IA,ACE,CE,Towers with Radar,0,33,43,0,76,0,0,7,2,9,0,33,50,2,85,66,0,66,151
11/10/2000,ALO,IA,ACE,CE,Towers with Radar,0,44,34,0,78,0,0,29,3,32,0,44,63,3,110,10,0,10,120
11/11/2000,ALO,IA,ACE,CE,Towers with Radar,0,26,21,0,47,0,0,0,0,0,0,26,21,0,47,0,0,0,47
11/12/2000,ALO,IA,ACE,CE,Towers with Radar,0,30,3,0,33,0,0,0,0,0,0,30,3,0,33,6,0,6,39
11/13/2000,ALO,IA,ACE,CE,Towers with Radar,0,31,22,0,53,0,0,9,0,9,0,31,31,0,62,0,0,0,62
11/14/2000,ALO,IA,ACE,CE,Towers with Radar,0,39,49,1,89,0,0,31,10,41,0,39,80,11,130,6,0,6,136
11/15/2000,ALO,IA,ACE,CE,Towers with Radar,0,54,17,10,81,0,0,39,4,43,0,54,56,14,124,40,2,42,166
11/16/2000,ALO,IA,ACE,CE,Towers with Radar,0,34,17,0,51,0,0,0,0,0,0,34,17,0,51,0,0,0,51
11/17/2000,ALO,IA,ACE,CE,Towers with Radar,0,34,39,0,73,0,0,21,10,31,0,34,60,10,104,18,2,20,124
11/18/2000,ALO,IA,ACE,CE,Towers with Radar,0,25,16,14,55,0,1,17,9,27,0,26,33,23,82,54,0,54,136
11/19/2000,ALO,IA,ACE,CE,Towers with Radar,0,25,22,0,47,0,0,6,0,6,0,25,28,0,53,18,0,18,71
11/20/2000,ALO,IA,ACE,CE,Towers with Radar,0,36,25,0,61,0,0,8,0,8,0,36,33,0,69,0,0,0,69
11/21/2000,ALO,IA,ACE,CE,Towers with Radar,0,38,40,1,79,0,0,48,7,55,0,38,88,8,134,44,8,52,186
11/22/2000,ALO,IA,ACE,CE,Towers with Radar,0,37,26,0,63,0,0,46,4,50,0,37,72,4,113,44,0,44,157
11/23/2000,ALO,IA,ACE,CE,Towers with Radar,0,27,9,0,36,0,0,15,0,15,0,27,24,0,51,22,0,22,73
11/24/2000,ALO,IA,ACE,CE,Towers with Radar,0,23,9,0,32,0,0,45,0,45,0,23,54,0,77,36,0,36,113
11/25/2000,ALO,IA,ACE,CE,Towers with Radar,0,24,8,0,32,0,0,27,0,27,0,24,35,0,59,24,0,24,83
11/26/2000,ALO,IA,ACE,CE,Towers with Radar,0,27,7,0,34,0,0,0,0,0,0,27,7,0,34,0,0,0,34
11/27/2000,ALO,IA,ACE,CE,Towers with Radar,0,37,16,0,53,0,0,35,0,35,0,37,51,0,88,34,0,34,122
11/28/2000,ALO,IA,ACE,CE,Towers with Radar,0,38,33,0,71,0,0,9,9,18,0,38,42,9,89,28,6,34,123
11/29/2000,ALO,IA,ACE,CE,Towers with Radar,0,31,38,0,69,0,0,33,2,35,0,31,71,2,104,16,0,16,120
11/30/2000,ALO,IA,ACE,CE,Towers with Radar,0,36,18,32,86,0,0,2,8,10,0,36,20,40,96,0,0,0,96
12/01/2000,ALO,IA,ACE,CE,Towers with Radar,0,36,28,1,65,0,0,6,3,9,0,36,34,4,74,0,0,0,74
12/02/2000,ALO,IA,ACE,CE,Towers with Radar,0,27,4,0,31,0,0,46,0,46,0,27,50,0,77,36,0,36,113
12/03/2000,ALO,IA,ACE,CE,Towers with Radar,0,29,18,2,49,0,0,36,0,36,0,29,54,2,85,34,0,34,119
12/04/2000,ALO,IA,ACE,CE,Towers with Radar,0,35,27,0,62,0,0,17,0,17,0,35,44,0,79,2,0,2,81
12/05/2000,ALO,IA,ACE,CE,Towers with Radar,0,33,20,0,53,0,0,11,6,17,0,33,31,6,70,0,0,0,70
12/06/2000,ALO,IA,ACE,CE,Towers with Radar,0,32,26,0,58,0,0,3,7,10,0,32,29,7,68,2,0,2,70
12/07/2000,ALO,IA,ACE,CE,Towers with Radar,0,35,18,1,54,0,1,8,11,20,0,36,26,12,74,6,0,6,80
12/08/2000,ALO,IA,ACE,CE,Towers with Radar,0,30,16,3,49,0,0,32,10,42,0,30,48,13,91,6,0,6,97
12/09/2000,ALO,IA,ACE,CE,Towers with Radar,0,20,2,0,22,0,0,13,0,13,0,20,15,0,35,58,0,58,93
12/10/2000,ALO,IA,ACE,CE,Towers with Radar,0,28,5,0,33,0,0,6,0,6,0,28,11,0,39,12,0,12,51
12/11/2000,ALO,IA,ACE,CE,Towers with Radar,0,9,5,0,14,0,0,0,0,0,0,9,5,0,14,0,0,0,14
12/12/2000,ALO,IA,ACE,CE,Towers with Radar,2,35,6,0,43,0,0,15,0,15,2,35,21,0,58,4,0,4,62
12/13/2000,ALO,IA,ACE,CE,Towers with Radar,0,22,18,0,40,0,0,0,0,0,0,22,18,0,40,0,0,0,40
12/14/2000,ALO,IA,ACE,CE,Towers with Radar,0,34,30,5,69,0,0,14,8,22,0,34,44,13,91,42,0,42,133
12/15/2000,ALO,IA,ACE,CE,Towers with Radar,0,36,9,2,47,0,0,0,0,0,0,36,9,2,47,0,0,0,47
12/16/2000,ALO,IA,ACE,CE,Towers with Radar,0,16,2,0,18,0,0,0,0,0,0,16,2,0,18,0,0,0,18
12/17/2000,ALO,IA,ACE,CE,Towers with Radar,0,25,7,2,34,0,0,6,0,6,0,25,13,2,40,0,0,0,40
12/18/2000,ALO,IA,ACE,CE,Towers with Radar,0,18,18,0,36,0,0,0,0,0,0,18,18,0,36,0,0,0,36
12/19/2000,ALO,IA,ACE,CE,Towers with Radar,0,43,15,4,62,0,0,23,12,35,0,43,38,16,97,16,0,16,113
12/20/2000,ALO,IA,ACE,CE,Towers with Radar,0,34,18,0,52,0,0,1,0,1,0,34,19,0,53,0,0,0,53
12/21/2000,ALO,IA,ACE,CE,Towers with Radar,0,30,8,0,38,0,0,3,0,3,0,30,11,0,41,0,0,0,41
12/22/2000,ALO,IA,ACE,CE,Towers with Radar,0,32,17,0,49,0,0,15,6,21,0,32,32,6,70,0,0,0,70
12/23/2000,ALO,IA,ACE,CE,Towers with Radar,0,24,5,0,29,0,0,2,0,2,0,24,7,0,31,0,0,0,31
12/24/2000,ALO,IA,ACE,CE,Towers with Radar,0,16,22,0,38,0,0,7,0,7,0,16,29,0,45,0,0,0,45
12/25/2000,ALO,IA,ACE,CE,Towers with Radar,0,17,9,0,26,0,1,3,0,4,0,18,12,0,30,0,0,0,30
12/26/2000,ALO,IA,ACE,CE,Towers with Radar,0,29,20,1,50,0,0,18,7,25,0,29,38,8,75,22,0,22,97
12/27/2000,ALO,IA,ACE,CE,Towers with Radar,0,35,27,4,66,0,0,42,18,60,0,35,69,22,126,60,4,64,190
12/28/2000,ALO,IA,ACE,CE,Towers with Radar,0,27,5,2,34,0,0,3,2,5,0,27,8,4,39,0,0,0,39
12/29/2000,ALO,IA,ACE,CE,Towers with Radar,0,31,9,0,40,0,0,4,0,4,0,31,13,0,44,0,0,0,44
12/30/2000,ALO,IA,ACE,CE,Towers with Radar,0,23,6,0,29,0,0,0,0,0,0,23,6,0,29,0,0,0,29
12/31/2000,ALO,IA,ACE,CE,Towers with Radar,0,21,13,0,34,0,0,0,0,0,0,21,13,0,34,0,0,0,34
01/01/2001,ALO,IA,ACE,CE,Towers with Radar,0,23,6,0,29,0,1,4,0,5,0,24,10,0,34,56,0,56,90
01/02/2001,ALO,IA,ACE,CE,Towers with Radar,0,26,11,0,37,0,0,23,11,34,0,26,34,11,71,12,0,12,83
01/03/2001,ALO,IA,ACE,CE,Towers with Radar,0,25,22,0,47,0,0,16,16,32,0,25,38,16,79,26,0,26,105
01/04/2001,ALO,IA,ACE,CE,Towers with Radar,0,38,14,0,52,0,1,1,0,2,0,39,15,0,54,0,0,0,54
01/05/2001,ALO,IA,ACE,CE,Towers with Radar,0,34,15,0,49,0,1,7,11,19,0,35,22,11,68,0,32,32,100
01/06/2001,ALO,IA,ACE,CE,Towers with Radar,0,22,23,0,45,0,1,63,10,74,0,23,86,10,119,110,0,110,229
01/07/2001,ALO,IA,ACE,CE,Towers with Radar,0,26,5,0,31,0,1,13,12,26,0,27,18,12,57,52,0,52,109
01/08/2001,ALO,IA,ACE,CE,Towers with Radar,0,34,20,2,56,0,1,12,4,17,0,35,32,6,73,26,0,26,99
01/09/2001,ALO,IA,ACE,CE,Towers with Radar,0,42,32,0,74,0,0,38,4,42,0,42,70,4,116,4,0,4,120
01/10/2001,ALO,IA,ACE,CE,Towers with Radar,0,35,27,0,62,0,1,54,15,70,0,36,81,15,132,24,0,24,156
01/11/2001,ALO,IA,ACE,CE,Towers with Radar,0,27,27,1,55,0,0,0,3,3,0,27,27,4,58,0,0,0,58
01/12/2001,ALO,IA,ACE,CE,Towers with Radar,0,38,15,0,53,0,1,0,0,1,0,39,15,0,54,0,0,0,54
01/13/2001,ALO,IA,ACE,CE,Towers with Radar,0,26,5,0,31,0,1,0,0,1,0,27,5,0,32,0,0,0,32
01/14/2001,ALO,IA,ACE,CE,Towers with Radar,0,16,8,0,24,0,1,0,0,1,0,17,8,0,25,0,0,0,25
01/15/2001,ALO,IA,ACE,CE,Towers with Radar,0,30,17,0,47,0,1,6,0,7,0,31,23,0,54,0,0,0,54
01/16/2001,ALO,IA,ACE,CE,Towers with Radar,0,38,27,0,65,0,0,33,22,55,0,38,60,22,120,22,8,30,150
01/17/2001,ALO,IA,ACE,CE,Towers with Radar,0,40,33,0,73,0,1,30,2,33,0,41,63,2,106,16,0,16,122
01/18/2001,ALO,IA,ACE,CE,Towers with Radar,0,38,26,0,64,0,1,11,18,30,0,39,37,18,94,4,12,16,110
01/19/2001,ALO,IA,ACE,CE,Towers with Radar,0,37,20,1,58,0,1,19,23,43,0,38,39,24,101,68,2,70,171
01/20/2001,ALO,IA,ACE,CE,Towers with Radar,0,28,20,0,48,0,1,57,16,74,0,29,77,16,122,82,0,82,204
01/21/2001,ALO,IA,ACE,CE,Towers with Radar,0,27,9,5,41,0,1,35,7,43,0,28,44,12,84,52,30,82,166
01/22/2001,ALO,IA,ACE,CE,Towers with Radar,0,33,33,0,66,0,1,30,0,31,0,34,63,0,97,12,0,12,109
01/23/2001,ALO,IA,ACE,CE,Towers with Radar,0,32,23,4,59,0,1,35,5,41,0,33,58,9,100,16,0,16,116
01/24/2001,ALO,IA,ACE,CE,Towers with Radar,0,37,26,2,65,0,0,21,18,39,0,37,47,20,104,26,12,38,142
01/25/2001,ALO,IA,ACE,CE,Towers with Radar,0,36,33,3,72,0,0,26,3,29,0,36,59,6,101,8,0,8,109
01/26/2001,ALO,IA,ACE,CE,Towers with Radar,0,35,23,0,58,0,0,5,0,5,0,35,28,0,63,14,0,14,77
01/27/2001,ALO,IA,ACE,CE,Towers with Radar,0,27,25,0,52,0,3,44,0,47,0,30,69,0,99,100,0,100,199
01/28/2001,ALO,IA,ACE,CE,Towers with Radar,0,30,16,0,46,0,2,22,4,28,0,32,38,4,74,126,0,126,200
01/29/2001,ALO,IA,ACE,CE,Towers with Radar,0,21,2,0,23,0,0,0,0,0,0,21,2,0,23,0,0,0,23
01/30/2001,ALO,IA,ACE,CE,Towers with Radar,0,28,11,0,39,0,0,3,5,8,0,28,14,5,47,4,2,6,53
01/31/2001,ALO,IA,ACE,CE,Towers with Radar,0,36,20,0,56,0,0,18,20,38,0,36,38,20,94,10,4,14,108
02/01/2001,ALO,IA,ACE,CE,Towers with Radar,0,34,22,2,58,0,0,25,16,41,0,34,47,18,99,40,16,56,155
02/02/2001,ALO,IA,ACE,CE,Towers with Radar,0,40,28,2,70,0,0,17,4,21,0,40,45,6,91,34,2,36,127
02/03/2001,ALO,IA,ACE,CE,Towers with Radar,0,27,5,0,32,0,0,5,0,5,0,27,10,0,37,20,0,20,57
02/04/2001,ALO,IA,ACE,CE,Towers with Radar,0,25,4,0,29,0,0,1,0,1,0,25,5,0,30,0,0,0,30
02/05/2001,ALO,IA,ACE,CE,Towers with Radar,0,38,22,2,62,0,0,5,0,5,0,38,27,2,67,30,0,30,97
02/06/2001,ALO,IA,ACE,CE,Towers with Radar,0,38,19,0,57,0,0,27,5,32,0,38,46,5,89,82,0,82,171
02/07/2001,ALO,IA,ACE,CE,Towers with Radar,0,19,9,1,29,0,3,4,1,8,0,22,13,2,37,36,0,36,73
02/08/2001,ALO,IA,ACE,CE,Towers with Radar,0,24,12,0,36,0,0,1,0,1,0,24,13,0,37,0,0,0,37
02/09/2001,ALO,IA,ACE,CE,Towers with Radar,0,28,8,0,36,0,0,1,0,1,0,28,9,0,37,0,0,0,37
02/10/2001,ALO,IA,ACE,CE,Towers with Radar,0,20,11,0,31,0,5,14,0,19,0,25,25,0,50,56,0,56,106
02/11/2001,ALO,IA,ACE,CE,Towers with Radar,0,26,17,0,43,0,0,25,0,25,0,26,42,0,68,16,0,16,84
02/12/2001,ALO,IA,ACE,CE,Towers with Radar,0,35,20,0,55,0,0,20,2,22,0,35,40,2,77,52,0,52,129
02/13/2001,ALO,IA,ACE,CE,Towers with Radar,0,31,18,13,62,0,0,0,0,0,0,31,18,13,62,0,8,8,70
02/14/2001,ALO,IA,ACE,CE,Towers with Radar,0,29,15,0,44,0,0,3,9,12,0,29,18,9,56,0,14,14,70
02/15/2001,ALO,IA,ACE,CE,Towers with Radar,0,32,18,0,50,0,0,9,6,15,0,32,27,6,65,0,2,2,67
02/16/2001,ALO,IA,ACE,CE,Towers with Radar,0,28,16,0,44,0,0,19,4,23,0,28,35,4,67,16,0,16,83
02/17/2001,ALO,IA,ACE,CE,Towers with Radar,0,27,7,0,34,0,0,24,0,24,0,27,31,0,58,20,0,20,78
02/18/2001,ALO,IA,ACE,CE,Towers with Radar,0,22,19,0,41,0,0,26,0,26,0,22,45,0,67,42,0,42,109
02/19/2001,ALO,IA,ACE,CE,Towers with Radar,0,32,20,1,53,0,0,44,0,44,0,32,64,1,97,54,0,54,151
02/20/2001,ALO,IA,ACE,CE,Towers with Radar,0,34,18,1,53,0,0,40,3,43,0,34,58,4,96,46,0,46,142
02/21/2001,ALO,IA,ACE,CE,Towers with Radar,0,37,20,2,59,0,1,27,7,35,0,38,47,9,94,42,20,62,156
02/22/2001,ALO,IA,ACE,CE,Towers with Radar,0,31,16,1,48,2,3,5,11,21,2,34,21,12,69,10,0,10,79
02/23/2001,ALO,IA,ACE,CE,Towers with Radar,0,28,11,11,50,0,0,29,22,51,0,28,40,33,101,58,10,68,169
02/24/2001,ALO,IA,ACE,CE,Towers with Radar,0,9,3,0,12,0,0,0,0,0,0,9,3,0,12,0,0,0,12
02/25/2001,ALO,IA,ACE,CE,Towers with Radar,0,19,7,1,27,0,0,3,0,3,0,19,10,1,30,0,0,0,30
02/26/2001,ALO,IA,ACE,CE,Towers with Radar,0,36,18,2,56,0,0,10,0,10,0,36,28,2,66,34,0,34,100
02/27/2001,ALO,IA,ACE,CE,Towers with Radar,0,33,16,2,51,0,0,16,8,24,0,33,32,10,75,20,12,32,107
02/28/2001,ALO,IA,ACE,CE,Towers with Radar,0,36,34,2,72,0,0,47,17,64,0,36,81,19,136,68,20,88,224
03/01/2001,ALO,IA,ACE,CE,Towers with Radar,0,38,27,0,65,0,1,17,0,18,0,39,44,0,83,44,0,44,127
03/02/2001,ALO,IA,ACE,CE,Towers with Radar,0,31,22,2,55,0,1,39,5,45,0,32,61,7,100,25,0,25,125
03/03/2001,ALO,IA,ACE,CE,Towers with Radar,0,26,13,0,39,0,0,49,0,49,0,26,62,0,88,36,0,36,124
03/04/2001,ALO,IA,ACE,CE,Towers with Radar,0,26,21,2,49,0,0,61,5,66,0,26,82,7,115,24,8,32,147
03/05/2001,ALO,IA,ACE,CE,Towers with Radar,0,34,25,4,63,0,0,30,2,32,0,34,55,6,95,22,0,22,117
03/06/2001,ALO,IA,ACE,CE,Towers with Radar,0,36,30,2,68,0,0,35,14,49,0,36,65,16,117,4,20,24,141
03/07/2001,ALO,IA,ACE,CE,Towers with Radar,0,34,39,9,82,0,0,9,7,16,0,34,48,16,98,18,0,18,116
03/08/2001,ALO,IA,ACE,CE,Towers with Radar,2,35,39,1,77,0,0,36,13,49,2,35,75,14,126,10,0,10,136
03/09/2001,ALO,IA,ACE,CE,Towers with Radar,0,37,31,0,68,0,0,38,32,70,0,37,69,32,138,24,0,24,162
03/10/2001,ALO,IA,ACE,CE,Towers with Radar,0,29,6,0,35,0,0,12,2,14,0,29,18,2,49,42,0,42,91
03/11/2001,ALO,IA,ACE,CE,Towers with Radar,0,28,34,3,65,0,0,21,29,50,0,28,55,32,115,40,22,62,177
03/12/2001,ALO,IA,ACE,CE,Towers with Radar,0,31,18,0,49,0,0,2,0,2,0,31,20,0,51,6,0,6,57
03/13/2001,ALO,IA,ACE,CE,Towers with Radar,0,34,26,0,60,0,0,9,8,17,0,34,35,8,77,2,0,2,79
03/14/2001,ALO,IA,ACE,CE,Towers with Radar,0,32,43,3,78,0,0,29,13,42,0,32,72,16,120,18,26,44,164
03/15/2001,ALO,IA,ACE,CE,Towers with Radar,0,35,9,2,46,0,0,5,0,5,0,35,14,2,51,4,0,4,55
03/16/2001,ALO,IA,ACE,CE,Towers with Radar,0,32,32,2,66,0,0,7,3,10,0,32,39,5,76,40,0,40,116
03/17/2001,ALO,IA,ACE,CE,Towers with Radar,0,26,35,0,61,0,0,40,0,40,0,26,75,0,101,38,0,38,139
03/18/2001,ALO,IA,ACE,CE,Towers with Radar,0,19,15,0,34,0,2,23,0,25,0,21,38,0,59,22,0,22,81
03/19/2001,ALO,IA,ACE,CE,Towers with Radar,0,39,22,0,61,0,0,39,4,43,0,39,61,4,104,72,0,72,176
03/20/2001,ALO,IA,ACE,CE,Towers with Radar,0,38,26,0,64,0,0,35,8,43,0,38,61,8,107,16,6,22,129
03/21/2001,ALO,IA,ACE,CE,Towers with Radar,0,35,48,0,83,0,0,27,6,33,0,35,75,6,116,28,28,56,172
03/22/2001,ALO,IA,ACE,CE,Towers with Radar,0,35,26,1,62,0,0,0,5,5,0,35,26,6,67,2,4,6,73
03/23/2001,ALO,IA,ACE,CE,Towers with Radar,0,42,19,0,61,0,0,3,13,16,0,42,22,13,77,0,32,32,109
03/24/2001,ALO,IA,ACE,CE,Towers with Radar,0,30,18,0,48,0,0,10,0,10,0,30,28,0,58,0,0,0,58
03/25/2001,ALO,IA,ACE,CE,Towers with Radar,0,26,10,0,36,0,0,12,0,12,0,26,22,0,48,4,2,6,54
03/26/2001,ALO,IA,ACE,CE,Towers with Radar,0,39,23,0,62,0,0,49,0,49,0,39,72,0,111,42,0,42,153
03/27/2001,ALO,IA,ACE,CE,Towers with Radar,0,36,26,0,62,0,0,35,4,39,0,36,61,4,101,50,0,50,151
03/28/2001,ALO,IA,ACE,CE,Towers with Radar,0,35,22,0,57,0,0,5,6,11,0,35,27,6,68,10,8,18,86
03/29/2001,ALO,IA,ACE,CE,Towers with Radar,0,39,33,22,94,0,0,0,2,2,0,39,33,24,96,0,4,4,100
03/30/2001,ALO,IA,ACE,CE,Towers with Radar,0,38,50,0,88,0,0,6,2,8,0,38,56,2,96,20,0,20,116
03/31/2001,ALO,IA,ACE,CE,Towers with Radar,0,25,6,0,31,0,0,7,0,7,0,25,13,0,38,26,0,26,64
04/01/2001,ALO,IA,ACE,CE,Towers with Radar,0,22,19,0,41,0,0,52,0,52,0,22,71,0,93,16,0,16,109
04/02/2001,ALO,IA,ACE,CE,Towers with Radar,0,34,27,0,61,0,1,38,3,42,0,35,65,3,103,26,4,30,133
04/03/2001,ALO,IA,ACE,CE,Towers with Radar,0,36,27,4,67,0,1,15,14,30,0,37,42,18,97,22,12,34,131
04/04/2001,ALO,IA,ACE,CE,Towers with Radar,0,34,24,2,60,0,1,41,16,58,0,35,65,18,118,8,4,12,130
04/05/2001,ALO,IA,ACE,CE,Towers with Radar,0,26,20,5,51,0,1,0,2,3,0,27,20,7,54,0,0,0,54
04/06/2001,ALO,IA,ACE,CE,Towers with Radar,0,40,24,4,68,0,0,3,4,7,0,40,27,8,75,8,0,8,83
04/07/2001,ALO,IA,ACE,CE,Towers with Radar,0,21,4,0,25,0,0,1,0,1,0,21,5,0,26,0,0,0,26
04/08/2001,ALO,IA,ACE,CE,Towers with Radar,0,25,18,1,44,0,0,52,12,64,0,25,70,13,108,40,6,46,154
04/09/2001,ALO,IA,ACE,CE,Towers with Radar,0,40,14,0,54,0,0,1,0,1,0,40,15,0,55,0,0,0,55
04/10/2001,ALO,IA,ACE,CE,Towers with Radar,0,44,29,1,74,0,0,2,2,4,0,44,31,3,78,0,0,0,78
04/11/2001,ALO,IA,ACE,CE,Towers with Radar,0,28,7,0,35,0,0,3,0,3,0,28,10,0,38,0,0,0,38
04/12/2001,ALO,IA,ACE,CE,Towers with Radar,0,37,20,0,57,0,0,7,0,7,0,37,27,0,64,0,0,0,64
04/13/2001,ALO,IA,ACE,CE,Towers with Radar,0,30,30,4,64,0,0,70,6,76,0,30,100,10,140,22,2,24,164
04/14/2001,ALO,IA,ACE,CE,Towers with Radar,0,29,10,0,39,0,0,37,0,37,0,29,47,0,76,10,0,10,86
04/15/2001,ALO,IA,ACE,CE,Towers with Radar,0,25,8,0,33,0,0,13,0,13,0,25,21,0,46,14,0,14,60
04/16/2001,ALO,IA,ACE,CE,Towers with Radar,0,31,21,0,52,0,0,9,0,9,0,31,30,0,61,0,0,0,61
04/17/2001,ALO,IA,ACE,CE,Towers with Radar,0,38,23,6,67,0,0,43,5,48,0,38,66,11,115,12,2,14,129
04/18/2001,ALO,IA,ACE,CE,Towers with Radar,0,37,32,4,73,0,0,50,13,63,0,37,82,17,136,40,0,40,176
04/19/2001,ALO,IA,ACE,CE,Towers with Radar,0,42,34,1,77,0,0,36,5,41,0,42,70,6,118,42,2,44,162
04/20/2001,ALO,IA,ACE,CE,Towers with Radar,0,36,30,0,66,0,0,28,11,39,0,36,58,11,105,16,16,32,137
04/21/2001,ALO,IA,ACE,CE,Towers with Radar,0,27,17,0,44,0,0,10,0,10,0,27,27,0,54,30,0,30,84
04/22/2001,ALO,IA,ACE,CE,Towers with Radar,0,27,7,0,34,0,0,7,0,7,0,27,14,0,41,30,0,30,71
04/23/2001,ALO,IA,ACE,CE,Towers with Radar,0,31,16,0,47,0,0,7,0,7,0,31,23,0,54,10,0,10,64
04/24/2001,ALO,IA,ACE,CE,Towers with Radar,0,39,33,0,72,0,0,69,0,69,0,39,102,0,141,82,0,82,223
04/25/2001,ALO,IA,ACE,CE,Towers with Radar,0,35,33,2,70,0,0,55,6,61,0,35,88,8,131,52,0,52,183
04/26/2001,ALO,IA,ACE,CE,Towers with Radar,0,36,22,0,58,0,0,46,0,46,0,36,68,0,104,94,0,94,198
04/27/2001,ALO,IA,ACE,CE,Towers with Radar,0,35,25,0,60,0,0,67,0,67,0,35,92,0,127,42,0,42,169
04/28/2001,ALO,IA,ACE,CE,Towers with Radar,0,22,16,0,38,0,0,32,10,42,0,22,48,10,80,202,0,202,282
04/29/2001,ALO,IA,ACE,CE,Towers with Radar,0,21,14,0,35,0,0,44,0,44,0,21,58,0,79,22,0,22,101
04/30/2001,ALO,IA,ACE,CE,Towers with Radar,0,34,33,0,67,0,0,15,2,17,0,34,48,2,84,44,0,44,128
05/01/2001,ALO,IA,ACE,CE,Towers with Radar,0,36,21,0,57,0,1,15,0,16,0,37,36,0,73,8,0,8,81
05/02/2001,ALO,IA,ACE,CE,Towers with Radar,0,38,32,0,70,0,1,3,0,4,0,39,35,0,74,2,0,2,76
05/03/2001,ALO,IA,ACE,CE,Towers with Radar,0,41,33,1,75,0,1,0,12,13,0,42,33,13,88,34,0,34,122
05/04/2001,ALO,IA,ACE,CE,Towers with Radar,0,34,32,0,66,0,1,12,0,13,0,35,44,0,79,30,0,30,109
05/05/2001,ALO,IA,ACE,CE,Towers with Radar,0,23,5,0,28,0,1,2,0,3,0,24,7,0,31,0,0,0,31
05/06/2001,ALO,IA,ACE,CE,Towers with Radar,0,21,9,2,32,0,0,2,0,2,0,21,11,2,34,0,0,0,34
05/07/2001,ALO,IA,ACE,CE,Towers with Radar,0,34,23,1,58,2,0,65,4,71,2,34,88,5,129,76,0,76,205
05/08/2001,ALO,IA,ACE,CE,Towers with Radar,0,36,23,0,59,0,0,27,0,27,0,36,50,0,86,114,0,114,200
05/09/2001,ALO,IA,ACE,CE,Towers with Radar,0,34,48,2,84,0,0,44,0,44,0,34,92,2,128,94,0,94,222
05/10/2001,ALO,IA,ACE,CE,Towers with Radar,0,35,27,0,62,0,0,18,0,18,0,35,45,0,80,70,0,70,150
05/11/2001,ALO,IA,ACE,CE,Towers with Radar,0,32,34,0,66,0,0,39,7,46,0,32,73,7,112,12,0,12,124
05/12/2001,ALO,IA,ACE,CE,Towers with Radar,0,24,15,0,39,0,0,51,0,51,0,24,66,0,90,70,0,70,160
05/13/2001,ALO,IA,ACE,CE,Towers with Radar,0,24,15,0,39,0,0,22,0,22,0,24,37,0,61,28,0,28,89
05/14/2001,ALO,IA,ACE,CE,Towers with Radar,0,34,25,0,59,0,0,28,0,28,0,34,53,0,87,66,0,66,153
05/15/2001,ALO,IA,ACE,CE,Towers with Radar,0,36,28,13,77,0,0,45,13,58,0,36,73,26,135,46,46,92,227
05/16/2001,ALO,IA,ACE,CE,Towers with Radar,0,41,36,0,77,0,0,46,2,48,0,41,82,2,125,102,0,102,227
05/17/2001,ALO,IA,ACE,CE,Towers with Radar,0,35,29,0,64,0,0,41,2,43,0,35,70,2,107,60,0,60,167
05/18/2001,ALO,IA,ACE,CE,Towers with Radar,0,34,39,2,75,0,0,31,12,43,0,34,70,14,118,92,36,128,246
05/19/2001,ALO,IA,ACE,CE,Towers with Radar,0,24,13,5,42,0,0,44,18,62,0,24,57,23,104,62,12,74,178
05/20/2001,ALO,IA,ACE,CE,Towers with Radar,0,25,7,2,34,0,0,11,0,11,0,25,18,2,45,32,0,32,77
05/21/2001,ALO,IA,ACE,CE,Towers with Radar,0,35,36,0,71,0,0,14,5,19,0,35,50,5,90,12,8,20,110
05/22/2001,ALO,IA,ACE,CE,Towers with Radar,0,37,23,0,60,0,0,14,0,14,0,37,37,0,74,0,0,0,74
05/23/2001,ALO,IA,ACE,CE,Towers with Radar,0,35,21,5,61,0,0,9,10,19,0,35,30,15,80,62,10,72,152
05/24/2001,ALO,IA,ACE,CE,Towers with Radar,0,34,22,0,56,0,0,11,6,17,0,34,33,6,73,0,2,2,75
05/25/2001,ALO,IA,ACE,CE,Towers with Radar,0,34,18,0,52,0,0,0,0,0,0,34,18,0,52,0,0,0,52
05/26/2001,ALO,IA,ACE,CE,Towers with Radar,0,25,13,0,38,0,0,3,0,3,0,25,16,0,41,0,0,0,41
05/27/2001,ALO,IA,ACE,CE,Towers with Radar,0,22,2,0,24,0,0,28,0,28,0,22,30,0,52,64,0,64,116
05/28/2001,ALO,IA,ACE,CE,Towers with Radar,0,26,18,0,44,0,0,46,0,46,0,26,64,0,90,62,0,62,152
05/29/2001,ALO,IA,ACE,CE,Towers with Radar,0,34,24,8,66,0,0,42,5,47,0,34,66,13,113,64,36,100,213
05/30/2001,ALO,IA,ACE,CE,Towers with Radar,0,34,19,6,59,0,0,19,8,27,0,34,38,14,86,28,0,28,114
05/31/2001,ALO,IA,ACE,CE,Towers with Radar,0,32,10,6,48,0,0,2,4,6,0,32,12,10,54,0,0,0,54
06/01/2001,ALO,IA,ACE,CE,Towers with Radar,0,36,29,15,80,0,1,15,8,24,0,37,44,23,104,86,14,100,204
06/02/2001,ALO,IA,ACE,CE,Towers with Radar,0,27,30,13,70,0,0,4,12,16,0,27,34,25,86,18,2,20,106
06/03/2001,ALO,IA,ACE,CE,Towers with Radar,0,28,14,0,42,0,0,35,17,52,0,28,49,17,94,32,28,60,154
06/04/2001,ALO,IA,ACE,CE,Towers with Radar,0,31,23,4,58,0,0,17,8,25,0,31,40,12,83,36,0,36,119
06/05/2001,ALO,IA,ACE,CE,Towers with Radar,0,26,12,0,38,0,13,0,0,13,0,39,12,0,51,0,0,0,51
06/06/2001,ALO,IA,ACE,CE,Towers with Radar,0,37,25,0,62,0,0,8,11,19,0,37,33,11,81,18,38,56,137
06/07/2001,ALO,IA,ACE,CE,Towers with Radar,0,40,32,4,76,0,0,33,2,35,0,40,65,6,111,30,0,30,141
06/08/2001,ALO,IA,ACE,CE,Towers with Radar,0,35,24,4,63,0,0,49,10,59,0,35,73,14,122,0,0,0,122
06/09/2001,ALO,IA,ACE,CE,Towers with Radar,0,28,7,0,35,0,0,59,3,62,0,28,66,3,97,74,0,74,171
06/10/2001,ALO,IA,ACE,CE,Towers with Radar,0,22,12,0,34,0,0,13,0,13,0,22,25,0,47,18,0,18,65
06/11/2001,ALO,IA,ACE,CE,Towers with Radar,0,32,16,6,54,0,0,31,3,34,0,32,47,9,88,10,6,16,104
06/12/2001,ALO,IA,ACE,CE,Towers with Radar,0,40,22,0,62,0,0,9,0,9,0,40,31,0,71,52,0,52,123
06/13/2001,ALO,IA,ACE,CE,Towers with Radar,0,35,13,6,54,0,0,21,36,57,0,35,34,42,111,12,20,32,143
06/14/2001,ALO,IA,ACE,CE,Towers with Radar,0,23,15,2,40,0,0,9,3,12,0,23,24,5,52,46,6,52,104
06/15/2001,ALO,IA,ACE,CE,Towers with Radar,0,27,19,9,55,0,0,50,21,71,0,27,69,30,126,14,8,22,148
06/16/2001,ALO,IA,ACE,CE,Towers with Radar,0,27,10,1,38,0,0,49,17,66,0,27,59,18,104,132,12,144,248
06/17/2001,ALO,IA,ACE,CE,Towers with Radar,0,24,15,0,39,0,0,19,1,20,0,24,34,1,59,32,0,32,91
06/18/2001,ALO,IA,ACE,CE,Towers with Radar,0,31,31,2,64,0,0,30,3,33,0,31,61,5,97,0,0,0,97
06/19/2001,ALO,IA,ACE,CE,Towers with Radar,0,40,8,5,53,0,0,26,3,29,0,40,34,8,82,54,0,54,136
06/20/2001,ALO,IA,ACE,CE,Towers with Radar,0,32,29,0,61,0,0,46,17,63,0,32,75,17,124,20,46,66,190
06/21/2001,ALO,IA,ACE,CE,Towers with Radar,2,32,32,0,66,0,0,21,4,25,2,32,53,4,91,84,22,106,197
06/22/2001,ALO,IA,ACE,CE,Towers with Radar,0,33,40,3,76,0,0,54,10,64,0,33,94,13,140,88,8,96,236
06/23/2001,ALO,IA,ACE,CE,Towers with Radar,0,26,19,0,45,0,0,83,0,83,0,26,102,0,128,70,0,70,198
06/24/2001,ALO,IA,ACE,CE,Towers with Radar,0,24,26,2,52,0,2,54,0,56,0,26,80,2,108,38,0,38,146
06/25/2001,ALO,IA,ACE,CE,Towers with Radar,0,36,26,4,66,0,0,58,6,64,0,36,84,10,130,26,14,40,170
06/26/2001,ALO,IA,ACE,CE,Towers with Radar,0,38,30,6,74,0,0,34,4,38,0,38,64,10,112,86,0,86,198
06/27/2001,ALO,IA,ACE,CE,Towers with Radar,0,39,22,1,62,0,0,44,10,54,0,39,66,11,116,12,0,12,128
06/28/2001,ALO,IA,ACE,CE,Towers with Radar,0,38,29,6,73,0,0,44,10,54,0,38,73,16,127,80,8,88,215
06/29/2001,ALO,IA,ACE,CE,Towers with Radar,0,36,37,2,75,0,0,49,6,55,0,36,86,8,130,62,16,78,208
06/30/2001,ALO,IA,ACE,CE,Towers with Radar,0,29,13,0,42,0,0,35,1,36,0,29,48,1,78,20,4,24,102
07/01/2001,ALO,IA,ACE,CE,Towers with Radar,0,22,14,0,36,0,2,42,0,44,0,24,56,0,80,22,0,22,102
07/02/2001,ALO,IA,ACE,CE,Towers with Radar,0,37,35,1,73,0,0,38,1,39,0,37,73,2,112,66,0,66,178
07/03/2001,ALO,IA,ACE,CE,Towers with Radar,0,38,24,4,66,0,0,32,5,37,0,38,56,9,103,94,16,110,213
07/04/2001,ALO,IA,ACE,CE,Towers with Radar,0,25,4,0,29,0,0,57,0,57,0,25,61,0,86,80,0,80,166
07/05/2001,ALO,IA,ACE,CE,Towers with Radar,0,24,16,1,41,0,11,77,11,99,0,35,93,12,140,104,14,118,258
07/06/2001,ALO,IA,ACE,CE,Towers with Radar,0,33,22,1,56,0,3,51,9,63,0,36,73,10,119,70,4,74,193
07/07/2001,ALO,IA,ACE,CE,Towers with Radar,0,23,16,0,39,0,8,10,0,18,0,31,26,0,57,60,0,60,117
07/08/2001,ALO,IA,ACE,CE,Towers with Radar,0,26,16,0,42,0,0,36,0,36,0,26,52,0,78,26,0,26,104
07/09/2001,ALO,IA,ACE,CE,Towers with Radar,0,34,32,2,68,0,0,51,4,55,0,34,83,6,123,42,0,42,165
07/10/2001,ALO,IA,ACE,CE,Towers with Radar,0,42,31,1,74,0,0,49,4,53,0,42,80,5,127,72,0,72,199
07/11/2001,ALO,IA,ACE,CE,Towers with Radar,0,39,30,1,70,0,0,34,2,36,0,39,64,3,106,22,0,22,128
07/12/2001,ALO,IA,ACE,CE,Towers with Radar,0,36,23,3,62,0,4,65,23,92,0,40,88,26,154,54,78,132,286
07/13/2001,ALO,IA,ACE,CE,Towers with Radar,0,35,24,3,62,0,0,39,5,44,0,35,63,8,106,104,0,104,210
07/14/2001,ALO,IA,ACE,CE,Towers with Radar,0,23,14,2,39,0,3,28,20,51,0,26,42,22,90,14,2,16,106
07/15/2001,ALO,IA,ACE,CE,Towers with Radar,0,26,18,2,46,0,0,62,11,73,0,26,80,13,119,36,0,36,155
07/16/2001,ALO,IA,ACE,CE,Towers with Radar,0,34,21,2,57,0,6,51,0,57,0,40,72,2,114,36,0,36,150
07/17/2001,ALO,IA,ACE,CE,Towers with Radar,0,45,29,3,77,0,0,37,2,39,0,45,66,5,116,60,6,66,182
07/18/2001,ALO,IA,ACE,CE,Towers with Radar,0,36,27,3,66,0,0,45,23,68,0,36,72,26,134,60,0,60,194
07/19/2001,ALO,IA,ACE,CE,Towers with Radar,0,38,30,1,69,0,0,17,7,24,0,38,47,8,93,8,0,8,101
07/20/2001,ALO,IA,ACE,CE,Towers with Radar,0,39,21,2,62,0,1,8,0,9,0,40,29,2,71,8,0,8,79
07/21/2001,ALO,IA,ACE,CE,Towers with Radar,0,24,9,0,33,0,1,26,0,27,0,25,35,0,60,30,0,30,90
07/22/2001,ALO,IA,ACE,CE,Towers with Radar,0,20,9,0,29,0,1,32,2,35,0,21,41,2,64,14,0,14,78
07/23/2001,ALO,IA,ACE,CE,Towers with Radar,0,31,23,1,55,2,0,16,1,19,2,31,39,2,74,54,0,54,128
07/24/2001,ALO,IA,ACE,CE,Towers with Radar,0,31,29,1,61,0,0,15,9,24,0,31,44,10,85,30,4,34,119
07/25/2001,ALO,IA,ACE,CE,Towers with Radar,0,37,29,2,68,0,0,44,14,58,0,37,73,16,126,6,10,16,142
07/26/2001,ALO,IA,ACE,CE,Towers with Radar,0,41,29,2,72,0,0,74,16,90,0,41,103,18,162,108,26,134,296
07/27/2001,ALO,IA,ACE,CE,Towers with Radar,0,35,28,19,82,0,0,38,19,57,0,35,66,38,139,16,26,42,181
07/28/2001,ALO,IA,ACE,CE,Towers with Radar,0,27,23,0,50,0,0,23,0,23,0,27,46,0,73,0,0,0,73
07/29/2001,ALO,IA,ACE,CE,Towers with Radar,0,28,9,0,37,0,0,63,2,65,0,28,72,2,102,42,0,42,144
07/30/2001,ALO,IA,ACE,CE,Towers with Radar,0,39,20,0,59,0,0,31,8,39,0,39,51,8,98,30,40,70,168
07/31/2001,ALO,IA,ACE,CE,Towers with Radar,0,48,14,2,64,0,0,22,11,33,0,48,36,13,97,0,26,26,123
08/01/2001,ALO,IA,ACE,CE,Towers with Radar,0,36,30,1,67,0,0,41,17,58,0,36,71,18,125,58,42,100,225
08/02/2001,ALO,IA,ACE,CE,Towers with Radar,0,34,18,5,57,0,1,23,5,29,0,35,41,10,86,14,0,14,100
08/03/2001,ALO,IA,ACE,CE,Towers with Radar,0,38,30,3,71,0,1,18,7,26,0,39,48,10,97,26,64,90,187
08/04/2001,ALO,IA,ACE,CE,Towers with Radar,0,26,14,1,41,0,1,47,0,48,0,27,61,1,89,68,0,68,157
08/05/2001,ALO,IA,ACE,CE,Towers with Radar,0,25,7,0,32,0,1,54,0,55,0,26,61,0,87,12,0,12,99
08/06/2001,ALO,IA,ACE,CE,Towers with Radar,0,39,22,0,61,0,1,30,4,35,0,40,52,4,96,62,74,136,232
08/07/2001,ALO,IA,ACE,CE,Towers with Radar,0,33,34,0,67,0,1,42,6,49,0,34,76,6,116,26,30,56,172
08/08/2001,ALO,IA,ACE,CE,Towers with Radar,0,38,23,0,61,0,1,35,9,45,0,39,58,9,106,44,10,54,160
08/09/2001,ALO,IA,ACE,CE,Towers with Radar,0,40,26,1,67,0,1,39,13,53,0,41,65,14,120,26,24,50,170
08/10/2001,ALO,IA,ACE,CE,Towers with Radar,0,33,21,1,55,0,1,55,15,71,0,34,76,16,126,41,4,45,171
08/11/2001,ALO,IA,ACE,CE,Towers with Radar,0,27,17,1,45,0,1,43,10,54,0,28,60,11,99,56,4,60,159
08/12/2001,ALO,IA,ACE,CE,Towers with Radar,0,25,16,0,41,0,1,25,1,27,0,26,41,1,68,8,0,8,76
08/13/2001,ALO,IA,ACE,CE,Towers with Radar,0,34,25,8,67,0,1,34,6,41,0,35,59,14,108,62,16,78,186
08/14/2001,ALO,IA,ACE,CE,Towers with Radar,0,44,23,2,69,0,0,56,10,66,0,44,79,12,135,56,4,60,195
08/15/2001,ALO,IA,ACE,CE,Towers with Radar,0,41,41,3,85,0,0,11,8,19,0,41,52,11,104,36,2,38,142
08/16/2001,ALO,IA,ACE,CE,Towers with Radar,0,38,39,1,78,0,0,13,21,34,0,38,52,22,112,36,24,60,172
08/17/2001,ALO,IA,ACE,CE,Towers with Radar,0,36,36,7,79,0,0,50,16,66,0,36,86,23,145,44,2,46,191
08/18/2001,ALO,IA,ACE,CE,Towers with Radar,0,29,13,0,42,0,0,17,0,17,0,29,30,0,59,6,0,6,65
08/19/2001,ALO,IA,ACE,CE,Towers with Radar,0,27,27,0,54,0,0,47,0,47,0,27,74,0,101,58,0,58,159
08/20/2001,ALO,IA,ACE,CE,Towers with Radar,0,36,35,2,73,0,0,59,0,59,0,36,94,2,132,86,0,86,218
08/21/2001,ALO,IA,ACE,CE,Towers with Radar,0,37,42,0,79,0,0,8,5,13,0,37,50,5,92,50,6,56,148
08/22/2001,ALO,IA,ACE,CE,Towers with Radar,0,36,37,0,73,0,0,22,11,33,0,36,59,11,106,26,0,26,132
08/23/2001,ALO,IA,ACE,CE,Towers with Radar,0,37,27,0,64,0,0,46,9,55,0,37,73,9,119,78,2,80,199
08/24/2001,ALO,IA,ACE,CE,Towers with Radar,0,38,39,0,77,0,0,5,3,8,0,38,44,3,85,2,6,8,93
08/25/2001,ALO,IA,ACE,CE,Towers with Radar,0,25,45,1,71,0,0,14,5,19,0,25,59,6,90,16,2,18,108
08/26/2001,ALO,IA,ACE,CE,Towers with Radar,0,28,26,1,55,0,0,63,16,79,0,28,89,17,134,22,24,46,180
08/27/2001,ALO,IA,ACE,CE,Towers with Radar,0,40,30,0,70,0,0,60,0,60,0,40,90,0,130,134,0,134,264
08/28/2001,ALO,IA,ACE,CE,Towers with Radar,0,38,31,1,70,0,0,54,5,59,0,38,85,6,129,148,6,154,283
08/29/2001,ALO,IA,ACE,CE,Towers with Radar,0,34,42,2,78,2,0,45,18,65,2,34,87,20,143,36,6,42,185
08/30/2001,ALO,IA,ACE,CE,Towers with Radar,0,33,24,0,57,0,0,60,6,66,0,33,84,6,123,100,2,102,225
08/31/2001,ALO,IA,ACE,CE,Towers with Radar,0,33,31,0,64,0,0,56,2,58,0,33,87,2,122,68,2,70,192
09/01/2001,ALO,IA,ACE,CE,Towers with Radar,0,21,3,0,24,0,1,48,0,49,0,22,51,0,73,20,0,20,93
09/02/2001,ALO,IA,ACE,CE,Towers with Radar,0,11,9,0,20,0,10,25,0,35,0,21,34,0,55,0,0,0,55
09/03/2001,ALO,IA,ACE,CE,Towers with Radar,0,33,15,0,48,0,0,51,0,51,0,33,66,0,99,40,0,40,139
09/04/2001,ALO,IA,ACE,CE,Towers with Radar,0,37,29,0,66,0,0,26,9,35,0,37,55,9,101,34,12,46,147
09/05/2001,ALO,IA,ACE,CE,Towers with Radar,0,33,21,7,61,0,0,44,18,62,0,33,65,25,123,84,4,88,211
09/06/2001,ALO,IA,ACE,CE,Towers with Radar,0,38,19,4,61,0,0,10,4,14,0,38,29,8,75,22,0,22,97
09/07/2001,ALO,IA,ACE,CE,Towers with Radar,0,32,21,0,53,0,0,7,1,8,0,32,28,1,61,0,0,0,61
09/08/2001,ALO,IA,ACE,CE,Towers with Radar,4,25,10,0,39,0,1,11,2,14,4,26,21,2,53,26,0,26,79
09/09/2001,ALO,IA,ACE,CE,Towers with Radar,0,25,37,0,62,0,0,17,3,20,0,25,54,3,82,26,0,26,108
09/10/2001,ALO,IA,ACE,CE,Towers with Radar,0,36,27,0,63,0,0,86,1,87,0,36,113,1,150,120,0,120,270
09/11/2001,ALO,IA,ACE,CE,Towers with Radar,0,5,3,2,10,0,0,3,0,3,0,5,6,2,13,0,0,0,13
09/12/2001,ALO,IA,ACE,CE,Towers with Radar,0,0,0,0,0,0,0,0,0,0,0,0,0,0,0,0,0,0,0
09/13/2001,ALO,IA,ACE,CE,Towers with Radar,0,0,0,0,0,0,0,0,0,0,0,0,0,0,0,0,0,0,0
09/14/2001,ALO,IA,ACE,CE,Towers with Radar,0,17,9,0,26,0,4,0,14,18,0,21,9,14,44,0,0,0,44
09/15/2001,ALO,IA,ACE,CE,Towers with Radar,0,15,21,0,36,0,2,0,1,3,0,17,21,1,39,0,0,0,39
09/16/2001,ALO,IA,ACE,CE,Towers with Radar,0,25,17,0,42,0,0,0,0,0,0,25,17,0,42,0,0,0,42
09/17/2001,ALO,IA,ACE,CE,Towers with Radar,0,32,19,0,51,2,0,0,0,2,2,32,19,0,53,0,0,0,53
09/18/2001,ALO,IA,ACE,CE,Towers with Radar,0,32,36,0,68,0,0,1,0,1,0,32,37,0,69,0,0,0,69
09/19/2001,ALO,IA,ACE,CE,Towers with Radar,0,28,37,0,65,0,0,14,0,14,0,28,51,0,79,0,0,0,79
09/20/2001,ALO,IA,ACE,CE,Towers with Radar,0,32,33,0,65,0,1,9,2,12,0,33,42,2,77,0,0,0,77
09/21/2001,ALO,IA,ACE,CE,Towers with Radar,0,28,47,0,75,0,0,18,3,21,0,28,65,3,96,0,0,0,96
09/22/2001,ALO,IA,ACE,CE,Towers with Radar,0,20,3,0,23,0,0,15,0,15,0,20,18,0,38,6,0,6,44
09/23/2001,ALO,IA,ACE,CE,Towers with Radar,0,21,21,0,42,0,0,5,0,5,0,21,26,0,47,0,0,0,47
09/24/2001,ALO,IA,ACE,CE,Towers with Radar,0,30,32,1,63,0,0,44,1,45,0,30,76,2,108,92,0,92,200
09/25/2001,ALO,IA,ACE,CE,Towers with Radar,0,30,33,0,63,0,0,46,4,50,0,30,79,4,113,86,18,104,217
09/26/2001,ALO,IA,ACE,CE,Towers with Radar,0,29,25,0,54,0,4,34,0,38,0,33,59,0,92,60,0,60,152
09/27/2001,ALO,IA,ACE,CE,Towers with Radar,0,32,21,8,61,0,0,39,0,39,0,32,60,8,100,54,0,54,154
09/28/2001,ALO,IA,ACE,CE,Towers with Radar,0,30,30,10,70,0,0,51,3,54,0,30,81,13,124,64,18,82,206
09/29/2001,ALO,IA,ACE,CE,Towers with Radar,2,19,37,0,58,0,1,29,0,30,2,20,66,0,88,62,0,62,150
09/30/2001,ALO,IA,ACE,CE,Towers with Radar,0,20,21,0,41,0,0,46,2,48,0,20,67,2,89,94,0,94,183
10/01/2001,ALO,IA,ACE,CE,Towers with Radar,0,23,21,0,44,0,1,18,0,19,0,24,39,0,63,16,0,16,79
10/02/2001,ALO,IA,ACE,CE,Towers with Radar,0,22,32,1,55,0,1,38,1,40,0,23,70,2,95,68,48,116,211
10/03/2001,ALO,IA,ACE,CE,Towers with Radar,0,25,32,2,59,0,1,18,7,26,0,26,50,9,85,42,30,72,157
10/04/2001,ALO,IA,ACE,CE,Towers with Radar,0,26,16,4,46,0,1,23,8,32,0,27,39,12,78,44,88,132,210
10/05/2001,ALO,IA,ACE,CE,Towers with Radar,0,24,24,1,49,0,1,25,7,33,0,25,49,8,82,10,38,48,130
10/06/2001,ALO,IA,ACE,CE,Towers with Radar,0,19,21,1,41,4,0,65,7,76,4,19,86,8,117,68,16,84,201
10/07/2001,ALO,IA,ACE,CE,Towers with Radar,0,22,27,0,49,0,1,27,0,28,0,23,54,0,77,28,0,28,105
10/08/2001,ALO,IA,ACE,CE,Towers with Radar,0,21,13,0,34,0,0,19,0,19,0,21,32,0,53,0,0,0,53
10/09/2001,ALO,IA,ACE,CE,Towers with Radar,0,30,17,2,49,0,0,11,0,11,0,30,28,2,60,0,2,2,62
10/10/2001,ALO,IA,ACE,CE,Towers with Radar,0,25,29,2,56,0,0,14,0,14,0,25,43,2,70,2,20,22,92
10/11/2001,ALO,IA,ACE,CE,Towers with Radar,0,25,24,1,50,0,0,40,11,51,0,25,64,12,101,12,76,88,189
10/12/2001,ALO,IA,ACE,CE,Towers with Radar,0,28,40,1,69,0,0,33,14,47,0,28,73,15,116,14,62,76,192
10/13/2001,ALO,IA,ACE,CE,Towers with Radar,0,16,20,0,36,0,0,3,0,3,0,16,23,0,39,8,0,8,47
10/14/2001,ALO,IA,ACE,CE,Towers with Radar,0,18,35,10,63,0,0,28,4,32,0,18,63,14,95,18,0,18,113
10/15/2001,ALO,IA,ACE,CE,Towers with Radar,0,23,26,1,50,0,0,18,14,32,0,23,44,15,82,92,54,146,228
10/16/2001,ALO,IA,ACE,CE,Towers with Radar,0,24,39,1,64,0,0,23,5,28,0,24,62,6,92,34,0,34,126
10/17/2001,ALO,IA,ACE,CE,Towers with Radar,0,24,29,6,59,0,0,54,21,75,0,24,83,27,134,32,84,116,250
10/18/2001,ALO,IA,ACE,CE,Towers with Radar,0,26,31,1,58,0,0,48,19,67,0,26,79,20,125,76,48,124,249
10/19/2001,ALO,IA,ACE,CE,Towers with Radar,0,24,29,6,59,0,0,60,6,66,0,24,89,12,125,62,38,100,225
10/20/2001,ALO,IA,ACE,CE,Towers with Radar,0,19,12,1,32,0,0,52,0,52,0,19,64,1,84,50,0,50,134
10/21/2001,ALO,IA,ACE,CE,Towers with Radar,0,17,12,2,31,0,0,36,0,36,0,17,48,2,67,46,0,46,113
10/22/2001,ALO,IA,ACE,CE,Towers with Radar,0,25,26,3,54,0,3,4,9,16,0,28,30,12,70,20,4,24,94
10/23/2001,ALO,IA,ACE,CE,Towers with Radar,0,28,28,10,66,0,0,14,9,23,0,28,42,19,89,20,0,20,109
10/24/2001,ALO,IA,ACE,CE,Towers with Radar,0,26,26,1,53,0,0,10,1,11,0,26,36,2,64,14,0,14,78
10/25/2001,ALO,IA,ACE,CE,Towers with Radar,0,13,13,0,26,0,7,1,0,8,0,20,14,0,34,0,0,0,34
10/26/2001,ALO,IA,ACE,CE,Towers with Radar,0,23,35,1,59,0,0,11,7,18,0,23,46,8,77,0,4,4,81
10/27/2001,ALO,IA,ACE,CE,Towers with Radar,0,16,14,0,30,0,0,39,0,39,0,16,53,0,69,46,0,46,115
10/28/2001,ALO,IA,ACE,CE,Towers with Radar,0,19,20,0,39,0,0,23,0,23,0,19,43,0,62,36,0,36,98
10/29/2001,ALO,IA,ACE,CE,Towers with Radar,0,26,22,0,48,0,0,35,4,39,0,26,57,4,87,32,0,32,119
10/30/2001,ALO,IA,ACE,CE,Towers with Radar,0,33,27,0,60,0,0,10,7,17,0,33,37,7,77,14,16,30,107
10/31/2001,ALO,IA,ACE,CE,Towers with Radar,0,25,15,0,40,0,0,13,4,17,0,25,28,4,57,0,0,0,57
11/01/2001,ALO,IA,ACE,CE,Towers with Radar,0,33,15,0,48,0,1,28,6,35,0,34,43,6,83,16,0,16,99
11/02/2001,ALO,IA,ACE,CE,Towers with Radar,0,25,19,1,45,0,1,54,26,81,0,26,73,27,126,66,0,66,192
11/03/2001,ALO,IA,ACE,CE,Towers with Radar,0,13,14,0,27,0,8,75,17,100,0,21,89,17,127,34,2,36,163
11/04/2001,ALO,IA,ACE,CE,Towers with Radar,0,23,15,4,42,0,1,48,8,57,0,24,63,12,99,66,22,88,187
11/05/2001,ALO,IA,ACE,CE,Towers with Radar,0,29,26,0,55,0,4,31,0,35,0,33,57,0,90,40,0,40,130
11/06/2001,ALO,IA,ACE,CE,Towers with Radar,0,36,24,0,60,0,1,37,2,40,0,37,61,2,100,52,0,52,152
11/07/2001,ALO,IA,ACE,CE,Towers with Radar,0,33,33,12,78,0,1,23,16,40,0,34,56,28,118,44,6,50,168
11/08/2001,ALO,IA,ACE,CE,Towers with Radar,0,30,19,0,49,0,1,15,0,16,0,31,34,0,65,14,0,14,79
11/09/2001,ALO,IA,ACE,CE,Towers with Radar,0,27,26,11,64,0,2,38,5,45,0,29,64,16,109,34,0,34,143
11/10/2001,ALO,IA,ACE,CE,Towers with Radar,2,20,12,0,34,0,1,58,0,59,2,21,70,0,93,16,0,16,109
11/11/2001,ALO,IA,ACE,CE,Towers with Radar,0,21,22,0,43,0,1,54,0,55,0,22,76,0,98,108,0,108,206
11/12/2001,ALO,IA,ACE,CE,Towers with Radar,0,22,20,2,44,0,1,25,3,29,0,23,45,5,73,8,8,16,89
11/13/2001,ALO,IA,ACE,CE,Towers with Radar,0,28,45,3,76,0,1,8,9,18,0,29,53,12,94,0,0,0,94
11/14/2001,ALO,IA,ACE,CE,Towers with Radar,0,29,31,3,63,0,0,25,3,28,0,29,56,6,91,4,2,6,97
11/15/2001,ALO,IA,ACE,CE,Towers with Radar,0,33,28,0,61,0,1,8,0,9,0,34,36,0,70,38,0,38,108
11/16/2001,ALO,IA,ACE,CE,Towers with Radar,0,31,27,3,61,0,4,72,9,85,0,35,99,12,146,68,6,74,220
11/17/2001,ALO,IA,ACE,CE,Towers with Radar,0,18,22,1,41,0,1,34,5,40,0,19,56,6,81,92,2,94,175
11/18/2001,ALO,IA,ACE,CE,Towers with Radar,0,22,17,0,39,0,0,18,0,18,0,22,35,0,57,98,0,98,155
11/19/2001,ALO,IA,ACE,CE,Towers with Radar,0,29,23,0,52,0,0,28,5,33,0,29,51,5,85,0,4,4,89
11/20/2001,ALO,IA,ACE,CE,Towers with Radar,0,28,28,3,59,0,0,29,2,31,0,28,57,5,90,26,0,26,116
11/21/2001,ALO,IA,ACE,CE,Towers with Radar,0,27,20,1,48,0,0,49,7,56,0,27,69,8,104,34,6,40,144
11/22/2001,ALO,IA,ACE,CE,Towers with Radar,0,15,7,0,22,0,0,23,0,23,0,15,30,0,45,10,0,10,55
11/23/2001,ALO,IA,ACE,CE,Towers with Radar,0,15,7,0,22,0,0,2,0,2,0,15,9,0,24,0,0,0,24
11/24/2001,ALO,IA,ACE,CE,Towers with Radar,0,23,15,0,38,0,0,2,0,2,0,23,17,0,40,0,0,0,40
11/25/2001,ALO,IA,ACE,CE,Towers with Radar,0,22,9,0,31,0,0,0,0,0,0,22,9,0,31,0,0,0,31
11/26/2001,ALO,IA,ACE,CE,Towers with Radar,0,27,17,0,44,0,0,0,0,0,0,27,17,0,44,0,0,0,44
11/27/2001,ALO,IA,ACE,CE,Towers with Radar,0,33,13,0,46,0,0,1,0,1,0,33,14,0,47,0,0,0,47
11/28/2001,ALO,IA,ACE,CE,Towers with Radar,0,26,24,0,50,0,0,0,0,0,0,26,24,0,50,0,0,0,50
11/29/2001,ALO,IA,ACE,CE,Towers with Radar,0,34,38,0,72,0,0,7,18,25,0,34,45,18,97,12,10,22,119
11/30/2001,ALO,IA,ACE,CE,Towers with Radar,2,26,23,1,52,0,0,0,8,8,2,26,23,9,60,0,8,8,68
12/01/2001,ALO,IA,ACE,CE,Towers with Radar,2,20,10,0,32,0,1,44,0,45,2,21,54,0,77,54,0,54,131
12/02/2001,ALO,IA,ACE,CE,Towers with Radar,0,21,17,0,38,0,1,46,0,47,0,22,63,0,85,44,0,44,129
12/03/2001,ALO,IA,ACE,CE,Towers with Radar,0,27,35,0,62,0,1,34,0,35,0,28,69,0,97,30,0,30,127
12/04/2001,ALO,IA,ACE,CE,Towers with Radar,0,30,28,0,58,0,1,14,5,20,0,31,42,5,78,12,0,12,90
12/05/2001,ALO,IA,ACE,CE,Towers with Radar,0,20,19,0,39,0,0,0,3,3,0,20,19,3,42,0,4,4,46
12/06/2001,ALO,IA,ACE,CE,Towers with Radar,0,28,31,0,59,0,1,26,4,31,0,29,57,4,90,14,2,16,106
12/07/2001,ALO,IA,ACE,CE,Towers with Radar,0,26,16,6,48,0,1,18,10,29,0,27,34,16,77,32,0,32,109
12/08/2001,ALO,IA,ACE,CE,Towers with Radar,2,17,18,7,44,0,1,22,8,31,2,18,40,15,75,14,0,14,89
12/09/2001,ALO,IA,ACE,CE,Towers with Radar,0,19,17,0,36,0,1,28,0,29,0,20,45,0,65,12,0,12,77
12/10/2001,ALO,IA,ACE,CE,Towers with Radar,0,25,15,0,40,0,0,21,0,21,0,25,36,0,61,14,0,14,75
12/11/2001,ALO,IA,ACE,CE,Towers with Radar,0,26,27,5,58,0,0,29,2,31,0,26,56,7,89,0,0,0,89
12/12/2001,ALO,IA,ACE,CE,Towers with Radar,0,25,32,0,57,0,0,0,0,0,0,25,32,0,57,0,0,0,57
12/13/2001,ALO,IA,ACE,CE,Towers with Radar,0,26,19,0,45,0,0,5,8,13,0,26,24,8,58,0,2,2,60
12/14/2001,ALO,IA,ACE,CE,Towers with Radar,0,29,31,0,60,0,0,0,0,0,0,29,31,0,60,0,0,0,60
12/15/2001,ALO,IA,ACE,CE,Towers with Radar,2,20,6,0,28,0,0,9,0,9,2,20,15,0,37,18,0,18,55
12/16/2001,ALO,IA,ACE,CE,Towers with Radar,0,19,28,0,47,0,0,1,0,1,0,19,29,0,48,0,0,0,48
12/17/2001,ALO,IA,ACE,CE,Towers with Radar,0,29,45,1,75,0,0,16,1,17,0,29,61,2,92,64,0,64,156
12/18/2001,ALO,IA,ACE,CE,Towers with Radar,0,29,33,1,63,0,0,62,11,73,0,29,95,12,136,36,8,44,180
12/19/2001,ALO,IA,ACE,CE,Towers with Radar,0,29,57,0,86,0,0,21,19,40,0,29,78,19,126,44,12,56,182
12/20/2001,ALO,IA,ACE,CE,Towers with Radar,0,31,28,0,59,0,0,30,4,34,0,31,58,4,93,42,0,42,135
12/21/2001,ALO,IA,ACE,CE,Towers with Radar,0,24,12,0,36,0,0,26,6,32,0,24,38,6,68,8,36,44,112
12/22/2001,ALO,IA,ACE,CE,Towers with Radar,0,19,2,0,21,0,0,0,0,0,0,19,2,0,21,0,0,0,21
12/23/2001,ALO,IA,ACE,CE,Towers with Radar,0,12,7,0,19,0,7,0,0,7,0,19,7,0,26,0,0,0,26
12/24/2001,ALO,IA,ACE,CE,Towers with Radar,0,19,2,0,21,0,0,2,0,2,0,19,4,0,23,0,0,0,23
12/25/2001,ALO,IA,ACE,CE,Towers with Radar,0,20,2,0,22,0,0,0,0,0,0,20,2,0,22,0,0,0,22
12/26/2001,ALO,IA,ACE,CE,Towers with Radar,0,24,14,6,44,0,0,7,5,12,0,24,21,11,56,10,8,18,74
12/27/2001,ALO,IA,ACE,CE,Towers with Radar,0,27,9,1,37,0,0,4,7,11,0,27,13,8,48,42,20,62,110
12/28/2001,ALO,IA,ACE,CE,Towers with Radar,0,26,24,1,51,0,0,23,14,37,0,26,47,15,88,34,4,38,126
12/29/2001,ALO,IA,ACE,CE,Towers with Radar,0,19,16,0,35,0,0,14,0,14,0,19,30,0,49,12,0,12,61
12/30/2001,ALO,IA,ACE,CE,Towers with Radar,0,18,11,0,29,0,0,1,0,1,0,18,12,0,30,0,0,0,30
12/31/2001,ALO,IA,ACE,CE,Towers with Radar,0,18,3,0,21,0,0,13,0,13,0,18,16,0,34,10,0,10,44
01/01/2002,ALO,IA,ACE,CE,Towers with Radar,0,18,5,0,23,0,0,7,0,7,0,18,12,0,30,30,0,30,60
01/02/2002,ALO,IA,ACE,CE,Towers with Radar,0,22,17,0,39,0,0,14,5,19,0,22,31,5,58,44,0,44,102
01/03/2002,ALO,IA,ACE,CE,Towers with Radar,2,23,22,4,51,0,0,44,3,47,2,23,66,7,98,46,24,70,168
01/04/2002,ALO,IA,ACE,CE,Towers with Radar,0,21,12,0,33,0,0,29,2,31,0,21,41,2,64,12,0,12,76
01/05/2002,ALO,IA,ACE,CE,Towers with Radar,0,17,20,0,37,0,1,27,0,28,0,18,47,0,65,68,0,68,133
01/06/2002,ALO,IA,ACE,CE,Towers with Radar,0,20,3,0,23,0,0,4,3,7,0,20,7,3,30,8,0,8,38
01/07/2002,ALO,IA,ACE,CE,Towers with Radar,0,23,28,0,51,0,0,32,0,32,0,23,60,0,83,26,0,26,109
01/08/2002,ALO,IA,ACE,CE,Towers with Radar,0,26,25,0,51,0,0,45,0,45,0,26,70,0,96,94,0,94,190
01/09/2002,ALO,IA,ACE,CE,Towers with Radar,0,26,13,0,39,0,0,38,0,38,0,26,51,0,77,16,0,16,93
01/10/2002,ALO,IA,ACE,CE,Towers with Radar,0,28,12,0,40,0,4,20,0,24,0,32,32,0,64,26,0,26,90
01/11/2002,ALO,IA,ACE,CE,Towers with Radar,0,24,35,8,67,0,0,0,0,0,0,24,35,8,67,12,10,22,89
01/12/2002,ALO,IA,ACE,CE,Towers with Radar,0,19,13,0,32,0,0,42,0,42,0,19,55,0,74,28,0,28,102
01/13/2002,ALO,IA,ACE,CE,Towers with Radar,0,19,14,0,33,0,0,20,0,20,0,19,34,0,53,40,0,40,93
01/14/2002,ALO,IA,ACE,CE,Towers with Radar,0,23,22,0,45,0,0,0,0,0,0,23,22,0,45,0,0,0,45
01/15/2002,ALO,IA,ACE,CE,Towers with Radar,0,27,39,2,68,0,0,11,0,11,0,27,50,2,79,32,0,32,111
01/16/2002,ALO,IA,ACE,CE,Towers with Radar,0,23,25,0,48,0,0,6,2,8,0,23,31,2,56,0,0,0,56
01/17/2002,ALO,IA,ACE,CE,Towers with Radar,10,24,39,0,73,0,0,27,3,30,10,24,66,3,103,12,0,12,115
01/18/2002,ALO,IA,ACE,CE,Towers with Radar,0,25,38,0,63,0,0,24,0,24,0,25,62,0,87,12,0,12,99
01/19/2002,ALO,IA,ACE,CE,Towers with Radar,0,20,10,0,30,0,0,11,0,11,0,20,21,0,41,16,0,16,57
01/20/2002,ALO,IA,ACE,CE,Towers with Radar,0,21,6,0,27,0,0,32,0,32,0,21,38,0,59,60,0,60,119
01/21/2002,ALO,IA,ACE,CE,Towers with Radar,0,21,31,0,52,0,0,41,0,41,0,21,72,0,93,60,0,60,153
01/22/2002,ALO,IA,ACE,CE,Towers with Radar,0,29,27,0,56,0,0,20,10,30,0,29,47,10,86,20,0,20,106
01/23/2002,ALO,IA,ACE,CE,Towers with Radar,0,28,35,0,63,0,0,13,3,16,0,28,48,3,79,32,2,34,113
01/24/2002,ALO,IA,ACE,CE,Towers with Radar,0,27,28,23,78,0,0,40,8,48,0,27,68,31,126,26,0,26,152
01/25/2002,ALO,IA,ACE,CE,Towers with Radar,0,24,32,0,56,0,0,27,10,37,0,24,59,10,93,4,0,4,97
01/26/2002,ALO,IA,ACE,CE,Towers with Radar,0,17,13,0,30,0,0,52,0,52,0,17,65,0,82,60,0,60,142
01/27/2002,ALO,IA,ACE,CE,Towers with Radar,0,21,26,4,51,0,0,49,15,64,0,21,75,19,115,22,30,52,167
01/28/2002,ALO,IA,ACE,CE,Towers with Radar,0,25,36,0,61,0,0,16,0,16,0,25,52,0,77,34,0,34,111
01/29/2002,ALO,IA,ACE,CE,Towers with Radar,0,32,8,0,40,0,0,0,0,0,0,32,8,0,40,0,0,0,40
01/30/2002,ALO,IA,ACE,CE,Towers with Radar,0,26,9,0,35,0,0,18,6,24,0,26,27,6,59,46,8,54,113
01/31/2002,ALO,IA,ACE,CE,Towers with Radar,0,22,16,0,38,0,0,0,0,0,0,22,16,0,38,0,0,0,38
02/01/2002,ALO,IA,ACE,CE,Towers with Radar,0,19,16,0,35,0,196,34,0,230,0,215,50,0,265,0,0,0,265
02/02/2002,ALO,IA,ACE,CE,Towers with Radar,0,20,22,1,43,0,0,32,1,33,0,20,54,2,76,36,0,36,112
02/03/2002,ALO,IA,ACE,CE,Towers with Radar,0,21,14,3,38,0,0,28,0,28,0,21,42,3,66,12,0,12,78
02/04/2002,ALO,IA,ACE,CE,Towers with Radar,0,24,36,0,60,0,0,18,2,20,0,24,54,2,80,28,24,52,132
02/05/2002,ALO,IA,ACE,CE,Towers with Radar,0,24,29,0,53,0,0,44,4,48,0,24,73,4,101,86,30,116,217
02/06/2002,ALO,IA,ACE,CE,Towers with Radar,0,24,22,2,48,0,2,1,0,3,0,26,23,2,51,26,2,28,79
02/07/2002,ALO,IA,ACE,CE,Towers with Radar,0,29,26,2,57,0,4,52,13,69,0,33,78,15,126,46,22,68,194
02/08/2002,ALO,IA,ACE,CE,Towers with Radar,0,25,28,1,54,0,0,20,14,34,0,25,48,15,88,0,6,6,94
02/09/2002,ALO,IA,ACE,CE,Towers with Radar,0,17,17,4,38,0,0,11,8,19,0,17,28,12,57,26,2,28,85
02/10/2002,ALO,IA,ACE,CE,Towers with Radar,0,15,13,0,28,0,5,1,0,6,0,20,14,0,34,0,0,0,34
02/11/2002,ALO,IA,ACE,CE,Towers with Radar,0,24,30,0,54,0,1,5,0,6,0,25,35,0,60,0,0,0,60
02/12/2002,ALO,IA,ACE,CE,Towers with Radar,0,24,27,2,53,0,5,0,0,5,0,29,27,2,58,2,0,2,60
02/13/2002,ALO,IA,ACE,CE,Towers with Radar,0,25,28,5,58,0,0,45,3,48,0,25,73,8,106,64,8,72,178
02/14/2002,ALO,IA,ACE,CE,Towers with Radar,0,25,10,1,36,0,0,17,0,17,0,25,27,1,53,0,0,0,53
02/15/2002,ALO,IA,ACE,CE,Towers with Radar,0,22,22,0,44,0,0,20,0,20,0,22,42,0,64,12,0,12,76
02/16/2002,ALO,IA,ACE,CE,Towers with Radar,0,18,9,0,27,0,0,18,0,18,0,18,27,0,45,8,0,8,53
02/17/2002,ALO,IA,ACE,CE,Towers with Radar,0,21,13,0,34,0,0,69,0,69,0,21,82,0,103,110,0,110,213
02/18/2002,ALO,IA,ACE,CE,Towers with Radar,0,25,23,0,48,0,0,14,4,18,0,25,37,4,66,20,4,24,90
02/19/2002,ALO,IA,ACE,CE,Towers with Radar,4,35,53,2,94,0,0,0,0,0,4,35,53,2,94,10,0,10,104
02/20/2002,ALO,IA,ACE,CE,Towers with Radar,0,31,29,0,60,0,0,0,2,2,0,31,29,2,62,0,0,0,62
02/21/2002,ALO,IA,ACE,CE,Towers with Radar,0,30,37,2,69,0,0,25,7,32,0,30,62,9,101,22,2,24,125
02/22/2002,ALO,IA,ACE,CE,Towers with Radar,0,24,17,5,46,0,0,28,13,41,0,24,45,18,87,58,8,66,153
02/23/2002,ALO,IA,ACE,CE,Towers with Radar,0,22,20,0,42,0,0,22,10,32,0,22,42,10,74,16,4,20,94
02/24/2002,ALO,IA,ACE,CE,Towers with Radar,0,17,15,0,32,0,0,5,0,5,0,17,20,0,37,12,0,12,49
02/25/2002,ALO,IA,ACE,CE,Towers with Radar,0,32,14,0,46,0,0,4,4,8,0,32,18,4,54,0,0,0,54
02/26/2002,ALO,IA,ACE,CE,Towers with Radar,0,26,21,0,47,0,0,0,0,0,0,26,21,0,47,0,0,0,47
02/27/2002,ALO,IA,ACE,CE,Towers with Radar,0,24,31,1,56,0,0,56,13,69,0,24,87,14,125,28,4,32,157
02/28/2002,ALO,IA,ACE,CE,Towers with Radar,0,24,18,1,43,0,0,18,12,30,0,24,36,13,73,20,26,46,119
03/01/2002,ALO,IA,ACE,CE,Towers with Radar,0,23,17,2,42,0,1,0,0,1,0,24,17,2,43,0,10,10,53
03/02/2002,ALO,IA,ACE,CE,Towers with Radar,0,8,5,0,13,0,5,5,0,10,0,13,10,0,23,0,0,0,23
03/03/2002,ALO,IA,ACE,CE,Towers with Radar,0,17,8,0,25,0,0,0,0,0,0,17,8,0,25,0,0,0,25
03/04/2002,ALO,IA,ACE,CE,Towers with Radar,0,26,21,0,47,0,0,4,7,11,0,26,25,7,58,0,0,0,58
03/05/2002,ALO,IA,ACE,CE,Towers with Radar,0,29,29,0,58,0,0,19,11,30,0,29,48,11,88,12,2,14,102
03/06/2002,ALO,IA,ACE,CE,Towers with Radar,0,25,29,0,54,0,0,4,15,19,0,25,33,15,73,0,24,24,97
03/07/2002,ALO,IA,ACE,CE,Towers with Radar,0,29,17,0,46,0,0,2,4,6,0,29,19,4,52,0,0,0,52
03/08/2002,ALO,IA,ACE,CE,Towers with Radar,0,22,10,0,32,0,0,2,0,2,0,22,12,0,34,4,2,6,40
03/09/2002,ALO,IA,ACE,CE,Towers with Radar,0,14,9,0,23,0,0,0,0,0,0,14,9,0,23,0,0,0,23
03/10/2002,ALO,IA,ACE,CE,Towers with Radar,0,19,20,0,39,0,0,41,0,41,0,19,61,0,80,5,0,5,85
03/11/2002,ALO,IA,ACE,CE,Towers with Radar,0,25,20,1,46,0,6,12,9,27,0,31,32,10,73,0,4,4,77
03/12/2002,ALO,IA,ACE,CE,Towers with Radar,0,22,19,0,41,0,0,17,6,23,0,22,36,6,64,34,0,34,98
03/13/2002,ALO,IA,ACE,CE,Towers with Radar,0,25,35,0,60,0,0,27,11,38,0,25,62,11,98,36,8,44,142
03/14/2002,ALO,IA,ACE,CE,Towers with Radar,0,20,15,1,36,0,0,0,5,5,0,20,15,6,41,0,4,4,45
03/15/2002,ALO,IA,ACE,CE,Towers with Radar,0,24,19,1,44,0,0,9,26,35,0,24,28,27,79,24,16,40,119
03/16/2002,ALO,IA,ACE,CE,Towers with Radar,0,18,25,5,48,0,0,62,25,87,0,18,87,30,135,104,0,104,239
03/17/2002,ALO,IA,ACE,CE,Towers with Radar,0,17,13,0,30,0,2,0,0,2,0,19,13,0,32,16,0,16,48
03/18/2002,ALO,IA,ACE,CE,Towers with Radar,0,24,23,0,47,0,0,22,0,22,0,24,45,0,69,16,0,16,85
03/19/2002,ALO,IA,ACE,CE,Towers with Radar,0,26,21,0,47,0,0,0,0,0,0,26,21,0,47,0,0,0,47
03/20/2002,ALO,IA,ACE,CE,Towers with Radar,0,25,33,11,69,0,0,41,16,57,0,25,74,27,126,86,10,96,222
03/21/2002,ALO,IA,ACE,CE,Towers with Radar,0,30,5,0,35,0,0,2,0,2,0,30,7,0,37,0,0,0,37
03/22/2002,ALO,IA,ACE,CE,Towers with Radar,0,24,14,0,38,0,0,23,2,25,0,24,37,2,63,16,0,16,79
03/23/2002,ALO,IA,ACE,CE,Towers with Radar,0,20,22,0,42,0,0,63,0,63,0,20,85,0,105,80,0,80,185
03/24/2002,ALO,IA,ACE,CE,Towers with Radar,0,19,11,0,30,0,0,10,0,10,0,19,21,0,40,0,0,0,40
03/25/2002,ALO,IA,ACE,CE,Towers with Radar,0,29,26,2,57,0,0,19,0,19,0,29,45,2,76,0,0,0,76
03/26/2002,ALO,IA,ACE,CE,Towers with Radar,0,42,18,8,68,0,0,22,7,29,0,42,40,15,97,50,0,50,147
03/27/2002,ALO,IA,ACE,CE,Towers with Radar,0,40,25,0,65,0,5,45,14,64,0,45,70,14,129,102,4,106,235
03/28/2002,ALO,IA,ACE,CE,Towers with Radar,0,26,25,1,52,0,0,33,7,40,0,26,58,8,92,54,0,54,146
03/29/2002,ALO,IA,ACE,CE,Towers with Radar,0,24,10,2,36,0,0,32,7,39,0,24,42,9,75,36,8,44,119
03/30/2002,ALO,IA,ACE,CE,Towers with Radar,0,17,27,0,44,0,0,26,0,26,0,17,53,0,70,44,0,44,114
03/31/2002,ALO,IA,ACE,CE,Towers with Radar,0,21,3,0,24,0,0,22,0,22,0,21,25,0,46,36,0,36,82
04/01/2002,ALO,IA,ACE,CE,Towers with Radar,0,24,19,0,43,0,1,0,0,1,0,25,19,0,44,0,0,0,44
04/02/2002,ALO,IA,ACE,CE,Towers with Radar,0,24,27,1,52,0,0,5,4,9,0,24,32,5,61,6,0,6,67
04/03/2002,ALO,IA,ACE,CE,Towers with Radar,0,29,39,2,70,0,0,29,6,35,0,29,68,8,105,8,0,8,113
04/04/2002,ALO,IA,ACE,CE,Towers with Radar,0,29,39,0,68,0,1,37,6,44,0,30,76,6,112,38,2,40,152
04/05/2002,ALO,IA,ACE,CE,Towers with Radar,0,23,26,7,56,0,1,28,19,48,0,24,54,26,104,62,26,88,192
04/06/2002,ALO,IA,ACE,CE,Towers with Radar,0,17,12,3,32,0,7,20,15,42,0,24,32,18,74,6,4,10,84
04/07/2002,ALO,IA,ACE,CE,Towers with Radar,0,16,9,1,26,0,3,0,11,14,0,19,9,12,40,16,20,36,76
04/08/2002,ALO,IA,ACE,CE,Towers with Radar,0,21,21,0,42,0,8,0,0,8,0,29,21,0,50,0,0,0,50
04/09/2002,ALO,IA,ACE,CE,Towers with Radar,0,27,30,6,63,0,1,72,8,81,0,28,102,14,144,132,0,132,276
04/10/2002,ALO,IA,ACE,CE,Towers with Radar,0,26,27,4,57,0,0,23,9,32,0,26,50,13,89,18,0,18,107
04/11/2002,ALO,IA,ACE,CE,Towers with Radar,0,33,9,0,42,0,0,9,14,23,0,33,18,14,65,2,0,2,67
04/12/2002,ALO,IA,ACE,CE,Towers with Radar,0,28,54,0,82,0,0,21,20,41,0,28,75,20,123,12,16,28,151
04/13/2002,ALO,IA,ACE,CE,Towers with Radar,0,19,23,0,42,0,0,67,0,67,0,19,90,0,109,64,0,64,173
04/14/2002,ALO,IA,ACE,CE,Towers with Radar,0,20,22,0,42,0,0,33,0,33,0,20,55,0,75,90,0,90,165
04/15/2002,ALO,IA,ACE,CE,Towers with Radar,0,27,27,2,56,0,0,26,0,26,0,27,53,2,82,52,0,52,134
04/16/2002,ALO,IA,ACE,CE,Towers with Radar,0,34,29,11,74,0,0,45,3,48,0,34,74,14,122,6,0,6,128
04/17/2002,ALO,IA,ACE,CE,Towers with Radar,0,26,46,2,74,0,0,46,14,60,0,26,92,16,134,58,0,58,192
04/18/2002,ALO,IA,ACE,CE,Towers with Radar,0,34,21,1,56,0,0,25,2,27,0,34,46,3,83,0,0,0,83
04/19/2002,ALO,IA,ACE,CE,Towers with Radar,0,22,24,0,46,0,0,24,0,24,0,22,48,0,70,40,0,40,110
04/20/2002,ALO,IA,ACE,CE,Towers with Radar,0,18,3,0,21,0,0,20,0,20,0,18,23,0,41,44,0,44,85
04/21/2002,ALO,IA,ACE,CE,Towers with Radar,0,17,3,0,20,0,0,2,0,2,0,17,5,0,22,0,0,0,22
04/22/2002,ALO,IA,ACE,CE,Towers with Radar,0,24,43,0,67,0,0,26,7,33,0,24,69,7,100,140,0,140,240
04/23/2002,ALO,IA,ACE,CE,Towers with Radar,0,28,16,0,44,0,0,33,7,40,0,28,49,7,84,26,4,30,114
04/24/2002,ALO,IA,ACE,CE,Towers with Radar,0,23,26,0,49,0,0,15,0,15,0,23,41,0,64,20,0,20,84
04/25/2002,ALO,IA,ACE,CE,Towers with Radar,0,24,24,0,48,0,0,27,0,27,0,24,51,0,75,0,0,0,75
04/26/2002,ALO,IA,ACE,CE,Towers with Radar,0,25,31,9,65,0,0,48,11,59,0,25,79,20,124,72,0,72,196
04/27/2002,ALO,IA,ACE,CE,Towers with Radar,0,21,5,0,26,0,0,0,0,0,0,21,5,0,26,0,0,0,26
04/28/2002,ALO,IA,ACE,CE,Towers with Radar,0,21,32,0,53,0,0,4,0,4,0,21,36,0,57,14,0,14,71
04/29/2002,ALO,IA,ACE,CE,Towers with Radar,0,24,24,3,51,0,0,35,0,35,0,24,59,3,86,64,0,64,150
04/30/2002,ALO,IA,ACE,CE,Towers with Radar,0,25,31,0,56,0,0,40,0,40,0,25,71,0,96,58,0,58,154
05/01/2002,ALO,IA,ACE,CE,Towers with Radar,0,19,23,0,42,0,0,13,4,17,0,19,36,4,59,88,2,90,149
05/02/2002,ALO,IA,ACE,CE,Towers with Radar,0,28,26,0,54,0,0,37,2,39,0,28,63,2,93,52,0,52,145
05/03/2002,ALO,IA,ACE,CE,Towers with Radar,0,22,24,6,52,0,0,58,4,62,0,22,82,10,114,158,8,166,280
05/04/2002,ALO,IA,ACE,CE,Towers with Radar,0,18,6,3,27,0,0,62,6,68,0,18,68,9,95,40,4,44,139
05/05/2002,ALO,IA,ACE,CE,Towers with Radar,0,18,6,0,24,0,0,36,0,36,0,18,42,0,60,58,0,58,118
05/06/2002,ALO,IA,ACE,CE,Towers with Radar,0,21,46,0,67,0,0,39,0,39,0,21,85,0,106,50,0,50,156
05/07/2002,ALO,IA,ACE,CE,Towers with Radar,0,26,22,1,49,0,0,19,1,20,0,26,41,2,69,2,0,2,71
05/08/2002,ALO,IA,ACE,CE,Towers with Radar,0,20,28,0,48,0,0,18,2,20,0,20,46,2,68,66,0,66,134
05/09/2002,ALO,IA,ACE,CE,Towers with Radar,0,25,31,2,58,0,0,20,0,20,0,25,51,2,78,2,0,2,80
05/10/2002,ALO,IA,ACE,CE,Towers with Radar,0,23,46,0,69,0,0,50,2,52,0,23,96,2,121,50,0,50,171
05/11/2002,ALO,IA,ACE,CE,Towers with Radar,0,18,0,0,18,0,0,1,0,1,0,18,1,0,19,0,0,0,19
05/12/2002,ALO,IA,ACE,CE,Towers with Radar,0,18,16,0,34,0,7,0,0,7,0,25,16,0,41,0,0,0,41
05/13/2002,ALO,IA,ACE,CE,Towers with Radar,0,29,22,0,51,0,0,46,0,46,0,29,68,0,97,46,0,46,143
05/14/2002,ALO,IA,ACE,CE,Towers with Radar,0,28,32,0,60,0,0,71,3,74,0,28,103,3,134,48,0,48,182
05/15/2002,ALO,IA,ACE,CE,Towers with Radar,0,25,26,0,51,0,0,18,10,28,0,25,44,10,79,22,6,28,107
05/16/2002,ALO,IA,ACE,CE,Towers with Radar,0,30,30,1,61,0,2,20,9,31,0,32,50,10,92,54,4,58,150
05/17/2002,ALO,IA,ACE,CE,Towers with Radar,0,26,17,0,43,0,0,21,5,26,0,26,38,5,69,10,2,12,81
05/18/2002,ALO,IA,ACE,CE,Towers with Radar,0,16,16,0,32,0,4,35,12,51,0,20,51,12,83,0,82,82,165
05/19/2002,ALO,IA,ACE,CE,Towers with Radar,0,20,22,0,42,0,0,54,5,59,0,20,76,5,101,50,0,50,151
05/20/2002,ALO,IA,ACE,CE,Towers with Radar,0,23,52,0,75,0,0,40,0,40,0,23,92,0,115,140,0,140,255
05/21/2002,ALO,IA,ACE,CE,Towers with Radar,0,29,26,0,55,0,0,54,0,54,0,29,80,0,109,102,12,114,223
05/22/2002,ALO,IA,ACE,CE,Towers with Radar,0,22,20,5,47,0,0,12,3,15,0,22,32,8,62,2,0,2,64
05/23/2002,ALO,IA,ACE,CE,Towers with Radar,0,31,48,0,79,0,0,34,0,34,0,31,82,0,113,102,4,106,219
05/24/2002,ALO,IA,ACE,CE,Towers with Radar,0,24,32,5,61,0,0,35,0,35,0,24,67,5,96,28,0,28,124
05/25/2002,ALO,IA,ACE,CE,Towers with Radar,0,17,14,0,31,0,0,19,1,20,0,17,33,1,51,34,0,34,85
05/26/2002,ALO,IA,ACE,CE,Towers with Radar,0,16,4,0,20,0,0,32,0,32,0,16,36,0,52,8,0,8,60
05/27/2002,ALO,IA,ACE,CE,Towers with Radar,0,23,9,0,32,0,0,40,0,40,0,23,49,0,72,54,0,54,126
05/28/2002,ALO,IA,ACE,CE,Towers with Radar,0,32,16,0,48,0,0,19,0,19,0,32,35,0,67,64,0,64,131
05/29/2002,ALO,IA,ACE,CE,Towers with Radar,0,31,34,4,69,0,0,22,0,22,0,31,56,4,91,72,4,76,167
05/30/2002,ALO,IA,ACE,CE,Towers with Radar,0,24,29,5,58,0,0,40,2,42,0,24,69,7,100,42,0,42,142
05/31/2002,ALO,IA,ACE,CE,Towers with Radar,0,26,35,0,61,0,0,54,2,56,0,26,89,2,117,36,0,36,153
06/01/2002,ALO,IA,ACE,CE,Towers with Radar,0,18,21,0,39,0,1,65,1,67,0,19,86,1,106,62,0,62,168
06/02/2002,ALO,IA,ACE,CE,Towers with Radar,0,19,18,0,37,0,1,9,1,11,0,20,27,1,48,10,0,10,58
06/03/2002,ALO,IA,ACE,CE,Towers with Radar,0,23,30,0,53,0,1,11,0,12,0,24,41,0,65,74,0,74,139
06/04/2002,ALO,IA,ACE,CE,Towers with Radar,0,21,25,0,46,0,3,18,0,21,0,24,43,0,67,30,0,30,97
06/05/2002,ALO,IA,ACE,CE,Towers with Radar,0,28,35,2,65,0,0,42,0,42,0,28,77,2,107,62,0,62,169
06/06/2002,ALO,IA,ACE,CE,Towers with Radar,0,26,32,6,64,0,1,46,3,50,0,27,78,9,114,42,0,42,156
06/07/2002,ALO,IA,ACE,CE,Towers with Radar,0,21,32,1,54,0,0,43,13,56,0,21,75,14,110,36,2,38,148
06/08/2002,ALO,IA,ACE,CE,Towers with Radar,0,14,4,3,21,0,1,24,12,37,0,15,28,15,58,20,0,20,78
06/09/2002,ALO,IA,ACE,CE,Towers with Radar,0,14,17,0,31,0,5,30,6,41,0,19,47,6,72,24,6,30,102
06/10/2002,ALO,IA,ACE,CE,Towers with Radar,0,18,21,0,39,0,1,16,2,19,0,19,37,2,58,56,6,62,120
06/11/2002,ALO,IA,ACE,CE,Towers with Radar,0,21,23,4,48,0,1,33,4,38,0,22,56,8,86,72,2,74,160
06/12/2002,ALO,IA,ACE,CE,Towers with Radar,0,27,40,0,67,0,1,22,13,36,0,28,62,13,103,38,0,38,141
06/13/2002,ALO,IA,ACE,CE,Towers with Radar,0,26,29,4,59,0,1,31,11,43,0,27,60,15,102,72,0,72,174
06/14/2002,ALO,IA,ACE,CE,Towers with Radar,0,25,41,0,66,0,1,34,4,39,0,26,75,4,105,12,0,12,117
06/15/2002,ALO,IA,ACE,CE,Towers with Radar,0,14,11,0,25,0,1,26,0,27,0,15,37,0,52,12,0,12,64
06/16/2002,ALO,IA,ACE,CE,Towers with Radar,0,19,33,1,53,0,1,58,0,59,0,20,91,1,112,56,0,56,168
06/17/2002,ALO,IA,ACE,CE,Towers with Radar,0,26,29,0,55,0,0,41,2,43,0,26,70,2,98,44,2,46,144
06/18/2002,ALO,IA,ACE,CE,Towers with Radar,0,22,24,0,46,0,1,27,0,28,0,23,51,0,74,36,0,36,110
06/19/2002,ALO,IA,ACE,CE,Towers with Radar,0,23,14,4,41,0,1,20,10,31,0,24,34,14,72,46,0,46,118
06/20/2002,ALO,IA,ACE,CE,Towers with Radar,0,25,32,0,57,0,0,45,8,53,0,25,77,8,110,14,0,14,124
06/21/2002,ALO,IA,ACE,CE,Towers with Radar,0,16,33,0,49,0,0,22,0,22,0,16,55,0,71,36,0,36,107
06/22/2002,ALO,IA,ACE,CE,Towers with Radar,0,20,4,0,24,0,2,21,0,23,0,22,25,0,47,8,0,8,55
06/23/2002,ALO,IA,ACE,CE,Towers with Radar,0,19,10,0,29,0,0,26,2,28,0,19,36,2,57,4,0,4,61
06/24/2002,ALO,IA,ACE,CE,Towers with Radar,0,25,45,0,70,0,0,31,3,34,0,25,76,3,104,62,0,62,166
06/25/2002,ALO,IA,ACE,CE,Towers with Radar,0,24,21,0,45,0,0,30,5,35,0,24,51,5,80,62,0,62,142
06/26/2002,ALO,IA,ACE,CE,Towers with Radar,0,28,42,1,71,0,0,29,11,40,0,28,71,12,111,34,10,44,155
06/27/2002,ALO,IA,ACE,CE,Towers with Radar,0,25,33,2,60,0,0,44,5,49,0,25,77,7,109,36,0,36,145
06/28/2002,ALO,IA,ACE,CE,Towers with Radar,0,22,30,1,53,0,0,51,12,63,0,22,81,13,116,64,6,70,186
06/29/2002,ALO,IA,ACE,CE,Towers with Radar,0,15,7,0,22,0,0,30,0,30,0,15,37,0,52,50,0,50,102
06/30/2002,ALO,IA,ACE,CE,Towers with Radar,0,19,7,2,28,0,0,32,3,35,0,19,39,5,63,16,0,16,79
07/01/2002,ALO,IA,ACE,CE,Towers with Radar,0,27,25,0,52,0,1,53,0,54,0,28,78,0,106,94,0,94,200
07/02/2002,ALO,IA,ACE,CE,Towers with Radar,0,22,18,10,50,0,0,43,0,43,0,22,61,10,93,90,0,90,183
07/03/2002,ALO,IA,ACE,CE,Towers with Radar,0,22,30,2,54,0,0,52,0,52,0,22,82,2,106,84,0,84,190
07/04/2002,ALO,IA,ACE,CE,Towers with Radar,0,15,6,0,21,0,0,21,0,21,0,15,27,0,42,30,0,30,72
07/05/2002,ALO,IA,ACE,CE,Towers with Radar,1,21,18,0,40,1,0,46,0,47,2,21,64,0,87,40,0,40,127
07/06/2002,ALO,IA,ACE,CE,Towers with Radar,0,12,6,0,18,0,1,15,0,16,0,13,21,0,34,26,0,26,60
07/07/2002,ALO,IA,ACE,CE,Towers with Radar,0,18,18,0,36,0,1,27,0,28,0,19,45,0,64,22,0,22,86
07/08/2002,ALO,IA,ACE,CE,Towers with Radar,1,22,32,0,55,1,1,22,0,24,2,23,54,0,79,40,0,40,119
07/09/2002,ALO,IA,ACE,CE,Towers with Radar,0,18,23,2,43,0,1,27,0,28,0,19,50,2,71,68,0,68,139
07/10/2002,ALO,IA,ACE,CE,Towers with Radar,0,17,33,2,52,0,1,5,0,6,0,18,38,2,58,20,0,20,78
07/11/2002,ALO,IA,ACE,CE,Towers with Radar,0,28,39,1,68,0,1,12,1,14,0,29,51,2,82,0,0,0,82
07/12/2002,ALO,IA,ACE,CE,Towers with Radar,0,22,39,1,62,0,1,51,11,63,0,23,90,12,125,12,82,94,219
07/13/2002,ALO,IA,ACE,CE,Towers with Radar,0,14,15,1,30,0,1,42,18,61,0,15,57,19,91,42,0,42,133
07/14/2002,ALO,IA,ACE,CE,Towers with Radar,0,18,16,1,35,0,1,61,19,81,0,19,77,20,116,50,24,74,190
07/15/2002,ALO,IA,ACE,CE,Towers with Radar,0,30,32,1,63,0,1,47,3,51,0,31,79,4,114,64,2,66,180
07/16/2002,ALO,IA,ACE,CE,Towers with Radar,0,21,34,1,56,0,1,64,4,69,0,22,98,5,125,94,4,98,223
07/17/2002,ALO,IA,ACE,CE,Towers with Radar,0,23,26,2,51,0,1,55,6,62,0,24,81,8,113,56,2,58,171
07/18/2002,ALO,IA,ACE,CE,Towers with Radar,0,28,34,9,71,0,1,47,2,50,0,29,81,11,121,62,2,64,185
07/19/2002,ALO,IA,ACE,CE,Towers with Radar,0,24,45,0,69,0,1,31,0,32,0,25,76,0,101,36,0,36,137
07/20/2002,ALO,IA,ACE,CE,Towers with Radar,0,14,26,0,40,0,1,43,0,44,0,15,69,0,84,66,0,66,150
07/21/2002,ALO,IA,ACE,CE,Towers with Radar,2,13,19,0,34,0,1,50,0,51,2,14,69,0,85,58,0,58,143
07/22/2002,ALO,IA,ACE,CE,Towers with Radar,0,25,35,0,60,0,1,28,0,29,0,26,63,0,89,120,0,120,209
07/23/2002,ALO,IA,ACE,CE,Towers with Radar,0,24,36,1,61,0,1,60,1,62,0,25,96,2,123,46,0,46,169
07/24/2002,ALO,IA,ACE,CE,Towers with Radar,0,19,36,7,62,0,1,46,0,47,0,20,82,7,109,54,0,54,163
07/25/2002,ALO,IA,ACE,CE,Towers with Radar,0,28,22,7,57,0,1,53,9,63,0,29,75,16,120,40,4,44,164
07/26/2002,ALO,IA,ACE,CE,Towers with Radar,0,23,37,1,61,0,1,27,6,34,0,24,64,7,95,36,0,36,131
07/27/2002,ALO,IA,ACE,CE,Towers with Radar,0,14,8,0,22,0,1,27,0,28,0,15,35,0,50,12,0,12,62
07/28/2002,ALO,IA,ACE,CE,Towers with Radar,0,18,10,0,28,0,1,53,0,54,0,19,63,0,82,44,0,44,126
07/29/2002,ALO,IA,ACE,CE,Towers with Radar,0,27,15,0,42,0,0,37,0,37,0,27,52,0,79,0,0,0,79
07/30/2002,ALO,IA,ACE,CE,Towers with Radar,0,24,17,1,42,0,0,58,4,62,0,24,75,5,104,60,0,60,164
07/31/2002,ALO,IA,ACE,CE,Towers with Radar,0,25,33,3,61,0,0,64,18,82,0,25,97,21,143,126,0,126,269
08/01/2002,ALO,IA,ACE,CE,Towers with Radar,0,24,30,1,55,0,2,30,1,33,0,26,60,2,88,40,0,40,128
08/02/2002,ALO,IA,ACE,CE,Towers with Radar,0,24,39,1,64,0,1,60,5,66,0,25,99,6,130,82,0,82,212
08/03/2002,ALO,IA,ACE,CE,Towers with Radar,0,14,8,1,23,0,1,31,6,38,0,15,39,7,61,38,0,38,99
08/04/2002,ALO,IA,ACE,CE,Towers with Radar,0,21,17,0,38,0,0,14,0,14,0,21,31,0,52,34,0,34,86
08/05/2002,ALO,IA,ACE,CE,Towers with Radar,0,21,24,0,45,0,0,0,0,0,0,21,24,0,45,0,0,0,45
08/06/2002,ALO,IA,ACE,CE,Towers with Radar,0,24,22,1,47,0,0,46,5,51,0,24,68,6,98,78,0,78,176
08/07/2002,ALO,IA,ACE,CE,Towers with Radar,0,28,20,9,57,0,0,45,6,51,0,28,65,15,108,36,28,64,172
08/08/2002,ALO,IA,ACE,CE,Towers with Radar,0,27,41,0,68,0,0,41,7,48,0,27,82,7,116,10,0,10,126
08/09/2002,ALO,IA,ACE,CE,Towers with Radar,0,20,28,0,48,0,0,13,0,13,0,20,41,0,61,20,0,20,81
08/10/2002,ALO,IA,ACE,CE,Towers with Radar,0,15,25,0,40,0,0,24,0,24,0,15,49,0,64,34,0,34,98
08/11/2002,ALO,IA,ACE,CE,Towers with Radar,0,20,14,0,34,0,3,43,6,52,0,23,57,6,86,42,0,42,128
08/12/2002,ALO,IA,ACE,CE,Towers with Radar,0,24,31,0,55,0,0,10,0,10,0,24,41,0,65,27,0,27,92
08/13/2002,ALO,IA,ACE,CE,Towers with Radar,0,19,27,0,46,0,0,13,2,15,0,19,40,2,61,8,0,8,69
08/14/2002,ALO,IA,ACE,CE,Towers with Radar,0,24,22,0,46,0,0,52,8,60,0,24,74,8,106,30,0,30,136
08/15/2002,ALO,IA,ACE,CE,Towers with Radar,0,24,28,0,52,0,0,44,4,48,0,24,72,4,100,32,0,32,132
08/16/2002,ALO,IA,ACE,CE,Towers with Radar,0,24,25,0,49,0,0,19,6,25,0,24,44,6,74,86,54,140,214
08/17/2002,ALO,IA,ACE,CE,Towers with Radar,0,15,7,0,22,0,0,15,17,32,0,15,22,17,54,28,18,46,100
08/18/2002,ALO,IA,ACE,CE,Towers with Radar,0,20,15,1,36,0,0,35,23,58,0,20,50,24,94,20,0,20,114
08/19/2002,ALO,IA,ACE,CE,Towers with Radar,0,25,21,0,46,0,0,48,2,50,0,25,69,2,96,60,0,60,156
08/20/2002,ALO,IA,ACE,CE,Towers with Radar,0,23,32,0,55,0,0,39,11,50,0,23,71,11,105,14,12,26,131
08/21/2002,ALO,IA,ACE,CE,Towers with Radar,0,23,25,3,51,0,0,11,11,22,0,23,36,14,73,66,0,66,139
08/22/2002,ALO,IA,ACE,CE,Towers with Radar,0,25,30,0,55,0,2,16,2,20,0,27,46,2,75,14,6,20,95
08/23/2002,ALO,IA,ACE,CE,Towers with Radar,0,25,23,0,48,0,0,26,2,28,0,25,49,2,76,28,0,28,104
08/24/2002,ALO,IA,ACE,CE,Towers with Radar,0,15,38,0,53,0,0,218,2,220,0,15,256,2,273,0,0,0,273
08/25/2002,ALO,IA,ACE,CE,Towers with Radar,0,19,19,0,38,0,0,36,2,38,0,19,55,2,76,20,0,20,96
08/26/2002,ALO,IA,ACE,CE,Towers with Radar,0,23,33,0,56,0,0,40,0,40,0,23,73,0,96,20,2,22,118
08/27/2002,ALO,IA,ACE,CE,Towers with Radar,0,21,19,0,40,0,0,51,2,53,0,21,70,2,93,64,0,64,157
08/28/2002,ALO,IA,ACE,CE,Towers with Radar,0,22,52,0,74,0,0,20,2,22,0,22,72,2,96,18,0,18,114
08/29/2002,ALO,IA,ACE,CE,Towers with Radar,0,22,36,0,58,0,0,41,2,43,0,22,77,2,101,16,0,16,117
08/30/2002,ALO,IA,ACE,CE,Towers with Radar,0,12,20,0,32,0,0,46,0,46,0,12,66,0,78,6,0,6,84
08/31/2002,ALO,IA,ACE,CE,Towers with Radar,0,12,42,0,54,0,12,19,0,31,0,24,61,0,85,42,0,42,127
09/01/2002,ALO,IA,ACE,CE,Towers with Radar,0,16,23,0,39,0,3,43,0,46,0,19,66,0,85,52,0,52,137
09/02/2002,ALO,IA,ACE,CE,Towers with Radar,0,12,17,0,29,0,3,11,0,14,0,15,28,0,43,6,0,6,49
09/03/2002,ALO,IA,ACE,CE,Towers with Radar,0,28,24,7,59,0,0,55,2,57,0,28,79,9,116,66,6,72,188
09/04/2002,ALO,IA,ACE,CE,Towers with Radar,0,24,42,0,66,0,1,62,10,73,0,25,104,10,139,64,10,74,213
09/05/2002,ALO,IA,ACE,CE,Towers with Radar,0,26,39,2,67,0,0,50,2,52,0,26,89,4,119,62,0,62,181
09/06/2002,ALO,IA,ACE,CE,Towers with Radar,0,21,23,13,57,0,1,38,1,40,0,22,61,14,97,4,0,4,101
09/07/2002,ALO,IA,ACE,CE,Towers with Radar,4,16,4,0,24,0,1,29,0,30,4,17,33,0,54,32,0,32,86
09/08/2002,ALO,IA,ACE,CE,Towers with Radar,0,16,25,1,42,0,3,49,1,53,0,19,74,2,95,14,0,14,109
09/09/2002,ALO,IA,ACE,CE,Towers with Radar,0,19,21,0,40,0,1,23,0,24,0,20,44,0,64,40,0,40,104
09/10/2002,ALO,IA,ACE,CE,Towers with Radar,0,20,50,0,70,0,1,28,2,31,0,21,78,2,101,48,0,48,149
09/11/2002,ALO,IA,ACE,CE,Towers with Radar,0,14,51,1,66,0,1,23,2,26,0,15,74,3,92,52,0,52,144
09/12/2002,ALO,IA,ACE,CE,Towers with Radar,0,22,41,0,63,0,1,58,2,61,0,23,99,2,124,98,0,98,222
09/13/2002,ALO,IA,ACE,CE,Towers with Radar,0,22,29,2,53,0,1,39,2,42,0,23,68,4,95,34,2,36,131
09/14/2002,ALO,IA,ACE,CE,Towers with Radar,0,20,25,0,45,0,1,11,0,12,0,21,36,0,57,54,0,54,111
09/15/2002,ALO,IA,ACE,CE,Towers with Radar,0,17,22,0,39,0,1,69,0,70,0,18,91,0,109,43,0,43,152
09/16/2002,ALO,IA,ACE,CE,Towers with Radar,0,25,28,0,53,0,1,41,0,42,0,26,69,0,95,36,0,36,131
09/17/2002,ALO,IA,ACE,CE,Towers with Radar,0,26,26,0,52,0,1,41,2,44,0,27,67,2,96,62,0,62,158
09/18/2002,ALO,IA,ACE,CE,Towers with Radar,0,21,25,0,46,0,0,4,5,9,0,21,29,5,55,0,0,0,55
09/19/2002,ALO,IA,ACE,CE,Towers with Radar,0,25,33,3,61,0,0,7,2,9,0,25,40,5,70,48,0,48,118
09/20/2002,ALO,IA,ACE,CE,Towers with Radar,1,23,28,1,53,0,0,11,5,16,1,23,39,6,69,0,0,0,69
09/21/2002,ALO,IA,ACE,CE,Towers with Radar,0,15,23,0,38,0,5,30,0,35,0,20,53,0,73,0,0,0,73
09/22/2002,ALO,IA,ACE,CE,Towers with Radar,0,15,14,0,29,1,0,42,0,43,1,15,56,0,72,16,0,16,88
09/23/2002,ALO,IA,ACE,CE,Towers with Radar,0,27,31,0,58,0,0,24,0,24,0,27,55,0,82,14,0,14,96
09/24/2002,ALO,IA,ACE,CE,Towers with Radar,0,25,34,1,60,0,0,49,1,50,0,25,83,2,110,42,0,42,152
09/25/2002,ALO,IA,ACE,CE,Towers with Radar,1,25,36,3,65,1,0,31,7,39,2,25,67,10,104,40,0,40,144
09/26/2002,ALO,IA,ACE,CE,Towers with Radar,0,29,34,3,66,0,0,46,0,46,0,29,80,3,112,82,0,82,194
09/27/2002,ALO,IA,ACE,CE,Towers with Radar,1,23,39,4,67,0,0,3,7,10,1,23,42,11,77,26,0,26,103
09/28/2002,ALO,IA,ACE,CE,Towers with Radar,0,16,22,0,38,0,0,12,0,12,0,16,34,0,50,32,0,32,82
09/29/2002,ALO,IA,ACE,CE,Towers with Radar,2,20,10,0,32,0,0,28,0,28,2,20,38,0,60,28,0,28,88
09/30/2002,ALO,IA,ACE,CE,Towers with Radar,0,25,23,1,49,0,0,32,1,33,0,25,55,2,82,16,2,18,100
10/01/2002,ALO,IA,ACE,CE,Towers with Radar,0,21,18,0,39,0,1,16,1,18,0,22,34,1,57,32,0,32,89
10/02/2002,ALO,IA,ACE,CE,Towers with Radar,0,23,18,0,41,0,2,4,0,6,0,25,22,0,47,8,0,8,55
10/03/2002,ALO,IA,ACE,CE,Towers with Radar,2,24,25,0,51,0,2,4,0,6,2,26,29,0,57,0,0,0,57
10/04/2002,ALO,IA,ACE,CE,Towers with Radar,1,16,22,0,39,0,2,13,3,18,1,18,35,3,57,4,0,4,61
10/05/2002,ALO,IA,ACE,CE,Towers with Radar,0,10,13,3,26,1,3,35,15,54,1,13,48,18,80,32,20,52,132
10/06/2002,ALO,IA,ACE,CE,Towers with Radar,2,10,6,4,22,0,2,14,6,22,2,12,20,10,44,4,0,4,48
10/07/2002,ALO,IA,ACE,CE,Towers with Radar,0,20,32,0,52,0,2,52,0,54,0,22,84,0,106,40,0,40,146
10/08/2002,ALO,IA,ACE,CE,Towers with Radar,0,23,40,14,77,0,2,27,0,29,0,25,67,14,106,26,10,36,142
10/09/2002,ALO,IA,ACE,CE,Towers with Radar,0,24,36,0,60,0,2,47,5,54,0,26,83,5,114,38,0,38,152
10/10/2002,ALO,IA,ACE,CE,Towers with Radar,0,18,26,3,47,0,5,37,1,43,0,23,63,4,90,30,0,30,120
10/11/2002,ALO,IA,ACE,CE,Towers with Radar,0,21,20,0,41,0,2,27,2,31,0,23,47,2,72,22,0,22,94
10/12/2002,ALO,IA,ACE,CE,Towers with Radar,0,10,16,0,26,1,3,2,0,6,1,13,18,0,32,2,0,2,34
10/13/2002,ALO,IA,ACE,CE,Towers with Radar,0,12,11,0,23,0,2,46,0,48,0,14,57,0,71,30,0,30,101
10/14/2002,ALO,IA,ACE,CE,Towers with Radar,0,11,16,0,27,0,7,11,0,18,0,18,27,0,45,12,0,12,57
10/15/2002,ALO,IA,ACE,CE,Towers with Radar,0,19,30,0,49,0,2,39,0,41,0,21,69,0,90,40,0,40,130
10/16/2002,ALO,IA,ACE,CE,Towers with Radar,0,18,62,8,88,0,2,54,8,64,0,20,116,16,152,16,6,22,174
10/17/2002,ALO,IA,ACE,CE,Towers with Radar,0,22,45,0,67,0,2,18,2,22,0,24,63,2,89,20,0,20,109
10/18/2002,ALO,IA,ACE,CE,Towers with Radar,1,14,36,0,51,0,2,18,0,20,1,16,54,0,71,0,0,0,71
10/19/2002,ALO,IA,ACE,CE,Towers with Radar,1,11,1,4,17,0,2,51,0,53,1,13,52,4,70,34,12,46,116
10/20/2002,ALO,IA,ACE,CE,Towers with Radar,0,10,20,0,30,0,4,40,0,44,0,14,60,0,74,18,0,18,92
10/21/2002,ALO,IA,ACE,CE,Towers with Radar,0,16,19,0,35,0,2,13,0,15,0,18,32,0,50,0,0,0,50
10/22/2002,ALO,IA,ACE,CE,Towers with Radar,0,16,45,0,61,0,2,18,0,20,0,18,63,0,81,26,0,26,107
10/23/2002,ALO,IA,ACE,CE,Towers with Radar,0,19,49,0,68,0,1,10,19,30,0,20,59,19,98,16,20,36,134
10/24/2002,ALO,IA,ACE,CE,Towers with Radar,0,25,32,0,57,0,1,3,0,4,0,26,35,0,61,0,0,0,61
10/25/2002,ALO,IA,ACE,CE,Towers with Radar,0,18,25,0,43,0,1,3,0,4,0,19,28,0,47,0,0,0,47
10/26/2002,ALO,IA,ACE,CE,Towers with Radar,0,12,17,0,29,0,0,35,0,35,0,12,52,0,64,8,0,8,72
10/27/2002,ALO,IA,ACE,CE,Towers with Radar,0,16,25,0,41,0,1,9,0,10,0,17,34,0,51,38,0,38,89
10/28/2002,ALO,IA,ACE,CE,Towers with Radar,0,20,13,0,33,0,0,10,0,10,0,20,23,0,43,0,0,0,43
10/29/2002,ALO,IA,ACE,CE,Towers with Radar,0,19,35,3,57,0,0,10,6,16,0,19,45,9,73,34,6,40,113
10/30/2002,ALO,IA,ACE,CE,Towers with Radar,0,19,43,6,68,0,0,0,7,7,0,19,43,13,75,44,6,50,125
10/31/2002,ALO,IA,ACE,CE,Towers with Radar,0,23,16,0,39,0,0,17,8,25,0,23,33,8,64,16,6,22,86
11/01/2002,ALO,IA,ACE,CE,Towers with Radar,1,21,40,10,72,0,0,37,18,55,1,21,77,28,127,8,22,30,157
11/02/2002,ALO,IA,ACE,CE,Towers with Radar,3,13,27,0,43,0,0,59,22,81,3,13,86,22,124,34,0,34,158
11/03/2002,ALO,IA,ACE,CE,Towers with Radar,0,18,5,1,24,0,0,29,27,56,0,18,34,28,80,14,0,14,94
11/04/2002,ALO,IA,ACE,CE,Towers with Radar,0,19,27,0,46,0,0,1,0,1,0,19,28,0,47,64,0,64,111
11/05/2002,ALO,IA,ACE,CE,Towers with Radar,0,24,29,0,53,0,0,1,0,1,0,24,30,0,54,0,0,0,54
11/06/2002,ALO,IA,ACE,CE,Towers with Radar,0,20,27,1,48,0,1,55,13,69,0,21,82,14,117,50,10,60,177
11/07/2002,ALO,IA,ACE,CE,Towers with Radar,0,25,26,4,55,0,0,25,3,28,0,25,51,7,83,22,2,24,107
11/08/2002,ALO,IA,ACE,CE,Towers with Radar,0,21,31,1,53,0,0,49,0,49,0,21,80,1,102,54,8,62,164
11/09/2002,ALO,IA,ACE,CE,Towers with Radar,0,13,16,1,30,0,0,39,0,39,0,13,55,1,69,12,0,12,81
11/10/2002,ALO,IA,ACE,CE,Towers with Radar,0,16,26,28,70,0,0,19,0,19,0,16,45,28,89,6,0,6,95
11/11/2002,ALO,IA,ACE,CE,Towers with Radar,0,17,50,0,67,0,0,3,0,3,0,17,53,0,70,0,0,0,70
11/12/2002,ALO,IA,ACE,CE,Towers with Radar,0,17,22,4,43,0,2,26,8,36,0,19,48,12,79,42,8,50,129
11/13/2002,ALO,IA,ACE,CE,Towers with Radar,0,18,23,1,42,0,0,18,5,23,0,18,41,6,65,0,2,2,67
11/14/2002,ALO,IA,ACE,CE,Towers with Radar,0,21,31,4,56,0,0,0,0,0,0,21,31,4,56,10,0,10,66
11/15/2002,ALO,IA,ACE,CE,Towers with Radar,0,21,41,2,64,0,0,23,17,40,0,21,64,19,104,0,10,10,114
11/16/2002,ALO,IA,ACE,CE,Towers with Radar,0,15,24,4,43,2,0,34,29,65,2,15,58,33,108,0,18,18,126
11/17/2002,ALO,IA,ACE,CE,Towers with Radar,0,16,17,6,39,0,0,36,4,40,0,16,53,10,79,98,10,108,187
11/18/2002,ALO,IA,ACE,CE,Towers with Radar,0,21,30,0,51,0,0,26,0,26,0,21,56,0,77,20,0,20,97
11/19/2002,ALO,IA,ACE,CE,Towers with Radar,0,24,29,9,62,0,0,42,7,49,0,24,71,16,111,30,0,30,141
11/20/2002,ALO,IA,ACE,CE,Towers with Radar,0,23,41,6,70,0,0,37,45,82,0,23,78,51,152,16,0,16,168
11/21/2002,ALO,IA,ACE,CE,Towers with Radar,0,22,20,1,43,0,0,15,1,16,0,22,35,2,59,26,0,26,85
11/22/2002,ALO,IA,ACE,CE,Towers with Radar,0,22,52,1,75,0,4,65,11,80,0,26,117,12,155,40,0,40,195
11/23/2002,ALO,IA,ACE,CE,Towers with Radar,0,14,36,2,52,0,1,45,0,46,0,15,81,2,98,48,0,48,146
11/24/2002,ALO,IA,ACE,CE,Towers with Radar,0,9,13,0,22,0,6,1,0,7,0,15,14,0,29,32,0,32,61
11/25/2002,ALO,IA,ACE,CE,Towers with Radar,0,19,26,4,49,0,0,15,6,21,0,19,41,10,70,24,0,24,94
11/26/2002,ALO,IA,ACE,CE,Towers with Radar,0,19,30,0,49,0,0,26,0,26,0,19,56,0,75,20,0,20,95
11/27/2002,ALO,IA,ACE,CE,Towers with Radar,0,21,23,6,50,0,0,30,4,34,0,21,53,10,84,54,0,54,138
11/28/2002,ALO,IA,ACE,CE,Towers with Radar,2,8,4,0,14,0,0,5,0,5,2,8,9,0,19,4,0,4,23
11/29/2002,ALO,IA,ACE,CE,Towers with Radar,0,16,6,0,22,0,0,19,0,19,0,16,25,0,41,18,0,18,59
11/30/2002,ALO,IA,ACE,CE,Towers with Radar,0,13,1,0,14,0,0,0,0,0,0,13,1,0,14,0,0,0,14
12/01/2002,ALO,IA,ACE,CE,Towers with Radar,0,15,13,0,28,0,0,0,0,0,0,15,13,0,28,0,0,0,28
12/02/2002,ALO,IA,ACE,CE,Towers with Radar,2,20,16,0,38,0,0,17,0,17,2,20,33,0,55,18,0,18,73
12/03/2002,ALO,IA,ACE,CE,Towers with Radar,0,19,19,6,44,0,0,9,4,13,0,19,28,10,57,2,0,2,59
12/04/2002,ALO,IA,ACE,CE,Towers with Radar,0,18,24,0,42,0,1,10,2,13,0,19,34,2,55,18,0,18,73
12/05/2002,ALO,IA,ACE,CE,Towers with Radar,2,18,24,0,44,0,1,22,4,27,2,19,46,4,71,10,0,10,81
12/06/2002,ALO,IA,ACE,CE,Towers with Radar,0,18,8,0,26,0,1,31,49,81,0,19,39,49,107,30,6,36,143
12/07/2002,ALO,IA,ACE,CE,Towers with Radar,0,12,17,0,29,0,1,43,43,87,0,13,60,43,116,56,12,68,184
12/08/2002,ALO,IA,ACE,CE,Towers with Radar,0,15,16,0,31,0,1,51,0,52,0,16,67,0,83,34,0,34,117
12/09/2002,ALO,IA,ACE,CE,Towers with Radar,0,20,35,0,55,0,1,43,0,44,0,21,78,0,99,58,0,58,157
12/10/2002,ALO,IA,ACE,CE,Towers with Radar,0,24,26,0,50,0,1,40,7,48,0,25,66,7,98,62,0,62,160
12/11/2002,ALO,IA,ACE,CE,Towers with Radar,0,20,19,0,39,0,0,0,8,8,0,20,19,8,47,0,0,0,47
12/12/2002,ALO,IA,ACE,CE,Towers with Radar,0,19,34,0,53,0,1,13,3,17,0,20,47,3,70,12,2,14,84
12/13/2002,ALO,IA,ACE,CE,Towers with Radar,0,21,20,4,45,0,1,37,3,41,0,22,57,7,86,26,0,26,112
12/14/2002,ALO,IA,ACE,CE,Towers with Radar,0,13,8,0,21,0,1,33,0,34,0,14,41,0,55,46,0,46,101
12/15/2002,ALO,IA,ACE,CE,Towers with Radar,0,15,9,2,26,0,1,38,1,40,0,16,47,3,66,82,0,82,148
12/16/2002,ALO,IA,ACE,CE,Towers with Radar,0,21,26,0,47,0,1,25,2,28,0,22,51,2,75,8,0,8,83
12/17/2002,ALO,IA,ACE,CE,Towers with Radar,0,19,29,0,48,0,1,0,0,1,0,20,29,0,49,0,0,0,49
12/18/2002,ALO,IA,ACE,CE,Towers with Radar,0,20,25,0,45,0,0,11,17,28,0,20,36,17,73,38,12,50,123
12/19/2002,ALO,IA,ACE,CE,Towers with Radar,0,23,28,1,52,0,0,25,4,29,0,23,53,5,81,18,0,18,99
12/20/2002,ALO,IA,ACE,CE,Towers with Radar,0,15,14,0,29,0,3,8,7,18,0,18,22,7,47,0,0,0,47
12/21/2002,ALO,IA,ACE,CE,Towers with Radar,0,13,16,0,29,0,0,24,0,24,0,13,40,0,53,30,0,30,83
12/22/2002,ALO,IA,ACE,CE,Towers with Radar,0,15,6,0,21,0,0,20,0,20,0,15,26,0,41,42,0,42,83
12/23/2002,ALO,IA,ACE,CE,Towers with Radar,0,19,12,0,31,0,0,31,7,38,0,19,43,7,69,28,0,28,97
12/24/2002,ALO,IA,ACE,CE,Towers with Radar,0,14,5,0,19,0,0,28,0,28,0,14,33,0,47,10,0,10,57
12/25/2002,ALO,IA,ACE,CE,Towers with Radar,0,11,1,0,12,0,0,2,0,2,0,11,3,0,14,0,0,0,14
12/26/2002,ALO,IA,ACE,CE,Towers with Radar,0,21,18,0,39,0,0,29,0,29,0,21,47,0,68,0,0,0,68
12/27/2002,ALO,IA,ACE,CE,Towers with Radar,0,26,15,0,41,0,0,5,0,5,0,26,20,0,46,0,0,0,46
12/28/2002,ALO,IA,ACE,CE,Towers with Radar,0,9,13,0,22,0,0,56,0,56,0,9,69,0,78,36,0,36,114
12/29/2002,ALO,IA,ACE,CE,Towers with Radar,0,10,10,0,20,0,3,23,0,26,0,13,33,0,46,20,0,20,66
12/30/2002,ALO,IA,ACE,CE,Towers with Radar,0,13,30,1,44,0,0,14,2,16,0,13,44,3,60,16,14,30,90
12/31/2002,ALO,IA,ACE,CE,Towers with Radar,0,12,18,0,30,0,0,41,0,41,0,12,59,0,71,76,0,76,147
01/01/2003,ALO,IA,ACE,CE,Towers with Radar,0,7,11,0,18,0,4,13,0,17,0,11,24,0,35,0,0,0,35
01/02/2003,ALO,IA,ACE,CE,Towers with Radar,0,13,11,0,24,0,0,11,9,20,0,13,22,9,44,10,0,10,54
01/03/2003,ALO,IA,ACE,CE,Towers with Radar,0,13,14,0,27,0,0,28,10,38,0,13,42,10,65,24,0,24,89
01/04/2003,ALO,IA,ACE,CE,Towers with Radar,0,9,14,0,23,0,0,1,0,1,0,9,15,0,24,10,0,10,34
01/05/2003,ALO,IA,ACE,CE,Towers with Radar,0,10,5,0,15,0,0,0,0,0,0,10,5,0,15,0,0,0,15
01/06/2003,ALO,IA,ACE,CE,Towers with Radar,0,13,16,0,29,0,0,11,0,11,0,13,27,0,40,0,0,0,40
01/07/2003,ALO,IA,ACE,CE,Towers with Radar,0,19,25,0,44,0,0,17,0,17,0,19,42,0,61,12,0,12,73
01/08/2003,ALO,IA,ACE,CE,Towers with Radar,0,13,24,7,44,0,0,28,14,42,0,13,52,21,86,46,18,64,150
01/09/2003,ALO,IA,ACE,CE,Towers with Radar,0,14,19,0,33,0,0,12,0,12,0,14,31,0,45,12,0,12,57
01/10/2003,ALO,IA,ACE,CE,Towers with Radar,0,14,23,0,37,0,0,4,14,18,0,14,27,14,55,0,0,0,55
01/11/2003,ALO,IA,ACE,CE,Towers with Radar,0,11,8,10,29,0,0,22,28,50,0,11,30,38,79,32,3,35,114
01/12/2003,ALO,IA,ACE,CE,Towers with Radar,0,13,8,0,21,0,0,17,27,44,0,13,25,27,65,40,0,40,105
01/13/2003,ALO,IA,ACE,CE,Towers with Radar,0,18,24,1,43,0,0,13,11,24,0,18,37,12,67,14,20,34,101
01/14/2003,ALO,IA,ACE,CE,Towers with Radar,0,12,20,1,33,0,0,8,5,13,0,12,28,6,46,22,0,22,68
01/15/2003,ALO,IA,ACE,CE,Towers with Radar,0,17,23,2,42,0,0,22,33,55,0,17,45,35,97,10,0,10,107
01/16/2003,ALO,IA,ACE,CE,Towers with Radar,0,23,27,1,51,0,0,27,6,33,0,23,54,7,84,2,0,2,86
01/17/2003,ALO,IA,ACE,CE,Towers with Radar,0,15,20,0,35,0,0,23,4,27,0,15,43,4,62,8,0,8,70
01/18/2003,ALO,IA,ACE,CE,Towers with Radar,0,8,14,0,22,0,0,11,0,11,0,8,25,0,33,0,0,0,33
01/19/2003,ALO,IA,ACE,CE,Towers with Radar,0,12,7,0,19,0,0,9,0,9,0,12,16,0,28,0,0,0,28
01/20/2003,ALO,IA,ACE,CE,Towers with Radar,0,11,15,0,26,0,0,23,0,23,0,11,38,0,49,18,0,18,67
01/21/2003,ALO,IA,ACE,CE,Towers with Radar,0,16,21,13,50,0,0,21,4,25,0,16,42,17,75,22,16,38,113
01/22/2003,ALO,IA,ACE,CE,Towers with Radar,0,15,17,1,33,0,2,20,8,30,0,17,37,9,63,4,16,20,83
01/23/2003,ALO,IA,ACE,CE,Towers with Radar,0,18,8,0,26,0,0,16,0,16,0,18,24,0,42,34,0,34,76
01/24/2003,ALO,IA,ACE,CE,Towers with Radar,0,21,17,0,38,0,0,12,0,12,0,21,29,0,50,18,0,18,68
01/25/2003,ALO,IA,ACE,CE,Towers with Radar,0,10,12,0,22,0,0,14,0,14,0,10,26,0,36,14,0,14,50
01/26/2003,ALO,IA,ACE,CE,Towers with Radar,0,10,1,0,11,0,0,16,0,16,0,10,17,0,27,34,0,34,61
01/27/2003,ALO,IA,ACE,CE,Towers with Radar,0,14,22,0,36,0,0,3,0,3,0,14,25,0,39,0,0,0,39
01/28/2003,ALO,IA,ACE,CE,Towers with Radar,0,13,9,0,22,0,0,1,0,1,0,13,10,0,23,0,0,0,23
01/29/2003,ALO,IA,ACE,CE,Towers with Radar,0,16,23,1,40,0,0,19,4,23,0,16,42,5,63,14,0,14,77
01/30/2003,ALO,IA,ACE,CE,Towers with Radar,0,14,25,0,39,0,0,20,2,22,0,14,45,2,61,58,0,58,119
01/31/2003,ALO,IA,ACE,CE,Towers with Radar,0,13,17,0,30,0,0,3,0,3,0,13,20,0,33,10,0,10,43
02/01/2003,ALO,IA,ACE,CE,Towers with Radar,0,8,5,0,13,0,1,7,0,8,0,9,12,0,21,74,0,74,95
02/02/2003,ALO,IA,ACE,CE,Towers with Radar,0,6,2,2,10,0,1,0,0,1,0,7,2,2,11,0,0,0,11
02/03/2003,ALO,IA,ACE,CE,Towers with Radar,0,16,28,0,44,0,1,2,0,3,0,17,30,0,47,0,0,0,47
02/04/2003,ALO,IA,ACE,CE,Towers with Radar,0,18,30,0,48,0,1,14,0,15,0,19,44,0,63,46,0,46,109
02/05/2003,ALO,IA,ACE,CE,Towers with Radar,0,13,18,5,36,0,0,17,5,22,0,13,35,10,58,50,12,62,120
02/06/2003,ALO,IA,ACE,CE,Towers with Radar,0,18,33,0,51,0,0,29,1,30,0,18,62,1,81,36,22,58,139
02/07/2003,ALO,IA,ACE,CE,Towers with Radar,0,17,21,0,38,0,0,25,5,30,0,17,46,5,68,24,20,44,112
02/08/2003,ALO,IA,ACE,CE,Towers with Radar,0,9,10,0,19,0,0,17,0,17,0,9,27,0,36,70,0,70,106
02/09/2003,ALO,IA,ACE,CE,Towers with Radar,2,11,10,0,23,0,0,16,0,16,2,11,26,0,39,22,0,22,61
02/10/2003,ALO,IA,ACE,CE,Towers with Radar,0,13,14,0,27,0,0,14,4,18,0,13,28,4,45,10,0,10,55
02/11/2003,ALO,IA,ACE,CE,Towers with Radar,0,16,20,0,36,0,0,8,0,8,0,16,28,0,44,0,0,0,44
02/12/2003,ALO,IA,ACE,CE,Towers with Radar,0,13,21,1,35,0,0,34,9,43,0,13,55,10,78,74,0,74,152
02/13/2003,ALO,IA,ACE,CE,Towers with Radar,0,13,38,3,54,0,0,35,11,46,0,13,73,14,100,118,0,118,218
02/14/2003,ALO,IA,ACE,CE,Towers with Radar,0,9,47,0,56,0,0,13,2,15,0,9,60,2,71,22,0,22,93
02/15/2003,ALO,IA,ACE,CE,Towers with Radar,0,7,6,0,13,0,0,8,0,8,0,7,14,0,21,16,0,16,37
02/16/2003,ALO,IA,ACE,CE,Towers with Radar,0,8,17,0,25,0,0,39,2,41,0,8,56,2,66,16,2,18,84
02/17/2003,ALO,IA,ACE,CE,Towers with Radar,0,10,39,0,49,0,0,13,0,13,0,10,52,0,62,42,0,42,104
02/18/2003,ALO,IA,ACE,CE,Towers with Radar,0,13,36,0,49,0,0,19,5,24,0,13,55,5,73,46,16,62,135
02/19/2003,ALO,IA,ACE,CE,Towers with Radar,0,16,30,0,46,0,0,32,3,35,0,16,62,3,81,64,10,74,155
02/20/2003,ALO,IA,ACE,CE,Towers with Radar,0,14,31,0,45,0,0,37,15,52,0,14,68,15,97,10,14,24,121
02/21/2003,ALO,IA,ACE,CE,Towers with Radar,0,15,20,0,35,0,0,19,6,25,0,15,39,6,60,16,8,24,84
02/22/2003,ALO,IA,ACE,CE,Towers with Radar,0,7,15,0,22,0,0,0,4,4,0,7,15,4,26,4,8,12,38
02/23/2003,ALO,IA,ACE,CE,Towers with Radar,0,8,9,0,17,0,0,14,0,14,0,8,23,0,31,24,0,24,55
02/24/2003,ALO,IA,ACE,CE,Towers with Radar,0,9,21,0,30,0,0,11,2,13,0,9,32,2,43,6,0,6,49
02/25/2003,ALO,IA,ACE,CE,Towers with Radar,0,14,11,0,25,0,0,19,8,27,0,14,30,8,52,66,0,66,118
02/26/2003,ALO,IA,ACE,CE,Towers with Radar,0,9,18,0,27,0,0,29,2,31,0,9,47,2,58,94,0,94,152
02/27/2003,ALO,IA,ACE,CE,Towers with Radar,0,16,26,1,43,0,0,35,4,39,0,16,61,5,82,38,0,38,120
02/28/2003,ALO,IA,ACE,CE,Towers with Radar,0,10,19,0,29,0,0,0,9,9,0,10,19,9,38,0,0,0,38
03/01/2003,ALO,IA,ACE,CE,Towers with Radar,0,7,8,1,16,0,0,4,24,28,0,7,12,25,44,12,0,12,56
03/02/2003,ALO,IA,ACE,CE,Towers with Radar,0,8,30,1,39,0,0,15,14,29,0,8,45,15,68,14,0,14,82
03/03/2003,ALO,IA,ACE,CE,Towers with Radar,0,10,14,0,24,0,0,1,0,1,0,10,15,0,25,0,0,0,25
03/04/2003,ALO,IA,ACE,CE,Towers with Radar,0,13,22,0,35,0,0,3,0,3,0,13,25,0,38,0,0,0,38
03/05/2003,ALO,IA,ACE,CE,Towers with Radar,0,12,29,15,56,0,0,30,18,48,0,12,59,33,104,4,34,38,142
03/06/2003,ALO,IA,ACE,CE,Towers with Radar,0,15,36,3,54,0,0,26,9,35,0,15,62,12,89,36,6,42,131
03/07/2003,ALO,IA,ACE,CE,Towers with Radar,0,9,36,6,51,0,0,16,26,42,0,9,52,32,93,0,0,0,93
03/08/2003,ALO,IA,ACE,CE,Towers with Radar,0,8,10,0,18,0,0,20,28,48,0,8,30,28,66,14,0,14,80
03/09/2003,ALO,IA,ACE,CE,Towers with Radar,0,8,13,0,21,0,1,0,0,1,0,9,13,0,22,0,0,0,22
03/10/2003,ALO,IA,ACE,CE,Towers with Radar,0,11,18,6,35,0,2,20,1,23,0,13,38,7,58,42,0,42,100
03/11/2003,ALO,IA,ACE,CE,Towers with Radar,0,13,32,8,53,0,0,27,2,29,0,13,59,10,82,70,0,70,152
03/12/2003,ALO,IA,ACE,CE,Towers with Radar,0,11,29,2,42,0,0,5,8,13,0,11,34,10,55,28,4,32,87
03/13/2003,ALO,IA,ACE,CE,Towers with Radar,0,11,53,2,66,0,0,32,25,57,0,11,85,27,123,68,40,108,231
03/14/2003,ALO,IA,ACE,CE,Towers with Radar,0,11,36,0,47,0,0,30,5,35,0,11,66,5,82,22,22,44,126
03/15/2003,ALO,IA,ACE,CE,Towers with Radar,0,7,6,0,13,0,0,31,0,31,0,7,37,0,44,44,0,44,88
03/16/2003,ALO,IA,ACE,CE,Towers with Radar,0,8,3,0,11,0,0,36,0,36,0,8,39,0,47,70,0,70,117
03/17/2003,ALO,IA,ACE,CE,Towers with Radar,0,10,34,0,44,0,0,13,0,13,0,10,47,0,57,6,0,6,63
03/18/2003,ALO,IA,ACE,CE,Towers with Radar,0,11,16,0,27,0,0,0,6,6,0,11,16,6,33,0,4,4,37
03/19/2003,ALO,IA,ACE,CE,Towers with Radar,0,10,16,2,28,0,0,0,5,5,0,10,16,7,33,0,0,0,33
03/20/2003,ALO,IA,ACE,CE,Towers with Radar,0,7,17,1,25,0,3,5,5,13,0,10,22,6,38,0,0,0,38
03/21/2003,ALO,IA,ACE,CE,Towers with Radar,0,9,5,0,14,0,0,0,1,1,0,9,5,1,15,0,0,0,15
03/22/2003,ALO,IA,ACE,CE,Towers with Radar,0,7,26,0,33,0,0,42,4,46,0,7,68,4,79,46,0,46,125
03/23/2003,ALO,IA,ACE,CE,Towers with Radar,0,8,11,0,19,0,0,27,0,27,0,8,38,0,46,28,0,28,74
03/24/2003,ALO,IA,ACE,CE,Towers with Radar,0,9,48,3,60,0,0,9,3,12,0,9,57,6,72,50,0,50,122
03/25/2003,ALO,IA,ACE,CE,Towers with Radar,0,17,42,8,67,0,0,33,19,52,0,17,75,27,119,76,24,100,219
03/26/2003,ALO,IA,ACE,CE,Towers with Radar,2,12,42,3,59,0,0,38,19,57,2,12,80,22,116,90,18,108,224
03/27/2003,ALO,IA,ACE,CE,Towers with Radar,0,11,46,5,62,0,0,7,6,13,0,11,53,11,75,14,2,16,91
03/28/2003,ALO,IA,ACE,CE,Towers with Radar,0,9,20,0,29,0,0,2,6,8,0,9,22,6,37,0,0,0,37
03/29/2003,ALO,IA,ACE,CE,Towers with Radar,2,7,22,0,31,0,0,7,0,7,2,7,29,0,38,0,0,0,38
03/30/2003,ALO,IA,ACE,CE,Towers with Radar,0,8,23,0,31,0,0,36,0,36,0,8,59,0,67,14,0,14,81
03/31/2003,ALO,IA,ACE,CE,Towers with Radar,0,8,21,0,29,0,0,10,4,14,0,8,31,4,43,38,0,38,81
04/01/2003,ALO,IA,ACE,CE,Towers with Radar,0,11,25,3,39,0,4,29,7,40,0,15,54,10,79,20,0,20,99
04/02/2003,ALO,IA,ACE,CE,Towers with Radar,0,11,26,3,40,0,0,28,10,38,0,11,54,13,78,46,20,66,144
04/03/2003,ALO,IA,ACE,CE,Towers with Radar,0,15,18,7,40,0,0,4,5,9,0,15,22,12,49,66,0,66,115
04/04/2003,ALO,IA,ACE,CE,Towers with Radar,0,9,24,0,33,0,0,1,0,1,0,9,25,0,34,0,0,0,34
04/05/2003,ALO,IA,ACE,CE,Towers with Radar,0,7,11,2,20,0,0,22,12,34,0,7,33,14,54,28,8,36,90
04/06/2003,ALO,IA,ACE,CE,Towers with Radar,0,8,10,1,19,0,0,4,15,19,0,8,14,16,38,0,0,0,38
04/07/2003,ALO,IA,ACE,CE,Towers with Radar,0,14,14,0,28,0,0,1,0,1,0,14,15,0,29,0,0,0,29
04/08/2003,ALO,IA,ACE,CE,Towers with Radar,0,13,19,1,33,0,0,28,5,33,0,13,47,6,66,14,0,14,80
04/09/2003,ALO,IA,ACE,CE,Towers with Radar,0,9,24,21,54,0,0,47,15,62,0,9,71,36,116,76,36,112,228
04/10/2003,ALO,IA,ACE,CE,Towers with Radar,0,14,24,1,39,0,2,47,8,57,0,16,71,9,96,9,22,31,127
04/11/2003,ALO,IA,ACE,CE,Towers with Radar,0,11,24,1,36,0,0,35,4,39,0,11,59,5,75,20,0,20,95
04/12/2003,ALO,IA,ACE,CE,Towers with Radar,0,7,2,0,9,0,0,54,0,54,0,7,56,0,63,22,0,22,85
04/13/2003,ALO,IA,ACE,CE,Towers with Radar,0,7,11,0,18,0,1,26,0,27,0,8,37,0,45,20,0,20,65
04/14/2003,ALO,IA,ACE,CE,Towers with Radar,0,9,17,2,28,0,2,22,6,30,0,11,39,8,58,0,0,0,58
04/15/2003,ALO,IA,ACE,CE,Towers with Radar,0,10,17,1,28,0,0,19,1,20,0,10,36,2,48,16,0,16,64
04/16/2003,ALO,IA,ACE,CE,Towers with Radar,0,14,18,0,32,0,1,5,0,6,0,15,23,0,38,6,0,6,44
04/17/2003,ALO,IA,ACE,CE,Towers with Radar,0,8,25,1,34,0,0,3,3,6,0,8,28,4,40,10,6,16,56
04/18/2003,ALO,IA,ACE,CE,Towers with Radar,2,9,14,1,26,0,0,12,1,13,2,9,26,2,39,42,0,42,81
04/19/2003,ALO,IA,ACE,CE,Towers with Radar,0,7,18,0,25,0,0,0,0,0,0,7,18,0,25,0,0,0,25
04/20/2003,ALO,IA,ACE,CE,Towers with Radar,2,8,17,0,27,0,0,4,0,4,2,8,21,0,31,0,0,0,31
04/21/2003,ALO,IA,ACE,CE,Towers with Radar,0,11,48,0,59,0,0,6,0,6,0,11,54,0,65,0,0,0,65
04/22/2003,ALO,IA,ACE,CE,Towers with Radar,0,11,36,4,51,0,0,45,5,50,0,11,81,9,101,40,0,40,141
04/23/2003,ALO,IA,ACE,CE,Towers with Radar,0,11,54,0,65,0,0,44,5,49,0,11,98,5,114,32,0,32,146
04/24/2003,ALO,IA,ACE,CE,Towers with Radar,0,13,48,2,63,0,0,6,7,13,0,13,54,9,76,24,40,64,140
04/25/2003,ALO,IA,ACE,CE,Towers with Radar,0,12,26,3,41,0,0,23,1,24,0,12,49,4,65,22,0,22,87
04/26/2003,ALO,IA,ACE,CE,Towers with Radar,0,7,18,0,25,0,0,55,4,59,0,7,73,4,84,32,0,32,116
04/27/2003,ALO,IA,ACE,CE,Towers with Radar,0,9,25,2,36,0,0,34,0,34,0,9,59,2,70,30,4,34,104
04/28/2003,ALO,IA,ACE,CE,Towers with Radar,0,12,25,2,39,0,0,42,7,49,0,12,67,9,88,38,0,38,126
04/29/2003,ALO,IA,ACE,CE,Towers with Radar,0,9,33,10,52,0,0,18,2,20,0,9,51,12,72,12,0,12,84
04/30/2003,ALO,IA,ACE,CE,Towers with Radar,0,17,22,0,39,0,0,1,0,1,0,17,23,0,40,0,0,0,40
05/01/2003,ALO,IA,ACE,CE,Towers with Radar,1,8,35,2,46,0,1,21,10,32,1,9,56,12,78,64,16,80,158
05/02/2003,ALO,IA,ACE,CE,Towers with Radar,2,7,45,0,54,0,1,36,13,50,2,8,81,13,104,32,12,44,148
05/03/2003,ALO,IA,ACE,CE,Towers with Radar,1,3,12,0,16,1,3,30,0,34,2,6,42,0,50,6,0,6,56
05/04/2003,ALO,IA,ACE,CE,Towers with Radar,1,4,10,0,15,0,2,0,0,2,1,6,10,0,17,0,0,0,17
05/05/2003,ALO,IA,ACE,CE,Towers with Radar,2,20,40,0,62,0,0,8,1,9,2,20,48,1,71,20,0,20,91
05/06/2003,ALO,IA,ACE,CE,Towers with Radar,2,12,41,1,56,0,0,37,4,41,2,12,78,5,97,24,12,36,133
05/07/2003,ALO,IA,ACE,CE,Towers with Radar,2,10,54,1,67,0,0,10,4,14,2,10,64,5,81,12,0,12,93
05/08/2003,ALO,IA,ACE,CE,Towers with Radar,2,17,19,2,40,0,0,17,3,20,2,17,36,5,60,0,0,0,60
05/09/2003,ALO,IA,ACE,CE,Towers with Radar,1,6,26,0,33,0,0,20,5,25,1,6,46,5,58,12,2,14,72
05/10/2003,ALO,IA,ACE,CE,Towers with Radar,2,6,10,0,18,0,0,11,0,11,2,6,21,0,29,10,0,10,39
05/11/2003,ALO,IA,ACE,CE,Towers with Radar,2,2,8,0,12,0,0,1,0,1,2,2,9,0,13,0,0,0,13
05/12/2003,ALO,IA,ACE,CE,Towers with Radar,2,12,19,4,37,0,0,30,3,33,2,12,49,7,70,6,0,6,76
05/13/2003,ALO,IA,ACE,CE,Towers with Radar,2,10,27,0,39,0,0,22,20,42,2,10,49,20,81,32,6,38,119
05/14/2003,ALO,IA,ACE,CE,Towers with Radar,2,11,33,1,47,0,0,25,12,37,2,11,58,13,84,44,0,44,128
05/15/2003,ALO,IA,ACE,CE,Towers with Radar,2,12,49,1,64,0,0,23,35,58,2,12,72,36,122,32,0,32,154
05/16/2003,ALO,IA,ACE,CE,Towers with Radar,2,8,56,7,73,0,0,44,23,67,2,8,100,30,140,50,4,54,194
05/17/2003,ALO,IA,ACE,CE,Towers with Radar,1,7,20,0,28,1,0,36,28,65,2,7,56,28,93,76,0,76,169
05/18/2003,ALO,IA,ACE,CE,Towers with Radar,2,6,16,0,24,0,0,27,0,27,2,6,43,0,51,10,0,10,61
05/19/2003,ALO,IA,ACE,CE,Towers with Radar,2,6,34,0,42,0,0,6,0,6,2,6,40,0,48,0,0,0,48
05/20/2003,ALO,IA,ACE,CE,Towers with Radar,2,12,28,0,42,0,0,32,10,42,2,12,60,10,84,24,0,24,108
05/21/2003,ALO,IA,ACE,CE,Towers with Radar,2,13,25,2,42,0,0,35,16,51,2,13,60,18,93,24,8,32,125
05/22/2003,ALO,IA,ACE,CE,Towers with Radar,2,13,36,1,52,2,2,32,2,38,4,15,68,3,90,84,28,112,202
05/23/2003,ALO,IA,ACE,CE,Towers with Radar,2,16,44,1,63,0,0,70,6,76,2,16,114,7,139,50,28,78,217
05/24/2003,ALO,IA,ACE,CE,Towers with Radar,2,8,11,0,21,0,0,35,0,35,2,8,46,0,56,32,0,32,88
05/25/2003,ALO,IA,ACE,CE,Towers with Radar,2,4,18,0,24,0,0,33,0,33,2,4,51,0,57,18,2,20,77
05/26/2003,ALO,IA,ACE,CE,Towers with Radar,2,7,17,0,26,0,0,53,1,54,2,7,70,1,80,48,0,48,128
05/27/2003,ALO,IA,ACE,CE,Towers with Radar,2,10,31,4,47,0,1,35,10,46,2,11,66,14,93,28,30,58,151
05/28/2003,ALO,IA,ACE,CE,Towers with Radar,2,8,35,0,45,0,0,13,4,17,2,8,48,4,62,14,8,22,84
05/29/2003,ALO,IA,ACE,CE,Towers with Radar,2,14,0,0,16,0,58,0,0,58,2,72,0,0,74,80,10,90,164
05/30/2003,ALO,IA,ACE,CE,Towers with Radar,2,15,15,0,32,0,0,14,1,15,2,15,29,1,47,0,0,0,47
05/31/2003,ALO,IA,ACE,CE,Towers with Radar,2,8,14,0,24,0,0,36,2,38,2,8,50,2,62,24,0,24,86
06/01/2003,ALO,IA,ACE,CE,Towers with Radar,2,6,8,0,16,1,0,34,1,36,3,6,42,1,52,12,0,12,64
06/02/2003,ALO,IA,ACE,CE,Towers with Radar,2,10,19,0,31,0,0,3,0,3,2,10,22,0,34,0,0,0,34
06/03/2003,ALO,IA,ACE,CE,Towers with Radar,2,12,20,0,34,0,0,23,4,27,2,12,43,4,61,36,2,38,99
06/04/2003,ALO,IA,ACE,CE,Towers with Radar,2,9,19,0,30,0,6,28,0,34,2,15,47,0,64,48,0,48,112
06/05/2003,ALO,IA,ACE,CE,Towers with Radar,2,11,1,0,14,0,39,0,0,39,2,50,1,0,53,18,0,18,71
06/06/2003,ALO,IA,ACE,CE,Towers with Radar,2,11,12,0,25,0,1,4,0,5,2,12,16,0,30,4,0,4,34
06/07/2003,ALO,IA,ACE,CE,Towers with Radar,2,9,13,0,24,0,0,25,0,25,2,9,38,0,49,46,0,46,95
06/08/2003,ALO,IA,ACE,CE,Towers with Radar,2,5,10,0,17,0,1,8,0,9,2,6,18,0,26,60,0,60,86
06/09/2003,ALO,IA,ACE,CE,Towers with Radar,0,9,30,0,39,1,22,10,0,33,1,31,40,0,72,26,0,26,98
06/10/2003,ALO,IA,ACE,CE,Towers with Radar,2,10,28,0,40,0,0,18,0,18,2,10,46,0,58,12,0,12,70
06/11/2003,ALO,IA,ACE,CE,Towers with Radar,2,10,28,0,40,0,0,22,0,22,2,10,50,0,62,8,0,8,70
06/12/2003,ALO,IA,ACE,CE,Towers with Radar,2,13,35,0,50,0,0,35,0,35,2,13,70,0,85,28,0,28,113
06/13/2003,ALO,IA,ACE,CE,Towers with Radar,2,10,17,0,29,0,0,38,8,46,2,10,55,8,75,30,0,30,105
06/14/2003,ALO,IA,ACE,CE,Towers with Radar,2,10,24,1,37,0,0,73,0,73,2,10,97,1,110,36,0,36,146
06/15/2003,ALO,IA,ACE,CE,Towers with Radar,1,7,1,0,9,1,54,0,0,55,2,61,1,0,64,22,0,22,86
06/16/2003,ALO,IA,ACE,CE,Towers with Radar,2,13,20,0,35,0,0,31,0,31,2,13,51,0,66,40,0,40,106
06/17/2003,ALO,IA,ACE,CE,Towers with Radar,2,11,22,2,37,0,0,35,7,42,2,11,57,9,79,20,38,58,137
06/18/2003,ALO,IA,ACE,CE,Towers with Radar,2,9,26,0,37,0,0,21,0,21,2,9,47,0,58,26,0,26,84
06/19/2003,ALO,IA,ACE,CE,Towers with Radar,2,12,24,0,38,0,0,39,10,49,2,12,63,10,87,40,36,76,163
06/20/2003,ALO,IA,ACE,CE,Towers with Radar,2,12,35,6,55,0,0,60,5,65,2,12,95,11,120,20,8,28,148
06/21/2003,ALO,IA,ACE,CE,Towers with Radar,2,5,11,9,27,0,0,30,0,30,2,5,41,9,57,14,0,14,71
06/22/2003,ALO,IA,ACE,CE,Towers with Radar,2,6,27,0,35,0,0,27,0,27,2,6,54,0,62,62,0,62,124
06/23/2003,ALO,IA,ACE,CE,Towers with Radar,2,10,20,0,32,0,1,10,2,13,2,11,30,2,45,4,14,18,63
06/24/2003,ALO,IA,ACE,CE,Towers with Radar,2,12,13,0,27,0,0,11,7,18,2,12,24,7,45,12,12,24,69
06/25/2003,ALO,IA,ACE,CE,Towers with Radar,5,12,27,0,44,0,0,5,12,17,5,12,32,12,61,30,0,30,91
06/26/2003,ALO,IA,ACE,CE,Towers with Radar,1,9,18,0,28,1,3,43,12,59,2,12,61,12,87,14,20,34,121
06/27/2003,ALO,IA,ACE,CE,Towers with Radar,2,8,15,2,27,0,0,41,9,50,2,8,56,11,77,14,35,49,126
06/28/2003,ALO,IA,ACE,CE,Towers with Radar,1,6,13,0,20,1,1,41,2,45,2,7,54,2,65,30,0,30,95
06/29/2003,ALO,IA,ACE,CE,Towers with Radar,1,6,17,0,24,1,0,45,1,47,2,6,62,1,71,30,0,30,101
06/30/2003,ALO,IA,ACE,CE,Towers with Radar,2,12,46,0,60,0,0,45,5,50,2,12,91,5,110,18,40,58,168
07/01/2003,ALO,IA,ACE,CE,Towers with Radar,1,13,24,0,38,1,0,40,11,52,2,13,64,11,90,74,102,176,266
07/02/2003,ALO,IA,ACE,CE,Towers with Radar,2,8,35,0,45,0,0,24,20,44,2,8,59,20,89,21,48,69,158
07/03/2003,ALO,IA,ACE,CE,Towers with Radar,2,8,25,0,35,0,0,44,2,46,2,8,69,2,81,62,52,114,195
07/04/2003,ALO,IA,ACE,CE,Towers with Radar,2,6,4,0,12,0,0,30,0,30,2,6,34,0,42,40,0,40,82
07/05/2003,ALO,IA,ACE,CE,Towers with Radar,2,6,9,0,17,0,0,44,0,44,2,6,53,0,61,12,0,12,73
07/06/2003,ALO,IA,ACE,CE,Towers with Radar,2,7,10,0,19,0,0,45,0,45,2,7,55,0,64,70,0,70,134
07/07/2003,ALO,IA,ACE,CE,Towers with Radar,3,9,25,3,40,0,0,42,9,51,3,9,67,12,91,62,28,90,181
07/08/2003,ALO,IA,ACE,CE,Towers with Radar,2,13,20,1,36,0,0,7,7,14,2,13,27,8,50,0,8,8,58
07/09/2003,ALO,IA,ACE,CE,Towers with Radar,2,13,26,52,93,0,0,0,1,1,2,13,26,53,94,4,0,4,98
07/10/2003,ALO,IA,ACE,CE,Towers with Radar,2,10,30,0,42,0,0,21,14,35,2,10,51,14,77,38,8,46,123
07/11/2003,ALO,IA,ACE,CE,Towers with Radar,2,8,26,0,36,0,0,54,20,74,2,8,80,20,110,32,0,32,142
07/12/2003,ALO,IA,ACE,CE,Towers with Radar,2,6,11,0,19,0,0,41,7,48,2,6,52,7,67,48,0,48,115
07/13/2003,ALO,IA,ACE,CE,Towers with Radar,2,6,14,1,23,0,0,74,83,157,2,6,88,84,180,106,0,106,286
07/14/2003,ALO,IA,ACE,CE,Towers with Radar,1,8,17,0,26,0,0,25,0,25,1,8,42,0,51,28,0,28,79
07/15/2003,ALO,IA,ACE,CE,Towers with Radar,2,14,34,0,50,0,0,48,12,60,2,14,82,12,110,20,10,30,140
07/16/2003,ALO,IA,ACE,CE,Towers with Radar,0,12,36,1,49,0,0,62,17,79,0,12,98,18,128,64,36,100,228
07/17/2003,ALO,IA,ACE,CE,Towers with Radar,2,10,18,1,31,0,0,56,10,66,2,10,74,11,97,44,0,44,141
07/18/2003,ALO,IA,ACE,CE,Towers with Radar,2,11,28,2,43,0,0,42,5,47,2,11,70,7,90,70,6,76,166
07/19/2003,ALO,IA,ACE,CE,Towers with Radar,2,6,20,0,28,0,0,38,2,40,2,6,58,2,68,6,0,6,74
07/20/2003,ALO,IA,ACE,CE,Towers with Radar,2,6,19,0,27,0,0,17,0,17,2,6,36,0,44,40,0,40,84
07/21/2003,ALO,IA,ACE,CE,Towers with Radar,2,8,29,0,39,0,0,28,0,28,2,8,57,0,67,72,0,72,139
07/22/2003,ALO,IA,ACE,CE,Towers with Radar,0,2,4,0,6,2,10,72,10,94,2,12,76,10,100,70,0,70,170
07/23/2003,ALO,IA,ACE,CE,Towers with Radar,1,10,28,2,41,0,0,43,4,47,1,10,71,6,88,40,0,40,128
07/24/2003,ALO,IA,ACE,CE,Towers with Radar,1,10,20,2,33,1,2,56,12,71,2,12,76,14,104,70,2,72,176
07/25/2003,ALO,IA,ACE,CE,Towers with Radar,2,6,18,0,26,0,0,38,12,50,2,6,56,12,76,24,10,34,110
07/26/2003,ALO,IA,ACE,CE,Towers with Radar,0,6,12,1,19,2,0,24,11,37,2,6,36,12,56,16,0,16,72
07/27/2003,ALO,IA,ACE,CE,Towers with Radar,2,7,14,0,23,0,0,20,0,20,2,7,34,0,43,10,0,10,53
07/28/2003,ALO,IA,ACE,CE,Towers with Radar,2,9,19,1,31,0,0,36,4,40,2,9,55,5,71,24,0,24,95
07/29/2003,ALO,IA,ACE,CE,Towers with Radar,2,8,24,0,34,0,0,55,10,65,2,8,79,10,99,20,0,20,119
07/30/2003,ALO,IA,ACE,CE,Towers with Radar,2,12,28,0,42,0,0,41,19,60,2,12,69,19,102,82,0,82,184
07/31/2003,ALO,IA,ACE,CE,Towers with Radar,2,8,35,0,45,0,0,32,5,37,2,8,67,5,82,68,0,68,150
08/01/2003,ALO,IA,ACE,CE,Towers with Radar,1,8,31,0,40,1,0,49,4,54,2,8,80,4,94,8,0,8,102
08/02/2003,ALO,IA,ACE,CE,Towers with Radar,1,6,7,1,15,1,1,38,0,40,2,7,45,1,55,10,0,10,65
08/03/2003,ALO,IA,ACE,CE,Towers with Radar,2,6,26,0,34,0,2,39,0,41,2,8,65,0,75,26,0,26,101
08/04/2003,ALO,IA,ACE,CE,Towers with Radar,2,10,35,1,48,0,0,30,7,37,2,10,65,8,85,92,0,92,177
08/05/2003,ALO,IA,ACE,CE,Towers with Radar,2,13,20,0,35,0,1,14,7,22,2,14,34,7,57,34,0,34,91
08/06/2003,ALO,IA,ACE,CE,Towers with Radar,2,9,14,0,25,0,1,45,2,48,2,10,59,2,73,80,0,80,153
08/07/2003,ALO,IA,ACE,CE,Towers with Radar,2,14,48,1,65,0,1,62,15,78,2,15,110,16,143,60,0,60,203
08/08/2003,ALO,IA,ACE,CE,Towers with Radar,2,7,36,0,45,0,1,32,16,49,2,8,68,16,94,4,0,4,98
08/09/2003,ALO,IA,ACE,CE,Towers with Radar,2,6,24,2,34,0,1,49,19,69,2,7,73,21,103,100,30,130,233
08/10/2003,ALO,IA,ACE,CE,Towers with Radar,1,6,21,0,28,1,0,26,12,39,2,6,47,12,67,46,12,58,125
08/11/2003,ALO,IA,ACE,CE,Towers with Radar,2,8,20,1,31,0,0,37,1,38,2,8,57,2,69,64,0,64,133
08/12/2003,ALO,IA,ACE,CE,Towers with Radar,2,12,32,5,51,0,0,38,3,41,2,12,70,8,92,64,0,64,156
08/13/2003,ALO,IA,ACE,CE,Towers with Radar,1,15,39,2,57,0,0,47,26,73,1,15,86,28,130,74,14,88,218
08/14/2003,ALO,IA,ACE,CE,Towers with Radar,2,12,22,1,37,0,0,18,8,26,2,12,40,9,63,26,0,26,89
08/15/2003,ALO,IA,ACE,CE,Towers with Radar,2,8,44,4,58,0,0,17,7,24,2,8,61,11,82,44,0,44,126
08/16/2003,ALO,IA,ACE,CE,Towers with Radar,2,8,7,0,17,0,0,18,0,18,2,8,25,0,35,22,0,22,57
08/17/2003,ALO,IA,ACE,CE,Towers with Radar,1,6,18,0,25,0,0,29,0,29,1,6,47,0,54,7,0,7,61
08/18/2003,ALO,IA,ACE,CE,Towers with Radar,2,10,24,0,36,0,0,0,0,0,2,10,24,0,36,40,0,40,76
08/19/2003,ALO,IA,ACE,CE,Towers with Radar,2,8,23,1,34,0,0,32,1,33,2,8,55,2,67,68,0,68,135
08/20/2003,ALO,IA,ACE,CE,Towers with Radar,2,12,34,2,50,0,0,11,0,11,2,12,45,2,61,42,0,42,103
08/21/2003,ALO,IA,ACE,CE,Towers with Radar,2,14,26,1,43,0,0,31,2,33,2,14,57,3,76,28,0,28,104
08/22/2003,ALO,IA,ACE,CE,Towers with Radar,2,9,21,1,33,0,0,43,13,56,2,9,64,14,89,108,0,108,197
08/23/2003,ALO,IA,ACE,CE,Towers with Radar,2,6,12,0,20,0,0,244,8,252,2,6,256,8,272,0,0,0,272
08/24/2003,ALO,IA,ACE,CE,Towers with Radar,1,6,16,0,23,0,2,39,0,41,1,8,55,0,64,0,0,0,64
08/25/2003,ALO,IA,ACE,CE,Towers with Radar,2,10,29,1,42,0,0,40,3,43,2,10,69,4,85,64,0,64,149
08/26/2003,ALO,IA,ACE,CE,Towers with Radar,1,8,28,0,37,1,0,25,1,27,2,8,53,1,64,28,0,28,92
08/27/2003,ALO,IA,ACE,CE,Towers with Radar,1,10,29,1,41,0,0,42,6,48,1,10,71,7,89,64,0,64,153
08/28/2003,ALO,IA,ACE,CE,Towers with Radar,2,12,24,0,38,0,0,29,7,36,2,12,53,7,74,66,0,66,140
08/29/2003,ALO,IA,ACE,CE,Towers with Radar,2,15,37,0,54,0,0,60,2,62,2,15,97,2,116,190,0,190,306
08/30/2003,ALO,IA,ACE,CE,Towers with Radar,1,6,7,0,14,0,0,33,0,33,1,6,40,0,47,32,0,32,79
08/31/2003,ALO,IA,ACE,CE,Towers with Radar,1,6,20,0,27,0,0,24,0,24,1,6,44,0,51,24,2,26,77
09/01/2003,ALO,IA,ACE,CE,Towers with Radar,1,6,28,0,35,1,0,53,0,54,2,6,81,0,89,40,0,40,129
09/02/2003,ALO,IA,ACE,CE,Towers with Radar,0,9,21,2,32,2,2,51,2,57,2,11,72,4,89,36,0,36,125
09/03/2003,ALO,IA,ACE,CE,Towers with Radar,2,9,21,1,33,0,1,39,6,46,2,10,60,7,79,38,0,38,117
09/04/2003,ALO,IA,ACE,CE,Towers with Radar,2,13,29,1,45,0,3,27,6,36,2,16,56,7,81,114,8,122,203
09/05/2003,ALO,IA,ACE,CE,Towers with Radar,2,11,29,3,45,0,1,43,5,49,2,12,72,8,94,44,12,56,150
09/06/2003,ALO,IA,ACE,CE,Towers with Radar,2,3,13,1,19,0,1,51,1,53,2,4,64,2,72,12,0,12,84
09/07/2003,ALO,IA,ACE,CE,Towers with Radar,2,5,22,0,29,0,1,58,0,59,2,6,80,0,88,8,0,8,96
09/08/2003,ALO,IA,ACE,CE,Towers with Radar,2,10,25,0,37,0,3,9,0,12,2,13,34,0,49,4,0,4,53
09/09/2003,ALO,IA,ACE,CE,Towers with Radar,2,8,39,4,53,0,0,34,21,55,2,8,73,25,108,34,0,34,142
09/10/2003,ALO,IA,ACE,CE,Towers with Radar,2,12,28,1,43,0,0,22,8,30,2,12,50,9,73,2,0,2,75
09/11/2003,ALO,IA,ACE,CE,Towers with Radar,2,12,31,1,46,0,0,22,4,26,2,12,53,5,72,6,0,6,78
09/12/2003,ALO,IA,ACE,CE,Towers with Radar,2,8,22,4,36,0,0,8,0,8,2,8,30,4,44,14,0,14,58
09/13/2003,ALO,IA,ACE,CE,Towers with Radar,2,4,13,0,19,0,0,2,0,2,2,4,15,0,21,0,0,0,21
09/14/2003,ALO,IA,ACE,CE,Towers with Radar,1,6,0,0,7,0,56,0,0,56,1,62,0,0,63,22,0,22,85
09/15/2003,ALO,IA,ACE,CE,Towers with Radar,2,8,19,1,30,0,0,36,2,38,2,8,55,3,68,42,2,44,112
09/16/2003,ALO,IA,ACE,CE,Towers with Radar,2,10,12,1,25,0,0,29,4,33,2,10,41,5,58,16,0,16,74
09/17/2003,ALO,IA,ACE,CE,Towers with Radar,2,10,26,3,41,0,0,18,14,32,2,10,44,17,73,6,8,14,87
09/18/2003,ALO,IA,ACE,CE,Towers with Radar,4,12,23,1,40,0,0,8,5,13,4,12,31,6,53,2,0,2,55
09/19/2003,ALO,IA,ACE,CE,Towers with Radar,2,8,24,2,36,0,0,22,4,26,2,8,46,6,62,74,0,74,136
09/20/2003,ALO,IA,ACE,CE,Towers with Radar,2,4,20,4,30,0,0,54,9,63,2,4,74,13,93,16,20,36,129
09/21/2003,ALO,IA,ACE,CE,Towers with Radar,2,8,9,0,19,0,0,2,0,2,2,8,11,0,21,0,0,0,21
09/22/2003,ALO,IA,ACE,CE,Towers with Radar,2,16,24,0,42,0,0,24,6,30,2,16,48,6,72,42,0,42,114
09/23/2003,ALO,IA,ACE,CE,Towers with Radar,2,8,18,0,28,0,0,48,3,51,2,8,66,3,79,54,0,54,133
09/24/2003,ALO,IA,ACE,CE,Towers with Radar,1,8,20,4,33,0,0,16,11,27,1,8,36,15,60,22,0,22,82
09/25/2003,ALO,IA,ACE,CE,Towers with Radar,2,16,21,8,47,0,0,52,16,68,2,16,73,24,115,100,20,120,235
09/26/2003,ALO,IA,ACE,CE,Towers with Radar,3,8,27,0,38,0,0,27,2,29,3,8,54,2,67,37,0,37,104
09/27/2003,ALO,IA,ACE,CE,Towers with Radar,3,6,10,0,19,0,0,17,0,17,3,6,27,0,36,12,0,12,48
09/28/2003,ALO,IA,ACE,CE,Towers with Radar,2,6,18,0,26,0,0,20,0,20,2,6,38,0,46,10,16,26,72
09/29/2003,ALO,IA,ACE,CE,Towers with Radar,2,12,41,6,61,0,0,42,5,47,2,12,83,11,108,48,0,48,156
09/30/2003,ALO,IA,ACE,CE,Towers with Radar,2,8,18,0,28,0,0,28,13,41,2,8,46,13,69,46,0,46,115
10/01/2003,ALO,IA,ACE,CE,Towers with Radar,2,10,24,2,38,0,0,29,4,33,2,10,53,6,71,30,4,34,105
10/02/2003,ALO,IA,ACE,CE,Towers with Radar,2,8,26,2,38,0,0,45,6,51,2,8,71,8,89,106,22,128,217
10/03/2003,ALO,IA,ACE,CE,Towers with Radar,2,9,24,2,37,0,6,19,9,34,2,15,43,11,71,8,0,8,79
10/04/2003,ALO,IA,ACE,CE,Towers with Radar,2,4,14,1,21,0,0,36,5,41,2,4,50,6,62,10,0,10,72
10/05/2003,ALO,IA,ACE,CE,Towers with Radar,2,6,22,2,32,0,0,46,19,65,2,6,68,21,97,8,0,8,105
10/06/2003,ALO,IA,ACE,CE,Towers with Radar,2,10,24,2,38,0,3,24,18,45,2,13,48,20,83,54,14,68,151
10/07/2003,ALO,IA,ACE,CE,Towers with Radar,2,10,8,0,20,0,59,0,0,59,2,69,8,0,79,12,0,12,91
10/08/2003,ALO,IA,ACE,CE,Towers with Radar,2,12,10,0,24,0,29,0,0,29,2,41,10,0,53,56,0,56,109
10/09/2003,ALO,IA,ACE,CE,Towers with Radar,2,12,31,4,49,0,0,54,4,58,2,12,85,8,107,46,0,46,153
10/10/2003,ALO,IA,ACE,CE,Towers with Radar,2,14,34,4,54,0,6,2,0,8,2,20,36,4,62,0,0,0,62
10/11/2003,ALO,IA,ACE,CE,Towers with Radar,1,4,13,0,18,1,0,17,0,18,2,4,30,0,36,0,0,0,36
10/12/2003,ALO,IA,ACE,CE,Towers with Radar,1,6,17,0,24,1,0,78,0,79,2,6,95,0,103,52,0,52,155
10/13/2003,ALO,IA,ACE,CE,Towers with Radar,1,8,16,0,25,1,0,12,0,13,2,8,28,0,38,0,0,0,38
10/14/2003,ALO,IA,ACE,CE,Towers with Radar,2,9,21,2,34,0,3,30,0,33,2,12,51,2,67,6,0,6,73
10/15/2003,ALO,IA,ACE,CE,Towers with Radar,1,9,19,0,29,1,2,44,0,47,2,11,63,0,76,24,0,24,100
10/16/2003,ALO,IA,ACE,CE,Towers with Radar,2,13,26,0,41,0,2,46,0,48,2,15,72,0,89,142,0,142,231
10/17/2003,ALO,IA,ACE,CE,Towers with Radar,2,12,24,1,39,1,0,45,0,46,3,12,69,1,85,26,0,26,111
10/18/2003,ALO,IA,ACE,CE,Towers with Radar,1,5,12,0,18,4,0,41,0,45,5,5,53,0,63,34,0,34,97
10/19/2003,ALO,IA,ACE,CE,Towers with Radar,1,6,14,0,21,1,0,47,0,48,2,6,61,0,69,10,0,10,79
10/20/2003,ALO,IA,ACE,CE,Towers with Radar,2,12,25,3,42,0,7,48,0,55,2,19,73,3,97,48,0,48,145
10/21/2003,ALO,IA,ACE,CE,Towers with Radar,2,10,20,3,35,0,0,37,15,52,2,10,57,18,87,30,0,30,117
10/22/2003,ALO,IA,ACE,CE,Towers with Radar,2,9,24,3,38,0,0,41,1,42,2,9,65,4,80,70,0,70,150
10/23/2003,ALO,IA,ACE,CE,Towers with Radar,2,9,20,2,33,0,0,25,0,25,2,9,45,2,58,108,0,108,166
10/24/2003,ALO,IA,ACE,CE,Towers with Radar,2,8,23,2,35,0,0,11,4,15,2,8,34,6,50,92,2,94,144
10/25/2003,ALO,IA,ACE,CE,Towers with Radar,1,4,13,1,19,1,0,16,7,24,2,4,29,8,43,24,0,24,67
10/26/2003,ALO,IA,ACE,CE,Towers with Radar,1,8,17,0,26,1,0,17,0,18,2,8,34,0,44,48,0,48,92
10/27/2003,ALO,IA,ACE,CE,Towers with Radar,2,11,24,2,39,0,4,44,6,54,2,15,68,8,93,22,0,22,115
10/28/2003,ALO,IA,ACE,CE,Towers with Radar,1,9,18,1,29,1,1,6,1,9,2,10,24,2,38,4,0,4,42
10/29/2003,ALO,IA,ACE,CE,Towers with Radar,1,11,28,2,42,0,0,32,5,37,1,11,60,7,79,40,0,40,119
10/30/2003,ALO,IA,ACE,CE,Towers with Radar,2,13,29,2,46,0,1,28,6,35,2,14,57,8,81,18,2,20,101
10/31/2003,ALO,IA,ACE,CE,Towers with Radar,3,10,34,3,50,3,0,1,35,39,6,10,35,38,89,0,12,12,101
11/01/2003,ALO,IA,ACE,CE,Towers with Radar,3,8,17,0,28,1,0,8,14,23,4,8,25,14,51,0,56,56,107
11/02/2003,ALO,IA,ACE,CE,Towers with Radar,2,6,15,0,23,0,2,0,0,2,2,8,15,0,25,0,0,0,25
11/03/2003,ALO,IA,ACE,CE,Towers with Radar,3,7,12,0,22,0,5,0,0,5,3,12,12,0,27,0,0,0,27
11/04/2003,ALO,IA,ACE,CE,Towers with Radar,2,12,27,0,41,0,7,0,1,8,2,19,27,1,49,0,0,0,49
11/05/2003,ALO,IA,ACE,CE,Towers with Radar,2,11,29,0,42,0,0,19,19,38,2,11,48,19,80,14,26,40,120
11/06/2003,ALO,IA,ACE,CE,Towers with Radar,2,10,27,0,39,0,0,31,13,44,2,10,58,13,83,32,4,36,119
11/07/2003,ALO,IA,ACE,CE,Towers with Radar,2,10,30,0,42,0,0,24,5,29,2,10,54,5,71,10,0,10,81
11/08/2003,ALO,IA,ACE,CE,Towers with Radar,2,4,12,0,18,1,2,17,0,20,3,6,29,0,38,24,0,24,62
11/09/2003,ALO,IA,ACE,CE,Towers with Radar,2,8,19,0,29,0,0,34,0,34,2,8,53,0,63,8,0,8,71
11/10/2003,ALO,IA,ACE,CE,Towers with Radar,2,12,17,0,31,0,0,0,0,0,2,12,17,0,31,0,0,0,31
11/11/2003,ALO,IA,ACE,CE,Towers with Radar,2,14,33,1,50,0,0,42,2,44,2,14,75,3,94,18,0,18,112
11/12/2003,ALO,IA,ACE,CE,Towers with Radar,2,10,26,1,39,0,0,27,4,31,2,10,53,5,70,0,2,2,72
11/13/2003,ALO,IA,ACE,CE,Towers with Radar,2,13,27,1,43,0,0,59,9,68,2,13,86,10,111,38,0,38,149
11/14/2003,ALO,IA,ACE,CE,Towers with Radar,3,14,27,1,45,1,0,51,8,60,4,14,78,9,105,18,0,18,123
11/15/2003,ALO,IA,ACE,CE,Towers with Radar,2,8,21,0,31,1,0,4,0,5,3,8,25,0,36,0,0,0,36
11/16/2003,ALO,IA,ACE,CE,Towers with Radar,2,9,17,0,28,1,0,9,0,10,3,9,26,0,38,0,0,0,38
11/17/2003,ALO,IA,ACE,CE,Towers with Radar,2,10,20,0,32,0,2,4,0,6,2,12,24,0,38,0,0,0,38
11/18/2003,ALO,IA,ACE,CE,Towers with Radar,2,10,29,1,42,0,0,38,10,48,2,10,67,11,90,4,0,4,94
11/19/2003,ALO,IA,ACE,CE,Towers with Radar,2,14,29,0,45,0,0,41,14,55,2,14,70,14,100,26,2,28,128
11/20/2003,ALO,IA,ACE,CE,Towers with Radar,2,10,19,0,31,0,5,29,14,48,2,15,48,14,79,44,6,50,129
11/21/2003,ALO,IA,ACE,CE,Towers with Radar,0,3,5,0,8,2,7,77,8,94,2,10,82,8,102,74,0,74,176
11/22/2003,ALO,IA,ACE,CE,Towers with Radar,1,5,9,0,15,1,1,4,0,6,2,6,13,0,21,0,0,0,21
11/23/2003,ALO,IA,ACE,CE,Towers with Radar,2,4,4,0,10,0,0,0,1,1,2,4,4,1,11,0,0,0,11
11/24/2003,ALO,IA,ACE,CE,Towers with Radar,2,10,18,0,30,0,1,5,0,6,2,11,23,0,36,4,0,4,40
11/25/2003,ALO,IA,ACE,CE,Towers with Radar,2,12,24,0,38,2,0,8,4,14,4,12,32,4,52,0,0,0,52
11/26/2003,ALO,IA,ACE,CE,Towers with Radar,1,10,24,0,35,0,0,13,10,23,1,10,37,10,58,4,0,4,62
11/27/2003,ALO,IA,ACE,CE,Towers with Radar,1,6,12,0,19,3,0,13,0,16,4,6,25,0,35,8,0,8,43
11/28/2003,ALO,IA,ACE,CE,Towers with Radar,1,7,7,0,15,5,2,0,0,7,6,9,7,0,22,0,0,0,22
11/29/2003,ALO,IA,ACE,CE,Towers with Radar,1,7,14,0,22,3,1,20,0,24,4,8,34,0,46,14,0,14,60
11/30/2003,ALO,IA,ACE,CE,Towers with Radar,1,8,15,0,24,1,1,10,0,12,2,9,25,0,36,10,0,10,46
12/01/2003,ALO,IA,ACE,CE,Towers with Radar,2,11,20,0,33,0,5,18,0,23,2,16,38,0,56,16,0,16,72
12/02/2003,ALO,IA,ACE,CE,Towers with Radar,2,10,26,1,39,0,0,25,6,31,2,10,51,7,70,44,6,50,120
12/03/2003,ALO,IA,ACE,CE,Towers with Radar,4,13,24,1,42,0,5,8,1,14,4,18,32,2,56,0,0,0,56
12/04/2003,ALO,IA,ACE,CE,Towers with Radar,2,15,27,1,45,0,5,2,3,10,2,20,29,4,55,16,6,22,77
12/05/2003,ALO,IA,ACE,CE,Towers with Radar,4,13,24,1,42,0,4,15,17,36,4,17,39,18,78,20,4,24,102
12/06/2003,ALO,IA,ACE,CE,Towers with Radar,3,6,13,0,22,2,0,5,0,7,5,6,18,0,29,12,0,12,41
12/07/2003,ALO,IA,ACE,CE,Towers with Radar,2,8,15,0,25,0,1,12,0,13,2,9,27,0,38,16,0,16,54
12/08/2003,ALO,IA,ACE,CE,Towers with Radar,2,10,29,2,43,0,0,25,5,30,2,10,54,7,73,42,0,42,115
12/09/2003,ALO,IA,ACE,CE,Towers with Radar,1,8,13,0,22,0,8,0,0,8,1,16,13,0,30,0,0,0,30
12/10/2003,ALO,IA,ACE,CE,Towers with Radar,1,10,18,2,31,0,1,17,1,19,1,11,35,3,50,8,0,8,58
12/11/2003,ALO,IA,ACE,CE,Towers with Radar,2,14,31,2,49,0,0,19,1,20,2,14,50,3,69,6,4,10,79
12/12/2003,ALO,IA,ACE,CE,Towers with Radar,2,13,26,2,43,0,0,29,9,38,2,13,55,11,81,44,2,46,127
12/13/2003,ALO,IA,ACE,CE,Towers with Radar,2,9,21,0,32,0,0,46,0,46,2,9,67,0,78,0,0,0,78
12/14/2003,ALO,IA,ACE,CE,Towers with Radar,1,8,11,0,20,1,0,0,0,1,2,8,11,0,21,0,0,0,21
12/15/2003,ALO,IA,ACE,CE,Towers with Radar,1,8,11,0,20,0,0,0,0,0,1,8,11,0,20,0,0,0,20
12/16/2003,ALO,IA,ACE,CE,Towers with Radar,1,12,19,2,34,1,4,0,6,11,2,16,19,8,45,6,6,12,57
12/17/2003,ALO,IA,ACE,CE,Towers with Radar,2,14,28,2,46,0,0,2,14,16,2,14,30,16,62,0,12,12,74
12/18/2003,ALO,IA,ACE,CE,Towers with Radar,2,18,32,0,52,0,0,10,0,10,2,18,42,0,62,0,0,0,62
12/19/2003,ALO,IA,ACE,CE,Towers with Radar,2,19,31,2,54,0,1,52,7,60,2,20,83,9,114,72,0,72,186
12/20/2003,ALO,IA,ACE,CE,Towers with Radar,1,6,16,1,24,1,0,38,1,40,2,6,54,2,64,18,0,18,82
12/21/2003,ALO,IA,ACE,CE,Towers with Radar,2,8,21,0,31,0,0,26,0,26,2,8,47,0,57,44,0,44,101
12/22/2003,ALO,IA,ACE,CE,Towers with Radar,1,10,16,0,27,1,0,21,0,22,2,10,37,0,49,46,6,52,101
12/23/2003,ALO,IA,ACE,CE,Towers with Radar,1,10,20,2,33,0,0,17,6,23,1,10,37,8,56,0,10,10,66
12/24/2003,ALO,IA,ACE,CE,Towers with Radar,1,7,10,0,18,0,3,29,0,32,1,10,39,0,50,18,0,18,68
12/25/2003,ALO,IA,ACE,CE,Towers with Radar,0,5,6,0,11,2,1,15,0,18,2,6,21,0,29,0,0,0,29
12/26/2003,ALO,IA,ACE,CE,Towers with Radar,2,14,23,0,39,0,0,27,0,27,2,14,50,0,66,28,0,28,94
12/27/2003,ALO,IA,ACE,CE,Towers with Radar,0,6,9,0,15,2,0,2,0,4,2,6,11,0,19,10,0,10,29
12/28/2003,ALO,IA,ACE,CE,Towers with Radar,1,8,13,0,22,1,0,19,0,20,2,8,32,0,42,10,0,10,52
12/29/2003,ALO,IA,ACE,CE,Towers with Radar,1,12,13,1,27,0,0,0,28,28,1,12,13,29,55,16,0,16,71
12/30/2003,ALO,IA,ACE,CE,Towers with Radar,1,10,18,1,30,1,0,36,6,43,2,10,54,7,73,22,0,22,95
12/31/2003,ALO,IA,ACE,CE,Towers with Radar,2,9,21,1,33,0,0,36,2,38,2,9,57,3,71,40,38,78,149
01/01/2004,ALO,IA,ACE,CE,Towers with Radar,0,6,11,0,17,2,2,10,0,14,2,8,21,0,31,8,0,8,39
01/02/2004,ALO,IA,ACE,CE,Towers with Radar,2,6,15,0,23,0,6,7,0,13,2,12,22,0,36,12,0,12,48
01/03/2004,ALO,IA,ACE,CE,Towers with Radar,1,6,16,0,23,0,0,19,0,19,1,6,35,0,42,18,0,18,60
01/04/2004,ALO,IA,ACE,CE,Towers with Radar,0,1,5,0,6,1,7,0,0,8,1,8,5,0,14,20,0,20,34
01/05/2004,ALO,IA,ACE,CE,Towers with Radar,1,8,19,0,28,0,2,19,0,21,1,10,38,0,49,22,0,22,71
01/06/2004,ALO,IA,ACE,CE,Towers with Radar,2,12,25,0,39,0,4,6,0,10,2,16,31,0,49,0,0,0,49
01/07/2004,ALO,IA,ACE,CE,Towers with Radar,2,11,24,0,37,0,1,36,0,37,2,12,60,0,74,10,0,10,84
01/08/2004,ALO,IA,ACE,CE,Towers with Radar,2,12,22,2,38,0,0,0,21,21,2,12,22,23,59,0,2,2,61
01/09/2004,ALO,IA,ACE,CE,Towers with Radar,2,15,33,2,52,0,0,47,22,69,2,15,80,24,121,28,10,38,159
01/10/2004,ALO,IA,ACE,CE,Towers with Radar,2,0,8,1,11,0,0,2,17,19,2,0,10,18,30,42,12,54,84
01/11/2004,ALO,IA,ACE,CE,Towers with Radar,1,8,16,1,26,0,0,35,27,62,1,8,51,28,88,38,6,44,132
01/12/2004,ALO,IA,ACE,CE,Towers with Radar,2,14,24,2,42,0,2,47,2,51,2,16,71,4,93,46,6,52,145
01/13/2004,ALO,IA,ACE,CE,Towers with Radar,2,10,30,2,44,0,0,13,1,14,2,10,43,3,58,10,0,10,68
01/14/2004,ALO,IA,ACE,CE,Towers with Radar,1,14,23,0,38,0,4,7,0,11,1,18,30,0,49,12,18,30,79
01/15/2004,ALO,IA,ACE,CE,Towers with Radar,2,18,30,1,51,0,1,10,9,20,2,19,40,10,71,16,0,16,87
01/16/2004,ALO,IA,ACE,CE,Towers with Radar,2,13,25,0,40,0,0,14,0,14,2,13,39,0,54,6,0,6,60
01/17/2004,ALO,IA,ACE,CE,Towers with Radar,2,6,17,0,25,0,0,17,0,17,2,6,34,0,42,10,0,10,52
01/18/2004,ALO,IA,ACE,CE,Towers with Radar,2,6,10,0,18,0,4,7,0,11,2,10,17,0,29,12,0,12,41
01/19/2004,ALO,IA,ACE,CE,Towers with Radar,2,11,25,0,38,0,0,31,0,31,2,11,56,0,69,20,0,20,89
01/20/2004,ALO,IA,ACE,CE,Towers with Radar,2,11,25,1,39,0,0,11,9,20,2,11,36,10,59,16,2,18,77
01/21/2004,ALO,IA,ACE,CE,Towers with Radar,2,14,25,1,42,0,3,8,4,15,2,17,33,5,57,0,0,0,57
01/22/2004,ALO,IA,ACE,CE,Towers with Radar,2,13,24,2,41,0,0,9,0,9,2,13,33,2,50,4,0,4,54
01/23/2004,ALO,IA,ACE,CE,Towers with Radar,2,12,23,1,38,0,0,14,9,23,2,12,37,10,61,32,0,32,93
01/24/2004,ALO,IA,ACE,CE,Towers with Radar,2,8,20,0,30,0,0,35,0,35,2,8,55,0,65,34,0,34,99
01/25/2004,ALO,IA,ACE,CE,Towers with Radar,0,4,4,0,8,3,4,0,0,7,3,8,4,0,15,0,0,0,15
01/26/2004,ALO,IA,ACE,CE,Towers with Radar,1,8,14,0,23,0,2,6,0,8,1,10,20,0,31,0,0,0,31
01/27/2004,ALO,IA,ACE,CE,Towers with Radar,2,13,23,0,38,1,2,6,0,9,3,15,29,0,47,0,0,0,47
01/28/2004,ALO,IA,ACE,CE,Towers with Radar,3,14,32,1,50,10,0,0,2,12,13,14,32,3,62,0,0,0,62
01/29/2004,ALO,IA,ACE,CE,Towers with Radar,2,13,15,0,30,0,2,0,0,2,2,15,15,0,32,0,0,0,32
01/30/2004,ALO,IA,ACE,CE,Towers with Radar,2,9,20,0,31,0,0,6,0,6,2,9,26,0,37,0,0,0,37
01/31/2004,ALO,IA,ACE,CE,Towers with Radar,1,6,11,0,18,3,0,3,0,6,4,6,14,0,24,0,0,0,24
02/01/2004,ALO,IA,ACE,CE,Towers with Radar,0,3,4,0,7,2,5,0,0,7,2,8,4,0,14,8,0,8,22
02/02/2004,ALO,IA,ACE,CE,Towers with Radar,1,4,10,0,15,0,2,1,0,3,1,6,11,0,18,0,0,0,18
02/03/2004,ALO,IA,ACE,CE,Towers with Radar,4,13,28,1,46,0,3,8,1,12,4,16,36,2,58,0,0,0,58
02/04/2004,ALO,IA,ACE,CE,Towers with Radar,2,14,30,1,47,0,2,22,4,28,2,16,52,5,75,6,8,14,89
02/05/2004,ALO,IA,ACE,CE,Towers with Radar,3,12,19,1,35,0,13,0,6,19,3,25,19,7,54,2,0,2,56
02/06/2004,ALO,IA,ACE,CE,Towers with Radar,3,13,25,1,42,0,8,14,5,27,3,21,39,6,69,14,0,14,83
02/07/2004,ALO,IA,ACE,CE,Towers with Radar,2,6,12,1,21,0,0,17,24,41,2,6,29,25,62,0,8,8,70
02/08/2004,ALO,IA,ACE,CE,Towers with Radar,1,6,11,1,19,0,2,11,13,26,1,8,22,14,45,0,0,0,45
02/09/2004,ALO,IA,ACE,CE,Towers with Radar,2,9,17,1,29,1,7,7,6,21,3,16,24,7,50,0,4,4,54
02/10/2004,ALO,IA,ACE,CE,Towers with Radar,2,12,23,1,38,0,2,27,20,49,2,14,50,21,87,32,38,70,157
02/11/2004,ALO,IA,ACE,CE,Towers with Radar,1,11,25,1,38,0,0,8,7,15,1,11,33,8,53,2,4,6,59
02/12/2004,ALO,IA,ACE,CE,Towers with Radar,2,14,25,1,42,0,3,14,13,30,2,17,39,14,72,0,0,0,72
02/13/2004,ALO,IA,ACE,CE,Towers with Radar,2,10,24,0,36,0,0,30,0,30,2,10,54,0,66,0,0,0,66
02/14/2004,ALO,IA,ACE,CE,Towers with Radar,2,6,13,0,21,0,0,36,0,36,2,6,49,0,57,82,0,82,139
02/15/2004,ALO,IA,ACE,CE,Towers with Radar,2,8,17,0,27,2,0,37,0,39,4,8,54,0,66,34,0,34,100
02/16/2004,ALO,IA,ACE,CE,Towers with Radar,2,8,18,0,28,0,0,40,0,40,2,8,58,0,68,34,0,34,102
02/17/2004,ALO,IA,ACE,CE,Towers with Radar,4,14,34,0,52,0,0,37,3,40,4,14,71,3,92,36,0,36,128
02/18/2004,ALO,IA,ACE,CE,Towers with Radar,2,9,32,0,43,0,0,28,9,37,2,9,60,9,80,56,0,56,136
02/19/2004,ALO,IA,ACE,CE,Towers with Radar,1,14,27,0,42,0,0,16,0,16,1,14,43,0,58,2,0,2,60
02/20/2004,ALO,IA,ACE,CE,Towers with Radar,2,11,16,0,29,0,1,0,0,1,2,12,16,0,30,0,0,0,30
02/21/2004,ALO,IA,ACE,CE,Towers with Radar,1,6,15,0,22,1,0,35,0,36,2,6,50,0,58,34,0,34,92
02/22/2004,ALO,IA,ACE,CE,Towers with Radar,1,9,16,0,26,1,1,9,0,11,2,10,25,0,37,46,0,46,83
02/23/2004,ALO,IA,ACE,CE,Towers with Radar,2,10,22,0,34,0,0,3,2,5,2,10,25,2,39,0,0,0,39
02/24/2004,ALO,IA,ACE,CE,Towers with Radar,2,10,26,0,38,0,0,3,7,10,2,10,29,7,48,16,0,16,64
02/25/2004,ALO,IA,ACE,CE,Towers with Radar,2,12,24,0,38,0,0,21,5,26,2,12,45,5,64,72,0,72,136
02/26/2004,ALO,IA,ACE,CE,Towers with Radar,2,11,30,0,43,0,0,44,12,56,2,11,74,12,99,60,0,60,159
02/27/2004,ALO,IA,ACE,CE,Towers with Radar,2,12,30,0,44,0,0,48,4,52,2,12,78,4,96,40,0,40,136
02/28/2004,ALO,IA,ACE,CE,Towers with Radar,2,6,22,0,30,4,0,57,0,61,6,6,79,0,91,56,0,56,147
02/29/2004,ALO,IA,ACE,CE,Towers with Radar,1,8,18,0,27,2,0,37,0,39,3,8,55,0,66,0,0,0,66
03/01/2004,ALO,IA,ACE,CE,Towers with Radar,3,11,21,2,37,0,9,4,3,16,3,20,25,5,53,0,4,4,57
03/02/2004,ALO,IA,ACE,CE,Towers with Radar,2,13,26,2,43,0,1,1,7,9,2,14,27,9,52,12,38,50,102
03/03/2004,ALO,IA,ACE,CE,Towers with Radar,2,13,17,2,34,0,0,0,28,28,2,13,17,30,62,0,6,6,68
03/04/2004,ALO,IA,ACE,CE,Towers with Radar,2,14,17,2,35,0,8,0,5,13,2,22,17,7,48,0,18,18,66
03/05/2004,ALO,IA,ACE,CE,Towers with Radar,1,8,15,1,25,0,2,1,22,25,1,10,16,23,50,16,12,28,78
03/06/2004,ALO,IA,ACE,CE,Towers with Radar,2,6,17,1,26,0,0,26,12,38,2,6,43,13,64,58,16,74,138
03/07/2004,ALO,IA,ACE,CE,Towers with Radar,1,5,10,0,16,1,4,3,1,9,2,9,13,1,25,0,0,0,25
03/08/2004,ALO,IA,ACE,CE,Towers with Radar,2,10,25,0,37,0,0,24,0,24,2,10,49,0,61,44,0,44,105
03/09/2004,ALO,IA,ACE,CE,Towers with Radar,3,12,26,2,43,1,0,33,0,34,4,12,59,2,77,12,0,12,89
03/10/2004,ALO,IA,ACE,CE,Towers with Radar,2,13,23,2,40,0,1,0,14,15,2,14,23,16,55,0,20,20,75
03/11/2004,ALO,IA,ACE,CE,Towers with Radar,2,10,14,2,28,0,2,0,12,14,2,12,14,14,42,0,10,10,52
03/12/2004,ALO,IA,ACE,CE,Towers with Radar,2,12,28,3,45,0,0,50,22,72,2,12,78,25,117,18,0,18,135
03/13/2004,ALO,IA,ACE,CE,Towers with Radar,1,8,12,0,21,3,7,13,0,23,4,15,25,0,44,8,0,8,52
03/14/2004,ALO,IA,ACE,CE,Towers with Radar,1,8,12,1,22,1,2,1,0,4,2,10,13,1,26,0,0,0,26
03/15/2004,ALO,IA,ACE,CE,Towers with Radar,1,11,18,0,30,1,0,12,0,13,2,11,30,0,43,0,0,0,43
03/16/2004,ALO,IA,ACE,CE,Towers with Radar,1,14,23,3,41,0,2,2,8,12,1,16,25,11,53,6,0,6,59
03/17/2004,ALO,IA,ACE,CE,Towers with Radar,1,10,21,3,35,0,0,26,1,27,1,10,47,4,62,10,0,10,72
03/18/2004,ALO,IA,ACE,CE,Towers with Radar,2,12,20,3,37,0,3,16,6,25,2,15,36,9,62,28,0,28,90
03/19/2004,ALO,IA,ACE,CE,Towers with Radar,2,12,21,3,38,0,0,19,2,21,2,12,40,5,59,26,0,26,85
03/20/2004,ALO,IA,ACE,CE,Towers with Radar,0,5,7,0,12,2,1,2,0,5,2,6,9,0,17,0,0,0,17
03/21/2004,ALO,IA,ACE,CE,Towers with Radar,1,9,15,0,25,1,1,25,0,27,2,10,40,0,52,36,0,36,88
03/22/2004,ALO,IA,ACE,CE,Towers with Radar,2,10,22,0,34,0,0,69,0,69,2,10,91,0,103,114,0,114,217
03/23/2004,ALO,IA,ACE,CE,Towers with Radar,2,10,22,3,37,0,0,33,9,42,2,10,55,12,79,74,0,74,153
03/24/2004,ALO,IA,ACE,CE,Towers with Radar,2,14,24,2,42,0,0,1,5,6,2,14,25,7,48,0,0,0,48
03/25/2004,ALO,IA,ACE,CE,Towers with Radar,2,12,17,2,33,0,0,0,34,34,2,12,17,36,67,14,20,34,101
03/26/2004,ALO,IA,ACE,CE,Towers with Radar,2,12,32,3,49,0,0,22,12,34,2,12,54,15,83,28,12,40,123
03/27/2004,ALO,IA,ACE,CE,Towers with Radar,1,6,11,0,18,1,0,5,0,6,2,6,16,0,24,0,0,0,24
03/28/2004,ALO,IA,ACE,CE,Towers with Radar,1,8,21,0,30,0,0,20,0,20,1,8,41,0,50,28,0,28,78
03/29/2004,ALO,IA,ACE,CE,Towers with Radar,2,12,21,2,37,0,4,26,1,31,2,16,47,3,68,24,0,24,92
03/30/2004,ALO,IA,ACE,CE,Towers with Radar,2,17,29,2,50,0,5,29,13,47,2,22,58,15,97,24,12,36,133
03/31/2004,ALO,IA,ACE,CE,Towers with Radar,1,12,7,0,20,1,46,0,0,47,2,58,7,0,67,28,6,34,101
04/01/2004,ALO,IA,ACE,CE,Towers with Radar,2,12,22,2,38,0,0,78,26,104,2,12,100,28,142,44,16,60,202
04/02/2004,ALO,IA,ACE,CE,Towers with Radar,2,10,19,2,33,0,2,58,25,85,2,12,77,27,118,68,40,108,226
04/03/2004,ALO,IA,ACE,CE,Towers with Radar,1,5,10,0,16,1,1,3,0,5,2,6,13,0,21,12,0,12,33
04/04/2004,ALO,IA,ACE,CE,Towers with Radar,1,7,14,0,22,0,1,67,0,68,1,8,81,0,90,52,0,52,142
04/05/2004,ALO,IA,ACE,CE,Towers with Radar,0,7,14,1,22,0,3,13,6,22,0,10,27,7,44,16,0,16,60
04/06/2004,ALO,IA,ACE,CE,Towers with Radar,3,12,21,2,38,0,0,41,2,43,3,12,62,4,81,0,0,0,81
04/07/2004,ALO,IA,ACE,CE,Towers with Radar,2,13,25,3,43,0,0,24,7,31,2,13,49,10,74,22,0,22,96
04/08/2004,ALO,IA,ACE,CE,Towers with Radar,2,11,24,3,40,0,0,27,14,41,2,11,51,17,81,26,6,32,113
04/09/2004,ALO,IA,ACE,CE,Towers with Radar,2,10,25,3,40,0,0,42,16,58,2,10,67,19,98,72,10,82,180
04/10/2004,ALO,IA,ACE,CE,Towers with Radar,2,6,12,0,20,0,0,44,0,44,2,6,56,0,64,44,0,44,108
04/11/2004,ALO,IA,ACE,CE,Towers with Radar,1,7,14,0,22,0,1,14,0,15,1,8,28,0,37,32,0,32,69
04/12/2004,ALO,IA,ACE,CE,Towers with Radar,2,13,28,3,46,0,0,41,18,59,2,13,69,21,105,64,18,82,187
04/13/2004,ALO,IA,ACE,CE,Towers with Radar,1,11,20,3,35,1,5,48,3,57,2,16,68,6,92,72,0,72,164
04/14/2004,ALO,IA,ACE,CE,Towers with Radar,2,14,26,4,46,0,0,51,10,61,2,14,77,14,107,68,0,68,175
04/15/2004,ALO,IA,ACE,CE,Towers with Radar,2,18,29,4,53,0,0,7,16,23,2,18,36,20,76,76,34,110,186
04/16/2004,ALO,IA,ACE,CE,Towers with Radar,1,12,20,3,36,1,0,42,43,86,2,12,62,46,122,44,16,60,182
04/17/2004,ALO,IA,ACE,CE,Towers with Radar,1,6,15,3,25,1,0,35,19,55,2,6,50,22,80,48,0,48,128
04/18/2004,ALO,IA,ACE,CE,Towers with Radar,0,4,5,1,10,1,0,0,14,15,1,4,5,15,25,6,0,6,31
04/19/2004,ALO,IA,ACE,CE,Towers with Radar,1,10,18,0,29,0,0,16,0,16,1,10,34,0,45,42,0,42,87
04/20/2004,ALO,IA,ACE,CE,Towers with Radar,2,12,22,0,36,2,0,0,0,2,4,12,22,0,38,0,0,0,38
04/21/2004,ALO,IA,ACE,CE,Towers with Radar,2,13,26,4,45,0,0,13,4,17,2,13,39,8,62,4,2,6,68
04/22/2004,ALO,IA,ACE,CE,Towers with Radar,2,13,21,3,39,0,1,30,15,46,2,14,51,18,85,38,36,74,159
04/23/2004,ALO,IA,ACE,CE,Towers with Radar,2,13,21,3,39,0,1,49,9,59,2,14,70,12,98,70,0,70,168
04/24/2004,ALO,IA,ACE,CE,Towers with Radar,1,6,12,0,19,1,0,23,0,24,2,6,35,0,43,10,0,10,53
04/25/2004,ALO,IA,ACE,CE,Towers with Radar,1,8,14,0,23,1,0,5,0,6,2,8,19,0,29,10,0,10,39
04/26/2004,ALO,IA,ACE,CE,Towers with Radar,1,10,15,2,28,1,5,15,0,21,2,15,30,2,49,34,0,34,83
04/27/2004,ALO,IA,ACE,CE,Towers with Radar,2,14,22,4,42,0,2,53,4,59,2,16,75,8,101,88,38,126,227
04/28/2004,ALO,IA,ACE,CE,Towers with Radar,1,11,18,2,32,1,3,37,0,41,2,14,55,2,73,22,2,24,97
04/29/2004,ALO,IA,ACE,CE,Towers with Radar,2,14,23,2,41,0,1,33,0,34,2,15,56,2,75,46,2,48,123
04/30/2004,ALO,IA,ACE,CE,Towers with Radar,2,12,21,2,37,0,0,1,25,26,2,12,22,27,63,24,0,24,87
05/01/2004,ALO,IA,ACE,CE,Towers with Radar,3,5,15,1,24,1,0,49,20,70,4,5,64,21,94,22,2,24,118
05/02/2004,ALO,IA,ACE,CE,Towers with Radar,3,5,12,2,22,1,3,5,13,22,4,8,17,15,44,20,0,20,64
05/03/2004,ALO,IA,ACE,CE,Towers with Radar,4,11,22,3,40,0,1,28,6,35,4,12,50,9,75,26,18,44,119
05/04/2004,ALO,IA,ACE,CE,Towers with Radar,4,13,27,3,47,0,1,33,25,59,4,14,60,28,106,96,0,96,202
05/05/2004,ALO,IA,ACE,CE,Towers with Radar,4,11,25,3,43,0,0,4,14,18,4,11,29,17,61,60,0,60,121
05/06/2004,ALO,IA,ACE,CE,Towers with Radar,4,10,21,2,37,0,4,11,16,31,4,14,32,18,68,48,0,48,116
05/07/2004,ALO,IA,ACE,CE,Towers with Radar,4,13,23,3,43,0,0,7,3,10,4,13,30,6,53,2,4,6,59
05/08/2004,ALO,IA,ACE,CE,Towers with Radar,3,6,10,0,19,1,0,7,0,8,4,6,17,0,27,0,0,0,27
05/09/2004,ALO,IA,ACE,CE,Towers with Radar,3,7,13,0,23,8,0,11,0,19,11,7,24,0,42,26,0,26,68
05/10/2004,ALO,IA,ACE,CE,Towers with Radar,4,12,19,2,37,0,3,27,7,37,4,15,46,9,74,18,0,18,92
05/11/2004,ALO,IA,ACE,CE,Towers with Radar,4,15,26,3,48,0,2,48,2,52,4,17,74,5,100,60,0,60,160
05/12/2004,ALO,IA,ACE,CE,Towers with Radar,4,12,24,3,43,0,0,9,7,16,4,12,33,10,59,48,0,48,107
05/13/2004,ALO,IA,ACE,CE,Towers with Radar,4,15,26,3,48,0,1,17,2,20,4,16,43,5,68,90,0,90,158
05/14/2004,ALO,IA,ACE,CE,Towers with Radar,4,10,33,4,51,0,0,39,2,41,4,10,72,6,92,56,24,80,172
05/15/2004,ALO,IA,ACE,CE,Towers with Radar,4,6,16,0,26,0,0,52,0,52,4,6,68,0,78,60,0,60,138
05/16/2004,ALO,IA,ACE,CE,Towers with Radar,3,8,19,0,30,1,0,63,0,64,4,8,82,0,94,50,0,50,144
05/17/2004,ALO,IA,ACE,CE,Towers with Radar,4,12,23,2,41,0,0,18,1,19,4,12,41,3,60,0,0,0,60
05/18/2004,ALO,IA,ACE,CE,Towers with Radar,4,10,21,2,37,0,0,75,2,77,4,10,96,4,114,72,0,72,186
05/19/2004,ALO,IA,ACE,CE,Towers with Radar,3,12,24,2,41,0,0,29,8,37,3,12,53,10,78,92,32,124,202
05/20/2004,ALO,IA,ACE,CE,Towers with Radar,4,19,34,3,60,0,0,26,13,39,4,19,60,16,99,70,6,76,175
05/21/2004,ALO,IA,ACE,CE,Towers with Radar,3,12,20,1,36,0,1,12,13,26,3,13,32,14,62,120,10,130,192
05/22/2004,ALO,IA,ACE,CE,Towers with Radar,2,7,12,0,21,0,2,24,0,26,2,9,36,0,47,28,0,28,75
05/23/2004,ALO,IA,ACE,CE,Towers with Radar,2,8,13,0,23,2,3,1,0,6,4,11,14,0,29,0,0,0,29
05/24/2004,ALO,IA,ACE,CE,Towers with Radar,4,14,23,0,41,0,2,37,0,39,4,16,60,0,80,62,0,62,142
05/25/2004,ALO,IA,ACE,CE,Towers with Radar,4,11,23,2,40,0,0,20,2,22,4,11,43,4,62,60,0,60,122
05/26/2004,ALO,IA,ACE,CE,Towers with Radar,3,13,28,2,46,0,0,38,1,39,3,13,66,3,85,82,0,82,167
05/27/2004,ALO,IA,ACE,CE,Towers with Radar,4,13,31,2,50,0,0,19,7,26,4,13,50,9,76,8,0,8,84
05/28/2004,ALO,IA,ACE,CE,Towers with Radar,4,13,22,1,40,0,1,40,5,46,4,14,62,6,86,46,14,60,146
05/29/2004,ALO,IA,ACE,CE,Towers with Radar,2,6,8,0,16,2,0,0,0,2,4,6,8,0,18,0,0,0,18
05/30/2004,ALO,IA,ACE,CE,Towers with Radar,1,6,10,0,17,0,5,0,0,5,1,11,10,0,22,0,0,0,22
05/31/2004,ALO,IA,ACE,CE,Towers with Radar,2,7,11,0,20,1,1,9,0,11,3,8,20,0,31,0,0,0,31
06/01/2004,ALO,IA,ACE,CE,Towers with Radar,3,12,27,1,43,0,6,8,21,35,3,18,35,22,78,0,0,0,78
06/02/2004,ALO,IA,ACE,CE,Towers with Radar,3,14,32,0,49,0,8,3,0,11,3,22,35,0,60,6,0,6,66
06/03/2004,ALO,IA,ACE,CE,Towers with Radar,3,13,30,1,47,0,0,56,15,71,3,13,86,16,118,24,48,72,190
06/04/2004,ALO,IA,ACE,CE,Towers with Radar,3,10,22,1,36,0,0,31,5,36,3,10,53,6,72,12,0,12,84
06/05/2004,ALO,IA,ACE,CE,Towers with Radar,2,5,11,0,18,1,2,17,12,32,3,7,28,12,50,4,0,4,54
06/06/2004,ALO,IA,ACE,CE,Towers with Radar,3,8,17,0,28,5,25,1,0,31,8,33,18,0,59,6,0,6,65
06/07/2004,ALO,IA,ACE,CE,Towers with Radar,3,8,21,0,32,0,0,21,7,28,3,8,42,7,60,30,18,48,108
06/08/2004,ALO,IA,ACE,CE,Towers with Radar,3,12,26,1,42,0,5,26,4,35,3,17,52,5,77,48,0,48,125
06/09/2004,ALO,IA,ACE,CE,Towers with Radar,3,11,24,1,39,0,3,49,3,55,3,14,73,4,94,104,0,104,198
06/10/2004,ALO,IA,ACE,CE,Towers with Radar,3,17,35,1,56,0,0,11,3,14,3,17,46,4,70,16,0,16,86
06/11/2004,ALO,IA,ACE,CE,Towers with Radar,3,12,26,0,41,0,3,12,0,15,3,15,38,0,56,34,0,34,90
06/12/2004,ALO,IA,ACE,CE,Towers with Radar,1,10,22,1,34,0,3,43,0,46,1,13,65,1,80,92,0,92,172
06/13/2004,ALO,IA,ACE,CE,Towers with Radar,3,6,21,0,30,0,0,38,0,38,3,6,59,0,68,86,0,86,154
06/14/2004,ALO,IA,ACE,CE,Towers with Radar,3,14,27,0,44,0,0,48,0,48,3,14,75,0,92,66,0,66,158
06/15/2004,ALO,IA,ACE,CE,Towers with Radar,3,10,26,2,41,3,0,28,3,34,6,10,54,5,75,28,0,28,103
06/16/2004,ALO,IA,ACE,CE,Towers with Radar,4,8,34,2,48,0,0,19,10,29,4,8,53,12,77,36,0,36,113
06/17/2004,ALO,IA,ACE,CE,Towers with Radar,3,10,26,2,41,0,0,51,12,63,3,10,77,14,104,8,2,10,114
06/18/2004,ALO,IA,ACE,CE,Towers with Radar,3,12,29,1,45,0,0,22,0,22,3,12,51,1,67,92,0,92,159
06/19/2004,ALO,IA,ACE,CE,Towers with Radar,2,8,21,2,33,0,0,77,2,79,2,8,98,4,112,80,0,80,192
06/20/2004,ALO,IA,ACE,CE,Towers with Radar,2,6,22,0,30,2,0,57,0,59,4,6,79,0,89,48,0,48,137
06/21/2004,ALO,IA,ACE,CE,Towers with Radar,3,13,26,0,42,1,3,7,0,11,4,16,33,0,53,6,0,6,59
06/22/2004,ALO,IA,ACE,CE,Towers with Radar,3,14,28,2,47,0,4,41,0,45,3,18,69,2,92,82,0,82,174
06/23/2004,ALO,IA,ACE,CE,Towers with Radar,3,13,28,2,46,3,0,39,0,42,6,13,67,2,88,76,0,76,164
06/24/2004,ALO,IA,ACE,CE,Towers with Radar,3,14,26,2,45,0,0,8,2,10,3,14,34,4,55,62,0,62,117
06/25/2004,ALO,IA,ACE,CE,Towers with Radar,3,11,32,1,47,0,0,34,5,39,3,11,66,6,86,36,0,36,122
06/26/2004,ALO,IA,ACE,CE,Towers with Radar,1,7,12,0,20,0,1,42,0,43,1,8,54,0,63,12,0,12,75
06/27/2004,ALO,IA,ACE,CE,Towers with Radar,1,6,13,0,20,3,0,24,2,29,4,6,37,2,49,4,0,4,53
06/28/2004,ALO,IA,ACE,CE,Towers with Radar,2,11,22,1,36,1,5,20,16,42,3,16,42,17,78,54,6,60,138
06/29/2004,ALO,IA,ACE,CE,Towers with Radar,3,14,26,1,44,0,3,17,11,31,3,17,43,12,75,28,0,28,103
06/30/2004,ALO,IA,ACE,CE,Towers with Radar,3,14,27,1,45,0,4,23,11,38,3,18,50,12,83,18,0,18,101
07/01/2004,ALO,IA,ACE,CE,Towers with Radar,3,13,28,0,44,0,6,46,19,71,3,19,74,19,115,46,0,46,161
07/02/2004,ALO,IA,ACE,CE,Towers with Radar,3,11,27,0,41,0,0,10,0,10,3,11,37,0,51,22,0,22,73
07/03/2004,ALO,IA,ACE,CE,Towers with Radar,1,7,16,0,24,0,1,1,2,4,1,8,17,2,28,0,0,0,28
07/04/2004,ALO,IA,ACE,CE,Towers with Radar,3,5,13,0,21,0,1,22,0,23,3,6,35,0,44,18,0,18,62
07/05/2004,ALO,IA,ACE,CE,Towers with Radar,3,8,21,0,32,0,0,0,0,0,3,8,21,0,32,18,0,18,50
07/06/2004,ALO,IA,ACE,CE,Towers with Radar,3,14,28,0,45,0,0,26,2,28,3,14,54,2,73,0,0,0,73
07/07/2004,ALO,IA,ACE,CE,Towers with Radar,3,13,28,0,44,0,0,9,3,12,3,13,37,3,56,20,0,20,76
07/08/2004,ALO,IA,ACE,CE,Towers with Radar,4,12,26,0,42,1,8,50,15,74,5,20,76,15,116,72,0,72,188
07/09/2004,ALO,IA,ACE,CE,Towers with Radar,3,12,25,0,40,0,2,11,12,25,3,14,36,12,65,40,4,44,109
07/10/2004,ALO,IA,ACE,CE,Towers with Radar,2,10,21,0,33,0,2,27,17,46,2,12,48,17,79,48,0,48,127
07/11/2004,ALO,IA,ACE,CE,Towers with Radar,3,7,19,0,29,0,0,44,7,51,3,7,63,7,80,28,0,28,108
07/12/2004,ALO,IA,ACE,CE,Towers with Radar,2,11,23,1,37,1,7,42,5,55,3,18,65,6,92,64,2,66,158
07/13/2004,ALO,IA,ACE,CE,Towers with Radar,2,9,20,1,32,1,6,29,4,40,3,15,49,5,72,10,2,12,84
07/14/2004,ALO,IA,ACE,CE,Towers with Radar,3,13,27,1,44,2,3,29,3,37,5,16,56,4,81,22,0,22,103
07/15/2004,ALO,IA,ACE,CE,Towers with Radar,3,10,24,1,38,3,0,36,12,51,6,10,60,13,89,50,0,50,139
07/16/2004,ALO,IA,ACE,CE,Towers with Radar,3,14,28,1,46,0,0,13,10,23,3,14,41,11,69,0,0,0,69
07/17/2004,ALO,IA,ACE,CE,Towers with Radar,1,8,14,1,24,1,0,45,2,48,2,8,59,3,72,54,0,54,126
07/18/2004,ALO,IA,ACE,CE,Towers with Radar,2,6,17,0,25,0,0,40,0,40,2,6,57,0,65,14,0,14,79
07/19/2004,ALO,IA,ACE,CE,Towers with Radar,2,11,21,1,35,1,0,25,3,29,3,11,46,4,64,26,0,26,90
07/20/2004,ALO,IA,ACE,CE,Towers with Radar,2,12,22,0,36,1,13,18,0,32,3,25,40,0,68,2,0,2,70
07/21/2004,ALO,IA,ACE,CE,Towers with Radar,2,12,22,0,36,1,3,33,0,37,3,15,55,0,73,28,0,28,101
07/22/2004,ALO,IA,ACE,CE,Towers with Radar,3,10,33,1,47,0,0,47,2,49,3,10,80,3,96,26,4,30,126
07/23/2004,ALO,IA,ACE,CE,Towers with Radar,3,12,29,1,45,0,0,23,20,43,3,12,52,21,88,10,0,10,98
07/24/2004,ALO,IA,ACE,CE,Towers with Radar,1,7,16,0,24,0,0,41,0,41,1,7,57,0,65,34,0,34,99
07/25/2004,ALO,IA,ACE,CE,Towers with Radar,2,7,17,1,27,1,0,53,1,55,3,7,70,2,82,28,0,28,110
07/26/2004,ALO,IA,ACE,CE,Towers with Radar,3,14,27,0,44,0,0,74,0,74,3,14,101,0,118,74,0,74,192
07/27/2004,ALO,IA,ACE,CE,Towers with Radar,3,10,29,0,42,1,0,13,0,14,4,10,42,0,56,30,0,30,86
07/28/2004,ALO,IA,ACE,CE,Towers with Radar,3,10,26,0,39,1,0,26,0,27,4,10,52,0,66,30,0,30,96
07/29/2004,ALO,IA,ACE,CE,Towers with Radar,2,10,30,1,43,0,0,53,0,53,2,10,83,1,96,8,0,8,104
07/30/2004,ALO,IA,ACE,CE,Towers with Radar,4,10,36,2,52,3,0,7,4,14,7,10,43,6,66,6,0,6,72
07/31/2004,ALO,IA,ACE,CE,Towers with Radar,1,8,20,0,29,0,0,46,0,46,1,8,66,0,75,12,0,12,87
08/01/2004,ALO,IA,ACE,CE,Towers with Radar,3,6,25,0,34,0,0,10,0,10,3,6,35,0,44,16,0,16,60
08/02/2004,ALO,IA,ACE,CE,Towers with Radar,4,11,27,0,42,1,9,27,0,37,5,20,54,0,79,0,0,0,79
08/03/2004,ALO,IA,ACE,CE,Towers with Radar,3,13,32,0,48,0,0,18,5,23,3,13,50,5,71,24,2,26,97
08/04/2004,ALO,IA,ACE,CE,Towers with Radar,3,10,29,0,42,0,0,10,18,28,3,10,39,18,70,10,0,10,80
08/05/2004,ALO,IA,ACE,CE,Towers with Radar,3,12,36,0,51,0,0,54,4,58,3,12,90,4,109,24,4,28,137
08/06/2004,ALO,IA,ACE,CE,Towers with Radar,5,11,34,0,50,0,0,62,21,83,5,11,96,21,133,18,18,36,169
08/07/2004,ALO,IA,ACE,CE,Towers with Radar,1,7,18,0,26,0,1,26,6,33,1,8,44,6,59,16,0,16,75
08/08/2004,ALO,IA,ACE,CE,Towers with Radar,3,7,19,0,29,0,0,15,19,34,3,7,34,19,63,2,0,2,65
08/09/2004,ALO,IA,ACE,CE,Towers with Radar,3,13,30,0,46,0,3,10,6,19,3,16,40,6,65,14,8,22,87
08/10/2004,ALO,IA,ACE,CE,Towers with Radar,3,14,32,0,49,0,4,12,10,26,3,18,44,10,75,8,2,10,85
08/11/2004,ALO,IA,ACE,CE,Towers with Radar,3,11,38,1,53,0,0,18,9,27,3,11,56,10,80,10,2,12,92
08/12/2004,ALO,IA,ACE,CE,Towers with Radar,3,12,35,1,51,0,0,39,8,47,3,12,74,9,98,58,4,62,160
08/13/2004,ALO,IA,ACE,CE,Towers with Radar,2,10,26,1,39,1,0,37,11,49,3,10,63,12,88,28,0,28,116
08/14/2004,ALO,IA,ACE,CE,Towers with Radar,1,8,18,1,28,2,0,57,34,93,3,8,75,35,121,58,0,58,179
08/15/2004,ALO,IA,ACE,CE,Towers with Radar,2,6,24,1,33,2,0,52,21,75,4,6,76,22,108,11,0,11,119
08/16/2004,ALO,IA,ACE,CE,Towers with Radar,2,12,26,1,41,1,0,10,1,12,3,12,36,2,53,0,0,0,53
08/17/2004,ALO,IA,ACE,CE,Towers with Radar,3,15,33,1,52,1,1,42,1,45,4,16,75,2,97,76,0,76,173
08/18/2004,ALO,IA,ACE,CE,Towers with Radar,3,13,34,1,51,0,0,27,3,30,3,13,61,4,81,2,0,2,83
08/19/2004,ALO,IA,ACE,CE,Towers with Radar,3,16,34,0,53,0,7,68,0,75,3,23,102,0,128,72,0,72,200
08/20/2004,ALO,IA,ACE,CE,Towers with Radar,2,13,26,1,42,1,2,31,19,53,3,15,57,20,95,48,0,48,143
08/21/2004,ALO,IA,ACE,CE,Towers with Radar,1,6,11,0,18,0,2,53,0,55,1,8,64,0,73,28,0,28,101
08/22/2004,ALO,IA,ACE,CE,Towers with Radar,0,4,7,0,11,3,1,29,0,33,3,5,36,0,44,10,0,10,54
08/23/2004,ALO,IA,ACE,CE,Towers with Radar,2,11,22,1,36,1,1,5,1,8,3,12,27,2,44,2,0,2,46
08/24/2004,ALO,IA,ACE,CE,Towers with Radar,3,17,37,2,59,0,1,35,6,42,3,18,72,8,101,72,0,72,173
08/25/2004,ALO,IA,ACE,CE,Towers with Radar,2,12,26,1,41,1,5,19,3,28,3,17,45,4,69,28,0,28,97
08/26/2004,ALO,IA,ACE,CE,Towers with Radar,3,16,35,1,55,0,3,39,3,45,3,19,74,4,100,140,0,140,240
08/27/2004,ALO,IA,ACE,CE,Towers with Radar,3,11,30,1,45,0,0,16,11,27,3,11,46,12,72,78,4,82,154
08/28/2004,ALO,IA,ACE,CE,Towers with Radar,1,7,14,1,23,0,1,5,2,8,1,8,19,3,31,4,0,4,35
08/29/2004,ALO,IA,ACE,CE,Towers with Radar,2,5,22,0,29,1,0,42,0,43,3,5,64,0,72,2,0,2,74
08/30/2004,ALO,IA,ACE,CE,Towers with Radar,3,15,31,1,50,0,2,31,2,35,3,17,62,3,85,34,0,34,119
08/31/2004,ALO,IA,ACE,CE,Towers with Radar,3,14,30,1,48,0,0,22,7,29,3,14,52,8,77,52,4,56,133
09/01/2004,ALO,IA,ACE,CE,Towers with Radar,3,12,27,1,43,0,0,59,5,64,3,12,86,6,107,92,2,94,201
09/02/2004,ALO,IA,ACE,CE,Towers with Radar,3,14,33,2,52,0,0,52,9,61,3,14,85,11,113,78,2,80,193
09/03/2004,ALO,IA,ACE,CE,Towers with Radar,3,10,34,2,49,0,0,35,2,37,3,10,69,4,86,38,0,38,124
09/04/2004,ALO,IA,ACE,CE,Towers with Radar,1,6,18,0,25,0,0,18,0,18,1,6,36,0,43,0,0,0,43
09/05/2004,ALO,IA,ACE,CE,Towers with Radar,3,6,15,1,25,0,0,18,0,18,3,6,33,1,43,30,0,30,73
09/06/2004,ALO,IA,ACE,CE,Towers with Radar,3,7,18,1,29,0,1,33,1,35,3,8,51,2,64,36,0,36,100
09/07/2004,ALO,IA,ACE,CE,Towers with Radar,3,9,21,1,34,0,7,18,7,32,3,16,39,8,66,48,0,48,114
09/08/2004,ALO,IA,ACE,CE,Towers with Radar,3,12,29,1,45,0,4,40,3,47,3,16,69,4,92,34,2,36,128
09/09/2004,ALO,IA,ACE,CE,Towers with Radar,3,13,30,1,47,0,6,29,20,55,3,19,59,21,102,26,0,26,128
09/10/2004,ALO,IA,ACE,CE,Towers with Radar,3,10,24,1,38,0,2,19,10,31,3,12,43,11,69,2,0,2,71
09/11/2004,ALO,IA,ACE,CE,Towers with Radar,1,6,16,0,23,0,2,33,0,35,1,8,49,0,58,50,0,50,108
09/12/2004,ALO,IA,ACE,CE,Towers with Radar,3,6,24,1,34,0,0,74,0,74,3,6,98,1,108,54,0,54,162
09/13/2004,ALO,IA,ACE,CE,Towers with Radar,3,10,24,1,38,0,3,22,3,28,3,13,46,4,66,36,14,50,116
09/14/2004,ALO,IA,ACE,CE,Towers with Radar,3,13,32,0,48,0,3,23,0,26,3,16,55,0,74,30,0,30,104
09/15/2004,ALO,IA,ACE,CE,Towers with Radar,3,11,23,0,37,0,5,22,0,27,3,16,45,0,64,2,0,2,66
09/16/2004,ALO,IA,ACE,CE,Towers with Radar,3,15,33,2,53,0,3,20,12,35,3,18,53,14,88,121,0,121,209
09/17/2004,ALO,IA,ACE,CE,Towers with Radar,4,10,34,2,50,0,0,23,12,35,4,10,57,14,85,66,0,66,151
09/18/2004,ALO,IA,ACE,CE,Towers with Radar,2,9,19,0,30,0,0,36,0,36,2,9,55,0,66,26,0,26,92
09/19/2004,ALO,IA,ACE,CE,Towers with Radar,2,6,18,0,26,1,0,26,0,27,3,6,44,0,53,0,5,5,58
09/20/2004,ALO,IA,ACE,CE,Towers with Radar,3,10,23,0,36,0,0,54,5,59,3,10,77,5,95,44,0,44,139
09/21/2004,ALO,IA,ACE,CE,Towers with Radar,3,14,29,0,46,0,0,29,8,37,3,14,58,8,83,22,2,24,107
09/22/2004,ALO,IA,ACE,CE,Towers with Radar,3,12,30,0,45,0,0,50,6,56,3,12,80,6,101,54,0,54,155
09/23/2004,ALO,IA,ACE,CE,Towers with Radar,3,12,36,1,52,0,0,31,12,43,3,12,67,13,95,24,0,24,119
09/24/2004,ALO,IA,ACE,CE,Towers with Radar,3,14,0,1,18,0,0,0,78,78,3,14,0,79,96,20,26,46,142
09/25/2004,ALO,IA,ACE,CE,Towers with Radar,1,6,12,0,19,0,4,309,3,316,1,10,321,3,335,0,0,0,335
09/26/2004,ALO,IA,ACE,CE,Towers with Radar,3,6,19,0,28,0,0,47,0,47,3,6,66,0,75,6,0,6,81
09/27/2004,ALO,IA,ACE,CE,Towers with Radar,3,14,29,0,46,0,6,41,4,51,3,20,70,4,97,28,0,28,125
09/28/2004,ALO,IA,ACE,CE,Towers with Radar,3,14,42,1,60,0,0,34,11,45,3,14,76,12,105,68,12,80,185
09/29/2004,ALO,IA,ACE,CE,Towers with Radar,3,14,31,0,48,0,10,64,7,81,3,24,95,7,129,122,0,122,251
09/30/2004,ALO,IA,ACE,CE,Towers with Radar,3,13,29,0,45,0,2,36,30,68,3,15,65,30,113,70,14,84,197
10/01/2004,ALO,IA,ACE,CE,Combined TRACON& Tower with Radar,4,13,11,1,29,0,0,0,0,0,4,13,11,1,29,0,0,0,29
10/02/2004,ALO,IA,ACE,CE,Combined TRACON& Tower with Radar,4,8,10,0,22,0,0,34,7,41,4,8,44,7,63,10,22,32,95
10/03/2004,ALO,IA,ACE,CE,Combined TRACON& Tower with Radar,3,6,19,4,32,0,0,33,9,42,3,6,52,13,74,20,0,20,94
10/04/2004,ALO,IA,ACE,CE,Combined TRACON& Tower with Radar,3,14,35,0,52,0,0,44,4,48,3,14,79,4,100,54,8,62,162
10/05/2004,ALO,IA,ACE,CE,Combined TRACON& Tower with Radar,3,19,21,0,43,0,0,34,2,36,3,19,55,2,79,80,0,80,159
10/06/2004,ALO,IA,ACE,CE,Combined TRACON& Tower with Radar,3,13,16,0,32,0,0,29,1,30,3,13,45,1,62,18,0,18,80
10/07/2004,ALO,IA,ACE,CE,Combined TRACON& Tower with Radar,3,14,30,0,47,0,0,19,1,20,3,14,49,1,67,0,0,0,67
10/08/2004,ALO,IA,ACE,CE,Combined TRACON& Tower with Radar,4,12,35,2,53,0,0,0,0,0,4,12,35,2,53,18,6,24,77
10/09/2004,ALO,IA,ACE,CE,Combined TRACON& Tower with Radar,6,11,8,2,27,0,0,29,2,31,6,11,37,4,58,8,0,8,66
10/10/2004,ALO,IA,ACE,CE,Combined TRACON& Tower with Radar,3,6,30,0,39,0,0,43,0,43,3,6,73,0,82,60,0,60,142
10/11/2004,ALO,IA,ACE,CE,Combined TRACON& Tower with Radar,3,18,52,0,73,0,0,47,0,47,3,18,99,0,120,16,4,20,140
10/12/2004,ALO,IA,ACE,CE,Combined TRACON& Tower with Radar,3,13,20,0,36,0,0,30,4,34,3,13,50,4,70,20,0,20,90
10/13/2004,ALO,IA,ACE,CE,Combined TRACON& Tower with Radar,3,14,32,0,49,0,0,16,4,20,3,14,48,4,69,26,0,26,95
10/14/2004,ALO,IA,ACE,CE,Combined TRACON& Tower with Radar,3,17,56,5,81,0,0,5,4,9,3,17,61,9,90,0,0,0,90
10/15/2004,ALO,IA,ACE,CE,Combined TRACON& Tower with Radar,3,21,28,0,52,0,0,21,6,27,3,21,49,6,79,6,0,6,85
10/16/2004,ALO,IA,ACE,CE,Combined TRACON& Tower with Radar,3,10,7,0,20,0,0,14,0,14,3,10,21,0,34,8,0,8,42
10/17/2004,ALO,IA,ACE,CE,Combined TRACON& Tower with Radar,3,6,14,0,23,0,0,52,0,52,3,6,66,0,75,36,0,36,111
10/18/2004,ALO,IA,ACE,CE,Combined TRACON& Tower with Radar,4,27,53,0,84,0,0,0,0,0,4,27,53,0,84,18,0,18,102
10/19/2004,ALO,IA,ACE,CE,Combined TRACON& Tower with Radar,5,17,54,0,76,0,0,11,0,11,5,17,65,0,87,10,0,10,97
10/20/2004,ALO,IA,ACE,CE,Combined TRACON& Tower with Radar,5,10,46,0,61,0,0,1,5,6,5,10,47,5,67,2,0,2,69
10/21/2004,ALO,IA,ACE,CE,Combined TRACON& Tower with Radar,3,20,69,0,92,0,0,3,16,19,3,20,72,16,111,0,4,4,115
10/22/2004,ALO,IA,ACE,CE,Combined TRACON& Tower with Radar,3,12,49,0,64,0,0,0,0,0,3,12,49,0,64,0,0,0,64
10/23/2004,ALO,IA,ACE,CE,Combined TRACON& Tower with Radar,1,12,18,0,31,0,0,3,0,3,1,12,21,0,34,0,0,0,34
10/24/2004,ALO,IA,ACE,CE,Combined TRACON& Tower with Radar,3,6,59,0,68,0,0,53,0,53,3,6,112,0,121,76,0,76,197
10/25/2004,ALO,IA,ACE,CE,Combined TRACON& Tower with Radar,3,15,50,0,68,0,0,32,2,34,3,15,82,2,102,26,0,26,128
10/26/2004,ALO,IA,ACE,CE,Combined TRACON& Tower with Radar,3,15,47,2,67,0,0,2,0,2,3,15,49,2,69,10,0,10,79
10/27/2004,ALO,IA,ACE,CE,Combined TRACON& Tower with Radar,3,15,34,0,52,0,0,0,0,0,3,15,34,0,52,0,0,0,52
10/28/2004,ALO,IA,ACE,CE,Combined TRACON& Tower with Radar,3,14,46,0,63,0,0,0,0,0,3,14,46,0,63,0,0,0,63
10/29/2004,ALO,IA,ACE,CE,Combined TRACON& Tower with Radar,3,13,54,3,73,0,0,12,9,21,3,13,66,12,94,0,0,0,94
10/30/2004,ALO,IA,ACE,CE,Combined TRACON& Tower with Radar,1,8,37,0,46,0,0,0,0,0,1,8,37,0,46,0,0,0,46
10/31/2004,ALO,IA,ACE,CE,Combined TRACON& Tower with Radar,5,6,51,0,62,0,0,73,0,73,5,6,124,0,135,52,0,52,187
11/01/2004,ALO,IA,ACE,CE,Combined TRACON& Tower with Radar,4,14,32,0,50,0,0,0,0,0,4,14,32,0,50,0,0,0,50
11/02/2004,ALO,IA,ACE,CE,Combined TRACON& Tower with Radar,3,17,43,0,63,0,0,17,1,18,3,17,60,1,81,38,0,38,119
11/03/2004,ALO,IA,ACE,CE,Combined TRACON& Tower with Radar,3,18,37,10,68,0,0,33,8,41,3,18,70,18,109,34,0,34,143
11/04/2004,ALO,IA,ACE,CE,Combined TRACON& Tower with Radar,3,17,21,6,47,0,0,31,20,51,3,17,52,26,98,12,12,24,122
11/05/2004,ALO,IA,ACE,CE,Combined TRACON& Tower with Radar,5,12,16,0,33,0,0,0,0,0,5,12,16,0,33,12,12,24,57
11/06/2004,ALO,IA,ACE,CE,Combined TRACON& Tower with Radar,5,10,11,6,32,0,0,62,16,78,5,10,73,22,110,78,2,80,190
11/07/2004,ALO,IA,ACE,CE,Combined TRACON& Tower with Radar,3,6,22,1,32,0,0,32,7,39,3,6,54,8,71,14,0,14,85
11/08/2004,ALO,IA,ACE,CE,Combined TRACON& Tower with Radar,3,12,22,0,37,0,0,34,0,34,3,12,56,0,71,20,0,20,91
11/09/2004,ALO,IA,ACE,CE,Combined TRACON& Tower with Radar,3,17,39,1,60,0,0,20,1,21,3,17,59,2,81,24,0,24,105
11/10/2004,ALO,IA,ACE,CE,Combined TRACON& Tower with Radar,3,12,32,0,47,0,0,23,2,25,3,12,55,2,72,26,0,26,98
11/11/2004,ALO,IA,ACE,CE,Combined TRACON& Tower with Radar,3,14,29,0,46,0,0,21,4,25,3,14,50,4,71,12,0,12,83
11/12/2004,ALO,IA,ACE,CE,Combined TRACON& Tower with Radar,3,12,42,0,57,0,0,42,0,42,3,12,84,0,99,36,0,36,135
11/13/2004,ALO,IA,ACE,CE,Combined TRACON& Tower with Radar,1,8,14,0,23,0,0,45,0,45,1,8,59,0,68,38,0,38,106
11/14/2004,ALO,IA,ACE,CE,Combined TRACON& Tower with Radar,3,6,19,0,28,0,0,40,0,40,3,6,59,0,68,0,0,0,68
11/15/2004,ALO,IA,ACE,CE,Combined TRACON& Tower with Radar,3,13,36,0,52,0,0,3,0,3,3,13,39,0,55,0,0,0,55
11/16/2004,ALO,IA,ACE,CE,Combined TRACON& Tower with Radar,2,14,33,0,49,1,0,4,0,5,3,14,37,0,54,6,0,6,60
11/17/2004,ALO,IA,ACE,CE,Combined TRACON& Tower with Radar,9,14,50,2,75,0,0,8,4,12,9,14,58,6,87,0,0,0,87
11/18/2004,ALO,IA,ACE,CE,Combined TRACON& Tower with Radar,3,19,26,0,48,0,0,1,2,3,3,19,27,2,51,4,16,20,71
11/19/2004,ALO,IA,ACE,CE,Combined TRACON& Tower with Radar,3,15,47,0,65,0,0,0,0,0,3,15,47,0,65,0,0,0,65
11/20/2004,ALO,IA,ACE,CE,Combined TRACON& Tower with Radar,3,8,25,0,36,0,0,7,7,14,3,8,32,7,50,158,0,158,208
11/21/2004,ALO,IA,ACE,CE,Combined TRACON& Tower with Radar,5,6,20,0,31,0,0,57,1,58,5,6,77,1,89,44,0,44,133
11/22/2004,ALO,IA,ACE,CE,Combined TRACON& Tower with Radar,3,23,28,0,54,0,0,23,0,23,3,23,51,0,77,72,0,72,149
11/23/2004,ALO,IA,ACE,CE,Combined TRACON& Tower with Radar,3,14,42,0,59,0,0,44,4,48,3,14,86,4,107,216,0,216,323
11/24/2004,ALO,IA,ACE,CE,Combined TRACON& Tower with Radar,3,18,32,0,53,0,0,17,1,18,3,18,49,1,71,32,6,38,109
11/25/2004,ALO,IA,ACE,CE,Combined TRACON& Tower with Radar,3,8,9,0,20,0,0,14,0,14,3,8,23,0,34,2,0,2,36
11/26/2004,ALO,IA,ACE,CE,Combined TRACON& Tower with Radar,2,10,29,0,41,0,0,8,1,9,2,10,37,1,50,30,0,30,80
11/27/2004,ALO,IA,ACE,CE,Combined TRACON& Tower with Radar,1,6,12,0,19,0,0,0,0,0,1,6,12,0,19,0,0,0,19
11/28/2004,ALO,IA,ACE,CE,Combined TRACON& Tower with Radar,3,9,17,0,29,0,0,25,0,25,3,9,42,0,54,21,0,21,75
11/29/2004,ALO,IA,ACE,CE,Combined TRACON& Tower with Radar,3,11,22,0,36,0,0,4,0,4,3,11,26,0,40,4,0,4,44
11/30/2004,ALO,IA,ACE,CE,Combined TRACON& Tower with Radar,3,16,17,0,36,0,0,41,0,41,3,16,58,0,77,55,0,55,132
12/01/2004,ALO,IA,ACE,CE,Combined TRACON& Tower with Radar,3,15,43,0,61,0,0,35,5,40,3,15,78,5,101,20,2,22,123
12/02/2004,ALO,IA,ACE,CE,Combined TRACON& Tower with Radar,3,15,19,0,37,0,0,34,21,55,3,15,53,21,92,36,0,36,128
12/03/2004,ALO,IA,ACE,CE,Combined TRACON& Tower with Radar,3,17,21,0,41,0,0,0,0,0,3,17,21,0,41,10,18,28,69
12/04/2004,ALO,IA,ACE,CE,Combined TRACON& Tower with Radar,1,10,27,0,38,0,0,24,1,25,1,10,51,1,63,15,0,15,78
12/05/2004,ALO,IA,ACE,CE,Combined TRACON& Tower with Radar,3,6,25,0,34,0,0,28,0,28,3,6,53,0,62,50,0,50,112
12/06/2004,ALO,IA,ACE,CE,Combined TRACON& Tower with Radar,3,12,27,0,42,0,0,2,0,2,3,12,29,0,44,0,0,0,44
12/07/2004,ALO,IA,ACE,CE,Combined TRACON& Tower with Radar,3,14,21,0,38,0,0,1,0,1,3,14,22,0,39,0,0,0,39
12/08/2004,ALO,IA,ACE,CE,Combined TRACON& Tower with Radar,3,17,48,2,70,0,0,14,2,16,3,17,62,4,86,0,8,8,94
12/09/2004,ALO,IA,ACE,CE,Combined TRACON& Tower with Radar,3,13,50,0,66,0,0,1,1,2,3,13,51,1,68,0,0,0,68
12/10/2004,ALO,IA,ACE,CE,Combined TRACON& Tower with Radar,3,15,27,0,45,0,0,1,0,1,3,15,28,0,46,0,0,0,46
12/11/2004,ALO,IA,ACE,CE,Combined TRACON& Tower with Radar,1,8,34,0,43,0,0,8,0,8,1,8,42,0,51,20,0,20,71
12/12/2004,ALO,IA,ACE,CE,Combined TRACON& Tower with Radar,3,9,4,0,16,0,0,2,0,2,3,9,6,0,18,0,0,0,18
12/13/2004,ALO,IA,ACE,CE,Combined TRACON& Tower with Radar,3,18,21,0,42,0,0,13,0,13,3,18,34,0,55,0,0,0,55
12/14/2004,ALO,IA,ACE,CE,Combined TRACON& Tower with Radar,3,15,53,0,71,0,0,46,9,55,3,15,99,9,126,48,0,48,174
12/15/2004,ALO,IA,ACE,CE,Combined TRACON& Tower with Radar,3,18,30,0,51,0,0,20,4,24,3,18,50,4,75,0,8,8,83
12/16/2004,ALO,IA,ACE,CE,Combined TRACON& Tower with Radar,3,14,24,0,41,0,0,17,11,28,3,14,41,11,69,20,0,20,89
12/17/2004,ALO,IA,ACE,CE,Combined TRACON& Tower with Radar,3,14,20,4,41,0,0,0,0,0,3,14,20,4,41,26,28,54,95
12/18/2004,ALO,IA,ACE,CE,Combined TRACON& Tower with Radar,1,8,3,0,12,0,0,8,0,8,1,8,11,0,20,12,0,12,32
12/19/2004,ALO,IA,ACE,CE,Combined TRACON& Tower with Radar,3,7,22,0,32,0,0,22,0,22,3,7,44,0,54,10,0,10,64
12/20/2004,ALO,IA,ACE,CE,Combined TRACON& Tower with Radar,3,14,17,0,34,0,0,4,0,4,3,14,21,0,38,0,0,0,38
12/21/2004,ALO,IA,ACE,CE,Combined TRACON& Tower with Radar,3,22,27,0,52,0,0,7,4,11,3,22,34,4,63,0,0,0,63
12/22/2004,ALO,IA,ACE,CE,Combined TRACON& Tower with Radar,3,14,18,0,35,0,0,9,0,9,3,14,27,0,44,0,0,0,44
12/23/2004,ALO,IA,ACE,CE,Combined TRACON& Tower with Radar,3,11,5,0,19,0,0,10,0,10,3,11,15,0,29,0,0,0,29
12/24/2004,ALO,IA,ACE,CE,Combined TRACON& Tower with Radar,2,8,3,0,13,0,0,6,0,6,2,8,9,0,19,0,0,0,19
12/25/2004,ALO,IA,ACE,CE,Combined TRACON& Tower with Radar,0,8,4,0,12,0,0,1,0,1,0,8,5,0,13,0,0,0,13
12/26/2004,ALO,IA,ACE,CE,Combined TRACON& Tower with Radar,1,6,16,0,23,0,0,11,0,11,1,6,27,0,34,0,0,0,34
12/27/2004,ALO,IA,ACE,CE,Combined TRACON& Tower with Radar,0,12,16,0,28,0,0,0,0,0,0,12,16,0,28,4,0,4,32
12/28/2004,ALO,IA,ACE,CE,Combined TRACON& Tower with Radar,1,10,20,1,32,0,0,13,10,23,1,10,33,11,55,24,12,36,91
12/29/2004,ALO,IA,ACE,CE,Combined TRACON& Tower with Radar,2,10,23,2,37,0,0,0,0,0,2,10,23,2,37,0,0,0,37
12/30/2004,ALO,IA,ACE,CE,Combined TRACON& Tower with Radar,3,12,9,0,24,0,0,1,0,1,3,12,10,0,25,0,0,0,25
12/31/2004,ALO,IA,ACE,CE,Combined TRACON& Tower with Radar,3,10,15,0,28,0,0,0,0,0,3,10,15,0,28,36,0,36,64
01/01/2005,ALO,IA,ACE,CE,Combined TRACON& Tower with Radar,1,2,1,0,4,0,0,1,0,1,1,2,2,0,5,0,0,0,5
01/02/2005,ALO,IA,ACE,CE,Combined TRACON& Tower with Radar,4,6,12,0,22,0,0,3,0,3,4,6,15,0,25,0,0,0,25
01/03/2005,ALO,IA,ACE,CE,Combined TRACON& Tower with Radar,19,11,13,0,43,0,0,1,0,1,19,11,14,0,44,0,0,0,44
01/04/2005,ALO,IA,ACE,CE,Combined TRACON& Tower with Radar,2,17,12,0,31,0,0,2,2,4,2,17,14,2,35,0,0,0,35
01/05/2005,ALO,IA,ACE,CE,Combined TRACON& Tower with Radar,0,4,2,0,6,0,0,0,0,0,0,4,2,0,6,0,0,0,6
01/06/2005,ALO,IA,ACE,CE,Combined TRACON& Tower with Radar,1,10,12,0,23,0,0,9,8,17,1,10,21,8,40,2,8,10,50
01/07/2005,ALO,IA,ACE,CE,Combined TRACON& Tower with Radar,13,10,22,3,48,0,0,6,18,24,13,10,28,21,72,0,0,0,72
01/08/2005,ALO,IA,ACE,CE,Combined TRACON& Tower with Radar,1,6,12,0,19,0,0,5,32,37,1,6,17,32,56,0,4,4,60
01/09/2005,ALO,IA,ACE,CE,Combined TRACON& Tower with Radar,1,8,6,0,15,0,0,0,0,0,1,8,6,0,15,0,0,0,15
01/10/2005,ALO,IA,ACE,CE,Combined TRACON& Tower with Radar,3,10,13,15,41,0,0,5,4,9,3,10,18,19,50,0,0,0,50
01/11/2005,ALO,IA,ACE,CE,Combined TRACON& Tower with Radar,1,13,10,0,24,0,0,0,0,0,1,13,10,0,24,0,0,0,24
01/12/2005,ALO,IA,ACE,CE,Combined TRACON& Tower with Radar,0,11,13,0,24,0,0,0,0,0,0,11,13,0,24,0,0,0,24
01/13/2005,ALO,IA,ACE,CE,Combined TRACON& Tower with Radar,1,18,9,0,28,0,0,1,14,15,1,18,10,14,43,0,18,18,61
01/14/2005,ALO,IA,ACE,CE,Combined TRACON& Tower with Radar,1,14,18,0,33,0,0,0,0,0,1,14,18,0,33,4,0,4,37
01/15/2005,ALO,IA,ACE,CE,Combined TRACON& Tower with Radar,2,6,3,0,11,0,0,7,0,7,2,6,10,0,18,0,0,0,18
01/16/2005,ALO,IA,ACE,CE,Combined TRACON& Tower with Radar,1,8,14,0,23,0,0,17,0,17,1,8,31,0,40,4,0,4,44
01/17/2005,ALO,IA,ACE,CE,Combined TRACON& Tower with Radar,1,8,19,0,28,0,0,19,0,19,1,8,38,0,47,8,0,8,55
01/18/2005,ALO,IA,ACE,CE,Combined TRACON& Tower with Radar,1,11,16,2,30,0,0,4,2,6,1,11,20,4,36,0,0,0,36
01/19/2005,ALO,IA,ACE,CE,Combined TRACON& Tower with Radar,1,11,24,0,36,0,0,6,4,10,1,11,30,4,46,0,0,0,46
01/20/2005,ALO,IA,ACE,CE,Combined TRACON& Tower with Radar,1,12,23,4,40,0,0,0,0,0,1,12,23,4,40,0,0,0,40
01/21/2005,ALO,IA,ACE,CE,Combined TRACON& Tower with Radar,1,8,17,0,26,0,0,0,0,0,1,8,17,0,26,0,0,0,26
01/22/2005,ALO,IA,ACE,CE,Combined TRACON& Tower with Radar,0,4,1,0,5,0,0,0,0,0,0,4,1,0,5,0,0,0,5
01/23/2005,ALO,IA,ACE,CE,Combined TRACON& Tower with Radar,3,8,21,0,32,0,0,20,0,20,3,8,41,0,52,6,0,6,58
01/24/2005,ALO,IA,ACE,CE,Combined TRACON& Tower with Radar,1,11,48,0,60,0,0,14,9,23,1,11,62,9,83,14,0,14,97
01/25/2005,ALO,IA,ACE,CE,Combined TRACON& Tower with Radar,0,14,32,3,49,0,0,24,7,31,0,14,56,10,80,6,6,12,92
01/26/2005,ALO,IA,ACE,CE,Combined TRACON& Tower with Radar,1,13,24,0,38,0,0,1,13,14,1,13,25,13,52,0,30,30,82
01/27/2005,ALO,IA,ACE,CE,Combined TRACON& Tower with Radar,1,18,22,7,48,0,0,0,0,0,1,18,22,7,48,46,0,46,94
01/28/2005,ALO,IA,ACE,CE,Combined TRACON& Tower with Radar,1,10,23,1,35,0,9,16,5,30,1,19,39,6,65,14,30,44,109
01/29/2005,ALO,IA,ACE,CE,Combined TRACON& Tower with Radar,1,6,15,0,22,0,0,13,0,13,1,6,28,0,35,6,0,6,41
01/30/2005,ALO,IA,ACE,CE,Combined TRACON& Tower with Radar,1,8,8,0,17,0,0,0,0,0,1,8,8,0,17,0,0,0,17
01/31/2005,ALO,IA,ACE,CE,Combined TRACON& Tower with Radar,1,10,18,0,29,0,0,0,0,0,1,10,18,0,29,0,0,0,29
02/01/2005,ALO,IA,ACE,CE,Combined TRACON& Tower with Radar,1,19,34,0,54,0,0,0,0,0,1,19,34,0,54,0,0,0,54
02/02/2005,ALO,IA,ACE,CE,Combined TRACON& Tower with Radar,1,12,41,2,56,0,0,10,44,54,1,12,51,46,110,16,0,16,126
02/03/2005,ALO,IA,ACE,CE,Combined TRACON& Tower with Radar,1,14,25,0,40,0,0,41,0,41,1,14,66,0,81,46,12,58,139
02/04/2005,ALO,IA,ACE,CE,Combined TRACON& Tower with Radar,1,14,25,3,43,0,0,44,16,60,1,14,69,19,103,48,14,62,165
02/05/2005,ALO,IA,ACE,CE,Combined TRACON& Tower with Radar,2,6,21,6,35,0,0,29,11,40,2,6,50,17,75,32,0,32,107
02/06/2005,ALO,IA,ACE,CE,Combined TRACON& Tower with Radar,1,10,20,0,31,0,0,5,0,5,1,10,25,0,36,0,0,0,36
02/07/2005,ALO,IA,ACE,CE,Combined TRACON& Tower with Radar,1,12,25,0,38,0,0,2,1,3,1,12,27,1,41,0,0,0,41
02/08/2005,ALO,IA,ACE,CE,Combined TRACON& Tower with Radar,1,12,28,0,41,0,0,8,2,10,1,12,36,2,51,0,6,6,57
02/09/2005,ALO,IA,ACE,CE,Combined TRACON& Tower with Radar,1,14,26,0,41,0,0,10,10,20,1,14,36,10,61,6,10,16,77
02/10/2005,ALO,IA,ACE,CE,Combined TRACON& Tower with Radar,1,11,29,0,41,0,0,41,17,58,1,11,70,17,99,32,8,40,139
02/11/2005,ALO,IA,ACE,CE,Combined TRACON& Tower with Radar,1,12,14,4,31,0,0,0,0,0,1,12,14,4,31,32,18,50,81
02/12/2005,ALO,IA,ACE,CE,Combined TRACON& Tower with Radar,2,6,20,0,28,0,0,40,0,40,2,6,60,0,68,72,0,72,140
02/13/2005,ALO,IA,ACE,CE,Combined TRACON& Tower with Radar,1,9,9,0,19,0,0,0,0,0,1,9,9,0,19,0,0,0,19
02/14/2005,ALO,IA,ACE,CE,Combined TRACON& Tower with Radar,1,11,28,1,41,0,0,10,0,10,1,11,38,1,51,32,0,32,83
02/15/2005,ALO,IA,ACE,CE,Combined TRACON& Tower with Radar,1,15,36,0,52,0,0,5,5,10,1,15,41,5,62,0,0,0,62
02/16/2005,ALO,IA,ACE,CE,Combined TRACON& Tower with Radar,1,16,33,6,56,0,0,17,16,33,1,16,50,22,89,4,0,4,93
02/17/2005,ALO,IA,ACE,CE,Combined TRACON& Tower with Radar,1,15,16,3,35,0,0,34,9,43,1,15,50,12,78,10,0,10,88
02/18/2005,ALO,IA,ACE,CE,Combined TRACON& Tower with Radar,1,15,35,0,51,0,0,0,0,0,1,15,35,0,51,34,0,34,85
02/19/2005,ALO,IA,ACE,CE,Combined TRACON& Tower with Radar,1,9,13,0,23,0,0,9,0,9,1,9,22,0,32,22,0,22,54
02/20/2005,ALO,IA,ACE,CE,Combined TRACON& Tower with Radar,1,9,12,0,22,0,0,0,0,0,1,9,12,0,22,0,0,0,22
02/21/2005,ALO,IA,ACE,CE,Combined TRACON& Tower with Radar,1,12,18,0,31,0,0,20,0,20,1,12,38,0,51,10,0,10,61
02/22/2005,ALO,IA,ACE,CE,Combined TRACON& Tower with Radar,1,14,13,5,33,0,0,6,3,9,1,14,19,8,42,0,2,2,44
02/23/2005,ALO,IA,ACE,CE,Combined TRACON& Tower with Radar,1,16,33,2,52,0,0,30,11,41,1,16,63,13,93,2,2,4,97
02/24/2005,ALO,IA,ACE,CE,Combined TRACON& Tower with Radar,0,16,30,1,47,0,0,28,18,46,0,16,58,19,93,40,0,40,133
02/25/2005,ALO,IA,ACE,CE,Combined TRACON& Tower with Radar,1,15,19,0,35,0,0,26,2,28,1,15,45,2,63,16,0,16,79
02/26/2005,ALO,IA,ACE,CE,Combined TRACON& Tower with Radar,1,9,39,0,49,0,0,32,0,32,1,9,71,0,81,92,0,92,173
02/27/2005,ALO,IA,ACE,CE,Combined TRACON& Tower with Radar,1,10,12,0,23,0,0,0,0,0,1,10,12,0,23,0,0,0,23
02/28/2005,ALO,IA,ACE,CE,Combined TRACON& Tower with Radar,1,14,19,0,34,0,0,1,0,1,1,14,20,0,35,0,0,0,35
03/01/2005,ALO,IA,ACE,CE,Combined TRACON& Tower with Radar,1,19,23,0,43,0,0,26,0,26,1,19,49,0,69,48,0,48,117
03/02/2005,ALO,IA,ACE,CE,Combined TRACON& Tower with Radar,1,19,43,1,64,0,0,1,3,4,1,19,44,4,68,44,0,44,112
03/03/2005,ALO,IA,ACE,CE,Combined TRACON& Tower with Radar,1,14,34,4,53,0,0,29,10,39,1,14,63,14,92,60,8,68,160
03/04/2005,ALO,IA,ACE,CE,Combined TRACON& Tower with Radar,1,14,20,0,35,0,0,0,0,0,1,14,20,0,35,18,0,18,53
03/05/2005,ALO,IA,ACE,CE,Combined TRACON& Tower with Radar,2,8,8,0,18,0,0,34,1,35,2,8,42,1,53,48,0,48,101
03/06/2005,ALO,IA,ACE,CE,Combined TRACON& Tower with Radar,1,8,15,0,24,0,0,22,0,22,1,8,37,0,46,26,2,28,74
03/07/2005,ALO,IA,ACE,CE,Combined TRACON& Tower with Radar,1,12,19,0,32,0,0,6,0,6,1,12,25,0,38,0,0,0,38
03/08/2005,ALO,IA,ACE,CE,Combined TRACON& Tower with Radar,1,12,37,0,50,0,0,41,4,45,1,12,78,4,95,20,2,22,117
03/09/2005,ALO,IA,ACE,CE,Combined TRACON& Tower with Radar,1,14,33,0,48,0,0,34,5,39,1,14,67,5,87,28,0,28,115
03/10/2005,ALO,IA,ACE,CE,Combined TRACON& Tower with Radar,1,16,24,2,43,0,0,2,0,2,1,16,26,2,45,0,2,2,47
03/11/2005,ALO,IA,ACE,CE,Combined TRACON& Tower with Radar,3,12,10,0,25,0,0,0,0,0,3,12,10,0,25,2,0,2,27
03/12/2005,ALO,IA,ACE,CE,Combined TRACON& Tower with Radar,1,8,28,0,37,0,0,0,0,0,1,8,28,0,37,18,0,18,55
03/13/2005,ALO,IA,ACE,CE,Combined TRACON& Tower with Radar,1,7,20,0,28,0,0,44,12,56,1,7,64,12,84,46,14,60,144
03/14/2005,ALO,IA,ACE,CE,Combined TRACON& Tower with Radar,1,18,16,0,35,0,0,18,0,18,1,18,34,0,53,82,0,82,135
03/15/2005,ALO,IA,ACE,CE,Combined TRACON& Tower with Radar,2,12,33,0,47,0,0,34,11,45,2,12,67,11,92,44,6,50,142
03/16/2005,ALO,IA,ACE,CE,Combined TRACON& Tower with Radar,2,14,15,1,32,0,0,36,6,42,2,14,51,7,74,44,2,46,120
03/17/2005,ALO,IA,ACE,CE,Combined TRACON& Tower with Radar,1,19,47,2,69,0,0,0,0,0,1,19,47,2,69,24,0,24,93
03/18/2005,ALO,IA,ACE,CE,Combined TRACON& Tower with Radar,5,8,11,0,24,0,0,5,0,5,5,8,16,0,29,6,0,6,35
03/19/2005,ALO,IA,ACE,CE,Combined TRACON& Tower with Radar,5,8,9,0,22,0,0,5,0,5,5,8,14,0,27,38,0,38,65
03/20/2005,ALO,IA,ACE,CE,Combined TRACON& Tower with Radar,1,8,14,0,23,0,0,42,0,42,1,8,56,0,65,136,0,136,201
03/21/2005,ALO,IA,ACE,CE,Combined TRACON& Tower with Radar,1,12,21,0,34,0,0,26,0,26,1,12,47,0,60,24,0,24,84
03/22/2005,ALO,IA,ACE,CE,Combined TRACON& Tower with Radar,1,16,13,0,30,0,0,19,6,25,1,16,32,6,55,0,0,0,55
03/23/2005,ALO,IA,ACE,CE,Combined TRACON& Tower with Radar,1,16,17,0,34,0,0,39,15,54,1,16,56,15,88,18,12,30,118
03/24/2005,ALO,IA,ACE,CE,Combined TRACON& Tower with Radar,1,18,19,0,38,0,0,0,0,0,1,18,19,0,38,0,40,40,78
03/25/2005,ALO,IA,ACE,CE,Combined TRACON& Tower with Radar,1,12,9,0,22,0,0,0,0,0,1,12,9,0,22,0,2,2,24
03/26/2005,ALO,IA,ACE,CE,Combined TRACON& Tower with Radar,2,8,16,0,26,0,0,18,0,18,2,8,34,0,44,96,0,96,140
03/27/2005,ALO,IA,ACE,CE,Combined TRACON& Tower with Radar,1,8,7,0,16,0,0,37,0,37,1,8,44,0,53,60,0,60,113
03/28/2005,ALO,IA,ACE,CE,Combined TRACON& Tower with Radar,1,16,23,0,40,0,0,41,2,43,1,16,64,2,83,72,0,72,155
03/29/2005,ALO,IA,ACE,CE,Combined TRACON& Tower with Radar,1,16,34,0,51,0,0,20,10,30,1,16,54,10,81,0,28,28,109
03/30/2005,ALO,IA,ACE,CE,Combined TRACON& Tower with Radar,1,10,17,0,28,0,0,2,5,7,1,10,19,5,35,0,0,0,35
03/31/2005,ALO,IA,ACE,CE,Combined TRACON& Tower with Radar,1,16,21,3,41,0,0,0,0,0,1,16,21,3,41,16,0,16,57
04/01/2005,ALO,IA,ACE,CE,Combined TRACON& Tower with Radar,1,13,44,0,58,0,0,47,14,61,1,13,91,14,119,14,0,14,133
04/02/2005,ALO,IA,ACE,CE,Combined TRACON& Tower with Radar,1,7,19,0,27,0,0,52,0,52,1,7,71,0,79,96,0,96,175
04/03/2005,ALO,IA,ACE,CE,Combined TRACON& Tower with Radar,0,8,18,0,26,0,0,38,0,38,0,8,56,0,64,80,0,80,144
04/04/2005,ALO,IA,ACE,CE,Combined TRACON& Tower with Radar,1,16,35,1,53,0,0,38,16,54,1,16,73,17,107,52,56,108,215
04/05/2005,ALO,IA,ACE,CE,Combined TRACON& Tower with Radar,1,16,41,0,58,0,0,31,2,33,1,16,72,2,91,12,0,12,103
04/06/2005,ALO,IA,ACE,CE,Combined TRACON& Tower with Radar,1,15,50,0,66,10,0,18,14,42,11,15,68,14,108,36,1,37,145
04/07/2005,ALO,IA,ACE,CE,Combined TRACON& Tower with Radar,1,19,23,1,44,0,0,0,0,0,1,19,23,1,44,100,0,100,144
04/08/2005,ALO,IA,ACE,CE,Combined TRACON& Tower with Radar,1,12,35,2,50,0,0,57,10,67,1,12,92,12,117,42,0,42,159
04/09/2005,ALO,IA,ACE,CE,Combined TRACON& Tower with Radar,2,10,11,0,23,0,0,17,1,18,2,10,28,1,41,52,0,52,93
04/10/2005,ALO,IA,ACE,CE,Combined TRACON& Tower with Radar,1,8,12,0,21,0,0,29,0,29,1,8,41,0,50,22,6,28,78
04/11/2005,ALO,IA,ACE,CE,Combined TRACON& Tower with Radar,0,14,13,0,27,0,0,0,2,2,0,14,13,2,29,0,0,0,29
04/12/2005,ALO,IA,ACE,CE,Combined TRACON& Tower with Radar,1,16,26,0,43,0,0,0,0,0,1,16,26,0,43,8,0,8,51
04/13/2005,ALO,IA,ACE,CE,Combined TRACON& Tower with Radar,1,16,52,6,75,0,0,34,8,42,1,16,86,14,117,40,0,40,157
04/14/2005,ALO,IA,ACE,CE,Combined TRACON& Tower with Radar,1,12,31,10,54,0,0,54,19,73,1,12,85,29,127,52,10,62,189
04/15/2005,ALO,IA,ACE,CE,Combined TRACON& Tower with Radar,1,12,35,6,54,0,0,49,28,77,1,12,84,34,131,22,14,36,167
04/16/2005,ALO,IA,ACE,CE,Combined TRACON& Tower with Radar,2,8,11,0,21,0,0,8,0,8,2,8,19,0,29,14,0,14,43
04/17/2005,ALO,IA,ACE,CE,Combined TRACON& Tower with Radar,1,8,9,4,22,0,0,35,22,57,1,8,44,26,79,38,0,38,117
04/18/2005,ALO,IA,ACE,CE,Combined TRACON& Tower with Radar,1,12,31,0,44,0,0,34,0,34,1,12,65,0,78,88,0,88,166
04/19/2005,ALO,IA,ACE,CE,Combined TRACON& Tower with Radar,1,14,32,0,47,0,0,13,6,19,1,14,45,6,66,0,0,0,66
04/20/2005,ALO,IA,ACE,CE,Combined TRACON& Tower with Radar,1,11,21,0,33,0,25,1,14,40,1,36,22,14,73,56,6,62,135
04/21/2005,ALO,IA,ACE,CE,Combined TRACON& Tower with Radar,1,18,38,0,57,0,0,16,14,30,1,18,54,14,87,14,14,28,115
04/22/2005,ALO,IA,ACE,CE,Combined TRACON& Tower with Radar,1,14,21,12,48,0,0,0,0,0,1,14,21,12,48,32,22,54,102
04/23/2005,ALO,IA,ACE,CE,Combined TRACON& Tower with Radar,1,7,10,0,18,0,0,9,0,9,1,7,19,0,27,8,0,8,35
04/24/2005,ALO,IA,ACE,CE,Combined TRACON& Tower with Radar,1,8,23,0,32,0,0,24,3,27,1,8,47,3,59,22,0,22,81
04/25/2005,ALO,IA,ACE,CE,Combined TRACON& Tower with Radar,0,14,26,0,40,0,0,19,0,19,0,14,45,0,59,2,0,2,61
04/26/2005,ALO,IA,ACE,CE,Combined TRACON& Tower with Radar,1,10,33,0,44,0,0,10,0,10,1,10,43,0,54,0,0,0,54
04/27/2005,ALO,IA,ACE,CE,Combined TRACON& Tower with Radar,1,16,21,3,41,0,0,22,5,27,1,16,43,8,68,46,0,46,114
04/28/2005,ALO,IA,ACE,CE,Combined TRACON& Tower with Radar,1,14,32,5,52,0,0,48,11,59,1,14,80,16,111,16,0,16,127
04/29/2005,ALO,IA,ACE,CE,Combined TRACON& Tower with Radar,1,13,19,0,33,0,0,30,10,40,1,13,49,10,73,70,0,70,143
04/30/2005,ALO,IA,ACE,CE,Combined TRACON& Tower with Radar,2,10,8,0,20,0,0,22,3,25,2,10,30,3,45,28,10,38,83
05/01/2005,ALO,IA,ACE,CE,Combined TRACON& Tower with Radar,1,7,8,0,16,0,0,10,2,12,1,7,18,2,28,38,0,38,66
05/02/2005,ALO,IA,ACE,CE,Combined TRACON& Tower with Radar,1,13,9,2,25,0,0,9,5,14,1,13,18,7,39,4,2,6,45
05/03/2005,ALO,IA,ACE,CE,Combined TRACON& Tower with Radar,1,21,32,0,54,0,0,21,13,34,1,21,53,13,88,24,0,24,112
05/04/2005,ALO,IA,ACE,CE,Combined TRACON& Tower with Radar,1,12,26,2,41,0,0,45,14,59,1,12,71,16,100,28,8,36,136
05/05/2005,ALO,IA,ACE,CE,Combined TRACON& Tower with Radar,1,13,20,1,35,0,0,30,14,44,1,13,50,15,79,18,30,48,127
05/06/2005,ALO,IA,ACE,CE,Combined TRACON& Tower with Radar,1,17,10,3,31,0,0,0,0,0,1,17,10,3,31,20,4,24,55
05/07/2005,ALO,IA,ACE,CE,Combined TRACON& Tower with Radar,2,8,12,0,22,0,0,14,0,14,2,8,26,0,36,18,0,18,54
05/08/2005,ALO,IA,ACE,CE,Combined TRACON& Tower with Radar,1,8,13,0,22,0,0,6,0,6,1,8,19,0,28,14,0,14,42
05/09/2005,ALO,IA,ACE,CE,Combined TRACON& Tower with Radar,1,14,47,6,68,0,0,10,5,15,1,14,57,11,83,50,0,50,133
05/10/2005,ALO,IA,ACE,CE,Combined TRACON& Tower with Radar,1,12,33,2,48,0,0,58,12,70,1,12,91,14,118,62,0,62,180
05/11/2005,ALO,IA,ACE,CE,Combined TRACON& Tower with Radar,1,14,17,1,33,0,0,3,0,3,1,14,20,1,36,30,2,32,68
05/12/2005,ALO,IA,ACE,CE,Combined TRACON& Tower with Radar,1,16,14,6,37,0,0,0,0,0,1,16,14,6,37,0,0,0,37
05/13/2005,ALO,IA,ACE,CE,Combined TRACON& Tower with Radar,1,11,45,4,61,0,0,12,15,27,1,11,57,19,88,28,14,42,130
05/14/2005,ALO,IA,ACE,CE,Combined TRACON& Tower with Radar,2,10,9,0,21,0,0,6,12,18,2,10,15,12,39,0,20,20,59
05/15/2005,ALO,IA,ACE,CE,Combined TRACON& Tower with Radar,1,8,31,5,45,0,0,22,23,45,1,8,53,28,90,80,30,110,200
05/16/2005,ALO,IA,ACE,CE,Combined TRACON& Tower with Radar,1,14,34,0,49,0,0,21,2,23,1,14,55,2,72,50,14,64,136
05/17/2005,ALO,IA,ACE,CE,Combined TRACON& Tower with Radar,1,16,19,0,36,0,0,22,3,25,1,16,41,3,61,14,0,14,75
05/18/2005,ALO,IA,ACE,CE,Combined TRACON& Tower with Radar,1,14,23,0,38,0,0,7,0,7,1,14,30,0,45,0,0,0,45
05/19/2005,ALO,IA,ACE,CE,Combined TRACON& Tower with Radar,0,14,27,3,44,0,0,42,11,53,0,14,69,14,97,60,0,60,157
05/20/2005,ALO,IA,ACE,CE,Combined TRACON& Tower with Radar,1,11,50,1,63,0,0,27,3,30,1,11,77,4,93,56,0,56,149
05/21/2005,ALO,IA,ACE,CE,Combined TRACON& Tower with Radar,2,8,13,0,23,0,0,1,0,1,2,8,14,0,24,0,0,0,24
05/22/2005,ALO,IA,ACE,CE,Combined TRACON& Tower with Radar,1,8,15,2,26,0,4,22,2,28,1,12,37,4,54,0,0,0,54
05/23/2005,ALO,IA,ACE,CE,Combined TRACON& Tower with Radar,1,15,18,1,35,0,0,37,3,40,1,15,55,4,75,18,0,18,93
05/24/2005,ALO,IA,ACE,CE,Combined TRACON& Tower with Radar,1,14,29,0,44,0,0,71,10,81,1,14,100,10,125,60,0,60,185
05/25/2005,ALO,IA,ACE,CE,Combined TRACON& Tower with Radar,1,15,58,0,74,0,0,33,10,43,1,15,91,10,117,34,18,52,169
05/26/2005,ALO,IA,ACE,CE,Combined TRACON& Tower with Radar,1,13,42,0,56,0,0,35,9,44,1,13,77,9,100,30,0,30,130
05/27/2005,ALO,IA,ACE,CE,Combined TRACON& Tower with Radar,1,13,30,0,44,0,0,34,3,37,1,13,64,3,81,54,0,54,135
05/28/2005,ALO,IA,ACE,CE,Combined TRACON& Tower with Radar,2,10,7,0,19,0,0,23,0,23,2,10,30,0,42,20,0,20,62
05/29/2005,ALO,IA,ACE,CE,Combined TRACON& Tower with Radar,1,6,15,0,22,0,0,24,2,26,1,6,39,2,48,44,0,44,92
05/30/2005,ALO,IA,ACE,CE,Combined TRACON& Tower with Radar,0,6,27,0,33,0,0,37,0,37,0,6,64,0,70,26,0,26,96
05/31/2005,ALO,IA,ACE,CE,Combined TRACON& Tower with Radar,1,16,10,5,32,0,0,27,2,29,1,16,37,7,61,48,0,48,109
06/01/2005,ALO,IA,ACE,CE,Combined TRACON& Tower with Radar,1,13,32,9,55,0,0,24,13,37,1,13,56,22,92,44,8,52,144
06/02/2005,ALO,IA,ACE,CE,Combined TRACON& Tower with Radar,1,18,51,0,70,0,0,58,12,70,1,18,109,12,140,32,0,32,172
06/03/2005,ALO,IA,ACE,CE,Combined TRACON& Tower with Radar,1,12,29,0,42,0,0,0,0,0,1,12,29,0,42,10,0,10,52
06/04/2005,ALO,IA,ACE,CE,Combined TRACON& Tower with Radar,2,8,7,0,17,0,0,0,0,0,2,8,7,0,17,120,0,120,137
06/05/2005,ALO,IA,ACE,CE,Combined TRACON& Tower with Radar,1,7,13,0,21,0,0,8,1,9,1,7,21,1,30,52,0,52,82
06/06/2005,ALO,IA,ACE,CE,Combined TRACON& Tower with Radar,1,13,23,0,37,0,0,32,10,42,1,13,55,10,79,44,0,44,123
06/07/2005,ALO,IA,ACE,CE,Combined TRACON& Tower with Radar,1,18,34,9,62,0,0,31,3,34,1,18,65,12,96,36,0,36,132
06/08/2005,ALO,IA,ACE,CE,Combined TRACON& Tower with Radar,1,19,18,0,38,0,0,15,1,16,1,19,33,1,54,14,0,14,68
06/09/2005,ALO,IA,ACE,CE,Combined TRACON& Tower with Radar,1,12,35,0,48,0,0,29,9,38,1,12,64,9,86,42,6,48,134
06/10/2005,ALO,IA,ACE,CE,Combined TRACON& Tower with Radar,1,12,37,8,58,0,0,26,9,35,1,12,63,17,93,28,4,32,125
06/11/2005,ALO,IA,ACE,CE,Combined TRACON& Tower with Radar,2,8,28,0,38,18,0,16,6,40,20,8,44,6,78,30,0,30,108
06/12/2005,ALO,IA,ACE,CE,Combined TRACON& Tower with Radar,1,10,25,2,38,0,0,33,1,34,1,10,58,3,72,0,0,0,72
06/13/2005,ALO,IA,ACE,CE,Combined TRACON& Tower with Radar,1,11,33,2,47,0,0,22,0,22,1,11,55,2,69,80,58,138,207
06/14/2005,ALO,IA,ACE,CE,Combined TRACON& Tower with Radar,1,15,29,12,57,0,0,4,4,8,1,15,33,16,65,32,12,44,109
06/15/2005,ALO,IA,ACE,CE,Combined TRACON& Tower with Radar,1,16,37,1,55,0,0,12,3,15,1,16,49,4,70,26,0,26,96
06/16/2005,ALO,IA,ACE,CE,Combined TRACON& Tower with Radar,1,18,34,3,56,0,0,48,11,59,1,18,82,14,115,72,2,74,189
06/17/2005,ALO,IA,ACE,CE,Combined TRACON& Tower with Radar,1,15,23,0,39,0,0,0,0,0,1,15,23,0,39,90,0,90,129
06/18/2005,ALO,IA,ACE,CE,Combined TRACON& Tower with Radar,2,9,5,0,16,0,0,54,5,59,2,9,59,5,75,74,0,74,149
06/19/2005,ALO,IA,ACE,CE,Combined TRACON& Tower with Radar,1,12,24,1,38,0,0,61,1,62,1,12,85,2,100,112,0,112,212
06/20/2005,ALO,IA,ACE,CE,Combined TRACON& Tower with Radar,1,8,29,0,38,0,0,48,5,53,1,8,77,5,91,32,0,32,123
06/21/2005,ALO,IA,ACE,CE,Combined TRACON& Tower with Radar,2,16,28,4,50,1,0,36,4,41,3,16,64,8,91,28,0,28,119
06/22/2005,ALO,IA,ACE,CE,Combined TRACON& Tower with Radar,1,12,35,1,49,0,0,21,5,26,1,12,56,6,75,188,0,188,263
06/23/2005,ALO,IA,ACE,CE,Combined TRACON& Tower with Radar,1,17,28,14,60,0,0,42,24,66,1,17,70,38,126,108,6,114,240
06/24/2005,ALO,IA,ACE,CE,Combined TRACON& Tower with Radar,1,13,14,3,31,0,0,40,24,64,1,13,54,27,95,110,2,112,207
06/25/2005,ALO,IA,ACE,CE,Combined TRACON& Tower with Radar,1,8,11,1,21,0,0,5,3,8,1,8,16,4,29,6,2,8,37
06/26/2005,ALO,IA,ACE,CE,Combined TRACON& Tower with Radar,1,8,19,0,28,0,0,13,15,28,1,8,32,15,56,6,0,6,62
06/27/2005,ALO,IA,ACE,CE,Combined TRACON& Tower with Radar,1,13,30,0,44,0,0,18,4,22,1,13,48,4,66,20,0,20,86
06/28/2005,ALO,IA,ACE,CE,Combined TRACON& Tower with Radar,1,13,19,0,33,0,0,19,3,22,1,13,38,3,55,46,0,46,101
06/29/2005,ALO,IA,ACE,CE,Combined TRACON& Tower with Radar,1,13,62,5,81,0,0,14,19,33,1,13,76,24,114,46,0,46,160
06/30/2005,ALO,IA,ACE,CE,Combined TRACON& Tower with Radar,1,16,16,8,41,0,0,25,5,30,1,16,41,13,71,16,2,18,89
07/01/2005,ALO,IA,ACE,CE,Combined TRACON& Tower with Radar,1,13,27,0,41,0,0,0,0,0,1,13,27,0,41,112,0,112,153
07/02/2005,ALO,IA,ACE,CE,Combined TRACON& Tower with Radar,1,8,14,2,25,1,0,0,0,1,2,8,14,2,26,30,0,30,56
07/03/2005,ALO,IA,ACE,CE,Combined TRACON& Tower with Radar,1,8,6,0,15,0,0,19,0,19,1,8,25,0,34,0,0,0,34
07/04/2005,ALO,IA,ACE,CE,Combined TRACON& Tower with Radar,0,10,7,0,17,0,0,26,4,30,0,10,33,4,47,14,0,14,61
07/05/2005,ALO,IA,ACE,CE,Combined TRACON& Tower with Radar,1,16,19,0,36,0,0,29,7,36,1,16,48,7,72,22,0,22,94
07/06/2005,ALO,IA,ACE,CE,Combined TRACON& Tower with Radar,1,12,20,4,37,0,0,41,11,52,1,12,61,15,89,106,0,106,195
07/07/2005,ALO,IA,ACE,CE,Combined TRACON& Tower with Radar,1,16,29,1,47,0,0,24,8,32,1,16,53,9,79,30,0,30,109
07/08/2005,ALO,IA,ACE,CE,Combined TRACON& Tower with Radar,1,12,40,0,53,0,0,42,6,48,1,12,82,6,101,64,0,64,165
07/09/2005,ALO,IA,ACE,CE,Combined TRACON& Tower with Radar,2,8,17,0,27,0,0,49,1,50,2,8,66,1,77,18,0,18,95
07/10/2005,ALO,IA,ACE,CE,Combined TRACON& Tower with Radar,1,8,25,0,34,0,0,35,0,35,1,8,60,0,69,12,0,12,81
07/11/2005,ALO,IA,ACE,CE,Combined TRACON& Tower with Radar,1,20,22,0,43,0,0,43,1,44,1,20,65,1,87,52,0,52,139
07/12/2005,ALO,IA,ACE,CE,Combined TRACON& Tower with Radar,1,19,21,7,48,0,0,24,8,32,1,19,45,15,80,32,2,34,114
07/13/2005,ALO,IA,ACE,CE,Combined TRACON& Tower with Radar,1,16,39,5,61,0,0,29,3,32,1,16,68,8,93,58,0,58,151
07/14/2005,ALO,IA,ACE,CE,Combined TRACON& Tower with Radar,1,12,38,1,52,0,0,31,6,37,1,12,69,7,89,42,0,42,131
07/15/2005,ALO,IA,ACE,CE,Combined TRACON& Tower with Radar,1,11,29,0,41,0,0,0,0,0,1,11,29,0,41,24,0,24,65
07/16/2005,ALO,IA,ACE,CE,Combined TRACON& Tower with Radar,2,6,3,0,11,0,0,23,0,23,2,6,26,0,34,10,0,10,44
07/17/2005,ALO,IA,ACE,CE,Combined TRACON& Tower with Radar,1,7,12,0,20,0,0,26,1,27,1,7,38,1,47,0,0,0,47
07/18/2005,ALO,IA,ACE,CE,Combined TRACON& Tower with Radar,0,17,29,0,46,0,0,0,0,0,0,17,29,0,46,46,3,49,95
07/19/2005,ALO,IA,ACE,CE,Combined TRACON& Tower with Radar,1,18,34,0,53,0,0,49,3,52,1,18,83,3,105,54,0,54,159
07/20/2005,ALO,IA,ACE,CE,Combined TRACON& Tower with Radar,1,12,25,0,38,0,0,20,1,21,1,12,45,1,59,2,0,2,61
07/21/2005,ALO,IA,ACE,CE,Combined TRACON& Tower with Radar,1,17,46,0,64,0,0,33,2,35,1,17,79,2,99,32,0,32,131
07/22/2005,ALO,IA,ACE,CE,Combined TRACON& Tower with Radar,1,10,38,0,49,0,0,0,0,0,1,10,38,0,49,34,0,34,83
07/23/2005,ALO,IA,ACE,CE,Combined TRACON& Tower with Radar,2,5,16,0,23,0,0,0,0,0,2,5,16,0,23,8,0,8,31
07/24/2005,ALO,IA,ACE,CE,Combined TRACON& Tower with Radar,1,8,14,0,23,0,0,47,1,48,1,8,61,1,71,34,0,34,105
07/25/2005,ALO,IA,ACE,CE,Combined TRACON& Tower with Radar,2,13,45,0,60,0,0,16,0,16,2,13,61,0,76,16,0,16,92
07/26/2005,ALO,IA,ACE,CE,Combined TRACON& Tower with Radar,1,16,38,0,55,0,0,11,0,11,1,16,49,0,66,0,0,0,66
07/27/2005,ALO,IA,ACE,CE,Combined TRACON& Tower with Radar,1,14,20,0,35,0,0,36,1,37,1,14,56,1,72,74,0,74,146
07/28/2005,ALO,IA,ACE,CE,Combined TRACON& Tower with Radar,1,16,41,0,58,0,0,33,1,34,1,16,74,1,92,16,0,16,108
07/29/2005,ALO,IA,ACE,CE,Combined TRACON& Tower with Radar,1,12,22,0,35,0,0,45,4,49,1,12,67,4,84,26,0,26,110
07/30/2005,ALO,IA,ACE,CE,Combined TRACON& Tower with Radar,2,8,8,2,20,0,0,0,0,0,2,8,8,2,20,6,0,6,26
07/31/2005,ALO,IA,ACE,CE,Combined TRACON& Tower with Radar,1,9,16,0,26,0,0,32,0,32,1,9,48,0,58,24,0,24,82
08/01/2005,ALO,IA,ACE,CE,Combined TRACON& Tower with Radar,0,12,35,0,47,0,0,41,4,45,0,12,76,4,92,8,0,8,100
08/02/2005,ALO,IA,ACE,CE,Combined TRACON& Tower with Radar,1,14,20,0,35,0,0,23,11,34,1,14,43,11,69,26,0,26,95
08/03/2005,ALO,IA,ACE,CE,Combined TRACON& Tower with Radar,1,16,31,0,48,0,0,34,6,40,1,16,65,6,88,32,0,32,120
08/04/2005,ALO,IA,ACE,CE,Combined TRACON& Tower with Radar,1,17,18,2,38,0,0,28,22,50,1,17,46,24,88,12,0,12,100
08/05/2005,ALO,IA,ACE,CE,Combined TRACON& Tower with Radar,1,12,14,1,28,0,0,36,15,51,1,12,50,16,79,10,10,20,99
08/06/2005,ALO,IA,ACE,CE,Combined TRACON& Tower with Radar,2,8,4,0,14,0,0,36,2,38,2,8,40,2,52,2,0,2,54
08/07/2005,ALO,IA,ACE,CE,Combined TRACON& Tower with Radar,1,8,12,0,21,0,0,30,0,30,1,8,42,0,51,16,0,16,67
08/08/2005,ALO,IA,ACE,CE,Combined TRACON& Tower with Radar,1,10,26,0,37,0,0,29,5,34,1,10,55,5,71,30,0,30,101
08/09/2005,ALO,IA,ACE,CE,Combined TRACON& Tower with Radar,3,13,21,4,41,0,0,28,10,38,3,13,49,14,79,80,52,132,211
08/10/2005,ALO,IA,ACE,CE,Combined TRACON& Tower with Radar,1,14,24,8,47,0,0,35,23,58,1,14,59,31,105,44,8,52,157
08/11/2005,ALO,IA,ACE,CE,Combined TRACON& Tower with Radar,1,18,19,0,38,0,0,3,23,26,1,18,22,23,64,4,0,4,68
08/12/2005,ALO,IA,ACE,CE,Combined TRACON& Tower with Radar,1,12,34,0,47,0,0,30,4,34,1,12,64,4,81,36,0,36,117
08/13/2005,ALO,IA,ACE,CE,Combined TRACON& Tower with Radar,2,8,13,0,23,0,0,20,2,22,2,8,33,2,45,36,0,36,81
08/14/2005,ALO,IA,ACE,CE,Combined TRACON& Tower with Radar,1,8,16,1,26,0,0,33,1,34,1,8,49,2,60,0,0,0,60
08/15/2005,ALO,IA,ACE,CE,Combined TRACON& Tower with Radar,1,15,21,0,37,0,0,40,5,45,1,15,61,5,82,12,0,12,94
08/16/2005,ALO,IA,ACE,CE,Combined TRACON& Tower with Radar,1,16,22,1,40,0,0,42,10,52,1,16,64,11,92,30,4,34,126
08/17/2005,ALO,IA,ACE,CE,Combined TRACON& Tower with Radar,1,14,43,1,59,0,0,38,5,43,1,14,81,6,102,12,0,12,114
08/18/2005,ALO,IA,ACE,CE,Combined TRACON& Tower with Radar,1,14,33,0,48,0,0,16,7,23,1,14,49,7,71,30,0,30,101
08/19/2005,ALO,IA,ACE,CE,Combined TRACON& Tower with Radar,1,12,16,1,30,0,0,15,19,34,1,12,31,20,64,12,10,22,86
08/20/2005,ALO,IA,ACE,CE,Combined TRACON& Tower with Radar,1,6,14,4,25,0,0,19,12,31,1,6,33,16,56,32,10,42,98
08/21/2005,ALO,IA,ACE,CE,Combined TRACON& Tower with Radar,0,6,8,0,14,0,0,50,1,51,0,6,58,1,65,70,0,70,135
08/22/2005,ALO,IA,ACE,CE,Combined TRACON& Tower with Radar,0,11,35,0,46,0,0,36,4,40,0,11,71,4,86,10,0,10,96
08/23/2005,ALO,IA,ACE,CE,Combined TRACON& Tower with Radar,1,14,22,0,37,0,0,44,3,47,1,14,66,3,84,32,2,34,118
08/24/2005,ALO,IA,ACE,CE,Combined TRACON& Tower with Radar,1,11,25,0,37,0,0,35,11,46,1,11,60,11,83,16,28,44,127
08/25/2005,ALO,IA,ACE,CE,Combined TRACON& Tower with Radar,1,12,23,0,36,0,0,17,8,25,1,12,40,8,61,26,26,52,113
08/26/2005,ALO,IA,ACE,CE,Combined TRACON& Tower with Radar,1,9,20,0,30,0,0,10,2,12,1,9,30,2,42,10,0,10,52
08/27/2005,ALO,IA,ACE,CE,Combined TRACON& Tower with Radar,1,6,8,0,15,0,0,45,0,45,1,6,53,0,60,74,0,74,134
08/28/2005,ALO,IA,ACE,CE,Combined TRACON& Tower with Radar,0,6,19,0,25,0,0,58,2,60,0,6,77,2,85,118,0,118,203
08/29/2005,ALO,IA,ACE,CE,Combined TRACON& Tower with Radar,1,12,24,0,37,0,0,33,5,38,1,12,57,5,75,0,0,0,75
08/30/2005,ALO,IA,ACE,CE,Combined TRACON& Tower with Radar,1,12,28,2,43,0,0,40,3,43,1,12,68,5,86,56,4,60,146
08/31/2005,ALO,IA,ACE,CE,Combined TRACON& Tower with Radar,1,10,32,0,43,0,0,17,6,23,1,10,49,6,66,28,0,28,94
09/01/2005,ALO,IA,ACE,CE,Combined TRACON& Tower with Radar,1,16,21,10,48,0,0,40,14,54,1,16,61,24,102,48,6,54,156
09/02/2005,ALO,IA,ACE,CE,Combined TRACON& Tower with Radar,1,10,19,0,30,10,0,30,7,47,11,10,49,7,77,4,0,4,81
09/03/2005,ALO,IA,ACE,CE,Combined TRACON& Tower with Radar,1,5,10,0,16,0,0,35,0,35,1,5,45,0,51,22,0,22,73
09/04/2005,ALO,IA,ACE,CE,Combined TRACON& Tower with Radar,0,6,11,0,17,0,0,11,0,11,0,6,22,0,28,0,0,0,28
09/05/2005,ALO,IA,ACE,CE,Combined TRACON& Tower with Radar,0,8,13,1,22,0,0,31,0,31,0,8,44,1,53,48,0,48,101
09/06/2005,ALO,IA,ACE,CE,Combined TRACON& Tower with Radar,1,14,26,8,49,0,0,23,7,30,1,14,49,15,79,0,0,0,79
09/07/2005,ALO,IA,ACE,CE,Combined TRACON& Tower with Radar,1,8,30,4,43,0,0,25,6,31,1,8,55,10,74,36,2,38,112
09/08/2005,ALO,IA,ACE,CE,Combined TRACON& Tower with Radar,1,16,29,2,48,0,0,3,7,10,1,16,32,9,58,24,0,24,82
09/09/2005,ALO,IA,ACE,CE,Combined TRACON& Tower with Radar,1,12,25,0,38,0,0,0,0,0,1,12,25,0,38,4,0,4,42
09/10/2005,ALO,IA,ACE,CE,Combined TRACON& Tower with Radar,1,6,19,0,26,0,0,32,0,32,1,6,51,0,58,26,0,26,84
09/11/2005,ALO,IA,ACE,CE,Combined TRACON& Tower with Radar,0,6,27,0,33,0,0,34,5,39,0,6,61,5,72,6,0,6,78
09/12/2005,ALO,IA,ACE,CE,Combined TRACON& Tower with Radar,1,9,44,0,54,0,0,15,0,15,1,9,59,0,69,2,0,2,71
09/13/2005,ALO,IA,ACE,CE,Combined TRACON& Tower with Radar,3,19,31,0,53,0,0,11,6,17,3,19,42,6,70,14,0,14,84
09/14/2005,ALO,IA,ACE,CE,Combined TRACON& Tower with Radar,1,11,47,3,62,0,0,33,23,56,1,11,80,26,118,24,6,30,148
09/15/2005,ALO,IA,ACE,CE,Combined TRACON& Tower with Radar,1,14,26,4,45,0,0,27,6,33,1,14,53,10,78,24,0,24,102
09/16/2005,ALO,IA,ACE,CE,Combined TRACON& Tower with Radar,0,18,17,3,38,0,0,38,11,49,0,18,55,14,87,22,2,24,111
09/17/2005,ALO,IA,ACE,CE,Combined TRACON& Tower with Radar,1,6,15,0,22,0,0,34,4,38,1,6,49,4,60,16,0,16,76
09/18/2005,ALO,IA,ACE,CE,Combined TRACON& Tower with Radar,0,8,8,0,16,0,0,30,2,32,0,8,38,2,48,10,0,10,58
09/19/2005,ALO,IA,ACE,CE,Combined TRACON& Tower with Radar,3,14,25,0,42,0,0,10,3,13,3,14,35,3,55,14,0,14,69
09/20/2005,ALO,IA,ACE,CE,Combined TRACON& Tower with Radar,1,20,36,0,57,0,0,24,8,32,1,20,60,8,89,6,0,6,95
09/21/2005,ALO,IA,ACE,CE,Combined TRACON& Tower with Radar,1,12,22,0,35,0,0,33,17,50,1,12,55,17,85,22,0,22,107
09/22/2005,ALO,IA,ACE,CE,Combined TRACON& Tower with Radar,1,10,19,0,30,0,1,8,16,25,1,11,27,16,55,22,0,22,77
09/23/2005,ALO,IA,ACE,CE,Combined TRACON& Tower with Radar,1,13,30,1,45,0,0,0,0,0,1,13,30,1,45,44,6,50,95
09/24/2005,ALO,IA,ACE,CE,Combined TRACON& Tower with Radar,1,6,9,0,16,0,0,1,0,1,1,6,10,0,17,8,0,8,25
09/25/2005,ALO,IA,ACE,CE,Combined TRACON& Tower with Radar,0,6,23,0,29,0,0,0,0,0,0,6,23,0,29,2,0,2,31
09/26/2005,ALO,IA,ACE,CE,Combined TRACON& Tower with Radar,1,16,17,0,34,0,0,6,3,9,1,16,23,3,43,10,0,10,53
09/27/2005,ALO,IA,ACE,CE,Combined TRACON& Tower with Radar,1,15,24,2,42,0,0,23,2,25,1,15,47,4,67,50,0,50,117
09/28/2005,ALO,IA,ACE,CE,Combined TRACON& Tower with Radar,1,13,26,3,43,0,0,6,8,14,1,13,32,11,57,4,2,6,63
09/29/2005,ALO,IA,ACE,CE,Combined TRACON& Tower with Radar,1,13,21,0,35,0,0,37,9,46,1,13,58,9,81,12,2,14,95
09/30/2005,ALO,IA,ACE,CE,Combined TRACON& Tower with Radar,1,10,25,1,37,0,0,30,13,43,1,10,55,14,80,18,28,46,126
10/01/2005,ALO,IA,ACE,CE,Combined TRACON& Tower with Radar,3,3,13,0,19,0,0,34,1,35,3,3,47,1,54,48,0,48,102
10/02/2005,ALO,IA,ACE,CE,Combined TRACON& Tower with Radar,1,4,14,0,19,0,0,16,0,16,1,4,30,0,35,44,0,44,79
10/03/2005,ALO,IA,ACE,CE,Combined TRACON& Tower with Radar,1,10,17,0,28,0,0,18,0,18,1,10,35,0,46,6,0,6,52
10/04/2005,ALO,IA,ACE,CE,Combined TRACON& Tower with Radar,2,14,17,0,33,0,0,6,7,13,2,14,23,7,46,0,4,4,50
10/05/2005,ALO,IA,ACE,CE,Combined TRACON& Tower with Radar,0,8,21,0,29,0,0,5,0,5,0,8,26,0,34,0,2,2,36
10/06/2005,ALO,IA,ACE,CE,Combined TRACON& Tower with Radar,1,16,20,2,39,0,0,13,0,13,1,16,33,2,52,58,32,90,142
10/07/2005,ALO,IA,ACE,CE,Combined TRACON& Tower with Radar,1,12,31,2,46,0,0,0,0,0,1,12,31,2,46,42,4,46,92
10/08/2005,ALO,IA,ACE,CE,Combined TRACON& Tower with Radar,7,2,6,0,15,0,0,0,0,0,7,2,6,0,15,46,0,46,61
10/09/2005,ALO,IA,ACE,CE,Combined TRACON& Tower with Radar,1,4,16,0,21,0,0,40,0,40,1,4,56,0,61,0,0,0,61
10/10/2005,ALO,IA,ACE,CE,Combined TRACON& Tower with Radar,1,10,12,0,23,0,0,26,0,26,1,10,38,0,49,16,0,16,65
10/11/2005,ALO,IA,ACE,CE,Combined TRACON& Tower with Radar,3,6,42,0,51,0,0,33,5,38,3,6,75,5,89,8,0,8,97
10/12/2005,ALO,IA,ACE,CE,Combined TRACON& Tower with Radar,3,6,36,2,47,0,0,13,8,21,3,6,49,10,68,28,12,40,108
10/13/2005,ALO,IA,ACE,CE,Combined TRACON& Tower with Radar,5,8,49,0,62,0,0,21,16,37,5,8,70,16,99,18,28,46,145
10/14/2005,ALO,IA,ACE,CE,Combined TRACON& Tower with Radar,1,8,28,2,39,0,0,0,0,0,1,8,28,2,39,18,4,22,61
10/15/2005,ALO,IA,ACE,CE,Combined TRACON& Tower with Radar,2,4,19,0,25,0,0,27,2,29,2,4,46,2,54,34,0,34,88
10/16/2005,ALO,IA,ACE,CE,Combined TRACON& Tower with Radar,1,6,10,12,29,0,0,34,23,57,1,6,44,35,86,60,0,60,146
10/17/2005,ALO,IA,ACE,CE,Combined TRACON& Tower with Radar,1,12,23,0,36,0,0,32,0,32,1,12,55,0,68,14,0,14,82
10/18/2005,ALO,IA,ACE,CE,Combined TRACON& Tower with Radar,1,12,29,0,42,0,0,28,5,33,1,12,57,5,75,16,0,16,91
10/19/2005,ALO,IA,ACE,CE,Combined TRACON& Tower with Radar,3,8,20,0,31,0,0,18,7,25,3,8,38,7,56,14,0,14,70
10/20/2005,ALO,IA,ACE,CE,Combined TRACON& Tower with Radar,3,11,30,1,45,0,0,11,9,20,3,11,41,10,65,26,0,26,91
10/21/2005,ALO,IA,ACE,CE,Combined TRACON& Tower with Radar,3,10,18,2,33,0,0,23,4,27,3,10,41,6,60,16,0,16,76
10/22/2005,ALO,IA,ACE,CE,Combined TRACON& Tower with Radar,3,2,11,0,16,0,0,18,0,18,3,2,29,0,34,6,0,6,40
10/23/2005,ALO,IA,ACE,CE,Combined TRACON& Tower with Radar,1,4,12,0,17,0,0,0,0,0,1,4,12,0,17,10,0,10,27
10/24/2005,ALO,IA,ACE,CE,Combined TRACON& Tower with Radar,3,8,20,0,31,0,0,0,0,0,3,8,20,0,31,28,10,38,69
10/25/2005,ALO,IA,ACE,CE,Combined TRACON& Tower with Radar,3,8,10,7,28,0,0,19,9,28,3,8,29,16,56,40,0,40,96
10/26/2005,ALO,IA,ACE,CE,Combined TRACON& Tower with Radar,3,9,17,0,29,0,0,23,1,24,3,9,40,1,53,8,0,8,61
10/27/2005,ALO,IA,ACE,CE,Combined TRACON& Tower with Radar,3,8,21,3,35,0,0,41,11,52,3,8,62,14,87,30,8,38,125
10/28/2005,ALO,IA,ACE,CE,Combined TRACON& Tower with Radar,5,10,32,6,53,0,0,0,0,0,5,10,32,6,53,2,18,20,73
10/29/2005,ALO,IA,ACE,CE,Combined TRACON& Tower with Radar,3,4,20,0,27,0,0,18,0,18,3,4,38,0,45,10,0,10,55
10/30/2005,ALO,IA,ACE,CE,Combined TRACON& Tower with Radar,1,5,11,0,17,0,0,8,6,14,1,5,19,6,31,6,26,32,63
10/31/2005,ALO,IA,ACE,CE,Combined TRACON& Tower with Radar,1,12,26,0,39,0,0,16,1,17,1,12,42,1,56,38,0,38,94
11/01/2005,ALO,IA,ACE,CE,Combined TRACON& Tower with Radar,1,16,22,1,40,0,0,25,4,29,1,16,47,5,69,12,0,12,81
11/02/2005,ALO,IA,ACE,CE,Combined TRACON& Tower with Radar,1,8,30,3,42,0,0,29,4,33,1,8,59,7,75,26,0,26,101
11/03/2005,ALO,IA,ACE,CE,Combined TRACON& Tower with Radar,1,12,30,1,44,0,1,33,12,46,1,13,63,13,90,34,18,52,142
11/04/2005,ALO,IA,ACE,CE,Combined TRACON& Tower with Radar,3,8,15,3,29,0,0,42,7,49,3,8,57,10,78,52,0,52,130
11/05/2005,ALO,IA,ACE,CE,Combined TRACON& Tower with Radar,3,6,8,0,17,0,0,13,0,13,3,6,21,0,30,4,0,4,34
11/06/2005,ALO,IA,ACE,CE,Combined TRACON& Tower with Radar,1,5,17,0,23,0,0,14,0,14,1,5,31,0,37,0,0,0,37
11/07/2005,ALO,IA,ACE,CE,Combined TRACON& Tower with Radar,1,8,34,0,43,0,0,31,3,34,1,8,65,3,77,38,0,38,115
11/08/2005,ALO,IA,ACE,CE,Combined TRACON& Tower with Radar,1,16,42,1,60,0,0,18,0,18,1,16,60,1,78,18,2,20,98
11/09/2005,ALO,IA,ACE,CE,Combined TRACON& Tower with Radar,1,10,20,0,31,0,0,8,4,12,1,10,28,4,43,0,0,0,43
11/10/2005,ALO,IA,ACE,CE,Combined TRACON& Tower with Radar,1,14,31,0,46,0,0,31,1,32,1,14,62,1,78,12,0,12,90
11/11/2005,ALO,IA,ACE,CE,Combined TRACON& Tower with Radar,2,8,24,0,34,0,0,38,0,38,2,8,62,0,72,40,0,40,112
11/12/2005,ALO,IA,ACE,CE,Combined TRACON& Tower with Radar,1,4,13,0,18,0,0,19,0,19,1,4,32,0,37,10,0,10,47
11/13/2005,ALO,IA,ACE,CE,Combined TRACON& Tower with Radar,1,4,12,0,17,0,0,0,0,0,1,4,12,0,17,10,0,10,27
11/14/2005,ALO,IA,ACE,CE,Combined TRACON& Tower with Radar,1,10,28,0,39,0,0,11,0,11,1,10,39,0,50,4,0,4,54
11/15/2005,ALO,IA,ACE,CE,Combined TRACON& Tower with Radar,1,8,3,0,12,0,0,1,0,1,1,8,4,0,13,2,0,2,15
11/16/2005,ALO,IA,ACE,CE,Combined TRACON& Tower with Radar,1,11,15,0,27,0,0,2,4,6,1,11,17,4,33,0,0,0,33
11/17/2005,ALO,IA,ACE,CE,Combined TRACON& Tower with Radar,1,14,19,12,46,0,0,9,14,23,1,14,28,26,69,2,4,6,75
11/18/2005,ALO,IA,ACE,CE,Combined TRACON& Tower with Radar,1,10,27,0,38,0,0,27,13,40,1,10,54,13,78,14,0,14,92
11/19/2005,ALO,IA,ACE,CE,Combined TRACON& Tower with Radar,2,4,21,0,27,0,0,18,2,20,2,4,39,2,47,46,0,46,93
11/20/2005,ALO,IA,ACE,CE,Combined TRACON& Tower with Radar,1,4,10,0,15,0,0,6,13,19,1,4,16,13,34,6,6,12,46
11/21/2005,ALO,IA,ACE,CE,Combined TRACON& Tower with Radar,1,8,18,5,32,0,16,0,0,16,1,24,18,5,48,36,16,52,100
11/22/2005,ALO,IA,ACE,CE,Combined TRACON& Tower with Radar,1,13,9,0,23,0,0,27,6,33,1,13,36,6,56,2,0,2,58
11/23/2005,ALO,IA,ACE,CE,Combined TRACON& Tower with Radar,1,9,15,3,28,0,0,20,3,23,1,9,35,6,51,8,0,8,59
11/24/2005,ALO,IA,ACE,CE,Combined TRACON& Tower with Radar,1,8,2,0,11,0,0,9,0,9,1,8,11,0,20,0,0,0,20
11/25/2005,ALO,IA,ACE,CE,Combined TRACON& Tower with Radar,4,4,10,0,18,0,0,14,0,14,4,4,24,0,32,4,0,4,36
11/26/2005,ALO,IA,ACE,CE,Combined TRACON& Tower with Radar,2,4,13,0,19,0,0,25,0,25,2,4,38,0,44,22,0,22,66
11/27/2005,ALO,IA,ACE,CE,Combined TRACON& Tower with Radar,1,4,8,0,13,0,0,0,0,0,1,4,8,0,13,0,0,0,13
11/28/2005,ALO,IA,ACE,CE,Combined TRACON& Tower with Radar,1,10,10,0,21,0,0,4,0,4,1,10,14,0,25,0,0,0,25
11/29/2005,ALO,IA,ACE,CE,Combined TRACON& Tower with Radar,1,8,24,0,33,0,0,1,0,1,1,8,25,0,34,0,0,0,34
11/30/2005,ALO,IA,ACE,CE,Combined TRACON& Tower with Radar,1,10,29,0,40,0,0,12,11,23,1,10,41,11,63,8,0,8,71
12/01/2005,ALO,IA,ACE,CE,Combined TRACON& Tower with Radar,3,10,21,2,36,0,0,15,4,19,3,10,36,6,55,14,4,18,73
12/02/2005,ALO,IA,ACE,CE,Combined TRACON& Tower with Radar,1,9,7,0,17,0,0,0,0,0,1,9,7,0,17,0,0,0,17
12/03/2005,ALO,IA,ACE,CE,Combined TRACON& Tower with Radar,3,4,4,0,11,0,0,0,0,0,3,4,4,0,11,0,0,0,11
12/04/2005,ALO,IA,ACE,CE,Combined TRACON& Tower with Radar,1,6,5,0,12,0,0,6,1,7,1,6,11,1,19,8,0,8,27
12/05/2005,ALO,IA,ACE,CE,Combined TRACON& Tower with Radar,1,13,25,0,39,0,0,15,1,16,1,13,40,1,55,38,0,38,93
12/06/2005,ALO,IA,ACE,CE,Combined TRACON& Tower with Radar,1,11,16,2,30,0,0,8,14,22,1,11,24,16,52,14,0,14,66
12/07/2005,ALO,IA,ACE,CE,Combined TRACON& Tower with Radar,1,13,23,1,38,0,0,4,7,11,1,13,27,8,49,0,0,0,49
12/08/2005,ALO,IA,ACE,CE,Combined TRACON& Tower with Radar,3,10,17,0,30,0,0,1,1,2,3,10,18,1,32,0,0,0,32
12/09/2005,ALO,IA,ACE,CE,Combined TRACON& Tower with Radar,1,12,13,4,30,0,0,0,0,0,1,12,13,4,30,0,0,0,30
12/10/2005,ALO,IA,ACE,CE,Combined TRACON& Tower with Radar,1,4,9,0,14,0,0,2,2,4,1,4,11,2,18,0,0,0,18
12/11/2005,ALO,IA,ACE,CE,Combined TRACON& Tower with Radar,1,4,9,0,14,0,0,10,0,10,1,4,19,0,24,6,0,6,30
12/12/2005,ALO,IA,ACE,CE,Combined TRACON& Tower with Radar,1,8,15,1,25,0,0,4,1,5,1,8,19,2,30,18,0,18,48
12/13/2005,ALO,IA,ACE,CE,Combined TRACON& Tower with Radar,3,10,18,6,37,0,0,6,3,9,3,10,24,9,46,4,0,4,50
12/14/2005,ALO,IA,ACE,CE,Combined TRACON& Tower with Radar,0,13,8,0,21,0,0,1,0,1,0,13,9,0,22,0,0,0,22
12/15/2005,ALO,IA,ACE,CE,Combined TRACON& Tower with Radar,3,6,8,3,20,0,0,3,30,33,3,6,11,33,53,0,4,4,57
12/16/2005,ALO,IA,ACE,CE,Combined TRACON& Tower with Radar,7,8,19,3,37,0,0,0,0,0,7,8,19,3,37,0,6,6,43
12/17/2005,ALO,IA,ACE,CE,Combined TRACON& Tower with Radar,1,4,7,0,12,0,0,27,0,27,1,4,34,0,39,0,0,0,39
12/18/2005,ALO,IA,ACE,CE,Combined TRACON& Tower with Radar,3,2,4,0,9,0,0,9,0,9,3,2,13,0,18,18,0,18,36
12/19/2005,ALO,IA,ACE,CE,Combined TRACON& Tower with Radar,3,8,31,12,54,0,0,20,11,31,3,8,51,23,85,14,4,18,103
12/20/2005,ALO,IA,ACE,CE,Combined TRACON& Tower with Radar,3,6,27,4,40,0,0,11,21,32,3,6,38,25,72,0,6,6,78
12/21/2005,ALO,IA,ACE,CE,Combined TRACON& Tower with Radar,3,7,44,0,54,0,0,13,0,13,3,7,57,0,67,0,0,0,67
12/22/2005,ALO,IA,ACE,CE,Combined TRACON& Tower with Radar,3,8,29,0,40,0,0,12,3,15,3,8,41,3,55,4,0,4,59
12/23/2005,ALO,IA,ACE,CE,Combined TRACON& Tower with Radar,3,8,12,0,23,0,0,19,6,25,3,8,31,6,48,10,0,10,58
12/24/2005,ALO,IA,ACE,CE,Combined TRACON& Tower with Radar,1,4,13,0,18,0,0,0,0,0,1,4,13,0,18,0,0,0,18
12/25/2005,ALO,IA,ACE,CE,Combined TRACON& Tower with Radar,1,4,2,0,7,0,0,1,0,1,1,4,3,0,8,0,0,0,8
12/26/2005,ALO,IA,ACE,CE,Combined TRACON& Tower with Radar,3,2,13,0,18,0,0,0,0,0,3,2,13,0,18,0,0,0,18
12/27/2005,ALO,IA,ACE,CE,Combined TRACON& Tower with Radar,3,4,12,0,19,0,0,0,0,0,3,4,12,0,19,0,0,0,19
12/28/2005,ALO,IA,ACE,CE,Combined TRACON& Tower with Radar,3,7,7,0,17,0,0,0,0,0,3,7,7,0,17,0,0,0,17
12/29/2005,ALO,IA,ACE,CE,Combined TRACON& Tower with Radar,3,7,20,8,38,0,0,0,0,0,3,7,20,8,38,0,2,2,40
12/30/2005,ALO,IA,ACE,CE,Combined TRACON& Tower with Radar,3,9,4,0,16,0,0,0,0,0,3,9,4,0,16,0,0,0,16
12/31/2005,ALO,IA,ACE,CE,Combined TRACON& Tower with Radar,1,5,4,0,10,0,0,1,0,1,1,5,5,0,11,0,0,0,11
01/01/2006,ALO,IA,ACE,CE,Combined TRACON& Tower with Radar,4,2,3,0,9,0,0,0,0,0,4,2,3,0,9,8,0,8,17
01/02/2006,ALO,IA,ACE,CE,Combined TRACON& Tower with Radar,4,2,12,0,18,0,0,0,0,0,4,2,12,0,18,0,0,0,18
01/03/2006,ALO,IA,ACE,CE,Combined TRACON& Tower with Radar,3,8,14,0,25,0,0,0,0,0,3,8,14,0,25,0,0,0,25
01/04/2006,ALO,IA,ACE,CE,Combined TRACON& Tower with Radar,1,10,20,3,34,0,0,0,1,1,1,10,20,4,35,0,8,8,43
01/05/2006,ALO,IA,ACE,CE,Combined TRACON& Tower with Radar,1,9,27,0,37,0,0,6,9,15,1,9,33,9,52,2,0,2,54
01/06/2006,ALO,IA,ACE,CE,Combined TRACON& Tower with Radar,1,11,19,37,68,0,0,0,0,0,1,11,19,37,68,0,0,0,68
01/07/2006,ALO,IA,ACE,CE,Combined TRACON& Tower with Radar,1,6,8,0,15,0,0,44,0,44,1,6,52,0,59,56,0,56,115
01/08/2006,ALO,IA,ACE,CE,Combined TRACON& Tower with Radar,1,4,14,0,19,0,0,2,4,6,1,4,16,4,25,24,0,24,49
01/09/2006,ALO,IA,ACE,CE,Combined TRACON& Tower with Radar,1,17,18,0,36,0,0,6,3,9,1,17,24,3,45,8,0,8,53
01/10/2006,ALO,IA,ACE,CE,Combined TRACON& Tower with Radar,1,12,32,8,53,0,0,27,14,41,1,12,59,22,94,70,6,76,170
01/11/2006,ALO,IA,ACE,CE,Combined TRACON& Tower with Radar,1,15,17,2,35,0,0,23,14,37,1,15,40,16,72,0,14,14,86
01/12/2006,ALO,IA,ACE,CE,Combined TRACON& Tower with Radar,1,12,14,0,27,0,0,48,13,61,1,12,62,13,88,90,10,100,188
01/13/2006,ALO,IA,ACE,CE,Combined TRACON& Tower with Radar,1,12,19,1,33,0,0,13,5,18,1,12,32,6,51,0,0,0,51
01/14/2006,ALO,IA,ACE,CE,Combined TRACON& Tower with Radar,4,6,13,0,23,0,0,44,0,44,4,6,57,0,67,74,0,74,141
01/15/2006,ALO,IA,ACE,CE,Combined TRACON& Tower with Radar,1,4,18,0,23,0,0,32,0,32,1,4,50,0,55,68,0,68,123
01/16/2006,ALO,IA,ACE,CE,Combined TRACON& Tower with Radar,1,11,45,0,57,0,0,0,0,0,1,11,45,0,57,0,0,0,57
01/17/2006,ALO,IA,ACE,CE,Combined TRACON& Tower with Radar,1,13,23,1,38,0,0,11,4,15,1,13,34,5,53,2,0,2,55
01/18/2006,ALO,IA,ACE,CE,Combined TRACON& Tower with Radar,1,12,28,4,45,0,0,32,16,48,1,12,60,20,93,0,0,0,93
01/19/2006,ALO,IA,ACE,CE,Combined TRACON& Tower with Radar,1,12,40,7,60,0,0,24,15,39,1,12,64,22,99,20,6,26,125
01/20/2006,ALO,IA,ACE,CE,Combined TRACON& Tower with Radar,1,12,23,0,36,0,0,2,0,2,1,12,25,0,38,0,0,0,38
01/21/2006,ALO,IA,ACE,CE,Combined TRACON& Tower with Radar,1,6,10,0,17,0,0,0,0,0,1,6,10,0,17,0,0,0,17
01/22/2006,ALO,IA,ACE,CE,Combined TRACON& Tower with Radar,1,4,18,0,23,0,0,0,0,0,1,4,18,0,23,0,0,0,23
01/23/2006,ALO,IA,ACE,CE,Combined TRACON& Tower with Radar,1,11,26,0,38,0,0,2,2,4,1,11,28,2,42,58,0,58,100
01/24/2006,ALO,IA,ACE,CE,Combined TRACON& Tower with Radar,1,15,14,0,30,0,0,1,0,1,1,15,15,0,31,0,0,0,31
01/25/2006,ALO,IA,ACE,CE,Combined TRACON& Tower with Radar,1,10,32,6,49,0,0,60,14,74,1,10,92,20,123,140,0,140,263
01/26/2006,ALO,IA,ACE,CE,Combined TRACON& Tower with Radar,1,14,21,8,44,0,0,37,26,63,1,14,58,34,107,36,4,40,147
01/27/2006,ALO,IA,ACE,CE,Combined TRACON& Tower with Radar,1,14,26,4,45,0,0,27,3,30,1,14,53,7,75,34,0,34,109
01/28/2006,ALO,IA,ACE,CE,Combined TRACON& Tower with Radar,1,6,7,0,14,0,0,4,0,4,1,6,11,0,18,0,0,0,18
01/29/2006,ALO,IA,ACE,CE,Combined TRACON& Tower with Radar,2,6,25,0,33,0,0,0,0,0,2,6,25,0,33,0,0,0,33
01/30/2006,ALO,IA,ACE,CE,Combined TRACON& Tower with Radar,1,10,20,0,31,0,0,6,2,8,1,10,26,2,39,8,0,8,47
01/31/2006,ALO,IA,ACE,CE,Combined TRACON& Tower with Radar,1,10,12,2,25,0,0,19,4,23,1,10,31,6,48,2,2,4,52
02/01/2006,ALO,IA,ACE,CE,Combined TRACON& Tower with Radar,1,15,32,2,50,0,0,25,17,42,1,15,57,19,92,42,0,42,134
02/02/2006,ALO,IA,ACE,CE,Combined TRACON& Tower with Radar,1,13,38,5,57,0,0,42,5,47,1,13,80,10,104,70,0,70,174
02/03/2006,ALO,IA,ACE,CE,Combined TRACON& Tower with Radar,1,14,14,0,29,0,0,8,4,12,1,14,22,4,41,0,0,0,41
02/04/2006,ALO,IA,ACE,CE,Combined TRACON& Tower with Radar,1,6,4,0,11,0,0,15,0,15,1,6,19,0,26,26,0,26,52
02/05/2006,ALO,IA,ACE,CE,Combined TRACON& Tower with Radar,1,4,4,0,9,0,0,18,2,20,1,4,22,2,29,0,0,0,29
02/06/2006,ALO,IA,ACE,CE,Combined TRACON& Tower with Radar,1,13,27,0,41,0,0,37,0,37,1,13,64,0,78,46,0,46,124
02/07/2006,ALO,IA,ACE,CE,Combined TRACON& Tower with Radar,3,11,18,0,32,0,0,23,2,25,3,11,41,2,57,48,0,48,105
02/08/2006,ALO,IA,ACE,CE,Combined TRACON& Tower with Radar,1,14,19,5,39,0,0,14,11,25,1,14,33,16,64,58,2,60,124
02/09/2006,ALO,IA,ACE,CE,Combined TRACON& Tower with Radar,1,15,39,16,71,0,0,6,1,7,1,15,45,17,78,14,0,14,92
02/10/2006,ALO,IA,ACE,CE,Combined TRACON& Tower with Radar,1,12,11,0,24,0,0,10,9,19,1,12,21,9,43,4,6,10,53
02/11/2006,ALO,IA,ACE,CE,Combined TRACON& Tower with Radar,1,6,12,1,20,0,0,11,4,15,1,6,23,5,35,8,0,8,43
02/12/2006,ALO,IA,ACE,CE,Combined TRACON& Tower with Radar,1,6,12,0,19,0,0,10,6,16,1,6,22,6,35,42,0,42,77
02/13/2006,ALO,IA,ACE,CE,Combined TRACON& Tower with Radar,1,6,15,0,22,0,0,10,2,12,1,6,25,2,34,22,0,22,56
02/14/2006,ALO,IA,ACE,CE,Combined TRACON& Tower with Radar,1,13,44,10,68,0,0,24,4,28,1,13,68,14,96,40,0,40,136
02/15/2006,ALO,IA,ACE,CE,Combined TRACON& Tower with Radar,1,10,46,3,60,0,0,17,9,26,1,10,63,12,86,38,2,40,126
02/16/2006,ALO,IA,ACE,CE,Combined TRACON& Tower with Radar,0,4,2,0,6,0,0,1,0,1,0,4,3,0,7,0,0,0,7
02/17/2006,ALO,IA,ACE,CE,Combined TRACON& Tower with Radar,1,10,25,0,36,0,0,4,1,5,1,10,29,1,41,0,0,0,41
02/18/2006,ALO,IA,ACE,CE,Combined TRACON& Tower with Radar,1,6,5,0,12,0,0,16,0,16,1,6,21,0,28,10,0,10,38
02/19/2006,ALO,IA,ACE,CE,Combined TRACON& Tower with Radar,0,4,1,0,5,0,0,12,0,12,0,4,13,0,17,12,0,12,29
02/20/2006,ALO,IA,ACE,CE,Combined TRACON& Tower with Radar,1,8,33,0,42,0,0,12,0,12,1,8,45,0,54,12,0,12,66
02/21/2006,ALO,IA,ACE,CE,Combined TRACON& Tower with Radar,1,14,24,3,42,0,0,32,2,34,1,14,56,5,76,58,0,58,134
02/22/2006,ALO,IA,ACE,CE,Combined TRACON& Tower with Radar,1,12,38,0,51,0,0,45,5,50,1,12,83,5,101,50,2,52,153
02/23/2006,ALO,IA,ACE,CE,Combined TRACON& Tower with Radar,1,16,43,0,60,0,0,27,5,32,1,16,70,5,92,50,0,50,142
02/24/2006,ALO,IA,ACE,CE,Combined TRACON& Tower with Radar,1,10,35,0,46,0,0,16,0,16,1,10,51,0,62,24,0,24,86
02/25/2006,ALO,IA,ACE,CE,Combined TRACON& Tower with Radar,3,6,28,0,37,0,0,35,1,36,3,6,63,1,73,18,0,18,91
02/26/2006,ALO,IA,ACE,CE,Combined TRACON& Tower with Radar,0,4,16,0,20,0,0,32,0,32,0,4,48,0,52,52,0,52,104
02/27/2006,ALO,IA,ACE,CE,Combined TRACON& Tower with Radar,1,10,9,0,20,0,0,23,3,26,1,10,32,3,46,38,0,38,84
02/28/2006,ALO,IA,ACE,CE,Combined TRACON& Tower with Radar,1,18,29,6,54,0,0,33,5,38,1,18,62,11,92,22,0,22,114
03/01/2006,ALO,IA,ACE,CE,Combined TRACON& Tower with Radar,1,13,34,0,48,0,0,19,6,25,1,13,53,6,73,12,0,12,85
03/02/2006,ALO,IA,ACE,CE,Combined TRACON& Tower with Radar,1,8,16,0,25,0,0,3,4,7,1,8,19,4,32,0,0,0,32
03/03/2006,ALO,IA,ACE,CE,Combined TRACON& Tower with Radar,1,8,21,1,31,0,0,53,3,56,1,8,74,4,87,42,0,42,129
03/04/2006,ALO,IA,ACE,CE,Combined TRACON& Tower with Radar,1,8,20,0,29,0,0,22,0,22,1,8,42,0,51,60,0,60,111
03/05/2006,ALO,IA,ACE,CE,Combined TRACON& Tower with Radar,0,2,7,0,9,0,0,0,0,0,0,2,7,0,9,0,0,0,9
03/06/2006,ALO,IA,ACE,CE,Combined TRACON& Tower with Radar,1,10,27,0,38,0,0,0,0,0,1,10,27,0,38,63,0,63,101
03/07/2006,ALO,IA,ACE,CE,Combined TRACON& Tower with Radar,1,9,25,0,35,0,0,2,3,5,1,9,27,3,40,28,0,28,68
03/08/2006,ALO,IA,ACE,CE,Combined TRACON& Tower with Radar,1,13,26,4,44,0,0,0,0,0,1,13,26,4,44,0,0,0,44
03/09/2006,ALO,IA,ACE,CE,Combined TRACON& Tower with Radar,1,12,30,2,45,0,0,12,5,17,1,12,42,7,62,8,12,20,82
03/10/2006,ALO,IA,ACE,CE,Combined TRACON& Tower with Radar,1,10,35,1,47,0,1,20,8,29,1,11,55,9,76,10,22,32,108
03/11/2006,ALO,IA,ACE,CE,Combined TRACON& Tower with Radar,1,6,5,4,16,0,0,18,19,37,1,6,23,23,53,2,0,2,55
03/12/2006,ALO,IA,ACE,CE,Combined TRACON& Tower with Radar,0,2,4,0,6,0,0,7,14,21,0,2,11,14,27,4,0,4,31
03/13/2006,ALO,IA,ACE,CE,Combined TRACON& Tower with Radar,5,5,9,0,19,0,0,6,0,6,5,5,15,0,25,0,0,0,25
03/14/2006,ALO,IA,ACE,CE,Combined TRACON& Tower with Radar,1,9,29,1,40,0,0,57,4,61,1,9,86,5,101,60,0,60,161
03/15/2006,ALO,IA,ACE,CE,Combined TRACON& Tower with Radar,3,8,27,2,40,0,0,23,24,47,3,8,50,26,87,2,18,20,107
03/16/2006,ALO,IA,ACE,CE,Combined TRACON& Tower with Radar,1,10,15,0,26,0,0,0,0,0,1,10,15,0,26,0,0,0,26
03/17/2006,ALO,IA,ACE,CE,Combined TRACON& Tower with Radar,3,8,23,0,34,0,0,36,9,45,3,8,59,9,79,58,2,60,139
03/18/2006,ALO,IA,ACE,CE,Combined TRACON& Tower with Radar,1,6,18,0,25,0,0,31,0,31,1,6,49,0,56,64,0,64,120
03/19/2006,ALO,IA,ACE,CE,Combined TRACON& Tower with Radar,0,6,3,0,9,0,0,23,0,23,0,6,26,0,32,0,0,0,32
03/20/2006,ALO,IA,ACE,CE,Combined TRACON& Tower with Radar,1,11,13,0,25,0,0,6,0,6,1,11,19,0,31,0,0,0,31
03/21/2006,ALO,IA,ACE,CE,Combined TRACON& Tower with Radar,4,16,7,0,27,0,0,0,0,0,4,16,7,0,27,14,0,14,41
03/22/2006,ALO,IA,ACE,CE,Combined TRACON& Tower with Radar,1,11,22,3,37,0,0,33,7,40,1,11,55,10,77,114,0,114,191
03/23/2006,ALO,IA,ACE,CE,Combined TRACON& Tower with Radar,1,14,26,0,41,0,0,26,6,32,1,14,52,6,73,14,0,14,87
03/24/2006,ALO,IA,ACE,CE,Combined TRACON& Tower with Radar,1,9,20,0,30,0,0,7,4,11,1,9,27,4,41,0,0,0,41
03/25/2006,ALO,IA,ACE,CE,Combined TRACON& Tower with Radar,1,6,20,0,27,0,0,28,0,28,1,6,48,0,55,20,0,20,75
03/26/2006,ALO,IA,ACE,CE,Combined TRACON& Tower with Radar,0,4,0,0,4,0,0,27,0,27,0,4,27,0,31,36,2,38,69
03/27/2006,ALO,IA,ACE,CE,Combined TRACON& Tower with Radar,1,9,22,0,32,0,0,3,0,3,1,9,25,0,35,0,0,0,35
03/28/2006,ALO,IA,ACE,CE,Combined TRACON& Tower with Radar,1,14,25,2,42,0,0,13,0,13,1,14,38,2,55,2,0,2,57
03/29/2006,ALO,IA,ACE,CE,Combined TRACON& Tower with Radar,1,8,27,0,36,0,0,26,6,32,1,8,53,6,68,18,0,18,86
03/30/2006,ALO,IA,ACE,CE,Combined TRACON& Tower with Radar,1,17,26,0,44,0,0,7,0,7,1,17,33,0,51,42,0,42,93
03/31/2006,ALO,IA,ACE,CE,Combined TRACON& Tower with Radar,1,9,20,0,30,0,0,3,0,3,1,9,23,0,33,0,0,0,33
04/01/2006,ALO,IA,ACE,CE,Combined TRACON& Tower with Radar,1,8,21,0,30,0,0,15,0,15,1,8,36,0,45,36,0,36,81
04/02/2006,ALO,IA,ACE,CE,Combined TRACON& Tower with Radar,0,4,13,0,17,0,0,0,0,0,0,4,13,0,17,0,0,0,17
04/03/2006,ALO,IA,ACE,CE,Combined TRACON& Tower with Radar,1,9,15,0,25,0,0,5,0,5,1,9,20,0,30,0,0,0,30
04/04/2006,ALO,IA,ACE,CE,Combined TRACON& Tower with Radar,1,16,38,3,58,0,0,55,0,55,1,16,93,3,113,82,0,82,195
04/05/2006,ALO,IA,ACE,CE,Combined TRACON& Tower with Radar,1,14,25,3,43,0,0,38,8,46,1,14,63,11,89,50,0,50,139
04/06/2006,ALO,IA,ACE,CE,Combined TRACON& Tower with Radar,1,15,16,2,34,0,0,0,0,0,1,15,16,2,34,0,0,0,34
04/07/2006,ALO,IA,ACE,CE,Combined TRACON& Tower with Radar,1,10,21,0,32,0,0,7,0,7,1,10,28,0,39,0,0,0,39
04/08/2006,ALO,IA,ACE,CE,Combined TRACON& Tower with Radar,0,7,23,0,30,0,0,42,2,44,0,7,65,2,74,10,0,10,84
04/09/2006,ALO,IA,ACE,CE,Combined TRACON& Tower with Radar,0,4,5,0,9,0,0,33,0,33,0,4,38,0,42,56,2,58,100
04/10/2006,ALO,IA,ACE,CE,Combined TRACON& Tower with Radar,1,17,16,2,36,0,0,23,5,28,1,17,39,7,64,32,0,32,96
04/11/2006,ALO,IA,ACE,CE,Combined TRACON& Tower with Radar,1,19,20,0,40,0,0,14,8,22,1,19,34,8,62,28,0,28,90
04/12/2006,ALO,IA,ACE,CE,Combined TRACON& Tower with Radar,1,14,21,3,39,0,0,37,15,52,1,14,58,18,91,76,10,86,177
04/13/2006,ALO,IA,ACE,CE,Combined TRACON& Tower with Radar,1,15,44,5,65,0,1,32,14,47,1,16,76,19,112,56,0,56,168
04/14/2006,ALO,IA,ACE,CE,Combined TRACON& Tower with Radar,1,9,26,1,37,0,0,0,0,0,1,9,26,1,37,72,4,76,113
04/15/2006,ALO,IA,ACE,CE,Combined TRACON& Tower with Radar,1,6,8,0,15,0,0,26,0,26,1,6,34,0,41,26,0,26,67
04/16/2006,ALO,IA,ACE,CE,Combined TRACON& Tower with Radar,0,4,7,0,11,0,0,4,0,4,0,4,11,0,15,0,0,0,15
04/17/2006,ALO,IA,ACE,CE,Combined TRACON& Tower with Radar,1,10,37,0,48,0,0,30,2,32,1,10,67,2,80,88,0,88,168
04/18/2006,ALO,IA,ACE,CE,Combined TRACON& Tower with Radar,1,13,31,0,45,0,0,11,1,12,1,13,42,1,57,2,0,2,59
04/19/2006,ALO,IA,ACE,CE,Combined TRACON& Tower with Radar,1,12,32,2,47,0,0,20,0,20,1,12,52,2,67,38,2,40,107
04/20/2006,ALO,IA,ACE,CE,Combined TRACON& Tower with Radar,1,18,30,1,50,0,0,26,16,42,1,18,56,17,92,14,24,38,130
04/21/2006,ALO,IA,ACE,CE,Combined TRACON& Tower with Radar,1,13,27,0,41,1,0,0,0,1,2,13,27,0,42,45,2,47,89
04/22/2006,ALO,IA,ACE,CE,Combined TRACON& Tower with Radar,1,6,7,0,14,0,0,31,4,35,1,6,38,4,49,42,0,42,91
04/23/2006,ALO,IA,ACE,CE,Combined TRACON& Tower with Radar,1,4,18,1,24,0,0,36,10,46,1,4,54,11,70,18,0,18,88
04/24/2006,ALO,IA,ACE,CE,Combined TRACON& Tower with Radar,1,8,20,0,29,0,0,16,0,16,1,8,36,0,45,2,0,2,47
04/25/2006,ALO,IA,ACE,CE,Combined TRACON& Tower with Radar,1,10,23,0,34,0,0,6,0,6,1,10,29,0,40,2,0,2,42
04/26/2006,ALO,IA,ACE,CE,Combined TRACON& Tower with Radar,1,8,14,4,27,0,0,37,8,45,1,8,51,12,72,2,10,12,84
04/27/2006,ALO,IA,ACE,CE,Combined TRACON& Tower with Radar,1,13,15,4,33,0,0,40,8,48,1,13,55,12,81,116,0,116,197
04/28/2006,ALO,IA,ACE,CE,Combined TRACON& Tower with Radar,1,9,32,0,42,0,0,13,4,17,1,9,45,4,59,30,0,30,89
04/29/2006,ALO,IA,ACE,CE,Combined TRACON& Tower with Radar,1,6,1,2,10,0,0,0,0,0,1,6,1,2,10,0,0,0,10
04/30/2006,ALO,IA,ACE,CE,Combined TRACON& Tower with Radar,0,4,16,0,20,0,0,1,0,1,0,4,17,0,21,0,0,0,21
05/01/2006,ALO,IA,ACE,CE,Combined TRACON& Tower with Radar,1,8,40,0,49,0,0,2,0,2,1,8,42,0,51,10,0,10,61
05/02/2006,ALO,IA,ACE,CE,Combined TRACON& Tower with Radar,1,14,24,7,46,0,0,31,9,40,1,14,55,16,86,42,0,42,128
05/03/2006,ALO,IA,ACE,CE,Combined TRACON& Tower with Radar,1,8,35,3,47,0,0,34,8,42,1,8,69,11,89,10,18,28,117
05/04/2006,ALO,IA,ACE,CE,Combined TRACON& Tower with Radar,1,10,45,1,57,0,0,33,6,39,1,10,78,7,96,26,4,30,126
05/05/2006,ALO,IA,ACE,CE,Combined TRACON& Tower with Radar,1,9,45,0,55,0,0,24,0,24,1,9,69,0,79,12,0,12,91
05/06/2006,ALO,IA,ACE,CE,Combined TRACON& Tower with Radar,1,5,9,1,16,0,0,42,1,43,1,5,51,2,59,74,14,88,147
05/07/2006,ALO,IA,ACE,CE,Combined TRACON& Tower with Radar,1,5,50,0,56,0,0,46,4,50,1,5,96,4,106,30,0,30,136
05/08/2006,ALO,IA,ACE,CE,Combined TRACON& Tower with Radar,1,10,45,0,56,0,0,10,1,11,1,10,55,1,67,56,0,56,123
05/09/2006,ALO,IA,ACE,CE,Combined TRACON& Tower with Radar,1,10,60,4,75,0,0,1,1,2,1,10,61,5,77,0,0,0,77
05/10/2006,ALO,IA,ACE,CE,Combined TRACON& Tower with Radar,1,10,48,8,67,0,0,0,2,2,1,10,48,10,69,32,0,32,101
05/11/2006,ALO,IA,ACE,CE,Combined TRACON& Tower with Radar,1,15,34,0,50,0,0,6,0,6,1,15,40,0,56,0,0,0,56
05/12/2006,ALO,IA,ACE,CE,Combined TRACON& Tower with Radar,1,11,32,0,44,0,0,2,2,4,1,11,34,2,48,0,0,0,48
05/13/2006,ALO,IA,ACE,CE,Combined TRACON& Tower with Radar,1,6,42,1,50,0,0,3,0,3,1,6,45,1,53,22,0,22,75
05/14/2006,ALO,IA,ACE,CE,Combined TRACON& Tower with Radar,1,4,15,2,22,0,0,5,0,5,1,4,20,2,27,0,0,0,27
05/15/2006,ALO,IA,ACE,CE,Combined TRACON& Tower with Radar,1,12,30,1,44,0,0,7,1,8,1,12,37,2,52,72,0,72,124
05/16/2006,ALO,IA,ACE,CE,Combined TRACON& Tower with Radar,1,9,35,5,50,0,0,9,9,18,1,9,44,14,68,22,4,26,94
05/17/2006,ALO,IA,ACE,CE,Combined TRACON& Tower with Radar,1,15,28,2,46,0,0,22,9,31,1,15,50,11,77,32,0,32,109
05/18/2006,ALO,IA,ACE,CE,Combined TRACON& Tower with Radar,2,13,20,5,40,0,0,22,18,40,2,13,42,23,80,36,0,36,116
05/19/2006,ALO,IA,ACE,CE,Combined TRACON& Tower with Radar,1,8,16,1,26,0,0,44,8,52,1,8,60,9,78,38,4,42,120
05/20/2006,ALO,IA,ACE,CE,Combined TRACON& Tower with Radar,1,6,2,2,11,0,0,41,3,44,1,6,43,5,55,38,0,38,93
05/21/2006,ALO,IA,ACE,CE,Combined TRACON& Tower with Radar,1,3,13,8,25,0,0,38,5,43,1,3,51,13,68,18,0,18,86
05/22/2006,ALO,IA,ACE,CE,Combined TRACON& Tower with Radar,1,11,16,0,28,0,0,31,3,34,1,11,47,3,62,36,0,36,98
05/23/2006,ALO,IA,ACE,CE,Combined TRACON& Tower with Radar,1,16,35,5,57,0,0,17,7,24,1,16,52,12,81,20,0,20,101
05/24/2006,ALO,IA,ACE,CE,Combined TRACON& Tower with Radar,1,10,23,9,43,0,0,16,18,34,1,10,39,27,77,46,4,50,127
05/25/2006,ALO,IA,ACE,CE,Combined TRACON& Tower with Radar,1,10,30,0,41,0,0,6,3,9,1,10,36,3,50,0,0,0,50
05/26/2006,ALO,IA,ACE,CE,Combined TRACON& Tower with Radar,1,8,28,0,37,0,0,55,2,57,1,8,83,2,94,66,0,66,160
05/27/2006,ALO,IA,ACE,CE,Combined TRACON& Tower with Radar,1,6,26,0,33,0,0,16,0,16,1,6,42,0,49,24,0,24,73
05/28/2006,ALO,IA,ACE,CE,Combined TRACON& Tower with Radar,1,4,1,0,6,0,0,16,0,16,1,4,17,0,22,0,0,0,22
05/29/2006,ALO,IA,ACE,CE,Combined TRACON& Tower with Radar,1,8,11,0,20,0,0,22,2,24,1,8,33,2,44,10,0,10,54
05/30/2006,ALO,IA,ACE,CE,Combined TRACON& Tower with Radar,1,9,35,0,45,0,0,11,0,11,1,9,46,0,56,32,0,32,88
05/31/2006,ALO,IA,ACE,CE,Combined TRACON& Tower with Radar,1,8,36,4,49,0,0,56,4,60,1,8,92,8,109,70,0,70,179
06/01/2006,ALO,IA,ACE,CE,Combined TRACON& Tower with Radar,1,12,42,8,63,0,0,39,17,56,1,12,81,25,119,52,0,52,171
06/02/2006,ALO,IA,ACE,CE,Combined TRACON& Tower with Radar,1,9,25,6,41,0,0,33,3,36,1,9,58,9,77,78,0,78,155
06/03/2006,ALO,IA,ACE,CE,Combined TRACON& Tower with Radar,1,6,10,0,17,0,0,40,0,40,1,6,50,0,57,12,0,12,69
06/04/2006,ALO,IA,ACE,CE,Combined TRACON& Tower with Radar,1,5,9,2,17,0,0,26,0,26,1,5,35,2,43,60,0,60,103
06/05/2006,ALO,IA,ACE,CE,Combined TRACON& Tower with Radar,1,8,16,0,25,0,0,20,0,20,1,8,36,0,45,12,0,12,57
06/06/2006,ALO,IA,ACE,CE,Combined TRACON& Tower with Radar,1,12,23,6,42,0,0,12,1,13,1,12,35,7,55,0,0,0,55
06/07/2006,ALO,IA,ACE,CE,Combined TRACON& Tower with Radar,1,17,28,0,46,0,0,29,3,32,1,17,57,3,78,58,0,58,136
06/08/2006,ALO,IA,ACE,CE,Combined TRACON& Tower with Radar,1,11,42,1,55,0,0,47,11,58,1,11,89,12,113,24,0,24,137
06/09/2006,ALO,IA,ACE,CE,Combined TRACON& Tower with Radar,1,12,14,0,27,0,0,0,0,0,1,12,14,0,27,18,28,46,73
06/10/2006,ALO,IA,ACE,CE,Combined TRACON& Tower with Radar,1,6,14,0,21,0,0,3,5,8,1,6,17,5,29,0,0,0,29
06/11/2006,ALO,IA,ACE,CE,Combined TRACON& Tower with Radar,1,4,19,2,26,0,0,20,13,33,1,4,39,15,59,36,4,40,99
06/12/2006,ALO,IA,ACE,CE,Combined TRACON& Tower with Radar,1,12,29,0,42,0,0,35,2,37,1,12,64,2,79,44,0,44,123
06/13/2006,ALO,IA,ACE,CE,Combined TRACON& Tower with Radar,1,19,22,0,42,0,0,47,4,51,1,19,69,4,93,90,0,90,183
06/14/2006,ALO,IA,ACE,CE,Combined TRACON& Tower with Radar,1,10,20,0,31,0,0,8,2,10,1,10,28,2,41,12,0,12,53
06/15/2006,ALO,IA,ACE,CE,Combined TRACON& Tower with Radar,1,12,27,0,40,0,0,18,2,20,1,12,45,2,60,10,0,10,70
06/16/2006,ALO,IA,ACE,CE,Combined TRACON& Tower with Radar,1,8,11,2,22,0,0,25,5,30,1,8,36,7,52,22,0,22,74
06/17/2006,ALO,IA,ACE,CE,Combined TRACON& Tower with Radar,1,6,22,0,29,0,0,14,0,14,1,6,36,0,43,10,0,10,53
06/18/2006,ALO,IA,ACE,CE,Combined TRACON& Tower with Radar,1,6,14,0,21,0,0,30,0,30,1,6,44,0,51,64,0,64,115
06/19/2006,ALO,IA,ACE,CE,Combined TRACON& Tower with Radar,1,10,29,6,46,0,0,26,10,36,1,10,55,16,82,20,4,24,106
06/20/2006,ALO,IA,ACE,CE,Combined TRACON& Tower with Radar,1,14,33,6,54,0,0,8,3,11,1,14,41,9,65,22,0,22,87
06/21/2006,ALO,IA,ACE,CE,Combined TRACON& Tower with Radar,1,8,21,2,32,0,0,17,10,27,1,8,38,12,59,36,0,36,95
06/22/2006,ALO,IA,ACE,CE,Combined TRACON& Tower with Radar,1,18,16,6,41,0,0,40,15,55,1,18,56,21,96,60,6,66,162
06/23/2006,ALO,IA,ACE,CE,Combined TRACON& Tower with Radar,1,15,33,2,51,0,0,30,0,30,1,15,63,2,81,16,0,16,97
06/24/2006,ALO,IA,ACE,CE,Combined TRACON& Tower with Radar,1,4,13,0,18,0,0,23,0,23,1,4,36,0,41,56,0,56,97
06/25/2006,ALO,IA,ACE,CE,Combined TRACON& Tower with Radar,1,6,19,0,26,0,0,3,0,3,1,6,22,0,29,8,0,8,37
06/26/2006,ALO,IA,ACE,CE,Combined TRACON& Tower with Radar,1,9,36,0,46,0,0,26,3,29,1,9,62,3,75,52,0,52,127
06/27/2006,ALO,IA,ACE,CE,Combined TRACON& Tower with Radar,1,15,36,0,52,0,0,37,4,41,1,15,73,4,93,70,0,70,163
06/28/2006,ALO,IA,ACE,CE,Combined TRACON& Tower with Radar,1,14,37,2,54,0,0,45,20,65,1,14,82,22,119,12,0,12,131
06/29/2006,ALO,IA,ACE,CE,Combined TRACON& Tower with Radar,1,12,50,0,63,0,0,46,14,60,1,12,96,14,123,30,14,44,167
06/30/2006,ALO,IA,ACE,CE,Combined TRACON& Tower with Radar,0,9,30,0,39,0,0,31,2,33,0,9,61,2,72,8,4,12,84
07/01/2006,ALO,IA,ACE,CE,Combined TRACON& Tower with Radar,1,6,14,0,21,0,0,24,0,24,1,6,38,0,45,2,0,2,47
07/02/2006,ALO,IA,ACE,CE,Combined TRACON& Tower with Radar,1,5,9,0,15,0,0,34,0,34,1,5,43,0,49,10,0,10,59
07/03/2006,ALO,IA,ACE,CE,Combined TRACON& Tower with Radar,0,8,27,0,35,0,0,4,0,4,0,8,31,0,39,2,0,2,41
07/04/2006,ALO,IA,ACE,CE,Combined TRACON& Tower with Radar,1,6,27,8,42,0,0,32,8,40,1,6,59,16,82,52,6,58,140
07/05/2006,ALO,IA,ACE,CE,Combined TRACON& Tower with Radar,1,8,71,0,80,0,0,42,11,53,1,8,113,11,133,42,0,42,175
07/06/2006,ALO,IA,ACE,CE,Combined TRACON& Tower with Radar,1,10,55,6,72,0,0,41,18,59,1,10,96,24,131,48,6,54,185
07/07/2006,ALO,IA,ACE,CE,Combined TRACON& Tower with Radar,1,10,42,1,54,0,0,0,0,0,1,10,42,1,54,72,4,76,130
07/08/2006,ALO,IA,ACE,CE,Combined TRACON& Tower with Radar,1,4,16,0,21,0,0,0,0,0,1,4,16,0,21,34,0,34,55
07/09/2006,ALO,IA,ACE,CE,Combined TRACON& Tower with Radar,1,4,11,1,17,0,0,32,3,35,1,4,43,4,52,38,0,38,90
07/10/2006,ALO,IA,ACE,CE,Combined TRACON& Tower with Radar,1,9,25,2,37,0,0,18,4,22,1,9,43,6,59,38,6,44,103
07/11/2006,ALO,IA,ACE,CE,Combined TRACON& Tower with Radar,1,13,63,0,77,0,0,0,0,0,1,13,63,0,77,0,0,0,77
07/12/2006,ALO,IA,ACE,CE,Combined TRACON& Tower with Radar,1,14,64,2,81,0,0,1,0,1,1,14,65,2,82,10,4,14,96
07/13/2006,ALO,IA,ACE,CE,Combined TRACON& Tower with Radar,1,15,54,0,70,0,18,14,4,36,1,33,68,4,106,38,0,38,144
07/14/2006,ALO,IA,ACE,CE,Combined TRACON& Tower with Radar,1,12,40,6,59,0,0,40,8,48,1,12,80,14,107,8,0,8,115
07/15/2006,ALO,IA,ACE,CE,Combined TRACON& Tower with Radar,1,9,21,2,33,0,0,22,5,27,1,9,43,7,60,20,6,26,86
07/16/2006,ALO,IA,ACE,CE,Combined TRACON& Tower with Radar,1,4,23,0,28,0,0,0,0,0,1,4,23,0,28,22,0,22,50
07/17/2006,ALO,IA,ACE,CE,Combined TRACON& Tower with Radar,1,10,41,0,52,0,0,17,4,21,1,10,58,4,73,52,0,52,125
07/18/2006,ALO,IA,ACE,CE,Combined TRACON& Tower with Radar,1,12,46,0,59,0,0,45,4,49,1,12,91,4,108,26,0,26,134
07/19/2006,ALO,IA,ACE,CE,Combined TRACON& Tower with Radar,1,17,28,0,46,0,0,4,2,6,1,17,32,2,52,8,0,8,60
07/20/2006,ALO,IA,ACE,CE,Combined TRACON& Tower with Radar,1,12,44,0,57,0,0,38,11,49,1,12,82,11,106,60,4,64,170
07/21/2006,ALO,IA,ACE,CE,Combined TRACON& Tower with Radar,1,10,38,4,53,0,0,19,3,22,1,10,57,7,75,6,0,6,81
07/22/2006,ALO,IA,ACE,CE,Combined TRACON& Tower with Radar,1,7,21,0,29,0,0,41,0,41,1,7,62,0,70,10,0,10,80
07/23/2006,ALO,IA,ACE,CE,Combined TRACON& Tower with Radar,1,6,7,1,15,0,0,39,7,46,1,6,46,8,61,0,0,0,61
07/24/2006,ALO,IA,ACE,CE,Combined TRACON& Tower with Radar,1,9,28,0,38,0,0,32,0,32,1,9,60,0,70,14,0,14,84
07/25/2006,ALO,IA,ACE,CE,Combined TRACON& Tower with Radar,1,14,26,0,41,0,0,31,0,31,1,14,57,0,72,34,0,34,106
07/26/2006,ALO,IA,ACE,CE,Combined TRACON& Tower with Radar,1,13,41,1,56,0,0,64,6,70,1,13,105,7,126,22,0,22,148
07/27/2006,ALO,IA,ACE,CE,Combined TRACON& Tower with Radar,2,16,39,0,57,0,0,31,9,40,2,16,70,9,97,34,2,36,133
07/28/2006,ALO,IA,ACE,CE,Combined TRACON& Tower with Radar,1,8,35,0,44,0,0,42,6,48,1,8,77,6,92,36,22,58,150
07/29/2006,ALO,IA,ACE,CE,Combined TRACON& Tower with Radar,1,6,14,0,21,0,0,24,0,24,1,6,38,0,45,8,0,8,53
07/30/2006,ALO,IA,ACE,CE,Combined TRACON& Tower with Radar,1,6,26,0,33,0,0,46,2,48,1,6,72,2,81,50,2,52,133
07/31/2006,ALO,IA,ACE,CE,Combined TRACON& Tower with Radar,1,8,16,0,25,0,0,30,5,35,1,8,46,5,60,18,0,18,78
08/01/2006,ALO,IA,ACE,CE,Combined TRACON& Tower with Radar,1,8,15,0,24,0,0,11,4,15,1,8,26,4,39,28,0,28,67
08/02/2006,ALO,IA,ACE,CE,Combined TRACON& Tower with Radar,1,9,37,2,49,0,0,35,12,47,1,9,72,14,96,52,0,52,148
08/03/2006,ALO,IA,ACE,CE,Combined TRACON& Tower with Radar,1,8,28,0,37,0,0,48,5,53,1,8,76,5,90,28,0,28,118
08/04/2006,ALO,IA,ACE,CE,Combined TRACON& Tower with Radar,1,8,33,1,43,0,0,41,7,48,1,8,74,8,91,18,6,24,115
08/05/2006,ALO,IA,ACE,CE,Combined TRACON& Tower with Radar,1,6,5,0,12,0,0,6,4,10,1,6,11,4,22,0,0,0,22
08/06/2006,ALO,IA,ACE,CE,Combined TRACON& Tower with Radar,1,4,19,0,24,0,0,20,4,24,1,4,39,4,48,12,10,22,70
08/07/2006,ALO,IA,ACE,CE,Combined TRACON& Tower with Radar,1,8,19,0,28,0,0,28,4,32,1,8,47,4,60,44,0,44,104
08/08/2006,ALO,IA,ACE,CE,Combined TRACON& Tower with Radar,1,8,37,0,46,0,0,26,7,33,1,8,63,7,79,68,0,68,147
08/09/2006,ALO,IA,ACE,CE,Combined TRACON& Tower with Radar,1,8,24,2,35,0,0,28,10,38,1,8,52,12,73,38,0,38,111
08/10/2006,ALO,IA,ACE,CE,Combined TRACON& Tower with Radar,1,10,17,0,28,0,0,5,5,10,1,10,22,5,38,4,0,4,42
08/11/2006,ALO,IA,ACE,CE,Combined TRACON& Tower with Radar,1,9,27,0,37,0,0,8,6,14,1,9,35,6,51,6,0,6,57
08/12/2006,ALO,IA,ACE,CE,Combined TRACON& Tower with Radar,1,6,13,0,20,0,0,37,1,38,1,6,50,1,58,24,12,36,94
08/13/2006,ALO,IA,ACE,CE,Combined TRACON& Tower with Radar,1,5,20,0,26,0,0,16,1,17,1,5,36,1,43,20,8,28,71
08/14/2006,ALO,IA,ACE,CE,Combined TRACON& Tower with Radar,1,9,29,1,40,0,0,54,0,54,1,9,83,1,94,102,0,102,196
08/15/2006,ALO,IA,ACE,CE,Combined TRACON& Tower with Radar,1,12,30,0,43,0,0,39,10,49,1,12,69,10,92,96,0,96,188
08/16/2006,ALO,IA,ACE,CE,Combined TRACON& Tower with Radar,1,10,29,6,46,0,0,51,11,62,1,10,80,17,108,98,4,102,210
08/17/2006,ALO,IA,ACE,CE,Combined TRACON& Tower with Radar,1,13,34,2,50,0,1,4,0,5,1,14,38,2,55,28,0,28,83
08/18/2006,ALO,IA,ACE,CE,Combined TRACON& Tower with Radar,1,9,12,20,42,0,0,1,0,1,1,9,13,20,43,0,0,0,43
08/19/2006,ALO,IA,ACE,CE,Combined TRACON& Tower with Radar,1,8,14,14,37,0,0,7,1,8,1,8,21,15,45,4,0,4,49
08/20/2006,ALO,IA,ACE,CE,Combined TRACON& Tower with Radar,1,4,10,5,20,0,0,32,7,39,1,4,42,12,59,40,0,40,99
08/21/2006,ALO,IA,ACE,CE,Combined TRACON& Tower with Radar,1,12,19,0,32,0,0,22,6,28,1,12,41,6,60,52,0,52,112
08/22/2006,ALO,IA,ACE,CE,Combined TRACON& Tower with Radar,1,14,33,0,48,0,0,35,5,40,1,14,68,5,88,108,6,114,202
08/23/2006,ALO,IA,ACE,CE,Combined TRACON& Tower with Radar,1,10,24,0,35,0,0,26,4,30,1,10,50,4,65,64,2,66,131
08/24/2006,ALO,IA,ACE,CE,Combined TRACON& Tower with Radar,3,13,28,0,44,0,0,32,6,38,3,13,60,6,82,28,0,28,110
08/25/2006,ALO,IA,ACE,CE,Combined TRACON& Tower with Radar,1,14,18,0,33,0,0,12,1,13,1,14,30,1,46,14,0,14,60
08/26/2006,ALO,IA,ACE,CE,Combined TRACON& Tower with Radar,1,5,16,0,22,0,0,3,1,4,1,5,19,1,26,0,0,0,26
08/27/2006,ALO,IA,ACE,CE,Combined TRACON& Tower with Radar,0,4,10,0,14,0,0,2,0,2,0,4,12,0,16,58,0,58,74
08/28/2006,ALO,IA,ACE,CE,Combined TRACON& Tower with Radar,1,8,27,0,36,0,0,16,2,18,1,8,43,2,54,24,0,24,78
08/29/2006,ALO,IA,ACE,CE,Combined TRACON& Tower with Radar,1,9,43,0,53,0,0,21,5,26,1,9,64,5,79,82,0,82,161
08/30/2006,ALO,IA,ACE,CE,Combined TRACON& Tower with Radar,1,12,22,0,35,0,0,35,5,40,1,12,57,5,75,48,0,48,123
08/31/2006,ALO,IA,ACE,CE,Combined TRACON& Tower with Radar,2,12,22,2,38,0,0,52,10,62,2,12,74,12,100,0,63,63,163
09/01/2006,ALO,IA,ACE,CE,Combined TRACON& Tower with Radar,1,10,18,0,29,0,0,0,0,0,1,10,18,0,29,45,0,45,74
09/02/2006,ALO,IA,ACE,CE,Combined TRACON& Tower with Radar,1,6,14,0,21,0,0,19,0,19,1,6,33,0,40,26,0,26,66
09/03/2006,ALO,IA,ACE,CE,Combined TRACON& Tower with Radar,0,6,14,0,20,0,0,5,0,5,0,6,19,0,25,14,0,14,39
09/04/2006,ALO,IA,ACE,CE,Combined TRACON& Tower with Radar,0,4,11,0,15,0,0,5,0,5,0,4,16,0,20,18,0,18,38
09/05/2006,ALO,IA,ACE,CE,Combined TRACON& Tower with Radar,1,11,31,0,43,0,0,30,4,34,1,11,61,4,77,34,0,34,111
09/06/2006,ALO,IA,ACE,CE,Combined TRACON& Tower with Radar,1,8,32,0,41,0,0,22,11,33,1,8,54,11,74,6,0,6,80
09/07/2006,ALO,IA,ACE,CE,Combined TRACON& Tower with Radar,1,11,35,0,47,0,0,60,17,77,1,11,95,17,124,54,4,58,182
09/08/2006,ALO,IA,ACE,CE,Combined TRACON& Tower with Radar,1,10,22,2,35,0,0,25,6,31,1,10,47,8,66,12,6,18,84
09/09/2006,ALO,IA,ACE,CE,Combined TRACON& Tower with Radar,1,8,13,0,22,0,0,0,0,0,1,8,13,0,22,0,0,0,22
09/10/2006,ALO,IA,ACE,CE,Combined TRACON& Tower with Radar,0,6,21,0,27,0,0,0,0,0,0,6,21,0,27,0,0,0,27
09/11/2006,ALO,IA,ACE,CE,Combined TRACON& Tower with Radar,1,13,21,0,35,0,0,0,0,0,1,13,21,0,35,0,0,0,35
09/12/2006,ALO,IA,ACE,CE,Combined TRACON& Tower with Radar,1,19,26,0,46,0,0,5,1,6,1,19,31,1,52,28,20,48,100
09/13/2006,ALO,IA,ACE,CE,Combined TRACON& Tower with Radar,1,10,29,0,40,0,0,45,18,63,1,10,74,18,103,64,6,70,173
09/14/2006,ALO,IA,ACE,CE,Combined TRACON& Tower with Radar,1,16,30,1,48,0,0,30,18,48,1,16,60,19,96,44,0,44,140
09/15/2006,ALO,IA,ACE,CE,Combined TRACON& Tower with Radar,1,10,16,1,28,0,0,14,7,21,1,10,30,8,49,2,18,20,69
09/16/2006,ALO,IA,ACE,CE,Combined TRACON& Tower with Radar,1,6,6,0,13,0,0,8,2,10,1,6,14,2,23,0,0,0,23
09/17/2006,ALO,IA,ACE,CE,Combined TRACON& Tower with Radar,0,4,10,0,14,0,0,17,7,24,0,4,27,7,38,24,0,24,62
09/18/2006,ALO,IA,ACE,CE,Combined TRACON& Tower with Radar,1,12,29,0,42,0,0,8,1,9,1,12,37,1,51,0,0,0,51
09/19/2006,ALO,IA,ACE,CE,Combined TRACON& Tower with Radar,1,10,26,2,39,0,0,26,4,30,1,10,52,6,69,44,0,44,113
09/20/2006,ALO,IA,ACE,CE,Combined TRACON& Tower with Radar,1,14,19,0,34,0,0,32,14,46,1,14,51,14,80,24,0,24,104
09/21/2006,ALO,IA,ACE,CE,Combined TRACON& Tower with Radar,1,10,30,0,41,0,0,18,12,30,1,10,48,12,71,26,10,36,107
09/22/2006,ALO,IA,ACE,CE,Combined TRACON& Tower with Radar,1,8,21,2,32,0,0,8,9,17,1,8,29,11,49,10,2,12,61
09/23/2006,ALO,IA,ACE,CE,Combined TRACON& Tower with Radar,1,6,6,0,13,0,0,165,6,171,1,6,171,6,184,22,0,22,206
09/24/2006,ALO,IA,ACE,CE,Combined TRACON& Tower with Radar,0,4,10,0,14,0,0,37,0,37,0,4,47,0,51,38,0,38,89
09/25/2006,ALO,IA,ACE,CE,Combined TRACON& Tower with Radar,1,8,38,6,53,0,0,26,7,33,1,8,64,13,86,10,0,10,96
09/26/2006,ALO,IA,ACE,CE,Combined TRACON& Tower with Radar,1,10,32,0,43,0,0,39,10,49,1,10,71,10,92,58,0,58,150
09/27/2006,ALO,IA,ACE,CE,Combined TRACON& Tower with Radar,1,12,35,0,48,0,0,22,4,26,1,12,57,4,74,34,0,34,108
09/28/2006,ALO,IA,ACE,CE,Combined TRACON& Tower with Radar,1,20,37,0,58,0,0,19,10,29,1,20,56,10,87,14,4,18,105
09/29/2006,ALO,IA,ACE,CE,Combined TRACON& Tower with Radar,1,10,17,0,28,0,0,19,0,19,1,10,36,0,47,16,0,16,63
09/30/2006,ALO,IA,ACE,CE,Combined TRACON& Tower with Radar,1,8,3,0,12,0,0,29,0,29,1,8,32,0,41,16,0,16,57
10/01/2006,ALO,IA,ACE,CE,Combined TRACON& Tower with Radar,0,4,11,0,15,0,0,23,0,23,0,4,34,0,38,26,0,26,64
10/02/2006,ALO,IA,ACE,CE,Combined TRACON& Tower with Radar,1,12,18,0,31,0,0,20,0,20,1,12,38,0,51,20,1,21,72
10/03/2006,ALO,IA,ACE,CE,Combined TRACON& Tower with Radar,1,14,15,0,30,0,0,16,4,20,1,14,31,4,50,14,0,14,64
10/04/2006,ALO,IA,ACE,CE,Combined TRACON& Tower with Radar,3,10,20,0,33,0,0,6,6,12,3,10,26,6,45,6,8,14,59
10/05/2006,ALO,IA,ACE,CE,Combined TRACON& Tower with Radar,1,8,26,0,35,0,0,42,15,57,1,8,68,15,92,50,0,50,142
10/06/2006,ALO,IA,ACE,CE,Combined TRACON& Tower with Radar,3,7,13,0,23,0,0,26,5,31,3,7,39,5,54,2,0,2,56
10/07/2006,ALO,IA,ACE,CE,Combined TRACON& Tower with Radar,5,10,17,0,32,0,0,29,0,29,5,10,46,0,61,32,0,32,93
10/08/2006,ALO,IA,ACE,CE,Combined TRACON& Tower with Radar,2,2,22,0,26,0,0,42,0,42,2,2,64,0,68,2,0,2,70
10/09/2006,ALO,IA,ACE,CE,Combined TRACON& Tower with Radar,1,8,23,0,32,0,0,16,0,16,1,8,39,0,48,18,0,18,66
10/10/2006,ALO,IA,ACE,CE,Combined TRACON& Tower with Radar,1,14,22,2,39,0,0,16,14,30,1,14,38,16,69,8,0,8,77
10/11/2006,ALO,IA,ACE,CE,Combined TRACON& Tower with Radar,1,10,18,0,29,0,0,7,9,16,1,10,25,9,45,0,6,6,51
10/12/2006,ALO,IA,ACE,CE,Combined TRACON& Tower with Radar,1,13,22,0,36,0,0,10,8,18,1,13,32,8,54,0,4,4,58
10/13/2006,ALO,IA,ACE,CE,Combined TRACON& Tower with Radar,1,12,18,2,33,0,0,14,3,17,1,12,32,5,50,4,0,4,54
10/14/2006,ALO,IA,ACE,CE,Combined TRACON& Tower with Radar,3,8,17,0,28,0,0,33,0,33,3,8,50,0,61,0,0,0,61
10/15/2006,ALO,IA,ACE,CE,Combined TRACON& Tower with Radar,0,4,8,0,12,0,0,9,1,10,0,4,17,1,22,0,0,0,22
10/16/2006,ALO,IA,ACE,CE,Combined TRACON& Tower with Radar,3,6,15,0,24,0,0,0,2,2,3,6,15,2,26,0,0,0,26
10/17/2006,ALO,IA,ACE,CE,Combined TRACON& Tower with Radar,2,8,33,1,44,0,0,2,0,2,2,8,35,1,46,0,0,0,46
10/18/2006,ALO,IA,ACE,CE,Combined TRACON& Tower with Radar,1,10,30,0,41,0,0,6,0,6,1,10,36,0,47,0,0,0,47
10/19/2006,ALO,IA,ACE,CE,Combined TRACON& Tower with Radar,1,12,31,2,46,0,0,38,9,47,1,12,69,11,93,72,0,72,165
10/20/2006,ALO,IA,ACE,CE,Combined TRACON& Tower with Radar,3,8,21,0,32,0,0,22,10,32,3,8,43,10,64,8,0,8,72
10/21/2006,ALO,IA,ACE,CE,Combined TRACON& Tower with Radar,1,6,2,0,9,0,0,2,0,2,1,6,4,0,11,0,0,0,11
10/22/2006,ALO,IA,ACE,CE,Combined TRACON& Tower with Radar,0,5,19,0,24,0,0,17,1,18,0,5,36,1,42,22,0,22,64
10/23/2006,ALO,IA,ACE,CE,Combined TRACON& Tower with Radar,1,13,12,0,26,0,0,6,3,9,1,13,18,3,35,2,0,2,37
10/24/2006,ALO,IA,ACE,CE,Combined TRACON& Tower with Radar,1,11,24,5,41,0,0,29,9,38,1,11,53,14,79,50,0,50,129
10/25/2006,ALO,IA,ACE,CE,Combined TRACON& Tower with Radar,1,8,15,2,26,0,0,26,14,40,1,8,41,16,66,12,16,28,94
10/26/2006,ALO,IA,ACE,CE,Combined TRACON& Tower with Radar,5,6,23,0,34,0,0,0,0,0,5,6,23,0,34,0,0,0,34
10/27/2006,ALO,IA,ACE,CE,Combined TRACON& Tower with Radar,3,7,19,0,29,0,0,9,2,11,3,7,28,2,40,8,0,8,48
10/28/2006,ALO,IA,ACE,CE,Combined TRACON& Tower with Radar,1,6,6,7,20,0,0,17,0,17,1,6,23,7,37,0,0,0,37
10/29/2006,ALO,IA,ACE,CE,Combined TRACON& Tower with Radar,0,4,12,0,16,0,0,45,0,45,0,4,57,0,61,44,0,44,105
10/30/2006,ALO,IA,ACE,CE,Combined TRACON& Tower with Radar,1,10,20,0,31,0,0,14,0,14,1,10,34,0,45,4,0,4,49
10/31/2006,ALO,IA,ACE,CE,Combined TRACON& Tower with Radar,1,19,18,1,39,0,0,21,4,25,1,19,39,5,64,4,0,4,68
11/01/2006,ALO,IA,ACE,CE,Combined TRACON& Tower with Radar,1,11,19,1,32,0,0,31,12,43,1,11,50,13,75,20,0,20,95
11/02/2006,ALO,IA,ACE,CE,Combined TRACON& Tower with Radar,3,8,23,0,34,0,0,20,5,25,3,8,43,5,59,8,0,8,67
11/03/2006,ALO,IA,ACE,CE,Combined TRACON& Tower with Radar,4,6,18,0,28,0,0,24,4,28,4,6,42,4,56,22,0,22,78
11/04/2006,ALO,IA,ACE,CE,Combined TRACON& Tower with Radar,2,5,22,0,29,0,0,14,12,26,2,5,36,12,55,8,2,10,65
11/05/2006,ALO,IA,ACE,CE,Combined TRACON& Tower with Radar,1,5,16,0,22,0,0,48,0,48,1,5,64,0,70,44,0,44,114
11/06/2006,ALO,IA,ACE,CE,Combined TRACON& Tower with Radar,1,10,36,0,47,0,0,1,0,1,1,10,37,0,48,0,0,0,48
11/07/2006,ALO,IA,ACE,CE,Combined TRACON& Tower with Radar,1,13,30,0,44,0,0,30,0,30,1,13,60,0,74,46,0,46,120
11/08/2006,ALO,IA,ACE,CE,Combined TRACON& Tower with Radar,1,12,25,8,46,0,0,40,14,54,1,12,65,22,100,0,0,0,100
11/09/2006,ALO,IA,ACE,CE,Combined TRACON& Tower with Radar,1,23,40,0,64,0,0,36,10,46,1,23,76,10,110,6,2,8,118
11/10/2006,ALO,IA,ACE,CE,Combined TRACON& Tower with Radar,3,7,23,0,33,0,0,2,1,3,3,7,25,1,36,14,0,14,50
11/11/2006,ALO,IA,ACE,CE,Combined TRACON& Tower with Radar,4,3,7,0,14,0,0,16,0,16,4,3,23,0,30,2,0,2,32
11/12/2006,ALO,IA,ACE,CE,Combined TRACON& Tower with Radar,1,5,15,0,21,0,0,19,0,19,1,5,34,0,40,4,0,4,44
11/13/2006,ALO,IA,ACE,CE,Combined TRACON& Tower with Radar,1,9,32,0,42,0,0,38,18,56,1,9,70,18,98,46,0,46,144
11/14/2006,ALO,IA,ACE,CE,Combined TRACON& Tower with Radar,1,17,16,3,37,0,0,1,10,11,1,17,17,13,48,0,2,2,50
11/15/2006,ALO,IA,ACE,CE,Combined TRACON& Tower with Radar,2,8,15,0,25,0,0,14,14,28,2,8,29,14,53,32,2,34,87
11/16/2006,ALO,IA,ACE,CE,Combined TRACON& Tower with Radar,1,12,27,2,42,0,0,10,15,25,1,12,37,17,67,12,14,26,93
11/17/2006,ALO,IA,ACE,CE,Combined TRACON& Tower with Radar,3,8,29,1,41,0,0,14,20,34,3,8,43,21,75,16,4,20,95
11/18/2006,ALO,IA,ACE,CE,Combined TRACON& Tower with Radar,1,5,21,2,29,0,0,8,1,9,1,5,29,3,38,0,0,0,38
11/19/2006,ALO,IA,ACE,CE,Combined TRACON& Tower with Radar,1,5,12,2,20,0,0,37,2,39,1,5,49,4,59,94,0,94,153
11/20/2006,ALO,IA,ACE,CE,Combined TRACON& Tower with Radar,3,8,15,0,26,0,0,37,8,45,3,8,52,8,71,36,4,40,111
11/21/2006,ALO,IA,ACE,CE,Combined TRACON& Tower with Radar,1,8,23,0,32,0,0,36,5,41,1,8,59,5,73,22,0,22,95
11/22/2006,ALO,IA,ACE,CE,Combined TRACON& Tower with Radar,1,12,27,0,40,0,0,37,0,37,1,12,64,0,77,30,0,30,107
11/23/2006,ALO,IA,ACE,CE,Combined TRACON& Tower with Radar,1,5,4,0,10,0,0,15,0,15,1,5,19,0,25,18,0,18,43
11/24/2006,ALO,IA,ACE,CE,Combined TRACON& Tower with Radar,2,5,38,0,45,0,0,31,0,31,2,5,69,0,76,9,0,9,85
11/25/2006,ALO,IA,ACE,CE,Combined TRACON& Tower with Radar,1,6,25,0,32,0,1,17,0,18,1,7,42,0,50,14,2,16,66
11/26/2006,ALO,IA,ACE,CE,Combined TRACON& Tower with Radar,1,5,6,0,12,0,0,2,0,2,1,5,8,0,14,0,0,0,14
11/27/2006,ALO,IA,ACE,CE,Combined TRACON& Tower with Radar,3,7,19,0,29,0,0,0,0,0,3,7,19,0,29,0,0,0,29
11/28/2006,ALO,IA,ACE,CE,Combined TRACON& Tower with Radar,1,10,13,0,24,0,0,2,0,2,1,10,15,0,26,0,0,0,26
11/29/2006,ALO,IA,ACE,CE,Combined TRACON& Tower with Radar,1,12,17,0,30,0,0,4,0,4,1,12,21,0,34,0,0,0,34
11/30/2006,ALO,IA,ACE,CE,Combined TRACON& Tower with Radar,1,16,18,0,35,0,0,32,12,44,1,16,50,12,79,26,0,26,105
12/01/2006,ALO,IA,ACE,CE,Combined TRACON& Tower with Radar,1,9,36,0,46,0,0,25,3,28,1,9,61,3,74,28,0,28,102
12/02/2006,ALO,IA,ACE,CE,Combined TRACON& Tower with Radar,1,5,30,0,36,0,0,21,1,22,1,5,51,1,58,12,0,12,70
12/03/2006,ALO,IA,ACE,CE,Combined TRACON& Tower with Radar,0,8,10,0,18,0,0,6,0,6,0,8,16,0,24,20,0,20,44
12/04/2006,ALO,IA,ACE,CE,Combined TRACON& Tower with Radar,3,8,16,0,27,0,0,12,0,12,3,8,28,0,39,30,0,30,69
12/05/2006,ALO,IA,ACE,CE,Combined TRACON& Tower with Radar,5,7,22,0,34,0,0,19,5,24,5,7,41,5,58,52,0,52,110
12/06/2006,ALO,IA,ACE,CE,Combined TRACON& Tower with Radar,5,6,30,2,43,0,0,19,8,27,5,6,49,10,70,36,0,36,106
12/07/2006,ALO,IA,ACE,CE,Combined TRACON& Tower with Radar,0,12,28,7,47,0,0,17,21,38,0,12,45,28,85,22,0,22,107
12/08/2006,ALO,IA,ACE,CE,Combined TRACON& Tower with Radar,1,10,23,2,36,0,0,21,10,31,1,10,44,12,67,30,0,30,97
12/09/2006,ALO,IA,ACE,CE,Combined TRACON& Tower with Radar,1,5,7,0,13,0,0,35,0,35,1,5,42,0,48,78,0,78,126
12/10/2006,ALO,IA,ACE,CE,Combined TRACON& Tower with Radar,0,6,12,0,18,0,0,17,0,17,0,6,29,0,35,28,0,28,63
12/11/2006,ALO,IA,ACE,CE,Combined TRACON& Tower with Radar,0,8,19,0,27,0,0,5,0,5,0,8,24,0,32,16,0,16,48
12/12/2006,ALO,IA,ACE,CE,Combined TRACON& Tower with Radar,1,8,10,0,19,0,0,0,0,0,1,8,10,0,19,0,0,0,19
12/13/2006,ALO,IA,ACE,CE,Combined TRACON& Tower with Radar,3,9,27,1,40,0,0,12,4,16,3,9,39,5,56,14,0,14,70
12/14/2006,ALO,IA,ACE,CE,Combined TRACON& Tower with Radar,2,6,43,1,52,0,0,26,15,41,2,6,69,16,93,28,0,28,121
12/15/2006,ALO,IA,ACE,CE,Combined TRACON& Tower with Radar,1,8,35,0,44,0,0,26,0,26,1,8,61,0,70,34,0,34,104
12/16/2006,ALO,IA,ACE,CE,Combined TRACON& Tower with Radar,1,5,21,0,27,0,0,2,0,2,1,5,23,0,29,0,0,0,29
12/17/2006,ALO,IA,ACE,CE,Combined TRACON& Tower with Radar,0,6,15,0,21,0,0,20,0,20,0,6,35,0,41,66,0,66,107
12/18/2006,ALO,IA,ACE,CE,Combined TRACON& Tower with Radar,1,10,35,0,46,0,0,22,6,28,1,10,57,6,74,18,0,18,92
12/19/2006,ALO,IA,ACE,CE,Combined TRACON& Tower with Radar,1,14,26,14,55,0,0,42,4,46,1,14,68,18,101,70,0,70,171
12/20/2006,ALO,IA,ACE,CE,Combined TRACON& Tower with Radar,0,26,28,1,55,0,0,16,0,16,0,26,44,1,71,0,0,0,71
12/21/2006,ALO,IA,ACE,CE,Combined TRACON& Tower with Radar,0,11,25,0,36,0,0,0,0,0,0,11,25,0,36,10,0,10,46
12/22/2006,ALO,IA,ACE,CE,Combined TRACON& Tower with Radar,0,13,13,0,26,0,0,0,0,0,0,13,13,0,26,0,0,0,26
12/23/2006,ALO,IA,ACE,CE,Combined TRACON& Tower with Radar,0,6,17,0,23,0,0,7,0,7,0,6,24,0,30,4,0,4,34
12/24/2006,ALO,IA,ACE,CE,Combined TRACON& Tower with Radar,0,6,1,0,7,0,0,19,0,19,0,6,20,0,26,10,0,10,36
12/25/2006,ALO,IA,ACE,CE,Combined TRACON& Tower with Radar,0,7,10,0,17,0,0,4,0,4,0,7,14,0,21,8,0,8,29
12/26/2006,ALO,IA,ACE,CE,Combined TRACON& Tower with Radar,0,10,21,0,31,0,0,25,0,25,0,10,46,0,56,6,0,6,62
12/27/2006,ALO,IA,ACE,CE,Combined TRACON& Tower with Radar,0,8,21,2,31,0,0,22,5,27,0,8,43,7,58,20,0,20,78
12/28/2006,ALO,IA,ACE,CE,Combined TRACON& Tower with Radar,0,11,22,1,34,0,0,22,0,22,0,11,44,1,56,42,0,42,98
12/29/2006,ALO,IA,ACE,CE,Combined TRACON& Tower with Radar,0,9,8,0,17,0,0,11,1,12,0,9,19,1,29,26,0,26,55
12/30/2006,ALO,IA,ACE,CE,Combined TRACON& Tower with Radar,0,6,14,0,20,0,0,0,0,0,0,6,14,0,20,0,0,0,20
12/31/2006,ALO,IA,ACE,CE,Combined TRACON& Tower with Radar,0,6,21,0,27,0,2,0,0,2,0,8,21,0,29,0,0,0,29
01/01/2007,ALO,IA,ACE,CE,Combined TRACON& Tower with Radar,0,6,4,0,10,0,0,13,0,13,0,6,17,0,23,4,0,4,27
01/02/2007,ALO,IA,ACE,CE,Combined TRACON& Tower with Radar,0,9,27,0,36,0,0,28,0,28,0,9,55,0,64,58,0,58,122
01/03/2007,ALO,IA,ACE,CE,Combined TRACON& Tower with Radar,3,9,16,3,31,0,0,23,11,34,3,9,39,14,65,30,0,30,95
01/04/2007,ALO,IA,ACE,CE,Combined TRACON& Tower with Radar,3,14,17,4,38,0,0,15,6,21,3,14,32,10,59,18,6,24,83
01/05/2007,ALO,IA,ACE,CE,Combined TRACON& Tower with Radar,3,17,39,4,63,0,0,5,2,7,3,17,44,6,70,32,0,32,102
01/06/2007,ALO,IA,ACE,CE,Combined TRACON& Tower with Radar,3,5,13,0,21,0,0,39,0,39,3,5,52,0,60,28,0,28,88
01/07/2007,ALO,IA,ACE,CE,Combined TRACON& Tower with Radar,0,5,5,0,10,0,0,6,0,6,0,5,11,0,16,6,0,6,22
01/08/2007,ALO,IA,ACE,CE,Combined TRACON& Tower with Radar,1,13,38,0,52,0,0,12,0,12,1,13,50,0,64,16,0,16,80
01/09/2007,ALO,IA,ACE,CE,Combined TRACON& Tower with Radar,1,9,17,2,29,0,0,20,8,28,1,9,37,10,57,18,0,18,75
01/10/2007,ALO,IA,ACE,CE,Combined TRACON& Tower with Radar,1,12,23,4,40,0,0,14,14,28,1,12,37,18,68,42,12,54,122
01/11/2007,ALO,IA,ACE,CE,Combined TRACON& Tower with Radar,1,12,36,5,54,0,0,20,13,33,1,12,56,18,87,16,0,16,103
01/12/2007,ALO,IA,ACE,CE,Combined TRACON& Tower with Radar,1,16,17,0,34,0,0,3,6,9,1,16,20,6,43,0,0,0,43
01/13/2007,ALO,IA,ACE,CE,Combined TRACON& Tower with Radar,1,5,11,0,17,0,0,0,0,0,1,5,11,0,17,0,0,0,17
01/14/2007,ALO,IA,ACE,CE,Combined TRACON& Tower with Radar,1,5,11,0,17,0,0,0,0,0,1,5,11,0,17,0,0,0,17
01/15/2007,ALO,IA,ACE,CE,Combined TRACON& Tower with Radar,1,10,14,0,25,0,0,4,0,4,1,10,18,0,29,0,0,0,29
01/16/2007,ALO,IA,ACE,CE,Combined TRACON& Tower with Radar,1,8,33,2,44,0,0,29,0,29,1,8,62,2,73,22,0,22,95
01/17/2007,ALO,IA,ACE,CE,Combined TRACON& Tower with Radar,1,8,35,9,53,0,0,20,8,28,1,8,55,17,81,58,10,68,149
01/18/2007,ALO,IA,ACE,CE,Combined TRACON& Tower with Radar,1,11,33,0,45,0,0,1,3,4,1,11,34,3,49,0,6,6,55
01/19/2007,ALO,IA,ACE,CE,Combined TRACON& Tower with Radar,1,16,22,9,48,0,0,34,9,43,1,16,56,18,91,26,6,32,123
01/20/2007,ALO,IA,ACE,CE,Combined TRACON& Tower with Radar,1,5,16,1,23,0,0,25,12,37,1,5,41,13,60,50,0,50,110
01/21/2007,ALO,IA,ACE,CE,Combined TRACON& Tower with Radar,1,5,2,0,8,0,0,0,0,0,1,5,2,0,8,0,0,0,8
01/22/2007,ALO,IA,ACE,CE,Combined TRACON& Tower with Radar,1,8,23,2,34,0,0,2,0,2,1,8,25,2,36,0,0,0,36
01/23/2007,ALO,IA,ACE,CE,Combined TRACON& Tower with Radar,1,12,37,6,56,0,0,20,8,28,1,12,57,14,84,6,0,6,90
01/24/2007,ALO,IA,ACE,CE,Combined TRACON& Tower with Radar,1,11,30,3,45,0,0,5,7,12,1,11,35,10,57,14,4,18,75
01/25/2007,ALO,IA,ACE,CE,Combined TRACON& Tower with Radar,1,12,16,2,31,0,0,6,9,15,1,12,22,11,46,64,0,64,110
01/26/2007,ALO,IA,ACE,CE,Combined TRACON& Tower with Radar,1,8,22,0,31,0,0,24,7,31,1,8,46,7,62,28,6,34,96
01/27/2007,ALO,IA,ACE,CE,Combined TRACON& Tower with Radar,1,5,0,0,6,0,0,13,0,13,1,5,13,0,19,6,0,6,25
01/28/2007,ALO,IA,ACE,CE,Combined TRACON& Tower with Radar,1,5,11,0,17,0,0,10,1,11,1,5,21,1,28,0,0,0,28
01/29/2007,ALO,IA,ACE,CE,Combined TRACON& Tower with Radar,1,10,19,0,30,0,0,0,2,2,1,10,19,2,32,0,0,0,32
01/30/2007,ALO,IA,ACE,CE,Combined TRACON& Tower with Radar,1,8,24,5,38,0,0,11,7,18,1,8,35,12,56,22,2,24,80
01/31/2007,ALO,IA,ACE,CE,Combined TRACON& Tower with Radar,1,10,39,9,59,0,0,11,2,13,1,10,50,11,72,2,0,2,74
02/01/2007,ALO,IA,ACE,CE,Combined TRACON& Tower with Radar,1,15,23,0,39,0,0,37,10,47,1,15,60,10,86,44,6,50,136
02/02/2007,ALO,IA,ACE,CE,Combined TRACON& Tower with Radar,4,8,25,0,37,0,0,23,2,25,4,8,48,2,62,0,6,6,68
02/03/2007,ALO,IA,ACE,CE,Combined TRACON& Tower with Radar,1,4,11,0,16,0,0,7,0,7,1,4,18,0,23,0,0,0,23
02/04/2007,ALO,IA,ACE,CE,Combined TRACON& Tower with Radar,1,4,10,0,15,0,0,5,0,5,1,4,15,0,20,0,0,0,20
02/05/2007,ALO,IA,ACE,CE,Combined TRACON& Tower with Radar,1,8,16,0,25,0,0,14,0,14,1,8,30,0,39,2,0,2,41
02/06/2007,ALO,IA,ACE,CE,Combined TRACON& Tower with Radar,1,11,19,0,31,0,0,1,0,1,1,11,20,0,32,0,0,0,32
02/07/2007,ALO,IA,ACE,CE,Combined TRACON& Tower with Radar,1,17,23,0,41,0,0,26,5,31,1,17,49,5,72,12,0,12,84
02/08/2007,ALO,IA,ACE,CE,Combined TRACON& Tower with Radar,0,8,40,0,48,0,0,33,10,43,0,8,73,10,91,52,0,52,143
02/09/2007,ALO,IA,ACE,CE,Combined TRACON& Tower with Radar,1,12,30,1,44,0,0,23,23,46,1,12,53,24,90,0,6,6,96
02/10/2007,ALO,IA,ACE,CE,Combined TRACON& Tower with Radar,4,7,4,0,15,0,0,22,9,31,4,7,26,9,46,36,14,50,96
02/11/2007,ALO,IA,ACE,CE,Combined TRACON& Tower with Radar,1,5,10,0,16,0,0,7,3,10,1,5,17,3,26,0,0,0,26
02/12/2007,ALO,IA,ACE,CE,Combined TRACON& Tower with Radar,0,8,9,0,17,0,0,2,0,2,0,8,11,0,19,0,0,0,19
02/13/2007,ALO,IA,ACE,CE,Combined TRACON& Tower with Radar,1,6,11,0,18,0,0,1,4,5,1,6,12,4,23,0,0,0,23
02/14/2007,ALO,IA,ACE,CE,Combined TRACON& Tower with Radar,3,10,30,1,44,0,0,15,3,18,3,10,45,4,62,8,0,8,70
02/15/2007,ALO,IA,ACE,CE,Combined TRACON& Tower with Radar,1,17,32,1,51,0,0,26,9,35,1,17,58,10,86,20,0,20,106
02/16/2007,ALO,IA,ACE,CE,Combined TRACON& Tower with Radar,5,21,19,0,45,0,0,18,0,18,5,21,37,0,63,0,0,0,63
02/17/2007,ALO,IA,ACE,CE,Combined TRACON& Tower with Radar,2,8,12,0,22,0,0,16,0,16,2,8,28,0,38,18,0,18,56
02/18/2007,ALO,IA,ACE,CE,Combined TRACON& Tower with Radar,0,6,16,0,22,0,0,24,0,24,0,6,40,0,46,24,0,24,70
02/19/2007,ALO,IA,ACE,CE,Combined TRACON& Tower with Radar,1,8,27,0,36,0,0,21,0,21,1,8,48,0,57,30,0,30,87
02/20/2007,ALO,IA,ACE,CE,Combined TRACON& Tower with Radar,3,14,26,1,44,0,0,19,4,23,3,14,45,5,67,32,0,32,99
02/21/2007,ALO,IA,ACE,CE,Combined TRACON& Tower with Radar,1,10,32,5,48,0,0,34,8,42,1,10,66,13,90,32,2,34,124
02/22/2007,ALO,IA,ACE,CE,Combined TRACON& Tower with Radar,0,16,29,1,46,0,0,26,3,29,0,16,55,4,75,28,0,28,103
02/23/2007,ALO,IA,ACE,CE,Combined TRACON& Tower with Radar,1,12,15,1,29,0,0,16,1,17,1,12,31,2,46,0,6,6,52
02/24/2007,ALO,IA,ACE,CE,Combined TRACON& Tower with Radar,0,0,0,0,0,0,0,0,0,0,0,0,0,0,0,0,0,0,0
02/25/2007,ALO,IA,ACE,CE,Combined TRACON& Tower with Radar,0,0,11,0,11,0,0,0,0,0,0,0,11,0,11,0,0,0,11
02/26/2007,ALO,IA,ACE,CE,Combined TRACON& Tower with Radar,0,8,16,0,24,0,0,3,2,5,0,8,19,2,29,0,0,0,29
02/27/2007,ALO,IA,ACE,CE,Combined TRACON& Tower with Radar,1,16,18,0,35,0,0,10,3,13,1,16,28,3,48,8,0,8,56
02/28/2007,ALO,IA,ACE,CE,Combined TRACON& Tower with Radar,1,14,34,2,51,0,0,3,0,3,1,14,37,2,54,0,0,0,54
03/01/2007,ALO,IA,ACE,CE,Combined TRACON& Tower with Radar,0,4,10,0,14,0,0,0,0,0,0,4,10,0,14,0,0,0,14
03/02/2007,ALO,IA,ACE,CE,Combined TRACON& Tower with Radar,1,6,11,0,18,0,0,5,0,5,1,6,16,0,23,0,0,0,23
03/03/2007,ALO,IA,ACE,CE,Combined TRACON& Tower with Radar,1,5,18,0,24,0,0,10,1,11,1,5,28,1,35,0,0,0,35
03/04/2007,ALO,IA,ACE,CE,Combined TRACON& Tower with Radar,0,5,14,0,19,0,0,24,0,24,0,5,38,0,43,20,0,20,63
03/05/2007,ALO,IA,ACE,CE,Combined TRACON& Tower with Radar,0,12,23,0,35,0,0,22,1,23,0,12,45,1,58,6,0,6,64
03/06/2007,ALO,IA,ACE,CE,Combined TRACON& Tower with Radar,0,13,40,0,53,0,0,21,0,21,0,13,61,0,74,26,0,26,100
03/07/2007,ALO,IA,ACE,CE,Combined TRACON& Tower with Radar,1,9,24,0,34,0,0,2,21,23,1,9,26,21,57,0,0,0,57
03/08/2007,ALO,IA,ACE,CE,Combined TRACON& Tower with Radar,1,9,41,0,51,0,0,29,14,43,1,9,70,14,94,50,0,50,144
03/09/2007,ALO,IA,ACE,CE,Combined TRACON& Tower with Radar,2,8,20,40,70,0,0,12,0,12,2,8,32,40,82,0,0,0,82
03/10/2007,ALO,IA,ACE,CE,Combined TRACON& Tower with Radar,0,5,16,0,21,0,0,54,0,54,0,5,70,0,75,50,0,50,125
03/11/2007,ALO,IA,ACE,CE,Combined TRACON& Tower with Radar,0,5,15,1,21,0,0,33,3,36,0,5,48,4,57,2,0,2,59
03/12/2007,ALO,IA,ACE,CE,Combined TRACON& Tower with Radar,1,10,39,0,50,0,0,19,7,26,1,10,58,7,76,24,8,32,108
03/13/2007,ALO,IA,ACE,CE,Combined TRACON& Tower with Radar,1,14,37,1,53,0,0,39,6,45,1,14,76,7,98,44,0,44,142
03/14/2007,ALO,IA,ACE,CE,Combined TRACON& Tower with Radar,1,13,32,2,48,0,0,23,8,31,1,13,55,10,79,20,0,20,99
03/15/2007,ALO,IA,ACE,CE,Combined TRACON& Tower with Radar,0,11,16,2,29,0,0,39,13,52,0,11,55,15,81,58,4,62,143
03/16/2007,ALO,IA,ACE,CE,Combined TRACON& Tower with Radar,1,10,22,1,34,0,0,12,12,24,1,10,34,13,58,0,0,0,58
03/17/2007,ALO,IA,ACE,CE,Combined TRACON& Tower with Radar,1,5,11,1,18,0,0,39,4,43,1,5,50,5,61,40,8,48,109
03/18/2007,ALO,IA,ACE,CE,Combined TRACON& Tower with Radar,0,5,16,0,21,0,0,19,12,31,0,5,35,12,52,40,12,52,104
03/19/2007,ALO,IA,ACE,CE,Combined TRACON& Tower with Radar,0,12,30,6,48,0,0,24,12,36,0,12,54,18,84,12,0,12,96
03/20/2007,ALO,IA,ACE,CE,Combined TRACON& Tower with Radar,1,8,18,6,33,0,0,22,0,22,1,8,40,6,55,2,0,2,57
03/21/2007,ALO,IA,ACE,CE,Combined TRACON& Tower with Radar,1,8,23,0,32,0,0,8,0,8,1,8,31,0,40,14,0,14,54
03/22/2007,ALO,IA,ACE,CE,Combined TRACON& Tower with Radar,1,9,33,0,43,0,0,31,10,41,1,9,64,10,84,68,0,68,152
03/23/2007,ALO,IA,ACE,CE,Combined TRACON& Tower with Radar,1,10,45,2,58,0,0,0,6,6,1,10,45,8,64,32,4,36,100
03/24/2007,ALO,IA,ACE,CE,Combined TRACON& Tower with Radar,0,3,2,0,5,0,0,1,0,1,0,3,3,0,6,6,0,6,12
03/25/2007,ALO,IA,ACE,CE,Combined TRACON& Tower with Radar,0,5,20,0,25,0,0,9,0,9,0,5,29,0,34,2,0,2,36
03/26/2007,ALO,IA,ACE,CE,Combined TRACON& Tower with Radar,0,11,35,0,46,0,0,31,1,32,0,11,66,1,78,48,6,54,132
03/27/2007,ALO,IA,ACE,CE,Combined TRACON& Tower with Radar,0,9,27,2,38,0,0,25,2,27,0,9,52,4,65,32,0,32,97
03/28/2007,ALO,IA,ACE,CE,Combined TRACON& Tower with Radar,1,10,40,0,51,0,0,0,0,0,1,10,40,0,51,0,0,0,51
03/29/2007,ALO,IA,ACE,CE,Combined TRACON& Tower with Radar,1,8,35,6,50,0,0,5,2,7,1,8,40,8,57,16,4,20,77
03/30/2007,ALO,IA,ACE,CE,Combined TRACON& Tower with Radar,1,9,8,0,18,0,0,0,0,0,1,9,8,0,18,0,0,0,18
03/31/2007,ALO,IA,ACE,CE,Combined TRACON& Tower with Radar,1,5,9,1,16,0,0,1,0,1,1,5,10,1,17,4,0,4,21
04/01/2007,ALO,IA,ACE,CE,Combined TRACON& Tower with Radar,0,6,10,0,16,0,0,2,0,2,0,6,12,0,18,0,0,0,18
04/02/2007,ALO,IA,ACE,CE,Combined TRACON& Tower with Radar,1,8,36,0,45,0,0,43,1,44,1,8,79,1,89,94,0,94,183
04/03/2007,ALO,IA,ACE,CE,Combined TRACON& Tower with Radar,1,13,26,2,42,0,0,2,1,3,1,13,28,3,45,0,0,0,45
04/04/2007,ALO,IA,ACE,CE,Combined TRACON& Tower with Radar,1,14,33,2,50,0,0,4,1,5,1,14,37,3,55,0,0,0,55
04/05/2007,ALO,IA,ACE,CE,Combined TRACON& Tower with Radar,1,12,18,3,34,0,0,54,10,64,1,12,72,13,98,34,6,40,138
04/06/2007,ALO,IA,ACE,CE,Combined TRACON& Tower with Radar,1,9,16,1,27,0,0,15,4,19,1,9,31,5,46,4,8,12,58
04/07/2007,ALO,IA,ACE,CE,Combined TRACON& Tower with Radar,1,5,7,0,13,0,0,18,0,18,1,5,25,0,31,4,0,4,35
04/08/2007,ALO,IA,ACE,CE,Combined TRACON& Tower with Radar,0,5,11,0,16,0,0,26,0,26,0,5,37,0,42,8,0,8,50
04/09/2007,ALO,IA,ACE,CE,Combined TRACON& Tower with Radar,1,10,34,1,46,0,0,53,5,58,1,10,87,6,104,102,0,102,206
04/10/2007,ALO,IA,ACE,CE,Combined TRACON& Tower with Radar,0,12,33,0,45,0,0,11,2,13,0,12,44,2,58,12,0,12,70
04/11/2007,ALO,IA,ACE,CE,Combined TRACON& Tower with Radar,0,8,8,0,16,0,0,0,0,0,0,8,8,0,16,0,0,0,16
04/12/2007,ALO,IA,ACE,CE,Combined TRACON& Tower with Radar,0,9,27,0,36,0,0,22,11,33,0,9,49,11,69,0,4,4,73
04/13/2007,ALO,IA,ACE,CE,Combined TRACON& Tower with Radar,0,12,18,6,36,0,0,34,4,38,0,12,52,10,74,22,4,26,100
04/14/2007,ALO,IA,ACE,CE,Combined TRACON& Tower with Radar,0,5,7,5,17,0,0,43,6,49,0,5,50,11,66,34,0,34,100
04/15/2007,ALO,IA,ACE,CE,Combined TRACON& Tower with Radar,0,4,10,0,14,0,0,51,0,51,0,4,61,0,65,20,0,20,85
04/16/2007,ALO,IA,ACE,CE,Combined TRACON& Tower with Radar,0,10,25,1,36,0,0,45,4,49,0,10,70,5,85,86,0,86,171
04/17/2007,ALO,IA,ACE,CE,Combined TRACON& Tower with Radar,0,14,18,1,33,0,0,31,6,37,0,14,49,7,70,56,2,58,128
04/18/2007,ALO,IA,ACE,CE,Combined TRACON& Tower with Radar,0,12,24,2,38,0,0,45,7,52,0,12,69,9,90,24,0,24,114
04/19/2007,ALO,IA,ACE,CE,Combined TRACON& Tower with Radar,0,8,23,2,33,0,0,20,10,30,0,8,43,12,63,0,0,0,63
04/20/2007,ALO,IA,ACE,CE,Combined TRACON& Tower with Radar,0,8,27,0,35,0,0,47,6,53,0,8,74,6,88,38,0,38,126
04/21/2007,ALO,IA,ACE,CE,Combined TRACON& Tower with Radar,0,5,21,0,26,0,0,15,8,23,0,5,36,8,49,34,0,34,83
04/22/2007,ALO,IA,ACE,CE,Combined TRACON& Tower with Radar,0,5,7,4,16,0,0,9,2,11,0,5,16,6,27,0,2,2,29
04/23/2007,ALO,IA,ACE,CE,Combined TRACON& Tower with Radar,0,8,15,1,24,0,0,25,9,34,0,8,40,10,58,12,0,12,70
04/24/2007,ALO,IA,ACE,CE,Combined TRACON& Tower with Radar,0,10,22,4,36,0,0,6,5,11,0,10,28,9,47,8,30,38,85
04/25/2007,ALO,IA,ACE,CE,Combined TRACON& Tower with Radar,0,12,35,5,52,0,0,5,9,14,0,12,40,14,66,20,0,20,86
04/26/2007,ALO,IA,ACE,CE,Combined TRACON& Tower with Radar,0,7,38,23,68,0,0,27,6,33,0,7,65,29,101,30,0,30,131
04/27/2007,ALO,IA,ACE,CE,Combined TRACON& Tower with Radar,0,8,21,6,35,0,0,51,4,55,0,8,72,10,90,56,0,56,146
04/28/2007,ALO,IA,ACE,CE,Combined TRACON& Tower with Radar,0,5,24,0,29,0,0,54,1,55,0,5,78,1,84,70,0,70,154
04/29/2007,ALO,IA,ACE,CE,Combined TRACON& Tower with Radar,0,5,12,0,17,0,0,49,0,49,0,5,61,0,66,42,0,42,108
04/30/2007,ALO,IA,ACE,CE,Combined TRACON& Tower with Radar,2,8,18,8,36,0,0,37,5,42,2,8,55,13,78,28,0,28,106
05/01/2007,ALO,IA,ACE,CE,Combined TRACON& Tower with Radar,0,11,35,0,46,0,0,38,1,39,0,11,73,1,85,64,0,64,149
05/02/2007,ALO,IA,ACE,CE,Combined TRACON& Tower with Radar,0,9,34,1,44,0,0,27,12,39,0,9,61,13,83,34,0,34,117
05/03/2007,ALO,IA,ACE,CE,Combined TRACON& Tower with Radar,1,14,33,5,53,0,0,21,3,24,1,14,54,8,77,0,0,0,77
05/04/2007,ALO,IA,ACE,CE,Combined TRACON& Tower with Radar,1,9,32,21,63,0,0,1,2,3,1,9,33,23,66,0,0,0,66
05/05/2007,ALO,IA,ACE,CE,Combined TRACON& Tower with Radar,1,6,25,0,32,0,0,1,0,1,1,6,26,0,33,0,0,0,33
05/06/2007,ALO,IA,ACE,CE,Combined TRACON& Tower with Radar,0,7,2,0,9,0,0,4,0,4,0,7,6,0,13,0,0,0,13
05/07/2007,ALO,IA,ACE,CE,Combined TRACON& Tower with Radar,1,8,22,0,31,0,0,17,0,17,1,8,39,0,48,30,0,30,78
05/08/2007,ALO,IA,ACE,CE,Combined TRACON& Tower with Radar,1,14,31,2,48,0,0,34,0,34,1,14,65,2,82,84,0,84,166
05/09/2007,ALO,IA,ACE,CE,Combined TRACON& Tower with Radar,1,7,33,1,42,0,0,29,12,41,1,7,62,13,83,44,0,44,127
05/10/2007,ALO,IA,ACE,CE,Combined TRACON& Tower with Radar,1,9,41,10,61,0,0,43,14,57,1,9,84,24,118,62,14,76,194
05/11/2007,ALO,IA,ACE,CE,Combined TRACON& Tower with Radar,1,10,20,0,31,0,0,35,9,44,1,10,55,9,75,16,0,16,91
05/12/2007,ALO,IA,ACE,CE,Combined TRACON& Tower with Radar,1,6,22,1,30,0,0,25,1,26,1,6,47,2,56,2,0,2,58
05/13/2007,ALO,IA,ACE,CE,Combined TRACON& Tower with Radar,0,5,24,0,29,0,0,22,0,22,0,5,46,0,51,0,0,0,51
05/14/2007,ALO,IA,ACE,CE,Combined TRACON& Tower with Radar,1,10,23,0,34,0,0,23,1,24,1,10,46,1,58,12,0,12,70
05/15/2007,ALO,IA,ACE,CE,Combined TRACON& Tower with Radar,1,10,36,0,47,0,0,10,6,16,1,10,46,6,63,6,0,6,69
05/16/2007,ALO,IA,ACE,CE,Combined TRACON& Tower with Radar,1,11,30,5,47,0,0,28,11,39,1,11,58,16,86,52,28,80,166
05/17/2007,ALO,IA,ACE,CE,Combined TRACON& Tower with Radar,1,11,45,5,62,0,0,61,13,74,1,11,106,18,136,84,0,84,220
05/18/2007,ALO,IA,ACE,CE,Combined TRACON& Tower with Radar,1,8,26,7,42,0,0,20,9,29,1,8,46,16,71,6,0,6,77
05/19/2007,ALO,IA,ACE,CE,Combined TRACON& Tower with Radar,1,7,7,0,15,0,0,23,8,31,1,7,30,8,46,12,8,20,66
05/20/2007,ALO,IA,ACE,CE,Combined TRACON& Tower with Radar,0,6,10,0,16,0,0,39,48,87,0,6,49,48,103,58,8,66,169
05/21/2007,ALO,IA,ACE,CE,Combined TRACON& Tower with Radar,1,12,16,0,29,0,0,27,3,30,1,12,43,3,59,66,0,66,125
05/22/2007,ALO,IA,ACE,CE,Combined TRACON& Tower with Radar,1,20,24,0,45,0,0,23,3,26,1,20,47,3,71,42,0,42,113
05/23/2007,ALO,IA,ACE,CE,Combined TRACON& Tower with Radar,3,9,24,0,36,0,0,0,3,3,3,9,24,3,39,42,14,56,95
05/24/2007,ALO,IA,ACE,CE,Combined TRACON& Tower with Radar,1,13,29,0,43,0,0,11,0,11,1,13,40,0,54,24,0,24,78
05/25/2007,ALO,IA,ACE,CE,Combined TRACON& Tower with Radar,1,14,33,0,48,0,0,59,5,64,1,14,92,5,112,26,2,28,140
05/26/2007,ALO,IA,ACE,CE,Combined TRACON& Tower with Radar,3,5,18,0,26,0,0,5,1,6,3,5,23,1,32,24,6,30,62
05/27/2007,ALO,IA,ACE,CE,Combined TRACON& Tower with Radar,0,3,12,0,15,0,0,29,0,29,0,3,41,0,44,8,0,8,52
05/28/2007,ALO,IA,ACE,CE,Combined TRACON& Tower with Radar,1,6,20,0,27,0,0,25,0,25,1,6,45,0,52,38,0,38,90
05/29/2007,ALO,IA,ACE,CE,Combined TRACON& Tower with Radar,1,11,25,0,37,0,0,17,3,20,1,11,42,3,57,16,0,16,73
05/30/2007,ALO,IA,ACE,CE,Combined TRACON& Tower with Radar,1,10,26,0,37,0,0,8,2,10,1,10,34,2,47,2,4,6,53
05/31/2007,ALO,IA,ACE,CE,Combined TRACON& Tower with Radar,1,14,25,0,40,0,0,21,1,22,1,14,46,1,62,64,10,74,136
06/01/2007,ALO,IA,ACE,CE,Combined TRACON& Tower with Radar,1,15,27,0,43,0,0,9,3,12,1,15,36,3,55,4,0,4,59
06/02/2007,ALO,IA,ACE,CE,Combined TRACON& Tower with Radar,2,5,15,0,22,0,0,39,2,41,2,5,54,2,63,0,0,0,63
06/03/2007,ALO,IA,ACE,CE,Combined TRACON& Tower with Radar,0,5,12,0,17,0,0,10,1,11,0,5,22,1,28,0,0,0,28
06/04/2007,ALO,IA,ACE,CE,Combined TRACON& Tower with Radar,1,8,28,2,39,0,0,20,5,25,1,8,48,7,64,12,0,12,76
06/05/2007,ALO,IA,ACE,CE,Combined TRACON& Tower with Radar,1,13,23,0,37,0,0,45,0,45,1,13,68,0,82,64,0,64,146
06/06/2007,ALO,IA,ACE,CE,Combined TRACON& Tower with Radar,1,12,21,0,34,0,0,9,2,11,1,12,30,2,45,0,0,0,45
06/07/2007,ALO,IA,ACE,CE,Combined TRACON& Tower with Radar,1,12,30,0,43,0,0,0,1,1,1,12,30,1,44,2,0,2,46
06/08/2007,ALO,IA,ACE,CE,Combined TRACON& Tower with Radar,1,10,40,0,51,0,0,44,0,44,1,10,84,0,95,22,0,22,117
06/09/2007,ALO,IA,ACE,CE,Combined TRACON& Tower with Radar,1,5,18,0,24,0,0,48,1,49,1,5,66,1,73,30,0,30,103
06/10/2007,ALO,IA,ACE,CE,Combined TRACON& Tower with Radar,1,5,8,0,14,0,0,18,0,18,1,5,26,0,32,0,0,0,32
06/11/2007,ALO,IA,ACE,CE,Combined TRACON& Tower with Radar,1,14,28,0,43,0,0,35,1,36,1,14,63,1,79,44,0,44,123
06/12/2007,ALO,IA,ACE,CE,Combined TRACON& Tower with Radar,1,8,28,0,37,0,0,39,1,40,1,8,67,1,77,18,0,18,95
06/13/2007,ALO,IA,ACE,CE,Combined TRACON& Tower with Radar,1,8,28,4,41,0,0,23,0,23,1,8,51,4,64,32,0,32,96
06/14/2007,ALO,IA,ACE,CE,Combined TRACON& Tower with Radar,1,14,23,1,39,0,0,26,0,26,1,14,49,1,65,24,0,24,89
06/15/2007,ALO,IA,ACE,CE,Combined TRACON& Tower with Radar,1,12,28,1,42,0,0,44,3,47,1,12,72,4,89,36,0,36,125
06/16/2007,ALO,IA,ACE,CE,Combined TRACON& Tower with Radar,1,5,24,0,30,0,0,14,0,14,1,5,38,0,44,32,0,32,76
06/17/2007,ALO,IA,ACE,CE,Combined TRACON& Tower with Radar,1,7,9,1,18,0,0,20,0,20,1,7,29,1,38,16,0,16,54
06/18/2007,ALO,IA,ACE,CE,Combined TRACON& Tower with Radar,1,6,22,0,29,0,0,4,0,4,1,6,26,0,33,0,0,0,33
06/19/2007,ALO,IA,ACE,CE,Combined TRACON& Tower with Radar,1,12,24,0,37,0,0,24,0,24,1,12,48,0,61,6,0,6,67
06/20/2007,ALO,IA,ACE,CE,Combined TRACON& Tower with Radar,0,9,22,2,33,0,0,28,1,29,0,9,50,3,62,6,0,6,68
06/21/2007,ALO,IA,ACE,CE,Combined TRACON& Tower with Radar,1,11,22,0,34,0,0,15,2,17,1,11,37,2,51,52,0,52,103
06/22/2007,ALO,IA,ACE,CE,Combined TRACON& Tower with Radar,1,10,29,2,42,0,0,0,0,0,1,10,29,2,42,0,0,0,42
06/23/2007,ALO,IA,ACE,CE,Combined TRACON& Tower with Radar,1,5,18,0,24,0,0,19,1,20,1,5,37,1,44,36,0,36,80
06/24/2007,ALO,IA,ACE,CE,Combined TRACON& Tower with Radar,0,7,28,0,35,0,0,15,2,17,0,7,43,2,52,26,0,26,78
06/25/2007,ALO,IA,ACE,CE,Combined TRACON& Tower with Radar,1,10,51,2,64,0,0,24,1,25,1,10,75,3,89,32,10,42,131
06/26/2007,ALO,IA,ACE,CE,Combined TRACON& Tower with Radar,1,10,43,6,60,0,0,41,1,42,1,10,84,7,102,4,4,8,110
06/27/2007,ALO,IA,ACE,CE,Combined TRACON& Tower with Radar,1,11,62,6,80,0,0,51,11,62,1,11,113,17,142,58,46,104,246
06/28/2007,ALO,IA,ACE,CE,Combined TRACON& Tower with Radar,1,12,29,1,43,0,0,40,10,50,1,12,69,11,93,4,12,16,109
06/29/2007,ALO,IA,ACE,CE,Combined TRACON& Tower with Radar,0,14,28,0,42,0,0,46,4,50,0,14,74,4,92,0,0,0,92
06/30/2007,ALO,IA,ACE,CE,Combined TRACON& Tower with Radar,1,5,16,0,22,0,0,54,0,54,1,5,70,0,76,16,0,16,92
07/01/2007,ALO,IA,ACE,CE,Combined TRACON& Tower with Radar,1,3,24,2,30,0,0,63,0,63,1,3,87,2,93,22,4,26,119
07/02/2007,ALO,IA,ACE,CE,Combined TRACON& Tower with Radar,1,8,18,0,27,0,0,26,2,28,1,8,44,2,55,48,40,88,143
07/03/2007,ALO,IA,ACE,CE,Combined TRACON& Tower with Radar,1,12,10,0,23,0,0,17,0,17,1,12,27,0,40,18,0,18,58
07/04/2007,ALO,IA,ACE,CE,Combined TRACON& Tower with Radar,1,4,19,1,25,0,0,18,2,20,1,4,37,3,45,10,0,10,55
07/05/2007,ALO,IA,ACE,CE,Combined TRACON& Tower with Radar,0,8,32,2,42,0,0,47,3,50,0,8,79,5,92,16,2,18,110
07/06/2007,ALO,IA,ACE,CE,Combined TRACON& Tower with Radar,0,8,31,0,39,0,0,41,5,46,0,8,72,5,85,20,0,20,105
07/07/2007,ALO,IA,ACE,CE,Combined TRACON& Tower with Radar,1,5,13,1,20,0,0,27,2,29,1,5,40,3,49,22,0,22,71
07/08/2007,ALO,IA,ACE,CE,Combined TRACON& Tower with Radar,1,5,8,0,14,0,0,28,0,28,1,5,36,0,42,10,0,10,52
07/09/2007,ALO,IA,ACE,CE,Combined TRACON& Tower with Radar,0,15,23,0,38,0,0,6,4,10,0,15,29,4,48,0,0,0,48
07/10/2007,ALO,IA,ACE,CE,Combined TRACON& Tower with Radar,1,12,25,1,39,0,0,27,5,32,1,12,52,6,71,8,0,8,79
07/11/2007,ALO,IA,ACE,CE,Combined TRACON& Tower with Radar,1,16,23,0,40,0,0,27,13,40,1,16,50,13,80,4,0,4,84
07/12/2007,ALO,IA,ACE,CE,Combined TRACON& Tower with Radar,1,10,29,0,40,0,0,40,8,48,1,10,69,8,88,6,0,6,94
07/13/2007,ALO,IA,ACE,CE,Combined TRACON& Tower with Radar,1,10,28,2,41,0,0,53,8,61,1,10,81,10,102,30,0,30,132
07/14/2007,ALO,IA,ACE,CE,Combined TRACON& Tower with Radar,1,9,17,0,27,0,0,29,0,29,1,9,46,0,56,4,0,4,60
07/15/2007,ALO,IA,ACE,CE,Combined TRACON& Tower with Radar,1,9,14,0,24,0,0,28,3,31,1,9,42,3,55,38,0,38,93
07/16/2007,ALO,IA,ACE,CE,Combined TRACON& Tower with Radar,1,8,32,0,41,0,0,26,4,30,1,8,58,4,71,10,0,10,81
07/17/2007,ALO,IA,ACE,CE,Combined TRACON& Tower with Radar,1,10,27,4,42,0,0,29,7,36,1,10,56,11,78,4,0,4,82
07/18/2007,ALO,IA,ACE,CE,Combined TRACON& Tower with Radar,1,13,10,2,26,0,0,12,4,16,1,13,22,6,42,20,22,42,84
07/19/2007,ALO,IA,ACE,CE,Combined TRACON& Tower with Radar,0,16,23,5,44,0,0,36,4,40,0,16,59,9,84,54,0,54,138
07/20/2007,ALO,IA,ACE,CE,Combined TRACON& Tower with Radar,1,8,35,2,46,0,0,24,9,33,1,8,59,11,79,30,0,30,109
07/21/2007,ALO,IA,ACE,CE,Combined TRACON& Tower with Radar,1,5,26,0,32,0,0,51,1,52,1,5,77,1,84,76,0,76,160
07/22/2007,ALO,IA,ACE,CE,Combined TRACON& Tower with Radar,0,8,16,0,24,0,0,26,7,33,0,8,42,7,57,42,0,42,99
07/23/2007,ALO,IA,ACE,CE,Combined TRACON& Tower with Radar,0,11,35,0,46,0,0,16,0,16,0,11,51,0,62,50,0,50,112
07/24/2007,ALO,IA,ACE,CE,Combined TRACON& Tower with Radar,1,13,32,0,46,0,0,33,2,35,1,13,65,2,81,24,0,24,105
07/25/2007,ALO,IA,ACE,CE,Combined TRACON& Tower with Radar,1,9,23,2,35,0,0,124,3,127,1,9,147,5,162,54,2,56,218
07/26/2007,ALO,IA,ACE,CE,Combined TRACON& Tower with Radar,5,14,19,1,39,0,0,37,10,47,5,14,56,11,86,54,6,60,146
07/27/2007,ALO,IA,ACE,CE,Combined TRACON& Tower with Radar,1,12,22,26,61,0,0,15,1,16,1,12,37,27,77,6,4,10,87
07/28/2007,ALO,IA,ACE,CE,Combined TRACON& Tower with Radar,1,6,13,0,20,0,0,34,0,34,1,6,47,0,54,48,0,48,102
07/29/2007,ALO,IA,ACE,CE,Combined TRACON& Tower with Radar,1,5,18,0,24,0,0,25,0,25,1,5,43,0,49,18,0,18,67
07/30/2007,ALO,IA,ACE,CE,Combined TRACON& Tower with Radar,1,13,30,0,44,0,0,22,1,23,1,13,52,1,67,0,0,0,67
07/31/2007,ALO,IA,ACE,CE,Combined TRACON& Tower with Radar,1,8,40,2,51,0,0,35,3,38,1,8,75,5,89,12,0,12,101
08/01/2007,ALO,IA,ACE,CE,Combined TRACON& Tower with Radar,1,8,56,1,66,0,0,31,6,37,1,8,87,7,103,0,0,0,103
08/02/2007,ALO,IA,ACE,CE,Combined TRACON& Tower with Radar,1,13,34,2,50,0,0,28,7,35,1,13,62,9,85,26,6,32,117
08/03/2007,ALO,IA,ACE,CE,Combined TRACON& Tower with Radar,1,8,16,1,26,0,0,29,0,29,1,8,45,1,55,6,2,8,63
08/04/2007,ALO,IA,ACE,CE,Combined TRACON& Tower with Radar,1,5,14,0,20,0,0,3,0,3,1,5,17,0,23,16,0,16,39
08/05/2007,ALO,IA,ACE,CE,Combined TRACON& Tower with Radar,1,7,9,4,21,0,0,8,0,8,1,7,17,4,29,22,0,22,51
08/06/2007,ALO,IA,ACE,CE,Combined TRACON& Tower with Radar,1,10,35,0,46,0,0,8,0,8,1,10,43,0,54,12,0,12,66
08/07/2007,ALO,IA,ACE,CE,Combined TRACON& Tower with Radar,1,12,17,3,33,0,0,15,3,18,1,12,32,6,51,22,0,22,73
08/08/2007,ALO,IA,ACE,CE,Combined TRACON& Tower with Radar,1,12,28,7,48,0,0,13,13,26,1,12,41,20,74,4,80,84,158
08/09/2007,ALO,IA,ACE,CE,Combined TRACON& Tower with Radar,1,8,24,1,34,0,0,16,7,23,1,8,40,8,57,10,0,10,67
08/10/2007,ALO,IA,ACE,CE,Combined TRACON& Tower with Radar,1,12,32,0,45,0,0,27,3,30,1,12,59,3,75,4,0,4,79
08/11/2007,ALO,IA,ACE,CE,Combined TRACON& Tower with Radar,1,5,13,0,19,0,0,10,2,12,1,5,23,2,31,6,20,26,57
08/12/2007,ALO,IA,ACE,CE,Combined TRACON& Tower with Radar,1,7,11,0,19,0,0,35,1,36,1,7,46,1,55,6,0,6,61
08/13/2007,ALO,IA,ACE,CE,Combined TRACON& Tower with Radar,1,10,35,0,46,0,0,22,4,26,1,10,57,4,72,8,0,8,80
08/14/2007,ALO,IA,ACE,CE,Combined TRACON& Tower with Radar,1,8,31,1,41,0,0,9,0,9,1,8,40,1,50,8,0,8,58
08/15/2007,ALO,IA,ACE,CE,Combined TRACON& Tower with Radar,1,18,23,0,42,0,0,10,3,13,1,18,33,3,55,36,8,44,99
08/16/2007,ALO,IA,ACE,CE,Combined TRACON& Tower with Radar,1,15,21,1,38,0,0,15,9,24,1,15,36,10,62,30,0,30,92
08/17/2007,ALO,IA,ACE,CE,Combined TRACON& Tower with Radar,1,13,23,6,43,0,0,24,17,41,1,13,47,23,84,8,8,16,100
08/18/2007,ALO,IA,ACE,CE,Combined TRACON& Tower with Radar,0,2,8,0,10,0,0,8,0,8,0,2,16,0,18,8,0,8,26
08/19/2007,ALO,IA,ACE,CE,Combined TRACON& Tower with Radar,0,2,10,0,12,0,0,2,2,4,0,2,12,2,16,0,0,0,16
08/20/2007,ALO,IA,ACE,CE,Combined TRACON& Tower with Radar,1,9,31,0,41,0,0,6,2,8,1,9,37,2,49,0,0,0,49
08/21/2007,ALO,IA,ACE,CE,Combined TRACON& Tower with Radar,1,12,35,7,55,0,0,13,5,18,1,12,48,12,73,32,0,32,105
08/22/2007,ALO,IA,ACE,CE,Combined TRACON& Tower with Radar,0,10,22,0,32,0,0,11,4,15,0,10,33,4,47,30,0,30,77
08/23/2007,ALO,IA,ACE,CE,Combined TRACON& Tower with Radar,3,7,22,10,42,0,0,4,12,16,3,7,26,22,58,6,0,6,64
08/24/2007,ALO,IA,ACE,CE,Combined TRACON& Tower with Radar,1,9,16,1,27,0,0,9,5,14,1,9,25,6,41,0,12,12,53
08/25/2007,ALO,IA,ACE,CE,Combined TRACON& Tower with Radar,1,8,23,0,32,0,0,38,0,38,1,8,61,0,70,50,0,50,120
08/26/2007,ALO,IA,ACE,CE,Combined TRACON& Tower with Radar,0,6,14,0,20,0,0,29,0,29,0,6,43,0,49,28,0,28,77
08/27/2007,ALO,IA,ACE,CE,Combined TRACON& Tower with Radar,1,10,46,0,57,0,0,19,2,21,1,10,65,2,78,2,0,2,80
08/28/2007,ALO,IA,ACE,CE,Combined TRACON& Tower with Radar,1,8,38,0,47,0,0,23,9,32,1,8,61,9,79,16,6,22,101
08/29/2007,ALO,IA,ACE,CE,Combined TRACON& Tower with Radar,0,11,28,3,42,0,0,7,15,22,0,11,35,18,64,0,8,8,72
08/30/2007,ALO,IA,ACE,CE,Combined TRACON& Tower with Radar,1,10,41,8,60,0,0,43,13,56,1,10,84,21,116,38,10,48,164
08/31/2007,ALO,IA,ACE,CE,Combined TRACON& Tower with Radar,1,8,28,0,37,0,0,27,0,27,1,8,55,0,64,8,0,8,72
09/01/2007,ALO,IA,ACE,CE,Combined TRACON& Tower with Radar,1,5,10,0,16,0,0,14,0,14,1,5,24,0,30,0,0,0,30
09/02/2007,ALO,IA,ACE,CE,Combined TRACON& Tower with Radar,0,5,12,0,17,0,0,24,0,24,0,5,36,0,41,12,0,12,53
09/03/2007,ALO,IA,ACE,CE,Combined TRACON& Tower with Radar,1,6,31,0,38,0,0,35,0,35,1,6,66,0,73,38,0,38,111
09/04/2007,ALO,IA,ACE,CE,Combined TRACON& Tower with Radar,1,15,23,0,39,0,0,21,1,22,1,15,44,1,61,0,0,0,61
09/05/2007,ALO,IA,ACE,CE,Combined TRACON& Tower with Radar,1,10,25,17,53,0,2,25,14,41,1,12,50,31,94,4,4,8,102
09/06/2007,ALO,IA,ACE,CE,Combined TRACON& Tower with Radar,1,16,36,3,56,0,0,4,10,14,1,16,40,13,70,38,0,38,108
09/07/2007,ALO,IA,ACE,CE,Combined TRACON& Tower with Radar,1,12,22,2,37,0,0,16,0,16,1,12,38,2,53,16,0,16,69
09/08/2007,ALO,IA,ACE,CE,Combined TRACON& Tower with Radar,1,9,13,2,25,0,0,33,0,33,1,9,46,2,58,0,0,0,58
09/09/2007,ALO,IA,ACE,CE,Combined TRACON& Tower with Radar,0,7,19,0,26,0,0,20,1,21,0,7,39,1,47,0,0,0,47
09/10/2007,ALO,IA,ACE,CE,Combined TRACON& Tower with Radar,0,8,27,0,35,0,0,0,0,0,0,8,27,0,35,0,0,0,35
09/11/2007,ALO,IA,ACE,CE,Combined TRACON& Tower with Radar,1,12,19,2,34,0,0,23,4,27,1,12,42,6,61,10,2,12,73
09/12/2007,ALO,IA,ACE,CE,Combined TRACON& Tower with Radar,1,9,37,0,47,0,0,60,6,66,1,9,97,6,113,12,0,12,125
09/13/2007,ALO,IA,ACE,CE,Combined TRACON& Tower with Radar,1,10,14,0,25,0,0,36,3,39,1,10,50,3,64,8,0,8,72
09/14/2007,ALO,IA,ACE,CE,Combined TRACON& Tower with Radar,1,9,28,3,41,0,0,20,7,27,1,9,48,10,68,38,8,46,114
09/15/2007,ALO,IA,ACE,CE,Combined TRACON& Tower with Radar,3,7,10,0,20,0,0,13,0,13,3,7,23,0,33,42,0,42,75
09/16/2007,ALO,IA,ACE,CE,Combined TRACON& Tower with Radar,0,5,15,0,20,0,0,35,3,38,0,5,50,3,58,28,0,28,86
09/17/2007,ALO,IA,ACE,CE,Combined TRACON& Tower with Radar,1,13,20,0,34,0,0,12,2,14,1,13,32,2,48,0,0,0,48
09/18/2007,ALO,IA,ACE,CE,Combined TRACON& Tower with Radar,1,13,8,0,22,0,0,1,6,7,1,13,9,6,29,6,0,6,35
09/19/2007,ALO,IA,ACE,CE,Combined TRACON& Tower with Radar,1,12,20,2,35,0,0,19,10,29,1,12,39,12,64,0,0,0,64
09/20/2007,ALO,IA,ACE,CE,Combined TRACON& Tower with Radar,2,5,33,0,40,1,0,18,4,23,3,5,51,4,63,18,0,18,81
09/21/2007,ALO,IA,ACE,CE,Combined TRACON& Tower with Radar,0,10,15,2,27,0,0,14,3,17,0,10,29,5,44,0,6,6,50
09/22/2007,ALO,IA,ACE,CE,Combined TRACON& Tower with Radar,1,5,12,0,18,0,0,101,0,101,1,5,113,0,119,14,0,14,133
09/23/2007,ALO,IA,ACE,CE,Combined TRACON& Tower with Radar,0,5,25,0,30,0,0,34,0,34,0,5,59,0,64,6,0,6,70
09/24/2007,ALO,IA,ACE,CE,Combined TRACON& Tower with Radar,1,10,27,0,38,0,0,10,0,10,1,10,37,0,48,12,0,12,60
09/25/2007,ALO,IA,ACE,CE,Combined TRACON& Tower with Radar,0,11,30,7,48,0,0,3,2,5,0,11,33,9,53,0,0,0,53
09/26/2007,ALO,IA,ACE,CE,Combined TRACON& Tower with Radar,1,12,30,2,45,0,0,23,8,31,1,12,53,10,76,24,24,48,124
09/27/2007,ALO,IA,ACE,CE,Combined TRACON& Tower with Radar,1,8,14,2,25,0,0,36,12,48,1,8,50,14,73,12,8,20,93
09/28/2007,ALO,IA,ACE,CE,Combined TRACON& Tower with Radar,1,8,14,0,23,0,0,21,0,21,1,8,35,0,44,24,0,24,68
09/29/2007,ALO,IA,ACE,CE,Combined TRACON& Tower with Radar,1,1,24,0,26,0,0,17,0,17,1,1,41,0,43,0,0,0,43
09/30/2007,ALO,IA,ACE,CE,Combined TRACON& Tower with Radar,0,1,10,0,11,0,0,8,0,8,0,1,18,0,19,0,0,0,19
10/01/2007,ALO,IA,ACE,CE,Combined TRACON& Tower with Radar,1,9,42,0,52,0,0,6,0,6,1,9,48,0,58,0,0,0,58
10/02/2007,ALO,IA,ACE,CE,Combined TRACON& Tower with Radar,1,10,16,0,27,0,0,7,0,7,1,10,23,0,34,0,1,1,35
10/03/2007,ALO,IA,ACE,CE,Combined TRACON& Tower with Radar,3,16,19,0,38,0,1,49,16,66,3,17,68,16,104,50,10,60,164
10/04/2007,ALO,IA,ACE,CE,Combined TRACON& Tower with Radar,1,20,22,4,47,0,0,32,7,39,1,20,54,11,86,14,0,14,100
10/05/2007,ALO,IA,ACE,CE,Combined TRACON& Tower with Radar,1,7,25,10,43,0,0,19,9,28,1,7,44,19,71,14,34,48,119
10/06/2007,ALO,IA,ACE,CE,Combined TRACON& Tower with Radar,1,5,8,0,14,0,0,13,1,14,1,5,21,1,28,22,0,22,50
10/07/2007,ALO,IA,ACE,CE,Combined TRACON& Tower with Radar,0,5,15,0,20,0,0,12,0,12,0,5,27,0,32,10,0,10,42
10/08/2007,ALO,IA,ACE,CE,Combined TRACON& Tower with Radar,1,8,20,0,29,0,0,9,1,10,1,8,29,1,39,0,0,0,39
10/09/2007,ALO,IA,ACE,CE,Combined TRACON& Tower with Radar,1,10,50,0,61,0,0,23,2,25,1,10,73,2,86,8,0,8,94
10/10/2007,ALO,IA,ACE,CE,Combined TRACON& Tower with Radar,1,13,23,8,45,0,0,10,1,11,1,13,33,9,56,2,0,2,58
10/11/2007,ALO,IA,ACE,CE,Combined TRACON& Tower with Radar,1,11,13,0,25,0,0,14,6,20,1,11,27,6,45,24,0,24,69
10/12/2007,ALO,IA,ACE,CE,Combined TRACON& Tower with Radar,4,7,17,1,29,0,0,17,3,20,4,7,34,4,49,18,0,18,67
10/13/2007,ALO,IA,ACE,CE,Combined TRACON& Tower with Radar,3,7,13,0,23,0,0,5,0,5,3,7,18,0,28,0,0,0,28
10/14/2007,ALO,IA,ACE,CE,Combined TRACON& Tower with Radar,0,5,12,0,17,0,0,0,0,0,0,5,12,0,17,0,0,0,17
10/15/2007,ALO,IA,ACE,CE,Combined TRACON& Tower with Radar,0,6,36,0,42,0,0,5,0,5,0,6,41,0,47,12,0,12,59
10/16/2007,ALO,IA,ACE,CE,Combined TRACON& Tower with Radar,1,10,30,1,42,0,1,7,4,12,1,11,37,5,54,32,0,32,86
10/17/2007,ALO,IA,ACE,CE,Combined TRACON& Tower with Radar,3,6,33,1,43,0,0,17,6,23,3,6,50,7,66,22,0,22,88
10/18/2007,ALO,IA,ACE,CE,Combined TRACON& Tower with Radar,1,8,21,0,30,0,0,2,0,2,1,8,23,0,32,2,0,2,34
10/19/2007,ALO,IA,ACE,CE,Combined TRACON& Tower with Radar,1,9,19,3,32,0,0,4,0,4,1,9,23,3,36,0,0,0,36
10/20/2007,ALO,IA,ACE,CE,Combined TRACON& Tower with Radar,1,7,5,0,13,0,0,39,15,54,1,7,44,15,67,0,0,0,67
10/21/2007,ALO,IA,ACE,CE,Combined TRACON& Tower with Radar,0,5,10,2,17,0,0,7,2,9,0,5,17,4,26,12,0,12,38
10/22/2007,ALO,IA,ACE,CE,Combined TRACON& Tower with Radar,1,8,18,0,27,0,0,17,4,21,1,8,35,4,48,2,0,2,50
10/23/2007,ALO,IA,ACE,CE,Combined TRACON& Tower with Radar,1,8,23,0,32,0,0,23,1,24,1,8,46,1,56,6,0,6,62
10/24/2007,ALO,IA,ACE,CE,Combined TRACON& Tower with Radar,1,12,21,8,42,0,0,37,12,49,1,12,58,20,91,60,0,60,151
10/25/2007,ALO,IA,ACE,CE,Combined TRACON& Tower with Radar,1,13,40,3,57,0,0,38,15,53,1,13,78,18,110,40,10,50,160
10/26/2007,ALO,IA,ACE,CE,Combined TRACON& Tower with Radar,3,8,32,4,47,0,0,4,0,4,3,8,36,4,51,16,0,16,67
10/27/2007,ALO,IA,ACE,CE,Combined TRACON& Tower with Radar,3,5,15,0,23,0,0,27,0,27,3,5,42,0,50,0,0,0,50
10/28/2007,ALO,IA,ACE,CE,Combined TRACON& Tower with Radar,0,5,21,0,26,0,0,45,0,45,0,5,66,0,71,30,0,30,101
10/29/2007,ALO,IA,ACE,CE,Combined TRACON& Tower with Radar,1,10,15,0,26,0,0,31,2,33,1,10,46,2,59,0,0,0,59
10/30/2007,ALO,IA,ACE,CE,Combined TRACON& Tower with Radar,1,17,26,3,47,0,0,14,4,18,1,17,40,7,65,12,0,12,77
10/31/2007,ALO,IA,ACE,CE,Combined TRACON& Tower with Radar,1,10,9,1,21,0,0,15,5,20,1,10,24,6,41,0,0,0,41
11/01/2007,ALO,IA,ACE,CE,Combined TRACON& Tower with Radar,1,14,25,0,40,0,0,40,5,45,1,14,65,5,85,2,0,2,87
11/02/2007,ALO,IA,ACE,CE,Combined TRACON& Tower with Radar,1,8,14,2,25,0,0,34,10,44,1,8,48,12,69,42,0,42,111
11/03/2007,ALO,IA,ACE,CE,Combined TRACON& Tower with Radar,5,7,10,1,23,0,0,19,1,20,5,7,29,2,43,16,24,40,83
11/04/2007,ALO,IA,ACE,CE,Combined TRACON& Tower with Radar,0,5,18,1,24,0,0,27,1,28,0,5,45,2,52,12,0,12,64
11/05/2007,ALO,IA,ACE,CE,Combined TRACON& Tower with Radar,1,8,15,0,24,0,0,1,0,1,1,8,16,0,25,0,0,0,25
11/06/2007,ALO,IA,ACE,CE,Combined TRACON& Tower with Radar,1,8,19,0,28,0,0,17,4,21,1,8,36,4,49,10,0,10,59
11/07/2007,ALO,IA,ACE,CE,Combined TRACON& Tower with Radar,1,11,21,3,36,0,0,20,20,40,1,11,41,23,76,14,0,14,90
11/08/2007,ALO,IA,ACE,CE,Combined TRACON& Tower with Radar,1,15,30,3,49,0,0,22,14,36,1,15,52,17,85,32,8,40,125
11/09/2007,ALO,IA,ACE,CE,Combined TRACON& Tower with Radar,1,9,23,4,37,0,0,31,1,32,1,9,54,5,69,34,16,50,119
11/10/2007,ALO,IA,ACE,CE,Combined TRACON& Tower with Radar,1,7,23,0,31,0,0,9,0,9,1,7,32,0,40,2,0,2,42
11/11/2007,ALO,IA,ACE,CE,Combined TRACON& Tower with Radar,1,7,13,0,21,0,0,4,0,4,1,7,17,0,25,0,0,0,25
11/12/2007,ALO,IA,ACE,CE,Combined TRACON& Tower with Radar,1,6,39,2,48,0,0,30,0,30,1,6,69,2,78,26,0,26,104
11/13/2007,ALO,IA,ACE,CE,Combined TRACON& Tower with Radar,1,11,23,0,35,0,0,18,4,22,1,11,41,4,57,0,12,12,69
11/14/2007,ALO,IA,ACE,CE,Combined TRACON& Tower with Radar,1,8,22,0,31,0,2,11,5,18,1,10,33,5,49,12,18,30,79
11/15/2007,ALO,IA,ACE,CE,Combined TRACON& Tower with Radar,1,10,35,0,46,0,0,24,13,37,1,10,59,13,83,0,40,40,123
11/16/2007,ALO,IA,ACE,CE,Combined TRACON& Tower with Radar,3,14,23,1,41,0,0,16,9,25,3,14,39,10,66,4,0,4,70
11/17/2007,ALO,IA,ACE,CE,Combined TRACON& Tower with Radar,2,5,29,0,36,0,0,19,0,19,2,5,48,0,55,6,0,6,61
11/18/2007,ALO,IA,ACE,CE,Combined TRACON& Tower with Radar,1,5,10,0,16,0,0,0,0,0,1,5,10,0,16,0,0,0,16
11/19/2007,ALO,IA,ACE,CE,Combined TRACON& Tower with Radar,1,9,8,0,18,0,0,18,0,18,1,9,26,0,36,0,0,0,36
11/20/2007,ALO,IA,ACE,CE,Combined TRACON& Tower with Radar,1,12,12,0,25,0,0,0,0,0,1,12,12,0,25,0,0,0,25
11/21/2007,ALO,IA,ACE,CE,Combined TRACON& Tower with Radar,1,8,20,0,29,0,0,8,0,8,1,8,28,0,37,0,0,0,37
11/22/2007,ALO,IA,ACE,CE,Combined TRACON& Tower with Radar,1,3,2,0,6,0,0,5,0,5,1,3,7,0,11,0,0,0,11
11/23/2007,ALO,IA,ACE,CE,Combined TRACON& Tower with Radar,2,5,18,0,25,0,0,16,0,16,2,5,34,0,41,0,0,0,41
11/24/2007,ALO,IA,ACE,CE,Combined TRACON& Tower with Radar,1,5,8,0,14,0,0,9,0,9,1,5,17,0,23,0,0,0,23
11/25/2007,ALO,IA,ACE,CE,Combined TRACON& Tower with Radar,1,6,12,0,19,0,0,5,0,5,1,6,17,0,24,0,0,0,24
11/26/2007,ALO,IA,ACE,CE,Combined TRACON& Tower with Radar,1,9,13,0,23,0,0,20,1,21,1,9,33,1,44,30,8,38,82
11/27/2007,ALO,IA,ACE,CE,Combined TRACON& Tower with Radar,1,8,22,4,35,0,0,24,10,34,1,8,46,14,69,26,16,42,111
11/28/2007,ALO,IA,ACE,CE,Combined TRACON& Tower with Radar,1,8,32,3,44,0,0,16,9,25,1,8,48,12,69,10,0,10,79
11/29/2007,ALO,IA,ACE,CE,Combined TRACON& Tower with Radar,2,8,22,4,36,0,0,30,12,42,2,8,52,16,78,8,0,8,86
11/30/2007,ALO,IA,ACE,CE,Combined TRACON& Tower with Radar,1,10,13,1,25,0,0,18,3,21,1,10,31,4,46,14,0,14,60
12/01/2007,ALO,IA,ACE,CE,Combined TRACON& Tower with Radar,0,1,4,0,5,0,0,0,0,0,0,1,4,0,5,0,0,0,5
12/02/2007,ALO,IA,ACE,CE,Combined TRACON& Tower with Radar,1,1,11,0,13,0,0,0,0,0,1,1,11,0,13,0,0,0,13
12/03/2007,ALO,IA,ACE,CE,Combined TRACON& Tower with Radar,3,8,22,0,33,0,0,16,2,18,3,8,38,2,51,0,0,0,51
12/04/2007,ALO,IA,ACE,CE,Combined TRACON& Tower with Radar,1,8,20,0,29,0,0,3,3,6,1,8,23,3,35,0,0,0,35
12/05/2007,ALO,IA,ACE,CE,Combined TRACON& Tower with Radar,1,12,27,4,44,0,0,16,18,34,1,12,43,22,78,0,0,0,78
12/06/2007,ALO,IA,ACE,CE,Combined TRACON& Tower with Radar,0,8,15,0,23,0,0,13,2,15,0,8,28,2,38,0,0,0,38
12/07/2007,ALO,IA,ACE,CE,Combined TRACON& Tower with Radar,1,8,17,10,36,0,0,8,5,13,1,8,25,15,49,0,0,0,49
12/08/2007,ALO,IA,ACE,CE,Combined TRACON& Tower with Radar,1,5,5,0,11,0,0,0,0,0,1,5,5,0,11,4,0,4,15
12/09/2007,ALO,IA,ACE,CE,Combined TRACON& Tower with Radar,0,5,12,0,17,0,0,3,0,3,0,5,15,0,20,0,0,0,20
12/10/2007,ALO,IA,ACE,CE,Combined TRACON& Tower with Radar,0,17,22,6,45,0,0,6,2,8,0,17,28,8,53,10,4,14,67
12/11/2007,ALO,IA,ACE,CE,Combined TRACON& Tower with Radar,1,14,11,0,26,0,0,3,0,3,1,14,14,0,29,0,0,0,29
12/12/2007,ALO,IA,ACE,CE,Combined TRACON& Tower with Radar,1,10,20,12,43,0,0,12,0,12,1,10,32,12,55,16,0,16,71
12/13/2007,ALO,IA,ACE,CE,Combined TRACON& Tower with Radar,1,12,20,3,36,0,0,10,2,12,1,12,30,5,48,0,0,0,48
12/14/2007,ALO,IA,ACE,CE,Combined TRACON& Tower with Radar,1,16,25,0,42,0,0,13,1,14,1,16,38,1,56,12,0,12,68
12/15/2007,ALO,IA,ACE,CE,Combined TRACON& Tower with Radar,1,5,3,0,9,0,0,2,0,2,1,5,5,0,11,0,0,0,11
12/16/2007,ALO,IA,ACE,CE,Combined TRACON& Tower with Radar,0,10,12,0,22,0,0,0,0,0,0,10,12,0,22,0,0,0,22
12/17/2007,ALO,IA,ACE,CE,Combined TRACON& Tower with Radar,1,13,23,0,37,0,0,6,2,8,1,13,29,2,45,0,0,0,45
12/18/2007,ALO,IA,ACE,CE,Combined TRACON& Tower with Radar,1,18,25,4,48,0,0,18,2,20,1,18,43,6,68,18,0,18,86
12/19/2007,ALO,IA,ACE,CE,Combined TRACON& Tower with Radar,1,8,36,6,51,0,0,1,0,1,1,8,37,6,52,0,0,0,52
12/20/2007,ALO,IA,ACE,CE,Combined TRACON& Tower with Radar,1,4,7,0,12,0,0,0,0,0,1,4,7,0,12,0,0,0,12
12/21/2007,ALO,IA,ACE,CE,Combined TRACON& Tower with Radar,0,11,13,0,24,0,0,0,0,0,0,11,13,0,24,0,0,0,24
12/22/2007,ALO,IA,ACE,CE,Combined TRACON& Tower with Radar,0,5,8,0,13,0,0,0,0,0,0,5,8,0,13,0,0,0,13
12/23/2007,ALO,IA,ACE,CE,Combined TRACON& Tower with Radar,0,3,6,0,9,0,0,1,0,1,0,3,7,0,10,0,0,0,10
12/24/2007,ALO,IA,ACE,CE,Combined TRACON& Tower with Radar,1,8,16,0,25,0,0,1,0,1,1,8,17,0,26,0,0,0,26
12/25/2007,ALO,IA,ACE,CE,Combined TRACON& Tower with Radar,1,6,2,0,9,0,0,3,0,3,1,6,5,0,12,6,0,6,18
12/26/2007,ALO,IA,ACE,CE,Combined TRACON& Tower with Radar,0,9,10,0,19,0,0,0,0,0,0,9,10,0,19,0,0,0,19
12/27/2007,ALO,IA,ACE,CE,Combined TRACON& Tower with Radar,1,11,9,0,21,0,0,2,0,2,1,11,11,0,23,0,0,0,23
12/28/2007,ALO,IA,ACE,CE,Combined TRACON& Tower with Radar,1,6,6,0,13,0,0,0,0,0,1,6,6,0,13,0,0,0,13
12/29/2007,ALO,IA,ACE,CE,Combined TRACON& Tower with Radar,1,5,11,0,17,0,0,0,0,0,1,5,11,0,17,0,0,0,17
12/30/2007,ALO,IA,ACE,CE,Combined TRACON& Tower with Radar,0,8,13,0,21,0,0,2,0,2,0,8,15,0,23,22,0,22,45
12/31/2007,ALO,IA,ACE,CE,Combined TRACON& Tower with Radar,0,14,9,0,23,0,0,0,0,0,0,14,9,0,23,0,0,0,23
01/01/2008,ALO,IA,ACE,CE,Combined TRACON& Tower with Radar,1,6,7,0,14,0,0,0,0,0,1,6,7,0,14,0,0,0,14
01/02/2008,ALO,IA,ACE,CE,Combined TRACON& Tower with Radar,0,13,15,0,28,0,0,12,0,12,0,13,27,0,40,10,0,10,50
01/03/2008,ALO,IA,ACE,CE,Combined TRACON& Tower with Radar,0,14,25,3,42,0,0,25,9,34,0,14,50,12,76,20,12,32,108
01/04/2008,ALO,IA,ACE,CE,Combined TRACON& Tower with Radar,1,13,24,0,38,0,0,24,7,31,1,13,48,7,69,36,2,38,107
01/05/2008,ALO,IA,ACE,CE,Combined TRACON& Tower with Radar,1,5,17,0,23,0,0,1,0,1,1,5,18,0,24,0,0,0,24
01/06/2008,ALO,IA,ACE,CE,Combined TRACON& Tower with Radar,0,1,3,0,4,0,0,0,0,0,0,1,3,0,4,0,0,0,4
01/07/2008,ALO,IA,ACE,CE,Combined TRACON& Tower with Radar,1,14,14,0,29,0,0,0,0,0,1,14,14,0,29,0,0,0,29
01/08/2008,ALO,IA,ACE,CE,Combined TRACON& Tower with Radar,0,10,10,0,20,0,0,1,0,1,0,10,11,0,21,0,0,0,21
01/09/2008,ALO,IA,ACE,CE,Combined TRACON& Tower with Radar,2,10,6,3,21,0,0,27,6,33,2,10,33,9,54,29,0,29,83
01/10/2008,ALO,IA,ACE,CE,Combined TRACON& Tower with Radar,1,16,19,0,36,0,0,6,2,8,1,16,25,2,44,0,0,0,44
01/11/2008,ALO,IA,ACE,CE,Combined TRACON& Tower with Radar,1,10,17,0,28,0,0,0,0,0,1,10,17,0,28,0,0,0,28
01/12/2008,ALO,IA,ACE,CE,Combined TRACON& Tower with Radar,1,5,11,0,17,0,0,0,0,0,1,5,11,0,17,0,0,0,17
01/13/2008,ALO,IA,ACE,CE,Combined TRACON& Tower with Radar,0,5,9,0,14,0,0,5,12,17,0,5,14,12,31,0,0,0,31
01/14/2008,ALO,IA,ACE,CE,Combined TRACON& Tower with Radar,1,10,28,0,39,0,0,12,0,12,1,10,40,0,51,8,0,8,59
01/15/2008,ALO,IA,ACE,CE,Combined TRACON& Tower with Radar,1,10,20,0,31,0,0,25,5,30,1,10,45,5,61,0,0,0,61
01/16/2008,ALO,IA,ACE,CE,Combined TRACON& Tower with Radar,1,12,22,2,37,0,0,7,3,10,1,12,29,5,47,28,0,28,75
01/17/2008,ALO,IA,ACE,CE,Combined TRACON& Tower with Radar,0,14,5,9,28,0,0,0,13,13,0,14,5,22,41,0,16,16,57
01/18/2008,ALO,IA,ACE,CE,Combined TRACON& Tower with Radar,1,12,8,0,21,0,0,6,2,8,1,12,14,2,29,0,6,6,35
01/19/2008,ALO,IA,ACE,CE,Combined TRACON& Tower with Radar,0,8,9,0,17,0,0,2,0,2,0,8,11,0,19,0,0,0,19
01/20/2008,ALO,IA,ACE,CE,Combined TRACON& Tower with Radar,0,6,6,0,12,0,0,7,1,8,0,6,13,1,20,12,0,12,32
01/21/2008,ALO,IA,ACE,CE,Combined TRACON& Tower with Radar,1,6,8,0,15,0,0,0,0,0,1,6,8,0,15,0,0,0,15
01/22/2008,ALO,IA,ACE,CE,Combined TRACON& Tower with Radar,1,6,13,0,20,0,2,1,7,10,1,8,14,7,30,0,0,0,30
01/23/2008,ALO,IA,ACE,CE,Combined TRACON& Tower with Radar,2,10,11,3,26,0,0,11,10,21,2,10,22,13,47,0,0,0,47
01/24/2008,ALO,IA,ACE,CE,Combined TRACON& Tower with Radar,1,14,18,4,37,0,0,21,21,42,1,14,39,25,79,4,144,148,227
01/25/2008,ALO,IA,ACE,CE,Combined TRACON& Tower with Radar,1,10,18,1,30,0,0,1,6,7,1,10,19,7,37,0,2,2,39
01/26/2008,ALO,IA,ACE,CE,Combined TRACON& Tower with Radar,1,3,15,2,21,0,0,25,4,29,1,3,40,6,50,10,0,10,60
01/27/2008,ALO,IA,ACE,CE,Combined TRACON& Tower with Radar,0,5,12,1,18,0,0,28,2,30,0,5,40,3,48,6,0,6,54
01/28/2008,ALO,IA,ACE,CE,Combined TRACON& Tower with Radar,1,8,10,0,19,0,0,9,0,9,1,8,19,0,28,0,0,0,28
01/29/2008,ALO,IA,ACE,CE,Combined TRACON& Tower with Radar,0,14,12,0,26,0,0,1,0,1,0,14,13,0,27,0,0,0,27
01/30/2008,ALO,IA,ACE,CE,Combined TRACON& Tower with Radar,4,10,34,1,49,0,0,31,18,49,4,10,65,19,98,8,172,180,278
01/31/2008,ALO,IA,ACE,CE,Combined TRACON& Tower with Radar,1,10,19,0,30,0,0,24,12,36,1,10,43,12,66,52,4,56,122
02/01/2008,ALO,IA,ACE,CE,Combined TRACON& Tower with Radar,4,8,10,0,22,0,0,27,5,32,4,8,37,5,54,62,0,62,116
02/02/2008,ALO,IA,ACE,CE,Combined TRACON& Tower with Radar,2,5,44,0,51,0,0,6,0,6,2,5,50,0,57,10,0,10,67
02/03/2008,ALO,IA,ACE,CE,Combined TRACON& Tower with Radar,0,5,3,1,9,0,0,0,0,0,0,5,3,1,9,0,0,0,9
02/04/2008,ALO,IA,ACE,CE,Combined TRACON& Tower with Radar,0,0,7,0,7,0,0,0,0,0,0,0,7,0,7,0,0,0,7
02/05/2008,ALO,IA,ACE,CE,Combined TRACON& Tower with Radar,1,10,12,0,23,0,0,1,1,2,1,10,13,1,25,34,0,34,59
02/06/2008,ALO,IA,ACE,CE,Combined TRACON& Tower with Radar,1,12,10,0,23,0,0,3,1,4,1,12,13,1,27,0,0,0,27
02/07/2008,ALO,IA,ACE,CE,Combined TRACON& Tower with Radar,0,20,20,0,40,0,0,1,0,1,0,20,21,0,41,0,0,0,41
02/08/2008,ALO,IA,ACE,CE,Combined TRACON& Tower with Radar,1,13,26,2,42,0,0,22,10,32,1,13,48,12,74,34,0,34,108
02/09/2008,ALO,IA,ACE,CE,Combined TRACON& Tower with Radar,2,4,3,0,9,0,0,0,4,4,2,4,3,4,13,0,0,0,13
02/10/2008,ALO,IA,ACE,CE,Combined TRACON& Tower with Radar,0,5,9,0,14,0,0,0,0,0,0,5,9,0,14,0,0,0,14
02/11/2008,ALO,IA,ACE,CE,Combined TRACON& Tower with Radar,0,10,8,0,18,0,0,2,0,2,0,10,10,0,20,0,0,0,20
02/12/2008,ALO,IA,ACE,CE,Combined TRACON& Tower with Radar,1,10,22,0,33,0,0,12,2,14,1,10,34,2,47,47,0,47,94
02/13/2008,ALO,IA,ACE,CE,Combined TRACON& Tower with Radar,2,10,27,0,39,0,0,17,0,17,2,10,44,0,56,10,4,14,70
02/14/2008,ALO,IA,ACE,CE,Combined TRACON& Tower with Radar,0,11,17,0,28,0,0,0,0,0,0,11,17,0,28,0,0,0,28
02/15/2008,ALO,IA,ACE,CE,Combined TRACON& Tower with Radar,1,6,24,0,31,0,0,17,5,22,1,6,41,5,53,2,0,2,55
02/16/2008,ALO,IA,ACE,CE,Combined TRACON& Tower with Radar,1,4,4,0,9,0,0,39,0,39,1,4,43,0,48,28,0,28,76
02/17/2008,ALO,IA,ACE,CE,Combined TRACON& Tower with Radar,0,0,0,0,0,0,0,0,0,0,0,0,0,0,0,0,0,0,0
02/18/2008,ALO,IA,ACE,CE,Combined TRACON& Tower with Radar,1,3,15,0,19,0,0,0,0,0,1,3,15,0,19,0,0,0,19
02/19/2008,ALO,IA,ACE,CE,Combined TRACON& Tower with Radar,1,9,26,1,37,0,0,12,0,12,1,9,38,1,49,4,0,4,53
02/20/2008,ALO,IA,ACE,CE,Combined TRACON& Tower with Radar,1,10,19,1,31,0,0,11,9,20,1,10,30,10,51,14,0,14,65
02/21/2008,ALO,IA,ACE,CE,Combined TRACON& Tower with Radar,2,13,12,1,28,0,0,12,5,17,2,13,24,6,45,0,6,6,51
02/22/2008,ALO,IA,ACE,CE,Combined TRACON& Tower with Radar,1,10,18,0,29,0,0,23,0,23,1,10,41,0,52,0,0,0,52
02/23/2008,ALO,IA,ACE,CE,Combined TRACON& Tower with Radar,0,6,17,0,23,0,0,19,0,19,0,6,36,0,42,10,0,10,52
02/24/2008,ALO,IA,ACE,CE,Combined TRACON& Tower with Radar,0,8,10,0,18,0,0,11,0,11,0,8,21,0,29,42,0,42,71
02/25/2008,ALO,IA,ACE,CE,Combined TRACON& Tower with Radar,0,2,2,0,4,0,0,0,0,0,0,2,2,0,4,0,0,0,4
02/26/2008,ALO,IA,ACE,CE,Combined TRACON& Tower with Radar,1,8,15,1,25,0,0,4,5,9,1,8,19,6,34,2,30,32,66
02/27/2008,ALO,IA,ACE,CE,Combined TRACON& Tower with Radar,1,10,28,0,39,0,0,22,4,26,1,10,50,4,65,32,20,52,117
02/28/2008,ALO,IA,ACE,CE,Combined TRACON& Tower with Radar,2,13,31,0,46,0,0,8,2,10,2,13,39,2,56,0,0,0,56
02/29/2008,ALO,IA,ACE,CE,Combined TRACON& Tower with Radar,1,8,13,2,24,0,0,21,2,23,1,8,34,4,47,2,0,2,49
03/01/2008,ALO,IA,ACE,CE,Combined TRACON& Tower with Radar,1,5,9,0,15,0,0,24,0,24,1,5,33,0,39,16,2,18,57
03/02/2008,ALO,IA,ACE,CE,Combined TRACON& Tower with Radar,0,6,15,0,21,0,0,2,0,2,0,6,17,0,23,0,0,0,23
03/03/2008,ALO,IA,ACE,CE,Combined TRACON& Tower with Radar,0,13,19,0,32,0,0,8,2,10,0,13,27,2,42,0,0,0,42
03/04/2008,ALO,IA,ACE,CE,Combined TRACON& Tower with Radar,0,16,25,2,43,0,0,36,0,36,0,16,61,2,79,56,22,78,157
03/05/2008,ALO,IA,ACE,CE,Combined TRACON& Tower with Radar,0,10,7,6,23,0,0,0,0,0,0,10,7,6,23,0,82,82,105
03/06/2008,ALO,IA,ACE,CE,Combined TRACON& Tower with Radar,1,8,23,4,36,0,0,27,12,39,1,8,50,16,75,6,16,22,97
03/07/2008,ALO,IA,ACE,CE,Combined TRACON& Tower with Radar,1,9,36,0,46,0,0,17,1,18,1,9,53,1,64,0,10,10,74
03/08/2008,ALO,IA,ACE,CE,Combined TRACON& Tower with Radar,1,5,14,0,20,0,0,14,1,15,1,5,28,1,35,8,0,8,43
03/09/2008,ALO,IA,ACE,CE,Combined TRACON& Tower with Radar,0,8,28,0,36,0,0,7,0,7,0,8,35,0,43,16,0,16,59
03/10/2008,ALO,IA,ACE,CE,Combined TRACON& Tower with Radar,1,8,12,0,21,0,0,18,0,18,1,8,30,0,39,18,0,18,57
03/11/2008,ALO,IA,ACE,CE,Combined TRACON& Tower with Radar,0,14,23,0,37,0,0,25,5,30,0,14,48,5,67,4,4,8,75
03/12/2008,ALO,IA,ACE,CE,Combined TRACON& Tower with Radar,1,18,29,4,52,0,0,20,4,24,1,18,49,8,76,14,0,14,90
03/13/2008,ALO,IA,ACE,CE,Combined TRACON& Tower with Radar,1,8,27,2,38,0,0,26,3,29,1,8,53,5,67,20,0,20,87
03/14/2008,ALO,IA,ACE,CE,Combined TRACON& Tower with Radar,1,8,21,0,30,0,0,13,7,20,1,8,34,7,50,36,4,40,90
03/15/2008,ALO,IA,ACE,CE,Combined TRACON& Tower with Radar,1,7,10,0,18,0,0,18,1,19,1,7,28,1,37,10,10,20,57
03/16/2008,ALO,IA,ACE,CE,Combined TRACON& Tower with Radar,0,5,13,0,18,0,0,6,3,9,0,5,19,3,27,8,0,8,35
03/17/2008,ALO,IA,ACE,CE,Combined TRACON& Tower with Radar,1,11,13,0,25,0,0,0,1,1,1,11,13,1,26,0,8,8,34
03/18/2008,ALO,IA,ACE,CE,Combined TRACON& Tower with Radar,0,10,12,4,26,0,0,0,0,0,0,10,12,4,26,0,0,0,26
03/19/2008,ALO,IA,ACE,CE,Combined TRACON& Tower with Radar,1,10,20,5,36,0,0,29,5,34,1,10,49,10,70,82,54,136,206
03/20/2008,ALO,IA,ACE,CE,Combined TRACON& Tower with Radar,1,12,20,7,40,0,0,14,11,25,1,12,34,18,65,14,0,14,79
03/21/2008,ALO,IA,ACE,CE,Combined TRACON& Tower with Radar,1,6,9,0,16,0,0,0,1,1,1,6,9,1,17,0,0,0,17
03/22/2008,ALO,IA,ACE,CE,Combined TRACON& Tower with Radar,1,5,12,0,18,0,0,2,0,2,1,5,14,0,20,4,0,4,24
03/23/2008,ALO,IA,ACE,CE,Combined TRACON& Tower with Radar,0,5,5,0,10,0,0,2,0,2,0,5,7,0,12,0,0,0,12
03/24/2008,ALO,IA,ACE,CE,Combined TRACON& Tower with Radar,1,9,29,4,43,0,0,20,0,20,1,9,49,4,63,34,18,52,115
03/25/2008,ALO,IA,ACE,CE,Combined TRACON& Tower with Radar,1,12,25,3,41,0,0,15,3,18,1,12,40,6,59,4,0,4,63
03/26/2008,ALO,IA,ACE,CE,Combined TRACON& Tower with Radar,1,8,27,0,36,0,0,31,6,37,1,8,58,6,73,30,2,32,105
03/27/2008,ALO,IA,ACE,CE,Combined TRACON& Tower with Radar,0,10,11,1,22,0,0,2,0,2,0,10,13,1,24,0,0,0,24
03/28/2008,ALO,IA,ACE,CE,Combined TRACON& Tower with Radar,1,8,13,3,25,0,0,43,3,46,1,8,56,6,71,60,4,64,135
03/29/2008,ALO,IA,ACE,CE,Combined TRACON& Tower with Radar,1,5,11,0,17,0,0,24,0,24,1,5,35,0,41,6,0,6,47
03/30/2008,ALO,IA,ACE,CE,Combined TRACON& Tower with Radar,0,5,3,0,8,0,0,2,0,2,0,5,5,0,10,36,0,36,46
03/31/2008,ALO,IA,ACE,CE,Combined TRACON& Tower with Radar,0,6,6,0,12,0,0,0,0,0,0,6,6,0,12,0,0,0,12
04/01/2008,ALO,IA,ACE,CE,Combined TRACON& Tower with Radar,0,8,22,0,30,0,0,16,1,17,0,8,38,1,47,18,0,18,65
04/02/2008,ALO,IA,ACE,CE,Combined TRACON& Tower with Radar,0,8,11,4,23,0,0,23,4,27,0,8,34,8,50,66,8,74,124
04/03/2008,ALO,IA,ACE,CE,Combined TRACON& Tower with Radar,1,14,15,0,30,0,0,10,2,12,1,14,25,2,42,58,0,58,100
04/04/2008,ALO,IA,ACE,CE,Combined TRACON& Tower with Radar,1,10,28,0,39,0,0,36,0,36,1,10,64,0,75,74,0,74,149
04/05/2008,ALO,IA,ACE,CE,Combined TRACON& Tower with Radar,1,6,7,0,14,0,0,19,1,20,1,6,26,1,34,10,0,10,44
04/06/2008,ALO,IA,ACE,CE,Combined TRACON& Tower with Radar,0,6,19,0,25,0,0,13,0,13,0,6,32,0,38,4,0,4,42
04/07/2008,ALO,IA,ACE,CE,Combined TRACON& Tower with Radar,1,8,18,7,34,0,0,9,0,9,1,8,27,7,43,6,10,16,59
04/08/2008,ALO,IA,ACE,CE,Combined TRACON& Tower with Radar,1,10,35,19,65,0,0,5,2,7,1,10,40,21,72,14,0,14,86
04/09/2008,ALO,IA,ACE,CE,Combined TRACON& Tower with Radar,1,12,25,0,38,0,0,17,7,24,1,12,42,7,62,18,12,30,92
04/10/2008,ALO,IA,ACE,CE,Combined TRACON& Tower with Radar,1,8,4,0,13,0,0,0,0,0,1,8,4,0,13,0,0,0,13
04/11/2008,ALO,IA,ACE,CE,Combined TRACON& Tower with Radar,0,8,15,3,26,0,0,3,7,10,0,8,18,10,36,10,6,16,52
04/12/2008,ALO,IA,ACE,CE,Combined TRACON& Tower with Radar,1,5,4,2,12,0,0,2,2,4,1,5,6,4,16,0,0,0,16
04/13/2008,ALO,IA,ACE,CE,Combined TRACON& Tower with Radar,4,3,6,0,13,0,0,16,1,17,4,3,22,1,30,22,0,22,52
04/14/2008,ALO,IA,ACE,CE,Combined TRACON& Tower with Radar,1,8,14,0,23,0,0,54,0,54,1,8,68,0,77,78,0,78,155
04/15/2008,ALO,IA,ACE,CE,Combined TRACON& Tower with Radar,1,8,23,0,32,0,0,18,0,18,1,8,41,0,50,2,0,2,52
04/16/2008,ALO,IA,ACE,CE,Combined TRACON& Tower with Radar,1,8,17,3,29,0,0,11,4,15,1,8,28,7,44,12,0,12,56
04/17/2008,ALO,IA,ACE,CE,Combined TRACON& Tower with Radar,1,12,26,0,39,0,0,4,1,5,1,12,30,1,44,8,0,8,52
04/18/2008,ALO,IA,ACE,CE,Combined TRACON& Tower with Radar,1,8,19,6,34,0,0,0,0,0,1,8,19,6,34,0,0,0,34
04/19/2008,ALO,IA,ACE,CE,Combined TRACON& Tower with Radar,1,5,26,0,32,0,0,0,0,0,1,5,26,0,32,0,0,0,32
04/20/2008,ALO,IA,ACE,CE,Combined TRACON& Tower with Radar,0,7,35,0,42,0,0,24,0,24,0,7,59,0,66,32,0,32,98
04/21/2008,ALO,IA,ACE,CE,Combined TRACON& Tower with Radar,2,13,21,0,36,0,0,25,1,26,2,13,46,1,62,38,0,38,100
04/22/2008,ALO,IA,ACE,CE,Combined TRACON& Tower with Radar,1,8,42,1,52,0,0,12,4,16,1,8,54,5,68,44,0,44,112
04/23/2008,ALO,IA,ACE,CE,Combined TRACON& Tower with Radar,1,9,30,1,41,0,0,30,0,30,1,9,60,1,71,50,4,54,125
04/24/2008,ALO,IA,ACE,CE,Combined TRACON& Tower with Radar,1,11,22,2,36,0,0,3,3,6,1,11,25,5,42,8,14,22,64
04/25/2008,ALO,IA,ACE,CE,Combined TRACON& Tower with Radar,1,8,22,2,33,0,0,6,1,7,1,8,28,3,40,28,0,28,68
04/26/2008,ALO,IA,ACE,CE,Combined TRACON& Tower with Radar,2,5,7,0,14,0,0,11,0,11,2,5,18,0,25,0,0,0,25
04/27/2008,ALO,IA,ACE,CE,Combined TRACON& Tower with Radar,0,5,8,0,13,0,8,23,0,31,0,13,31,0,44,54,0,54,98
04/28/2008,ALO,IA,ACE,CE,Combined TRACON& Tower with Radar,1,16,18,0,35,0,0,14,0,14,1,16,32,0,49,6,0,6,55
04/29/2008,ALO,IA,ACE,CE,Combined TRACON& Tower with Radar,1,7,25,1,34,0,0,45,4,49,1,7,70,5,83,90,0,90,173
04/30/2008,ALO,IA,ACE,CE,Combined TRACON& Tower with Radar,1,11,22,1,35,0,0,18,2,20,1,11,40,3,55,26,0,26,81
05/01/2008,ALO,IA,ACE,CE,Combined TRACON& Tower with Radar,1,14,15,5,35,0,0,10,7,17,1,14,25,12,52,12,14,26,78
05/02/2008,ALO,IA,ACE,CE,Combined TRACON& Tower with Radar,1,10,11,0,22,0,0,3,0,3,1,10,14,0,25,0,0,0,25
05/03/2008,ALO,IA,ACE,CE,Combined TRACON& Tower with Radar,1,5,8,0,14,0,0,12,2,14,1,5,20,2,28,0,0,0,28
05/04/2008,ALO,IA,ACE,CE,Combined TRACON& Tower with Radar,0,5,14,0,19,0,0,30,10,40,0,5,44,10,59,2,0,2,61
05/05/2008,ALO,IA,ACE,CE,Combined TRACON& Tower with Radar,1,10,14,8,33,0,0,37,7,44,1,10,51,15,77,40,0,40,117
05/06/2008,ALO,IA,ACE,CE,Combined TRACON& Tower with Radar,1,16,30,4,51,0,0,18,1,19,1,16,48,5,70,42,14,56,126
05/07/2008,ALO,IA,ACE,CE,Combined TRACON& Tower with Radar,1,8,33,0,42,0,0,8,4,12,1,8,41,4,54,16,0,16,70
05/08/2008,ALO,IA,ACE,CE,Combined TRACON& Tower with Radar,1,12,12,0,25,0,0,21,4,25,1,12,33,4,50,24,0,24,74
05/09/2008,ALO,IA,ACE,CE,Combined TRACON& Tower with Radar,1,8,22,0,31,0,0,14,15,29,1,8,36,15,60,20,0,20,80
05/10/2008,ALO,IA,ACE,CE,Combined TRACON& Tower with Radar,3,3,11,10,27,0,0,5,16,21,3,3,16,26,48,0,10,10,58
05/11/2008,ALO,IA,ACE,CE,Combined TRACON& Tower with Radar,0,5,8,0,13,0,0,5,0,5,0,5,13,0,18,2,0,2,20
05/12/2008,ALO,IA,ACE,CE,Combined TRACON& Tower with Radar,1,10,31,0,42,0,0,37,4,41,1,10,68,4,83,48,10,58,141
05/13/2008,ALO,IA,ACE,CE,Combined TRACON& Tower with Radar,1,12,15,0,28,0,0,14,1,15,1,12,29,1,43,10,0,10,53
05/14/2008,ALO,IA,ACE,CE,Combined TRACON& Tower with Radar,1,10,34,3,48,0,0,0,0,0,1,10,34,3,48,30,3,33,81
05/15/2008,ALO,IA,ACE,CE,Combined TRACON& Tower with Radar,1,12,15,0,28,0,0,55,5,60,1,12,70,5,88,20,0,20,108
05/16/2008,ALO,IA,ACE,CE,Combined TRACON& Tower with Radar,1,8,31,0,40,0,0,28,1,29,1,8,59,1,69,0,0,0,69
05/17/2008,ALO,IA,ACE,CE,Combined TRACON& Tower with Radar,1,5,28,0,34,0,0,29,0,29,1,5,57,0,63,10,0,10,73
05/18/2008,ALO,IA,ACE,CE,Combined TRACON& Tower with Radar,0,5,4,0,9,0,0,24,1,25,0,5,28,1,34,16,0,16,50
05/19/2008,ALO,IA,ACE,CE,Combined TRACON& Tower with Radar,1,11,15,0,27,0,0,18,1,19,1,11,33,1,46,2,0,2,48
05/20/2008,ALO,IA,ACE,CE,Combined TRACON& Tower with Radar,1,12,11,0,24,0,0,20,0,20,1,12,31,0,44,16,0,16,60
05/21/2008,ALO,IA,ACE,CE,Combined TRACON& Tower with Radar,1,8,17,0,26,0,0,43,6,49,1,8,60,6,75,48,0,48,123
05/22/2008,ALO,IA,ACE,CE,Combined TRACON& Tower with Radar,1,12,18,0,31,0,0,13,0,13,1,12,31,0,44,12,0,12,56
05/23/2008,ALO,IA,ACE,CE,Combined TRACON& Tower with Radar,1,8,21,0,30,0,0,10,0,10,1,8,31,0,40,34,0,34,74
05/24/2008,ALO,IA,ACE,CE,Combined TRACON& Tower with Radar,1,5,5,0,11,0,0,9,2,11,1,5,14,2,22,14,0,14,36
05/25/2008,ALO,IA,ACE,CE,Combined TRACON& Tower with Radar,0,3,23,0,26,0,0,4,0,4,0,3,27,0,30,0,0,0,30
05/26/2008,ALO,IA,ACE,CE,Combined TRACON& Tower with Radar,1,6,11,0,18,0,0,28,0,28,1,6,39,0,46,0,0,0,46
05/27/2008,ALO,IA,ACE,CE,Combined TRACON& Tower with Radar,1,8,16,0,25,0,0,14,0,14,1,8,30,0,39,16,0,16,55
05/28/2008,ALO,IA,ACE,CE,Combined TRACON& Tower with Radar,1,8,30,4,43,0,0,40,5,45,1,8,70,9,88,42,0,42,130
05/29/2008,ALO,IA,ACE,CE,Combined TRACON& Tower with Radar,1,8,21,0,30,0,0,3,0,3,1,8,24,0,33,16,0,16,49
05/30/2008,ALO,IA,ACE,CE,Combined TRACON& Tower with Radar,2,6,16,0,24,0,0,18,8,26,2,6,34,8,50,46,2,48,98
05/31/2008,ALO,IA,ACE,CE,Combined TRACON& Tower with Radar,1,5,19,0,25,0,0,27,2,29,1,5,46,2,54,56,0,56,110
06/01/2008,ALO,IA,ACE,CE,Combined TRACON& Tower with Radar,0,5,21,0,26,0,0,44,0,44,0,5,65,0,70,14,0,14,84
06/02/2008,ALO,IA,ACE,CE,Combined TRACON& Tower with Radar,1,9,17,0,27,0,0,16,5,21,1,9,33,5,48,30,0,30,78
06/03/2008,ALO,IA,ACE,CE,Combined TRACON& Tower with Radar,1,10,22,0,33,0,0,5,3,8,1,10,27,3,41,32,12,44,85
06/04/2008,ALO,IA,ACE,CE,Combined TRACON& Tower with Radar,1,12,19,3,35,0,0,6,1,7,1,12,25,4,42,78,2,80,122
06/05/2008,ALO,IA,ACE,CE,Combined TRACON& Tower with Radar,0,8,25,0,33,0,0,12,0,12,0,8,37,0,45,56,0,56,101
06/06/2008,ALO,IA,ACE,CE,Combined TRACON& Tower with Radar,1,9,18,1,29,0,0,0,7,7,1,9,18,8,36,18,0,18,54
06/07/2008,ALO,IA,ACE,CE,Combined TRACON& Tower with Radar,3,5,5,0,13,0,0,10,1,11,3,5,15,1,24,18,0,18,42
06/08/2008,ALO,IA,ACE,CE,Combined TRACON& Tower with Radar,1,5,2,0,8,0,0,3,0,3,1,5,5,0,11,16,0,16,27
06/09/2008,ALO,IA,ACE,CE,Combined TRACON& Tower with Radar,1,10,37,0,48,0,0,32,6,38,1,10,69,6,86,90,0,90,176
06/10/2008,ALO,IA,ACE,CE,Combined TRACON& Tower with Radar,1,8,30,0,39,0,0,68,12,80,1,8,98,12,119,148,0,148,267
06/11/2008,ALO,IA,ACE,CE,Combined TRACON& Tower with Radar,0,8,10,0,18,0,0,18,1,19,0,8,28,1,37,30,0,30,67
06/12/2008,ALO,IA,ACE,CE,Combined TRACON& Tower with Radar,2,10,16,9,37,0,0,18,2,20,2,10,34,11,57,62,0,62,119
06/13/2008,ALO,IA,ACE,CE,Combined TRACON& Tower with Radar,1,8,5,2,16,0,0,48,3,51,1,8,53,5,67,66,0,66,133
06/14/2008,ALO,IA,ACE,CE,Combined TRACON& Tower with Radar,1,5,11,0,17,0,0,34,0,34,1,5,45,0,51,72,0,72,123
06/15/2008,ALO,IA,ACE,CE,Combined TRACON& Tower with Radar,0,5,8,0,13,0,0,25,1,26,0,5,33,1,39,24,0,24,63
06/16/2008,ALO,IA,ACE,CE,Combined TRACON& Tower with Radar,1,8,17,0,26,0,0,37,6,43,1,8,54,6,69,56,4,60,129
06/17/2008,ALO,IA,ACE,CE,Combined TRACON& Tower with Radar,1,8,26,0,35,0,0,31,3,34,1,8,57,3,69,90,0,90,159
06/18/2008,ALO,IA,ACE,CE,Combined TRACON& Tower with Radar,1,12,18,0,31,0,0,36,8,44,1,12,54,8,75,54,0,54,129
06/19/2008,ALO,IA,ACE,CE,Combined TRACON& Tower with Radar,1,8,20,3,32,0,0,49,5,54,1,8,69,8,86,90,0,90,176
06/20/2008,ALO,IA,ACE,CE,Combined TRACON& Tower with Radar,1,8,11,0,20,0,0,30,0,30,1,8,41,0,50,46,0,46,96
06/21/2008,ALO,IA,ACE,CE,Combined TRACON& Tower with Radar,1,5,13,0,19,0,0,24,0,24,1,5,37,0,43,20,0,20,63
06/22/2008,ALO,IA,ACE,CE,Combined TRACON& Tower with Radar,1,5,11,0,17,0,0,32,0,32,1,5,43,0,49,26,0,26,75
06/23/2008,ALO,IA,ACE,CE,Combined TRACON& Tower with Radar,1,8,19,0,28,0,0,58,1,59,1,8,77,1,87,124,4,128,215
06/24/2008,ALO,IA,ACE,CE,Combined TRACON& Tower with Radar,1,16,26,2,45,0,1,28,3,32,1,17,54,5,77,42,0,42,119
06/25/2008,ALO,IA,ACE,CE,Combined TRACON& Tower with Radar,1,8,20,5,34,0,0,25,2,27,1,8,45,7,61,52,10,62,123
06/26/2008,ALO,IA,ACE,CE,Combined TRACON& Tower with Radar,1,12,22,0,35,0,0,18,0,18,1,12,40,0,53,32,0,32,85
06/27/2008,ALO,IA,ACE,CE,Combined TRACON& Tower with Radar,1,10,21,0,32,0,0,34,0,34,1,10,55,0,66,38,0,38,104
06/28/2008,ALO,IA,ACE,CE,Combined TRACON& Tower with Radar,1,5,9,0,15,0,0,17,0,17,1,5,26,0,32,4,0,4,36
06/29/2008,ALO,IA,ACE,CE,Combined TRACON& Tower with Radar,1,5,11,0,17,0,0,16,0,16,1,5,27,0,33,10,0,10,43
06/30/2008,ALO,IA,ACE,CE,Combined TRACON& Tower with Radar,1,7,31,1,40,0,0,54,3,57,1,7,85,4,97,62,10,72,169
07/01/2008,ALO,IA,ACE,CE,Combined TRACON& Tower with Radar,1,10,61,2,74,1,0,35,2,38,2,10,96,4,112,40,0,40,152
07/02/2008,ALO,IA,ACE,CE,Combined TRACON& Tower with Radar,1,11,13,1,26,0,0,15,1,16,1,11,28,2,42,10,0,10,52
07/03/2008,ALO,IA,ACE,CE,Combined TRACON& Tower with Radar,1,8,25,0,34,0,0,30,2,32,1,8,55,2,66,0,8,8,74
07/04/2008,ALO,IA,ACE,CE,Combined TRACON& Tower with Radar,1,4,4,4,13,0,0,23,0,23,1,4,27,4,36,26,0,26,62
07/05/2008,ALO,IA,ACE,CE,Combined TRACON& Tower with Radar,0,5,13,0,18,0,0,23,0,23,0,5,36,0,41,54,0,54,95
07/06/2008,ALO,IA,ACE,CE,Combined TRACON& Tower with Radar,1,5,7,0,13,0,0,12,0,12,1,5,19,0,25,4,0,4,29
07/07/2008,ALO,IA,ACE,CE,Combined TRACON& Tower with Radar,1,8,26,0,35,0,0,0,0,0,1,8,26,0,35,0,0,0,35
07/08/2008,ALO,IA,ACE,CE,Combined TRACON& Tower with Radar,1,12,35,0,48,0,0,13,6,19,1,12,48,6,67,36,0,36,103
07/09/2008,ALO,IA,ACE,CE,Combined TRACON& Tower with Radar,1,8,25,0,34,0,0,30,2,32,1,8,55,2,66,28,0,28,94
07/10/2008,ALO,IA,ACE,CE,Combined TRACON& Tower with Radar,1,12,20,0,33,0,0,23,2,25,1,12,43,2,58,8,0,8,66
07/11/2008,ALO,IA,ACE,CE,Combined TRACON& Tower with Radar,1,10,27,0,38,0,0,18,0,18,1,10,45,0,56,8,0,8,64
07/12/2008,ALO,IA,ACE,CE,Combined TRACON& Tower with Radar,1,6,4,0,11,0,0,7,0,7,1,6,11,0,18,22,0,22,40
07/13/2008,ALO,IA,ACE,CE,Combined TRACON& Tower with Radar,1,7,10,0,18,0,0,25,0,25,1,7,35,0,43,4,0,4,47
07/14/2008,ALO,IA,ACE,CE,Combined TRACON& Tower with Radar,1,9,19,0,29,0,0,25,2,27,1,9,44,2,56,42,0,42,98
07/15/2008,ALO,IA,ACE,CE,Combined TRACON& Tower with Radar,1,12,23,0,36,0,1,29,8,38,1,13,52,8,74,50,8,58,132
07/16/2008,ALO,IA,ACE,CE,Combined TRACON& Tower with Radar,1,13,21,1,36,0,0,23,8,31,1,13,44,9,67,48,0,48,115
07/17/2008,ALO,IA,ACE,CE,Combined TRACON& Tower with Radar,1,15,10,1,27,0,0,26,3,29,1,15,36,4,56,80,0,80,136
07/18/2008,ALO,IA,ACE,CE,Combined TRACON& Tower with Radar,1,10,34,4,49,0,0,13,3,16,1,10,47,7,65,0,0,0,65
07/19/2008,ALO,IA,ACE,CE,Combined TRACON& Tower with Radar,1,9,19,0,29,0,0,5,3,8,1,9,24,3,37,0,0,0,37
07/20/2008,ALO,IA,ACE,CE,Combined TRACON& Tower with Radar,1,5,8,0,14,0,0,25,2,27,1,5,33,2,41,14,0,14,55
07/21/2008,ALO,IA,ACE,CE,Combined TRACON& Tower with Radar,1,10,19,2,32,0,0,14,5,19,1,10,33,7,51,68,18,86,137
07/22/2008,ALO,IA,ACE,CE,Combined TRACON& Tower with Radar,1,8,33,3,45,0,0,41,9,50,1,8,74,12,95,60,6,66,161
07/23/2008,ALO,IA,ACE,CE,Combined TRACON& Tower with Radar,1,5,74,5,85,0,0,44,5,49,1,5,118,10,134,40,0,40,174
07/24/2008,ALO,IA,ACE,CE,Combined TRACON& Tower with Radar,1,14,31,0,46,0,0,20,9,29,1,14,51,9,75,26,22,48,123
07/25/2008,ALO,IA,ACE,CE,Combined TRACON& Tower with Radar,1,10,25,12,48,0,0,9,0,9,1,10,34,12,57,0,0,0,57
07/26/2008,ALO,IA,ACE,CE,Combined TRACON& Tower with Radar,0,5,10,0,15,0,0,20,0,20,0,5,30,0,35,28,0,28,63
07/27/2008,ALO,IA,ACE,CE,Combined TRACON& Tower with Radar,1,4,13,0,18,0,0,15,0,15,1,4,28,0,33,2,0,2,35
07/28/2008,ALO,IA,ACE,CE,Combined TRACON& Tower with Radar,1,8,13,4,26,0,0,8,9,17,1,8,21,13,43,20,10,30,73
07/29/2008,ALO,IA,ACE,CE,Combined TRACON& Tower with Radar,1,14,19,0,34,0,0,16,2,18,1,14,35,2,52,0,0,0,52
07/30/2008,ALO,IA,ACE,CE,Combined TRACON& Tower with Radar,1,10,15,0,26,0,0,39,2,41,1,10,54,2,67,18,6,24,91
07/31/2008,ALO,IA,ACE,CE,Combined TRACON& Tower with Radar,0,10,19,0,29,0,0,28,1,29,0,10,47,1,58,2,0,2,60
08/01/2008,ALO,IA,ACE,CE,Combined TRACON& Tower with Radar,0,9,19,1,29,0,0,24,0,24,0,9,43,1,53,6,0,6,59
08/02/2008,ALO,IA,ACE,CE,Combined TRACON& Tower with Radar,1,5,5,0,11,0,0,35,0,35,1,5,40,0,46,32,0,32,78
08/03/2008,ALO,IA,ACE,CE,Combined TRACON& Tower with Radar,1,6,10,0,17,0,0,10,1,11,1,6,20,1,28,16,0,16,44
08/04/2008,ALO,IA,ACE,CE,Combined TRACON& Tower with Radar,1,8,26,0,35,0,0,12,2,14,1,8,38,2,49,10,0,10,59
08/05/2008,ALO,IA,ACE,CE,Combined TRACON& Tower with Radar,1,10,17,1,29,0,0,47,2,49,1,10,64,3,78,68,0,68,146
08/06/2008,ALO,IA,ACE,CE,Combined TRACON& Tower with Radar,1,8,19,0,28,0,0,24,1,25,1,8,43,1,53,58,0,58,111
08/07/2008,ALO,IA,ACE,CE,Combined TRACON& Tower with Radar,1,14,41,0,56,0,0,45,1,46,1,14,86,1,102,8,0,8,110
08/08/2008,ALO,IA,ACE,CE,Combined TRACON& Tower with Radar,1,11,21,0,33,0,0,37,2,39,1,11,58,2,72,14,0,14,86
08/09/2008,ALO,IA,ACE,CE,Combined TRACON& Tower with Radar,1,5,5,0,11,0,0,13,1,14,1,5,18,1,25,0,0,0,25
08/10/2008,ALO,IA,ACE,CE,Combined TRACON& Tower with Radar,1,7,13,0,21,0,0,39,0,39,1,7,52,0,60,36,0,36,96
08/11/2008,ALO,IA,ACE,CE,Combined TRACON& Tower with Radar,1,8,23,0,32,0,0,24,0,24,1,8,47,0,56,4,0,4,60
08/12/2008,ALO,IA,ACE,CE,Combined TRACON& Tower with Radar,1,15,12,0,28,0,0,7,1,8,1,15,19,1,36,0,0,0,36
08/13/2008,ALO,IA,ACE,CE,Combined TRACON& Tower with Radar,1,7,27,0,35,0,0,23,4,27,1,7,50,4,62,12,0,12,74
08/14/2008,ALO,IA,ACE,CE,Combined TRACON& Tower with Radar,1,9,22,2,34,0,0,17,2,19,1,9,39,4,53,6,0,6,59
08/15/2008,ALO,IA,ACE,CE,Combined TRACON& Tower with Radar,1,8,18,0,27,0,0,18,0,18,1,8,36,0,45,40,0,40,85
08/16/2008,ALO,IA,ACE,CE,Combined TRACON& Tower with Radar,1,5,7,0,13,0,0,38,0,38,1,5,45,0,51,12,0,12,63
08/17/2008,ALO,IA,ACE,CE,Combined TRACON& Tower with Radar,1,5,17,0,23,0,0,33,2,35,1,5,50,2,58,0,0,0,58
08/18/2008,ALO,IA,ACE,CE,Combined TRACON& Tower with Radar,1,8,21,0,30,0,0,21,0,21,1,8,42,0,51,16,0,16,67
08/19/2008,ALO,IA,ACE,CE,Combined TRACON& Tower with Radar,1,15,17,1,34,0,0,20,3,23,1,15,37,4,57,42,10,52,109
08/20/2008,ALO,IA,ACE,CE,Combined TRACON& Tower with Radar,1,12,16,2,31,0,0,17,1,18,1,12,33,3,49,30,0,30,79
08/21/2008,ALO,IA,ACE,CE,Combined TRACON& Tower with Radar,1,13,27,1,42,0,0,0,0,0,1,13,27,1,42,0,0,0,42
08/22/2008,ALO,IA,ACE,CE,Combined TRACON& Tower with Radar,1,11,28,0,40,0,0,12,3,15,1,11,40,3,55,4,4,8,63
08/23/2008,ALO,IA,ACE,CE,Combined TRACON& Tower with Radar,1,5,2,0,8,0,0,32,0,32,1,5,34,0,40,44,2,46,86
08/24/2008,ALO,IA,ACE,CE,Combined TRACON& Tower with Radar,0,5,13,0,18,0,0,35,2,37,0,5,48,2,55,20,0,20,75
08/25/2008,ALO,IA,ACE,CE,Combined TRACON& Tower with Radar,1,8,20,0,29,0,0,34,1,35,1,8,54,1,64,34,0,34,98
08/26/2008,ALO,IA,ACE,CE,Combined TRACON& Tower with Radar,1,10,20,0,31,0,0,18,2,20,1,10,38,2,51,20,12,32,83
08/27/2008,ALO,IA,ACE,CE,Combined TRACON& Tower with Radar,1,10,17,0,28,0,0,22,0,22,1,10,39,0,50,8,4,12,62
08/28/2008,ALO,IA,ACE,CE,Combined TRACON& Tower with Radar,1,8,36,0,45,0,0,29,0,29,1,8,65,0,74,30,0,30,104
08/29/2008,ALO,IA,ACE,CE,Combined TRACON& Tower with Radar,3,8,18,0,29,0,0,24,0,24,3,8,42,0,53,14,0,14,67
08/30/2008,ALO,IA,ACE,CE,Combined TRACON& Tower with Radar,1,5,32,0,38,0,0,30,0,30,1,5,62,0,68,30,0,30,98
08/31/2008,ALO,IA,ACE,CE,Combined TRACON& Tower with Radar,1,5,12,0,18,0,0,21,0,21,1,5,33,0,39,8,0,8,47
09/01/2008,ALO,IA,ACE,CE,Combined TRACON& Tower with Radar,1,6,9,0,16,0,0,23,0,23,1,6,32,0,39,22,0,22,61
09/02/2008,ALO,IA,ACE,CE,Combined TRACON& Tower with Radar,1,9,21,0,31,0,0,10,0,10,1,9,31,0,41,8,0,8,49
09/03/2008,ALO,IA,ACE,CE,Combined TRACON& Tower with Radar,1,8,25,0,34,0,0,32,0,32,1,8,57,0,66,18,0,18,84
09/04/2008,ALO,IA,ACE,CE,Combined TRACON& Tower with Radar,1,8,26,0,35,0,0,5,3,8,1,8,31,3,43,22,0,22,65
09/05/2008,ALO,IA,ACE,CE,Combined TRACON& Tower with Radar,1,8,31,0,40,0,0,16,0,16,1,8,47,0,56,36,0,36,92
09/06/2008,ALO,IA,ACE,CE,Combined TRACON& Tower with Radar,1,7,11,0,19,0,0,12,2,14,1,7,23,2,33,16,0,16,49
09/07/2008,ALO,IA,ACE,CE,Combined TRACON& Tower with Radar,0,5,21,0,26,0,0,31,0,31,0,5,52,0,57,20,0,20,77
09/08/2008,ALO,IA,ACE,CE,Combined TRACON& Tower with Radar,1,8,12,2,23,0,0,7,0,7,1,8,19,2,30,0,0,0,30
09/09/2008,ALO,IA,ACE,CE,Combined TRACON& Tower with Radar,1,10,27,0,38,0,0,36,0,36,1,10,63,0,74,88,0,88,162
09/10/2008,ALO,IA,ACE,CE,Combined TRACON& Tower with Radar,1,10,10,0,21,0,0,23,0,23,1,10,33,0,44,40,0,40,84
09/11/2008,ALO,IA,ACE,CE,Combined TRACON& Tower with Radar,1,10,21,0,32,0,0,0,0,0,1,10,21,0,32,0,0,0,32
09/12/2008,ALO,IA,ACE,CE,Combined TRACON& Tower with Radar,1,11,15,0,27,0,0,2,0,2,1,11,17,0,29,16,0,16,45
09/13/2008,ALO,IA,ACE,CE,Combined TRACON& Tower with Radar,1,5,3,0,9,0,0,0,0,0,1,5,3,0,9,0,0,0,9
09/14/2008,ALO,IA,ACE,CE,Combined TRACON& Tower with Radar,0,5,9,0,14,0,0,10,1,11,0,5,19,1,25,14,0,14,39
09/15/2008,ALO,IA,ACE,CE,Combined TRACON& Tower with Radar,1,13,33,0,47,0,0,19,0,19,1,13,52,0,66,36,0,36,102
09/16/2008,ALO,IA,ACE,CE,Combined TRACON& Tower with Radar,1,15,13,0,29,0,0,28,0,28,1,15,41,0,57,22,0,22,79
09/17/2008,ALO,IA,ACE,CE,Combined TRACON& Tower with Radar,1,9,25,0,35,0,0,30,0,30,1,9,55,0,65,20,0,20,85
09/18/2008,ALO,IA,ACE,CE,Combined TRACON& Tower with Radar,1,16,18,0,35,0,0,20,0,20,1,16,38,0,55,12,0,12,67
09/19/2008,ALO,IA,ACE,CE,Combined TRACON& Tower with Radar,1,12,17,0,30,0,0,28,0,28,1,12,45,0,58,34,0,34,92
09/20/2008,ALO,IA,ACE,CE,Combined TRACON& Tower with Radar,1,4,7,0,12,0,0,34,0,34,1,4,41,0,46,18,0,18,64
09/21/2008,ALO,IA,ACE,CE,Combined TRACON& Tower with Radar,0,9,19,0,28,0,0,48,0,48,0,9,67,0,76,28,0,28,104
09/22/2008,ALO,IA,ACE,CE,Combined TRACON& Tower with Radar,1,8,22,0,31,0,0,9,0,9,1,8,31,0,40,24,0,24,64
09/23/2008,ALO,IA,ACE,CE,Combined TRACON& Tower with Radar,1,7,19,0,27,0,0,14,0,14,1,7,33,0,41,0,0,0,41
09/24/2008,ALO,IA,ACE,CE,Combined TRACON& Tower with Radar,1,10,26,0,37,0,0,20,0,20,1,10,46,0,57,20,0,20,77
09/25/2008,ALO,IA,ACE,CE,Combined TRACON& Tower with Radar,1,12,33,2,48,0,0,12,0,12,1,12,45,2,60,2,0,2,62
09/26/2008,ALO,IA,ACE,CE,Combined TRACON& Tower with Radar,3,10,24,0,37,0,0,40,0,40,3,10,64,0,77,32,0,32,109
09/27/2008,ALO,IA,ACE,CE,Combined TRACON& Tower with Radar,1,5,6,0,12,0,0,32,0,32,1,5,38,0,44,12,0,12,56
09/28/2008,ALO,IA,ACE,CE,Combined TRACON& Tower with Radar,0,7,19,0,26,0,0,16,0,16,0,7,35,0,42,0,0,0,42
09/29/2008,ALO,IA,ACE,CE,Combined TRACON& Tower with Radar,1,8,15,0,24,0,0,4,0,4,1,8,19,0,28,8,0,8,36
09/30/2008,ALO,IA,ACE,CE,Combined TRACON& Tower with Radar,1,10,21,0,32,0,0,18,0,18,1,10,39,0,50,10,0,10,60
10/01/2008,ALO,IA,ACE,CE,Combined TRACON& Tower with Radar,3,10,24,0,37,0,0,18,1,19,3,10,42,1,56,8,0,8,64
10/02/2008,ALO,IA,ACE,CE,Combined TRACON& Tower with Radar,1,16,19,0,36,0,0,26,0,26,1,16,45,0,62,8,0,8,70
10/03/2008,ALO,IA,ACE,CE,Combined TRACON& Tower with Radar,1,10,22,0,33,0,0,35,2,37,1,10,57,2,70,20,0,20,90
10/04/2008,ALO,IA,ACE,CE,Combined TRACON& Tower with Radar,1,5,10,0,16,0,0,19,0,19,1,5,29,0,35,10,0,10,45
10/05/2008,ALO,IA,ACE,CE,Combined TRACON& Tower with Radar,0,5,16,0,21,0,0,11,0,11,0,5,27,0,32,0,0,0,32
10/06/2008,ALO,IA,ACE,CE,Combined TRACON& Tower with Radar,1,10,21,0,32,0,0,13,3,16,1,10,34,3,48,6,0,6,54
10/07/2008,ALO,IA,ACE,CE,Combined TRACON& Tower with Radar,1,10,20,0,31,0,0,2,0,2,1,10,22,0,33,0,0,0,33
10/08/2008,ALO,IA,ACE,CE,Combined TRACON& Tower with Radar,1,11,19,1,32,0,0,26,11,37,1,11,45,12,69,62,10,72,141
10/09/2008,ALO,IA,ACE,CE,Combined TRACON& Tower with Radar,1,13,21,0,35,0,0,19,12,31,1,13,40,12,66,48,2,50,116
10/10/2008,ALO,IA,ACE,CE,Combined TRACON& Tower with Radar,1,7,22,0,30,0,0,15,5,20,1,7,37,5,50,0,2,2,52
10/11/2008,ALO,IA,ACE,CE,Combined TRACON& Tower with Radar,1,5,8,0,14,0,0,20,0,20,1,5,28,0,34,0,0,0,34
10/12/2008,ALO,IA,ACE,CE,Combined TRACON& Tower with Radar,0,7,4,0,11,0,0,7,0,7,0,7,11,0,18,30,0,30,48
10/13/2008,ALO,IA,ACE,CE,Combined TRACON& Tower with Radar,0,8,20,0,28,0,0,6,0,6,0,8,26,0,34,0,0,0,34
10/14/2008,ALO,IA,ACE,CE,Combined TRACON& Tower with Radar,1,11,18,4,34,0,0,15,1,16,1,11,33,5,50,0,0,0,50
10/15/2008,ALO,IA,ACE,CE,Combined TRACON& Tower with Radar,1,9,13,2,25,0,0,1,8,9,1,9,14,10,34,0,4,4,38
10/16/2008,ALO,IA,ACE,CE,Combined TRACON& Tower with Radar,1,8,20,0,29,0,0,35,2,37,1,8,55,2,66,6,0,6,72
10/17/2008,ALO,IA,ACE,CE,Combined TRACON& Tower with Radar,4,6,10,0,20,0,0,14,0,14,4,6,24,0,34,30,0,30,64
10/18/2008,ALO,IA,ACE,CE,Combined TRACON& Tower with Radar,2,5,18,0,25,0,0,13,5,18,2,5,31,5,43,0,2,2,45
10/19/2008,ALO,IA,ACE,CE,Combined TRACON& Tower with Radar,0,5,10,0,15,0,0,19,1,20,0,5,29,1,35,10,0,10,45
10/20/2008,ALO,IA,ACE,CE,Combined TRACON& Tower with Radar,1,8,32,0,41,0,0,20,4,24,1,8,52,4,65,18,0,18,83
10/21/2008,ALO,IA,ACE,CE,Combined TRACON& Tower with Radar,1,13,20,0,34,0,0,14,0,14,1,13,34,0,48,14,0,14,62
10/22/2008,ALO,IA,ACE,CE,Combined TRACON& Tower with Radar,1,8,17,0,26,0,0,13,1,14,1,8,30,1,40,4,12,16,56
10/23/2008,ALO,IA,ACE,CE,Combined TRACON& Tower with Radar,1,14,13,0,28,0,0,8,0,8,1,14,21,0,36,0,0,0,36
10/24/2008,ALO,IA,ACE,CE,Combined TRACON& Tower with Radar,3,8,22,0,33,0,0,0,0,0,3,8,22,0,33,0,0,0,33
10/25/2008,ALO,IA,ACE,CE,Combined TRACON& Tower with Radar,2,5,8,0,15,0,0,18,1,19,2,5,26,1,34,2,2,4,38
10/26/2008,ALO,IA,ACE,CE,Combined TRACON& Tower with Radar,1,7,7,0,15,0,0,3,2,5,1,7,10,2,20,0,2,2,22
10/27/2008,ALO,IA,ACE,CE,Combined TRACON& Tower with Radar,1,10,17,0,28,0,0,9,1,10,1,10,26,1,38,0,0,0,38
10/28/2008,ALO,IA,ACE,CE,Combined TRACON& Tower with Radar,1,10,28,0,39,0,0,36,2,38,1,10,64,2,77,18,0,18,95
10/29/2008,ALO,IA,ACE,CE,Combined TRACON& Tower with Radar,1,10,19,0,30,0,0,28,6,34,1,10,47,6,64,4,0,4,68
10/30/2008,ALO,IA,ACE,CE,Combined TRACON& Tower with Radar,1,22,28,0,51,0,0,32,3,35,1,22,60,3,86,18,0,18,104
10/31/2008,ALO,IA,ACE,CE,Combined TRACON& Tower with Radar,1,10,18,0,29,0,0,37,0,37,1,10,55,0,66,40,0,40,106
11/01/2008,ALO,IA,ACE,CE,Combined TRACON& Tower with Radar,1,9,20,0,30,0,0,28,0,28,1,9,48,0,58,20,0,20,78
11/02/2008,ALO,IA,ACE,CE,Combined TRACON& Tower with Radar,1,6,9,0,16,0,0,31,0,31,1,6,40,0,47,22,0,22,69
11/03/2008,ALO,IA,ACE,CE,Combined TRACON& Tower with Radar,1,8,15,0,24,0,0,10,0,10,1,8,25,0,34,4,0,4,38
11/04/2008,ALO,IA,ACE,CE,Combined TRACON& Tower with Radar,9,15,24,0,48,0,0,13,0,13,9,15,37,0,61,4,0,4,65
11/05/2008,ALO,IA,ACE,CE,Combined TRACON& Tower with Radar,1,17,16,0,34,0,0,6,0,6,1,17,22,0,40,8,0,8,48
11/06/2008,ALO,IA,ACE,CE,Combined TRACON& Tower with Radar,1,12,19,0,32,0,0,6,0,6,1,12,25,0,38,0,0,0,38
11/07/2008,ALO,IA,ACE,CE,Combined TRACON& Tower with Radar,2,8,7,0,17,0,0,0,0,0,2,8,7,0,17,0,0,0,17
11/08/2008,ALO,IA,ACE,CE,Combined TRACON& Tower with Radar,3,5,6,0,14,0,0,0,0,0,3,5,6,0,14,0,0,0,14
11/09/2008,ALO,IA,ACE,CE,Combined TRACON& Tower with Radar,0,5,7,0,12,0,0,9,0,9,0,5,16,0,21,16,0,16,37
11/10/2008,ALO,IA,ACE,CE,Combined TRACON& Tower with Radar,0,12,32,0,44,0,0,44,0,44,0,12,76,0,88,34,0,34,122
11/11/2008,ALO,IA,ACE,CE,Combined TRACON& Tower with Radar,0,10,7,0,17,0,0,0,0,0,0,10,7,0,17,0,0,0,17
11/12/2008,ALO,IA,ACE,CE,Combined TRACON& Tower with Radar,1,8,8,0,17,0,1,4,2,7,1,9,12,2,24,16,0,16,40
11/13/2008,ALO,IA,ACE,CE,Combined TRACON& Tower with Radar,1,8,23,1,33,0,0,8,2,10,1,8,31,3,43,0,0,0,43
11/14/2008,ALO,IA,ACE,CE,Combined TRACON& Tower with Radar,3,8,19,0,30,0,0,0,0,0,3,8,19,0,30,0,0,0,30
11/15/2008,ALO,IA,ACE,CE,Combined TRACON& Tower with Radar,2,5,13,0,20,0,0,4,1,5,2,5,17,1,25,0,0,0,25
11/16/2008,ALO,IA,ACE,CE,Combined TRACON& Tower with Radar,0,5,5,0,10,0,0,15,4,19,0,5,20,4,29,10,0,10,39
11/17/2008,ALO,IA,ACE,CE,Combined TRACON& Tower with Radar,1,8,9,0,18,0,0,7,7,14,1,8,16,7,32,4,0,4,36
11/18/2008,ALO,IA,ACE,CE,Combined TRACON& Tower with Radar,0,13,16,0,29,0,0,42,6,48,0,13,58,6,77,36,0,36,113
11/19/2008,ALO,IA,ACE,CE,Combined TRACON& Tower with Radar,1,11,20,0,32,0,0,16,9,25,1,11,36,9,57,22,0,22,79
11/20/2008,ALO,IA,ACE,CE,Combined TRACON& Tower with Radar,1,10,11,1,23,0,0,18,6,24,1,10,29,7,47,60,0,60,107
11/21/2008,ALO,IA,ACE,CE,Combined TRACON& Tower with Radar,3,8,12,2,25,0,0,16,1,17,3,8,28,3,42,24,14,38,80
11/22/2008,ALO,IA,ACE,CE,Combined TRACON& Tower with Radar,2,5,8,0,15,0,0,7,0,7,2,5,15,0,22,38,0,38,60
11/23/2008,ALO,IA,ACE,CE,Combined TRACON& Tower with Radar,0,5,5,0,10,0,0,20,0,20,0,5,25,0,30,30,0,30,60
11/24/2008,ALO,IA,ACE,CE,Combined TRACON& Tower with Radar,1,7,9,0,17,0,0,11,1,12,1,7,20,1,29,48,0,48,77
11/25/2008,ALO,IA,ACE,CE,Combined TRACON& Tower with Radar,1,9,23,1,34,0,0,29,2,31,1,9,52,3,65,78,0,78,143
11/26/2008,ALO,IA,ACE,CE,Combined TRACON& Tower with Radar,0,8,15,0,23,0,0,41,0,41,0,8,56,0,64,36,0,36,100
11/27/2008,ALO,IA,ACE,CE,Combined TRACON& Tower with Radar,1,4,3,0,8,0,0,8,0,8,1,4,11,0,16,26,0,26,42
11/28/2008,ALO,IA,ACE,CE,Combined TRACON& Tower with Radar,2,9,6,0,17,0,0,34,0,34,2,9,40,0,51,30,0,30,81
11/29/2008,ALO,IA,ACE,CE,Combined TRACON& Tower with Radar,3,5,5,0,13,0,0,18,0,18,3,5,23,0,31,12,0,12,43
11/30/2008,ALO,IA,ACE,CE,Combined TRACON& Tower with Radar,0,5,11,0,16,0,0,0,0,0,0,5,11,0,16,0,0,0,16
12/01/2008,ALO,IA,ACE,CE,Combined TRACON& Tower with Radar,1,9,20,0,30,0,0,13,0,13,1,9,33,0,43,12,0,12,55
12/02/2008,ALO,IA,ACE,CE,Combined TRACON& Tower with Radar,1,15,9,0,25,0,0,11,1,12,1,15,20,1,37,98,0,98,135
12/03/2008,ALO,IA,ACE,CE,Combined TRACON& Tower with Radar,1,8,2,1,12,0,0,17,7,24,1,8,19,8,36,48,0,48,84
12/04/2008,ALO,IA,ACE,CE,Combined TRACON& Tower with Radar,1,11,17,1,30,0,0,11,2,13,1,11,28,3,43,2,0,2,45
12/05/2008,ALO,IA,ACE,CE,Combined TRACON& Tower with Radar,4,7,13,0,24,0,0,19,0,19,4,7,32,0,43,32,0,32,75
12/06/2008,ALO,IA,ACE,CE,Combined TRACON& Tower with Radar,1,5,11,0,17,0,0,5,0,5,1,5,16,0,22,0,0,0,22
12/07/2008,ALO,IA,ACE,CE,Combined TRACON& Tower with Radar,0,5,9,0,14,0,0,3,0,3,0,5,12,0,17,4,0,4,21
12/08/2008,ALO,IA,ACE,CE,Combined TRACON& Tower with Radar,1,10,11,0,22,0,0,5,0,5,1,10,16,0,27,0,0,0,27
12/09/2008,ALO,IA,ACE,CE,Combined TRACON& Tower with Radar,0,7,3,0,10,0,0,0,0,0,0,7,3,0,10,0,0,0,10
12/10/2008,ALO,IA,ACE,CE,Combined TRACON& Tower with Radar,0,8,20,1,29,0,0,15,5,20,0,8,35,6,49,0,0,0,49
12/11/2008,ALO,IA,ACE,CE,Combined TRACON& Tower with Radar,3,16,13,0,32,0,0,9,2,11,3,16,22,2,43,20,0,20,63
12/12/2008,ALO,IA,ACE,CE,Combined TRACON& Tower with Radar,1,10,28,0,39,0,1,10,10,21,1,11,38,10,60,20,0,20,80
12/13/2008,ALO,IA,ACE,CE,Combined TRACON& Tower with Radar,2,7,15,0,24,0,0,10,0,10,2,7,25,0,34,2,0,2,36
12/14/2008,ALO,IA,ACE,CE,Combined TRACON& Tower with Radar,0,6,10,0,16,0,0,0,0,0,0,6,10,0,16,0,0,0,16
12/15/2008,ALO,IA,ACE,CE,Combined TRACON& Tower with Radar,3,8,17,0,28,0,0,3,2,5,3,8,20,2,33,0,0,0,33
12/16/2008,ALO,IA,ACE,CE,Combined TRACON& Tower with Radar,1,7,12,0,20,0,0,2,0,2,1,7,14,0,22,2,0,2,24
12/17/2008,ALO,IA,ACE,CE,Combined TRACON& Tower with Radar,1,9,18,0,28,0,0,20,11,31,1,9,38,11,59,22,0,22,81
12/18/2008,ALO,IA,ACE,CE,Combined TRACON& Tower with Radar,1,8,14,0,23,0,0,12,0,12,1,8,26,0,35,6,0,6,41
12/19/2008,ALO,IA,ACE,CE,Combined TRACON& Tower with Radar,0,8,20,0,28,0,0,0,0,0,0,8,20,0,28,0,0,0,28
12/20/2008,ALO,IA,ACE,CE,Combined TRACON& Tower with Radar,0,3,7,0,10,0,0,0,0,0,0,3,7,0,10,0,0,0,10
12/21/2008,ALO,IA,ACE,CE,Combined TRACON& Tower with Radar,1,5,7,0,13,0,0,0,0,0,1,5,7,0,13,0,0,0,13
12/22/2008,ALO,IA,ACE,CE,Combined TRACON& Tower with Radar,1,8,16,0,25,0,0,9,0,9,1,8,25,0,34,2,0,2,36
12/23/2008,ALO,IA,ACE,CE,Combined TRACON& Tower with Radar,0,8,8,0,16,0,0,5,3,8,0,8,13,3,24,10,22,32,56
12/24/2008,ALO,IA,ACE,CE,Combined TRACON& Tower with Radar,0,10,2,0,12,0,0,1,0,1,0,10,3,0,13,0,0,0,13
12/25/2008,ALO,IA,ACE,CE,Combined TRACON& Tower with Radar,0,6,2,0,8,0,0,3,0,3,0,6,5,0,11,0,0,0,11
12/26/2008,ALO,IA,ACE,CE,Combined TRACON& Tower with Radar,0,6,5,0,11,0,0,0,0,0,0,6,5,0,11,0,0,0,11
12/27/2008,ALO,IA,ACE,CE,Combined TRACON& Tower with Radar,0,2,5,0,7,0,0,1,0,1,0,2,6,0,8,0,0,0,8
12/28/2008,ALO,IA,ACE,CE,Combined TRACON& Tower with Radar,0,8,3,0,11,0,0,12,0,12,0,8,15,0,23,2,0,2,25
12/29/2008,ALO,IA,ACE,CE,Combined TRACON& Tower with Radar,1,8,11,0,20,0,0,11,0,11,1,8,22,0,31,0,0,0,31
12/30/2008,ALO,IA,ACE,CE,Combined TRACON& Tower with Radar,1,5,13,0,19,0,0,3,3,6,1,5,16,3,25,20,0,20,45
12/31/2008,ALO,IA,ACE,CE,Combined TRACON& Tower with Radar,0,8,11,2,21,0,0,20,0,20,0,8,31,2,41,26,0,26,67
01/01/2009,ALO,IA,ACE,CE,Combined TRACON& Tower with Radar,1,6,2,0,9,0,0,0,0,0,1,6,2,0,9,0,0,0,9
01/02/2009,ALO,IA,ACE,CE,Combined TRACON& Tower with Radar,1,8,9,0,18,0,0,8,0,8,1,8,17,0,26,0,0,0,26
01/03/2009,ALO,IA,ACE,CE,Combined TRACON& Tower with Radar,2,4,7,0,13,0,0,1,0,1,2,4,8,0,14,0,0,0,14
01/04/2009,ALO,IA,ACE,CE,Combined TRACON& Tower with Radar,0,4,6,0,10,0,0,2,0,2,0,4,8,0,12,2,0,2,14
01/05/2009,ALO,IA,ACE,CE,Combined TRACON& Tower with Radar,1,8,19,0,28,0,0,10,0,10,1,8,29,0,38,38,0,38,76
01/06/2009,ALO,IA,ACE,CE,Combined TRACON& Tower with Radar,2,12,6,0,20,0,0,14,0,14,2,12,20,0,34,64,0,64,98
01/07/2009,ALO,IA,ACE,CE,Combined TRACON& Tower with Radar,1,10,12,0,23,0,0,0,6,6,1,10,12,6,29,0,0,0,29
01/08/2009,ALO,IA,ACE,CE,Combined TRACON& Tower with Radar,1,12,14,0,27,0,0,13,5,18,1,12,27,5,45,56,6,62,107
01/09/2009,ALO,IA,ACE,CE,Combined TRACON& Tower with Radar,0,9,16,0,25,0,0,7,2,9,0,9,23,2,34,0,0,0,34
01/10/2009,ALO,IA,ACE,CE,Combined TRACON& Tower with Radar,1,7,18,3,29,0,0,6,9,15,1,7,24,12,44,4,0,4,48
01/11/2009,ALO,IA,ACE,CE,Combined TRACON& Tower with Radar,0,7,10,6,23,0,0,2,9,11,0,7,12,15,34,8,4,12,46
01/12/2009,ALO,IA,ACE,CE,Combined TRACON& Tower with Radar,1,10,9,0,20,0,0,0,0,0,1,10,9,0,20,0,0,0,20
01/13/2009,ALO,IA,ACE,CE,Combined TRACON& Tower with Radar,0,7,20,0,27,0,0,7,1,8,0,7,27,1,35,0,0,0,35
01/14/2009,ALO,IA,ACE,CE,Combined TRACON& Tower with Radar,1,11,5,0,17,0,0,0,0,0,1,11,5,0,17,0,0,0,17
01/15/2009,ALO,IA,ACE,CE,Combined TRACON& Tower with Radar,1,6,9,0,16,0,0,4,0,4,1,6,13,0,20,0,0,0,20
01/16/2009,ALO,IA,ACE,CE,Combined TRACON& Tower with Radar,0,8,12,0,20,0,0,2,0,2,0,8,14,0,22,0,0,0,22
01/17/2009,ALO,IA,ACE,CE,Combined TRACON& Tower with Radar,2,3,6,0,11,0,0,0,0,0,2,3,6,0,11,0,0,0,11
01/18/2009,ALO,IA,ACE,CE,Combined TRACON& Tower with Radar,0,5,11,0,16,0,0,1,0,1,0,5,12,0,17,0,0,0,17
01/19/2009,ALO,IA,ACE,CE,Combined TRACON& Tower with Radar,1,10,11,0,22,0,0,5,0,5,1,10,16,0,27,48,0,48,75
01/20/2009,ALO,IA,ACE,CE,Combined TRACON& Tower with Radar,1,12,11,0,24,0,0,20,2,22,1,12,31,2,46,88,0,88,134
01/21/2009,ALO,IA,ACE,CE,Combined TRACON& Tower with Radar,1,8,20,10,39,0,0,21,10,31,1,8,41,20,70,94,18,112,182
01/22/2009,ALO,IA,ACE,CE,Combined TRACON& Tower with Radar,1,14,23,0,38,0,0,28,9,37,1,14,51,9,75,40,6,46,121
01/23/2009,ALO,IA,ACE,CE,Combined TRACON& Tower with Radar,1,9,22,4,36,0,0,1,1,2,1,9,23,5,38,0,4,4,42
01/24/2009,ALO,IA,ACE,CE,Combined TRACON& Tower with Radar,1,6,8,2,17,0,0,25,4,29,1,6,33,6,46,48,0,48,94
01/25/2009,ALO,IA,ACE,CE,Combined TRACON& Tower with Radar,0,9,5,0,14,0,0,16,0,16,0,9,21,0,30,46,0,46,76
01/26/2009,ALO,IA,ACE,CE,Combined TRACON& Tower with Radar,1,8,17,0,26,0,0,12,0,12,1,8,29,0,38,26,0,26,64
01/27/2009,ALO,IA,ACE,CE,Combined TRACON& Tower with Radar,1,8,7,1,17,0,0,4,3,7,1,8,11,4,24,0,0,0,24
01/28/2009,ALO,IA,ACE,CE,Combined TRACON& Tower with Radar,1,8,15,0,24,0,0,9,6,15,1,8,24,6,39,8,0,8,47
01/29/2009,ALO,IA,ACE,CE,Combined TRACON& Tower with Radar,2,6,11,0,19,0,0,1,0,1,2,6,12,0,20,0,0,0,20
01/30/2009,ALO,IA,ACE,CE,Combined TRACON& Tower with Radar,1,8,19,0,28,0,0,29,6,35,1,8,48,6,63,18,0,18,81
01/31/2009,ALO,IA,ACE,CE,Combined TRACON& Tower with Radar,1,5,20,0,26,0,0,24,0,24,1,5,44,0,50,42,0,42,92
02/01/2009,ALO,IA,ACE,CE,Combined TRACON& Tower with Radar,0,5,6,0,11,0,0,13,0,13,0,5,19,0,24,32,0,32,56
02/02/2009,ALO,IA,ACE,CE,Combined TRACON& Tower with Radar,1,10,8,0,19,0,0,10,2,12,1,10,18,2,31,0,0,0,31
02/03/2009,ALO,IA,ACE,CE,Combined TRACON& Tower with Radar,1,8,33,0,42,0,0,20,0,20,1,8,53,0,62,0,0,0,62
02/04/2009,ALO,IA,ACE,CE,Combined TRACON& Tower with Radar,1,8,13,4,26,0,0,24,3,27,1,8,37,7,53,6,0,6,59
02/05/2009,ALO,IA,ACE,CE,Combined TRACON& Tower with Radar,1,14,7,0,22,0,0,26,2,28,1,14,33,2,50,90,0,90,140
02/06/2009,ALO,IA,ACE,CE,Combined TRACON& Tower with Radar,1,8,7,4,20,0,0,23,1,24,1,8,30,5,44,54,0,54,98
02/07/2009,ALO,IA,ACE,CE,Combined TRACON& Tower with Radar,1,5,15,1,22,0,0,30,4,34,1,5,45,5,56,42,0,42,98
02/08/2009,ALO,IA,ACE,CE,Combined TRACON& Tower with Radar,0,5,23,0,28,0,0,33,0,33,0,5,56,0,61,26,0,26,87
02/09/2009,ALO,IA,ACE,CE,Combined TRACON& Tower with Radar,1,13,7,0,21,0,0,2,0,2,1,13,9,0,23,0,0,0,23
02/10/2009,ALO,IA,ACE,CE,Combined TRACON& Tower with Radar,1,12,17,6,36,0,0,19,1,20,1,12,36,7,56,18,0,18,74
02/11/2009,ALO,IA,ACE,CE,Combined TRACON& Tower with Radar,1,9,12,5,27,0,0,7,3,10,1,9,19,8,37,0,6,6,43
02/12/2009,ALO,IA,ACE,CE,Combined TRACON& Tower with Radar,1,7,15,0,23,0,0,18,3,21,1,7,33,3,44,10,0,10,54
02/13/2009,ALO,IA,ACE,CE,Combined TRACON& Tower with Radar,1,13,23,0,37,0,0,16,1,17,1,13,39,1,54,18,0,18,72
02/14/2009,ALO,IA,ACE,CE,Combined TRACON& Tower with Radar,1,5,2,0,8,0,0,18,0,18,1,5,20,0,26,8,0,8,34
02/15/2009,ALO,IA,ACE,CE,Combined TRACON& Tower with Radar,0,5,16,0,21,0,0,17,0,17,0,5,33,0,38,14,0,14,52
02/16/2009,ALO,IA,ACE,CE,Combined TRACON& Tower with Radar,5,2,13,0,20,0,0,30,0,30,5,2,43,0,50,60,0,60,110
02/17/2009,ALO,IA,ACE,CE,Combined TRACON& Tower with Radar,1,8,32,0,41,0,0,13,5,18,1,8,45,5,59,42,0,42,101
02/18/2009,ALO,IA,ACE,CE,Combined TRACON& Tower with Radar,1,8,7,0,16,0,0,10,0,10,1,8,17,0,26,0,0,0,26
02/19/2009,ALO,IA,ACE,CE,Combined TRACON& Tower with Radar,1,12,11,0,24,0,0,25,5,30,1,12,36,5,54,60,0,60,114
02/20/2009,ALO,IA,ACE,CE,Combined TRACON& Tower with Radar,3,5,14,0,22,0,0,25,3,28,3,5,39,3,50,16,0,16,66
02/21/2009,ALO,IA,ACE,CE,Combined TRACON& Tower with Radar,1,6,3,0,10,0,0,1,0,1,1,6,4,0,11,0,0,0,11
02/22/2009,ALO,IA,ACE,CE,Combined TRACON& Tower with Radar,2,5,29,0,36,0,1,27,0,28,2,6,56,0,64,174,0,174,238
02/23/2009,ALO,IA,ACE,CE,Combined TRACON& Tower with Radar,1,8,13,2,24,0,0,24,4,28,1,8,37,6,52,108,2,110,162
02/24/2009,ALO,IA,ACE,CE,Combined TRACON& Tower with Radar,2,8,18,0,28,0,0,26,3,29,2,8,44,3,57,118,0,118,175
02/25/2009,ALO,IA,ACE,CE,Combined TRACON& Tower with Radar,1,8,9,1,19,0,0,30,6,36,1,8,39,7,55,36,0,36,91
02/26/2009,ALO,IA,ACE,CE,Combined TRACON& Tower with Radar,1,7,8,0,16,0,0,0,0,0,1,7,8,0,16,0,0,0,16
02/27/2009,ALO,IA,ACE,CE,Combined TRACON& Tower with Radar,1,10,19,0,30,0,0,12,0,12,1,10,31,0,42,26,0,26,68
02/28/2009,ALO,IA,ACE,CE,Combined TRACON& Tower with Radar,1,5,8,0,14,0,0,13,1,14,1,5,21,1,28,114,0,114,142
03/01/2009,ALO,IA,ACE,CE,Combined TRACON& Tower with Radar,0,7,4,0,11,0,0,23,2,25,0,7,27,2,36,28,0,28,64
03/02/2009,ALO,IA,ACE,CE,Combined TRACON& Tower with Radar,1,8,19,0,28,0,0,19,0,19,1,8,38,0,47,48,0,48,95
03/03/2009,ALO,IA,ACE,CE,Combined TRACON& Tower with Radar,1,13,30,0,44,0,0,14,0,14,1,13,44,0,58,82,0,82,140
03/04/2009,ALO,IA,ACE,CE,Combined TRACON& Tower with Radar,1,8,27,0,36,0,0,27,3,30,1,8,54,3,66,110,0,110,176
03/05/2009,ALO,IA,ACE,CE,Combined TRACON& Tower with Radar,2,12,20,0,34,0,0,30,3,33,2,12,50,3,67,80,0,80,147
03/06/2009,ALO,IA,ACE,CE,Combined TRACON& Tower with Radar,0,9,29,0,38,0,0,55,2,57,0,9,84,2,95,186,0,186,281
03/07/2009,ALO,IA,ACE,CE,Combined TRACON& Tower with Radar,1,8,6,0,15,0,0,0,0,0,1,8,6,0,15,0,0,0,15
03/08/2009,ALO,IA,ACE,CE,Combined TRACON& Tower with Radar,0,5,3,0,8,0,0,1,0,1,0,5,4,0,9,0,0,0,9
03/09/2009,ALO,IA,ACE,CE,Combined TRACON& Tower with Radar,1,8,11,0,20,0,0,0,0,0,1,8,11,0,20,0,0,0,20
03/10/2009,ALO,IA,ACE,CE,Combined TRACON& Tower with Radar,1,16,7,0,24,0,0,0,0,0,1,16,7,0,24,0,0,0,24
03/11/2009,ALO,IA,ACE,CE,Combined TRACON& Tower with Radar,1,8,21,0,30,0,0,12,25,37,1,8,33,25,67,58,0,58,125
03/12/2009,ALO,IA,ACE,CE,Combined TRACON& Tower with Radar,1,12,18,2,33,0,0,24,12,36,1,12,42,14,69,98,0,98,167
03/13/2009,ALO,IA,ACE,CE,Combined TRACON& Tower with Radar,1,8,10,0,19,0,0,35,9,44,1,8,45,9,63,100,0,100,163
03/14/2009,ALO,IA,ACE,CE,Combined TRACON& Tower with Radar,1,5,23,1,30,0,0,49,0,49,1,5,72,1,79,118,0,118,197
03/15/2009,ALO,IA,ACE,CE,Combined TRACON& Tower with Radar,0,5,11,0,16,0,0,15,0,15,0,5,26,0,31,32,0,32,63
03/16/2009,ALO,IA,ACE,CE,Combined TRACON& Tower with Radar,0,8,11,0,19,0,0,16,4,20,0,8,27,4,39,120,0,120,159
03/17/2009,ALO,IA,ACE,CE,Combined TRACON& Tower with Radar,3,14,18,4,39,0,0,20,1,21,3,14,38,5,60,98,0,98,158
03/18/2009,ALO,IA,ACE,CE,Combined TRACON& Tower with Radar,1,8,15,1,25,0,0,18,3,21,1,8,33,4,46,96,0,96,142
03/19/2009,ALO,IA,ACE,CE,Combined TRACON& Tower with Radar,1,12,12,0,25,0,0,31,0,31,1,12,43,0,56,114,0,114,170
03/20/2009,ALO,IA,ACE,CE,Combined TRACON& Tower with Radar,1,7,12,0,20,0,0,20,4,24,1,7,32,4,44,50,6,56,100
03/21/2009,ALO,IA,ACE,CE,Combined TRACON& Tower with Radar,1,5,9,1,16,0,0,26,5,31,1,5,35,6,47,34,10,44,91
03/22/2009,ALO,IA,ACE,CE,Combined TRACON& Tower with Radar,0,5,12,0,17,0,0,3,0,3,0,5,15,0,20,0,0,0,20
03/23/2009,ALO,IA,ACE,CE,Combined TRACON& Tower with Radar,1,10,13,0,24,0,0,2,0,2,1,10,15,0,26,12,0,12,38
03/24/2009,ALO,IA,ACE,CE,Combined TRACON& Tower with Radar,1,14,7,0,22,0,0,3,0,3,1,14,10,0,25,26,0,26,51
03/25/2009,ALO,IA,ACE,CE,Combined TRACON& Tower with Radar,1,9,21,0,31,0,0,10,1,11,1,9,31,1,42,44,0,44,86
03/26/2009,ALO,IA,ACE,CE,Combined TRACON& Tower with Radar,1,9,22,2,34,0,0,23,0,23,1,9,45,2,57,150,0,150,207
03/27/2009,ALO,IA,ACE,CE,Combined TRACON& Tower with Radar,0,12,18,0,30,0,0,8,0,8,0,12,26,0,38,46,0,46,84
03/28/2009,ALO,IA,ACE,CE,Combined TRACON& Tower with Radar,1,5,0,0,6,0,0,10,0,10,1,5,10,0,16,22,0,22,38
03/29/2009,ALO,IA,ACE,CE,Combined TRACON& Tower with Radar,0,5,7,0,12,0,0,22,0,22,0,5,29,0,34,30,0,30,64
03/30/2009,ALO,IA,ACE,CE,Combined TRACON& Tower with Radar,1,10,10,0,21,0,0,3,1,4,1,10,13,1,25,0,0,0,25
03/31/2009,ALO,IA,ACE,CE,Combined TRACON& Tower with Radar,0,11,5,0,16,0,0,6,0,6,0,11,11,0,22,0,0,0,22
04/01/2009,ALO,IA,ACE,CE,Combined TRACON& Tower with Radar,1,8,5,0,14,0,0,9,5,14,1,8,14,5,28,0,0,0,28
04/02/2009,ALO,IA,ACE,CE,Combined TRACON& Tower with Radar,1,10,30,0,41,0,0,18,1,19,1,10,48,1,60,78,0,78,138
04/03/2009,ALO,IA,ACE,CE,Combined TRACON& Tower with Radar,0,9,17,0,26,0,0,36,1,37,0,9,53,1,63,76,0,76,139
04/04/2009,ALO,IA,ACE,CE,Combined TRACON& Tower with Radar,1,6,6,0,13,0,0,10,7,17,1,6,16,7,30,24,0,24,54
04/05/2009,ALO,IA,ACE,CE,Combined TRACON& Tower with Radar,0,6,0,0,6,0,0,0,0,0,0,6,0,0,6,0,0,0,6
04/06/2009,ALO,IA,ACE,CE,Combined TRACON& Tower with Radar,0,9,3,0,12,0,0,8,0,8,0,9,11,0,20,6,0,6,26
04/07/2009,ALO,IA,ACE,CE,Combined TRACON& Tower with Radar,2,14,16,0,32,0,0,27,1,28,2,14,43,1,60,2,0,2,62
04/08/2009,ALO,IA,ACE,CE,Combined TRACON& Tower with Radar,1,7,18,1,27,0,0,19,8,27,1,7,37,9,54,24,8,32,86
04/09/2009,ALO,IA,ACE,CE,Combined TRACON& Tower with Radar,1,8,17,0,26,0,0,16,0,16,1,8,33,0,42,40,0,40,82
04/10/2009,ALO,IA,ACE,CE,Combined TRACON& Tower with Radar,1,9,14,0,24,0,0,18,0,18,1,9,32,0,42,16,0,16,58
04/11/2009,ALO,IA,ACE,CE,Combined TRACON& Tower with Radar,1,3,2,0,6,0,0,27,0,27,1,3,29,0,33,34,0,34,67
04/12/2009,ALO,IA,ACE,CE,Combined TRACON& Tower with Radar,0,3,3,0,6,0,0,9,0,9,0,3,12,0,15,4,0,4,19
04/13/2009,ALO,IA,ACE,CE,Combined TRACON& Tower with Radar,2,6,9,0,17,0,0,2,1,3,2,6,11,1,20,22,0,22,42
04/14/2009,ALO,IA,ACE,CE,Combined TRACON& Tower with Radar,1,6,16,0,23,0,0,10,2,12,1,6,26,2,35,26,0,26,61
04/15/2009,ALO,IA,ACE,CE,Combined TRACON& Tower with Radar,1,7,13,0,21,0,0,20,0,20,1,7,33,0,41,30,0,30,71
04/16/2009,ALO,IA,ACE,CE,Combined TRACON& Tower with Radar,1,10,13,0,24,0,0,12,0,12,1,10,25,0,36,82,0,82,118
04/17/2009,ALO,IA,ACE,CE,Combined TRACON& Tower with Radar,0,8,28,0,36,0,0,24,2,26,0,8,52,2,62,44,22,66,128
04/18/2009,ALO,IA,ACE,CE,Combined TRACON& Tower with Radar,1,3,0,0,4,0,0,8,0,8,1,3,8,0,12,48,0,48,60
04/19/2009,ALO,IA,ACE,CE,Combined TRACON& Tower with Radar,0,4,8,0,12,0,0,0,0,0,0,4,8,0,12,0,0,0,12
04/20/2009,ALO,IA,ACE,CE,Combined TRACON& Tower with Radar,2,5,15,0,22,0,0,5,0,5,2,5,20,0,27,36,0,36,63
04/21/2009,ALO,IA,ACE,CE,Combined TRACON& Tower with Radar,1,9,8,0,18,0,0,15,2,17,1,9,23,2,35,2,0,2,37
04/22/2009,ALO,IA,ACE,CE,Combined TRACON& Tower with Radar,1,6,24,0,31,0,0,25,0,25,1,6,49,0,56,26,0,26,82
04/23/2009,ALO,IA,ACE,CE,Combined TRACON& Tower with Radar,1,10,9,0,20,0,0,18,0,18,1,10,27,0,38,12,0,12,50
04/24/2009,ALO,IA,ACE,CE,Combined TRACON& Tower with Radar,1,8,9,0,18,0,0,26,0,26,1,8,35,0,44,34,0,34,78
04/25/2009,ALO,IA,ACE,CE,Combined TRACON& Tower with Radar,1,3,12,0,16,0,0,0,0,0,1,3,12,0,16,0,0,0,16
04/26/2009,ALO,IA,ACE,CE,Combined TRACON& Tower with Radar,0,3,12,0,15,0,0,0,0,0,0,3,12,0,15,0,0,0,15
04/27/2009,ALO,IA,ACE,CE,Combined TRACON& Tower with Radar,2,6,24,0,32,0,0,5,0,5,2,6,29,0,37,6,0,6,43
04/28/2009,ALO,IA,ACE,CE,Combined TRACON& Tower with Radar,2,6,46,0,54,0,0,39,0,39,2,6,85,0,93,50,0,50,143
04/29/2009,ALO,IA,ACE,CE,Combined TRACON& Tower with Radar,1,8,26,1,36,0,0,3,0,3,1,8,29,1,39,24,0,24,63
04/30/2009,ALO,IA,ACE,CE,Combined TRACON& Tower with Radar,1,10,14,0,25,0,0,0,0,0,1,10,14,0,25,40,0,40,65
05/01/2009,ALO,IA,ACE,CE,Combined TRACON& Tower with Radar,0,8,20,0,28,0,0,15,2,17,0,8,35,2,45,48,0,48,93
05/02/2009,ALO,IA,ACE,CE,Combined TRACON& Tower with Radar,1,1,4,0,6,0,0,110,5,115,1,1,114,5,121,52,0,52,173
05/03/2009,ALO,IA,ACE,CE,Combined TRACON& Tower with Radar,1,2,7,0,10,0,0,32,1,33,1,2,39,1,43,24,0,24,67
05/04/2009,ALO,IA,ACE,CE,Combined TRACON& Tower with Radar,0,12,7,0,19,0,0,26,1,27,0,12,33,1,46,30,0,30,76
05/05/2009,ALO,IA,ACE,CE,Combined TRACON& Tower with Radar,1,10,19,0,30,0,0,19,4,23,1,10,38,4,53,24,0,24,77
05/06/2009,ALO,IA,ACE,CE,Combined TRACON& Tower with Radar,1,6,16,0,23,0,0,7,0,7,1,6,23,0,30,32,0,32,62
05/07/2009,ALO,IA,ACE,CE,Combined TRACON& Tower with Radar,1,12,15,2,30,0,0,25,6,31,1,12,40,8,61,36,8,44,105
05/08/2009,ALO,IA,ACE,CE,Combined TRACON& Tower with Radar,0,7,18,0,25,0,0,23,7,30,0,7,41,7,55,72,0,72,127
05/09/2009,ALO,IA,ACE,CE,Combined TRACON& Tower with Radar,1,2,14,7,24,0,0,12,0,12,1,2,26,7,36,0,0,0,36
05/10/2009,ALO,IA,ACE,CE,Combined TRACON& Tower with Radar,1,2,11,0,14,0,0,17,0,17,1,2,28,0,31,0,0,0,31
05/11/2009,ALO,IA,ACE,CE,Combined TRACON& Tower with Radar,1,6,28,0,35,0,0,32,0,32,1,6,60,0,67,54,0,54,121
05/12/2009,ALO,IA,ACE,CE,Combined TRACON& Tower with Radar,1,14,15,0,30,0,0,10,4,14,1,14,25,4,44,24,0,24,68
05/13/2009,ALO,IA,ACE,CE,Combined TRACON& Tower with Radar,1,8,10,0,19,0,0,1,0,1,1,8,11,0,20,0,0,0,20
05/14/2009,ALO,IA,ACE,CE,Combined TRACON& Tower with Radar,1,10,37,0,48,0,0,25,1,26,1,10,62,1,74,78,0,78,152
05/15/2009,ALO,IA,ACE,CE,Combined TRACON& Tower with Radar,1,4,15,0,20,0,0,4,0,4,1,4,19,0,24,22,0,22,46
05/16/2009,ALO,IA,ACE,CE,Combined TRACON& Tower with Radar,1,3,5,0,9,0,0,12,2,14,1,3,17,2,23,30,0,30,53
05/17/2009,ALO,IA,ACE,CE,Combined TRACON& Tower with Radar,1,3,11,0,15,0,0,35,0,35,1,3,46,0,50,18,0,18,68
05/18/2009,ALO,IA,ACE,CE,Combined TRACON& Tower with Radar,1,6,7,0,14,0,0,11,6,17,1,6,18,6,31,64,10,74,105
05/19/2009,ALO,IA,ACE,CE,Combined TRACON& Tower with Radar,1,10,14,0,25,0,0,13,0,13,1,10,27,0,38,46,0,46,84
05/20/2009,ALO,IA,ACE,CE,Combined TRACON& Tower with Radar,1,8,17,0,26,0,0,14,4,18,1,8,31,4,44,4,0,4,48
05/21/2009,ALO,IA,ACE,CE,Combined TRACON& Tower with Radar,1,8,27,0,36,0,0,26,2,28,1,8,53,2,64,68,0,68,132
05/22/2009,ALO,IA,ACE,CE,Combined TRACON& Tower with Radar,1,6,9,0,16,0,0,21,0,21,1,6,30,0,37,72,0,72,109
05/23/2009,ALO,IA,ACE,CE,Combined TRACON& Tower with Radar,0,4,24,0,28,0,0,16,0,16,0,4,40,0,44,18,0,18,62
05/24/2009,ALO,IA,ACE,CE,Combined TRACON& Tower with Radar,1,2,20,0,23,0,0,17,0,17,1,2,37,0,40,42,0,42,82
05/25/2009,ALO,IA,ACE,CE,Combined TRACON& Tower with Radar,1,2,27,0,30,0,0,26,1,27,1,2,53,1,57,40,0,40,97
05/26/2009,ALO,IA,ACE,CE,Combined TRACON& Tower with Radar,1,8,32,0,41,0,0,7,4,11,1,8,39,4,52,26,0,26,78
05/27/2009,ALO,IA,ACE,CE,Combined TRACON& Tower with Radar,1,6,30,0,37,0,0,1,0,1,1,6,31,0,38,6,0,6,44
05/28/2009,ALO,IA,ACE,CE,Combined TRACON& Tower with Radar,1,10,21,0,32,0,0,12,3,15,1,10,33,3,47,54,0,54,101
05/29/2009,ALO,IA,ACE,CE,Combined TRACON& Tower with Radar,0,7,23,0,30,0,0,40,0,40,0,7,63,0,70,80,8,88,158
05/30/2009,ALO,IA,ACE,CE,Combined TRACON& Tower with Radar,1,2,5,0,8,0,0,151,4,155,1,2,156,4,163,38,0,38,201
05/31/2009,ALO,IA,ACE,CE,Combined TRACON& Tower with Radar,1,2,11,0,14,0,0,33,0,33,1,2,44,0,47,30,0,30,77
06/01/2009,ALO,IA,ACE,CE,Combined TRACON& Tower with Radar,1,6,15,0,22,0,0,21,0,21,1,6,36,0,43,34,0,34,77
06/02/2009,ALO,IA,ACE,CE,Combined TRACON& Tower with Radar,4,8,14,0,26,0,0,10,2,12,4,8,24,2,38,46,0,46,84
06/03/2009,ALO,IA,ACE,CE,Combined TRACON& Tower with Radar,2,7,32,0,41,0,0,32,4,36,2,7,64,4,77,44,0,44,121
06/04/2009,ALO,IA,ACE,CE,Combined TRACON& Tower with Radar,1,12,19,0,32,0,0,32,2,34,1,12,51,2,66,110,0,110,176
06/05/2009,ALO,IA,ACE,CE,Combined TRACON& Tower with Radar,0,9,9,1,19,0,0,36,3,39,0,9,45,4,58,48,0,48,106
06/06/2009,ALO,IA,ACE,CE,Combined TRACON& Tower with Radar,1,2,10,0,13,0,0,3,2,5,1,2,13,2,18,0,0,0,18
06/07/2009,ALO,IA,ACE,CE,Combined TRACON& Tower with Radar,1,4,7,0,12,0,0,19,0,19,1,4,26,0,31,6,0,6,37
06/08/2009,ALO,IA,ACE,CE,Combined TRACON& Tower with Radar,1,8,23,0,32,0,0,3,2,5,1,8,26,2,37,44,0,44,81
06/09/2009,ALO,IA,ACE,CE,Combined TRACON& Tower with Radar,0,15,25,2,42,0,0,27,1,28,0,15,52,3,70,80,0,80,150
06/10/2009,ALO,IA,ACE,CE,Combined TRACON& Tower with Radar,1,8,9,0,18,0,0,15,2,17,1,8,24,2,35,60,0,60,95
06/11/2009,ALO,IA,ACE,CE,Combined TRACON& Tower with Radar,1,12,27,0,40,0,0,31,0,31,1,12,58,0,71,80,0,80,151
06/12/2009,ALO,IA,ACE,CE,Combined TRACON& Tower with Radar,1,8,14,0,23,0,0,21,0,21,1,8,35,0,44,44,0,44,88
06/13/2009,ALO,IA,ACE,CE,Combined TRACON& Tower with Radar,1,2,3,0,6,0,0,3,0,3,1,2,6,0,9,0,0,0,9
06/14/2009,ALO,IA,ACE,CE,Combined TRACON& Tower with Radar,1,4,7,0,12,0,1,21,0,22,1,5,28,0,34,42,0,42,76
06/15/2009,ALO,IA,ACE,CE,Combined TRACON& Tower with Radar,1,8,17,0,26,0,0,19,0,19,1,8,36,0,45,62,0,62,107
06/16/2009,ALO,IA,ACE,CE,Combined TRACON& Tower with Radar,1,10,17,0,28,0,0,1,0,1,1,10,18,0,29,0,0,0,29
06/17/2009,ALO,IA,ACE,CE,Combined TRACON& Tower with Radar,1,8,19,0,28,0,0,10,0,10,1,8,29,0,38,22,0,22,60
06/18/2009,ALO,IA,ACE,CE,Combined TRACON& Tower with Radar,1,13,27,0,41,0,0,13,0,13,1,13,40,0,54,12,0,12,66
06/19/2009,ALO,IA,ACE,CE,Combined TRACON& Tower with Radar,0,9,16,0,25,0,7,0,1,8,0,16,16,1,33,22,0,22,55
06/20/2009,ALO,IA,ACE,CE,Combined TRACON& Tower with Radar,1,2,10,0,13,0,0,21,0,21,1,2,31,0,34,18,0,18,52
06/21/2009,ALO,IA,ACE,CE,Combined TRACON& Tower with Radar,1,4,11,0,16,0,0,8,1,9,1,4,19,1,25,16,0,16,41
06/22/2009,ALO,IA,ACE,CE,Combined TRACON& Tower with Radar,1,9,11,6,27,0,0,37,8,45,1,9,48,14,72,42,0,42,114
06/23/2009,ALO,IA,ACE,CE,Combined TRACON& Tower with Radar,1,10,16,2,29,0,8,16,3,27,1,18,32,5,56,32,0,32,88
06/24/2009,ALO,IA,ACE,CE,Combined TRACON& Tower with Radar,1,10,16,0,27,0,0,12,4,16,1,10,28,4,43,2,0,2,45
06/25/2009,ALO,IA,ACE,CE,Combined TRACON& Tower with Radar,1,12,26,0,39,0,0,18,0,18,1,12,44,0,57,24,8,32,89
06/26/2009,ALO,IA,ACE,CE,Combined TRACON& Tower with Radar,0,9,14,0,23,0,0,32,4,36,0,9,46,4,59,18,0,18,77
06/27/2009,ALO,IA,ACE,CE,Combined TRACON& Tower with Radar,1,2,11,0,14,0,0,11,0,11,1,2,22,0,25,2,0,2,27
06/28/2009,ALO,IA,ACE,CE,Combined TRACON& Tower with Radar,1,4,16,0,21,0,0,15,0,15,1,4,31,0,36,4,0,4,40
06/29/2009,ALO,IA,ACE,CE,Combined TRACON& Tower with Radar,1,10,20,0,31,0,0,14,3,17,1,10,34,3,48,8,0,8,56
06/30/2009,ALO,IA,ACE,CE,Combined TRACON& Tower with Radar,1,14,13,0,28,0,0,12,6,18,1,14,25,6,46,56,0,56,102
07/01/2009,ALO,IA,ACE,CE,Combined TRACON& Tower with Radar,1,8,25,0,34,0,0,25,4,29,1,8,50,4,63,50,0,50,113
07/02/2009,ALO,IA,ACE,CE,Combined TRACON& Tower with Radar,1,14,11,0,26,0,0,25,1,26,1,14,36,1,52,76,0,76,128
07/03/2009,ALO,IA,ACE,CE,Combined TRACON& Tower with Radar,0,9,7,0,16,0,0,31,0,31,0,9,38,0,47,64,0,64,111
07/04/2009,ALO,IA,ACE,CE,Combined TRACON& Tower with Radar,1,2,2,0,5,0,0,5,0,5,1,2,7,0,10,18,0,18,28
07/05/2009,ALO,IA,ACE,CE,Combined TRACON& Tower with Radar,1,6,6,0,13,0,0,14,0,14,1,6,20,0,27,34,0,34,61
07/06/2009,ALO,IA,ACE,CE,Combined TRACON& Tower with Radar,0,9,7,0,16,0,0,26,3,29,0,9,33,3,45,46,8,54,99
07/07/2009,ALO,IA,ACE,CE,Combined TRACON& Tower with Radar,1,10,16,0,27,0,0,17,0,17,1,10,33,0,44,22,0,22,66
07/08/2009,ALO,IA,ACE,CE,Combined TRACON& Tower with Radar,1,12,31,0,44,0,0,13,0,13,1,12,44,0,57,22,0,22,79
07/09/2009,ALO,IA,ACE,CE,Combined TRACON& Tower with Radar,0,8,17,0,25,0,0,10,0,10,0,8,27,0,35,19,0,19,54
07/10/2009,ALO,IA,ACE,CE,Combined TRACON& Tower with Radar,0,10,3,0,13,0,0,6,0,6,0,10,9,0,19,0,0,0,19
07/11/2009,ALO,IA,ACE,CE,Combined TRACON& Tower with Radar,1,2,1,0,4,0,0,16,4,20,1,2,17,4,24,8,4,12,36
07/12/2009,ALO,IA,ACE,CE,Combined TRACON& Tower with Radar,1,4,7,0,12,0,0,10,4,14,1,4,17,4,26,8,0,8,34
07/13/2009,ALO,IA,ACE,CE,Combined TRACON& Tower with Radar,1,8,13,2,24,0,0,28,3,31,1,8,41,5,55,88,4,92,147
07/14/2009,ALO,IA,ACE,CE,Combined TRACON& Tower with Radar,1,8,12,7,28,0,1,12,4,17,1,9,24,11,45,28,0,28,73
07/15/2009,ALO,IA,ACE,CE,Combined TRACON& Tower with Radar,1,11,22,1,35,0,0,32,2,34,1,11,54,3,69,18,0,18,87
07/16/2009,ALO,IA,ACE,CE,Combined TRACON& Tower with Radar,1,8,11,0,20,0,27,1,0,28,1,35,12,0,48,60,0,60,108
07/17/2009,ALO,IA,ACE,CE,Combined TRACON& Tower with Radar,0,9,19,0,28,0,0,19,2,21,0,9,38,2,49,50,0,50,99
07/18/2009,ALO,IA,ACE,CE,Combined TRACON& Tower with Radar,0,3,11,0,14,0,0,21,1,22,0,3,32,1,36,36,0,36,72
07/19/2009,ALO,IA,ACE,CE,Combined TRACON& Tower with Radar,0,5,11,0,16,0,0,34,0,34,0,5,45,0,50,26,0,26,76
07/20/2009,ALO,IA,ACE,CE,Combined TRACON& Tower with Radar,1,10,11,0,22,0,0,30,1,31,1,10,41,1,53,70,0,70,123
07/21/2009,ALO,IA,ACE,CE,Combined TRACON& Tower with Radar,0,9,29,0,38,0,0,18,0,18,0,9,47,0,56,68,0,68,124
07/22/2009,ALO,IA,ACE,CE,Combined TRACON& Tower with Radar,1,6,20,0,27,0,0,20,4,24,1,6,40,4,51,32,0,32,83
07/23/2009,ALO,IA,ACE,CE,Combined TRACON& Tower with Radar,0,8,27,0,35,0,0,34,2,36,0,8,61,2,71,46,0,46,117
07/24/2009,ALO,IA,ACE,CE,Combined TRACON& Tower with Radar,0,9,16,0,25,0,0,47,3,50,0,9,63,3,75,28,0,28,103
07/25/2009,ALO,IA,ACE,CE,Combined TRACON& Tower with Radar,0,3,7,0,10,0,0,20,1,21,0,3,27,1,31,2,0,2,33
07/26/2009,ALO,IA,ACE,CE,Combined TRACON& Tower with Radar,0,5,9,0,14,0,0,28,0,28,0,5,37,0,42,0,0,0,42
07/27/2009,ALO,IA,ACE,CE,Combined TRACON& Tower with Radar,1,8,20,0,29,0,0,19,6,25,1,8,39,6,54,48,0,48,102
07/28/2009,ALO,IA,ACE,CE,Combined TRACON& Tower with Radar,0,14,24,0,38,0,0,29,4,33,0,14,53,4,71,12,0,12,83
07/29/2009,ALO,IA,ACE,CE,Combined TRACON& Tower with Radar,1,9,9,0,19,0,0,46,7,53,1,9,55,7,72,14,0,14,86
07/30/2009,ALO,IA,ACE,CE,Combined TRACON& Tower with Radar,0,12,21,0,33,0,0,5,1,6,0,12,26,1,39,0,0,0,39
07/31/2009,ALO,IA,ACE,CE,Combined TRACON& Tower with Radar,0,11,12,4,27,0,0,32,2,34,0,11,44,6,61,30,0,30,91
08/01/2009,ALO,IA,ACE,CE,Combined TRACON& Tower with Radar,0,3,1,0,4,0,0,18,0,18,0,3,19,0,22,14,0,14,36
08/02/2009,ALO,IA,ACE,CE,Combined TRACON& Tower with Radar,0,6,7,0,13,0,0,15,1,16,0,6,22,1,29,10,0,10,39
08/03/2009,ALO,IA,ACE,CE,Combined TRACON& Tower with Radar,0,7,26,0,33,0,0,26,0,26,0,7,52,0,59,12,0,12,71
08/04/2009,ALO,IA,ACE,CE,Combined TRACON& Tower with Radar,0,9,15,0,24,0,0,24,2,26,0,9,39,2,50,18,0,18,68
08/05/2009,ALO,IA,ACE,CE,Combined TRACON& Tower with Radar,1,8,22,0,31,0,0,26,3,29,1,8,48,3,60,36,0,36,96
08/06/2009,ALO,IA,ACE,CE,Combined TRACON& Tower with Radar,0,11,8,2,21,0,0,35,0,35,0,11,43,2,56,36,0,36,92
08/07/2009,ALO,IA,ACE,CE,Combined TRACON& Tower with Radar,0,9,23,0,32,0,0,2,0,2,0,9,25,0,34,0,0,0,34
08/08/2009,ALO,IA,ACE,CE,Combined TRACON& Tower with Radar,0,3,9,0,12,0,0,10,1,11,0,3,19,1,23,6,0,6,29
08/09/2009,ALO,IA,ACE,CE,Combined TRACON& Tower with Radar,0,5,9,0,14,0,0,9,0,9,0,5,18,0,23,6,0,6,29
08/10/2009,ALO,IA,ACE,CE,Combined TRACON& Tower with Radar,0,12,10,0,22,0,0,9,2,11,0,12,19,2,33,40,0,40,73
08/11/2009,ALO,IA,ACE,CE,Combined TRACON& Tower with Radar,0,13,18,0,31,0,0,30,2,32,0,13,48,2,63,62,0,62,125
08/12/2009,ALO,IA,ACE,CE,Combined TRACON& Tower with Radar,0,14,16,3,33,0,0,27,2,29,0,14,43,5,62,25,0,25,87
08/13/2009,ALO,IA,ACE,CE,Combined TRACON& Tower with Radar,0,9,14,0,23,0,0,16,9,25,0,9,30,9,48,10,2,12,60
08/14/2009,ALO,IA,ACE,CE,Combined TRACON& Tower with Radar,0,11,14,3,28,0,0,25,7,32,0,11,39,10,60,0,8,8,68
08/15/2009,ALO,IA,ACE,CE,Combined TRACON& Tower with Radar,0,3,5,0,8,0,0,12,2,14,0,3,17,2,22,2,0,2,24
08/16/2009,ALO,IA,ACE,CE,Combined TRACON& Tower with Radar,1,4,10,0,15,0,0,7,0,7,1,4,17,0,22,2,0,2,24
08/17/2009,ALO,IA,ACE,CE,Combined TRACON& Tower with Radar,0,9,24,0,33,0,0,21,2,23,0,9,45,2,56,46,0,46,102
08/18/2009,ALO,IA,ACE,CE,Combined TRACON& Tower with Radar,0,11,18,4,33,0,0,35,3,38,0,11,53,7,71,16,2,18,89
08/19/2009,ALO,IA,ACE,CE,Combined TRACON& Tower with Radar,0,4,12,1,17,0,0,7,10,17,0,4,19,11,34,12,20,32,66
08/20/2009,ALO,IA,ACE,CE,Combined TRACON& Tower with Radar,0,5,10,4,19,0,0,17,4,21,0,5,27,8,40,18,10,28,68
08/21/2009,ALO,IA,ACE,CE,Combined TRACON& Tower with Radar,0,7,22,1,30,0,0,4,2,6,0,7,26,3,36,14,0,14,50
08/22/2009,ALO,IA,ACE,CE,Combined TRACON& Tower with Radar,0,4,17,0,21,0,0,33,0,33,0,4,50,0,54,64,0,64,118
08/23/2009,ALO,IA,ACE,CE,Combined TRACON& Tower with Radar,0,5,14,0,19,0,0,25,1,26,0,5,39,1,45,6,0,6,51
08/24/2009,ALO,IA,ACE,CE,Combined TRACON& Tower with Radar,0,7,23,7,37,0,0,31,3,34,0,7,54,10,71,16,4,20,91
08/25/2009,ALO,IA,ACE,CE,Combined TRACON& Tower with Radar,1,3,30,8,42,0,0,15,1,16,1,3,45,9,58,40,0,40,98
08/26/2009,ALO,IA,ACE,CE,Combined TRACON& Tower with Radar,1,3,34,0,38,0,0,2,6,8,1,3,36,6,46,14,12,26,72
08/27/2009,ALO,IA,ACE,CE,Combined TRACON& Tower with Radar,0,7,21,0,28,0,0,0,0,0,0,7,21,0,28,0,0,0,28
08/28/2009,ALO,IA,ACE,CE,Combined TRACON& Tower with Radar,0,11,20,6,37,0,0,16,5,21,0,11,36,11,58,22,6,28,86
08/29/2009,ALO,IA,ACE,CE,Combined TRACON& Tower with Radar,0,5,5,0,10,0,0,20,0,20,0,5,25,0,30,22,0,22,52
08/30/2009,ALO,IA,ACE,CE,Combined TRACON& Tower with Radar,0,6,14,0,20,0,0,21,0,21,0,6,35,0,41,6,0,6,47
08/31/2009,ALO,IA,ACE,CE,Combined TRACON& Tower with Radar,0,3,34,0,37,0,0,25,3,28,0,3,59,3,65,28,0,28,93
09/01/2009,ALO,IA,ACE,CE,Combined TRACON& Tower with Radar,0,5,21,0,26,0,0,18,0,18,0,5,39,0,44,14,0,14,58
09/02/2009,ALO,IA,ACE,CE,Combined TRACON& Tower with Radar,1,4,22,0,27,0,0,31,8,39,1,4,53,8,66,22,0,22,88
09/03/2009,ALO,IA,ACE,CE,Combined TRACON& Tower with Radar,0,9,37,2,48,0,0,21,4,25,0,9,58,6,73,44,2,46,119
09/04/2009,ALO,IA,ACE,CE,Combined TRACON& Tower with Radar,0,11,15,2,28,0,24,4,0,28,0,35,19,2,56,66,0,66,122
09/05/2009,ALO,IA,ACE,CE,Combined TRACON& Tower with Radar,0,4,2,0,6,0,0,29,0,29,0,4,31,0,35,14,0,14,49
09/06/2009,ALO,IA,ACE,CE,Combined TRACON& Tower with Radar,0,4,2,0,6,0,0,7,0,7,0,4,9,0,13,0,0,0,13
09/07/2009,ALO,IA,ACE,CE,Combined TRACON& Tower with Radar,0,6,8,0,14,0,0,9,0,9,0,6,17,0,23,0,0,0,23
09/08/2009,ALO,IA,ACE,CE,Combined TRACON& Tower with Radar,0,7,23,0,30,0,0,17,0,17,0,7,40,0,47,8,0,8,55
09/09/2009,ALO,IA,ACE,CE,Combined TRACON& Tower with Radar,0,5,18,2,25,0,0,3,3,6,0,5,21,5,31,26,12,38,69
09/10/2009,ALO,IA,ACE,CE,Combined TRACON& Tower with Radar,0,6,16,0,22,0,0,10,1,11,0,6,26,1,33,88,0,88,121
09/11/2009,ALO,IA,ACE,CE,Combined TRACON& Tower with Radar,0,5,17,0,22,0,0,21,3,24,0,5,38,3,46,54,0,54,100
09/12/2009,ALO,IA,ACE,CE,Combined TRACON& Tower with Radar,0,5,6,0,11,0,0,24,2,26,0,5,30,2,37,20,0,20,57
09/13/2009,ALO,IA,ACE,CE,Combined TRACON& Tower with Radar,0,7,14,0,21,0,0,25,4,29,0,7,39,4,50,60,0,60,110
09/14/2009,ALO,IA,ACE,CE,Combined TRACON& Tower with Radar,0,5,9,0,14,0,0,17,1,18,0,5,26,1,32,4,0,4,36
09/15/2009,ALO,IA,ACE,CE,Combined TRACON& Tower with Radar,0,5,16,0,21,0,5,16,4,25,0,10,32,4,46,56,0,56,102
09/16/2009,ALO,IA,ACE,CE,Combined TRACON& Tower with Radar,0,9,18,0,27,0,0,21,11,32,0,9,39,11,59,10,0,10,69
09/17/2009,ALO,IA,ACE,CE,Combined TRACON& Tower with Radar,1,4,20,0,25,0,0,27,6,33,1,4,47,6,58,34,0,34,92
09/18/2009,ALO,IA,ACE,CE,Combined TRACON& Tower with Radar,1,5,12,1,19,0,0,22,8,30,1,5,34,9,49,22,4,26,75
09/19/2009,ALO,IA,ACE,CE,Combined TRACON& Tower with Radar,0,4,11,12,27,0,0,33,3,36,0,4,44,15,63,38,2,40,103
09/20/2009,ALO,IA,ACE,CE,Combined TRACON& Tower with Radar,0,5,5,0,10,0,0,24,0,24,0,5,29,0,34,8,0,8,42
09/21/2009,ALO,IA,ACE,CE,Combined TRACON& Tower with Radar,0,9,13,0,22,0,0,3,1,4,0,9,16,1,26,16,0,16,42
09/22/2009,ALO,IA,ACE,CE,Combined TRACON& Tower with Radar,0,7,18,0,25,0,0,0,0,0,0,7,18,0,25,0,0,0,25
09/23/2009,ALO,IA,ACE,CE,Combined TRACON& Tower with Radar,0,5,22,3,30,0,0,3,0,3,0,5,25,3,33,0,0,0,33
09/24/2009,ALO,IA,ACE,CE,Combined TRACON& Tower with Radar,0,6,33,0,39,0,0,12,1,13,0,6,45,1,52,10,0,10,62
09/25/2009,ALO,IA,ACE,CE,Combined TRACON& Tower with Radar,2,5,17,0,24,0,0,14,1,15,2,5,31,1,39,0,0,0,39
09/26/2009,ALO,IA,ACE,CE,Combined TRACON& Tower with Radar,1,5,3,0,9,0,0,15,0,15,1,5,18,0,24,16,0,16,40
09/27/2009,ALO,IA,ACE,CE,Combined TRACON& Tower with Radar,0,5,10,0,15,0,0,10,0,10,0,5,20,0,25,2,0,2,27
09/28/2009,ALO,IA,ACE,CE,Combined TRACON& Tower with Radar,0,7,14,0,21,0,0,9,2,11,0,7,23,2,32,4,0,4,36
09/29/2009,ALO,IA,ACE,CE,Combined TRACON& Tower with Radar,1,8,26,0,35,0,0,30,6,36,1,8,56,6,71,26,0,26,97
09/30/2009,ALO,IA,ACE,CE,Combined TRACON& Tower with Radar,0,8,29,0,37,0,0,29,1,30,0,8,58,1,67,68,0,68,135
10/01/2009,ALO,IA,ACE,CE,Combined TRACON& Tower with Radar,0,3,6,0,9,0,0,0,0,0,0,3,6,0,9,0,0,0,9
10/02/2009,ALO,IA,ACE,CE,Combined TRACON& Tower with Radar,0,4,21,0,25,0,0,0,0,0,0,4,21,0,25,0,0,0,25
10/03/2009,ALO,IA,ACE,CE,Combined TRACON& Tower with Radar,1,3,5,0,9,0,0,4,2,6,1,3,9,2,15,2,0,2,17
10/04/2009,ALO,IA,ACE,CE,Combined TRACON& Tower with Radar,0,5,8,0,13,0,0,0,0,0,0,5,8,0,13,0,0,0,13
10/05/2009,ALO,IA,ACE,CE,Combined TRACON& Tower with Radar,0,5,9,1,15,0,0,7,5,12,0,5,16,6,27,6,0,6,33
10/06/2009,ALO,IA,ACE,CE,Combined TRACON& Tower with Radar,0,6,11,0,17,0,0,2,0,2,0,6,13,0,19,0,0,0,19
10/07/2009,ALO,IA,ACE,CE,Combined TRACON& Tower with Radar,1,6,28,0,35,0,0,24,3,27,1,6,52,3,62,34,0,34,96
10/08/2009,ALO,IA,ACE,CE,Combined TRACON& Tower with Radar,0,7,18,0,25,0,0,4,0,4,0,7,22,0,29,22,0,22,51
10/09/2009,ALO,IA,ACE,CE,Combined TRACON& Tower with Radar,2,5,16,0,23,0,0,13,0,13,2,5,29,0,36,36,0,36,72
10/10/2009,ALO,IA,ACE,CE,Combined TRACON& Tower with Radar,0,4,3,0,7,0,0,3,0,3,0,4,6,0,10,26,0,26,36
10/11/2009,ALO,IA,ACE,CE,Combined TRACON& Tower with Radar,0,5,6,0,11,0,0,22,0,22,0,5,28,0,33,10,0,10,43
10/12/2009,ALO,IA,ACE,CE,Combined TRACON& Tower with Radar,0,6,11,0,17,0,0,6,1,7,0,6,17,1,24,24,0,24,48
10/13/2009,ALO,IA,ACE,CE,Combined TRACON& Tower with Radar,0,7,13,0,20,0,0,12,1,13,0,7,25,1,33,0,0,0,33
10/14/2009,ALO,IA,ACE,CE,Combined TRACON& Tower with Radar,1,4,30,0,35,0,0,5,0,5,1,4,35,0,40,24,0,24,64
10/15/2009,ALO,IA,ACE,CE,Combined TRACON& Tower with Radar,0,3,14,0,17,0,0,0,0,0,0,3,14,0,17,0,0,0,17
10/16/2009,ALO,IA,ACE,CE,Combined TRACON& Tower with Radar,1,4,8,1,14,0,0,14,1,15,1,4,22,2,29,60,0,60,89
10/17/2009,ALO,IA,ACE,CE,Combined TRACON& Tower with Radar,0,4,16,0,20,0,0,23,0,23,0,4,39,0,43,24,0,24,67
10/18/2009,ALO,IA,ACE,CE,Combined TRACON& Tower with Radar,0,5,5,0,10,0,0,14,0,14,0,5,19,0,24,2,0,2,26
10/19/2009,ALO,IA,ACE,CE,Combined TRACON& Tower with Radar,0,9,4,0,13,0,0,24,3,27,0,9,28,3,40,0,0,0,40
10/20/2009,ALO,IA,ACE,CE,Combined TRACON& Tower with Radar,0,3,11,0,14,0,0,7,0,7,0,3,18,0,21,6,0,6,27
10/21/2009,ALO,IA,ACE,CE,Combined TRACON& Tower with Radar,0,4,17,0,21,0,0,6,3,9,0,4,23,3,30,32,0,32,62
10/22/2009,ALO,IA,ACE,CE,Combined TRACON& Tower with Radar,0,5,10,4,19,0,0,0,0,0,0,5,10,4,19,0,0,0,19
10/23/2009,ALO,IA,ACE,CE,Combined TRACON& Tower with Radar,0,4,13,0,17,0,0,0,1,1,0,4,13,1,18,0,0,0,18
10/24/2009,ALO,IA,ACE,CE,Combined TRACON& Tower with Radar,0,6,7,2,15,0,0,27,2,29,0,6,34,4,44,0,0,0,44
10/25/2009,ALO,IA,ACE,CE,Combined TRACON& Tower with Radar,0,3,6,0,9,0,0,17,2,19,0,3,23,2,28,8,0,8,36
10/26/2009,ALO,IA,ACE,CE,Combined TRACON& Tower with Radar,0,4,19,0,23,0,0,6,2,8,0,4,25,2,31,10,0,10,41
10/27/2009,ALO,IA,ACE,CE,Combined TRACON& Tower with Radar,0,11,23,0,34,0,0,22,0,22,0,11,45,0,56,60,0,60,116
10/28/2009,ALO,IA,ACE,CE,Combined TRACON& Tower with Radar,0,4,15,0,19,0,0,6,1,7,0,4,21,1,26,10,14,24,50
10/29/2009,ALO,IA,ACE,CE,Combined TRACON& Tower with Radar,0,2,10,0,12,0,0,0,0,0,0,2,10,0,12,0,0,0,12
10/30/2009,ALO,IA,ACE,CE,Combined TRACON& Tower with Radar,0,8,6,0,14,0,0,1,2,3,0,8,7,2,17,0,0,0,17
10/31/2009,ALO,IA,ACE,CE,Combined TRACON& Tower with Radar,0,5,10,0,15,0,0,15,0,15,0,5,25,0,30,14,0,14,44
11/01/2009,ALO,IA,ACE,CE,Combined TRACON& Tower with Radar,0,6,9,0,15,0,0,21,0,21,0,6,30,0,36,30,0,30,66
11/02/2009,ALO,IA,ACE,CE,Combined TRACON& Tower with Radar,0,5,18,0,23,0,0,21,2,23,0,5,39,2,46,0,0,0,46
11/03/2009,ALO,IA,ACE,CE,Combined TRACON& Tower with Radar,0,20,12,0,32,0,0,22,1,23,0,20,34,1,55,44,0,44,99
11/04/2009,ALO,IA,ACE,CE,Combined TRACON& Tower with Radar,1,4,17,0,22,0,0,9,6,15,1,4,26,6,37,2,0,2,39
11/05/2009,ALO,IA,ACE,CE,Combined TRACON& Tower with Radar,1,5,26,1,33,0,0,30,2,32,1,5,56,3,65,2,0,2,67
11/06/2009,ALO,IA,ACE,CE,Combined TRACON& Tower with Radar,2,5,12,0,19,0,0,10,1,11,2,5,22,1,30,16,0,16,46
11/07/2009,ALO,IA,ACE,CE,Combined TRACON& Tower with Radar,1,4,8,0,13,0,0,24,0,24,1,4,32,0,37,32,0,32,69
11/08/2009,ALO,IA,ACE,CE,Combined TRACON& Tower with Radar,0,6,8,0,14,0,0,22,1,23,0,6,30,1,37,12,0,12,49
11/09/2009,ALO,IA,ACE,CE,Combined TRACON& Tower with Radar,0,5,18,0,23,0,0,15,2,17,0,5,33,2,40,16,0,16,56
11/10/2009,ALO,IA,ACE,CE,Combined TRACON& Tower with Radar,0,7,14,0,21,0,0,19,4,23,0,7,33,4,44,22,8,30,74
11/11/2009,ALO,IA,ACE,CE,Combined TRACON& Tower with Radar,0,5,15,0,20,0,0,38,0,38,0,5,53,0,58,38,0,38,96
11/12/2009,ALO,IA,ACE,CE,Combined TRACON& Tower with Radar,1,7,14,0,22,0,0,12,2,14,1,7,26,2,36,12,0,12,48
11/13/2009,ALO,IA,ACE,CE,Combined TRACON& Tower with Radar,0,7,21,3,31,0,0,19,11,30,0,7,40,14,61,62,0,62,123
11/14/2009,ALO,IA,ACE,CE,Combined TRACON& Tower with Radar,0,5,24,0,29,0,0,2,0,2,0,5,26,0,31,34,0,34,65
11/15/2009,ALO,IA,ACE,CE,Combined TRACON& Tower with Radar,0,4,7,1,12,0,0,18,8,26,0,4,25,9,38,0,0,0,38
11/16/2009,ALO,IA,ACE,CE,Combined TRACON& Tower with Radar,0,6,20,1,27,0,0,14,6,20,0,6,34,7,47,28,0,28,75
11/17/2009,ALO,IA,ACE,CE,Combined TRACON& Tower with Radar,0,5,15,3,23,0,0,13,4,17,0,5,28,7,40,28,0,28,68
11/18/2009,ALO,IA,ACE,CE,Combined TRACON& Tower with Radar,1,6,8,1,16,0,0,1,3,4,1,6,9,4,20,0,0,0,20
11/19/2009,ALO,IA,ACE,CE,Combined TRACON& Tower with Radar,0,5,17,4,26,0,0,3,3,6,0,5,20,7,32,0,0,0,32
11/20/2009,ALO,IA,ACE,CE,Combined TRACON& Tower with Radar,0,6,21,4,31,0,0,17,0,17,0,6,38,4,48,32,0,32,80
11/21/2009,ALO,IA,ACE,CE,Combined TRACON& Tower with Radar,0,5,10,1,16,0,0,0,0,0,0,5,10,1,16,38,0,38,54
11/22/2009,ALO,IA,ACE,CE,Combined TRACON& Tower with Radar,0,5,5,0,10,0,0,7,0,7,0,5,12,0,17,12,0,12,29
11/23/2009,ALO,IA,ACE,CE,Combined TRACON& Tower with Radar,0,6,15,5,26,0,0,16,2,18,0,6,31,7,44,44,0,44,88
11/24/2009,ALO,IA,ACE,CE,Combined TRACON& Tower with Radar,0,5,13,0,18,0,0,0,0,0,0,5,13,0,18,0,0,0,18
11/25/2009,ALO,IA,ACE,CE,Combined TRACON& Tower with Radar,1,4,0,0,5,0,0,4,1,5,1,4,4,1,10,20,0,20,30
11/26/2009,ALO,IA,ACE,CE,Combined TRACON& Tower with Radar,0,4,5,0,9,0,0,0,0,0,0,4,5,0,9,0,0,0,9
11/27/2009,ALO,IA,ACE,CE,Combined TRACON& Tower with Radar,0,4,7,0,11,0,0,24,0,24,0,4,31,0,35,24,0,24,59
11/28/2009,ALO,IA,ACE,CE,Combined TRACON& Tower with Radar,0,5,6,0,11,0,0,41,0,41,0,5,47,0,52,44,0,44,96
11/29/2009,ALO,IA,ACE,CE,Combined TRACON& Tower with Radar,0,5,10,0,15,0,0,6,0,6,0,5,16,0,21,6,0,6,27
11/30/2009,ALO,IA,ACE,CE,Combined TRACON& Tower with Radar,0,5,28,1,34,0,0,26,1,27,0,5,54,2,61,54,12,66,127
12/01/2009,ALO,IA,ACE,CE,Combined TRACON& Tower with Radar,1,4,16,0,21,0,0,30,2,32,1,4,46,2,53,40,0,40,93
12/02/2009,ALO,IA,ACE,CE,Combined TRACON& Tower with Radar,0,5,11,0,16,0,0,14,5,19,0,5,25,5,35,26,2,28,63
12/03/2009,ALO,IA,ACE,CE,Combined TRACON& Tower with Radar,0,8,19,9,36,0,0,0,0,0,0,8,19,9,36,4,0,4,40
12/04/2009,ALO,IA,ACE,CE,Combined TRACON& Tower with Radar,0,4,12,2,18,0,0,7,9,16,0,4,19,11,34,6,0,6,40
12/05/2009,ALO,IA,ACE,CE,Combined TRACON& Tower with Radar,0,6,7,0,13,0,0,40,2,42,0,6,47,2,55,12,0,12,67
12/06/2009,ALO,IA,ACE,CE,Combined TRACON& Tower with Radar,0,6,17,0,23,0,0,10,0,10,0,6,27,0,33,8,0,8,41
12/07/2009,ALO,IA,ACE,CE,Combined TRACON& Tower with Radar,0,8,12,0,20,0,0,9,0,9,0,8,21,0,29,30,0,30,59
12/08/2009,ALO,IA,ACE,CE,Combined TRACON& Tower with Radar,0,3,1,0,4,0,0,0,0,0,0,3,1,0,4,0,0,0,4
12/09/2009,ALO,IA,ACE,CE,Combined TRACON& Tower with Radar,0,0,0,0,0,0,0,0,0,0,0,0,0,0,0,0,0,0,0
12/10/2009,ALO,IA,ACE,CE,Combined TRACON& Tower with Radar,0,5,7,0,12,0,0,3,0,3,0,5,10,0,15,6,0,6,21
12/11/2009,ALO,IA,ACE,CE,Combined TRACON& Tower with Radar,0,5,18,10,33,0,0,13,2,15,0,5,31,12,48,8,0,8,56
12/12/2009,ALO,IA,ACE,CE,Combined TRACON& Tower with Radar,0,6,16,0,22,0,0,17,0,17,0,6,33,0,39,22,0,22,61
12/13/2009,ALO,IA,ACE,CE,Combined TRACON& Tower with Radar,0,8,2,0,10,0,0,0,0,0,0,8,2,0,10,0,0,0,10
12/14/2009,ALO,IA,ACE,CE,Combined TRACON& Tower with Radar,0,8,10,1,19,0,0,1,1,2,0,8,11,2,21,0,0,0,21
12/15/2009,ALO,IA,ACE,CE,Combined TRACON& Tower with Radar,0,5,3,0,8,0,0,9,5,14,0,5,12,5,22,12,0,12,34
12/16/2009,ALO,IA,ACE,CE,Combined TRACON& Tower with Radar,0,6,26,8,40,0,0,20,5,25,0,6,46,13,65,20,0,20,85
12/17/2009,ALO,IA,ACE,CE,Combined TRACON& Tower with Radar,0,5,18,2,25,0,0,12,6,18,0,5,30,8,43,14,0,14,57
12/18/2009,ALO,IA,ACE,CE,Combined TRACON& Tower with Radar,0,9,23,3,35,0,0,0,0,0,0,9,23,3,35,0,0,0,35
12/19/2009,ALO,IA,ACE,CE,Combined TRACON& Tower with Radar,0,5,10,0,15,0,0,0,1,1,0,5,10,1,16,0,0,0,16
12/20/2009,ALO,IA,ACE,CE,Combined TRACON& Tower with Radar,0,6,7,0,13,0,0,1,0,1,0,6,8,0,14,0,0,0,14
12/21/2009,ALO,IA,ACE,CE,Combined TRACON& Tower with Radar,0,5,20,0,25,0,0,0,0,0,0,5,20,0,25,0,0,0,25
12/22/2009,ALO,IA,ACE,CE,Combined TRACON& Tower with Radar,0,7,12,0,19,0,0,0,0,0,0,7,12,0,19,0,0,0,19
12/23/2009,ALO,IA,ACE,CE,Combined TRACON& Tower with Radar,0,4,4,0,8,0,0,0,0,0,0,4,4,0,8,0,0,0,8
12/24/2009,ALO,IA,ACE,CE,Combined TRACON& Tower with Radar,2,0,1,0,3,0,0,0,0,0,2,0,1,0,3,0,0,0,3
12/25/2009,ALO,IA,ACE,CE,Combined TRACON& Tower with Radar,0,3,1,0,4,0,0,0,0,0,0,3,1,0,4,0,0,0,4
12/26/2009,ALO,IA,ACE,CE,Combined TRACON& Tower with Radar,0,5,4,0,9,0,0,2,0,2,0,5,6,0,11,8,0,8,19
12/27/2009,ALO,IA,ACE,CE,Combined TRACON& Tower with Radar,0,5,10,0,15,0,0,9,0,9,0,5,19,0,24,4,0,4,28
12/28/2009,ALO,IA,ACE,CE,Combined TRACON& Tower with Radar,0,5,5,1,11,0,0,10,2,12,0,5,15,3,23,48,0,48,71
12/29/2009,ALO,IA,ACE,CE,Combined TRACON& Tower with Radar,0,6,12,5,23,0,1,20,10,31,0,7,32,15,54,39,0,39,93
12/30/2009,ALO,IA,ACE,CE,Combined TRACON& Tower with Radar,0,8,1,0,9,0,0,0,0,0,0,8,1,0,9,0,0,0,9
12/31/2009,ALO,IA,ACE,CE,Combined TRACON& Tower with Radar,2,4,28,0,34,0,0,9,0,9,2,4,37,0,43,0,0,0,43
01/01/2010,ALO,IA,ACE,CE,Combined TRACON& Tower with Radar,0,6,1,0,7,0,0,1,0,1,0,6,2,0,8,6,0,6,14
01/02/2010,ALO,IA,ACE,CE,Combined TRACON& Tower with Radar,0,6,9,0,15,0,0,4,0,4,0,6,13,0,19,0,0,0,19
01/03/2010,ALO,IA,ACE,CE,Combined TRACON& Tower with Radar,0,5,13,0,18,0,0,8,0,8,0,5,21,0,26,0,0,0,26
01/04/2010,ALO,IA,ACE,CE,Combined TRACON& Tower with Radar,0,5,6,0,11,0,0,6,0,6,0,5,12,0,17,20,0,20,37
01/05/2010,ALO,IA,ACE,CE,Combined TRACON& Tower with Radar,0,7,14,1,22,0,0,8,3,11,0,7,22,4,33,10,0,10,43
01/06/2010,ALO,IA,ACE,CE,Combined TRACON& Tower with Radar,0,7,9,0,16,0,0,7,0,7,0,7,16,0,23,58,0,58,81
01/07/2010,ALO,IA,ACE,CE,Combined TRACON& Tower with Radar,0,4,0,0,4,0,0,0,0,0,0,4,0,0,4,0,0,0,4
01/08/2010,ALO,IA,ACE,CE,Combined TRACON& Tower with Radar,0,6,9,0,15,0,0,7,7,14,0,6,16,7,29,58,69,127,156
01/09/2010,ALO,IA,ACE,CE,Combined TRACON& Tower with Radar,0,6,0,0,6,0,0,5,6,11,0,6,5,6,17,15,16,31,48
01/10/2010,ALO,IA,ACE,CE,Combined TRACON& Tower with Radar,0,9,2,3,14,0,0,0,12,12,0,9,2,15,26,0,6,6,32
01/11/2010,ALO,IA,ACE,CE,Combined TRACON& Tower with Radar,0,5,15,0,20,0,0,7,4,11,0,5,22,4,31,2,16,18,49
01/12/2010,ALO,IA,ACE,CE,Combined TRACON& Tower with Radar,0,5,14,0,19,0,0,2,0,2,0,5,16,0,21,2,0,2,23
01/13/2010,ALO,IA,ACE,CE,Combined TRACON& Tower with Radar,0,6,28,0,34,0,0,19,7,26,0,6,47,7,60,6,4,10,70
01/14/2010,ALO,IA,ACE,CE,Combined TRACON& Tower with Radar,0,6,39,0,45,0,0,7,0,7,0,6,46,0,52,20,0,20,72
01/15/2010,ALO,IA,ACE,CE,Combined TRACON& Tower with Radar,0,5,21,0,26,0,0,0,0,0,0,5,21,0,26,0,0,0,26
01/16/2010,ALO,IA,ACE,CE,Combined TRACON& Tower with Radar,0,4,14,0,18,0,0,2,0,2,0,4,16,0,20,94,0,94,114
01/17/2010,ALO,IA,ACE,CE,Combined TRACON& Tower with Radar,0,5,1,0,6,0,0,0,0,0,0,5,1,0,6,0,0,0,6
01/18/2010,ALO,IA,ACE,CE,Combined TRACON& Tower with Radar,0,1,3,0,4,0,0,0,0,0,0,1,3,0,4,0,0,0,4
01/19/2010,ALO,IA,ACE,CE,Combined TRACON& Tower with Radar,0,4,9,0,13,0,0,0,0,0,0,4,9,0,13,0,0,0,13
01/20/2010,ALO,IA,ACE,CE,Combined TRACON& Tower with Radar,0,5,4,0,9,0,0,0,0,0,0,5,4,0,9,0,0,0,9
01/21/2010,ALO,IA,ACE,CE,Combined TRACON& Tower with Radar,0,11,10,0,21,0,0,0,0,0,0,11,10,0,21,0,0,0,21
01/22/2010,ALO,IA,ACE,CE,Combined TRACON& Tower with Radar,0,4,23,0,27,0,0,0,0,0,0,4,23,0,27,0,0,0,27
01/23/2010,ALO,IA,ACE,CE,Combined TRACON& Tower with Radar,0,8,6,0,14,0,0,1,0,1,0,8,7,0,15,0,0,0,15
01/24/2010,ALO,IA,ACE,CE,Combined TRACON& Tower with Radar,0,7,10,0,17,0,0,2,0,2,0,7,12,0,19,0,0,0,19
01/25/2010,ALO,IA,ACE,CE,Combined TRACON& Tower with Radar,0,7,12,0,19,0,0,0,0,0,0,7,12,0,19,0,0,0,19
01/26/2010,ALO,IA,ACE,CE,Combined TRACON& Tower with Radar,0,4,13,4,21,0,0,11,6,17,0,4,24,10,38,92,4,96,134
01/27/2010,ALO,IA,ACE,CE,Combined TRACON& Tower with Radar,0,5,15,2,22,0,0,7,6,13,0,5,22,8,35,44,0,44,79
01/28/2010,ALO,IA,ACE,CE,Combined TRACON& Tower with Radar,0,6,11,0,17,0,0,16,8,24,0,6,27,8,41,70,0,70,111
01/29/2010,ALO,IA,ACE,CE,Combined TRACON& Tower with Radar,0,7,28,15,50,0,0,25,8,33,0,7,53,23,83,46,0,46,129
01/30/2010,ALO,IA,ACE,CE,Combined TRACON& Tower with Radar,0,5,13,0,18,0,0,16,0,16,0,5,29,0,34,20,0,20,54
01/31/2010,ALO,IA,ACE,CE,Combined TRACON& Tower with Radar,0,5,2,0,7,0,0,15,0,15,0,5,17,0,22,68,0,68,90
02/01/2010,ALO,IA,ACE,CE,Combined TRACON& Tower with Radar,0,5,11,0,16,0,0,2,0,2,0,5,13,0,18,20,0,20,38
02/02/2010,ALO,IA,ACE,CE,Combined TRACON& Tower with Radar,1,6,25,0,32,0,0,1,0,1,1,6,26,0,33,0,0,0,33
02/03/2010,ALO,IA,ACE,CE,Combined TRACON& Tower with Radar,0,8,17,5,30,0,0,9,8,17,0,8,26,13,47,70,6,76,123
02/04/2010,ALO,IA,ACE,CE,Combined TRACON& Tower with Radar,0,6,26,6,38,0,0,12,5,17,0,6,38,11,55,46,0,46,101
02/05/2010,ALO,IA,ACE,CE,Combined TRACON& Tower with Radar,2,5,13,1,21,0,0,4,6,10,2,5,17,7,31,50,0,50,81
02/06/2010,ALO,IA,ACE,CE,Combined TRACON& Tower with Radar,0,4,12,3,19,0,0,18,4,22,0,4,30,7,41,42,16,58,99
02/07/2010,ALO,IA,ACE,CE,Combined TRACON& Tower with Radar,0,5,5,2,12,0,0,1,5,6,0,5,6,7,18,0,18,18,36
02/08/2010,ALO,IA,ACE,CE,Combined TRACON& Tower with Radar,0,5,6,0,11,0,0,0,0,0,0,5,6,0,11,0,0,0,11
02/09/2010,ALO,IA,ACE,CE,Combined TRACON& Tower with Radar,0,5,7,0,12,0,0,1,0,1,0,5,8,0,13,0,0,0,13
02/10/2010,ALO,IA,ACE,CE,Combined TRACON& Tower with Radar,0,4,10,17,31,0,0,1,0,1,0,4,11,17,32,0,0,0,32
02/11/2010,ALO,IA,ACE,CE,Combined TRACON& Tower with Radar,0,5,19,8,32,0,0,10,7,17,0,5,29,15,49,14,8,22,71
02/12/2010,ALO,IA,ACE,CE,Combined TRACON& Tower with Radar,0,5,16,0,21,0,0,0,0,0,0,5,16,0,21,28,0,28,49
02/13/2010,ALO,IA,ACE,CE,Combined TRACON& Tower with Radar,0,2,11,0,13,0,0,1,0,1,0,2,12,0,14,0,0,0,14
02/14/2010,ALO,IA,ACE,CE,Combined TRACON& Tower with Radar,0,3,1,0,4,0,0,14,0,14,0,3,15,0,18,12,0,12,30
02/15/2010,ALO,IA,ACE,CE,Combined TRACON& Tower with Radar,0,6,23,0,29,0,0,7,0,7,0,6,30,0,36,30,0,30,66
02/16/2010,ALO,IA,ACE,CE,Combined TRACON& Tower with Radar,0,5,15,0,20,0,0,22,0,22,0,5,37,0,42,0,0,0,42
02/17/2010,ALO,IA,ACE,CE,Combined TRACON& Tower with Radar,0,16,14,4,34,0,0,29,11,40,0,16,43,15,74,0,8,8,82
02/18/2010,ALO,IA,ACE,CE,Combined TRACON& Tower with Radar,0,8,15,2,25,0,0,23,7,30,0,8,38,9,55,26,0,26,81
02/19/2010,ALO,IA,ACE,CE,Combined TRACON& Tower with Radar,0,6,8,3,17,0,0,12,3,15,0,6,20,6,32,8,0,8,40
02/20/2010,ALO,IA,ACE,CE,Combined TRACON& Tower with Radar,0,7,1,1,9,0,0,0,0,0,0,7,1,1,9,0,0,0,9
02/21/2010,ALO,IA,ACE,CE,Combined TRACON& Tower with Radar,0,5,5,0,10,0,0,0,0,0,0,5,5,0,10,0,0,0,10
02/22/2010,ALO,IA,ACE,CE,Combined TRACON& Tower with Radar,0,9,19,10,38,0,0,9,5,14,0,9,28,15,52,0,8,8,60
02/23/2010,ALO,IA,ACE,CE,Combined TRACON& Tower with Radar,0,8,17,10,35,0,0,4,1,5,0,8,21,11,40,26,0,26,66
02/24/2010,ALO,IA,ACE,CE,Combined TRACON& Tower with Radar,0,6,23,0,29,0,0,15,10,25,0,6,38,10,54,6,0,6,60
02/25/2010,ALO,IA,ACE,CE,Combined TRACON& Tower with Radar,0,8,24,4,36,0,0,19,10,29,0,8,43,14,65,34,0,34,99
02/26/2010,ALO,IA,ACE,CE,Combined TRACON& Tower with Radar,0,7,15,0,22,0,0,9,5,14,0,7,24,5,36,34,0,34,70
02/27/2010,ALO,IA,ACE,CE,Combined TRACON& Tower with Radar,0,6,6,0,12,0,0,19,0,19,0,6,25,0,31,4,0,4,35
02/28/2010,ALO,IA,ACE,CE,Combined TRACON& Tower with Radar,0,7,6,1,14,0,0,9,0,9,0,7,15,1,23,14,0,14,37
03/01/2010,ALO,IA,ACE,CE,Combined TRACON& Tower with Radar,0,7,27,0,34,0,0,13,0,13,0,7,40,0,47,100,0,100,147
03/02/2010,ALO,IA,ACE,CE,Combined TRACON& Tower with Radar,0,6,27,1,34,0,0,8,5,13,0,6,35,6,47,26,4,30,77
03/03/2010,ALO,IA,ACE,CE,Combined TRACON& Tower with Radar,0,8,16,2,26,0,0,18,16,34,0,8,34,18,60,52,0,52,112
03/04/2010,ALO,IA,ACE,CE,Combined TRACON& Tower with Radar,0,7,33,3,43,0,0,8,4,12,0,7,41,7,55,36,34,70,125
03/05/2010,ALO,IA,ACE,CE,Combined TRACON& Tower with Radar,0,6,20,2,28,0,0,23,9,32,0,6,43,11,60,44,20,64,124
03/06/2010,ALO,IA,ACE,CE,Combined TRACON& Tower with Radar,0,7,11,1,19,0,0,9,16,25,0,7,20,17,44,20,0,20,64
03/07/2010,ALO,IA,ACE,CE,Combined TRACON& Tower with Radar,0,5,1,0,6,0,0,0,6,6,0,5,1,6,12,0,0,0,12
03/08/2010,ALO,IA,ACE,CE,Combined TRACON& Tower with Radar,0,5,9,0,14,0,0,0,0,0,0,5,9,0,14,0,0,0,14
03/09/2010,ALO,IA,ACE,CE,Combined TRACON& Tower with Radar,0,5,19,0,24,0,0,0,0,0,0,5,19,0,24,0,0,0,24
03/10/2010,ALO,IA,ACE,CE,Combined TRACON& Tower with Radar,0,5,8,0,13,0,0,0,0,0,0,5,8,0,13,0,0,0,13
03/11/2010,ALO,IA,ACE,CE,Combined TRACON& Tower with Radar,0,6,20,0,26,0,0,7,4,11,0,6,27,4,37,0,0,0,37
03/12/2010,ALO,IA,ACE,CE,Combined TRACON& Tower with Radar,0,5,9,0,14,0,0,13,7,20,0,5,22,7,34,24,10,34,68
03/13/2010,ALO,IA,ACE,CE,Combined TRACON& Tower with Radar,0,7,12,0,19,0,0,0,0,0,0,7,12,0,19,0,0,0,19
03/14/2010,ALO,IA,ACE,CE,Combined TRACON& Tower with Radar,0,9,13,0,22,0,0,17,2,19,0,9,30,2,41,8,0,8,49
03/15/2010,ALO,IA,ACE,CE,Combined TRACON& Tower with Radar,0,4,20,0,24,0,0,25,2,27,0,4,45,2,51,42,0,42,93
03/16/2010,ALO,IA,ACE,CE,Combined TRACON& Tower with Radar,2,4,23,0,29,0,0,7,4,11,2,4,30,4,40,10,0,10,50
03/17/2010,ALO,IA,ACE,CE,Combined TRACON& Tower with Radar,0,5,7,0,12,0,0,27,5,32,0,5,34,5,44,44,0,44,88
03/18/2010,ALO,IA,ACE,CE,Combined TRACON& Tower with Radar,0,8,13,3,24,0,0,24,6,30,0,8,37,9,54,86,0,86,140
03/19/2010,ALO,IA,ACE,CE,Combined TRACON& Tower with Radar,0,5,13,3,21,0,0,8,2,10,0,5,21,5,31,13,0,13,44
03/20/2010,ALO,IA,ACE,CE,Combined TRACON& Tower with Radar,0,5,16,0,21,0,0,15,0,15,0,5,31,0,36,4,0,4,40
03/21/2010,ALO,IA,ACE,CE,Combined TRACON& Tower with Radar,0,5,8,0,13,0,0,27,0,27,0,5,35,0,40,74,0,74,114
03/22/2010,ALO,IA,ACE,CE,Combined TRACON& Tower with Radar,0,7,12,0,19,0,0,11,6,17,0,7,23,6,36,28,0,28,64
03/23/2010,ALO,IA,ACE,CE,Combined TRACON& Tower with Radar,0,6,14,0,20,0,0,28,1,29,0,6,42,1,49,80,0,80,129
03/24/2010,ALO,IA,ACE,CE,Combined TRACON& Tower with Radar,0,8,21,0,29,0,0,12,3,15,0,8,33,3,44,76,10,86,130
03/25/2010,ALO,IA,ACE,CE,Combined TRACON& Tower with Radar,0,7,14,1,22,0,0,17,9,26,0,7,31,10,48,16,8,24,72
03/26/2010,ALO,IA,ACE,CE,Combined TRACON& Tower with Radar,0,5,13,2,20,0,0,28,1,29,0,5,41,3,49,28,0,28,77
03/27/2010,ALO,IA,ACE,CE,Combined TRACON& Tower with Radar,0,7,3,0,10,0,0,18,8,26,0,7,21,8,36,66,0,66,102
03/28/2010,ALO,IA,ACE,CE,Combined TRACON& Tower with Radar,0,5,5,0,10,0,0,8,1,9,0,5,13,1,19,2,0,2,21
03/29/2010,ALO,IA,ACE,CE,Combined TRACON& Tower with Radar,0,7,26,0,33,0,0,26,0,26,0,7,52,0,59,72,0,72,131
03/30/2010,ALO,IA,ACE,CE,Combined TRACON& Tower with Radar,0,6,19,0,25,0,0,24,1,25,0,6,43,1,50,42,0,42,92
03/31/2010,ALO,IA,ACE,CE,Combined TRACON& Tower with Radar,0,11,15,0,26,0,0,40,0,40,0,11,55,0,66,56,0,56,122
04/01/2010,ALO,IA,ACE,CE,Combined TRACON& Tower with Radar,1,6,18,0,25,0,0,22,2,24,1,6,40,2,49,76,0,76,125
04/02/2010,ALO,IA,ACE,CE,Combined TRACON& Tower with Radar,0,5,10,0,15,0,0,4,2,6,0,5,14,2,21,0,0,0,21
04/03/2010,ALO,IA,ACE,CE,Combined TRACON& Tower with Radar,0,5,17,0,22,0,0,22,0,22,0,5,39,0,44,22,0,22,66
04/04/2010,ALO,IA,ACE,CE,Combined TRACON& Tower with Radar,0,5,7,0,12,0,0,10,0,10,0,5,17,0,22,30,0,30,52
04/05/2010,ALO,IA,ACE,CE,Combined TRACON& Tower with Radar,0,5,12,0,17,0,0,11,2,13,0,5,23,2,30,36,0,36,66
04/06/2010,ALO,IA,ACE,CE,Combined TRACON& Tower with Radar,0,5,21,0,26,0,0,0,0,0,0,5,21,0,26,0,0,0,26
04/07/2010,ALO,IA,ACE,CE,Combined TRACON& Tower with Radar,0,5,9,1,15,0,0,7,3,10,0,5,16,4,25,40,10,50,75
04/08/2010,ALO,IA,ACE,CE,Combined TRACON& Tower with Radar,0,6,30,1,37,0,0,27,9,36,0,6,57,10,73,60,0,60,133
04/09/2010,ALO,IA,ACE,CE,Combined TRACON& Tower with Radar,0,7,17,1,25,0,0,42,0,42,0,7,59,1,67,92,24,116,183
04/10/2010,ALO,IA,ACE,CE,Combined TRACON& Tower with Radar,0,4,12,2,18,0,0,39,25,64,0,4,51,27,82,62,14,76,158
04/11/2010,ALO,IA,ACE,CE,Combined TRACON& Tower with Radar,0,5,6,1,12,0,0,22,7,29,0,5,28,8,41,36,0,36,77
04/12/2010,ALO,IA,ACE,CE,Combined TRACON& Tower with Radar,0,6,11,0,17,0,0,19,5,24,0,6,30,5,41,84,3,87,128
04/13/2010,ALO,IA,ACE,CE,Combined TRACON& Tower with Radar,0,5,19,0,24,0,0,28,0,28,0,5,47,0,52,80,0,80,132
04/14/2010,ALO,IA,ACE,CE,Combined TRACON& Tower with Radar,0,5,15,8,28,0,0,24,9,33,0,5,39,17,61,74,20,94,155
04/15/2010,ALO,IA,ACE,CE,Combined TRACON& Tower with Radar,0,7,15,3,25,0,0,10,5,15,0,7,25,8,40,68,4,72,112
04/16/2010,ALO,IA,ACE,CE,Combined TRACON& Tower with Radar,0,5,11,2,18,0,0,15,1,16,0,5,26,3,34,40,64,104,138
04/17/2010,ALO,IA,ACE,CE,Combined TRACON& Tower with Radar,0,4,1,0,5,0,0,26,0,26,0,4,27,0,31,6,0,6,37
04/18/2010,ALO,IA,ACE,CE,Combined TRACON& Tower with Radar,0,5,10,0,15,0,0,26,0,26,0,5,36,0,41,0,0,0,41
04/19/2010,ALO,IA,ACE,CE,Combined TRACON& Tower with Radar,0,4,9,0,13,0,0,30,4,34,0,4,39,4,47,4,0,4,51
04/20/2010,ALO,IA,ACE,CE,Combined TRACON& Tower with Radar,0,6,29,2,37,0,0,17,10,27,0,6,46,12,64,34,0,34,98
04/21/2010,ALO,IA,ACE,CE,Combined TRACON& Tower with Radar,0,5,10,1,16,0,0,13,1,14,0,5,23,2,30,40,0,40,70
04/22/2010,ALO,IA,ACE,CE,Combined TRACON& Tower with Radar,0,14,16,0,30,0,0,22,2,24,0,14,38,2,54,48,24,72,126
04/23/2010,ALO,IA,ACE,CE,Combined TRACON& Tower with Radar,0,7,26,0,33,0,0,2,0,2,0,7,28,0,35,24,0,24,59
04/24/2010,ALO,IA,ACE,CE,Combined TRACON& Tower with Radar,0,4,8,0,12,0,0,3,0,3,0,4,11,0,15,16,0,16,31
04/25/2010,ALO,IA,ACE,CE,Combined TRACON& Tower with Radar,0,5,3,0,8,0,0,2,0,2,0,5,5,0,10,8,0,8,18
04/26/2010,ALO,IA,ACE,CE,Combined TRACON& Tower with Radar,0,8,15,0,23,0,0,8,3,11,0,8,23,3,34,0,8,8,42
04/27/2010,ALO,IA,ACE,CE,Combined TRACON& Tower with Radar,0,5,17,0,22,0,0,17,3,20,0,5,34,3,42,28,0,28,70
04/28/2010,ALO,IA,ACE,CE,Combined TRACON& Tower with Radar,0,6,29,2,37,0,0,39,4,43,0,6,68,6,80,64,0,64,144
04/29/2010,ALO,IA,ACE,CE,Combined TRACON& Tower with Radar,0,7,11,0,18,0,0,13,3,16,0,7,24,3,34,2,0,2,36
04/30/2010,ALO,IA,ACE,CE,Combined TRACON& Tower with Radar,0,4,5,0,9,0,0,5,0,5,0,4,10,0,14,32,0,32,46
05/01/2010,ALO,IA,ACE,CE,Combined TRACON& Tower with Radar,0,4,4,0,8,0,0,16,0,16,0,4,20,0,24,0,0,0,24
05/02/2010,ALO,IA,ACE,CE,Combined TRACON& Tower with Radar,0,5,10,0,15,0,0,13,0,13,0,5,23,0,28,12,0,12,40
05/03/2010,ALO,IA,ACE,CE,Combined TRACON& Tower with Radar,1,3,29,0,33,0,0,15,5,20,1,3,44,5,53,0,26,26,79
05/04/2010,ALO,IA,ACE,CE,Combined TRACON& Tower with Radar,0,7,13,0,20,0,0,13,1,14,0,7,26,1,34,8,0,8,42
05/05/2010,ALO,IA,ACE,CE,Combined TRACON& Tower with Radar,0,6,23,1,30,0,1,10,5,16,0,7,33,6,46,2,0,2,48
05/06/2010,ALO,IA,ACE,CE,Combined TRACON& Tower with Radar,0,7,22,0,29,0,0,30,3,33,0,7,52,3,62,8,0,8,70
05/07/2010,ALO,IA,ACE,CE,Combined TRACON& Tower with Radar,0,8,11,0,19,0,0,2,6,8,0,8,13,6,27,0,0,0,27
05/08/2010,ALO,IA,ACE,CE,Combined TRACON& Tower with Radar,0,4,4,0,8,0,0,7,2,9,0,4,11,2,17,10,0,10,27
05/09/2010,ALO,IA,ACE,CE,Combined TRACON& Tower with Radar,0,6,21,0,27,0,0,21,0,21,0,6,42,0,48,4,0,4,52
05/10/2010,ALO,IA,ACE,CE,Combined TRACON& Tower with Radar,0,7,11,0,18,0,0,4,0,4,0,7,15,0,22,8,0,8,30
05/11/2010,ALO,IA,ACE,CE,Combined TRACON& Tower with Radar,0,5,24,0,29,0,0,2,0,2,0,5,26,0,31,0,0,0,31
05/12/2010,ALO,IA,ACE,CE,Combined TRACON& Tower with Radar,0,11,17,0,28,0,0,0,0,0,0,11,17,0,28,0,0,0,28
05/13/2010,ALO,IA,ACE,CE,Combined TRACON& Tower with Radar,0,6,15,7,28,0,0,2,1,3,0,6,17,8,31,6,0,6,37
05/14/2010,ALO,IA,ACE,CE,Combined TRACON& Tower with Radar,0,6,25,0,31,0,0,35,2,37,0,6,60,2,68,20,0,20,88
05/15/2010,ALO,IA,ACE,CE,Combined TRACON& Tower with Radar,0,3,10,0,13,0,0,35,0,35,0,3,45,0,48,4,0,4,52
05/16/2010,ALO,IA,ACE,CE,Combined TRACON& Tower with Radar,0,4,1,3,8,0,0,11,3,14,0,4,12,6,22,60,0,60,82
05/17/2010,ALO,IA,ACE,CE,Combined TRACON& Tower with Radar,0,9,25,0,34,0,1,26,2,29,0,10,51,2,63,28,0,28,91
05/18/2010,ALO,IA,ACE,CE,Combined TRACON& Tower with Radar,0,8,28,0,36,0,1,26,0,27,0,9,54,0,63,24,0,24,87
05/19/2010,ALO,IA,ACE,CE,Combined TRACON& Tower with Radar,0,7,23,0,30,0,1,35,1,37,0,8,58,1,67,98,0,98,165
05/20/2010,ALO,IA,ACE,CE,Combined TRACON& Tower with Radar,0,5,21,0,26,0,1,13,2,16,0,6,34,2,42,58,0,58,100
05/21/2010,ALO,IA,ACE,CE,Combined TRACON& Tower with Radar,0,5,26,4,35,0,0,3,0,3,0,5,29,4,38,0,0,0,38
05/22/2010,ALO,IA,ACE,CE,Combined TRACON& Tower with Radar,0,3,16,0,19,0,1,112,13,126,0,4,128,13,145,0,0,0,145
05/23/2010,ALO,IA,ACE,CE,Combined TRACON& Tower with Radar,0,4,15,0,19,0,0,13,0,13,0,4,28,0,32,2,0,2,34
05/24/2010,ALO,IA,ACE,CE,Combined TRACON& Tower with Radar,0,5,11,0,16,0,0,19,0,19,0,5,30,0,35,28,0,28,63
05/25/2010,ALO,IA,ACE,CE,Combined TRACON& Tower with Radar,0,12,11,0,23,0,0,4,0,4,0,12,15,0,27,22,0,22,49
05/26/2010,ALO,IA,ACE,CE,Combined TRACON& Tower with Radar,0,5,24,1,30,0,0,23,11,34,0,5,47,12,64,46,4,50,114
05/27/2010,ALO,IA,ACE,CE,Combined TRACON& Tower with Radar,0,7,27,0,34,0,3,17,0,20,0,10,44,0,54,30,0,30,84
05/28/2010,ALO,IA,ACE,CE,Combined TRACON& Tower with Radar,0,6,9,0,15,0,0,44,1,45,0,6,53,1,60,112,0,112,172
05/29/2010,ALO,IA,ACE,CE,Combined TRACON& Tower with Radar,0,3,3,0,6,0,0,26,0,26,0,3,29,0,32,36,0,36,68
05/30/2010,ALO,IA,ACE,CE,Combined TRACON& Tower with Radar,0,2,17,0,19,0,0,8,0,8,0,2,25,0,27,0,0,0,27
05/31/2010,ALO,IA,ACE,CE,Combined TRACON& Tower with Radar,0,7,3,0,10,0,0,16,2,18,0,7,19,2,28,12,0,12,40
06/01/2010,ALO,IA,ACE,CE,Combined TRACON& Tower with Radar,0,8,10,0,18,0,0,9,4,13,0,8,19,4,31,52,0,52,83
06/02/2010,ALO,IA,ACE,CE,Combined TRACON& Tower with Radar,2,7,28,0,37,0,0,5,1,6,2,7,33,1,43,8,0,8,51
06/03/2010,ALO,IA,ACE,CE,Combined TRACON& Tower with Radar,0,5,24,2,31,0,1,18,3,22,0,6,42,5,53,66,0,66,119
06/04/2010,ALO,IA,ACE,CE,Combined TRACON& Tower with Radar,0,5,28,2,35,0,1,3,2,6,0,6,31,4,41,0,0,0,41
06/05/2010,ALO,IA,ACE,CE,Combined TRACON& Tower with Radar,0,5,7,0,12,0,0,1,0,1,0,5,8,0,13,0,0,0,13
06/06/2010,ALO,IA,ACE,CE,Combined TRACON& Tower with Radar,0,5,12,0,17,0,0,9,2,11,0,5,21,2,28,2,0,2,30
06/07/2010,ALO,IA,ACE,CE,Combined TRACON& Tower with Radar,0,6,10,0,16,0,0,16,2,18,0,6,26,2,34,62,0,62,96
06/08/2010,ALO,IA,ACE,CE,Combined TRACON& Tower with Radar,2,5,16,0,23,0,0,5,0,5,2,5,21,0,28,0,0,0,28
06/09/2010,ALO,IA,ACE,CE,Combined TRACON& Tower with Radar,0,8,22,0,30,0,1,34,0,35,0,9,56,0,65,26,0,26,91
06/10/2010,ALO,IA,ACE,CE,Combined TRACON& Tower with Radar,0,5,22,2,29,0,2,2,3,7,0,7,24,5,36,50,0,50,86
06/11/2010,ALO,IA,ACE,CE,Combined TRACON& Tower with Radar,0,5,17,1,23,0,0,3,3,6,0,5,20,4,29,0,0,0,29
06/12/2010,ALO,IA,ACE,CE,Combined TRACON& Tower with Radar,0,3,4,0,7,0,0,5,0,5,0,3,9,0,12,0,0,0,12
06/13/2010,ALO,IA,ACE,CE,Combined TRACON& Tower with Radar,0,7,5,0,12,0,0,0,0,0,0,7,5,0,12,0,0,0,12
06/14/2010,ALO,IA,ACE,CE,Combined TRACON& Tower with Radar,0,5,25,1,31,0,0,2,0,2,0,5,27,1,33,12,0,12,45
06/15/2010,ALO,IA,ACE,CE,Combined TRACON& Tower with Radar,0,5,17,0,22,0,0,14,0,14,0,5,31,0,36,8,0,8,44
06/16/2010,ALO,IA,ACE,CE,Combined TRACON& Tower with Radar,0,5,27,0,32,0,1,33,4,38,0,6,60,4,70,24,6,30,100
06/17/2010,ALO,IA,ACE,CE,Combined TRACON& Tower with Radar,0,4,16,0,20,0,0,5,4,9,0,4,21,4,29,58,0,58,87
06/18/2010,ALO,IA,ACE,CE,Combined TRACON& Tower with Radar,0,5,12,0,17,0,1,2,3,6,0,6,14,3,23,0,0,0,23
06/19/2010,ALO,IA,ACE,CE,Combined TRACON& Tower with Radar,0,3,10,0,13,0,0,21,3,24,0,3,31,3,37,12,0,12,49
06/20/2010,ALO,IA,ACE,CE,Combined TRACON& Tower with Radar,0,5,5,1,11,0,0,1,1,2,0,5,6,2,13,0,0,0,13
06/21/2010,ALO,IA,ACE,CE,Combined TRACON& Tower with Radar,0,6,11,0,17,0,0,4,2,6,0,6,15,2,23,24,0,24,47
06/22/2010,ALO,IA,ACE,CE,Combined TRACON& Tower with Radar,0,8,28,0,36,0,0,24,3,27,0,8,52,3,63,46,2,48,111
06/23/2010,ALO,IA,ACE,CE,Combined TRACON& Tower with Radar,0,5,21,0,26,0,0,7,0,7,0,5,28,0,33,0,2,2,35
06/24/2010,ALO,IA,ACE,CE,Combined TRACON& Tower with Radar,0,8,30,0,38,0,1,47,0,48,0,9,77,0,86,92,0,92,178
06/25/2010,ALO,IA,ACE,CE,Combined TRACON& Tower with Radar,0,7,25,0,32,0,0,24,2,26,0,7,49,2,58,28,0,28,86
06/26/2010,ALO,IA,ACE,CE,Combined TRACON& Tower with Radar,0,4,5,0,9,0,1,18,0,19,0,5,23,0,28,58,0,58,86
06/27/2010,ALO,IA,ACE,CE,Combined TRACON& Tower with Radar,0,5,8,1,14,0,0,13,2,15,0,5,21,3,29,18,0,18,47
06/28/2010,ALO,IA,ACE,CE,Combined TRACON& Tower with Radar,0,5,17,0,22,0,0,27,0,27,0,5,44,0,49,52,0,52,101
06/29/2010,ALO,IA,ACE,CE,Combined TRACON& Tower with Radar,0,4,20,0,24,0,0,23,1,24,0,4,43,1,48,30,0,30,78
06/30/2010,ALO,IA,ACE,CE,Combined TRACON& Tower with Radar,0,5,21,0,26,0,0,30,2,32,0,5,51,2,58,46,0,46,104
07/01/2010,ALO,IA,ACE,CE,Combined TRACON& Tower with Radar,0,5,23,1,29,0,0,22,1,23,0,5,45,2,52,42,0,42,94
07/02/2010,ALO,IA,ACE,CE,Combined TRACON& Tower with Radar,0,7,3,0,10,0,0,22,0,22,0,7,25,0,32,6,0,6,38
07/03/2010,ALO,IA,ACE,CE,Combined TRACON& Tower with Radar,0,4,8,0,12,0,0,17,0,17,0,4,25,0,29,0,0,0,29
07/04/2010,ALO,IA,ACE,CE,Combined TRACON& Tower with Radar,0,3,2,0,5,0,0,1,0,1,0,3,3,0,6,0,0,0,6
07/05/2010,ALO,IA,ACE,CE,Combined TRACON& Tower with Radar,0,7,1,0,8,0,0,4,0,4,0,7,5,0,12,0,0,0,12
07/06/2010,ALO,IA,ACE,CE,Combined TRACON& Tower with Radar,0,9,17,0,26,0,0,7,1,8,0,9,24,1,34,12,0,12,46
07/07/2010,ALO,IA,ACE,CE,Combined TRACON& Tower with Radar,0,8,12,0,20,0,0,5,0,5,0,8,17,0,25,0,0,0,25
07/08/2010,ALO,IA,ACE,CE,Combined TRACON& Tower with Radar,0,6,40,3,49,0,0,18,4,22,0,6,58,7,71,54,0,54,125
07/09/2010,ALO,IA,ACE,CE,Combined TRACON& Tower with Radar,0,8,23,0,31,0,0,22,2,24,0,8,45,2,55,10,8,18,73
07/10/2010,ALO,IA,ACE,CE,Combined TRACON& Tower with Radar,0,3,7,0,10,0,0,33,0,33,0,3,40,0,43,32,0,32,75
07/11/2010,ALO,IA,ACE,CE,Combined TRACON& Tower with Radar,0,5,12,0,17,0,0,11,0,11,0,5,23,0,28,0,0,0,28
07/12/2010,ALO,IA,ACE,CE,Combined TRACON& Tower with Radar,0,7,14,0,21,0,0,12,2,14,0,7,26,2,35,62,0,62,97
07/13/2010,ALO,IA,ACE,CE,Combined TRACON& Tower with Radar,0,9,18,0,27,0,0,21,1,22,0,9,39,1,49,40,0,40,89
07/14/2010,ALO,IA,ACE,CE,Combined TRACON& Tower with Radar,2,7,18,0,27,0,1,15,0,16,2,8,33,0,43,42,0,42,85
07/15/2010,ALO,IA,ACE,CE,Combined TRACON& Tower with Radar,0,5,19,5,29,0,1,38,11,50,0,6,57,16,79,52,0,52,131
07/16/2010,ALO,IA,ACE,CE,Combined TRACON& Tower with Radar,0,5,19,0,24,0,1,30,5,36,0,6,49,5,60,22,0,22,82
07/17/2010,ALO,IA,ACE,CE,Combined TRACON& Tower with Radar,0,6,17,0,23,0,0,36,0,36,0,6,53,0,59,94,0,94,153
07/18/2010,ALO,IA,ACE,CE,Combined TRACON& Tower with Radar,0,5,8,0,13,0,0,16,0,16,0,5,24,0,29,20,0,20,49
07/19/2010,ALO,IA,ACE,CE,Combined TRACON& Tower with Radar,0,5,19,0,24,0,2,28,2,32,0,7,47,2,56,88,0,88,144
07/20/2010,ALO,IA,ACE,CE,Combined TRACON& Tower with Radar,0,10,24,3,37,0,0,18,5,23,0,10,42,8,60,58,0,58,118
07/21/2010,ALO,IA,ACE,CE,Combined TRACON& Tower with Radar,0,7,24,0,31,0,0,31,3,34,0,7,55,3,65,42,0,42,107
07/22/2010,ALO,IA,ACE,CE,Combined TRACON& Tower with Radar,0,8,9,0,17,0,0,8,2,10,0,8,17,2,27,66,0,66,93
07/23/2010,ALO,IA,ACE,CE,Combined TRACON& Tower with Radar,0,7,11,2,20,0,0,18,6,24,0,7,29,8,44,52,0,52,96
07/24/2010,ALO,IA,ACE,CE,Combined TRACON& Tower with Radar,0,3,3,0,6,0,0,18,0,18,0,3,21,0,24,0,0,0,24
07/25/2010,ALO,IA,ACE,CE,Combined TRACON& Tower with Radar,0,8,10,2,20,0,0,30,15,45,0,8,40,17,65,18,4,22,87
07/26/2010,ALO,IA,ACE,CE,Combined TRACON& Tower with Radar,0,5,9,0,14,0,0,19,0,19,0,5,28,0,33,56,0,56,89
07/27/2010,ALO,IA,ACE,CE,Combined TRACON& Tower with Radar,0,7,30,0,37,0,0,29,6,35,0,7,59,6,72,2,0,2,74
07/28/2010,ALO,IA,ACE,CE,Combined TRACON& Tower with Radar,0,9,7,1,17,0,0,13,3,16,0,9,20,4,33,38,0,38,71
07/29/2010,ALO,IA,ACE,CE,Combined TRACON& Tower with Radar,0,5,22,3,30,0,0,83,14,97,0,5,105,17,127,46,0,46,173
07/30/2010,ALO,IA,ACE,CE,Combined TRACON& Tower with Radar,0,6,10,0,16,0,0,14,2,16,0,6,24,2,32,2,2,4,36
07/31/2010,ALO,IA,ACE,CE,Combined TRACON& Tower with Radar,0,4,11,0,15,0,0,5,1,6,0,4,16,1,21,0,0,0,21
08/01/2010,ALO,IA,ACE,CE,Combined TRACON& Tower with Radar,0,8,11,0,19,0,0,25,0,25,0,8,36,0,44,0,0,0,44
08/02/2010,ALO,IA,ACE,CE,Combined TRACON& Tower with Radar,0,8,21,0,29,0,0,9,0,9,0,8,30,0,38,12,0,12,50
08/03/2010,ALO,IA,ACE,CE,Combined TRACON& Tower with Radar,0,9,22,2,33,0,1,8,0,9,0,10,30,2,42,10,0,10,52
08/04/2010,ALO,IA,ACE,CE,Combined TRACON& Tower with Radar,0,6,21,2,29,0,0,19,4,23,0,6,40,6,52,0,6,6,58
08/05/2010,ALO,IA,ACE,CE,Combined TRACON& Tower with Radar,0,11,25,4,40,0,0,27,5,32,0,11,52,9,72,30,0,30,102
08/06/2010,ALO,IA,ACE,CE,Combined TRACON& Tower with Radar,0,6,18,0,24,0,0,28,0,28,0,6,46,0,52,16,0,16,68
08/07/2010,ALO,IA,ACE,CE,Combined TRACON& Tower with Radar,0,3,3,0,6,0,0,14,0,14,0,3,17,0,20,6,0,6,26
08/08/2010,ALO,IA,ACE,CE,Combined TRACON& Tower with Radar,0,5,10,0,15,0,0,4,1,5,0,5,14,1,20,0,0,0,20
08/09/2010,ALO,IA,ACE,CE,Combined TRACON& Tower with Radar,0,5,10,0,15,0,0,5,1,6,0,5,15,1,21,26,2,28,49
08/10/2010,ALO,IA,ACE,CE,Combined TRACON& Tower with Radar,0,7,14,0,21,0,0,2,2,4,0,7,16,2,25,0,0,0,25
08/11/2010,ALO,IA,ACE,CE,Combined TRACON& Tower with Radar,0,7,21,2,30,0,0,20,2,22,0,7,41,4,52,24,0,24,76
08/12/2010,ALO,IA,ACE,CE,Combined TRACON& Tower with Radar,0,7,16,1,24,0,0,12,2,14,0,7,28,3,38,0,0,0,38
08/13/2010,ALO,IA,ACE,CE,Combined TRACON& Tower with Radar,0,5,16,1,22,0,0,9,1,10,0,5,25,2,32,0,0,0,32
08/14/2010,ALO,IA,ACE,CE,Combined TRACON& Tower with Radar,0,5,22,6,33,0,0,17,17,34,0,5,39,23,67,4,0,4,71
08/15/2010,ALO,IA,ACE,CE,Combined TRACON& Tower with Radar,0,5,14,0,19,0,0,25,6,31,0,5,39,6,50,20,0,20,70
08/16/2010,ALO,IA,ACE,CE,Combined TRACON& Tower with Radar,0,5,21,0,26,0,0,16,0,16,0,5,37,0,42,24,0,24,66
08/17/2010,ALO,IA,ACE,CE,Combined TRACON& Tower with Radar,0,8,14,2,24,0,0,4,3,7,0,8,18,5,31,26,4,30,61
08/18/2010,ALO,IA,ACE,CE,Combined TRACON& Tower with Radar,0,8,29,5,42,0,0,30,6,36,0,8,59,11,78,28,0,28,106
08/19/2010,ALO,IA,ACE,CE,Combined TRACON& Tower with Radar,0,6,23,1,30,0,0,24,12,36,0,6,47,13,66,46,22,68,134
08/20/2010,ALO,IA,ACE,CE,Combined TRACON& Tower with Radar,0,7,8,0,15,0,0,14,4,18,0,7,22,4,33,0,0,0,33
08/21/2010,ALO,IA,ACE,CE,Combined TRACON& Tower with Radar,0,4,19,1,24,0,0,7,1,8,0,4,26,2,32,0,0,0,32
08/22/2010,ALO,IA,ACE,CE,Combined TRACON& Tower with Radar,0,5,9,1,15,0,0,29,0,29,0,5,38,1,44,40,0,40,84
08/23/2010,ALO,IA,ACE,CE,Combined TRACON& Tower with Radar,0,9,26,2,37,0,0,28,1,29,0,9,54,3,66,22,0,22,88
08/24/2010,ALO,IA,ACE,CE,Combined TRACON& Tower with Radar,0,5,28,0,33,0,0,21,0,21,0,5,49,0,54,60,0,60,114
08/25/2010,ALO,IA,ACE,CE,Combined TRACON& Tower with Radar,0,8,27,0,35,0,0,43,5,48,0,8,70,5,83,68,0,68,151
08/26/2010,ALO,IA,ACE,CE,Combined TRACON& Tower with Radar,0,6,27,0,33,0,3,33,4,40,0,9,60,4,73,32,12,44,117
08/27/2010,ALO,IA,ACE,CE,Combined TRACON& Tower with Radar,0,9,19,1,29,0,0,28,2,30,0,9,47,3,59,40,0,40,99
08/28/2010,ALO,IA,ACE,CE,Combined TRACON& Tower with Radar,0,4,9,0,13,0,0,32,0,32,0,4,41,0,45,14,0,14,59
08/29/2010,ALO,IA,ACE,CE,Combined TRACON& Tower with Radar,0,6,11,0,17,0,0,6,0,6,0,6,17,0,23,0,0,0,23
08/30/2010,ALO,IA,ACE,CE,Combined TRACON& Tower with Radar,0,7,21,2,30,0,1,15,0,16,0,8,36,2,46,0,0,0,46
08/31/2010,ALO,IA,ACE,CE,Combined TRACON& Tower with Radar,0,12,22,0,34,0,0,16,0,16,0,12,38,0,50,40,0,40,90
09/01/2010,ALO,IA,ACE,CE,Combined TRACON& Tower with Radar,0,9,30,1,40,0,0,7,10,17,0,9,37,11,57,44,24,68,125
09/02/2010,ALO,IA,ACE,CE,Combined TRACON& Tower with Radar,0,6,25,1,32,0,0,5,7,12,0,6,30,8,44,0,4,4,48
09/03/2010,ALO,IA,ACE,CE,Combined TRACON& Tower with Radar,0,6,24,0,30,0,0,15,0,15,0,6,39,0,45,0,0,0,45
09/04/2010,ALO,IA,ACE,CE,Combined TRACON& Tower with Radar,0,4,11,0,15,0,0,28,1,29,0,4,39,1,44,16,0,16,60
09/05/2010,ALO,IA,ACE,CE,Combined TRACON& Tower with Radar,0,4,4,0,8,0,0,11,0,11,0,4,15,0,19,14,0,14,33
09/06/2010,ALO,IA,ACE,CE,Combined TRACON& Tower with Radar,0,5,11,0,16,0,0,7,0,7,0,5,18,0,23,0,0,0,23
09/07/2010,ALO,IA,ACE,CE,Combined TRACON& Tower with Radar,0,5,22,0,27,0,0,4,0,4,0,5,26,0,31,0,0,0,31
09/08/2010,ALO,IA,ACE,CE,Combined TRACON& Tower with Radar,0,9,20,1,30,0,0,34,1,35,0,9,54,2,65,26,0,26,91
09/09/2010,ALO,IA,ACE,CE,Combined TRACON& Tower with Radar,0,6,28,1,35,0,0,16,2,18,0,6,44,3,53,72,0,72,125
09/10/2010,ALO,IA,ACE,CE,Combined TRACON& Tower with Radar,0,5,15,2,22,0,0,17,1,18,0,5,32,3,40,32,0,32,72
09/11/2010,ALO,IA,ACE,CE,Combined TRACON& Tower with Radar,0,7,12,0,19,0,0,13,6,19,0,7,25,6,38,22,0,22,60
09/12/2010,ALO,IA,ACE,CE,Combined TRACON& Tower with Radar,0,5,15,1,21,0,0,29,5,34,0,5,44,6,55,14,0,14,69
09/13/2010,ALO,IA,ACE,CE,Combined TRACON& Tower with Radar,0,6,21,5,32,0,0,27,1,28,0,6,48,6,60,60,4,64,124
09/14/2010,ALO,IA,ACE,CE,Combined TRACON& Tower with Radar,0,7,29,0,36,0,0,21,2,23,0,7,50,2,59,18,0,18,77
09/15/2010,ALO,IA,ACE,CE,Combined TRACON& Tower with Radar,0,9,20,1,30,0,0,8,4,12,0,9,28,5,42,18,8,26,68
09/16/2010,ALO,IA,ACE,CE,Combined TRACON& Tower with Radar,0,12,25,4,41,0,0,6,7,13,0,12,31,11,54,20,0,20,74
09/17/2010,ALO,IA,ACE,CE,Combined TRACON& Tower with Radar,2,6,34,0,42,0,0,22,2,24,2,6,56,2,66,6,0,6,72
09/18/2010,ALO,IA,ACE,CE,Combined TRACON& Tower with Radar,0,6,15,0,21,0,0,4,0,4,0,6,19,0,25,0,0,0,25
09/19/2010,ALO,IA,ACE,CE,Combined TRACON& Tower with Radar,0,10,29,0,39,0,0,0,0,0,0,10,29,0,39,0,0,0,39
09/20/2010,ALO,IA,ACE,CE,Combined TRACON& Tower with Radar,0,5,26,1,32,0,2,8,0,10,0,7,34,1,42,6,0,6,48
09/21/2010,ALO,IA,ACE,CE,Combined TRACON& Tower with Radar,0,5,13,0,18,0,0,2,1,3,0,5,15,1,21,0,0,0,21
09/22/2010,ALO,IA,ACE,CE,Combined TRACON& Tower with Radar,0,7,9,6,22,0,1,2,2,5,0,8,11,8,27,0,0,0,27
09/23/2010,ALO,IA,ACE,CE,Combined TRACON& Tower with Radar,0,9,10,0,19,0,1,3,2,6,0,10,13,2,25,26,0,26,51
09/24/2010,ALO,IA,ACE,CE,Combined TRACON& Tower with Radar,0,5,19,0,24,0,0,14,0,14,0,5,33,0,38,0,0,0,38
09/25/2010,ALO,IA,ACE,CE,Combined TRACON& Tower with Radar,2,4,13,0,19,0,0,5,0,5,2,4,18,0,24,52,0,52,76
09/26/2010,ALO,IA,ACE,CE,Combined TRACON& Tower with Radar,0,5,9,0,14,0,0,25,0,25,0,5,34,0,39,0,0,0,39
09/27/2010,ALO,IA,ACE,CE,Combined TRACON& Tower with Radar,0,5,19,0,24,0,1,34,0,35,0,6,53,0,59,92,0,92,151
09/28/2010,ALO,IA,ACE,CE,Combined TRACON& Tower with Radar,0,5,14,2,21,0,0,10,3,13,0,5,24,5,34,22,0,22,56
09/29/2010,ALO,IA,ACE,CE,Combined TRACON& Tower with Radar,0,6,9,0,15,0,3,23,1,27,0,9,32,1,42,64,0,64,106
09/30/2010,ALO,IA,ACE,CE,Combined TRACON& Tower with Radar,0,9,13,0,22,0,1,3,0,4,0,10,16,0,26,0,0,0,26
10/01/2010,ALO,IA,ACE,CE,Combined TRACON& Tower with Radar,0,5,19,0,24,0,0,14,0,14,0,5,33,0,38,0,0,0,38
10/02/2010,ALO,IA,ACE,CE,Combined TRACON& Tower with Radar,2,4,13,0,19,0,0,2,0,2,2,4,15,0,21,0,0,0,21
10/03/2010,ALO,IA,ACE,CE,Combined TRACON& Tower with Radar,0,5,9,0,14,0,0,24,0,24,0,5,33,0,38,0,0,0,38
10/04/2010,ALO,IA,ACE,CE,Combined TRACON& Tower with Radar,0,5,19,0,24,0,1,30,0,31,0,6,49,0,55,0,0,0,55
10/05/2010,ALO,IA,ACE,CE,Combined TRACON& Tower with Radar,0,8,11,2,21,0,0,11,3,14,0,8,22,5,35,0,0,0,35
10/06/2010,ALO,IA,ACE,CE,Combined TRACON& Tower with Radar,0,9,13,3,25,0,0,23,5,28,0,9,36,8,53,52,6,58,111
10/07/2010,ALO,IA,ACE,CE,Combined TRACON& Tower with Radar,0,7,21,0,28,0,0,29,0,29,0,7,50,0,57,88,2,90,147
10/08/2010,ALO,IA,ACE,CE,Combined TRACON& Tower with Radar,2,5,24,0,31,0,0,29,3,32,2,5,53,3,63,34,0,34,97
10/09/2010,ALO,IA,ACE,CE,Combined TRACON& Tower with Radar,0,7,8,0,15,0,0,81,0,81,0,7,89,0,96,58,0,58,154
10/10/2010,ALO,IA,ACE,CE,Combined TRACON& Tower with Radar,0,9,12,0,21,0,0,27,0,27,0,9,39,0,48,58,0,58,106
10/11/2010,ALO,IA,ACE,CE,Combined TRACON& Tower with Radar,0,5,14,0,19,0,0,23,0,23,0,5,37,0,42,28,0,28,70
10/12/2010,ALO,IA,ACE,CE,Combined TRACON& Tower with Radar,0,6,13,0,19,0,0,38,2,40,0,6,51,2,59,24,0,24,83
10/13/2010,ALO,IA,ACE,CE,Combined TRACON& Tower with Radar,0,6,14,0,20,0,0,24,5,29,0,6,38,5,49,96,14,110,159
10/14/2010,ALO,IA,ACE,CE,Combined TRACON& Tower with Radar,0,7,16,0,23,0,0,34,9,43,0,7,50,9,66,92,14,106,172
10/15/2010,ALO,IA,ACE,CE,Combined TRACON& Tower with Radar,0,9,33,1,43,0,0,44,3,47,0,9,77,4,90,28,2,30,120
10/16/2010,ALO,IA,ACE,CE,Combined TRACON& Tower with Radar,0,4,10,0,14,0,0,24,0,24,0,4,34,0,38,2,0,2,40
10/17/2010,ALO,IA,ACE,CE,Combined TRACON& Tower with Radar,0,6,12,0,18,0,2,10,0,12,0,8,22,0,30,56,0,56,86
10/18/2010,ALO,IA,ACE,CE,Combined TRACON& Tower with Radar,0,8,19,0,27,0,0,24,0,24,0,8,43,0,51,48,12,60,111
10/19/2010,ALO,IA,ACE,CE,Combined TRACON& Tower with Radar,0,6,21,1,28,0,0,26,0,26,0,6,47,1,54,34,0,34,88
10/20/2010,ALO,IA,ACE,CE,Combined TRACON& Tower with Radar,0,7,10,1,18,0,0,14,4,18,0,7,24,5,36,34,2,36,72
10/21/2010,ALO,IA,ACE,CE,Combined TRACON& Tower with Radar,0,5,29,1,35,0,0,27,3,30,0,5,56,4,65,104,2,106,171
10/22/2010,ALO,IA,ACE,CE,Combined TRACON& Tower with Radar,0,5,24,2,31,0,0,32,2,34,0,5,56,4,65,14,0,14,79
10/23/2010,ALO,IA,ACE,CE,Combined TRACON& Tower with Radar,0,5,14,0,19,0,0,3,0,3,0,5,17,0,22,8,0,8,30
10/24/2010,ALO,IA,ACE,CE,Combined TRACON& Tower with Radar,0,6,17,0,23,0,0,8,0,8,0,6,25,0,31,94,4,98,129
10/25/2010,ALO,IA,ACE,CE,Combined TRACON& Tower with Radar,0,5,24,8,37,0,0,13,0,13,0,5,37,8,50,0,0,0,50
10/26/2010,ALO,IA,ACE,CE,Combined TRACON& Tower with Radar,0,2,7,0,9,0,0,0,0,0,0,2,7,0,9,0,0,0,9
10/27/2010,ALO,IA,ACE,CE,Combined TRACON& Tower with Radar,0,8,13,0,21,0,0,2,0,2,0,8,15,0,23,0,0,0,23
10/28/2010,ALO,IA,ACE,CE,Combined TRACON& Tower with Radar,0,11,29,2,42,0,1,13,1,15,0,12,42,3,57,80,0,80,137
10/29/2010,ALO,IA,ACE,CE,Combined TRACON& Tower with Radar,2,10,21,3,36,0,0,36,6,42,2,10,57,9,78,66,0,66,144
10/30/2010,ALO,IA,ACE,CE,Combined TRACON& Tower with Radar,2,9,2,0,13,0,0,22,0,22,2,9,24,0,35,54,0,54,89
10/31/2010,ALO,IA,ACE,CE,Combined TRACON& Tower with Radar,0,6,21,0,27,0,0,18,0,18,0,6,39,0,45,0,0,0,45
11/01/2010,ALO,IA,ACE,CE,Combined TRACON& Tower with Radar,0,5,11,0,16,0,0,19,1,20,0,5,30,1,36,0,0,0,36
11/02/2010,ALO,IA,ACE,CE,Combined TRACON& Tower with Radar,0,7,19,1,27,0,1,30,1,32,0,8,49,2,59,30,2,32,91
11/03/2010,ALO,IA,ACE,CE,Combined TRACON& Tower with Radar,0,7,17,1,25,0,0,24,6,30,0,7,41,7,55,16,0,16,71
11/04/2010,ALO,IA,ACE,CE,Combined TRACON& Tower with Radar,0,6,18,0,24,0,0,7,6,13,0,6,25,6,37,0,0,0,37
11/05/2010,ALO,IA,ACE,CE,Combined TRACON& Tower with Radar,2,5,23,0,30,0,0,13,9,22,2,5,36,9,52,12,0,12,64
11/06/2010,ALO,IA,ACE,CE,Combined TRACON& Tower with Radar,0,4,3,0,7,0,0,13,11,24,0,4,16,11,31,6,0,6,37
11/07/2010,ALO,IA,ACE,CE,Combined TRACON& Tower with Radar,0,9,6,2,17,0,0,17,8,25,0,9,23,10,42,42,6,48,90
11/08/2010,ALO,IA,ACE,CE,Combined TRACON& Tower with Radar,0,5,6,2,13,0,0,9,19,28,0,5,15,21,41,24,0,24,65
11/09/2010,ALO,IA,ACE,CE,Combined TRACON& Tower with Radar,0,5,9,0,14,0,0,21,2,23,0,5,30,2,37,34,0,34,71
11/10/2010,ALO,IA,ACE,CE,Combined TRACON& Tower with Radar,0,5,28,0,33,0,1,15,11,27,0,6,43,11,60,24,14,38,98
11/11/2010,ALO,IA,ACE,CE,Combined TRACON& Tower with Radar,0,7,12,0,19,0,0,19,0,19,0,7,31,0,38,26,0,26,64
11/12/2010,ALO,IA,ACE,CE,Combined TRACON& Tower with Radar,0,7,8,0,15,0,0,4,0,4,0,7,12,0,19,0,0,0,19
11/13/2010,ALO,IA,ACE,CE,Combined TRACON& Tower with Radar,0,4,4,0,8,0,0,0,0,0,0,4,4,0,8,0,0,0,8
11/14/2010,ALO,IA,ACE,CE,Combined TRACON& Tower with Radar,0,5,8,0,13,0,0,1,0,1,0,5,9,0,14,0,0,0,14
11/15/2010,ALO,IA,ACE,CE,Combined TRACON& Tower with Radar,0,6,22,3,31,0,0,24,4,28,0,6,46,7,59,12,2,14,73
11/16/2010,ALO,IA,ACE,CE,Combined TRACON& Tower with Radar,0,8,18,0,26,0,0,2,2,4,0,8,20,2,30,0,2,2,32
11/17/2010,ALO,IA,ACE,CE,Combined TRACON& Tower with Radar,0,7,21,0,28,0,0,11,4,15,0,7,32,4,43,8,0,8,51
11/18/2010,ALO,IA,ACE,CE,Combined TRACON& Tower with Radar,0,5,20,0,25,0,0,8,11,19,0,5,28,11,44,64,4,68,112
11/19/2010,ALO,IA,ACE,CE,Combined TRACON& Tower with Radar,0,6,25,1,32,0,0,6,3,9,0,6,31,4,41,0,0,0,41
11/20/2010,ALO,IA,ACE,CE,Combined TRACON& Tower with Radar,0,4,9,0,13,0,0,20,0,20,0,4,29,0,33,10,0,10,43
11/21/2010,ALO,IA,ACE,CE,Combined TRACON& Tower with Radar,0,6,7,0,13,0,0,0,0,0,0,6,7,0,13,0,0,0,13
11/22/2010,ALO,IA,ACE,CE,Combined TRACON& Tower with Radar,0,5,7,0,12,0,0,0,0,0,0,5,7,0,12,0,0,0,12
11/23/2010,ALO,IA,ACE,CE,Combined TRACON& Tower with Radar,0,7,26,0,33,0,0,17,2,19,0,7,43,2,52,10,2,12,64
11/24/2010,ALO,IA,ACE,CE,Combined TRACON& Tower with Radar,0,5,3,0,8,0,0,1,0,1,0,5,4,0,9,0,0,0,9
11/25/2010,ALO,IA,ACE,CE,Combined TRACON& Tower with Radar,0,5,1,0,6,0,0,5,0,5,0,5,6,0,11,0,0,0,11
11/26/2010,ALO,IA,ACE,CE,Combined TRACON& Tower with Radar,2,4,7,0,13,0,0,16,0,16,2,4,23,0,29,22,0,22,51
11/27/2010,ALO,IA,ACE,CE,Combined TRACON& Tower with Radar,1,5,8,0,14,0,0,23,0,23,1,5,31,0,37,16,0,16,53
11/28/2010,ALO,IA,ACE,CE,Combined TRACON& Tower with Radar,0,5,4,0,9,0,0,7,0,7,0,5,11,0,16,6,0,6,22
11/29/2010,ALO,IA,ACE,CE,Combined TRACON& Tower with Radar,0,5,6,0,11,0,0,1,2,3,0,5,7,2,14,10,0,10,24
11/30/2010,ALO,IA,ACE,CE,Combined TRACON& Tower with Radar,0,4,16,0,20,0,0,0,0,0,0,4,16,0,20,0,0,0,20
12/01/2010,ALO,IA,ACE,CE,Combined TRACON& Tower with Radar,0,9,19,2,30,0,0,22,2,24,0,9,41,4,54,42,2,44,98
12/02/2010,ALO,IA,ACE,CE,Combined TRACON& Tower with Radar,0,7,8,1,16,0,0,6,6,12,0,7,14,7,28,20,4,24,52
12/03/2010,ALO,IA,ACE,CE,Combined TRACON& Tower with Radar,0,4,13,2,19,0,0,8,4,12,0,4,21,6,31,26,0,26,57
12/04/2010,ALO,IA,ACE,CE,Combined TRACON& Tower with Radar,0,4,5,0,9,0,0,5,0,5,0,4,10,0,14,0,0,0,14
12/05/2010,ALO,IA,ACE,CE,Combined TRACON& Tower with Radar,0,5,10,0,15,0,0,18,0,18,0,5,28,0,33,24,0,24,57
12/06/2010,ALO,IA,ACE,CE,Combined TRACON& Tower with Radar,0,13,13,0,26,0,0,1,0,1,0,13,14,0,27,6,0,6,33
12/07/2010,ALO,IA,ACE,CE,Combined TRACON& Tower with Radar,0,5,12,0,17,0,0,18,0,18,0,5,30,0,35,16,0,16,51
12/08/2010,ALO,IA,ACE,CE,Combined TRACON& Tower with Radar,0,7,24,5,36,0,0,15,6,21,0,7,39,11,57,16,0,16,73
12/09/2010,ALO,IA,ACE,CE,Combined TRACON& Tower with Radar,0,12,12,0,24,0,0,4,0,4,0,12,16,0,28,0,0,0,28
12/10/2010,ALO,IA,ACE,CE,Combined TRACON& Tower with Radar,0,9,17,0,26,0,0,1,0,1,0,9,18,0,27,0,0,0,27
12/11/2010,ALO,IA,ACE,CE,Combined TRACON& Tower with Radar,0,0,2,0,2,0,0,0,0,0,0,0,2,0,2,0,0,0,2
12/12/2010,ALO,IA,ACE,CE,Combined TRACON& Tower with Radar,0,3,2,0,5,0,1,1,0,2,0,4,3,0,7,0,0,0,7
12/13/2010,ALO,IA,ACE,CE,Combined TRACON& Tower with Radar,0,5,13,0,18,0,0,11,0,11,0,5,24,0,29,0,0,0,29
12/14/2010,ALO,IA,ACE,CE,Combined TRACON& Tower with Radar,0,7,14,1,22,0,0,9,6,15,0,7,23,7,37,0,0,0,37
12/15/2010,ALO,IA,ACE,CE,Combined TRACON& Tower with Radar,0,7,14,0,21,0,2,1,0,3,0,9,15,0,24,2,0,2,26
12/16/2010,ALO,IA,ACE,CE,Combined TRACON& Tower with Radar,0,8,9,0,17,0,0,0,0,0,0,8,9,0,17,0,0,0,17
12/17/2010,ALO,IA,ACE,CE,Combined TRACON& Tower with Radar,0,9,11,0,20,0,2,4,0,6,0,11,15,0,26,6,0,6,32
12/18/2010,ALO,IA,ACE,CE,Combined TRACON& Tower with Radar,0,5,8,0,13,0,0,17,0,17,0,5,25,0,30,6,0,6,36
12/19/2010,ALO,IA,ACE,CE,Combined TRACON& Tower with Radar,0,4,8,0,12,0,0,7,0,7,0,4,15,0,19,0,0,0,19
12/20/2010,ALO,IA,ACE,CE,Combined TRACON& Tower with Radar,0,5,11,0,16,0,0,0,0,0,0,5,11,0,16,0,0,0,16
12/21/2010,ALO,IA,ACE,CE,Combined TRACON& Tower with Radar,0,5,8,0,13,0,0,9,2,11,0,5,17,2,24,18,0,18,42
12/22/2010,ALO,IA,ACE,CE,Combined TRACON& Tower with Radar,0,6,7,0,13,0,0,2,22,24,0,6,9,22,37,0,10,10,47
12/23/2010,ALO,IA,ACE,CE,Combined TRACON& Tower with Radar,0,5,12,0,17,0,0,2,1,3,0,5,14,1,20,10,0,10,30
12/24/2010,ALO,IA,ACE,CE,Combined TRACON& Tower with Radar,0,4,2,0,6,0,0,0,0,0,0,4,2,0,6,0,0,0,6
12/25/2010,ALO,IA,ACE,CE,Combined TRACON& Tower with Radar,0,4,1,0,5,0,0,0,0,0,0,4,1,0,5,0,0,0,5
12/26/2010,ALO,IA,ACE,CE,Combined TRACON& Tower with Radar,0,5,9,0,14,0,0,0,0,0,0,5,9,0,14,0,0,0,14
12/27/2010,ALO,IA,ACE,CE,Combined TRACON& Tower with Radar,0,8,10,0,18,0,0,5,0,5,0,8,15,0,23,0,0,0,23
12/28/2010,ALO,IA,ACE,CE,Combined TRACON& Tower with Radar,0,6,7,3,16,0,0,2,3,5,0,6,9,6,21,0,0,0,21
12/29/2010,ALO,IA,ACE,CE,Combined TRACON& Tower with Radar,0,5,3,0,8,0,0,0,0,0,0,5,3,0,8,0,0,0,8
12/30/2010,ALO,IA,ACE,CE,Combined TRACON& Tower with Radar,0,4,4,0,8,0,0,0,0,0,0,4,4,0,8,0,0,0,8
12/31/2010,ALO,IA,ACE,CE,Combined TRACON& Tower with Radar,0,5,2,0,7,0,0,0,0,0,0,5,2,0,7,0,0,0,7
01/01/2011,ALO,IA,ACE,CE,Combined TRACON& Tower with Radar,0,7,1,0,8,0,0,1,0,1,0,7,2,0,9,8,0,8,17
01/02/2011,ALO,IA,ACE,CE,Combined TRACON& Tower with Radar,0,5,8,0,13,0,0,9,0,9,0,5,17,0,22,12,0,12,34
01/03/2011,ALO,IA,ACE,CE,Combined TRACON& Tower with Radar,0,8,6,0,14,0,0,3,0,3,0,8,9,0,17,14,0,14,31
01/04/2011,ALO,IA,ACE,CE,Combined TRACON& Tower with Radar,0,5,17,0,22,0,0,7,0,7,0,5,24,0,29,12,0,12,41
01/05/2011,ALO,IA,ACE,CE,Combined TRACON& Tower with Radar,0,4,10,1,15,0,0,6,5,11,0,4,16,6,26,26,0,26,52
01/06/2011,ALO,IA,ACE,CE,Combined TRACON& Tower with Radar,0,5,21,0,26,0,0,1,5,6,0,5,22,5,32,0,0,0,32
01/07/2011,ALO,IA,ACE,CE,Combined TRACON& Tower with Radar,0,3,12,0,15,0,0,3,4,7,0,3,15,4,22,0,22,22,44
01/08/2011,ALO,IA,ACE,CE,Combined TRACON& Tower with Radar,0,8,2,0,10,0,0,5,15,20,0,8,7,15,30,0,4,4,34
01/09/2011,ALO,IA,ACE,CE,Combined TRACON& Tower with Radar,0,5,6,1,12,0,0,8,19,27,0,5,14,20,39,0,6,6,45
01/10/2011,ALO,IA,ACE,CE,Combined TRACON& Tower with Radar,0,3,10,2,15,0,0,1,0,1,0,3,11,2,16,0,0,0,16
01/11/2011,ALO,IA,ACE,CE,Combined TRACON& Tower with Radar,0,4,9,0,13,0,0,0,0,0,0,4,9,0,13,0,0,0,13
01/12/2011,ALO,IA,ACE,CE,Combined TRACON& Tower with Radar,0,8,22,6,36,0,0,3,13,16,0,8,25,19,52,0,2,2,54
01/13/2011,ALO,IA,ACE,CE,Combined TRACON& Tower with Radar,0,3,19,2,24,0,0,1,11,12,0,3,20,13,36,0,2,2,38
01/14/2011,ALO,IA,ACE,CE,Combined TRACON& Tower with Radar,0,9,20,0,29,0,0,0,0,0,0,9,20,0,29,0,0,0,29
01/15/2011,ALO,IA,ACE,CE,Combined TRACON& Tower with Radar,0,5,6,0,11,0,0,4,0,4,0,5,10,0,15,0,0,0,15
01/16/2011,ALO,IA,ACE,CE,Combined TRACON& Tower with Radar,0,1,9,0,10,0,0,6,0,6,0,1,15,0,16,0,0,0,16
01/17/2011,ALO,IA,ACE,CE,Combined TRACON& Tower with Radar,0,3,6,0,9,0,0,0,0,0,0,3,6,0,9,0,0,0,9
01/18/2011,ALO,IA,ACE,CE,Combined TRACON& Tower with Radar,0,5,19,0,24,0,0,3,0,3,0,5,22,0,27,16,0,16,43
01/19/2011,ALO,IA,ACE,CE,Combined TRACON& Tower with Radar,0,5,15,0,20,0,0,12,3,15,0,5,27,3,35,12,0,12,47
01/20/2011,ALO,IA,ACE,CE,Combined TRACON& Tower with Radar,0,5,22,0,27,0,0,3,4,7,0,5,25,4,34,14,0,14,48
01/21/2011,ALO,IA,ACE,CE,Combined TRACON& Tower with Radar,0,4,17,0,21,0,0,2,2,4,0,4,19,2,25,0,0,0,25
01/22/2011,ALO,IA,ACE,CE,Combined TRACON& Tower with Radar,0,3,3,0,6,0,0,9,0,9,0,3,12,0,15,8,0,8,23
01/23/2011,ALO,IA,ACE,CE,Combined TRACON& Tower with Radar,0,6,8,0,14,0,0,6,0,6,0,6,14,0,20,0,0,0,20
01/24/2011,ALO,IA,ACE,CE,Combined TRACON& Tower with Radar,0,3,10,0,13,0,0,0,1,1,0,3,10,1,14,0,0,0,14
01/25/2011,ALO,IA,ACE,CE,Combined TRACON& Tower with Radar,0,7,12,0,19,0,0,5,0,5,0,7,17,0,24,36,0,36,60
01/26/2011,ALO,IA,ACE,CE,Combined TRACON& Tower with Radar,0,5,2,1,8,0,0,0,3,3,0,5,2,4,11,0,16,16,27
01/27/2011,ALO,IA,ACE,CE,Combined TRACON& Tower with Radar,0,2,10,6,18,0,0,13,1,14,0,2,23,7,32,46,20,66,98
01/28/2011,ALO,IA,ACE,CE,Combined TRACON& Tower with Radar,0,3,6,0,9,0,0,0,0,0,0,3,6,0,9,0,0,0,9
01/29/2011,ALO,IA,ACE,CE,Combined TRACON& Tower with Radar,0,5,12,0,17,0,0,2,0,2,0,5,14,0,19,0,0,0,19
01/30/2011,ALO,IA,ACE,CE,Combined TRACON& Tower with Radar,0,3,6,0,9,0,0,1,0,1,0,3,7,0,10,0,0,0,10
01/31/2011,ALO,IA,ACE,CE,Combined TRACON& Tower with Radar,0,2,9,0,11,0,0,2,0,2,0,2,11,0,13,0,0,0,13
02/01/2011,ALO,IA,ACE,CE,Combined TRACON& Tower with Radar,0,5,3,1,9,0,0,0,1,1,0,5,3,2,10,0,0,0,10
02/02/2011,ALO,IA,ACE,CE,Combined TRACON& Tower with Radar,0,2,6,0,8,0,0,0,0,0,0,2,6,0,8,0,0,0,8
02/03/2011,ALO,IA,ACE,CE,Combined TRACON& Tower with Radar,0,8,15,0,23,1,0,8,4,13,1,8,23,4,36,0,0,0,36
02/04/2011,ALO,IA,ACE,CE,Combined TRACON& Tower with Radar,0,4,11,0,15,0,0,19,2,21,0,4,30,2,36,20,0,20,56
02/05/2011,ALO,IA,ACE,CE,Combined TRACON& Tower with Radar,0,5,9,3,17,0,0,26,18,44,0,5,35,21,61,30,0,30,91
02/06/2011,ALO,IA,ACE,CE,Combined TRACON& Tower with Radar,0,5,5,0,10,0,0,0,0,0,0,5,5,0,10,0,0,0,10
02/07/2011,ALO,IA,ACE,CE,Combined TRACON& Tower with Radar,0,8,12,0,20,0,0,1,1,2,0,8,13,1,22,0,0,0,22
02/08/2011,ALO,IA,ACE,CE,Combined TRACON& Tower with Radar,0,3,24,0,27,0,0,14,0,14,0,3,38,0,41,38,0,38,79
02/09/2011,ALO,IA,ACE,CE,Combined TRACON& Tower with Radar,2,5,22,3,32,0,0,9,7,16,2,5,31,10,48,0,4,4,52
02/10/2011,ALO,IA,ACE,CE,Combined TRACON& Tower with Radar,0,6,13,4,23,0,0,18,2,20,0,6,31,6,43,24,0,24,67
02/11/2011,ALO,IA,ACE,CE,Combined TRACON& Tower with Radar,0,11,10,3,24,0,0,4,6,10,0,11,14,9,34,0,0,0,34
02/12/2011,ALO,IA,ACE,CE,Combined TRACON& Tower with Radar,0,3,9,0,12,0,1,31,0,32,0,4,40,0,44,8,0,8,52
02/13/2011,ALO,IA,ACE,CE,Combined TRACON& Tower with Radar,0,4,7,2,13,0,0,10,0,10,0,4,17,2,23,24,0,24,47
02/14/2011,ALO,IA,ACE,CE,Combined TRACON& Tower with Radar,0,4,14,0,18,0,0,11,1,12,0,4,25,1,30,0,0,0,30
02/15/2011,ALO,IA,ACE,CE,Combined TRACON& Tower with Radar,0,5,13,2,20,0,0,18,3,21,0,5,31,5,41,0,0,0,41
02/16/2011,ALO,IA,ACE,CE,Combined TRACON& Tower with Radar,0,9,22,1,32,0,0,7,5,12,0,9,29,6,44,18,8,26,70
02/17/2011,ALO,IA,ACE,CE,Combined TRACON& Tower with Radar,0,6,27,5,38,0,1,13,2,16,0,7,40,7,54,66,28,94,148
02/18/2011,ALO,IA,ACE,CE,Combined TRACON& Tower with Radar,0,6,20,2,28,0,0,26,1,27,0,6,46,3,55,66,6,72,127
02/19/2011,ALO,IA,ACE,CE,Combined TRACON& Tower with Radar,0,4,6,0,10,0,2,28,0,30,0,6,34,0,40,64,0,64,104
02/20/2011,ALO,IA,ACE,CE,Combined TRACON& Tower with Radar,0,1,4,0,5,0,0,0,0,0,0,1,4,0,5,0,0,0,5
02/21/2011,ALO,IA,ACE,CE,Combined TRACON& Tower with Radar,0,5,12,0,17,0,0,0,0,0,0,5,12,0,17,0,0,0,17
02/22/2011,ALO,IA,ACE,CE,Combined TRACON& Tower with Radar,0,7,25,0,32,0,0,2,3,5,0,7,27,3,37,0,0,0,37
02/23/2011,ALO,IA,ACE,CE,Combined TRACON& Tower with Radar,0,10,34,1,45,0,0,9,2,11,0,10,43,3,56,46,2,48,104
02/24/2011,ALO,IA,ACE,CE,Combined TRACON& Tower with Radar,0,5,15,0,20,0,0,1,0,1,0,5,16,0,21,4,0,4,25
02/25/2011,ALO,IA,ACE,CE,Combined TRACON& Tower with Radar,0,5,17,0,22,0,0,7,1,8,0,5,24,1,30,6,0,6,36
02/26/2011,ALO,IA,ACE,CE,Combined TRACON& Tower with Radar,0,5,1,0,6,0,0,1,0,1,0,5,2,0,7,0,0,0,7
02/27/2011,ALO,IA,ACE,CE,Combined TRACON& Tower with Radar,2,3,6,0,11,0,0,2,0,2,2,3,8,0,13,0,0,0,13
02/28/2011,ALO,IA,ACE,CE,Combined TRACON& Tower with Radar,0,6,25,0,31,0,0,13,0,13,0,6,38,0,44,0,0,0,44
03/01/2011,ALO,IA,ACE,CE,Combined TRACON& Tower with Radar,0,6,16,0,22,0,0,23,0,23,0,6,39,0,45,12,0,12,57
03/02/2011,ALO,IA,ACE,CE,Combined TRACON& Tower with Radar,0,6,24,1,31,0,0,19,6,25,0,6,43,7,56,32,0,32,88
03/03/2011,ALO,IA,ACE,CE,Combined TRACON& Tower with Radar,0,7,17,7,31,0,0,4,14,18,0,7,21,21,49,0,12,12,61
03/04/2011,ALO,IA,ACE,CE,Combined TRACON& Tower with Radar,0,5,6,0,11,0,0,0,3,3,0,5,6,3,14,0,0,0,14
03/05/2011,ALO,IA,ACE,CE,Combined TRACON& Tower with Radar,0,5,2,0,7,0,0,7,0,7,0,5,9,0,14,6,0,6,20
03/06/2011,ALO,IA,ACE,CE,Combined TRACON& Tower with Radar,0,5,6,0,11,0,0,12,0,12,0,5,18,0,23,10,0,10,33
03/07/2011,ALO,IA,ACE,CE,Combined TRACON& Tower with Radar,0,8,20,0,28,0,0,1,0,1,0,8,21,0,29,0,0,0,29
03/08/2011,ALO,IA,ACE,CE,Combined TRACON& Tower with Radar,0,7,7,0,14,0,1,0,0,1,0,8,7,0,15,0,0,0,15
03/09/2011,ALO,IA,ACE,CE,Combined TRACON& Tower with Radar,0,7,14,0,21,0,0,0,11,11,0,7,14,11,32,0,0,0,32
03/10/2011,ALO,IA,ACE,CE,Combined TRACON& Tower with Radar,0,6,23,0,29,0,0,5,5,10,0,6,28,5,39,0,0,0,39
03/11/2011,ALO,IA,ACE,CE,Combined TRACON& Tower with Radar,0,7,18,3,28,0,1,18,9,28,0,8,36,12,56,0,0,0,56
03/12/2011,ALO,IA,ACE,CE,Combined TRACON& Tower with Radar,0,3,3,0,6,0,0,0,0,0,0,3,3,0,6,0,0,0,6
03/13/2011,ALO,IA,ACE,CE,Combined TRACON& Tower with Radar,0,5,9,0,14,0,0,15,0,15,0,5,24,0,29,90,0,90,119
03/14/2011,ALO,IA,ACE,CE,Combined TRACON& Tower with Radar,0,6,26,0,32,2,1,31,0,34,2,7,57,0,66,90,0,90,156
03/15/2011,ALO,IA,ACE,CE,Combined TRACON& Tower with Radar,0,6,13,2,21,0,0,22,6,28,0,6,35,8,49,8,0,8,57
03/16/2011,ALO,IA,ACE,CE,Combined TRACON& Tower with Radar,0,9,20,1,30,0,0,30,12,42,0,9,50,13,72,44,14,58,130
03/17/2011,ALO,IA,ACE,CE,Combined TRACON& Tower with Radar,1,14,17,3,35,0,0,3,1,4,1,14,20,4,39,0,0,0,39
03/18/2011,ALO,IA,ACE,CE,Combined TRACON& Tower with Radar,1,8,5,0,14,0,0,8,2,10,1,8,13,2,24,20,6,26,50
03/19/2011,ALO,IA,ACE,CE,Combined TRACON& Tower with Radar,0,5,6,0,11,0,0,26,0,26,0,5,32,0,37,0,0,0,37
03/20/2011,ALO,IA,ACE,CE,Combined TRACON& Tower with Radar,0,5,5,0,10,0,0,0,0,0,0,5,5,0,10,0,0,0,10
03/21/2011,ALO,IA,ACE,CE,Combined TRACON& Tower with Radar,0,8,13,0,21,0,0,7,0,7,0,8,20,0,28,0,0,0,28
03/22/2011,ALO,IA,ACE,CE,Combined TRACON& Tower with Radar,0,5,16,0,21,0,0,0,0,0,0,5,16,0,21,0,0,0,21
03/23/2011,ALO,IA,ACE,CE,Combined TRACON& Tower with Radar,0,10,9,0,19,0,0,4,0,4,0,10,13,0,23,0,0,0,23
03/24/2011,ALO,IA,ACE,CE,Combined TRACON& Tower with Radar,0,12,25,0,37,0,0,26,6,32,0,12,51,6,69,52,6,58,127
03/25/2011,ALO,IA,ACE,CE,Combined TRACON& Tower with Radar,0,10,8,0,18,0,0,13,0,13,0,10,21,0,31,0,0,0,31
03/26/2011,ALO,IA,ACE,CE,Combined TRACON& Tower with Radar,0,5,9,0,14,0,1,23,0,24,0,6,32,0,38,16,0,16,54
03/27/2011,ALO,IA,ACE,CE,Combined TRACON& Tower with Radar,0,5,8,0,13,0,0,16,0,16,0,5,24,0,29,18,0,18,47
03/28/2011,ALO,IA,ACE,CE,Combined TRACON& Tower with Radar,0,10,11,0,21,0,0,12,0,12,0,10,23,0,33,10,0,10,43
03/29/2011,ALO,IA,ACE,CE,Combined TRACON& Tower with Radar,0,6,10,2,18,0,0,16,5,21,0,6,26,7,39,62,2,64,103
03/30/2011,ALO,IA,ACE,CE,Combined TRACON& Tower with Radar,0,7,18,1,26,0,0,44,13,57,0,7,62,14,83,100,26,126,209
03/31/2011,ALO,IA,ACE,CE,Combined TRACON& Tower with Radar,0,5,11,3,19,0,0,13,8,21,0,5,24,11,40,0,12,12,52
04/01/2011,ALO,IA,ACE,CE,Combined TRACON& Tower with Radar,0,7,14,0,21,0,0,14,6,20,0,7,28,6,41,0,0,0,41
04/02/2011,ALO,IA,ACE,CE,Combined TRACON& Tower with Radar,0,6,6,1,13,0,0,24,20,44,0,6,30,21,57,66,6,72,129
04/03/2011,ALO,IA,ACE,CE,Combined TRACON& Tower with Radar,0,9,7,0,16,0,0,2,4,6,0,9,9,4,22,0,0,0,22
04/04/2011,ALO,IA,ACE,CE,Combined TRACON& Tower with Radar,0,5,8,0,13,0,0,3,0,3,0,5,11,0,16,0,0,0,16
04/05/2011,ALO,IA,ACE,CE,Combined TRACON& Tower with Radar,0,5,24,1,30,0,0,24,2,26,0,5,48,3,56,26,0,26,82
04/06/2011,ALO,IA,ACE,CE,Combined TRACON& Tower with Radar,0,7,10,1,18,0,0,28,9,37,0,7,38,10,55,0,14,14,69
04/07/2011,ALO,IA,ACE,CE,Combined TRACON& Tower with Radar,0,5,21,1,27,0,1,34,12,47,0,6,55,13,74,56,0,56,130
04/08/2011,ALO,IA,ACE,CE,Combined TRACON& Tower with Radar,0,8,15,0,23,0,0,8,2,10,0,8,23,2,33,0,0,0,33
04/09/2011,ALO,IA,ACE,CE,Combined TRACON& Tower with Radar,0,7,7,0,14,0,0,6,0,6,0,7,13,0,20,6,0,6,26
04/10/2011,ALO,IA,ACE,CE,Combined TRACON& Tower with Radar,0,5,3,0,8,0,0,7,0,7,0,5,10,0,15,0,0,0,15
04/11/2011,ALO,IA,ACE,CE,Combined TRACON& Tower with Radar,0,7,15,0,22,0,0,23,0,23,0,7,38,0,45,6,0,6,51
04/12/2011,ALO,IA,ACE,CE,Combined TRACON& Tower with Radar,0,5,19,0,24,0,0,33,2,35,0,5,52,2,59,16,0,16,75
04/13/2011,ALO,IA,ACE,CE,Combined TRACON& Tower with Radar,0,12,14,0,26,0,3,21,6,30,0,15,35,6,56,20,0,20,76
04/14/2011,ALO,IA,ACE,CE,Combined TRACON& Tower with Radar,2,10,22,0,34,0,0,9,8,17,2,10,31,8,51,0,2,2,53
04/15/2011,ALO,IA,ACE,CE,Combined TRACON& Tower with Radar,1,10,3,0,14,0,0,0,0,0,1,10,3,0,14,0,0,0,14
04/16/2011,ALO,IA,ACE,CE,Combined TRACON& Tower with Radar,0,8,5,0,13,0,1,1,0,2,0,9,6,0,15,0,0,0,15
04/17/2011,ALO,IA,ACE,CE,Combined TRACON& Tower with Radar,0,6,4,0,10,0,0,11,0,11,0,6,15,0,21,6,0,6,27
04/18/2011,ALO,IA,ACE,CE,Combined TRACON& Tower with Radar,0,9,15,0,24,0,0,3,3,6,0,9,18,3,30,0,0,0,30
04/19/2011,ALO,IA,ACE,CE,Combined TRACON& Tower with Radar,0,8,16,0,24,0,0,1,0,1,0,8,17,0,25,10,0,10,35
04/20/2011,ALO,IA,ACE,CE,Combined TRACON& Tower with Radar,0,8,14,0,22,0,0,8,4,12,0,8,22,4,34,14,18,32,66
04/21/2011,ALO,IA,ACE,CE,Combined TRACON& Tower with Radar,0,11,25,6,42,0,1,19,8,28,0,12,44,14,70,0,0,0,70
04/22/2011,ALO,IA,ACE,CE,Combined TRACON& Tower with Radar,0,7,8,0,15,0,0,0,0,0,0,7,8,0,15,0,0,0,15
04/23/2011,ALO,IA,ACE,CE,Combined TRACON& Tower with Radar,0,4,2,0,6,0,0,15,0,15,0,4,17,0,21,2,0,2,23
04/24/2011,ALO,IA,ACE,CE,Combined TRACON& Tower with Radar,0,5,7,1,13,0,0,13,0,13,0,5,20,1,26,0,0,0,26
04/25/2011,ALO,IA,ACE,CE,Combined TRACON& Tower with Radar,0,5,6,1,12,0,0,10,2,12,0,5,16,3,24,20,0,20,44
04/26/2011,ALO,IA,ACE,CE,Combined TRACON& Tower with Radar,0,6,13,0,19,0,0,0,0,0,0,6,13,0,19,0,0,0,19
04/27/2011,ALO,IA,ACE,CE,Combined TRACON& Tower with Radar,0,11,30,4,45,0,0,11,3,14,0,11,41,7,59,114,0,114,173
04/28/2011,ALO,IA,ACE,CE,Combined TRACON& Tower with Radar,0,9,15,0,24,0,1,5,7,13,0,10,20,7,37,40,2,42,79
04/29/2011,ALO,IA,ACE,CE,Combined TRACON& Tower with Radar,0,6,7,0,13,0,1,24,2,27,0,7,31,2,40,78,0,78,118
04/30/2011,ALO,IA,ACE,CE,Combined TRACON& Tower with Radar,0,5,2,0,7,0,0,0,0,0,0,5,2,0,7,12,0,12,19
05/01/2011,ALO,IA,ACE,CE,Combined TRACON& Tower with Radar,0,5,9,0,14,0,0,4,0,4,0,5,13,0,18,0,0,0,18
05/02/2011,ALO,IA,ACE,CE,Combined TRACON& Tower with Radar,0,5,13,0,18,0,0,12,0,12,0,5,25,0,30,48,0,48,78
05/03/2011,ALO,IA,ACE,CE,Combined TRACON& Tower with Radar,0,5,18,1,24,0,0,19,7,26,0,5,37,8,50,54,0,54,104
05/04/2011,ALO,IA,ACE,CE,Combined TRACON& Tower with Radar,0,8,18,1,27,0,1,20,5,26,0,9,38,6,53,30,2,32,85
05/05/2011,ALO,IA,ACE,CE,Combined TRACON& Tower with Radar,0,10,22,5,37,0,0,9,1,10,0,10,31,6,47,2,0,2,49
05/06/2011,ALO,IA,ACE,CE,Combined TRACON& Tower with Radar,0,9,14,0,23,0,1,26,14,41,0,10,40,14,64,20,0,20,84
05/07/2011,ALO,IA,ACE,CE,Combined TRACON& Tower with Radar,0,4,8,2,14,0,0,26,15,41,0,4,34,17,55,36,8,44,99
05/08/2011,ALO,IA,ACE,CE,Combined TRACON& Tower with Radar,0,5,10,0,15,0,0,18,0,18,0,5,28,0,33,6,0,6,39
05/09/2011,ALO,IA,ACE,CE,Combined TRACON& Tower with Radar,0,9,5,0,14,0,0,2,0,2,0,9,7,0,16,0,0,0,16
05/10/2011,ALO,IA,ACE,CE,Combined TRACON& Tower with Radar,1,7,16,0,24,0,0,25,0,25,1,7,41,0,49,4,0,4,53
05/11/2011,ALO,IA,ACE,CE,Combined TRACON& Tower with Radar,0,6,20,4,30,0,0,11,9,20,0,6,31,13,50,28,16,44,94
05/12/2011,ALO,IA,ACE,CE,Combined TRACON& Tower with Radar,0,5,27,6,38,0,0,26,10,36,0,5,53,16,74,28,0,28,102
05/13/2011,ALO,IA,ACE,CE,Combined TRACON& Tower with Radar,0,5,14,0,19,0,0,8,2,10,0,5,22,2,29,0,0,0,29
05/14/2011,ALO,IA,ACE,CE,Combined TRACON& Tower with Radar,0,3,12,0,15,0,0,0,0,0,0,3,12,0,15,0,0,0,15
05/15/2011,ALO,IA,ACE,CE,Combined TRACON& Tower with Radar,0,5,6,0,11,0,0,8,0,8,0,5,14,0,19,6,0,6,25
05/16/2011,ALO,IA,ACE,CE,Combined TRACON& Tower with Radar,0,6,10,0,16,0,0,16,4,20,0,6,26,4,36,4,8,12,48
05/17/2011,ALO,IA,ACE,CE,Combined TRACON& Tower with Radar,1,6,10,2,19,0,0,18,8,26,1,6,28,10,45,58,0,58,103
05/18/2011,ALO,IA,ACE,CE,Combined TRACON& Tower with Radar,0,6,27,4,37,0,0,40,6,46,0,6,67,10,83,58,0,58,141
05/19/2011,ALO,IA,ACE,CE,Combined TRACON& Tower with Radar,0,5,17,3,25,0,1,40,8,49,0,6,57,11,74,30,0,30,104
05/20/2011,ALO,IA,ACE,CE,Combined TRACON& Tower with Radar,0,5,17,2,24,0,1,9,3,13,0,6,26,5,37,0,4,4,41
05/21/2011,ALO,IA,ACE,CE,Combined TRACON& Tower with Radar,0,1,6,0,7,0,0,3,0,3,0,1,9,0,10,2,0,2,12
05/22/2011,ALO,IA,ACE,CE,Combined TRACON& Tower with Radar,0,4,14,0,18,0,0,5,2,7,0,4,19,2,25,0,0,0,25
05/23/2011,ALO,IA,ACE,CE,Combined TRACON& Tower with Radar,0,8,12,0,20,0,0,25,0,25,0,8,37,0,45,14,0,14,59
05/24/2011,ALO,IA,ACE,CE,Combined TRACON& Tower with Radar,0,10,19,2,31,0,0,20,1,21,0,10,39,3,52,2,4,6,58
05/25/2011,ALO,IA,ACE,CE,Combined TRACON& Tower with Radar,0,7,6,0,13,0,0,1,14,15,0,7,7,14,28,0,2,2,30
05/26/2011,ALO,IA,ACE,CE,Combined TRACON& Tower with Radar,0,7,23,3,33,0,0,15,7,22,0,7,38,10,55,68,0,68,123
05/27/2011,ALO,IA,ACE,CE,Combined TRACON& Tower with Radar,0,7,10,0,17,0,1,14,0,15,0,8,24,0,32,0,0,0,32
05/28/2011,ALO,IA,ACE,CE,Combined TRACON& Tower with Radar,0,4,3,0,7,0,0,12,0,12,0,4,15,0,19,0,0,0,19
05/29/2011,ALO,IA,ACE,CE,Combined TRACON& Tower with Radar,0,3,3,0,6,0,0,3,0,3,0,3,6,0,9,16,0,16,25
05/30/2011,ALO,IA,ACE,CE,Combined TRACON& Tower with Radar,0,3,5,0,8,0,0,3,0,3,0,3,8,0,11,0,0,0,11
05/31/2011,ALO,IA,ACE,CE,Combined TRACON& Tower with Radar,0,7,14,1,22,0,0,6,5,11,0,7,20,6,33,0,0,0,33
06/01/2011,ALO,IA,ACE,CE,Combined TRACON& Tower with Radar,0,7,27,0,34,0,0,25,2,27,0,7,52,2,61,50,0,50,111
06/02/2011,ALO,IA,ACE,CE,Combined TRACON& Tower with Radar,0,6,23,1,30,0,0,4,2,6,0,6,27,3,36,12,10,22,58
06/03/2011,ALO,IA,ACE,CE,Combined TRACON& Tower with Radar,0,9,11,0,20,0,3,13,10,26,0,12,24,10,46,2,4,6,52
06/04/2011,ALO,IA,ACE,CE,Combined TRACON& Tower with Radar,0,3,7,4,14,0,0,16,9,25,0,3,23,13,39,22,0,22,61
06/05/2011,ALO,IA,ACE,CE,Combined TRACON& Tower with Radar,0,5,13,1,19,0,0,19,1,20,0,5,32,2,39,14,0,14,53
06/06/2011,ALO,IA,ACE,CE,Combined TRACON& Tower with Radar,0,8,19,0,27,0,1,8,2,11,0,9,27,2,38,0,4,4,42
06/07/2011,ALO,IA,ACE,CE,Combined TRACON& Tower with Radar,0,7,14,0,21,0,0,11,0,11,0,7,25,0,32,12,0,12,44
06/08/2011,ALO,IA,ACE,CE,Combined TRACON& Tower with Radar,1,7,15,2,25,0,0,11,6,17,1,7,26,8,42,0,20,20,62
06/09/2011,ALO,IA,ACE,CE,Combined TRACON& Tower with Radar,0,11,23,0,34,0,0,8,11,19,0,11,31,11,53,0,0,0,53
06/10/2011,ALO,IA,ACE,CE,Combined TRACON& Tower with Radar,0,6,25,0,31,0,1,0,0,1,0,7,25,0,32,0,0,0,32
06/11/2011,ALO,IA,ACE,CE,Combined TRACON& Tower with Radar,0,3,14,0,17,0,2,32,2,36,0,5,46,2,53,10,0,10,63
06/12/2011,ALO,IA,ACE,CE,Combined TRACON& Tower with Radar,0,5,8,0,13,0,0,13,0,13,0,5,21,0,26,0,0,0,26
06/13/2011,ALO,IA,ACE,CE,Combined TRACON& Tower with Radar,0,8,5,0,13,0,0,13,1,14,0,8,18,1,27,24,0,24,51
06/14/2011,ALO,IA,ACE,CE,Combined TRACON& Tower with Radar,0,6,20,9,35,0,0,7,3,10,0,6,27,12,45,42,0,42,87
06/15/2011,ALO,IA,ACE,CE,Combined TRACON& Tower with Radar,0,5,19,5,29,0,1,0,3,4,0,6,19,8,33,32,0,32,65
06/16/2011,ALO,IA,ACE,CE,Combined TRACON& Tower with Radar,0,6,13,1,20,0,0,38,2,40,0,6,51,3,60,18,0,18,78
06/17/2011,ALO,IA,ACE,CE,Combined TRACON& Tower with Radar,0,8,18,0,26,0,0,17,6,23,0,8,35,6,49,40,22,62,111
06/18/2011,ALO,IA,ACE,CE,Combined TRACON& Tower with Radar,0,6,10,0,16,0,0,6,0,6,0,6,16,0,22,30,0,30,52
06/19/2011,ALO,IA,ACE,CE,Combined TRACON& Tower with Radar,0,6,13,0,19,0,3,10,0,13,0,9,23,0,32,0,0,0,32
06/20/2011,ALO,IA,ACE,CE,Combined TRACON& Tower with Radar,0,5,11,0,16,0,0,7,0,7,0,5,18,0,23,0,0,0,23
06/21/2011,ALO,IA,ACE,CE,Combined TRACON& Tower with Radar,0,7,15,0,22,0,0,6,1,7,0,7,21,1,29,0,0,0,29
06/22/2011,ALO,IA,ACE,CE,Combined TRACON& Tower with Radar,0,8,28,2,38,0,0,2,5,7,0,8,30,7,45,34,0,34,79
06/23/2011,ALO,IA,ACE,CE,Combined TRACON& Tower with Radar,0,7,22,9,38,0,0,6,3,9,0,7,28,12,47,20,14,34,81
06/24/2011,ALO,IA,ACE,CE,Combined TRACON& Tower with Radar,0,7,24,4,35,0,0,39,9,48,0,7,63,13,83,56,0,56,139
06/25/2011,ALO,IA,ACE,CE,Combined TRACON& Tower with Radar,0,5,7,0,12,0,0,16,1,17,0,5,23,1,29,32,0,32,61
06/26/2011,ALO,IA,ACE,CE,Combined TRACON& Tower with Radar,0,5,12,0,17,0,0,24,4,28,0,5,36,4,45,0,8,8,53
06/27/2011,ALO,IA,ACE,CE,Combined TRACON& Tower with Radar,0,5,14,0,19,0,0,9,2,11,0,5,23,2,30,0,0,0,30
06/28/2011,ALO,IA,ACE,CE,Combined TRACON& Tower with Radar,0,6,21,2,29,0,0,23,2,25,0,6,44,4,54,14,2,16,70
06/29/2011,ALO,IA,ACE,CE,Combined TRACON& Tower with Radar,0,9,16,3,28,0,0,51,1,52,0,9,67,4,80,44,14,58,138
06/30/2011,ALO,IA,ACE,CE,Combined TRACON& Tower with Radar,1,10,22,1,34,0,0,24,2,26,1,10,46,3,60,16,0,16,76
07/01/2011,ALO,IA,ACE,CE,Combined TRACON& Tower with Radar,0,7,14,0,21,0,0,12,0,12,0,7,26,0,33,36,0,36,69
07/02/2011,ALO,IA,ACE,CE,Combined TRACON& Tower with Radar,0,4,13,0,17,0,0,16,0,16,0,4,29,0,33,12,0,12,45
07/03/2011,ALO,IA,ACE,CE,Combined TRACON& Tower with Radar,0,1,1,0,2,0,0,14,0,14,0,1,15,0,16,4,0,4,20
07/04/2011,ALO,IA,ACE,CE,Combined TRACON& Tower with Radar,0,5,13,0,18,0,0,28,0,28,0,5,41,0,46,6,0,6,52
07/05/2011,ALO,IA,ACE,CE,Combined TRACON& Tower with Radar,0,5,22,0,27,0,0,11,0,11,0,5,33,0,38,30,0,30,68
07/06/2011,ALO,IA,ACE,CE,Combined TRACON& Tower with Radar,0,6,13,1,20,0,0,16,3,19,0,6,29,4,39,54,0,54,93
07/07/2011,ALO,IA,ACE,CE,Combined TRACON& Tower with Radar,0,14,16,0,30,0,0,19,6,25,0,14,35,6,55,4,0,4,59
07/08/2011,ALO,IA,ACE,CE,Combined TRACON& Tower with Radar,0,10,16,0,26,0,0,14,3,17,0,10,30,3,43,32,0,32,75
07/09/2011,ALO,IA,ACE,CE,Combined TRACON& Tower with Radar,0,4,1,0,5,0,0,13,10,23,0,4,14,10,28,0,0,0,28
07/10/2011,ALO,IA,ACE,CE,Combined TRACON& Tower with Radar,0,8,7,0,15,0,0,19,5,24,0,8,26,5,39,8,0,8,47
07/11/2011,ALO,IA,ACE,CE,Combined TRACON& Tower with Radar,0,6,11,0,17,0,0,15,4,19,0,6,26,4,36,26,0,26,62
07/12/2011,ALO,IA,ACE,CE,Combined TRACON& Tower with Radar,0,7,6,0,13,0,0,9,0,9,0,7,15,0,22,60,0,60,82
07/13/2011,ALO,IA,ACE,CE,Combined TRACON& Tower with Radar,0,9,17,0,26,0,0,34,1,35,0,9,51,1,61,38,0,38,99
07/14/2011,ALO,IA,ACE,CE,Combined TRACON& Tower with Radar,0,9,10,0,19,0,0,16,1,17,0,9,26,1,36,30,6,36,72
07/15/2011,ALO,IA,ACE,CE,Combined TRACON& Tower with Radar,0,4,15,0,19,0,0,23,4,27,0,4,38,4,46,32,0,32,78
07/16/2011,ALO,IA,ACE,CE,Combined TRACON& Tower with Radar,0,3,5,0,8,0,0,19,1,20,0,3,24,1,28,24,0,24,52
07/17/2011,ALO,IA,ACE,CE,Combined TRACON& Tower with Radar,0,7,3,0,10,0,0,28,2,30,0,7,31,2,40,42,0,42,82
07/18/2011,ALO,IA,ACE,CE,Combined TRACON& Tower with Radar,0,5,8,0,13,0,0,25,0,25,0,5,33,0,38,10,0,10,48
07/19/2011,ALO,IA,ACE,CE,Combined TRACON& Tower with Radar,0,11,20,1,32,0,0,17,2,19,0,11,37,3,51,12,0,12,63
07/20/2011,ALO,IA,ACE,CE,Combined TRACON& Tower with Radar,0,8,17,0,25,0,0,18,1,19,0,8,35,1,44,20,0,20,64
07/21/2011,ALO,IA,ACE,CE,Combined TRACON& Tower with Radar,0,14,16,0,30,0,0,27,4,31,0,14,43,4,61,0,0,0,61
07/22/2011,ALO,IA,ACE,CE,Combined TRACON& Tower with Radar,1,9,13,2,25,0,0,22,3,25,1,9,35,5,50,56,0,56,106
07/23/2011,ALO,IA,ACE,CE,Combined TRACON& Tower with Radar,0,5,9,1,15,0,0,10,2,12,0,5,19,3,27,16,4,20,47
07/24/2011,ALO,IA,ACE,CE,Combined TRACON& Tower with Radar,0,8,10,0,18,0,0,4,0,4,0,8,14,0,22,0,0,0,22
07/25/2011,ALO,IA,ACE,CE,Combined TRACON& Tower with Radar,0,5,14,0,19,0,5,27,10,42,0,10,41,10,61,10,8,18,79
07/26/2011,ALO,IA,ACE,CE,Combined TRACON& Tower with Radar,0,7,16,0,23,0,1,20,3,24,0,8,36,3,47,0,0,0,47
07/27/2011,ALO,IA,ACE,CE,Combined TRACON& Tower with Radar,0,9,17,0,26,0,0,14,2,16,0,9,31,2,42,0,0,0,42
07/28/2011,ALO,IA,ACE,CE,Combined TRACON& Tower with Radar,0,7,12,0,19,0,0,16,2,18,0,7,28,2,37,22,0,22,59
07/29/2011,ALO,IA,ACE,CE,Combined TRACON& Tower with Radar,0,5,10,0,15,0,0,22,3,25,0,5,32,3,40,34,0,34,74
07/30/2011,ALO,IA,ACE,CE,Combined TRACON& Tower with Radar,0,3,7,0,10,0,0,19,1,20,0,3,26,1,30,4,0,4,34
07/31/2011,ALO,IA,ACE,CE,Combined TRACON& Tower with Radar,0,5,8,0,13,0,0,27,0,27,0,5,35,0,40,8,0,8,48
08/01/2011,ALO,IA,ACE,CE,Combined TRACON& Tower with Radar,0,5,12,0,17,0,0,17,5,22,0,5,29,5,39,16,0,16,55
08/02/2011,ALO,IA,ACE,CE,Combined TRACON& Tower with Radar,0,5,13,2,20,0,0,10,4,14,0,5,23,6,34,20,0,20,54
08/03/2011,ALO,IA,ACE,CE,Combined TRACON& Tower with Radar,0,8,24,0,32,0,0,26,9,35,0,8,50,9,67,32,0,32,99
08/04/2011,ALO,IA,ACE,CE,Combined TRACON& Tower with Radar,0,7,24,4,35,0,0,14,1,15,0,7,38,5,50,20,6,26,76
08/05/2011,ALO,IA,ACE,CE,Combined TRACON& Tower with Radar,0,5,13,0,18,0,0,1,1,2,0,5,14,1,20,34,2,36,56
08/06/2011,ALO,IA,ACE,CE,Combined TRACON& Tower with Radar,0,3,7,7,17,0,0,7,0,7,0,3,14,7,24,2,0,2,26
08/07/2011,ALO,IA,ACE,CE,Combined TRACON& Tower with Radar,0,5,7,0,12,0,0,27,0,27,0,5,34,0,39,14,0,14,53
08/08/2011,ALO,IA,ACE,CE,Combined TRACON& Tower with Radar,0,5,9,0,14,0,0,4,0,4,0,5,13,0,18,0,0,0,18
08/09/2011,ALO,IA,ACE,CE,Combined TRACON& Tower with Radar,0,6,5,0,11,0,0,21,0,21,0,6,26,0,32,12,0,12,44
08/10/2011,ALO,IA,ACE,CE,Combined TRACON& Tower with Radar,0,5,20,3,28,0,0,26,6,32,0,5,46,9,60,64,0,64,124
08/11/2011,ALO,IA,ACE,CE,Combined TRACON& Tower with Radar,0,5,12,2,19,0,0,22,8,30,0,5,34,10,49,6,0,6,55
08/12/2011,ALO,IA,ACE,CE,Combined TRACON& Tower with Radar,0,10,7,1,18,0,0,18,2,20,0,10,25,3,38,42,0,42,80
08/13/2011,ALO,IA,ACE,CE,Combined TRACON& Tower with Radar,0,3,22,0,25,0,0,10,1,11,0,3,32,1,36,0,0,0,36
08/14/2011,ALO,IA,ACE,CE,Combined TRACON& Tower with Radar,0,5,12,0,17,0,0,30,1,31,0,5,42,1,48,24,0,24,72
08/15/2011,ALO,IA,ACE,CE,Combined TRACON& Tower with Radar,2,7,15,0,24,0,0,12,0,12,2,7,27,0,36,6,0,6,42
08/16/2011,ALO,IA,ACE,CE,Combined TRACON& Tower with Radar,0,10,14,0,24,0,0,6,2,8,0,10,20,2,32,56,0,56,88
08/17/2011,ALO,IA,ACE,CE,Combined TRACON& Tower with Radar,0,11,22,1,34,0,0,16,9,25,0,11,38,10,59,34,0,34,93
08/18/2011,ALO,IA,ACE,CE,Combined TRACON& Tower with Radar,0,4,13,1,18,0,1,23,8,32,0,5,36,9,50,16,0,16,66
08/19/2011,ALO,IA,ACE,CE,Combined TRACON& Tower with Radar,0,5,13,4,22,0,1,18,2,21,0,6,31,6,43,42,0,42,85
08/20/2011,ALO,IA,ACE,CE,Combined TRACON& Tower with Radar,0,5,17,0,22,0,0,19,4,23,0,5,36,4,45,20,2,22,67
08/21/2011,ALO,IA,ACE,CE,Combined TRACON& Tower with Radar,0,4,9,0,13,0,0,28,6,34,0,4,37,6,47,22,0,22,69
08/22/2011,ALO,IA,ACE,CE,Combined TRACON& Tower with Radar,0,9,13,0,22,0,0,12,3,15,0,9,25,3,37,0,0,0,37
08/23/2011,ALO,IA,ACE,CE,Combined TRACON& Tower with Radar,0,5,15,0,20,0,0,13,2,15,0,5,28,2,35,0,0,0,35
08/24/2011,ALO,IA,ACE,CE,Combined TRACON& Tower with Radar,0,7,25,8,40,0,6,10,10,26,0,13,35,18,66,0,14,14,80
08/25/2011,ALO,IA,ACE,CE,Combined TRACON& Tower with Radar,0,5,18,14,37,0,1,17,7,25,0,6,35,21,62,4,0,4,66
08/26/2011,ALO,IA,ACE,CE,Combined TRACON& Tower with Radar,0,5,5,1,11,0,0,11,2,13,0,5,16,3,24,8,0,8,32
08/27/2011,ALO,IA,ACE,CE,Combined TRACON& Tower with Radar,0,6,4,2,12,0,0,89,1,90,0,6,93,3,102,0,0,0,102
08/28/2011,ALO,IA,ACE,CE,Combined TRACON& Tower with Radar,0,4,6,1,11,0,0,64,2,66,0,4,70,3,77,0,0,0,77
08/29/2011,ALO,IA,ACE,CE,Combined TRACON& Tower with Radar,0,5,24,4,33,0,0,29,1,30,0,5,53,5,63,10,0,10,73
08/30/2011,ALO,IA,ACE,CE,Combined TRACON& Tower with Radar,0,7,24,1,32,0,0,4,0,4,0,7,28,1,36,0,0,0,36
08/31/2011,ALO,IA,ACE,CE,Combined TRACON& Tower with Radar,0,8,20,0,28,0,0,26,3,29,0,8,46,3,57,18,0,18,75
09/01/2011,ALO,IA,ACE,CE,Combined TRACON& Tower with Radar,0,5,18,2,25,0,0,24,7,31,0,5,42,9,56,22,0,22,78
09/02/2011,ALO,IA,ACE,CE,Combined TRACON& Tower with Radar,0,7,10,0,17,0,1,12,0,13,0,8,22,0,30,0,0,0,30
09/03/2011,ALO,IA,ACE,CE,Combined TRACON& Tower with Radar,0,4,8,0,12,0,0,5,0,5,0,4,13,0,17,0,0,0,17
09/04/2011,ALO,IA,ACE,CE,Combined TRACON& Tower with Radar,0,4,8,0,12,0,1,12,0,13,0,5,20,0,25,38,0,38,63
09/05/2011,ALO,IA,ACE,CE,Combined TRACON& Tower with Radar,0,6,14,0,20,0,0,32,0,32,0,6,46,0,52,18,0,18,70
09/06/2011,ALO,IA,ACE,CE,Combined TRACON& Tower with Radar,0,8,14,0,22,0,0,33,8,41,0,8,47,8,63,40,0,40,103
09/07/2011,ALO,IA,ACE,CE,Combined TRACON& Tower with Radar,0,5,28,1,34,0,2,18,9,29,0,7,46,10,63,0,0,0,63
09/08/2011,ALO,IA,ACE,CE,Combined TRACON& Tower with Radar,0,5,28,0,33,0,0,27,7,34,0,5,55,7,67,26,34,60,127
09/09/2011,ALO,IA,ACE,CE,Combined TRACON& Tower with Radar,2,5,21,0,28,0,1,32,4,37,2,6,53,4,65,34,2,36,101
09/10/2011,ALO,IA,ACE,CE,Combined TRACON& Tower with Radar,0,3,12,0,15,0,0,21,5,26,0,3,33,5,41,34,0,34,75
09/11/2011,ALO,IA,ACE,CE,Combined TRACON& Tower with Radar,0,3,9,0,12,0,0,29,2,31,0,3,38,2,43,12,8,20,63
09/12/2011,ALO,IA,ACE,CE,Combined TRACON& Tower with Radar,0,3,11,0,14,0,1,9,0,10,0,4,20,0,24,0,0,0,24
09/13/2011,ALO,IA,ACE,CE,Combined TRACON& Tower with Radar,0,7,24,0,31,0,1,32,3,36,0,8,56,3,67,44,0,44,111
09/14/2011,ALO,IA,ACE,CE,Combined TRACON& Tower with Radar,0,5,30,2,37,0,0,23,9,32,0,5,53,11,69,34,0,34,103
09/15/2011,ALO,IA,ACE,CE,Combined TRACON& Tower with Radar,0,4,17,1,22,0,1,23,7,31,0,5,40,8,53,26,14,40,93
09/16/2011,ALO,IA,ACE,CE,Combined TRACON& Tower with Radar,0,4,17,0,21,0,0,18,5,23,0,4,35,5,44,52,2,54,98
09/17/2011,ALO,IA,ACE,CE,Combined TRACON& Tower with Radar,0,3,11,0,14,0,0,128,0,128,0,3,139,0,142,58,0,58,200
09/18/2011,ALO,IA,ACE,CE,Combined TRACON& Tower with Radar,0,3,17,0,20,0,0,0,0,0,0,3,17,0,20,0,0,0,20
09/19/2011,ALO,IA,ACE,CE,Combined TRACON& Tower with Radar,0,3,19,0,22,0,2,11,1,14,0,5,30,1,36,0,0,0,36
09/20/2011,ALO,IA,ACE,CE,Combined TRACON& Tower with Radar,0,6,14,1,21,0,0,3,0,3,0,6,17,1,24,0,2,2,26
09/21/2011,ALO,IA,ACE,CE,Combined TRACON& Tower with Radar,0,3,24,2,29,0,0,9,4,13,0,3,33,6,42,2,8,10,52
09/22/2011,ALO,IA,ACE,CE,Combined TRACON& Tower with Radar,0,9,23,5,37,0,2,13,9,24,0,11,36,14,61,0,0,0,61
09/23/2011,ALO,IA,ACE,CE,Combined TRACON& Tower with Radar,0,4,14,0,18,0,0,18,2,20,0,4,32,2,38,34,0,34,72
09/24/2011,ALO,IA,ACE,CE,Combined TRACON& Tower with Radar,0,3,8,0,11,0,0,12,0,12,0,3,20,0,23,14,0,14,37
09/25/2011,ALO,IA,ACE,CE,Combined TRACON& Tower with Radar,0,3,11,0,14,0,0,11,0,11,0,3,22,0,25,8,0,8,33
09/26/2011,ALO,IA,ACE,CE,Combined TRACON& Tower with Radar,0,3,11,0,14,0,0,1,1,2,0,3,12,1,16,30,0,30,46
09/27/2011,ALO,IA,ACE,CE,Combined TRACON& Tower with Radar,1,5,15,0,21,0,0,4,4,8,1,5,19,4,29,22,0,22,51
09/28/2011,ALO,IA,ACE,CE,Combined TRACON& Tower with Radar,0,5,21,1,27,0,0,13,4,17,0,5,34,5,44,10,0,10,54
09/29/2011,ALO,IA,ACE,CE,Combined TRACON& Tower with Radar,0,3,16,0,19,0,0,5,0,5,0,3,21,0,24,2,0,2,26
09/30/2011,ALO,IA,ACE,CE,Combined TRACON& Tower with Radar,2,5,12,0,19,0,0,9,5,14,2,5,21,5,33,18,0,18,51
10/01/2011,ALO,IA,ACE,CE,Combined TRACON& Tower with Radar,1,5,10,0,16,0,0,42,0,42,1,5,52,0,58,40,0,40,98
10/02/2011,ALO,IA,ACE,CE,Combined TRACON& Tower with Radar,0,4,8,0,12,0,3,31,0,34,0,7,39,0,46,14,0,14,60
10/03/2011,ALO,IA,ACE,CE,Combined TRACON& Tower with Radar,0,8,13,0,21,0,1,18,1,20,0,9,31,1,41,48,0,48,89
10/04/2011,ALO,IA,ACE,CE,Combined TRACON& Tower with Radar,0,3,21,0,24,0,0,16,1,17,0,3,37,1,41,58,0,58,99
10/05/2011,ALO,IA,ACE,CE,Combined TRACON& Tower with Radar,0,5,14,0,19,0,0,22,0,22,0,5,36,0,41,88,0,88,129
10/06/2011,ALO,IA,ACE,CE,Combined TRACON& Tower with Radar,0,6,24,0,30,0,0,9,0,9,0,6,33,0,39,42,0,42,81
10/07/2011,ALO,IA,ACE,CE,Combined TRACON& Tower with Radar,0,6,19,0,25,0,0,12,0,12,0,6,31,0,37,6,0,6,43
10/08/2011,ALO,IA,ACE,CE,Combined TRACON& Tower with Radar,0,5,5,0,10,0,0,18,3,21,0,5,23,3,31,66,0,66,97
10/09/2011,ALO,IA,ACE,CE,Combined TRACON& Tower with Radar,0,3,15,0,18,0,0,21,0,21,0,3,36,0,39,12,0,12,51
10/10/2011,ALO,IA,ACE,CE,Combined TRACON& Tower with Radar,0,5,14,0,19,0,0,17,3,20,0,5,31,3,39,20,0,20,59
10/11/2011,ALO,IA,ACE,CE,Combined TRACON& Tower with Radar,0,4,15,0,19,0,0,12,0,12,0,4,27,0,31,42,0,42,73
10/12/2011,ALO,IA,ACE,CE,Combined TRACON& Tower with Radar,0,3,10,0,13,0,0,13,2,15,0,3,23,2,28,4,0,4,32
10/13/2011,ALO,IA,ACE,CE,Combined TRACON& Tower with Radar,0,3,34,0,37,0,0,21,1,22,0,3,55,1,59,66,2,68,127
10/14/2011,ALO,IA,ACE,CE,Combined TRACON& Tower with Radar,0,4,19,0,23,0,0,13,3,16,0,4,32,3,39,26,0,26,65
10/15/2011,ALO,IA,ACE,CE,Combined TRACON& Tower with Radar,0,2,5,0,7,0,0,20,0,20,0,2,25,0,27,12,0,12,39
10/16/2011,ALO,IA,ACE,CE,Combined TRACON& Tower with Radar,0,6,9,0,15,0,0,14,0,14,0,6,23,0,29,0,0,0,29
10/17/2011,ALO,IA,ACE,CE,Combined TRACON& Tower with Radar,0,4,12,0,16,0,0,14,0,14,0,4,26,0,30,18,0,18,48
10/18/2011,ALO,IA,ACE,CE,Combined TRACON& Tower with Radar,0,3,20,0,23,0,0,21,2,23,0,3,41,2,46,80,16,96,142
10/19/2011,ALO,IA,ACE,CE,Combined TRACON& Tower with Radar,0,3,10,0,13,0,0,7,7,14,0,3,17,7,27,52,0,52,79
10/20/2011,ALO,IA,ACE,CE,Combined TRACON& Tower with Radar,0,5,22,3,30,0,0,9,11,20,0,5,31,14,50,36,14,50,100
10/21/2011,ALO,IA,ACE,CE,Combined TRACON& Tower with Radar,5,3,28,0,36,0,1,30,2,33,5,4,58,2,69,98,0,98,167
10/22/2011,ALO,IA,ACE,CE,Combined TRACON& Tower with Radar,1,3,7,0,11,0,0,46,0,46,1,3,53,0,57,90,0,90,147
10/23/2011,ALO,IA,ACE,CE,Combined TRACON& Tower with Radar,0,3,8,0,11,0,0,23,0,23,0,3,31,0,34,52,0,52,86
10/24/2011,ALO,IA,ACE,CE,Combined TRACON& Tower with Radar,0,3,11,0,14,0,0,20,0,20,0,3,31,0,34,32,0,32,66
10/25/2011,ALO,IA,ACE,CE,Combined TRACON& Tower with Radar,0,3,19,2,24,0,0,17,3,20,0,3,36,5,44,66,2,68,112
10/26/2011,ALO,IA,ACE,CE,Combined TRACON& Tower with Radar,0,4,17,3,24,0,0,12,9,21,0,4,29,12,45,26,0,26,71
10/27/2011,ALO,IA,ACE,CE,Combined TRACON& Tower with Radar,0,5,20,4,29,0,0,23,6,29,0,5,43,10,58,70,0,70,128
10/28/2011,ALO,IA,ACE,CE,Combined TRACON& Tower with Radar,2,12,10,0,24,0,0,29,3,32,2,12,39,3,56,40,0,40,96
10/29/2011,ALO,IA,ACE,CE,Combined TRACON& Tower with Radar,0,3,7,0,10,0,0,36,1,37,0,3,43,1,47,36,0,36,83
10/30/2011,ALO,IA,ACE,CE,Combined TRACON& Tower with Radar,0,4,3,0,7,0,0,7,0,7,0,4,10,0,14,0,0,0,14
10/31/2011,ALO,IA,ACE,CE,Combined TRACON& Tower with Radar,0,7,15,0,22,0,1,8,6,15,0,8,23,6,37,14,0,14,51
11/01/2011,ALO,IA,ACE,CE,Combined TRACON& Tower with Radar,0,8,19,0,27,0,0,17,4,21,0,8,36,4,48,18,10,28,76
11/02/2011,ALO,IA,ACE,CE,Combined TRACON& Tower with Radar,0,4,11,2,17,0,0,0,0,0,0,4,11,2,17,0,0,0,17
11/03/2011,ALO,IA,ACE,CE,Combined TRACON& Tower with Radar,0,7,12,6,25,0,0,13,1,14,0,7,25,7,39,2,2,4,43
11/04/2011,ALO,IA,ACE,CE,Combined TRACON& Tower with Radar,2,3,25,0,30,0,0,23,0,23,2,3,48,0,53,42,0,42,95
11/05/2011,ALO,IA,ACE,CE,Combined TRACON& Tower with Radar,1,4,4,2,11,0,0,2,0,2,1,4,6,2,13,0,0,0,13
11/06/2011,ALO,IA,ACE,CE,Combined TRACON& Tower with Radar,0,3,11,0,14,0,0,2,0,2,0,3,13,0,16,10,0,10,26
11/07/2011,ALO,IA,ACE,CE,Combined TRACON& Tower with Radar,0,7,21,0,28,0,0,22,1,23,0,7,43,1,51,4,0,4,55
11/08/2011,ALO,IA,ACE,CE,Combined TRACON& Tower with Radar,0,11,14,0,25,0,0,0,0,0,0,11,14,0,25,0,0,0,25
11/09/2011,ALO,IA,ACE,CE,Combined TRACON& Tower with Radar,0,5,16,0,21,0,0,9,5,14,0,5,25,5,35,0,0,0,35
11/10/2011,ALO,IA,ACE,CE,Combined TRACON& Tower with Radar,0,5,13,0,18,0,1,15,0,16,0,6,28,0,34,24,0,24,58
11/11/2011,ALO,IA,ACE,CE,Combined TRACON& Tower with Radar,1,5,12,0,18,0,1,11,4,16,1,6,23,4,34,24,8,32,66
11/12/2011,ALO,IA,ACE,CE,Combined TRACON& Tower with Radar,0,5,6,0,11,0,0,11,0,11,0,5,17,0,22,20,0,20,42
11/13/2011,ALO,IA,ACE,CE,Combined TRACON& Tower with Radar,0,3,4,0,7,0,0,5,0,5,0,3,9,0,12,10,0,10,22
11/14/2011,ALO,IA,ACE,CE,Combined TRACON& Tower with Radar,0,3,16,0,19,0,0,19,2,21,0,3,35,2,40,24,0,24,64
11/15/2011,ALO,IA,ACE,CE,Combined TRACON& Tower with Radar,0,3,14,0,17,0,0,14,0,14,0,3,28,0,31,24,0,24,55
11/16/2011,ALO,IA,ACE,CE,Combined TRACON& Tower with Radar,0,5,10,1,16,0,0,29,2,31,0,5,39,3,47,34,0,34,81
11/17/2011,ALO,IA,ACE,CE,Combined TRACON& Tower with Radar,0,9,25,4,38,0,0,2,10,12,0,9,27,14,50,0,0,0,50
11/18/2011,ALO,IA,ACE,CE,Combined TRACON& Tower with Radar,0,8,26,0,34,0,0,15,7,22,0,8,41,7,56,6,2,8,64
11/19/2011,ALO,IA,ACE,CE,Combined TRACON& Tower with Radar,0,4,9,0,13,0,0,6,0,6,0,4,15,0,19,20,0,20,39
11/20/2011,ALO,IA,ACE,CE,Combined TRACON& Tower with Radar,0,3,7,0,10,0,0,21,3,24,0,3,28,3,34,82,0,82,116
11/21/2011,ALO,IA,ACE,CE,Combined TRACON& Tower with Radar,2,4,18,0,24,0,0,9,0,9,2,4,27,0,33,4,0,4,37
11/22/2011,ALO,IA,ACE,CE,Combined TRACON& Tower with Radar,0,4,21,2,27,0,0,6,0,6,0,4,27,2,33,50,0,50,83
11/23/2011,ALO,IA,ACE,CE,Combined TRACON& Tower with Radar,0,4,8,0,12,0,0,3,0,3,0,4,11,0,15,0,0,0,15
11/24/2011,ALO,IA,ACE,CE,Combined TRACON& Tower with Radar,0,1,1,0,2,0,0,2,0,2,0,1,3,0,4,0,0,0,4
11/25/2011,ALO,IA,ACE,CE,Combined TRACON& Tower with Radar,0,2,5,0,7,0,0,6,0,6,0,2,11,0,13,0,0,0,13
11/26/2011,ALO,IA,ACE,CE,Combined TRACON& Tower with Radar,0,3,5,0,8,0,0,0,0,0,0,3,5,0,8,0,0,0,8
11/27/2011,ALO,IA,ACE,CE,Combined TRACON& Tower with Radar,0,3,9,0,12,0,0,0,0,0,0,3,9,0,12,6,0,6,18
11/28/2011,ALO,IA,ACE,CE,Combined TRACON& Tower with Radar,0,3,4,0,7,0,0,15,1,16,0,3,19,1,23,0,38,38,61
11/29/2011,ALO,IA,ACE,CE,Combined TRACON& Tower with Radar,0,5,16,1,22,0,0,12,2,14,0,5,28,3,36,0,0,0,36
11/30/2011,ALO,IA,ACE,CE,Combined TRACON& Tower with Radar,0,5,11,2,18,0,0,20,4,24,0,5,31,6,42,0,0,0,42
12/01/2011,ALO,IA,ACE,CE,Combined TRACON& Tower with Radar,0,8,19,0,27,0,0,11,3,14,0,8,30,3,41,52,26,78,119
12/02/2011,ALO,IA,ACE,CE,Combined TRACON& Tower with Radar,1,9,32,0,42,0,0,15,2,17,1,9,47,2,59,16,0,16,75
12/03/2011,ALO,IA,ACE,CE,Combined TRACON& Tower with Radar,0,3,5,0,8,0,0,0,0,0,0,3,5,0,8,0,0,0,8
12/04/2011,ALO,IA,ACE,CE,Combined TRACON& Tower with Radar,0,3,16,0,19,0,0,1,0,1,0,3,17,0,20,0,0,0,20
12/05/2011,ALO,IA,ACE,CE,Combined TRACON& Tower with Radar,0,12,10,0,22,0,0,4,0,4,0,12,14,0,26,0,0,0,26
12/06/2011,ALO,IA,ACE,CE,Combined TRACON& Tower with Radar,0,4,18,0,22,0,0,2,2,4,0,4,20,2,26,0,0,0,26
12/07/2011,ALO,IA,ACE,CE,Combined TRACON& Tower with Radar,1,3,24,0,28,0,0,24,8,32,1,3,48,8,60,10,0,10,70
12/08/2011,ALO,IA,ACE,CE,Combined TRACON& Tower with Radar,0,4,32,1,37,0,0,9,9,18,0,4,41,10,55,26,2,28,83
12/09/2011,ALO,IA,ACE,CE,Combined TRACON& Tower with Radar,0,8,31,2,41,0,0,20,1,21,0,8,51,3,62,44,0,44,106
12/10/2011,ALO,IA,ACE,CE,Combined TRACON& Tower with Radar,0,3,15,0,18,0,1,13,0,14,0,4,28,0,32,20,0,20,52
12/11/2011,ALO,IA,ACE,CE,Combined TRACON& Tower with Radar,0,7,11,0,18,0,0,0,0,0,0,7,11,0,18,0,0,0,18
12/12/2011,ALO,IA,ACE,CE,Combined TRACON& Tower with Radar,0,5,11,0,16,0,0,0,0,0,0,5,11,0,16,0,0,0,16
12/13/2011,ALO,IA,ACE,CE,Combined TRACON& Tower with Radar,0,7,12,0,19,0,0,3,2,5,0,7,15,2,24,22,8,30,54
12/14/2011,ALO,IA,ACE,CE,Combined TRACON& Tower with Radar,0,3,6,0,9,0,0,0,0,0,0,3,6,0,9,0,0,0,9
12/15/2011,ALO,IA,ACE,CE,Combined TRACON& Tower with Radar,0,5,15,1,21,0,1,4,7,12,0,6,19,8,33,2,4,6,39
12/16/2011,ALO,IA,ACE,CE,Combined TRACON& Tower with Radar,0,6,16,0,22,0,2,16,0,18,0,8,32,0,40,20,0,20,60
12/17/2011,ALO,IA,ACE,CE,Combined TRACON& Tower with Radar,0,3,11,0,14,0,2,5,0,7,0,5,16,0,21,36,0,36,57
12/18/2011,ALO,IA,ACE,CE,Combined TRACON& Tower with Radar,0,3,7,0,10,0,0,11,0,11,0,3,18,0,21,28,0,28,49
12/19/2011,ALO,IA,ACE,CE,Combined TRACON& Tower with Radar,0,6,15,0,21,0,0,3,0,3,0,6,18,0,24,0,0,0,24
12/20/2011,ALO,IA,ACE,CE,Combined TRACON& Tower with Radar,0,8,23,2,33,0,1,4,2,7,0,9,27,4,40,38,0,38,78
12/21/2011,ALO,IA,ACE,CE,Combined TRACON& Tower with Radar,0,5,18,2,25,0,0,31,3,34,0,5,49,5,59,0,0,0,59
12/22/2011,ALO,IA,ACE,CE,Combined TRACON& Tower with Radar,0,4,24,0,28,0,0,7,0,7,0,4,31,0,35,56,0,56,91
12/23/2011,ALO,IA,ACE,CE,Combined TRACON& Tower with Radar,0,3,16,0,19,0,0,16,0,16,0,3,32,0,35,44,0,44,79
12/24/2011,ALO,IA,ACE,CE,Combined TRACON& Tower with Radar,0,2,4,0,6,0,0,10,0,10,0,2,14,0,16,8,0,8,24
12/25/2011,ALO,IA,ACE,CE,Combined TRACON& Tower with Radar,0,1,1,0,2,0,0,1,0,1,0,1,2,0,3,0,0,0,3
12/26/2011,ALO,IA,ACE,CE,Combined TRACON& Tower with Radar,0,3,18,0,21,0,0,10,0,10,0,3,28,0,31,10,0,10,41
12/27/2011,ALO,IA,ACE,CE,Combined TRACON& Tower with Radar,0,3,9,0,12,0,0,5,0,5,0,3,14,0,17,20,0,20,37
12/28/2011,ALO,IA,ACE,CE,Combined TRACON& Tower with Radar,0,3,16,0,19,0,0,25,2,27,0,3,41,2,46,0,0,0,46
12/29/2011,ALO,IA,ACE,CE,Combined TRACON& Tower with Radar,0,3,15,1,19,0,1,24,2,27,0,4,39,3,46,0,0,0,46
12/30/2011,ALO,IA,ACE,CE,Combined TRACON& Tower with Radar,0,3,1,0,4,0,0,0,0,0,0,3,1,0,4,0,0,0,4
12/31/2011,ALO,IA,ACE,CE,Combined TRACON& Tower with Radar,0,5,6,0,11,0,0,4,0,4,0,5,10,0,15,0,0,0,15
01/01/2012,ALO,IA,ACE,CE,Combined TRACON& Tower with Radar,0,2,0,0,2,0,0,0,0,0,0,2,0,0,2,0,0,0,2
01/02/2012,ALO,IA,ACE,CE,Combined TRACON& Tower with Radar,0,3,8,0,11,0,0,3,0,3,0,3,11,0,14,0,0,0,14
01/03/2012,ALO,IA,ACE,CE,Combined TRACON& Tower with Radar,0,6,14,0,20,0,0,15,2,17,0,6,29,2,37,16,2,18,55
01/04/2012,ALO,IA,ACE,CE,Combined TRACON& Tower with Radar,0,3,11,4,18,0,0,9,2,11,0,3,20,6,29,32,0,32,61
01/05/2012,ALO,IA,ACE,CE,Combined TRACON& Tower with Radar,0,3,20,3,26,0,0,19,1,20,0,3,39,4,46,38,8,46,92
01/06/2012,ALO,IA,ACE,CE,Combined TRACON& Tower with Radar,0,3,14,0,17,0,1,20,0,21,0,4,34,0,38,12,0,12,50
01/07/2012,ALO,IA,ACE,CE,Combined TRACON& Tower with Radar,0,3,14,0,17,0,0,32,0,32,0,3,46,0,49,6,0,6,55
01/08/2012,ALO,IA,ACE,CE,Combined TRACON& Tower with Radar,0,1,4,0,5,0,0,17,0,17,0,1,21,0,22,64,0,64,86
01/09/2012,ALO,IA,ACE,CE,Combined TRACON& Tower with Radar,0,3,11,2,16,0,0,9,2,11,0,3,20,4,27,2,0,2,29
01/10/2012,ALO,IA,ACE,CE,Combined TRACON& Tower with Radar,0,5,14,0,19,0,0,35,6,41,0,5,49,6,60,34,26,60,120
01/11/2012,ALO,IA,ACE,CE,Combined TRACON& Tower with Radar,0,5,21,0,26,0,0,14,1,15,0,5,35,1,41,6,0,6,47
01/12/2012,ALO,IA,ACE,CE,Combined TRACON& Tower with Radar,0,4,13,0,17,0,0,0,0,0,0,4,13,0,17,0,0,0,17
01/13/2012,ALO,IA,ACE,CE,Combined TRACON& Tower with Radar,0,3,14,0,17,0,0,6,1,7,0,3,20,1,24,0,0,0,24
01/14/2012,ALO,IA,ACE,CE,Combined TRACON& Tower with Radar,0,3,14,0,17,0,0,31,3,34,0,3,45,3,51,26,0,26,77
01/15/2012,ALO,IA,ACE,CE,Combined TRACON& Tower with Radar,0,1,4,0,5,0,0,17,0,17,0,1,21,0,22,0,0,0,22
01/16/2012,ALO,IA,ACE,CE,Combined TRACON& Tower with Radar,0,3,11,0,14,0,0,9,1,10,0,3,20,1,24,10,0,10,34
01/17/2012,ALO,IA,ACE,CE,Combined TRACON& Tower with Radar,0,6,6,1,13,0,0,3,2,5,0,6,9,3,18,0,4,4,22
01/18/2012,ALO,IA,ACE,CE,Combined TRACON& Tower with Radar,0,3,2,0,5,0,0,7,11,18,0,3,9,11,23,12,0,12,35
01/19/2012,ALO,IA,ACE,CE,Combined TRACON& Tower with Radar,0,5,9,0,14,0,0,5,12,17,0,5,14,12,31,0,0,0,31
01/20/2012,ALO,IA,ACE,CE,Combined TRACON& Tower with Radar,0,2,4,0,6,0,0,0,0,0,0,2,4,0,6,0,0,0,6
01/21/2012,ALO,IA,ACE,CE,Combined TRACON& Tower with Radar,0,1,3,0,4,0,0,6,0,6,0,1,9,0,10,4,0,4,14
01/22/2012,ALO,IA,ACE,CE,Combined TRACON& Tower with Radar,0,1,2,0,3,0,0,0,0,0,0,1,2,0,3,0,0,0,3
01/23/2012,ALO,IA,ACE,CE,Combined TRACON& Tower with Radar,0,3,4,0,7,0,0,0,1,1,0,3,4,1,8,0,0,0,8
01/24/2012,ALO,IA,ACE,CE,Combined TRACON& Tower with Radar,0,5,15,0,20,0,0,3,3,6,0,5,18,3,26,2,4,6,32
01/25/2012,ALO,IA,ACE,CE,Combined TRACON& Tower with Radar,0,5,5,1,11,0,0,20,17,37,0,5,25,18,48,4,22,26,74
01/26/2012,ALO,IA,ACE,CE,Combined TRACON& Tower with Radar,0,3,15,4,22,0,0,5,15,20,0,3,20,19,42,54,8,62,104
01/27/2012,ALO,IA,ACE,CE,Combined TRACON& Tower with Radar,0,7,8,2,17,0,0,9,3,12,0,7,17,5,29,4,0,4,33
01/28/2012,ALO,IA,ACE,CE,Combined TRACON& Tower with Radar,0,1,2,0,3,0,0,21,0,21,0,1,23,0,24,80,0,80,104
01/29/2012,ALO,IA,ACE,CE,Combined TRACON& Tower with Radar,0,1,5,0,6,0,0,16,2,18,0,1,21,2,24,72,0,72,96
01/30/2012,ALO,IA,ACE,CE,Combined TRACON& Tower with Radar,1,8,12,0,21,0,0,10,1,11,1,8,22,1,32,12,2,14,46
01/31/2012,ALO,IA,ACE,CE,Combined TRACON& Tower with Radar,0,6,16,0,22,0,0,24,0,24,0,6,40,0,46,26,0,26,72
02/01/2012,ALO,IA,ACE,CE,Combined TRACON& Tower with Radar,0,6,16,0,22,0,0,0,0,0,0,6,16,0,22,0,0,0,22
02/02/2012,ALO,IA,ACE,CE,Combined TRACON& Tower with Radar,0,4,17,0,21,0,0,3,0,3,0,4,20,0,24,0,0,0,24
02/03/2012,ALO,IA,ACE,CE,Combined TRACON& Tower with Radar,2,5,11,1,19,0,0,0,0,0,2,5,11,1,19,0,0,0,19
02/04/2012,ALO,IA,ACE,CE,Combined TRACON& Tower with Radar,0,1,9,0,10,0,0,18,0,18,0,1,27,0,28,28,0,28,56
02/05/2012,ALO,IA,ACE,CE,Combined TRACON& Tower with Radar,0,3,3,0,6,0,0,0,0,0,0,3,3,0,6,0,0,0,6
02/06/2012,ALO,IA,ACE,CE,Combined TRACON& Tower with Radar,0,3,7,0,10,0,0,1,0,1,0,3,8,0,11,26,0,26,37
02/07/2012,ALO,IA,ACE,CE,Combined TRACON& Tower with Radar,2,4,17,2,25,0,0,2,1,3,2,4,19,3,28,22,0,22,50
02/08/2012,ALO,IA,ACE,CE,Combined TRACON& Tower with Radar,0,9,20,1,30,0,1,29,7,37,0,10,49,8,67,38,4,42,109
02/09/2012,ALO,IA,ACE,CE,Combined TRACON& Tower with Radar,0,5,39,0,44,0,0,6,0,6,0,5,45,0,50,10,4,14,64
02/10/2012,ALO,IA,ACE,CE,Combined TRACON& Tower with Radar,0,3,15,0,18,0,0,8,1,9,0,3,23,1,27,4,8,12,39
02/11/2012,ALO,IA,ACE,CE,Combined TRACON& Tower with Radar,0,1,6,0,7,0,0,6,0,6,0,1,12,0,13,6,0,6,19
02/12/2012,ALO,IA,ACE,CE,Combined TRACON& Tower with Radar,0,1,10,0,11,0,0,27,11,38,0,1,37,11,49,36,0,36,85
02/13/2012,ALO,IA,ACE,CE,Combined TRACON& Tower with Radar,0,5,6,0,11,0,0,1,0,1,0,5,7,0,12,0,0,0,12
02/14/2012,ALO,IA,ACE,CE,Combined TRACON& Tower with Radar,0,8,8,0,16,0,1,0,0,1,0,9,8,0,17,0,0,0,17
02/15/2012,ALO,IA,ACE,CE,Combined TRACON& Tower with Radar,0,4,21,2,27,0,0,8,46,54,0,4,29,48,81,16,12,28,109
02/16/2012,ALO,IA,ACE,CE,Combined TRACON& Tower with Radar,0,3,12,3,18,0,0,22,8,30,0,3,34,11,48,20,0,20,68
02/17/2012,ALO,IA,ACE,CE,Combined TRACON& Tower with Radar,0,7,18,1,26,0,0,17,5,22,0,7,35,6,48,28,2,30,78
02/18/2012,ALO,IA,ACE,CE,Combined TRACON& Tower with Radar,0,1,13,0,14,0,0,37,0,37,0,1,50,0,51,50,0,50,101
02/19/2012,ALO,IA,ACE,CE,Combined TRACON& Tower with Radar,0,1,7,0,8,0,1,24,0,25,0,2,31,0,33,0,0,0,33
02/20/2012,ALO,IA,ACE,CE,Combined TRACON& Tower with Radar,0,3,16,0,19,0,0,12,0,12,0,3,28,0,31,2,0,2,33
02/21/2012,ALO,IA,ACE,CE,Combined TRACON& Tower with Radar,0,5,23,0,28,0,0,4,2,6,0,5,27,2,34,2,0,2,36
02/22/2012,ALO,IA,ACE,CE,Combined TRACON& Tower with Radar,0,7,16,1,24,0,0,10,1,11,0,7,26,2,35,112,0,112,147
02/23/2012,ALO,IA,ACE,CE,Combined TRACON& Tower with Radar,0,3,7,0,10,0,0,0,0,0,0,3,7,0,10,0,0,0,10
02/24/2012,ALO,IA,ACE,CE,Combined TRACON& Tower with Radar,0,5,7,0,12,0,0,1,0,1,0,5,8,0,13,0,2,2,15
02/25/2012,ALO,IA,ACE,CE,Combined TRACON& Tower with Radar,0,4,8,0,12,0,1,12,0,13,0,5,20,0,25,40,0,40,65
02/26/2012,ALO,IA,ACE,CE,Combined TRACON& Tower with Radar,0,1,2,0,3,0,0,2,0,2,0,1,4,0,5,0,0,0,5
02/27/2012,ALO,IA,ACE,CE,Combined TRACON& Tower with Radar,0,5,12,0,17,0,0,12,0,12,0,5,24,0,29,24,0,24,53
02/28/2012,ALO,IA,ACE,CE,Combined TRACON& Tower with Radar,2,7,11,0,20,0,0,0,0,0,2,7,11,0,20,10,0,10,30
02/29/2012,ALO,IA,ACE,CE,Combined TRACON& Tower with Radar,0,2,12,0,14,0,0,0,0,0,0,2,12,0,14,0,0,0,14
03/01/2012,ALO,IA,ACE,CE,Combined TRACON& Tower with Radar,0,6,17,0,23,0,0,1,4,5,0,6,18,4,28,28,0,28,56
03/02/2012,ALO,IA,ACE,CE,Combined TRACON& Tower with Radar,0,3,4,0,7,0,0,0,2,2,0,3,4,2,9,0,0,0,9
03/03/2012,ALO,IA,ACE,CE,Combined TRACON& Tower with Radar,0,3,8,2,13,0,0,4,0,4,0,3,12,2,17,0,0,0,17
03/04/2012,ALO,IA,ACE,CE,Combined TRACON& Tower with Radar,0,2,5,0,7,0,0,9,0,9,0,2,14,0,16,24,0,24,40
03/05/2012,ALO,IA,ACE,CE,Combined TRACON& Tower with Radar,0,3,8,0,11,0,0,11,3,14,0,3,19,3,25,40,6,46,71
03/06/2012,ALO,IA,ACE,CE,Combined TRACON& Tower with Radar,0,5,16,0,21,0,0,6,7,13,0,5,22,7,34,10,0,10,44
03/07/2012,ALO,IA,ACE,CE,Combined TRACON& Tower with Radar,2,5,16,0,23,0,0,2,0,2,2,5,18,0,25,12,0,12,37
03/08/2012,ALO,IA,ACE,CE,Combined TRACON& Tower with Radar,0,5,19,6,30,0,1,15,0,16,0,6,34,6,46,0,0,0,46
03/09/2012,ALO,IA,ACE,CE,Combined TRACON& Tower with Radar,0,3,15,2,20,0,0,27,8,35,0,3,42,10,55,62,8,70,125
03/10/2012,ALO,IA,ACE,CE,Combined TRACON& Tower with Radar,0,1,5,0,6,0,0,11,0,11,0,1,16,0,17,20,0,20,37
03/11/2012,ALO,IA,ACE,CE,Combined TRACON& Tower with Radar,0,1,5,0,6,0,1,9,0,10,0,2,14,0,16,36,0,36,52
03/12/2012,ALO,IA,ACE,CE,Combined TRACON& Tower with Radar,0,3,15,0,18,0,1,11,0,12,0,4,26,0,30,32,14,46,76
03/13/2012,ALO,IA,ACE,CE,Combined TRACON& Tower with Radar,0,5,10,0,15,0,2,18,0,20,0,7,28,0,35,22,0,22,57
03/14/2012,ALO,IA,ACE,CE,Combined TRACON& Tower with Radar,0,3,14,4,21,0,0,17,6,23,0,3,31,10,44,14,0,14,58
03/15/2012,ALO,IA,ACE,CE,Combined TRACON& Tower with Radar,0,5,20,1,26,0,0,16,5,21,0,5,36,6,47,0,0,0,47
03/16/2012,ALO,IA,ACE,CE,Combined TRACON& Tower with Radar,0,4,15,2,21,0,0,20,1,21,0,4,35,3,42,20,2,22,64
03/17/2012,ALO,IA,ACE,CE,Combined TRACON& Tower with Radar,1,1,10,0,12,0,1,21,0,22,1,2,31,0,34,68,0,68,102
03/18/2012,ALO,IA,ACE,CE,Combined TRACON& Tower with Radar,0,1,4,0,5,0,0,11,0,11,0,1,15,0,16,28,0,28,44
03/19/2012,ALO,IA,ACE,CE,Combined TRACON& Tower with Radar,0,4,8,0,12,0,0,7,0,7,0,4,15,0,19,10,0,10,29
03/20/2012,ALO,IA,ACE,CE,Combined TRACON& Tower with Radar,1,4,14,3,22,0,0,6,4,10,1,4,20,7,32,40,12,52,84
03/21/2012,ALO,IA,ACE,CE,Combined TRACON& Tower with Radar,0,6,22,0,28,0,0,5,5,10,0,6,27,5,38,22,0,22,60
03/22/2012,ALO,IA,ACE,CE,Combined TRACON& Tower with Radar,0,11,20,1,32,0,0,8,1,9,0,11,28,2,41,0,0,0,41
03/23/2012,ALO,IA,ACE,CE,Combined TRACON& Tower with Radar,0,5,14,4,23,0,0,7,0,7,0,5,21,4,30,10,0,10,40
03/24/2012,ALO,IA,ACE,CE,Combined TRACON& Tower with Radar,0,1,9,0,10,0,0,6,0,6,0,1,15,0,16,0,0,0,16
03/25/2012,ALO,IA,ACE,CE,Combined TRACON& Tower with Radar,0,1,5,0,6,0,0,29,0,29,0,1,34,0,35,26,0,26,61
03/26/2012,ALO,IA,ACE,CE,Combined TRACON& Tower with Radar,0,6,9,0,15,0,0,11,0,11,0,6,20,0,26,50,0,50,76
03/27/2012,ALO,IA,ACE,CE,Combined TRACON& Tower with Radar,0,7,19,0,26,0,0,3,0,3,0,7,22,0,29,0,0,0,29
03/28/2012,ALO,IA,ACE,CE,Combined TRACON& Tower with Radar,0,5,15,1,21,0,2,24,3,29,0,7,39,4,50,36,14,50,100
03/29/2012,ALO,IA,ACE,CE,Combined TRACON& Tower with Radar,0,5,8,1,14,0,0,16,3,19,0,5,24,4,33,36,2,38,71
03/30/2012,ALO,IA,ACE,CE,Combined TRACON& Tower with Radar,0,16,52,0,68,0,0,3,0,3,0,16,55,0,71,28,0,28,99
03/31/2012,ALO,IA,ACE,CE,Combined TRACON& Tower with Radar,0,5,19,0,24,0,0,3,0,3,0,5,22,0,27,0,0,0,27
04/01/2012,ALO,IA,ACE,CE,Combined TRACON& Tower with Radar,0,2,9,0,11,0,0,15,0,15,0,2,24,0,26,4,0,4,30
04/02/2012,ALO,IA,ACE,CE,Combined TRACON& Tower with Radar,0,7,2,0,9,0,0,9,0,9,0,7,11,0,18,8,0,8,26
04/03/2012,ALO,IA,ACE,CE,Combined TRACON& Tower with Radar,0,7,31,0,38,0,0,15,0,15,0,7,46,0,53,22,6,28,81
04/04/2012,ALO,IA,ACE,CE,Combined TRACON& Tower with Radar,0,12,36,1,49,0,1,44,1,46,0,13,80,2,95,134,0,134,229
04/05/2012,ALO,IA,ACE,CE,Combined TRACON& Tower with Radar,0,9,17,1,27,0,1,28,8,37,0,10,45,9,64,54,10,64,128
04/06/2012,ALO,IA,ACE,CE,Combined TRACON& Tower with Radar,0,9,14,0,23,0,1,32,1,34,0,10,46,1,57,54,0,54,111
04/07/2012,ALO,IA,ACE,CE,Combined TRACON& Tower with Radar,0,3,2,0,5,0,0,7,0,7,0,3,9,0,12,10,0,10,22
04/08/2012,ALO,IA,ACE,CE,Combined TRACON& Tower with Radar,0,3,0,0,3,0,0,8,0,8,0,3,8,0,11,8,0,8,19
04/09/2012,ALO,IA,ACE,CE,Combined TRACON& Tower with Radar,0,5,10,2,17,0,0,14,1,15,0,5,24,3,32,20,0,20,52
04/10/2012,ALO,IA,ACE,CE,Combined TRACON& Tower with Radar,0,12,18,0,30,0,1,7,0,8,0,13,25,0,38,16,0,16,54
04/11/2012,ALO,IA,ACE,CE,Combined TRACON& Tower with Radar,0,12,16,3,31,0,3,13,0,16,0,15,29,3,47,24,6,30,77
04/12/2012,ALO,IA,ACE,CE,Combined TRACON& Tower with Radar,0,7,33,3,43,0,2,19,8,29,0,9,52,11,72,8,0,8,80
04/13/2012,ALO,IA,ACE,CE,Combined TRACON& Tower with Radar,0,11,16,0,27,0,0,2,0,2,0,11,18,0,29,0,0,0,29
04/14/2012,ALO,IA,ACE,CE,Combined TRACON& Tower with Radar,0,7,14,0,21,0,0,5,0,5,0,7,19,0,26,4,0,4,30
04/15/2012,ALO,IA,ACE,CE,Combined TRACON& Tower with Radar,0,3,2,0,5,0,4,1,0,5,0,7,3,0,10,0,0,0,10
04/16/2012,ALO,IA,ACE,CE,Combined TRACON& Tower with Radar,0,5,5,1,11,0,0,1,0,1,0,5,6,1,12,18,0,18,30
04/17/2012,ALO,IA,ACE,CE,Combined TRACON& Tower with Radar,0,11,31,0,42,0,1,41,10,52,0,12,72,10,94,24,6,30,124
04/18/2012,ALO,IA,ACE,CE,Combined TRACON& Tower with Radar,0,5,17,0,22,0,2,5,11,18,0,7,22,11,40,0,38,38,78
04/19/2012,ALO,IA,ACE,CE,Combined TRACON& Tower with Radar,0,7,16,0,23,0,0,1,0,1,0,7,17,0,24,0,0,0,24
04/20/2012,ALO,IA,ACE,CE,Combined TRACON& Tower with Radar,0,6,19,2,27,0,0,12,6,18,0,6,31,8,45,16,0,16,61
04/21/2012,ALO,IA,ACE,CE,Combined TRACON& Tower with Radar,0,5,16,3,24,0,0,15,2,17,0,5,31,5,41,18,0,18,59
04/22/2012,ALO,IA,ACE,CE,Combined TRACON& Tower with Radar,0,3,6,0,9,0,0,16,0,16,0,3,22,0,25,22,0,22,47
04/23/2012,ALO,IA,ACE,CE,Combined TRACON& Tower with Radar,0,6,16,0,22,0,1,30,0,31,0,7,46,0,53,32,0,32,85
04/24/2012,ALO,IA,ACE,CE,Combined TRACON& Tower with Radar,2,6,19,0,27,0,1,36,2,39,2,7,55,2,66,98,0,98,164
04/25/2012,ALO,IA,ACE,CE,Combined TRACON& Tower with Radar,0,8,16,2,26,0,0,13,2,15,0,8,29,4,41,0,2,2,43
04/26/2012,ALO,IA,ACE,CE,Combined TRACON& Tower with Radar,0,14,22,1,37,0,0,11,3,14,0,14,33,4,51,2,10,12,63
04/27/2012,ALO,IA,ACE,CE,Combined TRACON& Tower with Radar,0,9,14,4,27,0,1,8,2,11,0,10,22,6,38,2,0,2,40
04/28/2012,ALO,IA,ACE,CE,Combined TRACON& Tower with Radar,0,7,7,0,14,0,0,0,0,0,0,7,7,0,14,0,0,0,14
04/29/2012,ALO,IA,ACE,CE,Combined TRACON& Tower with Radar,0,3,6,0,9,0,0,5,0,5,0,3,11,0,14,40,0,40,54
04/30/2012,ALO,IA,ACE,CE,Combined TRACON& Tower with Radar,0,4,23,0,27,0,1,6,0,7,0,5,29,0,34,0,14,14,48
05/01/2012,ALO,IA,ACE,CE,Combined TRACON& Tower with Radar,0,5,7,2,14,0,0,1,0,1,0,5,8,2,15,4,0,4,19
05/02/2012,ALO,IA,ACE,CE,Combined TRACON& Tower with Radar,0,11,24,1,36,0,0,14,6,20,0,11,38,7,56,16,18,34,90
05/03/2012,ALO,IA,ACE,CE,Combined TRACON& Tower with Radar,0,7,16,0,23,0,0,18,2,20,0,7,34,2,43,58,0,58,101
05/04/2012,ALO,IA,ACE,CE,Combined TRACON& Tower with Radar,0,6,12,0,18,0,1,12,1,14,0,7,24,1,32,50,0,50,82
05/05/2012,ALO,IA,ACE,CE,Combined TRACON& Tower with Radar,0,4,6,0,10,0,0,11,2,13,0,4,17,2,23,28,0,28,51
05/06/2012,ALO,IA,ACE,CE,Combined TRACON& Tower with Radar,0,1,9,0,10,0,0,6,0,6,0,1,15,0,16,20,0,20,36
05/07/2012,ALO,IA,ACE,CE,Combined TRACON& Tower with Radar,0,4,16,4,24,0,0,11,2,13,0,4,27,6,37,0,24,24,61
05/08/2012,ALO,IA,ACE,CE,Combined TRACON& Tower with Radar,0,9,16,4,29,0,0,10,13,23,0,9,26,17,52,52,4,56,108
05/09/2012,ALO,IA,ACE,CE,Combined TRACON& Tower with Radar,0,7,16,6,29,0,0,26,2,28,0,7,42,8,57,56,6,62,119
05/10/2012,ALO,IA,ACE,CE,Combined TRACON& Tower with Radar,0,5,16,0,21,0,0,19,6,25,0,5,35,6,46,32,10,42,88
05/11/2012,ALO,IA,ACE,CE,Combined TRACON& Tower with Radar,0,5,14,1,20,0,1,9,22,32,0,6,23,23,52,22,0,22,74
05/12/2012,ALO,IA,ACE,CE,Combined TRACON& Tower with Radar,0,2,5,0,7,0,0,20,1,21,0,2,25,1,28,70,0,70,98
05/13/2012,ALO,IA,ACE,CE,Combined TRACON& Tower with Radar,1,6,5,0,12,0,0,25,0,25,1,6,30,0,37,28,0,28,65
05/14/2012,ALO,IA,ACE,CE,Combined TRACON& Tower with Radar,0,4,15,0,19,0,6,29,1,36,0,10,44,1,55,38,20,58,113
05/15/2012,ALO,IA,ACE,CE,Combined TRACON& Tower with Radar,1,4,22,0,27,0,0,19,5,24,1,4,41,5,51,16,2,18,69
05/16/2012,ALO,IA,ACE,CE,Combined TRACON& Tower with Radar,0,4,17,2,23,0,0,35,3,38,0,4,52,5,61,22,0,22,83
05/17/2012,ALO,IA,ACE,CE,Combined TRACON& Tower with Radar,0,6,25,1,32,0,0,13,0,13,0,6,38,1,45,40,0,40,85
05/18/2012,ALO,IA,ACE,CE,Combined TRACON& Tower with Radar,0,8,9,3,20,0,0,10,5,15,0,8,19,8,35,40,0,40,75
05/19/2012,ALO,IA,ACE,CE,Combined TRACON& Tower with Radar,0,4,8,0,12,0,0,10,1,11,0,4,18,1,23,19,0,19,42
05/20/2012,ALO,IA,ACE,CE,Combined TRACON& Tower with Radar,0,4,7,0,11,0,0,14,0,14,0,4,21,0,25,25,0,25,50
05/21/2012,ALO,IA,ACE,CE,Combined TRACON& Tower with Radar,0,4,14,1,19,0,1,18,1,20,0,5,32,2,39,19,7,26,65
05/22/2012,ALO,IA,ACE,CE,Combined TRACON& Tower with Radar,0,3,22,0,25,0,0,18,6,24,0,3,40,6,49,2,16,18,67
05/23/2012,ALO,IA,ACE,CE,Combined TRACON& Tower with Radar,0,6,23,2,31,0,1,15,3,19,0,7,38,5,50,6,0,6,56
05/24/2012,ALO,IA,ACE,CE,Combined TRACON& Tower with Radar,0,9,27,0,36,0,0,16,4,20,0,9,43,4,56,0,0,0,56
05/25/2012,ALO,IA,ACE,CE,Combined TRACON& Tower with Radar,0,6,13,0,19,0,0,15,2,17,0,6,28,2,36,16,0,16,52
05/26/2012,ALO,IA,ACE,CE,Combined TRACON& Tower with Radar,0,2,4,0,6,0,0,7,0,7,0,2,11,0,13,8,0,8,21
05/27/2012,ALO,IA,ACE,CE,Combined TRACON& Tower with Radar,0,4,0,0,4,0,0,8,0,8,0,4,8,0,12,54,0,54,66
05/28/2012,ALO,IA,ACE,CE,Combined TRACON& Tower with Radar,0,3,7,0,10,0,0,17,2,19,0,3,24,2,29,24,0,24,53
05/29/2012,ALO,IA,ACE,CE,Combined TRACON& Tower with Radar,0,4,16,0,20,0,0,14,1,15,0,4,30,1,35,12,0,12,47
05/30/2012,ALO,IA,ACE,CE,Combined TRACON& Tower with Radar,0,4,21,1,26,0,0,23,3,26,0,4,44,4,52,6,0,6,58
05/31/2012,ALO,IA,ACE,CE,Combined TRACON& Tower with Radar,0,2,8,4,14,0,0,0,1,1,0,2,8,5,15,0,0,0,15
06/01/2012,ALO,IA,ACE,CE,Combined TRACON& Tower with Radar,0,8,13,0,21,0,0,30,0,30,0,8,43,0,51,14,0,14,65
06/02/2012,ALO,IA,ACE,CE,Combined TRACON& Tower with Radar,0,2,6,0,8,0,0,17,1,18,0,2,23,1,26,10,0,10,36
06/03/2012,ALO,IA,ACE,CE,Combined TRACON& Tower with Radar,0,5,12,0,17,0,0,21,0,21,0,5,33,0,38,18,0,18,56
06/04/2012,ALO,IA,ACE,CE,Combined TRACON& Tower with Radar,0,5,8,0,13,0,1,22,0,23,0,6,30,0,36,16,0,16,52
06/05/2012,ALO,IA,ACE,CE,Combined TRACON& Tower with Radar,0,5,21,0,26,0,0,33,4,37,0,5,54,4,63,40,0,40,103
06/06/2012,ALO,IA,ACE,CE,Combined TRACON& Tower with Radar,0,3,17,0,20,0,0,19,0,19,0,3,36,0,39,12,0,12,51
06/07/2012,ALO,IA,ACE,CE,Combined TRACON& Tower with Radar,0,3,13,0,16,0,0,30,0,30,0,3,43,0,46,46,0,46,92
06/08/2012,ALO,IA,ACE,CE,Combined TRACON& Tower with Radar,0,5,8,0,13,0,0,16,5,21,0,5,24,5,34,46,0,46,80
06/09/2012,ALO,IA,ACE,CE,Combined TRACON& Tower with Radar,0,2,6,0,8,0,3,26,0,29,0,5,32,0,37,16,0,16,53
06/10/2012,ALO,IA,ACE,CE,Combined TRACON& Tower with Radar,0,4,16,0,20,0,0,24,0,24,0,4,40,0,44,12,0,12,56
06/11/2012,ALO,IA,ACE,CE,Combined TRACON& Tower with Radar,0,4,18,0,22,0,0,26,0,26,0,4,44,0,48,20,0,20,68
06/12/2012,ALO,IA,ACE,CE,Combined TRACON& Tower with Radar,0,5,16,0,21,0,1,36,0,37,0,6,52,0,58,44,0,44,102
06/13/2012,ALO,IA,ACE,CE,Combined TRACON& Tower with Radar,0,4,19,0,23,0,0,14,0,14,0,4,33,0,37,20,0,20,57
06/14/2012,ALO,IA,ACE,CE,Combined TRACON& Tower with Radar,0,4,12,0,16,0,0,26,1,27,0,4,38,1,43,12,0,12,55
06/15/2012,ALO,IA,ACE,CE,Combined TRACON& Tower with Radar,1,7,6,0,14,0,0,22,1,23,1,7,28,1,37,30,2,32,69
06/16/2012,ALO,IA,ACE,CE,Combined TRACON& Tower with Radar,0,4,3,0,7,0,0,7,0,7,0,4,10,0,14,2,0,2,16
06/17/2012,ALO,IA,ACE,CE,Combined TRACON& Tower with Radar,0,5,7,0,12,0,0,28,3,31,0,5,35,3,43,0,0,0,43
06/18/2012,ALO,IA,ACE,CE,Combined TRACON& Tower with Radar,0,3,15,0,18,0,0,4,0,4,0,3,19,0,22,0,0,0,22
06/19/2012,ALO,IA,ACE,CE,Combined TRACON& Tower with Radar,0,3,16,3,22,0,0,3,7,10,0,3,19,10,32,10,0,10,42
06/20/2012,ALO,IA,ACE,CE,Combined TRACON& Tower with Radar,0,3,16,3,22,0,0,5,4,9,0,3,21,7,31,6,0,6,37
06/21/2012,ALO,IA,ACE,CE,Combined TRACON& Tower with Radar,0,4,16,0,20,0,0,30,0,30,0,4,46,0,50,22,0,22,72
06/22/2012,ALO,IA,ACE,CE,Combined TRACON& Tower with Radar,0,3,24,0,27,0,0,29,1,30,0,3,53,1,57,18,0,18,75
06/23/2012,ALO,IA,ACE,CE,Combined TRACON& Tower with Radar,0,2,4,0,6,0,1,11,0,12,0,3,15,0,18,34,0,34,52
06/24/2012,ALO,IA,ACE,CE,Combined TRACON& Tower with Radar,0,5,12,2,19,0,0,18,0,18,0,5,30,2,37,22,0,22,59
06/25/2012,ALO,IA,ACE,CE,Combined TRACON& Tower with Radar,0,3,15,0,18,0,0,13,3,16,0,3,28,3,34,44,0,44,78
06/26/2012,ALO,IA,ACE,CE,Combined TRACON& Tower with Radar,0,4,20,1,25,0,5,17,3,25,0,9,37,4,50,16,0,16,66
06/27/2012,ALO,IA,ACE,CE,Combined TRACON& Tower with Radar,0,5,20,0,25,0,0,17,10,27,0,5,37,10,52,0,0,0,52
06/28/2012,ALO,IA,ACE,CE,Combined TRACON& Tower with Radar,0,11,22,0,33,0,0,31,1,32,0,11,53,1,65,8,4,12,77
06/29/2012,ALO,IA,ACE,CE,Combined TRACON& Tower with Radar,1,5,15,0,21,0,0,11,0,11,1,5,26,0,32,56,2,58,90
06/30/2012,ALO,IA,ACE,CE,Combined TRACON& Tower with Radar,0,7,7,0,14,0,0,32,0,32,0,7,39,0,46,0,0,0,46
07/01/2012,ALO,IA,ACE,CE,Combined TRACON& Tower with Radar,0,2,6,0,8,0,0,29,0,29,0,2,35,0,37,26,0,26,63
07/02/2012,ALO,IA,ACE,CE,Combined TRACON& Tower with Radar,0,6,7,0,13,0,0,18,1,19,0,6,25,1,32,40,4,44,76
07/03/2012,ALO,IA,ACE,CE,Combined TRACON& Tower with Radar,0,3,14,0,17,0,0,20,2,22,0,3,34,2,39,24,0,24,63
07/04/2012,ALO,IA,ACE,CE,Combined TRACON& Tower with Radar,0,3,2,0,5,0,0,22,0,22,0,3,24,0,27,4,0,4,31
07/05/2012,ALO,IA,ACE,CE,Combined TRACON& Tower with Radar,0,3,7,0,10,0,0,23,1,24,0,3,30,1,34,18,0,18,52
07/06/2012,ALO,IA,ACE,CE,Combined TRACON& Tower with Radar,0,3,7,1,11,0,0,26,2,28,0,3,33,3,39,44,0,44,83
07/07/2012,ALO,IA,ACE,CE,Combined TRACON& Tower with Radar,0,3,13,0,16,0,0,17,0,17,0,3,30,0,33,48,0,48,81
07/08/2012,ALO,IA,ACE,CE,Combined TRACON& Tower with Radar,0,3,8,0,11,0,0,22,0,22,0,3,30,0,33,0,0,0,33
07/09/2012,ALO,IA,ACE,CE,Combined TRACON& Tower with Radar,0,12,14,0,26,0,0,20,0,20,0,12,34,0,46,46,0,46,92
07/10/2012,ALO,IA,ACE,CE,Combined TRACON& Tower with Radar,0,5,8,1,14,0,0,22,4,26,0,5,30,5,40,58,2,60,100
07/11/2012,ALO,IA,ACE,CE,Combined TRACON& Tower with Radar,0,9,19,0,28,0,0,39,6,45,0,9,58,6,73,10,2,12,85
07/12/2012,ALO,IA,ACE,CE,Combined TRACON& Tower with Radar,0,7,16,3,26,0,0,34,7,41,0,7,50,10,67,40,4,44,111
07/13/2012,ALO,IA,ACE,CE,Combined TRACON& Tower with Radar,0,7,25,3,35,0,0,16,4,20,0,7,41,7,55,22,0,22,77
07/14/2012,ALO,IA,ACE,CE,Combined TRACON& Tower with Radar,0,4,9,0,13,0,0,16,2,18,0,4,25,2,31,8,0,8,39
07/15/2012,ALO,IA,ACE,CE,Combined TRACON& Tower with Radar,0,1,9,0,10,0,0,13,1,14,0,1,22,1,24,0,14,14,38
07/16/2012,ALO,IA,ACE,CE,Combined TRACON& Tower with Radar,0,7,17,0,24,0,0,20,0,20,0,7,37,0,44,28,0,28,72
07/17/2012,ALO,IA,ACE,CE,Combined TRACON& Tower with Radar,0,5,14,0,19,0,0,16,2,18,0,5,30,2,37,70,0,70,107
07/18/2012,ALO,IA,ACE,CE,Combined TRACON& Tower with Radar,0,9,27,0,36,0,1,22,5,28,0,10,49,5,64,38,0,38,102
07/19/2012,ALO,IA,ACE,CE,Combined TRACON& Tower with Radar,0,9,33,1,43,0,0,17,6,23,0,9,50,7,66,48,0,48,114
07/20/2012,ALO,IA,ACE,CE,Combined TRACON& Tower with Radar,0,8,22,0,30,0,0,35,1,36,0,8,57,1,66,46,0,46,112
07/21/2012,ALO,IA,ACE,CE,Combined TRACON& Tower with Radar,0,6,9,0,15,0,0,31,1,32,0,6,40,1,47,8,0,8,55
07/22/2012,ALO,IA,ACE,CE,Combined TRACON& Tower with Radar,0,3,8,0,11,0,0,11,0,11,0,3,19,0,22,10,0,10,32
07/23/2012,ALO,IA,ACE,CE,Combined TRACON& Tower with Radar,0,5,4,0,9,0,0,10,1,11,0,5,14,1,20,14,0,14,34
07/24/2012,ALO,IA,ACE,CE,Combined TRACON& Tower with Radar,0,9,25,0,34,0,0,15,1,16,0,9,40,1,50,22,0,22,72
07/25/2012,ALO,IA,ACE,CE,Combined TRACON& Tower with Radar,0,12,8,0,20,0,0,11,0,11,0,12,19,0,31,16,0,16,47
07/26/2012,ALO,IA,ACE,CE,Combined TRACON& Tower with Radar,0,9,16,3,28,0,0,26,1,27,0,9,42,4,55,12,0,12,67
07/27/2012,ALO,IA,ACE,CE,Combined TRACON& Tower with Radar,0,7,8,2,17,0,0,19,3,22,0,7,27,5,39,44,0,44,83
07/28/2012,ALO,IA,ACE,CE,Combined TRACON& Tower with Radar,0,6,7,0,13,0,3,26,0,29,0,9,33,0,42,22,0,22,64
07/29/2012,ALO,IA,ACE,CE,Combined TRACON& Tower with Radar,1,3,3,0,7,0,0,7,0,7,1,3,10,0,14,22,0,22,36
07/30/2012,ALO,IA,ACE,CE,Combined TRACON& Tower with Radar,0,6,11,1,18,0,1,25,7,33,0,7,36,8,51,18,0,18,69
07/31/2012,ALO,IA,ACE,CE,Combined TRACON& Tower with Radar,0,3,14,0,17,0,3,16,1,20,0,6,30,1,37,22,0,22,59
08/01/2012,ALO,IA,ACE,CE,Combined TRACON& Tower with Radar,0,9,3,1,13,0,0,21,2,23,0,9,24,3,36,34,0,34,70
08/02/2012,ALO,IA,ACE,CE,Combined TRACON& Tower with Radar,0,5,11,0,16,0,0,14,3,17,0,5,25,3,33,10,8,18,51
08/03/2012,ALO,IA,ACE,CE,Combined TRACON& Tower with Radar,0,4,14,0,18,0,0,24,2,26,0,4,38,2,44,36,0,36,80
08/04/2012,ALO,IA,ACE,CE,Combined TRACON& Tower with Radar,0,2,1,0,3,0,0,3,0,3,0,2,4,0,6,0,0,0,6
08/05/2012,ALO,IA,ACE,CE,Combined TRACON& Tower with Radar,0,3,3,0,6,0,2,32,0,34,0,5,35,0,40,56,0,56,96
08/06/2012,ALO,IA,ACE,CE,Combined TRACON& Tower with Radar,0,7,5,0,12,0,0,33,0,33,0,7,38,0,45,56,0,56,101
08/07/2012,ALO,IA,ACE,CE,Combined TRACON& Tower with Radar,0,3,18,0,21,0,0,33,3,36,0,3,51,3,57,46,0,46,103
08/08/2012,ALO,IA,ACE,CE,Combined TRACON& Tower with Radar,0,8,7,0,15,0,1,13,0,14,0,9,20,0,29,18,0,18,47
08/09/2012,ALO,IA,ACE,CE,Combined TRACON& Tower with Radar,0,9,12,2,23,0,0,14,0,14,0,9,26,2,37,52,0,52,89
08/10/2012,ALO,IA,ACE,CE,Combined TRACON& Tower with Radar,0,5,9,0,14,0,2,25,0,27,0,7,34,0,41,8,2,10,51
08/11/2012,ALO,IA,ACE,CE,Combined TRACON& Tower with Radar,0,2,9,2,13,0,0,23,4,27,0,2,32,6,40,8,0,8,48
08/12/2012,ALO,IA,ACE,CE,Combined TRACON& Tower with Radar,0,3,9,0,12,0,0,1,0,1,0,3,10,0,13,0,0,0,13
08/13/2012,ALO,IA,ACE,CE,Combined TRACON& Tower with Radar,0,3,19,0,22,0,0,8,0,8,0,3,27,0,30,68,0,68,98
08/14/2012,ALO,IA,ACE,CE,Combined TRACON& Tower with Radar,0,4,8,1,13,0,0,4,2,6,0,4,12,3,19,0,0,0,19
08/15/2012,ALO,IA,ACE,CE,Combined TRACON& Tower with Radar,0,6,32,0,38,0,0,27,0,27,0,6,59,0,65,0,0,0,65
08/16/2012,ALO,IA,ACE,CE,Combined TRACON& Tower with Radar,0,9,12,1,22,0,0,13,1,14,0,9,25,2,36,22,0,22,58
08/17/2012,ALO,IA,ACE,CE,Combined TRACON& Tower with Radar,0,5,17,0,22,0,2,26,1,29,0,7,43,1,51,0,0,0,51
08/18/2012,ALO,IA,ACE,CE,Combined TRACON& Tower with Radar,0,2,7,0,9,0,0,13,0,13,0,2,20,0,22,22,0,22,44
08/19/2012,ALO,IA,ACE,CE,Combined TRACON& Tower with Radar,0,3,2,0,5,0,0,11,0,11,0,3,13,0,16,0,0,0,16
08/20/2012,ALO,IA,ACE,CE,Combined TRACON& Tower with Radar,0,3,8,0,11,0,0,15,0,15,0,3,23,0,26,26,0,26,52
08/21/2012,ALO,IA,ACE,CE,Combined TRACON& Tower with Radar,0,7,1,0,8,0,1,11,0,12,0,8,12,0,20,82,0,82,102
08/22/2012,ALO,IA,ACE,CE,Combined TRACON& Tower with Radar,0,5,11,0,16,0,1,18,2,21,0,6,29,2,37,6,0,6,43
08/23/2012,ALO,IA,ACE,CE,Combined TRACON& Tower with Radar,0,5,15,0,20,0,0,24,0,24,0,5,39,0,44,18,0,18,62
08/24/2012,ALO,IA,ACE,CE,Combined TRACON& Tower with Radar,0,9,3,0,12,0,0,18,1,19,0,9,21,1,31,10,2,12,43
08/25/2012,ALO,IA,ACE,CE,Combined TRACON& Tower with Radar,0,2,5,0,7,0,0,6,0,6,0,2,11,0,13,44,0,44,57
08/26/2012,ALO,IA,ACE,CE,Combined TRACON& Tower with Radar,0,3,13,0,16,0,0,6,0,6,0,3,19,0,22,8,2,10,32
08/27/2012,ALO,IA,ACE,CE,Combined TRACON& Tower with Radar,0,12,21,0,33,0,2,22,1,25,0,14,43,1,58,44,0,44,102
08/28/2012,ALO,IA,ACE,CE,Combined TRACON& Tower with Radar,0,9,17,0,26,0,0,18,2,20,0,9,35,2,46,22,4,26,72
08/29/2012,ALO,IA,ACE,CE,Combined TRACON& Tower with Radar,0,9,10,0,19,0,0,13,0,13,0,9,23,0,32,0,0,0,32
08/30/2012,ALO,IA,ACE,CE,Combined TRACON& Tower with Radar,0,5,11,1,17,0,0,13,2,15,0,5,24,3,32,92,0,92,124
08/31/2012,ALO,IA,ACE,CE,Combined TRACON& Tower with Radar,0,9,12,0,21,0,1,21,0,22,0,10,33,0,43,58,0,58,101
09/01/2012,ALO,IA,ACE,CE,Combined TRACON& Tower with Radar,0,2,7,0,9,0,0,18,0,18,0,2,25,0,27,66,0,66,93
09/02/2012,ALO,IA,ACE,CE,Combined TRACON& Tower with Radar,0,3,3,0,6,0,0,12,0,12,0,3,15,0,18,32,0,32,50
09/03/2012,ALO,IA,ACE,CE,Combined TRACON& Tower with Radar,0,3,6,0,9,0,1,5,0,6,0,4,11,0,15,2,0,2,17
09/04/2012,ALO,IA,ACE,CE,Combined TRACON& Tower with Radar,0,6,12,0,18,0,0,20,2,22,0,6,32,2,40,32,4,36,76
09/05/2012,ALO,IA,ACE,CE,Combined TRACON& Tower with Radar,0,5,10,1,16,0,0,16,4,20,0,5,26,5,36,18,0,18,54
09/06/2012,ALO,IA,ACE,CE,Combined TRACON& Tower with Radar,0,9,16,0,25,0,0,26,0,26,0,9,42,0,51,0,0,0,51
09/07/2012,ALO,IA,ACE,CE,Combined TRACON& Tower with Radar,0,7,11,4,22,0,0,6,0,6,0,7,17,4,28,30,0,30,58
09/08/2012,ALO,IA,ACE,CE,Combined TRACON& Tower with Radar,0,2,5,0,7,0,0,20,0,20,0,2,25,0,27,4,0,4,31
09/09/2012,ALO,IA,ACE,CE,Combined TRACON& Tower with Radar,0,3,6,0,9,0,0,33,0,33,0,3,39,0,42,0,0,0,42
09/10/2012,ALO,IA,ACE,CE,Combined TRACON& Tower with Radar,0,5,15,0,20,0,0,17,0,17,0,5,32,0,37,0,0,0,37
09/11/2012,ALO,IA,ACE,CE,Combined TRACON& Tower with Radar,0,5,17,0,22,0,0,17,0,17,0,5,34,0,39,58,0,58,97
09/12/2012,ALO,IA,ACE,CE,Combined TRACON& Tower with Radar,0,5,12,0,17,0,0,13,0,13,0,5,25,0,30,0,0,0,30
09/13/2012,ALO,IA,ACE,CE,Combined TRACON& Tower with Radar,0,5,18,1,24,0,0,12,1,13,0,5,30,2,37,16,0,16,53
09/14/2012,ALO,IA,ACE,CE,Combined TRACON& Tower with Radar,0,5,10,0,15,0,1,21,1,23,0,6,31,1,38,44,0,44,82
09/15/2012,ALO,IA,ACE,CE,Combined TRACON& Tower with Radar,0,2,4,0,6,0,0,20,0,20,0,2,24,0,26,14,0,14,40
09/16/2012,ALO,IA,ACE,CE,Combined TRACON& Tower with Radar,0,4,5,0,9,0,0,20,0,20,0,4,25,0,29,6,0,6,35
09/17/2012,ALO,IA,ACE,CE,Combined TRACON& Tower with Radar,0,5,21,0,26,0,0,8,0,8,0,5,29,0,34,16,0,16,50
09/18/2012,ALO,IA,ACE,CE,Combined TRACON& Tower with Radar,1,5,16,0,22,0,0,27,0,27,1,5,43,0,49,48,0,48,97
09/19/2012,ALO,IA,ACE,CE,Combined TRACON& Tower with Radar,0,9,10,0,19,0,0,19,2,21,0,9,29,2,40,0,0,0,40
09/20/2012,ALO,IA,ACE,CE,Combined TRACON& Tower with Radar,0,5,16,0,21,0,0,31,0,31,0,5,47,0,52,10,0,10,62
09/21/2012,ALO,IA,ACE,CE,Combined TRACON& Tower with Radar,2,5,13,0,20,0,0,20,0,20,2,5,33,0,40,66,0,66,106
09/22/2012,ALO,IA,ACE,CE,Combined TRACON& Tower with Radar,0,2,7,0,9,0,0,7,0,7,0,2,14,0,16,0,0,0,16
09/23/2012,ALO,IA,ACE,CE,Combined TRACON& Tower with Radar,0,5,9,0,14,0,0,134,0,134,0,5,143,0,148,0,0,0,148
09/24/2012,ALO,IA,ACE,CE,Combined TRACON& Tower with Radar,0,5,10,0,15,0,0,12,0,12,0,5,22,0,27,30,0,30,57
09/25/2012,ALO,IA,ACE,CE,Combined TRACON& Tower with Radar,0,7,20,0,27,1,0,22,0,23,1,7,42,0,50,4,0,4,54
09/26/2012,ALO,IA,ACE,CE,Combined TRACON& Tower with Radar,0,4,43,0,47,0,1,42,1,44,0,5,85,1,91,36,0,36,127
09/27/2012,ALO,IA,ACE,CE,Combined TRACON& Tower with Radar,0,5,9,0,14,0,0,9,1,10,0,5,18,1,24,80,0,80,104
09/28/2012,ALO,IA,ACE,CE,Combined TRACON& Tower with Radar,2,6,22,2,32,0,0,33,0,33,2,6,55,2,65,22,0,22,87
09/29/2012,ALO,IA,ACE,CE,Combined TRACON& Tower with Radar,0,4,18,0,22,0,0,40,0,40,0,4,58,0,62,20,0,20,82
09/30/2012,ALO,IA,ACE,CE,Combined TRACON& Tower with Radar,0,4,4,0,8,0,0,30,0,30,0,4,34,0,38,32,0,32,70
10/01/2012,ALO,IA,ACE,CE,Combined TRACON& Tower with Radar,0,2,8,0,10,0,1,26,0,27,0,3,34,0,37,44,0,44,81
10/02/2012,ALO,IA,ACE,CE,Combined TRACON& Tower with Radar,0,4,14,0,18,0,0,17,0,17,0,4,31,0,35,38,0,38,73
10/03/2012,ALO,IA,ACE,CE,Combined TRACON& Tower with Radar,0,4,10,0,14,0,0,23,0,23,0,4,33,0,37,52,0,52,89
10/04/2012,ALO,IA,ACE,CE,Combined TRACON& Tower with Radar,0,3,17,0,20,0,1,16,0,17,0,4,33,0,37,0,0,0,37
10/05/2012,ALO,IA,ACE,CE,Combined TRACON& Tower with Radar,0,5,17,0,22,0,0,17,0,17,0,5,34,0,39,24,0,24,63
10/06/2012,ALO,IA,ACE,CE,Combined TRACON& Tower with Radar,0,2,4,0,6,0,0,7,0,7,0,2,11,0,13,0,0,0,13
10/07/2012,ALO,IA,ACE,CE,Combined TRACON& Tower with Radar,0,3,8,0,11,0,0,26,1,27,0,3,34,1,38,10,0,10,48
10/08/2012,ALO,IA,ACE,CE,Combined TRACON& Tower with Radar,0,3,20,0,23,0,0,12,0,12,0,3,32,0,35,0,0,0,35
10/09/2012,ALO,IA,ACE,CE,Combined TRACON& Tower with Radar,0,5,15,0,20,0,0,11,0,11,0,5,26,0,31,0,0,0,31
10/10/2012,ALO,IA,ACE,CE,Combined TRACON& Tower with Radar,0,5,19,0,24,0,0,15,4,19,0,5,34,4,43,46,0,46,89
10/11/2012,ALO,IA,ACE,CE,Combined TRACON& Tower with Radar,0,3,17,0,20,0,0,15,0,15,0,3,32,0,35,26,0,26,61
10/12/2012,ALO,IA,ACE,CE,Combined TRACON& Tower with Radar,1,5,15,3,24,0,0,17,0,17,1,5,32,3,41,2,0,2,43
10/13/2012,ALO,IA,ACE,CE,Combined TRACON& Tower with Radar,0,3,9,0,12,0,0,0,0,0,0,3,9,0,12,0,0,0,12
10/14/2012,ALO,IA,ACE,CE,Combined TRACON& Tower with Radar,0,5,4,0,9,0,0,0,0,0,0,5,4,0,9,0,0,0,9
10/15/2012,ALO,IA,ACE,CE,Combined TRACON& Tower with Radar,0,5,5,0,10,0,0,25,0,25,0,5,30,0,35,50,0,50,85
10/16/2012,ALO,IA,ACE,CE,Combined TRACON& Tower with Radar,0,3,13,0,16,0,0,33,3,36,0,3,46,3,52,14,10,24,76
10/17/2012,ALO,IA,ACE,CE,Combined TRACON& Tower with Radar,0,5,11,2,18,0,0,10,0,10,0,5,21,2,28,10,0,10,38
10/18/2012,ALO,IA,ACE,CE,Combined TRACON& Tower with Radar,0,7,9,0,16,0,0,8,7,15,0,7,17,7,31,12,16,28,59
10/19/2012,ALO,IA,ACE,CE,Combined TRACON& Tower with Radar,0,4,11,16,31,0,0,3,1,4,0,4,14,17,35,20,2,22,57
10/20/2012,ALO,IA,ACE,CE,Combined TRACON& Tower with Radar,0,2,15,0,17,0,0,8,0,8,0,2,23,0,25,4,0,4,29
10/21/2012,ALO,IA,ACE,CE,Combined TRACON& Tower with Radar,0,3,5,0,8,0,1,24,0,25,0,4,29,0,33,10,0,10,43
10/22/2012,ALO,IA,ACE,CE,Combined TRACON& Tower with Radar,0,5,22,0,27,0,0,7,0,7,0,5,29,0,34,4,0,4,38
10/23/2012,ALO,IA,ACE,CE,Combined TRACON& Tower with Radar,0,5,18,0,23,0,1,2,0,3,0,6,20,0,26,0,0,0,26
10/24/2012,ALO,IA,ACE,CE,Combined TRACON& Tower with Radar,0,5,14,0,19,0,0,9,3,12,0,5,23,3,31,16,6,22,53
10/25/2012,ALO,IA,ACE,CE,Combined TRACON& Tower with Radar,0,5,19,0,24,0,0,0,1,1,0,5,19,1,25,0,0,0,25
10/26/2012,ALO,IA,ACE,CE,Combined TRACON& Tower with Radar,0,9,12,1,22,0,1,18,0,19,0,10,30,1,41,8,0,8,49
10/27/2012,ALO,IA,ACE,CE,Combined TRACON& Tower with Radar,0,2,10,0,12,0,0,26,0,26,0,2,36,0,38,16,0,16,54
10/28/2012,ALO,IA,ACE,CE,Combined TRACON& Tower with Radar,0,3,13,0,16,0,2,22,0,24,0,5,35,0,40,48,0,48,88
10/29/2012,ALO,IA,ACE,CE,Combined TRACON& Tower with Radar,0,5,12,1,18,0,0,35,2,37,0,5,47,3,55,56,0,56,111
10/30/2012,ALO,IA,ACE,CE,Combined TRACON& Tower with Radar,0,6,18,0,24,0,0,29,3,32,0,6,47,3,56,40,0,40,96
10/31/2012,ALO,IA,ACE,CE,Combined TRACON& Tower with Radar,0,9,12,0,21,0,0,35,2,37,0,9,47,2,58,20,0,20,78
11/01/2012,ALO,IA,ACE,CE,Combined TRACON& Tower with Radar,0,5,19,0,24,0,0,15,5,20,0,5,34,5,44,4,0,4,48
11/02/2012,ALO,IA,ACE,CE,Combined TRACON& Tower with Radar,0,12,29,0,41,0,0,25,0,25,0,12,54,0,66,26,0,26,92
11/03/2012,ALO,IA,ACE,CE,Combined TRACON& Tower with Radar,0,4,6,0,10,0,0,19,0,19,0,4,25,0,29,8,4,12,41
11/04/2012,ALO,IA,ACE,CE,Combined TRACON& Tower with Radar,0,5,9,0,14,0,0,14,1,15,0,5,23,1,29,18,0,18,47
11/05/2012,ALO,IA,ACE,CE,Combined TRACON& Tower with Radar,0,5,24,0,29,0,0,5,0,5,0,5,29,0,34,12,0,12,46
11/06/2012,ALO,IA,ACE,CE,Combined TRACON& Tower with Radar,0,5,8,0,13,0,0,0,2,2,0,5,8,2,15,0,0,0,15
11/07/2012,ALO,IA,ACE,CE,Combined TRACON& Tower with Radar,0,7,25,0,32,0,0,13,0,13,0,7,38,0,45,30,0,30,75
11/08/2012,ALO,IA,ACE,CE,Combined TRACON& Tower with Radar,0,5,16,0,21,0,0,27,2,29,0,5,43,2,50,14,12,26,76
11/09/2012,ALO,IA,ACE,CE,Combined TRACON& Tower with Radar,0,6,17,0,23,0,0,17,0,17,0,6,34,0,40,38,0,38,78
11/10/2012,ALO,IA,ACE,CE,Combined TRACON& Tower with Radar,0,3,6,0,9,0,1,12,0,13,0,4,18,0,22,24,0,24,46
11/11/2012,ALO,IA,ACE,CE,Combined TRACON& Tower with Radar,0,3,2,0,5,0,0,1,0,1,0,3,3,0,6,0,0,0,6
11/12/2012,ALO,IA,ACE,CE,Combined TRACON& Tower with Radar,0,6,7,0,13,0,0,8,0,8,0,6,15,0,21,0,0,0,21
11/13/2012,ALO,IA,ACE,CE,Combined TRACON& Tower with Radar,0,6,14,0,20,0,0,25,0,25,0,6,39,0,45,16,4,20,65
11/14/2012,ALO,IA,ACE,CE,Combined TRACON& Tower with Radar,0,7,22,0,29,0,0,28,4,32,0,7,50,4,61,0,0,0,61
11/15/2012,ALO,IA,ACE,CE,Combined TRACON& Tower with Radar,0,11,24,5,40,0,6,27,4,37,0,17,51,9,77,20,0,20,97
11/16/2012,ALO,IA,ACE,CE,Combined TRACON& Tower with Radar,0,7,22,3,32,0,0,21,2,23,0,7,43,5,55,20,0,20,75
11/17/2012,ALO,IA,ACE,CE,Combined TRACON& Tower with Radar,1,2,4,0,7,0,2,24,2,28,1,4,28,2,35,0,0,0,35
11/18/2012,ALO,IA,ACE,CE,Combined TRACON& Tower with Radar,0,3,2,0,5,0,0,16,2,18,0,3,18,2,23,32,0,32,55
11/19/2012,ALO,IA,ACE,CE,Combined TRACON& Tower with Radar,1,3,16,0,20,0,0,5,0,5,1,3,21,0,25,0,0,0,25
11/20/2012,ALO,IA,ACE,CE,Combined TRACON& Tower with Radar,1,4,26,0,31,0,0,22,0,22,1,4,48,0,53,0,6,6,59
11/21/2012,ALO,IA,ACE,CE,Combined TRACON& Tower with Radar,0,6,9,1,16,0,0,17,0,17,0,6,26,1,33,16,0,16,49
11/22/2012,ALO,IA,ACE,CE,Combined TRACON& Tower with Radar,0,2,0,0,2,0,0,6,0,6,0,2,6,0,8,8,0,8,16
11/23/2012,ALO,IA,ACE,CE,Combined TRACON& Tower with Radar,0,6,3,0,9,0,0,0,0,0,0,6,3,0,9,0,0,0,9
11/24/2012,ALO,IA,ACE,CE,Combined TRACON& Tower with Radar,0,2,5,0,7,0,1,19,1,21,0,3,24,1,28,0,0,0,28
11/25/2012,ALO,IA,ACE,CE,Combined TRACON& Tower with Radar,1,3,4,0,8,0,2,8,0,10,1,5,12,0,18,0,0,0,18
11/26/2012,ALO,IA,ACE,CE,Combined TRACON& Tower with Radar,1,5,6,2,14,0,0,12,2,14,1,5,18,4,28,52,0,52,80
11/27/2012,ALO,IA,ACE,CE,Combined TRACON& Tower with Radar,0,3,12,2,17,0,1,11,2,14,0,4,23,4,31,0,2,2,33
11/28/2012,ALO,IA,ACE,CE,Combined TRACON& Tower with Radar,0,5,11,0,16,0,0,27,3,30,0,5,38,3,46,52,2,54,100
11/29/2012,ALO,IA,ACE,CE,Combined TRACON& Tower with Radar,0,5,13,0,18,0,1,17,4,22,0,6,30,4,40,56,0,56,96
11/30/2012,ALO,IA,ACE,CE,Combined TRACON& Tower with Radar,0,7,14,0,21,0,0,11,0,11,0,7,25,0,32,46,0,46,78
12/01/2012,ALO,IA,ACE,CE,Combined TRACON& Tower with Radar,0,2,6,0,8,0,0,0,0,0,0,2,6,0,8,0,0,0,8
12/02/2012,ALO,IA,ACE,CE,Combined TRACON& Tower with Radar,0,6,16,0,22,0,0,11,0,11,0,6,27,0,33,6,0,6,39
12/03/2012,ALO,IA,ACE,CE,Combined TRACON& Tower with Radar,0,5,15,0,20,0,0,2,0,2,0,5,17,0,22,32,0,32,54
12/04/2012,ALO,IA,ACE,CE,Combined TRACON& Tower with Radar,0,3,15,2,20,0,0,27,1,28,0,3,42,3,48,24,0,24,72
12/05/2012,ALO,IA,ACE,CE,Combined TRACON& Tower with Radar,0,3,24,0,27,0,0,19,2,21,0,3,43,2,48,62,0,62,110
12/06/2012,ALO,IA,ACE,CE,Combined TRACON& Tower with Radar,0,5,18,2,25,0,0,11,1,12,0,5,29,3,37,10,0,10,47
12/07/2012,ALO,IA,ACE,CE,Combined TRACON& Tower with Radar,0,4,10,0,14,0,0,23,0,23,0,4,33,0,37,26,0,26,63
12/08/2012,ALO,IA,ACE,CE,Combined TRACON& Tower with Radar,0,5,19,0,24,0,1,22,2,25,0,6,41,2,49,16,4,20,69
12/09/2012,ALO,IA,ACE,CE,Combined TRACON& Tower with Radar,0,3,4,0,7,0,0,0,0,0,0,3,4,0,7,0,0,0,7
12/10/2012,ALO,IA,ACE,CE,Combined TRACON& Tower with Radar,0,5,12,0,17,0,1,5,0,6,0,6,17,0,23,0,0,0,23
12/11/2012,ALO,IA,ACE,CE,Combined TRACON& Tower with Radar,0,3,10,3,16,0,0,9,2,11,0,3,19,5,27,24,6,30,57
12/12/2012,ALO,IA,ACE,CE,Combined TRACON& Tower with Radar,0,4,6,1,11,0,0,27,6,33,0,4,33,7,44,14,0,14,58
12/13/2012,ALO,IA,ACE,CE,Combined TRACON& Tower with Radar,0,5,18,1,24,0,0,24,3,27,0,5,42,4,51,14,0,14,65
12/14/2012,ALO,IA,ACE,CE,Combined TRACON& Tower with Radar,0,5,25,0,30,0,0,34,2,36,0,5,59,2,66,12,0,12,78
12/15/2012,ALO,IA,ACE,CE,Combined TRACON& Tower with Radar,0,2,0,0,2,0,0,0,0,0,0,2,0,0,2,0,0,0,2
12/16/2012,ALO,IA,ACE,CE,Combined TRACON& Tower with Radar,0,3,3,0,6,0,0,0,0,0,0,3,3,0,6,0,0,0,6
12/17/2012,ALO,IA,ACE,CE,Combined TRACON& Tower with Radar,0,4,10,0,14,0,0,0,0,0,0,4,10,0,14,16,4,20,34
12/18/2012,ALO,IA,ACE,CE,Combined TRACON& Tower with Radar,0,5,11,0,16,0,0,0,0,0,0,5,11,0,16,0,0,0,16
12/19/2012,ALO,IA,ACE,CE,Combined TRACON& Tower with Radar,0,4,10,0,14,0,0,1,0,1,0,4,11,0,15,0,0,0,15
12/20/2012,ALO,IA,ACE,CE,Combined TRACON& Tower with Radar,0,0,0,0,0,0,0,0,0,0,0,0,0,0,0,0,0,0,0
12/21/2012,ALO,IA,ACE,CE,Combined TRACON& Tower with Radar,0,5,10,0,15,0,0,2,0,2,0,5,12,0,17,4,0,4,21
12/22/2012,ALO,IA,ACE,CE,Combined TRACON& Tower with Radar,0,3,10,0,13,0,1,14,0,15,0,4,24,0,28,12,0,12,40
12/23/2012,ALO,IA,ACE,CE,Combined TRACON& Tower with Radar,0,5,18,0,23,0,0,1,0,1,0,5,19,0,24,0,0,0,24
12/24/2012,ALO,IA,ACE,CE,Combined TRACON& Tower with Radar,0,3,3,0,6,0,0,0,0,0,0,3,3,0,6,0,0,0,6
12/25/2012,ALO,IA,ACE,CE,Combined TRACON& Tower with Radar,0,3,5,0,8,0,0,1,0,1,0,3,6,0,9,0,0,0,9
12/26/2012,ALO,IA,ACE,CE,Combined TRACON& Tower with Radar,0,3,9,0,12,0,0,6,0,6,0,3,15,0,18,0,0,0,18
12/27/2012,ALO,IA,ACE,CE,Combined TRACON& Tower with Radar,0,3,11,0,14,0,0,8,1,9,0,3,19,1,23,28,0,28,51
12/28/2012,ALO,IA,ACE,CE,Combined TRACON& Tower with Radar,0,4,5,0,9,0,0,0,0,0,0,4,5,0,9,0,0,0,9
12/29/2012,ALO,IA,ACE,CE,Combined TRACON& Tower with Radar,0,4,1,0,5,0,0,3,0,3,0,4,4,0,8,12,0,12,20
12/30/2012,ALO,IA,ACE,CE,Combined TRACON& Tower with Radar,0,3,7,0,10,0,0,7,0,7,0,3,14,0,17,0,0,0,17
12/31/2012,ALO,IA,ACE,CE,Combined TRACON& Tower with Radar,0,3,3,0,6,0,0,7,0,7,0,3,10,0,13,24,0,24,37
01/01/2013,ALO,IA,ACE,CE,Combined TRACON& Tower with Radar,0,6,11,0,17,0,0,16,0,16,0,6,27,0,33,14,0,14,47
01/02/2013,ALO,IA,ACE,CE,Combined TRACON& Tower with Radar,0,4,7,0,11,0,0,6,3,9,0,4,13,3,20,28,0,28,48
01/03/2013,ALO,IA,ACE,CE,Combined TRACON& Tower with Radar,0,4,16,1,21,0,0,9,2,11,0,4,25,3,32,12,8,20,52
01/04/2013,ALO,IA,ACE,CE,Combined TRACON& Tower with Radar,0,3,15,0,18,0,0,20,0,20,0,3,35,0,38,38,4,42,80
01/05/2013,ALO,IA,ACE,CE,Combined TRACON& Tower with Radar,0,2,0,0,2,0,0,5,1,6,0,2,5,1,8,40,0,40,48
01/06/2013,ALO,IA,ACE,CE,Combined TRACON& Tower with Radar,0,3,8,0,11,0,1,8,0,9,0,4,16,0,20,4,0,4,24
01/07/2013,ALO,IA,ACE,CE,Combined TRACON& Tower with Radar,0,4,7,0,11,0,0,9,1,10,0,4,16,1,21,34,0,34,55
01/08/2013,ALO,IA,ACE,CE,Combined TRACON& Tower with Radar,0,4,11,1,16,0,0,15,8,23,0,4,26,9,39,60,0,60,99
01/09/2013,ALO,IA,ACE,CE,Combined TRACON& Tower with Radar,2,3,27,0,32,0,0,28,0,28,2,3,55,0,60,18,0,18,78
01/10/2013,ALO,IA,ACE,CE,Combined TRACON& Tower with Radar,0,5,11,0,16,0,0,6,3,9,0,5,17,3,25,24,0,24,49
01/11/2013,ALO,IA,ACE,CE,Combined TRACON& Tower with Radar,0,4,2,0,6,0,0,0,0,0,0,4,2,0,6,0,0,0,6
01/12/2013,ALO,IA,ACE,CE,Combined TRACON& Tower with Radar,0,2,9,6,17,0,0,7,2,9,0,2,16,8,26,0,0,0,26
01/13/2013,ALO,IA,ACE,CE,Combined TRACON& Tower with Radar,0,3,7,3,13,0,1,9,1,11,0,4,16,4,24,0,10,10,34
01/14/2013,ALO,IA,ACE,CE,Combined TRACON& Tower with Radar,0,3,8,0,11,0,0,22,0,22,0,3,30,0,33,34,0,34,67
01/15/2013,ALO,IA,ACE,CE,Combined TRACON& Tower with Radar,0,3,12,0,15,0,0,13,1,14,0,3,25,1,29,38,0,38,67
01/16/2013,ALO,IA,ACE,CE,Combined TRACON& Tower with Radar,2,3,9,0,14,0,0,3,7,10,2,3,12,7,24,52,0,52,76
01/17/2013,ALO,IA,ACE,CE,Combined TRACON& Tower with Radar,0,4,9,1,14,0,0,18,3,21,0,4,27,4,35,24,4,28,63
01/18/2013,ALO,IA,ACE,CE,Combined TRACON& Tower with Radar,0,5,5,1,11,0,0,5,2,7,0,5,10,3,18,6,0,6,24
01/19/2013,ALO,IA,ACE,CE,Combined TRACON& Tower with Radar,0,2,10,0,12,0,0,16,0,16,0,2,26,0,28,8,0,8,36
01/20/2013,ALO,IA,ACE,CE,Combined TRACON& Tower with Radar,0,3,2,0,5,0,0,0,0,0,0,3,2,0,5,0,0,0,5
01/21/2013,ALO,IA,ACE,CE,Combined TRACON& Tower with Radar,0,4,9,0,13,0,0,1,0,1,0,4,10,0,14,0,0,0,14
01/22/2013,ALO,IA,ACE,CE,Combined TRACON& Tower with Radar,0,3,16,1,20,0,0,4,1,5,0,3,20,2,25,0,0,0,25
01/23/2013,ALO,IA,ACE,CE,Combined TRACON& Tower with Radar,2,3,8,0,13,0,0,3,0,3,2,3,11,0,16,6,2,8,24
01/24/2013,ALO,IA,ACE,CE,Combined TRACON& Tower with Radar,0,10,20,0,30,0,3,12,4,19,0,13,32,4,49,0,4,4,53
01/25/2013,ALO,IA,ACE,CE,Combined TRACON& Tower with Radar,0,5,5,0,10,0,0,2,0,2,0,5,7,0,12,54,4,58,70
01/26/2013,ALO,IA,ACE,CE,Combined TRACON& Tower with Radar,0,2,5,0,7,0,0,14,1,15,0,2,19,1,22,8,0,8,30
01/27/2013,ALO,IA,ACE,CE,Combined TRACON& Tower with Radar,0,1,0,0,1,0,0,0,0,0,0,1,0,0,1,0,0,0,1
01/28/2013,ALO,IA,ACE,CE,Combined TRACON& Tower with Radar,0,2,10,0,12,0,0,0,0,0,0,2,10,0,12,0,0,0,12
01/29/2013,ALO,IA,ACE,CE,Combined TRACON& Tower with Radar,0,9,10,0,19,0,0,0,0,0,0,9,10,0,19,0,0,0,19
01/30/2013,ALO,IA,ACE,CE,Combined TRACON& Tower with Radar,0,7,4,0,11,0,0,0,0,0,0,7,4,0,11,0,0,0,11
01/31/2013,ALO,IA,ACE,CE,Combined TRACON& Tower with Radar,0,3,19,0,22,0,0,0,2,2,0,3,19,2,24,0,0,0,24
02/01/2013,ALO,IA,ACE,CE,Combined TRACON& Tower with Radar,0,5,14,4,23,0,1,6,2,9,0,6,20,6,32,0,0,0,32
02/02/2013,ALO,IA,ACE,CE,Combined TRACON& Tower with Radar,0,6,5,0,11,0,1,4,0,5,0,7,9,0,16,0,0,0,16
02/03/2013,ALO,IA,ACE,CE,Combined TRACON& Tower with Radar,0,3,7,3,13,0,0,8,3,11,0,3,15,6,24,0,50,50,74
02/04/2013,ALO,IA,ACE,CE,Combined TRACON& Tower with Radar,0,4,7,1,12,0,0,8,1,9,0,4,15,2,21,0,0,0,21
02/05/2013,ALO,IA,ACE,CE,Combined TRACON& Tower with Radar,0,3,17,2,22,0,0,3,3,6,0,3,20,5,28,0,0,0,28
02/06/2013,ALO,IA,ACE,CE,Combined TRACON& Tower with Radar,0,3,19,2,24,0,0,10,9,19,0,3,29,11,43,6,10,16,59
02/07/2013,ALO,IA,ACE,CE,Combined TRACON& Tower with Radar,0,3,8,0,11,0,0,0,0,0,0,3,8,0,11,0,0,0,11
02/08/2013,ALO,IA,ACE,CE,Combined TRACON& Tower with Radar,0,3,14,1,18,0,0,5,2,7,0,3,19,3,25,56,0,56,81
02/09/2013,ALO,IA,ACE,CE,Combined TRACON& Tower with Radar,0,2,4,0,6,0,0,0,0,0,0,2,4,0,6,0,0,0,6
02/10/2013,ALO,IA,ACE,CE,Combined TRACON& Tower with Radar,0,4,1,0,5,0,0,0,0,0,0,4,1,0,5,0,0,0,5
02/11/2013,ALO,IA,ACE,CE,Combined TRACON& Tower with Radar,0,7,9,0,16,0,0,5,0,5,0,7,14,0,21,0,0,0,21
02/12/2013,ALO,IA,ACE,CE,Combined TRACON& Tower with Radar,2,5,17,0,24,0,0,7,0,7,2,5,24,0,31,8,0,8,39
02/13/2013,ALO,IA,ACE,CE,Combined TRACON& Tower with Radar,0,3,7,2,12,0,0,23,6,29,0,3,30,8,41,16,4,20,61
02/14/2013,ALO,IA,ACE,CE,Combined TRACON& Tower with Radar,0,5,3,0,8,0,0,0,4,4,0,5,3,4,12,2,64,66,78
02/15/2013,ALO,IA,ACE,CE,Combined TRACON& Tower with Radar,0,4,10,0,14,0,0,9,0,9,0,4,19,0,23,0,0,0,23
02/16/2013,ALO,IA,ACE,CE,Combined TRACON& Tower with Radar,0,3,3,0,6,0,0,3,0,3,0,3,6,0,9,14,0,14,23
02/17/2013,ALO,IA,ACE,CE,Combined TRACON& Tower with Radar,0,3,9,0,12,0,0,12,1,13,0,3,21,1,25,28,0,28,53
02/18/2013,ALO,IA,ACE,CE,Combined TRACON& Tower with Radar,0,5,12,0,17,0,0,3,0,3,0,5,15,0,20,14,0,14,34
02/19/2013,ALO,IA,ACE,CE,Combined TRACON& Tower with Radar,0,3,6,0,9,0,0,2,0,2,0,3,8,0,11,0,0,0,11
02/20/2013,ALO,IA,ACE,CE,Combined TRACON& Tower with Radar,0,4,21,0,25,0,0,24,2,26,0,4,45,2,51,28,40,68,119
02/21/2013,ALO,IA,ACE,CE,Combined TRACON& Tower with Radar,0,4,21,0,25,0,0,5,2,7,0,4,26,2,32,0,0,0,32
02/22/2013,ALO,IA,ACE,CE,Combined TRACON& Tower with Radar,0,1,12,0,13,0,0,0,0,0,0,1,12,0,13,0,0,0,13
02/23/2013,ALO,IA,ACE,CE,Combined TRACON& Tower with Radar,0,6,35,0,41,0,0,35,0,35,0,6,70,0,76,36,0,36,112
02/24/2013,ALO,IA,ACE,CE,Combined TRACON& Tower with Radar,0,3,10,0,13,0,0,14,0,14,0,3,24,0,27,0,0,0,27
02/25/2013,ALO,IA,ACE,CE,Combined TRACON& Tower with Radar,0,4,27,0,31,0,0,5,0,5,0,4,32,0,36,20,0,20,56
02/26/2013,ALO,IA,ACE,CE,Combined TRACON& Tower with Radar,0,4,5,0,9,0,0,1,0,1,0,4,6,0,10,0,0,0,10
02/27/2013,ALO,IA,ACE,CE,Combined TRACON& Tower with Radar,0,2,7,0,9,0,0,0,0,0,0,2,7,0,9,0,0,0,9
02/28/2013,ALO,IA,ACE,CE,Combined TRACON& Tower with Radar,0,4,9,0,13,0,0,12,3,15,0,4,21,3,28,4,6,10,38
03/01/2013,ALO,IA,ACE,CE,Combined TRACON& Tower with Radar,0,3,7,0,10,0,0,8,1,9,0,3,15,1,19,38,6,44,63
03/02/2013,ALO,IA,ACE,CE,Combined TRACON& Tower with Radar,0,3,8,0,11,0,0,42,0,42,0,3,50,0,53,52,0,52,105
03/03/2013,ALO,IA,ACE,CE,Combined TRACON& Tower with Radar,0,3,13,0,16,0,0,24,0,24,0,3,37,0,40,14,0,14,54
03/04/2013,ALO,IA,ACE,CE,Combined TRACON& Tower with Radar,0,5,2,0,7,0,0,0,0,0,0,5,2,0,7,0,0,0,7
03/05/2013,ALO,IA,ACE,CE,Combined TRACON& Tower with Radar,0,3,8,0,11,0,0,1,0,1,0,3,9,0,12,8,0,8,20
03/06/2013,ALO,IA,ACE,CE,Combined TRACON& Tower with Radar,0,3,27,1,31,0,0,9,0,9,0,3,36,1,40,72,4,76,116
03/07/2013,ALO,IA,ACE,CE,Combined TRACON& Tower with Radar,0,3,18,0,21,0,0,12,2,14,0,3,30,2,35,42,2,44,79
03/08/2013,ALO,IA,ACE,CE,Combined TRACON& Tower with Radar,0,3,16,1,20,0,0,29,2,31,0,3,45,3,51,58,2,60,111
03/09/2013,ALO,IA,ACE,CE,Combined TRACON& Tower with Radar,0,2,2,0,4,0,0,0,0,0,0,2,2,0,4,0,0,0,4
03/10/2013,ALO,IA,ACE,CE,Combined TRACON& Tower with Radar,0,2,3,0,5,0,0,0,0,0,0,2,3,0,5,0,0,0,5
03/11/2013,ALO,IA,ACE,CE,Combined TRACON& Tower with Radar,0,2,16,0,18,0,0,1,0,1,0,2,17,0,19,0,0,0,19
03/12/2013,ALO,IA,ACE,CE,Combined TRACON& Tower with Radar,0,3,0,0,3,0,0,2,0,2,0,3,2,0,5,6,0,6,11
03/13/2013,ALO,IA,ACE,CE,Combined TRACON& Tower with Radar,0,7,16,2,25,0,0,19,0,19,0,7,35,2,44,26,0,26,70
03/14/2013,ALO,IA,ACE,CE,Combined TRACON& Tower with Radar,0,3,6,3,12,0,0,16,7,23,0,3,22,10,35,40,6,46,81
03/15/2013,ALO,IA,ACE,CE,Combined TRACON& Tower with Radar,0,4,9,1,14,0,0,6,4,10,0,4,15,5,24,54,6,60,84
03/16/2013,ALO,IA,ACE,CE,Combined TRACON& Tower with Radar,0,2,7,0,9,0,1,4,0,5,0,3,11,0,14,16,0,16,30
03/17/2013,ALO,IA,ACE,CE,Combined TRACON& Tower with Radar,0,3,6,0,9,0,0,13,0,13,0,3,19,0,22,40,0,40,62
03/18/2013,ALO,IA,ACE,CE,Combined TRACON& Tower with Radar,0,2,7,0,9,0,0,2,0,2,0,2,9,0,11,0,0,0,11
03/19/2013,ALO,IA,ACE,CE,Combined TRACON& Tower with Radar,0,6,9,0,15,0,1,7,0,8,0,7,16,0,23,0,0,0,23
03/20/2013,ALO,IA,ACE,CE,Combined TRACON& Tower with Radar,0,3,10,0,13,0,0,2,3,5,0,3,12,3,18,0,0,0,18
03/21/2013,ALO,IA,ACE,CE,Combined TRACON& Tower with Radar,0,2,29,0,31,0,0,40,3,43,0,2,69,3,74,76,2,78,152
03/22/2013,ALO,IA,ACE,CE,Combined TRACON& Tower with Radar,0,6,23,0,29,0,0,28,0,28,0,6,51,0,57,36,0,36,93
03/23/2013,ALO,IA,ACE,CE,Combined TRACON& Tower with Radar,0,2,12,0,14,0,0,27,0,27,0,2,39,0,41,26,0,26,67
03/24/2013,ALO,IA,ACE,CE,Combined TRACON& Tower with Radar,0,4,5,0,9,0,0,1,0,1,0,4,6,0,10,0,0,0,10
03/25/2013,ALO,IA,ACE,CE,Combined TRACON& Tower with Radar,0,4,7,0,11,0,0,3,0,3,0,4,10,0,14,32,0,32,46
03/26/2013,ALO,IA,ACE,CE,Combined TRACON& Tower with Radar,0,3,12,1,16,0,0,29,8,37,0,3,41,9,53,58,0,58,111
03/27/2013,ALO,IA,ACE,CE,Combined TRACON& Tower with Radar,0,5,6,1,12,0,2,29,6,37,0,7,35,7,49,38,14,52,101
03/28/2013,ALO,IA,ACE,CE,Combined TRACON& Tower with Radar,0,7,16,3,26,0,0,34,2,36,0,7,50,5,62,70,2,72,134
03/29/2013,ALO,IA,ACE,CE,Combined TRACON& Tower with Radar,0,4,14,4,22,0,0,27,4,31,0,4,41,8,53,128,4,132,185
03/30/2013,ALO,IA,ACE,CE,Combined TRACON& Tower with Radar,0,2,7,0,9,0,0,3,0,3,0,2,10,0,12,0,0,0,12
03/31/2013,ALO,IA,ACE,CE,Combined TRACON& Tower with Radar,0,5,6,0,11,0,0,2,0,2,0,5,8,0,13,6,0,6,19
04/01/2013,ALO,IA,ACE,CE,Combined TRACON& Tower with Radar,0,3,11,0,14,0,0,9,6,15,0,3,20,6,29,62,20,82,111
04/02/2013,ALO,IA,ACE,CE,Combined TRACON& Tower with Radar,0,3,15,4,22,0,0,18,11,29,0,3,33,15,51,54,3,57,108
04/03/2013,ALO,IA,ACE,CE,Combined TRACON& Tower with Radar,0,3,17,1,21,0,4,23,5,32,0,7,40,6,53,48,8,56,109
04/04/2013,ALO,IA,ACE,CE,Combined TRACON& Tower with Radar,0,6,20,3,29,0,0,28,3,31,0,6,48,6,60,44,0,44,104
04/05/2013,ALO,IA,ACE,CE,Combined TRACON& Tower with Radar,0,5,9,1,15,0,0,18,0,18,0,5,27,1,33,28,0,28,61
04/06/2013,ALO,IA,ACE,CE,Combined TRACON& Tower with Radar,0,2,7,0,9,0,0,5,0,5,0,2,12,0,14,0,0,0,14
04/07/2013,ALO,IA,ACE,CE,Combined TRACON& Tower with Radar,0,3,7,1,11,0,0,16,0,16,0,3,23,1,27,0,0,0,27
04/08/2013,ALO,IA,ACE,CE,Combined TRACON& Tower with Radar,0,3,12,9,24,0,0,16,0,16,0,3,28,9,40,0,0,0,40
04/09/2013,ALO,IA,ACE,CE,Combined TRACON& Tower with Radar,0,6,11,0,17,0,0,6,0,6,0,6,17,0,23,38,0,38,61
04/10/2013,ALO,IA,ACE,CE,Combined TRACON& Tower with Radar,0,1,7,0,8,0,0,0,0,0,0,1,7,0,8,0,0,0,8
04/11/2013,ALO,IA,ACE,CE,Combined TRACON& Tower with Radar,0,3,18,0,21,0,0,0,0,0,0,3,18,0,21,0,0,0,21
04/12/2013,ALO,IA,ACE,CE,Combined TRACON& Tower with Radar,0,3,26,2,31,0,0,0,1,1,0,3,26,3,32,0,0,0,32
04/13/2013,ALO,IA,ACE,CE,Combined TRACON& Tower with Radar,0,4,17,0,21,0,0,21,3,24,0,4,38,3,45,44,0,44,89
04/14/2013,ALO,IA,ACE,CE,Combined TRACON& Tower with Radar,0,3,12,0,15,0,0,4,0,4,0,3,16,0,19,10,0,10,29
04/15/2013,ALO,IA,ACE,CE,Combined TRACON& Tower with Radar,1,3,6,0,10,0,0,16,0,16,1,3,22,0,26,24,0,24,50
04/16/2013,ALO,IA,ACE,CE,Combined TRACON& Tower with Radar,1,2,14,9,26,0,0,37,2,39,1,2,51,11,65,30,12,42,107
04/17/2013,ALO,IA,ACE,CE,Combined TRACON& Tower with Radar,0,1,10,0,11,0,0,1,0,1,0,1,11,0,12,0,0,0,12
04/18/2013,ALO,IA,ACE,CE,Combined TRACON& Tower with Radar,0,3,0,0,3,0,0,0,0,0,0,3,0,0,3,0,0,0,3
04/19/2013,ALO,IA,ACE,CE,Combined TRACON& Tower with Radar,0,1,3,0,4,0,0,3,0,3,0,1,6,0,7,6,0,6,13
04/20/2013,ALO,IA,ACE,CE,Combined TRACON& Tower with Radar,0,2,22,0,24,0,0,42,0,42,0,2,64,0,66,32,0,32,98
04/21/2013,ALO,IA,ACE,CE,Combined TRACON& Tower with Radar,0,3,4,0,7,0,0,4,0,4,0,3,8,0,11,16,0,16,27
04/22/2013,ALO,IA,ACE,CE,Combined TRACON& Tower with Radar,0,3,13,0,16,0,0,17,0,17,0,3,30,0,33,0,0,0,33
04/23/2013,ALO,IA,ACE,CE,Combined TRACON& Tower with Radar,0,6,19,0,25,0,0,6,0,6,0,6,25,0,31,0,0,0,31
04/24/2013,ALO,IA,ACE,CE,Combined TRACON& Tower with Radar,0,3,16,0,19,0,0,33,0,33,0,3,49,0,52,14,0,14,66
04/25/2013,ALO,IA,ACE,CE,Combined TRACON& Tower with Radar,0,3,11,0,14,0,0,48,3,51,0,3,59,3,65,48,0,48,113
04/26/2013,ALO,IA,ACE,CE,Combined TRACON& Tower with Radar,0,4,22,0,26,0,0,41,1,42,0,4,63,1,68,122,0,122,190
04/27/2013,ALO,IA,ACE,CE,Combined TRACON& Tower with Radar,0,3,12,0,15,0,0,61,0,61,0,3,73,0,76,172,2,174,250
04/28/2013,ALO,IA,ACE,CE,Combined TRACON& Tower with Radar,0,3,7,0,10,0,1,42,0,43,0,4,49,0,53,114,0,114,167
04/29/2013,ALO,IA,ACE,CE,Combined TRACON& Tower with Radar,0,3,22,5,30,0,0,35,1,36,0,3,57,6,66,20,0,20,86
04/30/2013,ALO,IA,ACE,CE,Combined TRACON& Tower with Radar,0,3,11,2,16,0,0,20,1,21,0,3,31,3,37,32,0,32,69
05/01/2013,ALO,IA,ACE,CE,Combined TRACON& Tower with Radar,0,3,24,5,32,0,0,9,5,14,0,3,33,10,46,6,6,12,58
05/02/2013,ALO,IA,ACE,CE,Combined TRACON& Tower with Radar,0,2,8,0,10,0,0,0,0,0,0,2,8,0,10,0,0,0,10
05/03/2013,ALO,IA,ACE,CE,Combined TRACON& Tower with Radar,0,3,8,0,11,0,0,0,0,0,0,3,8,0,11,0,0,0,11
05/04/2013,ALO,IA,ACE,CE,Combined TRACON& Tower with Radar,0,3,11,1,15,0,0,0,3,3,0,3,11,4,18,18,0,18,36
05/05/2013,ALO,IA,ACE,CE,Combined TRACON& Tower with Radar,0,3,9,7,19,0,0,5,0,5,0,3,14,7,24,6,2,8,32
05/06/2013,ALO,IA,ACE,CE,Combined TRACON& Tower with Radar,0,3,18,3,24,0,0,28,2,30,0,3,46,5,54,30,0,30,84
05/07/2013,ALO,IA,ACE,CE,Combined TRACON& Tower with Radar,0,3,16,2,21,0,1,38,8,47,0,4,54,10,68,58,0,58,126
05/08/2013,ALO,IA,ACE,CE,Combined TRACON& Tower with Radar,0,3,17,6,26,0,0,21,14,35,0,3,38,20,61,70,18,88,149
05/09/2013,ALO,IA,ACE,CE,Combined TRACON& Tower with Radar,0,5,15,5,25,0,0,1,1,2,0,5,16,6,27,0,32,32,59
05/10/2013,ALO,IA,ACE,CE,Combined TRACON& Tower with Radar,0,3,22,2,27,0,0,17,2,19,0,3,39,4,46,54,2,56,102
05/11/2013,ALO,IA,ACE,CE,Combined TRACON& Tower with Radar,0,2,5,0,7,0,0,13,0,13,0,2,18,0,20,0,0,0,20
05/12/2013,ALO,IA,ACE,CE,Combined TRACON& Tower with Radar,0,3,8,0,11,0,1,26,0,27,0,4,34,0,38,28,0,28,66
05/13/2013,ALO,IA,ACE,CE,Combined TRACON& Tower with Radar,0,7,16,3,26,0,0,34,4,38,0,7,50,7,64,30,2,32,96
05/14/2013,ALO,IA,ACE,CE,Combined TRACON& Tower with Radar,0,4,12,1,17,0,0,34,6,40,0,4,46,7,57,12,6,18,75
05/15/2013,ALO,IA,ACE,CE,Combined TRACON& Tower with Radar,0,7,13,1,21,0,0,21,3,24,0,7,34,4,45,20,0,20,65
05/16/2013,ALO,IA,ACE,CE,Combined TRACON& Tower with Radar,0,5,13,1,19,0,0,18,4,22,0,5,31,5,41,30,8,38,79
05/17/2013,ALO,IA,ACE,CE,Combined TRACON& Tower with Radar,0,3,11,0,14,0,0,13,4,17,0,3,24,4,31,64,32,96,127
05/18/2013,ALO,IA,ACE,CE,Combined TRACON& Tower with Radar,0,3,14,0,17,0,0,22,2,24,0,3,36,2,41,156,0,156,197
05/19/2013,ALO,IA,ACE,CE,Combined TRACON& Tower with Radar,0,3,5,0,8,0,0,1,2,3,0,3,6,2,11,54,0,54,65
05/20/2013,ALO,IA,ACE,CE,Combined TRACON& Tower with Radar,0,4,5,1,10,0,0,16,2,18,0,4,21,3,28,44,0,44,72
05/21/2013,ALO,IA,ACE,CE,Combined TRACON& Tower with Radar,0,6,21,5,32,0,0,13,4,17,0,6,34,9,49,40,4,44,93
05/22/2013,ALO,IA,ACE,CE,Combined TRACON& Tower with Radar,0,4,11,1,16,0,0,7,4,11,0,4,18,5,27,32,14,46,73
05/23/2013,ALO,IA,ACE,CE,Combined TRACON& Tower with Radar,0,3,22,3,28,0,1,18,4,23,0,4,40,7,51,20,6,26,77
05/24/2013,ALO,IA,ACE,CE,Combined TRACON& Tower with Radar,0,3,14,1,18,0,1,47,4,52,0,4,61,5,70,36,0,36,106
05/25/2013,ALO,IA,ACE,CE,Combined TRACON& Tower with Radar,0,2,4,0,6,0,0,0,0,0,0,2,4,0,6,0,0,0,6
05/26/2013,ALO,IA,ACE,CE,Combined TRACON& Tower with Radar,0,3,1,0,4,0,0,0,0,0,0,3,1,0,4,0,0,0,4
05/27/2013,ALO,IA,ACE,CE,Combined TRACON& Tower with Radar,0,3,7,0,10,0,0,0,0,0,0,3,7,0,10,0,0,0,10
05/28/2013,ALO,IA,ACE,CE,Combined TRACON& Tower with Radar,0,3,14,1,18,0,2,6,1,9,0,5,20,2,27,0,0,0,27
05/29/2013,ALO,IA,ACE,CE,Combined TRACON& Tower with Radar,0,4,17,0,21,0,0,5,2,7,0,4,22,2,28,0,0,0,28
05/30/2013,ALO,IA,ACE,CE,Combined TRACON& Tower with Radar,0,2,12,0,14,0,0,2,1,3,0,2,14,1,17,0,2,2,19
05/31/2013,ALO,IA,ACE,CE,Combined TRACON& Tower with Radar,0,4,15,3,22,0,0,6,1,7,0,4,21,4,29,0,0,0,29
06/01/2013,ALO,IA,ACE,CE,Combined TRACON& Tower with Radar,0,2,9,0,11,0,0,6,4,10,0,2,15,4,21,6,0,6,27
06/02/2013,ALO,IA,ACE,CE,Combined TRACON& Tower with Radar,0,3,8,0,11,0,0,17,0,17,0,3,25,0,28,28,0,28,56
06/03/2013,ALO,IA,ACE,CE,Combined TRACON& Tower with Radar,0,3,23,0,26,0,2,40,0,42,0,5,63,0,68,38,0,38,106
06/04/2013,ALO,IA,ACE,CE,Combined TRACON& Tower with Radar,0,3,6,0,9,0,0,2,0,2,0,3,8,0,11,0,0,0,11
06/05/2013,ALO,IA,ACE,CE,Combined TRACON& Tower with Radar,0,5,13,1,19,0,0,0,4,4,0,5,13,5,23,0,2,2,25
06/06/2013,ALO,IA,ACE,CE,Combined TRACON& Tower with Radar,0,5,17,0,22,0,0,10,0,10,0,5,27,0,32,48,0,48,80
06/07/2013,ALO,IA,ACE,CE,Combined TRACON& Tower with Radar,0,6,22,1,29,0,0,14,2,16,0,6,36,3,45,58,6,64,109
06/08/2013,ALO,IA,ACE,CE,Combined TRACON& Tower with Radar,0,2,5,0,7,0,0,19,0,19,0,2,24,0,26,36,4,40,66
06/09/2013,ALO,IA,ACE,CE,Combined TRACON& Tower with Radar,0,3,8,0,11,0,0,3,0,3,0,3,11,0,14,0,0,0,14
06/10/2013,ALO,IA,ACE,CE,Combined TRACON& Tower with Radar,0,3,17,2,22,0,0,9,1,10,0,3,26,3,32,48,0,48,80
06/11/2013,ALO,IA,ACE,CE,Combined TRACON& Tower with Radar,0,3,8,0,11,0,0,18,1,19,0,3,26,1,30,44,0,44,74
06/12/2013,ALO,IA,ACE,CE,Combined TRACON& Tower with Radar,0,2,13,0,15,0,0,3,1,4,0,2,16,1,19,0,0,0,19
06/13/2013,ALO,IA,ACE,CE,Combined TRACON& Tower with Radar,0,5,22,3,30,0,0,25,8,33,0,5,47,11,63,42,4,46,109
06/14/2013,ALO,IA,ACE,CE,Combined TRACON& Tower with Radar,0,3,13,0,16,0,0,10,2,12,0,3,23,2,28,42,0,42,70
06/15/2013,ALO,IA,ACE,CE,Combined TRACON& Tower with Radar,0,2,3,0,5,0,1,13,0,14,0,3,16,0,19,4,0,4,23
06/16/2013,ALO,IA,ACE,CE,Combined TRACON& Tower with Radar,0,5,10,0,15,0,0,28,1,29,0,5,38,1,44,54,4,58,102
06/17/2013,ALO,IA,ACE,CE,Combined TRACON& Tower with Radar,0,3,8,0,11,0,0,18,0,18,0,3,26,0,29,0,0,0,29
06/18/2013,ALO,IA,ACE,CE,Combined TRACON& Tower with Radar,3,3,11,0,17,0,1,41,6,48,3,4,52,6,65,82,4,86,151
06/19/2013,ALO,IA,ACE,CE,Combined TRACON& Tower with Radar,0,3,8,2,13,0,0,18,11,29,0,3,26,13,42,12,0,12,54
06/20/2013,ALO,IA,ACE,CE,Combined TRACON& Tower with Radar,0,8,21,4,33,0,0,12,10,22,0,8,33,14,55,14,6,20,75
06/21/2013,ALO,IA,ACE,CE,Combined TRACON& Tower with Radar,0,5,13,0,18,0,0,8,0,8,0,5,21,0,26,40,0,40,66
06/22/2013,ALO,IA,ACE,CE,Combined TRACON& Tower with Radar,0,2,3,0,5,0,0,3,0,3,0,2,6,0,8,20,0,20,28
06/23/2013,ALO,IA,ACE,CE,Combined TRACON& Tower with Radar,0,3,6,0,9,0,0,5,0,5,0,3,11,0,14,4,0,4,18
06/24/2013,ALO,IA,ACE,CE,Combined TRACON& Tower with Radar,0,1,7,0,8,0,0,1,0,1,0,1,8,0,9,0,0,0,9
06/25/2013,ALO,IA,ACE,CE,Combined TRACON& Tower with Radar,0,3,19,2,24,0,0,13,1,14,0,3,32,3,38,38,0,38,76
06/26/2013,ALO,IA,ACE,CE,Combined TRACON& Tower with Radar,0,4,19,0,23,0,0,13,2,15,0,4,32,2,38,8,0,8,46
06/27/2013,ALO,IA,ACE,CE,Combined TRACON& Tower with Radar,0,4,14,2,20,0,0,20,6,26,0,4,34,8,46,36,6,42,88
06/28/2013,ALO,IA,ACE,CE,Combined TRACON& Tower with Radar,0,4,11,1,16,0,4,14,4,22,0,8,25,5,38,2,24,26,64
06/29/2013,ALO,IA,ACE,CE,Combined TRACON& Tower with Radar,0,3,8,0,11,0,0,4,0,4,0,3,12,0,15,0,0,0,15
06/30/2013,ALO,IA,ACE,CE,Combined TRACON& Tower with Radar,0,3,5,0,8,0,0,40,0,40,0,3,45,0,48,102,0,102,150
07/01/2013,ALO,IA,ACE,CE,Combined TRACON& Tower with Radar,0,3,13,2,18,0,0,36,0,36,0,3,49,2,54,50,0,50,104
07/02/2013,ALO,IA,ACE,CE,Combined TRACON& Tower with Radar,0,3,7,4,14,0,0,35,0,35,0,3,42,4,49,26,0,26,75
07/03/2013,ALO,IA,ACE,CE,Combined TRACON& Tower with Radar,0,7,15,0,22,0,0,20,4,24,0,7,35,4,46,50,12,62,108
07/04/2013,ALO,IA,ACE,CE,Combined TRACON& Tower with Radar,0,3,5,0,8,0,0,25,0,25,0,3,30,0,33,22,0,22,55
07/05/2013,ALO,IA,ACE,CE,Combined TRACON& Tower with Radar,0,3,8,0,11,0,0,20,0,20,0,3,28,0,31,42,0,42,73
07/06/2013,ALO,IA,ACE,CE,Combined TRACON& Tower with Radar,0,3,3,0,6,0,0,12,0,12,0,3,15,0,18,62,0,62,80
07/07/2013,ALO,IA,ACE,CE,Combined TRACON& Tower with Radar,0,3,6,0,9,0,1,19,0,20,0,4,25,0,29,0,0,0,29
07/08/2013,ALO,IA,ACE,CE,Combined TRACON& Tower with Radar,0,3,15,0,18,0,0,9,0,9,0,3,24,0,27,38,0,38,65
07/09/2013,ALO,IA,ACE,CE,Combined TRACON& Tower with Radar,0,5,5,0,10,0,0,7,0,7,0,5,12,0,17,4,0,4,21
07/10/2013,ALO,IA,ACE,CE,Combined TRACON& Tower with Radar,0,3,14,11,28,0,0,32,1,33,0,3,46,12,61,94,0,94,155
07/11/2013,ALO,IA,ACE,CE,Combined TRACON& Tower with Radar,0,5,18,7,30,0,2,29,5,36,0,7,47,12,66,60,0,60,126
07/12/2013,ALO,IA,ACE,CE,Combined TRACON& Tower with Radar,0,3,21,0,24,0,0,40,0,40,0,3,61,0,64,34,0,34,98
07/13/2013,ALO,IA,ACE,CE,Combined TRACON& Tower with Radar,0,2,4,0,6,0,0,21,0,21,0,2,25,0,27,10,0,10,37
07/14/2013,ALO,IA,ACE,CE,Combined TRACON& Tower with Radar,0,3,16,0,19,0,0,33,0,33,0,3,49,0,52,24,0,24,76
07/15/2013,ALO,IA,ACE,CE,Combined TRACON& Tower with Radar,0,7,17,0,24,0,0,10,0,10,0,7,27,0,34,50,0,50,84
07/16/2013,ALO,IA,ACE,CE,Combined TRACON& Tower with Radar,0,3,27,0,30,0,0,21,7,28,0,3,48,7,58,18,0,18,76
07/17/2013,ALO,IA,ACE,CE,Combined TRACON& Tower with Radar,0,3,32,1,36,0,0,24,0,24,0,3,56,1,60,10,0,10,70
07/18/2013,ALO,IA,ACE,CE,Combined TRACON& Tower with Radar,0,3,18,2,23,0,0,33,1,34,0,3,51,3,57,20,0,20,77
07/19/2013,ALO,IA,ACE,CE,Combined TRACON& Tower with Radar,0,3,28,0,31,0,0,21,0,21,0,3,49,0,52,30,0,30,82
07/20/2013,ALO,IA,ACE,CE,Combined TRACON& Tower with Radar,0,1,14,0,15,0,0,27,0,27,0,1,41,0,42,50,0,50,92
07/21/2013,ALO,IA,ACE,CE,Combined TRACON& Tower with Radar,0,3,8,0,11,0,0,23,0,23,0,3,31,0,34,24,0,24,58
07/22/2013,ALO,IA,ACE,CE,Combined TRACON& Tower with Radar,0,3,26,0,29,0,0,15,0,15,0,3,41,0,44,8,0,8,52
07/23/2013,ALO,IA,ACE,CE,Combined TRACON& Tower with Radar,0,3,14,4,21,0,0,32,3,35,0,3,46,7,56,18,36,54,110
07/24/2013,ALO,IA,ACE,CE,Combined TRACON& Tower with Radar,0,3,20,2,25,0,0,34,7,41,0,3,54,9,66,210,0,210,276
07/25/2013,ALO,IA,ACE,CE,Combined TRACON& Tower with Radar,0,3,25,0,28,0,0,30,1,31,0,3,55,1,59,104,0,104,163
07/26/2013,ALO,IA,ACE,CE,Combined TRACON& Tower with Radar,0,3,37,2,42,0,0,20,0,20,0,3,57,2,62,20,0,20,82
07/27/2013,ALO,IA,ACE,CE,Combined TRACON& Tower with Radar,0,3,4,0,7,0,0,15,0,15,0,3,19,0,22,10,0,10,32
07/28/2013,ALO,IA,ACE,CE,Combined TRACON& Tower with Radar,0,3,7,0,10,0,0,23,0,23,0,3,30,0,33,34,0,34,67
07/29/2013,ALO,IA,ACE,CE,Combined TRACON& Tower with Radar,0,4,12,0,16,0,0,30,2,32,0,4,42,2,48,14,0,14,62
07/30/2013,ALO,IA,ACE,CE,Combined TRACON& Tower with Radar,0,3,10,1,14,0,0,4,0,4,0,3,14,1,18,0,0,0,18
07/31/2013,ALO,IA,ACE,CE,Combined TRACON& Tower with Radar,0,5,16,2,23,0,1,10,5,16,0,6,26,7,39,70,0,70,109
08/01/2013,ALO,IA,ACE,CE,Combined TRACON& Tower with Radar,0,3,14,0,17,0,0,36,0,36,0,3,50,0,53,44,0,44,97
08/02/2013,ALO,IA,ACE,CE,Combined TRACON& Tower with Radar,0,3,14,0,17,0,0,20,0,20,0,3,34,0,37,74,0,74,111
08/03/2013,ALO,IA,ACE,CE,Combined TRACON& Tower with Radar,0,2,3,0,5,0,2,17,3,22,0,4,20,3,27,44,0,44,71
08/04/2013,ALO,IA,ACE,CE,Combined TRACON& Tower with Radar,0,3,5,2,10,0,2,33,0,35,0,5,38,2,45,52,2,54,99
08/05/2013,ALO,IA,ACE,CE,Combined TRACON& Tower with Radar,0,3,3,0,6,0,0,6,0,6,0,3,9,0,12,8,0,8,20
08/06/2013,ALO,IA,ACE,CE,Combined TRACON& Tower with Radar,0,3,9,0,12,0,0,4,5,9,0,3,13,5,21,38,0,38,59
08/07/2013,ALO,IA,ACE,CE,Combined TRACON& Tower with Radar,0,3,11,2,16,0,0,24,8,32,0,3,35,10,48,24,2,26,74
08/08/2013,ALO,IA,ACE,CE,Combined TRACON& Tower with Radar,0,3,6,0,9,0,0,25,3,28,0,3,31,3,37,6,0,6,43
08/09/2013,ALO,IA,ACE,CE,Combined TRACON& Tower with Radar,0,3,6,0,9,0,0,27,6,33,0,3,33,6,42,28,0,28,70
08/10/2013,ALO,IA,ACE,CE,Combined TRACON& Tower with Radar,0,6,5,0,11,0,0,16,0,16,0,6,21,0,27,8,0,8,35
08/11/2013,ALO,IA,ACE,CE,Combined TRACON& Tower with Radar,0,3,7,0,10,0,0,15,0,15,0,3,22,0,25,0,0,0,25
08/12/2013,ALO,IA,ACE,CE,Combined TRACON& Tower with Radar,0,7,14,0,21,0,0,8,1,9,0,7,22,1,30,18,0,18,48
08/13/2013,ALO,IA,ACE,CE,Combined TRACON& Tower with Radar,0,5,16,0,21,0,0,16,2,18,0,5,32,2,39,8,0,8,47
08/14/2013,ALO,IA,ACE,CE,Combined TRACON& Tower with Radar,0,7,27,2,36,0,0,24,2,26,0,7,51,4,62,46,0,46,108
08/15/2013,ALO,IA,ACE,CE,Combined TRACON& Tower with Radar,0,5,19,0,24,0,0,27,5,32,0,5,46,5,56,72,0,72,128
08/16/2013,ALO,IA,ACE,CE,Combined TRACON& Tower with Radar,0,5,29,0,34,0,0,35,1,36,0,5,64,1,70,40,0,40,110
08/17/2013,ALO,IA,ACE,CE,Combined TRACON& Tower with Radar,0,4,17,0,21,0,0,27,2,29,0,4,44,2,50,8,0,8,58
08/18/2013,ALO,IA,ACE,CE,Combined TRACON& Tower with Radar,0,3,15,0,18,0,2,25,1,28,0,5,40,1,46,28,0,28,74
08/19/2013,ALO,IA,ACE,CE,Combined TRACON& Tower with Radar,0,5,15,0,20,0,0,14,0,14,0,5,29,0,34,0,0,0,34
08/20/2013,ALO,IA,ACE,CE,Combined TRACON& Tower with Radar,0,5,13,0,18,0,0,13,4,17,0,5,26,4,35,14,0,14,49
08/21/2013,ALO,IA,ACE,CE,Combined TRACON& Tower with Radar,0,7,17,1,25,0,0,5,4,9,0,7,22,5,34,34,0,34,68
08/22/2013,ALO,IA,ACE,CE,Combined TRACON& Tower with Radar,0,3,14,4,21,0,0,19,4,23,0,3,33,8,44,54,2,56,100
08/23/2013,ALO,IA,ACE,CE,Combined TRACON& Tower with Radar,0,5,21,0,26,0,0,8,0,8,0,5,29,0,34,0,0,0,34
08/24/2013,ALO,IA,ACE,CE,Combined TRACON& Tower with Radar,0,2,9,0,11,0,0,11,0,11,0,2,20,0,22,10,0,10,32
08/25/2013,ALO,IA,ACE,CE,Combined TRACON& Tower with Radar,0,5,4,0,9,0,0,18,0,18,0,5,22,0,27,2,0,2,29
08/26/2013,ALO,IA,ACE,CE,Combined TRACON& Tower with Radar,0,3,10,0,13,0,0,30,0,30,0,3,40,0,43,18,6,24,67
08/27/2013,ALO,IA,ACE,CE,Combined TRACON& Tower with Radar,0,3,16,1,20,0,0,13,3,16,0,3,29,4,36,44,8,52,88
08/28/2013,ALO,IA,ACE,CE,Combined TRACON& Tower with Radar,0,3,7,3,13,0,0,10,4,14,0,3,17,7,27,56,0,56,83
08/29/2013,ALO,IA,ACE,CE,Combined TRACON& Tower with Radar,0,3,9,4,16,0,0,10,4,14,0,3,19,8,30,48,14,62,92
08/30/2013,ALO,IA,ACE,CE,Combined TRACON& Tower with Radar,0,4,18,0,22,0,0,11,0,11,0,4,29,0,33,32,0,32,65
08/31/2013,ALO,IA,ACE,CE,Combined TRACON& Tower with Radar,0,1,4,0,5,0,0,4,0,4,0,1,8,0,9,0,0,0,9
09/01/2013,ALO,IA,ACE,CE,Combined TRACON& Tower with Radar,0,3,5,0,8,0,0,3,0,3,0,3,8,0,11,0,0,0,11
09/02/2013,ALO,IA,ACE,CE,Combined TRACON& Tower with Radar,0,3,4,0,7,0,0,20,0,20,0,3,24,0,27,32,0,32,59
09/03/2013,ALO,IA,ACE,CE,Combined TRACON& Tower with Radar,0,3,7,2,12,0,0,12,3,15,0,3,19,5,27,0,26,26,53
09/04/2013,ALO,IA,ACE,CE,Combined TRACON& Tower with Radar,0,3,11,2,16,0,0,16,1,17,0,3,27,3,33,34,8,42,75
09/05/2013,ALO,IA,ACE,CE,Combined TRACON& Tower with Radar,0,4,19,5,28,0,0,20,5,25,0,4,39,10,53,0,10,10,63
09/06/2013,ALO,IA,ACE,CE,Combined TRACON& Tower with Radar,0,3,8,1,12,0,0,24,4,28,0,3,32,5,40,26,6,32,72
09/07/2013,ALO,IA,ACE,CE,Combined TRACON& Tower with Radar,0,2,4,0,6,0,0,17,1,18,0,2,21,1,24,20,0,20,44
09/08/2013,ALO,IA,ACE,CE,Combined TRACON& Tower with Radar,0,3,16,0,19,0,0,2,0,2,0,3,18,0,21,0,0,0,21
09/09/2013,ALO,IA,ACE,CE,Combined TRACON& Tower with Radar,0,3,14,4,21,0,0,5,0,5,0,3,19,4,26,6,0,6,32
09/10/2013,ALO,IA,ACE,CE,Combined TRACON& Tower with Radar,0,3,10,0,13,0,0,8,0,8,0,3,18,0,21,2,0,2,23
09/11/2013,ALO,IA,ACE,CE,Combined TRACON& Tower with Radar,0,5,9,1,15,0,0,15,3,18,0,5,24,4,33,38,0,38,71
09/12/2013,ALO,IA,ACE,CE,Combined TRACON& Tower with Radar,0,3,13,0,16,0,0,25,3,28,0,3,38,3,44,10,0,10,54
09/13/2013,ALO,IA,ACE,CE,Combined TRACON& Tower with Radar,0,5,8,1,14,0,0,31,0,31,0,5,39,1,45,48,0,48,93
09/14/2013,ALO,IA,ACE,CE,Combined TRACON& Tower with Radar,0,2,10,0,12,0,0,28,0,28,0,2,38,0,40,0,0,0,40
09/15/2013,ALO,IA,ACE,CE,Combined TRACON& Tower with Radar,0,3,3,0,6,0,0,0,0,0,0,3,3,0,6,0,8,8,14
09/16/2013,ALO,IA,ACE,CE,Combined TRACON& Tower with Radar,0,5,10,0,15,0,0,5,0,5,0,5,15,0,20,8,0,8,28
09/17/2013,ALO,IA,ACE,CE,Combined TRACON& Tower with Radar,3,4,23,1,31,0,0,4,2,6,3,4,27,3,37,12,4,16,53
09/18/2013,ALO,IA,ACE,CE,Combined TRACON& Tower with Radar,0,5,19,0,24,0,0,9,0,9,0,5,28,0,33,30,0,30,63
09/19/2013,ALO,IA,ACE,CE,Combined TRACON& Tower with Radar,0,1,10,0,11,0,0,8,0,8,0,1,18,0,19,20,0,20,39
09/20/2013,ALO,IA,ACE,CE,Combined TRACON& Tower with Radar,2,3,9,0,14,0,0,10,0,10,2,3,19,0,24,30,0,30,54
09/21/2013,ALO,IA,ACE,CE,Combined TRACON& Tower with Radar,0,3,7,0,10,0,0,126,0,126,0,3,133,0,136,149,6,155,291
09/22/2013,ALO,IA,ACE,CE,Combined TRACON& Tower with Radar,0,8,6,0,14,0,0,25,0,25,0,8,31,0,39,36,0,36,75
09/23/2013,ALO,IA,ACE,CE,Combined TRACON& Tower with Radar,0,3,7,0,10,0,0,6,3,9,0,3,13,3,19,20,0,20,39
09/24/2013,ALO,IA,ACE,CE,Combined TRACON& Tower with Radar,0,3,10,2,15,0,0,14,0,14,0,3,24,2,29,26,0,26,55
09/25/2013,ALO,IA,ACE,CE,Combined TRACON& Tower with Radar,0,3,18,0,21,0,0,16,0,16,0,3,34,0,37,30,0,30,67
09/26/2013,ALO,IA,ACE,CE,Combined TRACON& Tower with Radar,0,4,17,0,21,0,0,21,1,22,0,4,38,1,43,4,0,4,47
09/27/2013,ALO,IA,ACE,CE,Combined TRACON& Tower with Radar,2,3,19,3,27,0,0,20,1,21,2,3,39,4,48,14,0,14,62
09/28/2013,ALO,IA,ACE,CE,Combined TRACON& Tower with Radar,0,2,14,0,16,0,0,2,0,2,0,2,16,0,18,2,0,2,20
09/29/2013,ALO,IA,ACE,CE,Combined TRACON& Tower with Radar,0,3,9,0,12,0,0,25,0,25,0,3,34,0,37,10,4,14,51
09/30/2013,ALO,IA,ACE,CE,Combined TRACON& Tower with Radar,0,5,15,0,20,0,0,18,1,19,0,5,33,1,39,0,0,0,39
10/01/2013,ALO,IA,ACE,CE,Combined TRACON& Tower with Radar,0,3,7,0,10,0,1,23,0,24,0,4,30,0,34,4,0,4,38
10/02/2013,ALO,IA,ACE,CE,Combined TRACON& Tower with Radar,0,5,5,0,10,0,0,23,0,23,0,5,28,0,33,22,0,22,55
10/03/2013,ALO,IA,ACE,CE,Combined TRACON& Tower with Radar,0,10,14,0,24,0,0,7,0,7,0,10,21,0,31,6,0,6,37
10/04/2013,ALO,IA,ACE,CE,Combined TRACON& Tower with Radar,2,3,9,0,14,0,0,6,0,6,2,3,15,0,20,0,0,0,20
10/05/2013,ALO,IA,ACE,CE,Combined TRACON& Tower with Radar,0,2,1,0,3,0,0,5,0,5,0,2,6,0,8,10,0,10,18
10/06/2013,ALO,IA,ACE,CE,Combined TRACON& Tower with Radar,0,5,11,0,16,0,0,7,0,7,0,5,18,0,23,0,0,0,23
10/07/2013,ALO,IA,ACE,CE,Combined TRACON& Tower with Radar,0,3,8,0,11,0,0,17,0,17,0,3,25,0,28,34,0,34,62
10/08/2013,ALO,IA,ACE,CE,Combined TRACON& Tower with Radar,0,4,14,0,18,0,0,15,0,15,0,4,29,0,33,30,0,30,63
10/09/2013,ALO,IA,ACE,CE,Combined TRACON& Tower with Radar,0,5,11,0,16,0,1,29,0,30,0,6,40,0,46,20,0,20,66
10/10/2013,ALO,IA,ACE,CE,Combined TRACON& Tower with Radar,0,3,14,0,17,0,0,21,3,24,0,3,35,3,41,10,6,16,57
10/11/2013,ALO,IA,ACE,CE,Combined TRACON& Tower with Radar,1,6,13,0,20,0,0,18,0,18,1,6,31,0,38,20,0,20,58
10/12/2013,ALO,IA,ACE,CE,Combined TRACON& Tower with Radar,0,2,6,0,8,0,0,23,0,23,0,2,29,0,31,20,0,20,51
10/13/2013,ALO,IA,ACE,CE,Combined TRACON& Tower with Radar,0,3,12,0,15,0,0,33,0,33,0,3,45,0,48,34,0,34,82
10/14/2013,ALO,IA,ACE,CE,Combined TRACON& Tower with Radar,0,3,10,0,13,0,0,16,0,16,0,3,26,0,29,40,0,40,69
10/15/2013,ALO,IA,ACE,CE,Combined TRACON& Tower with Radar,0,3,7,0,10,0,0,6,0,6,0,3,13,0,16,0,0,0,16
10/16/2013,ALO,IA,ACE,CE,Combined TRACON& Tower with Radar,0,3,24,0,27,0,0,1,0,1,0,3,25,0,28,10,0,10,38
10/17/2013,ALO,IA,ACE,CE,Combined TRACON& Tower with Radar,0,3,22,0,25,0,0,21,0,21,0,3,43,0,46,44,0,44,90
10/18/2013,ALO,IA,ACE,CE,Combined TRACON& Tower with Radar,0,3,24,0,27,0,0,10,0,10,0,3,34,0,37,20,0,20,57
10/19/2013,ALO,IA,ACE,CE,Combined TRACON& Tower with Radar,0,2,19,0,21,0,0,10,0,10,0,2,29,0,31,10,0,10,41
10/20/2013,ALO,IA,ACE,CE,Combined TRACON& Tower with Radar,0,3,7,0,10,0,0,3,0,3,0,3,10,0,13,0,0,0,13
10/21/2013,ALO,IA,ACE,CE,Combined TRACON& Tower with Radar,0,3,14,0,17,0,0,8,0,8,0,3,22,0,25,16,0,16,41
10/22/2013,ALO,IA,ACE,CE,Combined TRACON& Tower with Radar,0,3,15,0,18,0,0,10,2,12,0,3,25,2,30,52,0,52,82
10/23/2013,ALO,IA,ACE,CE,Combined TRACON& Tower with Radar,0,3,20,3,26,0,1,20,15,36,0,4,40,18,62,142,2,144,206
10/24/2013,ALO,IA,ACE,CE,Combined TRACON& Tower with Radar,0,5,17,0,22,0,0,8,10,18,0,5,25,10,40,2,6,8,48
10/25/2013,ALO,IA,ACE,CE,Combined TRACON& Tower with Radar,0,3,12,0,15,0,1,20,0,21,0,4,32,0,36,28,0,28,64
10/26/2013,ALO,IA,ACE,CE,Combined TRACON& Tower with Radar,0,2,7,0,9,0,0,14,0,14,0,2,21,0,23,2,0,2,25
10/27/2013,ALO,IA,ACE,CE,Combined TRACON& Tower with Radar,0,3,8,0,11,0,1,18,0,19,0,4,26,0,30,30,0,30,60
10/28/2013,ALO,IA,ACE,CE,Combined TRACON& Tower with Radar,0,3,7,2,12,0,0,8,1,9,0,3,15,3,21,12,4,16,37
10/29/2013,ALO,IA,ACE,CE,Combined TRACON& Tower with Radar,0,3,18,0,21,0,0,2,0,2,0,3,20,0,23,2,0,2,25
10/30/2013,ALO,IA,ACE,CE,Combined TRACON& Tower with Radar,0,3,6,0,9,0,0,1,0,1,0,3,7,0,10,2,0,2,12
10/31/2013,ALO,IA,ACE,CE,Combined TRACON& Tower with Radar,0,3,13,10,26,0,0,0,3,3,0,3,13,13,29,0,6,6,35
11/01/2013,ALO,IA,ACE,CE,Combined TRACON& Tower with Radar,0,3,43,0,46,0,1,13,1,15,0,4,56,1,61,14,0,14,75
11/02/2013,ALO,IA,ACE,CE,Combined TRACON& Tower with Radar,0,2,39,0,41,0,0,33,8,41,0,2,72,8,82,46,0,46,128
11/03/2013,ALO,IA,ACE,CE,Combined TRACON& Tower with Radar,0,3,8,0,11,0,0,6,0,6,0,3,14,0,17,0,0,0,17
11/04/2013,ALO,IA,ACE,CE,Combined TRACON& Tower with Radar,0,3,9,5,17,0,0,9,0,9,0,3,18,5,26,10,0,10,36
11/05/2013,ALO,IA,ACE,CE,Combined TRACON& Tower with Radar,0,6,12,0,18,0,0,1,0,1,0,6,13,0,19,0,0,0,19
11/06/2013,ALO,IA,ACE,CE,Combined TRACON& Tower with Radar,0,6,8,2,16,0,0,13,7,20,0,6,21,9,36,12,0,12,48
11/07/2013,ALO,IA,ACE,CE,Combined TRACON& Tower with Radar,0,3,13,1,17,0,0,9,10,19,0,3,22,11,36,20,0,20,56
11/08/2013,ALO,IA,ACE,CE,Combined TRACON& Tower with Radar,2,5,20,0,27,0,0,21,0,21,2,5,41,0,48,18,0,18,66
11/09/2013,ALO,IA,ACE,CE,Combined TRACON& Tower with Radar,1,7,8,0,16,0,0,13,0,13,1,7,21,0,29,14,0,14,43
11/10/2013,ALO,IA,ACE,CE,Combined TRACON& Tower with Radar,0,4,10,0,14,0,0,19,0,19,0,4,29,0,33,34,0,34,67
11/11/2013,ALO,IA,ACE,CE,Combined TRACON& Tower with Radar,0,3,17,0,20,0,0,7,0,7,0,3,24,0,27,22,0,22,49
11/12/2013,ALO,IA,ACE,CE,Combined TRACON& Tower with Radar,0,3,15,0,18,0,0,13,1,14,0,3,28,1,32,20,0,20,52
11/13/2013,ALO,IA,ACE,CE,Combined TRACON& Tower with Radar,0,3,16,0,19,0,0,21,4,25,0,3,37,4,44,2,0,2,46
11/14/2013,ALO,IA,ACE,CE,Combined TRACON& Tower with Radar,0,3,21,1,25,0,2,25,4,31,0,5,46,5,56,6,0,6,62
11/15/2013,ALO,IA,ACE,CE,Combined TRACON& Tower with Radar,0,3,9,0,12,0,0,35,3,38,0,3,44,3,50,74,0,74,124
11/16/2013,ALO,IA,ACE,CE,Combined TRACON& Tower with Radar,1,2,3,0,6,0,0,0,0,0,1,2,3,0,6,0,0,0,6
11/17/2013,ALO,IA,ACE,CE,Combined TRACON& Tower with Radar,0,2,4,0,6,0,0,0,3,3,0,2,4,3,9,0,2,2,11
11/18/2013,ALO,IA,ACE,CE,Combined TRACON& Tower with Radar,0,4,11,0,15,0,0,11,0,11,0,4,22,0,26,10,0,10,36
11/19/2013,ALO,IA,ACE,CE,Combined TRACON& Tower with Radar,0,3,20,0,23,0,0,15,0,15,0,3,35,0,38,38,0,38,76
11/20/2013,ALO,IA,ACE,CE,Combined TRACON& Tower with Radar,1,3,27,0,31,0,1,1,0,2,1,4,28,0,33,2,30,32,65
11/21/2013,ALO,IA,ACE,CE,Combined TRACON& Tower with Radar,0,3,9,0,12,0,0,0,0,0,0,3,9,0,12,0,0,0,12
11/22/2013,ALO,IA,ACE,CE,Combined TRACON& Tower with Radar,0,4,22,8,34,0,0,9,7,16,0,4,31,15,50,4,0,4,54
11/23/2013,ALO,IA,ACE,CE,Combined TRACON& Tower with Radar,0,2,7,2,11,0,0,13,2,15,0,2,20,4,26,4,26,30,56
11/24/2013,ALO,IA,ACE,CE,Combined TRACON& Tower with Radar,0,4,10,0,14,0,0,8,0,8,0,4,18,0,22,10,0,10,32
11/25/2013,ALO,IA,ACE,CE,Combined TRACON& Tower with Radar,0,4,7,1,12,0,0,7,1,8,0,4,14,2,20,0,0,0,20
11/26/2013,ALO,IA,ACE,CE,Combined TRACON& Tower with Radar,2,5,4,0,11,0,0,3,0,3,2,5,7,0,14,0,0,0,14
11/27/2013,ALO,IA,ACE,CE,Combined TRACON& Tower with Radar,0,4,19,0,23,0,0,22,0,22,0,4,41,0,45,12,0,12,57
11/28/2013,ALO,IA,ACE,CE,Combined TRACON& Tower with Radar,0,2,3,0,5,0,0,7,0,7,0,2,10,0,12,0,0,0,12
11/29/2013,ALO,IA,ACE,CE,Combined TRACON& Tower with Radar,0,3,5,0,8,0,0,16,0,16,0,3,21,0,24,10,0,10,34
11/30/2013,ALO,IA,ACE,CE,Combined TRACON& Tower with Radar,0,2,0,0,2,0,0,28,0,28,0,2,28,0,30,50,0,50,80
12/01/2013,ALO,IA,ACE,CE,Combined TRACON& Tower with Radar,0,3,13,0,16,0,0,13,0,13,0,3,26,0,29,10,0,10,39
12/02/2013,ALO,IA,ACE,CE,Combined TRACON& Tower with Radar,0,4,14,0,18,0,0,2,0,2,0,4,16,0,20,0,0,0,20
12/03/2013,ALO,IA,ACE,CE,Combined TRACON& Tower with Radar,0,1,5,0,6,0,0,0,0,0,0,1,5,0,6,0,0,0,6
12/04/2013,ALO,IA,ACE,CE,Combined TRACON& Tower with Radar,0,2,4,0,6,0,0,1,0,1,0,2,5,0,7,0,0,0,7
12/05/2013,ALO,IA,ACE,CE,Combined TRACON& Tower with Radar,0,7,5,2,14,0,2,4,7,13,0,9,9,9,27,4,0,4,31
12/06/2013,ALO,IA,ACE,CE,Combined TRACON& Tower with Radar,0,7,12,1,20,0,0,9,4,13,0,7,21,5,33,4,0,4,37
12/07/2013,ALO,IA,ACE,CE,Combined TRACON& Tower with Radar,0,4,10,2,16,0,0,14,0,14,0,4,24,2,30,0,0,0,30
12/08/2013,ALO,IA,ACE,CE,Combined TRACON& Tower with Radar,0,6,10,0,16,0,0,0,0,0,0,6,10,0,16,0,0,0,16
12/09/2013,ALO,IA,ACE,CE,Combined TRACON& Tower with Radar,0,5,8,3,16,0,1,0,3,4,0,6,8,6,20,0,12,12,32
12/10/2013,ALO,IA,ACE,CE,Combined TRACON& Tower with Radar,0,3,10,1,14,0,0,5,0,5,0,3,15,1,19,0,0,0,19
12/11/2013,ALO,IA,ACE,CE,Combined TRACON& Tower with Radar,0,5,12,5,22,0,0,6,6,12,0,5,18,11,34,0,0,0,34
12/12/2013,ALO,IA,ACE,CE,Combined TRACON& Tower with Radar,0,3,28,8,39,0,0,10,2,12,0,3,38,10,51,0,0,0,51
12/13/2013,ALO,IA,ACE,CE,Combined TRACON& Tower with Radar,0,7,25,2,34,0,0,0,2,2,0,7,25,4,36,0,4,4,40
12/14/2013,ALO,IA,ACE,CE,Combined TRACON& Tower with Radar,0,4,2,0,6,0,0,1,0,1,0,4,3,0,7,6,0,6,13
12/15/2013,ALO,IA,ACE,CE,Combined TRACON& Tower with Radar,0,3,5,0,8,0,0,4,0,4,0,3,9,0,12,0,0,0,12
12/16/2013,ALO,IA,ACE,CE,Combined TRACON& Tower with Radar,0,2,10,0,12,0,0,0,0,0,0,2,10,0,12,0,0,0,12
12/17/2013,ALO,IA,ACE,CE,Combined TRACON& Tower with Radar,0,7,7,2,16,0,0,5,0,5,0,7,12,2,21,0,0,0,21
12/18/2013,ALO,IA,ACE,CE,Combined TRACON& Tower with Radar,0,7,13,3,23,0,0,14,6,20,0,7,27,9,43,4,32,36,79
12/19/2013,ALO,IA,ACE,CE,Combined TRACON& Tower with Radar,0,3,16,6,25,0,0,3,3,6,0,3,19,9,31,0,0,0,31
12/20/2013,ALO,IA,ACE,CE,Combined TRACON& Tower with Radar,0,3,4,0,7,0,0,0,0,0,0,3,4,0,7,0,0,0,7
12/21/2013,ALO,IA,ACE,CE,Combined TRACON& Tower with Radar,0,2,6,0,8,0,0,0,0,0,0,2,6,0,8,0,0,0,8
12/22/2013,ALO,IA,ACE,CE,Combined TRACON& Tower with Radar,0,4,6,0,10,0,0,0,0,0,0,4,6,0,10,4,0,4,14
12/23/2013,ALO,IA,ACE,CE,Combined TRACON& Tower with Radar,0,3,4,0,7,0,0,1,0,1,0,3,5,0,8,0,0,0,8
12/24/2013,ALO,IA,ACE,CE,Combined TRACON& Tower with Radar,0,3,2,0,5,0,0,1,0,1,0,3,3,0,6,2,0,2,8
12/25/2013,ALO,IA,ACE,CE,Combined TRACON& Tower with Radar,0,3,0,0,3,0,0,0,0,0,0,3,0,0,3,0,0,0,3
12/26/2013,ALO,IA,ACE,CE,Combined TRACON& Tower with Radar,0,7,12,0,19,0,0,3,0,3,0,7,15,0,22,4,0,4,26
12/27/2013,ALO,IA,ACE,CE,Combined TRACON& Tower with Radar,0,3,22,0,25,0,0,21,1,22,0,3,43,1,47,24,0,24,71
12/28/2013,ALO,IA,ACE,CE,Combined TRACON& Tower with Radar,0,2,11,0,13,0,1,20,0,21,0,3,31,0,34,4,0,4,38
12/29/2013,ALO,IA,ACE,CE,Combined TRACON& Tower with Radar,0,2,2,0,4,0,0,0,0,0,0,2,2,0,4,10,0,10,14
12/30/2013,ALO,IA,ACE,CE,Combined TRACON& Tower with Radar,0,2,8,0,10,0,0,1,0,1,0,2,9,0,11,0,0,0,11
12/31/2013,ALO,IA,ACE,CE,Combined TRACON& Tower with Radar,0,3,4,0,7,0,0,1,0,1,0,3,5,0,8,0,0,0,8
01/01/2014,ALO,IA,ACE,CE,Combined TRACON& Tower with Radar,0,2,0,0,2,0,0,0,0,0,0,2,0,0,2,0,0,0,2
01/02/2014,ALO,IA,ACE,CE,Combined TRACON& Tower with Radar,0,1,6,1,8,0,0,3,2,5,0,1,9,3,13,0,0,0,13
01/03/2014,ALO,IA,ACE,CE,Combined TRACON& Tower with Radar,0,1,9,0,10,0,2,3,2,7,0,3,12,2,17,2,0,2,19
01/04/2014,ALO,IA,ACE,CE,Combined TRACON& Tower with Radar,0,5,5,0,10,0,0,0,0,0,0,5,5,0,10,0,0,0,10
01/05/2014,ALO,IA,ACE,CE,Combined TRACON& Tower with Radar,0,4,3,0,7,0,0,3,0,3,0,4,6,0,10,0,0,0,10
01/06/2014,ALO,IA,ACE,CE,Combined TRACON& Tower with Radar,0,2,8,0,10,0,0,0,0,0,0,2,8,0,10,0,0,0,10
01/07/2014,ALO,IA,ACE,CE,Combined TRACON& Tower with Radar,3,4,10,0,17,0,0,7,1,8,3,4,17,1,25,0,0,0,25
01/08/2014,ALO,IA,ACE,CE,Combined TRACON& Tower with Radar,0,3,18,1,22,0,0,7,0,7,0,3,25,1,29,0,0,0,29
01/09/2014,ALO,IA,ACE,CE,Combined TRACON& Tower with Radar,0,2,23,0,25,0,0,7,2,9,0,2,30,2,34,0,0,0,34
01/10/2014,ALO,IA,ACE,CE,Combined TRACON& Tower with Radar,0,5,2,0,7,0,0,0,20,20,0,5,2,20,27,4,12,16,43
01/11/2014,ALO,IA,ACE,CE,Combined TRACON& Tower with Radar,0,4,3,0,7,0,0,4,8,12,0,4,7,8,19,0,0,0,19
01/12/2014,ALO,IA,ACE,CE,Combined TRACON& Tower with Radar,0,7,9,0,16,0,0,9,4,13,0,7,18,4,29,20,0,20,49
01/13/2014,ALO,IA,ACE,CE,Combined TRACON& Tower with Radar,0,4,11,1,16,0,0,5,2,7,0,4,16,3,23,2,2,4,27
01/14/2014,ALO,IA,ACE,CE,Combined TRACON& Tower with Radar,2,8,3,0,13,0,0,1,1,2,2,8,4,1,15,0,6,6,21
01/15/2014,ALO,IA,ACE,CE,Combined TRACON& Tower with Radar,0,4,21,5,30,0,0,1,15,16,0,4,22,20,46,0,36,36,82
01/16/2014,ALO,IA,ACE,CE,Combined TRACON& Tower with Radar,0,3,16,0,19,0,0,0,9,9,0,3,16,9,28,0,54,54,82
01/17/2014,ALO,IA,ACE,CE,Combined TRACON& Tower with Radar,0,8,14,2,24,0,0,12,1,13,0,8,26,3,37,8,0,8,45
01/18/2014,ALO,IA,ACE,CE,Combined TRACON& Tower with Radar,0,2,5,0,7,0,0,0,0,0,0,2,5,0,7,0,0,0,7
01/19/2014,ALO,IA,ACE,CE,Combined TRACON& Tower with Radar,0,3,2,0,5,0,0,11,0,11,0,3,13,0,16,0,0,0,16
01/20/2014,ALO,IA,ACE,CE,Combined TRACON& Tower with Radar,0,2,13,2,17,0,0,2,0,2,0,2,15,2,19,0,0,0,19
01/21/2014,ALO,IA,ACE,CE,Combined TRACON& Tower with Radar,0,3,14,2,19,0,0,6,0,6,0,3,20,2,25,0,0,0,25
01/22/2014,ALO,IA,ACE,CE,Combined TRACON& Tower with Radar,0,1,4,1,6,0,0,3,2,5,0,1,7,3,11,8,8,16,27
01/23/2014,ALO,IA,ACE,CE,Combined TRACON& Tower with Radar,0,2,17,1,20,0,0,6,12,18,0,2,23,13,38,0,0,0,38
01/24/2014,ALO,IA,ACE,CE,Combined TRACON& Tower with Radar,0,1,2,6,9,0,0,6,3,9,0,1,8,9,18,0,4,4,22
01/25/2014,ALO,IA,ACE,CE,Combined TRACON& Tower with Radar,0,2,5,0,7,0,0,11,0,11,0,2,16,0,18,8,0,8,26
01/26/2014,ALO,IA,ACE,CE,Combined TRACON& Tower with Radar,0,1,0,0,1,0,0,2,0,2,0,1,2,0,3,0,0,0,3
01/27/2014,ALO,IA,ACE,CE,Combined TRACON& Tower with Radar,0,3,16,0,19,0,0,3,0,3,0,3,19,0,22,14,0,14,36
01/28/2014,ALO,IA,ACE,CE,Combined TRACON& Tower with Radar,0,7,9,1,17,0,0,13,9,22,0,7,22,10,39,4,0,4,43
01/29/2014,ALO,IA,ACE,CE,Combined TRACON& Tower with Radar,0,6,14,1,21,0,0,16,12,28,0,6,30,13,49,12,16,28,77
01/30/2014,ALO,IA,ACE,CE,Combined TRACON& Tower with Radar,0,6,19,4,29,0,0,3,5,8,0,6,22,9,37,0,8,8,45
01/31/2014,ALO,IA,ACE,CE,Combined TRACON& Tower with Radar,0,3,6,0,9,0,0,13,3,16,0,3,19,3,25,8,0,8,33
02/01/2014,ALO,IA,ACE,CE,Combined TRACON& Tower with Radar,0,1,3,0,4,0,0,13,0,13,0,1,16,0,17,10,0,10,27
02/02/2014,ALO,IA,ACE,CE,Combined TRACON& Tower with Radar,0,3,4,0,7,0,0,7,0,7,0,3,11,0,14,0,0,0,14
02/03/2014,ALO,IA,ACE,CE,Combined TRACON& Tower with Radar,0,5,18,1,24,0,0,10,1,11,0,5,28,2,35,36,0,36,71
02/04/2014,ALO,IA,ACE,CE,Combined TRACON& Tower with Radar,0,3,3,0,6,0,0,1,5,6,0,3,4,5,12,0,0,0,12
02/05/2014,ALO,IA,ACE,CE,Combined TRACON& Tower with Radar,0,3,18,2,23,0,0,2,3,5,0,3,20,5,28,0,0,0,28
02/06/2014,ALO,IA,ACE,CE,Combined TRACON& Tower with Radar,0,5,22,2,29,0,0,5,2,7,0,5,27,4,36,26,0,26,62
02/07/2014,ALO,IA,ACE,CE,Combined TRACON& Tower with Radar,0,5,14,0,19,0,0,4,10,14,0,5,18,10,33,0,0,0,33
02/08/2014,ALO,IA,ACE,CE,Combined TRACON& Tower with Radar,0,2,2,0,4,0,0,1,0,1,0,2,3,0,5,0,0,0,5
02/09/2014,ALO,IA,ACE,CE,Combined TRACON& Tower with Radar,0,4,1,1,6,0,0,8,13,21,0,4,9,14,27,0,0,0,27
02/10/2014,ALO,IA,ACE,CE,Combined TRACON& Tower with Radar,0,3,8,0,11,0,0,4,0,4,0,3,12,0,15,0,0,0,15
02/11/2014,ALO,IA,ACE,CE,Combined TRACON& Tower with Radar,0,3,8,3,14,0,0,9,14,23,0,3,17,17,37,0,10,10,47
02/12/2014,ALO,IA,ACE,CE,Combined TRACON& Tower with Radar,0,3,22,0,25,0,0,1,6,7,0,3,23,6,32,0,0,0,32
02/13/2014,ALO,IA,ACE,CE,Combined TRACON& Tower with Radar,0,3,18,0,21,0,0,4,10,14,0,3,22,10,35,8,20,28,63
02/14/2014,ALO,IA,ACE,CE,Combined TRACON& Tower with Radar,0,5,10,3,18,0,0,9,5,14,0,5,19,8,32,4,0,4,36
02/15/2014,ALO,IA,ACE,CE,Combined TRACON& Tower with Radar,0,2,2,0,4,0,0,2,0,2,0,2,4,0,6,0,0,0,6
02/16/2014,ALO,IA,ACE,CE,Combined TRACON& Tower with Radar,0,5,8,0,13,0,0,11,0,11,0,5,19,0,24,18,0,18,42
02/17/2014,ALO,IA,ACE,CE,Combined TRACON& Tower with Radar,1,2,7,0,10,0,0,1,0,1,1,2,8,0,11,0,0,0,11
02/18/2014,ALO,IA,ACE,CE,Combined TRACON& Tower with Radar,1,3,12,0,16,0,0,10,0,10,1,3,22,0,26,0,0,0,26
02/19/2014,ALO,IA,ACE,CE,Combined TRACON& Tower with Radar,0,6,16,1,23,0,2,18,1,21,0,8,34,2,44,0,0,0,44
02/20/2014,ALO,IA,ACE,CE,Combined TRACON& Tower with Radar,0,1,8,0,9,0,0,0,0,0,0,1,8,0,9,0,0,0,9
02/21/2014,ALO,IA,ACE,CE,Combined TRACON& Tower with Radar,0,4,8,0,12,0,1,4,0,5,0,5,12,0,17,8,0,8,25
02/22/2014,ALO,IA,ACE,CE,Combined TRACON& Tower with Radar,0,2,15,0,17,0,1,14,0,15,0,3,29,0,32,8,0,8,40
02/23/2014,ALO,IA,ACE,CE,Combined TRACON& Tower with Radar,0,3,4,0,7,0,0,11,0,11,0,3,15,0,18,0,0,0,18
02/24/2014,ALO,IA,ACE,CE,Combined TRACON& Tower with Radar,0,3,9,0,12,0,0,12,0,12,0,3,21,0,24,20,0,20,44
02/25/2014,ALO,IA,ACE,CE,Combined TRACON& Tower with Radar,0,5,6,2,13,0,0,6,5,11,0,5,12,7,24,0,4,4,28
02/26/2014,ALO,IA,ACE,CE,Combined TRACON& Tower with Radar,0,5,14,3,22,0,0,2,19,21,0,5,16,22,43,0,22,22,65
02/27/2014,ALO,IA,ACE,CE,Combined TRACON& Tower with Radar,0,3,18,0,21,0,0,8,9,17,0,3,26,9,38,0,0,0,38
02/28/2014,ALO,IA,ACE,CE,Combined TRACON& Tower with Radar,0,8,8,0,16,0,2,1,2,5,0,10,9,2,21,0,0,0,21
03/01/2014,ALO,IA,ACE,CE,Combined TRACON& Tower with Radar,0,4,1,0,5,0,0,1,0,1,0,4,2,0,6,0,0,0,6
03/02/2014,ALO,IA,ACE,CE,Combined TRACON& Tower with Radar,0,3,1,0,4,0,0,2,0,2,0,3,3,0,6,0,0,0,6
03/03/2014,ALO,IA,ACE,CE,Combined TRACON& Tower with Radar,0,3,22,0,25,0,0,6,0,6,0,3,28,0,31,30,2,32,63
03/04/2014,ALO,IA,ACE,CE,Combined TRACON& Tower with Radar,0,3,25,2,30,0,0,10,1,11,0,3,35,3,41,0,0,0,41
03/05/2014,ALO,IA,ACE,CE,Combined TRACON& Tower with Radar,0,5,24,0,29,0,0,5,3,8,0,5,29,3,37,34,2,36,73
03/06/2014,ALO,IA,ACE,CE,Combined TRACON& Tower with Radar,0,4,10,0,14,0,0,10,5,15,0,4,20,5,29,12,20,32,61
03/07/2014,ALO,IA,ACE,CE,Combined TRACON& Tower with Radar,0,3,11,0,14,0,0,3,1,4,0,3,14,1,18,4,4,8,26
03/08/2014,ALO,IA,ACE,CE,Combined TRACON& Tower with Radar,0,2,5,2,9,0,0,11,23,34,0,2,16,25,43,20,6,26,69
03/09/2014,ALO,IA,ACE,CE,Combined TRACON& Tower with Radar,1,3,1,0,5,0,1,19,5,25,1,4,20,5,30,24,0,24,54
03/10/2014,ALO,IA,ACE,CE,Combined TRACON& Tower with Radar,0,5,17,0,22,0,0,31,2,33,0,5,48,2,55,52,0,52,107
03/11/2014,ALO,IA,ACE,CE,Combined TRACON& Tower with Radar,0,4,4,0,8,0,0,2,0,2,0,4,6,0,10,0,0,0,10
03/12/2014,ALO,IA,ACE,CE,Combined TRACON& Tower with Radar,0,3,25,6,34,0,0,8,7,15,0,3,33,13,49,24,0,24,73
03/13/2014,ALO,IA,ACE,CE,Combined TRACON& Tower with Radar,0,3,14,13,30,0,0,18,3,21,0,3,32,16,51,12,16,28,79
03/14/2014,ALO,IA,ACE,CE,Combined TRACON& Tower with Radar,0,3,22,1,26,0,0,12,3,15,0,3,34,4,41,0,0,0,41
03/15/2014,ALO,IA,ACE,CE,Combined TRACON& Tower with Radar,0,6,10,0,16,0,0,15,3,18,0,6,25,3,34,18,2,20,54
03/16/2014,ALO,IA,ACE,CE,Combined TRACON& Tower with Radar,0,5,10,0,15,0,0,9,0,9,0,5,19,0,24,0,0,0,24
03/17/2014,ALO,IA,ACE,CE,Combined TRACON& Tower with Radar,0,3,20,5,28,0,0,22,3,25,0,3,42,8,53,10,0,10,63
03/18/2014,ALO,IA,ACE,CE,Combined TRACON& Tower with Radar,0,3,16,4,23,0,0,5,0,5,0,3,21,4,28,12,0,12,40
03/19/2014,ALO,IA,ACE,CE,Combined TRACON& Tower with Radar,0,3,20,0,23,0,0,15,3,18,0,3,35,3,41,52,0,52,93
03/20/2014,ALO,IA,ACE,CE,Combined TRACON& Tower with Radar,0,3,17,3,23,0,0,22,10,32,0,3,39,13,55,36,8,44,99
03/21/2014,ALO,IA,ACE,CE,Combined TRACON& Tower with Radar,0,3,10,0,13,0,0,11,1,12,0,3,21,1,25,22,0,22,47
03/22/2014,ALO,IA,ACE,CE,Combined TRACON& Tower with Radar,0,1,11,0,12,0,0,7,0,7,0,1,18,0,19,0,0,0,19
03/23/2014,ALO,IA,ACE,CE,Combined TRACON& Tower with Radar,0,6,5,0,11,0,0,22,0,22,0,6,27,0,33,8,0,8,41
03/24/2014,ALO,IA,ACE,CE,Combined TRACON& Tower with Radar,0,6,11,0,17,0,0,0,0,0,0,6,11,0,17,0,0,0,17
03/25/2014,ALO,IA,ACE,CE,Combined TRACON& Tower with Radar,0,3,26,0,29,0,0,25,5,30,0,3,51,5,59,4,0,4,63
03/26/2014,ALO,IA,ACE,CE,Combined TRACON& Tower with Radar,0,5,34,2,41,0,1,13,7,21,0,6,47,9,62,0,4,4,66
03/27/2014,ALO,IA,ACE,CE,Combined TRACON& Tower with Radar,0,3,4,0,7,0,0,0,0,0,0,3,4,0,7,0,0,0,7
03/28/2014,ALO,IA,ACE,CE,Combined TRACON& Tower with Radar,0,3,13,0,16,0,0,5,0,5,0,3,18,0,21,112,0,112,133
03/29/2014,ALO,IA,ACE,CE,Combined TRACON& Tower with Radar,0,2,8,0,10,0,0,41,0,41,0,2,49,0,51,104,4,108,159
03/30/2014,ALO,IA,ACE,CE,Combined TRACON& Tower with Radar,0,3,3,0,6,0,0,8,0,8,0,3,11,0,14,28,0,28,42
03/31/2014,ALO,IA,ACE,CE,Combined TRACON& Tower with Radar,0,3,7,0,10,0,0,4,0,4,0,3,11,0,14,0,0,0,14
04/01/2014,ALO,IA,ACE,CE,Combined TRACON& Tower with Radar,0,4,8,0,12,0,0,4,6,10,0,4,12,6,22,40,0,40,62
04/02/2014,ALO,IA,ACE,CE,Combined TRACON& Tower with Radar,2,3,24,4,33,0,0,14,7,21,2,3,38,11,54,6,0,6,60
04/03/2014,ALO,IA,ACE,CE,Combined TRACON& Tower with Radar,0,3,6,0,9,0,0,0,0,0,0,3,6,0,9,0,0,0,9
04/04/2014,ALO,IA,ACE,CE,Combined TRACON& Tower with Radar,0,3,6,0,9,0,0,0,2,2,0,3,6,2,11,0,12,12,23
04/05/2014,ALO,IA,ACE,CE,Combined TRACON& Tower with Radar,0,2,17,3,22,0,0,60,20,80,0,2,77,23,102,74,0,74,176
04/06/2014,ALO,IA,ACE,CE,Combined TRACON& Tower with Radar,0,5,10,1,16,0,2,25,1,28,0,7,35,2,44,22,0,22,66
04/07/2014,ALO,IA,ACE,CE,Combined TRACON& Tower with Radar,0,5,10,0,15,0,0,15,0,15,0,5,25,0,30,60,0,60,90
04/08/2014,ALO,IA,ACE,CE,Combined TRACON& Tower with Radar,0,6,21,0,27,0,0,35,0,35,0,6,56,0,62,50,0,50,112
04/09/2014,ALO,IA,ACE,CE,Combined TRACON& Tower with Radar,0,9,11,1,21,0,0,19,5,24,0,9,30,6,45,32,0,32,77
04/10/2014,ALO,IA,ACE,CE,Combined TRACON& Tower with Radar,0,4,18,0,22,0,0,17,9,26,0,4,35,9,48,20,0,20,68
04/11/2014,ALO,IA,ACE,CE,Combined TRACON& Tower with Radar,0,4,8,0,12,0,0,19,0,19,0,4,27,0,31,2,0,2,33
04/12/2014,ALO,IA,ACE,CE,Combined TRACON& Tower with Radar,0,2,2,0,4,0,0,6,0,6,0,2,8,0,10,0,0,0,10
04/13/2014,ALO,IA,ACE,CE,Combined TRACON& Tower with Radar,0,4,4,0,8,0,0,0,0,0,0,4,4,0,8,0,0,0,8
04/14/2014,ALO,IA,ACE,CE,Combined TRACON& Tower with Radar,0,4,8,6,18,0,0,8,0,8,0,4,16,6,26,58,0,58,84
04/15/2014,ALO,IA,ACE,CE,Combined TRACON& Tower with Radar,0,3,15,0,18,0,0,39,2,41,0,3,54,2,59,18,0,18,77
04/16/2014,ALO,IA,ACE,CE,Combined TRACON& Tower with Radar,0,3,26,2,31,0,0,14,4,18,0,3,40,6,49,8,0,8,57
04/17/2014,ALO,IA,ACE,CE,Combined TRACON& Tower with Radar,0,3,14,0,17,0,0,14,9,23,0,3,28,9,40,6,4,10,50
04/18/2014,ALO,IA,ACE,CE,Combined TRACON& Tower with Radar,0,3,8,1,12,0,0,28,6,34,0,3,36,7,46,32,2,34,80
04/19/2014,ALO,IA,ACE,CE,Combined TRACON& Tower with Radar,0,2,5,0,7,0,0,15,0,15,0,2,20,0,22,6,0,6,28
04/20/2014,ALO,IA,ACE,CE,Combined TRACON& Tower with Radar,0,4,3,0,7,0,0,0,0,0,0,4,3,0,7,0,0,0,7
04/21/2014,ALO,IA,ACE,CE,Combined TRACON& Tower with Radar,0,3,5,0,8,0,0,8,0,8,0,3,13,0,16,12,0,12,28
04/22/2014,ALO,IA,ACE,CE,Combined TRACON& Tower with Radar,0,4,19,4,27,0,0,29,0,29,0,4,48,4,56,14,0,14,70
04/23/2014,ALO,IA,ACE,CE,Combined TRACON& Tower with Radar,0,4,17,0,21,0,0,7,0,7,0,4,24,0,28,0,0,0,28
04/24/2014,ALO,IA,ACE,CE,Combined TRACON& Tower with Radar,0,8,9,2,19,0,0,0,5,5,0,8,9,7,24,0,32,32,56
04/25/2014,ALO,IA,ACE,CE,Combined TRACON& Tower with Radar,0,7,12,1,20,0,0,38,0,38,0,7,50,1,58,30,4,34,92
04/26/2014,ALO,IA,ACE,CE,Combined TRACON& Tower with Radar,0,3,2,2,7,0,0,23,2,25,0,3,25,4,32,0,0,0,32
04/27/2014,ALO,IA,ACE,CE,Combined TRACON& Tower with Radar,0,3,5,0,8,0,0,1,0,1,0,3,6,0,9,0,0,0,9
04/28/2014,ALO,IA,ACE,CE,Combined TRACON& Tower with Radar,0,7,5,0,12,0,0,0,0,0,0,7,5,0,12,0,0,0,12
04/29/2014,ALO,IA,ACE,CE,Combined TRACON& Tower with Radar,0,5,6,0,11,0,0,0,0,0,0,5,6,0,11,0,0,0,11
04/30/2014,ALO,IA,ACE,CE,Combined TRACON& Tower with Radar,0,3,11,0,14,0,0,0,0,0,0,3,11,0,14,0,0,0,14
05/01/2014,ALO,IA,ACE,CE,Combined TRACON& Tower with Radar,0,6,16,4,26,0,0,1,5,6,0,6,17,9,32,0,8,8,40
05/02/2014,ALO,IA,ACE,CE,Combined TRACON& Tower with Radar,0,3,14,2,19,0,0,9,0,9,0,3,23,2,28,20,0,20,48
05/03/2014,ALO,IA,ACE,CE,Combined TRACON& Tower with Radar,0,2,11,0,13,0,0,156,2,158,0,2,167,2,171,8,0,8,179
05/04/2014,ALO,IA,ACE,CE,Combined TRACON& Tower with Radar,0,3,11,0,14,0,0,15,0,15,0,3,26,0,29,14,2,16,45
05/05/2014,ALO,IA,ACE,CE,Combined TRACON& Tower with Radar,1,5,23,2,31,0,0,31,0,31,1,5,54,2,62,0,6,6,68
05/06/2014,ALO,IA,ACE,CE,Combined TRACON& Tower with Radar,1,3,19,3,26,0,0,21,2,23,1,3,40,5,49,18,0,18,67
05/07/2014,ALO,IA,ACE,CE,Combined TRACON& Tower with Radar,0,4,19,15,38,0,0,20,5,25,0,4,39,20,63,12,0,12,75
05/08/2014,ALO,IA,ACE,CE,Combined TRACON& Tower with Radar,0,6,7,2,15,0,1,3,0,4,0,7,10,2,19,14,0,14,33
05/09/2014,ALO,IA,ACE,CE,Combined TRACON& Tower with Radar,0,3,11,5,19,0,2,7,5,14,0,5,18,10,33,12,4,16,49
05/10/2014,ALO,IA,ACE,CE,Combined TRACON& Tower with Radar,0,4,4,0,8,0,0,24,0,24,0,4,28,0,32,8,0,8,40
05/11/2014,ALO,IA,ACE,CE,Combined TRACON& Tower with Radar,0,2,1,0,3,0,0,6,0,6,0,2,7,0,9,0,0,0,9
05/12/2014,ALO,IA,ACE,CE,Combined TRACON& Tower with Radar,0,3,10,0,13,0,0,0,0,0,0,3,10,0,13,0,0,0,13
05/13/2014,ALO,IA,ACE,CE,Combined TRACON& Tower with Radar,0,3,10,12,25,0,0,3,0,3,0,3,13,12,28,0,0,0,28
05/14/2014,ALO,IA,ACE,CE,Combined TRACON& Tower with Radar,0,7,13,4,24,0,0,17,3,20,0,7,30,7,44,18,0,18,62
05/15/2014,ALO,IA,ACE,CE,Combined TRACON& Tower with Radar,0,4,18,1,23,0,0,4,1,5,0,4,22,2,28,0,0,0,28
05/16/2014,ALO,IA,ACE,CE,Combined TRACON& Tower with Radar,0,4,11,0,15,0,0,14,0,14,0,4,25,0,29,12,0,12,41
05/17/2014,ALO,IA,ACE,CE,Combined TRACON& Tower with Radar,0,3,17,0,20,0,1,39,0,40,0,4,56,0,60,6,0,6,66
05/18/2014,ALO,IA,ACE,CE,Combined TRACON& Tower with Radar,0,3,10,2,15,0,0,19,0,19,0,3,29,2,34,14,0,14,48
05/19/2014,ALO,IA,ACE,CE,Combined TRACON& Tower with Radar,0,5,11,0,16,0,0,2,0,2,0,5,13,0,18,0,0,0,18
05/20/2014,ALO,IA,ACE,CE,Combined TRACON& Tower with Radar,0,5,19,0,24,0,0,21,0,21,0,5,40,0,45,4,0,4,49
05/21/2014,ALO,IA,ACE,CE,Combined TRACON& Tower with Radar,0,1,23,2,26,0,0,23,2,25,0,1,46,4,51,54,10,64,115
05/22/2014,ALO,IA,ACE,CE,Combined TRACON& Tower with Radar,0,4,20,1,25,0,0,32,1,33,0,4,52,2,58,0,0,0,58
05/23/2014,ALO,IA,ACE,CE,Combined TRACON& Tower with Radar,0,3,22,0,25,0,0,20,0,20,0,3,42,0,45,0,0,0,45
05/24/2014,ALO,IA,ACE,CE,Combined TRACON& Tower with Radar,0,2,5,0,7,0,0,18,0,18,0,2,23,0,25,12,0,12,37
05/25/2014,ALO,IA,ACE,CE,Combined TRACON& Tower with Radar,0,5,3,0,8,0,0,0,0,0,0,5,3,0,8,0,0,0,8
05/26/2014,ALO,IA,ACE,CE,Combined TRACON& Tower with Radar,0,4,9,0,13,0,0,0,0,0,0,4,9,0,13,0,0,0,13
05/27/2014,ALO,IA,ACE,CE,Combined TRACON& Tower with Radar,0,13,14,0,27,0,0,11,3,14,0,13,25,3,41,0,2,2,43
05/28/2014,ALO,IA,ACE,CE,Combined TRACON& Tower with Radar,0,10,36,2,48,0,0,11,2,13,0,10,47,4,61,38,2,40,101
05/29/2014,ALO,IA,ACE,CE,Combined TRACON& Tower with Radar,0,3,10,0,13,0,0,25,2,27,0,3,35,2,40,0,0,0,40
05/30/2014,ALO,IA,ACE,CE,Combined TRACON& Tower with Radar,0,3,8,0,11,0,0,24,2,26,0,3,32,2,37,12,2,14,51
05/31/2014,ALO,IA,ACE,CE,Combined TRACON& Tower with Radar,0,4,5,0,9,0,0,7,0,7,0,4,12,0,16,22,0,22,38
06/01/2014,ALO,IA,ACE,CE,Combined TRACON& Tower with Radar,0,3,6,0,9,0,0,15,0,15,0,3,21,0,24,18,0,18,42
06/02/2014,ALO,IA,ACE,CE,Combined TRACON& Tower with Radar,0,8,9,1,18,0,0,10,0,10,0,8,19,1,28,28,0,28,56
06/03/2014,ALO,IA,ACE,CE,Combined TRACON& Tower with Radar,0,4,21,0,25,0,0,29,0,29,0,4,50,0,54,2,0,2,56
06/04/2014,ALO,IA,ACE,CE,Combined TRACON& Tower with Radar,0,3,21,2,26,0,0,6,0,6,0,3,27,2,32,0,8,8,40
06/05/2014,ALO,IA,ACE,CE,Combined TRACON& Tower with Radar,0,3,15,1,19,0,0,17,5,22,0,3,32,6,41,4,0,4,45
06/06/2014,ALO,IA,ACE,CE,Combined TRACON& Tower with Radar,0,3,11,7,21,0,1,37,4,42,0,4,48,11,63,8,10,18,81
06/07/2014,ALO,IA,ACE,CE,Combined TRACON& Tower with Radar,2,2,8,2,14,0,0,3,11,14,2,2,11,13,28,0,22,22,50
06/08/2014,ALO,IA,ACE,CE,Combined TRACON& Tower with Radar,0,3,14,5,22,0,0,3,7,10,0,3,17,12,32,0,4,4,36
06/09/2014,ALO,IA,ACE,CE,Combined TRACON& Tower with Radar,0,3,12,0,15,0,0,9,0,9,0,3,21,0,24,16,0,16,40
06/10/2014,ALO,IA,ACE,CE,Combined TRACON& Tower with Radar,0,6,24,0,30,0,0,22,4,26,0,6,46,4,56,0,0,0,56
06/11/2014,ALO,IA,ACE,CE,Combined TRACON& Tower with Radar,0,3,15,6,24,0,0,18,11,29,0,3,33,17,53,0,0,0,53
06/12/2014,ALO,IA,ACE,CE,Combined TRACON& Tower with Radar,0,3,15,4,22,0,2,18,1,21,0,5,33,5,43,0,0,0,43
06/13/2014,ALO,IA,ACE,CE,Combined TRACON& Tower with Radar,0,7,31,0,38,0,0,37,0,37,0,7,68,0,75,0,0,0,75
06/14/2014,ALO,IA,ACE,CE,Combined TRACON& Tower with Radar,0,2,8,0,10,0,0,12,0,12,0,2,20,0,22,0,0,0,22
06/15/2014,ALO,IA,ACE,CE,Combined TRACON& Tower with Radar,0,3,5,0,8,0,0,4,0,4,0,3,9,0,12,0,0,0,12
06/16/2014,ALO,IA,ACE,CE,Combined TRACON& Tower with Radar,0,3,15,0,18,0,0,11,1,12,0,3,26,1,30,0,0,0,30
06/17/2014,ALO,IA,ACE,CE,Combined TRACON& Tower with Radar,1,2,15,1,19,0,0,8,2,10,1,2,23,3,29,0,0,0,29
06/18/2014,ALO,IA,ACE,CE,Combined TRACON& Tower with Radar,0,2,10,4,16,0,0,6,9,15,0,2,16,13,31,0,0,0,31
06/19/2014,ALO,IA,ACE,CE,Combined TRACON& Tower with Radar,0,1,6,0,7,0,0,0,0,0,0,1,6,0,7,0,0,0,7
06/20/2014,ALO,IA,ACE,CE,Combined TRACON& Tower with Radar,0,2,21,0,23,0,0,23,3,26,0,2,44,3,49,0,0,0,49
06/21/2014,ALO,IA,ACE,CE,Combined TRACON& Tower with Radar,0,2,10,0,12,0,0,24,0,24,0,2,34,0,36,0,0,0,36
06/22/2014,ALO,IA,ACE,CE,Combined TRACON& Tower with Radar,0,3,6,0,9,0,0,5,0,5,0,3,11,0,14,0,0,0,14
06/23/2014,ALO,IA,ACE,CE,Combined TRACON& Tower with Radar,0,3,15,1,19,0,0,13,1,14,0,3,28,2,33,0,0,0,33
06/24/2014,ALO,IA,ACE,CE,Combined TRACON& Tower with Radar,0,3,11,0,14,0,0,19,2,21,0,3,30,2,35,0,0,0,35
06/25/2014,ALO,IA,ACE,CE,Combined TRACON& Tower with Radar,0,3,28,0,31,0,0,17,4,21,0,3,45,4,52,0,0,0,52
06/26/2014,ALO,IA,ACE,CE,Combined TRACON& Tower with Radar,0,5,14,2,21,0,0,10,3,13,0,5,24,5,34,0,0,0,34
06/27/2014,ALO,IA,ACE,CE,Combined TRACON& Tower with Radar,2,3,3,0,8,0,0,3,3,6,2,3,6,3,14,0,0,0,14
06/28/2014,ALO,IA,ACE,CE,Combined TRACON& Tower with Radar,0,2,2,0,4,0,0,3,0,3,0,2,5,0,7,0,0,0,7
06/29/2014,ALO,IA,ACE,CE,Combined TRACON& Tower with Radar,0,3,6,0,9,0,0,2,0,2,0,3,8,0,11,0,0,0,11
06/30/2014,ALO,IA,ACE,CE,Combined TRACON& Tower with Radar,0,2,2,0,4,0,0,3,0,3,0,2,5,0,7,0,0,0,7
07/01/2014,ALO,IA,ACE,CE,Combined TRACON& Tower with Radar,0,4,6,2,12,0,0,11,0,11,0,4,17,2,23,22,12,34,57
07/02/2014,ALO,IA,ACE,CE,Combined TRACON& Tower with Radar,0,4,19,2,25,0,0,11,1,12,0,4,30,3,37,34,0,34,71
07/03/2014,ALO,IA,ACE,CE,Combined TRACON& Tower with Radar,0,3,10,1,14,0,0,26,1,27,0,3,36,2,41,12,0,12,53
07/04/2014,ALO,IA,ACE,CE,Combined TRACON& Tower with Radar,0,2,4,0,6,0,1,17,0,18,0,3,21,0,24,10,0,10,34
07/05/2014,ALO,IA,ACE,CE,Combined TRACON& Tower with Radar,0,3,1,1,5,0,0,5,1,6,0,3,6,2,11,0,0,0,11
07/06/2014,ALO,IA,ACE,CE,Combined TRACON& Tower with Radar,0,4,10,0,14,0,0,10,0,10,0,4,20,0,24,2,0,2,26
07/07/2014,ALO,IA,ACE,CE,Combined TRACON& Tower with Radar,0,3,17,0,20,0,0,17,0,17,0,3,34,0,37,0,0,0,37
07/08/2014,ALO,IA,ACE,CE,Combined TRACON& Tower with Radar,0,3,15,1,19,0,0,14,2,16,0,3,29,3,35,4,0,4,39
07/09/2014,ALO,IA,ACE,CE,Combined TRACON& Tower with Radar,0,3,12,1,16,0,0,25,2,27,0,3,37,3,43,8,0,8,51
07/10/2014,ALO,IA,ACE,CE,Combined TRACON& Tower with Radar,0,3,20,2,25,0,0,26,4,30,0,3,46,6,55,42,0,42,97
07/11/2014,ALO,IA,ACE,CE,Combined TRACON& Tower with Radar,0,5,7,3,15,0,0,12,6,18,0,5,19,9,33,28,8,36,69
07/12/2014,ALO,IA,ACE,CE,Combined TRACON& Tower with Radar,0,4,5,4,13,0,0,1,8,9,0,4,6,12,22,10,6,16,38
07/13/2014,ALO,IA,ACE,CE,Combined TRACON& Tower with Radar,0,3,12,2,17,0,0,27,8,35,0,3,39,10,52,40,0,40,92
07/14/2014,ALO,IA,ACE,CE,Combined TRACON& Tower with Radar,0,3,7,0,10,0,0,7,0,7,0,3,14,0,17,4,0,4,21
07/15/2014,ALO,IA,ACE,CE,Combined TRACON& Tower with Radar,0,3,10,2,15,0,0,9,1,10,0,3,19,3,25,16,0,16,41
07/16/2014,ALO,IA,ACE,CE,Combined TRACON& Tower with Radar,0,3,14,1,18,0,0,31,4,35,0,3,45,5,53,52,0,52,105
07/17/2014,ALO,IA,ACE,CE,Combined TRACON& Tower with Radar,0,5,19,2,26,0,0,13,7,20,0,5,32,9,46,20,0,20,66
07/18/2014,ALO,IA,ACE,CE,Combined TRACON& Tower with Radar,0,3,8,1,12,0,0,13,8,21,0,3,21,9,33,40,0,40,73
07/19/2014,ALO,IA,ACE,CE,Combined TRACON& Tower with Radar,0,2,6,1,9,0,0,15,1,16,0,2,21,2,25,22,0,22,47
07/20/2014,ALO,IA,ACE,CE,Combined TRACON& Tower with Radar,0,3,9,0,12,0,0,23,0,23,0,3,32,0,35,0,0,0,35
07/21/2014,ALO,IA,ACE,CE,Combined TRACON& Tower with Radar,0,3,14,0,17,0,0,14,1,15,0,3,28,1,32,0,0,0,32
07/22/2014,ALO,IA,ACE,CE,Combined TRACON& Tower with Radar,0,3,13,0,16,0,0,13,1,14,0,3,26,1,30,2,6,8,38
07/23/2014,ALO,IA,ACE,CE,Combined TRACON& Tower with Radar,0,6,11,0,17,0,0,30,2,32,0,6,41,2,49,36,0,36,85
07/24/2014,ALO,IA,ACE,CE,Combined TRACON& Tower with Radar,0,3,17,0,20,0,0,20,1,21,0,3,37,1,41,12,0,12,53
07/25/2014,ALO,IA,ACE,CE,Combined TRACON& Tower with Radar,0,4,7,0,11,0,0,11,3,14,0,4,18,3,25,0,0,0,25
07/26/2014,ALO,IA,ACE,CE,Combined TRACON& Tower with Radar,0,2,8,0,10,0,0,24,1,25,0,2,32,1,35,42,0,42,77
07/27/2014,ALO,IA,ACE,CE,Combined TRACON& Tower with Radar,0,3,5,0,8,0,0,9,0,9,0,3,14,0,17,0,0,0,17
07/28/2014,ALO,IA,ACE,CE,Combined TRACON& Tower with Radar,0,4,20,0,24,0,0,16,1,17,0,4,36,1,41,32,0,32,73
07/29/2014,ALO,IA,ACE,CE,Combined TRACON& Tower with Radar,0,3,17,0,20,0,0,16,1,17,0,3,33,1,37,6,0,6,43
07/30/2014,ALO,IA,ACE,CE,Combined TRACON& Tower with Radar,0,3,26,0,29,0,0,18,2,20,0,3,44,2,49,4,0,4,53
07/31/2014,ALO,IA,ACE,CE,Combined TRACON& Tower with Radar,0,3,15,0,18,0,0,31,7,38,0,3,46,7,56,8,0,8,64
08/01/2014,ALO,IA,ACE,CE,Combined TRACON& Tower with Radar,0,7,14,0,21,0,0,15,11,26,0,7,29,11,47,2,0,2,49
08/02/2014,ALO,IA,ACE,CE,Combined TRACON& Tower with Radar,0,2,13,1,16,0,0,20,7,27,0,2,33,8,43,22,8,30,73
08/03/2014,ALO,IA,ACE,CE,Combined TRACON& Tower with Radar,0,3,12,2,17,0,1,22,4,27,0,4,34,6,44,6,0,6,50
08/04/2014,ALO,IA,ACE,CE,Combined TRACON& Tower with Radar,0,5,10,2,17,0,0,3,4,7,0,5,13,6,24,2,0,2,26
08/05/2014,ALO,IA,ACE,CE,Combined TRACON& Tower with Radar,0,3,11,4,18,0,0,9,5,14,0,3,20,9,32,24,0,24,56
08/06/2014,ALO,IA,ACE,CE,Combined TRACON& Tower with Radar,0,6,20,0,26,0,0,13,9,22,0,6,33,9,48,0,22,22,70
08/07/2014,ALO,IA,ACE,CE,Combined TRACON& Tower with Radar,0,7,14,13,34,0,0,11,1,12,0,7,25,14,46,2,4,6,52
08/08/2014,ALO,IA,ACE,CE,Combined TRACON& Tower with Radar,0,3,16,0,19,0,0,23,7,30,0,3,39,7,49,16,0,16,65
08/09/2014,ALO,IA,ACE,CE,Combined TRACON& Tower with Radar,0,3,2,0,5,0,0,9,0,9,0,3,11,0,14,10,2,12,26
08/10/2014,ALO,IA,ACE,CE,Combined TRACON& Tower with Radar,0,3,4,0,7,0,0,8,0,8,0,3,12,0,15,28,0,28,43
08/11/2014,ALO,IA,ACE,CE,Combined TRACON& Tower with Radar,0,3,13,3,19,0,1,6,1,8,0,4,19,4,27,34,0,34,61
08/12/2014,ALO,IA,ACE,CE,Combined TRACON& Tower with Radar,0,3,22,2,27,0,0,18,12,30,0,3,40,14,57,0,10,10,67
08/13/2014,ALO,IA,ACE,CE,Combined TRACON& Tower with Radar,0,4,21,1,26,0,0,29,19,48,0,4,50,20,74,18,16,34,108
08/14/2014,ALO,IA,ACE,CE,Combined TRACON& Tower with Radar,0,9,5,1,15,0,4,17,14,35,0,13,22,15,50,52,2,54,104
08/15/2014,ALO,IA,ACE,CE,Combined TRACON& Tower with Radar,0,3,8,0,11,0,0,11,0,11,0,3,19,0,22,8,0,8,30
08/16/2014,ALO,IA,ACE,CE,Combined TRACON& Tower with Radar,0,2,10,7,19,0,0,14,0,14,0,2,24,7,33,8,0,8,41
08/17/2014,ALO,IA,ACE,CE,Combined TRACON& Tower with Radar,0,3,4,0,7,0,0,9,0,9,0,3,13,0,16,0,0,0,16
08/18/2014,ALO,IA,ACE,CE,Combined TRACON& Tower with Radar,0,3,17,2,22,0,0,11,1,12,0,3,28,3,34,14,10,24,58
08/19/2014,ALO,IA,ACE,CE,Combined TRACON& Tower with Radar,0,4,3,4,11,0,0,15,2,17,0,4,18,6,28,0,0,0,28
08/20/2014,ALO,IA,ACE,CE,Combined TRACON& Tower with Radar,0,4,10,1,15,0,0,10,1,11,0,4,20,2,26,0,0,0,26
08/21/2014,ALO,IA,ACE,CE,Combined TRACON& Tower with Radar,0,4,10,3,17,0,1,9,1,11,0,5,19,4,28,0,0,0,28
08/22/2014,ALO,IA,ACE,CE,Combined TRACON& Tower with Radar,0,4,7,3,14,0,0,3,2,5,0,4,10,5,19,0,0,0,19
08/23/2014,ALO,IA,ACE,CE,Combined TRACON& Tower with Radar,0,3,4,0,7,0,4,3,2,9,0,7,7,2,16,0,0,0,16
08/24/2014,ALO,IA,ACE,CE,Combined TRACON& Tower with Radar,0,3,9,1,13,0,1,9,3,13,0,4,18,4,26,0,0,0,26
08/25/2014,ALO,IA,ACE,CE,Combined TRACON& Tower with Radar,0,5,4,3,12,0,0,6,0,6,0,5,10,3,18,0,0,0,18
08/26/2014,ALO,IA,ACE,CE,Combined TRACON& Tower with Radar,0,3,23,0,26,0,0,5,0,5,0,3,28,0,31,0,0,0,31
08/27/2014,ALO,IA,ACE,CE,Combined TRACON& Tower with Radar,0,3,14,0,17,0,0,8,3,11,0,3,22,3,28,0,0,0,28
08/28/2014,ALO,IA,ACE,CE,Combined TRACON& Tower with Radar,0,3,12,1,16,0,0,4,1,5,0,3,16,2,21,0,0,0,21
08/29/2014,ALO,IA,ACE,CE,Combined TRACON& Tower with Radar,0,3,13,0,16,0,0,9,0,9,0,3,22,0,25,0,0,0,25
08/30/2014,ALO,IA,ACE,CE,Combined TRACON& Tower with Radar,0,11,1,0,12,0,0,4,0,4,0,11,5,0,16,0,0,0,16
08/31/2014,ALO,IA,ACE,CE,Combined TRACON& Tower with Radar,0,3,8,0,11,0,0,10,0,10,0,3,18,0,21,0,0,0,21
09/01/2014,ALO,IA,ACE,CE,Combined TRACON& Tower with Radar,0,3,6,0,9,0,0,12,0,12,0,3,18,0,21,2,0,2,23
09/02/2014,ALO,IA,ACE,CE,Combined TRACON& Tower with Radar,0,3,12,3,18,0,0,12,0,12,0,3,24,3,30,8,0,8,38
09/03/2014,ALO,IA,ACE,CE,Combined TRACON& Tower with Radar,0,5,18,8,31,0,0,14,0,14,0,5,32,8,45,0,0,0,45
09/04/2014,ALO,IA,ACE,CE,Combined TRACON& Tower with Radar,0,4,21,6,31,0,0,10,2,12,0,4,31,8,43,10,0,10,53
09/05/2014,ALO,IA,ACE,CE,Combined TRACON& Tower with Radar,0,4,15,0,19,0,0,4,0,4,0,4,19,0,23,40,0,40,63
09/06/2014,ALO,IA,ACE,CE,Combined TRACON& Tower with Radar,0,4,13,0,17,0,0,29,1,30,0,4,42,1,47,0,0,0,47
09/07/2014,ALO,IA,ACE,CE,Combined TRACON& Tower with Radar,0,3,11,0,14,0,0,27,0,27,0,3,38,0,41,0,0,0,41
09/08/2014,ALO,IA,ACE,CE,Combined TRACON& Tower with Radar,0,3,18,0,21,0,0,11,0,11,0,3,29,0,32,54,0,54,86
09/09/2014,ALO,IA,ACE,CE,Combined TRACON& Tower with Radar,0,3,23,0,26,0,0,9,0,9,0,3,32,0,35,6,0,6,41
09/10/2014,ALO,IA,ACE,CE,Combined TRACON& Tower with Radar,0,2,13,5,20,0,0,7,2,9,0,2,20,7,29,10,0,10,39
09/11/2014,ALO,IA,ACE,CE,Combined TRACON& Tower with Radar,0,4,31,2,37,0,0,13,6,19,0,4,44,8,56,16,2,18,74
09/12/2014,ALO,IA,ACE,CE,Combined TRACON& Tower with Radar,0,3,8,0,11,0,0,1,2,3,0,3,9,2,14,2,0,2,16
09/13/2014,ALO,IA,ACE,CE,Combined TRACON& Tower with Radar,0,2,9,0,11,0,0,36,0,36,0,2,45,0,47,52,0,52,99
09/14/2014,ALO,IA,ACE,CE,Combined TRACON& Tower with Radar,1,3,7,0,11,0,0,27,0,27,1,3,34,0,38,0,0,0,38
09/15/2014,ALO,IA,ACE,CE,Combined TRACON& Tower with Radar,0,3,26,1,30,0,0,19,1,20,0,3,45,2,50,44,0,44,94
09/16/2014,ALO,IA,ACE,CE,Combined TRACON& Tower with Radar,1,3,27,0,31,0,0,40,2,42,1,3,67,2,73,28,0,28,101
09/17/2014,ALO,IA,ACE,CE,Combined TRACON& Tower with Radar,0,4,22,1,27,0,0,30,6,36,0,4,52,7,63,60,0,60,123
09/18/2014,ALO,IA,ACE,CE,Combined TRACON& Tower with Radar,0,4,9,1,14,0,0,31,5,36,0,4,40,6,50,30,0,30,80
09/19/2014,ALO,IA,ACE,CE,Combined TRACON& Tower with Radar,1,3,7,0,11,0,0,23,0,23,1,3,30,0,34,14,0,14,48
09/20/2014,ALO,IA,ACE,CE,Combined TRACON& Tower with Radar,0,2,6,0,8,0,0,82,0,82,0,2,88,0,90,0,0,0,90
09/21/2014,ALO,IA,ACE,CE,Combined TRACON& Tower with Radar,0,3,6,0,9,0,0,5,0,5,0,3,11,0,14,0,0,0,14
09/22/2014,ALO,IA,ACE,CE,Combined TRACON& Tower with Radar,0,3,20,0,23,0,0,27,2,29,0,3,47,2,52,62,0,62,114
09/23/2014,ALO,IA,ACE,CE,Combined TRACON& Tower with Radar,0,3,19,0,22,0,0,29,0,29,0,3,48,0,51,32,0,32,83
09/24/2014,ALO,IA,ACE,CE,Combined TRACON& Tower with Radar,0,3,24,1,28,0,1,12,1,14,0,4,36,2,42,52,0,52,94
09/25/2014,ALO,IA,ACE,CE,Combined TRACON& Tower with Radar,0,3,23,0,26,0,0,22,2,24,0,3,45,2,50,48,0,48,98
09/26/2014,ALO,IA,ACE,CE,Combined TRACON& Tower with Radar,0,3,6,0,9,0,0,22,2,24,0,3,28,2,33,68,0,68,101
09/27/2014,ALO,IA,ACE,CE,Combined TRACON& Tower with Radar,0,1,9,0,10,0,2,19,2,23,0,3,28,2,33,0,0,0,33
09/28/2014,ALO,IA,ACE,CE,Combined TRACON& Tower with Radar,0,5,16,0,21,0,0,12,0,12,0,5,28,0,33,12,0,12,45
09/29/2014,ALO,IA,ACE,CE,Combined TRACON& Tower with Radar,0,5,15,0,20,0,0,9,1,10,0,5,24,1,30,44,2,46,76
09/30/2014,ALO,IA,ACE,CE,Combined TRACON& Tower with Radar,0,5,14,10,29,0,1,7,0,8,0,6,21,10,37,20,0,20,57
10/01/2014,ALO,IA,ACE,CE,Combined TRACON& Tower with Radar,1,2,26,1,30,0,0,4,0,4,1,2,30,1,34,0,0,0,34
10/02/2014,ALO,IA,ACE,CE,Combined TRACON& Tower with Radar,0,3,14,1,18,0,0,0,0,0,0,3,14,1,18,0,0,0,18
10/03/2014,ALO,IA,ACE,CE,Combined TRACON& Tower with Radar,2,7,16,0,25,0,0,9,3,12,2,7,25,3,37,4,2,6,43
10/04/2014,ALO,IA,ACE,CE,Combined TRACON& Tower with Radar,0,4,6,0,10,0,0,6,0,6,0,4,12,0,16,0,0,0,16
10/05/2014,ALO,IA,ACE,CE,Combined TRACON& Tower with Radar,1,6,14,0,21,0,0,14,0,14,1,6,28,0,35,20,0,20,55
10/06/2014,ALO,IA,ACE,CE,Combined TRACON& Tower with Radar,0,5,12,0,17,0,0,10,1,11,0,5,22,1,28,14,2,16,44
10/07/2014,ALO,IA,ACE,CE,Combined TRACON& Tower with Radar,0,5,9,0,14,0,0,15,2,17,0,5,24,2,31,32,2,34,65
10/08/2014,ALO,IA,ACE,CE,Combined TRACON& Tower with Radar,0,1,13,0,14,0,0,19,5,24,0,1,32,5,38,60,2,62,100
10/09/2014,ALO,IA,ACE,CE,Combined TRACON& Tower with Radar,0,3,9,2,14,0,0,21,6,27,0,3,30,8,41,62,0,62,103
10/10/2014,ALO,IA,ACE,CE,Combined TRACON& Tower with Radar,0,6,10,1,17,0,1,36,3,40,0,7,46,4,57,78,0,78,135
10/11/2014,ALO,IA,ACE,CE,Combined TRACON& Tower with Radar,0,3,16,0,19,0,0,31,0,31,0,3,47,0,50,22,0,22,72
10/12/2014,ALO,IA,ACE,CE,Combined TRACON& Tower with Radar,0,5,13,0,18,0,0,7,0,7,0,5,20,0,25,14,0,14,39
10/13/2014,ALO,IA,ACE,CE,Combined TRACON& Tower with Radar,0,3,7,0,10,0,0,0,0,0,0,3,7,0,10,0,0,0,10
10/14/2014,ALO,IA,ACE,CE,Combined TRACON& Tower with Radar,0,2,9,0,11,0,0,2,0,2,0,2,11,0,13,4,0,4,17
10/15/2014,ALO,IA,ACE,CE,Combined TRACON& Tower with Radar,0,3,26,2,31,0,0,34,10,44,0,3,60,12,75,22,2,24,99
10/16/2014,ALO,IA,ACE,CE,Combined TRACON& Tower with Radar,0,3,19,0,22,0,0,9,0,9,0,3,28,0,31,20,0,20,51
10/17/2014,ALO,IA,ACE,CE,Combined TRACON& Tower with Radar,0,3,13,2,18,0,0,6,2,8,0,3,19,4,26,22,0,22,48
10/18/2014,ALO,IA,ACE,CE,Combined TRACON& Tower with Radar,0,3,15,0,18,0,0,22,0,22,0,3,37,0,40,8,0,8,48
10/19/2014,ALO,IA,ACE,CE,Combined TRACON& Tower with Radar,0,3,7,0,10,0,0,25,0,25,0,3,32,0,35,22,0,22,57
10/20/2014,ALO,IA,ACE,CE,Combined TRACON& Tower with Radar,0,4,19,0,23,0,0,15,0,15,0,4,34,0,38,18,0,18,56
10/21/2014,ALO,IA,ACE,CE,Combined TRACON& Tower with Radar,0,5,23,0,28,0,0,37,1,38,0,5,60,1,66,38,0,38,104
10/22/2014,ALO,IA,ACE,CE,Combined TRACON& Tower with Radar,0,3,26,1,30,0,0,15,0,15,0,3,41,1,45,12,0,12,57
10/23/2014,ALO,IA,ACE,CE,Combined TRACON& Tower with Radar,0,5,14,2,21,0,0,0,0,0,0,5,14,2,21,0,0,0,21
10/24/2014,ALO,IA,ACE,CE,Combined TRACON& Tower with Radar,0,6,3,1,10,0,0,0,0,0,0,6,3,1,10,0,0,0,10
10/25/2014,ALO,IA,ACE,CE,Combined TRACON& Tower with Radar,0,2,6,2,10,0,0,44,1,45,0,2,50,3,55,38,0,38,93
10/26/2014,ALO,IA,ACE,CE,Combined TRACON& Tower with Radar,0,3,11,1,15,0,0,24,0,24,0,3,35,1,39,20,0,20,59
10/27/2014,ALO,IA,ACE,CE,Combined TRACON& Tower with Radar,0,3,15,0,18,0,0,21,0,21,0,3,36,0,39,16,0,16,55
10/28/2014,ALO,IA,ACE,CE,Combined TRACON& Tower with Radar,0,6,23,0,29,0,0,17,0,17,0,6,40,0,46,0,0,0,46
10/29/2014,ALO,IA,ACE,CE,Combined TRACON& Tower with Radar,0,3,16,4,23,0,0,21,2,23,0,3,37,6,46,10,0,10,56
10/30/2014,ALO,IA,ACE,CE,Combined TRACON& Tower with Radar,0,3,23,0,26,0,0,28,9,37,0,3,51,9,63,66,40,106,169
10/31/2014,ALO,IA,ACE,CE,Combined TRACON& Tower with Radar,0,1,8,0,9,0,0,4,0,4,0,1,12,0,13,16,0,16,29
11/01/2014,ALO,IA,ACE,CE,Combined TRACON& Tower with Radar,0,1,7,0,8,0,7,20,1,28,0,8,27,1,36,0,0,0,36
11/02/2014,ALO,IA,ACE,CE,Combined TRACON& Tower with Radar,0,3,3,0,6,0,0,12,0,12,0,3,15,0,18,12,0,12,30
11/03/2014,ALO,IA,ACE,CE,Combined TRACON& Tower with Radar,0,5,17,0,22,0,0,4,0,4,0,5,21,0,26,3,0,3,29
11/04/2014,ALO,IA,ACE,CE,Combined TRACON& Tower with Radar,0,3,15,0,18,0,0,11,0,11,0,3,26,0,29,34,0,34,63
11/05/2014,ALO,IA,ACE,CE,Combined TRACON& Tower with Radar,0,8,26,1,35,0,0,8,3,11,0,8,34,4,46,24,0,24,70
11/06/2014,ALO,IA,ACE,CE,Combined TRACON& Tower with Radar,0,6,33,2,41,0,0,5,0,5,0,6,38,2,46,32,0,32,78
11/07/2014,ALO,IA,ACE,CE,Combined TRACON& Tower with Radar,2,5,16,0,23,0,0,12,0,12,2,5,28,0,35,12,0,12,47
11/08/2014,ALO,IA,ACE,CE,Combined TRACON& Tower with Radar,1,2,14,0,17,0,0,20,0,20,1,2,34,0,37,16,0,16,53
11/09/2014,ALO,IA,ACE,CE,Combined TRACON& Tower with Radar,0,7,17,0,24,0,0,21,0,21,0,7,38,0,45,14,0,14,59
11/10/2014,ALO,IA,ACE,CE,Combined TRACON& Tower with Radar,0,3,6,0,9,0,0,13,1,14,0,3,19,1,23,6,0,6,29
11/11/2014,ALO,IA,ACE,CE,Combined TRACON& Tower with Radar,0,3,11,0,14,0,0,2,0,2,0,3,13,0,16,0,0,0,16
11/12/2014,ALO,IA,ACE,CE,Combined TRACON& Tower with Radar,0,3,18,0,21,0,0,2,0,2,0,3,20,0,23,0,2,2,25
11/13/2014,ALO,IA,ACE,CE,Combined TRACON& Tower with Radar,0,5,17,1,23,0,0,1,1,2,0,5,18,2,25,0,0,0,25
11/14/2014,ALO,IA,ACE,CE,Combined TRACON& Tower with Radar,2,6,15,0,23,0,0,23,3,26,2,6,38,3,49,6,6,12,61
11/15/2014,ALO,IA,ACE,CE,Combined TRACON& Tower with Radar,0,2,2,0,4,0,0,2,0,2,0,2,4,0,6,0,0,0,6
11/16/2014,ALO,IA,ACE,CE,Combined TRACON& Tower with Radar,0,2,12,0,14,0,0,10,0,10,0,2,22,0,24,0,0,0,24
11/17/2014,ALO,IA,ACE,CE,Combined TRACON& Tower with Radar,0,4,11,0,15,0,0,1,2,3,0,4,12,2,18,0,0,0,18
11/18/2014,ALO,IA,ACE,CE,Combined TRACON& Tower with Radar,0,4,15,2,21,0,0,13,4,17,0,4,28,6,38,18,4,22,60
11/19/2014,ALO,IA,ACE,CE,Combined TRACON& Tower with Radar,0,3,12,2,17,0,0,0,10,10,0,3,12,12,27,0,0,0,27
11/20/2014,ALO,IA,ACE,CE,Combined TRACON& Tower with Radar,0,4,19,1,24,0,0,18,10,28,0,4,37,11,52,8,8,16,68
11/21/2014,ALO,IA,ACE,CE,Combined TRACON& Tower with Radar,1,4,14,1,20,0,0,28,0,28,1,4,42,1,48,20,0,20,68
11/22/2014,ALO,IA,ACE,CE,Combined TRACON& Tower with Radar,0,4,8,0,12,0,0,1,0,1,0,4,9,0,13,0,0,0,13
11/23/2014,ALO,IA,ACE,CE,Combined TRACON& Tower with Radar,0,3,0,0,3,0,0,0,0,0,0,3,0,0,3,0,0,0,3
11/24/2014,ALO,IA,ACE,CE,Combined TRACON& Tower with Radar,0,6,5,0,11,0,0,0,0,0,0,6,5,0,11,0,0,0,11
11/25/2014,ALO,IA,ACE,CE,Combined TRACON& Tower with Radar,0,4,15,0,19,0,0,10,1,11,0,4,25,1,30,0,0,0,30
11/26/2014,ALO,IA,ACE,CE,Combined TRACON& Tower with Radar,0,5,13,0,18,0,0,0,0,0,0,5,13,0,18,12,0,12,30
11/27/2014,ALO,IA,ACE,CE,Combined TRACON& Tower with Radar,0,2,0,0,2,0,0,4,0,4,0,2,4,0,6,0,0,0,6
11/28/2014,ALO,IA,ACE,CE,Combined TRACON& Tower with Radar,2,3,4,0,9,0,0,9,0,9,2,3,13,0,18,0,0,0,18
11/29/2014,ALO,IA,ACE,CE,Combined TRACON& Tower with Radar,0,4,4,0,8,0,0,19,0,19,0,4,23,0,27,0,0,0,27
11/30/2014,ALO,IA,ACE,CE,Combined TRACON& Tower with Radar,0,3,9,0,12,0,0,0,0,0,0,3,9,0,12,0,0,0,12
12/01/2014,ALO,IA,ACE,CE,Combined TRACON& Tower with Radar,0,3,14,0,17,0,0,14,0,14,0,3,28,0,31,14,0,14,45
12/02/2014,ALO,IA,ACE,CE,Combined TRACON& Tower with Radar,0,3,8,2,13,0,0,8,2,10,0,3,16,4,23,12,0,12,35
12/03/2014,ALO,IA,ACE,CE,Combined TRACON& Tower with Radar,0,3,20,0,23,0,0,21,2,23,0,3,41,2,46,4,0,4,50
12/04/2014,ALO,IA,ACE,CE,Combined TRACON& Tower with Radar,0,3,9,2,14,0,0,9,1,10,0,3,18,3,24,12,32,44,68
12/05/2014,ALO,IA,ACE,CE,Combined TRACON& Tower with Radar,0,5,7,0,12,0,0,0,0,0,0,5,7,0,12,0,0,0,12
12/06/2014,ALO,IA,ACE,CE,Combined TRACON& Tower with Radar,0,2,9,8,19,0,0,28,9,37,0,2,37,17,56,10,8,18,74
12/07/2014,ALO,IA,ACE,CE,Combined TRACON& Tower with Radar,0,4,2,0,6,0,0,2,0,2,0,4,4,0,8,0,0,0,8
12/08/2014,ALO,IA,ACE,CE,Combined TRACON& Tower with Radar,0,5,4,1,10,0,0,0,1,1,0,5,4,2,11,0,0,0,11
12/09/2014,ALO,IA,ACE,CE,Combined TRACON& Tower with Radar,0,5,5,0,10,0,0,5,0,5,0,5,10,0,15,22,0,22,37
12/10/2014,ALO,IA,ACE,CE,Combined TRACON& Tower with Radar,0,4,10,2,16,0,0,9,4,13,0,4,19,6,29,22,4,26,55
12/11/2014,ALO,IA,ACE,CE,Combined TRACON& Tower with Radar,0,3,15,2,20,0,0,0,0,0,0,3,15,2,20,12,0,12,32
12/12/2014,ALO,IA,ACE,CE,Combined TRACON& Tower with Radar,0,4,9,0,13,0,0,2,0,2,0,4,11,0,15,2,0,2,17
12/13/2014,ALO,IA,ACE,CE,Combined TRACON& Tower with Radar,0,5,3,0,8,0,0,0,0,0,0,5,3,0,8,0,0,0,8
12/14/2014,ALO,IA,ACE,CE,Combined TRACON& Tower with Radar,0,4,0,0,4,0,0,0,0,0,0,4,0,0,4,0,0,0,4
12/15/2014,ALO,IA,ACE,CE,Combined TRACON& Tower with Radar,0,3,2,0,5,0,0,0,0,0,0,3,2,0,5,0,4,4,9
12/16/2014,ALO,IA,ACE,CE,Combined TRACON& Tower with Radar,0,5,15,0,20,0,0,8,2,10,0,5,23,2,30,46,0,46,76
12/17/2014,ALO,IA,ACE,CE,Combined TRACON& Tower with Radar,1,3,16,2,22,0,0,21,11,32,1,3,37,13,54,26,16,42,96
12/18/2014,ALO,IA,ACE,CE,Combined TRACON& Tower with Radar,0,5,18,4,27,0,0,17,10,27,0,5,35,14,54,26,16,42,96
12/19/2014,ALO,IA,ACE,CE,Combined TRACON& Tower with Radar,0,3,17,5,25,0,0,11,7,18,0,3,28,12,43,20,30,50,93
12/20/2014,ALO,IA,ACE,CE,Combined TRACON& Tower with Radar,0,5,4,0,9,0,0,0,0,0,0,5,4,0,9,0,0,0,9
12/21/2014,ALO,IA,ACE,CE,Combined TRACON& Tower with Radar,0,3,3,0,6,0,0,0,0,0,0,3,3,0,6,0,0,0,6
12/22/2014,ALO,IA,ACE,CE,Combined TRACON& Tower with Radar,0,3,4,0,7,0,0,0,0,0,0,3,4,0,7,0,0,0,7
12/23/2014,ALO,IA,ACE,CE,Combined TRACON& Tower with Radar,0,3,10,0,13,0,0,0,0,0,0,3,10,0,13,0,0,0,13
12/24/2014,ALO,IA,ACE,CE,Combined TRACON& Tower with Radar,0,3,0,0,3,0,0,2,0,2,0,3,2,0,5,0,0,0,5
12/25/2014,ALO,IA,ACE,CE,Combined TRACON& Tower with Radar,0,3,7,0,10,0,0,6,0,6,0,3,13,0,16,0,0,0,16
12/26/2014,ALO,IA,ACE,CE,Combined TRACON& Tower with Radar,0,4,4,0,8,0,0,11,0,11,0,4,15,0,19,16,0,16,35
12/27/2014,ALO,IA,ACE,CE,Combined TRACON& Tower with Radar,0,4,2,0,6,0,0,5,0,5,0,4,7,0,11,0,0,0,11
12/28/2014,ALO,IA,ACE,CE,Combined TRACON& Tower with Radar,0,6,2,0,8,0,0,26,0,26,0,6,28,0,34,26,0,26,60
12/29/2014,ALO,IA,ACE,CE,Combined TRACON& Tower with Radar,0,4,3,2,9,0,0,3,7,10,0,4,6,9,19,4,32,36,55
12/30/2014,ALO,IA,ACE,CE,Combined TRACON& Tower with Radar,0,3,6,2,11,0,0,17,2,19,0,3,23,4,30,12,0,12,42
12/31/2014,ALO,IA,ACE,CE,Combined TRACON& Tower with Radar,0,5,1,0,6,0,0,9,0,9,0,5,10,0,15,2,0,2,17
01/01/2015,ALO,IA,ACE,CE,Combined TRACON& Tower with Radar,0,3,2,0,5,0,0,6,0,6,0,3,8,0,11,6,0,6,17
01/02/2015,ALO,IA,ACE,CE,Combined TRACON& Tower with Radar,0,4,11,0,15,0,0,15,0,15,0,4,26,0,30,68,0,68,98
01/03/2015,ALO,IA,ACE,CE,Combined TRACON& Tower with Radar,0,3,1,0,4,0,0,2,0,2,0,3,3,0,6,0,0,0,6
01/04/2015,ALO,IA,ACE,CE,Combined TRACON& Tower with Radar,0,1,6,0,7,0,0,2,0,2,0,1,8,0,9,0,0,0,9
01/05/2015,ALO,IA,ACE,CE,Combined TRACON& Tower with Radar,0,3,3,0,6,0,0,2,0,2,0,3,5,0,8,66,0,66,74
01/06/2015,ALO,IA,ACE,CE,Combined TRACON& Tower with Radar,0,3,6,0,9,0,0,5,0,5,0,3,11,0,14,6,0,6,20
01/07/2015,ALO,IA,ACE,CE,Combined TRACON& Tower with Radar,0,3,10,0,13,0,0,1,8,9,0,3,11,8,22,0,16,16,38
01/08/2015,ALO,IA,ACE,CE,Combined TRACON& Tower with Radar,0,2,15,0,17,0,0,1,1,2,0,2,16,1,19,0,0,0,19
01/09/2015,ALO,IA,ACE,CE,Combined TRACON& Tower with Radar,0,3,4,8,15,0,0,6,2,8,0,3,10,10,23,0,4,4,27
01/10/2015,ALO,IA,ACE,CE,Combined TRACON& Tower with Radar,0,2,5,4,11,0,0,14,11,25,0,2,19,15,36,14,8,22,58
01/11/2015,ALO,IA,ACE,CE,Combined TRACON& Tower with Radar,0,5,4,2,11,0,0,8,5,13,0,5,12,7,24,0,12,12,36
01/12/2015,ALO,IA,ACE,CE,Combined TRACON& Tower with Radar,0,4,3,0,7,0,0,9,0,9,0,4,12,0,16,32,0,32,48
01/13/2015,ALO,IA,ACE,CE,Combined TRACON& Tower with Radar,0,3,9,7,19,0,0,17,3,20,0,3,26,10,39,14,6,20,59
01/14/2015,ALO,IA,ACE,CE,Combined TRACON& Tower with Radar,0,5,10,6,21,0,0,8,7,15,0,5,18,13,36,0,0,0,36
01/15/2015,ALO,IA,ACE,CE,Combined TRACON& Tower with Radar,0,3,27,7,37,0,0,32,6,38,0,3,59,13,75,94,12,106,181
01/16/2015,ALO,IA,ACE,CE,Combined TRACON& Tower with Radar,0,3,15,2,20,0,0,28,0,28,0,3,43,2,48,50,0,50,98
01/17/2015,ALO,IA,ACE,CE,Combined TRACON& Tower with Radar,0,4,6,0,10,0,0,13,0,13,0,4,19,0,23,0,0,0,23
01/18/2015,ALO,IA,ACE,CE,Combined TRACON& Tower with Radar,0,5,6,0,11,0,0,27,0,27,0,5,33,0,38,6,0,6,44
01/19/2015,ALO,IA,ACE,CE,Combined TRACON& Tower with Radar,0,3,13,0,16,0,0,11,0,11,0,3,24,0,27,46,0,46,73
01/20/2015,ALO,IA,ACE,CE,Combined TRACON& Tower with Radar,0,13,6,0,19,0,0,2,0,2,0,13,8,0,21,0,0,0,21
01/21/2015,ALO,IA,ACE,CE,Combined TRACON& Tower with Radar,0,3,19,1,23,0,0,0,1,1,0,3,19,2,24,0,0,0,24
01/22/2015,ALO,IA,ACE,CE,Combined TRACON& Tower with Radar,0,3,14,0,17,0,0,2,16,18,0,3,16,16,35,30,52,82,117
01/23/2015,ALO,IA,ACE,CE,Combined TRACON& Tower with Radar,0,3,4,4,11,0,0,16,8,24,0,3,20,12,35,30,0,30,65
01/24/2015,ALO,IA,ACE,CE,Combined TRACON& Tower with Radar,0,2,5,0,7,0,0,37,1,38,0,2,42,1,45,86,0,86,131
01/25/2015,ALO,IA,ACE,CE,Combined TRACON& Tower with Radar,0,1,9,0,10,0,0,0,0,0,0,1,9,0,10,16,0,16,26
01/26/2015,ALO,IA,ACE,CE,Combined TRACON& Tower with Radar,0,3,10,0,13,0,0,9,0,9,0,3,19,0,22,44,0,44,66
01/27/2015,ALO,IA,ACE,CE,Combined TRACON& Tower with Radar,0,3,18,2,23,0,0,7,8,15,0,3,25,10,38,44,0,44,82
01/28/2015,ALO,IA,ACE,CE,Combined TRACON& Tower with Radar,0,3,16,12,31,0,0,5,1,6,0,3,21,13,37,28,0,28,65
01/29/2015,ALO,IA,ACE,CE,Combined TRACON& Tower with Radar,0,5,4,3,12,0,0,0,4,4,0,5,4,7,16,2,14,16,32
01/30/2015,ALO,IA,ACE,CE,Combined TRACON& Tower with Radar,0,6,16,2,24,0,0,28,0,28,0,6,44,2,52,36,0,36,88
01/31/2015,ALO,IA,ACE,CE,Combined TRACON& Tower with Radar,0,5,3,0,8,0,0,9,0,9,0,5,12,0,17,16,0,16,33
02/01/2015,ALO,IA,ACE,CE,Combined TRACON& Tower with Radar,0,1,0,0,1,0,0,0,0,0,0,1,0,0,1,0,0,0,1
02/02/2015,ALO,IA,ACE,CE,Combined TRACON& Tower with Radar,0,1,10,0,11,0,0,16,0,16,0,1,26,0,27,16,0,16,43
02/03/2015,ALO,IA,ACE,CE,Combined TRACON& Tower with Radar,0,3,6,0,9,0,0,8,0,8,0,3,14,0,17,44,0,44,61
02/04/2015,ALO,IA,ACE,CE,Combined TRACON& Tower with Radar,0,4,14,0,18,0,0,14,4,18,0,4,28,4,36,36,0,36,72
02/05/2015,ALO,IA,ACE,CE,Combined TRACON& Tower with Radar,0,5,16,1,22,0,0,8,7,15,0,5,24,8,37,66,20,86,123
02/06/2015,ALO,IA,ACE,CE,Combined TRACON& Tower with Radar,0,3,18,3,24,0,0,21,2,23,0,3,39,5,47,46,0,46,93
02/07/2015,ALO,IA,ACE,CE,Combined TRACON& Tower with Radar,0,2,7,0,9,0,0,12,8,20,0,2,19,8,29,22,4,26,55
02/08/2015,ALO,IA,ACE,CE,Combined TRACON& Tower with Radar,0,3,5,0,8,0,0,0,0,0,0,3,5,0,8,0,0,0,8
02/09/2015,ALO,IA,ACE,CE,Combined TRACON& Tower with Radar,0,3,3,0,6,0,0,3,0,3,0,3,6,0,9,44,0,44,53
02/10/2015,ALO,IA,ACE,CE,Combined TRACON& Tower with Radar,0,3,11,1,15,0,0,6,1,7,0,3,17,2,22,28,4,32,54
02/11/2015,ALO,IA,ACE,CE,Combined TRACON& Tower with Radar,0,4,15,2,21,0,0,1,3,4,0,4,16,5,25,8,0,8,33
02/12/2015,ALO,IA,ACE,CE,Combined TRACON& Tower with Radar,0,3,23,2,28,0,0,7,3,10,0,3,30,5,38,26,0,26,64
02/13/2015,ALO,IA,ACE,CE,Combined TRACON& Tower with Radar,0,3,18,0,21,0,0,20,0,20,0,3,38,0,41,26,0,26,67
02/14/2015,ALO,IA,ACE,CE,Combined TRACON& Tower with Radar,0,4,1,0,5,0,0,0,0,0,0,4,1,0,5,0,0,0,5
02/15/2015,ALO,IA,ACE,CE,Combined TRACON& Tower with Radar,0,4,11,0,15,0,0,4,0,4,0,4,15,0,19,6,0,6,25
02/16/2015,ALO,IA,ACE,CE,Combined TRACON& Tower with Radar,0,9,9,0,18,0,0,8,0,8,0,9,17,0,26,8,0,8,34
02/17/2015,ALO,IA,ACE,CE,Combined TRACON& Tower with Radar,1,3,14,2,20,0,0,2,0,2,1,3,16,2,22,22,0,22,44
02/18/2015,ALO,IA,ACE,CE,Combined TRACON& Tower with Radar,0,3,13,0,16,0,0,2,0,2,0,3,15,0,18,0,2,2,20
02/19/2015,ALO,IA,ACE,CE,Combined TRACON& Tower with Radar,0,3,13,2,18,0,0,19,9,28,0,3,32,11,46,38,0,38,84
02/20/2015,ALO,IA,ACE,CE,Combined TRACON& Tower with Radar,0,3,5,1,9,0,0,7,4,11,0,3,12,5,20,18,12,30,50
02/21/2015,ALO,IA,ACE,CE,Combined TRACON& Tower with Radar,0,2,4,0,6,0,0,2,2,4,0,2,6,2,10,0,24,24,34
02/22/2015,ALO,IA,ACE,CE,Combined TRACON& Tower with Radar,0,3,5,2,10,0,0,12,1,13,0,3,17,3,23,0,0,0,23
02/23/2015,ALO,IA,ACE,CE,Combined TRACON& Tower with Radar,0,3,6,0,9,0,0,15,1,16,0,3,21,1,25,20,0,20,45
02/24/2015,ALO,IA,ACE,CE,Combined TRACON& Tower with Radar,0,4,20,0,24,0,0,9,0,9,0,4,29,0,33,22,0,22,55
02/25/2015,ALO,IA,ACE,CE,Combined TRACON& Tower with Radar,0,1,0,0,1,0,0,0,0,0,0,1,0,0,1,0,0,0,1
02/26/2015,ALO,IA,ACE,CE,Combined TRACON& Tower with Radar,0,6,20,6,32,0,0,6,19,25,0,6,26,25,57,0,8,8,65
02/27/2015,ALO,IA,ACE,CE,Combined TRACON& Tower with Radar,0,4,16,2,22,0,0,15,0,15,0,4,31,2,37,34,14,48,85
02/28/2015,ALO,IA,ACE,CE,Combined TRACON& Tower with Radar,0,3,4,0,7,0,0,8,0,8,0,3,12,0,15,0,0,0,15
03/01/2015,ALO,IA,ACE,CE,Combined TRACON& Tower with Radar,0,6,5,1,12,0,0,3,0,3,0,6,8,1,15,10,4,14,29
03/02/2015,ALO,IA,ACE,CE,Combined TRACON& Tower with Radar,0,3,13,2,18,0,0,10,6,16,0,3,23,8,34,36,0,36,70
03/03/2015,ALO,IA,ACE,CE,Combined TRACON& Tower with Radar,3,1,4,0,8,0,0,2,0,2,3,1,6,0,10,4,0,4,14
03/04/2015,ALO,IA,ACE,CE,Combined TRACON& Tower with Radar,0,4,22,2,28,0,0,13,8,21,0,4,35,10,49,28,4,32,81
03/05/2015,ALO,IA,ACE,CE,Combined TRACON& Tower with Radar,0,4,6,0,10,0,0,7,6,13,0,4,13,6,23,12,6,18,41
03/06/2015,ALO,IA,ACE,CE,Combined TRACON& Tower with Radar,0,3,10,1,14,0,0,18,2,20,0,3,28,3,34,14,0,14,48
03/07/2015,ALO,IA,ACE,CE,Combined TRACON& Tower with Radar,0,3,14,0,17,0,0,18,0,18,0,3,32,0,35,18,0,18,53
03/08/2015,ALO,IA,ACE,CE,Combined TRACON& Tower with Radar,0,3,5,0,8,0,0,24,0,24,0,3,29,0,32,40,0,40,72
03/09/2015,ALO,IA,ACE,CE,Combined TRACON& Tower with Radar,0,7,10,1,18,0,0,27,0,27,0,7,37,1,45,8,0,8,53
03/10/2015,ALO,IA,ACE,CE,Combined TRACON& Tower with Radar,0,3,28,1,32,0,0,15,0,15,0,3,43,1,47,8,0,8,55
03/11/2015,ALO,IA,ACE,CE,Combined TRACON& Tower with Radar,0,3,23,4,30,0,0,11,0,11,0,3,34,4,41,28,2,30,71
03/12/2015,ALO,IA,ACE,CE,Combined TRACON& Tower with Radar,0,4,14,1,19,0,0,13,10,23,0,4,27,11,42,6,14,20,62
03/13/2015,ALO,IA,ACE,CE,Combined TRACON& Tower with Radar,0,7,9,2,18,0,0,30,4,34,0,7,39,6,52,0,0,0,52
03/14/2015,ALO,IA,ACE,CE,Combined TRACON& Tower with Radar,0,2,13,0,15,0,2,21,0,23,0,4,34,0,38,4,0,4,42
03/15/2015,ALO,IA,ACE,CE,Combined TRACON& Tower with Radar,0,3,8,1,12,0,1,7,1,9,0,4,15,2,21,0,0,0,21
03/16/2015,ALO,IA,ACE,CE,Combined TRACON& Tower with Radar,0,3,10,3,16,0,0,9,0,9,0,3,19,3,25,0,0,0,25
03/17/2015,ALO,IA,ACE,CE,Combined TRACON& Tower with Radar,2,3,12,0,17,0,0,11,3,14,2,3,23,3,31,0,2,2,33
03/18/2015,ALO,IA,ACE,CE,Combined TRACON& Tower with Radar,0,5,11,3,19,0,0,24,9,33,0,5,35,12,52,8,4,12,64
03/19/2015,ALO,IA,ACE,CE,Combined TRACON& Tower with Radar,0,3,10,2,15,0,2,17,16,35,0,5,27,18,50,12,0,12,62
03/20/2015,ALO,IA,ACE,CE,Combined TRACON& Tower with Radar,0,3,9,0,12,0,0,18,0,18,0,3,27,0,30,3,0,3,33
03/21/2015,ALO,IA,ACE,CE,Combined TRACON& Tower with Radar,0,2,11,0,13,0,0,31,6,37,0,2,42,6,50,22,0,22,72
03/22/2015,ALO,IA,ACE,CE,Combined TRACON& Tower with Radar,0,3,12,0,15,0,0,9,5,14,0,3,21,5,29,0,0,0,29
03/23/2015,ALO,IA,ACE,CE,Combined TRACON& Tower with Radar,1,1,4,0,6,0,1,0,0,1,1,2,4,0,7,0,0,0,7
03/24/2015,ALO,IA,ACE,CE,Combined TRACON& Tower with Radar,0,5,11,0,16,0,0,1,4,5,0,5,12,4,21,0,0,0,21
03/25/2015,ALO,IA,ACE,CE,Combined TRACON& Tower with Radar,0,3,30,10,43,0,0,3,11,14,0,3,33,21,57,6,8,14,71
03/26/2015,ALO,IA,ACE,CE,Combined TRACON& Tower with Radar,0,5,35,2,42,0,0,16,5,21,0,5,51,7,63,0,0,0,63
03/27/2015,ALO,IA,ACE,CE,Combined TRACON& Tower with Radar,0,3,10,0,13,0,0,34,0,34,0,3,44,0,47,48,0,48,95
03/28/2015,ALO,IA,ACE,CE,Combined TRACON& Tower with Radar,0,2,10,0,12,0,0,25,0,25,0,2,35,0,37,46,0,46,83
03/29/2015,ALO,IA,ACE,CE,Combined TRACON& Tower with Radar,0,3,3,0,6,0,0,4,0,4,0,3,7,0,10,6,0,6,16
03/30/2015,ALO,IA,ACE,CE,Combined TRACON& Tower with Radar,0,3,13,0,16,0,0,18,1,19,0,3,31,1,35,4,0,4,39
03/31/2015,ALO,IA,ACE,CE,Combined TRACON& Tower with Radar,0,3,3,0,6,0,1,23,8,32,0,4,26,8,38,20,0,20,58
04/01/2015,ALO,IA,ACE,CE,Combined TRACON& Tower with Radar,0,4,10,0,14,0,2,2,9,13,0,6,12,9,27,4,6,10,37
04/02/2015,ALO,IA,ACE,CE,Combined TRACON& Tower with Radar,0,3,12,8,23,0,0,17,8,25,0,3,29,16,48,2,2,4,52
04/03/2015,ALO,IA,ACE,CE,Combined TRACON& Tower with Radar,0,3,20,0,23,0,0,8,2,10,0,3,28,2,33,4,2,6,39
04/04/2015,ALO,IA,ACE,CE,Combined TRACON& Tower with Radar,0,2,10,0,12,0,0,28,0,28,0,2,38,0,40,46,0,46,86
04/05/2015,ALO,IA,ACE,CE,Combined TRACON& Tower with Radar,0,3,4,0,7,0,0,19,0,19,0,3,23,0,26,0,0,0,26
04/06/2015,ALO,IA,ACE,CE,Combined TRACON& Tower with Radar,0,6,13,0,19,0,0,0,0,0,0,6,13,0,19,28,0,28,47
04/07/2015,ALO,IA,ACE,CE,Combined TRACON& Tower with Radar,0,2,16,0,18,0,0,1,0,1,0,2,17,0,19,0,0,0,19
04/08/2015,ALO,IA,ACE,CE,Combined TRACON& Tower with Radar,0,5,21,0,26,0,0,0,0,0,0,5,21,0,26,0,0,0,26
04/09/2015,ALO,IA,ACE,CE,Combined TRACON& Tower with Radar,0,1,11,0,12,0,0,0,0,0,0,1,11,0,12,0,0,0,12
04/10/2015,ALO,IA,ACE,CE,Combined TRACON& Tower with Radar,0,3,16,6,25,0,0,14,3,17,0,3,30,9,42,10,10,20,62
04/11/2015,ALO,IA,ACE,CE,Combined TRACON& Tower with Radar,0,2,14,0,16,0,0,45,6,51,0,2,59,6,67,36,56,92,159
04/12/2015,ALO,IA,ACE,CE,Combined TRACON& Tower with Radar,0,3,4,0,7,0,0,8,0,8,0,3,12,0,15,12,0,12,27
04/13/2015,ALO,IA,ACE,CE,Combined TRACON& Tower with Radar,0,3,7,1,11,0,0,13,0,13,0,3,20,1,24,66,0,66,90
04/14/2015,ALO,IA,ACE,CE,Combined TRACON& Tower with Radar,0,3,17,0,20,0,0,35,3,38,0,3,52,3,58,68,0,68,126
04/15/2015,ALO,IA,ACE,CE,Combined TRACON& Tower with Radar,0,3,25,2,30,0,0,21,9,30,0,3,46,11,60,54,6,60,120
04/16/2015,ALO,IA,ACE,CE,Combined TRACON& Tower with Radar,0,3,19,0,22,0,0,25,6,31,0,3,44,6,53,18,0,18,71
04/17/2015,ALO,IA,ACE,CE,Combined TRACON& Tower with Radar,0,4,2,0,6,0,0,32,4,36,0,4,34,4,42,40,0,40,82
04/18/2015,ALO,IA,ACE,CE,Combined TRACON& Tower with Radar,0,2,8,0,10,0,0,13,0,13,0,2,21,0,23,26,0,26,49
04/19/2015,ALO,IA,ACE,CE,Combined TRACON& Tower with Radar,0,3,5,7,15,0,0,1,0,1,0,3,6,7,16,0,4,4,20
04/20/2015,ALO,IA,ACE,CE,Combined TRACON& Tower with Radar,0,5,6,0,11,0,0,1,0,1,0,5,7,0,12,8,0,8,20
04/21/2015,ALO,IA,ACE,CE,Combined TRACON& Tower with Radar,0,4,10,2,16,0,1,6,1,8,0,5,16,3,24,0,10,10,34
04/22/2015,ALO,IA,ACE,CE,Combined TRACON& Tower with Radar,0,3,18,2,23,0,0,3,6,9,0,3,21,8,32,6,14,20,52
04/23/2015,ALO,IA,ACE,CE,Combined TRACON& Tower with Radar,0,4,12,1,17,0,1,46,13,60,0,5,58,14,77,142,2,144,221
04/24/2015,ALO,IA,ACE,CE,Combined TRACON& Tower with Radar,0,6,10,0,16,0,0,8,0,8,0,6,18,0,24,20,0,20,44
04/25/2015,ALO,IA,ACE,CE,Combined TRACON& Tower with Radar,1,2,9,0,12,0,0,5,0,5,1,2,14,0,17,26,0,26,43
04/26/2015,ALO,IA,ACE,CE,Combined TRACON& Tower with Radar,0,4,10,0,14,0,0,47,0,47,0,4,57,0,61,94,0,94,155
04/27/2015,ALO,IA,ACE,CE,Combined TRACON& Tower with Radar,0,3,14,0,17,0,0,29,2,31,0,3,43,2,48,72,0,72,120
04/28/2015,ALO,IA,ACE,CE,Combined TRACON& Tower with Radar,0,3,17,1,21,0,0,31,3,34,0,3,48,4,55,42,2,44,99
04/29/2015,ALO,IA,ACE,CE,Combined TRACON& Tower with Radar,0,4,23,3,30,0,0,24,4,28,0,4,47,7,58,46,0,46,104
04/30/2015,ALO,IA,ACE,CE,Combined TRACON& Tower with Radar,0,4,17,0,21,0,1,30,6,37,0,5,47,6,58,44,0,44,102
05/01/2015,ALO,IA,ACE,CE,Combined TRACON& Tower with Radar,0,6,16,0,22,0,0,11,3,14,0,6,27,3,36,34,0,34,70
05/02/2015,ALO,IA,ACE,CE,Combined TRACON& Tower with Radar,0,2,11,1,14,0,5,26,8,39,0,7,37,9,53,22,0,22,75
05/03/2015,ALO,IA,ACE,CE,Combined TRACON& Tower with Radar,0,3,8,0,11,0,0,9,2,11,0,3,17,2,22,0,0,0,22
05/04/2015,ALO,IA,ACE,CE,Combined TRACON& Tower with Radar,1,4,10,0,15,0,0,6,0,6,1,4,16,0,21,62,0,62,83
05/05/2015,ALO,IA,ACE,CE,Combined TRACON& Tower with Radar,1,5,30,0,36,0,0,0,0,0,1,5,30,0,36,0,0,0,36
05/06/2015,ALO,IA,ACE,CE,Combined TRACON& Tower with Radar,0,3,3,2,8,0,0,4,4,8,0,3,7,6,16,10,0,10,26
05/07/2015,ALO,IA,ACE,CE,Combined TRACON& Tower with Radar,0,3,5,2,10,0,0,11,6,17,0,3,16,8,27,24,0,24,51
05/08/2015,ALO,IA,ACE,CE,Combined TRACON& Tower with Radar,0,3,18,3,24,0,0,7,2,9,0,3,25,5,33,8,0,8,41
05/09/2015,ALO,IA,ACE,CE,Combined TRACON& Tower with Radar,0,4,20,0,24,0,0,27,0,27,0,4,47,0,51,56,0,56,107
05/10/2015,ALO,IA,ACE,CE,Combined TRACON& Tower with Radar,0,5,0,0,5,0,0,3,0,3,0,5,3,0,8,16,0,16,24
05/11/2015,ALO,IA,ACE,CE,Combined TRACON& Tower with Radar,0,4,7,0,11,0,0,6,0,6,0,4,13,0,17,28,0,28,45
05/12/2015,ALO,IA,ACE,CE,Combined TRACON& Tower with Radar,0,4,13,2,19,0,1,7,2,10,0,5,20,4,29,42,0,42,71
05/13/2015,ALO,IA,ACE,CE,Combined TRACON& Tower with Radar,0,5,13,4,22,0,0,28,5,33,0,5,41,9,55,78,0,78,133
05/14/2015,ALO,IA,ACE,CE,Combined TRACON& Tower with Radar,0,3,7,12,22,0,0,0,0,0,0,3,7,12,22,0,0,0,22
05/15/2015,ALO,IA,ACE,CE,Combined TRACON& Tower with Radar,0,3,11,5,19,0,0,4,5,9,0,3,15,10,28,22,0,22,50
05/16/2015,ALO,IA,ACE,CE,Combined TRACON& Tower with Radar,0,2,10,0,12,0,0,0,0,0,0,2,10,0,12,12,0,12,24
05/17/2015,ALO,IA,ACE,CE,Combined TRACON& Tower with Radar,0,3,6,0,9,0,0,2,0,2,0,3,8,0,11,10,0,10,21
05/18/2015,ALO,IA,ACE,CE,Combined TRACON& Tower with Radar,0,6,17,0,23,0,0,5,0,5,0,6,22,0,28,0,0,0,28
05/19/2015,ALO,IA,ACE,CE,Combined TRACON& Tower with Radar,0,3,21,3,27,0,0,25,0,25,0,3,46,3,52,90,10,100,152
05/20/2015,ALO,IA,ACE,CE,Combined TRACON& Tower with Radar,0,3,17,2,22,0,0,5,6,11,0,3,22,8,33,42,0,42,75
05/21/2015,ALO,IA,ACE,CE,Combined TRACON& Tower with Radar,0,3,14,1,18,0,1,35,2,38,0,4,49,3,56,42,0,42,98
05/22/2015,ALO,IA,ACE,CE,Combined TRACON& Tower with Radar,0,3,11,0,14,0,1,39,0,40,0,4,50,0,54,58,0,58,112
05/23/2015,ALO,IA,ACE,CE,Combined TRACON& Tower with Radar,0,2,7,0,9,0,0,9,0,9,0,2,16,0,18,10,0,10,28
05/24/2015,ALO,IA,ACE,CE,Combined TRACON& Tower with Radar,0,1,1,0,2,0,0,0,0,0,0,1,1,0,2,0,0,0,2
05/25/2015,ALO,IA,ACE,CE,Combined TRACON& Tower with Radar,0,3,3,0,6,0,0,3,0,3,0,3,6,0,9,0,0,0,9
05/26/2015,ALO,IA,ACE,CE,Combined TRACON& Tower with Radar,0,3,12,0,15,0,0,4,0,4,0,3,16,0,19,8,6,14,33
05/27/2015,ALO,IA,ACE,CE,Combined TRACON& Tower with Radar,0,3,29,3,35,0,0,44,2,46,0,3,73,5,81,90,2,92,173
05/28/2015,ALO,IA,ACE,CE,Combined TRACON& Tower with Radar,0,3,15,0,18,0,0,26,7,33,0,3,41,7,51,42,8,50,101
05/29/2015,ALO,IA,ACE,CE,Combined TRACON& Tower with Radar,0,2,7,3,12,0,0,8,2,10,0,2,15,5,22,20,0,20,42
05/30/2015,ALO,IA,ACE,CE,Combined TRACON& Tower with Radar,0,3,2,0,5,0,0,2,0,2,0,3,4,0,7,8,0,8,15
05/31/2015,ALO,IA,ACE,CE,Combined TRACON& Tower with Radar,0,3,8,0,11,0,0,38,0,38,0,3,46,0,49,30,0,30,79
06/01/2015,ALO,IA,ACE,CE,Combined TRACON& Tower with Radar,0,7,7,0,14,0,0,28,0,28,0,7,35,0,42,12,0,12,54
06/02/2015,ALO,IA,ACE,CE,Combined TRACON& Tower with Radar,0,6,14,0,20,0,0,27,2,29,0,6,41,2,49,54,2,56,105
06/03/2015,ALO,IA,ACE,CE,Combined TRACON& Tower with Radar,0,6,18,0,24,0,0,12,0,12,0,6,30,0,36,16,0,16,52
06/04/2015,ALO,IA,ACE,CE,Combined TRACON& Tower with Radar,0,3,9,1,13,0,0,21,2,23,0,3,30,3,36,44,0,44,80
06/05/2015,ALO,IA,ACE,CE,Combined TRACON& Tower with Radar,0,3,9,2,14,0,0,20,0,20,0,3,29,2,34,14,0,14,48
06/06/2015,ALO,IA,ACE,CE,Combined TRACON& Tower with Radar,0,4,3,0,7,0,0,18,0,18,0,4,21,0,25,34,2,36,61
06/07/2015,ALO,IA,ACE,CE,Combined TRACON& Tower with Radar,0,3,7,0,10,0,0,10,0,10,0,3,17,0,20,0,0,0,20
06/08/2015,ALO,IA,ACE,CE,Combined TRACON& Tower with Radar,0,3,6,0,9,0,0,16,1,17,0,3,22,1,26,48,0,48,74
06/09/2015,ALO,IA,ACE,CE,Combined TRACON& Tower with Radar,0,3,14,0,17,0,0,21,6,27,0,3,35,6,44,18,0,18,62
06/10/2015,ALO,IA,ACE,CE,Combined TRACON& Tower with Radar,0,3,17,0,20,0,0,18,4,22,0,3,35,4,42,12,0,12,54
06/11/2015,ALO,IA,ACE,CE,Combined TRACON& Tower with Radar,2,3,9,2,16,0,0,3,1,4,2,3,12,3,20,2,8,10,30
06/12/2015,ALO,IA,ACE,CE,Combined TRACON& Tower with Radar,0,6,2,1,9,0,0,7,1,8,0,6,9,2,17,16,16,32,49
06/13/2015,ALO,IA,ACE,CE,Combined TRACON& Tower with Radar,0,2,5,1,8,0,0,16,12,28,0,2,21,13,36,40,14,54,90
06/14/2015,ALO,IA,ACE,CE,Combined TRACON& Tower with Radar,0,3,8,0,11,0,0,17,0,17,0,3,25,0,28,8,0,8,36
06/15/2015,ALO,IA,ACE,CE,Combined TRACON& Tower with Radar,2,1,17,0,20,0,0,0,0,0,2,1,17,0,20,0,0,0,20
06/16/2015,ALO,IA,ACE,CE,Combined TRACON& Tower with Radar,1,3,21,0,25,0,0,46,0,46,1,3,67,0,71,14,0,14,85
06/17/2015,ALO,IA,ACE,CE,Combined TRACON& Tower with Radar,0,4,18,0,22,0,0,4,2,6,0,4,22,2,28,34,0,34,62
06/18/2015,ALO,IA,ACE,CE,Combined TRACON& Tower with Radar,0,3,25,0,28,0,0,22,2,24,0,3,47,2,52,110,0,110,162
06/19/2015,ALO,IA,ACE,CE,Combined TRACON& Tower with Radar,0,5,15,0,20,0,0,23,2,25,0,5,38,2,45,80,0,80,125
06/20/2015,ALO,IA,ACE,CE,Combined TRACON& Tower with Radar,0,2,9,0,11,0,0,4,0,4,0,2,13,0,15,0,0,0,15
06/21/2015,ALO,IA,ACE,CE,Combined TRACON& Tower with Radar,0,3,13,1,17,0,0,33,0,33,0,3,46,1,50,20,0,20,70
06/22/2015,ALO,IA,ACE,CE,Combined TRACON& Tower with Radar,0,1,9,0,10,0,0,1,1,2,0,1,10,1,12,18,0,18,30
06/23/2015,ALO,IA,ACE,CE,Combined TRACON& Tower with Radar,0,5,23,0,28,0,0,48,0,48,0,5,71,0,76,102,0,102,178
06/24/2015,ALO,IA,ACE,CE,Combined TRACON& Tower with Radar,0,4,21,5,30,0,0,27,4,31,0,4,48,9,61,16,8,24,85
06/25/2015,ALO,IA,ACE,CE,Combined TRACON& Tower with Radar,0,8,16,3,27,0,0,5,3,8,0,8,21,6,35,30,0,30,65
06/26/2015,ALO,IA,ACE,CE,Combined TRACON& Tower with Radar,0,5,30,0,35,0,0,18,0,18,0,5,48,0,53,20,0,20,73
06/27/2015,ALO,IA,ACE,CE,Combined TRACON& Tower with Radar,2,2,8,0,12,0,2,56,0,58,2,4,64,0,70,68,0,68,138
06/28/2015,ALO,IA,ACE,CE,Combined TRACON& Tower with Radar,0,3,16,2,21,0,0,5,0,5,0,3,21,2,26,8,0,8,34
06/29/2015,ALO,IA,ACE,CE,Combined TRACON& Tower with Radar,0,3,13,4,20,0,0,14,0,14,0,3,27,4,34,38,0,38,72
06/30/2015,ALO,IA,ACE,CE,Combined TRACON& Tower with Radar,0,3,17,2,22,0,0,23,7,30,0,3,40,9,52,88,0,88,140
07/01/2015,ALO,IA,ACE,CE,Combined TRACON& Tower with Radar,0,3,27,1,31,0,0,25,2,27,0,3,52,3,58,56,2,58,116
07/02/2015,ALO,IA,ACE,CE,Combined TRACON& Tower with Radar,0,3,19,2,24,0,1,45,2,48,0,4,64,4,72,68,12,80,152
07/03/2015,ALO,IA,ACE,CE,Combined TRACON& Tower with Radar,0,3,15,0,18,0,0,28,0,28,0,3,43,0,46,66,0,66,112
07/04/2015,ALO,IA,ACE,CE,Combined TRACON& Tower with Radar,0,4,6,0,10,0,0,27,0,27,0,4,33,0,37,0,0,0,37
07/05/2015,ALO,IA,ACE,CE,Combined TRACON& Tower with Radar,0,5,9,0,14,0,0,16,0,16,0,5,25,0,30,0,0,0,30
07/06/2015,ALO,IA,ACE,CE,Combined TRACON& Tower with Radar,0,3,10,0,13,0,0,3,0,3,0,3,13,0,16,0,0,0,16
07/07/2015,ALO,IA,ACE,CE,Combined TRACON& Tower with Radar,0,3,6,0,9,0,0,42,0,42,0,3,48,0,51,70,0,70,121
07/08/2015,ALO,IA,ACE,CE,Combined TRACON& Tower with Radar,0,3,26,4,33,0,0,32,4,36,0,3,58,8,69,18,0,18,87
07/09/2015,ALO,IA,ACE,CE,Combined TRACON& Tower with Radar,0,3,15,2,20,0,0,41,9,50,0,3,56,11,70,56,8,64,134
07/10/2015,ALO,IA,ACE,CE,Combined TRACON& Tower with Radar,0,3,18,0,21,0,0,46,0,46,0,3,64,0,67,22,0,22,89
07/11/2015,ALO,IA,ACE,CE,Combined TRACON& Tower with Radar,0,2,13,0,15,0,0,7,0,7,0,2,20,0,22,0,0,0,22
07/12/2015,ALO,IA,ACE,CE,Combined TRACON& Tower with Radar,0,4,19,4,27,0,0,5,0,5,0,4,24,4,32,30,0,30,62
07/13/2015,ALO,IA,ACE,CE,Combined TRACON& Tower with Radar,0,4,23,0,27,0,0,14,2,16,0,4,37,2,43,36,0,36,79
07/14/2015,ALO,IA,ACE,CE,Combined TRACON& Tower with Radar,0,3,23,2,28,0,0,45,0,45,0,3,68,2,73,64,0,64,137
07/15/2015,ALO,IA,ACE,CE,Combined TRACON& Tower with Radar,0,3,43,4,50,0,0,12,2,14,0,3,55,6,64,32,0,32,96
07/16/2015,ALO,IA,ACE,CE,Combined TRACON& Tower with Radar,0,3,18,0,21,0,0,4,2,6,0,3,22,2,27,0,8,8,35
07/17/2015,ALO,IA,ACE,CE,Combined TRACON& Tower with Radar,0,4,21,2,27,0,0,44,4,48,0,4,65,6,75,24,0,24,99
07/18/2015,ALO,IA,ACE,CE,Combined TRACON& Tower with Radar,0,3,9,0,12,0,0,33,0,33,0,3,42,0,45,24,0,24,69
07/19/2015,ALO,IA,ACE,CE,Combined TRACON& Tower with Radar,0,4,14,0,18,0,0,24,0,24,0,4,38,0,42,44,0,44,86
07/20/2015,ALO,IA,ACE,CE,Combined TRACON& Tower with Radar,0,3,10,0,13,0,0,20,0,20,0,3,30,0,33,32,0,32,65
07/21/2015,ALO,IA,ACE,CE,Combined TRACON& Tower with Radar,0,3,16,2,21,0,0,52,5,57,0,3,68,7,78,36,0,36,114
07/22/2015,ALO,IA,ACE,CE,Combined TRACON& Tower with Radar,0,5,28,3,36,0,0,38,8,46,0,5,66,11,82,12,0,12,94
07/23/2015,ALO,IA,ACE,CE,Combined TRACON& Tower with Radar,0,3,24,3,30,0,0,48,5,53,0,3,72,8,83,66,0,66,149
07/24/2015,ALO,IA,ACE,CE,Combined TRACON& Tower with Radar,0,3,7,1,11,0,0,12,4,16,0,3,19,5,27,10,0,10,37
07/25/2015,ALO,IA,ACE,CE,Combined TRACON& Tower with Radar,5,2,11,0,18,0,0,21,2,23,5,2,32,2,41,0,0,0,41
07/26/2015,ALO,IA,ACE,CE,Combined TRACON& Tower with Radar,0,3,7,0,10,0,0,16,0,16,0,3,23,0,26,0,0,0,26
07/27/2015,ALO,IA,ACE,CE,Combined TRACON& Tower with Radar,0,3,10,0,13,0,0,12,1,13,0,3,22,1,26,0,0,0,26
07/28/2015,ALO,IA,ACE,CE,Combined TRACON& Tower with Radar,0,3,6,0,9,0,0,9,0,9,0,3,15,0,18,18,0,18,36
07/29/2015,ALO,IA,ACE,CE,Combined TRACON& Tower with Radar,0,3,20,2,25,0,0,20,6,26,0,3,40,8,51,44,14,58,109
07/30/2015,ALO,IA,ACE,CE,Combined TRACON& Tower with Radar,0,3,13,4,20,0,0,32,5,37,0,3,45,9,57,38,0,38,95
07/31/2015,ALO,IA,ACE,CE,Combined TRACON& Tower with Radar,0,3,23,2,28,0,0,25,2,27,0,3,48,4,55,2,0,2,57
08/01/2015,ALO,IA,ACE,CE,Combined TRACON& Tower with Radar,0,2,5,0,7,0,0,15,0,15,0,2,20,0,22,2,0,2,24
08/02/2015,ALO,IA,ACE,CE,Combined TRACON& Tower with Radar,0,4,11,0,15,0,0,6,0,6,0,4,17,0,21,2,0,2,23
08/03/2015,ALO,IA,ACE,CE,Combined TRACON& Tower with Radar,0,5,11,6,22,0,0,19,0,19,0,5,30,6,41,22,0,22,63
08/04/2015,ALO,IA,ACE,CE,Combined TRACON& Tower with Radar,0,3,20,1,24,0,1,29,11,41,0,4,49,12,65,48,20,68,133
08/05/2015,ALO,IA,ACE,CE,Combined TRACON& Tower with Radar,0,3,17,3,23,0,0,19,10,29,0,3,36,13,52,74,0,74,126
08/06/2015,ALO,IA,ACE,CE,Combined TRACON& Tower with Radar,0,5,23,0,28,0,0,41,4,45,0,5,64,4,73,48,0,48,121
08/07/2015,ALO,IA,ACE,CE,Combined TRACON& Tower with Radar,0,4,18,5,27,0,0,17,2,19,0,4,35,7,46,54,0,54,100
08/08/2015,ALO,IA,ACE,CE,Combined TRACON& Tower with Radar,0,2,6,0,8,0,0,9,0,9,0,2,15,0,17,12,0,12,29
08/09/2015,ALO,IA,ACE,CE,Combined TRACON& Tower with Radar,0,3,23,0,26,0,0,5,0,5,0,3,28,0,31,0,0,0,31
08/10/2015,ALO,IA,ACE,CE,Combined TRACON& Tower with Radar,0,3,9,1,13,0,0,15,0,15,0,3,24,1,28,18,0,18,46
08/11/2015,ALO,IA,ACE,CE,Combined TRACON& Tower with Radar,0,7,13,0,20,0,0,18,1,19,0,7,31,1,39,10,2,12,51
08/12/2015,ALO,IA,ACE,CE,Combined TRACON& Tower with Radar,0,3,22,1,26,0,1,33,3,37,0,4,55,4,63,34,12,46,109
08/13/2015,ALO,IA,ACE,CE,Combined TRACON& Tower with Radar,0,3,22,2,27,0,0,31,6,37,0,3,53,8,64,38,10,48,112
08/14/2015,ALO,IA,ACE,CE,Combined TRACON& Tower with Radar,8,3,9,2,22,0,0,20,0,20,8,3,29,2,42,0,0,0,42
08/15/2015,ALO,IA,ACE,CE,Combined TRACON& Tower with Radar,0,5,7,0,12,0,0,25,1,26,0,5,32,1,38,16,0,16,54
08/16/2015,ALO,IA,ACE,CE,Combined TRACON& Tower with Radar,0,3,6,0,9,0,0,17,0,17,0,3,23,0,26,0,0,0,26
08/17/2015,ALO,IA,ACE,CE,Combined TRACON& Tower with Radar,0,3,8,0,11,0,0,1,2,3,0,3,9,2,14,38,0,38,52
08/18/2015,ALO,IA,ACE,CE,Combined TRACON& Tower with Radar,0,5,10,0,15,0,0,3,0,3,0,5,13,0,18,0,0,0,18
08/19/2015,ALO,IA,ACE,CE,Combined TRACON& Tower with Radar,0,3,10,0,13,0,0,0,4,4,0,3,10,4,17,0,6,6,23
08/20/2015,ALO,IA,ACE,CE,Combined TRACON& Tower with Radar,0,3,19,4,26,0,0,33,5,38,0,3,52,9,64,16,2,18,82
08/21/2015,ALO,IA,ACE,CE,Combined TRACON& Tower with Radar,0,4,13,1,18,0,0,33,0,33,0,4,46,1,51,48,0,48,99
08/22/2015,ALO,IA,ACE,CE,Combined TRACON& Tower with Radar,0,3,7,0,10,0,0,13,0,13,0,3,20,0,23,8,0,8,31
08/23/2015,ALO,IA,ACE,CE,Combined TRACON& Tower with Radar,0,5,6,1,12,0,0,17,0,17,0,5,23,1,29,0,0,0,29
08/24/2015,ALO,IA,ACE,CE,Combined TRACON& Tower with Radar,0,3,18,0,21,0,0,11,0,11,0,3,29,0,32,0,0,0,32
08/25/2015,ALO,IA,ACE,CE,Combined TRACON& Tower with Radar,0,3,19,1,23,0,0,23,5,28,0,3,42,6,51,22,0,22,73
08/26/2015,ALO,IA,ACE,CE,Combined TRACON& Tower with Radar,0,6,25,1,32,0,0,35,5,40,0,6,60,6,72,24,0,24,96
08/27/2015,ALO,IA,ACE,CE,Combined TRACON& Tower with Radar,0,4,17,3,24,0,0,30,10,40,0,4,47,13,64,18,10,28,92
08/28/2015,ALO,IA,ACE,CE,Combined TRACON& Tower with Radar,0,3,2,0,5,0,0,0,0,0,0,3,2,0,5,0,0,0,5
08/29/2015,ALO,IA,ACE,CE,Combined TRACON& Tower with Radar,0,2,21,0,23,0,0,3,0,3,0,2,24,0,26,66,0,66,92
08/30/2015,ALO,IA,ACE,CE,Combined TRACON& Tower with Radar,0,3,15,0,18,0,0,16,0,16,0,3,31,0,34,12,0,12,46
08/31/2015,ALO,IA,ACE,CE,Combined TRACON& Tower with Radar,0,3,21,0,24,0,0,16,0,16,0,3,37,0,40,54,0,54,94
09/01/2015,ALO,IA,ACE,CE,Combined TRACON& Tower with Radar,0,5,20,0,25,0,0,28,3,31,0,5,48,3,56,0,0,0,56
09/02/2015,ALO,IA,ACE,CE,Combined TRACON& Tower with Radar,0,3,43,1,47,0,0,21,13,34,0,3,64,14,81,30,0,30,111
09/03/2015,ALO,IA,ACE,CE,Combined TRACON& Tower with Radar,0,3,21,1,25,0,0,18,5,23,0,3,39,6,48,8,0,8,56
09/04/2015,ALO,IA,ACE,CE,Combined TRACON& Tower with Radar,0,3,17,2,22,0,0,29,0,29,0,3,46,2,51,32,0,32,83
09/05/2015,ALO,IA,ACE,CE,Combined TRACON& Tower with Radar,0,0,10,0,10,0,0,33,4,37,0,0,43,4,47,0,0,0,47
09/06/2015,ALO,IA,ACE,CE,Combined TRACON& Tower with Radar,0,2,9,0,11,0,0,16,0,16,0,2,25,0,27,0,0,0,27
09/07/2015,ALO,IA,ACE,CE,Combined TRACON& Tower with Radar,0,2,7,0,9,0,0,2,0,2,0,2,9,0,11,0,0,0,11
09/08/2015,ALO,IA,ACE,CE,Combined TRACON& Tower with Radar,0,2,19,0,21,0,0,14,11,25,0,2,33,11,46,14,0,14,60
09/09/2015,ALO,IA,ACE,CE,Combined TRACON& Tower with Radar,0,5,27,4,36,0,0,17,4,21,0,5,44,8,57,14,0,14,71
09/10/2015,ALO,IA,ACE,CE,Combined TRACON& Tower with Radar,0,5,20,1,26,0,0,9,2,11,0,5,29,3,37,6,0,6,43
09/11/2015,ALO,IA,ACE,CE,Combined TRACON& Tower with Radar,1,6,15,0,22,0,0,12,1,13,1,6,27,1,35,0,0,0,35
09/12/2015,ALO,IA,ACE,CE,Combined TRACON& Tower with Radar,1,2,12,0,15,0,0,23,3,26,1,2,35,3,41,38,0,38,79
09/13/2015,ALO,IA,ACE,CE,Combined TRACON& Tower with Radar,0,3,8,0,11,0,0,25,0,25,0,3,33,0,36,10,0,10,46
09/14/2015,ALO,IA,ACE,CE,Combined TRACON& Tower with Radar,0,3,16,0,19,0,0,13,0,13,0,3,29,0,32,12,0,12,44
09/15/2015,ALO,IA,ACE,CE,Combined TRACON& Tower with Radar,0,3,18,0,21,0,0,17,5,22,0,3,35,5,43,4,0,4,47
09/16/2015,ALO,IA,ACE,CE,Combined TRACON& Tower with Radar,0,3,19,0,22,0,0,27,4,31,0,3,46,4,53,32,0,32,85
09/17/2015,ALO,IA,ACE,CE,Combined TRACON& Tower with Radar,0,3,11,3,17,0,2,6,7,15,0,5,17,10,32,24,0,24,56
09/18/2015,ALO,IA,ACE,CE,Combined TRACON& Tower with Radar,2,3,12,0,17,0,2,10,1,13,2,5,22,1,30,8,0,8,38
09/19/2015,ALO,IA,ACE,CE,Combined TRACON& Tower with Radar,0,3,5,0,8,0,1,202,1,204,0,4,207,1,212,22,0,22,234
09/20/2015,ALO,IA,ACE,CE,Combined TRACON& Tower with Radar,2,3,9,0,14,0,1,18,0,19,2,4,27,0,33,3,0,3,36
09/21/2015,ALO,IA,ACE,CE,Combined TRACON& Tower with Radar,0,4,11,0,15,0,0,31,0,31,0,4,42,0,46,76,0,76,122
09/22/2015,ALO,IA,ACE,CE,Combined TRACON& Tower with Radar,1,4,20,0,25,0,0,31,3,34,1,4,51,3,59,66,0,66,125
09/23/2015,ALO,IA,ACE,CE,Combined TRACON& Tower with Radar,0,3,19,1,23,0,0,29,4,33,0,3,48,5,56,40,0,40,96
09/24/2015,ALO,IA,ACE,CE,Combined TRACON& Tower with Radar,0,5,16,0,21,0,0,23,0,23,0,5,39,0,44,62,0,62,106
09/25/2015,ALO,IA,ACE,CE,Combined TRACON& Tower with Radar,0,4,12,0,16,0,2,24,2,28,0,6,36,2,44,30,0,30,74
09/26/2015,ALO,IA,ACE,CE,Combined TRACON& Tower with Radar,0,2,2,0,4,0,0,35,0,35,0,2,37,0,39,34,0,34,73
09/27/2015,ALO,IA,ACE,CE,Combined TRACON& Tower with Radar,0,3,9,0,12,0,0,14,2,16,0,3,23,2,28,8,0,8,36
09/28/2015,ALO,IA,ACE,CE,Combined TRACON& Tower with Radar,0,7,22,4,33,0,0,18,1,19,0,7,40,5,52,16,0,16,68
09/29/2015,ALO,IA,ACE,CE,Combined TRACON& Tower with Radar,0,9,10,4,23,0,0,5,2,7,0,9,15,6,30,0,0,0,30
09/30/2015,ALO,IA,ACE,CE,Combined TRACON& Tower with Radar,0,4,20,0,24,0,0,19,0,19,0,4,39,0,43,0,0,0,43
10/01/2015,ALO,IA,ACE,CE,Combined TRACON& Tower with Radar,0,3,29,4,36,0,0,33,0,33,0,3,62,4,69,14,0,14,83
10/02/2015,ALO,IA,ACE,CE,Combined TRACON& Tower with Radar,0,4,14,0,18,0,0,31,1,32,0,4,45,1,50,22,0,22,72
10/03/2015,ALO,IA,ACE,CE,Combined TRACON& Tower with Radar,0,2,10,0,12,0,0,19,0,19,0,2,29,0,31,6,0,6,37
10/04/2015,ALO,IA,ACE,CE,Combined TRACON& Tower with Radar,0,8,7,0,15,0,0,3,0,3,0,8,10,0,18,0,0,0,18
10/05/2015,ALO,IA,ACE,CE,Combined TRACON& Tower with Radar,0,3,9,0,12,0,0,15,0,15,0,3,24,0,27,14,0,14,41
10/06/2015,ALO,IA,ACE,CE,Combined TRACON& Tower with Radar,0,5,22,1,28,0,0,23,2,25,0,5,45,3,53,28,0,28,81
10/07/2015,ALO,IA,ACE,CE,Combined TRACON& Tower with Radar,0,3,27,1,31,0,0,17,3,20,0,3,44,4,51,0,0,0,51
10/08/2015,ALO,IA,ACE,CE,Combined TRACON& Tower with Radar,0,4,25,1,30,0,1,17,4,22,0,5,42,5,52,4,26,30,82
10/09/2015,ALO,IA,ACE,CE,Combined TRACON& Tower with Radar,2,3,15,3,23,0,0,18,1,19,2,3,33,4,42,38,0,38,80
10/10/2015,ALO,IA,ACE,CE,Combined TRACON& Tower with Radar,1,4,10,0,15,0,0,26,1,27,1,4,36,1,42,6,0,6,48
10/11/2015,ALO,IA,ACE,CE,Combined TRACON& Tower with Radar,0,3,25,0,28,0,0,17,2,19,0,3,42,2,47,6,0,6,53
10/12/2015,ALO,IA,ACE,CE,Combined TRACON& Tower with Radar,0,5,7,0,12,0,0,4,0,4,0,5,11,0,16,12,0,12,28
10/13/2015,ALO,IA,ACE,CE,Combined TRACON& Tower with Radar,0,6,9,6,21,0,0,10,2,12,0,6,19,8,33,42,0,42,75
10/14/2015,ALO,IA,ACE,CE,Combined TRACON& Tower with Radar,0,3,26,4,33,0,0,19,7,26,0,3,45,11,59,36,6,42,101
10/15/2015,ALO,IA,ACE,CE,Combined TRACON& Tower with Radar,0,4,21,2,27,0,0,13,3,16,0,4,34,5,43,8,0,8,51
10/16/2015,ALO,IA,ACE,CE,Combined TRACON& Tower with Radar,0,3,9,1,13,0,0,8,3,11,0,3,17,4,24,4,0,4,28
10/17/2015,ALO,IA,ACE,CE,Combined TRACON& Tower with Radar,0,3,9,0,12,0,0,25,0,25,0,3,34,0,37,0,0,0,37
10/18/2015,ALO,IA,ACE,CE,Combined TRACON& Tower with Radar,0,3,13,0,16,0,0,18,0,18,0,3,31,0,34,2,0,2,36
10/19/2015,ALO,IA,ACE,CE,Combined TRACON& Tower with Radar,0,3,6,0,9,0,0,8,0,8,0,3,14,0,17,8,0,8,25
10/20/2015,ALO,IA,ACE,CE,Combined TRACON& Tower with Radar,0,3,8,0,11,0,0,14,4,18,0,3,22,4,29,48,0,48,77
10/21/2015,ALO,IA,ACE,CE,Combined TRACON& Tower with Radar,0,3,9,0,12,0,0,13,1,14,0,3,22,1,26,20,0,20,46
10/22/2015,ALO,IA,ACE,CE,Combined TRACON& Tower with Radar,0,5,15,1,21,0,1,37,9,47,0,6,52,10,68,9,2,11,79
10/23/2015,ALO,IA,ACE,CE,Combined TRACON& Tower with Radar,0,5,13,1,19,0,0,3,0,3,0,5,16,1,22,0,0,0,22
10/24/2015,ALO,IA,ACE,CE,Combined TRACON& Tower with Radar,0,2,9,0,11,0,0,10,2,12,0,2,19,2,23,10,0,10,33
10/25/2015,ALO,IA,ACE,CE,Combined TRACON& Tower with Radar,0,4,15,0,19,0,0,38,3,41,0,4,53,3,60,12,0,12,72
10/26/2015,ALO,IA,ACE,CE,Combined TRACON& Tower with Radar,0,3,5,0,8,0,0,22,0,22,0,3,27,0,30,12,0,12,42
10/27/2015,ALO,IA,ACE,CE,Combined TRACON& Tower with Radar,0,3,19,5,27,0,0,10,3,13,0,3,29,8,40,10,0,10,50
10/28/2015,ALO,IA,ACE,CE,Combined TRACON& Tower with Radar,0,5,17,1,23,0,1,4,4,9,0,6,21,5,32,4,0,4,36
10/29/2015,ALO,IA,ACE,CE,Combined TRACON& Tower with Radar,0,5,28,2,35,0,0,11,1,12,0,5,39,3,47,4,0,4,51
10/30/2015,ALO,IA,ACE,CE,Combined TRACON& Tower with Radar,0,4,24,0,28,0,1,21,0,22,0,5,45,0,50,34,0,34,84
10/31/2015,ALO,IA,ACE,CE,Combined TRACON& Tower with Radar,0,3,13,0,16,0,1,3,0,4,0,4,16,0,20,0,0,0,20
11/01/2015,ALO,IA,ACE,CE,Combined TRACON& Tower with Radar,0,2,15,0,17,0,0,32,0,32,0,2,47,0,49,14,0,14,63
11/02/2015,ALO,IA,ACE,CE,Combined TRACON& Tower with Radar,0,3,16,4,23,0,0,31,2,33,0,3,47,6,56,42,0,42,98
11/03/2015,ALO,IA,ACE,CE,Combined TRACON& Tower with Radar,0,3,19,0,22,0,0,29,0,29,0,3,48,0,51,56,0,56,107
11/04/2015,ALO,IA,ACE,CE,Combined TRACON& Tower with Radar,0,3,19,2,24,0,0,14,1,15,0,3,33,3,39,0,0,0,39
11/05/2015,ALO,IA,ACE,CE,Combined TRACON& Tower with Radar,0,3,21,0,24,0,0,5,1,6,0,3,26,1,30,20,8,28,58
11/06/2015,ALO,IA,ACE,CE,Combined TRACON& Tower with Radar,0,7,13,2,22,0,0,10,1,11,0,7,23,3,33,0,0,0,33
11/07/2015,ALO,IA,ACE,CE,Combined TRACON& Tower with Radar,0,3,9,0,12,0,2,72,3,77,0,5,81,3,89,36,0,36,125
11/08/2015,ALO,IA,ACE,CE,Combined TRACON& Tower with Radar,0,3,6,1,10,0,0,28,1,29,0,3,34,2,39,26,6,32,71
11/09/2015,ALO,IA,ACE,CE,Combined TRACON& Tower with Radar,0,3,11,0,14,0,2,23,1,26,0,5,34,1,40,2,0,2,42
11/10/2015,ALO,IA,ACE,CE,Combined TRACON& Tower with Radar,0,8,24,1,33,0,0,25,2,27,0,8,49,3,60,70,0,70,130
11/11/2015,ALO,IA,ACE,CE,Combined TRACON& Tower with Radar,0,2,4,0,6,0,0,3,0,3,0,2,7,0,9,22,0,22,31
11/12/2015,ALO,IA,ACE,CE,Combined TRACON& Tower with Radar,0,3,10,2,15,0,0,2,5,7,0,3,12,7,22,8,0,8,30
11/13/2015,ALO,IA,ACE,CE,Combined TRACON& Tower with Radar,2,5,20,2,29,0,0,12,2,14,2,5,32,4,43,14,0,14,57
11/14/2015,ALO,IA,ACE,CE,Combined TRACON& Tower with Radar,0,3,12,0,15,0,2,38,0,40,0,5,50,0,55,42,2,44,99
11/15/2015,ALO,IA,ACE,CE,Combined TRACON& Tower with Radar,0,3,7,0,10,0,0,9,0,9,0,3,16,0,19,4,0,4,23
11/16/2015,ALO,IA,ACE,CE,Combined TRACON& Tower with Radar,0,7,11,0,18,0,0,1,0,1,0,7,12,0,19,14,0,14,33
11/17/2015,ALO,IA,ACE,CE,Combined TRACON& Tower with Radar,0,6,2,1,9,0,0,0,2,2,0,6,2,3,11,16,0,16,27
11/18/2015,ALO,IA,ACE,CE,Combined TRACON& Tower with Radar,0,4,13,1,18,0,0,0,6,6,0,4,13,7,24,0,0,0,24
11/19/2015,ALO,IA,ACE,CE,Combined TRACON& Tower with Radar,0,3,13,1,17,0,0,7,6,13,0,3,20,7,30,2,8,10,40
11/20/2015,ALO,IA,ACE,CE,Combined TRACON& Tower with Radar,3,3,11,0,17,0,0,2,0,2,3,3,13,0,19,0,0,0,19
11/21/2015,ALO,IA,ACE,CE,Combined TRACON& Tower with Radar,2,1,0,0,3,0,0,17,0,17,2,1,17,0,20,12,0,12,32
11/22/2015,ALO,IA,ACE,CE,Combined TRACON& Tower with Radar,0,1,11,0,12,0,0,3,0,3,0,1,14,0,15,0,0,0,15
11/23/2015,ALO,IA,ACE,CE,Combined TRACON& Tower with Radar,0,5,20,2,27,0,0,20,4,24,0,5,40,6,51,46,0,46,97
11/24/2015,ALO,IA,ACE,CE,Combined TRACON& Tower with Radar,0,3,19,1,23,0,1,32,5,38,0,4,51,6,61,30,0,30,91
11/25/2015,ALO,IA,ACE,CE,Combined TRACON& Tower with Radar,0,3,10,0,13,0,0,14,0,14,0,3,24,0,27,24,0,24,51
11/26/2015,ALO,IA,ACE,CE,Combined TRACON& Tower with Radar,0,2,1,0,3,0,0,0,0,0,0,2,1,0,3,0,0,0,3
11/27/2015,ALO,IA,ACE,CE,Combined TRACON& Tower with Radar,0,5,0,0,5,0,0,0,0,0,0,5,0,0,5,0,0,0,5
11/28/2015,ALO,IA,ACE,CE,Combined TRACON& Tower with Radar,0,5,12,0,17,0,0,26,0,26,0,5,38,0,43,0,0,0,43
11/29/2015,ALO,IA,ACE,CE,Combined TRACON& Tower with Radar,0,3,10,0,13,0,0,11,0,11,0,3,21,0,24,4,0,4,28
11/30/2015,ALO,IA,ACE,CE,Combined TRACON& Tower with Radar,0,3,8,0,11,0,0,2,0,2,0,3,10,0,13,8,0,8,21
12/01/2015,ALO,IA,ACE,CE,Combined TRACON& Tower with Radar,0,3,10,0,13,0,0,4,0,4,0,3,14,0,17,0,0,0,17
12/02/2015,ALO,IA,ACE,CE,Combined TRACON& Tower with Radar,0,5,27,1,33,0,0,9,1,10,0,5,36,2,43,20,0,20,63
12/03/2015,ALO,IA,ACE,CE,Combined TRACON& Tower with Radar,0,3,22,1,26,0,0,16,3,19,0,3,38,4,45,10,0,10,55
12/04/2015,ALO,IA,ACE,CE,Combined TRACON& Tower with Radar,2,7,22,2,33,0,1,24,3,28,2,8,46,5,61,36,4,40,101
12/05/2015,ALO,IA,ACE,CE,Combined TRACON& Tower with Radar,0,2,17,1,20,0,0,28,6,34,0,2,45,7,54,12,12,24,78
12/06/2015,ALO,IA,ACE,CE,Combined TRACON& Tower with Radar,2,7,16,0,25,0,0,3,0,3,2,7,19,0,28,18,0,18,46
12/07/2015,ALO,IA,ACE,CE,Combined TRACON& Tower with Radar,0,6,17,2,25,0,1,9,2,12,0,7,26,4,37,6,0,6,43
12/08/2015,ALO,IA,ACE,CE,Combined TRACON& Tower with Radar,0,4,19,0,23,0,0,19,2,21,0,4,38,2,44,12,0,12,56
12/09/2015,ALO,IA,ACE,CE,Combined TRACON& Tower with Radar,0,7,22,4,33,0,2,34,0,36,0,9,56,4,69,0,0,0,69
12/10/2015,ALO,IA,ACE,CE,Combined TRACON& Tower with Radar,0,5,8,0,13,0,0,6,3,9,0,5,14,3,22,42,0,42,64
12/11/2015,ALO,IA,ACE,CE,Combined TRACON& Tower with Radar,1,3,12,0,16,0,0,19,0,19,1,3,31,0,35,18,0,18,53
12/12/2015,ALO,IA,ACE,CE,Combined TRACON& Tower with Radar,2,3,6,0,11,0,0,0,0,0,2,3,6,0,11,0,0,0,11
12/13/2015,ALO,IA,ACE,CE,Combined TRACON& Tower with Radar,0,3,12,0,15,0,0,0,0,0,0,3,12,0,15,0,0,0,15
12/14/2015,ALO,IA,ACE,CE,Combined TRACON& Tower with Radar,0,4,13,0,17,0,0,2,0,2,0,4,15,0,19,12,0,12,31
12/15/2015,ALO,IA,ACE,CE,Combined TRACON& Tower with Radar,0,7,13,0,20,0,0,0,0,0,0,7,13,0,20,18,0,18,38
12/16/2015,ALO,IA,ACE,CE,Combined TRACON& Tower with Radar,0,3,13,0,16,0,0,3,1,4,0,3,16,1,20,0,0,0,20
12/17/2015,ALO,IA,ACE,CE,Combined TRACON& Tower with Radar,0,3,18,2,23,0,0,15,3,18,0,3,33,5,41,10,0,10,51
12/18/2015,ALO,IA,ACE,CE,Combined TRACON& Tower with Radar,0,4,22,0,26,0,0,9,0,9,0,4,31,0,35,24,0,24,59
12/19/2015,ALO,IA,ACE,CE,Combined TRACON& Tower with Radar,0,5,15,0,20,0,0,24,0,24,0,5,39,0,44,8,0,8,52
12/20/2015,ALO,IA,ACE,CE,Combined TRACON& Tower with Radar,0,6,14,0,20,0,2,13,0,15,0,8,27,0,35,4,0,4,39
12/21/2015,ALO,IA,ACE,CE,Combined TRACON& Tower with Radar,0,6,2,0,8,0,0,0,0,0,0,6,2,0,8,0,0,0,8
12/22/2015,ALO,IA,ACE,CE,Combined TRACON& Tower with Radar,0,4,13,2,19,0,0,0,0,0,0,4,13,2,19,0,0,0,19
12/23/2015,ALO,IA,ACE,CE,Combined TRACON& Tower with Radar,0,2,4,0,6,0,0,0,0,0,0,2,4,0,6,0,0,0,6
12/24/2015,ALO,IA,ACE,CE,Combined TRACON& Tower with Radar,0,3,2,0,5,0,0,3,0,3,0,3,5,0,8,0,0,0,8
12/25/2015,ALO,IA,ACE,CE,Combined TRACON& Tower with Radar,0,4,0,0,4,0,0,0,0,0,0,4,0,0,4,0,0,0,4
12/26/2015,ALO,IA,ACE,CE,Combined TRACON& Tower with Radar,0,2,5,0,7,0,0,0,0,0,0,2,5,0,7,0,0,0,7
12/27/2015,ALO,IA,ACE,CE,Combined TRACON& Tower with Radar,0,6,9,0,15,0,1,7,0,8,0,7,16,0,23,0,0,0,23
12/28/2015,ALO,IA,ACE,CE,Combined TRACON& Tower with Radar,0,1,1,0,2,0,0,0,0,0,0,1,1,0,2,0,0,0,2
12/29/2015,ALO,IA,ACE,CE,Combined TRACON& Tower with Radar,0,4,5,0,9,0,0,14,1,15,0,4,19,1,24,8,2,10,34
12/30/2015,ALO,IA,ACE,CE,Combined TRACON& Tower with Radar,0,1,6,2,9,0,0,2,1,3,0,1,8,3,12,0,0,0,12
12/31/2015,ALO,IA,ACE,CE,Combined TRACON& Tower with Radar,0,3,4,1,8,0,0,16,3,19,0,3,20,4,27,34,0,34,61
01/01/2016,ALO,IA,ACE,CE,Combined TRACON& Tower with Radar,0,5,1,0,6,0,0,7,0,7,0,5,8,0,13,0,0,0,13
01/02/2016,ALO,IA,ACE,CE,Combined TRACON& Tower with Radar,0,2,8,0,10,0,0,13,0,13,0,2,21,0,23,12,0,12,35
01/03/2016,ALO,IA,ACE,CE,Combined TRACON& Tower with Radar,0,3,6,0,9,0,0,2,0,2,0,3,8,0,11,38,0,38,49
01/04/2016,ALO,IA,ACE,CE,Combined TRACON& Tower with Radar,0,3,4,0,7,0,0,0,0,0,0,3,4,0,7,18,0,18,25
01/05/2016,ALO,IA,ACE,CE,Combined TRACON& Tower with Radar,0,8,4,0,12,0,0,10,0,10,0,8,14,0,22,32,0,32,54
01/06/2016,ALO,IA,ACE,CE,Combined TRACON& Tower with Radar,0,3,7,0,10,0,0,10,2,12,0,3,17,2,22,20,0,20,42
01/07/2016,ALO,IA,ACE,CE,Combined TRACON& Tower with Radar,0,4,3,0,7,0,0,0,0,0,0,4,3,0,7,0,0,0,7
01/08/2016,ALO,IA,ACE,CE,Combined TRACON& Tower with Radar,0,1,5,0,6,0,0,0,0,0,0,1,5,0,6,0,0,0,6
01/09/2016,ALO,IA,ACE,CE,Combined TRACON& Tower with Radar,0,2,1,2,5,0,0,0,8,8,0,2,1,10,13,4,18,22,35
01/10/2016,ALO,IA,ACE,CE,Combined TRACON& Tower with Radar,0,4,16,0,20,0,0,11,0,11,0,4,27,0,31,6,4,10,41
01/11/2016,ALO,IA,ACE,CE,Combined TRACON& Tower with Radar,0,4,11,0,15,0,0,0,0,0,0,4,11,0,15,0,0,0,15
01/12/2016,ALO,IA,ACE,CE,Combined TRACON& Tower with Radar,0,5,18,1,24,0,0,5,1,6,0,5,23,2,30,4,0,4,34
01/13/2016,ALO,IA,ACE,CE,Combined TRACON& Tower with Radar,0,3,14,8,25,0,2,17,9,28,0,5,31,17,53,10,6,16,69
01/14/2016,ALO,IA,ACE,CE,Combined TRACON& Tower with Radar,0,6,28,2,36,0,0,37,0,37,0,6,65,2,73,34,0,34,107
01/15/2016,ALO,IA,ACE,CE,Combined TRACON& Tower with Radar,0,4,16,0,20,0,0,1,2,3,0,4,17,2,23,0,4,4,27
01/16/2016,ALO,IA,ACE,CE,Combined TRACON& Tower with Radar,0,3,9,0,12,0,0,8,0,8,0,3,17,0,20,2,0,2,22
01/17/2016,ALO,IA,ACE,CE,Combined TRACON& Tower with Radar,0,3,5,0,8,0,0,2,0,2,0,3,7,0,10,0,0,0,10
01/18/2016,ALO,IA,ACE,CE,Combined TRACON& Tower with Radar,0,3,8,0,11,0,0,8,0,8,0,3,16,0,19,4,0,4,23
01/19/2016,ALO,IA,ACE,CE,Combined TRACON& Tower with Radar,0,3,11,1,15,0,0,9,1,10,0,3,20,2,25,26,4,30,55
01/20/2016,ALO,IA,ACE,CE,Combined TRACON& Tower with Radar,0,3,18,10,31,0,0,11,2,13,0,3,29,12,44,20,30,50,94
01/21/2016,ALO,IA,ACE,CE,Combined TRACON& Tower with Radar,0,3,19,5,27,0,0,20,2,22,0,3,39,7,49,16,29,45,94
01/22/2016,ALO,IA,ACE,CE,Combined TRACON& Tower with Radar,0,3,11,0,14,0,0,6,0,6,0,3,17,0,20,4,0,4,24
01/23/2016,ALO,IA,ACE,CE,Combined TRACON& Tower with Radar,0,3,11,0,14,0,0,5,0,5,0,3,16,0,19,0,0,0,19
01/24/2016,ALO,IA,ACE,CE,Combined TRACON& Tower with Radar,0,3,1,0,4,0,0,0,0,0,0,3,1,0,4,0,0,0,4
01/25/2016,ALO,IA,ACE,CE,Combined TRACON& Tower with Radar,0,3,3,0,6,0,0,0,0,0,0,3,3,0,6,0,0,0,6
01/26/2016,ALO,IA,ACE,CE,Combined TRACON& Tower with Radar,0,3,4,0,7,0,0,10,2,12,0,3,14,2,19,0,8,8,27
01/27/2016,ALO,IA,ACE,CE,Combined TRACON& Tower with Radar,0,3,20,2,25,0,0,9,0,9,0,3,29,2,34,0,0,0,34
01/28/2016,ALO,IA,ACE,CE,Combined TRACON& Tower with Radar,0,4,15,1,20,4,0,16,9,29,4,4,31,10,49,4,0,4,53
01/29/2016,ALO,IA,ACE,CE,Combined TRACON& Tower with Radar,0,3,16,1,20,0,0,19,1,20,0,3,35,2,40,14,0,14,54
01/30/2016,ALO,IA,ACE,CE,Combined TRACON& Tower with Radar,0,3,34,0,37,0,0,27,0,27,0,3,61,0,64,22,0,22,86
01/31/2016,ALO,IA,ACE,CE,Combined TRACON& Tower with Radar,0,6,11,0,17,0,1,9,0,10,0,7,20,0,27,12,0,12,39
02/01/2016,ALO,IA,ACE,CE,Combined TRACON& Tower with Radar,0,4,4,0,8,0,0,0,0,0,0,4,4,0,8,0,0,0,8
02/02/2016,ALO,IA,ACE,CE,Combined TRACON& Tower with Radar,0,1,0,0,1,0,0,2,0,2,0,1,2,0,3,0,0,0,3
02/03/2016,ALO,IA,ACE,CE,Combined TRACON& Tower with Radar,0,6,6,0,12,0,0,3,0,3,0,6,9,0,15,12,0,12,27
02/04/2016,ALO,IA,ACE,CE,Combined TRACON& Tower with Radar,0,4,16,2,22,0,0,10,2,12,0,4,26,4,34,6,8,14,48
02/05/2016,ALO,IA,ACE,CE,Combined TRACON& Tower with Radar,0,2,21,3,26,0,0,20,7,27,0,2,41,10,53,22,6,28,81
02/06/2016,ALO,IA,ACE,CE,Combined TRACON& Tower with Radar,0,5,0,0,5,0,0,0,0,0,0,5,0,0,5,0,0,0,5
02/07/2016,ALO,IA,ACE,CE,Combined TRACON& Tower with Radar,0,3,9,1,13,0,0,11,8,19,0,3,20,9,32,12,6,18,50
02/08/2016,ALO,IA,ACE,CE,Combined TRACON& Tower with Radar,0,3,3,0,6,0,0,0,0,0,0,3,3,0,6,0,0,0,6
02/09/2016,ALO,IA,ACE,CE,Combined TRACON& Tower with Radar,0,3,6,0,9,0,0,1,1,2,0,3,7,1,11,0,2,2,13
02/10/2016,ALO,IA,ACE,CE,Combined TRACON& Tower with Radar,0,7,20,0,27,0,0,21,3,24,0,7,41,3,51,36,4,40,91
02/11/2016,ALO,IA,ACE,CE,Combined TRACON& Tower with Radar,0,3,6,4,13,0,0,24,5,29,0,3,30,9,42,16,4,20,62
02/12/2016,ALO,IA,ACE,CE,Combined TRACON& Tower with Radar,0,5,12,0,17,0,0,1,0,1,0,5,13,0,18,0,0,0,18
02/13/2016,ALO,IA,ACE,CE,Combined TRACON& Tower with Radar,0,3,6,0,9,0,0,23,0,23,0,3,29,0,32,22,0,22,54
02/14/2016,ALO,IA,ACE,CE,Combined TRACON& Tower with Radar,0,4,3,0,7,0,0,0,0,0,0,4,3,0,7,0,0,0,7
02/15/2016,ALO,IA,ACE,CE,Combined TRACON& Tower with Radar,0,3,10,0,13,0,0,4,0,4,0,3,14,0,17,50,0,50,67
02/16/2016,ALO,IA,ACE,CE,Combined TRACON& Tower with Radar,0,5,5,0,10,0,0,0,0,0,0,5,5,0,10,0,0,0,10
02/17/2016,ALO,IA,ACE,CE,Combined TRACON& Tower with Radar,0,3,17,10,30,0,0,33,6,39,0,3,50,16,69,19,0,19,88
02/18/2016,ALO,IA,ACE,CE,Combined TRACON& Tower with Radar,0,6,11,2,19,0,0,0,4,4,0,6,11,6,23,22,0,22,45
02/19/2016,ALO,IA,ACE,CE,Combined TRACON& Tower with Radar,0,1,12,0,13,0,0,2,0,2,0,1,14,0,15,0,0,0,15
02/20/2016,ALO,IA,ACE,CE,Combined TRACON& Tower with Radar,0,3,7,0,10,0,0,35,0,35,0,3,42,0,45,64,0,64,109
02/21/2016,ALO,IA,ACE,CE,Combined TRACON& Tower with Radar,0,3,3,0,6,0,0,6,0,6,0,3,9,0,12,10,0,10,22
02/22/2016,ALO,IA,ACE,CE,Combined TRACON& Tower with Radar,0,5,4,0,9,0,0,10,0,10,0,5,14,0,19,34,0,34,53
02/23/2016,ALO,IA,ACE,CE,Combined TRACON& Tower with Radar,0,7,15,0,22,0,0,16,1,17,0,7,31,1,39,26,0,26,65
02/24/2016,ALO,IA,ACE,CE,Combined TRACON& Tower with Radar,0,1,12,1,14,0,0,5,5,10,0,1,17,6,24,30,16,46,70
02/25/2016,ALO,IA,ACE,CE,Combined TRACON& Tower with Radar,0,2,9,2,13,0,0,9,6,15,0,2,18,8,28,0,0,0,28
02/26/2016,ALO,IA,ACE,CE,Combined TRACON& Tower with Radar,0,6,20,0,26,0,0,26,2,28,0,6,46,2,54,48,0,48,102
02/27/2016,ALO,IA,ACE,CE,Combined TRACON& Tower with Radar,0,4,7,0,11,0,0,30,0,30,0,4,37,0,41,34,0,34,75
02/28/2016,ALO,IA,ACE,CE,Combined TRACON& Tower with Radar,0,4,8,0,12,0,0,4,0,4,0,4,12,0,16,0,0,0,16
02/29/2016,ALO,IA,ACE,CE,Combined TRACON& Tower with Radar,0,3,4,0,7,0,1,11,0,12,0,4,15,0,19,34,0,34,53
03/01/2016,ALO,IA,ACE,CE,Combined TRACON& Tower with Radar,0,0,15,0,15,0,0,5,3,8,0,0,20,3,23,8,0,8,31
03/02/2016,ALO,IA,ACE,CE,Combined TRACON& Tower with Radar,0,3,15,2,20,0,0,12,0,12,0,3,27,2,32,16,0,16,48
03/03/2016,ALO,IA,ACE,CE,Combined TRACON& Tower with Radar,0,5,10,2,17,0,0,2,3,5,0,5,12,5,22,58,0,58,80
03/04/2016,ALO,IA,ACE,CE,Combined TRACON& Tower with Radar,0,3,11,1,15,0,0,4,2,6,0,3,15,3,21,0,0,0,21
03/05/2016,ALO,IA,ACE,CE,Combined TRACON& Tower with Radar,0,1,2,0,3,0,0,10,1,11,0,1,12,1,14,130,12,142,156
03/06/2016,ALO,IA,ACE,CE,Combined TRACON& Tower with Radar,0,3,3,1,7,0,0,15,2,17,0,3,18,3,24,6,0,6,30
03/07/2016,ALO,IA,ACE,CE,Combined TRACON& Tower with Radar,0,3,22,0,25,0,0,17,0,17,0,3,39,0,42,88,0,88,130
03/08/2016,ALO,IA,ACE,CE,Combined TRACON& Tower with Radar,0,2,21,2,25,0,0,9,6,15,0,2,30,8,40,4,0,4,44
03/09/2016,ALO,IA,ACE,CE,Combined TRACON& Tower with Radar,0,3,34,3,40,0,0,10,7,17,0,3,44,10,57,18,0,18,75
03/10/2016,ALO,IA,ACE,CE,Combined TRACON& Tower with Radar,0,3,8,13,24,0,0,21,0,21,0,3,29,13,45,38,4,42,87
03/11/2016,ALO,IA,ACE,CE,Combined TRACON& Tower with Radar,0,4,21,1,26,0,0,60,4,64,0,4,81,5,90,106,4,110,200
03/12/2016,ALO,IA,ACE,CE,Combined TRACON& Tower with Radar,0,2,15,0,17,0,0,19,12,31,0,2,34,12,48,26,36,62,110
03/13/2016,ALO,IA,ACE,CE,Combined TRACON& Tower with Radar,0,3,2,0,5,0,0,0,0,0,0,3,2,0,5,0,0,0,5
03/14/2016,ALO,IA,ACE,CE,Combined TRACON& Tower with Radar,0,3,20,0,23,0,0,1,0,1,0,3,21,0,24,0,0,0,24
03/15/2016,ALO,IA,ACE,CE,Combined TRACON& Tower with Radar,0,3,10,0,13,0,0,0,0,0,0,3,10,0,13,0,0,0,13
03/16/2016,ALO,IA,ACE,CE,Combined TRACON& Tower with Radar,2,4,10,0,16,0,0,0,2,2,2,4,10,2,18,0,0,0,18
03/17/2016,ALO,IA,ACE,CE,Combined TRACON& Tower with Radar,0,3,15,1,19,0,0,17,4,21,0,3,32,5,40,6,0,6,46
03/18/2016,ALO,IA,ACE,CE,Combined TRACON& Tower with Radar,0,3,11,0,14,0,0,26,0,26,0,3,37,0,40,40,0,40,80
03/19/2016,ALO,IA,ACE,CE,Combined TRACON& Tower with Radar,0,1,6,0,7,0,0,1,0,1,0,1,7,0,8,0,0,0,8
03/20/2016,ALO,IA,ACE,CE,Combined TRACON& Tower with Radar,0,7,14,0,21,0,0,24,0,24,0,7,38,0,45,40,0,40,85
03/21/2016,ALO,IA,ACE,CE,Combined TRACON& Tower with Radar,1,4,17,0,22,0,0,20,0,20,1,4,37,0,42,12,0,12,54
03/22/2016,ALO,IA,ACE,CE,Combined TRACON& Tower with Radar,0,3,14,0,17,0,0,40,1,41,0,3,54,1,58,18,4,22,80
03/23/2016,ALO,IA,ACE,CE,Combined TRACON& Tower with Radar,0,5,2,0,7,0,0,0,0,0,0,5,2,0,7,0,0,0,7
03/24/2016,ALO,IA,ACE,CE,Combined TRACON& Tower with Radar,0,3,13,2,18,0,1,0,2,3,0,4,13,4,21,0,0,0,21
03/25/2016,ALO,IA,ACE,CE,Combined TRACON& Tower with Radar,0,3,11,1,15,0,0,37,4,41,0,3,48,5,56,16,0,16,72
03/26/2016,ALO,IA,ACE,CE,Combined TRACON& Tower with Radar,0,1,7,0,8,0,0,18,0,18,0,1,25,0,26,14,0,14,40
03/27/2016,ALO,IA,ACE,CE,Combined TRACON& Tower with Radar,0,3,8,0,11,0,0,2,0,2,0,3,10,0,13,0,0,0,13
03/28/2016,ALO,IA,ACE,CE,Combined TRACON& Tower with Radar,0,3,26,3,32,0,0,52,1,53,0,3,78,4,85,104,0,104,189
03/29/2016,ALO,IA,ACE,CE,Combined TRACON& Tower with Radar,0,6,17,0,23,0,0,13,0,13,0,6,30,0,36,56,0,56,92
03/30/2016,ALO,IA,ACE,CE,Combined TRACON& Tower with Radar,0,4,10,0,14,0,0,6,0,6,0,4,16,0,20,8,0,8,28
03/31/2016,ALO,IA,ACE,CE,Combined TRACON& Tower with Radar,0,3,11,1,15,0,1,3,2,6,0,4,14,3,21,8,12,20,41
04/01/2016,ALO,IA,ACE,CE,Combined TRACON& Tower with Radar,0,3,3,2,8,0,0,3,4,7,0,3,6,6,15,0,0,0,15
04/02/2016,ALO,IA,ACE,CE,Combined TRACON& Tower with Radar,0,1,3,0,4,0,0,6,2,8,0,1,9,2,12,0,0,0,12
04/03/2016,ALO,IA,ACE,CE,Combined TRACON& Tower with Radar,0,3,3,0,6,0,0,3,2,5,0,3,6,2,11,0,0,0,11
04/04/2016,ALO,IA,ACE,CE,Combined TRACON& Tower with Radar,0,7,15,0,22,0,0,46,0,46,0,7,61,0,68,48,0,48,116
04/05/2016,ALO,IA,ACE,CE,Combined TRACON& Tower with Radar,0,3,4,0,7,0,0,1,0,1,0,3,5,0,8,22,0,22,30
04/06/2016,ALO,IA,ACE,CE,Combined TRACON& Tower with Radar,0,5,10,3,18,0,0,5,2,7,0,5,15,5,25,6,4,10,35
04/07/2016,ALO,IA,ACE,CE,Combined TRACON& Tower with Radar,0,4,10,2,16,0,0,3,3,6,0,4,13,5,22,4,14,18,40
04/08/2016,ALO,IA,ACE,CE,Combined TRACON& Tower with Radar,0,4,6,2,12,0,0,10,4,14,0,4,16,6,26,38,28,66,92
04/09/2016,ALO,IA,ACE,CE,Combined TRACON& Tower with Radar,0,1,14,0,15,0,0,55,1,56,0,1,69,1,71,112,0,112,183
04/10/2016,ALO,IA,ACE,CE,Combined TRACON& Tower with Radar,0,3,7,0,10,0,0,4,0,4,0,3,11,0,14,0,0,0,14
04/11/2016,ALO,IA,ACE,CE,Combined TRACON& Tower with Radar,0,3,18,0,21,0,1,25,1,27,0,4,43,1,48,2,2,4,52
04/12/2016,ALO,IA,ACE,CE,Combined TRACON& Tower with Radar,0,3,12,0,15,0,1,35,1,37,0,4,47,1,52,32,0,32,84
04/13/2016,ALO,IA,ACE,CE,Combined TRACON& Tower with Radar,0,3,20,2,25,0,0,34,1,35,0,3,54,3,60,66,5,71,131
04/14/2016,ALO,IA,ACE,CE,Combined TRACON& Tower with Radar,0,3,22,0,25,0,1,15,5,21,0,4,37,5,46,61,2,63,109
04/15/2016,ALO,IA,ACE,CE,Combined TRACON& Tower with Radar,0,3,22,0,25,0,0,26,2,28,0,3,48,2,53,12,4,16,69
04/16/2016,ALO,IA,ACE,CE,Combined TRACON& Tower with Radar,0,1,11,0,12,0,0,18,0,18,0,1,29,0,30,4,0,4,34
04/17/2016,ALO,IA,ACE,CE,Combined TRACON& Tower with Radar,0,5,13,0,18,0,0,20,0,20,0,5,33,0,38,20,0,20,58
04/18/2016,ALO,IA,ACE,CE,Combined TRACON& Tower with Radar,0,3,22,0,25,0,1,27,0,28,0,4,49,0,53,24,0,24,77
04/19/2016,ALO,IA,ACE,CE,Combined TRACON& Tower with Radar,0,3,27,0,30,0,0,1,0,1,0,3,28,0,31,0,0,0,31
04/20/2016,ALO,IA,ACE,CE,Combined TRACON& Tower with Radar,0,3,11,14,28,0,0,0,6,6,0,3,11,20,34,0,10,10,44
04/21/2016,ALO,IA,ACE,CE,Combined TRACON& Tower with Radar,0,4,24,0,28,0,0,11,0,11,0,4,35,0,39,16,0,16,55
04/22/2016,ALO,IA,ACE,CE,Combined TRACON& Tower with Radar,0,3,14,3,20,0,0,16,0,16,0,3,30,3,36,74,0,74,110
04/23/2016,ALO,IA,ACE,CE,Combined TRACON& Tower with Radar,0,1,9,0,10,0,0,35,3,38,0,1,44,3,48,34,0,34,82
04/24/2016,ALO,IA,ACE,CE,Combined TRACON& Tower with Radar,0,3,7,0,10,0,1,19,0,20,0,4,26,0,30,12,0,12,42
04/25/2016,ALO,IA,ACE,CE,Combined TRACON& Tower with Radar,0,4,20,0,24,0,0,22,1,23,0,4,42,1,47,12,0,12,59
04/26/2016,ALO,IA,ACE,CE,Combined TRACON& Tower with Radar,1,3,19,0,23,0,0,7,0,7,1,3,26,0,30,72,0,72,102
04/27/2016,ALO,IA,ACE,CE,Combined TRACON& Tower with Radar,0,3,6,0,9,0,0,3,0,3,0,3,9,0,12,0,0,0,12
04/28/2016,ALO,IA,ACE,CE,Combined TRACON& Tower with Radar,0,7,13,0,20,0,0,0,0,0,0,7,13,0,20,0,0,0,20
04/29/2016,ALO,IA,ACE,CE,Combined TRACON& Tower with Radar,0,3,14,6,23,0,0,14,4,18,0,3,28,10,41,14,6,20,61
04/30/2016,ALO,IA,ACE,CE,Combined TRACON& Tower with Radar,0,1,3,0,4,0,0,0,0,0,0,1,3,0,4,0,0,0,4
05/01/2016,ALO,IA,ACE,CE,Combined TRACON& Tower with Radar,0,3,8,0,11,0,0,1,1,2,0,3,9,1,13,0,24,24,37
05/02/2016,ALO,IA,ACE,CE,Combined TRACON& Tower with Radar,0,3,13,0,16,0,0,29,0,29,0,3,42,0,45,6,0,6,51
05/03/2016,ALO,IA,ACE,CE,Combined TRACON& Tower with Radar,0,3,20,0,23,0,0,32,5,37,0,3,52,5,60,52,0,52,112
05/04/2016,ALO,IA,ACE,CE,Combined TRACON& Tower with Radar,0,4,11,3,18,0,0,26,3,29,0,4,37,6,47,18,6,24,71
05/05/2016,ALO,IA,ACE,CE,Combined TRACON& Tower with Radar,0,5,21,3,29,0,1,64,8,73,0,6,85,11,102,32,0,32,134
05/06/2016,ALO,IA,ACE,CE,Combined TRACON& Tower with Radar,0,3,23,0,26,0,0,21,3,24,0,3,44,3,50,22,0,22,72
05/07/2016,ALO,IA,ACE,CE,Combined TRACON& Tower with Radar,0,1,15,0,16,0,0,6,0,6,0,1,21,0,22,0,0,0,22
05/08/2016,ALO,IA,ACE,CE,Combined TRACON& Tower with Radar,0,3,4,0,7,0,0,11,0,11,0,3,15,0,18,0,0,0,18
05/09/2016,ALO,IA,ACE,CE,Combined TRACON& Tower with Radar,0,3,8,0,11,0,0,0,0,0,0,3,8,0,11,0,0,0,11
05/10/2016,ALO,IA,ACE,CE,Combined TRACON& Tower with Radar,0,3,21,0,24,0,0,7,0,7,0,3,28,0,31,0,0,0,31
05/11/2016,ALO,IA,ACE,CE,Combined TRACON& Tower with Radar,0,3,38,0,41,0,0,0,0,0,0,3,38,0,41,0,0,0,41
05/12/2016,ALO,IA,ACE,CE,Combined TRACON& Tower with Radar,0,3,35,4,42,0,0,26,3,29,0,3,61,7,71,68,0,68,139
05/13/2016,ALO,IA,ACE,CE,Combined TRACON& Tower with Radar,0,5,15,1,21,0,0,18,2,20,0,5,33,3,41,4,0,4,45
05/14/2016,ALO,IA,ACE,CE,Combined TRACON& Tower with Radar,0,1,7,0,8,0,0,33,10,43,0,1,40,10,51,32,0,32,83
05/15/2016,ALO,IA,ACE,CE,Combined TRACON& Tower with Radar,0,3,7,0,10,0,0,36,0,36,0,3,43,0,46,64,0,64,110
05/16/2016,ALO,IA,ACE,CE,Combined TRACON& Tower with Radar,0,3,16,0,19,0,0,31,0,31,0,3,47,0,50,44,0,44,94
05/17/2016,ALO,IA,ACE,CE,Combined TRACON& Tower with Radar,0,6,24,0,30,0,0,21,0,21,0,6,45,0,51,36,0,36,87
05/18/2016,ALO,IA,ACE,CE,Combined TRACON& Tower with Radar,0,3,30,1,34,0,2,36,2,40,0,5,66,3,74,26,0,26,100
05/19/2016,ALO,IA,ACE,CE,Combined TRACON& Tower with Radar,0,3,16,1,20,0,0,33,4,37,0,3,49,5,57,26,0,26,83
05/20/2016,ALO,IA,ACE,CE,Combined TRACON& Tower with Radar,0,3,19,0,22,0,0,34,2,36,0,3,53,2,58,42,0,42,100
05/21/2016,ALO,IA,ACE,CE,Combined TRACON& Tower with Radar,0,1,14,0,15,0,0,35,0,35,0,1,49,0,50,0,0,0,50
05/22/2016,ALO,IA,ACE,CE,Combined TRACON& Tower with Radar,0,3,17,0,20,0,0,26,0,26,0,3,43,0,46,12,0,12,58
05/23/2016,ALO,IA,ACE,CE,Combined TRACON& Tower with Radar,0,3,11,0,14,0,2,17,0,19,0,5,28,0,33,40,0,40,73
05/24/2016,ALO,IA,ACE,CE,Combined TRACON& Tower with Radar,1,3,22,0,26,0,0,18,3,21,1,3,40,3,47,32,0,32,79
05/25/2016,ALO,IA,ACE,CE,Combined TRACON& Tower with Radar,0,5,24,0,29,0,0,4,7,11,0,5,28,7,40,18,0,18,58
05/26/2016,ALO,IA,ACE,CE,Combined TRACON& Tower with Radar,1,3,19,1,24,0,1,21,4,26,1,4,40,5,50,16,0,16,66
05/27/2016,ALO,IA,ACE,CE,Combined TRACON& Tower with Radar,0,4,7,0,11,0,0,4,0,4,0,4,11,0,15,0,0,0,15
05/28/2016,ALO,IA,ACE,CE,Combined TRACON& Tower with Radar,0,1,11,0,12,0,0,3,0,3,0,1,14,0,15,0,0,0,15
05/29/2016,ALO,IA,ACE,CE,Combined TRACON& Tower with Radar,0,1,11,0,12,0,0,14,2,16,0,1,25,2,28,10,0,10,38
05/30/2016,ALO,IA,ACE,CE,Combined TRACON& Tower with Radar,0,4,5,0,9,0,1,12,0,13,0,5,17,0,22,0,0,0,22
05/31/2016,ALO,IA,ACE,CE,Combined TRACON& Tower with Radar,0,3,24,2,29,0,0,20,0,20,0,3,44,2,49,14,0,14,63
06/01/2016,ALO,IA,ACE,CE,Combined TRACON& Tower with Radar,0,3,18,1,22,0,4,39,5,48,0,7,57,6,70,32,4,36,106
06/02/2016,ALO,IA,ACE,CE,Combined TRACON& Tower with Radar,0,4,25,0,29,0,0,49,1,50,0,4,74,1,79,28,0,28,107
06/03/2016,ALO,IA,ACE,CE,Combined TRACON& Tower with Radar,0,3,11,0,14,0,0,60,0,60,0,3,71,0,74,0,0,0,74
06/04/2016,ALO,IA,ACE,CE,Combined TRACON& Tower with Radar,2,3,3,1,9,0,2,10,0,12,2,5,13,1,21,8,0,8,29
06/05/2016,ALO,IA,ACE,CE,Combined TRACON& Tower with Radar,0,3,5,0,8,0,0,24,0,24,0,3,29,0,32,8,14,22,54
06/06/2016,ALO,IA,ACE,CE,Combined TRACON& Tower with Radar,0,5,18,0,23,0,0,15,0,15,0,5,33,0,38,52,0,52,90
06/07/2016,ALO,IA,ACE,CE,Combined TRACON& Tower with Radar,0,3,31,0,34,0,0,16,0,16,0,3,47,0,50,64,0,64,114
06/08/2016,ALO,IA,ACE,CE,Combined TRACON& Tower with Radar,0,3,16,0,19,0,0,27,1,28,0,3,43,1,47,26,0,26,73
06/09/2016,ALO,IA,ACE,CE,Combined TRACON& Tower with Radar,0,3,15,0,18,0,0,19,0,19,0,3,34,0,37,0,0,0,37
06/10/2016,ALO,IA,ACE,CE,Combined TRACON& Tower with Radar,0,3,17,0,20,0,0,22,4,26,0,3,39,4,46,24,12,36,82
06/11/2016,ALO,IA,ACE,CE,Combined TRACON& Tower with Radar,0,4,5,0,9,0,0,13,2,15,0,4,18,2,24,36,0,36,60
06/12/2016,ALO,IA,ACE,CE,Combined TRACON& Tower with Radar,0,3,11,1,15,0,0,23,1,24,0,3,34,2,39,1,0,1,40
06/13/2016,ALO,IA,ACE,CE,Combined TRACON& Tower with Radar,0,5,12,0,17,0,0,13,0,13,0,5,25,0,30,30,0,30,60
06/14/2016,ALO,IA,ACE,CE,Combined TRACON& Tower with Radar,0,7,10,0,17,0,0,24,0,24,0,7,34,0,41,38,0,38,79
06/15/2016,ALO,IA,ACE,CE,Combined TRACON& Tower with Radar,0,2,19,3,24,0,0,21,4,25,0,2,40,7,49,100,0,100,149
06/16/2016,ALO,IA,ACE,CE,Combined TRACON& Tower with Radar,0,5,19,0,24,0,0,38,6,44,0,5,57,6,68,38,0,38,106
06/17/2016,ALO,IA,ACE,CE,Combined TRACON& Tower with Radar,0,3,18,4,25,0,0,25,2,27,0,3,43,6,52,28,2,30,82
06/18/2016,ALO,IA,ACE,CE,Combined TRACON& Tower with Radar,0,3,8,0,11,0,0,30,0,30,0,3,38,0,41,10,0,10,51
06/19/2016,ALO,IA,ACE,CE,Combined TRACON& Tower with Radar,0,5,6,0,11,0,0,23,1,24,0,5,29,1,35,0,0,0,35
06/20/2016,ALO,IA,ACE,CE,Combined TRACON& Tower with Radar,0,3,12,0,15,0,0,19,0,19,0,3,31,0,34,14,0,14,48
06/21/2016,ALO,IA,ACE,CE,Combined TRACON& Tower with Radar,0,3,9,0,12,0,0,9,1,10,0,3,18,1,22,52,0,52,74
06/22/2016,ALO,IA,ACE,CE,Combined TRACON& Tower with Radar,0,3,16,4,23,0,0,8,0,8,0,3,24,4,31,0,0,0,31
06/23/2016,ALO,IA,ACE,CE,Combined TRACON& Tower with Radar,0,4,33,4,41,0,0,11,1,12,0,4,44,5,53,4,0,4,57
06/24/2016,ALO,IA,ACE,CE,Combined TRACON& Tower with Radar,0,3,24,1,28,0,0,14,0,14,0,3,38,1,42,19,0,19,61
06/25/2016,ALO,IA,ACE,CE,Combined TRACON& Tower with Radar,0,3,3,2,8,0,0,4,0,4,0,3,7,2,12,0,0,0,12
06/26/2016,ALO,IA,ACE,CE,Combined TRACON& Tower with Radar,0,3,6,1,10,0,0,7,0,7,0,3,13,1,17,0,0,0,17
06/27/2016,ALO,IA,ACE,CE,Combined TRACON& Tower with Radar,0,3,6,0,9,0,0,36,0,36,0,3,42,0,45,50,0,50,95
06/28/2016,ALO,IA,ACE,CE,Combined TRACON& Tower with Radar,0,3,25,5,33,0,0,43,6,49,0,3,68,11,82,52,0,52,134
06/29/2016,ALO,IA,ACE,CE,Combined TRACON& Tower with Radar,0,5,28,5,38,0,0,29,8,37,0,5,57,13,75,38,4,42,117
06/30/2016,ALO,IA,ACE,CE,Combined TRACON& Tower with Radar,0,4,11,0,15,0,0,6,1,7,0,4,17,1,22,18,0,18,40
07/01/2016,ALO,IA,ACE,CE,Combined TRACON& Tower with Radar,0,3,15,0,18,0,0,30,0,30,0,3,45,0,48,44,0,44,92
07/02/2016,ALO,IA,ACE,CE,Combined TRACON& Tower with Radar,0,1,8,0,9,0,0,10,2,12,0,1,18,2,21,10,2,12,33
07/03/2016,ALO,IA,ACE,CE,Combined TRACON& Tower with Radar,0,3,6,0,9,0,0,25,0,25,0,3,31,0,34,12,0,12,46
07/04/2016,ALO,IA,ACE,CE,Combined TRACON& Tower with Radar,0,3,9,0,12,0,1,4,0,5,0,4,13,0,17,0,0,0,17
07/05/2016,ALO,IA,ACE,CE,Combined TRACON& Tower with Radar,0,3,16,2,21,0,0,29,2,31,0,3,45,4,52,10,4,14,66
07/06/2016,ALO,IA,ACE,CE,Combined TRACON& Tower with Radar,0,3,5,0,8,0,0,14,3,17,0,3,19,3,25,34,4,38,63
07/07/2016,ALO,IA,ACE,CE,Combined TRACON& Tower with Radar,0,3,4,0,7,0,0,7,2,9,0,3,11,2,16,6,0,6,22
07/08/2016,ALO,IA,ACE,CE,Combined TRACON& Tower with Radar,0,4,13,1,18,0,0,11,0,11,0,4,24,1,29,40,0,40,69
07/09/2016,ALO,IA,ACE,CE,Combined TRACON& Tower with Radar,0,6,9,1,16,0,0,23,11,34,0,6,32,12,50,48,0,48,98
07/10/2016,ALO,IA,ACE,CE,Combined TRACON& Tower with Radar,0,3,9,0,12,0,0,8,0,8,0,3,17,0,20,4,0,4,24
07/11/2016,ALO,IA,ACE,CE,Combined TRACON& Tower with Radar,0,5,17,0,22,0,0,16,0,16,0,5,33,0,38,18,0,18,56
07/12/2016,ALO,IA,ACE,CE,Combined TRACON& Tower with Radar,0,3,19,1,23,0,0,29,0,29,0,3,48,1,52,66,0,66,118
07/13/2016,ALO,IA,ACE,CE,Combined TRACON& Tower with Radar,0,5,17,2,24,0,0,5,3,8,0,5,22,5,32,34,0,34,66
07/14/2016,ALO,IA,ACE,CE,Combined TRACON& Tower with Radar,1,3,29,5,38,1,0,32,11,44,2,3,61,16,82,56,0,56,138
07/15/2016,ALO,IA,ACE,CE,Combined TRACON& Tower with Radar,0,3,21,2,26,0,0,28,6,34,0,3,49,8,60,64,2,66,126
07/16/2016,ALO,IA,ACE,CE,Combined TRACON& Tower with Radar,3,3,7,1,14,0,0,27,2,29,3,3,34,3,43,0,0,0,43
07/17/2016,ALO,IA,ACE,CE,Combined TRACON& Tower with Radar,0,3,2,0,5,0,1,3,1,5,0,4,5,1,10,0,0,0,10
07/18/2016,ALO,IA,ACE,CE,Combined TRACON& Tower with Radar,0,3,8,0,11,0,0,30,4,34,0,3,38,4,45,36,0,36,81
07/19/2016,ALO,IA,ACE,CE,Combined TRACON& Tower with Radar,0,4,13,0,17,0,0,13,0,13,0,4,26,0,30,8,0,8,38
07/20/2016,ALO,IA,ACE,CE,Combined TRACON& Tower with Radar,0,4,9,2,15,0,0,8,1,9,0,4,17,3,24,30,0,30,54
07/21/2016,ALO,IA,ACE,CE,Combined TRACON& Tower with Radar,0,3,35,2,40,0,0,26,6,32,0,3,61,8,72,34,2,36,108
07/22/2016,ALO,IA,ACE,CE,Combined TRACON& Tower with Radar,0,3,11,0,14,0,0,31,0,31,0,3,42,0,45,20,0,20,65
07/23/2016,ALO,IA,ACE,CE,Combined TRACON& Tower with Radar,0,3,10,0,13,0,1,13,1,15,0,4,23,1,28,6,0,6,34
07/24/2016,ALO,IA,ACE,CE,Combined TRACON& Tower with Radar,0,3,6,0,9,0,0,40,2,42,0,3,46,2,51,12,0,12,63
07/25/2016,ALO,IA,ACE,CE,Combined TRACON& Tower with Radar,0,2,10,0,12,0,0,17,0,17,0,2,27,0,29,0,0,0,29
07/26/2016,ALO,IA,ACE,CE,Combined TRACON& Tower with Radar,0,3,18,0,21,0,0,28,4,32,0,3,46,4,53,26,0,26,79
07/27/2016,ALO,IA,ACE,CE,Combined TRACON& Tower with Radar,0,3,22,3,28,0,0,28,4,32,0,3,50,7,60,6,0,6,66
07/28/2016,ALO,IA,ACE,CE,Combined TRACON& Tower with Radar,0,2,17,1,20,0,2,9,3,14,0,4,26,4,34,4,0,4,38
07/29/2016,ALO,IA,ACE,CE,Combined TRACON& Tower with Radar,0,3,11,0,14,0,0,10,0,10,0,3,21,0,24,0,0,0,24
07/30/2016,ALO,IA,ACE,CE,Combined TRACON& Tower with Radar,0,3,17,0,20,0,0,9,0,9,0,3,26,0,29,0,0,0,29
07/31/2016,ALO,IA,ACE,CE,Combined TRACON& Tower with Radar,0,3,18,0,21,0,0,19,0,19,0,3,37,0,40,4,0,4,44
08/01/2016,ALO,IA,ACE,CE,Combined TRACON& Tower with Radar,0,3,12,0,15,0,0,8,0,8,0,3,20,0,23,6,0,6,29
08/02/2016,ALO,IA,ACE,CE,Combined TRACON& Tower with Radar,0,3,26,2,31,0,0,15,3,18,0,3,41,5,49,2,0,2,51
08/03/2016,ALO,IA,ACE,CE,Combined TRACON& Tower with Radar,0,3,10,3,16,0,0,18,0,18,0,3,28,3,34,18,2,20,54
08/04/2016,ALO,IA,ACE,CE,Combined TRACON& Tower with Radar,0,3,7,7,17,0,0,11,1,12,0,3,18,8,29,24,0,24,53
08/05/2016,ALO,IA,ACE,CE,Combined TRACON& Tower with Radar,0,3,7,12,22,0,0,36,5,41,0,3,43,17,63,8,6,14,77
08/06/2016,ALO,IA,ACE,CE,Combined TRACON& Tower with Radar,0,3,9,0,12,0,0,28,22,50,0,3,37,22,62,4,34,38,100
08/07/2016,ALO,IA,ACE,CE,Combined TRACON& Tower with Radar,0,3,11,0,14,0,0,25,1,26,0,3,36,1,40,6,0,6,46
08/08/2016,ALO,IA,ACE,CE,Combined TRACON& Tower with Radar,2,3,3,0,8,0,0,18,0,18,2,3,21,0,26,24,0,24,50
08/09/2016,ALO,IA,ACE,CE,Combined TRACON& Tower with Radar,0,0,3,0,3,0,0,8,0,8,0,0,11,0,11,8,0,8,19
08/10/2016,ALO,IA,ACE,CE,Combined TRACON& Tower with Radar,0,7,27,4,38,0,0,8,5,13,0,7,35,9,51,6,2,8,59
08/11/2016,ALO,IA,ACE,CE,Combined TRACON& Tower with Radar,0,3,13,0,16,0,0,9,4,13,0,3,22,4,29,0,0,0,29
08/12/2016,ALO,IA,ACE,CE,Combined TRACON& Tower with Radar,0,5,13,2,20,0,0,4,2,6,0,5,17,4,26,16,0,16,42
08/13/2016,ALO,IA,ACE,CE,Combined TRACON& Tower with Radar,0,5,20,0,25,0,0,39,0,39,0,5,59,0,64,24,0,24,88
08/14/2016,ALO,IA,ACE,CE,Combined TRACON& Tower with Radar,0,3,5,0,8,0,0,26,2,28,0,3,31,2,36,10,0,10,46
08/15/2016,ALO,IA,ACE,CE,Combined TRACON& Tower with Radar,0,3,17,1,21,0,0,11,0,11,0,3,28,1,32,18,0,18,50
08/16/2016,ALO,IA,ACE,CE,Combined TRACON& Tower with Radar,0,3,13,0,16,0,0,26,0,26,0,3,39,0,42,10,0,10,52
08/17/2016,ALO,IA,ACE,CE,Combined TRACON& Tower with Radar,0,3,23,3,29,0,0,23,0,23,0,3,46,3,52,4,6,10,62
08/18/2016,ALO,IA,ACE,CE,Combined TRACON& Tower with Radar,0,3,24,0,27,0,0,24,3,27,0,3,48,3,54,12,2,14,68
08/19/2016,ALO,IA,ACE,CE,Combined TRACON& Tower with Radar,0,7,19,0,26,0,0,10,1,11,0,7,29,1,37,0,0,0,37
08/20/2016,ALO,IA,ACE,CE,Combined TRACON& Tower with Radar,0,1,4,0,5,0,0,6,0,6,0,1,10,0,11,0,0,0,11
08/21/2016,ALO,IA,ACE,CE,Combined TRACON& Tower with Radar,0,6,16,0,22,0,0,37,0,37,0,6,53,0,59,12,0,12,71
08/22/2016,ALO,IA,ACE,CE,Combined TRACON& Tower with Radar,0,5,22,0,27,0,0,21,2,23,0,5,43,2,50,32,0,32,82
08/23/2016,ALO,IA,ACE,CE,Combined TRACON& Tower with Radar,0,3,29,1,33,0,0,34,3,37,0,3,63,4,70,30,0,30,100
08/24/2016,ALO,IA,ACE,CE,Combined TRACON& Tower with Radar,0,3,21,2,26,0,0,15,0,15,0,3,36,2,41,16,0,16,57
08/25/2016,ALO,IA,ACE,CE,Combined TRACON& Tower with Radar,0,3,36,0,39,0,0,38,0,38,0,3,74,0,77,26,6,32,109
08/26/2016,ALO,IA,ACE,CE,Combined TRACON& Tower with Radar,0,3,11,4,18,0,0,27,8,35,0,3,38,12,53,4,12,16,69
08/27/2016,ALO,IA,ACE,CE,Combined TRACON& Tower with Radar,0,1,4,2,7,0,0,2,0,2,0,1,6,2,9,0,0,0,9
08/28/2016,ALO,IA,ACE,CE,Combined TRACON& Tower with Radar,0,3,13,0,16,0,0,25,8,33,0,3,38,8,49,0,0,0,49
08/29/2016,ALO,IA,ACE,CE,Combined TRACON& Tower with Radar,0,3,25,0,28,0,0,6,1,7,0,3,31,1,35,16,0,16,51
08/30/2016,ALO,IA,ACE,CE,Combined TRACON& Tower with Radar,0,5,19,9,33,0,0,18,1,19,0,5,37,10,52,74,0,74,126
08/31/2016,ALO,IA,ACE,CE,Combined TRACON& Tower with Radar,0,3,17,3,23,0,0,44,4,48,0,3,61,7,71,22,0,22,93
09/01/2016,ALO,IA,ACE,CE,Combined TRACON& Tower with Radar,0,5,23,0,28,0,0,38,0,38,0,5,61,0,66,52,0,52,118
09/02/2016,ALO,IA,ACE,CE,Combined TRACON& Tower with Radar,0,3,10,0,13,0,0,19,0,19,0,3,29,0,32,16,0,16,48
09/03/2016,ALO,IA,ACE,CE,Combined TRACON& Tower with Radar,0,5,9,0,14,0,2,25,0,27,0,7,34,0,41,0,0,0,41
09/04/2016,ALO,IA,ACE,CE,Combined TRACON& Tower with Radar,0,2,4,0,6,0,0,10,0,10,0,2,14,0,16,16,0,16,32
09/05/2016,ALO,IA,ACE,CE,Combined TRACON& Tower with Radar,0,3,8,0,11,0,0,28,1,29,0,3,36,1,40,18,0,18,58
09/06/2016,ALO,IA,ACE,CE,Combined TRACON& Tower with Radar,0,3,11,2,16,0,0,22,10,32,0,3,33,12,48,16,16,32,80
09/07/2016,ALO,IA,ACE,CE,Combined TRACON& Tower with Radar,0,3,18,0,21,0,0,1,0,1,0,3,19,0,22,0,8,8,30
09/08/2016,ALO,IA,ACE,CE,Combined TRACON& Tower with Radar,0,3,23,4,30,0,0,21,7,28,0,3,44,11,58,0,12,12,70
09/09/2016,ALO,IA,ACE,CE,Combined TRACON& Tower with Radar,1,3,10,0,14,0,0,3,0,3,1,3,13,0,17,0,30,30,47
09/10/2016,ALO,IA,ACE,CE,Combined TRACON& Tower with Radar,0,1,16,0,17,0,0,44,0,44,0,1,60,0,61,0,0,0,61
09/11/2016,ALO,IA,ACE,CE,Combined TRACON& Tower with Radar,0,3,13,0,16,0,0,22,0,22,0,3,35,0,38,0,0,0,38
09/12/2016,ALO,IA,ACE,CE,Combined TRACON& Tower with Radar,1,3,12,1,17,0,0,6,3,9,1,3,18,4,26,0,0,0,26
09/13/2016,ALO,IA,ACE,CE,Combined TRACON& Tower with Radar,3,3,21,0,27,0,0,12,0,12,3,3,33,0,39,0,0,0,39
09/14/2016,ALO,IA,ACE,CE,Combined TRACON& Tower with Radar,0,3,19,3,25,0,0,33,8,41,0,3,52,11,66,46,6,52,118
09/15/2016,ALO,IA,ACE,CE,Combined TRACON& Tower with Radar,0,3,12,2,17,0,0,16,9,25,0,3,28,11,42,0,4,4,46
09/16/2016,ALO,IA,ACE,CE,Combined TRACON& Tower with Radar,2,3,14,1,20,0,1,12,1,14,2,4,26,2,34,8,0,8,42
09/17/2016,ALO,IA,ACE,CE,Combined TRACON& Tower with Radar,0,1,5,0,6,0,0,30,0,30,0,1,35,0,36,12,0,12,48
09/18/2016,ALO,IA,ACE,CE,Combined TRACON& Tower with Radar,0,3,6,0,9,0,0,42,0,42,0,3,48,0,51,0,0,0,51
09/19/2016,ALO,IA,ACE,CE,Combined TRACON& Tower with Radar,0,5,15,2,22,0,0,33,0,33,0,5,48,2,55,24,0,24,79
09/20/2016,ALO,IA,ACE,CE,Combined TRACON& Tower with Radar,0,3,25,1,29,0,0,25,2,27,0,3,50,3,56,40,4,44,100
09/21/2016,ALO,IA,ACE,CE,Combined TRACON& Tower with Radar,0,5,18,0,23,0,0,10,2,12,0,5,28,2,35,12,2,14,49
09/22/2016,ALO,IA,ACE,CE,Combined TRACON& Tower with Radar,0,3,16,0,19,0,0,0,0,0,0,3,16,0,19,0,0,0,19
09/23/2016,ALO,IA,ACE,CE,Combined TRACON& Tower with Radar,0,3,13,0,16,0,0,4,0,4,0,3,17,0,20,0,0,0,20
09/24/2016,ALO,IA,ACE,CE,Combined TRACON& Tower with Radar,0,0,12,0,12,0,0,30,0,30,0,0,42,0,42,0,0,0,42
09/25/2016,ALO,IA,ACE,CE,Combined TRACON& Tower with Radar,0,4,4,0,8,0,0,30,0,30,0,4,34,0,38,18,2,20,58
09/26/2016,ALO,IA,ACE,CE,Combined TRACON& Tower with Radar,0,3,14,0,17,0,0,18,1,19,0,3,32,1,36,28,0,28,64
09/27/2016,ALO,IA,ACE,CE,Combined TRACON& Tower with Radar,1,3,12,0,16,0,0,17,1,18,1,3,29,1,34,0,0,0,34
09/28/2016,ALO,IA,ACE,CE,Combined TRACON& Tower with Radar,0,5,12,2,19,0,0,8,3,11,0,5,20,5,30,0,8,8,38
09/29/2016,ALO,IA,ACE,CE,Combined TRACON& Tower with Radar,0,3,17,0,20,0,0,41,2,43,0,3,58,2,63,14,2,16,79
09/30/2016,ALO,IA,ACE,CE,Combined TRACON& Tower with Radar,0,3,35,0,38,0,0,6,0,6,0,3,41,0,44,16,0,16,60
10/01/2016,ALO,IA,ACE,CE,Combined TRACON& Tower with Radar,0,1,12,0,13,0,0,0,0,0,0,1,12,0,13,0,0,0,13
10/02/2016,ALO,IA,ACE,CE,Combined TRACON& Tower with Radar,0,3,5,0,8,0,0,38,0,38,0,3,43,0,46,14,0,14,60
10/03/2016,ALO,IA,ACE,CE,Combined TRACON& Tower with Radar,0,3,11,0,14,0,0,24,0,24,0,3,35,0,38,16,0,16,54
10/04/2016,ALO,IA,ACE,CE,Combined TRACON& Tower with Radar,0,5,11,0,16,0,0,15,1,16,0,5,26,1,32,14,4,18,50
10/05/2016,ALO,IA,ACE,CE,Combined TRACON& Tower with Radar,0,3,10,2,15,0,0,9,4,13,0,3,19,6,28,8,8,16,44
10/06/2016,ALO,IA,ACE,CE,Combined TRACON& Tower with Radar,0,3,17,0,20,0,0,11,3,14,0,3,28,3,34,18,18,36,70
10/07/2016,ALO,IA,ACE,CE,Combined TRACON& Tower with Radar,0,3,10,3,16,0,0,24,4,28,0,3,34,7,44,10,32,42,86
10/08/2016,ALO,IA,ACE,CE,Combined TRACON& Tower with Radar,0,1,3,0,4,0,0,39,0,39,0,1,42,0,43,4,0,4,47
10/09/2016,ALO,IA,ACE,CE,Combined TRACON& Tower with Radar,0,3,11,0,14,0,0,40,0,40,0,3,51,0,54,6,0,6,60
10/10/2016,ALO,IA,ACE,CE,Combined TRACON& Tower with Radar,0,3,6,0,9,0,0,18,0,18,0,3,24,0,27,26,0,26,53
10/11/2016,ALO,IA,ACE,CE,Combined TRACON& Tower with Radar,0,3,11,2,16,0,0,24,3,27,0,3,35,5,43,16,8,24,67
10/12/2016,ALO,IA,ACE,CE,Combined TRACON& Tower with Radar,0,3,21,0,24,0,0,1,4,5,0,3,22,4,29,0,4,4,33
10/13/2016,ALO,IA,ACE,CE,Combined TRACON& Tower with Radar,0,3,20,2,25,0,0,24,8,32,0,3,44,10,57,12,0,12,69
10/14/2016,ALO,IA,ACE,CE,Combined TRACON& Tower with Radar,2,3,10,2,17,0,0,4,2,6,2,3,14,4,23,0,0,0,23
10/15/2016,ALO,IA,ACE,CE,Combined TRACON& Tower with Radar,0,1,12,2,15,0,0,1,1,2,0,1,13,3,17,0,52,52,69
10/16/2016,ALO,IA,ACE,CE,Combined TRACON& Tower with Radar,2,3,7,2,14,0,0,5,5,10,2,3,12,7,24,0,0,0,24
10/17/2016,ALO,IA,ACE,CE,Combined TRACON& Tower with Radar,0,4,11,0,15,0,0,15,0,15,0,4,26,0,30,12,0,12,42
10/18/2016,ALO,IA,ACE,CE,Combined TRACON& Tower with Radar,0,3,15,0,18,0,0,18,2,20,0,3,33,2,38,36,0,36,74
10/19/2016,ALO,IA,ACE,CE,Combined TRACON& Tower with Radar,0,3,13,1,17,0,0,26,4,30,0,3,39,5,47,30,0,30,77
10/20/2016,ALO,IA,ACE,CE,Combined TRACON& Tower with Radar,0,5,15,4,24,0,0,16,11,27,0,5,31,15,51,12,0,12,63
10/21/2016,ALO,IA,ACE,CE,Combined TRACON& Tower with Radar,2,3,9,0,14,0,0,32,1,33,2,3,41,1,47,18,0,18,65
10/22/2016,ALO,IA,ACE,CE,Combined TRACON& Tower with Radar,1,1,12,0,14,0,1,30,1,32,1,2,42,1,46,12,0,12,58
10/23/2016,ALO,IA,ACE,CE,Combined TRACON& Tower with Radar,0,3,8,6,17,0,0,27,2,29,0,3,35,8,46,14,6,20,66
10/24/2016,ALO,IA,ACE,CE,Combined TRACON& Tower with Radar,0,3,17,0,20,0,0,19,0,19,0,3,36,0,39,0,0,0,39
10/25/2016,ALO,IA,ACE,CE,Combined TRACON& Tower with Radar,0,3,13,1,17,0,1,18,9,28,0,4,31,10,45,14,0,14,59
10/26/2016,ALO,IA,ACE,CE,Combined TRACON& Tower with Radar,0,3,8,0,11,0,0,0,0,0,0,3,8,0,11,0,0,0,11
10/27/2016,ALO,IA,ACE,CE,Combined TRACON& Tower with Radar,0,5,29,4,38,0,0,5,7,12,0,5,34,11,50,10,4,14,64
10/28/2016,ALO,IA,ACE,CE,Combined TRACON& Tower with Radar,2,3,14,0,19,0,0,11,0,11,2,3,25,0,30,0,0,0,30
10/29/2016,ALO,IA,ACE,CE,Combined TRACON& Tower with Radar,0,1,20,0,21,0,0,17,0,17,0,1,37,0,38,14,0,14,52
10/30/2016,ALO,IA,ACE,CE,Combined TRACON& Tower with Radar,0,5,16,0,21,0,0,10,0,10,0,5,26,0,31,20,0,20,51
10/31/2016,ALO,IA,ACE,CE,Combined TRACON& Tower with Radar,0,3,10,0,13,0,0,2,0,2,0,3,12,0,15,0,0,0,15
11/01/2016,ALO,IA,ACE,CE,Combined TRACON& Tower with Radar,0,3,21,0,24,0,0,23,1,24,0,3,44,1,48,34,10,44,92
11/02/2016,ALO,IA,ACE,CE,Combined TRACON& Tower with Radar,0,5,25,0,30,0,1,9,7,17,0,6,34,7,47,34,6,40,87
11/03/2016,ALO,IA,ACE,CE,Combined TRACON& Tower with Radar,0,2,12,1,15,0,1,23,2,26,0,3,35,3,41,54,0,54,95
11/04/2016,ALO,IA,ACE,CE,Combined TRACON& Tower with Radar,2,4,12,3,21,0,0,34,8,42,2,4,46,11,63,0,6,6,69
11/05/2016,ALO,IA,ACE,CE,Combined TRACON& Tower with Radar,2,1,10,1,14,0,2,46,12,60,2,3,56,13,74,30,0,30,104
11/06/2016,ALO,IA,ACE,CE,Combined TRACON& Tower with Radar,0,3,15,0,18,0,0,20,4,24,0,3,35,4,42,6,10,16,58
11/07/2016,ALO,IA,ACE,CE,Combined TRACON& Tower with Radar,0,3,12,0,15,0,0,23,3,26,0,3,35,3,41,8,0,8,49
11/08/2016,ALO,IA,ACE,CE,Combined TRACON& Tower with Radar,0,3,8,0,11,0,2,12,0,14,0,5,20,0,25,20,0,20,45
11/09/2016,ALO,IA,ACE,CE,Combined TRACON& Tower with Radar,0,3,10,2,15,0,1,33,4,38,0,4,43,6,53,26,20,46,99
11/10/2016,ALO,IA,ACE,CE,Combined TRACON& Tower with Radar,0,3,16,0,19,0,3,23,3,29,0,6,39,3,48,20,20,40,88
11/11/2016,ALO,IA,ACE,CE,Combined TRACON& Tower with Radar,0,3,14,0,17,0,2,18,0,20,0,5,32,0,37,8,0,8,45
11/12/2016,ALO,IA,ACE,CE,Combined TRACON& Tower with Radar,0,1,4,0,5,0,1,28,0,29,0,2,32,0,34,0,0,0,34
11/13/2016,ALO,IA,ACE,CE,Combined TRACON& Tower with Radar,0,3,6,0,9,0,0,18,0,18,0,3,24,0,27,12,0,12,39
11/14/2016,ALO,IA,ACE,CE,Combined TRACON& Tower with Radar,0,3,10,0,13,0,1,19,0,20,0,4,29,0,33,5,0,5,38
11/15/2016,ALO,IA,ACE,CE,Combined TRACON& Tower with Radar,0,7,14,2,23,0,2,20,3,25,0,9,34,5,48,38,12,50,98
11/16/2016,ALO,IA,ACE,CE,Combined TRACON& Tower with Radar,0,4,15,0,19,0,1,28,7,36,0,5,43,7,55,36,2,38,93
11/17/2016,ALO,IA,ACE,CE,Combined TRACON& Tower with Radar,0,4,18,0,22,0,0,26,5,31,0,4,44,5,53,6,0,6,59
11/18/2016,ALO,IA,ACE,CE,Combined TRACON& Tower with Radar,0,3,4,0,7,0,0,1,4,5,0,3,5,4,12,0,0,0,12
11/19/2016,ALO,IA,ACE,CE,Combined TRACON& Tower with Radar,0,1,9,0,10,0,0,9,0,9,0,1,18,0,19,0,0,0,19
11/20/2016,ALO,IA,ACE,CE,Combined TRACON& Tower with Radar,0,3,8,0,11,0,0,26,5,31,0,3,34,5,42,28,0,28,70
11/21/2016,ALO,IA,ACE,CE,Combined TRACON& Tower with Radar,0,3,14,1,18,0,0,31,0,31,0,3,45,1,49,18,2,20,69
11/22/2016,ALO,IA,ACE,CE,Combined TRACON& Tower with Radar,0,3,7,0,10,0,0,3,0,3,0,3,10,0,13,0,0,0,13
11/23/2016,ALO,IA,ACE,CE,Combined TRACON& Tower with Radar,0,3,8,0,11,0,0,1,0,1,0,3,9,0,12,0,0,0,12
11/24/2016,ALO,IA,ACE,CE,Combined TRACON& Tower with Radar,0,2,1,0,3,0,0,2,0,2,0,2,3,0,5,2,0,2,7
11/25/2016,ALO,IA,ACE,CE,Combined TRACON& Tower with Radar,0,5,8,0,13,0,0,2,0,2,0,5,10,0,15,0,0,0,15
11/26/2016,ALO,IA,ACE,CE,Combined TRACON& Tower with Radar,0,5,9,0,14,0,0,13,0,13,0,5,22,0,27,0,0,0,27
11/27/2016,ALO,IA,ACE,CE,Combined TRACON& Tower with Radar,0,3,8,0,11,0,0,0,0,0,0,3,8,0,11,0,0,0,11
11/28/2016,ALO,IA,ACE,CE,Combined TRACON& Tower with Radar,0,3,15,0,18,0,0,1,1,2,0,3,16,1,20,0,0,0,20
11/29/2016,ALO,IA,ACE,CE,Combined TRACON& Tower with Radar,0,4,9,0,13,0,1,20,3,24,0,5,29,3,37,30,0,30,67
11/30/2016,ALO,IA,ACE,CE,Combined TRACON& Tower with Radar,0,5,7,0,12,0,0,0,0,0,0,5,7,0,12,0,0,0,12
12/01/2016,ALO,IA,ACE,CE,Combined TRACON& Tower with Radar,0,3,13,0,16,0,1,3,7,11,0,4,16,7,27,22,10,32,59
12/02/2016,ALO,IA,ACE,CE,Combined TRACON& Tower with Radar,0,3,10,0,13,0,2,7,6,15,0,5,17,6,28,16,4,20,48
12/03/2016,ALO,IA,ACE,CE,Combined TRACON& Tower with Radar,0,3,6,0,9,0,0,13,5,18,0,3,19,5,27,0,0,0,27
12/04/2016,ALO,IA,ACE,CE,Combined TRACON& Tower with Radar,0,3,4,0,7,0,0,0,0,0,0,3,4,0,7,0,0,0,7
12/05/2016,ALO,IA,ACE,CE,Combined TRACON& Tower with Radar,0,3,6,0,9,0,0,0,0,0,0,3,6,0,9,0,0,0,9
12/06/2016,ALO,IA,ACE,CE,Combined TRACON& Tower with Radar,0,4,15,0,19,0,0,13,1,14,0,4,28,1,33,6,0,6,39
12/07/2016,ALO,IA,ACE,CE,Combined TRACON& Tower with Radar,0,4,21,0,25,0,0,9,3,12,0,4,30,3,37,12,26,38,75
12/08/2016,ALO,IA,ACE,CE,Combined TRACON& Tower with Radar,0,6,23,0,29,0,0,5,3,8,0,6,28,3,37,4,6,10,47
12/09/2016,ALO,IA,ACE,CE,Combined TRACON& Tower with Radar,0,3,9,0,12,0,0,26,0,26,0,3,35,0,38,22,0,22,60
12/10/2016,ALO,IA,ACE,CE,Combined TRACON& Tower with Radar,0,1,6,0,7,0,0,1,0,1,0,1,7,0,8,0,0,0,8
12/11/2016,ALO,IA,ACE,CE,Combined TRACON& Tower with Radar,0,0,3,0,3,0,0,0,0,0,0,0,3,0,3,0,0,0,3
12/12/2016,ALO,IA,ACE,CE,Combined TRACON& Tower with Radar,0,5,10,0,15,0,0,6,0,6,0,5,16,0,21,6,0,6,27
12/13/2016,ALO,IA,ACE,CE,Combined TRACON& Tower with Radar,0,8,18,0,26,0,0,10,0,10,0,8,28,0,36,20,0,20,56
12/14/2016,ALO,IA,ACE,CE,Combined TRACON& Tower with Radar,0,5,20,0,25,0,0,3,3,6,0,5,23,3,31,0,0,0,31
12/15/2016,ALO,IA,ACE,CE,Combined TRACON& Tower with Radar,0,3,10,0,13,0,0,7,4,11,0,3,17,4,24,0,0,0,24
12/16/2016,ALO,IA,ACE,CE,Combined TRACON& Tower with Radar,0,3,2,0,5,0,0,0,0,0,0,3,2,0,5,0,0,0,5
12/17/2016,ALO,IA,ACE,CE,Combined TRACON& Tower with Radar,0,2,3,0,5,0,0,0,0,0,0,2,3,0,5,0,0,0,5
12/18/2016,ALO,IA,ACE,CE,Combined TRACON& Tower with Radar,1,3,3,0,7,0,0,0,0,0,1,3,3,0,7,0,0,0,7
12/19/2016,ALO,IA,ACE,CE,Combined TRACON& Tower with Radar,0,3,7,0,10,0,0,6,0,6,0,3,13,0,16,4,0,4,20
12/20/2016,ALO,IA,ACE,CE,Combined TRACON& Tower with Radar,1,4,9,0,14,0,0,10,0,10,1,4,19,0,24,8,0,8,32
12/21/2016,ALO,IA,ACE,CE,Combined TRACON& Tower with Radar,0,5,11,4,20,0,0,18,7,25,0,5,29,11,45,10,12,22,67
12/22/2016,ALO,IA,ACE,CE,Combined TRACON& Tower with Radar,1,3,20,0,24,0,0,28,0,28,1,3,48,0,52,6,0,6,58
12/23/2016,ALO,IA,ACE,CE,Combined TRACON& Tower with Radar,0,3,0,0,3,0,0,0,0,0,0,3,0,0,3,0,0,0,3
12/24/2016,ALO,IA,ACE,CE,Combined TRACON& Tower with Radar,0,1,1,0,2,0,0,0,0,0,0,1,1,0,2,0,0,0,2
12/25/2016,ALO,IA,ACE,CE,Combined TRACON& Tower with Radar,0,4,0,0,4,0,0,0,0,0,0,4,0,0,4,0,0,0,4
12/26/2016,ALO,IA,ACE,CE,Combined TRACON& Tower with Radar,0,3,6,0,9,0,0,3,0,3,0,3,9,0,12,10,0,10,22
12/27/2016,ALO,IA,ACE,CE,Combined TRACON& Tower with Radar,0,4,9,0,13,0,0,23,0,23,0,4,32,0,36,22,0,22,58
12/28/2016,ALO,IA,ACE,CE,Combined TRACON& Tower with Radar,0,3,14,2,19,0,0,16,0,16,0,3,30,2,35,8,0,8,43
12/29/2016,ALO,IA,ACE,CE,Combined TRACON& Tower with Radar,0,3,4,0,7,0,0,1,2,3,0,3,5,2,10,2,0,2,12
12/30/2016,ALO,IA,ACE,CE,Combined TRACON& Tower with Radar,0,3,9,0,12,0,0,28,1,29,0,3,37,1,41,28,0,28,69
12/31/2016,ALO,IA,ACE,CE,Combined TRACON& Tower with Radar,0,3,4,0,7,0,0,2,0,2,0,3,6,0,9,0,0,0,9
01/01/2017,ALO,IA,ACE,CE,Combined TRACON& Tower with Radar,0,4,10,0,14,0,0,16,0,16,0,4,26,0,30,6,0,6,36
01/02/2017,ALO,IA,ACE,CE,Combined TRACON& Tower with Radar,0,3,1,0,4,0,0,1,0,1,0,3,2,0,5,0,0,0,5
01/03/2017,ALO,IA,ACE,CE,Combined TRACON& Tower with Radar,0,3,10,0,13,0,0,1,0,1,0,3,11,0,14,2,0,2,16
01/04/2017,ALO,IA,ACE,CE,Combined TRACON& Tower with Radar,0,3,15,0,18,0,0,19,6,25,0,3,34,6,43,8,6,14,57
01/05/2017,ALO,IA,ACE,CE,Combined TRACON& Tower with Radar,0,3,16,4,23,0,0,4,5,9,0,3,20,9,32,0,0,0,32
01/06/2017,ALO,IA,ACE,CE,Combined TRACON& Tower with Radar,0,3,7,5,15,0,0,15,3,18,0,3,22,8,33,0,0,0,33
01/07/2017,ALO,IA,ACE,CE,Combined TRACON& Tower with Radar,1,1,9,1,12,0,0,22,7,29,1,1,31,8,41,26,8,34,75
01/08/2017,ALO,IA,ACE,CE,Combined TRACON& Tower with Radar,9,3,6,0,18,0,0,10,0,10,9,3,16,0,28,20,0,20,48
01/09/2017,ALO,IA,ACE,CE,Combined TRACON& Tower with Radar,0,3,11,0,14,0,0,9,0,9,0,3,20,0,23,4,0,4,27
01/10/2017,ALO,IA,ACE,CE,Combined TRACON& Tower with Radar,0,5,4,0,9,0,0,0,0,0,0,5,4,0,9,0,0,0,9
01/11/2017,ALO,IA,ACE,CE,Combined TRACON& Tower with Radar,0,3,5,0,8,0,0,3,0,3,0,3,8,0,11,2,0,2,13
01/12/2017,ALO,IA,ACE,CE,Combined TRACON& Tower with Radar,0,5,14,1,20,0,0,9,3,12,0,5,23,4,32,4,26,30,62
01/13/2017,ALO,IA,ACE,CE,Combined TRACON& Tower with Radar,8,5,9,0,22,0,0,9,0,9,8,5,18,0,31,6,0,6,37
01/14/2017,ALO,IA,ACE,CE,Combined TRACON& Tower with Radar,0,1,1,0,2,0,0,18,0,18,0,1,19,0,20,8,0,8,28
01/15/2017,ALO,IA,ACE,CE,Combined TRACON& Tower with Radar,0,3,2,0,5,0,0,8,0,8,0,3,10,0,13,26,0,26,39
01/16/2017,ALO,IA,ACE,CE,Combined TRACON& Tower with Radar,0,3,0,0,3,0,0,0,0,0,0,3,0,0,3,0,0,0,3
01/17/2017,ALO,IA,ACE,CE,Combined TRACON& Tower with Radar,0,4,1,0,5,0,0,0,0,0,0,4,1,0,5,0,0,0,5
01/18/2017,ALO,IA,ACE,CE,Combined TRACON& Tower with Radar,0,3,15,0,18,0,0,2,0,2,0,3,17,0,20,12,0,12,32
01/19/2017,ALO,IA,ACE,CE,Combined TRACON& Tower with Radar,0,3,8,0,11,0,0,0,0,0,0,3,8,0,11,0,0,0,11
01/20/2017,ALO,IA,ACE,CE,Combined TRACON& Tower with Radar,0,5,6,0,11,0,0,0,0,0,0,5,6,0,11,0,0,0,11
01/21/2017,ALO,IA,ACE,CE,Combined TRACON& Tower with Radar,0,0,8,0,8,0,0,0,6,6,0,0,8,6,14,6,6,12,26
01/22/2017,ALO,IA,ACE,CE,Combined TRACON& Tower with Radar,0,4,3,0,7,0,0,0,0,0,0,4,3,0,7,0,0,0,7
01/23/2017,ALO,IA,ACE,CE,Combined TRACON& Tower with Radar,0,3,13,0,16,0,0,1,0,1,0,3,14,0,17,0,0,0,17
01/24/2017,ALO,IA,ACE,CE,Combined TRACON& Tower with Radar,0,3,12,0,15,0,0,0,2,2,0,3,12,2,17,0,0,0,17
01/25/2017,ALO,IA,ACE,CE,Combined TRACON& Tower with Radar,0,6,3,0,9,0,0,0,0,0,0,6,3,0,9,0,0,0,9
01/26/2017,ALO,IA,ACE,CE,Combined TRACON& Tower with Radar,0,2,9,0,11,0,0,2,6,8,0,2,11,6,19,4,0,4,23
01/27/2017,ALO,IA,ACE,CE,Combined TRACON& Tower with Radar,0,6,8,0,14,0,0,21,4,25,0,6,29,4,39,28,16,44,83
01/28/2017,ALO,IA,ACE,CE,Combined TRACON& Tower with Radar,0,1,14,0,15,0,0,3,0,3,0,1,17,0,18,8,0,8,26
01/29/2017,ALO,IA,ACE,CE,Combined TRACON& Tower with Radar,0,3,12,0,15,0,0,4,0,4,0,3,16,0,19,12,0,12,31
01/30/2017,ALO,IA,ACE,CE,Combined TRACON& Tower with Radar,0,3,9,0,12,0,0,6,1,7,0,3,15,1,19,8,0,8,27
01/31/2017,ALO,IA,ACE,CE,Combined TRACON& Tower with Radar,0,5,8,0,13,0,0,11,1,12,0,5,19,1,25,54,0,54,79
02/01/2017,ALO,IA,ACE,CE,Combined TRACON& Tower with Radar,0,7,5,6,18,0,0,14,10,24,0,7,19,16,42,10,2,12,54
02/02/2017,ALO,IA,ACE,CE,Combined TRACON& Tower with Radar,0,4,19,2,25,0,1,38,3,42,0,5,57,5,67,48,0,48,115
02/03/2017,ALO,IA,ACE,CE,Combined TRACON& Tower with Radar,0,4,12,1,17,0,0,28,1,29,0,4,40,2,46,14,0,14,60
02/04/2017,ALO,IA,ACE,CE,Combined TRACON& Tower with Radar,0,3,9,0,12,0,0,16,0,16,0,3,25,0,28,10,0,10,38
02/05/2017,ALO,IA,ACE,CE,Combined TRACON& Tower with Radar,0,5,9,0,14,0,0,17,2,19,0,5,26,2,33,14,14,28,61
02/06/2017,ALO,IA,ACE,CE,Combined TRACON& Tower with Radar,0,3,15,0,18,0,0,22,1,23,0,3,37,1,41,28,0,28,69
02/07/2017,ALO,IA,ACE,CE,Combined TRACON& Tower with Radar,0,5,18,0,23,0,0,1,0,1,0,5,19,0,24,0,4,4,28
02/08/2017,ALO,IA,ACE,CE,Combined TRACON& Tower with Radar,0,8,18,0,26,0,0,15,10,25,0,8,33,10,51,14,2,16,67
02/09/2017,ALO,IA,ACE,CE,Combined TRACON& Tower with Radar,0,3,23,3,29,0,0,35,11,46,0,3,58,14,75,46,6,52,127
02/10/2017,ALO,IA,ACE,CE,Combined TRACON& Tower with Radar,0,5,11,2,18,0,0,18,5,23,0,5,29,7,41,16,8,24,65
02/11/2017,ALO,IA,ACE,CE,Combined TRACON& Tower with Radar,0,3,7,0,10,0,0,14,0,14,0,3,21,0,24,10,0,10,34
02/12/2017,ALO,IA,ACE,CE,Combined TRACON& Tower with Radar,0,6,8,0,14,0,0,9,0,9,0,6,17,0,23,0,0,0,23
02/13/2017,ALO,IA,ACE,CE,Combined TRACON& Tower with Radar,0,3,11,2,16,0,0,21,4,25,0,3,32,6,41,12,0,12,53
02/14/2017,ALO,IA,ACE,CE,Combined TRACON& Tower with Radar,0,3,14,0,17,0,0,18,5,23,0,3,32,5,40,12,0,12,52
02/15/2017,ALO,IA,ACE,CE,Combined TRACON& Tower with Radar,0,3,16,7,26,0,0,24,3,27,0,3,40,10,53,0,0,0,53
02/16/2017,ALO,IA,ACE,CE,Combined TRACON& Tower with Radar,0,3,25,1,29,0,0,33,3,36,0,3,58,4,65,38,0,38,103
02/17/2017,ALO,IA,ACE,CE,Combined TRACON& Tower with Radar,0,5,11,0,16,0,0,27,0,27,0,5,38,0,43,12,0,12,55
02/18/2017,ALO,IA,ACE,CE,Combined TRACON& Tower with Radar,0,3,2,0,5,0,0,28,2,30,0,3,30,2,35,16,0,16,51
02/19/2017,ALO,IA,ACE,CE,Combined TRACON& Tower with Radar,0,5,15,0,20,0,0,23,0,23,0,5,38,0,43,24,0,24,67
02/20/2017,ALO,IA,ACE,CE,Combined TRACON& Tower with Radar,0,5,8,0,13,0,0,0,0,0,0,5,8,0,13,0,0,0,13
02/21/2017,ALO,IA,ACE,CE,Combined TRACON& Tower with Radar,0,5,18,0,23,0,0,12,3,15,0,5,30,3,38,26,2,28,66
02/22/2017,ALO,IA,ACE,CE,Combined TRACON& Tower with Radar,0,5,42,1,48,0,0,22,6,28,0,5,64,7,76,46,2,48,124
02/23/2017,ALO,IA,ACE,CE,Combined TRACON& Tower with Radar,0,7,24,0,31,0,0,0,4,4,0,7,24,4,35,0,24,24,59
02/24/2017,ALO,IA,ACE,CE,Combined TRACON& Tower with Radar,0,3,1,0,4,0,0,0,0,0,0,3,1,0,4,0,0,0,4
02/25/2017,ALO,IA,ACE,CE,Combined TRACON& Tower with Radar,0,1,9,0,10,0,0,8,2,10,0,1,17,2,20,12,0,12,32
02/26/2017,ALO,IA,ACE,CE,Combined TRACON& Tower with Radar,1,3,13,0,17,0,2,14,0,16,1,5,27,0,33,8,0,8,41
02/27/2017,ALO,IA,ACE,CE,Combined TRACON& Tower with Radar,0,3,7,3,13,0,0,15,1,16,0,3,22,4,29,36,2,38,67
02/28/2017,ALO,IA,ACE,CE,Combined TRACON& Tower with Radar,0,3,15,4,22,0,0,0,1,1,0,3,15,5,23,0,8,8,31
03/01/2017,ALO,IA,ACE,CE,Combined TRACON& Tower with Radar,0,7,14,0,21,0,0,0,2,2,0,7,14,2,23,0,0,0,23
03/02/2017,ALO,IA,ACE,CE,Combined TRACON& Tower with Radar,0,5,25,0,30,0,0,6,5,11,0,5,31,5,41,8,0,8,49
03/03/2017,ALO,IA,ACE,CE,Combined TRACON& Tower with Radar,0,3,19,1,23,0,0,27,7,34,0,3,46,8,57,48,0,48,105
03/04/2017,ALO,IA,ACE,CE,Combined TRACON& Tower with Radar,0,3,7,6,16,0,0,24,5,29,0,3,31,11,45,24,8,32,77
03/05/2017,ALO,IA,ACE,CE,Combined TRACON& Tower with Radar,0,3,2,0,5,0,0,4,4,8,0,3,6,4,13,6,0,6,19
03/06/2017,ALO,IA,ACE,CE,Combined TRACON& Tower with Radar,0,3,4,0,7,0,0,3,0,3,0,3,7,0,10,0,0,0,10
03/07/2017,ALO,IA,ACE,CE,Combined TRACON& Tower with Radar,0,2,0,1,3,0,0,2,6,8,0,2,2,7,11,0,0,0,11
03/08/2017,ALO,IA,ACE,CE,Combined TRACON& Tower with Radar,0,5,12,1,18,0,0,3,5,8,0,5,15,6,26,0,0,0,26
03/09/2017,ALO,IA,ACE,CE,Combined TRACON& Tower with Radar,0,4,24,1,29,0,2,26,5,33,0,6,50,6,62,20,20,40,102
03/10/2017,ALO,IA,ACE,CE,Combined TRACON& Tower with Radar,0,4,8,2,14,0,0,14,1,15,0,4,22,3,29,22,0,22,51
03/11/2017,ALO,IA,ACE,CE,Combined TRACON& Tower with Radar,0,1,20,0,21,0,0,35,0,35,0,1,55,0,56,50,0,50,106
03/12/2017,ALO,IA,ACE,CE,Combined TRACON& Tower with Radar,0,3,7,0,10,0,0,12,0,12,0,3,19,0,22,8,0,8,30
03/13/2017,ALO,IA,ACE,CE,Combined TRACON& Tower with Radar,0,1,0,0,1,0,0,1,2,3,0,1,1,2,4,0,0,0,4
03/14/2017,ALO,IA,ACE,CE,Combined TRACON& Tower with Radar,0,4,21,1,26,0,0,13,1,14,0,4,34,2,40,14,2,16,56
03/15/2017,ALO,IA,ACE,CE,Combined TRACON& Tower with Radar,2,3,15,1,21,0,0,14,0,14,2,3,29,1,35,20,2,22,57
03/16/2017,ALO,IA,ACE,CE,Combined TRACON& Tower with Radar,0,3,17,1,21,0,0,17,5,22,0,3,34,6,43,4,0,4,47
03/17/2017,ALO,IA,ACE,CE,Combined TRACON& Tower with Radar,1,5,3,1,10,0,0,10,0,10,1,5,13,1,20,0,0,0,20
03/18/2017,ALO,IA,ACE,CE,Combined TRACON& Tower with Radar,0,1,17,0,18,0,0,9,0,9,0,1,26,0,27,2,0,2,29
03/19/2017,ALO,IA,ACE,CE,Combined TRACON& Tower with Radar,0,4,6,0,10,0,0,11,0,11,0,4,17,0,21,0,0,0,21
03/20/2017,ALO,IA,ACE,CE,Combined TRACON& Tower with Radar,0,3,9,0,12,0,0,15,0,15,0,3,24,0,27,14,0,14,41
03/21/2017,ALO,IA,ACE,CE,Combined TRACON& Tower with Radar,0,3,16,0,19,0,0,20,1,21,0,3,36,1,40,32,2,34,74
03/22/2017,ALO,IA,ACE,CE,Combined TRACON& Tower with Radar,0,3,11,0,14,0,0,19,0,19,0,3,30,0,33,36,2,38,71
03/23/2017,ALO,IA,ACE,CE,Combined TRACON& Tower with Radar,0,3,16,2,21,0,0,5,2,7,0,3,21,4,28,0,4,4,32
03/24/2017,ALO,IA,ACE,CE,Combined TRACON& Tower with Radar,0,4,10,3,17,0,0,5,3,8,0,4,15,6,25,4,0,4,29
03/25/2017,ALO,IA,ACE,CE,Combined TRACON& Tower with Radar,0,1,7,0,8,0,0,0,0,0,0,1,7,0,8,0,0,0,8
03/26/2017,ALO,IA,ACE,CE,Combined TRACON& Tower with Radar,0,3,4,0,7,0,0,0,0,0,0,3,4,0,7,0,0,0,7
03/27/2017,ALO,IA,ACE,CE,Combined TRACON& Tower with Radar,0,7,15,0,22,0,0,5,0,5,0,7,20,0,27,8,0,8,35
03/28/2017,ALO,IA,ACE,CE,Combined TRACON& Tower with Radar,0,3,22,1,26,0,0,16,1,17,0,3,38,2,43,28,0,28,71
03/29/2017,ALO,IA,ACE,CE,Combined TRACON& Tower with Radar,0,3,2,0,5,0,0,1,0,1,0,3,3,0,6,0,0,0,6
03/30/2017,ALO,IA,ACE,CE,Combined TRACON& Tower with Radar,0,3,13,0,16,0,0,1,0,1,0,3,14,0,17,0,10,10,27
03/31/2017,ALO,IA,ACE,CE,Combined TRACON& Tower with Radar,0,3,16,0,19,0,0,4,13,17,0,3,20,13,36,24,0,24,60
04/01/2017,ALO,IA,ACE,CE,Combined TRACON& Tower with Radar,0,1,15,0,16,0,0,37,22,59,0,1,52,22,75,46,0,46,121
04/02/2017,ALO,IA,ACE,CE,Combined TRACON& Tower with Radar,0,3,6,1,10,0,0,1,0,1,0,3,7,1,11,0,0,0,11
04/03/2017,ALO,IA,ACE,CE,Combined TRACON& Tower with Radar,0,3,2,0,5,0,0,0,0,0,0,3,2,0,5,2,0,2,7
04/04/2017,ALO,IA,ACE,CE,Combined TRACON& Tower with Radar,0,5,15,0,20,0,0,3,0,3,0,5,18,0,23,42,0,42,65
04/05/2017,ALO,IA,ACE,CE,Combined TRACON& Tower with Radar,0,5,17,0,22,0,0,21,5,26,0,5,38,5,48,14,0,14,62
04/06/2017,ALO,IA,ACE,CE,Combined TRACON& Tower with Radar,0,3,31,0,34,0,0,17,17,34,0,3,48,17,68,18,12,30,98
04/07/2017,ALO,IA,ACE,CE,Combined TRACON& Tower with Radar,0,3,12,0,15,0,0,63,3,66,0,3,75,3,81,28,0,28,109
04/08/2017,ALO,IA,ACE,CE,Combined TRACON& Tower with Radar,0,1,7,0,8,0,0,37,1,38,0,1,44,1,46,6,0,6,52
04/09/2017,ALO,IA,ACE,CE,Combined TRACON& Tower with Radar,0,3,6,0,9,0,0,22,0,22,0,3,28,0,31,4,0,4,35
04/10/2017,ALO,IA,ACE,CE,Combined TRACON& Tower with Radar,0,3,15,0,18,0,0,9,0,9,0,3,24,0,27,10,0,10,37
04/11/2017,ALO,IA,ACE,CE,Combined TRACON& Tower with Radar,0,5,14,0,19,0,0,24,3,27,0,5,38,3,46,24,0,24,70
04/12/2017,ALO,IA,ACE,CE,Combined TRACON& Tower with Radar,0,5,8,0,13,0,0,42,8,50,0,5,50,8,63,40,0,40,103
04/13/2017,ALO,IA,ACE,CE,Combined TRACON& Tower with Radar,0,3,33,0,36,0,1,42,7,50,0,4,75,7,86,44,0,44,130
04/14/2017,ALO,IA,ACE,CE,Combined TRACON& Tower with Radar,0,3,15,2,20,0,0,1,2,3,0,3,16,4,23,12,14,26,49
04/15/2017,ALO,IA,ACE,CE,Combined TRACON& Tower with Radar,0,1,3,0,4,0,0,15,0,15,0,1,18,0,19,0,0,0,19
04/16/2017,ALO,IA,ACE,CE,Combined TRACON& Tower with Radar,0,3,6,0,9,0,0,40,0,40,0,3,46,0,49,0,0,0,49
04/17/2017,ALO,IA,ACE,CE,Combined TRACON& Tower with Radar,0,4,16,0,20,0,0,54,0,54,0,4,70,0,74,26,0,26,100
04/18/2017,ALO,IA,ACE,CE,Combined TRACON& Tower with Radar,0,5,19,0,24,0,0,24,3,27,0,5,43,3,51,52,0,52,103
04/19/2017,ALO,IA,ACE,CE,Combined TRACON& Tower with Radar,0,3,15,0,18,0,0,3,4,7,0,3,18,4,25,30,0,30,55
04/20/2017,ALO,IA,ACE,CE,Combined TRACON& Tower with Radar,0,2,17,4,23,0,0,3,7,10,0,2,20,11,33,8,6,14,47
04/21/2017,ALO,IA,ACE,CE,Combined TRACON& Tower with Radar,0,5,17,2,24,0,0,38,7,45,0,5,55,9,69,6,10,16,85
04/22/2017,ALO,IA,ACE,CE,Combined TRACON& Tower with Radar,0,1,10,0,11,0,0,44,3,47,0,1,54,3,58,30,0,30,88
04/23/2017,ALO,IA,ACE,CE,Combined TRACON& Tower with Radar,0,3,15,0,18,0,0,41,0,41,0,3,56,0,59,30,0,30,89
04/24/2017,ALO,IA,ACE,CE,Combined TRACON& Tower with Radar,0,3,4,0,7,0,0,13,0,13,0,3,17,0,20,6,0,6,26
04/25/2017,ALO,IA,ACE,CE,Combined TRACON& Tower with Radar,0,3,17,1,21,0,0,31,2,33,0,3,48,3,54,64,4,68,122
04/26/2017,ALO,IA,ACE,CE,Combined TRACON& Tower with Radar,0,5,6,0,11,0,0,3,2,5,0,5,9,2,16,0,18,18,34
04/27/2017,ALO,IA,ACE,CE,Combined TRACON& Tower with Radar,0,3,14,0,17,0,0,5,3,8,0,3,19,3,25,0,0,0,25
04/28/2017,ALO,IA,ACE,CE,Combined TRACON& Tower with Radar,0,9,8,0,17,0,0,7,0,7,0,9,15,0,24,0,0,0,24
04/29/2017,ALO,IA,ACE,CE,Combined TRACON& Tower with Radar,0,2,1,0,3,0,0,6,1,7,0,2,7,1,10,0,0,0,10
04/30/2017,ALO,IA,ACE,CE,Combined TRACON& Tower with Radar,0,6,0,0,6,0,0,0,0,0,0,6,0,0,6,0,0,0,6
05/01/2017,ALO,IA,ACE,CE,Combined TRACON& Tower with Radar,0,1,11,0,12,0,0,1,0,1,0,1,12,0,13,0,0,0,13
05/02/2017,ALO,IA,ACE,CE,Combined TRACON& Tower with Radar,0,3,10,2,15,0,0,8,0,8,0,3,18,2,23,8,0,8,31
05/03/2017,ALO,IA,ACE,CE,Combined TRACON& Tower with Radar,0,4,21,8,33,0,0,34,1,35,0,4,55,9,68,32,14,46,114
05/04/2017,ALO,IA,ACE,CE,Combined TRACON& Tower with Radar,0,3,9,2,14,0,0,28,7,35,0,3,37,9,49,26,0,26,75
05/05/2017,ALO,IA,ACE,CE,Combined TRACON& Tower with Radar,0,5,17,2,24,0,0,33,0,33,0,5,50,2,57,40,0,40,97
05/06/2017,ALO,IA,ACE,CE,Combined TRACON& Tower with Radar,0,1,6,0,7,0,0,21,4,25,0,1,27,4,32,6,0,6,38
05/07/2017,ALO,IA,ACE,CE,Combined TRACON& Tower with Radar,0,3,10,0,13,0,0,42,0,42,0,3,52,0,55,24,0,24,79
05/08/2017,ALO,IA,ACE,CE,Combined TRACON& Tower with Radar,1,3,17,0,21,0,0,27,5,32,1,3,44,5,53,14,2,16,69
05/09/2017,ALO,IA,ACE,CE,Combined TRACON& Tower with Radar,1,3,36,2,42,0,0,14,0,14,1,3,50,2,56,10,0,10,66
05/10/2017,ALO,IA,ACE,CE,Combined TRACON& Tower with Radar,0,3,11,0,14,0,0,0,0,0,0,3,11,0,14,0,0,0,14
05/11/2017,ALO,IA,ACE,CE,Combined TRACON& Tower with Radar,0,3,20,1,24,0,0,39,2,41,0,3,59,3,65,42,8,50,115
05/12/2017,ALO,IA,ACE,CE,Combined TRACON& Tower with Radar,0,3,7,0,10,0,1,32,1,34,0,4,39,1,44,44,0,44,88
05/13/2017,ALO,IA,ACE,CE,Combined TRACON& Tower with Radar,0,1,6,0,7,0,0,19,2,21,0,1,25,2,28,14,0,14,42
05/14/2017,ALO,IA,ACE,CE,Combined TRACON& Tower with Radar,0,3,3,0,6,0,0,22,0,22,0,3,25,0,28,36,0,36,64
05/15/2017,ALO,IA,ACE,CE,Combined TRACON& Tower with Radar,0,3,10,0,13,0,0,23,0,23,0,3,33,0,36,14,0,14,50
05/16/2017,ALO,IA,ACE,CE,Combined TRACON& Tower with Radar,0,3,8,2,13,0,0,15,2,17,0,3,23,4,30,18,0,18,48
05/17/2017,ALO,IA,ACE,CE,Combined TRACON& Tower with Radar,0,5,10,0,15,0,0,2,0,2,0,5,12,0,17,0,0,0,17
05/18/2017,ALO,IA,ACE,CE,Combined TRACON& Tower with Radar,0,4,14,4,22,0,0,8,7,15,0,4,22,11,37,0,18,18,55
05/19/2017,ALO,IA,ACE,CE,Combined TRACON& Tower with Radar,0,5,12,0,17,0,0,0,0,0,0,5,12,0,17,0,0,0,17
05/20/2017,ALO,IA,ACE,CE,Combined TRACON& Tower with Radar,0,1,2,0,3,0,0,0,0,0,0,1,2,0,3,0,0,0,3
05/21/2017,ALO,IA,ACE,CE,Combined TRACON& Tower with Radar,0,5,5,0,10,0,0,15,0,15,0,5,20,0,25,2,0,2,27
05/22/2017,ALO,IA,ACE,CE,Combined TRACON& Tower with Radar,0,5,24,0,29,0,0,26,0,26,0,5,50,0,55,34,0,34,89
05/23/2017,ALO,IA,ACE,CE,Combined TRACON& Tower with Radar,0,4,29,1,34,0,0,11,0,11,0,4,40,1,45,24,4,28,73
05/24/2017,ALO,IA,ACE,CE,Combined TRACON& Tower with Radar,0,6,34,1,41,0,0,12,8,20,0,6,46,9,61,26,0,26,87
05/25/2017,ALO,IA,ACE,CE,Combined TRACON& Tower with Radar,0,3,29,0,32,0,0,28,0,28,0,3,57,0,60,24,0,24,84
05/26/2017,ALO,IA,ACE,CE,Combined TRACON& Tower with Radar,0,3,17,0,20,0,0,36,0,36,0,3,53,0,56,10,0,10,66
05/27/2017,ALO,IA,ACE,CE,Combined TRACON& Tower with Radar,0,1,3,0,4,0,0,10,0,10,0,1,13,0,14,0,0,0,14
05/28/2017,ALO,IA,ACE,CE,Combined TRACON& Tower with Radar,0,5,6,0,11,0,2,13,0,15,0,7,19,0,26,8,0,8,34
05/29/2017,ALO,IA,ACE,CE,Combined TRACON& Tower with Radar,0,3,5,0,8,0,0,10,0,10,0,3,15,0,18,0,0,0,18
05/30/2017,ALO,IA,ACE,CE,Combined TRACON& Tower with Radar,0,3,17,0,20,0,0,14,5,19,0,3,31,5,39,16,0,16,55
05/31/2017,ALO,IA,ACE,CE,Combined TRACON& Tower with Radar,0,3,15,5,23,0,0,27,5,32,0,3,42,10,55,36,0,36,91
06/01/2017,ALO,IA,ACE,CE,Combined TRACON& Tower with Radar,0,11,24,0,35,0,1,35,8,44,0,12,59,8,79,32,8,40,119
06/02/2017,ALO,IA,ACE,CE,Combined TRACON& Tower with Radar,0,3,19,0,22,0,0,30,3,33,0,3,49,3,55,14,8,22,77
06/03/2017,ALO,IA,ACE,CE,Combined TRACON& Tower with Radar,0,1,9,0,10,0,0,15,2,17,0,1,24,2,27,6,0,6,33
06/04/2017,ALO,IA,ACE,CE,Combined TRACON& Tower with Radar,0,3,19,0,22,0,0,33,0,33,0,3,52,0,55,14,0,14,69
06/05/2017,ALO,IA,ACE,CE,Combined TRACON& Tower with Radar,0,3,26,0,29,0,0,37,2,39,0,3,63,2,68,30,0,30,98
06/06/2017,ALO,IA,ACE,CE,Combined TRACON& Tower with Radar,0,3,23,1,27,0,0,19,2,21,0,3,42,3,48,60,0,60,108
06/07/2017,ALO,IA,ACE,CE,Combined TRACON& Tower with Radar,0,5,9,0,14,0,0,25,2,27,0,5,34,2,41,26,0,26,67
06/08/2017,ALO,IA,ACE,CE,Combined TRACON& Tower with Radar,0,3,17,0,20,0,0,7,3,10,0,3,24,3,30,4,6,10,40
06/09/2017,ALO,IA,ACE,CE,Combined TRACON& Tower with Radar,0,7,20,0,27,0,0,19,8,27,0,7,39,8,54,6,0,6,60
06/10/2017,ALO,IA,ACE,CE,Combined TRACON& Tower with Radar,0,1,3,0,4,0,0,5,0,5,0,1,8,0,9,2,0,2,11
06/11/2017,ALO,IA,ACE,CE,Combined TRACON& Tower with Radar,0,3,11,0,14,0,0,3,0,3,0,3,14,0,17,4,0,4,21
06/12/2017,ALO,IA,ACE,CE,Combined TRACON& Tower with Radar,0,3,26,0,29,0,0,15,0,15,0,3,41,0,44,4,0,4,48
06/13/2017,ALO,IA,ACE,CE,Combined TRACON& Tower with Radar,0,3,16,0,19,0,0,13,9,22,0,3,29,9,41,0,0,0,41
06/14/2017,ALO,IA,ACE,CE,Combined TRACON& Tower with Radar,0,7,21,0,28,0,0,17,8,25,0,7,38,8,53,16,0,16,69
06/15/2017,ALO,IA,ACE,CE,Combined TRACON& Tower with Radar,0,3,29,0,32,0,0,25,7,32,0,3,54,7,64,28,8,36,100
06/16/2017,ALO,IA,ACE,CE,Combined TRACON& Tower with Radar,0,3,21,4,28,0,0,19,12,31,0,3,40,16,59,0,0,0,59
06/17/2017,ALO,IA,ACE,CE,Combined TRACON& Tower with Radar,0,1,7,0,8,0,0,5,0,5,0,1,12,0,13,4,0,4,17
06/18/2017,ALO,IA,ACE,CE,Combined TRACON& Tower with Radar,0,5,15,0,20,0,0,21,0,21,0,5,36,0,41,2,0,2,43
06/19/2017,ALO,IA,ACE,CE,Combined TRACON& Tower with Radar,0,3,16,0,19,0,0,22,0,22,0,3,38,0,41,26,0,26,67
06/20/2017,ALO,IA,ACE,CE,Combined TRACON& Tower with Radar,0,3,16,2,21,0,0,36,0,36,0,3,52,2,57,36,0,36,93
06/21/2017,ALO,IA,ACE,CE,Combined TRACON& Tower with Radar,0,7,4,0,11,0,0,6,4,10,0,7,10,4,21,18,0,18,39
06/22/2017,ALO,IA,ACE,CE,Combined TRACON& Tower with Radar,1,6,12,0,19,0,0,5,0,5,1,6,17,0,24,14,0,14,38
06/23/2017,ALO,IA,ACE,CE,Combined TRACON& Tower with Radar,2,6,11,0,19,0,0,11,0,11,2,6,22,0,30,38,0,38,68
06/24/2017,ALO,IA,ACE,CE,Combined TRACON& Tower with Radar,0,1,3,0,4,0,0,17,0,17,0,1,20,0,21,12,0,12,33
06/25/2017,ALO,IA,ACE,CE,Combined TRACON& Tower with Radar,0,3,8,2,13,0,0,16,2,18,0,3,24,4,31,18,0,18,49
06/26/2017,ALO,IA,ACE,CE,Combined TRACON& Tower with Radar,0,3,13,0,16,0,2,29,0,31,0,5,42,0,47,15,0,15,62
06/27/2017,ALO,IA,ACE,CE,Combined TRACON& Tower with Radar,0,5,12,0,17,0,0,49,2,51,0,5,61,2,68,52,0,52,120
06/28/2017,ALO,IA,ACE,CE,Combined TRACON& Tower with Radar,0,3,9,0,12,0,0,4,0,4,0,3,13,0,16,6,0,6,22
06/29/2017,ALO,IA,ACE,CE,Combined TRACON& Tower with Radar,0,3,17,0,20,0,0,8,0,8,0,3,25,0,28,14,0,14,42
06/30/2017,ALO,IA,ACE,CE,Combined TRACON& Tower with Radar,0,4,14,0,18,0,0,25,0,25,0,4,39,0,43,38,4,42,85
07/01/2017,ALO,IA,ACE,CE,Combined TRACON& Tower with Radar,0,1,15,0,16,0,0,30,0,30,0,1,45,0,46,16,0,16,62
07/02/2017,ALO,IA,ACE,CE,Combined TRACON& Tower with Radar,0,5,4,0,9,0,0,13,0,13,0,5,17,0,22,16,0,16,38
07/03/2017,ALO,IA,ACE,CE,Combined TRACON& Tower with Radar,0,4,6,0,10,0,0,7,0,7,0,4,13,0,17,25,0,25,42
07/04/2017,ALO,IA,ACE,CE,Combined TRACON& Tower with Radar,0,3,3,0,6,0,0,15,0,15,0,3,18,0,21,0,0,0,21
07/05/2017,ALO,IA,ACE,CE,Combined TRACON& Tower with Radar,0,3,8,0,11,0,0,12,3,15,0,3,20,3,26,22,6,28,54
07/06/2017,ALO,IA,ACE,CE,Combined TRACON& Tower with Radar,0,3,18,2,23,0,0,16,1,17,0,3,34,3,40,64,6,70,110
07/07/2017,ALO,IA,ACE,CE,Combined TRACON& Tower with Radar,0,4,10,0,14,0,1,16,11,28,0,5,26,11,42,80,0,80,122
07/08/2017,ALO,IA,ACE,CE,Combined TRACON& Tower with Radar,0,1,7,0,8,0,0,44,11,55,0,1,51,11,63,22,20,42,105
07/09/2017,ALO,IA,ACE,CE,Combined TRACON& Tower with Radar,0,3,4,1,8,0,0,26,0,26,0,3,30,1,34,52,0,52,86
07/10/2017,ALO,IA,ACE,CE,Combined TRACON& Tower with Radar,0,3,17,0,20,0,0,13,5,18,0,3,30,5,38,40,24,64,102
07/11/2017,ALO,IA,ACE,CE,Combined TRACON& Tower with Radar,0,3,21,3,27,0,0,13,4,17,0,3,34,7,44,38,16,54,98
07/12/2017,ALO,IA,ACE,CE,Combined TRACON& Tower with Radar,0,2,11,0,13,0,0,7,0,7,0,2,18,0,20,2,0,2,22
07/13/2017,ALO,IA,ACE,CE,Combined TRACON& Tower with Radar,0,3,12,3,18,0,0,20,9,29,0,3,32,12,47,38,0,38,85
07/14/2017,ALO,IA,ACE,CE,Combined TRACON& Tower with Radar,0,5,6,0,11,0,0,31,10,41,0,5,37,10,52,34,4,38,90
07/15/2017,ALO,IA,ACE,CE,Combined TRACON& Tower with Radar,0,1,10,0,11,0,0,28,0,28,0,1,38,0,39,34,0,34,73
07/16/2017,ALO,IA,ACE,CE,Combined TRACON& Tower with Radar,0,3,6,0,9,0,0,19,2,21,0,3,25,2,30,38,0,38,68
07/17/2017,ALO,IA,ACE,CE,Combined TRACON& Tower with Radar,0,3,6,4,13,0,0,36,4,40,0,3,42,8,53,30,0,30,83
07/18/2017,ALO,IA,ACE,CE,Combined TRACON& Tower with Radar,0,5,11,2,18,0,0,15,3,18,0,5,26,5,36,12,12,24,60
07/19/2017,ALO,IA,ACE,CE,Combined TRACON& Tower with Radar,0,4,18,0,22,0,1,11,1,13,0,5,29,1,35,14,4,18,53
07/20/2017,ALO,IA,ACE,CE,Combined TRACON& Tower with Radar,1,4,26,2,33,0,0,16,4,20,1,4,42,6,53,8,0,8,61
07/21/2017,ALO,IA,ACE,CE,Combined TRACON& Tower with Radar,0,3,8,6,17,0,0,14,6,20,0,3,22,12,37,0,4,4,41
07/22/2017,ALO,IA,ACE,CE,Combined TRACON& Tower with Radar,0,0,8,2,10,0,0,4,6,10,0,0,12,8,20,6,16,22,42
07/23/2017,ALO,IA,ACE,CE,Combined TRACON& Tower with Radar,0,3,11,1,15,0,0,33,1,34,0,3,44,2,49,0,0,0,49
07/24/2017,ALO,IA,ACE,CE,Combined TRACON& Tower with Radar,0,1,7,0,8,0,0,17,1,18,0,1,24,1,26,14,0,14,40
07/25/2017,ALO,IA,ACE,CE,Combined TRACON& Tower with Radar,0,3,21,0,24,0,0,31,1,32,0,3,52,1,56,30,6,36,92
07/26/2017,ALO,IA,ACE,CE,Combined TRACON& Tower with Radar,0,3,7,7,17,0,0,18,1,19,0,3,25,8,36,0,0,0,36
07/27/2017,ALO,IA,ACE,CE,Combined TRACON& Tower with Radar,0,3,13,3,19,0,0,22,6,28,0,3,35,9,47,34,2,36,83
07/28/2017,ALO,IA,ACE,CE,Combined TRACON& Tower with Radar,0,6,8,0,14,0,0,28,2,30,0,6,36,2,44,16,0,16,60
07/29/2017,ALO,IA,ACE,CE,Combined TRACON& Tower with Radar,0,1,11,0,12,0,2,33,0,35,0,3,44,0,47,28,0,28,75
07/30/2017,ALO,IA,ACE,CE,Combined TRACON& Tower with Radar,0,4,9,0,13,0,0,19,0,19,0,4,28,0,32,4,0,4,36
07/31/2017,ALO,IA,ACE,CE,Combined TRACON& Tower with Radar,0,4,11,1,16,0,0,17,0,17,0,4,28,1,33,12,0,12,45
08/01/2017,ALO,IA,ACE,CE,Combined TRACON& Tower with Radar,0,7,23,1,31,0,0,24,2,26,0,7,47,3,57,24,0,24,81
08/02/2017,ALO,IA,ACE,CE,Combined TRACON& Tower with Radar,0,4,15,0,19,0,0,25,4,29,0,4,40,4,48,44,0,44,92
08/03/2017,ALO,IA,ACE,CE,Combined TRACON& Tower with Radar,0,2,13,1,16,0,0,11,1,12,0,2,24,2,28,24,0,24,52
08/04/2017,ALO,IA,ACE,CE,Combined TRACON& Tower with Radar,0,5,20,3,28,0,0,24,3,27,0,5,44,6,55,32,0,32,87
08/05/2017,ALO,IA,ACE,CE,Combined TRACON& Tower with Radar,0,1,10,0,11,0,0,20,3,23,0,1,30,3,34,10,0,10,44
08/06/2017,ALO,IA,ACE,CE,Combined TRACON& Tower with Radar,0,3,12,0,15,0,0,24,1,25,0,3,36,1,40,24,0,24,64
08/07/2017,ALO,IA,ACE,CE,Combined TRACON& Tower with Radar,0,5,13,0,18,0,0,12,6,18,0,5,25,6,36,4,0,4,40
08/08/2017,ALO,IA,ACE,CE,Combined TRACON& Tower with Radar,0,3,19,2,24,0,0,19,0,19,0,3,38,2,43,8,0,8,51
08/09/2017,ALO,IA,ACE,CE,Combined TRACON& Tower with Radar,0,3,11,6,20,0,0,16,2,18,0,3,27,8,38,18,2,20,58
08/10/2017,ALO,IA,ACE,CE,Combined TRACON& Tower with Radar,0,4,10,2,16,0,0,14,6,20,0,4,24,8,36,18,12,30,66
08/11/2017,ALO,IA,ACE,CE,Combined TRACON& Tower with Radar,0,6,15,1,22,0,0,16,1,17,0,6,31,2,39,22,0,22,61
08/12/2017,ALO,IA,ACE,CE,Combined TRACON& Tower with Radar,0,1,2,0,3,0,0,24,0,24,0,1,26,0,27,56,0,56,83
08/13/2017,ALO,IA,ACE,CE,Combined TRACON& Tower with Radar,0,3,2,0,5,0,0,20,0,20,0,3,22,0,25,12,0,12,37
08/14/2017,ALO,IA,ACE,CE,Combined TRACON& Tower with Radar,0,3,10,0,13,0,0,13,5,18,0,3,23,5,31,16,4,20,51
08/15/2017,ALO,IA,ACE,CE,Combined TRACON& Tower with Radar,0,3,16,2,21,0,0,3,0,3,0,3,19,2,24,12,14,26,50
08/16/2017,ALO,IA,ACE,CE,Combined TRACON& Tower with Radar,0,5,14,0,19,0,0,4,1,5,0,5,18,1,24,4,8,12,36
08/17/2017,ALO,IA,ACE,CE,Combined TRACON& Tower with Radar,0,3,10,4,17,0,0,11,1,12,0,3,21,5,29,4,0,4,33
08/18/2017,ALO,IA,ACE,CE,Combined TRACON& Tower with Radar,0,3,10,1,14,0,0,17,4,21,0,3,27,5,35,24,0,24,59
08/19/2017,ALO,IA,ACE,CE,Combined TRACON& Tower with Radar,0,1,5,0,6,0,2,21,0,23,0,3,26,0,29,2,0,2,31
08/20/2017,ALO,IA,ACE,CE,Combined TRACON& Tower with Radar,1,3,8,0,12,0,0,17,1,18,1,3,25,1,30,8,0,8,38
08/21/2017,ALO,IA,ACE,CE,Combined TRACON& Tower with Radar,0,3,12,0,15,0,0,8,0,8,0,3,20,0,23,0,0,0,23
08/22/2017,ALO,IA,ACE,CE,Combined TRACON& Tower with Radar,0,3,12,0,15,0,0,8,0,8,0,3,20,0,23,0,0,0,23
08/23/2017,ALO,IA,ACE,CE,Combined TRACON& Tower with Radar,0,4,19,0,23,0,0,30,6,36,0,4,49,6,59,18,6,24,83
08/24/2017,ALO,IA,ACE,CE,Combined TRACON& Tower with Radar,0,3,18,0,21,0,0,19,0,19,0,3,37,0,40,16,0,16,56
08/25/2017,ALO,IA,ACE,CE,Combined TRACON& Tower with Radar,0,3,15,1,19,0,0,40,5,45,0,3,55,6,64,24,0,24,88
08/26/2017,ALO,IA,ACE,CE,Combined TRACON& Tower with Radar,0,1,5,1,7,0,0,16,9,25,0,1,21,10,32,2,0,2,34
08/27/2017,ALO,IA,ACE,CE,Combined TRACON& Tower with Radar,0,3,16,0,19,0,0,6,0,6,0,3,22,0,25,22,0,22,47
08/28/2017,ALO,IA,ACE,CE,Combined TRACON& Tower with Radar,0,3,14,0,17,0,0,17,0,17,0,3,31,0,34,10,0,10,44
08/29/2017,ALO,IA,ACE,CE,Combined TRACON& Tower with Radar,0,3,19,0,22,0,0,11,1,12,0,3,30,1,34,6,0,6,40
08/30/2017,ALO,IA,ACE,CE,Combined TRACON& Tower with Radar,0,5,14,0,19,0,1,20,17,38,0,6,34,17,57,46,0,46,103
08/31/2017,ALO,IA,ACE,CE,Combined TRACON& Tower with Radar,0,3,22,2,27,0,0,9,2,11,0,3,31,4,38,18,0,18,56
09/01/2017,ALO,IA,ACE,CE,Combined TRACON& Tower with Radar,0,3,26,0,29,0,0,36,0,36,0,3,62,0,65,40,0,40,105
09/02/2017,ALO,IA,ACE,CE,Combined TRACON& Tower with Radar,0,1,5,0,6,0,0,12,0,12,0,1,17,0,18,8,0,8,26
09/03/2017,ALO,IA,ACE,CE,Combined TRACON& Tower with Radar,0,3,3,0,6,0,0,28,0,28,0,3,31,0,34,32,0,32,66
09/04/2017,ALO,IA,ACE,CE,Combined TRACON& Tower with Radar,0,3,13,2,18,0,0,21,1,22,0,3,34,3,40,14,0,14,54
09/05/2017,ALO,IA,ACE,CE,Combined TRACON& Tower with Radar,0,5,20,0,25,0,0,10,0,10,0,5,30,0,35,20,0,20,55
09/06/2017,ALO,IA,ACE,CE,Combined TRACON& Tower with Radar,0,3,20,0,23,0,0,18,1,19,0,3,38,1,42,12,6,18,60
09/07/2017,ALO,IA,ACE,CE,Combined TRACON& Tower with Radar,0,3,23,0,26,0,0,13,0,13,0,3,36,0,39,6,16,22,61
09/08/2017,ALO,IA,ACE,CE,Combined TRACON& Tower with Radar,1,5,12,0,18,0,0,19,2,21,1,5,31,2,39,22,0,22,61
09/09/2017,ALO,IA,ACE,CE,Combined TRACON& Tower with Radar,0,1,15,0,16,0,0,29,0,29,0,1,44,0,45,8,0,8,53
09/10/2017,ALO,IA,ACE,CE,Combined TRACON& Tower with Radar,0,3,9,1,13,0,0,21,1,22,0,3,30,2,35,0,0,0,35
09/11/2017,ALO,IA,ACE,CE,Combined TRACON& Tower with Radar,0,3,11,0,14,0,0,21,1,22,0,3,32,1,36,22,0,22,58
09/12/2017,ALO,IA,ACE,CE,Combined TRACON& Tower with Radar,2,7,15,0,24,0,0,35,1,36,2,7,50,1,60,16,0,16,76
09/13/2017,ALO,IA,ACE,CE,Combined TRACON& Tower with Radar,0,8,13,1,22,0,0,23,1,24,0,8,36,2,46,6,2,8,54
09/14/2017,ALO,IA,ACE,CE,Combined TRACON& Tower with Radar,0,7,20,2,29,0,0,17,0,17,0,7,37,2,46,8,0,8,54
09/15/2017,ALO,IA,ACE,CE,Combined TRACON& Tower with Radar,2,5,6,0,13,0,0,18,2,20,2,5,24,2,33,18,0,18,51
09/16/2017,ALO,IA,ACE,CE,Combined TRACON& Tower with Radar,0,1,3,0,4,0,0,226,2,228,0,1,229,2,232,0,0,0,232
09/17/2017,ALO,IA,ACE,CE,Combined TRACON& Tower with Radar,0,3,12,1,16,0,0,20,1,21,0,3,32,2,37,60,0,60,97
09/18/2017,ALO,IA,ACE,CE,Combined TRACON& Tower with Radar,0,3,4,0,7,0,0,15,0,15,0,3,19,0,22,12,0,12,34
09/19/2017,ALO,IA,ACE,CE,Combined TRACON& Tower with Radar,0,3,11,0,14,0,0,9,0,9,0,3,20,0,23,8,0,8,31
09/20/2017,ALO,IA,ACE,CE,Combined TRACON& Tower with Radar,0,5,15,1,21,0,0,20,4,24,0,5,35,5,45,20,0,20,65
09/21/2017,ALO,IA,ACE,CE,Combined TRACON& Tower with Radar,0,3,9,0,12,0,0,21,3,24,0,3,30,3,36,4,0,4,40
09/22/2017,ALO,IA,ACE,CE,Combined TRACON& Tower with Radar,0,7,10,0,17,0,0,23,3,26,0,7,33,3,43,14,0,14,57
09/23/2017,ALO,IA,ACE,CE,Combined TRACON& Tower with Radar,0,3,7,0,10,0,0,22,0,22,0,3,29,0,32,0,0,0,32
09/24/2017,ALO,IA,ACE,CE,Combined TRACON& Tower with Radar,0,4,9,0,13,0,0,22,0,22,0,4,31,0,35,16,0,16,51
09/25/2017,ALO,IA,ACE,CE,Combined TRACON& Tower with Radar,0,3,13,0,16,0,0,15,0,15,0,3,28,0,31,18,0,18,49
09/26/2017,ALO,IA,ACE,CE,Combined TRACON& Tower with Radar,0,5,20,0,25,0,0,5,1,6,0,5,25,1,31,18,0,18,49
09/27/2017,ALO,IA,ACE,CE,Combined TRACON& Tower with Radar,0,7,10,0,17,0,0,27,6,33,0,7,37,6,50,30,0,30,80
09/28/2017,ALO,IA,ACE,CE,Combined TRACON& Tower with Radar,0,3,12,0,15,0,0,24,0,24,0,3,36,0,39,115,0,115,154
09/29/2017,ALO,IA,ACE,CE,Combined TRACON& Tower with Radar,2,3,13,1,19,0,0,32,3,35,2,3,45,4,54,28,0,28,82
09/30/2017,ALO,IA,ACE,CE,Combined TRACON& Tower with Radar,0,1,6,0,7,0,0,34,0,34,0,1,40,0,41,10,0,10,51
10/01/2017,ALO,IA,ACE,CE,Combined TRACON& Tower with Radar,1,5,5,0,11,0,0,17,0,17,1,5,22,0,28,2,0,2,30
10/02/2017,ALO,IA,ACE,CE,Combined TRACON& Tower with Radar,0,3,13,0,16,0,0,8,0,8,0,3,21,0,24,8,0,8,32
10/03/2017,ALO,IA,ACE,CE,Combined TRACON& Tower with Radar,0,3,6,0,9,0,0,8,0,8,0,3,14,0,17,4,0,4,21
10/04/2017,ALO,IA,ACE,CE,Combined TRACON& Tower with Radar,0,4,10,0,14,0,0,32,6,38,0,4,42,6,52,66,0,66,118
10/05/2017,ALO,IA,ACE,CE,Combined TRACON& Tower with Radar,0,3,20,1,24,0,0,17,0,17,0,3,37,1,41,14,2,16,57
10/06/2017,ALO,IA,ACE,CE,Combined TRACON& Tower with Radar,0,3,13,0,16,0,0,0,0,0,0,3,13,0,16,0,0,0,16
10/07/2017,ALO,IA,ACE,CE,Combined TRACON& Tower with Radar,0,1,6,0,7,0,0,0,0,0,0,1,6,0,7,0,0,0,7
10/08/2017,ALO,IA,ACE,CE,Combined TRACON& Tower with Radar,0,2,6,0,8,0,0,36,0,36,0,2,42,0,44,16,0,16,60
10/09/2017,ALO,IA,ACE,CE,Combined TRACON& Tower with Radar,1,4,7,0,12,0,0,16,0,16,1,4,23,0,28,4,0,4,32
10/10/2017,ALO,IA,ACE,CE,Combined TRACON& Tower with Radar,1,3,4,1,9,0,0,3,1,4,1,3,7,2,13,6,0,6,19
10/11/2017,ALO,IA,ACE,CE,Combined TRACON& Tower with Radar,1,3,23,4,31,0,0,1,0,1,1,3,24,4,32,10,10,20,52
10/12/2017,ALO,IA,ACE,CE,Combined TRACON& Tower with Radar,0,3,19,0,22,0,0,4,0,4,0,3,23,0,26,0,0,0,26
10/13/2017,ALO,IA,ACE,CE,Combined TRACON& Tower with Radar,0,6,2,0,8,0,0,2,0,2,0,6,4,0,10,0,0,0,10
10/14/2017,ALO,IA,ACE,CE,Combined TRACON& Tower with Radar,0,1,0,0,1,0,0,0,0,0,0,1,0,0,1,0,0,0,1
10/15/2017,ALO,IA,ACE,CE,Combined TRACON& Tower with Radar,0,3,6,0,9,0,0,10,0,10,0,3,16,0,19,26,0,26,45
10/16/2017,ALO,IA,ACE,CE,Combined TRACON& Tower with Radar,0,5,33,4,42,0,0,33,0,33,0,5,66,4,75,14,0,14,89
10/17/2017,ALO,IA,ACE,CE,Combined TRACON& Tower with Radar,0,3,12,0,15,0,0,27,2,29,0,3,39,2,44,18,4,22,66
10/18/2017,ALO,IA,ACE,CE,Combined TRACON& Tower with Radar,0,5,22,0,27,0,0,26,0,26,0,5,48,0,53,8,0,8,61
10/19/2017,ALO,IA,ACE,CE,Combined TRACON& Tower with Radar,0,4,24,0,28,0,0,29,1,30,0,4,53,1,58,44,2,46,104
10/20/2017,ALO,IA,ACE,CE,Combined TRACON& Tower with Radar,2,3,5,0,10,0,0,16,1,17,2,3,21,1,27,10,0,10,37
10/21/2017,ALO,IA,ACE,CE,Combined TRACON& Tower with Radar,2,1,3,0,6,0,0,3,4,7,2,1,6,4,13,2,0,2,15
10/22/2017,ALO,IA,ACE,CE,Combined TRACON& Tower with Radar,0,3,8,1,12,0,0,18,2,20,0,3,26,3,32,10,0,10,42
10/23/2017,ALO,IA,ACE,CE,Combined TRACON& Tower with Radar,0,3,8,5,16,0,0,13,1,14,0,3,21,6,30,22,0,22,52
10/24/2017,ALO,IA,ACE,CE,Combined TRACON& Tower with Radar,0,5,15,1,21,0,0,3,0,3,0,5,18,1,24,0,0,0,24
10/25/2017,ALO,IA,ACE,CE,Combined TRACON& Tower with Radar,0,8,14,2,24,0,1,21,4,26,0,9,35,6,50,28,0,28,78
10/26/2017,ALO,IA,ACE,CE,Combined TRACON& Tower with Radar,0,5,11,2,18,0,1,12,10,23,0,6,23,12,41,8,0,8,49
10/27/2017,ALO,IA,ACE,CE,Combined TRACON& Tower with Radar,2,3,5,0,10,0,0,2,0,2,2,3,7,0,12,0,0,0,12
10/28/2017,ALO,IA,ACE,CE,Combined TRACON& Tower with Radar,0,1,8,0,9,0,0,14,0,14,0,1,22,0,23,2,0,2,25
10/29/2017,ALO,IA,ACE,CE,Combined TRACON& Tower with Radar,0,3,3,0,6,0,0,11,0,11,0,3,14,0,17,2,0,2,19
10/30/2017,ALO,IA,ACE,CE,Combined TRACON& Tower with Radar,0,5,10,0,15,0,0,5,0,5,0,5,15,0,20,2,0,2,22
10/31/2017,ALO,IA,ACE,CE,Combined TRACON& Tower with Radar,0,4,25,0,29,0,2,24,1,27,0,6,49,1,56,52,2,54,110
11/01/2017,ALO,IA,ACE,CE,Combined TRACON& Tower with Radar,2,3,10,0,15,0,0,2,4,6,2,3,12,4,21,10,0,10,31
11/02/2017,ALO,IA,ACE,CE,Combined TRACON& Tower with Radar,0,5,12,1,18,0,0,3,4,7,0,5,15,5,25,8,0,8,33
11/03/2017,ALO,IA,ACE,CE,Combined TRACON& Tower with Radar,0,5,12,1,18,0,0,31,7,38,0,5,43,8,56,26,8,34,90
11/04/2017,ALO,IA,ACE,CE,Combined TRACON& Tower with Radar,0,1,19,0,20,0,0,0,0,0,0,1,19,0,20,0,0,0,20
11/05/2017,ALO,IA,ACE,CE,Combined TRACON& Tower with Radar,0,5,4,0,9,0,0,2,0,2,0,5,6,0,11,22,0,22,33
11/06/2017,ALO,IA,ACE,CE,Combined TRACON& Tower with Radar,0,3,10,0,13,0,0,9,1,10,0,3,19,1,23,48,0,48,71
11/07/2017,ALO,IA,ACE,CE,Combined TRACON& Tower with Radar,0,3,20,0,23,0,0,27,1,28,0,3,47,1,51,50,0,50,101
11/08/2017,ALO,IA,ACE,CE,Combined TRACON& Tower with Radar,0,5,17,0,22,0,0,25,1,26,0,5,42,1,48,52,2,54,102
11/09/2017,ALO,IA,ACE,CE,Combined TRACON& Tower with Radar,0,9,19,1,29,0,0,8,1,9,0,9,27,2,38,4,0,4,42
11/10/2017,ALO,IA,ACE,CE,Combined TRACON& Tower with Radar,2,5,19,0,26,0,0,30,0,30,2,5,49,0,56,26,0,26,82
11/11/2017,ALO,IA,ACE,CE,Combined TRACON& Tower with Radar,0,1,7,0,8,0,0,14,0,14,0,1,21,0,22,8,0,8,30
11/12/2017,ALO,IA,ACE,CE,Combined TRACON& Tower with Radar,0,5,13,0,18,0,0,6,0,6,0,5,19,0,24,6,0,6,30
11/13/2017,ALO,IA,ACE,CE,Combined TRACON& Tower with Radar,0,5,9,2,16,0,0,0,0,0,0,5,9,2,16,1,0,1,17
11/14/2017,ALO,IA,ACE,CE,Combined TRACON& Tower with Radar,0,4,21,0,25,0,0,0,0,0,0,4,21,0,25,0,0,0,25
11/15/2017,ALO,IA,ACE,CE,Combined TRACON& Tower with Radar,0,4,15,1,20,0,0,11,5,16,0,4,26,6,36,18,0,18,54
11/16/2017,ALO,IA,ACE,CE,Combined TRACON& Tower with Radar,0,3,19,0,22,0,0,11,0,11,0,3,30,0,33,82,0,82,115
11/17/2017,ALO,IA,ACE,CE,Combined TRACON& Tower with Radar,0,3,0,0,3,0,0,0,0,0,0,3,0,0,3,0,0,0,3
11/18/2017,ALO,IA,ACE,CE,Combined TRACON& Tower with Radar,0,3,4,0,7,0,0,7,2,9,0,3,11,2,16,12,2,14,30
11/19/2017,ALO,IA,ACE,CE,Combined TRACON& Tower with Radar,0,7,0,0,7,0,2,31,2,35,0,9,31,2,42,30,0,30,72
11/20/2017,ALO,IA,ACE,CE,Combined TRACON& Tower with Radar,0,5,12,1,18,0,1,20,2,23,0,6,32,3,41,18,2,20,61
11/21/2017,ALO,IA,ACE,CE,Combined TRACON& Tower with Radar,0,3,13,0,16,0,0,15,0,15,0,3,28,0,31,10,0,10,41
11/22/2017,ALO,IA,ACE,CE,Combined TRACON& Tower with Radar,0,3,30,2,35,0,0,26,1,27,0,3,56,3,62,42,2,44,106
11/23/2017,ALO,IA,ACE,CE,Combined TRACON& Tower with Radar,0,4,4,0,8,0,0,12,0,12,0,4,16,0,20,8,0,8,28
11/24/2017,ALO,IA,ACE,CE,Combined TRACON& Tower with Radar,2,4,14,0,20,0,0,6,0,6,2,4,20,0,26,6,0,6,32
11/25/2017,ALO,IA,ACE,CE,Combined TRACON& Tower with Radar,1,3,7,0,11,0,0,28,0,28,1,3,35,0,39,10,0,10,49
11/26/2017,ALO,IA,ACE,CE,Combined TRACON& Tower with Radar,0,3,8,0,11,0,0,22,0,22,0,3,30,0,33,68,0,68,101
11/27/2017,ALO,IA,ACE,CE,Combined TRACON& Tower with Radar,0,3,7,3,13,0,0,16,0,16,0,3,23,3,29,32,0,32,61
11/28/2017,ALO,IA,ACE,CE,Combined TRACON& Tower with Radar,0,4,14,2,20,0,0,9,2,11,0,4,23,4,31,18,0,18,49
11/29/2017,ALO,IA,ACE,CE,Combined TRACON& Tower with Radar,0,3,20,3,26,0,1,35,1,37,0,4,55,4,63,48,2,50,113
11/30/2017,ALO,IA,ACE,CE,Combined TRACON& Tower with Radar,0,5,9,1,15,0,0,23,8,31,0,5,32,9,46,26,0,26,72
12/01/2017,ALO,IA,ACE,CE,Combined TRACON& Tower with Radar,1,5,31,2,39,0,0,25,2,27,1,5,56,4,66,24,0,24,90
12/02/2017,ALO,IA,ACE,CE,Combined TRACON& Tower with Radar,0,4,7,0,11,0,1,33,4,38,0,5,40,4,49,36,0,36,85
12/03/2017,ALO,IA,ACE,CE,Combined TRACON& Tower with Radar,0,5,22,0,27,0,0,26,0,26,0,5,48,0,53,6,0,6,59
12/04/2017,ALO,IA,ACE,CE,Combined TRACON& Tower with Radar,0,5,3,0,8,0,0,4,0,4,0,5,7,0,12,0,0,0,12
12/05/2017,ALO,IA,ACE,CE,Combined TRACON& Tower with Radar,0,8,20,0,28,0,0,4,3,7,0,8,24,3,35,0,0,0,35
12/06/2017,ALO,IA,ACE,CE,Combined TRACON& Tower with Radar,0,5,18,0,23,0,0,10,3,13,0,5,28,3,36,8,2,10,46
12/07/2017,ALO,IA,ACE,CE,Combined TRACON& Tower with Radar,0,3,24,2,29,0,0,16,6,22,0,3,40,8,51,10,10,20,71
12/08/2017,ALO,IA,ACE,CE,Combined TRACON& Tower with Radar,0,3,13,0,16,0,0,23,0,23,0,3,36,0,39,30,0,30,69
12/09/2017,ALO,IA,ACE,CE,Combined TRACON& Tower with Radar,0,1,14,0,15,0,0,10,0,10,0,1,24,0,25,20,0,20,45
12/10/2017,ALO,IA,ACE,CE,Combined TRACON& Tower with Radar,0,3,7,0,10,0,0,20,0,20,0,3,27,0,30,16,0,16,46
12/11/2017,ALO,IA,ACE,CE,Combined TRACON& Tower with Radar,0,7,5,0,12,0,0,2,0,2,0,7,7,0,14,6,0,6,20
12/12/2017,ALO,IA,ACE,CE,Combined TRACON& Tower with Radar,0,3,21,0,24,0,0,19,2,21,0,3,40,2,45,20,0,20,65
12/13/2017,ALO,IA,ACE,CE,Combined TRACON& Tower with Radar,0,6,18,0,24,0,0,1,0,1,0,6,19,0,25,0,0,0,25
12/14/2017,ALO,IA,ACE,CE,Combined TRACON& Tower with Radar,0,5,24,0,29,0,0,7,2,9,0,5,31,2,38,28,6,34,72
12/15/2017,ALO,IA,ACE,CE,Combined TRACON& Tower with Radar,0,4,12,0,16,0,0,5,1,6,0,4,17,1,22,20,0,20,42
12/16/2017,ALO,IA,ACE,CE,Combined TRACON& Tower with Radar,0,2,10,0,12,0,1,37,0,38,0,3,47,0,50,40,0,40,90
12/17/2017,ALO,IA,ACE,CE,Combined TRACON& Tower with Radar,0,3,4,0,7,0,0,0,0,0,0,3,4,0,7,0,0,0,7
12/18/2017,ALO,IA,ACE,CE,Combined TRACON& Tower with Radar,0,3,8,0,11,0,0,16,0,16,0,3,24,0,27,8,0,8,35
12/19/2017,ALO,IA,ACE,CE,Combined TRACON& Tower with Radar,0,7,16,0,23,0,0,30,2,32,0,7,46,2,55,4,0,4,59
12/20/2017,ALO,IA,ACE,CE,Combined TRACON& Tower with Radar,0,4,9,2,15,0,0,20,8,28,0,4,29,10,43,18,2,20,63
12/21/2017,ALO,IA,ACE,CE,Combined TRACON& Tower with Radar,0,5,20,0,25,0,0,5,0,5,0,5,25,0,30,0,0,0,30
12/22/2017,ALO,IA,ACE,CE,Combined TRACON& Tower with Radar,1,7,1,0,9,0,0,2,0,2,1,7,3,0,11,0,0,0,11
12/23/2017,ALO,IA,ACE,CE,Combined TRACON& Tower with Radar,0,1,2,0,3,0,0,9,0,9,0,1,11,0,12,22,0,22,34
12/24/2017,ALO,IA,ACE,CE,Combined TRACON& Tower with Radar,0,5,2,0,7,0,0,0,0,0,0,5,2,0,7,0,0,0,7
12/25/2017,ALO,IA,ACE,CE,Combined TRACON& Tower with Radar,0,3,0,0,3,0,0,1,0,1,0,3,1,0,4,0,0,0,4
12/26/2017,ALO,IA,ACE,CE,Combined TRACON& Tower with Radar,0,2,10,0,12,0,0,1,0,1,0,2,11,0,13,0,0,0,13
12/27/2017,ALO,IA,ACE,CE,Combined TRACON& Tower with Radar,0,6,3,0,9,0,0,14,0,14,0,6,17,0,23,0,0,0,23
12/28/2017,ALO,IA,ACE,CE,Combined TRACON& Tower with Radar,0,5,8,0,13,0,0,0,0,0,0,5,8,0,13,0,0,0,13
12/29/2017,ALO,IA,ACE,CE,Combined TRACON& Tower with Radar,0,5,2,0,7,0,0,0,0,0,0,5,2,0,7,0,0,0,7
12/30/2017,ALO,IA,ACE,CE,Combined TRACON& Tower with Radar,0,3,4,0,7,0,0,0,0,0,0,3,4,0,7,0,0,0,7
12/31/2017,ALO,IA,ACE,CE,Combined TRACON& Tower with Radar,0,5,0,0,5,0,0,1,0,1,0,5,1,0,6,0,0,0,6
01/01/2018,ALO,IA,ACE,CE,Combined TRACON& Tower with Radar,0,3,1,0,4,0,0,1,0,1,0,3,2,0,5,0,0,0,5
01/02/2018,ALO,IA,ACE,CE,Combined TRACON& Tower with Radar,0,5,8,0,13,0,0,3,0,3,0,5,11,0,16,0,0,0,16
01/03/2018,ALO,IA,ACE,CE,Combined TRACON& Tower with Radar,0,7,4,1,12,0,0,4,7,11,0,7,8,8,23,2,2,4,27
01/04/2018,ALO,IA,ACE,CE,Combined TRACON& Tower with Radar,0,3,18,2,23,0,0,8,1,9,0,3,26,3,32,8,0,8,40
01/05/2018,ALO,IA,ACE,CE,Combined TRACON& Tower with Radar,0,4,11,4,19,0,0,10,0,10,0,4,21,4,29,12,0,12,41
01/06/2018,ALO,IA,ACE,CE,Combined TRACON& Tower with Radar,1,5,7,0,13,0,0,4,0,4,1,5,11,0,17,0,0,0,17
01/07/2018,ALO,IA,ACE,CE,Combined TRACON& Tower with Radar,1,2,1,0,4,0,0,4,0,4,1,2,5,0,8,16,0,16,24
01/08/2018,ALO,IA,ACE,CE,Combined TRACON& Tower with Radar,0,6,12,0,18,0,0,25,0,25,0,6,37,0,43,14,0,14,57
01/09/2018,ALO,IA,ACE,CE,Combined TRACON& Tower with Radar,0,4,12,6,22,0,0,23,0,23,0,4,35,6,45,28,0,28,73
01/10/2018,ALO,IA,ACE,CE,Combined TRACON& Tower with Radar,0,3,10,0,13,0,0,0,0,0,0,3,10,0,13,0,0,0,13
01/11/2018,ALO,IA,ACE,CE,Combined TRACON& Tower with Radar,0,3,2,0,5,0,0,0,0,0,0,3,2,0,5,0,0,0,5
01/12/2018,ALO,IA,ACE,CE,Combined TRACON& Tower with Radar,0,4,7,0,11,0,0,14,0,14,0,4,21,0,25,0,0,0,25
01/13/2018,ALO,IA,ACE,CE,Combined TRACON& Tower with Radar,0,2,4,0,6,0,0,9,0,9,0,2,13,0,15,28,0,28,43
01/14/2018,ALO,IA,ACE,CE,Combined TRACON& Tower with Radar,0,3,1,0,4,0,0,0,0,0,0,3,1,0,4,0,0,0,4
01/15/2018,ALO,IA,ACE,CE,Combined TRACON& Tower with Radar,0,5,3,0,8,0,0,0,0,0,0,5,3,0,8,0,0,0,8
01/16/2018,ALO,IA,ACE,CE,Combined TRACON& Tower with Radar,0,3,13,0,16,0,0,9,2,11,0,3,22,2,27,11,0,11,38
01/17/2018,ALO,IA,ACE,CE,Combined TRACON& Tower with Radar,0,3,9,0,12,0,0,17,2,19,0,3,26,2,31,20,0,20,51
01/18/2018,ALO,IA,ACE,CE,Combined TRACON& Tower with Radar,0,6,20,1,27,0,0,33,7,40,0,6,53,8,67,42,10,52,119
01/19/2018,ALO,IA,ACE,CE,Combined TRACON& Tower with Radar,0,4,13,0,17,0,0,16,0,16,0,4,29,0,33,16,0,16,49
01/20/2018,ALO,IA,ACE,CE,Combined TRACON& Tower with Radar,0,2,12,0,14,0,2,31,0,33,0,4,43,0,47,26,0,26,73
01/21/2018,ALO,IA,ACE,CE,Combined TRACON& Tower with Radar,0,5,0,0,5,0,0,0,0,0,0,5,0,0,5,0,0,0,5
01/22/2018,ALO,IA,ACE,CE,Combined TRACON& Tower with Radar,0,3,9,0,12,0,0,0,0,0,0,3,9,0,12,0,0,0,12
01/23/2018,ALO,IA,ACE,CE,Combined TRACON& Tower with Radar,0,5,13,0,18,0,0,5,3,8,0,5,18,3,26,0,0,0,26
01/24/2018,ALO,IA,ACE,CE,Combined TRACON& Tower with Radar,0,3,8,0,11,0,0,2,0,2,0,3,10,0,13,0,0,0,13
01/25/2018,ALO,IA,ACE,CE,Combined TRACON& Tower with Radar,0,5,23,0,28,0,1,36,2,39,0,6,59,2,67,14,0,14,81
01/26/2018,ALO,IA,ACE,CE,Combined TRACON& Tower with Radar,0,3,11,0,14,0,0,14,1,15,0,3,25,1,29,0,0,0,29
01/27/2018,ALO,IA,ACE,CE,Combined TRACON& Tower with Radar,0,1,11,0,12,0,0,44,1,45,0,1,55,1,57,74,0,74,131
01/28/2018,ALO,IA,ACE,CE,Combined TRACON& Tower with Radar,0,4,4,0,8,0,0,1,0,1,0,4,5,0,9,0,0,0,9
01/29/2018,ALO,IA,ACE,CE,Combined TRACON& Tower with Radar,0,3,10,4,17,0,0,19,0,19,0,3,29,4,36,24,0,24,60
01/30/2018,ALO,IA,ACE,CE,Combined TRACON& Tower with Radar,0,5,13,0,18,0,0,6,0,6,0,5,19,0,24,8,0,8,32
01/31/2018,ALO,IA,ACE,CE,Combined TRACON& Tower with Radar,0,3,8,0,11,0,0,18,2,20,0,3,26,2,31,48,0,48,79
02/01/2018,ALO,IA,ACE,CE,Combined TRACON& Tower with Radar,0,7,10,0,17,0,0,0,2,2,0,7,10,2,19,4,0,4,23
02/02/2018,ALO,IA,ACE,CE,Combined TRACON& Tower with Radar,0,7,15,0,22,0,0,12,5,17,0,7,27,5,39,10,0,10,49
02/03/2018,ALO,IA,ACE,CE,Combined TRACON& Tower with Radar,0,3,7,0,10,0,0,4,0,4,0,3,11,0,14,0,0,0,14
02/04/2018,ALO,IA,ACE,CE,Combined TRACON& Tower with Radar,0,5,3,0,8,0,0,1,0,1,0,5,4,0,9,0,0,0,9
02/05/2018,ALO,IA,ACE,CE,Combined TRACON& Tower with Radar,0,2,3,0,5,0,0,4,0,4,0,2,7,0,9,0,0,0,9
02/06/2018,ALO,IA,ACE,CE,Combined TRACON& Tower with Radar,0,4,13,0,17,0,0,10,0,10,0,4,23,0,27,10,2,12,39
02/07/2018,ALO,IA,ACE,CE,Combined TRACON& Tower with Radar,0,8,11,4,23,0,0,22,5,27,0,8,33,9,50,28,4,32,82
02/08/2018,ALO,IA,ACE,CE,Combined TRACON& Tower with Radar,0,9,21,0,30,0,0,21,0,21,0,9,42,0,51,24,0,24,75
02/09/2018,ALO,IA,ACE,CE,Combined TRACON& Tower with Radar,0,4,3,0,7,0,0,2,1,3,0,4,5,1,10,6,0,6,16
02/10/2018,ALO,IA,ACE,CE,Combined TRACON& Tower with Radar,0,1,2,0,3,0,0,5,0,5,0,1,7,0,8,0,0,0,8
02/11/2018,ALO,IA,ACE,CE,Combined TRACON& Tower with Radar,0,2,7,0,9,0,1,20,4,25,0,3,27,4,34,44,4,48,82
02/12/2018,ALO,IA,ACE,CE,Combined TRACON& Tower with Radar,0,4,13,0,17,0,0,21,0,21,0,4,34,0,38,20,2,22,60
02/13/2018,ALO,IA,ACE,CE,Combined TRACON& Tower with Radar,0,3,8,0,11,0,0,22,3,25,0,3,30,3,36,12,2,14,50
02/14/2018,ALO,IA,ACE,CE,Combined TRACON& Tower with Radar,0,5,15,1,21,0,0,15,1,16,0,5,30,2,37,10,0,10,47
02/15/2018,ALO,IA,ACE,CE,Combined TRACON& Tower with Radar,0,5,8,2,15,0,0,3,1,4,0,5,11,3,19,0,0,0,19
02/16/2018,ALO,IA,ACE,CE,Combined TRACON& Tower with Radar,0,3,26,0,29,0,0,22,0,22,0,3,48,0,51,16,0,16,67
02/17/2018,ALO,IA,ACE,CE,Combined TRACON& Tower with Radar,0,1,3,0,4,0,0,2,0,2,0,1,5,0,6,0,0,0,6
02/18/2018,ALO,IA,ACE,CE,Combined TRACON& Tower with Radar,0,5,10,0,15,0,0,6,0,6,0,5,16,0,21,14,0,14,35
02/19/2018,ALO,IA,ACE,CE,Combined TRACON& Tower with Radar,0,5,5,0,10,0,0,0,0,0,0,5,5,0,10,0,0,0,10
02/20/2018,ALO,IA,ACE,CE,Combined TRACON& Tower with Radar,0,5,1,0,6,0,0,2,0,2,0,5,3,0,8,0,0,0,8
02/21/2018,ALO,IA,ACE,CE,Combined TRACON& Tower with Radar,0,5,18,2,25,0,0,17,0,17,0,5,35,2,42,10,0,10,52
02/22/2018,ALO,IA,ACE,CE,Combined TRACON& Tower with Radar,0,6,4,0,10,0,0,2,0,2,0,6,6,0,12,34,14,48,60
02/23/2018,ALO,IA,ACE,CE,Combined TRACON& Tower with Radar,0,6,17,1,24,0,0,5,1,6,0,6,22,2,30,92,2,94,124
02/24/2018,ALO,IA,ACE,CE,Combined TRACON& Tower with Radar,0,2,0,0,2,0,0,1,0,1,0,2,1,0,3,0,0,0,3
02/25/2018,ALO,IA,ACE,CE,Combined TRACON& Tower with Radar,0,3,6,0,9,0,0,17,0,17,0,3,23,0,26,8,0,8,34
02/26/2018,ALO,IA,ACE,CE,Combined TRACON& Tower with Radar,0,3,21,1,25,0,1,20,2,23,0,4,41,3,48,62,0,62,110
02/27/2018,ALO,IA,ACE,CE,Combined TRACON& Tower with Radar,0,3,24,1,28,0,0,23,1,24,0,3,47,2,52,34,0,34,86
02/28/2018,ALO,IA,ACE,CE,Combined TRACON& Tower with Radar,0,4,8,2,14,0,0,10,5,15,0,4,18,7,29,28,0,28,57
03/01/2018,ALO,IA,ACE,CE,Combined TRACON& Tower with Radar,0,4,12,0,16,0,0,15,0,15,0,4,27,0,31,42,0,42,73
03/02/2018,ALO,IA,ACE,CE,Combined TRACON& Tower with Radar,0,3,15,0,18,0,0,24,6,30,0,3,39,6,48,36,0,36,84
03/03/2018,ALO,IA,ACE,CE,Combined TRACON& Tower with Radar,0,1,6,0,7,0,0,15,2,17,0,1,21,2,24,8,0,8,32
03/04/2018,ALO,IA,ACE,CE,Combined TRACON& Tower with Radar,0,3,3,0,6,0,0,10,0,10,0,3,13,0,16,26,0,26,42
03/05/2018,ALO,IA,ACE,CE,Combined TRACON& Tower with Radar,0,3,4,0,7,0,0,0,0,0,0,3,4,0,7,0,0,0,7
03/06/2018,ALO,IA,ACE,CE,Combined TRACON& Tower with Radar,0,3,2,0,5,0,0,0,0,0,0,3,2,0,5,0,0,0,5
03/07/2018,ALO,IA,ACE,CE,Combined TRACON& Tower with Radar,0,4,17,1,22,0,0,17,2,19,0,4,34,3,41,30,0,30,71
03/08/2018,ALO,IA,ACE,CE,Combined TRACON& Tower with Radar,0,3,18,0,21,0,0,19,1,20,0,3,37,1,41,10,0,10,51
03/09/2018,ALO,IA,ACE,CE,Combined TRACON& Tower with Radar,0,3,20,0,23,0,0,34,0,34,0,3,54,0,57,54,0,54,111
03/10/2018,ALO,IA,ACE,CE,Combined TRACON& Tower with Radar,0,1,1,0,2,0,0,21,0,21,0,1,22,0,23,40,0,40,63
03/11/2018,ALO,IA,ACE,CE,Combined TRACON& Tower with Radar,0,3,8,0,11,0,0,6,0,6,0,3,14,0,17,48,0,48,65
03/12/2018,ALO,IA,ACE,CE,Combined TRACON& Tower with Radar,0,3,12,0,15,0,0,12,0,12,0,3,24,0,27,16,0,16,43
03/13/2018,ALO,IA,ACE,CE,Combined TRACON& Tower with Radar,0,5,11,0,16,0,2,23,0,25,0,7,34,0,41,28,0,28,69
03/14/2018,ALO,IA,ACE,CE,Combined TRACON& Tower with Radar,0,3,14,0,17,0,0,17,7,24,0,3,31,7,41,26,0,26,67
03/15/2018,ALO,IA,ACE,CE,Combined TRACON& Tower with Radar,0,3,24,0,27,0,0,32,0,32,0,3,56,0,59,50,0,50,109
03/16/2018,ALO,IA,ACE,CE,Combined TRACON& Tower with Radar,0,3,10,0,13,0,0,12,0,12,0,3,22,0,25,8,0,8,33
03/17/2018,ALO,IA,ACE,CE,Combined TRACON& Tower with Radar,0,1,6,0,7,0,0,12,0,12,0,1,18,0,19,16,0,16,35
03/18/2018,ALO,IA,ACE,CE,Combined TRACON& Tower with Radar,0,3,4,0,7,0,0,7,3,10,0,3,11,3,17,4,0,4,21
03/19/2018,ALO,IA,ACE,CE,Combined TRACON& Tower with Radar,0,3,17,0,20,0,0,20,0,20,0,3,37,0,40,28,0,28,68
03/20/2018,ALO,IA,ACE,CE,Combined TRACON& Tower with Radar,0,3,16,0,19,0,0,26,1,27,0,3,42,1,46,58,0,58,104
03/21/2018,ALO,IA,ACE,CE,Combined TRACON& Tower with Radar,0,3,16,0,19,0,0,29,0,29,0,3,45,0,48,16,0,16,64
03/22/2018,ALO,IA,ACE,CE,Combined TRACON& Tower with Radar,0,10,22,0,32,0,1,15,3,19,0,11,37,3,51,24,2,26,77
03/23/2018,ALO,IA,ACE,CE,Combined TRACON& Tower with Radar,0,3,1,0,4,0,0,7,0,7,0,3,8,0,11,0,0,0,11
03/24/2018,ALO,IA,ACE,CE,Combined TRACON& Tower with Radar,0,3,2,0,5,0,0,1,0,1,0,3,3,0,6,0,0,0,6
03/25/2018,ALO,IA,ACE,CE,Combined TRACON& Tower with Radar,1,3,7,0,11,0,0,10,0,10,1,3,17,0,21,14,0,14,35
03/26/2018,ALO,IA,ACE,CE,Combined TRACON& Tower with Radar,0,3,7,0,10,0,0,3,0,3,0,3,10,0,13,30,0,30,43
03/27/2018,ALO,IA,ACE,CE,Combined TRACON& Tower with Radar,0,5,18,1,24,0,0,3,0,3,0,5,21,1,27,4,0,4,31
03/28/2018,ALO,IA,ACE,CE,Combined TRACON& Tower with Radar,0,3,18,0,21,0,0,24,0,24,0,3,42,0,45,36,2,38,83
03/29/2018,ALO,IA,ACE,CE,Combined TRACON& Tower with Radar,0,3,22,0,25,0,0,25,2,27,0,3,47,2,52,14,0,14,66
03/30/2018,ALO,IA,ACE,CE,Combined TRACON& Tower with Radar,0,3,15,0,18,0,0,25,0,25,0,3,40,0,43,12,0,12,55
03/31/2018,ALO,IA,ACE,CE,Combined TRACON& Tower with Radar,0,1,1,0,2,0,0,0,0,0,0,1,1,0,2,0,0,0,2
04/01/2018,ALO,IA,ACE,CE,Combined TRACON& Tower with Radar,0,3,1,0,4,0,0,7,0,7,0,3,8,0,11,2,0,2,13
04/02/2018,ALO,IA,ACE,CE,Combined TRACON& Tower with Radar,0,7,16,0,23,0,0,21,0,21,0,7,37,0,44,16,0,16,60
04/03/2018,ALO,IA,ACE,CE,Combined TRACON& Tower with Radar,0,5,0,0,5,0,0,0,0,0,0,5,0,0,5,0,0,0,5
04/04/2018,ALO,IA,ACE,CE,Combined TRACON& Tower with Radar,0,3,29,1,33,0,0,18,5,23,0,3,47,6,56,18,0,18,74
04/05/2018,ALO,IA,ACE,CE,Combined TRACON& Tower with Radar,0,3,22,0,25,0,0,24,2,26,0,3,46,2,51,18,14,32,83
04/06/2018,ALO,IA,ACE,CE,Combined TRACON& Tower with Radar,0,5,5,0,10,0,0,5,3,8,0,5,10,3,18,0,0,0,18
04/07/2018,ALO,IA,ACE,CE,Combined TRACON& Tower with Radar,0,1,13,2,16,0,0,46,11,57,0,1,59,13,73,16,18,34,107
04/08/2018,ALO,IA,ACE,CE,Combined TRACON& Tower with Radar,0,3,12,0,15,0,0,6,4,10,0,3,18,4,25,0,0,0,25
04/09/2018,ALO,IA,ACE,CE,Combined TRACON& Tower with Radar,0,3,16,0,19,0,0,5,0,5,0,3,21,0,24,6,0,6,30
04/10/2018,ALO,IA,ACE,CE,Combined TRACON& Tower with Radar,0,3,19,0,22,0,0,12,1,13,0,3,31,1,35,16,26,42,77
04/11/2018,ALO,IA,ACE,CE,Combined TRACON& Tower with Radar,0,5,22,0,27,0,0,29,6,35,0,5,51,6,62,32,6,38,100
04/12/2018,ALO,IA,ACE,CE,Combined TRACON& Tower with Radar,0,5,33,0,38,0,0,39,3,42,0,5,72,3,80,14,0,14,94
04/13/2018,ALO,IA,ACE,CE,Combined TRACON& Tower with Radar,0,3,1,0,4,0,0,1,0,1,0,3,2,0,5,0,0,0,5
04/14/2018,ALO,IA,ACE,CE,Combined TRACON& Tower with Radar,0,2,12,2,16,0,0,39,7,46,0,2,51,9,62,0,0,0,62
04/15/2018,ALO,IA,ACE,CE,Combined TRACON& Tower with Radar,0,4,1,0,5,0,0,1,0,1,0,4,2,0,6,0,0,0,6
04/16/2018,ALO,IA,ACE,CE,Combined TRACON& Tower with Radar,0,3,15,0,18,0,1,11,0,12,0,4,26,0,30,6,0,6,36
04/17/2018,ALO,IA,ACE,CE,Combined TRACON& Tower with Radar,0,4,22,0,26,0,1,41,0,42,0,5,63,0,68,58,0,58,126
04/18/2018,ALO,IA,ACE,CE,Combined TRACON& Tower with Radar,0,4,5,0,9,0,0,0,0,0,0,4,5,0,9,0,0,0,9
04/19/2018,ALO,IA,ACE,CE,Combined TRACON& Tower with Radar,0,4,37,0,41,0,0,30,3,33,0,4,67,3,74,31,0,31,105
04/20/2018,ALO,IA,ACE,CE,Combined TRACON& Tower with Radar,0,5,32,0,37,0,0,43,0,43,0,5,75,0,80,38,0,38,118
04/21/2018,ALO,IA,ACE,CE,Combined TRACON& Tower with Radar,0,2,15,0,17,0,0,46,1,47,0,2,61,1,64,8,2,10,74
04/22/2018,ALO,IA,ACE,CE,Combined TRACON& Tower with Radar,0,5,13,0,18,0,0,16,0,16,0,5,29,0,34,0,0,0,34
04/23/2018,ALO,IA,ACE,CE,Combined TRACON& Tower with Radar,0,4,31,0,35,0,0,45,4,49,0,4,76,4,84,18,0,18,102
04/24/2018,ALO,IA,ACE,CE,Combined TRACON& Tower with Radar,0,3,19,0,22,0,0,23,2,25,0,3,42,2,47,36,0,36,83
04/25/2018,ALO,IA,ACE,CE,Combined TRACON& Tower with Radar,0,3,31,0,34,0,0,36,3,39,0,3,67,3,73,54,0,54,127
04/26/2018,ALO,IA,ACE,CE,Combined TRACON& Tower with Radar,0,5,18,1,24,0,0,23,1,24,0,5,41,2,48,6,0,6,54
04/27/2018,ALO,IA,ACE,CE,Combined TRACON& Tower with Radar,0,3,12,0,15,0,0,14,0,14,0,3,26,0,29,18,0,18,47
04/28/2018,ALO,IA,ACE,CE,Combined TRACON& Tower with Radar,0,3,24,0,27,0,0,28,0,28,0,3,52,0,55,24,0,24,79
04/29/2018,ALO,IA,ACE,CE,Combined TRACON& Tower with Radar,0,3,5,0,8,0,0,14,0,14,0,3,19,0,22,8,0,8,30
04/30/2018,ALO,IA,ACE,CE,Combined TRACON& Tower with Radar,0,3,9,0,12,0,0,9,0,9,0,3,18,0,21,0,0,0,21
05/01/2018,ALO,IA,ACE,CE,Combined TRACON& Tower with Radar,0,3,18,0,21,0,0,7,0,7,0,3,25,0,28,0,0,0,28
05/02/2018,ALO,IA,ACE,CE,Combined TRACON& Tower with Radar,0,3,21,1,25,0,0,1,1,2,0,3,22,2,27,0,0,0,27
05/03/2018,ALO,IA,ACE,CE,Combined TRACON& Tower with Radar,0,2,14,0,16,0,0,2,0,2,0,2,16,0,18,0,20,20,38
05/04/2018,ALO,IA,ACE,CE,Combined TRACON& Tower with Radar,0,5,19,0,24,0,0,24,0,24,0,5,43,0,48,32,0,32,80
05/05/2018,ALO,IA,ACE,CE,Combined TRACON& Tower with Radar,0,1,7,1,9,0,0,28,8,36,0,1,35,9,45,24,0,24,69
05/06/2018,ALO,IA,ACE,CE,Combined TRACON& Tower with Radar,0,3,5,0,8,0,0,10,0,10,0,3,15,0,18,0,10,10,28
05/07/2018,ALO,IA,ACE,CE,Combined TRACON& Tower with Radar,0,3,17,0,20,0,1,36,2,39,0,4,53,2,59,34,0,34,93
05/08/2018,ALO,IA,ACE,CE,Combined TRACON& Tower with Radar,0,4,7,2,13,0,0,11,2,13,0,4,18,4,26,14,0,14,40
05/09/2018,ALO,IA,ACE,CE,Combined TRACON& Tower with Radar,0,4,0,1,5,0,0,6,5,11,0,4,6,6,16,8,0,8,24
05/10/2018,ALO,IA,ACE,CE,Combined TRACON& Tower with Radar,0,4,13,0,17,0,0,18,2,20,0,4,31,2,37,22,0,22,59
05/11/2018,ALO,IA,ACE,CE,Combined TRACON& Tower with Radar,0,6,6,0,12,0,0,0,0,0,0,6,6,0,12,0,0,0,12
05/12/2018,ALO,IA,ACE,CE,Combined TRACON& Tower with Radar,0,1,5,0,6,0,0,1,0,1,0,1,6,0,7,0,0,0,7
05/13/2018,ALO,IA,ACE,CE,Combined TRACON& Tower with Radar,0,3,18,0,21,0,0,2,0,2,0,3,20,0,23,6,0,6,29
05/14/2018,ALO,IA,ACE,CE,Combined TRACON& Tower with Radar,0,3,11,2,16,0,0,4,6,10,0,3,15,8,26,34,0,34,60
05/15/2018,ALO,IA,ACE,CE,Combined TRACON& Tower with Radar,0,2,7,3,12,0,0,31,3,34,0,2,38,6,46,44,18,62,108
05/16/2018,ALO,IA,ACE,CE,Combined TRACON& Tower with Radar,0,3,18,0,21,0,0,31,10,41,0,3,49,10,62,28,18,46,108
05/17/2018,ALO,IA,ACE,CE,Combined TRACON& Tower with Radar,0,3,10,2,15,0,0,28,5,33,0,3,38,7,48,58,0,58,106
05/18/2018,ALO,IA,ACE,CE,Combined TRACON& Tower with Radar,0,3,17,0,20,0,0,21,4,25,0,3,38,4,45,8,2,10,55
05/19/2018,ALO,IA,ACE,CE,Combined TRACON& Tower with Radar,0,1,8,0,9,0,0,20,0,20,0,1,28,0,29,4,0,4,33
05/20/2018,ALO,IA,ACE,CE,Combined TRACON& Tower with Radar,0,3,5,0,8,0,0,1,1,2,0,3,6,1,10,0,0,0,10
05/21/2018,ALO,IA,ACE,CE,Combined TRACON& Tower with Radar,1,3,15,1,20,0,0,0,0,0,1,3,15,1,20,0,0,0,20
05/22/2018,ALO,IA,ACE,CE,Combined TRACON& Tower with Radar,1,3,10,2,16,0,0,21,0,21,1,3,31,2,37,24,0,24,61
05/23/2018,ALO,IA,ACE,CE,Combined TRACON& Tower with Radar,1,5,9,0,15,0,0,7,3,10,1,5,16,3,25,10,0,10,35
05/24/2018,ALO,IA,ACE,CE,Combined TRACON& Tower with Radar,0,5,20,0,25,0,2,13,0,15,0,7,33,0,40,26,0,26,66
05/25/2018,ALO,IA,ACE,CE,Combined TRACON& Tower with Radar,0,3,5,0,8,0,0,19,0,19,0,3,24,0,27,26,0,26,53
05/26/2018,ALO,IA,ACE,CE,Combined TRACON& Tower with Radar,0,1,6,0,7,0,0,24,0,24,0,1,30,0,31,6,0,6,37
05/27/2018,ALO,IA,ACE,CE,Combined TRACON& Tower with Radar,0,3,4,0,7,0,0,12,0,12,0,3,16,0,19,0,0,0,19
05/28/2018,ALO,IA,ACE,CE,Combined TRACON& Tower with Radar,0,3,5,0,8,0,0,8,0,8,0,3,13,0,16,0,0,0,16
05/29/2018,ALO,IA,ACE,CE,Combined TRACON& Tower with Radar,0,3,15,0,18,0,0,10,0,10,0,3,25,0,28,20,0,20,48
05/30/2018,ALO,IA,ACE,CE,Combined TRACON& Tower with Radar,0,3,12,0,15,0,0,11,0,11,0,3,23,0,26,22,0,22,48
05/31/2018,ALO,IA,ACE,CE,Combined TRACON& Tower with Radar,0,3,10,2,15,0,0,24,4,28,0,3,34,6,43,34,2,36,79
06/01/2018,ALO,IA,ACE,CE,Combined TRACON& Tower with Radar,0,3,2,0,5,0,0,30,3,33,0,3,32,3,38,36,0,36,74
06/02/2018,ALO,IA,ACE,CE,Combined TRACON& Tower with Radar,0,1,10,4,15,0,0,11,0,11,0,1,21,4,26,28,14,42,68
06/03/2018,ALO,IA,ACE,CE,Combined TRACON& Tower with Radar,0,3,7,0,10,0,0,7,2,9,0,3,14,2,19,0,2,2,21
06/04/2018,ALO,IA,ACE,CE,Combined TRACON& Tower with Radar,0,3,15,1,19,0,0,36,1,37,0,3,51,2,56,42,0,42,98
06/05/2018,ALO,IA,ACE,CE,Combined TRACON& Tower with Radar,0,5,16,2,23,0,2,18,2,22,0,7,34,4,45,44,0,44,89
06/06/2018,ALO,IA,ACE,CE,Combined TRACON& Tower with Radar,0,3,15,0,18,0,2,10,2,14,0,5,25,2,32,16,4,20,52
06/07/2018,ALO,IA,ACE,CE,Combined TRACON& Tower with Radar,0,3,15,0,18,0,0,29,1,30,0,3,44,1,48,40,2,42,90
06/08/2018,ALO,IA,ACE,CE,Combined TRACON& Tower with Radar,0,3,12,0,15,0,0,13,0,13,0,3,25,0,28,18,0,18,46
06/09/2018,ALO,IA,ACE,CE,Combined TRACON& Tower with Radar,0,1,9,0,10,0,0,12,0,12,0,1,21,0,22,12,0,12,34
06/10/2018,ALO,IA,ACE,CE,Combined TRACON& Tower with Radar,0,1,8,0,9,0,0,2,0,2,0,1,10,0,11,6,0,6,17
06/11/2018,ALO,IA,ACE,CE,Combined TRACON& Tower with Radar,0,3,12,0,15,0,0,2,0,2,0,3,14,0,17,20,0,20,37
06/12/2018,ALO,IA,ACE,CE,Combined TRACON& Tower with Radar,0,4,16,1,21,0,0,10,1,11,0,4,26,2,32,8,0,8,40
06/13/2018,ALO,IA,ACE,CE,Combined TRACON& Tower with Radar,0,3,16,0,19,0,0,35,1,36,0,3,51,1,55,30,0,30,85
06/14/2018,ALO,IA,ACE,CE,Combined TRACON& Tower with Radar,0,3,16,0,19,0,0,17,0,17,0,3,33,0,36,10,0,10,46
06/15/2018,ALO,IA,ACE,CE,Combined TRACON& Tower with Radar,0,7,17,0,24,0,0,12,0,12,0,7,29,0,36,2,0,2,38
06/16/2018,ALO,IA,ACE,CE,Combined TRACON& Tower with Radar,0,1,5,0,6,0,0,18,1,19,0,1,23,1,25,0,0,0,25
06/17/2018,ALO,IA,ACE,CE,Combined TRACON& Tower with Radar,0,5,7,0,12,0,0,17,0,17,0,5,24,0,29,16,0,16,45
06/18/2018,ALO,IA,ACE,CE,Combined TRACON& Tower with Radar,0,3,9,0,12,0,0,7,0,7,0,3,16,0,19,24,0,24,43
06/19/2018,ALO,IA,ACE,CE,Combined TRACON& Tower with Radar,0,2,11,0,13,0,0,6,4,10,0,2,17,4,23,52,2,54,77
06/20/2018,ALO,IA,ACE,CE,Combined TRACON& Tower with Radar,0,3,11,0,14,0,0,1,1,2,0,3,12,1,16,14,0,14,30
06/21/2018,ALO,IA,ACE,CE,Combined TRACON& Tower with Radar,0,4,15,0,19,0,0,0,0,0,0,4,15,0,19,0,0,0,19
06/22/2018,ALO,IA,ACE,CE,Combined TRACON& Tower with Radar,0,1,9,2,12,0,0,24,0,24,0,1,33,2,36,26,0,26,62
06/23/2018,ALO,IA,ACE,CE,Combined TRACON& Tower with Radar,0,1,16,0,17,0,0,51,0,51,0,1,67,0,68,24,0,24,92
06/24/2018,ALO,IA,ACE,CE,Combined TRACON& Tower with Radar,0,3,10,2,15,0,0,16,0,16,0,3,26,2,31,4,0,4,35
06/25/2018,ALO,IA,ACE,CE,Combined TRACON& Tower with Radar,0,3,11,0,14,0,0,23,2,25,0,3,34,2,39,22,0,22,61
06/26/2018,ALO,IA,ACE,CE,Combined TRACON& Tower with Radar,0,5,15,0,20,0,0,3,2,5,0,5,18,2,25,14,0,14,39
06/27/2018,ALO,IA,ACE,CE,Combined TRACON& Tower with Radar,0,3,13,2,18,0,0,13,0,13,0,3,26,2,31,26,0,26,57
06/28/2018,ALO,IA,ACE,CE,Combined TRACON& Tower with Radar,0,6,19,0,25,0,0,25,1,26,0,6,44,1,51,56,4,60,111
06/29/2018,ALO,IA,ACE,CE,Combined TRACON& Tower with Radar,0,3,14,0,17,0,0,23,0,23,0,3,37,0,40,14,0,14,54
06/30/2018,ALO,IA,ACE,CE,Combined TRACON& Tower with Radar,0,1,9,0,10,0,0,25,0,25,0,1,34,0,35,24,0,24,59
07/01/2018,ALO,IA,ACE,CE,Combined TRACON& Tower with Radar,0,1,6,0,7,0,0,15,0,15,0,1,21,0,22,16,0,16,38
07/02/2018,ALO,IA,ACE,CE,Combined TRACON& Tower with Radar,0,3,10,0,13,0,0,23,2,25,0,3,33,2,38,24,0,24,62
07/03/2018,ALO,IA,ACE,CE,Combined TRACON& Tower with Radar,0,3,11,1,15,0,0,17,0,17,0,3,28,1,32,14,0,14,46
07/04/2018,ALO,IA,ACE,CE,Combined TRACON& Tower with Radar,0,3,6,0,9,0,0,14,0,14,0,3,20,0,23,2,0,2,25
07/05/2018,ALO,IA,ACE,CE,Combined TRACON& Tower with Radar,0,3,5,0,8,0,0,8,0,8,0,3,13,0,16,0,0,0,16
07/06/2018,ALO,IA,ACE,CE,Combined TRACON& Tower with Radar,0,3,12,0,15,0,0,21,0,21,0,3,33,0,36,24,0,24,60
07/07/2018,ALO,IA,ACE,CE,Combined TRACON& Tower with Radar,0,1,8,0,9,0,0,33,0,33,0,1,41,0,42,0,0,0,42
07/08/2018,ALO,IA,ACE,CE,Combined TRACON& Tower with Radar,0,3,13,0,16,0,0,27,0,27,0,3,40,0,43,26,0,26,69
07/09/2018,ALO,IA,ACE,CE,Combined TRACON& Tower with Radar,0,3,2,0,5,0,0,23,0,23,0,3,25,0,28,42,0,42,70
07/10/2018,ALO,IA,ACE,CE,Combined TRACON& Tower with Radar,0,5,14,0,19,0,0,17,1,18,0,5,31,1,37,16,2,18,55
07/11/2018,ALO,IA,ACE,CE,Combined TRACON& Tower with Radar,0,3,10,0,13,0,0,30,4,34,0,3,40,4,47,34,0,34,81
07/12/2018,ALO,IA,ACE,CE,Combined TRACON& Tower with Radar,0,3,15,0,18,0,0,30,2,32,0,3,45,2,50,20,4,24,74
07/13/2018,ALO,IA,ACE,CE,Combined TRACON& Tower with Radar,0,4,8,1,13,0,0,17,2,19,0,4,25,3,32,8,0,8,40
07/14/2018,ALO,IA,ACE,CE,Combined TRACON& Tower with Radar,0,1,9,0,10,0,0,3,0,3,0,1,12,0,13,0,0,0,13
07/15/2018,ALO,IA,ACE,CE,Combined TRACON& Tower with Radar,0,4,7,0,11,0,0,12,0,12,0,4,19,0,23,12,0,12,35
07/16/2018,ALO,IA,ACE,CE,Combined TRACON& Tower with Radar,0,3,16,0,19,0,0,18,2,20,0,3,34,2,39,24,2,26,65
07/17/2018,ALO,IA,ACE,CE,Combined TRACON& Tower with Radar,0,3,9,0,12,0,0,35,1,36,0,3,44,1,48,40,0,40,88
07/18/2018,ALO,IA,ACE,CE,Combined TRACON& Tower with Radar,0,3,16,0,19,0,0,29,0,29,0,3,45,0,48,50,0,50,98
07/19/2018,ALO,IA,ACE,CE,Combined TRACON& Tower with Radar,0,3,8,0,11,0,0,3,0,3,0,3,11,0,14,0,0,0,14
07/20/2018,ALO,IA,ACE,CE,Combined TRACON& Tower with Radar,0,3,14,1,18,0,0,5,0,5,0,3,19,1,23,6,0,6,29
07/21/2018,ALO,IA,ACE,CE,Combined TRACON& Tower with Radar,0,1,10,0,11,0,0,24,0,24,0,1,34,0,35,2,0,2,37
07/22/2018,ALO,IA,ACE,CE,Combined TRACON& Tower with Radar,0,3,11,0,14,0,0,19,0,19,0,3,30,0,33,12,0,12,45
07/23/2018,ALO,IA,ACE,CE,Combined TRACON& Tower with Radar,0,3,22,0,25,0,0,15,0,15,0,3,37,0,40,4,0,4,44
07/24/2018,ALO,IA,ACE,CE,Combined TRACON& Tower with Radar,0,5,20,1,26,0,0,24,0,24,0,5,44,1,50,14,4,18,68
07/25/2018,ALO,IA,ACE,CE,Combined TRACON& Tower with Radar,0,2,26,0,28,0,0,28,4,32,0,2,54,4,60,22,0,22,82
07/26/2018,ALO,IA,ACE,CE,Combined TRACON& Tower with Radar,0,3,17,0,20,0,0,19,7,26,0,3,36,7,46,2,8,10,56
07/27/2018,ALO,IA,ACE,CE,Combined TRACON& Tower with Radar,0,3,12,0,15,0,0,35,4,39,0,3,47,4,54,2,16,18,72
07/28/2018,ALO,IA,ACE,CE,Combined TRACON& Tower with Radar,0,1,5,0,6,0,0,11,0,11,0,1,16,0,17,0,0,0,17
07/29/2018,ALO,IA,ACE,CE,Combined TRACON& Tower with Radar,0,3,5,0,8,0,0,18,0,18,0,3,23,0,26,0,0,0,26
07/30/2018,ALO,IA,ACE,CE,Combined TRACON& Tower with Radar,0,3,18,0,21,0,0,23,0,23,0,3,41,0,44,16,0,16,60
07/31/2018,ALO,IA,ACE,CE,Combined TRACON& Tower with Radar,0,3,13,0,16,0,0,26,0,26,0,3,39,0,42,34,0,34,76
08/01/2018,ALO,IA,ACE,CE,Combined TRACON& Tower with Radar,0,3,17,0,20,0,0,24,1,25,0,3,41,1,45,24,2,26,71
08/02/2018,ALO,IA,ACE,CE,Combined TRACON& Tower with Radar,0,6,22,0,28,0,0,27,0,27,0,6,49,0,55,24,0,24,79
08/03/2018,ALO,IA,ACE,CE,Combined TRACON& Tower with Radar,0,6,16,0,22,0,0,12,0,12,0,6,28,0,34,4,0,4,38
08/04/2018,ALO,IA,ACE,CE,Combined TRACON& Tower with Radar,0,1,4,0,5,0,0,16,0,16,0,1,20,0,21,0,0,0,21
08/05/2018,ALO,IA,ACE,CE,Combined TRACON& Tower with Radar,0,5,11,0,16,0,0,10,0,10,0,5,21,0,26,0,0,0,26
08/06/2018,ALO,IA,ACE,CE,Combined TRACON& Tower with Radar,0,3,7,1,11,0,0,4,2,6,0,3,11,3,17,26,0,26,43
08/07/2018,ALO,IA,ACE,CE,Combined TRACON& Tower with Radar,0,3,8,0,11,0,0,10,0,10,0,3,18,0,21,16,0,16,37
08/08/2018,ALO,IA,ACE,CE,Combined TRACON& Tower with Radar,0,5,25,0,30,0,1,23,6,30,0,6,48,6,60,20,40,60,120
08/09/2018,ALO,IA,ACE,CE,Combined TRACON& Tower with Radar,0,3,14,0,17,0,0,23,0,23,0,3,37,0,40,32,0,32,72
08/10/2018,ALO,IA,ACE,CE,Combined TRACON& Tower with Radar,0,3,13,0,16,0,0,34,0,34,0,3,47,0,50,24,0,24,74
08/11/2018,ALO,IA,ACE,CE,Combined TRACON& Tower with Radar,0,1,3,0,4,0,2,27,0,29,0,3,30,0,33,8,0,8,41
08/12/2018,ALO,IA,ACE,CE,Combined TRACON& Tower with Radar,0,3,5,0,8,0,0,17,0,17,0,3,22,0,25,0,0,0,25
08/13/2018,ALO,IA,ACE,CE,Combined TRACON& Tower with Radar,0,3,21,1,25,0,0,27,1,28,0,3,48,2,53,40,0,40,93
08/14/2018,ALO,IA,ACE,CE,Combined TRACON& Tower with Radar,0,3,7,4,14,0,0,20,0,20,0,3,27,4,34,52,0,52,86
08/15/2018,ALO,IA,ACE,CE,Combined TRACON& Tower with Radar,0,7,13,1,21,0,0,2,6,8,0,7,15,7,29,10,2,12,41
08/16/2018,ALO,IA,ACE,CE,Combined TRACON& Tower with Radar,0,5,10,0,15,0,0,3,0,3,0,5,13,0,18,0,0,0,18
08/17/2018,ALO,IA,ACE,CE,Combined TRACON& Tower with Radar,0,1,10,2,13,0,0,16,2,18,0,1,26,4,31,2,0,2,33
08/18/2018,ALO,IA,ACE,CE,Combined TRACON& Tower with Radar,0,1,16,1,18,0,0,29,3,32,0,1,45,4,50,6,2,8,58
08/19/2018,ALO,IA,ACE,CE,Combined TRACON& Tower with Radar,0,3,5,1,9,0,0,27,1,28,0,3,32,2,37,12,0,12,49
08/20/2018,ALO,IA,ACE,CE,Combined TRACON& Tower with Radar,0,3,3,0,6,0,0,0,0,0,0,3,3,0,6,0,0,0,6
08/21/2018,ALO,IA,ACE,CE,Combined TRACON& Tower with Radar,0,3,23,0,26,0,0,7,0,7,0,3,30,0,33,6,0,6,39
08/22/2018,ALO,IA,ACE,CE,Combined TRACON& Tower with Radar,0,5,18,0,23,0,0,17,1,18,0,5,35,1,41,16,0,16,57
08/23/2018,ALO,IA,ACE,CE,Combined TRACON& Tower with Radar,0,5,18,0,23,0,0,15,5,20,0,5,33,5,43,20,10,30,73
08/24/2018,ALO,IA,ACE,CE,Combined TRACON& Tower with Radar,0,3,4,1,8,0,0,1,0,1,0,3,5,1,9,0,0,0,9
08/25/2018,ALO,IA,ACE,CE,Combined TRACON& Tower with Radar,0,3,17,0,20,0,0,18,0,18,0,3,35,0,38,0,0,0,38
08/26/2018,ALO,IA,ACE,CE,Combined TRACON& Tower with Radar,0,3,14,0,17,0,0,16,2,18,0,3,30,2,35,0,0,0,35
08/27/2018,ALO,IA,ACE,CE,Combined TRACON& Tower with Radar,0,3,12,4,19,0,0,19,4,23,0,3,31,8,42,20,2,22,64
08/28/2018,ALO,IA,ACE,CE,Combined TRACON& Tower with Radar,0,3,20,0,23,0,0,10,0,10,0,3,30,0,33,0,0,0,33
08/29/2018,ALO,IA,ACE,CE,Combined TRACON& Tower with Radar,0,3,24,1,28,0,0,23,2,25,0,3,47,3,53,16,2,18,71
08/30/2018,ALO,IA,ACE,CE,Combined TRACON& Tower with Radar,0,5,29,2,36,0,0,34,1,35,0,5,63,3,71,28,0,28,99
08/31/2018,ALO,IA,ACE,CE,Combined TRACON& Tower with Radar,1,3,2,0,6,0,0,4,0,4,1,3,6,0,10,4,0,4,14
09/01/2018,ALO,IA,ACE,CE,Combined TRACON& Tower with Radar,0,1,4,0,5,0,0,0,0,0,0,1,4,0,5,0,0,0,5
09/02/2018,ALO,IA,ACE,CE,Combined TRACON& Tower with Radar,0,3,1,0,4,0,0,4,0,4,0,3,5,0,8,0,0,0,8
09/03/2018,ALO,IA,ACE,CE,Combined TRACON& Tower with Radar,0,2,8,0,10,0,0,1,0,1,0,2,9,0,11,0,0,0,11
09/04/2018,ALO,IA,ACE,CE,Combined TRACON& Tower with Radar,0,3,13,0,16,0,0,16,3,19,0,3,29,3,35,22,0,22,57
09/05/2018,ALO,IA,ACE,CE,Combined TRACON& Tower with Radar,0,3,7,0,10,0,0,1,0,1,0,3,8,0,11,0,0,0,11
09/06/2018,ALO,IA,ACE,CE,Combined TRACON& Tower with Radar,0,3,21,0,24,0,0,17,2,19,0,3,38,2,43,12,0,12,55
09/07/2018,ALO,IA,ACE,CE,Combined TRACON& Tower with Radar,0,3,11,2,16,0,0,19,3,22,0,3,30,5,38,20,0,20,58
09/08/2018,ALO,IA,ACE,CE,Combined TRACON& Tower with Radar,0,1,11,0,12,0,0,120,1,121,0,1,131,1,133,20,0,20,153
09/09/2018,ALO,IA,ACE,CE,Combined TRACON& Tower with Radar,0,3,12,1,16,0,0,33,4,37,0,3,45,5,53,42,1,43,96
09/10/2018,ALO,IA,ACE,CE,Combined TRACON& Tower with Radar,0,3,6,0,9,0,0,17,0,17,0,3,23,0,26,34,0,34,60
09/11/2018,ALO,IA,ACE,CE,Combined TRACON& Tower with Radar,0,3,16,0,19,0,0,14,5,19,0,3,30,5,38,70,0,70,108
09/12/2018,ALO,IA,ACE,CE,Combined TRACON& Tower with Radar,0,3,26,2,31,0,0,51,23,74,0,3,77,25,105,28,16,44,149
09/13/2018,ALO,IA,ACE,CE,Combined TRACON& Tower with Radar,0,7,16,1,24,0,0,37,6,43,0,7,53,7,67,36,2,38,105
09/14/2018,ALO,IA,ACE,CE,Combined TRACON& Tower with Radar,0,2,4,0,6,0,0,25,5,30,0,2,29,5,36,0,0,0,36
09/15/2018,ALO,IA,ACE,CE,Combined TRACON& Tower with Radar,0,1,16,0,17,0,0,32,0,32,0,1,48,0,49,20,0,20,69
09/16/2018,ALO,IA,ACE,CE,Combined TRACON& Tower with Radar,0,2,13,0,15,0,0,35,0,35,0,2,48,0,50,44,0,44,94
09/17/2018,ALO,IA,ACE,CE,Combined TRACON& Tower with Radar,0,5,16,0,21,0,0,15,1,16,0,5,31,1,37,18,0,18,55
09/18/2018,ALO,IA,ACE,CE,Combined TRACON& Tower with Radar,0,3,10,0,13,0,0,8,0,8,0,3,18,0,21,6,0,6,27
09/19/2018,ALO,IA,ACE,CE,Combined TRACON& Tower with Radar,0,5,10,0,15,0,0,5,0,5,0,5,15,0,20,16,0,16,36
09/20/2018,ALO,IA,ACE,CE,Combined TRACON& Tower with Radar,0,3,16,0,19,0,0,6,1,7,0,3,22,1,26,0,0,0,26
09/21/2018,ALO,IA,ACE,CE,Combined TRACON& Tower with Radar,1,3,10,3,17,0,0,3,4,7,1,3,13,7,24,0,8,8,32
09/22/2018,ALO,IA,ACE,CE,Combined TRACON& Tower with Radar,0,4,5,1,10,0,0,29,5,34,0,4,34,6,44,6,0,6,50
09/23/2018,ALO,IA,ACE,CE,Combined TRACON& Tower with Radar,0,4,13,0,17,0,0,30,0,30,0,4,43,0,47,26,0,26,73
09/24/2018,ALO,IA,ACE,CE,Combined TRACON& Tower with Radar,1,5,11,0,17,0,0,25,0,25,1,5,36,0,42,44,0,44,86
09/25/2018,ALO,IA,ACE,CE,Combined TRACON& Tower with Radar,1,3,17,0,21,0,0,1,0,1,1,3,18,0,22,6,0,6,28
09/26/2018,ALO,IA,ACE,CE,Combined TRACON& Tower with Radar,0,3,36,2,41,0,0,24,0,24,0,3,60,2,65,24,6,30,95
09/27/2018,ALO,IA,ACE,CE,Combined TRACON& Tower with Radar,2,3,22,2,29,0,0,23,2,25,2,3,45,4,54,10,0,10,64
09/28/2018,ALO,IA,ACE,CE,Combined TRACON& Tower with Radar,0,3,11,0,14,0,0,19,0,19,0,3,30,0,33,28,0,28,61
09/29/2018,ALO,IA,ACE,CE,Combined TRACON& Tower with Radar,0,3,3,0,6,0,0,25,3,28,0,3,28,3,34,24,0,24,58
09/30/2018,ALO,IA,ACE,CE,Combined TRACON& Tower with Radar,0,3,4,0,7,0,0,0,0,0,0,3,4,0,7,0,0,0,7
10/01/2018,ALO,IA,ACE,CE,Combined TRACON& Tower with Radar,0,5,15,0,20,0,0,0,0,0,0,5,15,0,20,0,0,0,20
10/02/2018,ALO,IA,ACE,CE,Combined TRACON& Tower with Radar,0,5,13,3,21,0,0,1,4,5,0,5,14,7,26,0,4,4,30
10/03/2018,ALO,IA,ACE,CE,Combined TRACON& Tower with Radar,0,5,3,2,10,0,0,5,11,16,0,5,8,13,26,4,10,14,40
10/04/2018,ALO,IA,ACE,CE,Combined TRACON& Tower with Radar,0,6,14,0,20,0,0,26,11,37,0,6,40,11,57,56,26,82,139
10/05/2018,ALO,IA,ACE,CE,Combined TRACON& Tower with Radar,2,3,20,0,25,0,0,3,0,3,2,3,23,0,28,0,0,0,28
10/06/2018,ALO,IA,ACE,CE,Combined TRACON& Tower with Radar,2,3,9,0,14,0,0,5,0,5,2,3,14,0,19,2,0,2,21
10/07/2018,ALO,IA,ACE,CE,Combined TRACON& Tower with Radar,0,3,9,0,12,0,0,0,0,0,0,3,9,0,12,0,0,0,12
10/08/2018,ALO,IA,ACE,CE,Combined TRACON& Tower with Radar,0,3,5,0,8,0,0,2,0,2,0,3,7,0,10,0,0,0,10
10/09/2018,ALO,IA,ACE,CE,Combined TRACON& Tower with Radar,0,5,11,0,16,0,0,0,0,0,0,5,11,0,16,0,0,0,16
10/10/2018,ALO,IA,ACE,CE,Combined TRACON& Tower with Radar,0,3,22,8,33,0,0,2,8,10,0,3,24,16,43,0,8,8,51
10/11/2018,ALO,IA,ACE,CE,Combined TRACON& Tower with Radar,0,5,7,0,12,0,0,13,4,17,0,5,20,4,29,62,22,84,113
10/12/2018,ALO,IA,ACE,CE,Combined TRACON& Tower with Radar,0,3,5,0,8,0,0,19,2,21,0,3,24,2,29,67,4,71,100
10/13/2018,ALO,IA,ACE,CE,Combined TRACON& Tower with Radar,0,1,5,0,6,0,0,15,0,15,0,1,20,0,21,28,0,28,49
10/14/2018,ALO,IA,ACE,CE,Combined TRACON& Tower with Radar,0,3,2,0,5,0,0,0,0,0,0,3,2,0,5,0,0,0,5
10/15/2018,ALO,IA,ACE,CE,Combined TRACON& Tower with Radar,0,9,15,0,24,0,0,14,0,14,0,9,29,0,38,44,0,44,82
10/16/2018,ALO,IA,ACE,CE,Combined TRACON& Tower with Radar,0,7,15,2,24,0,0,28,2,30,0,7,43,4,54,32,0,32,86
10/17/2018,ALO,IA,ACE,CE,Combined TRACON& Tower with Radar,0,5,12,0,17,0,0,19,6,25,0,5,31,6,42,38,26,64,106
10/18/2018,ALO,IA,ACE,CE,Combined TRACON& Tower with Radar,0,3,24,0,27,0,0,29,4,33,0,3,53,4,60,10,2,12,72
10/19/2018,ALO,IA,ACE,CE,Combined TRACON& Tower with Radar,0,3,13,2,18,0,0,16,2,18,0,3,29,4,36,26,4,30,66
10/20/2018,ALO,IA,ACE,CE,Combined TRACON& Tower with Radar,0,1,2,0,3,0,0,2,0,2,0,1,4,0,5,0,0,0,5
10/21/2018,ALO,IA,ACE,CE,Combined TRACON& Tower with Radar,0,4,10,0,14,0,0,30,1,31,0,4,40,1,45,28,0,28,73
10/22/2018,ALO,IA,ACE,CE,Combined TRACON& Tower with Radar,0,3,9,0,12,0,0,21,2,23,0,3,30,2,35,14,0,14,49
10/23/2018,ALO,IA,ACE,CE,Combined TRACON& Tower with Radar,1,3,22,0,26,0,0,21,2,23,1,3,43,2,49,8,0,8,57
10/24/2018,ALO,IA,ACE,CE,Combined TRACON& Tower with Radar,0,3,18,1,22,0,0,36,6,42,0,3,54,7,64,20,2,22,86
10/25/2018,ALO,IA,ACE,CE,Combined TRACON& Tower with Radar,0,3,22,0,25,0,0,22,3,25,0,3,44,3,50,42,14,56,106
10/26/2018,ALO,IA,ACE,CE,Combined TRACON& Tower with Radar,0,3,8,2,13,0,0,19,7,26,0,3,27,9,39,24,16,40,79
10/27/2018,ALO,IA,ACE,CE,Combined TRACON& Tower with Radar,0,1,6,0,7,0,0,6,0,6,0,1,12,0,13,4,0,4,17
10/28/2018,ALO,IA,ACE,CE,Combined TRACON& Tower with Radar,0,3,6,0,9,0,0,3,0,3,0,3,9,0,12,0,0,0,12
10/29/2018,ALO,IA,ACE,CE,Combined TRACON& Tower with Radar,0,8,14,0,22,0,2,28,0,30,0,10,42,0,52,42,0,42,94
10/30/2018,ALO,IA,ACE,CE,Combined TRACON& Tower with Radar,0,5,22,0,27,0,2,19,0,21,0,7,41,0,48,50,0,50,98
10/31/2018,ALO,IA,ACE,CE,Combined TRACON& Tower with Radar,0,3,11,2,16,0,3,25,0,28,0,6,36,2,44,34,0,34,78
11/01/2018,ALO,IA,ACE,CE,Combined TRACON& Tower with Radar,0,3,20,4,27,0,0,39,13,52,0,3,59,17,79,42,2,44,123
11/02/2018,ALO,IA,ACE,CE,Combined TRACON& Tower with Radar,0,3,10,3,16,0,0,16,5,21,0,3,26,8,37,42,5,47,84
11/03/2018,ALO,IA,ACE,CE,Combined TRACON& Tower with Radar,0,1,8,0,9,0,2,9,0,11,0,3,17,0,20,2,0,2,22
11/04/2018,ALO,IA,ACE,CE,Combined TRACON& Tower with Radar,0,3,5,0,8,0,0,0,0,0,0,3,5,0,8,0,0,0,8
11/05/2018,ALO,IA,ACE,CE,Combined TRACON& Tower with Radar,0,5,16,0,21,0,0,0,0,0,0,5,16,0,21,0,0,0,21
11/06/2018,ALO,IA,ACE,CE,Combined TRACON& Tower with Radar,0,3,7,0,10,0,0,7,1,8,0,3,14,1,18,22,10,32,50
11/07/2018,ALO,IA,ACE,CE,Combined TRACON& Tower with Radar,0,3,15,0,18,0,0,4,0,4,0,3,19,0,22,26,10,36,58
11/08/2018,ALO,IA,ACE,CE,Combined TRACON& Tower with Radar,0,4,12,0,16,0,0,7,0,7,0,4,19,0,23,4,0,4,27
11/09/2018,ALO,IA,ACE,CE,Combined TRACON& Tower with Radar,2,6,9,0,17,0,0,6,0,6,2,6,15,0,23,0,0,0,23
11/10/2018,ALO,IA,ACE,CE,Combined TRACON& Tower with Radar,2,1,9,0,12,0,0,17,1,18,2,1,26,1,30,8,0,8,38
11/11/2018,ALO,IA,ACE,CE,Combined TRACON& Tower with Radar,0,2,2,0,4,0,0,17,0,17,0,2,19,0,21,8,0,8,29
11/12/2018,ALO,IA,ACE,CE,Combined TRACON& Tower with Radar,0,3,8,0,11,0,0,13,0,13,0,3,21,0,24,10,0,10,34
11/13/2018,ALO,IA,ACE,CE,Combined TRACON& Tower with Radar,0,3,15,1,19,0,0,21,1,22,0,3,36,2,41,28,0,28,69
11/14/2018,ALO,IA,ACE,CE,Combined TRACON& Tower with Radar,0,3,20,1,24,0,0,26,7,33,0,3,46,8,57,14,2,16,73
11/15/2018,ALO,IA,ACE,CE,Combined TRACON& Tower with Radar,0,3,11,0,14,0,0,20,4,24,0,3,31,4,38,36,14,50,88
11/16/2018,ALO,IA,ACE,CE,Combined TRACON& Tower with Radar,2,4,19,0,25,0,0,8,0,8,2,4,27,0,33,8,0,8,41
11/17/2018,ALO,IA,ACE,CE,Combined TRACON& Tower with Radar,1,2,3,0,6,0,0,3,7,10,1,2,6,7,16,28,4,32,48
11/18/2018,ALO,IA,ACE,CE,Combined TRACON& Tower with Radar,0,4,12,0,16,0,0,32,0,32,0,4,44,0,48,50,0,50,98
11/19/2018,ALO,IA,ACE,CE,Combined TRACON& Tower with Radar,0,3,8,0,11,0,0,9,0,9,0,3,17,0,20,22,0,22,42
11/20/2018,ALO,IA,ACE,CE,Combined TRACON& Tower with Radar,0,3,18,2,23,0,0,27,6,33,0,3,45,8,56,32,0,32,88
11/21/2018,ALO,IA,ACE,CE,Combined TRACON& Tower with Radar,0,3,17,0,20,0,0,6,0,6,0,3,23,0,26,6,0,6,32
11/22/2018,ALO,IA,ACE,CE,Combined TRACON& Tower with Radar,0,3,4,0,7,0,0,11,0,11,0,3,15,0,18,12,0,12,30
11/23/2018,ALO,IA,ACE,CE,Combined TRACON& Tower with Radar,2,3,5,0,10,0,0,5,0,5,2,3,10,0,15,8,0,8,23
11/24/2018,ALO,IA,ACE,CE,Combined TRACON& Tower with Radar,0,1,8,0,9,0,0,17,0,17,0,1,25,0,26,0,0,0,26
11/25/2018,ALO,IA,ACE,CE,Combined TRACON& Tower with Radar,0,3,3,0,6,0,0,0,0,0,0,3,3,0,6,0,0,0,6
11/26/2018,ALO,IA,ACE,CE,Combined TRACON& Tower with Radar,0,0,5,0,5,0,0,5,0,5,0,0,10,0,10,6,0,6,16
11/27/2018,ALO,IA,ACE,CE,Combined TRACON& Tower with Radar,0,9,15,0,24,0,2,22,0,24,0,11,37,0,48,26,0,26,74
11/28/2018,ALO,IA,ACE,CE,Combined TRACON& Tower with Radar,0,3,19,3,25,0,0,19,6,25,0,3,38,9,50,36,0,36,86
11/29/2018,ALO,IA,ACE,CE,Combined TRACON& Tower with Radar,1,5,6,0,12,0,0,10,5,15,1,5,16,5,27,0,0,0,27
11/30/2018,ALO,IA,ACE,CE,Combined TRACON& Tower with Radar,0,3,15,0,18,0,0,22,0,22,0,3,37,0,40,0,0,0,40
12/01/2018,ALO,IA,ACE,CE,Combined TRACON& Tower with Radar,0,2,0,0,2,0,0,0,0,0,0,2,0,0,2,0,0,0,2
12/02/2018,ALO,IA,ACE,CE,Combined TRACON& Tower with Radar,0,4,10,0,14,0,0,0,0,0,0,4,10,0,14,0,0,0,14
12/03/2018,ALO,IA,ACE,CE,Combined TRACON& Tower with Radar,0,3,17,0,20,0,0,6,0,6,0,3,23,0,26,0,0,0,26
12/04/2018,ALO,IA,ACE,CE,Combined TRACON& Tower with Radar,0,3,10,0,13,0,0,1,6,7,0,3,11,6,20,0,0,0,20
12/05/2018,ALO,IA,ACE,CE,Combined TRACON& Tower with Radar,0,8,15,0,23,0,1,27,0,28,0,9,42,0,51,28,0,28,79
12/06/2018,ALO,IA,ACE,CE,Combined TRACON& Tower with Radar,0,3,23,0,26,0,0,22,11,33,0,3,45,11,59,22,6,28,87
12/07/2018,ALO,IA,ACE,CE,Combined TRACON& Tower with Radar,0,3,21,0,24,0,0,20,8,28,0,3,41,8,52,12,8,20,72
12/08/2018,ALO,IA,ACE,CE,Combined TRACON& Tower with Radar,0,1,8,0,9,0,0,5,0,5,0,1,13,0,14,18,0,18,32
12/09/2018,ALO,IA,ACE,CE,Combined TRACON& Tower with Radar,0,5,13,0,18,0,2,38,0,40,0,7,51,0,58,32,0,32,90
12/10/2018,ALO,IA,ACE,CE,Combined TRACON& Tower with Radar,0,3,14,0,17,0,0,15,0,15,0,3,29,0,32,0,0,0,32
12/11/2018,ALO,IA,ACE,CE,Combined TRACON& Tower with Radar,0,7,29,3,39,0,0,28,0,28,0,7,57,3,67,24,0,24,91
12/12/2018,ALO,IA,ACE,CE,Combined TRACON& Tower with Radar,0,3,12,4,19,0,0,0,5,5,0,3,12,9,24,0,0,0,24
12/13/2018,ALO,IA,ACE,CE,Combined TRACON& Tower with Radar,0,3,12,2,17,0,0,4,8,12,0,3,16,10,29,34,22,56,85
12/14/2018,ALO,IA,ACE,CE,Combined TRACON& Tower with Radar,0,3,19,0,22,0,0,16,0,16,0,3,35,0,38,4,0,4,42
12/15/2018,ALO,IA,ACE,CE,Combined TRACON& Tower with Radar,0,3,9,0,12,0,0,48,0,48,0,3,57,0,60,14,0,14,74
12/16/2018,ALO,IA,ACE,CE,Combined TRACON& Tower with Radar,0,5,7,0,12,0,2,26,0,28,0,7,33,0,40,4,0,4,44
12/17/2018,ALO,IA,ACE,CE,Combined TRACON& Tower with Radar,0,6,21,0,27,0,0,27,0,27,0,6,48,0,54,34,0,34,88
12/18/2018,ALO,IA,ACE,CE,Combined TRACON& Tower with Radar,0,3,15,3,21,0,0,28,5,33,0,3,43,8,54,24,18,42,96
12/19/2018,ALO,IA,ACE,CE,Combined TRACON& Tower with Radar,0,2,18,4,24,0,0,23,9,32,0,2,41,13,56,12,4,16,72
12/20/2018,ALO,IA,ACE,CE,Combined TRACON& Tower with Radar,0,3,10,0,13,0,0,0,0,0,0,3,10,0,13,0,0,0,13
12/21/2018,ALO,IA,ACE,CE,Combined TRACON& Tower with Radar,0,4,7,0,11,0,0,2,0,2,0,4,9,0,13,0,0,0,13
12/22/2018,ALO,IA,ACE,CE,Combined TRACON& Tower with Radar,0,3,9,0,12,0,0,0,0,0,0,3,9,0,12,0,0,0,12
12/23/2018,ALO,IA,ACE,CE,Combined TRACON& Tower with Radar,0,2,3,0,5,0,0,11,0,11,0,2,14,0,16,24,0,24,40
12/24/2018,ALO,IA,ACE,CE,Combined TRACON& Tower with Radar,0,4,5,0,9,0,0,19,0,19,0,4,24,0,28,14,0,14,42
12/25/2018,ALO,IA,ACE,CE,Combined TRACON& Tower with Radar,0,4,0,0,4,0,0,4,0,4,0,4,4,0,8,0,0,0,8
12/26/2018,ALO,IA,ACE,CE,Combined TRACON& Tower with Radar,0,3,5,0,8,0,0,4,0,4,0,3,9,0,12,0,0,0,12
12/27/2018,ALO,IA,ACE,CE,Combined TRACON& Tower with Radar,0,3,7,0,10,0,0,0,0,0,0,3,7,0,10,0,0,0,10
12/28/2018,ALO,IA,ACE,CE,Combined TRACON& Tower with Radar,0,3,2,0,5,0,0,0,0,0,0,3,2,0,5,0,0,0,5
12/29/2018,ALO,IA,ACE,CE,Combined TRACON& Tower with Radar,0,5,22,0,27,0,0,11,0,11,0,5,33,0,38,4,0,4,42
12/30/2018,ALO,IA,ACE,CE,Combined TRACON& Tower with Radar,0,3,9,0,12,0,0,18,0,18,0,3,27,0,30,6,0,6,36
12/31/2018,ALO,IA,ACE,CE,Combined TRACON& Tower with Radar,0,3,0,0,3,0,0,0,0,0,0,3,0,0,3,12,0,12,15
01/01/2019,ALO,IA,ACE,CE,Combined TRACON& Tower with Radar,0,2,2,0,4,0,0,2,0,2,0,2,4,0,6,2,0,2,8
01/02/2019,ALO,IA,ACE,CE,Combined TRACON& Tower with Radar,0,3,4,1,8,0,0,13,10,23,0,3,17,11,31,6,0,6,37
01/03/2019,ALO,IA,ACE,CE,Combined TRACON& Tower with Radar,0,5,11,5,21,0,0,20,8,28,0,5,31,13,49,34,8,42,91
01/04/2019,ALO,IA,ACE,CE,Combined TRACON& Tower with Radar,0,7,16,0,23,0,0,34,0,34,0,7,50,0,57,18,0,18,75
01/05/2019,ALO,IA,ACE,CE,Combined TRACON& Tower with Radar,0,5,2,0,7,0,0,42,4,46,0,5,44,4,53,36,0,36,89
01/06/2019,ALO,IA,ACE,CE,Combined TRACON& Tower with Radar,0,3,5,0,8,0,0,6,0,6,0,3,11,0,14,0,0,0,14
01/07/2019,ALO,IA,ACE,CE,Combined TRACON& Tower with Radar,0,3,10,0,13,0,0,0,0,0,0,3,10,0,13,8,0,8,21
01/08/2019,ALO,IA,ACE,CE,Combined TRACON& Tower with Radar,0,3,10,0,13,0,0,2,0,2,0,3,12,0,15,20,0,20,35
01/09/2019,ALO,IA,ACE,CE,Combined TRACON& Tower with Radar,0,3,10,2,15,0,0,14,3,17,0,3,24,5,32,38,18,56,88
01/10/2019,ALO,IA,ACE,CE,Combined TRACON& Tower with Radar,0,3,20,2,25,0,0,14,4,18,0,3,34,6,43,42,2,44,87
01/11/2019,ALO,IA,ACE,CE,Combined TRACON& Tower with Radar,0,5,25,0,30,0,0,21,7,28,0,5,46,7,58,58,0,58,116
01/12/2019,ALO,IA,ACE,CE,Combined TRACON& Tower with Radar,0,2,1,0,3,0,0,0,0,0,0,2,1,0,3,0,0,0,3
01/13/2019,ALO,IA,ACE,CE,Combined TRACON& Tower with Radar,0,5,5,3,13,0,0,13,4,17,0,5,18,7,30,42,4,46,76
01/14/2019,ALO,IA,ACE,CE,Combined TRACON& Tower with Radar,0,7,5,0,12,0,0,0,0,0,0,7,5,0,12,0,0,0,12
01/15/2019,ALO,IA,ACE,CE,Combined TRACON& Tower with Radar,0,4,10,0,14,0,0,0,0,0,0,4,10,0,14,0,0,0,14
01/16/2019,ALO,IA,ACE,CE,Combined TRACON& Tower with Radar,0,3,24,1,28,0,0,3,5,8,0,3,27,6,36,24,16,40,76
01/17/2019,ALO,IA,ACE,CE,Combined TRACON& Tower with Radar,0,3,10,2,15,0,0,1,1,2,0,3,11,3,17,0,0,0,17
01/18/2019,ALO,IA,ACE,CE,Combined TRACON& Tower with Radar,0,5,8,0,13,0,0,6,0,6,0,5,14,0,19,22,0,22,41
01/19/2019,ALO,IA,ACE,CE,Combined TRACON& Tower with Radar,0,1,1,0,2,0,0,2,0,2,0,1,3,0,4,0,0,0,4
01/20/2019,ALO,IA,ACE,CE,Combined TRACON& Tower with Radar,0,2,8,0,10,0,0,17,0,17,0,2,25,0,27,14,0,14,41
01/21/2019,ALO,IA,ACE,CE,Combined TRACON& Tower with Radar,2,3,9,0,14,0,0,17,0,17,2,3,26,0,31,44,0,44,75
01/22/2019,ALO,IA,ACE,CE,Combined TRACON& Tower with Radar,0,2,1,0,3,0,0,0,0,0,0,2,1,0,3,0,0,0,3
01/23/2019,ALO,IA,ACE,CE,Combined TRACON& Tower with Radar,0,1,9,1,11,0,0,4,5,9,0,1,13,6,20,0,0,0,20
01/24/2019,ALO,IA,ACE,CE,Combined TRACON& Tower with Radar,0,5,12,0,17,0,0,2,0,2,0,5,14,0,19,0,0,0,19
01/25/2019,ALO,IA,ACE,CE,Combined TRACON& Tower with Radar,0,3,11,6,20,0,0,9,0,9,0,3,20,6,29,12,0,12,41
01/26/2019,ALO,IA,ACE,CE,Combined TRACON& Tower with Radar,0,3,1,0,4,0,0,0,0,0,0,3,1,0,4,0,0,0,4
01/27/2019,ALO,IA,ACE,CE,Combined TRACON& Tower with Radar,0,3,3,0,6,0,0,7,0,7,0,3,10,0,13,0,0,0,13
01/28/2019,ALO,IA,ACE,CE,Combined TRACON& Tower with Radar,0,1,9,0,10,0,0,0,0,0,0,1,9,0,10,0,0,0,10
01/29/2019,ALO,IA,ACE,CE,Combined TRACON& Tower with Radar,0,2,7,0,9,0,0,0,0,0,0,2,7,0,9,0,0,0,9
01/30/2019,ALO,IA,ACE,CE,Combined TRACON& Tower with Radar,0,0,5,0,5,0,0,6,0,6,0,0,11,0,11,0,0,0,11
01/31/2019,ALO,IA,ACE,CE,Combined TRACON& Tower with Radar,0,1,8,1,10,0,0,0,1,1,0,1,8,2,11,0,16,16,27
02/01/2019,ALO,IA,ACE,CE,Combined TRACON& Tower with Radar,0,7,5,1,13,0,0,17,0,17,0,7,22,1,30,0,0,0,30
02/02/2019,ALO,IA,ACE,CE,Combined TRACON& Tower with Radar,0,1,1,0,2,0,0,0,0,0,0,1,1,0,2,0,0,0,2
02/03/2019,ALO,IA,ACE,CE,Combined TRACON& Tower with Radar,0,1,0,0,1,0,0,0,0,0,0,1,0,0,1,0,0,0,1
02/04/2019,ALO,IA,ACE,CE,Combined TRACON& Tower with Radar,0,3,4,0,7,0,0,1,0,1,0,3,5,0,8,0,0,0,8
02/05/2019,ALO,IA,ACE,CE,Combined TRACON& Tower with Radar,0,6,19,0,25,0,0,1,0,1,0,6,20,0,26,22,0,22,48
02/06/2019,ALO,IA,ACE,CE,Combined TRACON& Tower with Radar,0,1,3,0,4,0,0,0,0,0,0,1,3,0,4,0,24,24,28
02/07/2019,ALO,IA,ACE,CE,Combined TRACON& Tower with Radar,0,0,1,0,1,0,0,0,0,0,0,0,1,0,1,0,0,0,1
02/08/2019,ALO,IA,ACE,CE,Combined TRACON& Tower with Radar,0,3,5,0,8,0,0,2,7,9,0,3,7,7,17,0,0,0,17
02/09/2019,ALO,IA,ACE,CE,Combined TRACON& Tower with Radar,0,2,5,0,7,0,0,7,0,7,0,2,12,0,14,0,0,0,14
02/10/2019,ALO,IA,ACE,CE,Combined TRACON& Tower with Radar,0,3,1,0,4,0,0,1,0,1,0,3,2,0,5,0,0,0,5
02/11/2019,ALO,IA,ACE,CE,Combined TRACON& Tower with Radar,0,6,2,0,8,0,0,0,0,0,0,6,2,0,8,0,0,0,8
02/12/2019,ALO,IA,ACE,CE,Combined TRACON& Tower with Radar,0,2,3,0,5,0,0,0,0,0,0,2,3,0,5,0,12,12,17
02/13/2019,ALO,IA,ACE,CE,Combined TRACON& Tower with Radar,0,5,7,6,18,0,0,12,6,18,0,5,19,12,36,16,22,38,74
02/14/2019,ALO,IA,ACE,CE,Combined TRACON& Tower with Radar,0,3,20,1,24,0,0,12,6,18,0,3,32,7,42,16,2,18,60
02/15/2019,ALO,IA,ACE,CE,Combined TRACON& Tower with Radar,0,4,11,0,15,0,0,7,0,7,0,4,18,0,22,8,0,8,30
02/16/2019,ALO,IA,ACE,CE,Combined TRACON& Tower with Radar,0,4,10,0,14,0,0,23,0,23,0,4,33,0,37,30,0,30,67
02/17/2019,ALO,IA,ACE,CE,Combined TRACON& Tower with Radar,0,2,0,0,2,0,0,0,0,0,0,2,0,0,2,0,0,0,2
02/18/2019,ALO,IA,ACE,CE,Combined TRACON& Tower with Radar,0,3,17,0,20,0,0,18,0,18,0,3,35,0,38,32,0,32,70
02/19/2019,ALO,IA,ACE,CE,Combined TRACON& Tower with Radar,0,5,11,0,16,0,0,10,0,10,0,5,21,0,26,20,4,24,50
02/20/2019,ALO,IA,ACE,CE,Combined TRACON& Tower with Radar,0,1,3,0,4,0,0,1,0,1,0,1,4,0,5,0,0,0,5
02/21/2019,ALO,IA,ACE,CE,Combined TRACON& Tower with Radar,0,5,15,3,23,0,0,25,7,32,0,5,40,10,55,12,0,12,67
02/22/2019,ALO,IA,ACE,CE,Combined TRACON& Tower with Radar,0,6,25,0,31,0,0,32,3,35,0,6,57,3,66,22,0,22,88
02/23/2019,ALO,IA,ACE,CE,Combined TRACON& Tower with Radar,0,5,0,0,5,0,0,0,0,0,0,5,0,0,5,0,0,0,5
02/24/2019,ALO,IA,ACE,CE,Combined TRACON& Tower with Radar,0,0,1,0,1,0,0,0,0,0,0,0,1,0,1,0,0,0,1
02/25/2019,ALO,IA,ACE,CE,Combined TRACON& Tower with Radar,0,3,8,4,15,0,0,5,11,16,0,3,13,15,31,4,4,8,39
02/26/2019,ALO,IA,ACE,CE,Combined TRACON& Tower with Radar,0,4,13,2,19,0,0,22,3,25,0,4,35,5,44,32,0,32,76
02/27/2019,ALO,IA,ACE,CE,Combined TRACON& Tower with Radar,0,3,15,0,18,0,0,21,17,38,0,3,36,17,56,34,3,37,93
02/28/2019,ALO,IA,ACE,CE,Combined TRACON& Tower with Radar,0,5,13,4,22,0,0,11,5,16,0,5,24,9,38,20,34,54,92
03/01/2019,ALO,IA,ACE,CE,Combined TRACON& Tower with Radar,0,5,5,0,10,0,0,1,1,2,0,5,6,1,12,0,0,0,12
03/02/2019,ALO,IA,ACE,CE,Combined TRACON& Tower with Radar,0,5,5,0,10,0,0,4,0,4,0,5,9,0,14,0,0,0,14
03/03/2019,ALO,IA,ACE,CE,Combined TRACON& Tower with Radar,0,3,3,0,6,0,0,6,0,6,0,3,9,0,12,12,0,12,24
03/04/2019,ALO,IA,ACE,CE,Combined TRACON& Tower with Radar,0,5,9,0,14,0,0,5,0,5,0,5,14,0,19,4,0,4,23
03/05/2019,ALO,IA,ACE,CE,Combined TRACON& Tower with Radar,0,3,16,2,21,0,0,14,0,14,0,3,30,2,35,26,2,28,63
03/06/2019,ALO,IA,ACE,CE,Combined TRACON& Tower with Radar,0,3,12,2,17,0,0,20,6,26,0,3,32,8,43,12,6,18,61
03/07/2019,ALO,IA,ACE,CE,Combined TRACON& Tower with Radar,0,3,18,1,22,0,0,7,3,10,0,3,25,4,32,0,0,0,32
03/08/2019,ALO,IA,ACE,CE,Combined TRACON& Tower with Radar,0,5,16,0,21,0,0,0,2,2,0,5,16,2,23,0,10,10,33
03/09/2019,ALO,IA,ACE,CE,Combined TRACON& Tower with Radar,0,9,0,0,9,0,0,0,0,0,0,9,0,0,9,0,0,0,9
03/10/2019,ALO,IA,ACE,CE,Combined TRACON& Tower with Radar,0,3,2,0,5,0,0,8,0,8,0,3,10,0,13,6,0,6,19
03/11/2019,ALO,IA,ACE,CE,Combined TRACON& Tower with Radar,0,3,16,0,19,0,0,31,0,31,0,3,47,0,50,52,0,52,102
03/12/2019,ALO,IA,ACE,CE,Combined TRACON& Tower with Radar,0,3,20,1,24,0,0,12,1,13,0,3,32,2,37,8,0,8,45
03/13/2019,ALO,IA,ACE,CE,Combined TRACON& Tower with Radar,0,3,3,0,6,0,0,0,0,0,0,3,3,0,6,0,0,0,6
03/14/2019,ALO,IA,ACE,CE,Combined TRACON& Tower with Radar,0,4,15,0,19,0,0,3,0,3,0,4,18,0,22,0,0,0,22
03/15/2019,ALO,IA,ACE,CE,Combined TRACON& Tower with Radar,0,2,4,0,6,0,0,13,1,14,0,2,17,1,20,0,0,0,20
03/16/2019,ALO,IA,ACE,CE,Combined TRACON& Tower with Radar,0,7,5,0,12,0,4,40,0,44,0,11,45,0,56,58,0,58,114
03/17/2019,ALO,IA,ACE,CE,Combined TRACON& Tower with Radar,0,4,2,0,6,0,0,2,0,2,0,4,4,0,8,0,0,0,8
03/18/2019,ALO,IA,ACE,CE,Combined TRACON& Tower with Radar,0,3,17,0,20,0,0,26,0,26,0,3,43,0,46,12,0,12,58
03/19/2019,ALO,IA,ACE,CE,Combined TRACON& Tower with Radar,0,3,18,0,21,0,0,25,4,29,0,3,43,4,50,82,0,82,132
03/20/2019,ALO,IA,ACE,CE,Combined TRACON& Tower with Radar,0,3,8,0,11,0,0,0,0,0,0,3,8,0,11,0,12,12,23
03/21/2019,ALO,IA,ACE,CE,Combined TRACON& Tower with Radar,0,5,22,0,27,0,0,19,9,28,0,5,41,9,55,24,2,26,81
03/22/2019,ALO,IA,ACE,CE,Combined TRACON& Tower with Radar,0,3,17,0,20,0,0,31,6,37,0,3,48,6,57,42,0,42,99
03/23/2019,ALO,IA,ACE,CE,Combined TRACON& Tower with Radar,0,6,9,0,15,0,1,32,12,45,0,7,41,12,60,36,4,40,100
03/24/2019,ALO,IA,ACE,CE,Combined TRACON& Tower with Radar,0,3,12,0,15,0,0,0,0,0,0,3,12,0,15,0,0,0,15
03/25/2019,ALO,IA,ACE,CE,Combined TRACON& Tower with Radar,0,5,18,0,23,0,0,18,3,21,0,5,36,3,44,36,14,50,94
03/26/2019,ALO,IA,ACE,CE,Combined TRACON& Tower with Radar,0,3,12,0,15,0,0,34,4,38,0,3,46,4,53,38,18,56,109
03/27/2019,ALO,IA,ACE,CE,Combined TRACON& Tower with Radar,0,7,16,2,25,0,0,26,8,34,0,7,42,10,59,26,0,26,85
03/28/2019,ALO,IA,ACE,CE,Combined TRACON& Tower with Radar,0,4,32,1,37,0,0,17,10,27,0,4,49,11,64,20,0,20,84
03/29/2019,ALO,IA,ACE,CE,Combined TRACON& Tower with Radar,0,3,7,1,11,0,0,22,5,27,0,3,29,6,38,14,2,16,54
03/30/2019,ALO,IA,ACE,CE,Combined TRACON& Tower with Radar,0,3,3,0,6,0,0,11,0,11,0,3,14,0,17,8,0,8,25
03/31/2019,ALO,IA,ACE,CE,Combined TRACON& Tower with Radar,0,3,10,0,13,0,3,24,0,27,0,6,34,0,40,32,0,32,72
04/01/2019,ALO,IA,ACE,CE,Combined TRACON& Tower with Radar,0,3,14,0,17,0,0,14,0,14,0,3,28,0,31,20,0,20,51
04/02/2019,ALO,IA,ACE,CE,Combined TRACON& Tower with Radar,0,3,26,2,31,0,0,10,2,12,0,3,36,4,43,34,0,34,77
04/03/2019,ALO,IA,ACE,CE,Combined TRACON& Tower with Radar,0,3,21,1,25,0,3,26,5,34,0,6,47,6,59,60,24,84,143
04/04/2019,ALO,IA,ACE,CE,Combined TRACON& Tower with Radar,0,3,12,5,20,0,0,2,3,5,0,3,14,8,25,8,14,22,47
04/05/2019,ALO,IA,ACE,CE,Combined TRACON& Tower with Radar,0,3,20,8,31,0,0,8,0,8,0,3,28,8,39,16,6,22,61
04/06/2019,ALO,IA,ACE,CE,Combined TRACON& Tower with Radar,0,3,11,0,14,0,0,12,4,16,0,3,23,4,30,10,0,10,40
04/07/2019,ALO,IA,ACE,CE,Combined TRACON& Tower with Radar,0,3,10,0,13,0,0,3,0,3,0,3,13,0,16,0,0,0,16
04/08/2019,ALO,IA,ACE,CE,Combined TRACON& Tower with Radar,0,3,19,1,23,0,0,19,1,20,0,3,38,2,43,40,0,40,83
04/09/2019,ALO,IA,ACE,CE,Combined TRACON& Tower with Radar,0,3,17,0,20,0,0,48,5,53,0,3,65,5,73,58,0,58,131
04/10/2019,ALO,IA,ACE,CE,Combined TRACON& Tower with Radar,0,3,6,0,9,0,0,0,0,0,0,3,6,0,9,0,0,0,9
04/11/2019,ALO,IA,ACE,CE,Combined TRACON& Tower with Radar,0,5,1,0,6,0,0,0,4,4,0,5,1,4,10,0,4,4,14
04/12/2019,ALO,IA,ACE,CE,Combined TRACON& Tower with Radar,0,5,5,3,13,0,0,3,13,16,0,5,8,16,29,6,0,6,35
04/13/2019,ALO,IA,ACE,CE,Combined TRACON& Tower with Radar,0,3,13,2,18,0,0,33,29,62,0,3,46,31,80,20,14,34,114
04/14/2019,ALO,IA,ACE,CE,Combined TRACON& Tower with Radar,0,1,6,0,7,0,0,29,0,29,0,1,35,0,36,18,0,18,54
04/15/2019,ALO,IA,ACE,CE,Combined TRACON& Tower with Radar,0,5,19,0,24,0,0,52,0,52,0,5,71,0,76,32,0,32,108
04/16/2019,ALO,IA,ACE,CE,Combined TRACON& Tower with Radar,0,3,31,1,35,0,0,67,4,71,0,3,98,5,106,60,2,62,168
04/17/2019,ALO,IA,ACE,CE,Combined TRACON& Tower with Radar,0,3,18,4,25,0,0,9,9,18,0,3,27,13,43,12,4,16,59
04/18/2019,ALO,IA,ACE,CE,Combined TRACON& Tower with Radar,0,5,17,2,24,0,0,0,6,6,0,5,17,8,30,0,4,4,34
04/19/2019,ALO,IA,ACE,CE,Combined TRACON& Tower with Radar,0,3,7,3,13,0,0,43,6,49,0,3,50,9,62,58,22,80,142
04/20/2019,ALO,IA,ACE,CE,Combined TRACON& Tower with Radar,0,4,7,0,11,0,0,48,0,48,0,4,55,0,59,64,0,64,123
04/21/2019,ALO,IA,ACE,CE,Combined TRACON& Tower with Radar,0,3,7,0,10,0,0,21,0,21,0,3,28,0,31,20,0,20,51
04/22/2019,ALO,IA,ACE,CE,Combined TRACON& Tower with Radar,0,3,7,0,10,0,0,6,0,6,0,3,13,0,16,4,0,4,20
04/23/2019,ALO,IA,ACE,CE,Combined TRACON& Tower with Radar,0,3,21,0,24,0,0,23,0,23,0,3,44,0,47,34,0,34,81
04/24/2019,ALO,IA,ACE,CE,Combined TRACON& Tower with Radar,0,3,23,3,29,0,0,22,7,29,0,3,45,10,58,44,10,54,112
04/25/2019,ALO,IA,ACE,CE,Combined TRACON& Tower with Radar,0,11,11,2,24,0,0,1,7,8,0,11,12,9,32,0,0,0,32
04/26/2019,ALO,IA,ACE,CE,Combined TRACON& Tower with Radar,0,3,14,2,19,0,0,15,0,15,0,3,29,2,34,10,0,10,44
04/27/2019,ALO,IA,ACE,CE,Combined TRACON& Tower with Radar,0,2,0,0,2,0,0,1,0,1,0,2,1,0,3,0,0,0,3
04/28/2019,ALO,IA,ACE,CE,Combined TRACON& Tower with Radar,0,3,1,0,4,0,0,12,0,12,0,3,13,0,16,2,0,2,18
04/29/2019,ALO,IA,ACE,CE,Combined TRACON& Tower with Radar,0,3,13,0,16,0,0,10,0,10,0,3,23,0,26,14,0,14,40
04/30/2019,ALO,IA,ACE,CE,Combined TRACON& Tower with Radar,0,3,11,0,14,0,0,0,0,0,0,3,11,0,14,0,0,0,14
05/01/2019,ALO,IA,ACE,CE,Combined TRACON& Tower with Radar,0,7,35,0,42,0,0,3,0,3,0,7,38,0,45,22,0,22,67
05/02/2019,ALO,IA,ACE,CE,Combined TRACON& Tower with Radar,0,3,21,5,29,0,0,18,2,20,0,3,39,7,49,22,22,44,93
05/03/2019,ALO,IA,ACE,CE,Combined TRACON& Tower with Radar,0,6,20,0,26,0,0,43,9,52,0,6,63,9,78,20,0,20,98
05/04/2019,ALO,IA,ACE,CE,Combined TRACON& Tower with Radar,0,3,13,0,16,0,0,34,0,34,0,3,47,0,50,18,0,18,68
05/05/2019,ALO,IA,ACE,CE,Combined TRACON& Tower with Radar,0,3,4,0,7,0,0,15,4,19,0,3,19,4,26,0,4,4,30
05/06/2019,ALO,IA,ACE,CE,Combined TRACON& Tower with Radar,0,3,18,1,22,0,0,13,1,14,0,3,31,2,36,0,0,0,36
05/07/2019,ALO,IA,ACE,CE,Combined TRACON& Tower with Radar,1,5,13,1,20,0,0,23,1,24,1,5,36,2,44,30,0,30,74
05/08/2019,ALO,IA,ACE,CE,Combined TRACON& Tower with Radar,0,5,6,0,11,0,0,0,0,0,0,5,6,0,11,0,0,0,11
05/09/2019,ALO,IA,ACE,CE,Combined TRACON& Tower with Radar,0,5,17,2,24,0,0,5,5,10,0,5,22,7,34,0,4,4,38
05/10/2019,ALO,IA,ACE,CE,Combined TRACON& Tower with Radar,0,3,8,2,13,0,1,45,4,50,0,4,53,6,63,36,0,36,99
05/11/2019,ALO,IA,ACE,CE,Combined TRACON& Tower with Radar,0,3,5,0,8,0,0,17,0,17,0,3,22,0,25,16,0,16,41
05/12/2019,ALO,IA,ACE,CE,Combined TRACON& Tower with Radar,0,3,7,0,10,0,0,6,0,6,0,3,13,0,16,0,0,0,16
05/13/2019,ALO,IA,ACE,CE,Combined TRACON& Tower with Radar,0,7,16,0,23,0,1,15,0,16,0,8,31,0,39,74,0,74,113
05/14/2019,ALO,IA,ACE,CE,Combined TRACON& Tower with Radar,0,4,26,0,30,0,0,16,4,20,0,4,42,4,50,62,8,70,120
05/15/2019,ALO,IA,ACE,CE,Combined TRACON& Tower with Radar,0,3,16,3,22,0,0,32,0,32,0,3,48,3,54,96,2,98,152
05/16/2019,ALO,IA,ACE,CE,Combined TRACON& Tower with Radar,0,3,13,0,16,0,0,28,3,31,0,3,41,3,47,34,10,44,91
05/17/2019,ALO,IA,ACE,CE,Combined TRACON& Tower with Radar,0,3,8,0,11,0,0,2,0,2,0,3,10,0,13,0,0,0,13
05/18/2019,ALO,IA,ACE,CE,Combined TRACON& Tower with Radar,0,3,11,0,14,0,0,1,0,1,0,3,12,0,15,0,0,0,15
05/19/2019,ALO,IA,ACE,CE,Combined TRACON& Tower with Radar,0,3,4,0,7,0,0,0,0,0,0,3,4,0,7,0,0,0,7
05/20/2019,ALO,IA,ACE,CE,Combined TRACON& Tower with Radar,0,3,18,0,21,0,0,28,2,30,0,3,46,2,51,22,0,22,73
05/21/2019,ALO,IA,ACE,CE,Combined TRACON& Tower with Radar,2,3,8,0,13,0,0,2,0,2,2,3,10,0,15,24,0,24,39
05/22/2019,ALO,IA,ACE,CE,Combined TRACON& Tower with Radar,0,3,14,1,18,0,2,8,1,11,0,5,22,2,29,20,0,20,49
05/23/2019,ALO,IA,ACE,CE,Combined TRACON& Tower with Radar,2,5,19,0,26,0,1,26,1,28,2,6,45,1,54,12,0,12,66
05/24/2019,ALO,IA,ACE,CE,Combined TRACON& Tower with Radar,0,4,5,0,9,0,0,2,0,2,0,4,7,0,11,0,0,0,11
05/25/2019,ALO,IA,ACE,CE,Combined TRACON& Tower with Radar,0,3,15,0,18,0,0,17,0,17,0,3,32,0,35,0,0,0,35
05/26/2019,ALO,IA,ACE,CE,Combined TRACON& Tower with Radar,0,3,0,0,3,0,0,20,0,20,0,3,20,0,23,18,0,18,41
05/27/2019,ALO,IA,ACE,CE,Combined TRACON& Tower with Radar,0,3,0,0,3,0,0,0,0,0,0,3,0,0,3,0,0,0,3
05/28/2019,ALO,IA,ACE,CE,Combined TRACON& Tower with Radar,0,6,11,0,17,0,0,2,2,4,0,6,13,2,21,2,0,2,23
05/29/2019,ALO,IA,ACE,CE,Combined TRACON& Tower with Radar,0,4,20,0,24,0,0,3,5,8,0,4,23,5,32,2,0,2,34
05/30/2019,ALO,IA,ACE,CE,Combined TRACON& Tower with Radar,0,5,16,0,21,0,1,30,1,32,0,6,46,1,53,48,34,82,135
05/31/2019,ALO,IA,ACE,CE,Combined TRACON& Tower with Radar,0,3,13,0,16,0,0,38,0,38,0,3,51,0,54,80,4,84,138
06/01/2019,ALO,IA,ACE,CE,Combined TRACON& Tower with Radar,0,3,6,0,9,0,0,14,1,15,0,3,20,1,24,24,0,24,48
06/02/2019,ALO,IA,ACE,CE,Combined TRACON& Tower with Radar,0,5,10,0,15,0,0,26,1,27,0,5,36,1,42,0,0,0,42
06/03/2019,ALO,IA,ACE,CE,Combined TRACON& Tower with Radar,0,3,13,2,18,0,0,19,18,37,0,3,32,20,55,14,48,62,117
06/04/2019,ALO,IA,ACE,CE,Combined TRACON& Tower with Radar,0,3,9,2,14,0,0,11,17,28,0,3,20,19,42,6,36,42,84
06/05/2019,ALO,IA,ACE,CE,Combined TRACON& Tower with Radar,0,6,10,1,17,0,0,24,12,36,0,6,34,13,53,28,28,56,109
06/06/2019,ALO,IA,ACE,CE,Combined TRACON& Tower with Radar,0,3,17,4,24,0,0,29,8,37,0,3,46,12,61,62,70,132,193
06/07/2019,ALO,IA,ACE,CE,Combined TRACON& Tower with Radar,0,3,5,1,9,0,0,35,37,72,0,3,40,38,81,44,42,86,167
06/08/2019,ALO,IA,ACE,CE,Combined TRACON& Tower with Radar,0,3,4,0,7,0,0,26,2,28,0,3,30,2,35,6,0,6,41
06/09/2019,ALO,IA,ACE,CE,Combined TRACON& Tower with Radar,0,3,3,0,6,0,0,15,19,34,0,3,18,19,40,10,18,28,68
06/10/2019,ALO,IA,ACE,CE,Combined TRACON& Tower with Radar,0,3,10,1,14,0,0,10,12,22,0,3,20,13,36,30,0,30,66
06/11/2019,ALO,IA,ACE,CE,Combined TRACON& Tower with Radar,0,3,10,0,13,0,1,12,8,21,0,4,22,8,34,2,6,8,42
06/12/2019,ALO,IA,ACE,CE,Combined TRACON& Tower with Radar,0,2,11,1,14,0,0,2,5,7,0,2,13,6,21,0,0,0,21
06/13/2019,ALO,IA,ACE,CE,Combined TRACON& Tower with Radar,0,3,23,2,28,0,0,33,15,48,0,3,56,17,76,50,24,74,150
06/14/2019,ALO,IA,ACE,CE,Combined TRACON& Tower with Radar,0,3,8,1,12,0,0,22,1,23,0,3,30,2,35,8,0,8,43
06/15/2019,ALO,IA,ACE,CE,Combined TRACON& Tower with Radar,0,5,3,0,8,0,0,8,0,8,0,5,11,0,16,20,0,20,36
06/16/2019,ALO,IA,ACE,CE,Combined TRACON& Tower with Radar,0,3,13,0,16,0,0,3,0,3,0,3,16,0,19,0,0,0,19
06/17/2019,ALO,IA,ACE,CE,Combined TRACON& Tower with Radar,0,5,18,0,23,0,0,12,0,12,0,5,30,0,35,8,0,8,43
06/18/2019,ALO,IA,ACE,CE,Combined TRACON& Tower with Radar,0,5,11,0,16,0,0,7,0,7,0,5,18,0,23,0,0,0,23
06/19/2019,ALO,IA,ACE,CE,Combined TRACON& Tower with Radar,0,4,24,1,29,0,0,26,2,28,0,4,50,3,57,90,0,90,147
06/20/2019,ALO,IA,ACE,CE,Combined TRACON& Tower with Radar,0,3,24,0,27,0,0,26,7,33,0,3,50,7,60,64,12,76,136
06/21/2019,ALO,IA,ACE,CE,Combined TRACON& Tower with Radar,0,3,1,0,4,0,0,4,0,4,0,3,5,0,8,0,0,0,8
06/22/2019,ALO,IA,ACE,CE,Combined TRACON& Tower with Radar,0,3,9,0,12,0,0,6,0,6,0,3,15,0,18,0,0,0,18
06/23/2019,ALO,IA,ACE,CE,Combined TRACON& Tower with Radar,0,3,5,0,8,0,0,1,0,1,0,3,6,0,9,12,0,12,21
06/24/2019,ALO,IA,ACE,CE,Combined TRACON& Tower with Radar,0,3,10,0,13,0,0,9,0,9,0,3,19,0,22,22,0,22,44
06/25/2019,ALO,IA,ACE,CE,Combined TRACON& Tower with Radar,0,3,27,0,30,0,0,50,0,50,0,3,77,0,80,28,0,28,108
06/26/2019,ALO,IA,ACE,CE,Combined TRACON& Tower with Radar,0,6,12,0,18,0,2,30,13,45,0,8,42,13,63,18,4,22,85
06/27/2019,ALO,IA,ACE,CE,Combined TRACON& Tower with Radar,0,4,9,0,13,0,0,14,3,17,0,4,23,3,30,12,0,12,42
06/28/2019,ALO,IA,ACE,CE,Combined TRACON& Tower with Radar,0,3,13,0,16,0,0,8,1,9,0,3,21,1,25,0,0,0,25
06/29/2019,ALO,IA,ACE,CE,Combined TRACON& Tower with Radar,0,4,6,0,10,0,0,22,0,22,0,4,28,0,32,10,0,10,42
06/30/2019,ALO,IA,ACE,CE,Combined TRACON& Tower with Radar,0,4,1,0,5,0,0,11,1,12,0,4,12,1,17,6,0,6,23
07/01/2019,ALO,IA,ACE,CE,Combined TRACON& Tower with Radar,0,4,4,0,8,0,1,18,0,19,0,5,22,0,27,28,0,28,55
07/02/2019,ALO,IA,ACE,CE,Combined TRACON& Tower with Radar,0,4,10,1,15,0,2,26,15,43,0,6,36,16,58,32,12,44,102
07/03/2019,ALO,IA,ACE,CE,Combined TRACON& Tower with Radar,0,2,9,0,11,0,0,13,0,13,0,2,22,0,24,30,0,30,54
07/04/2019,ALO,IA,ACE,CE,Combined TRACON& Tower with Radar,0,3,3,0,6,0,0,8,1,9,0,3,11,1,15,0,0,0,15
07/05/2019,ALO,IA,ACE,CE,Combined TRACON& Tower with Radar,0,4,7,0,11,0,0,8,0,8,0,4,15,0,19,0,0,0,19
07/06/2019,ALO,IA,ACE,CE,Combined TRACON& Tower with Radar,0,3,1,0,4,0,0,0,0,0,0,3,1,0,4,0,0,0,4
07/07/2019,ALO,IA,ACE,CE,Combined TRACON& Tower with Radar,0,3,3,0,6,0,0,19,0,19,0,3,22,0,25,4,0,4,29
07/08/2019,ALO,IA,ACE,CE,Combined TRACON& Tower with Radar,0,3,17,0,20,0,0,29,0,29,0,3,46,0,49,30,0,30,79
07/09/2019,ALO,IA,ACE,CE,Combined TRACON& Tower with Radar,0,3,16,2,21,0,0,11,0,11,0,3,27,2,32,16,6,22,54
07/10/2019,ALO,IA,ACE,CE,Combined TRACON& Tower with Radar,0,3,20,0,23,0,0,22,9,31,0,3,42,9,54,24,10,34,88
07/11/2019,ALO,IA,ACE,CE,Combined TRACON& Tower with Radar,0,5,19,5,29,0,0,19,3,22,0,5,38,8,51,0,0,0,51
07/12/2019,ALO,IA,ACE,CE,Combined TRACON& Tower with Radar,0,3,24,0,27,0,0,43,8,51,0,3,67,8,78,78,0,78,156
07/13/2019,ALO,IA,ACE,CE,Combined TRACON& Tower with Radar,0,3,8,0,11,0,0,18,0,18,0,3,26,0,29,12,0,12,41
07/14/2019,ALO,IA,ACE,CE,Combined TRACON& Tower with Radar,0,3,4,0,7,0,0,19,0,19,0,3,23,0,26,6,0,6,32
07/15/2019,ALO,IA,ACE,CE,Combined TRACON& Tower with Radar,0,3,21,1,25,0,0,25,3,28,0,3,46,4,53,26,0,26,79
07/16/2019,ALO,IA,ACE,CE,Combined TRACON& Tower with Radar,0,3,14,0,17,0,0,19,2,21,0,3,33,2,38,46,0,46,84
07/17/2019,ALO,IA,ACE,CE,Combined TRACON& Tower with Radar,0,3,18,5,26,0,0,27,3,30,0,3,45,8,56,10,0,10,66
07/18/2019,ALO,IA,ACE,CE,Combined TRACON& Tower with Radar,0,1,20,3,24,0,0,19,4,23,0,1,39,7,47,40,4,44,91
07/19/2019,ALO,IA,ACE,CE,Combined TRACON& Tower with Radar,0,4,16,2,22,0,0,39,4,43,0,4,55,6,65,32,0,32,97
07/20/2019,ALO,IA,ACE,CE,Combined TRACON& Tower with Radar,0,3,8,1,12,0,2,38,5,45,0,5,46,6,57,16,8,24,81
07/21/2019,ALO,IA,ACE,CE,Combined TRACON& Tower with Radar,0,3,13,0,16,0,0,32,8,40,0,3,45,8,56,22,2,24,80
07/22/2019,ALO,IA,ACE,CE,Combined TRACON& Tower with Radar,0,3,18,0,21,0,1,43,0,44,0,4,61,0,65,24,0,24,89
07/23/2019,ALO,IA,ACE,CE,Combined TRACON& Tower with Radar,0,3,13,0,16,0,2,30,5,37,0,5,43,5,53,18,8,26,79
07/24/2019,ALO,IA,ACE,CE,Combined TRACON& Tower with Radar,0,3,20,0,23,0,3,51,6,60,0,6,71,6,83,36,10,46,129
07/25/2019,ALO,IA,ACE,CE,Combined TRACON& Tower with Radar,0,3,15,1,19,0,3,34,4,41,0,6,49,5,60,8,12,20,80
07/26/2019,ALO,IA,ACE,CE,Combined TRACON& Tower with Radar,0,3,5,0,8,0,0,36,0,36,0,3,41,0,44,16,0,16,60
07/27/2019,ALO,IA,ACE,CE,Combined TRACON& Tower with Radar,0,5,7,0,12,0,0,24,0,24,0,5,31,0,36,70,0,70,106
07/28/2019,ALO,IA,ACE,CE,Combined TRACON& Tower with Radar,0,3,10,0,13,0,1,12,0,13,0,4,22,0,26,0,0,0,26
07/29/2019,ALO,IA,ACE,CE,Combined TRACON& Tower with Radar,0,3,15,0,18,0,0,23,0,23,0,3,38,0,41,56,0,56,97
07/30/2019,ALO,IA,ACE,CE,Combined TRACON& Tower with Radar,0,3,9,0,12,0,2,22,1,25,0,5,31,1,37,14,12,26,63
07/31/2019,ALO,IA,ACE,CE,Combined TRACON& Tower with Radar,0,3,14,0,17,0,0,35,7,42,0,3,49,7,59,34,16,50,109
08/01/2019,ALO,IA,ACE,CE,Combined TRACON& Tower with Radar,0,3,6,5,14,0,0,24,9,33,0,3,30,14,47,72,50,122,169
08/02/2019,ALO,IA,ACE,CE,Combined TRACON& Tower with Radar,0,3,20,2,25,0,0,26,8,34,0,3,46,10,59,12,4,16,75
08/03/2019,ALO,IA,ACE,CE,Combined TRACON& Tower with Radar,0,3,22,0,25,0,0,24,13,37,0,3,46,13,62,0,22,22,84
08/04/2019,ALO,IA,ACE,CE,Combined TRACON& Tower with Radar,0,3,21,0,24,0,0,33,0,33,0,3,54,0,57,12,0,12,69
08/05/2019,ALO,IA,ACE,CE,Combined TRACON& Tower with Radar,0,3,13,0,16,0,0,15,0,15,0,3,28,0,31,2,0,2,33
08/06/2019,ALO,IA,ACE,CE,Combined TRACON& Tower with Radar,0,4,5,0,9,0,0,23,4,27,0,4,28,4,36,6,0,6,42
08/07/2019,ALO,IA,ACE,CE,Combined TRACON& Tower with Radar,0,6,13,1,20,0,0,8,5,13,0,6,21,6,33,62,18,80,113
08/08/2019,ALO,IA,ACE,CE,Combined TRACON& Tower with Radar,0,5,21,0,26,0,0,31,10,41,0,5,52,10,67,18,8,26,93
08/09/2019,ALO,IA,ACE,CE,Combined TRACON& Tower with Radar,0,3,9,0,12,0,0,30,3,33,0,3,39,3,45,40,10,50,95
08/10/2019,ALO,IA,ACE,CE,Combined TRACON& Tower with Radar,0,3,19,0,22,0,0,29,0,29,0,3,48,0,51,26,0,26,77
08/11/2019,ALO,IA,ACE,CE,Combined TRACON& Tower with Radar,0,3,6,0,9,0,0,12,0,12,0,3,18,0,21,0,0,0,21
08/12/2019,ALO,IA,ACE,CE,Combined TRACON& Tower with Radar,0,3,5,0,8,0,0,1,0,1,0,3,6,0,9,0,0,0,9
08/13/2019,ALO,IA,ACE,CE,Combined TRACON& Tower with Radar,0,4,22,0,26,0,0,29,1,30,0,4,51,1,56,30,0,30,86
08/14/2019,ALO,IA,ACE,CE,Combined TRACON& Tower with Radar,0,3,19,3,25,0,0,4,4,8,0,3,23,7,33,8,16,24,57
08/15/2019,ALO,IA,ACE,CE,Combined TRACON& Tower with Radar,0,3,23,0,26,0,0,36,11,47,0,3,59,11,73,24,32,56,129
08/16/2019,ALO,IA,ACE,CE,Combined TRACON& Tower with Radar,0,3,9,0,12,0,0,28,2,30,0,3,37,2,42,12,0,12,54
08/17/2019,ALO,IA,ACE,CE,Combined TRACON& Tower with Radar,0,3,7,0,10,0,0,20,3,23,0,3,27,3,33,0,0,0,33
08/18/2019,ALO,IA,ACE,CE,Combined TRACON& Tower with Radar,0,1,5,0,6,0,0,8,0,8,0,1,13,0,14,6,0,6,20
08/19/2019,ALO,IA,ACE,CE,Combined TRACON& Tower with Radar,0,3,19,0,22,0,0,12,2,14,0,3,31,2,36,30,0,30,66
08/20/2019,ALO,IA,ACE,CE,Combined TRACON& Tower with Radar,0,1,11,2,14,0,0,15,0,15,0,1,26,2,29,6,0,6,35
08/21/2019,ALO,IA,ACE,CE,Combined TRACON& Tower with Radar,0,3,27,4,34,0,0,4,1,5,0,3,31,5,39,0,0,0,39
08/22/2019,ALO,IA,ACE,CE,Combined TRACON& Tower with Radar,0,5,16,1,22,0,0,41,10,51,0,5,57,11,73,34,36,70,143
08/23/2019,ALO,IA,ACE,CE,Combined TRACON& Tower with Radar,0,7,13,0,20,0,1,41,6,48,0,8,54,6,68,16,0,16,84
08/24/2019,ALO,IA,ACE,CE,Combined TRACON& Tower with Radar,0,3,8,0,11,0,0,37,0,37,0,3,45,0,48,12,0,12,60
08/25/2019,ALO,IA,ACE,CE,Combined TRACON& Tower with Radar,0,2,10,0,12,0,0,10,0,10,0,2,20,0,22,0,0,0,22
08/26/2019,ALO,IA,ACE,CE,Combined TRACON& Tower with Radar,0,3,17,0,20,0,0,7,0,7,0,3,24,0,27,0,0,0,27
08/27/2019,ALO,IA,ACE,CE,Combined TRACON& Tower with Radar,0,5,13,0,18,0,0,10,4,14,0,5,23,4,32,34,0,34,66
08/28/2019,ALO,IA,ACE,CE,Combined TRACON& Tower with Radar,0,3,28,1,32,0,0,30,5,35,0,3,58,6,67,10,4,14,81
08/29/2019,ALO,IA,ACE,CE,Combined TRACON& Tower with Radar,0,5,21,0,26,0,0,28,5,33,0,5,49,5,59,30,0,30,89
08/30/2019,ALO,IA,ACE,CE,Combined TRACON& Tower with Radar,0,3,16,0,19,0,0,31,0,31,0,3,47,0,50,12,0,12,62
08/31/2019,ALO,IA,ACE,CE,Combined TRACON& Tower with Radar,0,6,9,0,15,0,1,12,0,13,0,7,21,0,28,12,0,12,40
09/01/2019,ALO,IA,ACE,CE,Combined TRACON& Tower with Radar,0,3,5,0,8,0,1,20,0,21,0,4,25,0,29,2,0,2,31
09/02/2019,ALO,IA,ACE,CE,Combined TRACON& Tower with Radar,0,3,7,0,10,0,1,20,0,21,0,4,27,0,31,28,0,28,59
09/03/2019,ALO,IA,ACE,CE,Combined TRACON& Tower with Radar,0,7,10,0,17,0,0,9,2,11,0,7,19,2,28,8,0,8,36
09/04/2019,ALO,IA,ACE,CE,Combined TRACON& Tower with Radar,0,3,25,3,31,0,0,30,6,36,0,3,55,9,67,26,0,26,93
09/05/2019,ALO,IA,ACE,CE,Combined TRACON& Tower with Radar,0,5,28,6,39,0,0,28,3,31,0,5,56,9,70,0,0,0,70
09/06/2019,ALO,IA,ACE,CE,Combined TRACON& Tower with Radar,1,3,12,0,16,0,0,17,1,18,1,3,29,1,34,12,0,12,46
09/07/2019,ALO,IA,ACE,CE,Combined TRACON& Tower with Radar,0,4,5,0,9,0,0,165,1,166,0,4,170,1,175,12,0,12,187
09/08/2019,ALO,IA,ACE,CE,Combined TRACON& Tower with Radar,0,4,6,0,10,0,0,0,0,0,0,4,6,0,10,0,0,0,10
09/09/2019,ALO,IA,ACE,CE,Combined TRACON& Tower with Radar,0,4,14,0,18,0,0,1,0,1,0,4,15,0,19,0,0,0,19
09/10/2019,ALO,IA,ACE,CE,Combined TRACON& Tower with Radar,1,3,14,0,18,0,0,24,0,24,1,3,38,0,42,12,0,12,54
09/11/2019,ALO,IA,ACE,CE,Combined TRACON& Tower with Radar,0,3,7,1,11,0,0,4,1,5,0,3,11,2,16,0,0,0,16
09/12/2019,ALO,IA,ACE,CE,Combined TRACON& Tower with Radar,0,4,3,0,7,0,1,1,0,2,0,5,4,0,9,0,0,0,9
09/13/2019,ALO,IA,ACE,CE,Combined TRACON& Tower with Radar,0,4,11,0,15,0,0,12,0,12,0,4,23,0,27,0,0,0,27
09/14/2019,ALO,IA,ACE,CE,Combined TRACON& Tower with Radar,0,2,1,0,3,0,0,18,0,18,0,2,19,0,21,8,0,8,29
09/15/2019,ALO,IA,ACE,CE,Combined TRACON& Tower with Radar,0,4,5,0,9,0,1,9,0,10,0,5,14,0,19,0,0,0,19
09/16/2019,ALO,IA,ACE,CE,Combined TRACON& Tower with Radar,0,3,18,0,21,0,0,42,0,42,0,3,60,0,63,40,2,42,105
09/17/2019,ALO,IA,ACE,CE,Combined TRACON& Tower with Radar,0,3,23,0,26,0,1,28,4,33,0,4,51,4,59,40,0,40,99
09/18/2019,ALO,IA,ACE,CE,Combined TRACON& Tower with Radar,0,5,20,3,28,0,0,25,6,31,0,5,45,9,59,2,6,8,67
09/19/2019,ALO,IA,ACE,CE,Combined TRACON& Tower with Radar,0,3,18,2,23,0,0,6,2,8,0,3,24,4,31,14,10,24,55
09/20/2019,ALO,IA,ACE,CE,Combined TRACON& Tower with Radar,1,3,15,0,19,0,0,30,1,31,1,3,45,1,50,16,0,16,66
09/21/2019,ALO,IA,ACE,CE,Combined TRACON& Tower with Radar,0,2,7,0,9,0,0,4,0,4,0,2,11,0,13,22,0,22,35
09/22/2019,ALO,IA,ACE,CE,Combined TRACON& Tower with Radar,0,3,11,0,14,0,0,0,0,0,0,3,11,0,14,0,0,0,14
09/23/2019,ALO,IA,ACE,CE,Combined TRACON& Tower with Radar,0,5,24,0,29,0,0,32,3,35,0,5,56,3,64,36,0,36,100
09/24/2019,ALO,IA,ACE,CE,Combined TRACON& Tower with Radar,0,5,22,5,32,0,0,22,7,29,0,5,44,12,61,22,0,22,83
09/25/2019,ALO,IA,ACE,CE,Combined TRACON& Tower with Radar,0,3,11,7,21,0,0,22,3,25,0,3,33,10,46,0,0,0,46
09/26/2019,ALO,IA,ACE,CE,Combined TRACON& Tower with Radar,0,6,21,3,30,0,0,19,1,20,0,6,40,4,50,32,0,32,82
09/27/2019,ALO,IA,ACE,CE,Combined TRACON& Tower with Radar,2,1,17,0,20,0,0,2,0,2,2,1,19,0,22,0,0,0,22
09/28/2019,ALO,IA,ACE,CE,Combined TRACON& Tower with Radar,0,3,4,0,7,0,0,25,0,25,0,3,29,0,32,0,0,0,32
09/29/2019,ALO,IA,ACE,CE,Combined TRACON& Tower with Radar,0,3,10,0,13,0,0,0,0,0,0,3,10,0,13,0,0,0,13
09/30/2019,ALO,IA,ACE,CE,Combined TRACON& Tower with Radar,0,3,10,0,13,0,0,10,1,11,0,3,20,1,24,26,0,26,50
10/01/2019,ALO,IA,ACE,CE,Combined TRACON& Tower with Radar,0,9,12,0,21,0,0,0,0,0,0,9,12,0,21,0,0,0,21
10/02/2019,ALO,IA,ACE,CE,Combined TRACON& Tower with Radar,0,6,18,0,24,0,0,0,0,0,0,6,18,0,24,0,0,0,24
10/03/2019,ALO,IA,ACE,CE,Combined TRACON& Tower with Radar,0,6,14,0,20,0,0,7,1,8,0,6,21,1,28,86,0,86,114
10/04/2019,ALO,IA,ACE,CE,Combined TRACON& Tower with Radar,1,3,8,0,12,0,0,32,0,32,1,3,40,0,44,44,0,44,88
10/05/2019,ALO,IA,ACE,CE,Combined TRACON& Tower with Radar,0,3,10,0,13,0,0,0,0,0,0,3,10,0,13,0,0,0,13
10/06/2019,ALO,IA,ACE,CE,Combined TRACON& Tower with Radar,0,3,11,0,14,0,0,20,0,20,0,3,31,0,34,20,0,20,54
10/07/2019,ALO,IA,ACE,CE,Combined TRACON& Tower with Radar,2,3,10,0,15,0,0,23,0,23,2,3,33,0,38,18,0,18,56
10/08/2019,ALO,IA,ACE,CE,Combined TRACON& Tower with Radar,0,3,15,5,23,0,0,9,5,14,0,3,24,10,37,16,8,24,61
10/09/2019,ALO,IA,ACE,CE,Combined TRACON& Tower with Radar,0,7,13,2,22,0,0,18,3,21,0,7,31,5,43,22,2,24,67
10/10/2019,ALO,IA,ACE,CE,Combined TRACON& Tower with Radar,0,3,10,0,13,0,0,2,0,2,0,3,12,0,15,0,0,0,15
10/11/2019,ALO,IA,ACE,CE,Combined TRACON& Tower with Radar,2,6,4,0,12,0,0,6,0,6,2,6,10,0,18,0,0,0,18
10/12/2019,ALO,IA,ACE,CE,Combined TRACON& Tower with Radar,1,4,7,0,12,0,0,1,0,1,1,4,8,0,13,8,0,8,21
10/13/2019,ALO,IA,ACE,CE,Combined TRACON& Tower with Radar,0,3,1,0,4,0,0,6,0,6,0,3,7,0,10,0,0,0,10
10/14/2019,ALO,IA,ACE,CE,Combined TRACON& Tower with Radar,0,3,13,0,16,0,0,38,1,39,0,3,51,1,55,54,0,54,109
10/15/2019,ALO,IA,ACE,CE,Combined TRACON& Tower with Radar,0,4,27,0,31,0,0,15,0,15,0,4,42,0,46,8,0,8,54
10/16/2019,ALO,IA,ACE,CE,Combined TRACON& Tower with Radar,0,4,11,1,16,0,0,19,10,29,0,4,30,11,45,72,6,78,123
10/17/2019,ALO,IA,ACE,CE,Combined TRACON& Tower with Radar,0,3,22,0,25,0,0,46,4,50,0,3,68,4,75,62,4,66,141
10/18/2019,ALO,IA,ACE,CE,Combined TRACON& Tower with Radar,0,7,12,0,19,0,0,14,3,17,0,7,26,3,36,2,0,2,38
10/19/2019,ALO,IA,ACE,CE,Combined TRACON& Tower with Radar,0,2,4,3,9,0,0,17,5,22,0,2,21,8,31,0,8,8,39
10/20/2019,ALO,IA,ACE,CE,Combined TRACON& Tower with Radar,0,3,9,0,12,0,0,30,4,34,0,3,39,4,46,22,2,24,70
10/21/2019,ALO,IA,ACE,CE,Combined TRACON& Tower with Radar,0,3,6,0,9,0,0,2,0,2,0,3,8,0,11,10,0,10,21
10/22/2019,ALO,IA,ACE,CE,Combined TRACON& Tower with Radar,0,5,19,0,24,0,0,4,1,5,0,5,23,1,29,0,12,12,41
10/23/2019,ALO,IA,ACE,CE,Combined TRACON& Tower with Radar,0,3,7,0,10,0,0,16,8,24,0,3,23,8,34,36,6,42,76
10/24/2019,ALO,IA,ACE,CE,Combined TRACON& Tower with Radar,0,5,24,0,29,0,0,21,15,36,0,5,45,15,65,38,10,48,113
10/25/2019,ALO,IA,ACE,CE,Combined TRACON& Tower with Radar,2,7,18,0,27,0,2,39,4,45,2,9,57,4,72,36,0,36,108
10/26/2019,ALO,IA,ACE,CE,Combined TRACON& Tower with Radar,0,2,8,0,10,0,0,22,0,22,0,2,30,0,32,0,0,0,32
10/27/2019,ALO,IA,ACE,CE,Combined TRACON& Tower with Radar,0,4,13,0,17,0,1,9,0,10,0,5,22,0,27,0,0,0,27
10/28/2019,ALO,IA,ACE,CE,Combined TRACON& Tower with Radar,0,3,16,4,23,0,0,14,0,14,0,3,30,4,37,12,0,12,49
10/29/2019,ALO,IA,ACE,CE,Combined TRACON& Tower with Radar,0,6,23,0,29,0,0,19,1,20,0,6,42,1,49,40,2,42,91
10/30/2019,ALO,IA,ACE,CE,Combined TRACON& Tower with Radar,0,6,3,2,11,0,0,5,12,17,0,6,8,14,28,8,12,20,48
10/31/2019,ALO,IA,ACE,CE,Combined TRACON& Tower with Radar,0,4,16,3,23,0,0,16,5,21,0,4,32,8,44,16,0,16,60
11/01/2019,ALO,IA,ACE,CE,Combined TRACON& Tower with Radar,0,3,3,0,6,0,0,9,2,11,0,3,12,2,17,6,0,6,23
11/02/2019,ALO,IA,ACE,CE,Combined TRACON& Tower with Radar,0,4,11,0,15,0,0,15,0,15,0,4,26,0,30,12,0,12,42
11/03/2019,ALO,IA,ACE,CE,Combined TRACON& Tower with Radar,0,7,12,0,19,0,6,17,1,24,0,13,29,1,43,4,0,4,47
11/04/2019,ALO,IA,ACE,CE,Combined TRACON& Tower with Radar,0,4,21,0,25,0,0,12,0,12,0,4,33,0,37,0,0,0,37
11/05/2019,ALO,IA,ACE,CE,Combined TRACON& Tower with Radar,0,3,19,0,22,0,0,24,12,36,0,3,43,12,58,46,42,88,146
11/06/2019,ALO,IA,ACE,CE,Combined TRACON& Tower with Radar,0,3,11,7,21,0,0,12,9,21,0,3,23,16,42,12,2,14,56
11/07/2019,ALO,IA,ACE,CE,Combined TRACON& Tower with Radar,0,5,20,0,25,0,0,17,0,17,0,5,37,0,42,0,0,0,42
11/08/2019,ALO,IA,ACE,CE,Combined TRACON& Tower with Radar,0,3,18,0,21,0,0,17,2,19,0,3,35,2,40,2,0,2,42
11/09/2019,ALO,IA,ACE,CE,Combined TRACON& Tower with Radar,0,2,9,0,11,0,0,22,0,22,0,2,31,0,33,6,0,6,39
11/10/2019,ALO,IA,ACE,CE,Combined TRACON& Tower with Radar,0,6,2,0,8,0,0,0,0,0,0,6,2,0,8,0,0,0,8
11/11/2019,ALO,IA,ACE,CE,Combined TRACON& Tower with Radar,0,1,4,0,5,0,0,3,0,3,0,1,7,0,8,0,0,0,8
11/12/2019,ALO,IA,ACE,CE,Combined TRACON& Tower with Radar,0,2,16,0,18,0,0,20,3,23,0,2,36,3,41,24,0,24,65
11/13/2019,ALO,IA,ACE,CE,Combined TRACON& Tower with Radar,0,3,8,0,11,0,0,0,0,0,0,3,8,0,11,0,0,0,11
11/14/2019,ALO,IA,ACE,CE,Combined TRACON& Tower with Radar,0,3,10,3,16,0,0,13,13,26,0,3,23,16,42,48,16,64,106
11/15/2019,ALO,IA,ACE,CE,Combined TRACON& Tower with Radar,0,6,11,1,18,0,0,22,16,38,0,6,33,17,56,48,22,70,126
11/16/2019,ALO,IA,ACE,CE,Combined TRACON& Tower with Radar,0,2,12,0,14,0,0,26,18,44,0,2,38,18,58,24,5,29,87
11/17/2019,ALO,IA,ACE,CE,Combined TRACON& Tower with Radar,0,5,6,3,14,0,0,0,0,0,0,5,6,3,14,0,0,0,14
11/18/2019,ALO,IA,ACE,CE,Combined TRACON& Tower with Radar,0,4,6,0,10,0,0,1,1,2,0,4,7,1,12,0,0,0,12
11/19/2019,ALO,IA,ACE,CE,Combined TRACON& Tower with Radar,0,6,10,0,16,0,0,10,2,12,0,6,20,2,28,10,0,10,38
11/20/2019,ALO,IA,ACE,CE,Combined TRACON& Tower with Radar,0,9,32,3,44,0,5,25,4,34,0,14,57,7,78,12,0,12,90
11/21/2019,ALO,IA,ACE,CE,Combined TRACON& Tower with Radar,0,3,5,0,8,0,0,2,9,11,0,3,7,9,19,0,6,6,25
11/22/2019,ALO,IA,ACE,CE,Combined TRACON& Tower with Radar,0,3,20,0,23,0,0,38,1,39,0,3,58,1,62,6,0,6,68
11/23/2019,ALO,IA,ACE,CE,Combined TRACON& Tower with Radar,0,3,9,0,12,0,0,23,0,23,0,3,32,0,35,16,0,16,51
11/24/2019,ALO,IA,ACE,CE,Combined TRACON& Tower with Radar,0,3,20,0,23,0,0,35,0,35,0,3,55,0,58,34,0,34,92
11/25/2019,ALO,IA,ACE,CE,Combined TRACON& Tower with Radar,0,3,19,0,22,0,0,25,0,25,0,3,44,0,47,6,0,6,53
11/26/2019,ALO,IA,ACE,CE,Combined TRACON& Tower with Radar,0,3,10,1,14,0,0,0,0,0,0,3,10,1,14,0,0,0,14
11/27/2019,ALO,IA,ACE,CE,Combined TRACON& Tower with Radar,0,5,1,0,6,0,0,0,0,0,0,5,1,0,6,0,0,0,6
11/28/2019,ALO,IA,ACE,CE,Combined TRACON& Tower with Radar,1,2,0,0,3,0,0,0,0,0,1,2,0,0,3,0,0,0,3
11/29/2019,ALO,IA,ACE,CE,Combined TRACON& Tower with Radar,0,4,0,0,4,0,0,0,0,0,0,4,0,0,4,0,0,0,4
11/30/2019,ALO,IA,ACE,CE,Combined TRACON& Tower with Radar,2,5,3,0,10,0,0,0,0,0,2,5,3,0,10,0,0,0,10
12/01/2019,ALO,IA,ACE,CE,Combined TRACON& Tower with Radar,0,6,1,0,7,0,0,0,0,0,0,6,1,0,7,0,0,0,7
12/02/2019,ALO,IA,ACE,CE,Combined TRACON& Tower with Radar,0,6,9,0,15,0,0,25,0,25,0,6,34,0,40,10,0,10,50
12/03/2019,ALO,IA,ACE,CE,Combined TRACON& Tower with Radar,0,3,16,3,22,0,0,31,11,42,0,3,47,14,64,38,2,40,104
12/04/2019,ALO,IA,ACE,CE,Combined TRACON& Tower with Radar,0,4,23,4,31,0,0,35,1,36,0,4,58,5,67,48,0,48,115
12/05/2019,ALO,IA,ACE,CE,Combined TRACON& Tower with Radar,0,4,19,0,23,0,0,42,7,49,0,4,61,7,72,21,0,21,93
12/06/2019,ALO,IA,ACE,CE,Combined TRACON& Tower with Radar,0,3,19,1,23,0,0,18,11,29,0,3,37,12,52,16,8,24,76
12/07/2019,ALO,IA,ACE,CE,Combined TRACON& Tower with Radar,0,2,14,1,17,0,0,40,29,69,0,2,54,30,86,16,32,48,134
12/08/2019,ALO,IA,ACE,CE,Combined TRACON& Tower with Radar,0,5,9,0,14,0,4,21,1,26,0,9,30,1,40,24,0,24,64
12/09/2019,ALO,IA,ACE,CE,Combined TRACON& Tower with Radar,0,5,19,0,24,0,0,0,0,0,0,5,19,0,24,14,0,14,38
12/10/2019,ALO,IA,ACE,CE,Combined TRACON& Tower with Radar,0,4,13,6,23,0,7,14,3,24,0,11,27,9,47,20,0,20,67
12/11/2019,ALO,IA,ACE,CE,Combined TRACON& Tower with Radar,0,5,14,1,20,0,0,11,2,13,0,5,25,3,33,0,0,0,33
12/12/2019,ALO,IA,ACE,CE,Combined TRACON& Tower with Radar,2,3,19,1,25,0,0,1,13,14,2,3,20,14,39,0,12,12,51
12/13/2019,ALO,IA,ACE,CE,Combined TRACON& Tower with Radar,0,3,4,0,7,0,0,0,0,0,0,3,4,0,7,0,0,0,7
12/14/2019,ALO,IA,ACE,CE,Combined TRACON& Tower with Radar,2,2,4,0,8,0,0,12,0,12,2,2,16,0,20,20,0,20,40
12/15/2019,ALO,IA,ACE,CE,Combined TRACON& Tower with Radar,0,5,3,0,8,0,0,17,2,19,0,5,20,2,27,2,0,2,29
12/16/2019,ALO,IA,ACE,CE,Combined TRACON& Tower with Radar,0,5,13,0,18,0,0,22,6,28,0,5,35,6,46,12,0,12,58
12/17/2019,ALO,IA,ACE,CE,Combined TRACON& Tower with Radar,0,3,26,0,29,0,0,10,0,10,0,3,36,0,39,8,0,8,47
12/18/2019,ALO,IA,ACE,CE,Combined TRACON& Tower with Radar,0,6,21,5,32,0,0,34,3,37,0,6,55,8,69,0,0,0,69
12/19/2019,ALO,IA,ACE,CE,Combined TRACON& Tower with Radar,0,3,21,1,25,0,1,29,6,36,0,4,50,7,61,26,12,38,99
12/20/2019,ALO,IA,ACE,CE,Combined TRACON& Tower with Radar,0,3,22,0,25,0,0,38,0,38,0,3,60,0,63,23,0,23,86
12/21/2019,ALO,IA,ACE,CE,Combined TRACON& Tower with Radar,0,3,9,0,12,0,0,27,0,27,0,3,36,0,39,12,0,12,51
12/22/2019,ALO,IA,ACE,CE,Combined TRACON& Tower with Radar,0,5,11,0,16,0,0,19,0,19,0,5,30,0,35,20,0,20,55
12/23/2019,ALO,IA,ACE,CE,Combined TRACON& Tower with Radar,0,3,7,0,10,0,0,26,0,26,0,3,33,0,36,30,0,30,66
12/24/2019,ALO,IA,ACE,CE,Combined TRACON& Tower with Radar,0,4,4,0,8,0,0,10,0,10,0,4,14,0,18,20,0,20,38
12/25/2019,ALO,IA,ACE,CE,Combined TRACON& Tower with Radar,0,4,2,0,6,0,0,6,0,6,0,4,8,0,12,0,0,0,12
12/26/2019,ALO,IA,ACE,CE,Combined TRACON& Tower with Radar,0,7,7,0,14,0,0,1,0,1,0,7,8,0,15,0,0,0,15
12/27/2019,ALO,IA,ACE,CE,Combined TRACON& Tower with Radar,0,3,2,0,5,0,2,25,0,27,0,5,27,0,32,32,0,32,64
12/28/2019,ALO,IA,ACE,CE,Combined TRACON& Tower with Radar,0,3,3,0,6,0,0,0,0,0,0,3,3,0,6,0,0,0,6
12/29/2019,ALO,IA,ACE,CE,Combined TRACON& Tower with Radar,0,3,4,0,7,0,0,0,0,0,0,3,4,0,7,10,0,10,17
12/30/2019,ALO,IA,ACE,CE,Combined TRACON& Tower with Radar,0,3,0,0,3,0,0,0,0,0,0,3,0,0,3,0,0,0,3
12/31/2019,ALO,IA,ACE,CE,Combined TRACON& Tower with Radar,0,2,2,0,4,0,0,13,0,13,0,2,15,0,17,24,0,24,41
01/01/2020,ALO,IA,ACE,CE,Combined TRACON& Tower with Radar,0,3,6,0,9,0,0,22,0,22,0,3,28,0,31,8,0,8,39
01/02/2020,ALO,IA,ACE,CE,Combined TRACON& Tower with Radar,0,3,11,3,17,0,0,14,2,16,0,3,25,5,33,6,0,6,39
01/03/2020,ALO,IA,ACE,CE,Combined TRACON& Tower with Radar,0,3,8,0,11,0,0,1,0,1,0,3,9,0,12,0,0,0,12
01/04/2020,ALO,IA,ACE,CE,Combined TRACON& Tower with Radar,0,5,2,0,7,0,0,1,0,1,0,5,3,0,8,0,0,0,8
01/05/2020,ALO,IA,ACE,CE,Combined TRACON& Tower with Radar,0,3,0,0,3,0,0,2,0,2,0,3,2,0,5,0,0,0,5
01/06/2020,ALO,IA,ACE,CE,Combined TRACON& Tower with Radar,0,3,17,0,20,0,0,30,0,30,0,3,47,0,50,46,0,46,96
01/07/2020,ALO,IA,ACE,CE,Combined TRACON& Tower with Radar,0,3,25,0,28,0,0,27,1,28,0,3,52,1,56,42,0,42,98
01/08/2020,ALO,IA,ACE,CE,Combined TRACON& Tower with Radar,0,3,16,1,20,0,0,22,4,26,0,3,38,5,46,32,6,38,84
01/09/2020,ALO,IA,ACE,CE,Combined TRACON& Tower with Radar,0,3,17,3,23,0,0,20,7,27,0,3,37,10,50,26,4,30,80
01/10/2020,ALO,IA,ACE,CE,Combined TRACON& Tower with Radar,0,5,6,0,11,0,0,6,4,10,0,5,12,4,21,8,2,10,31
01/11/2020,ALO,IA,ACE,CE,Combined TRACON& Tower with Radar,0,2,0,0,2,0,0,10,3,13,0,2,10,3,15,0,0,0,15
01/12/2020,ALO,IA,ACE,CE,Combined TRACON& Tower with Radar,0,4,4,0,8,0,0,2,4,6,0,4,6,4,14,0,0,0,14
01/13/2020,ALO,IA,ACE,CE,Combined TRACON& Tower with Radar,0,4,9,0,13,0,0,3,0,3,0,4,12,0,16,0,0,0,16
01/14/2020,ALO,IA,ACE,CE,Combined TRACON& Tower with Radar,0,4,10,1,15,0,0,8,6,14,0,4,18,7,29,26,4,30,59
01/15/2020,ALO,IA,ACE,CE,Combined TRACON& Tower with Radar,0,4,18,0,22,0,0,0,4,4,0,4,18,4,26,0,14,14,40
01/16/2020,ALO,IA,ACE,CE,Combined TRACON& Tower with Radar,0,3,28,0,31,0,0,33,7,40,0,3,61,7,71,2,4,6,77
01/17/2020,ALO,IA,ACE,CE,Combined TRACON& Tower with Radar,0,5,1,0,6,0,0,3,0,3,0,5,4,0,9,0,0,0,9
01/18/2020,ALO,IA,ACE,CE,Combined TRACON& Tower with Radar,0,1,1,0,2,0,0,0,0,0,0,1,1,0,2,0,0,0,2
01/19/2020,ALO,IA,ACE,CE,Combined TRACON& Tower with Radar,0,3,1,0,4,0,0,5,0,5,0,3,6,0,9,0,0,0,9
01/20/2020,ALO,IA,ACE,CE,Combined TRACON& Tower with Radar,0,3,4,0,7,0,0,13,0,13,0,3,17,0,20,4,0,4,24
01/21/2020,ALO,IA,ACE,CE,Combined TRACON& Tower with Radar,0,5,7,0,12,0,0,11,0,11,0,5,18,0,23,16,0,16,39
01/22/2020,ALO,IA,ACE,CE,Combined TRACON& Tower with Radar,0,5,16,0,21,0,0,0,0,0,0,5,16,0,21,0,0,0,21
01/23/2020,ALO,IA,ACE,CE,Combined TRACON& Tower with Radar,0,5,1,0,6,0,0,0,0,0,0,5,1,0,6,0,0,0,6
01/24/2020,ALO,IA,ACE,CE,Combined TRACON& Tower with Radar,0,3,2,0,5,0,0,0,0,0,0,3,2,0,5,0,0,0,5
01/25/2020,ALO,IA,ACE,CE,Combined TRACON& Tower with Radar,0,2,1,0,3,0,0,2,0,2,0,2,3,0,5,6,0,6,11
01/26/2020,ALO,IA,ACE,CE,Combined TRACON& Tower with Radar,0,4,2,0,6,0,0,0,0,0,0,4,2,0,6,0,0,0,6
01/27/2020,ALO,IA,ACE,CE,Combined TRACON& Tower with Radar,0,3,3,2,8,0,0,0,0,0,0,3,3,2,8,0,0,0,8
01/28/2020,ALO,IA,ACE,CE,Combined TRACON& Tower with Radar,0,3,12,3,18,0,0,0,0,0,0,3,12,3,18,0,0,0,18
01/29/2020,ALO,IA,ACE,CE,Combined TRACON& Tower with Radar,0,4,4,0,8,0,0,0,9,9,0,4,4,9,17,0,36,36,53
01/30/2020,ALO,IA,ACE,CE,Combined TRACON& Tower with Radar,0,7,8,0,15,0,0,1,0,1,0,7,9,0,16,2,6,8,24
01/31/2020,ALO,IA,ACE,CE,Combined TRACON& Tower with Radar,0,5,4,0,9,0,0,0,0,0,0,5,4,0,9,0,0,0,9
02/01/2020,ALO,IA,ACE,CE,Combined TRACON& Tower with Radar,0,3,9,0,12,0,0,15,0,15,0,3,24,0,27,10,0,10,37
02/02/2020,ALO,IA,ACE,CE,Combined TRACON& Tower with Radar,0,3,11,0,14,0,0,33,0,33,0,3,44,0,47,44,0,44,91
02/03/2020,ALO,IA,ACE,CE,Combined TRACON& Tower with Radar,0,3,9,0,12,0,0,30,0,30,0,3,39,0,42,46,0,46,88
02/04/2020,ALO,IA,ACE,CE,Combined TRACON& Tower with Radar,0,5,20,1,26,0,0,10,4,14,0,5,30,5,40,12,0,12,52
02/05/2020,ALO,IA,ACE,CE,Combined TRACON& Tower with Radar,0,3,31,3,37,0,0,26,12,38,0,3,57,15,75,37,12,49,124
02/06/2020,ALO,IA,ACE,CE,Combined TRACON& Tower with Radar,0,6,10,0,16,1,0,28,16,45,1,6,38,16,61,72,18,90,151
02/07/2020,ALO,IA,ACE,CE,Combined TRACON& Tower with Radar,0,2,4,0,6,0,0,0,5,5,0,2,4,5,11,0,14,14,25
02/08/2020,ALO,IA,ACE,CE,Combined TRACON& Tower with Radar,0,1,12,0,13,0,0,42,15,57,0,1,54,15,70,20,0,20,90
02/09/2020,ALO,IA,ACE,CE,Combined TRACON& Tower with Radar,0,3,2,0,5,0,0,0,0,0,0,3,2,0,5,0,0,0,5
02/10/2020,ALO,IA,ACE,CE,Combined TRACON& Tower with Radar,0,2,6,0,8,0,0,23,0,23,0,2,29,0,31,16,0,16,47
02/11/2020,ALO,IA,ACE,CE,Combined TRACON& Tower with Radar,0,4,24,0,28,0,0,23,0,23,0,4,47,0,51,34,0,34,85
02/12/2020,ALO,IA,ACE,CE,Combined TRACON& Tower with Radar,0,7,10,3,20,0,0,22,5,27,0,7,32,8,47,10,12,22,69
02/13/2020,ALO,IA,ACE,CE,Combined TRACON& Tower with Radar,0,3,8,0,11,0,0,3,2,5,0,3,11,2,16,0,0,0,16
02/14/2020,ALO,IA,ACE,CE,Combined TRACON& Tower with Radar,0,3,11,0,14,0,1,27,0,28,0,4,38,0,42,30,0,30,72
02/15/2020,ALO,IA,ACE,CE,Combined TRACON& Tower with Radar,0,5,2,0,7,0,0,15,0,15,0,5,17,0,22,14,0,14,36
02/16/2020,ALO,IA,ACE,CE,Combined TRACON& Tower with Radar,0,5,7,0,12,0,0,9,0,9,0,5,16,0,21,48,0,48,69
02/17/2020,ALO,IA,ACE,CE,Combined TRACON& Tower with Radar,0,3,3,0,6,0,0,0,0,0,0,3,3,0,6,0,0,0,6
02/18/2020,ALO,IA,ACE,CE,Combined TRACON& Tower with Radar,0,5,8,0,13,0,0,22,2,24,0,5,30,2,37,30,0,30,67
02/19/2020,ALO,IA,ACE,CE,Combined TRACON& Tower with Radar,0,7,15,0,22,0,0,16,9,25,0,7,31,9,47,22,12,34,81
02/20/2020,ALO,IA,ACE,CE,Combined TRACON& Tower with Radar,0,4,20,0,24,0,0,19,4,23,0,4,39,4,47,22,4,26,73
02/21/2020,ALO,IA,ACE,CE,Combined TRACON& Tower with Radar,0,3,13,0,16,0,0,13,5,18,0,3,26,5,34,0,0,0,34
02/22/2020,ALO,IA,ACE,CE,Combined TRACON& Tower with Radar,0,5,6,0,11,0,0,42,0,42,0,5,48,0,53,30,0,30,83
02/23/2020,ALO,IA,ACE,CE,Combined TRACON& Tower with Radar,0,4,15,0,19,0,0,33,0,33,0,4,48,0,52,32,0,32,84
02/24/2020,ALO,IA,ACE,CE,Combined TRACON& Tower with Radar,0,3,16,0,19,0,0,16,3,19,0,3,32,3,38,6,0,6,44
02/25/2020,ALO,IA,ACE,CE,Combined TRACON& Tower with Radar,0,4,13,0,17,0,1,16,6,23,0,5,29,6,40,0,0,0,40
02/26/2020,ALO,IA,ACE,CE,Combined TRACON& Tower with Radar,0,3,12,1,16,0,0,9,2,11,0,3,21,3,27,16,2,18,45
02/27/2020,ALO,IA,ACE,CE,Combined TRACON& Tower with Radar,0,3,18,0,21,0,0,17,6,23,0,3,35,6,44,0,0,0,44
02/28/2020,ALO,IA,ACE,CE,Combined TRACON& Tower with Radar,0,3,8,0,11,0,0,25,0,25,0,3,33,0,36,0,0,0,36
02/29/2020,ALO,IA,ACE,CE,Combined TRACON& Tower with Radar,0,3,24,0,27,0,0,28,0,28,0,3,52,0,55,26,0,26,81
03/01/2020,ALO,IA,ACE,CE,Combined TRACON& Tower with Radar,0,3,11,0,14,0,0,31,0,31,0,3,42,0,45,12,0,12,57
03/02/2020,ALO,IA,ACE,CE,Combined TRACON& Tower with Radar,0,5,9,0,14,0,0,28,0,28,0,5,37,0,42,58,0,58,100
03/03/2020,ALO,IA,ACE,CE,Combined TRACON& Tower with Radar,0,2,20,0,22,0,0,15,2,17,0,2,35,2,39,44,0,44,83
03/04/2020,ALO,IA,ACE,CE,Combined TRACON& Tower with Radar,0,3,19,1,23,0,0,37,13,50,0,3,56,14,73,24,2,26,99
03/05/2020,ALO,IA,ACE,CE,Combined TRACON& Tower with Radar,0,3,14,0,17,0,0,4,2,6,0,3,18,2,23,0,0,0,23
03/06/2020,ALO,IA,ACE,CE,Combined TRACON& Tower with Radar,0,3,8,0,11,0,0,46,4,50,0,3,54,4,61,38,0,38,99
03/07/2020,ALO,IA,ACE,CE,Combined TRACON& Tower with Radar,0,3,9,0,12,0,0,15,0,15,0,3,24,0,27,4,0,4,31
03/08/2020,ALO,IA,ACE,CE,Combined TRACON& Tower with Radar,0,3,7,0,10,0,0,5,0,5,0,3,12,0,15,0,0,0,15
03/09/2020,ALO,IA,ACE,CE,Combined TRACON& Tower with Radar,0,3,4,0,7,0,0,0,0,0,0,3,4,0,7,0,0,0,7
03/10/2020,ALO,IA,ACE,CE,Combined TRACON& Tower with Radar,0,3,16,1,20,0,0,40,1,41,0,3,56,2,61,68,0,68,129
03/11/2020,ALO,IA,ACE,CE,Combined TRACON& Tower with Radar,0,5,2,0,7,0,0,8,4,12,0,5,10,4,19,8,0,8,27
03/12/2020,ALO,IA,ACE,CE,Combined TRACON& Tower with Radar,0,5,4,3,12,0,0,5,12,17,0,5,9,15,29,0,10,10,39
03/13/2020,ALO,IA,ACE,CE,Combined TRACON& Tower with Radar,0,3,24,1,28,0,0,42,3,45,0,3,66,4,73,18,2,20,93
03/14/2020,ALO,IA,ACE,CE,Combined TRACON& Tower with Radar,0,3,7,0,10,0,0,1,8,9,0,3,8,8,19,0,0,0,19
03/15/2020,ALO,IA,ACE,CE,Combined TRACON& Tower with Radar,0,4,5,0,9,0,0,11,30,41,0,4,16,30,50,0,14,14,64
03/16/2020,ALO,IA,ACE,CE,Combined TRACON& Tower with Radar,0,3,9,0,12,0,0,0,0,0,0,3,9,0,12,0,0,0,12
03/17/2020,ALO,IA,ACE,CE,Combined TRACON& Tower with Radar,0,5,17,0,22,0,0,52,5,57,0,5,69,5,79,62,0,62,141
03/18/2020,ALO,IA,ACE,CE,Combined TRACON& Tower with Radar,0,3,2,0,5,0,0,0,0,0,0,3,2,0,5,0,0,0,5
03/19/2020,ALO,IA,ACE,CE,Combined TRACON& Tower with Radar,0,3,0,0,3,0,0,0,0,0,0,3,0,0,3,0,0,0,3
03/20/2020,ALO,IA,ACE,CE,Combined TRACON& Tower with Radar,0,3,2,1,6,0,0,2,1,3,0,3,4,2,9,0,6,6,15
03/21/2020,ALO,IA,ACE,CE,Combined TRACON& Tower with Radar,0,3,6,0,9,0,0,26,0,26,0,3,32,0,35,14,0,14,49
03/22/2020,ALO,IA,ACE,CE,Combined TRACON& Tower with Radar,0,3,3,0,6,0,0,6,0,6,0,3,9,0,12,0,0,0,12
03/23/2020,ALO,IA,ACE,CE,Combined TRACON& Tower with Radar,0,3,4,0,7,0,0,0,0,0,0,3,4,0,7,0,0,0,7
03/24/2020,ALO,IA,ACE,CE,Combined TRACON& Tower with Radar,0,4,2,2,8,0,0,4,6,10,0,4,6,8,18,0,6,6,24
03/25/2020,ALO,IA,ACE,CE,Combined TRACON& Tower with Radar,0,3,0,5,8,0,0,0,10,10,0,3,0,15,18,0,28,28,46
03/26/2020,ALO,IA,ACE,CE,Combined TRACON& Tower with Radar,0,2,0,2,4,0,0,2,1,3,0,2,2,3,7,0,0,0,7
03/27/2020,ALO,IA,ACE,CE,Combined TRACON& Tower with Radar,0,0,7,0,7,0,0,12,7,19,0,0,19,7,26,6,14,20,46
03/28/2020,ALO,IA,ACE,CE,Combined TRACON& Tower with Radar,0,1,8,0,9,0,0,0,0,0,0,1,8,0,9,0,0,0,9
03/29/2020,ALO,IA,ACE,CE,Combined TRACON& Tower with Radar,0,3,0,0,3,0,0,0,0,0,0,3,0,0,3,0,0,0,3
03/30/2020,ALO,IA,ACE,CE,Combined TRACON& Tower with Radar,0,1,12,0,13,0,0,76,0,76,0,1,88,0,89,50,0,50,139
03/31/2020,ALO,IA,ACE,CE,Combined TRACON& Tower with Radar,0,1,10,0,11,0,1,46,3,50,0,2,56,3,61,38,4,42,103
04/01/2020,ALO,IA,ACE,CE,Combined TRACON& Tower with Radar,0,1,5,2,8,0,0,11,20,31,0,1,16,22,39,0,4,4,43
04/02/2020,ALO,IA,ACE,CE,Combined TRACON& Tower with Radar,0,2,9,2,13,0,2,18,9,29,0,4,27,11,42,28,0,28,70
04/03/2020,ALO,IA,ACE,CE,Combined TRACON& Tower with Radar,0,0,3,0,3,0,0,0,0,0,0,0,3,0,3,0,0,0,3
04/04/2020,ALO,IA,ACE,CE,Combined TRACON& Tower with Radar,0,1,5,0,6,0,2,13,0,15,0,3,18,0,21,6,0,6,27
04/05/2020,ALO,IA,ACE,CE,Combined TRACON& Tower with Radar,0,1,4,0,5,0,0,28,0,28,0,1,32,0,33,4,0,4,37
04/06/2020,ALO,IA,ACE,CE,Combined TRACON& Tower with Radar,0,2,3,2,7,0,0,2,0,2,0,2,5,2,9,2,0,2,11
04/07/2020,ALO,IA,ACE,CE,Combined TRACON& Tower with Radar,0,1,5,0,6,0,0,14,0,14,0,1,19,0,20,0,24,24,44
04/08/2020,ALO,IA,ACE,CE,Combined TRACON& Tower with Radar,0,2,1,3,6,0,0,9,5,14,0,2,10,8,20,13,42,55,75
04/09/2020,ALO,IA,ACE,CE,Combined TRACON& Tower with Radar,0,0,1,0,1,0,0,14,4,18,0,0,15,4,19,0,4,4,23
04/10/2020,ALO,IA,ACE,CE,Combined TRACON& Tower with Radar,0,0,4,1,5,0,2,39,5,46,0,2,43,6,51,16,0,16,67
04/11/2020,ALO,IA,ACE,CE,Combined TRACON& Tower with Radar,0,1,1,0,2,0,0,5,0,5,0,1,6,0,7,0,0,0,7
04/12/2020,ALO,IA,ACE,CE,Combined TRACON& Tower with Radar,0,2,0,0,2,0,0,0,0,0,0,2,0,0,2,0,0,0,2
04/13/2020,ALO,IA,ACE,CE,Combined TRACON& Tower with Radar,0,2,4,0,6,0,0,10,0,10,0,2,14,0,16,0,0,0,16
04/14/2020,ALO,IA,ACE,CE,Combined TRACON& Tower with Radar,0,4,4,0,8,0,2,7,0,9,0,6,11,0,17,0,0,0,17
04/15/2020,ALO,IA,ACE,CE,Combined TRACON& Tower with Radar,0,2,10,0,12,0,0,50,12,62,0,2,60,12,74,38,24,62,136
04/16/2020,ALO,IA,ACE,CE,Combined TRACON& Tower with Radar,0,0,6,0,6,0,0,26,4,30,0,0,32,4,36,0,0,0,36
04/17/2020,ALO,IA,ACE,CE,Combined TRACON& Tower with Radar,0,2,7,0,9,0,0,25,3,28,0,2,32,3,37,10,0,10,47
04/18/2020,ALO,IA,ACE,CE,Combined TRACON& Tower with Radar,0,2,3,0,5,0,0,6,0,6,0,2,9,0,11,0,0,0,11
04/19/2020,ALO,IA,ACE,CE,Combined TRACON& Tower with Radar,0,0,7,0,7,0,0,29,0,29,0,0,36,0,36,4,0,4,40
04/20/2020,ALO,IA,ACE,CE,Combined TRACON& Tower with Radar,0,2,5,0,7,0,0,7,0,7,0,2,12,0,14,0,0,0,14
04/21/2020,ALO,IA,ACE,CE,Combined TRACON& Tower with Radar,0,2,3,0,5,0,1,22,3,26,0,3,25,3,31,4,26,30,61
04/22/2020,ALO,IA,ACE,CE,Combined TRACON& Tower with Radar,0,2,2,0,4,0,0,3,8,11,0,2,5,8,15,0,0,0,15
04/23/2020,ALO,IA,ACE,CE,Combined TRACON& Tower with Radar,0,0,7,8,15,0,2,23,20,45,0,2,30,28,60,6,10,16,76
04/24/2020,ALO,IA,ACE,CE,Combined TRACON& Tower with Radar,0,2,14,0,16,0,0,12,0,12,0,2,26,0,28,32,0,32,60
04/25/2020,ALO,IA,ACE,CE,Combined TRACON& Tower with Radar,0,2,4,0,6,0,1,27,0,28,0,3,31,0,34,38,0,38,72
04/26/2020,ALO,IA,ACE,CE,Combined TRACON& Tower with Radar,0,2,7,0,9,0,0,33,0,33,0,2,40,0,42,16,0,16,58
04/27/2020,ALO,IA,ACE,CE,Combined TRACON& Tower with Radar,0,2,9,0,11,0,0,9,0,9,0,2,18,0,20,16,0,16,36
04/28/2020,ALO,IA,ACE,CE,Combined TRACON& Tower with Radar,0,2,9,0,11,0,0,2,1,3,0,2,11,1,14,0,0,0,14
04/29/2020,ALO,IA,ACE,CE,Combined TRACON& Tower with Radar,0,0,3,0,3,0,0,1,0,1,0,0,4,0,4,0,0,0,4
04/30/2020,ALO,IA,ACE,CE,Combined TRACON& Tower with Radar,0,2,12,4,18,0,0,35,1,36,0,2,47,5,54,2,0,2,56
05/01/2020,ALO,IA,ACE,CE,Combined TRACON& Tower with Radar,0,4,9,0,13,0,0,12,7,19,0,4,21,7,32,8,0,8,40
05/02/2020,ALO,IA,ACE,CE,Combined TRACON& Tower with Radar,0,0,2,0,2,0,0,27,0,27,0,0,29,0,29,24,0,24,53
05/03/2020,ALO,IA,ACE,CE,Combined TRACON& Tower with Radar,0,2,2,0,4,0,0,34,0,34,0,2,36,0,38,24,0,24,62
05/04/2020,ALO,IA,ACE,CE,Combined TRACON& Tower with Radar,0,1,4,0,5,0,0,17,1,18,0,1,21,1,23,0,0,0,23
05/05/2020,ALO,IA,ACE,CE,Combined TRACON& Tower with Radar,0,0,3,0,3,0,0,0,0,0,0,0,3,0,3,0,14,14,17
05/06/2020,ALO,IA,ACE,CE,Combined TRACON& Tower with Radar,0,0,6,2,8,0,0,27,9,36,0,0,33,11,44,8,12,20,64
05/07/2020,ALO,IA,ACE,CE,Combined TRACON& Tower with Radar,0,2,5,0,7,0,0,39,8,47,0,2,44,8,54,24,0,24,78
05/08/2020,ALO,IA,ACE,CE,Combined TRACON& Tower with Radar,0,2,5,1,8,0,0,15,4,19,0,2,20,5,27,4,6,10,37
05/09/2020,ALO,IA,ACE,CE,Combined TRACON& Tower with Radar,0,0,4,0,4,0,0,29,0,29,0,0,33,0,33,0,0,0,33
05/10/2020,ALO,IA,ACE,CE,Combined TRACON& Tower with Radar,0,2,1,0,3,0,0,0,0,0,0,2,1,0,3,0,0,0,3
05/11/2020,ALO,IA,ACE,CE,Combined TRACON& Tower with Radar,0,2,1,0,3,0,1,18,0,19,0,3,19,0,22,34,0,34,56
05/12/2020,ALO,IA,ACE,CE,Combined TRACON& Tower with Radar,0,2,15,0,17,0,1,54,1,56,0,3,69,1,73,64,0,64,137
05/13/2020,ALO,IA,ACE,CE,Combined TRACON& Tower with Radar,0,2,9,0,11,0,1,18,1,20,0,3,27,1,31,8,0,8,39
05/14/2020,ALO,IA,ACE,CE,Combined TRACON& Tower with Radar,0,2,8,1,11,0,0,0,6,6,0,2,8,7,17,16,8,24,41
05/15/2020,ALO,IA,ACE,CE,Combined TRACON& Tower with Radar,0,2,14,2,18,0,0,32,2,34,0,2,46,4,52,38,0,38,90
05/16/2020,ALO,IA,ACE,CE,Combined TRACON& Tower with Radar,0,0,1,0,1,0,0,36,0,36,0,0,37,0,37,44,0,44,81
05/17/2020,ALO,IA,ACE,CE,Combined TRACON& Tower with Radar,0,2,7,0,9,0,0,0,0,0,0,2,7,0,9,0,0,0,9
05/18/2020,ALO,IA,ACE,CE,Combined TRACON& Tower with Radar,0,2,9,3,14,0,0,3,3,6,0,2,12,6,20,0,4,4,24
05/19/2020,ALO,IA,ACE,CE,Combined TRACON& Tower with Radar,0,2,25,4,31,0,2,0,0,2,0,4,25,4,33,0,0,0,33
05/20/2020,ALO,IA,ACE,CE,Combined TRACON& Tower with Radar,0,2,26,2,30,0,0,11,6,17,0,2,37,8,47,10,0,10,57
05/21/2020,ALO,IA,ACE,CE,Combined TRACON& Tower with Radar,0,2,17,1,20,0,0,15,1,16,0,2,32,2,36,6,24,30,66
05/22/2020,ALO,IA,ACE,CE,Combined TRACON& Tower with Radar,0,2,23,1,26,0,0,10,0,10,0,2,33,1,36,0,0,0,36
05/23/2020,ALO,IA,ACE,CE,Combined TRACON& Tower with Radar,0,0,0,0,0,0,0,0,0,0,0,0,0,0,0,0,0,0,0
05/24/2020,ALO,IA,ACE,CE,Combined TRACON& Tower with Radar,0,2,1,0,3,0,0,3,0,3,0,2,4,0,6,0,0,0,6
05/25/2020,ALO,IA,ACE,CE,Combined TRACON& Tower with Radar,0,2,9,0,11,0,0,4,0,4,0,2,13,0,15,0,0,0,15
05/26/2020,ALO,IA,ACE,CE,Combined TRACON& Tower with Radar,0,2,15,0,17,0,1,21,1,23,0,3,36,1,40,0,0,0,40
05/27/2020,ALO,IA,ACE,CE,Combined TRACON& Tower with Radar,0,2,18,2,22,0,0,6,8,14,0,2,24,10,36,6,0,6,42
05/28/2020,ALO,IA,ACE,CE,Combined TRACON& Tower with Radar,0,2,8,0,10,0,0,10,7,17,0,2,18,7,27,0,2,2,29
05/29/2020,ALO,IA,ACE,CE,Combined TRACON& Tower with Radar,0,2,16,0,18,0,1,28,0,29,0,3,44,0,47,14,0,14,61
05/30/2020,ALO,IA,ACE,CE,Combined TRACON& Tower with Radar,0,0,9,1,10,0,0,29,2,31,0,0,38,3,41,8,0,8,49
05/31/2020,ALO,IA,ACE,CE,Combined TRACON& Tower with Radar,0,2,14,0,16,0,0,46,0,46,0,2,60,0,62,44,0,44,106
06/01/2020,ALO,IA,ACE,CE,Combined TRACON& Tower with Radar,0,2,4,0,6,0,0,10,0,10,0,2,14,0,16,16,0,16,32
06/02/2020,ALO,IA,ACE,CE,Combined TRACON& Tower with Radar,0,2,11,0,13,0,3,29,9,41,0,5,40,9,54,14,0,14,68
06/03/2020,ALO,IA,ACE,CE,Combined TRACON& Tower with Radar,0,2,23,0,25,0,1,35,8,44,0,3,58,8,69,30,0,30,99
06/04/2020,ALO,IA,ACE,CE,Combined TRACON& Tower with Radar,0,5,9,0,14,0,2,32,3,37,0,7,41,3,51,12,0,12,63
06/05/2020,ALO,IA,ACE,CE,Combined TRACON& Tower with Radar,0,2,8,0,10,0,2,33,0,35,0,4,41,0,45,10,0,10,55
06/06/2020,ALO,IA,ACE,CE,Combined TRACON& Tower with Radar,0,0,5,0,5,0,0,29,0,29,0,0,34,0,34,18,0,18,52
06/07/2020,ALO,IA,ACE,CE,Combined TRACON& Tower with Radar,0,2,2,0,4,0,0,4,0,4,0,2,6,0,8,0,0,0,8
06/08/2020,ALO,IA,ACE,CE,Combined TRACON& Tower with Radar,0,2,10,0,12,0,0,38,0,38,0,2,48,0,50,40,0,40,90
06/09/2020,ALO,IA,ACE,CE,Combined TRACON& Tower with Radar,0,2,5,0,7,0,0,5,0,5,0,2,10,0,12,8,0,8,20
06/10/2020,ALO,IA,ACE,CE,Combined TRACON& Tower with Radar,0,0,5,0,5,0,0,1,2,3,0,0,6,2,8,0,0,0,8
06/11/2020,ALO,IA,ACE,CE,Combined TRACON& Tower with Radar,0,4,13,1,18,0,1,24,4,29,0,5,37,5,47,0,0,0,47
06/12/2020,ALO,IA,ACE,CE,Combined TRACON& Tower with Radar,0,2,15,1,18,0,0,36,2,38,0,2,51,3,56,4,0,4,60
06/13/2020,ALO,IA,ACE,CE,Combined TRACON& Tower with Radar,0,0,3,0,3,0,0,8,0,8,0,0,11,0,11,4,0,4,15
06/14/2020,ALO,IA,ACE,CE,Combined TRACON& Tower with Radar,0,2,7,0,9,0,0,11,0,11,0,2,18,0,20,2,0,2,22
06/15/2020,ALO,IA,ACE,CE,Combined TRACON& Tower with Radar,0,2,7,0,9,0,1,29,0,30,0,3,36,0,39,48,0,48,87
06/16/2020,ALO,IA,ACE,CE,Combined TRACON& Tower with Radar,0,2,12,0,14,0,0,21,0,21,0,2,33,0,35,24,0,24,59
06/17/2020,ALO,IA,ACE,CE,Combined TRACON& Tower with Radar,0,0,16,0,16,0,0,38,11,49,0,0,54,11,65,54,8,62,127
06/18/2020,ALO,IA,ACE,CE,Combined TRACON& Tower with Radar,0,3,18,0,21,0,2,34,1,37,0,5,52,1,58,30,2,32,90
06/19/2020,ALO,IA,ACE,CE,Combined TRACON& Tower with Radar,0,3,10,4,17,0,0,8,3,11,0,3,18,7,28,0,0,0,28
06/20/2020,ALO,IA,ACE,CE,Combined TRACON& Tower with Radar,0,0,5,0,5,0,0,3,0,3,0,0,8,0,8,0,0,0,8
06/21/2020,ALO,IA,ACE,CE,Combined TRACON& Tower with Radar,0,2,4,0,6,0,0,12,0,12,0,2,16,0,18,0,0,0,18
06/22/2020,ALO,IA,ACE,CE,Combined TRACON& Tower with Radar,0,2,7,0,9,0,0,0,0,0,0,2,7,0,9,0,0,0,9
06/23/2020,ALO,IA,ACE,CE,Combined TRACON& Tower with Radar,0,2,14,0,16,0,0,23,0,23,0,2,37,0,39,22,0,22,61
06/24/2020,ALO,IA,ACE,CE,Combined TRACON& Tower with Radar,0,0,13,1,14,0,0,13,2,15,0,0,26,3,29,16,0,16,45
06/25/2020,ALO,IA,ACE,CE,Combined TRACON& Tower with Radar,0,3,18,1,22,0,0,52,4,56,0,3,70,5,78,34,0,34,112
06/26/2020,ALO,IA,ACE,CE,Combined TRACON& Tower with Radar,0,2,11,1,14,0,0,17,1,18,0,2,28,2,32,18,0,18,50
06/27/2020,ALO,IA,ACE,CE,Combined TRACON& Tower with Radar,0,0,14,0,14,0,0,41,6,47,0,0,55,6,61,26,0,26,87
06/28/2020,ALO,IA,ACE,CE,Combined TRACON& Tower with Radar,0,2,1,0,3,0,0,10,0,10,0,2,11,0,13,10,0,10,23
06/29/2020,ALO,IA,ACE,CE,Combined TRACON& Tower with Radar,0,5,18,0,23,0,0,15,0,15,0,5,33,0,38,4,0,4,42
06/30/2020,ALO,IA,ACE,CE,Combined TRACON& Tower with Radar,0,3,19,0,22,0,0,10,2,12,0,3,29,2,34,0,0,0,34
07/01/2020,ALO,IA,ACE,CE,Combined TRACON& Tower with Radar,0,0,15,1,16,0,0,3,0,3,0,0,18,1,19,0,0,0,19
07/02/2020,ALO,IA,ACE,CE,Combined TRACON& Tower with Radar,0,3,16,0,19,0,0,28,1,29,0,3,44,1,48,10,0,10,58
07/03/2020,ALO,IA,ACE,CE,Combined TRACON& Tower with Radar,0,3,8,0,11,0,0,17,0,17,0,3,25,0,28,8,0,8,36
07/04/2020,ALO,IA,ACE,CE,Combined TRACON& Tower with Radar,0,0,1,0,1,0,0,10,0,10,0,0,11,0,11,0,0,0,11
07/05/2020,ALO,IA,ACE,CE,Combined TRACON& Tower with Radar,0,3,6,0,9,0,0,12,0,12,0,3,18,0,21,16,0,16,37
07/06/2020,ALO,IA,ACE,CE,Combined TRACON& Tower with Radar,0,3,17,0,20,0,0,35,2,37,0,3,52,2,57,10,0,10,67
07/07/2020,ALO,IA,ACE,CE,Combined TRACON& Tower with Radar,0,2,16,0,18,0,0,15,1,16,0,2,31,1,34,30,0,30,64
07/08/2020,ALO,IA,ACE,CE,Combined TRACON& Tower with Radar,0,2,7,3,12,0,1,18,6,25,0,3,25,9,37,20,5,25,62
07/09/2020,ALO,IA,ACE,CE,Combined TRACON& Tower with Radar,0,3,10,0,13,0,0,22,2,24,0,3,32,2,37,4,0,4,41
07/10/2020,ALO,IA,ACE,CE,Combined TRACON& Tower with Radar,0,2,17,8,27,0,0,24,2,26,0,2,41,10,53,0,0,0,53
07/11/2020,ALO,IA,ACE,CE,Combined TRACON& Tower with Radar,0,2,4,0,6,0,0,3,0,3,0,2,7,0,9,24,0,24,33
07/12/2020,ALO,IA,ACE,CE,Combined TRACON& Tower with Radar,0,2,6,0,8,0,0,18,0,18,0,2,24,0,26,6,0,6,32
07/13/2020,ALO,IA,ACE,CE,Combined TRACON& Tower with Radar,0,2,6,0,8,0,0,8,0,8,0,2,14,0,16,14,0,14,30
07/14/2020,ALO,IA,ACE,CE,Combined TRACON& Tower with Radar,0,2,4,0,6,0,0,21,3,24,0,2,25,3,30,20,0,20,50
07/15/2020,ALO,IA,ACE,CE,Combined TRACON& Tower with Radar,0,3,13,0,16,0,0,2,0,2,0,3,15,0,18,0,0,0,18
07/16/2020,ALO,IA,ACE,CE,Combined TRACON& Tower with Radar,0,3,11,2,16,0,0,35,9,44,0,3,46,11,60,40,0,40,100
07/17/2020,ALO,IA,ACE,CE,Combined TRACON& Tower with Radar,0,2,14,1,17,0,0,24,0,24,0,2,38,1,41,22,2,24,65
07/18/2020,ALO,IA,ACE,CE,Combined TRACON& Tower with Radar,0,2,1,2,5,0,0,14,19,33,0,2,15,21,38,2,0,2,40
07/19/2020,ALO,IA,ACE,CE,Combined TRACON& Tower with Radar,0,2,4,0,6,0,0,23,0,23,0,2,27,0,29,28,0,28,57
07/20/2020,ALO,IA,ACE,CE,Combined TRACON& Tower with Radar,0,2,8,0,10,0,0,16,0,16,0,2,24,0,26,12,0,12,38
07/21/2020,ALO,IA,ACE,CE,Combined TRACON& Tower with Radar,0,2,12,0,14,0,0,4,0,4,0,2,16,0,18,0,0,0,18
07/22/2020,ALO,IA,ACE,CE,Combined TRACON& Tower with Radar,0,6,12,0,18,0,0,18,0,18,0,6,30,0,36,22,0,22,58
07/23/2020,ALO,IA,ACE,CE,Combined TRACON& Tower with Radar,0,2,11,1,14,0,0,19,2,21,0,2,30,3,35,14,0,14,49
07/24/2020,ALO,IA,ACE,CE,Combined TRACON& Tower with Radar,0,2,6,0,8,0,0,14,0,14,0,2,20,0,22,58,0,58,80
07/25/2020,ALO,IA,ACE,CE,Combined TRACON& Tower with Radar,0,2,5,0,7,0,0,22,0,22,0,2,27,0,29,28,0,28,57
07/26/2020,ALO,IA,ACE,CE,Combined TRACON& Tower with Radar,0,2,7,0,9,0,0,1,0,1,0,2,8,0,10,0,0,0,10
07/27/2020,ALO,IA,ACE,CE,Combined TRACON& Tower with Radar,0,2,9,4,15,0,0,6,28,34,0,2,15,32,49,0,24,24,73
07/28/2020,ALO,IA,ACE,CE,Combined TRACON& Tower with Radar,0,2,15,4,21,0,0,18,10,28,0,2,33,14,49,20,8,28,77
07/29/2020,ALO,IA,ACE,CE,Combined TRACON& Tower with Radar,0,3,11,3,17,0,0,36,19,55,0,3,47,22,72,24,12,36,108
07/30/2020,ALO,IA,ACE,CE,Combined TRACON& Tower with Radar,0,2,10,0,12,0,0,22,3,25,0,2,32,3,37,40,4,44,81
07/31/2020,ALO,IA,ACE,CE,Combined TRACON& Tower with Radar,0,2,2,4,8,0,0,10,2,12,0,2,12,6,20,0,0,0,20
08/01/2020,ALO,IA,ACE,CE,Combined TRACON& Tower with Radar,0,2,3,0,5,0,0,28,0,28,0,2,31,0,33,0,0,0,33
08/02/2020,ALO,IA,ACE,CE,Combined TRACON& Tower with Radar,0,3,6,0,9,0,0,4,0,4,0,3,10,0,13,0,0,0,13
08/03/2020,ALO,IA,ACE,CE,Combined TRACON& Tower with Radar,0,5,16,0,21,0,0,19,0,19,0,5,35,0,40,46,0,46,86
08/04/2020,ALO,IA,ACE,CE,Combined TRACON& Tower with Radar,0,2,10,0,12,0,0,25,0,25,0,2,35,0,37,12,0,12,49
08/05/2020,ALO,IA,ACE,CE,Combined TRACON& Tower with Radar,0,2,9,0,11,0,0,35,2,37,0,2,44,2,48,28,2,30,78
08/06/2020,ALO,IA,ACE,CE,Combined TRACON& Tower with Radar,0,2,13,1,16,0,1,16,0,17,0,3,29,1,33,10,0,10,43
08/07/2020,ALO,IA,ACE,CE,Combined TRACON& Tower with Radar,0,4,13,0,17,0,0,16,1,17,0,4,29,1,34,0,0,0,34
08/08/2020,ALO,IA,ACE,CE,Combined TRACON& Tower with Radar,0,2,8,0,10,0,0,13,1,14,0,2,21,1,24,0,0,0,24
08/09/2020,ALO,IA,ACE,CE,Combined TRACON& Tower with Radar,0,2,5,0,7,0,0,2,1,3,0,2,7,1,10,0,0,0,10
08/10/2020,ALO,IA,ACE,CE,Combined TRACON& Tower with Radar,0,4,13,0,17,0,0,4,0,4,0,4,17,0,21,0,0,0,21
08/11/2020,ALO,IA,ACE,CE,Combined TRACON& Tower with Radar,0,3,11,0,14,0,0,33,4,37,0,3,44,4,51,0,0,0,51
08/12/2020,ALO,IA,ACE,CE,Combined TRACON& Tower with Radar,0,3,12,1,16,0,0,14,1,15,0,3,26,2,31,8,0,8,39
08/13/2020,ALO,IA,ACE,CE,Combined TRACON& Tower with Radar,0,2,6,3,11,0,0,15,2,17,0,2,21,5,28,0,0,0,28
08/14/2020,ALO,IA,ACE,CE,Combined TRACON& Tower with Radar,0,4,9,2,15,0,0,28,3,31,0,4,37,5,46,4,0,4,50
08/15/2020,ALO,IA,ACE,CE,Combined TRACON& Tower with Radar,0,2,4,0,6,0,0,11,0,11,0,2,15,0,17,4,0,4,21
08/16/2020,ALO,IA,ACE,CE,Combined TRACON& Tower with Radar,0,2,2,0,4,0,0,24,0,24,0,2,26,0,28,12,0,12,40
08/17/2020,ALO,IA,ACE,CE,Combined TRACON& Tower with Radar,0,2,10,0,12,0,0,34,0,34,0,2,44,0,46,16,0,16,62
08/18/2020,ALO,IA,ACE,CE,Combined TRACON& Tower with Radar,0,2,11,0,13,0,0,19,0,19,0,2,30,0,32,22,0,22,54
08/19/2020,ALO,IA,ACE,CE,Combined TRACON& Tower with Radar,0,3,12,1,16,0,0,25,7,32,0,3,37,8,48,22,18,40,88
08/20/2020,ALO,IA,ACE,CE,Combined TRACON& Tower with Radar,0,2,13,7,22,0,0,21,4,25,0,2,34,11,47,0,0,0,47
08/21/2020,ALO,IA,ACE,CE,Combined TRACON& Tower with Radar,0,2,4,0,6,0,0,20,1,21,0,2,24,1,27,14,0,14,41
08/22/2020,ALO,IA,ACE,CE,Combined TRACON& Tower with Radar,0,2,0,0,2,0,0,7,0,7,0,2,7,0,9,0,0,0,9
08/23/2020,ALO,IA,ACE,CE,Combined TRACON& Tower with Radar,0,2,6,0,8,0,0,11,1,12,0,2,17,1,20,0,0,0,20
08/24/2020,ALO,IA,ACE,CE,Combined TRACON& Tower with Radar,0,2,2,0,4,0,0,27,5,32,0,2,29,5,36,18,0,18,54
08/25/2020,ALO,IA,ACE,CE,Combined TRACON& Tower with Radar,0,2,16,0,18,0,1,20,2,23,0,3,36,2,41,14,4,18,59
08/26/2020,ALO,IA,ACE,CE,Combined TRACON& Tower with Radar,0,2,0,2,4,0,0,2,12,14,0,2,2,14,18,0,4,4,22
08/27/2020,ALO,IA,ACE,CE,Combined TRACON& Tower with Radar,0,2,11,3,16,0,0,20,3,23,0,2,31,6,39,12,0,12,51
08/28/2020,ALO,IA,ACE,CE,Combined TRACON& Tower with Radar,0,2,0,0,2,0,0,13,19,32,0,2,13,19,34,12,12,24,58
08/29/2020,ALO,IA,ACE,CE,Combined TRACON& Tower with Radar,0,4,3,1,8,0,2,25,20,47,0,6,28,21,55,12,10,22,77
08/30/2020,ALO,IA,ACE,CE,Combined TRACON& Tower with Radar,0,2,2,0,4,0,0,10,7,17,0,2,12,7,21,0,0,0,21
08/31/2020,ALO,IA,ACE,CE,Combined TRACON& Tower with Radar,0,2,8,0,10,0,1,10,0,11,0,3,18,0,21,0,0,0,21
09/01/2020,ALO,IA,ACE,CE,Combined TRACON& Tower with Radar,0,5,13,0,18,0,0,20,3,23,0,5,33,3,41,4,0,4,45
09/02/2020,ALO,IA,ACE,CE,Combined TRACON& Tower with Radar,0,2,13,2,17,0,0,23,0,23,0,2,36,2,40,14,0,14,54
09/03/2020,ALO,IA,ACE,CE,Combined TRACON& Tower with Radar,0,2,3,0,5,0,0,12,3,15,0,2,15,3,20,0,0,0,20
09/04/2020,ALO,IA,ACE,CE,Combined TRACON& Tower with Radar,0,2,18,0,20,0,0,35,0,35,0,2,53,0,55,20,0,20,75
09/05/2020,ALO,IA,ACE,CE,Combined TRACON& Tower with Radar,0,1,4,0,5,0,0,17,0,17,0,1,21,0,22,48,0,48,70
09/06/2020,ALO,IA,ACE,CE,Combined TRACON& Tower with Radar,0,1,1,0,2,0,0,6,0,6,0,1,7,0,8,0,0,0,8
09/07/2020,ALO,IA,ACE,CE,Combined TRACON& Tower with Radar,0,2,4,0,6,0,0,27,0,27,0,2,31,0,33,26,0,26,59
09/08/2020,ALO,IA,ACE,CE,Combined TRACON& Tower with Radar,0,2,5,0,7,0,0,7,2,9,0,2,12,2,16,0,0,0,16
09/09/2020,ALO,IA,ACE,CE,Combined TRACON& Tower with Radar,0,0,15,0,15,0,0,0,2,2,0,0,15,2,17,0,0,0,17
09/10/2020,ALO,IA,ACE,CE,Combined TRACON& Tower with Radar,0,0,17,17,34,0,0,0,0,0,0,0,17,17,34,0,0,0,34
09/11/2020,ALO,IA,ACE,CE,Combined TRACON& Tower with Radar,0,0,14,9,23,0,0,0,0,0,0,0,14,9,23,0,0,0,23
09/12/2020,ALO,IA,ACE,CE,Combined TRACON& Tower with Radar,0,0,17,10,27,0,0,2,2,4,0,0,19,12,31,0,30,30,61
09/13/2020,ALO,IA,ACE,CE,Combined TRACON& Tower with Radar,0,0,11,0,11,0,0,39,0,39,0,0,50,0,50,20,0,20,70
09/14/2020,ALO,IA,ACE,CE,Combined TRACON& Tower with Radar,0,1,8,0,9,0,0,39,0,39,0,1,47,0,48,38,0,38,86
09/15/2020,ALO,IA,ACE,CE,Combined TRACON& Tower with Radar,0,0,18,0,18,0,0,30,0,30,0,0,48,0,48,14,0,14,62
09/16/2020,ALO,IA,ACE,CE,Combined TRACON& Tower with Radar,0,2,15,1,18,0,0,50,4,54,0,2,65,5,72,62,0,62,134
09/17/2020,ALO,IA,ACE,CE,Combined TRACON& Tower with Radar,0,0,15,0,15,0,0,28,4,32,0,0,43,4,47,8,0,8,55
09/18/2020,ALO,IA,ACE,CE,Combined TRACON& Tower with Radar,0,0,16,0,16,0,0,30,1,31,0,0,46,1,47,0,0,0,47
09/19/2020,ALO,IA,ACE,CE,Combined TRACON& Tower with Radar,0,0,2,0,2,0,0,20,1,21,0,0,22,1,23,0,0,0,23
09/20/2020,ALO,IA,ACE,CE,Combined TRACON& Tower with Radar,0,0,13,0,13,0,0,9,0,9,0,0,22,0,22,0,0,0,22
09/21/2020,ALO,IA,ACE,CE,Combined TRACON& Tower with Radar,0,0,13,0,13,0,0,19,0,19,0,0,32,0,32,26,0,26,58
09/22/2020,ALO,IA,ACE,CE,Combined TRACON& Tower with Radar,0,0,11,0,11,0,0,25,0,25,0,0,36,0,36,6,0,6,42
09/23/2020,ALO,IA,ACE,CE,Combined TRACON& Tower with Radar,0,0,7,5,12,0,0,47,3,50,0,0,54,8,62,16,0,16,78
09/24/2020,ALO,IA,ACE,CE,Combined TRACON& Tower with Radar,0,0,17,1,18,0,0,31,7,38,0,0,48,8,56,44,18,62,118
09/25/2020,ALO,IA,ACE,CE,Combined TRACON& Tower with Radar,0,1,13,0,14,0,0,14,0,14,0,1,27,0,28,16,0,16,44
09/26/2020,ALO,IA,ACE,CE,Combined TRACON& Tower with Radar,0,0,18,0,18,0,0,10,0,10,0,0,28,0,28,34,0,34,62
09/27/2020,ALO,IA,ACE,CE,Combined TRACON& Tower with Radar,0,0,2,0,2,0,0,12,0,12,0,0,14,0,14,2,0,2,16
09/28/2020,ALO,IA,ACE,CE,Combined TRACON& Tower with Radar,0,0,4,0,4,0,1,3,1,5,0,1,7,1,9,0,0,0,9
09/29/2020,ALO,IA,ACE,CE,Combined TRACON& Tower with Radar,0,3,10,0,13,0,0,17,2,19,0,3,27,2,32,2,0,2,34
09/30/2020,ALO,IA,ACE,CE,Combined TRACON& Tower with Radar,0,2,5,0,7,0,1,3,0,4,0,3,8,0,11,0,0,0,11
10/01/2020,ALO,IA,ACE,CE,Combined TRACON& Tower with Radar,0,0,8,0,8,0,4,11,1,16,0,4,19,1,24,0,0,0,24
10/02/2020,ALO,IA,ACE,CE,Combined TRACON& Tower with Radar,0,5,18,0,23,0,0,50,2,52,0,5,68,2,75,0,0,0,75
10/03/2020,ALO,IA,ACE,CE,Combined TRACON& Tower with Radar,0,0,10,0,10,0,0,18,0,18,0,0,28,0,28,22,0,22,50
10/04/2020,ALO,IA,ACE,CE,Combined TRACON& Tower with Radar,0,0,8,0,8,0,0,30,0,30,0,0,38,0,38,8,0,8,46
10/05/2020,ALO,IA,ACE,CE,Combined TRACON& Tower with Radar,0,0,6,0,6,0,0,15,0,15,0,0,21,0,21,12,0,12,33
10/06/2020,ALO,IA,ACE,CE,Combined TRACON& Tower with Radar,0,0,19,0,19,0,0,42,0,42,0,0,61,0,61,20,0,20,81
10/07/2020,ALO,IA,ACE,CE,Combined TRACON& Tower with Radar,0,0,8,0,8,0,0,41,6,47,0,0,49,6,55,30,0,30,85
10/08/2020,ALO,IA,ACE,CE,Combined TRACON& Tower with Radar,0,1,15,0,16,0,0,30,5,35,0,1,45,5,51,12,0,12,63
10/09/2020,ALO,IA,ACE,CE,Combined TRACON& Tower with Radar,0,2,4,0,6,0,0,17,0,17,0,2,21,0,23,0,0,0,23
10/10/2020,ALO,IA,ACE,CE,Combined TRACON& Tower with Radar,0,2,9,0,11,0,0,39,0,39,0,2,48,0,50,0,0,0,50
10/11/2020,ALO,IA,ACE,CE,Combined TRACON& Tower with Radar,0,2,3,0,5,0,0,11,0,11,0,2,14,0,16,0,0,0,16
10/12/2020,ALO,IA,ACE,CE,Combined TRACON& Tower with Radar,0,2,13,0,15,0,1,11,0,12,0,3,24,0,27,2,0,2,29
10/13/2020,ALO,IA,ACE,CE,Combined TRACON& Tower with Radar,0,2,10,0,12,0,1,28,1,30,0,3,38,1,42,50,2,52,94
10/14/2020,ALO,IA,ACE,CE,Combined TRACON& Tower with Radar,0,0,9,0,9,0,0,6,2,8,0,0,15,2,17,6,0,6,23
10/15/2020,ALO,IA,ACE,CE,Combined TRACON& Tower with Radar,0,2,13,2,17,0,2,21,6,29,0,4,34,8,46,14,0,14,60
10/16/2020,ALO,IA,ACE,CE,Combined TRACON& Tower with Radar,0,4,6,2,12,0,0,28,11,39,0,4,34,13,51,20,12,32,83
10/17/2020,ALO,IA,ACE,CE,Combined TRACON& Tower with Radar,0,2,4,1,7,0,0,1,26,27,0,2,5,27,34,0,34,34,68
10/18/2020,ALO,IA,ACE,CE,Combined TRACON& Tower with Radar,0,2,7,0,9,0,0,9,7,16,0,2,16,7,25,22,0,22,47
10/19/2020,ALO,IA,ACE,CE,Combined TRACON& Tower with Radar,0,2,13,0,15,0,0,7,0,7,0,2,20,0,22,6,0,6,28
10/20/2020,ALO,IA,ACE,CE,Combined TRACON& Tower with Radar,0,4,7,0,11,0,0,17,15,32,0,4,24,15,43,34,0,34,77
10/21/2020,ALO,IA,ACE,CE,Combined TRACON& Tower with Radar,0,0,1,3,4,0,0,7,3,10,0,0,8,6,14,30,10,40,54
10/22/2020,ALO,IA,ACE,CE,Combined TRACON& Tower with Radar,0,2,4,0,6,0,0,0,0,0,0,2,4,0,6,0,0,0,6
10/23/2020,ALO,IA,ACE,CE,Combined TRACON& Tower with Radar,0,2,2,0,4,0,0,0,4,4,0,2,2,4,8,0,0,0,8
10/24/2020,ALO,IA,ACE,CE,Combined TRACON& Tower with Radar,0,2,12,0,14,0,0,39,0,39,0,2,51,0,53,8,0,8,61
10/25/2020,ALO,IA,ACE,CE,Combined TRACON& Tower with Radar,0,2,2,0,4,0,0,0,0,0,0,2,2,0,4,0,0,0,4
10/26/2020,ALO,IA,ACE,CE,Combined TRACON& Tower with Radar,0,2,9,0,11,0,0,23,0,23,0,2,32,0,34,18,0,18,52
10/27/2020,ALO,IA,ACE,CE,Combined TRACON& Tower with Radar,0,2,30,0,32,0,0,39,2,41,0,2,69,2,73,14,0,14,87
10/28/2020,ALO,IA,ACE,CE,Combined TRACON& Tower with Radar,0,1,20,1,22,0,2,34,1,37,0,3,54,2,59,0,0,0,59
10/29/2020,ALO,IA,ACE,CE,Combined TRACON& Tower with Radar,0,3,10,1,14,0,2,12,2,16,0,5,22,3,30,22,0,22,52
10/30/2020,ALO,IA,ACE,CE,Combined TRACON& Tower with Radar,0,4,8,0,12,0,0,27,2,29,0,4,35,2,41,28,0,28,69
10/31/2020,ALO,IA,ACE,CE,Combined TRACON& Tower with Radar,0,0,2,0,2,0,0,3,0,3,0,0,5,0,5,0,0,0,5
11/01/2020,ALO,IA,ACE,CE,Combined TRACON& Tower with Radar,0,2,1,0,3,0,0,3,0,3,0,2,4,0,6,0,0,0,6
11/02/2020,ALO,IA,ACE,CE,Combined TRACON& Tower with Radar,0,2,16,0,18,0,0,19,0,19,0,2,35,0,37,44,0,44,81
11/03/2020,ALO,IA,ACE,CE,Combined TRACON& Tower with Radar,0,0,9,0,9,0,0,54,0,54,0,0,63,0,63,82,0,82,145
11/04/2020,ALO,IA,ACE,CE,Combined TRACON& Tower with Radar,0,2,16,6,24,0,0,25,0,25,0,2,41,6,49,42,22,64,113
11/05/2020,ALO,IA,ACE,CE,Combined TRACON& Tower with Radar,0,2,8,0,10,0,1,53,1,55,0,3,61,1,65,46,0,46,111
11/06/2020,ALO,IA,ACE,CE,Combined TRACON& Tower with Radar,0,3,7,0,10,0,0,39,0,39,0,3,46,0,49,38,0,38,87
11/07/2020,ALO,IA,ACE,CE,Combined TRACON& Tower with Radar,0,3,0,0,3,0,0,13,4,17,0,3,13,4,20,0,0,0,20
11/08/2020,ALO,IA,ACE,CE,Combined TRACON& Tower with Radar,0,2,2,0,4,0,0,6,1,7,0,2,8,1,11,0,0,0,11
11/09/2020,ALO,IA,ACE,CE,Combined TRACON& Tower with Radar,0,4,4,5,13,0,0,3,0,3,0,4,7,5,16,28,14,42,58
11/10/2020,ALO,IA,ACE,CE,Combined TRACON& Tower with Radar,0,0,7,0,7,0,0,1,0,1,0,0,8,0,8,0,0,0,8
11/11/2020,ALO,IA,ACE,CE,Combined TRACON& Tower with Radar,0,2,19,0,21,0,0,42,0,42,0,2,61,0,63,10,0,10,73
11/12/2020,ALO,IA,ACE,CE,Combined TRACON& Tower with Radar,0,2,16,5,23,0,1,48,20,69,0,3,64,25,92,58,10,68,160
11/13/2020,ALO,IA,ACE,CE,Combined TRACON& Tower with Radar,0,2,7,0,9,0,0,44,16,60,0,2,51,16,69,20,0,20,89
11/14/2020,ALO,IA,ACE,CE,Combined TRACON& Tower with Radar,0,3,2,0,5,0,0,0,0,0,0,3,2,0,5,0,0,0,5
11/15/2020,ALO,IA,ACE,CE,Combined TRACON& Tower with Radar,0,2,3,0,5,0,0,0,10,10,0,2,3,10,15,0,14,14,29
11/16/2020,ALO,IA,ACE,CE,Combined TRACON& Tower with Radar,0,2,12,0,14,0,0,26,0,26,0,2,38,0,40,18,0,18,58
11/17/2020,ALO,IA,ACE,CE,Combined TRACON& Tower with Radar,0,0,16,0,16,0,1,41,1,43,0,1,57,1,59,0,0,0,59
11/18/2020,ALO,IA,ACE,CE,Combined TRACON& Tower with Radar,0,2,4,0,6,0,0,13,4,17,0,2,17,4,23,0,0,0,23
11/19/2020,ALO,IA,ACE,CE,Combined TRACON& Tower with Radar,0,4,13,0,17,0,1,42,6,49,0,5,55,6,66,12,20,32,98
11/20/2020,ALO,IA,ACE,CE,Combined TRACON& Tower with Radar,0,2,19,0,21,0,0,93,1,94,0,2,112,1,115,0,0,0,115
11/21/2020,ALO,IA,ACE,CE,Combined TRACON& Tower with Radar,0,2,13,0,15,0,0,28,0,28,0,2,41,0,43,0,0,0,43
11/22/2020,ALO,IA,ACE,CE,Combined TRACON& Tower with Radar,0,2,2,0,4,0,0,4,0,4,0,2,6,0,8,0,0,0,8
11/23/2020,ALO,IA,ACE,CE,Combined TRACON& Tower with Radar,0,0,6,0,6,0,1,34,0,35,0,1,40,0,41,28,0,28,69
11/24/2020,ALO,IA,ACE,CE,Combined TRACON& Tower with Radar,0,4,0,0,4,0,0,0,0,0,0,4,0,0,4,0,0,0,4
11/25/2020,ALO,IA,ACE,CE,Combined TRACON& Tower with Radar,0,4,6,0,10,0,0,0,0,0,0,4,6,0,10,0,0,0,10
11/26/2020,ALO,IA,ACE,CE,Combined TRACON& Tower with Radar,0,0,6,0,6,0,0,0,0,0,0,0,6,0,6,0,0,0,6
11/27/2020,ALO,IA,ACE,CE,Combined TRACON& Tower with Radar,0,0,4,0,4,0,0,17,0,17,0,0,21,0,21,0,0,0,21
11/28/2020,ALO,IA,ACE,CE,Combined TRACON& Tower with Radar,0,2,7,0,9,0,0,34,0,34,0,2,41,0,43,32,0,32,75
11/29/2020,ALO,IA,ACE,CE,Combined TRACON& Tower with Radar,0,2,0,0,2,0,0,3,0,3,0,2,3,0,5,0,0,0,5
11/30/2020,ALO,IA,ACE,CE,Combined TRACON& Tower with Radar,0,2,7,0,9,0,1,23,0,24,0,3,30,0,33,18,0,18,51
12/01/2020,ALO,IA,ACE,CE,Combined TRACON& Tower with Radar,0,0,6,1,7,0,2,24,1,27,0,2,30,2,34,18,0,18,52
12/02/2020,ALO,IA,ACE,CE,Combined TRACON& Tower with Radar,0,2,6,1,9,0,0,29,3,32,0,2,35,4,41,12,0,12,53
12/03/2020,ALO,IA,ACE,CE,Combined TRACON& Tower with Radar,0,2,14,0,16,0,0,36,10,46,0,2,50,10,62,47,2,49,111
12/04/2020,ALO,IA,ACE,CE,Combined TRACON& Tower with Radar,0,2,15,0,17,0,0,42,4,46,0,2,57,4,63,42,0,42,105
12/05/2020,ALO,IA,ACE,CE,Combined TRACON& Tower with Radar,0,2,15,0,17,0,0,45,9,54,0,2,60,9,71,18,2,20,91
12/06/2020,ALO,IA,ACE,CE,Combined TRACON& Tower with Radar,0,2,0,0,2,0,0,10,0,10,0,2,10,0,12,0,0,0,12
12/07/2020,ALO,IA,ACE,CE,Combined TRACON& Tower with Radar,0,2,0,0,2,0,0,0,0,0,0,2,0,0,2,0,0,0,2
12/08/2020,ALO,IA,ACE,CE,Combined TRACON& Tower with Radar,0,2,5,1,8,0,0,8,0,8,0,2,13,1,16,0,0,0,16
12/09/2020,ALO,IA,ACE,CE,Combined TRACON& Tower with Radar,0,2,10,0,12,0,2,38,6,46,0,4,48,6,58,38,0,38,96
12/10/2020,ALO,IA,ACE,CE,Combined TRACON& Tower with Radar,0,5,11,2,18,0,2,47,6,55,0,7,58,8,73,70,0,70,143
12/11/2020,ALO,IA,ACE,CE,Combined TRACON& Tower with Radar,0,4,3,0,7,0,0,0,0,0,0,4,3,0,7,0,0,0,7
12/12/2020,ALO,IA,ACE,CE,Combined TRACON& Tower with Radar,0,2,1,0,3,0,0,2,0,2,0,2,3,0,5,0,0,0,5
12/13/2020,ALO,IA,ACE,CE,Combined TRACON& Tower with Radar,0,2,0,0,2,0,0,3,0,3,0,2,3,0,5,0,0,0,5
12/14/2020,ALO,IA,ACE,CE,Combined TRACON& Tower with Radar,0,4,10,0,14,0,1,35,0,36,0,5,45,0,50,58,0,58,108
12/15/2020,ALO,IA,ACE,CE,Combined TRACON& Tower with Radar,0,4,21,0,25,0,0,39,2,41,0,4,60,2,66,46,0,46,112
12/16/2020,ALO,IA,ACE,CE,Combined TRACON& Tower with Radar,0,4,15,1,20,0,1,20,9,30,0,5,35,10,50,40,0,40,90
12/17/2020,ALO,IA,ACE,CE,Combined TRACON& Tower with Radar,0,2,7,0,9,0,0,4,8,12,0,2,11,8,21,8,30,38,59
12/18/2020,ALO,IA,ACE,CE,Combined TRACON& Tower with Radar,0,2,6,2,10,0,2,17,6,25,0,4,23,8,35,74,2,76,111
12/19/2020,ALO,IA,ACE,CE,Combined TRACON& Tower with Radar,0,2,3,0,5,0,0,0,0,0,0,2,3,0,5,0,0,0,5
12/20/2020,ALO,IA,ACE,CE,Combined TRACON& Tower with Radar,0,2,10,0,12,0,0,23,0,23,0,2,33,0,35,10,0,10,45
12/21/2020,ALO,IA,ACE,CE,Combined TRACON& Tower with Radar,0,2,1,0,3,0,0,15,0,15,0,2,16,0,18,0,0,0,18
12/22/2020,ALO,IA,ACE,CE,Combined TRACON& Tower with Radar,0,2,8,6,16,0,1,34,9,44,0,3,42,15,60,54,8,62,122
12/23/2020,ALO,IA,ACE,CE,Combined TRACON& Tower with Radar,0,2,4,0,6,0,0,0,0,0,0,2,4,0,6,0,0,0,6
12/24/2020,ALO,IA,ACE,CE,Combined TRACON& Tower with Radar,0,2,0,0,2,0,0,1,0,1,0,2,1,0,3,0,0,0,3
12/25/2020,ALO,IA,ACE,CE,Combined TRACON& Tower with Radar,0,2,0,0,2,0,0,11,0,11,0,2,11,0,13,0,0,0,13
12/26/2020,ALO,IA,ACE,CE,Combined TRACON& Tower with Radar,0,4,9,0,13,0,0,31,0,31,0,4,40,0,44,18,0,18,62
12/27/2020,ALO,IA,ACE,CE,Combined TRACON& Tower with Radar,0,2,0,0,2,0,0,2,0,2,0,2,2,0,4,0,0,0,4
12/28/2020,ALO,IA,ACE,CE,Combined TRACON& Tower with Radar,0,2,8,0,10,0,0,27,0,27,0,2,35,0,37,26,0,26,63
12/29/2020,ALO,IA,ACE,CE,Combined TRACON& Tower with Radar,0,2,2,0,4,0,0,0,0,0,0,2,2,0,4,14,0,14,18
12/30/2020,ALO,IA,ACE,CE,Combined TRACON& Tower with Radar,0,2,0,0,2,0,0,1,0,1,0,2,1,0,3,0,0,0,3
12/31/2020,ALO,IA,ACE,CE,Combined TRACON& Tower with Radar,0,2,5,0,7,0,0,0,0,0,0,2,5,0,7,0,0,0,7
01/01/2021,ALO,IA,ACE,CE,Combined TRACON& Tower with Radar,0,3,4,0,7,0,0,0,0,0,0,3,4,0,7,0,0,0,7
01/02/2021,ALO,IA,ACE,CE,Combined TRACON& Tower with Radar,0,2,8,0,10,0,0,0,0,0,0,2,8,0,10,0,0,0,10
01/03/2021,ALO,IA,ACE,CE,Combined TRACON& Tower with Radar,0,2,3,0,5,0,0,2,0,2,0,2,5,0,7,6,0,6,13
01/04/2021,ALO,IA,ACE,CE,Combined TRACON& Tower with Radar,0,5,2,0,7,0,0,4,0,4,0,5,6,0,11,14,0,14,25
01/05/2021,ALO,IA,ACE,CE,Combined TRACON& Tower with Radar,0,2,14,3,19,0,0,29,3,32,0,2,43,6,51,64,8,72,123
01/06/2021,ALO,IA,ACE,CE,Combined TRACON& Tower with Radar,0,4,11,0,15,0,0,2,5,7,0,4,13,5,22,10,6,16,38
01/07/2021,ALO,IA,ACE,CE,Combined TRACON& Tower with Radar,0,2,1,0,3,0,0,0,1,1,0,2,1,1,4,0,4,4,8
01/08/2021,ALO,IA,ACE,CE,Combined TRACON& Tower with Radar,0,2,5,0,7,0,0,0,2,2,0,2,5,2,9,14,0,14,23
01/09/2021,ALO,IA,ACE,CE,Combined TRACON& Tower with Radar,0,2,5,0,7,0,0,2,2,4,0,2,7,2,11,14,0,14,25
01/10/2021,ALO,IA,ACE,CE,Combined TRACON& Tower with Radar,0,2,2,0,4,0,0,0,0,0,0,2,2,0,4,0,0,0,4
01/11/2021,ALO,IA,ACE,CE,Combined TRACON& Tower with Radar,0,2,10,0,12,0,0,32,2,34,0,2,42,2,46,42,0,42,88
01/12/2021,ALO,IA,ACE,CE,Combined TRACON& Tower with Radar,0,2,12,1,15,0,0,39,6,45,0,2,51,7,60,62,0,62,122
01/13/2021,ALO,IA,ACE,CE,Combined TRACON& Tower with Radar,0,3,15,1,19,0,1,31,5,37,0,4,46,6,56,92,0,92,148
01/14/2021,ALO,IA,ACE,CE,Combined TRACON& Tower with Radar,0,3,1,0,4,0,0,0,0,0,0,3,1,0,4,0,0,0,4
01/15/2021,ALO,IA,ACE,CE,Combined TRACON& Tower with Radar,0,2,0,0,2,0,0,0,0,0,0,2,0,0,2,0,0,0,2
01/16/2021,ALO,IA,ACE,CE,Combined TRACON& Tower with Radar,0,2,2,0,4,0,0,2,0,2,0,2,4,0,6,0,28,28,34
01/17/2021,ALO,IA,ACE,CE,Combined TRACON& Tower with Radar,0,2,7,0,9,0,0,7,8,15,0,2,14,8,24,10,10,20,44
01/18/2021,ALO,IA,ACE,CE,Combined TRACON& Tower with Radar,0,2,9,0,11,0,0,20,0,20,0,2,29,0,31,40,0,40,71
01/19/2021,ALO,IA,ACE,CE,Combined TRACON& Tower with Radar,0,2,5,0,7,0,0,0,0,0,0,2,5,0,7,0,0,0,7
01/20/2021,ALO,IA,ACE,CE,Combined TRACON& Tower with Radar,0,6,10,1,17,0,0,14,1,15,0,6,24,2,32,0,0,0,32
01/21/2021,ALO,IA,ACE,CE,Combined TRACON& Tower with Radar,0,2,15,0,17,0,1,28,7,36,0,3,43,7,53,20,21,41,94
01/22/2021,ALO,IA,ACE,CE,Combined TRACON& Tower with Radar,0,2,4,0,6,0,0,44,1,45,0,2,48,1,51,80,0,80,131
01/23/2021,ALO,IA,ACE,CE,Combined TRACON& Tower with Radar,0,2,6,0,8,0,0,9,0,9,0,2,15,0,17,7,0,7,24
01/24/2021,ALO,IA,ACE,CE,Combined TRACON& Tower with Radar,0,2,0,0,2,0,0,6,0,6,0,2,6,0,8,2,0,2,10
01/25/2021,ALO,IA,ACE,CE,Combined TRACON& Tower with Radar,0,2,2,0,4,0,0,8,0,8,0,2,10,0,12,24,0,24,36
01/26/2021,ALO,IA,ACE,CE,Combined TRACON& Tower with Radar,0,4,4,0,8,0,0,0,0,0,0,4,4,0,8,1,0,1,9
01/27/2021,ALO,IA,ACE,CE,Combined TRACON& Tower with Radar,0,2,22,0,24,0,0,26,9,35,0,2,48,9,59,44,0,44,103
01/28/2021,ALO,IA,ACE,CE,Combined TRACON& Tower with Radar,0,2,17,2,21,0,1,48,8,57,0,3,65,10,78,52,54,106,184
01/29/2021,ALO,IA,ACE,CE,Combined TRACON& Tower with Radar,0,6,2,0,8,0,0,31,7,38,0,6,33,7,46,70,0,70,116
01/30/2021,ALO,IA,ACE,CE,Combined TRACON& Tower with Radar,0,2,0,0,2,0,0,0,0,0,0,2,0,0,2,0,0,0,2
01/31/2021,ALO,IA,ACE,CE,Combined TRACON& Tower with Radar,0,0,1,0,1,0,0,4,0,4,0,0,5,0,5,6,0,6,11
02/01/2021,ALO,IA,ACE,CE,Combined TRACON& Tower with Radar,0,2,6,0,8,0,0,17,0,17,0,2,23,0,25,26,0,26,51
02/02/2021,ALO,IA,ACE,CE,Combined TRACON& Tower with Radar,0,2,4,0,6,0,0,0,0,0,0,2,4,0,6,0,0,0,6
02/03/2021,ALO,IA,ACE,CE,Combined TRACON& Tower with Radar,0,5,23,1,29,0,0,3,6,9,0,5,26,7,38,12,0,12,50
02/04/2021,ALO,IA,ACE,CE,Combined TRACON& Tower with Radar,0,0,0,0,0,0,0,0,0,0,0,0,0,0,0,0,0,0,0
02/05/2021,ALO,IA,ACE,CE,Combined TRACON& Tower with Radar,0,3,5,0,8,0,0,18,5,23,0,3,23,5,31,8,10,18,49
02/06/2021,ALO,IA,ACE,CE,Combined TRACON& Tower with Radar,0,2,5,2,9,0,0,0,8,8,0,2,5,10,17,0,0,0,17
02/07/2021,ALO,IA,ACE,CE,Combined TRACON& Tower with Radar,0,3,1,0,4,0,0,1,1,2,0,3,2,1,6,6,0,6,12
02/08/2021,ALO,IA,ACE,CE,Combined TRACON& Tower with Radar,0,2,8,1,11,0,0,8,1,9,0,2,16,2,20,4,0,4,24
02/09/2021,ALO,IA,ACE,CE,Combined TRACON& Tower with Radar,0,2,13,0,15,0,0,25,0,25,0,2,38,0,40,12,0,12,52
02/10/2021,ALO,IA,ACE,CE,Combined TRACON& Tower with Radar,0,2,3,1,6,0,0,18,3,21,0,2,21,4,27,20,10,30,57
02/11/2021,ALO,IA,ACE,CE,Combined TRACON& Tower with Radar,0,3,8,0,11,0,0,0,0,0,0,3,8,0,11,0,0,0,11
02/12/2021,ALO,IA,ACE,CE,Combined TRACON& Tower with Radar,0,7,7,0,14,0,0,0,0,0,0,7,7,0,14,0,0,0,14
02/13/2021,ALO,IA,ACE,CE,Combined TRACON& Tower with Radar,0,3,0,0,3,0,0,0,0,0,0,3,0,0,3,0,0,0,3
02/14/2021,ALO,IA,ACE,CE,Combined TRACON& Tower with Radar,0,2,3,0,5,0,0,1,0,1,0,2,4,0,6,0,0,0,6
02/15/2021,ALO,IA,ACE,CE,Combined TRACON& Tower with Radar,0,1,1,0,2,0,0,10,0,10,0,1,11,0,12,10,0,10,22
02/16/2021,ALO,IA,ACE,CE,Combined TRACON& Tower with Radar,0,2,3,0,5,0,0,15,0,15,0,2,18,0,20,36,0,36,56
02/17/2021,ALO,IA,ACE,CE,Combined TRACON& Tower with Radar,0,2,14,2,18,0,0,12,9,21,0,2,26,11,39,30,0,30,69
02/18/2021,ALO,IA,ACE,CE,Combined TRACON& Tower with Radar,0,6,15,7,28,0,0,21,9,30,0,6,36,16,58,24,14,38,96
02/19/2021,ALO,IA,ACE,CE,Combined TRACON& Tower with Radar,0,2,9,0,11,0,0,30,0,30,0,2,39,0,41,68,0,68,109
02/20/2021,ALO,IA,ACE,CE,Combined TRACON& Tower with Radar,0,10,15,0,25,0,0,19,0,19,0,10,34,0,44,26,0,26,70
02/21/2021,ALO,IA,ACE,CE,Combined TRACON& Tower with Radar,0,2,0,0,2,0,0,0,0,0,0,2,0,0,2,0,0,0,2
02/22/2021,ALO,IA,ACE,CE,Combined TRACON& Tower with Radar,0,4,4,0,8,0,0,18,0,18,0,4,22,0,26,32,0,32,58
02/23/2021,ALO,IA,ACE,CE,Combined TRACON& Tower with Radar,0,2,20,0,22,0,0,49,0,49,0,2,69,0,71,68,0,68,139
02/24/2021,ALO,IA,ACE,CE,Combined TRACON& Tower with Radar,0,4,1,0,5,0,0,16,0,16,0,4,17,0,21,52,0,52,73
02/25/2021,ALO,IA,ACE,CE,Combined TRACON& Tower with Radar,0,2,13,0,15,0,0,44,0,44,0,2,57,0,59,88,2,90,149
02/26/2021,ALO,IA,ACE,CE,Combined TRACON& Tower with Radar,2,2,5,0,9,0,0,22,1,23,2,2,27,1,32,54,0,54,86
02/27/2021,ALO,IA,ACE,CE,Combined TRACON& Tower with Radar,1,2,7,0,10,0,0,35,0,35,1,2,42,0,45,54,0,54,99
02/28/2021,ALO,IA,ACE,CE,Combined TRACON& Tower with Radar,0,2,2,0,4,0,0,1,0,1,0,2,3,0,5,0,0,0,5
03/01/2021,ALO,IA,ACE,CE,Combined TRACON& Tower with Radar,0,4,18,0,22,0,0,19,0,19,0,4,37,0,41,42,0,42,83
03/02/2021,ALO,IA,ACE,CE,Combined TRACON& Tower with Radar,0,2,17,0,19,0,0,26,11,37,0,2,43,11,56,18,0,18,74
03/03/2021,ALO,IA,ACE,CE,Combined TRACON& Tower with Radar,0,2,19,0,21,0,0,31,5,36,0,2,50,5,57,28,24,52,109
03/04/2021,ALO,IA,ACE,CE,Combined TRACON& Tower with Radar,0,2,13,1,16,0,2,45,6,53,0,4,58,7,69,78,0,78,147
03/05/2021,ALO,IA,ACE,CE,Combined TRACON& Tower with Radar,0,2,8,1,11,0,0,27,0,27,0,2,35,1,38,52,0,52,90
03/06/2021,ALO,IA,ACE,CE,Combined TRACON& Tower with Radar,0,4,6,0,10,0,0,39,9,48,0,4,45,9,58,30,0,30,88
03/07/2021,ALO,IA,ACE,CE,Combined TRACON& Tower with Radar,0,4,1,0,5,0,0,15,0,15,0,4,16,0,20,6,0,6,26
03/08/2021,ALO,IA,ACE,CE,Combined TRACON& Tower with Radar,0,3,19,0,22,0,1,38,0,39,0,4,57,0,61,104,0,104,165
03/09/2021,ALO,IA,ACE,CE,Combined TRACON& Tower with Radar,0,2,14,0,16,0,0,21,0,21,0,2,35,0,37,42,0,42,79
03/10/2021,ALO,IA,ACE,CE,Combined TRACON& Tower with Radar,0,2,2,0,4,0,0,2,0,2,0,2,4,0,6,0,0,0,6
03/11/2021,ALO,IA,ACE,CE,Combined TRACON& Tower with Radar,0,4,13,4,21,0,0,27,4,31,0,4,40,8,52,28,2,30,82
03/12/2021,ALO,IA,ACE,CE,Combined TRACON& Tower with Radar,0,2,8,1,11,0,0,14,10,24,0,2,22,11,35,18,0,18,53
03/13/2021,ALO,IA,ACE,CE,Combined TRACON& Tower with Radar,0,2,6,0,8,0,0,26,0,26,0,2,32,0,34,38,0,38,72
03/14/2021,ALO,IA,ACE,CE,Combined TRACON& Tower with Radar,0,2,4,0,6,0,0,2,0,2,0,2,6,0,8,0,0,0,8
03/15/2021,ALO,IA,ACE,CE,Combined TRACON& Tower with Radar,0,2,0,0,2,0,0,0,0,0,0,2,0,0,2,0,0,0,2
03/16/2021,ALO,IA,ACE,CE,Combined TRACON& Tower with Radar,0,3,3,0,6,0,1,4,0,5,0,4,7,0,11,0,0,0,11
03/17/2021,ALO,IA,ACE,CE,Combined TRACON& Tower with Radar,0,3,5,0,8,0,0,0,0,0,0,3,5,0,8,0,0,0,8
03/18/2021,ALO,IA,ACE,CE,Combined TRACON& Tower with Radar,0,1,5,1,7,0,0,7,4,11,0,1,12,5,18,4,0,4,22
03/19/2021,ALO,IA,ACE,CE,Combined TRACON& Tower with Radar,2,2,19,0,23,0,0,48,0,48,2,2,67,0,71,30,0,30,101
03/20/2021,ALO,IA,ACE,CE,Combined TRACON& Tower with Radar,0,2,11,0,13,0,0,10,0,10,0,2,21,0,23,34,0,34,57
03/21/2021,ALO,IA,ACE,CE,Combined TRACON& Tower with Radar,0,2,6,0,8,0,1,4,0,5,0,3,10,0,13,0,0,0,13
03/22/2021,ALO,IA,ACE,CE,Combined TRACON& Tower with Radar,0,2,6,0,8,0,0,15,0,15,0,2,21,0,23,30,0,30,53
03/23/2021,ALO,IA,ACE,CE,Combined TRACON& Tower with Radar,0,3,5,0,8,0,0,1,7,8,0,3,6,7,16,10,0,10,26
03/24/2021,ALO,IA,ACE,CE,Combined TRACON& Tower with Radar,0,2,9,9,20,0,0,0,1,1,0,2,9,10,21,0,8,8,29
03/25/2021,ALO,IA,ACE,CE,Combined TRACON& Tower with Radar,0,3,8,1,12,0,0,5,3,8,0,3,13,4,20,10,0,10,30
03/26/2021,ALO,IA,ACE,CE,Combined TRACON& Tower with Radar,0,3,4,0,7,0,0,20,4,24,0,3,24,4,31,14,0,14,45
03/27/2021,ALO,IA,ACE,CE,Combined TRACON& Tower with Radar,0,2,4,1,7,0,0,0,0,0,0,2,4,1,7,0,0,0,7
03/28/2021,ALO,IA,ACE,CE,Combined TRACON& Tower with Radar,0,2,11,0,13,0,0,32,1,33,0,2,43,1,46,4,0,4,50
03/29/2021,ALO,IA,ACE,CE,Combined TRACON& Tower with Radar,0,4,4,0,8,0,0,10,0,10,0,4,14,0,18,0,0,0,18
03/30/2021,ALO,IA,ACE,CE,Combined TRACON& Tower with Radar,0,2,9,0,11,0,0,35,1,36,0,2,44,1,47,38,8,46,93
03/31/2021,ALO,IA,ACE,CE,Combined TRACON& Tower with Radar,0,2,10,1,13,0,0,43,4,47,0,2,53,5,60,32,18,50,110
04/01/2021,ALO,IA,ACE,CE,Combined TRACON& Tower with Radar,0,2,27,0,29,0,0,55,12,67,0,2,82,12,96,28,2,30,126
04/02/2021,ALO,IA,ACE,CE,Combined TRACON& Tower with Radar,0,2,4,0,6,0,0,19,0,19,0,2,23,0,25,10,0,10,35
04/03/2021,ALO,IA,ACE,CE,Combined TRACON& Tower with Radar,0,4,8,0,12,0,0,43,0,43,0,4,51,0,55,28,0,28,83
04/04/2021,ALO,IA,ACE,CE,Combined TRACON& Tower with Radar,0,2,13,0,15,0,0,25,0,25,0,2,38,0,40,12,0,12,52
04/05/2021,ALO,IA,ACE,CE,Combined TRACON& Tower with Radar,0,2,12,0,14,0,0,9,2,11,0,2,21,2,25,6,0,6,31
04/06/2021,ALO,IA,ACE,CE,Combined TRACON& Tower with Radar,0,4,11,0,15,0,1,15,3,19,0,5,26,3,34,46,0,46,80
04/07/2021,ALO,IA,ACE,CE,Combined TRACON& Tower with Radar,2,2,8,2,14,0,0,14,4,18,2,2,22,6,32,20,0,20,52
04/08/2021,ALO,IA,ACE,CE,Combined TRACON& Tower with Radar,0,6,12,2,20,0,0,10,4,14,0,6,22,6,34,44,4,48,82
04/09/2021,ALO,IA,ACE,CE,Combined TRACON& Tower with Radar,1,5,11,2,19,0,0,4,0,4,1,5,15,2,23,14,0,14,37
04/10/2021,ALO,IA,ACE,CE,Combined TRACON& Tower with Radar,0,5,3,0,8,0,0,1,0,1,0,5,4,0,9,0,0,0,9
04/11/2021,ALO,IA,ACE,CE,Combined TRACON& Tower with Radar,0,5,18,0,23,0,0,7,0,7,0,5,25,0,30,0,0,0,30
04/12/2021,ALO,IA,ACE,CE,Combined TRACON& Tower with Radar,0,2,8,0,10,0,0,8,0,8,0,2,16,0,18,10,0,10,28
04/13/2021,ALO,IA,ACE,CE,Combined TRACON& Tower with Radar,2,4,10,0,16,0,0,27,3,30,2,4,37,3,46,24,0,24,70
04/14/2021,ALO,IA,ACE,CE,Combined TRACON& Tower with Radar,0,2,13,1,16,0,0,27,2,29,0,2,40,3,45,42,18,60,105
04/15/2021,ALO,IA,ACE,CE,Combined TRACON& Tower with Radar,0,2,15,6,23,0,0,33,7,40,0,2,48,13,63,56,8,64,127
04/16/2021,ALO,IA,ACE,CE,Combined TRACON& Tower with Radar,0,2,6,0,8,0,0,41,15,56,0,2,47,15,64,54,22,76,140
04/17/2021,ALO,IA,ACE,CE,Combined TRACON& Tower with Radar,0,3,1,0,4,0,0,32,0,32,0,3,33,0,36,30,0,30,66
04/18/2021,ALO,IA,ACE,CE,Combined TRACON& Tower with Radar,0,2,5,0,7,0,0,29,6,35,0,2,34,6,42,14,0,14,56
04/19/2021,ALO,IA,ACE,CE,Combined TRACON& Tower with Radar,0,2,21,0,23,0,0,12,3,15,0,2,33,3,38,14,0,14,52
04/20/2021,ALO,IA,ACE,CE,Combined TRACON& Tower with Radar,0,6,16,2,24,0,0,19,1,20,0,6,35,3,44,2,6,8,52
04/21/2021,ALO,IA,ACE,CE,Combined TRACON& Tower with Radar,0,6,13,0,19,0,0,51,4,55,0,6,64,4,74,36,0,36,110
04/22/2021,ALO,IA,ACE,CE,Combined TRACON& Tower with Radar,0,3,18,0,21,0,0,46,2,48,0,3,64,2,69,48,0,48,117
04/23/2021,ALO,IA,ACE,CE,Combined TRACON& Tower with Radar,0,2,10,0,12,0,0,34,0,34,0,2,44,0,46,44,0,44,90
04/24/2021,ALO,IA,ACE,CE,Combined TRACON& Tower with Radar,0,2,7,0,9,0,0,9,0,9,0,2,16,0,18,54,0,54,72
04/25/2021,ALO,IA,ACE,CE,Combined TRACON& Tower with Radar,0,2,5,0,7,0,0,18,0,18,0,2,23,0,25,28,0,28,53
04/26/2021,ALO,IA,ACE,CE,Combined TRACON& Tower with Radar,0,4,8,0,12,0,0,23,0,23,0,4,31,0,35,30,0,30,65
04/27/2021,ALO,IA,ACE,CE,Combined TRACON& Tower with Radar,0,2,17,0,19,0,0,24,2,26,0,2,41,2,45,34,0,34,79
04/28/2021,ALO,IA,ACE,CE,Combined TRACON& Tower with Radar,0,4,9,2,15,0,1,14,2,17,0,5,23,4,32,42,10,52,84
04/29/2021,ALO,IA,ACE,CE,Combined TRACON& Tower with Radar,0,4,16,1,21,0,0,29,9,38,0,4,45,10,59,20,4,24,83
04/30/2021,ALO,IA,ACE,CE,Combined TRACON& Tower with Radar,0,4,6,0,10,0,0,40,2,42,0,4,46,2,52,14,0,14,66
05/01/2021,ALO,IA,ACE,CE,Combined TRACON& Tower with Radar,0,0,0,0,0,0,0,0,2,2,0,0,0,2,2,0,0,0,2
05/02/2021,ALO,IA,ACE,CE,Combined TRACON& Tower with Radar,0,4,1,0,5,0,0,9,0,9,0,4,10,0,14,0,0,0,14
05/03/2021,ALO,IA,ACE,CE,Combined TRACON& Tower with Radar,0,4,5,0,9,0,0,2,0,2,0,4,7,0,11,4,0,4,15
05/04/2021,ALO,IA,ACE,CE,Combined TRACON& Tower with Radar,0,4,8,0,12,0,0,32,0,32,0,4,40,0,44,29,0,29,73
05/05/2021,ALO,IA,ACE,CE,Combined TRACON& Tower with Radar,0,2,11,0,13,0,0,42,2,44,0,2,53,2,57,42,0,42,99
05/06/2021,ALO,IA,ACE,CE,Combined TRACON& Tower with Radar,0,5,5,0,10,0,1,17,3,21,0,6,22,3,31,64,0,64,95
05/07/2021,ALO,IA,ACE,CE,Combined TRACON& Tower with Radar,0,4,2,0,6,0,0,29,3,32,0,4,31,3,38,74,0,74,112
05/08/2021,ALO,IA,ACE,CE,Combined TRACON& Tower with Radar,0,2,8,0,10,0,0,35,0,35,0,2,43,0,45,0,0,0,45
05/09/2021,ALO,IA,ACE,CE,Combined TRACON& Tower with Radar,0,2,6,0,8,0,0,15,5,20,0,2,21,5,28,28,0,28,56
05/10/2021,ALO,IA,ACE,CE,Combined TRACON& Tower with Radar,0,2,13,0,15,0,0,34,8,42,0,2,47,8,57,32,0,32,89
05/11/2021,ALO,IA,ACE,CE,Combined TRACON& Tower with Radar,0,3,5,0,8,0,0,29,9,38,0,3,34,9,46,50,20,70,116
05/12/2021,ALO,IA,ACE,CE,Combined TRACON& Tower with Radar,0,4,16,0,20,0,3,45,10,58,0,7,61,10,78,24,2,26,104
05/13/2021,ALO,IA,ACE,CE,Combined TRACON& Tower with Radar,0,5,6,2,13,0,0,31,4,35,0,5,37,6,48,46,18,64,112
05/14/2021,ALO,IA,ACE,CE,Combined TRACON& Tower with Radar,0,3,1,1,5,0,0,18,10,28,0,3,19,11,33,10,12,22,55
05/15/2021,ALO,IA,ACE,CE,Combined TRACON& Tower with Radar,0,2,7,0,9,0,0,9,8,17,0,2,16,8,26,0,10,10,36
05/16/2021,ALO,IA,ACE,CE,Combined TRACON& Tower with Radar,0,4,9,0,13,0,0,6,19,25,0,4,15,19,38,0,12,12,50
05/17/2021,ALO,IA,ACE,CE,Combined TRACON& Tower with Radar,0,2,13,0,15,0,0,11,0,11,0,2,24,0,26,6,0,6,32
05/18/2021,ALO,IA,ACE,CE,Combined TRACON& Tower with Radar,0,4,5,8,17,0,0,0,0,0,0,4,5,8,17,0,0,0,17
05/19/2021,ALO,IA,ACE,CE,Combined TRACON& Tower with Radar,0,4,12,4,20,0,0,1,0,1,0,4,13,4,21,14,0,14,35
05/20/2021,ALO,IA,ACE,CE,Combined TRACON& Tower with Radar,0,6,21,1,28,0,0,10,6,16,0,6,31,7,44,10,0,10,54
05/21/2021,ALO,IA,ACE,CE,Combined TRACON& Tower with Radar,0,5,11,4,20,0,0,6,0,6,0,5,17,4,26,28,0,28,54
05/22/2021,ALO,IA,ACE,CE,Combined TRACON& Tower with Radar,0,2,5,0,7,0,0,15,0,15,0,2,20,0,22,16,0,16,38
05/23/2021,ALO,IA,ACE,CE,Combined TRACON& Tower with Radar,0,2,9,0,11,0,0,8,0,8,0,2,17,0,19,22,0,22,41
05/24/2021,ALO,IA,ACE,CE,Combined TRACON& Tower with Radar,0,7,18,0,25,0,0,35,0,35,0,7,53,0,60,36,0,36,96
05/25/2021,ALO,IA,ACE,CE,Combined TRACON& Tower with Radar,0,5,8,0,13,0,0,9,3,12,0,5,17,3,25,38,0,38,63
05/26/2021,ALO,IA,ACE,CE,Combined TRACON& Tower with Radar,0,5,18,0,23,0,1,38,5,44,0,6,56,5,67,48,0,48,115
05/27/2021,ALO,IA,ACE,CE,Combined TRACON& Tower with Radar,0,6,8,0,14,0,0,0,0,0,0,6,8,0,14,0,0,0,14
05/28/2021,ALO,IA,ACE,CE,Combined TRACON& Tower with Radar,0,7,7,0,14,0,0,3,0,3,0,7,10,0,17,2,0,2,19
05/29/2021,ALO,IA,ACE,CE,Combined TRACON& Tower with Radar,0,2,9,0,11,0,0,39,0,39,0,2,48,0,50,16,0,16,66
05/30/2021,ALO,IA,ACE,CE,Combined TRACON& Tower with Radar,0,4,5,0,9,0,0,17,0,17,0,4,22,0,26,12,0,12,38
05/31/2021,ALO,IA,ACE,CE,Combined TRACON& Tower with Radar,0,4,8,0,12,0,2,7,0,9,0,6,15,0,21,4,0,4,25
06/01/2021,ALO,IA,ACE,CE,Combined TRACON& Tower with Radar,0,2,12,0,14,0,0,24,0,24,0,2,36,0,38,10,0,10,48
06/02/2021,ALO,IA,ACE,CE,Combined TRACON& Tower with Radar,0,5,21,0,26,0,0,31,7,38,0,5,52,7,64,50,0,50,114
06/03/2021,ALO,IA,ACE,CE,Combined TRACON& Tower with Radar,0,4,22,0,26,0,0,38,4,42,0,4,60,4,68,28,0,28,96
06/04/2021,ALO,IA,ACE,CE,Combined TRACON& Tower with Radar,0,5,19,0,24,0,0,30,0,30,0,5,49,0,54,0,0,0,54
06/05/2021,ALO,IA,ACE,CE,Combined TRACON& Tower with Radar,0,6,2,0,8,0,0,23,2,25,0,6,25,2,33,8,0,8,41
06/06/2021,ALO,IA,ACE,CE,Combined TRACON& Tower with Radar,0,4,4,0,8,0,0,14,0,14,0,4,18,0,22,12,0,12,34
06/07/2021,ALO,IA,ACE,CE,Combined TRACON& Tower with Radar,0,4,14,0,18,0,0,24,0,24,0,4,38,0,42,20,0,20,62
06/08/2021,ALO,IA,ACE,CE,Combined TRACON& Tower with Radar,0,4,19,1,24,0,0,34,4,38,0,4,53,5,62,34,0,34,96
06/09/2021,ALO,IA,ACE,CE,Combined TRACON& Tower with Radar,0,6,10,0,16,0,1,27,9,37,0,7,37,9,53,36,8,44,97
06/10/2021,ALO,IA,ACE,CE,Combined TRACON& Tower with Radar,0,5,11,1,17,0,0,40,5,45,0,5,51,6,62,48,8,56,118
06/11/2021,ALO,IA,ACE,CE,Combined TRACON& Tower with Radar,0,4,15,4,23,0,0,28,2,30,0,4,43,6,53,56,0,56,109
06/12/2021,ALO,IA,ACE,CE,Combined TRACON& Tower with Radar,0,3,1,0,4,0,0,22,12,34,0,3,23,12,38,34,4,38,76
06/13/2021,ALO,IA,ACE,CE,Combined TRACON& Tower with Radar,0,4,11,0,15,0,0,19,8,27,0,4,30,8,42,32,4,36,78
06/14/2021,ALO,IA,ACE,CE,Combined TRACON& Tower with Radar,0,5,21,0,26,0,0,29,4,33,0,5,50,4,59,36,0,36,95
06/15/2021,ALO,IA,ACE,CE,Combined TRACON& Tower with Radar,0,6,14,0,20,0,1,34,0,35,0,7,48,0,55,116,0,116,171
06/16/2021,ALO,IA,ACE,CE,Combined TRACON& Tower with Radar,0,4,18,4,26,0,0,20,2,22,0,4,38,6,48,20,8,28,76
06/17/2021,ALO,IA,ACE,CE,Combined TRACON& Tower with Radar,1,4,17,6,28,0,0,25,4,29,1,4,42,10,57,28,4,32,89
06/18/2021,ALO,IA,ACE,CE,Combined TRACON& Tower with Radar,1,4,6,2,13,0,0,27,0,27,1,4,33,2,40,62,0,62,102
06/19/2021,ALO,IA,ACE,CE,Combined TRACON& Tower with Radar,0,10,6,0,16,0,0,30,0,30,0,10,36,0,46,10,0,10,56
06/20/2021,ALO,IA,ACE,CE,Combined TRACON& Tower with Radar,1,6,2,0,9,0,0,1,0,1,1,6,3,0,10,0,0,0,10
06/21/2021,ALO,IA,ACE,CE,Combined TRACON& Tower with Radar,0,8,15,0,23,0,0,8,0,8,0,8,23,0,31,22,0,22,53
06/22/2021,ALO,IA,ACE,CE,Combined TRACON& Tower with Radar,0,6,11,1,18,0,0,33,1,34,0,6,44,2,52,60,0,60,112
06/23/2021,ALO,IA,ACE,CE,Combined TRACON& Tower with Radar,2,7,6,0,15,0,0,29,3,32,2,7,35,3,47,44,0,44,91
06/24/2021,ALO,IA,ACE,CE,Combined TRACON& Tower with Radar,0,7,12,1,20,0,0,16,4,20,0,7,28,5,40,42,0,42,82
06/25/2021,ALO,IA,ACE,CE,Combined TRACON& Tower with Radar,0,4,9,8,21,0,0,8,0,8,0,4,17,8,29,24,8,32,61
06/26/2021,ALO,IA,ACE,CE,Combined TRACON& Tower with Radar,0,6,3,0,9,0,0,3,0,3,0,6,6,0,12,0,0,0,12
06/27/2021,ALO,IA,ACE,CE,Combined TRACON& Tower with Radar,2,4,2,0,8,0,0,35,0,35,2,4,37,0,43,16,0,16,59
06/28/2021,ALO,IA,ACE,CE,Combined TRACON& Tower with Radar,0,3,18,1,22,0,2,19,1,22,0,5,37,2,44,47,0,47,91
06/29/2021,ALO,IA,ACE,CE,Combined TRACON& Tower with Radar,0,6,23,0,29,0,0,3,3,6,0,6,26,3,35,0,0,0,35
06/30/2021,ALO,IA,ACE,CE,Combined TRACON& Tower with Radar,0,5,22,2,29,0,3,56,9,68,0,8,78,11,97,26,4,30,127
07/01/2021,ALO,IA,ACE,CE,Combined TRACON& Tower with Radar,0,4,16,0,20,0,1,45,0,46,0,5,61,0,66,16,0,16,82
07/02/2021,ALO,IA,ACE,CE,Combined TRACON& Tower with Radar,0,8,18,0,26,0,1,33,1,35,0,9,51,1,61,14,0,14,75
07/03/2021,ALO,IA,ACE,CE,Combined TRACON& Tower with Radar,0,3,2,0,5,0,0,17,0,17,0,3,19,0,22,24,0,24,46
07/04/2021,ALO,IA,ACE,CE,Combined TRACON& Tower with Radar,0,3,2,0,5,0,0,9,0,9,0,3,11,0,14,0,0,0,14
07/05/2021,ALO,IA,ACE,CE,Combined TRACON& Tower with Radar,0,6,8,0,14,0,0,17,0,17,0,6,25,0,31,4,0,4,35
07/06/2021,ALO,IA,ACE,CE,Combined TRACON& Tower with Radar,0,4,12,4,20,0,0,15,9,24,0,4,27,13,44,6,2,8,52
07/07/2021,ALO,IA,ACE,CE,Combined TRACON& Tower with Radar,0,8,16,4,28,0,0,1,2,3,0,8,17,6,31,0,0,0,31
07/08/2021,ALO,IA,ACE,CE,Combined TRACON& Tower with Radar,0,5,14,0,19,0,0,29,6,35,0,5,43,6,54,60,0,60,114
07/09/2021,ALO,IA,ACE,CE,Combined TRACON& Tower with Radar,0,4,10,0,14,0,0,5,4,9,0,4,15,4,23,0,0,0,23
07/10/2021,ALO,IA,ACE,CE,Combined TRACON& Tower with Radar,0,8,5,0,13,0,0,4,0,4,0,8,9,0,17,0,0,0,17
07/11/2021,ALO,IA,ACE,CE,Combined TRACON& Tower with Radar,0,6,5,0,11,0,0,1,0,1,0,6,6,0,12,0,0,0,12
07/12/2021,ALO,IA,ACE,CE,Combined TRACON& Tower with Radar,0,6,18,0,24,0,0,39,3,42,0,6,57,3,66,74,0,74,140
07/13/2021,ALO,IA,ACE,CE,Combined TRACON& Tower with Radar,0,4,28,0,32,0,0,17,6,23,0,4,45,6,55,30,14,44,99
07/14/2021,ALO,IA,ACE,CE,Combined TRACON& Tower with Radar,0,8,6,0,14,0,0,4,0,4,0,8,10,0,18,4,0,4,22
07/15/2021,ALO,IA,ACE,CE,Combined TRACON& Tower with Radar,0,9,15,2,26,0,0,26,7,33,0,9,41,9,59,60,18,78,137
07/16/2021,ALO,IA,ACE,CE,Combined TRACON& Tower with Radar,0,8,21,2,31,0,2,28,10,40,0,10,49,12,71,6,16,22,93
07/17/2021,ALO,IA,ACE,CE,Combined TRACON& Tower with Radar,0,5,9,1,15,0,0,24,3,27,0,5,33,4,42,0,0,0,42
07/18/2021,ALO,IA,ACE,CE,Combined TRACON& Tower with Radar,0,7,10,0,17,0,0,21,0,21,0,7,31,0,38,12,0,12,50
07/19/2021,ALO,IA,ACE,CE,Combined TRACON& Tower with Radar,0,5,15,1,21,0,0,24,1,25,0,5,39,2,46,50,0,50,96
07/20/2021,ALO,IA,ACE,CE,Combined TRACON& Tower with Radar,0,4,24,5,33,0,0,23,8,31,0,4,47,13,64,34,16,50,114
07/21/2021,ALO,IA,ACE,CE,Combined TRACON& Tower with Radar,2,9,12,0,23,0,0,21,8,29,2,9,33,8,52,14,0,14,66
07/22/2021,ALO,IA,ACE,CE,Combined TRACON& Tower with Radar,2,7,21,2,32,0,0,25,8,33,2,7,46,10,65,50,2,52,117
07/23/2021,ALO,IA,ACE,CE,Combined TRACON& Tower with Radar,0,6,19,1,26,0,0,21,4,25,0,6,40,5,51,16,0,16,67
07/24/2021,ALO,IA,ACE,CE,Combined TRACON& Tower with Radar,0,3,4,0,7,0,0,11,0,11,0,3,15,0,18,36,0,36,54
07/25/2021,ALO,IA,ACE,CE,Combined TRACON& Tower with Radar,0,6,3,0,9,0,0,32,0,32,0,6,35,0,41,4,0,4,45
07/26/2021,ALO,IA,ACE,CE,Combined TRACON& Tower with Radar,0,7,4,0,11,0,0,14,3,17,0,7,18,3,28,24,0,24,52
07/27/2021,ALO,IA,ACE,CE,Combined TRACON& Tower with Radar,2,6,22,0,30,0,0,8,6,14,2,6,30,6,44,2,6,8,52
07/28/2021,ALO,IA,ACE,CE,Combined TRACON& Tower with Radar,0,5,8,0,13,0,0,31,9,40,0,5,39,9,53,16,0,16,69
07/29/2021,ALO,IA,ACE,CE,Combined TRACON& Tower with Radar,0,5,8,2,15,0,0,34,8,42,0,5,42,10,57,32,2,34,91
07/30/2021,ALO,IA,ACE,CE,Combined TRACON& Tower with Radar,0,4,5,0,9,0,0,10,0,10,0,4,15,0,19,22,0,22,41
07/31/2021,ALO,IA,ACE,CE,Combined TRACON& Tower with Radar,2,6,8,0,16,0,0,12,2,14,2,6,20,2,30,16,0,16,46
08/01/2021,ALO,IA,ACE,CE,Combined TRACON& Tower with Radar,0,4,8,0,12,0,0,22,0,22,0,4,30,0,34,0,0,0,34
08/02/2021,ALO,IA,ACE,CE,Combined TRACON& Tower with Radar,0,7,9,0,16,0,0,35,0,35,0,7,44,0,51,41,0,41,92
08/03/2021,ALO,IA,ACE,CE,Combined TRACON& Tower with Radar,0,5,21,0,26,0,0,37,0,37,0,5,58,0,63,48,0,48,111
08/04/2021,ALO,IA,ACE,CE,Combined TRACON& Tower with Radar,0,9,17,1,27,0,0,36,4,40,0,9,53,5,67,26,2,28,95
08/05/2021,ALO,IA,ACE,CE,Combined TRACON& Tower with Radar,0,4,7,0,11,0,0,13,0,13,0,4,20,0,24,18,0,18,42
08/06/2021,ALO,IA,ACE,CE,Combined TRACON& Tower with Radar,0,6,12,0,18,0,0,29,0,29,0,6,41,0,47,30,0,30,77
08/07/2021,ALO,IA,ACE,CE,Combined TRACON& Tower with Radar,0,5,6,0,11,0,2,20,2,24,0,7,26,2,35,2,0,2,37
08/08/2021,ALO,IA,ACE,CE,Combined TRACON& Tower with Radar,0,5,5,0,10,0,0,2,0,2,0,5,7,0,12,0,0,0,12
08/09/2021,ALO,IA,ACE,CE,Combined TRACON& Tower with Radar,0,0,15,0,15,0,0,15,0,15,0,0,30,0,30,16,0,16,46
08/10/2021,ALO,IA,ACE,CE,Combined TRACON& Tower with Radar,1,4,24,0,29,0,0,14,0,14,1,4,38,0,43,18,0,18,61
08/11/2021,ALO,IA,ACE,CE,Combined TRACON& Tower with Radar,0,6,17,1,24,0,0,15,2,17,0,6,32,3,41,0,0,0,41
08/12/2021,ALO,IA,ACE,CE,Combined TRACON& Tower with Radar,0,8,18,0,26,0,0,20,1,21,0,8,38,1,47,0,0,0,47
08/13/2021,ALO,IA,ACE,CE,Combined TRACON& Tower with Radar,0,7,10,0,17,0,0,45,1,46,0,7,55,1,63,24,0,24,87
08/14/2021,ALO,IA,ACE,CE,Combined TRACON& Tower with Radar,0,4,10,1,15,0,1,41,0,42,0,5,51,1,57,20,0,20,77
08/15/2021,ALO,IA,ACE,CE,Combined TRACON& Tower with Radar,0,4,7,0,11,0,0,27,0,27,0,4,34,0,38,2,0,2,40
08/16/2021,ALO,IA,ACE,CE,Combined TRACON& Tower with Radar,0,5,4,0,9,0,2,33,0,35,0,7,37,0,44,36,0,36,80
08/17/2021,ALO,IA,ACE,CE,Combined TRACON& Tower with Radar,0,4,7,0,11,0,0,21,0,21,0,4,28,0,32,22,0,22,54
08/18/2021,ALO,IA,ACE,CE,Combined TRACON& Tower with Radar,0,5,15,0,20,0,0,30,2,32,0,5,45,2,52,18,0,18,70
08/19/2021,ALO,IA,ACE,CE,Combined TRACON& Tower with Radar,0,4,15,0,19,0,0,28,5,33,0,4,43,5,52,26,0,26,78
08/20/2021,ALO,IA,ACE,CE,Combined TRACON& Tower with Radar,0,8,10,6,24,0,0,10,0,10,0,8,20,6,34,38,6,44,78
08/21/2021,ALO,IA,ACE,CE,Combined TRACON& Tower with Radar,0,4,4,0,8,0,0,31,0,31,0,4,35,0,39,0,0,0,39
08/22/2021,ALO,IA,ACE,CE,Combined TRACON& Tower with Radar,0,4,3,0,7,0,0,37,0,37,0,4,40,0,44,6,0,6,50
08/23/2021,ALO,IA,ACE,CE,Combined TRACON& Tower with Radar,0,4,14,0,18,0,0,15,2,17,0,4,29,2,35,30,0,30,65
08/24/2021,ALO,IA,ACE,CE,Combined TRACON& Tower with Radar,0,2,16,0,18,0,0,21,2,23,0,2,37,2,41,50,0,50,91
08/25/2021,ALO,IA,ACE,CE,Combined TRACON& Tower with Radar,0,6,17,0,23,0,1,14,0,15,0,7,31,0,38,0,0,0,38
08/26/2021,ALO,IA,ACE,CE,Combined TRACON& Tower with Radar,0,5,10,0,15,0,0,13,0,13,0,5,23,0,28,42,0,42,70
08/27/2021,ALO,IA,ACE,CE,Combined TRACON& Tower with Radar,0,6,10,0,16,0,0,16,0,16,0,6,26,0,32,36,0,36,68
08/28/2021,ALO,IA,ACE,CE,Combined TRACON& Tower with Radar,0,4,5,0,9,0,0,18,0,18,0,4,23,0,27,16,0,16,43
08/29/2021,ALO,IA,ACE,CE,Combined TRACON& Tower with Radar,0,4,5,0,9,0,0,16,0,16,0,4,21,0,25,4,0,4,29
08/30/2021,ALO,IA,ACE,CE,Combined TRACON& Tower with Radar,0,4,18,0,22,0,1,32,0,33,0,5,50,0,55,32,0,32,87
08/31/2021,ALO,IA,ACE,CE,Combined TRACON& Tower with Radar,0,2,16,0,18,0,0,26,3,29,0,2,42,3,47,30,0,30,77
09/01/2021,ALO,IA,ACE,CE,Combined TRACON& Tower with Radar,0,5,22,2,29,0,0,27,5,32,0,5,49,7,61,82,2,84,145
09/02/2021,ALO,IA,ACE,CE,Combined TRACON& Tower with Radar,0,6,5,0,11,0,0,49,1,50,0,6,54,1,61,70,0,70,131
09/03/2021,ALO,IA,ACE,CE,Combined TRACON& Tower with Radar,0,6,5,0,11,0,0,0,0,0,0,6,5,0,11,0,0,0,11
09/04/2021,ALO,IA,ACE,CE,Combined TRACON& Tower with Radar,0,4,13,0,17,0,0,15,1,16,0,4,28,1,33,16,0,16,49
09/05/2021,ALO,IA,ACE,CE,Combined TRACON& Tower with Radar,0,4,5,0,9,0,1,28,0,29,0,5,33,0,38,18,0,18,56
09/06/2021,ALO,IA,ACE,CE,Combined TRACON& Tower with Radar,0,4,10,0,14,0,0,31,0,31,0,4,41,0,45,34,0,34,79
09/07/2021,ALO,IA,ACE,CE,Combined TRACON& Tower with Radar,0,0,20,0,20,0,0,18,6,24,0,0,38,6,44,42,0,42,86
09/08/2021,ALO,IA,ACE,CE,Combined TRACON& Tower with Radar,0,3,14,3,20,0,2,28,7,37,0,5,42,10,57,62,36,98,155
09/09/2021,ALO,IA,ACE,CE,Combined TRACON& Tower with Radar,0,5,15,3,23,0,0,42,7,49,0,5,57,10,72,0,0,0,72
09/10/2021,ALO,IA,ACE,CE,Combined TRACON& Tower with Radar,2,6,17,0,25,0,4,27,2,33,2,10,44,2,58,40,0,40,98
09/11/2021,ALO,IA,ACE,CE,Combined TRACON& Tower with Radar,0,5,11,0,16,0,0,24,0,24,0,5,35,0,40,0,0,0,40
09/12/2021,ALO,IA,ACE,CE,Combined TRACON& Tower with Radar,1,3,9,0,13,0,0,4,0,4,1,3,13,0,17,0,0,0,17
09/13/2021,ALO,IA,ACE,CE,Combined TRACON& Tower with Radar,0,8,10,6,24,0,0,15,0,15,0,8,25,6,39,10,0,10,49
09/14/2021,ALO,IA,ACE,CE,Combined TRACON& Tower with Radar,0,5,24,2,31,0,2,26,8,36,0,7,50,10,67,18,0,18,85
09/15/2021,ALO,IA,ACE,CE,Combined TRACON& Tower with Radar,0,7,11,1,19,0,0,52,12,64,0,7,63,13,83,79,0,79,162
09/16/2021,ALO,IA,ACE,CE,Combined TRACON& Tower with Radar,0,8,15,1,24,0,1,35,20,56,0,9,50,21,80,8,4,12,92
09/17/2021,ALO,IA,ACE,CE,Combined TRACON& Tower with Radar,0,3,9,0,12,0,1,20,0,21,0,4,29,0,33,48,0,48,81
09/18/2021,ALO,IA,ACE,CE,Combined TRACON& Tower with Radar,0,4,4,0,8,0,0,188,15,203,0,4,192,15,211,6,0,6,217
09/19/2021,ALO,IA,ACE,CE,Combined TRACON& Tower with Radar,0,3,9,0,12,0,0,26,2,28,0,3,35,2,40,10,0,10,50
09/20/2021,ALO,IA,ACE,CE,Combined TRACON& Tower with Radar,0,6,10,0,16,0,0,6,0,6,0,6,16,0,22,22,0,22,44
09/21/2021,ALO,IA,ACE,CE,Combined TRACON& Tower with Radar,0,13,11,0,24,0,0,26,6,32,0,13,37,6,56,66,0,66,122
09/22/2021,ALO,IA,ACE,CE,Combined TRACON& Tower with Radar,2,4,16,3,25,0,2,29,2,33,2,6,45,5,58,48,0,48,106
09/23/2021,ALO,IA,ACE,CE,Combined TRACON& Tower with Radar,0,6,13,0,19,0,0,46,3,49,0,6,59,3,68,60,0,60,128
09/24/2021,ALO,IA,ACE,CE,Combined TRACON& Tower with Radar,0,8,9,0,17,0,2,19,3,24,0,10,28,3,41,14,0,14,55
09/25/2021,ALO,IA,ACE,CE,Combined TRACON& Tower with Radar,0,3,10,0,13,0,0,51,0,51,0,3,61,0,64,26,0,26,90
09/26/2021,ALO,IA,ACE,CE,Combined TRACON& Tower with Radar,0,4,4,0,8,0,0,16,0,16,0,4,20,0,24,0,0,0,24
09/27/2021,ALO,IA,ACE,CE,Combined TRACON& Tower with Radar,0,5,16,0,21,0,1,28,0,29,0,6,44,0,50,40,0,40,90
09/28/2021,ALO,IA,ACE,CE,Combined TRACON& Tower with Radar,0,3,23,0,26,0,1,45,0,46,0,4,68,0,72,36,0,36,108
09/29/2021,ALO,IA,ACE,CE,Combined TRACON& Tower with Radar,0,3,23,2,28,0,0,37,8,45,0,3,60,10,73,28,0,28,101
09/30/2021,ALO,IA,ACE,CE,Combined TRACON& Tower with Radar,0,4,22,0,26,0,0,31,0,31,0,4,53,0,57,28,0,28,85
10/01/2021,ALO,IA,ACE,CE,Combined TRACON& Tower with Radar,1,5,19,0,25,0,0,24,0,24,1,5,43,0,49,6,0,6,55
10/02/2021,ALO,IA,ACE,CE,Combined TRACON& Tower with Radar,0,3,26,0,29,0,0,10,0,10,0,3,36,0,39,2,0,2,41
10/03/2021,ALO,IA,ACE,CE,Combined TRACON& Tower with Radar,1,3,4,6,14,0,0,15,1,16,1,3,19,7,30,26,0,26,56
10/04/2021,ALO,IA,ACE,CE,Combined TRACON& Tower with Radar,1,4,20,0,25,0,0,30,0,30,1,4,50,0,55,76,0,76,131
10/05/2021,ALO,IA,ACE,CE,Combined TRACON& Tower with Radar,0,4,8,0,12,0,2,25,0,27,0,6,33,0,39,70,0,70,109
10/06/2021,ALO,IA,ACE,CE,Combined TRACON& Tower with Radar,0,3,13,1,17,0,1,10,0,11,0,4,23,1,28,0,0,0,28
10/07/2021,ALO,IA,ACE,CE,Combined TRACON& Tower with Radar,0,6,2,0,8,0,0,1,0,1,0,6,3,0,9,0,0,0,9
10/08/2021,ALO,IA,ACE,CE,Combined TRACON& Tower with Radar,0,7,3,0,10,0,1,17,0,18,0,8,20,0,28,24,0,24,52
10/09/2021,ALO,IA,ACE,CE,Combined TRACON& Tower with Radar,2,5,2,0,9,0,1,24,2,27,2,6,26,2,36,6,0,6,42
10/10/2021,ALO,IA,ACE,CE,Combined TRACON& Tower with Radar,0,4,3,0,7,0,1,22,0,23,0,5,25,0,30,10,0,10,40
10/11/2021,ALO,IA,ACE,CE,Combined TRACON& Tower with Radar,0,2,6,0,8,0,0,1,0,1,0,2,7,0,9,0,0,0,9
10/12/2021,ALO,IA,ACE,CE,Combined TRACON& Tower with Radar,0,4,49,2,55,0,0,18,3,21,0,4,67,5,76,54,0,54,130
10/13/2021,ALO,IA,ACE,CE,Combined TRACON& Tower with Radar,0,4,12,2,18,0,1,1,3,5,0,5,13,5,23,0,0,0,23
10/14/2021,ALO,IA,ACE,CE,Combined TRACON& Tower with Radar,0,8,13,0,21,0,0,34,0,34,0,8,47,0,55,66,0,66,121
10/15/2021,ALO,IA,ACE,CE,Combined TRACON& Tower with Radar,0,4,6,0,10,0,0,44,0,44,0,4,50,0,54,14,0,14,68
10/16/2021,ALO,IA,ACE,CE,Combined TRACON& Tower with Radar,0,3,9,0,12,0,0,20,0,20,0,3,29,0,32,0,0,0,32
10/17/2021,ALO,IA,ACE,CE,Combined TRACON& Tower with Radar,0,4,9,0,13,0,0,33,0,33,0,4,42,0,46,0,0,0,46
10/18/2021,ALO,IA,ACE,CE,Combined TRACON& Tower with Radar,0,8,11,0,19,0,0,29,0,29,0,8,40,0,48,28,0,28,76
10/19/2021,ALO,IA,ACE,CE,Combined TRACON& Tower with Radar,0,3,20,0,23,0,0,48,2,50,0,3,68,2,73,14,0,14,87
10/20/2021,ALO,IA,ACE,CE,Combined TRACON& Tower with Radar,0,6,15,0,21,0,0,23,3,26,0,6,38,3,47,38,4,42,89
10/21/2021,ALO,IA,ACE,CE,Combined TRACON& Tower with Radar,0,4,22,0,26,0,0,5,5,10,0,4,27,5,36,0,0,0,36
10/22/2021,ALO,IA,ACE,CE,Combined TRACON& Tower with Radar,0,4,14,0,18,0,0,36,0,36,0,4,50,0,54,44,0,44,98
10/23/2021,ALO,IA,ACE,CE,Combined TRACON& Tower with Radar,0,7,11,1,19,0,1,38,14,53,0,8,49,15,72,6,28,34,106
10/24/2021,ALO,IA,ACE,CE,Combined TRACON& Tower with Radar,0,5,5,0,10,0,0,3,0,3,0,5,8,0,13,0,0,0,13
10/25/2021,ALO,IA,ACE,CE,Combined TRACON& Tower with Radar,0,4,5,0,9,0,2,23,0,25,0,6,28,0,34,112,0,112,146
10/26/2021,ALO,IA,ACE,CE,Combined TRACON& Tower with Radar,0,6,17,0,23,0,0,33,2,35,0,6,50,2,58,50,4,54,112
10/27/2021,ALO,IA,ACE,CE,Combined TRACON& Tower with Radar,0,4,19,1,24,0,0,9,2,11,0,4,28,3,35,10,6,16,51
10/28/2021,ALO,IA,ACE,CE,Combined TRACON& Tower with Radar,0,3,12,9,24,0,0,3,1,4,0,3,15,10,28,0,0,0,28
10/29/2021,ALO,IA,ACE,CE,Combined TRACON& Tower with Radar,1,4,8,0,13,0,0,9,3,12,1,4,17,3,25,0,0,0,25
10/30/2021,ALO,IA,ACE,CE,Combined TRACON& Tower with Radar,0,5,5,0,10,0,0,37,0,37,0,5,42,0,47,16,0,16,63
10/31/2021,ALO,IA,ACE,CE,Combined TRACON& Tower with Radar,0,5,11,0,16,0,2,25,0,27,0,7,36,0,43,12,0,12,55
11/01/2021,ALO,IA,ACE,CE,Combined TRACON& Tower with Radar,0,6,5,0,11,0,0,7,0,7,0,6,12,0,18,26,0,26,44
11/02/2021,ALO,IA,ACE,CE,Combined TRACON& Tower with Radar,0,6,13,0,19,0,0,43,5,48,0,6,56,5,67,44,0,44,111
11/03/2021,ALO,IA,ACE,CE,Combined TRACON& Tower with Radar,0,5,9,0,14,0,0,24,1,25,0,5,33,1,39,18,0,18,57
11/04/2021,ALO,IA,ACE,CE,Combined TRACON& Tower with Radar,0,5,16,0,21,0,1,28,1,30,0,6,44,1,51,44,1,45,96
11/05/2021,ALO,IA,ACE,CE,Combined TRACON& Tower with Radar,0,4,8,1,13,0,1,18,1,20,0,5,26,2,33,26,0,26,59
11/06/2021,ALO,IA,ACE,CE,Combined TRACON& Tower with Radar,0,3,4,0,7,0,0,32,0,32,0,3,36,0,39,18,0,18,57
11/07/2021,ALO,IA,ACE,CE,Combined TRACON& Tower with Radar,0,5,5,0,10,0,0,27,0,27,0,5,32,0,37,10,0,10,47
11/08/2021,ALO,IA,ACE,CE,Combined TRACON& Tower with Radar,0,4,6,0,10,0,0,31,0,31,0,4,37,0,41,56,0,56,97
11/09/2021,ALO,IA,ACE,CE,Combined TRACON& Tower with Radar,0,4,15,0,19,0,0,27,9,36,0,4,42,9,55,38,0,38,93
11/10/2021,ALO,IA,ACE,CE,Combined TRACON& Tower with Radar,0,4,6,0,10,0,0,5,0,5,0,4,11,0,15,28,0,28,43
11/11/2021,ALO,IA,ACE,CE,Combined TRACON& Tower with Radar,0,4,8,0,12,0,0,3,3,6,0,4,11,3,18,0,0,0,18
11/12/2021,ALO,IA,ACE,CE,Combined TRACON& Tower with Radar,1,5,3,0,9,0,0,0,3,3,1,5,3,3,12,0,38,38,50
11/13/2021,ALO,IA,ACE,CE,Combined TRACON& Tower with Radar,1,2,1,0,4,0,0,6,5,11,1,2,7,5,15,24,30,54,69
11/14/2021,ALO,IA,ACE,CE,Combined TRACON& Tower with Radar,0,4,6,0,10,0,0,2,0,2,0,4,8,0,12,0,0,0,12
11/15/2021,ALO,IA,ACE,CE,Combined TRACON& Tower with Radar,0,4,11,0,15,0,0,25,2,27,0,4,36,2,42,44,0,44,86
11/16/2021,ALO,IA,ACE,CE,Combined TRACON& Tower with Radar,0,6,19,0,25,0,0,17,3,20,0,6,36,3,45,18,0,18,63
11/17/2021,ALO,IA,ACE,CE,Combined TRACON& Tower with Radar,0,6,6,0,12,0,0,15,11,26,0,6,21,11,38,22,10,32,70
11/18/2021,ALO,IA,ACE,CE,Combined TRACON& Tower with Radar,0,4,21,0,25,0,0,12,10,22,0,4,33,10,47,8,0,8,55
11/19/2021,ALO,IA,ACE,CE,Combined TRACON& Tower with Radar,0,10,24,0,34,0,1,25,2,28,0,11,49,2,62,38,4,42,104
11/20/2021,ALO,IA,ACE,CE,Combined TRACON& Tower with Radar,0,4,13,2,19,0,0,53,0,53,0,4,66,2,72,58,0,58,130
11/21/2021,ALO,IA,ACE,CE,Combined TRACON& Tower with Radar,0,4,5,0,9,0,0,10,0,10,0,4,15,0,19,14,0,14,33
11/22/2021,ALO,IA,ACE,CE,Combined TRACON& Tower with Radar,0,9,23,0,32,0,0,28,0,28,0,9,51,0,60,62,0,62,122
11/23/2021,ALO,IA,ACE,CE,Combined TRACON& Tower with Radar,0,5,9,2,16,0,0,26,3,29,0,5,35,5,45,34,0,34,79
11/24/2021,ALO,IA,ACE,CE,Combined TRACON& Tower with Radar,0,5,2,0,7,0,0,13,0,13,0,5,15,0,20,26,0,26,46
11/25/2021,ALO,IA,ACE,CE,Combined TRACON& Tower with Radar,0,3,0,0,3,0,0,9,0,9,0,3,9,0,12,0,0,0,12
11/26/2021,ALO,IA,ACE,CE,Combined TRACON& Tower with Radar,2,5,0,0,7,0,0,29,0,29,2,5,29,0,36,24,0,24,60
11/27/2021,ALO,IA,ACE,CE,Combined TRACON& Tower with Radar,0,5,4,0,9,0,1,17,0,18,0,6,21,0,27,10,0,10,37
11/28/2021,ALO,IA,ACE,CE,Combined TRACON& Tower with Radar,1,4,4,0,9,0,0,19,0,19,1,4,23,0,28,20,0,20,48
11/29/2021,ALO,IA,ACE,CE,Combined TRACON& Tower with Radar,0,4,5,0,9,0,0,27,1,28,0,4,32,1,37,24,0,24,61
11/30/2021,ALO,IA,ACE,CE,Combined TRACON& Tower with Radar,0,8,19,0,27,0,0,45,3,48,0,8,64,3,75,33,0,33,108
12/01/2021,ALO,IA,ACE,CE,Combined TRACON& Tower with Radar,0,12,21,1,34,0,0,21,4,25,0,12,42,5,59,22,4,26,85
12/02/2021,ALO,IA,ACE,CE,Combined TRACON& Tower with Radar,0,7,6,1,14,0,2,33,16,51,0,9,39,17,65,72,10,82,147
12/03/2021,ALO,IA,ACE,CE,Combined TRACON& Tower with Radar,0,8,16,1,25,0,0,24,1,25,0,8,40,2,50,42,0,42,92
12/04/2021,ALO,IA,ACE,CE,Combined TRACON& Tower with Radar,0,2,11,0,13,0,3,23,0,26,0,5,34,0,39,62,0,62,101
12/05/2021,ALO,IA,ACE,CE,Combined TRACON& Tower with Radar,1,4,5,0,10,0,0,2,0,2,1,4,7,0,12,0,0,0,12
12/06/2021,ALO,IA,ACE,CE,Combined TRACON& Tower with Radar,0,6,5,0,11,0,0,8,0,8,0,6,13,0,19,0,0,0,19
12/07/2021,ALO,IA,ACE,CE,Combined TRACON& Tower with Radar,0,4,7,0,11,0,0,23,6,29,0,4,30,6,40,34,0,34,74
12/08/2021,ALO,IA,ACE,CE,Combined TRACON& Tower with Radar,0,5,22,4,31,0,2,33,5,40,0,7,55,9,71,58,0,58,129
12/09/2021,ALO,IA,ACE,CE,Combined TRACON& Tower with Radar,0,7,8,2,17,0,1,15,4,20,0,8,23,6,37,22,4,26,63
12/10/2021,ALO,IA,ACE,CE,Combined TRACON& Tower with Radar,0,4,7,1,12,0,0,6,3,9,0,4,13,4,21,36,6,42,63
12/11/2021,ALO,IA,ACE,CE,Combined TRACON& Tower with Radar,0,2,3,0,5,0,0,12,25,37,0,2,15,25,42,14,0,14,56
12/12/2021,ALO,IA,ACE,CE,Combined TRACON& Tower with Radar,0,4,5,0,9,0,0,21,0,21,0,4,26,0,30,14,0,14,44
12/13/2021,ALO,IA,ACE,CE,Combined TRACON& Tower with Radar,0,4,17,0,21,0,0,60,2,62,0,4,77,2,83,106,0,106,189
12/14/2021,ALO,IA,ACE,CE,Combined TRACON& Tower with Radar,0,8,24,0,32,0,0,38,1,39,0,8,62,1,71,95,0,95,166
12/15/2021,ALO,IA,ACE,CE,Combined TRACON& Tower with Radar,0,6,7,0,13,0,0,1,1,2,0,6,8,1,15,0,2,2,17
12/16/2021,ALO,IA,ACE,CE,Combined TRACON& Tower with Radar,0,7,8,0,15,0,0,11,14,25,0,7,19,14,40,0,0,0,40
12/17/2021,ALO,IA,ACE,CE,Combined TRACON& Tower with Radar,0,9,10,0,19,0,1,42,3,46,0,10,52,3,65,38,10,48,113
12/18/2021,ALO,IA,ACE,CE,Combined TRACON& Tower with Radar,0,4,4,0,8,0,1,15,0,16,0,5,19,0,24,32,0,32,56
12/19/2021,ALO,IA,ACE,CE,Combined TRACON& Tower with Radar,0,5,0,0,5,0,0,0,0,0,0,5,0,0,5,0,0,0,5
12/20/2021,ALO,IA,ACE,CE,Combined TRACON& Tower with Radar,0,4,12,0,16,0,4,32,0,36,0,8,44,0,52,12,0,12,64
12/21/2021,ALO,IA,ACE,CE,Combined TRACON& Tower with Radar,0,4,13,0,17,0,1,21,8,30,0,5,34,8,47,30,6,36,83
12/22/2021,ALO,IA,ACE,CE,Combined TRACON& Tower with Radar,0,8,15,0,23,0,0,43,4,47,0,8,58,4,70,48,2,50,120
12/23/2021,ALO,IA,ACE,CE,Combined TRACON& Tower with Radar,0,4,7,0,11,0,0,68,0,68,0,4,75,0,79,50,0,50,129
12/24/2021,ALO,IA,ACE,CE,Combined TRACON& Tower with Radar,0,4,3,0,7,0,0,0,0,0,0,4,3,0,7,0,0,0,7
12/25/2021,ALO,IA,ACE,CE,Combined TRACON& Tower with Radar,0,4,2,0,6,0,0,7,0,7,0,4,9,0,13,0,0,0,13
12/26/2021,ALO,IA,ACE,CE,Combined TRACON& Tower with Radar,0,6,3,0,9,0,0,3,0,3,0,6,6,0,12,24,0,24,36
12/27/2021,ALO,IA,ACE,CE,Combined TRACON& Tower with Radar,0,3,2,0,5,0,0,15,0,15,0,3,17,0,20,30,0,30,50
12/28/2021,ALO,IA,ACE,CE,Combined TRACON& Tower with Radar,0,2,3,0,5,0,0,0,0,0,0,2,3,0,5,0,0,0,5
12/29/2021,ALO,IA,ACE,CE,Combined TRACON& Tower with Radar,0,4,10,0,14,0,2,18,9,29,0,6,28,9,43,30,18,48,91
12/30/2021,ALO,IA,ACE,CE,Combined TRACON& Tower with Radar,0,5,5,0,10,0,0,0,0,0,0,5,5,0,10,0,0,0,10
12/31/2021,ALO,IA,ACE,CE,Combined TRACON& Tower with Radar,0,5,1,0,6,0,0,0,0,0,0,5,1,0,6,0,0,0,6
01/01/2022,ALO,IA,ACE,CE,Combined TRACON& Tower with Radar,0,6,1,0,7,0,0,0,0,0,0,6,1,0,7,0,0,0,7
01/02/2022,ALO,IA,ACE,CE,Combined TRACON& Tower with Radar,2,7,1,0,10,0,0,6,0,6,2,7,7,0,16,2,0,2,18
01/03/2022,ALO,IA,ACE,CE,Combined TRACON& Tower with Radar,0,4,19,1,24,0,0,22,3,25,0,4,41,4,49,8,0,8,57
01/04/2022,ALO,IA,ACE,CE,Combined TRACON& Tower with Radar,0,6,15,1,22,0,0,12,2,14,0,6,27,3,36,4,0,4,40
01/05/2022,ALO,IA,ACE,CE,Combined TRACON& Tower with Radar,0,4,4,0,8,0,0,2,1,3,0,4,6,1,11,0,12,12,23
01/06/2022,ALO,IA,ACE,CE,Combined TRACON& Tower with Radar,0,6,10,0,16,0,0,9,0,9,0,6,19,0,25,12,0,12,37
01/07/2022,ALO,IA,ACE,CE,Combined TRACON& Tower with Radar,0,3,12,4,19,0,3,16,4,23,0,6,28,8,42,10,4,14,56
01/08/2022,ALO,IA,ACE,CE,Combined TRACON& Tower with Radar,0,4,1,0,5,0,0,6,10,16,0,4,7,10,21,6,0,6,27
01/09/2022,ALO,IA,ACE,CE,Combined TRACON& Tower with Radar,0,5,5,0,10,0,0,11,0,11,0,5,16,0,21,10,0,10,31
01/10/2022,ALO,IA,ACE,CE,Combined TRACON& Tower with Radar,0,6,15,2,23,0,0,22,2,24,0,6,37,4,47,10,0,10,57
01/11/2022,ALO,IA,ACE,CE,Combined TRACON& Tower with Radar,2,2,9,5,18,0,1,24,4,29,2,3,33,9,47,24,22,46,93
01/12/2022,ALO,IA,ACE,CE,Combined TRACON& Tower with Radar,0,7,10,0,17,0,2,44,3,49,0,9,54,3,66,40,0,40,106
01/13/2022,ALO,IA,ACE,CE,Combined TRACON& Tower with Radar,0,5,11,0,16,0,0,20,0,20,0,5,31,0,36,26,0,26,62
01/14/2022,ALO,IA,ACE,CE,Combined TRACON& Tower with Radar,0,7,2,0,9,0,0,0,0,0,0,7,2,0,9,0,0,0,9
01/15/2022,ALO,IA,ACE,CE,Combined TRACON& Tower with Radar,0,8,5,0,13,0,2,9,0,11,0,10,14,0,24,10,0,10,34
01/16/2022,ALO,IA,ACE,CE,Combined TRACON& Tower with Radar,0,4,1,0,5,0,0,2,0,2,0,4,3,0,7,0,0,0,7
01/17/2022,ALO,IA,ACE,CE,Combined TRACON& Tower with Radar,0,4,4,0,8,0,0,7,0,7,0,4,11,0,15,54,0,54,69
01/18/2022,ALO,IA,ACE,CE,Combined TRACON& Tower with Radar,0,4,9,0,13,0,0,28,2,30,0,4,37,2,43,44,0,44,87
01/19/2022,ALO,IA,ACE,CE,Combined TRACON& Tower with Radar,0,7,10,0,17,0,0,15,0,15,0,7,25,0,32,8,0,8,40
01/20/2022,ALO,IA,ACE,CE,Combined TRACON& Tower with Radar,0,7,5,0,12,0,0,11,0,11,0,7,16,0,23,8,0,8,31
01/21/2022,ALO,IA,ACE,CE,Combined TRACON& Tower with Radar,0,6,16,0,22,0,2,15,5,22,0,8,31,5,44,6,0,6,50
01/22/2022,ALO,IA,ACE,CE,Combined TRACON& Tower with Radar,0,4,6,0,10,0,2,15,0,17,0,6,21,0,27,22,0,22,49
01/23/2022,ALO,IA,ACE,CE,Combined TRACON& Tower with Radar,0,4,8,0,12,0,0,19,0,19,0,4,27,0,31,16,0,16,47
01/24/2022,ALO,IA,ACE,CE,Combined TRACON& Tower with Radar,2,3,7,0,12,0,0,10,0,10,2,3,17,0,22,16,0,16,38
01/25/2022,ALO,IA,ACE,CE,Combined TRACON& Tower with Radar,0,10,15,0,25,0,0,11,0,11,0,10,26,0,36,4,0,4,40
01/26/2022,ALO,IA,ACE,CE,Combined TRACON& Tower with Radar,0,6,4,0,10,0,0,22,2,24,0,6,26,2,34,22,0,22,56
01/27/2022,ALO,IA,ACE,CE,Combined TRACON& Tower with Radar,0,3,15,2,20,0,0,22,10,32,0,3,37,12,52,56,0,56,108
01/28/2022,ALO,IA,ACE,CE,Combined TRACON& Tower with Radar,2,2,10,0,14,0,0,22,5,27,2,2,32,5,41,50,0,50,91
01/29/2022,ALO,IA,ACE,CE,Combined TRACON& Tower with Radar,0,6,11,0,17,0,0,35,0,35,0,6,46,0,52,46,0,46,98
01/30/2022,ALO,IA,ACE,CE,Combined TRACON& Tower with Radar,0,2,4,0,6,0,0,3,0,3,0,2,7,0,9,12,0,12,21
01/31/2022,ALO,IA,ACE,CE,Combined TRACON& Tower with Radar,0,4,12,0,16,0,2,19,0,21,0,6,31,0,37,14,0,14,51
02/01/2022,ALO,IA,ACE,CE,Combined TRACON& Tower with Radar,0,6,3,0,9,0,0,6,1,7,0,6,9,1,16,6,0,6,22
02/02/2022,ALO,IA,ACE,CE,Combined TRACON& Tower with Radar,0,3,5,0,8,0,0,16,3,19,0,3,21,3,27,26,0,26,53
02/03/2022,ALO,IA,ACE,CE,Combined TRACON& Tower with Radar,0,11,15,0,26,0,0,20,7,27,0,11,35,7,53,50,20,70,123
02/04/2022,ALO,IA,ACE,CE,Combined TRACON& Tower with Radar,0,4,5,0,9,0,0,5,4,9,0,4,10,4,18,10,0,10,28
02/05/2022,ALO,IA,ACE,CE,Combined TRACON& Tower with Radar,0,2,4,0,6,0,2,19,0,21,0,4,23,0,27,28,0,28,55
02/06/2022,ALO,IA,ACE,CE,Combined TRACON& Tower with Radar,0,2,3,0,5,0,0,12,0,12,0,2,15,0,17,42,0,42,59
02/07/2022,ALO,IA,ACE,CE,Combined TRACON& Tower with Radar,0,6,4,0,10,0,2,25,0,27,0,8,29,0,37,62,0,62,99
02/08/2022,ALO,IA,ACE,CE,Combined TRACON& Tower with Radar,0,10,13,0,23,0,2,26,0,28,0,12,39,0,51,52,0,52,103
02/09/2022,ALO,IA,ACE,CE,Combined TRACON& Tower with Radar,0,10,12,0,22,0,0,10,6,16,0,10,22,6,38,16,0,16,54
02/10/2022,ALO,IA,ACE,CE,Combined TRACON& Tower with Radar,0,8,12,1,21,0,0,19,4,23,0,8,31,5,44,30,0,30,74
02/11/2022,ALO,IA,ACE,CE,Combined TRACON& Tower with Radar,0,2,3,2,7,0,0,2,8,10,0,2,5,10,17,0,20,20,37
02/12/2022,ALO,IA,ACE,CE,Combined TRACON& Tower with Radar,0,4,7,2,13,0,6,21,4,31,0,10,28,6,44,48,0,48,92
02/13/2022,ALO,IA,ACE,CE,Combined TRACON& Tower with Radar,0,6,2,0,8,0,0,21,0,21,0,6,23,0,29,28,6,34,63
02/14/2022,ALO,IA,ACE,CE,Combined TRACON& Tower with Radar,0,4,9,0,13,0,0,29,0,29,0,4,38,0,42,40,0,40,82
02/15/2022,ALO,IA,ACE,CE,Combined TRACON& Tower with Radar,0,4,13,0,17,0,0,18,4,22,0,4,31,4,39,30,0,30,69
02/16/2022,ALO,IA,ACE,CE,Combined TRACON& Tower with Radar,0,4,16,0,20,0,0,12,4,16,0,4,28,4,36,20,0,20,56
02/17/2022,ALO,IA,ACE,CE,Combined TRACON& Tower with Radar,0,3,18,3,24,0,0,22,6,28,0,3,40,9,52,16,0,16,68
02/18/2022,ALO,IA,ACE,CE,Combined TRACON& Tower with Radar,0,4,8,0,12,0,0,10,0,10,0,4,18,0,22,2,0,2,24
02/19/2022,ALO,IA,ACE,CE,Combined TRACON& Tower with Radar,0,10,7,0,17,0,0,27,0,27,0,10,34,0,44,26,0,26,70
02/20/2022,ALO,IA,ACE,CE,Combined TRACON& Tower with Radar,0,4,1,0,5,0,1,17,0,18,0,5,18,0,23,26,0,26,49
02/21/2022,ALO,IA,ACE,CE,Combined TRACON& Tower with Radar,0,4,8,0,12,0,0,4,0,4,0,4,12,0,16,12,0,12,28
02/22/2022,ALO,IA,ACE,CE,Combined TRACON& Tower with Radar,0,6,2,0,8,0,0,0,0,0,0,6,2,0,8,0,0,0,8
02/23/2022,ALO,IA,ACE,CE,Combined TRACON& Tower with Radar,0,8,23,0,31,0,0,29,6,35,0,8,52,6,66,18,0,18,84
02/24/2022,ALO,IA,ACE,CE,Combined TRACON& Tower with Radar,0,7,12,0,19,0,0,2,1,3,0,7,14,1,22,6,0,6,28
02/25/2022,ALO,IA,ACE,CE,Combined TRACON& Tower with Radar,0,7,6,0,13,0,2,25,0,27,0,9,31,0,40,26,0,26,66
02/26/2022,ALO,IA,ACE,CE,Combined TRACON& Tower with Radar,0,12,9,0,21,0,0,25,0,25,0,12,34,0,46,40,0,40,86
02/27/2022,ALO,IA,ACE,CE,Combined TRACON& Tower with Radar,0,8,5,0,13,0,0,19,0,19,0,8,24,0,32,46,0,46,78
02/28/2022,ALO,IA,ACE,CE,Combined TRACON& Tower with Radar,0,7,7,0,14,0,2,34,0,36,0,9,41,0,50,44,0,44,94
03/01/2022,ALO,IA,ACE,CE,Combined TRACON& Tower with Radar,0,8,26,0,34,0,0,29,0,29,0,8,55,0,63,31,0,31,94
03/02/2022,ALO,IA,ACE,CE,Combined TRACON& Tower with Radar,0,5,14,0,19,0,2,24,6,32,0,7,38,6,51,104,0,104,155
03/03/2022,ALO,IA,ACE,CE,Combined TRACON& Tower with Radar,0,3,17,0,20,0,0,12,4,16,0,3,29,4,36,34,10,44,80
03/04/2022,ALO,IA,ACE,CE,Combined TRACON& Tower with Radar,0,6,15,1,22,0,0,17,8,25,0,6,32,9,47,24,0,24,71
03/05/2022,ALO,IA,ACE,CE,Combined TRACON& Tower with Radar,1,6,0,0,7,0,0,3,0,3,1,6,3,0,10,0,0,0,10
03/06/2022,ALO,IA,ACE,CE,Combined TRACON& Tower with Radar,2,4,9,0,15,0,0,1,0,1,2,4,10,0,16,0,0,0,16
03/07/2022,ALO,IA,ACE,CE,Combined TRACON& Tower with Radar,0,4,7,0,11,0,0,4,0,4,0,4,11,0,15,8,0,8,23
03/08/2022,ALO,IA,ACE,CE,Combined TRACON& Tower with Radar,0,6,15,0,21,0,0,34,8,42,0,6,49,8,63,40,4,44,107
03/09/2022,ALO,IA,ACE,CE,Combined TRACON& Tower with Radar,2,8,8,0,18,0,0,23,7,30,2,8,31,7,48,26,0,26,74
03/10/2022,ALO,IA,ACE,CE,Combined TRACON& Tower with Radar,0,4,8,0,12,0,0,14,10,24,0,4,22,10,36,6,12,18,54
03/11/2022,ALO,IA,ACE,CE,Combined TRACON& Tower with Radar,0,6,8,1,15,0,0,9,10,19,0,6,17,11,34,12,8,20,54
03/12/2022,ALO,IA,ACE,CE,Combined TRACON& Tower with Radar,0,11,3,0,14,0,0,28,27,55,0,11,31,27,69,48,8,56,125
03/13/2022,ALO,IA,ACE,CE,Combined TRACON& Tower with Radar,0,4,3,0,7,0,0,14,0,14,0,4,17,0,21,12,0,12,33
03/14/2022,ALO,IA,ACE,CE,Combined TRACON& Tower with Radar,0,4,18,0,22,0,0,26,0,26,0,4,44,0,48,56,0,56,104
03/15/2022,ALO,IA,ACE,CE,Combined TRACON& Tower with Radar,0,6,18,0,24,0,0,20,3,23,0,6,38,3,47,48,0,48,95
03/16/2022,ALO,IA,ACE,CE,Combined TRACON& Tower with Radar,0,6,13,0,19,0,1,28,11,40,0,7,41,11,59,38,0,38,97
03/17/2022,ALO,IA,ACE,CE,Combined TRACON& Tower with Radar,0,6,7,0,13,0,0,7,10,17,0,6,14,10,30,6,2,8,38
03/18/2022,ALO,IA,ACE,CE,Combined TRACON& Tower with Radar,1,5,2,0,8,0,0,0,0,0,1,5,2,0,8,0,0,0,8
03/19/2022,ALO,IA,ACE,CE,Combined TRACON& Tower with Radar,0,4,4,0,8,0,0,54,0,54,0,4,58,0,62,90,0,90,152
03/20/2022,ALO,IA,ACE,CE,Combined TRACON& Tower with Radar,0,5,21,0,26,0,0,57,1,58,0,5,78,1,84,52,0,52,136
03/21/2022,ALO,IA,ACE,CE,Combined TRACON& Tower with Radar,0,10,3,0,13,0,0,33,1,34,0,10,36,1,47,20,0,20,67
03/22/2022,ALO,IA,ACE,CE,Combined TRACON& Tower with Radar,0,4,8,0,12,0,0,0,0,0,0,4,8,0,12,0,0,0,12
03/23/2022,ALO,IA,ACE,CE,Combined TRACON& Tower with Radar,0,4,2,0,6,0,0,0,1,1,0,4,2,1,7,0,0,0,7
03/24/2022,ALO,IA,ACE,CE,Combined TRACON& Tower with Radar,0,4,8,8,20,0,0,0,8,8,0,4,8,16,28,0,10,10,38
03/25/2022,ALO,IA,ACE,CE,Combined TRACON& Tower with Radar,0,7,6,0,13,0,0,5,1,6,0,7,11,1,19,0,0,0,19
03/26/2022,ALO,IA,ACE,CE,Combined TRACON& Tower with Radar,0,4,8,0,12,0,0,17,0,17,0,4,25,0,29,22,0,22,51
03/27/2022,ALO,IA,ACE,CE,Combined TRACON& Tower with Radar,0,6,10,0,16,0,0,42,0,42,0,6,52,0,58,60,0,60,118
03/28/2022,ALO,IA,ACE,CE,Combined TRACON& Tower with Radar,0,4,22,0,26,0,0,48,0,48,0,4,70,0,74,36,0,36,110
03/29/2022,ALO,IA,ACE,CE,Combined TRACON& Tower with Radar,0,4,11,0,15,0,0,9,0,9,0,4,20,0,24,15,0,15,39
03/30/2022,ALO,IA,ACE,CE,Combined TRACON& Tower with Radar,0,5,6,0,11,0,0,0,0,0,0,5,6,0,11,0,0,0,11
03/31/2022,ALO,IA,ACE,CE,Combined TRACON& Tower with Radar,0,8,10,4,22,0,0,5,10,15,0,8,15,14,37,0,12,12,49
04/01/2022,ALO,IA,ACE,CE,Combined TRACON& Tower with Radar,0,6,16,0,22,0,0,51,2,53,0,6,67,2,75,58,4,62,137
04/02/2022,ALO,IA,ACE,CE,Combined TRACON& Tower with Radar,0,6,2,0,8,0,0,4,0,4,0,6,6,0,12,0,0,0,12
04/03/2022,ALO,IA,ACE,CE,Combined TRACON& Tower with Radar,0,4,13,0,17,0,0,18,0,18,0,4,31,0,35,10,0,10,45
04/04/2022,ALO,IA,ACE,CE,Combined TRACON& Tower with Radar,0,4,8,0,12,0,0,14,0,14,0,4,22,0,26,36,0,36,62
04/05/2022,ALO,IA,ACE,CE,Combined TRACON& Tower with Radar,0,5,15,0,20,0,0,7,8,15,0,5,22,8,35,10,8,18,53
04/06/2022,ALO,IA,ACE,CE,Combined TRACON& Tower with Radar,0,5,11,0,16,0,1,3,2,6,0,6,14,2,22,0,2,2,24
04/07/2022,ALO,IA,ACE,CE,Combined TRACON& Tower with Radar,0,5,12,0,17,0,0,0,6,6,0,5,12,6,23,0,14,14,37
04/08/2022,ALO,IA,ACE,CE,Combined TRACON& Tower with Radar,0,4,6,2,12,0,0,7,7,14,0,4,13,9,26,18,14,32,58
04/09/2022,ALO,IA,ACE,CE,Combined TRACON& Tower with Radar,0,4,11,0,15,0,0,56,0,56,0,4,67,0,71,80,0,80,151
04/10/2022,ALO,IA,ACE,CE,Combined TRACON& Tower with Radar,0,4,6,0,10,0,0,15,6,21,0,4,21,6,31,0,0,0,31
04/11/2022,ALO,IA,ACE,CE,Combined TRACON& Tower with Radar,0,4,8,0,12,0,0,39,0,39,0,4,47,0,51,52,0,52,103
04/12/2022,ALO,IA,ACE,CE,Combined TRACON& Tower with Radar,0,8,6,0,14,0,0,11,0,11,0,8,17,0,25,14,0,14,39
04/13/2022,ALO,IA,ACE,CE,Combined TRACON& Tower with Radar,0,6,6,12,24,0,0,2,1,3,0,6,8,13,27,0,14,14,41
04/14/2022,ALO,IA,ACE,CE,Combined TRACON& Tower with Radar,1,7,10,2,20,0,0,6,0,6,1,7,16,2,26,0,0,0,26
04/15/2022,ALO,IA,ACE,CE,Combined TRACON& Tower with Radar,0,14,5,0,19,0,2,26,6,34,0,16,31,6,53,52,2,54,107
04/16/2022,ALO,IA,ACE,CE,Combined TRACON& Tower with Radar,0,4,4,0,8,0,0,26,0,26,0,4,30,0,34,34,0,34,68
04/17/2022,ALO,IA,ACE,CE,Combined TRACON& Tower with Radar,0,4,1,0,5,0,0,13,0,13,0,4,14,0,18,8,0,8,26
04/18/2022,ALO,IA,ACE,CE,Combined TRACON& Tower with Radar,0,4,7,0,11,0,0,3,0,3,0,4,10,0,14,0,0,0,14
04/19/2022,ALO,IA,ACE,CE,Combined TRACON& Tower with Radar,3,9,21,1,34,0,2,27,5,34,3,11,48,6,68,26,0,26,94
04/20/2022,ALO,IA,ACE,CE,Combined TRACON& Tower with Radar,2,5,5,1,13,0,0,2,1,3,2,5,7,2,16,4,16,20,36
04/21/2022,ALO,IA,ACE,CE,Combined TRACON& Tower with Radar,1,11,26,2,40,0,0,41,4,45,1,11,67,6,85,38,0,38,123
04/22/2022,ALO,IA,ACE,CE,Combined TRACON& Tower with Radar,2,4,0,0,6,0,0,1,0,1,2,4,1,0,7,0,0,0,7
04/23/2022,ALO,IA,ACE,CE,Combined TRACON& Tower with Radar,0,4,2,0,6,0,0,0,0,0,0,4,2,0,6,0,0,0,6
04/24/2022,ALO,IA,ACE,CE,Combined TRACON& Tower with Radar,0,6,5,0,11,0,0,6,0,6,0,6,11,0,17,4,0,4,21
04/25/2022,ALO,IA,ACE,CE,Combined TRACON& Tower with Radar,0,8,5,0,13,0,0,5,0,5,0,8,10,0,18,0,0,0,18
04/26/2022,ALO,IA,ACE,CE,Combined TRACON& Tower with Radar,0,8,19,2,29,0,0,46,4,50,0,8,65,6,79,80,8,88,167
04/27/2022,ALO,IA,ACE,CE,Combined TRACON& Tower with Radar,0,11,6,5,22,0,3,20,12,35,0,14,26,17,57,34,14,48,105
04/28/2022,ALO,IA,ACE,CE,Combined TRACON& Tower with Radar,0,6,18,26,50,0,0,3,2,5,0,6,21,28,55,16,18,34,89
04/29/2022,ALO,IA,ACE,CE,Combined TRACON& Tower with Radar,0,4,8,0,12,0,0,5,5,10,0,4,13,5,22,0,20,20,42
04/30/2022,ALO,IA,ACE,CE,Combined TRACON& Tower with Radar,0,2,3,0,5,0,0,2,0,2,0,2,5,0,7,0,0,0,7
05/01/2022,ALO,IA,ACE,CE,Combined TRACON& Tower with Radar,0,4,3,0,7,0,0,2,0,2,0,4,5,0,9,0,0,0,9
05/02/2022,ALO,IA,ACE,CE,Combined TRACON& Tower with Radar,0,4,21,0,25,0,0,18,0,18,0,4,39,0,43,36,0,36,79
05/03/2022,ALO,IA,ACE,CE,Combined TRACON& Tower with Radar,0,5,7,2,14,0,0,6,3,9,0,5,13,5,23,14,2,16,39
05/04/2022,ALO,IA,ACE,CE,Combined TRACON& Tower with Radar,0,4,16,4,24,0,0,40,2,42,0,4,56,6,66,0,0,0,66
05/05/2022,ALO,IA,ACE,CE,Combined TRACON& Tower with Radar,0,10,12,6,28,0,1,3,0,4,0,11,15,6,32,6,0,6,38
05/06/2022,ALO,IA,ACE,CE,Combined TRACON& Tower with Radar,0,7,20,0,27,0,0,41,2,43,0,7,61,2,70,60,8,68,138
05/07/2022,ALO,IA,ACE,CE,Combined TRACON& Tower with Radar,0,4,10,0,14,0,0,68,0,68,0,4,78,0,82,42,0,42,124
05/08/2022,ALO,IA,ACE,CE,Combined TRACON& Tower with Radar,0,4,0,0,4,0,0,1,0,1,0,4,1,0,5,0,0,0,5
05/09/2022,ALO,IA,ACE,CE,Combined TRACON& Tower with Radar,0,4,4,1,9,0,0,5,11,16,0,4,9,12,25,4,14,18,43
05/10/2022,ALO,IA,ACE,CE,Combined TRACON& Tower with Radar,0,6,15,2,23,0,0,20,7,27,0,6,35,9,50,48,0,48,98
05/11/2022,ALO,IA,ACE,CE,Combined TRACON& Tower with Radar,1,9,22,0,32,0,0,30,3,33,1,9,52,3,65,42,0,42,107
05/12/2022,ALO,IA,ACE,CE,Combined TRACON& Tower with Radar,0,10,16,0,26,0,0,38,3,41,0,10,54,3,67,18,0,18,85
05/13/2022,ALO,IA,ACE,CE,Combined TRACON& Tower with Radar,0,4,18,0,22,0,1,31,2,34,0,5,49,2,56,12,0,12,68
05/14/2022,ALO,IA,ACE,CE,Combined TRACON& Tower with Radar,0,7,9,0,16,0,0,43,0,43,0,7,52,0,59,13,0,13,72
05/15/2022,ALO,IA,ACE,CE,Combined TRACON& Tower with Radar,0,4,8,0,12,0,0,41,2,43,0,4,49,2,55,10,0,10,65
05/16/2022,ALO,IA,ACE,CE,Combined TRACON& Tower with Radar,0,6,7,0,13,0,2,37,2,41,0,8,44,2,54,18,1,19,73
05/17/2022,ALO,IA,ACE,CE,Combined TRACON& Tower with Radar,0,4,13,0,17,0,0,28,3,31,0,4,41,3,48,14,1,15,63
05/18/2022,ALO,IA,ACE,CE,Combined TRACON& Tower with Radar,0,15,14,0,29,0,2,20,2,24,0,17,34,2,53,39,20,59,112
05/19/2022,ALO,IA,ACE,CE,Combined TRACON& Tower with Radar,0,10,15,0,25,0,0,18,20,38,0,10,33,20,63,13,29,42,105
05/20/2022,ALO,IA,ACE,CE,Combined TRACON& Tower with Radar,1,7,6,3,17,0,0,26,15,41,1,7,32,18,58,18,1,19,77
05/21/2022,ALO,IA,ACE,CE,Combined TRACON& Tower with Radar,0,6,3,0,9,0,0,38,0,38,0,6,41,0,47,8,0,8,55
05/22/2022,ALO,IA,ACE,CE,Combined TRACON& Tower with Radar,0,4,5,0,9,0,2,21,0,23,0,6,26,0,32,14,0,14,46
05/23/2022,ALO,IA,ACE,CE,Combined TRACON& Tower with Radar,0,4,11,0,15,0,0,48,3,51,0,4,59,3,66,31,0,31,97
05/24/2022,ALO,IA,ACE,CE,Combined TRACON& Tower with Radar,0,3,11,1,15,0,1,15,0,16,0,4,26,1,31,14,4,18,49
05/25/2022,ALO,IA,ACE,CE,Combined TRACON& Tower with Radar,0,5,11,0,16,0,0,0,0,0,0,5,11,0,16,0,0,0,16
05/26/2022,ALO,IA,ACE,CE,Combined TRACON& Tower with Radar,0,13,23,0,36,0,0,7,0,7,0,13,30,0,43,16,0,16,59
05/27/2022,ALO,IA,ACE,CE,Combined TRACON& Tower with Radar,0,12,22,0,34,0,0,43,0,43,0,12,65,0,77,26,0,26,103
05/28/2022,ALO,IA,ACE,CE,Combined TRACON& Tower with Radar,0,5,1,4,10,0,0,22,0,22,0,5,23,4,32,6,0,6,38
05/29/2022,ALO,IA,ACE,CE,Combined TRACON& Tower with Radar,0,5,6,0,11,0,0,11,0,11,0,5,17,0,22,2,0,2,24
05/30/2022,ALO,IA,ACE,CE,Combined TRACON& Tower with Radar,0,8,2,0,10,0,0,7,0,7,0,8,9,0,17,8,0,8,25
05/31/2022,ALO,IA,ACE,CE,Combined TRACON& Tower with Radar,0,6,13,1,20,0,2,14,7,23,0,8,27,8,43,6,3,9,52
06/01/2022,ALO,IA,ACE,CE,Combined TRACON& Tower with Radar,0,6,11,0,17,0,2,52,1,55,0,8,63,1,72,92,4,96,168
06/02/2022,ALO,IA,ACE,CE,Combined TRACON& Tower with Radar,0,5,17,2,24,0,0,49,2,51,0,5,66,4,75,93,0,93,168
06/03/2022,ALO,IA,ACE,CE,Combined TRACON& Tower with Radar,0,8,11,1,20,0,0,66,11,77,0,8,77,12,97,66,4,70,167
06/04/2022,ALO,IA,ACE,CE,Combined TRACON& Tower with Radar,0,6,2,0,8,0,1,7,0,8,0,7,9,0,16,0,0,0,16
06/05/2022,ALO,IA,ACE,CE,Combined TRACON& Tower with Radar,0,3,7,0,10,0,0,5,1,6,0,3,12,1,16,12,0,12,28
06/06/2022,ALO,IA,ACE,CE,Combined TRACON& Tower with Radar,0,3,15,0,18,0,1,3,0,4,0,4,18,0,22,0,0,0,22
06/07/2022,ALO,IA,ACE,CE,Combined TRACON& Tower with Radar,0,2,16,0,18,0,0,34,3,37,0,2,50,3,55,36,2,38,93
06/08/2022,ALO,IA,ACE,CE,Combined TRACON& Tower with Radar,0,8,19,0,27,0,0,25,10,35,0,8,44,10,62,22,0,22,84
06/09/2022,ALO,IA,ACE,CE,Combined TRACON& Tower with Radar,1,8,10,0,19,0,1,37,8,46,1,9,47,8,65,20,2,22,87
06/10/2022,ALO,IA,ACE,CE,Combined TRACON& Tower with Radar,0,6,9,0,15,0,0,8,4,12,0,6,17,4,27,18,4,22,49
06/11/2022,ALO,IA,ACE,CE,Combined TRACON& Tower with Radar,0,4,0,0,4,0,0,4,3,7,0,4,4,3,11,8,0,8,19
06/12/2022,ALO,IA,ACE,CE,Combined TRACON& Tower with Radar,0,4,9,0,13,0,1,18,0,19,0,5,27,0,32,20,0,20,52
06/13/2022,ALO,IA,ACE,CE,Combined TRACON& Tower with Radar,0,8,4,2,14,0,0,4,0,4,0,8,8,2,18,6,0,6,24
06/14/2022,ALO,IA,ACE,CE,Combined TRACON& Tower with Radar,0,4,21,0,25,0,3,23,1,27,0,7,44,1,52,32,0,32,84
06/15/2022,ALO,IA,ACE,CE,Combined TRACON& Tower with Radar,0,7,13,0,20,0,1,14,1,16,0,8,27,1,36,18,0,18,54
06/16/2022,ALO,IA,ACE,CE,Combined TRACON& Tower with Radar,0,8,16,0,24,0,1,31,7,39,0,9,47,7,63,26,0,26,89
06/17/2022,ALO,IA,ACE,CE,Combined TRACON& Tower with Radar,0,10,11,0,21,0,1,54,0,55,0,11,65,0,76,48,0,48,124
06/18/2022,ALO,IA,ACE,CE,Combined TRACON& Tower with Radar,0,5,1,0,6,0,1,27,1,29,0,6,28,1,35,46,0,46,81
06/19/2022,ALO,IA,ACE,CE,Combined TRACON& Tower with Radar,0,5,4,0,9,0,1,19,0,20,0,6,23,0,29,16,0,16,45
06/20/2022,ALO,IA,ACE,CE,Combined TRACON& Tower with Radar,0,8,11,0,19,0,0,33,0,33,0,8,44,0,52,34,0,34,86
06/21/2022,ALO,IA,ACE,CE,Combined TRACON& Tower with Radar,0,6,15,0,21,0,4,24,0,28,0,10,39,0,49,54,0,54,103
06/22/2022,ALO,IA,ACE,CE,Combined TRACON& Tower with Radar,0,5,19,0,24,0,0,34,7,41,0,5,53,7,65,62,0,62,127
06/23/2022,ALO,IA,ACE,CE,Combined TRACON& Tower with Radar,0,5,10,1,16,0,4,31,3,38,0,9,41,4,54,56,10,66,120
06/24/2022,ALO,IA,ACE,CE,Combined TRACON& Tower with Radar,0,9,12,4,25,0,0,20,0,20,0,9,32,4,45,44,0,44,89
06/25/2022,ALO,IA,ACE,CE,Combined TRACON& Tower with Radar,0,6,2,0,8,0,0,1,0,1,0,6,3,0,9,6,0,6,15
06/26/2022,ALO,IA,ACE,CE,Combined TRACON& Tower with Radar,0,4,4,0,8,0,3,11,3,17,0,7,15,3,25,0,0,0,25
06/27/2022,ALO,IA,ACE,CE,Combined TRACON& Tower with Radar,0,6,9,0,15,0,0,20,0,20,0,6,29,0,35,60,0,60,95
06/28/2022,ALO,IA,ACE,CE,Combined TRACON& Tower with Radar,0,2,17,0,19,0,0,31,8,39,0,2,48,8,58,56,4,60,118
06/29/2022,ALO,IA,ACE,CE,Combined TRACON& Tower with Radar,0,7,13,1,21,0,2,26,6,34,0,9,39,7,55,64,8,72,127
06/30/2022,ALO,IA,ACE,CE,Combined TRACON& Tower with Radar,0,6,9,0,15,0,0,19,0,19,0,6,28,0,34,20,0,20,54
07/01/2022,ALO,IA,ACE,CE,Combined TRACON& Tower with Radar,0,4,2,0,6,0,0,17,0,17,0,4,19,0,23,20,0,20,43
07/02/2022,ALO,IA,ACE,CE,Combined TRACON& Tower with Radar,0,4,8,0,12,0,0,21,0,21,0,4,29,0,33,6,0,6,39
07/03/2022,ALO,IA,ACE,CE,Combined TRACON& Tower with Radar,0,4,1,1,6,0,3,23,0,26,0,7,24,1,32,2,0,2,34
07/04/2022,ALO,IA,ACE,CE,Combined TRACON& Tower with Radar,0,2,0,0,2,0,0,5,0,5,0,2,5,0,7,0,0,0,7
07/05/2022,ALO,IA,ACE,CE,Combined TRACON& Tower with Radar,2,4,4,0,10,0,1,9,0,10,2,5,13,0,20,0,0,0,20
07/06/2022,ALO,IA,ACE,CE,Combined TRACON& Tower with Radar,0,4,7,0,11,0,0,8,3,11,0,4,15,3,22,68,0,68,90
07/07/2022,ALO,IA,ACE,CE,Combined TRACON& Tower with Radar,0,6,19,0,25,0,0,4,0,4,0,6,23,0,29,0,0,0,29
07/08/2022,ALO,IA,ACE,CE,Combined TRACON& Tower with Radar,0,4,16,0,20,0,0,5,0,5,0,4,21,0,25,0,0,0,25
07/09/2022,ALO,IA,ACE,CE,Combined TRACON& Tower with Radar,2,4,8,0,14,0,0,34,0,34,2,4,42,0,48,38,0,38,86
07/10/2022,ALO,IA,ACE,CE,Combined TRACON& Tower with Radar,0,4,14,0,18,0,1,19,0,20,0,5,33,0,38,32,0,32,70
07/11/2022,ALO,IA,ACE,CE,Combined TRACON& Tower with Radar,0,6,5,12,23,0,2,15,0,17,0,8,20,12,40,26,8,34,74
07/12/2022,ALO,IA,ACE,CE,Combined TRACON& Tower with Radar,0,3,18,1,22,0,3,37,1,41,0,6,55,2,63,66,8,74,137
07/13/2022,ALO,IA,ACE,CE,Combined TRACON& Tower with Radar,0,5,15,0,20,0,0,41,4,45,0,5,56,4,65,118,0,118,183
07/14/2022,ALO,IA,ACE,CE,Combined TRACON& Tower with Radar,0,5,18,0,23,0,0,57,2,59,0,5,75,2,82,92,0,92,174
07/15/2022,ALO,IA,ACE,CE,Combined TRACON& Tower with Radar,0,9,11,0,20,0,0,18,0,18,0,9,29,0,38,34,0,34,72
07/16/2022,ALO,IA,ACE,CE,Combined TRACON& Tower with Radar,0,4,5,2,11,0,1,17,0,18,0,5,22,2,29,0,0,0,29
07/17/2022,ALO,IA,ACE,CE,Combined TRACON& Tower with Radar,0,6,5,0,11,0,0,30,0,30,0,6,35,0,41,22,0,22,63
07/18/2022,ALO,IA,ACE,CE,Combined TRACON& Tower with Radar,0,4,6,0,10,0,1,32,0,33,0,5,38,0,43,48,0,48,91
07/19/2022,ALO,IA,ACE,CE,Combined TRACON& Tower with Radar,0,4,15,0,19,0,2,24,0,26,0,6,39,0,45,10,0,10,55
07/20/2022,ALO,IA,ACE,CE,Combined TRACON& Tower with Radar,0,2,4,1,7,0,0,21,8,29,0,2,25,9,36,32,0,32,68
07/21/2022,ALO,IA,ACE,CE,Combined TRACON& Tower with Radar,0,5,2,0,7,0,1,52,5,58,0,6,54,5,65,54,4,58,123
07/22/2022,ALO,IA,ACE,CE,Combined TRACON& Tower with Radar,0,5,17,1,23,0,0,28,1,29,0,5,45,2,52,54,0,54,106
07/23/2022,ALO,IA,ACE,CE,Combined TRACON& Tower with Radar,0,6,9,0,15,0,0,23,0,23,0,6,32,0,38,30,0,30,68
07/24/2022,ALO,IA,ACE,CE,Combined TRACON& Tower with Radar,0,4,6,0,10,0,0,23,0,23,0,4,29,0,33,6,0,6,39
07/25/2022,ALO,IA,ACE,CE,Combined TRACON& Tower with Radar,0,4,4,0,8,0,1,28,0,29,0,5,32,0,37,50,0,50,87
07/26/2022,ALO,IA,ACE,CE,Combined TRACON& Tower with Radar,0,4,24,0,28,0,1,34,1,36,0,5,58,1,64,18,0,18,82
07/27/2022,ALO,IA,ACE,CE,Combined TRACON& Tower with Radar,0,5,19,0,24,0,0,26,7,33,0,5,45,7,57,10,0,10,67
07/28/2022,ALO,IA,ACE,CE,Combined TRACON& Tower with Radar,0,6,9,0,15,0,1,43,13,57,0,7,52,13,72,16,6,22,94
07/29/2022,ALO,IA,ACE,CE,Combined TRACON& Tower with Radar,0,8,10,0,18,0,1,27,7,35,0,9,37,7,53,26,0,26,79
07/30/2022,ALO,IA,ACE,CE,Combined TRACON& Tower with Radar,0,6,15,1,22,0,2,17,14,33,0,8,32,15,55,0,0,0,55
07/31/2022,ALO,IA,ACE,CE,Combined TRACON& Tower with Radar,0,4,8,0,12,0,0,25,0,25,0,4,33,0,37,24,0,24,61
08/01/2022,ALO,IA,ACE,CE,Combined TRACON& Tower with Radar,0,4,17,0,21,0,1,20,1,22,0,5,37,1,43,36,0,36,79
08/02/2022,ALO,IA,ACE,CE,Combined TRACON& Tower with Radar,0,2,23,0,25,0,3,22,0,25,0,5,45,0,50,175,0,175,225
08/03/2022,ALO,IA,ACE,CE,Combined TRACON& Tower with Radar,0,4,14,0,18,0,0,16,3,19,0,4,30,3,37,32,6,38,75
08/04/2022,ALO,IA,ACE,CE,Combined TRACON& Tower with Radar,0,7,12,0,19,0,1,54,3,58,0,8,66,3,77,64,18,82,159
08/05/2022,ALO,IA,ACE,CE,Combined TRACON& Tower with Radar,0,6,5,1,12,0,0,15,1,16,0,6,20,2,28,12,0,12,40
08/06/2022,ALO,IA,ACE,CE,Combined TRACON& Tower with Radar,0,4,3,0,7,0,0,16,3,19,0,4,19,3,26,8,0,8,34
08/07/2022,ALO,IA,ACE,CE,Combined TRACON& Tower with Radar,0,2,6,0,8,0,0,0,0,0,0,2,6,0,8,0,0,0,8
08/08/2022,ALO,IA,ACE,CE,Combined TRACON& Tower with Radar,0,5,11,0,16,0,0,27,0,27,0,5,38,0,43,40,0,40,83
08/09/2022,ALO,IA,ACE,CE,Combined TRACON& Tower with Radar,0,2,31,0,33,0,1,47,2,50,0,3,78,2,83,54,10,64,147
08/10/2022,ALO,IA,ACE,CE,Combined TRACON& Tower with Radar,0,5,11,1,17,0,0,37,9,46,0,5,48,10,63,72,2,74,137
08/11/2022,ALO,IA,ACE,CE,Combined TRACON& Tower with Radar,0,2,9,0,11,0,0,19,2,21,0,2,28,2,32,0,0,0,32
08/12/2022,ALO,IA,ACE,CE,Combined TRACON& Tower with Radar,0,2,10,0,12,0,0,14,0,14,0,2,24,0,26,20,0,20,46
08/13/2022,ALO,IA,ACE,CE,Combined TRACON& Tower with Radar,0,6,6,2,14,0,0,27,0,27,0,6,33,2,41,40,0,40,81
08/14/2022,ALO,IA,ACE,CE,Combined TRACON& Tower with Radar,0,6,7,0,13,0,1,10,0,11,0,7,17,0,24,46,0,46,70
08/15/2022,ALO,IA,ACE,CE,Combined TRACON& Tower with Radar,0,7,11,4,22,0,0,13,0,13,0,7,24,4,35,8,0,8,43
08/16/2022,ALO,IA,ACE,CE,Combined TRACON& Tower with Radar,0,4,8,0,12,0,0,41,4,45,0,4,49,4,57,34,0,34,91
08/17/2022,ALO,IA,ACE,CE,Combined TRACON& Tower with Radar,0,4,11,0,15,0,3,43,2,48,0,7,54,2,63,0,0,0,63
08/18/2022,ALO,IA,ACE,CE,Combined TRACON& Tower with Radar,0,11,29,0,40,0,1,53,7,61,0,12,82,7,101,50,0,50,151
08/19/2022,ALO,IA,ACE,CE,Combined TRACON& Tower with Radar,0,4,9,0,13,0,0,10,0,10,0,4,19,0,23,54,0,54,77
08/20/2022,ALO,IA,ACE,CE,Combined TRACON& Tower with Radar,1,3,8,0,12,0,0,8,2,10,1,3,16,2,22,4,0,4,26
08/21/2022,ALO,IA,ACE,CE,Combined TRACON& Tower with Radar,0,8,2,0,10,0,0,22,0,22,0,8,24,0,32,36,0,36,68
08/22/2022,ALO,IA,ACE,CE,Combined TRACON& Tower with Radar,0,6,9,0,15,0,2,40,0,42,0,8,49,0,57,62,0,62,119
08/23/2022,ALO,IA,ACE,CE,Combined TRACON& Tower with Radar,0,6,14,0,20,0,0,33,5,38,0,6,47,5,58,60,0,60,118
08/24/2022,ALO,IA,ACE,CE,Combined TRACON& Tower with Radar,2,5,19,0,26,0,1,33,7,41,2,6,52,7,67,50,0,50,117
08/25/2022,ALO,IA,ACE,CE,Combined TRACON& Tower with Radar,0,5,33,0,38,0,0,30,2,32,0,5,63,2,70,32,4,36,106
08/26/2022,ALO,IA,ACE,CE,Combined TRACON& Tower with Radar,0,6,14,0,20,0,1,28,6,35,0,7,42,6,55,46,0,46,101
08/27/2022,ALO,IA,ACE,CE,Combined TRACON& Tower with Radar,0,4,5,2,11,0,0,157,6,163,0,4,162,8,174,0,0,0,174
08/28/2022,ALO,IA,ACE,CE,Combined TRACON& Tower with Radar,0,4,12,0,16,0,0,15,0,15,0,4,27,0,31,32,0,32,63
08/29/2022,ALO,IA,ACE,CE,Combined TRACON& Tower with Radar,0,3,16,0,19,0,3,23,0,26,0,6,39,0,45,32,0,32,77
08/30/2022,ALO,IA,ACE,CE,Combined TRACON& Tower with Radar,0,4,17,1,22,0,0,44,1,45,0,4,61,2,67,36,0,36,103
08/31/2022,ALO,IA,ACE,CE,Combined TRACON& Tower with Radar,0,6,16,0,22,0,0,49,5,54,0,6,65,5,76,72,2,74,150
09/01/2022,ALO,IA,ACE,CE,Combined TRACON& Tower with Radar,0,4,6,0,10,0,0,35,3,38,0,4,41,3,48,62,0,62,110
09/02/2022,ALO,IA,ACE,CE,Combined TRACON& Tower with Radar,2,5,10,0,17,0,2,35,0,37,2,7,45,0,54,34,0,34,88
09/03/2022,ALO,IA,ACE,CE,Combined TRACON& Tower with Radar,1,4,7,0,12,0,1,7,0,8,1,5,14,0,20,18,0,18,38
09/04/2022,ALO,IA,ACE,CE,Combined TRACON& Tower with Radar,0,4,3,0,7,0,1,14,0,15,0,5,17,0,22,1,0,1,23
09/05/2022,ALO,IA,ACE,CE,Combined TRACON& Tower with Radar,0,7,18,0,25,0,0,15,0,15,0,7,33,0,40,44,0,44,84
09/06/2022,ALO,IA,ACE,CE,Combined TRACON& Tower with Radar,0,2,27,6,35,0,0,21,1,22,0,2,48,7,57,28,0,28,85
09/07/2022,ALO,IA,ACE,CE,Combined TRACON& Tower with Radar,0,3,12,0,15,0,0,25,11,36,0,3,37,11,51,60,1,61,112
09/08/2022,ALO,IA,ACE,CE,Combined TRACON& Tower with Radar,0,5,24,3,32,0,1,36,8,45,0,6,60,11,77,68,6,74,151
09/09/2022,ALO,IA,ACE,CE,Combined TRACON& Tower with Radar,2,4,7,0,13,0,0,36,1,37,2,4,43,1,50,36,0,36,86
09/10/2022,ALO,IA,ACE,CE,Combined TRACON& Tower with Radar,0,4,4,0,8,0,0,1,0,1,0,4,5,0,9,18,0,18,27
09/11/2022,ALO,IA,ACE,CE,Combined TRACON& Tower with Radar,0,4,2,0,6,0,1,18,0,19,0,5,20,0,25,6,0,6,31
09/12/2022,ALO,IA,ACE,CE,Combined TRACON& Tower with Radar,0,4,13,0,17,0,2,44,0,46,0,6,57,0,63,46,0,46,109
09/13/2022,ALO,IA,ACE,CE,Combined TRACON& Tower with Radar,0,12,22,0,34,0,2,48,2,52,0,14,70,2,86,38,0,38,124
09/14/2022,ALO,IA,ACE,CE,Combined TRACON& Tower with Radar,0,2,19,0,21,0,2,34,0,36,0,4,53,0,57,0,0,0,57
09/15/2022,ALO,IA,ACE,CE,Combined TRACON& Tower with Radar,0,10,17,0,27,0,1,32,7,40,0,11,49,7,67,56,4,60,127
09/16/2022,ALO,IA,ACE,CE,Combined TRACON& Tower with Radar,1,8,20,0,29,0,1,32,3,36,1,9,52,3,65,44,10,54,119
09/17/2022,ALO,IA,ACE,CE,Combined TRACON& Tower with Radar,0,6,5,1,12,0,0,13,12,25,0,6,18,13,37,46,20,66,103
09/18/2022,ALO,IA,ACE,CE,Combined TRACON& Tower with Radar,0,4,11,0,15,0,0,24,3,27,0,4,35,3,42,89,0,89,131
09/19/2022,ALO,IA,ACE,CE,Combined TRACON& Tower with Radar,0,4,15,0,19,0,0,30,0,30,0,4,45,0,49,50,0,50,99
09/20/2022,ALO,IA,ACE,CE,Combined TRACON& Tower with Radar,0,5,14,0,19,0,0,33,0,33,0,5,47,0,52,24,0,24,76
09/21/2022,ALO,IA,ACE,CE,Combined TRACON& Tower with Radar,1,5,18,0,24,0,0,27,0,27,1,5,45,0,51,48,0,48,99
09/22/2022,ALO,IA,ACE,CE,Combined TRACON& Tower with Radar,0,4,14,0,18,0,1,35,0,36,0,5,49,0,54,68,0,68,122
09/23/2022,ALO,IA,ACE,CE,Combined TRACON& Tower with Radar,0,4,9,0,13,0,1,14,0,15,0,5,23,0,28,26,0,26,54
09/24/2022,ALO,IA,ACE,CE,Combined TRACON& Tower with Radar,0,3,7,0,10,0,0,5,0,5,0,3,12,0,15,16,0,16,31
09/25/2022,ALO,IA,ACE,CE,Combined TRACON& Tower with Radar,0,6,10,0,16,0,0,13,0,13,0,6,23,0,29,10,0,10,39
09/26/2022,ALO,IA,ACE,CE,Combined TRACON& Tower with Radar,0,4,15,0,19,0,0,8,0,8,0,4,23,0,27,0,0,0,27
09/27/2022,ALO,IA,ACE,CE,Combined TRACON& Tower with Radar,0,6,11,0,17,0,1,39,3,43,0,7,50,3,60,56,0,56,116
09/28/2022,ALO,IA,ACE,CE,Combined TRACON& Tower with Radar,0,3,18,0,21,0,2,42,0,44,0,5,60,0,65,30,0,30,95
09/29/2022,ALO,IA,ACE,CE,Combined TRACON& Tower with Radar,0,6,12,0,18,0,2,46,2,50,0,8,58,2,68,62,0,62,130
09/30/2022,ALO,IA,ACE,CE,Combined TRACON& Tower with Radar,0,4,15,0,19,0,0,26,0,26,0,4,41,0,45,26,0,26,71
10/01/2022,ALO,IA,ACE,CE,Combined TRACON& Tower with Radar,0,4,10,0,14,0,0,27,0,27,0,4,37,0,41,32,0,32,73
10/02/2022,ALO,IA,ACE,CE,Combined TRACON& Tower with Radar,0,5,8,0,13,0,0,30,0,30,0,5,38,0,43,26,0,26,69
10/03/2022,ALO,IA,ACE,CE,Combined TRACON& Tower with Radar,0,8,22,0,30,0,0,27,0,27,0,8,49,0,57,54,0,54,111
10/04/2022,ALO,IA,ACE,CE,Combined TRACON& Tower with Radar,0,2,13,0,15,0,1,37,0,38,0,3,50,0,53,64,0,64,117
10/05/2022,ALO,IA,ACE,CE,Combined TRACON& Tower with Radar,0,4,10,0,14,0,1,13,0,14,0,5,23,0,28,18,0,18,46
10/06/2022,ALO,IA,ACE,CE,Combined TRACON& Tower with Radar,0,3,7,0,10,0,0,9,0,9,0,3,16,0,19,28,0,28,47
10/07/2022,ALO,IA,ACE,CE,Combined TRACON& Tower with Radar,0,5,2,0,7,0,0,28,0,28,0,5,30,0,35,66,0,66,101
10/08/2022,ALO,IA,ACE,CE,Combined TRACON& Tower with Radar,0,6,4,0,10,0,0,15,2,17,0,6,19,2,27,10,0,10,37
10/09/2022,ALO,IA,ACE,CE,Combined TRACON& Tower with Radar,0,5,9,0,14,0,1,38,0,39,0,6,47,0,53,40,0,40,93
10/10/2022,ALO,IA,ACE,CE,Combined TRACON& Tower with Radar,0,12,20,0,32,0,2,26,0,28,0,14,46,0,60,48,0,48,108
10/11/2022,ALO,IA,ACE,CE,Combined TRACON& Tower with Radar,0,4,18,0,22,0,0,17,0,17,0,4,35,0,39,6,0,6,45
10/12/2022,ALO,IA,ACE,CE,Combined TRACON& Tower with Radar,0,4,10,1,15,0,0,22,4,26,0,4,32,5,41,6,0,6,47
10/13/2022,ALO,IA,ACE,CE,Combined TRACON& Tower with Radar,0,7,16,0,23,0,0,18,10,28,0,7,34,10,51,14,0,14,65
10/14/2022,ALO,IA,ACE,CE,Combined TRACON& Tower with Radar,0,4,10,0,14,0,2,16,13,31,0,6,26,13,45,12,8,20,65
10/15/2022,ALO,IA,ACE,CE,Combined TRACON& Tower with Radar,0,4,3,1,8,0,0,29,7,36,0,4,32,8,44,16,8,24,68
10/16/2022,ALO,IA,ACE,CE,Combined TRACON& Tower with Radar,0,4,3,1,8,0,0,9,8,17,0,4,12,9,25,18,2,20,45
10/17/2022,ALO,IA,ACE,CE,Combined TRACON& Tower with Radar,0,4,5,0,9,0,2,7,2,11,0,6,12,2,20,8,0,8,28
10/18/2022,ALO,IA,ACE,CE,Combined TRACON& Tower with Radar,0,6,12,0,18,0,0,19,2,21,0,6,31,2,39,8,0,8,47
10/19/2022,ALO,IA,ACE,CE,Combined TRACON& Tower with Radar,0,4,18,1,23,0,0,51,7,58,0,4,69,8,81,104,0,104,185
10/20/2022,ALO,IA,ACE,CE,Combined TRACON& Tower with Radar,0,4,25,0,29,0,0,47,4,51,0,4,72,4,80,50,2,52,132
10/21/2022,ALO,IA,ACE,CE,Combined TRACON& Tower with Radar,0,4,12,0,16,0,1,23,0,24,0,5,35,0,40,44,0,44,84
10/22/2022,ALO,IA,ACE,CE,Combined TRACON& Tower with Radar,0,5,9,0,14,0,0,26,0,26,0,5,35,0,40,2,0,2,42
10/23/2022,ALO,IA,ACE,CE,Combined TRACON& Tower with Radar,0,4,4,0,8,0,0,3,0,3,0,4,7,0,11,0,0,0,11
10/24/2022,ALO,IA,ACE,CE,Combined TRACON& Tower with Radar,0,5,7,0,12,0,0,2,0,2,0,5,9,0,14,0,0,0,14
10/25/2022,ALO,IA,ACE,CE,Combined TRACON& Tower with Radar,0,6,13,0,19,0,3,19,3,25,0,9,32,3,44,70,0,70,114
10/26/2022,ALO,IA,ACE,CE,Combined TRACON& Tower with Radar,0,5,23,1,29,0,1,48,8,57,0,6,71,9,86,48,6,54,140
10/27/2022,ALO,IA,ACE,CE,Combined TRACON& Tower with Radar,0,10,9,1,20,0,2,25,11,38,0,12,34,12,58,62,0,62,120
10/28/2022,ALO,IA,ACE,CE,Combined TRACON& Tower with Radar,2,7,11,0,20,0,1,34,8,43,2,8,45,8,63,30,0,30,93
10/29/2022,ALO,IA,ACE,CE,Combined TRACON& Tower with Radar,0,15,7,0,22,0,0,46,0,46,0,15,53,0,68,64,0,64,132
10/30/2022,ALO,IA,ACE,CE,Combined TRACON& Tower with Radar,0,6,11,0,17,0,0,27,0,27,0,6,38,0,44,102,0,102,146
10/31/2022,ALO,IA,ACE,CE,Combined TRACON& Tower with Radar,0,6,16,0,22,0,0,34,3,37,0,6,50,3,59,98,0,98,157
11/01/2022,ALO,IA,ACE,CE,Combined TRACON& Tower with Radar,0,6,22,0,28,0,0,33,2,35,0,6,55,2,63,64,0,64,127
11/02/2022,ALO,IA,ACE,CE,Combined TRACON& Tower with Radar,0,4,16,2,22,0,1,21,15,37,0,5,37,17,59,24,0,24,83
11/03/2022,ALO,IA,ACE,CE,Combined TRACON& Tower with Radar,0,4,7,1,12,0,1,18,1,20,0,5,25,2,32,0,0,0,32
11/04/2022,ALO,IA,ACE,CE,Combined TRACON& Tower with Radar,0,8,6,0,14,0,0,1,1,2,0,8,7,1,16,0,10,10,26
11/05/2022,ALO,IA,ACE,CE,Combined TRACON& Tower with Radar,0,2,8,0,10,0,0,1,8,9,0,2,9,8,19,0,12,12,31
11/06/2022,ALO,IA,ACE,CE,Combined TRACON& Tower with Radar,4,4,11,2,21,0,1,33,4,38,4,5,44,6,59,70,26,96,155
11/07/2022,ALO,IA,ACE,CE,Combined TRACON& Tower with Radar,0,7,17,0,24,0,2,41,0,43,0,9,58,0,67,60,0,60,127
11/08/2022,ALO,IA,ACE,CE,Combined TRACON& Tower with Radar,0,6,12,1,19,0,0,26,10,36,0,6,38,11,55,14,0,14,69
11/09/2022,ALO,IA,ACE,CE,Combined TRACON& Tower with Radar,0,6,15,3,24,0,2,4,6,12,0,8,19,9,36,0,4,4,40
11/10/2022,ALO,IA,ACE,CE,Combined TRACON& Tower with Radar,0,6,17,0,23,0,1,1,1,3,0,7,18,1,26,0,0,0,26
11/11/2022,ALO,IA,ACE,CE,Combined TRACON& Tower with Radar,0,4,12,0,16,0,0,13,0,13,0,4,25,0,29,18,0,18,47
11/12/2022,ALO,IA,ACE,CE,Combined TRACON& Tower with Radar,0,4,4,0,8,0,0,2,0,2,0,4,6,0,10,0,0,0,10
11/13/2022,ALO,IA,ACE,CE,Combined TRACON& Tower with Radar,0,4,10,0,14,0,0,26,0,26,0,4,36,0,40,40,0,40,80
11/14/2022,ALO,IA,ACE,CE,Combined TRACON& Tower with Radar,0,4,17,0,21,0,0,14,0,14,0,4,31,0,35,48,0,48,83
11/15/2022,ALO,IA,ACE,CE,Combined TRACON& Tower with Radar,0,5,8,0,13,0,0,0,0,0,0,5,8,0,13,0,0,0,13
11/16/2022,ALO,IA,ACE,CE,Combined TRACON& Tower with Radar,0,4,2,0,6,0,0,0,0,0,0,4,2,0,6,0,0,0,6
11/17/2022,ALO,IA,ACE,CE,Combined TRACON& Tower with Radar,0,4,11,1,16,0,0,3,4,7,0,4,14,5,23,0,0,0,23
11/18/2022,ALO,IA,ACE,CE,Combined TRACON& Tower with Radar,0,6,11,1,18,0,1,5,2,8,0,7,16,3,26,2,0,2,28
11/19/2022,ALO,IA,ACE,CE,Combined TRACON& Tower with Radar,0,4,2,0,6,0,0,2,0,2,0,4,4,0,8,0,0,0,8
11/20/2022,ALO,IA,ACE,CE,Combined TRACON& Tower with Radar,0,6,6,0,12,0,0,25,0,25,0,6,31,0,37,26,0,26,63
11/21/2022,ALO,IA,ACE,CE,Combined TRACON& Tower with Radar,0,8,14,0,22,0,1,33,0,34,0,9,47,0,56,58,0,58,114
11/22/2022,ALO,IA,ACE,CE,Combined TRACON& Tower with Radar,0,5,21,0,26,0,3,47,0,50,0,8,68,0,76,40,0,40,116
11/23/2022,ALO,IA,ACE,CE,Combined TRACON& Tower with Radar,0,15,22,2,39,0,0,51,4,55,0,15,73,6,94,42,0,42,136
11/24/2022,ALO,IA,ACE,CE,Combined TRACON& Tower with Radar,0,0,2,0,2,0,0,3,0,3,0,0,5,0,5,0,0,0,5
11/25/2022,ALO,IA,ACE,CE,Combined TRACON& Tower with Radar,0,5,11,0,16,0,6,38,0,44,0,11,49,0,60,52,0,52,112
11/26/2022,ALO,IA,ACE,CE,Combined TRACON& Tower with Radar,0,4,8,0,12,0,2,22,0,24,0,6,30,0,36,28,0,28,64
11/27/2022,ALO,IA,ACE,CE,Combined TRACON& Tower with Radar,0,12,4,0,16,0,2,8,0,10,0,14,12,0,26,24,0,24,50
11/28/2022,ALO,IA,ACE,CE,Combined TRACON& Tower with Radar,0,4,12,0,16,0,3,32,0,35,0,7,44,0,51,38,0,38,89
11/29/2022,ALO,IA,ACE,CE,Combined TRACON& Tower with Radar,0,9,4,0,13,0,0,0,0,0,0,9,4,0,13,0,0,0,13
11/30/2022,ALO,IA,ACE,CE,Combined TRACON& Tower with Radar,0,5,11,0,16,0,0,5,15,20,0,5,16,15,36,12,8,20,56
12/01/2022,ALO,IA,ACE,CE,Combined TRACON& Tower with Radar,0,4,14,0,18,0,0,18,6,24,0,4,32,6,42,40,4,44,86
12/02/2022,ALO,IA,ACE,CE,Combined TRACON& Tower with Radar,0,6,11,0,17,0,0,8,3,11,0,6,19,3,28,3,2,5,33
12/03/2022,ALO,IA,ACE,CE,Combined TRACON& Tower with Radar,0,12,3,0,15,0,1,22,5,28,0,13,25,5,43,8,6,14,57
12/04/2022,ALO,IA,ACE,CE,Combined TRACON& Tower with Radar,0,8,3,0,11,0,1,36,0,37,0,9,39,0,48,15,0,15,63
12/05/2022,ALO,IA,ACE,CE,Combined TRACON& Tower with Radar,0,9,22,0,31,0,0,34,0,34,0,9,56,0,65,50,0,50,115
12/06/2022,ALO,IA,ACE,CE,Combined TRACON& Tower with Radar,0,5,15,0,20,0,2,20,0,22,0,7,35,0,42,40,0,40,82
12/07/2022,ALO,IA,ACE,CE,Combined TRACON& Tower with Radar,0,4,17,2,23,0,0,18,0,18,0,4,35,2,41,20,0,20,61
12/08/2022,ALO,IA,ACE,CE,Combined TRACON& Tower with Radar,0,5,9,0,14,0,0,2,0,2,0,5,11,0,16,4,0,4,20
12/09/2022,ALO,IA,ACE,CE,Combined TRACON& Tower with Radar,2,4,0,0,6,0,0,0,0,0,2,4,0,0,6,0,0,0,6
12/10/2022,ALO,IA,ACE,CE,Combined TRACON& Tower with Radar,2,4,6,0,12,0,0,0,0,0,2,4,6,0,12,0,0,0,12
12/11/2022,ALO,IA,ACE,CE,Combined TRACON& Tower with Radar,0,4,8,0,12,0,0,2,0,2,0,4,10,0,14,5,4,9,23
12/12/2022,ALO,IA,ACE,CE,Combined TRACON& Tower with Radar,0,4,4,0,8,0,1,1,0,2,0,5,5,0,10,0,0,0,10
12/13/2022,ALO,IA,ACE,CE,Combined TRACON& Tower with Radar,0,4,3,0,7,0,0,0,0,0,0,4,3,0,7,0,0,0,7
12/14/2022,ALO,IA,ACE,CE,Combined TRACON& Tower with Radar,0,5,11,2,18,0,1,18,7,26,0,6,29,9,44,6,0,6,50
12/15/2022,ALO,IA,ACE,CE,Combined TRACON& Tower with Radar,0,6,7,0,13,0,0,0,0,0,0,6,7,0,13,0,8,8,21
12/16/2022,ALO,IA,ACE,CE,Combined TRACON& Tower with Radar,0,4,5,0,9,0,0,0,0,0,0,4,5,0,9,0,0,0,9
12/17/2022,ALO,IA,ACE,CE,Combined TRACON& Tower with Radar,0,6,4,0,10,0,0,0,0,0,0,6,4,0,10,0,0,0,10
12/18/2022,ALO,IA,ACE,CE,Combined TRACON& Tower with Radar,0,6,9,0,15,0,2,22,0,24,0,8,31,0,39,28,0,28,67
12/19/2022,ALO,IA,ACE,CE,Combined TRACON& Tower with Radar,0,4,4,0,8,0,0,12,0,12,0,4,16,0,20,0,0,0,20
12/20/2022,ALO,IA,ACE,CE,Combined TRACON& Tower with Radar,0,5,20,1,26,0,0,31,17,48,0,5,51,18,74,50,6,56,130
12/21/2022,ALO,IA,ACE,CE,Combined TRACON& Tower with Radar,0,5,7,0,12,0,0,9,10,19,0,5,16,10,31,4,6,10,41
12/22/2022,ALO,IA,ACE,CE,Combined TRACON& Tower with Radar,0,2,0,0,2,0,0,0,0,0,0,2,0,0,2,0,0,0,2
12/23/2022,ALO,IA,ACE,CE,Combined TRACON& Tower with Radar,0,1,0,0,1,0,0,0,0,0,0,1,0,0,1,0,0,0,1
12/24/2022,ALO,IA,ACE,CE,Combined TRACON& Tower with Radar,0,3,0,0,3,0,0,1,0,1,0,3,1,0,4,0,0,0,4
12/25/2022,ALO,IA,ACE,CE,Combined TRACON& Tower with Radar,0,4,0,0,4,0,0,2,0,2,0,4,2,0,6,0,0,0,6
12/26/2022,ALO,IA,ACE,CE,Combined TRACON& Tower with Radar,0,6,4,0,10,0,0,2,0,2,0,6,6,0,12,0,0,0,12
12/27/2022,ALO,IA,ACE,CE,Combined TRACON& Tower with Radar,0,9,3,0,12,0,3,13,0,16,0,12,16,0,28,8,0,8,36
12/28/2022,ALO,IA,ACE,CE,Combined TRACON& Tower with Radar,0,10,12,0,22,0,2,17,4,23,0,12,29,4,45,38,0,38,83
12/29/2022,ALO,IA,ACE,CE,Combined TRACON& Tower with Radar,0,4,12,0,16,0,0,2,1,3,0,4,14,1,19,0,0,0,19
12/30/2022,ALO,IA,ACE,CE,Combined TRACON& Tower with Radar,0,4,6,0,10,0,0,5,0,5,0,4,11,0,15,3,0,3,18
12/31/2022,ALO,IA,ACE,CE,Combined TRACON& Tower with Radar,0,2,1,0,3,0,0,3,0,3,0,2,4,0,6,4,0,4,10
01/01/2023,ALO,IA,ACE,CE,Combined TRACON& Tower with Radar,0,4,2,0,6,0,0,4,0,4,0,4,6,0,10,0,0,0,10
01/02/2023,ALO,IA,ACE,CE,Combined TRACON& Tower with Radar,0,6,7,0,13,0,0,21,0,21,0,6,28,0,34,50,0,50,84
01/03/2023,ALO,IA,ACE,CE,Combined TRACON& Tower with Radar,0,6,0,0,6,0,0,0,0,0,0,6,0,0,6,0,0,0,6
01/04/2023,ALO,IA,ACE,CE,Combined TRACON& Tower with Radar,0,4,2,0,6,0,0,0,0,0,0,4,2,0,6,0,0,0,6
01/05/2023,ALO,IA,ACE,CE,Combined TRACON& Tower with Radar,0,6,8,0,14,0,0,8,2,10,0,6,16,2,24,16,16,32,56
01/06/2023,ALO,IA,ACE,CE,Combined TRACON& Tower with Radar,1,8,8,0,17,0,0,13,5,18,1,8,21,5,35,37,2,39,74
01/07/2023,ALO,IA,ACE,CE,Combined TRACON& Tower with Radar,1,4,4,0,9,0,0,34,15,49,1,4,38,15,58,32,8,40,98
01/08/2023,ALO,IA,ACE,CE,Combined TRACON& Tower with Radar,0,8,0,0,8,0,0,0,1,1,0,8,0,1,9,8,0,8,17
01/09/2023,ALO,IA,ACE,CE,Combined TRACON& Tower with Radar,0,6,9,0,15,0,0,30,0,30,0,6,39,0,45,64,0,64,109
01/10/2023,ALO,IA,ACE,CE,Combined TRACON& Tower with Radar,0,5,10,0,15,0,0,6,2,8,0,5,16,2,23,24,0,24,47
01/11/2023,ALO,IA,ACE,CE,Combined TRACON& Tower with Radar,0,2,28,0,30,0,0,25,13,38,0,2,53,13,68,46,8,54,122
01/12/2023,ALO,IA,ACE,CE,Combined TRACON& Tower with Radar,0,6,5,0,11,0,0,2,0,2,0,6,7,0,13,18,0,18,31
01/13/2023,ALO,IA,ACE,CE,Combined TRACON& Tower with Radar,0,11,0,0,11,0,0,0,0,0,0,11,0,0,11,0,0,0,11
01/14/2023,ALO,IA,ACE,CE,Combined TRACON& Tower with Radar,0,4,13,0,17,0,2,42,0,44,0,6,55,0,61,76,0,76,137
01/15/2023,ALO,IA,ACE,CE,Combined TRACON& Tower with Radar,0,4,8,0,12,0,0,19,0,19,0,4,27,0,31,11,0,11,42
01/16/2023,ALO,IA,ACE,CE,Combined TRACON& Tower with Radar,0,6,5,0,11,0,0,1,0,1,0,6,6,0,12,0,0,0,12
01/17/2023,ALO,IA,ACE,CE,Combined TRACON& Tower with Radar,0,6,8,0,14,0,0,1,1,2,0,6,9,1,16,0,0,0,16
01/18/2023,ALO,IA,ACE,CE,Combined TRACON& Tower with Radar,0,6,8,0,14,0,0,0,1,1,0,6,8,1,15,24,6,30,45
01/19/2023,ALO,IA,ACE,CE,Combined TRACON& Tower with Radar,0,7,5,0,12,0,0,2,0,2,0,7,7,0,14,0,38,38,52
01/20/2023,ALO,IA,ACE,CE,Combined TRACON& Tower with Radar,0,4,7,0,11,0,1,13,10,24,0,5,20,10,35,12,0,12,47
01/21/2023,ALO,IA,ACE,CE,Combined TRACON& Tower with Radar,0,4,1,0,5,0,0,0,0,0,0,4,1,0,5,0,0,0,5
01/22/2023,ALO,IA,ACE,CE,Combined TRACON& Tower with Radar,0,4,0,0,4,0,0,0,0,0,0,4,0,0,4,0,0,0,4
01/23/2023,ALO,IA,ACE,CE,Combined TRACON& Tower with Radar,0,8,11,0,19,0,3,12,0,15,0,11,23,0,34,35,0,35,69
01/24/2023,ALO,IA,ACE,CE,Combined TRACON& Tower with Radar,0,6,7,2,15,0,0,8,4,12,0,6,15,6,27,20,0,20,47
01/25/2023,ALO,IA,ACE,CE,Combined TRACON& Tower with Radar,0,4,13,1,18,0,0,0,0,0,0,4,13,1,18,0,8,8,26
01/26/2023,ALO,IA,ACE,CE,Combined TRACON& Tower with Radar,0,4,27,0,31,0,3,35,18,56,0,7,62,18,87,24,26,50,137
01/27/2023,ALO,IA,ACE,CE,Combined TRACON& Tower with Radar,0,8,4,1,13,0,1,5,4,10,0,9,9,5,23,0,0,0,23
01/28/2023,ALO,IA,ACE,CE,Combined TRACON& Tower with Radar,0,7,1,0,8,0,0,0,0,0,0,7,1,0,8,0,0,0,8
01/29/2023,ALO,IA,ACE,CE,Combined TRACON& Tower with Radar,0,4,7,0,11,0,2,10,0,12,0,6,17,0,23,5,0,5,28
01/30/2023,ALO,IA,ACE,CE,Combined TRACON& Tower with Radar,0,9,22,0,31,0,0,24,0,24,0,9,46,0,55,40,0,40,95
01/31/2023,ALO,IA,ACE,CE,Combined TRACON& Tower with Radar,0,6,17,0,23,0,2,19,0,21,0,8,36,0,44,38,0,38,82
02/01/2023,ALO,IA,ACE,CE,Combined TRACON& Tower with Radar,0,8,14,0,22,0,0,22,2,24,0,8,36,2,46,20,0,20,66
02/02/2023,ALO,IA,ACE,CE,Combined TRACON& Tower with Radar,0,4,4,0,8,0,0,18,0,18,0,4,22,0,26,18,0,18,44
02/03/2023,ALO,IA,ACE,CE,Combined TRACON& Tower with Radar,0,8,8,2,18,0,0,30,4,34,0,8,38,6,52,23,6,29,81
02/04/2023,ALO,IA,ACE,CE,Combined TRACON& Tower with Radar,0,8,5,0,13,0,0,27,7,34,0,8,32,7,47,11,4,15,62
02/05/2023,ALO,IA,ACE,CE,Combined TRACON& Tower with Radar,0,11,4,0,15,0,0,29,4,33,0,11,33,4,48,16,0,16,64
02/06/2023,ALO,IA,ACE,CE,Combined TRACON& Tower with Radar,0,9,4,0,13,0,0,9,1,10,0,9,13,1,23,8,0,8,31
02/07/2023,ALO,IA,ACE,CE,Combined TRACON& Tower with Radar,0,9,20,0,29,0,0,19,3,22,0,9,39,3,51,28,2,30,81
02/08/2023,ALO,IA,ACE,CE,Combined TRACON& Tower with Radar,0,5,17,2,24,0,0,27,3,30,0,5,44,5,54,42,0,42,96
02/09/2023,ALO,IA,ACE,CE,Combined TRACON& Tower with Radar,0,6,7,0,13,0,0,1,4,5,0,6,8,4,18,34,10,44,62
02/10/2023,ALO,IA,ACE,CE,Combined TRACON& Tower with Radar,0,8,14,0,22,0,0,31,7,38,0,8,45,7,60,22,10,32,92
02/11/2023,ALO,IA,ACE,CE,Combined TRACON& Tower with Radar,0,4,9,0,13,0,0,22,0,22,0,4,31,0,35,30,0,30,65
02/12/2023,ALO,IA,ACE,CE,Combined TRACON& Tower with Radar,0,4,6,0,10,0,0,29,0,29,0,4,35,0,39,44,0,44,83
02/13/2023,ALO,IA,ACE,CE,Combined TRACON& Tower with Radar,0,4,11,0,15,0,0,34,0,34,0,4,45,0,49,76,0,76,125
02/14/2023,ALO,IA,ACE,CE,Combined TRACON& Tower with Radar,0,4,4,1,9,0,0,0,1,1,0,4,4,2,10,0,0,0,10
02/15/2023,ALO,IA,ACE,CE,Combined TRACON& Tower with Radar,0,8,0,0,8,0,1,6,8,15,0,9,6,8,23,0,6,6,29
02/16/2023,ALO,IA,ACE,CE,Combined TRACON& Tower with Radar,0,2,7,0,9,0,0,0,0,0,0,2,7,0,9,0,0,0,9
02/17/2023,ALO,IA,ACE,CE,Combined TRACON& Tower with Radar,0,6,16,0,22,0,0,39,0,39,0,6,55,0,61,27,0,27,88
02/18/2023,ALO,IA,ACE,CE,Combined TRACON& Tower with Radar,0,7,6,0,13,0,2,31,2,35,0,9,37,2,48,13,0,13,61
02/19/2023,ALO,IA,ACE,CE,Combined TRACON& Tower with Radar,0,5,2,0,7,0,0,25,0,25,0,5,27,0,32,70,0,70,102
02/20/2023,ALO,IA,ACE,CE,Combined TRACON& Tower with Radar,0,5,4,0,9,0,0,27,0,27,0,5,31,0,36,51,0,51,87
02/21/2023,ALO,IA,ACE,CE,Combined TRACON& Tower with Radar,0,8,18,0,26,0,0,23,2,25,0,8,41,2,51,2,2,4,55
02/22/2023,ALO,IA,ACE,CE,Combined TRACON& Tower with Radar,0,2,0,0,2,0,0,0,0,0,0,2,0,0,2,0,0,0,2
02/23/2023,ALO,IA,ACE,CE,Combined TRACON& Tower with Radar,0,5,3,1,9,0,0,0,9,9,0,5,3,10,18,6,0,6,24
02/24/2023,ALO,IA,ACE,CE,Combined TRACON& Tower with Radar,0,7,2,0,9,0,0,17,5,22,0,7,19,5,31,32,4,36,67
02/25/2023,ALO,IA,ACE,CE,Combined TRACON& Tower with Radar,0,10,9,0,19,0,0,16,0,16,0,10,25,0,35,38,0,38,73
02/26/2023,ALO,IA,ACE,CE,Combined TRACON& Tower with Radar,0,8,16,0,24,0,0,35,0,35,0,8,51,0,59,90,0,90,149
02/27/2023,ALO,IA,ACE,CE,Combined TRACON& Tower with Radar,0,10,4,0,14,0,0,0,0,0,0,10,4,0,14,0,0,0,14
02/28/2023,ALO,IA,ACE,CE,Combined TRACON& Tower with Radar,0,8,11,2,21,0,0,25,12,37,0,8,36,14,58,40,4,44,102
03/01/2023,ALO,IA,ACE,CE,Combined TRACON& Tower with Radar,0,6,5,0,11,0,0,15,6,21,0,6,20,6,32,0,0,0,32
03/02/2023,ALO,IA,ACE,CE,Combined TRACON& Tower with Radar,0,4,10,0,14,0,0,17,14,31,0,4,27,14,45,46,14,60,105
03/03/2023,ALO,IA,ACE,CE,Combined TRACON& Tower with Radar,0,4,14,0,18,0,0,33,4,37,0,4,47,4,55,60,8,68,123
03/04/2023,ALO,IA,ACE,CE,Combined TRACON& Tower with Radar,0,6,3,0,9,0,0,66,1,67,0,6,69,1,76,140,0,140,216
03/05/2023,ALO,IA,ACE,CE,Combined TRACON& Tower with Radar,0,4,3,0,7,0,0,20,0,20,0,4,23,0,27,42,0,42,69
03/06/2023,ALO,IA,ACE,CE,Combined TRACON& Tower with Radar,0,4,6,0,10,0,0,1,0,1,0,4,7,0,11,14,0,14,25
03/07/2023,ALO,IA,ACE,CE,Combined TRACON& Tower with Radar,0,5,22,0,27,0,0,35,2,37,0,5,57,2,64,66,2,68,132
03/08/2023,ALO,IA,ACE,CE,Combined TRACON& Tower with Radar,0,4,13,0,17,0,0,5,5,10,0,4,18,5,27,28,18,46,73
03/09/2023,ALO,IA,ACE,CE,Combined TRACON& Tower with Radar,0,3,2,0,5,0,0,0,0,0,0,3,2,0,5,0,0,0,5
03/10/2023,ALO,IA,ACE,CE,Combined TRACON& Tower with Radar,0,2,4,0,6,0,0,4,2,6,0,2,8,2,12,6,0,6,18
03/11/2023,ALO,IA,ACE,CE,Combined TRACON& Tower with Radar,0,4,1,0,5,0,0,0,0,0,0,4,1,0,5,0,0,0,5
03/12/2023,ALO,IA,ACE,CE,Combined TRACON& Tower with Radar,0,4,1,0,5,0,1,3,0,4,0,5,4,0,9,0,0,0,9
03/13/2023,ALO,IA,ACE,CE,Combined TRACON& Tower with Radar,0,4,9,0,13,0,0,2,0,2,0,4,11,0,15,0,0,0,15
03/14/2023,ALO,IA,ACE,CE,Combined TRACON& Tower with Radar,0,4,18,1,23,0,1,53,3,57,0,5,71,4,80,44,4,48,128
03/15/2023,ALO,IA,ACE,CE,Combined TRACON& Tower with Radar,0,7,16,1,24,0,1,14,7,22,0,8,30,8,46,28,0,28,74
03/16/2023,ALO,IA,ACE,CE,Combined TRACON& Tower with Radar,0,6,7,0,13,0,0,0,0,0,0,6,7,0,13,22,0,22,35
03/17/2023,ALO,IA,ACE,CE,Combined TRACON& Tower with Radar,0,4,6,0,10,0,0,6,0,6,0,4,12,0,16,6,0,6,22
03/18/2023,ALO,IA,ACE,CE,Combined TRACON& Tower with Radar,0,3,6,0,9,0,0,7,0,7,0,3,13,0,16,6,0,6,22
03/19/2023,ALO,IA,ACE,CE,Combined TRACON& Tower with Radar,0,4,19,0,23,0,1,41,0,42,0,5,60,0,65,24,0,24,89
03/20/2023,ALO,IA,ACE,CE,Combined TRACON& Tower with Radar,0,7,13,0,20,0,2,37,0,39,0,9,50,0,59,56,0,56,115
03/21/2023,ALO,IA,ACE,CE,Combined TRACON& Tower with Radar,0,7,16,2,25,0,2,38,5,45,0,9,54,7,70,36,0,36,106
03/22/2023,ALO,IA,ACE,CE,Combined TRACON& Tower with Radar,0,8,13,0,21,0,0,12,15,27,0,8,25,15,48,14,8,22,70
03/23/2023,ALO,IA,ACE,CE,Combined TRACON& Tower with Radar,0,4,10,3,17,0,0,32,2,34,0,4,42,5,51,94,4,98,149
03/24/2023,ALO,IA,ACE,CE,Combined TRACON& Tower with Radar,0,6,16,0,22,0,0,46,2,48,0,6,62,2,70,44,0,44,114
03/25/2023,ALO,IA,ACE,CE,Combined TRACON& Tower with Radar,0,4,5,0,9,0,0,43,0,43,0,4,48,0,52,0,0,0,52
03/26/2023,ALO,IA,ACE,CE,Combined TRACON& Tower with Radar,0,4,8,0,12,0,1,0,0,1,0,5,8,0,13,0,0,0,13
03/27/2023,ALO,IA,ACE,CE,Combined TRACON& Tower with Radar,0,8,20,0,28,0,3,45,0,48,0,11,65,0,76,104,0,104,180
03/28/2023,ALO,IA,ACE,CE,Combined TRACON& Tower with Radar,0,8,20,5,33,0,0,56,3,59,0,8,76,8,92,74,12,86,178
03/29/2023,ALO,IA,ACE,CE,Combined TRACON& Tower with Radar,0,6,11,0,17,0,0,59,21,80,0,6,70,21,97,60,5,65,162
03/30/2023,ALO,IA,ACE,CE,Combined TRACON& Tower with Radar,0,4,13,3,20,0,0,21,11,32,0,4,34,14,52,30,26,56,108
03/31/2023,ALO,IA,ACE,CE,Combined TRACON& Tower with Radar,0,2,4,0,6,0,1,0,0,1,0,3,4,0,7,0,0,0,7
04/01/2023,ALO,IA,ACE,CE,Combined TRACON& Tower with Radar,0,7,10,0,17,0,0,33,1,34,0,7,43,1,51,6,0,6,57
04/02/2023,ALO,IA,ACE,CE,Combined TRACON& Tower with Radar,0,5,9,0,14,0,0,14,0,14,0,5,23,0,28,0,0,0,28
04/03/2023,ALO,IA,ACE,CE,Combined TRACON& Tower with Radar,0,4,9,0,13,0,3,42,0,45,0,7,51,0,58,102,0,102,160
04/04/2023,ALO,IA,ACE,CE,Combined TRACON& Tower with Radar,0,4,1,0,5,0,0,0,0,0,0,4,1,0,5,0,0,0,5
04/05/2023,ALO,IA,ACE,CE,Combined TRACON& Tower with Radar,0,4,3,0,7,0,0,5,13,18,0,4,8,13,25,14,12,26,51
04/06/2023,ALO,IA,ACE,CE,Combined TRACON& Tower with Radar,0,7,14,1,22,0,0,41,9,50,0,7,55,10,72,114,2,116,188
04/07/2023,ALO,IA,ACE,CE,Combined TRACON& Tower with Radar,0,4,9,1,14,0,0,44,2,46,0,4,53,3,60,32,6,38,98
04/08/2023,ALO,IA,ACE,CE,Combined TRACON& Tower with Radar,0,2,2,0,4,0,0,55,0,55,0,2,57,0,59,18,0,18,77
04/09/2023,ALO,IA,ACE,CE,Combined TRACON& Tower with Radar,0,4,1,0,5,0,0,17,0,17,0,4,18,0,22,0,0,0,22
04/10/2023,ALO,IA,ACE,CE,Combined TRACON& Tower with Radar,0,4,21,0,25,0,1,55,0,56,0,5,76,0,81,48,6,54,135
04/11/2023,ALO,IA,ACE,CE,Combined TRACON& Tower with Radar,0,6,26,4,36,0,2,32,9,43,0,8,58,13,79,56,24,80,159
04/12/2023,ALO,IA,ACE,CE,Combined TRACON& Tower with Radar,0,6,15,3,24,0,1,25,6,32,0,7,40,9,56,4,18,22,78
04/13/2023,ALO,IA,ACE,CE,Combined TRACON& Tower with Radar,0,4,10,0,14,0,0,23,11,34,0,4,33,11,48,26,0,26,74
04/14/2023,ALO,IA,ACE,CE,Combined TRACON& Tower with Radar,0,5,9,0,14,0,0,34,0,34,0,5,43,0,48,26,0,26,74
04/15/2023,ALO,IA,ACE,CE,Combined TRACON& Tower with Radar,0,3,7,0,10,0,0,5,0,5,0,3,12,0,15,6,0,6,21
04/16/2023,ALO,IA,ACE,CE,Combined TRACON& Tower with Radar,0,5,1,0,6,0,0,1,0,1,0,5,2,0,7,0,0,0,7
04/17/2023,ALO,IA,ACE,CE,Combined TRACON& Tower with Radar,0,5,9,0,14,0,4,17,0,21,0,9,26,0,35,0,0,0,35
04/18/2023,ALO,IA,ACE,CE,Combined TRACON& Tower with Radar,0,6,10,1,17,0,4,50,2,56,0,10,60,3,73,50,0,50,123
04/19/2023,ALO,IA,ACE,CE,Combined TRACON& Tower with Radar,0,12,10,0,22,0,1,11,14,26,0,13,21,14,48,2,4,6,54
04/20/2023,ALO,IA,ACE,CE,Combined TRACON& Tower with Radar,0,6,4,2,12,0,0,0,5,5,0,6,4,7,17,0,6,6,23
04/21/2023,ALO,IA,ACE,CE,Combined TRACON& Tower with Radar,0,4,11,4,19,0,2,13,1,16,0,6,24,5,35,30,0,30,65
04/22/2023,ALO,IA,ACE,CE,Combined TRACON& Tower with Radar,0,4,3,0,7,0,0,6,0,6,0,4,9,0,13,0,0,0,13
04/23/2023,ALO,IA,ACE,CE,Combined TRACON& Tower with Radar,0,8,8,0,16,0,1,51,1,53,0,9,59,1,69,64,0,64,133
04/24/2023,ALO,IA,ACE,CE,Combined TRACON& Tower with Radar,0,9,11,0,20,0,0,35,0,35,0,9,46,0,55,54,0,54,109
04/25/2023,ALO,IA,ACE,CE,Combined TRACON& Tower with Radar,0,5,19,0,24,0,1,40,0,41,0,6,59,0,65,32,0,32,97
04/26/2023,ALO,IA,ACE,CE,Combined TRACON& Tower with Radar,0,10,25,0,35,0,2,58,12,72,0,12,83,12,107,58,0,58,165
04/27/2023,ALO,IA,ACE,CE,Combined TRACON& Tower with Radar,0,4,22,0,26,0,0,50,8,58,0,4,72,8,84,44,2,46,130
04/28/2023,ALO,IA,ACE,CE,Combined TRACON& Tower with Radar,0,4,4,13,21,0,0,24,3,27,0,4,28,16,48,41,0,41,89
04/29/2023,ALO,IA,ACE,CE,Combined TRACON& Tower with Radar,0,5,2,0,7,0,0,15,0,15,0,5,17,0,22,12,0,12,34
04/30/2023,ALO,IA,ACE,CE,Combined TRACON& Tower with Radar,0,4,6,0,10,0,0,5,3,8,0,4,11,3,18,0,0,0,18
05/01/2023,ALO,IA,ACE,CE,Combined TRACON& Tower with Radar,0,4,5,0,9,0,1,4,1,6,0,5,9,1,15,0,0,0,15
05/02/2023,ALO,IA,ACE,CE,Combined TRACON& Tower with Radar,0,4,6,0,10,0,3,11,0,14,0,7,17,0,24,8,0,8,32
05/03/2023,ALO,IA,ACE,CE,Combined TRACON& Tower with Radar,0,5,29,0,34,0,0,56,0,56,0,5,85,0,90,70,0,70,160
05/04/2023,ALO,IA,ACE,CE,Combined TRACON& Tower with Radar,0,4,19,0,23,0,3,51,0,54,0,7,70,0,77,29,0,29,106
05/05/2023,ALO,IA,ACE,CE,Combined TRACON& Tower with Radar,0,4,11,0,15,0,0,5,0,5,0,4,16,0,20,4,0,4,24
05/06/2023,ALO,IA,ACE,CE,Combined TRACON& Tower with Radar,0,2,9,0,11,0,0,0,0,0,0,2,9,0,11,0,0,0,11
05/07/2023,ALO,IA,ACE,CE,Combined TRACON& Tower with Radar,0,6,11,0,17,0,0,3,0,3,0,6,14,0,20,14,0,14,34
05/08/2023,ALO,IA,ACE,CE,Combined TRACON& Tower with Radar,0,5,16,0,21,0,0,13,0,13,0,5,29,0,34,16,0,16,50
05/09/2023,ALO,IA,ACE,CE,Combined TRACON& Tower with Radar,0,8,19,0,27,0,0,22,2,24,0,8,41,2,51,26,20,46,97
05/10/2023,ALO,IA,ACE,CE,Combined TRACON& Tower with Radar,0,9,26,0,35,0,1,38,3,42,0,10,64,3,77,6,4,10,87
05/11/2023,ALO,IA,ACE,CE,Combined TRACON& Tower with Radar,0,5,17,0,22,0,0,15,2,17,0,5,32,2,39,24,0,24,63
05/12/2023,ALO,IA,ACE,CE,Combined TRACON& Tower with Radar,0,6,15,0,21,0,0,1,0,1,0,6,16,0,22,0,0,0,22
05/13/2023,ALO,IA,ACE,CE,Combined TRACON& Tower with Radar,0,2,1,0,3,0,0,4,0,4,0,2,5,0,7,0,0,0,7
05/14/2023,ALO,IA,ACE,CE,Combined TRACON& Tower with Radar,0,4,7,0,11,0,0,0,0,0,0,4,7,0,11,0,0,0,11
05/15/2023,ALO,IA,ACE,CE,Combined TRACON& Tower with Radar,0,8,20,0,28,0,0,19,0,19,0,8,39,0,47,28,0,28,75
05/16/2023,ALO,IA,ACE,CE,Combined TRACON& Tower with Radar,0,9,18,0,27,0,0,43,2,45,0,9,61,2,72,40,6,46,118
05/17/2023,ALO,IA,ACE,CE,Combined TRACON& Tower with Radar,0,10,20,2,32,0,0,42,4,46,0,10,62,6,78,40,0,40,118
05/18/2023,ALO,IA,ACE,CE,Combined TRACON& Tower with Radar,0,5,18,0,23,0,2,15,9,26,0,7,33,9,49,14,4,18,67
05/19/2023,ALO,IA,ACE,CE,Combined TRACON& Tower with Radar,0,11,22,0,33,0,3,19,7,29,0,14,41,7,62,8,0,8,70
05/20/2023,ALO,IA,ACE,CE,Combined TRACON& Tower with Radar,0,5,6,0,11,0,2,46,23,71,0,7,52,23,82,0,0,0,82
05/21/2023,ALO,IA,ACE,CE,Combined TRACON& Tower with Radar,0,9,12,1,22,0,0,13,2,15,0,9,25,3,37,8,0,8,45
05/22/2023,ALO,IA,ACE,CE,Combined TRACON& Tower with Radar,0,8,5,1,14,0,0,19,1,20,0,8,24,2,34,36,0,36,70
05/23/2023,ALO,IA,ACE,CE,Combined TRACON& Tower with Radar,0,8,15,0,23,0,0,48,5,53,0,8,63,5,76,88,2,90,166
05/24/2023,ALO,IA,ACE,CE,Combined TRACON& Tower with Radar,0,7,32,2,41,0,0,38,10,48,0,7,70,12,89,18,0,18,107
05/25/2023,ALO,IA,ACE,CE,Combined TRACON& Tower with Radar,1,5,23,0,29,0,0,27,4,31,1,5,50,4,60,12,0,12,72
05/26/2023,ALO,IA,ACE,CE,Combined TRACON& Tower with Radar,0,6,17,0,23,0,0,44,0,44,0,6,61,0,67,30,0,30,97
05/27/2023,ALO,IA,ACE,CE,Combined TRACON& Tower with Radar,0,2,7,0,9,0,0,35,0,35,0,2,42,0,44,6,0,6,50
05/28/2023,ALO,IA,ACE,CE,Combined TRACON& Tower with Radar,0,4,3,0,7,0,0,23,0,23,0,4,26,0,30,20,0,20,50
05/29/2023,ALO,IA,ACE,CE,Combined TRACON& Tower with Radar,0,4,7,0,11,0,0,22,0,22,0,4,29,0,33,0,0,0,33
05/30/2023,ALO,IA,ACE,CE,Combined TRACON& Tower with Radar,0,6,14,0,20,0,0,29,3,32,0,6,43,3,52,36,0,36,88
05/31/2023,ALO,IA,ACE,CE,Combined TRACON& Tower with Radar,0,3,16,1,20,0,1,25,18,44,0,4,41,19,64,18,2,20,84
06/01/2023,ALO,IA,ACE,CE,Combined TRACON& Tower with Radar,0,3,10,1,14,0,0,9,5,14,0,3,19,6,28,10,10,20,48
06/02/2023,ALO,IA,ACE,CE,Combined TRACON& Tower with Radar,0,4,14,0,18,0,0,42,1,43,0,4,56,1,61,36,0,36,97
06/03/2023,ALO,IA,ACE,CE,Combined TRACON& Tower with Radar,0,2,4,0,6,0,0,20,1,21,0,2,24,1,27,10,0,10,37
06/04/2023,ALO,IA,ACE,CE,Combined TRACON& Tower with Radar,0,4,8,0,12,0,1,25,1,27,0,5,33,1,39,18,0,18,57
06/05/2023,ALO,IA,ACE,CE,Combined TRACON& Tower with Radar,0,9,15,0,24,0,0,31,0,31,0,9,46,0,55,18,0,18,73
06/06/2023,ALO,IA,ACE,CE,Combined TRACON& Tower with Radar,1,7,8,10,26,0,0,7,5,12,1,7,15,15,38,48,8,56,94
06/07/2023,ALO,IA,ACE,CE,Combined TRACON& Tower with Radar,0,8,12,1,21,0,0,44,7,51,0,8,56,8,72,52,16,68,140
06/08/2023,ALO,IA,ACE,CE,Combined TRACON& Tower with Radar,0,4,11,0,15,0,0,35,5,40,0,4,46,5,55,58,2,60,115
06/09/2023,ALO,IA,ACE,CE,Combined TRACON& Tower with Radar,0,2,9,0,11,0,0,31,0,31,0,2,40,0,42,90,0,90,132
06/10/2023,ALO,IA,ACE,CE,Combined TRACON& Tower with Radar,2,2,3,0,7,0,1,23,0,24,2,3,26,0,31,38,0,38,69
06/11/2023,ALO,IA,ACE,CE,Combined TRACON& Tower with Radar,0,4,5,0,9,0,0,9,0,9,0,4,14,0,18,16,0,16,34
06/12/2023,ALO,IA,ACE,CE,Combined TRACON& Tower with Radar,0,6,13,0,19,0,1,21,0,22,0,7,34,0,41,32,0,32,73
06/13/2023,ALO,IA,ACE,CE,Combined TRACON& Tower with Radar,0,4,13,0,17,0,2,28,2,32,0,6,41,2,49,0,0,0,49
06/14/2023,ALO,IA,ACE,CE,Combined TRACON& Tower with Radar,0,5,12,0,17,0,0,49,5,54,0,5,61,5,71,64,4,68,139
06/15/2023,ALO,IA,ACE,CE,Combined TRACON& Tower with Radar,0,6,24,1,31,0,1,10,1,12,0,7,34,2,43,14,0,14,57
06/16/2023,ALO,IA,ACE,CE,Combined TRACON& Tower with Radar,0,6,11,0,17,0,3,39,1,43,0,9,50,1,60,98,0,98,158
06/17/2023,ALO,IA,ACE,CE,Combined TRACON& Tower with Radar,0,2,2,0,4,0,0,29,1,30,0,2,31,1,34,28,0,28,62
06/18/2023,ALO,IA,ACE,CE,Combined TRACON& Tower with Radar,0,5,10,0,15,0,0,7,0,7,0,5,17,0,22,30,0,30,52
06/19/2023,ALO,IA,ACE,CE,Combined TRACON& Tower with Radar,0,4,13,0,17,0,0,38,0,38,0,4,51,0,55,52,0,52,107
06/20/2023,ALO,IA,ACE,CE,Combined TRACON& Tower with Radar,0,4,11,0,15,0,0,39,4,43,0,4,50,4,58,62,0,62,120
06/21/2023,ALO,IA,ACE,CE,Combined TRACON& Tower with Radar,0,4,27,5,36,0,3,38,27,68,0,7,65,32,104,106,2,108,212
06/22/2023,ALO,IA,ACE,CE,Combined TRACON& Tower with Radar,0,8,16,7,31,0,0,42,5,47,0,8,58,12,78,50,0,50,128
06/23/2023,ALO,IA,ACE,CE,Combined TRACON& Tower with Radar,0,7,15,2,24,0,0,33,1,34,0,7,48,3,58,4,0,4,62
06/24/2023,ALO,IA,ACE,CE,Combined TRACON& Tower with Radar,1,4,0,0,5,0,0,4,2,6,1,4,4,2,11,0,0,0,11
06/25/2023,ALO,IA,ACE,CE,Combined TRACON& Tower with Radar,0,6,9,2,17,0,0,4,4,8,0,6,13,6,25,10,6,16,41
06/26/2023,ALO,IA,ACE,CE,Combined TRACON& Tower with Radar,0,6,12,0,18,0,0,13,0,13,0,6,25,0,31,24,0,24,55
06/27/2023,ALO,IA,ACE,CE,Combined TRACON& Tower with Radar,0,6,36,4,46,0,0,30,2,32,0,6,66,6,78,35,0,35,113
06/28/2023,ALO,IA,ACE,CE,Combined TRACON& Tower with Radar,0,4,19,0,23,0,0,5,0,5,0,4,24,0,28,12,0,12,40
06/29/2023,ALO,IA,ACE,CE,Combined TRACON& Tower with Radar,0,4,25,2,31,0,0,19,2,21,0,4,44,4,52,0,10,10,62
06/30/2023,ALO,IA,ACE,CE,Combined TRACON& Tower with Radar,0,4,8,0,12,0,0,18,3,21,0,4,26,3,33,40,6,46,79
07/01/2023,ALO,IA,ACE,CE,Combined TRACON& Tower with Radar,0,2,3,0,5,0,0,21,0,21,0,2,24,0,26,0,0,0,26
07/02/2023,ALO,IA,ACE,CE,Combined TRACON& Tower with Radar,0,4,1,0,5,0,0,14,0,14,0,4,15,0,19,2,0,2,21
07/03/2023,ALO,IA,ACE,CE,Combined TRACON& Tower with Radar,0,8,2,0,10,0,0,32,0,32,0,8,34,0,42,22,0,22,64
07/04/2023,ALO,IA,ACE,CE,Combined TRACON& Tower with Radar,0,4,7,0,11,0,1,19,0,20,0,5,26,0,31,0,0,0,31
07/05/2023,ALO,IA,ACE,CE,Combined TRACON& Tower with Radar,0,2,11,0,13,0,0,17,0,17,0,2,28,0,30,36,0,36,66
07/06/2023,ALO,IA,ACE,CE,Combined TRACON& Tower with Radar,0,6,18,0,24,0,0,48,10,58,0,6,66,10,82,90,6,96,178
07/07/2023,ALO,IA,ACE,CE,Combined TRACON& Tower with Radar,0,4,17,2,23,0,0,47,4,51,0,4,64,6,74,54,12,66,140
07/08/2023,ALO,IA,ACE,CE,Combined TRACON& Tower with Radar,0,2,6,0,8,0,0,17,4,21,0,2,23,4,29,6,0,6,35
07/09/2023,ALO,IA,ACE,CE,Combined TRACON& Tower with Radar,0,5,8,0,13,0,0,55,5,60,0,5,63,5,73,28,0,28,101
07/10/2023,ALO,IA,ACE,CE,Combined TRACON& Tower with Radar,0,2,7,0,9,0,0,20,0,20,0,2,27,0,29,2,0,2,31
07/11/2023,ALO,IA,ACE,CE,Combined TRACON& Tower with Radar,0,8,16,1,25,0,0,36,8,44,0,8,52,9,69,48,4,52,121
07/12/2023,ALO,IA,ACE,CE,Combined TRACON& Tower with Radar,0,2,5,6,13,0,0,7,2,9,0,2,12,8,22,18,0,18,40
07/13/2023,ALO,IA,ACE,CE,Combined TRACON& Tower with Radar,0,4,8,1,13,0,1,23,1,25,0,5,31,2,38,30,20,50,88
07/14/2023,ALO,IA,ACE,CE,Combined TRACON& Tower with Radar,0,4,10,1,15,0,0,19,4,23,0,4,29,5,38,46,0,46,84
07/15/2023,ALO,IA,ACE,CE,Combined TRACON& Tower with Radar,0,2,9,0,11,0,1,7,0,8,0,3,16,0,19,24,0,24,43
07/16/2023,ALO,IA,ACE,CE,Combined TRACON& Tower with Radar,0,4,15,0,19,0,0,17,0,17,0,4,32,0,36,1,0,1,37
07/17/2023,ALO,IA,ACE,CE,Combined TRACON& Tower with Radar,0,4,10,0,14,0,3,24,0,27,0,7,34,0,41,44,0,44,85
07/18/2023,ALO,IA,ACE,CE,Combined TRACON& Tower with Radar,0,10,11,0,21,0,3,45,0,48,0,13,56,0,69,54,0,54,123
07/19/2023,ALO,IA,ACE,CE,Combined TRACON& Tower with Radar,0,5,15,0,20,0,0,29,4,33,0,5,44,4,53,24,2,26,79
07/20/2023,ALO,IA,ACE,CE,Combined TRACON& Tower with Radar,0,8,13,0,21,0,0,18,6,24,0,8,31,6,45,4,8,12,57
07/21/2023,ALO,IA,ACE,CE,Combined TRACON& Tower with Radar,0,4,3,0,7,0,0,31,4,35,0,4,34,4,42,18,4,22,64
07/22/2023,ALO,IA,ACE,CE,Combined TRACON& Tower with Radar,0,2,4,0,6,0,0,39,12,51,0,2,43,12,57,6,30,36,93
07/23/2023,ALO,IA,ACE,CE,Combined TRACON& Tower with Radar,0,4,4,0,8,0,2,44,0,46,0,6,48,0,54,35,0,35,89
07/24/2023,ALO,IA,ACE,CE,Combined TRACON& Tower with Radar,0,4,10,0,14,0,3,28,0,31,0,7,38,0,45,36,0,36,81
07/25/2023,ALO,IA,ACE,CE,Combined TRACON& Tower with Radar,0,5,2,1,8,0,1,19,0,20,0,6,21,1,28,28,0,28,56
07/26/2023,ALO,IA,ACE,CE,Combined TRACON& Tower with Radar,0,7,7,0,14,0,0,20,4,24,0,7,27,4,38,6,0,6,44
07/27/2023,ALO,IA,ACE,CE,Combined TRACON& Tower with Radar,0,4,8,0,12,0,0,20,2,22,0,4,28,2,34,0,0,0,34
07/28/2023,ALO,IA,ACE,CE,Combined TRACON& Tower with Radar,0,4,7,2,13,0,0,15,0,15,0,4,22,2,28,10,0,10,38
07/29/2023,ALO,IA,ACE,CE,Combined TRACON& Tower with Radar,0,2,6,0,8,0,0,15,0,15,0,2,21,0,23,0,0,0,23
07/30/2023,ALO,IA,ACE,CE,Combined TRACON& Tower with Radar,0,4,7,0,11,0,0,41,0,41,0,4,48,0,52,32,0,32,84
07/31/2023,ALO,IA,ACE,CE,Combined TRACON& Tower with Radar,0,6,12,0,18,0,0,15,0,15,0,6,27,0,33,12,0,12,45
08/01/2023,ALO,IA,ACE,CE,Combined TRACON& Tower with Radar,0,8,9,0,17,0,0,31,4,35,0,8,40,4,52,14,0,14,66
08/02/2023,ALO,IA,ACE,CE,Combined TRACON& Tower with Radar,0,4,21,0,25,0,1,9,3,13,0,5,30,3,38,2,0,2,40
08/03/2023,ALO,IA,ACE,CE,Combined TRACON& Tower with Radar,0,8,3,0,11,0,0,16,2,18,0,8,19,2,29,36,0,36,65
08/04/2023,ALO,IA,ACE,CE,Combined TRACON& Tower with Radar,0,6,8,0,14,0,2,30,0,32,0,8,38,0,46,22,0,22,68
08/05/2023,ALO,IA,ACE,CE,Combined TRACON& Tower with Radar,0,2,3,0,5,0,0,25,0,25,0,2,28,0,30,24,0,24,54
08/06/2023,ALO,IA,ACE,CE,Combined TRACON& Tower with Radar,0,5,3,0,8,0,0,2,0,2,0,5,5,0,10,0,0,0,10
08/07/2023,ALO,IA,ACE,CE,Combined TRACON& Tower with Radar,0,4,5,0,9,0,0,14,0,14,0,4,19,0,23,8,0,8,31
08/08/2023,ALO,IA,ACE,CE,Combined TRACON& Tower with Radar,0,4,13,0,17,0,0,31,0,31,0,4,44,0,48,34,0,34,82
08/09/2023,ALO,IA,ACE,CE,Combined TRACON& Tower with Radar,0,6,18,2,26,0,0,11,0,11,0,6,29,2,37,8,0,8,45
08/10/2023,ALO,IA,ACE,CE,Combined TRACON& Tower with Radar,0,6,16,0,22,0,0,14,1,15,0,6,30,1,37,38,0,38,75
08/11/2023,ALO,IA,ACE,CE,Combined TRACON& Tower with Radar,0,6,13,2,21,0,0,19,0,19,0,6,32,2,40,68,0,68,108
08/12/2023,ALO,IA,ACE,CE,Combined TRACON& Tower with Radar,0,8,8,0,16,0,0,60,0,60,0,8,68,0,76,6,0,6,82
08/13/2023,ALO,IA,ACE,CE,Combined TRACON& Tower with Radar,0,4,4,0,8,0,0,9,0,9,0,4,13,0,17,0,0,0,17
08/14/2023,ALO,IA,ACE,CE,Combined TRACON& Tower with Radar,0,2,9,0,11,0,2,2,0,4,0,4,11,0,15,16,0,16,31
08/15/2023,ALO,IA,ACE,CE,Combined TRACON& Tower with Radar,0,8,9,0,17,0,0,23,0,23,0,8,32,0,40,22,0,22,62
08/16/2023,ALO,IA,ACE,CE,Combined TRACON& Tower with Radar,0,5,13,1,19,0,0,26,1,27,0,5,39,2,46,6,0,6,52
08/17/2023,ALO,IA,ACE,CE,Combined TRACON& Tower with Radar,0,5,19,0,24,0,0,7,1,8,0,5,26,1,32,10,0,10,42
08/18/2023,ALO,IA,ACE,CE,Combined TRACON& Tower with Radar,0,4,23,0,27,0,0,20,0,20,0,4,43,0,47,18,0,18,65
08/19/2023,ALO,IA,ACE,CE,Combined TRACON& Tower with Radar,0,2,3,0,5,0,0,23,0,23,0,2,26,0,28,6,0,6,34
08/20/2023,ALO,IA,ACE,CE,Combined TRACON& Tower with Radar,0,4,7,0,11,0,0,12,0,12,0,4,19,0,23,4,0,4,27
08/21/2023,ALO,IA,ACE,CE,Combined TRACON& Tower with Radar,0,4,14,0,18,0,0,12,0,12,0,4,26,0,30,16,0,16,46
08/22/2023,ALO,IA,ACE,CE,Combined TRACON& Tower with Radar,0,4,9,0,13,0,0,20,0,20,0,4,29,0,33,14,0,14,47
08/23/2023,ALO,IA,ACE,CE,Combined TRACON& Tower with Radar,0,4,8,1,13,0,0,10,9,19,0,4,18,10,32,14,0,14,46
08/24/2023,ALO,IA,ACE,CE,Combined TRACON& Tower with Radar,0,6,4,0,10,0,1,8,4,13,0,7,12,4,23,4,0,4,27
08/25/2023,ALO,IA,ACE,CE,Combined TRACON& Tower with Radar,0,4,10,0,14,0,2,16,0,18,0,6,26,0,32,36,0,36,68
08/26/2023,ALO,IA,ACE,CE,Combined TRACON& Tower with Radar,0,2,12,0,14,0,0,245,7,252,0,2,257,7,266,18,6,24,290
08/27/2023,ALO,IA,ACE,CE,Combined TRACON& Tower with Radar,0,6,2,1,9,0,0,26,4,30,0,6,28,5,39,10,0,10,49
08/28/2023,ALO,IA,ACE,CE,Combined TRACON& Tower with Radar,0,6,15,0,21,0,1,22,0,23,0,7,37,0,44,18,0,18,62
08/29/2023,ALO,IA,ACE,CE,Combined TRACON& Tower with Radar,0,6,13,2,21,0,0,16,0,16,0,6,29,2,37,32,0,32,69
08/30/2023,ALO,IA,ACE,CE,Combined TRACON& Tower with Radar,0,7,25,0,32,0,1,49,8,58,0,8,74,8,90,48,0,48,138
08/31/2023,ALO,IA,ACE,CE,Combined TRACON& Tower with Radar,0,6,25,0,31,0,0,23,0,23,0,6,48,0,54,0,0,0,54
