01/01/2000,ALW,WA,ANM,WE,Federal Contract Tower,0,2,0,0,2,0,2,0,0,2,0,4,0,0,4,0,0,0,4
01/02/2000,ALW,WA,ANM,WE,Federal Contract Tower,0,5,3,0,8,0,0,9,0,9,0,5,12,0,17,0,0,0,17
01/03/2000,ALW,WA,ANM,WE,Federal Contract Tower,0,7,4,0,11,0,2,1,0,3,0,9,5,0,14,22,0,22,36
01/04/2000,ALW,WA,ANM,WE,Federal Contract Tower,0,7,6,0,13,0,3,12,0,15,0,10,18,0,28,14,0,14,42
01/05/2000,ALW,WA,ANM,WE,Federal Contract Tower,0,9,10,0,19,0,2,35,0,37,0,11,45,0,56,50,0,50,106
01/06/2000,ALW,WA,ANM,WE,Federal Contract Tower,0,9,9,0,18,0,3,51,0,54,0,12,60,0,72,58,0,58,130
01/07/2000,ALW,WA,ANM,WE,Federal Contract Tower,0,9,10,0,19,0,2,21,0,23,0,11,31,0,42,4,0,4,46
01/08/2000,ALW,WA,ANM,WE,Federal Contract Tower,0,4,4,0,8,0,2,2,0,4,0,6,6,0,12,0,0,0,12
01/09/2000,ALW,WA,ANM,WE,Federal Contract Tower,0,2,0,0,2,0,2,0,0,2,0,4,0,0,4,0,0,0,4
01/10/2000,ALW,WA,ANM,WE,Federal Contract Tower,0,6,6,0,12,0,1,7,0,8,0,7,13,0,20,24,0,24,44
01/11/2000,ALW,WA,ANM,WE,Federal Contract Tower,0,7,6,0,13,0,5,39,0,44,0,12,45,0,57,84,0,84,141
01/12/2000,ALW,WA,ANM,WE,Federal Contract Tower,0,11,11,0,22,0,9,35,0,44,0,20,46,0,66,54,0,54,120
01/13/2000,ALW,WA,ANM,WE,Federal Contract Tower,0,10,12,0,22,0,0,24,0,24,0,10,36,0,46,94,0,94,140
01/14/2000,ALW,WA,ANM,WE,Federal Contract Tower,0,11,21,0,32,0,0,21,0,21,0,11,42,0,53,38,0,38,91
01/15/2000,ALW,WA,ANM,WE,Federal Contract Tower,0,6,11,0,17,0,0,17,0,17,0,6,28,0,34,34,0,34,68
01/16/2000,ALW,WA,ANM,WE,Federal Contract Tower,0,7,15,0,22,0,0,30,0,30,0,7,45,0,52,44,0,44,96
01/17/2000,ALW,WA,ANM,WE,Federal Contract Tower,0,7,14,0,21,0,0,84,0,84,0,7,98,0,105,94,0,94,199
01/18/2000,ALW,WA,ANM,WE,Federal Contract Tower,0,12,14,0,26,0,0,59,0,59,0,12,73,0,85,144,0,144,229
01/19/2000,ALW,WA,ANM,WE,Federal Contract Tower,0,2,0,0,2,0,3,0,0,3,0,5,0,0,5,0,0,0,5
01/20/2000,ALW,WA,ANM,WE,Federal Contract Tower,0,10,17,0,27,0,0,28,0,28,0,10,45,0,55,100,0,100,155
01/21/2000,ALW,WA,ANM,WE,Federal Contract Tower,0,9,8,0,17,0,0,0,0,0,0,9,8,0,17,8,0,8,25
01/22/2000,ALW,WA,ANM,WE,Federal Contract Tower,0,6,11,0,17,0,0,2,0,2,0,6,13,0,19,0,0,0,19
01/23/2000,ALW,WA,ANM,WE,Federal Contract Tower,0,7,11,0,18,0,0,1,0,1,0,7,12,0,19,0,0,0,19
01/24/2000,ALW,WA,ANM,WE,Federal Contract Tower,0,5,2,0,7,0,4,0,0,4,0,9,2,0,11,0,0,0,11
01/25/2000,ALW,WA,ANM,WE,Federal Contract Tower,0,7,10,0,17,0,5,19,0,24,0,12,29,0,41,116,0,116,157
01/26/2000,ALW,WA,ANM,WE,Federal Contract Tower,0,11,19,0,30,0,0,78,0,78,0,11,97,0,108,110,0,110,218
01/27/2000,ALW,WA,ANM,WE,Federal Contract Tower,0,9,11,0,20,0,1,57,0,58,0,10,68,0,78,100,0,100,178
01/28/2000,ALW,WA,ANM,WE,Federal Contract Tower,0,2,3,0,5,0,1,0,0,1,0,3,3,0,6,0,0,0,6
01/29/2000,ALW,WA,ANM,WE,Federal Contract Tower,0,3,2,0,5,0,3,0,0,3,0,6,2,0,8,0,0,0,8
01/30/2000,ALW,WA,ANM,WE,Federal Contract Tower,0,9,14,0,23,0,0,3,0,3,0,9,17,0,26,0,0,0,26
01/31/2000,ALW,WA,ANM,WE,Federal Contract Tower,0,7,10,0,17,0,2,30,0,32,0,9,40,0,49,54,0,54,103
02/01/2000,ALW,WA,ANM,WE,Federal Contract Tower,0,5,5,0,10,0,7,0,0,7,0,12,5,0,17,0,0,0,17
02/02/2000,ALW,WA,ANM,WE,Federal Contract Tower,0,10,11,0,21,0,0,31,0,31,0,10,42,0,52,100,0,100,152
02/03/2000,ALW,WA,ANM,WE,Federal Contract Tower,0,7,9,0,16,0,0,1,0,1,0,7,10,0,17,2,0,2,19
02/04/2000,ALW,WA,ANM,WE,Federal Contract Tower,0,9,17,0,26,0,0,10,0,10,0,9,27,0,36,40,0,40,76
02/05/2000,ALW,WA,ANM,WE,Federal Contract Tower,0,4,7,0,11,0,0,0,0,0,0,4,7,0,11,6,0,6,17
02/06/2000,ALW,WA,ANM,WE,Federal Contract Tower,0,5,10,0,15,0,0,60,0,60,0,5,70,0,75,54,0,54,129
02/07/2000,ALW,WA,ANM,WE,Federal Contract Tower,0,6,13,0,19,0,0,7,0,7,0,6,20,0,26,0,0,0,26
02/08/2000,ALW,WA,ANM,WE,Federal Contract Tower,0,12,6,1,19,0,0,0,9,9,0,12,6,10,28,14,20,34,62
02/09/2000,ALW,WA,ANM,WE,Federal Contract Tower,0,10,13,0,23,0,10,79,0,89,0,20,92,0,112,92,0,92,204
02/10/2000,ALW,WA,ANM,WE,Federal Contract Tower,0,10,14,0,24,0,0,70,0,70,0,10,84,0,94,92,0,92,186
02/11/2000,ALW,WA,ANM,WE,Federal Contract Tower,0,9,15,0,24,0,0,11,0,11,0,9,26,0,35,66,0,66,101
02/12/2000,ALW,WA,ANM,WE,Federal Contract Tower,0,4,4,0,8,0,2,0,0,2,0,6,4,0,10,0,0,0,10
02/13/2000,ALW,WA,ANM,WE,Federal Contract Tower,0,4,4,0,8,0,5,0,0,5,0,9,4,0,13,0,0,0,13
02/14/2000,ALW,WA,ANM,WE,Federal Contract Tower,0,3,0,0,3,0,4,0,0,4,0,7,0,0,7,0,0,0,7
02/15/2000,ALW,WA,ANM,WE,Federal Contract Tower,0,9,13,0,22,0,1,89,0,90,0,10,102,0,112,66,0,66,178
02/16/2000,ALW,WA,ANM,WE,Federal Contract Tower,0,8,15,0,23,0,0,30,0,30,0,8,45,0,53,44,0,44,97
02/17/2000,ALW,WA,ANM,WE,Federal Contract Tower,0,6,9,0,15,0,6,67,0,73,0,12,76,0,88,108,0,108,196
02/18/2000,ALW,WA,ANM,WE,Federal Contract Tower,0,7,10,0,17,0,4,55,0,59,0,11,65,0,76,58,0,58,134
02/19/2000,ALW,WA,ANM,WE,Federal Contract Tower,0,5,6,0,11,0,1,0,0,1,0,6,6,0,12,0,0,0,12
02/20/2000,ALW,WA,ANM,WE,Federal Contract Tower,0,6,12,0,18,0,0,5,0,5,0,6,17,0,23,0,0,0,23
02/21/2000,ALW,WA,ANM,WE,Federal Contract Tower,0,7,10,0,17,0,2,55,0,57,0,9,65,0,74,92,0,92,166
02/22/2000,ALW,WA,ANM,WE,Federal Contract Tower,0,6,10,0,16,0,4,23,0,27,0,10,33,0,43,32,0,32,75
02/23/2000,ALW,WA,ANM,WE,Federal Contract Tower,0,10,14,0,24,0,2,89,0,91,0,12,103,0,115,136,0,136,251
02/24/2000,ALW,WA,ANM,WE,Federal Contract Tower,0,12,20,0,32,0,0,72,0,72,0,12,92,0,104,86,0,86,190
02/25/2000,ALW,WA,ANM,WE,Federal Contract Tower,0,8,11,0,19,0,1,116,0,117,0,9,127,0,136,46,0,46,182
02/26/2000,ALW,WA,ANM,WE,Federal Contract Tower,0,5,7,0,12,0,1,53,0,54,0,6,60,0,66,16,0,16,82
02/27/2000,ALW,WA,ANM,WE,Federal Contract Tower,0,5,11,0,16,0,0,5,0,5,0,5,16,0,21,0,0,0,21
02/28/2000,ALW,WA,ANM,WE,Federal Contract Tower,0,9,13,0,22,0,0,55,0,55,0,9,68,0,77,92,0,92,169
02/29/2000,ALW,WA,ANM,WE,Federal Contract Tower,0,10,18,0,28,0,0,46,0,46,0,10,64,0,74,46,0,46,120
03/01/2000,ALW,WA,ANM,WE,Federal Contract Tower,0,11,15,0,26,0,0,112,0,112,0,11,127,0,138,82,0,82,220
03/02/2000,ALW,WA,ANM,WE,Federal Contract Tower,0,11,20,0,31,0,0,104,0,104,0,11,124,0,135,84,0,84,219
03/03/2000,ALW,WA,ANM,WE,Federal Contract Tower,0,9,12,0,21,0,0,89,0,89,0,9,101,0,110,96,0,96,206
03/04/2000,ALW,WA,ANM,WE,Federal Contract Tower,0,5,4,0,9,0,3,6,0,9,0,8,10,0,18,10,0,10,28
03/05/2000,ALW,WA,ANM,WE,Federal Contract Tower,0,5,8,0,13,0,0,55,0,55,0,5,63,0,68,36,0,36,104
03/06/2000,ALW,WA,ANM,WE,Federal Contract Tower,0,10,11,0,21,0,1,9,0,10,0,11,20,0,31,8,0,8,39
03/07/2000,ALW,WA,ANM,WE,Federal Contract Tower,0,10,12,0,22,0,0,150,0,150,0,10,162,0,172,152,0,152,324
03/08/2000,ALW,WA,ANM,WE,Federal Contract Tower,0,12,16,0,28,0,0,81,2,83,0,12,97,2,111,60,0,60,171
03/09/2000,ALW,WA,ANM,WE,Federal Contract Tower,0,16,26,0,42,0,0,118,0,118,0,16,144,0,160,50,0,50,210
03/10/2000,ALW,WA,ANM,WE,Federal Contract Tower,0,10,16,0,26,0,0,104,0,104,0,10,120,0,130,90,0,90,220
03/11/2000,ALW,WA,ANM,WE,Federal Contract Tower,0,4,6,0,10,0,3,18,0,21,0,7,24,0,31,14,0,14,45
03/12/2000,ALW,WA,ANM,WE,Federal Contract Tower,0,5,6,0,11,0,0,119,0,119,0,5,125,0,130,104,0,104,234
03/13/2000,ALW,WA,ANM,WE,Federal Contract Tower,0,9,10,0,19,0,0,130,0,130,0,9,140,0,149,74,0,74,223
03/14/2000,ALW,WA,ANM,WE,Federal Contract Tower,0,5,7,0,12,0,5,16,0,21,0,10,23,0,33,36,0,36,69
03/15/2000,ALW,WA,ANM,WE,Federal Contract Tower,0,10,12,1,23,0,0,58,3,61,0,10,70,4,84,66,0,66,150
03/16/2000,ALW,WA,ANM,WE,Federal Contract Tower,0,9,12,0,21,0,3,8,0,11,0,12,20,0,32,14,0,14,46
03/17/2000,ALW,WA,ANM,WE,Federal Contract Tower,0,7,10,0,17,0,0,12,0,12,0,7,22,0,29,52,0,52,81
03/18/2000,ALW,WA,ANM,WE,Federal Contract Tower,0,4,6,0,10,0,2,19,0,21,0,6,25,0,31,6,0,6,37
03/19/2000,ALW,WA,ANM,WE,Federal Contract Tower,0,4,5,0,9,0,1,7,0,8,0,5,12,0,17,24,0,24,41
03/20/2000,ALW,WA,ANM,WE,Federal Contract Tower,0,7,9,0,16,0,3,77,2,82,0,10,86,2,98,30,0,30,128
03/21/2000,ALW,WA,ANM,WE,Federal Contract Tower,0,7,10,0,17,0,5,58,0,63,0,12,68,0,80,28,0,28,108
03/22/2000,ALW,WA,ANM,WE,Federal Contract Tower,0,11,15,0,26,0,1,53,0,54,0,12,68,0,80,24,0,24,104
03/23/2000,ALW,WA,ANM,WE,Federal Contract Tower,0,9,13,0,22,0,2,21,0,23,0,11,34,0,45,70,0,70,115
03/24/2000,ALW,WA,ANM,WE,Federal Contract Tower,0,8,11,0,19,0,4,132,0,136,0,12,143,0,155,26,0,26,181
03/25/2000,ALW,WA,ANM,WE,Federal Contract Tower,0,3,5,0,8,0,3,108,0,111,0,6,113,0,119,22,0,22,141
03/26/2000,ALW,WA,ANM,WE,Federal Contract Tower,0,4,5,0,9,0,1,131,0,132,0,5,136,0,141,26,0,26,167
03/27/2000,ALW,WA,ANM,WE,Federal Contract Tower,0,5,7,0,12,0,4,44,0,48,0,9,51,0,60,10,0,10,70
03/28/2000,ALW,WA,ANM,WE,Federal Contract Tower,0,10,15,0,25,0,0,38,0,38,0,10,53,0,63,120,0,120,183
03/29/2000,ALW,WA,ANM,WE,Federal Contract Tower,0,10,13,0,23,0,3,49,0,52,0,13,62,0,75,82,0,82,157
03/30/2000,ALW,WA,ANM,WE,Federal Contract Tower,0,8,11,0,19,0,3,129,0,132,0,11,140,0,151,94,0,94,245
03/31/2000,ALW,WA,ANM,WE,Federal Contract Tower,0,16,20,0,36,0,0,114,0,114,0,16,134,0,150,118,0,118,268
04/01/2000,ALW,WA,ANM,WE,Federal Contract Tower,0,3,4,0,7,0,5,53,0,58,0,8,57,0,65,58,0,58,123
04/02/2000,ALW,WA,ANM,WE,Federal Contract Tower,0,9,9,0,18,0,0,183,0,183,0,9,192,0,201,128,0,128,329
04/03/2000,ALW,WA,ANM,WE,Federal Contract Tower,0,8,8,0,16,0,1,100,0,101,0,9,108,0,117,120,0,120,237
04/04/2000,ALW,WA,ANM,WE,Federal Contract Tower,0,9,10,0,19,0,1,31,0,32,0,10,41,0,51,34,0,34,85
04/05/2000,ALW,WA,ANM,WE,Federal Contract Tower,0,10,11,0,21,0,0,59,0,59,0,10,70,0,80,106,0,106,186
04/06/2000,ALW,WA,ANM,WE,Federal Contract Tower,0,10,13,0,23,0,0,19,0,19,0,10,32,0,42,38,0,38,80
04/07/2000,ALW,WA,ANM,WE,Federal Contract Tower,0,11,14,0,25,0,2,108,0,110,0,13,122,0,135,104,0,104,239
04/08/2000,ALW,WA,ANM,WE,Federal Contract Tower,0,3,4,0,7,0,4,76,0,80,0,7,80,0,87,62,0,62,149
04/09/2000,ALW,WA,ANM,WE,Federal Contract Tower,0,5,5,0,10,0,5,80,0,85,0,10,85,0,95,74,0,74,169
04/10/2000,ALW,WA,ANM,WE,Federal Contract Tower,0,8,9,0,17,0,1,109,0,110,0,9,118,0,127,28,0,28,155
04/11/2000,ALW,WA,ANM,WE,Federal Contract Tower,0,9,12,0,21,0,2,133,2,137,0,11,145,2,158,144,0,144,302
04/12/2000,ALW,WA,ANM,WE,Federal Contract Tower,0,9,12,0,21,0,3,99,0,102,0,12,111,0,123,122,0,122,245
04/13/2000,ALW,WA,ANM,WE,Federal Contract Tower,0,10,17,0,27,0,0,53,0,53,0,10,70,0,80,74,0,74,154
04/14/2000,ALW,WA,ANM,WE,Federal Contract Tower,0,10,15,0,25,0,2,51,0,53,0,12,66,0,78,94,0,94,172
04/15/2000,ALW,WA,ANM,WE,Federal Contract Tower,0,5,12,0,17,0,0,34,0,34,0,5,46,0,51,0,0,0,51
04/16/2000,ALW,WA,ANM,WE,Federal Contract Tower,0,7,11,0,18,0,0,67,0,67,0,7,78,0,85,62,0,62,147
04/17/2000,ALW,WA,ANM,WE,Federal Contract Tower,0,9,17,0,26,0,0,87,0,87,0,9,104,0,113,156,0,156,269
04/18/2000,ALW,WA,ANM,WE,Federal Contract Tower,0,10,17,0,27,0,0,123,0,123,0,10,140,0,150,152,0,152,302
04/19/2000,ALW,WA,ANM,WE,Federal Contract Tower,0,5,9,0,14,0,3,64,0,67,0,8,73,0,81,154,0,154,235
04/20/2000,ALW,WA,ANM,WE,Federal Contract Tower,0,7,10,0,17,0,2,85,0,87,0,9,95,0,104,152,0,152,256
04/21/2000,ALW,WA,ANM,WE,Federal Contract Tower,0,10,15,0,25,0,0,61,0,61,0,10,76,0,86,114,0,114,200
04/22/2000,ALW,WA,ANM,WE,Federal Contract Tower,0,6,11,0,17,0,0,7,0,7,0,6,18,0,24,12,0,12,36
04/23/2000,ALW,WA,ANM,WE,Federal Contract Tower,0,5,9,0,14,0,0,56,0,56,0,5,65,0,70,114,0,114,184
04/24/2000,ALW,WA,ANM,WE,Federal Contract Tower,0,7,11,0,18,0,2,54,0,56,0,9,65,0,74,138,0,138,212
04/25/2000,ALW,WA,ANM,WE,Federal Contract Tower,0,9,13,0,22,0,6,51,0,57,0,15,64,0,79,76,0,76,155
04/26/2000,ALW,WA,ANM,WE,Federal Contract Tower,0,10,16,0,26,0,0,91,0,91,0,10,107,0,117,218,0,218,335
04/27/2000,ALW,WA,ANM,WE,Federal Contract Tower,0,6,10,0,16,0,5,100,0,105,0,11,110,0,121,116,0,116,237
04/28/2000,ALW,WA,ANM,WE,Federal Contract Tower,0,10,20,0,30,0,0,42,2,44,0,10,62,2,74,178,0,178,252
04/29/2000,ALW,WA,ANM,WE,Federal Contract Tower,0,6,13,0,19,0,0,32,0,32,0,6,45,0,51,6,0,6,57
04/30/2000,ALW,WA,ANM,WE,Federal Contract Tower,0,5,7,0,12,0,4,63,0,67,0,9,70,0,79,100,0,100,179
05/01/2000,ALW,WA,ANM,WE,Federal Contract Tower,0,7,10,0,17,0,4,84,0,88,0,11,94,0,105,176,0,176,281
05/02/2000,ALW,WA,ANM,WE,Federal Contract Tower,0,10,11,0,21,0,0,79,0,79,0,10,90,0,100,176,0,176,276
05/03/2000,ALW,WA,ANM,WE,Federal Contract Tower,0,10,15,0,25,0,0,32,0,32,0,10,47,0,57,88,0,88,145
05/04/2000,ALW,WA,ANM,WE,Federal Contract Tower,0,9,9,0,18,0,6,44,0,50,0,15,53,0,68,108,0,108,176
05/05/2000,ALW,WA,ANM,WE,Federal Contract Tower,0,10,12,0,22,0,12,39,0,51,0,22,51,0,73,80,0,80,153
05/06/2000,ALW,WA,ANM,WE,Federal Contract Tower,0,7,8,0,15,0,0,60,0,60,0,7,68,0,75,36,0,36,111
05/07/2000,ALW,WA,ANM,WE,Federal Contract Tower,0,6,10,0,16,0,2,94,0,96,0,8,104,0,112,94,0,94,206
05/08/2000,ALW,WA,ANM,WE,Federal Contract Tower,0,5,8,0,13,0,4,46,0,50,0,9,54,0,63,88,0,88,151
05/09/2000,ALW,WA,ANM,WE,Federal Contract Tower,0,4,7,0,11,0,6,13,0,19,0,10,20,0,30,34,0,34,64
05/10/2000,ALW,WA,ANM,WE,Federal Contract Tower,0,11,18,0,29,0,0,49,0,49,0,11,67,0,78,108,0,108,186
05/11/2000,ALW,WA,ANM,WE,Federal Contract Tower,0,10,17,0,27,0,0,51,0,51,0,10,68,0,78,28,0,28,106
05/12/2000,ALW,WA,ANM,WE,Federal Contract Tower,0,10,17,0,27,0,0,86,0,86,0,10,103,0,113,192,0,192,305
05/13/2000,ALW,WA,ANM,WE,Federal Contract Tower,0,4,7,0,11,0,3,40,0,43,0,7,47,0,54,4,0,4,58
05/14/2000,ALW,WA,ANM,WE,Federal Contract Tower,0,5,11,0,16,0,0,49,0,49,0,5,60,0,65,70,0,70,135
05/15/2000,ALW,WA,ANM,WE,Federal Contract Tower,0,6,9,0,15,0,3,81,0,84,0,9,90,0,99,68,0,68,167
05/16/2000,ALW,WA,ANM,WE,Federal Contract Tower,0,7,11,0,18,0,6,95,0,101,0,13,106,0,119,80,0,80,199
05/17/2000,ALW,WA,ANM,WE,Federal Contract Tower,0,10,18,0,28,0,0,62,0,62,0,10,80,0,90,110,0,110,200
05/18/2000,ALW,WA,ANM,WE,Federal Contract Tower,0,12,20,0,32,0,0,77,0,77,0,12,97,0,109,148,0,148,257
05/19/2000,ALW,WA,ANM,WE,Federal Contract Tower,0,11,17,0,28,0,3,74,0,77,0,14,91,0,105,104,0,104,209
05/20/2000,ALW,WA,ANM,WE,Federal Contract Tower,0,4,8,0,12,0,4,44,0,48,0,8,52,0,60,28,0,28,88
05/21/2000,ALW,WA,ANM,WE,Federal Contract Tower,0,8,12,0,20,0,0,103,0,103,0,8,115,0,123,80,0,80,203
05/22/2000,ALW,WA,ANM,WE,Federal Contract Tower,0,8,12,0,20,0,2,36,6,44,0,10,48,6,64,56,0,56,120
05/23/2000,ALW,WA,ANM,WE,Federal Contract Tower,0,10,19,0,29,0,0,137,0,137,0,10,156,0,166,90,0,90,256
05/24/2000,ALW,WA,ANM,WE,Federal Contract Tower,0,10,15,0,25,0,2,97,0,99,0,12,112,0,124,100,0,100,224
05/25/2000,ALW,WA,ANM,WE,Federal Contract Tower,0,8,14,0,22,0,2,76,0,78,0,10,90,0,100,128,0,128,228
05/26/2000,ALW,WA,ANM,WE,Federal Contract Tower,0,10,18,0,28,0,0,45,0,45,0,10,63,0,73,50,0,50,123
05/27/2000,ALW,WA,ANM,WE,Federal Contract Tower,0,6,11,0,17,0,0,32,0,32,0,6,43,0,49,38,0,38,87
05/28/2000,ALW,WA,ANM,WE,Federal Contract Tower,0,3,5,0,8,0,4,23,0,27,0,7,28,0,35,15,0,15,50
05/29/2000,ALW,WA,ANM,WE,Federal Contract Tower,0,3,5,0,8,0,4,57,0,61,0,7,62,0,69,38,0,38,107
05/30/2000,ALW,WA,ANM,WE,Federal Contract Tower,0,15,29,0,44,0,0,34,0,34,0,15,63,0,78,28,0,28,106
05/31/2000,ALW,WA,ANM,WE,Federal Contract Tower,0,10,20,0,30,0,0,8,0,8,0,10,28,0,38,14,0,14,52
06/01/2000,ALW,WA,ANM,WE,Federal Contract Tower,0,15,14,0,29,0,1,109,0,110,0,16,123,0,139,154,0,154,293
06/02/2000,ALW,WA,ANM,WE,Federal Contract Tower,0,12,19,0,31,0,0,110,0,110,0,12,129,0,141,174,0,174,315
06/03/2000,ALW,WA,ANM,WE,Federal Contract Tower,0,6,7,0,13,0,1,62,0,63,0,7,69,0,76,30,0,30,106
06/04/2000,ALW,WA,ANM,WE,Federal Contract Tower,0,5,5,0,10,0,0,75,0,75,0,5,80,0,85,72,0,72,157
06/05/2000,ALW,WA,ANM,WE,Federal Contract Tower,0,6,6,0,12,0,4,44,0,48,0,10,50,0,60,14,0,14,74
06/06/2000,ALW,WA,ANM,WE,Federal Contract Tower,0,9,9,0,18,0,2,74,0,76,0,11,83,0,94,136,0,136,230
06/07/2000,ALW,WA,ANM,WE,Federal Contract Tower,0,5,5,0,10,0,8,62,0,70,0,13,67,0,80,54,0,54,134
06/08/2000,ALW,WA,ANM,WE,Federal Contract Tower,0,8,9,0,17,0,4,0,0,4,0,12,9,0,21,0,0,0,21
06/09/2000,ALW,WA,ANM,WE,Federal Contract Tower,0,7,7,0,14,0,3,26,0,29,0,10,33,0,43,106,0,106,149
06/10/2000,ALW,WA,ANM,WE,Federal Contract Tower,0,4,4,0,8,0,2,15,0,17,0,6,19,0,25,18,0,18,43
06/11/2000,ALW,WA,ANM,WE,Federal Contract Tower,0,7,7,0,14,0,0,67,0,67,0,7,74,0,81,0,0,0,81
06/12/2000,ALW,WA,ANM,WE,Federal Contract Tower,0,7,6,0,13,0,0,15,0,15,0,7,21,0,28,22,0,22,50
06/13/2000,ALW,WA,ANM,WE,Federal Contract Tower,0,6,6,0,12,0,4,53,0,57,0,10,59,0,69,92,0,92,161
06/14/2000,ALW,WA,ANM,WE,Federal Contract Tower,0,5,4,0,9,0,7,22,0,29,0,12,26,0,38,4,0,4,42
06/15/2000,ALW,WA,ANM,WE,Federal Contract Tower,0,5,4,0,9,0,5,47,0,52,0,10,51,0,61,46,0,46,107
06/16/2000,ALW,WA,ANM,WE,Federal Contract Tower,0,9,8,0,17,0,0,85,0,85,0,9,93,0,102,18,0,18,120
06/17/2000,ALW,WA,ANM,WE,Federal Contract Tower,0,5,4,0,9,0,7,57,0,64,0,12,61,0,73,26,0,26,99
06/18/2000,ALW,WA,ANM,WE,Federal Contract Tower,0,6,4,0,10,0,1,39,0,40,0,7,43,0,50,0,0,0,50
06/19/2000,ALW,WA,ANM,WE,Federal Contract Tower,0,8,6,0,14,0,1,38,2,41,0,9,44,2,55,45,0,45,100
06/20/2000,ALW,WA,ANM,WE,Federal Contract Tower,0,9,8,0,17,0,4,65,0,69,0,13,73,0,86,64,0,64,150
06/21/2000,ALW,WA,ANM,WE,Federal Contract Tower,0,10,8,0,18,0,8,61,0,69,0,18,69,0,87,70,0,70,157
06/22/2000,ALW,WA,ANM,WE,Federal Contract Tower,0,9,12,0,21,0,0,68,2,70,0,9,80,2,91,44,0,44,135
06/23/2000,ALW,WA,ANM,WE,Federal Contract Tower,0,7,9,0,16,0,0,65,0,65,0,7,74,0,81,68,0,68,149
06/24/2000,ALW,WA,ANM,WE,Federal Contract Tower,0,6,5,0,11,0,2,47,0,49,0,8,52,0,60,14,0,14,74
06/25/2000,ALW,WA,ANM,WE,Federal Contract Tower,0,4,2,0,6,0,2,43,0,45,0,6,45,0,51,24,0,24,75
06/26/2000,ALW,WA,ANM,WE,Federal Contract Tower,0,4,3,0,7,0,4,53,0,57,0,8,56,0,64,48,0,48,112
06/27/2000,ALW,WA,ANM,WE,Federal Contract Tower,0,5,4,0,9,0,3,46,0,49,0,8,50,0,58,48,0,48,106
06/28/2000,ALW,WA,ANM,WE,Federal Contract Tower,0,8,6,0,14,0,0,69,0,69,0,8,75,0,83,90,0,90,173
06/29/2000,ALW,WA,ANM,WE,Federal Contract Tower,0,8,6,0,14,0,1,61,0,62,0,9,67,0,76,94,0,94,170
06/30/2000,ALW,WA,ANM,WE,Federal Contract Tower,0,9,7,0,16,0,2,44,2,48,0,11,51,2,64,64,0,64,128
07/01/2000,ALW,WA,ANM,WE,Federal Contract Tower,0,3,3,0,6,0,3,22,0,25,0,6,25,0,31,2,0,2,33
07/02/2000,ALW,WA,ANM,WE,Federal Contract Tower,0,4,5,0,9,0,2,47,0,49,0,6,52,0,58,8,0,8,66
07/03/2000,ALW,WA,ANM,WE,Federal Contract Tower,0,5,6,0,11,0,4,40,0,44,0,9,46,0,55,118,0,118,173
07/04/2000,ALW,WA,ANM,WE,Federal Contract Tower,0,4,4,0,8,0,2,48,0,50,0,6,52,0,58,22,0,22,80
07/05/2000,ALW,WA,ANM,WE,Federal Contract Tower,0,3,4,0,7,0,4,64,1,69,0,7,68,1,76,108,0,108,184
07/06/2000,ALW,WA,ANM,WE,Federal Contract Tower,0,7,6,0,13,0,2,44,4,50,0,9,50,4,63,50,0,50,113
07/07/2000,ALW,WA,ANM,WE,Federal Contract Tower,0,5,5,0,10,0,2,38,4,44,0,7,43,4,54,42,0,42,96
07/08/2000,ALW,WA,ANM,WE,Federal Contract Tower,0,3,4,0,7,0,3,17,0,20,0,6,21,0,27,0,0,0,27
07/09/2000,ALW,WA,ANM,WE,Federal Contract Tower,0,5,5,0,10,0,1,49,1,51,0,6,54,1,61,22,0,22,83
07/10/2000,ALW,WA,ANM,WE,Federal Contract Tower,0,5,5,0,10,0,4,24,2,30,0,9,29,2,40,46,14,60,100
07/11/2000,ALW,WA,ANM,WE,Federal Contract Tower,0,8,7,0,15,0,3,60,0,63,0,11,67,0,78,52,0,52,130
07/12/2000,ALW,WA,ANM,WE,Federal Contract Tower,0,9,7,0,16,0,2,56,0,58,0,11,63,0,74,40,0,40,114
07/13/2000,ALW,WA,ANM,WE,Federal Contract Tower,0,11,10,0,21,0,1,18,0,19,0,12,28,0,40,44,0,44,84
07/14/2000,ALW,WA,ANM,WE,Federal Contract Tower,0,7,6,0,13,0,0,36,0,36,0,7,42,0,49,62,0,62,111
07/15/2000,ALW,WA,ANM,WE,Federal Contract Tower,0,4,2,0,6,0,2,26,0,28,0,6,28,0,34,0,0,0,34
07/16/2000,ALW,WA,ANM,WE,Federal Contract Tower,0,6,4,0,10,0,0,40,0,40,0,6,44,0,50,24,0,24,74
07/17/2000,ALW,WA,ANM,WE,Federal Contract Tower,0,4,3,0,7,0,3,37,0,40,0,7,40,0,47,32,0,32,79
07/18/2000,ALW,WA,ANM,WE,Federal Contract Tower,0,7,4,0,11,0,1,33,0,34,0,8,37,0,45,40,0,40,85
07/19/2000,ALW,WA,ANM,WE,Federal Contract Tower,0,6,4,0,10,0,2,36,0,38,0,8,40,0,48,28,0,28,76
07/20/2000,ALW,WA,ANM,WE,Federal Contract Tower,0,8,5,0,13,0,0,34,0,34,0,8,39,0,47,28,0,28,75
07/21/2000,ALW,WA,ANM,WE,Federal Contract Tower,0,7,5,0,12,0,0,37,0,37,0,7,42,0,49,36,0,36,85
07/22/2000,ALW,WA,ANM,WE,Federal Contract Tower,0,6,4,0,10,0,0,17,0,17,0,6,21,0,27,2,0,2,29
07/23/2000,ALW,WA,ANM,WE,Federal Contract Tower,0,6,6,0,12,0,0,37,0,37,0,6,43,0,49,16,0,16,65
07/24/2000,ALW,WA,ANM,WE,Federal Contract Tower,0,7,5,0,12,0,0,57,0,57,0,7,62,0,69,48,0,48,117
07/25/2000,ALW,WA,ANM,WE,Federal Contract Tower,0,8,8,0,16,0,0,52,0,52,0,8,60,0,68,36,0,36,104
07/26/2000,ALW,WA,ANM,WE,Federal Contract Tower,0,10,7,0,17,0,4,46,0,50,0,14,53,0,67,24,0,24,91
07/27/2000,ALW,WA,ANM,WE,Federal Contract Tower,0,8,6,0,14,0,2,19,0,21,0,10,25,0,35,36,0,36,71
07/28/2000,ALW,WA,ANM,WE,Federal Contract Tower,0,11,7,0,18,0,0,52,0,52,0,11,59,0,70,52,0,52,122
07/29/2000,ALW,WA,ANM,WE,Federal Contract Tower,0,6,3,0,9,0,2,22,0,24,0,8,25,0,33,12,0,12,45
07/30/2000,ALW,WA,ANM,WE,Federal Contract Tower,0,6,3,0,9,0,0,51,0,51,0,6,54,0,60,12,0,12,72
07/31/2000,ALW,WA,ANM,WE,Federal Contract Tower,0,8,6,0,14,0,6,34,0,40,0,14,40,0,54,42,0,42,96
08/01/2000,ALW,WA,ANM,WE,Federal Contract Tower,0,8,7,0,15,0,3,43,0,46,0,11,50,0,61,60,0,60,121
08/02/2000,ALW,WA,ANM,WE,Federal Contract Tower,0,6,8,0,14,0,2,42,0,44,0,8,50,0,58,32,0,32,90
08/03/2000,ALW,WA,ANM,WE,Federal Contract Tower,0,7,8,0,15,0,2,37,0,39,0,9,45,0,54,54,0,54,108
08/04/2000,ALW,WA,ANM,WE,Federal Contract Tower,0,6,10,0,16,0,0,39,0,39,0,6,49,0,55,52,0,52,107
08/05/2000,ALW,WA,ANM,WE,Federal Contract Tower,0,2,3,0,5,0,4,12,0,16,0,6,15,0,21,8,0,8,29
08/06/2000,ALW,WA,ANM,WE,Federal Contract Tower,0,5,5,0,10,0,4,30,0,34,0,9,35,0,44,10,0,10,54
08/07/2000,ALW,WA,ANM,WE,Federal Contract Tower,0,5,5,0,10,0,3,30,0,33,0,8,35,0,43,68,0,68,111
08/08/2000,ALW,WA,ANM,WE,Federal Contract Tower,0,4,4,0,8,0,6,41,0,47,0,10,45,0,55,70,0,70,125
08/09/2000,ALW,WA,ANM,WE,Federal Contract Tower,0,12,10,0,22,0,1,50,0,51,0,13,60,0,73,56,0,56,129
08/10/2000,ALW,WA,ANM,WE,Federal Contract Tower,0,9,8,0,17,0,0,38,0,38,0,9,46,0,55,28,0,28,83
08/11/2000,ALW,WA,ANM,WE,Federal Contract Tower,0,10,7,0,17,0,1,29,0,30,0,11,36,0,47,16,0,16,63
08/12/2000,ALW,WA,ANM,WE,Federal Contract Tower,0,6,6,0,12,0,0,64,0,64,0,6,70,0,76,52,0,52,128
08/13/2000,ALW,WA,ANM,WE,Federal Contract Tower,0,4,3,0,7,0,3,26,0,29,0,7,29,0,36,16,0,16,52
08/14/2000,ALW,WA,ANM,WE,Federal Contract Tower,0,7,4,0,11,0,2,44,0,46,0,9,48,0,57,24,0,24,81
08/15/2000,ALW,WA,ANM,WE,Federal Contract Tower,0,8,5,0,13,0,4,42,2,48,0,12,47,2,61,62,0,62,123
08/16/2000,ALW,WA,ANM,WE,Federal Contract Tower,0,4,3,0,7,0,4,54,0,58,0,8,57,0,65,84,0,84,149
08/17/2000,ALW,WA,ANM,WE,Federal Contract Tower,0,8,5,0,13,0,1,51,0,52,0,9,56,0,65,54,0,54,119
08/18/2000,ALW,WA,ANM,WE,Federal Contract Tower,0,8,5,0,13,0,0,39,2,41,0,8,44,2,54,42,6,48,102
08/19/2000,ALW,WA,ANM,WE,Federal Contract Tower,0,6,4,0,10,0,0,24,0,24,0,6,28,0,34,34,0,34,68
08/20/2000,ALW,WA,ANM,WE,Federal Contract Tower,0,6,3,0,9,0,2,47,0,49,0,8,50,0,58,26,0,26,84
08/21/2000,ALW,WA,ANM,WE,Federal Contract Tower,0,4,3,0,7,0,3,54,0,57,0,7,57,0,64,72,0,72,136
08/22/2000,ALW,WA,ANM,WE,Federal Contract Tower,0,6,4,0,10,0,4,43,0,47,0,10,47,0,57,42,0,42,99
08/23/2000,ALW,WA,ANM,WE,Federal Contract Tower,0,6,4,0,10,0,7,39,0,46,0,13,43,0,56,28,0,28,84
08/24/2000,ALW,WA,ANM,WE,Federal Contract Tower,0,13,9,0,22,0,28,39,0,67,0,41,48,0,89,32,0,32,121
08/25/2000,ALW,WA,ANM,WE,Federal Contract Tower,0,18,12,0,30,0,43,47,0,90,0,61,59,0,120,66,0,66,186
08/26/2000,ALW,WA,ANM,WE,Federal Contract Tower,0,6,4,0,10,0,40,36,0,76,0,46,40,0,86,8,0,8,94
08/27/2000,ALW,WA,ANM,WE,Federal Contract Tower,0,6,3,0,9,0,26,32,0,58,0,32,35,0,67,32,0,32,99
08/28/2000,ALW,WA,ANM,WE,Federal Contract Tower,0,7,6,0,13,0,0,56,0,56,0,7,62,0,69,66,0,66,135
08/29/2000,ALW,WA,ANM,WE,Federal Contract Tower,0,8,7,0,15,0,0,53,0,53,0,8,60,0,68,50,0,50,118
08/30/2000,ALW,WA,ANM,WE,Federal Contract Tower,0,10,9,0,19,0,0,38,0,38,0,10,47,0,57,48,10,58,115
08/31/2000,ALW,WA,ANM,WE,Federal Contract Tower,0,8,5,0,13,0,3,21,2,26,0,11,26,2,39,10,0,10,49
09/01/2000,ALW,WA,ANM,WE,Federal Contract Tower,0,3,3,0,6,0,5,31,0,36,0,8,34,0,42,8,0,8,50
09/02/2000,ALW,WA,ANM,WE,Federal Contract Tower,0,5,6,0,11,0,1,9,0,10,0,6,15,0,21,8,0,8,29
09/03/2000,ALW,WA,ANM,WE,Federal Contract Tower,0,6,6,0,12,0,0,24,0,24,0,6,30,0,36,0,0,0,36
09/04/2000,ALW,WA,ANM,WE,Federal Contract Tower,0,5,7,0,12,0,0,40,0,40,0,5,47,0,52,30,0,30,82
09/05/2000,ALW,WA,ANM,WE,Federal Contract Tower,0,9,7,0,16,0,1,28,0,29,0,10,35,0,45,44,0,44,89
09/06/2000,ALW,WA,ANM,WE,Federal Contract Tower,0,7,6,0,13,0,2,34,0,36,0,9,40,0,49,34,0,34,83
09/07/2000,ALW,WA,ANM,WE,Federal Contract Tower,0,11,8,0,19,0,1,54,0,55,0,12,62,0,74,82,0,82,156
09/08/2000,ALW,WA,ANM,WE,Federal Contract Tower,0,6,5,0,11,0,3,14,0,17,0,9,19,0,28,0,0,0,28
09/09/2000,ALW,WA,ANM,WE,Federal Contract Tower,0,5,4,0,9,0,1,27,0,28,0,6,31,0,37,8,0,8,45
09/10/2000,ALW,WA,ANM,WE,Federal Contract Tower,0,6,7,0,13,0,0,16,0,16,0,6,23,0,29,10,0,10,39
09/11/2000,ALW,WA,ANM,WE,Federal Contract Tower,0,5,4,0,9,0,2,28,0,30,0,7,32,0,39,6,0,6,45
09/12/2000,ALW,WA,ANM,WE,Federal Contract Tower,0,4,4,0,8,0,4,28,0,32,0,8,32,0,40,36,0,36,76
09/13/2000,ALW,WA,ANM,WE,Federal Contract Tower,0,6,4,0,10,0,6,44,0,50,0,12,48,0,60,40,0,40,100
09/14/2000,ALW,WA,ANM,WE,Federal Contract Tower,0,10,7,0,17,0,3,30,0,33,0,13,37,0,50,34,0,34,84
09/15/2000,ALW,WA,ANM,WE,Federal Contract Tower,0,6,3,0,9,0,1,25,0,26,0,7,28,0,35,34,0,34,69
09/16/2000,ALW,WA,ANM,WE,Federal Contract Tower,0,5,2,0,7,0,1,29,0,30,0,6,31,0,37,16,0,16,53
09/17/2000,ALW,WA,ANM,WE,Federal Contract Tower,0,6,4,0,10,0,0,38,0,38,0,6,42,0,48,6,0,6,54
09/18/2000,ALW,WA,ANM,WE,Federal Contract Tower,0,8,5,0,13,0,2,47,0,49,0,10,52,0,62,42,0,42,104
09/19/2000,ALW,WA,ANM,WE,Federal Contract Tower,0,8,4,0,12,0,0,42,0,42,0,8,46,0,54,84,0,84,138
09/20/2000,ALW,WA,ANM,WE,Federal Contract Tower,0,7,4,0,11,0,4,28,0,32,0,11,32,0,43,78,0,78,121
09/21/2000,ALW,WA,ANM,WE,Federal Contract Tower,0,11,8,0,19,0,0,17,0,17,0,11,25,0,36,24,0,24,60
09/22/2000,ALW,WA,ANM,WE,Federal Contract Tower,0,5,2,0,7,0,5,41,0,46,0,10,43,0,53,108,0,108,161
09/23/2000,ALW,WA,ANM,WE,Federal Contract Tower,0,7,3,0,10,0,1,42,0,43,0,8,45,0,53,6,0,6,59
09/24/2000,ALW,WA,ANM,WE,Federal Contract Tower,0,6,3,0,9,0,0,49,0,49,0,6,52,0,58,0,0,0,58
09/25/2000,ALW,WA,ANM,WE,Federal Contract Tower,0,5,3,0,8,0,4,37,0,41,0,9,40,0,49,98,0,98,147
09/26/2000,ALW,WA,ANM,WE,Federal Contract Tower,0,9,5,0,14,0,0,77,0,77,0,9,82,0,91,124,0,124,215
09/27/2000,ALW,WA,ANM,WE,Federal Contract Tower,0,10,6,0,16,0,0,67,0,67,0,10,73,0,83,146,0,146,229
09/28/2000,ALW,WA,ANM,WE,Federal Contract Tower,0,6,3,0,9,0,16,67,0,83,0,22,70,0,92,90,0,90,182
09/29/2000,ALW,WA,ANM,WE,Federal Contract Tower,0,8,4,0,12,0,4,46,0,50,0,12,50,0,62,156,0,156,218
09/30/2000,ALW,WA,ANM,WE,Federal Contract Tower,0,6,3,0,9,0,0,6,0,6,0,6,9,0,15,8,0,8,23
10/01/2000,ALW,WA,ANM,WE,Federal Contract Tower,0,3,3,0,6,0,2,22,0,24,0,5,25,0,30,46,0,46,76
10/02/2000,ALW,WA,ANM,WE,Federal Contract Tower,0,4,5,0,9,0,4,39,0,43,0,8,44,0,52,66,0,66,118
10/03/2000,ALW,WA,ANM,WE,Federal Contract Tower,0,5,5,0,10,0,3,66,0,69,0,8,71,0,79,78,0,78,157
10/04/2000,ALW,WA,ANM,WE,Federal Contract Tower,0,7,7,0,14,0,3,62,0,65,0,10,69,0,79,104,0,104,183
10/05/2000,ALW,WA,ANM,WE,Federal Contract Tower,0,4,2,0,6,0,3,65,0,68,0,7,67,0,74,102,0,102,176
10/06/2000,ALW,WA,ANM,WE,Federal Contract Tower,0,10,10,4,24,0,4,95,15,114,0,14,105,19,138,18,26,44,182
10/07/2000,ALW,WA,ANM,WE,Federal Contract Tower,0,7,6,1,14,0,1,84,4,89,0,8,90,5,103,24,10,34,137
10/08/2000,ALW,WA,ANM,WE,Federal Contract Tower,0,5,5,0,10,0,0,107,10,117,0,5,112,10,127,10,80,90,217
10/09/2000,ALW,WA,ANM,WE,Federal Contract Tower,0,6,6,0,12,0,1,69,1,71,0,7,75,1,83,100,0,100,183
10/10/2000,ALW,WA,ANM,WE,Federal Contract Tower,0,10,11,3,24,0,0,3,2,5,0,10,14,5,29,12,0,12,41
10/11/2000,ALW,WA,ANM,WE,Federal Contract Tower,0,11,17,0,28,0,0,27,0,27,0,11,44,0,55,46,0,46,101
10/12/2000,ALW,WA,ANM,WE,Federal Contract Tower,0,10,10,0,20,0,2,40,0,42,0,12,50,0,62,280,0,280,342
10/13/2000,ALW,WA,ANM,WE,Federal Contract Tower,0,6,6,0,12,0,6,36,0,42,0,12,42,0,54,180,0,180,234
10/14/2000,ALW,WA,ANM,WE,Federal Contract Tower,0,5,5,0,10,0,0,41,0,41,0,5,46,0,51,28,0,28,79
10/15/2000,ALW,WA,ANM,WE,Federal Contract Tower,0,8,7,0,15,0,1,59,0,60,0,9,66,0,75,52,0,52,127
10/16/2000,ALW,WA,ANM,WE,Federal Contract Tower,0,7,7,0,14,0,0,38,0,38,0,7,45,0,52,138,0,138,190
10/17/2000,ALW,WA,ANM,WE,Federal Contract Tower,0,4,4,0,8,0,10,66,0,76,0,14,70,0,84,154,0,154,238
10/18/2000,ALW,WA,ANM,WE,Federal Contract Tower,0,8,8,0,16,0,2,19,0,21,0,10,27,0,37,20,0,20,57
10/19/2000,ALW,WA,ANM,WE,Federal Contract Tower,0,10,9,2,21,0,0,54,4,58,0,10,63,6,79,150,0,150,229
10/20/2000,ALW,WA,ANM,WE,Federal Contract Tower,0,10,10,0,20,0,0,27,0,27,0,10,37,0,47,234,0,234,281
10/21/2000,ALW,WA,ANM,WE,Federal Contract Tower,0,6,6,0,12,0,0,11,0,11,0,6,17,0,23,20,0,20,43
10/22/2000,ALW,WA,ANM,WE,Federal Contract Tower,0,5,5,0,10,0,0,46,0,46,0,5,51,0,56,100,0,100,156
10/23/2000,ALW,WA,ANM,WE,Federal Contract Tower,0,5,5,0,10,0,2,70,0,72,0,7,75,0,82,142,0,142,224
10/24/2000,ALW,WA,ANM,WE,Federal Contract Tower,0,4,4,0,8,0,4,66,1,71,0,8,70,1,79,176,0,176,255
10/25/2000,ALW,WA,ANM,WE,Federal Contract Tower,0,10,9,0,19,0,2,44,3,49,0,12,53,3,68,174,0,174,242
10/26/2000,ALW,WA,ANM,WE,Federal Contract Tower,0,11,11,0,22,0,0,24,0,24,0,11,35,0,46,78,0,78,124
10/27/2000,ALW,WA,ANM,WE,Federal Contract Tower,0,8,7,0,15,0,5,56,0,61,0,13,63,0,76,114,0,114,190
10/28/2000,ALW,WA,ANM,WE,Federal Contract Tower,0,3,2,0,5,0,2,3,0,5,0,5,5,0,10,0,0,0,10
10/29/2000,ALW,WA,ANM,WE,Federal Contract Tower,0,5,9,0,14,0,0,56,0,56,0,5,65,0,70,48,0,48,118
10/30/2000,ALW,WA,ANM,WE,Federal Contract Tower,0,5,4,0,9,0,4,23,0,27,0,9,27,0,36,124,0,124,160
10/31/2000,ALW,WA,ANM,WE,Federal Contract Tower,0,9,8,0,17,0,4,37,2,43,0,13,45,2,60,168,0,168,228
11/01/2000,ALW,WA,ANM,WE,Federal Contract Tower,0,7,9,1,17,0,4,44,1,49,0,11,53,2,66,70,0,70,136
11/02/2000,ALW,WA,ANM,WE,Federal Contract Tower,0,7,8,0,15,0,2,65,0,67,0,9,73,0,82,154,0,154,236
11/03/2000,ALW,WA,ANM,WE,Federal Contract Tower,0,11,12,0,23,0,0,49,0,49,0,11,61,0,72,142,0,142,214
11/04/2000,ALW,WA,ANM,WE,Federal Contract Tower,0,7,8,0,15,0,4,2,0,6,0,11,10,0,21,6,0,6,27
11/05/2000,ALW,WA,ANM,WE,Federal Contract Tower,0,4,5,0,9,0,2,37,0,39,0,6,42,0,48,96,0,96,144
11/06/2000,ALW,WA,ANM,WE,Federal Contract Tower,0,6,6,1,13,0,3,33,1,37,0,9,39,2,50,66,0,66,116
11/07/2000,ALW,WA,ANM,WE,Federal Contract Tower,0,8,9,1,18,0,3,45,1,49,0,11,54,2,67,112,0,112,179
11/08/2000,ALW,WA,ANM,WE,Federal Contract Tower,0,9,10,1,20,0,1,2,1,4,0,10,12,2,24,0,0,0,24
11/09/2000,ALW,WA,ANM,WE,Federal Contract Tower,0,10,9,0,19,0,4,26,0,30,0,14,35,0,49,156,0,156,205
11/10/2000,ALW,WA,ANM,WE,Federal Contract Tower,0,8,7,0,15,0,0,34,0,34,0,8,41,0,49,178,0,178,227
11/11/2000,ALW,WA,ANM,WE,Federal Contract Tower,0,4,9,0,13,0,0,43,0,43,0,4,52,0,56,44,0,44,100
11/12/2000,ALW,WA,ANM,WE,Federal Contract Tower,0,5,4,0,9,0,0,37,0,37,0,5,41,0,46,72,0,72,118
11/13/2000,ALW,WA,ANM,WE,Federal Contract Tower,0,6,7,0,13,0,4,24,0,28,0,10,31,0,41,82,0,82,123
11/14/2000,ALW,WA,ANM,WE,Federal Contract Tower,0,10,14,1,25,0,0,34,3,37,0,10,48,4,62,188,0,188,250
11/15/2000,ALW,WA,ANM,WE,Federal Contract Tower,0,10,11,1,22,0,4,43,1,48,0,14,54,2,70,132,0,132,202
11/16/2000,ALW,WA,ANM,WE,Federal Contract Tower,0,5,5,0,10,0,7,6,0,13,0,12,11,0,23,52,0,52,75
11/17/2000,ALW,WA,ANM,WE,Federal Contract Tower,0,10,11,1,22,0,1,8,1,10,0,11,19,2,32,88,0,88,120
11/18/2000,ALW,WA,ANM,WE,Federal Contract Tower,0,5,12,0,17,0,0,8,0,8,0,5,20,0,25,18,0,18,43
11/19/2000,ALW,WA,ANM,WE,Federal Contract Tower,0,7,8,0,15,0,2,1,0,3,0,9,9,0,18,2,0,2,20
11/20/2000,ALW,WA,ANM,WE,Federal Contract Tower,0,11,15,0,26,0,0,1,2,3,0,11,16,2,29,0,0,0,29
11/21/2000,ALW,WA,ANM,WE,Federal Contract Tower,0,8,14,0,22,0,0,5,0,5,0,8,19,0,27,0,0,0,27
11/22/2000,ALW,WA,ANM,WE,Federal Contract Tower,0,7,8,0,15,0,1,0,0,1,0,8,8,0,16,14,0,14,30
11/23/2000,ALW,WA,ANM,WE,Federal Contract Tower,0,4,3,0,7,0,4,0,0,4,0,8,3,0,11,0,0,0,11
11/24/2000,ALW,WA,ANM,WE,Federal Contract Tower,0,6,5,0,11,0,3,0,0,3,0,9,5,0,14,0,0,0,14
11/25/2000,ALW,WA,ANM,WE,Federal Contract Tower,0,5,6,0,11,0,0,0,0,0,0,5,6,0,11,0,0,0,11
11/26/2000,ALW,WA,ANM,WE,Federal Contract Tower,0,5,10,0,15,0,0,24,0,24,0,5,34,0,39,57,0,57,96
11/27/2000,ALW,WA,ANM,WE,Federal Contract Tower,0,4,5,0,9,0,5,26,0,31,0,9,31,0,40,100,0,100,140
11/28/2000,ALW,WA,ANM,WE,Federal Contract Tower,0,2,4,0,6,0,1,11,0,12,0,3,15,0,18,90,0,90,108
11/29/2000,ALW,WA,ANM,WE,Federal Contract Tower,0,2,4,0,6,0,0,1,0,1,0,2,5,0,7,0,0,0,7
11/30/2000,ALW,WA,ANM,WE,Federal Contract Tower,0,8,10,0,18,0,3,58,2,63,0,11,68,2,81,142,0,142,223
12/01/2000,ALW,WA,ANM,WE,Federal Contract Tower,0,0,0,0,0,0,0,0,0,0,0,0,0,0,0,0,0,0,0
12/02/2000,ALW,WA,ANM,WE,Federal Contract Tower,0,3,3,0,6,0,0,25,0,25,0,3,28,0,31,12,0,12,43
12/03/2000,ALW,WA,ANM,WE,Federal Contract Tower,0,10,7,0,17,0,0,1,0,1,0,10,8,0,18,0,0,0,18
12/04/2000,ALW,WA,ANM,WE,Federal Contract Tower,0,9,6,0,15,0,0,1,0,1,0,9,7,0,16,0,0,0,16
12/05/2000,ALW,WA,ANM,WE,Federal Contract Tower,0,8,9,0,17,0,0,7,0,7,0,8,16,0,24,0,0,0,24
12/06/2000,ALW,WA,ANM,WE,Federal Contract Tower,0,6,4,0,10,0,2,0,0,2,0,8,4,0,12,34,0,34,46
12/07/2000,ALW,WA,ANM,WE,Federal Contract Tower,0,12,7,0,19,0,1,3,0,4,0,13,10,0,23,48,0,48,71
12/08/2000,ALW,WA,ANM,WE,Federal Contract Tower,0,7,3,0,10,0,1,0,0,1,0,8,3,0,11,0,0,0,11
12/09/2000,ALW,WA,ANM,WE,Federal Contract Tower,0,6,4,0,10,0,3,1,0,4,0,9,5,0,14,2,0,2,16
12/10/2000,ALW,WA,ANM,WE,Federal Contract Tower,0,5,5,0,10,0,0,33,0,33,0,5,38,0,43,64,0,64,107
12/11/2000,ALW,WA,ANM,WE,Federal Contract Tower,0,13,6,0,19,0,3,20,2,25,0,16,26,2,44,75,0,75,119
12/12/2000,ALW,WA,ANM,WE,Federal Contract Tower,0,9,7,0,16,0,0,20,0,20,0,9,27,0,36,58,0,58,94
12/13/2000,ALW,WA,ANM,WE,Federal Contract Tower,0,6,2,0,8,0,1,0,0,1,0,7,2,0,9,0,0,0,9
12/14/2000,ALW,WA,ANM,WE,Federal Contract Tower,0,6,4,0,10,0,0,3,0,3,0,6,7,0,13,0,0,0,13
12/15/2000,ALW,WA,ANM,WE,Federal Contract Tower,0,8,3,0,11,0,0,6,0,6,0,8,9,0,17,0,0,0,17
12/16/2000,ALW,WA,ANM,WE,Federal Contract Tower,0,4,2,0,6,0,2,3,0,5,0,6,5,0,11,14,0,14,25
12/17/2000,ALW,WA,ANM,WE,Federal Contract Tower,0,5,2,0,7,0,2,20,0,22,0,7,22,0,29,0,0,0,29
12/18/2000,ALW,WA,ANM,WE,Federal Contract Tower,0,9,6,0,15,0,0,33,0,33,0,9,39,0,48,86,0,86,134
12/19/2000,ALW,WA,ANM,WE,Federal Contract Tower,0,6,3,0,9,0,2,0,0,2,0,8,3,0,11,0,0,0,11
12/20/2000,ALW,WA,ANM,WE,Federal Contract Tower,0,4,2,0,6,0,0,0,0,0,0,4,2,0,6,0,0,0,6
12/21/2000,ALW,WA,ANM,WE,Federal Contract Tower,0,8,2,0,10,0,0,0,2,2,0,8,2,2,12,0,0,0,12
12/22/2000,ALW,WA,ANM,WE,Federal Contract Tower,0,5,2,0,7,0,0,0,0,0,0,5,2,0,7,0,0,0,7
12/23/2000,ALW,WA,ANM,WE,Federal Contract Tower,0,2,1,0,3,0,0,0,0,0,0,2,1,0,3,0,0,0,3
12/24/2000,ALW,WA,ANM,WE,Federal Contract Tower,0,8,3,0,11,0,1,15,0,16,0,9,18,0,27,14,0,14,41
12/25/2000,ALW,WA,ANM,WE,Federal Contract Tower,0,4,0,0,4,0,1,0,0,1,0,5,0,0,5,0,0,0,5
12/26/2000,ALW,WA,ANM,WE,Federal Contract Tower,0,4,0,0,4,0,2,0,0,2,0,6,0,0,6,0,0,0,6
12/27/2000,ALW,WA,ANM,WE,Federal Contract Tower,0,6,2,0,8,0,4,14,0,18,0,10,16,0,26,24,0,24,50
12/28/2000,ALW,WA,ANM,WE,Federal Contract Tower,0,7,2,0,9,0,1,0,0,1,0,8,2,0,10,0,0,0,10
12/29/2000,ALW,WA,ANM,WE,Federal Contract Tower,0,7,5,0,12,0,0,3,0,3,0,7,8,0,15,0,0,0,15
12/30/2000,ALW,WA,ANM,WE,Federal Contract Tower,0,4,1,0,5,0,1,0,0,1,0,5,1,0,6,0,0,0,6
12/31/2000,ALW,WA,ANM,WE,Federal Contract Tower,0,6,2,0,8,0,2,6,0,8,0,8,8,0,16,4,0,4,20
01/01/2001,ALW,WA,ANM,WE,Federal Contract Tower,0,6,7,0,13,0,0,1,0,1,0,6,8,0,14,0,0,0,14
01/02/2001,ALW,WA,ANM,WE,Federal Contract Tower,0,8,7,0,15,0,0,16,0,16,0,8,23,0,31,8,0,8,39
01/03/2001,ALW,WA,ANM,WE,Federal Contract Tower,0,8,8,0,16,0,0,2,0,2,0,8,10,0,18,0,0,0,18
01/04/2001,ALW,WA,ANM,WE,Federal Contract Tower,0,0,3,0,3,0,0,4,2,6,0,0,7,2,9,0,0,0,9
01/05/2001,ALW,WA,ANM,WE,Federal Contract Tower,0,8,5,0,13,0,1,50,0,51,0,9,55,0,64,168,0,168,232
01/06/2001,ALW,WA,ANM,WE,Federal Contract Tower,0,5,2,0,7,0,0,42,0,42,0,5,44,0,49,46,0,46,95
01/07/2001,ALW,WA,ANM,WE,Federal Contract Tower,0,5,3,0,8,0,0,1,0,1,0,5,4,0,9,0,0,0,9
01/08/2001,ALW,WA,ANM,WE,Federal Contract Tower,0,5,4,0,9,0,2,9,0,11,0,7,13,0,20,65,0,65,85
01/09/2001,ALW,WA,ANM,WE,Federal Contract Tower,0,0,2,0,2,0,0,0,0,0,0,0,2,0,2,0,0,0,2
01/10/2001,ALW,WA,ANM,WE,Federal Contract Tower,0,3,3,0,6,0,3,4,0,7,0,6,7,0,13,0,0,0,13
01/11/2001,ALW,WA,ANM,WE,Federal Contract Tower,0,4,4,0,8,0,2,0,0,2,0,6,4,0,10,0,0,0,10
01/12/2001,ALW,WA,ANM,WE,Federal Contract Tower,0,7,9,0,16,0,1,13,0,14,0,8,22,0,30,96,0,96,126
01/13/2001,ALW,WA,ANM,WE,Federal Contract Tower,0,3,5,0,8,0,2,0,0,2,0,5,5,0,10,4,0,4,14
01/14/2001,ALW,WA,ANM,WE,Federal Contract Tower,0,5,17,0,22,0,0,33,0,33,0,5,50,0,55,38,0,38,93
01/15/2001,ALW,WA,ANM,WE,Federal Contract Tower,0,4,4,0,8,0,1,0,0,1,0,5,4,0,9,0,0,0,9
01/16/2001,ALW,WA,ANM,WE,Federal Contract Tower,0,9,11,0,20,0,1,0,0,1,0,10,11,0,21,4,0,4,25
01/17/2001,ALW,WA,ANM,WE,Federal Contract Tower,0,4,6,0,10,0,4,17,0,21,0,8,23,0,31,260,0,260,291
01/18/2001,ALW,WA,ANM,WE,Federal Contract Tower,0,8,13,0,21,0,0,4,0,4,0,8,17,0,25,0,0,0,25
01/19/2001,ALW,WA,ANM,WE,Federal Contract Tower,0,3,4,0,7,0,1,0,0,1,0,4,4,0,8,0,0,0,8
01/20/2001,ALW,WA,ANM,WE,Federal Contract Tower,0,3,4,0,7,0,0,0,0,0,0,3,4,0,7,0,0,0,7
01/21/2001,ALW,WA,ANM,WE,Federal Contract Tower,0,5,6,0,11,0,0,12,0,12,0,5,18,0,23,12,0,12,35
01/22/2001,ALW,WA,ANM,WE,Federal Contract Tower,0,7,12,0,19,0,0,2,0,2,0,7,14,0,21,0,0,0,21
01/23/2001,ALW,WA,ANM,WE,Federal Contract Tower,0,8,15,0,23,0,0,4,0,4,0,8,19,0,27,0,0,0,27
01/24/2001,ALW,WA,ANM,WE,Federal Contract Tower,0,3,3,0,6,0,3,0,0,3,0,6,3,0,9,18,0,18,27
01/25/2001,ALW,WA,ANM,WE,Federal Contract Tower,0,8,12,0,20,0,0,87,0,87,0,8,99,0,107,172,0,172,279
01/26/2001,ALW,WA,ANM,WE,Federal Contract Tower,0,6,5,0,11,0,4,0,0,4,0,10,5,0,15,0,0,0,15
01/27/2001,ALW,WA,ANM,WE,Federal Contract Tower,0,2,3,0,5,0,3,0,0,3,0,5,3,0,8,0,0,0,8
01/28/2001,ALW,WA,ANM,WE,Federal Contract Tower,0,3,3,0,6,0,2,0,0,2,0,5,3,0,8,2,0,2,10
01/29/2001,ALW,WA,ANM,WE,Federal Contract Tower,0,6,9,0,15,0,1,16,0,17,0,7,25,0,32,58,0,58,90
01/30/2001,ALW,WA,ANM,WE,Federal Contract Tower,0,6,8,0,14,0,0,34,0,34,0,6,42,0,48,246,0,246,294
01/31/2001,ALW,WA,ANM,WE,Federal Contract Tower,0,7,10,0,17,0,1,70,2,73,0,8,80,2,90,158,2,160,250
02/01/2001,ALW,WA,ANM,WE,Federal Contract Tower,0,9,14,0,23,0,0,66,0,66,0,9,80,0,89,170,0,170,259
02/02/2001,ALW,WA,ANM,WE,Federal Contract Tower,0,6,6,0,12,0,3,21,0,24,0,9,27,0,36,144,0,144,180
02/03/2001,ALW,WA,ANM,WE,Federal Contract Tower,0,7,9,0,16,0,0,45,0,45,0,7,54,0,61,16,0,16,77
02/04/2001,ALW,WA,ANM,WE,Federal Contract Tower,0,3,2,0,5,0,0,6,0,6,0,3,8,0,11,15,0,15,26
02/05/2001,ALW,WA,ANM,WE,Federal Contract Tower,0,9,12,0,21,0,2,48,0,50,0,11,60,0,71,82,0,82,153
02/06/2001,ALW,WA,ANM,WE,Federal Contract Tower,0,10,12,0,22,0,1,40,0,41,0,11,52,0,63,100,0,100,163
02/07/2001,ALW,WA,ANM,WE,Federal Contract Tower,0,6,7,0,13,0,6,73,0,79,0,12,80,0,92,172,0,172,264
02/08/2001,ALW,WA,ANM,WE,Federal Contract Tower,0,7,11,1,19,0,2,76,1,79,0,9,87,2,98,160,0,160,258
02/09/2001,ALW,WA,ANM,WE,Federal Contract Tower,0,4,4,0,8,0,2,0,0,2,0,6,4,0,10,0,0,0,10
02/10/2001,ALW,WA,ANM,WE,Federal Contract Tower,0,2,2,0,4,0,3,0,0,3,0,5,2,0,7,0,0,0,7
02/11/2001,ALW,WA,ANM,WE,Federal Contract Tower,0,5,2,1,8,0,2,0,3,5,0,7,2,4,13,0,0,0,13
02/12/2001,ALW,WA,ANM,WE,Federal Contract Tower,0,7,14,0,21,0,0,36,0,36,0,7,50,0,57,94,0,94,151
02/13/2001,ALW,WA,ANM,WE,Federal Contract Tower,0,5,8,0,13,0,5,48,0,53,0,10,56,0,66,96,0,96,162
02/14/2001,ALW,WA,ANM,WE,Federal Contract Tower,0,5,9,0,14,0,9,86,2,97,0,14,95,2,111,200,0,200,311
02/15/2001,ALW,WA,ANM,WE,Federal Contract Tower,0,7,10,0,17,0,1,50,2,53,0,8,60,2,70,232,0,232,302
02/16/2001,ALW,WA,ANM,WE,Federal Contract Tower,0,7,9,0,16,0,2,0,0,2,0,9,9,0,18,0,0,0,18
02/17/2001,ALW,WA,ANM,WE,Federal Contract Tower,0,2,1,0,3,0,3,0,0,3,0,5,1,0,6,0,0,0,6
02/18/2001,ALW,WA,ANM,WE,Federal Contract Tower,0,7,18,0,25,0,0,58,0,58,0,7,76,0,83,82,0,82,165
02/19/2001,ALW,WA,ANM,WE,Federal Contract Tower,0,5,12,0,17,0,0,5,0,5,0,5,17,0,22,0,0,0,22
02/20/2001,ALW,WA,ANM,WE,Federal Contract Tower,0,7,12,0,19,0,1,30,0,31,0,8,42,0,50,156,0,156,206
02/21/2001,ALW,WA,ANM,WE,Federal Contract Tower,0,14,23,0,37,0,0,27,0,27,0,14,50,0,64,88,0,88,152
02/22/2001,ALW,WA,ANM,WE,Federal Contract Tower,0,6,19,0,25,0,0,13,0,13,0,6,32,0,38,26,0,26,64
02/23/2001,ALW,WA,ANM,WE,Federal Contract Tower,0,5,7,0,12,0,0,21,0,21,0,5,28,0,33,78,0,78,111
02/24/2001,ALW,WA,ANM,WE,Federal Contract Tower,0,3,6,0,9,0,2,45,0,47,0,5,51,0,56,46,0,46,102
02/25/2001,ALW,WA,ANM,WE,Federal Contract Tower,0,5,8,0,13,0,2,72,0,74,0,7,80,0,87,144,0,144,231
02/26/2001,ALW,WA,ANM,WE,Federal Contract Tower,0,6,15,0,21,0,0,73,0,73,0,6,88,0,94,136,0,136,230
02/27/2001,ALW,WA,ANM,WE,Federal Contract Tower,0,10,14,0,24,0,6,86,0,92,0,16,100,0,116,172,0,172,288
02/28/2001,ALW,WA,ANM,WE,Federal Contract Tower,0,6,13,0,19,0,0,109,2,111,0,6,122,2,130,142,0,142,272
03/01/2001,ALW,WA,ANM,WE,Federal Contract Tower,0,8,12,1,21,0,1,123,1,125,0,9,135,2,146,128,0,128,274
03/02/2001,ALW,WA,ANM,WE,Federal Contract Tower,0,10,11,0,21,0,2,48,0,50,0,12,59,0,71,92,0,92,163
03/03/2001,ALW,WA,ANM,WE,Federal Contract Tower,0,4,3,0,7,0,2,40,0,42,0,6,43,0,49,22,0,22,71
03/04/2001,ALW,WA,ANM,WE,Federal Contract Tower,0,4,3,0,7,0,1,51,0,52,0,5,54,0,59,106,0,106,165
03/05/2001,ALW,WA,ANM,WE,Federal Contract Tower,0,16,19,0,35,0,6,61,0,67,0,22,80,0,102,94,0,94,196
03/06/2001,ALW,WA,ANM,WE,Federal Contract Tower,0,7,7,0,14,0,5,62,0,67,0,12,69,0,81,170,0,170,251
03/07/2001,ALW,WA,ANM,WE,Federal Contract Tower,0,8,14,1,23,0,0,102,1,103,0,8,116,2,126,106,0,106,232
03/08/2001,ALW,WA,ANM,WE,Federal Contract Tower,0,10,19,1,30,0,0,29,1,30,0,10,48,2,60,92,0,92,152
03/09/2001,ALW,WA,ANM,WE,Federal Contract Tower,0,8,11,0,19,0,3,37,0,40,0,11,48,0,59,130,0,130,189
03/10/2001,ALW,WA,ANM,WE,Federal Contract Tower,0,2,3,0,5,0,4,28,0,32,0,6,31,0,37,8,0,8,45
03/11/2001,ALW,WA,ANM,WE,Federal Contract Tower,0,5,10,0,15,0,0,40,0,40,0,5,50,0,55,36,0,36,91
03/12/2001,ALW,WA,ANM,WE,Federal Contract Tower,0,3,5,0,8,0,5,29,0,34,0,8,34,0,42,8,0,8,50
03/13/2001,ALW,WA,ANM,WE,Federal Contract Tower,0,7,6,1,14,0,3,0,3,6,0,10,6,4,20,0,0,0,20
03/14/2001,ALW,WA,ANM,WE,Federal Contract Tower,0,5,7,0,12,0,5,30,0,35,0,10,37,0,47,60,0,60,107
03/15/2001,ALW,WA,ANM,WE,Federal Contract Tower,0,6,9,0,15,0,4,49,0,53,0,10,58,0,68,88,0,88,156
03/16/2001,ALW,WA,ANM,WE,Federal Contract Tower,0,4,6,0,10,0,3,33,0,36,0,7,39,0,46,34,0,34,80
03/17/2001,ALW,WA,ANM,WE,Federal Contract Tower,0,3,5,0,8,0,3,27,0,30,0,6,32,0,38,72,0,72,110
03/18/2001,ALW,WA,ANM,WE,Federal Contract Tower,0,3,6,0,9,0,3,7,0,10,0,6,13,0,19,24,0,24,43
03/19/2001,ALW,WA,ANM,WE,Federal Contract Tower,0,9,12,0,21,0,2,20,0,22,0,11,32,0,43,40,0,40,83
03/20/2001,ALW,WA,ANM,WE,Federal Contract Tower,0,7,9,0,16,0,1,51,0,52,0,8,60,0,68,52,0,52,120
03/21/2001,ALW,WA,ANM,WE,Federal Contract Tower,0,7,16,0,23,0,0,72,2,74,0,7,88,2,97,52,0,52,149
03/22/2001,ALW,WA,ANM,WE,Federal Contract Tower,0,5,8,0,13,0,4,78,0,82,0,9,86,0,95,62,0,62,157
03/23/2001,ALW,WA,ANM,WE,Federal Contract Tower,0,3,6,0,9,0,7,68,0,75,0,10,74,0,84,22,0,22,106
03/24/2001,ALW,WA,ANM,WE,Federal Contract Tower,0,3,5,0,8,0,2,63,0,65,0,5,68,0,73,18,0,18,91
03/25/2001,ALW,WA,ANM,WE,Federal Contract Tower,0,5,8,0,13,0,0,16,0,16,0,5,24,0,29,6,0,6,35
03/26/2001,ALW,WA,ANM,WE,Federal Contract Tower,0,4,7,0,11,0,3,14,0,17,0,7,21,0,28,22,0,22,50
03/27/2001,ALW,WA,ANM,WE,Federal Contract Tower,0,6,9,0,15,0,2,67,1,70,0,8,76,1,85,66,2,68,153
03/28/2001,ALW,WA,ANM,WE,Federal Contract Tower,0,12,22,0,34,0,0,36,2,38,0,12,58,2,72,20,0,20,92
03/29/2001,ALW,WA,ANM,WE,Federal Contract Tower,0,11,16,0,27,0,0,64,0,64,0,11,80,0,91,88,0,88,179
03/30/2001,ALW,WA,ANM,WE,Federal Contract Tower,0,8,11,0,19,0,4,40,0,44,0,12,51,0,63,122,0,122,185
03/31/2001,ALW,WA,ANM,WE,Federal Contract Tower,0,2,3,0,5,0,3,0,0,3,0,5,3,0,8,16,0,16,24
04/01/2001,ALW,WA,ANM,WE,Federal Contract Tower,0,6,11,0,17,0,1,29,0,30,0,7,40,0,47,36,0,36,83
04/02/2001,ALW,WA,ANM,WE,Federal Contract Tower,0,5,22,0,27,0,2,0,0,2,0,7,22,0,29,110,0,110,139
04/03/2001,ALW,WA,ANM,WE,Federal Contract Tower,0,5,21,0,26,0,3,20,0,23,0,8,41,0,49,64,0,64,113
04/04/2001,ALW,WA,ANM,WE,Federal Contract Tower,0,6,45,0,51,0,2,55,0,57,0,8,100,0,108,124,0,124,232
04/05/2001,ALW,WA,ANM,WE,Federal Contract Tower,0,6,17,0,23,0,2,74,0,76,0,8,91,0,99,120,0,120,219
04/06/2001,ALW,WA,ANM,WE,Federal Contract Tower,0,8,14,0,22,0,4,38,0,42,0,12,52,0,64,114,0,114,178
04/07/2001,ALW,WA,ANM,WE,Federal Contract Tower,0,4,3,0,7,0,1,5,0,6,0,5,8,0,13,6,0,6,19
04/08/2001,ALW,WA,ANM,WE,Federal Contract Tower,0,5,22,0,27,0,0,36,0,36,0,5,58,0,63,54,0,54,117
04/09/2001,ALW,WA,ANM,WE,Federal Contract Tower,0,6,11,0,17,0,0,75,0,75,0,6,86,0,92,64,0,64,156
04/10/2001,ALW,WA,ANM,WE,Federal Contract Tower,0,10,4,0,14,0,0,34,0,34,0,10,38,0,48,54,0,54,102
04/11/2001,ALW,WA,ANM,WE,Federal Contract Tower,0,10,45,0,55,0,0,19,0,19,0,10,64,0,74,4,0,4,78
04/12/2001,ALW,WA,ANM,WE,Federal Contract Tower,0,10,15,0,25,0,0,64,0,64,0,10,79,0,89,88,0,88,177
04/13/2001,ALW,WA,ANM,WE,Federal Contract Tower,0,9,11,0,20,0,3,38,0,41,0,12,49,0,61,74,0,74,135
04/14/2001,ALW,WA,ANM,WE,Federal Contract Tower,0,5,3,0,8,0,0,108,0,108,0,5,111,0,116,24,0,24,140
04/15/2001,ALW,WA,ANM,WE,Federal Contract Tower,0,5,29,0,34,0,0,73,0,73,0,5,102,0,107,48,0,48,155
04/16/2001,ALW,WA,ANM,WE,Federal Contract Tower,0,6,23,0,29,0,1,62,0,63,0,7,85,0,92,92,0,92,184
04/17/2001,ALW,WA,ANM,WE,Federal Contract Tower,0,9,19,0,28,0,4,89,0,93,0,13,108,0,121,138,0,138,259
04/18/2001,ALW,WA,ANM,WE,Federal Contract Tower,0,8,53,2,63,0,1,27,0,28,0,9,80,2,91,26,0,26,117
04/19/2001,ALW,WA,ANM,WE,Federal Contract Tower,0,7,17,2,26,0,5,79,2,86,0,12,96,4,112,138,0,138,250
04/20/2001,ALW,WA,ANM,WE,Federal Contract Tower,0,9,14,0,23,0,1,84,0,85,0,10,98,0,108,112,0,112,220
04/21/2001,ALW,WA,ANM,WE,Federal Contract Tower,0,6,3,0,9,0,0,50,0,50,0,6,53,0,59,18,0,18,77
04/22/2001,ALW,WA,ANM,WE,Federal Contract Tower,0,7,6,0,13,0,0,35,0,35,0,7,41,0,48,12,0,12,60
04/23/2001,ALW,WA,ANM,WE,Federal Contract Tower,0,9,10,0,19,0,1,63,0,64,0,10,73,0,83,94,0,94,177
04/24/2001,ALW,WA,ANM,WE,Federal Contract Tower,0,8,6,0,14,0,5,109,0,114,0,13,115,0,128,282,0,282,410
04/25/2001,ALW,WA,ANM,WE,Federal Contract Tower,0,10,11,0,21,0,0,67,0,67,0,10,78,0,88,138,0,138,226
04/26/2001,ALW,WA,ANM,WE,Federal Contract Tower,0,8,28,4,40,0,3,62,0,65,0,11,90,4,105,66,6,72,177
04/27/2001,ALW,WA,ANM,WE,Federal Contract Tower,0,7,11,0,18,0,1,70,0,71,0,8,81,0,89,62,0,62,151
04/28/2001,ALW,WA,ANM,WE,Federal Contract Tower,0,5,9,0,14,0,0,12,0,12,0,5,21,0,26,0,0,0,26
04/29/2001,ALW,WA,ANM,WE,Federal Contract Tower,0,5,5,0,10,0,0,26,0,26,0,5,31,0,36,34,0,34,70
04/30/2001,ALW,WA,ANM,WE,Federal Contract Tower,0,7,19,0,26,0,1,16,0,17,0,8,35,0,43,46,0,46,89
05/01/2001,ALW,WA,ANM,WE,Federal Contract Tower,0,8,11,1,20,0,4,31,1,36,0,12,42,2,56,106,0,106,162
05/02/2001,ALW,WA,ANM,WE,Federal Contract Tower,0,8,26,0,34,0,0,91,0,91,0,8,117,0,125,136,0,136,261
05/03/2001,ALW,WA,ANM,WE,Federal Contract Tower,0,10,33,0,43,0,1,79,0,80,0,11,112,0,123,88,0,88,211
05/04/2001,ALW,WA,ANM,WE,Federal Contract Tower,0,7,10,0,17,0,4,92,2,98,0,11,102,2,115,62,0,62,177
05/05/2001,ALW,WA,ANM,WE,Federal Contract Tower,0,7,3,0,10,0,0,15,0,15,0,7,18,0,25,0,0,0,25
05/06/2001,ALW,WA,ANM,WE,Federal Contract Tower,0,5,22,0,27,0,1,90,0,91,0,6,112,0,118,30,0,30,148
05/07/2001,ALW,WA,ANM,WE,Federal Contract Tower,0,7,21,0,28,0,0,75,0,75,0,7,96,0,103,98,0,98,201
05/08/2001,ALW,WA,ANM,WE,Federal Contract Tower,0,7,9,0,16,0,2,55,0,57,0,9,64,0,73,70,0,70,143
05/09/2001,ALW,WA,ANM,WE,Federal Contract Tower,0,7,13,0,20,0,3,57,0,60,0,10,70,0,80,108,0,108,188
05/10/2001,ALW,WA,ANM,WE,Federal Contract Tower,0,14,18,0,32,0,6,78,0,84,0,20,96,0,116,112,0,112,228
05/11/2001,ALW,WA,ANM,WE,Federal Contract Tower,0,11,11,0,22,0,2,53,0,55,0,13,64,0,77,110,0,110,187
05/12/2001,ALW,WA,ANM,WE,Federal Contract Tower,0,5,6,0,11,0,0,82,0,82,0,5,88,0,93,24,0,24,117
05/13/2001,ALW,WA,ANM,WE,Federal Contract Tower,0,5,1,0,6,0,0,43,0,43,0,5,44,0,49,18,0,18,67
05/14/2001,ALW,WA,ANM,WE,Federal Contract Tower,0,7,22,0,29,0,0,8,0,8,0,7,30,0,37,128,0,128,165
05/15/2001,ALW,WA,ANM,WE,Federal Contract Tower,0,8,13,0,21,0,0,43,0,43,0,8,56,0,64,52,0,52,116
05/16/2001,ALW,WA,ANM,WE,Federal Contract Tower,0,8,23,0,31,0,5,55,0,60,0,13,78,0,91,184,0,184,275
05/17/2001,ALW,WA,ANM,WE,Federal Contract Tower,0,8,19,0,27,0,0,68,0,68,0,8,87,0,95,158,0,158,253
05/18/2001,ALW,WA,ANM,WE,Federal Contract Tower,0,10,14,1,25,0,3,83,1,87,0,13,97,2,112,88,2,90,202
05/19/2001,ALW,WA,ANM,WE,Federal Contract Tower,0,5,5,0,10,0,2,16,0,18,0,7,21,0,28,4,0,4,32
05/20/2001,ALW,WA,ANM,WE,Federal Contract Tower,0,6,9,0,15,0,1,62,0,63,0,7,71,0,78,20,0,20,98
05/21/2001,ALW,WA,ANM,WE,Federal Contract Tower,0,6,18,0,24,0,3,70,0,73,0,9,88,0,97,80,0,80,177
05/22/2001,ALW,WA,ANM,WE,Federal Contract Tower,0,7,1,2,10,0,3,48,4,55,0,10,49,6,65,48,0,48,113
05/23/2001,ALW,WA,ANM,WE,Federal Contract Tower,0,8,15,0,23,0,3,77,0,80,0,11,92,0,103,120,0,120,223
05/24/2001,ALW,WA,ANM,WE,Federal Contract Tower,0,8,13,2,23,0,2,38,0,40,0,10,51,2,63,76,0,76,139
05/25/2001,ALW,WA,ANM,WE,Federal Contract Tower,0,11,9,0,20,0,1,69,0,70,0,12,78,0,90,54,0,54,144
05/26/2001,ALW,WA,ANM,WE,Federal Contract Tower,0,5,5,0,10,0,0,53,0,53,0,5,58,0,63,28,0,28,91
05/27/2001,ALW,WA,ANM,WE,Federal Contract Tower,0,4,2,0,6,0,0,20,0,20,0,4,22,0,26,10,0,10,36
05/28/2001,ALW,WA,ANM,WE,Federal Contract Tower,0,7,7,0,14,0,0,43,2,45,0,7,50,2,59,30,0,30,89
05/29/2001,ALW,WA,ANM,WE,Federal Contract Tower,0,7,1,0,8,0,5,32,0,37,0,12,33,0,45,62,0,62,107
05/30/2001,ALW,WA,ANM,WE,Federal Contract Tower,0,7,22,0,29,0,2,79,0,81,0,9,101,0,110,114,0,114,224
05/31/2001,ALW,WA,ANM,WE,Federal Contract Tower,0,7,12,0,19,0,1,61,0,62,0,8,73,0,81,78,0,78,159
06/01/2001,ALW,WA,ANM,WE,Federal Contract Tower,0,9,10,0,19,0,0,44,0,44,0,9,54,0,63,106,0,106,169
06/02/2001,ALW,WA,ANM,WE,Federal Contract Tower,0,5,5,0,10,0,0,14,0,14,0,5,19,0,24,6,0,6,30
06/03/2001,ALW,WA,ANM,WE,Federal Contract Tower,0,5,15,0,20,0,0,26,0,26,0,5,41,0,46,56,0,56,102
06/04/2001,ALW,WA,ANM,WE,Federal Contract Tower,0,6,8,0,14,0,0,19,0,19,0,6,27,0,33,14,0,14,47
06/05/2001,ALW,WA,ANM,WE,Federal Contract Tower,0,10,29,0,39,0,0,7,0,7,0,10,36,0,46,6,0,6,52
06/06/2001,ALW,WA,ANM,WE,Federal Contract Tower,0,9,12,0,21,0,1,51,0,52,0,10,63,0,73,40,0,40,113
06/07/2001,ALW,WA,ANM,WE,Federal Contract Tower,0,7,15,0,22,0,1,28,0,29,0,8,43,0,51,26,0,26,77
06/08/2001,ALW,WA,ANM,WE,Federal Contract Tower,0,7,17,0,24,0,0,52,0,52,0,7,69,0,76,36,0,36,112
06/09/2001,ALW,WA,ANM,WE,Federal Contract Tower,0,5,1,0,6,0,0,22,0,22,0,5,23,0,28,2,0,2,30
06/10/2001,ALW,WA,ANM,WE,Federal Contract Tower,0,5,7,0,12,0,0,43,0,43,0,5,50,0,55,28,0,28,83
06/11/2001,ALW,WA,ANM,WE,Federal Contract Tower,0,6,6,0,12,0,1,30,0,31,0,7,36,0,43,32,0,32,75
06/12/2001,ALW,WA,ANM,WE,Federal Contract Tower,0,8,2,0,10,0,0,11,0,11,0,8,13,0,21,20,0,20,41
06/13/2001,ALW,WA,ANM,WE,Federal Contract Tower,0,12,5,0,17,0,1,60,0,61,0,13,65,0,78,62,0,62,140
06/14/2001,ALW,WA,ANM,WE,Federal Contract Tower,0,7,3,0,10,0,3,40,0,43,0,10,43,0,53,60,0,60,113
06/15/2001,ALW,WA,ANM,WE,Federal Contract Tower,0,9,14,0,23,0,1,57,0,58,0,10,71,0,81,42,0,42,123
06/16/2001,ALW,WA,ANM,WE,Federal Contract Tower,0,7,4,0,11,0,0,20,0,20,0,7,24,0,31,16,0,16,47
06/17/2001,ALW,WA,ANM,WE,Federal Contract Tower,0,6,5,0,11,0,0,70,0,70,0,6,75,0,81,24,0,24,105
06/18/2001,ALW,WA,ANM,WE,Federal Contract Tower,0,6,2,0,8,0,1,46,0,47,0,7,48,0,55,32,0,32,87
06/19/2001,ALW,WA,ANM,WE,Federal Contract Tower,0,6,9,8,23,0,1,57,0,58,0,7,66,8,81,46,0,46,127
06/20/2001,ALW,WA,ANM,WE,Federal Contract Tower,0,7,9,0,16,0,2,60,0,62,0,9,69,0,78,82,0,82,160
06/21/2001,ALW,WA,ANM,WE,Federal Contract Tower,0,7,6,0,13,0,1,28,0,29,0,8,34,0,42,92,0,92,134
06/22/2001,ALW,WA,ANM,WE,Federal Contract Tower,0,9,7,0,16,0,2,38,0,40,0,11,45,0,56,66,0,66,122
06/23/2001,ALW,WA,ANM,WE,Federal Contract Tower,0,6,4,0,10,0,0,40,2,42,0,6,44,2,52,28,0,28,80
06/24/2001,ALW,WA,ANM,WE,Federal Contract Tower,0,7,11,0,18,0,1,27,0,28,0,8,38,0,46,34,0,34,80
06/25/2001,ALW,WA,ANM,WE,Federal Contract Tower,0,7,8,0,15,0,0,43,0,43,0,7,51,0,58,32,0,32,90
06/26/2001,ALW,WA,ANM,WE,Federal Contract Tower,0,8,10,0,18,0,0,64,0,64,0,8,74,0,82,114,0,114,196
06/27/2001,ALW,WA,ANM,WE,Federal Contract Tower,0,14,15,0,29,0,0,37,0,37,0,14,52,0,66,108,0,108,174
06/28/2001,ALW,WA,ANM,WE,Federal Contract Tower,0,10,7,0,17,0,2,23,0,25,0,12,30,0,42,70,0,70,112
06/29/2001,ALW,WA,ANM,WE,Federal Contract Tower,0,6,5,0,11,0,1,67,0,68,0,7,72,0,79,92,0,92,171
06/30/2001,ALW,WA,ANM,WE,Federal Contract Tower,0,4,3,0,7,0,0,41,0,41,0,4,44,0,48,10,0,10,58
07/01/2001,ALW,WA,ANM,WE,Federal Contract Tower,0,6,4,0,10,0,0,34,0,34,0,6,38,0,44,38,0,38,82
07/02/2001,ALW,WA,ANM,WE,Federal Contract Tower,0,8,5,0,13,0,0,77,3,80,0,8,82,3,93,98,0,98,191
07/03/2001,ALW,WA,ANM,WE,Federal Contract Tower,0,7,12,0,19,0,3,78,4,85,0,10,90,4,104,42,0,42,146
07/04/2001,ALW,WA,ANM,WE,Federal Contract Tower,0,6,0,0,6,0,0,36,2,38,0,6,36,2,44,20,0,20,64
07/05/2001,ALW,WA,ANM,WE,Federal Contract Tower,0,8,7,0,15,0,4,22,3,29,0,12,29,3,44,48,0,48,92
07/06/2001,ALW,WA,ANM,WE,Federal Contract Tower,0,8,9,0,17,0,0,27,0,27,0,8,36,0,44,52,0,52,96
07/07/2001,ALW,WA,ANM,WE,Federal Contract Tower,0,6,1,0,7,0,0,42,0,42,0,6,43,0,49,32,0,32,81
07/08/2001,ALW,WA,ANM,WE,Federal Contract Tower,0,7,3,0,10,0,0,35,0,35,0,7,38,0,45,32,0,32,77
07/09/2001,ALW,WA,ANM,WE,Federal Contract Tower,0,6,3,0,9,0,1,39,0,40,0,7,42,0,49,90,0,90,139
07/10/2001,ALW,WA,ANM,WE,Federal Contract Tower,0,6,11,0,17,0,1,46,0,47,0,7,57,0,64,90,0,90,154
07/11/2001,ALW,WA,ANM,WE,Federal Contract Tower,0,9,6,0,15,0,2,59,0,61,0,11,65,0,76,118,0,118,194
07/12/2001,ALW,WA,ANM,WE,Federal Contract Tower,0,6,8,0,14,0,4,66,0,70,0,10,74,0,84,36,0,36,120
07/13/2001,ALW,WA,ANM,WE,Federal Contract Tower,0,7,14,0,21,0,4,45,0,49,0,11,59,0,70,24,0,24,94
07/14/2001,ALW,WA,ANM,WE,Federal Contract Tower,0,6,3,0,9,0,3,25,0,28,0,9,28,0,37,14,0,14,51
07/15/2001,ALW,WA,ANM,WE,Federal Contract Tower,0,8,6,0,14,0,0,64,0,64,0,8,70,0,78,64,0,64,142
07/16/2001,ALW,WA,ANM,WE,Federal Contract Tower,0,6,9,0,15,0,1,28,0,29,0,7,37,0,44,50,0,50,94
07/17/2001,ALW,WA,ANM,WE,Federal Contract Tower,0,7,6,0,13,0,3,37,0,40,0,10,43,0,53,122,0,122,175
07/18/2001,ALW,WA,ANM,WE,Federal Contract Tower,0,6,5,0,11,0,4,42,0,46,0,10,47,0,57,80,0,80,137
07/19/2001,ALW,WA,ANM,WE,Federal Contract Tower,0,7,0,0,7,0,1,36,0,37,0,8,36,0,44,84,0,84,128
07/20/2001,ALW,WA,ANM,WE,Federal Contract Tower,0,7,8,0,15,0,3,38,0,41,0,10,46,0,56,12,0,12,68
07/21/2001,ALW,WA,ANM,WE,Federal Contract Tower,0,6,1,0,7,0,0,36,0,36,0,6,37,0,43,22,0,22,65
07/22/2001,ALW,WA,ANM,WE,Federal Contract Tower,0,8,1,0,9,0,1,45,0,46,0,9,46,0,55,8,0,8,63
07/23/2001,ALW,WA,ANM,WE,Federal Contract Tower,0,8,4,0,12,0,1,56,0,57,0,9,60,0,69,78,0,78,147
07/24/2001,ALW,WA,ANM,WE,Federal Contract Tower,0,7,11,0,18,0,1,49,0,50,0,8,60,0,68,30,0,30,98
07/25/2001,ALW,WA,ANM,WE,Federal Contract Tower,0,7,7,0,14,0,3,45,0,48,0,10,52,0,62,70,0,70,132
07/26/2001,ALW,WA,ANM,WE,Federal Contract Tower,0,7,8,0,15,0,1,53,0,54,0,8,61,0,69,34,0,34,103
07/27/2001,ALW,WA,ANM,WE,Federal Contract Tower,0,7,6,0,13,0,0,39,0,39,0,7,45,0,52,38,0,38,90
07/28/2001,ALW,WA,ANM,WE,Federal Contract Tower,0,8,5,0,13,0,2,8,0,10,0,10,13,0,23,16,0,16,39
07/29/2001,ALW,WA,ANM,WE,Federal Contract Tower,0,5,3,0,8,0,0,29,0,29,0,5,32,0,37,16,0,16,53
07/30/2001,ALW,WA,ANM,WE,Federal Contract Tower,0,6,14,0,20,0,2,91,0,93,0,8,105,0,113,105,0,105,218
07/31/2001,ALW,WA,ANM,WE,Federal Contract Tower,0,8,11,0,19,0,5,56,2,63,0,13,67,2,82,22,0,22,104
08/01/2001,ALW,WA,ANM,WE,Federal Contract Tower,0,7,14,0,21,0,1,78,0,79,0,8,92,0,100,48,0,48,148
08/02/2001,ALW,WA,ANM,WE,Federal Contract Tower,0,9,11,0,20,0,1,68,0,69,0,10,79,0,89,58,0,58,147
08/03/2001,ALW,WA,ANM,WE,Federal Contract Tower,0,6,13,0,19,0,8,68,0,76,0,14,81,0,95,64,0,64,159
08/04/2001,ALW,WA,ANM,WE,Federal Contract Tower,0,7,5,0,12,0,0,23,0,23,0,7,28,0,35,4,0,4,39
08/05/2001,ALW,WA,ANM,WE,Federal Contract Tower,0,6,7,0,13,0,7,62,0,69,0,13,69,0,82,2,0,2,84
08/06/2001,ALW,WA,ANM,WE,Federal Contract Tower,0,7,5,0,12,0,2,41,0,43,0,9,46,0,55,66,0,66,121
08/07/2001,ALW,WA,ANM,WE,Federal Contract Tower,0,8,11,0,19,0,7,49,0,56,0,15,60,0,75,40,0,40,115
08/08/2001,ALW,WA,ANM,WE,Federal Contract Tower,0,7,8,0,15,0,10,39,0,49,0,17,47,0,64,14,0,14,78
08/09/2001,ALW,WA,ANM,WE,Federal Contract Tower,0,7,5,0,12,0,9,61,0,70,0,16,66,0,82,36,0,36,118
08/10/2001,ALW,WA,ANM,WE,Federal Contract Tower,0,7,11,0,18,0,3,47,0,50,0,10,58,0,68,66,0,66,134
08/11/2001,ALW,WA,ANM,WE,Federal Contract Tower,0,6,5,2,13,0,0,57,0,57,0,6,62,2,70,16,0,16,86
08/12/2001,ALW,WA,ANM,WE,Federal Contract Tower,0,6,11,0,17,0,0,63,0,63,0,6,74,0,80,2,0,2,82
08/13/2001,ALW,WA,ANM,WE,Federal Contract Tower,0,6,2,0,8,0,1,21,0,22,0,7,23,0,30,30,0,30,60
08/14/2001,ALW,WA,ANM,WE,Federal Contract Tower,0,13,10,0,23,0,2,45,0,47,0,15,55,0,70,8,0,8,78
08/15/2001,ALW,WA,ANM,WE,Federal Contract Tower,0,7,7,0,14,0,5,42,0,47,0,12,49,0,61,14,0,14,75
08/16/2001,ALW,WA,ANM,WE,Federal Contract Tower,0,6,6,0,12,0,3,48,0,51,0,9,54,0,63,40,0,40,103
08/17/2001,ALW,WA,ANM,WE,Federal Contract Tower,0,9,5,0,14,0,6,30,0,36,0,15,35,0,50,18,0,18,68
08/18/2001,ALW,WA,ANM,WE,Federal Contract Tower,0,6,3,0,9,0,2,23,0,25,0,8,26,0,34,0,0,0,34
08/19/2001,ALW,WA,ANM,WE,Federal Contract Tower,0,6,0,0,6,0,0,44,0,44,0,6,44,0,50,18,0,18,68
08/20/2001,ALW,WA,ANM,WE,Federal Contract Tower,0,7,5,0,12,0,1,35,0,36,0,8,40,0,48,30,0,30,78
08/21/2001,ALW,WA,ANM,WE,Federal Contract Tower,0,8,6,2,16,0,0,46,2,48,0,8,52,4,64,56,0,56,120
08/22/2001,ALW,WA,ANM,WE,Federal Contract Tower,0,8,3,0,11,0,0,17,0,17,0,8,20,0,28,68,0,68,96
08/23/2001,ALW,WA,ANM,WE,Federal Contract Tower,0,8,4,0,12,0,0,18,0,18,0,8,22,0,30,48,0,48,78
08/24/2001,ALW,WA,ANM,WE,Federal Contract Tower,0,7,3,0,10,0,1,55,0,56,0,8,58,0,66,34,0,34,100
08/25/2001,ALW,WA,ANM,WE,Federal Contract Tower,0,7,2,0,9,0,1,53,0,54,0,8,55,0,63,16,0,16,79
08/26/2001,ALW,WA,ANM,WE,Federal Contract Tower,0,6,0,0,6,0,0,45,0,45,0,6,45,0,51,16,0,16,67
08/27/2001,ALW,WA,ANM,WE,Federal Contract Tower,0,6,8,0,14,0,2,38,0,40,0,8,46,0,54,88,0,88,142
08/28/2001,ALW,WA,ANM,WE,Federal Contract Tower,0,9,8,0,17,0,4,42,0,46,0,13,50,0,63,60,0,60,123
08/29/2001,ALW,WA,ANM,WE,Federal Contract Tower,0,9,5,0,14,0,1,41,0,42,0,10,46,0,56,28,0,28,84
08/30/2001,ALW,WA,ANM,WE,Federal Contract Tower,0,5,4,3,12,0,6,27,1,34,0,11,31,4,46,0,0,0,46
08/31/2001,ALW,WA,ANM,WE,Federal Contract Tower,0,7,10,0,17,0,1,35,0,36,0,8,45,0,53,52,0,52,105
09/01/2001,ALW,WA,ANM,WE,Federal Contract Tower,0,6,0,0,6,0,0,35,0,35,0,6,35,0,41,0,0,0,41
09/02/2001,ALW,WA,ANM,WE,Federal Contract Tower,0,5,3,0,8,0,0,59,2,61,0,5,62,2,69,14,0,14,83
09/03/2001,ALW,WA,ANM,WE,Federal Contract Tower,0,6,3,0,9,0,0,45,0,45,0,6,48,0,54,22,0,22,76
09/04/2001,ALW,WA,ANM,WE,Federal Contract Tower,0,6,3,0,9,0,9,28,0,37,0,15,31,0,46,18,0,18,64
09/05/2001,ALW,WA,ANM,WE,Federal Contract Tower,0,10,2,0,12,0,2,19,0,21,0,12,21,0,33,48,0,48,81
09/06/2001,ALW,WA,ANM,WE,Federal Contract Tower,0,8,5,0,13,0,4,22,0,26,0,12,27,0,39,2,0,2,41
09/07/2001,ALW,WA,ANM,WE,Federal Contract Tower,0,6,3,2,11,0,1,25,0,26,0,7,28,2,37,24,0,24,61
09/08/2001,ALW,WA,ANM,WE,Federal Contract Tower,0,6,5,0,11,0,0,41,0,41,0,6,46,0,52,32,0,32,84
09/09/2001,ALW,WA,ANM,WE,Federal Contract Tower,0,6,6,0,12,0,0,38,0,38,0,6,44,0,50,12,0,12,62
09/10/2001,ALW,WA,ANM,WE,Federal Contract Tower,0,4,2,0,6,0,1,26,0,27,0,5,28,0,33,20,0,20,53
09/11/2001,ALW,WA,ANM,WE,Federal Contract Tower,0,0,0,0,0,0,0,0,0,0,0,0,0,0,0,0,0,0,0
09/12/2001,ALW,WA,ANM,WE,Federal Contract Tower,0,0,0,0,0,0,0,0,0,0,0,0,0,0,0,0,0,0,0
09/13/2001,ALW,WA,ANM,WE,Federal Contract Tower,0,3,0,0,3,0,0,0,0,0,0,3,0,0,3,0,0,0,3
09/14/2001,ALW,WA,ANM,WE,Federal Contract Tower,0,8,1,0,9,0,4,5,0,9,0,12,6,0,18,0,0,0,18
09/15/2001,ALW,WA,ANM,WE,Federal Contract Tower,0,7,4,0,11,0,0,0,0,0,0,7,4,0,11,0,0,0,11
09/16/2001,ALW,WA,ANM,WE,Federal Contract Tower,0,5,4,0,9,0,0,0,0,0,0,5,4,0,9,0,0,0,9
09/17/2001,ALW,WA,ANM,WE,Federal Contract Tower,0,6,5,2,13,0,0,0,0,0,0,6,5,2,13,0,0,0,13
09/18/2001,ALW,WA,ANM,WE,Federal Contract Tower,0,8,16,0,24,0,0,5,0,5,0,8,21,0,29,0,0,0,29
09/19/2001,ALW,WA,ANM,WE,Federal Contract Tower,0,4,8,0,12,0,4,5,0,9,0,8,13,0,21,0,0,0,21
09/20/2001,ALW,WA,ANM,WE,Federal Contract Tower,0,5,3,0,8,0,3,10,0,13,0,8,13,0,21,0,0,0,21
09/21/2001,ALW,WA,ANM,WE,Federal Contract Tower,0,13,1,0,14,0,0,9,0,9,0,13,10,0,23,0,0,0,23
09/22/2001,ALW,WA,ANM,WE,Federal Contract Tower,0,3,6,0,9,0,1,26,0,27,0,4,32,0,36,2,0,2,38
09/23/2001,ALW,WA,ANM,WE,Federal Contract Tower,0,5,3,0,8,0,2,32,0,34,0,7,35,0,42,22,0,22,64
09/24/2001,ALW,WA,ANM,WE,Federal Contract Tower,0,4,11,0,15,0,1,42,0,43,0,5,53,0,58,60,0,60,118
09/25/2001,ALW,WA,ANM,WE,Federal Contract Tower,0,7,7,0,14,0,1,15,0,16,0,8,22,0,30,2,0,2,32
09/26/2001,ALW,WA,ANM,WE,Federal Contract Tower,0,6,1,2,9,0,3,55,0,58,0,9,56,2,67,50,0,50,117
09/27/2001,ALW,WA,ANM,WE,Federal Contract Tower,0,10,5,0,15,0,2,68,0,70,0,12,73,0,85,64,0,64,149
09/28/2001,ALW,WA,ANM,WE,Federal Contract Tower,0,5,10,0,15,0,4,58,0,62,0,9,68,0,77,62,0,62,139
09/29/2001,ALW,WA,ANM,WE,Federal Contract Tower,0,7,4,0,11,0,0,39,0,39,0,7,43,0,50,12,0,12,62
09/30/2001,ALW,WA,ANM,WE,Federal Contract Tower,0,5,3,0,8,0,0,49,0,49,0,5,52,0,57,62,0,62,119
10/01/2001,ALW,WA,ANM,WE,Federal Contract Tower,0,6,3,0,9,0,1,41,0,42,0,7,44,0,51,92,0,92,143
10/02/2001,ALW,WA,ANM,WE,Federal Contract Tower,0,6,2,0,8,0,1,53,0,54,0,7,55,0,62,76,0,76,138
10/03/2001,ALW,WA,ANM,WE,Federal Contract Tower,0,5,11,0,16,0,5,56,0,61,0,10,67,0,77,90,0,90,167
10/04/2001,ALW,WA,ANM,WE,Federal Contract Tower,0,5,1,0,6,0,2,36,0,38,0,7,37,0,44,66,0,66,110
10/05/2001,ALW,WA,ANM,WE,Federal Contract Tower,0,4,1,2,7,0,1,75,0,76,0,5,76,2,83,116,0,116,199
10/06/2001,ALW,WA,ANM,WE,Federal Contract Tower,0,3,5,0,8,0,5,21,0,26,0,8,26,0,34,4,0,4,38
10/07/2001,ALW,WA,ANM,WE,Federal Contract Tower,0,6,4,2,12,0,1,44,0,45,0,7,48,2,57,70,0,70,127
10/08/2001,ALW,WA,ANM,WE,Federal Contract Tower,0,8,5,0,13,0,1,22,0,23,0,9,27,0,36,74,0,74,110
10/09/2001,ALW,WA,ANM,WE,Federal Contract Tower,0,5,0,0,5,0,3,61,0,64,0,8,61,0,69,134,0,134,203
10/10/2001,ALW,WA,ANM,WE,Federal Contract Tower,0,5,6,0,11,0,3,51,0,54,0,8,57,0,65,118,0,118,183
10/11/2001,ALW,WA,ANM,WE,Federal Contract Tower,0,5,7,0,12,0,4,48,0,52,0,9,55,0,64,136,0,136,200
10/12/2001,ALW,WA,ANM,WE,Federal Contract Tower,0,5,8,0,13,0,2,49,0,51,0,7,57,0,64,106,0,106,170
10/13/2001,ALW,WA,ANM,WE,Federal Contract Tower,0,3,4,0,7,0,0,31,0,31,0,3,35,0,38,8,0,8,46
10/14/2001,ALW,WA,ANM,WE,Federal Contract Tower,0,7,7,0,14,0,0,65,0,65,0,7,72,0,79,128,0,128,207
10/15/2001,ALW,WA,ANM,WE,Federal Contract Tower,0,4,4,0,8,0,1,53,0,54,0,5,57,0,62,128,0,128,190
10/16/2001,ALW,WA,ANM,WE,Federal Contract Tower,0,5,6,0,11,0,4,59,0,63,0,9,65,0,74,202,0,202,276
10/17/2001,ALW,WA,ANM,WE,Federal Contract Tower,0,5,2,0,7,0,1,24,0,25,0,6,26,0,32,86,0,86,118
10/18/2001,ALW,WA,ANM,WE,Federal Contract Tower,0,5,3,2,10,0,3,48,0,51,0,8,51,2,61,198,0,198,259
10/19/2001,ALW,WA,ANM,WE,Federal Contract Tower,0,7,6,0,13,0,4,45,0,49,0,11,51,0,62,188,0,188,250
10/20/2001,ALW,WA,ANM,WE,Federal Contract Tower,0,3,7,0,10,0,0,29,0,29,0,3,36,0,39,48,0,48,87
10/21/2001,ALW,WA,ANM,WE,Federal Contract Tower,0,5,8,0,13,0,0,72,0,72,0,5,80,0,85,134,0,134,219
10/22/2001,ALW,WA,ANM,WE,Federal Contract Tower,0,6,3,0,9,0,0,21,0,21,0,6,24,0,30,94,0,94,124
10/23/2001,ALW,WA,ANM,WE,Federal Contract Tower,0,7,0,0,7,0,2,3,0,5,0,9,3,0,12,4,0,4,16
10/24/2001,ALW,WA,ANM,WE,Federal Contract Tower,0,6,10,0,16,0,6,43,0,49,0,12,53,0,65,160,0,160,225
10/25/2001,ALW,WA,ANM,WE,Federal Contract Tower,0,6,15,0,21,0,2,56,0,58,0,8,71,0,79,156,0,156,235
10/26/2001,ALW,WA,ANM,WE,Federal Contract Tower,0,7,12,2,21,0,2,64,0,66,0,9,76,2,87,138,0,138,225
10/27/2001,ALW,WA,ANM,WE,Federal Contract Tower,0,5,0,0,5,0,0,11,0,11,0,5,11,0,16,4,0,4,20
10/28/2001,ALW,WA,ANM,WE,Federal Contract Tower,0,5,6,0,11,0,0,49,0,49,0,5,55,0,60,44,0,44,104
10/29/2001,ALW,WA,ANM,WE,Federal Contract Tower,0,5,11,4,20,0,0,30,0,30,0,5,41,4,50,72,0,72,122
10/30/2001,ALW,WA,ANM,WE,Federal Contract Tower,0,10,34,0,44,0,0,4,0,4,0,10,38,0,48,0,0,0,48
10/31/2001,ALW,WA,ANM,WE,Federal Contract Tower,0,8,12,0,20,0,0,37,0,37,0,8,49,0,57,124,0,124,181
11/01/2001,ALW,WA,ANM,WE,Federal Contract Tower,0,8,16,0,24,0,3,35,0,38,0,11,51,0,62,100,0,100,162
11/02/2001,ALW,WA,ANM,WE,Federal Contract Tower,2,9,19,2,32,12,5,68,0,85,14,14,87,2,117,66,0,66,183
11/03/2001,ALW,WA,ANM,WE,Federal Contract Tower,0,5,13,0,18,0,2,30,0,32,0,7,43,0,50,14,0,14,64
11/04/2001,ALW,WA,ANM,WE,Federal Contract Tower,0,7,1,2,10,0,0,0,0,0,0,7,1,2,10,0,0,0,10
11/05/2001,ALW,WA,ANM,WE,Federal Contract Tower,0,5,14,0,19,0,1,30,0,31,0,6,44,0,50,106,0,106,156
11/06/2001,ALW,WA,ANM,WE,Federal Contract Tower,0,7,21,0,28,0,1,40,0,41,0,8,61,0,69,96,0,96,165
11/07/2001,ALW,WA,ANM,WE,Federal Contract Tower,0,7,11,0,18,0,2,81,0,83,0,9,92,0,101,104,0,104,205
11/08/2001,ALW,WA,ANM,WE,Federal Contract Tower,0,3,10,0,13,0,0,0,0,0,0,3,10,0,13,0,0,0,13
11/09/2001,ALW,WA,ANM,WE,Federal Contract Tower,0,0,2,0,2,0,0,0,0,0,0,0,2,0,2,0,0,0,2
11/10/2001,ALW,WA,ANM,WE,Federal Contract Tower,0,0,0,0,0,0,0,0,0,0,0,0,0,0,0,0,0,0,0
11/11/2001,ALW,WA,ANM,WE,Federal Contract Tower,0,2,0,0,2,0,0,0,0,0,0,2,0,0,2,0,0,0,2
11/12/2001,ALW,WA,ANM,WE,Federal Contract Tower,0,9,8,0,17,0,0,0,0,0,0,9,8,0,17,0,0,0,17
11/13/2001,ALW,WA,ANM,WE,Federal Contract Tower,0,9,15,0,24,0,7,73,0,80,0,16,88,0,104,118,0,118,222
11/14/2001,ALW,WA,ANM,WE,Federal Contract Tower,0,8,11,0,19,0,5,34,0,39,0,13,45,0,58,82,0,82,140
11/15/2001,ALW,WA,ANM,WE,Federal Contract Tower,0,8,18,0,26,0,5,42,0,47,0,13,60,0,73,110,0,110,183
11/16/2001,ALW,WA,ANM,WE,Federal Contract Tower,0,7,18,0,25,0,0,42,0,42,0,7,60,0,67,114,0,114,181
11/17/2001,ALW,WA,ANM,WE,Federal Contract Tower,0,5,0,0,5,0,0,26,0,26,0,5,26,0,31,0,0,0,31
11/18/2001,ALW,WA,ANM,WE,Federal Contract Tower,0,5,4,0,9,0,0,0,0,0,0,5,4,0,9,0,0,0,9
11/19/2001,ALW,WA,ANM,WE,Federal Contract Tower,0,10,20,0,30,0,0,8,0,8,0,10,28,0,38,0,0,0,38
11/20/2001,ALW,WA,ANM,WE,Federal Contract Tower,0,11,4,0,15,0,3,40,0,43,0,14,44,0,58,68,0,68,126
11/21/2001,ALW,WA,ANM,WE,Federal Contract Tower,0,8,4,2,14,0,6,48,0,54,0,14,52,2,68,78,0,78,146
11/22/2001,ALW,WA,ANM,WE,Federal Contract Tower,0,5,0,0,5,0,0,0,0,0,0,5,0,0,5,0,0,0,5
11/23/2001,ALW,WA,ANM,WE,Federal Contract Tower,0,7,2,0,9,0,0,29,0,29,0,7,31,0,38,36,0,36,74
11/24/2001,ALW,WA,ANM,WE,Federal Contract Tower,0,5,4,0,9,0,0,21,0,21,0,5,25,0,30,2,0,2,32
11/25/2001,ALW,WA,ANM,WE,Federal Contract Tower,0,5,2,0,7,0,0,4,0,4,0,5,6,0,11,6,0,6,17
11/26/2001,ALW,WA,ANM,WE,Federal Contract Tower,0,8,9,0,17,0,0,66,2,68,0,8,75,2,85,118,0,118,203
11/27/2001,ALW,WA,ANM,WE,Federal Contract Tower,0,11,26,0,37,0,5,78,0,83,0,16,104,0,120,116,0,116,236
11/28/2001,ALW,WA,ANM,WE,Federal Contract Tower,0,6,0,0,6,0,0,0,0,0,0,6,0,0,6,0,0,0,6
11/29/2001,ALW,WA,ANM,WE,Federal Contract Tower,0,8,2,0,10,0,2,10,0,12,0,10,12,0,22,38,0,38,60
11/30/2001,ALW,WA,ANM,WE,Federal Contract Tower,0,8,10,0,18,0,2,28,0,30,0,10,38,0,48,46,0,46,94
12/01/2001,ALW,WA,ANM,WE,Federal Contract Tower,0,7,0,0,7,0,0,2,0,2,0,7,2,0,9,0,0,0,9
12/02/2001,ALW,WA,ANM,WE,Federal Contract Tower,0,5,3,0,8,0,1,16,0,17,0,6,19,0,25,2,0,2,27
12/03/2001,ALW,WA,ANM,WE,Federal Contract Tower,0,8,14,0,22,0,0,29,0,29,0,8,43,0,51,78,0,78,129
12/04/2001,ALW,WA,ANM,WE,Federal Contract Tower,0,9,22,0,31,0,1,53,0,54,0,10,75,0,85,132,0,132,217
12/05/2001,ALW,WA,ANM,WE,Federal Contract Tower,0,11,14,0,25,0,3,33,0,36,0,14,47,0,61,138,0,138,199
12/06/2001,ALW,WA,ANM,WE,Federal Contract Tower,0,12,21,0,33,0,3,34,0,37,0,15,55,0,70,68,0,68,138
12/07/2001,ALW,WA,ANM,WE,Federal Contract Tower,0,7,8,2,17,0,0,80,4,84,0,7,88,6,101,106,0,106,207
12/08/2001,ALW,WA,ANM,WE,Federal Contract Tower,0,7,1,0,8,0,0,19,0,19,0,7,20,0,27,12,0,12,39
12/09/2001,ALW,WA,ANM,WE,Federal Contract Tower,0,5,6,0,11,0,0,44,0,44,0,5,50,0,55,68,0,68,123
12/10/2001,ALW,WA,ANM,WE,Federal Contract Tower,0,8,0,0,8,0,0,10,0,10,0,8,10,0,18,76,0,76,94
12/11/2001,ALW,WA,ANM,WE,Federal Contract Tower,0,10,6,2,18,0,0,19,0,19,0,10,25,2,37,96,0,96,133
12/12/2001,ALW,WA,ANM,WE,Federal Contract Tower,0,9,7,0,16,0,7,32,0,39,0,16,39,0,55,72,0,72,127
12/13/2001,ALW,WA,ANM,WE,Federal Contract Tower,0,8,0,0,8,0,2,9,0,11,0,10,9,0,19,18,0,18,37
12/14/2001,ALW,WA,ANM,WE,Federal Contract Tower,0,9,5,0,14,0,0,4,0,4,0,9,9,0,18,0,0,0,18
12/15/2001,ALW,WA,ANM,WE,Federal Contract Tower,0,6,2,0,8,0,5,28,0,33,0,11,30,0,41,4,0,4,45
12/16/2001,ALW,WA,ANM,WE,Federal Contract Tower,0,5,0,0,5,0,0,0,0,0,0,5,0,0,5,0,0,0,5
12/17/2001,ALW,WA,ANM,WE,Federal Contract Tower,0,7,4,2,13,0,0,16,0,16,0,7,20,2,29,12,0,12,41
12/18/2001,ALW,WA,ANM,WE,Federal Contract Tower,0,9,8,2,19,0,0,14,0,14,0,9,22,2,33,0,0,0,33
12/19/2001,ALW,WA,ANM,WE,Federal Contract Tower,0,10,4,0,14,0,0,37,0,37,0,10,41,0,51,106,0,106,157
12/20/2001,ALW,WA,ANM,WE,Federal Contract Tower,0,7,0,0,7,0,0,6,0,6,0,7,6,0,13,0,0,0,13
12/21/2001,ALW,WA,ANM,WE,Federal Contract Tower,0,8,1,0,9,0,0,57,0,57,0,8,58,0,66,140,0,140,206
12/22/2001,ALW,WA,ANM,WE,Federal Contract Tower,0,4,4,0,8,0,0,0,0,0,0,4,4,0,8,0,0,0,8
12/23/2001,ALW,WA,ANM,WE,Federal Contract Tower,0,6,2,0,8,0,0,31,0,31,0,6,33,0,39,20,0,20,59
12/24/2001,ALW,WA,ANM,WE,Federal Contract Tower,0,8,2,0,10,0,0,0,0,0,0,8,2,0,10,0,0,0,10
12/25/2001,ALW,WA,ANM,WE,Federal Contract Tower,0,7,1,0,8,0,0,14,0,14,0,7,15,0,22,0,0,0,22
12/26/2001,ALW,WA,ANM,WE,Federal Contract Tower,0,9,2,0,11,0,0,6,0,6,0,9,8,0,17,0,0,0,17
12/27/2001,ALW,WA,ANM,WE,Federal Contract Tower,0,8,2,0,10,0,0,0,0,0,0,8,2,0,10,0,0,0,10
12/28/2001,ALW,WA,ANM,WE,Federal Contract Tower,0,8,0,0,8,0,0,9,0,9,0,8,9,0,17,48,0,48,65
12/29/2001,ALW,WA,ANM,WE,Federal Contract Tower,0,5,1,0,6,0,0,0,0,0,0,5,1,0,6,0,0,0,6
12/30/2001,ALW,WA,ANM,WE,Federal Contract Tower,0,6,6,0,12,0,0,0,0,0,0,6,6,0,12,0,0,0,12
12/31/2001,ALW,WA,ANM,WE,Federal Contract Tower,0,6,0,0,6,0,0,0,0,0,0,6,0,0,6,0,0,0,6
01/01/2002,ALW,WA,ANM,WE,Federal Contract Tower,0,6,1,0,7,0,0,0,0,0,0,6,1,0,7,0,0,0,7
01/02/2002,ALW,WA,ANM,WE,Federal Contract Tower,0,8,6,0,14,0,0,0,0,0,0,8,6,0,14,0,0,0,14
01/03/2002,ALW,WA,ANM,WE,Federal Contract Tower,0,12,4,0,16,0,0,5,0,5,0,12,9,0,21,18,0,18,39
01/04/2002,ALW,WA,ANM,WE,Federal Contract Tower,0,3,2,2,7,0,2,1,0,3,0,5,3,2,10,16,0,16,26
01/05/2002,ALW,WA,ANM,WE,Federal Contract Tower,0,5,7,0,12,0,0,8,0,8,0,5,15,0,20,8,0,8,28
01/06/2002,ALW,WA,ANM,WE,Federal Contract Tower,0,5,1,0,6,0,0,6,0,6,0,5,7,0,12,12,0,12,24
01/07/2002,ALW,WA,ANM,WE,Federal Contract Tower,0,7,0,0,7,0,0,14,0,14,0,7,14,0,21,2,0,2,23
01/08/2002,ALW,WA,ANM,WE,Federal Contract Tower,0,10,7,0,17,0,1,41,0,42,0,11,48,0,59,162,0,162,221
01/09/2002,ALW,WA,ANM,WE,Federal Contract Tower,0,8,15,0,23,0,1,69,0,70,0,9,84,0,93,114,0,114,207
01/10/2002,ALW,WA,ANM,WE,Federal Contract Tower,0,4,4,0,8,0,0,1,0,1,0,4,5,0,9,0,0,0,9
01/11/2002,ALW,WA,ANM,WE,Federal Contract Tower,0,9,32,0,41,0,0,0,0,0,0,9,32,0,41,0,0,0,41
01/12/2002,ALW,WA,ANM,WE,Federal Contract Tower,0,7,2,0,9,0,0,8,0,8,0,7,10,0,17,4,0,4,21
01/13/2002,ALW,WA,ANM,WE,Federal Contract Tower,0,4,1,0,5,0,15,57,0,72,0,19,58,0,77,117,0,117,194
01/14/2002,ALW,WA,ANM,WE,Federal Contract Tower,0,9,10,0,19,0,0,28,0,28,0,9,38,0,47,118,0,118,165
01/15/2002,ALW,WA,ANM,WE,Federal Contract Tower,0,8,25,0,33,0,1,84,0,85,0,9,109,0,118,126,0,126,244
01/16/2002,ALW,WA,ANM,WE,Federal Contract Tower,0,10,24,0,34,0,1,47,0,48,0,11,71,0,82,90,0,90,172
01/17/2002,ALW,WA,ANM,WE,Federal Contract Tower,0,13,24,0,37,0,2,34,0,36,0,15,58,0,73,76,0,76,149
01/18/2002,ALW,WA,ANM,WE,Federal Contract Tower,0,11,5,0,16,0,8,41,0,49,0,19,46,0,65,78,0,78,143
01/19/2002,ALW,WA,ANM,WE,Federal Contract Tower,0,5,1,0,6,0,0,8,0,8,0,5,9,0,14,20,0,20,34
01/20/2002,ALW,WA,ANM,WE,Federal Contract Tower,0,5,0,0,5,0,1,2,0,3,0,6,2,0,8,20,0,20,28
01/21/2002,ALW,WA,ANM,WE,Federal Contract Tower,0,7,21,0,28,0,0,62,0,62,0,7,83,0,90,146,0,146,236
01/22/2002,ALW,WA,ANM,WE,Federal Contract Tower,0,8,8,0,16,0,6,37,0,43,0,14,45,0,59,100,0,100,159
01/23/2002,ALW,WA,ANM,WE,Federal Contract Tower,0,11,17,0,28,0,1,43,0,44,0,12,60,0,72,140,0,140,212
01/24/2002,ALW,WA,ANM,WE,Federal Contract Tower,0,10,8,0,18,0,0,44,0,44,0,10,52,0,62,46,0,46,108
01/25/2002,ALW,WA,ANM,WE,Federal Contract Tower,0,9,2,0,11,0,3,22,0,25,0,12,24,0,36,34,0,34,70
01/26/2002,ALW,WA,ANM,WE,Federal Contract Tower,0,5,8,0,13,0,0,19,0,19,0,5,27,0,32,2,0,2,34
01/27/2002,ALW,WA,ANM,WE,Federal Contract Tower,0,3,6,0,9,0,0,57,0,57,0,3,63,0,66,86,0,86,152
01/28/2002,ALW,WA,ANM,WE,Federal Contract Tower,0,9,1,0,10,0,1,41,0,42,0,10,42,0,52,66,0,66,118
01/29/2002,ALW,WA,ANM,WE,Federal Contract Tower,0,8,6,0,14,0,2,34,0,36,0,10,40,0,50,112,0,112,162
01/30/2002,ALW,WA,ANM,WE,Federal Contract Tower,0,10,4,0,14,0,0,17,0,17,0,10,21,0,31,106,0,106,137
01/31/2002,ALW,WA,ANM,WE,Federal Contract Tower,0,10,18,0,28,0,0,48,0,48,0,10,66,0,76,28,0,28,104
02/01/2002,ALW,WA,ANM,WE,Federal Contract Tower,0,8,8,0,16,0,2,28,0,30,0,10,36,0,46,56,0,56,102
02/02/2002,ALW,WA,ANM,WE,Federal Contract Tower,0,5,4,0,9,0,0,56,0,56,0,5,60,0,65,6,0,6,71
02/03/2002,ALW,WA,ANM,WE,Federal Contract Tower,0,8,2,0,10,0,0,22,0,22,0,8,24,0,32,34,0,34,66
02/04/2002,ALW,WA,ANM,WE,Federal Contract Tower,0,5,17,2,24,0,0,73,0,73,0,5,90,2,97,84,0,84,181
02/05/2002,ALW,WA,ANM,WE,Federal Contract Tower,0,6,6,0,12,0,0,1,0,1,0,6,7,0,13,4,0,4,17
02/06/2002,ALW,WA,ANM,WE,Federal Contract Tower,0,8,18,0,26,0,0,74,0,74,0,8,92,0,100,120,0,120,220
02/07/2002,ALW,WA,ANM,WE,Federal Contract Tower,0,10,18,0,28,0,0,18,0,18,0,10,36,0,46,122,0,122,168
02/08/2002,ALW,WA,ANM,WE,Federal Contract Tower,0,8,11,0,19,0,2,24,0,26,0,10,35,0,45,10,0,10,55
02/09/2002,ALW,WA,ANM,WE,Federal Contract Tower,0,5,6,0,11,0,0,68,0,68,0,5,74,0,79,34,0,34,113
02/10/2002,ALW,WA,ANM,WE,Federal Contract Tower,0,4,8,0,12,0,0,36,2,38,0,4,44,2,50,30,2,32,82
02/11/2002,ALW,WA,ANM,WE,Federal Contract Tower,0,9,13,0,22,0,0,57,0,57,0,9,70,0,79,84,0,84,163
02/12/2002,ALW,WA,ANM,WE,Federal Contract Tower,0,8,14,0,22,0,0,74,0,74,0,8,88,0,96,172,0,172,268
02/13/2002,ALW,WA,ANM,WE,Federal Contract Tower,0,10,9,0,19,0,4,68,2,74,0,14,77,2,93,84,0,84,177
02/14/2002,ALW,WA,ANM,WE,Federal Contract Tower,0,8,7,0,15,0,4,73,2,79,0,12,80,2,94,124,0,124,218
02/15/2002,ALW,WA,ANM,WE,Federal Contract Tower,0,9,12,0,21,0,7,92,0,99,0,16,104,0,120,122,0,122,242
02/16/2002,ALW,WA,ANM,WE,Federal Contract Tower,0,7,2,0,9,0,1,50,2,53,0,8,52,2,62,0,0,0,62
02/17/2002,ALW,WA,ANM,WE,Federal Contract Tower,0,6,4,0,10,0,2,26,0,28,0,8,30,0,38,72,0,72,110
02/18/2002,ALW,WA,ANM,WE,Federal Contract Tower,0,7,10,0,17,0,0,50,0,50,0,7,60,0,67,154,0,154,221
02/19/2002,ALW,WA,ANM,WE,Federal Contract Tower,0,7,0,0,7,0,1,25,0,26,0,8,25,0,33,24,0,24,57
02/20/2002,ALW,WA,ANM,WE,Federal Contract Tower,0,9,12,0,21,0,3,80,0,83,0,12,92,0,104,168,0,168,272
02/21/2002,ALW,WA,ANM,WE,Federal Contract Tower,0,10,6,0,16,0,0,13,0,13,0,10,19,0,29,50,0,50,79
02/22/2002,ALW,WA,ANM,WE,Federal Contract Tower,0,8,5,0,13,0,0,75,0,75,0,8,80,0,88,80,0,80,168
02/23/2002,ALW,WA,ANM,WE,Federal Contract Tower,0,5,7,0,12,0,0,19,0,19,0,5,26,0,31,0,0,0,31
02/24/2002,ALW,WA,ANM,WE,Federal Contract Tower,0,10,1,0,11,0,0,35,0,35,0,10,36,0,46,42,0,42,88
02/25/2002,ALW,WA,ANM,WE,Federal Contract Tower,0,7,10,0,17,0,1,84,0,85,0,8,94,0,102,58,0,58,160
02/26/2002,ALW,WA,ANM,WE,Federal Contract Tower,0,10,3,2,15,0,2,64,0,66,0,12,67,2,81,84,0,84,165
02/27/2002,ALW,WA,ANM,WE,Federal Contract Tower,0,8,18,0,26,0,1,88,0,89,0,9,106,0,115,172,0,172,287
02/28/2002,ALW,WA,ANM,WE,Federal Contract Tower,0,8,9,0,17,0,2,79,0,81,0,10,88,0,98,160,0,160,258
03/01/2002,ALW,WA,ANM,WE,Federal Contract Tower,0,10,10,0,20,0,2,62,0,64,0,12,72,0,84,92,0,92,176
03/02/2002,ALW,WA,ANM,WE,Federal Contract Tower,0,7,8,0,15,0,2,62,0,64,0,9,70,0,79,26,0,26,105
03/03/2002,ALW,WA,ANM,WE,Federal Contract Tower,0,5,4,0,9,0,0,84,0,84,0,5,88,0,93,106,0,106,199
03/04/2002,ALW,WA,ANM,WE,Federal Contract Tower,0,6,4,2,12,0,0,19,0,19,0,6,23,2,31,70,0,70,101
03/05/2002,ALW,WA,ANM,WE,Federal Contract Tower,0,8,4,0,12,0,4,41,0,45,0,12,45,0,57,98,0,98,155
03/06/2002,ALW,WA,ANM,WE,Federal Contract Tower,0,5,5,0,10,0,0,0,0,0,0,5,5,0,10,0,0,0,10
03/07/2002,ALW,WA,ANM,WE,Federal Contract Tower,0,7,3,0,10,0,1,8,0,9,0,8,11,0,19,88,0,88,107
03/08/2002,ALW,WA,ANM,WE,Federal Contract Tower,0,6,4,4,14,0,5,29,2,36,0,11,33,6,50,54,0,54,104
03/09/2002,ALW,WA,ANM,WE,Federal Contract Tower,0,5,0,0,5,0,2,37,0,39,0,7,37,0,44,16,0,16,60
03/10/2002,ALW,WA,ANM,WE,Federal Contract Tower,0,6,3,0,9,0,0,45,0,45,0,6,48,0,54,104,0,104,158
03/11/2002,ALW,WA,ANM,WE,Federal Contract Tower,0,7,0,0,7,0,0,8,0,8,0,7,8,0,15,6,0,6,21
03/12/2002,ALW,WA,ANM,WE,Federal Contract Tower,0,7,6,2,15,0,0,60,0,60,0,7,66,2,75,90,2,92,167
03/13/2002,ALW,WA,ANM,WE,Federal Contract Tower,0,9,5,0,14,0,1,23,0,24,0,10,28,0,38,38,0,38,76
03/14/2002,ALW,WA,ANM,WE,Federal Contract Tower,0,8,9,2,19,0,0,17,0,17,0,8,26,2,36,20,0,20,56
03/15/2002,ALW,WA,ANM,WE,Federal Contract Tower,0,6,3,0,9,0,1,51,0,52,0,7,54,0,61,24,0,24,85
03/16/2002,ALW,WA,ANM,WE,Federal Contract Tower,0,5,1,0,6,0,0,16,0,16,0,5,17,0,22,4,0,4,26
03/17/2002,ALW,WA,ANM,WE,Federal Contract Tower,0,8,2,0,10,0,0,14,2,16,0,8,16,2,26,24,0,24,50
03/18/2002,ALW,WA,ANM,WE,Federal Contract Tower,0,7,5,2,14,0,0,6,0,6,0,7,11,2,20,0,0,0,20
03/19/2002,ALW,WA,ANM,WE,Federal Contract Tower,0,8,2,0,10,0,5,3,0,8,0,13,5,0,18,4,0,4,22
03/20/2002,ALW,WA,ANM,WE,Federal Contract Tower,0,12,1,2,15,0,0,23,2,25,0,12,24,4,40,4,0,4,44
03/21/2002,ALW,WA,ANM,WE,Federal Contract Tower,0,8,2,0,10,0,2,24,0,26,0,10,26,0,36,8,0,8,44
03/22/2002,ALW,WA,ANM,WE,Federal Contract Tower,0,9,6,2,17,0,1,51,0,52,0,10,57,2,69,28,0,28,97
03/23/2002,ALW,WA,ANM,WE,Federal Contract Tower,0,6,1,0,7,0,0,38,0,38,0,6,39,0,45,0,0,0,45
03/24/2002,ALW,WA,ANM,WE,Federal Contract Tower,0,9,2,0,11,0,0,2,0,2,0,9,4,0,13,0,0,0,13
03/25/2002,ALW,WA,ANM,WE,Federal Contract Tower,0,7,5,0,12,0,2,65,0,67,0,9,70,0,79,48,0,48,127
03/26/2002,ALW,WA,ANM,WE,Federal Contract Tower,0,7,13,0,20,0,0,61,0,61,0,7,74,0,81,80,0,80,161
03/27/2002,ALW,WA,ANM,WE,Federal Contract Tower,0,8,7,0,15,0,0,36,0,36,0,8,43,0,51,44,0,44,95
03/28/2002,ALW,WA,ANM,WE,Federal Contract Tower,0,8,0,0,8,0,1,24,0,25,0,9,24,0,33,36,0,36,69
03/29/2002,ALW,WA,ANM,WE,Federal Contract Tower,0,7,6,0,13,0,3,50,0,53,0,10,56,0,66,66,0,66,132
03/30/2002,ALW,WA,ANM,WE,Federal Contract Tower,0,7,3,0,10,0,0,54,0,54,0,7,57,0,64,68,0,68,132
03/31/2002,ALW,WA,ANM,WE,Federal Contract Tower,0,8,7,0,15,0,0,61,0,61,0,8,68,0,76,70,0,70,146
04/01/2002,ALW,WA,ANM,WE,Federal Contract Tower,0,7,8,0,15,0,1,58,0,59,0,8,66,0,74,92,0,92,166
04/02/2002,ALW,WA,ANM,WE,Federal Contract Tower,0,7,17,0,24,0,3,91,0,94,0,10,108,0,118,66,0,66,184
04/03/2002,ALW,WA,ANM,WE,Federal Contract Tower,0,9,7,0,16,0,3,143,0,146,0,12,150,0,162,154,0,154,316
04/04/2002,ALW,WA,ANM,WE,Federal Contract Tower,0,10,11,0,21,0,3,120,0,123,0,13,131,0,144,130,0,130,274
04/05/2002,ALW,WA,ANM,WE,Federal Contract Tower,0,5,4,0,9,0,2,72,0,74,0,7,76,0,83,96,0,96,179
04/06/2002,ALW,WA,ANM,WE,Federal Contract Tower,0,6,4,0,10,0,0,23,0,23,0,6,27,0,33,0,0,0,33
04/07/2002,ALW,WA,ANM,WE,Federal Contract Tower,0,6,9,0,15,0,0,29,0,29,0,6,38,0,44,18,0,18,62
04/08/2002,ALW,WA,ANM,WE,Federal Contract Tower,0,6,4,0,10,0,1,110,0,111,0,7,114,0,121,80,0,80,201
04/09/2002,ALW,WA,ANM,WE,Federal Contract Tower,0,8,14,0,22,0,0,60,0,60,0,8,74,0,82,152,0,152,234
04/10/2002,ALW,WA,ANM,WE,Federal Contract Tower,0,9,16,2,27,0,3,71,0,74,0,12,87,2,101,116,0,116,217
04/11/2002,ALW,WA,ANM,WE,Federal Contract Tower,0,7,21,0,28,0,6,92,0,98,0,13,113,0,126,66,0,66,192
04/12/2002,ALW,WA,ANM,WE,Federal Contract Tower,0,8,20,0,28,0,1,86,0,87,0,9,106,0,115,98,0,98,213
04/13/2002,ALW,WA,ANM,WE,Federal Contract Tower,0,6,1,0,7,0,1,23,0,24,0,7,24,0,31,16,0,16,47
04/14/2002,ALW,WA,ANM,WE,Federal Contract Tower,0,6,0,0,6,0,0,11,0,11,0,6,11,0,17,0,0,0,17
04/15/2002,ALW,WA,ANM,WE,Federal Contract Tower,0,6,1,0,7,0,2,24,0,26,0,8,25,0,33,58,0,58,91
04/16/2002,ALW,WA,ANM,WE,Federal Contract Tower,0,15,21,0,36,0,3,61,0,64,0,18,82,0,100,138,0,138,238
04/17/2002,ALW,WA,ANM,WE,Federal Contract Tower,0,8,14,0,22,0,1,83,0,84,0,9,97,0,106,110,0,110,216
04/18/2002,ALW,WA,ANM,WE,Federal Contract Tower,0,7,9,0,16,0,0,58,0,58,0,7,67,0,74,98,0,98,172
04/19/2002,ALW,WA,ANM,WE,Federal Contract Tower,0,26,17,0,43,0,0,113,0,113,0,26,130,0,156,158,0,158,314
04/20/2002,ALW,WA,ANM,WE,Federal Contract Tower,0,5,5,0,10,0,0,61,0,61,0,5,66,0,71,2,0,2,73
04/21/2002,ALW,WA,ANM,WE,Federal Contract Tower,0,6,5,0,11,0,0,28,0,28,0,6,33,0,39,16,0,16,55
04/22/2002,ALW,WA,ANM,WE,Federal Contract Tower,0,7,7,0,14,0,0,26,0,26,0,7,33,0,40,110,0,110,150
04/23/2002,ALW,WA,ANM,WE,Federal Contract Tower,0,11,9,0,20,0,1,59,0,60,0,12,68,0,80,96,0,96,176
04/24/2002,ALW,WA,ANM,WE,Federal Contract Tower,0,8,12,3,23,0,1,132,1,134,0,9,144,4,157,168,0,168,325
04/25/2002,ALW,WA,ANM,WE,Federal Contract Tower,0,5,18,0,23,0,3,126,0,129,0,8,144,0,152,70,0,70,222
04/26/2002,ALW,WA,ANM,WE,Federal Contract Tower,0,7,31,0,38,0,1,105,0,106,0,8,136,0,144,132,0,132,276
04/27/2002,ALW,WA,ANM,WE,Federal Contract Tower,0,5,7,0,12,0,0,17,0,17,0,5,24,0,29,0,0,0,29
04/28/2002,ALW,WA,ANM,WE,Federal Contract Tower,0,5,10,0,15,0,2,91,0,93,0,7,101,0,108,44,0,44,152
04/29/2002,ALW,WA,ANM,WE,Federal Contract Tower,0,8,12,0,20,0,1,76,0,77,0,9,88,0,97,116,0,116,213
04/30/2002,ALW,WA,ANM,WE,Federal Contract Tower,0,7,26,0,33,0,3,106,0,109,0,10,132,0,142,130,0,130,272
05/01/2002,ALW,WA,ANM,WE,Federal Contract Tower,0,7,24,0,31,0,0,96,0,96,0,7,120,0,127,100,0,100,227
05/02/2002,ALW,WA,ANM,WE,Federal Contract Tower,0,11,7,0,18,0,0,33,0,33,0,11,40,0,51,54,0,54,105
05/03/2002,ALW,WA,ANM,WE,Federal Contract Tower,0,13,6,0,19,0,0,61,0,61,0,13,67,0,80,76,0,76,156
05/04/2002,ALW,WA,ANM,WE,Federal Contract Tower,0,5,0,0,5,0,1,42,0,43,0,6,42,0,48,18,0,18,66
05/05/2002,ALW,WA,ANM,WE,Federal Contract Tower,0,6,0,0,6,0,0,3,0,3,0,6,3,0,9,4,0,4,13
05/06/2002,ALW,WA,ANM,WE,Federal Contract Tower,0,9,11,0,20,0,2,49,0,51,0,11,60,0,71,100,0,100,171
05/07/2002,ALW,WA,ANM,WE,Federal Contract Tower,0,9,11,0,20,0,2,34,0,36,0,11,45,0,56,88,0,88,144
05/08/2002,ALW,WA,ANM,WE,Federal Contract Tower,0,7,11,0,18,0,1,70,0,71,0,8,81,0,89,132,0,132,221
05/09/2002,ALW,WA,ANM,WE,Federal Contract Tower,0,8,20,0,28,0,4,131,0,135,0,12,151,0,163,202,0,202,365
05/10/2002,ALW,WA,ANM,WE,Federal Contract Tower,0,7,15,0,22,0,2,75,0,77,0,9,90,0,99,108,0,108,207
05/11/2002,ALW,WA,ANM,WE,Federal Contract Tower,0,5,3,0,8,0,0,50,0,50,0,5,53,0,58,24,0,24,82
05/12/2002,ALW,WA,ANM,WE,Federal Contract Tower,0,7,9,0,16,0,0,56,0,56,0,7,65,0,72,0,46,46,118
05/13/2002,ALW,WA,ANM,WE,Federal Contract Tower,0,7,7,0,14,0,0,48,0,48,0,7,55,0,62,150,0,150,212
05/14/2002,ALW,WA,ANM,WE,Federal Contract Tower,0,12,13,0,25,0,1,60,0,61,0,13,73,0,86,190,0,190,276
05/15/2002,ALW,WA,ANM,WE,Federal Contract Tower,0,8,7,0,15,0,8,81,0,89,0,16,88,0,104,150,0,150,254
05/16/2002,ALW,WA,ANM,WE,Federal Contract Tower,0,7,14,0,21,0,0,101,0,101,0,7,115,0,122,122,0,122,244
05/17/2002,ALW,WA,ANM,WE,Federal Contract Tower,0,5,8,0,13,0,4,75,0,79,0,9,83,0,92,114,0,114,206
05/18/2002,ALW,WA,ANM,WE,Federal Contract Tower,0,7,18,0,25,0,1,38,0,39,0,8,56,0,64,24,0,24,88
05/19/2002,ALW,WA,ANM,WE,Federal Contract Tower,0,8,3,0,11,0,1,39,0,40,0,9,42,0,51,38,0,38,89
05/20/2002,ALW,WA,ANM,WE,Federal Contract Tower,0,9,6,0,15,0,1,54,0,55,0,10,60,0,70,90,0,90,160
05/21/2002,ALW,WA,ANM,WE,Federal Contract Tower,0,8,12,0,20,0,3,41,0,44,0,11,53,0,64,108,0,108,172
05/22/2002,ALW,WA,ANM,WE,Federal Contract Tower,0,7,5,0,12,0,0,22,0,22,0,7,27,0,34,94,0,94,128
05/23/2002,ALW,WA,ANM,WE,Federal Contract Tower,0,7,13,0,20,0,0,49,0,49,0,7,62,0,69,120,0,120,189
05/24/2002,ALW,WA,ANM,WE,Federal Contract Tower,0,8,4,0,12,0,3,99,0,102,0,11,103,0,114,124,0,124,238
05/25/2002,ALW,WA,ANM,WE,Federal Contract Tower,0,10,4,0,14,0,1,43,0,44,0,11,47,0,58,0,0,0,58
05/26/2002,ALW,WA,ANM,WE,Federal Contract Tower,0,5,3,0,8,0,0,51,0,51,0,5,54,0,59,76,0,76,135
05/27/2002,ALW,WA,ANM,WE,Federal Contract Tower,0,6,6,0,12,0,0,58,0,58,0,6,64,0,70,44,0,44,114
05/28/2002,ALW,WA,ANM,WE,Federal Contract Tower,0,9,14,0,23,0,0,48,0,48,0,9,62,0,71,62,0,62,133
05/29/2002,ALW,WA,ANM,WE,Federal Contract Tower,0,7,12,0,19,0,1,65,0,66,0,8,77,0,85,84,0,84,169
05/30/2002,ALW,WA,ANM,WE,Federal Contract Tower,0,9,8,0,17,0,3,104,0,107,0,12,112,0,124,112,0,112,236
05/31/2002,ALW,WA,ANM,WE,Federal Contract Tower,0,6,15,0,21,0,7,101,0,108,0,13,116,0,129,136,0,136,265
06/01/2002,ALW,WA,ANM,WE,Federal Contract Tower,0,4,3,1,8,0,1,45,1,47,0,5,48,2,55,26,0,26,81
06/02/2002,ALW,WA,ANM,WE,Federal Contract Tower,0,6,7,0,13,0,0,40,0,40,0,6,47,0,53,62,0,62,115
06/03/2002,ALW,WA,ANM,WE,Federal Contract Tower,0,7,0,0,7,0,2,49,0,51,0,9,49,0,58,112,0,112,170
06/04/2002,ALW,WA,ANM,WE,Federal Contract Tower,0,8,10,0,18,0,0,48,0,48,0,8,58,0,66,102,0,102,168
06/05/2002,ALW,WA,ANM,WE,Federal Contract Tower,0,10,6,0,16,0,0,16,0,16,0,10,22,0,32,0,0,0,32
06/06/2002,ALW,WA,ANM,WE,Federal Contract Tower,0,11,8,0,19,0,0,52,0,52,0,11,60,0,71,76,0,76,147
06/07/2002,ALW,WA,ANM,WE,Federal Contract Tower,0,9,9,0,18,0,3,56,0,59,0,12,65,0,77,32,0,32,109
06/08/2002,ALW,WA,ANM,WE,Federal Contract Tower,0,5,1,0,6,0,2,19,0,21,0,7,20,0,27,14,0,14,41
06/09/2002,ALW,WA,ANM,WE,Federal Contract Tower,0,8,19,1,28,0,0,25,0,25,0,8,44,1,53,16,0,16,69
06/10/2002,ALW,WA,ANM,WE,Federal Contract Tower,0,8,10,1,19,0,0,61,0,61,0,8,71,1,80,56,0,56,136
06/11/2002,ALW,WA,ANM,WE,Federal Contract Tower,0,7,2,0,9,0,1,86,0,87,0,8,88,0,96,80,0,80,176
06/12/2002,ALW,WA,ANM,WE,Federal Contract Tower,0,6,5,0,11,0,8,53,0,61,0,14,58,0,72,58,0,58,130
06/13/2002,ALW,WA,ANM,WE,Federal Contract Tower,0,8,6,0,14,0,6,62,0,68,0,14,68,0,82,30,0,30,112
06/14/2002,ALW,WA,ANM,WE,Federal Contract Tower,0,9,3,0,12,0,4,49,0,53,0,13,52,0,65,10,0,10,75
06/15/2002,ALW,WA,ANM,WE,Federal Contract Tower,0,5,3,0,8,0,0,33,0,33,0,5,36,0,41,4,0,4,45
06/16/2002,ALW,WA,ANM,WE,Federal Contract Tower,0,8,8,0,16,0,1,32,0,33,0,9,40,0,49,10,0,10,59
06/17/2002,ALW,WA,ANM,WE,Federal Contract Tower,0,7,0,0,7,0,0,13,0,13,0,7,13,0,20,14,0,14,34
06/18/2002,ALW,WA,ANM,WE,Federal Contract Tower,0,11,2,0,13,0,1,10,0,11,0,12,12,0,24,6,0,6,30
06/19/2002,ALW,WA,ANM,WE,Federal Contract Tower,0,6,2,0,8,0,4,58,0,62,0,10,60,0,70,84,0,84,154
06/20/2002,ALW,WA,ANM,WE,Federal Contract Tower,0,6,10,0,16,0,6,44,0,50,0,12,54,0,66,24,0,24,90
06/21/2002,ALW,WA,ANM,WE,Federal Contract Tower,0,6,5,0,11,0,4,55,0,59,0,10,60,0,70,40,0,40,110
06/22/2002,ALW,WA,ANM,WE,Federal Contract Tower,0,8,2,0,10,0,6,30,0,36,0,14,32,0,46,28,0,28,74
06/23/2002,ALW,WA,ANM,WE,Federal Contract Tower,0,6,7,0,13,0,0,23,0,23,0,6,30,0,36,2,0,2,38
06/24/2002,ALW,WA,ANM,WE,Federal Contract Tower,0,7,10,0,17,0,4,32,0,36,0,11,42,0,53,36,0,36,89
06/25/2002,ALW,WA,ANM,WE,Federal Contract Tower,0,9,7,0,16,0,5,43,0,48,0,14,50,0,64,72,0,72,136
06/26/2002,ALW,WA,ANM,WE,Federal Contract Tower,0,7,8,0,15,0,0,56,0,56,0,7,64,0,71,72,0,72,143
06/27/2002,ALW,WA,ANM,WE,Federal Contract Tower,0,7,5,0,12,0,0,54,0,54,0,7,59,0,66,26,0,26,92
06/28/2002,ALW,WA,ANM,WE,Federal Contract Tower,0,6,8,0,14,0,6,62,0,68,0,12,70,0,82,68,0,68,150
06/29/2002,ALW,WA,ANM,WE,Federal Contract Tower,0,6,13,0,19,0,0,27,0,27,0,6,40,0,46,44,0,44,90
06/30/2002,ALW,WA,ANM,WE,Federal Contract Tower,0,6,4,0,10,0,20,44,0,64,0,26,48,0,74,62,0,62,136
07/01/2002,ALW,WA,ANM,WE,Federal Contract Tower,0,6,4,0,10,0,3,28,0,31,0,9,32,0,41,30,0,30,71
07/02/2002,ALW,WA,ANM,WE,Federal Contract Tower,0,7,5,0,12,0,1,49,0,50,0,8,54,0,62,66,0,66,128
07/03/2002,ALW,WA,ANM,WE,Federal Contract Tower,0,8,5,0,13,0,0,42,0,42,0,8,47,0,55,54,0,54,109
07/04/2002,ALW,WA,ANM,WE,Federal Contract Tower,0,5,1,0,6,0,0,20,0,20,0,5,21,0,26,6,0,6,32
07/05/2002,ALW,WA,ANM,WE,Federal Contract Tower,0,5,3,0,8,0,4,65,0,69,0,9,68,0,77,14,0,14,91
07/06/2002,ALW,WA,ANM,WE,Federal Contract Tower,0,6,0,0,6,0,0,50,0,50,0,6,50,0,56,0,0,0,56
07/07/2002,ALW,WA,ANM,WE,Federal Contract Tower,0,6,2,0,8,0,0,28,0,28,0,6,30,0,36,0,0,0,36
07/08/2002,ALW,WA,ANM,WE,Federal Contract Tower,0,6,0,0,6,0,2,16,0,18,0,8,16,0,24,10,0,10,34
07/09/2002,ALW,WA,ANM,WE,Federal Contract Tower,0,6,1,0,7,0,7,38,0,45,0,13,39,0,52,30,0,30,82
07/10/2002,ALW,WA,ANM,WE,Federal Contract Tower,0,7,16,0,23,0,1,47,0,48,0,8,63,0,71,58,0,58,129
07/11/2002,ALW,WA,ANM,WE,Federal Contract Tower,0,7,13,0,20,0,2,65,0,67,0,9,78,0,87,68,0,68,155
07/12/2002,ALW,WA,ANM,WE,Federal Contract Tower,0,8,7,0,15,0,1,53,0,54,0,9,60,0,69,30,0,30,99
07/13/2002,ALW,WA,ANM,WE,Federal Contract Tower,0,6,0,0,6,0,0,23,0,23,0,6,23,0,29,0,0,0,29
07/14/2002,ALW,WA,ANM,WE,Federal Contract Tower,0,8,5,0,13,0,1,47,0,48,0,9,52,0,61,18,0,18,79
07/15/2002,ALW,WA,ANM,WE,Federal Contract Tower,0,11,10,0,21,0,2,38,0,40,0,13,48,0,61,58,0,58,119
07/16/2002,ALW,WA,ANM,WE,Federal Contract Tower,0,10,8,0,18,0,0,47,0,47,0,10,55,0,65,40,0,40,105
07/17/2002,ALW,WA,ANM,WE,Federal Contract Tower,0,11,10,0,21,0,1,60,0,61,0,12,70,0,82,72,2,74,156
07/18/2002,ALW,WA,ANM,WE,Federal Contract Tower,0,11,8,0,19,0,0,25,0,25,0,11,33,0,44,62,0,62,106
07/19/2002,ALW,WA,ANM,WE,Federal Contract Tower,0,6,14,0,20,0,2,46,0,48,0,8,60,0,68,22,0,22,90
07/20/2002,ALW,WA,ANM,WE,Federal Contract Tower,0,6,8,0,14,0,0,52,0,52,0,6,60,0,66,20,0,20,86
07/21/2002,ALW,WA,ANM,WE,Federal Contract Tower,0,6,1,0,7,0,2,34,0,36,0,8,35,0,43,2,0,2,45
07/22/2002,ALW,WA,ANM,WE,Federal Contract Tower,0,7,7,0,14,0,0,38,2,40,0,7,45,2,54,64,0,64,118
07/23/2002,ALW,WA,ANM,WE,Federal Contract Tower,0,8,12,0,20,0,1,45,0,46,0,9,57,0,66,30,0,30,96
07/24/2002,ALW,WA,ANM,WE,Federal Contract Tower,0,8,11,0,19,0,0,48,0,48,0,8,59,0,67,54,0,54,121
07/25/2002,ALW,WA,ANM,WE,Federal Contract Tower,0,6,3,0,9,0,1,29,0,30,0,7,32,0,39,36,0,36,75
07/26/2002,ALW,WA,ANM,WE,Federal Contract Tower,0,10,6,0,16,0,0,46,0,46,0,10,52,0,62,42,0,42,104
07/27/2002,ALW,WA,ANM,WE,Federal Contract Tower,0,7,5,0,12,0,0,33,0,33,0,7,38,0,45,8,0,8,53
07/28/2002,ALW,WA,ANM,WE,Federal Contract Tower,0,6,2,0,8,0,0,35,0,35,0,6,37,0,43,22,0,22,65
07/29/2002,ALW,WA,ANM,WE,Federal Contract Tower,0,7,5,0,12,0,0,38,0,38,0,7,43,0,50,34,0,34,84
07/30/2002,ALW,WA,ANM,WE,Federal Contract Tower,0,8,1,0,9,0,0,32,0,32,0,8,33,0,41,14,0,14,55
07/31/2002,ALW,WA,ANM,WE,Federal Contract Tower,0,14,6,0,20,0,1,59,0,60,0,15,65,0,80,60,0,60,140
08/01/2002,ALW,WA,ANM,WE,Federal Contract Tower,0,8,4,0,12,0,0,39,0,39,0,8,43,0,51,46,0,46,97
08/02/2002,ALW,WA,ANM,WE,Federal Contract Tower,0,7,8,0,15,0,1,45,0,46,0,8,53,0,61,92,0,92,153
08/03/2002,ALW,WA,ANM,WE,Federal Contract Tower,0,6,2,0,8,0,3,42,0,45,0,9,44,0,53,6,0,6,59
08/04/2002,ALW,WA,ANM,WE,Federal Contract Tower,4,7,4,0,15,0,4,26,0,30,4,11,30,0,45,0,0,0,45
08/05/2002,ALW,WA,ANM,WE,Federal Contract Tower,4,9,8,0,21,0,0,38,0,38,4,9,46,0,59,44,0,44,103
08/06/2002,ALW,WA,ANM,WE,Federal Contract Tower,0,11,9,0,20,0,1,37,0,38,0,12,46,0,58,28,0,28,86
08/07/2002,ALW,WA,ANM,WE,Federal Contract Tower,0,9,9,0,18,0,0,37,0,37,0,9,46,0,55,84,0,84,139
08/08/2002,ALW,WA,ANM,WE,Federal Contract Tower,0,8,7,0,15,0,0,39,0,39,0,8,46,0,54,14,0,14,68
08/09/2002,ALW,WA,ANM,WE,Federal Contract Tower,0,8,10,0,18,0,1,67,0,68,0,9,77,0,86,24,0,24,110
08/10/2002,ALW,WA,ANM,WE,Federal Contract Tower,0,6,5,0,11,0,0,41,1,42,0,6,46,1,53,0,0,0,53
08/11/2002,ALW,WA,ANM,WE,Federal Contract Tower,0,7,4,0,11,0,1,46,1,48,0,8,50,1,59,10,0,10,69
08/12/2002,ALW,WA,ANM,WE,Federal Contract Tower,0,8,2,0,10,0,0,26,0,26,0,8,28,0,36,60,0,60,96
08/13/2002,ALW,WA,ANM,WE,Federal Contract Tower,0,8,4,2,14,0,1,33,0,34,0,9,37,2,48,16,8,24,72
08/14/2002,ALW,WA,ANM,WE,Federal Contract Tower,0,9,6,0,15,0,1,33,0,34,0,10,39,0,49,16,0,16,65
08/15/2002,ALW,WA,ANM,WE,Federal Contract Tower,0,10,2,0,12,0,2,22,0,24,0,12,24,0,36,16,0,16,52
08/16/2002,ALW,WA,ANM,WE,Federal Contract Tower,0,7,5,0,12,0,0,25,0,25,0,7,30,0,37,30,0,30,67
08/17/2002,ALW,WA,ANM,WE,Federal Contract Tower,0,6,3,0,9,0,0,47,0,47,0,6,50,0,56,14,0,14,70
08/18/2002,ALW,WA,ANM,WE,Federal Contract Tower,0,6,5,0,11,0,0,51,0,51,0,6,56,0,62,8,0,8,70
08/19/2002,ALW,WA,ANM,WE,Federal Contract Tower,0,7,1,2,10,0,0,22,0,22,0,7,23,2,32,64,0,64,96
08/20/2002,ALW,WA,ANM,WE,Federal Contract Tower,0,9,3,0,12,0,0,41,0,41,0,9,44,0,53,18,0,18,71
08/21/2002,ALW,WA,ANM,WE,Federal Contract Tower,0,10,5,0,15,0,2,38,0,40,0,12,43,0,55,58,0,58,113
08/22/2002,ALW,WA,ANM,WE,Federal Contract Tower,0,10,5,0,15,0,7,44,0,51,0,17,49,0,66,36,0,36,102
08/23/2002,ALW,WA,ANM,WE,Federal Contract Tower,4,10,10,0,24,0,0,67,0,67,4,10,77,0,91,56,0,56,147
08/24/2002,ALW,WA,ANM,WE,Federal Contract Tower,0,6,2,0,8,0,0,26,0,26,0,6,28,0,34,0,0,0,34
08/25/2002,ALW,WA,ANM,WE,Federal Contract Tower,0,8,6,0,14,0,1,30,0,31,0,9,36,0,45,8,0,8,53
08/26/2002,ALW,WA,ANM,WE,Federal Contract Tower,0,9,3,0,12,0,2,27,0,29,0,11,30,0,41,38,0,38,79
08/27/2002,ALW,WA,ANM,WE,Federal Contract Tower,0,12,12,0,24,0,4,43,0,47,0,16,55,0,71,6,0,6,77
08/28/2002,ALW,WA,ANM,WE,Federal Contract Tower,0,9,7,0,16,0,0,59,0,59,0,9,66,0,75,62,0,62,137
08/29/2002,ALW,WA,ANM,WE,Federal Contract Tower,0,8,9,2,19,0,0,35,0,35,0,8,44,2,54,30,0,30,84
08/30/2002,ALW,WA,ANM,WE,Federal Contract Tower,0,8,11,0,19,0,2,39,0,41,0,10,50,0,60,40,0,40,100
08/31/2002,ALW,WA,ANM,WE,Federal Contract Tower,0,6,2,0,8,0,2,54,0,56,0,8,56,0,64,16,0,16,80
09/01/2002,ALW,WA,ANM,WE,Federal Contract Tower,0,5,2,0,7,0,0,28,0,28,0,5,30,0,35,22,0,22,57
09/02/2002,ALW,WA,ANM,WE,Federal Contract Tower,0,6,5,0,11,0,0,40,0,40,0,6,45,0,51,4,0,4,55
09/03/2002,ALW,WA,ANM,WE,Federal Contract Tower,0,6,4,0,10,0,2,24,0,26,0,8,28,0,36,54,0,54,90
09/04/2002,ALW,WA,ANM,WE,Federal Contract Tower,0,6,1,0,7,0,3,34,0,37,0,9,35,0,44,16,0,16,60
09/05/2002,ALW,WA,ANM,WE,Federal Contract Tower,0,6,6,0,12,0,4,34,2,40,0,10,40,2,52,28,0,28,80
09/06/2002,ALW,WA,ANM,WE,Federal Contract Tower,0,8,7,0,15,0,3,42,0,45,0,11,49,0,60,0,0,0,60
09/07/2002,ALW,WA,ANM,WE,Federal Contract Tower,0,5,1,0,6,0,1,45,0,46,0,6,46,0,52,10,0,10,62
09/08/2002,ALW,WA,ANM,WE,Federal Contract Tower,0,5,2,0,7,0,0,43,0,43,0,5,45,0,50,10,0,10,60
09/09/2002,ALW,WA,ANM,WE,Federal Contract Tower,0,8,1,0,9,0,1,32,0,33,0,9,33,0,42,44,0,44,86
09/10/2002,ALW,WA,ANM,WE,Federal Contract Tower,0,6,4,0,10,0,1,31,0,32,0,7,35,0,42,36,0,36,78
09/11/2002,ALW,WA,ANM,WE,Federal Contract Tower,0,7,6,0,13,0,2,66,0,68,0,9,72,0,81,52,0,52,133
09/12/2002,ALW,WA,ANM,WE,Federal Contract Tower,0,6,12,0,18,0,2,36,0,38,0,8,48,0,56,10,0,10,66
09/13/2002,ALW,WA,ANM,WE,Federal Contract Tower,0,6,8,0,14,0,1,31,0,32,0,7,39,0,46,10,0,10,56
09/14/2002,ALW,WA,ANM,WE,Federal Contract Tower,0,5,0,0,5,0,0,24,0,24,0,5,24,0,29,12,0,12,41
09/15/2002,ALW,WA,ANM,WE,Federal Contract Tower,0,6,4,0,10,0,0,43,0,43,0,6,47,0,53,8,0,8,61
09/16/2002,ALW,WA,ANM,WE,Federal Contract Tower,0,6,2,0,8,0,2,28,0,30,0,8,30,0,38,2,0,2,40
09/17/2002,ALW,WA,ANM,WE,Federal Contract Tower,0,7,11,0,18,0,1,14,2,17,0,8,25,2,35,0,0,0,35
09/18/2002,ALW,WA,ANM,WE,Federal Contract Tower,0,8,6,0,14,0,3,36,0,39,0,11,42,0,53,28,0,28,81
09/19/2002,ALW,WA,ANM,WE,Federal Contract Tower,4,6,12,0,22,0,2,47,0,49,4,8,59,0,71,12,0,12,83
09/20/2002,ALW,WA,ANM,WE,Federal Contract Tower,0,6,7,0,13,0,0,63,0,63,0,6,70,0,76,16,0,16,92
09/21/2002,ALW,WA,ANM,WE,Federal Contract Tower,0,7,3,0,10,0,0,46,0,46,0,7,49,0,56,30,0,30,86
09/22/2002,ALW,WA,ANM,WE,Federal Contract Tower,0,6,2,0,8,0,0,48,0,48,0,6,50,0,56,20,0,20,76
09/23/2002,ALW,WA,ANM,WE,Federal Contract Tower,0,9,5,0,14,0,2,48,0,50,0,11,53,0,64,82,0,82,146
09/24/2002,ALW,WA,ANM,WE,Federal Contract Tower,0,6,5,0,11,0,2,36,0,38,0,8,41,0,49,10,0,10,59
09/25/2002,ALW,WA,ANM,WE,Federal Contract Tower,0,6,2,2,10,0,5,44,0,49,0,11,46,2,59,42,0,42,101
09/26/2002,ALW,WA,ANM,WE,Federal Contract Tower,0,7,8,1,16,0,2,52,1,55,0,9,60,2,71,66,0,66,137
09/27/2002,ALW,WA,ANM,WE,Federal Contract Tower,0,7,11,0,18,0,0,54,0,54,0,7,65,0,72,24,0,24,96
09/28/2002,ALW,WA,ANM,WE,Federal Contract Tower,0,5,0,0,5,0,4,59,0,63,0,9,59,0,68,8,0,8,76
09/29/2002,ALW,WA,ANM,WE,Federal Contract Tower,0,6,3,0,9,0,2,6,0,8,0,8,9,0,17,0,0,0,17
09/30/2002,ALW,WA,ANM,WE,Federal Contract Tower,0,6,1,2,9,0,1,27,0,28,0,7,28,2,37,34,0,34,71
10/01/2002,ALW,WA,ANM,WE,Federal Contract Tower,0,6,8,0,14,0,2,52,0,54,0,8,60,0,68,36,0,36,104
10/02/2002,ALW,WA,ANM,WE,Federal Contract Tower,0,6,5,0,11,0,2,55,2,59,0,8,60,2,70,100,0,100,170
10/03/2002,ALW,WA,ANM,WE,Federal Contract Tower,0,7,18,2,27,0,1,18,0,19,0,8,36,2,46,20,0,20,66
10/04/2002,ALW,WA,ANM,WE,Federal Contract Tower,0,8,23,0,31,0,1,26,0,27,0,9,49,0,58,34,0,34,92
10/05/2002,ALW,WA,ANM,WE,Federal Contract Tower,0,5,4,0,9,0,1,81,0,82,0,6,85,0,91,34,0,34,125
10/06/2002,ALW,WA,ANM,WE,Federal Contract Tower,0,8,8,0,16,0,2,72,0,74,0,10,80,0,90,62,0,62,152
10/07/2002,ALW,WA,ANM,WE,Federal Contract Tower,0,6,4,0,10,0,2,50,0,52,0,8,54,0,62,22,0,22,84
10/08/2002,ALW,WA,ANM,WE,Federal Contract Tower,0,9,7,0,16,0,0,57,0,57,0,9,64,0,73,44,0,44,117
10/09/2002,ALW,WA,ANM,WE,Federal Contract Tower,0,7,14,0,21,0,3,66,0,69,0,10,80,0,90,136,0,136,226
10/10/2002,ALW,WA,ANM,WE,Federal Contract Tower,0,8,8,0,16,0,2,35,0,37,0,10,43,0,53,72,0,72,125
10/11/2002,ALW,WA,ANM,WE,Federal Contract Tower,0,9,4,0,13,0,1,58,0,59,0,10,62,0,72,72,12,84,156
10/12/2002,ALW,WA,ANM,WE,Federal Contract Tower,0,5,2,0,7,0,0,43,0,43,0,5,45,0,50,24,0,24,74
10/13/2002,ALW,WA,ANM,WE,Federal Contract Tower,0,7,6,0,13,0,1,72,0,73,0,8,78,0,86,80,0,80,166
10/14/2002,ALW,WA,ANM,WE,Federal Contract Tower,0,7,8,0,15,0,1,50,0,51,0,8,58,0,66,64,0,64,130
10/15/2002,ALW,WA,ANM,WE,Federal Contract Tower,0,8,10,0,18,0,2,67,0,69,0,10,77,0,87,70,0,70,157
10/16/2002,ALW,WA,ANM,WE,Federal Contract Tower,0,7,2,0,9,0,1,28,0,29,0,8,30,0,38,20,0,20,58
10/17/2002,ALW,WA,ANM,WE,Federal Contract Tower,0,6,8,0,14,0,4,98,0,102,0,10,106,0,116,126,0,126,242
10/18/2002,ALW,WA,ANM,WE,Federal Contract Tower,0,6,20,0,26,0,0,84,0,84,0,6,104,0,110,150,0,150,260
10/19/2002,ALW,WA,ANM,WE,Federal Contract Tower,0,8,4,0,12,0,0,43,0,43,0,8,47,0,55,14,0,14,69
10/20/2002,ALW,WA,ANM,WE,Federal Contract Tower,0,8,2,0,10,0,0,76,0,76,0,8,78,0,86,96,0,96,182
10/21/2002,ALW,WA,ANM,WE,Federal Contract Tower,0,6,6,2,14,0,1,34,0,35,0,7,40,2,49,84,0,84,133
10/22/2002,ALW,WA,ANM,WE,Federal Contract Tower,0,6,6,0,12,0,2,57,0,59,0,8,63,0,71,88,0,88,159
10/23/2002,ALW,WA,ANM,WE,Federal Contract Tower,0,7,9,0,16,0,6,41,0,47,0,13,50,0,63,200,0,200,263
10/24/2002,ALW,WA,ANM,WE,Federal Contract Tower,0,8,10,0,18,0,3,40,0,43,0,11,50,0,61,116,0,116,177
10/25/2002,ALW,WA,ANM,WE,Federal Contract Tower,0,6,13,0,19,0,1,54,0,55,0,7,67,0,74,90,0,90,164
10/26/2002,ALW,WA,ANM,WE,Federal Contract Tower,0,8,2,1,11,0,3,36,0,39,0,11,38,1,50,2,0,2,52
10/27/2002,ALW,WA,ANM,WE,Federal Contract Tower,0,7,9,0,16,0,2,37,0,39,0,9,46,0,55,62,0,62,117
10/28/2002,ALW,WA,ANM,WE,Federal Contract Tower,0,6,5,0,11,0,2,37,0,39,0,8,42,0,50,70,0,70,120
10/29/2002,ALW,WA,ANM,WE,Federal Contract Tower,0,11,3,0,14,0,3,14,0,17,0,14,17,0,31,42,0,42,73
10/30/2002,ALW,WA,ANM,WE,Federal Contract Tower,0,8,3,0,11,0,4,46,0,50,0,12,49,0,61,104,0,104,165
10/31/2002,ALW,WA,ANM,WE,Federal Contract Tower,0,6,11,0,17,0,1,43,0,44,0,7,54,0,61,90,0,90,151
11/01/2002,ALW,WA,ANM,WE,Federal Contract Tower,0,9,13,0,22,0,3,53,0,56,0,12,66,0,78,136,0,136,214
11/02/2002,ALW,WA,ANM,WE,Federal Contract Tower,0,4,7,0,11,0,1,21,0,22,0,5,28,0,33,0,0,0,33
11/03/2002,ALW,WA,ANM,WE,Federal Contract Tower,0,8,6,0,14,0,0,40,0,40,0,8,46,0,54,84,0,84,138
11/04/2002,ALW,WA,ANM,WE,Federal Contract Tower,0,7,7,0,14,0,1,43,0,44,0,8,50,0,58,54,0,54,112
11/05/2002,ALW,WA,ANM,WE,Federal Contract Tower,0,9,6,2,17,0,1,51,0,52,0,10,57,2,69,10,0,10,79
11/06/2002,ALW,WA,ANM,WE,Federal Contract Tower,0,7,4,0,11,0,3,29,0,32,0,10,33,0,43,78,0,78,121
11/07/2002,ALW,WA,ANM,WE,Federal Contract Tower,0,7,10,0,17,0,1,27,0,28,0,8,37,0,45,46,0,46,91
11/08/2002,ALW,WA,ANM,WE,Federal Contract Tower,0,6,5,0,11,0,3,20,0,23,0,9,25,0,34,38,0,38,72
11/09/2002,ALW,WA,ANM,WE,Federal Contract Tower,0,5,5,0,10,0,2,13,0,15,0,7,18,0,25,4,0,4,29
11/10/2002,ALW,WA,ANM,WE,Federal Contract Tower,0,6,6,0,12,0,0,36,0,36,0,6,42,0,48,30,0,30,78
11/11/2002,ALW,WA,ANM,WE,Federal Contract Tower,0,7,11,0,18,0,0,48,2,50,0,7,59,2,68,162,8,170,238
11/12/2002,ALW,WA,ANM,WE,Federal Contract Tower,0,9,7,0,16,0,2,20,0,22,0,11,27,0,38,56,0,56,94
11/13/2002,ALW,WA,ANM,WE,Federal Contract Tower,0,7,7,0,14,0,3,29,0,32,0,10,36,0,46,102,0,102,148
11/14/2002,ALW,WA,ANM,WE,Federal Contract Tower,0,9,11,0,20,0,1,44,3,48,0,10,55,3,68,64,2,66,134
11/15/2002,ALW,WA,ANM,WE,Federal Contract Tower,0,8,14,0,22,0,3,72,0,75,0,11,86,0,97,68,0,68,165
11/16/2002,ALW,WA,ANM,WE,Federal Contract Tower,0,10,5,0,15,0,0,23,0,23,0,10,28,0,38,10,0,10,48
11/17/2002,ALW,WA,ANM,WE,Federal Contract Tower,0,6,4,0,10,0,0,31,0,31,0,6,35,0,41,48,0,48,89
11/18/2002,ALW,WA,ANM,WE,Federal Contract Tower,0,10,12,0,22,0,11,36,0,47,0,21,48,0,69,78,0,78,147
11/19/2002,ALW,WA,ANM,WE,Federal Contract Tower,0,9,5,0,14,0,1,54,0,55,0,10,59,0,69,86,0,86,155
11/20/2002,ALW,WA,ANM,WE,Federal Contract Tower,0,8,10,0,18,0,0,73,0,73,0,8,83,0,91,84,0,84,175
11/21/2002,ALW,WA,ANM,WE,Federal Contract Tower,0,16,14,0,30,0,0,0,0,0,0,16,14,0,30,0,0,0,30
11/22/2002,ALW,WA,ANM,WE,Federal Contract Tower,0,7,30,0,37,0,0,1,0,1,0,7,31,0,38,2,0,2,40
11/23/2002,ALW,WA,ANM,WE,Federal Contract Tower,0,7,2,0,9,0,0,5,0,5,0,7,7,0,14,6,0,6,20
11/24/2002,ALW,WA,ANM,WE,Federal Contract Tower,0,6,11,0,17,0,0,52,0,52,0,6,63,0,69,22,0,22,91
11/25/2002,ALW,WA,ANM,WE,Federal Contract Tower,0,7,15,0,22,0,0,48,0,48,0,7,63,0,70,14,0,14,84
11/26/2002,ALW,WA,ANM,WE,Federal Contract Tower,0,6,0,0,6,0,0,0,0,0,0,6,0,0,6,0,0,0,6
11/27/2002,ALW,WA,ANM,WE,Federal Contract Tower,0,0,1,0,1,0,0,0,0,0,0,0,1,0,1,0,0,0,1
11/28/2002,ALW,WA,ANM,WE,Federal Contract Tower,0,0,0,0,0,0,0,0,0,0,0,0,0,0,0,0,0,0,0
11/29/2002,ALW,WA,ANM,WE,Federal Contract Tower,0,9,0,0,9,0,0,0,0,0,0,9,0,0,9,0,0,0,9
11/30/2002,ALW,WA,ANM,WE,Federal Contract Tower,0,5,11,0,16,0,0,0,0,0,0,5,11,0,16,0,0,0,16
12/01/2002,ALW,WA,ANM,WE,Federal Contract Tower,0,6,1,0,7,0,0,0,0,0,0,6,1,0,7,0,0,0,7
12/02/2002,ALW,WA,ANM,WE,Federal Contract Tower,0,7,0,0,7,0,0,0,0,0,0,7,0,0,7,0,0,0,7
12/03/2002,ALW,WA,ANM,WE,Federal Contract Tower,0,10,4,0,14,0,0,4,0,4,0,10,8,0,18,44,0,44,62
12/04/2002,ALW,WA,ANM,WE,Federal Contract Tower,0,8,2,0,10,0,0,7,0,7,0,8,9,0,17,52,0,52,69
12/05/2002,ALW,WA,ANM,WE,Federal Contract Tower,0,10,5,0,15,0,0,2,0,2,0,10,7,0,17,16,0,16,33
12/06/2002,ALW,WA,ANM,WE,Federal Contract Tower,0,9,17,0,26,0,0,0,0,0,0,9,17,0,26,0,0,0,26
12/07/2002,ALW,WA,ANM,WE,Federal Contract Tower,0,8,2,0,10,0,0,7,0,7,0,8,9,0,17,14,0,14,31
12/08/2002,ALW,WA,ANM,WE,Federal Contract Tower,0,6,14,0,20,0,0,0,0,0,0,6,14,0,20,0,0,0,20
12/09/2002,ALW,WA,ANM,WE,Federal Contract Tower,0,8,28,0,36,0,0,17,0,17,0,8,45,0,53,88,0,88,141
12/10/2002,ALW,WA,ANM,WE,Federal Contract Tower,0,11,15,0,26,0,2,35,0,37,0,13,50,0,63,130,0,130,193
12/11/2002,ALW,WA,ANM,WE,Federal Contract Tower,0,6,13,0,19,0,1,35,2,38,0,7,48,2,57,44,0,44,101
12/12/2002,ALW,WA,ANM,WE,Federal Contract Tower,0,12,10,2,24,0,1,38,2,41,0,13,48,4,65,24,0,24,89
12/13/2002,ALW,WA,ANM,WE,Federal Contract Tower,0,8,9,0,17,0,0,48,0,48,0,8,57,0,65,48,0,48,113
12/14/2002,ALW,WA,ANM,WE,Federal Contract Tower,0,7,1,0,8,0,1,0,0,1,0,8,1,0,9,0,0,0,9
12/15/2002,ALW,WA,ANM,WE,Federal Contract Tower,0,6,8,0,14,0,0,32,0,32,0,6,40,0,46,58,0,58,104
12/16/2002,ALW,WA,ANM,WE,Federal Contract Tower,0,7,5,2,14,0,0,8,0,8,0,7,13,2,22,10,0,10,32
12/17/2002,ALW,WA,ANM,WE,Federal Contract Tower,0,5,9,0,14,0,1,45,0,46,0,6,54,0,60,62,0,62,122
12/18/2002,ALW,WA,ANM,WE,Federal Contract Tower,0,12,6,0,18,0,1,18,0,19,0,13,24,0,37,40,0,40,77
12/19/2002,ALW,WA,ANM,WE,Federal Contract Tower,0,4,18,0,22,0,0,2,0,2,0,4,20,0,24,0,0,0,24
12/20/2002,ALW,WA,ANM,WE,Federal Contract Tower,0,7,11,0,18,0,1,21,0,22,0,8,32,0,40,28,0,28,68
12/21/2002,ALW,WA,ANM,WE,Federal Contract Tower,0,9,3,0,12,0,0,0,0,0,0,9,3,0,12,0,0,0,12
12/22/2002,ALW,WA,ANM,WE,Federal Contract Tower,0,6,5,0,11,0,0,26,0,26,0,6,31,0,37,14,0,14,51
12/23/2002,ALW,WA,ANM,WE,Federal Contract Tower,0,6,1,0,7,0,0,0,0,0,0,6,1,0,7,0,0,0,7
12/24/2002,ALW,WA,ANM,WE,Federal Contract Tower,0,3,0,0,3,0,0,2,0,2,0,3,2,0,5,0,0,0,5
12/25/2002,ALW,WA,ANM,WE,Federal Contract Tower,0,6,0,0,6,0,1,17,0,18,0,7,17,0,24,6,0,6,30
12/26/2002,ALW,WA,ANM,WE,Federal Contract Tower,0,7,0,0,7,0,1,9,0,10,0,8,9,0,17,8,0,8,25
12/27/2002,ALW,WA,ANM,WE,Federal Contract Tower,0,12,2,0,14,0,1,4,0,5,0,13,6,0,19,0,0,0,19
12/28/2002,ALW,WA,ANM,WE,Federal Contract Tower,0,8,1,0,9,0,0,12,0,12,0,8,13,0,21,10,0,10,31
12/29/2002,ALW,WA,ANM,WE,Federal Contract Tower,0,6,8,0,14,0,0,18,0,18,0,6,26,0,32,6,0,6,38
12/30/2002,ALW,WA,ANM,WE,Federal Contract Tower,0,9,11,0,20,0,0,3,0,3,0,9,14,0,23,0,0,0,23
12/31/2002,ALW,WA,ANM,WE,Federal Contract Tower,0,6,4,0,10,0,1,14,0,15,0,7,18,0,25,18,0,18,43
01/01/2003,ALW,WA,ANM,WE,Federal Contract Tower,0,7,2,0,9,0,0,19,0,19,0,7,21,0,28,38,0,38,66
01/02/2003,ALW,WA,ANM,WE,Federal Contract Tower,0,9,1,0,10,0,1,9,0,10,0,10,10,0,20,0,0,0,20
01/03/2003,ALW,WA,ANM,WE,Federal Contract Tower,0,8,6,0,14,0,2,32,0,34,0,10,38,0,48,6,0,6,54
01/04/2003,ALW,WA,ANM,WE,Federal Contract Tower,0,6,4,0,10,0,0,10,0,10,0,6,14,0,20,0,0,0,20
01/05/2003,ALW,WA,ANM,WE,Federal Contract Tower,0,6,4,0,10,0,0,48,0,48,0,6,52,0,58,24,0,24,82
01/06/2003,ALW,WA,ANM,WE,Federal Contract Tower,0,1,0,0,1,0,0,0,0,0,0,1,0,0,1,0,0,0,1
01/07/2003,ALW,WA,ANM,WE,Federal Contract Tower,0,10,6,0,16,0,0,0,0,0,0,10,6,0,16,0,0,0,16
01/08/2003,ALW,WA,ANM,WE,Federal Contract Tower,0,10,2,0,12,0,0,0,0,0,0,10,2,0,12,0,0,0,12
01/09/2003,ALW,WA,ANM,WE,Federal Contract Tower,0,8,7,0,15,0,0,9,0,9,0,8,16,0,24,26,0,26,50
01/10/2003,ALW,WA,ANM,WE,Federal Contract Tower,0,10,4,0,14,0,0,28,0,28,0,10,32,0,42,38,0,38,80
01/11/2003,ALW,WA,ANM,WE,Federal Contract Tower,0,5,10,0,15,0,0,10,0,10,0,5,20,0,25,10,0,10,35
01/12/2003,ALW,WA,ANM,WE,Federal Contract Tower,0,6,2,0,8,0,0,7,0,7,0,6,9,0,15,32,0,32,47
01/13/2003,ALW,WA,ANM,WE,Federal Contract Tower,0,1,0,0,1,0,0,0,0,0,0,1,0,0,1,0,0,0,1
01/14/2003,ALW,WA,ANM,WE,Federal Contract Tower,0,10,9,0,19,0,0,33,0,33,0,10,42,0,52,44,0,44,96
01/15/2003,ALW,WA,ANM,WE,Federal Contract Tower,8,8,14,1,31,0,2,28,0,30,8,10,42,1,61,84,0,84,145
01/16/2003,ALW,WA,ANM,WE,Federal Contract Tower,0,12,11,2,25,0,0,13,0,13,0,12,24,2,38,50,0,50,88
01/17/2003,ALW,WA,ANM,WE,Federal Contract Tower,0,11,8,0,19,0,1,0,0,1,0,12,8,0,20,10,0,10,30
01/18/2003,ALW,WA,ANM,WE,Federal Contract Tower,0,3,2,0,5,0,0,2,0,2,0,3,4,0,7,0,0,0,7
01/19/2003,ALW,WA,ANM,WE,Federal Contract Tower,0,8,7,0,15,0,0,7,0,7,0,8,14,0,22,52,0,52,74
01/20/2003,ALW,WA,ANM,WE,Federal Contract Tower,0,7,14,0,21,0,0,5,0,5,0,7,19,0,26,14,0,14,40
01/21/2003,ALW,WA,ANM,WE,Federal Contract Tower,0,6,4,0,10,0,0,0,0,0,0,6,4,0,10,0,0,0,10
01/22/2003,ALW,WA,ANM,WE,Federal Contract Tower,0,8,0,0,8,0,0,0,0,0,0,8,0,0,8,0,0,0,8
01/23/2003,ALW,WA,ANM,WE,Federal Contract Tower,0,7,5,0,12,0,1,75,0,76,0,8,80,0,88,130,0,130,218
01/24/2003,ALW,WA,ANM,WE,Federal Contract Tower,5,11,10,0,26,3,2,60,0,65,8,13,70,0,91,48,0,48,139
01/25/2003,ALW,WA,ANM,WE,Federal Contract Tower,0,7,8,0,15,0,1,33,0,34,0,8,41,0,49,4,0,4,53
01/26/2003,ALW,WA,ANM,WE,Federal Contract Tower,0,6,4,0,10,0,0,18,0,18,0,6,22,0,28,4,0,4,32
01/27/2003,ALW,WA,ANM,WE,Federal Contract Tower,0,7,7,0,14,0,0,49,0,49,0,7,56,0,63,100,0,100,163
01/28/2003,ALW,WA,ANM,WE,Federal Contract Tower,0,13,13,0,26,0,0,60,0,60,0,13,73,0,86,76,0,76,162
01/29/2003,ALW,WA,ANM,WE,Federal Contract Tower,0,11,8,0,19,0,1,12,0,13,0,12,20,0,32,6,0,6,38
01/30/2003,ALW,WA,ANM,WE,Federal Contract Tower,0,12,7,0,19,0,1,33,0,34,0,13,40,0,53,94,0,94,147
01/31/2003,ALW,WA,ANM,WE,Federal Contract Tower,0,10,13,0,23,0,1,46,0,47,0,11,59,0,70,66,0,66,136
02/01/2003,ALW,WA,ANM,WE,Federal Contract Tower,0,6,9,0,15,0,0,39,0,39,0,6,48,0,54,10,0,10,64
02/02/2003,ALW,WA,ANM,WE,Federal Contract Tower,0,6,1,0,7,0,0,67,0,67,0,6,68,0,74,78,0,78,152
02/03/2003,ALW,WA,ANM,WE,Federal Contract Tower,0,11,6,0,17,0,0,40,0,40,0,11,46,0,57,98,0,98,155
02/04/2003,ALW,WA,ANM,WE,Federal Contract Tower,0,8,8,2,18,0,1,39,0,40,0,9,47,2,58,48,0,48,106
02/05/2003,ALW,WA,ANM,WE,Federal Contract Tower,0,7,11,0,18,0,1,38,0,39,0,8,49,0,57,64,0,64,121
02/06/2003,ALW,WA,ANM,WE,Federal Contract Tower,0,10,13,0,23,0,1,68,0,69,0,11,81,0,92,172,0,172,264
02/07/2003,ALW,WA,ANM,WE,Federal Contract Tower,0,11,3,0,14,0,1,62,0,63,0,12,65,0,77,160,0,160,237
02/08/2003,ALW,WA,ANM,WE,Federal Contract Tower,0,5,5,3,13,0,1,34,3,38,0,6,39,6,51,26,4,30,81
02/09/2003,ALW,WA,ANM,WE,Federal Contract Tower,0,6,2,0,8,0,0,60,2,62,0,6,62,2,70,108,0,108,178
02/10/2003,ALW,WA,ANM,WE,Federal Contract Tower,0,7,8,0,15,0,1,54,0,55,0,8,62,0,70,94,0,94,164
02/11/2003,ALW,WA,ANM,WE,Federal Contract Tower,0,7,11,0,18,0,0,71,0,71,0,7,82,0,89,108,0,108,197
02/12/2003,ALW,WA,ANM,WE,Federal Contract Tower,0,7,8,0,15,0,1,92,0,93,0,8,100,0,108,176,0,176,284
02/13/2003,ALW,WA,ANM,WE,Federal Contract Tower,0,7,6,0,13,0,1,50,0,51,0,8,56,0,64,96,0,96,160
02/14/2003,ALW,WA,ANM,WE,Federal Contract Tower,0,13,3,0,16,0,0,33,0,33,0,13,36,0,49,58,0,58,107
02/15/2003,ALW,WA,ANM,WE,Federal Contract Tower,0,4,2,0,6,0,0,0,0,0,0,4,2,0,6,0,0,0,6
02/16/2003,ALW,WA,ANM,WE,Federal Contract Tower,0,6,3,0,9,0,1,24,0,25,0,7,27,0,34,72,0,72,106
02/17/2003,ALW,WA,ANM,WE,Federal Contract Tower,0,9,6,0,15,0,0,51,0,51,0,9,57,0,66,36,0,36,102
02/18/2003,ALW,WA,ANM,WE,Federal Contract Tower,0,11,10,0,21,0,1,55,0,56,0,12,65,0,77,44,0,44,121
02/19/2003,ALW,WA,ANM,WE,Federal Contract Tower,0,8,16,0,24,0,2,67,0,69,0,10,83,0,93,158,0,158,251
02/20/2003,ALW,WA,ANM,WE,Federal Contract Tower,0,7,7,0,14,0,4,33,0,37,0,11,40,0,51,108,0,108,159
02/21/2003,ALW,WA,ANM,WE,Federal Contract Tower,0,8,8,0,16,0,3,29,2,34,0,11,37,2,50,58,0,58,108
02/22/2003,ALW,WA,ANM,WE,Federal Contract Tower,0,5,5,0,10,0,0,39,0,39,0,5,44,0,49,16,0,16,65
02/23/2003,ALW,WA,ANM,WE,Federal Contract Tower,0,8,15,0,23,0,0,57,0,57,0,8,72,0,80,122,0,122,202
02/24/2003,ALW,WA,ANM,WE,Federal Contract Tower,0,6,6,0,12,0,1,100,0,101,0,7,106,0,113,100,0,100,213
02/25/2003,ALW,WA,ANM,WE,Federal Contract Tower,0,7,7,0,14,0,1,92,0,93,0,8,99,0,107,110,0,110,217
02/26/2003,ALW,WA,ANM,WE,Federal Contract Tower,0,6,9,0,15,0,5,97,0,102,0,11,106,0,117,78,0,78,195
02/27/2003,ALW,WA,ANM,WE,Federal Contract Tower,0,7,7,0,14,0,1,94,0,95,0,8,101,0,109,144,0,144,253
02/28/2003,ALW,WA,ANM,WE,Federal Contract Tower,0,12,14,0,26,0,2,24,0,26,0,14,38,0,52,82,0,82,134
03/01/2003,ALW,WA,ANM,WE,Federal Contract Tower,0,7,7,0,14,0,0,79,0,79,0,7,86,0,93,50,0,50,143
03/02/2003,ALW,WA,ANM,WE,Federal Contract Tower,0,6,3,0,9,0,0,46,0,46,0,6,49,0,55,82,0,82,137
03/03/2003,ALW,WA,ANM,WE,Federal Contract Tower,0,8,2,0,10,0,1,62,0,63,0,9,64,0,73,82,0,82,155
03/04/2003,ALW,WA,ANM,WE,Federal Contract Tower,0,10,1,2,13,0,0,49,0,49,0,10,50,2,62,138,0,138,200
03/05/2003,ALW,WA,ANM,WE,Federal Contract Tower,0,10,1,0,11,0,2,0,0,2,0,12,1,0,13,0,0,0,13
03/06/2003,ALW,WA,ANM,WE,Federal Contract Tower,0,7,6,0,13,0,7,1,0,8,0,14,7,0,21,6,0,6,27
03/07/2003,ALW,WA,ANM,WE,Federal Contract Tower,0,10,7,0,17,0,3,23,0,26,0,13,30,0,43,88,0,88,131
03/08/2003,ALW,WA,ANM,WE,Federal Contract Tower,0,5,4,0,9,0,0,13,0,13,0,5,17,0,22,20,0,20,42
03/09/2003,ALW,WA,ANM,WE,Federal Contract Tower,0,6,2,0,8,0,0,41,0,41,0,6,43,0,49,116,0,116,165
03/10/2003,ALW,WA,ANM,WE,Federal Contract Tower,0,8,11,0,19,0,0,36,0,36,0,8,47,0,55,130,0,130,185
03/11/2003,ALW,WA,ANM,WE,Federal Contract Tower,0,11,11,0,22,0,0,49,0,49,0,11,60,0,71,94,0,94,165
03/12/2003,ALW,WA,ANM,WE,Federal Contract Tower,0,8,10,0,18,0,0,57,0,57,0,8,67,0,75,108,0,108,183
03/13/2003,ALW,WA,ANM,WE,Federal Contract Tower,0,9,0,0,9,0,4,20,0,24,0,13,20,0,33,34,0,34,67
03/14/2003,ALW,WA,ANM,WE,Federal Contract Tower,0,8,12,0,20,0,2,65,0,67,0,10,77,0,87,116,0,116,203
03/15/2003,ALW,WA,ANM,WE,Federal Contract Tower,0,5,8,0,13,0,0,8,0,8,0,5,16,0,21,4,0,4,25
03/16/2003,ALW,WA,ANM,WE,Federal Contract Tower,0,6,13,0,19,0,0,70,0,70,0,6,83,0,89,128,0,128,217
03/17/2003,ALW,WA,ANM,WE,Federal Contract Tower,0,10,8,0,18,0,2,49,0,51,0,12,57,0,69,70,0,70,139
03/18/2003,ALW,WA,ANM,WE,Federal Contract Tower,0,6,8,0,14,0,3,44,0,47,0,9,52,0,61,90,0,90,151
03/19/2003,ALW,WA,ANM,WE,Federal Contract Tower,0,4,4,2,10,0,12,36,0,48,0,16,40,2,58,40,0,40,98
03/20/2003,ALW,WA,ANM,WE,Federal Contract Tower,0,6,2,0,8,0,4,11,0,15,0,10,13,0,23,0,0,0,23
03/21/2003,ALW,WA,ANM,WE,Federal Contract Tower,0,8,1,0,9,0,4,8,0,12,0,12,9,0,21,0,0,0,21
03/22/2003,ALW,WA,ANM,WE,Federal Contract Tower,0,7,3,0,10,0,0,7,0,7,0,7,10,0,17,0,0,0,17
03/23/2003,ALW,WA,ANM,WE,Federal Contract Tower,0,6,14,0,20,0,1,25,0,26,0,7,39,0,46,40,0,40,86
03/24/2003,ALW,WA,ANM,WE,Federal Contract Tower,0,6,3,0,9,0,2,46,0,48,0,8,49,0,57,20,0,20,77
03/25/2003,ALW,WA,ANM,WE,Federal Contract Tower,0,6,6,0,12,0,2,24,0,26,0,8,30,0,38,8,0,8,46
03/26/2003,ALW,WA,ANM,WE,Federal Contract Tower,0,8,9,0,17,0,4,13,0,17,0,12,22,0,34,2,0,2,36
03/27/2003,ALW,WA,ANM,WE,Federal Contract Tower,0,6,2,0,8,0,15,53,0,68,0,21,55,0,76,18,0,18,94
03/28/2003,ALW,WA,ANM,WE,Federal Contract Tower,0,7,2,0,9,0,3,73,0,76,0,10,75,0,85,22,0,22,107
03/29/2003,ALW,WA,ANM,WE,Federal Contract Tower,0,4,2,1,7,0,1,48,0,49,0,5,50,1,56,26,0,26,82
03/30/2003,ALW,WA,ANM,WE,Federal Contract Tower,0,6,6,0,12,0,1,46,0,47,0,7,52,0,59,44,0,44,103
03/31/2003,ALW,WA,ANM,WE,Federal Contract Tower,0,6,6,0,12,0,4,16,0,20,0,10,22,0,32,20,0,20,52
04/01/2003,ALW,WA,ANM,WE,Federal Contract Tower,0,10,7,0,17,0,4,34,0,38,0,14,41,0,55,74,0,74,129
04/02/2003,ALW,WA,ANM,WE,Federal Contract Tower,0,6,10,0,16,0,2,32,0,34,0,8,42,0,50,18,0,18,68
04/03/2003,ALW,WA,ANM,WE,Federal Contract Tower,0,5,15,0,20,0,3,25,0,28,0,8,40,0,48,82,0,82,130
04/04/2003,ALW,WA,ANM,WE,Federal Contract Tower,0,6,18,0,24,0,4,71,0,75,0,10,89,0,99,102,0,102,201
04/05/2003,ALW,WA,ANM,WE,Federal Contract Tower,0,5,1,0,6,0,0,14,0,14,0,5,15,0,20,10,0,10,30
04/06/2003,ALW,WA,ANM,WE,Federal Contract Tower,0,6,11,0,17,0,0,21,0,21,0,6,32,0,38,58,0,58,96
04/07/2003,ALW,WA,ANM,WE,Federal Contract Tower,0,8,1,0,9,0,2,51,0,53,0,10,52,0,62,50,0,50,112
04/08/2003,ALW,WA,ANM,WE,Federal Contract Tower,0,6,10,0,16,0,2,53,0,55,0,8,63,0,71,94,0,94,165
04/09/2003,ALW,WA,ANM,WE,Federal Contract Tower,0,7,13,0,20,0,1,79,0,80,0,8,92,0,100,118,0,118,218
04/10/2003,ALW,WA,ANM,WE,Federal Contract Tower,0,6,13,0,19,0,2,97,0,99,0,8,110,0,118,132,0,132,250
04/11/2003,ALW,WA,ANM,WE,Federal Contract Tower,0,6,7,0,13,0,4,55,0,59,0,10,62,0,72,70,0,70,142
04/12/2003,ALW,WA,ANM,WE,Federal Contract Tower,0,5,0,0,5,0,0,26,0,26,0,5,26,0,31,20,0,20,51
04/13/2003,ALW,WA,ANM,WE,Federal Contract Tower,0,6,8,0,14,0,0,51,0,51,0,6,59,0,65,78,0,78,143
04/14/2003,ALW,WA,ANM,WE,Federal Contract Tower,0,6,8,0,14,0,4,50,0,54,0,10,58,0,68,96,0,96,164
04/15/2003,ALW,WA,ANM,WE,Federal Contract Tower,0,8,2,0,10,0,2,75,0,77,0,10,77,0,87,198,0,198,285
04/16/2003,ALW,WA,ANM,WE,Federal Contract Tower,0,6,6,0,12,0,2,51,0,53,0,8,57,0,65,68,0,68,133
04/17/2003,ALW,WA,ANM,WE,Federal Contract Tower,0,7,7,0,14,0,2,32,0,34,0,9,39,0,48,56,0,56,104
04/18/2003,ALW,WA,ANM,WE,Federal Contract Tower,0,9,4,0,13,0,3,66,0,69,0,12,70,0,82,92,0,92,174
04/19/2003,ALW,WA,ANM,WE,Federal Contract Tower,0,7,5,0,12,0,2,60,0,62,0,9,65,0,74,2,0,2,76
04/20/2003,ALW,WA,ANM,WE,Federal Contract Tower,0,5,10,0,15,0,1,63,0,64,0,6,73,0,79,70,0,70,149
04/21/2003,ALW,WA,ANM,WE,Federal Contract Tower,0,6,3,0,9,0,1,75,0,76,0,7,78,0,85,92,0,92,177
04/22/2003,ALW,WA,ANM,WE,Federal Contract Tower,0,8,10,1,19,0,2,47,3,52,0,10,57,4,71,136,8,144,215
04/23/2003,ALW,WA,ANM,WE,Federal Contract Tower,0,6,7,0,13,0,3,53,0,56,0,9,60,0,69,122,0,122,191
04/24/2003,ALW,WA,ANM,WE,Federal Contract Tower,0,8,5,0,13,0,0,4,0,4,0,8,9,0,17,0,0,0,17
04/25/2003,ALW,WA,ANM,WE,Federal Contract Tower,0,5,7,0,12,0,3,86,0,89,0,8,93,0,101,120,0,120,221
04/26/2003,ALW,WA,ANM,WE,Federal Contract Tower,0,5,0,0,5,0,1,10,0,11,0,6,10,0,16,12,0,12,28
04/27/2003,ALW,WA,ANM,WE,Federal Contract Tower,0,6,4,0,10,0,0,72,0,72,0,6,76,0,82,78,0,78,160
04/28/2003,ALW,WA,ANM,WE,Federal Contract Tower,0,6,5,0,11,0,1,60,0,61,0,7,65,0,72,96,0,96,168
04/29/2003,ALW,WA,ANM,WE,Federal Contract Tower,0,6,2,0,8,0,2,51,0,53,0,8,53,0,61,74,0,74,135
04/30/2003,ALW,WA,ANM,WE,Federal Contract Tower,0,8,2,0,10,0,2,55,0,57,0,10,57,0,67,116,0,116,183
05/01/2003,ALW,WA,ANM,WE,Federal Contract Tower,0,8,6,0,14,0,2,60,0,62,0,10,66,0,76,120,0,120,196
05/02/2003,ALW,WA,ANM,WE,Federal Contract Tower,0,7,3,0,10,0,3,75,0,78,0,10,78,0,88,146,0,146,234
05/03/2003,ALW,WA,ANM,WE,Federal Contract Tower,0,5,4,0,9,0,0,26,0,26,0,5,30,0,35,8,0,8,43
05/04/2003,ALW,WA,ANM,WE,Federal Contract Tower,0,8,0,0,8,0,2,54,0,56,0,10,54,0,64,116,0,116,180
05/05/2003,ALW,WA,ANM,WE,Federal Contract Tower,0,8,9,0,17,0,1,46,0,47,0,9,55,0,64,56,0,56,120
05/06/2003,ALW,WA,ANM,WE,Federal Contract Tower,0,6,8,0,14,0,2,73,0,75,0,8,81,0,89,136,0,136,225
05/07/2003,ALW,WA,ANM,WE,Federal Contract Tower,0,10,7,0,17,0,2,75,0,77,0,12,82,0,94,178,0,178,272
05/08/2003,ALW,WA,ANM,WE,Federal Contract Tower,0,6,11,0,17,0,2,69,0,71,0,8,80,0,88,70,0,70,158
05/09/2003,ALW,WA,ANM,WE,Federal Contract Tower,0,6,14,0,20,0,3,76,0,79,0,9,90,0,99,40,0,40,139
05/10/2003,ALW,WA,ANM,WE,Federal Contract Tower,0,5,6,0,11,0,2,45,0,47,0,7,51,0,58,24,0,24,82
05/11/2003,ALW,WA,ANM,WE,Federal Contract Tower,0,6,11,0,17,0,0,62,0,62,0,6,73,0,79,54,0,54,133
05/12/2003,ALW,WA,ANM,WE,Federal Contract Tower,0,6,41,0,47,0,1,29,0,30,0,7,70,0,77,56,0,56,133
05/13/2003,ALW,WA,ANM,WE,Federal Contract Tower,0,8,10,0,18,0,4,93,0,97,0,12,103,0,115,50,0,50,165
05/14/2003,ALW,WA,ANM,WE,Federal Contract Tower,0,6,14,0,20,0,2,54,0,56,0,8,68,0,76,74,0,74,150
05/15/2003,ALW,WA,ANM,WE,Federal Contract Tower,0,6,17,0,23,0,2,54,0,56,0,8,71,0,79,58,0,58,137
05/16/2003,ALW,WA,ANM,WE,Federal Contract Tower,0,8,8,0,16,0,2,49,0,51,0,10,57,0,67,152,0,152,219
05/17/2003,ALW,WA,ANM,WE,Federal Contract Tower,0,7,2,0,9,0,0,29,0,29,0,7,31,0,38,52,0,52,90
05/18/2003,ALW,WA,ANM,WE,Federal Contract Tower,0,6,8,0,14,0,0,37,0,37,0,6,45,0,51,54,0,54,105
05/19/2003,ALW,WA,ANM,WE,Federal Contract Tower,0,10,4,0,14,0,0,82,0,82,0,10,86,0,96,118,0,118,214
05/20/2003,ALW,WA,ANM,WE,Federal Contract Tower,0,10,3,0,13,0,2,64,0,66,0,12,67,0,79,82,0,82,161
05/21/2003,ALW,WA,ANM,WE,Federal Contract Tower,0,6,5,0,11,0,2,75,0,77,0,8,80,0,88,84,0,84,172
05/22/2003,ALW,WA,ANM,WE,Federal Contract Tower,0,6,13,0,19,0,2,54,0,56,0,8,67,0,75,60,0,60,135
05/23/2003,ALW,WA,ANM,WE,Federal Contract Tower,0,7,4,0,11,0,3,77,0,80,0,10,81,0,91,34,0,34,125
05/24/2003,ALW,WA,ANM,WE,Federal Contract Tower,0,5,0,0,5,0,0,44,0,44,0,5,44,0,49,0,0,0,49
05/25/2003,ALW,WA,ANM,WE,Federal Contract Tower,0,8,5,0,13,0,1,49,0,50,0,9,54,0,63,44,0,44,107
05/26/2003,ALW,WA,ANM,WE,Federal Contract Tower,0,6,0,0,6,0,0,46,0,46,0,6,46,0,52,42,0,42,94
05/27/2003,ALW,WA,ANM,WE,Federal Contract Tower,0,6,4,0,10,0,2,77,0,79,0,8,81,0,89,90,0,90,179
05/28/2003,ALW,WA,ANM,WE,Federal Contract Tower,0,6,3,0,9,0,4,47,0,51,0,10,50,0,60,98,0,98,158
05/29/2003,ALW,WA,ANM,WE,Federal Contract Tower,0,6,11,0,17,0,3,52,0,55,0,9,63,0,72,78,0,78,150
05/30/2003,ALW,WA,ANM,WE,Federal Contract Tower,0,8,7,0,15,0,2,70,0,72,0,10,77,0,87,60,0,60,147
05/31/2003,ALW,WA,ANM,WE,Federal Contract Tower,0,10,3,0,13,0,4,49,0,53,0,14,52,0,66,2,0,2,68
06/01/2003,ALW,WA,ANM,WE,Federal Contract Tower,0,10,2,0,12,0,0,91,0,91,0,10,93,0,103,54,0,54,157
06/02/2003,ALW,WA,ANM,WE,Federal Contract Tower,0,7,1,0,8,0,1,79,0,80,0,8,80,0,88,114,0,114,202
06/03/2003,ALW,WA,ANM,WE,Federal Contract Tower,0,8,5,0,13,0,3,70,0,73,0,11,75,0,86,66,0,66,152
06/04/2003,ALW,WA,ANM,WE,Federal Contract Tower,0,6,6,0,12,0,2,77,0,79,0,8,83,0,91,160,0,160,251
06/05/2003,ALW,WA,ANM,WE,Federal Contract Tower,0,9,5,0,14,0,9,110,0,119,0,18,115,0,133,14,0,14,147
06/06/2003,ALW,WA,ANM,WE,Federal Contract Tower,0,9,4,0,13,0,6,78,0,84,0,15,82,0,97,90,0,90,187
06/07/2003,ALW,WA,ANM,WE,Federal Contract Tower,0,5,1,0,6,0,0,43,0,43,0,5,44,0,49,4,0,4,53
06/08/2003,ALW,WA,ANM,WE,Federal Contract Tower,0,6,2,0,8,0,2,48,0,50,0,8,50,0,58,56,0,56,114
06/09/2003,ALW,WA,ANM,WE,Federal Contract Tower,0,6,2,0,8,0,5,65,0,70,0,11,67,0,78,130,0,130,208
06/10/2003,ALW,WA,ANM,WE,Federal Contract Tower,0,9,4,0,13,0,1,61,0,62,0,10,65,0,75,88,0,88,163
06/11/2003,ALW,WA,ANM,WE,Federal Contract Tower,0,6,3,0,9,0,2,82,0,84,0,8,85,0,93,64,0,64,157
06/12/2003,ALW,WA,ANM,WE,Federal Contract Tower,0,5,4,0,9,0,4,70,0,74,0,9,74,0,83,50,0,50,133
06/13/2003,ALW,WA,ANM,WE,Federal Contract Tower,0,8,3,0,11,0,4,48,0,52,0,12,51,0,63,48,0,48,111
06/14/2003,ALW,WA,ANM,WE,Federal Contract Tower,0,6,1,0,7,0,0,36,0,36,0,6,37,0,43,16,0,16,59
06/15/2003,ALW,WA,ANM,WE,Federal Contract Tower,0,6,6,0,12,0,4,56,0,60,0,10,62,0,72,74,0,74,146
06/16/2003,ALW,WA,ANM,WE,Federal Contract Tower,0,8,2,0,10,0,3,51,0,54,0,11,53,0,64,28,0,28,92
06/17/2003,ALW,WA,ANM,WE,Federal Contract Tower,0,6,2,0,8,0,2,56,0,58,0,8,58,0,66,20,0,20,86
06/18/2003,ALW,WA,ANM,WE,Federal Contract Tower,0,8,4,0,12,0,2,32,0,34,0,10,36,0,46,26,0,26,72
06/19/2003,ALW,WA,ANM,WE,Federal Contract Tower,0,6,5,0,11,0,2,27,0,29,0,8,32,0,40,30,0,30,70
06/20/2003,ALW,WA,ANM,WE,Federal Contract Tower,0,12,4,0,16,0,4,12,0,16,0,16,16,0,32,16,0,16,48
06/21/2003,ALW,WA,ANM,WE,Federal Contract Tower,0,6,0,0,6,0,0,13,0,13,0,6,13,0,19,0,0,0,19
06/22/2003,ALW,WA,ANM,WE,Federal Contract Tower,0,10,1,0,11,0,0,27,0,27,0,10,28,0,38,14,0,14,52
06/23/2003,ALW,WA,ANM,WE,Federal Contract Tower,0,7,4,0,11,0,2,51,0,53,0,9,55,0,64,62,0,62,126
06/24/2003,ALW,WA,ANM,WE,Federal Contract Tower,0,8,3,0,11,0,0,81,0,81,0,8,84,0,92,88,0,88,180
06/25/2003,ALW,WA,ANM,WE,Federal Contract Tower,0,6,10,0,16,0,2,76,0,78,0,8,86,0,94,68,0,68,162
06/26/2003,ALW,WA,ANM,WE,Federal Contract Tower,0,6,7,0,13,0,2,93,0,95,0,8,100,0,108,108,0,108,216
06/27/2003,ALW,WA,ANM,WE,Federal Contract Tower,0,11,7,0,18,0,8,57,0,65,0,19,64,0,83,82,0,82,165
06/28/2003,ALW,WA,ANM,WE,Federal Contract Tower,0,7,2,0,9,0,0,39,0,39,0,7,41,0,48,4,0,4,52
06/29/2003,ALW,WA,ANM,WE,Federal Contract Tower,0,6,0,0,6,0,0,47,0,47,0,6,47,0,53,2,0,2,55
06/30/2003,ALW,WA,ANM,WE,Federal Contract Tower,0,9,0,0,9,0,1,34,0,35,0,10,34,0,44,38,0,38,82
07/01/2003,ALW,WA,ANM,WE,Federal Contract Tower,0,8,5,0,13,0,2,45,0,47,0,10,50,0,60,56,0,56,116
07/02/2003,ALW,WA,ANM,WE,Federal Contract Tower,0,6,4,0,10,0,4,66,0,70,0,10,70,0,80,116,0,116,196
07/03/2003,ALW,WA,ANM,WE,Federal Contract Tower,0,11,6,0,17,0,4,78,0,82,0,15,84,0,99,48,0,48,147
07/04/2003,ALW,WA,ANM,WE,Federal Contract Tower,0,5,1,0,6,0,0,37,0,37,0,5,38,0,43,4,0,4,47
07/05/2003,ALW,WA,ANM,WE,Federal Contract Tower,0,5,0,0,5,0,0,14,0,14,0,5,14,0,19,6,0,6,25
07/06/2003,ALW,WA,ANM,WE,Federal Contract Tower,0,6,2,0,8,0,0,45,0,45,0,6,47,0,53,42,0,42,95
07/07/2003,ALW,WA,ANM,WE,Federal Contract Tower,0,6,1,0,7,0,4,53,0,57,0,10,54,0,64,46,0,46,110
07/08/2003,ALW,WA,ANM,WE,Federal Contract Tower,0,7,10,0,17,0,5,51,0,56,0,12,61,0,73,46,0,46,119
07/09/2003,ALW,WA,ANM,WE,Federal Contract Tower,0,8,1,0,9,0,3,59,0,62,0,11,60,0,71,56,0,56,127
07/10/2003,ALW,WA,ANM,WE,Federal Contract Tower,0,6,2,0,8,0,3,53,0,56,0,9,55,0,64,92,0,92,156
07/11/2003,ALW,WA,ANM,WE,Federal Contract Tower,0,6,5,0,11,0,3,33,0,36,0,9,38,0,47,32,0,32,79
07/12/2003,ALW,WA,ANM,WE,Federal Contract Tower,0,6,3,0,9,0,6,44,0,50,0,12,47,0,59,10,0,10,69
07/13/2003,ALW,WA,ANM,WE,Federal Contract Tower,0,7,6,0,13,0,3,29,0,32,0,10,35,0,45,52,0,52,97
07/14/2003,ALW,WA,ANM,WE,Federal Contract Tower,0,6,10,0,16,0,5,58,0,63,0,11,68,0,79,102,0,102,181
07/15/2003,ALW,WA,ANM,WE,Federal Contract Tower,0,7,3,0,10,0,4,44,2,50,0,11,47,2,60,46,0,46,106
07/16/2003,ALW,WA,ANM,WE,Federal Contract Tower,0,8,7,0,15,0,4,58,0,62,0,12,65,0,77,102,0,102,179
07/17/2003,ALW,WA,ANM,WE,Federal Contract Tower,0,6,8,0,14,0,4,69,0,73,0,10,77,0,87,72,0,72,159
07/18/2003,ALW,WA,ANM,WE,Federal Contract Tower,0,6,13,0,19,0,18,40,0,58,0,24,53,0,77,38,0,38,115
07/19/2003,ALW,WA,ANM,WE,Federal Contract Tower,0,7,0,0,7,0,1,46,0,47,0,8,46,0,54,26,0,26,80
07/20/2003,ALW,WA,ANM,WE,Federal Contract Tower,0,11,5,0,16,0,0,40,0,40,0,11,45,0,56,6,0,6,62
07/21/2003,ALW,WA,ANM,WE,Federal Contract Tower,0,6,4,0,10,0,2,36,0,38,0,8,40,0,48,78,0,78,126
07/22/2003,ALW,WA,ANM,WE,Federal Contract Tower,0,6,0,0,6,0,1,47,0,48,0,7,47,0,54,64,0,64,118
07/23/2003,ALW,WA,ANM,WE,Federal Contract Tower,0,7,17,0,24,0,1,47,0,48,0,8,64,0,72,84,0,84,156
07/24/2003,ALW,WA,ANM,WE,Federal Contract Tower,0,6,6,0,12,0,3,51,0,54,0,9,57,0,66,46,0,46,112
07/25/2003,ALW,WA,ANM,WE,Federal Contract Tower,0,7,4,0,11,0,4,50,1,55,0,11,54,1,66,56,0,56,122
07/26/2003,ALW,WA,ANM,WE,Federal Contract Tower,0,10,3,0,13,0,4,39,0,43,0,14,42,0,56,2,0,2,58
07/27/2003,ALW,WA,ANM,WE,Federal Contract Tower,0,6,2,0,8,0,0,42,0,42,0,6,44,0,50,26,0,26,76
07/28/2003,ALW,WA,ANM,WE,Federal Contract Tower,0,7,4,0,11,0,2,33,0,35,0,9,37,0,46,56,0,56,102
07/29/2003,ALW,WA,ANM,WE,Federal Contract Tower,0,6,3,0,9,0,2,37,0,39,0,8,40,0,48,28,0,28,76
07/30/2003,ALW,WA,ANM,WE,Federal Contract Tower,0,6,4,0,10,0,2,45,0,47,0,8,49,0,57,44,0,44,101
07/31/2003,ALW,WA,ANM,WE,Federal Contract Tower,0,6,5,0,11,0,1,50,0,51,0,7,55,0,62,52,0,52,114
08/01/2003,ALW,WA,ANM,WE,Federal Contract Tower,0,9,5,0,14,0,3,39,0,42,0,12,44,0,56,32,0,32,88
08/02/2003,ALW,WA,ANM,WE,Federal Contract Tower,0,11,1,0,12,0,0,25,0,25,0,11,26,0,37,4,0,4,41
08/03/2003,ALW,WA,ANM,WE,Federal Contract Tower,0,7,6,0,13,0,0,37,1,38,0,7,43,1,51,44,0,44,95
08/04/2003,ALW,WA,ANM,WE,Federal Contract Tower,0,8,8,0,16,0,2,55,4,61,0,10,63,4,77,52,6,58,135
08/05/2003,ALW,WA,ANM,WE,Federal Contract Tower,0,7,4,0,11,0,2,46,4,52,0,9,50,4,63,60,0,60,123
08/06/2003,ALW,WA,ANM,WE,Federal Contract Tower,0,6,12,0,18,0,4,62,4,70,0,10,74,4,88,54,0,54,142
08/07/2003,ALW,WA,ANM,WE,Federal Contract Tower,0,6,7,0,13,0,1,52,4,57,0,7,59,4,70,56,0,56,126
08/08/2003,ALW,WA,ANM,WE,Federal Contract Tower,0,9,11,0,20,0,6,54,0,60,0,15,65,0,80,54,0,54,134
08/09/2003,ALW,WA,ANM,WE,Federal Contract Tower,0,6,0,0,6,0,0,23,0,23,0,6,23,0,29,14,0,14,43
08/10/2003,ALW,WA,ANM,WE,Federal Contract Tower,0,8,1,0,9,0,2,24,1,27,0,10,25,1,36,0,0,0,36
08/11/2003,ALW,WA,ANM,WE,Federal Contract Tower,0,6,2,0,8,0,2,45,0,47,0,8,47,0,55,68,0,68,123
08/12/2003,ALW,WA,ANM,WE,Federal Contract Tower,0,7,10,0,17,0,6,34,0,40,0,13,44,0,57,46,0,46,103
08/13/2003,ALW,WA,ANM,WE,Federal Contract Tower,0,8,1,0,9,0,0,43,0,43,0,8,44,0,52,70,0,70,122
08/14/2003,ALW,WA,ANM,WE,Federal Contract Tower,0,6,2,0,8,0,2,47,0,49,0,8,49,0,57,98,0,98,155
08/15/2003,ALW,WA,ANM,WE,Federal Contract Tower,0,7,6,0,13,0,3,14,0,17,0,10,20,0,30,0,0,0,30
08/16/2003,ALW,WA,ANM,WE,Federal Contract Tower,0,6,8,0,14,0,0,19,0,19,0,6,27,0,33,0,0,0,33
08/17/2003,ALW,WA,ANM,WE,Federal Contract Tower,0,6,5,0,11,0,3,28,0,31,0,9,33,0,42,24,0,24,66
08/18/2003,ALW,WA,ANM,WE,Federal Contract Tower,0,6,1,0,7,0,3,35,1,39,0,9,36,1,46,46,0,46,92
08/19/2003,ALW,WA,ANM,WE,Federal Contract Tower,0,8,3,0,11,0,6,30,0,36,0,14,33,0,47,64,0,64,111
08/20/2003,ALW,WA,ANM,WE,Federal Contract Tower,0,6,12,0,18,0,7,61,0,68,0,13,73,0,86,72,0,72,158
08/21/2003,ALW,WA,ANM,WE,Federal Contract Tower,0,9,18,0,27,0,7,67,0,74,0,16,85,0,101,88,0,88,189
08/22/2003,ALW,WA,ANM,WE,Federal Contract Tower,0,7,10,0,17,0,5,28,0,33,0,12,38,0,50,46,0,46,96
08/23/2003,ALW,WA,ANM,WE,Federal Contract Tower,0,6,4,0,10,0,6,29,0,35,0,12,33,0,45,0,0,0,45
08/24/2003,ALW,WA,ANM,WE,Federal Contract Tower,0,8,6,0,14,0,0,59,0,59,0,8,65,0,73,82,0,82,155
08/25/2003,ALW,WA,ANM,WE,Federal Contract Tower,0,6,1,0,7,0,6,24,0,30,0,12,25,0,37,52,0,52,89
08/26/2003,ALW,WA,ANM,WE,Federal Contract Tower,0,7,10,0,17,0,5,43,0,48,0,12,53,0,65,20,0,20,85
08/27/2003,ALW,WA,ANM,WE,Federal Contract Tower,0,9,6,0,15,0,7,42,0,49,0,16,48,0,64,84,0,84,148
08/28/2003,ALW,WA,ANM,WE,Federal Contract Tower,0,12,9,0,21,0,4,69,2,75,0,16,78,2,96,72,0,72,168
08/29/2003,ALW,WA,ANM,WE,Federal Contract Tower,0,9,8,0,17,0,3,62,0,65,0,12,70,0,82,116,0,116,198
08/30/2003,ALW,WA,ANM,WE,Federal Contract Tower,0,8,2,0,10,0,1,43,0,44,0,9,45,0,54,2,0,2,56
08/31/2003,ALW,WA,ANM,WE,Federal Contract Tower,0,5,0,0,5,0,4,54,0,58,0,9,54,0,63,66,0,66,129
09/01/2003,ALW,WA,ANM,WE,Federal Contract Tower,0,6,6,0,12,0,0,50,0,50,0,6,56,0,62,14,0,14,76
09/02/2003,ALW,WA,ANM,WE,Federal Contract Tower,0,6,0,0,6,0,4,37,0,41,0,10,37,0,47,36,0,36,83
09/03/2003,ALW,WA,ANM,WE,Federal Contract Tower,0,6,3,0,9,0,3,36,0,39,0,9,39,0,48,20,0,20,68
09/04/2003,ALW,WA,ANM,WE,Federal Contract Tower,0,6,3,0,9,0,2,21,0,23,0,8,24,0,32,22,0,22,54
09/05/2003,ALW,WA,ANM,WE,Federal Contract Tower,0,8,5,0,13,0,3,20,0,23,0,11,25,0,36,44,0,44,80
09/06/2003,ALW,WA,ANM,WE,Federal Contract Tower,0,6,1,0,7,0,3,30,0,33,0,9,31,0,40,8,0,8,48
09/07/2003,ALW,WA,ANM,WE,Federal Contract Tower,0,5,13,0,18,0,1,37,0,38,0,6,50,0,56,62,0,62,118
09/08/2003,ALW,WA,ANM,WE,Federal Contract Tower,0,8,9,0,17,0,1,9,0,10,0,9,18,0,27,26,0,26,53
09/09/2003,ALW,WA,ANM,WE,Federal Contract Tower,0,5,3,0,8,0,2,12,0,14,0,7,15,0,22,20,4,24,46
09/10/2003,ALW,WA,ANM,WE,Federal Contract Tower,0,4,5,0,9,0,2,31,0,33,0,6,36,0,42,70,0,70,112
09/11/2003,ALW,WA,ANM,WE,Federal Contract Tower,0,6,6,0,12,0,3,19,0,22,0,9,25,0,34,30,0,30,64
09/12/2003,ALW,WA,ANM,WE,Federal Contract Tower,0,4,7,0,11,0,4,40,0,44,0,8,47,0,55,42,0,42,97
09/13/2003,ALW,WA,ANM,WE,Federal Contract Tower,0,4,7,0,11,0,1,46,0,47,0,5,53,0,58,14,0,14,72
09/14/2003,ALW,WA,ANM,WE,Federal Contract Tower,0,4,4,0,8,0,1,42,2,45,0,5,46,2,53,10,0,10,63
09/15/2003,ALW,WA,ANM,WE,Federal Contract Tower,0,5,13,0,18,0,3,58,0,61,0,8,71,0,79,26,0,26,105
09/16/2003,ALW,WA,ANM,WE,Federal Contract Tower,0,4,2,0,6,0,2,25,0,27,0,6,27,0,33,114,0,114,147
09/17/2003,ALW,WA,ANM,WE,Federal Contract Tower,0,8,8,0,16,0,3,52,0,55,0,11,60,0,71,100,0,100,171
09/18/2003,ALW,WA,ANM,WE,Federal Contract Tower,0,5,11,0,16,0,1,53,0,54,0,6,64,0,70,92,0,92,162
09/19/2003,ALW,WA,ANM,WE,Federal Contract Tower,0,4,12,0,16,0,3,63,0,66,0,7,75,0,82,34,0,34,116
09/20/2003,ALW,WA,ANM,WE,Federal Contract Tower,0,4,6,0,10,0,2,115,0,117,0,6,121,0,127,20,0,20,147
09/21/2003,ALW,WA,ANM,WE,Federal Contract Tower,0,5,1,0,6,0,1,45,0,46,0,6,46,0,52,10,0,10,62
09/22/2003,ALW,WA,ANM,WE,Federal Contract Tower,0,5,14,0,19,0,8,40,0,48,0,13,54,0,67,18,0,18,85
09/23/2003,ALW,WA,ANM,WE,Federal Contract Tower,0,6,10,0,16,0,3,54,0,57,0,9,64,0,73,50,0,50,123
09/24/2003,ALW,WA,ANM,WE,Federal Contract Tower,0,9,7,0,16,0,2,76,0,78,0,11,83,0,94,54,0,54,148
09/25/2003,ALW,WA,ANM,WE,Federal Contract Tower,0,6,8,0,14,0,1,58,0,59,0,7,66,0,73,32,0,32,105
09/26/2003,ALW,WA,ANM,WE,Federal Contract Tower,0,6,19,0,25,0,5,86,0,91,0,11,105,0,116,60,0,60,176
09/27/2003,ALW,WA,ANM,WE,Federal Contract Tower,0,5,0,0,5,0,1,65,0,66,0,6,65,0,71,56,0,56,127
09/28/2003,ALW,WA,ANM,WE,Federal Contract Tower,0,4,1,0,5,0,0,48,0,48,0,4,49,0,53,12,0,12,65
09/29/2003,ALW,WA,ANM,WE,Federal Contract Tower,0,4,3,0,7,0,8,31,0,39,0,12,34,0,46,94,0,94,140
09/30/2003,ALW,WA,ANM,WE,Federal Contract Tower,0,8,6,0,14,0,4,47,0,51,0,12,53,0,65,92,0,92,157
10/01/2003,ALW,WA,ANM,WE,Federal Contract Tower,0,7,8,0,15,0,5,54,0,59,0,12,62,0,74,100,0,100,174
10/02/2003,ALW,WA,ANM,WE,Federal Contract Tower,0,6,11,0,17,0,0,73,2,75,0,6,84,2,92,92,0,92,184
10/03/2003,ALW,WA,ANM,WE,Federal Contract Tower,0,7,10,0,17,0,0,106,0,106,0,7,116,0,123,226,0,226,349
10/04/2003,ALW,WA,ANM,WE,Federal Contract Tower,0,4,1,0,5,0,1,36,0,37,0,5,37,0,42,34,0,34,76
10/05/2003,ALW,WA,ANM,WE,Federal Contract Tower,0,6,6,0,12,0,0,52,0,52,0,6,58,0,64,28,0,28,92
10/06/2003,ALW,WA,ANM,WE,Federal Contract Tower,0,4,2,0,6,0,0,53,0,53,0,4,55,0,59,102,0,102,161
10/07/2003,ALW,WA,ANM,WE,Federal Contract Tower,0,6,7,0,13,0,0,66,0,66,0,6,73,0,79,144,0,144,223
10/08/2003,ALW,WA,ANM,WE,Federal Contract Tower,0,9,8,0,17,0,3,45,0,48,0,12,53,0,65,100,0,100,165
10/09/2003,ALW,WA,ANM,WE,Federal Contract Tower,0,6,12,0,18,0,0,58,0,58,0,6,70,0,76,78,0,78,154
10/10/2003,ALW,WA,ANM,WE,Federal Contract Tower,0,4,7,0,11,0,2,62,0,64,0,6,69,0,75,114,0,114,189
10/11/2003,ALW,WA,ANM,WE,Federal Contract Tower,0,4,7,0,11,0,18,3,0,21,0,22,10,0,32,4,0,4,36
10/12/2003,ALW,WA,ANM,WE,Federal Contract Tower,0,5,8,0,13,0,0,22,0,22,0,5,30,0,35,32,0,32,67
10/13/2003,ALW,WA,ANM,WE,Federal Contract Tower,0,3,5,0,8,0,3,52,0,55,0,6,57,0,63,80,0,80,143
10/14/2003,ALW,WA,ANM,WE,Federal Contract Tower,0,4,6,0,10,0,7,39,0,46,0,11,45,0,56,82,0,82,138
10/15/2003,ALW,WA,ANM,WE,Federal Contract Tower,0,11,16,0,27,0,7,35,0,42,0,18,51,0,69,78,0,78,147
10/16/2003,ALW,WA,ANM,WE,Federal Contract Tower,0,7,10,0,17,0,3,52,0,55,0,10,62,0,72,132,0,132,204
10/17/2003,ALW,WA,ANM,WE,Federal Contract Tower,0,10,15,0,25,0,4,95,0,99,0,14,110,0,124,188,0,188,312
10/18/2003,ALW,WA,ANM,WE,Federal Contract Tower,0,3,4,0,7,0,2,43,0,45,0,5,47,0,52,14,0,14,66
10/19/2003,ALW,WA,ANM,WE,Federal Contract Tower,0,5,10,0,15,0,0,50,2,52,0,5,60,2,67,44,0,44,111
10/20/2003,ALW,WA,ANM,WE,Federal Contract Tower,0,5,8,0,13,0,1,49,0,50,0,6,57,0,63,146,0,146,209
10/21/2003,ALW,WA,ANM,WE,Federal Contract Tower,0,3,6,0,9,0,4,75,0,79,0,7,81,0,88,90,0,90,178
10/22/2003,ALW,WA,ANM,WE,Federal Contract Tower,0,6,8,0,14,0,0,56,0,56,0,6,64,0,70,48,0,48,118
10/23/2003,ALW,WA,ANM,WE,Federal Contract Tower,0,3,4,0,7,0,3,69,0,72,0,6,73,0,79,178,0,178,257
10/24/2003,ALW,WA,ANM,WE,Federal Contract Tower,0,3,6,0,9,0,6,84,0,90,0,9,90,0,99,216,0,216,315
10/25/2003,ALW,WA,ANM,WE,Federal Contract Tower,0,3,5,0,8,0,2,79,0,81,0,5,84,0,89,38,0,38,127
10/26/2003,ALW,WA,ANM,WE,Federal Contract Tower,0,3,5,0,8,0,4,57,0,61,0,7,62,0,69,114,0,114,183
10/27/2003,ALW,WA,ANM,WE,Federal Contract Tower,0,6,10,0,16,0,3,71,0,74,0,9,81,0,90,138,0,138,228
10/28/2003,ALW,WA,ANM,WE,Federal Contract Tower,0,3,6,0,9,0,3,4,0,7,0,6,10,0,16,40,0,40,56
10/29/2003,ALW,WA,ANM,WE,Federal Contract Tower,0,5,7,0,12,0,2,39,0,41,0,7,46,0,53,136,0,136,189
10/30/2003,ALW,WA,ANM,WE,Federal Contract Tower,0,6,9,0,15,0,3,53,0,56,0,9,62,0,71,126,0,126,197
10/31/2003,ALW,WA,ANM,WE,Federal Contract Tower,0,3,6,0,9,0,3,56,0,59,0,6,62,0,68,88,0,88,156
11/01/2003,ALW,WA,ANM,WE,Federal Contract Tower,0,2,2,0,4,0,2,15,0,17,0,4,17,0,21,22,0,22,43
11/02/2003,ALW,WA,ANM,WE,Federal Contract Tower,0,5,3,0,8,0,1,29,0,30,0,6,32,0,38,114,0,114,152
11/03/2003,ALW,WA,ANM,WE,Federal Contract Tower,0,5,8,0,13,0,0,32,0,32,0,5,40,0,45,108,0,108,153
11/04/2003,ALW,WA,ANM,WE,Federal Contract Tower,0,7,6,0,13,0,1,40,0,41,0,8,46,0,54,168,0,168,222
11/05/2003,ALW,WA,ANM,WE,Federal Contract Tower,0,6,6,0,12,0,0,54,0,54,0,6,60,0,66,82,0,82,148
11/06/2003,ALW,WA,ANM,WE,Federal Contract Tower,0,8,9,0,17,0,0,56,0,56,0,8,65,0,73,174,0,174,247
11/07/2003,ALW,WA,ANM,WE,Federal Contract Tower,0,5,5,0,10,0,5,36,0,41,0,10,41,0,51,66,0,66,117
11/08/2003,ALW,WA,ANM,WE,Federal Contract Tower,0,4,4,0,8,0,2,25,0,27,0,6,29,0,35,12,0,12,47
11/09/2003,ALW,WA,ANM,WE,Federal Contract Tower,0,5,9,0,14,0,0,59,0,59,0,5,68,0,73,36,0,36,109
11/10/2003,ALW,WA,ANM,WE,Federal Contract Tower,0,5,4,0,9,0,0,4,0,4,0,5,8,0,13,14,0,14,27
11/11/2003,ALW,WA,ANM,WE,Federal Contract Tower,0,6,5,0,11,0,0,2,0,2,0,6,7,0,13,8,0,8,21
11/12/2003,ALW,WA,ANM,WE,Federal Contract Tower,0,6,11,0,17,0,0,86,0,86,0,6,97,0,103,64,0,64,167
11/13/2003,ALW,WA,ANM,WE,Federal Contract Tower,0,11,13,0,24,0,0,66,0,66,0,11,79,0,90,110,0,110,200
11/14/2003,ALW,WA,ANM,WE,Federal Contract Tower,0,9,11,0,20,0,4,61,0,65,0,13,72,0,85,194,0,194,279
11/15/2003,ALW,WA,ANM,WE,Federal Contract Tower,0,4,5,0,9,0,5,18,0,23,0,9,23,0,32,26,0,26,58
11/16/2003,ALW,WA,ANM,WE,Federal Contract Tower,0,4,5,0,9,0,0,20,0,20,0,4,25,0,29,8,0,8,37
11/17/2003,ALW,WA,ANM,WE,Federal Contract Tower,0,5,10,0,15,0,0,14,1,15,0,5,24,1,30,24,4,28,58
11/18/2003,ALW,WA,ANM,WE,Federal Contract Tower,0,3,5,0,8,0,5,9,0,14,0,8,14,0,22,30,0,30,52
11/19/2003,ALW,WA,ANM,WE,Federal Contract Tower,0,4,6,0,10,0,5,4,0,9,0,9,10,0,19,50,0,50,69
11/20/2003,ALW,WA,ANM,WE,Federal Contract Tower,0,7,9,0,16,0,2,37,0,39,0,9,46,0,55,120,0,120,175
11/21/2003,ALW,WA,ANM,WE,Federal Contract Tower,0,6,8,0,14,0,2,28,0,30,0,8,36,0,44,54,0,54,98
11/22/2003,ALW,WA,ANM,WE,Federal Contract Tower,0,4,8,0,12,0,0,57,0,57,0,4,65,0,69,32,0,32,101
11/23/2003,ALW,WA,ANM,WE,Federal Contract Tower,0,1,3,0,4,0,3,26,0,29,0,4,29,0,33,40,0,40,73
11/24/2003,ALW,WA,ANM,WE,Federal Contract Tower,0,4,6,0,10,0,10,4,0,14,0,14,10,0,24,40,0,40,64
11/25/2003,ALW,WA,ANM,WE,Federal Contract Tower,0,6,7,0,13,0,2,7,0,9,0,8,14,0,22,0,0,0,22
11/26/2003,ALW,WA,ANM,WE,Federal Contract Tower,0,5,7,0,12,0,2,11,0,13,0,7,18,0,25,24,0,24,49
11/27/2003,ALW,WA,ANM,WE,Federal Contract Tower,0,2,3,0,5,0,1,25,0,26,0,3,28,0,31,28,0,28,59
11/28/2003,ALW,WA,ANM,WE,Federal Contract Tower,0,1,3,0,4,0,6,0,0,6,0,7,3,0,10,0,0,0,10
11/29/2003,ALW,WA,ANM,WE,Federal Contract Tower,0,5,6,0,11,0,1,3,0,4,0,6,9,0,15,8,0,8,23
11/30/2003,ALW,WA,ANM,WE,Federal Contract Tower,0,2,3,0,5,0,0,0,0,0,0,2,3,0,5,0,0,0,5
12/01/2003,ALW,WA,ANM,WE,Federal Contract Tower,0,5,5,0,10,0,1,0,0,1,0,6,5,0,11,0,0,0,11
12/02/2003,ALW,WA,ANM,WE,Federal Contract Tower,0,7,15,0,22,0,0,11,0,11,0,7,26,0,33,0,0,0,33
12/03/2003,ALW,WA,ANM,WE,Federal Contract Tower,0,8,10,0,18,0,0,44,0,44,0,8,54,0,62,60,0,60,122
12/04/2003,ALW,WA,ANM,WE,Federal Contract Tower,0,0,1,0,1,0,0,1,0,1,0,0,2,0,2,0,0,0,2
12/05/2003,ALW,WA,ANM,WE,Federal Contract Tower,0,6,7,0,13,0,2,17,0,19,0,8,24,0,32,58,0,58,90
12/06/2003,ALW,WA,ANM,WE,Federal Contract Tower,0,4,5,0,9,0,1,30,0,31,0,5,35,0,40,14,0,14,54
12/07/2003,ALW,WA,ANM,WE,Federal Contract Tower,0,4,7,0,11,0,0,25,0,25,0,4,32,0,36,96,0,96,132
12/08/2003,ALW,WA,ANM,WE,Federal Contract Tower,0,6,10,0,16,0,0,40,0,40,0,6,50,0,56,104,0,104,160
12/09/2003,ALW,WA,ANM,WE,Federal Contract Tower,0,2,1,0,3,0,2,0,0,2,0,4,1,0,5,0,0,0,5
12/10/2003,ALW,WA,ANM,WE,Federal Contract Tower,0,2,1,0,3,0,1,0,0,1,0,3,1,0,4,0,0,0,4
12/11/2003,ALW,WA,ANM,WE,Federal Contract Tower,0,8,9,0,17,0,0,22,0,22,0,8,31,0,39,40,0,40,79
12/12/2003,ALW,WA,ANM,WE,Federal Contract Tower,0,6,7,0,13,0,0,23,0,23,0,6,30,0,36,76,0,76,112
12/13/2003,ALW,WA,ANM,WE,Federal Contract Tower,0,5,5,0,10,0,0,2,0,2,0,5,7,0,12,0,0,0,12
12/14/2003,ALW,WA,ANM,WE,Federal Contract Tower,0,4,4,0,8,0,0,18,0,18,0,4,22,0,26,6,0,6,32
12/15/2003,ALW,WA,ANM,WE,Federal Contract Tower,0,7,5,0,12,0,0,38,0,38,0,7,43,0,50,44,0,44,94
12/16/2003,ALW,WA,ANM,WE,Federal Contract Tower,0,6,5,0,11,0,2,9,0,11,0,8,14,0,22,20,0,20,42
12/17/2003,ALW,WA,ANM,WE,Federal Contract Tower,0,9,7,0,16,0,1,62,2,65,0,10,69,2,81,100,0,100,181
12/18/2003,ALW,WA,ANM,WE,Federal Contract Tower,0,2,0,0,2,0,0,0,0,0,0,2,0,0,2,0,0,0,2
12/19/2003,ALW,WA,ANM,WE,Federal Contract Tower,0,4,1,0,5,0,2,0,0,2,0,6,1,0,7,0,0,0,7
12/20/2003,ALW,WA,ANM,WE,Federal Contract Tower,0,4,0,0,4,0,2,0,0,2,0,6,0,0,6,0,0,0,6
12/21/2003,ALW,WA,ANM,WE,Federal Contract Tower,0,4,2,0,6,0,1,0,0,1,0,5,2,0,7,0,0,0,7
12/22/2003,ALW,WA,ANM,WE,Federal Contract Tower,0,4,2,0,6,0,0,0,0,0,0,4,2,0,6,0,0,0,6
12/23/2003,ALW,WA,ANM,WE,Federal Contract Tower,0,2,1,0,3,0,0,1,0,1,0,2,2,0,4,0,0,0,4
12/24/2003,ALW,WA,ANM,WE,Federal Contract Tower,0,4,3,0,7,0,1,4,0,5,0,5,7,0,12,24,0,24,36
12/25/2003,ALW,WA,ANM,WE,Federal Contract Tower,0,3,0,0,3,0,2,0,0,2,0,5,0,0,5,0,0,0,5
12/26/2003,ALW,WA,ANM,WE,Federal Contract Tower,0,5,4,0,9,0,4,17,0,21,0,9,21,0,30,12,0,12,42
12/27/2003,ALW,WA,ANM,WE,Federal Contract Tower,0,4,3,0,7,0,3,4,0,7,0,7,7,0,14,4,0,4,18
12/28/2003,ALW,WA,ANM,WE,Federal Contract Tower,0,4,3,0,7,0,0,24,0,24,0,4,27,0,31,16,0,16,47
12/29/2003,ALW,WA,ANM,WE,Federal Contract Tower,0,3,1,0,4,0,0,0,0,0,0,3,1,0,4,0,0,0,4
12/30/2003,ALW,WA,ANM,WE,Federal Contract Tower,0,9,6,0,15,0,3,9,0,12,0,12,15,0,27,0,0,0,27
12/31/2003,ALW,WA,ANM,WE,Federal Contract Tower,0,5,1,0,6,0,2,0,0,2,0,7,1,0,8,0,0,0,8
01/01/2004,ALW,WA,ANM,WE,Federal Contract Tower,0,2,1,0,3,0,1,0,0,1,0,3,1,0,4,0,0,0,4
01/02/2004,ALW,WA,ANM,WE,Federal Contract Tower,0,4,1,0,5,0,5,0,0,5,0,9,1,0,10,0,0,0,10
01/03/2004,ALW,WA,ANM,WE,Federal Contract Tower,0,4,3,0,7,0,2,0,0,2,0,6,3,0,9,0,0,0,9
01/04/2004,ALW,WA,ANM,WE,Federal Contract Tower,0,2,2,0,4,0,6,0,0,6,0,8,2,0,10,0,0,0,10
01/05/2004,ALW,WA,ANM,WE,Federal Contract Tower,0,5,3,0,8,0,2,0,0,2,0,7,3,0,10,0,0,0,10
01/06/2004,ALW,WA,ANM,WE,Federal Contract Tower,0,5,2,0,7,0,3,0,0,3,0,8,2,0,10,0,0,0,10
01/07/2004,ALW,WA,ANM,WE,Federal Contract Tower,0,3,1,0,4,0,3,0,0,3,0,6,1,0,7,0,0,0,7
01/08/2004,ALW,WA,ANM,WE,Federal Contract Tower,0,4,0,0,4,0,3,0,0,3,0,7,0,0,7,0,0,0,7
01/09/2004,ALW,WA,ANM,WE,Federal Contract Tower,0,2,0,0,2,0,4,0,0,4,0,6,0,0,6,0,0,0,6
01/10/2004,ALW,WA,ANM,WE,Federal Contract Tower,0,2,4,0,6,0,0,6,0,6,0,2,10,0,12,0,0,0,12
01/11/2004,ALW,WA,ANM,WE,Federal Contract Tower,0,2,0,0,2,0,0,0,0,0,0,2,0,0,2,0,0,0,2
01/12/2004,ALW,WA,ANM,WE,Federal Contract Tower,0,5,4,0,9,0,0,0,0,0,0,5,4,0,9,0,0,0,9
01/13/2004,ALW,WA,ANM,WE,Federal Contract Tower,0,0,0,0,0,0,0,0,0,0,0,0,0,0,0,0,0,0,0
01/14/2004,ALW,WA,ANM,WE,Federal Contract Tower,0,0,0,0,0,0,0,0,0,0,0,0,0,0,0,0,0,0,0
01/15/2004,ALW,WA,ANM,WE,Federal Contract Tower,0,6,5,0,11,0,5,19,0,24,0,11,24,0,35,40,0,40,75
01/16/2004,ALW,WA,ANM,WE,Federal Contract Tower,0,0,0,0,0,0,0,1,0,1,0,0,1,0,1,0,0,0,1
01/17/2004,ALW,WA,ANM,WE,Federal Contract Tower,0,3,0,0,3,0,1,0,0,1,0,4,0,0,4,0,0,0,4
01/18/2004,ALW,WA,ANM,WE,Federal Contract Tower,0,4,2,0,6,0,0,8,0,8,0,4,10,0,14,18,0,18,32
01/19/2004,ALW,WA,ANM,WE,Federal Contract Tower,0,0,0,0,0,0,0,2,0,2,0,0,2,0,2,0,0,0,2
01/20/2004,ALW,WA,ANM,WE,Federal Contract Tower,0,7,4,0,11,0,1,3,0,4,0,8,7,0,15,12,0,12,27
01/21/2004,ALW,WA,ANM,WE,Federal Contract Tower,0,2,5,0,7,0,0,7,2,9,0,2,12,2,16,6,0,6,22
01/22/2004,ALW,WA,ANM,WE,Federal Contract Tower,0,4,2,0,6,0,0,0,0,0,0,4,2,0,6,0,0,0,6
01/23/2004,ALW,WA,ANM,WE,Federal Contract Tower,0,2,0,0,2,0,1,0,0,1,0,3,0,0,3,0,0,0,3
01/24/2004,ALW,WA,ANM,WE,Federal Contract Tower,0,6,6,0,12,0,0,7,0,7,0,6,13,0,19,2,0,2,21
01/25/2004,ALW,WA,ANM,WE,Federal Contract Tower,0,4,8,0,12,0,0,35,0,35,0,4,43,0,47,74,0,74,121
01/26/2004,ALW,WA,ANM,WE,Federal Contract Tower,0,5,2,0,7,0,1,11,0,12,0,6,13,0,19,52,0,52,71
01/27/2004,ALW,WA,ANM,WE,Federal Contract Tower,0,7,4,0,11,0,0,36,0,36,0,7,40,0,47,70,0,70,117
01/28/2004,ALW,WA,ANM,WE,Federal Contract Tower,0,6,3,0,9,0,0,35,0,35,0,6,38,0,44,114,0,114,158
01/29/2004,ALW,WA,ANM,WE,Federal Contract Tower,0,9,6,0,15,0,1,42,0,43,0,10,48,0,58,132,0,132,190
01/30/2004,ALW,WA,ANM,WE,Federal Contract Tower,0,6,0,0,6,0,6,0,0,6,0,12,0,0,12,0,0,0,12
01/31/2004,ALW,WA,ANM,WE,Federal Contract Tower,0,2,1,0,3,0,1,29,0,30,0,3,30,0,33,0,0,0,33
02/01/2004,ALW,WA,ANM,WE,Federal Contract Tower,0,4,7,0,11,0,0,58,0,58,0,4,65,0,69,80,0,80,149
02/02/2004,ALW,WA,ANM,WE,Federal Contract Tower,0,5,3,0,8,0,0,2,0,2,0,5,5,0,10,0,0,0,10
02/03/2004,ALW,WA,ANM,WE,Federal Contract Tower,0,8,5,0,13,0,0,3,0,3,0,8,8,0,16,10,0,10,26
02/04/2004,ALW,WA,ANM,WE,Federal Contract Tower,0,12,13,0,25,0,0,25,0,25,0,12,38,0,50,74,0,74,124
02/05/2004,ALW,WA,ANM,WE,Federal Contract Tower,0,12,11,0,23,0,0,69,0,69,0,12,80,0,92,88,0,88,180
02/06/2004,ALW,WA,ANM,WE,Federal Contract Tower,0,7,5,0,12,0,2,0,0,2,0,9,5,0,14,0,0,0,14
02/07/2004,ALW,WA,ANM,WE,Federal Contract Tower,0,4,7,0,11,0,0,19,0,19,0,4,26,0,30,22,0,22,52
02/08/2004,ALW,WA,ANM,WE,Federal Contract Tower,0,7,13,0,20,0,0,47,0,47,0,7,60,0,67,106,0,106,173
02/09/2004,ALW,WA,ANM,WE,Federal Contract Tower,0,7,7,0,14,0,3,30,0,33,0,10,37,0,47,40,0,40,87
02/10/2004,ALW,WA,ANM,WE,Federal Contract Tower,0,10,10,0,20,0,4,46,0,50,0,14,56,0,70,96,0,96,166
02/11/2004,ALW,WA,ANM,WE,Federal Contract Tower,0,9,12,0,21,0,0,4,0,4,0,9,16,0,25,0,0,0,25
02/12/2004,ALW,WA,ANM,WE,Federal Contract Tower,0,12,12,0,24,0,2,29,0,31,0,14,41,0,55,82,0,82,137
02/13/2004,ALW,WA,ANM,WE,Federal Contract Tower,0,9,12,0,21,0,0,2,0,2,0,9,14,0,23,0,0,0,23
02/14/2004,ALW,WA,ANM,WE,Federal Contract Tower,0,3,5,0,8,0,2,1,0,3,0,5,6,0,11,0,0,0,11
02/15/2004,ALW,WA,ANM,WE,Federal Contract Tower,0,5,8,0,13,0,0,46,0,46,0,5,54,0,59,50,0,50,109
02/16/2004,ALW,WA,ANM,WE,Federal Contract Tower,0,5,7,0,12,0,6,0,0,6,0,11,7,0,18,6,0,6,24
02/17/2004,ALW,WA,ANM,WE,Federal Contract Tower,0,5,0,0,5,0,6,0,0,6,0,11,0,0,11,0,0,0,11
02/18/2004,ALW,WA,ANM,WE,Federal Contract Tower,0,9,11,0,20,0,11,20,0,31,0,20,31,0,51,80,0,80,131
02/19/2004,ALW,WA,ANM,WE,Federal Contract Tower,0,8,11,0,19,0,0,41,0,41,0,8,52,0,60,168,0,168,228
02/20/2004,ALW,WA,ANM,WE,Federal Contract Tower,0,7,13,0,20,0,0,1,0,1,0,7,14,0,21,0,0,0,21
02/21/2004,ALW,WA,ANM,WE,Federal Contract Tower,0,5,6,0,11,0,3,5,0,8,0,8,11,0,19,0,0,0,19
02/22/2004,ALW,WA,ANM,WE,Federal Contract Tower,0,9,13,0,22,0,0,14,0,14,0,9,27,0,36,18,0,18,54
02/23/2004,ALW,WA,ANM,WE,Federal Contract Tower,0,8,10,0,18,0,2,45,0,47,0,10,55,0,65,94,0,94,159
02/24/2004,ALW,WA,ANM,WE,Federal Contract Tower,0,9,10,0,19,0,2,31,0,33,0,11,41,0,52,96,0,96,148
02/25/2004,ALW,WA,ANM,WE,Federal Contract Tower,0,6,7,0,13,0,7,16,0,23,0,13,23,0,36,18,0,18,54
02/26/2004,ALW,WA,ANM,WE,Federal Contract Tower,0,8,10,0,18,0,7,25,0,32,0,15,35,0,50,120,0,120,170
02/27/2004,ALW,WA,ANM,WE,Federal Contract Tower,0,9,11,0,20,0,2,125,0,127,0,11,136,0,147,180,0,180,327
02/28/2004,ALW,WA,ANM,WE,Federal Contract Tower,0,6,7,0,13,0,4,44,0,48,0,10,51,0,61,2,0,2,63
02/29/2004,ALW,WA,ANM,WE,Federal Contract Tower,0,5,6,0,11,0,4,40,0,44,0,9,46,0,55,58,0,58,113
03/01/2004,ALW,WA,ANM,WE,Federal Contract Tower,0,6,5,0,11,0,5,64,0,69,0,11,69,0,80,114,0,114,194
03/02/2004,ALW,WA,ANM,WE,Federal Contract Tower,0,11,8,0,19,0,2,82,0,84,0,13,90,0,103,70,0,70,173
03/03/2004,ALW,WA,ANM,WE,Federal Contract Tower,0,8,7,0,15,0,7,14,0,21,0,15,21,0,36,8,0,8,44
03/04/2004,ALW,WA,ANM,WE,Federal Contract Tower,0,11,10,0,21,0,0,40,4,44,0,11,50,4,65,144,0,144,209
03/05/2004,ALW,WA,ANM,WE,Federal Contract Tower,0,10,8,0,18,0,1,21,0,22,0,11,29,0,40,42,0,42,82
03/06/2004,ALW,WA,ANM,WE,Federal Contract Tower,0,9,7,0,16,0,0,7,0,7,0,9,14,0,23,0,0,0,23
03/07/2004,ALW,WA,ANM,WE,Federal Contract Tower,0,7,6,0,13,0,2,49,0,51,0,9,55,0,64,94,0,94,158
03/08/2004,ALW,WA,ANM,WE,Federal Contract Tower,0,10,7,0,17,0,0,90,0,90,0,10,97,0,107,120,0,120,227
03/09/2004,ALW,WA,ANM,WE,Federal Contract Tower,0,8,5,0,13,0,3,58,0,61,0,11,63,0,74,80,0,80,154
03/10/2004,ALW,WA,ANM,WE,Federal Contract Tower,0,9,7,0,16,0,0,99,2,101,0,9,106,2,117,66,0,66,183
03/11/2004,ALW,WA,ANM,WE,Federal Contract Tower,0,7,4,0,11,0,3,90,0,93,0,10,94,0,104,106,0,106,210
03/12/2004,ALW,WA,ANM,WE,Federal Contract Tower,0,9,5,0,14,0,5,37,0,42,0,14,42,0,56,106,0,106,162
03/13/2004,ALW,WA,ANM,WE,Federal Contract Tower,0,5,3,0,8,0,0,50,0,50,0,5,53,0,58,26,0,26,84
03/14/2004,ALW,WA,ANM,WE,Federal Contract Tower,0,9,6,0,15,0,0,55,0,55,0,9,61,0,70,116,0,116,186
03/15/2004,ALW,WA,ANM,WE,Federal Contract Tower,0,8,5,0,13,0,0,57,0,57,0,8,62,0,70,74,0,74,144
03/16/2004,ALW,WA,ANM,WE,Federal Contract Tower,0,9,4,0,13,0,0,49,0,49,0,9,53,0,62,56,0,56,118
03/17/2004,ALW,WA,ANM,WE,Federal Contract Tower,0,6,2,0,8,0,5,24,0,29,0,11,26,0,37,22,0,22,59
03/18/2004,ALW,WA,ANM,WE,Federal Contract Tower,0,9,4,0,13,0,5,11,0,16,0,14,15,0,29,0,0,0,29
03/19/2004,ALW,WA,ANM,WE,Federal Contract Tower,0,12,6,0,18,0,0,17,0,17,0,12,23,0,35,0,0,0,35
03/20/2004,ALW,WA,ANM,WE,Federal Contract Tower,0,5,2,0,7,0,0,64,0,64,0,5,66,0,71,42,0,42,113
03/21/2004,ALW,WA,ANM,WE,Federal Contract Tower,0,8,4,0,12,0,0,59,0,59,0,8,63,0,71,34,0,34,105
03/22/2004,ALW,WA,ANM,WE,Federal Contract Tower,0,7,4,0,11,0,5,25,0,30,0,12,29,0,41,78,0,78,119
03/23/2004,ALW,WA,ANM,WE,Federal Contract Tower,0,6,3,0,9,0,6,19,0,25,0,12,22,0,34,0,0,0,34
03/24/2004,ALW,WA,ANM,WE,Federal Contract Tower,0,13,7,0,20,0,0,29,0,29,0,13,36,0,49,8,0,8,57
03/25/2004,ALW,WA,ANM,WE,Federal Contract Tower,0,9,4,0,13,0,1,18,0,19,0,10,22,0,32,6,0,6,38
03/26/2004,ALW,WA,ANM,WE,Federal Contract Tower,0,7,4,0,11,0,6,16,0,22,0,13,20,0,33,0,0,0,33
03/27/2004,ALW,WA,ANM,WE,Federal Contract Tower,0,6,2,0,8,0,1,10,0,11,0,7,12,0,19,4,0,4,23
03/28/2004,ALW,WA,ANM,WE,Federal Contract Tower,0,7,4,0,11,0,3,56,0,59,0,10,60,0,70,28,0,28,98
03/29/2004,ALW,WA,ANM,WE,Federal Contract Tower,0,7,3,0,10,0,2,40,0,42,0,9,43,0,52,42,0,42,94
03/30/2004,ALW,WA,ANM,WE,Federal Contract Tower,0,9,4,0,13,0,5,37,0,42,0,14,41,0,55,104,0,104,159
03/31/2004,ALW,WA,ANM,WE,Federal Contract Tower,0,6,3,0,9,0,6,40,2,48,0,12,43,2,57,152,10,162,219
04/01/2004,ALW,WA,ANM,WE,Federal Contract Tower,0,10,11,0,21,0,1,65,0,66,0,11,76,0,87,172,0,172,259
04/02/2004,ALW,WA,ANM,WE,Federal Contract Tower,0,6,8,0,14,0,11,67,0,78,0,17,75,0,92,134,0,134,226
04/03/2004,ALW,WA,ANM,WE,Federal Contract Tower,0,3,6,0,9,0,10,33,6,49,0,13,39,6,58,10,0,10,68
04/04/2004,ALW,WA,ANM,WE,Federal Contract Tower,0,6,8,0,14,0,2,51,0,53,0,8,59,0,67,76,0,76,143
04/05/2004,ALW,WA,ANM,WE,Federal Contract Tower,0,3,5,0,8,0,4,61,0,65,0,7,66,0,73,52,0,52,125
04/06/2004,ALW,WA,ANM,WE,Federal Contract Tower,0,6,8,0,14,0,4,56,0,60,0,10,64,0,74,80,0,80,154
04/07/2004,ALW,WA,ANM,WE,Federal Contract Tower,0,9,12,0,21,0,6,66,0,72,0,15,78,0,93,124,0,124,217
04/08/2004,ALW,WA,ANM,WE,Federal Contract Tower,0,8,9,0,17,0,2,51,0,53,0,10,60,0,70,106,0,106,176
04/09/2004,ALW,WA,ANM,WE,Federal Contract Tower,0,9,8,0,17,0,5,78,0,83,0,14,86,0,100,78,0,78,178
04/10/2004,ALW,WA,ANM,WE,Federal Contract Tower,0,6,5,0,11,0,0,50,0,50,0,6,55,0,61,14,0,14,75
04/11/2004,ALW,WA,ANM,WE,Federal Contract Tower,0,4,4,0,8,0,6,46,0,52,0,10,50,0,60,46,0,46,106
04/12/2004,ALW,WA,ANM,WE,Federal Contract Tower,0,7,5,0,12,0,2,38,0,40,0,9,43,0,52,98,0,98,150
04/13/2004,ALW,WA,ANM,WE,Federal Contract Tower,0,9,8,0,17,0,3,42,0,45,0,12,50,0,62,208,0,208,270
04/14/2004,ALW,WA,ANM,WE,Federal Contract Tower,0,11,9,0,20,0,3,38,0,41,0,14,47,0,61,82,0,82,143
04/15/2004,ALW,WA,ANM,WE,Federal Contract Tower,0,6,4,0,10,0,4,13,0,17,0,10,17,0,27,52,0,52,79
04/16/2004,ALW,WA,ANM,WE,Federal Contract Tower,0,12,11,0,23,0,0,64,0,64,0,12,75,0,87,72,0,72,159
04/17/2004,ALW,WA,ANM,WE,Federal Contract Tower,0,5,3,0,8,0,3,19,0,22,0,8,22,0,30,6,0,6,36
04/18/2004,ALW,WA,ANM,WE,Federal Contract Tower,0,8,11,0,19,0,0,41,0,41,0,8,52,0,60,62,0,62,122
04/19/2004,ALW,WA,ANM,WE,Federal Contract Tower,0,13,12,0,25,0,0,67,0,67,0,13,79,0,92,140,0,140,232
04/20/2004,ALW,WA,ANM,WE,Federal Contract Tower,0,12,11,0,23,0,1,51,0,52,0,13,62,0,75,162,0,162,237
04/21/2004,ALW,WA,ANM,WE,Federal Contract Tower,0,15,17,0,32,0,0,32,4,36,0,15,49,4,68,62,4,66,134
04/22/2004,ALW,WA,ANM,WE,Federal Contract Tower,0,13,14,0,27,0,0,94,2,96,0,13,108,2,123,112,0,112,235
04/23/2004,ALW,WA,ANM,WE,Federal Contract Tower,0,11,9,0,20,0,3,50,0,53,0,14,59,0,73,34,0,34,107
04/24/2004,ALW,WA,ANM,WE,Federal Contract Tower,0,7,5,0,12,0,1,35,0,36,0,8,40,0,48,0,0,0,48
04/25/2004,ALW,WA,ANM,WE,Federal Contract Tower,0,7,5,0,12,0,1,64,2,67,0,8,69,2,79,108,0,108,187
04/26/2004,ALW,WA,ANM,WE,Federal Contract Tower,0,10,11,0,21,0,0,89,2,91,0,10,100,2,112,96,0,96,208
04/27/2004,ALW,WA,ANM,WE,Federal Contract Tower,0,11,12,0,23,0,0,24,0,24,0,11,36,0,47,22,0,22,69
04/28/2004,ALW,WA,ANM,WE,Federal Contract Tower,0,14,18,0,32,0,0,50,0,50,0,14,68,0,82,112,0,112,194
04/29/2004,ALW,WA,ANM,WE,Federal Contract Tower,0,9,7,0,16,0,3,76,0,79,0,12,83,0,95,144,0,144,239
04/30/2004,ALW,WA,ANM,WE,Federal Contract Tower,0,10,9,0,19,0,6,91,0,97,0,16,100,0,116,168,0,168,284
05/01/2004,ALW,WA,ANM,WE,Federal Contract Tower,0,6,6,0,12,0,1,52,0,53,0,7,58,0,65,14,0,14,79
05/02/2004,ALW,WA,ANM,WE,Federal Contract Tower,0,9,7,0,16,0,5,44,0,49,0,14,51,0,65,8,0,8,73
05/03/2004,ALW,WA,ANM,WE,Federal Contract Tower,0,8,8,0,16,0,0,55,0,55,0,8,63,0,71,60,0,60,131
05/04/2004,ALW,WA,ANM,WE,Federal Contract Tower,0,11,12,0,23,0,0,55,0,55,0,11,67,0,78,124,0,124,202
05/05/2004,ALW,WA,ANM,WE,Federal Contract Tower,0,15,18,0,33,0,0,45,0,45,0,15,63,0,78,44,0,44,122
05/06/2004,ALW,WA,ANM,WE,Federal Contract Tower,0,12,15,0,27,0,0,76,0,76,0,12,91,0,103,86,0,86,189
05/07/2004,ALW,WA,ANM,WE,Federal Contract Tower,0,10,9,0,19,0,6,71,0,77,0,16,80,0,96,168,0,168,264
05/08/2004,ALW,WA,ANM,WE,Federal Contract Tower,0,3,3,0,6,0,3,9,2,14,0,6,12,2,20,8,0,8,28
05/09/2004,ALW,WA,ANM,WE,Federal Contract Tower,0,9,8,0,17,0,1,34,0,35,0,10,42,0,52,4,0,4,56
05/10/2004,ALW,WA,ANM,WE,Federal Contract Tower,0,9,9,0,18,0,1,34,0,35,0,10,43,0,53,84,0,84,137
05/11/2004,ALW,WA,ANM,WE,Federal Contract Tower,0,8,13,0,21,0,0,28,0,28,0,8,41,0,49,122,0,122,171
05/12/2004,ALW,WA,ANM,WE,Federal Contract Tower,0,17,17,0,34,0,1,65,4,70,0,18,82,4,104,122,0,122,226
05/13/2004,ALW,WA,ANM,WE,Federal Contract Tower,0,11,13,0,24,0,0,107,2,109,0,11,120,2,133,194,0,194,327
05/14/2004,ALW,WA,ANM,WE,Federal Contract Tower,0,13,13,0,26,0,1,88,0,89,0,14,101,0,115,120,0,120,235
05/15/2004,ALW,WA,ANM,WE,Federal Contract Tower,0,3,4,0,7,0,3,27,0,30,0,6,31,0,37,10,0,10,47
05/16/2004,ALW,WA,ANM,WE,Federal Contract Tower,0,8,9,0,17,0,2,127,0,129,0,10,136,0,146,46,0,46,192
05/17/2004,ALW,WA,ANM,WE,Federal Contract Tower,0,9,11,0,20,0,4,56,0,60,0,13,67,0,80,158,0,158,238
05/18/2004,ALW,WA,ANM,WE,Federal Contract Tower,0,6,8,0,14,0,4,39,0,43,0,10,47,0,57,206,0,206,263
05/19/2004,ALW,WA,ANM,WE,Federal Contract Tower,0,11,12,0,23,0,6,62,0,68,0,17,74,0,91,100,0,100,191
05/20/2004,ALW,WA,ANM,WE,Federal Contract Tower,0,14,16,0,30,0,0,64,0,64,0,14,80,0,94,118,0,118,212
05/21/2004,ALW,WA,ANM,WE,Federal Contract Tower,0,11,12,0,23,0,7,30,0,37,0,18,42,0,60,52,0,52,112
05/22/2004,ALW,WA,ANM,WE,Federal Contract Tower,0,5,5,0,10,0,3,0,0,3,0,8,5,0,13,0,0,0,13
05/23/2004,ALW,WA,ANM,WE,Federal Contract Tower,0,3,4,0,7,0,5,0,0,5,0,8,4,0,12,6,0,6,18
05/24/2004,ALW,WA,ANM,WE,Federal Contract Tower,0,11,13,0,24,0,2,67,0,69,0,13,80,0,93,30,0,30,123
05/25/2004,ALW,WA,ANM,WE,Federal Contract Tower,0,10,11,0,21,0,2,66,0,68,0,12,77,0,89,78,0,78,167
05/26/2004,ALW,WA,ANM,WE,Federal Contract Tower,0,12,14,0,26,0,0,41,0,41,0,12,55,0,67,76,0,76,143
05/27/2004,ALW,WA,ANM,WE,Federal Contract Tower,0,10,12,0,22,0,5,55,0,60,0,15,67,0,82,130,0,130,212
05/28/2004,ALW,WA,ANM,WE,Federal Contract Tower,0,15,16,0,31,0,6,39,0,45,0,21,55,0,76,74,0,74,150
05/29/2004,ALW,WA,ANM,WE,Federal Contract Tower,0,4,5,0,9,0,2,9,0,11,0,6,14,0,20,0,0,0,20
05/30/2004,ALW,WA,ANM,WE,Federal Contract Tower,0,3,4,0,7,0,3,16,0,19,0,6,20,0,26,10,0,10,36
05/31/2004,ALW,WA,ANM,WE,Federal Contract Tower,0,4,5,0,9,0,8,27,0,35,0,12,32,0,44,14,0,14,58
06/01/2004,ALW,WA,ANM,WE,Federal Contract Tower,0,11,9,0,20,0,0,57,0,57,0,11,66,0,77,70,0,70,147
06/02/2004,ALW,WA,ANM,WE,Federal Contract Tower,0,11,11,0,22,0,0,62,0,62,0,11,73,0,84,50,0,50,134
06/03/2004,ALW,WA,ANM,WE,Federal Contract Tower,0,10,11,0,21,0,0,76,0,76,0,10,87,0,97,142,0,142,239
06/04/2004,ALW,WA,ANM,WE,Federal Contract Tower,0,12,13,0,25,0,3,59,0,62,0,15,72,0,87,36,0,36,123
06/05/2004,ALW,WA,ANM,WE,Federal Contract Tower,0,5,7,0,12,0,1,14,0,15,0,6,21,0,27,14,0,14,41
06/06/2004,ALW,WA,ANM,WE,Federal Contract Tower,0,5,6,0,11,0,3,10,0,13,0,8,16,0,24,12,0,12,36
06/07/2004,ALW,WA,ANM,WE,Federal Contract Tower,0,10,9,0,19,0,2,34,0,36,0,12,43,0,55,78,0,78,133
06/08/2004,ALW,WA,ANM,WE,Federal Contract Tower,0,10,12,0,22,0,0,38,0,38,0,10,50,0,60,66,0,66,126
06/09/2004,ALW,WA,ANM,WE,Federal Contract Tower,0,10,19,0,29,0,0,30,0,30,0,10,49,0,59,46,0,46,105
06/10/2004,ALW,WA,ANM,WE,Federal Contract Tower,0,12,11,0,23,0,0,29,0,29,0,12,40,0,52,26,0,26,78
06/11/2004,ALW,WA,ANM,WE,Federal Contract Tower,0,16,15,0,31,0,0,57,0,57,0,16,72,0,88,46,0,46,134
06/12/2004,ALW,WA,ANM,WE,Federal Contract Tower,0,8,11,0,19,0,0,52,0,52,0,8,63,0,71,8,2,10,81
06/13/2004,ALW,WA,ANM,WE,Federal Contract Tower,0,11,14,0,25,0,0,54,0,54,0,11,68,0,79,18,0,18,97
06/14/2004,ALW,WA,ANM,WE,Federal Contract Tower,0,7,4,0,11,0,2,30,0,32,0,9,34,0,43,68,0,68,111
06/15/2004,ALW,WA,ANM,WE,Federal Contract Tower,0,9,6,0,15,0,15,70,0,85,0,24,76,0,100,66,0,66,166
06/16/2004,ALW,WA,ANM,WE,Federal Contract Tower,0,14,11,0,25,0,0,60,0,60,0,14,71,0,85,54,0,54,139
06/17/2004,ALW,WA,ANM,WE,Federal Contract Tower,0,11,7,0,18,0,1,69,0,70,0,12,76,0,88,30,0,30,118
06/18/2004,ALW,WA,ANM,WE,Federal Contract Tower,0,12,8,0,20,0,1,85,0,86,0,13,93,0,106,62,0,62,168
06/19/2004,ALW,WA,ANM,WE,Federal Contract Tower,0,5,3,0,8,0,3,39,0,42,0,8,42,0,50,20,0,20,70
06/20/2004,ALW,WA,ANM,WE,Federal Contract Tower,0,4,2,0,6,0,4,52,0,56,0,8,54,0,62,18,0,18,80
06/21/2004,ALW,WA,ANM,WE,Federal Contract Tower,0,11,7,0,18,0,3,28,0,31,0,14,35,0,49,10,0,10,59
06/22/2004,ALW,WA,ANM,WE,Federal Contract Tower,0,8,7,0,15,0,0,54,0,54,0,8,61,0,69,14,0,14,83
06/23/2004,ALW,WA,ANM,WE,Federal Contract Tower,0,8,5,0,13,0,2,37,0,39,0,10,42,0,52,16,0,16,68
06/24/2004,ALW,WA,ANM,WE,Federal Contract Tower,0,12,9,0,21,0,2,73,0,75,0,14,82,0,96,58,0,58,154
06/25/2004,ALW,WA,ANM,WE,Federal Contract Tower,0,11,7,0,18,0,3,49,0,52,0,14,56,0,70,62,0,62,132
06/26/2004,ALW,WA,ANM,WE,Federal Contract Tower,0,15,24,0,39,0,0,0,0,0,0,15,24,0,39,2,0,2,41
06/27/2004,ALW,WA,ANM,WE,Federal Contract Tower,0,8,5,0,13,0,0,39,0,39,0,8,44,0,52,22,0,22,74
06/28/2004,ALW,WA,ANM,WE,Federal Contract Tower,0,9,8,0,17,0,0,38,0,38,0,9,46,0,55,14,0,14,69
06/29/2004,ALW,WA,ANM,WE,Federal Contract Tower,0,14,11,0,25,0,0,87,0,87,0,14,98,0,112,30,0,30,142
06/30/2004,ALW,WA,ANM,WE,Federal Contract Tower,0,14,11,0,25,0,2,60,2,64,0,16,71,2,89,32,0,32,121
07/01/2004,ALW,WA,ANM,WE,Federal Contract Tower,0,11,9,0,20,0,0,61,0,61,0,11,70,0,81,30,0,30,111
07/02/2004,ALW,WA,ANM,WE,Federal Contract Tower,0,7,6,0,13,0,5,31,0,36,0,12,37,0,49,2,0,2,51
07/03/2004,ALW,WA,ANM,WE,Federal Contract Tower,0,6,6,0,12,0,7,16,0,23,0,13,22,0,35,2,0,2,37
07/04/2004,ALW,WA,ANM,WE,Federal Contract Tower,0,4,4,0,8,0,4,17,0,21,0,8,21,0,29,10,0,10,39
07/05/2004,ALW,WA,ANM,WE,Federal Contract Tower,0,6,5,0,11,0,2,32,0,34,0,8,37,0,45,44,0,44,89
07/06/2004,ALW,WA,ANM,WE,Federal Contract Tower,0,9,7,0,16,0,0,39,4,43,0,9,46,4,59,50,6,56,115
07/07/2004,ALW,WA,ANM,WE,Federal Contract Tower,0,6,5,0,11,0,0,35,0,35,0,6,40,0,46,24,0,24,70
07/08/2004,ALW,WA,ANM,WE,Federal Contract Tower,0,12,11,0,23,0,0,65,0,65,0,12,76,0,88,54,0,54,142
07/09/2004,ALW,WA,ANM,WE,Federal Contract Tower,0,15,11,0,26,2,4,47,0,53,2,19,58,0,79,20,0,20,99
07/10/2004,ALW,WA,ANM,WE,Federal Contract Tower,0,8,7,0,15,0,2,19,0,21,0,10,26,0,36,4,0,4,40
07/11/2004,ALW,WA,ANM,WE,Federal Contract Tower,0,5,5,0,10,0,3,48,0,51,0,8,53,0,61,26,0,26,87
07/12/2004,ALW,WA,ANM,WE,Federal Contract Tower,0,9,6,0,15,0,0,54,0,54,0,9,60,0,69,54,0,54,123
07/13/2004,ALW,WA,ANM,WE,Federal Contract Tower,0,14,10,0,24,0,0,50,0,50,0,14,60,0,74,70,0,70,144
07/14/2004,ALW,WA,ANM,WE,Federal Contract Tower,0,13,8,0,21,0,2,47,0,49,0,15,55,0,70,38,0,38,108
07/15/2004,ALW,WA,ANM,WE,Federal Contract Tower,0,11,7,0,18,0,0,48,0,48,0,11,55,0,66,60,0,60,126
07/16/2004,ALW,WA,ANM,WE,Federal Contract Tower,0,10,7,0,17,0,0,38,0,38,0,10,45,0,55,54,0,54,109
07/17/2004,ALW,WA,ANM,WE,Federal Contract Tower,0,5,3,0,8,0,3,16,0,19,0,8,19,0,27,2,0,2,29
07/18/2004,ALW,WA,ANM,WE,Federal Contract Tower,0,5,3,0,8,0,5,22,0,27,0,10,25,0,35,24,0,24,59
07/19/2004,ALW,WA,ANM,WE,Federal Contract Tower,0,9,6,0,15,0,1,42,0,43,0,10,48,0,58,30,0,30,88
07/20/2004,ALW,WA,ANM,WE,Federal Contract Tower,0,13,8,0,21,0,0,46,0,46,0,13,54,0,67,54,0,54,121
07/21/2004,ALW,WA,ANM,WE,Federal Contract Tower,0,10,7,0,17,0,1,56,0,57,0,11,63,0,74,76,0,76,150
07/22/2004,ALW,WA,ANM,WE,Federal Contract Tower,0,12,8,0,20,0,0,48,0,48,0,12,56,0,68,32,0,32,100
07/23/2004,ALW,WA,ANM,WE,Federal Contract Tower,0,14,10,0,24,0,9,54,0,63,0,23,64,0,87,42,0,42,129
07/24/2004,ALW,WA,ANM,WE,Federal Contract Tower,0,7,4,0,11,0,7,23,0,30,0,14,27,0,41,0,0,0,41
07/25/2004,ALW,WA,ANM,WE,Federal Contract Tower,0,9,6,0,15,0,4,21,0,25,0,13,27,0,40,0,0,0,40
07/26/2004,ALW,WA,ANM,WE,Federal Contract Tower,0,8,5,0,13,0,0,39,0,39,0,8,44,0,52,30,0,30,82
07/27/2004,ALW,WA,ANM,WE,Federal Contract Tower,0,11,8,0,19,0,0,48,0,48,0,11,56,0,67,84,0,84,151
07/28/2004,ALW,WA,ANM,WE,Federal Contract Tower,0,10,7,0,17,0,0,35,0,35,0,10,42,0,52,4,0,4,56
07/29/2004,ALW,WA,ANM,WE,Federal Contract Tower,0,12,8,0,20,0,5,29,0,34,0,17,37,0,54,36,0,36,90
07/30/2004,ALW,WA,ANM,WE,Federal Contract Tower,0,13,8,0,21,0,9,16,4,29,0,22,24,4,50,24,0,24,74
07/31/2004,ALW,WA,ANM,WE,Federal Contract Tower,0,5,3,0,8,0,3,20,1,24,0,8,23,1,32,0,0,0,32
08/01/2004,ALW,WA,ANM,WE,Federal Contract Tower,0,5,4,0,9,0,3,24,0,27,0,8,28,0,36,10,0,10,46
08/02/2004,ALW,WA,ANM,WE,Federal Contract Tower,0,4,5,0,9,0,4,23,0,27,0,8,28,0,36,10,0,10,46
08/03/2004,ALW,WA,ANM,WE,Federal Contract Tower,0,8,9,0,17,0,3,34,4,41,0,11,43,4,58,86,0,86,144
08/04/2004,ALW,WA,ANM,WE,Federal Contract Tower,0,14,14,0,28,0,8,48,4,60,0,22,62,4,88,48,0,48,136
08/05/2004,ALW,WA,ANM,WE,Federal Contract Tower,0,9,9,0,18,0,2,44,3,49,0,11,53,3,67,102,0,102,169
08/06/2004,ALW,WA,ANM,WE,Federal Contract Tower,0,10,10,0,20,0,3,28,0,31,0,13,38,0,51,8,0,8,59
08/07/2004,ALW,WA,ANM,WE,Federal Contract Tower,0,10,8,0,18,0,0,28,0,28,0,10,36,0,46,4,0,4,50
08/08/2004,ALW,WA,ANM,WE,Federal Contract Tower,0,5,5,0,10,0,3,44,2,49,0,8,49,2,59,10,0,10,69
08/09/2004,ALW,WA,ANM,WE,Federal Contract Tower,0,12,10,0,22,0,0,40,0,40,0,12,50,0,62,22,0,22,84
08/10/2004,ALW,WA,ANM,WE,Federal Contract Tower,0,12,10,0,22,0,1,50,0,51,0,13,60,0,73,22,0,22,95
08/11/2004,ALW,WA,ANM,WE,Federal Contract Tower,0,12,10,0,22,0,0,45,0,45,0,12,55,0,67,100,0,100,167
08/12/2004,ALW,WA,ANM,WE,Federal Contract Tower,0,12,12,0,24,0,0,66,0,66,0,12,78,0,90,70,0,70,160
08/13/2004,ALW,WA,ANM,WE,Federal Contract Tower,0,11,8,0,19,0,13,36,0,49,0,24,44,0,68,32,0,32,100
08/14/2004,ALW,WA,ANM,WE,Federal Contract Tower,0,8,5,0,13,0,6,22,0,28,0,14,27,0,41,2,0,2,43
08/15/2004,ALW,WA,ANM,WE,Federal Contract Tower,0,7,5,0,12,0,1,36,0,37,0,8,41,0,49,2,0,2,51
08/16/2004,ALW,WA,ANM,WE,Federal Contract Tower,0,11,7,0,18,0,5,20,0,25,0,16,27,0,43,16,0,16,59
08/17/2004,ALW,WA,ANM,WE,Federal Contract Tower,0,8,6,0,14,0,2,19,0,21,0,10,25,0,35,32,0,32,67
08/18/2004,ALW,WA,ANM,WE,Federal Contract Tower,0,12,12,0,24,0,0,44,0,44,0,12,56,0,68,52,0,52,120
08/19/2004,ALW,WA,ANM,WE,Federal Contract Tower,0,15,10,0,25,0,3,47,0,50,0,18,57,0,75,28,0,28,103
08/20/2004,ALW,WA,ANM,WE,Federal Contract Tower,0,12,9,0,21,0,4,34,0,38,0,16,43,0,59,60,0,60,119
08/21/2004,ALW,WA,ANM,WE,Federal Contract Tower,0,10,6,0,16,0,3,28,0,31,0,13,34,0,47,0,0,0,47
08/22/2004,ALW,WA,ANM,WE,Federal Contract Tower,0,8,5,0,13,0,2,5,0,7,0,10,10,0,20,26,0,26,46
08/23/2004,ALW,WA,ANM,WE,Federal Contract Tower,0,13,9,0,22,0,1,31,0,32,0,14,40,0,54,10,0,10,64
08/24/2004,ALW,WA,ANM,WE,Federal Contract Tower,0,13,9,0,22,0,5,21,0,26,0,18,30,0,48,46,0,46,94
08/25/2004,ALW,WA,ANM,WE,Federal Contract Tower,0,13,9,0,22,0,1,26,0,27,0,14,35,0,49,82,0,82,131
08/26/2004,ALW,WA,ANM,WE,Federal Contract Tower,0,9,6,0,15,0,0,30,0,30,0,9,36,0,45,38,0,38,83
08/27/2004,ALW,WA,ANM,WE,Federal Contract Tower,0,8,5,0,13,0,5,32,0,37,0,13,37,0,50,54,0,54,104
08/28/2004,ALW,WA,ANM,WE,Federal Contract Tower,0,7,5,0,12,0,5,30,0,35,0,12,35,0,47,0,0,0,47
08/29/2004,ALW,WA,ANM,WE,Federal Contract Tower,0,11,7,0,18,0,1,49,2,52,0,12,56,2,70,0,0,0,70
08/30/2004,ALW,WA,ANM,WE,Federal Contract Tower,0,9,9,0,18,0,0,54,0,54,0,9,63,0,72,84,0,84,156
08/31/2004,ALW,WA,ANM,WE,Federal Contract Tower,0,12,11,0,23,0,0,49,0,49,0,12,60,0,72,62,0,62,134
09/01/2004,ALW,WA,ANM,WE,Federal Contract Tower,0,13,9,0,22,0,0,22,0,22,0,13,31,0,44,48,0,48,92
09/02/2004,ALW,WA,ANM,WE,Federal Contract Tower,0,13,10,0,23,0,6,40,0,46,0,19,50,0,69,96,0,96,165
09/03/2004,ALW,WA,ANM,WE,Federal Contract Tower,0,12,9,0,21,0,0,59,0,59,0,12,68,0,80,92,0,92,172
09/04/2004,ALW,WA,ANM,WE,Federal Contract Tower,0,7,5,0,12,0,3,41,0,44,0,10,46,0,56,16,0,16,72
09/05/2004,ALW,WA,ANM,WE,Federal Contract Tower,0,6,5,0,11,0,6,48,0,54,0,12,53,0,65,34,0,34,99
09/06/2004,ALW,WA,ANM,WE,Federal Contract Tower,1,10,9,0,20,9,0,53,0,62,10,10,62,0,82,8,0,8,90
09/07/2004,ALW,WA,ANM,WE,Federal Contract Tower,0,6,5,0,11,0,3,29,0,32,0,9,34,0,43,60,0,60,103
09/08/2004,ALW,WA,ANM,WE,Federal Contract Tower,0,7,5,0,12,0,6,27,0,33,0,13,32,0,45,92,0,92,137
09/09/2004,ALW,WA,ANM,WE,Federal Contract Tower,0,10,8,0,18,0,6,20,0,26,0,16,28,0,44,26,0,26,70
09/10/2004,ALW,WA,ANM,WE,Federal Contract Tower,0,8,6,0,14,0,7,44,0,51,0,15,50,0,65,16,0,16,81
09/11/2004,ALW,WA,ANM,WE,Federal Contract Tower,0,5,3,0,8,0,4,19,0,23,0,9,22,0,31,0,0,0,31
09/12/2004,ALW,WA,ANM,WE,Federal Contract Tower,0,4,8,0,12,0,0,42,0,42,0,4,50,0,54,30,0,30,84
09/13/2004,ALW,WA,ANM,WE,Federal Contract Tower,0,5,4,0,9,0,2,6,0,8,0,7,10,0,17,6,0,6,23
09/14/2004,ALW,WA,ANM,WE,Federal Contract Tower,0,10,7,0,17,2,12,16,0,30,2,22,23,0,47,54,0,54,101
09/15/2004,ALW,WA,ANM,WE,Federal Contract Tower,0,7,5,0,12,0,4,18,0,22,0,11,23,0,34,60,0,60,94
09/16/2004,ALW,WA,ANM,WE,Federal Contract Tower,0,8,5,0,13,0,8,13,0,21,0,16,18,0,34,52,0,52,86
09/17/2004,ALW,WA,ANM,WE,Federal Contract Tower,0,5,3,0,8,0,9,28,0,37,0,14,31,0,45,78,0,78,123
09/18/2004,ALW,WA,ANM,WE,Federal Contract Tower,0,4,2,0,6,0,1,39,0,40,0,5,41,0,46,18,0,18,64
09/19/2004,ALW,WA,ANM,WE,Federal Contract Tower,0,4,3,0,7,0,0,31,0,31,0,4,34,0,38,44,0,44,82
09/20/2004,ALW,WA,ANM,WE,Federal Contract Tower,0,9,6,0,15,0,1,18,0,19,0,10,24,0,34,26,0,26,60
09/21/2004,ALW,WA,ANM,WE,Federal Contract Tower,0,5,3,0,8,0,3,37,0,40,0,8,40,0,48,60,0,60,108
09/22/2004,ALW,WA,ANM,WE,Federal Contract Tower,0,6,4,0,10,0,0,36,4,40,0,6,40,4,50,58,14,72,122
09/23/2004,ALW,WA,ANM,WE,Federal Contract Tower,0,6,4,0,10,0,4,37,0,41,0,10,41,0,51,60,0,60,111
09/24/2004,ALW,WA,ANM,WE,Federal Contract Tower,0,8,5,0,13,0,3,35,0,38,0,11,40,0,51,38,0,38,89
09/25/2004,ALW,WA,ANM,WE,Federal Contract Tower,0,3,2,0,5,0,0,20,0,20,0,3,22,0,25,34,0,34,59
09/26/2004,ALW,WA,ANM,WE,Federal Contract Tower,0,5,3,0,8,0,3,73,0,76,0,8,76,0,84,28,0,28,112
09/27/2004,ALW,WA,ANM,WE,Federal Contract Tower,0,6,4,0,10,0,3,33,0,36,0,9,37,0,46,46,0,46,92
09/28/2004,ALW,WA,ANM,WE,Federal Contract Tower,0,7,4,0,11,0,0,60,0,60,0,7,64,0,71,60,0,60,131
09/29/2004,ALW,WA,ANM,WE,Federal Contract Tower,0,9,6,0,15,0,2,42,0,44,0,11,48,0,59,54,0,54,113
09/30/2004,ALW,WA,ANM,WE,Federal Contract Tower,0,8,11,0,19,0,0,67,0,67,0,8,78,0,86,10,0,10,96
10/01/2004,ALW,WA,ANM,WE,Federal Contract Tower,0,6,7,0,13,0,2,72,0,74,0,8,79,0,87,30,0,30,117
10/02/2004,ALW,WA,ANM,WE,Federal Contract Tower,0,4,3,0,7,0,4,39,0,43,0,8,42,0,50,4,0,4,54
10/03/2004,ALW,WA,ANM,WE,Federal Contract Tower,0,5,6,0,11,0,0,51,0,51,0,5,57,0,62,12,0,12,74
10/04/2004,ALW,WA,ANM,WE,Federal Contract Tower,0,6,5,0,11,0,2,47,0,49,0,8,52,0,60,26,0,26,86
10/05/2004,ALW,WA,ANM,WE,Federal Contract Tower,0,6,9,0,15,0,7,58,0,65,0,13,67,0,80,54,0,54,134
10/06/2004,ALW,WA,ANM,WE,Federal Contract Tower,0,6,12,0,18,0,5,45,0,50,0,11,57,0,68,64,0,64,132
10/07/2004,ALW,WA,ANM,WE,Federal Contract Tower,0,6,6,0,12,0,2,56,0,58,0,8,62,0,70,112,0,112,182
10/08/2004,ALW,WA,ANM,WE,Federal Contract Tower,0,5,5,0,10,0,4,46,0,50,0,9,51,0,60,82,0,82,142
10/09/2004,ALW,WA,ANM,WE,Federal Contract Tower,0,3,0,0,3,0,0,12,0,12,0,3,12,0,15,2,0,2,17
10/10/2004,ALW,WA,ANM,WE,Federal Contract Tower,0,4,7,0,11,0,0,60,0,60,0,4,67,0,71,106,0,106,177
10/11/2004,ALW,WA,ANM,WE,Federal Contract Tower,0,9,2,0,11,0,1,47,0,48,0,10,49,0,59,100,0,100,159
10/12/2004,ALW,WA,ANM,WE,Federal Contract Tower,0,7,2,0,9,0,5,71,0,76,0,12,73,0,85,146,0,146,231
10/13/2004,ALW,WA,ANM,WE,Federal Contract Tower,0,13,3,0,16,0,10,25,1,36,0,23,28,1,52,52,0,52,104
10/14/2004,ALW,WA,ANM,WE,Federal Contract Tower,0,21,2,0,23,0,20,59,0,79,0,41,61,0,102,88,0,88,190
10/15/2004,ALW,WA,ANM,WE,Federal Contract Tower,0,9,5,0,14,0,10,49,0,59,0,19,54,0,73,86,0,86,159
10/16/2004,ALW,WA,ANM,WE,Federal Contract Tower,0,4,0,0,4,0,0,4,0,4,0,4,4,0,8,0,0,0,8
10/17/2004,ALW,WA,ANM,WE,Federal Contract Tower,0,7,3,0,10,0,0,13,0,13,0,7,16,0,23,14,0,14,37
10/18/2004,ALW,WA,ANM,WE,Federal Contract Tower,0,4,7,0,11,0,2,39,0,41,0,6,46,0,52,160,0,160,212
10/19/2004,ALW,WA,ANM,WE,Federal Contract Tower,0,7,10,0,17,0,3,30,0,33,0,10,40,0,50,36,0,36,86
10/20/2004,ALW,WA,ANM,WE,Federal Contract Tower,0,11,28,0,39,0,1,42,0,43,0,12,70,0,82,56,0,56,138
10/21/2004,ALW,WA,ANM,WE,Federal Contract Tower,0,9,7,0,16,0,3,49,0,52,0,12,56,0,68,132,0,132,200
10/22/2004,ALW,WA,ANM,WE,Federal Contract Tower,0,7,7,0,14,0,5,28,0,33,0,12,35,0,47,82,0,82,129
10/23/2004,ALW,WA,ANM,WE,Federal Contract Tower,0,3,2,0,5,0,1,16,0,17,0,4,18,0,22,30,0,30,52
10/24/2004,ALW,WA,ANM,WE,Federal Contract Tower,0,7,2,0,9,0,0,62,0,62,0,7,64,0,71,74,0,74,145
10/25/2004,ALW,WA,ANM,WE,Federal Contract Tower,0,6,8,0,14,0,2,46,0,48,0,8,54,0,62,90,0,90,152
10/26/2004,ALW,WA,ANM,WE,Federal Contract Tower,0,8,10,0,18,0,3,51,0,54,0,11,61,0,72,136,0,136,208
10/27/2004,ALW,WA,ANM,WE,Federal Contract Tower,0,7,9,0,16,0,1,71,1,73,0,8,80,1,89,112,0,112,201
10/28/2004,ALW,WA,ANM,WE,Federal Contract Tower,0,6,10,0,16,0,1,66,4,71,0,7,76,4,87,142,0,142,229
10/29/2004,ALW,WA,ANM,WE,Federal Contract Tower,0,7,9,0,16,0,2,51,3,56,0,9,60,3,72,132,0,132,204
10/30/2004,ALW,WA,ANM,WE,Federal Contract Tower,0,4,4,0,8,0,2,7,0,9,0,6,11,0,17,0,0,0,17
10/31/2004,ALW,WA,ANM,WE,Federal Contract Tower,0,8,8,0,16,0,2,28,0,30,0,10,36,0,46,56,0,56,102
11/01/2004,ALW,WA,ANM,WE,Federal Contract Tower,0,8,4,0,12,0,0,33,0,33,0,8,37,0,45,50,0,50,95
11/02/2004,ALW,WA,ANM,WE,Federal Contract Tower,0,10,1,0,11,0,0,26,0,26,0,10,27,0,37,58,0,58,95
11/03/2004,ALW,WA,ANM,WE,Federal Contract Tower,0,7,8,0,15,0,1,52,0,53,0,8,60,0,68,72,0,72,140
11/04/2004,ALW,WA,ANM,WE,Federal Contract Tower,0,6,15,0,21,0,1,72,0,73,0,7,87,0,94,160,0,160,254
11/05/2004,ALW,WA,ANM,WE,Federal Contract Tower,0,8,11,0,19,0,11,56,0,67,0,19,67,0,86,64,0,64,150
11/06/2004,ALW,WA,ANM,WE,Federal Contract Tower,0,4,5,0,9,0,0,34,0,34,0,4,39,0,43,18,0,18,61
11/07/2004,ALW,WA,ANM,WE,Federal Contract Tower,0,4,2,0,6,0,0,34,0,34,0,4,36,0,40,86,0,86,126
11/08/2004,ALW,WA,ANM,WE,Federal Contract Tower,0,7,8,0,15,0,3,38,0,41,0,10,46,0,56,122,0,122,178
11/09/2004,ALW,WA,ANM,WE,Federal Contract Tower,0,12,9,0,21,0,0,17,0,17,0,12,26,0,38,110,0,110,148
11/10/2004,ALW,WA,ANM,WE,Federal Contract Tower,0,6,38,0,44,0,0,18,0,18,0,6,56,0,62,0,0,0,62
11/11/2004,ALW,WA,ANM,WE,Federal Contract Tower,0,4,4,0,8,0,0,2,0,2,0,4,6,0,10,0,0,0,10
11/12/2004,ALW,WA,ANM,WE,Federal Contract Tower,0,0,3,0,3,0,0,4,0,4,0,0,7,0,7,0,0,0,7
11/13/2004,ALW,WA,ANM,WE,Federal Contract Tower,0,3,2,0,5,0,0,0,0,0,0,3,2,0,5,6,0,6,11
11/14/2004,ALW,WA,ANM,WE,Federal Contract Tower,0,4,4,0,8,0,0,34,0,34,0,4,38,0,42,78,0,78,120
11/15/2004,ALW,WA,ANM,WE,Federal Contract Tower,0,5,7,0,12,0,0,47,0,47,0,5,54,0,59,98,0,98,157
11/16/2004,ALW,WA,ANM,WE,Federal Contract Tower,0,6,3,0,9,0,0,38,0,38,0,6,41,0,47,58,0,58,105
11/17/2004,ALW,WA,ANM,WE,Federal Contract Tower,0,7,1,0,8,0,2,66,0,68,0,9,67,0,76,106,0,106,182
11/18/2004,ALW,WA,ANM,WE,Federal Contract Tower,0,7,2,0,9,0,3,24,0,27,0,10,26,0,36,108,0,108,144
11/19/2004,ALW,WA,ANM,WE,Federal Contract Tower,0,5,9,0,14,0,5,30,0,35,0,10,39,0,49,74,0,74,123
11/20/2004,ALW,WA,ANM,WE,Federal Contract Tower,0,2,10,0,12,0,1,59,0,60,0,3,69,0,72,18,0,18,90
11/21/2004,ALW,WA,ANM,WE,Federal Contract Tower,0,5,2,0,7,0,1,34,0,35,0,6,36,0,42,20,0,20,62
11/22/2004,ALW,WA,ANM,WE,Federal Contract Tower,0,5,6,0,11,0,0,13,0,13,0,5,19,0,24,26,0,26,50
11/23/2004,ALW,WA,ANM,WE,Federal Contract Tower,0,7,9,0,16,0,1,22,0,23,0,8,31,0,39,50,0,50,89
11/24/2004,ALW,WA,ANM,WE,Federal Contract Tower,0,11,5,0,16,0,1,2,0,3,0,12,7,0,19,0,0,0,19
11/25/2004,ALW,WA,ANM,WE,Federal Contract Tower,0,3,0,0,3,0,0,9,0,9,0,3,9,0,12,26,0,26,38
11/26/2004,ALW,WA,ANM,WE,Federal Contract Tower,0,7,3,0,10,0,0,33,0,33,0,7,36,0,43,48,0,48,91
11/27/2004,ALW,WA,ANM,WE,Federal Contract Tower,0,4,3,0,7,0,0,2,0,2,0,4,5,0,9,0,0,0,9
11/28/2004,ALW,WA,ANM,WE,Federal Contract Tower,0,4,11,0,15,0,2,36,0,38,0,6,47,0,53,0,0,0,53
11/29/2004,ALW,WA,ANM,WE,Federal Contract Tower,0,6,5,0,11,0,2,35,0,37,0,8,40,0,48,92,0,92,140
11/30/2004,ALW,WA,ANM,WE,Federal Contract Tower,0,9,2,0,11,0,1,20,0,21,0,10,22,0,32,30,0,30,62
12/01/2004,ALW,WA,ANM,WE,Federal Contract Tower,0,9,10,0,19,0,0,3,0,3,0,9,13,0,22,0,0,0,22
12/02/2004,ALW,WA,ANM,WE,Federal Contract Tower,0,10,9,0,19,0,9,59,0,68,0,19,68,0,87,130,0,130,217
12/03/2004,ALW,WA,ANM,WE,Federal Contract Tower,0,13,6,0,19,0,8,13,0,21,0,21,19,0,40,30,0,30,70
12/04/2004,ALW,WA,ANM,WE,Federal Contract Tower,0,3,3,0,6,0,0,14,0,14,0,3,17,0,20,32,0,32,52
12/05/2004,ALW,WA,ANM,WE,Federal Contract Tower,0,8,1,0,9,0,0,26,0,26,0,8,27,0,35,38,0,38,73
12/06/2004,ALW,WA,ANM,WE,Federal Contract Tower,0,6,6,0,12,0,0,37,0,37,0,6,43,0,49,58,0,58,107
12/07/2004,ALW,WA,ANM,WE,Federal Contract Tower,0,10,4,0,14,0,0,47,0,47,0,10,51,0,61,46,0,46,107
12/08/2004,ALW,WA,ANM,WE,Federal Contract Tower,0,11,6,0,17,0,1,20,0,21,0,12,26,0,38,80,0,80,118
12/09/2004,ALW,WA,ANM,WE,Federal Contract Tower,0,9,11,0,20,0,2,46,0,48,0,11,57,0,68,72,0,72,140
12/10/2004,ALW,WA,ANM,WE,Federal Contract Tower,0,8,6,0,14,0,0,35,0,35,0,8,41,0,49,82,0,82,131
12/11/2004,ALW,WA,ANM,WE,Federal Contract Tower,0,2,1,0,3,0,0,8,0,8,0,2,9,0,11,22,0,22,33
12/12/2004,ALW,WA,ANM,WE,Federal Contract Tower,0,4,5,0,9,0,0,27,0,27,0,4,32,0,36,28,0,28,64
12/13/2004,ALW,WA,ANM,WE,Federal Contract Tower,0,7,7,0,14,0,1,17,0,18,0,8,24,0,32,24,0,24,56
12/14/2004,ALW,WA,ANM,WE,Federal Contract Tower,0,8,13,0,21,0,0,19,0,19,0,8,32,0,40,16,0,16,56
12/15/2004,ALW,WA,ANM,WE,Federal Contract Tower,0,8,10,0,18,0,2,62,4,68,0,10,72,4,86,30,0,30,116
12/16/2004,ALW,WA,ANM,WE,Federal Contract Tower,0,2,0,0,2,0,0,0,0,0,0,2,0,0,2,0,0,0,2
12/17/2004,ALW,WA,ANM,WE,Federal Contract Tower,0,10,7,0,17,0,0,1,0,1,0,10,8,0,18,0,0,0,18
12/18/2004,ALW,WA,ANM,WE,Federal Contract Tower,0,0,0,0,0,12,45,33,10,100,12,45,33,10,100,92,0,92,192
12/19/2004,ALW,WA,ANM,WE,Federal Contract Tower,0,5,5,0,10,0,0,19,0,19,0,5,24,0,29,20,0,20,49
12/20/2004,ALW,WA,ANM,WE,Federal Contract Tower,0,8,4,0,12,0,1,12,0,13,0,9,16,0,25,18,0,18,43
12/21/2004,ALW,WA,ANM,WE,Federal Contract Tower,0,8,4,0,12,0,4,8,0,12,0,12,12,0,24,16,0,16,40
12/22/2004,ALW,WA,ANM,WE,Federal Contract Tower,0,6,6,0,12,0,1,7,0,8,0,7,13,0,20,34,0,34,54
12/23/2004,ALW,WA,ANM,WE,Federal Contract Tower,0,12,6,0,18,0,3,18,0,21,0,15,24,0,39,20,0,20,59
12/24/2004,ALW,WA,ANM,WE,Federal Contract Tower,0,9,6,0,15,0,3,25,0,28,0,12,31,0,43,22,0,22,65
12/25/2004,ALW,WA,ANM,WE,Federal Contract Tower,0,3,0,0,3,0,0,2,0,2,0,3,2,0,5,0,0,0,5
12/26/2004,ALW,WA,ANM,WE,Federal Contract Tower,0,4,2,0,6,0,0,6,0,6,0,4,8,0,12,18,0,18,30
12/27/2004,ALW,WA,ANM,WE,Federal Contract Tower,0,7,3,0,10,0,1,1,0,2,0,8,4,0,12,0,0,0,12
12/28/2004,ALW,WA,ANM,WE,Federal Contract Tower,0,6,4,0,10,0,2,1,0,3,0,8,5,0,13,0,0,0,13
12/29/2004,ALW,WA,ANM,WE,Federal Contract Tower,0,6,2,0,8,0,0,1,0,1,0,6,3,0,9,0,0,0,9
12/30/2004,ALW,WA,ANM,WE,Federal Contract Tower,0,2,1,0,3,0,0,0,0,0,0,2,1,0,3,0,4,4,7
12/31/2004,ALW,WA,ANM,WE,Federal Contract Tower,0,2,2,0,4,0,0,0,0,0,0,2,2,0,4,0,0,0,4
01/01/2005,ALW,WA,ANM,WE,Federal Contract Tower,0,3,2,0,5,0,0,0,0,0,0,3,2,0,5,0,0,0,5
01/02/2005,ALW,WA,ANM,WE,Federal Contract Tower,0,4,4,0,8,0,0,0,0,0,0,4,4,0,8,0,0,0,8
01/03/2005,ALW,WA,ANM,WE,Federal Contract Tower,0,6,1,0,7,0,0,0,0,0,0,6,1,0,7,0,0,0,7
01/04/2005,ALW,WA,ANM,WE,Federal Contract Tower,0,11,8,0,19,0,0,0,0,0,0,11,8,0,19,0,0,0,19
01/05/2005,ALW,WA,ANM,WE,Federal Contract Tower,0,8,7,0,15,0,4,33,0,37,0,12,40,0,52,66,0,66,118
01/06/2005,ALW,WA,ANM,WE,Federal Contract Tower,0,8,10,0,18,0,2,23,0,25,0,10,33,0,43,42,0,42,85
01/07/2005,ALW,WA,ANM,WE,Federal Contract Tower,0,8,5,0,13,0,0,29,0,29,0,8,34,0,42,14,0,14,56
01/08/2005,ALW,WA,ANM,WE,Federal Contract Tower,0,2,1,0,3,0,0,9,0,9,0,2,10,0,12,8,0,8,20
01/09/2005,ALW,WA,ANM,WE,Federal Contract Tower,0,8,0,0,8,0,0,17,0,17,0,8,17,0,25,82,0,82,107
01/10/2005,ALW,WA,ANM,WE,Federal Contract Tower,0,6,3,0,9,0,0,0,0,0,0,6,3,0,9,0,0,0,9
01/11/2005,ALW,WA,ANM,WE,Federal Contract Tower,0,6,6,0,12,0,0,18,0,18,0,6,24,0,30,62,0,62,92
01/12/2005,ALW,WA,ANM,WE,Federal Contract Tower,0,8,1,0,9,0,0,17,0,17,0,8,18,0,26,26,0,26,52
01/13/2005,ALW,WA,ANM,WE,Federal Contract Tower,0,6,8,0,14,0,2,34,0,36,0,8,42,0,50,56,0,56,106
01/14/2005,ALW,WA,ANM,WE,Federal Contract Tower,0,6,10,0,16,0,3,29,0,32,0,9,39,0,48,68,0,68,116
01/15/2005,ALW,WA,ANM,WE,Federal Contract Tower,0,3,2,0,5,0,0,26,0,26,0,3,28,0,31,26,0,26,57
01/16/2005,ALW,WA,ANM,WE,Federal Contract Tower,0,3,4,0,7,0,0,8,0,8,0,3,12,0,15,28,0,28,43
01/17/2005,ALW,WA,ANM,WE,Federal Contract Tower,0,5,7,0,12,0,1,0,0,1,0,6,7,0,13,0,0,0,13
01/18/2005,ALW,WA,ANM,WE,Federal Contract Tower,0,6,4,0,10,0,0,26,0,26,0,6,30,0,36,74,0,74,110
01/19/2005,ALW,WA,ANM,WE,Federal Contract Tower,0,6,11,0,17,0,0,60,0,60,0,6,71,0,77,80,0,80,157
01/20/2005,ALW,WA,ANM,WE,Federal Contract Tower,0,6,9,0,15,0,2,40,0,42,0,8,49,0,57,62,0,62,119
01/21/2005,ALW,WA,ANM,WE,Federal Contract Tower,0,7,5,0,12,0,3,62,0,65,0,10,67,0,77,104,0,104,181
01/22/2005,ALW,WA,ANM,WE,Federal Contract Tower,0,5,2,0,7,0,0,5,0,5,0,5,7,0,12,0,0,0,12
01/23/2005,ALW,WA,ANM,WE,Federal Contract Tower,0,0,1,0,1,0,0,0,0,0,0,0,1,0,1,0,0,0,1
01/24/2005,ALW,WA,ANM,WE,Federal Contract Tower,0,1,1,0,2,0,1,1,0,2,0,2,2,0,4,0,0,0,4
01/25/2005,ALW,WA,ANM,WE,Federal Contract Tower,0,3,1,0,4,0,0,0,0,0,0,3,1,0,4,0,0,0,4
01/26/2005,ALW,WA,ANM,WE,Federal Contract Tower,0,4,10,0,14,0,0,1,0,1,0,4,11,0,15,0,0,0,15
01/27/2005,ALW,WA,ANM,WE,Federal Contract Tower,0,8,7,1,16,0,2,60,1,63,0,10,67,2,79,78,0,78,157
01/28/2005,ALW,WA,ANM,WE,Federal Contract Tower,0,3,10,0,13,0,3,3,0,6,0,6,13,0,19,0,0,0,19
01/29/2005,ALW,WA,ANM,WE,Federal Contract Tower,0,3,4,0,7,0,0,29,0,29,0,3,33,0,36,52,0,52,88
01/30/2005,ALW,WA,ANM,WE,Federal Contract Tower,0,4,1,0,5,0,0,45,0,45,0,4,46,0,50,48,0,48,98
01/31/2005,ALW,WA,ANM,WE,Federal Contract Tower,0,7,3,0,10,0,3,19,0,22,0,10,22,0,32,104,0,104,136
02/01/2005,ALW,WA,ANM,WE,Federal Contract Tower,0,10,9,0,19,0,0,51,0,51,0,10,60,0,70,102,0,102,172
02/02/2005,ALW,WA,ANM,WE,Federal Contract Tower,0,5,3,0,8,0,6,61,0,67,0,11,64,0,75,164,0,164,239
02/03/2005,ALW,WA,ANM,WE,Federal Contract Tower,0,6,18,0,24,0,0,50,0,50,0,6,68,0,74,48,0,48,122
02/04/2005,ALW,WA,ANM,WE,Federal Contract Tower,0,8,4,0,12,0,11,33,0,44,0,19,37,0,56,60,0,60,116
02/05/2005,ALW,WA,ANM,WE,Federal Contract Tower,0,3,1,0,4,0,0,29,0,29,0,3,30,0,33,10,0,10,43
02/06/2005,ALW,WA,ANM,WE,Federal Contract Tower,0,4,1,0,5,0,0,20,0,20,0,4,21,0,25,38,0,38,63
02/07/2005,ALW,WA,ANM,WE,Federal Contract Tower,0,5,5,0,10,0,0,35,0,35,0,5,40,0,45,110,0,110,155
02/08/2005,ALW,WA,ANM,WE,Federal Contract Tower,0,6,3,0,9,0,0,25,0,25,0,6,28,0,34,68,0,68,102
02/09/2005,ALW,WA,ANM,WE,Federal Contract Tower,0,10,10,0,20,0,0,53,0,53,0,10,63,0,73,88,0,88,161
02/10/2005,ALW,WA,ANM,WE,Federal Contract Tower,0,7,14,0,21,0,0,54,0,54,0,7,68,0,75,78,0,78,153
02/11/2005,ALW,WA,ANM,WE,Federal Contract Tower,0,5,7,0,12,0,7,36,0,43,0,12,43,0,55,52,0,52,107
02/12/2005,ALW,WA,ANM,WE,Federal Contract Tower,0,3,5,0,8,0,1,36,3,40,0,4,41,3,48,24,2,26,74
02/13/2005,ALW,WA,ANM,WE,Federal Contract Tower,0,4,3,0,7,0,0,19,0,19,0,4,22,0,26,34,0,34,60
02/14/2005,ALW,WA,ANM,WE,Federal Contract Tower,0,6,4,0,10,0,0,47,0,47,0,6,51,0,57,72,0,72,129
02/15/2005,ALW,WA,ANM,WE,Federal Contract Tower,0,6,6,0,12,0,4,42,0,46,0,10,48,0,58,50,0,50,108
02/16/2005,ALW,WA,ANM,WE,Federal Contract Tower,0,8,14,0,22,0,2,56,0,58,0,10,70,0,80,86,0,86,166
02/17/2005,ALW,WA,ANM,WE,Federal Contract Tower,0,6,13,0,19,0,2,51,0,53,0,8,64,0,72,96,0,96,168
02/18/2005,ALW,WA,ANM,WE,Federal Contract Tower,0,8,7,0,15,0,4,37,0,41,0,12,44,0,56,42,0,42,98
02/19/2005,ALW,WA,ANM,WE,Federal Contract Tower,0,3,1,0,4,0,1,27,0,28,0,4,28,0,32,30,6,36,68
02/20/2005,ALW,WA,ANM,WE,Federal Contract Tower,0,4,5,0,9,0,0,4,0,4,0,4,9,0,13,0,0,0,13
02/21/2005,ALW,WA,ANM,WE,Federal Contract Tower,0,6,3,0,9,0,0,38,0,38,0,6,41,0,47,38,0,38,85
02/22/2005,ALW,WA,ANM,WE,Federal Contract Tower,0,6,2,0,8,0,0,38,0,38,0,6,40,0,46,106,0,106,152
02/23/2005,ALW,WA,ANM,WE,Federal Contract Tower,0,4,14,0,18,0,2,70,0,72,0,6,84,0,90,118,0,118,208
02/24/2005,ALW,WA,ANM,WE,Federal Contract Tower,0,7,17,0,24,0,2,77,0,79,0,9,94,0,103,106,0,106,209
02/25/2005,ALW,WA,ANM,WE,Federal Contract Tower,0,6,18,0,24,0,4,52,0,56,0,10,70,0,80,86,0,86,166
02/26/2005,ALW,WA,ANM,WE,Federal Contract Tower,0,3,6,0,9,0,14,31,0,45,0,17,37,0,54,4,0,4,58
02/27/2005,ALW,WA,ANM,WE,Federal Contract Tower,0,4,5,0,9,0,0,43,0,43,0,4,48,0,52,60,0,60,112
03/01/2005,ALW,WA,ANM,WE,Federal Contract Tower,0,8,12,0,20,0,0,58,0,58,0,8,70,0,78,112,0,112,190
03/02/2005,ALW,WA,ANM,WE,Federal Contract Tower,0,8,7,0,15,0,14,39,0,53,0,22,46,0,68,160,0,160,228
03/03/2005,ALW,WA,ANM,WE,Federal Contract Tower,0,6,11,0,17,0,0,46,0,46,0,6,57,0,63,110,0,110,173
03/04/2005,ALW,WA,ANM,WE,Federal Contract Tower,0,7,12,0,19,0,3,49,0,52,0,10,61,0,71,136,0,136,207
03/05/2005,ALW,WA,ANM,WE,Federal Contract Tower,0,3,3,0,6,0,0,45,0,45,0,3,48,0,51,34,0,34,85
03/06/2005,ALW,WA,ANM,WE,Federal Contract Tower,0,4,5,0,9,0,0,47,0,47,0,4,52,0,56,94,0,94,150
03/07/2005,ALW,WA,ANM,WE,Federal Contract Tower,0,5,6,0,11,0,4,32,0,36,0,9,38,0,47,184,0,184,231
03/08/2005,ALW,WA,ANM,WE,Federal Contract Tower,0,6,2,0,8,0,0,43,0,43,0,6,45,0,51,110,0,110,161
03/09/2005,ALW,WA,ANM,WE,Federal Contract Tower,0,6,8,0,14,0,1,39,0,40,0,7,47,0,54,140,0,140,194
03/10/2005,ALW,WA,ANM,WE,Federal Contract Tower,0,7,13,0,20,0,2,63,0,65,0,9,76,0,85,44,0,44,129
03/11/2005,ALW,WA,ANM,WE,Federal Contract Tower,0,8,4,0,12,0,8,62,0,70,0,16,66,0,82,116,0,116,198
03/12/2005,ALW,WA,ANM,WE,Federal Contract Tower,0,3,3,0,6,0,3,32,0,35,0,6,35,0,41,0,0,0,41
03/13/2005,ALW,WA,ANM,WE,Federal Contract Tower,0,4,1,0,5,0,0,57,0,57,0,4,58,0,62,96,0,96,158
03/14/2005,ALW,WA,ANM,WE,Federal Contract Tower,0,6,4,0,10,0,4,31,0,35,0,10,35,0,45,66,0,66,111
03/15/2005,ALW,WA,ANM,WE,Federal Contract Tower,0,6,1,0,7,0,3,8,0,11,0,9,9,0,18,12,0,12,30
03/16/2005,ALW,WA,ANM,WE,Federal Contract Tower,0,10,3,0,13,0,0,7,0,7,0,10,10,0,20,6,0,6,26
03/17/2005,ALW,WA,ANM,WE,Federal Contract Tower,0,6,2,0,8,0,2,16,0,18,0,8,18,0,26,44,0,44,70
03/18/2005,ALW,WA,ANM,WE,Federal Contract Tower,0,6,10,0,16,0,0,24,0,24,0,6,34,0,40,0,0,0,40
03/19/2005,ALW,WA,ANM,WE,Federal Contract Tower,0,4,2,5,11,0,0,18,5,23,0,4,20,10,34,0,12,12,46
03/20/2005,ALW,WA,ANM,WE,Federal Contract Tower,0,7,0,0,7,0,5,13,0,18,0,12,13,0,25,16,0,16,41
03/21/2005,ALW,WA,ANM,WE,Federal Contract Tower,0,6,4,12,22,0,2,27,0,29,0,8,31,12,51,8,0,8,59
03/22/2005,ALW,WA,ANM,WE,Federal Contract Tower,0,7,6,0,13,0,1,7,0,8,0,8,13,0,21,0,0,0,21
03/23/2005,ALW,WA,ANM,WE,Federal Contract Tower,0,10,13,0,23,0,2,11,0,13,0,12,24,0,36,8,0,8,44
03/24/2005,ALW,WA,ANM,WE,Federal Contract Tower,0,6,2,0,8,0,0,1,0,1,0,6,3,0,9,0,0,0,9
03/25/2005,ALW,WA,ANM,WE,Federal Contract Tower,0,11,2,0,13,0,5,23,0,28,0,16,25,0,41,16,0,16,57
03/26/2005,ALW,WA,ANM,WE,Federal Contract Tower,0,5,1,0,6,0,0,7,0,7,0,5,8,0,13,2,0,2,15
03/27/2005,ALW,WA,ANM,WE,Federal Contract Tower,0,4,5,0,9,0,0,1,0,1,0,4,6,0,10,0,0,0,10
03/28/2005,ALW,WA,ANM,WE,Federal Contract Tower,0,8,0,0,8,0,3,3,0,6,0,11,3,0,14,4,0,4,18
03/29/2005,ALW,WA,ANM,WE,Federal Contract Tower,0,7,0,0,7,0,2,2,0,4,0,9,2,0,11,0,0,0,11
03/30/2005,ALW,WA,ANM,WE,Federal Contract Tower,0,6,4,0,10,0,0,31,0,31,0,6,35,0,41,80,0,80,121
03/31/2005,ALW,WA,ANM,WE,Federal Contract Tower,0,6,12,0,18,0,0,43,0,43,0,6,55,0,61,70,0,70,131
04/01/2005,ALW,WA,ANM,WE,Federal Contract Tower,0,8,5,0,13,0,3,23,0,26,0,11,28,0,39,72,0,72,111
04/02/2005,ALW,WA,ANM,WE,Federal Contract Tower,0,3,2,0,5,0,7,57,0,64,0,10,59,0,69,48,0,48,117
04/03/2005,ALW,WA,ANM,WE,Federal Contract Tower,0,4,4,0,8,0,0,10,0,10,0,4,14,0,18,24,0,24,42
04/04/2005,ALW,WA,ANM,WE,Federal Contract Tower,0,5,0,0,5,0,0,42,0,42,0,5,42,0,47,44,0,44,91
04/05/2005,ALW,WA,ANM,WE,Federal Contract Tower,0,7,5,0,12,0,1,46,0,47,0,8,51,0,59,58,0,58,117
04/06/2005,ALW,WA,ANM,WE,Federal Contract Tower,0,6,8,0,14,0,2,48,0,50,0,8,56,0,64,80,0,80,144
04/07/2005,ALW,WA,ANM,WE,Federal Contract Tower,0,9,19,0,28,0,2,25,0,27,0,11,44,0,55,16,0,16,71
04/08/2005,ALW,WA,ANM,WE,Federal Contract Tower,0,6,3,0,9,0,3,59,0,62,0,9,62,0,71,132,0,132,203
04/09/2005,ALW,WA,ANM,WE,Federal Contract Tower,0,3,1,0,4,0,0,17,0,17,0,3,18,0,21,10,0,10,31
04/10/2005,ALW,WA,ANM,WE,Federal Contract Tower,0,4,5,0,9,0,2,62,0,64,0,6,67,0,73,74,0,74,147
04/11/2005,ALW,WA,ANM,WE,Federal Contract Tower,0,6,3,0,9,0,0,17,0,17,0,6,20,0,26,26,0,26,52
04/12/2005,ALW,WA,ANM,WE,Federal Contract Tower,0,8,7,0,15,0,3,24,0,27,0,11,31,0,42,62,0,62,104
04/13/2005,ALW,WA,ANM,WE,Federal Contract Tower,0,9,6,0,15,0,1,58,0,59,0,10,64,0,74,100,0,100,174
04/14/2005,ALW,WA,ANM,WE,Federal Contract Tower,0,6,10,0,16,0,2,35,0,37,0,8,45,0,53,52,0,52,105
04/15/2005,ALW,WA,ANM,WE,Federal Contract Tower,0,6,6,0,12,0,4,66,0,70,0,10,72,0,82,142,0,142,224
04/16/2005,ALW,WA,ANM,WE,Federal Contract Tower,0,4,3,0,7,0,0,17,0,17,0,4,20,0,24,2,0,2,26
04/17/2005,ALW,WA,ANM,WE,Federal Contract Tower,0,4,2,0,6,0,0,21,0,21,0,4,23,0,27,36,0,36,63
04/18/2005,ALW,WA,ANM,WE,Federal Contract Tower,0,10,13,0,23,0,8,49,0,57,0,18,62,0,80,90,0,90,170
04/19/2005,ALW,WA,ANM,WE,Federal Contract Tower,0,6,8,0,14,0,0,64,0,64,0,6,72,0,78,114,0,114,192
04/20/2005,ALW,WA,ANM,WE,Federal Contract Tower,0,11,9,0,20,0,3,65,0,68,0,14,74,0,88,144,0,144,232
04/21/2005,ALW,WA,ANM,WE,Federal Contract Tower,0,8,18,0,26,0,1,52,0,53,0,9,70,0,79,128,0,128,207
04/22/2005,ALW,WA,ANM,WE,Federal Contract Tower,0,7,3,0,10,0,9,61,0,70,0,16,64,0,80,78,0,78,158
04/23/2005,ALW,WA,ANM,WE,Federal Contract Tower,0,4,4,0,8,0,7,10,0,17,0,11,14,0,25,0,0,0,25
04/24/2005,ALW,WA,ANM,WE,Federal Contract Tower,0,5,6,0,11,0,5,29,0,34,0,10,35,0,45,24,0,24,69
04/25/2005,ALW,WA,ANM,WE,Federal Contract Tower,0,5,5,0,10,0,0,37,0,37,0,5,42,0,47,114,0,114,161
04/26/2005,ALW,WA,ANM,WE,Federal Contract Tower,0,8,7,0,15,0,0,66,0,66,0,8,73,0,81,68,0,68,149
04/27/2005,ALW,WA,ANM,WE,Federal Contract Tower,0,10,6,0,16,0,2,32,0,34,0,12,38,0,50,52,0,52,102
04/28/2005,ALW,WA,ANM,WE,Federal Contract Tower,0,6,14,0,20,0,1,47,0,48,0,7,61,0,68,48,0,48,116
04/29/2005,ALW,WA,ANM,WE,Federal Contract Tower,0,6,7,0,13,0,4,49,0,53,0,10,56,0,66,50,0,50,116
04/30/2005,ALW,WA,ANM,WE,Federal Contract Tower,0,3,3,0,6,0,2,25,0,27,0,5,28,0,33,24,0,24,57
05/01/2005,ALW,WA,ANM,WE,Federal Contract Tower,0,6,6,0,12,0,0,48,0,48,0,6,54,0,60,58,0,58,118
05/02/2005,ALW,WA,ANM,WE,Federal Contract Tower,0,5,0,0,5,0,1,22,0,23,0,6,22,0,28,12,0,12,40
05/03/2005,ALW,WA,ANM,WE,Federal Contract Tower,0,8,7,0,15,0,0,43,0,43,0,8,50,0,58,46,0,46,104
05/04/2005,ALW,WA,ANM,WE,Federal Contract Tower,0,9,13,0,22,0,1,42,0,43,0,10,55,0,65,96,0,96,161
05/05/2005,ALW,WA,ANM,WE,Federal Contract Tower,0,12,13,0,25,0,0,43,0,43,0,12,56,0,68,70,0,70,138
05/06/2005,ALW,WA,ANM,WE,Federal Contract Tower,0,8,10,0,18,0,12,29,0,41,0,20,39,0,59,64,0,64,123
05/07/2005,ALW,WA,ANM,WE,Federal Contract Tower,0,5,8,0,13,0,25,0,0,25,0,30,8,0,38,18,0,18,56
05/08/2005,ALW,WA,ANM,WE,Federal Contract Tower,0,7,8,0,15,0,0,27,0,27,0,7,35,0,42,6,0,6,48
05/09/2005,ALW,WA,ANM,WE,Federal Contract Tower,0,5,4,0,9,0,0,2,0,2,0,5,6,0,11,24,0,24,35
05/10/2005,ALW,WA,ANM,WE,Federal Contract Tower,0,6,19,0,25,0,0,31,0,31,0,6,50,0,56,32,0,32,88
05/11/2005,ALW,WA,ANM,WE,Federal Contract Tower,0,6,23,0,29,0,0,37,0,37,0,6,60,0,66,62,0,62,128
05/12/2005,ALW,WA,ANM,WE,Federal Contract Tower,0,10,4,0,14,0,0,63,0,63,0,10,67,0,77,132,0,132,209
05/13/2005,ALW,WA,ANM,WE,Federal Contract Tower,0,9,12,0,21,0,8,58,0,66,0,17,70,0,87,68,0,68,155
05/14/2005,ALW,WA,ANM,WE,Federal Contract Tower,0,3,12,0,15,0,4,14,0,18,0,7,26,0,33,8,0,8,41
05/15/2005,ALW,WA,ANM,WE,Federal Contract Tower,0,4,3,0,7,0,0,15,0,15,0,4,18,0,22,10,0,10,32
05/16/2005,ALW,WA,ANM,WE,Federal Contract Tower,0,5,20,0,25,0,0,16,0,16,0,5,36,0,41,24,0,24,65
05/17/2005,ALW,WA,ANM,WE,Federal Contract Tower,0,7,7,0,14,0,4,53,0,57,0,11,60,0,71,72,0,72,143
05/18/2005,ALW,WA,ANM,WE,Federal Contract Tower,0,6,4,0,10,0,0,40,0,40,0,6,44,0,50,56,0,56,106
05/19/2005,ALW,WA,ANM,WE,Federal Contract Tower,0,6,9,0,15,0,7,116,0,123,0,13,125,0,138,66,0,66,204
05/20/2005,ALW,WA,ANM,WE,Federal Contract Tower,0,8,16,0,24,0,3,65,0,68,0,11,81,0,92,78,0,78,170
05/21/2005,ALW,WA,ANM,WE,Federal Contract Tower,0,3,7,0,10,0,2,126,0,128,0,5,133,0,138,12,0,12,150
05/22/2005,ALW,WA,ANM,WE,Federal Contract Tower,0,7,5,0,12,0,0,19,0,19,0,7,24,0,31,64,0,64,95
05/23/2005,ALW,WA,ANM,WE,Federal Contract Tower,0,6,13,0,19,0,1,38,0,39,0,7,51,0,58,34,0,34,92
05/24/2005,ALW,WA,ANM,WE,Federal Contract Tower,0,10,12,0,22,0,2,69,0,71,0,12,81,0,93,52,0,52,145
05/25/2005,ALW,WA,ANM,WE,Federal Contract Tower,0,7,6,0,13,0,8,69,0,77,0,15,75,0,90,80,0,80,170
05/26/2005,ALW,WA,ANM,WE,Federal Contract Tower,0,7,7,0,14,0,2,77,0,79,0,9,84,0,93,142,0,142,235
05/27/2005,ALW,WA,ANM,WE,Federal Contract Tower,0,5,8,0,13,0,8,82,0,90,0,13,90,0,103,66,0,66,169
05/28/2005,ALW,WA,ANM,WE,Federal Contract Tower,0,4,6,0,10,0,2,44,0,46,0,6,50,0,56,12,0,12,68
05/29/2005,ALW,WA,ANM,WE,Federal Contract Tower,0,3,2,0,5,0,0,51,0,51,0,3,53,0,56,56,0,56,112
05/30/2005,ALW,WA,ANM,WE,Federal Contract Tower,0,3,6,0,9,0,1,59,0,60,0,4,65,0,69,32,0,32,101
05/31/2005,ALW,WA,ANM,WE,Federal Contract Tower,0,10,4,0,14,0,4,26,0,30,0,14,30,0,44,24,0,24,68
06/01/2005,ALW,WA,ANM,WE,Federal Contract Tower,0,11,15,0,26,0,4,57,0,61,0,15,72,0,87,62,0,62,149
06/02/2005,ALW,WA,ANM,WE,Federal Contract Tower,0,6,15,0,21,0,2,42,0,44,0,8,57,0,65,72,0,72,137
06/03/2005,ALW,WA,ANM,WE,Federal Contract Tower,0,6,6,0,12,0,2,41,0,43,0,8,47,0,55,54,0,54,109
06/04/2005,ALW,WA,ANM,WE,Federal Contract Tower,0,3,5,0,8,0,0,59,0,59,0,3,64,0,67,10,0,10,77
06/05/2005,ALW,WA,ANM,WE,Federal Contract Tower,0,6,5,0,11,0,0,22,0,22,0,6,27,0,33,20,0,20,53
06/06/2005,ALW,WA,ANM,WE,Federal Contract Tower,0,6,7,0,13,0,0,43,0,43,0,6,50,0,56,36,0,36,92
06/07/2005,ALW,WA,ANM,WE,Federal Contract Tower,0,7,12,0,19,0,0,23,0,23,0,7,35,0,42,62,0,62,104
06/08/2005,ALW,WA,ANM,WE,Federal Contract Tower,0,8,3,2,13,0,0,48,0,48,0,8,51,2,61,50,0,50,111
06/09/2005,ALW,WA,ANM,WE,Federal Contract Tower,0,10,7,0,17,0,2,31,0,33,0,12,38,0,50,50,0,50,100
06/10/2005,ALW,WA,ANM,WE,Federal Contract Tower,0,5,6,1,12,0,2,27,1,30,0,7,33,2,42,32,4,36,78
06/11/2005,ALW,WA,ANM,WE,Federal Contract Tower,0,7,0,0,7,0,0,18,0,18,0,7,18,0,25,0,0,0,25
06/12/2005,ALW,WA,ANM,WE,Federal Contract Tower,0,4,1,0,5,0,2,19,0,21,0,6,20,0,26,0,0,0,26
06/13/2005,ALW,WA,ANM,WE,Federal Contract Tower,0,5,8,0,13,0,0,24,0,24,0,5,32,0,37,24,0,24,61
06/14/2005,ALW,WA,ANM,WE,Federal Contract Tower,0,7,9,0,16,0,7,46,0,53,0,14,55,0,69,50,0,50,119
06/15/2005,ALW,WA,ANM,WE,Federal Contract Tower,0,9,5,0,14,0,1,30,0,31,0,10,35,0,45,26,0,26,71
06/16/2005,ALW,WA,ANM,WE,Federal Contract Tower,0,8,5,0,13,0,1,37,0,38,0,9,42,0,51,28,0,28,79
06/17/2005,ALW,WA,ANM,WE,Federal Contract Tower,0,7,4,0,11,0,1,22,0,23,0,8,26,0,34,28,0,28,62
06/18/2005,ALW,WA,ANM,WE,Federal Contract Tower,0,5,2,1,8,0,1,15,1,17,0,6,17,2,25,10,0,10,35
06/19/2005,ALW,WA,ANM,WE,Federal Contract Tower,0,4,0,0,4,0,0,28,0,28,0,4,28,0,32,12,0,12,44
06/20/2005,ALW,WA,ANM,WE,Federal Contract Tower,0,6,6,0,12,0,1,48,0,49,0,7,54,0,61,34,0,34,95
06/21/2005,ALW,WA,ANM,WE,Federal Contract Tower,0,7,9,2,18,0,4,39,2,45,0,11,48,4,63,38,0,38,101
06/22/2005,ALW,WA,ANM,WE,Federal Contract Tower,0,9,2,0,11,0,2,36,0,38,0,11,38,0,49,32,0,32,81
06/23/2005,ALW,WA,ANM,WE,Federal Contract Tower,0,7,6,0,13,0,0,52,0,52,0,7,58,0,65,62,0,62,127
06/24/2005,ALW,WA,ANM,WE,Federal Contract Tower,0,7,4,0,11,0,7,46,0,53,0,14,50,0,64,42,0,42,106
06/25/2005,ALW,WA,ANM,WE,Federal Contract Tower,0,5,3,0,8,0,0,26,0,26,0,5,29,0,34,38,0,38,72
06/26/2005,ALW,WA,ANM,WE,Federal Contract Tower,0,4,7,0,11,0,2,31,0,33,0,6,38,0,44,26,0,26,70
06/27/2005,ALW,WA,ANM,WE,Federal Contract Tower,0,5,8,0,13,0,0,29,0,29,0,5,37,0,42,72,0,72,114
06/28/2005,ALW,WA,ANM,WE,Federal Contract Tower,0,7,16,0,23,0,0,37,0,37,0,7,53,0,60,60,0,60,120
06/29/2005,ALW,WA,ANM,WE,Federal Contract Tower,0,7,10,0,17,0,6,56,0,62,0,13,66,0,79,80,0,80,159
06/30/2005,ALW,WA,ANM,WE,Federal Contract Tower,0,5,8,0,13,0,1,63,0,64,0,6,71,0,77,92,0,92,169
07/01/2005,ALW,WA,ANM,WE,Federal Contract Tower,0,5,6,0,11,0,3,42,0,45,0,8,48,0,56,46,0,46,102
07/02/2005,ALW,WA,ANM,WE,Federal Contract Tower,0,5,0,0,5,0,0,7,0,7,0,5,7,0,12,0,0,0,12
07/03/2005,ALW,WA,ANM,WE,Federal Contract Tower,0,4,4,0,8,0,0,26,0,26,0,4,30,0,34,22,0,22,56
07/04/2005,ALW,WA,ANM,WE,Federal Contract Tower,0,3,3,0,6,0,0,34,0,34,0,3,37,0,40,38,0,38,78
07/05/2005,ALW,WA,ANM,WE,Federal Contract Tower,0,3,5,0,8,0,2,41,0,43,0,5,46,0,51,52,0,52,103
07/06/2005,ALW,WA,ANM,WE,Federal Contract Tower,0,7,6,0,13,0,0,32,0,32,0,7,38,0,45,94,0,94,139
07/07/2005,ALW,WA,ANM,WE,Federal Contract Tower,0,6,5,0,11,0,2,64,0,66,0,8,69,0,77,126,0,126,203
07/08/2005,ALW,WA,ANM,WE,Federal Contract Tower,0,6,6,0,12,0,1,48,0,49,0,7,54,0,61,28,0,28,89
07/09/2005,ALW,WA,ANM,WE,Federal Contract Tower,0,3,4,0,7,0,0,29,0,29,0,3,33,0,36,16,0,16,52
07/10/2005,ALW,WA,ANM,WE,Federal Contract Tower,0,5,9,0,14,0,0,21,0,21,0,5,30,0,35,22,0,22,57
07/11/2005,ALW,WA,ANM,WE,Federal Contract Tower,0,6,6,0,12,0,5,51,10,66,0,11,57,10,78,56,0,56,134
07/12/2005,ALW,WA,ANM,WE,Federal Contract Tower,0,7,3,1,11,0,5,40,7,52,0,12,43,8,63,42,0,42,105
07/13/2005,ALW,WA,ANM,WE,Federal Contract Tower,0,7,9,0,16,0,2,59,4,65,0,9,68,4,81,24,0,24,105
07/14/2005,ALW,WA,ANM,WE,Federal Contract Tower,0,5,4,0,9,0,1,47,0,48,0,6,51,0,57,66,0,66,123
07/15/2005,ALW,WA,ANM,WE,Federal Contract Tower,0,6,4,0,10,0,0,41,0,41,0,6,45,0,51,30,0,30,81
07/16/2005,ALW,WA,ANM,WE,Federal Contract Tower,0,3,2,0,5,0,0,19,0,19,0,3,21,0,24,4,0,4,28
07/17/2005,ALW,WA,ANM,WE,Federal Contract Tower,0,4,2,0,6,0,0,37,0,37,0,4,39,0,43,32,0,32,75
07/18/2005,ALW,WA,ANM,WE,Federal Contract Tower,0,5,6,0,11,0,5,35,0,40,0,10,41,0,51,86,0,86,137
07/19/2005,ALW,WA,ANM,WE,Federal Contract Tower,2,8,10,0,20,0,6,41,0,47,2,14,51,0,67,32,0,32,99
07/20/2005,ALW,WA,ANM,WE,Federal Contract Tower,0,15,9,0,24,0,17,49,0,66,0,32,58,0,90,74,0,74,164
07/21/2005,ALW,WA,ANM,WE,Federal Contract Tower,0,7,7,0,14,0,2,27,0,29,0,9,34,0,43,40,0,40,83
07/22/2005,ALW,WA,ANM,WE,Federal Contract Tower,0,5,5,0,10,0,4,11,0,15,0,9,16,0,25,38,0,38,63
07/23/2005,ALW,WA,ANM,WE,Federal Contract Tower,0,3,5,0,8,0,0,36,0,36,0,3,41,0,44,12,0,12,56
07/24/2005,ALW,WA,ANM,WE,Federal Contract Tower,0,4,2,0,6,0,2,27,2,31,0,6,29,2,37,36,0,36,73
07/25/2005,ALW,WA,ANM,WE,Federal Contract Tower,0,5,3,0,8,0,2,44,0,46,0,7,47,0,54,44,0,44,98
07/26/2005,ALW,WA,ANM,WE,Federal Contract Tower,0,8,5,0,13,0,4,50,0,54,0,12,55,0,67,50,0,50,117
07/27/2005,ALW,WA,ANM,WE,Federal Contract Tower,0,6,1,0,7,0,3,42,0,45,0,9,43,0,52,82,0,82,134
07/28/2005,ALW,WA,ANM,WE,Federal Contract Tower,0,8,8,0,16,0,5,28,0,33,0,13,36,0,49,84,0,84,133
07/29/2005,ALW,WA,ANM,WE,Federal Contract Tower,0,4,4,0,8,0,4,30,0,34,0,8,34,0,42,74,0,74,116
07/30/2005,ALW,WA,ANM,WE,Federal Contract Tower,0,3,2,0,5,0,0,34,0,34,0,3,36,0,39,12,0,12,51
07/31/2005,ALW,WA,ANM,WE,Federal Contract Tower,0,4,0,0,4,0,8,50,0,58,0,12,50,0,62,20,0,20,82
08/01/2005,ALW,WA,ANM,WE,Federal Contract Tower,0,7,2,2,11,0,3,27,0,30,0,10,29,2,41,42,0,42,83
08/02/2005,ALW,WA,ANM,WE,Federal Contract Tower,0,7,7,0,14,0,2,41,0,43,0,9,48,0,57,82,0,82,139
08/03/2005,ALW,WA,ANM,WE,Federal Contract Tower,0,5,1,0,6,0,2,33,0,35,0,7,34,0,41,64,0,64,105
08/04/2005,ALW,WA,ANM,WE,Federal Contract Tower,0,10,16,0,26,0,15,51,0,66,0,25,67,0,92,68,0,68,160
08/05/2005,ALW,WA,ANM,WE,Federal Contract Tower,0,8,6,0,14,0,4,38,0,42,0,12,44,0,56,48,0,48,104
08/06/2005,ALW,WA,ANM,WE,Federal Contract Tower,0,4,10,0,14,0,0,40,0,40,0,4,50,0,54,8,0,8,62
08/07/2005,ALW,WA,ANM,WE,Federal Contract Tower,0,3,1,0,4,0,3,54,0,57,0,6,55,0,61,36,0,36,97
08/08/2005,ALW,WA,ANM,WE,Federal Contract Tower,0,5,6,0,11,0,0,49,0,49,0,5,55,0,60,22,0,22,82
08/09/2005,ALW,WA,ANM,WE,Federal Contract Tower,0,8,17,0,25,0,2,34,0,36,0,10,51,0,61,10,0,10,71
08/10/2005,ALW,WA,ANM,WE,Federal Contract Tower,0,7,9,0,16,0,1,26,0,27,0,8,35,0,43,60,0,60,103
08/11/2005,ALW,WA,ANM,WE,Federal Contract Tower,0,10,22,0,32,0,4,53,0,57,0,14,75,0,89,20,0,20,109
08/12/2005,ALW,WA,ANM,WE,Federal Contract Tower,0,8,10,0,18,0,1,35,0,36,0,9,45,0,54,14,0,14,68
08/13/2005,ALW,WA,ANM,WE,Federal Contract Tower,0,3,3,0,6,0,2,22,0,24,0,5,25,0,30,4,0,4,34
08/14/2005,ALW,WA,ANM,WE,Federal Contract Tower,0,4,5,0,9,0,2,76,0,78,0,6,81,0,87,78,0,78,165
08/15/2005,ALW,WA,ANM,WE,Federal Contract Tower,0,8,2,0,10,0,0,48,0,48,0,8,50,0,58,26,0,26,84
08/16/2005,ALW,WA,ANM,WE,Federal Contract Tower,0,12,16,0,28,0,2,69,0,71,0,14,85,0,99,34,0,34,133
08/17/2005,ALW,WA,ANM,WE,Federal Contract Tower,0,8,17,0,25,0,5,67,0,72,0,13,84,0,97,32,0,32,129
08/18/2005,ALW,WA,ANM,WE,Federal Contract Tower,0,6,13,0,19,0,0,58,0,58,0,6,71,0,77,12,0,12,89
08/19/2005,ALW,WA,ANM,WE,Federal Contract Tower,0,7,6,0,13,0,7,85,0,92,0,14,91,0,105,28,0,28,133
08/20/2005,ALW,WA,ANM,WE,Federal Contract Tower,0,3,3,0,6,0,0,64,0,64,0,3,67,0,70,10,0,10,80
08/21/2005,ALW,WA,ANM,WE,Federal Contract Tower,0,4,1,0,5,0,1,78,0,79,0,5,79,0,84,10,0,10,94
08/22/2005,ALW,WA,ANM,WE,Federal Contract Tower,2,7,13,0,22,2,4,44,0,50,4,11,57,0,72,12,0,12,84
08/23/2005,ALW,WA,ANM,WE,Federal Contract Tower,0,10,10,0,20,0,2,45,0,47,0,12,55,0,67,24,0,24,91
08/24/2005,ALW,WA,ANM,WE,Federal Contract Tower,0,7,7,0,14,0,1,46,0,47,0,8,53,0,61,22,0,22,83
08/25/2005,ALW,WA,ANM,WE,Federal Contract Tower,0,10,6,0,16,0,6,32,0,38,0,16,38,0,54,40,0,40,94
08/26/2005,ALW,WA,ANM,WE,Federal Contract Tower,0,9,0,0,9,0,8,40,0,48,0,17,40,0,57,38,0,38,95
08/27/2005,ALW,WA,ANM,WE,Federal Contract Tower,0,3,4,0,7,0,2,35,0,37,0,5,39,0,44,6,0,6,50
08/28/2005,ALW,WA,ANM,WE,Federal Contract Tower,0,4,3,0,7,0,0,43,0,43,0,4,46,0,50,40,0,40,90
08/29/2005,ALW,WA,ANM,WE,Federal Contract Tower,0,4,3,0,7,0,7,14,0,21,0,11,17,0,28,14,0,14,42
08/30/2005,ALW,WA,ANM,WE,Federal Contract Tower,0,9,13,0,22,0,0,36,0,36,0,9,49,0,58,22,0,22,80
08/31/2005,ALW,WA,ANM,WE,Federal Contract Tower,0,10,8,0,18,0,7,52,0,59,0,17,60,0,77,77,0,77,154
09/01/2005,ALW,WA,ANM,WE,Federal Contract Tower,0,10,5,0,15,0,4,46,0,50,0,14,51,0,65,42,0,42,107
09/02/2005,ALW,WA,ANM,WE,Federal Contract Tower,0,11,7,0,18,0,13,31,0,44,0,24,38,0,62,30,0,30,92
09/03/2005,ALW,WA,ANM,WE,Federal Contract Tower,0,3,8,0,11,0,7,30,0,37,0,10,38,0,48,18,0,18,66
09/04/2005,ALW,WA,ANM,WE,Federal Contract Tower,0,4,2,0,6,0,5,37,0,42,0,9,39,0,48,44,0,44,92
09/05/2005,ALW,WA,ANM,WE,Federal Contract Tower,0,7,1,0,8,0,1,35,0,36,0,8,36,0,44,42,0,42,86
09/06/2005,ALW,WA,ANM,WE,Federal Contract Tower,0,6,0,0,6,0,0,20,0,20,0,6,20,0,26,20,0,20,46
09/07/2005,ALW,WA,ANM,WE,Federal Contract Tower,0,7,2,0,9,0,1,18,0,19,0,8,20,0,28,24,0,24,52
09/08/2005,ALW,WA,ANM,WE,Federal Contract Tower,0,8,3,1,12,0,1,45,1,47,0,9,48,2,59,34,0,34,93
09/09/2005,ALW,WA,ANM,WE,Federal Contract Tower,0,6,7,0,13,0,2,12,0,14,0,8,19,0,27,10,0,10,37
09/10/2005,ALW,WA,ANM,WE,Federal Contract Tower,0,3,4,0,7,0,0,25,0,25,0,3,29,0,32,0,0,0,32
09/11/2005,ALW,WA,ANM,WE,Federal Contract Tower,0,4,6,0,10,0,2,39,0,41,0,6,45,0,51,0,0,0,51
09/12/2005,ALW,WA,ANM,WE,Federal Contract Tower,0,10,16,0,26,0,14,20,0,34,0,24,36,0,60,6,0,6,66
09/13/2005,ALW,WA,ANM,WE,Federal Contract Tower,0,8,0,0,8,0,0,26,0,26,0,8,26,0,34,2,0,2,36
09/14/2005,ALW,WA,ANM,WE,Federal Contract Tower,0,7,6,1,14,0,2,38,1,41,0,9,44,2,55,6,0,6,61
09/15/2005,ALW,WA,ANM,WE,Federal Contract Tower,0,8,1,0,9,0,2,23,0,25,0,10,24,0,34,20,0,20,54
09/16/2005,ALW,WA,ANM,WE,Federal Contract Tower,0,9,6,0,15,0,2,30,0,32,0,11,36,0,47,58,0,58,105
09/17/2005,ALW,WA,ANM,WE,Federal Contract Tower,0,3,4,0,7,0,3,15,0,18,0,6,19,0,25,6,0,6,31
09/18/2005,ALW,WA,ANM,WE,Federal Contract Tower,0,4,0,0,4,0,2,31,0,33,0,6,31,0,37,0,0,0,37
09/19/2005,ALW,WA,ANM,WE,Federal Contract Tower,0,5,2,0,7,0,0,14,0,14,0,5,16,0,21,14,0,14,35
09/20/2005,ALW,WA,ANM,WE,Federal Contract Tower,0,11,7,0,18,0,1,32,0,33,0,12,39,0,51,6,0,6,57
09/21/2005,ALW,WA,ANM,WE,Federal Contract Tower,0,6,1,0,7,0,0,25,0,25,0,6,26,0,32,14,0,14,46
09/22/2005,ALW,WA,ANM,WE,Federal Contract Tower,0,8,15,0,23,0,0,26,0,26,0,8,41,0,49,42,0,42,91
09/23/2005,ALW,WA,ANM,WE,Federal Contract Tower,0,9,6,0,15,0,4,39,0,43,0,13,45,0,58,16,0,16,74
09/24/2005,ALW,WA,ANM,WE,Federal Contract Tower,0,3,3,0,6,0,0,137,0,137,0,3,140,0,143,14,0,14,157
09/25/2005,ALW,WA,ANM,WE,Federal Contract Tower,0,4,3,0,7,0,0,41,0,41,0,4,44,0,48,50,0,50,98
09/26/2005,ALW,WA,ANM,WE,Federal Contract Tower,0,5,7,0,12,0,0,29,0,29,0,5,36,0,41,4,0,4,45
09/27/2005,ALW,WA,ANM,WE,Federal Contract Tower,0,8,9,0,17,0,0,52,0,52,0,8,61,0,69,28,0,28,97
09/28/2005,ALW,WA,ANM,WE,Federal Contract Tower,0,14,6,0,20,0,4,51,0,55,0,18,57,0,75,62,0,62,137
09/29/2005,ALW,WA,ANM,WE,Federal Contract Tower,0,8,8,0,16,0,0,47,0,47,0,8,55,0,63,104,0,104,167
09/30/2005,ALW,WA,ANM,WE,Federal Contract Tower,0,7,12,0,19,0,8,16,0,24,0,15,28,0,43,62,0,62,105
10/01/2005,ALW,WA,ANM,WE,Federal Contract Tower,0,3,2,0,5,0,0,9,0,9,0,3,11,0,14,26,0,26,40
10/02/2005,ALW,WA,ANM,WE,Federal Contract Tower,0,4,3,0,7,0,0,27,0,27,0,4,30,0,34,14,0,14,48
10/03/2005,ALW,WA,ANM,WE,Federal Contract Tower,0,7,3,0,10,0,0,18,0,18,0,7,21,0,28,18,0,18,46
10/04/2005,ALW,WA,ANM,WE,Federal Contract Tower,0,9,11,0,20,0,1,38,0,39,0,10,49,0,59,120,0,120,179
10/05/2005,ALW,WA,ANM,WE,Federal Contract Tower,0,7,3,0,10,0,1,60,0,61,0,8,63,0,71,102,0,102,173
10/06/2005,ALW,WA,ANM,WE,Federal Contract Tower,0,8,5,0,13,0,6,47,0,53,0,14,52,0,66,114,0,114,180
10/07/2005,ALW,WA,ANM,WE,Federal Contract Tower,0,8,9,0,17,0,4,35,0,39,0,12,44,0,56,72,0,72,128
10/08/2005,ALW,WA,ANM,WE,Federal Contract Tower,0,3,2,0,5,0,1,20,0,21,0,4,22,0,26,14,0,14,40
10/09/2005,ALW,WA,ANM,WE,Federal Contract Tower,0,4,2,0,6,0,0,25,0,25,0,4,27,0,31,30,0,30,61
10/10/2005,ALW,WA,ANM,WE,Federal Contract Tower,0,7,7,0,14,0,1,31,0,32,0,8,38,0,46,58,0,58,104
10/11/2005,ALW,WA,ANM,WE,Federal Contract Tower,0,7,10,0,17,0,1,38,0,39,0,8,48,0,56,46,0,46,102
10/12/2005,ALW,WA,ANM,WE,Federal Contract Tower,0,6,8,0,14,0,6,46,0,52,0,12,54,0,66,38,0,38,104
10/13/2005,ALW,WA,ANM,WE,Federal Contract Tower,0,7,7,0,14,0,1,47,0,48,0,8,54,0,62,102,0,102,164
10/14/2005,ALW,WA,ANM,WE,Federal Contract Tower,0,7,10,0,17,0,2,63,0,65,0,9,73,0,82,120,0,120,202
10/15/2005,ALW,WA,ANM,WE,Federal Contract Tower,0,3,8,1,12,0,0,17,1,18,0,3,25,2,30,8,0,8,38
10/16/2005,ALW,WA,ANM,WE,Federal Contract Tower,0,6,5,0,11,0,12,25,0,37,0,18,30,0,48,24,0,24,72
10/17/2005,ALW,WA,ANM,WE,Federal Contract Tower,0,8,4,0,12,0,1,20,0,21,0,9,24,0,33,66,0,66,99
10/18/2005,ALW,WA,ANM,WE,Federal Contract Tower,0,10,5,0,15,0,6,34,0,40,0,16,39,0,55,72,0,72,127
10/19/2005,ALW,WA,ANM,WE,Federal Contract Tower,0,10,9,0,19,0,0,36,0,36,0,10,45,0,55,26,0,26,81
10/20/2005,ALW,WA,ANM,WE,Federal Contract Tower,0,9,16,0,25,0,2,46,0,48,0,11,62,0,73,74,0,74,147
10/21/2005,ALW,WA,ANM,WE,Federal Contract Tower,0,6,3,0,9,0,3,53,0,56,0,9,56,0,65,50,0,50,115
10/22/2005,ALW,WA,ANM,WE,Federal Contract Tower,0,3,3,0,6,0,2,40,0,42,0,5,43,0,48,16,0,16,64
10/23/2005,ALW,WA,ANM,WE,Federal Contract Tower,0,4,7,0,11,0,0,41,0,41,0,4,48,0,52,32,0,32,84
10/24/2005,ALW,WA,ANM,WE,Federal Contract Tower,0,8,12,0,20,0,1,40,0,41,0,9,52,0,61,64,0,64,125
10/25/2005,ALW,WA,ANM,WE,Federal Contract Tower,0,8,9,0,17,0,0,31,0,31,0,8,40,0,48,44,0,44,92
10/26/2005,ALW,WA,ANM,WE,Federal Contract Tower,0,7,12,0,19,0,3,15,0,18,0,10,27,0,37,54,0,54,91
10/27/2005,ALW,WA,ANM,WE,Federal Contract Tower,0,9,18,0,27,0,2,58,0,60,0,11,76,0,87,58,0,58,145
10/28/2005,ALW,WA,ANM,WE,Federal Contract Tower,0,7,10,0,17,0,1,18,0,19,0,8,28,0,36,36,0,36,72
10/29/2005,ALW,WA,ANM,WE,Federal Contract Tower,0,3,2,0,5,0,0,19,0,19,0,3,21,0,24,8,0,8,32
10/30/2005,ALW,WA,ANM,WE,Federal Contract Tower,0,4,12,0,16,0,4,51,0,55,0,8,63,0,71,76,0,76,147
10/31/2005,ALW,WA,ANM,WE,Federal Contract Tower,0,6,2,0,8,0,0,10,0,10,0,6,12,0,18,56,0,56,74
11/01/2005,ALW,WA,ANM,WE,Federal Contract Tower,0,8,9,0,17,0,0,16,0,16,0,8,25,0,33,26,0,26,59
11/02/2005,ALW,WA,ANM,WE,Federal Contract Tower,0,8,17,0,25,0,0,50,0,50,0,8,67,0,75,102,0,102,177
11/03/2005,ALW,WA,ANM,WE,Federal Contract Tower,0,8,11,0,19,0,2,16,0,18,0,10,27,0,37,64,0,64,101
11/04/2005,ALW,WA,ANM,WE,Federal Contract Tower,0,7,7,0,14,0,4,26,0,30,0,11,33,0,44,88,0,88,132
11/05/2005,ALW,WA,ANM,WE,Federal Contract Tower,0,4,6,0,10,0,6,5,0,11,0,10,11,0,21,6,0,6,27
11/06/2005,ALW,WA,ANM,WE,Federal Contract Tower,0,5,11,0,16,0,0,23,0,23,0,5,34,0,39,10,0,10,49
11/07/2005,ALW,WA,ANM,WE,Federal Contract Tower,0,5,22,0,27,0,1,18,0,19,0,6,40,0,46,38,0,38,84
11/08/2005,ALW,WA,ANM,WE,Federal Contract Tower,0,10,9,0,19,0,4,49,0,53,0,14,58,0,72,106,0,106,178
11/09/2005,ALW,WA,ANM,WE,Federal Contract Tower,0,9,5,0,14,0,0,53,0,53,0,9,58,0,67,68,0,68,135
11/10/2005,ALW,WA,ANM,WE,Federal Contract Tower,0,8,10,0,18,0,0,52,0,52,0,8,62,0,70,140,0,140,210
11/11/2005,ALW,WA,ANM,WE,Federal Contract Tower,0,6,8,0,14,0,2,28,0,30,0,8,36,0,44,112,0,112,156
11/12/2005,ALW,WA,ANM,WE,Federal Contract Tower,0,3,1,0,4,0,5,8,0,13,0,8,9,0,17,0,32,32,49
11/13/2005,ALW,WA,ANM,WE,Federal Contract Tower,0,4,5,0,9,0,0,14,0,14,0,4,19,0,23,14,0,14,37
11/14/2005,ALW,WA,ANM,WE,Federal Contract Tower,0,6,16,0,22,0,0,54,0,54,0,6,70,0,76,58,0,58,134
11/15/2005,ALW,WA,ANM,WE,Federal Contract Tower,0,9,11,0,20,0,4,40,0,44,0,13,51,0,64,74,0,74,138
11/16/2005,ALW,WA,ANM,WE,Federal Contract Tower,0,6,11,0,17,0,0,70,2,72,0,6,81,2,89,112,0,112,201
11/17/2005,ALW,WA,ANM,WE,Federal Contract Tower,0,10,13,0,23,0,2,53,4,59,0,12,66,4,82,160,0,160,242
11/18/2005,ALW,WA,ANM,WE,Federal Contract Tower,0,10,1,0,11,0,1,0,0,1,0,11,1,0,12,0,0,0,12
11/19/2005,ALW,WA,ANM,WE,Federal Contract Tower,0,3,10,0,13,0,0,0,0,0,0,3,10,0,13,0,0,0,13
11/20/2005,ALW,WA,ANM,WE,Federal Contract Tower,0,4,8,0,12,0,0,2,0,2,0,4,10,0,14,0,0,0,14
11/21/2005,ALW,WA,ANM,WE,Federal Contract Tower,0,9,5,0,14,0,0,0,0,0,0,9,5,0,14,0,0,0,14
11/22/2005,ALW,WA,ANM,WE,Federal Contract Tower,0,8,4,0,12,0,0,0,0,0,0,8,4,0,12,0,0,0,12
11/23/2005,ALW,WA,ANM,WE,Federal Contract Tower,0,8,7,0,15,0,0,2,0,2,0,8,9,0,17,0,0,0,17
11/24/2005,ALW,WA,ANM,WE,Federal Contract Tower,0,4,2,0,6,0,0,3,0,3,0,4,5,0,9,0,0,0,9
11/25/2005,ALW,WA,ANM,WE,Federal Contract Tower,0,8,2,0,10,0,2,0,0,2,0,10,2,0,12,0,0,0,12
11/26/2005,ALW,WA,ANM,WE,Federal Contract Tower,0,8,0,0,8,0,0,17,0,17,0,8,17,0,25,0,0,0,25
11/27/2005,ALW,WA,ANM,WE,Federal Contract Tower,0,6,2,0,8,0,0,24,0,24,0,6,26,0,32,8,0,8,40
11/28/2005,ALW,WA,ANM,WE,Federal Contract Tower,0,3,2,0,5,0,0,0,0,0,0,3,2,0,5,0,0,0,5
11/29/2005,ALW,WA,ANM,WE,Federal Contract Tower,0,8,6,0,14,0,1,36,0,37,0,9,42,0,51,70,0,70,121
11/30/2005,ALW,WA,ANM,WE,Federal Contract Tower,0,7,13,0,20,0,1,32,0,33,0,8,45,0,53,100,0,100,153
12/01/2005,ALW,WA,ANM,WE,Federal Contract Tower,0,4,5,0,9,0,0,0,0,0,0,4,5,0,9,0,0,0,9
12/02/2005,ALW,WA,ANM,WE,Federal Contract Tower,0,8,2,0,10,0,0,8,0,8,0,8,10,0,18,24,0,24,42
12/03/2005,ALW,WA,ANM,WE,Federal Contract Tower,0,4,2,0,6,0,0,3,0,3,0,4,5,0,9,0,0,0,9
12/04/2005,ALW,WA,ANM,WE,Federal Contract Tower,0,4,4,1,9,0,0,18,1,19,0,4,22,2,28,12,0,12,40
12/05/2005,ALW,WA,ANM,WE,Federal Contract Tower,0,6,10,0,16,0,0,28,0,28,0,6,38,0,44,42,0,42,86
12/06/2005,ALW,WA,ANM,WE,Federal Contract Tower,0,6,6,0,12,0,0,14,0,14,0,6,20,0,26,22,0,22,48
12/07/2005,ALW,WA,ANM,WE,Federal Contract Tower,0,6,5,0,11,0,22,5,0,27,0,28,10,0,38,2,0,2,40
12/08/2005,ALW,WA,ANM,WE,Federal Contract Tower,0,7,19,0,26,0,0,3,0,3,0,7,22,0,29,0,0,0,29
12/09/2005,ALW,WA,ANM,WE,Federal Contract Tower,0,6,5,0,11,0,1,11,0,12,0,7,16,0,23,16,0,16,39
12/10/2005,ALW,WA,ANM,WE,Federal Contract Tower,0,3,2,0,5,0,0,2,0,2,0,3,4,0,7,0,0,0,7
12/11/2005,ALW,WA,ANM,WE,Federal Contract Tower,0,2,5,0,7,0,0,0,0,0,0,2,5,0,7,0,0,0,7
12/12/2005,ALW,WA,ANM,WE,Federal Contract Tower,0,4,4,0,8,0,0,0,0,0,0,4,4,0,8,0,0,0,8
12/13/2005,ALW,WA,ANM,WE,Federal Contract Tower,0,2,2,0,4,0,0,0,0,0,0,2,2,0,4,0,0,0,4
12/14/2005,ALW,WA,ANM,WE,Federal Contract Tower,0,4,3,0,7,0,0,1,0,1,0,4,4,0,8,0,0,0,8
12/15/2005,ALW,WA,ANM,WE,Federal Contract Tower,0,8,0,0,8,0,0,0,0,0,0,8,0,0,8,0,0,0,8
12/16/2005,ALW,WA,ANM,WE,Federal Contract Tower,0,6,2,0,8,0,0,1,0,1,0,6,3,0,9,0,0,0,9
12/17/2005,ALW,WA,ANM,WE,Federal Contract Tower,0,3,0,0,3,0,0,0,0,0,0,3,0,0,3,0,0,0,3
12/18/2005,ALW,WA,ANM,WE,Federal Contract Tower,0,0,0,0,0,0,0,0,0,0,0,0,0,0,0,0,0,0,0
12/19/2005,ALW,WA,ANM,WE,Federal Contract Tower,0,7,2,0,9,0,0,0,0,0,0,7,2,0,9,0,0,0,9
12/20/2005,ALW,WA,ANM,WE,Federal Contract Tower,0,11,0,0,11,0,0,0,0,0,0,11,0,0,11,0,0,0,11
12/21/2005,ALW,WA,ANM,WE,Federal Contract Tower,0,4,1,0,5,0,0,0,0,0,0,4,1,0,5,0,0,0,5
12/22/2005,ALW,WA,ANM,WE,Federal Contract Tower,0,14,1,0,15,0,0,4,0,4,0,14,5,0,19,0,0,0,19
12/23/2005,ALW,WA,ANM,WE,Federal Contract Tower,0,8,1,0,9,0,0,16,0,16,0,8,17,0,25,8,0,8,33
12/24/2005,ALW,WA,ANM,WE,Federal Contract Tower,0,9,0,0,9,0,0,10,0,10,0,9,10,0,19,12,0,12,31
12/25/2005,ALW,WA,ANM,WE,Federal Contract Tower,0,3,0,0,3,0,0,0,0,0,0,3,0,0,3,0,0,0,3
12/26/2005,ALW,WA,ANM,WE,Federal Contract Tower,0,4,1,0,5,0,0,14,0,14,0,4,15,0,19,8,0,8,27
12/27/2005,ALW,WA,ANM,WE,Federal Contract Tower,0,6,0,0,6,0,0,1,0,1,0,6,1,0,7,0,0,0,7
12/28/2005,ALW,WA,ANM,WE,Federal Contract Tower,0,8,0,0,8,0,0,0,0,0,0,8,0,0,8,0,0,0,8
12/29/2005,ALW,WA,ANM,WE,Federal Contract Tower,0,10,3,0,13,0,0,21,0,21,0,10,24,0,34,20,0,20,54
12/30/2005,ALW,WA,ANM,WE,Federal Contract Tower,0,8,0,0,8,0,0,0,0,0,0,8,0,0,8,0,0,0,8
12/31/2005,ALW,WA,ANM,WE,Federal Contract Tower,0,5,0,0,5,0,0,8,0,8,0,5,8,0,13,8,0,8,21
01/01/2006,ALW,WA,ANM,WE,Federal Contract Tower,0,5,2,0,7,0,0,6,0,6,0,5,8,0,13,0,0,0,13
01/02/2006,ALW,WA,ANM,WE,Federal Contract Tower,0,4,7,0,11,0,0,38,0,38,0,4,45,0,49,38,0,38,87
01/03/2006,ALW,WA,ANM,WE,Federal Contract Tower,0,8,8,0,16,0,0,34,0,34,0,8,42,0,50,42,0,42,92
01/04/2006,ALW,WA,ANM,WE,Federal Contract Tower,0,8,11,1,20,0,2,36,1,39,0,10,47,2,59,80,0,80,139
01/05/2006,ALW,WA,ANM,WE,Federal Contract Tower,0,4,1,0,5,0,0,17,0,17,0,4,18,0,22,86,0,86,108
01/06/2006,ALW,WA,ANM,WE,Federal Contract Tower,0,9,6,0,15,0,2,26,0,28,0,11,32,0,43,34,0,34,77
01/07/2006,ALW,WA,ANM,WE,Federal Contract Tower,0,3,0,0,3,0,0,6,0,6,0,3,6,0,9,4,1,5,14
01/08/2006,ALW,WA,ANM,WE,Federal Contract Tower,0,4,1,0,5,0,4,25,0,29,0,8,26,0,34,38,0,38,72
01/09/2006,ALW,WA,ANM,WE,Federal Contract Tower,0,7,3,0,10,0,0,11,0,11,0,7,14,0,21,8,0,8,29
01/10/2006,ALW,WA,ANM,WE,Federal Contract Tower,0,7,13,0,20,0,2,17,0,19,0,9,30,0,39,24,0,24,63
01/11/2006,ALW,WA,ANM,WE,Federal Contract Tower,0,9,12,0,21,0,0,30,0,30,0,9,42,0,51,62,0,62,113
01/12/2006,ALW,WA,ANM,WE,Federal Contract Tower,0,6,6,0,12,0,15,42,0,57,0,21,48,0,69,78,0,78,147
01/13/2006,ALW,WA,ANM,WE,Federal Contract Tower,0,7,2,0,9,0,2,14,0,16,0,9,16,0,25,6,0,6,31
01/14/2006,ALW,WA,ANM,WE,Federal Contract Tower,0,5,0,0,5,0,0,0,0,0,0,5,0,0,5,0,0,0,5
01/15/2006,ALW,WA,ANM,WE,Federal Contract Tower,0,4,4,0,8,0,0,17,0,17,0,4,21,0,25,18,0,18,43
01/16/2006,ALW,WA,ANM,WE,Federal Contract Tower,0,8,2,0,10,0,1,19,0,20,0,9,21,0,30,26,0,26,56
01/17/2006,ALW,WA,ANM,WE,Federal Contract Tower,0,6,17,0,23,0,0,24,0,24,0,6,41,0,47,44,0,44,91
01/18/2006,ALW,WA,ANM,WE,Federal Contract Tower,0,10,10,0,20,0,2,27,0,29,0,12,37,0,49,72,0,72,121
01/19/2006,ALW,WA,ANM,WE,Federal Contract Tower,0,14,14,0,28,0,0,26,2,28,0,14,40,2,56,76,0,76,132
01/20/2006,ALW,WA,ANM,WE,Federal Contract Tower,0,8,9,0,17,0,1,25,0,26,0,9,34,0,43,94,0,94,137
01/21/2006,ALW,WA,ANM,WE,Federal Contract Tower,0,2,7,0,9,0,1,16,0,17,0,3,23,0,26,0,0,0,26
01/22/2006,ALW,WA,ANM,WE,Federal Contract Tower,0,4,3,0,7,0,0,37,0,37,0,4,40,0,44,36,0,36,80
01/23/2006,ALW,WA,ANM,WE,Federal Contract Tower,0,6,6,0,12,0,1,42,0,43,0,7,48,0,55,52,0,52,107
01/24/2006,ALW,WA,ANM,WE,Federal Contract Tower,0,8,1,0,9,0,1,8,0,9,0,9,9,0,18,2,0,2,20
01/25/2006,ALW,WA,ANM,WE,Federal Contract Tower,0,0,0,0,0,0,0,4,0,4,0,0,4,0,4,0,0,0,4
01/26/2006,ALW,WA,ANM,WE,Federal Contract Tower,0,8,9,0,17,0,2,46,0,48,0,10,55,0,65,100,0,100,165
01/27/2006,ALW,WA,ANM,WE,Federal Contract Tower,0,7,10,0,17,0,3,29,0,32,0,10,39,0,49,32,0,32,81
01/28/2006,ALW,WA,ANM,WE,Federal Contract Tower,0,4,2,0,6,0,0,4,0,4,0,4,6,0,10,6,0,6,16
01/29/2006,ALW,WA,ANM,WE,Federal Contract Tower,0,5,2,0,7,0,2,8,0,10,0,7,10,0,17,0,0,0,17
01/30/2006,ALW,WA,ANM,WE,Federal Contract Tower,0,7,10,0,17,0,0,34,0,34,0,7,44,0,51,50,0,50,101
01/31/2006,ALW,WA,ANM,WE,Federal Contract Tower,0,6,6,0,12,0,3,25,0,28,0,9,31,0,40,18,0,18,58
02/01/2006,ALW,WA,ANM,WE,Federal Contract Tower,0,8,3,0,11,0,1,31,0,32,0,9,34,0,43,76,0,76,119
02/02/2006,ALW,WA,ANM,WE,Federal Contract Tower,0,8,18,0,26,0,4,22,0,26,0,12,40,0,52,72,0,72,124
02/03/2006,ALW,WA,ANM,WE,Federal Contract Tower,0,6,1,0,7,0,2,35,0,37,0,8,36,0,44,80,0,80,124
02/04/2006,ALW,WA,ANM,WE,Federal Contract Tower,0,3,0,0,3,0,0,2,0,2,0,3,2,0,5,10,0,10,15
02/05/2006,ALW,WA,ANM,WE,Federal Contract Tower,0,4,3,0,7,0,0,14,0,14,0,4,17,0,21,34,0,34,55
02/06/2006,ALW,WA,ANM,WE,Federal Contract Tower,0,6,1,0,7,0,3,35,0,38,0,9,36,0,45,62,0,62,107
02/07/2006,ALW,WA,ANM,WE,Federal Contract Tower,0,8,7,0,15,0,4,33,0,37,0,12,40,0,52,52,0,52,104
02/08/2006,ALW,WA,ANM,WE,Federal Contract Tower,0,7,5,0,12,0,0,38,0,38,0,7,43,0,50,70,0,70,120
02/09/2006,ALW,WA,ANM,WE,Federal Contract Tower,0,6,11,0,17,0,0,13,0,13,0,6,24,0,30,10,0,10,40
02/10/2006,ALW,WA,ANM,WE,Federal Contract Tower,0,8,8,0,16,0,3,48,0,51,0,11,56,0,67,58,0,58,125
02/11/2006,ALW,WA,ANM,WE,Federal Contract Tower,0,3,3,0,6,0,0,58,0,58,0,3,61,0,64,24,0,24,88
02/12/2006,ALW,WA,ANM,WE,Federal Contract Tower,0,4,5,0,9,0,0,35,0,35,0,4,40,0,44,36,0,36,80
02/13/2006,ALW,WA,ANM,WE,Federal Contract Tower,0,9,5,0,14,0,0,15,0,15,0,9,20,0,29,6,0,6,35
02/14/2006,ALW,WA,ANM,WE,Federal Contract Tower,0,7,7,0,14,0,1,30,0,31,0,8,37,0,45,24,0,24,69
02/15/2006,ALW,WA,ANM,WE,Federal Contract Tower,0,16,7,0,23,0,6,45,0,51,0,22,52,0,74,52,0,52,126
02/16/2006,ALW,WA,ANM,WE,Federal Contract Tower,0,10,2,0,12,0,0,52,0,52,0,10,54,0,64,28,0,28,92
02/17/2006,ALW,WA,ANM,WE,Federal Contract Tower,0,8,2,0,10,0,2,10,0,12,0,10,12,0,22,0,0,0,22
02/18/2006,ALW,WA,ANM,WE,Federal Contract Tower,0,6,1,0,7,0,0,16,0,16,0,6,17,0,23,2,0,2,25
02/19/2006,ALW,WA,ANM,WE,Federal Contract Tower,0,5,2,0,7,0,0,14,0,14,0,5,16,0,21,10,0,10,31
02/20/2006,ALW,WA,ANM,WE,Federal Contract Tower,0,8,4,0,12,0,2,9,0,11,0,10,13,0,23,0,0,0,23
02/21/2006,ALW,WA,ANM,WE,Federal Contract Tower,0,7,4,0,11,0,1,18,0,19,0,8,22,0,30,126,0,126,156
02/22/2006,ALW,WA,ANM,WE,Federal Contract Tower,0,8,11,0,19,0,2,15,0,17,0,10,26,0,36,16,0,16,52
02/23/2006,ALW,WA,ANM,WE,Federal Contract Tower,0,10,1,0,11,0,0,18,0,18,0,10,19,0,29,26,0,26,55
02/24/2006,ALW,WA,ANM,WE,Federal Contract Tower,0,6,2,0,8,0,2,25,0,27,0,8,27,0,35,44,0,44,79
02/25/2006,ALW,WA,ANM,WE,Federal Contract Tower,0,3,2,0,5,0,2,27,0,29,0,5,29,0,34,24,0,24,58
02/26/2006,ALW,WA,ANM,WE,Federal Contract Tower,0,5,4,0,9,0,0,20,0,20,0,5,24,0,29,32,0,32,61
02/27/2006,ALW,WA,ANM,WE,Federal Contract Tower,0,7,1,0,8,0,0,15,0,15,0,7,16,0,23,36,0,36,59
02/28/2006,ALW,WA,ANM,WE,Federal Contract Tower,0,8,4,0,12,0,1,0,0,1,0,9,4,0,13,0,0,0,13
03/01/2006,ALW,WA,ANM,WE,Federal Contract Tower,0,14,9,0,23,0,6,25,0,31,0,20,34,0,54,34,0,34,88
03/02/2006,ALW,WA,ANM,WE,Federal Contract Tower,0,8,5,0,13,0,5,16,0,21,0,13,21,0,34,48,0,48,82
03/03/2006,ALW,WA,ANM,WE,Federal Contract Tower,0,10,0,0,10,0,4,32,0,36,0,14,32,0,46,32,0,32,78
03/04/2006,ALW,WA,ANM,WE,Federal Contract Tower,0,6,2,0,8,0,2,20,0,22,0,8,22,0,30,10,0,10,40
03/05/2006,ALW,WA,ANM,WE,Federal Contract Tower,0,4,1,0,5,0,0,14,0,14,0,4,15,0,19,8,0,8,27
03/06/2006,ALW,WA,ANM,WE,Federal Contract Tower,0,7,1,0,8,0,1,12,0,13,0,8,13,0,21,46,0,46,67
03/07/2006,ALW,WA,ANM,WE,Federal Contract Tower,0,10,1,0,11,0,0,29,0,29,0,10,30,0,40,40,0,40,80
03/08/2006,ALW,WA,ANM,WE,Federal Contract Tower,0,8,4,0,12,0,2,18,0,20,0,10,22,0,32,58,0,58,90
03/09/2006,ALW,WA,ANM,WE,Federal Contract Tower,0,11,0,0,11,0,9,13,0,22,0,20,13,0,33,48,0,48,81
03/10/2006,ALW,WA,ANM,WE,Federal Contract Tower,0,8,4,0,12,0,7,27,0,34,0,15,31,0,46,20,0,20,66
03/11/2006,ALW,WA,ANM,WE,Federal Contract Tower,0,3,1,0,4,0,2,32,0,34,0,5,33,0,38,26,0,26,64
03/12/2006,ALW,WA,ANM,WE,Federal Contract Tower,0,4,0,0,4,0,0,10,0,10,0,4,10,0,14,0,0,0,14
03/13/2006,ALW,WA,ANM,WE,Federal Contract Tower,0,10,5,0,15,0,2,12,0,14,0,12,17,0,29,38,0,38,67
03/14/2006,ALW,WA,ANM,WE,Federal Contract Tower,0,11,4,0,15,0,6,6,0,12,0,17,10,0,27,32,0,32,59
03/15/2006,ALW,WA,ANM,WE,Federal Contract Tower,0,8,5,0,13,0,2,51,0,53,0,10,56,0,66,40,0,40,106
03/16/2006,ALW,WA,ANM,WE,Federal Contract Tower,0,9,5,0,14,0,6,3,0,9,0,15,8,0,23,0,0,0,23
03/17/2006,ALW,WA,ANM,WE,Federal Contract Tower,0,8,3,0,11,0,0,29,0,29,0,8,32,0,40,0,0,0,40
03/18/2006,ALW,WA,ANM,WE,Federal Contract Tower,0,3,4,0,7,0,3,17,0,20,0,6,21,0,27,20,0,20,47
03/19/2006,ALW,WA,ANM,WE,Federal Contract Tower,0,5,1,0,6,0,1,45,0,46,0,6,46,0,52,10,0,10,62
03/20/2006,ALW,WA,ANM,WE,Federal Contract Tower,2,8,4,0,14,2,2,39,0,43,4,10,43,0,57,2,0,2,59
03/21/2006,ALW,WA,ANM,WE,Federal Contract Tower,0,10,5,0,15,0,3,19,0,22,0,13,24,0,37,18,0,18,55
03/22/2006,ALW,WA,ANM,WE,Federal Contract Tower,0,8,8,0,16,0,5,8,0,13,0,13,16,0,29,8,0,8,37
03/23/2006,ALW,WA,ANM,WE,Federal Contract Tower,0,7,2,0,9,0,2,24,0,26,0,9,26,0,35,10,0,10,45
03/24/2006,ALW,WA,ANM,WE,Federal Contract Tower,0,8,4,0,12,0,1,18,0,19,0,9,22,0,31,2,0,2,33
03/25/2006,ALW,WA,ANM,WE,Federal Contract Tower,0,3,1,0,4,0,0,5,0,5,0,3,6,0,9,0,0,0,9
03/26/2006,ALW,WA,ANM,WE,Federal Contract Tower,0,5,0,0,5,0,1,15,0,16,0,6,15,0,21,20,0,20,41
03/27/2006,ALW,WA,ANM,WE,Federal Contract Tower,0,6,3,0,9,0,0,26,0,26,0,6,29,0,35,46,0,46,81
03/28/2006,ALW,WA,ANM,WE,Federal Contract Tower,0,10,1,0,11,0,0,19,0,19,0,10,20,0,30,34,0,34,64
03/29/2006,ALW,WA,ANM,WE,Federal Contract Tower,0,14,6,0,20,0,5,22,0,27,0,19,28,0,47,42,0,42,89
03/30/2006,ALW,WA,ANM,WE,Federal Contract Tower,0,10,3,0,13,0,2,43,0,45,0,12,46,0,58,76,0,76,134
03/31/2006,ALW,WA,ANM,WE,Federal Contract Tower,0,8,4,0,12,0,3,43,0,46,0,11,47,0,58,154,0,154,212
04/01/2006,ALW,WA,ANM,WE,Federal Contract Tower,0,3,4,0,7,0,4,13,0,17,0,7,17,0,24,16,0,16,40
04/02/2006,ALW,WA,ANM,WE,Federal Contract Tower,0,4,2,0,6,0,1,30,0,31,0,5,32,0,37,48,0,48,85
04/03/2006,ALW,WA,ANM,WE,Federal Contract Tower,0,6,7,0,13,0,1,48,0,49,0,7,55,0,62,36,0,36,98
04/04/2006,ALW,WA,ANM,WE,Federal Contract Tower,0,9,7,0,16,0,1,1,0,2,0,10,8,0,18,16,0,16,34
04/05/2006,ALW,WA,ANM,WE,Federal Contract Tower,0,8,2,0,10,0,0,0,0,0,0,8,2,0,10,0,0,0,10
04/06/2006,ALW,WA,ANM,WE,Federal Contract Tower,0,7,2,0,9,0,0,28,0,28,0,7,30,0,37,52,0,52,89
04/07/2006,ALW,WA,ANM,WE,Federal Contract Tower,0,7,9,0,16,0,4,67,0,71,0,11,76,0,87,52,0,52,139
04/08/2006,ALW,WA,ANM,WE,Federal Contract Tower,0,4,6,0,10,0,0,4,0,4,0,4,10,0,14,0,0,0,14
04/09/2006,ALW,WA,ANM,WE,Federal Contract Tower,0,8,6,0,14,0,0,49,0,49,0,8,55,0,63,46,0,46,109
04/10/2006,ALW,WA,ANM,WE,Federal Contract Tower,0,8,6,0,14,0,0,12,0,12,0,8,18,0,26,30,0,30,56
04/11/2006,ALW,WA,ANM,WE,Federal Contract Tower,0,9,9,0,18,0,2,53,0,55,0,11,62,0,73,46,0,46,119
04/12/2006,ALW,WA,ANM,WE,Federal Contract Tower,0,10,11,0,21,0,4,25,0,29,0,14,36,0,50,52,0,52,102
04/13/2006,ALW,WA,ANM,WE,Federal Contract Tower,0,14,7,0,21,0,13,53,0,66,0,27,60,0,87,30,0,30,117
04/14/2006,ALW,WA,ANM,WE,Federal Contract Tower,0,9,7,0,16,0,1,17,0,18,0,10,24,0,34,62,0,62,96
04/15/2006,ALW,WA,ANM,WE,Federal Contract Tower,0,8,0,0,8,0,0,7,0,7,0,8,7,0,15,0,0,0,15
04/16/2006,ALW,WA,ANM,WE,Federal Contract Tower,0,4,0,0,4,0,0,26,0,26,0,4,26,0,30,20,0,20,50
04/17/2006,ALW,WA,ANM,WE,Federal Contract Tower,0,6,7,0,13,0,0,16,0,16,0,6,23,0,29,12,0,12,41
04/18/2006,ALW,WA,ANM,WE,Federal Contract Tower,0,8,9,0,17,0,1,63,0,64,0,9,72,0,81,28,0,28,109
04/19/2006,ALW,WA,ANM,WE,Federal Contract Tower,0,7,6,0,13,0,3,47,0,50,0,10,53,0,63,70,0,70,133
04/20/2006,ALW,WA,ANM,WE,Federal Contract Tower,0,15,12,0,27,0,9,83,0,92,0,24,95,0,119,76,0,76,195
04/21/2006,ALW,WA,ANM,WE,Federal Contract Tower,0,11,7,0,18,0,1,22,0,23,0,12,29,0,41,12,0,12,53
04/22/2006,ALW,WA,ANM,WE,Federal Contract Tower,0,5,2,2,9,0,3,42,0,45,0,8,44,2,54,42,12,54,108
04/23/2006,ALW,WA,ANM,WE,Federal Contract Tower,0,4,2,0,6,0,1,29,0,30,0,5,31,0,36,20,0,20,56
04/24/2006,ALW,WA,ANM,WE,Federal Contract Tower,0,6,13,0,19,0,1,43,0,44,0,7,56,0,63,18,0,18,81
04/25/2006,ALW,WA,ANM,WE,Federal Contract Tower,0,8,9,0,17,0,3,58,0,61,0,11,67,0,78,48,0,48,126
04/26/2006,ALW,WA,ANM,WE,Federal Contract Tower,0,9,1,0,10,0,4,45,0,49,0,13,46,0,59,42,0,42,101
04/27/2006,ALW,WA,ANM,WE,Federal Contract Tower,0,8,13,0,21,0,0,52,0,52,0,8,65,0,73,60,0,60,133
04/28/2006,ALW,WA,ANM,WE,Federal Contract Tower,0,8,10,0,18,0,3,70,0,73,0,11,80,0,91,52,0,52,143
04/29/2006,ALW,WA,ANM,WE,Federal Contract Tower,0,4,6,0,10,0,0,29,0,29,0,4,35,0,39,20,0,20,59
04/30/2006,ALW,WA,ANM,WE,Federal Contract Tower,0,6,4,0,10,0,0,24,0,24,0,6,28,0,34,10,0,10,44
05/01/2006,ALW,WA,ANM,WE,Federal Contract Tower,0,7,6,0,13,0,0,8,0,8,0,7,14,0,21,2,0,2,23
05/02/2006,ALW,WA,ANM,WE,Federal Contract Tower,0,11,8,0,19,0,5,21,0,26,0,16,29,0,45,22,0,22,67
05/03/2006,ALW,WA,ANM,WE,Federal Contract Tower,0,10,7,0,17,0,4,33,0,37,0,14,40,0,54,36,0,36,90
05/04/2006,ALW,WA,ANM,WE,Federal Contract Tower,0,8,6,0,14,0,4,35,0,39,0,12,41,0,53,52,0,52,105
05/05/2006,ALW,WA,ANM,WE,Federal Contract Tower,0,6,0,0,6,0,6,42,0,48,0,12,42,0,54,62,0,62,116
05/06/2006,ALW,WA,ANM,WE,Federal Contract Tower,0,6,10,0,16,0,0,21,0,21,0,6,31,0,37,8,0,8,45
05/07/2006,ALW,WA,ANM,WE,Federal Contract Tower,0,6,6,0,12,0,0,5,0,5,0,6,11,0,17,6,0,6,23
05/08/2006,ALW,WA,ANM,WE,Federal Contract Tower,0,5,8,0,13,0,3,26,0,29,0,8,34,0,42,46,0,46,88
05/09/2006,ALW,WA,ANM,WE,Federal Contract Tower,0,9,9,2,20,0,7,34,0,41,0,16,43,2,61,14,0,14,75
05/10/2006,ALW,WA,ANM,WE,Federal Contract Tower,0,6,16,0,22,0,1,42,0,43,0,7,58,0,65,56,0,56,121
05/11/2006,ALW,WA,ANM,WE,Federal Contract Tower,0,6,8,0,14,0,1,40,0,41,0,7,48,0,55,52,0,52,107
05/12/2006,ALW,WA,ANM,WE,Federal Contract Tower,0,10,15,0,25,0,2,34,0,36,0,12,49,0,61,50,0,50,111
05/13/2006,ALW,WA,ANM,WE,Federal Contract Tower,0,4,1,0,5,0,1,36,0,37,0,5,37,0,42,10,0,10,52
05/14/2006,ALW,WA,ANM,WE,Federal Contract Tower,0,4,5,0,9,0,1,27,0,28,0,5,32,0,37,2,0,2,39
05/15/2006,ALW,WA,ANM,WE,Federal Contract Tower,0,7,5,0,12,0,1,19,0,20,0,8,24,0,32,18,2,20,52
05/16/2006,ALW,WA,ANM,WE,Federal Contract Tower,0,9,2,0,11,0,0,40,0,40,0,9,42,0,51,54,0,54,105
05/17/2006,ALW,WA,ANM,WE,Federal Contract Tower,0,9,14,0,23,0,1,51,0,52,0,10,65,0,75,54,0,54,129
05/18/2006,ALW,WA,ANM,WE,Federal Contract Tower,0,6,4,0,10,0,0,21,0,21,0,6,25,0,31,60,0,60,91
05/19/2006,ALW,WA,ANM,WE,Federal Contract Tower,0,8,3,0,11,0,1,27,0,28,0,9,30,0,39,68,0,68,107
05/20/2006,ALW,WA,ANM,WE,Federal Contract Tower,0,4,3,0,7,0,0,74,0,74,0,4,77,0,81,2,0,2,83
05/21/2006,ALW,WA,ANM,WE,Federal Contract Tower,0,6,5,0,11,0,2,45,0,47,0,8,50,0,58,42,0,42,100
05/22/2006,ALW,WA,ANM,WE,Federal Contract Tower,0,8,10,0,18,0,0,20,0,20,0,8,30,0,38,22,0,22,60
05/23/2006,ALW,WA,ANM,WE,Federal Contract Tower,0,7,5,0,12,0,1,46,0,47,0,8,51,0,59,44,0,44,103
05/24/2006,ALW,WA,ANM,WE,Federal Contract Tower,0,6,4,0,10,0,0,34,8,42,0,6,38,8,52,70,0,70,122
05/25/2006,ALW,WA,ANM,WE,Federal Contract Tower,0,6,3,0,9,0,2,27,0,29,0,8,30,0,38,72,0,72,110
05/26/2006,ALW,WA,ANM,WE,Federal Contract Tower,0,6,12,0,18,0,5,37,0,42,0,11,49,0,60,50,0,50,110
05/27/2006,ALW,WA,ANM,WE,Federal Contract Tower,0,3,1,0,4,0,0,19,0,19,0,3,20,0,23,2,0,2,25
05/28/2006,ALW,WA,ANM,WE,Federal Contract Tower,0,3,4,0,7,0,0,4,0,4,0,3,8,0,11,10,0,10,21
05/29/2006,ALW,WA,ANM,WE,Federal Contract Tower,0,6,5,0,11,0,0,33,0,33,0,6,38,0,44,38,0,38,82
05/30/2006,ALW,WA,ANM,WE,Federal Contract Tower,0,8,1,0,9,0,3,52,0,55,0,11,53,0,64,58,0,58,122
05/31/2006,ALW,WA,ANM,WE,Federal Contract Tower,0,6,6,0,12,0,4,48,0,52,0,10,54,0,64,66,0,66,130
06/01/2006,ALW,WA,ANM,WE,Federal Contract Tower,0,6,5,0,11,0,2,51,0,53,0,8,56,0,64,74,0,74,138
06/02/2006,ALW,WA,ANM,WE,Federal Contract Tower,0,8,13,0,21,0,3,24,0,27,0,11,37,0,48,28,0,28,76
06/03/2006,ALW,WA,ANM,WE,Federal Contract Tower,0,5,3,0,8,0,3,28,0,31,0,8,31,0,39,10,0,10,49
06/04/2006,ALW,WA,ANM,WE,Federal Contract Tower,0,4,9,0,13,0,0,16,0,16,0,4,25,0,29,32,0,32,61
06/05/2006,ALW,WA,ANM,WE,Federal Contract Tower,0,6,9,2,17,0,2,36,0,38,0,8,45,2,55,52,0,52,107
06/06/2006,ALW,WA,ANM,WE,Federal Contract Tower,0,8,6,0,14,0,0,45,0,45,0,8,51,0,59,46,0,46,105
06/07/2006,ALW,WA,ANM,WE,Federal Contract Tower,0,7,9,0,16,0,0,31,0,31,0,7,40,0,47,32,0,32,79
06/08/2006,ALW,WA,ANM,WE,Federal Contract Tower,0,7,7,0,14,0,1,18,0,19,0,8,25,0,33,40,0,40,73
06/09/2006,ALW,WA,ANM,WE,Federal Contract Tower,0,7,5,2,14,0,1,26,0,27,0,8,31,2,41,26,0,26,67
06/10/2006,ALW,WA,ANM,WE,Federal Contract Tower,0,6,4,0,10,0,0,8,0,8,0,6,12,0,18,0,0,0,18
06/11/2006,ALW,WA,ANM,WE,Federal Contract Tower,0,4,0,0,4,0,1,40,0,41,0,5,40,0,45,12,0,12,57
06/12/2006,ALW,WA,ANM,WE,Federal Contract Tower,0,6,8,0,14,0,2,32,0,34,0,8,40,0,48,26,0,26,74
06/13/2006,ALW,WA,ANM,WE,Federal Contract Tower,0,6,6,0,12,0,1,8,0,9,0,7,14,0,21,0,0,0,21
06/14/2006,ALW,WA,ANM,WE,Federal Contract Tower,0,10,8,0,18,0,5,9,2,16,0,15,17,2,34,20,0,20,54
06/15/2006,ALW,WA,ANM,WE,Federal Contract Tower,0,7,3,0,10,0,2,21,0,23,0,9,24,0,33,6,0,6,39
06/16/2006,ALW,WA,ANM,WE,Federal Contract Tower,0,8,1,0,9,0,1,26,0,27,0,9,27,0,36,30,0,30,66
06/17/2006,ALW,WA,ANM,WE,Federal Contract Tower,0,3,6,0,9,0,6,19,0,25,0,9,25,0,34,0,0,0,34
06/18/2006,ALW,WA,ANM,WE,Federal Contract Tower,0,4,1,0,5,0,0,40,0,40,0,4,41,0,45,20,0,20,65
06/19/2006,ALW,WA,ANM,WE,Federal Contract Tower,0,7,6,0,13,0,2,20,0,22,0,9,26,0,35,12,0,12,47
06/20/2006,ALW,WA,ANM,WE,Federal Contract Tower,0,5,3,0,8,0,3,27,0,30,0,8,30,0,38,26,0,26,64
06/21/2006,ALW,WA,ANM,WE,Federal Contract Tower,0,5,4,1,10,0,2,22,1,25,0,7,26,2,35,26,0,26,61
06/22/2006,ALW,WA,ANM,WE,Federal Contract Tower,0,6,5,0,11,0,1,44,0,45,0,7,49,0,56,32,0,32,88
06/23/2006,ALW,WA,ANM,WE,Federal Contract Tower,0,6,4,0,10,0,1,53,0,54,0,7,57,0,64,22,0,22,86
06/24/2006,ALW,WA,ANM,WE,Federal Contract Tower,0,4,0,0,4,0,1,42,0,43,0,5,42,0,47,8,0,8,55
06/25/2006,ALW,WA,ANM,WE,Federal Contract Tower,0,4,0,0,4,0,0,33,0,33,0,4,33,0,37,10,0,10,47
06/26/2006,ALW,WA,ANM,WE,Federal Contract Tower,0,6,1,0,7,0,1,22,0,23,0,7,23,0,30,32,0,32,62
06/27/2006,ALW,WA,ANM,WE,Federal Contract Tower,0,6,5,0,11,0,2,28,0,30,0,8,33,0,41,12,0,12,53
06/28/2006,ALW,WA,ANM,WE,Federal Contract Tower,0,5,6,0,11,0,2,46,0,48,0,7,52,0,59,50,0,50,109
06/29/2006,ALW,WA,ANM,WE,Federal Contract Tower,0,6,3,0,9,0,0,19,0,19,0,6,22,0,28,38,0,38,66
06/30/2006,ALW,WA,ANM,WE,Federal Contract Tower,0,5,4,0,9,0,0,54,0,54,0,5,58,0,63,54,0,54,117
07/01/2006,ALW,WA,ANM,WE,Federal Contract Tower,0,5,1,0,6,0,0,38,0,38,0,5,39,0,44,0,0,0,44
07/02/2006,ALW,WA,ANM,WE,Federal Contract Tower,0,7,2,0,9,0,0,36,0,36,0,7,38,0,45,30,0,30,75
07/03/2006,ALW,WA,ANM,WE,Federal Contract Tower,0,6,3,0,9,0,4,38,0,42,0,10,41,0,51,24,0,24,75
07/04/2006,ALW,WA,ANM,WE,Federal Contract Tower,0,5,0,0,5,0,0,18,0,18,0,5,18,0,23,34,0,34,57
07/05/2006,ALW,WA,ANM,WE,Federal Contract Tower,0,7,2,0,9,0,0,21,0,21,0,7,23,0,30,26,0,26,56
07/06/2006,ALW,WA,ANM,WE,Federal Contract Tower,0,8,6,0,14,0,2,23,0,25,0,10,29,0,39,32,0,32,71
07/07/2006,ALW,WA,ANM,WE,Federal Contract Tower,0,8,3,0,11,0,1,43,0,44,0,9,46,0,55,26,0,26,81
07/08/2006,ALW,WA,ANM,WE,Federal Contract Tower,0,5,0,0,5,0,0,29,0,29,0,5,29,0,34,0,0,0,34
07/09/2006,ALW,WA,ANM,WE,Federal Contract Tower,0,6,0,0,6,0,0,39,0,39,0,6,39,0,45,64,0,64,109
07/10/2006,ALW,WA,ANM,WE,Federal Contract Tower,0,8,6,0,14,0,1,30,0,31,0,9,36,0,45,30,0,30,75
07/11/2006,ALW,WA,ANM,WE,Federal Contract Tower,0,7,0,0,7,0,1,43,0,44,0,8,43,0,51,52,0,52,103
07/12/2006,ALW,WA,ANM,WE,Federal Contract Tower,0,7,5,0,12,0,2,25,0,27,0,9,30,0,39,48,0,48,87
07/13/2006,ALW,WA,ANM,WE,Federal Contract Tower,0,7,7,0,14,0,2,39,0,41,0,9,46,0,55,38,0,38,93
07/14/2006,ALW,WA,ANM,WE,Federal Contract Tower,0,8,1,0,9,0,1,47,0,48,0,9,48,0,57,78,0,78,135
07/15/2006,ALW,WA,ANM,WE,Federal Contract Tower,0,5,2,0,7,0,0,36,0,36,0,5,38,0,43,22,0,22,65
07/16/2006,ALW,WA,ANM,WE,Federal Contract Tower,0,7,2,0,9,0,0,20,2,22,0,7,22,2,31,38,0,38,69
07/17/2006,ALW,WA,ANM,WE,Federal Contract Tower,0,9,5,0,14,0,0,27,8,35,0,9,32,8,49,50,0,50,99
07/18/2006,ALW,WA,ANM,WE,Federal Contract Tower,0,8,3,0,11,0,0,34,10,44,0,8,37,10,55,94,0,94,149
07/19/2006,ALW,WA,ANM,WE,Federal Contract Tower,0,10,8,0,18,0,0,50,5,55,0,10,58,5,73,54,0,54,127
07/20/2006,ALW,WA,ANM,WE,Federal Contract Tower,0,7,4,0,11,0,4,23,0,27,0,11,27,0,38,50,0,50,88
07/21/2006,ALW,WA,ANM,WE,Federal Contract Tower,0,7,10,0,17,0,1,47,0,48,0,8,57,0,65,66,0,66,131
07/22/2006,ALW,WA,ANM,WE,Federal Contract Tower,0,5,0,0,5,0,0,11,0,11,0,5,11,0,16,16,0,16,32
07/23/2006,ALW,WA,ANM,WE,Federal Contract Tower,0,6,2,0,8,0,0,12,0,12,0,6,14,0,20,12,0,12,32
07/24/2006,ALW,WA,ANM,WE,Federal Contract Tower,0,8,2,0,10,0,2,8,0,10,0,10,10,0,20,56,0,56,76
07/25/2006,ALW,WA,ANM,WE,Federal Contract Tower,0,8,5,0,13,0,0,22,2,24,0,8,27,2,37,30,0,30,67
07/26/2006,ALW,WA,ANM,WE,Federal Contract Tower,0,12,1,0,13,0,0,25,0,25,0,12,26,0,38,24,0,24,62
07/27/2006,ALW,WA,ANM,WE,Federal Contract Tower,0,8,6,0,14,0,2,25,0,27,0,10,31,0,41,12,0,12,53
07/28/2006,ALW,WA,ANM,WE,Federal Contract Tower,0,8,2,0,10,0,2,33,0,35,0,10,35,0,45,26,0,26,71
07/29/2006,ALW,WA,ANM,WE,Federal Contract Tower,0,9,5,0,14,0,1,27,0,28,0,10,32,0,42,0,0,0,42
07/30/2006,ALW,WA,ANM,WE,Federal Contract Tower,0,9,8,0,17,0,0,32,0,32,0,9,40,0,49,4,0,4,53
07/31/2006,ALW,WA,ANM,WE,Federal Contract Tower,0,8,4,0,12,0,1,42,0,43,0,9,46,0,55,40,0,40,95
08/01/2006,ALW,WA,ANM,WE,Federal Contract Tower,0,10,7,0,17,0,0,31,0,31,0,10,38,0,48,52,0,52,100
08/02/2006,ALW,WA,ANM,WE,Federal Contract Tower,0,8,3,0,11,0,2,26,0,28,0,10,29,0,39,44,0,44,83
08/03/2006,ALW,WA,ANM,WE,Federal Contract Tower,0,8,4,0,12,0,0,43,0,43,0,8,47,0,55,34,0,34,89
08/04/2006,ALW,WA,ANM,WE,Federal Contract Tower,0,7,8,0,15,0,3,24,0,27,0,10,32,0,42,22,0,22,64
08/05/2006,ALW,WA,ANM,WE,Federal Contract Tower,0,5,4,0,9,0,2,28,0,30,0,7,32,0,39,0,0,0,39
08/06/2006,ALW,WA,ANM,WE,Federal Contract Tower,0,6,1,0,7,0,0,25,0,25,0,6,26,0,32,10,0,10,42
08/07/2006,ALW,WA,ANM,WE,Federal Contract Tower,0,5,4,0,9,0,1,31,0,32,0,6,35,0,41,42,0,42,83
08/08/2006,ALW,WA,ANM,WE,Federal Contract Tower,0,7,8,0,15,0,0,31,0,31,0,7,39,0,46,38,0,38,84
08/09/2006,ALW,WA,ANM,WE,Federal Contract Tower,0,7,6,0,13,0,2,34,0,36,0,9,40,0,49,88,0,88,137
08/10/2006,ALW,WA,ANM,WE,Federal Contract Tower,0,7,11,0,18,0,3,32,0,35,0,10,43,0,53,64,0,64,117
08/11/2006,ALW,WA,ANM,WE,Federal Contract Tower,0,5,1,0,6,0,2,29,0,31,0,7,30,0,37,24,0,24,61
08/12/2006,ALW,WA,ANM,WE,Federal Contract Tower,0,4,5,0,9,0,1,30,0,31,0,5,35,0,40,4,0,4,44
08/13/2006,ALW,WA,ANM,WE,Federal Contract Tower,0,5,3,0,8,0,0,31,0,31,0,5,34,0,39,10,0,10,49
08/14/2006,ALW,WA,ANM,WE,Federal Contract Tower,0,6,1,0,7,0,0,35,0,35,0,6,36,0,42,20,0,20,62
08/15/2006,ALW,WA,ANM,WE,Federal Contract Tower,0,6,4,0,10,0,1,36,0,37,0,7,40,0,47,44,0,44,91
08/16/2006,ALW,WA,ANM,WE,Federal Contract Tower,0,6,5,0,11,0,3,18,0,21,0,9,23,0,32,38,0,38,70
08/17/2006,ALW,WA,ANM,WE,Federal Contract Tower,0,7,6,0,13,0,4,37,0,41,0,11,43,0,54,40,0,40,94
08/18/2006,ALW,WA,ANM,WE,Federal Contract Tower,0,6,10,0,16,0,1,39,0,40,0,7,49,0,56,38,0,38,94
08/19/2006,ALW,WA,ANM,WE,Federal Contract Tower,0,6,1,0,7,0,3,35,0,38,0,9,36,0,45,6,0,6,51
08/20/2006,ALW,WA,ANM,WE,Federal Contract Tower,0,5,1,0,6,0,0,37,0,37,0,5,38,0,43,0,0,0,43
08/21/2006,ALW,WA,ANM,WE,Federal Contract Tower,0,6,6,0,12,0,2,50,0,52,0,8,56,0,64,26,0,26,90
08/22/2006,ALW,WA,ANM,WE,Federal Contract Tower,0,9,9,0,18,0,23,41,0,64,0,32,50,0,82,6,0,6,88
08/23/2006,ALW,WA,ANM,WE,Federal Contract Tower,0,7,10,0,17,0,14,46,0,60,0,21,56,0,77,30,0,30,107
08/24/2006,ALW,WA,ANM,WE,Federal Contract Tower,0,8,14,0,22,0,16,58,0,74,0,24,72,0,96,26,0,26,122
08/25/2006,ALW,WA,ANM,WE,Federal Contract Tower,0,7,4,0,11,0,20,37,0,57,0,27,41,0,68,18,0,18,86
08/26/2006,ALW,WA,ANM,WE,Federal Contract Tower,0,4,1,0,5,0,15,24,0,39,0,19,25,0,44,0,0,0,44
08/27/2006,ALW,WA,ANM,WE,Federal Contract Tower,0,5,3,0,8,0,10,31,0,41,0,15,34,0,49,0,0,0,49
08/28/2006,ALW,WA,ANM,WE,Federal Contract Tower,0,10,10,0,20,0,9,21,0,30,0,19,31,0,50,22,0,22,72
08/29/2006,ALW,WA,ANM,WE,Federal Contract Tower,0,7,4,0,11,0,5,15,0,20,0,12,19,0,31,8,0,8,39
08/30/2006,ALW,WA,ANM,WE,Federal Contract Tower,0,6,6,0,12,0,9,18,0,27,0,15,24,0,39,44,0,44,83
08/31/2006,ALW,WA,ANM,WE,Federal Contract Tower,0,9,7,0,16,0,10,51,0,61,0,19,58,0,77,40,0,40,117
09/01/2006,ALW,WA,ANM,WE,Federal Contract Tower,0,6,9,0,15,0,16,31,0,47,0,22,40,0,62,36,0,36,98
09/02/2006,ALW,WA,ANM,WE,Federal Contract Tower,0,4,3,0,7,0,10,36,0,46,0,14,39,0,53,12,0,12,65
09/03/2006,ALW,WA,ANM,WE,Federal Contract Tower,0,4,2,0,6,0,5,30,0,35,0,9,32,0,41,18,0,18,59
09/04/2006,ALW,WA,ANM,WE,Federal Contract Tower,0,6,1,0,7,0,5,23,0,28,0,11,24,0,35,22,0,22,57
09/05/2006,ALW,WA,ANM,WE,Federal Contract Tower,0,10,0,0,10,0,2,30,0,32,0,12,30,0,42,8,0,8,50
09/06/2006,ALW,WA,ANM,WE,Federal Contract Tower,0,10,5,0,15,0,0,20,0,20,0,10,25,0,35,70,0,70,105
09/07/2006,ALW,WA,ANM,WE,Federal Contract Tower,0,8,9,0,17,0,3,41,0,44,0,11,50,0,61,92,0,92,153
09/08/2006,ALW,WA,ANM,WE,Federal Contract Tower,0,6,9,1,16,0,5,38,1,44,0,11,47,2,60,32,0,32,92
09/09/2006,ALW,WA,ANM,WE,Federal Contract Tower,0,5,3,0,8,0,2,7,0,9,0,7,10,0,17,2,0,2,19
09/10/2006,ALW,WA,ANM,WE,Federal Contract Tower,0,9,10,1,20,0,5,39,1,45,0,14,49,2,65,28,0,28,93
09/11/2006,ALW,WA,ANM,WE,Federal Contract Tower,0,8,8,0,16,0,3,40,0,43,0,11,48,0,59,68,0,68,127
09/12/2006,ALW,WA,ANM,WE,Federal Contract Tower,0,9,4,0,13,0,0,39,0,39,0,9,43,0,52,56,0,56,108
09/13/2006,ALW,WA,ANM,WE,Federal Contract Tower,0,6,9,0,15,0,8,35,0,43,0,14,44,0,58,48,0,48,106
09/14/2006,ALW,WA,ANM,WE,Federal Contract Tower,0,7,6,0,13,0,3,14,0,17,0,10,20,0,30,40,0,40,70
09/15/2006,ALW,WA,ANM,WE,Federal Contract Tower,0,8,11,0,19,0,10,15,0,25,0,18,26,0,44,28,0,28,72
09/16/2006,ALW,WA,ANM,WE,Federal Contract Tower,0,4,2,0,6,0,9,19,0,28,0,13,21,0,34,0,0,0,34
09/17/2006,ALW,WA,ANM,WE,Federal Contract Tower,0,5,5,0,10,0,3,26,0,29,0,8,31,0,39,6,0,6,45
09/18/2006,ALW,WA,ANM,WE,Federal Contract Tower,0,6,5,0,11,0,2,17,0,19,0,8,22,0,30,72,0,72,102
09/19/2006,ALW,WA,ANM,WE,Federal Contract Tower,0,10,11,1,22,0,2,19,1,22,0,12,30,2,44,92,0,92,136
09/20/2006,ALW,WA,ANM,WE,Federal Contract Tower,0,9,3,0,12,0,4,14,0,18,0,13,17,0,30,18,0,18,48
09/21/2006,ALW,WA,ANM,WE,Federal Contract Tower,0,8,4,0,12,0,1,10,0,11,0,9,14,0,23,6,0,6,29
09/22/2006,ALW,WA,ANM,WE,Federal Contract Tower,0,7,7,0,14,0,0,58,0,58,0,7,65,0,72,60,0,60,132
09/23/2006,ALW,WA,ANM,WE,Federal Contract Tower,0,4,0,0,4,0,0,32,0,32,0,4,32,0,36,0,0,0,36
09/24/2006,ALW,WA,ANM,WE,Federal Contract Tower,0,5,3,0,8,0,0,92,0,92,0,5,95,0,100,18,0,18,118
09/25/2006,ALW,WA,ANM,WE,Federal Contract Tower,0,5,3,0,8,0,3,25,0,28,0,8,28,0,36,16,0,16,52
09/26/2006,ALW,WA,ANM,WE,Federal Contract Tower,0,6,5,0,11,0,1,54,0,55,0,7,59,0,66,24,0,24,90
09/27/2006,ALW,WA,ANM,WE,Federal Contract Tower,0,8,5,0,13,0,7,30,0,37,0,15,35,0,50,22,0,22,72
09/28/2006,ALW,WA,ANM,WE,Federal Contract Tower,0,6,4,1,11,0,0,32,1,33,0,6,36,2,44,32,0,32,76
09/29/2006,ALW,WA,ANM,WE,Federal Contract Tower,0,9,2,0,11,0,4,36,0,40,0,13,38,0,51,26,0,26,77
09/30/2006,ALW,WA,ANM,WE,Federal Contract Tower,0,5,1,0,6,0,0,27,0,27,0,5,28,0,33,4,0,4,37
10/01/2006,ALW,WA,ANM,WE,Federal Contract Tower,0,5,4,0,9,0,0,31,0,31,0,5,35,0,40,30,0,30,70
10/02/2006,ALW,WA,ANM,WE,Federal Contract Tower,0,6,0,0,6,0,0,28,0,28,0,6,28,0,34,56,0,56,90
10/03/2006,ALW,WA,ANM,WE,Federal Contract Tower,0,6,4,0,10,0,3,25,0,28,0,9,29,0,38,44,0,44,82
10/04/2006,ALW,WA,ANM,WE,Federal Contract Tower,0,12,8,0,20,0,1,32,0,33,0,13,40,0,53,44,0,44,97
10/05/2006,ALW,WA,ANM,WE,Federal Contract Tower,0,11,6,0,17,0,0,39,0,39,0,11,45,0,56,44,0,44,100
10/06/2006,ALW,WA,ANM,WE,Federal Contract Tower,0,5,5,0,10,0,8,19,0,27,0,13,24,0,37,58,0,58,95
10/07/2006,ALW,WA,ANM,WE,Federal Contract Tower,0,4,5,0,9,0,1,33,0,34,0,5,38,0,43,0,0,0,43
10/08/2006,ALW,WA,ANM,WE,Federal Contract Tower,0,4,5,0,9,0,1,23,0,24,0,5,28,0,33,48,0,48,81
10/09/2006,ALW,WA,ANM,WE,Federal Contract Tower,0,6,6,0,12,0,0,23,0,23,0,6,29,0,35,42,0,42,77
10/10/2006,ALW,WA,ANM,WE,Federal Contract Tower,0,6,8,0,14,0,0,40,0,40,0,6,48,0,54,58,0,58,112
10/11/2006,ALW,WA,ANM,WE,Federal Contract Tower,0,8,10,0,18,0,4,30,0,34,0,12,40,0,52,26,0,26,78
10/12/2006,ALW,WA,ANM,WE,Federal Contract Tower,0,6,7,0,13,0,2,45,0,47,0,8,52,0,60,126,0,126,186
10/13/2006,ALW,WA,ANM,WE,Federal Contract Tower,0,5,9,0,14,0,2,56,0,58,0,7,65,0,72,44,0,44,116
10/14/2006,ALW,WA,ANM,WE,Federal Contract Tower,0,8,3,0,11,0,14,27,0,41,0,22,30,0,52,8,0,8,60
10/15/2006,ALW,WA,ANM,WE,Federal Contract Tower,0,6,3,0,9,0,0,14,0,14,0,6,17,0,23,22,0,22,45
10/16/2006,ALW,WA,ANM,WE,Federal Contract Tower,0,6,3,0,9,0,0,17,0,17,0,6,20,0,26,50,0,50,76
10/17/2006,ALW,WA,ANM,WE,Federal Contract Tower,0,7,14,0,21,0,0,24,0,24,0,7,38,0,45,70,0,70,115
10/18/2006,ALW,WA,ANM,WE,Federal Contract Tower,0,11,2,0,13,0,2,29,0,31,0,13,31,0,44,38,0,38,82
10/19/2006,ALW,WA,ANM,WE,Federal Contract Tower,0,8,13,1,22,0,1,24,1,26,0,9,37,2,48,28,0,28,76
10/20/2006,ALW,WA,ANM,WE,Federal Contract Tower,0,6,8,0,14,0,2,44,0,46,0,8,52,0,60,38,0,38,98
10/21/2006,ALW,WA,ANM,WE,Federal Contract Tower,0,4,3,0,7,0,0,28,0,28,0,4,31,0,35,14,0,14,49
10/22/2006,ALW,WA,ANM,WE,Federal Contract Tower,0,7,4,0,11,0,0,31,0,31,0,7,35,0,42,24,0,24,66
10/23/2006,ALW,WA,ANM,WE,Federal Contract Tower,0,6,8,0,14,0,0,52,0,52,0,6,60,0,66,66,0,66,132
10/24/2006,ALW,WA,ANM,WE,Federal Contract Tower,0,8,5,0,13,0,2,21,0,23,0,10,26,0,36,40,0,40,76
10/25/2006,ALW,WA,ANM,WE,Federal Contract Tower,0,9,17,0,26,0,7,46,0,53,0,16,63,0,79,38,0,38,117
10/26/2006,ALW,WA,ANM,WE,Federal Contract Tower,0,6,16,0,22,0,2,34,0,36,0,8,50,0,58,82,0,82,140
10/27/2006,ALW,WA,ANM,WE,Federal Contract Tower,0,6,9,0,15,0,4,46,0,50,0,10,55,0,65,68,0,68,133
10/28/2006,ALW,WA,ANM,WE,Federal Contract Tower,0,4,2,0,6,0,3,42,0,45,0,7,44,0,51,0,0,0,51
10/29/2006,ALW,WA,ANM,WE,Federal Contract Tower,0,5,3,0,8,0,0,5,0,5,0,5,8,0,13,0,0,0,13
10/30/2006,ALW,WA,ANM,WE,Federal Contract Tower,0,7,10,0,17,0,2,30,0,32,0,9,40,0,49,46,0,46,95
10/31/2006,ALW,WA,ANM,WE,Federal Contract Tower,0,6,7,0,13,0,0,23,0,23,0,6,30,0,36,44,0,44,80
11/01/2006,ALW,WA,ANM,WE,Federal Contract Tower,0,7,7,0,14,0,2,27,0,29,0,9,34,0,43,62,0,62,105
11/02/2006,ALW,WA,ANM,WE,Federal Contract Tower,0,10,4,0,14,0,2,7,0,9,0,12,11,0,23,36,0,36,59
11/03/2006,ALW,WA,ANM,WE,Federal Contract Tower,0,9,10,0,19,0,8,21,0,29,0,17,31,0,48,36,0,36,84
11/04/2006,ALW,WA,ANM,WE,Federal Contract Tower,0,4,5,0,9,0,0,14,0,14,0,4,19,0,23,4,0,4,27
11/05/2006,ALW,WA,ANM,WE,Federal Contract Tower,0,6,4,0,10,0,1,41,2,44,0,7,45,2,54,56,0,56,110
11/06/2006,ALW,WA,ANM,WE,Federal Contract Tower,0,6,7,0,13,0,0,14,0,14,0,6,21,0,27,4,0,4,31
11/07/2006,ALW,WA,ANM,WE,Federal Contract Tower,0,7,5,0,12,0,0,8,0,8,0,7,13,0,20,14,0,14,34
11/08/2006,ALW,WA,ANM,WE,Federal Contract Tower,0,7,13,0,20,0,2,32,0,34,0,9,45,0,54,50,0,50,104
11/09/2006,ALW,WA,ANM,WE,Federal Contract Tower,0,6,10,0,16,0,1,29,0,30,0,7,39,0,46,66,0,66,112
11/10/2006,ALW,WA,ANM,WE,Federal Contract Tower,0,6,4,0,10,0,2,3,0,5,0,8,7,0,15,0,0,0,15
11/11/2006,ALW,WA,ANM,WE,Federal Contract Tower,0,5,3,0,8,0,1,6,0,7,0,6,9,0,15,0,0,0,15
11/12/2006,ALW,WA,ANM,WE,Federal Contract Tower,0,5,3,0,8,0,0,20,0,20,0,5,23,0,28,16,0,16,44
11/13/2006,ALW,WA,ANM,WE,Federal Contract Tower,0,9,0,0,9,0,1,9,0,10,0,10,9,0,19,46,0,46,65
11/14/2006,ALW,WA,ANM,WE,Federal Contract Tower,0,7,4,0,11,0,0,32,0,32,0,7,36,0,43,62,0,62,105
11/15/2006,ALW,WA,ANM,WE,Federal Contract Tower,0,7,2,0,9,0,0,4,0,4,0,7,6,0,13,0,0,0,13
11/16/2006,ALW,WA,ANM,WE,Federal Contract Tower,0,7,9,0,16,0,2,30,0,32,0,9,39,0,48,34,0,34,82
11/17/2006,ALW,WA,ANM,WE,Federal Contract Tower,0,7,8,0,15,0,2,48,0,50,0,9,56,0,65,18,0,18,83
11/18/2006,ALW,WA,ANM,WE,Federal Contract Tower,0,5,0,0,5,0,2,10,0,12,0,7,10,0,17,20,0,20,37
11/19/2006,ALW,WA,ANM,WE,Federal Contract Tower,0,5,4,0,9,0,0,10,0,10,0,5,14,0,19,50,0,50,69
11/20/2006,ALW,WA,ANM,WE,Federal Contract Tower,0,6,2,0,8,0,0,15,0,15,0,6,17,0,23,8,0,8,31
11/21/2006,ALW,WA,ANM,WE,Federal Contract Tower,0,7,3,0,10,0,0,21,0,21,0,7,24,0,31,14,0,14,45
11/22/2006,ALW,WA,ANM,WE,Federal Contract Tower,0,10,1,0,11,0,0,1,0,1,0,10,2,0,12,4,0,4,16
11/23/2006,ALW,WA,ANM,WE,Federal Contract Tower,0,4,3,0,7,0,0,2,0,2,0,4,5,0,9,0,0,0,9
11/24/2006,ALW,WA,ANM,WE,Federal Contract Tower,0,5,3,0,8,0,0,6,0,6,0,5,9,0,14,8,0,8,22
11/25/2006,ALW,WA,ANM,WE,Federal Contract Tower,0,8,0,0,8,0,1,11,0,12,0,9,11,0,20,12,0,12,32
11/26/2006,ALW,WA,ANM,WE,Federal Contract Tower,0,7,4,0,11,0,0,2,0,2,0,7,6,0,13,0,0,0,13
11/27/2006,ALW,WA,ANM,WE,Federal Contract Tower,0,12,12,0,24,0,0,8,0,8,0,12,20,0,32,8,0,8,40
11/28/2006,ALW,WA,ANM,WE,Federal Contract Tower,0,10,7,0,17,0,0,13,0,13,0,10,20,0,30,6,0,6,36
11/29/2006,ALW,WA,ANM,WE,Federal Contract Tower,0,4,9,0,13,0,1,37,0,38,0,5,46,0,51,12,0,12,63
11/30/2006,ALW,WA,ANM,WE,Federal Contract Tower,0,11,6,0,17,0,0,13,0,13,0,11,19,0,30,40,0,40,70
12/01/2006,ALW,WA,ANM,WE,Federal Contract Tower,0,6,10,0,16,0,2,29,2,33,0,8,39,2,49,48,0,48,97
12/02/2006,ALW,WA,ANM,WE,Federal Contract Tower,0,4,1,0,5,0,1,0,0,1,0,5,1,0,6,0,0,0,6
12/03/2006,ALW,WA,ANM,WE,Federal Contract Tower,0,3,1,0,4,0,1,1,0,2,0,4,2,0,6,0,0,0,6
12/04/2006,ALW,WA,ANM,WE,Federal Contract Tower,0,7,2,0,9,0,1,4,0,5,0,8,6,0,14,10,0,10,24
12/05/2006,ALW,WA,ANM,WE,Federal Contract Tower,0,8,14,2,24,0,0,5,2,7,0,8,19,4,31,0,0,0,31
12/06/2006,ALW,WA,ANM,WE,Federal Contract Tower,0,7,9,0,16,0,0,16,0,16,0,7,25,0,32,62,0,62,94
12/07/2006,ALW,WA,ANM,WE,Federal Contract Tower,0,7,5,0,12,0,0,1,0,1,0,7,6,0,13,0,0,0,13
12/08/2006,ALW,WA,ANM,WE,Federal Contract Tower,0,6,8,0,14,0,0,1,0,1,0,6,9,0,15,0,0,0,15
12/09/2006,ALW,WA,ANM,WE,Federal Contract Tower,0,4,1,0,5,0,0,0,0,0,0,4,1,0,5,0,0,0,5
12/10/2006,ALW,WA,ANM,WE,Federal Contract Tower,0,7,1,0,8,0,0,4,0,4,0,7,5,0,12,24,0,24,36
12/11/2006,ALW,WA,ANM,WE,Federal Contract Tower,0,4,4,0,8,0,0,8,0,8,0,4,12,0,16,2,0,2,18
12/12/2006,ALW,WA,ANM,WE,Federal Contract Tower,0,6,1,0,7,0,0,15,0,15,0,6,16,0,22,20,0,20,42
12/13/2006,ALW,WA,ANM,WE,Federal Contract Tower,0,7,6,0,13,0,0,2,0,2,0,7,8,0,15,4,0,4,19
12/14/2006,ALW,WA,ANM,WE,Federal Contract Tower,0,6,2,0,8,0,0,0,0,0,0,6,2,0,8,0,0,0,8
12/15/2006,ALW,WA,ANM,WE,Federal Contract Tower,0,5,3,2,10,0,3,2,4,9,0,8,5,6,19,0,8,8,27
12/16/2006,ALW,WA,ANM,WE,Federal Contract Tower,0,4,0,0,4,0,1,35,0,36,0,5,35,0,40,30,0,30,70
12/17/2006,ALW,WA,ANM,WE,Federal Contract Tower,0,6,0,0,6,0,0,4,0,4,0,6,4,0,10,14,0,14,24
12/18/2006,ALW,WA,ANM,WE,Federal Contract Tower,0,3,2,0,5,0,0,0,0,0,0,3,2,0,5,0,0,0,5
12/19/2006,ALW,WA,ANM,WE,Federal Contract Tower,0,8,3,0,11,0,0,0,0,0,0,8,3,0,11,0,0,0,11
12/20/2006,ALW,WA,ANM,WE,Federal Contract Tower,0,7,3,0,10,0,0,0,0,0,0,7,3,0,10,0,0,0,10
12/21/2006,ALW,WA,ANM,WE,Federal Contract Tower,0,8,1,0,9,0,0,7,0,7,0,8,8,0,16,0,0,0,16
12/22/2006,ALW,WA,ANM,WE,Federal Contract Tower,0,8,4,0,12,0,0,6,0,6,0,8,10,0,18,16,0,16,34
12/23/2006,ALW,WA,ANM,WE,Federal Contract Tower,0,8,4,0,12,0,1,3,0,4,0,9,7,0,16,6,0,6,22
12/24/2006,ALW,WA,ANM,WE,Federal Contract Tower,0,2,0,0,2,0,0,0,0,0,0,2,0,0,2,0,0,0,2
12/25/2006,ALW,WA,ANM,WE,Federal Contract Tower,0,4,0,0,4,0,0,0,0,0,0,4,0,0,4,0,0,0,4
12/26/2006,ALW,WA,ANM,WE,Federal Contract Tower,0,7,0,0,7,0,0,0,0,0,0,7,0,0,7,0,0,0,7
12/27/2006,ALW,WA,ANM,WE,Federal Contract Tower,0,6,1,0,7,0,0,0,0,0,0,6,1,0,7,0,0,0,7
12/28/2006,ALW,WA,ANM,WE,Federal Contract Tower,0,8,3,0,11,0,0,24,0,24,0,8,27,0,35,40,0,40,75
12/29/2006,ALW,WA,ANM,WE,Federal Contract Tower,0,7,3,0,10,0,1,17,0,18,0,8,20,0,28,12,0,12,40
12/30/2006,ALW,WA,ANM,WE,Federal Contract Tower,0,4,0,0,4,0,0,0,0,0,0,4,0,0,4,0,0,0,4
12/31/2006,ALW,WA,ANM,WE,Federal Contract Tower,0,4,0,0,4,0,0,0,0,0,0,4,0,0,4,0,0,0,4
01/01/2007,ALW,WA,ANM,WE,Federal Contract Tower,0,4,0,0,4,0,0,7,0,7,0,4,7,0,11,30,0,30,41
01/02/2007,ALW,WA,ANM,WE,Federal Contract Tower,0,7,1,0,8,0,0,0,0,0,0,7,1,0,8,0,0,0,8
01/03/2007,ALW,WA,ANM,WE,Federal Contract Tower,0,7,5,0,12,0,0,5,0,5,0,7,10,0,17,4,0,4,21
01/04/2007,ALW,WA,ANM,WE,Federal Contract Tower,0,7,9,0,16,0,0,6,0,6,0,7,15,0,22,2,0,2,24
01/05/2007,ALW,WA,ANM,WE,Federal Contract Tower,0,6,6,0,12,0,2,22,0,24,0,8,28,0,36,32,0,32,68
01/06/2007,ALW,WA,ANM,WE,Federal Contract Tower,0,6,1,0,7,0,1,4,0,5,0,7,5,0,12,0,0,0,12
01/07/2007,ALW,WA,ANM,WE,Federal Contract Tower,0,8,0,0,8,0,0,0,0,0,0,8,0,0,8,0,0,0,8
01/08/2007,ALW,WA,ANM,WE,Federal Contract Tower,0,7,7,0,14,0,2,48,0,50,0,9,55,0,64,74,0,74,138
01/09/2007,ALW,WA,ANM,WE,Federal Contract Tower,0,7,7,0,14,0,0,28,0,28,0,7,35,0,42,54,0,54,96
01/10/2007,ALW,WA,ANM,WE,Federal Contract Tower,0,6,6,0,12,0,3,17,0,20,0,9,23,0,32,44,0,44,76
01/11/2007,ALW,WA,ANM,WE,Federal Contract Tower,0,7,6,0,13,0,1,5,0,6,0,8,11,0,19,0,0,0,19
01/12/2007,ALW,WA,ANM,WE,Federal Contract Tower,0,6,6,0,12,0,1,34,0,35,0,7,40,0,47,46,0,46,93
01/13/2007,ALW,WA,ANM,WE,Federal Contract Tower,0,4,1,0,5,0,1,12,0,13,0,5,13,0,18,10,0,10,28
01/14/2007,ALW,WA,ANM,WE,Federal Contract Tower,0,6,7,0,13,0,0,0,0,0,0,6,7,0,13,30,0,30,43
01/15/2007,ALW,WA,ANM,WE,Federal Contract Tower,0,6,1,0,7,0,2,24,0,26,0,8,25,0,33,38,0,38,71
01/16/2007,ALW,WA,ANM,WE,Federal Contract Tower,0,5,7,0,12,0,1,15,0,16,0,6,22,0,28,48,0,48,76
01/17/2007,ALW,WA,ANM,WE,Federal Contract Tower,0,9,11,0,20,0,0,1,0,1,0,9,12,0,21,0,0,0,21
01/18/2007,ALW,WA,ANM,WE,Federal Contract Tower,0,6,4,0,10,0,0,0,0,0,0,6,4,0,10,0,0,0,10
01/19/2007,ALW,WA,ANM,WE,Federal Contract Tower,0,6,2,0,8,0,0,0,0,0,0,6,2,0,8,0,0,0,8
01/20/2007,ALW,WA,ANM,WE,Federal Contract Tower,0,5,3,0,8,0,0,9,0,9,0,5,12,0,17,4,0,4,21
01/21/2007,ALW,WA,ANM,WE,Federal Contract Tower,0,5,3,0,8,0,0,32,0,32,0,5,35,0,40,24,0,24,64
01/22/2007,ALW,WA,ANM,WE,Federal Contract Tower,0,8,7,0,15,0,5,34,0,39,0,13,41,0,54,50,0,50,104
01/23/2007,ALW,WA,ANM,WE,Federal Contract Tower,0,8,6,0,14,0,0,39,0,39,0,8,45,0,53,70,0,70,123
01/24/2007,ALW,WA,ANM,WE,Federal Contract Tower,0,2,1,0,3,0,0,0,0,0,0,2,1,0,3,0,0,0,3
01/25/2007,ALW,WA,ANM,WE,Federal Contract Tower,0,8,15,0,23,0,5,25,0,30,0,13,40,0,53,28,0,28,81
01/26/2007,ALW,WA,ANM,WE,Federal Contract Tower,0,8,2,0,10,0,0,0,0,0,0,8,2,0,10,0,0,0,10
01/27/2007,ALW,WA,ANM,WE,Federal Contract Tower,0,5,3,0,8,0,0,0,0,0,0,5,3,0,8,0,0,0,8
01/28/2007,ALW,WA,ANM,WE,Federal Contract Tower,0,5,1,0,6,0,0,6,0,6,0,5,7,0,12,18,0,18,30
01/29/2007,ALW,WA,ANM,WE,Federal Contract Tower,0,6,4,0,10,0,0,0,0,0,0,6,4,0,10,0,0,0,10
01/30/2007,ALW,WA,ANM,WE,Federal Contract Tower,0,8,5,0,13,0,0,9,0,9,0,8,14,0,22,56,0,56,78
01/31/2007,ALW,WA,ANM,WE,Federal Contract Tower,0,9,2,0,11,0,0,1,0,1,0,9,3,0,12,8,0,8,20
02/01/2007,ALW,WA,ANM,WE,Federal Contract Tower,0,7,8,0,15,0,0,0,0,0,0,7,8,0,15,0,0,0,15
02/02/2007,ALW,WA,ANM,WE,Federal Contract Tower,0,5,8,0,13,0,2,44,0,46,0,7,52,0,59,68,0,68,127
02/03/2007,ALW,WA,ANM,WE,Federal Contract Tower,0,5,4,0,9,0,0,0,0,0,0,5,4,0,9,0,0,0,9
02/04/2007,ALW,WA,ANM,WE,Federal Contract Tower,0,3,0,0,3,0,0,0,0,0,0,3,0,0,3,0,0,0,3
02/05/2007,ALW,WA,ANM,WE,Federal Contract Tower,0,3,0,0,3,0,0,0,0,0,0,3,0,0,3,0,0,0,3
02/06/2007,ALW,WA,ANM,WE,Federal Contract Tower,0,7,14,0,21,0,0,0,0,0,0,7,14,0,21,0,0,0,21
02/07/2007,ALW,WA,ANM,WE,Federal Contract Tower,0,9,7,0,16,0,0,0,0,0,0,9,7,0,16,0,0,0,16
02/08/2007,ALW,WA,ANM,WE,Federal Contract Tower,0,7,13,0,20,0,1,42,0,43,0,8,55,0,63,82,0,82,145
02/09/2007,ALW,WA,ANM,WE,Federal Contract Tower,0,10,10,0,20,0,0,24,0,24,0,10,34,0,44,42,0,42,86
02/10/2007,ALW,WA,ANM,WE,Federal Contract Tower,0,4,5,0,9,0,0,3,0,3,0,4,8,0,12,0,0,0,12
02/11/2007,ALW,WA,ANM,WE,Federal Contract Tower,0,7,7,0,14,0,0,1,0,1,0,7,8,0,15,0,0,0,15
02/12/2007,ALW,WA,ANM,WE,Federal Contract Tower,0,6,8,0,14,0,0,42,0,42,0,6,50,0,56,66,0,66,122
02/13/2007,ALW,WA,ANM,WE,Federal Contract Tower,0,7,3,0,10,0,0,14,0,14,0,7,17,0,24,6,0,6,30
02/14/2007,ALW,WA,ANM,WE,Federal Contract Tower,0,7,6,0,13,0,0,36,0,36,0,7,42,0,49,72,0,72,121
02/15/2007,ALW,WA,ANM,WE,Federal Contract Tower,0,13,10,0,23,0,0,22,0,22,0,13,32,0,45,64,0,64,109
02/16/2007,ALW,WA,ANM,WE,Federal Contract Tower,0,5,10,0,15,0,4,40,0,44,0,9,50,0,59,44,0,44,103
02/17/2007,ALW,WA,ANM,WE,Federal Contract Tower,0,4,4,0,8,0,0,50,0,50,0,4,54,0,58,62,0,62,120
02/18/2007,ALW,WA,ANM,WE,Federal Contract Tower,0,5,0,0,5,0,0,10,0,10,0,5,10,0,15,18,0,18,33
02/19/2007,ALW,WA,ANM,WE,Federal Contract Tower,0,6,6,0,12,0,0,9,0,9,0,6,15,0,21,6,0,6,27
02/20/2007,ALW,WA,ANM,WE,Federal Contract Tower,0,7,4,0,11,0,0,18,0,18,0,7,22,0,29,34,0,34,63
02/21/2007,ALW,WA,ANM,WE,Federal Contract Tower,0,9,9,0,18,0,1,75,0,76,0,10,84,0,94,90,0,90,184
02/22/2007,ALW,WA,ANM,WE,Federal Contract Tower,0,9,4,0,13,0,0,34,0,34,0,9,38,0,47,38,0,38,85
02/23/2007,ALW,WA,ANM,WE,Federal Contract Tower,0,7,6,0,13,0,2,40,0,42,0,9,46,0,55,44,0,44,99
02/24/2007,ALW,WA,ANM,WE,Federal Contract Tower,0,4,0,0,4,0,0,3,0,3,0,4,3,0,7,8,0,8,15
02/25/2007,ALW,WA,ANM,WE,Federal Contract Tower,0,5,3,0,8,0,0,17,0,17,0,5,20,0,25,48,0,48,73
02/26/2007,ALW,WA,ANM,WE,Federal Contract Tower,0,8,11,0,19,0,1,44,0,45,0,9,55,0,64,70,0,70,134
02/27/2007,ALW,WA,ANM,WE,Federal Contract Tower,0,7,15,0,22,0,2,59,0,61,0,9,74,0,83,88,0,88,171
02/28/2007,ALW,WA,ANM,WE,Federal Contract Tower,0,7,9,0,16,0,0,24,0,24,0,7,33,0,40,54,0,54,94
03/01/2007,ALW,WA,ANM,WE,Federal Contract Tower,0,8,6,0,14,0,0,32,0,32,0,8,38,0,46,66,0,66,112
03/02/2007,ALW,WA,ANM,WE,Federal Contract Tower,0,7,16,0,23,0,0,71,0,71,0,7,87,0,94,102,0,102,196
03/03/2007,ALW,WA,ANM,WE,Federal Contract Tower,0,4,3,0,7,0,0,33,0,33,0,4,36,0,40,30,0,30,70
03/04/2007,ALW,WA,ANM,WE,Federal Contract Tower,0,4,3,0,7,0,1,26,0,27,0,5,29,0,34,48,0,48,82
03/05/2007,ALW,WA,ANM,WE,Federal Contract Tower,0,7,6,0,13,0,0,44,0,44,0,7,50,0,57,138,0,138,195
03/06/2007,ALW,WA,ANM,WE,Federal Contract Tower,0,5,5,0,10,0,1,34,0,35,0,6,39,0,45,72,0,72,117
03/07/2007,ALW,WA,ANM,WE,Federal Contract Tower,0,7,12,0,19,0,0,49,0,49,0,7,61,0,68,132,0,132,200
03/08/2007,ALW,WA,ANM,WE,Federal Contract Tower,0,7,12,0,19,0,2,46,2,50,0,9,58,2,69,52,0,52,121
03/09/2007,ALW,WA,ANM,WE,Federal Contract Tower,0,6,1,0,7,0,1,70,0,71,0,7,71,0,78,54,0,54,132
03/10/2007,ALW,WA,ANM,WE,Federal Contract Tower,0,4,2,0,6,0,0,33,0,33,0,4,35,0,39,20,0,20,59
03/11/2007,ALW,WA,ANM,WE,Federal Contract Tower,0,5,8,0,13,0,0,22,0,22,0,5,30,0,35,14,0,14,49
03/12/2007,ALW,WA,ANM,WE,Federal Contract Tower,0,7,7,0,14,0,0,30,0,30,0,7,37,0,44,70,0,70,114
03/13/2007,ALW,WA,ANM,WE,Federal Contract Tower,0,7,10,0,17,0,0,36,0,36,0,7,46,0,53,24,0,24,77
03/14/2007,ALW,WA,ANM,WE,Federal Contract Tower,0,7,3,0,10,0,0,17,0,17,0,7,20,0,27,24,0,24,51
03/15/2007,ALW,WA,ANM,WE,Federal Contract Tower,0,9,12,0,21,0,0,56,0,56,0,9,68,0,77,42,0,42,119
03/16/2007,ALW,WA,ANM,WE,Federal Contract Tower,0,9,7,0,16,0,4,62,0,66,0,13,69,0,82,66,0,66,148
03/17/2007,ALW,WA,ANM,WE,Federal Contract Tower,0,4,1,0,5,0,1,37,0,38,0,5,38,0,43,10,0,10,53
03/18/2007,ALW,WA,ANM,WE,Federal Contract Tower,0,5,3,0,8,0,0,18,0,18,0,5,21,0,26,0,0,0,26
03/19/2007,ALW,WA,ANM,WE,Federal Contract Tower,0,7,7,0,14,0,2,61,0,63,0,9,68,0,77,54,0,54,131
03/20/2007,ALW,WA,ANM,WE,Federal Contract Tower,0,7,2,0,9,0,0,5,0,5,0,7,7,0,14,10,0,10,24
03/21/2007,ALW,WA,ANM,WE,Federal Contract Tower,0,0,10,1,11,0,12,41,1,54,0,12,51,2,65,60,0,60,125
03/22/2007,ALW,WA,ANM,WE,Federal Contract Tower,0,8,5,0,13,0,1,36,0,37,0,9,41,0,50,12,0,12,62
03/23/2007,ALW,WA,ANM,WE,Federal Contract Tower,0,8,3,0,11,0,4,51,0,55,0,12,54,0,66,28,0,28,94
03/24/2007,ALW,WA,ANM,WE,Federal Contract Tower,0,5,0,0,5,0,0,20,0,20,0,5,20,0,25,16,0,16,41
03/25/2007,ALW,WA,ANM,WE,Federal Contract Tower,0,7,0,0,7,0,0,4,0,4,0,7,4,0,11,0,0,0,11
03/26/2007,ALW,WA,ANM,WE,Federal Contract Tower,0,6,4,0,10,0,0,45,0,45,0,6,49,0,55,30,0,30,85
03/27/2007,ALW,WA,ANM,WE,Federal Contract Tower,0,7,5,0,12,0,0,9,0,9,0,7,14,0,21,8,0,8,29
03/28/2007,ALW,WA,ANM,WE,Federal Contract Tower,0,6,8,0,14,0,1,47,0,48,0,7,55,0,62,20,0,20,82
03/29/2007,ALW,WA,ANM,WE,Federal Contract Tower,0,10,13,0,23,0,3,73,0,76,0,13,86,0,99,52,0,52,151
03/30/2007,ALW,WA,ANM,WE,Federal Contract Tower,0,6,7,0,13,0,3,47,2,52,0,9,54,2,65,94,0,94,159
03/31/2007,ALW,WA,ANM,WE,Federal Contract Tower,0,6,1,0,7,0,1,9,0,10,0,7,10,0,17,12,0,12,29
04/01/2007,ALW,WA,ANM,WE,Federal Contract Tower,0,5,7,0,12,0,0,20,0,20,0,5,27,0,32,18,0,18,50
04/02/2007,ALW,WA,ANM,WE,Federal Contract Tower,0,6,4,0,10,0,1,35,0,36,0,7,39,0,46,48,0,48,94
04/03/2007,ALW,WA,ANM,WE,Federal Contract Tower,0,7,22,0,29,0,0,75,0,75,0,7,97,0,104,52,0,52,156
04/04/2007,ALW,WA,ANM,WE,Federal Contract Tower,0,6,3,0,9,0,1,41,0,42,0,7,44,0,51,54,0,54,105
04/05/2007,ALW,WA,ANM,WE,Federal Contract Tower,0,7,9,0,16,0,0,40,0,40,0,7,49,0,56,82,0,82,138
04/06/2007,ALW,WA,ANM,WE,Federal Contract Tower,0,6,14,0,20,0,1,74,0,75,0,7,88,0,95,62,0,62,157
04/07/2007,ALW,WA,ANM,WE,Federal Contract Tower,0,4,1,0,5,0,0,23,0,23,0,4,24,0,28,14,0,14,42
04/08/2007,ALW,WA,ANM,WE,Federal Contract Tower,0,5,8,0,13,0,0,22,0,22,0,5,30,0,35,32,0,32,67
04/09/2007,ALW,WA,ANM,WE,Federal Contract Tower,0,6,3,0,9,0,0,5,0,5,0,6,8,0,14,10,0,10,24
04/10/2007,ALW,WA,ANM,WE,Federal Contract Tower,0,7,5,0,12,0,2,31,0,33,0,9,36,0,45,50,0,50,95
04/11/2007,ALW,WA,ANM,WE,Federal Contract Tower,0,9,10,0,19,0,0,60,0,60,0,9,70,0,79,86,0,86,165
04/12/2007,ALW,WA,ANM,WE,Federal Contract Tower,0,6,9,0,15,0,1,18,0,19,0,7,27,0,34,32,0,32,66
04/13/2007,ALW,WA,ANM,WE,Federal Contract Tower,0,5,6,0,11,0,4,72,0,76,0,9,78,0,87,48,0,48,135
04/14/2007,ALW,WA,ANM,WE,Federal Contract Tower,0,4,2,0,6,0,0,3,0,3,0,4,5,0,9,0,0,0,9
04/15/2007,ALW,WA,ANM,WE,Federal Contract Tower,0,5,10,0,15,0,0,35,0,35,0,5,45,0,50,28,0,28,78
04/16/2007,ALW,WA,ANM,WE,Federal Contract Tower,0,6,5,0,11,0,2,51,0,53,0,8,56,0,64,64,0,64,128
04/17/2007,ALW,WA,ANM,WE,Federal Contract Tower,0,7,14,0,21,0,1,39,0,40,0,8,53,0,61,58,0,58,119
04/18/2007,ALW,WA,ANM,WE,Federal Contract Tower,0,7,10,0,17,0,3,29,0,32,0,10,39,0,49,84,0,84,133
04/19/2007,ALW,WA,ANM,WE,Federal Contract Tower,0,6,8,0,14,0,3,43,0,46,0,9,51,0,60,58,0,58,118
04/20/2007,ALW,WA,ANM,WE,Federal Contract Tower,0,6,9,0,15,0,1,57,0,58,0,7,66,0,73,46,0,46,119
04/21/2007,ALW,WA,ANM,WE,Federal Contract Tower,0,4,3,0,7,0,0,23,0,23,0,4,26,0,30,0,0,0,30
04/22/2007,ALW,WA,ANM,WE,Federal Contract Tower,0,5,2,0,7,0,2,0,0,2,0,7,2,0,9,0,0,0,9
04/23/2007,ALW,WA,ANM,WE,Federal Contract Tower,0,6,6,0,12,0,3,49,0,52,0,9,55,0,64,42,0,42,106
04/24/2007,ALW,WA,ANM,WE,Federal Contract Tower,0,7,9,0,16,0,0,52,0,52,0,7,61,0,68,66,0,66,134
04/25/2007,ALW,WA,ANM,WE,Federal Contract Tower,0,7,10,0,17,0,0,31,0,31,0,7,41,0,48,26,0,26,74
04/26/2007,ALW,WA,ANM,WE,Federal Contract Tower,0,8,16,0,24,0,4,56,0,60,0,12,72,0,84,16,0,16,100
04/27/2007,ALW,WA,ANM,WE,Federal Contract Tower,0,6,12,0,18,0,5,47,0,52,0,11,59,0,70,52,0,52,122
04/28/2007,ALW,WA,ANM,WE,Federal Contract Tower,0,4,3,0,7,0,0,33,0,33,0,4,36,0,40,12,0,12,52
04/29/2007,ALW,WA,ANM,WE,Federal Contract Tower,0,5,6,0,11,0,1,24,0,25,0,6,30,0,36,34,0,34,70
04/30/2007,ALW,WA,ANM,WE,Federal Contract Tower,0,6,7,0,13,0,0,47,0,47,0,6,54,0,60,60,0,60,120
05/01/2007,ALW,WA,ANM,WE,Federal Contract Tower,0,6,7,0,13,0,1,31,0,32,0,7,38,0,45,96,0,96,141
05/02/2007,ALW,WA,ANM,WE,Federal Contract Tower,0,7,9,0,16,0,0,24,0,24,0,7,33,0,40,32,0,32,72
05/03/2007,ALW,WA,ANM,WE,Federal Contract Tower,0,7,11,0,18,0,0,28,0,28,0,7,39,0,46,86,0,86,132
05/04/2007,ALW,WA,ANM,WE,Federal Contract Tower,0,5,4,0,9,0,2,25,0,27,0,7,29,0,36,32,0,32,68
05/05/2007,ALW,WA,ANM,WE,Federal Contract Tower,0,4,10,0,14,0,1,56,0,57,0,5,66,0,71,16,0,16,87
05/06/2007,ALW,WA,ANM,WE,Federal Contract Tower,0,5,2,0,7,0,2,31,0,33,0,7,33,0,40,24,0,24,64
05/07/2007,ALW,WA,ANM,WE,Federal Contract Tower,0,6,3,0,9,0,0,48,0,48,0,6,51,0,57,92,0,92,149
05/08/2007,ALW,WA,ANM,WE,Federal Contract Tower,0,6,8,0,14,0,1,47,0,48,0,7,55,0,62,90,0,90,152
05/09/2007,ALW,WA,ANM,WE,Federal Contract Tower,0,9,4,0,13,0,1,49,0,50,0,10,53,0,63,108,0,108,171
05/10/2007,ALW,WA,ANM,WE,Federal Contract Tower,0,6,11,0,17,0,1,48,0,49,0,7,59,0,66,42,0,42,108
05/11/2007,ALW,WA,ANM,WE,Federal Contract Tower,0,5,21,0,26,0,2,72,0,74,0,7,93,0,100,126,0,126,226
05/12/2007,ALW,WA,ANM,WE,Federal Contract Tower,0,6,1,0,7,0,0,24,0,24,0,6,25,0,31,0,0,0,31
05/13/2007,ALW,WA,ANM,WE,Federal Contract Tower,0,9,6,0,15,0,0,20,0,20,0,9,26,0,35,0,0,0,35
05/14/2007,ALW,WA,ANM,WE,Federal Contract Tower,0,6,11,0,17,0,3,61,0,64,0,9,72,0,81,126,0,126,207
05/15/2007,ALW,WA,ANM,WE,Federal Contract Tower,0,6,24,0,30,0,2,88,0,90,0,8,112,0,120,86,0,86,206
05/16/2007,ALW,WA,ANM,WE,Federal Contract Tower,0,6,9,0,15,0,1,44,0,45,0,7,53,0,60,58,8,66,126
05/17/2007,ALW,WA,ANM,WE,Federal Contract Tower,0,6,13,0,19,0,1,51,0,52,0,7,64,0,71,66,0,66,137
05/18/2007,ALW,WA,ANM,WE,Federal Contract Tower,0,7,13,0,20,0,2,62,0,64,0,9,75,0,84,68,0,68,152
05/19/2007,ALW,WA,ANM,WE,Federal Contract Tower,0,4,0,0,4,0,0,14,0,14,0,4,14,0,18,30,0,30,48
05/20/2007,ALW,WA,ANM,WE,Federal Contract Tower,0,6,12,0,18,0,0,101,0,101,0,6,113,0,119,46,0,46,165
05/21/2007,ALW,WA,ANM,WE,Federal Contract Tower,0,6,7,0,13,0,0,17,0,17,0,6,24,0,30,110,0,110,140
05/22/2007,ALW,WA,ANM,WE,Federal Contract Tower,0,6,15,0,21,0,2,45,0,47,0,8,60,0,68,96,0,96,164
05/23/2007,ALW,WA,ANM,WE,Federal Contract Tower,0,6,15,0,21,0,2,72,0,74,0,8,87,0,95,58,0,58,153
05/24/2007,ALW,WA,ANM,WE,Federal Contract Tower,0,7,16,0,23,0,0,40,0,40,0,7,56,0,63,84,0,84,147
05/25/2007,ALW,WA,ANM,WE,Federal Contract Tower,0,5,4,0,9,0,4,62,0,66,0,9,66,0,75,98,0,98,173
05/26/2007,ALW,WA,ANM,WE,Federal Contract Tower,0,6,1,0,7,0,2,31,0,33,0,8,32,0,40,28,0,28,68
05/27/2007,ALW,WA,ANM,WE,Federal Contract Tower,0,4,4,0,8,0,0,5,0,5,0,4,9,0,13,0,0,0,13
05/28/2007,ALW,WA,ANM,WE,Federal Contract Tower,0,8,7,0,15,0,0,38,0,38,0,8,45,0,53,8,0,8,61
05/29/2007,ALW,WA,ANM,WE,Federal Contract Tower,0,8,6,0,14,0,0,48,0,48,0,8,54,0,62,14,0,14,76
05/30/2007,ALW,WA,ANM,WE,Federal Contract Tower,0,7,13,0,20,0,2,58,0,60,0,9,71,0,80,52,0,52,132
05/31/2007,ALW,WA,ANM,WE,Federal Contract Tower,0,13,5,0,18,0,4,76,2,82,0,17,81,2,100,38,0,38,138
06/01/2007,ALW,WA,ANM,WE,Federal Contract Tower,0,6,8,0,14,0,4,69,0,73,0,10,77,0,87,86,0,86,173
06/02/2007,ALW,WA,ANM,WE,Federal Contract Tower,0,4,5,0,9,0,0,28,0,28,0,4,33,0,37,4,0,4,41
06/03/2007,ALW,WA,ANM,WE,Federal Contract Tower,0,5,5,0,10,0,0,25,0,25,0,5,30,0,35,22,0,22,57
06/04/2007,ALW,WA,ANM,WE,Federal Contract Tower,0,8,7,0,15,0,2,45,0,47,0,10,52,0,62,88,0,88,150
06/05/2007,ALW,WA,ANM,WE,Federal Contract Tower,0,7,5,0,12,0,0,13,0,13,0,7,18,0,25,80,0,80,105
06/06/2007,ALW,WA,ANM,WE,Federal Contract Tower,0,6,9,0,15,0,1,19,0,20,0,7,28,0,35,18,0,18,53
06/07/2007,ALW,WA,ANM,WE,Federal Contract Tower,0,11,7,0,18,0,1,35,0,36,0,12,42,0,54,32,0,32,86
06/08/2007,ALW,WA,ANM,WE,Federal Contract Tower,0,5,4,0,9,0,5,81,0,86,0,10,85,0,95,24,0,24,119
06/09/2007,ALW,WA,ANM,WE,Federal Contract Tower,0,4,2,0,6,0,0,16,0,16,0,4,18,0,22,20,0,20,42
06/10/2007,ALW,WA,ANM,WE,Federal Contract Tower,0,5,5,0,10,0,0,6,0,6,0,5,11,0,16,0,0,0,16
06/11/2007,ALW,WA,ANM,WE,Federal Contract Tower,0,7,4,0,11,0,1,17,0,18,0,8,21,0,29,2,0,2,31
06/12/2007,ALW,WA,ANM,WE,Federal Contract Tower,0,7,7,0,14,0,2,59,0,61,0,9,66,0,75,62,0,62,137
06/13/2007,ALW,WA,ANM,WE,Federal Contract Tower,0,8,1,0,9,0,1,16,0,17,0,9,17,0,26,34,0,34,60
06/14/2007,ALW,WA,ANM,WE,Federal Contract Tower,0,6,9,0,15,0,3,31,0,34,0,9,40,0,49,38,0,38,87
06/15/2007,ALW,WA,ANM,WE,Federal Contract Tower,0,5,5,0,10,0,2,22,0,24,0,7,27,0,34,6,0,6,40
06/16/2007,ALW,WA,ANM,WE,Federal Contract Tower,0,4,3,0,7,0,0,26,0,26,0,4,29,0,33,6,0,6,39
06/17/2007,ALW,WA,ANM,WE,Federal Contract Tower,0,5,1,0,6,0,5,3,0,8,0,10,4,0,14,0,0,0,14
06/18/2007,ALW,WA,ANM,WE,Federal Contract Tower,0,6,5,0,11,0,6,21,0,27,0,12,26,0,38,4,0,4,42
06/19/2007,ALW,WA,ANM,WE,Federal Contract Tower,0,7,2,0,9,0,2,47,0,49,0,9,49,0,58,68,0,68,126
06/20/2007,ALW,WA,ANM,WE,Federal Contract Tower,0,6,6,0,12,0,1,66,0,67,0,7,72,0,79,32,0,32,111
06/21/2007,ALW,WA,ANM,WE,Federal Contract Tower,0,6,11,0,17,0,1,44,0,45,0,7,55,0,62,94,0,94,156
06/22/2007,ALW,WA,ANM,WE,Federal Contract Tower,0,5,14,0,19,0,4,33,0,37,0,9,47,0,56,42,0,42,98
06/23/2007,ALW,WA,ANM,WE,Federal Contract Tower,0,4,3,0,7,0,0,18,0,18,0,4,21,0,25,26,0,26,51
06/24/2007,ALW,WA,ANM,WE,Federal Contract Tower,0,5,19,0,24,0,0,49,0,49,0,5,68,0,73,48,0,48,121
06/25/2007,ALW,WA,ANM,WE,Federal Contract Tower,0,6,8,0,14,0,2,64,0,66,0,8,72,0,80,134,0,134,214
06/26/2007,ALW,WA,ANM,WE,Federal Contract Tower,0,6,6,0,12,0,4,62,0,66,0,10,68,0,78,80,0,80,158
06/27/2007,ALW,WA,ANM,WE,Federal Contract Tower,0,7,3,0,10,0,3,33,0,36,0,10,36,0,46,140,0,140,186
06/28/2007,ALW,WA,ANM,WE,Federal Contract Tower,0,10,4,0,14,0,6,27,0,33,0,16,31,0,47,82,0,82,129
06/29/2007,ALW,WA,ANM,WE,Federal Contract Tower,0,5,2,0,7,0,2,24,0,26,0,7,26,0,33,50,0,50,83
06/30/2007,ALW,WA,ANM,WE,Federal Contract Tower,0,6,0,0,6,0,0,32,0,32,0,6,32,0,38,0,0,0,38
07/01/2007,ALW,WA,ANM,WE,Federal Contract Tower,0,7,2,0,9,0,0,42,0,42,0,7,44,0,51,34,0,34,85
07/02/2007,ALW,WA,ANM,WE,Federal Contract Tower,0,7,1,0,8,0,2,28,3,33,0,9,29,3,41,62,0,62,103
07/03/2007,ALW,WA,ANM,WE,Federal Contract Tower,0,10,3,0,13,0,5,28,0,33,0,15,31,0,46,42,0,42,88
07/04/2007,ALW,WA,ANM,WE,Federal Contract Tower,0,4,0,0,4,0,1,20,0,21,0,5,20,0,25,18,0,18,43
07/05/2007,ALW,WA,ANM,WE,Federal Contract Tower,0,5,7,0,12,0,0,19,0,19,0,5,26,0,31,38,0,38,69
07/06/2007,ALW,WA,ANM,WE,Federal Contract Tower,0,7,9,0,16,0,2,26,0,28,0,9,35,0,44,0,0,0,44
07/07/2007,ALW,WA,ANM,WE,Federal Contract Tower,0,6,1,0,7,0,2,27,0,29,0,8,28,0,36,2,0,2,38
07/08/2007,ALW,WA,ANM,WE,Federal Contract Tower,0,6,8,0,14,0,0,37,0,37,0,6,45,0,51,40,0,40,91
07/09/2007,ALW,WA,ANM,WE,Federal Contract Tower,0,6,7,0,13,0,0,32,0,32,0,6,39,0,45,34,0,34,79
07/10/2007,ALW,WA,ANM,WE,Federal Contract Tower,0,8,7,0,15,0,1,28,0,29,0,9,35,0,44,44,0,44,88
07/11/2007,ALW,WA,ANM,WE,Federal Contract Tower,0,6,5,0,11,0,2,52,0,54,0,8,57,0,65,60,0,60,125
07/12/2007,ALW,WA,ANM,WE,Federal Contract Tower,0,6,10,0,16,0,2,42,0,44,0,8,52,0,60,92,0,92,152
07/13/2007,ALW,WA,ANM,WE,Federal Contract Tower,0,3,5,0,8,0,7,24,0,31,0,10,29,0,39,16,0,16,55
07/14/2007,ALW,WA,ANM,WE,Federal Contract Tower,0,4,0,0,4,0,12,27,0,39,0,16,27,0,43,0,0,0,43
07/15/2007,ALW,WA,ANM,WE,Federal Contract Tower,0,5,3,0,8,0,10,19,0,29,0,15,22,0,37,0,0,0,37
07/16/2007,ALW,WA,ANM,WE,Federal Contract Tower,0,6,8,0,14,0,8,74,0,82,0,14,82,0,96,58,0,58,154
07/17/2007,ALW,WA,ANM,WE,Federal Contract Tower,0,6,5,0,11,0,21,49,0,70,0,27,54,0,81,52,0,52,133
07/18/2007,ALW,WA,ANM,WE,Federal Contract Tower,0,5,10,1,16,0,11,28,1,40,0,16,38,2,56,26,0,26,82
07/19/2007,ALW,WA,ANM,WE,Federal Contract Tower,0,7,12,0,19,0,4,33,0,37,0,11,45,0,56,10,0,10,66
07/20/2007,ALW,WA,ANM,WE,Federal Contract Tower,0,7,4,0,11,0,2,49,0,51,0,9,53,0,62,18,0,18,80
07/21/2007,ALW,WA,ANM,WE,Federal Contract Tower,0,4,1,0,5,0,4,57,0,61,0,8,58,0,66,24,0,24,90
07/22/2007,ALW,WA,ANM,WE,Federal Contract Tower,0,5,5,0,10,0,0,32,0,32,0,5,37,0,42,34,0,34,76
07/23/2007,ALW,WA,ANM,WE,Federal Contract Tower,0,8,6,0,14,0,0,35,0,35,0,8,41,0,49,34,0,34,83
07/24/2007,ALW,WA,ANM,WE,Federal Contract Tower,0,8,4,0,12,0,3,33,0,36,0,11,37,0,48,46,0,46,94
07/25/2007,ALW,WA,ANM,WE,Federal Contract Tower,0,9,2,0,11,0,10,53,0,63,0,19,55,0,74,10,0,10,84
07/26/2007,ALW,WA,ANM,WE,Federal Contract Tower,0,6,8,0,14,0,2,43,0,45,0,8,51,0,59,58,0,58,117
07/27/2007,ALW,WA,ANM,WE,Federal Contract Tower,0,6,11,0,17,0,4,35,0,39,0,10,46,0,56,20,0,20,76
07/28/2007,ALW,WA,ANM,WE,Federal Contract Tower,0,4,6,0,10,0,0,15,0,15,0,4,21,0,25,10,0,10,35
07/29/2007,ALW,WA,ANM,WE,Federal Contract Tower,0,8,1,0,9,0,0,24,0,24,0,8,25,0,33,18,0,18,51
07/30/2007,ALW,WA,ANM,WE,Federal Contract Tower,0,8,4,0,12,0,0,28,0,28,0,8,32,0,40,66,0,66,106
07/31/2007,ALW,WA,ANM,WE,Federal Contract Tower,0,6,0,0,6,0,1,15,0,16,0,7,15,0,22,50,0,50,72
08/01/2007,ALW,WA,ANM,WE,Federal Contract Tower,0,8,4,0,12,0,4,36,2,42,0,12,40,2,54,36,0,36,90
08/02/2007,ALW,WA,ANM,WE,Federal Contract Tower,0,4,4,1,9,0,1,42,1,44,0,5,46,2,53,42,0,42,95
08/03/2007,ALW,WA,ANM,WE,Federal Contract Tower,0,5,8,0,13,0,3,16,0,19,0,8,24,0,32,10,0,10,42
08/04/2007,ALW,WA,ANM,WE,Federal Contract Tower,0,4,7,0,11,0,0,18,0,18,0,4,25,0,29,12,0,12,41
08/05/2007,ALW,WA,ANM,WE,Federal Contract Tower,0,7,5,0,12,0,1,36,0,37,0,8,41,0,49,18,0,18,67
08/06/2007,ALW,WA,ANM,WE,Federal Contract Tower,0,6,2,0,8,0,2,37,0,39,0,8,39,0,47,64,0,64,111
08/07/2007,ALW,WA,ANM,WE,Federal Contract Tower,0,6,4,0,10,0,4,27,0,31,0,10,31,0,41,68,0,68,109
08/08/2007,ALW,WA,ANM,WE,Federal Contract Tower,0,7,3,0,10,0,0,39,0,39,0,7,42,0,49,112,0,112,161
08/09/2007,ALW,WA,ANM,WE,Federal Contract Tower,0,7,5,0,12,0,0,41,0,41,0,7,46,0,53,100,0,100,153
08/10/2007,ALW,WA,ANM,WE,Federal Contract Tower,0,8,12,0,20,0,1,28,0,29,0,9,40,0,49,34,0,34,83
08/11/2007,ALW,WA,ANM,WE,Federal Contract Tower,0,4,0,0,4,0,0,24,0,24,0,4,24,0,28,0,0,0,28
08/12/2007,ALW,WA,ANM,WE,Federal Contract Tower,0,5,1,0,6,0,0,17,0,17,0,5,18,0,23,0,0,0,23
08/13/2007,ALW,WA,ANM,WE,Federal Contract Tower,0,9,5,0,14,0,1,43,0,44,0,10,48,0,58,32,0,32,90
08/14/2007,ALW,WA,ANM,WE,Federal Contract Tower,0,9,5,0,14,0,3,41,0,44,0,12,46,0,58,106,0,106,164
08/15/2007,ALW,WA,ANM,WE,Federal Contract Tower,0,6,3,0,9,0,2,57,0,59,0,8,60,0,68,162,0,162,230
08/16/2007,ALW,WA,ANM,WE,Federal Contract Tower,0,6,8,0,14,0,5,22,0,27,0,11,30,0,41,64,0,64,105
08/17/2007,ALW,WA,ANM,WE,Federal Contract Tower,0,7,8,0,15,0,1,52,0,53,0,8,60,0,68,64,0,64,132
08/18/2007,ALW,WA,ANM,WE,Federal Contract Tower,0,4,7,1,12,0,0,27,2,29,0,4,34,3,41,28,0,28,69
08/19/2007,ALW,WA,ANM,WE,Federal Contract Tower,0,5,20,0,25,0,1,23,0,24,0,6,43,0,49,0,0,0,49
08/20/2007,ALW,WA,ANM,WE,Federal Contract Tower,0,8,5,0,13,0,3,60,4,67,0,11,65,4,80,68,0,68,148
08/21/2007,ALW,WA,ANM,WE,Federal Contract Tower,0,8,8,0,16,0,7,63,3,73,0,15,71,3,89,82,0,82,171
08/22/2007,ALW,WA,ANM,WE,Federal Contract Tower,0,9,11,0,20,0,14,85,6,105,0,23,96,6,125,128,4,132,257
08/23/2007,ALW,WA,ANM,WE,Federal Contract Tower,0,6,9,0,15,0,12,70,3,85,0,18,79,3,100,96,0,96,196
08/24/2007,ALW,WA,ANM,WE,Federal Contract Tower,0,6,3,4,13,0,5,31,4,40,0,11,34,8,53,52,0,52,105
08/25/2007,ALW,WA,ANM,WE,Federal Contract Tower,0,4,2,0,6,0,0,29,0,29,0,4,31,0,35,34,0,34,69
08/26/2007,ALW,WA,ANM,WE,Federal Contract Tower,0,5,2,0,7,0,0,22,2,24,0,5,24,2,31,6,0,6,37
08/27/2007,ALW,WA,ANM,WE,Federal Contract Tower,0,6,10,2,18,0,5,60,2,67,0,11,70,4,85,102,0,102,187
08/28/2007,ALW,WA,ANM,WE,Federal Contract Tower,0,7,4,0,11,0,3,36,9,48,0,10,40,9,59,32,0,32,91
08/29/2007,ALW,WA,ANM,WE,Federal Contract Tower,0,8,2,0,10,0,1,28,0,29,0,9,30,0,39,74,0,74,113
08/30/2007,ALW,WA,ANM,WE,Federal Contract Tower,0,7,4,0,11,0,3,40,0,43,0,10,44,0,54,58,0,58,112
08/31/2007,ALW,WA,ANM,WE,Federal Contract Tower,0,4,2,0,6,0,2,33,0,35,0,6,35,0,41,34,0,34,75
09/01/2007,ALW,WA,ANM,WE,Federal Contract Tower,0,4,0,0,4,0,0,19,0,19,0,4,19,0,23,2,0,2,25
09/02/2007,ALW,WA,ANM,WE,Federal Contract Tower,0,4,4,0,8,0,1,22,0,23,0,5,26,0,31,14,0,14,45
09/03/2007,ALW,WA,ANM,WE,Federal Contract Tower,0,7,3,0,10,0,0,38,0,38,0,7,41,0,48,54,0,54,102
09/04/2007,ALW,WA,ANM,WE,Federal Contract Tower,0,7,7,0,14,0,2,18,0,20,0,9,25,0,34,22,0,22,56
09/05/2007,ALW,WA,ANM,WE,Federal Contract Tower,0,6,6,0,12,0,3,23,4,30,0,9,29,4,42,74,0,74,116
09/06/2007,ALW,WA,ANM,WE,Federal Contract Tower,0,7,4,0,11,0,0,39,0,39,0,7,43,0,50,70,0,70,120
09/07/2007,ALW,WA,ANM,WE,Federal Contract Tower,0,7,4,0,11,0,2,36,0,38,0,9,40,0,49,68,0,68,117
09/08/2007,ALW,WA,ANM,WE,Federal Contract Tower,0,4,8,0,12,0,1,18,0,19,0,5,26,0,31,0,0,0,31
09/09/2007,ALW,WA,ANM,WE,Federal Contract Tower,0,5,4,0,9,0,0,31,0,31,0,5,35,0,40,68,0,68,108
09/10/2007,ALW,WA,ANM,WE,Federal Contract Tower,0,6,7,0,13,0,0,37,0,37,0,6,44,0,50,12,0,12,62
09/11/2007,ALW,WA,ANM,WE,Federal Contract Tower,0,5,5,0,10,0,5,25,0,30,0,10,30,0,40,94,0,94,134
09/12/2007,ALW,WA,ANM,WE,Federal Contract Tower,0,6,2,0,8,0,7,33,0,40,0,13,35,0,48,64,0,64,112
09/13/2007,ALW,WA,ANM,WE,Federal Contract Tower,0,6,1,0,7,0,1,30,0,31,0,7,31,0,38,52,0,52,90
09/14/2007,ALW,WA,ANM,WE,Federal Contract Tower,0,5,6,0,11,0,2,29,2,33,0,7,35,2,44,54,0,54,98
09/15/2007,ALW,WA,ANM,WE,Federal Contract Tower,0,4,2,0,6,0,0,28,0,28,0,4,30,0,34,6,0,6,40
09/16/2007,ALW,WA,ANM,WE,Federal Contract Tower,0,5,7,0,12,0,0,13,0,13,0,5,20,0,25,0,0,0,25
09/17/2007,ALW,WA,ANM,WE,Federal Contract Tower,0,8,1,0,9,0,0,24,0,24,0,8,25,0,33,20,0,20,53
09/18/2007,ALW,WA,ANM,WE,Federal Contract Tower,0,9,2,0,11,0,1,22,0,23,0,10,24,0,34,62,0,62,96
09/19/2007,ALW,WA,ANM,WE,Federal Contract Tower,0,6,5,0,11,0,3,37,3,43,0,9,42,3,54,36,0,36,90
09/20/2007,ALW,WA,ANM,WE,Federal Contract Tower,0,9,5,0,14,0,2,32,0,34,0,11,37,0,48,66,0,66,114
09/21/2007,ALW,WA,ANM,WE,Federal Contract Tower,0,5,2,2,9,0,5,27,2,34,0,10,29,4,43,8,0,8,51
09/22/2007,ALW,WA,ANM,WE,Federal Contract Tower,0,4,3,0,7,0,0,14,0,14,0,4,17,0,21,10,0,10,31
09/23/2007,ALW,WA,ANM,WE,Federal Contract Tower,0,6,3,0,9,0,2,95,0,97,0,8,98,0,106,24,0,24,130
09/24/2007,ALW,WA,ANM,WE,Federal Contract Tower,0,7,9,0,16,0,0,30,0,30,0,7,39,0,46,18,0,18,64
09/25/2007,ALW,WA,ANM,WE,Federal Contract Tower,0,7,4,1,12,0,1,56,0,57,0,8,60,1,69,78,0,78,147
09/26/2007,ALW,WA,ANM,WE,Federal Contract Tower,1,10,7,0,18,0,14,37,0,51,1,24,44,0,69,58,0,58,127
09/27/2007,ALW,WA,ANM,WE,Federal Contract Tower,1,13,7,0,21,0,5,48,0,53,1,18,55,0,74,90,0,90,164
09/28/2007,ALW,WA,ANM,WE,Federal Contract Tower,0,6,7,0,13,0,1,20,0,21,0,7,27,0,34,44,0,44,78
09/29/2007,ALW,WA,ANM,WE,Federal Contract Tower,0,4,2,0,6,0,2,10,0,12,0,6,12,0,18,0,0,0,18
09/30/2007,ALW,WA,ANM,WE,Federal Contract Tower,0,5,3,0,8,0,2,14,0,16,0,7,17,0,24,24,0,24,48
10/01/2007,ALW,WA,ANM,WE,Federal Contract Tower,0,12,6,1,19,0,4,29,0,33,0,16,35,1,52,60,0,60,112
10/02/2007,ALW,WA,ANM,WE,Federal Contract Tower,0,10,10,0,20,0,2,31,0,33,0,12,41,0,53,72,0,72,125
10/03/2007,ALW,WA,ANM,WE,Federal Contract Tower,0,9,8,0,17,0,0,40,0,40,0,9,48,0,57,86,0,86,143
10/04/2007,ALW,WA,ANM,WE,Federal Contract Tower,0,7,4,0,11,0,2,46,0,48,0,9,50,0,59,42,0,42,101
10/05/2007,ALW,WA,ANM,WE,Federal Contract Tower,0,10,6,0,16,0,5,32,0,37,0,15,38,0,53,36,0,36,89
10/06/2007,ALW,WA,ANM,WE,Federal Contract Tower,0,4,7,0,11,0,2,39,0,41,0,6,46,0,52,26,0,26,78
10/07/2007,ALW,WA,ANM,WE,Federal Contract Tower,0,5,7,0,12,0,1,23,0,24,0,6,30,0,36,26,0,26,62
10/08/2007,ALW,WA,ANM,WE,Federal Contract Tower,0,6,11,0,17,0,3,36,0,39,0,9,47,0,56,82,0,82,138
10/09/2007,ALW,WA,ANM,WE,Federal Contract Tower,0,11,2,0,13,0,9,38,0,47,0,20,40,0,60,90,0,90,150
10/10/2007,ALW,WA,ANM,WE,Federal Contract Tower,0,7,5,0,12,0,0,24,0,24,0,7,29,0,36,45,0,45,81
10/11/2007,ALW,WA,ANM,WE,Federal Contract Tower,0,8,7,0,15,0,3,61,0,64,0,11,68,0,79,66,0,66,145
10/12/2007,ALW,WA,ANM,WE,Federal Contract Tower,0,6,7,0,13,0,3,50,0,53,0,9,57,0,66,54,0,54,120
10/13/2007,ALW,WA,ANM,WE,Federal Contract Tower,0,4,7,0,11,0,0,25,0,25,0,4,32,0,36,0,0,0,36
10/14/2007,ALW,WA,ANM,WE,Federal Contract Tower,0,6,4,0,10,0,0,38,0,38,0,6,42,0,48,54,0,54,102
10/15/2007,ALW,WA,ANM,WE,Federal Contract Tower,0,6,8,0,14,0,2,53,0,55,0,8,61,0,69,96,0,96,165
10/16/2007,ALW,WA,ANM,WE,Federal Contract Tower,0,8,9,1,18,0,3,38,1,42,0,11,47,2,60,116,0,116,176
10/17/2007,ALW,WA,ANM,WE,Federal Contract Tower,0,6,13,0,19,0,3,54,0,57,0,9,67,0,76,124,0,124,200
10/18/2007,ALW,WA,ANM,WE,Federal Contract Tower,0,7,5,0,12,0,0,11,0,11,0,7,16,0,23,34,0,34,57
10/19/2007,ALW,WA,ANM,WE,Federal Contract Tower,0,6,3,0,9,0,1,23,0,24,0,7,26,0,33,44,0,44,77
10/20/2007,ALW,WA,ANM,WE,Federal Contract Tower,0,4,4,0,8,0,0,9,0,9,0,4,13,0,17,32,0,32,49
10/21/2007,ALW,WA,ANM,WE,Federal Contract Tower,0,5,4,0,9,0,0,27,0,27,0,5,31,0,36,28,0,28,64
10/22/2007,ALW,WA,ANM,WE,Federal Contract Tower,0,6,5,0,11,0,2,52,0,54,0,8,57,0,65,82,0,82,147
10/23/2007,ALW,WA,ANM,WE,Federal Contract Tower,0,9,9,0,18,0,0,72,0,72,0,9,81,0,90,144,0,144,234
10/24/2007,ALW,WA,ANM,WE,Federal Contract Tower,0,6,8,0,14,0,1,39,0,40,0,7,47,0,54,28,0,28,82
10/25/2007,ALW,WA,ANM,WE,Federal Contract Tower,0,7,4,0,11,0,0,58,0,58,0,7,62,0,69,90,0,90,159
10/26/2007,ALW,WA,ANM,WE,Federal Contract Tower,0,8,13,0,21,0,1,66,0,67,0,9,79,0,88,78,0,78,166
10/27/2007,ALW,WA,ANM,WE,Federal Contract Tower,0,5,1,0,6,0,1,33,0,34,0,6,34,0,40,42,0,42,82
10/28/2007,ALW,WA,ANM,WE,Federal Contract Tower,0,7,9,0,16,0,1,38,0,39,0,8,47,0,55,24,0,24,79
10/29/2007,ALW,WA,ANM,WE,Federal Contract Tower,0,6,4,0,10,0,0,36,0,36,0,6,40,0,46,10,0,10,56
10/30/2007,ALW,WA,ANM,WE,Federal Contract Tower,0,6,1,1,8,0,6,38,1,45,0,12,39,2,53,122,0,122,175
10/31/2007,ALW,WA,ANM,WE,Federal Contract Tower,0,8,2,0,10,0,2,38,0,40,0,10,40,0,50,84,0,84,134
11/01/2007,ALW,WA,ANM,WE,Federal Contract Tower,0,8,6,0,14,0,0,62,0,62,0,8,68,0,76,150,0,150,226
11/02/2007,ALW,WA,ANM,WE,Federal Contract Tower,0,6,4,0,10,0,2,37,0,39,0,8,41,0,49,134,0,134,183
11/03/2007,ALW,WA,ANM,WE,Federal Contract Tower,0,4,11,0,15,0,2,29,0,31,0,6,40,0,46,24,2,26,72
11/04/2007,ALW,WA,ANM,WE,Federal Contract Tower,0,5,11,0,16,0,0,37,0,37,0,5,48,0,53,16,0,16,69
11/05/2007,ALW,WA,ANM,WE,Federal Contract Tower,0,5,11,0,16,0,1,43,0,44,0,6,54,0,60,114,0,114,174
11/06/2007,ALW,WA,ANM,WE,Federal Contract Tower,0,6,2,0,8,0,1,69,0,70,0,7,71,0,78,122,0,122,200
11/07/2007,ALW,WA,ANM,WE,Federal Contract Tower,0,6,7,0,13,0,1,69,0,70,0,7,76,0,83,120,0,120,203
11/08/2007,ALW,WA,ANM,WE,Federal Contract Tower,0,7,1,0,8,0,0,64,0,64,0,7,65,0,72,170,0,170,242
11/09/2007,ALW,WA,ANM,WE,Federal Contract Tower,0,5,2,0,7,0,2,56,0,58,0,7,58,0,65,148,0,148,213
11/10/2007,ALW,WA,ANM,WE,Federal Contract Tower,0,4,3,0,7,0,0,6,0,6,0,4,9,0,13,0,0,0,13
11/11/2007,ALW,WA,ANM,WE,Federal Contract Tower,0,5,2,0,7,0,0,23,0,23,0,5,25,0,30,112,0,112,142
11/12/2007,ALW,WA,ANM,WE,Federal Contract Tower,0,6,2,0,8,0,0,0,0,0,0,6,2,0,8,0,0,0,8
11/13/2007,ALW,WA,ANM,WE,Federal Contract Tower,0,10,11,0,21,0,3,22,0,25,0,13,33,0,46,108,0,108,154
11/14/2007,ALW,WA,ANM,WE,Federal Contract Tower,0,6,4,1,11,0,0,57,1,58,0,6,61,2,69,108,0,108,177
11/15/2007,ALW,WA,ANM,WE,Federal Contract Tower,0,7,3,0,10,0,0,42,0,42,0,7,45,0,52,100,0,100,152
11/16/2007,ALW,WA,ANM,WE,Federal Contract Tower,0,5,3,0,8,0,2,17,0,19,0,7,20,0,27,36,0,36,63
11/17/2007,ALW,WA,ANM,WE,Federal Contract Tower,0,5,7,0,12,0,0,7,0,7,0,5,14,0,19,0,0,0,19
11/18/2007,ALW,WA,ANM,WE,Federal Contract Tower,0,5,1,0,6,0,0,4,0,4,0,5,5,0,10,8,0,8,18
11/19/2007,ALW,WA,ANM,WE,Federal Contract Tower,0,9,0,0,9,0,1,0,0,1,0,10,0,0,10,0,0,0,10
11/20/2007,ALW,WA,ANM,WE,Federal Contract Tower,0,7,2,0,9,0,0,2,0,2,0,7,4,0,11,22,0,22,33
11/21/2007,ALW,WA,ANM,WE,Federal Contract Tower,0,3,3,0,6,0,1,0,0,1,0,4,3,0,7,0,0,0,7
11/22/2007,ALW,WA,ANM,WE,Federal Contract Tower,0,4,4,0,8,0,0,0,0,0,0,4,4,0,8,0,0,0,8
11/23/2007,ALW,WA,ANM,WE,Federal Contract Tower,0,5,10,0,15,0,0,6,0,6,0,5,16,0,21,0,0,0,21
11/24/2007,ALW,WA,ANM,WE,Federal Contract Tower,0,4,1,0,5,0,0,0,0,0,0,4,1,0,5,0,0,0,5
11/25/2007,ALW,WA,ANM,WE,Federal Contract Tower,0,7,4,0,11,0,0,3,0,3,0,7,7,0,14,22,0,22,36
11/26/2007,ALW,WA,ANM,WE,Federal Contract Tower,0,6,2,0,8,0,0,9,0,9,0,6,11,0,17,58,0,58,75
11/27/2007,ALW,WA,ANM,WE,Federal Contract Tower,0,9,3,0,12,0,1,48,0,49,0,10,51,0,61,132,0,132,193
11/28/2007,ALW,WA,ANM,WE,Federal Contract Tower,0,5,7,0,12,0,2,40,0,42,0,7,47,0,54,116,0,116,170
11/29/2007,ALW,WA,ANM,WE,Federal Contract Tower,0,7,13,0,20,0,0,3,0,3,0,7,16,0,23,0,0,0,23
11/30/2007,ALW,WA,ANM,WE,Federal Contract Tower,0,8,6,0,14,0,0,0,0,0,0,8,6,0,14,0,0,0,14
12/01/2007,ALW,WA,ANM,WE,Federal Contract Tower,0,4,3,0,7,0,0,3,0,3,0,4,6,0,10,0,0,0,10
12/02/2007,ALW,WA,ANM,WE,Federal Contract Tower,0,5,3,0,8,0,0,2,0,2,0,5,5,0,10,0,0,0,10
12/03/2007,ALW,WA,ANM,WE,Federal Contract Tower,0,3,5,0,8,0,0,5,0,5,0,3,10,0,13,0,0,0,13
12/04/2007,ALW,WA,ANM,WE,Federal Contract Tower,0,5,9,0,14,0,2,38,2,42,0,7,47,2,56,110,2,112,168
12/05/2007,ALW,WA,ANM,WE,Federal Contract Tower,0,5,13,1,19,0,2,58,3,63,0,7,71,4,82,122,0,122,204
12/06/2007,ALW,WA,ANM,WE,Federal Contract Tower,0,9,16,0,25,0,1,12,0,13,0,10,28,0,38,28,0,28,66
12/07/2007,ALW,WA,ANM,WE,Federal Contract Tower,0,9,6,0,15,0,0,18,0,18,0,9,24,0,33,20,0,20,53
12/08/2007,ALW,WA,ANM,WE,Federal Contract Tower,0,4,2,0,6,0,0,4,0,4,0,4,6,0,10,0,0,0,10
12/09/2007,ALW,WA,ANM,WE,Federal Contract Tower,0,5,5,0,10,0,0,11,0,11,0,5,16,0,21,6,0,6,27
12/10/2007,ALW,WA,ANM,WE,Federal Contract Tower,0,7,4,0,11,0,0,0,0,0,0,7,4,0,11,0,0,0,11
12/11/2007,ALW,WA,ANM,WE,Federal Contract Tower,0,7,6,0,13,0,0,10,0,10,0,7,16,0,23,36,0,36,59
12/12/2007,ALW,WA,ANM,WE,Federal Contract Tower,0,6,6,0,12,0,3,24,0,27,0,9,30,0,39,40,0,40,79
12/13/2007,ALW,WA,ANM,WE,Federal Contract Tower,0,7,0,0,7,0,0,6,0,6,0,7,6,0,13,28,0,28,41
12/14/2007,ALW,WA,ANM,WE,Federal Contract Tower,0,7,3,0,10,0,0,0,0,0,0,7,3,0,10,0,0,0,10
12/15/2007,ALW,WA,ANM,WE,Federal Contract Tower,0,4,1,0,5,0,0,6,0,6,0,4,7,0,11,10,0,10,21
12/16/2007,ALW,WA,ANM,WE,Federal Contract Tower,0,5,1,0,6,0,0,10,0,10,0,5,11,0,16,28,0,28,44
12/17/2007,ALW,WA,ANM,WE,Federal Contract Tower,0,5,4,0,9,0,2,4,0,6,0,7,8,0,15,0,0,0,15
12/18/2007,ALW,WA,ANM,WE,Federal Contract Tower,0,7,5,1,13,0,1,0,1,2,0,8,5,2,15,0,0,0,15
12/19/2007,ALW,WA,ANM,WE,Federal Contract Tower,0,6,1,0,7,0,2,1,0,3,0,8,2,0,10,0,0,0,10
12/20/2007,ALW,WA,ANM,WE,Federal Contract Tower,0,9,3,0,12,0,0,8,0,8,0,9,11,0,20,0,0,0,20
12/21/2007,ALW,WA,ANM,WE,Federal Contract Tower,0,6,7,0,13,0,3,20,0,23,0,9,27,0,36,10,0,10,46
12/22/2007,ALW,WA,ANM,WE,Federal Contract Tower,0,7,2,0,9,0,2,13,0,15,0,9,15,0,24,2,0,2,26
12/23/2007,ALW,WA,ANM,WE,Federal Contract Tower,0,6,2,0,8,0,0,8,0,8,0,6,10,0,16,0,0,0,16
12/24/2007,ALW,WA,ANM,WE,Federal Contract Tower,0,7,3,0,10,0,1,4,0,5,0,8,7,0,15,0,0,0,15
12/25/2007,ALW,WA,ANM,WE,Federal Contract Tower,0,4,1,0,5,0,0,4,0,4,0,4,5,0,9,4,0,4,13
12/26/2007,ALW,WA,ANM,WE,Federal Contract Tower,0,5,3,0,8,0,1,0,0,1,0,6,3,0,9,0,0,0,9
12/27/2007,ALW,WA,ANM,WE,Federal Contract Tower,0,7,4,0,11,0,0,1,0,1,0,7,5,0,12,0,0,0,12
12/28/2007,ALW,WA,ANM,WE,Federal Contract Tower,0,5,0,0,5,0,2,2,0,4,0,7,2,0,9,4,0,4,13
12/29/2007,ALW,WA,ANM,WE,Federal Contract Tower,0,5,0,0,5,0,0,24,0,24,0,5,24,0,29,28,0,28,57
12/30/2007,ALW,WA,ANM,WE,Federal Contract Tower,0,7,0,0,7,0,0,2,0,2,0,7,2,0,9,0,0,0,9
12/31/2007,ALW,WA,ANM,WE,Federal Contract Tower,0,5,1,0,6,0,1,5,0,6,0,6,6,0,12,2,0,2,14
01/01/2008,ALW,WA,ANM,WE,Federal Contract Tower,0,4,3,0,7,0,0,13,0,13,0,4,16,0,20,32,0,32,52
01/02/2008,ALW,WA,ANM,WE,Federal Contract Tower,0,12,0,0,12,0,5,0,0,5,0,17,0,0,17,0,0,0,17
01/03/2008,ALW,WA,ANM,WE,Federal Contract Tower,0,9,6,0,15,0,2,1,0,3,0,11,7,0,18,0,0,0,18
01/04/2008,ALW,WA,ANM,WE,Federal Contract Tower,0,4,0,0,4,0,1,0,0,1,0,5,0,0,5,0,0,0,5
01/05/2008,ALW,WA,ANM,WE,Federal Contract Tower,0,5,0,0,5,0,0,4,0,4,0,5,4,0,9,0,0,0,9
01/06/2008,ALW,WA,ANM,WE,Federal Contract Tower,0,7,0,0,7,0,0,3,0,3,0,7,3,0,10,30,0,30,40
01/07/2008,ALW,WA,ANM,WE,Federal Contract Tower,0,8,2,0,10,0,0,4,0,4,0,8,6,0,14,30,0,30,44
01/08/2008,ALW,WA,ANM,WE,Federal Contract Tower,0,10,4,0,14,0,0,6,0,6,0,10,10,0,20,30,0,30,50
01/09/2008,ALW,WA,ANM,WE,Federal Contract Tower,0,11,1,0,12,0,0,12,0,12,0,11,13,0,24,62,0,62,86
01/10/2008,ALW,WA,ANM,WE,Federal Contract Tower,0,8,11,0,19,0,1,36,0,37,0,9,47,0,56,38,0,38,94
01/11/2008,ALW,WA,ANM,WE,Federal Contract Tower,0,9,3,0,12,0,0,20,0,20,0,9,23,0,32,44,0,44,76
01/12/2008,ALW,WA,ANM,WE,Federal Contract Tower,0,8,0,0,8,0,0,2,0,2,0,8,2,0,10,0,0,0,10
01/13/2008,ALW,WA,ANM,WE,Federal Contract Tower,0,3,1,0,4,0,0,11,0,11,0,3,12,0,15,0,0,0,15
01/14/2008,ALW,WA,ANM,WE,Federal Contract Tower,0,6,4,0,10,0,0,17,0,17,0,6,21,0,27,22,0,22,49
01/15/2008,ALW,WA,ANM,WE,Federal Contract Tower,0,9,4,0,13,0,2,39,0,41,0,11,43,0,54,62,0,62,116
01/16/2008,ALW,WA,ANM,WE,Federal Contract Tower,0,9,5,0,14,0,0,42,0,42,0,9,47,0,56,74,0,74,130
01/17/2008,ALW,WA,ANM,WE,Federal Contract Tower,0,9,12,0,21,0,0,57,0,57,0,9,69,0,78,106,0,106,184
01/18/2008,ALW,WA,ANM,WE,Federal Contract Tower,0,9,6,0,15,0,1,27,0,28,0,10,33,0,43,100,0,100,143
01/19/2008,ALW,WA,ANM,WE,Federal Contract Tower,0,5,1,0,6,0,0,22,0,22,0,5,23,0,28,18,0,18,46
01/20/2008,ALW,WA,ANM,WE,Federal Contract Tower,0,7,2,0,9,0,0,0,0,0,0,7,2,0,9,0,0,0,9
01/21/2008,ALW,WA,ANM,WE,Federal Contract Tower,0,7,2,0,9,0,1,39,0,40,0,8,41,0,49,46,0,46,95
01/22/2008,ALW,WA,ANM,WE,Federal Contract Tower,0,7,13,0,20,0,0,34,0,34,0,7,47,0,54,48,0,48,102
01/23/2008,ALW,WA,ANM,WE,Federal Contract Tower,0,11,9,0,20,0,0,49,0,49,0,11,58,0,69,82,0,82,151
01/24/2008,ALW,WA,ANM,WE,Federal Contract Tower,0,9,12,0,21,0,0,21,0,21,0,9,33,0,42,50,0,50,92
01/25/2008,ALW,WA,ANM,WE,Federal Contract Tower,0,9,8,0,17,0,2,33,0,35,0,11,41,0,52,72,0,72,124
01/26/2008,ALW,WA,ANM,WE,Federal Contract Tower,0,4,2,0,6,0,0,0,0,0,0,4,2,0,6,0,0,0,6
01/27/2008,ALW,WA,ANM,WE,Federal Contract Tower,0,0,2,0,2,0,0,1,0,1,0,0,3,0,3,0,0,0,3
01/28/2008,ALW,WA,ANM,WE,Federal Contract Tower,0,9,1,0,10,0,1,1,0,2,0,10,2,0,12,0,0,0,12
01/29/2008,ALW,WA,ANM,WE,Federal Contract Tower,0,11,7,0,18,0,0,2,0,2,0,11,9,0,20,0,0,0,20
01/30/2008,ALW,WA,ANM,WE,Federal Contract Tower,0,7,11,0,18,0,0,22,0,22,0,7,33,0,40,42,0,42,82
01/31/2008,ALW,WA,ANM,WE,Federal Contract Tower,0,11,3,0,14,0,0,19,0,19,0,11,22,0,33,58,0,58,91
02/01/2008,ALW,WA,ANM,WE,Federal Contract Tower,0,7,4,0,11,0,2,18,0,20,0,9,22,0,31,76,0,76,107
02/02/2008,ALW,WA,ANM,WE,Federal Contract Tower,0,6,4,0,10,0,0,8,0,8,0,6,12,0,18,0,0,0,18
02/03/2008,ALW,WA,ANM,WE,Federal Contract Tower,0,7,2,0,9,0,0,0,0,0,0,7,2,0,9,0,0,0,9
02/04/2008,ALW,WA,ANM,WE,Federal Contract Tower,0,8,5,0,13,0,0,23,0,23,0,8,28,0,36,90,0,90,126
02/05/2008,ALW,WA,ANM,WE,Federal Contract Tower,0,13,3,0,16,0,0,11,0,11,0,13,14,0,27,28,0,28,55
02/06/2008,ALW,WA,ANM,WE,Federal Contract Tower,0,9,8,0,17,0,0,24,0,24,0,9,32,0,41,64,0,64,105
02/07/2008,ALW,WA,ANM,WE,Federal Contract Tower,0,11,2,0,13,0,0,1,0,1,0,11,3,0,14,4,0,4,18
02/08/2008,ALW,WA,ANM,WE,Federal Contract Tower,0,8,7,0,15,0,5,16,0,21,0,13,23,0,36,34,0,34,70
02/09/2008,ALW,WA,ANM,WE,Federal Contract Tower,0,6,3,0,9,0,0,17,0,17,0,6,20,0,26,28,0,28,54
02/10/2008,ALW,WA,ANM,WE,Federal Contract Tower,0,9,3,0,12,0,1,11,0,12,0,10,14,0,24,24,0,24,48
02/11/2008,ALW,WA,ANM,WE,Federal Contract Tower,0,8,0,0,8,0,0,23,0,23,0,8,23,0,31,74,0,74,105
02/12/2008,ALW,WA,ANM,WE,Federal Contract Tower,0,7,9,0,16,0,7,25,0,32,0,14,34,0,48,42,0,42,90
02/13/2008,ALW,WA,ANM,WE,Federal Contract Tower,0,9,3,0,12,0,0,20,0,20,0,9,23,0,32,76,0,76,108
02/14/2008,ALW,WA,ANM,WE,Federal Contract Tower,0,9,11,0,20,0,4,60,0,64,0,13,71,0,84,92,0,92,176
02/15/2008,ALW,WA,ANM,WE,Federal Contract Tower,0,10,8,0,18,0,0,42,0,42,0,10,50,0,60,58,0,58,118
02/16/2008,ALW,WA,ANM,WE,Federal Contract Tower,0,5,6,0,11,0,0,9,0,9,0,5,15,0,20,8,0,8,28
02/17/2008,ALW,WA,ANM,WE,Federal Contract Tower,0,7,1,0,8,0,0,14,0,14,0,7,15,0,22,20,0,20,42
02/18/2008,ALW,WA,ANM,WE,Federal Contract Tower,0,4,7,0,11,0,0,1,0,1,0,4,8,0,12,0,0,0,12
02/19/2008,ALW,WA,ANM,WE,Federal Contract Tower,0,7,7,0,14,0,0,21,0,21,0,7,28,0,35,54,0,54,89
02/20/2008,ALW,WA,ANM,WE,Federal Contract Tower,0,12,4,1,17,0,2,28,1,31,0,14,32,2,48,78,0,78,126
02/21/2008,ALW,WA,ANM,WE,Federal Contract Tower,0,7,6,0,13,0,0,14,0,14,0,7,20,0,27,22,0,22,49
02/22/2008,ALW,WA,ANM,WE,Federal Contract Tower,0,5,8,0,13,0,2,42,1,45,0,7,50,1,58,60,0,60,118
02/23/2008,ALW,WA,ANM,WE,Federal Contract Tower,0,5,2,0,7,0,0,29,1,30,0,5,31,1,37,0,0,0,37
02/24/2008,ALW,WA,ANM,WE,Federal Contract Tower,0,5,5,0,10,0,0,5,0,5,0,5,10,0,15,0,0,0,15
02/25/2008,ALW,WA,ANM,WE,Federal Contract Tower,0,7,7,0,14,0,5,53,0,58,0,12,60,0,72,120,0,120,192
02/26/2008,ALW,WA,ANM,WE,Federal Contract Tower,0,9,9,0,18,0,3,53,0,56,0,12,62,0,74,84,0,84,158
02/27/2008,ALW,WA,ANM,WE,Federal Contract Tower,0,8,15,0,23,0,1,27,0,28,0,9,42,0,51,132,0,132,183
02/28/2008,ALW,WA,ANM,WE,Federal Contract Tower,0,9,8,1,18,0,4,55,1,60,0,13,63,2,78,80,0,80,158
02/29/2008,ALW,WA,ANM,WE,Federal Contract Tower,0,11,9,0,20,0,8,55,0,63,0,19,64,0,83,42,0,42,125
03/01/2008,ALW,WA,ANM,WE,Federal Contract Tower,0,4,3,0,7,0,0,3,0,3,0,4,6,0,10,2,0,2,12
03/02/2008,ALW,WA,ANM,WE,Federal Contract Tower,0,5,3,0,8,0,0,33,0,33,0,5,36,0,41,62,0,62,103
03/03/2008,ALW,WA,ANM,WE,Federal Contract Tower,0,9,2,0,11,0,0,22,0,22,0,9,24,0,33,34,0,34,67
03/04/2008,ALW,WA,ANM,WE,Federal Contract Tower,0,6,8,0,14,0,1,50,0,51,0,7,58,0,65,38,0,38,103
03/05/2008,ALW,WA,ANM,WE,Federal Contract Tower,0,6,18,0,24,0,3,112,2,117,0,9,130,2,141,94,0,94,235
03/06/2008,ALW,WA,ANM,WE,Federal Contract Tower,0,8,9,0,17,0,5,64,0,69,0,13,73,0,86,70,0,70,156
03/07/2008,ALW,WA,ANM,WE,Federal Contract Tower,0,9,9,0,18,0,0,113,0,113,0,9,122,0,131,94,0,94,225
03/08/2008,ALW,WA,ANM,WE,Federal Contract Tower,0,4,0,0,4,0,1,9,0,10,0,5,9,0,14,20,0,20,34
03/09/2008,ALW,WA,ANM,WE,Federal Contract Tower,0,5,0,0,5,0,0,77,0,77,0,5,77,0,82,18,0,18,100
03/10/2008,ALW,WA,ANM,WE,Federal Contract Tower,0,9,6,0,15,0,0,66,0,66,0,9,72,0,81,98,0,98,179
03/11/2008,ALW,WA,ANM,WE,Federal Contract Tower,0,7,0,0,7,0,0,7,2,9,0,7,7,2,16,10,0,10,26
03/12/2008,ALW,WA,ANM,WE,Federal Contract Tower,0,8,7,0,15,0,3,73,0,76,0,11,80,0,91,94,0,94,185
03/13/2008,ALW,WA,ANM,WE,Federal Contract Tower,0,8,4,0,12,0,0,13,0,13,0,8,17,0,25,106,0,106,131
03/14/2008,ALW,WA,ANM,WE,Federal Contract Tower,0,7,8,0,15,0,0,7,0,7,0,7,15,0,22,38,0,38,60
03/15/2008,ALW,WA,ANM,WE,Federal Contract Tower,0,4,1,0,5,0,0,4,0,4,0,4,5,0,9,20,0,20,29
03/16/2008,ALW,WA,ANM,WE,Federal Contract Tower,0,5,0,0,5,0,0,29,0,29,0,5,29,0,34,26,0,26,60
03/17/2008,ALW,WA,ANM,WE,Federal Contract Tower,2,6,7,0,15,0,0,21,0,21,2,6,28,0,36,26,0,26,62
03/18/2008,ALW,WA,ANM,WE,Federal Contract Tower,0,12,9,0,21,0,4,15,0,19,0,16,24,0,40,12,0,12,52
03/19/2008,ALW,WA,ANM,WE,Federal Contract Tower,0,7,14,0,21,0,0,27,0,27,0,7,41,0,48,46,0,46,94
03/20/2008,ALW,WA,ANM,WE,Federal Contract Tower,0,10,10,0,20,0,2,15,0,17,0,12,25,0,37,16,0,16,53
03/21/2008,ALW,WA,ANM,WE,Federal Contract Tower,0,7,1,0,8,0,0,7,0,7,0,7,8,0,15,0,0,0,15
03/22/2008,ALW,WA,ANM,WE,Federal Contract Tower,0,4,11,0,15,0,0,47,0,47,0,4,58,0,62,22,0,22,84
03/23/2008,ALW,WA,ANM,WE,Federal Contract Tower,0,5,1,0,6,0,0,10,0,10,0,5,11,0,16,0,0,0,16
03/24/2008,ALW,WA,ANM,WE,Federal Contract Tower,0,7,1,0,8,0,0,16,0,16,0,7,17,0,24,28,0,28,52
03/25/2008,ALW,WA,ANM,WE,Federal Contract Tower,0,7,6,0,13,0,1,19,0,20,0,8,25,0,33,24,0,24,57
03/26/2008,ALW,WA,ANM,WE,Federal Contract Tower,0,7,7,0,14,0,0,2,0,2,0,7,9,0,16,14,0,14,30
03/27/2008,ALW,WA,ANM,WE,Federal Contract Tower,0,7,3,0,10,0,0,11,0,11,0,7,14,0,21,26,0,26,47
03/28/2008,ALW,WA,ANM,WE,Federal Contract Tower,0,7,0,0,7,0,0,2,0,2,0,7,2,0,9,0,0,0,9
03/29/2008,ALW,WA,ANM,WE,Federal Contract Tower,0,5,0,0,5,0,0,2,0,2,0,5,2,0,7,0,0,0,7
03/30/2008,ALW,WA,ANM,WE,Federal Contract Tower,0,6,2,0,8,0,0,0,0,0,0,6,2,0,8,0,0,0,8
03/31/2008,ALW,WA,ANM,WE,Federal Contract Tower,0,7,1,0,8,0,0,21,0,21,0,7,22,0,29,30,0,30,59
04/01/2008,ALW,WA,ANM,WE,Federal Contract Tower,0,8,9,0,17,0,0,53,0,53,0,8,62,0,70,98,0,98,168
04/02/2008,ALW,WA,ANM,WE,Federal Contract Tower,0,9,6,0,15,0,0,48,0,48,0,9,54,0,63,100,0,100,163
04/03/2008,ALW,WA,ANM,WE,Federal Contract Tower,0,8,14,0,22,0,0,70,0,70,0,8,84,0,92,58,0,58,150
04/04/2008,ALW,WA,ANM,WE,Federal Contract Tower,0,7,5,0,12,0,0,11,0,11,0,7,16,0,23,18,0,18,41
04/05/2008,ALW,WA,ANM,WE,Federal Contract Tower,0,5,1,0,6,0,1,8,0,9,0,6,9,0,15,2,0,2,17
04/06/2008,ALW,WA,ANM,WE,Federal Contract Tower,0,5,3,0,8,0,0,3,0,3,0,5,6,0,11,16,0,16,27
04/07/2008,ALW,WA,ANM,WE,Federal Contract Tower,0,7,13,0,20,0,0,35,0,35,0,7,48,0,55,18,0,18,73
04/08/2008,ALW,WA,ANM,WE,Federal Contract Tower,0,7,10,0,17,0,0,44,0,44,0,7,54,0,61,128,0,128,189
04/09/2008,ALW,WA,ANM,WE,Federal Contract Tower,0,7,6,0,13,0,2,32,0,34,0,9,38,0,47,176,0,176,223
04/10/2008,ALW,WA,ANM,WE,Federal Contract Tower,0,7,6,0,13,0,2,37,4,43,0,9,43,4,56,116,0,116,172
04/11/2008,ALW,WA,ANM,WE,Federal Contract Tower,0,8,12,0,20,0,2,42,0,44,0,10,54,0,64,34,0,34,98
04/12/2008,ALW,WA,ANM,WE,Federal Contract Tower,0,4,1,0,5,0,0,36,0,36,0,4,37,0,41,4,0,4,45
04/13/2008,ALW,WA,ANM,WE,Federal Contract Tower,0,5,9,0,14,0,0,40,0,40,0,5,49,0,54,98,0,98,152
04/14/2008,ALW,WA,ANM,WE,Federal Contract Tower,0,6,4,0,10,0,0,24,0,24,0,6,28,0,34,38,0,38,72
04/15/2008,ALW,WA,ANM,WE,Federal Contract Tower,0,7,4,0,11,0,1,29,0,30,0,8,33,0,41,14,0,14,55
04/16/2008,ALW,WA,ANM,WE,Federal Contract Tower,0,11,14,0,25,0,4,65,0,69,0,15,79,0,94,148,0,148,242
04/17/2008,ALW,WA,ANM,WE,Federal Contract Tower,0,8,7,0,15,0,1,48,0,49,0,9,55,0,64,68,0,68,132
04/18/2008,ALW,WA,ANM,WE,Federal Contract Tower,3,9,6,0,18,3,0,8,0,11,6,9,14,0,29,4,0,4,33
04/19/2008,ALW,WA,ANM,WE,Federal Contract Tower,0,5,1,0,6,0,0,13,0,13,0,5,14,0,19,12,0,12,31
04/20/2008,ALW,WA,ANM,WE,Federal Contract Tower,0,8,8,0,16,0,1,27,0,28,0,9,35,0,44,24,0,24,68
04/21/2008,ALW,WA,ANM,WE,Federal Contract Tower,0,9,7,0,16,0,0,42,0,42,0,9,49,0,58,144,0,144,202
04/22/2008,ALW,WA,ANM,WE,Federal Contract Tower,0,12,9,0,21,0,3,53,0,56,0,15,62,0,77,110,0,110,187
04/23/2008,ALW,WA,ANM,WE,Federal Contract Tower,0,7,2,0,9,0,0,23,0,23,0,7,25,0,32,88,0,88,120
04/24/2008,ALW,WA,ANM,WE,Federal Contract Tower,0,9,9,0,18,0,1,28,0,29,0,10,37,0,47,70,0,70,117
04/25/2008,ALW,WA,ANM,WE,Federal Contract Tower,0,9,9,0,18,0,0,65,0,65,0,9,74,0,83,188,0,188,271
04/26/2008,ALW,WA,ANM,WE,Federal Contract Tower,0,4,0,0,4,0,0,43,0,43,0,4,43,0,47,14,0,14,61
04/27/2008,ALW,WA,ANM,WE,Federal Contract Tower,0,7,12,0,19,0,0,69,0,69,0,7,81,0,88,90,0,90,178
04/28/2008,ALW,WA,ANM,WE,Federal Contract Tower,0,10,12,0,22,0,0,33,0,33,0,10,45,0,55,76,0,76,131
04/29/2008,ALW,WA,ANM,WE,Federal Contract Tower,0,8,2,0,10,0,1,28,0,29,0,9,30,0,39,82,0,82,121
04/30/2008,ALW,WA,ANM,WE,Federal Contract Tower,0,13,13,1,27,0,6,52,1,59,0,19,65,2,86,94,0,94,180
05/01/2008,ALW,WA,ANM,WE,Federal Contract Tower,0,7,8,0,15,0,0,54,0,54,0,7,62,0,69,108,0,108,177
05/02/2008,ALW,WA,ANM,WE,Federal Contract Tower,0,7,3,0,10,0,11,44,0,55,0,18,47,0,65,64,0,64,129
05/03/2008,ALW,WA,ANM,WE,Federal Contract Tower,0,4,2,1,7,0,0,25,1,26,0,4,27,2,33,16,0,16,49
05/04/2008,ALW,WA,ANM,WE,Federal Contract Tower,0,6,5,0,11,0,0,30,0,30,0,6,35,0,41,35,0,35,76
05/05/2008,ALW,WA,ANM,WE,Federal Contract Tower,0,7,11,0,18,0,2,58,0,60,0,9,69,0,78,88,0,88,166
05/06/2008,ALW,WA,ANM,WE,Federal Contract Tower,0,7,5,0,12,0,0,44,0,44,0,7,49,0,56,114,0,114,170
05/07/2008,ALW,WA,ANM,WE,Federal Contract Tower,0,7,12,0,19,0,0,32,0,32,0,7,44,0,51,58,0,58,109
05/08/2008,ALW,WA,ANM,WE,Federal Contract Tower,0,7,17,0,24,0,0,59,0,59,0,7,76,0,83,178,0,178,261
05/09/2008,ALW,WA,ANM,WE,Federal Contract Tower,0,7,7,0,14,0,0,48,0,48,0,7,55,0,62,148,0,148,210
05/10/2008,ALW,WA,ANM,WE,Federal Contract Tower,0,4,3,0,7,0,0,40,0,40,0,4,43,0,47,4,0,4,51
05/11/2008,ALW,WA,ANM,WE,Federal Contract Tower,0,8,3,0,11,0,0,13,0,13,0,8,16,0,24,16,0,16,40
05/12/2008,ALW,WA,ANM,WE,Federal Contract Tower,0,7,14,0,21,0,0,55,0,55,0,7,69,0,76,168,0,168,244
05/13/2008,ALW,WA,ANM,WE,Federal Contract Tower,0,6,10,0,16,0,0,45,0,45,0,6,55,0,61,80,0,80,141
05/14/2008,ALW,WA,ANM,WE,Federal Contract Tower,0,7,14,0,21,0,2,38,0,40,0,9,52,0,61,116,0,116,177
05/15/2008,ALW,WA,ANM,WE,Federal Contract Tower,0,7,18,0,25,0,0,82,0,82,0,7,100,0,107,146,0,146,253
05/16/2008,ALW,WA,ANM,WE,Federal Contract Tower,0,6,4,0,10,0,1,55,0,56,0,7,59,0,66,166,0,166,232
05/17/2008,ALW,WA,ANM,WE,Federal Contract Tower,0,6,5,0,11,0,0,41,0,41,0,6,46,0,52,8,0,8,60
05/18/2008,ALW,WA,ANM,WE,Federal Contract Tower,2,7,7,0,16,0,0,32,2,34,2,7,39,2,50,68,0,68,118
05/19/2008,ALW,WA,ANM,WE,Federal Contract Tower,0,7,11,0,18,0,2,45,0,47,0,9,56,0,65,102,0,102,167
05/20/2008,ALW,WA,ANM,WE,Federal Contract Tower,0,7,19,0,26,0,0,23,0,23,0,7,42,0,49,108,0,108,157
05/21/2008,ALW,WA,ANM,WE,Federal Contract Tower,0,8,14,0,22,0,6,48,0,54,0,14,62,0,76,232,0,232,308
05/22/2008,ALW,WA,ANM,WE,Federal Contract Tower,0,8,8,1,17,0,0,38,1,39,0,8,46,2,56,126,0,126,182
05/23/2008,ALW,WA,ANM,WE,Federal Contract Tower,0,8,15,0,23,0,0,58,0,58,0,8,73,0,81,160,0,160,241
05/24/2008,ALW,WA,ANM,WE,Federal Contract Tower,0,6,6,0,12,0,2,20,0,22,0,8,26,0,34,2,0,2,36
05/25/2008,ALW,WA,ANM,WE,Federal Contract Tower,0,6,7,0,13,0,0,22,0,22,0,6,29,0,35,12,0,12,47
05/26/2008,ALW,WA,ANM,WE,Federal Contract Tower,0,6,5,0,11,0,0,30,0,30,0,6,35,0,41,74,0,74,115
05/27/2008,ALW,WA,ANM,WE,Federal Contract Tower,0,9,3,0,12,0,0,53,0,53,0,9,56,0,65,118,0,118,183
05/28/2008,ALW,WA,ANM,WE,Federal Contract Tower,0,7,8,0,15,0,2,55,0,57,0,9,63,0,72,194,0,194,266
05/29/2008,ALW,WA,ANM,WE,Federal Contract Tower,0,7,10,0,17,0,2,35,2,39,0,9,45,2,56,124,0,124,180
05/30/2008,ALW,WA,ANM,WE,Federal Contract Tower,0,6,13,0,19,0,0,57,0,57,0,6,70,0,76,130,0,130,206
05/31/2008,ALW,WA,ANM,WE,Federal Contract Tower,0,4,7,0,11,0,0,21,0,21,0,4,28,0,32,12,0,12,44
06/01/2008,ALW,WA,ANM,WE,Federal Contract Tower,0,6,2,0,8,0,1,36,0,37,0,7,38,0,45,88,0,88,133
06/02/2008,ALW,WA,ANM,WE,Federal Contract Tower,0,7,6,0,13,0,0,43,0,43,0,7,49,0,56,96,0,96,152
06/03/2008,ALW,WA,ANM,WE,Federal Contract Tower,0,7,9,1,17,0,0,26,1,27,0,7,35,2,44,124,0,124,168
06/04/2008,ALW,WA,ANM,WE,Federal Contract Tower,0,7,11,1,19,0,6,40,1,47,0,13,51,2,66,114,0,114,180
06/05/2008,ALW,WA,ANM,WE,Federal Contract Tower,0,12,12,1,25,0,3,57,1,61,0,15,69,2,86,122,0,122,208
06/06/2008,ALW,WA,ANM,WE,Federal Contract Tower,0,9,6,0,15,0,1,20,0,21,0,10,26,0,36,48,0,48,84
06/07/2008,ALW,WA,ANM,WE,Federal Contract Tower,0,4,3,0,7,0,0,14,0,14,0,4,17,0,21,0,0,0,21
06/08/2008,ALW,WA,ANM,WE,Federal Contract Tower,0,5,6,0,11,0,0,51,0,51,0,5,57,0,62,28,0,28,90
06/09/2008,ALW,WA,ANM,WE,Federal Contract Tower,0,7,5,1,13,0,2,23,1,26,0,9,28,2,39,60,0,60,99
06/10/2008,ALW,WA,ANM,WE,Federal Contract Tower,0,7,6,0,13,0,0,9,0,9,0,7,15,0,22,6,0,6,28
06/11/2008,ALW,WA,ANM,WE,Federal Contract Tower,0,7,4,0,11,0,0,21,0,21,0,7,25,0,32,32,0,32,64
06/12/2008,ALW,WA,ANM,WE,Federal Contract Tower,0,7,7,0,14,0,0,58,0,58,0,7,65,0,72,94,0,94,166
06/13/2008,ALW,WA,ANM,WE,Federal Contract Tower,0,8,6,0,14,0,1,41,0,42,0,9,47,0,56,70,0,70,126
06/14/2008,ALW,WA,ANM,WE,Federal Contract Tower,0,4,3,0,7,0,0,49,0,49,0,4,52,0,56,6,0,6,62
06/15/2008,ALW,WA,ANM,WE,Federal Contract Tower,0,4,4,0,8,0,2,29,0,31,0,6,33,0,39,24,0,24,63
06/16/2008,ALW,WA,ANM,WE,Federal Contract Tower,0,8,8,0,16,0,0,26,2,28,0,8,34,2,44,20,0,20,64
06/17/2008,ALW,WA,ANM,WE,Federal Contract Tower,0,6,7,1,14,0,1,15,3,19,0,7,22,4,33,0,0,0,33
06/18/2008,ALW,WA,ANM,WE,Federal Contract Tower,0,7,6,0,13,0,0,26,0,26,0,7,32,0,39,22,0,22,61
06/19/2008,ALW,WA,ANM,WE,Federal Contract Tower,0,6,12,0,18,0,1,66,0,67,0,7,78,0,85,36,0,36,121
06/20/2008,ALW,WA,ANM,WE,Federal Contract Tower,0,9,3,1,13,0,0,44,1,45,0,9,47,2,58,24,0,24,82
06/21/2008,ALW,WA,ANM,WE,Federal Contract Tower,0,4,5,0,9,0,0,29,0,29,0,4,34,0,38,14,0,14,52
06/22/2008,ALW,WA,ANM,WE,Federal Contract Tower,0,5,5,0,10,0,0,21,0,21,0,5,26,0,31,6,0,6,37
06/23/2008,ALW,WA,ANM,WE,Federal Contract Tower,0,7,9,0,16,0,0,39,0,39,0,7,48,0,55,40,0,40,95
06/24/2008,ALW,WA,ANM,WE,Federal Contract Tower,0,7,4,1,12,0,0,41,1,42,0,7,45,2,54,48,0,48,102
06/25/2008,ALW,WA,ANM,WE,Federal Contract Tower,0,7,10,0,17,0,2,49,0,51,0,9,59,0,68,54,0,54,122
06/26/2008,ALW,WA,ANM,WE,Federal Contract Tower,0,8,3,0,11,0,2,38,0,40,0,10,41,0,51,66,0,66,117
06/27/2008,ALW,WA,ANM,WE,Federal Contract Tower,0,9,7,2,18,0,0,44,2,46,0,9,51,4,64,28,0,28,92
06/28/2008,ALW,WA,ANM,WE,Federal Contract Tower,2,2,3,0,7,0,2,18,0,20,2,4,21,0,27,8,0,8,35
06/29/2008,ALW,WA,ANM,WE,Federal Contract Tower,0,5,3,0,8,0,0,30,0,30,0,5,33,0,38,10,0,10,48
06/30/2008,ALW,WA,ANM,WE,Federal Contract Tower,0,9,4,0,13,0,0,38,0,38,0,9,42,0,51,38,0,38,89
07/01/2008,ALW,WA,ANM,WE,Federal Contract Tower,0,6,9,0,15,0,1,33,0,34,0,7,42,0,49,34,0,34,83
07/02/2008,ALW,WA,ANM,WE,Federal Contract Tower,0,7,7,0,14,0,0,36,0,36,0,7,43,0,50,92,0,92,142
07/03/2008,ALW,WA,ANM,WE,Federal Contract Tower,0,7,18,1,26,0,1,50,1,52,0,8,68,2,78,84,0,84,162
07/04/2008,ALW,WA,ANM,WE,Federal Contract Tower,0,4,3,0,7,0,0,16,0,16,0,4,19,0,23,0,0,0,23
07/05/2008,ALW,WA,ANM,WE,Federal Contract Tower,0,3,5,0,8,0,0,21,0,21,0,3,26,0,29,10,0,10,39
07/06/2008,ALW,WA,ANM,WE,Federal Contract Tower,0,6,4,0,10,0,2,22,0,24,0,8,26,0,34,4,0,4,38
07/07/2008,ALW,WA,ANM,WE,Federal Contract Tower,0,8,12,0,20,0,0,51,0,51,0,8,63,0,71,74,0,74,145
07/08/2008,ALW,WA,ANM,WE,Federal Contract Tower,0,7,1,0,8,0,0,45,0,45,0,7,46,0,53,94,0,94,147
07/09/2008,ALW,WA,ANM,WE,Federal Contract Tower,0,9,7,0,16,0,0,53,0,53,0,9,60,0,69,66,0,66,135
07/10/2008,ALW,WA,ANM,WE,Federal Contract Tower,0,6,6,0,12,0,1,26,0,27,0,7,32,0,39,42,0,42,81
07/11/2008,ALW,WA,ANM,WE,Federal Contract Tower,0,9,10,0,19,0,0,42,0,42,0,9,52,0,61,30,0,30,91
07/12/2008,ALW,WA,ANM,WE,Federal Contract Tower,0,4,1,0,5,0,0,17,0,17,0,4,18,0,22,10,0,10,32
07/13/2008,ALW,WA,ANM,WE,Federal Contract Tower,0,7,1,0,8,0,0,31,0,31,0,7,32,0,39,22,0,22,61
07/14/2008,ALW,WA,ANM,WE,Federal Contract Tower,0,7,0,1,8,0,3,42,0,45,0,10,42,1,53,84,0,84,137
07/15/2008,ALW,WA,ANM,WE,Federal Contract Tower,0,7,7,0,14,0,0,46,0,46,0,7,53,0,60,84,0,84,144
07/16/2008,ALW,WA,ANM,WE,Federal Contract Tower,0,9,2,0,11,0,0,54,0,54,0,9,56,0,65,146,0,146,211
07/17/2008,ALW,WA,ANM,WE,Federal Contract Tower,0,7,7,0,14,0,0,46,0,46,0,7,53,0,60,86,0,86,146
07/18/2008,ALW,WA,ANM,WE,Federal Contract Tower,0,7,8,0,15,0,0,28,0,28,0,7,36,0,43,58,0,58,101
07/19/2008,ALW,WA,ANM,WE,Federal Contract Tower,0,4,5,0,9,0,0,23,0,23,0,4,28,0,32,16,0,16,48
07/20/2008,ALW,WA,ANM,WE,Federal Contract Tower,0,7,2,0,9,0,0,42,0,42,0,7,44,0,51,30,0,30,81
07/21/2008,ALW,WA,ANM,WE,Federal Contract Tower,0,7,5,0,12,0,0,32,2,34,0,7,37,2,46,70,0,70,116
07/22/2008,ALW,WA,ANM,WE,Federal Contract Tower,2,8,6,0,16,0,0,25,0,25,2,8,31,0,41,80,0,80,121
07/23/2008,ALW,WA,ANM,WE,Federal Contract Tower,0,7,7,0,14,0,0,37,0,37,0,7,44,0,51,132,0,132,183
07/24/2008,ALW,WA,ANM,WE,Federal Contract Tower,0,7,10,1,18,0,0,40,5,45,0,7,50,6,63,108,0,108,171
07/25/2008,ALW,WA,ANM,WE,Federal Contract Tower,0,7,9,0,16,0,0,44,0,44,0,7,53,0,60,76,0,76,136
07/26/2008,ALW,WA,ANM,WE,Federal Contract Tower,0,3,0,0,3,0,1,15,0,16,0,4,15,0,19,2,0,2,21
07/27/2008,ALW,WA,ANM,WE,Federal Contract Tower,0,5,1,0,6,0,0,13,0,13,0,5,14,0,19,12,0,12,31
07/28/2008,ALW,WA,ANM,WE,Federal Contract Tower,0,8,6,0,14,0,5,34,7,46,0,13,40,7,60,66,0,66,126
07/29/2008,ALW,WA,ANM,WE,Federal Contract Tower,0,8,6,0,14,0,5,37,8,50,0,13,43,8,64,88,0,88,152
07/30/2008,ALW,WA,ANM,WE,Federal Contract Tower,0,10,12,1,23,0,5,48,6,59,0,15,60,7,82,192,0,192,274
07/31/2008,ALW,WA,ANM,WE,Federal Contract Tower,0,7,12,1,20,0,2,78,5,85,0,9,90,6,105,150,0,150,255
08/01/2008,ALW,WA,ANM,WE,Federal Contract Tower,0,6,12,0,18,0,3,32,2,37,0,9,44,2,55,58,0,58,113
08/02/2008,ALW,WA,ANM,WE,Federal Contract Tower,0,4,4,0,8,0,0,16,0,16,0,4,20,0,24,8,0,8,32
08/03/2008,ALW,WA,ANM,WE,Federal Contract Tower,0,5,7,0,12,0,1,29,0,30,0,6,36,0,42,48,0,48,90
08/04/2008,ALW,WA,ANM,WE,Federal Contract Tower,0,7,2,0,9,0,0,34,0,34,0,7,36,0,43,102,0,102,145
08/05/2008,ALW,WA,ANM,WE,Federal Contract Tower,0,7,7,0,14,0,1,54,0,55,0,8,61,0,69,58,0,58,127
08/06/2008,ALW,WA,ANM,WE,Federal Contract Tower,0,6,6,2,14,0,2,46,2,50,0,8,52,4,64,110,0,110,174
08/07/2008,ALW,WA,ANM,WE,Federal Contract Tower,0,6,7,0,13,0,5,28,0,33,0,11,35,0,46,50,0,50,96
08/08/2008,ALW,WA,ANM,WE,Federal Contract Tower,0,8,6,0,14,0,2,34,0,36,0,10,40,0,50,100,0,100,150
08/09/2008,ALW,WA,ANM,WE,Federal Contract Tower,0,4,1,0,5,0,0,21,0,21,0,4,22,0,26,4,0,4,30
08/10/2008,ALW,WA,ANM,WE,Federal Contract Tower,0,5,3,0,8,0,2,20,0,22,0,7,23,0,30,8,0,8,38
08/11/2008,ALW,WA,ANM,WE,Federal Contract Tower,0,6,11,0,17,0,5,50,0,55,0,11,61,0,72,94,0,94,166
08/12/2008,ALW,WA,ANM,WE,Federal Contract Tower,0,6,8,2,16,0,0,61,0,61,0,6,69,2,77,144,0,144,221
08/13/2008,ALW,WA,ANM,WE,Federal Contract Tower,0,9,6,0,15,0,4,51,0,55,0,13,57,0,70,76,0,76,146
08/14/2008,ALW,WA,ANM,WE,Federal Contract Tower,0,6,11,0,17,0,1,66,0,67,0,7,77,0,84,70,0,70,154
08/15/2008,ALW,WA,ANM,WE,Federal Contract Tower,0,0,5,0,5,0,1,37,0,38,0,1,42,0,43,46,0,46,89
08/16/2008,ALW,WA,ANM,WE,Federal Contract Tower,0,4,9,0,13,0,0,25,0,25,0,4,34,0,38,28,0,28,66
08/17/2008,ALW,WA,ANM,WE,Federal Contract Tower,0,5,1,0,6,0,1,28,0,29,0,6,29,0,35,0,0,0,35
08/18/2008,ALW,WA,ANM,WE,Federal Contract Tower,0,6,8,0,14,0,1,25,0,26,0,7,33,0,40,42,0,42,82
08/19/2008,ALW,WA,ANM,WE,Federal Contract Tower,0,7,16,0,23,0,0,31,0,31,0,7,47,0,54,22,0,22,76
08/20/2008,ALW,WA,ANM,WE,Federal Contract Tower,0,7,11,0,18,0,0,30,0,30,0,7,41,0,48,46,0,46,94
08/21/2008,ALW,WA,ANM,WE,Federal Contract Tower,0,8,9,0,17,0,0,19,0,19,0,8,28,0,36,24,0,24,60
08/22/2008,ALW,WA,ANM,WE,Federal Contract Tower,0,8,0,0,8,0,1,47,0,48,0,9,47,0,56,18,0,18,74
08/23/2008,ALW,WA,ANM,WE,Federal Contract Tower,0,4,1,0,5,0,1,34,0,35,0,5,35,0,40,18,0,18,58
08/24/2008,ALW,WA,ANM,WE,Federal Contract Tower,0,5,5,0,10,0,1,24,0,25,0,6,29,0,35,0,0,0,35
08/25/2008,ALW,WA,ANM,WE,Federal Contract Tower,0,8,17,0,25,0,1,39,0,40,0,9,56,0,65,56,0,56,121
08/26/2008,ALW,WA,ANM,WE,Federal Contract Tower,0,7,13,0,20,0,0,46,0,46,0,7,59,0,66,62,0,62,128
08/27/2008,ALW,WA,ANM,WE,Federal Contract Tower,0,8,7,0,15,0,1,22,0,23,0,9,29,0,38,28,0,28,66
08/28/2008,ALW,WA,ANM,WE,Federal Contract Tower,0,7,10,0,17,0,0,44,0,44,0,7,54,0,61,68,0,68,129
08/29/2008,ALW,WA,ANM,WE,Federal Contract Tower,0,12,4,0,16,0,1,31,0,32,0,13,35,0,48,44,0,44,92
08/30/2008,ALW,WA,ANM,WE,Federal Contract Tower,0,4,2,0,6,0,0,26,0,26,0,4,28,0,32,10,0,10,42
08/31/2008,ALW,WA,ANM,WE,Federal Contract Tower,0,4,1,0,5,0,0,18,0,18,0,4,19,0,23,16,0,16,39
09/01/2008,ALW,WA,ANM,WE,Federal Contract Tower,0,8,5,0,13,0,1,24,0,25,0,9,29,0,38,40,0,40,78
09/02/2008,ALW,WA,ANM,WE,Federal Contract Tower,0,7,10,2,19,0,0,47,0,47,0,7,57,2,66,68,0,68,134
09/03/2008,ALW,WA,ANM,WE,Federal Contract Tower,0,7,6,0,13,0,0,40,0,40,0,7,46,0,53,60,0,60,113
09/04/2008,ALW,WA,ANM,WE,Federal Contract Tower,0,8,11,0,19,0,2,51,0,53,0,10,62,0,72,112,0,112,184
09/05/2008,ALW,WA,ANM,WE,Federal Contract Tower,0,6,9,0,15,0,2,36,0,38,0,8,45,0,53,138,0,138,191
09/06/2008,ALW,WA,ANM,WE,Federal Contract Tower,0,5,4,0,9,0,3,16,0,19,0,8,20,0,28,4,0,4,32
09/07/2008,ALW,WA,ANM,WE,Federal Contract Tower,0,3,5,0,8,0,1,25,0,26,0,4,30,0,34,6,0,6,40
09/08/2008,ALW,WA,ANM,WE,Federal Contract Tower,0,6,16,0,22,0,1,48,0,49,0,7,64,0,71,84,0,84,155
09/09/2008,ALW,WA,ANM,WE,Federal Contract Tower,0,6,3,1,10,0,1,27,0,28,0,7,30,1,38,42,0,42,80
09/10/2008,ALW,WA,ANM,WE,Federal Contract Tower,0,12,3,0,15,0,0,33,0,33,0,12,36,0,48,50,0,50,98
09/11/2008,ALW,WA,ANM,WE,Federal Contract Tower,0,8,5,0,13,0,3,32,0,35,0,11,37,0,48,50,0,50,98
09/12/2008,ALW,WA,ANM,WE,Federal Contract Tower,0,7,8,0,15,0,0,28,0,28,0,7,36,0,43,40,0,40,83
09/13/2008,ALW,WA,ANM,WE,Federal Contract Tower,0,5,2,0,7,0,0,13,0,13,0,5,15,0,20,4,0,4,24
09/14/2008,ALW,WA,ANM,WE,Federal Contract Tower,0,5,2,0,7,0,0,34,0,34,0,5,36,0,41,34,0,34,75
09/15/2008,ALW,WA,ANM,WE,Federal Contract Tower,0,9,3,0,12,0,3,19,0,22,0,12,22,0,34,30,0,30,64
09/16/2008,ALW,WA,ANM,WE,Federal Contract Tower,0,8,2,0,10,0,1,22,0,23,0,9,24,0,33,18,0,18,51
09/17/2008,ALW,WA,ANM,WE,Federal Contract Tower,0,7,7,0,14,0,0,22,0,22,0,7,29,0,36,32,0,32,68
09/18/2008,ALW,WA,ANM,WE,Federal Contract Tower,0,7,9,0,16,0,0,15,0,15,0,7,24,0,31,18,0,18,49
09/19/2008,ALW,WA,ANM,WE,Federal Contract Tower,0,9,2,0,11,0,3,13,0,16,0,12,15,0,27,32,0,32,59
09/20/2008,ALW,WA,ANM,WE,Federal Contract Tower,0,7,8,0,15,0,0,13,0,13,0,7,21,0,28,0,0,0,28
09/21/2008,ALW,WA,ANM,WE,Federal Contract Tower,0,5,4,0,9,0,0,13,0,13,0,5,17,0,22,0,0,0,22
09/22/2008,ALW,WA,ANM,WE,Federal Contract Tower,0,8,4,0,12,0,0,9,0,9,0,8,13,0,21,12,0,12,33
09/23/2008,ALW,WA,ANM,WE,Federal Contract Tower,0,7,4,0,11,0,0,14,0,14,0,7,18,0,25,12,0,12,37
09/24/2008,ALW,WA,ANM,WE,Federal Contract Tower,0,7,4,0,11,0,0,17,0,17,0,7,21,0,28,8,0,8,36
09/25/2008,ALW,WA,ANM,WE,Federal Contract Tower,0,7,1,0,8,0,0,8,0,8,0,7,9,0,16,14,0,14,30
09/26/2008,ALW,WA,ANM,WE,Federal Contract Tower,0,7,8,0,15,0,0,34,0,34,0,7,42,0,49,32,0,32,81
09/27/2008,ALW,WA,ANM,WE,Federal Contract Tower,0,4,3,0,7,0,2,25,0,27,0,6,28,0,34,18,0,18,52
09/28/2008,ALW,WA,ANM,WE,Federal Contract Tower,0,4,6,0,10,0,0,26,0,26,0,4,32,0,36,0,0,0,36
09/29/2008,ALW,WA,ANM,WE,Federal Contract Tower,0,6,7,0,13,0,0,14,0,14,0,6,21,0,27,8,0,8,35
09/30/2008,ALW,WA,ANM,WE,Federal Contract Tower,0,7,1,0,8,0,0,22,0,22,0,7,23,0,30,22,0,22,52
10/01/2008,ALW,WA,ANM,WE,Federal Contract Tower,0,7,14,0,21,0,0,26,0,26,0,7,40,0,47,22,0,22,69
10/02/2008,ALW,WA,ANM,WE,Federal Contract Tower,0,7,4,0,11,0,3,23,0,26,0,10,27,0,37,32,0,32,69
10/03/2008,ALW,WA,ANM,WE,Federal Contract Tower,0,8,8,0,16,0,0,30,0,30,0,8,38,0,46,32,0,32,78
10/04/2008,ALW,WA,ANM,WE,Federal Contract Tower,0,4,3,0,7,0,0,3,0,3,0,4,6,0,10,0,0,0,10
10/05/2008,ALW,WA,ANM,WE,Federal Contract Tower,0,5,3,1,9,0,0,16,5,21,0,5,19,6,30,16,0,16,46
10/06/2008,ALW,WA,ANM,WE,Federal Contract Tower,0,9,12,0,21,0,0,38,0,38,0,9,50,0,59,94,0,94,153
10/07/2008,ALW,WA,ANM,WE,Federal Contract Tower,0,7,6,0,13,0,0,11,0,11,0,7,17,0,24,8,0,8,32
10/08/2008,ALW,WA,ANM,WE,Federal Contract Tower,0,9,13,0,22,0,4,43,0,47,0,13,56,0,69,26,0,26,95
10/09/2008,ALW,WA,ANM,WE,Federal Contract Tower,0,8,8,0,16,0,0,37,0,37,0,8,45,0,53,70,0,70,123
10/10/2008,ALW,WA,ANM,WE,Federal Contract Tower,0,9,8,0,17,0,1,27,0,28,0,10,35,0,45,20,0,20,65
10/11/2008,ALW,WA,ANM,WE,Federal Contract Tower,0,6,1,0,7,0,0,12,0,12,0,6,13,0,19,0,0,0,19
10/12/2008,ALW,WA,ANM,WE,Federal Contract Tower,0,5,5,0,10,0,0,30,0,30,0,5,35,0,40,22,0,22,62
10/13/2008,ALW,WA,ANM,WE,Federal Contract Tower,0,7,12,0,19,0,0,35,0,35,0,7,47,0,54,28,0,28,82
10/14/2008,ALW,WA,ANM,WE,Federal Contract Tower,0,8,13,0,21,0,0,38,0,38,0,8,51,0,59,74,0,74,133
10/15/2008,ALW,WA,ANM,WE,Federal Contract Tower,0,7,6,0,13,0,0,32,0,32,0,7,38,0,45,20,0,20,65
10/16/2008,ALW,WA,ANM,WE,Federal Contract Tower,0,7,10,0,17,0,0,34,0,34,0,7,44,0,51,68,0,68,119
10/17/2008,ALW,WA,ANM,WE,Federal Contract Tower,0,8,10,0,18,0,0,41,0,41,0,8,51,0,59,68,0,68,127
10/18/2008,ALW,WA,ANM,WE,Federal Contract Tower,0,5,2,0,7,0,0,11,0,11,0,5,13,0,18,8,0,8,26
10/19/2008,ALW,WA,ANM,WE,Federal Contract Tower,0,7,2,0,9,0,0,33,0,33,0,7,35,0,42,34,0,34,76
10/20/2008,ALW,WA,ANM,WE,Federal Contract Tower,0,7,12,0,19,0,0,39,0,39,0,7,51,0,58,98,0,98,156
10/21/2008,ALW,WA,ANM,WE,Federal Contract Tower,0,7,15,0,22,0,0,45,0,45,0,7,60,0,67,16,0,16,83
10/22/2008,ALW,WA,ANM,WE,Federal Contract Tower,0,7,10,0,17,0,0,41,0,41,0,7,51,0,58,72,0,72,130
10/23/2008,ALW,WA,ANM,WE,Federal Contract Tower,0,7,11,0,18,0,0,43,0,43,0,7,54,0,61,66,0,66,127
10/24/2008,ALW,WA,ANM,WE,Federal Contract Tower,0,10,8,0,18,0,0,45,0,45,0,10,53,0,63,90,0,90,153
10/25/2008,ALW,WA,ANM,WE,Federal Contract Tower,0,4,4,0,8,0,0,33,0,33,0,4,37,0,41,12,0,12,53
10/26/2008,ALW,WA,ANM,WE,Federal Contract Tower,0,6,8,0,14,0,0,55,0,55,0,6,63,0,69,60,0,60,129
10/27/2008,ALW,WA,ANM,WE,Federal Contract Tower,2,3,5,0,10,0,0,38,0,38,2,3,43,0,48,72,0,72,120
10/28/2008,ALW,WA,ANM,WE,Federal Contract Tower,5,3,11,0,19,0,2,45,0,47,5,5,56,0,66,56,0,56,122
10/29/2008,ALW,WA,ANM,WE,Federal Contract Tower,5,2,11,1,19,0,2,41,1,44,5,4,52,2,63,112,0,112,175
10/30/2008,ALW,WA,ANM,WE,Federal Contract Tower,5,2,3,2,12,0,0,35,0,35,5,2,38,2,47,92,0,92,139
10/31/2008,ALW,WA,ANM,WE,Federal Contract Tower,5,2,4,0,11,0,0,27,0,27,5,2,31,0,38,56,0,56,94
11/01/2008,ALW,WA,ANM,WE,Federal Contract Tower,6,0,3,1,10,0,0,4,0,4,6,0,7,1,14,0,0,0,14
11/02/2008,ALW,WA,ANM,WE,Federal Contract Tower,1,0,2,0,3,0,0,22,0,22,1,0,24,0,25,46,0,46,71
11/03/2008,ALW,WA,ANM,WE,Federal Contract Tower,3,4,12,1,20,0,0,33,2,35,3,4,45,3,55,74,0,74,129
11/04/2008,ALW,WA,ANM,WE,Federal Contract Tower,5,3,12,0,20,0,0,9,0,9,5,3,21,0,29,2,0,2,31
11/05/2008,ALW,WA,ANM,WE,Federal Contract Tower,3,5,13,0,21,0,4,38,0,42,3,9,51,0,63,124,0,124,187
11/06/2008,ALW,WA,ANM,WE,Federal Contract Tower,3,4,12,0,19,0,0,18,0,18,3,4,30,0,37,44,0,44,81
11/07/2008,ALW,WA,ANM,WE,Federal Contract Tower,4,4,18,0,26,0,0,0,0,0,4,4,18,0,26,0,0,0,26
11/08/2008,ALW,WA,ANM,WE,Federal Contract Tower,4,3,5,0,12,0,0,0,0,0,4,3,5,0,12,0,0,0,12
11/09/2008,ALW,WA,ANM,WE,Federal Contract Tower,4,2,3,0,9,0,0,19,0,19,4,2,22,0,28,70,0,70,98
11/10/2008,ALW,WA,ANM,WE,Federal Contract Tower,5,3,15,0,23,0,0,27,0,27,5,3,42,0,50,80,0,80,130
11/11/2008,ALW,WA,ANM,WE,Federal Contract Tower,3,4,15,0,22,0,0,13,0,13,3,4,28,0,35,30,0,30,65
11/12/2008,ALW,WA,ANM,WE,Federal Contract Tower,4,2,12,0,18,0,0,14,0,14,4,2,26,0,32,18,0,18,50
11/13/2008,ALW,WA,ANM,WE,Federal Contract Tower,5,2,17,0,24,0,0,34,0,34,5,2,51,0,58,70,0,70,128
11/14/2008,ALW,WA,ANM,WE,Federal Contract Tower,6,2,16,0,24,0,0,65,0,65,6,2,81,0,89,78,0,78,167
11/15/2008,ALW,WA,ANM,WE,Federal Contract Tower,6,1,4,0,11,0,1,43,0,44,6,2,47,0,55,48,0,48,103
11/16/2008,ALW,WA,ANM,WE,Federal Contract Tower,4,0,4,0,8,0,0,27,0,27,4,0,31,0,35,52,0,52,87
11/17/2008,ALW,WA,ANM,WE,Federal Contract Tower,6,2,9,0,17,0,0,22,0,22,6,2,31,0,39,46,0,46,85
11/18/2008,ALW,WA,ANM,WE,Federal Contract Tower,5,2,20,1,28,0,0,39,1,40,5,2,59,2,68,66,0,66,134
11/19/2008,ALW,WA,ANM,WE,Federal Contract Tower,4,13,0,0,17,0,0,0,0,0,4,13,0,0,17,0,0,0,17
11/20/2008,ALW,WA,ANM,WE,Federal Contract Tower,5,2,11,0,18,0,0,32,0,32,5,2,43,0,50,72,0,72,122
11/21/2008,ALW,WA,ANM,WE,Federal Contract Tower,5,2,5,0,12,0,0,23,0,23,5,2,28,0,35,42,0,42,77
11/22/2008,ALW,WA,ANM,WE,Federal Contract Tower,5,0,3,0,8,0,0,5,0,5,5,0,8,0,13,10,0,10,23
11/23/2008,ALW,WA,ANM,WE,Federal Contract Tower,4,2,2,0,8,0,0,32,2,34,4,2,34,2,42,44,0,44,86
11/24/2008,ALW,WA,ANM,WE,Federal Contract Tower,2,6,5,0,13,0,0,13,0,13,2,6,18,0,26,2,0,2,28
11/25/2008,ALW,WA,ANM,WE,Federal Contract Tower,1,7,7,0,15,0,1,5,0,6,1,8,12,0,21,14,0,14,35
11/26/2008,ALW,WA,ANM,WE,Federal Contract Tower,5,0,2,0,7,0,0,0,0,0,5,0,2,0,7,0,0,0,7
11/27/2008,ALW,WA,ANM,WE,Federal Contract Tower,4,0,0,0,4,0,0,0,0,0,4,0,0,0,4,0,0,0,4
11/28/2008,ALW,WA,ANM,WE,Federal Contract Tower,4,4,5,0,13,0,0,12,0,12,4,4,17,0,25,36,0,36,61
11/29/2008,ALW,WA,ANM,WE,Federal Contract Tower,6,0,2,0,8,0,0,0,0,0,6,0,2,0,8,4,0,4,12
11/30/2008,ALW,WA,ANM,WE,Federal Contract Tower,0,0,2,0,2,0,0,0,0,0,0,0,2,0,2,0,0,0,2
12/01/2008,ALW,WA,ANM,WE,Federal Contract Tower,6,2,12,0,20,0,0,23,0,23,6,2,35,0,43,28,0,28,71
12/02/2008,ALW,WA,ANM,WE,Federal Contract Tower,3,4,19,0,26,0,0,40,0,40,3,4,59,0,66,114,0,114,180
12/03/2008,ALW,WA,ANM,WE,Federal Contract Tower,1,10,23,0,34,0,0,24,0,24,1,10,47,0,58,34,0,34,92
12/04/2008,ALW,WA,ANM,WE,Federal Contract Tower,5,1,12,0,18,0,1,27,0,28,5,2,39,0,46,54,0,54,100
12/05/2008,ALW,WA,ANM,WE,Federal Contract Tower,4,1,4,0,9,0,0,16,0,16,4,1,20,0,25,42,0,42,67
12/06/2008,ALW,WA,ANM,WE,Federal Contract Tower,4,0,8,0,12,0,0,33,0,33,4,0,41,0,45,22,0,22,67
12/07/2008,ALW,WA,ANM,WE,Federal Contract Tower,3,0,3,0,6,0,0,21,0,21,3,0,24,0,27,60,0,60,87
12/08/2008,ALW,WA,ANM,WE,Federal Contract Tower,1,5,10,0,16,0,0,22,0,22,1,5,32,0,38,76,0,76,114
12/09/2008,ALW,WA,ANM,WE,Federal Contract Tower,5,2,23,0,30,0,0,29,0,29,5,2,52,0,59,20,0,20,79
12/10/2008,ALW,WA,ANM,WE,Federal Contract Tower,5,2,13,0,20,0,0,53,0,53,5,2,66,0,73,76,0,76,149
12/11/2008,ALW,WA,ANM,WE,Federal Contract Tower,3,5,24,0,32,0,0,0,0,0,3,5,24,0,32,0,0,0,32
12/12/2008,ALW,WA,ANM,WE,Federal Contract Tower,3,4,2,0,9,0,0,14,0,14,3,4,16,0,23,76,0,76,99
12/13/2008,ALW,WA,ANM,WE,Federal Contract Tower,2,0,3,0,5,0,0,0,0,0,2,0,3,0,5,0,0,0,5
12/14/2008,ALW,WA,ANM,WE,Federal Contract Tower,3,0,1,0,4,0,0,1,0,1,3,0,2,0,5,2,0,2,7
12/15/2008,ALW,WA,ANM,WE,Federal Contract Tower,1,5,6,0,12,0,0,3,0,3,1,5,9,0,15,0,0,0,15
12/16/2008,ALW,WA,ANM,WE,Federal Contract Tower,3,2,12,2,19,0,1,18,0,19,3,3,30,2,38,24,0,24,62
12/17/2008,ALW,WA,ANM,WE,Federal Contract Tower,5,3,6,2,16,0,0,8,0,8,5,3,14,2,24,12,0,12,36
12/18/2008,ALW,WA,ANM,WE,Federal Contract Tower,1,0,0,0,1,0,0,0,0,0,1,0,0,0,1,0,0,0,1
12/19/2008,ALW,WA,ANM,WE,Federal Contract Tower,5,0,0,0,5,0,0,0,0,0,5,0,0,0,5,0,0,0,5
12/20/2008,ALW,WA,ANM,WE,Federal Contract Tower,4,0,0,0,4,0,2,2,0,4,4,2,2,0,8,0,0,0,8
12/21/2008,ALW,WA,ANM,WE,Federal Contract Tower,0,0,0,0,0,0,0,0,0,0,0,0,0,0,0,0,0,0,0
12/22/2008,ALW,WA,ANM,WE,Federal Contract Tower,2,2,2,0,6,0,0,0,0,0,2,2,2,0,6,0,0,0,6
12/23/2008,ALW,WA,ANM,WE,Federal Contract Tower,4,4,2,0,10,0,0,0,0,0,4,4,2,0,10,0,0,0,10
12/24/2008,ALW,WA,ANM,WE,Federal Contract Tower,2,2,2,0,6,0,0,0,0,0,2,2,2,0,6,0,0,0,6
12/25/2008,ALW,WA,ANM,WE,Federal Contract Tower,4,0,0,0,4,0,0,0,0,0,4,0,0,0,4,0,0,0,4
12/26/2008,ALW,WA,ANM,WE,Federal Contract Tower,5,4,2,0,11,0,0,0,0,0,5,4,2,0,11,0,0,0,11
12/27/2008,ALW,WA,ANM,WE,Federal Contract Tower,3,0,0,0,3,0,0,1,0,1,3,0,1,0,4,0,0,0,4
12/28/2008,ALW,WA,ANM,WE,Federal Contract Tower,3,0,0,0,3,0,0,2,0,2,3,0,2,0,5,4,0,4,9
12/29/2008,ALW,WA,ANM,WE,Federal Contract Tower,5,2,2,0,9,0,0,0,0,0,5,2,2,0,9,0,0,0,9
12/30/2008,ALW,WA,ANM,WE,Federal Contract Tower,1,6,2,0,9,0,0,13,0,13,1,6,15,0,22,22,0,22,44
12/31/2008,ALW,WA,ANM,WE,Federal Contract Tower,4,4,0,0,8,0,0,0,0,0,4,4,0,0,8,0,0,0,8
01/01/2009,ALW,WA,ANM,WE,Federal Contract Tower,5,0,0,0,5,0,0,2,0,2,5,0,2,0,7,0,0,0,7
01/02/2009,ALW,WA,ANM,WE,Federal Contract Tower,3,2,0,0,5,0,0,0,0,0,3,2,0,0,5,0,0,0,5
01/03/2009,ALW,WA,ANM,WE,Federal Contract Tower,4,0,1,0,5,0,0,0,0,0,4,0,1,0,5,0,0,0,5
01/04/2009,ALW,WA,ANM,WE,Federal Contract Tower,3,0,2,0,5,0,0,0,0,0,3,0,2,0,5,0,0,0,5
01/05/2009,ALW,WA,ANM,WE,Federal Contract Tower,4,2,3,0,9,0,0,4,0,4,4,2,7,0,13,4,0,4,17
01/06/2009,ALW,WA,ANM,WE,Federal Contract Tower,5,5,10,0,20,0,1,11,0,12,5,6,21,0,32,34,0,34,66
01/07/2009,ALW,WA,ANM,WE,Federal Contract Tower,4,2,10,0,16,0,0,18,0,18,4,2,28,0,34,56,0,56,90
01/08/2009,ALW,WA,ANM,WE,Federal Contract Tower,5,4,9,0,18,0,0,19,0,19,5,4,28,0,37,22,0,22,59
01/09/2009,ALW,WA,ANM,WE,Federal Contract Tower,5,5,3,0,13,0,3,37,0,40,5,8,40,0,53,86,0,86,139
01/10/2009,ALW,WA,ANM,WE,Federal Contract Tower,4,1,6,0,11,0,1,5,2,8,4,2,11,2,19,2,2,4,23
01/11/2009,ALW,WA,ANM,WE,Federal Contract Tower,5,0,10,0,15,0,0,36,0,36,5,0,46,0,51,68,0,68,119
01/12/2009,ALW,WA,ANM,WE,Federal Contract Tower,3,4,5,0,12,0,0,30,0,30,3,4,35,0,42,56,0,56,98
01/13/2009,ALW,WA,ANM,WE,Federal Contract Tower,5,2,20,0,27,0,0,39,0,39,5,2,59,0,66,108,0,108,174
01/14/2009,ALW,WA,ANM,WE,Federal Contract Tower,1,0,0,0,1,0,0,0,0,0,1,0,0,0,1,0,0,0,1
01/15/2009,ALW,WA,ANM,WE,Federal Contract Tower,4,2,2,0,8,0,0,0,0,0,4,2,2,0,8,0,0,0,8
01/16/2009,ALW,WA,ANM,WE,Federal Contract Tower,5,4,3,0,12,0,0,0,0,0,5,4,3,0,12,0,0,0,12
01/17/2009,ALW,WA,ANM,WE,Federal Contract Tower,4,2,4,0,10,0,0,0,0,0,4,2,4,0,10,0,0,0,10
01/18/2009,ALW,WA,ANM,WE,Federal Contract Tower,5,2,4,0,11,0,0,14,0,14,5,2,18,0,25,78,0,78,103
01/19/2009,ALW,WA,ANM,WE,Federal Contract Tower,5,4,2,0,11,0,0,8,0,8,5,4,10,0,19,56,0,56,75
01/20/2009,ALW,WA,ANM,WE,Federal Contract Tower,0,5,2,4,11,0,0,0,0,0,0,5,2,4,11,0,0,0,11
01/21/2009,ALW,WA,ANM,WE,Federal Contract Tower,5,2,4,0,11,0,0,0,0,0,5,2,4,0,11,2,0,2,13
01/22/2009,ALW,WA,ANM,WE,Federal Contract Tower,3,4,3,0,10,0,0,0,0,0,3,4,3,0,10,0,0,0,10
01/23/2009,ALW,WA,ANM,WE,Federal Contract Tower,5,4,0,0,9,0,0,0,0,0,5,4,0,0,9,0,0,0,9
01/24/2009,ALW,WA,ANM,WE,Federal Contract Tower,4,0,0,0,4,0,0,0,0,0,4,0,0,0,4,0,0,0,4
01/25/2009,ALW,WA,ANM,WE,Federal Contract Tower,5,1,0,0,6,0,0,0,0,0,5,1,0,0,6,0,0,0,6
01/26/2009,ALW,WA,ANM,WE,Federal Contract Tower,5,2,16,0,23,0,0,36,0,36,5,2,52,0,59,60,0,60,119
01/27/2009,ALW,WA,ANM,WE,Federal Contract Tower,3,4,7,0,14,0,0,23,0,23,3,4,30,0,37,68,0,68,105
01/28/2009,ALW,WA,ANM,WE,Federal Contract Tower,5,5,11,0,21,0,1,28,0,29,5,6,39,0,50,98,0,98,148
01/29/2009,ALW,WA,ANM,WE,Federal Contract Tower,4,2,18,0,24,0,0,45,0,45,4,2,63,0,69,78,0,78,147
01/30/2009,ALW,WA,ANM,WE,Federal Contract Tower,1,4,6,0,11,0,0,6,0,6,1,4,12,0,17,46,0,46,63
01/31/2009,ALW,WA,ANM,WE,Federal Contract Tower,4,2,3,0,9,0,0,20,0,20,4,2,23,0,29,46,0,46,75
02/01/2009,ALW,WA,ANM,WE,Federal Contract Tower,5,0,5,0,10,0,2,38,0,40,5,2,43,0,50,78,0,78,128
02/02/2009,ALW,WA,ANM,WE,Federal Contract Tower,5,2,12,0,19,0,0,27,0,27,5,2,39,0,46,104,0,104,150
02/03/2009,ALW,WA,ANM,WE,Federal Contract Tower,6,1,25,0,32,0,3,18,0,21,6,4,43,0,53,12,0,12,65
02/04/2009,ALW,WA,ANM,WE,Federal Contract Tower,5,2,12,0,19,0,0,42,0,42,5,2,54,0,61,210,0,210,271
02/05/2009,ALW,WA,ANM,WE,Federal Contract Tower,5,3,30,0,38,0,0,3,0,3,5,3,33,0,41,14,0,14,55
02/06/2009,ALW,WA,ANM,WE,Federal Contract Tower,5,2,15,0,22,0,0,43,0,43,5,2,58,0,65,132,0,132,197
02/07/2009,ALW,WA,ANM,WE,Federal Contract Tower,3,0,3,0,6,0,0,6,0,6,3,0,9,0,12,0,0,0,12
02/08/2009,ALW,WA,ANM,WE,Federal Contract Tower,1,0,0,0,1,0,0,0,0,0,1,0,0,0,1,0,0,0,1
02/09/2009,ALW,WA,ANM,WE,Federal Contract Tower,5,2,13,0,20,0,0,16,0,16,5,2,29,0,36,18,0,18,54
02/10/2009,ALW,WA,ANM,WE,Federal Contract Tower,5,2,10,0,17,0,0,23,0,23,5,2,33,0,40,80,0,80,120
02/11/2009,ALW,WA,ANM,WE,Federal Contract Tower,5,2,6,0,13,0,0,0,0,0,5,2,6,0,13,0,0,0,13
02/12/2009,ALW,WA,ANM,WE,Federal Contract Tower,5,4,13,0,22,0,0,29,0,29,5,4,42,0,51,74,0,74,125
02/13/2009,ALW,WA,ANM,WE,Federal Contract Tower,5,4,3,0,12,0,0,0,0,0,5,4,3,0,12,0,0,0,12
02/14/2009,ALW,WA,ANM,WE,Federal Contract Tower,2,1,1,0,4,0,0,21,0,21,2,1,22,0,25,42,0,42,67
02/15/2009,ALW,WA,ANM,WE,Federal Contract Tower,5,0,4,0,9,0,0,8,0,8,5,0,12,0,17,26,0,26,43
02/16/2009,ALW,WA,ANM,WE,Federal Contract Tower,6,2,4,0,12,0,0,1,0,1,6,2,5,0,13,0,0,0,13
02/17/2009,ALW,WA,ANM,WE,Federal Contract Tower,5,6,8,0,19,0,0,19,0,19,5,6,27,0,38,92,0,92,130
02/18/2009,ALW,WA,ANM,WE,Federal Contract Tower,5,9,11,0,25,0,0,36,0,36,5,9,47,0,61,112,0,112,173
02/19/2009,ALW,WA,ANM,WE,Federal Contract Tower,3,2,10,0,15,0,0,0,0,0,3,2,10,0,15,0,0,0,15
02/20/2009,ALW,WA,ANM,WE,Federal Contract Tower,4,2,7,0,13,0,0,0,0,0,4,2,7,0,13,0,0,0,13
02/21/2009,ALW,WA,ANM,WE,Federal Contract Tower,4,0,7,0,11,0,0,0,0,0,4,0,7,0,11,0,0,0,11
02/22/2009,ALW,WA,ANM,WE,Federal Contract Tower,5,0,11,0,16,0,0,12,0,12,5,0,23,0,28,46,0,46,74
02/23/2009,ALW,WA,ANM,WE,Federal Contract Tower,5,2,16,0,23,0,0,16,0,16,5,2,32,0,39,38,0,38,77
02/24/2009,ALW,WA,ANM,WE,Federal Contract Tower,3,4,16,0,23,0,0,28,0,28,3,4,44,0,51,78,0,78,129
02/25/2009,ALW,WA,ANM,WE,Federal Contract Tower,5,3,9,0,17,0,0,23,0,23,5,3,32,0,40,20,0,20,60
02/26/2009,ALW,WA,ANM,WE,Federal Contract Tower,5,3,7,0,15,0,0,18,0,18,5,3,25,0,33,50,0,50,83
02/27/2009,ALW,WA,ANM,WE,Federal Contract Tower,5,6,4,0,15,0,5,48,0,53,5,11,52,0,68,114,0,114,182
02/28/2009,ALW,WA,ANM,WE,Federal Contract Tower,4,0,8,0,12,0,2,27,0,29,4,2,35,0,41,20,0,20,61
03/01/2009,ALW,WA,ANM,WE,Federal Contract Tower,5,0,3,0,8,0,0,30,0,30,5,0,33,0,38,94,0,94,132
03/02/2009,ALW,WA,ANM,WE,Federal Contract Tower,5,2,1,0,8,0,0,10,0,10,5,2,11,0,18,36,0,36,54
03/03/2009,ALW,WA,ANM,WE,Federal Contract Tower,5,2,13,1,21,0,0,40,1,41,5,2,53,2,62,144,0,144,206
03/04/2009,ALW,WA,ANM,WE,Federal Contract Tower,5,2,5,0,12,0,0,52,0,52,5,2,57,0,64,104,0,104,168
03/05/2009,ALW,WA,ANM,WE,Federal Contract Tower,5,4,2,0,11,0,0,15,0,15,5,4,17,0,26,30,0,30,56
03/06/2009,ALW,WA,ANM,WE,Federal Contract Tower,5,4,7,0,16,0,2,59,0,61,5,6,66,0,77,118,0,118,195
03/07/2009,ALW,WA,ANM,WE,Federal Contract Tower,4,0,2,0,6,0,8,4,0,12,4,8,6,0,18,14,0,14,32
03/08/2009,ALW,WA,ANM,WE,Federal Contract Tower,5,0,2,0,7,0,2,26,0,28,5,2,28,0,35,70,0,70,105
03/09/2009,ALW,WA,ANM,WE,Federal Contract Tower,5,2,0,0,7,0,1,8,0,9,5,3,8,0,16,50,0,50,66
03/10/2009,ALW,WA,ANM,WE,Federal Contract Tower,3,2,5,0,10,0,0,31,0,31,3,2,36,0,41,134,0,134,175
03/11/2009,ALW,WA,ANM,WE,Federal Contract Tower,5,2,7,0,14,0,0,33,0,33,5,2,40,0,47,128,0,128,175
03/12/2009,ALW,WA,ANM,WE,Federal Contract Tower,5,2,14,0,21,0,0,40,0,40,5,2,54,0,61,68,0,68,129
03/13/2009,ALW,WA,ANM,WE,Federal Contract Tower,5,2,9,0,16,0,0,59,0,59,5,2,68,0,75,58,0,58,133
03/14/2009,ALW,WA,ANM,WE,Federal Contract Tower,4,0,3,0,7,0,0,20,0,20,4,0,23,0,27,94,0,94,121
03/15/2009,ALW,WA,ANM,WE,Federal Contract Tower,3,2,1,0,6,0,0,6,0,6,3,2,7,0,12,26,0,26,38
03/16/2009,ALW,WA,ANM,WE,Federal Contract Tower,5,4,6,0,15,0,0,11,0,11,5,4,17,0,26,24,0,24,50
03/17/2009,ALW,WA,ANM,WE,Federal Contract Tower,5,2,9,0,16,0,0,24,0,24,5,2,33,0,40,18,0,18,58
03/18/2009,ALW,WA,ANM,WE,Federal Contract Tower,5,2,2,0,9,0,2,35,0,37,5,4,37,0,46,16,0,16,62
03/19/2009,ALW,WA,ANM,WE,Federal Contract Tower,4,2,1,0,7,0,26,36,0,62,4,28,37,0,69,0,0,0,69
03/20/2009,ALW,WA,ANM,WE,Federal Contract Tower,5,2,6,0,13,0,0,32,0,32,5,2,38,0,45,36,0,36,81
03/21/2009,ALW,WA,ANM,WE,Federal Contract Tower,4,1,1,0,6,0,0,10,0,10,4,1,11,0,16,0,0,0,16
03/22/2009,ALW,WA,ANM,WE,Federal Contract Tower,5,0,1,0,6,0,0,5,0,5,5,0,6,0,11,0,0,0,11
03/23/2009,ALW,WA,ANM,WE,Federal Contract Tower,5,2,3,0,10,0,0,11,0,11,5,2,14,0,21,22,0,22,43
03/24/2009,ALW,WA,ANM,WE,Federal Contract Tower,5,2,2,0,9,0,0,6,0,6,5,2,8,0,15,0,0,0,15
03/25/2009,ALW,WA,ANM,WE,Federal Contract Tower,3,2,4,0,9,0,0,0,0,0,3,2,4,0,9,0,0,0,9
03/26/2009,ALW,WA,ANM,WE,Federal Contract Tower,5,2,1,0,8,0,0,32,0,32,5,2,33,0,40,14,0,14,54
03/27/2009,ALW,WA,ANM,WE,Federal Contract Tower,5,2,0,1,8,0,0,16,0,16,5,2,16,1,24,12,0,12,36
03/28/2009,ALW,WA,ANM,WE,Federal Contract Tower,4,0,2,0,6,0,0,0,0,0,4,0,2,0,6,0,0,0,6
03/29/2009,ALW,WA,ANM,WE,Federal Contract Tower,5,0,0,0,5,0,0,7,0,7,5,0,7,0,12,4,0,4,16
03/30/2009,ALW,WA,ANM,WE,Federal Contract Tower,5,2,6,0,13,0,0,19,0,19,5,2,25,0,32,56,0,56,88
03/31/2009,ALW,WA,ANM,WE,Federal Contract Tower,3,2,2,0,7,0,0,5,0,5,3,2,7,0,12,18,0,18,30
04/01/2009,ALW,WA,ANM,WE,Federal Contract Tower,5,2,4,0,11,0,0,0,0,0,5,2,4,0,11,0,0,0,11
04/02/2009,ALW,WA,ANM,WE,Federal Contract Tower,3,3,10,0,16,0,0,23,0,23,3,3,33,0,39,26,0,26,65
04/03/2009,ALW,WA,ANM,WE,Federal Contract Tower,5,5,2,0,12,0,0,21,0,21,5,5,23,0,33,76,0,76,109
04/04/2009,ALW,WA,ANM,WE,Federal Contract Tower,5,2,3,1,11,0,2,53,1,56,5,4,56,2,67,22,0,22,89
04/05/2009,ALW,WA,ANM,WE,Federal Contract Tower,5,0,6,2,13,0,0,54,2,56,5,0,60,4,69,32,0,32,101
04/06/2009,ALW,WA,ANM,WE,Federal Contract Tower,5,1,9,0,15,0,1,55,0,56,5,2,64,0,71,112,0,112,183
04/07/2009,ALW,WA,ANM,WE,Federal Contract Tower,5,1,6,0,12,0,3,38,0,41,5,4,44,0,53,62,0,62,115
04/08/2009,ALW,WA,ANM,WE,Federal Contract Tower,5,3,5,0,13,0,0,24,0,24,5,3,29,0,37,48,0,48,85
04/09/2009,ALW,WA,ANM,WE,Federal Contract Tower,5,2,2,0,9,0,0,38,0,38,5,2,40,0,47,88,0,88,135
04/10/2009,ALW,WA,ANM,WE,Federal Contract Tower,5,3,10,0,18,0,0,38,0,38,5,3,48,0,56,88,0,88,144
04/11/2009,ALW,WA,ANM,WE,Federal Contract Tower,4,0,10,0,14,0,0,13,0,13,4,0,23,0,27,14,0,14,41
04/12/2009,ALW,WA,ANM,WE,Federal Contract Tower,5,0,3,0,8,0,0,16,0,16,5,0,19,0,24,20,0,20,44
04/13/2009,ALW,WA,ANM,WE,Federal Contract Tower,5,2,3,0,10,0,0,18,0,18,5,2,21,0,28,70,0,70,98
04/14/2009,ALW,WA,ANM,WE,Federal Contract Tower,5,2,6,0,13,0,0,27,0,27,5,2,33,0,40,52,0,52,92
04/15/2009,ALW,WA,ANM,WE,Federal Contract Tower,5,4,6,0,15,0,0,45,0,45,5,4,51,0,60,100,0,100,160
04/16/2009,ALW,WA,ANM,WE,Federal Contract Tower,5,2,14,0,21,0,0,56,0,56,5,2,70,0,77,80,0,80,157
04/17/2009,ALW,WA,ANM,WE,Federal Contract Tower,5,2,7,0,14,0,0,61,0,61,5,2,68,0,75,90,0,90,165
04/18/2009,ALW,WA,ANM,WE,Federal Contract Tower,4,1,4,0,9,0,1,59,0,60,4,2,63,0,69,40,0,40,109
04/19/2009,ALW,WA,ANM,WE,Federal Contract Tower,5,1,2,0,8,0,1,44,0,45,5,2,46,0,53,58,0,58,111
04/20/2009,ALW,WA,ANM,WE,Federal Contract Tower,5,2,11,0,18,0,0,45,0,45,5,2,56,0,63,44,0,44,107
04/21/2009,ALW,WA,ANM,WE,Federal Contract Tower,5,2,8,0,15,0,0,46,0,46,5,2,54,0,61,48,0,48,109
04/22/2009,ALW,WA,ANM,WE,Federal Contract Tower,5,2,8,0,15,0,0,45,0,45,5,2,53,0,60,82,0,82,142
04/23/2009,ALW,WA,ANM,WE,Federal Contract Tower,5,3,11,0,19,0,0,45,0,45,5,3,56,0,64,132,0,132,196
04/24/2009,ALW,WA,ANM,WE,Federal Contract Tower,5,2,13,0,20,0,0,43,0,43,5,2,56,0,63,116,0,116,179
04/25/2009,ALW,WA,ANM,WE,Federal Contract Tower,4,0,1,0,5,0,0,7,0,7,4,0,8,0,12,0,0,0,12
04/26/2009,ALW,WA,ANM,WE,Federal Contract Tower,5,0,6,0,11,0,0,31,0,31,5,0,37,0,42,72,0,72,114
04/27/2009,ALW,WA,ANM,WE,Federal Contract Tower,5,2,13,0,20,0,0,43,0,43,5,2,56,0,63,126,0,126,189
04/28/2009,ALW,WA,ANM,WE,Federal Contract Tower,5,2,7,0,14,0,0,0,0,0,5,2,7,0,14,0,0,0,14
04/29/2009,ALW,WA,ANM,WE,Federal Contract Tower,5,2,27,0,34,0,0,26,0,26,5,2,53,0,60,98,0,98,158
04/30/2009,ALW,WA,ANM,WE,Federal Contract Tower,5,2,19,0,26,0,0,36,0,36,5,2,55,0,62,110,0,110,172
05/01/2009,ALW,WA,ANM,WE,Federal Contract Tower,5,4,8,0,17,0,0,43,0,43,5,4,51,0,60,116,0,116,176
05/02/2009,ALW,WA,ANM,WE,Federal Contract Tower,4,0,10,0,14,0,0,12,0,12,4,0,22,0,26,38,0,38,64
05/03/2009,ALW,WA,ANM,WE,Federal Contract Tower,5,0,8,0,13,0,0,27,0,27,5,0,35,0,40,96,0,96,136
05/04/2009,ALW,WA,ANM,WE,Federal Contract Tower,5,2,7,0,14,0,0,32,0,32,5,2,39,0,46,82,0,82,128
05/05/2009,ALW,WA,ANM,WE,Federal Contract Tower,5,5,6,0,16,0,1,10,0,11,5,6,16,0,27,16,0,16,43
05/06/2009,ALW,WA,ANM,WE,Federal Contract Tower,5,2,7,0,14,0,0,48,0,48,5,2,55,0,62,76,0,76,138
05/07/2009,ALW,WA,ANM,WE,Federal Contract Tower,4,2,14,0,20,1,0,31,0,32,5,2,45,0,52,60,0,60,112
05/08/2009,ALW,WA,ANM,WE,Federal Contract Tower,5,5,12,1,23,0,0,68,1,69,5,5,80,2,92,130,0,130,222
05/09/2009,ALW,WA,ANM,WE,Federal Contract Tower,4,1,6,0,11,0,0,69,0,69,4,1,75,0,80,36,0,36,116
05/10/2009,ALW,WA,ANM,WE,Federal Contract Tower,5,1,1,0,7,0,0,73,0,73,5,1,74,0,80,64,0,64,144
05/11/2009,ALW,WA,ANM,WE,Federal Contract Tower,5,2,10,0,17,0,0,33,0,33,5,2,43,0,50,74,0,74,124
05/12/2009,ALW,WA,ANM,WE,Federal Contract Tower,5,4,11,0,20,0,0,9,0,9,5,4,20,0,29,6,0,6,35
05/13/2009,ALW,WA,ANM,WE,Federal Contract Tower,5,2,19,0,26,0,0,59,0,59,5,2,78,0,85,118,0,118,203
05/14/2009,ALW,WA,ANM,WE,Federal Contract Tower,5,2,11,0,18,0,0,27,0,27,5,2,38,0,45,24,0,24,69
05/15/2009,ALW,WA,ANM,WE,Federal Contract Tower,5,2,11,0,18,0,0,44,0,44,5,2,55,0,62,174,0,174,236
05/16/2009,ALW,WA,ANM,WE,Federal Contract Tower,4,0,7,0,11,0,0,32,0,32,4,0,39,0,43,26,0,26,69
05/17/2009,ALW,WA,ANM,WE,Federal Contract Tower,5,0,1,0,6,0,0,32,0,32,5,0,33,0,38,66,0,66,104
05/18/2009,ALW,WA,ANM,WE,Federal Contract Tower,5,1,16,0,22,0,1,54,0,55,5,2,70,0,77,158,0,158,235
05/19/2009,ALW,WA,ANM,WE,Federal Contract Tower,5,2,10,0,17,0,0,24,2,26,5,2,34,2,43,16,0,16,59
05/20/2009,ALW,WA,ANM,WE,Federal Contract Tower,5,1,13,0,19,0,1,53,0,54,5,2,66,0,73,126,0,126,199
05/21/2009,ALW,WA,ANM,WE,Federal Contract Tower,5,4,11,4,24,0,1,63,1,65,5,5,74,5,89,126,0,126,215
05/22/2009,ALW,WA,ANM,WE,Federal Contract Tower,4,2,10,0,16,0,0,49,0,49,4,2,59,0,65,122,0,122,187
05/23/2009,ALW,WA,ANM,WE,Federal Contract Tower,4,0,6,0,10,0,0,32,0,32,4,0,38,0,42,16,0,16,58
05/24/2009,ALW,WA,ANM,WE,Federal Contract Tower,4,0,4,0,8,0,0,33,0,33,4,0,37,0,41,40,0,40,81
05/25/2009,ALW,WA,ANM,WE,Federal Contract Tower,5,0,3,0,8,0,0,42,0,42,5,0,45,0,50,50,0,50,100
05/26/2009,ALW,WA,ANM,WE,Federal Contract Tower,5,4,5,0,14,0,0,32,0,32,5,4,37,0,46,32,0,32,78
05/27/2009,ALW,WA,ANM,WE,Federal Contract Tower,4,2,8,1,15,0,0,53,1,54,4,2,61,2,69,84,0,84,153
05/28/2009,ALW,WA,ANM,WE,Federal Contract Tower,5,2,11,0,18,0,0,70,4,74,5,2,81,4,92,92,0,92,184
05/29/2009,ALW,WA,ANM,WE,Federal Contract Tower,5,2,8,1,16,0,0,48,1,49,5,2,56,2,65,46,0,46,111
05/30/2009,ALW,WA,ANM,WE,Federal Contract Tower,4,1,3,0,8,0,0,19,0,19,4,1,22,0,27,18,0,18,45
05/31/2009,ALW,WA,ANM,WE,Federal Contract Tower,5,0,2,0,7,0,0,54,0,54,5,0,56,0,61,140,0,140,201
06/01/2009,ALW,WA,ANM,WE,Federal Contract Tower,5,2,1,1,9,0,0,30,1,31,5,2,31,2,40,94,0,94,134
06/02/2009,ALW,WA,ANM,WE,Federal Contract Tower,5,5,6,0,16,0,0,46,0,46,5,5,52,0,62,98,0,98,160
06/03/2009,ALW,WA,ANM,WE,Federal Contract Tower,5,2,7,0,14,0,0,42,0,42,5,2,49,0,56,94,0,94,150
06/04/2009,ALW,WA,ANM,WE,Federal Contract Tower,5,4,7,0,16,0,0,34,0,34,5,4,41,0,50,72,0,72,122
06/05/2009,ALW,WA,ANM,WE,Federal Contract Tower,4,3,12,0,19,0,1,54,0,55,4,4,66,0,74,96,0,96,170
06/06/2009,ALW,WA,ANM,WE,Federal Contract Tower,4,0,1,0,5,0,2,15,0,17,4,2,16,0,22,4,0,4,26
06/07/2009,ALW,WA,ANM,WE,Federal Contract Tower,5,0,6,0,11,0,0,18,0,18,5,0,24,0,29,46,0,46,75
06/08/2009,ALW,WA,ANM,WE,Federal Contract Tower,5,6,5,0,16,0,0,36,0,36,5,6,41,0,52,36,0,36,88
06/09/2009,ALW,WA,ANM,WE,Federal Contract Tower,5,2,2,0,9,0,0,61,0,61,5,2,63,0,70,78,0,78,148
06/10/2009,ALW,WA,ANM,WE,Federal Contract Tower,5,2,1,0,8,0,0,47,0,47,5,2,48,0,55,44,0,44,99
06/11/2009,ALW,WA,ANM,WE,Federal Contract Tower,5,4,10,0,19,0,0,41,0,41,5,4,51,0,60,52,0,52,112
06/12/2009,ALW,WA,ANM,WE,Federal Contract Tower,5,2,12,0,19,0,0,24,0,24,5,2,36,0,43,24,0,24,67
06/13/2009,ALW,WA,ANM,WE,Federal Contract Tower,4,0,3,0,7,0,0,19,0,19,4,0,22,0,26,2,0,2,28
06/14/2009,ALW,WA,ANM,WE,Federal Contract Tower,5,0,4,0,9,0,0,20,0,20,5,0,24,0,29,64,0,64,93
06/15/2009,ALW,WA,ANM,WE,Federal Contract Tower,5,2,5,0,12,0,0,16,0,16,5,2,21,0,28,86,0,86,114
06/16/2009,ALW,WA,ANM,WE,Federal Contract Tower,5,1,7,0,13,0,2,42,0,44,5,3,49,0,57,52,0,52,109
06/17/2009,ALW,WA,ANM,WE,Federal Contract Tower,5,2,5,1,13,0,2,16,1,19,5,4,21,2,32,42,0,42,74
06/18/2009,ALW,WA,ANM,WE,Federal Contract Tower,5,2,3,0,10,0,0,15,0,15,5,2,18,0,25,26,0,26,51
06/19/2009,ALW,WA,ANM,WE,Federal Contract Tower,5,2,15,0,22,0,0,21,0,21,5,2,36,0,43,30,0,30,73
06/20/2009,ALW,WA,ANM,WE,Federal Contract Tower,4,1,3,0,8,0,0,26,0,26,4,1,29,0,34,0,0,0,34
06/21/2009,ALW,WA,ANM,WE,Federal Contract Tower,5,0,13,0,18,0,0,14,0,14,5,0,27,0,32,24,0,24,56
06/22/2009,ALW,WA,ANM,WE,Federal Contract Tower,5,2,14,0,21,0,0,34,0,34,5,2,48,0,55,8,0,8,63
06/23/2009,ALW,WA,ANM,WE,Federal Contract Tower,5,2,6,2,15,0,0,63,2,65,5,2,69,4,80,72,0,72,152
06/24/2009,ALW,WA,ANM,WE,Federal Contract Tower,3,2,7,0,12,0,0,51,0,51,3,2,58,0,63,66,0,66,129
06/25/2009,ALW,WA,ANM,WE,Federal Contract Tower,5,2,15,0,22,0,0,30,0,30,5,2,45,0,52,82,0,82,134
06/26/2009,ALW,WA,ANM,WE,Federal Contract Tower,5,2,9,1,17,0,0,30,1,31,5,2,39,2,48,28,0,28,76
06/27/2009,ALW,WA,ANM,WE,Federal Contract Tower,4,0,1,0,5,0,0,40,0,40,4,0,41,0,45,12,0,12,57
06/28/2009,ALW,WA,ANM,WE,Federal Contract Tower,5,0,2,0,7,0,2,24,0,26,5,2,26,0,33,28,0,28,61
06/29/2009,ALW,WA,ANM,WE,Federal Contract Tower,5,2,10,0,17,0,0,43,0,43,5,2,53,0,60,42,0,42,102
06/30/2009,ALW,WA,ANM,WE,Federal Contract Tower,5,2,5,0,12,0,0,47,0,47,5,2,52,0,59,38,0,38,97
07/01/2009,ALW,WA,ANM,WE,Federal Contract Tower,5,2,4,0,11,0,0,41,0,41,5,2,45,0,52,130,0,130,182
07/02/2009,ALW,WA,ANM,WE,Federal Contract Tower,5,2,3,0,10,0,0,44,0,44,5,2,47,0,54,92,0,92,146
07/03/2009,ALW,WA,ANM,WE,Federal Contract Tower,4,1,3,0,8,0,0,22,0,22,4,1,25,0,30,0,0,0,30
07/04/2009,ALW,WA,ANM,WE,Federal Contract Tower,4,0,2,0,6,0,0,19,0,19,4,0,21,0,25,2,0,2,27
07/05/2009,ALW,WA,ANM,WE,Federal Contract Tower,5,0,1,0,6,0,0,21,0,21,5,0,22,0,27,10,0,10,37
07/06/2009,ALW,WA,ANM,WE,Federal Contract Tower,5,1,5,0,11,0,0,13,0,13,5,1,18,0,24,36,0,36,60
07/07/2009,ALW,WA,ANM,WE,Federal Contract Tower,5,2,5,0,12,0,0,45,0,45,5,2,50,0,57,52,0,52,109
07/08/2009,ALW,WA,ANM,WE,Federal Contract Tower,5,2,7,0,14,0,0,29,0,29,5,2,36,0,43,76,0,76,119
07/09/2009,ALW,WA,ANM,WE,Federal Contract Tower,5,4,8,0,17,0,0,67,0,67,5,4,75,0,84,116,0,116,200
07/10/2009,ALW,WA,ANM,WE,Federal Contract Tower,5,2,3,0,10,0,0,39,0,39,5,2,42,0,49,60,0,60,109
07/11/2009,ALW,WA,ANM,WE,Federal Contract Tower,4,0,4,0,8,0,0,19,0,19,4,0,23,0,27,0,0,0,27
07/12/2009,ALW,WA,ANM,WE,Federal Contract Tower,5,0,3,0,8,0,0,13,0,13,5,0,16,0,21,18,0,18,39
07/13/2009,ALW,WA,ANM,WE,Federal Contract Tower,5,2,6,0,13,0,0,21,0,21,5,2,27,0,34,4,0,4,38
07/14/2009,ALW,WA,ANM,WE,Federal Contract Tower,5,2,3,0,10,0,2,63,3,68,5,4,66,3,78,110,0,110,188
07/15/2009,ALW,WA,ANM,WE,Federal Contract Tower,5,6,0,0,11,0,1,37,0,38,5,7,37,0,49,100,0,100,149
07/16/2009,ALW,WA,ANM,WE,Federal Contract Tower,5,2,6,0,13,0,1,56,0,57,5,3,62,0,70,106,0,106,176
07/17/2009,ALW,WA,ANM,WE,Federal Contract Tower,5,2,2,0,9,0,0,35,0,35,5,2,37,0,44,72,0,72,116
07/18/2009,ALW,WA,ANM,WE,Federal Contract Tower,4,0,0,0,4,0,2,18,0,20,4,2,18,0,24,6,0,6,30
07/19/2009,ALW,WA,ANM,WE,Federal Contract Tower,5,1,0,0,6,0,2,31,0,33,5,3,31,0,39,18,0,18,57
07/20/2009,ALW,WA,ANM,WE,Federal Contract Tower,5,2,4,0,11,0,5,29,4,38,5,7,33,4,49,40,0,40,89
07/21/2009,ALW,WA,ANM,WE,Federal Contract Tower,3,2,6,1,12,0,5,31,4,40,3,7,37,5,52,84,0,84,136
07/22/2009,ALW,WA,ANM,WE,Federal Contract Tower,7,5,8,0,20,0,6,31,4,41,7,11,39,4,61,24,0,24,85
07/23/2009,ALW,WA,ANM,WE,Federal Contract Tower,5,2,1,0,8,0,2,30,1,33,5,4,31,1,41,28,0,28,69
07/24/2009,ALW,WA,ANM,WE,Federal Contract Tower,5,4,9,0,18,0,5,39,0,44,5,9,48,0,62,44,0,44,106
07/25/2009,ALW,WA,ANM,WE,Federal Contract Tower,4,0,2,0,6,0,1,16,0,17,4,1,18,0,23,4,0,4,27
07/26/2009,ALW,WA,ANM,WE,Federal Contract Tower,5,1,0,0,6,0,1,12,0,13,5,2,12,0,19,0,0,0,19
07/27/2009,ALW,WA,ANM,WE,Federal Contract Tower,5,3,2,0,10,0,0,19,0,19,5,3,21,0,29,20,0,20,49
07/28/2009,ALW,WA,ANM,WE,Federal Contract Tower,5,3,4,0,12,0,2,28,0,30,5,5,32,0,42,48,0,48,90
07/29/2009,ALW,WA,ANM,WE,Federal Contract Tower,4,3,4,0,11,0,2,20,0,22,4,5,24,0,33,36,0,36,69
07/30/2009,ALW,WA,ANM,WE,Federal Contract Tower,5,2,6,0,13,0,0,40,0,40,5,2,46,0,53,20,0,20,73
07/31/2009,ALW,WA,ANM,WE,Federal Contract Tower,5,2,7,0,14,0,1,28,0,29,5,3,35,0,43,16,0,16,59
08/01/2009,ALW,WA,ANM,WE,Federal Contract Tower,4,0,2,0,6,0,0,26,0,26,4,0,28,0,32,6,0,6,38
08/02/2009,ALW,WA,ANM,WE,Federal Contract Tower,5,2,1,0,8,0,1,37,0,38,5,3,38,0,46,38,0,38,84
08/03/2009,ALW,WA,ANM,WE,Federal Contract Tower,5,3,1,0,9,0,1,31,0,32,5,4,32,0,41,38,0,38,79
08/04/2009,ALW,WA,ANM,WE,Federal Contract Tower,5,2,1,0,8,0,0,24,0,24,5,2,25,0,32,38,0,38,70
08/05/2009,ALW,WA,ANM,WE,Federal Contract Tower,5,2,8,0,15,0,0,26,0,26,5,2,34,0,41,40,0,40,81
08/06/2009,ALW,WA,ANM,WE,Federal Contract Tower,5,2,5,0,12,0,0,28,0,28,5,2,33,0,40,58,0,58,98
08/07/2009,ALW,WA,ANM,WE,Federal Contract Tower,5,4,8,0,17,0,1,6,0,7,5,5,14,0,24,12,0,12,36
08/08/2009,ALW,WA,ANM,WE,Federal Contract Tower,4,0,4,0,8,0,1,20,0,21,4,1,24,0,29,6,0,6,35
08/09/2009,ALW,WA,ANM,WE,Federal Contract Tower,5,0,2,0,7,0,0,22,0,22,5,0,24,0,29,22,0,22,51
08/10/2009,ALW,WA,ANM,WE,Federal Contract Tower,5,2,7,0,14,0,0,38,0,38,5,2,45,0,52,26,0,26,78
08/11/2009,ALW,WA,ANM,WE,Federal Contract Tower,5,2,2,1,10,0,0,52,0,52,5,2,54,1,62,82,0,82,144
08/12/2009,ALW,WA,ANM,WE,Federal Contract Tower,5,2,12,0,19,0,1,53,1,55,5,3,65,1,74,114,0,114,188
08/13/2009,ALW,WA,ANM,WE,Federal Contract Tower,5,2,3,0,10,0,0,24,0,24,5,2,27,0,34,74,0,74,108
08/14/2009,ALW,WA,ANM,WE,Federal Contract Tower,5,3,3,0,11,0,0,20,0,20,5,3,23,0,31,32,0,32,63
08/15/2009,ALW,WA,ANM,WE,Federal Contract Tower,4,0,4,0,8,0,4,33,0,37,4,4,37,0,45,30,0,30,75
08/16/2009,ALW,WA,ANM,WE,Federal Contract Tower,5,0,1,0,6,0,1,36,0,37,5,1,37,0,43,4,0,4,47
08/17/2009,ALW,WA,ANM,WE,Federal Contract Tower,5,2,3,0,10,0,0,46,0,46,5,2,49,0,56,72,0,72,128
08/18/2009,ALW,WA,ANM,WE,Federal Contract Tower,5,2,0,1,8,0,0,33,0,33,5,2,33,1,41,62,2,64,105
08/19/2009,ALW,WA,ANM,WE,Federal Contract Tower,5,2,8,0,15,0,2,40,0,42,5,4,48,0,57,54,0,54,111
08/20/2009,ALW,WA,ANM,WE,Federal Contract Tower,5,6,3,2,16,0,2,30,2,34,5,8,33,4,50,46,0,46,96
08/21/2009,ALW,WA,ANM,WE,Federal Contract Tower,5,2,3,3,13,0,1,20,1,22,5,3,23,4,35,30,0,30,65
08/22/2009,ALW,WA,ANM,WE,Federal Contract Tower,4,1,0,0,5,0,0,32,0,32,4,1,32,0,37,4,0,4,41
08/23/2009,ALW,WA,ANM,WE,Federal Contract Tower,5,0,6,0,11,0,1,29,0,30,5,1,35,0,41,0,0,0,41
08/24/2009,ALW,WA,ANM,WE,Federal Contract Tower,5,1,2,0,8,0,3,42,0,45,5,4,44,0,53,42,0,42,95
08/25/2009,ALW,WA,ANM,WE,Federal Contract Tower,5,2,7,0,14,0,0,30,0,30,5,2,37,0,44,78,0,78,122
08/26/2009,ALW,WA,ANM,WE,Federal Contract Tower,5,2,6,0,13,0,0,36,0,36,5,2,42,0,49,66,0,66,115
08/27/2009,ALW,WA,ANM,WE,Federal Contract Tower,5,2,10,0,17,0,0,53,0,53,5,2,63,0,70,128,0,128,198
08/28/2009,ALW,WA,ANM,WE,Federal Contract Tower,5,5,2,0,12,0,2,33,0,35,5,7,35,0,47,72,0,72,119
08/29/2009,ALW,WA,ANM,WE,Federal Contract Tower,4,1,8,0,13,0,0,20,0,20,4,1,28,0,33,40,0,40,73
08/30/2009,ALW,WA,ANM,WE,Federal Contract Tower,5,0,8,0,13,0,1,30,0,31,5,1,38,0,44,4,0,4,48
08/31/2009,ALW,WA,ANM,WE,Federal Contract Tower,5,1,9,0,15,0,1,29,0,30,5,2,38,0,45,28,0,28,73
09/01/2009,ALW,WA,ANM,WE,Federal Contract Tower,5,2,5,0,12,0,0,34,0,34,5,2,39,0,46,34,0,34,80
09/02/2009,ALW,WA,ANM,WE,Federal Contract Tower,3,2,2,2,9,0,2,31,0,33,3,4,33,2,42,14,0,14,56
09/03/2009,ALW,WA,ANM,WE,Federal Contract Tower,5,2,6,0,13,0,0,20,0,20,5,2,26,0,33,20,0,20,53
09/04/2009,ALW,WA,ANM,WE,Federal Contract Tower,5,3,5,0,13,0,0,49,0,49,5,3,54,0,62,82,0,82,144
09/05/2009,ALW,WA,ANM,WE,Federal Contract Tower,4,0,4,0,8,0,0,17,0,17,4,0,21,0,25,28,0,28,53
09/06/2009,ALW,WA,ANM,WE,Federal Contract Tower,4,0,8,0,12,0,0,19,0,19,4,0,27,0,31,38,0,38,69
09/07/2009,ALW,WA,ANM,WE,Federal Contract Tower,5,0,6,0,11,0,0,22,0,22,5,0,28,0,33,62,0,62,95
09/08/2009,ALW,WA,ANM,WE,Federal Contract Tower,5,3,6,0,14,0,0,24,0,24,5,3,30,0,38,32,0,32,70
09/09/2009,ALW,WA,ANM,WE,Federal Contract Tower,5,2,2,0,9,0,0,17,0,17,5,2,19,0,26,34,0,34,60
09/10/2009,ALW,WA,ANM,WE,Federal Contract Tower,5,2,3,0,10,0,0,20,0,20,5,2,23,0,30,10,0,10,40
09/11/2009,ALW,WA,ANM,WE,Federal Contract Tower,5,2,5,0,12,0,0,21,0,21,5,2,26,0,33,14,0,14,47
09/12/2009,ALW,WA,ANM,WE,Federal Contract Tower,4,1,2,0,7,0,0,21,0,21,4,1,23,0,28,8,0,8,36
09/13/2009,ALW,WA,ANM,WE,Federal Contract Tower,5,1,4,0,10,0,0,7,0,7,5,1,11,0,17,2,0,2,19
09/14/2009,ALW,WA,ANM,WE,Federal Contract Tower,5,2,2,0,9,0,0,11,0,11,5,2,13,0,20,26,0,26,46
09/15/2009,ALW,WA,ANM,WE,Federal Contract Tower,5,4,3,0,12,0,4,14,0,18,5,8,17,0,30,40,0,40,70
09/16/2009,ALW,WA,ANM,WE,Federal Contract Tower,3,2,2,0,7,0,0,21,1,22,3,2,23,1,29,34,0,34,63
09/17/2009,ALW,WA,ANM,WE,Federal Contract Tower,5,2,10,0,17,0,4,24,0,28,5,6,34,0,45,50,0,50,95
09/18/2009,ALW,WA,ANM,WE,Federal Contract Tower,5,2,9,0,16,0,0,29,1,30,5,2,38,1,46,22,0,22,68
09/19/2009,ALW,WA,ANM,WE,Federal Contract Tower,4,0,2,0,6,0,0,11,0,11,4,0,13,0,17,18,0,18,35
09/20/2009,ALW,WA,ANM,WE,Federal Contract Tower,5,0,11,0,16,0,0,13,0,13,5,0,24,0,29,20,0,20,49
09/21/2009,ALW,WA,ANM,WE,Federal Contract Tower,5,2,5,0,12,0,0,22,0,22,5,2,27,0,34,82,0,82,116
09/22/2009,ALW,WA,ANM,WE,Federal Contract Tower,5,2,3,0,10,0,0,23,0,23,5,2,26,0,33,64,0,64,97
09/23/2009,ALW,WA,ANM,WE,Federal Contract Tower,5,4,5,0,14,0,0,31,0,31,5,4,36,0,45,52,0,52,97
09/24/2009,ALW,WA,ANM,WE,Federal Contract Tower,5,2,4,6,17,0,0,28,5,33,5,2,32,11,50,50,0,50,100
09/25/2009,ALW,WA,ANM,WE,Federal Contract Tower,5,2,4,0,11,0,0,35,0,35,5,2,39,0,46,85,0,85,131
09/26/2009,ALW,WA,ANM,WE,Federal Contract Tower,4,0,0,0,4,0,0,44,0,44,4,0,44,0,48,20,0,20,68
09/27/2009,ALW,WA,ANM,WE,Federal Contract Tower,5,1,7,0,13,0,0,27,0,27,5,1,34,0,40,14,0,14,54
09/28/2009,ALW,WA,ANM,WE,Federal Contract Tower,5,2,1,0,8,0,0,21,0,21,5,2,22,0,29,66,0,66,95
09/29/2009,ALW,WA,ANM,WE,Federal Contract Tower,5,2,3,0,10,0,0,14,0,14,5,2,17,0,24,72,0,72,96
09/30/2009,ALW,WA,ANM,WE,Federal Contract Tower,5,2,5,0,12,0,0,24,0,24,5,2,29,0,36,56,0,56,92
10/01/2009,ALW,WA,ANM,WE,Federal Contract Tower,5,4,3,0,12,0,0,27,0,27,5,4,30,0,39,90,0,90,129
10/02/2009,ALW,WA,ANM,WE,Federal Contract Tower,5,3,4,0,12,0,0,19,0,19,5,3,23,0,31,18,0,18,49
10/03/2009,ALW,WA,ANM,WE,Federal Contract Tower,4,1,4,0,9,0,0,9,0,9,4,1,13,0,18,22,0,22,40
10/04/2009,ALW,WA,ANM,WE,Federal Contract Tower,5,0,3,0,8,0,0,14,0,14,5,0,17,0,22,16,0,16,38
10/05/2009,ALW,WA,ANM,WE,Federal Contract Tower,5,2,5,0,12,0,0,39,0,39,5,2,44,0,51,90,0,90,141
10/06/2009,ALW,WA,ANM,WE,Federal Contract Tower,4,3,3,0,10,0,1,34,0,35,4,4,37,0,45,64,0,64,109
10/07/2009,ALW,WA,ANM,WE,Federal Contract Tower,6,2,7,2,17,0,2,37,2,41,6,4,44,4,58,56,0,56,114
10/08/2009,ALW,WA,ANM,WE,Federal Contract Tower,5,2,6,0,13,0,0,30,0,30,5,2,36,0,43,56,0,56,99
10/09/2009,ALW,WA,ANM,WE,Federal Contract Tower,4,5,3,0,12,0,1,40,0,41,4,6,43,0,53,62,0,62,115
10/10/2009,ALW,WA,ANM,WE,Federal Contract Tower,4,0,3,0,7,0,0,26,0,26,4,0,29,0,33,0,0,0,33
10/11/2009,ALW,WA,ANM,WE,Federal Contract Tower,5,0,1,0,6,0,0,27,0,27,5,0,28,0,33,60,0,60,93
10/12/2009,ALW,WA,ANM,WE,Federal Contract Tower,5,2,4,0,11,0,0,34,0,34,5,2,38,0,45,88,0,88,133
10/13/2009,ALW,WA,ANM,WE,Federal Contract Tower,5,2,7,0,14,0,0,11,0,11,5,2,18,0,25,44,0,44,69
10/14/2009,ALW,WA,ANM,WE,Federal Contract Tower,5,2,1,0,8,0,0,16,0,16,5,2,17,0,24,34,0,34,58
10/15/2009,ALW,WA,ANM,WE,Federal Contract Tower,5,3,3,0,11,0,0,26,0,26,5,3,29,0,37,72,0,72,109
10/16/2009,ALW,WA,ANM,WE,Federal Contract Tower,5,2,4,0,11,0,0,35,0,35,5,2,39,0,46,58,0,58,104
10/17/2009,ALW,WA,ANM,WE,Federal Contract Tower,4,0,0,0,4,0,0,12,0,12,4,0,12,0,16,14,0,14,30
10/18/2009,ALW,WA,ANM,WE,Federal Contract Tower,5,2,4,0,11,0,1,31,0,32,5,3,35,0,43,8,0,8,51
10/19/2009,ALW,WA,ANM,WE,Federal Contract Tower,5,2,5,0,12,0,0,22,0,22,5,2,27,0,34,80,0,80,114
10/20/2009,ALW,WA,ANM,WE,Federal Contract Tower,5,9,4,0,18,0,0,25,0,25,5,9,29,0,43,66,0,66,109
10/21/2009,ALW,WA,ANM,WE,Federal Contract Tower,5,2,7,0,14,0,0,25,0,25,5,2,32,0,39,78,0,78,117
10/22/2009,ALW,WA,ANM,WE,Federal Contract Tower,5,4,5,0,14,0,0,46,0,46,5,4,51,0,60,104,0,104,164
10/23/2009,ALW,WA,ANM,WE,Federal Contract Tower,5,3,2,0,10,0,1,16,0,17,5,4,18,0,27,20,0,20,47
10/24/2009,ALW,WA,ANM,WE,Federal Contract Tower,4,0,0,0,4,0,0,31,0,31,4,0,31,0,35,26,0,26,61
10/25/2009,ALW,WA,ANM,WE,Federal Contract Tower,5,0,4,0,9,0,1,41,0,42,5,1,45,0,51,32,0,32,83
10/26/2009,ALW,WA,ANM,WE,Federal Contract Tower,5,3,6,0,14,0,0,5,0,5,5,3,11,0,19,12,0,12,31
10/27/2009,ALW,WA,ANM,WE,Federal Contract Tower,5,2,1,0,8,0,0,26,0,26,5,2,27,0,34,76,0,76,110
10/28/2009,ALW,WA,ANM,WE,Federal Contract Tower,5,2,13,0,20,0,0,29,0,29,5,2,42,0,49,62,0,62,111
10/29/2009,ALW,WA,ANM,WE,Federal Contract Tower,5,2,3,0,10,0,0,11,0,11,5,2,14,0,21,48,0,48,69
10/30/2009,ALW,WA,ANM,WE,Federal Contract Tower,5,4,5,0,14,0,0,20,0,20,5,4,25,0,34,52,0,52,86
10/31/2009,ALW,WA,ANM,WE,Federal Contract Tower,4,0,3,0,7,0,0,7,0,7,4,0,10,0,14,4,0,4,18
11/01/2009,ALW,WA,ANM,WE,Federal Contract Tower,5,0,4,0,9,0,0,30,0,30,5,0,34,0,39,76,0,76,115
11/02/2009,ALW,WA,ANM,WE,Federal Contract Tower,5,2,2,3,12,0,0,31,3,34,5,2,33,6,46,92,0,92,138
11/03/2009,ALW,WA,ANM,WE,Federal Contract Tower,3,2,2,0,7,0,0,51,0,51,3,2,53,0,58,108,0,108,166
11/04/2009,ALW,WA,ANM,WE,Federal Contract Tower,5,4,6,0,15,0,0,48,0,48,5,4,54,0,63,66,0,66,129
11/05/2009,ALW,WA,ANM,WE,Federal Contract Tower,5,4,10,0,19,0,1,34,0,35,5,5,44,0,54,56,0,56,110
11/06/2009,ALW,WA,ANM,WE,Federal Contract Tower,5,2,4,0,11,0,0,17,0,17,5,2,21,0,28,78,0,78,106
11/07/2009,ALW,WA,ANM,WE,Federal Contract Tower,4,1,7,0,12,0,0,3,0,3,4,1,10,0,15,0,0,0,15
11/08/2009,ALW,WA,ANM,WE,Federal Contract Tower,5,0,3,0,8,0,0,22,0,22,5,0,25,0,30,34,0,34,64
11/09/2009,ALW,WA,ANM,WE,Federal Contract Tower,5,2,5,0,12,0,0,31,0,31,5,2,36,0,43,66,0,66,109
11/10/2009,ALW,WA,ANM,WE,Federal Contract Tower,5,2,3,0,10,0,0,40,0,40,5,2,43,0,50,112,0,112,162
11/11/2009,ALW,WA,ANM,WE,Federal Contract Tower,5,2,5,0,12,0,0,26,0,26,5,2,31,0,38,114,0,114,152
11/12/2009,ALW,WA,ANM,WE,Federal Contract Tower,5,3,4,0,12,0,1,42,0,43,5,4,46,0,55,118,0,118,173
11/13/2009,ALW,WA,ANM,WE,Federal Contract Tower,5,2,0,0,7,0,0,15,0,15,5,2,15,0,22,32,0,32,54
11/14/2009,ALW,WA,ANM,WE,Federal Contract Tower,4,0,5,0,9,0,0,25,0,25,4,0,30,0,34,12,0,12,46
11/15/2009,ALW,WA,ANM,WE,Federal Contract Tower,5,0,0,0,5,0,0,15,0,15,5,0,15,0,20,28,0,28,48
11/16/2009,ALW,WA,ANM,WE,Federal Contract Tower,3,2,2,0,7,0,0,7,0,7,3,2,9,0,14,4,0,4,18
11/17/2009,ALW,WA,ANM,WE,Federal Contract Tower,5,3,5,0,13,0,0,17,0,17,5,3,22,0,30,90,0,90,120
11/18/2009,ALW,WA,ANM,WE,Federal Contract Tower,5,2,1,2,10,0,0,36,2,38,5,2,37,4,48,140,0,140,188
11/19/2009,ALW,WA,ANM,WE,Federal Contract Tower,5,3,5,0,13,0,0,7,2,9,5,3,12,2,22,8,0,8,30
11/20/2009,ALW,WA,ANM,WE,Federal Contract Tower,5,2,0,0,7,2,0,6,0,8,7,2,6,0,15,10,0,10,25
11/21/2009,ALW,WA,ANM,WE,Federal Contract Tower,4,0,3,0,7,0,0,18,0,18,4,0,21,0,25,8,0,8,33
11/22/2009,ALW,WA,ANM,WE,Federal Contract Tower,5,0,1,0,6,0,0,0,0,0,5,0,1,0,6,0,0,0,6
11/23/2009,ALW,WA,ANM,WE,Federal Contract Tower,5,2,0,0,7,0,0,15,0,15,5,2,15,0,22,24,0,24,46
11/24/2009,ALW,WA,ANM,WE,Federal Contract Tower,5,2,1,0,8,0,0,20,0,20,5,2,21,0,28,36,0,36,64
11/25/2009,ALW,WA,ANM,WE,Federal Contract Tower,5,4,5,0,14,0,0,18,0,18,5,4,23,0,32,18,0,18,50
11/26/2009,ALW,WA,ANM,WE,Federal Contract Tower,4,0,1,0,5,0,0,1,0,1,4,0,2,0,6,0,0,0,6
11/27/2009,ALW,WA,ANM,WE,Federal Contract Tower,3,2,3,0,8,0,0,15,0,15,3,2,18,0,23,52,0,52,75
11/28/2009,ALW,WA,ANM,WE,Federal Contract Tower,5,3,3,0,11,0,0,17,0,17,5,3,20,0,28,6,0,6,34
11/29/2009,ALW,WA,ANM,WE,Federal Contract Tower,5,0,6,0,11,0,0,37,0,37,5,0,43,0,48,24,0,24,72
11/30/2009,ALW,WA,ANM,WE,Federal Contract Tower,5,2,6,0,13,0,0,32,0,32,5,2,38,0,45,96,0,96,141
12/01/2009,ALW,WA,ANM,WE,Federal Contract Tower,5,2,5,0,12,0,0,9,0,9,5,2,14,0,21,36,0,36,57
12/02/2009,ALW,WA,ANM,WE,Federal Contract Tower,5,2,1,0,8,0,0,21,0,21,5,2,22,0,29,38,0,38,67
12/03/2009,ALW,WA,ANM,WE,Federal Contract Tower,5,5,6,0,16,0,0,20,0,20,5,5,26,0,36,144,0,144,180
12/04/2009,ALW,WA,ANM,WE,Federal Contract Tower,5,2,16,0,23,0,0,9,0,9,5,2,25,0,32,24,0,24,56
12/05/2009,ALW,WA,ANM,WE,Federal Contract Tower,4,0,5,0,9,0,0,3,0,3,4,0,8,0,12,0,0,0,12
12/06/2009,ALW,WA,ANM,WE,Federal Contract Tower,5,0,5,0,10,0,1,18,0,19,5,1,23,0,29,36,0,36,65
12/07/2009,ALW,WA,ANM,WE,Federal Contract Tower,5,2,2,2,11,0,0,33,1,34,5,2,35,3,45,80,0,80,125
12/08/2009,ALW,WA,ANM,WE,Federal Contract Tower,5,2,5,1,13,0,0,27,1,28,5,2,32,2,41,58,0,58,99
12/09/2009,ALW,WA,ANM,WE,Federal Contract Tower,5,4,1,0,10,0,0,28,0,28,5,4,29,0,38,120,0,120,158
12/10/2009,ALW,WA,ANM,WE,Federal Contract Tower,5,2,5,0,12,0,0,54,2,56,5,2,59,2,68,152,0,152,220
12/11/2009,ALW,WA,ANM,WE,Federal Contract Tower,5,2,3,5,15,0,0,31,0,31,5,2,34,5,46,76,0,76,122
12/12/2009,ALW,WA,ANM,WE,Federal Contract Tower,4,0,0,0,4,0,0,0,0,0,4,0,0,0,4,0,0,0,4
12/13/2009,ALW,WA,ANM,WE,Federal Contract Tower,5,0,0,0,5,0,0,11,0,11,5,0,11,0,16,46,0,46,62
12/14/2009,ALW,WA,ANM,WE,Federal Contract Tower,5,2,0,3,10,0,0,5,5,10,5,2,5,8,20,24,0,24,44
12/15/2009,ALW,WA,ANM,WE,Federal Contract Tower,1,0,0,0,1,0,0,0,0,0,1,0,0,0,1,0,0,0,1
12/16/2009,ALW,WA,ANM,WE,Federal Contract Tower,6,2,1,0,9,0,0,17,0,17,6,2,18,0,26,64,0,64,90
12/17/2009,ALW,WA,ANM,WE,Federal Contract Tower,5,6,7,2,20,0,0,6,0,6,5,6,13,2,26,14,0,14,40
12/18/2009,ALW,WA,ANM,WE,Federal Contract Tower,3,2,0,0,5,0,0,0,0,0,3,2,0,0,5,0,0,0,5
12/19/2009,ALW,WA,ANM,WE,Federal Contract Tower,6,2,3,0,11,0,0,9,0,9,6,2,12,0,20,8,0,8,28
12/20/2009,ALW,WA,ANM,WE,Federal Contract Tower,5,0,1,0,6,0,0,0,0,0,5,0,1,0,6,0,0,0,6
12/21/2009,ALW,WA,ANM,WE,Federal Contract Tower,5,2,3,3,13,0,0,4,2,6,5,2,7,5,19,12,0,12,31
12/22/2009,ALW,WA,ANM,WE,Federal Contract Tower,5,0,4,4,13,0,0,14,4,18,5,0,18,8,31,10,0,10,41
12/23/2009,ALW,WA,ANM,WE,Federal Contract Tower,6,3,3,0,12,0,1,17,0,18,6,4,20,0,30,12,0,12,42
12/24/2009,ALW,WA,ANM,WE,Federal Contract Tower,4,4,2,0,10,0,0,0,0,0,4,4,2,0,10,0,0,0,10
12/25/2009,ALW,WA,ANM,WE,Federal Contract Tower,4,0,0,0,4,0,0,0,0,0,4,0,0,0,4,0,0,0,4
12/26/2009,ALW,WA,ANM,WE,Federal Contract Tower,5,2,0,0,7,0,0,0,0,0,5,2,0,0,7,0,0,0,7
12/27/2009,ALW,WA,ANM,WE,Federal Contract Tower,5,0,2,0,7,0,0,0,0,0,5,0,2,0,7,0,0,0,7
12/28/2009,ALW,WA,ANM,WE,Federal Contract Tower,5,4,0,0,9,0,0,8,0,8,5,4,8,0,17,12,0,12,29
12/29/2009,ALW,WA,ANM,WE,Federal Contract Tower,5,5,4,0,14,0,0,0,0,0,5,5,4,0,14,0,0,0,14
12/30/2009,ALW,WA,ANM,WE,Federal Contract Tower,5,2,1,0,8,0,0,9,0,9,5,2,10,0,17,28,0,28,45
12/31/2009,ALW,WA,ANM,WE,Federal Contract Tower,2,0,1,0,3,0,0,0,0,0,2,0,1,0,3,0,0,0,3
01/01/2010,ALW,WA,ANM,WE,Federal Contract Tower,3,0,0,0,3,0,0,6,0,6,3,0,6,0,9,8,0,8,17
01/02/2010,ALW,WA,ANM,WE,Federal Contract Tower,5,0,0,0,5,0,0,6,0,6,5,0,6,0,11,14,0,14,25
01/03/2010,ALW,WA,ANM,WE,Federal Contract Tower,6,0,0,0,6,0,0,4,0,4,6,0,4,0,10,4,0,4,14
01/04/2010,ALW,WA,ANM,WE,Federal Contract Tower,5,0,0,4,9,0,0,0,0,0,5,0,0,4,9,0,0,0,9
01/05/2010,ALW,WA,ANM,WE,Federal Contract Tower,3,2,1,0,6,0,0,0,0,0,3,2,1,0,6,0,0,0,6
01/06/2010,ALW,WA,ANM,WE,Federal Contract Tower,2,2,10,2,16,0,0,1,0,1,2,2,11,2,17,0,0,0,17
01/07/2010,ALW,WA,ANM,WE,Federal Contract Tower,3,2,2,0,7,0,0,0,0,0,3,2,2,0,7,0,0,0,7
01/08/2010,ALW,WA,ANM,WE,Federal Contract Tower,3,2,13,0,18,0,0,0,0,0,3,2,13,0,18,0,0,0,18
01/09/2010,ALW,WA,ANM,WE,Federal Contract Tower,2,0,0,0,2,0,0,0,0,0,2,0,0,0,2,0,0,0,2
01/10/2010,ALW,WA,ANM,WE,Federal Contract Tower,3,0,0,0,3,0,0,0,0,0,3,0,0,0,3,0,0,0,3
01/11/2010,ALW,WA,ANM,WE,Federal Contract Tower,1,0,0,0,1,0,0,0,0,0,1,0,0,0,1,0,0,0,1
01/12/2010,ALW,WA,ANM,WE,Federal Contract Tower,4,2,5,0,11,0,0,29,2,31,4,2,34,2,42,98,0,98,140
01/13/2010,ALW,WA,ANM,WE,Federal Contract Tower,3,2,8,0,13,0,0,2,0,2,3,2,10,0,15,10,0,10,25
01/14/2010,ALW,WA,ANM,WE,Federal Contract Tower,3,2,1,0,6,0,0,49,0,49,3,2,50,0,55,140,0,140,195
01/15/2010,ALW,WA,ANM,WE,Federal Contract Tower,3,2,0,2,7,0,0,4,2,6,3,2,4,4,13,0,0,0,13
01/16/2010,ALW,WA,ANM,WE,Federal Contract Tower,2,0,0,0,2,0,0,20,0,20,2,0,20,0,22,22,0,22,44
01/17/2010,ALW,WA,ANM,WE,Federal Contract Tower,3,0,0,0,3,0,0,6,0,6,3,0,6,0,9,16,0,16,25
01/18/2010,ALW,WA,ANM,WE,Federal Contract Tower,3,2,1,0,6,0,0,30,0,30,3,2,31,0,36,46,0,46,82
01/19/2010,ALW,WA,ANM,WE,Federal Contract Tower,3,2,5,0,10,0,0,20,0,20,3,2,25,0,30,34,0,34,64
01/20/2010,ALW,WA,ANM,WE,Federal Contract Tower,3,2,0,0,5,0,0,15,0,15,3,2,15,0,20,60,0,60,80
01/21/2010,ALW,WA,ANM,WE,Federal Contract Tower,3,2,4,0,9,0,0,10,0,10,3,2,14,0,19,12,0,12,31
01/22/2010,ALW,WA,ANM,WE,Federal Contract Tower,3,2,0,0,5,0,0,17,0,17,3,2,17,0,22,74,0,74,96
01/23/2010,ALW,WA,ANM,WE,Federal Contract Tower,2,0,1,0,3,0,0,7,0,7,2,0,8,0,10,10,0,10,20
01/24/2010,ALW,WA,ANM,WE,Federal Contract Tower,3,0,0,0,3,0,0,27,0,27,3,0,27,0,30,122,0,122,152
01/25/2010,ALW,WA,ANM,WE,Federal Contract Tower,3,2,1,0,6,0,0,3,0,3,3,2,4,0,9,4,0,4,13
01/26/2010,ALW,WA,ANM,WE,Federal Contract Tower,4,2,5,0,11,0,0,0,0,0,4,2,5,0,11,0,0,0,11
01/27/2010,ALW,WA,ANM,WE,Federal Contract Tower,3,2,2,0,7,0,0,21,0,21,3,2,23,0,28,76,0,76,104
01/28/2010,ALW,WA,ANM,WE,Federal Contract Tower,3,2,2,0,7,0,0,2,0,2,3,2,4,0,9,8,0,8,17
01/29/2010,ALW,WA,ANM,WE,Federal Contract Tower,2,4,9,0,15,0,0,0,0,0,2,4,9,0,15,0,0,0,15
01/30/2010,ALW,WA,ANM,WE,Federal Contract Tower,2,0,4,0,6,0,0,1,0,1,2,0,5,0,7,0,0,0,7
01/31/2010,ALW,WA,ANM,WE,Federal Contract Tower,3,0,1,0,4,0,0,8,0,8,3,0,9,0,12,44,0,44,56
02/01/2010,ALW,WA,ANM,WE,Federal Contract Tower,3,0,7,0,10,0,0,5,0,5,3,0,12,0,15,8,0,8,23
02/02/2010,ALW,WA,ANM,WE,Federal Contract Tower,4,2,8,0,14,0,0,10,0,10,4,2,18,0,24,32,0,32,56
02/03/2010,ALW,WA,ANM,WE,Federal Contract Tower,2,2,9,2,15,0,0,0,0,0,2,2,9,2,15,0,0,0,15
02/04/2010,ALW,WA,ANM,WE,Federal Contract Tower,2,3,2,0,7,0,1,8,0,9,2,4,10,0,16,68,0,68,84
02/05/2010,ALW,WA,ANM,WE,Federal Contract Tower,3,4,7,1,15,0,0,14,0,14,3,4,21,1,29,22,0,22,51
02/06/2010,ALW,WA,ANM,WE,Federal Contract Tower,2,0,2,1,5,0,0,0,0,0,2,0,2,1,5,0,0,0,5
02/07/2010,ALW,WA,ANM,WE,Federal Contract Tower,3,0,2,0,5,0,0,13,0,13,3,0,15,0,18,78,0,78,96
02/08/2010,ALW,WA,ANM,WE,Federal Contract Tower,3,2,1,0,6,0,0,13,0,13,3,2,14,0,19,62,0,62,81
02/09/2010,ALW,WA,ANM,WE,Federal Contract Tower,3,2,11,0,16,0,0,17,2,19,3,2,28,2,35,16,0,16,51
02/10/2010,ALW,WA,ANM,WE,Federal Contract Tower,3,2,6,6,17,0,0,30,0,30,3,2,36,6,47,44,0,44,91
02/11/2010,ALW,WA,ANM,WE,Federal Contract Tower,3,4,6,0,13,0,0,19,4,23,3,4,25,4,36,58,0,58,94
02/12/2010,ALW,WA,ANM,WE,Federal Contract Tower,3,2,7,0,12,0,0,25,0,25,3,2,32,0,37,80,0,80,117
02/13/2010,ALW,WA,ANM,WE,Federal Contract Tower,2,0,5,0,7,0,0,26,0,26,2,0,31,0,33,36,0,36,69
02/14/2010,ALW,WA,ANM,WE,Federal Contract Tower,3,2,1,0,6,0,0,7,0,7,3,2,8,0,13,12,0,12,25
02/15/2010,ALW,WA,ANM,WE,Federal Contract Tower,3,2,6,0,11,0,0,11,0,11,3,2,17,0,22,8,0,8,30
02/16/2010,ALW,WA,ANM,WE,Federal Contract Tower,3,2,1,0,6,0,0,11,2,13,3,2,12,2,19,26,0,26,45
02/17/2010,ALW,WA,ANM,WE,Federal Contract Tower,3,2,3,0,8,0,0,10,0,10,3,2,13,0,18,0,0,0,18
02/18/2010,ALW,WA,ANM,WE,Federal Contract Tower,3,2,6,0,11,0,0,10,0,10,3,2,16,0,21,6,0,6,27
02/19/2010,ALW,WA,ANM,WE,Federal Contract Tower,4,2,10,0,16,0,0,22,0,22,4,2,32,0,38,34,0,34,72
02/20/2010,ALW,WA,ANM,WE,Federal Contract Tower,2,2,10,0,14,0,0,18,0,18,2,2,28,0,32,14,0,14,46
02/21/2010,ALW,WA,ANM,WE,Federal Contract Tower,3,0,1,0,4,0,0,50,0,50,3,0,51,0,54,130,0,130,184
02/22/2010,ALW,WA,ANM,WE,Federal Contract Tower,3,2,3,0,8,0,0,40,0,40,3,2,43,0,48,40,0,40,88
02/23/2010,ALW,WA,ANM,WE,Federal Contract Tower,4,2,1,0,7,0,0,54,0,54,4,2,55,0,61,48,0,48,109
02/24/2010,ALW,WA,ANM,WE,Federal Contract Tower,3,2,9,2,16,0,0,19,2,21,3,2,28,4,37,66,0,66,103
02/25/2010,ALW,WA,ANM,WE,Federal Contract Tower,3,5,1,0,9,0,1,42,0,43,3,6,43,0,52,124,0,124,176
02/26/2010,ALW,WA,ANM,WE,Federal Contract Tower,3,2,8,0,13,0,0,10,0,10,3,2,18,0,23,4,0,4,27
02/27/2010,ALW,WA,ANM,WE,Federal Contract Tower,2,0,3,0,5,0,0,36,0,36,2,0,39,0,41,38,0,38,79
02/28/2010,ALW,WA,ANM,WE,Federal Contract Tower,3,0,3,0,6,0,0,37,0,37,3,0,40,0,43,46,0,46,89
03/01/2010,ALW,WA,ANM,WE,Federal Contract Tower,3,2,2,0,7,0,0,35,2,37,3,2,37,2,44,116,0,116,160
03/02/2010,ALW,WA,ANM,WE,Federal Contract Tower,1,4,3,0,8,0,0,22,0,22,1,4,25,0,30,60,0,60,90
03/03/2010,ALW,WA,ANM,WE,Federal Contract Tower,3,2,4,0,9,0,4,41,2,47,3,6,45,2,56,72,0,72,128
03/04/2010,ALW,WA,ANM,WE,Federal Contract Tower,3,5,5,1,14,0,0,54,0,54,3,5,59,1,68,96,0,96,164
03/05/2010,ALW,WA,ANM,WE,Federal Contract Tower,3,2,9,0,14,0,0,90,0,90,3,2,99,0,104,126,0,126,230
03/06/2010,ALW,WA,ANM,WE,Federal Contract Tower,2,0,3,0,5,0,0,43,0,43,2,0,46,0,48,26,0,26,74
03/07/2010,ALW,WA,ANM,WE,Federal Contract Tower,3,0,1,0,4,0,0,37,0,37,3,0,38,0,41,68,0,68,109
03/08/2010,ALW,WA,ANM,WE,Federal Contract Tower,3,2,4,0,9,0,0,9,0,9,3,2,13,0,18,22,0,22,40
03/09/2010,ALW,WA,ANM,WE,Federal Contract Tower,3,2,4,0,9,0,0,36,2,38,3,2,40,2,47,66,0,66,113
03/10/2010,ALW,WA,ANM,WE,Federal Contract Tower,3,3,1,2,9,0,0,24,0,24,3,3,25,2,33,72,0,72,105
03/11/2010,ALW,WA,ANM,WE,Federal Contract Tower,3,2,3,0,8,0,0,10,0,10,3,2,13,0,18,38,0,38,56
03/12/2010,ALW,WA,ANM,WE,Federal Contract Tower,3,2,4,0,9,0,0,0,0,0,3,2,4,0,9,0,0,0,9
03/13/2010,ALW,WA,ANM,WE,Federal Contract Tower,2,0,4,0,6,0,1,9,0,10,2,1,13,0,16,0,0,0,16
03/14/2010,ALW,WA,ANM,WE,Federal Contract Tower,3,0,3,0,6,0,0,52,0,52,3,0,55,0,58,46,0,46,104
03/15/2010,ALW,WA,ANM,WE,Federal Contract Tower,3,2,7,0,12,0,2,36,0,38,3,4,43,0,50,30,0,30,80
03/16/2010,ALW,WA,ANM,WE,Federal Contract Tower,3,2,6,0,11,0,2,28,0,30,3,4,34,0,41,44,0,44,85
03/17/2010,ALW,WA,ANM,WE,Federal Contract Tower,3,2,1,0,6,0,0,23,0,23,3,2,24,0,29,36,0,36,65
03/18/2010,ALW,WA,ANM,WE,Federal Contract Tower,3,3,7,4,17,0,0,27,0,27,3,3,34,4,44,22,0,22,66
03/19/2010,ALW,WA,ANM,WE,Federal Contract Tower,3,2,3,0,8,0,0,32,0,32,3,2,35,0,40,16,0,16,56
03/20/2010,ALW,WA,ANM,WE,Federal Contract Tower,2,1,1,0,4,0,1,30,0,31,2,2,31,0,35,10,0,10,45
03/21/2010,ALW,WA,ANM,WE,Federal Contract Tower,3,0,2,0,5,0,0,5,0,5,3,0,7,0,10,42,0,42,52
03/22/2010,ALW,WA,ANM,WE,Federal Contract Tower,3,2,4,2,11,0,0,11,0,11,3,2,15,2,22,0,0,0,22
03/23/2010,ALW,WA,ANM,WE,Federal Contract Tower,3,2,1,0,6,0,0,20,0,20,3,2,21,0,26,0,0,0,26
03/24/2010,ALW,WA,ANM,WE,Federal Contract Tower,3,2,0,0,5,0,0,30,0,30,3,2,30,0,35,12,0,12,47
03/25/2010,ALW,WA,ANM,WE,Federal Contract Tower,3,3,0,1,7,0,1,5,0,6,3,4,5,1,13,42,0,42,55
03/26/2010,ALW,WA,ANM,WE,Federal Contract Tower,3,8,0,1,12,0,0,10,0,10,3,8,10,1,22,10,0,10,32
03/27/2010,ALW,WA,ANM,WE,Federal Contract Tower,2,0,0,0,2,0,0,33,0,33,2,0,33,0,35,10,0,10,45
03/28/2010,ALW,WA,ANM,WE,Federal Contract Tower,3,0,3,0,6,0,0,9,0,9,3,0,12,0,15,34,0,34,49
03/29/2010,ALW,WA,ANM,WE,Federal Contract Tower,3,2,2,2,9,0,0,8,2,10,3,2,10,4,19,32,0,32,51
03/30/2010,ALW,WA,ANM,WE,Federal Contract Tower,1,2,4,0,7,0,0,20,2,22,1,2,24,2,29,70,0,70,99
03/31/2010,ALW,WA,ANM,WE,Federal Contract Tower,3,2,2,0,7,0,0,39,0,39,3,2,41,0,46,62,0,62,108
04/01/2010,ALW,WA,ANM,WE,Federal Contract Tower,3,2,1,5,11,0,0,31,0,31,3,2,32,5,42,98,0,98,140
04/02/2010,ALW,WA,ANM,WE,Federal Contract Tower,3,2,0,0,5,0,0,4,0,4,3,2,4,0,9,0,0,0,9
04/03/2010,ALW,WA,ANM,WE,Federal Contract Tower,2,0,1,0,3,0,0,6,0,6,2,0,7,0,9,0,0,0,9
04/04/2010,ALW,WA,ANM,WE,Federal Contract Tower,3,0,0,0,3,0,0,25,0,25,3,0,25,0,28,28,0,28,56
04/05/2010,ALW,WA,ANM,WE,Federal Contract Tower,1,2,4,0,7,0,0,27,0,27,1,2,31,0,34,54,0,54,88
04/06/2010,ALW,WA,ANM,WE,Federal Contract Tower,3,1,4,0,8,0,2,17,2,21,3,3,21,2,29,58,0,58,87
04/07/2010,ALW,WA,ANM,WE,Federal Contract Tower,3,2,8,3,16,0,0,54,2,56,3,2,62,5,72,86,0,86,158
04/08/2010,ALW,WA,ANM,WE,Federal Contract Tower,3,4,6,0,13,0,0,1,0,1,3,4,7,0,14,0,0,0,14
04/09/2010,ALW,WA,ANM,WE,Federal Contract Tower,3,2,9,1,15,0,0,26,0,26,3,2,35,1,41,92,0,92,133
04/10/2010,ALW,WA,ANM,WE,Federal Contract Tower,2,0,3,0,5,0,0,30,0,30,2,0,33,0,35,22,0,22,57
04/11/2010,ALW,WA,ANM,WE,Federal Contract Tower,3,1,4,0,8,0,1,35,0,36,3,2,39,0,44,18,0,18,62
04/12/2010,ALW,WA,ANM,WE,Federal Contract Tower,3,2,21,0,26,0,0,28,0,28,3,2,49,0,54,66,0,66,120
04/13/2010,ALW,WA,ANM,WE,Federal Contract Tower,3,2,16,0,21,0,0,26,0,26,3,2,42,0,47,64,0,64,111
04/14/2010,ALW,WA,ANM,WE,Federal Contract Tower,3,2,11,0,16,0,0,53,0,53,3,2,64,0,69,70,0,70,139
04/15/2010,ALW,WA,ANM,WE,Federal Contract Tower,3,2,3,0,8,0,0,33,0,33,3,2,36,0,41,56,0,56,97
04/16/2010,ALW,WA,ANM,WE,Federal Contract Tower,3,2,9,0,14,0,0,52,0,52,3,2,61,0,66,54,0,54,120
04/17/2010,ALW,WA,ANM,WE,Federal Contract Tower,2,0,3,0,5,0,0,29,0,29,2,0,32,0,34,22,0,22,56
04/18/2010,ALW,WA,ANM,WE,Federal Contract Tower,3,0,8,0,11,0,0,39,0,39,3,0,47,0,50,0,0,0,50
04/19/2010,ALW,WA,ANM,WE,Federal Contract Tower,3,2,7,0,12,0,0,22,0,22,3,2,29,0,34,24,0,24,58
04/20/2010,ALW,WA,ANM,WE,Federal Contract Tower,3,2,1,0,6,0,0,29,0,29,3,2,30,0,35,64,0,64,99
04/21/2010,ALW,WA,ANM,WE,Federal Contract Tower,4,2,7,0,13,0,0,24,0,24,4,2,31,0,37,114,0,114,151
04/22/2010,ALW,WA,ANM,WE,Federal Contract Tower,3,4,10,0,17,0,0,19,0,19,3,4,29,0,36,34,0,34,70
04/23/2010,ALW,WA,ANM,WE,Federal Contract Tower,3,2,8,1,14,0,0,26,0,26,3,2,34,1,40,42,0,42,82
04/24/2010,ALW,WA,ANM,WE,Federal Contract Tower,2,3,2,0,7,0,2,6,0,8,2,5,8,0,15,0,0,0,15
04/25/2010,ALW,WA,ANM,WE,Federal Contract Tower,3,1,4,0,8,0,0,38,0,38,3,1,42,0,46,26,0,26,72
04/26/2010,ALW,WA,ANM,WE,Federal Contract Tower,3,2,9,0,14,0,0,31,0,31,3,2,40,0,45,30,0,30,75
04/27/2010,ALW,WA,ANM,WE,Federal Contract Tower,3,3,5,0,11,0,1,25,0,26,3,4,30,0,37,66,0,66,103
04/28/2010,ALW,WA,ANM,WE,Federal Contract Tower,3,2,4,0,9,0,0,14,0,14,3,2,18,0,23,72,0,72,95
04/29/2010,ALW,WA,ANM,WE,Federal Contract Tower,3,2,8,2,15,0,0,21,0,21,3,2,29,2,36,48,0,48,84
04/30/2010,ALW,WA,ANM,WE,Federal Contract Tower,3,4,8,0,15,0,0,19,0,19,3,4,27,0,34,32,0,32,66
05/01/2010,ALW,WA,ANM,WE,Federal Contract Tower,2,0,7,0,9,0,0,10,0,10,2,0,17,0,19,0,0,0,19
05/02/2010,ALW,WA,ANM,WE,Federal Contract Tower,3,0,5,0,8,0,0,14,0,14,3,0,19,0,22,2,0,2,24
05/03/2010,ALW,WA,ANM,WE,Federal Contract Tower,3,2,0,2,7,0,0,7,0,7,3,2,7,2,14,8,0,8,22
05/04/2010,ALW,WA,ANM,WE,Federal Contract Tower,3,2,6,0,11,0,0,33,0,33,3,2,39,0,44,40,0,40,84
05/05/2010,ALW,WA,ANM,WE,Federal Contract Tower,3,6,8,0,17,0,0,43,0,43,3,6,51,0,60,66,0,66,126
05/06/2010,ALW,WA,ANM,WE,Federal Contract Tower,3,3,10,1,17,0,1,40,0,41,3,4,50,1,58,50,0,50,108
05/07/2010,ALW,WA,ANM,WE,Federal Contract Tower,3,4,15,0,22,0,0,28,0,28,3,4,43,0,50,4,0,4,54
05/08/2010,ALW,WA,ANM,WE,Federal Contract Tower,2,2,4,0,8,0,1,19,0,20,2,3,23,0,28,50,0,50,78
05/09/2010,ALW,WA,ANM,WE,Federal Contract Tower,3,1,4,0,8,0,0,54,0,54,3,1,58,0,62,74,0,74,136
05/10/2010,ALW,WA,ANM,WE,Federal Contract Tower,3,2,9,0,14,0,0,16,0,16,3,2,25,0,30,46,0,46,76
05/11/2010,ALW,WA,ANM,WE,Federal Contract Tower,3,4,10,0,17,0,0,40,0,40,3,4,50,0,57,88,0,88,145
05/12/2010,ALW,WA,ANM,WE,Federal Contract Tower,1,2,8,0,11,0,0,49,0,49,1,2,57,0,60,62,0,62,122
05/13/2010,ALW,WA,ANM,WE,Federal Contract Tower,3,3,10,0,16,0,0,51,0,51,3,3,61,0,67,110,0,110,177
05/14/2010,ALW,WA,ANM,WE,Federal Contract Tower,3,2,6,0,11,0,0,33,0,33,3,2,39,0,44,76,0,76,120
05/15/2010,ALW,WA,ANM,WE,Federal Contract Tower,2,0,1,0,3,0,0,55,0,55,2,0,56,0,58,26,0,26,84
05/16/2010,ALW,WA,ANM,WE,Federal Contract Tower,3,0,7,0,10,0,0,32,0,32,3,0,39,0,42,2,0,2,44
05/17/2010,ALW,WA,ANM,WE,Federal Contract Tower,3,2,17,0,22,0,0,38,0,38,3,2,55,0,60,46,0,46,106
05/18/2010,ALW,WA,ANM,WE,Federal Contract Tower,3,2,12,0,17,0,0,12,0,12,3,2,24,0,29,28,0,28,57
05/19/2010,ALW,WA,ANM,WE,Federal Contract Tower,3,2,6,0,11,0,0,47,0,47,3,2,53,0,58,52,0,52,110
05/20/2010,ALW,WA,ANM,WE,Federal Contract Tower,3,2,9,0,14,0,0,36,2,38,3,2,45,2,52,106,2,108,160
05/21/2010,ALW,WA,ANM,WE,Federal Contract Tower,3,4,13,0,20,0,0,15,0,15,3,4,28,0,35,30,0,30,65
05/22/2010,ALW,WA,ANM,WE,Federal Contract Tower,2,0,8,0,10,2,0,17,0,19,4,0,25,0,29,20,0,20,49
05/23/2010,ALW,WA,ANM,WE,Federal Contract Tower,3,0,3,0,6,0,0,10,0,10,3,0,13,0,16,8,0,8,24
05/24/2010,ALW,WA,ANM,WE,Federal Contract Tower,3,2,9,0,14,0,0,48,0,48,3,2,57,0,62,52,0,52,114
05/25/2010,ALW,WA,ANM,WE,Federal Contract Tower,3,2,12,0,17,0,0,47,0,47,3,2,59,0,64,86,0,86,150
05/26/2010,ALW,WA,ANM,WE,Federal Contract Tower,3,2,16,0,21,0,0,40,0,40,3,2,56,0,61,90,0,90,151
05/27/2010,ALW,WA,ANM,WE,Federal Contract Tower,3,2,6,0,11,0,0,14,0,14,3,2,20,0,25,30,0,30,55
05/28/2010,ALW,WA,ANM,WE,Federal Contract Tower,3,2,4,0,9,0,0,9,0,9,3,2,13,0,18,18,0,18,36
05/29/2010,ALW,WA,ANM,WE,Federal Contract Tower,2,0,1,0,3,0,0,9,0,9,2,0,10,0,12,8,0,8,20
05/30/2010,ALW,WA,ANM,WE,Federal Contract Tower,3,0,4,0,7,0,1,19,0,20,3,1,23,0,27,10,0,10,37
05/31/2010,ALW,WA,ANM,WE,Federal Contract Tower,3,0,3,0,6,0,0,12,0,12,3,0,15,0,18,8,0,8,26
06/01/2010,ALW,WA,ANM,WE,Federal Contract Tower,3,2,4,0,9,0,0,52,0,52,3,2,56,0,61,102,0,102,163
06/02/2010,ALW,WA,ANM,WE,Federal Contract Tower,3,3,7,0,13,0,0,10,0,10,3,3,17,0,23,8,0,8,31
06/03/2010,ALW,WA,ANM,WE,Federal Contract Tower,3,5,6,0,14,0,0,57,0,57,3,5,63,0,71,50,0,50,121
06/04/2010,ALW,WA,ANM,WE,Federal Contract Tower,3,3,12,0,18,0,0,11,0,11,3,3,23,0,29,24,0,24,53
06/05/2010,ALW,WA,ANM,WE,Federal Contract Tower,2,1,6,0,9,0,0,68,0,68,2,1,74,0,77,30,0,30,107
06/06/2010,ALW,WA,ANM,WE,Federal Contract Tower,3,1,8,0,12,0,0,32,0,32,3,1,40,0,44,54,0,54,98
06/07/2010,ALW,WA,ANM,WE,Federal Contract Tower,3,3,4,0,10,0,1,17,0,18,3,4,21,0,28,30,0,30,58
06/08/2010,ALW,WA,ANM,WE,Federal Contract Tower,3,2,4,0,9,0,0,57,0,57,3,2,61,0,66,48,0,48,114
06/09/2010,ALW,WA,ANM,WE,Federal Contract Tower,3,2,10,0,15,0,0,3,0,3,3,2,13,0,18,0,0,0,18
06/10/2010,ALW,WA,ANM,WE,Federal Contract Tower,3,2,2,0,7,0,0,12,0,12,3,2,14,0,19,12,0,12,31
06/11/2010,ALW,WA,ANM,WE,Federal Contract Tower,3,5,3,0,11,0,0,47,0,47,3,5,50,0,58,6,0,6,64
06/12/2010,ALW,WA,ANM,WE,Federal Contract Tower,2,0,2,0,4,0,2,60,0,62,2,2,62,0,66,6,0,6,72
06/13/2010,ALW,WA,ANM,WE,Federal Contract Tower,3,0,3,0,6,0,0,53,0,53,3,0,56,0,59,18,0,18,77
06/14/2010,ALW,WA,ANM,WE,Federal Contract Tower,3,4,5,1,13,0,0,25,0,25,3,4,30,1,38,20,0,20,58
06/15/2010,ALW,WA,ANM,WE,Federal Contract Tower,1,2,12,0,15,0,0,32,0,32,1,2,44,0,47,38,0,38,85
06/16/2010,ALW,WA,ANM,WE,Federal Contract Tower,3,2,10,0,15,0,0,31,0,31,3,2,41,0,46,34,0,34,80
06/17/2010,ALW,WA,ANM,WE,Federal Contract Tower,3,2,13,3,21,0,0,17,0,17,3,2,30,3,38,66,0,66,104
06/18/2010,ALW,WA,ANM,WE,Federal Contract Tower,3,5,7,0,15,0,1,36,0,37,3,6,43,0,52,16,0,16,68
06/19/2010,ALW,WA,ANM,WE,Federal Contract Tower,2,2,2,0,6,0,0,34,0,34,2,2,36,0,40,0,0,0,40
06/20/2010,ALW,WA,ANM,WE,Federal Contract Tower,3,0,3,0,6,0,0,8,0,8,3,0,11,0,14,24,0,24,38
06/21/2010,ALW,WA,ANM,WE,Federal Contract Tower,3,4,9,0,16,0,0,27,0,27,3,4,36,0,43,34,0,34,77
06/22/2010,ALW,WA,ANM,WE,Federal Contract Tower,3,2,8,0,13,0,0,45,0,45,3,2,53,0,58,36,0,36,94
06/23/2010,ALW,WA,ANM,WE,Federal Contract Tower,3,4,12,0,19,0,1,33,0,34,3,5,45,0,53,36,0,36,89
06/24/2010,ALW,WA,ANM,WE,Federal Contract Tower,3,2,10,0,15,0,0,29,0,29,3,2,39,0,44,32,0,32,76
06/25/2010,ALW,WA,ANM,WE,Federal Contract Tower,3,4,7,0,14,0,2,17,0,19,3,6,24,0,33,28,0,28,61
06/26/2010,ALW,WA,ANM,WE,Federal Contract Tower,2,0,1,0,3,0,2,30,0,32,2,2,31,0,35,20,0,20,55
06/27/2010,ALW,WA,ANM,WE,Federal Contract Tower,3,0,8,0,11,0,0,22,0,22,3,0,30,0,33,18,0,18,51
06/28/2010,ALW,WA,ANM,WE,Federal Contract Tower,3,3,9,0,15,0,0,61,0,61,3,3,70,0,76,32,0,32,108
06/29/2010,ALW,WA,ANM,WE,Federal Contract Tower,3,3,6,0,12,0,2,47,0,49,3,5,53,0,61,50,0,50,111
06/30/2010,ALW,WA,ANM,WE,Federal Contract Tower,3,2,11,0,16,0,0,45,0,45,3,2,56,0,61,48,0,48,109
07/01/2010,ALW,WA,ANM,WE,Federal Contract Tower,3,4,6,0,13,0,0,40,0,40,3,4,46,0,53,60,0,60,113
07/02/2010,ALW,WA,ANM,WE,Federal Contract Tower,3,3,8,0,14,0,1,19,0,20,3,4,27,0,34,4,0,4,38
07/03/2010,ALW,WA,ANM,WE,Federal Contract Tower,2,2,2,0,6,0,0,15,0,15,2,2,17,0,21,14,0,14,35
07/04/2010,ALW,WA,ANM,WE,Federal Contract Tower,3,4,0,0,7,0,1,23,0,24,3,5,23,0,31,24,0,24,55
07/05/2010,ALW,WA,ANM,WE,Federal Contract Tower,3,0,1,0,4,0,0,51,0,51,3,0,52,0,55,74,0,74,129
07/06/2010,ALW,WA,ANM,WE,Federal Contract Tower,3,2,8,0,13,0,0,45,0,45,3,2,53,0,58,46,0,46,104
07/07/2010,ALW,WA,ANM,WE,Federal Contract Tower,3,2,8,0,13,0,0,57,0,57,3,2,65,0,70,82,0,82,152
07/08/2010,ALW,WA,ANM,WE,Federal Contract Tower,3,4,8,0,15,0,0,70,0,70,3,4,78,0,85,40,0,40,125
07/09/2010,ALW,WA,ANM,WE,Federal Contract Tower,1,4,4,0,9,0,0,41,0,41,1,4,45,0,50,22,0,22,72
07/10/2010,ALW,WA,ANM,WE,Federal Contract Tower,2,0,4,0,6,0,0,20,0,20,2,0,24,0,26,12,0,12,38
07/11/2010,ALW,WA,ANM,WE,Federal Contract Tower,3,0,4,0,7,0,0,18,0,18,3,0,22,0,25,14,0,14,39
07/12/2010,ALW,WA,ANM,WE,Federal Contract Tower,3,2,3,0,8,0,0,15,0,15,3,2,18,0,23,8,0,8,31
07/13/2010,ALW,WA,ANM,WE,Federal Contract Tower,3,2,6,2,13,0,2,33,0,35,3,4,39,2,48,40,0,40,88
07/14/2010,ALW,WA,ANM,WE,Federal Contract Tower,3,4,13,0,20,0,0,36,0,36,3,4,49,0,56,46,0,46,102
07/15/2010,ALW,WA,ANM,WE,Federal Contract Tower,3,2,6,0,11,0,0,47,0,47,3,2,53,0,58,36,0,36,94
07/16/2010,ALW,WA,ANM,WE,Federal Contract Tower,3,2,2,0,7,0,0,27,0,27,3,2,29,0,34,16,0,16,50
07/17/2010,ALW,WA,ANM,WE,Federal Contract Tower,2,0,4,0,6,0,0,36,0,36,2,0,40,0,42,8,0,8,50
07/18/2010,ALW,WA,ANM,WE,Federal Contract Tower,3,0,3,0,6,0,0,25,0,25,3,0,28,0,31,30,0,30,61
07/19/2010,ALW,WA,ANM,WE,Federal Contract Tower,3,3,1,0,7,0,1,43,0,44,3,4,44,0,51,58,0,58,109
07/20/2010,ALW,WA,ANM,WE,Federal Contract Tower,3,2,7,2,14,0,0,31,4,35,3,2,38,6,49,36,0,36,85
07/21/2010,ALW,WA,ANM,WE,Federal Contract Tower,3,2,13,0,18,0,0,29,0,29,3,2,42,0,47,32,0,32,79
07/22/2010,ALW,WA,ANM,WE,Federal Contract Tower,3,2,4,0,9,0,0,15,0,15,3,2,19,0,24,42,0,42,66
07/23/2010,ALW,WA,ANM,WE,Federal Contract Tower,3,2,5,0,10,0,2,23,0,25,3,4,28,0,35,22,0,22,57
07/24/2010,ALW,WA,ANM,WE,Federal Contract Tower,2,0,3,0,5,0,0,13,0,13,2,0,16,0,18,10,0,10,28
07/25/2010,ALW,WA,ANM,WE,Federal Contract Tower,2,0,3,0,5,0,0,14,0,14,2,0,17,0,19,0,0,0,19
07/26/2010,ALW,WA,ANM,WE,Federal Contract Tower,3,3,7,0,13,0,1,34,0,35,3,4,41,0,48,34,0,34,82
07/27/2010,ALW,WA,ANM,WE,Federal Contract Tower,3,2,8,0,13,0,1,20,2,23,3,3,28,2,36,30,0,30,66
07/28/2010,ALW,WA,ANM,WE,Federal Contract Tower,3,3,6,0,12,0,3,38,10,51,3,6,44,10,63,76,0,76,139
07/29/2010,ALW,WA,ANM,WE,Federal Contract Tower,3,2,6,0,11,0,7,39,8,54,3,9,45,8,65,76,0,76,141
07/30/2010,ALW,WA,ANM,WE,Federal Contract Tower,3,2,1,0,6,0,2,17,7,26,3,4,18,7,32,14,0,14,46
07/31/2010,ALW,WA,ANM,WE,Federal Contract Tower,2,0,0,0,2,0,0,15,0,15,2,0,15,0,17,10,0,10,27
08/01/2010,ALW,WA,ANM,WE,Federal Contract Tower,3,0,0,0,3,0,2,21,2,25,3,2,21,2,28,14,0,14,42
08/02/2010,ALW,WA,ANM,WE,Federal Contract Tower,3,2,4,3,12,0,0,27,0,27,3,2,31,3,39,72,0,72,111
08/03/2010,ALW,WA,ANM,WE,Federal Contract Tower,2,2,14,2,20,0,0,26,0,26,2,2,40,2,46,30,0,30,76
08/04/2010,ALW,WA,ANM,WE,Federal Contract Tower,3,2,7,0,12,0,0,31,0,31,3,2,38,0,43,56,0,56,99
08/05/2010,ALW,WA,ANM,WE,Federal Contract Tower,3,2,4,0,9,0,0,29,0,29,3,2,33,0,38,46,0,46,84
08/06/2010,ALW,WA,ANM,WE,Federal Contract Tower,3,4,8,1,16,0,1,18,0,19,3,5,26,1,35,26,0,26,61
08/07/2010,ALW,WA,ANM,WE,Federal Contract Tower,2,2,4,0,8,0,0,12,0,12,2,2,16,0,20,12,0,12,32
08/08/2010,ALW,WA,ANM,WE,Federal Contract Tower,3,3,4,0,10,0,1,13,0,14,3,4,17,0,24,4,0,4,28
08/09/2010,ALW,WA,ANM,WE,Federal Contract Tower,3,2,5,0,10,0,0,30,0,30,3,2,35,0,40,66,0,66,106
08/10/2010,ALW,WA,ANM,WE,Federal Contract Tower,3,2,1,0,6,0,0,23,0,23,3,2,24,0,29,92,0,92,121
08/11/2010,ALW,WA,ANM,WE,Federal Contract Tower,3,3,9,0,15,0,1,26,0,27,3,4,35,0,42,146,0,146,188
08/12/2010,ALW,WA,ANM,WE,Federal Contract Tower,3,2,4,0,9,0,0,27,0,27,3,2,31,0,36,46,0,46,82
08/13/2010,ALW,WA,ANM,WE,Federal Contract Tower,3,2,4,0,9,0,0,36,0,36,3,2,40,0,45,24,0,24,69
08/14/2010,ALW,WA,ANM,WE,Federal Contract Tower,2,1,3,0,6,0,1,31,0,32,2,2,34,0,38,4,0,4,42
08/15/2010,ALW,WA,ANM,WE,Federal Contract Tower,3,0,6,0,9,0,0,21,0,21,3,0,27,0,30,0,0,0,30
08/16/2010,ALW,WA,ANM,WE,Federal Contract Tower,3,2,5,4,14,0,2,38,2,42,3,4,43,6,56,34,0,34,90
08/17/2010,ALW,WA,ANM,WE,Federal Contract Tower,3,3,6,0,12,0,3,33,0,36,3,6,39,0,48,48,0,48,96
08/18/2010,ALW,WA,ANM,WE,Federal Contract Tower,3,2,4,2,11,0,13,4,0,17,3,15,8,2,28,0,0,0,28
08/19/2010,ALW,WA,ANM,WE,Federal Contract Tower,5,6,10,3,24,0,0,25,0,25,5,6,35,3,49,32,0,32,81
08/20/2010,ALW,WA,ANM,WE,Federal Contract Tower,3,2,4,0,9,0,0,24,0,24,3,2,28,0,33,48,0,48,81
08/21/2010,ALW,WA,ANM,WE,Federal Contract Tower,2,0,4,0,6,0,0,12,0,12,2,0,16,0,18,16,0,16,34
08/22/2010,ALW,WA,ANM,WE,Federal Contract Tower,3,0,1,1,5,0,0,29,1,30,3,0,30,2,35,6,0,6,41
08/23/2010,ALW,WA,ANM,WE,Federal Contract Tower,3,1,5,0,9,0,3,31,0,34,3,4,36,0,43,66,0,66,109
08/24/2010,ALW,WA,ANM,WE,Federal Contract Tower,3,2,6,0,11,0,4,37,0,41,3,6,43,0,52,32,0,32,84
08/25/2010,ALW,WA,ANM,WE,Federal Contract Tower,3,3,5,0,11,0,0,21,0,21,3,3,26,0,32,68,0,68,100
08/26/2010,ALW,WA,ANM,WE,Federal Contract Tower,3,4,9,0,16,0,0,14,0,14,3,4,23,0,30,14,0,14,44
08/27/2010,ALW,WA,ANM,WE,Federal Contract Tower,3,2,7,0,12,0,1,39,0,40,3,3,46,0,52,48,0,48,100
08/28/2010,ALW,WA,ANM,WE,Federal Contract Tower,2,0,3,0,5,0,0,37,0,37,2,0,40,0,42,34,0,34,76
08/29/2010,ALW,WA,ANM,WE,Federal Contract Tower,3,0,0,0,3,0,1,23,0,24,3,1,23,0,27,10,0,10,37
08/30/2010,ALW,WA,ANM,WE,Federal Contract Tower,3,3,2,1,9,0,1,26,1,28,3,4,28,2,37,52,0,52,89
08/31/2010,ALW,WA,ANM,WE,Federal Contract Tower,3,2,3,4,12,0,2,25,0,27,3,4,28,4,39,52,0,52,91
09/01/2010,ALW,WA,ANM,WE,Federal Contract Tower,3,2,3,0,8,0,0,24,0,24,3,2,27,0,32,92,0,92,124
09/02/2010,ALW,WA,ANM,WE,Federal Contract Tower,3,4,2,0,9,0,2,37,0,39,3,6,39,0,48,42,0,42,90
09/03/2010,ALW,WA,ANM,WE,Federal Contract Tower,3,1,8,0,12,0,1,34,0,35,3,2,42,0,47,66,0,66,113
09/04/2010,ALW,WA,ANM,WE,Federal Contract Tower,2,0,1,0,3,0,0,11,0,11,2,0,12,0,14,0,0,0,14
09/05/2010,ALW,WA,ANM,WE,Federal Contract Tower,2,0,2,0,4,0,0,15,0,15,2,0,17,0,19,2,0,2,21
09/06/2010,ALW,WA,ANM,WE,Federal Contract Tower,3,0,3,0,6,0,0,41,0,41,3,0,44,0,47,66,0,66,113
09/07/2010,ALW,WA,ANM,WE,Federal Contract Tower,3,4,3,7,17,0,0,13,7,20,3,4,16,14,37,54,0,54,91
09/08/2010,ALW,WA,ANM,WE,Federal Contract Tower,3,3,5,0,11,0,1,12,0,13,3,4,17,0,24,72,0,72,96
09/09/2010,ALW,WA,ANM,WE,Federal Contract Tower,3,4,9,0,16,0,2,10,0,12,3,6,19,0,28,12,0,12,40
09/10/2010,ALW,WA,ANM,WE,Federal Contract Tower,3,4,2,0,9,0,0,21,0,21,3,4,23,0,30,62,0,62,92
09/11/2010,ALW,WA,ANM,WE,Federal Contract Tower,2,0,3,0,5,0,1,16,0,17,2,1,19,0,22,12,0,12,34
09/12/2010,ALW,WA,ANM,WE,Federal Contract Tower,3,0,2,0,5,0,0,12,0,12,3,0,14,0,17,8,0,8,25
09/13/2010,ALW,WA,ANM,WE,Federal Contract Tower,3,2,3,0,8,0,0,11,0,11,3,2,14,0,19,16,0,16,35
09/14/2010,ALW,WA,ANM,WE,Federal Contract Tower,3,1,0,0,4,0,1,17,0,18,3,2,17,0,22,38,0,38,60
09/15/2010,ALW,WA,ANM,WE,Federal Contract Tower,3,4,2,1,10,0,0,9,2,11,3,4,11,3,21,12,0,12,33
09/16/2010,ALW,WA,ANM,WE,Federal Contract Tower,3,2,8,0,13,0,0,18,0,18,3,2,26,0,31,32,0,32,63
09/17/2010,ALW,WA,ANM,WE,Federal Contract Tower,3,2,4,1,10,0,0,12,0,12,3,2,16,1,22,6,0,6,28
09/18/2010,ALW,WA,ANM,WE,Federal Contract Tower,2,2,3,0,7,0,0,18,0,18,2,2,21,0,25,0,0,0,25
09/19/2010,ALW,WA,ANM,WE,Federal Contract Tower,3,0,4,0,7,0,0,0,0,0,3,0,4,0,7,0,0,0,7
09/20/2010,ALW,WA,ANM,WE,Federal Contract Tower,3,2,9,0,14,0,0,10,0,10,3,2,19,0,24,6,0,6,30
09/21/2010,ALW,WA,ANM,WE,Federal Contract Tower,3,2,3,0,8,0,0,21,0,21,3,2,24,0,29,86,0,86,115
09/22/2010,ALW,WA,ANM,WE,Federal Contract Tower,3,3,4,0,10,0,4,25,0,29,3,7,29,0,39,10,0,10,49
09/23/2010,ALW,WA,ANM,WE,Federal Contract Tower,3,2,9,0,14,0,0,11,0,11,3,2,20,0,25,16,0,16,41
09/24/2010,ALW,WA,ANM,WE,Federal Contract Tower,3,2,3,0,8,0,0,24,0,24,3,2,27,0,32,42,0,42,74
09/25/2010,ALW,WA,ANM,WE,Federal Contract Tower,2,4,1,0,7,0,0,30,0,30,2,4,31,0,37,22,0,22,59
09/26/2010,ALW,WA,ANM,WE,Federal Contract Tower,3,0,4,0,7,0,2,30,0,32,3,2,34,0,39,36,0,36,75
09/27/2010,ALW,WA,ANM,WE,Federal Contract Tower,3,2,9,0,14,0,0,28,0,28,3,2,37,0,42,58,0,58,100
09/28/2010,ALW,WA,ANM,WE,Federal Contract Tower,3,2,0,2,7,0,0,40,1,41,3,2,40,3,48,116,0,116,164
09/29/2010,ALW,WA,ANM,WE,Federal Contract Tower,3,3,5,0,11,0,0,50,0,50,3,3,55,0,61,104,0,104,165
09/30/2010,ALW,WA,ANM,WE,Federal Contract Tower,3,2,16,0,21,0,0,41,0,41,3,2,57,0,62,98,0,98,160
10/01/2010,ALW,WA,ANM,WE,Federal Contract Tower,3,2,4,0,9,0,0,25,0,25,3,2,29,0,34,18,0,18,52
10/02/2010,ALW,WA,ANM,WE,Federal Contract Tower,2,2,0,0,4,0,0,22,0,22,2,2,22,0,26,22,0,22,48
10/03/2010,ALW,WA,ANM,WE,Federal Contract Tower,3,0,2,0,5,0,0,10,0,10,3,0,12,0,15,6,0,6,21
10/04/2010,ALW,WA,ANM,WE,Federal Contract Tower,3,2,5,0,10,0,0,7,0,7,3,2,12,0,17,14,0,14,31
10/05/2010,ALW,WA,ANM,WE,Federal Contract Tower,3,2,1,0,6,0,0,29,0,29,3,2,30,0,35,46,0,46,81
10/06/2010,ALW,WA,ANM,WE,Federal Contract Tower,3,2,8,0,13,0,0,30,0,30,3,2,38,0,43,10,0,10,53
10/07/2010,ALW,WA,ANM,WE,Federal Contract Tower,3,2,8,0,13,0,0,22,0,22,3,2,30,0,35,28,0,28,63
10/08/2010,ALW,WA,ANM,WE,Federal Contract Tower,3,2,6,0,11,0,2,14,0,16,3,4,20,0,27,12,0,12,39
10/09/2010,ALW,WA,ANM,WE,Federal Contract Tower,2,0,7,0,9,0,0,18,0,18,2,0,25,0,27,28,0,28,55
10/10/2010,ALW,WA,ANM,WE,Federal Contract Tower,3,0,8,0,11,0,0,6,0,6,3,0,14,0,17,10,0,10,27
10/11/2010,ALW,WA,ANM,WE,Federal Contract Tower,3,2,11,0,16,0,0,27,0,27,3,2,38,0,43,52,0,52,95
10/12/2010,ALW,WA,ANM,WE,Federal Contract Tower,3,2,3,0,8,0,0,28,0,28,3,2,31,0,36,32,0,32,68
10/13/2010,ALW,WA,ANM,WE,Federal Contract Tower,3,2,2,0,7,0,0,41,0,41,3,2,43,0,48,14,0,14,62
10/14/2010,ALW,WA,ANM,WE,Federal Contract Tower,3,4,3,0,10,0,2,49,2,53,3,6,52,2,63,68,0,68,131
10/15/2010,ALW,WA,ANM,WE,Federal Contract Tower,3,2,7,0,12,0,0,30,0,30,3,2,37,0,42,34,0,34,76
10/16/2010,ALW,WA,ANM,WE,Federal Contract Tower,2,0,3,0,5,0,0,17,0,17,2,0,20,0,22,0,0,0,22
10/17/2010,ALW,WA,ANM,WE,Federal Contract Tower,3,0,1,0,4,0,0,46,0,46,3,0,47,0,50,24,0,24,74
10/18/2010,ALW,WA,ANM,WE,Federal Contract Tower,3,3,3,0,9,0,2,38,0,40,3,5,41,0,49,66,0,66,115
10/19/2010,ALW,WA,ANM,WE,Federal Contract Tower,3,5,6,0,14,0,1,41,0,42,3,6,47,0,56,68,0,68,124
10/20/2010,ALW,WA,ANM,WE,Federal Contract Tower,3,2,5,0,10,0,0,63,0,63,3,2,68,0,73,90,0,90,163
10/21/2010,ALW,WA,ANM,WE,Federal Contract Tower,3,2,9,0,14,0,0,45,0,45,3,2,54,0,59,48,0,48,107
10/22/2010,ALW,WA,ANM,WE,Federal Contract Tower,3,2,7,0,12,0,0,38,0,38,3,2,45,0,50,102,0,102,152
10/23/2010,ALW,WA,ANM,WE,Federal Contract Tower,2,0,9,0,11,0,0,8,0,8,2,0,17,0,19,10,0,10,29
10/24/2010,ALW,WA,ANM,WE,Federal Contract Tower,3,0,4,0,7,0,0,3,0,3,3,0,7,0,10,10,0,10,20
10/25/2010,ALW,WA,ANM,WE,Federal Contract Tower,3,4,0,0,7,0,0,14,0,14,3,4,14,0,21,30,0,30,51
10/26/2010,ALW,WA,ANM,WE,Federal Contract Tower,3,2,2,0,7,0,0,8,0,8,3,2,10,0,15,56,0,56,71
10/27/2010,ALW,WA,ANM,WE,Federal Contract Tower,3,5,7,0,15,0,1,33,0,34,3,6,40,0,49,72,0,72,121
10/28/2010,ALW,WA,ANM,WE,Federal Contract Tower,3,2,2,0,7,0,0,11,0,11,3,2,13,0,18,34,0,34,52
10/29/2010,ALW,WA,ANM,WE,Federal Contract Tower,3,2,3,0,8,0,0,24,0,24,3,2,27,0,32,32,0,32,64
10/30/2010,ALW,WA,ANM,WE,Federal Contract Tower,2,0,0,0,2,0,0,0,0,0,2,0,0,0,2,0,0,0,2
10/31/2010,ALW,WA,ANM,WE,Federal Contract Tower,3,0,2,0,5,0,0,24,0,24,3,0,26,0,29,30,0,30,59
11/01/2010,ALW,WA,ANM,WE,Federal Contract Tower,3,4,3,0,10,0,0,18,0,18,3,4,21,0,28,18,0,18,46
11/02/2010,ALW,WA,ANM,WE,Federal Contract Tower,3,2,2,0,7,0,1,55,0,56,3,3,57,0,63,54,0,54,117
11/03/2010,ALW,WA,ANM,WE,Federal Contract Tower,3,3,11,0,17,0,0,49,0,49,3,3,60,0,66,92,0,92,158
11/04/2010,ALW,WA,ANM,WE,Federal Contract Tower,3,3,14,0,20,0,0,59,0,59,3,3,73,0,79,88,0,88,167
11/05/2010,ALW,WA,ANM,WE,Federal Contract Tower,3,5,8,0,16,0,2,19,0,21,3,7,27,0,37,62,0,62,99
11/06/2010,ALW,WA,ANM,WE,Federal Contract Tower,2,1,3,0,6,0,1,13,0,14,2,2,16,0,20,34,0,34,54
11/07/2010,ALW,WA,ANM,WE,Federal Contract Tower,3,0,4,0,7,0,0,2,0,2,3,0,6,0,9,0,0,0,9
11/08/2010,ALW,WA,ANM,WE,Federal Contract Tower,3,2,4,0,9,0,0,18,0,18,3,2,22,0,27,70,0,70,97
11/09/2010,ALW,WA,ANM,WE,Federal Contract Tower,3,2,6,0,11,0,0,20,0,20,3,2,26,0,31,72,0,72,103
11/10/2010,ALW,WA,ANM,WE,Federal Contract Tower,3,2,12,0,17,0,0,5,0,5,3,2,17,0,22,26,0,26,48
11/11/2010,ALW,WA,ANM,WE,Federal Contract Tower,3,2,4,0,9,0,0,33,0,33,3,2,37,0,42,94,0,94,136
11/12/2010,ALW,WA,ANM,WE,Federal Contract Tower,1,2,5,0,8,0,0,27,0,27,1,2,32,0,35,46,0,46,81
11/13/2010,ALW,WA,ANM,WE,Federal Contract Tower,2,0,0,0,2,0,0,16,0,16,2,0,16,0,18,14,0,14,32
11/14/2010,ALW,WA,ANM,WE,Federal Contract Tower,3,0,4,0,7,0,0,22,0,22,3,0,26,0,29,22,0,22,51
11/15/2010,ALW,WA,ANM,WE,Federal Contract Tower,3,4,6,0,13,0,3,12,0,15,3,7,18,0,28,4,0,4,32
11/16/2010,ALW,WA,ANM,WE,Federal Contract Tower,3,2,2,0,7,0,0,17,0,17,3,2,19,0,24,18,0,18,42
11/17/2010,ALW,WA,ANM,WE,Federal Contract Tower,3,2,3,0,8,0,0,34,0,34,3,2,37,0,42,24,0,24,66
11/18/2010,ALW,WA,ANM,WE,Federal Contract Tower,3,2,4,0,9,0,0,18,0,18,3,2,22,0,27,44,0,44,71
11/19/2010,ALW,WA,ANM,WE,Federal Contract Tower,3,2,3,0,8,0,0,22,0,22,3,2,25,0,30,62,0,62,92
11/20/2010,ALW,WA,ANM,WE,Federal Contract Tower,5,2,4,0,11,0,0,10,0,10,5,2,14,0,21,22,0,22,43
11/21/2010,ALW,WA,ANM,WE,Federal Contract Tower,3,0,4,0,7,0,0,0,0,0,3,0,4,0,7,0,0,0,7
11/22/2010,ALW,WA,ANM,WE,Federal Contract Tower,3,4,0,0,7,0,0,0,0,0,3,4,0,0,7,0,0,0,7
11/23/2010,ALW,WA,ANM,WE,Federal Contract Tower,2,2,0,0,4,0,0,0,0,0,2,2,0,0,4,0,0,0,4
11/24/2010,ALW,WA,ANM,WE,Federal Contract Tower,2,2,4,0,8,0,0,1,0,1,2,2,5,0,9,0,0,0,9
11/25/2010,ALW,WA,ANM,WE,Federal Contract Tower,3,4,0,0,7,0,0,0,0,0,3,4,0,0,7,0,0,0,7
11/26/2010,ALW,WA,ANM,WE,Federal Contract Tower,3,2,1,0,6,0,0,0,0,0,3,2,1,0,6,0,0,0,6
11/27/2010,ALW,WA,ANM,WE,Federal Contract Tower,3,0,2,0,5,0,0,0,0,0,3,0,2,0,5,0,0,0,5
11/28/2010,ALW,WA,ANM,WE,Federal Contract Tower,3,0,4,0,7,0,0,0,0,0,3,0,4,0,7,0,0,0,7
11/29/2010,ALW,WA,ANM,WE,Federal Contract Tower,0,0,0,0,0,0,0,0,0,0,0,0,0,0,0,0,0,0,0
11/30/2010,ALW,WA,ANM,WE,Federal Contract Tower,4,2,3,0,9,0,0,4,0,4,4,2,7,0,13,8,0,8,21
12/01/2010,ALW,WA,ANM,WE,Federal Contract Tower,1,4,12,0,17,0,0,0,0,0,1,4,12,0,17,0,0,0,17
12/02/2010,ALW,WA,ANM,WE,Federal Contract Tower,2,2,0,0,4,0,0,0,0,0,2,2,0,0,4,0,0,0,4
12/03/2010,ALW,WA,ANM,WE,Federal Contract Tower,3,4,5,0,12,0,0,0,0,0,3,4,5,0,12,0,0,0,12
12/04/2010,ALW,WA,ANM,WE,Federal Contract Tower,1,0,2,0,3,0,0,0,0,0,1,0,2,0,3,0,0,0,3
12/05/2010,ALW,WA,ANM,WE,Federal Contract Tower,3,0,4,0,7,0,0,0,0,0,3,0,4,0,7,0,0,0,7
12/06/2010,ALW,WA,ANM,WE,Federal Contract Tower,3,2,6,0,11,0,0,14,0,14,3,2,20,0,25,36,0,36,61
12/07/2010,ALW,WA,ANM,WE,Federal Contract Tower,3,4,12,0,19,0,0,0,0,0,3,4,12,0,19,0,0,0,19
12/08/2010,ALW,WA,ANM,WE,Federal Contract Tower,3,2,6,0,11,0,0,21,0,21,3,2,27,0,32,60,0,60,92
12/09/2010,ALW,WA,ANM,WE,Federal Contract Tower,3,3,6,0,12,0,0,23,0,23,3,3,29,0,35,74,0,74,109
12/10/2010,ALW,WA,ANM,WE,Federal Contract Tower,3,4,8,1,16,0,0,12,0,12,3,4,20,1,28,40,0,40,68
12/11/2010,ALW,WA,ANM,WE,Federal Contract Tower,2,2,4,0,8,0,0,0,0,0,2,2,4,0,8,0,0,0,8
12/12/2010,ALW,WA,ANM,WE,Federal Contract Tower,3,0,1,0,4,0,0,17,0,17,3,0,18,0,21,20,0,20,41
12/13/2010,ALW,WA,ANM,WE,Federal Contract Tower,3,2,5,1,11,0,0,18,1,19,3,2,23,2,30,40,0,40,70
12/14/2010,ALW,WA,ANM,WE,Federal Contract Tower,3,3,3,0,9,0,0,2,0,2,3,3,5,0,11,0,0,0,11
12/15/2010,ALW,WA,ANM,WE,Federal Contract Tower,3,2,7,1,13,0,0,24,0,24,3,2,31,1,37,44,0,44,81
12/16/2010,ALW,WA,ANM,WE,Federal Contract Tower,3,2,7,0,12,0,0,14,0,14,3,2,21,0,26,30,0,30,56
12/17/2010,ALW,WA,ANM,WE,Federal Contract Tower,1,2,2,0,5,0,0,0,0,0,1,2,2,0,5,0,0,0,5
12/18/2010,ALW,WA,ANM,WE,Federal Contract Tower,2,0,0,0,2,0,0,0,0,0,2,0,0,0,2,0,0,0,2
12/19/2010,ALW,WA,ANM,WE,Federal Contract Tower,3,0,2,0,5,0,0,0,0,0,3,0,2,0,5,0,0,0,5
12/20/2010,ALW,WA,ANM,WE,Federal Contract Tower,3,0,3,0,6,0,1,2,0,3,3,1,5,0,9,8,0,8,17
12/21/2010,ALW,WA,ANM,WE,Federal Contract Tower,3,2,1,0,6,0,0,0,0,0,3,2,1,0,6,0,0,0,6
12/22/2010,ALW,WA,ANM,WE,Federal Contract Tower,1,2,0,0,3,0,0,0,0,0,1,2,0,0,3,0,0,0,3
12/23/2010,ALW,WA,ANM,WE,Federal Contract Tower,1,2,0,0,3,0,0,0,0,0,1,2,0,0,3,0,0,0,3
12/24/2010,ALW,WA,ANM,WE,Federal Contract Tower,0,0,0,0,0,0,0,0,0,0,0,0,0,0,0,0,0,0,0
12/25/2010,ALW,WA,ANM,WE,Federal Contract Tower,1,1,0,0,2,0,0,0,0,0,1,1,0,0,2,0,0,0,2
12/26/2010,ALW,WA,ANM,WE,Federal Contract Tower,3,0,6,0,9,0,0,8,0,8,3,0,14,0,17,16,0,16,33
12/27/2010,ALW,WA,ANM,WE,Federal Contract Tower,3,2,3,0,8,0,0,7,0,7,3,2,10,0,15,12,0,12,27
12/28/2010,ALW,WA,ANM,WE,Federal Contract Tower,3,2,5,0,10,0,0,0,0,0,3,2,5,0,10,0,0,0,10
12/29/2010,ALW,WA,ANM,WE,Federal Contract Tower,3,2,1,0,6,0,0,0,0,0,3,2,1,0,6,0,0,0,6
12/30/2010,ALW,WA,ANM,WE,Federal Contract Tower,3,2,4,0,9,0,0,12,0,12,3,2,16,0,21,4,0,4,25
12/31/2010,ALW,WA,ANM,WE,Federal Contract Tower,3,2,1,0,6,0,2,14,0,16,3,4,15,0,22,30,0,30,52
01/01/2011,ALW,WA,ANM,WE,Federal Contract Tower,3,0,3,0,6,0,0,4,0,4,3,0,7,0,10,8,0,8,18
01/02/2011,ALW,WA,ANM,WE,Federal Contract Tower,3,0,0,0,3,0,0,2,0,2,3,0,2,0,5,4,0,4,9
01/03/2011,ALW,WA,ANM,WE,Federal Contract Tower,3,5,3,0,11,0,1,8,0,9,3,6,11,0,20,16,0,16,36
01/04/2011,ALW,WA,ANM,WE,Federal Contract Tower,3,2,0,0,5,0,0,15,0,15,3,2,15,0,20,36,0,36,56
01/05/2011,ALW,WA,ANM,WE,Federal Contract Tower,3,2,4,0,9,0,0,14,0,14,3,2,18,0,23,46,0,46,69
01/06/2011,ALW,WA,ANM,WE,Federal Contract Tower,3,5,4,0,12,0,2,15,0,17,3,7,19,0,29,36,0,36,65
01/07/2011,ALW,WA,ANM,WE,Federal Contract Tower,3,2,1,0,6,0,0,18,0,18,3,2,19,0,24,60,0,60,84
01/08/2011,ALW,WA,ANM,WE,Federal Contract Tower,2,0,1,0,3,0,0,9,0,9,2,0,10,0,12,16,0,16,28
01/09/2011,ALW,WA,ANM,WE,Federal Contract Tower,1,0,2,0,3,0,0,2,0,2,1,0,4,0,5,0,0,0,5
01/10/2011,ALW,WA,ANM,WE,Federal Contract Tower,3,2,0,0,5,0,0,0,0,0,3,2,0,0,5,0,0,0,5
01/11/2011,ALW,WA,ANM,WE,Federal Contract Tower,3,2,7,0,12,0,0,11,0,11,3,2,18,0,23,58,0,58,81
01/12/2011,ALW,WA,ANM,WE,Federal Contract Tower,2,2,0,0,4,0,0,4,0,4,2,2,4,0,8,14,0,14,22
01/13/2011,ALW,WA,ANM,WE,Federal Contract Tower,3,3,3,0,9,0,0,25,0,25,3,3,28,0,34,54,0,54,88
01/14/2011,ALW,WA,ANM,WE,Federal Contract Tower,2,2,4,0,8,0,0,24,0,24,2,2,28,0,32,50,0,50,82
01/15/2011,ALW,WA,ANM,WE,Federal Contract Tower,3,1,2,0,6,0,0,15,0,15,3,1,17,0,21,38,0,38,59
01/16/2011,ALW,WA,ANM,WE,Federal Contract Tower,3,0,1,0,4,0,0,6,0,6,3,0,7,0,10,8,0,8,18
01/17/2011,ALW,WA,ANM,WE,Federal Contract Tower,3,2,4,0,9,0,0,14,0,14,3,2,18,0,23,14,0,14,37
01/18/2011,ALW,WA,ANM,WE,Federal Contract Tower,2,2,2,0,6,0,0,16,0,16,2,2,18,0,22,90,0,90,112
01/19/2011,ALW,WA,ANM,WE,Federal Contract Tower,3,2,6,0,11,0,0,33,0,33,3,2,39,0,44,92,0,92,136
01/20/2011,ALW,WA,ANM,WE,Federal Contract Tower,3,6,6,0,15,0,0,23,0,23,3,6,29,0,38,64,0,64,102
01/21/2011,ALW,WA,ANM,WE,Federal Contract Tower,3,2,8,0,13,0,0,19,0,19,3,2,27,0,32,120,0,120,152
01/22/2011,ALW,WA,ANM,WE,Federal Contract Tower,2,0,0,0,2,0,0,31,0,31,2,0,31,0,33,30,0,30,63
01/23/2011,ALW,WA,ANM,WE,Federal Contract Tower,3,0,6,0,9,0,1,19,0,20,3,1,25,0,29,34,0,34,63
01/24/2011,ALW,WA,ANM,WE,Federal Contract Tower,3,2,10,0,15,0,0,25,0,25,3,2,35,0,40,82,0,82,122
01/25/2011,ALW,WA,ANM,WE,Federal Contract Tower,1,2,8,0,11,0,0,30,0,30,1,2,38,0,41,62,0,62,103
01/26/2011,ALW,WA,ANM,WE,Federal Contract Tower,3,2,6,0,11,0,0,12,0,12,3,2,18,0,23,48,0,48,71
01/27/2011,ALW,WA,ANM,WE,Federal Contract Tower,2,2,0,0,4,0,0,0,0,0,2,2,0,0,4,0,0,0,4
01/28/2011,ALW,WA,ANM,WE,Federal Contract Tower,2,4,7,0,13,0,0,37,0,37,2,4,44,0,50,68,0,68,118
01/29/2011,ALW,WA,ANM,WE,Federal Contract Tower,2,0,0,0,2,0,0,4,0,4,2,0,4,0,6,8,0,8,14
01/30/2011,ALW,WA,ANM,WE,Federal Contract Tower,3,0,1,0,4,0,0,1,0,1,3,0,2,0,5,0,0,0,5
01/31/2011,ALW,WA,ANM,WE,Federal Contract Tower,3,2,5,0,10,0,0,22,0,22,3,2,27,0,32,40,0,40,72
02/01/2011,ALW,WA,ANM,WE,Federal Contract Tower,3,2,6,0,11,0,2,40,0,42,3,4,46,0,53,104,0,104,157
02/02/2011,ALW,WA,ANM,WE,Federal Contract Tower,3,4,7,0,14,0,0,31,0,31,3,4,38,0,45,120,0,120,165
02/03/2011,ALW,WA,ANM,WE,Federal Contract Tower,3,2,9,0,14,0,0,26,0,26,3,2,35,0,40,88,0,88,128
02/04/2011,ALW,WA,ANM,WE,Federal Contract Tower,3,4,2,2,11,0,0,17,1,18,3,4,19,3,29,76,0,76,105
02/05/2011,ALW,WA,ANM,WE,Federal Contract Tower,2,0,3,0,5,0,0,17,0,17,2,0,20,0,22,60,0,60,82
02/06/2011,ALW,WA,ANM,WE,Federal Contract Tower,3,0,4,0,7,0,0,10,0,10,3,0,14,0,17,20,0,20,37
02/07/2011,ALW,WA,ANM,WE,Federal Contract Tower,3,2,5,2,12,0,0,12,0,12,3,2,17,2,24,50,0,50,74
02/08/2011,ALW,WA,ANM,WE,Federal Contract Tower,3,2,8,0,13,0,0,27,0,27,3,2,35,0,40,10,0,10,50
02/09/2011,ALW,WA,ANM,WE,Federal Contract Tower,3,3,2,0,8,0,0,43,0,43,3,3,45,0,51,100,0,100,151
02/10/2011,ALW,WA,ANM,WE,Federal Contract Tower,3,2,0,0,5,0,0,34,0,34,3,2,34,0,39,68,0,68,107
02/11/2011,ALW,WA,ANM,WE,Federal Contract Tower,3,2,3,0,8,0,0,22,0,22,3,2,25,0,30,30,0,30,60
02/12/2011,ALW,WA,ANM,WE,Federal Contract Tower,2,0,0,0,2,0,0,4,0,4,2,0,4,0,6,2,0,2,8
02/13/2011,ALW,WA,ANM,WE,Federal Contract Tower,3,0,2,0,5,0,0,15,0,15,3,0,17,0,20,48,0,48,68
02/14/2011,ALW,WA,ANM,WE,Federal Contract Tower,3,4,6,0,13,0,0,27,0,27,3,4,33,0,40,80,0,80,120
02/15/2011,ALW,WA,ANM,WE,Federal Contract Tower,3,3,13,0,19,0,1,21,0,22,3,4,34,0,41,58,0,58,99
02/16/2011,ALW,WA,ANM,WE,Federal Contract Tower,3,2,4,0,9,0,0,39,0,39,3,2,43,0,48,134,0,134,182
02/17/2011,ALW,WA,ANM,WE,Federal Contract Tower,3,4,5,0,12,0,0,20,0,20,3,4,25,0,32,52,0,52,84
02/18/2011,ALW,WA,ANM,WE,Federal Contract Tower,3,2,3,0,8,0,0,23,0,23,3,2,26,0,31,22,0,22,53
02/19/2011,ALW,WA,ANM,WE,Federal Contract Tower,3,0,0,0,3,0,0,28,0,28,3,0,28,0,31,0,0,0,31
02/20/2011,ALW,WA,ANM,WE,Federal Contract Tower,2,0,0,0,2,0,0,20,0,20,2,0,20,0,22,20,0,20,42
02/21/2011,ALW,WA,ANM,WE,Federal Contract Tower,3,2,2,0,7,0,0,33,0,33,3,2,35,0,40,66,0,66,106
02/22/2011,ALW,WA,ANM,WE,Federal Contract Tower,2,2,7,1,12,0,0,4,0,4,2,2,11,1,16,6,0,6,22
02/23/2011,ALW,WA,ANM,WE,Federal Contract Tower,3,2,13,1,19,0,0,16,0,16,3,2,29,1,35,18,0,18,53
02/24/2011,ALW,WA,ANM,WE,Federal Contract Tower,3,2,1,0,6,0,0,3,0,3,3,2,4,0,9,6,0,6,15
02/25/2011,ALW,WA,ANM,WE,Federal Contract Tower,3,2,7,0,12,0,0,23,0,23,3,2,30,0,35,92,0,92,127
02/26/2011,ALW,WA,ANM,WE,Federal Contract Tower,2,0,3,0,5,0,0,11,0,11,2,0,14,0,16,6,0,6,22
02/27/2011,ALW,WA,ANM,WE,Federal Contract Tower,3,0,0,0,3,0,0,6,0,6,3,0,6,0,9,28,0,28,37
02/28/2011,ALW,WA,ANM,WE,Federal Contract Tower,1,4,0,0,5,0,0,0,0,0,1,4,0,0,5,0,0,0,5
03/01/2011,ALW,WA,ANM,WE,Federal Contract Tower,3,4,1,0,8,0,0,55,0,55,3,4,56,0,63,94,0,94,157
03/02/2011,ALW,WA,ANM,WE,Federal Contract Tower,3,3,6,0,12,0,1,29,0,30,3,4,35,0,42,80,0,80,122
03/03/2011,ALW,WA,ANM,WE,Federal Contract Tower,3,3,7,0,13,0,0,63,0,63,3,3,70,0,76,140,0,140,216
03/04/2011,ALW,WA,ANM,WE,Federal Contract Tower,1,2,7,0,10,0,0,61,0,61,1,2,68,0,71,68,0,68,139
03/05/2011,ALW,WA,ANM,WE,Federal Contract Tower,2,0,0,0,2,0,0,26,0,26,2,0,26,0,28,12,0,12,40
03/06/2011,ALW,WA,ANM,WE,Federal Contract Tower,3,1,0,0,4,0,1,62,0,63,3,2,62,0,67,78,0,78,145
03/07/2011,ALW,WA,ANM,WE,Federal Contract Tower,3,2,7,0,12,0,0,19,0,19,3,2,26,0,31,42,0,42,73
03/08/2011,ALW,WA,ANM,WE,Federal Contract Tower,3,3,6,0,12,0,1,18,0,19,3,4,24,0,31,28,0,28,59
03/09/2011,ALW,WA,ANM,WE,Federal Contract Tower,3,2,11,0,16,0,0,32,0,32,3,2,43,0,48,82,0,82,130
03/10/2011,ALW,WA,ANM,WE,Federal Contract Tower,3,2,6,0,11,0,0,10,0,10,3,2,16,0,21,36,0,36,57
03/11/2011,ALW,WA,ANM,WE,Federal Contract Tower,3,3,5,0,11,0,3,75,0,78,3,6,80,0,89,176,0,176,265
03/12/2011,ALW,WA,ANM,WE,Federal Contract Tower,2,0,1,0,3,0,0,14,0,14,2,0,15,0,17,2,0,2,19
03/13/2011,ALW,WA,ANM,WE,Federal Contract Tower,3,0,4,0,7,0,0,12,0,12,3,0,16,0,19,22,0,22,41
03/14/2011,ALW,WA,ANM,WE,Federal Contract Tower,3,2,3,0,8,0,0,28,0,28,3,2,31,0,36,64,0,64,100
03/15/2011,ALW,WA,ANM,WE,Federal Contract Tower,3,2,3,0,8,0,0,3,0,3,3,2,6,0,11,12,0,12,23
03/16/2011,ALW,WA,ANM,WE,Federal Contract Tower,3,2,3,0,8,0,0,31,0,31,3,2,34,0,39,54,0,54,93
03/17/2011,ALW,WA,ANM,WE,Federal Contract Tower,2,7,1,0,10,0,1,26,0,27,2,8,27,0,37,12,0,12,49
03/18/2011,ALW,WA,ANM,WE,Federal Contract Tower,1,2,2,0,5,0,0,15,0,15,1,2,17,0,20,0,0,0,20
03/19/2011,ALW,WA,ANM,WE,Federal Contract Tower,3,0,0,0,3,0,0,25,0,25,3,0,25,0,28,0,0,0,28
03/20/2011,ALW,WA,ANM,WE,Federal Contract Tower,3,0,2,0,5,0,0,65,0,65,3,0,67,0,70,18,0,18,88
03/21/2011,ALW,WA,ANM,WE,Federal Contract Tower,3,2,6,0,11,0,0,6,0,6,3,2,12,0,17,0,0,0,17
03/22/2011,ALW,WA,ANM,WE,Federal Contract Tower,3,4,4,0,11,0,0,52,0,52,3,4,56,0,63,0,0,0,63
03/23/2011,ALW,WA,ANM,WE,Federal Contract Tower,3,2,2,0,7,0,0,45,0,45,3,2,47,0,52,0,0,0,52
03/24/2011,ALW,WA,ANM,WE,Federal Contract Tower,3,2,2,0,7,0,0,45,0,45,3,2,47,0,52,10,0,10,62
03/25/2011,ALW,WA,ANM,WE,Federal Contract Tower,3,2,2,0,7,0,0,9,0,9,3,2,11,0,16,0,0,0,16
03/26/2011,ALW,WA,ANM,WE,Federal Contract Tower,1,2,2,0,5,0,0,5,0,5,1,2,7,0,10,0,0,0,10
03/27/2011,ALW,WA,ANM,WE,Federal Contract Tower,3,0,1,0,4,0,0,12,0,12,3,0,13,0,16,0,0,0,16
03/28/2011,ALW,WA,ANM,WE,Federal Contract Tower,3,2,0,1,6,0,0,12,1,13,3,2,12,2,19,52,0,52,71
03/29/2011,ALW,WA,ANM,WE,Federal Contract Tower,3,5,8,0,16,0,0,21,0,21,3,5,29,0,37,94,0,94,131
03/30/2011,ALW,WA,ANM,WE,Federal Contract Tower,3,2,9,0,14,0,0,23,0,23,3,2,32,0,37,48,0,48,85
03/31/2011,ALW,WA,ANM,WE,Federal Contract Tower,3,2,1,0,6,0,0,26,0,26,3,2,27,0,32,92,0,92,124
04/01/2011,ALW,WA,ANM,WE,Federal Contract Tower,3,2,3,0,8,0,0,111,0,111,3,2,114,0,119,136,0,136,255
04/02/2011,ALW,WA,ANM,WE,Federal Contract Tower,3,0,0,0,3,0,0,1,0,1,3,0,1,0,4,0,0,0,4
04/03/2011,ALW,WA,ANM,WE,Federal Contract Tower,3,2,4,0,9,0,0,29,0,29,3,2,33,0,38,78,0,78,116
04/04/2011,ALW,WA,ANM,WE,Federal Contract Tower,3,3,3,0,9,0,0,36,0,36,3,3,39,0,45,54,0,54,99
04/05/2011,ALW,WA,ANM,WE,Federal Contract Tower,3,4,1,0,8,0,0,22,0,22,3,4,23,0,30,56,0,56,86
04/06/2011,ALW,WA,ANM,WE,Federal Contract Tower,3,2,5,0,10,0,0,30,0,30,3,2,35,0,40,102,0,102,142
04/07/2011,ALW,WA,ANM,WE,Federal Contract Tower,3,2,6,0,11,0,0,31,0,31,3,2,37,0,42,74,0,74,116
04/08/2011,ALW,WA,ANM,WE,Federal Contract Tower,3,2,2,0,7,0,0,46,0,46,3,2,48,0,53,138,0,138,191
04/09/2011,ALW,WA,ANM,WE,Federal Contract Tower,3,0,6,0,9,0,0,26,0,26,3,0,32,0,35,8,0,8,43
04/10/2011,ALW,WA,ANM,WE,Federal Contract Tower,3,0,3,0,6,0,0,9,0,9,3,0,12,0,15,36,0,36,51
04/11/2011,ALW,WA,ANM,WE,Federal Contract Tower,3,2,6,0,11,0,0,20,0,20,3,2,26,0,31,20,0,20,51
04/12/2011,ALW,WA,ANM,WE,Federal Contract Tower,3,3,3,0,9,0,1,42,0,43,3,4,45,0,52,132,0,132,184
04/13/2011,ALW,WA,ANM,WE,Federal Contract Tower,3,3,4,0,10,0,0,21,0,21,3,3,25,0,31,86,0,86,117
04/14/2011,ALW,WA,ANM,WE,Federal Contract Tower,3,3,8,0,14,0,0,30,0,30,3,3,38,0,44,134,0,134,178
04/15/2011,ALW,WA,ANM,WE,Federal Contract Tower,3,2,5,0,10,0,0,29,0,29,3,2,34,0,39,110,0,110,149
04/16/2011,ALW,WA,ANM,WE,Federal Contract Tower,3,0,4,0,7,0,0,3,0,3,3,0,7,0,10,0,0,0,10
04/17/2011,ALW,WA,ANM,WE,Federal Contract Tower,3,0,5,0,8,0,0,22,0,22,3,0,27,0,30,42,0,42,72
04/18/2011,ALW,WA,ANM,WE,Federal Contract Tower,3,2,7,0,12,0,0,16,0,16,3,2,23,0,28,36,0,36,64
04/19/2011,ALW,WA,ANM,WE,Federal Contract Tower,3,2,4,0,9,0,0,31,0,31,3,2,35,0,40,74,0,74,114
04/20/2011,ALW,WA,ANM,WE,Federal Contract Tower,3,2,6,0,11,0,0,39,0,39,3,2,45,0,50,102,0,102,152
04/21/2011,ALW,WA,ANM,WE,Federal Contract Tower,3,3,5,0,11,0,1,14,0,15,3,4,19,0,26,58,0,58,84
04/22/2011,ALW,WA,ANM,WE,Federal Contract Tower,3,2,3,0,8,0,4,43,0,47,3,6,46,0,55,104,0,104,159
04/23/2011,ALW,WA,ANM,WE,Federal Contract Tower,3,0,2,0,5,0,3,54,0,57,3,3,56,0,62,44,0,44,106
04/24/2011,ALW,WA,ANM,WE,Federal Contract Tower,3,0,0,0,3,0,0,17,0,17,3,0,17,0,20,22,0,22,42
04/25/2011,ALW,WA,ANM,WE,Federal Contract Tower,3,4,3,0,10,0,0,12,0,12,3,4,15,0,22,40,0,40,62
04/26/2011,ALW,WA,ANM,WE,Federal Contract Tower,3,9,12,0,24,0,1,29,0,30,3,10,41,0,54,50,0,50,104
04/27/2011,ALW,WA,ANM,WE,Federal Contract Tower,3,6,9,0,18,0,0,37,0,37,3,6,46,0,55,100,0,100,155
04/28/2011,ALW,WA,ANM,WE,Federal Contract Tower,3,2,11,0,16,0,0,27,0,27,3,2,38,0,43,162,0,162,205
04/29/2011,ALW,WA,ANM,WE,Federal Contract Tower,3,2,4,0,9,0,0,21,0,21,3,2,25,0,30,82,0,82,112
04/30/2011,ALW,WA,ANM,WE,Federal Contract Tower,3,0,6,0,9,0,0,9,0,9,3,0,15,0,18,8,0,8,26
05/01/2011,ALW,WA,ANM,WE,Federal Contract Tower,3,0,2,0,5,0,0,51,0,51,3,0,53,0,56,52,0,52,108
05/02/2011,ALW,WA,ANM,WE,Federal Contract Tower,3,2,7,0,12,0,0,28,0,28,3,2,35,0,40,72,0,72,112
05/03/2011,ALW,WA,ANM,WE,Federal Contract Tower,3,2,6,0,11,0,0,33,0,33,3,2,39,0,44,74,0,74,118
05/04/2011,ALW,WA,ANM,WE,Federal Contract Tower,3,4,7,0,14,0,0,57,0,57,3,4,64,0,71,182,0,182,253
05/05/2011,ALW,WA,ANM,WE,Federal Contract Tower,3,5,11,0,19,0,1,42,0,43,3,6,53,0,62,144,0,144,206
05/06/2011,ALW,WA,ANM,WE,Federal Contract Tower,3,6,13,0,22,0,0,32,0,32,3,6,45,0,54,132,0,132,186
05/07/2011,ALW,WA,ANM,WE,Federal Contract Tower,3,0,7,0,10,0,0,10,0,10,3,0,17,0,20,28,0,28,48
05/08/2011,ALW,WA,ANM,WE,Federal Contract Tower,3,2,3,0,8,0,0,32,0,32,3,2,35,0,40,60,0,60,100
05/09/2011,ALW,WA,ANM,WE,Federal Contract Tower,3,2,1,0,6,0,0,25,0,25,3,2,26,0,31,68,0,68,99
05/10/2011,ALW,WA,ANM,WE,Federal Contract Tower,3,4,3,0,10,0,0,50,0,50,3,4,53,0,60,106,0,106,166
05/11/2011,ALW,WA,ANM,WE,Federal Contract Tower,3,3,4,0,10,0,1,118,0,119,3,4,122,0,129,88,0,88,217
05/12/2011,ALW,WA,ANM,WE,Federal Contract Tower,4,4,4,0,12,0,0,66,0,66,4,4,70,0,78,88,0,88,166
05/13/2011,ALW,WA,ANM,WE,Federal Contract Tower,3,4,3,0,10,0,0,67,0,67,3,4,70,0,77,124,0,124,201
05/14/2011,ALW,WA,ANM,WE,Federal Contract Tower,3,0,3,0,6,0,0,16,0,16,3,0,19,0,22,0,0,0,22
05/15/2011,ALW,WA,ANM,WE,Federal Contract Tower,3,2,0,4,9,0,0,11,0,11,3,2,11,4,20,58,0,58,78
05/16/2011,ALW,WA,ANM,WE,Federal Contract Tower,3,2,0,0,5,4,0,14,0,18,7,2,14,0,23,44,0,44,67
05/17/2011,ALW,WA,ANM,WE,Federal Contract Tower,3,2,5,0,10,0,0,56,0,56,3,2,61,0,66,124,0,124,190
05/18/2011,ALW,WA,ANM,WE,Federal Contract Tower,3,2,9,0,14,0,2,66,0,68,3,4,75,0,82,178,0,178,260
05/19/2011,ALW,WA,ANM,WE,Federal Contract Tower,3,1,4,0,8,0,1,62,0,63,3,2,66,0,71,100,0,100,171
05/20/2011,ALW,WA,ANM,WE,Federal Contract Tower,3,2,3,0,8,0,0,91,0,91,3,2,94,0,99,110,0,110,209
05/21/2011,ALW,WA,ANM,WE,Federal Contract Tower,3,2,3,0,8,0,0,15,0,15,3,2,18,0,23,8,0,8,31
05/22/2011,ALW,WA,ANM,WE,Federal Contract Tower,3,0,13,0,16,0,0,35,0,35,3,0,48,0,51,60,0,60,111
05/23/2011,ALW,WA,ANM,WE,Federal Contract Tower,3,4,4,0,11,0,0,34,0,34,3,4,38,0,45,90,0,90,135
05/24/2011,ALW,WA,ANM,WE,Federal Contract Tower,3,3,11,0,17,0,0,40,0,40,3,3,51,0,57,16,0,16,73
05/25/2011,ALW,WA,ANM,WE,Federal Contract Tower,3,4,4,0,11,0,0,43,0,43,3,4,47,0,54,78,0,78,132
05/26/2011,ALW,WA,ANM,WE,Federal Contract Tower,3,2,4,0,9,0,2,21,0,23,3,4,25,0,32,26,0,26,58
05/27/2011,ALW,WA,ANM,WE,Federal Contract Tower,3,2,2,0,7,0,0,18,0,18,3,2,20,0,25,60,0,60,85
05/28/2011,ALW,WA,ANM,WE,Federal Contract Tower,3,0,0,0,3,0,0,44,0,44,3,0,44,0,47,22,0,22,69
05/29/2011,ALW,WA,ANM,WE,Federal Contract Tower,1,0,2,0,3,0,0,22,0,22,1,0,24,0,25,18,0,18,43
05/30/2011,ALW,WA,ANM,WE,Federal Contract Tower,3,3,6,0,12,0,0,17,0,17,3,3,23,0,29,42,0,42,71
05/31/2011,ALW,WA,ANM,WE,Federal Contract Tower,3,2,4,0,9,0,0,19,0,19,3,2,23,0,28,22,0,22,50
06/01/2011,ALW,WA,ANM,WE,Federal Contract Tower,3,2,7,0,12,0,0,79,0,79,3,2,86,0,91,86,0,86,177
06/02/2011,ALW,WA,ANM,WE,Federal Contract Tower,3,5,3,0,11,0,0,2,0,2,3,5,5,0,13,8,0,8,21
06/03/2011,ALW,WA,ANM,WE,Federal Contract Tower,3,2,9,0,14,0,0,79,0,79,3,2,88,0,93,108,0,108,201
06/04/2011,ALW,WA,ANM,WE,Federal Contract Tower,3,0,4,0,7,0,0,70,0,70,3,0,74,0,77,22,0,22,99
06/05/2011,ALW,WA,ANM,WE,Federal Contract Tower,3,0,1,0,4,0,0,64,0,64,3,0,65,0,68,114,0,114,182
06/06/2011,ALW,WA,ANM,WE,Federal Contract Tower,3,2,15,0,20,0,0,50,0,50,3,2,65,0,70,34,0,34,104
06/07/2011,ALW,WA,ANM,WE,Federal Contract Tower,3,2,3,0,8,0,0,15,0,15,3,2,18,0,23,6,0,6,29
06/08/2011,ALW,WA,ANM,WE,Federal Contract Tower,3,2,6,0,11,0,0,17,0,17,3,2,23,0,28,6,0,6,34
06/09/2011,ALW,WA,ANM,WE,Federal Contract Tower,3,2,2,0,7,0,0,60,0,60,3,2,62,0,67,22,0,22,89
06/10/2011,ALW,WA,ANM,WE,Federal Contract Tower,3,2,1,0,6,0,0,37,0,37,3,2,38,0,43,48,0,48,91
06/11/2011,ALW,WA,ANM,WE,Federal Contract Tower,1,0,13,0,14,0,1,28,0,29,1,1,41,0,43,0,0,0,43
06/12/2011,ALW,WA,ANM,WE,Federal Contract Tower,3,0,7,0,10,0,0,76,0,76,3,0,83,0,86,48,0,48,134
06/13/2011,ALW,WA,ANM,WE,Federal Contract Tower,3,2,2,0,7,0,0,5,0,5,3,2,7,0,12,10,0,10,22
06/14/2011,ALW,WA,ANM,WE,Federal Contract Tower,3,2,5,0,10,0,0,42,0,42,3,2,47,0,52,2,0,2,54
06/15/2011,ALW,WA,ANM,WE,Federal Contract Tower,3,2,3,0,8,0,0,19,0,19,3,2,22,0,27,6,0,6,33
06/16/2011,ALW,WA,ANM,WE,Federal Contract Tower,3,2,4,0,9,0,0,17,0,17,3,2,21,0,26,0,0,0,26
06/17/2011,ALW,WA,ANM,WE,Federal Contract Tower,3,2,5,0,10,0,0,39,0,39,3,2,44,0,49,22,0,22,71
06/18/2011,ALW,WA,ANM,WE,Federal Contract Tower,1,0,1,0,2,0,0,12,0,12,1,0,13,0,14,10,0,10,24
06/19/2011,ALW,WA,ANM,WE,Federal Contract Tower,3,0,1,0,4,0,0,14,0,14,3,0,15,0,18,1,0,1,19
06/20/2011,ALW,WA,ANM,WE,Federal Contract Tower,3,2,6,0,11,0,0,41,0,41,3,2,47,0,52,26,0,26,78
06/21/2011,ALW,WA,ANM,WE,Federal Contract Tower,3,2,3,0,8,0,0,55,0,55,3,2,58,0,63,28,0,28,91
06/22/2011,ALW,WA,ANM,WE,Federal Contract Tower,3,2,4,0,9,0,0,59,0,59,3,2,63,0,68,98,0,98,166
06/23/2011,ALW,WA,ANM,WE,Federal Contract Tower,3,4,0,2,9,0,2,32,9,43,3,6,32,11,52,32,0,32,84
06/24/2011,ALW,WA,ANM,WE,Federal Contract Tower,3,2,15,0,20,0,0,32,0,32,3,2,47,0,52,72,0,72,124
06/25/2011,ALW,WA,ANM,WE,Federal Contract Tower,1,0,6,0,7,0,0,71,0,71,1,0,77,0,78,38,0,38,116
06/26/2011,ALW,WA,ANM,WE,Federal Contract Tower,3,1,9,0,13,0,0,100,0,100,3,1,109,0,113,14,0,14,127
06/27/2011,ALW,WA,ANM,WE,Federal Contract Tower,3,4,9,0,16,0,0,59,0,59,3,4,68,0,75,56,0,56,131
06/28/2011,ALW,WA,ANM,WE,Federal Contract Tower,3,1,6,1,11,0,1,33,3,37,3,2,39,4,48,32,0,32,80
06/29/2011,ALW,WA,ANM,WE,Federal Contract Tower,3,2,5,0,10,0,0,23,0,23,3,2,28,0,33,40,0,40,73
06/30/2011,ALW,WA,ANM,WE,Federal Contract Tower,3,2,6,0,11,0,0,19,0,19,3,2,25,0,30,28,0,28,58
07/01/2011,ALW,WA,ANM,WE,Federal Contract Tower,3,2,6,0,11,0,0,43,0,43,3,2,49,0,54,16,0,16,70
07/02/2011,ALW,WA,ANM,WE,Federal Contract Tower,1,0,6,0,7,0,3,34,0,37,1,3,40,0,44,28,0,28,72
07/03/2011,ALW,WA,ANM,WE,Federal Contract Tower,1,5,5,0,11,0,1,33,0,34,1,6,38,0,45,2,0,2,47
07/04/2011,ALW,WA,ANM,WE,Federal Contract Tower,1,0,1,0,2,0,0,21,0,21,1,0,22,0,23,0,0,0,23
07/05/2011,ALW,WA,ANM,WE,Federal Contract Tower,3,6,6,0,15,0,0,32,0,32,3,6,38,0,47,20,0,20,67
07/06/2011,ALW,WA,ANM,WE,Federal Contract Tower,3,2,4,0,9,0,0,40,0,40,3,2,44,0,49,82,0,82,131
07/07/2011,ALW,WA,ANM,WE,Federal Contract Tower,2,3,14,0,19,0,0,30,0,30,2,3,44,0,49,44,0,44,93
07/08/2011,ALW,WA,ANM,WE,Federal Contract Tower,3,3,5,0,11,0,0,30,0,30,3,3,35,0,41,44,0,44,85
07/09/2011,ALW,WA,ANM,WE,Federal Contract Tower,1,0,4,0,5,0,3,35,0,38,1,3,39,0,43,0,0,0,43
07/10/2011,ALW,WA,ANM,WE,Federal Contract Tower,3,0,3,0,6,0,0,28,0,28,3,0,31,0,34,12,0,12,46
07/11/2011,ALW,WA,ANM,WE,Federal Contract Tower,3,2,13,0,18,0,0,41,0,41,3,2,54,0,59,72,0,72,131
07/12/2011,ALW,WA,ANM,WE,Federal Contract Tower,3,2,10,0,15,0,0,23,0,23,3,2,33,0,38,46,0,46,84
07/13/2011,ALW,WA,ANM,WE,Federal Contract Tower,3,2,11,2,18,0,0,20,0,20,3,2,31,2,38,20,0,20,58
07/14/2011,ALW,WA,ANM,WE,Federal Contract Tower,3,2,10,0,15,0,0,25,0,25,3,2,35,0,40,32,0,32,72
07/15/2011,ALW,WA,ANM,WE,Federal Contract Tower,3,4,8,0,15,0,0,35,2,37,3,4,43,2,52,54,0,54,106
07/16/2011,ALW,WA,ANM,WE,Federal Contract Tower,1,0,0,0,1,0,0,12,0,12,1,0,12,0,13,14,0,14,27
07/17/2011,ALW,WA,ANM,WE,Federal Contract Tower,3,0,2,0,5,0,0,25,0,25,3,0,27,0,30,34,0,34,64
07/18/2011,ALW,WA,ANM,WE,Federal Contract Tower,3,2,4,0,9,0,0,30,0,30,3,2,34,0,39,62,0,62,101
07/19/2011,ALW,WA,ANM,WE,Federal Contract Tower,3,2,6,0,11,0,0,14,0,14,3,2,20,0,25,22,0,22,47
07/20/2011,ALW,WA,ANM,WE,Federal Contract Tower,3,2,7,0,12,0,0,27,0,27,3,2,34,0,39,62,0,62,101
07/21/2011,ALW,WA,ANM,WE,Federal Contract Tower,3,2,12,0,17,0,0,18,0,18,3,2,30,0,35,22,0,22,57
07/22/2011,ALW,WA,ANM,WE,Federal Contract Tower,3,1,4,0,8,0,0,23,0,23,3,1,27,0,31,32,0,32,63
07/23/2011,ALW,WA,ANM,WE,Federal Contract Tower,1,0,2,0,3,0,1,21,0,22,1,1,23,0,25,14,0,14,39
07/24/2011,ALW,WA,ANM,WE,Federal Contract Tower,3,0,3,0,6,0,0,26,0,26,3,0,29,0,32,12,0,12,44
07/25/2011,ALW,WA,ANM,WE,Federal Contract Tower,3,2,4,0,9,0,0,21,0,21,3,2,25,0,30,28,0,28,58
07/26/2011,ALW,WA,ANM,WE,Federal Contract Tower,3,6,5,0,14,0,1,28,0,29,3,7,33,0,43,14,0,14,57
07/27/2011,ALW,WA,ANM,WE,Federal Contract Tower,3,2,5,0,10,0,0,40,0,40,3,2,45,0,50,16,0,16,66
07/28/2011,ALW,WA,ANM,WE,Federal Contract Tower,3,2,7,0,12,0,0,63,0,63,3,2,70,0,75,24,0,24,99
07/29/2011,ALW,WA,ANM,WE,Federal Contract Tower,3,3,10,0,16,0,0,38,1,39,3,3,48,1,55,24,0,24,79
07/30/2011,ALW,WA,ANM,WE,Federal Contract Tower,1,1,3,0,5,0,2,27,0,29,1,3,30,0,34,0,0,0,34
07/31/2011,ALW,WA,ANM,WE,Federal Contract Tower,3,4,4,0,11,0,0,22,1,23,3,4,26,1,34,12,0,12,46
08/01/2011,ALW,WA,ANM,WE,Federal Contract Tower,3,2,4,0,9,0,7,34,12,53,3,9,38,12,62,38,0,38,100
08/02/2011,ALW,WA,ANM,WE,Federal Contract Tower,3,2,3,0,8,0,2,35,7,44,3,4,38,7,52,18,0,18,70
08/03/2011,ALW,WA,ANM,WE,Federal Contract Tower,4,2,5,0,11,0,3,59,7,69,4,5,64,7,80,46,0,46,126
08/04/2011,ALW,WA,ANM,WE,Federal Contract Tower,3,2,5,0,10,0,4,46,5,55,3,6,51,5,65,98,0,98,163
08/05/2011,ALW,WA,ANM,WE,Federal Contract Tower,3,2,10,1,16,0,1,37,6,44,3,3,47,7,60,68,0,68,128
08/06/2011,ALW,WA,ANM,WE,Federal Contract Tower,1,0,1,0,2,0,0,30,0,30,1,0,31,0,32,12,0,12,44
08/07/2011,ALW,WA,ANM,WE,Federal Contract Tower,3,0,2,0,5,0,0,33,0,33,3,0,35,0,38,50,0,50,88
08/08/2011,ALW,WA,ANM,WE,Federal Contract Tower,3,2,5,0,10,0,0,41,0,41,3,2,46,0,51,58,0,58,109
08/09/2011,ALW,WA,ANM,WE,Federal Contract Tower,3,4,10,0,17,0,2,32,0,34,3,6,42,0,51,50,0,50,101
08/10/2011,ALW,WA,ANM,WE,Federal Contract Tower,3,4,7,0,14,0,0,26,0,26,3,4,33,0,40,38,0,38,78
08/11/2011,ALW,WA,ANM,WE,Federal Contract Tower,3,2,14,0,19,0,1,34,0,35,3,3,48,0,54,44,0,44,98
08/12/2011,ALW,WA,ANM,WE,Federal Contract Tower,3,4,5,0,12,0,2,34,0,36,3,6,39,0,48,30,0,30,78
08/13/2011,ALW,WA,ANM,WE,Federal Contract Tower,1,0,3,0,4,0,0,12,2,14,1,0,15,2,18,32,0,32,50
08/14/2011,ALW,WA,ANM,WE,Federal Contract Tower,3,3,2,0,8,0,0,16,0,16,3,3,18,0,24,10,0,10,34
08/15/2011,ALW,WA,ANM,WE,Federal Contract Tower,3,3,4,0,10,0,0,17,0,17,3,3,21,0,27,56,0,56,83
08/16/2011,ALW,WA,ANM,WE,Federal Contract Tower,3,2,3,0,8,0,0,42,0,42,3,2,45,0,50,92,0,92,142
08/17/2011,ALW,WA,ANM,WE,Federal Contract Tower,3,2,5,0,10,0,0,34,0,34,3,2,39,0,44,22,0,22,66
08/18/2011,ALW,WA,ANM,WE,Federal Contract Tower,3,2,5,0,10,0,0,29,0,29,3,2,34,0,39,34,0,34,73
08/19/2011,ALW,WA,ANM,WE,Federal Contract Tower,3,7,3,0,13,0,0,34,2,36,3,7,37,2,49,82,0,82,131
08/20/2011,ALW,WA,ANM,WE,Federal Contract Tower,1,2,0,0,3,0,0,21,0,21,1,2,21,0,24,18,0,18,42
08/21/2011,ALW,WA,ANM,WE,Federal Contract Tower,3,0,3,0,6,0,0,37,0,37,3,0,40,0,43,30,0,30,73
08/22/2011,ALW,WA,ANM,WE,Federal Contract Tower,3,2,7,0,12,0,0,31,0,31,3,2,38,0,43,84,0,84,127
08/23/2011,ALW,WA,ANM,WE,Federal Contract Tower,3,3,4,0,10,0,3,20,0,23,3,6,24,0,33,68,0,68,101
08/24/2011,ALW,WA,ANM,WE,Federal Contract Tower,3,2,6,0,11,0,0,43,0,43,3,2,49,0,54,54,0,54,108
08/25/2011,ALW,WA,ANM,WE,Federal Contract Tower,3,2,0,0,5,0,4,30,0,34,3,6,30,0,39,40,0,40,79
08/26/2011,ALW,WA,ANM,WE,Federal Contract Tower,3,2,7,0,12,0,1,19,0,20,3,3,26,0,32,46,0,46,78
08/27/2011,ALW,WA,ANM,WE,Federal Contract Tower,1,0,0,0,1,0,0,22,0,22,1,0,22,0,23,4,0,4,27
08/28/2011,ALW,WA,ANM,WE,Federal Contract Tower,3,3,0,0,6,0,1,28,0,29,3,4,28,0,35,26,0,26,61
08/29/2011,ALW,WA,ANM,WE,Federal Contract Tower,3,2,0,0,5,0,0,31,0,31,3,2,31,0,36,40,0,40,76
08/30/2011,ALW,WA,ANM,WE,Federal Contract Tower,3,2,0,0,5,0,0,26,0,26,3,2,26,0,31,50,0,50,81
08/31/2011,ALW,WA,ANM,WE,Federal Contract Tower,3,3,4,0,10,0,1,20,0,21,3,4,24,0,31,50,0,50,81
09/01/2011,ALW,WA,ANM,WE,Federal Contract Tower,3,2,5,0,10,0,1,27,0,28,3,3,32,0,38,76,0,76,114
09/02/2011,ALW,WA,ANM,WE,Federal Contract Tower,3,5,3,0,11,0,1,51,0,52,3,6,54,0,63,78,0,78,141
09/03/2011,ALW,WA,ANM,WE,Federal Contract Tower,1,0,3,0,4,0,0,37,0,37,1,0,40,0,41,28,0,28,69
09/04/2011,ALW,WA,ANM,WE,Federal Contract Tower,3,0,3,0,6,0,9,25,0,34,3,9,28,0,40,0,0,0,40
09/05/2011,ALW,WA,ANM,WE,Federal Contract Tower,3,1,3,0,7,0,11,32,0,43,3,12,35,0,50,44,0,44,94
09/06/2011,ALW,WA,ANM,WE,Federal Contract Tower,3,2,2,0,7,0,3,26,0,29,3,5,28,0,36,12,0,12,48
09/07/2011,ALW,WA,ANM,WE,Federal Contract Tower,3,2,9,0,14,0,3,36,0,39,3,5,45,0,53,22,0,22,75
09/08/2011,ALW,WA,ANM,WE,Federal Contract Tower,3,4,5,0,12,0,2,20,0,22,3,6,25,0,34,12,0,12,46
09/09/2011,ALW,WA,ANM,WE,Federal Contract Tower,3,7,11,0,21,0,3,26,0,29,3,10,37,0,50,10,0,10,60
09/10/2011,ALW,WA,ANM,WE,Federal Contract Tower,1,0,2,0,3,0,0,8,0,8,1,0,10,0,11,0,0,0,11
09/11/2011,ALW,WA,ANM,WE,Federal Contract Tower,3,3,4,0,10,0,1,18,0,19,3,4,22,0,29,6,0,6,35
09/12/2011,ALW,WA,ANM,WE,Federal Contract Tower,3,2,5,0,10,0,0,26,0,26,3,2,31,0,36,48,0,48,84
09/13/2011,ALW,WA,ANM,WE,Federal Contract Tower,3,6,2,1,12,0,0,26,0,26,3,6,28,1,38,64,0,64,102
09/14/2011,ALW,WA,ANM,WE,Federal Contract Tower,3,2,6,1,12,0,0,28,0,28,3,2,34,1,40,52,0,52,92
09/15/2011,ALW,WA,ANM,WE,Federal Contract Tower,3,4,0,1,8,0,0,13,1,14,3,4,13,2,22,10,0,10,32
09/16/2011,ALW,WA,ANM,WE,Federal Contract Tower,3,4,1,0,8,0,0,13,0,13,3,4,14,0,21,16,0,16,37
09/17/2011,ALW,WA,ANM,WE,Federal Contract Tower,1,0,1,0,2,0,0,15,0,15,1,0,16,0,17,0,0,0,17
09/18/2011,ALW,WA,ANM,WE,Federal Contract Tower,3,2,1,0,6,0,0,15,0,15,3,2,16,0,21,20,0,20,41
09/19/2011,ALW,WA,ANM,WE,Federal Contract Tower,3,4,2,0,9,0,0,15,0,15,3,4,17,0,24,0,0,0,24
09/20/2011,ALW,WA,ANM,WE,Federal Contract Tower,3,6,3,0,12,0,0,33,0,33,3,6,36,0,45,32,0,32,77
09/21/2011,ALW,WA,ANM,WE,Federal Contract Tower,3,5,10,0,18,0,0,37,0,37,3,5,47,0,55,60,0,60,115
09/22/2011,ALW,WA,ANM,WE,Federal Contract Tower,3,3,4,0,10,0,0,26,0,26,3,3,30,0,36,42,0,42,78
09/23/2011,ALW,WA,ANM,WE,Federal Contract Tower,3,4,5,0,12,0,0,36,0,36,3,4,41,0,48,48,0,48,96
09/24/2011,ALW,WA,ANM,WE,Federal Contract Tower,1,0,5,0,6,0,0,44,0,44,1,0,49,0,50,26,0,26,76
09/25/2011,ALW,WA,ANM,WE,Federal Contract Tower,3,0,9,0,12,0,0,14,0,14,3,0,23,0,26,0,0,0,26
09/26/2011,ALW,WA,ANM,WE,Federal Contract Tower,3,2,4,0,9,0,0,29,0,29,3,2,33,0,38,44,0,44,82
09/27/2011,ALW,WA,ANM,WE,Federal Contract Tower,3,5,6,0,14,0,0,22,0,22,3,5,28,0,36,42,0,42,78
09/28/2011,ALW,WA,ANM,WE,Federal Contract Tower,3,2,10,0,15,0,0,43,0,43,3,2,53,0,58,84,0,84,142
09/29/2011,ALW,WA,ANM,WE,Federal Contract Tower,3,4,12,0,19,0,0,43,0,43,3,4,55,0,62,66,0,66,128
09/30/2011,ALW,WA,ANM,WE,Federal Contract Tower,3,3,8,0,14,0,1,62,0,63,3,4,70,0,77,74,0,74,151
10/01/2011,ALW,WA,ANM,WE,Federal Contract Tower,1,0,2,4,7,0,0,26,0,26,1,0,28,4,33,0,0,0,33
10/02/2011,ALW,WA,ANM,WE,Federal Contract Tower,3,4,9,0,16,0,0,26,0,26,3,4,35,0,42,4,0,4,46
10/03/2011,ALW,WA,ANM,WE,Federal Contract Tower,3,4,3,0,10,0,0,38,0,38,3,4,41,0,48,72,0,72,120
10/04/2011,ALW,WA,ANM,WE,Federal Contract Tower,3,4,7,0,14,0,0,22,0,22,3,4,29,0,36,54,0,54,90
10/05/2011,ALW,WA,ANM,WE,Federal Contract Tower,3,3,19,0,25,0,0,10,0,10,3,3,29,0,35,0,0,0,35
10/06/2011,ALW,WA,ANM,WE,Federal Contract Tower,3,3,12,0,18,0,0,8,0,8,3,3,20,0,26,14,0,14,40
10/07/2011,ALW,WA,ANM,WE,Federal Contract Tower,3,4,7,0,14,0,0,31,0,31,3,4,38,0,45,74,0,74,119
10/08/2011,ALW,WA,ANM,WE,Federal Contract Tower,1,2,3,0,6,0,0,31,0,31,1,2,34,0,37,20,0,20,57
10/09/2011,ALW,WA,ANM,WE,Federal Contract Tower,3,0,5,0,8,0,0,33,0,33,3,0,38,0,41,50,0,50,91
10/10/2011,ALW,WA,ANM,WE,Federal Contract Tower,3,3,6,0,12,0,0,13,0,13,3,3,19,0,25,32,0,32,57
10/11/2011,ALW,WA,ANM,WE,Federal Contract Tower,3,7,3,0,13,0,0,11,0,11,3,7,14,0,24,40,0,40,64
10/12/2011,ALW,WA,ANM,WE,Federal Contract Tower,3,6,4,0,13,0,0,22,0,22,3,6,26,0,35,66,0,66,101
10/13/2011,ALW,WA,ANM,WE,Federal Contract Tower,3,2,5,0,10,0,0,42,0,42,3,2,47,0,52,50,0,50,102
10/14/2011,ALW,WA,ANM,WE,Federal Contract Tower,3,4,9,0,16,0,1,49,0,50,3,5,58,0,66,134,0,134,200
10/15/2011,ALW,WA,ANM,WE,Federal Contract Tower,1,2,7,0,10,0,0,16,0,16,1,2,23,0,26,16,0,16,42
10/16/2011,ALW,WA,ANM,WE,Federal Contract Tower,3,1,8,0,12,0,0,8,0,8,3,1,16,0,20,24,0,24,44
10/17/2011,ALW,WA,ANM,WE,Federal Contract Tower,3,6,6,0,15,0,1,42,0,43,3,7,48,0,58,72,0,72,130
10/18/2011,ALW,WA,ANM,WE,Federal Contract Tower,3,3,13,0,19,0,0,9,0,9,3,3,22,0,28,12,0,12,40
10/19/2011,ALW,WA,ANM,WE,Federal Contract Tower,3,2,5,0,10,0,0,42,0,42,3,2,47,0,52,146,0,146,198
10/20/2011,ALW,WA,ANM,WE,Federal Contract Tower,3,2,5,0,10,0,0,25,0,25,3,2,30,0,35,58,0,58,93
10/21/2011,ALW,WA,ANM,WE,Federal Contract Tower,3,4,6,0,13,0,0,30,0,30,3,4,36,0,43,102,0,102,145
10/22/2011,ALW,WA,ANM,WE,Federal Contract Tower,1,0,2,0,3,0,0,5,0,5,1,0,7,0,8,8,0,8,16
10/23/2011,ALW,WA,ANM,WE,Federal Contract Tower,3,0,4,0,7,0,0,35,0,35,3,0,39,0,42,36,0,36,78
10/24/2011,ALW,WA,ANM,WE,Federal Contract Tower,3,2,9,0,14,0,0,34,0,34,3,2,43,0,48,82,0,82,130
10/25/2011,ALW,WA,ANM,WE,Federal Contract Tower,3,3,11,0,17,0,0,41,0,41,3,3,52,0,58,60,0,60,118
10/26/2011,ALW,WA,ANM,WE,Federal Contract Tower,3,1,18,0,22,0,1,58,0,59,3,2,76,0,81,112,0,112,193
10/27/2011,ALW,WA,ANM,WE,Federal Contract Tower,3,2,7,0,12,0,0,45,0,45,3,2,52,0,57,70,0,70,127
10/28/2011,ALW,WA,ANM,WE,Federal Contract Tower,3,4,7,0,14,0,0,35,0,35,3,4,42,0,49,48,0,48,97
10/29/2011,ALW,WA,ANM,WE,Federal Contract Tower,1,1,2,0,4,0,1,34,0,35,1,2,36,0,39,26,0,26,65
10/30/2011,ALW,WA,ANM,WE,Federal Contract Tower,3,2,7,0,12,0,0,24,0,24,3,2,31,0,36,34,0,34,70
10/31/2011,ALW,WA,ANM,WE,Federal Contract Tower,3,5,3,0,11,0,0,31,0,31,3,5,34,0,42,56,0,56,98
11/01/2011,ALW,WA,ANM,WE,Federal Contract Tower,3,2,4,0,9,0,0,42,0,42,3,2,46,0,51,74,0,74,125
11/02/2011,ALW,WA,ANM,WE,Federal Contract Tower,3,3,4,0,10,0,0,31,0,31,3,3,35,0,41,34,0,34,75
11/03/2011,ALW,WA,ANM,WE,Federal Contract Tower,3,2,6,0,11,0,0,16,0,16,3,2,22,0,27,8,0,8,35
11/04/2011,ALW,WA,ANM,WE,Federal Contract Tower,3,3,12,0,18,0,0,16,0,16,3,3,28,0,34,87,0,87,121
11/05/2011,ALW,WA,ANM,WE,Federal Contract Tower,1,0,3,0,4,0,0,28,0,28,1,0,31,0,32,28,0,28,60
11/06/2011,ALW,WA,ANM,WE,Federal Contract Tower,3,1,5,0,9,0,0,43,0,43,3,1,48,0,52,60,0,60,112
11/07/2011,ALW,WA,ANM,WE,Federal Contract Tower,3,2,6,0,11,0,0,29,0,29,3,2,35,0,40,90,0,90,130
11/08/2011,ALW,WA,ANM,WE,Federal Contract Tower,3,4,7,0,14,0,0,33,0,33,3,4,40,0,47,36,0,36,83
11/09/2011,ALW,WA,ANM,WE,Federal Contract Tower,3,4,6,0,13,0,0,46,0,46,3,4,52,0,59,66,0,66,125
11/10/2011,ALW,WA,ANM,WE,Federal Contract Tower,3,2,12,1,18,0,0,40,0,40,3,2,52,1,58,72,0,72,130
11/11/2011,ALW,WA,ANM,WE,Federal Contract Tower,3,4,3,0,10,0,0,40,0,40,3,4,43,0,50,62,0,62,112
11/12/2011,ALW,WA,ANM,WE,Federal Contract Tower,1,0,2,0,3,0,0,4,0,4,1,0,6,0,7,8,0,8,15
11/13/2011,ALW,WA,ANM,WE,Federal Contract Tower,3,2,1,0,6,0,0,7,0,7,3,2,8,0,13,0,0,0,13
11/14/2011,ALW,WA,ANM,WE,Federal Contract Tower,3,2,5,0,10,0,2,7,0,9,3,4,12,0,19,4,0,4,23
11/15/2011,ALW,WA,ANM,WE,Federal Contract Tower,3,3,4,0,10,0,9,32,0,41,3,12,36,0,51,62,0,62,113
11/16/2011,ALW,WA,ANM,WE,Federal Contract Tower,3,2,7,0,12,0,0,14,0,14,3,2,21,0,26,50,0,50,76
11/17/2011,ALW,WA,ANM,WE,Federal Contract Tower,3,4,2,0,9,0,0,15,0,15,3,4,17,0,24,54,0,54,78
11/18/2011,ALW,WA,ANM,WE,Federal Contract Tower,3,2,7,0,12,0,0,16,0,16,3,2,23,0,28,26,0,26,54
11/19/2011,ALW,WA,ANM,WE,Federal Contract Tower,1,0,1,0,2,0,0,2,0,2,1,0,3,0,4,0,0,0,4
11/20/2011,ALW,WA,ANM,WE,Federal Contract Tower,3,0,1,0,4,0,0,0,0,0,3,0,1,0,4,0,0,0,4
11/21/2011,ALW,WA,ANM,WE,Federal Contract Tower,3,2,0,0,5,0,0,7,0,7,3,2,7,0,12,6,0,6,18
11/22/2011,ALW,WA,ANM,WE,Federal Contract Tower,3,5,2,0,10,0,1,1,0,2,3,6,3,0,12,0,0,0,12
11/23/2011,ALW,WA,ANM,WE,Federal Contract Tower,3,1,3,0,7,0,1,1,0,2,3,2,4,0,9,0,0,0,9
11/24/2011,ALW,WA,ANM,WE,Federal Contract Tower,3,2,0,0,5,0,0,29,0,29,3,2,29,0,34,4,0,4,38
11/25/2011,ALW,WA,ANM,WE,Federal Contract Tower,3,3,1,0,7,0,1,14,0,15,3,4,15,0,22,4,0,4,26
11/26/2011,ALW,WA,ANM,WE,Federal Contract Tower,3,0,2,0,5,0,0,28,0,28,3,0,30,0,33,18,0,18,51
11/27/2011,ALW,WA,ANM,WE,Federal Contract Tower,3,2,2,0,7,0,0,3,0,3,3,2,5,0,10,6,0,6,16
11/28/2011,ALW,WA,ANM,WE,Federal Contract Tower,3,2,7,0,12,0,0,51,0,51,3,2,58,0,63,62,0,62,125
11/29/2011,ALW,WA,ANM,WE,Federal Contract Tower,3,1,4,0,8,0,1,38,0,39,3,2,42,0,47,100,0,100,147
11/30/2011,ALW,WA,ANM,WE,Federal Contract Tower,3,3,0,0,6,0,1,46,0,47,3,4,46,0,53,108,0,108,161
12/01/2011,ALW,WA,ANM,WE,Federal Contract Tower,3,1,14,0,18,0,1,44,0,45,3,2,58,0,63,52,0,52,115
12/02/2011,ALW,WA,ANM,WE,Federal Contract Tower,3,2,13,0,18,0,0,38,0,38,3,2,51,0,56,94,0,94,150
12/03/2011,ALW,WA,ANM,WE,Federal Contract Tower,1,0,1,0,2,0,0,10,0,10,1,0,11,0,12,4,0,4,16
12/04/2011,ALW,WA,ANM,WE,Federal Contract Tower,3,0,2,0,5,0,0,47,0,47,3,0,49,0,52,106,0,106,158
12/05/2011,ALW,WA,ANM,WE,Federal Contract Tower,3,2,3,0,8,0,0,36,0,36,3,2,39,0,44,110,0,110,154
12/06/2011,ALW,WA,ANM,WE,Federal Contract Tower,3,1,4,0,8,0,1,41,0,42,3,2,45,0,50,72,0,72,122
12/07/2011,ALW,WA,ANM,WE,Federal Contract Tower,3,5,10,0,18,0,4,29,0,33,3,9,39,0,51,54,0,54,105
12/08/2011,ALW,WA,ANM,WE,Federal Contract Tower,3,2,9,0,14,0,2,25,0,27,3,4,34,0,41,50,0,50,91
12/09/2011,ALW,WA,ANM,WE,Federal Contract Tower,0,0,1,0,1,0,0,0,0,0,0,0,1,0,1,0,0,0,1
12/10/2011,ALW,WA,ANM,WE,Federal Contract Tower,0,0,1,0,1,0,0,0,0,0,0,0,1,0,1,0,0,0,1
12/11/2011,ALW,WA,ANM,WE,Federal Contract Tower,3,0,0,0,3,0,0,0,0,0,3,0,0,0,3,0,0,0,3
12/12/2011,ALW,WA,ANM,WE,Federal Contract Tower,3,2,2,0,7,0,0,0,0,0,3,2,2,0,7,0,0,0,7
12/13/2011,ALW,WA,ANM,WE,Federal Contract Tower,3,2,2,0,7,0,0,0,0,0,3,2,2,0,7,0,0,0,7
12/14/2011,ALW,WA,ANM,WE,Federal Contract Tower,3,2,2,0,7,0,0,0,0,0,3,2,2,0,7,0,0,0,7
12/15/2011,ALW,WA,ANM,WE,Federal Contract Tower,3,3,12,0,18,0,0,9,0,9,3,3,21,0,27,12,0,12,39
12/16/2011,ALW,WA,ANM,WE,Federal Contract Tower,3,2,9,0,14,0,0,9,0,9,3,2,18,0,23,20,0,20,43
12/17/2011,ALW,WA,ANM,WE,Federal Contract Tower,3,0,0,0,3,0,0,0,0,0,3,0,0,0,3,0,0,0,3
12/18/2011,ALW,WA,ANM,WE,Federal Contract Tower,2,0,4,0,6,0,0,1,0,1,2,0,5,0,7,0,0,0,7
12/19/2011,ALW,WA,ANM,WE,Federal Contract Tower,3,0,0,0,3,0,0,0,0,0,3,0,0,0,3,0,0,0,3
12/20/2011,ALW,WA,ANM,WE,Federal Contract Tower,3,2,0,0,5,0,1,9,0,10,3,3,9,0,15,20,0,20,35
12/21/2011,ALW,WA,ANM,WE,Federal Contract Tower,3,1,0,0,4,0,1,17,2,20,3,2,17,2,24,16,0,16,40
12/22/2011,ALW,WA,ANM,WE,Federal Contract Tower,3,1,0,0,4,0,1,24,0,25,3,2,24,0,29,64,0,64,93
12/23/2011,ALW,WA,ANM,WE,Federal Contract Tower,3,1,2,0,6,0,1,11,0,12,3,2,13,0,18,12,0,12,30
12/24/2011,ALW,WA,ANM,WE,Federal Contract Tower,3,1,2,0,6,0,1,7,0,8,3,2,9,0,14,34,0,34,48
12/25/2011,ALW,WA,ANM,WE,Federal Contract Tower,2,0,2,0,4,0,0,2,0,2,2,0,4,0,6,0,0,0,6
12/26/2011,ALW,WA,ANM,WE,Federal Contract Tower,3,0,0,0,3,0,0,17,0,17,3,0,17,0,20,20,0,20,40
12/27/2011,ALW,WA,ANM,WE,Federal Contract Tower,3,2,1,0,6,0,0,2,2,4,3,2,3,2,10,0,0,0,10
12/28/2011,ALW,WA,ANM,WE,Federal Contract Tower,3,2,1,0,6,0,0,1,0,1,3,2,2,0,7,0,0,0,7
12/29/2011,ALW,WA,ANM,WE,Federal Contract Tower,3,3,0,0,6,0,0,7,0,7,3,3,7,0,13,6,0,6,19
12/30/2011,ALW,WA,ANM,WE,Federal Contract Tower,3,4,2,0,9,0,0,0,0,0,3,4,2,0,9,0,0,0,9
12/31/2011,ALW,WA,ANM,WE,Federal Contract Tower,3,0,0,0,3,0,0,15,0,15,3,0,15,0,18,24,0,24,42
01/01/2012,ALW,WA,ANM,WE,Federal Contract Tower,3,0,0,0,3,0,0,10,0,10,3,0,10,0,13,4,0,4,17
01/02/2012,ALW,WA,ANM,WE,Federal Contract Tower,3,0,5,0,8,0,0,17,0,17,3,0,22,0,25,16,0,16,41
01/03/2012,ALW,WA,ANM,WE,Federal Contract Tower,3,2,4,0,9,0,0,32,0,32,3,2,36,0,41,44,0,44,85
01/04/2012,ALW,WA,ANM,WE,Federal Contract Tower,3,3,0,0,6,0,0,18,2,20,3,3,18,2,26,34,0,34,60
01/05/2012,ALW,WA,ANM,WE,Federal Contract Tower,3,2,0,0,5,0,0,19,0,19,3,2,19,0,24,60,0,60,84
01/06/2012,ALW,WA,ANM,WE,Federal Contract Tower,3,2,9,0,14,0,0,24,0,24,3,2,33,0,38,56,0,56,94
01/07/2012,ALW,WA,ANM,WE,Federal Contract Tower,1,0,0,0,1,0,0,9,0,9,1,0,9,0,10,12,0,12,22
01/08/2012,ALW,WA,ANM,WE,Federal Contract Tower,3,0,5,0,8,0,0,32,0,32,3,0,37,0,40,54,0,54,94
01/09/2012,ALW,WA,ANM,WE,Federal Contract Tower,3,2,2,0,7,0,0,14,0,14,3,2,16,0,21,100,0,100,121
01/10/2012,ALW,WA,ANM,WE,Federal Contract Tower,3,2,8,0,13,0,0,34,0,34,3,2,42,0,47,104,0,104,151
01/11/2012,ALW,WA,ANM,WE,Federal Contract Tower,3,2,2,0,7,0,0,31,0,31,3,2,33,0,38,74,0,74,112
01/12/2012,ALW,WA,ANM,WE,Federal Contract Tower,3,2,3,0,8,0,0,34,0,34,3,2,37,0,42,118,0,118,160
01/13/2012,ALW,WA,ANM,WE,Federal Contract Tower,3,4,3,0,10,0,0,24,0,24,3,4,27,0,34,150,0,150,184
01/14/2012,ALW,WA,ANM,WE,Federal Contract Tower,3,0,0,0,3,0,10,15,0,25,3,10,15,0,28,0,0,0,28
01/15/2012,ALW,WA,ANM,WE,Federal Contract Tower,3,0,1,0,4,0,0,13,0,13,3,0,14,0,17,42,0,42,59
01/16/2012,ALW,WA,ANM,WE,Federal Contract Tower,3,2,6,0,11,0,0,20,0,20,3,2,26,0,31,60,0,60,91
01/17/2012,ALW,WA,ANM,WE,Federal Contract Tower,1,2,8,0,11,0,0,5,0,5,1,2,13,0,16,0,0,0,16
01/18/2012,ALW,WA,ANM,WE,Federal Contract Tower,2,2,1,0,5,0,0,0,0,0,2,2,1,0,5,0,0,0,5
01/19/2012,ALW,WA,ANM,WE,Federal Contract Tower,0,0,0,0,0,0,0,0,0,0,0,0,0,0,0,0,0,0,0
01/20/2012,ALW,WA,ANM,WE,Federal Contract Tower,2,3,0,0,5,0,0,0,0,0,2,3,0,0,5,0,0,0,5
01/21/2012,ALW,WA,ANM,WE,Federal Contract Tower,0,0,0,0,0,0,0,0,0,0,0,0,0,0,0,0,0,0,0
01/22/2012,ALW,WA,ANM,WE,Federal Contract Tower,5,0,0,0,5,0,0,3,0,3,5,0,3,0,8,0,0,0,8
01/23/2012,ALW,WA,ANM,WE,Federal Contract Tower,3,4,9,0,16,0,0,33,0,33,3,4,42,0,49,68,0,68,117
01/24/2012,ALW,WA,ANM,WE,Federal Contract Tower,1,3,5,0,9,0,0,12,0,12,1,3,17,0,21,44,0,44,65
01/25/2012,ALW,WA,ANM,WE,Federal Contract Tower,3,2,0,1,6,0,0,28,0,28,3,2,28,1,34,62,0,62,96
01/26/2012,ALW,WA,ANM,WE,Federal Contract Tower,1,3,3,0,7,0,0,12,0,12,1,3,15,0,19,32,0,32,51
01/27/2012,ALW,WA,ANM,WE,Federal Contract Tower,3,3,8,0,14,0,0,33,0,33,3,3,41,0,47,62,0,62,109
01/28/2012,ALW,WA,ANM,WE,Federal Contract Tower,1,2,7,0,10,0,0,11,0,11,1,2,18,0,21,8,0,8,29
01/29/2012,ALW,WA,ANM,WE,Federal Contract Tower,3,0,0,0,3,0,0,33,0,33,3,0,33,0,36,30,0,30,66
01/30/2012,ALW,WA,ANM,WE,Federal Contract Tower,3,2,3,0,8,0,0,18,0,18,3,2,21,0,26,28,0,28,54
01/31/2012,ALW,WA,ANM,WE,Federal Contract Tower,3,2,2,0,7,0,0,45,0,45,3,2,47,0,52,86,0,86,138
02/01/2012,ALW,WA,ANM,WE,Federal Contract Tower,3,6,0,0,9,0,1,15,0,16,3,7,15,0,25,74,0,74,99
02/02/2012,ALW,WA,ANM,WE,Federal Contract Tower,3,3,4,0,10,0,2,39,0,41,3,5,43,0,51,86,0,86,137
02/03/2012,ALW,WA,ANM,WE,Federal Contract Tower,1,2,1,0,4,0,0,0,0,0,1,2,1,0,4,0,0,0,4
02/04/2012,ALW,WA,ANM,WE,Federal Contract Tower,0,0,0,0,0,0,0,0,0,0,0,0,0,0,0,0,0,0,0
02/05/2012,ALW,WA,ANM,WE,Federal Contract Tower,2,0,0,0,2,0,0,3,0,3,2,0,3,0,5,0,0,0,5
02/06/2012,ALW,WA,ANM,WE,Federal Contract Tower,2,2,2,0,6,0,0,0,0,0,2,2,2,0,6,0,0,0,6
02/07/2012,ALW,WA,ANM,WE,Federal Contract Tower,3,2,6,0,11,0,0,0,0,0,3,2,6,0,11,0,0,0,11
02/08/2012,ALW,WA,ANM,WE,Federal Contract Tower,3,2,4,0,9,0,0,21,0,21,3,2,25,0,30,68,0,68,98
02/09/2012,ALW,WA,ANM,WE,Federal Contract Tower,3,4,7,0,14,0,0,0,0,0,3,4,7,0,14,0,0,0,14
02/10/2012,ALW,WA,ANM,WE,Federal Contract Tower,3,3,8,0,14,0,0,0,0,0,3,3,8,0,14,0,0,0,14
02/11/2012,ALW,WA,ANM,WE,Federal Contract Tower,1,1,5,0,7,0,0,2,0,2,1,1,7,0,9,4,0,4,13
02/12/2012,ALW,WA,ANM,WE,Federal Contract Tower,3,2,5,0,10,0,0,43,0,43,3,2,48,0,53,62,0,62,115
02/13/2012,ALW,WA,ANM,WE,Federal Contract Tower,3,4,4,0,11,0,0,28,0,28,3,4,32,0,39,104,0,104,143
02/14/2012,ALW,WA,ANM,WE,Federal Contract Tower,3,3,1,0,7,0,1,54,0,55,3,4,55,0,62,44,0,44,106
02/15/2012,ALW,WA,ANM,WE,Federal Contract Tower,3,6,10,0,19,0,0,38,0,38,3,6,48,0,57,70,0,70,127
02/16/2012,ALW,WA,ANM,WE,Federal Contract Tower,3,3,4,0,10,0,1,59,0,60,3,4,63,0,70,52,0,52,122
02/17/2012,ALW,WA,ANM,WE,Federal Contract Tower,3,2,6,0,11,0,0,66,0,66,3,2,72,0,77,56,0,56,133
02/18/2012,ALW,WA,ANM,WE,Federal Contract Tower,1,0,1,0,2,0,0,3,0,3,1,0,4,0,5,0,0,0,5
02/19/2012,ALW,WA,ANM,WE,Federal Contract Tower,3,1,5,0,9,0,0,14,0,14,3,1,19,0,23,4,0,4,27
02/20/2012,ALW,WA,ANM,WE,Federal Contract Tower,3,2,2,0,7,0,0,0,0,0,3,2,2,0,7,0,0,0,7
02/21/2012,ALW,WA,ANM,WE,Federal Contract Tower,3,2,0,2,7,0,0,12,0,12,3,2,12,2,19,54,0,54,73
02/22/2012,ALW,WA,ANM,WE,Federal Contract Tower,4,2,1,0,7,0,0,1,0,1,4,2,2,0,8,0,0,0,8
02/23/2012,ALW,WA,ANM,WE,Federal Contract Tower,3,2,4,0,9,0,0,25,0,25,3,2,29,0,34,48,0,48,82
02/24/2012,ALW,WA,ANM,WE,Federal Contract Tower,3,2,6,0,11,0,0,46,0,46,3,2,52,0,57,14,0,14,71
02/25/2012,ALW,WA,ANM,WE,Federal Contract Tower,1,0,2,0,3,0,0,0,0,0,1,0,2,0,3,0,0,0,3
02/26/2012,ALW,WA,ANM,WE,Federal Contract Tower,3,0,0,0,3,0,0,4,0,4,3,0,4,0,7,8,0,8,15
02/27/2012,ALW,WA,ANM,WE,Federal Contract Tower,3,2,8,0,13,0,0,6,2,8,3,2,14,2,21,24,0,24,45
02/28/2012,ALW,WA,ANM,WE,Federal Contract Tower,3,2,3,0,8,0,0,35,0,35,3,2,38,0,43,75,0,75,118
02/29/2012,ALW,WA,ANM,WE,Federal Contract Tower,3,2,3,0,8,0,0,11,0,11,3,2,14,0,19,8,0,8,27
03/01/2012,ALW,WA,ANM,WE,Federal Contract Tower,1,6,1,0,8,0,0,28,0,28,1,6,29,0,36,58,0,58,94
03/02/2012,ALW,WA,ANM,WE,Federal Contract Tower,3,4,6,0,13,0,0,27,0,27,3,4,33,0,40,22,0,22,62
03/03/2012,ALW,WA,ANM,WE,Federal Contract Tower,1,0,2,0,3,0,0,12,0,12,1,0,14,0,15,24,0,24,39
03/04/2012,ALW,WA,ANM,WE,Federal Contract Tower,3,0,2,0,5,0,0,69,0,69,3,0,71,0,74,48,0,48,122
03/05/2012,ALW,WA,ANM,WE,Federal Contract Tower,3,2,4,0,9,0,0,21,0,21,3,2,25,0,30,76,0,76,106
03/06/2012,ALW,WA,ANM,WE,Federal Contract Tower,3,2,4,0,9,0,0,31,0,31,3,2,35,0,40,72,0,72,112
03/07/2012,ALW,WA,ANM,WE,Federal Contract Tower,3,3,14,0,20,0,1,47,0,48,3,4,61,0,68,46,0,46,114
03/08/2012,ALW,WA,ANM,WE,Federal Contract Tower,3,2,3,0,8,0,0,44,0,44,3,2,47,0,52,62,0,62,114
03/09/2012,ALW,WA,ANM,WE,Federal Contract Tower,3,3,5,0,11,0,1,42,0,43,3,4,47,0,54,24,0,24,78
03/10/2012,ALW,WA,ANM,WE,Federal Contract Tower,1,0,1,0,2,0,0,30,0,30,1,0,31,0,32,0,0,0,32
03/11/2012,ALW,WA,ANM,WE,Federal Contract Tower,3,3,0,0,6,0,1,0,0,1,3,4,0,0,7,0,0,0,7
03/12/2012,ALW,WA,ANM,WE,Federal Contract Tower,3,4,1,0,8,0,0,7,0,7,3,4,8,0,15,12,0,12,27
03/13/2012,ALW,WA,ANM,WE,Federal Contract Tower,3,4,2,0,9,0,0,4,0,4,3,4,6,0,13,12,0,12,25
03/14/2012,ALW,WA,ANM,WE,Federal Contract Tower,3,2,6,1,12,0,0,22,1,23,3,2,28,2,35,8,0,8,43
03/15/2012,ALW,WA,ANM,WE,Federal Contract Tower,3,3,2,0,8,0,0,0,0,0,3,3,2,0,8,0,0,0,8
03/16/2012,ALW,WA,ANM,WE,Federal Contract Tower,3,2,8,0,13,0,0,8,0,8,3,2,16,0,21,0,0,0,21
03/17/2012,ALW,WA,ANM,WE,Federal Contract Tower,1,0,2,0,3,0,0,8,0,8,1,0,10,0,11,0,0,0,11
03/18/2012,ALW,WA,ANM,WE,Federal Contract Tower,3,0,2,0,5,0,0,33,0,33,3,0,35,0,38,10,0,10,48
03/19/2012,ALW,WA,ANM,WE,Federal Contract Tower,3,2,0,0,5,0,0,21,0,21,3,2,21,0,26,8,0,8,34
03/20/2012,ALW,WA,ANM,WE,Federal Contract Tower,3,2,2,0,7,0,0,0,0,0,3,2,2,0,7,0,0,0,7
03/21/2012,ALW,WA,ANM,WE,Federal Contract Tower,3,2,0,0,5,0,0,0,0,0,3,2,0,0,5,0,0,0,5
03/22/2012,ALW,WA,ANM,WE,Federal Contract Tower,3,3,1,2,9,0,0,6,0,6,3,3,7,2,15,0,0,0,15
03/23/2012,ALW,WA,ANM,WE,Federal Contract Tower,3,2,9,0,14,0,0,27,0,27,3,2,36,0,41,6,0,6,47
03/24/2012,ALW,WA,ANM,WE,Federal Contract Tower,1,1,1,1,4,0,0,30,0,30,1,1,31,1,34,0,0,0,34
03/25/2012,ALW,WA,ANM,WE,Federal Contract Tower,3,0,1,0,4,0,0,28,0,28,3,0,29,0,32,20,0,20,52
03/26/2012,ALW,WA,ANM,WE,Federal Contract Tower,3,4,6,0,13,0,0,9,0,9,3,4,15,0,22,0,0,0,22
03/27/2012,ALW,WA,ANM,WE,Federal Contract Tower,3,2,9,0,14,0,0,15,0,15,3,2,24,0,29,26,0,26,55
03/28/2012,ALW,WA,ANM,WE,Federal Contract Tower,3,2,8,0,13,0,0,19,0,19,3,2,27,0,32,14,0,14,46
03/29/2012,ALW,WA,ANM,WE,Federal Contract Tower,3,2,5,0,10,0,0,0,0,0,3,2,5,0,10,0,0,0,10
03/30/2012,ALW,WA,ANM,WE,Federal Contract Tower,3,3,4,0,10,0,0,2,0,2,3,3,6,0,12,4,0,4,16
03/31/2012,ALW,WA,ANM,WE,Federal Contract Tower,1,1,1,0,3,0,0,5,0,5,1,1,6,0,8,4,0,4,12
04/01/2012,ALW,WA,ANM,WE,Federal Contract Tower,3,1,6,0,10,0,0,11,0,11,3,1,17,0,21,38,0,38,59
04/02/2012,ALW,WA,ANM,WE,Federal Contract Tower,3,2,2,0,7,0,0,63,0,63,3,2,65,0,70,42,0,42,112
04/03/2012,ALW,WA,ANM,WE,Federal Contract Tower,3,4,6,0,13,0,0,44,0,44,3,4,50,0,57,48,0,48,105
04/04/2012,ALW,WA,ANM,WE,Federal Contract Tower,3,2,4,1,10,0,0,16,0,16,3,2,20,1,26,12,0,12,38
04/05/2012,ALW,WA,ANM,WE,Federal Contract Tower,3,2,11,1,17,0,0,46,0,46,3,2,57,1,63,60,0,60,123
04/06/2012,ALW,WA,ANM,WE,Federal Contract Tower,3,2,11,0,16,0,0,16,0,16,3,2,27,0,32,50,0,50,82
04/07/2012,ALW,WA,ANM,WE,Federal Contract Tower,1,0,3,0,4,0,0,54,0,54,1,0,57,0,58,42,0,42,100
04/08/2012,ALW,WA,ANM,WE,Federal Contract Tower,3,0,0,0,3,0,0,62,0,62,3,0,62,0,65,124,0,124,189
04/09/2012,ALW,WA,ANM,WE,Federal Contract Tower,3,2,11,1,17,0,0,56,0,56,3,2,67,1,73,60,0,60,133
04/10/2012,ALW,WA,ANM,WE,Federal Contract Tower,3,2,9,0,14,0,0,48,0,48,3,2,57,0,62,124,0,124,186
04/11/2012,ALW,WA,ANM,WE,Federal Contract Tower,3,2,10,0,15,0,0,38,0,38,3,2,48,0,53,98,0,98,151
04/12/2012,ALW,WA,ANM,WE,Federal Contract Tower,3,2,11,0,16,0,0,26,2,28,3,2,37,2,44,34,0,34,78
04/13/2012,ALW,WA,ANM,WE,Federal Contract Tower,3,1,14,0,18,0,1,35,0,36,3,2,49,0,54,98,0,98,152
04/14/2012,ALW,WA,ANM,WE,Federal Contract Tower,1,0,2,0,3,0,0,21,0,21,1,0,23,0,24,0,0,0,24
04/15/2012,ALW,WA,ANM,WE,Federal Contract Tower,3,2,14,0,19,0,0,28,0,28,3,2,42,0,47,64,0,64,111
04/16/2012,ALW,WA,ANM,WE,Federal Contract Tower,3,2,9,0,14,0,0,19,0,19,3,2,28,0,33,56,0,56,89
04/17/2012,ALW,WA,ANM,WE,Federal Contract Tower,3,3,11,0,17,0,0,51,0,51,3,3,62,0,68,94,0,94,162
04/18/2012,ALW,WA,ANM,WE,Federal Contract Tower,2,4,7,0,13,0,0,28,0,28,2,4,35,0,41,34,0,34,75
04/19/2012,ALW,WA,ANM,WE,Federal Contract Tower,3,5,12,0,20,0,0,58,0,58,3,5,70,0,78,62,0,62,140
04/20/2012,ALW,WA,ANM,WE,Federal Contract Tower,3,3,8,0,14,0,0,31,0,31,3,3,39,0,45,124,0,124,169
04/21/2012,ALW,WA,ANM,WE,Federal Contract Tower,1,0,2,0,3,0,0,36,0,36,1,0,38,0,39,42,0,42,81
04/22/2012,ALW,WA,ANM,WE,Federal Contract Tower,3,0,6,0,9,0,1,34,0,35,3,1,40,0,44,32,0,32,76
04/23/2012,ALW,WA,ANM,WE,Federal Contract Tower,3,2,3,0,8,0,0,33,0,33,3,2,36,0,41,34,0,34,75
04/24/2012,ALW,WA,ANM,WE,Federal Contract Tower,3,2,6,0,11,0,1,23,0,24,3,3,29,0,35,78,0,78,113
04/25/2012,ALW,WA,ANM,WE,Federal Contract Tower,3,2,7,0,12,0,0,28,0,28,3,2,35,0,40,80,0,80,120
04/26/2012,ALW,WA,ANM,WE,Federal Contract Tower,3,2,19,0,24,0,0,3,0,3,3,2,22,0,27,12,0,12,39
04/27/2012,ALW,WA,ANM,WE,Federal Contract Tower,3,2,7,1,13,0,0,23,0,23,3,2,30,1,36,34,0,34,70
04/28/2012,ALW,WA,ANM,WE,Federal Contract Tower,1,0,3,0,4,0,0,20,0,20,1,0,23,0,24,34,0,34,58
04/29/2012,ALW,WA,ANM,WE,Federal Contract Tower,3,2,7,0,12,0,0,67,0,67,3,2,74,0,79,52,0,52,131
04/30/2012,ALW,WA,ANM,WE,Federal Contract Tower,3,2,2,0,7,0,0,11,0,11,3,2,13,0,18,36,0,36,54
05/01/2012,ALW,WA,ANM,WE,Federal Contract Tower,3,3,11,0,17,0,0,28,0,28,3,3,39,0,45,100,0,100,145
05/02/2012,ALW,WA,ANM,WE,Federal Contract Tower,3,3,9,0,15,0,0,26,0,26,3,3,35,0,41,76,0,76,117
05/03/2012,ALW,WA,ANM,WE,Federal Contract Tower,3,2,11,0,16,0,1,22,0,23,3,3,33,0,39,84,0,84,123
05/04/2012,ALW,WA,ANM,WE,Federal Contract Tower,3,6,14,0,23,0,0,27,0,27,3,6,41,0,50,34,0,34,84
05/05/2012,ALW,WA,ANM,WE,Federal Contract Tower,1,0,2,0,3,0,0,14,0,14,1,0,16,0,17,16,0,16,33
05/06/2012,ALW,WA,ANM,WE,Federal Contract Tower,3,2,6,0,11,0,0,68,2,70,3,2,74,2,81,24,0,24,105
05/07/2012,ALW,WA,ANM,WE,Federal Contract Tower,1,2,2,0,5,0,0,38,0,38,1,2,40,0,43,50,0,50,93
05/08/2012,ALW,WA,ANM,WE,Federal Contract Tower,3,3,13,0,19,0,0,47,0,47,3,3,60,0,66,100,0,100,166
05/09/2012,ALW,WA,ANM,WE,Federal Contract Tower,3,2,13,0,18,0,0,23,0,23,3,2,36,0,41,56,0,56,97
05/10/2012,ALW,WA,ANM,WE,Federal Contract Tower,2,2,9,0,13,0,0,37,0,37,2,2,46,0,50,62,0,62,112
05/11/2012,ALW,WA,ANM,WE,Federal Contract Tower,3,5,7,0,15,0,0,46,0,46,3,5,53,0,61,52,0,52,113
05/12/2012,ALW,WA,ANM,WE,Federal Contract Tower,1,0,2,0,3,0,0,17,0,17,1,0,19,0,20,0,0,0,20
05/13/2012,ALW,WA,ANM,WE,Federal Contract Tower,3,2,4,0,9,0,0,28,0,28,3,2,32,0,37,18,0,18,55
05/14/2012,ALW,WA,ANM,WE,Federal Contract Tower,3,2,2,0,7,0,2,31,0,33,3,4,33,0,40,18,0,18,58
05/15/2012,ALW,WA,ANM,WE,Federal Contract Tower,3,2,4,0,9,0,0,35,0,35,3,2,39,0,44,66,0,66,110
05/16/2012,ALW,WA,ANM,WE,Federal Contract Tower,3,1,3,3,10,0,1,44,0,45,3,2,47,3,55,78,0,78,133
05/17/2012,ALW,WA,ANM,WE,Federal Contract Tower,3,2,14,0,19,0,0,26,0,26,3,2,40,0,45,78,0,78,123
05/18/2012,ALW,WA,ANM,WE,Federal Contract Tower,3,2,16,0,21,0,1,32,0,33,3,3,48,0,54,60,0,60,114
05/19/2012,ALW,WA,ANM,WE,Federal Contract Tower,1,4,1,0,6,0,2,48,0,50,1,6,49,0,56,0,0,0,56
05/20/2012,ALW,WA,ANM,WE,Federal Contract Tower,3,1,1,0,5,0,0,44,0,44,3,1,45,0,49,32,0,32,81
05/21/2012,ALW,WA,ANM,WE,Federal Contract Tower,3,3,10,0,16,0,0,14,0,14,3,3,24,0,30,28,0,28,58
05/22/2012,ALW,WA,ANM,WE,Federal Contract Tower,3,3,10,0,16,0,0,21,0,21,3,3,31,0,37,42,0,42,79
05/23/2012,ALW,WA,ANM,WE,Federal Contract Tower,3,4,7,0,14,0,0,24,0,24,3,4,31,0,38,38,0,38,76
05/24/2012,ALW,WA,ANM,WE,Federal Contract Tower,3,5,18,0,26,0,0,27,0,27,3,5,45,0,53,52,0,52,105
05/25/2012,ALW,WA,ANM,WE,Federal Contract Tower,3,3,7,0,13,0,0,20,0,20,3,3,27,0,33,30,0,30,63
05/26/2012,ALW,WA,ANM,WE,Federal Contract Tower,1,2,0,0,3,0,0,27,0,27,1,2,27,0,30,0,0,0,30
05/27/2012,ALW,WA,ANM,WE,Federal Contract Tower,3,2,2,0,7,0,0,25,0,25,3,2,27,0,32,8,0,8,40
05/28/2012,ALW,WA,ANM,WE,Federal Contract Tower,3,2,5,0,10,0,2,27,0,29,3,4,32,0,39,24,0,24,63
05/29/2012,ALW,WA,ANM,WE,Federal Contract Tower,3,2,8,0,13,0,0,42,0,42,3,2,50,0,55,114,0,114,169
05/30/2012,ALW,WA,ANM,WE,Federal Contract Tower,3,2,9,0,14,0,1,47,0,48,3,3,56,0,62,71,0,71,133
05/31/2012,ALW,WA,ANM,WE,Federal Contract Tower,3,3,14,0,20,0,0,27,0,27,3,3,41,0,47,74,0,74,121
06/01/2012,ALW,WA,ANM,WE,Federal Contract Tower,3,3,16,0,22,0,0,45,0,45,3,3,61,0,67,44,0,44,111
06/02/2012,ALW,WA,ANM,WE,Federal Contract Tower,1,2,2,0,5,0,1,16,0,17,1,3,18,0,22,12,0,12,34
06/03/2012,ALW,WA,ANM,WE,Federal Contract Tower,3,3,7,0,13,0,0,104,0,104,3,3,111,0,117,30,0,30,147
06/04/2012,ALW,WA,ANM,WE,Federal Contract Tower,3,2,2,0,7,0,0,4,0,4,3,2,6,0,11,0,0,0,11
06/05/2012,ALW,WA,ANM,WE,Federal Contract Tower,1,2,5,0,8,0,0,9,0,9,1,2,14,0,17,10,0,10,27
06/06/2012,ALW,WA,ANM,WE,Federal Contract Tower,1,4,7,0,12,0,0,17,0,17,1,4,24,0,29,4,0,4,33
06/07/2012,ALW,WA,ANM,WE,Federal Contract Tower,3,3,5,0,11,0,0,40,0,40,3,3,45,0,51,40,0,40,91
06/08/2012,ALW,WA,ANM,WE,Federal Contract Tower,3,5,4,0,12,0,0,12,0,12,3,5,16,0,24,6,0,6,30
06/09/2012,ALW,WA,ANM,WE,Federal Contract Tower,1,2,1,0,4,0,0,3,0,3,1,2,4,0,7,0,0,0,7
06/10/2012,ALW,WA,ANM,WE,Federal Contract Tower,3,0,8,0,11,0,0,53,0,53,3,0,61,0,64,50,0,50,114
06/11/2012,ALW,WA,ANM,WE,Federal Contract Tower,3,2,0,0,5,0,0,101,0,101,3,2,101,0,106,16,0,16,122
06/12/2012,ALW,WA,ANM,WE,Federal Contract Tower,1,2,11,0,14,0,0,44,0,44,1,2,55,0,58,32,0,32,90
06/13/2012,ALW,WA,ANM,WE,Federal Contract Tower,1,2,4,0,7,0,0,19,0,19,1,2,23,0,26,22,0,22,48
06/14/2012,ALW,WA,ANM,WE,Federal Contract Tower,3,2,2,0,7,0,0,39,0,39,3,2,41,0,46,22,0,22,68
06/15/2012,ALW,WA,ANM,WE,Federal Contract Tower,3,2,5,0,10,0,0,47,0,47,3,2,52,0,57,14,0,14,71
06/16/2012,ALW,WA,ANM,WE,Federal Contract Tower,1,2,1,0,4,0,0,30,0,30,1,2,31,0,34,6,0,6,40
06/17/2012,ALW,WA,ANM,WE,Federal Contract Tower,3,0,2,0,5,0,0,6,0,6,3,0,8,0,11,4,0,4,15
06/18/2012,ALW,WA,ANM,WE,Federal Contract Tower,3,2,10,0,15,0,0,19,2,21,3,2,29,2,36,34,0,34,70
06/19/2012,ALW,WA,ANM,WE,Federal Contract Tower,1,6,2,0,9,0,0,22,0,22,1,6,24,0,31,26,0,26,57
06/20/2012,ALW,WA,ANM,WE,Federal Contract Tower,1,2,0,0,3,0,0,77,0,77,1,2,77,0,80,22,0,22,102
06/21/2012,ALW,WA,ANM,WE,Federal Contract Tower,3,3,4,0,10,0,0,25,0,25,3,3,29,0,35,24,0,24,59
06/22/2012,ALW,WA,ANM,WE,Federal Contract Tower,3,2,2,1,8,0,0,14,0,14,3,2,16,1,22,6,0,6,28
06/23/2012,ALW,WA,ANM,WE,Federal Contract Tower,1,0,1,0,2,0,0,36,0,36,1,0,37,0,38,14,0,14,52
06/24/2012,ALW,WA,ANM,WE,Federal Contract Tower,3,1,6,0,10,0,0,24,0,24,3,1,30,0,34,0,0,0,34
06/25/2012,ALW,WA,ANM,WE,Federal Contract Tower,3,2,8,0,13,0,0,39,0,39,3,2,47,0,52,44,0,44,96
06/26/2012,ALW,WA,ANM,WE,Federal Contract Tower,1,3,7,0,11,0,1,6,0,7,1,4,13,0,18,22,0,22,40
06/27/2012,ALW,WA,ANM,WE,Federal Contract Tower,1,2,7,1,11,0,2,33,0,35,1,4,40,1,46,6,0,6,52
06/28/2012,ALW,WA,ANM,WE,Federal Contract Tower,3,3,7,0,13,0,0,36,0,36,3,3,43,0,49,40,0,40,89
06/29/2012,ALW,WA,ANM,WE,Federal Contract Tower,3,8,8,0,19,0,0,29,0,29,3,8,37,0,48,26,0,26,74
06/30/2012,ALW,WA,ANM,WE,Federal Contract Tower,1,3,5,0,9,0,1,31,0,32,1,4,36,0,41,26,0,26,67
07/01/2012,ALW,WA,ANM,WE,Federal Contract Tower,2,0,0,0,2,0,0,22,0,22,2,0,22,0,24,12,0,12,36
07/02/2012,ALW,WA,ANM,WE,Federal Contract Tower,3,2,3,0,8,0,0,35,0,35,3,2,38,0,43,106,0,106,149
07/03/2012,ALW,WA,ANM,WE,Federal Contract Tower,1,4,0,0,5,0,0,9,0,9,1,4,9,0,14,0,0,0,14
07/04/2012,ALW,WA,ANM,WE,Federal Contract Tower,1,0,0,0,1,0,0,36,0,36,1,0,36,0,37,2,0,2,39
07/05/2012,ALW,WA,ANM,WE,Federal Contract Tower,3,2,5,0,10,0,0,29,0,29,3,2,34,0,39,32,0,32,71
07/06/2012,ALW,WA,ANM,WE,Federal Contract Tower,3,2,1,0,6,0,2,20,0,22,3,4,21,0,28,8,0,8,36
07/07/2012,ALW,WA,ANM,WE,Federal Contract Tower,1,0,5,0,6,0,0,25,0,25,1,0,30,0,31,0,0,0,31
07/08/2012,ALW,WA,ANM,WE,Federal Contract Tower,3,0,3,0,6,0,0,18,0,18,3,0,21,0,24,8,0,8,32
07/09/2012,ALW,WA,ANM,WE,Federal Contract Tower,1,3,3,0,7,0,2,6,0,8,1,5,9,0,15,2,0,2,17
07/10/2012,ALW,WA,ANM,WE,Federal Contract Tower,1,3,6,0,10,0,2,33,0,35,1,5,39,0,45,54,0,54,99
07/11/2012,ALW,WA,ANM,WE,Federal Contract Tower,1,9,4,0,14,0,2,20,0,22,1,11,24,0,36,0,0,0,36
07/12/2012,ALW,WA,ANM,WE,Federal Contract Tower,3,2,0,0,5,0,0,22,0,22,3,2,22,0,27,0,0,0,27
07/13/2012,ALW,WA,ANM,WE,Federal Contract Tower,3,2,4,0,9,0,0,25,0,25,3,2,29,0,34,18,0,18,52
07/14/2012,ALW,WA,ANM,WE,Federal Contract Tower,1,0,0,0,1,0,0,12,0,12,1,0,12,0,13,6,0,6,19
07/15/2012,ALW,WA,ANM,WE,Federal Contract Tower,3,0,3,0,6,0,0,19,0,19,3,0,22,0,25,0,0,0,25
07/16/2012,ALW,WA,ANM,WE,Federal Contract Tower,3,2,7,0,12,0,0,18,0,18,3,2,25,0,30,34,0,34,64
07/17/2012,ALW,WA,ANM,WE,Federal Contract Tower,1,3,1,0,5,0,0,25,0,25,1,3,26,0,30,12,0,12,42
07/18/2012,ALW,WA,ANM,WE,Federal Contract Tower,1,6,8,0,15,0,0,32,0,32,1,6,40,0,47,0,0,0,47
07/19/2012,ALW,WA,ANM,WE,Federal Contract Tower,3,5,7,0,15,0,0,38,0,38,3,5,45,0,53,16,0,16,69
07/20/2012,ALW,WA,ANM,WE,Federal Contract Tower,2,4,6,0,12,0,0,16,0,16,2,4,22,0,28,12,0,12,40
07/21/2012,ALW,WA,ANM,WE,Federal Contract Tower,1,0,2,0,3,0,0,37,0,37,1,0,39,0,40,10,0,10,50
07/22/2012,ALW,WA,ANM,WE,Federal Contract Tower,3,0,8,0,11,0,0,52,1,53,3,0,60,1,64,76,0,76,140
07/23/2012,ALW,WA,ANM,WE,Federal Contract Tower,3,2,2,1,8,0,3,32,3,38,3,5,34,4,46,32,0,32,78
07/24/2012,ALW,WA,ANM,WE,Federal Contract Tower,1,5,5,0,11,0,8,55,2,65,1,13,60,2,76,44,0,44,120
07/25/2012,ALW,WA,ANM,WE,Federal Contract Tower,1,3,5,0,9,0,11,38,3,52,1,14,43,3,61,0,0,0,61
07/26/2012,ALW,WA,ANM,WE,Federal Contract Tower,3,2,5,0,10,0,10,32,2,44,3,12,37,2,54,16,0,16,70
07/27/2012,ALW,WA,ANM,WE,Federal Contract Tower,3,4,7,0,14,0,4,16,2,22,3,8,23,2,36,12,0,12,48
07/28/2012,ALW,WA,ANM,WE,Federal Contract Tower,1,0,0,0,1,0,0,15,0,15,1,0,15,0,16,16,0,16,32
07/29/2012,ALW,WA,ANM,WE,Federal Contract Tower,3,0,3,0,6,0,0,27,0,27,3,0,30,0,33,8,0,8,41
07/30/2012,ALW,WA,ANM,WE,Federal Contract Tower,3,2,3,0,8,0,4,15,2,21,3,6,18,2,29,0,0,0,29
07/31/2012,ALW,WA,ANM,WE,Federal Contract Tower,1,2,5,0,8,0,2,31,0,33,1,4,36,0,41,30,0,30,71
08/01/2012,ALW,WA,ANM,WE,Federal Contract Tower,1,4,5,0,10,0,3,28,2,33,1,7,33,2,43,4,0,4,47
08/02/2012,ALW,WA,ANM,WE,Federal Contract Tower,3,4,2,0,9,0,6,19,2,27,3,10,21,2,36,36,0,36,72
08/03/2012,ALW,WA,ANM,WE,Federal Contract Tower,3,3,5,0,11,0,1,26,1,28,3,4,31,1,39,38,0,38,77
08/04/2012,ALW,WA,ANM,WE,Federal Contract Tower,1,0,0,0,1,0,0,18,0,18,1,0,18,0,19,4,0,4,23
08/05/2012,ALW,WA,ANM,WE,Federal Contract Tower,3,1,2,0,6,0,0,28,0,28,3,1,30,0,34,8,0,8,42
08/06/2012,ALW,WA,ANM,WE,Federal Contract Tower,3,4,4,0,11,0,0,27,0,27,3,4,31,0,38,10,0,10,48
08/07/2012,ALW,WA,ANM,WE,Federal Contract Tower,1,2,2,1,6,0,0,27,0,27,1,2,29,1,33,24,0,24,57
08/08/2012,ALW,WA,ANM,WE,Federal Contract Tower,1,5,4,1,11,0,0,14,0,14,1,5,18,1,25,22,0,22,47
08/09/2012,ALW,WA,ANM,WE,Federal Contract Tower,3,2,0,0,5,0,0,35,0,35,3,2,35,0,40,56,0,56,96
08/10/2012,ALW,WA,ANM,WE,Federal Contract Tower,5,2,2,0,9,0,0,27,0,27,5,2,29,0,36,18,0,18,54
08/11/2012,ALW,WA,ANM,WE,Federal Contract Tower,1,2,1,0,4,0,0,25,0,25,1,2,26,0,29,10,0,10,39
08/12/2012,ALW,WA,ANM,WE,Federal Contract Tower,3,2,3,0,8,0,0,24,0,24,3,2,27,0,32,4,0,4,36
08/13/2012,ALW,WA,ANM,WE,Federal Contract Tower,3,3,2,0,8,0,0,21,0,21,3,3,23,0,29,12,0,12,41
08/14/2012,ALW,WA,ANM,WE,Federal Contract Tower,1,4,2,0,7,0,2,27,0,29,1,6,29,0,36,14,0,14,50
08/15/2012,ALW,WA,ANM,WE,Federal Contract Tower,1,2,9,0,12,0,0,44,0,44,1,2,53,0,56,32,0,32,88
08/16/2012,ALW,WA,ANM,WE,Federal Contract Tower,3,2,3,1,9,0,0,30,0,30,3,2,33,1,39,20,0,20,59
08/17/2012,ALW,WA,ANM,WE,Federal Contract Tower,3,4,6,0,13,0,0,25,0,25,3,4,31,0,38,24,0,24,62
08/18/2012,ALW,WA,ANM,WE,Federal Contract Tower,1,0,6,0,7,0,2,31,0,33,1,2,37,0,40,20,0,20,60
08/19/2012,ALW,WA,ANM,WE,Federal Contract Tower,3,0,4,0,7,0,0,28,0,28,3,0,32,0,35,0,0,0,35
08/20/2012,ALW,WA,ANM,WE,Federal Contract Tower,3,2,2,0,7,0,0,15,0,15,3,2,17,0,22,6,0,6,28
08/21/2012,ALW,WA,ANM,WE,Federal Contract Tower,1,2,3,0,6,0,2,14,0,16,1,4,17,0,22,10,0,10,32
08/22/2012,ALW,WA,ANM,WE,Federal Contract Tower,1,3,7,0,11,0,0,33,2,35,1,3,40,2,46,6,0,6,52
08/23/2012,ALW,WA,ANM,WE,Federal Contract Tower,3,3,11,0,17,0,0,47,0,47,3,3,58,0,64,2,0,2,66
08/24/2012,ALW,WA,ANM,WE,Federal Contract Tower,3,5,7,0,15,0,0,40,0,40,3,5,47,0,55,2,0,2,57
08/25/2012,ALW,WA,ANM,WE,Federal Contract Tower,1,0,2,0,3,0,0,50,0,50,1,0,52,0,53,2,0,2,55
08/26/2012,ALW,WA,ANM,WE,Federal Contract Tower,3,0,4,0,7,0,0,74,0,74,3,0,78,0,81,14,0,14,95
08/27/2012,ALW,WA,ANM,WE,Federal Contract Tower,3,2,4,0,9,0,0,21,0,21,3,2,25,0,30,2,0,2,32
08/28/2012,ALW,WA,ANM,WE,Federal Contract Tower,3,2,4,0,9,0,0,26,0,26,3,2,30,0,35,12,0,12,47
08/29/2012,ALW,WA,ANM,WE,Federal Contract Tower,3,2,3,1,9,0,0,26,0,26,3,2,29,1,35,30,0,30,65
08/30/2012,ALW,WA,ANM,WE,Federal Contract Tower,3,2,1,0,6,0,2,20,0,22,3,4,21,0,28,60,0,60,88
08/31/2012,ALW,WA,ANM,WE,Federal Contract Tower,3,4,4,0,11,0,0,34,0,34,3,4,38,0,45,62,0,62,107
09/01/2012,ALW,WA,ANM,WE,Federal Contract Tower,1,0,4,0,5,0,0,16,0,16,1,0,20,0,21,2,0,2,23
09/02/2012,ALW,WA,ANM,WE,Federal Contract Tower,3,2,2,0,7,0,0,24,0,24,3,2,26,0,31,8,0,8,39
09/03/2012,ALW,WA,ANM,WE,Federal Contract Tower,3,4,1,0,8,0,2,26,0,28,3,6,27,0,36,2,0,2,38
09/04/2012,ALW,WA,ANM,WE,Federal Contract Tower,3,2,2,0,7,0,0,18,0,18,3,2,20,0,25,0,0,0,25
09/05/2012,ALW,WA,ANM,WE,Federal Contract Tower,3,5,0,0,8,0,0,30,0,30,3,5,30,0,38,8,0,8,46
09/06/2012,ALW,WA,ANM,WE,Federal Contract Tower,3,4,0,0,7,0,0,20,0,20,3,4,20,0,27,0,0,0,27
09/07/2012,ALW,WA,ANM,WE,Federal Contract Tower,3,4,3,0,10,0,0,39,0,39,3,4,42,0,49,8,0,8,57
09/08/2012,ALW,WA,ANM,WE,Federal Contract Tower,1,1,2,0,4,0,3,25,0,28,1,4,27,0,32,22,0,22,54
09/09/2012,ALW,WA,ANM,WE,Federal Contract Tower,3,1,2,0,6,0,6,10,0,16,3,7,12,0,22,0,0,0,22
09/10/2012,ALW,WA,ANM,WE,Federal Contract Tower,3,2,0,0,5,0,0,10,0,10,3,2,10,0,15,0,0,0,15
09/11/2012,ALW,WA,ANM,WE,Federal Contract Tower,3,2,1,0,6,0,0,21,0,21,3,2,22,0,27,0,0,0,27
09/12/2012,ALW,WA,ANM,WE,Federal Contract Tower,3,4,2,0,9,0,0,16,0,16,3,4,18,0,25,2,0,2,27
09/13/2012,ALW,WA,ANM,WE,Federal Contract Tower,3,2,6,1,12,0,0,19,2,21,3,2,25,3,33,2,0,2,35
09/14/2012,ALW,WA,ANM,WE,Federal Contract Tower,3,4,2,0,9,0,0,12,0,12,3,4,14,0,21,0,0,0,21
09/15/2012,ALW,WA,ANM,WE,Federal Contract Tower,1,2,4,0,7,0,0,14,0,14,1,2,18,0,21,0,0,0,21
09/16/2012,ALW,WA,ANM,WE,Federal Contract Tower,3,0,0,0,3,0,0,21,0,21,3,0,21,0,24,6,0,6,30
09/17/2012,ALW,WA,ANM,WE,Federal Contract Tower,3,2,1,0,6,0,0,18,0,18,3,2,19,0,24,18,0,18,42
09/18/2012,ALW,WA,ANM,WE,Federal Contract Tower,3,3,9,0,15,0,2,22,0,24,3,5,31,0,39,8,0,8,47
09/19/2012,ALW,WA,ANM,WE,Federal Contract Tower,3,2,2,2,9,0,2,12,2,16,3,4,14,4,25,0,0,0,25
09/20/2012,ALW,WA,ANM,WE,Federal Contract Tower,3,2,7,1,13,0,0,14,0,14,3,2,21,1,27,10,0,10,37
09/21/2012,ALW,WA,ANM,WE,Federal Contract Tower,3,2,5,0,10,0,0,5,0,5,3,2,10,0,15,2,0,2,17
09/22/2012,ALW,WA,ANM,WE,Federal Contract Tower,1,0,5,0,6,0,0,8,0,8,1,0,13,0,14,0,0,0,14
09/23/2012,ALW,WA,ANM,WE,Federal Contract Tower,3,4,5,0,12,0,0,21,0,21,3,4,26,0,33,118,0,118,151
09/24/2012,ALW,WA,ANM,WE,Federal Contract Tower,3,2,1,0,6,0,0,16,0,16,3,2,17,0,22,42,0,42,64
09/25/2012,ALW,WA,ANM,WE,Federal Contract Tower,3,2,5,0,10,0,0,35,0,35,3,2,40,0,45,40,0,40,85
09/26/2012,ALW,WA,ANM,WE,Federal Contract Tower,3,2,4,0,9,0,0,54,0,54,3,2,58,0,63,64,0,64,127
09/27/2012,ALW,WA,ANM,WE,Federal Contract Tower,3,3,9,0,15,0,0,56,9,65,3,3,65,9,80,62,0,62,142
09/28/2012,ALW,WA,ANM,WE,Federal Contract Tower,3,3,3,0,9,0,0,47,0,47,3,3,50,0,56,60,0,60,116
09/29/2012,ALW,WA,ANM,WE,Federal Contract Tower,1,0,0,0,1,0,0,30,0,30,1,0,30,0,31,12,0,12,43
09/30/2012,ALW,WA,ANM,WE,Federal Contract Tower,3,0,4,0,7,0,0,47,0,47,3,0,51,0,54,64,0,64,118
10/01/2012,ALW,WA,ANM,WE,Federal Contract Tower,3,2,2,0,7,0,2,33,0,35,3,4,35,0,42,56,0,56,98
10/02/2012,ALW,WA,ANM,WE,Federal Contract Tower,3,2,4,0,9,0,0,33,0,33,3,2,37,0,42,82,0,82,124
10/03/2012,ALW,WA,ANM,WE,Federal Contract Tower,5,4,4,2,15,0,1,46,1,48,5,5,50,3,63,94,0,94,157
10/04/2012,ALW,WA,ANM,WE,Federal Contract Tower,3,2,7,1,13,0,0,32,0,32,3,2,39,1,45,62,0,62,107
10/05/2012,ALW,WA,ANM,WE,Federal Contract Tower,3,4,9,0,16,0,0,50,0,50,3,4,59,0,66,80,0,80,146
10/06/2012,ALW,WA,ANM,WE,Federal Contract Tower,1,2,4,0,7,0,0,44,0,44,1,2,48,0,51,0,0,0,51
10/07/2012,ALW,WA,ANM,WE,Federal Contract Tower,3,0,10,0,13,0,0,45,0,45,3,0,55,0,58,76,0,76,134
10/08/2012,ALW,WA,ANM,WE,Federal Contract Tower,3,2,2,0,7,0,0,39,0,39,3,2,41,0,46,42,0,42,88
10/09/2012,ALW,WA,ANM,WE,Federal Contract Tower,3,2,3,0,8,0,0,35,0,35,3,2,38,0,43,44,0,44,87
10/10/2012,ALW,WA,ANM,WE,Federal Contract Tower,3,3,0,0,6,0,1,26,0,27,3,4,26,0,33,54,0,54,87
10/11/2012,ALW,WA,ANM,WE,Federal Contract Tower,5,3,2,1,11,0,0,52,0,52,5,3,54,1,63,102,0,102,165
10/12/2012,ALW,WA,ANM,WE,Federal Contract Tower,3,5,3,0,11,0,0,36,0,36,3,5,39,0,47,80,0,80,127
10/13/2012,ALW,WA,ANM,WE,Federal Contract Tower,1,2,2,0,5,0,0,34,0,34,1,2,36,0,39,22,0,22,61
10/14/2012,ALW,WA,ANM,WE,Federal Contract Tower,3,3,11,0,17,0,1,32,0,33,3,4,43,0,50,120,0,120,170
10/15/2012,ALW,WA,ANM,WE,Federal Contract Tower,3,3,7,0,13,0,0,40,0,40,3,3,47,0,53,132,0,132,185
10/16/2012,ALW,WA,ANM,WE,Federal Contract Tower,3,4,4,0,11,0,0,13,0,13,3,4,17,0,24,54,0,54,78
10/17/2012,ALW,WA,ANM,WE,Federal Contract Tower,3,2,3,0,8,0,0,36,0,36,3,2,39,0,44,150,0,150,194
10/18/2012,ALW,WA,ANM,WE,Federal Contract Tower,3,3,10,0,16,0,0,52,0,52,3,3,62,0,68,94,0,94,162
10/19/2012,ALW,WA,ANM,WE,Federal Contract Tower,3,6,8,1,18,0,0,23,0,23,3,6,31,1,41,36,0,36,77
10/20/2012,ALW,WA,ANM,WE,Federal Contract Tower,1,2,2,0,5,0,0,8,0,8,1,2,10,0,13,0,0,0,13
10/21/2012,ALW,WA,ANM,WE,Federal Contract Tower,3,1,6,0,10,0,0,44,0,44,3,1,50,0,54,130,0,130,184
10/22/2012,ALW,WA,ANM,WE,Federal Contract Tower,3,2,2,0,7,0,0,14,0,14,3,2,16,0,21,62,0,62,83
10/23/2012,ALW,WA,ANM,WE,Federal Contract Tower,3,5,6,0,14,0,0,43,0,43,3,5,49,0,57,132,0,132,189
10/24/2012,ALW,WA,ANM,WE,Federal Contract Tower,3,2,0,0,5,0,0,27,0,27,3,2,27,0,32,114,0,114,146
10/25/2012,ALW,WA,ANM,WE,Federal Contract Tower,3,11,13,0,27,0,0,33,0,33,3,11,46,0,60,154,0,154,214
10/26/2012,ALW,WA,ANM,WE,Federal Contract Tower,3,4,2,0,9,0,0,39,0,39,3,4,41,0,48,138,0,138,186
10/27/2012,ALW,WA,ANM,WE,Federal Contract Tower,1,0,0,0,1,0,0,4,0,4,1,0,4,0,5,30,0,30,35
10/28/2012,ALW,WA,ANM,WE,Federal Contract Tower,3,0,6,4,13,0,0,23,0,23,3,0,29,4,36,28,0,28,64
10/29/2012,ALW,WA,ANM,WE,Federal Contract Tower,3,2,6,0,11,0,0,20,4,24,3,2,26,4,35,12,0,12,47
10/30/2012,ALW,WA,ANM,WE,Federal Contract Tower,3,2,4,3,12,0,0,37,0,37,3,2,41,3,49,116,0,116,165
10/31/2012,ALW,WA,ANM,WE,Federal Contract Tower,3,2,2,1,8,0,0,18,0,18,3,2,20,1,26,66,0,66,92
11/01/2012,ALW,WA,ANM,WE,Federal Contract Tower,3,2,6,0,11,0,0,29,0,29,3,2,35,0,40,80,0,80,120
11/02/2012,ALW,WA,ANM,WE,Federal Contract Tower,3,4,4,0,11,0,0,44,0,44,3,4,48,0,55,74,0,74,129
11/03/2012,ALW,WA,ANM,WE,Federal Contract Tower,1,0,9,0,10,0,0,21,0,21,1,0,30,0,31,0,0,0,31
11/04/2012,ALW,WA,ANM,WE,Federal Contract Tower,3,0,3,0,6,0,0,52,0,52,3,0,55,0,58,64,0,64,122
11/05/2012,ALW,WA,ANM,WE,Federal Contract Tower,3,2,15,0,20,0,0,44,0,44,3,2,59,0,64,70,0,70,134
11/06/2012,ALW,WA,ANM,WE,Federal Contract Tower,3,4,3,0,10,0,0,17,0,17,3,4,20,0,27,64,0,64,91
11/07/2012,ALW,WA,ANM,WE,Federal Contract Tower,3,2,3,0,8,0,0,36,0,36,3,2,39,0,44,74,0,74,118
11/08/2012,ALW,WA,ANM,WE,Federal Contract Tower,3,2,23,0,28,0,0,15,0,15,3,2,38,0,43,14,0,14,57
11/09/2012,ALW,WA,ANM,WE,Federal Contract Tower,3,2,10,0,15,0,0,33,0,33,3,2,43,0,48,78,0,78,126
11/10/2012,ALW,WA,ANM,WE,Federal Contract Tower,1,3,6,0,10,0,0,17,0,17,1,3,23,0,27,2,0,2,29
11/11/2012,ALW,WA,ANM,WE,Federal Contract Tower,3,0,8,0,11,0,0,40,0,40,3,0,48,0,51,94,0,94,145
11/12/2012,ALW,WA,ANM,WE,Federal Contract Tower,3,2,1,0,6,0,0,16,0,16,3,2,17,0,22,94,0,94,116
11/13/2012,ALW,WA,ANM,WE,Federal Contract Tower,3,4,15,0,22,0,0,0,0,0,3,4,15,0,22,0,0,0,22
11/14/2012,ALW,WA,ANM,WE,Federal Contract Tower,3,1,15,0,19,0,0,4,0,4,3,1,19,0,23,16,0,16,39
11/15/2012,ALW,WA,ANM,WE,Federal Contract Tower,3,4,13,0,20,0,0,2,0,2,3,4,15,0,22,4,0,4,26
11/16/2012,ALW,WA,ANM,WE,Federal Contract Tower,3,4,19,0,26,0,0,0,0,0,3,4,19,0,26,0,0,0,26
11/17/2012,ALW,WA,ANM,WE,Federal Contract Tower,1,0,3,0,4,0,0,5,0,5,1,0,8,0,9,0,0,0,9
11/18/2012,ALW,WA,ANM,WE,Federal Contract Tower,3,0,0,0,3,0,0,20,0,20,3,0,20,0,23,32,0,32,55
11/19/2012,ALW,WA,ANM,WE,Federal Contract Tower,1,2,1,0,4,0,0,0,0,0,1,2,1,0,4,0,0,0,4
11/20/2012,ALW,WA,ANM,WE,Federal Contract Tower,4,2,7,0,13,0,0,3,0,3,4,2,10,0,16,0,0,0,16
11/21/2012,ALW,WA,ANM,WE,Federal Contract Tower,3,2,2,1,8,0,0,6,0,6,3,2,8,1,14,8,0,8,22
11/22/2012,ALW,WA,ANM,WE,Federal Contract Tower,1,0,2,0,3,0,0,36,0,36,1,0,38,0,39,12,0,12,51
11/23/2012,ALW,WA,ANM,WE,Federal Contract Tower,3,1,6,0,10,0,1,34,0,35,3,2,40,0,45,8,0,8,53
11/24/2012,ALW,WA,ANM,WE,Federal Contract Tower,1,0,7,0,8,0,0,11,0,11,1,0,18,0,19,8,0,8,27
11/25/2012,ALW,WA,ANM,WE,Federal Contract Tower,3,0,10,0,13,0,0,30,0,30,3,0,40,0,43,30,0,30,73
11/26/2012,ALW,WA,ANM,WE,Federal Contract Tower,4,0,0,0,4,0,0,0,0,0,4,0,0,0,4,0,0,0,4
11/27/2012,ALW,WA,ANM,WE,Federal Contract Tower,3,2,2,0,7,0,0,0,0,0,3,2,2,0,7,0,0,0,7
11/28/2012,ALW,WA,ANM,WE,Federal Contract Tower,4,2,1,0,7,0,0,0,0,0,4,2,1,0,7,0,0,0,7
11/29/2012,ALW,WA,ANM,WE,Federal Contract Tower,3,2,3,0,8,0,0,0,0,0,3,2,3,0,8,0,0,0,8
11/30/2012,ALW,WA,ANM,WE,Federal Contract Tower,3,3,1,1,8,0,0,42,0,42,3,3,43,1,50,72,0,72,122
12/01/2012,ALW,WA,ANM,WE,Federal Contract Tower,1,0,0,0,1,0,0,19,0,19,1,0,19,0,20,0,0,0,20
12/02/2012,ALW,WA,ANM,WE,Federal Contract Tower,3,0,6,0,9,0,0,24,0,24,3,0,30,0,33,48,0,48,81
12/03/2012,ALW,WA,ANM,WE,Federal Contract Tower,3,2,5,0,10,0,0,31,0,31,3,2,36,0,41,62,0,62,103
12/04/2012,ALW,WA,ANM,WE,Federal Contract Tower,3,1,0,0,4,1,13,2,0,16,4,14,2,0,20,32,2,34,54
12/05/2012,ALW,WA,ANM,WE,Federal Contract Tower,3,1,5,1,10,0,1,35,0,36,3,2,40,1,46,64,0,64,110
12/06/2012,ALW,WA,ANM,WE,Federal Contract Tower,3,2,8,0,13,0,2,51,0,53,3,4,59,0,66,74,0,74,140
12/07/2012,ALW,WA,ANM,WE,Federal Contract Tower,3,2,2,0,7,0,1,14,0,15,3,3,16,0,22,16,0,16,38
12/08/2012,ALW,WA,ANM,WE,Federal Contract Tower,1,0,1,0,2,0,1,15,0,16,1,1,16,0,18,0,0,0,18
12/09/2012,ALW,WA,ANM,WE,Federal Contract Tower,3,0,9,0,12,0,0,34,0,34,3,0,43,0,46,68,0,68,114
12/10/2012,ALW,WA,ANM,WE,Federal Contract Tower,3,3,11,0,17,0,0,23,0,23,3,3,34,0,40,42,0,42,82
12/11/2012,ALW,WA,ANM,WE,Federal Contract Tower,3,2,3,0,8,0,2,23,0,25,3,4,26,0,33,32,0,32,65
12/12/2012,ALW,WA,ANM,WE,Federal Contract Tower,3,2,2,0,7,0,0,14,0,14,3,2,16,0,21,26,0,26,47
12/13/2012,ALW,WA,ANM,WE,Federal Contract Tower,3,2,7,0,12,0,0,0,0,0,3,2,7,0,12,0,0,0,12
12/14/2012,ALW,WA,ANM,WE,Federal Contract Tower,4,2,1,0,7,0,0,0,0,0,4,2,1,0,7,0,0,0,7
12/15/2012,ALW,WA,ANM,WE,Federal Contract Tower,1,0,0,0,1,0,0,2,0,2,1,0,2,0,3,6,0,6,9
12/16/2012,ALW,WA,ANM,WE,Federal Contract Tower,3,0,2,0,5,0,0,0,0,0,3,0,2,0,5,16,0,16,21
12/17/2012,ALW,WA,ANM,WE,Federal Contract Tower,3,4,1,0,8,0,0,1,0,1,3,4,2,0,9,0,0,0,9
12/18/2012,ALW,WA,ANM,WE,Federal Contract Tower,3,1,2,0,6,0,1,24,0,25,3,2,26,0,31,4,0,4,35
12/19/2012,ALW,WA,ANM,WE,Federal Contract Tower,3,4,2,0,9,0,1,0,0,1,3,5,2,0,10,0,0,0,10
12/20/2012,ALW,WA,ANM,WE,Federal Contract Tower,0,1,0,0,1,0,1,0,0,1,0,2,0,0,2,0,0,0,2
12/21/2012,ALW,WA,ANM,WE,Federal Contract Tower,3,5,6,0,14,0,2,14,0,16,3,7,20,0,30,44,0,44,74
12/22/2012,ALW,WA,ANM,WE,Federal Contract Tower,1,0,1,0,2,0,0,0,0,0,1,0,1,0,2,0,0,0,2
12/23/2012,ALW,WA,ANM,WE,Federal Contract Tower,3,0,1,0,4,0,0,6,0,6,3,0,7,0,10,2,0,2,12
12/24/2012,ALW,WA,ANM,WE,Federal Contract Tower,3,2,4,0,9,0,0,13,0,13,3,2,17,0,22,10,0,10,32
12/25/2012,ALW,WA,ANM,WE,Federal Contract Tower,1,0,2,0,3,0,0,2,0,2,1,0,4,0,5,0,0,0,5
12/26/2012,ALW,WA,ANM,WE,Federal Contract Tower,3,4,0,0,7,0,0,0,0,0,3,4,0,0,7,0,0,0,7
12/27/2012,ALW,WA,ANM,WE,Federal Contract Tower,3,3,1,0,7,0,0,0,0,0,3,3,1,0,7,4,0,4,11
12/28/2012,ALW,WA,ANM,WE,Federal Contract Tower,3,3,0,0,6,0,0,0,0,0,3,3,0,0,6,0,0,0,6
12/29/2012,ALW,WA,ANM,WE,Federal Contract Tower,1,0,1,0,2,0,0,2,0,2,1,0,3,0,4,0,0,0,4
12/30/2012,ALW,WA,ANM,WE,Federal Contract Tower,3,4,1,0,8,0,0,4,0,4,3,4,5,0,12,0,0,0,12
12/31/2012,ALW,WA,ANM,WE,Federal Contract Tower,3,2,0,0,5,0,0,0,0,0,3,2,0,0,5,0,0,0,5
01/01/2013,ALW,WA,ANM,WE,Federal Contract Tower,3,2,2,0,7,0,0,0,0,0,3,2,2,0,7,0,0,0,7
01/02/2013,ALW,WA,ANM,WE,Federal Contract Tower,3,2,2,0,7,0,0,11,0,11,3,2,13,0,18,18,0,18,36
01/03/2013,ALW,WA,ANM,WE,Federal Contract Tower,3,2,3,0,8,0,2,1,0,3,3,4,4,0,11,0,0,0,11
01/04/2013,ALW,WA,ANM,WE,Federal Contract Tower,3,4,3,0,10,0,0,9,0,9,3,4,12,0,19,4,0,4,23
01/05/2013,ALW,WA,ANM,WE,Federal Contract Tower,1,0,4,0,5,0,0,0,0,0,1,0,4,0,5,0,0,0,5
01/06/2013,ALW,WA,ANM,WE,Federal Contract Tower,3,0,0,0,3,0,0,4,0,4,3,0,4,0,7,18,0,18,25
01/07/2013,ALW,WA,ANM,WE,Federal Contract Tower,3,3,5,0,11,0,0,10,0,10,3,3,15,0,21,20,0,20,41
01/08/2013,ALW,WA,ANM,WE,Federal Contract Tower,3,3,7,0,13,0,0,11,0,11,3,3,18,0,24,40,2,42,66
01/09/2013,ALW,WA,ANM,WE,Federal Contract Tower,2,5,2,1,10,0,0,14,0,14,2,5,16,1,24,62,2,64,88
01/10/2013,ALW,WA,ANM,WE,Federal Contract Tower,3,2,5,0,10,0,0,8,0,8,3,2,13,0,18,46,0,46,64
01/11/2013,ALW,WA,ANM,WE,Federal Contract Tower,3,4,6,0,13,0,0,36,0,36,3,4,42,0,49,64,0,64,113
01/12/2013,ALW,WA,ANM,WE,Federal Contract Tower,1,0,4,0,5,0,0,8,0,8,1,0,12,0,13,12,0,12,25
01/13/2013,ALW,WA,ANM,WE,Federal Contract Tower,3,0,4,0,7,0,0,31,0,31,3,0,35,0,38,92,0,92,130
01/14/2013,ALW,WA,ANM,WE,Federal Contract Tower,3,2,1,0,6,0,0,26,4,30,3,2,27,4,36,60,0,60,96
01/15/2013,ALW,WA,ANM,WE,Federal Contract Tower,3,2,10,1,16,0,0,44,0,44,3,2,54,1,60,48,0,48,108
01/16/2013,ALW,WA,ANM,WE,Federal Contract Tower,3,2,1,0,6,0,0,0,0,0,3,2,1,0,6,0,0,0,6
01/17/2013,ALW,WA,ANM,WE,Federal Contract Tower,3,5,2,0,10,0,0,0,0,0,3,5,2,0,10,0,0,0,10
01/18/2013,ALW,WA,ANM,WE,Federal Contract Tower,3,2,2,0,7,0,0,0,0,0,3,2,2,0,7,0,0,0,7
01/19/2013,ALW,WA,ANM,WE,Federal Contract Tower,1,0,0,0,1,0,0,0,0,0,1,0,0,0,1,0,0,0,1
01/20/2013,ALW,WA,ANM,WE,Federal Contract Tower,3,2,2,0,7,0,0,0,0,0,3,2,2,0,7,0,0,0,7
01/21/2013,ALW,WA,ANM,WE,Federal Contract Tower,1,2,5,0,8,0,0,0,0,0,1,2,5,0,8,0,0,0,8
01/22/2013,ALW,WA,ANM,WE,Federal Contract Tower,3,2,2,0,7,0,0,0,0,0,3,2,2,0,7,0,0,0,7
01/23/2013,ALW,WA,ANM,WE,Federal Contract Tower,1,2,2,0,5,0,0,0,0,0,1,2,2,0,5,0,0,0,5
01/24/2013,ALW,WA,ANM,WE,Federal Contract Tower,2,2,18,0,22,0,0,10,0,10,2,2,28,0,32,10,0,10,42
01/25/2013,ALW,WA,ANM,WE,Federal Contract Tower,2,4,1,0,7,0,0,0,0,0,2,4,1,0,7,0,0,0,7
01/26/2013,ALW,WA,ANM,WE,Federal Contract Tower,0,1,2,0,3,0,0,0,0,0,0,1,2,0,3,0,0,0,3
01/27/2013,ALW,WA,ANM,WE,Federal Contract Tower,2,0,4,0,6,0,0,48,0,48,2,0,52,0,54,138,0,138,192
01/28/2013,ALW,WA,ANM,WE,Federal Contract Tower,2,5,4,0,11,0,1,26,0,27,2,6,30,0,38,72,0,72,110
01/29/2013,ALW,WA,ANM,WE,Federal Contract Tower,3,2,9,2,16,0,0,30,2,32,3,2,39,4,48,60,0,60,108
01/30/2013,ALW,WA,ANM,WE,Federal Contract Tower,3,2,8,0,13,0,0,30,0,30,3,2,38,0,43,86,0,86,129
01/31/2013,ALW,WA,ANM,WE,Federal Contract Tower,3,2,15,1,21,0,0,33,0,33,3,2,48,1,54,90,0,90,144
02/01/2013,ALW,WA,ANM,WE,Federal Contract Tower,3,2,8,0,13,0,0,66,0,66,3,2,74,0,79,94,0,94,173
02/02/2013,ALW,WA,ANM,WE,Federal Contract Tower,1,0,5,0,6,0,0,0,0,0,1,0,5,0,6,0,0,0,6
02/03/2013,ALW,WA,ANM,WE,Federal Contract Tower,2,0,6,0,8,0,0,42,0,42,2,0,48,0,50,138,0,138,188
02/04/2013,ALW,WA,ANM,WE,Federal Contract Tower,3,4,4,0,11,0,0,29,0,29,3,4,33,0,40,76,0,76,116
02/05/2013,ALW,WA,ANM,WE,Federal Contract Tower,3,2,7,0,12,0,0,22,0,22,3,2,29,0,34,58,0,58,92
02/06/2013,ALW,WA,ANM,WE,Federal Contract Tower,3,3,7,0,13,0,0,33,0,33,3,3,40,0,46,76,0,76,122
02/07/2013,ALW,WA,ANM,WE,Federal Contract Tower,3,3,3,0,9,0,0,19,0,19,3,3,22,0,28,44,0,44,72
02/08/2013,ALW,WA,ANM,WE,Federal Contract Tower,3,3,8,1,15,0,1,37,0,38,3,4,45,1,53,102,0,102,155
02/09/2013,ALW,WA,ANM,WE,Federal Contract Tower,1,0,1,1,3,0,0,26,0,26,1,0,27,1,29,8,0,8,37
02/10/2013,ALW,WA,ANM,WE,Federal Contract Tower,3,0,7,0,10,0,0,47,0,47,3,0,54,0,57,50,0,50,107
02/11/2013,ALW,WA,ANM,WE,Federal Contract Tower,3,2,11,0,16,0,0,30,0,30,3,2,41,0,46,52,0,52,98
02/12/2013,ALW,WA,ANM,WE,Federal Contract Tower,3,2,9,0,14,0,0,28,0,28,3,2,37,0,42,62,0,62,104
02/13/2013,ALW,WA,ANM,WE,Federal Contract Tower,3,3,6,0,12,0,0,26,0,26,3,3,32,0,38,84,0,84,122
02/14/2013,ALW,WA,ANM,WE,Federal Contract Tower,3,6,4,1,14,0,0,29,0,29,3,6,33,1,43,56,0,56,99
02/15/2013,ALW,WA,ANM,WE,Federal Contract Tower,3,2,5,0,10,0,0,43,0,43,3,2,48,0,53,66,0,66,119
02/16/2013,ALW,WA,ANM,WE,Federal Contract Tower,1,0,0,0,1,0,0,20,0,20,1,0,20,0,21,0,0,0,21
02/17/2013,ALW,WA,ANM,WE,Federal Contract Tower,1,2,4,0,7,0,0,28,0,28,1,2,32,0,35,66,0,66,101
02/18/2013,ALW,WA,ANM,WE,Federal Contract Tower,3,4,2,0,9,0,0,35,0,35,3,4,37,0,44,16,0,16,60
02/19/2013,ALW,WA,ANM,WE,Federal Contract Tower,5,2,0,0,7,0,0,0,0,0,5,2,0,0,7,0,0,0,7
02/20/2013,ALW,WA,ANM,WE,Federal Contract Tower,3,4,2,0,9,0,0,19,0,19,3,4,21,0,28,46,0,46,74
02/21/2013,ALW,WA,ANM,WE,Federal Contract Tower,3,2,5,0,10,0,0,21,0,21,3,2,26,0,31,60,0,60,91
02/22/2013,ALW,WA,ANM,WE,Federal Contract Tower,3,4,0,0,7,0,0,0,0,0,3,4,0,0,7,0,0,0,7
02/23/2013,ALW,WA,ANM,WE,Federal Contract Tower,1,0,7,0,8,0,0,6,0,6,1,0,13,0,14,0,0,0,14
02/24/2013,ALW,WA,ANM,WE,Federal Contract Tower,3,2,2,0,7,0,0,22,0,22,3,2,24,0,29,18,0,18,47
02/25/2013,ALW,WA,ANM,WE,Federal Contract Tower,3,2,0,0,5,0,0,4,0,4,3,2,4,0,9,24,0,24,33
02/26/2013,ALW,WA,ANM,WE,Federal Contract Tower,3,2,7,0,12,0,0,47,0,47,3,2,54,0,59,64,0,64,123
02/27/2013,ALW,WA,ANM,WE,Federal Contract Tower,3,3,7,0,13,0,0,72,0,72,3,3,79,0,85,86,0,86,171
02/28/2013,ALW,WA,ANM,WE,Federal Contract Tower,3,2,12,2,19,0,0,21,0,21,3,2,33,2,40,136,0,136,176
03/01/2013,ALW,WA,ANM,WE,Federal Contract Tower,3,2,1,0,6,0,0,24,0,24,3,2,25,0,30,130,0,130,160
03/02/2013,ALW,WA,ANM,WE,Federal Contract Tower,1,0,2,0,3,0,0,62,0,62,1,0,64,0,65,2,0,2,67
03/03/2013,ALW,WA,ANM,WE,Federal Contract Tower,3,0,7,0,10,0,0,38,0,38,3,0,45,0,48,64,0,64,112
03/04/2013,ALW,WA,ANM,WE,Federal Contract Tower,3,4,3,0,10,0,0,86,0,86,3,4,89,0,96,128,0,128,224
03/05/2013,ALW,WA,ANM,WE,Federal Contract Tower,3,4,9,0,16,0,0,34,0,34,3,4,43,0,50,48,0,48,98
03/06/2013,ALW,WA,ANM,WE,Federal Contract Tower,3,2,4,0,9,0,0,4,0,4,3,2,8,0,13,32,0,32,45
03/07/2013,ALW,WA,ANM,WE,Federal Contract Tower,3,2,3,1,9,0,0,62,0,62,3,2,65,1,71,170,0,170,241
03/08/2013,ALW,WA,ANM,WE,Federal Contract Tower,3,2,6,0,11,0,0,81,0,81,3,2,87,0,92,68,0,68,160
03/09/2013,ALW,WA,ANM,WE,Federal Contract Tower,1,0,0,0,1,0,0,39,0,39,1,0,39,0,40,52,0,52,92
03/10/2013,ALW,WA,ANM,WE,Federal Contract Tower,2,1,3,0,6,0,0,43,0,43,2,1,46,0,49,104,0,104,153
03/11/2013,ALW,WA,ANM,WE,Federal Contract Tower,2,3,6,0,11,0,0,35,0,35,2,3,41,0,46,96,0,96,142
03/12/2013,ALW,WA,ANM,WE,Federal Contract Tower,2,4,2,0,8,0,0,18,0,18,2,4,20,0,26,74,0,74,100
03/13/2013,ALW,WA,ANM,WE,Federal Contract Tower,2,4,1,0,7,0,0,30,0,30,2,4,31,0,37,134,0,134,171
03/14/2013,ALW,WA,ANM,WE,Federal Contract Tower,2,2,0,0,4,0,1,46,0,47,2,3,46,0,51,76,0,76,127
03/15/2013,ALW,WA,ANM,WE,Federal Contract Tower,3,2,10,0,15,0,0,20,0,20,3,2,30,0,35,42,0,42,77
03/16/2013,ALW,WA,ANM,WE,Federal Contract Tower,0,1,0,0,1,0,1,8,0,9,0,2,8,0,10,2,0,2,12
03/17/2013,ALW,WA,ANM,WE,Federal Contract Tower,2,0,1,0,3,0,0,4,0,4,2,0,5,0,7,0,0,0,7
03/18/2013,ALW,WA,ANM,WE,Federal Contract Tower,2,2,1,0,5,0,0,7,0,7,2,2,8,0,12,8,0,8,20
03/19/2013,ALW,WA,ANM,WE,Federal Contract Tower,3,3,0,0,6,0,0,32,0,32,3,3,32,0,38,86,0,86,124
03/20/2013,ALW,WA,ANM,WE,Federal Contract Tower,2,2,3,0,7,0,0,7,0,7,2,2,10,0,14,6,0,6,20
03/21/2013,ALW,WA,ANM,WE,Federal Contract Tower,3,2,1,0,6,0,0,3,0,3,3,2,4,0,9,0,0,0,9
03/22/2013,ALW,WA,ANM,WE,Federal Contract Tower,3,2,0,0,5,0,0,17,0,17,3,2,17,0,22,58,0,58,80
03/23/2013,ALW,WA,ANM,WE,Federal Contract Tower,0,0,8,0,8,0,0,12,0,12,0,0,20,0,20,4,0,4,24
03/24/2013,ALW,WA,ANM,WE,Federal Contract Tower,2,0,3,0,5,0,0,23,0,23,2,0,26,0,28,82,0,82,110
03/25/2013,ALW,WA,ANM,WE,Federal Contract Tower,2,4,8,0,14,0,0,35,0,35,2,4,43,0,49,50,0,50,99
03/26/2013,ALW,WA,ANM,WE,Federal Contract Tower,2,2,3,0,7,0,0,22,0,22,2,2,25,0,29,70,0,70,99
03/27/2013,ALW,WA,ANM,WE,Federal Contract Tower,2,3,5,0,10,0,1,26,0,27,2,4,31,0,37,62,0,62,99
03/28/2013,ALW,WA,ANM,WE,Federal Contract Tower,3,2,2,0,7,0,0,18,0,18,3,2,20,0,25,8,0,8,33
03/29/2013,ALW,WA,ANM,WE,Federal Contract Tower,2,2,3,0,7,0,0,15,0,15,2,2,18,0,22,12,0,12,34
03/30/2013,ALW,WA,ANM,WE,Federal Contract Tower,0,0,2,0,2,0,0,24,0,24,0,0,26,0,26,0,0,0,26
03/31/2013,ALW,WA,ANM,WE,Federal Contract Tower,2,0,5,0,7,0,0,30,0,30,2,0,35,0,37,44,0,44,81
04/01/2013,ALW,WA,ANM,WE,Federal Contract Tower,1,2,1,0,4,0,0,26,0,26,1,2,27,0,30,50,0,50,80
04/02/2013,ALW,WA,ANM,WE,Federal Contract Tower,4,2,5,0,11,0,2,38,0,40,4,4,43,0,51,90,0,90,141
04/03/2013,ALW,WA,ANM,WE,Federal Contract Tower,2,2,9,0,13,0,1,42,0,43,2,3,51,0,56,70,0,70,126
04/04/2013,ALW,WA,ANM,WE,Federal Contract Tower,2,3,6,0,11,0,6,32,0,38,2,9,38,0,49,104,0,104,153
04/05/2013,ALW,WA,ANM,WE,Federal Contract Tower,2,2,6,0,10,0,0,33,0,33,2,2,39,0,43,96,0,96,139
04/06/2013,ALW,WA,ANM,WE,Federal Contract Tower,0,1,0,0,1,0,0,10,2,12,0,1,10,2,13,4,0,4,17
04/07/2013,ALW,WA,ANM,WE,Federal Contract Tower,2,1,0,0,3,0,0,0,0,0,2,1,0,0,3,0,0,0,3
04/08/2013,ALW,WA,ANM,WE,Federal Contract Tower,3,2,0,0,5,0,0,48,0,48,3,2,48,0,53,44,0,44,97
04/09/2013,ALW,WA,ANM,WE,Federal Contract Tower,2,2,11,0,15,0,0,53,0,53,2,2,64,0,68,84,0,84,152
04/10/2013,ALW,WA,ANM,WE,Federal Contract Tower,2,5,6,0,13,0,0,22,0,22,2,5,28,0,35,46,0,46,81
04/11/2013,ALW,WA,ANM,WE,Federal Contract Tower,3,3,8,0,14,0,0,38,0,38,3,3,46,0,52,102,0,102,154
04/12/2013,ALW,WA,ANM,WE,Federal Contract Tower,3,2,2,0,7,0,0,66,0,66,3,2,68,0,73,128,0,128,201
04/13/2013,ALW,WA,ANM,WE,Federal Contract Tower,0,2,1,0,3,0,0,2,0,2,0,2,3,0,5,0,0,0,5
04/14/2013,ALW,WA,ANM,WE,Federal Contract Tower,2,0,1,0,3,0,0,44,0,44,2,0,45,0,47,44,0,44,91
04/15/2013,ALW,WA,ANM,WE,Federal Contract Tower,2,4,1,0,7,0,0,28,0,28,2,4,29,0,35,74,0,74,109
04/16/2013,ALW,WA,ANM,WE,Federal Contract Tower,2,1,7,1,11,0,1,40,0,41,2,2,47,1,52,106,0,106,158
04/17/2013,ALW,WA,ANM,WE,Federal Contract Tower,2,2,7,0,11,0,0,46,0,46,2,2,53,0,57,68,0,68,125
04/18/2013,ALW,WA,ANM,WE,Federal Contract Tower,2,3,3,0,8,0,0,34,0,34,2,3,37,0,42,90,0,90,132
04/19/2013,ALW,WA,ANM,WE,Federal Contract Tower,2,2,3,0,7,0,0,12,0,12,2,2,15,0,19,44,0,44,63
04/20/2013,ALW,WA,ANM,WE,Federal Contract Tower,0,0,3,0,3,0,0,15,0,15,0,0,18,0,18,14,0,14,32
04/21/2013,ALW,WA,ANM,WE,Federal Contract Tower,3,1,5,0,9,0,0,32,0,32,3,1,37,0,41,38,0,38,79
04/22/2013,ALW,WA,ANM,WE,Federal Contract Tower,3,3,9,0,15,0,0,53,0,53,3,3,62,0,68,104,0,104,172
04/23/2013,ALW,WA,ANM,WE,Federal Contract Tower,3,2,20,0,25,0,2,53,0,55,3,4,73,0,80,152,0,152,232
04/24/2013,ALW,WA,ANM,WE,Federal Contract Tower,2,3,5,0,10,0,1,55,0,56,2,4,60,0,66,112,0,112,178
04/25/2013,ALW,WA,ANM,WE,Federal Contract Tower,2,2,5,2,11,0,0,52,0,52,2,2,57,2,63,122,0,122,185
04/26/2013,ALW,WA,ANM,WE,Federal Contract Tower,2,4,0,0,6,0,0,62,0,62,2,4,62,0,68,136,0,136,204
04/27/2013,ALW,WA,ANM,WE,Federal Contract Tower,0,0,0,0,0,0,0,22,0,22,0,0,22,0,22,0,0,0,22
04/28/2013,ALW,WA,ANM,WE,Federal Contract Tower,2,2,1,0,5,0,0,29,0,29,2,2,30,0,34,80,0,80,114
04/29/2013,ALW,WA,ANM,WE,Federal Contract Tower,2,2,3,0,7,0,0,3,0,3,2,2,6,0,10,0,0,0,10
04/30/2013,ALW,WA,ANM,WE,Federal Contract Tower,2,2,3,0,7,0,1,26,0,27,2,3,29,0,34,70,0,70,104
05/01/2013,ALW,WA,ANM,WE,Federal Contract Tower,2,2,1,0,5,0,0,44,0,44,2,2,45,0,49,46,0,46,95
05/02/2013,ALW,WA,ANM,WE,Federal Contract Tower,3,2,9,0,14,0,0,47,0,47,3,2,56,0,61,104,0,104,165
05/03/2013,ALW,WA,ANM,WE,Federal Contract Tower,2,4,5,0,11,0,0,57,0,57,2,4,62,0,68,156,0,156,224
05/04/2013,ALW,WA,ANM,WE,Federal Contract Tower,0,0,3,0,3,0,2,22,0,24,0,2,25,0,27,0,0,0,27
05/05/2013,ALW,WA,ANM,WE,Federal Contract Tower,2,0,4,0,6,0,0,50,0,50,2,0,54,0,56,42,0,42,98
05/06/2013,ALW,WA,ANM,WE,Federal Contract Tower,2,4,7,0,13,0,2,39,0,41,2,6,46,0,54,38,0,38,92
05/07/2013,ALW,WA,ANM,WE,Federal Contract Tower,2,2,3,0,7,0,0,34,0,34,2,2,37,0,41,38,0,38,79
05/08/2013,ALW,WA,ANM,WE,Federal Contract Tower,2,2,4,0,8,0,0,39,0,39,2,2,43,0,47,44,0,44,91
05/09/2013,ALW,WA,ANM,WE,Federal Contract Tower,3,2,8,0,13,0,1,49,0,50,3,3,57,0,63,60,0,60,123
05/10/2013,ALW,WA,ANM,WE,Federal Contract Tower,2,6,4,0,12,0,2,66,0,68,2,8,70,0,80,86,0,86,166
05/11/2013,ALW,WA,ANM,WE,Federal Contract Tower,0,0,1,0,1,0,0,30,0,30,0,0,31,0,31,18,0,18,49
05/12/2013,ALW,WA,ANM,WE,Federal Contract Tower,2,0,4,1,7,0,0,21,0,21,2,0,25,1,28,14,0,14,42
05/13/2013,ALW,WA,ANM,WE,Federal Contract Tower,2,4,2,0,8,0,0,16,0,16,2,4,18,0,24,20,0,20,44
05/14/2013,ALW,WA,ANM,WE,Federal Contract Tower,3,2,16,0,21,0,0,45,0,45,3,2,61,0,66,56,0,56,122
05/15/2013,ALW,WA,ANM,WE,Federal Contract Tower,3,2,10,0,15,0,0,33,0,33,3,2,43,0,48,28,0,28,76
05/16/2013,ALW,WA,ANM,WE,Federal Contract Tower,3,1,9,0,13,0,1,28,0,29,3,2,37,0,42,46,0,46,88
05/17/2013,ALW,WA,ANM,WE,Federal Contract Tower,2,2,4,0,8,0,1,32,0,33,2,3,36,0,41,106,0,106,147
05/18/2013,ALW,WA,ANM,WE,Federal Contract Tower,1,0,5,0,6,0,1,14,0,15,1,1,19,0,21,2,0,2,23
05/19/2013,ALW,WA,ANM,WE,Federal Contract Tower,2,0,4,0,6,0,0,52,0,52,2,0,56,0,58,86,0,86,144
05/20/2013,ALW,WA,ANM,WE,Federal Contract Tower,2,2,3,0,7,0,1,52,0,53,2,3,55,0,60,98,0,98,158
05/21/2013,ALW,WA,ANM,WE,Federal Contract Tower,2,2,5,0,9,0,0,16,0,16,2,2,21,0,25,26,0,26,51
05/22/2013,ALW,WA,ANM,WE,Federal Contract Tower,3,2,4,0,9,0,0,18,0,18,3,2,22,0,27,34,0,34,61
05/23/2013,ALW,WA,ANM,WE,Federal Contract Tower,2,4,2,0,8,0,0,65,0,65,2,4,67,0,73,80,0,80,153
05/24/2013,ALW,WA,ANM,WE,Federal Contract Tower,2,2,4,0,8,0,0,26,0,26,2,2,30,0,34,78,0,78,112
05/25/2013,ALW,WA,ANM,WE,Federal Contract Tower,0,0,3,0,3,0,0,39,0,39,0,0,42,0,42,0,0,0,42
05/26/2013,ALW,WA,ANM,WE,Federal Contract Tower,1,3,1,0,5,0,2,6,0,8,1,5,7,0,13,0,0,0,13
05/27/2013,ALW,WA,ANM,WE,Federal Contract Tower,2,0,3,0,5,0,0,25,0,25,2,0,28,0,30,0,0,0,30
05/28/2013,ALW,WA,ANM,WE,Federal Contract Tower,2,2,8,1,13,0,0,12,0,12,2,2,20,1,25,40,0,40,65
05/29/2013,ALW,WA,ANM,WE,Federal Contract Tower,2,5,6,0,13,0,1,9,0,10,2,6,15,0,23,24,0,24,47
05/30/2013,ALW,WA,ANM,WE,Federal Contract Tower,2,4,14,0,20,0,0,30,0,30,2,4,44,0,50,86,0,86,136
05/31/2013,ALW,WA,ANM,WE,Federal Contract Tower,2,2,6,0,10,0,0,59,0,59,2,2,65,0,69,96,0,96,165
06/01/2013,ALW,WA,ANM,WE,Federal Contract Tower,1,0,5,0,6,0,0,73,0,73,1,0,78,0,79,8,0,8,87
06/02/2013,ALW,WA,ANM,WE,Federal Contract Tower,2,0,5,0,7,0,0,39,0,39,2,0,44,0,46,44,0,44,90
06/03/2013,ALW,WA,ANM,WE,Federal Contract Tower,2,2,1,0,5,0,0,34,0,34,2,2,35,0,39,54,0,54,93
06/04/2013,ALW,WA,ANM,WE,Federal Contract Tower,0,2,5,1,8,0,0,61,0,61,0,2,66,1,69,102,0,102,171
06/05/2013,ALW,WA,ANM,WE,Federal Contract Tower,2,3,10,0,15,0,0,54,0,54,2,3,64,0,69,54,0,54,123
06/06/2013,ALW,WA,ANM,WE,Federal Contract Tower,2,3,6,0,11,0,0,47,0,47,2,3,53,0,58,68,0,68,126
06/07/2013,ALW,WA,ANM,WE,Federal Contract Tower,2,2,5,0,9,0,0,27,0,27,2,2,32,0,36,12,0,12,48
06/08/2013,ALW,WA,ANM,WE,Federal Contract Tower,0,0,2,0,2,0,0,52,0,52,0,0,54,0,54,2,0,2,56
06/09/2013,ALW,WA,ANM,WE,Federal Contract Tower,2,2,3,0,7,0,2,29,0,31,2,4,32,0,38,10,0,10,48
06/10/2013,ALW,WA,ANM,WE,Federal Contract Tower,2,2,2,0,6,0,0,23,2,25,2,2,25,2,31,10,0,10,41
06/11/2013,ALW,WA,ANM,WE,Federal Contract Tower,2,3,4,0,9,0,0,23,0,23,2,3,27,0,32,46,0,46,78
06/12/2013,ALW,WA,ANM,WE,Federal Contract Tower,2,2,2,0,6,0,0,25,0,25,2,2,27,0,31,34,0,34,65
06/13/2013,ALW,WA,ANM,WE,Federal Contract Tower,1,1,5,0,7,0,1,16,0,17,1,2,21,0,24,40,0,40,64
06/14/2013,ALW,WA,ANM,WE,Federal Contract Tower,2,2,10,0,14,0,0,29,0,29,2,2,39,0,43,60,0,60,103
06/15/2013,ALW,WA,ANM,WE,Federal Contract Tower,0,1,2,0,3,0,1,45,0,46,0,2,47,0,49,8,0,8,57
06/16/2013,ALW,WA,ANM,WE,Federal Contract Tower,2,0,4,0,6,0,0,30,0,30,2,0,34,0,36,28,0,28,64
06/17/2013,ALW,WA,ANM,WE,Federal Contract Tower,2,2,0,0,4,0,0,35,0,35,2,2,35,0,39,18,0,18,57
06/18/2013,ALW,WA,ANM,WE,Federal Contract Tower,3,4,2,0,9,0,0,5,0,5,3,4,7,0,14,0,0,0,14
06/19/2013,ALW,WA,ANM,WE,Federal Contract Tower,2,4,4,0,10,0,0,0,0,0,2,4,4,0,10,0,0,0,10
06/20/2013,ALW,WA,ANM,WE,Federal Contract Tower,3,12,3,0,18,0,0,10,0,10,3,12,13,0,28,14,0,14,42
06/21/2013,ALW,WA,ANM,WE,Federal Contract Tower,3,3,5,0,11,0,0,7,0,7,3,3,12,0,18,52,0,52,70
06/22/2013,ALW,WA,ANM,WE,Federal Contract Tower,0,3,5,0,8,0,0,29,0,29,0,3,34,0,37,4,0,4,41
06/23/2013,ALW,WA,ANM,WE,Federal Contract Tower,3,2,4,0,9,0,0,24,0,24,3,2,28,0,33,36,0,36,69
06/24/2013,ALW,WA,ANM,WE,Federal Contract Tower,2,4,4,0,10,0,0,6,0,6,2,4,10,0,16,0,0,0,16
06/25/2013,ALW,WA,ANM,WE,Federal Contract Tower,2,2,2,0,6,0,0,5,0,5,2,2,7,0,11,22,0,22,33
06/26/2013,ALW,WA,ANM,WE,Federal Contract Tower,3,2,8,0,13,0,0,15,0,15,3,2,23,0,28,28,0,28,56
06/27/2013,ALW,WA,ANM,WE,Federal Contract Tower,2,4,2,0,8,0,0,37,0,37,2,4,39,0,45,38,0,38,83
06/28/2013,ALW,WA,ANM,WE,Federal Contract Tower,2,2,4,0,8,0,0,31,0,31,2,2,35,0,39,18,0,18,57
06/29/2013,ALW,WA,ANM,WE,Federal Contract Tower,0,0,3,0,3,0,4,3,0,7,0,4,6,0,10,0,0,0,10
06/30/2013,ALW,WA,ANM,WE,Federal Contract Tower,2,0,6,0,8,0,2,27,0,29,2,2,33,0,37,8,0,8,45
07/01/2013,ALW,WA,ANM,WE,Federal Contract Tower,2,2,1,0,5,0,0,21,0,21,2,2,22,0,26,8,0,8,34
07/02/2013,ALW,WA,ANM,WE,Federal Contract Tower,0,3,3,0,6,0,0,24,0,24,0,3,27,0,30,10,0,10,40
07/03/2013,ALW,WA,ANM,WE,Federal Contract Tower,2,2,6,0,10,0,0,24,0,24,2,2,30,0,34,26,0,26,60
07/04/2013,ALW,WA,ANM,WE,Federal Contract Tower,2,0,2,0,4,0,0,14,0,14,2,0,16,0,18,22,0,22,40
07/05/2013,ALW,WA,ANM,WE,Federal Contract Tower,2,2,1,0,5,0,0,52,0,52,2,2,53,0,57,20,0,20,77
07/06/2013,ALW,WA,ANM,WE,Federal Contract Tower,0,3,3,0,6,0,27,24,0,51,0,30,27,0,57,8,0,8,65
07/07/2013,ALW,WA,ANM,WE,Federal Contract Tower,3,2,1,0,6,0,27,49,0,76,3,29,50,0,82,48,0,48,130
07/08/2013,ALW,WA,ANM,WE,Federal Contract Tower,3,2,2,0,7,0,1,20,0,21,3,3,22,0,28,28,0,28,56
07/09/2013,ALW,WA,ANM,WE,Federal Contract Tower,2,2,1,0,5,0,0,41,0,41,2,2,42,0,46,22,0,22,68
07/10/2013,ALW,WA,ANM,WE,Federal Contract Tower,2,4,8,0,14,0,0,22,0,22,2,4,30,0,36,42,0,42,78
07/11/2013,ALW,WA,ANM,WE,Federal Contract Tower,0,2,12,0,14,0,0,33,0,33,0,2,45,0,47,40,0,40,87
07/12/2013,ALW,WA,ANM,WE,Federal Contract Tower,2,2,14,0,18,0,0,40,0,40,2,2,54,0,58,30,0,30,88
07/13/2013,ALW,WA,ANM,WE,Federal Contract Tower,0,0,1,0,1,0,0,30,0,30,0,0,31,0,31,20,0,20,51
07/14/2013,ALW,WA,ANM,WE,Federal Contract Tower,3,0,2,0,5,0,2,36,0,38,3,2,38,0,43,18,0,18,61
07/15/2013,ALW,WA,ANM,WE,Federal Contract Tower,3,4,1,0,8,0,0,22,0,22,3,4,23,0,30,12,0,12,42
07/16/2013,ALW,WA,ANM,WE,Federal Contract Tower,3,2,4,0,9,0,0,23,0,23,3,2,27,0,32,54,0,54,86
07/17/2013,ALW,WA,ANM,WE,Federal Contract Tower,2,2,4,0,8,0,0,30,0,30,2,2,34,0,38,28,0,28,66
07/18/2013,ALW,WA,ANM,WE,Federal Contract Tower,2,2,6,0,10,0,0,42,0,42,2,2,48,0,52,30,0,30,82
07/19/2013,ALW,WA,ANM,WE,Federal Contract Tower,2,2,3,0,7,0,2,34,0,36,2,4,37,0,43,20,0,20,63
07/20/2013,ALW,WA,ANM,WE,Federal Contract Tower,0,0,1,0,1,0,0,18,0,18,0,0,19,0,19,8,0,8,27
07/21/2013,ALW,WA,ANM,WE,Federal Contract Tower,2,0,3,0,5,0,4,13,0,17,2,4,16,0,22,4,0,4,26
07/22/2013,ALW,WA,ANM,WE,Federal Contract Tower,2,2,1,0,5,0,0,22,0,22,2,2,23,0,27,6,0,6,33
07/23/2013,ALW,WA,ANM,WE,Federal Contract Tower,2,4,10,0,16,0,0,35,0,35,2,4,45,0,51,6,0,6,57
07/24/2013,ALW,WA,ANM,WE,Federal Contract Tower,2,4,0,0,6,0,2,43,0,45,2,6,43,0,51,34,0,34,85
07/25/2013,ALW,WA,ANM,WE,Federal Contract Tower,2,3,7,0,12,0,0,29,0,29,2,3,36,0,41,26,0,26,67
07/26/2013,ALW,WA,ANM,WE,Federal Contract Tower,2,2,11,0,15,0,1,36,0,37,2,3,47,0,52,68,0,68,120
07/27/2013,ALW,WA,ANM,WE,Federal Contract Tower,0,0,2,0,2,0,1,24,0,25,0,1,26,0,27,14,0,14,41
07/28/2013,ALW,WA,ANM,WE,Federal Contract Tower,2,0,3,0,5,0,0,20,0,20,2,0,23,0,25,0,0,0,25
07/29/2013,ALW,WA,ANM,WE,Federal Contract Tower,2,2,0,0,4,0,0,36,0,36,2,2,36,0,40,42,0,42,82
07/30/2013,ALW,WA,ANM,WE,Federal Contract Tower,3,2,0,0,5,0,0,31,0,31,3,2,31,0,36,26,0,26,62
07/31/2013,ALW,WA,ANM,WE,Federal Contract Tower,2,2,6,0,10,0,0,35,0,35,2,2,41,0,45,40,0,40,85
08/01/2013,ALW,WA,ANM,WE,Federal Contract Tower,3,2,3,0,8,0,2,13,0,15,3,4,16,0,23,0,0,0,23
08/02/2013,ALW,WA,ANM,WE,Federal Contract Tower,2,2,7,0,11,0,0,30,0,30,2,2,37,0,41,54,0,54,95
08/03/2013,ALW,WA,ANM,WE,Federal Contract Tower,1,2,0,0,3,0,0,33,0,33,1,2,33,0,36,0,0,0,36
08/04/2013,ALW,WA,ANM,WE,Federal Contract Tower,2,0,2,0,4,0,0,35,0,35,2,0,37,0,39,0,0,0,39
08/05/2013,ALW,WA,ANM,WE,Federal Contract Tower,2,2,2,0,6,0,4,55,0,59,2,6,57,0,65,40,0,40,105
08/06/2013,ALW,WA,ANM,WE,Federal Contract Tower,2,3,9,0,14,0,1,50,0,51,2,4,59,0,65,30,0,30,95
08/07/2013,ALW,WA,ANM,WE,Federal Contract Tower,2,4,0,0,6,0,0,43,0,43,2,4,43,0,49,48,0,48,97
08/08/2013,ALW,WA,ANM,WE,Federal Contract Tower,3,4,5,0,12,0,4,67,0,71,3,8,72,0,83,36,0,36,119
08/09/2013,ALW,WA,ANM,WE,Federal Contract Tower,2,2,2,0,6,0,0,33,0,33,2,2,35,0,39,48,0,48,87
08/10/2013,ALW,WA,ANM,WE,Federal Contract Tower,0,0,3,0,3,0,0,28,0,28,0,0,31,0,31,0,0,0,31
08/11/2013,ALW,WA,ANM,WE,Federal Contract Tower,3,0,2,0,5,0,0,23,0,23,3,0,25,0,28,0,0,0,28
08/12/2013,ALW,WA,ANM,WE,Federal Contract Tower,2,2,4,0,8,0,0,44,0,44,2,2,48,0,52,56,0,56,108
08/13/2013,ALW,WA,ANM,WE,Federal Contract Tower,2,3,6,0,11,0,0,43,0,43,2,3,49,0,54,14,0,14,68
08/14/2013,ALW,WA,ANM,WE,Federal Contract Tower,2,3,5,0,10,0,2,34,0,36,2,5,39,0,46,34,0,34,80
08/15/2013,ALW,WA,ANM,WE,Federal Contract Tower,2,2,4,0,8,0,0,37,0,37,2,2,41,0,45,46,0,46,91
08/16/2013,ALW,WA,ANM,WE,Federal Contract Tower,2,8,5,0,15,0,0,33,0,33,2,8,38,0,48,44,0,44,92
08/17/2013,ALW,WA,ANM,WE,Federal Contract Tower,0,0,0,0,0,0,1,18,0,19,0,1,18,0,19,0,0,0,19
08/18/2013,ALW,WA,ANM,WE,Federal Contract Tower,3,0,3,0,6,0,0,27,0,27,3,0,30,0,33,20,0,20,53
08/19/2013,ALW,WA,ANM,WE,Federal Contract Tower,2,2,2,0,6,0,0,21,0,21,2,2,23,0,27,24,0,24,51
08/20/2013,ALW,WA,ANM,WE,Federal Contract Tower,2,2,7,0,11,0,2,21,0,23,2,4,28,0,34,26,0,26,60
08/21/2013,ALW,WA,ANM,WE,Federal Contract Tower,3,4,3,0,10,0,0,27,0,27,3,4,30,0,37,30,0,30,67
08/22/2013,ALW,WA,ANM,WE,Federal Contract Tower,3,2,1,0,6,0,0,19,0,19,3,2,20,0,25,24,0,24,49
08/23/2013,ALW,WA,ANM,WE,Federal Contract Tower,3,4,8,0,15,0,2,16,0,18,3,6,24,0,33,8,0,8,41
08/24/2013,ALW,WA,ANM,WE,Federal Contract Tower,1,0,2,0,3,0,0,36,0,36,1,0,38,0,39,4,0,4,43
08/25/2013,ALW,WA,ANM,WE,Federal Contract Tower,2,0,3,0,5,0,2,29,0,31,2,2,32,0,36,34,0,34,70
08/26/2013,ALW,WA,ANM,WE,Federal Contract Tower,2,2,3,0,7,0,2,20,0,22,2,4,23,0,29,68,0,68,97
08/27/2013,ALW,WA,ANM,WE,Federal Contract Tower,2,4,5,0,11,0,0,30,0,30,2,4,35,0,41,32,0,32,73
08/28/2013,ALW,WA,ANM,WE,Federal Contract Tower,2,4,7,0,13,0,0,26,0,26,2,4,33,0,39,14,0,14,53
08/29/2013,ALW,WA,ANM,WE,Federal Contract Tower,2,2,8,0,12,0,0,30,0,30,2,2,38,0,42,30,0,30,72
08/30/2013,ALW,WA,ANM,WE,Federal Contract Tower,3,4,2,0,9,0,2,34,0,36,3,6,36,0,45,88,0,88,133
08/31/2013,ALW,WA,ANM,WE,Federal Contract Tower,0,0,2,0,2,0,0,28,0,28,0,0,30,0,30,0,0,0,30
09/01/2013,ALW,WA,ANM,WE,Federal Contract Tower,1,2,1,0,4,0,0,15,0,15,1,2,16,0,19,32,0,32,51
09/02/2013,ALW,WA,ANM,WE,Federal Contract Tower,2,0,6,0,8,0,2,28,0,30,2,2,34,0,38,54,0,54,92
09/03/2013,ALW,WA,ANM,WE,Federal Contract Tower,2,3,5,0,10,0,1,13,0,14,2,4,18,0,24,34,0,34,58
09/04/2013,ALW,WA,ANM,WE,Federal Contract Tower,2,4,2,0,8,0,2,21,0,23,2,6,23,0,31,34,0,34,65
09/05/2013,ALW,WA,ANM,WE,Federal Contract Tower,2,2,8,0,12,0,1,16,0,17,2,3,24,0,29,8,0,8,37
09/06/2013,ALW,WA,ANM,WE,Federal Contract Tower,2,5,1,0,8,0,1,11,0,12,2,6,12,0,20,2,0,2,22
09/07/2013,ALW,WA,ANM,WE,Federal Contract Tower,1,0,11,0,12,0,0,21,0,21,1,0,32,0,33,0,0,0,33
09/08/2013,ALW,WA,ANM,WE,Federal Contract Tower,2,0,1,0,3,0,0,30,0,30,2,0,31,0,33,8,0,8,41
09/09/2013,ALW,WA,ANM,WE,Federal Contract Tower,2,2,1,0,5,0,0,20,0,20,2,2,21,0,25,8,0,8,33
09/10/2013,ALW,WA,ANM,WE,Federal Contract Tower,2,5,3,0,10,0,1,29,4,34,2,6,32,4,44,8,0,8,52
09/11/2013,ALW,WA,ANM,WE,Federal Contract Tower,2,2,1,0,5,0,0,17,0,17,2,2,18,0,22,28,0,28,50
09/12/2013,ALW,WA,ANM,WE,Federal Contract Tower,2,6,2,0,10,0,17,20,0,37,2,23,22,0,47,16,0,16,63
09/13/2013,ALW,WA,ANM,WE,Federal Contract Tower,2,7,1,0,10,0,1,13,0,14,2,8,14,0,24,0,0,0,24
09/14/2013,ALW,WA,ANM,WE,Federal Contract Tower,1,0,2,0,3,0,0,34,0,34,1,0,36,0,37,12,0,12,49
09/15/2013,ALW,WA,ANM,WE,Federal Contract Tower,2,0,1,0,3,0,0,11,0,11,2,0,12,0,14,6,0,6,20
09/16/2013,ALW,WA,ANM,WE,Federal Contract Tower,2,2,5,7,16,0,0,6,2,8,2,2,11,9,24,0,0,0,24
09/17/2013,ALW,WA,ANM,WE,Federal Contract Tower,2,2,4,0,8,0,0,5,0,5,2,2,9,0,13,0,0,0,13
09/18/2013,ALW,WA,ANM,WE,Federal Contract Tower,2,5,2,0,9,0,3,10,0,13,2,8,12,0,22,14,0,14,36
09/19/2013,ALW,WA,ANM,WE,Federal Contract Tower,0,2,2,0,4,0,0,21,0,21,0,2,23,0,25,0,0,0,25
09/20/2013,ALW,WA,ANM,WE,Federal Contract Tower,3,5,4,0,12,0,1,19,0,20,3,6,23,0,32,6,0,6,38
09/21/2013,ALW,WA,ANM,WE,Federal Contract Tower,0,0,1,0,1,0,0,41,0,41,0,0,42,0,42,84,0,84,126
09/22/2013,ALW,WA,ANM,WE,Federal Contract Tower,2,2,1,0,5,0,0,10,0,10,2,2,11,0,15,10,0,10,25
09/23/2013,ALW,WA,ANM,WE,Federal Contract Tower,2,2,1,0,5,0,0,4,0,4,2,2,5,0,9,0,0,0,9
09/24/2013,ALW,WA,ANM,WE,Federal Contract Tower,2,6,7,0,15,0,0,8,0,8,2,6,15,0,23,0,0,0,23
09/25/2013,ALW,WA,ANM,WE,Federal Contract Tower,2,4,5,0,11,0,0,14,0,14,2,4,19,0,25,34,0,34,59
09/26/2013,ALW,WA,ANM,WE,Federal Contract Tower,2,2,0,0,4,0,0,6,2,8,2,2,6,2,12,6,0,6,18
09/27/2013,ALW,WA,ANM,WE,Federal Contract Tower,2,7,2,0,11,0,1,7,0,8,2,8,9,0,19,0,0,0,19
09/28/2013,ALW,WA,ANM,WE,Federal Contract Tower,1,0,0,0,1,0,0,0,0,0,1,0,0,0,1,0,0,0,1
09/29/2013,ALW,WA,ANM,WE,Federal Contract Tower,2,0,1,0,3,0,0,8,0,8,2,0,9,0,11,8,0,8,19
09/30/2013,ALW,WA,ANM,WE,Federal Contract Tower,2,2,3,0,7,0,0,8,0,8,2,2,11,0,15,12,0,12,27
10/01/2013,ALW,WA,ANM,WE,Federal Contract Tower,3,4,3,0,10,0,0,11,0,11,3,4,14,0,21,40,0,40,61
10/02/2013,ALW,WA,ANM,WE,Federal Contract Tower,2,2,4,0,8,0,0,29,0,29,2,2,33,0,37,36,0,36,73
10/03/2013,ALW,WA,ANM,WE,Federal Contract Tower,2,2,8,0,12,0,0,30,0,30,2,2,38,0,42,52,0,52,94
10/04/2013,ALW,WA,ANM,WE,Federal Contract Tower,2,4,8,0,14,0,0,31,0,31,2,4,39,0,45,26,0,26,71
10/05/2013,ALW,WA,ANM,WE,Federal Contract Tower,1,0,5,0,6,0,0,30,0,30,1,0,35,0,36,14,0,14,50
10/06/2013,ALW,WA,ANM,WE,Federal Contract Tower,2,0,8,0,10,0,0,58,0,58,2,0,66,0,68,54,0,54,122
10/07/2013,ALW,WA,ANM,WE,Federal Contract Tower,2,2,3,0,7,0,0,16,0,16,2,2,19,0,23,16,0,16,39
10/08/2013,ALW,WA,ANM,WE,Federal Contract Tower,2,2,11,0,15,0,0,22,0,22,2,2,33,0,37,28,0,28,65
10/09/2013,ALW,WA,ANM,WE,Federal Contract Tower,2,2,1,0,5,0,0,6,0,6,2,2,7,0,11,0,0,0,11
10/10/2013,ALW,WA,ANM,WE,Federal Contract Tower,2,2,0,0,4,0,0,35,0,35,2,2,35,0,39,78,0,78,117
10/11/2013,ALW,WA,ANM,WE,Federal Contract Tower,2,4,8,0,14,0,0,30,0,30,2,4,38,0,44,36,0,36,80
10/12/2013,ALW,WA,ANM,WE,Federal Contract Tower,0,0,8,0,8,0,0,16,0,16,0,0,24,0,24,0,0,0,24
10/13/2013,ALW,WA,ANM,WE,Federal Contract Tower,2,2,6,0,10,0,0,40,0,40,2,2,46,0,50,74,0,74,124
10/14/2013,ALW,WA,ANM,WE,Federal Contract Tower,2,2,9,0,13,0,0,43,0,43,2,2,52,0,56,74,0,74,130
10/15/2013,ALW,WA,ANM,WE,Federal Contract Tower,2,1,5,0,8,0,0,39,0,39,2,1,44,0,47,38,0,38,85
10/16/2013,ALW,WA,ANM,WE,Federal Contract Tower,2,3,6,0,11,0,0,54,0,54,2,3,60,0,65,52,0,52,117
10/17/2013,ALW,WA,ANM,WE,Federal Contract Tower,2,3,8,0,13,0,0,66,0,66,2,3,74,0,79,88,0,88,167
10/18/2013,ALW,WA,ANM,WE,Federal Contract Tower,3,3,7,0,13,0,0,30,0,30,3,3,37,0,43,26,0,26,69
10/19/2013,ALW,WA,ANM,WE,Federal Contract Tower,0,0,4,0,4,0,0,25,0,25,0,0,29,0,29,10,0,10,39
10/20/2013,ALW,WA,ANM,WE,Federal Contract Tower,2,0,7,0,9,0,0,37,0,37,2,0,44,0,46,66,0,66,112
10/21/2013,ALW,WA,ANM,WE,Federal Contract Tower,3,2,5,0,10,0,2,32,0,34,3,4,37,0,44,44,0,44,88
10/22/2013,ALW,WA,ANM,WE,Federal Contract Tower,2,2,9,0,13,0,0,33,0,33,2,2,42,0,46,42,0,42,88
10/23/2013,ALW,WA,ANM,WE,Federal Contract Tower,2,4,9,0,15,0,0,57,0,57,2,4,66,0,72,28,0,28,100
10/24/2013,ALW,WA,ANM,WE,Federal Contract Tower,3,4,5,0,12,0,0,37,0,37,3,4,42,0,49,36,0,36,85
10/25/2013,ALW,WA,ANM,WE,Federal Contract Tower,1,4,8,0,13,0,0,44,0,44,1,4,52,0,57,32,0,32,89
10/26/2013,ALW,WA,ANM,WE,Federal Contract Tower,0,0,3,1,4,0,0,50,0,50,0,0,53,1,54,12,0,12,66
10/27/2013,ALW,WA,ANM,WE,Federal Contract Tower,2,2,4,0,8,0,0,22,0,22,2,2,26,0,30,116,0,116,146
10/28/2013,ALW,WA,ANM,WE,Federal Contract Tower,2,2,6,0,10,0,0,22,0,22,2,2,28,0,32,58,0,58,90
10/29/2013,ALW,WA,ANM,WE,Federal Contract Tower,2,4,7,1,14,0,0,32,0,32,2,4,39,1,46,62,0,62,108
10/30/2013,ALW,WA,ANM,WE,Federal Contract Tower,3,2,7,0,12,0,0,40,0,40,3,2,47,0,52,60,0,60,112
10/31/2013,ALW,WA,ANM,WE,Federal Contract Tower,2,2,5,0,9,0,0,43,0,43,2,2,48,0,52,94,0,94,146
11/01/2013,ALW,WA,ANM,WE,Federal Contract Tower,2,2,10,0,14,0,0,52,0,52,2,2,62,0,66,54,0,54,120
11/02/2013,ALW,WA,ANM,WE,Federal Contract Tower,0,0,3,0,3,0,0,0,0,0,0,0,3,0,3,0,0,0,3
11/03/2013,ALW,WA,ANM,WE,Federal Contract Tower,4,2,6,0,12,0,0,22,0,22,4,2,28,0,34,64,0,64,98
11/04/2013,ALW,WA,ANM,WE,Federal Contract Tower,2,2,9,0,13,0,0,38,0,38,2,2,47,0,51,82,0,82,133
11/05/2013,ALW,WA,ANM,WE,Federal Contract Tower,0,2,6,0,8,0,1,17,0,18,0,3,23,0,26,22,0,22,48
11/06/2013,ALW,WA,ANM,WE,Federal Contract Tower,2,4,15,0,21,0,0,0,0,0,2,4,15,0,21,0,0,0,21
11/07/2013,ALW,WA,ANM,WE,Federal Contract Tower,3,5,7,0,15,0,0,8,0,8,3,5,15,0,23,12,0,12,35
11/08/2013,ALW,WA,ANM,WE,Federal Contract Tower,2,2,4,0,8,0,0,25,0,25,2,2,29,0,33,42,0,42,75
11/09/2013,ALW,WA,ANM,WE,Federal Contract Tower,0,2,8,0,10,0,0,53,0,53,0,2,61,0,63,20,0,20,83
11/10/2013,ALW,WA,ANM,WE,Federal Contract Tower,2,0,12,0,14,0,0,53,0,53,2,0,65,0,67,106,0,106,173
11/11/2013,ALW,WA,ANM,WE,Federal Contract Tower,2,6,21,0,29,0,0,6,0,6,2,6,27,0,35,58,0,58,93
11/12/2013,ALW,WA,ANM,WE,Federal Contract Tower,2,3,14,0,19,0,0,35,0,35,2,3,49,0,54,62,0,62,116
11/13/2013,ALW,WA,ANM,WE,Federal Contract Tower,2,2,11,0,15,0,0,41,0,41,2,2,52,0,56,80,0,80,136
11/14/2013,ALW,WA,ANM,WE,Federal Contract Tower,2,2,13,0,17,0,0,61,0,61,2,2,74,0,78,114,0,114,192
11/15/2013,ALW,WA,ANM,WE,Federal Contract Tower,2,4,1,0,7,0,0,10,0,10,2,4,11,0,17,14,0,14,31
11/16/2013,ALW,WA,ANM,WE,Federal Contract Tower,1,0,2,0,3,0,0,0,0,0,1,0,2,0,3,0,0,0,3
11/17/2013,ALW,WA,ANM,WE,Federal Contract Tower,2,0,3,0,5,0,0,38,0,38,2,0,41,0,43,78,0,78,121
11/18/2013,ALW,WA,ANM,WE,Federal Contract Tower,2,2,7,0,11,0,0,34,0,34,2,2,41,0,45,68,0,68,113
11/19/2013,ALW,WA,ANM,WE,Federal Contract Tower,3,3,11,0,17,0,2,35,0,37,3,5,46,0,54,54,0,54,108
11/20/2013,ALW,WA,ANM,WE,Federal Contract Tower,2,2,7,0,11,0,0,46,0,46,2,2,53,0,57,118,0,118,175
11/21/2013,ALW,WA,ANM,WE,Federal Contract Tower,4,2,10,0,16,0,0,27,0,27,4,2,37,0,43,68,0,68,111
11/22/2013,ALW,WA,ANM,WE,Federal Contract Tower,3,2,4,0,9,0,0,44,0,44,3,2,48,0,53,62,0,62,115
11/23/2013,ALW,WA,ANM,WE,Federal Contract Tower,3,0,1,0,4,0,0,28,0,28,3,0,29,0,32,14,0,14,46
11/24/2013,ALW,WA,ANM,WE,Federal Contract Tower,2,0,4,0,6,0,0,18,0,18,2,0,22,0,24,4,0,4,28
11/25/2013,ALW,WA,ANM,WE,Federal Contract Tower,2,3,3,0,8,0,0,19,0,19,2,3,22,0,27,20,0,20,47
11/26/2013,ALW,WA,ANM,WE,Federal Contract Tower,3,3,0,0,6,0,0,14,0,14,3,3,14,0,20,18,0,18,38
11/27/2013,ALW,WA,ANM,WE,Federal Contract Tower,3,2,5,0,10,0,0,0,0,0,3,2,5,0,10,0,0,0,10
11/28/2013,ALW,WA,ANM,WE,Federal Contract Tower,1,0,2,0,3,0,0,8,0,8,1,0,10,0,11,0,0,0,11
11/29/2013,ALW,WA,ANM,WE,Federal Contract Tower,2,2,7,0,11,0,0,0,0,0,2,2,7,0,11,0,0,0,11
11/30/2013,ALW,WA,ANM,WE,Federal Contract Tower,2,0,9,0,11,0,0,4,0,4,2,0,13,0,15,0,0,0,15
12/01/2013,ALW,WA,ANM,WE,Federal Contract Tower,3,0,7,0,10,0,0,3,0,3,3,0,10,0,13,0,0,0,13
12/02/2013,ALW,WA,ANM,WE,Federal Contract Tower,3,2,6,0,11,0,0,12,0,12,3,2,18,0,23,46,0,46,69
12/03/2013,ALW,WA,ANM,WE,Federal Contract Tower,3,4,3,0,10,0,0,4,0,4,3,4,7,0,14,6,0,6,20
12/04/2013,ALW,WA,ANM,WE,Federal Contract Tower,3,4,11,0,18,0,0,24,2,26,3,4,35,2,44,32,0,32,76
12/05/2013,ALW,WA,ANM,WE,Federal Contract Tower,3,2,10,0,15,0,0,26,2,28,3,2,36,2,43,56,0,56,99
12/06/2013,ALW,WA,ANM,WE,Federal Contract Tower,3,2,4,0,9,0,0,17,0,17,3,2,21,0,26,36,0,36,62
12/07/2013,ALW,WA,ANM,WE,Federal Contract Tower,1,0,3,0,4,0,0,6,0,6,1,0,9,0,10,0,0,0,10
12/08/2013,ALW,WA,ANM,WE,Federal Contract Tower,3,0,2,0,5,0,0,31,0,31,3,0,33,0,36,64,0,64,100
12/09/2013,ALW,WA,ANM,WE,Federal Contract Tower,2,2,1,0,5,0,0,15,0,15,2,2,16,0,20,48,0,48,68
12/10/2013,ALW,WA,ANM,WE,Federal Contract Tower,2,2,6,0,10,0,0,12,0,12,2,2,18,0,22,30,0,30,52
12/11/2013,ALW,WA,ANM,WE,Federal Contract Tower,3,2,6,0,11,0,0,20,0,20,3,2,26,0,31,66,0,66,97
12/12/2013,ALW,WA,ANM,WE,Federal Contract Tower,2,1,6,0,9,0,1,28,0,29,2,2,34,0,38,92,0,92,130
12/13/2013,ALW,WA,ANM,WE,Federal Contract Tower,3,2,4,0,9,0,0,11,0,11,3,2,15,0,20,14,0,14,34
12/14/2013,ALW,WA,ANM,WE,Federal Contract Tower,0,0,4,0,4,0,0,4,0,4,0,0,8,0,8,8,0,8,16
12/15/2013,ALW,WA,ANM,WE,Federal Contract Tower,2,0,5,0,7,0,0,21,0,21,2,0,26,0,28,34,0,34,62
12/16/2013,ALW,WA,ANM,WE,Federal Contract Tower,2,3,0,0,5,0,2,10,2,14,2,5,10,2,19,4,0,4,23
12/17/2013,ALW,WA,ANM,WE,Federal Contract Tower,3,2,3,0,8,0,0,8,0,8,3,2,11,0,16,14,0,14,30
12/18/2013,ALW,WA,ANM,WE,Federal Contract Tower,2,5,7,0,14,0,0,6,0,6,2,5,13,0,20,4,0,4,24
12/19/2013,ALW,WA,ANM,WE,Federal Contract Tower,3,3,0,0,6,0,0,25,0,25,3,3,25,0,31,2,0,2,33
12/20/2013,ALW,WA,ANM,WE,Federal Contract Tower,2,4,0,0,6,0,0,0,0,0,2,4,0,0,6,0,0,0,6
12/21/2013,ALW,WA,ANM,WE,Federal Contract Tower,1,0,1,0,2,0,0,0,0,0,1,0,1,0,2,0,0,0,2
12/22/2013,ALW,WA,ANM,WE,Federal Contract Tower,3,0,0,0,3,0,0,0,0,0,3,0,0,0,3,0,0,0,3
12/23/2013,ALW,WA,ANM,WE,Federal Contract Tower,2,2,0,0,4,0,0,6,0,6,2,2,6,0,10,0,0,0,10
12/24/2013,ALW,WA,ANM,WE,Federal Contract Tower,3,3,1,0,7,0,1,12,0,13,3,4,13,0,20,8,0,8,28
12/25/2013,ALW,WA,ANM,WE,Federal Contract Tower,1,0,2,0,3,0,0,1,0,1,1,0,3,0,4,0,0,0,4
12/26/2013,ALW,WA,ANM,WE,Federal Contract Tower,3,0,4,0,7,0,0,1,0,1,3,0,5,0,8,0,0,0,8
12/27/2013,ALW,WA,ANM,WE,Federal Contract Tower,2,0,2,0,4,0,0,0,0,0,2,0,2,0,4,0,0,0,4
12/28/2013,ALW,WA,ANM,WE,Federal Contract Tower,1,0,1,0,2,0,0,0,0,0,1,0,1,0,2,0,0,0,2
12/29/2013,ALW,WA,ANM,WE,Federal Contract Tower,2,2,0,0,4,0,0,9,0,9,2,2,9,0,13,0,0,0,13
12/30/2013,ALW,WA,ANM,WE,Federal Contract Tower,3,0,0,0,3,0,0,0,0,0,3,0,0,0,3,0,0,0,3
12/31/2013,ALW,WA,ANM,WE,Federal Contract Tower,2,4,0,0,6,0,0,4,0,4,2,4,4,0,10,0,0,0,10
01/01/2014,ALW,WA,ANM,WE,Federal Contract Tower,1,0,0,0,1,0,0,0,0,0,1,0,0,0,1,0,0,0,1
01/02/2014,ALW,WA,ANM,WE,Federal Contract Tower,2,2,1,0,5,0,0,0,0,0,2,2,1,0,5,0,0,0,5
01/03/2014,ALW,WA,ANM,WE,Federal Contract Tower,2,6,0,0,8,0,0,15,0,15,2,6,15,0,23,12,0,12,35
01/04/2014,ALW,WA,ANM,WE,Federal Contract Tower,1,0,0,0,1,0,0,21,0,21,1,0,21,0,22,8,0,8,30
01/05/2014,ALW,WA,ANM,WE,Federal Contract Tower,2,0,4,0,6,0,0,32,0,32,2,0,36,0,38,20,0,20,58
01/06/2014,ALW,WA,ANM,WE,Federal Contract Tower,2,2,8,1,13,0,0,27,0,27,2,2,35,1,40,50,0,50,90
01/07/2014,ALW,WA,ANM,WE,Federal Contract Tower,2,2,4,0,8,0,0,28,0,28,2,2,32,0,36,56,0,56,92
01/08/2014,ALW,WA,ANM,WE,Federal Contract Tower,2,4,0,0,6,0,0,0,0,0,2,4,0,0,6,0,0,0,6
01/09/2014,ALW,WA,ANM,WE,Federal Contract Tower,2,2,6,0,10,0,0,16,0,16,2,2,22,0,26,30,0,30,56
01/10/2014,ALW,WA,ANM,WE,Federal Contract Tower,2,4,2,0,8,0,0,19,0,19,2,4,21,0,27,74,0,74,101
01/11/2014,ALW,WA,ANM,WE,Federal Contract Tower,0,0,0,0,0,0,0,0,0,0,0,0,0,0,0,0,0,0,0
01/12/2014,ALW,WA,ANM,WE,Federal Contract Tower,2,0,4,0,6,0,0,20,0,20,2,0,24,0,26,78,0,78,104
01/13/2014,ALW,WA,ANM,WE,Federal Contract Tower,2,2,5,0,9,0,0,11,0,11,2,2,16,0,20,26,0,26,46
01/14/2014,ALW,WA,ANM,WE,Federal Contract Tower,2,2,8,0,12,0,0,37,0,37,2,2,45,0,49,26,0,26,75
01/15/2014,ALW,WA,ANM,WE,Federal Contract Tower,2,4,8,0,14,0,0,42,0,42,2,4,50,0,56,96,0,96,152
01/16/2014,ALW,WA,ANM,WE,Federal Contract Tower,2,2,8,0,12,0,0,28,2,30,2,2,36,2,42,48,0,48,90
01/17/2014,ALW,WA,ANM,WE,Federal Contract Tower,0,2,7,0,9,0,0,2,0,2,0,2,9,0,11,12,0,12,23
01/18/2014,ALW,WA,ANM,WE,Federal Contract Tower,0,0,4,0,4,0,0,0,0,0,0,0,4,0,4,0,0,0,4
01/19/2014,ALW,WA,ANM,WE,Federal Contract Tower,0,0,4,0,4,0,0,0,0,0,0,0,4,0,4,0,0,0,4
01/20/2014,ALW,WA,ANM,WE,Federal Contract Tower,3,2,2,0,7,0,0,0,0,0,3,2,2,0,7,0,0,0,7
01/21/2014,ALW,WA,ANM,WE,Federal Contract Tower,3,2,3,0,8,0,0,0,0,0,3,2,3,0,8,0,0,0,8
01/22/2014,ALW,WA,ANM,WE,Federal Contract Tower,3,4,0,0,7,0,0,0,0,0,3,4,0,0,7,0,0,0,7
01/23/2014,ALW,WA,ANM,WE,Federal Contract Tower,3,4,3,0,10,0,0,0,0,0,3,4,3,0,10,0,0,0,10
01/24/2014,ALW,WA,ANM,WE,Federal Contract Tower,3,4,9,0,16,0,0,3,0,3,3,4,12,0,19,8,0,8,27
01/25/2014,ALW,WA,ANM,WE,Federal Contract Tower,1,0,4,0,5,0,0,1,0,1,1,0,5,0,6,0,0,0,6
01/26/2014,ALW,WA,ANM,WE,Federal Contract Tower,3,0,4,0,7,0,0,0,0,0,3,0,4,0,7,0,0,0,7
01/27/2014,ALW,WA,ANM,WE,Federal Contract Tower,3,2,0,0,5,0,0,0,0,0,3,2,0,0,5,0,0,0,5
01/28/2014,ALW,WA,ANM,WE,Federal Contract Tower,2,2,3,0,7,0,0,3,0,3,2,2,6,0,10,0,0,0,10
01/29/2014,ALW,WA,ANM,WE,Federal Contract Tower,4,2,7,0,13,0,0,40,0,40,4,2,47,0,53,96,0,96,149
01/30/2014,ALW,WA,ANM,WE,Federal Contract Tower,3,2,5,0,10,0,0,23,0,23,3,2,28,0,33,40,0,40,73
01/31/2014,ALW,WA,ANM,WE,Federal Contract Tower,3,2,1,0,6,0,0,0,0,0,3,2,1,0,6,8,0,8,14
02/01/2014,ALW,WA,ANM,WE,Federal Contract Tower,1,0,0,0,1,0,0,4,0,4,1,0,4,0,5,0,0,0,5
02/02/2014,ALW,WA,ANM,WE,Federal Contract Tower,3,0,5,0,8,0,0,0,0,0,3,0,5,0,8,0,0,0,8
02/03/2014,ALW,WA,ANM,WE,Federal Contract Tower,3,2,8,0,13,0,0,2,0,2,3,2,10,0,15,28,0,28,43
02/04/2014,ALW,WA,ANM,WE,Federal Contract Tower,3,8,6,0,17,0,0,16,0,16,3,8,22,0,33,22,0,22,55
02/05/2014,ALW,WA,ANM,WE,Federal Contract Tower,3,2,6,0,11,0,0,20,0,20,3,2,26,0,31,74,0,74,105
02/06/2014,ALW,WA,ANM,WE,Federal Contract Tower,3,3,6,0,12,0,0,15,0,15,3,3,21,0,27,70,0,70,97
02/07/2014,ALW,WA,ANM,WE,Federal Contract Tower,3,5,4,0,12,0,0,21,0,21,3,5,25,0,33,68,0,68,101
02/08/2014,ALW,WA,ANM,WE,Federal Contract Tower,1,0,0,0,1,0,0,1,0,1,1,0,1,0,2,0,0,0,2
02/09/2014,ALW,WA,ANM,WE,Federal Contract Tower,1,2,0,0,3,0,0,2,0,2,1,2,2,0,5,0,0,0,5
02/10/2014,ALW,WA,ANM,WE,Federal Contract Tower,3,3,2,0,8,0,1,6,0,7,3,4,8,0,15,24,0,24,39
02/11/2014,ALW,WA,ANM,WE,Federal Contract Tower,3,4,4,0,11,0,0,25,0,25,3,4,29,0,36,54,0,54,90
02/12/2014,ALW,WA,ANM,WE,Federal Contract Tower,3,2,3,0,8,0,0,24,0,24,3,2,27,0,32,62,0,62,94
02/13/2014,ALW,WA,ANM,WE,Federal Contract Tower,3,2,3,0,8,0,0,19,0,19,3,2,22,0,27,8,0,8,35
02/14/2014,ALW,WA,ANM,WE,Federal Contract Tower,3,8,6,0,17,0,0,17,0,17,3,8,23,0,34,52,0,52,86
02/15/2014,ALW,WA,ANM,WE,Federal Contract Tower,1,0,3,0,4,0,0,8,0,8,1,0,11,0,12,0,0,0,12
02/16/2014,ALW,WA,ANM,WE,Federal Contract Tower,0,1,1,0,2,0,1,8,0,9,0,2,9,0,11,0,0,0,11
02/17/2014,ALW,WA,ANM,WE,Federal Contract Tower,3,2,0,0,5,0,0,2,0,2,3,2,2,0,7,0,0,0,7
02/18/2014,ALW,WA,ANM,WE,Federal Contract Tower,3,2,2,0,7,0,0,24,0,24,3,2,26,0,31,16,0,16,47
02/19/2014,ALW,WA,ANM,WE,Federal Contract Tower,3,2,1,0,6,0,0,11,0,11,3,2,12,0,17,6,0,6,23
02/20/2014,ALW,WA,ANM,WE,Federal Contract Tower,3,2,0,0,5,0,0,5,0,5,3,2,5,0,10,0,0,0,10
02/21/2014,ALW,WA,ANM,WE,Federal Contract Tower,3,6,1,0,10,0,1,15,0,16,3,7,16,0,26,34,0,34,60
02/22/2014,ALW,WA,ANM,WE,Federal Contract Tower,1,2,0,0,3,0,2,54,0,56,1,4,54,0,59,12,0,12,71
02/23/2014,ALW,WA,ANM,WE,Federal Contract Tower,3,0,0,0,3,0,0,27,0,27,3,0,27,0,30,10,0,10,40
02/24/2014,ALW,WA,ANM,WE,Federal Contract Tower,3,2,1,0,6,0,0,0,0,0,3,2,1,0,6,0,0,0,6
02/25/2014,ALW,WA,ANM,WE,Federal Contract Tower,3,2,2,0,7,0,0,0,0,0,3,2,2,0,7,0,0,0,7
02/26/2014,ALW,WA,ANM,WE,Federal Contract Tower,3,2,4,0,9,0,0,0,0,0,3,2,4,0,9,4,0,4,13
02/27/2014,ALW,WA,ANM,WE,Federal Contract Tower,3,3,8,2,16,0,0,1,0,1,3,3,9,2,17,0,0,0,17
02/28/2014,ALW,WA,ANM,WE,Federal Contract Tower,3,2,4,0,9,0,0,2,0,2,3,2,6,0,11,16,0,16,27
03/01/2014,ALW,WA,ANM,WE,Federal Contract Tower,1,2,2,0,5,0,0,1,0,1,1,2,3,0,6,0,0,0,6
03/02/2014,ALW,WA,ANM,WE,Federal Contract Tower,1,0,0,0,1,0,0,0,0,0,1,0,0,0,1,0,0,0,1
03/03/2014,ALW,WA,ANM,WE,Federal Contract Tower,2,2,0,0,4,0,0,3,0,3,2,2,3,0,7,32,0,32,39
03/04/2014,ALW,WA,ANM,WE,Federal Contract Tower,3,6,8,0,17,0,0,44,2,46,3,6,52,2,63,104,0,104,167
03/05/2014,ALW,WA,ANM,WE,Federal Contract Tower,3,10,4,1,18,0,0,18,0,18,3,10,22,1,36,50,0,50,86
03/06/2014,ALW,WA,ANM,WE,Federal Contract Tower,3,4,6,0,13,0,0,19,0,19,3,4,25,0,32,40,0,40,72
03/07/2014,ALW,WA,ANM,WE,Federal Contract Tower,3,2,10,0,15,0,0,59,0,59,3,2,69,0,74,88,0,88,162
03/08/2014,ALW,WA,ANM,WE,Federal Contract Tower,1,0,3,0,4,0,0,37,0,37,1,0,40,0,41,4,0,4,45
03/09/2014,ALW,WA,ANM,WE,Federal Contract Tower,3,0,3,0,6,0,0,15,0,15,3,0,18,0,21,48,0,48,69
03/10/2014,ALW,WA,ANM,WE,Federal Contract Tower,3,2,5,0,10,0,0,10,0,10,3,2,15,0,20,30,0,30,50
03/11/2014,ALW,WA,ANM,WE,Federal Contract Tower,3,2,7,0,12,0,0,68,4,72,3,2,75,4,84,116,0,116,200
03/12/2014,ALW,WA,ANM,WE,Federal Contract Tower,3,3,8,0,14,0,0,56,0,56,3,3,64,0,70,96,0,96,166
03/13/2014,ALW,WA,ANM,WE,Federal Contract Tower,3,4,7,0,14,0,0,52,0,52,3,4,59,0,66,102,0,102,168
03/14/2014,ALW,WA,ANM,WE,Federal Contract Tower,3,4,7,0,14,0,0,7,0,7,3,4,14,0,21,22,0,22,43
03/15/2014,ALW,WA,ANM,WE,Federal Contract Tower,1,0,2,0,3,0,0,38,0,38,1,0,40,0,41,12,0,12,53
03/16/2014,ALW,WA,ANM,WE,Federal Contract Tower,3,0,4,0,7,0,0,18,0,18,3,0,22,0,25,22,0,22,47
03/17/2014,ALW,WA,ANM,WE,Federal Contract Tower,3,3,4,0,10,0,0,9,0,9,3,3,13,0,19,22,0,22,41
03/18/2014,ALW,WA,ANM,WE,Federal Contract Tower,3,6,4,1,14,0,0,15,0,15,3,6,19,1,29,26,0,26,55
03/19/2014,ALW,WA,ANM,WE,Federal Contract Tower,3,3,2,0,8,0,0,5,0,5,3,3,7,0,13,20,0,20,33
03/20/2014,ALW,WA,ANM,WE,Federal Contract Tower,3,2,3,0,8,0,0,11,0,11,3,2,14,0,19,0,0,0,19
03/21/2014,ALW,WA,ANM,WE,Federal Contract Tower,3,2,2,0,7,0,0,7,0,7,3,2,9,0,14,0,0,0,14
03/22/2014,ALW,WA,ANM,WE,Federal Contract Tower,1,0,1,0,2,0,0,18,0,18,1,0,19,0,20,0,0,0,20
03/23/2014,ALW,WA,ANM,WE,Federal Contract Tower,3,0,1,0,4,0,0,37,0,37,3,0,38,0,41,0,0,0,41
03/24/2014,ALW,WA,ANM,WE,Federal Contract Tower,3,2,3,1,9,0,0,15,0,15,3,2,18,1,24,28,0,28,52
03/25/2014,ALW,WA,ANM,WE,Federal Contract Tower,3,4,10,0,17,0,0,14,0,14,3,4,24,0,31,4,0,4,35
03/26/2014,ALW,WA,ANM,WE,Federal Contract Tower,3,3,4,1,11,0,0,32,0,32,3,3,36,1,43,10,0,10,53
03/27/2014,ALW,WA,ANM,WE,Federal Contract Tower,3,2,0,0,5,0,0,13,0,13,3,2,13,0,18,16,0,16,34
03/28/2014,ALW,WA,ANM,WE,Federal Contract Tower,3,4,5,0,12,0,0,0,0,0,3,4,5,0,12,0,0,0,12
03/29/2014,ALW,WA,ANM,WE,Federal Contract Tower,1,0,0,0,1,0,0,26,0,26,1,0,26,0,27,6,0,6,33
03/30/2014,ALW,WA,ANM,WE,Federal Contract Tower,3,0,2,0,5,0,0,11,0,11,3,0,13,0,16,18,0,18,34
03/31/2014,ALW,WA,ANM,WE,Federal Contract Tower,3,2,8,0,13,0,2,32,0,34,3,4,40,0,47,30,0,30,77
04/01/2014,ALW,WA,ANM,WE,Federal Contract Tower,3,3,5,0,11,0,0,33,0,33,3,3,38,0,44,74,0,74,118
04/02/2014,ALW,WA,ANM,WE,Federal Contract Tower,3,3,5,0,11,0,0,36,0,36,3,3,41,0,47,40,0,40,87
04/03/2014,ALW,WA,ANM,WE,Federal Contract Tower,3,2,4,0,9,0,0,45,0,45,3,2,49,0,54,58,0,58,112
04/04/2014,ALW,WA,ANM,WE,Federal Contract Tower,3,4,8,0,15,0,0,34,0,34,3,4,42,0,49,84,0,84,133
04/05/2014,ALW,WA,ANM,WE,Federal Contract Tower,1,1,0,2,4,0,1,11,0,12,1,2,11,2,16,6,0,6,22
04/06/2014,ALW,WA,ANM,WE,Federal Contract Tower,3,0,10,0,13,0,0,16,0,16,3,0,26,0,29,24,0,24,53
04/07/2014,ALW,WA,ANM,WE,Federal Contract Tower,3,2,4,1,10,0,0,83,0,83,3,2,87,1,93,44,0,44,137
04/08/2014,ALW,WA,ANM,WE,Federal Contract Tower,3,3,9,0,15,0,0,42,0,42,3,3,51,0,57,94,0,94,151
04/09/2014,ALW,WA,ANM,WE,Federal Contract Tower,3,5,4,0,12,0,0,52,0,52,3,5,56,0,64,90,0,90,154
04/10/2014,ALW,WA,ANM,WE,Federal Contract Tower,3,6,3,0,12,0,0,50,0,50,3,6,53,0,62,76,0,76,138
04/11/2014,ALW,WA,ANM,WE,Federal Contract Tower,3,2,5,0,10,0,0,54,0,54,3,2,59,0,64,96,0,96,160
04/12/2014,ALW,WA,ANM,WE,Federal Contract Tower,1,2,1,0,4,0,0,49,0,49,1,2,50,0,53,6,0,6,59
04/13/2014,ALW,WA,ANM,WE,Federal Contract Tower,3,2,5,0,10,0,0,32,0,32,3,2,37,0,42,10,0,10,52
04/14/2014,ALW,WA,ANM,WE,Federal Contract Tower,3,2,3,0,8,0,0,51,0,51,3,2,54,0,59,92,0,92,151
04/15/2014,ALW,WA,ANM,WE,Federal Contract Tower,3,2,9,0,14,0,0,31,0,31,3,2,40,0,45,22,0,22,67
04/16/2014,ALW,WA,ANM,WE,Federal Contract Tower,3,2,0,0,5,0,0,38,0,38,3,2,38,0,43,82,0,82,125
04/17/2014,ALW,WA,ANM,WE,Federal Contract Tower,3,2,4,0,9,0,0,11,0,11,3,2,15,0,20,6,0,6,26
04/18/2014,ALW,WA,ANM,WE,Federal Contract Tower,3,6,5,0,14,0,0,33,0,33,3,6,38,0,47,54,0,54,101
04/19/2014,ALW,WA,ANM,WE,Federal Contract Tower,1,0,1,0,2,0,0,23,0,23,1,0,24,0,25,0,0,0,25
04/20/2014,ALW,WA,ANM,WE,Federal Contract Tower,3,0,12,0,15,0,0,24,0,24,3,0,36,0,39,26,0,26,65
04/21/2014,ALW,WA,ANM,WE,Federal Contract Tower,3,2,0,0,5,0,0,48,0,48,3,2,48,0,53,78,0,78,131
04/22/2014,ALW,WA,ANM,WE,Federal Contract Tower,3,2,5,0,10,0,0,18,2,20,3,2,23,2,30,40,0,40,70
04/23/2014,ALW,WA,ANM,WE,Federal Contract Tower,3,6,3,0,12,0,0,25,0,25,3,6,28,0,37,72,0,72,109
04/24/2014,ALW,WA,ANM,WE,Federal Contract Tower,3,2,5,0,10,0,0,18,0,18,3,2,23,0,28,42,0,42,70
04/25/2014,ALW,WA,ANM,WE,Federal Contract Tower,3,4,4,0,11,0,0,40,0,40,3,4,44,0,51,100,0,100,151
04/26/2014,ALW,WA,ANM,WE,Federal Contract Tower,1,0,2,0,3,0,0,12,0,12,1,0,14,0,15,6,0,6,21
04/27/2014,ALW,WA,ANM,WE,Federal Contract Tower,3,0,2,0,5,0,0,11,0,11,3,0,13,0,16,0,0,0,16
04/28/2014,ALW,WA,ANM,WE,Federal Contract Tower,3,2,4,0,9,0,0,34,0,34,3,2,38,0,43,66,0,66,109
04/29/2014,ALW,WA,ANM,WE,Federal Contract Tower,3,2,7,0,12,0,0,52,0,52,3,2,59,0,64,76,0,76,140
04/30/2014,ALW,WA,ANM,WE,Federal Contract Tower,3,4,0,0,7,0,0,51,0,51,3,4,51,0,58,56,0,56,114
05/01/2014,ALW,WA,ANM,WE,Federal Contract Tower,3,2,3,2,10,0,0,54,0,54,3,2,57,2,64,62,0,62,126
05/02/2014,ALW,WA,ANM,WE,Federal Contract Tower,3,4,13,0,20,0,0,54,0,54,3,4,67,0,74,66,0,66,140
05/03/2014,ALW,WA,ANM,WE,Federal Contract Tower,0,0,3,0,3,0,0,22,0,22,0,0,25,0,25,2,0,2,27
05/04/2014,ALW,WA,ANM,WE,Federal Contract Tower,3,0,1,0,4,0,0,13,0,13,3,0,14,0,17,4,0,4,21
05/05/2014,ALW,WA,ANM,WE,Federal Contract Tower,3,4,0,0,7,0,0,26,0,26,3,4,26,0,33,76,0,76,109
05/06/2014,ALW,WA,ANM,WE,Federal Contract Tower,3,2,10,0,15,0,0,37,0,37,3,2,47,0,52,120,0,120,172
05/07/2014,ALW,WA,ANM,WE,Federal Contract Tower,3,4,2,0,9,0,0,37,0,37,3,4,39,0,46,66,0,66,112
05/08/2014,ALW,WA,ANM,WE,Federal Contract Tower,3,2,1,0,6,0,0,55,0,55,3,2,56,0,61,96,0,96,157
05/09/2014,ALW,WA,ANM,WE,Federal Contract Tower,3,2,4,0,9,0,0,23,0,23,3,2,27,0,32,54,0,54,86
05/10/2014,ALW,WA,ANM,WE,Federal Contract Tower,1,0,0,0,1,0,0,25,0,25,1,0,25,0,26,18,0,18,44
05/11/2014,ALW,WA,ANM,WE,Federal Contract Tower,3,0,0,0,3,0,0,35,0,35,3,0,35,0,38,20,0,20,58
05/12/2014,ALW,WA,ANM,WE,Federal Contract Tower,3,2,3,0,8,0,0,43,0,43,3,2,46,0,51,78,0,78,129
05/13/2014,ALW,WA,ANM,WE,Federal Contract Tower,2,6,1,1,10,0,1,46,0,47,2,7,47,1,57,86,0,86,143
05/14/2014,ALW,WA,ANM,WE,Federal Contract Tower,3,6,3,0,12,0,0,58,0,58,3,6,61,0,70,62,0,62,132
05/15/2014,ALW,WA,ANM,WE,Federal Contract Tower,3,3,4,0,10,0,4,30,0,34,3,7,34,0,44,52,0,52,96
05/16/2014,ALW,WA,ANM,WE,Federal Contract Tower,3,2,3,2,10,0,0,25,0,25,3,2,28,2,35,86,0,86,121
05/17/2014,ALW,WA,ANM,WE,Federal Contract Tower,1,0,0,0,1,0,0,14,0,14,1,0,14,0,15,0,0,0,15
05/18/2014,ALW,WA,ANM,WE,Federal Contract Tower,3,0,0,0,3,0,0,22,0,22,3,0,22,0,25,18,0,18,43
05/19/2014,ALW,WA,ANM,WE,Federal Contract Tower,3,2,4,0,9,0,0,26,0,26,3,2,30,0,35,48,0,48,83
05/20/2014,ALW,WA,ANM,WE,Federal Contract Tower,3,2,7,1,13,0,0,73,0,73,3,2,80,1,86,112,0,112,198
05/21/2014,ALW,WA,ANM,WE,Federal Contract Tower,3,2,9,0,14,0,1,53,0,54,3,3,62,0,68,132,0,132,200
05/22/2014,ALW,WA,ANM,WE,Federal Contract Tower,3,2,5,0,10,0,0,61,0,61,3,2,66,0,71,80,0,80,151
05/23/2014,ALW,WA,ANM,WE,Federal Contract Tower,3,4,6,0,13,0,0,29,0,29,3,4,35,0,42,64,0,64,106
05/24/2014,ALW,WA,ANM,WE,Federal Contract Tower,1,0,4,0,5,0,0,19,0,19,1,0,23,0,24,0,0,0,24
05/25/2014,ALW,WA,ANM,WE,Federal Contract Tower,2,2,3,0,7,1,0,18,0,19,3,2,21,0,26,0,0,0,26
05/26/2014,ALW,WA,ANM,WE,Federal Contract Tower,3,0,1,0,4,0,0,15,0,15,3,0,16,0,19,26,0,26,45
05/27/2014,ALW,WA,ANM,WE,Federal Contract Tower,3,2,5,0,10,0,0,36,0,36,3,2,41,0,46,136,0,136,182
05/28/2014,ALW,WA,ANM,WE,Federal Contract Tower,3,4,5,0,12,0,0,14,0,14,3,4,19,0,26,50,0,50,76
05/29/2014,ALW,WA,ANM,WE,Federal Contract Tower,3,8,7,0,18,0,0,25,0,25,3,8,32,0,43,44,0,44,87
05/30/2014,ALW,WA,ANM,WE,Federal Contract Tower,3,4,1,0,8,0,0,43,0,43,3,4,44,0,51,94,0,94,145
05/31/2014,ALW,WA,ANM,WE,Federal Contract Tower,1,0,0,0,1,0,4,19,0,23,1,4,19,0,24,0,0,0,24
06/01/2014,ALW,WA,ANM,WE,Federal Contract Tower,3,1,0,0,4,0,1,157,0,158,3,2,157,0,162,32,0,32,194
06/02/2014,ALW,WA,ANM,WE,Federal Contract Tower,3,2,9,0,14,0,0,63,0,63,3,2,72,0,77,60,0,60,137
06/03/2014,ALW,WA,ANM,WE,Federal Contract Tower,3,2,3,0,8,0,0,24,0,24,3,2,27,0,32,104,0,104,136
06/04/2014,ALW,WA,ANM,WE,Federal Contract Tower,3,1,1,0,5,0,0,29,0,29,3,1,30,0,34,124,0,124,158
06/05/2014,ALW,WA,ANM,WE,Federal Contract Tower,3,4,1,0,8,0,0,32,0,32,3,4,33,0,40,94,0,94,134
06/06/2014,ALW,WA,ANM,WE,Federal Contract Tower,3,5,10,0,18,0,0,34,0,34,3,5,44,0,52,80,0,80,132
06/07/2014,ALW,WA,ANM,WE,Federal Contract Tower,1,1,3,6,11,0,0,43,0,43,1,1,46,6,54,70,0,70,124
06/08/2014,ALW,WA,ANM,WE,Federal Contract Tower,3,4,6,0,13,0,0,30,0,30,3,4,36,0,43,16,0,16,59
06/09/2014,ALW,WA,ANM,WE,Federal Contract Tower,3,5,5,0,13,0,1,29,0,30,3,6,34,0,43,22,0,22,65
06/10/2014,ALW,WA,ANM,WE,Federal Contract Tower,3,4,2,0,9,0,0,19,0,19,3,4,21,0,28,72,0,72,100
06/11/2014,ALW,WA,ANM,WE,Federal Contract Tower,3,2,5,0,10,0,0,49,0,49,3,2,54,0,59,34,0,34,93
06/12/2014,ALW,WA,ANM,WE,Federal Contract Tower,3,2,6,0,11,0,0,15,0,15,3,2,21,0,26,32,0,32,58
06/13/2014,ALW,WA,ANM,WE,Federal Contract Tower,3,4,2,0,9,0,0,7,0,7,3,4,9,0,16,0,0,0,16
06/14/2014,ALW,WA,ANM,WE,Federal Contract Tower,1,0,0,0,1,0,0,19,2,21,1,0,19,2,22,8,0,8,30
06/15/2014,ALW,WA,ANM,WE,Federal Contract Tower,3,0,2,0,5,0,0,13,0,13,3,0,15,0,18,2,0,2,20
06/16/2014,ALW,WA,ANM,WE,Federal Contract Tower,3,2,4,0,9,0,0,17,2,19,3,2,21,2,28,20,0,20,48
06/17/2014,ALW,WA,ANM,WE,Federal Contract Tower,3,3,7,0,13,0,1,8,2,11,3,4,15,2,24,2,0,2,26
06/18/2014,ALW,WA,ANM,WE,Federal Contract Tower,3,2,2,0,7,0,0,25,0,25,3,2,27,0,32,20,0,20,52
06/19/2014,ALW,WA,ANM,WE,Federal Contract Tower,3,3,6,0,12,0,0,34,0,34,3,3,40,0,46,38,0,38,84
06/20/2014,ALW,WA,ANM,WE,Federal Contract Tower,3,6,1,0,10,0,16,20,0,36,3,22,21,0,46,10,0,10,56
06/21/2014,ALW,WA,ANM,WE,Federal Contract Tower,1,0,2,0,3,0,0,34,0,34,1,0,36,0,37,22,0,22,59
06/22/2014,ALW,WA,ANM,WE,Federal Contract Tower,3,2,5,0,10,0,0,22,0,22,3,2,27,0,32,0,0,0,32
06/23/2014,ALW,WA,ANM,WE,Federal Contract Tower,3,2,0,0,5,0,0,28,0,28,3,2,28,0,33,68,0,68,101
06/24/2014,ALW,WA,ANM,WE,Federal Contract Tower,3,6,1,0,10,0,0,11,0,11,3,6,12,0,21,32,0,32,53
06/25/2014,ALW,WA,ANM,WE,Federal Contract Tower,3,2,3,1,9,0,2,16,0,18,3,4,19,1,27,36,0,36,63
06/26/2014,ALW,WA,ANM,WE,Federal Contract Tower,3,2,4,0,9,0,0,5,0,5,3,2,9,0,14,14,0,14,28
06/27/2014,ALW,WA,ANM,WE,Federal Contract Tower,3,3,8,0,14,0,0,10,0,10,3,3,18,0,24,22,0,22,46
06/28/2014,ALW,WA,ANM,WE,Federal Contract Tower,1,0,6,0,7,0,0,22,0,22,1,0,28,0,29,10,0,10,39
06/29/2014,ALW,WA,ANM,WE,Federal Contract Tower,3,0,5,0,8,0,0,10,0,10,3,0,15,0,18,12,0,12,30
06/30/2014,ALW,WA,ANM,WE,Federal Contract Tower,3,2,0,0,5,0,0,24,0,24,3,2,24,0,29,22,0,22,51
07/01/2014,ALW,WA,ANM,WE,Federal Contract Tower,3,3,2,0,8,0,0,16,0,16,3,3,18,0,24,28,0,28,52
07/02/2014,ALW,WA,ANM,WE,Federal Contract Tower,3,7,8,0,18,0,0,32,0,32,3,7,40,0,50,14,0,14,64
07/03/2014,ALW,WA,ANM,WE,Federal Contract Tower,3,2,6,0,11,0,0,14,0,14,3,2,20,0,25,6,0,6,31
07/04/2014,ALW,WA,ANM,WE,Federal Contract Tower,3,0,3,0,6,0,0,27,0,27,3,0,30,0,33,29,0,29,62
07/05/2014,ALW,WA,ANM,WE,Federal Contract Tower,1,0,1,0,2,0,0,18,0,18,1,0,19,0,20,12,0,12,32
07/06/2014,ALW,WA,ANM,WE,Federal Contract Tower,3,0,1,0,4,0,1,8,0,9,3,1,9,0,13,4,0,4,17
07/07/2014,ALW,WA,ANM,WE,Federal Contract Tower,3,2,3,0,8,0,0,22,0,22,3,2,25,0,30,54,0,54,84
07/08/2014,ALW,WA,ANM,WE,Federal Contract Tower,1,2,3,0,6,0,0,22,0,22,1,2,25,0,28,53,0,53,81
07/09/2014,ALW,WA,ANM,WE,Federal Contract Tower,3,2,8,0,13,0,0,31,0,31,3,2,39,0,44,34,0,34,78
07/10/2014,ALW,WA,ANM,WE,Federal Contract Tower,3,2,8,0,13,0,0,23,0,23,3,2,31,0,36,26,0,26,62
07/11/2014,ALW,WA,ANM,WE,Federal Contract Tower,3,2,9,0,14,0,0,22,0,22,3,2,31,0,36,46,0,46,82
07/12/2014,ALW,WA,ANM,WE,Federal Contract Tower,1,0,0,0,1,0,0,16,0,16,1,0,16,0,17,34,0,34,51
07/13/2014,ALW,WA,ANM,WE,Federal Contract Tower,3,0,3,0,6,0,0,13,0,13,3,0,16,0,19,8,0,8,27
07/14/2014,ALW,WA,ANM,WE,Federal Contract Tower,3,2,0,0,5,0,0,33,0,33,3,2,33,0,38,78,0,78,116
07/15/2014,ALW,WA,ANM,WE,Federal Contract Tower,3,3,6,0,12,0,0,24,0,24,3,3,30,0,36,81,0,81,117
07/16/2014,ALW,WA,ANM,WE,Federal Contract Tower,3,3,7,2,15,0,0,13,0,13,3,3,20,2,28,12,0,12,40
07/17/2014,ALW,WA,ANM,WE,Federal Contract Tower,3,2,8,0,13,0,2,12,0,14,3,4,20,0,27,18,0,18,45
07/18/2014,ALW,WA,ANM,WE,Federal Contract Tower,3,0,3,0,6,0,1,18,0,19,3,1,21,0,25,42,0,42,67
07/19/2014,ALW,WA,ANM,WE,Federal Contract Tower,1,0,0,0,1,0,0,0,0,0,1,0,0,0,1,0,0,0,1
07/20/2014,ALW,WA,ANM,WE,Federal Contract Tower,3,0,2,0,5,0,0,19,0,19,3,0,21,0,24,4,0,4,28
07/21/2014,ALW,WA,ANM,WE,Federal Contract Tower,3,3,5,0,11,0,0,29,0,29,3,3,34,0,40,50,0,50,90
07/22/2014,ALW,WA,ANM,WE,Federal Contract Tower,3,1,0,0,4,0,1,22,0,23,3,2,22,0,27,56,0,56,83
07/23/2014,ALW,WA,ANM,WE,Federal Contract Tower,3,2,5,0,10,0,0,19,0,19,3,2,24,0,29,74,0,74,103
07/24/2014,ALW,WA,ANM,WE,Federal Contract Tower,3,2,4,0,9,0,0,22,0,22,3,2,26,0,31,12,0,12,43
07/25/2014,ALW,WA,ANM,WE,Federal Contract Tower,3,6,5,0,14,0,0,40,0,40,3,6,45,0,54,64,0,64,118
07/26/2014,ALW,WA,ANM,WE,Federal Contract Tower,1,0,2,0,3,0,0,15,0,15,1,0,17,0,18,0,0,0,18
07/27/2014,ALW,WA,ANM,WE,Federal Contract Tower,3,0,4,0,7,0,2,22,0,24,3,2,26,0,31,26,0,26,57
07/28/2014,ALW,WA,ANM,WE,Federal Contract Tower,3,2,2,0,7,0,0,53,0,53,3,2,55,0,60,70,0,70,130
07/29/2014,ALW,WA,ANM,WE,Federal Contract Tower,3,2,1,0,6,0,0,39,0,39,3,2,40,0,45,36,0,36,81
07/30/2014,ALW,WA,ANM,WE,Federal Contract Tower,3,3,2,0,8,0,0,36,0,36,3,3,38,0,44,58,0,58,102
07/31/2014,ALW,WA,ANM,WE,Federal Contract Tower,3,4,1,0,8,0,2,24,0,26,3,6,25,0,34,114,0,114,148
08/01/2014,ALW,WA,ANM,WE,Federal Contract Tower,3,3,3,0,9,0,0,28,0,28,3,3,31,0,37,60,0,60,97
08/02/2014,ALW,WA,ANM,WE,Federal Contract Tower,1,0,0,0,1,0,0,22,0,22,1,0,22,0,23,2,0,2,25
08/03/2014,ALW,WA,ANM,WE,Federal Contract Tower,3,0,3,0,6,0,0,16,0,16,3,0,19,0,22,2,0,2,24
08/04/2014,ALW,WA,ANM,WE,Federal Contract Tower,3,2,0,0,5,0,0,25,0,25,3,2,25,0,30,112,0,112,142
08/05/2014,ALW,WA,ANM,WE,Federal Contract Tower,3,2,7,0,12,0,0,41,0,41,3,2,48,0,53,80,0,80,133
08/06/2014,ALW,WA,ANM,WE,Federal Contract Tower,3,2,0,0,5,0,0,28,0,28,3,2,28,0,33,70,0,70,103
08/07/2014,ALW,WA,ANM,WE,Federal Contract Tower,3,6,2,0,11,0,0,36,0,36,3,6,38,0,47,58,0,58,105
08/08/2014,ALW,WA,ANM,WE,Federal Contract Tower,3,2,2,0,7,0,0,27,0,27,3,2,29,0,34,24,0,24,58
08/09/2014,ALW,WA,ANM,WE,Federal Contract Tower,1,0,4,0,5,0,0,15,0,15,1,0,19,0,20,12,0,12,32
08/10/2014,ALW,WA,ANM,WE,Federal Contract Tower,3,0,3,0,6,0,0,29,0,29,3,0,32,0,35,6,0,6,41
08/11/2014,ALW,WA,ANM,WE,Federal Contract Tower,3,2,0,0,5,0,0,28,0,28,3,2,28,0,33,96,0,96,129
08/12/2014,ALW,WA,ANM,WE,Federal Contract Tower,3,2,2,0,7,0,0,32,0,32,3,2,34,0,39,58,0,58,97
08/13/2014,ALW,WA,ANM,WE,Federal Contract Tower,3,2,3,1,9,0,0,36,1,37,3,2,39,2,46,68,0,68,114
08/14/2014,ALW,WA,ANM,WE,Federal Contract Tower,3,2,2,2,9,0,0,33,0,33,3,2,35,2,42,94,0,94,136
08/15/2014,ALW,WA,ANM,WE,Federal Contract Tower,3,4,0,0,7,0,0,42,0,42,3,4,42,0,49,58,0,58,107
08/16/2014,ALW,WA,ANM,WE,Federal Contract Tower,1,0,3,0,4,0,0,21,0,21,1,0,24,0,25,4,0,4,29
08/17/2014,ALW,WA,ANM,WE,Federal Contract Tower,3,0,3,0,6,0,0,21,0,21,3,0,24,0,27,0,0,0,27
08/18/2014,ALW,WA,ANM,WE,Federal Contract Tower,3,5,2,0,10,0,0,57,0,57,3,5,59,0,67,100,0,100,167
08/19/2014,ALW,WA,ANM,WE,Federal Contract Tower,3,4,7,0,14,0,0,28,0,28,3,4,35,0,42,46,0,46,88
08/20/2014,ALW,WA,ANM,WE,Federal Contract Tower,3,3,6,0,12,0,0,28,0,28,3,3,34,0,40,77,0,77,117
08/21/2014,ALW,WA,ANM,WE,Federal Contract Tower,3,4,5,0,12,0,0,25,0,25,3,4,30,0,37,46,0,46,83
08/22/2014,ALW,WA,ANM,WE,Federal Contract Tower,3,2,3,0,8,0,0,29,0,29,3,2,32,0,37,14,0,14,51
08/23/2014,ALW,WA,ANM,WE,Federal Contract Tower,1,1,5,0,7,0,1,12,0,13,1,2,17,0,20,0,0,0,20
08/24/2014,ALW,WA,ANM,WE,Federal Contract Tower,3,2,2,0,7,0,0,18,0,18,3,2,20,0,25,32,0,32,57
08/25/2014,ALW,WA,ANM,WE,Federal Contract Tower,3,4,5,0,12,0,0,40,0,40,3,4,45,0,52,90,0,90,142
08/26/2014,ALW,WA,ANM,WE,Federal Contract Tower,3,5,4,0,12,0,0,29,0,29,3,5,33,0,41,54,0,54,95
08/27/2014,ALW,WA,ANM,WE,Federal Contract Tower,3,4,7,0,14,0,0,34,0,34,3,4,41,0,48,98,0,98,146
08/28/2014,ALW,WA,ANM,WE,Federal Contract Tower,3,2,5,0,10,0,0,15,0,15,3,2,20,0,25,44,0,44,69
08/29/2014,ALW,WA,ANM,WE,Federal Contract Tower,3,1,3,0,7,0,1,25,0,26,3,2,28,0,33,49,0,49,82
08/30/2014,ALW,WA,ANM,WE,Federal Contract Tower,1,2,3,0,6,0,0,9,0,9,1,2,12,0,15,0,0,0,15
08/31/2014,ALW,WA,ANM,WE,Federal Contract Tower,1,0,1,0,2,0,0,10,0,10,1,0,11,0,12,0,0,0,12
09/01/2014,ALW,WA,ANM,WE,Federal Contract Tower,3,0,1,0,4,0,0,18,0,18,3,0,19,0,22,12,0,12,34
09/02/2014,ALW,WA,ANM,WE,Federal Contract Tower,3,2,2,0,7,0,0,19,0,19,3,2,21,0,26,12,0,12,38
09/03/2014,ALW,WA,ANM,WE,Federal Contract Tower,3,6,1,0,10,0,0,13,0,13,3,6,14,0,23,0,0,0,23
09/04/2014,ALW,WA,ANM,WE,Federal Contract Tower,3,2,0,0,5,0,0,26,0,26,3,2,26,0,31,56,0,56,87
09/05/2014,ALW,WA,ANM,WE,Federal Contract Tower,3,4,1,0,8,0,1,10,0,11,3,5,11,0,19,4,0,4,23
09/06/2014,ALW,WA,ANM,WE,Federal Contract Tower,1,0,2,0,3,0,0,10,0,10,1,0,12,0,13,8,0,8,21
09/07/2014,ALW,WA,ANM,WE,Federal Contract Tower,3,2,0,0,5,0,0,18,0,18,3,2,18,0,23,0,0,0,23
09/08/2014,ALW,WA,ANM,WE,Federal Contract Tower,3,2,3,2,10,0,0,5,0,5,3,2,8,2,15,0,0,0,15
09/09/2014,ALW,WA,ANM,WE,Federal Contract Tower,3,2,0,0,5,0,0,7,2,9,3,2,7,2,14,36,0,36,50
09/10/2014,ALW,WA,ANM,WE,Federal Contract Tower,3,2,0,0,5,0,0,12,0,12,3,2,12,0,17,32,0,32,49
09/11/2014,ALW,WA,ANM,WE,Federal Contract Tower,3,2,0,2,7,0,2,13,0,15,3,4,13,2,22,14,0,14,36
09/12/2014,ALW,WA,ANM,WE,Federal Contract Tower,3,6,4,0,13,0,0,20,0,20,3,6,24,0,33,12,0,12,45
09/13/2014,ALW,WA,ANM,WE,Federal Contract Tower,1,1,2,0,4,0,0,10,0,10,1,1,12,0,14,24,0,24,38
09/14/2014,ALW,WA,ANM,WE,Federal Contract Tower,3,4,2,0,9,0,0,17,0,17,3,4,19,0,26,10,0,10,36
09/15/2014,ALW,WA,ANM,WE,Federal Contract Tower,3,4,11,0,18,0,2,15,0,17,3,6,26,0,35,24,0,24,59
09/16/2014,ALW,WA,ANM,WE,Federal Contract Tower,3,4,0,0,7,0,0,16,0,16,3,4,16,0,23,46,0,46,69
09/17/2014,ALW,WA,ANM,WE,Federal Contract Tower,3,2,4,0,9,0,0,11,2,13,3,2,15,2,22,4,0,4,26
09/18/2014,ALW,WA,ANM,WE,Federal Contract Tower,3,3,4,1,11,0,2,11,0,13,3,5,15,1,24,28,0,28,52
09/19/2014,ALW,WA,ANM,WE,Federal Contract Tower,3,2,6,0,11,0,1,19,0,20,3,3,25,0,31,0,0,0,31
09/20/2014,ALW,WA,ANM,WE,Federal Contract Tower,1,0,2,0,3,0,0,30,0,30,1,0,32,0,33,24,0,24,57
09/21/2014,ALW,WA,ANM,WE,Federal Contract Tower,3,3,2,0,8,0,0,22,0,22,3,3,24,0,30,18,0,18,48
09/22/2014,ALW,WA,ANM,WE,Federal Contract Tower,3,3,4,0,10,0,0,7,0,7,3,3,11,0,17,10,0,10,27
09/23/2014,ALW,WA,ANM,WE,Federal Contract Tower,3,2,2,0,7,0,0,15,0,15,3,2,17,0,22,12,0,12,34
09/24/2014,ALW,WA,ANM,WE,Federal Contract Tower,3,6,3,0,12,0,0,8,0,8,3,6,11,0,20,24,0,24,44
09/25/2014,ALW,WA,ANM,WE,Federal Contract Tower,3,2,0,0,5,0,0,24,0,24,3,2,24,0,29,28,0,28,57
09/26/2014,ALW,WA,ANM,WE,Federal Contract Tower,3,2,0,2,7,0,4,23,0,27,3,6,23,2,34,28,0,28,62
09/27/2014,ALW,WA,ANM,WE,Federal Contract Tower,1,0,2,0,3,0,0,40,0,40,1,0,42,0,43,8,0,8,51
09/28/2014,ALW,WA,ANM,WE,Federal Contract Tower,3,0,1,0,4,0,0,31,0,31,3,0,32,0,35,24,0,24,59
09/29/2014,ALW,WA,ANM,WE,Federal Contract Tower,3,2,1,0,6,0,0,26,0,26,3,2,27,0,32,36,0,36,68
09/30/2014,ALW,WA,ANM,WE,Federal Contract Tower,3,2,2,0,7,0,0,24,0,24,3,2,26,0,31,54,0,54,85
10/01/2014,ALW,WA,ANM,WE,Federal Contract Tower,3,2,7,0,12,0,4,36,0,40,3,6,43,0,52,62,0,62,114
10/02/2014,ALW,WA,ANM,WE,Federal Contract Tower,3,2,4,0,9,0,0,40,0,40,3,2,44,0,49,92,0,92,141
10/03/2014,ALW,WA,ANM,WE,Federal Contract Tower,2,1,11,0,14,0,1,57,0,58,2,2,68,0,72,60,0,60,132
10/04/2014,ALW,WA,ANM,WE,Federal Contract Tower,1,0,4,0,5,0,0,34,0,34,1,0,38,0,39,12,0,12,51
10/05/2014,ALW,WA,ANM,WE,Federal Contract Tower,3,0,6,0,9,0,0,37,0,37,3,0,43,0,46,20,0,20,66
10/06/2014,ALW,WA,ANM,WE,Federal Contract Tower,3,3,3,0,9,0,0,51,0,51,3,3,54,0,60,42,0,42,102
10/07/2014,ALW,WA,ANM,WE,Federal Contract Tower,3,2,2,0,7,0,0,38,0,38,3,2,40,0,45,78,0,78,123
10/08/2014,ALW,WA,ANM,WE,Federal Contract Tower,3,2,4,0,9,0,0,41,0,41,3,2,45,0,50,142,0,142,192
10/09/2014,ALW,WA,ANM,WE,Federal Contract Tower,2,2,5,0,9,0,0,23,0,23,2,2,28,0,32,82,0,82,114
10/10/2014,ALW,WA,ANM,WE,Federal Contract Tower,3,1,6,0,10,0,1,60,0,61,3,2,66,0,71,86,0,86,157
10/11/2014,ALW,WA,ANM,WE,Federal Contract Tower,1,0,1,0,2,0,0,13,0,13,1,0,14,0,15,6,0,6,21
10/12/2014,ALW,WA,ANM,WE,Federal Contract Tower,3,1,3,0,7,0,0,24,0,24,3,1,27,0,31,20,0,20,51
10/13/2014,ALW,WA,ANM,WE,Federal Contract Tower,3,3,0,0,6,0,0,33,0,33,3,3,33,0,39,48,0,48,87
10/14/2014,ALW,WA,ANM,WE,Federal Contract Tower,3,5,6,0,14,0,0,32,0,32,3,5,38,0,46,88,0,88,134
10/15/2014,ALW,WA,ANM,WE,Federal Contract Tower,3,4,0,0,7,0,0,18,0,18,3,4,18,0,25,58,0,58,83
10/16/2014,ALW,WA,ANM,WE,Federal Contract Tower,3,2,4,0,9,0,0,36,0,36,3,2,40,0,45,46,0,46,91
10/17/2014,ALW,WA,ANM,WE,Federal Contract Tower,3,6,11,0,20,0,0,34,0,34,3,6,45,0,54,56,0,56,110
10/18/2014,ALW,WA,ANM,WE,Federal Contract Tower,1,0,2,0,3,0,0,9,0,9,1,0,11,0,12,0,0,0,12
10/19/2014,ALW,WA,ANM,WE,Federal Contract Tower,3,0,12,0,15,0,0,24,0,24,3,0,36,0,39,32,0,32,71
10/20/2014,ALW,WA,ANM,WE,Federal Contract Tower,3,4,5,0,12,0,0,45,0,45,3,4,50,0,57,48,0,48,105
10/21/2014,ALW,WA,ANM,WE,Federal Contract Tower,3,2,0,0,5,0,0,26,0,26,3,2,26,0,31,84,0,84,115
10/22/2014,ALW,WA,ANM,WE,Federal Contract Tower,4,2,6,0,12,0,0,24,0,24,4,2,30,0,36,38,0,38,74
10/23/2014,ALW,WA,ANM,WE,Federal Contract Tower,4,2,10,0,16,0,0,13,0,13,4,2,23,0,29,16,0,16,45
10/24/2014,ALW,WA,ANM,WE,Federal Contract Tower,3,2,11,0,16,0,0,25,0,25,3,2,36,0,41,40,0,40,81
10/25/2014,ALW,WA,ANM,WE,Federal Contract Tower,1,2,3,0,6,0,0,0,0,0,1,2,3,0,6,2,0,2,8
10/26/2014,ALW,WA,ANM,WE,Federal Contract Tower,3,0,8,0,11,0,0,9,0,9,3,0,17,0,20,2,0,2,22
10/27/2014,ALW,WA,ANM,WE,Federal Contract Tower,3,6,1,1,11,0,0,31,1,32,3,6,32,2,43,42,0,42,85
10/28/2014,ALW,WA,ANM,WE,Federal Contract Tower,3,2,4,0,9,0,0,16,0,16,3,2,20,0,25,66,0,66,91
10/29/2014,ALW,WA,ANM,WE,Federal Contract Tower,3,4,5,0,12,0,0,34,0,34,3,4,39,0,46,66,0,66,112
10/30/2014,ALW,WA,ANM,WE,Federal Contract Tower,3,4,9,0,16,0,0,7,0,7,3,4,16,0,23,12,0,12,35
10/31/2014,ALW,WA,ANM,WE,Federal Contract Tower,3,4,4,0,11,0,0,13,0,13,3,4,17,0,24,42,0,42,66
11/01/2014,ALW,WA,ANM,WE,Federal Contract Tower,1,4,5,0,10,0,0,0,0,0,1,4,5,0,10,0,0,0,10
11/02/2014,ALW,WA,ANM,WE,Federal Contract Tower,3,0,7,0,10,0,0,36,0,36,3,0,43,0,46,60,0,60,106
11/03/2014,ALW,WA,ANM,WE,Federal Contract Tower,3,2,4,1,10,0,0,34,0,34,3,2,38,1,44,72,0,72,116
11/04/2014,ALW,WA,ANM,WE,Federal Contract Tower,3,2,1,0,6,0,0,13,0,13,3,2,14,0,19,88,0,88,107
11/05/2014,ALW,WA,ANM,WE,Federal Contract Tower,3,2,6,0,11,0,0,63,0,63,3,2,69,0,74,80,0,80,154
11/06/2014,ALW,WA,ANM,WE,Federal Contract Tower,3,2,3,0,8,0,0,23,0,23,3,2,26,0,31,38,0,38,69
11/07/2014,ALW,WA,ANM,WE,Federal Contract Tower,3,4,2,0,9,0,0,46,0,46,3,4,48,0,55,96,0,96,151
11/08/2014,ALW,WA,ANM,WE,Federal Contract Tower,1,0,3,0,4,0,0,18,0,18,1,0,21,0,22,2,0,2,24
11/09/2014,ALW,WA,ANM,WE,Federal Contract Tower,3,2,5,0,10,0,0,4,0,4,3,2,9,0,14,0,0,0,14
11/10/2014,ALW,WA,ANM,WE,Federal Contract Tower,3,5,2,0,10,0,0,41,0,41,3,5,43,0,51,98,0,98,149
11/11/2014,ALW,WA,ANM,WE,Federal Contract Tower,3,3,3,0,9,0,0,33,0,33,3,3,36,0,42,34,0,34,76
11/12/2014,ALW,WA,ANM,WE,Federal Contract Tower,3,2,6,0,11,0,0,35,0,35,3,2,41,0,46,84,0,84,130
11/13/2014,ALW,WA,ANM,WE,Federal Contract Tower,3,2,1,0,6,0,1,13,0,14,3,3,14,0,20,40,0,40,60
11/14/2014,ALW,WA,ANM,WE,Federal Contract Tower,3,4,1,0,8,0,0,6,0,6,3,4,7,0,14,6,0,6,20
11/15/2014,ALW,WA,ANM,WE,Federal Contract Tower,1,0,1,0,2,0,1,12,0,13,1,1,13,0,15,12,0,12,27
11/16/2014,ALW,WA,ANM,WE,Federal Contract Tower,3,3,6,0,12,0,1,5,0,6,3,4,11,0,18,22,0,22,40
11/17/2014,ALW,WA,ANM,WE,Federal Contract Tower,3,2,12,0,17,0,0,19,0,19,3,2,31,0,36,92,0,92,128
11/18/2014,ALW,WA,ANM,WE,Federal Contract Tower,3,2,0,0,5,0,0,0,0,0,3,2,0,0,5,0,0,0,5
11/19/2014,ALW,WA,ANM,WE,Federal Contract Tower,3,2,0,0,5,0,0,0,0,0,3,2,0,0,5,0,0,0,5
11/20/2014,ALW,WA,ANM,WE,Federal Contract Tower,3,6,3,0,12,0,0,5,0,5,3,6,8,0,17,36,0,36,53
11/21/2014,ALW,WA,ANM,WE,Federal Contract Tower,3,2,6,0,11,0,0,8,0,8,3,2,14,0,19,12,0,12,31
11/22/2014,ALW,WA,ANM,WE,Federal Contract Tower,1,0,0,0,1,0,0,2,0,2,1,0,2,0,3,8,0,8,11
11/23/2014,ALW,WA,ANM,WE,Federal Contract Tower,3,0,3,0,6,0,0,6,0,6,3,0,9,0,12,6,0,6,18
11/24/2014,ALW,WA,ANM,WE,Federal Contract Tower,3,4,0,0,7,0,0,12,0,12,3,4,12,0,19,16,0,16,35
11/25/2014,ALW,WA,ANM,WE,Federal Contract Tower,3,3,4,0,10,0,0,0,0,0,3,3,4,0,10,0,0,0,10
11/26/2014,ALW,WA,ANM,WE,Federal Contract Tower,2,4,2,0,8,0,0,6,0,6,2,4,8,0,14,22,0,22,36
11/27/2014,ALW,WA,ANM,WE,Federal Contract Tower,0,1,7,0,8,0,0,4,0,4,0,1,11,0,12,0,0,0,12
11/28/2014,ALW,WA,ANM,WE,Federal Contract Tower,3,4,0,0,7,0,1,0,0,1,3,5,0,0,8,10,0,10,18
11/29/2014,ALW,WA,ANM,WE,Federal Contract Tower,3,0,1,0,4,0,0,2,0,2,3,0,3,0,6,0,0,0,6
11/30/2014,ALW,WA,ANM,WE,Federal Contract Tower,3,2,3,0,8,0,0,20,0,20,3,2,23,0,28,14,0,14,42
12/01/2014,ALW,WA,ANM,WE,Federal Contract Tower,3,2,1,0,6,0,0,29,0,29,3,2,30,0,35,98,0,98,133
12/02/2014,ALW,WA,ANM,WE,Federal Contract Tower,3,2,1,0,6,0,0,0,0,0,3,2,1,0,6,0,0,0,6
12/03/2014,ALW,WA,ANM,WE,Federal Contract Tower,3,2,1,0,6,0,0,14,0,14,3,2,15,0,20,52,0,52,72
12/04/2014,ALW,WA,ANM,WE,Federal Contract Tower,2,2,0,0,4,0,0,0,0,0,2,2,0,0,4,0,0,0,4
12/05/2014,ALW,WA,ANM,WE,Federal Contract Tower,3,2,0,0,5,0,0,0,0,0,3,2,0,0,5,0,0,0,5
12/06/2014,ALW,WA,ANM,WE,Federal Contract Tower,1,0,0,0,1,0,0,9,0,9,1,0,9,0,10,28,0,28,38
12/07/2014,ALW,WA,ANM,WE,Federal Contract Tower,3,0,2,0,5,0,0,0,0,0,3,0,2,0,5,0,0,0,5
12/08/2014,ALW,WA,ANM,WE,Federal Contract Tower,2,3,7,0,12,0,0,0,0,0,2,3,7,0,12,0,0,0,12
12/09/2014,ALW,WA,ANM,WE,Federal Contract Tower,3,5,0,0,8,0,0,22,2,24,3,5,22,2,32,118,0,118,150
12/10/2014,ALW,WA,ANM,WE,Federal Contract Tower,3,2,3,0,8,0,0,7,0,7,3,2,10,0,15,12,0,12,27
12/11/2014,ALW,WA,ANM,WE,Federal Contract Tower,1,2,0,0,3,0,2,5,0,7,1,4,5,0,10,0,0,0,10
12/12/2014,ALW,WA,ANM,WE,Federal Contract Tower,3,2,4,0,9,0,0,10,0,10,3,2,14,0,19,14,0,14,33
12/13/2014,ALW,WA,ANM,WE,Federal Contract Tower,1,0,3,0,4,0,0,21,0,21,1,0,24,0,25,0,0,0,25
12/14/2014,ALW,WA,ANM,WE,Federal Contract Tower,3,0,1,0,4,0,0,0,0,0,3,0,1,0,4,0,0,0,4
12/15/2014,ALW,WA,ANM,WE,Federal Contract Tower,3,0,0,0,3,0,0,0,0,0,3,0,0,0,3,0,0,0,3
12/16/2014,ALW,WA,ANM,WE,Federal Contract Tower,3,2,0,0,5,0,0,0,0,0,3,2,0,0,5,0,0,0,5
12/17/2014,ALW,WA,ANM,WE,Federal Contract Tower,3,2,4,0,9,0,0,0,0,0,3,2,4,0,9,0,0,0,9
12/18/2014,ALW,WA,ANM,WE,Federal Contract Tower,3,3,3,0,9,0,1,11,0,12,3,4,14,0,21,10,0,10,31
12/19/2014,ALW,WA,ANM,WE,Federal Contract Tower,3,5,0,0,8,0,0,7,0,7,3,5,7,0,15,2,0,2,17
12/20/2014,ALW,WA,ANM,WE,Federal Contract Tower,1,0,0,0,1,0,0,0,0,0,1,0,0,0,1,0,0,0,1
12/21/2014,ALW,WA,ANM,WE,Federal Contract Tower,3,0,0,0,3,0,0,4,0,4,3,0,4,0,7,12,0,12,19
12/22/2014,ALW,WA,ANM,WE,Federal Contract Tower,3,4,0,0,7,0,1,15,2,18,3,5,15,2,25,12,0,12,37
12/23/2014,ALW,WA,ANM,WE,Federal Contract Tower,3,4,1,0,8,0,0,10,0,10,3,4,11,0,18,0,0,0,18
12/24/2014,ALW,WA,ANM,WE,Federal Contract Tower,3,7,0,0,10,0,0,0,0,0,3,7,0,0,10,0,0,0,10
12/25/2014,ALW,WA,ANM,WE,Federal Contract Tower,1,0,1,0,2,0,0,4,0,4,1,0,5,0,6,0,0,0,6
12/26/2014,ALW,WA,ANM,WE,Federal Contract Tower,3,3,0,0,6,0,1,16,0,17,3,4,16,0,23,20,0,20,43
12/27/2014,ALW,WA,ANM,WE,Federal Contract Tower,3,0,0,0,3,0,0,0,0,0,3,0,0,0,3,0,0,0,3
12/28/2014,ALW,WA,ANM,WE,Federal Contract Tower,3,0,2,0,5,0,0,0,0,0,3,0,2,0,5,0,0,0,5
12/29/2014,ALW,WA,ANM,WE,Federal Contract Tower,3,2,1,0,6,0,0,2,0,2,3,2,3,0,8,0,0,0,8
12/30/2014,ALW,WA,ANM,WE,Federal Contract Tower,3,2,3,0,8,0,0,6,0,6,3,2,9,0,14,0,0,0,14
12/31/2014,ALW,WA,ANM,WE,Federal Contract Tower,3,2,0,0,5,0,12,12,0,24,3,14,12,0,29,0,0,0,29
01/01/2015,ALW,WA,ANM,WE,Federal Contract Tower,1,0,0,0,1,0,0,4,0,4,1,0,4,0,5,0,0,0,5
01/02/2015,ALW,WA,ANM,WE,Federal Contract Tower,3,2,0,0,5,0,0,2,0,2,3,2,2,0,7,0,0,0,7
01/03/2015,ALW,WA,ANM,WE,Federal Contract Tower,3,0,2,0,5,0,0,0,0,0,3,0,2,0,5,0,0,0,5
01/04/2015,ALW,WA,ANM,WE,Federal Contract Tower,3,0,0,0,3,0,0,0,0,0,3,0,0,0,3,0,0,0,3
01/05/2015,ALW,WA,ANM,WE,Federal Contract Tower,3,3,3,0,9,0,0,23,0,23,3,3,26,0,32,48,0,48,80
01/06/2015,ALW,WA,ANM,WE,Federal Contract Tower,3,3,3,1,10,0,0,27,0,27,3,3,30,1,37,80,0,80,117
01/07/2015,ALW,WA,ANM,WE,Federal Contract Tower,3,6,3,0,12,0,0,12,0,12,3,6,15,0,24,32,0,32,56
01/08/2015,ALW,WA,ANM,WE,Federal Contract Tower,2,2,0,0,4,0,0,0,0,0,2,2,0,0,4,0,0,0,4
01/09/2015,ALW,WA,ANM,WE,Federal Contract Tower,3,2,2,0,7,0,0,0,0,0,3,2,2,0,7,54,0,54,61
01/10/2015,ALW,WA,ANM,WE,Federal Contract Tower,1,4,2,0,7,0,0,0,0,0,1,4,2,0,7,0,0,0,7
01/11/2015,ALW,WA,ANM,WE,Federal Contract Tower,3,0,0,0,3,0,0,0,0,0,3,0,0,0,3,0,0,0,3
01/12/2015,ALW,WA,ANM,WE,Federal Contract Tower,2,2,6,1,11,0,0,8,0,8,2,2,14,1,19,14,0,14,33
01/13/2015,ALW,WA,ANM,WE,Federal Contract Tower,3,2,5,0,10,0,0,26,0,26,3,2,31,0,36,38,0,38,74
01/14/2015,ALW,WA,ANM,WE,Federal Contract Tower,3,2,6,0,11,0,0,6,2,8,3,2,12,2,19,12,0,12,31
01/15/2015,ALW,WA,ANM,WE,Federal Contract Tower,3,2,9,0,14,0,0,21,0,21,3,2,30,0,35,64,0,64,99
01/16/2015,ALW,WA,ANM,WE,Federal Contract Tower,3,2,3,0,8,0,0,28,0,28,3,2,31,0,36,38,0,38,74
01/17/2015,ALW,WA,ANM,WE,Federal Contract Tower,1,2,4,0,7,0,0,0,0,0,1,2,4,0,7,0,0,0,7
01/18/2015,ALW,WA,ANM,WE,Federal Contract Tower,3,0,3,0,6,0,0,10,0,10,3,0,13,0,16,26,0,26,42
01/19/2015,ALW,WA,ANM,WE,Federal Contract Tower,3,2,9,0,14,0,0,43,0,43,3,2,52,0,57,92,0,92,149
01/20/2015,ALW,WA,ANM,WE,Federal Contract Tower,3,2,4,0,9,0,0,20,0,20,3,2,24,0,29,26,0,26,55
01/21/2015,ALW,WA,ANM,WE,Federal Contract Tower,3,2,0,0,5,0,0,0,0,0,3,2,0,0,5,0,0,0,5
01/22/2015,ALW,WA,ANM,WE,Federal Contract Tower,3,4,0,0,7,0,0,0,0,0,3,4,0,0,7,0,0,0,7
01/23/2015,ALW,WA,ANM,WE,Federal Contract Tower,3,3,0,0,6,0,0,0,0,0,3,3,0,0,6,0,0,0,6
01/24/2015,ALW,WA,ANM,WE,Federal Contract Tower,1,0,1,0,2,0,0,14,0,14,1,0,15,0,16,28,0,28,44
01/25/2015,ALW,WA,ANM,WE,Federal Contract Tower,3,0,0,0,3,0,0,0,0,0,3,0,0,0,3,0,0,0,3
01/26/2015,ALW,WA,ANM,WE,Federal Contract Tower,2,2,0,0,4,0,0,0,0,0,2,2,0,0,4,0,0,0,4
01/27/2015,ALW,WA,ANM,WE,Federal Contract Tower,2,1,13,0,16,0,0,6,0,6,2,1,19,0,22,14,0,14,36
01/28/2015,ALW,WA,ANM,WE,Federal Contract Tower,1,2,0,0,3,0,0,4,0,4,1,2,4,0,7,2,0,2,9
01/29/2015,ALW,WA,ANM,WE,Federal Contract Tower,3,2,1,0,6,0,0,0,0,0,3,2,1,0,6,0,0,0,6
01/30/2015,ALW,WA,ANM,WE,Federal Contract Tower,3,4,7,0,14,0,0,0,0,0,3,4,7,0,14,0,0,0,14
01/31/2015,ALW,WA,ANM,WE,Federal Contract Tower,1,0,0,0,1,0,0,0,0,0,1,0,0,0,1,0,0,0,1
02/01/2015,ALW,WA,ANM,WE,Federal Contract Tower,3,0,3,0,6,0,0,2,0,2,3,0,5,0,8,8,0,8,16
02/02/2015,ALW,WA,ANM,WE,Federal Contract Tower,3,4,5,0,12,0,0,9,0,9,3,4,14,0,21,10,0,10,31
02/03/2015,ALW,WA,ANM,WE,Federal Contract Tower,2,3,10,0,15,0,0,17,0,17,2,3,27,0,32,50,0,50,82
02/04/2015,ALW,WA,ANM,WE,Federal Contract Tower,3,2,4,0,9,0,0,0,0,0,3,2,4,0,9,0,0,0,9
02/05/2015,ALW,WA,ANM,WE,Federal Contract Tower,2,2,7,0,11,0,0,15,2,17,2,2,22,2,28,48,0,48,76
02/06/2015,ALW,WA,ANM,WE,Federal Contract Tower,3,4,2,0,9,0,0,3,1,4,3,4,5,1,13,4,0,4,17
02/07/2015,ALW,WA,ANM,WE,Federal Contract Tower,1,0,0,0,1,0,0,0,0,0,1,0,0,0,1,0,0,0,1
02/08/2015,ALW,WA,ANM,WE,Federal Contract Tower,3,0,10,0,13,0,0,24,0,24,3,0,34,0,37,18,0,18,55
02/09/2015,ALW,WA,ANM,WE,Federal Contract Tower,3,2,7,0,12,0,0,36,0,36,3,2,43,0,48,122,0,122,170
02/10/2015,ALW,WA,ANM,WE,Federal Contract Tower,3,2,5,1,11,0,0,33,0,33,3,2,38,1,44,86,0,86,130
02/11/2015,ALW,WA,ANM,WE,Federal Contract Tower,3,2,6,0,11,0,0,47,0,47,3,2,53,0,58,128,0,128,186
02/12/2015,ALW,WA,ANM,WE,Federal Contract Tower,3,4,6,0,13,0,0,32,0,32,3,4,38,0,45,102,0,102,147
02/13/2015,ALW,WA,ANM,WE,Federal Contract Tower,3,4,0,0,7,0,0,0,0,0,3,4,0,0,7,0,0,0,7
02/14/2015,ALW,WA,ANM,WE,Federal Contract Tower,0,0,8,0,8,0,0,18,0,18,0,0,26,0,26,16,0,16,42
02/15/2015,ALW,WA,ANM,WE,Federal Contract Tower,3,0,6,0,9,0,0,12,0,12,3,0,18,0,21,0,0,0,21
02/16/2015,ALW,WA,ANM,WE,Federal Contract Tower,3,2,0,0,5,0,0,27,0,27,3,2,27,0,32,8,0,8,40
02/17/2015,ALW,WA,ANM,WE,Federal Contract Tower,3,2,6,0,11,0,0,29,0,29,3,2,35,0,40,86,0,86,126
02/18/2015,ALW,WA,ANM,WE,Federal Contract Tower,3,4,10,1,18,0,1,36,1,38,3,5,46,2,56,120,0,120,176
02/19/2015,ALW,WA,ANM,WE,Federal Contract Tower,3,3,12,0,18,0,0,31,0,31,3,3,43,0,49,82,0,82,131
02/20/2015,ALW,WA,ANM,WE,Federal Contract Tower,2,3,3,0,8,0,1,66,0,67,2,4,69,0,75,94,0,94,169
02/21/2015,ALW,WA,ANM,WE,Federal Contract Tower,1,0,1,0,2,0,0,26,0,26,1,0,27,0,28,0,0,0,28
02/22/2015,ALW,WA,ANM,WE,Federal Contract Tower,3,0,1,0,4,0,0,11,0,11,3,0,12,0,15,26,0,26,41
02/23/2015,ALW,WA,ANM,WE,Federal Contract Tower,3,2,5,0,10,0,1,37,0,38,3,3,42,0,48,164,0,164,212
02/24/2015,ALW,WA,ANM,WE,Federal Contract Tower,3,2,3,0,8,0,0,37,0,37,3,2,40,0,45,108,0,108,153
02/25/2015,ALW,WA,ANM,WE,Federal Contract Tower,3,2,10,0,15,0,0,29,0,29,3,2,39,0,44,170,0,170,214
02/26/2015,ALW,WA,ANM,WE,Federal Contract Tower,3,2,7,0,12,0,0,34,0,34,3,2,41,0,46,102,0,102,148
02/27/2015,ALW,WA,ANM,WE,Federal Contract Tower,3,2,13,0,18,0,0,26,0,26,3,2,39,0,44,64,0,64,108
02/28/2015,ALW,WA,ANM,WE,Federal Contract Tower,1,0,3,0,4,0,0,14,0,14,1,0,17,0,18,0,0,0,18
03/01/2015,ALW,WA,ANM,WE,Federal Contract Tower,3,0,4,0,7,0,0,25,0,25,3,0,29,0,32,22,0,22,54
03/02/2015,ALW,WA,ANM,WE,Federal Contract Tower,3,3,8,0,14,0,1,26,0,27,3,4,34,0,41,72,0,72,113
03/03/2015,ALW,WA,ANM,WE,Federal Contract Tower,3,4,4,0,11,0,0,24,0,24,3,4,28,0,35,78,0,78,113
03/04/2015,ALW,WA,ANM,WE,Federal Contract Tower,3,5,9,0,17,0,2,40,0,42,3,7,49,0,59,56,0,56,115
03/05/2015,ALW,WA,ANM,WE,Federal Contract Tower,3,2,7,0,12,0,0,35,0,35,3,2,42,0,47,92,0,92,139
03/06/2015,ALW,WA,ANM,WE,Federal Contract Tower,2,4,4,0,10,0,0,57,0,57,2,4,61,0,67,32,0,32,99
03/07/2015,ALW,WA,ANM,WE,Federal Contract Tower,1,0,5,0,6,0,0,34,0,34,1,0,39,0,40,14,0,14,54
03/08/2015,ALW,WA,ANM,WE,Federal Contract Tower,3,0,4,0,7,0,0,40,0,40,3,0,44,0,47,52,0,52,99
03/09/2015,ALW,WA,ANM,WE,Federal Contract Tower,3,2,1,0,6,0,0,20,0,20,3,2,21,0,26,86,0,86,112
03/10/2015,ALW,WA,ANM,WE,Federal Contract Tower,3,2,1,0,6,0,0,18,0,18,3,2,19,0,24,12,0,12,36
03/11/2015,ALW,WA,ANM,WE,Federal Contract Tower,3,4,7,0,14,0,0,23,0,23,3,4,30,0,37,72,0,72,109
03/12/2015,ALW,WA,ANM,WE,Federal Contract Tower,3,2,7,0,12,0,0,29,0,29,3,2,36,0,41,48,0,48,89
03/13/2015,ALW,WA,ANM,WE,Federal Contract Tower,3,2,10,0,15,0,0,42,0,42,3,2,52,0,57,46,0,46,103
03/14/2015,ALW,WA,ANM,WE,Federal Contract Tower,1,0,3,0,4,0,0,7,0,7,1,0,10,0,11,0,0,0,11
03/15/2015,ALW,WA,ANM,WE,Federal Contract Tower,3,0,2,0,5,0,0,10,0,10,3,0,12,0,15,32,0,32,47
03/16/2015,ALW,WA,ANM,WE,Federal Contract Tower,3,2,0,0,5,0,0,19,0,19,3,2,19,0,24,14,0,14,38
03/17/2015,ALW,WA,ANM,WE,Federal Contract Tower,3,4,4,0,11,0,0,3,0,3,3,4,7,0,14,2,0,2,16
03/18/2015,ALW,WA,ANM,WE,Federal Contract Tower,3,3,3,0,9,0,0,13,0,13,3,3,16,0,22,50,0,50,72
03/19/2015,ALW,WA,ANM,WE,Federal Contract Tower,3,2,3,0,8,0,0,20,0,20,3,2,23,0,28,34,0,34,62
03/20/2015,ALW,WA,ANM,WE,Federal Contract Tower,3,2,3,0,8,0,0,15,0,15,3,2,18,0,23,4,0,4,27
03/21/2015,ALW,WA,ANM,WE,Federal Contract Tower,1,0,2,0,3,0,2,7,0,9,1,2,9,0,12,4,0,4,16
03/22/2015,ALW,WA,ANM,WE,Federal Contract Tower,2,0,3,0,5,0,0,21,0,21,2,0,24,0,26,6,0,6,32
03/23/2015,ALW,WA,ANM,WE,Federal Contract Tower,3,2,4,0,9,0,0,0,0,0,3,2,4,0,9,0,0,0,9
03/24/2015,ALW,WA,ANM,WE,Federal Contract Tower,3,2,0,0,5,0,0,0,0,0,3,2,0,0,5,0,0,0,5
03/25/2015,ALW,WA,ANM,WE,Federal Contract Tower,3,4,1,0,8,0,0,6,0,6,3,4,7,0,14,0,0,0,14
03/26/2015,ALW,WA,ANM,WE,Federal Contract Tower,3,2,5,0,10,0,0,14,0,14,3,2,19,0,24,0,0,0,24
03/27/2015,ALW,WA,ANM,WE,Federal Contract Tower,3,2,3,0,8,0,0,29,0,29,3,2,32,0,37,22,0,22,59
03/28/2015,ALW,WA,ANM,WE,Federal Contract Tower,1,0,0,0,1,0,0,4,0,4,1,0,4,0,5,0,0,0,5
03/29/2015,ALW,WA,ANM,WE,Federal Contract Tower,3,0,1,0,4,0,0,48,0,48,3,0,49,0,52,30,0,30,82
03/30/2015,ALW,WA,ANM,WE,Federal Contract Tower,3,2,6,0,11,0,0,43,0,43,3,2,49,0,54,32,0,32,86
03/31/2015,ALW,WA,ANM,WE,Federal Contract Tower,3,2,5,0,10,0,0,10,0,10,3,2,15,0,20,20,0,20,40
04/01/2015,ALW,WA,ANM,WE,Federal Contract Tower,3,2,7,1,13,0,0,20,0,20,3,2,27,1,33,28,0,28,61
04/02/2015,ALW,WA,ANM,WE,Federal Contract Tower,3,2,1,0,6,0,0,28,0,28,3,2,29,0,34,54,0,54,88
04/03/2015,ALW,WA,ANM,WE,Federal Contract Tower,3,3,1,0,7,0,0,41,0,41,3,3,42,0,48,18,0,18,66
04/04/2015,ALW,WA,ANM,WE,Federal Contract Tower,1,0,2,0,3,0,0,14,0,14,1,0,16,0,17,0,0,0,17
04/05/2015,ALW,WA,ANM,WE,Federal Contract Tower,3,2,6,0,11,0,0,6,0,6,3,2,12,0,17,8,0,8,25
04/06/2015,ALW,WA,ANM,WE,Federal Contract Tower,3,4,1,0,8,0,0,40,0,40,3,4,41,0,48,4,0,4,52
04/07/2015,ALW,WA,ANM,WE,Federal Contract Tower,3,2,3,0,8,0,0,52,0,52,3,2,55,0,60,40,0,40,100
04/08/2015,ALW,WA,ANM,WE,Federal Contract Tower,3,3,4,0,10,0,2,19,0,21,3,5,23,0,31,34,0,34,65
04/09/2015,ALW,WA,ANM,WE,Federal Contract Tower,3,2,5,0,10,0,0,43,0,43,3,2,48,0,53,8,0,8,61
04/10/2015,ALW,WA,ANM,WE,Federal Contract Tower,3,2,6,0,11,0,0,52,0,52,3,2,58,0,63,48,0,48,111
04/11/2015,ALW,WA,ANM,WE,Federal Contract Tower,1,0,1,0,2,0,0,0,0,0,1,0,1,0,2,0,0,0,2
04/12/2015,ALW,WA,ANM,WE,Federal Contract Tower,3,0,6,0,9,0,0,15,0,15,3,0,21,0,24,16,0,16,40
04/13/2015,ALW,WA,ANM,WE,Federal Contract Tower,3,2,6,2,13,0,0,33,0,33,3,2,39,2,46,44,0,44,90
04/14/2015,ALW,WA,ANM,WE,Federal Contract Tower,3,2,2,0,7,0,0,9,0,9,3,2,11,0,16,8,0,8,24
04/15/2015,ALW,WA,ANM,WE,Federal Contract Tower,3,2,10,0,15,0,0,38,0,38,3,2,48,0,53,52,0,52,105
04/16/2015,ALW,WA,ANM,WE,Federal Contract Tower,3,2,6,0,11,0,0,36,0,36,3,2,42,0,47,70,0,70,117
04/17/2015,ALW,WA,ANM,WE,Federal Contract Tower,3,2,5,0,10,0,0,30,0,30,3,2,35,0,40,32,0,32,72
04/18/2015,ALW,WA,ANM,WE,Federal Contract Tower,1,0,8,0,9,0,0,21,0,21,1,0,29,0,30,8,0,8,38
04/19/2015,ALW,WA,ANM,WE,Federal Contract Tower,3,0,6,0,9,0,0,29,0,29,3,0,35,0,38,22,0,22,60
04/20/2015,ALW,WA,ANM,WE,Federal Contract Tower,3,1,2,1,7,0,0,37,0,37,3,1,39,1,44,28,0,28,72
04/21/2015,ALW,WA,ANM,WE,Federal Contract Tower,3,2,5,0,10,0,0,36,0,36,3,2,41,0,46,54,0,54,100
04/22/2015,ALW,WA,ANM,WE,Federal Contract Tower,3,2,4,0,9,0,0,28,0,28,3,2,32,0,37,46,0,46,83
04/23/2015,ALW,WA,ANM,WE,Federal Contract Tower,3,2,4,0,9,0,0,33,0,33,3,2,37,0,42,28,0,28,70
04/24/2015,ALW,WA,ANM,WE,Federal Contract Tower,3,2,3,0,8,0,0,28,0,28,3,2,31,0,36,52,0,52,88
04/25/2015,ALW,WA,ANM,WE,Federal Contract Tower,1,0,2,0,3,0,0,8,0,8,1,0,10,0,11,6,0,6,17
04/26/2015,ALW,WA,ANM,WE,Federal Contract Tower,3,1,4,0,8,0,0,20,0,20,3,1,24,0,28,50,0,50,78
04/27/2015,ALW,WA,ANM,WE,Federal Contract Tower,2,3,9,0,14,0,0,46,0,46,2,3,55,0,60,68,0,68,128
04/28/2015,ALW,WA,ANM,WE,Federal Contract Tower,2,2,11,0,15,0,0,36,0,36,2,2,47,0,51,64,0,64,115
04/29/2015,ALW,WA,ANM,WE,Federal Contract Tower,3,5,4,0,12,0,0,26,0,26,3,5,30,0,38,56,0,56,94
04/30/2015,ALW,WA,ANM,WE,Federal Contract Tower,3,2,6,1,12,0,0,34,0,34,3,2,40,1,46,42,0,42,88
05/01/2015,ALW,WA,ANM,WE,Federal Contract Tower,3,2,13,0,18,0,0,36,0,36,3,2,49,0,54,60,0,60,114
05/02/2015,ALW,WA,ANM,WE,Federal Contract Tower,1,0,1,0,2,0,0,28,0,28,1,0,29,0,30,10,0,10,40
05/03/2015,ALW,WA,ANM,WE,Federal Contract Tower,3,0,7,0,10,0,0,44,0,44,3,0,51,0,54,6,0,6,60
05/04/2015,ALW,WA,ANM,WE,Federal Contract Tower,3,2,3,0,8,0,0,30,0,30,3,2,33,0,38,78,0,78,116
05/05/2015,ALW,WA,ANM,WE,Federal Contract Tower,3,8,8,0,19,0,0,20,0,20,3,8,28,0,39,70,0,70,109
05/06/2015,ALW,WA,ANM,WE,Federal Contract Tower,3,2,5,0,10,0,0,22,0,22,3,2,27,0,32,54,0,54,86
05/07/2015,ALW,WA,ANM,WE,Federal Contract Tower,3,3,6,0,12,0,0,38,0,38,3,3,44,0,50,46,0,46,96
05/08/2015,ALW,WA,ANM,WE,Federal Contract Tower,3,2,3,0,8,0,0,57,0,57,3,2,60,0,65,58,0,58,123
05/09/2015,ALW,WA,ANM,WE,Federal Contract Tower,1,0,2,0,3,0,0,25,0,25,1,0,27,0,28,20,0,20,48
05/10/2015,ALW,WA,ANM,WE,Federal Contract Tower,2,0,6,0,8,0,0,19,0,19,2,0,25,0,27,84,0,84,111
05/11/2015,ALW,WA,ANM,WE,Federal Contract Tower,3,2,4,0,9,0,0,32,0,32,3,2,36,0,41,78,0,78,119
05/12/2015,ALW,WA,ANM,WE,Federal Contract Tower,3,2,9,0,14,0,0,16,0,16,3,2,25,0,30,64,0,64,94
05/13/2015,ALW,WA,ANM,WE,Federal Contract Tower,5,2,2,0,9,0,0,12,0,12,5,2,14,0,21,24,0,24,45
05/14/2015,ALW,WA,ANM,WE,Federal Contract Tower,3,2,13,0,18,0,0,42,0,42,3,2,55,0,60,62,0,62,122
05/15/2015,ALW,WA,ANM,WE,Federal Contract Tower,3,2,10,0,15,0,0,37,0,37,3,2,47,0,52,68,0,68,120
05/16/2015,ALW,WA,ANM,WE,Federal Contract Tower,1,0,1,0,2,0,0,6,0,6,1,0,7,0,8,0,0,0,8
05/17/2015,ALW,WA,ANM,WE,Federal Contract Tower,3,3,7,1,14,0,0,20,0,20,3,3,27,1,34,30,0,30,64
05/18/2015,ALW,WA,ANM,WE,Federal Contract Tower,3,2,6,0,11,0,0,27,0,27,3,2,33,0,38,46,0,46,84
05/19/2015,ALW,WA,ANM,WE,Federal Contract Tower,3,2,10,0,15,0,0,35,0,35,3,2,45,0,50,32,0,32,82
05/20/2015,ALW,WA,ANM,WE,Federal Contract Tower,3,3,5,0,11,0,1,40,2,43,3,4,45,2,54,50,0,50,104
05/21/2015,ALW,WA,ANM,WE,Federal Contract Tower,3,2,5,0,10,0,0,28,0,28,3,2,33,0,38,34,0,34,72
05/22/2015,ALW,WA,ANM,WE,Federal Contract Tower,3,2,10,0,15,0,0,29,0,29,3,2,39,0,44,38,0,38,82
05/23/2015,ALW,WA,ANM,WE,Federal Contract Tower,1,0,1,0,2,0,0,28,0,28,1,0,29,0,30,0,0,0,30
05/24/2015,ALW,WA,ANM,WE,Federal Contract Tower,1,4,2,0,7,0,0,0,0,0,1,4,2,0,7,4,0,4,11
05/25/2015,ALW,WA,ANM,WE,Federal Contract Tower,3,0,6,0,9,0,0,22,0,22,3,0,28,0,31,32,0,32,63
05/26/2015,ALW,WA,ANM,WE,Federal Contract Tower,3,4,4,0,11,0,0,40,0,40,3,4,44,0,51,56,0,56,107
05/27/2015,ALW,WA,ANM,WE,Federal Contract Tower,3,2,0,0,5,0,0,35,0,35,3,2,35,0,40,20,0,20,60
05/28/2015,ALW,WA,ANM,WE,Federal Contract Tower,3,3,9,0,15,0,0,53,0,53,3,3,62,0,68,58,0,58,126
05/29/2015,ALW,WA,ANM,WE,Federal Contract Tower,3,2,6,0,11,0,2,51,0,53,3,4,57,0,64,64,0,64,128
05/30/2015,ALW,WA,ANM,WE,Federal Contract Tower,0,0,0,0,0,0,0,70,0,70,0,0,70,0,70,0,0,0,70
05/31/2015,ALW,WA,ANM,WE,Federal Contract Tower,3,0,5,0,8,0,0,74,0,74,3,0,79,0,82,24,0,24,106
06/01/2015,ALW,WA,ANM,WE,Federal Contract Tower,3,2,2,0,7,0,0,25,0,25,3,2,27,0,32,32,0,32,64
06/02/2015,ALW,WA,ANM,WE,Federal Contract Tower,3,4,3,1,11,0,1,18,0,19,3,5,21,1,30,14,0,14,44
06/03/2015,ALW,WA,ANM,WE,Federal Contract Tower,3,1,8,0,12,0,0,30,0,30,3,1,38,0,42,34,0,34,76
06/04/2015,ALW,WA,ANM,WE,Federal Contract Tower,3,2,13,1,19,0,0,44,0,44,3,2,57,1,63,42,0,42,105
06/05/2015,ALW,WA,ANM,WE,Federal Contract Tower,3,4,7,0,14,0,0,56,0,56,3,4,63,0,70,80,0,80,150
06/06/2015,ALW,WA,ANM,WE,Federal Contract Tower,1,0,2,0,3,0,0,136,0,136,1,0,138,0,139,12,0,12,151
06/07/2015,ALW,WA,ANM,WE,Federal Contract Tower,3,0,2,0,5,0,0,36,0,36,3,0,38,0,41,0,0,0,41
06/08/2015,ALW,WA,ANM,WE,Federal Contract Tower,3,2,6,0,11,0,0,26,0,26,3,2,32,0,37,12,0,12,49
06/09/2015,ALW,WA,ANM,WE,Federal Contract Tower,3,2,3,0,8,0,9,40,0,49,3,11,43,0,57,20,0,20,77
06/10/2015,ALW,WA,ANM,WE,Federal Contract Tower,3,2,5,0,10,0,6,29,0,35,3,8,34,0,45,26,0,26,71
06/11/2015,ALW,WA,ANM,WE,Federal Contract Tower,3,0,2,0,5,0,0,14,0,14,3,0,16,0,19,0,0,0,19
06/12/2015,ALW,WA,ANM,WE,Federal Contract Tower,2,2,3,0,7,0,0,20,0,20,2,2,23,0,27,16,0,16,43
06/13/2015,ALW,WA,ANM,WE,Federal Contract Tower,2,1,0,0,3,0,2,36,0,38,2,3,36,0,41,22,0,22,63
06/14/2015,ALW,WA,ANM,WE,Federal Contract Tower,2,0,1,0,3,0,0,27,0,27,2,0,28,0,30,14,0,14,44
06/15/2015,ALW,WA,ANM,WE,Federal Contract Tower,3,2,3,0,8,0,0,26,0,26,3,2,29,0,34,10,0,10,44
06/16/2015,ALW,WA,ANM,WE,Federal Contract Tower,3,1,4,0,8,0,1,41,2,44,3,2,45,2,52,38,0,38,90
06/17/2015,ALW,WA,ANM,WE,Federal Contract Tower,3,2,1,1,7,0,0,26,0,26,3,2,27,1,33,8,0,8,41
06/18/2015,ALW,WA,ANM,WE,Federal Contract Tower,3,2,3,0,8,0,0,18,0,18,3,2,21,0,26,0,0,0,26
06/19/2015,ALW,WA,ANM,WE,Federal Contract Tower,3,2,6,0,11,0,0,21,0,21,3,2,27,0,32,10,0,10,42
06/20/2015,ALW,WA,ANM,WE,Federal Contract Tower,3,0,1,0,4,0,0,23,0,23,3,0,24,0,27,6,0,6,33
06/21/2015,ALW,WA,ANM,WE,Federal Contract Tower,3,0,2,0,5,0,0,32,0,32,3,0,34,0,37,12,0,12,49
06/22/2015,ALW,WA,ANM,WE,Federal Contract Tower,3,2,1,0,6,0,0,18,0,18,3,2,19,0,24,20,0,20,44
06/23/2015,ALW,WA,ANM,WE,Federal Contract Tower,3,3,7,0,13,0,0,20,0,20,3,3,27,0,33,12,0,12,45
06/24/2015,ALW,WA,ANM,WE,Federal Contract Tower,3,2,2,0,7,0,0,23,0,23,3,2,25,0,30,8,0,8,38
06/25/2015,ALW,WA,ANM,WE,Federal Contract Tower,3,2,1,0,6,0,0,29,0,29,3,2,30,0,35,8,0,8,43
06/26/2015,ALW,WA,ANM,WE,Federal Contract Tower,2,2,4,0,8,0,0,27,0,27,2,2,31,0,35,40,0,40,75
06/27/2015,ALW,WA,ANM,WE,Federal Contract Tower,2,1,2,0,5,0,0,24,0,24,2,1,26,0,29,4,0,4,33
06/28/2015,ALW,WA,ANM,WE,Federal Contract Tower,2,1,5,0,8,0,0,32,0,32,2,1,37,0,40,4,0,4,44
06/29/2015,ALW,WA,ANM,WE,Federal Contract Tower,3,2,4,0,9,0,0,11,0,11,3,2,15,0,20,20,0,20,40
06/30/2015,ALW,WA,ANM,WE,Federal Contract Tower,3,2,3,0,8,0,0,24,0,24,3,2,27,0,32,34,0,34,66
07/01/2015,ALW,WA,ANM,WE,Federal Contract Tower,3,2,4,0,9,0,0,24,0,24,3,2,28,0,33,10,0,10,43
07/02/2015,ALW,WA,ANM,WE,Federal Contract Tower,3,3,1,0,7,0,0,28,2,30,3,3,29,2,37,32,0,32,69
07/03/2015,ALW,WA,ANM,WE,Federal Contract Tower,3,1,2,0,6,0,0,40,0,40,3,1,42,0,46,20,0,20,66
07/04/2015,ALW,WA,ANM,WE,Federal Contract Tower,2,0,0,0,2,0,0,23,0,23,2,0,23,0,25,0,0,0,25
07/05/2015,ALW,WA,ANM,WE,Federal Contract Tower,3,0,1,0,4,0,0,12,0,12,3,0,13,0,16,0,0,0,16
07/06/2015,ALW,WA,ANM,WE,Federal Contract Tower,2,2,2,0,6,0,0,18,0,18,2,2,20,0,24,18,0,18,42
07/07/2015,ALW,WA,ANM,WE,Federal Contract Tower,2,2,1,0,5,0,0,20,0,20,2,2,21,0,25,16,0,16,41
07/08/2015,ALW,WA,ANM,WE,Federal Contract Tower,3,1,4,0,8,0,1,31,0,32,3,2,35,0,40,50,0,50,90
07/09/2015,ALW,WA,ANM,WE,Federal Contract Tower,3,3,7,0,13,0,0,24,0,24,3,3,31,0,37,28,0,28,65
07/10/2015,ALW,WA,ANM,WE,Federal Contract Tower,2,2,5,0,9,0,0,36,0,36,2,2,41,0,45,20,0,20,65
07/11/2015,ALW,WA,ANM,WE,Federal Contract Tower,2,0,5,0,7,0,0,17,0,17,2,0,22,0,24,0,0,0,24
07/12/2015,ALW,WA,ANM,WE,Federal Contract Tower,2,0,0,0,2,0,4,27,0,31,2,4,27,0,33,6,0,6,39
07/13/2015,ALW,WA,ANM,WE,Federal Contract Tower,3,2,3,0,8,0,0,25,0,25,3,2,28,0,33,14,0,14,47
07/14/2015,ALW,WA,ANM,WE,Federal Contract Tower,3,4,12,0,19,0,1,33,0,34,3,5,45,0,53,44,0,44,97
07/15/2015,ALW,WA,ANM,WE,Federal Contract Tower,3,4,5,0,12,0,0,19,0,19,3,4,24,0,31,66,0,66,97
07/16/2015,ALW,WA,ANM,WE,Federal Contract Tower,3,2,5,0,10,0,0,30,0,30,3,2,35,0,40,22,0,22,62
07/17/2015,ALW,WA,ANM,WE,Federal Contract Tower,3,4,1,0,8,0,0,46,0,46,3,4,47,0,54,26,0,26,80
07/18/2015,ALW,WA,ANM,WE,Federal Contract Tower,3,0,1,0,4,0,0,24,0,24,3,0,25,0,28,0,0,0,28
07/19/2015,ALW,WA,ANM,WE,Federal Contract Tower,3,2,7,0,12,0,0,27,0,27,3,2,34,0,39,0,0,0,39
07/20/2015,ALW,WA,ANM,WE,Federal Contract Tower,3,4,0,0,7,0,0,24,0,24,3,4,24,0,31,24,0,24,55
07/21/2015,ALW,WA,ANM,WE,Federal Contract Tower,2,3,4,0,9,0,0,49,0,49,2,3,53,0,58,34,0,34,92
07/22/2015,ALW,WA,ANM,WE,Federal Contract Tower,3,2,6,0,11,0,0,50,0,50,3,2,56,0,61,54,0,54,115
07/23/2015,ALW,WA,ANM,WE,Federal Contract Tower,3,2,1,0,6,0,0,57,0,57,3,2,58,0,63,48,0,48,111
07/24/2015,ALW,WA,ANM,WE,Federal Contract Tower,2,2,5,0,9,0,0,86,0,86,2,2,91,0,95,32,0,32,127
07/25/2015,ALW,WA,ANM,WE,Federal Contract Tower,2,0,3,0,5,0,0,52,0,52,2,0,55,0,57,4,0,4,61
07/26/2015,ALW,WA,ANM,WE,Federal Contract Tower,3,2,5,0,10,0,0,29,0,29,3,2,34,0,39,0,0,0,39
07/27/2015,ALW,WA,ANM,WE,Federal Contract Tower,2,2,4,0,8,0,0,28,0,28,2,2,32,0,36,66,0,66,102
07/28/2015,ALW,WA,ANM,WE,Federal Contract Tower,3,2,2,0,7,0,0,42,0,42,3,2,44,0,49,54,0,54,103
07/29/2015,ALW,WA,ANM,WE,Federal Contract Tower,3,4,4,0,11,0,0,57,0,57,3,4,61,0,68,16,0,16,84
07/30/2015,ALW,WA,ANM,WE,Federal Contract Tower,2,4,4,1,11,0,0,30,0,30,2,4,34,1,41,52,0,52,93
07/31/2015,ALW,WA,ANM,WE,Federal Contract Tower,3,2,2,0,7,0,0,27,0,27,3,2,29,0,34,36,0,36,70
08/01/2015,ALW,WA,ANM,WE,Federal Contract Tower,3,0,0,0,3,0,0,25,0,25,3,0,25,0,28,0,0,0,28
08/02/2015,ALW,WA,ANM,WE,Federal Contract Tower,3,0,6,0,9,0,0,25,0,25,3,0,31,0,34,0,0,0,34
08/03/2015,ALW,WA,ANM,WE,Federal Contract Tower,3,2,7,1,13,0,2,16,0,18,3,4,23,1,31,34,0,34,65
08/04/2015,ALW,WA,ANM,WE,Federal Contract Tower,3,2,3,0,8,0,1,22,0,23,3,3,25,0,31,24,0,24,55
08/05/2015,ALW,WA,ANM,WE,Federal Contract Tower,3,2,5,0,10,0,0,16,0,16,3,2,21,0,26,48,0,48,74
08/06/2015,ALW,WA,ANM,WE,Federal Contract Tower,3,2,5,0,10,0,0,24,0,24,3,2,29,0,34,112,0,112,146
08/07/2015,ALW,WA,ANM,WE,Federal Contract Tower,2,2,4,0,8,0,0,52,0,52,2,2,56,0,60,70,0,70,130
08/08/2015,ALW,WA,ANM,WE,Federal Contract Tower,4,0,1,0,5,0,0,27,0,27,4,0,28,0,32,6,0,6,38
08/09/2015,ALW,WA,ANM,WE,Federal Contract Tower,3,0,1,0,4,0,0,19,0,19,3,0,20,0,23,2,0,2,25
08/10/2015,ALW,WA,ANM,WE,Federal Contract Tower,2,2,11,0,15,0,0,26,0,26,2,2,37,0,41,32,0,32,73
08/11/2015,ALW,WA,ANM,WE,Federal Contract Tower,3,2,8,0,13,0,0,21,0,21,3,2,29,0,34,52,0,52,86
08/12/2015,ALW,WA,ANM,WE,Federal Contract Tower,4,2,7,0,13,0,0,24,0,24,4,2,31,0,37,58,0,58,95
08/13/2015,ALW,WA,ANM,WE,Federal Contract Tower,3,2,4,0,9,0,2,21,0,23,3,4,25,0,32,74,0,74,106
08/14/2015,ALW,WA,ANM,WE,Federal Contract Tower,4,2,11,0,17,0,0,21,0,21,4,2,32,0,38,30,0,30,68
08/15/2015,ALW,WA,ANM,WE,Federal Contract Tower,2,0,0,0,2,0,2,8,0,10,2,2,8,0,12,0,0,0,12
08/16/2015,ALW,WA,ANM,WE,Federal Contract Tower,4,1,2,0,7,0,1,20,0,21,4,2,22,0,28,28,0,28,56
08/17/2015,ALW,WA,ANM,WE,Federal Contract Tower,4,2,5,0,11,0,2,20,0,22,4,4,25,0,33,78,0,78,111
08/18/2015,ALW,WA,ANM,WE,Federal Contract Tower,3,2,11,0,16,0,0,18,0,18,3,2,29,0,34,68,0,68,102
08/19/2015,ALW,WA,ANM,WE,Federal Contract Tower,2,2,6,0,10,0,0,27,0,27,2,2,33,0,37,110,0,110,147
08/20/2015,ALW,WA,ANM,WE,Federal Contract Tower,2,2,5,0,9,0,0,16,0,16,2,2,21,0,25,48,0,48,73
08/21/2015,ALW,WA,ANM,WE,Federal Contract Tower,3,4,2,0,9,0,0,16,0,16,3,4,18,0,25,56,0,56,81
08/22/2015,ALW,WA,ANM,WE,Federal Contract Tower,2,0,2,0,4,0,0,8,0,8,2,0,10,0,12,0,0,0,12
08/23/2015,ALW,WA,ANM,WE,Federal Contract Tower,3,0,5,0,8,0,0,10,2,12,3,0,15,2,20,0,0,0,20
08/24/2015,ALW,WA,ANM,WE,Federal Contract Tower,3,2,7,0,12,0,0,16,2,18,3,2,23,2,30,78,0,78,108
08/25/2015,ALW,WA,ANM,WE,Federal Contract Tower,3,2,1,0,6,0,0,34,0,34,3,2,35,0,40,66,0,66,106
08/26/2015,ALW,WA,ANM,WE,Federal Contract Tower,3,3,14,0,20,0,0,19,0,19,3,3,33,0,39,36,0,36,75
08/27/2015,ALW,WA,ANM,WE,Federal Contract Tower,3,4,5,0,12,0,0,27,0,27,3,4,32,0,39,26,0,26,65
08/28/2015,ALW,WA,ANM,WE,Federal Contract Tower,3,4,4,0,11,0,0,31,1,32,3,4,35,1,43,8,0,8,51
08/29/2015,ALW,WA,ANM,WE,Federal Contract Tower,3,0,0,0,3,0,0,15,0,15,3,0,15,0,18,0,0,0,18
08/30/2015,ALW,WA,ANM,WE,Federal Contract Tower,2,0,4,0,6,0,0,13,0,13,2,0,17,0,19,0,0,0,19
08/31/2015,ALW,WA,ANM,WE,Federal Contract Tower,3,2,5,4,14,0,0,36,0,36,3,2,41,4,50,14,0,14,64
09/01/2015,ALW,WA,ANM,WE,Federal Contract Tower,2,2,6,0,10,0,2,30,0,32,2,4,36,0,42,38,0,38,80
09/02/2015,ALW,WA,ANM,WE,Federal Contract Tower,3,5,0,0,8,0,0,14,0,14,3,5,14,0,22,24,0,24,46
09/03/2015,ALW,WA,ANM,WE,Federal Contract Tower,3,2,1,0,6,0,0,8,0,8,3,2,9,0,14,10,0,10,24
09/04/2015,ALW,WA,ANM,WE,Federal Contract Tower,3,6,5,0,14,0,0,32,0,32,3,6,37,0,46,22,0,22,68
09/05/2015,ALW,WA,ANM,WE,Federal Contract Tower,3,1,2,0,6,0,0,5,0,5,3,1,7,0,11,0,0,0,11
09/06/2015,ALW,WA,ANM,WE,Federal Contract Tower,3,0,3,0,6,0,0,18,0,18,3,0,21,0,24,8,0,8,32
09/07/2015,ALW,WA,ANM,WE,Federal Contract Tower,3,0,6,0,9,0,0,31,0,31,3,0,37,0,40,4,0,4,44
09/08/2015,ALW,WA,ANM,WE,Federal Contract Tower,2,2,0,0,4,0,0,11,0,11,2,2,11,0,15,12,0,12,27
09/09/2015,ALW,WA,ANM,WE,Federal Contract Tower,2,7,5,0,14,0,2,17,0,19,2,9,22,0,33,18,0,18,51
09/10/2015,ALW,WA,ANM,WE,Federal Contract Tower,3,4,1,0,8,0,0,16,0,16,3,4,17,0,24,0,0,0,24
09/11/2015,ALW,WA,ANM,WE,Federal Contract Tower,3,2,3,0,8,0,0,20,4,24,3,2,23,4,32,20,0,20,52
09/12/2015,ALW,WA,ANM,WE,Federal Contract Tower,2,0,4,0,6,0,0,20,0,20,2,0,24,0,26,0,0,0,26
09/13/2015,ALW,WA,ANM,WE,Federal Contract Tower,3,0,4,0,7,0,0,12,0,12,3,0,16,0,19,0,0,0,19
09/14/2015,ALW,WA,ANM,WE,Federal Contract Tower,3,2,3,0,8,0,0,11,0,11,3,2,14,0,19,14,0,14,33
09/15/2015,ALW,WA,ANM,WE,Federal Contract Tower,3,2,3,0,8,0,0,15,0,15,3,2,18,0,23,4,0,4,27
09/16/2015,ALW,WA,ANM,WE,Federal Contract Tower,3,2,2,0,7,0,0,18,0,18,3,2,20,0,25,18,0,18,43
09/17/2015,ALW,WA,ANM,WE,Federal Contract Tower,3,4,0,0,7,0,0,11,0,11,3,4,11,0,18,8,0,8,26
09/18/2015,ALW,WA,ANM,WE,Federal Contract Tower,3,2,5,0,10,0,0,18,0,18,3,2,23,0,28,6,0,6,34
09/19/2015,ALW,WA,ANM,WE,Federal Contract Tower,3,2,9,0,14,0,0,16,0,16,3,2,25,0,30,34,0,34,64
09/20/2015,ALW,WA,ANM,WE,Federal Contract Tower,3,0,6,0,9,0,0,27,0,27,3,0,33,0,36,8,0,8,44
09/21/2015,ALW,WA,ANM,WE,Federal Contract Tower,3,5,5,0,13,0,0,10,0,10,3,5,15,0,23,12,0,12,35
09/22/2015,ALW,WA,ANM,WE,Federal Contract Tower,3,2,1,0,6,0,0,11,0,11,3,2,12,0,17,2,0,2,19
09/23/2015,ALW,WA,ANM,WE,Federal Contract Tower,2,3,1,0,6,0,0,21,0,21,2,3,22,0,27,18,0,18,45
09/24/2015,ALW,WA,ANM,WE,Federal Contract Tower,2,3,1,0,6,0,0,20,0,20,2,3,21,0,26,16,0,16,42
09/25/2015,ALW,WA,ANM,WE,Federal Contract Tower,2,2,3,0,7,0,0,18,0,18,2,2,21,0,25,16,0,16,41
09/26/2015,ALW,WA,ANM,WE,Federal Contract Tower,2,0,2,0,4,0,0,25,0,25,2,0,27,0,29,4,0,4,33
09/27/2015,ALW,WA,ANM,WE,Federal Contract Tower,3,0,3,0,6,0,0,30,0,30,3,0,33,0,36,0,0,0,36
09/28/2015,ALW,WA,ANM,WE,Federal Contract Tower,3,2,2,0,7,0,0,25,0,25,3,2,27,0,32,32,0,32,64
09/29/2015,ALW,WA,ANM,WE,Federal Contract Tower,3,2,3,0,8,0,1,33,0,34,3,3,36,0,42,58,0,58,100
09/30/2015,ALW,WA,ANM,WE,Federal Contract Tower,3,4,3,0,10,0,0,35,0,35,3,4,38,0,45,56,0,56,101
10/01/2015,ALW,WA,ANM,WE,Federal Contract Tower,3,2,0,0,5,0,4,25,0,29,3,6,25,0,34,36,0,36,70
10/02/2015,ALW,WA,ANM,WE,Federal Contract Tower,3,2,1,0,6,0,2,43,0,45,3,4,44,0,51,44,0,44,95
10/03/2015,ALW,WA,ANM,WE,Federal Contract Tower,2,0,2,0,4,0,0,21,0,21,2,0,23,0,25,0,0,0,25
10/04/2015,ALW,WA,ANM,WE,Federal Contract Tower,3,0,1,1,5,0,0,27,1,28,3,0,28,2,33,0,0,0,33
10/05/2015,ALW,WA,ANM,WE,Federal Contract Tower,3,2,3,0,8,0,0,29,0,29,3,2,32,0,37,20,0,20,57
10/06/2015,ALW,WA,ANM,WE,Federal Contract Tower,3,2,2,0,7,0,0,31,0,31,3,2,33,0,38,98,0,98,136
10/07/2015,ALW,WA,ANM,WE,Federal Contract Tower,3,2,7,0,12,0,0,20,0,20,3,2,27,0,32,52,0,52,84
10/08/2015,ALW,WA,ANM,WE,Federal Contract Tower,3,6,7,0,16,0,0,9,0,9,3,6,16,0,25,36,0,36,61
10/09/2015,ALW,WA,ANM,WE,Federal Contract Tower,3,4,3,0,10,0,0,58,0,58,3,4,61,0,68,76,0,76,144
10/10/2015,ALW,WA,ANM,WE,Federal Contract Tower,2,4,3,0,9,0,0,14,0,14,2,4,17,0,23,18,0,18,41
10/11/2015,ALW,WA,ANM,WE,Federal Contract Tower,2,0,2,0,4,0,0,10,0,10,2,0,12,0,14,40,0,40,54
10/12/2015,ALW,WA,ANM,WE,Federal Contract Tower,3,2,3,0,8,0,0,36,0,36,3,2,39,0,44,90,0,90,134
10/13/2015,ALW,WA,ANM,WE,Federal Contract Tower,2,3,7,0,12,0,0,28,0,28,2,3,35,0,40,76,0,76,116
10/14/2015,ALW,WA,ANM,WE,Federal Contract Tower,2,3,3,0,8,0,0,22,0,22,2,3,25,0,30,24,0,24,54
10/15/2015,ALW,WA,ANM,WE,Federal Contract Tower,3,4,2,0,9,0,0,33,0,33,3,4,35,0,42,74,0,74,116
10/16/2015,ALW,WA,ANM,WE,Federal Contract Tower,3,2,9,0,14,0,0,58,0,58,3,2,67,0,72,28,0,28,100
10/17/2015,ALW,WA,ANM,WE,Federal Contract Tower,2,1,6,0,9,0,4,16,0,20,2,5,22,0,29,6,0,6,35
10/18/2015,ALW,WA,ANM,WE,Federal Contract Tower,3,2,7,0,12,0,0,20,0,20,3,2,27,0,32,30,0,30,62
10/19/2015,ALW,WA,ANM,WE,Federal Contract Tower,3,2,10,0,15,0,0,16,0,16,3,2,26,0,31,70,0,70,101
10/20/2015,ALW,WA,ANM,WE,Federal Contract Tower,3,2,4,0,9,0,0,26,0,26,3,2,30,0,35,98,0,98,133
10/21/2015,ALW,WA,ANM,WE,Federal Contract Tower,3,2,8,0,13,0,0,33,0,33,3,2,41,0,46,112,0,112,158
10/22/2015,ALW,WA,ANM,WE,Federal Contract Tower,3,3,5,0,11,0,0,29,0,29,3,3,34,0,40,48,0,48,88
10/23/2015,ALW,WA,ANM,WE,Federal Contract Tower,3,3,4,0,10,0,0,44,0,44,3,3,48,0,54,46,0,46,100
10/24/2015,ALW,WA,ANM,WE,Federal Contract Tower,3,2,2,0,7,0,0,15,0,15,3,2,17,0,22,2,0,2,24
10/25/2015,ALW,WA,ANM,WE,Federal Contract Tower,3,2,3,0,8,0,4,36,0,40,3,6,39,0,48,30,0,30,78
10/26/2015,ALW,WA,ANM,WE,Federal Contract Tower,3,2,6,0,11,0,0,20,0,20,3,2,26,0,31,48,0,48,79
10/27/2015,ALW,WA,ANM,WE,Federal Contract Tower,3,5,5,0,13,0,0,31,4,35,3,5,36,4,48,34,0,34,82
10/28/2015,ALW,WA,ANM,WE,Federal Contract Tower,3,2,10,0,15,0,4,22,0,26,3,6,32,0,41,56,0,56,97
10/29/2015,ALW,WA,ANM,WE,Federal Contract Tower,3,2,1,0,6,0,0,26,0,26,3,2,27,0,32,66,0,66,98
10/30/2015,ALW,WA,ANM,WE,Federal Contract Tower,3,4,1,0,8,0,0,8,0,8,3,4,9,0,16,14,0,14,30
10/31/2015,ALW,WA,ANM,WE,Federal Contract Tower,2,1,4,0,7,0,0,2,0,2,2,1,6,0,9,22,0,22,31
11/01/2015,ALW,WA,ANM,WE,Federal Contract Tower,2,0,1,0,3,0,0,3,0,3,2,0,4,0,6,10,0,10,16
11/02/2015,ALW,WA,ANM,WE,Federal Contract Tower,3,2,4,0,9,0,0,21,0,21,3,2,25,0,30,46,0,46,76
11/03/2015,ALW,WA,ANM,WE,Federal Contract Tower,3,3,5,0,11,0,0,10,0,10,3,3,15,0,21,26,0,26,47
11/04/2015,ALW,WA,ANM,WE,Federal Contract Tower,3,3,6,0,12,0,0,36,0,36,3,3,42,0,48,48,0,48,96
11/05/2015,ALW,WA,ANM,WE,Federal Contract Tower,2,3,2,0,7,0,1,9,0,10,2,4,11,0,17,58,0,58,75
11/06/2015,ALW,WA,ANM,WE,Federal Contract Tower,3,4,6,0,13,0,0,20,0,20,3,4,26,0,33,50,0,50,83
11/07/2015,ALW,WA,ANM,WE,Federal Contract Tower,1,0,2,0,3,0,0,24,0,24,1,0,26,0,27,22,0,22,49
11/08/2015,ALW,WA,ANM,WE,Federal Contract Tower,5,2,10,0,17,0,0,11,0,11,5,2,21,0,28,10,0,10,38
11/09/2015,ALW,WA,ANM,WE,Federal Contract Tower,3,5,8,0,16,0,0,2,0,2,3,5,10,0,18,2,0,2,20
11/10/2015,ALW,WA,ANM,WE,Federal Contract Tower,2,5,3,0,10,0,0,20,0,20,2,5,23,0,30,58,0,58,88
11/11/2015,ALW,WA,ANM,WE,Federal Contract Tower,3,4,8,0,15,0,0,11,0,11,3,4,19,0,26,22,0,22,48
11/12/2015,ALW,WA,ANM,WE,Federal Contract Tower,3,4,8,0,15,0,0,30,0,30,3,4,38,0,45,72,0,72,117
11/13/2015,ALW,WA,ANM,WE,Federal Contract Tower,3,5,7,0,15,0,0,7,0,7,3,5,14,0,22,30,0,30,52
11/14/2015,ALW,WA,ANM,WE,Federal Contract Tower,0,0,4,0,4,0,4,33,0,37,0,4,37,0,41,24,0,24,65
11/15/2015,ALW,WA,ANM,WE,Federal Contract Tower,3,0,5,0,8,0,0,4,0,4,3,0,9,0,12,0,0,0,12
11/16/2015,ALW,WA,ANM,WE,Federal Contract Tower,3,2,4,0,9,0,0,24,0,24,3,2,28,0,33,66,0,66,99
11/17/2015,ALW,WA,ANM,WE,Federal Contract Tower,3,3,4,0,10,0,1,0,0,1,3,4,4,0,11,0,0,0,11
11/18/2015,ALW,WA,ANM,WE,Federal Contract Tower,3,2,11,0,16,0,0,16,0,16,3,2,27,0,32,44,0,44,76
11/19/2015,ALW,WA,ANM,WE,Federal Contract Tower,3,6,5,0,14,0,0,1,0,1,3,6,6,0,15,38,0,38,53
11/20/2015,ALW,WA,ANM,WE,Federal Contract Tower,3,8,3,0,14,0,0,1,0,1,3,8,4,0,15,8,0,8,23
11/21/2015,ALW,WA,ANM,WE,Federal Contract Tower,1,0,1,0,2,0,0,0,0,0,1,0,1,0,2,0,0,0,2
11/22/2015,ALW,WA,ANM,WE,Federal Contract Tower,3,0,1,0,4,0,0,0,0,0,3,0,1,0,4,0,0,0,4
11/23/2015,ALW,WA,ANM,WE,Federal Contract Tower,3,2,0,0,5,0,0,0,0,0,3,2,0,0,5,0,0,0,5
11/24/2015,ALW,WA,ANM,WE,Federal Contract Tower,2,2,0,0,4,0,0,0,0,0,2,2,0,0,4,0,0,0,4
11/25/2015,ALW,WA,ANM,WE,Federal Contract Tower,3,5,8,0,16,0,2,13,0,15,3,7,21,0,31,4,0,4,35
11/26/2015,ALW,WA,ANM,WE,Federal Contract Tower,2,0,3,0,5,0,0,8,0,8,2,0,11,0,13,0,0,0,13
11/27/2015,ALW,WA,ANM,WE,Federal Contract Tower,3,2,2,0,7,0,0,6,0,6,3,2,8,0,13,0,0,0,13
11/28/2015,ALW,WA,ANM,WE,Federal Contract Tower,2,0,1,0,3,0,0,2,0,2,2,0,3,0,5,0,0,0,5
11/29/2015,ALW,WA,ANM,WE,Federal Contract Tower,4,0,3,0,7,0,0,3,0,3,4,0,6,0,10,0,0,0,10
11/30/2015,ALW,WA,ANM,WE,Federal Contract Tower,3,2,6,0,11,0,0,0,0,0,3,2,6,0,11,20,0,20,31
12/01/2015,ALW,WA,ANM,WE,Federal Contract Tower,3,7,2,0,12,0,0,2,0,2,3,7,4,0,14,50,0,50,64
12/02/2015,ALW,WA,ANM,WE,Federal Contract Tower,4,4,1,0,9,0,0,0,0,0,4,4,1,0,9,32,0,32,41
12/03/2015,ALW,WA,ANM,WE,Federal Contract Tower,3,4,5,0,12,0,0,2,0,2,3,4,7,0,14,16,0,16,30
12/04/2015,ALW,WA,ANM,WE,Federal Contract Tower,2,4,6,0,12,0,0,16,0,16,2,4,22,0,28,42,0,42,70
12/05/2015,ALW,WA,ANM,WE,Federal Contract Tower,1,2,6,0,9,0,0,10,0,10,1,2,16,0,19,0,0,0,19
12/06/2015,ALW,WA,ANM,WE,Federal Contract Tower,3,0,2,0,5,0,0,4,0,4,3,0,6,0,9,0,0,0,9
12/07/2015,ALW,WA,ANM,WE,Federal Contract Tower,3,2,3,0,8,0,0,0,0,0,3,2,3,0,8,58,0,58,66
12/08/2015,ALW,WA,ANM,WE,Federal Contract Tower,3,3,5,0,11,0,0,4,0,4,3,3,9,0,15,28,0,28,43
12/09/2015,ALW,WA,ANM,WE,Federal Contract Tower,3,4,3,0,10,0,0,17,0,17,3,4,20,0,27,38,0,38,65
12/10/2015,ALW,WA,ANM,WE,Federal Contract Tower,2,4,3,0,9,0,0,10,0,10,2,4,13,0,19,22,0,22,41
12/11/2015,ALW,WA,ANM,WE,Federal Contract Tower,3,5,8,0,16,0,0,39,0,39,3,5,47,0,55,110,0,110,165
12/12/2015,ALW,WA,ANM,WE,Federal Contract Tower,0,2,1,0,3,0,0,7,0,7,0,2,8,0,10,0,0,0,10
12/13/2015,ALW,WA,ANM,WE,Federal Contract Tower,2,0,3,0,5,0,0,15,0,15,2,0,18,0,20,16,0,16,36
12/14/2015,ALW,WA,ANM,WE,Federal Contract Tower,2,2,0,0,4,0,0,31,0,31,2,2,31,0,35,64,0,64,99
12/15/2015,ALW,WA,ANM,WE,Federal Contract Tower,3,4,5,0,12,0,0,11,0,11,3,4,16,0,23,32,0,32,55
12/16/2015,ALW,WA,ANM,WE,Federal Contract Tower,3,7,7,0,17,0,0,6,0,6,3,7,13,0,23,18,0,18,41
12/17/2015,ALW,WA,ANM,WE,Federal Contract Tower,3,2,4,0,9,0,0,3,0,3,3,2,7,0,12,0,0,0,12
12/18/2015,ALW,WA,ANM,WE,Federal Contract Tower,3,4,9,0,16,0,0,0,0,0,3,4,9,0,16,2,0,2,18
12/19/2015,ALW,WA,ANM,WE,Federal Contract Tower,3,0,0,0,3,0,0,0,0,0,3,0,0,0,3,0,0,0,3
12/20/2015,ALW,WA,ANM,WE,Federal Contract Tower,3,1,1,0,5,0,1,0,0,1,3,2,1,0,6,0,0,0,6
12/21/2015,ALW,WA,ANM,WE,Federal Contract Tower,3,8,0,0,11,0,0,1,0,1,3,8,1,0,12,0,0,0,12
12/22/2015,ALW,WA,ANM,WE,Federal Contract Tower,3,6,0,0,9,0,1,13,0,14,3,7,13,0,23,20,0,20,43
12/23/2015,ALW,WA,ANM,WE,Federal Contract Tower,3,7,0,0,10,0,2,4,0,6,3,9,4,0,16,6,0,6,22
12/24/2015,ALW,WA,ANM,WE,Federal Contract Tower,3,3,0,0,6,0,1,2,0,3,3,4,2,0,9,0,0,0,9
12/25/2015,ALW,WA,ANM,WE,Federal Contract Tower,1,0,0,0,1,0,0,0,0,0,1,0,0,0,1,0,0,0,1
12/26/2015,ALW,WA,ANM,WE,Federal Contract Tower,3,0,1,0,4,0,0,2,0,2,3,0,3,0,6,16,0,16,22
12/27/2015,ALW,WA,ANM,WE,Federal Contract Tower,3,2,1,0,6,0,0,0,0,0,3,2,1,0,6,0,0,0,6
12/28/2015,ALW,WA,ANM,WE,Federal Contract Tower,3,2,2,0,7,0,0,0,0,0,3,2,2,0,7,0,0,0,7
12/29/2015,ALW,WA,ANM,WE,Federal Contract Tower,3,2,0,0,5,0,0,3,0,3,3,2,3,0,8,0,0,0,8
12/30/2015,ALW,WA,ANM,WE,Federal Contract Tower,3,6,2,0,11,0,0,0,0,0,3,6,2,0,11,0,0,0,11
12/31/2015,ALW,WA,ANM,WE,Federal Contract Tower,1,4,3,0,8,0,0,0,0,0,1,4,3,0,8,0,0,0,8
01/01/2016,ALW,WA,ANM,WE,Federal Contract Tower,1,0,2,0,3,0,0,0,0,0,1,0,2,0,3,0,0,0,3
01/02/2016,ALW,WA,ANM,WE,Federal Contract Tower,2,0,0,0,2,0,0,0,0,0,2,0,0,0,2,0,0,0,2
01/03/2016,ALW,WA,ANM,WE,Federal Contract Tower,3,0,8,0,11,0,0,0,0,0,3,0,8,0,11,0,0,0,11
01/04/2016,ALW,WA,ANM,WE,Federal Contract Tower,3,2,0,0,5,0,0,6,0,6,3,2,6,0,11,48,0,48,59
01/05/2016,ALW,WA,ANM,WE,Federal Contract Tower,3,4,4,0,11,0,0,5,0,5,3,4,9,0,16,26,0,26,42
01/06/2016,ALW,WA,ANM,WE,Federal Contract Tower,2,2,8,0,12,0,0,1,0,1,2,2,9,0,13,16,0,16,29
01/07/2016,ALW,WA,ANM,WE,Federal Contract Tower,3,4,12,0,19,0,0,0,0,0,3,4,12,0,19,0,0,0,19
01/08/2016,ALW,WA,ANM,WE,Federal Contract Tower,3,4,8,0,15,0,0,19,0,19,3,4,27,0,34,18,0,18,52
01/09/2016,ALW,WA,ANM,WE,Federal Contract Tower,1,0,1,0,2,0,0,0,0,0,1,0,1,0,2,0,0,0,2
01/10/2016,ALW,WA,ANM,WE,Federal Contract Tower,3,0,0,0,3,0,0,7,0,7,3,0,7,0,10,38,0,38,48
01/11/2016,ALW,WA,ANM,WE,Federal Contract Tower,3,2,3,0,8,0,0,33,0,33,3,2,36,0,41,108,0,108,149
01/12/2016,ALW,WA,ANM,WE,Federal Contract Tower,3,2,2,0,7,0,0,0,0,0,3,2,2,0,7,0,0,0,7
01/13/2016,ALW,WA,ANM,WE,Federal Contract Tower,2,5,4,0,11,0,0,11,0,11,2,5,15,0,22,18,0,18,40
01/14/2016,ALW,WA,ANM,WE,Federal Contract Tower,3,2,9,0,14,0,0,29,0,29,3,2,38,0,43,44,0,44,87
01/15/2016,ALW,WA,ANM,WE,Federal Contract Tower,3,4,5,0,12,0,0,20,0,20,3,4,25,0,32,96,0,96,128
01/16/2016,ALW,WA,ANM,WE,Federal Contract Tower,1,0,1,0,2,0,0,0,0,0,1,0,1,0,2,0,0,0,2
01/17/2016,ALW,WA,ANM,WE,Federal Contract Tower,3,0,2,0,5,0,1,0,0,1,3,1,2,0,6,0,0,0,6
01/18/2016,ALW,WA,ANM,WE,Federal Contract Tower,3,0,6,0,9,0,0,40,0,40,3,0,46,0,49,50,0,50,99
01/19/2016,ALW,WA,ANM,WE,Federal Contract Tower,3,2,0,0,5,0,0,0,0,0,3,2,0,0,5,0,0,0,5
01/20/2016,ALW,WA,ANM,WE,Federal Contract Tower,3,4,3,0,10,0,0,30,0,30,3,4,33,0,40,80,0,80,120
01/21/2016,ALW,WA,ANM,WE,Federal Contract Tower,3,2,4,0,9,0,0,14,0,14,3,2,18,0,23,84,0,84,107
01/22/2016,ALW,WA,ANM,WE,Federal Contract Tower,3,4,3,0,10,0,1,14,0,15,3,5,17,0,25,32,0,32,57
01/23/2016,ALW,WA,ANM,WE,Federal Contract Tower,1,0,2,0,3,0,0,6,0,6,1,0,8,0,9,8,0,8,17
01/24/2016,ALW,WA,ANM,WE,Federal Contract Tower,3,1,4,0,8,0,1,25,0,26,3,2,29,0,34,36,0,36,70
01/25/2016,ALW,WA,ANM,WE,Federal Contract Tower,3,2,5,0,10,0,0,37,0,37,3,2,42,0,47,90,0,90,137
01/26/2016,ALW,WA,ANM,WE,Federal Contract Tower,2,2,6,0,10,0,0,6,0,6,2,2,12,0,16,30,0,30,46
01/27/2016,ALW,WA,ANM,WE,Federal Contract Tower,3,2,3,0,8,0,0,1,0,1,3,2,4,0,9,0,0,0,9
01/28/2016,ALW,WA,ANM,WE,Federal Contract Tower,3,6,4,0,13,0,0,9,0,9,3,6,13,0,22,8,0,8,30
01/29/2016,ALW,WA,ANM,WE,Federal Contract Tower,3,2,6,0,11,0,0,4,0,4,3,2,10,0,15,40,0,40,55
01/30/2016,ALW,WA,ANM,WE,Federal Contract Tower,1,2,6,0,9,0,0,22,0,22,1,2,28,0,31,20,0,20,51
01/31/2016,ALW,WA,ANM,WE,Federal Contract Tower,3,0,9,0,12,0,0,21,0,21,3,0,30,0,33,26,0,26,59
02/01/2016,ALW,WA,ANM,WE,Federal Contract Tower,3,2,2,0,7,0,0,17,2,19,3,2,19,2,26,82,0,82,108
02/02/2016,ALW,WA,ANM,WE,Federal Contract Tower,3,8,4,0,15,0,2,41,0,43,3,10,45,0,58,102,0,102,160
02/03/2016,ALW,WA,ANM,WE,Federal Contract Tower,3,2,5,0,10,0,0,21,0,21,3,2,26,0,31,64,0,64,95
02/04/2016,ALW,WA,ANM,WE,Federal Contract Tower,3,4,5,0,12,0,0,19,0,19,3,4,24,0,31,72,0,72,103
02/05/2016,ALW,WA,ANM,WE,Federal Contract Tower,3,2,7,0,12,0,0,29,0,29,3,2,36,0,41,44,0,44,85
02/06/2016,ALW,WA,ANM,WE,Federal Contract Tower,1,6,3,0,10,0,0,17,0,17,1,6,20,0,27,18,0,18,45
02/07/2016,ALW,WA,ANM,WE,Federal Contract Tower,3,2,10,0,15,0,0,19,0,19,3,2,29,0,34,42,0,42,76
02/08/2016,ALW,WA,ANM,WE,Federal Contract Tower,3,2,5,0,10,0,0,20,0,20,3,2,25,0,30,56,0,56,86
02/09/2016,ALW,WA,ANM,WE,Federal Contract Tower,3,4,6,0,13,0,2,26,0,28,3,6,32,0,41,86,0,86,127
02/10/2016,ALW,WA,ANM,WE,Federal Contract Tower,3,1,6,0,10,0,1,17,0,18,3,2,23,0,28,94,0,94,122
02/11/2016,ALW,WA,ANM,WE,Federal Contract Tower,2,2,5,0,9,0,0,34,0,34,2,2,39,0,43,26,0,26,69
02/12/2016,ALW,WA,ANM,WE,Federal Contract Tower,3,4,4,0,11,0,0,32,0,32,3,4,36,0,43,28,0,28,71
02/13/2016,ALW,WA,ANM,WE,Federal Contract Tower,1,0,4,0,5,0,0,15,0,15,1,0,19,0,20,0,0,0,20
02/14/2016,ALW,WA,ANM,WE,Federal Contract Tower,3,0,2,0,5,0,2,6,0,8,3,2,8,0,13,10,0,10,23
02/15/2016,ALW,WA,ANM,WE,Federal Contract Tower,3,2,5,0,10,0,0,15,0,15,3,2,20,0,25,20,0,20,45
02/16/2016,ALW,WA,ANM,WE,Federal Contract Tower,3,2,5,0,10,0,0,47,0,47,3,2,52,0,57,30,0,30,87
02/17/2016,ALW,WA,ANM,WE,Federal Contract Tower,3,9,7,0,19,0,0,6,0,6,3,9,13,0,25,32,0,32,57
02/18/2016,ALW,WA,ANM,WE,Federal Contract Tower,3,3,3,0,9,0,1,6,0,7,3,4,9,0,16,32,0,32,48
02/19/2016,ALW,WA,ANM,WE,Federal Contract Tower,3,2,3,0,8,0,0,7,0,7,3,2,10,0,15,8,0,8,23
02/20/2016,ALW,WA,ANM,WE,Federal Contract Tower,1,2,5,0,8,0,2,21,0,23,1,4,26,0,31,6,0,6,37
02/21/2016,ALW,WA,ANM,WE,Federal Contract Tower,3,0,6,0,9,0,0,53,0,53,3,0,59,0,62,48,0,48,110
02/22/2016,ALW,WA,ANM,WE,Federal Contract Tower,3,3,3,0,9,0,2,30,0,32,3,5,33,0,41,44,0,44,85
02/23/2016,ALW,WA,ANM,WE,Federal Contract Tower,3,2,1,0,6,0,0,36,0,36,3,2,37,0,42,44,0,44,86
02/24/2016,ALW,WA,ANM,WE,Federal Contract Tower,3,7,2,0,12,0,0,38,0,38,3,7,40,0,50,46,0,46,96
02/25/2016,ALW,WA,ANM,WE,Federal Contract Tower,3,6,8,0,17,0,1,26,0,27,3,7,34,0,44,68,0,68,112
02/26/2016,ALW,WA,ANM,WE,Federal Contract Tower,3,2,2,0,7,0,0,44,0,44,3,2,46,0,51,100,0,100,151
02/27/2016,ALW,WA,ANM,WE,Federal Contract Tower,1,0,2,0,3,0,0,13,0,13,1,0,15,0,16,14,0,14,30
02/28/2016,ALW,WA,ANM,WE,Federal Contract Tower,3,2,2,0,7,0,0,10,0,10,3,2,12,0,17,12,0,12,29
02/29/2016,ALW,WA,ANM,WE,Federal Contract Tower,3,2,2,0,7,0,0,32,0,32,3,2,34,0,39,88,0,88,127
03/01/2016,ALW,WA,ANM,WE,Federal Contract Tower,3,2,2,0,7,0,0,12,0,12,3,2,14,0,19,8,0,8,27
03/02/2016,ALW,WA,ANM,WE,Federal Contract Tower,3,4,6,0,13,0,0,41,0,41,3,4,47,0,54,70,0,70,124
03/03/2016,ALW,WA,ANM,WE,Federal Contract Tower,2,4,4,0,10,0,0,22,0,22,2,4,26,0,32,48,0,48,80
03/04/2016,ALW,WA,ANM,WE,Federal Contract Tower,3,2,8,0,13,0,2,58,0,60,3,4,66,0,73,106,0,106,179
03/05/2016,ALW,WA,ANM,WE,Federal Contract Tower,0,0,1,0,1,0,0,13,0,13,0,0,14,0,14,0,0,0,14
03/06/2016,ALW,WA,ANM,WE,Federal Contract Tower,2,1,3,0,6,0,1,22,0,23,2,2,25,0,29,28,0,28,57
03/07/2016,ALW,WA,ANM,WE,Federal Contract Tower,3,2,2,0,7,0,0,21,0,21,3,2,23,0,28,64,0,64,92
03/08/2016,ALW,WA,ANM,WE,Federal Contract Tower,3,6,5,0,14,0,4,22,0,26,3,10,27,0,40,72,0,72,112
03/09/2016,ALW,WA,ANM,WE,Federal Contract Tower,4,1,5,0,10,0,0,15,0,15,4,1,20,0,25,42,0,42,67
03/10/2016,ALW,WA,ANM,WE,Federal Contract Tower,3,2,8,0,13,0,0,7,0,7,3,2,15,0,20,6,0,6,26
03/11/2016,ALW,WA,ANM,WE,Federal Contract Tower,3,2,10,0,15,0,4,11,0,15,3,6,21,0,30,80,0,80,110
03/12/2016,ALW,WA,ANM,WE,Federal Contract Tower,1,0,4,0,5,0,0,9,0,9,1,0,13,0,14,0,0,0,14
03/13/2016,ALW,WA,ANM,WE,Federal Contract Tower,5,0,4,0,9,0,1,4,0,5,5,1,8,0,14,2,0,2,16
03/14/2016,ALW,WA,ANM,WE,Federal Contract Tower,5,1,1,0,7,0,0,5,0,5,5,1,6,0,12,0,0,0,12
03/15/2016,ALW,WA,ANM,WE,Federal Contract Tower,3,2,5,0,10,0,0,22,0,22,3,2,27,0,32,52,0,52,84
03/16/2016,ALW,WA,ANM,WE,Federal Contract Tower,5,2,2,0,9,0,0,36,2,38,5,2,38,2,47,80,0,80,127
03/17/2016,ALW,WA,ANM,WE,Federal Contract Tower,5,3,7,0,15,0,0,49,0,49,5,3,56,0,64,30,0,30,94
03/18/2016,ALW,WA,ANM,WE,Federal Contract Tower,3,3,2,0,8,0,0,38,0,38,3,3,40,0,46,32,0,32,78
03/19/2016,ALW,WA,ANM,WE,Federal Contract Tower,2,0,2,0,4,0,0,38,0,38,2,0,40,0,42,0,0,0,42
03/20/2016,ALW,WA,ANM,WE,Federal Contract Tower,5,0,0,0,5,0,0,13,0,13,5,0,13,0,18,30,0,30,48
03/21/2016,ALW,WA,ANM,WE,Federal Contract Tower,4,2,1,0,7,0,1,13,0,14,4,3,14,0,21,2,0,2,23
03/22/2016,ALW,WA,ANM,WE,Federal Contract Tower,5,2,1,0,8,0,0,0,0,0,5,2,1,0,8,0,0,0,8
03/23/2016,ALW,WA,ANM,WE,Federal Contract Tower,5,2,3,0,10,0,0,10,0,10,5,2,13,0,20,8,0,8,28
03/24/2016,ALW,WA,ANM,WE,Federal Contract Tower,5,2,0,0,7,0,0,2,0,2,5,2,2,0,9,0,0,0,9
03/25/2016,ALW,WA,ANM,WE,Federal Contract Tower,3,4,4,0,11,0,1,9,0,10,3,5,13,0,21,4,0,4,25
03/26/2016,ALW,WA,ANM,WE,Federal Contract Tower,3,0,2,0,5,0,0,40,0,40,3,0,42,0,45,24,0,24,69
03/27/2016,ALW,WA,ANM,WE,Federal Contract Tower,5,0,3,0,8,0,0,2,0,2,5,0,5,0,10,0,0,0,10
03/28/2016,ALW,WA,ANM,WE,Federal Contract Tower,5,4,5,0,14,0,0,32,0,32,5,4,37,0,46,64,0,64,110
03/29/2016,ALW,WA,ANM,WE,Federal Contract Tower,3,2,2,0,7,0,0,41,0,41,3,2,43,0,48,54,0,54,102
03/30/2016,ALW,WA,ANM,WE,Federal Contract Tower,5,2,4,0,11,0,2,71,0,73,5,4,75,0,84,106,0,106,190
03/31/2016,ALW,WA,ANM,WE,Federal Contract Tower,4,2,3,0,9,0,0,60,0,60,4,2,63,0,69,94,0,94,163
04/01/2016,ALW,WA,ANM,WE,Federal Contract Tower,4,2,7,0,13,0,0,54,0,54,4,2,61,0,67,142,0,142,209
04/02/2016,ALW,WA,ANM,WE,Federal Contract Tower,3,0,3,0,6,0,0,32,0,32,3,0,35,0,38,26,0,26,64
04/03/2016,ALW,WA,ANM,WE,Federal Contract Tower,5,0,6,0,11,0,0,23,0,23,5,0,29,0,34,70,0,70,104
04/04/2016,ALW,WA,ANM,WE,Federal Contract Tower,5,3,4,0,12,0,0,0,0,0,5,3,4,0,12,0,0,0,12
04/05/2016,ALW,WA,ANM,WE,Federal Contract Tower,3,3,8,0,14,0,0,47,0,47,3,3,55,0,61,120,0,120,181
04/06/2016,ALW,WA,ANM,WE,Federal Contract Tower,4,2,4,0,10,0,0,55,0,55,4,2,59,0,65,70,0,70,135
04/07/2016,ALW,WA,ANM,WE,Federal Contract Tower,5,2,9,0,16,0,0,40,0,40,5,2,49,0,56,96,0,96,152
04/08/2016,ALW,WA,ANM,WE,Federal Contract Tower,5,4,11,0,20,0,0,53,0,53,5,4,64,0,73,82,0,82,155
04/09/2016,ALW,WA,ANM,WE,Federal Contract Tower,3,0,5,0,8,0,0,19,0,19,3,0,24,0,27,12,0,12,39
04/10/2016,ALW,WA,ANM,WE,Federal Contract Tower,5,0,7,0,12,0,0,50,0,50,5,0,57,0,62,102,0,102,164
04/11/2016,ALW,WA,ANM,WE,Federal Contract Tower,4,3,10,0,17,0,0,32,0,32,4,3,42,0,49,92,0,92,141
04/12/2016,ALW,WA,ANM,WE,Federal Contract Tower,2,2,12,0,16,0,0,18,0,18,2,2,30,0,34,72,0,72,106
04/13/2016,ALW,WA,ANM,WE,Federal Contract Tower,4,5,5,0,14,0,0,33,0,33,4,5,38,0,47,172,0,172,219
04/14/2016,ALW,WA,ANM,WE,Federal Contract Tower,4,4,9,0,17,0,0,22,0,22,4,4,31,0,39,36,0,36,75
04/15/2016,ALW,WA,ANM,WE,Federal Contract Tower,4,8,5,0,17,0,0,31,0,31,4,8,36,0,48,175,0,175,223
04/16/2016,ALW,WA,ANM,WE,Federal Contract Tower,2,0,4,0,6,0,0,36,0,36,2,0,40,0,42,20,0,20,62
04/17/2016,ALW,WA,ANM,WE,Federal Contract Tower,5,1,2,0,8,0,0,40,0,40,5,1,42,0,48,70,0,70,118
04/18/2016,ALW,WA,ANM,WE,Federal Contract Tower,4,2,7,0,13,0,0,43,0,43,4,2,50,0,56,94,0,94,150
04/19/2016,ALW,WA,ANM,WE,Federal Contract Tower,4,3,10,0,17,0,0,57,0,57,4,3,67,0,74,96,0,96,170
04/20/2016,ALW,WA,ANM,WE,Federal Contract Tower,4,2,3,0,9,0,58,0,0,58,4,60,3,0,67,66,0,66,133
04/21/2016,ALW,WA,ANM,WE,Federal Contract Tower,4,2,9,0,15,0,0,42,0,42,4,2,51,0,57,66,0,66,123
04/22/2016,ALW,WA,ANM,WE,Federal Contract Tower,5,2,7,0,14,0,0,33,0,33,5,2,40,0,47,98,0,98,145
04/23/2016,ALW,WA,ANM,WE,Federal Contract Tower,2,0,2,0,4,0,0,3,0,3,2,0,5,0,7,0,0,0,7
04/24/2016,ALW,WA,ANM,WE,Federal Contract Tower,4,0,8,0,12,0,0,27,0,27,4,0,35,0,39,38,0,38,77
04/25/2016,ALW,WA,ANM,WE,Federal Contract Tower,5,2,4,0,11,0,0,31,0,31,5,2,35,0,42,34,0,34,76
04/26/2016,ALW,WA,ANM,WE,Federal Contract Tower,5,3,7,1,16,0,0,39,0,39,5,3,46,1,55,78,0,78,133
04/27/2016,ALW,WA,ANM,WE,Federal Contract Tower,5,3,7,0,15,0,0,47,0,47,5,3,54,0,62,52,0,52,114
04/28/2016,ALW,WA,ANM,WE,Federal Contract Tower,4,2,7,0,13,0,0,60,0,60,4,2,67,0,73,132,0,132,205
04/29/2016,ALW,WA,ANM,WE,Federal Contract Tower,6,3,11,0,20,0,0,30,0,30,6,3,41,0,50,112,0,112,162
04/30/2016,ALW,WA,ANM,WE,Federal Contract Tower,2,0,9,0,11,0,0,29,0,29,2,0,38,0,40,10,0,10,50
05/01/2016,ALW,WA,ANM,WE,Federal Contract Tower,5,0,8,0,13,0,0,64,0,64,5,0,72,0,77,30,0,30,107
05/02/2016,ALW,WA,ANM,WE,Federal Contract Tower,4,2,7,0,13,0,0,68,0,68,4,2,75,0,81,84,0,84,165
05/03/2016,ALW,WA,ANM,WE,Federal Contract Tower,2,4,4,0,10,0,0,36,0,36,2,4,40,0,46,100,0,100,146
05/04/2016,ALW,WA,ANM,WE,Federal Contract Tower,4,2,5,0,11,0,0,78,0,78,4,2,83,0,89,68,0,68,157
05/05/2016,ALW,WA,ANM,WE,Federal Contract Tower,3,6,11,0,20,0,0,33,0,33,3,6,44,0,53,94,0,94,147
05/06/2016,ALW,WA,ANM,WE,Federal Contract Tower,4,2,11,0,17,0,0,62,0,62,4,2,73,0,79,130,0,130,209
05/07/2016,ALW,WA,ANM,WE,Federal Contract Tower,3,5,5,0,13,0,5,44,0,49,3,10,49,0,62,14,0,14,76
05/08/2016,ALW,WA,ANM,WE,Federal Contract Tower,5,0,6,0,11,0,0,18,0,18,5,0,24,0,29,26,0,26,55
05/09/2016,ALW,WA,ANM,WE,Federal Contract Tower,5,2,5,0,12,0,0,22,0,22,5,2,27,0,34,2,0,2,36
05/10/2016,ALW,WA,ANM,WE,Federal Contract Tower,3,4,5,0,12,0,0,75,0,75,3,4,80,0,87,94,0,94,181
05/11/2016,ALW,WA,ANM,WE,Federal Contract Tower,5,3,8,0,16,0,0,71,0,71,5,3,79,0,87,48,0,48,135
05/12/2016,ALW,WA,ANM,WE,Federal Contract Tower,5,3,2,0,10,0,0,65,0,65,5,3,67,0,75,52,0,52,127
05/13/2016,ALW,WA,ANM,WE,Federal Contract Tower,4,2,6,0,12,0,0,73,0,73,4,2,79,0,85,96,0,96,181
05/14/2016,ALW,WA,ANM,WE,Federal Contract Tower,3,0,1,0,4,0,0,2,0,2,3,0,3,0,6,10,0,10,16
05/15/2016,ALW,WA,ANM,WE,Federal Contract Tower,5,0,9,0,14,0,0,6,0,6,5,0,15,0,20,16,0,16,36
05/16/2016,ALW,WA,ANM,WE,Federal Contract Tower,5,2,9,0,16,0,0,28,0,28,5,2,37,0,44,56,0,56,100
05/17/2016,ALW,WA,ANM,WE,Federal Contract Tower,3,2,12,0,17,0,0,62,0,62,3,2,74,0,79,48,0,48,127
05/18/2016,ALW,WA,ANM,WE,Federal Contract Tower,5,2,10,0,17,0,0,53,0,53,5,2,63,0,70,80,0,80,150
05/19/2016,ALW,WA,ANM,WE,Federal Contract Tower,5,4,8,0,17,0,0,18,0,18,5,4,26,0,35,26,0,26,61
05/20/2016,ALW,WA,ANM,WE,Federal Contract Tower,5,2,13,0,20,0,0,47,0,47,5,2,60,0,67,142,0,142,209
05/21/2016,ALW,WA,ANM,WE,Federal Contract Tower,3,0,5,0,8,0,1,36,2,39,3,1,41,2,47,0,0,0,47
05/22/2016,ALW,WA,ANM,WE,Federal Contract Tower,5,0,5,0,10,0,0,7,0,7,5,0,12,0,17,2,0,2,19
05/23/2016,ALW,WA,ANM,WE,Federal Contract Tower,5,5,10,0,20,0,1,28,0,29,5,6,38,0,49,26,0,26,75
05/24/2016,ALW,WA,ANM,WE,Federal Contract Tower,3,2,4,0,9,0,0,51,0,51,3,2,55,0,60,74,0,74,134
05/25/2016,ALW,WA,ANM,WE,Federal Contract Tower,5,2,11,0,18,0,0,34,2,36,5,2,45,2,54,60,0,60,114
05/26/2016,ALW,WA,ANM,WE,Federal Contract Tower,5,3,8,0,16,0,0,28,0,28,5,3,36,0,44,10,0,10,54
05/27/2016,ALW,WA,ANM,WE,Federal Contract Tower,5,2,8,0,15,0,0,29,0,29,5,2,37,0,44,52,0,52,96
05/28/2016,ALW,WA,ANM,WE,Federal Contract Tower,1,1,1,0,3,0,0,49,0,49,1,1,50,0,52,12,0,12,64
05/29/2016,ALW,WA,ANM,WE,Federal Contract Tower,2,0,2,0,4,0,2,26,0,28,2,2,28,0,32,12,0,12,44
05/30/2016,ALW,WA,ANM,WE,Federal Contract Tower,4,3,4,0,11,0,0,66,0,66,4,3,70,0,77,28,0,28,105
05/31/2016,ALW,WA,ANM,WE,Federal Contract Tower,3,2,1,0,6,0,0,51,0,51,3,2,52,0,57,44,0,44,101
06/01/2016,ALW,WA,ANM,WE,Federal Contract Tower,5,2,10,0,17,0,0,37,0,37,5,2,47,0,54,40,0,40,94
06/02/2016,ALW,WA,ANM,WE,Federal Contract Tower,5,4,16,0,25,0,0,13,0,13,5,4,29,0,38,76,0,76,114
06/03/2016,ALW,WA,ANM,WE,Federal Contract Tower,5,2,7,0,14,0,0,74,0,74,5,2,81,0,88,42,0,42,130
06/04/2016,ALW,WA,ANM,WE,Federal Contract Tower,3,2,3,0,8,0,0,77,0,77,3,2,80,0,85,24,0,24,109
06/05/2016,ALW,WA,ANM,WE,Federal Contract Tower,5,0,4,0,9,0,2,160,0,162,5,2,164,0,171,68,0,68,239
06/06/2016,ALW,WA,ANM,WE,Federal Contract Tower,5,2,4,0,11,0,0,22,0,22,5,2,26,0,33,22,0,22,55
06/07/2016,ALW,WA,ANM,WE,Federal Contract Tower,5,2,3,0,10,0,1,32,0,33,5,3,35,0,43,36,0,36,79
06/08/2016,ALW,WA,ANM,WE,Federal Contract Tower,4,2,6,0,12,0,0,15,3,18,4,2,21,3,30,10,0,10,40
06/09/2016,ALW,WA,ANM,WE,Federal Contract Tower,4,4,0,4,12,0,0,25,0,25,4,4,25,4,37,16,0,16,53
06/10/2016,ALW,WA,ANM,WE,Federal Contract Tower,4,2,2,0,8,0,0,9,0,9,4,2,11,0,17,8,0,8,25
06/11/2016,ALW,WA,ANM,WE,Federal Contract Tower,2,0,0,0,2,0,0,52,0,52,2,0,52,0,54,18,0,18,72
06/12/2016,ALW,WA,ANM,WE,Federal Contract Tower,4,0,7,0,11,0,0,48,0,48,4,0,55,0,59,4,0,4,63
06/13/2016,ALW,WA,ANM,WE,Federal Contract Tower,5,1,2,3,11,0,1,6,0,7,5,2,8,3,18,0,0,0,18
06/14/2016,ALW,WA,ANM,WE,Federal Contract Tower,5,3,2,0,10,0,0,14,0,14,5,3,16,0,24,0,0,0,24
06/15/2016,ALW,WA,ANM,WE,Federal Contract Tower,5,4,3,0,12,0,0,35,0,35,5,4,38,0,47,26,0,26,73
06/16/2016,ALW,WA,ANM,WE,Federal Contract Tower,5,2,6,2,15,0,0,7,0,7,5,2,13,2,22,10,0,10,32
06/17/2016,ALW,WA,ANM,WE,Federal Contract Tower,5,3,3,1,12,0,0,31,0,31,5,3,34,1,43,10,0,10,53
06/18/2016,ALW,WA,ANM,WE,Federal Contract Tower,3,3,0,0,6,0,2,5,0,7,3,5,5,0,13,16,0,16,29
06/19/2016,ALW,WA,ANM,WE,Federal Contract Tower,5,2,3,0,10,0,0,37,0,37,5,2,40,0,47,0,0,0,47
06/20/2016,ALW,WA,ANM,WE,Federal Contract Tower,4,5,6,0,15,0,0,29,0,29,4,5,35,0,44,34,0,34,78
06/21/2016,ALW,WA,ANM,WE,Federal Contract Tower,5,3,5,2,15,0,0,18,0,18,5,3,23,2,33,6,0,6,39
06/22/2016,ALW,WA,ANM,WE,Federal Contract Tower,5,3,9,0,17,0,0,41,0,41,5,3,50,0,58,44,0,44,102
06/23/2016,ALW,WA,ANM,WE,Federal Contract Tower,4,4,8,0,16,0,0,15,0,15,4,4,23,0,31,32,0,32,63
06/24/2016,ALW,WA,ANM,WE,Federal Contract Tower,5,2,8,0,15,0,0,8,0,8,5,2,16,0,23,14,0,14,37
06/25/2016,ALW,WA,ANM,WE,Federal Contract Tower,1,2,2,0,5,0,0,38,0,38,1,2,40,0,43,54,0,54,97
06/26/2016,ALW,WA,ANM,WE,Federal Contract Tower,4,0,8,0,12,0,0,31,0,31,4,0,39,0,43,36,0,36,79
06/27/2016,ALW,WA,ANM,WE,Federal Contract Tower,4,2,6,0,12,0,0,48,0,48,4,2,54,0,60,70,0,70,130
06/28/2016,ALW,WA,ANM,WE,Federal Contract Tower,5,4,3,0,12,0,0,42,0,42,5,4,45,0,54,52,0,52,106
06/29/2016,ALW,WA,ANM,WE,Federal Contract Tower,4,2,6,0,12,0,0,57,0,57,4,2,63,0,69,58,0,58,127
06/30/2016,ALW,WA,ANM,WE,Federal Contract Tower,5,2,11,0,18,0,0,40,0,40,5,2,51,0,58,38,0,38,96
07/01/2016,ALW,WA,ANM,WE,Federal Contract Tower,5,2,12,0,19,0,0,38,0,38,5,2,50,0,57,50,0,50,107
07/02/2016,ALW,WA,ANM,WE,Federal Contract Tower,2,0,0,0,2,0,0,16,0,16,2,0,16,0,18,14,0,14,32
07/03/2016,ALW,WA,ANM,WE,Federal Contract Tower,2,0,7,0,9,0,0,12,0,12,2,0,19,0,21,0,0,0,21
07/04/2016,ALW,WA,ANM,WE,Federal Contract Tower,0,0,1,0,1,0,0,0,0,0,0,0,1,0,1,32,0,32,33
07/05/2016,ALW,WA,ANM,WE,Federal Contract Tower,4,2,7,0,13,0,0,26,0,26,4,2,33,0,39,30,0,30,69
07/06/2016,ALW,WA,ANM,WE,Federal Contract Tower,5,5,8,0,18,0,0,30,0,30,5,5,38,0,48,86,0,86,134
07/07/2016,ALW,WA,ANM,WE,Federal Contract Tower,5,2,4,0,11,0,0,25,0,25,5,2,29,0,36,122,0,122,158
07/08/2016,ALW,WA,ANM,WE,Federal Contract Tower,5,2,12,0,19,0,0,23,0,23,5,2,35,0,42,40,0,40,82
07/09/2016,ALW,WA,ANM,WE,Federal Contract Tower,2,0,1,0,3,0,0,29,0,29,2,0,30,0,32,26,0,26,58
07/10/2016,ALW,WA,ANM,WE,Federal Contract Tower,5,2,8,0,15,0,0,14,0,14,5,2,22,0,29,12,0,12,41
07/11/2016,ALW,WA,ANM,WE,Federal Contract Tower,5,1,4,0,10,0,0,17,0,17,5,1,21,0,27,44,0,44,71
07/12/2016,ALW,WA,ANM,WE,Federal Contract Tower,5,2,6,0,13,0,0,20,0,20,5,2,26,0,33,26,0,26,59
07/13/2016,ALW,WA,ANM,WE,Federal Contract Tower,3,2,5,0,10,0,0,22,0,22,3,2,27,0,32,30,0,30,62
07/14/2016,ALW,WA,ANM,WE,Federal Contract Tower,3,2,6,0,11,0,2,34,0,36,3,4,40,0,47,46,0,46,93
07/15/2016,ALW,WA,ANM,WE,Federal Contract Tower,5,2,6,0,13,0,0,13,0,13,5,2,19,0,26,52,0,52,78
07/16/2016,ALW,WA,ANM,WE,Federal Contract Tower,3,0,1,0,4,0,0,7,0,7,3,0,8,0,11,0,0,0,11
07/17/2016,ALW,WA,ANM,WE,Federal Contract Tower,4,0,6,0,10,0,0,17,0,17,4,0,23,0,27,0,0,0,27
07/18/2016,ALW,WA,ANM,WE,Federal Contract Tower,4,3,6,0,13,0,0,18,0,18,4,3,24,0,31,54,0,54,85
07/19/2016,ALW,WA,ANM,WE,Federal Contract Tower,3,2,6,1,12,0,0,38,0,38,3,2,44,1,50,30,0,30,80
07/20/2016,ALW,WA,ANM,WE,Federal Contract Tower,5,2,3,0,10,0,0,22,0,22,5,2,25,0,32,64,0,64,96
07/21/2016,ALW,WA,ANM,WE,Federal Contract Tower,4,2,6,0,12,0,0,29,0,29,4,2,35,0,41,54,0,54,95
07/22/2016,ALW,WA,ANM,WE,Federal Contract Tower,5,2,5,0,12,0,0,14,0,14,5,2,19,0,26,42,0,42,68
07/23/2016,ALW,WA,ANM,WE,Federal Contract Tower,3,0,0,0,3,0,0,17,0,17,3,0,17,0,20,20,0,20,40
07/24/2016,ALW,WA,ANM,WE,Federal Contract Tower,4,0,3,0,7,0,0,28,0,28,4,0,31,0,35,16,0,16,51
07/25/2016,ALW,WA,ANM,WE,Federal Contract Tower,1,2,2,0,5,0,0,28,0,28,1,2,30,0,33,62,0,62,95
07/26/2016,ALW,WA,ANM,WE,Federal Contract Tower,3,2,10,0,15,0,0,21,0,21,3,2,31,0,36,22,0,22,58
07/27/2016,ALW,WA,ANM,WE,Federal Contract Tower,5,2,12,0,19,0,0,23,0,23,5,2,35,0,42,22,0,22,64
07/28/2016,ALW,WA,ANM,WE,Federal Contract Tower,3,1,5,0,9,0,2,40,0,42,3,3,45,0,51,62,0,62,113
07/29/2016,ALW,WA,ANM,WE,Federal Contract Tower,5,2,2,0,9,0,0,28,0,28,5,2,30,0,37,28,0,28,65
07/30/2016,ALW,WA,ANM,WE,Federal Contract Tower,2,1,2,0,5,0,0,20,0,20,2,1,22,0,25,0,0,0,25
07/31/2016,ALW,WA,ANM,WE,Federal Contract Tower,5,0,4,0,9,0,0,36,0,36,5,0,40,0,45,0,0,0,45
08/01/2016,ALW,WA,ANM,WE,Federal Contract Tower,4,2,5,0,11,0,3,34,0,37,4,5,39,0,48,60,0,60,108
08/02/2016,ALW,WA,ANM,WE,Federal Contract Tower,5,2,4,0,11,0,0,11,0,11,5,2,15,0,22,10,0,10,32
08/03/2016,ALW,WA,ANM,WE,Federal Contract Tower,3,5,2,0,10,0,1,27,0,28,3,6,29,0,38,22,0,22,60
08/04/2016,ALW,WA,ANM,WE,Federal Contract Tower,5,2,5,0,12,0,0,41,0,41,5,2,46,0,53,60,0,60,113
08/05/2016,ALW,WA,ANM,WE,Federal Contract Tower,5,3,6,0,14,0,3,38,0,41,5,6,44,0,55,10,0,10,65
08/06/2016,ALW,WA,ANM,WE,Federal Contract Tower,1,0,0,0,1,0,0,16,0,16,1,0,16,0,17,32,0,32,49
08/07/2016,ALW,WA,ANM,WE,Federal Contract Tower,5,0,2,0,7,0,4,18,0,22,5,4,20,0,29,0,0,0,29
08/08/2016,ALW,WA,ANM,WE,Federal Contract Tower,5,2,0,0,7,0,0,24,0,24,5,2,24,0,31,70,0,70,101
08/09/2016,ALW,WA,ANM,WE,Federal Contract Tower,5,5,3,0,13,0,0,10,0,10,5,5,13,0,23,48,0,48,71
08/10/2016,ALW,WA,ANM,WE,Federal Contract Tower,5,2,0,0,7,0,0,30,0,30,5,2,30,0,37,70,0,70,107
08/11/2016,ALW,WA,ANM,WE,Federal Contract Tower,3,5,4,0,12,0,3,30,0,33,3,8,34,0,45,36,0,36,81
08/12/2016,ALW,WA,ANM,WE,Federal Contract Tower,5,3,6,0,14,0,0,27,0,27,5,3,33,0,41,50,0,50,91
08/13/2016,ALW,WA,ANM,WE,Federal Contract Tower,3,0,2,0,5,0,0,25,0,25,3,0,27,0,30,6,0,6,36
08/14/2016,ALW,WA,ANM,WE,Federal Contract Tower,5,2,1,0,8,0,0,45,0,45,5,2,46,0,53,6,0,6,59
08/15/2016,ALW,WA,ANM,WE,Federal Contract Tower,5,2,2,0,9,0,0,19,0,19,5,2,21,0,28,10,0,10,38
08/16/2016,ALW,WA,ANM,WE,Federal Contract Tower,5,5,2,0,12,0,0,19,0,19,5,5,21,0,31,22,0,22,53
08/17/2016,ALW,WA,ANM,WE,Federal Contract Tower,3,2,5,0,10,0,0,21,0,21,3,2,26,0,31,50,0,50,81
08/18/2016,ALW,WA,ANM,WE,Federal Contract Tower,5,2,2,0,9,0,0,20,0,20,5,2,22,0,29,50,0,50,79
08/19/2016,ALW,WA,ANM,WE,Federal Contract Tower,5,2,5,0,12,0,0,39,0,39,5,2,44,0,51,58,0,58,109
08/20/2016,ALW,WA,ANM,WE,Federal Contract Tower,3,0,0,0,3,0,0,22,0,22,3,0,22,0,25,32,0,32,57
08/21/2016,ALW,WA,ANM,WE,Federal Contract Tower,4,0,3,0,7,0,0,10,0,10,4,0,13,0,17,18,0,18,35
08/22/2016,ALW,WA,ANM,WE,Federal Contract Tower,4,3,2,0,9,0,2,18,0,20,4,5,20,0,29,96,0,96,125
08/23/2016,ALW,WA,ANM,WE,Federal Contract Tower,5,5,5,0,15,0,3,36,0,39,5,8,41,0,54,112,0,112,166
08/24/2016,ALW,WA,ANM,WE,Federal Contract Tower,4,6,1,0,11,0,0,33,0,33,4,6,34,0,44,54,0,54,98
08/25/2016,ALW,WA,ANM,WE,Federal Contract Tower,5,2,5,0,12,0,0,28,0,28,5,2,33,0,40,68,0,68,108
08/26/2016,ALW,WA,ANM,WE,Federal Contract Tower,5,2,2,0,9,0,0,27,0,27,5,2,29,0,36,50,0,50,86
08/27/2016,ALW,WA,ANM,WE,Federal Contract Tower,3,2,2,0,7,0,0,12,0,12,3,2,14,0,19,6,0,6,25
08/28/2016,ALW,WA,ANM,WE,Federal Contract Tower,3,0,4,0,7,0,2,16,0,18,3,2,20,0,25,0,0,0,25
08/29/2016,ALW,WA,ANM,WE,Federal Contract Tower,3,2,2,0,7,0,6,19,0,25,3,8,21,0,32,22,0,22,54
08/30/2016,ALW,WA,ANM,WE,Federal Contract Tower,3,2,2,0,7,0,0,16,0,16,3,2,18,0,23,0,0,0,23
08/31/2016,ALW,WA,ANM,WE,Federal Contract Tower,3,2,4,0,9,0,1,38,0,39,3,3,42,0,48,12,0,12,60
09/01/2016,ALW,WA,ANM,WE,Federal Contract Tower,3,3,1,0,7,0,4,14,0,18,3,7,15,0,25,10,0,10,35
09/02/2016,ALW,WA,ANM,WE,Federal Contract Tower,4,2,4,0,10,0,4,15,0,19,4,6,19,0,29,0,0,0,29
09/03/2016,ALW,WA,ANM,WE,Federal Contract Tower,3,0,0,0,3,0,6,18,0,24,3,6,18,0,27,14,0,14,41
09/04/2016,ALW,WA,ANM,WE,Federal Contract Tower,2,0,0,0,2,0,2,25,0,27,2,2,25,0,29,22,0,22,51
09/05/2016,ALW,WA,ANM,WE,Federal Contract Tower,2,0,7,0,9,0,2,18,0,20,2,2,25,0,29,0,0,0,29
09/06/2016,ALW,WA,ANM,WE,Federal Contract Tower,4,2,2,0,8,0,2,11,0,13,4,4,13,0,21,22,0,22,43
09/07/2016,ALW,WA,ANM,WE,Federal Contract Tower,3,2,2,0,7,0,2,17,0,19,3,4,19,0,26,4,0,4,30
09/08/2016,ALW,WA,ANM,WE,Federal Contract Tower,4,2,3,0,9,0,0,23,0,23,4,2,26,0,32,14,0,14,46
09/09/2016,ALW,WA,ANM,WE,Federal Contract Tower,4,3,7,0,14,0,2,23,0,25,4,5,30,0,39,54,0,54,93
09/10/2016,ALW,WA,ANM,WE,Federal Contract Tower,2,3,7,0,12,0,16,34,0,50,2,19,41,0,62,52,0,52,114
09/11/2016,ALW,WA,ANM,WE,Federal Contract Tower,4,5,7,0,16,0,10,29,0,39,4,15,36,0,55,0,0,0,55
09/12/2016,ALW,WA,ANM,WE,Federal Contract Tower,4,3,4,0,11,0,0,12,0,12,4,3,16,0,23,16,0,16,39
09/13/2016,ALW,WA,ANM,WE,Federal Contract Tower,4,3,3,0,10,0,6,27,0,33,4,9,30,0,43,6,0,6,49
09/14/2016,ALW,WA,ANM,WE,Federal Contract Tower,3,2,6,0,11,0,0,16,0,16,3,2,22,0,27,20,0,20,47
09/15/2016,ALW,WA,ANM,WE,Federal Contract Tower,2,2,3,0,7,0,4,21,0,25,2,6,24,0,32,0,0,0,32
09/16/2016,ALW,WA,ANM,WE,Federal Contract Tower,4,2,4,0,10,0,0,26,0,26,4,2,30,0,36,64,0,64,100
09/17/2016,ALW,WA,ANM,WE,Federal Contract Tower,3,0,2,0,5,0,0,6,0,6,3,0,8,0,11,0,0,0,11
09/18/2016,ALW,WA,ANM,WE,Federal Contract Tower,4,0,1,0,5,0,7,19,0,26,4,7,20,0,31,50,0,50,81
09/19/2016,ALW,WA,ANM,WE,Federal Contract Tower,3,2,1,0,6,0,0,9,0,9,3,2,10,0,15,6,0,6,21
09/20/2016,ALW,WA,ANM,WE,Federal Contract Tower,4,2,3,0,9,0,0,11,0,11,4,2,14,0,20,8,0,8,28
09/21/2016,ALW,WA,ANM,WE,Federal Contract Tower,1,1,1,0,3,0,2,11,0,13,1,3,12,0,16,34,0,34,50
09/22/2016,ALW,WA,ANM,WE,Federal Contract Tower,4,4,3,0,11,0,2,20,0,22,4,6,23,0,33,12,0,12,45
09/23/2016,ALW,WA,ANM,WE,Federal Contract Tower,4,3,10,0,17,0,2,11,0,13,4,5,21,0,30,10,0,10,40
09/24/2016,ALW,WA,ANM,WE,Federal Contract Tower,3,0,4,0,7,0,4,17,0,21,3,4,21,0,28,10,0,10,38
09/25/2016,ALW,WA,ANM,WE,Federal Contract Tower,4,0,4,0,8,0,0,23,0,23,4,0,27,0,31,22,0,22,53
09/26/2016,ALW,WA,ANM,WE,Federal Contract Tower,3,2,0,1,6,0,2,15,1,18,3,4,15,2,24,14,0,14,38
09/27/2016,ALW,WA,ANM,WE,Federal Contract Tower,4,4,8,0,16,0,2,28,0,30,4,6,36,0,46,18,0,18,64
09/28/2016,ALW,WA,ANM,WE,Federal Contract Tower,4,5,11,0,20,0,3,28,0,31,4,8,39,0,51,42,0,42,93
09/29/2016,ALW,WA,ANM,WE,Federal Contract Tower,3,2,8,0,13,0,0,42,6,48,3,2,50,6,61,64,0,64,125
09/30/2016,ALW,WA,ANM,WE,Federal Contract Tower,3,2,3,0,8,0,4,38,0,42,3,6,41,0,50,64,0,64,114
10/01/2016,ALW,WA,ANM,WE,Federal Contract Tower,3,2,7,0,12,0,0,21,0,21,3,2,28,0,33,20,0,20,53
10/02/2016,ALW,WA,ANM,WE,Federal Contract Tower,4,3,6,0,13,0,1,28,0,29,4,4,34,0,42,48,0,48,90
10/03/2016,ALW,WA,ANM,WE,Federal Contract Tower,4,2,5,0,11,0,10,26,0,36,4,12,31,0,47,46,0,46,93
10/04/2016,ALW,WA,ANM,WE,Federal Contract Tower,3,2,5,0,10,0,0,19,0,19,3,2,24,0,29,38,0,38,67
10/05/2016,ALW,WA,ANM,WE,Federal Contract Tower,3,4,6,0,13,0,0,37,0,37,3,4,43,0,50,71,0,71,121
10/06/2016,ALW,WA,ANM,WE,Federal Contract Tower,3,2,7,0,12,0,2,20,2,24,3,4,27,2,36,38,0,38,74
10/07/2016,ALW,WA,ANM,WE,Federal Contract Tower,4,2,1,0,7,0,0,14,0,14,4,2,15,0,21,40,0,40,61
10/08/2016,ALW,WA,ANM,WE,Federal Contract Tower,2,0,1,0,3,0,4,23,2,29,2,4,24,2,32,6,0,6,38
10/09/2016,ALW,WA,ANM,WE,Federal Contract Tower,4,2,5,0,11,0,0,13,0,13,4,2,18,0,24,14,0,14,38
10/10/2016,ALW,WA,ANM,WE,Federal Contract Tower,4,2,2,0,8,0,0,23,0,23,4,2,25,0,31,94,0,94,125
10/11/2016,ALW,WA,ANM,WE,Federal Contract Tower,3,2,9,0,14,0,1,33,0,34,3,3,42,0,48,52,0,52,100
10/12/2016,ALW,WA,ANM,WE,Federal Contract Tower,4,5,8,0,17,0,0,37,0,37,4,5,45,0,54,44,0,44,98
10/13/2016,ALW,WA,ANM,WE,Federal Contract Tower,3,1,14,0,18,0,0,15,0,15,3,1,29,0,33,22,0,22,55
10/14/2016,ALW,WA,ANM,WE,Federal Contract Tower,2,2,3,0,7,0,0,17,0,17,2,2,20,0,24,32,0,32,56
10/15/2016,ALW,WA,ANM,WE,Federal Contract Tower,2,0,0,0,2,0,7,0,0,7,2,7,0,0,9,8,0,8,17
10/16/2016,ALW,WA,ANM,WE,Federal Contract Tower,4,2,4,0,10,0,4,20,0,24,4,6,24,0,34,4,0,4,38
10/17/2016,ALW,WA,ANM,WE,Federal Contract Tower,4,1,3,1,9,0,1,3,0,4,4,2,6,1,13,0,0,0,13
10/18/2016,ALW,WA,ANM,WE,Federal Contract Tower,3,2,12,2,19,0,0,31,0,31,3,2,43,2,50,54,0,54,104
10/19/2016,ALW,WA,ANM,WE,Federal Contract Tower,4,3,6,2,15,0,4,36,0,40,4,7,42,2,55,50,0,50,105
10/20/2016,ALW,WA,ANM,WE,Federal Contract Tower,3,3,4,2,12,0,0,19,4,23,3,3,23,6,35,28,0,28,63
10/21/2016,ALW,WA,ANM,WE,Federal Contract Tower,4,7,14,1,26,0,0,10,0,10,4,7,24,1,36,42,0,42,78
10/22/2016,ALW,WA,ANM,WE,Federal Contract Tower,2,2,2,0,6,0,0,50,0,50,2,2,52,0,56,4,0,4,60
10/23/2016,ALW,WA,ANM,WE,Federal Contract Tower,4,3,2,0,9,0,1,63,0,64,4,4,65,0,73,136,0,136,209
10/24/2016,ALW,WA,ANM,WE,Federal Contract Tower,4,2,5,0,11,0,2,39,0,41,4,4,44,0,52,62,0,62,114
10/25/2016,ALW,WA,ANM,WE,Federal Contract Tower,3,6,3,0,12,0,0,61,0,61,3,6,64,0,73,120,0,120,193
10/26/2016,ALW,WA,ANM,WE,Federal Contract Tower,3,2,8,0,13,0,0,2,0,2,3,2,10,0,15,0,0,0,15
10/27/2016,ALW,WA,ANM,WE,Federal Contract Tower,4,2,8,0,14,0,1,12,0,13,4,3,20,0,27,36,0,36,63
10/28/2016,ALW,WA,ANM,WE,Federal Contract Tower,4,7,8,0,19,0,2,61,0,63,4,9,69,0,82,126,0,126,208
10/29/2016,ALW,WA,ANM,WE,Federal Contract Tower,4,0,2,0,6,0,0,0,0,0,4,0,2,0,6,0,0,0,6
10/30/2016,ALW,WA,ANM,WE,Federal Contract Tower,4,2,2,0,8,0,0,0,0,0,4,2,2,0,8,0,0,0,8
10/31/2016,ALW,WA,ANM,WE,Federal Contract Tower,4,2,2,0,8,0,0,11,0,11,4,2,13,0,19,34,0,34,53
11/01/2016,ALW,WA,ANM,WE,Federal Contract Tower,4,2,10,0,16,0,0,46,0,46,4,2,56,0,62,56,0,56,118
11/02/2016,ALW,WA,ANM,WE,Federal Contract Tower,4,3,7,0,14,0,3,38,0,41,4,6,45,0,55,48,0,48,103
11/03/2016,ALW,WA,ANM,WE,Federal Contract Tower,3,2,8,0,13,0,0,75,0,75,3,2,83,0,88,56,0,56,144
11/04/2016,ALW,WA,ANM,WE,Federal Contract Tower,3,1,6,0,10,0,0,49,0,49,3,1,55,0,59,100,0,100,159
11/05/2016,ALW,WA,ANM,WE,Federal Contract Tower,2,0,4,0,6,0,2,32,0,34,2,2,36,0,40,24,0,24,64
11/06/2016,ALW,WA,ANM,WE,Federal Contract Tower,3,4,1,0,8,0,0,25,0,25,3,4,26,0,33,26,0,26,59
11/07/2016,ALW,WA,ANM,WE,Federal Contract Tower,2,2,4,0,8,0,0,41,0,41,2,2,45,0,49,110,0,110,159
11/08/2016,ALW,WA,ANM,WE,Federal Contract Tower,2,4,4,0,10,0,0,17,2,19,2,4,21,2,29,36,0,36,65
11/09/2016,ALW,WA,ANM,WE,Federal Contract Tower,3,2,5,0,10,0,2,54,0,56,3,4,59,0,66,118,0,118,184
11/10/2016,ALW,WA,ANM,WE,Federal Contract Tower,3,4,12,2,21,0,0,21,0,21,3,4,33,2,42,24,0,24,66
11/11/2016,ALW,WA,ANM,WE,Federal Contract Tower,2,4,9,0,15,0,0,12,0,12,2,4,21,0,27,34,0,34,61
11/12/2016,ALW,WA,ANM,WE,Federal Contract Tower,2,1,1,0,4,0,0,26,0,26,2,1,27,0,30,16,0,16,46
11/13/2016,ALW,WA,ANM,WE,Federal Contract Tower,3,3,5,0,11,0,6,35,0,41,3,9,40,0,52,108,0,108,160
11/14/2016,ALW,WA,ANM,WE,Federal Contract Tower,3,3,5,0,11,0,0,13,0,13,3,3,18,0,24,64,0,64,88
11/15/2016,ALW,WA,ANM,WE,Federal Contract Tower,3,4,3,0,10,0,0,20,0,20,3,4,23,0,30,68,0,68,98
11/16/2016,ALW,WA,ANM,WE,Federal Contract Tower,3,4,5,0,12,0,3,37,0,40,3,7,42,0,52,64,0,64,116
11/17/2016,ALW,WA,ANM,WE,Federal Contract Tower,2,4,11,0,17,0,3,39,0,42,2,7,50,0,59,120,0,120,179
11/18/2016,ALW,WA,ANM,WE,Federal Contract Tower,4,4,4,0,12,0,0,10,0,10,4,4,14,0,22,4,0,4,26
11/19/2016,ALW,WA,ANM,WE,Federal Contract Tower,3,0,2,0,5,0,0,7,0,7,3,0,9,0,12,8,0,8,20
11/20/2016,ALW,WA,ANM,WE,Federal Contract Tower,3,2,3,0,8,0,6,6,0,12,3,8,9,0,20,4,0,4,24
11/21/2016,ALW,WA,ANM,WE,Federal Contract Tower,4,4,1,0,9,0,1,10,2,13,4,5,11,2,22,16,0,16,38
11/22/2016,ALW,WA,ANM,WE,Federal Contract Tower,4,2,3,0,9,0,2,13,2,17,4,4,16,2,26,12,0,12,38
11/23/2016,ALW,WA,ANM,WE,Federal Contract Tower,4,2,0,0,6,0,2,9,0,11,4,4,9,0,17,60,0,60,77
11/24/2016,ALW,WA,ANM,WE,Federal Contract Tower,2,0,2,0,4,0,2,0,0,2,2,2,2,0,6,0,0,0,6
11/25/2016,ALW,WA,ANM,WE,Federal Contract Tower,3,2,1,0,6,0,2,2,0,4,3,4,3,0,10,0,0,0,10
11/26/2016,ALW,WA,ANM,WE,Federal Contract Tower,3,0,0,0,3,0,0,7,0,7,3,0,7,0,10,6,0,6,16
11/27/2016,ALW,WA,ANM,WE,Federal Contract Tower,3,3,1,0,7,0,2,2,0,4,3,5,3,0,11,0,0,0,11
11/28/2016,ALW,WA,ANM,WE,Federal Contract Tower,3,3,5,0,11,0,0,16,0,16,3,3,21,0,27,58,0,58,85
11/29/2016,ALW,WA,ANM,WE,Federal Contract Tower,3,2,7,0,12,0,2,26,0,28,3,4,33,0,40,70,0,70,110
11/30/2016,ALW,WA,ANM,WE,Federal Contract Tower,3,4,5,0,12,0,0,22,0,22,3,4,27,0,34,66,0,66,100
12/01/2016,ALW,WA,ANM,WE,Federal Contract Tower,3,4,11,0,18,0,1,30,0,31,3,5,41,0,49,66,0,66,115
12/02/2016,ALW,WA,ANM,WE,Federal Contract Tower,3,2,5,0,10,0,2,49,0,51,3,4,54,0,61,108,0,108,169
12/03/2016,ALW,WA,ANM,WE,Federal Contract Tower,3,2,2,0,7,0,1,26,0,27,3,3,28,0,34,50,0,50,84
12/04/2016,ALW,WA,ANM,WE,Federal Contract Tower,4,1,2,0,7,0,0,14,0,14,4,1,16,0,21,4,0,4,25
12/05/2016,ALW,WA,ANM,WE,Federal Contract Tower,3,2,0,0,5,0,0,27,0,27,3,2,27,0,32,12,0,12,44
12/06/2016,ALW,WA,ANM,WE,Federal Contract Tower,3,2,1,0,6,0,0,0,0,0,3,2,1,0,6,0,0,0,6
12/07/2016,ALW,WA,ANM,WE,Federal Contract Tower,3,2,5,0,10,0,0,30,0,30,3,2,35,0,40,76,0,76,116
12/08/2016,ALW,WA,ANM,WE,Federal Contract Tower,3,2,0,0,5,0,0,0,0,0,3,2,0,0,5,0,0,0,5
12/09/2016,ALW,WA,ANM,WE,Federal Contract Tower,3,8,5,0,16,0,0,0,0,0,3,8,5,0,16,0,0,0,16
12/10/2016,ALW,WA,ANM,WE,Federal Contract Tower,2,0,3,0,5,0,0,4,0,4,2,0,7,0,9,6,0,6,15
12/11/2016,ALW,WA,ANM,WE,Federal Contract Tower,3,0,0,0,3,0,0,10,0,10,3,0,10,0,13,22,0,22,35
12/12/2016,ALW,WA,ANM,WE,Federal Contract Tower,3,2,2,0,7,0,0,0,0,0,3,2,2,0,7,0,0,0,7
12/13/2016,ALW,WA,ANM,WE,Federal Contract Tower,3,5,1,0,9,0,0,2,0,2,3,5,3,0,11,52,0,52,63
12/14/2016,ALW,WA,ANM,WE,Federal Contract Tower,3,3,0,0,6,0,0,0,0,0,3,3,0,0,6,0,0,0,6
12/15/2016,ALW,WA,ANM,WE,Federal Contract Tower,2,4,2,0,8,0,0,0,0,0,2,4,2,0,8,4,0,4,12
12/16/2016,ALW,WA,ANM,WE,Federal Contract Tower,4,5,1,0,10,0,0,0,0,0,4,5,1,0,10,0,0,0,10
12/17/2016,ALW,WA,ANM,WE,Federal Contract Tower,3,0,0,0,3,0,0,0,0,0,3,0,0,0,3,0,0,0,3
12/18/2016,ALW,WA,ANM,WE,Federal Contract Tower,3,0,0,0,3,0,0,0,0,0,3,0,0,0,3,0,0,0,3
12/19/2016,ALW,WA,ANM,WE,Federal Contract Tower,3,4,1,0,8,0,0,1,0,1,3,4,2,0,9,0,0,0,9
12/21/2016,ALW,WA,ANM,WE,Federal Contract Tower,4,3,1,0,8,0,3,13,0,16,4,6,14,0,24,28,0,28,52
12/22/2016,ALW,WA,ANM,WE,Federal Contract Tower,4,4,1,0,9,0,1,6,0,7,4,5,7,0,16,0,0,0,16
12/23/2016,ALW,WA,ANM,WE,Federal Contract Tower,3,4,0,0,7,0,0,0,0,0,3,4,0,0,7,0,0,0,7
12/24/2016,ALW,WA,ANM,WE,Federal Contract Tower,3,3,7,0,13,0,0,7,0,7,3,3,14,0,20,0,0,0,20
12/25/2016,ALW,WA,ANM,WE,Federal Contract Tower,2,4,0,0,6,0,0,1,0,1,2,4,1,0,7,4,0,4,11
12/26/2016,ALW,WA,ANM,WE,Federal Contract Tower,4,0,1,0,5,0,0,4,0,4,4,0,5,0,9,16,0,16,25
12/27/2016,ALW,WA,ANM,WE,Federal Contract Tower,4,5,0,0,9,0,1,0,0,1,4,6,0,0,10,0,0,0,10
12/28/2016,ALW,WA,ANM,WE,Federal Contract Tower,3,2,1,0,6,0,0,9,0,9,3,2,10,0,15,26,0,26,41
12/29/2016,ALW,WA,ANM,WE,Federal Contract Tower,3,2,0,0,5,0,0,14,2,16,3,2,14,2,21,26,0,26,47
12/30/2016,ALW,WA,ANM,WE,Federal Contract Tower,3,2,2,0,7,0,0,11,0,11,3,2,13,0,18,42,0,42,60
12/31/2016,ALW,WA,ANM,WE,Federal Contract Tower,3,0,3,0,6,0,0,16,0,16,3,0,19,0,22,0,0,0,22
01/01/2017,ALW,WA,ANM,WE,Federal Contract Tower,1,0,0,0,1,0,0,0,0,0,1,0,0,0,1,0,0,0,1
01/02/2017,ALW,WA,ANM,WE,Federal Contract Tower,3,0,1,0,4,0,0,0,0,0,3,0,1,0,4,0,0,0,4
01/03/2017,ALW,WA,ANM,WE,Federal Contract Tower,3,5,0,0,8,0,0,0,0,0,3,5,0,0,8,6,0,6,14
01/04/2017,ALW,WA,ANM,WE,Federal Contract Tower,4,5,5,1,15,0,0,1,0,1,4,5,6,1,16,28,0,28,44
01/05/2017,ALW,WA,ANM,WE,Federal Contract Tower,4,2,3,1,10,0,0,33,0,33,4,2,36,1,43,42,0,42,85
01/06/2017,ALW,WA,ANM,WE,Federal Contract Tower,4,2,17,0,23,0,0,17,0,17,4,2,34,0,40,38,0,38,78
01/07/2017,ALW,WA,ANM,WE,Federal Contract Tower,3,0,0,0,3,0,0,0,0,0,3,0,0,0,3,0,0,0,3
01/08/2017,ALW,WA,ANM,WE,Federal Contract Tower,3,0,0,0,3,0,0,0,0,0,3,0,0,0,3,0,0,0,3
01/09/2017,ALW,WA,ANM,WE,Federal Contract Tower,2,2,0,0,4,0,0,2,0,2,2,2,2,0,6,0,0,0,6
01/10/2017,ALW,WA,ANM,WE,Federal Contract Tower,3,2,0,0,5,0,0,0,0,0,3,2,0,0,5,0,0,0,5
01/11/2017,ALW,WA,ANM,WE,Federal Contract Tower,1,2,0,0,3,0,0,0,0,0,1,2,0,0,3,0,0,0,3
01/12/2017,ALW,WA,ANM,WE,Federal Contract Tower,4,6,7,1,18,0,0,23,1,24,4,6,30,2,42,4,0,4,46
01/13/2017,ALW,WA,ANM,WE,Federal Contract Tower,4,4,9,0,17,0,0,4,0,4,4,4,13,0,21,12,0,12,33
01/14/2017,ALW,WA,ANM,WE,Federal Contract Tower,3,0,2,0,5,0,0,0,0,0,3,0,2,0,5,12,0,12,17
01/15/2017,ALW,WA,ANM,WE,Federal Contract Tower,3,0,11,0,14,0,0,2,0,2,3,0,13,0,16,6,0,6,22
01/16/2017,ALW,WA,ANM,WE,Federal Contract Tower,4,6,18,0,28,0,0,5,0,5,4,6,23,0,33,32,0,32,65
01/17/2017,ALW,WA,ANM,WE,Federal Contract Tower,4,2,4,0,10,0,0,7,0,7,4,2,11,0,17,130,0,130,147
01/18/2017,ALW,WA,ANM,WE,Federal Contract Tower,1,2,0,0,3,0,2,0,0,2,1,4,0,0,5,0,0,0,5
01/19/2017,ALW,WA,ANM,WE,Federal Contract Tower,2,2,6,0,10,0,0,35,0,35,2,2,41,0,45,136,0,136,181
01/20/2017,ALW,WA,ANM,WE,Federal Contract Tower,3,6,3,0,12,0,0,26,2,28,3,6,29,2,40,102,0,102,142
01/21/2017,ALW,WA,ANM,WE,Federal Contract Tower,2,2,0,0,4,0,2,23,0,25,2,4,23,0,29,26,0,26,55
01/22/2017,ALW,WA,ANM,WE,Federal Contract Tower,3,0,0,0,3,0,0,16,0,16,3,0,16,0,19,32,0,32,51
01/23/2017,ALW,WA,ANM,WE,Federal Contract Tower,4,2,0,0,6,0,0,0,0,0,4,2,0,0,6,0,0,0,6
01/24/2017,ALW,WA,ANM,WE,Federal Contract Tower,5,2,4,0,11,0,0,0,0,0,5,2,4,0,11,0,0,0,11
01/25/2017,ALW,WA,ANM,WE,Federal Contract Tower,4,4,1,0,9,0,0,0,0,0,4,4,1,0,9,0,0,0,9
01/26/2017,ALW,WA,ANM,WE,Federal Contract Tower,1,2,0,0,3,0,0,0,0,0,1,2,0,0,3,0,0,0,3
01/27/2017,ALW,WA,ANM,WE,Federal Contract Tower,4,2,0,0,6,0,0,0,0,0,4,2,0,0,6,0,0,0,6
01/28/2017,ALW,WA,ANM,WE,Federal Contract Tower,3,0,3,0,6,0,0,0,0,0,3,0,3,0,6,0,0,0,6
01/29/2017,ALW,WA,ANM,WE,Federal Contract Tower,4,0,16,0,20,0,0,8,0,8,4,0,24,0,28,24,0,24,52
01/30/2017,ALW,WA,ANM,WE,Federal Contract Tower,4,2,3,0,9,0,0,0,0,0,4,2,3,0,9,0,0,0,9
01/31/2017,ALW,WA,ANM,WE,Federal Contract Tower,4,2,0,0,6,0,0,0,0,0,4,2,0,0,6,0,0,0,6
02/01/2017,ALW,WA,ANM,WE,Federal Contract Tower,3,2,3,0,8,0,0,0,0,0,3,2,3,0,8,0,0,0,8
02/02/2017,ALW,WA,ANM,WE,Federal Contract Tower,4,2,5,0,11,0,0,0,0,0,4,2,5,0,11,0,0,0,11
02/03/2017,ALW,WA,ANM,WE,Federal Contract Tower,3,2,0,0,5,0,0,0,0,0,3,2,0,0,5,0,0,0,5
02/04/2017,ALW,WA,ANM,WE,Federal Contract Tower,0,1,3,0,4,0,0,2,0,2,0,1,5,0,6,2,0,2,8
02/05/2017,ALW,WA,ANM,WE,Federal Contract Tower,3,0,6,0,9,0,0,2,0,2,3,0,8,0,11,28,0,28,39
02/06/2017,ALW,WA,ANM,WE,Federal Contract Tower,2,2,5,0,9,0,0,26,0,26,2,2,31,0,35,154,0,154,189
02/07/2017,ALW,WA,ANM,WE,Federal Contract Tower,2,5,2,0,9,0,0,2,0,2,2,5,4,0,11,0,0,0,11
02/08/2017,ALW,WA,ANM,WE,Federal Contract Tower,1,4,1,0,6,0,0,0,0,0,1,4,1,0,6,0,0,0,6
02/09/2017,ALW,WA,ANM,WE,Federal Contract Tower,0,2,1,0,3,0,0,0,0,0,0,2,1,0,3,0,0,0,3
02/10/2017,ALW,WA,ANM,WE,Federal Contract Tower,3,2,2,0,7,0,2,28,0,30,3,4,30,0,37,102,0,102,139
02/11/2017,ALW,WA,ANM,WE,Federal Contract Tower,3,0,2,0,5,0,0,50,0,50,3,0,52,0,55,26,0,26,81
02/12/2017,ALW,WA,ANM,WE,Federal Contract Tower,3,0,1,0,4,0,0,44,0,44,3,0,45,0,48,112,0,112,160
02/13/2017,ALW,WA,ANM,WE,Federal Contract Tower,4,2,6,0,12,0,0,4,0,4,4,2,10,0,16,44,0,44,60
02/14/2017,ALW,WA,ANM,WE,Federal Contract Tower,3,4,8,0,15,0,0,5,0,5,3,4,13,0,20,10,0,10,30
02/15/2017,ALW,WA,ANM,WE,Federal Contract Tower,3,0,0,0,3,0,0,0,0,0,3,0,0,0,3,0,0,0,3
02/16/2017,ALW,WA,ANM,WE,Federal Contract Tower,4,2,2,0,8,0,0,16,0,16,4,2,18,0,24,74,0,74,98
02/17/2017,ALW,WA,ANM,WE,Federal Contract Tower,2,5,7,0,14,0,1,43,0,44,2,6,50,0,58,116,0,116,174
02/18/2017,ALW,WA,ANM,WE,Federal Contract Tower,2,3,6,0,11,0,0,0,0,0,2,3,6,0,11,0,0,0,11
02/19/2017,ALW,WA,ANM,WE,Federal Contract Tower,4,0,1,0,5,0,1,22,0,23,4,1,23,0,28,66,0,66,94
02/20/2017,ALW,WA,ANM,WE,Federal Contract Tower,3,3,4,0,10,0,0,10,0,10,3,3,14,0,20,22,0,22,42
02/21/2017,ALW,WA,ANM,WE,Federal Contract Tower,4,3,0,0,7,0,0,0,0,0,4,3,0,0,7,0,0,0,7
02/22/2017,ALW,WA,ANM,WE,Federal Contract Tower,4,2,12,0,18,0,2,35,0,37,4,4,47,0,55,136,0,136,191
02/23/2017,ALW,WA,ANM,WE,Federal Contract Tower,4,4,13,0,21,0,0,36,0,36,4,4,49,0,57,100,0,100,157
02/24/2017,ALW,WA,ANM,WE,Federal Contract Tower,4,9,7,0,20,0,3,34,0,37,4,12,41,0,57,124,0,124,181
02/25/2017,ALW,WA,ANM,WE,Federal Contract Tower,3,0,2,0,5,0,2,30,0,32,3,2,32,0,37,22,0,22,59
02/26/2017,ALW,WA,ANM,WE,Federal Contract Tower,4,0,2,0,6,0,0,0,0,0,4,0,2,0,6,0,0,0,6
02/27/2017,ALW,WA,ANM,WE,Federal Contract Tower,3,5,5,1,14,0,0,12,0,12,3,5,17,1,26,102,0,102,128
02/28/2017,ALW,WA,ANM,WE,Federal Contract Tower,4,2,18,0,24,0,0,60,0,60,4,2,78,0,84,110,0,110,194
03/01/2017,ALW,WA,ANM,WE,Federal Contract Tower,4,3,4,0,11,0,0,29,0,29,4,3,33,0,40,48,0,48,88
03/02/2017,ALW,WA,ANM,WE,Federal Contract Tower,4,2,12,0,18,0,0,30,0,30,4,2,42,0,48,124,0,124,172
03/03/2017,ALW,WA,ANM,WE,Federal Contract Tower,3,2,17,0,22,0,0,46,2,48,3,2,63,2,70,66,0,66,136
03/04/2017,ALW,WA,ANM,WE,Federal Contract Tower,2,0,1,0,3,0,0,8,0,8,2,0,9,0,11,0,0,0,11
03/05/2017,ALW,WA,ANM,WE,Federal Contract Tower,3,0,13,0,16,0,5,33,0,38,3,5,46,0,54,60,0,60,114
03/06/2017,ALW,WA,ANM,WE,Federal Contract Tower,3,4,4,0,11,0,2,25,0,27,3,6,29,0,38,64,0,64,102
03/07/2017,ALW,WA,ANM,WE,Federal Contract Tower,3,2,3,0,8,0,0,9,0,9,3,2,12,0,17,48,0,48,65
03/08/2017,ALW,WA,ANM,WE,Federal Contract Tower,4,5,8,0,17,0,0,25,0,25,4,5,33,0,42,126,0,126,168
03/09/2017,ALW,WA,ANM,WE,Federal Contract Tower,3,2,2,0,7,0,0,4,0,4,3,2,6,0,11,8,0,8,19
03/10/2017,ALW,WA,ANM,WE,Federal Contract Tower,4,6,9,0,19,0,0,46,0,46,4,6,55,0,65,50,0,50,115
03/11/2017,ALW,WA,ANM,WE,Federal Contract Tower,3,2,3,0,8,0,0,17,0,17,3,2,20,0,25,20,0,20,45
03/12/2017,ALW,WA,ANM,WE,Federal Contract Tower,3,6,6,0,15,0,2,42,0,44,3,8,48,0,59,56,0,56,115
03/13/2017,ALW,WA,ANM,WE,Federal Contract Tower,3,7,9,0,19,0,0,33,0,33,3,7,42,0,52,54,0,54,106
03/14/2017,ALW,WA,ANM,WE,Federal Contract Tower,2,6,4,0,12,0,0,60,0,60,2,6,64,0,72,34,0,34,106
03/15/2017,ALW,WA,ANM,WE,Federal Contract Tower,2,2,1,0,5,0,0,32,0,32,2,2,33,0,37,20,0,20,57
03/16/2017,ALW,WA,ANM,WE,Federal Contract Tower,3,4,1,0,8,0,4,26,0,30,3,8,27,0,38,44,0,44,82
03/17/2017,ALW,WA,ANM,WE,Federal Contract Tower,3,4,4,0,11,0,2,39,2,43,3,6,43,2,54,66,0,66,120
03/18/2017,ALW,WA,ANM,WE,Federal Contract Tower,3,0,4,0,7,0,0,6,0,6,3,0,10,0,13,10,0,10,23
03/19/2017,ALW,WA,ANM,WE,Federal Contract Tower,3,0,5,0,8,0,0,54,0,54,3,0,59,0,62,12,0,12,74
03/20/2017,ALW,WA,ANM,WE,Federal Contract Tower,3,4,1,0,8,0,0,39,0,39,3,4,40,0,47,18,0,18,65
03/21/2017,ALW,WA,ANM,WE,Federal Contract Tower,2,1,2,0,5,0,0,29,0,29,2,1,31,0,34,4,0,4,38
03/22/2017,ALW,WA,ANM,WE,Federal Contract Tower,2,4,3,0,9,0,0,8,0,8,2,4,11,0,17,30,0,30,47
03/23/2017,ALW,WA,ANM,WE,Federal Contract Tower,3,2,4,1,10,0,0,60,0,60,3,2,64,1,70,30,0,30,100
03/24/2017,ALW,WA,ANM,WE,Federal Contract Tower,3,2,4,1,10,0,0,33,0,33,3,2,37,1,43,8,0,8,51
03/25/2017,ALW,WA,ANM,WE,Federal Contract Tower,3,0,1,0,4,0,0,41,0,41,3,0,42,0,45,0,0,0,45
03/26/2017,ALW,WA,ANM,WE,Federal Contract Tower,3,2,2,0,7,0,0,12,0,12,3,2,14,0,19,28,0,28,47
03/27/2017,ALW,WA,ANM,WE,Federal Contract Tower,3,5,9,0,17,0,0,51,0,51,3,5,60,0,68,58,0,58,126
03/28/2017,ALW,WA,ANM,WE,Federal Contract Tower,3,2,13,0,18,0,0,35,0,35,3,2,48,0,53,52,0,52,105
03/29/2017,ALW,WA,ANM,WE,Federal Contract Tower,3,2,6,0,11,0,0,21,0,21,3,2,27,0,32,32,0,32,64
03/30/2017,ALW,WA,ANM,WE,Federal Contract Tower,3,2,4,0,9,0,2,35,0,37,3,4,39,0,46,130,0,130,176
03/31/2017,ALW,WA,ANM,WE,Federal Contract Tower,3,2,7,0,12,0,0,72,0,72,3,2,79,0,84,52,0,52,136
04/01/2017,ALW,WA,ANM,WE,Federal Contract Tower,3,0,5,0,8,0,0,42,0,42,3,0,47,0,50,0,0,0,50
04/02/2017,ALW,WA,ANM,WE,Federal Contract Tower,4,2,3,0,9,0,9,19,0,28,4,11,22,0,37,8,0,8,45
04/03/2017,ALW,WA,ANM,WE,Federal Contract Tower,2,2,6,0,10,0,2,80,0,82,2,4,86,0,92,6,0,6,98
04/04/2017,ALW,WA,ANM,WE,Federal Contract Tower,3,2,5,0,10,0,0,67,0,67,3,2,72,0,77,118,0,118,195
04/05/2017,ALW,WA,ANM,WE,Federal Contract Tower,2,2,17,0,21,0,2,47,0,49,2,4,64,0,70,96,0,96,166
04/06/2017,ALW,WA,ANM,WE,Federal Contract Tower,3,2,8,0,13,0,0,37,0,37,3,2,45,0,50,74,0,74,124
04/07/2017,ALW,WA,ANM,WE,Federal Contract Tower,2,4,3,0,9,0,0,11,0,11,2,4,14,0,20,6,0,6,26
04/08/2017,ALW,WA,ANM,WE,Federal Contract Tower,2,2,4,0,8,0,0,9,0,9,2,2,13,0,17,12,0,12,29
04/09/2017,ALW,WA,ANM,WE,Federal Contract Tower,3,0,7,0,10,0,0,79,0,79,3,0,86,0,89,132,0,132,221
04/10/2017,ALW,WA,ANM,WE,Federal Contract Tower,3,2,7,0,12,0,0,18,0,18,3,2,25,0,30,72,0,72,102
04/11/2017,ALW,WA,ANM,WE,Federal Contract Tower,3,3,10,0,16,0,0,75,0,75,3,3,85,0,91,64,0,64,155
04/12/2017,ALW,WA,ANM,WE,Federal Contract Tower,3,2,1,0,6,0,2,23,0,25,3,4,24,0,31,94,0,94,125
04/13/2017,ALW,WA,ANM,WE,Federal Contract Tower,2,3,9,0,14,0,0,39,0,39,2,3,48,0,53,77,0,77,130
04/14/2017,ALW,WA,ANM,WE,Federal Contract Tower,2,2,17,0,21,0,0,45,0,45,2,2,62,0,66,86,0,86,152
04/15/2017,ALW,WA,ANM,WE,Federal Contract Tower,3,0,4,0,7,0,1,60,0,61,3,1,64,0,68,20,0,20,88
04/16/2017,ALW,WA,ANM,WE,Federal Contract Tower,3,0,5,0,8,0,0,65,0,65,3,0,70,0,73,56,0,56,129
04/17/2017,ALW,WA,ANM,WE,Federal Contract Tower,3,2,8,0,13,0,2,29,0,31,3,4,37,0,44,106,0,106,150
04/18/2017,ALW,WA,ANM,WE,Federal Contract Tower,3,2,4,0,9,0,0,24,0,24,3,2,28,0,33,94,0,94,127
04/19/2017,ALW,WA,ANM,WE,Federal Contract Tower,2,4,6,0,12,0,0,58,0,58,2,4,64,0,70,100,0,100,170
04/20/2017,ALW,WA,ANM,WE,Federal Contract Tower,3,2,10,0,15,0,0,40,0,40,3,2,50,0,55,102,0,102,157
04/21/2017,ALW,WA,ANM,WE,Federal Contract Tower,2,4,4,2,12,0,2,75,0,77,2,6,79,2,89,40,0,40,129
04/22/2017,ALW,WA,ANM,WE,Federal Contract Tower,3,0,1,0,4,0,9,37,0,46,3,9,38,0,50,4,0,4,54
04/23/2017,ALW,WA,ANM,WE,Federal Contract Tower,2,0,3,0,5,0,1,23,0,24,2,1,26,0,29,50,0,50,79
04/24/2017,ALW,WA,ANM,WE,Federal Contract Tower,2,3,11,0,16,0,2,13,0,15,2,5,24,0,31,166,0,166,197
04/25/2017,ALW,WA,ANM,WE,Federal Contract Tower,3,2,14,0,19,0,0,30,0,30,3,2,44,0,49,128,0,128,177
04/26/2017,ALW,WA,ANM,WE,Federal Contract Tower,3,2,2,0,7,0,0,3,0,3,3,2,5,0,10,34,0,34,44
04/27/2017,ALW,WA,ANM,WE,Federal Contract Tower,2,2,13,0,17,0,0,28,0,28,2,2,41,0,45,24,0,24,69
04/28/2017,ALW,WA,ANM,WE,Federal Contract Tower,3,2,11,0,16,0,2,59,0,61,3,4,70,0,77,62,0,62,139
04/29/2017,ALW,WA,ANM,WE,Federal Contract Tower,3,0,7,0,10,0,2,30,0,32,3,2,37,0,42,34,0,34,76
04/30/2017,ALW,WA,ANM,WE,Federal Contract Tower,3,0,5,0,8,0,0,13,0,13,3,0,18,0,21,24,0,24,45
05/01/2017,ALW,WA,ANM,WE,Federal Contract Tower,2,2,3,0,7,0,2,35,0,37,2,4,38,0,44,108,0,108,152
05/02/2017,ALW,WA,ANM,WE,Federal Contract Tower,2,4,16,0,22,0,0,53,0,53,2,4,69,0,75,118,0,118,193
05/03/2017,ALW,WA,ANM,WE,Federal Contract Tower,3,6,8,0,17,0,2,60,0,62,3,8,68,0,79,82,0,82,161
05/04/2017,ALW,WA,ANM,WE,Federal Contract Tower,2,4,16,0,22,0,0,67,0,67,2,4,83,0,89,78,0,78,167
05/05/2017,ALW,WA,ANM,WE,Federal Contract Tower,2,4,13,0,19,0,0,23,0,23,2,4,36,0,42,38,0,38,80
05/06/2017,ALW,WA,ANM,WE,Federal Contract Tower,2,0,2,0,4,0,1,21,0,22,2,1,23,0,26,26,0,26,52
05/07/2017,ALW,WA,ANM,WE,Federal Contract Tower,3,1,6,0,10,0,0,47,0,47,3,1,53,0,57,48,0,48,105
05/08/2017,ALW,WA,ANM,WE,Federal Contract Tower,3,2,6,0,11,0,2,46,0,48,3,4,52,0,59,168,0,168,227
05/09/2017,ALW,WA,ANM,WE,Federal Contract Tower,2,2,14,0,18,0,0,52,0,52,2,2,66,0,70,94,0,94,164
05/10/2017,ALW,WA,ANM,WE,Federal Contract Tower,2,2,10,0,14,0,0,42,0,42,2,2,52,0,56,66,0,66,122
05/11/2017,ALW,WA,ANM,WE,Federal Contract Tower,2,2,10,0,14,0,0,34,0,34,2,2,44,0,48,60,0,60,108
05/12/2017,ALW,WA,ANM,WE,Federal Contract Tower,2,2,14,0,18,0,0,22,0,22,2,2,36,0,40,38,0,38,78
05/13/2017,ALW,WA,ANM,WE,Federal Contract Tower,2,0,5,0,7,0,1,21,0,22,2,1,26,0,29,0,0,0,29
05/14/2017,ALW,WA,ANM,WE,Federal Contract Tower,3,2,1,0,6,0,0,30,0,30,3,2,31,0,36,90,0,90,126
05/15/2017,ALW,WA,ANM,WE,Federal Contract Tower,4,4,5,0,13,0,4,45,0,49,4,8,50,0,62,106,0,106,168
05/17/2017,ALW,WA,ANM,WE,Federal Contract Tower,2,3,22,0,27,0,2,42,0,44,2,5,64,0,71,104,0,104,175
05/18/2017,ALW,WA,ANM,WE,Federal Contract Tower,4,7,24,0,35,0,1,59,0,60,4,8,83,0,95,68,0,68,163
05/19/2017,ALW,WA,ANM,WE,Federal Contract Tower,4,3,13,0,20,0,4,83,0,87,4,7,96,0,107,74,0,74,181
05/20/2017,ALW,WA,ANM,WE,Federal Contract Tower,2,0,5,0,7,0,0,33,0,33,2,0,38,0,40,20,0,20,60
05/21/2017,ALW,WA,ANM,WE,Federal Contract Tower,4,5,6,0,15,0,0,90,0,90,4,5,96,0,105,54,0,54,159
05/22/2017,ALW,WA,ANM,WE,Federal Contract Tower,3,2,4,0,9,0,1,84,0,85,3,3,88,0,94,98,0,98,192
05/23/2017,ALW,WA,ANM,WE,Federal Contract Tower,2,2,8,0,12,0,0,60,0,60,2,2,68,0,72,90,0,90,162
05/24/2017,ALW,WA,ANM,WE,Federal Contract Tower,2,2,9,0,13,0,0,23,0,23,2,2,32,0,36,28,0,28,64
05/25/2017,ALW,WA,ANM,WE,Federal Contract Tower,2,2,8,0,12,0,0,60,0,60,2,2,68,0,72,134,0,134,206
05/26/2017,ALW,WA,ANM,WE,Federal Contract Tower,2,2,7,0,11,0,0,64,0,64,2,2,71,0,75,106,0,106,181
05/27/2017,ALW,WA,ANM,WE,Federal Contract Tower,2,0,3,0,5,0,2,45,0,47,2,2,48,0,52,18,0,18,70
05/28/2017,ALW,WA,ANM,WE,Federal Contract Tower,3,2,6,0,11,0,0,65,0,65,3,2,71,0,76,48,0,48,124
05/29/2017,ALW,WA,ANM,WE,Federal Contract Tower,2,0,9,0,11,0,0,41,0,41,2,0,50,0,52,26,0,26,78
05/30/2017,ALW,WA,ANM,WE,Federal Contract Tower,2,2,11,0,15,0,0,27,0,27,2,2,38,0,42,76,0,76,118
05/31/2017,ALW,WA,ANM,WE,Federal Contract Tower,2,2,12,0,16,0,0,45,0,45,2,2,57,0,61,86,0,86,147
06/01/2017,ALW,WA,ANM,WE,Federal Contract Tower,3,2,3,0,8,0,0,32,0,32,3,2,35,0,40,112,0,112,152
06/02/2017,ALW,WA,ANM,WE,Federal Contract Tower,3,6,18,0,27,0,0,92,0,92,3,6,110,0,119,186,0,186,305
06/03/2017,ALW,WA,ANM,WE,Federal Contract Tower,2,1,3,0,6,0,4,149,0,153,2,5,152,0,159,2,0,2,161
06/04/2017,ALW,WA,ANM,WE,Federal Contract Tower,2,6,7,0,15,0,7,23,0,30,2,13,30,0,45,32,0,32,77
06/05/2017,ALW,WA,ANM,WE,Federal Contract Tower,3,2,7,0,12,0,2,28,0,30,3,4,35,0,42,42,0,42,84
06/06/2017,ALW,WA,ANM,WE,Federal Contract Tower,2,2,6,0,10,0,2,29,0,31,2,4,35,0,41,60,0,60,101
06/07/2017,ALW,WA,ANM,WE,Federal Contract Tower,2,2,7,0,11,0,0,55,0,55,2,2,62,0,66,42,0,42,108
06/08/2017,ALW,WA,ANM,WE,Federal Contract Tower,3,4,5,3,15,0,0,16,2,18,3,4,21,5,33,46,0,46,79
06/09/2017,ALW,WA,ANM,WE,Federal Contract Tower,2,2,10,0,14,0,3,20,0,23,2,5,30,0,37,12,0,12,49
06/10/2017,ALW,WA,ANM,WE,Federal Contract Tower,2,1,3,0,6,0,2,22,0,24,2,3,25,0,30,12,0,12,42
06/11/2017,ALW,WA,ANM,WE,Federal Contract Tower,3,2,6,1,12,0,0,29,0,29,3,2,35,1,41,10,0,10,51
06/12/2017,ALW,WA,ANM,WE,Federal Contract Tower,3,4,5,0,12,0,0,17,0,17,3,4,22,0,29,38,0,38,67
06/13/2017,ALW,WA,ANM,WE,Federal Contract Tower,2,2,3,0,7,0,0,11,0,11,2,2,14,0,18,0,0,0,18
06/14/2017,ALW,WA,ANM,WE,Federal Contract Tower,2,4,8,0,14,0,2,36,0,38,2,6,44,0,52,30,0,30,82
06/15/2017,ALW,WA,ANM,WE,Federal Contract Tower,2,6,9,0,17,0,1,42,2,45,2,7,51,2,62,32,14,46,108
06/16/2017,ALW,WA,ANM,WE,Federal Contract Tower,2,4,7,0,13,0,0,25,0,25,2,4,32,0,38,92,0,92,130
06/17/2017,ALW,WA,ANM,WE,Federal Contract Tower,2,2,10,1,15,0,3,44,1,48,2,5,54,2,63,32,0,32,95
06/18/2017,ALW,WA,ANM,WE,Federal Contract Tower,3,2,6,0,11,0,0,26,0,26,3,2,32,0,37,26,0,26,63
06/19/2017,ALW,WA,ANM,WE,Federal Contract Tower,2,2,4,0,8,0,0,29,0,29,2,2,33,0,37,12,0,12,49
06/20/2017,ALW,WA,ANM,WE,Federal Contract Tower,2,4,2,1,9,0,2,21,1,24,2,6,23,2,33,50,0,50,83
06/21/2017,ALW,WA,ANM,WE,Federal Contract Tower,2,2,7,0,11,0,0,35,0,35,2,2,42,0,46,46,0,46,92
06/22/2017,ALW,WA,ANM,WE,Federal Contract Tower,2,2,0,0,4,0,0,51,0,51,2,2,51,0,55,26,0,26,81
06/23/2017,ALW,WA,ANM,WE,Federal Contract Tower,3,2,0,0,5,0,0,27,0,27,3,2,27,0,32,32,0,32,64
06/24/2017,ALW,WA,ANM,WE,Federal Contract Tower,2,0,2,0,4,0,2,13,0,15,2,2,15,0,19,10,0,10,29
06/25/2017,ALW,WA,ANM,WE,Federal Contract Tower,3,0,0,0,3,0,10,24,0,34,3,10,24,0,37,22,0,22,59
06/26/2017,ALW,WA,ANM,WE,Federal Contract Tower,2,3,5,0,10,0,4,38,0,42,2,7,43,0,52,32,0,32,84
06/27/2017,ALW,WA,ANM,WE,Federal Contract Tower,3,2,6,0,11,0,4,35,0,39,3,6,41,0,50,42,0,42,92
06/28/2017,ALW,WA,ANM,WE,Federal Contract Tower,2,3,0,0,5,0,0,29,0,29,2,3,29,0,34,76,0,76,110
06/29/2017,ALW,WA,ANM,WE,Federal Contract Tower,3,8,3,0,14,0,9,37,0,46,3,17,40,0,60,32,0,32,92
06/30/2017,ALW,WA,ANM,WE,Federal Contract Tower,2,3,6,1,12,0,3,42,1,46,2,6,48,2,58,70,0,70,128
07/01/2017,ALW,WA,ANM,WE,Federal Contract Tower,2,2,2,0,6,0,2,25,0,27,2,4,27,0,33,34,0,34,67
07/02/2017,ALW,WA,ANM,WE,Federal Contract Tower,1,0,2,0,3,0,4,43,0,47,1,4,45,0,50,46,0,46,96
07/03/2017,ALW,WA,ANM,WE,Federal Contract Tower,3,2,3,0,8,0,2,18,0,20,3,4,21,0,28,28,0,28,56
07/04/2017,ALW,WA,ANM,WE,Federal Contract Tower,2,0,0,0,2,0,0,29,0,29,2,0,29,0,31,36,0,36,67
07/05/2017,ALW,WA,ANM,WE,Federal Contract Tower,2,3,2,0,7,0,3,20,0,23,2,6,22,0,30,24,0,24,54
07/06/2017,ALW,WA,ANM,WE,Federal Contract Tower,2,2,3,0,7,0,2,31,0,33,2,4,34,0,40,14,0,14,54
07/07/2017,ALW,WA,ANM,WE,Federal Contract Tower,2,2,5,0,9,0,0,38,0,38,2,2,43,0,47,2,0,2,49
07/08/2017,ALW,WA,ANM,WE,Federal Contract Tower,2,0,3,0,5,0,8,41,0,49,2,8,44,0,54,20,0,20,74
07/09/2017,ALW,WA,ANM,WE,Federal Contract Tower,3,1,0,0,4,0,3,33,0,36,3,4,33,0,40,6,0,6,46
07/10/2017,ALW,WA,ANM,WE,Federal Contract Tower,3,2,1,0,6,0,2,14,0,16,3,4,15,0,22,10,0,10,32
07/11/2017,ALW,WA,ANM,WE,Federal Contract Tower,2,2,7,0,11,0,3,32,0,35,2,5,39,0,46,34,0,34,80
07/12/2017,ALW,WA,ANM,WE,Federal Contract Tower,2,3,3,0,8,0,1,33,0,34,2,4,36,0,42,62,0,62,104
07/13/2017,ALW,WA,ANM,WE,Federal Contract Tower,3,2,1,0,6,0,0,21,0,21,3,2,22,0,27,30,0,30,57
07/14/2017,ALW,WA,ANM,WE,Federal Contract Tower,2,3,8,0,13,0,0,41,0,41,2,3,49,0,54,50,0,50,104
07/15/2017,ALW,WA,ANM,WE,Federal Contract Tower,2,0,1,0,3,0,2,26,0,28,2,2,27,0,31,4,0,4,35
07/16/2017,ALW,WA,ANM,WE,Federal Contract Tower,3,0,4,0,7,0,2,25,0,27,3,2,29,0,34,42,0,42,76
07/17/2017,ALW,WA,ANM,WE,Federal Contract Tower,3,2,4,0,9,0,4,38,0,42,3,6,42,0,51,42,0,42,93
07/18/2017,ALW,WA,ANM,WE,Federal Contract Tower,2,2,4,0,8,0,1,37,0,38,2,3,41,0,46,46,0,46,92
07/19/2017,ALW,WA,ANM,WE,Federal Contract Tower,2,2,4,0,8,0,2,32,0,34,2,4,36,0,42,68,0,68,110
07/20/2017,ALW,WA,ANM,WE,Federal Contract Tower,2,3,4,0,9,0,9,26,0,35,2,12,30,0,44,70,0,70,114
07/21/2017,ALW,WA,ANM,WE,Federal Contract Tower,3,2,8,0,13,0,1,33,0,34,3,3,41,0,47,38,0,38,85
07/22/2017,ALW,WA,ANM,WE,Federal Contract Tower,2,0,4,0,6,0,4,39,0,43,2,4,43,0,49,26,0,26,75
07/23/2017,ALW,WA,ANM,WE,Federal Contract Tower,3,0,1,0,4,0,0,27,0,27,3,0,28,0,31,14,0,14,45
07/24/2017,ALW,WA,ANM,WE,Federal Contract Tower,2,2,6,0,10,0,2,18,0,20,2,4,24,0,30,28,0,28,58
07/25/2017,ALW,WA,ANM,WE,Federal Contract Tower,2,2,6,0,10,0,0,34,0,34,2,2,40,0,44,4,0,4,48
07/26/2017,ALW,WA,ANM,WE,Federal Contract Tower,2,2,3,0,7,0,1,20,0,21,2,3,23,0,28,26,0,26,54
07/27/2017,ALW,WA,ANM,WE,Federal Contract Tower,2,2,1,0,5,0,4,19,0,23,2,6,20,0,28,8,0,8,36
07/28/2017,ALW,WA,ANM,WE,Federal Contract Tower,2,2,3,0,7,0,2,35,0,37,2,4,38,0,44,34,0,34,78
07/29/2017,ALW,WA,ANM,WE,Federal Contract Tower,5,0,1,0,6,0,8,27,0,35,5,8,28,0,41,10,0,10,51
07/30/2017,ALW,WA,ANM,WE,Federal Contract Tower,3,0,1,0,4,0,0,29,0,29,3,0,30,0,33,6,0,6,39
07/31/2017,ALW,WA,ANM,WE,Federal Contract Tower,3,2,6,0,11,0,2,32,0,34,3,4,38,0,45,46,0,46,91
08/01/2017,ALW,WA,ANM,WE,Federal Contract Tower,2,2,1,1,6,0,0,20,1,21,2,2,21,2,27,10,0,10,37
08/02/2017,ALW,WA,ANM,WE,Federal Contract Tower,2,2,4,0,8,0,0,22,0,22,2,2,26,0,30,50,0,50,80
08/03/2017,ALW,WA,ANM,WE,Federal Contract Tower,2,3,1,0,6,0,1,22,0,23,2,4,23,0,29,72,0,72,101
08/04/2017,ALW,WA,ANM,WE,Federal Contract Tower,2,2,4,0,8,0,2,24,0,26,2,4,28,0,34,22,0,22,56
08/05/2017,ALW,WA,ANM,WE,Federal Contract Tower,2,0,3,0,5,0,2,7,0,9,2,2,10,0,14,6,0,6,20
08/06/2017,ALW,WA,ANM,WE,Federal Contract Tower,2,0,5,0,7,0,2,22,0,24,2,2,27,0,31,28,0,28,59
08/07/2017,ALW,WA,ANM,WE,Federal Contract Tower,2,5,4,0,11,0,0,16,0,16,2,5,20,0,27,52,0,52,79
08/08/2017,ALW,WA,ANM,WE,Federal Contract Tower,2,2,2,0,6,0,2,26,0,28,2,4,28,0,34,68,0,68,102
08/09/2017,ALW,WA,ANM,WE,Federal Contract Tower,2,2,5,0,9,0,0,17,0,17,2,2,22,0,26,28,0,28,54
08/10/2017,ALW,WA,ANM,WE,Federal Contract Tower,2,7,8,0,17,0,0,9,0,9,2,7,17,0,26,36,0,36,62
08/11/2017,ALW,WA,ANM,WE,Federal Contract Tower,2,4,7,0,13,0,0,15,0,15,2,4,22,0,28,104,0,104,132
08/12/2017,ALW,WA,ANM,WE,Federal Contract Tower,2,0,2,0,4,0,0,10,0,10,2,0,12,0,14,16,0,16,30
08/13/2017,ALW,WA,ANM,WE,Federal Contract Tower,2,4,3,0,9,0,2,11,0,13,2,6,14,0,22,16,0,16,38
08/14/2017,ALW,WA,ANM,WE,Federal Contract Tower,3,4,4,0,11,0,0,44,0,44,3,4,48,0,55,54,0,54,109
08/15/2017,ALW,WA,ANM,WE,Federal Contract Tower,2,3,6,0,11,0,0,34,0,34,2,3,40,0,45,44,0,44,89
08/16/2017,ALW,WA,ANM,WE,Federal Contract Tower,2,2,2,0,6,0,3,36,0,39,2,5,38,0,45,14,0,14,59
08/17/2017,ALW,WA,ANM,WE,Federal Contract Tower,2,4,3,0,9,0,6,32,0,38,2,10,35,0,47,44,0,44,91
08/18/2017,ALW,WA,ANM,WE,Federal Contract Tower,3,4,2,0,9,0,0,39,0,39,3,4,41,0,48,62,0,62,110
08/19/2017,ALW,WA,ANM,WE,Federal Contract Tower,2,0,1,0,3,0,3,18,0,21,2,3,19,0,24,4,0,4,28
08/20/2017,ALW,WA,ANM,WE,Federal Contract Tower,3,6,2,0,11,0,1,30,0,31,3,7,32,0,42,60,0,60,102
08/22/2017,ALW,WA,ANM,WE,Federal Contract Tower,2,2,2,0,6,0,0,37,0,37,2,2,39,0,43,42,0,42,85
08/23/2017,ALW,WA,ANM,WE,Federal Contract Tower,2,4,5,0,11,0,3,38,0,41,2,7,43,0,52,80,0,80,132
08/24/2017,ALW,WA,ANM,WE,Federal Contract Tower,3,2,5,0,10,0,1,41,0,42,3,3,46,0,52,86,0,86,138
08/25/2017,ALW,WA,ANM,WE,Federal Contract Tower,2,4,2,1,9,0,8,43,1,52,2,12,45,2,61,97,0,97,158
08/26/2017,ALW,WA,ANM,WE,Federal Contract Tower,2,0,3,0,5,0,4,18,0,22,2,4,21,0,27,0,0,0,27
08/27/2017,ALW,WA,ANM,WE,Federal Contract Tower,2,0,8,0,10,0,0,34,0,34,2,0,42,0,44,14,0,14,58
08/28/2017,ALW,WA,ANM,WE,Federal Contract Tower,3,2,3,0,8,0,0,28,0,28,3,2,31,0,36,50,0,50,86
08/29/2017,ALW,WA,ANM,WE,Federal Contract Tower,2,2,3,0,7,0,2,27,0,29,2,4,30,0,36,50,0,50,86
08/30/2017,ALW,WA,ANM,WE,Federal Contract Tower,2,2,4,0,8,0,2,35,0,37,2,4,39,0,45,26,0,26,71
08/31/2017,ALW,WA,ANM,WE,Federal Contract Tower,2,2,4,0,8,0,6,40,0,46,2,8,44,0,54,4,0,4,58
09/01/2017,ALW,WA,ANM,WE,Federal Contract Tower,2,2,1,0,5,0,4,26,0,30,2,6,27,0,35,0,0,0,35
09/02/2017,ALW,WA,ANM,WE,Federal Contract Tower,1,0,3,0,4,0,4,23,0,27,1,4,26,0,31,12,0,12,43
09/03/2017,ALW,WA,ANM,WE,Federal Contract Tower,1,0,2,0,3,0,4,15,0,19,1,4,17,0,22,22,0,22,44
09/04/2017,ALW,WA,ANM,WE,Federal Contract Tower,2,0,6,0,8,0,0,35,0,35,2,0,41,0,43,34,0,34,77
09/05/2017,ALW,WA,ANM,WE,Federal Contract Tower,2,2,8,0,12,0,0,0,0,0,2,2,8,0,12,0,0,0,12
09/06/2017,ALW,WA,ANM,WE,Federal Contract Tower,2,4,7,0,13,0,0,0,0,0,2,4,7,0,13,0,0,0,13
09/07/2017,ALW,WA,ANM,WE,Federal Contract Tower,2,3,11,0,16,0,0,0,0,0,2,3,11,0,16,0,0,0,16
09/08/2017,ALW,WA,ANM,WE,Federal Contract Tower,2,5,4,0,11,0,2,11,0,13,2,7,15,0,24,48,0,48,72
09/09/2017,ALW,WA,ANM,WE,Federal Contract Tower,2,0,2,0,4,0,4,4,0,8,2,4,6,0,12,0,0,0,12
09/10/2017,ALW,WA,ANM,WE,Federal Contract Tower,2,0,1,0,3,0,0,30,0,30,2,0,31,0,33,32,0,32,65
09/11/2017,ALW,WA,ANM,WE,Federal Contract Tower,3,2,8,0,13,0,4,22,0,26,3,6,30,0,39,26,0,26,65
09/12/2017,ALW,WA,ANM,WE,Federal Contract Tower,2,2,6,0,10,0,0,13,0,13,2,2,19,0,23,16,0,16,39
09/13/2017,ALW,WA,ANM,WE,Federal Contract Tower,2,2,2,0,6,0,1,12,0,13,2,3,14,0,19,38,0,38,57
09/14/2017,ALW,WA,ANM,WE,Federal Contract Tower,2,2,4,0,8,0,0,14,0,14,2,2,18,0,22,32,0,32,54
09/15/2017,ALW,WA,ANM,WE,Federal Contract Tower,5,4,5,0,14,0,3,29,0,32,5,7,34,0,46,96,0,96,142
09/16/2017,ALW,WA,ANM,WE,Federal Contract Tower,4,2,1,0,7,0,1,24,0,25,4,3,25,0,32,2,0,2,34
09/17/2017,ALW,WA,ANM,WE,Federal Contract Tower,2,0,0,0,2,0,3,16,0,19,2,3,16,0,21,22,0,22,43
09/18/2017,ALW,WA,ANM,WE,Federal Contract Tower,2,4,8,0,14,0,3,6,0,9,2,7,14,0,23,36,0,36,59
09/19/2017,ALW,WA,ANM,WE,Federal Contract Tower,2,2,3,0,7,0,0,6,0,6,2,2,9,0,13,22,0,22,35
09/20/2017,ALW,WA,ANM,WE,Federal Contract Tower,2,2,10,0,14,0,2,6,0,8,2,4,16,0,22,20,0,20,42
09/21/2017,ALW,WA,ANM,WE,Federal Contract Tower,4,2,7,0,13,0,2,18,0,20,4,4,25,0,33,48,0,48,81
09/22/2017,ALW,WA,ANM,WE,Federal Contract Tower,3,7,5,0,15,0,3,36,0,39,3,10,41,0,54,58,0,58,112
09/23/2017,ALW,WA,ANM,WE,Federal Contract Tower,2,0,2,0,4,0,0,47,0,47,2,0,49,0,51,10,0,10,61
09/24/2017,ALW,WA,ANM,WE,Federal Contract Tower,3,2,3,0,8,0,2,36,0,38,3,4,39,0,46,16,0,16,62
09/25/2017,ALW,WA,ANM,WE,Federal Contract Tower,2,2,3,0,7,0,0,28,0,28,2,2,31,0,35,52,0,52,87
09/26/2017,ALW,WA,ANM,WE,Federal Contract Tower,2,3,12,0,17,0,0,29,0,29,2,3,41,0,46,30,0,30,76
09/27/2017,ALW,WA,ANM,WE,Federal Contract Tower,2,4,4,0,10,0,2,37,0,39,2,6,41,0,49,46,0,46,95
09/28/2017,ALW,WA,ANM,WE,Federal Contract Tower,2,2,6,0,10,0,1,45,0,46,2,3,51,0,56,80,0,80,136
09/29/2017,ALW,WA,ANM,WE,Federal Contract Tower,2,3,6,1,12,0,5,61,1,67,2,8,67,2,79,90,0,90,169
09/30/2017,ALW,WA,ANM,WE,Federal Contract Tower,2,0,2,0,4,0,2,24,0,26,2,2,26,0,30,24,0,24,54
10/01/2017,ALW,WA,ANM,WE,Federal Contract Tower,0,0,3,0,3,0,1,22,0,23,0,1,25,0,26,48,0,48,74
10/02/2017,ALW,WA,ANM,WE,Federal Contract Tower,1,2,5,0,8,0,0,27,0,27,1,2,32,0,35,74,0,74,109
10/03/2017,ALW,WA,ANM,WE,Federal Contract Tower,2,2,13,0,17,0,2,25,0,27,2,4,38,0,44,34,0,34,78
10/04/2017,ALW,WA,ANM,WE,Federal Contract Tower,2,2,13,0,17,0,2,34,0,36,2,4,47,0,53,42,0,42,95
10/05/2017,ALW,WA,ANM,WE,Federal Contract Tower,2,2,14,0,18,0,3,40,0,43,2,5,54,0,61,50,0,50,111
10/06/2017,ALW,WA,ANM,WE,Federal Contract Tower,2,2,21,0,25,0,0,46,0,46,2,2,67,0,71,12,0,12,83
10/07/2017,ALW,WA,ANM,WE,Federal Contract Tower,2,0,3,0,5,0,2,3,0,5,2,2,6,0,10,0,0,0,10
10/08/2017,ALW,WA,ANM,WE,Federal Contract Tower,2,2,12,0,16,0,0,38,0,38,2,2,50,0,54,76,0,76,130
10/09/2017,ALW,WA,ANM,WE,Federal Contract Tower,3,4,13,0,20,0,2,50,0,52,3,6,63,0,72,88,0,88,160
10/10/2017,ALW,WA,ANM,WE,Federal Contract Tower,2,2,8,0,12,0,0,18,0,18,2,2,26,0,30,20,0,20,50
10/11/2017,ALW,WA,ANM,WE,Federal Contract Tower,2,2,3,0,7,0,0,11,0,11,2,2,14,0,18,34,0,34,52
10/12/2017,ALW,WA,ANM,WE,Federal Contract Tower,2,4,8,0,14,0,0,26,0,26,2,4,34,0,40,48,0,48,88
10/13/2017,ALW,WA,ANM,WE,Federal Contract Tower,2,2,8,0,12,0,2,31,0,33,2,4,39,0,45,28,0,28,73
10/14/2017,ALW,WA,ANM,WE,Federal Contract Tower,2,0,3,0,5,0,6,32,0,38,2,6,35,0,43,6,0,6,49
10/15/2017,ALW,WA,ANM,WE,Federal Contract Tower,2,2,15,0,19,0,0,52,0,52,2,2,67,0,71,68,0,68,139
10/16/2017,ALW,WA,ANM,WE,Federal Contract Tower,3,3,8,0,14,0,3,46,0,49,3,6,54,0,63,80,0,80,143
10/17/2017,ALW,WA,ANM,WE,Federal Contract Tower,2,2,15,0,19,0,0,33,0,33,2,2,48,0,52,54,0,54,106
10/18/2017,ALW,WA,ANM,WE,Federal Contract Tower,2,3,8,0,13,0,0,36,0,36,2,3,44,0,49,74,0,74,123
10/19/2017,ALW,WA,ANM,WE,Federal Contract Tower,2,2,2,0,6,0,2,52,2,56,2,4,54,2,62,146,0,146,208
10/20/2017,ALW,WA,ANM,WE,Federal Contract Tower,2,3,6,0,11,0,0,33,0,33,2,3,39,0,44,86,0,86,130
10/21/2017,ALW,WA,ANM,WE,Federal Contract Tower,2,1,0,0,3,0,0,3,0,3,2,1,3,0,6,4,0,4,10
10/22/2017,ALW,WA,ANM,WE,Federal Contract Tower,2,2,7,0,11,0,2,8,0,10,2,4,15,0,21,10,0,10,31
10/23/2017,ALW,WA,ANM,WE,Federal Contract Tower,2,2,5,0,9,0,2,45,0,47,2,4,50,0,56,88,0,88,144
10/24/2017,ALW,WA,ANM,WE,Federal Contract Tower,2,2,9,0,13,0,0,63,0,63,2,2,72,0,76,102,0,102,178
10/25/2017,ALW,WA,ANM,WE,Federal Contract Tower,2,3,5,0,10,0,7,32,0,39,2,10,37,0,49,80,0,80,129
10/26/2017,ALW,WA,ANM,WE,Federal Contract Tower,2,2,3,1,8,0,2,32,0,34,2,4,35,1,42,77,0,77,119
10/27/2017,ALW,WA,ANM,WE,Federal Contract Tower,2,2,13,0,17,0,0,63,0,63,2,2,76,0,80,62,0,62,142
10/28/2017,ALW,WA,ANM,WE,Federal Contract Tower,2,0,0,0,2,0,0,50,0,50,2,0,50,0,52,20,0,20,72
10/29/2017,ALW,WA,ANM,WE,Federal Contract Tower,0,3,3,0,6,0,3,24,0,27,0,6,27,0,33,28,0,28,61
10/30/2017,ALW,WA,ANM,WE,Federal Contract Tower,3,2,12,0,17,0,5,32,0,37,3,7,44,0,54,62,0,62,116
10/31/2017,ALW,WA,ANM,WE,Federal Contract Tower,2,2,9,0,13,0,0,43,0,43,2,2,52,0,56,106,0,106,162
11/01/2017,ALW,WA,ANM,WE,Federal Contract Tower,2,2,2,0,6,0,0,19,0,19,2,2,21,0,25,30,0,30,55
11/02/2017,ALW,WA,ANM,WE,Federal Contract Tower,3,2,6,0,11,0,0,27,1,28,3,2,33,1,39,76,0,76,115
11/03/2017,ALW,WA,ANM,WE,Federal Contract Tower,2,9,13,0,24,0,0,15,0,15,2,9,28,0,39,38,0,38,77
11/04/2017,ALW,WA,ANM,WE,Federal Contract Tower,2,4,1,0,7,0,0,15,0,15,2,4,16,0,22,10,0,10,32
11/05/2017,ALW,WA,ANM,WE,Federal Contract Tower,2,2,2,0,6,0,0,0,0,0,2,2,2,0,6,0,0,0,6
11/06/2017,ALW,WA,ANM,WE,Federal Contract Tower,3,2,5,0,10,0,0,16,0,16,3,2,21,0,26,34,0,34,60
11/07/2017,ALW,WA,ANM,WE,Federal Contract Tower,5,1,4,0,10,0,0,0,0,0,5,1,4,0,10,0,0,0,10
11/08/2017,ALW,WA,ANM,WE,Federal Contract Tower,2,4,9,0,15,0,0,0,0,0,2,4,9,0,15,0,0,0,15
11/09/2017,ALW,WA,ANM,WE,Federal Contract Tower,3,5,2,0,10,0,1,22,0,23,3,6,24,0,33,58,0,58,91
11/10/2017,ALW,WA,ANM,WE,Federal Contract Tower,1,2,0,0,3,0,0,0,0,0,1,2,0,0,3,0,0,0,3
11/11/2017,ALW,WA,ANM,WE,Federal Contract Tower,2,3,2,0,7,0,2,19,0,21,2,5,21,0,28,18,0,18,46
11/12/2017,ALW,WA,ANM,WE,Federal Contract Tower,2,4,7,0,13,0,0,12,0,12,2,4,19,0,25,44,0,44,69
11/13/2017,ALW,WA,ANM,WE,Federal Contract Tower,5,4,3,0,12,0,2,12,0,14,5,6,15,0,26,48,0,48,74
11/14/2017,ALW,WA,ANM,WE,Federal Contract Tower,2,2,5,0,9,0,0,40,0,40,2,2,45,0,49,114,0,114,163
11/15/2017,ALW,WA,ANM,WE,Federal Contract Tower,3,2,5,0,10,0,0,24,0,24,3,2,29,0,34,44,0,44,78
11/16/2017,ALW,WA,ANM,WE,Federal Contract Tower,3,2,4,0,9,0,0,26,0,26,3,2,30,0,35,50,0,50,85
11/17/2017,ALW,WA,ANM,WE,Federal Contract Tower,3,7,3,0,13,0,1,35,0,36,3,8,38,0,49,62,0,62,111
11/18/2017,ALW,WA,ANM,WE,Federal Contract Tower,2,1,4,0,7,0,0,22,0,22,2,1,26,0,29,6,0,6,35
11/19/2017,ALW,WA,ANM,WE,Federal Contract Tower,2,0,1,0,3,0,0,16,0,16,2,0,17,0,19,10,0,10,29
11/20/2017,ALW,WA,ANM,WE,Federal Contract Tower,3,1,0,1,5,0,1,1,0,2,3,2,1,1,7,0,0,0,7
11/21/2017,ALW,WA,ANM,WE,Federal Contract Tower,2,4,0,0,6,0,0,1,0,1,2,4,1,0,7,0,0,0,7
11/22/2017,ALW,WA,ANM,WE,Federal Contract Tower,2,2,1,0,5,0,2,0,0,2,2,4,1,0,7,0,0,0,7
11/23/2017,ALW,WA,ANM,WE,Federal Contract Tower,2,0,0,0,2,0,0,1,0,1,2,0,1,0,3,0,0,0,3
11/24/2017,ALW,WA,ANM,WE,Federal Contract Tower,3,6,0,0,9,0,6,15,0,21,3,12,15,0,30,8,0,8,38
11/25/2017,ALW,WA,ANM,WE,Federal Contract Tower,2,1,1,0,4,0,0,8,0,8,2,1,9,0,12,12,0,12,24
11/26/2017,ALW,WA,ANM,WE,Federal Contract Tower,3,3,0,0,6,0,0,6,0,6,3,3,6,0,12,4,0,4,16
11/27/2017,ALW,WA,ANM,WE,Federal Contract Tower,3,3,2,0,8,0,2,13,0,15,3,5,15,0,23,146,0,146,169
11/28/2017,ALW,WA,ANM,WE,Federal Contract Tower,2,2,2,0,6,0,0,15,0,15,2,2,17,0,21,48,0,48,69
11/29/2017,ALW,WA,ANM,WE,Federal Contract Tower,3,1,5,0,9,0,1,34,0,35,3,2,39,0,44,80,0,80,124
11/30/2017,ALW,WA,ANM,WE,Federal Contract Tower,3,4,13,1,21,0,2,28,1,31,3,6,41,2,52,92,0,92,144
12/01/2017,ALW,WA,ANM,WE,Federal Contract Tower,2,4,5,0,11,0,0,26,0,26,2,4,31,0,37,114,0,114,151
12/02/2017,ALW,WA,ANM,WE,Federal Contract Tower,2,0,3,0,5,0,0,8,0,8,2,0,11,0,13,12,0,12,25
12/03/2017,ALW,WA,ANM,WE,Federal Contract Tower,3,1,5,0,9,0,2,14,0,16,3,3,19,0,25,56,0,56,81
12/04/2017,ALW,WA,ANM,WE,Federal Contract Tower,3,2,4,0,9,0,8,27,0,35,3,10,31,0,44,90,0,90,134
12/05/2017,ALW,WA,ANM,WE,Federal Contract Tower,2,2,7,0,11,0,0,23,0,23,2,2,30,0,34,32,0,32,66
12/06/2017,ALW,WA,ANM,WE,Federal Contract Tower,1,2,21,0,24,0,0,0,0,0,1,2,21,0,24,0,0,0,24
12/07/2017,ALW,WA,ANM,WE,Federal Contract Tower,3,1,1,0,5,0,0,0,0,0,3,1,1,0,5,0,0,0,5
12/08/2017,ALW,WA,ANM,WE,Federal Contract Tower,3,7,16,0,26,0,0,0,0,0,3,7,16,0,26,0,0,0,26
12/09/2017,ALW,WA,ANM,WE,Federal Contract Tower,2,1,2,0,5,0,0,0,0,0,2,1,2,0,5,0,0,0,5
12/10/2017,ALW,WA,ANM,WE,Federal Contract Tower,3,2,2,0,7,0,0,3,0,3,3,2,5,0,10,22,0,22,32
12/11/2017,ALW,WA,ANM,WE,Federal Contract Tower,2,5,3,0,10,0,0,2,0,2,2,5,5,0,12,10,0,10,22
12/12/2017,ALW,WA,ANM,WE,Federal Contract Tower,2,1,2,0,5,0,2,6,0,8,2,3,8,0,13,8,0,8,21
12/13/2017,ALW,WA,ANM,WE,Federal Contract Tower,3,4,3,0,10,0,0,2,0,2,3,4,5,0,12,2,0,2,14
12/14/2017,ALW,WA,ANM,WE,Federal Contract Tower,3,2,0,0,5,0,0,2,0,2,3,2,2,0,7,2,0,2,9
12/15/2017,ALW,WA,ANM,WE,Federal Contract Tower,2,4,2,0,8,0,0,0,0,0,2,4,2,0,8,0,0,0,8
12/16/2017,ALW,WA,ANM,WE,Federal Contract Tower,2,0,5,0,7,0,0,8,0,8,2,0,13,0,15,0,0,0,15
12/17/2017,ALW,WA,ANM,WE,Federal Contract Tower,3,0,5,0,8,0,2,7,0,9,3,2,12,0,17,38,0,38,55
12/18/2017,ALW,WA,ANM,WE,Federal Contract Tower,2,2,4,0,8,0,1,13,0,14,2,3,17,0,22,48,0,48,70
12/19/2017,ALW,WA,ANM,WE,Federal Contract Tower,2,5,4,0,11,0,0,6,0,6,2,5,10,0,17,14,0,14,31
12/20/2017,ALW,WA,ANM,WE,Federal Contract Tower,2,8,2,0,12,0,0,5,0,5,2,8,7,0,17,16,0,16,33
12/21/2017,ALW,WA,ANM,WE,Federal Contract Tower,2,7,2,1,12,0,3,21,0,24,2,10,23,1,36,24,0,24,60
12/22/2017,ALW,WA,ANM,WE,Federal Contract Tower,2,2,0,0,4,0,0,0,0,0,2,2,0,0,4,0,0,0,4
12/23/2017,ALW,WA,ANM,WE,Federal Contract Tower,3,4,2,0,9,0,0,9,0,9,3,4,11,0,18,0,0,0,18
12/24/2017,ALW,WA,ANM,WE,Federal Contract Tower,2,0,2,0,4,0,0,0,0,0,2,0,2,0,4,0,0,0,4
12/25/2017,ALW,WA,ANM,WE,Federal Contract Tower,2,0,0,0,2,0,0,0,0,0,2,0,0,0,2,0,0,0,2
12/26/2017,ALW,WA,ANM,WE,Federal Contract Tower,3,4,0,0,7,0,0,3,0,3,3,4,3,0,10,0,0,0,10
12/27/2017,ALW,WA,ANM,WE,Federal Contract Tower,3,2,0,0,5,0,0,0,0,0,3,2,0,0,5,0,0,0,5
12/28/2017,ALW,WA,ANM,WE,Federal Contract Tower,2,4,0,0,6,0,0,0,0,0,2,4,0,0,6,0,0,0,6
12/29/2017,ALW,WA,ANM,WE,Federal Contract Tower,0,2,0,0,2,0,0,0,0,0,0,2,0,0,2,0,0,0,2
12/30/2017,ALW,WA,ANM,WE,Federal Contract Tower,2,0,2,0,4,0,2,18,0,20,2,2,20,0,24,12,0,12,36
12/31/2017,ALW,WA,ANM,WE,Federal Contract Tower,1,0,0,0,1,0,0,0,0,0,1,0,0,0,1,0,0,0,1
01/01/2018,ALW,WA,ANM,WE,Federal Contract Tower,3,1,1,0,5,0,0,2,0,2,3,1,3,0,7,0,0,0,7
01/02/2018,ALW,WA,ANM,WE,Federal Contract Tower,3,2,0,0,5,0,0,0,0,0,3,2,0,0,5,0,0,0,5
01/03/2018,ALW,WA,ANM,WE,Federal Contract Tower,2,3,3,0,8,0,0,0,0,0,2,3,3,0,8,0,0,0,8
01/04/2018,ALW,WA,ANM,WE,Federal Contract Tower,2,2,0,0,4,0,0,0,0,0,2,2,0,0,4,0,0,0,4
01/05/2018,ALW,WA,ANM,WE,Federal Contract Tower,3,6,0,0,9,0,0,5,0,5,3,6,5,0,14,12,0,12,26
01/06/2018,ALW,WA,ANM,WE,Federal Contract Tower,3,0,2,0,5,0,0,18,0,18,3,0,20,0,23,18,0,18,41
01/07/2018,ALW,WA,ANM,WE,Federal Contract Tower,3,2,4,0,9,0,0,11,0,11,3,2,15,0,20,18,0,18,38
01/08/2018,ALW,WA,ANM,WE,Federal Contract Tower,0,0,0,0,0,0,0,0,0,0,0,0,0,0,0,0,0,0,0
01/09/2018,ALW,WA,ANM,WE,Federal Contract Tower,2,2,8,0,12,0,0,0,0,0,2,2,8,0,12,0,0,0,12
01/10/2018,ALW,WA,ANM,WE,Federal Contract Tower,3,2,9,0,14,0,0,35,0,35,3,2,44,0,49,68,0,68,117
01/11/2018,ALW,WA,ANM,WE,Federal Contract Tower,3,3,5,0,11,0,0,13,0,13,3,3,18,0,24,22,0,22,46
01/12/2018,ALW,WA,ANM,WE,Federal Contract Tower,3,2,6,0,11,0,0,34,0,34,3,2,40,0,45,102,0,102,147
01/13/2018,ALW,WA,ANM,WE,Federal Contract Tower,3,0,2,0,5,0,0,19,0,19,3,0,21,0,24,4,0,4,28
01/14/2018,ALW,WA,ANM,WE,Federal Contract Tower,1,0,8,0,9,0,0,0,0,0,1,0,8,0,9,0,0,0,9
01/15/2018,ALW,WA,ANM,WE,Federal Contract Tower,2,3,17,0,22,0,0,0,0,0,2,3,17,0,22,0,0,0,22
01/16/2018,ALW,WA,ANM,WE,Federal Contract Tower,3,2,7,0,12,0,0,21,0,21,3,2,28,0,33,60,0,60,93
01/17/2018,ALW,WA,ANM,WE,Federal Contract Tower,3,2,5,0,10,0,0,13,0,13,3,2,18,0,23,66,0,66,89
01/18/2018,ALW,WA,ANM,WE,Federal Contract Tower,3,4,5,0,12,0,0,12,2,14,3,4,17,2,26,36,0,36,62
01/19/2018,ALW,WA,ANM,WE,Federal Contract Tower,3,2,5,0,10,0,2,28,0,30,3,4,33,0,40,62,0,62,102
01/20/2018,ALW,WA,ANM,WE,Federal Contract Tower,3,0,7,0,10,0,0,21,0,21,3,0,28,0,31,0,0,0,31
01/21/2018,ALW,WA,ANM,WE,Federal Contract Tower,3,1,2,0,6,0,2,8,0,10,3,3,10,0,16,8,0,8,24
01/22/2018,ALW,WA,ANM,WE,Federal Contract Tower,3,5,6,0,14,0,0,22,0,22,3,5,28,0,36,68,0,68,104
01/23/2018,ALW,WA,ANM,WE,Federal Contract Tower,4,6,2,0,12,0,0,19,2,21,4,6,21,2,33,34,0,34,67
01/24/2018,ALW,WA,ANM,WE,Federal Contract Tower,3,5,11,0,19,0,2,6,0,8,3,7,17,0,27,2,0,2,29
01/25/2018,ALW,WA,ANM,WE,Federal Contract Tower,3,3,8,0,14,0,0,27,0,27,3,3,35,0,41,54,0,54,95
01/26/2018,ALW,WA,ANM,WE,Federal Contract Tower,3,2,9,0,14,0,2,27,0,29,3,4,36,0,43,62,0,62,105
01/27/2018,ALW,WA,ANM,WE,Federal Contract Tower,2,0,4,0,6,0,2,1,0,3,2,2,5,0,9,0,0,0,9
01/28/2018,ALW,WA,ANM,WE,Federal Contract Tower,3,0,4,0,7,0,0,3,0,3,3,0,7,0,10,8,0,8,18
01/29/2018,ALW,WA,ANM,WE,Federal Contract Tower,3,4,8,0,15,0,0,26,0,26,3,4,34,0,41,66,0,66,107
01/30/2018,ALW,WA,ANM,WE,Federal Contract Tower,3,4,5,0,12,0,0,23,0,23,3,4,28,0,35,78,0,78,113
01/31/2018,ALW,WA,ANM,WE,Federal Contract Tower,3,4,11,0,18,0,0,33,0,33,3,4,44,0,51,94,0,94,145
02/01/2018,ALW,WA,ANM,WE,Federal Contract Tower,3,2,9,0,14,0,1,36,0,37,3,3,45,0,51,136,0,136,187
02/02/2018,ALW,WA,ANM,WE,Federal Contract Tower,3,2,9,0,14,0,0,23,0,23,3,2,32,0,37,48,0,48,85
02/03/2018,ALW,WA,ANM,WE,Federal Contract Tower,2,0,10,0,12,0,0,6,0,6,2,0,16,0,18,0,0,0,18
02/04/2018,ALW,WA,ANM,WE,Federal Contract Tower,3,2,2,0,7,0,0,9,0,9,3,2,11,0,16,50,0,50,66
02/05/2018,ALW,WA,ANM,WE,Federal Contract Tower,3,4,16,0,23,0,0,48,0,48,3,4,64,0,71,38,0,38,109
02/06/2018,ALW,WA,ANM,WE,Federal Contract Tower,3,2,9,0,14,0,0,30,0,30,3,2,39,0,44,70,0,70,114
02/07/2018,ALW,WA,ANM,WE,Federal Contract Tower,3,4,12,0,19,0,0,50,0,50,3,4,62,0,69,24,0,24,93
02/08/2018,ALW,WA,ANM,WE,Federal Contract Tower,3,2,9,1,15,0,0,29,0,29,3,2,38,1,44,54,0,54,98
02/09/2018,ALW,WA,ANM,WE,Federal Contract Tower,3,6,11,0,20,0,1,57,0,58,3,7,68,0,78,92,0,92,170
02/10/2018,ALW,WA,ANM,WE,Federal Contract Tower,3,0,1,0,4,0,1,29,0,30,3,1,30,0,34,12,0,12,46
02/11/2018,ALW,WA,ANM,WE,Federal Contract Tower,3,2,7,3,15,0,0,29,0,29,3,2,36,3,44,44,0,44,88
02/12/2018,ALW,WA,ANM,WE,Federal Contract Tower,3,2,3,0,8,0,0,40,0,40,3,2,43,0,48,66,0,66,114
02/13/2018,ALW,WA,ANM,WE,Federal Contract Tower,3,2,3,0,8,0,0,18,0,18,3,2,21,0,26,60,0,60,86
02/14/2018,ALW,WA,ANM,WE,Federal Contract Tower,3,7,3,0,13,0,0,4,0,4,3,7,7,0,17,10,0,10,27
02/15/2018,ALW,WA,ANM,WE,Federal Contract Tower,3,2,4,0,9,0,0,17,2,19,3,2,21,2,28,82,6,88,116
02/16/2018,ALW,WA,ANM,WE,Federal Contract Tower,4,7,0,0,11,0,0,5,0,5,4,7,5,0,16,18,0,18,34
02/17/2018,ALW,WA,ANM,WE,Federal Contract Tower,4,0,0,0,4,0,0,0,0,0,4,0,0,0,4,0,0,0,4
02/18/2018,ALW,WA,ANM,WE,Federal Contract Tower,2,2,0,0,4,0,0,3,0,3,2,2,3,0,7,0,0,0,7
02/19/2018,ALW,WA,ANM,WE,Federal Contract Tower,2,2,5,0,9,0,0,25,0,25,2,2,30,0,34,74,0,74,108
02/20/2018,ALW,WA,ANM,WE,Federal Contract Tower,2,7,9,0,18,0,3,32,0,35,2,10,41,0,53,96,0,96,149
02/21/2018,ALW,WA,ANM,WE,Federal Contract Tower,3,10,10,0,23,0,0,38,0,38,3,10,48,0,61,68,0,68,129
02/22/2018,ALW,WA,ANM,WE,Federal Contract Tower,3,2,6,0,11,0,0,13,0,13,3,2,19,0,24,32,0,32,56
02/23/2018,ALW,WA,ANM,WE,Federal Contract Tower,3,2,18,0,23,0,0,27,0,27,3,2,45,0,50,46,0,46,96
02/24/2018,ALW,WA,ANM,WE,Federal Contract Tower,3,2,6,0,11,0,0,2,0,2,3,2,8,0,13,6,0,6,19
02/25/2018,ALW,WA,ANM,WE,Federal Contract Tower,3,2,1,0,6,0,0,5,0,5,3,2,6,0,11,28,0,28,39
02/26/2018,ALW,WA,ANM,WE,Federal Contract Tower,3,0,3,0,6,0,0,32,0,32,3,0,35,0,38,74,0,74,112
02/27/2018,ALW,WA,ANM,WE,Federal Contract Tower,3,2,11,0,16,0,0,22,0,22,3,2,33,0,38,90,0,90,128
02/28/2018,ALW,WA,ANM,WE,Federal Contract Tower,3,8,2,0,13,0,1,15,0,16,3,9,17,0,29,0,0,0,29
03/01/2018,ALW,WA,ANM,WE,Federal Contract Tower,3,6,7,0,16,0,0,9,0,9,3,6,16,0,25,0,0,0,25
03/02/2018,ALW,WA,ANM,WE,Federal Contract Tower,3,2,11,0,16,0,0,29,0,29,3,2,40,0,45,80,0,80,125
03/03/2018,ALW,WA,ANM,WE,Federal Contract Tower,3,0,7,0,10,0,0,39,0,39,3,0,46,0,49,0,0,0,49
03/04/2018,ALW,WA,ANM,WE,Federal Contract Tower,3,2,7,0,12,0,2,25,0,27,3,4,32,0,39,66,0,66,105
03/05/2018,ALW,WA,ANM,WE,Federal Contract Tower,3,3,3,0,9,0,2,10,0,12,3,5,13,0,21,46,0,46,67
03/06/2018,ALW,WA,ANM,WE,Federal Contract Tower,2,4,12,0,18,0,1,51,0,52,2,5,63,0,70,58,0,58,128
03/07/2018,ALW,WA,ANM,WE,Federal Contract Tower,3,6,6,0,15,0,0,38,0,38,3,6,44,0,53,82,0,82,135
03/08/2018,ALW,WA,ANM,WE,Federal Contract Tower,2,4,11,0,17,0,0,55,0,55,2,4,66,0,72,62,0,62,134
03/09/2018,ALW,WA,ANM,WE,Federal Contract Tower,3,6,15,0,24,0,0,33,0,33,3,6,48,0,57,70,0,70,127
03/10/2018,ALW,WA,ANM,WE,Federal Contract Tower,3,0,5,0,8,0,0,40,0,40,3,0,45,0,48,4,0,4,52
03/11/2018,ALW,WA,ANM,WE,Federal Contract Tower,3,0,5,0,8,0,2,37,0,39,3,2,42,0,47,24,0,24,71
03/12/2018,ALW,WA,ANM,WE,Federal Contract Tower,3,4,6,0,13,0,0,44,0,44,3,4,50,0,57,80,0,80,137
03/13/2018,ALW,WA,ANM,WE,Federal Contract Tower,3,2,4,0,9,0,0,30,0,30,3,2,34,0,39,82,0,82,121
03/14/2018,ALW,WA,ANM,WE,Federal Contract Tower,3,3,6,0,12,0,0,18,0,18,3,3,24,0,30,54,0,54,84
03/15/2018,ALW,WA,ANM,WE,Federal Contract Tower,3,2,15,0,20,0,0,47,0,47,3,2,62,0,67,78,0,78,145
03/16/2018,ALW,WA,ANM,WE,Federal Contract Tower,3,4,17,0,24,0,0,30,0,30,3,4,47,0,54,90,0,90,144
03/17/2018,ALW,WA,ANM,WE,Federal Contract Tower,3,0,2,0,5,0,0,1,0,1,3,0,3,0,6,0,0,0,6
03/18/2018,ALW,WA,ANM,WE,Federal Contract Tower,3,0,2,0,5,0,0,30,0,30,3,0,32,0,35,30,0,30,65
03/19/2018,ALW,WA,ANM,WE,Federal Contract Tower,3,2,2,0,7,0,0,24,0,24,3,2,26,0,31,60,0,60,91
03/20/2018,ALW,WA,ANM,WE,Federal Contract Tower,3,6,1,0,10,0,1,40,0,41,3,7,41,0,51,54,0,54,105
03/21/2018,ALW,WA,ANM,WE,Federal Contract Tower,3,2,1,1,7,0,0,38,0,38,3,2,39,1,45,26,0,26,71
03/22/2018,ALW,WA,ANM,WE,Federal Contract Tower,2,4,0,0,6,0,0,0,0,0,2,4,0,0,6,0,0,0,6
03/23/2018,ALW,WA,ANM,WE,Federal Contract Tower,2,5,7,0,14,0,2,14,0,16,2,7,21,0,30,48,0,48,78
03/24/2018,ALW,WA,ANM,WE,Federal Contract Tower,3,2,2,0,7,0,4,10,0,14,3,6,12,0,21,4,0,4,25
03/25/2018,ALW,WA,ANM,WE,Federal Contract Tower,3,0,4,0,7,0,2,19,0,21,3,2,23,0,28,6,0,6,34
03/26/2018,ALW,WA,ANM,WE,Federal Contract Tower,3,2,0,0,5,0,0,3,0,3,3,2,3,0,8,0,0,0,8
03/27/2018,ALW,WA,ANM,WE,Federal Contract Tower,3,2,1,0,6,0,0,0,0,0,3,2,1,0,6,0,0,0,6
03/28/2018,ALW,WA,ANM,WE,Federal Contract Tower,2,2,3,0,7,0,1,22,0,23,2,3,25,0,30,20,0,20,50
03/29/2018,ALW,WA,ANM,WE,Federal Contract Tower,3,2,0,0,5,0,0,28,0,28,3,2,28,0,33,46,0,46,79
03/30/2018,ALW,WA,ANM,WE,Federal Contract Tower,3,5,6,0,14,0,1,24,0,25,3,6,30,0,39,38,0,38,77
03/31/2018,ALW,WA,ANM,WE,Federal Contract Tower,3,0,4,0,7,0,0,23,0,23,3,0,27,0,30,16,0,16,46
04/01/2018,ALW,WA,ANM,WE,Federal Contract Tower,3,2,1,0,6,0,1,3,0,4,3,3,4,0,10,0,0,0,10
04/02/2018,ALW,WA,ANM,WE,Federal Contract Tower,3,2,2,0,7,0,0,18,0,18,3,2,20,0,25,38,0,38,63
04/03/2018,ALW,WA,ANM,WE,Federal Contract Tower,3,2,4,0,9,0,0,30,0,30,3,2,34,0,39,48,0,48,87
04/04/2018,ALW,WA,ANM,WE,Federal Contract Tower,3,7,2,0,12,0,7,31,0,38,3,14,33,0,50,52,0,52,102
04/05/2018,ALW,WA,ANM,WE,Federal Contract Tower,3,3,13,0,19,0,0,16,0,16,3,3,29,0,35,20,0,20,55
04/06/2018,ALW,WA,ANM,WE,Federal Contract Tower,3,5,6,0,14,0,0,40,0,40,3,5,46,0,54,84,0,84,138
04/07/2018,ALW,WA,ANM,WE,Federal Contract Tower,3,1,3,0,7,0,0,3,0,3,3,1,6,0,10,22,0,22,32
04/08/2018,ALW,WA,ANM,WE,Federal Contract Tower,3,1,6,0,10,0,0,0,0,0,3,1,6,0,10,0,0,0,10
04/09/2018,ALW,WA,ANM,WE,Federal Contract Tower,2,2,5,0,9,0,0,43,0,43,2,2,48,0,52,112,0,112,164
04/10/2018,ALW,WA,ANM,WE,Federal Contract Tower,4,2,7,0,13,0,0,31,0,31,4,2,38,0,44,42,0,42,86
04/11/2018,ALW,WA,ANM,WE,Federal Contract Tower,3,4,3,0,10,0,0,34,0,34,3,4,37,0,44,98,0,98,142
04/12/2018,ALW,WA,ANM,WE,Federal Contract Tower,3,2,13,0,18,0,3,12,0,15,3,5,25,0,33,34,0,34,67
04/13/2018,ALW,WA,ANM,WE,Federal Contract Tower,3,2,4,0,9,0,1,20,0,21,3,3,24,0,30,84,0,84,114
04/14/2018,ALW,WA,ANM,WE,Federal Contract Tower,3,0,3,0,6,0,0,23,0,23,3,0,26,0,29,0,0,0,29
04/15/2018,ALW,WA,ANM,WE,Federal Contract Tower,3,0,2,0,5,0,0,25,0,25,3,0,27,0,30,46,0,46,76
04/16/2018,ALW,WA,ANM,WE,Federal Contract Tower,3,4,12,0,19,0,0,17,0,17,3,4,29,0,36,40,0,40,76
04/17/2018,ALW,WA,ANM,WE,Federal Contract Tower,3,2,5,0,10,0,0,15,0,15,3,2,20,0,25,26,0,26,51
04/18/2018,ALW,WA,ANM,WE,Federal Contract Tower,2,3,7,4,16,0,2,49,3,54,2,5,56,7,70,78,0,78,148
04/19/2018,ALW,WA,ANM,WE,Federal Contract Tower,3,2,8,0,13,0,0,45,0,45,3,2,53,0,58,146,0,146,204
04/20/2018,ALW,WA,ANM,WE,Federal Contract Tower,3,3,6,0,12,0,1,60,0,61,3,4,66,0,73,50,0,50,123
04/21/2018,ALW,WA,ANM,WE,Federal Contract Tower,3,0,0,0,3,0,0,20,0,20,3,0,20,0,23,0,0,0,23
04/22/2018,ALW,WA,ANM,WE,Federal Contract Tower,3,0,0,0,3,0,0,31,0,31,3,0,31,0,34,12,0,12,46
04/23/2018,ALW,WA,ANM,WE,Federal Contract Tower,3,2,0,0,5,0,0,34,0,34,3,2,34,0,39,80,0,80,119
04/24/2018,ALW,WA,ANM,WE,Federal Contract Tower,3,2,8,0,13,0,0,47,0,47,3,2,55,0,60,54,0,54,114
04/25/2018,ALW,WA,ANM,WE,Federal Contract Tower,3,3,5,0,11,0,0,50,0,50,3,3,55,0,61,108,0,108,169
04/26/2018,ALW,WA,ANM,WE,Federal Contract Tower,3,2,10,0,15,0,2,41,0,43,3,4,51,0,58,78,0,78,136
04/27/2018,ALW,WA,ANM,WE,Federal Contract Tower,3,4,20,0,27,0,0,66,0,66,3,4,86,0,93,132,0,132,225
04/28/2018,ALW,WA,ANM,WE,Federal Contract Tower,3,5,5,0,13,0,0,6,0,6,3,5,11,0,19,0,0,0,19
04/29/2018,ALW,WA,ANM,WE,Federal Contract Tower,3,2,8,0,13,0,0,17,0,17,3,2,25,0,30,34,0,34,64
04/30/2018,ALW,WA,ANM,WE,Federal Contract Tower,3,2,2,0,7,0,0,20,0,20,3,2,22,0,27,56,0,56,83
05/01/2018,ALW,WA,ANM,WE,Federal Contract Tower,3,2,10,0,15,0,4,36,0,40,3,6,46,0,55,86,0,86,141
05/02/2018,ALW,WA,ANM,WE,Federal Contract Tower,3,2,3,3,11,0,1,81,3,85,3,3,84,6,96,140,0,140,236
05/03/2018,ALW,WA,ANM,WE,Federal Contract Tower,5,2,12,0,19,0,0,44,0,44,5,2,56,0,63,84,0,84,147
05/04/2018,ALW,WA,ANM,WE,Federal Contract Tower,3,5,12,0,20,0,0,56,0,56,3,5,68,0,76,152,0,152,228
05/05/2018,ALW,WA,ANM,WE,Federal Contract Tower,3,0,3,0,6,0,0,22,0,22,3,0,25,0,28,10,0,10,38
05/06/2018,ALW,WA,ANM,WE,Federal Contract Tower,2,1,15,0,18,0,1,23,0,24,2,2,38,0,42,26,0,26,68
05/07/2018,ALW,WA,ANM,WE,Federal Contract Tower,3,2,12,0,17,0,2,56,0,58,3,4,68,0,75,48,0,48,123
05/08/2018,ALW,WA,ANM,WE,Federal Contract Tower,3,2,8,0,13,0,0,44,0,44,3,2,52,0,57,52,0,52,109
05/09/2018,ALW,WA,ANM,WE,Federal Contract Tower,3,2,13,0,18,0,0,28,0,28,3,2,41,0,46,106,0,106,152
05/10/2018,ALW,WA,ANM,WE,Federal Contract Tower,3,3,6,0,12,0,1,24,0,25,3,4,30,0,37,64,0,64,101
05/11/2018,ALW,WA,ANM,WE,Federal Contract Tower,2,3,22,0,27,0,0,19,0,19,2,3,41,0,46,48,0,48,94
05/12/2018,ALW,WA,ANM,WE,Federal Contract Tower,3,0,1,0,4,0,0,20,0,20,3,0,21,0,24,20,0,20,44
05/13/2018,ALW,WA,ANM,WE,Federal Contract Tower,3,2,5,0,10,0,3,31,0,34,3,5,36,0,44,6,0,6,50
05/14/2018,ALW,WA,ANM,WE,Federal Contract Tower,3,2,11,0,16,0,2,45,0,47,3,4,56,0,63,90,0,90,153
05/15/2018,ALW,WA,ANM,WE,Federal Contract Tower,3,2,4,0,9,0,2,36,5,43,3,4,40,5,52,32,0,32,84
05/16/2018,ALW,WA,ANM,WE,Federal Contract Tower,3,2,5,0,10,0,0,34,4,38,3,2,39,4,48,120,0,120,168
05/17/2018,ALW,WA,ANM,WE,Federal Contract Tower,2,2,11,0,15,0,0,38,0,38,2,2,49,0,53,40,0,40,93
05/18/2018,ALW,WA,ANM,WE,Federal Contract Tower,6,7,14,0,27,0,0,63,0,63,6,7,77,0,90,128,0,128,218
05/19/2018,ALW,WA,ANM,WE,Federal Contract Tower,3,2,3,0,8,0,0,20,0,20,3,2,23,0,28,4,0,4,32
05/20/2018,ALW,WA,ANM,WE,Federal Contract Tower,3,1,10,0,14,0,0,25,0,25,3,1,35,0,39,36,0,36,75
05/21/2018,ALW,WA,ANM,WE,Federal Contract Tower,5,4,6,0,15,0,0,52,0,52,5,4,58,0,67,110,0,110,177
05/22/2018,ALW,WA,ANM,WE,Federal Contract Tower,2,0,11,0,13,0,2,55,0,57,2,2,66,0,70,50,0,50,120
05/23/2018,ALW,WA,ANM,WE,Federal Contract Tower,2,2,7,0,11,0,0,49,0,49,2,2,56,0,60,164,0,164,224
05/24/2018,ALW,WA,ANM,WE,Federal Contract Tower,3,2,11,0,16,0,1,44,0,45,3,3,55,0,61,130,0,130,191
05/25/2018,ALW,WA,ANM,WE,Federal Contract Tower,3,7,16,0,26,0,1,57,0,58,3,8,73,0,84,124,0,124,208
05/26/2018,ALW,WA,ANM,WE,Federal Contract Tower,2,0,1,0,3,0,0,18,0,18,2,0,19,0,21,6,0,6,27
05/27/2018,ALW,WA,ANM,WE,Federal Contract Tower,3,0,1,0,4,0,0,52,0,52,3,0,53,0,56,42,0,42,98
05/28/2018,ALW,WA,ANM,WE,Federal Contract Tower,3,0,11,0,14,0,0,38,0,38,3,0,49,0,52,54,0,54,106
05/29/2018,ALW,WA,ANM,WE,Federal Contract Tower,2,2,14,0,18,0,1,38,0,39,2,3,52,0,57,112,0,112,169
05/30/2018,ALW,WA,ANM,WE,Federal Contract Tower,2,2,5,0,9,0,0,52,0,52,2,2,57,0,61,120,0,120,181
05/31/2018,ALW,WA,ANM,WE,Federal Contract Tower,3,4,11,0,18,0,0,31,0,31,3,4,42,0,49,44,0,44,93
06/01/2018,ALW,WA,ANM,WE,Federal Contract Tower,3,5,12,0,20,0,2,61,0,63,3,7,73,0,83,82,0,82,165
06/02/2018,ALW,WA,ANM,WE,Federal Contract Tower,2,0,6,0,8,0,0,15,0,15,2,0,21,0,23,4,0,4,27
06/03/2018,ALW,WA,ANM,WE,Federal Contract Tower,3,2,3,0,8,0,1,196,0,197,3,3,199,0,205,22,0,22,227
06/04/2018,ALW,WA,ANM,WE,Federal Contract Tower,3,4,2,0,9,0,0,29,0,29,3,4,31,0,38,118,0,118,156
06/05/2018,ALW,WA,ANM,WE,Federal Contract Tower,2,2,4,0,8,0,0,53,0,53,2,2,57,0,61,112,0,112,173
06/06/2018,ALW,WA,ANM,WE,Federal Contract Tower,2,4,3,0,9,0,0,38,0,38,2,4,41,0,47,70,0,70,117
06/07/2018,ALW,WA,ANM,WE,Federal Contract Tower,3,2,12,0,17,0,2,37,0,39,3,4,49,0,56,122,0,122,178
06/08/2018,ALW,WA,ANM,WE,Federal Contract Tower,3,5,6,0,14,0,0,48,0,48,3,5,54,0,62,64,0,64,126
06/09/2018,ALW,WA,ANM,WE,Federal Contract Tower,2,1,5,0,8,0,0,5,0,5,2,1,10,0,13,10,0,10,23
06/10/2018,ALW,WA,ANM,WE,Federal Contract Tower,3,4,1,0,8,0,0,12,0,12,3,4,13,0,20,4,0,4,24
06/11/2018,ALW,WA,ANM,WE,Federal Contract Tower,2,2,8,0,12,0,0,23,0,23,2,2,31,0,35,62,0,62,97
06/12/2018,ALW,WA,ANM,WE,Federal Contract Tower,2,2,8,0,12,0,0,34,0,34,2,2,42,0,46,36,0,36,82
06/13/2018,ALW,WA,ANM,WE,Federal Contract Tower,2,3,2,0,7,0,1,13,0,14,2,4,15,0,21,38,0,38,59
06/14/2018,ALW,WA,ANM,WE,Federal Contract Tower,3,4,7,0,14,0,0,39,0,39,3,4,46,0,53,32,0,32,85
06/15/2018,ALW,WA,ANM,WE,Federal Contract Tower,3,5,6,0,14,0,1,66,0,67,3,6,72,0,81,32,0,32,113
06/16/2018,ALW,WA,ANM,WE,Federal Contract Tower,2,7,6,0,15,0,0,16,0,16,2,7,22,0,31,0,0,0,31
06/17/2018,ALW,WA,ANM,WE,Federal Contract Tower,3,5,2,0,10,0,4,31,0,35,3,9,33,0,45,0,0,0,45
06/18/2018,ALW,WA,ANM,WE,Federal Contract Tower,3,4,7,0,14,0,0,26,0,26,3,4,33,0,40,38,0,38,78
06/19/2018,ALW,WA,ANM,WE,Federal Contract Tower,2,4,9,0,15,0,4,33,0,37,2,8,42,0,52,40,0,40,92
06/20/2018,ALW,WA,ANM,WE,Federal Contract Tower,2,3,8,0,13,0,0,17,0,17,2,3,25,0,30,26,0,26,56
06/21/2018,ALW,WA,ANM,WE,Federal Contract Tower,2,2,3,0,7,0,0,11,0,11,2,2,14,0,18,0,0,0,18
06/22/2018,ALW,WA,ANM,WE,Federal Contract Tower,3,2,2,0,7,0,2,30,0,32,3,4,32,0,39,48,0,48,87
06/23/2018,ALW,WA,ANM,WE,Federal Contract Tower,2,0,4,0,6,0,0,22,0,22,2,0,26,0,28,62,0,62,90
06/24/2018,ALW,WA,ANM,WE,Federal Contract Tower,3,0,3,0,6,0,0,31,0,31,3,0,34,0,37,78,0,78,115
06/25/2018,ALW,WA,ANM,WE,Federal Contract Tower,3,2,0,0,5,0,0,11,0,11,3,2,11,0,16,22,0,22,38
06/26/2018,ALW,WA,ANM,WE,Federal Contract Tower,2,2,6,0,10,0,2,31,0,33,2,4,37,0,43,56,0,56,99
06/27/2018,ALW,WA,ANM,WE,Federal Contract Tower,2,2,3,0,7,0,0,50,0,50,2,2,53,0,57,64,0,64,121
06/28/2018,ALW,WA,ANM,WE,Federal Contract Tower,3,3,4,0,10,0,0,36,0,36,3,3,40,0,46,76,0,76,122
06/29/2018,ALW,WA,ANM,WE,Federal Contract Tower,2,1,7,0,10,0,2,41,0,43,2,3,48,0,53,32,0,32,85
06/30/2018,ALW,WA,ANM,WE,Federal Contract Tower,2,0,1,0,3,0,0,38,0,38,2,0,39,0,41,0,0,0,41
07/01/2018,ALW,WA,ANM,WE,Federal Contract Tower,3,1,3,0,7,0,1,17,0,18,3,2,20,0,25,0,0,0,25
07/02/2018,ALW,WA,ANM,WE,Federal Contract Tower,3,3,4,0,10,0,0,21,0,21,3,3,25,0,31,66,0,66,97
07/03/2018,ALW,WA,ANM,WE,Federal Contract Tower,2,3,4,0,9,0,0,35,0,35,2,3,39,0,44,88,0,88,132
07/04/2018,ALW,WA,ANM,WE,Federal Contract Tower,2,0,0,0,2,0,0,24,0,24,2,0,24,0,26,40,0,40,66
07/05/2018,ALW,WA,ANM,WE,Federal Contract Tower,3,2,2,0,7,0,0,18,0,18,3,2,20,0,25,34,0,34,59
07/06/2018,ALW,WA,ANM,WE,Federal Contract Tower,3,2,6,0,11,0,2,25,0,27,3,4,31,0,38,8,0,8,46
07/07/2018,ALW,WA,ANM,WE,Federal Contract Tower,3,0,2,0,5,0,0,17,0,17,3,0,19,0,22,6,0,6,28
07/08/2018,ALW,WA,ANM,WE,Federal Contract Tower,3,0,2,0,5,0,0,27,0,27,3,0,29,0,32,8,0,8,40
07/09/2018,ALW,WA,ANM,WE,Federal Contract Tower,3,3,2,0,8,0,0,18,0,18,3,3,20,0,26,42,0,42,68
07/10/2018,ALW,WA,ANM,WE,Federal Contract Tower,2,2,0,0,4,0,2,25,0,27,2,4,25,0,31,18,0,18,49
07/11/2018,ALW,WA,ANM,WE,Federal Contract Tower,2,2,2,0,6,0,1,34,0,35,2,3,36,0,41,88,0,88,129
07/12/2018,ALW,WA,ANM,WE,Federal Contract Tower,3,2,2,0,7,0,0,25,0,25,3,2,27,0,32,56,0,56,88
07/13/2018,ALW,WA,ANM,WE,Federal Contract Tower,3,3,5,0,11,0,3,26,0,29,3,6,31,0,40,8,0,8,48
07/14/2018,ALW,WA,ANM,WE,Federal Contract Tower,2,0,4,0,6,0,0,21,0,21,2,0,25,0,27,0,0,0,27
07/15/2018,ALW,WA,ANM,WE,Federal Contract Tower,3,0,1,0,4,0,0,26,0,26,3,0,27,0,30,0,0,0,30
07/16/2018,ALW,WA,ANM,WE,Federal Contract Tower,3,3,0,0,6,0,0,27,0,27,3,3,27,0,33,72,0,72,105
07/18/2018,ALW,WA,ANM,WE,Federal Contract Tower,2,1,2,1,6,0,1,40,0,41,2,2,42,1,47,46,0,46,93
07/19/2018,ALW,WA,ANM,WE,Federal Contract Tower,3,2,4,0,9,0,0,28,0,28,3,2,32,0,37,18,0,18,55
07/20/2018,ALW,WA,ANM,WE,Federal Contract Tower,3,4,4,0,11,0,0,28,0,28,3,4,32,0,39,28,0,28,67
07/21/2018,ALW,WA,ANM,WE,Federal Contract Tower,2,2,5,0,9,0,0,24,0,24,2,2,29,0,33,14,0,14,47
07/22/2018,ALW,WA,ANM,WE,Federal Contract Tower,3,0,4,0,7,0,0,22,0,22,3,0,26,0,29,14,0,14,43
07/23/2018,ALW,WA,ANM,WE,Federal Contract Tower,3,6,2,0,11,0,0,34,0,34,3,6,36,0,45,56,0,56,101
07/24/2018,ALW,WA,ANM,WE,Federal Contract Tower,2,2,4,0,8,0,0,31,0,31,2,2,35,0,39,20,0,20,59
07/25/2018,ALW,WA,ANM,WE,Federal Contract Tower,2,8,1,0,11,0,0,25,0,25,2,8,26,0,36,10,0,10,46
07/26/2018,ALW,WA,ANM,WE,Federal Contract Tower,3,2,0,2,7,0,2,22,0,24,3,4,22,2,31,22,0,22,53
07/27/2018,ALW,WA,ANM,WE,Federal Contract Tower,2,2,6,0,10,0,2,37,0,39,2,4,43,0,49,32,0,32,81
07/28/2018,ALW,WA,ANM,WE,Federal Contract Tower,2,0,2,0,4,0,0,28,0,28,2,0,30,0,32,10,0,10,42
07/29/2018,ALW,WA,ANM,WE,Federal Contract Tower,3,0,3,0,6,0,2,21,0,23,3,2,24,0,29,22,0,22,51
07/30/2018,ALW,WA,ANM,WE,Federal Contract Tower,3,3,3,0,9,0,3,13,0,16,3,6,16,0,25,2,0,2,27
07/31/2018,ALW,WA,ANM,WE,Federal Contract Tower,2,2,2,0,6,0,2,20,0,22,2,4,22,0,28,28,0,28,56
08/01/2018,ALW,WA,ANM,WE,Federal Contract Tower,2,2,0,0,4,0,0,10,1,11,2,2,10,1,15,0,0,0,15
08/02/2018,ALW,WA,ANM,WE,Federal Contract Tower,2,2,2,0,6,0,3,11,1,15,2,5,13,1,21,0,0,0,21
08/03/2018,ALW,WA,ANM,WE,Federal Contract Tower,2,4,2,0,8,0,1,23,0,24,2,5,25,0,32,10,0,10,42
08/04/2018,ALW,WA,ANM,WE,Federal Contract Tower,2,0,0,0,2,0,0,28,0,28,2,0,28,0,30,38,0,38,68
08/06/2018,ALW,WA,ANM,WE,Federal Contract Tower,3,2,0,0,5,0,2,19,0,21,3,4,19,0,26,34,0,34,60
08/07/2018,ALW,WA,ANM,WE,Federal Contract Tower,2,2,0,0,4,0,2,19,0,21,2,4,19,0,25,66,0,66,91
08/08/2018,ALW,WA,ANM,WE,Federal Contract Tower,2,4,2,0,8,0,0,18,0,18,2,4,20,0,26,52,0,52,78
08/09/2018,ALW,WA,ANM,WE,Federal Contract Tower,3,2,2,0,7,0,0,15,0,15,3,2,17,0,22,32,0,32,54
08/10/2018,ALW,WA,ANM,WE,Federal Contract Tower,2,2,3,0,7,0,0,11,0,11,2,2,14,0,18,50,0,50,68
08/11/2018,ALW,WA,ANM,WE,Federal Contract Tower,2,2,0,0,4,0,1,12,0,13,2,3,12,0,17,46,0,46,63
08/12/2018,ALW,WA,ANM,WE,Federal Contract Tower,2,0,6,0,8,0,0,15,0,15,2,0,21,0,23,22,0,22,45
08/13/2018,ALW,WA,ANM,WE,Federal Contract Tower,3,2,7,0,12,0,1,26,0,27,3,3,33,0,39,14,0,14,53
08/14/2018,ALW,WA,ANM,WE,Federal Contract Tower,4,3,6,0,13,0,0,0,0,0,4,3,6,0,13,0,0,0,13
08/15/2018,ALW,WA,ANM,WE,Federal Contract Tower,3,2,9,0,14,0,4,16,0,20,3,6,25,0,34,18,0,18,52
08/16/2018,ALW,WA,ANM,WE,Federal Contract Tower,2,3,5,0,10,0,0,5,0,5,2,3,10,0,15,30,0,30,45
08/17/2018,ALW,WA,ANM,WE,Federal Contract Tower,2,2,6,0,10,0,0,24,0,24,2,2,30,0,34,54,0,54,88
08/18/2018,ALW,WA,ANM,WE,Federal Contract Tower,2,0,0,0,2,0,2,12,0,14,2,2,12,0,16,10,0,10,26
08/19/2018,ALW,WA,ANM,WE,Federal Contract Tower,3,1,9,0,13,0,0,16,0,16,3,1,25,0,29,18,0,18,47
08/20/2018,ALW,WA,ANM,WE,Federal Contract Tower,2,0,2,0,4,0,0,0,0,0,2,0,2,0,4,0,0,0,4
08/21/2018,ALW,WA,ANM,WE,Federal Contract Tower,2,1,3,0,6,0,0,20,0,20,2,1,23,0,26,0,0,0,26
08/22/2018,ALW,WA,ANM,WE,Federal Contract Tower,2,2,4,0,8,0,2,9,0,11,2,4,13,0,19,0,0,0,19
08/23/2018,ALW,WA,ANM,WE,Federal Contract Tower,3,4,4,0,11,0,0,4,0,4,3,4,8,0,15,0,0,0,15
08/24/2018,ALW,WA,ANM,WE,Federal Contract Tower,3,4,3,0,10,0,0,12,0,12,3,4,15,0,22,20,0,20,42
08/25/2018,ALW,WA,ANM,WE,Federal Contract Tower,2,0,3,0,5,0,0,11,0,11,2,0,14,0,16,0,0,0,16
08/26/2018,ALW,WA,ANM,WE,Federal Contract Tower,2,0,7,0,9,0,0,20,0,20,2,0,27,0,29,14,0,14,43
08/27/2018,ALW,WA,ANM,WE,Federal Contract Tower,2,2,7,0,11,0,1,27,0,28,2,3,34,0,39,28,0,28,67
08/28/2018,ALW,WA,ANM,WE,Federal Contract Tower,2,4,6,0,12,0,0,41,0,41,2,4,47,0,53,62,0,62,115
08/29/2018,ALW,WA,ANM,WE,Federal Contract Tower,2,2,11,0,15,0,4,29,0,33,2,6,40,0,48,88,0,88,136
08/30/2018,ALW,WA,ANM,WE,Federal Contract Tower,2,2,5,0,9,0,0,30,0,30,2,2,35,0,39,42,0,42,81
08/31/2018,ALW,WA,ANM,WE,Federal Contract Tower,2,4,8,0,14,0,0,44,0,44,2,4,52,0,58,56,0,56,114
09/01/2018,ALW,WA,ANM,WE,Federal Contract Tower,2,0,3,0,5,0,4,22,0,26,2,4,25,0,31,20,0,20,51
09/02/2018,ALW,WA,ANM,WE,Federal Contract Tower,2,2,6,0,10,0,0,36,0,36,2,2,42,0,46,50,0,50,96
09/03/2018,ALW,WA,ANM,WE,Federal Contract Tower,2,0,3,0,5,0,2,34,0,36,2,2,37,0,41,74,0,74,115
09/04/2018,ALW,WA,ANM,WE,Federal Contract Tower,2,2,5,0,9,0,2,31,0,33,2,4,36,0,42,40,0,40,82
09/05/2018,ALW,WA,ANM,WE,Federal Contract Tower,2,4,4,0,10,0,0,34,0,34,2,4,38,0,44,72,0,72,116
09/06/2018,ALW,WA,ANM,WE,Federal Contract Tower,2,4,3,0,9,0,2,19,0,21,2,6,22,0,30,34,0,34,64
09/07/2018,ALW,WA,ANM,WE,Federal Contract Tower,2,2,3,0,7,0,0,36,0,36,2,2,39,0,43,28,0,28,71
09/08/2018,ALW,WA,ANM,WE,Federal Contract Tower,2,0,4,0,6,0,4,15,0,19,2,4,19,0,25,8,0,8,33
09/09/2018,ALW,WA,ANM,WE,Federal Contract Tower,2,0,5,0,7,0,7,26,2,35,2,7,31,2,42,10,0,10,52
09/10/2018,ALW,WA,ANM,WE,Federal Contract Tower,2,4,4,0,10,0,2,11,0,13,2,6,15,0,23,36,0,36,59
09/11/2018,ALW,WA,ANM,WE,Federal Contract Tower,3,6,8,1,18,0,0,13,1,14,3,6,21,2,32,44,0,44,76
09/12/2018,ALW,WA,ANM,WE,Federal Contract Tower,2,3,6,0,11,0,1,28,0,29,2,4,34,0,40,46,0,46,86
09/13/2018,ALW,WA,ANM,WE,Federal Contract Tower,2,4,6,0,12,0,0,25,0,25,2,4,31,0,37,26,0,26,63
09/14/2018,ALW,WA,ANM,WE,Federal Contract Tower,2,4,13,0,19,0,0,23,0,23,2,4,36,0,42,80,0,80,122
09/15/2018,ALW,WA,ANM,WE,Federal Contract Tower,2,2,0,0,4,0,0,12,0,12,2,2,12,0,16,2,0,2,18
09/16/2018,ALW,WA,ANM,WE,Federal Contract Tower,2,0,5,0,7,0,6,25,0,31,2,6,30,0,38,10,0,10,48
09/17/2018,ALW,WA,ANM,WE,Federal Contract Tower,2,2,3,0,7,0,2,32,0,34,2,4,35,0,41,84,0,84,125
09/18/2018,ALW,WA,ANM,WE,Federal Contract Tower,2,2,1,0,5,0,0,20,0,20,2,2,21,0,25,66,0,66,91
09/19/2018,ALW,WA,ANM,WE,Federal Contract Tower,2,4,3,0,9,0,2,39,0,41,2,6,42,0,50,18,0,18,68
09/20/2018,ALW,WA,ANM,WE,Federal Contract Tower,2,2,2,0,6,0,2,23,0,25,2,4,25,0,31,26,0,26,57
09/21/2018,ALW,WA,ANM,WE,Federal Contract Tower,2,2,9,0,13,0,0,36,0,36,2,2,45,0,49,52,0,52,101
09/22/2018,ALW,WA,ANM,WE,Federal Contract Tower,2,0,1,0,3,0,2,21,0,23,2,2,22,0,26,0,0,0,26
09/23/2018,ALW,WA,ANM,WE,Federal Contract Tower,2,1,11,0,14,0,0,29,0,29,2,1,40,0,43,16,0,16,59
09/24/2018,ALW,WA,ANM,WE,Federal Contract Tower,2,2,2,0,6,0,2,22,0,24,2,4,24,0,30,40,0,40,70
09/25/2018,ALW,WA,ANM,WE,Federal Contract Tower,2,2,7,0,11,0,2,20,0,22,2,4,27,0,33,34,0,34,67
09/26/2018,ALW,WA,ANM,WE,Federal Contract Tower,4,2,5,0,11,0,3,41,0,44,4,5,46,0,55,22,0,22,77
09/27/2018,ALW,WA,ANM,WE,Federal Contract Tower,2,2,6,0,10,0,0,28,0,28,2,2,34,0,38,36,0,36,74
09/28/2018,ALW,WA,ANM,WE,Federal Contract Tower,2,2,3,1,8,0,2,50,0,52,2,4,53,1,60,10,0,10,70
09/29/2018,ALW,WA,ANM,WE,Federal Contract Tower,2,0,1,0,3,0,2,30,0,32,2,2,31,0,35,18,0,18,53
09/30/2018,ALW,WA,ANM,WE,Federal Contract Tower,2,0,2,0,4,0,1,19,0,20,2,1,21,0,24,6,0,6,30
10/01/2018,ALW,WA,ANM,WE,Federal Contract Tower,2,2,3,0,7,0,1,42,0,43,2,3,45,0,50,50,0,50,100
10/02/2018,ALW,WA,ANM,WE,Federal Contract Tower,2,2,2,0,6,0,0,19,0,19,2,2,21,0,25,22,0,22,47
10/03/2018,ALW,WA,ANM,WE,Federal Contract Tower,2,2,16,0,20,0,0,42,0,42,2,2,58,0,62,48,0,48,110
10/04/2018,ALW,WA,ANM,WE,Federal Contract Tower,2,2,17,0,21,0,4,56,0,60,2,6,73,0,81,86,0,86,167
10/05/2018,ALW,WA,ANM,WE,Federal Contract Tower,2,3,12,0,17,0,3,44,0,47,2,6,56,0,64,32,0,32,96
10/06/2018,ALW,WA,ANM,WE,Federal Contract Tower,2,2,10,0,14,0,2,4,0,6,2,4,14,0,20,0,0,0,20
10/07/2018,ALW,WA,ANM,WE,Federal Contract Tower,2,3,3,0,8,0,1,26,0,27,2,4,29,0,35,0,0,0,35
10/08/2018,ALW,WA,ANM,WE,Federal Contract Tower,2,3,5,0,10,0,0,36,0,36,2,3,41,0,46,38,0,38,84
10/09/2018,ALW,WA,ANM,WE,Federal Contract Tower,2,4,3,0,9,0,0,2,0,2,2,4,5,0,11,48,0,48,59
10/10/2018,ALW,WA,ANM,WE,Federal Contract Tower,2,3,9,0,14,0,3,35,0,38,2,6,44,0,52,74,0,74,126
10/11/2018,ALW,WA,ANM,WE,Federal Contract Tower,2,3,6,0,11,0,2,51,0,53,2,5,57,0,64,92,0,92,156
10/12/2018,ALW,WA,ANM,WE,Federal Contract Tower,2,2,5,0,9,0,2,53,0,55,2,4,58,0,64,50,0,50,114
10/13/2018,ALW,WA,ANM,WE,Federal Contract Tower,2,0,3,0,5,0,5,38,0,43,2,5,41,0,48,10,0,10,58
10/14/2018,ALW,WA,ANM,WE,Federal Contract Tower,2,4,6,0,12,0,0,35,0,35,2,4,41,0,47,6,0,6,53
10/15/2018,ALW,WA,ANM,WE,Federal Contract Tower,2,2,5,0,9,0,0,30,0,30,2,2,35,0,39,54,0,54,93
10/16/2018,ALW,WA,ANM,WE,Federal Contract Tower,2,4,1,0,7,0,1,51,0,52,2,5,52,0,59,62,0,62,121
10/17/2018,ALW,WA,ANM,WE,Federal Contract Tower,2,5,2,0,9,0,2,48,0,50,2,7,50,0,59,32,0,32,91
10/18/2018,ALW,WA,ANM,WE,Federal Contract Tower,2,2,9,0,13,0,0,87,0,87,2,2,96,0,100,42,0,42,142
10/19/2018,ALW,WA,ANM,WE,Federal Contract Tower,2,5,11,0,18,0,2,107,0,109,2,7,118,0,127,56,0,56,183
10/20/2018,ALW,WA,ANM,WE,Federal Contract Tower,2,1,7,0,10,0,0,110,0,110,2,1,117,0,120,14,0,14,134
10/21/2018,ALW,WA,ANM,WE,Federal Contract Tower,3,2,9,0,14,0,0,107,0,107,3,2,116,0,121,24,0,24,145
10/22/2018,ALW,WA,ANM,WE,Federal Contract Tower,2,2,3,0,7,0,2,37,0,39,2,4,40,0,46,72,0,72,118
10/23/2018,ALW,WA,ANM,WE,Federal Contract Tower,2,2,9,0,13,0,0,32,0,32,2,2,41,0,45,62,0,62,107
10/24/2018,ALW,WA,ANM,WE,Federal Contract Tower,2,2,7,0,11,0,2,37,0,39,2,4,44,0,50,72,0,72,122
10/25/2018,ALW,WA,ANM,WE,Federal Contract Tower,2,3,7,0,12,0,0,53,0,53,2,3,60,0,65,104,0,104,169
10/26/2018,ALW,WA,ANM,WE,Federal Contract Tower,3,5,1,0,9,0,0,46,0,46,3,5,47,0,55,114,0,114,169
10/27/2018,ALW,WA,ANM,WE,Federal Contract Tower,2,0,2,0,4,0,0,24,0,24,2,0,26,0,28,0,0,0,28
10/28/2018,ALW,WA,ANM,WE,Federal Contract Tower,2,3,7,0,12,0,0,21,0,21,2,3,28,0,33,18,0,18,51
10/29/2018,ALW,WA,ANM,WE,Federal Contract Tower,2,2,4,0,8,0,0,20,0,20,2,2,24,0,28,56,0,56,84
10/30/2018,ALW,WA,ANM,WE,Federal Contract Tower,2,2,9,0,13,0,0,33,0,33,2,2,42,0,46,42,0,42,88
10/31/2018,ALW,WA,ANM,WE,Federal Contract Tower,2,2,2,0,6,0,0,34,0,34,2,2,36,0,40,66,0,66,106
11/01/2018,ALW,WA,ANM,WE,Federal Contract Tower,2,2,4,0,8,0,0,24,0,24,2,2,28,0,32,118,0,118,150
11/02/2018,ALW,WA,ANM,WE,Federal Contract Tower,2,3,7,0,12,0,3,18,0,21,2,6,25,0,33,26,0,26,59
11/03/2018,ALW,WA,ANM,WE,Federal Contract Tower,2,0,6,0,8,0,0,16,0,16,2,0,22,0,24,6,0,6,30
11/04/2018,ALW,WA,ANM,WE,Federal Contract Tower,3,0,8,0,11,0,0,10,0,10,3,0,18,0,21,8,0,8,29
11/05/2018,ALW,WA,ANM,WE,Federal Contract Tower,3,2,6,0,11,0,0,35,0,35,3,2,41,0,46,90,0,90,136
11/06/2018,ALW,WA,ANM,WE,Federal Contract Tower,2,6,4,0,12,0,0,48,0,48,2,6,52,0,60,106,0,106,166
11/07/2018,ALW,WA,ANM,WE,Federal Contract Tower,3,4,2,0,9,0,0,48,0,48,3,4,50,0,57,144,0,144,201
11/08/2018,ALW,WA,ANM,WE,Federal Contract Tower,2,2,11,1,16,0,0,59,1,60,2,2,70,2,76,122,0,122,198
11/09/2018,ALW,WA,ANM,WE,Federal Contract Tower,2,3,14,0,19,0,1,43,0,44,2,4,57,0,63,78,0,78,141
11/10/2018,ALW,WA,ANM,WE,Federal Contract Tower,2,0,2,0,4,0,0,15,0,15,2,0,17,0,19,0,0,0,19
11/11/2018,ALW,WA,ANM,WE,Federal Contract Tower,1,0,2,0,3,0,0,0,0,0,1,0,2,0,3,0,0,0,3
11/12/2018,ALW,WA,ANM,WE,Federal Contract Tower,2,2,5,0,9,0,0,0,0,0,2,2,5,0,9,0,0,0,9
11/13/2018,ALW,WA,ANM,WE,Federal Contract Tower,2,4,4,0,10,0,0,0,0,0,2,4,4,0,10,0,0,0,10
11/14/2018,ALW,WA,ANM,WE,Federal Contract Tower,3,2,4,0,9,0,4,20,2,26,3,6,24,2,35,46,0,46,81
11/16/2018,ALW,WA,ANM,WE,Federal Contract Tower,3,5,4,0,12,0,4,27,0,31,3,9,31,0,43,34,0,34,77
11/17/2018,ALW,WA,ANM,WE,Federal Contract Tower,3,1,4,2,10,0,5,23,0,28,3,6,27,2,38,8,0,8,46
11/18/2018,ALW,WA,ANM,WE,Federal Contract Tower,0,0,0,0,0,0,0,0,0,0,0,0,0,0,0,0,0,0,0
11/19/2018,ALW,WA,ANM,WE,Federal Contract Tower,0,0,0,0,0,0,0,0,0,0,0,0,0,0,0,0,0,0,0
11/20/2018,ALW,WA,ANM,WE,Federal Contract Tower,0,0,0,0,0,0,0,0,0,0,0,0,0,0,0,0,0,0,0
11/21/2018,ALW,WA,ANM,WE,Federal Contract Tower,2,2,12,0,16,0,0,0,0,0,2,2,12,0,16,0,0,0,16
11/22/2018,ALW,WA,ANM,WE,Federal Contract Tower,1,1,2,0,4,0,0,13,0,13,1,1,15,0,17,6,0,6,23
11/23/2018,ALW,WA,ANM,WE,Federal Contract Tower,3,4,5,0,12,0,0,9,0,9,3,4,14,0,21,28,0,28,49
11/24/2018,ALW,WA,ANM,WE,Federal Contract Tower,2,0,2,0,4,0,0,8,0,8,2,0,10,0,12,4,0,4,16
11/25/2018,ALW,WA,ANM,WE,Federal Contract Tower,3,2,5,0,10,0,0,29,0,29,3,2,34,0,39,20,0,20,59
11/26/2018,ALW,WA,ANM,WE,Federal Contract Tower,2,3,7,0,12,0,0,13,0,13,2,3,20,0,25,6,0,6,31
11/27/2018,ALW,WA,ANM,WE,Federal Contract Tower,2,2,7,0,11,0,1,18,0,19,2,3,25,0,30,48,0,48,78
11/28/2018,ALW,WA,ANM,WE,Federal Contract Tower,3,3,5,0,11,0,0,33,2,35,3,3,38,2,46,98,0,98,144
11/29/2018,ALW,WA,ANM,WE,Federal Contract Tower,0,0,11,0,11,0,0,0,0,0,0,0,11,0,11,0,0,0,11
11/30/2018,ALW,WA,ANM,WE,Federal Contract Tower,3,3,9,0,15,0,3,27,0,30,3,6,36,0,45,102,0,102,147
12/01/2018,ALW,WA,ANM,WE,Federal Contract Tower,2,3,2,0,7,0,3,22,0,25,2,6,24,0,32,8,0,8,40
12/02/2018,ALW,WA,ANM,WE,Federal Contract Tower,3,2,0,0,5,0,0,19,0,19,3,2,19,0,24,76,0,76,100
12/03/2018,ALW,WA,ANM,WE,Federal Contract Tower,2,4,2,0,8,0,0,16,0,16,2,4,18,0,24,48,0,48,72
12/04/2018,ALW,WA,ANM,WE,Federal Contract Tower,2,6,11,0,19,0,0,0,0,0,2,6,11,0,19,0,0,0,19
12/05/2018,ALW,WA,ANM,WE,Federal Contract Tower,3,3,4,0,10,0,0,0,0,0,3,3,4,0,10,0,0,0,10
12/07/2018,ALW,WA,ANM,WE,Federal Contract Tower,3,4,9,0,16,0,0,11,0,11,3,4,20,0,27,34,0,34,61
12/08/2018,ALW,WA,ANM,WE,Federal Contract Tower,2,0,2,0,4,0,0,15,0,15,2,0,17,0,19,10,0,10,29
12/09/2018,ALW,WA,ANM,WE,Federal Contract Tower,2,0,5,0,7,0,0,0,0,0,2,0,5,0,7,0,0,0,7
12/11/2018,ALW,WA,ANM,WE,Federal Contract Tower,2,4,7,0,13,0,0,11,0,11,2,4,18,0,24,2,0,2,26
12/12/2018,ALW,WA,ANM,WE,Federal Contract Tower,3,2,4,0,9,0,0,18,0,18,3,2,22,0,27,42,0,42,69
12/13/2018,ALW,WA,ANM,WE,Federal Contract Tower,3,3,2,0,8,0,6,19,0,25,3,9,21,0,33,18,0,18,51
12/14/2018,ALW,WA,ANM,WE,Federal Contract Tower,2,4,1,0,7,0,0,6,0,6,2,4,7,0,13,2,0,2,15
12/16/2018,ALW,WA,ANM,WE,Federal Contract Tower,3,0,0,0,3,0,0,9,0,9,3,0,9,0,12,12,0,12,24
12/17/2018,ALW,WA,ANM,WE,Federal Contract Tower,3,2,8,0,13,0,0,19,0,19,3,2,27,0,32,54,0,54,86
12/18/2018,ALW,WA,ANM,WE,Federal Contract Tower,3,2,4,0,9,0,0,1,0,1,3,2,5,0,10,0,0,0,10
12/19/2018,ALW,WA,ANM,WE,Federal Contract Tower,4,2,3,0,9,0,0,17,0,17,4,2,20,0,26,24,0,24,50
12/20/2018,ALW,WA,ANM,WE,Federal Contract Tower,2,2,3,0,7,0,0,7,0,7,2,2,10,0,14,6,0,6,20
12/21/2018,ALW,WA,ANM,WE,Federal Contract Tower,2,4,4,0,10,0,11,10,0,21,2,15,14,0,31,4,0,4,35
12/22/2018,ALW,WA,ANM,WE,Federal Contract Tower,3,2,7,0,12,0,4,34,0,38,3,6,41,0,50,18,0,18,68
12/23/2018,ALW,WA,ANM,WE,Federal Contract Tower,3,0,0,0,3,0,0,1,0,1,3,0,1,0,4,0,0,0,4
12/24/2018,ALW,WA,ANM,WE,Federal Contract Tower,2,0,0,0,2,0,0,0,0,0,2,0,0,0,2,0,0,0,2
12/25/2018,ALW,WA,ANM,WE,Federal Contract Tower,2,0,2,0,4,0,0,0,0,0,2,0,2,0,4,0,0,0,4
12/26/2018,ALW,WA,ANM,WE,Federal Contract Tower,2,3,0,0,5,0,0,4,0,4,2,3,4,0,9,4,0,4,13
12/27/2018,ALW,WA,ANM,WE,Federal Contract Tower,2,5,2,0,9,0,0,2,0,2,2,5,4,0,11,2,0,2,13
12/29/2018,ALW,WA,ANM,WE,Federal Contract Tower,3,3,0,0,6,0,0,7,0,7,3,3,7,0,13,58,0,58,71
12/30/2018,ALW,WA,ANM,WE,Federal Contract Tower,3,0,3,0,6,0,2,2,0,4,3,2,5,0,10,14,0,14,24
12/31/2018,ALW,WA,ANM,WE,Federal Contract Tower,2,2,4,0,8,0,0,40,0,40,2,2,44,0,48,62,0,62,110
01/01/2019,ALW,WA,ANM,WE,Federal Contract Tower,3,1,1,0,5,0,0,21,0,21,3,1,22,0,26,94,0,94,120
01/02/2019,ALW,WA,ANM,WE,Federal Contract Tower,3,1,1,0,5,0,3,14,0,17,3,4,15,0,22,12,0,12,34
01/03/2019,ALW,WA,ANM,WE,Federal Contract Tower,3,4,0,0,7,0,2,2,0,4,3,6,2,0,11,4,0,4,15
01/04/2019,ALW,WA,ANM,WE,Federal Contract Tower,3,4,5,0,12,0,0,14,0,14,3,4,19,0,26,68,0,68,94
01/05/2019,ALW,WA,ANM,WE,Federal Contract Tower,3,1,4,0,8,0,0,14,0,14,3,1,18,0,22,22,0,22,44
01/06/2019,ALW,WA,ANM,WE,Federal Contract Tower,3,1,5,0,9,0,2,12,0,14,3,3,17,0,23,92,0,92,115
01/07/2019,ALW,WA,ANM,WE,Federal Contract Tower,2,2,0,0,4,0,0,11,0,11,2,2,11,0,15,96,0,96,111
01/08/2019,ALW,WA,ANM,WE,Federal Contract Tower,2,2,3,0,7,0,0,13,0,13,2,2,16,0,20,46,0,46,66
01/09/2019,ALW,WA,ANM,WE,Federal Contract Tower,2,7,6,0,15,0,0,0,0,0,2,7,6,0,15,0,0,0,15
01/10/2019,ALW,WA,ANM,WE,Federal Contract Tower,2,3,18,0,23,0,2,39,0,41,2,5,57,0,64,100,0,100,164
01/11/2019,ALW,WA,ANM,WE,Federal Contract Tower,0,0,5,0,5,0,0,0,0,0,0,0,5,0,5,0,0,0,5
01/12/2019,ALW,WA,ANM,WE,Federal Contract Tower,0,0,0,0,0,0,0,0,0,0,0,0,0,0,0,0,0,0,0
01/13/2019,ALW,WA,ANM,WE,Federal Contract Tower,2,0,13,0,15,0,0,0,0,0,2,0,13,0,15,0,0,0,15
01/14/2019,ALW,WA,ANM,WE,Federal Contract Tower,2,2,7,0,11,0,0,17,0,17,2,2,24,0,28,38,0,38,66
01/15/2019,ALW,WA,ANM,WE,Federal Contract Tower,2,3,0,0,5,0,0,0,0,0,2,3,0,0,5,0,0,0,5
01/16/2019,ALW,WA,ANM,WE,Federal Contract Tower,2,5,2,0,9,0,0,0,0,0,2,5,2,0,9,0,0,0,9
01/17/2019,ALW,WA,ANM,WE,Federal Contract Tower,2,2,7,0,11,0,0,0,0,0,2,2,7,0,11,0,0,0,11
01/18/2019,ALW,WA,ANM,WE,Federal Contract Tower,2,6,7,0,15,0,2,60,0,62,2,8,67,0,77,160,0,160,237
01/19/2019,ALW,WA,ANM,WE,Federal Contract Tower,2,0,4,0,6,0,0,5,0,5,2,0,9,0,11,4,0,4,15
01/20/2019,ALW,WA,ANM,WE,Federal Contract Tower,2,0,4,0,6,0,0,0,0,0,2,0,4,0,6,0,0,0,6
01/21/2019,ALW,WA,ANM,WE,Federal Contract Tower,2,4,9,0,15,0,0,32,0,32,2,4,41,0,47,90,0,90,137
01/22/2019,ALW,WA,ANM,WE,Federal Contract Tower,2,5,6,0,13,0,0,49,0,49,2,5,55,0,62,84,0,84,146
01/23/2019,ALW,WA,ANM,WE,Federal Contract Tower,2,2,6,0,10,0,0,27,0,27,2,2,33,0,37,12,0,12,49
01/24/2019,ALW,WA,ANM,WE,Federal Contract Tower,2,3,9,0,14,0,1,31,0,32,2,4,40,0,46,118,0,118,164
01/26/2019,ALW,WA,ANM,WE,Federal Contract Tower,2,1,4,0,7,0,0,0,0,0,2,1,4,0,7,0,0,0,7
01/27/2019,ALW,WA,ANM,WE,Federal Contract Tower,2,2,8,0,12,0,0,5,0,5,2,2,13,0,17,4,0,4,21
01/28/2019,ALW,WA,ANM,WE,Federal Contract Tower,2,4,2,0,8,0,0,1,0,1,2,4,3,0,9,0,0,0,9
01/29/2019,ALW,WA,ANM,WE,Federal Contract Tower,2,7,3,0,12,0,0,2,0,2,2,7,5,0,14,0,0,0,14
01/30/2019,ALW,WA,ANM,WE,Federal Contract Tower,2,3,3,0,8,0,0,9,0,9,2,3,12,0,17,30,0,30,47
01/31/2019,ALW,WA,ANM,WE,Federal Contract Tower,3,2,9,0,14,0,0,1,0,1,3,2,10,0,15,0,0,0,15
02/01/2019,ALW,WA,ANM,WE,Federal Contract Tower,2,7,4,0,13,0,0,4,0,4,2,7,8,0,17,8,0,8,25
02/03/2019,ALW,WA,ANM,WE,Federal Contract Tower,2,0,5,0,7,0,0,7,0,7,2,0,12,0,14,36,0,36,50
02/05/2019,ALW,WA,ANM,WE,Federal Contract Tower,2,2,0,0,4,0,0,0,0,0,2,2,0,0,4,0,0,0,4
02/06/2019,ALW,WA,ANM,WE,Federal Contract Tower,2,2,8,0,12,0,8,46,0,54,2,10,54,0,66,50,0,50,116
02/07/2019,ALW,WA,ANM,WE,Federal Contract Tower,2,2,16,0,20,0,0,42,0,42,2,2,58,0,62,96,0,96,158
02/08/2019,ALW,WA,ANM,WE,Federal Contract Tower,3,2,4,0,9,0,0,17,0,17,3,2,21,0,26,66,0,66,92
02/09/2019,ALW,WA,ANM,WE,Federal Contract Tower,2,0,0,0,2,0,0,0,0,0,2,0,0,0,2,0,0,0,2
02/10/2019,ALW,WA,ANM,WE,Federal Contract Tower,2,0,1,0,3,0,0,0,0,0,2,0,1,0,3,0,0,0,3
02/11/2019,ALW,WA,ANM,WE,Federal Contract Tower,0,0,0,0,0,0,0,0,0,0,0,0,0,0,0,0,0,0,0
02/12/2019,ALW,WA,ANM,WE,Federal Contract Tower,2,2,2,0,6,0,0,13,0,13,2,2,15,0,19,28,0,28,47
02/13/2019,ALW,WA,ANM,WE,Federal Contract Tower,1,0,2,0,3,0,0,0,0,0,1,0,2,0,3,0,0,0,3
02/14/2019,ALW,WA,ANM,WE,Federal Contract Tower,0,0,0,0,0,0,0,0,0,0,0,0,0,0,0,0,0,0,0
02/15/2019,ALW,WA,ANM,WE,Federal Contract Tower,2,2,5,0,9,0,0,33,0,33,2,2,38,0,42,60,0,60,102
02/17/2019,ALW,WA,ANM,WE,Federal Contract Tower,2,0,1,0,3,0,0,0,0,0,2,0,1,0,3,0,0,0,3
02/18/2019,ALW,WA,ANM,WE,Federal Contract Tower,2,2,5,0,9,0,0,11,0,11,2,2,16,0,20,34,0,34,54
02/19/2019,ALW,WA,ANM,WE,Federal Contract Tower,2,2,3,0,7,0,0,18,0,18,2,2,21,0,25,138,0,138,163
02/20/2019,ALW,WA,ANM,WE,Federal Contract Tower,3,4,3,0,10,0,2,0,0,2,3,6,3,0,12,0,0,0,12
02/21/2019,ALW,WA,ANM,WE,Federal Contract Tower,2,2,4,0,8,0,0,4,0,4,2,2,8,0,12,38,0,38,50
02/22/2019,ALW,WA,ANM,WE,Federal Contract Tower,2,6,21,1,30,0,0,42,0,42,2,6,63,1,72,114,0,114,186
02/23/2019,ALW,WA,ANM,WE,Federal Contract Tower,2,0,1,0,3,0,0,25,0,25,2,0,26,0,28,38,0,38,66
02/24/2019,ALW,WA,ANM,WE,Federal Contract Tower,2,0,2,0,4,0,0,0,0,0,2,0,2,0,4,0,0,0,4
02/25/2019,ALW,WA,ANM,WE,Federal Contract Tower,2,0,0,0,2,0,0,0,0,0,2,0,0,0,2,0,0,0,2
02/26/2019,ALW,WA,ANM,WE,Federal Contract Tower,2,2,12,0,16,0,0,13,0,13,2,2,25,0,29,62,0,62,91
02/27/2019,ALW,WA,ANM,WE,Federal Contract Tower,0,2,11,0,13,0,0,17,0,17,0,2,28,0,30,74,0,74,104
02/28/2019,ALW,WA,ANM,WE,Federal Contract Tower,2,2,10,0,14,0,0,47,0,47,2,2,57,0,61,42,0,42,103
03/01/2019,ALW,WA,ANM,WE,Federal Contract Tower,2,4,9,0,15,0,0,0,0,0,2,4,9,0,15,0,0,0,15
03/02/2019,ALW,WA,ANM,WE,Federal Contract Tower,2,0,3,0,5,0,0,0,0,0,2,0,3,0,5,0,0,0,5
03/03/2019,ALW,WA,ANM,WE,Federal Contract Tower,2,2,0,0,4,0,0,0,0,0,2,2,0,0,4,0,0,0,4
03/04/2019,ALW,WA,ANM,WE,Federal Contract Tower,2,2,3,0,7,0,0,5,0,5,2,2,8,0,12,18,0,18,30
03/05/2019,ALW,WA,ANM,WE,Federal Contract Tower,2,2,6,0,10,0,5,36,0,41,2,7,42,0,51,170,0,170,221
03/06/2019,ALW,WA,ANM,WE,Federal Contract Tower,0,2,0,0,2,0,0,0,0,0,0,2,0,0,2,0,0,0,2
03/07/2019,ALW,WA,ANM,WE,Federal Contract Tower,2,4,7,0,13,0,2,47,0,49,2,6,54,0,62,152,0,152,214
03/08/2019,ALW,WA,ANM,WE,Federal Contract Tower,2,2,3,0,7,0,0,27,0,27,2,2,30,0,34,90,0,90,124
03/09/2019,ALW,WA,ANM,WE,Federal Contract Tower,2,1,5,0,8,0,0,3,0,3,2,1,8,0,11,2,0,2,13
03/10/2019,ALW,WA,ANM,WE,Federal Contract Tower,2,0,9,0,11,0,2,5,0,7,2,2,14,0,18,122,0,122,140
03/11/2019,ALW,WA,ANM,WE,Federal Contract Tower,3,2,3,0,8,0,0,25,0,25,3,2,28,0,33,48,0,48,81
03/12/2019,ALW,WA,ANM,WE,Federal Contract Tower,2,2,2,0,6,0,0,5,0,5,2,2,7,0,11,22,0,22,33
03/13/2019,ALW,WA,ANM,WE,Federal Contract Tower,2,2,20,0,24,0,0,52,0,52,2,2,72,0,76,76,0,76,152
03/14/2019,ALW,WA,ANM,WE,Federal Contract Tower,3,4,14,0,21,0,0,56,0,56,3,4,70,0,77,86,0,86,163
03/15/2019,ALW,WA,ANM,WE,Federal Contract Tower,3,2,8,0,13,0,2,38,0,40,3,4,46,0,53,86,0,86,139
03/16/2019,ALW,WA,ANM,WE,Federal Contract Tower,2,0,6,0,8,0,0,26,0,26,2,0,32,0,34,4,0,4,38
03/17/2019,ALW,WA,ANM,WE,Federal Contract Tower,3,0,1,0,4,0,3,22,0,25,3,3,23,0,29,54,0,54,83
03/18/2019,ALW,WA,ANM,WE,Federal Contract Tower,2,2,10,0,14,0,0,37,0,37,2,2,47,0,51,50,0,50,101
03/19/2019,ALW,WA,ANM,WE,Federal Contract Tower,2,2,10,0,14,0,1,41,0,42,2,3,51,0,56,80,0,80,136
03/20/2019,ALW,WA,ANM,WE,Federal Contract Tower,2,2,16,0,20,0,0,27,0,27,2,2,43,0,47,80,0,80,127
03/21/2019,ALW,WA,ANM,WE,Federal Contract Tower,3,4,16,0,23,0,5,40,0,45,3,9,56,0,68,92,0,92,160
03/22/2019,ALW,WA,ANM,WE,Federal Contract Tower,3,3,3,1,10,0,0,42,0,42,3,3,45,1,52,90,0,90,142
03/23/2019,ALW,WA,ANM,WE,Federal Contract Tower,2,1,4,0,7,0,0,17,0,17,2,1,21,0,24,0,0,0,24
03/24/2019,ALW,WA,ANM,WE,Federal Contract Tower,3,0,2,0,5,0,0,6,0,6,3,0,8,0,11,0,0,0,11
03/25/2019,ALW,WA,ANM,WE,Federal Contract Tower,3,2,7,0,12,0,0,23,0,23,3,2,30,0,35,18,0,18,53
03/26/2019,ALW,WA,ANM,WE,Federal Contract Tower,2,2,2,0,6,0,0,19,0,19,2,2,21,0,25,24,0,24,49
03/27/2019,ALW,WA,ANM,WE,Federal Contract Tower,2,2,10,0,14,0,1,7,0,8,2,3,17,0,22,18,0,18,40
03/28/2019,ALW,WA,ANM,WE,Federal Contract Tower,3,2,5,0,10,0,0,10,0,10,3,2,15,0,20,42,0,42,62
03/29/2019,ALW,WA,ANM,WE,Federal Contract Tower,3,2,6,0,11,0,0,12,0,12,3,2,18,0,23,16,0,16,39
03/30/2019,ALW,WA,ANM,WE,Federal Contract Tower,5,0,5,0,10,0,0,36,0,36,5,0,41,0,46,0,0,0,46
03/31/2019,ALW,WA,ANM,WE,Federal Contract Tower,3,0,2,0,5,0,0,33,0,33,3,0,35,0,38,24,0,24,62
04/01/2019,ALW,WA,ANM,WE,Federal Contract Tower,4,4,21,0,29,0,1,48,0,49,4,5,69,0,78,108,0,108,186
04/02/2019,ALW,WA,ANM,WE,Federal Contract Tower,2,2,14,0,18,0,4,33,0,37,2,6,47,0,55,74,0,74,129
04/03/2019,ALW,WA,ANM,WE,Federal Contract Tower,2,2,10,0,14,0,2,30,0,32,2,4,40,0,46,42,0,42,88
04/04/2019,ALW,WA,ANM,WE,Federal Contract Tower,2,2,11,0,15,0,2,47,0,49,2,4,58,0,64,112,0,112,176
04/05/2019,ALW,WA,ANM,WE,Federal Contract Tower,3,2,10,0,15,0,0,28,0,28,3,2,38,0,43,48,0,48,91
04/06/2019,ALW,WA,ANM,WE,Federal Contract Tower,2,0,5,0,7,0,2,9,0,11,2,2,14,0,18,10,0,10,28
04/07/2019,ALW,WA,ANM,WE,Federal Contract Tower,3,0,9,0,12,0,0,12,0,12,3,0,21,0,24,46,0,46,70
04/08/2019,ALW,WA,ANM,WE,Federal Contract Tower,3,4,7,0,14,0,0,42,0,42,3,4,49,0,56,24,0,24,80
04/09/2019,ALW,WA,ANM,WE,Federal Contract Tower,2,2,7,0,11,0,0,5,4,9,2,2,12,4,20,12,8,20,40
04/10/2019,ALW,WA,ANM,WE,Federal Contract Tower,2,1,8,0,11,0,1,47,0,48,2,2,55,0,59,42,0,42,101
04/11/2019,ALW,WA,ANM,WE,Federal Contract Tower,3,1,3,0,7,0,0,20,0,20,3,1,23,0,27,56,0,56,83
04/12/2019,ALW,WA,ANM,WE,Federal Contract Tower,3,2,13,0,18,0,0,19,0,19,3,2,32,0,37,36,0,36,73
04/13/2019,ALW,WA,ANM,WE,Federal Contract Tower,2,0,5,0,7,0,0,35,0,35,2,0,40,0,42,18,0,18,60
04/14/2019,ALW,WA,ANM,WE,Federal Contract Tower,4,0,12,0,16,0,0,27,0,27,4,0,39,0,43,34,0,34,77
04/15/2019,ALW,WA,ANM,WE,Federal Contract Tower,3,2,19,1,25,0,0,73,0,73,3,2,92,1,98,92,0,92,190
04/16/2019,ALW,WA,ANM,WE,Federal Contract Tower,2,2,13,0,17,0,0,33,0,33,2,2,46,0,50,50,0,50,100
04/17/2019,ALW,WA,ANM,WE,Federal Contract Tower,2,2,15,0,19,0,2,40,0,42,2,4,55,0,61,72,0,72,133
04/18/2019,ALW,WA,ANM,WE,Federal Contract Tower,3,2,26,0,31,0,10,66,0,76,3,12,92,0,107,154,0,154,261
04/19/2019,ALW,WA,ANM,WE,Federal Contract Tower,2,3,15,0,20,0,0,36,0,36,2,3,51,0,56,52,0,52,108
04/20/2019,ALW,WA,ANM,WE,Federal Contract Tower,2,1,22,0,25,0,0,17,0,17,2,1,39,0,42,22,0,22,64
04/21/2019,ALW,WA,ANM,WE,Federal Contract Tower,3,0,8,0,11,0,0,48,0,48,3,0,56,0,59,56,0,56,115
04/22/2019,ALW,WA,ANM,WE,Federal Contract Tower,3,2,47,0,52,0,0,72,0,72,3,2,119,0,124,132,0,132,256
04/24/2019,ALW,WA,ANM,WE,Federal Contract Tower,2,2,21,0,25,0,2,44,0,46,2,4,65,0,71,94,0,94,165
04/25/2019,ALW,WA,ANM,WE,Federal Contract Tower,3,2,16,0,21,0,2,46,0,48,3,4,62,0,69,180,0,180,249
04/26/2019,ALW,WA,ANM,WE,Federal Contract Tower,3,2,10,0,15,0,4,34,0,38,3,6,44,0,53,94,0,94,147
04/27/2019,ALW,WA,ANM,WE,Federal Contract Tower,2,0,0,0,2,0,2,4,0,6,2,2,4,0,8,4,0,4,12
04/28/2019,ALW,WA,ANM,WE,Federal Contract Tower,3,0,4,0,7,0,3,48,0,51,3,3,52,0,58,42,0,42,100
04/29/2019,ALW,WA,ANM,WE,Federal Contract Tower,3,3,18,0,24,0,0,57,0,57,3,3,75,0,81,110,0,110,191
04/30/2019,ALW,WA,ANM,WE,Federal Contract Tower,2,1,15,0,18,0,0,54,0,54,2,1,69,0,72,102,0,102,174
05/01/2019,ALW,WA,ANM,WE,Federal Contract Tower,2,2,18,0,22,0,2,28,0,30,2,4,46,0,52,54,0,54,106
05/02/2019,ALW,WA,ANM,WE,Federal Contract Tower,3,2,15,0,20,0,0,69,0,69,3,2,84,0,89,63,0,63,152
05/03/2019,ALW,WA,ANM,WE,Federal Contract Tower,3,4,29,0,36,0,0,58,8,66,3,4,87,8,102,127,0,127,229
05/04/2019,ALW,WA,ANM,WE,Federal Contract Tower,2,0,6,0,8,0,0,42,0,42,2,0,48,0,50,20,0,20,70
05/05/2019,ALW,WA,ANM,WE,Federal Contract Tower,3,1,19,0,23,0,0,37,0,37,3,1,56,0,60,52,0,52,112
05/06/2019,ALW,WA,ANM,WE,Federal Contract Tower,3,2,11,0,16,0,0,39,0,39,3,2,50,0,55,78,0,78,133
05/07/2019,ALW,WA,ANM,WE,Federal Contract Tower,2,4,7,0,13,0,0,32,0,32,2,4,39,0,45,74,0,74,119
05/08/2019,ALW,WA,ANM,WE,Federal Contract Tower,2,4,12,0,18,0,0,45,0,45,2,4,57,0,63,110,0,110,173
05/09/2019,ALW,WA,ANM,WE,Federal Contract Tower,2,1,4,0,7,0,0,52,0,52,2,1,56,0,59,34,0,34,93
05/10/2019,ALW,WA,ANM,WE,Federal Contract Tower,2,3,18,0,23,0,0,56,0,56,2,3,74,0,79,128,0,128,207
05/11/2019,ALW,WA,ANM,WE,Federal Contract Tower,2,5,6,0,13,0,2,40,0,42,2,7,46,0,55,16,0,16,71
05/12/2019,ALW,WA,ANM,WE,Federal Contract Tower,3,6,0,0,9,0,4,50,0,54,3,10,50,0,63,56,0,56,119
05/13/2019,ALW,WA,ANM,WE,Federal Contract Tower,3,3,13,0,19,0,4,72,0,76,3,7,85,0,95,96,0,96,191
05/14/2019,ALW,WA,ANM,WE,Federal Contract Tower,2,2,4,0,8,0,0,45,0,45,2,2,49,0,53,96,0,96,149
05/15/2019,ALW,WA,ANM,WE,Federal Contract Tower,4,2,12,0,18,0,0,47,0,47,4,2,59,0,65,124,0,124,189
05/16/2019,ALW,WA,ANM,WE,Federal Contract Tower,3,2,17,0,22,0,0,0,0,0,3,2,17,0,22,0,0,0,22
05/17/2019,ALW,WA,ANM,WE,Federal Contract Tower,2,5,7,0,14,0,0,3,0,3,2,5,10,0,17,36,0,36,53
05/18/2019,ALW,WA,ANM,WE,Federal Contract Tower,2,3,13,0,18,0,0,39,0,39,2,3,52,0,57,10,0,10,67
05/19/2019,ALW,WA,ANM,WE,Federal Contract Tower,2,2,2,0,6,0,0,42,0,42,2,2,44,0,48,54,0,54,102
05/20/2019,ALW,WA,ANM,WE,Federal Contract Tower,3,2,27,1,33,0,0,25,0,25,3,2,52,1,58,90,0,90,148
05/21/2019,ALW,WA,ANM,WE,Federal Contract Tower,2,2,16,0,20,0,7,12,0,19,2,9,28,0,39,12,0,12,51
05/22/2019,ALW,WA,ANM,WE,Federal Contract Tower,2,2,23,0,27,0,4,56,0,60,2,6,79,0,87,104,0,104,191
05/23/2019,ALW,WA,ANM,WE,Federal Contract Tower,2,1,3,0,6,0,1,36,0,37,2,2,39,0,43,94,0,94,137
05/24/2019,ALW,WA,ANM,WE,Federal Contract Tower,2,1,17,0,20,0,2,13,0,15,2,3,30,0,35,44,0,44,79
05/25/2019,ALW,WA,ANM,WE,Federal Contract Tower,2,0,2,0,4,0,0,22,0,22,2,0,24,0,26,12,0,12,38
05/26/2019,ALW,WA,ANM,WE,Federal Contract Tower,3,0,0,0,3,0,0,20,0,20,3,0,20,0,23,6,0,6,29
05/27/2019,ALW,WA,ANM,WE,Federal Contract Tower,3,0,10,0,13,0,0,28,0,28,3,0,38,0,41,86,0,86,127
05/28/2019,ALW,WA,ANM,WE,Federal Contract Tower,2,2,7,0,11,0,0,40,0,40,2,2,47,0,51,125,0,125,176
05/29/2019,ALW,WA,ANM,WE,Federal Contract Tower,2,2,9,0,13,0,0,36,0,36,2,2,45,0,49,54,0,54,103
05/30/2019,ALW,WA,ANM,WE,Federal Contract Tower,3,0,5,0,8,0,0,37,0,37,3,0,42,0,45,84,0,84,129
05/31/2019,ALW,WA,ANM,WE,Federal Contract Tower,2,3,10,1,16,0,0,25,1,26,2,3,35,2,42,34,0,34,76
06/01/2019,ALW,WA,ANM,WE,Federal Contract Tower,2,1,1,0,4,0,0,165,0,165,2,1,166,0,169,6,0,6,175
06/02/2019,ALW,WA,ANM,WE,Federal Contract Tower,3,0,8,0,11,0,0,32,0,32,3,0,40,0,43,48,0,48,91
06/03/2019,ALW,WA,ANM,WE,Federal Contract Tower,3,2,9,0,14,0,6,42,0,48,3,8,51,0,62,74,0,74,136
06/04/2019,ALW,WA,ANM,WE,Federal Contract Tower,2,2,10,1,15,0,0,33,0,33,2,2,43,1,48,42,0,42,90
06/05/2019,ALW,WA,ANM,WE,Federal Contract Tower,2,2,9,0,13,0,2,58,0,60,2,4,67,0,73,104,0,104,177
06/06/2019,ALW,WA,ANM,WE,Federal Contract Tower,2,3,12,0,17,0,0,32,0,32,2,3,44,0,49,86,0,86,135
06/07/2019,ALW,WA,ANM,WE,Federal Contract Tower,3,2,10,0,15,0,0,14,0,14,3,2,24,0,29,8,0,8,37
06/08/2019,ALW,WA,ANM,WE,Federal Contract Tower,2,0,2,0,4,0,0,21,0,21,2,0,23,0,25,20,0,20,45
06/09/2019,ALW,WA,ANM,WE,Federal Contract Tower,4,0,11,0,15,0,0,48,0,48,4,0,59,0,63,66,0,66,129
06/10/2019,ALW,WA,ANM,WE,Federal Contract Tower,3,4,10,0,17,0,0,44,0,44,3,4,54,0,61,74,0,74,135
06/11/2019,ALW,WA,ANM,WE,Federal Contract Tower,2,2,13,0,17,0,0,39,0,39,2,2,52,0,56,76,0,76,132
06/12/2019,ALW,WA,ANM,WE,Federal Contract Tower,2,3,8,0,13,0,0,39,0,39,2,3,47,0,52,80,0,80,132
06/13/2019,ALW,WA,ANM,WE,Federal Contract Tower,3,4,8,0,15,0,0,23,0,23,3,4,31,0,38,38,0,38,76
06/14/2019,ALW,WA,ANM,WE,Federal Contract Tower,3,3,10,0,16,0,0,40,0,40,3,3,50,0,56,58,0,58,114
06/15/2019,ALW,WA,ANM,WE,Federal Contract Tower,2,2,1,0,5,0,0,35,0,35,2,2,36,0,40,16,0,16,56
06/16/2019,ALW,WA,ANM,WE,Federal Contract Tower,2,6,3,0,11,0,2,32,0,34,2,8,35,0,45,4,0,4,49
06/17/2019,ALW,WA,ANM,WE,Federal Contract Tower,2,4,6,0,12,0,0,22,0,22,2,4,28,0,34,56,0,56,90
06/18/2019,ALW,WA,ANM,WE,Federal Contract Tower,2,2,14,0,18,0,0,21,0,21,2,2,35,0,39,4,0,4,43
06/19/2019,ALW,WA,ANM,WE,Federal Contract Tower,2,3,3,0,8,0,0,15,0,15,2,3,18,0,23,0,0,0,23
06/20/2019,ALW,WA,ANM,WE,Federal Contract Tower,3,2,10,0,15,0,1,19,0,20,3,3,29,0,35,8,0,8,43
06/21/2019,ALW,WA,ANM,WE,Federal Contract Tower,3,3,18,0,24,0,0,32,0,32,3,3,50,0,56,58,0,58,114
06/22/2019,ALW,WA,ANM,WE,Federal Contract Tower,2,2,10,0,14,0,0,36,0,36,2,2,46,0,50,6,0,6,56
06/24/2019,ALW,WA,ANM,WE,Federal Contract Tower,3,2,11,0,16,0,0,20,0,20,3,2,31,0,36,32,0,32,68
06/25/2019,ALW,WA,ANM,WE,Federal Contract Tower,2,2,3,0,7,0,0,42,0,42,2,2,45,0,49,76,0,76,125
06/29/2019,ALW,WA,ANM,WE,Federal Contract Tower,2,4,5,0,11,0,0,25,0,25,2,4,30,0,36,24,0,24,60
06/30/2019,ALW,WA,ANM,WE,Federal Contract Tower,3,3,12,0,18,0,0,20,0,20,3,3,32,0,38,28,0,28,66
07/01/2019,ALW,WA,ANM,WE,Federal Contract Tower,3,7,5,0,15,0,0,63,0,63,3,7,68,0,78,110,0,110,188
07/02/2019,ALW,WA,ANM,WE,Federal Contract Tower,2,7,7,0,16,0,2,36,0,38,2,9,43,0,54,62,0,62,116
07/06/2019,ALW,WA,ANM,WE,Federal Contract Tower,2,0,1,0,3,0,0,11,0,11,2,0,12,0,14,0,0,0,14
07/07/2019,ALW,WA,ANM,WE,Federal Contract Tower,2,0,7,0,9,0,0,12,0,12,2,0,19,0,21,0,0,0,21
07/08/2019,ALW,WA,ANM,WE,Federal Contract Tower,3,2,8,0,13,0,0,39,0,39,3,2,47,0,52,86,0,86,138
07/09/2019,ALW,WA,ANM,WE,Federal Contract Tower,3,3,11,0,17,0,0,38,0,38,3,3,49,0,55,56,0,56,111
07/10/2019,ALW,WA,ANM,WE,Federal Contract Tower,2,2,19,0,23,0,0,30,0,30,2,2,49,0,53,56,0,56,109
07/11/2019,ALW,WA,ANM,WE,Federal Contract Tower,3,4,6,0,13,0,0,25,0,25,3,4,31,0,38,52,0,52,90
07/12/2019,ALW,WA,ANM,WE,Federal Contract Tower,3,4,11,0,18,0,0,43,0,43,3,4,54,0,61,44,0,44,105
07/13/2019,ALW,WA,ANM,WE,Federal Contract Tower,2,0,4,0,6,0,7,24,0,31,2,7,28,0,37,0,0,0,37
07/14/2019,ALW,WA,ANM,WE,Federal Contract Tower,2,4,3,0,9,0,4,33,0,37,2,8,36,0,46,6,0,6,52
07/15/2019,ALW,WA,ANM,WE,Federal Contract Tower,2,2,12,0,16,0,2,29,0,31,2,4,41,0,47,64,0,64,111
07/16/2019,ALW,WA,ANM,WE,Federal Contract Tower,2,6,8,0,16,0,0,39,0,39,2,6,47,0,55,36,0,36,91
07/17/2019,ALW,WA,ANM,WE,Federal Contract Tower,2,3,10,0,15,0,1,18,0,19,2,4,28,0,34,22,0,22,56
07/18/2019,ALW,WA,ANM,WE,Federal Contract Tower,3,3,3,0,9,0,0,11,0,11,3,3,14,0,20,0,0,0,20
07/19/2019,ALW,WA,ANM,WE,Federal Contract Tower,3,3,24,0,30,0,0,32,0,32,3,3,56,0,62,26,0,26,88
07/20/2019,ALW,WA,ANM,WE,Federal Contract Tower,2,0,1,1,4,0,2,40,0,42,2,2,41,1,46,16,0,16,62
07/21/2019,ALW,WA,ANM,WE,Federal Contract Tower,3,0,4,0,7,0,2,18,0,20,3,2,22,0,27,14,0,14,41
07/24/2019,ALW,WA,ANM,WE,Federal Contract Tower,2,5,0,0,7,0,0,31,0,31,2,5,31,0,38,46,0,46,84
07/25/2019,ALW,WA,ANM,WE,Federal Contract Tower,3,2,7,0,12,0,0,36,0,36,3,2,43,0,48,32,0,32,80
07/26/2019,ALW,WA,ANM,WE,Federal Contract Tower,2,2,14,0,18,0,0,34,0,34,2,2,48,0,52,46,0,46,98
07/27/2019,ALW,WA,ANM,WE,Federal Contract Tower,2,1,8,0,11,0,2,29,0,31,2,3,37,0,42,26,0,26,68
07/28/2019,ALW,WA,ANM,WE,Federal Contract Tower,3,1,4,0,8,0,0,20,0,20,3,1,24,0,28,28,0,28,56
07/29/2019,ALW,WA,ANM,WE,Federal Contract Tower,3,1,1,0,5,0,2,30,0,32,3,3,31,0,37,34,0,34,71
07/30/2019,ALW,WA,ANM,WE,Federal Contract Tower,3,1,6,0,10,0,3,29,0,32,3,4,35,0,42,26,0,26,68
07/31/2019,ALW,WA,ANM,WE,Federal Contract Tower,2,2,0,1,5,0,0,39,1,40,2,2,39,2,45,38,0,38,83
08/01/2019,ALW,WA,ANM,WE,Federal Contract Tower,3,4,2,0,9,0,0,30,0,30,3,4,32,0,39,45,0,45,84
08/02/2019,ALW,WA,ANM,WE,Federal Contract Tower,2,6,0,0,8,0,0,34,0,34,2,6,34,0,42,27,0,27,69
08/03/2019,ALW,WA,ANM,WE,Federal Contract Tower,2,1,7,2,12,0,8,34,0,42,2,9,41,2,54,50,0,50,104
08/04/2019,ALW,WA,ANM,WE,Federal Contract Tower,3,4,2,0,9,0,0,29,0,29,3,4,31,0,38,10,0,10,48
08/05/2019,ALW,WA,ANM,WE,Federal Contract Tower,3,2,3,0,8,0,0,38,0,38,3,2,41,0,46,44,0,44,90
08/06/2019,ALW,WA,ANM,WE,Federal Contract Tower,2,3,3,0,8,0,0,33,0,33,2,3,36,0,41,62,0,62,103
08/07/2019,ALW,WA,ANM,WE,Federal Contract Tower,2,2,9,0,13,0,0,37,0,37,2,2,46,0,50,76,0,76,126
08/08/2019,ALW,WA,ANM,WE,Federal Contract Tower,3,2,12,0,17,0,0,37,0,37,3,2,49,0,54,34,0,34,88
08/09/2019,ALW,WA,ANM,WE,Federal Contract Tower,3,2,3,0,8,0,0,33,0,33,3,2,36,0,41,32,0,32,73
08/10/2019,ALW,WA,ANM,WE,Federal Contract Tower,2,0,5,0,7,0,0,21,0,21,2,0,26,0,28,16,0,16,44
08/11/2019,ALW,WA,ANM,WE,Federal Contract Tower,2,0,6,0,8,0,0,7,0,7,2,0,13,0,15,22,0,22,37
08/12/2019,ALW,WA,ANM,WE,Federal Contract Tower,3,2,1,0,6,0,0,35,0,35,3,2,36,0,41,56,0,56,97
08/13/2019,ALW,WA,ANM,WE,Federal Contract Tower,2,4,6,0,12,0,0,44,0,44,2,4,50,0,56,60,0,60,116
08/14/2019,ALW,WA,ANM,WE,Federal Contract Tower,2,2,9,0,13,0,0,58,0,58,2,2,67,0,71,76,0,76,147
08/15/2019,ALW,WA,ANM,WE,Federal Contract Tower,3,3,9,0,15,0,0,44,0,44,3,3,53,0,59,40,0,40,99
08/16/2019,ALW,WA,ANM,WE,Federal Contract Tower,3,4,1,0,8,0,0,51,0,51,3,4,52,0,59,94,0,94,153
08/17/2019,ALW,WA,ANM,WE,Federal Contract Tower,2,0,3,0,5,0,0,18,0,18,2,0,21,0,23,46,0,46,69
08/18/2019,ALW,WA,ANM,WE,Federal Contract Tower,3,0,5,0,8,0,0,53,0,53,3,0,58,0,61,6,0,6,67
08/19/2019,ALW,WA,ANM,WE,Federal Contract Tower,3,2,9,0,14,0,1,30,0,31,3,3,39,0,45,78,0,78,123
08/20/2019,ALW,WA,ANM,WE,Federal Contract Tower,2,1,10,0,13,0,2,47,0,49,2,3,57,0,62,180,0,180,242
08/21/2019,ALW,WA,ANM,WE,Federal Contract Tower,2,2,8,0,12,0,0,32,0,32,2,2,40,0,44,32,0,32,76
08/22/2019,ALW,WA,ANM,WE,Federal Contract Tower,3,4,9,0,16,0,2,32,0,34,3,6,41,0,50,38,0,38,88
08/23/2019,ALW,WA,ANM,WE,Federal Contract Tower,4,2,9,0,15,0,0,49,0,49,4,2,58,0,64,74,0,74,138
08/24/2019,ALW,WA,ANM,WE,Federal Contract Tower,4,0,1,0,5,0,8,0,0,8,4,8,1,0,13,0,0,0,13
08/25/2019,ALW,WA,ANM,WE,Federal Contract Tower,3,0,3,0,6,0,2,40,0,42,3,2,43,0,48,22,0,22,70
08/26/2019,ALW,WA,ANM,WE,Federal Contract Tower,3,2,5,0,10,0,2,44,0,46,3,4,49,0,56,68,0,68,124
08/27/2019,ALW,WA,ANM,WE,Federal Contract Tower,2,2,9,0,13,0,4,41,0,45,2,6,50,0,58,36,0,36,94
08/28/2019,ALW,WA,ANM,WE,Federal Contract Tower,2,6,16,0,24,0,3,39,2,44,2,9,55,2,68,54,0,54,122
08/29/2019,ALW,WA,ANM,WE,Federal Contract Tower,3,2,7,0,12,0,2,29,0,31,3,4,36,0,43,40,0,40,83
08/30/2019,ALW,WA,ANM,WE,Federal Contract Tower,3,5,15,0,23,0,0,30,0,30,3,5,45,0,53,10,0,10,63
08/31/2019,ALW,WA,ANM,WE,Federal Contract Tower,2,0,0,0,2,0,0,23,0,23,2,0,23,0,25,0,0,0,25
09/01/2019,ALW,WA,ANM,WE,Federal Contract Tower,2,1,3,0,6,0,6,21,0,27,2,7,24,0,33,40,0,40,73
09/02/2019,ALW,WA,ANM,WE,Federal Contract Tower,3,1,6,0,10,0,6,41,0,47,3,7,47,0,57,26,0,26,83
09/03/2019,ALW,WA,ANM,WE,Federal Contract Tower,2,2,10,0,14,0,0,25,0,25,2,2,35,0,39,36,0,36,75
09/04/2019,ALW,WA,ANM,WE,Federal Contract Tower,2,2,0,0,4,0,2,17,0,19,2,4,17,0,23,0,0,0,23
09/06/2019,ALW,WA,ANM,WE,Federal Contract Tower,3,4,7,0,14,0,0,24,0,24,3,4,31,0,38,10,0,10,48
09/07/2019,ALW,WA,ANM,WE,Federal Contract Tower,2,0,3,0,5,0,0,31,0,31,2,0,34,0,36,30,0,30,66
09/08/2019,ALW,WA,ANM,WE,Federal Contract Tower,3,1,2,0,6,0,2,3,0,5,3,3,5,0,11,0,0,0,11
09/09/2019,ALW,WA,ANM,WE,Federal Contract Tower,2,2,1,0,5,0,0,11,0,11,2,2,12,0,16,30,0,30,46
09/10/2019,ALW,WA,ANM,WE,Federal Contract Tower,2,1,8,0,11,0,0,15,0,15,2,1,23,0,26,20,0,20,46
09/11/2019,ALW,WA,ANM,WE,Federal Contract Tower,2,2,13,0,17,0,0,21,0,21,2,2,34,0,38,26,0,26,64
09/12/2019,ALW,WA,ANM,WE,Federal Contract Tower,3,2,19,0,24,0,0,25,0,25,3,2,44,0,49,28,0,28,77
09/13/2019,ALW,WA,ANM,WE,Federal Contract Tower,3,2,8,0,13,0,0,24,0,24,3,2,32,0,37,34,0,34,71
09/14/2019,ALW,WA,ANM,WE,Federal Contract Tower,2,0,4,0,6,0,0,12,0,12,2,0,16,0,18,12,0,12,30
09/15/2019,ALW,WA,ANM,WE,Federal Contract Tower,3,0,10,0,13,0,0,11,0,11,3,0,21,0,24,6,0,6,30
09/16/2019,ALW,WA,ANM,WE,Federal Contract Tower,3,3,5,0,11,0,0,13,0,13,3,3,18,0,24,32,0,32,56
09/17/2019,ALW,WA,ANM,WE,Federal Contract Tower,2,5,2,0,9,0,0,5,0,5,2,5,7,0,14,26,0,26,40
09/18/2019,ALW,WA,ANM,WE,Federal Contract Tower,2,2,12,0,16,0,0,15,11,26,2,2,27,11,42,34,0,34,76
09/19/2019,ALW,WA,ANM,WE,Federal Contract Tower,2,2,11,0,15,0,3,15,0,18,2,5,26,0,33,30,0,30,63
09/20/2019,ALW,WA,ANM,WE,Federal Contract Tower,3,6,14,0,23,0,0,24,0,24,3,6,38,0,47,20,0,20,67
09/21/2019,ALW,WA,ANM,WE,Federal Contract Tower,2,0,4,0,6,0,0,15,0,15,2,0,19,0,21,8,0,8,29
09/22/2019,ALW,WA,ANM,WE,Federal Contract Tower,3,4,3,0,10,0,3,8,0,11,3,7,11,0,21,0,0,0,21
09/23/2019,ALW,WA,ANM,WE,Federal Contract Tower,3,4,9,0,16,0,0,25,0,25,3,4,34,0,41,30,0,30,71
09/24/2019,ALW,WA,ANM,WE,Federal Contract Tower,2,2,4,0,8,0,0,20,0,20,2,2,24,0,28,18,0,18,46
09/25/2019,ALW,WA,ANM,WE,Federal Contract Tower,2,4,12,0,18,0,0,31,0,31,2,4,43,0,49,30,0,30,79
09/26/2019,ALW,WA,ANM,WE,Federal Contract Tower,2,2,5,0,9,0,2,21,0,23,2,4,26,0,32,26,0,26,58
09/27/2019,ALW,WA,ANM,WE,Federal Contract Tower,3,2,7,0,12,0,4,33,0,37,3,6,40,0,49,30,0,30,79
09/28/2019,ALW,WA,ANM,WE,Federal Contract Tower,2,0,6,0,8,0,0,5,0,5,2,0,11,0,13,4,0,4,17
09/29/2019,ALW,WA,ANM,WE,Federal Contract Tower,2,1,3,0,6,0,2,12,0,14,2,3,15,0,20,10,0,10,30
09/30/2019,ALW,WA,ANM,WE,Federal Contract Tower,3,3,5,0,11,0,0,41,0,41,3,3,46,0,52,88,0,88,140
10/01/2019,ALW,WA,ANM,WE,Federal Contract Tower,2,1,5,0,8,0,2,40,0,42,2,3,45,0,50,38,0,38,88
10/02/2019,ALW,WA,ANM,WE,Federal Contract Tower,2,4,8,0,14,0,65,0,0,65,2,69,8,0,79,34,0,34,113
10/03/2019,ALW,WA,ANM,WE,Federal Contract Tower,3,6,12,0,21,0,0,35,0,35,3,6,47,0,56,44,0,44,100
10/04/2019,ALW,WA,ANM,WE,Federal Contract Tower,3,2,10,0,15,0,0,55,0,55,3,2,65,0,70,102,0,102,172
10/05/2019,ALW,WA,ANM,WE,Federal Contract Tower,2,2,15,0,19,0,4,21,0,25,2,6,36,0,44,6,0,6,50
10/06/2019,ALW,WA,ANM,WE,Federal Contract Tower,3,0,6,0,9,0,2,27,0,29,3,2,33,0,38,64,0,64,102
10/08/2019,ALW,WA,ANM,WE,Federal Contract Tower,2,6,7,2,17,0,0,17,0,17,2,6,24,2,34,14,0,14,48
10/09/2019,ALW,WA,ANM,WE,Federal Contract Tower,2,4,12,0,18,0,0,52,0,52,2,4,64,0,70,42,0,42,112
10/10/2019,ALW,WA,ANM,WE,Federal Contract Tower,3,4,6,0,13,0,1,53,0,54,3,5,59,0,67,54,0,54,121
10/11/2019,ALW,WA,ANM,WE,Federal Contract Tower,0,4,10,0,14,0,0,88,0,88,0,4,98,0,102,100,0,100,202
10/12/2019,ALW,WA,ANM,WE,Federal Contract Tower,2,2,7,0,11,0,0,74,0,74,2,2,81,0,85,56,0,56,141
10/13/2019,ALW,WA,ANM,WE,Federal Contract Tower,4,2,1,0,7,0,0,25,0,25,4,2,26,0,32,14,0,14,46
10/14/2019,ALW,WA,ANM,WE,Federal Contract Tower,3,2,7,0,12,0,0,56,0,56,3,2,63,0,68,124,0,124,192
10/15/2019,ALW,WA,ANM,WE,Federal Contract Tower,2,2,11,0,15,0,0,49,0,49,2,2,60,0,64,58,0,58,122
10/16/2019,ALW,WA,ANM,WE,Federal Contract Tower,2,2,10,0,14,0,0,53,0,53,2,2,63,0,67,98,0,98,165
10/17/2019,ALW,WA,ANM,WE,Federal Contract Tower,2,2,15,1,20,0,0,38,1,39,2,2,53,2,59,82,0,82,141
10/18/2019,ALW,WA,ANM,WE,Federal Contract Tower,2,4,7,0,13,0,0,25,0,25,2,4,32,0,38,44,0,44,82
10/19/2019,ALW,WA,ANM,WE,Federal Contract Tower,2,2,5,0,9,0,0,0,0,0,2,2,5,0,9,0,0,0,9
10/20/2019,ALW,WA,ANM,WE,Federal Contract Tower,3,0,4,0,7,0,0,12,10,22,3,0,16,10,29,34,0,34,63
10/21/2019,ALW,WA,ANM,WE,Federal Contract Tower,3,1,4,0,8,0,0,41,0,41,3,1,45,0,49,84,0,84,133
10/22/2019,ALW,WA,ANM,WE,Federal Contract Tower,2,2,7,0,11,0,0,11,2,13,2,2,18,2,24,18,0,18,42
10/23/2019,ALW,WA,ANM,WE,Federal Contract Tower,2,2,13,0,17,0,2,125,0,127,2,4,138,0,144,119,0,119,263
10/24/2019,ALW,WA,ANM,WE,Federal Contract Tower,3,3,18,0,24,0,0,36,0,36,3,3,54,0,60,91,0,91,151
10/25/2019,ALW,WA,ANM,WE,Federal Contract Tower,3,5,14,0,22,0,0,19,0,19,3,5,33,0,41,56,0,56,97
10/26/2019,ALW,WA,ANM,WE,Federal Contract Tower,2,0,1,0,3,0,0,14,0,14,2,0,15,0,17,0,0,0,17
10/27/2019,ALW,WA,ANM,WE,Federal Contract Tower,5,2,7,0,14,0,0,39,0,39,5,2,46,0,53,28,0,28,81
10/28/2019,ALW,WA,ANM,WE,Federal Contract Tower,3,6,10,0,19,0,0,58,0,58,3,6,68,0,77,120,0,120,197
10/29/2019,ALW,WA,ANM,WE,Federal Contract Tower,3,3,12,2,20,0,0,49,0,49,3,3,61,2,69,124,0,124,193
10/30/2019,ALW,WA,ANM,WE,Federal Contract Tower,2,7,10,0,19,0,3,56,0,59,2,10,66,0,78,126,0,126,204
10/31/2019,ALW,WA,ANM,WE,Federal Contract Tower,4,1,10,0,15,0,0,38,0,38,4,1,48,0,53,150,0,150,203
11/01/2019,ALW,WA,ANM,WE,Federal Contract Tower,4,3,10,0,17,0,60,0,0,60,4,63,10,0,77,200,0,200,277
11/02/2019,ALW,WA,ANM,WE,Federal Contract Tower,2,0,3,0,5,0,0,48,0,48,2,0,51,0,53,48,0,48,101
11/03/2019,ALW,WA,ANM,WE,Federal Contract Tower,3,0,6,0,9,0,7,31,0,38,3,7,37,0,47,48,0,48,95
11/04/2019,ALW,WA,ANM,WE,Federal Contract Tower,3,2,9,0,14,0,0,47,0,47,3,2,56,0,61,158,0,158,219
11/05/2019,ALW,WA,ANM,WE,Federal Contract Tower,2,4,9,0,15,0,0,34,0,34,2,4,43,0,49,127,0,127,176
11/06/2019,ALW,WA,ANM,WE,Federal Contract Tower,2,2,17,0,21,0,0,28,0,28,2,2,45,0,49,205,0,205,254
11/07/2019,ALW,WA,ANM,WE,Federal Contract Tower,2,3,9,0,14,0,0,23,0,23,2,3,32,0,37,66,0,66,103
11/08/2019,ALW,WA,ANM,WE,Federal Contract Tower,6,5,6,0,17,0,0,41,0,41,6,5,47,0,58,138,0,138,196
11/09/2019,ALW,WA,ANM,WE,Federal Contract Tower,2,2,2,0,6,0,0,24,0,24,2,2,26,0,30,6,0,6,36
11/10/2019,ALW,WA,ANM,WE,Federal Contract Tower,2,2,8,0,12,0,0,17,0,17,2,2,25,0,29,74,0,74,103
11/11/2019,ALW,WA,ANM,WE,Federal Contract Tower,2,0,6,0,8,0,0,0,0,0,2,0,6,0,8,0,0,0,8
11/12/2019,ALW,WA,ANM,WE,Federal Contract Tower,2,2,10,0,14,0,0,29,0,29,2,2,39,0,43,114,0,114,157
11/13/2019,ALW,WA,ANM,WE,Federal Contract Tower,1,0,2,0,3,0,0,0,0,0,1,0,2,0,3,0,0,0,3
11/14/2019,ALW,WA,ANM,WE,Federal Contract Tower,2,3,9,0,14,0,0,0,0,0,2,3,9,0,14,0,0,0,14
11/15/2019,ALW,WA,ANM,WE,Federal Contract Tower,2,2,15,0,19,0,0,16,0,16,2,2,31,0,35,52,0,52,87
11/16/2019,ALW,WA,ANM,WE,Federal Contract Tower,2,0,5,4,11,0,0,24,0,24,2,0,29,4,35,0,0,0,35
11/17/2019,ALW,WA,ANM,WE,Federal Contract Tower,2,1,6,0,9,0,0,28,0,28,2,1,34,0,37,48,0,48,85
11/18/2019,ALW,WA,ANM,WE,Federal Contract Tower,2,2,12,0,16,0,0,31,0,31,2,2,43,0,47,94,0,94,141
11/19/2019,ALW,WA,ANM,WE,Federal Contract Tower,2,2,13,1,18,0,0,42,1,43,2,2,55,2,61,102,0,102,163
11/20/2019,ALW,WA,ANM,WE,Federal Contract Tower,3,1,4,0,8,0,0,58,0,58,3,1,62,0,66,195,0,195,261
11/21/2019,ALW,WA,ANM,WE,Federal Contract Tower,5,4,13,0,22,0,0,35,0,35,5,4,48,0,57,112,0,112,169
11/22/2019,ALW,WA,ANM,WE,Federal Contract Tower,2,3,7,0,12,0,0,21,0,21,2,3,28,0,33,64,0,64,97
11/23/2019,ALW,WA,ANM,WE,Federal Contract Tower,2,1,0,0,3,0,0,4,0,4,2,1,4,0,7,0,0,0,7
11/24/2019,ALW,WA,ANM,WE,Federal Contract Tower,3,0,1,0,4,0,1,22,0,23,3,1,23,0,27,18,0,18,45
11/25/2019,ALW,WA,ANM,WE,Federal Contract Tower,3,0,4,0,7,0,0,12,0,12,3,0,16,0,19,42,0,42,61
11/26/2019,ALW,WA,ANM,WE,Federal Contract Tower,2,0,4,0,6,0,0,25,0,25,2,0,29,0,31,16,0,16,47
11/27/2019,ALW,WA,ANM,WE,Federal Contract Tower,2,0,2,0,4,0,15,0,0,15,2,15,2,0,19,34,0,34,53
11/28/2019,ALW,WA,ANM,WE,Federal Contract Tower,3,0,0,0,3,0,0,7,0,7,3,0,7,0,10,0,0,0,10
11/29/2019,ALW,WA,ANM,WE,Federal Contract Tower,3,0,9,0,12,0,0,32,0,32,3,0,41,0,44,22,0,22,66
11/30/2019,ALW,WA,ANM,WE,Federal Contract Tower,2,0,5,0,7,0,27,0,0,27,2,27,5,0,34,2,0,2,36
12/01/2019,ALW,WA,ANM,WE,Federal Contract Tower,3,0,9,0,12,0,0,0,0,0,3,0,9,0,12,0,0,0,12
12/02/2019,ALW,WA,ANM,WE,Federal Contract Tower,2,2,5,0,9,0,0,0,0,0,2,2,5,0,9,0,0,0,9
12/03/2019,ALW,WA,ANM,WE,Federal Contract Tower,0,2,7,0,9,0,0,0,0,0,0,2,7,0,9,0,0,0,9
12/04/2019,ALW,WA,ANM,WE,Federal Contract Tower,2,2,5,0,9,0,0,21,0,21,2,2,26,0,30,125,0,125,155
12/05/2019,ALW,WA,ANM,WE,Federal Contract Tower,3,1,8,0,12,0,1,26,2,29,3,2,34,2,41,140,0,140,181
12/06/2019,ALW,WA,ANM,WE,Federal Contract Tower,2,1,5,0,8,0,0,0,0,0,2,1,5,0,8,0,0,0,8
12/07/2019,ALW,WA,ANM,WE,Federal Contract Tower,2,0,8,0,10,0,0,1,0,1,2,0,9,0,11,0,0,0,11
12/08/2019,ALW,WA,ANM,WE,Federal Contract Tower,2,0,6,0,8,0,0,0,0,0,2,0,6,0,8,0,0,0,8
12/09/2019,ALW,WA,ANM,WE,Federal Contract Tower,2,1,5,0,8,0,0,0,0,0,2,1,5,0,8,0,0,0,8
12/10/2019,ALW,WA,ANM,WE,Federal Contract Tower,2,0,9,0,11,0,0,0,0,0,2,0,9,0,11,0,0,0,11
12/11/2019,ALW,WA,ANM,WE,Federal Contract Tower,2,0,15,0,17,0,0,7,0,7,2,0,22,0,24,8,0,8,32
12/12/2019,ALW,WA,ANM,WE,Federal Contract Tower,3,1,8,0,12,0,44,0,0,44,3,45,8,0,56,28,0,28,84
12/13/2019,ALW,WA,ANM,WE,Federal Contract Tower,3,2,6,0,11,0,0,47,0,47,3,2,53,0,58,92,0,92,150
12/14/2019,ALW,WA,ANM,WE,Federal Contract Tower,2,0,4,0,6,0,0,8,0,8,2,0,12,0,14,0,0,0,14
12/15/2019,ALW,WA,ANM,WE,Federal Contract Tower,3,0,4,0,7,0,0,2,0,2,3,0,6,0,9,12,0,12,21
12/16/2019,ALW,WA,ANM,WE,Federal Contract Tower,2,0,1,0,3,0,0,6,0,6,2,0,7,0,9,0,0,0,9
12/17/2019,ALW,WA,ANM,WE,Federal Contract Tower,0,0,0,0,0,0,0,6,0,6,0,0,6,0,6,0,0,0,6
12/18/2019,ALW,WA,ANM,WE,Federal Contract Tower,2,0,3,0,5,0,0,0,0,0,2,0,3,0,5,0,0,0,5
12/19/2019,ALW,WA,ANM,WE,Federal Contract Tower,2,2,2,0,6,0,0,6,0,6,2,2,8,0,12,8,0,8,20
12/20/2019,ALW,WA,ANM,WE,Federal Contract Tower,2,1,5,0,8,0,2,4,0,6,2,3,9,0,14,6,0,6,20
12/21/2019,ALW,WA,ANM,WE,Federal Contract Tower,2,1,3,0,6,0,0,3,0,3,2,1,6,0,9,0,0,0,9
12/22/2019,ALW,WA,ANM,WE,Federal Contract Tower,2,0,9,0,11,0,0,33,0,33,2,0,42,0,44,0,0,0,44
12/23/2019,ALW,WA,ANM,WE,Federal Contract Tower,2,0,3,0,5,0,4,10,0,14,2,4,13,0,19,2,0,2,21
12/24/2019,ALW,WA,ANM,WE,Federal Contract Tower,2,0,1,0,3,0,0,13,0,13,2,0,14,0,16,8,0,8,24
12/25/2019,ALW,WA,ANM,WE,Federal Contract Tower,2,0,2,0,4,0,0,0,0,0,2,0,2,0,4,0,0,0,4
12/26/2019,ALW,WA,ANM,WE,Federal Contract Tower,3,1,4,0,8,0,0,12,0,12,3,1,16,0,20,14,0,14,34
12/27/2019,ALW,WA,ANM,WE,Federal Contract Tower,3,4,6,0,13,0,0,12,0,12,3,4,18,0,25,46,0,46,71
12/28/2019,ALW,WA,ANM,WE,Federal Contract Tower,2,0,5,0,7,0,0,0,0,0,2,0,5,0,7,0,0,0,7
12/29/2019,ALW,WA,ANM,WE,Federal Contract Tower,3,2,5,0,10,0,0,5,0,5,3,2,10,0,15,8,0,8,23
12/30/2019,ALW,WA,ANM,WE,Federal Contract Tower,2,4,1,0,7,0,0,5,0,5,2,4,6,0,12,20,0,20,32
12/31/2019,ALW,WA,ANM,WE,Federal Contract Tower,2,1,0,0,3,0,0,6,0,6,2,1,6,0,9,38,0,38,47
01/01/2020,ALW,WA,ANM,WE,Federal Contract Tower,2,0,0,0,2,0,0,5,0,5,2,0,5,0,7,62,0,62,69
01/02/2020,ALW,WA,ANM,WE,Federal Contract Tower,2,2,5,0,9,0,0,18,0,18,2,2,23,0,27,56,0,56,83
01/03/2020,ALW,WA,ANM,WE,Federal Contract Tower,2,2,2,0,6,0,0,18,1,19,2,2,20,1,25,16,0,16,41
01/04/2020,ALW,WA,ANM,WE,Federal Contract Tower,2,0,2,0,4,0,0,7,0,7,2,0,9,0,11,10,0,10,21
01/05/2020,ALW,WA,ANM,WE,Federal Contract Tower,2,0,1,0,3,0,0,6,0,6,2,0,7,0,9,2,0,2,11
01/06/2020,ALW,WA,ANM,WE,Federal Contract Tower,2,1,0,0,3,0,2,16,0,18,2,3,16,0,21,84,0,84,105
01/07/2020,ALW,WA,ANM,WE,Federal Contract Tower,2,2,12,0,16,0,0,57,0,57,2,2,69,0,73,118,0,118,191
01/08/2020,ALW,WA,ANM,WE,Federal Contract Tower,2,2,3,0,7,0,2,9,0,11,2,4,12,0,18,6,0,6,24
01/09/2020,ALW,WA,ANM,WE,Federal Contract Tower,2,2,8,0,12,0,0,41,0,41,2,2,49,0,53,98,0,98,151
01/10/2020,ALW,WA,ANM,WE,Federal Contract Tower,2,3,8,0,13,0,0,15,0,15,2,3,23,0,28,36,0,36,64
01/11/2020,ALW,WA,ANM,WE,Federal Contract Tower,2,0,3,0,5,0,0,0,0,0,2,0,3,0,5,0,0,0,5
01/12/2020,ALW,WA,ANM,WE,Federal Contract Tower,2,2,1,0,5,0,0,1,0,1,2,2,2,0,6,0,0,0,6
01/13/2020,ALW,WA,ANM,WE,Federal Contract Tower,2,0,1,0,3,0,0,7,0,7,2,0,8,0,10,60,0,60,70
01/14/2020,ALW,WA,ANM,WE,Federal Contract Tower,2,0,2,0,4,0,0,9,0,9,2,0,11,0,13,42,0,42,55
01/15/2020,ALW,WA,ANM,WE,Federal Contract Tower,2,1,9,0,12,0,1,21,0,22,2,2,30,0,34,58,0,58,92
01/16/2020,ALW,WA,ANM,WE,Federal Contract Tower,2,1,8,0,11,0,1,29,0,30,2,2,37,0,41,38,0,38,79
01/17/2020,ALW,WA,ANM,WE,Federal Contract Tower,2,1,12,0,15,0,2,50,0,52,2,3,62,0,67,254,0,254,321
01/18/2020,ALW,WA,ANM,WE,Federal Contract Tower,2,0,0,0,2,0,0,4,0,4,2,0,4,0,6,0,0,0,6
01/19/2020,ALW,WA,ANM,WE,Federal Contract Tower,0,0,0,0,0,0,0,0,0,0,0,0,0,0,0,0,0,0,0
01/20/2020,ALW,WA,ANM,WE,Federal Contract Tower,2,3,6,0,11,0,1,23,0,24,2,4,29,0,35,80,0,80,115
01/21/2020,ALW,WA,ANM,WE,Federal Contract Tower,2,2,5,0,9,0,1,17,0,18,2,3,22,0,27,68,0,68,95
01/22/2020,ALW,WA,ANM,WE,Federal Contract Tower,2,3,6,0,11,0,0,31,0,31,2,3,37,0,42,130,0,130,172
01/23/2020,ALW,WA,ANM,WE,Federal Contract Tower,2,2,12,0,16,0,4,41,0,45,2,6,53,0,61,116,0,116,177
01/24/2020,ALW,WA,ANM,WE,Federal Contract Tower,2,1,11,0,14,0,2,56,0,58,2,3,67,0,72,168,0,168,240
01/25/2020,ALW,WA,ANM,WE,Federal Contract Tower,2,1,4,0,7,0,0,15,0,15,2,1,19,0,22,30,0,30,52
01/26/2020,ALW,WA,ANM,WE,Federal Contract Tower,2,0,5,0,7,0,0,24,0,24,2,0,29,0,31,50,0,50,81
01/27/2020,ALW,WA,ANM,WE,Federal Contract Tower,2,2,13,0,17,0,2,50,4,56,2,4,63,4,73,200,2,202,275
01/28/2020,ALW,WA,ANM,WE,Federal Contract Tower,2,5,7,0,14,0,2,26,0,28,2,7,33,0,42,98,0,98,140
01/29/2020,ALW,WA,ANM,WE,Federal Contract Tower,2,2,11,0,15,0,0,31,0,31,2,2,42,0,46,110,0,110,156
01/30/2020,ALW,WA,ANM,WE,Federal Contract Tower,2,3,24,0,29,0,23,0,0,23,2,26,24,0,52,30,0,30,82
01/31/2020,ALW,WA,ANM,WE,Federal Contract Tower,2,2,12,0,16,0,0,48,0,48,2,2,60,0,64,74,0,74,138
02/01/2020,ALW,WA,ANM,WE,Federal Contract Tower,2,0,0,0,2,0,0,4,0,4,2,0,4,0,6,0,0,0,6
02/02/2020,ALW,WA,ANM,WE,Federal Contract Tower,2,0,13,0,15,0,0,66,0,66,2,0,79,0,81,62,0,62,143
02/03/2020,ALW,WA,ANM,WE,Federal Contract Tower,2,2,2,0,6,0,0,51,0,51,2,2,53,0,57,112,0,112,169
02/04/2020,ALW,WA,ANM,WE,Federal Contract Tower,2,2,6,2,12,0,0,21,0,21,2,2,27,2,33,84,0,84,117
02/05/2020,ALW,WA,ANM,WE,Federal Contract Tower,2,2,4,0,8,0,0,19,0,19,2,2,23,0,27,46,0,46,73
02/06/2020,ALW,WA,ANM,WE,Federal Contract Tower,3,3,14,0,20,0,0,11,0,11,3,3,25,0,31,52,0,52,83
02/07/2020,ALW,WA,ANM,WE,Federal Contract Tower,10,2,9,0,21,0,0,64,3,67,10,2,73,3,88,172,0,172,260
02/08/2020,ALW,WA,ANM,WE,Federal Contract Tower,2,1,2,0,5,0,0,3,6,9,2,1,5,6,14,8,0,8,22
02/09/2020,ALW,WA,ANM,WE,Federal Contract Tower,2,0,17,0,19,0,10,63,3,76,2,10,80,3,95,104,0,104,199
02/10/2020,ALW,WA,ANM,WE,Federal Contract Tower,9,0,9,0,18,0,4,80,0,84,9,4,89,0,102,124,0,124,226
02/11/2020,ALW,WA,ANM,WE,Federal Contract Tower,2,1,3,0,6,0,1,32,0,33,2,2,35,0,39,40,0,40,79
02/12/2020,ALW,WA,ANM,WE,Federal Contract Tower,10,0,6,0,16,0,2,44,0,46,10,2,50,0,62,142,0,142,204
02/13/2020,ALW,WA,ANM,WE,Federal Contract Tower,2,2,18,0,22,0,5,46,0,51,2,7,64,0,73,184,0,184,257
02/14/2020,ALW,WA,ANM,WE,Federal Contract Tower,2,1,14,0,17,0,2,20,0,22,2,3,34,0,39,26,0,26,65
02/15/2020,ALW,WA,ANM,WE,Federal Contract Tower,2,2,3,0,7,0,0,11,0,11,2,2,14,0,18,8,0,8,26
02/16/2020,ALW,WA,ANM,WE,Federal Contract Tower,2,1,2,0,5,0,0,12,0,12,2,1,14,0,17,0,0,0,17
02/17/2020,ALW,WA,ANM,WE,Federal Contract Tower,2,0,9,0,11,0,0,36,0,36,2,0,45,0,47,20,0,20,67
02/18/2020,ALW,WA,ANM,WE,Federal Contract Tower,2,4,6,0,12,0,4,74,0,78,2,8,80,0,90,80,0,80,170
02/19/2020,ALW,WA,ANM,WE,Federal Contract Tower,4,2,3,0,9,0,0,54,0,54,4,2,57,0,63,150,0,150,213
02/20/2020,ALW,WA,ANM,WE,Federal Contract Tower,2,2,18,0,22,0,0,71,0,71,2,2,89,0,93,56,0,56,149
02/21/2020,ALW,WA,ANM,WE,Federal Contract Tower,2,2,14,0,18,0,2,63,2,67,2,4,77,2,85,126,2,128,213
02/22/2020,ALW,WA,ANM,WE,Federal Contract Tower,2,0,3,0,5,0,0,36,0,36,2,0,39,0,41,2,0,2,43
02/23/2020,ALW,WA,ANM,WE,Federal Contract Tower,2,4,1,0,7,0,2,13,0,15,2,6,14,0,22,0,0,0,22
02/24/2020,ALW,WA,ANM,WE,Federal Contract Tower,2,0,8,0,10,0,0,30,2,32,2,0,38,2,42,40,0,40,82
02/25/2020,ALW,WA,ANM,WE,Federal Contract Tower,2,2,9,1,14,0,1,60,0,61,2,3,69,1,75,120,0,120,195
02/26/2020,ALW,WA,ANM,WE,Federal Contract Tower,2,2,9,0,13,0,0,45,0,45,2,2,54,0,58,122,0,122,180
02/27/2020,ALW,WA,ANM,WE,Federal Contract Tower,2,4,7,0,13,0,0,44,0,44,2,4,51,0,57,98,0,98,155
02/28/2020,ALW,WA,ANM,WE,Federal Contract Tower,2,1,3,0,6,0,3,63,0,66,2,4,66,0,72,104,0,104,176
02/29/2020,ALW,WA,ANM,WE,Federal Contract Tower,2,2,3,0,7,0,0,9,0,9,2,2,12,0,16,4,0,4,20
03/01/2020,ALW,WA,ANM,WE,Federal Contract Tower,2,1,4,0,7,0,0,49,0,49,2,1,53,0,56,22,0,22,78
03/02/2020,ALW,WA,ANM,WE,Federal Contract Tower,3,0,3,0,6,0,2,18,0,20,3,2,21,0,26,30,0,30,56
03/03/2020,ALW,WA,ANM,WE,Federal Contract Tower,2,2,4,0,8,0,2,54,0,56,2,4,58,0,64,50,0,50,114
03/04/2020,ALW,WA,ANM,WE,Federal Contract Tower,2,0,4,0,6,0,2,87,0,89,2,2,91,0,95,144,0,144,239
03/05/2020,ALW,WA,ANM,WE,Federal Contract Tower,2,1,10,0,13,0,1,85,0,86,2,2,95,0,99,128,0,128,227
03/06/2020,ALW,WA,ANM,WE,Federal Contract Tower,2,3,2,0,7,0,1,24,0,25,2,4,26,0,32,78,0,78,110
03/07/2020,ALW,WA,ANM,WE,Federal Contract Tower,2,3,3,0,8,0,0,6,0,6,2,3,9,0,14,12,0,12,26
03/08/2020,ALW,WA,ANM,WE,Federal Contract Tower,2,2,5,0,9,0,0,46,0,46,2,2,51,0,55,62,0,62,117
03/09/2020,ALW,WA,ANM,WE,Federal Contract Tower,2,0,3,0,5,0,1,25,0,26,2,1,28,0,31,85,0,85,116
03/10/2020,ALW,WA,ANM,WE,Federal Contract Tower,2,2,15,0,19,0,4,45,0,49,2,6,60,0,68,64,0,64,132
03/11/2020,ALW,WA,ANM,WE,Federal Contract Tower,2,0,0,0,2,0,4,22,0,26,2,4,22,0,28,68,0,68,96
03/12/2020,ALW,WA,ANM,WE,Federal Contract Tower,2,2,7,0,11,0,2,43,0,45,2,4,50,0,56,116,0,116,172
03/13/2020,ALW,WA,ANM,WE,Federal Contract Tower,2,2,14,0,18,0,0,35,0,35,2,2,49,0,53,116,0,116,169
03/14/2020,ALW,WA,ANM,WE,Federal Contract Tower,2,0,1,0,3,0,0,5,0,5,2,0,6,0,8,28,0,28,36
03/15/2020,ALW,WA,ANM,WE,Federal Contract Tower,2,0,0,0,2,0,0,5,0,5,2,0,5,0,7,40,0,40,47
03/16/2020,ALW,WA,ANM,WE,Federal Contract Tower,2,4,0,0,6,0,3,8,0,11,2,7,8,0,17,14,0,14,31
03/17/2020,ALW,WA,ANM,WE,Federal Contract Tower,2,0,0,0,2,0,2,20,0,22,2,2,20,0,24,62,0,62,86
03/18/2020,ALW,WA,ANM,WE,Federal Contract Tower,2,1,4,0,7,0,2,14,0,16,2,3,18,0,23,24,0,24,47
03/19/2020,ALW,WA,ANM,WE,Federal Contract Tower,2,3,1,0,6,0,0,19,0,19,2,3,20,0,25,14,0,14,39
03/20/2020,ALW,WA,ANM,WE,Federal Contract Tower,3,4,2,0,9,0,0,26,0,26,3,4,28,0,35,38,0,38,73
03/21/2020,ALW,WA,ANM,WE,Federal Contract Tower,2,0,3,0,5,0,0,23,0,23,2,0,26,0,28,40,0,40,68
03/22/2020,ALW,WA,ANM,WE,Federal Contract Tower,2,2,1,0,5,0,0,35,0,35,2,2,36,0,40,34,0,34,74
03/23/2020,ALW,WA,ANM,WE,Federal Contract Tower,2,1,0,0,3,0,1,4,0,5,2,2,4,0,8,2,0,2,10
03/24/2020,ALW,WA,ANM,WE,Federal Contract Tower,2,2,0,0,4,0,1,3,0,4,2,3,3,0,8,4,0,4,12
03/25/2020,ALW,WA,ANM,WE,Federal Contract Tower,2,3,4,0,9,0,0,8,0,8,2,3,12,0,17,42,0,42,59
03/26/2020,ALW,WA,ANM,WE,Federal Contract Tower,2,3,0,0,5,0,0,12,0,12,2,3,12,0,17,22,0,22,39
03/27/2020,ALW,WA,ANM,WE,Federal Contract Tower,0,2,0,0,2,0,2,0,0,2,0,4,0,0,4,0,0,0,4
03/28/2020,ALW,WA,ANM,WE,Federal Contract Tower,0,0,0,0,0,0,4,2,0,6,0,4,2,0,6,2,0,2,8
03/29/2020,ALW,WA,ANM,WE,Federal Contract Tower,0,0,8,0,8,0,0,7,0,7,0,0,15,0,15,12,0,12,27
03/30/2020,ALW,WA,ANM,WE,Federal Contract Tower,0,2,1,0,3,0,0,0,0,0,0,2,1,0,3,0,0,0,3
03/31/2020,ALW,WA,ANM,WE,Federal Contract Tower,0,1,1,0,2,0,2,0,0,2,0,3,1,0,4,0,0,0,4
04/01/2020,ALW,WA,ANM,WE,Federal Contract Tower,1,0,0,0,1,0,2,3,0,5,1,2,3,0,6,0,0,0,6
04/02/2020,ALW,WA,ANM,WE,Federal Contract Tower,0,2,0,0,2,0,4,22,0,26,0,6,22,0,28,44,0,44,72
04/03/2020,ALW,WA,ANM,WE,Federal Contract Tower,1,3,8,0,12,0,3,7,0,10,1,6,15,0,22,0,0,0,22
04/04/2020,ALW,WA,ANM,WE,Federal Contract Tower,2,2,11,0,15,0,20,0,0,20,2,22,11,0,35,14,0,14,49
04/05/2020,ALW,WA,ANM,WE,Federal Contract Tower,2,0,0,0,2,0,0,16,0,16,2,0,16,0,18,24,0,24,42
04/06/2020,ALW,WA,ANM,WE,Federal Contract Tower,2,1,0,0,3,0,1,9,0,10,2,2,9,0,13,7,0,7,20
04/07/2020,ALW,WA,ANM,WE,Federal Contract Tower,2,0,8,0,10,0,1,8,0,9,2,1,16,0,19,2,0,2,21
04/08/2020,ALW,WA,ANM,WE,Federal Contract Tower,0,0,0,0,0,0,4,20,4,28,0,4,20,4,28,36,0,36,64
04/09/2020,ALW,WA,ANM,WE,Federal Contract Tower,2,0,2,0,4,0,6,19,0,25,2,6,21,0,29,0,0,0,29
04/10/2020,ALW,WA,ANM,WE,Federal Contract Tower,1,4,7,0,12,0,2,22,0,24,1,6,29,0,36,46,0,46,82
04/11/2020,ALW,WA,ANM,WE,Federal Contract Tower,1,1,2,1,5,0,0,9,0,9,1,1,11,1,14,8,0,8,22
04/12/2020,ALW,WA,ANM,WE,Federal Contract Tower,0,0,4,0,4,0,4,24,0,28,0,4,28,0,32,16,0,16,48
04/13/2020,ALW,WA,ANM,WE,Federal Contract Tower,2,2,6,0,10,0,8,6,0,14,2,10,12,0,24,8,0,8,32
04/14/2020,ALW,WA,ANM,WE,Federal Contract Tower,2,2,0,0,4,0,0,6,0,6,2,2,6,0,10,0,0,0,10
04/15/2020,ALW,WA,ANM,WE,Federal Contract Tower,2,2,1,0,5,0,0,14,0,14,2,2,15,0,19,8,0,8,27
04/16/2020,ALW,WA,ANM,WE,Federal Contract Tower,2,2,3,0,7,0,2,18,0,20,2,4,21,0,27,16,0,16,43
04/17/2020,ALW,WA,ANM,WE,Federal Contract Tower,2,2,6,0,10,0,1,33,0,34,2,3,39,0,44,16,0,16,60
04/19/2020,ALW,WA,ANM,WE,Federal Contract Tower,1,0,5,0,6,0,0,25,0,25,1,0,30,0,31,22,0,22,53
04/20/2020,ALW,WA,ANM,WE,Federal Contract Tower,2,2,8,0,12,0,0,36,0,36,2,2,44,0,48,46,0,46,94
04/21/2020,ALW,WA,ANM,WE,Federal Contract Tower,2,2,2,2,8,0,2,14,0,16,2,4,16,2,24,0,0,0,24
04/22/2020,ALW,WA,ANM,WE,Federal Contract Tower,1,1,5,0,7,0,0,11,0,11,1,1,16,0,18,18,0,18,36
04/23/2020,ALW,WA,ANM,WE,Federal Contract Tower,2,3,8,0,13,0,4,9,0,13,2,7,17,0,26,26,0,26,52
04/24/2020,ALW,WA,ANM,WE,Federal Contract Tower,1,2,0,0,3,0,4,19,0,23,1,6,19,0,26,38,0,38,64
04/25/2020,ALW,WA,ANM,WE,Federal Contract Tower,1,0,0,0,1,0,2,9,0,11,1,2,9,0,12,0,0,0,12
04/26/2020,ALW,WA,ANM,WE,Federal Contract Tower,1,0,0,0,1,0,2,24,0,26,1,2,24,0,27,6,0,6,33
04/27/2020,ALW,WA,ANM,WE,Federal Contract Tower,1,0,0,0,1,0,2,6,0,8,1,2,6,0,9,12,0,12,21
04/28/2020,ALW,WA,ANM,WE,Federal Contract Tower,0,1,0,0,1,0,6,15,0,21,0,7,15,0,22,16,0,16,38
04/29/2020,ALW,WA,ANM,WE,Federal Contract Tower,0,0,0,0,0,0,12,14,0,26,0,12,14,0,26,42,0,42,68
04/30/2020,ALW,WA,ANM,WE,Federal Contract Tower,1,2,1,0,4,0,0,1,0,1,1,2,2,0,5,16,0,16,21
05/01/2020,ALW,WA,ANM,WE,Federal Contract Tower,1,1,1,0,3,0,0,28,0,28,1,1,29,0,31,42,0,42,73
05/02/2020,ALW,WA,ANM,WE,Federal Contract Tower,0,0,2,0,2,0,0,14,0,14,0,0,16,0,16,24,0,24,40
05/03/2020,ALW,WA,ANM,WE,Federal Contract Tower,3,0,0,0,3,0,0,19,0,19,3,0,19,0,22,36,0,36,58
05/04/2020,ALW,WA,ANM,WE,Federal Contract Tower,3,0,1,0,4,0,0,13,0,13,3,0,14,0,17,48,0,48,65
05/05/2020,ALW,WA,ANM,WE,Federal Contract Tower,4,4,2,0,10,0,2,26,0,28,4,6,28,0,38,52,0,52,90
05/06/2020,ALW,WA,ANM,WE,Federal Contract Tower,4,2,0,0,6,0,2,0,2,4,4,4,0,2,10,0,0,0,10
05/07/2020,ALW,WA,ANM,WE,Federal Contract Tower,2,2,3,0,7,0,0,26,0,26,2,2,29,0,33,52,0,52,85
05/08/2020,ALW,WA,ANM,WE,Federal Contract Tower,3,2,1,0,6,0,0,39,2,41,3,2,40,2,47,16,0,16,63
05/10/2020,ALW,WA,ANM,WE,Federal Contract Tower,2,0,8,0,10,0,2,39,0,41,2,2,47,0,51,46,0,46,97
05/13/2020,ALW,WA,ANM,WE,Federal Contract Tower,3,2,14,0,19,0,1,10,0,11,3,3,24,0,30,14,0,14,44
05/14/2020,ALW,WA,ANM,WE,Federal Contract Tower,3,2,8,0,13,0,0,24,0,24,3,2,32,0,37,30,0,30,67
05/15/2020,ALW,WA,ANM,WE,Federal Contract Tower,4,2,0,0,6,0,0,20,0,20,4,2,20,0,26,4,0,4,30
05/16/2020,ALW,WA,ANM,WE,Federal Contract Tower,3,0,0,0,3,0,0,31,0,31,3,0,31,0,34,12,0,12,46
05/19/2020,ALW,WA,ANM,WE,Federal Contract Tower,3,2,14,0,19,0,0,54,0,54,3,2,68,0,73,102,0,102,175
05/20/2020,ALW,WA,ANM,WE,Federal Contract Tower,4,2,4,0,10,0,0,0,0,0,4,2,4,0,10,0,0,0,10
05/21/2020,ALW,WA,ANM,WE,Federal Contract Tower,3,2,1,0,6,0,0,3,0,3,3,2,4,0,9,6,0,6,15
05/22/2020,ALW,WA,ANM,WE,Federal Contract Tower,4,2,9,0,15,0,0,20,0,20,4,2,29,0,35,44,0,44,79
05/23/2020,ALW,WA,ANM,WE,Federal Contract Tower,3,0,5,0,8,0,0,21,0,21,3,0,26,0,29,10,0,10,39
05/24/2020,ALW,WA,ANM,WE,Federal Contract Tower,0,3,0,0,3,0,0,63,0,63,0,3,63,0,66,52,0,52,118
05/25/2020,ALW,WA,ANM,WE,Federal Contract Tower,4,0,0,0,4,0,1,27,0,28,4,1,27,0,32,84,0,84,116
05/26/2020,ALW,WA,ANM,WE,Federal Contract Tower,3,4,4,0,11,0,0,42,0,42,3,4,46,0,53,20,0,20,73
05/27/2020,ALW,WA,ANM,WE,Federal Contract Tower,3,2,2,0,7,0,1,30,2,33,3,3,32,2,40,36,0,36,76
05/28/2020,ALW,WA,ANM,WE,Federal Contract Tower,3,4,0,0,7,0,1,40,0,41,3,5,40,0,48,24,0,24,72
05/29/2020,ALW,WA,ANM,WE,Federal Contract Tower,4,2,1,0,7,0,2,57,0,59,4,4,58,0,66,44,0,44,110
05/30/2020,ALW,WA,ANM,WE,Federal Contract Tower,3,1,1,0,5,0,2,9,0,11,3,3,10,0,16,30,0,30,46
05/31/2020,ALW,WA,ANM,WE,Federal Contract Tower,1,0,4,0,5,0,10,20,0,30,1,10,24,0,35,56,0,56,91
06/01/2020,ALW,WA,ANM,WE,Federal Contract Tower,2,2,3,0,7,0,0,30,0,30,2,2,33,0,37,38,0,38,75
06/02/2020,ALW,WA,ANM,WE,Federal Contract Tower,3,4,2,0,9,0,1,41,0,42,3,5,43,0,51,14,0,14,65
06/03/2020,ALW,WA,ANM,WE,Federal Contract Tower,3,3,0,0,6,0,0,49,0,49,3,3,49,0,55,62,0,62,117
06/04/2020,ALW,WA,ANM,WE,Federal Contract Tower,3,2,4,0,9,0,0,15,0,15,3,2,19,0,24,28,0,28,52
06/05/2020,ALW,WA,ANM,WE,Federal Contract Tower,3,2,2,0,7,0,0,48,0,48,3,2,50,0,55,32,0,32,87
06/06/2020,ALW,WA,ANM,WE,Federal Contract Tower,3,2,1,0,6,0,0,16,0,16,3,2,17,0,22,18,0,18,40
06/07/2020,ALW,WA,ANM,WE,Federal Contract Tower,3,0,3,0,6,0,0,22,0,22,3,0,25,0,28,10,0,10,38
06/08/2020,ALW,WA,ANM,WE,Federal Contract Tower,2,3,0,0,5,0,0,20,0,20,2,3,20,0,25,30,0,30,55
06/09/2020,ALW,WA,ANM,WE,Federal Contract Tower,1,3,4,0,8,0,2,23,0,25,1,5,27,0,33,22,0,22,55
06/10/2020,ALW,WA,ANM,WE,Federal Contract Tower,2,2,6,0,10,0,0,39,0,39,2,2,45,0,49,38,0,38,87
06/11/2020,ALW,WA,ANM,WE,Federal Contract Tower,3,5,4,0,12,0,0,25,0,25,3,5,29,0,37,58,0,58,95
06/12/2020,ALW,WA,ANM,WE,Federal Contract Tower,2,2,5,0,9,0,0,63,0,63,2,2,68,0,72,186,0,186,258
06/13/2020,ALW,WA,ANM,WE,Federal Contract Tower,2,0,3,0,5,0,0,4,0,4,2,0,7,0,9,24,0,24,33
06/14/2020,ALW,WA,ANM,WE,Federal Contract Tower,3,2,2,0,7,0,0,15,0,15,3,2,17,0,22,8,0,8,30
06/15/2020,ALW,WA,ANM,WE,Federal Contract Tower,3,1,17,0,21,0,0,10,0,10,3,1,27,0,31,36,0,36,67
06/16/2020,ALW,WA,ANM,WE,Federal Contract Tower,2,1,4,0,7,0,0,28,0,28,2,1,32,0,35,50,0,50,85
06/17/2020,ALW,WA,ANM,WE,Federal Contract Tower,2,3,6,0,11,0,1,31,0,32,2,4,37,0,43,32,0,32,75
06/18/2020,ALW,WA,ANM,WE,Federal Contract Tower,2,1,9,0,12,0,0,53,0,53,2,1,62,0,65,60,0,60,125
06/19/2020,ALW,WA,ANM,WE,Federal Contract Tower,2,8,6,0,16,0,3,40,0,43,2,11,46,0,59,48,0,48,107
06/21/2020,ALW,WA,ANM,WE,Federal Contract Tower,1,3,3,0,7,0,0,36,0,36,1,3,39,0,43,36,0,36,79
06/22/2020,ALW,WA,ANM,WE,Federal Contract Tower,2,9,13,0,24,0,0,74,0,74,2,9,87,0,98,76,0,76,174
06/23/2020,ALW,WA,ANM,WE,Federal Contract Tower,2,2,5,0,9,0,0,62,0,62,2,2,67,0,71,140,0,140,211
06/24/2020,ALW,WA,ANM,WE,Federal Contract Tower,2,2,7,0,11,0,3,24,0,27,2,5,31,0,38,82,0,82,120
06/25/2020,ALW,WA,ANM,WE,Federal Contract Tower,2,3,5,0,10,0,1,48,0,49,2,4,53,0,59,90,0,90,149
06/26/2020,ALW,WA,ANM,WE,Federal Contract Tower,1,2,7,0,10,0,0,57,0,57,1,2,64,0,67,15,0,15,82
06/27/2020,ALW,WA,ANM,WE,Federal Contract Tower,1,0,3,0,4,0,2,21,0,23,1,2,24,0,27,70,0,70,97
06/28/2020,ALW,WA,ANM,WE,Federal Contract Tower,2,3,2,0,7,0,0,10,0,10,2,3,12,0,17,0,0,0,17
06/29/2020,ALW,WA,ANM,WE,Federal Contract Tower,2,3,8,0,13,0,3,55,0,58,2,6,63,0,71,92,0,92,163
06/30/2020,ALW,WA,ANM,WE,Federal Contract Tower,2,4,7,0,13,0,5,13,2,20,2,9,20,2,33,6,0,6,39
07/01/2020,ALW,WA,ANM,WE,Federal Contract Tower,2,4,9,0,15,0,4,15,0,19,2,8,24,0,34,24,0,24,58
07/02/2020,ALW,WA,ANM,WE,Federal Contract Tower,2,3,4,0,9,0,2,44,0,46,2,5,48,0,55,116,0,116,171
07/03/2020,ALW,WA,ANM,WE,Federal Contract Tower,2,4,16,0,22,0,7,37,0,44,2,11,53,0,66,72,0,72,138
07/04/2020,ALW,WA,ANM,WE,Federal Contract Tower,2,0,5,0,7,0,0,10,0,10,2,0,15,0,17,40,0,40,57
07/05/2020,ALW,WA,ANM,WE,Federal Contract Tower,2,2,8,0,12,0,1,41,0,42,2,3,49,0,54,38,0,38,92
07/06/2020,ALW,WA,ANM,WE,Federal Contract Tower,2,0,0,0,2,0,0,46,0,46,2,0,46,0,48,70,0,70,118
07/07/2020,ALW,WA,ANM,WE,Federal Contract Tower,2,5,0,0,7,0,3,14,0,17,2,8,14,0,24,26,0,26,50
07/08/2020,ALW,WA,ANM,WE,Federal Contract Tower,2,2,8,0,12,0,2,79,0,81,2,4,87,0,93,156,0,156,249
07/09/2020,ALW,WA,ANM,WE,Federal Contract Tower,2,4,7,2,15,0,0,42,0,42,2,4,49,2,57,82,0,82,139
07/10/2020,ALW,WA,ANM,WE,Federal Contract Tower,2,2,4,0,8,0,0,50,0,50,2,2,54,0,58,108,0,108,166
07/11/2020,ALW,WA,ANM,WE,Federal Contract Tower,2,4,4,0,10,0,0,36,0,36,2,4,40,0,46,36,0,36,82
07/12/2020,ALW,WA,ANM,WE,Federal Contract Tower,2,1,0,0,3,0,0,38,0,38,2,1,38,0,41,16,0,16,57
07/13/2020,ALW,WA,ANM,WE,Federal Contract Tower,2,0,6,0,8,0,0,47,0,47,2,0,53,0,55,72,0,72,127
07/14/2020,ALW,WA,ANM,WE,Federal Contract Tower,2,1,9,0,12,0,2,44,0,46,2,3,53,0,58,80,0,80,138
07/15/2020,ALW,WA,ANM,WE,Federal Contract Tower,2,1,8,0,11,0,2,38,0,40,2,3,46,0,51,66,0,66,117
07/16/2020,ALW,WA,ANM,WE,Federal Contract Tower,2,4,5,0,11,0,1,60,0,61,2,5,65,0,72,112,0,112,184
07/17/2020,ALW,WA,ANM,WE,Federal Contract Tower,2,5,1,0,8,0,0,40,0,40,2,5,41,0,48,92,0,92,140
07/18/2020,ALW,WA,ANM,WE,Federal Contract Tower,3,0,1,0,4,0,0,40,0,40,3,0,41,0,44,17,0,17,61
07/19/2020,ALW,WA,ANM,WE,Federal Contract Tower,2,3,0,0,5,0,6,47,0,53,2,9,47,0,58,60,0,60,118
07/20/2020,ALW,WA,ANM,WE,Federal Contract Tower,2,2,1,1,6,0,0,41,0,41,2,2,42,1,47,76,0,76,123
07/21/2020,ALW,WA,ANM,WE,Federal Contract Tower,2,3,10,0,15,0,0,67,0,67,2,3,77,0,82,175,0,175,257
07/22/2020,ALW,WA,ANM,WE,Federal Contract Tower,2,1,10,0,13,0,2,44,0,46,2,3,54,0,59,124,0,124,183
07/23/2020,ALW,WA,ANM,WE,Federal Contract Tower,2,3,4,0,9,0,1,46,0,47,2,4,50,0,56,158,0,158,214
07/24/2020,ALW,WA,ANM,WE,Federal Contract Tower,2,4,6,0,12,0,1,39,0,40,2,5,45,0,52,102,0,102,154
07/25/2020,ALW,WA,ANM,WE,Federal Contract Tower,2,0,4,0,6,0,0,19,0,19,2,0,23,0,25,0,0,0,25
07/26/2020,ALW,WA,ANM,WE,Federal Contract Tower,2,1,6,0,9,0,5,33,0,38,2,6,39,0,47,82,0,82,129
07/27/2020,ALW,WA,ANM,WE,Federal Contract Tower,2,4,4,0,10,0,9,63,0,72,2,13,67,0,82,200,0,200,282
07/28/2020,ALW,WA,ANM,WE,Federal Contract Tower,2,0,7,0,9,0,6,66,0,72,2,6,73,0,81,152,0,152,233
07/29/2020,ALW,WA,ANM,WE,Federal Contract Tower,2,2,8,0,12,0,0,52,2,54,2,2,60,2,66,60,0,60,126
07/30/2020,ALW,WA,ANM,WE,Federal Contract Tower,2,2,1,0,5,0,2,31,0,33,2,4,32,0,38,120,0,120,158
07/31/2020,ALW,WA,ANM,WE,Federal Contract Tower,2,2,1,0,5,0,1,40,0,41,2,3,41,0,46,86,0,86,132
08/02/2020,ALW,WA,ANM,WE,Federal Contract Tower,2,0,6,0,8,0,2,29,0,31,2,2,35,0,39,32,0,32,71
08/03/2020,ALW,WA,ANM,WE,Federal Contract Tower,3,1,8,0,12,0,1,41,0,42,3,2,49,0,54,114,0,114,168
08/04/2020,ALW,WA,ANM,WE,Federal Contract Tower,3,0,7,0,10,0,1,62,0,63,3,1,69,0,73,133,0,133,206
08/05/2020,ALW,WA,ANM,WE,Federal Contract Tower,3,2,7,0,12,0,3,44,0,47,3,5,51,0,59,106,0,106,165
08/06/2020,ALW,WA,ANM,WE,Federal Contract Tower,3,5,5,0,13,0,3,32,0,35,3,8,37,0,48,24,0,24,72
08/07/2020,ALW,WA,ANM,WE,Federal Contract Tower,3,1,9,0,13,0,2,46,0,48,3,3,55,0,61,94,0,94,155
08/08/2020,ALW,WA,ANM,WE,Federal Contract Tower,3,0,6,0,9,0,0,28,0,28,3,0,34,0,37,56,0,56,93
08/09/2020,ALW,WA,ANM,WE,Federal Contract Tower,3,0,10,0,13,0,0,65,0,65,3,0,75,0,78,49,0,49,127
08/10/2020,ALW,WA,ANM,WE,Federal Contract Tower,3,2,10,0,15,0,4,57,0,61,3,6,67,0,76,86,0,86,162
08/11/2020,ALW,WA,ANM,WE,Federal Contract Tower,2,2,8,0,12,0,0,25,0,25,2,2,33,0,37,98,0,98,135
08/12/2020,ALW,WA,ANM,WE,Federal Contract Tower,3,2,7,0,12,0,2,58,0,60,3,4,65,0,72,42,0,42,114
08/13/2020,ALW,WA,ANM,WE,Federal Contract Tower,2,4,4,0,10,0,0,44,0,44,2,4,48,0,54,30,0,30,84
08/14/2020,ALW,WA,ANM,WE,Federal Contract Tower,3,3,3,0,9,0,2,48,0,50,3,5,51,0,59,72,0,72,131
08/15/2020,ALW,WA,ANM,WE,Federal Contract Tower,2,1,3,0,6,0,2,31,0,33,2,3,34,0,39,52,0,52,91
08/16/2020,ALW,WA,ANM,WE,Federal Contract Tower,2,3,5,0,10,0,0,43,0,43,2,3,48,0,53,112,0,112,165
08/17/2020,ALW,WA,ANM,WE,Federal Contract Tower,2,4,18,0,24,0,0,45,0,45,2,4,63,0,69,38,0,38,107
08/18/2020,ALW,WA,ANM,WE,Federal Contract Tower,2,2,5,0,9,0,0,40,0,40,2,2,45,0,49,48,0,48,97
08/19/2020,ALW,WA,ANM,WE,Federal Contract Tower,2,2,13,0,17,0,1,53,2,56,2,3,66,2,73,26,0,26,99
08/20/2020,ALW,WA,ANM,WE,Federal Contract Tower,2,2,6,0,10,0,0,67,0,67,2,2,73,0,77,72,0,72,149
08/21/2020,ALW,WA,ANM,WE,Federal Contract Tower,2,2,7,0,11,0,0,85,4,89,2,2,92,4,100,132,0,132,232
08/22/2020,ALW,WA,ANM,WE,Federal Contract Tower,2,0,2,0,4,0,4,33,0,37,2,4,35,0,41,22,0,22,63
08/23/2020,ALW,WA,ANM,WE,Federal Contract Tower,2,2,7,0,11,0,72,0,0,72,2,74,7,0,83,56,0,56,139
08/24/2020,ALW,WA,ANM,WE,Federal Contract Tower,2,2,7,2,13,0,2,53,0,55,2,4,60,2,68,78,0,78,146
08/25/2020,ALW,WA,ANM,WE,Federal Contract Tower,2,2,2,1,7,0,10,52,0,62,2,12,54,1,69,103,0,103,172
08/26/2020,ALW,WA,ANM,WE,Federal Contract Tower,2,4,3,0,9,0,2,60,0,62,2,6,63,0,71,68,0,68,139
08/27/2020,ALW,WA,ANM,WE,Federal Contract Tower,2,1,9,0,12,0,1,45,0,46,2,2,54,0,58,54,0,54,112
08/28/2020,ALW,WA,ANM,WE,Federal Contract Tower,3,2,2,0,7,0,0,79,0,79,3,2,81,0,86,116,0,116,202
08/29/2020,ALW,WA,ANM,WE,Federal Contract Tower,2,0,4,0,6,0,2,42,0,44,2,2,46,0,50,26,0,26,76
08/30/2020,ALW,WA,ANM,WE,Federal Contract Tower,2,0,6,0,8,0,0,59,0,59,2,0,65,0,67,20,0,20,87
08/31/2020,ALW,WA,ANM,WE,Federal Contract Tower,2,2,12,2,18,0,4,44,2,50,2,6,56,4,68,28,10,38,106
09/01/2020,ALW,WA,ANM,WE,Federal Contract Tower,3,0,8,0,11,0,2,36,0,38,3,2,44,0,49,10,0,10,59
09/02/2020,ALW,WA,ANM,WE,Federal Contract Tower,2,0,12,0,14,0,2,31,0,33,2,2,43,0,47,48,0,48,95
09/03/2020,ALW,WA,ANM,WE,Federal Contract Tower,2,2,8,0,12,0,2,39,0,41,2,4,47,0,53,52,0,52,105
09/04/2020,ALW,WA,ANM,WE,Federal Contract Tower,2,2,9,0,13,0,0,48,0,48,2,2,57,0,61,16,0,16,77
09/05/2020,ALW,WA,ANM,WE,Federal Contract Tower,2,0,8,0,10,0,0,11,0,11,2,0,19,0,21,4,0,4,25
09/06/2020,ALW,WA,ANM,WE,Federal Contract Tower,2,0,2,0,4,0,2,14,0,16,2,2,16,0,20,0,0,0,20
09/07/2020,ALW,WA,ANM,WE,Federal Contract Tower,2,1,7,0,10,0,0,0,0,0,2,1,7,0,10,20,0,20,30
09/08/2020,ALW,WA,ANM,WE,Federal Contract Tower,2,1,5,0,8,0,1,31,0,32,2,2,36,0,40,46,0,46,86
09/09/2020,ALW,WA,ANM,WE,Federal Contract Tower,2,9,8,0,19,0,3,30,0,33,2,12,38,0,52,34,0,34,86
09/10/2020,ALW,WA,ANM,WE,Federal Contract Tower,1,2,7,0,10,0,4,30,0,34,1,6,37,0,44,39,0,39,83
09/11/2020,ALW,WA,ANM,WE,Federal Contract Tower,2,2,16,0,20,0,0,15,0,15,2,2,31,0,35,52,0,52,87
09/12/2020,ALW,WA,ANM,WE,Federal Contract Tower,0,1,3,0,4,0,0,0,0,0,0,1,3,0,4,0,0,0,4
09/13/2020,ALW,WA,ANM,WE,Federal Contract Tower,0,2,12,0,14,0,0,0,0,0,0,2,12,0,14,0,0,0,14
09/14/2020,ALW,WA,ANM,WE,Federal Contract Tower,0,2,6,0,8,0,0,0,0,0,0,2,6,0,8,0,0,0,8
09/15/2020,ALW,WA,ANM,WE,Federal Contract Tower,0,5,9,0,14,0,0,0,0,0,0,5,9,0,14,0,0,0,14
09/16/2020,ALW,WA,ANM,WE,Federal Contract Tower,2,1,15,0,18,0,0,0,0,0,2,1,15,0,18,0,0,0,18
09/17/2020,ALW,WA,ANM,WE,Federal Contract Tower,2,2,20,0,24,0,0,0,0,0,2,2,20,0,24,0,0,0,24
09/18/2020,ALW,WA,ANM,WE,Federal Contract Tower,2,2,18,0,22,0,0,0,0,0,2,2,18,0,22,0,0,0,22
09/19/2020,ALW,WA,ANM,WE,Federal Contract Tower,2,0,5,0,7,0,0,22,0,22,2,0,27,0,29,2,0,2,31
09/20/2020,ALW,WA,ANM,WE,Federal Contract Tower,2,2,7,0,11,0,0,58,0,58,2,2,65,0,69,67,0,67,136
09/21/2020,ALW,WA,ANM,WE,Federal Contract Tower,2,6,10,0,18,0,4,61,0,65,2,10,71,0,83,84,0,84,167
09/22/2020,ALW,WA,ANM,WE,Federal Contract Tower,2,2,23,0,27,0,0,73,0,73,2,2,96,0,100,156,0,156,256
09/23/2020,ALW,WA,ANM,WE,Federal Contract Tower,2,2,15,0,19,0,1,81,0,82,2,3,96,0,101,242,0,242,343
09/24/2020,ALW,WA,ANM,WE,Federal Contract Tower,2,2,14,0,18,0,0,36,0,36,2,2,50,0,54,80,0,80,134
09/25/2020,ALW,WA,ANM,WE,Federal Contract Tower,2,4,10,0,16,0,1,29,0,30,2,5,39,0,46,34,0,34,80
09/26/2020,ALW,WA,ANM,WE,Federal Contract Tower,2,1,3,0,6,0,7,34,0,41,2,8,37,0,47,72,0,72,119
09/27/2020,ALW,WA,ANM,WE,Federal Contract Tower,2,4,12,0,18,0,4,87,0,91,2,8,99,0,109,60,0,60,169
09/28/2020,ALW,WA,ANM,WE,Federal Contract Tower,2,5,13,0,20,0,0,61,0,61,2,5,74,0,81,70,0,70,151
09/29/2020,ALW,WA,ANM,WE,Federal Contract Tower,2,3,4,0,9,0,0,80,0,80,2,3,84,0,89,202,0,202,291
09/30/2020,ALW,WA,ANM,WE,Federal Contract Tower,2,5,3,0,10,0,0,55,0,55,2,5,58,0,65,114,0,114,179
10/01/2020,ALW,WA,ANM,WE,Federal Contract Tower,2,4,7,0,13,0,0,59,0,59,2,4,66,0,72,124,0,124,196
10/02/2020,ALW,WA,ANM,WE,Federal Contract Tower,2,5,10,0,17,0,11,93,0,104,2,16,103,0,121,60,0,60,181
10/04/2020,ALW,WA,ANM,WE,Federal Contract Tower,2,4,2,0,8,0,2,52,0,54,2,6,54,0,62,22,0,22,84
10/05/2020,ALW,WA,ANM,WE,Federal Contract Tower,2,2,12,0,16,0,2,49,0,51,2,4,61,0,67,66,0,66,133
10/06/2020,ALW,WA,ANM,WE,Federal Contract Tower,2,4,17,0,23,0,0,71,0,71,2,4,88,0,94,86,0,86,180
10/07/2020,ALW,WA,ANM,WE,Federal Contract Tower,2,2,12,0,16,0,5,78,0,83,2,7,90,0,99,78,0,78,177
10/08/2020,ALW,WA,ANM,WE,Federal Contract Tower,2,2,4,0,8,0,0,34,0,34,2,2,38,0,42,62,0,62,104
10/09/2020,ALW,WA,ANM,WE,Federal Contract Tower,2,4,15,0,21,0,5,79,0,84,2,9,94,0,105,92,0,92,197
10/10/2020,ALW,WA,ANM,WE,Federal Contract Tower,3,1,2,0,6,0,0,2,0,2,3,1,4,0,8,0,0,0,8
10/11/2020,ALW,WA,ANM,WE,Federal Contract Tower,2,1,14,0,17,0,2,27,0,29,2,3,41,0,46,0,0,0,46
10/12/2020,ALW,WA,ANM,WE,Federal Contract Tower,2,1,14,0,17,0,2,38,0,40,2,3,52,0,57,0,0,0,57
10/13/2020,ALW,WA,ANM,WE,Federal Contract Tower,2,5,8,0,15,0,0,19,0,19,2,5,27,0,34,32,0,32,66
10/14/2020,ALW,WA,ANM,WE,Federal Contract Tower,2,3,13,0,18,0,3,46,0,49,2,6,59,0,67,60,0,60,127
10/15/2020,ALW,WA,ANM,WE,Federal Contract Tower,2,1,20,0,23,0,4,92,0,96,2,5,112,0,119,104,0,104,223
10/16/2020,ALW,WA,ANM,WE,Federal Contract Tower,2,4,4,0,10,0,6,44,0,50,2,10,48,0,60,126,0,126,186
10/17/2020,ALW,WA,ANM,WE,Federal Contract Tower,2,0,3,0,5,0,2,26,0,28,2,2,29,0,33,14,0,14,47
10/18/2020,ALW,WA,ANM,WE,Federal Contract Tower,2,6,8,0,16,0,2,33,0,35,2,8,41,0,51,14,0,14,65
10/19/2020,ALW,WA,ANM,WE,Federal Contract Tower,2,2,6,0,10,0,1,47,0,48,2,3,53,0,58,82,0,82,140
10/20/2020,ALW,WA,ANM,WE,Federal Contract Tower,0,4,17,0,21,0,0,86,0,86,0,4,103,0,107,112,0,112,219
10/21/2020,ALW,WA,ANM,WE,Federal Contract Tower,2,4,11,0,17,0,0,42,0,42,2,4,53,0,59,76,0,76,135
10/22/2020,ALW,WA,ANM,WE,Federal Contract Tower,3,3,13,0,19,0,0,90,0,90,3,3,103,0,109,172,0,172,281
10/23/2020,ALW,WA,ANM,WE,Federal Contract Tower,3,3,9,0,15,0,1,46,0,47,3,4,55,0,62,102,0,102,164
10/24/2020,ALW,WA,ANM,WE,Federal Contract Tower,2,0,5,0,7,0,2,16,0,18,2,2,21,0,25,14,0,14,39
10/25/2020,ALW,WA,ANM,WE,Federal Contract Tower,2,1,3,0,6,0,8,43,0,51,2,9,46,0,57,62,0,62,119
10/26/2020,ALW,WA,ANM,WE,Federal Contract Tower,2,1,15,0,18,0,12,67,0,79,2,13,82,0,97,146,0,146,243
10/27/2020,ALW,WA,ANM,WE,Federal Contract Tower,2,6,10,0,18,0,2,50,0,52,2,8,60,0,70,106,0,106,176
10/28/2020,ALW,WA,ANM,WE,Federal Contract Tower,2,3,14,0,19,0,0,72,0,72,2,3,86,0,91,70,0,70,161
10/29/2020,ALW,WA,ANM,WE,Federal Contract Tower,2,4,11,0,17,0,3,70,0,73,2,7,81,0,90,32,0,32,122
10/30/2020,ALW,WA,ANM,WE,Federal Contract Tower,2,4,2,0,8,0,0,15,0,15,2,4,17,0,23,11,0,11,34
10/31/2020,ALW,WA,ANM,WE,Federal Contract Tower,2,1,5,0,8,0,4,63,0,67,2,5,68,0,75,18,0,18,93
11/01/2020,ALW,WA,ANM,WE,Federal Contract Tower,2,2,12,0,16,0,5,58,0,63,2,7,70,0,79,22,0,22,101
11/02/2020,ALW,WA,ANM,WE,Federal Contract Tower,2,4,10,0,16,0,10,65,0,75,2,14,75,0,91,75,0,75,166
11/03/2020,ALW,WA,ANM,WE,Federal Contract Tower,2,3,14,0,19,0,2,71,0,73,2,5,85,0,92,167,0,167,259
11/04/2020,ALW,WA,ANM,WE,Federal Contract Tower,2,4,4,0,10,0,6,41,0,47,2,10,45,0,57,36,0,36,93
11/05/2020,ALW,WA,ANM,WE,Federal Contract Tower,2,4,18,0,24,0,2,35,0,37,2,6,53,0,61,60,0,60,121
11/06/2020,ALW,WA,ANM,WE,Federal Contract Tower,2,2,12,0,16,0,0,0,0,0,2,2,12,0,16,0,0,0,16
11/07/2020,ALW,WA,ANM,WE,Federal Contract Tower,2,0,0,0,2,0,4,17,0,21,2,4,17,0,23,0,0,0,23
11/08/2020,ALW,WA,ANM,WE,Federal Contract Tower,2,0,1,0,3,0,0,1,0,1,2,0,2,0,4,0,0,0,4
11/09/2020,ALW,WA,ANM,WE,Federal Contract Tower,2,2,6,0,10,0,2,44,0,46,2,4,50,0,56,62,0,62,118
11/10/2020,ALW,WA,ANM,WE,Federal Contract Tower,3,2,2,0,7,0,0,17,0,17,3,2,19,0,24,39,0,39,63
11/11/2020,ALW,WA,ANM,WE,Federal Contract Tower,2,4,7,0,13,0,1,67,0,68,2,5,74,0,81,108,0,108,189
11/12/2020,ALW,WA,ANM,WE,Federal Contract Tower,2,4,12,0,18,0,2,57,0,59,2,6,69,0,77,98,0,98,175
11/13/2020,ALW,WA,ANM,WE,Federal Contract Tower,2,2,1,0,5,0,0,5,0,5,2,2,6,0,10,12,0,12,22
11/14/2020,ALW,WA,ANM,WE,Federal Contract Tower,2,1,8,0,11,0,6,11,0,17,2,7,19,0,28,6,0,6,34
11/16/2020,ALW,WA,ANM,WE,Federal Contract Tower,2,2,10,0,14,0,0,21,0,21,2,2,31,0,35,28,0,28,63
11/17/2020,ALW,WA,ANM,WE,Federal Contract Tower,2,2,21,0,25,0,4,12,0,16,2,6,33,0,41,22,0,22,63
11/18/2020,ALW,WA,ANM,WE,Federal Contract Tower,2,6,24,0,32,0,7,36,0,43,2,13,60,0,75,50,0,50,125
11/19/2020,ALW,WA,ANM,WE,Federal Contract Tower,2,2,7,0,11,0,4,24,0,28,2,6,31,0,39,44,0,44,83
11/20/2020,ALW,WA,ANM,WE,Federal Contract Tower,2,2,17,0,21,0,62,0,0,62,2,64,17,0,83,104,0,104,187
11/21/2020,ALW,WA,ANM,WE,Federal Contract Tower,2,2,4,0,8,0,11,49,0,60,2,13,53,0,68,58,0,58,126
11/22/2020,ALW,WA,ANM,WE,Federal Contract Tower,2,0,2,0,4,0,0,0,0,0,2,0,2,0,4,0,0,0,4
11/23/2020,ALW,WA,ANM,WE,Federal Contract Tower,2,2,5,0,9,0,4,13,0,17,2,6,18,0,26,42,0,42,68
11/24/2020,ALW,WA,ANM,WE,Federal Contract Tower,3,2,7,0,12,0,5,45,0,50,3,7,52,0,62,60,0,60,122
11/25/2020,ALW,WA,ANM,WE,Federal Contract Tower,2,4,2,0,8,0,0,16,0,16,2,4,18,0,24,36,0,36,60
11/26/2020,ALW,WA,ANM,WE,Federal Contract Tower,2,0,0,0,2,0,2,4,0,6,2,2,4,0,8,0,0,0,8
11/27/2020,ALW,WA,ANM,WE,Federal Contract Tower,2,4,4,0,10,0,2,51,0,53,2,6,55,0,63,58,0,58,121
11/28/2020,ALW,WA,ANM,WE,Federal Contract Tower,2,0,6,0,8,0,0,21,0,21,2,0,27,0,29,0,0,0,29
11/29/2020,ALW,WA,ANM,WE,Federal Contract Tower,0,0,0,0,0,0,0,0,0,0,0,0,0,0,0,0,0,0,0
11/30/2020,ALW,WA,ANM,WE,Federal Contract Tower,2,2,2,0,6,0,2,1,0,3,2,4,3,0,9,0,0,0,9
12/01/2020,ALW,WA,ANM,WE,Federal Contract Tower,2,2,33,0,37,0,6,49,0,55,2,8,82,0,92,31,0,31,123
12/02/2020,ALW,WA,ANM,WE,Federal Contract Tower,2,2,9,0,13,0,1,7,0,8,2,3,16,0,21,0,0,0,21
12/03/2020,ALW,WA,ANM,WE,Federal Contract Tower,1,2,0,0,3,0,0,0,0,0,1,2,0,0,3,0,0,0,3
12/04/2020,ALW,WA,ANM,WE,Federal Contract Tower,0,0,0,0,0,0,0,0,0,0,0,0,0,0,0,0,0,0,0
12/05/2020,ALW,WA,ANM,WE,Federal Contract Tower,3,0,2,0,5,0,0,0,0,0,3,0,2,0,5,0,0,0,5
12/06/2020,ALW,WA,ANM,WE,Federal Contract Tower,2,0,3,0,5,0,0,16,0,16,2,0,19,0,21,50,0,50,71
12/07/2020,ALW,WA,ANM,WE,Federal Contract Tower,0,2,1,0,3,0,0,0,0,0,0,2,1,0,3,0,0,0,3
12/08/2020,ALW,WA,ANM,WE,Federal Contract Tower,2,1,12,0,15,0,0,16,0,16,2,1,28,0,31,32,0,32,63
12/09/2020,ALW,WA,ANM,WE,Federal Contract Tower,2,3,8,0,13,0,2,27,0,29,2,5,35,0,42,22,0,22,64
12/12/2020,ALW,WA,ANM,WE,Federal Contract Tower,2,2,3,0,7,0,9,17,0,26,2,11,20,0,33,30,0,30,63
12/13/2020,ALW,WA,ANM,WE,Federal Contract Tower,0,0,2,0,2,0,0,0,0,0,0,0,2,0,2,0,0,0,2
12/14/2020,ALW,WA,ANM,WE,Federal Contract Tower,2,2,3,0,7,0,2,6,0,8,2,4,9,0,15,8,0,8,23
12/15/2020,ALW,WA,ANM,WE,Federal Contract Tower,2,3,3,0,8,0,0,5,0,5,2,3,8,0,13,6,0,6,19
12/16/2020,ALW,WA,ANM,WE,Federal Contract Tower,2,4,12,0,18,0,0,14,0,14,2,4,26,0,32,0,0,0,32
12/17/2020,ALW,WA,ANM,WE,Federal Contract Tower,2,4,4,0,10,0,18,4,0,22,2,22,8,0,32,4,0,4,36
12/18/2020,ALW,WA,ANM,WE,Federal Contract Tower,2,4,6,0,12,0,3,28,0,31,2,7,34,0,43,59,0,59,102
12/21/2020,ALW,WA,ANM,WE,Federal Contract Tower,2,2,7,0,11,0,0,13,0,13,2,2,20,0,24,19,0,19,43
12/22/2020,ALW,WA,ANM,WE,Federal Contract Tower,2,4,2,0,8,0,8,8,0,16,2,12,10,0,24,14,0,14,38
12/23/2020,ALW,WA,ANM,WE,Federal Contract Tower,2,2,2,0,6,0,3,57,0,60,2,5,59,0,66,82,0,82,148
12/24/2020,ALW,WA,ANM,WE,Federal Contract Tower,2,3,5,0,10,0,0,19,0,19,2,3,24,0,29,2,0,2,31
12/25/2020,ALW,WA,ANM,WE,Federal Contract Tower,2,0,1,0,3,0,0,1,0,1,2,0,2,0,4,0,0,0,4
12/26/2020,ALW,WA,ANM,WE,Federal Contract Tower,2,0,1,0,3,0,7,2,0,9,2,7,3,0,12,24,0,24,36
12/28/2020,ALW,WA,ANM,WE,Federal Contract Tower,2,2,2,0,6,0,0,2,0,2,2,2,4,0,8,0,0,0,8
12/29/2020,ALW,WA,ANM,WE,Federal Contract Tower,2,2,10,0,14,0,0,28,0,28,2,2,38,0,42,64,0,64,106
12/30/2020,ALW,WA,ANM,WE,Federal Contract Tower,2,4,9,0,15,0,4,0,0,4,2,8,9,0,19,2,0,2,21
12/31/2020,ALW,WA,ANM,WE,Federal Contract Tower,2,2,3,0,7,0,0,6,0,6,2,2,9,0,13,4,0,4,17
01/01/2021,ALW,WA,ANM,WE,Federal Contract Tower,2,0,4,0,6,0,0,17,0,17,2,0,21,0,23,22,0,22,45
01/02/2021,ALW,WA,ANM,WE,Federal Contract Tower,2,2,0,0,4,0,1,6,0,7,2,3,6,0,11,0,0,0,11
01/03/2021,ALW,WA,ANM,WE,Federal Contract Tower,2,0,3,0,5,0,0,18,0,18,2,0,21,0,23,30,0,30,53
01/04/2021,ALW,WA,ANM,WE,Federal Contract Tower,2,2,4,0,8,0,1,2,0,3,2,3,6,0,11,0,0,0,11
01/05/2021,ALW,WA,ANM,WE,Federal Contract Tower,2,4,12,0,18,0,3,41,0,44,2,7,53,0,62,32,0,32,94
01/06/2021,ALW,WA,ANM,WE,Federal Contract Tower,4,3,0,0,7,0,1,11,0,12,4,4,11,0,19,18,0,18,37
01/07/2021,ALW,WA,ANM,WE,Federal Contract Tower,2,4,3,0,9,0,3,15,0,18,2,7,18,0,27,28,0,28,55
01/08/2021,ALW,WA,ANM,WE,Federal Contract Tower,2,2,0,0,4,0,0,2,0,2,2,2,2,0,6,6,0,6,12
01/09/2021,ALW,WA,ANM,WE,Federal Contract Tower,2,0,2,0,4,0,0,6,0,6,2,0,8,0,10,2,0,2,12
01/10/2021,ALW,WA,ANM,WE,Federal Contract Tower,2,0,0,0,2,0,3,21,0,24,2,3,21,0,26,24,0,24,50
01/11/2021,ALW,WA,ANM,WE,Federal Contract Tower,2,2,12,0,16,0,1,23,0,24,2,3,35,0,40,62,0,62,102
01/12/2021,ALW,WA,ANM,WE,Federal Contract Tower,2,2,6,0,10,0,2,0,0,2,2,4,6,0,12,0,0,0,12
01/13/2021,ALW,WA,ANM,WE,Federal Contract Tower,2,4,1,0,7,0,5,10,0,15,2,9,11,0,22,12,0,12,34
01/14/2021,ALW,WA,ANM,WE,Federal Contract Tower,2,2,8,0,12,0,0,37,0,37,2,2,45,0,49,62,0,62,111
01/15/2021,ALW,WA,ANM,WE,Federal Contract Tower,2,4,9,0,15,0,0,21,0,21,2,4,30,0,36,32,0,32,68
01/16/2021,ALW,WA,ANM,WE,Federal Contract Tower,0,0,0,0,0,0,0,0,0,0,0,0,0,0,0,0,0,0,0
01/17/2021,ALW,WA,ANM,WE,Federal Contract Tower,3,3,5,0,11,0,0,36,0,36,3,3,41,0,47,56,0,56,103
01/18/2021,ALW,WA,ANM,WE,Federal Contract Tower,2,1,7,0,10,0,11,17,0,28,2,12,24,0,38,23,0,23,61
01/19/2021,ALW,WA,ANM,WE,Federal Contract Tower,2,7,10,0,19,0,0,10,0,10,2,7,20,0,29,11,0,11,40
01/20/2021,ALW,WA,ANM,WE,Federal Contract Tower,2,5,22,0,29,0,0,20,0,20,2,5,42,0,49,60,0,60,109
01/21/2021,ALW,WA,ANM,WE,Federal Contract Tower,6,0,0,0,6,0,0,0,0,0,6,0,0,0,6,0,0,0,6
01/22/2021,ALW,WA,ANM,WE,Federal Contract Tower,2,0,0,0,2,0,0,0,0,0,2,0,0,0,2,0,0,0,2
01/23/2021,ALW,WA,ANM,WE,Federal Contract Tower,3,0,7,0,10,0,0,38,0,38,3,0,45,0,48,12,0,12,60
01/24/2021,ALW,WA,ANM,WE,Federal Contract Tower,2,0,13,0,15,0,0,17,0,17,2,0,30,0,32,22,0,22,54
01/25/2021,ALW,WA,ANM,WE,Federal Contract Tower,2,0,2,0,4,0,0,0,0,0,2,0,2,0,4,0,0,0,4
01/26/2021,ALW,WA,ANM,WE,Federal Contract Tower,2,2,20,0,24,0,10,52,0,62,2,12,72,0,86,112,0,112,198
01/27/2021,ALW,WA,ANM,WE,Federal Contract Tower,2,2,2,0,6,0,0,7,0,7,2,2,9,0,13,50,0,50,63
01/28/2021,ALW,WA,ANM,WE,Federal Contract Tower,2,2,22,0,26,0,1,29,0,30,2,3,51,0,56,176,0,176,232
01/29/2021,ALW,WA,ANM,WE,Federal Contract Tower,2,2,5,0,9,0,0,0,0,0,2,2,5,0,9,0,0,0,9
01/30/2021,ALW,WA,ANM,WE,Federal Contract Tower,2,0,17,0,19,0,4,36,2,42,2,4,53,2,61,40,0,40,101
01/31/2021,ALW,WA,ANM,WE,Federal Contract Tower,2,0,5,0,7,0,0,1,0,1,2,0,6,0,8,0,0,0,8
02/01/2021,ALW,WA,ANM,WE,Federal Contract Tower,2,5,3,0,10,0,4,1,0,5,2,9,4,0,15,0,0,0,15
02/02/2021,ALW,WA,ANM,WE,Federal Contract Tower,2,4,13,0,19,0,2,24,0,26,2,6,37,0,45,118,0,118,163
02/03/2021,ALW,WA,ANM,WE,Federal Contract Tower,2,5,11,0,18,0,0,15,0,15,2,5,26,0,33,84,0,84,117
02/04/2021,ALW,WA,ANM,WE,Federal Contract Tower,2,6,19,0,27,0,34,0,0,34,2,40,19,0,61,160,0,160,221
02/05/2021,ALW,WA,ANM,WE,Federal Contract Tower,2,2,18,0,22,0,0,23,0,23,2,2,41,0,45,80,0,80,125
02/06/2021,ALW,WA,ANM,WE,Federal Contract Tower,2,0,0,0,2,0,1,6,0,7,2,1,6,0,9,2,0,2,11
02/07/2021,ALW,WA,ANM,WE,Federal Contract Tower,2,0,9,0,11,0,2,39,0,41,2,2,48,0,52,36,0,36,88
02/08/2021,ALW,WA,ANM,WE,Federal Contract Tower,2,5,17,0,24,0,0,18,0,18,2,5,35,0,42,98,0,98,140
02/09/2021,ALW,WA,ANM,WE,Federal Contract Tower,2,2,17,0,21,0,0,32,0,32,2,2,49,0,53,66,0,66,119
02/10/2021,ALW,WA,ANM,WE,Federal Contract Tower,2,2,20,0,24,0,0,59,0,59,2,2,79,0,83,182,0,182,265
02/11/2021,ALW,WA,ANM,WE,Federal Contract Tower,3,2,7,0,12,0,0,14,0,14,3,2,21,0,26,78,0,78,104
02/12/2021,ALW,WA,ANM,WE,Federal Contract Tower,3,2,0,0,5,0,0,1,0,1,3,2,1,0,6,0,0,0,6
02/13/2021,ALW,WA,ANM,WE,Federal Contract Tower,0,0,0,0,0,0,0,0,0,0,0,0,0,0,0,0,0,0,0
02/14/2021,ALW,WA,ANM,WE,Federal Contract Tower,2,0,0,0,2,0,0,2,0,2,2,0,2,0,4,4,0,4,8
02/15/2021,ALW,WA,ANM,WE,Federal Contract Tower,2,0,1,0,3,0,0,0,0,0,2,0,1,0,3,0,0,0,3
02/17/2021,ALW,WA,ANM,WE,Federal Contract Tower,2,2,7,0,11,0,0,10,0,10,2,2,17,0,21,18,0,18,39
02/18/2021,ALW,WA,ANM,WE,Federal Contract Tower,6,2,5,0,13,0,0,0,0,0,6,2,5,0,13,0,0,0,13
02/19/2021,ALW,WA,ANM,WE,Federal Contract Tower,3,3,19,0,25,0,0,30,0,30,3,3,49,0,55,85,0,85,140
02/20/2021,ALW,WA,ANM,WE,Federal Contract Tower,3,1,11,0,15,0,0,16,0,16,3,1,27,0,31,12,0,12,43
02/21/2021,ALW,WA,ANM,WE,Federal Contract Tower,3,2,1,0,6,0,0,13,0,13,3,2,14,0,19,54,0,54,73
02/22/2021,ALW,WA,ANM,WE,Federal Contract Tower,2,3,6,0,11,0,0,20,0,20,2,3,26,0,31,132,0,132,163
02/23/2021,ALW,WA,ANM,WE,Federal Contract Tower,2,2,13,0,17,0,0,24,0,24,2,2,37,0,41,45,0,45,86
02/24/2021,ALW,WA,ANM,WE,Federal Contract Tower,3,3,23,0,29,0,0,64,0,64,3,3,87,0,93,140,0,140,233
02/25/2021,ALW,WA,ANM,WE,Federal Contract Tower,3,4,2,0,9,0,0,7,0,7,3,4,9,0,16,0,0,0,16
02/26/2021,ALW,WA,ANM,WE,Federal Contract Tower,3,7,0,0,10,0,0,0,0,0,3,7,0,0,10,0,0,0,10
02/27/2021,ALW,WA,ANM,WE,Federal Contract Tower,2,0,17,0,19,0,0,76,0,76,2,0,93,0,95,46,0,46,141
02/28/2021,ALW,WA,ANM,WE,Federal Contract Tower,2,1,14,0,17,0,8,44,0,52,2,9,58,0,69,16,0,16,85
03/01/2021,ALW,WA,ANM,WE,Federal Contract Tower,2,2,18,0,22,0,5,47,0,52,2,7,65,0,74,168,0,168,242
03/02/2021,ALW,WA,ANM,WE,Federal Contract Tower,2,3,18,0,23,0,12,73,0,85,2,15,91,0,108,137,0,137,245
03/03/2021,ALW,WA,ANM,WE,Federal Contract Tower,1,0,24,0,25,0,5,67,0,72,1,5,91,0,97,128,0,128,225
03/04/2021,ALW,WA,ANM,WE,Federal Contract Tower,3,3,12,0,18,0,2,57,0,59,3,5,69,0,77,130,0,130,207
03/05/2021,ALW,WA,ANM,WE,Federal Contract Tower,2,2,0,0,4,0,0,2,0,2,2,2,2,0,6,0,0,0,6
03/06/2021,ALW,WA,ANM,WE,Federal Contract Tower,3,5,3,0,11,0,3,16,0,19,3,8,19,0,30,30,0,30,60
03/07/2021,ALW,WA,ANM,WE,Federal Contract Tower,2,0,6,0,8,0,9,35,0,44,2,9,41,0,52,22,0,22,74
03/08/2021,ALW,WA,ANM,WE,Federal Contract Tower,3,2,13,0,18,0,1,38,0,39,3,3,51,0,57,116,0,116,173
03/09/2021,ALW,WA,ANM,WE,Federal Contract Tower,3,4,9,0,16,0,6,60,0,66,3,10,69,0,82,80,0,80,162
03/10/2021,ALW,WA,ANM,WE,Federal Contract Tower,3,4,24,0,31,0,2,45,0,47,3,6,69,0,78,54,0,54,132
03/11/2021,ALW,WA,ANM,WE,Federal Contract Tower,3,5,28,0,36,0,3,52,0,55,3,8,80,0,91,77,0,77,168
03/13/2021,ALW,WA,ANM,WE,Federal Contract Tower,3,0,3,0,6,0,2,87,0,89,3,2,90,0,95,60,0,60,155
03/14/2021,ALW,WA,ANM,WE,Federal Contract Tower,3,0,16,0,19,0,9,70,0,79,3,9,86,0,98,66,0,66,164
03/16/2021,ALW,WA,ANM,WE,Federal Contract Tower,3,1,16,0,20,0,2,45,0,47,3,3,61,0,67,106,0,106,173
03/17/2021,ALW,WA,ANM,WE,Federal Contract Tower,3,3,21,0,27,0,0,40,0,40,3,3,61,0,67,62,0,62,129
03/18/2021,ALW,WA,ANM,WE,Federal Contract Tower,3,2,5,0,10,0,1,22,0,23,3,3,27,0,33,4,0,4,37
03/19/2021,ALW,WA,ANM,WE,Federal Contract Tower,3,2,4,0,9,0,1,12,0,13,3,3,16,0,22,16,0,16,38
03/20/2021,ALW,WA,ANM,WE,Federal Contract Tower,3,0,2,0,5,0,3,10,0,13,3,3,12,0,18,8,0,8,26
03/21/2021,ALW,WA,ANM,WE,Federal Contract Tower,3,2,1,0,6,0,4,14,0,18,3,6,15,0,24,18,0,18,42
03/22/2021,ALW,WA,ANM,WE,Federal Contract Tower,3,5,1,0,9,0,14,9,0,23,3,19,10,0,32,84,0,84,116
03/23/2021,ALW,WA,ANM,WE,Federal Contract Tower,3,2,14,0,19,0,10,36,0,46,3,12,50,0,65,54,0,54,119
03/24/2021,ALW,WA,ANM,WE,Federal Contract Tower,3,1,4,2,10,0,0,13,0,13,3,1,17,2,23,2,0,2,25
03/25/2021,ALW,WA,ANM,WE,Federal Contract Tower,3,10,9,0,22,0,1,8,0,9,3,11,17,0,31,36,0,36,67
03/26/2021,ALW,WA,ANM,WE,Federal Contract Tower,3,4,11,0,18,0,1,45,0,46,3,5,56,0,64,92,0,92,156
03/27/2021,ALW,WA,ANM,WE,Federal Contract Tower,3,4,18,0,25,0,0,38,0,38,3,4,56,0,63,40,0,40,103
03/28/2021,ALW,WA,ANM,WE,Federal Contract Tower,3,0,2,0,5,0,3,8,0,11,3,3,10,0,16,10,0,10,26
03/29/2021,ALW,WA,ANM,WE,Federal Contract Tower,3,2,3,0,8,0,3,17,0,20,3,5,20,0,28,38,0,38,66
03/30/2021,ALW,WA,ANM,WE,Federal Contract Tower,2,2,16,0,20,0,1,32,0,33,2,3,48,0,53,70,0,70,123
03/31/2021,ALW,WA,ANM,WE,Federal Contract Tower,3,5,5,0,13,0,29,2,0,31,3,34,7,0,44,52,0,52,96
04/01/2021,ALW,WA,ANM,WE,Federal Contract Tower,3,2,8,0,13,0,9,14,0,23,3,11,22,0,36,32,0,32,68
04/02/2021,ALW,WA,ANM,WE,Federal Contract Tower,3,2,6,0,11,0,9,55,0,64,3,11,61,0,75,48,0,48,123
04/03/2021,ALW,WA,ANM,WE,Federal Contract Tower,3,1,6,0,10,0,3,56,0,59,3,4,62,0,69,70,0,70,139
04/04/2021,ALW,WA,ANM,WE,Federal Contract Tower,3,0,2,0,5,0,5,7,0,12,3,5,9,0,17,0,0,0,17
04/05/2021,ALW,WA,ANM,WE,Federal Contract Tower,3,1,8,0,12,0,2,32,0,34,3,3,40,0,46,60,0,60,106
04/06/2021,ALW,WA,ANM,WE,Federal Contract Tower,3,1,21,0,25,0,1,42,0,43,3,2,63,0,68,84,0,84,152
04/07/2021,ALW,WA,ANM,WE,Federal Contract Tower,3,0,19,0,22,0,2,19,0,21,3,2,38,0,43,34,0,34,77
04/08/2021,ALW,WA,ANM,WE,Federal Contract Tower,3,0,10,0,13,0,1,15,0,16,3,1,25,0,29,48,0,48,77
04/09/2021,ALW,WA,ANM,WE,Federal Contract Tower,3,4,7,0,14,0,3,59,0,62,3,7,66,0,76,136,0,136,212
04/10/2021,ALW,WA,ANM,WE,Federal Contract Tower,3,2,5,0,10,0,3,1,0,4,3,5,6,0,14,0,0,0,14
04/12/2021,ALW,WA,ANM,WE,Federal Contract Tower,3,5,11,0,19,0,11,35,0,46,3,16,46,0,65,76,0,76,141
04/13/2021,ALW,WA,ANM,WE,Federal Contract Tower,3,2,21,1,27,0,2,43,0,45,3,4,64,1,72,122,0,122,194
04/14/2021,ALW,WA,ANM,WE,Federal Contract Tower,3,3,16,0,22,0,2,40,0,42,3,5,56,0,64,154,0,154,218
04/15/2021,ALW,WA,ANM,WE,Federal Contract Tower,3,7,26,0,36,0,7,55,0,62,3,14,81,0,98,88,0,88,186
04/16/2021,ALW,WA,ANM,WE,Federal Contract Tower,3,3,18,0,24,0,5,38,0,43,3,8,56,0,67,124,0,124,191
04/17/2021,ALW,WA,ANM,WE,Federal Contract Tower,4,1,2,0,7,0,4,60,0,64,4,5,62,0,71,16,0,16,87
04/18/2021,ALW,WA,ANM,WE,Federal Contract Tower,3,0,19,0,22,0,0,67,0,67,3,0,86,0,89,66,0,66,155
04/19/2021,ALW,WA,ANM,WE,Federal Contract Tower,2,2,17,0,21,0,5,53,0,58,2,7,70,0,79,114,0,114,193
04/20/2021,ALW,WA,ANM,WE,Federal Contract Tower,3,2,18,0,23,0,1,91,0,92,3,3,109,0,115,164,0,164,279
04/21/2021,ALW,WA,ANM,WE,Federal Contract Tower,2,2,18,0,22,0,1,78,0,79,2,3,96,0,101,180,0,180,281
04/22/2021,ALW,WA,ANM,WE,Federal Contract Tower,3,2,18,0,23,0,1,58,0,59,3,3,76,0,82,94,0,94,176
04/23/2021,ALW,WA,ANM,WE,Federal Contract Tower,3,5,18,0,26,0,3,111,0,114,3,8,129,0,140,266,0,266,406
04/24/2021,ALW,WA,ANM,WE,Federal Contract Tower,3,2,2,0,7,0,2,1,0,3,3,4,3,0,10,0,0,0,10
04/25/2021,ALW,WA,ANM,WE,Federal Contract Tower,3,5,10,0,18,0,1,40,0,41,3,6,50,0,59,74,0,74,133
04/26/2021,ALW,WA,ANM,WE,Federal Contract Tower,3,2,17,0,22,0,3,61,0,64,3,5,78,0,86,132,0,132,218
04/27/2021,ALW,WA,ANM,WE,Federal Contract Tower,3,2,18,1,24,0,9,84,1,94,3,11,102,2,118,136,0,136,254
04/28/2021,ALW,WA,ANM,WE,Federal Contract Tower,3,0,0,0,3,0,0,67,0,67,3,0,67,0,70,116,0,116,186
04/29/2021,ALW,WA,ANM,WE,Federal Contract Tower,3,2,22,1,28,0,2,61,0,63,3,4,83,1,91,84,0,84,175
04/30/2021,ALW,WA,ANM,WE,Federal Contract Tower,3,4,21,0,28,0,0,43,0,43,3,4,64,0,71,172,0,172,243
05/01/2021,ALW,WA,ANM,WE,Federal Contract Tower,3,2,8,0,13,0,6,18,0,24,3,8,26,0,37,4,0,4,41
05/02/2021,ALW,WA,ANM,WE,Federal Contract Tower,3,1,8,0,12,0,0,70,0,70,3,1,78,0,82,100,0,100,182
05/03/2021,ALW,WA,ANM,WE,Federal Contract Tower,3,2,12,0,17,0,0,55,0,55,3,2,67,0,72,122,0,122,194
05/04/2021,ALW,WA,ANM,WE,Federal Contract Tower,3,4,4,0,11,0,1,48,0,49,3,5,52,0,60,150,0,150,210
05/05/2021,ALW,WA,ANM,WE,Federal Contract Tower,3,6,13,0,22,0,1,66,0,67,3,7,79,0,89,184,0,184,273
05/07/2021,ALW,WA,ANM,WE,Federal Contract Tower,3,2,5,0,10,0,4,96,0,100,3,6,101,0,110,222,0,222,332
05/09/2021,ALW,WA,ANM,WE,Federal Contract Tower,3,1,19,0,23,0,7,48,0,55,3,8,67,0,78,108,0,108,186
05/10/2021,ALW,WA,ANM,WE,Federal Contract Tower,3,2,6,0,11,0,2,62,2,66,3,4,68,2,77,146,2,148,225
05/11/2021,ALW,WA,ANM,WE,Federal Contract Tower,3,2,25,0,30,0,1,70,0,71,3,3,95,0,101,144,0,144,245
05/12/2021,ALW,WA,ANM,WE,Federal Contract Tower,3,2,11,0,16,0,3,53,0,56,3,5,64,0,72,226,0,226,298
05/13/2021,ALW,WA,ANM,WE,Federal Contract Tower,3,1,23,0,27,0,0,81,2,83,3,1,104,2,110,186,0,186,296
05/14/2021,ALW,WA,ANM,WE,Federal Contract Tower,4,8,22,4,38,0,2,54,0,56,4,10,76,4,94,291,0,291,385
05/15/2021,ALW,WA,ANM,WE,Federal Contract Tower,3,0,6,0,9,0,15,57,12,84,3,15,63,12,93,24,0,24,117
05/16/2021,ALW,WA,ANM,WE,Federal Contract Tower,3,3,16,0,22,0,0,61,0,61,3,3,77,0,83,90,0,90,173
05/17/2021,ALW,WA,ANM,WE,Federal Contract Tower,3,4,16,0,23,0,0,61,0,61,3,4,77,0,84,90,0,90,174
05/18/2021,ALW,WA,ANM,WE,Federal Contract Tower,3,5,3,0,11,0,2,6,0,8,3,7,9,0,19,0,0,0,19
05/20/2021,ALW,WA,ANM,WE,Federal Contract Tower,8,2,16,0,26,0,4,34,0,38,8,6,50,0,64,84,0,84,148
05/21/2021,ALW,WA,ANM,WE,Federal Contract Tower,6,2,19,0,27,0,1,59,0,60,6,3,78,0,87,226,0,226,313
05/22/2021,ALW,WA,ANM,WE,Federal Contract Tower,5,1,4,0,10,0,2,37,0,39,5,3,41,0,49,74,0,74,123
05/23/2021,ALW,WA,ANM,WE,Federal Contract Tower,5,0,3,0,8,0,5,36,0,41,5,5,39,0,49,54,0,54,103
05/24/2021,ALW,WA,ANM,WE,Federal Contract Tower,5,4,9,0,18,0,2,27,0,29,5,6,36,0,47,64,0,64,111
05/25/2021,ALW,WA,ANM,WE,Federal Contract Tower,6,3,19,0,28,0,0,0,51,51,6,3,19,51,79,84,0,84,163
05/26/2021,ALW,WA,ANM,WE,Federal Contract Tower,8,2,19,0,29,0,2,83,0,85,8,4,102,0,114,110,0,110,224
05/27/2021,ALW,WA,ANM,WE,Federal Contract Tower,6,3,12,2,23,0,2,52,0,54,6,5,64,2,77,125,0,125,202
05/28/2021,ALW,WA,ANM,WE,Federal Contract Tower,4,2,7,0,13,0,2,45,6,53,4,4,52,6,66,112,2,114,180
05/29/2021,ALW,WA,ANM,WE,Federal Contract Tower,5,2,8,0,15,0,6,76,0,82,5,8,84,0,97,162,0,162,259
05/30/2021,ALW,WA,ANM,WE,Federal Contract Tower,2,0,10,0,12,0,1,70,0,71,2,1,80,0,83,152,0,152,235
05/31/2021,ALW,WA,ANM,WE,Federal Contract Tower,5,0,3,0,8,0,0,58,0,58,5,0,61,0,66,124,0,124,190
06/01/2021,ALW,WA,ANM,WE,Federal Contract Tower,4,1,0,0,5,0,0,0,0,0,4,1,0,0,5,110,0,110,115
06/02/2021,ALW,WA,ANM,WE,Federal Contract Tower,5,4,7,0,16,0,1,54,0,55,5,5,61,0,71,164,0,164,235
06/03/2021,ALW,WA,ANM,WE,Federal Contract Tower,4,2,0,0,6,0,0,42,0,42,4,2,42,0,48,154,0,154,202
06/04/2021,ALW,WA,ANM,WE,Federal Contract Tower,5,2,7,0,14,0,5,76,0,81,5,7,83,0,95,98,0,98,193
06/05/2021,ALW,WA,ANM,WE,Federal Contract Tower,5,0,4,0,9,0,2,27,0,29,5,2,31,0,38,16,0,16,54
06/06/2021,ALW,WA,ANM,WE,Federal Contract Tower,5,2,7,0,14,0,4,47,0,51,5,6,54,0,65,100,0,100,165
06/07/2021,ALW,WA,ANM,WE,Federal Contract Tower,6,4,3,0,13,0,0,32,0,32,6,4,35,0,45,84,0,84,129
06/08/2021,ALW,WA,ANM,WE,Federal Contract Tower,4,9,7,0,20,0,2,62,0,64,4,11,69,0,84,162,0,162,246
06/09/2021,ALW,WA,ANM,WE,Federal Contract Tower,6,3,13,0,22,0,1,56,0,57,6,4,69,0,79,142,0,142,221
06/10/2021,ALW,WA,ANM,WE,Federal Contract Tower,5,3,8,0,16,0,0,37,0,37,5,3,45,0,53,46,0,46,99
06/11/2021,ALW,WA,ANM,WE,Federal Contract Tower,5,3,7,0,15,0,2,47,0,49,5,5,54,0,64,82,0,82,146
06/12/2021,ALW,WA,ANM,WE,Federal Contract Tower,5,2,11,0,18,0,6,48,0,54,5,8,59,0,72,29,0,29,101
06/13/2021,ALW,WA,ANM,WE,Federal Contract Tower,4,3,2,0,9,0,3,17,0,20,4,6,19,0,29,26,0,26,55
06/14/2021,ALW,WA,ANM,WE,Federal Contract Tower,4,2,3,0,9,0,0,21,0,21,4,2,24,0,30,30,0,30,60
06/15/2021,ALW,WA,ANM,WE,Federal Contract Tower,5,1,3,0,9,0,0,17,0,17,5,1,20,0,26,16,0,16,42
06/16/2021,ALW,WA,ANM,WE,Federal Contract Tower,5,2,7,0,14,0,3,40,0,43,5,5,47,0,57,70,0,70,127
06/17/2021,ALW,WA,ANM,WE,Federal Contract Tower,3,4,5,0,12,0,1,42,1,44,3,5,47,1,56,20,0,20,76
06/18/2021,ALW,WA,ANM,WE,Federal Contract Tower,2,3,8,0,13,0,2,45,1,48,2,5,53,1,61,72,0,72,133
06/19/2021,ALW,WA,ANM,WE,Federal Contract Tower,3,0,5,0,8,0,3,22,0,25,3,3,27,0,33,0,0,0,33
06/20/2021,ALW,WA,ANM,WE,Federal Contract Tower,3,2,3,0,8,0,1,35,0,36,3,3,38,0,44,18,0,18,62
06/21/2021,ALW,WA,ANM,WE,Federal Contract Tower,2,4,0,0,6,0,0,21,0,21,2,4,21,0,27,20,0,20,47
06/22/2021,ALW,WA,ANM,WE,Federal Contract Tower,2,3,4,0,9,0,4,37,0,41,2,7,41,0,50,38,0,38,88
06/23/2021,ALW,WA,ANM,WE,Federal Contract Tower,3,5,8,0,16,0,0,21,0,21,3,5,29,0,37,50,0,50,87
06/24/2021,ALW,WA,ANM,WE,Federal Contract Tower,3,2,3,0,8,0,2,36,0,38,3,4,39,0,46,68,0,68,114
06/25/2021,ALW,WA,ANM,WE,Federal Contract Tower,2,5,4,0,11,0,2,34,0,36,2,7,38,0,47,6,0,6,53
06/26/2021,ALW,WA,ANM,WE,Federal Contract Tower,2,0,2,0,4,0,2,22,0,24,2,2,24,0,28,48,0,48,76
06/27/2021,ALW,WA,ANM,WE,Federal Contract Tower,2,1,10,0,13,0,0,47,0,47,2,1,57,0,60,2,0,2,62
06/28/2021,ALW,WA,ANM,WE,Federal Contract Tower,3,2,11,0,16,0,3,22,0,25,3,5,33,0,41,32,0,32,73
06/29/2021,ALW,WA,ANM,WE,Federal Contract Tower,3,3,0,0,6,0,1,39,0,40,3,4,39,0,46,46,0,46,92
06/30/2021,ALW,WA,ANM,WE,Federal Contract Tower,3,3,12,0,18,0,1,77,0,78,3,4,89,0,96,68,0,68,164
07/01/2021,ALW,WA,ANM,WE,Federal Contract Tower,3,4,5,0,12,0,3,37,0,40,3,7,42,0,52,36,0,36,88
07/02/2021,ALW,WA,ANM,WE,Federal Contract Tower,2,5,6,0,13,0,0,39,0,39,2,5,45,0,52,114,0,114,166
07/03/2021,ALW,WA,ANM,WE,Federal Contract Tower,2,1,4,0,7,0,8,51,0,59,2,9,55,0,66,12,0,12,78
07/04/2021,ALW,WA,ANM,WE,Federal Contract Tower,3,0,2,0,5,0,1,57,0,58,3,1,59,0,63,72,0,72,135
07/05/2021,ALW,WA,ANM,WE,Federal Contract Tower,3,2,2,0,7,0,7,62,0,69,3,9,64,0,76,110,0,110,186
07/06/2021,ALW,WA,ANM,WE,Federal Contract Tower,3,2,3,0,8,0,0,76,0,76,3,2,79,0,84,134,0,134,218
07/07/2021,ALW,WA,ANM,WE,Federal Contract Tower,4,4,5,0,13,0,0,54,0,54,4,4,59,0,67,102,0,102,169
07/08/2021,ALW,WA,ANM,WE,Federal Contract Tower,3,2,6,0,11,0,0,141,2,143,3,2,147,2,154,248,0,248,402
07/09/2021,ALW,WA,ANM,WE,Federal Contract Tower,3,2,3,0,8,0,23,74,5,102,3,25,77,5,110,132,0,132,242
07/10/2021,ALW,WA,ANM,WE,Federal Contract Tower,3,0,3,0,6,0,3,59,3,65,3,3,62,3,71,10,0,10,81
07/11/2021,ALW,WA,ANM,WE,Federal Contract Tower,2,2,5,0,9,0,4,98,3,105,2,6,103,3,114,74,4,78,192
07/12/2021,ALW,WA,ANM,WE,Federal Contract Tower,2,6,6,0,14,0,7,85,1,93,2,13,91,1,107,164,0,164,271
07/13/2021,ALW,WA,ANM,WE,Federal Contract Tower,3,6,2,0,11,0,1,108,2,111,3,7,110,2,122,120,0,120,242
07/14/2021,ALW,WA,ANM,WE,Federal Contract Tower,2,3,5,0,10,0,2,111,0,113,2,5,116,0,123,108,0,108,231
07/15/2021,ALW,WA,ANM,WE,Federal Contract Tower,2,4,3,0,9,0,0,72,0,72,2,4,75,0,81,34,1,35,116
07/16/2021,ALW,WA,ANM,WE,Federal Contract Tower,3,4,3,0,10,0,4,100,1,105,3,8,103,1,115,40,0,40,155
07/17/2021,ALW,WA,ANM,WE,Federal Contract Tower,1,1,2,0,4,0,0,52,0,52,1,1,54,0,56,16,0,16,72
07/18/2021,ALW,WA,ANM,WE,Federal Contract Tower,3,1,4,0,8,0,2,84,0,86,3,3,88,0,94,102,0,102,196
07/19/2021,ALW,WA,ANM,WE,Federal Contract Tower,2,1,4,0,7,0,2,94,0,96,2,3,98,0,103,194,2,196,299
07/20/2021,ALW,WA,ANM,WE,Federal Contract Tower,2,3,8,0,13,0,0,97,0,97,2,3,105,0,110,144,0,144,254
07/21/2021,ALW,WA,ANM,WE,Federal Contract Tower,2,2,17,0,21,0,3,100,0,103,2,5,117,0,124,122,0,122,246
07/22/2021,ALW,WA,ANM,WE,Federal Contract Tower,2,2,9,0,13,0,1,110,4,115,2,3,119,4,128,176,4,180,308
07/23/2021,ALW,WA,ANM,WE,Federal Contract Tower,2,1,18,0,21,0,2,110,0,112,2,3,128,0,133,150,0,150,283
07/24/2021,ALW,WA,ANM,WE,Federal Contract Tower,2,0,4,0,6,0,0,79,0,79,2,0,83,0,85,22,0,22,107
07/25/2021,ALW,WA,ANM,WE,Federal Contract Tower,2,0,7,0,9,0,5,113,0,118,2,5,120,0,127,268,0,268,395
07/26/2021,ALW,WA,ANM,WE,Federal Contract Tower,2,2,2,0,6,0,0,107,0,107,2,2,109,0,113,100,0,100,213
07/27/2021,ALW,WA,ANM,WE,Federal Contract Tower,4,2,6,0,12,0,0,93,0,93,4,2,99,0,105,237,0,237,342
07/28/2021,ALW,WA,ANM,WE,Federal Contract Tower,2,6,8,0,16,0,2,79,0,81,2,8,87,0,97,194,0,194,291
07/29/2021,ALW,WA,ANM,WE,Federal Contract Tower,2,3,7,0,12,0,4,102,0,106,2,7,109,0,118,186,0,186,304
07/30/2021,ALW,WA,ANM,WE,Federal Contract Tower,2,2,6,0,10,0,0,70,0,70,2,2,76,0,80,66,0,66,146
07/31/2021,ALW,WA,ANM,WE,Federal Contract Tower,2,0,10,0,12,0,0,58,0,58,2,0,68,0,70,22,0,22,92
08/01/2021,ALW,WA,ANM,WE,Federal Contract Tower,3,0,10,0,13,0,0,30,4,34,3,0,40,4,47,28,0,28,75
08/02/2021,ALW,WA,ANM,WE,Federal Contract Tower,3,1,9,0,13,0,0,45,0,45,3,1,54,0,58,122,0,122,180
08/03/2021,ALW,WA,ANM,WE,Federal Contract Tower,3,2,5,0,10,0,0,76,0,76,3,2,81,0,86,257,0,257,343
08/04/2021,ALW,WA,ANM,WE,Federal Contract Tower,3,5,6,0,14,0,4,84,0,88,3,9,90,0,102,176,0,176,278
08/05/2021,ALW,WA,ANM,WE,Federal Contract Tower,2,3,7,0,12,0,0,46,0,46,2,3,53,0,58,92,0,92,150
08/06/2021,ALW,WA,ANM,WE,Federal Contract Tower,3,2,1,0,6,0,0,71,0,71,3,2,72,0,77,88,0,88,165
08/07/2021,ALW,WA,ANM,WE,Federal Contract Tower,3,0,3,0,6,0,3,82,0,85,3,3,85,0,91,14,0,14,105
08/08/2021,ALW,WA,ANM,WE,Federal Contract Tower,3,0,2,0,5,0,4,52,0,56,3,4,54,0,61,54,0,54,115
08/09/2021,ALW,WA,ANM,WE,Federal Contract Tower,3,4,12,0,19,0,1,82,0,83,3,5,94,0,102,122,0,122,224
08/10/2021,ALW,WA,ANM,WE,Federal Contract Tower,3,2,16,0,21,0,1,75,0,76,3,3,91,0,97,148,0,148,245
08/11/2021,ALW,WA,ANM,WE,Federal Contract Tower,3,2,3,0,8,0,0,69,0,69,3,2,72,0,77,124,0,124,201
08/12/2021,ALW,WA,ANM,WE,Federal Contract Tower,3,8,6,0,17,0,0,41,0,41,3,8,47,0,58,223,0,223,281
08/13/2021,ALW,WA,ANM,WE,Federal Contract Tower,3,4,13,0,20,0,0,16,0,16,3,4,29,0,36,68,0,68,104
08/14/2021,ALW,WA,ANM,WE,Federal Contract Tower,3,0,11,0,14,0,0,3,0,3,3,0,14,0,17,4,0,4,21
08/15/2021,ALW,WA,ANM,WE,Federal Contract Tower,1,1,4,0,6,0,0,0,0,0,1,1,4,0,6,82,0,82,88
08/16/2021,ALW,WA,ANM,WE,Federal Contract Tower,3,3,5,0,11,0,2,47,0,49,3,5,52,0,60,48,0,48,108
08/17/2021,ALW,WA,ANM,WE,Federal Contract Tower,3,2,2,0,7,0,0,10,0,10,3,2,12,0,17,30,0,30,47
08/18/2021,ALW,WA,ANM,WE,Federal Contract Tower,3,3,7,0,13,0,1,72,0,73,3,4,79,0,86,128,0,128,214
08/19/2021,ALW,WA,ANM,WE,Federal Contract Tower,2,1,10,0,13,0,2,83,0,85,2,3,93,0,98,136,0,136,234
08/20/2021,ALW,WA,ANM,WE,Federal Contract Tower,3,1,17,0,21,0,0,54,0,54,3,1,71,0,75,66,0,66,141
08/21/2021,ALW,WA,ANM,WE,Federal Contract Tower,3,0,1,0,4,0,1,45,0,46,3,1,46,0,50,24,0,24,74
08/22/2021,ALW,WA,ANM,WE,Federal Contract Tower,3,0,7,0,10,0,4,45,0,49,3,4,52,0,59,18,0,18,77
08/23/2021,ALW,WA,ANM,WE,Federal Contract Tower,3,2,3,0,8,0,6,44,0,50,3,8,47,0,58,98,0,98,156
08/24/2021,ALW,WA,ANM,WE,Federal Contract Tower,3,3,2,0,8,0,2,50,0,52,3,5,52,0,60,106,0,106,166
08/25/2021,ALW,WA,ANM,WE,Federal Contract Tower,2,4,10,0,16,0,0,51,0,51,2,4,61,0,67,78,0,78,145
08/26/2021,ALW,WA,ANM,WE,Federal Contract Tower,2,1,2,0,5,0,3,46,0,49,2,4,48,0,54,54,0,54,108
08/27/2021,ALW,WA,ANM,WE,Federal Contract Tower,3,6,16,0,25,0,0,41,0,41,3,6,57,0,66,38,0,38,104
08/28/2021,ALW,WA,ANM,WE,Federal Contract Tower,3,0,4,0,7,0,1,65,0,66,3,1,69,0,73,20,0,20,93
08/29/2021,ALW,WA,ANM,WE,Federal Contract Tower,3,0,14,0,17,0,2,87,0,89,3,2,101,0,106,56,0,56,162
08/30/2021,ALW,WA,ANM,WE,Federal Contract Tower,3,6,5,0,14,0,3,40,3,46,3,9,45,3,60,52,0,52,112
08/31/2021,ALW,WA,ANM,WE,Federal Contract Tower,3,3,9,0,15,0,8,54,1,63,3,11,63,1,78,48,0,48,126
09/01/2021,ALW,WA,ANM,WE,Federal Contract Tower,2,3,8,0,13,0,6,71,2,79,2,9,79,2,92,114,0,114,206
09/02/2021,ALW,WA,ANM,WE,Federal Contract Tower,2,2,8,1,13,0,3,56,0,59,2,5,64,1,72,74,0,74,146
09/03/2021,ALW,WA,ANM,WE,Federal Contract Tower,3,5,6,0,14,0,7,103,0,110,3,12,109,0,124,114,0,114,238
09/04/2021,ALW,WA,ANM,WE,Federal Contract Tower,3,1,2,0,6,0,0,52,0,52,3,1,54,0,58,32,0,32,90
09/05/2021,ALW,WA,ANM,WE,Federal Contract Tower,3,0,9,0,12,0,4,32,0,36,3,4,41,0,48,96,0,96,144
09/06/2021,ALW,WA,ANM,WE,Federal Contract Tower,3,0,3,0,6,0,3,44,0,47,3,3,47,0,53,48,0,48,101
09/07/2021,ALW,WA,ANM,WE,Federal Contract Tower,3,4,6,0,13,0,1,40,0,41,3,5,46,0,54,86,0,86,140
09/08/2021,ALW,WA,ANM,WE,Federal Contract Tower,3,2,6,0,11,0,3,34,0,37,3,5,40,0,48,68,0,68,116
09/09/2021,ALW,WA,ANM,WE,Federal Contract Tower,3,2,7,0,12,0,2,30,0,32,3,4,37,0,44,60,0,60,104
09/10/2021,ALW,WA,ANM,WE,Federal Contract Tower,3,7,7,0,17,0,1,14,0,15,3,8,21,0,32,28,0,28,60
09/11/2021,ALW,WA,ANM,WE,Federal Contract Tower,3,0,4,0,7,0,0,33,0,33,3,0,37,0,40,32,0,32,72
09/12/2021,ALW,WA,ANM,WE,Federal Contract Tower,3,5,4,0,12,0,2,18,0,20,3,7,22,0,32,76,0,76,108
09/13/2021,ALW,WA,ANM,WE,Federal Contract Tower,3,4,5,0,12,0,5,47,0,52,3,9,52,0,64,69,0,69,133
09/14/2021,ALW,WA,ANM,WE,Federal Contract Tower,3,3,13,1,20,0,1,42,0,43,3,4,55,1,63,84,2,86,149
09/15/2021,ALW,WA,ANM,WE,Federal Contract Tower,3,4,15,0,22,0,1,30,0,31,3,5,45,0,53,56,0,56,109
09/16/2021,ALW,WA,ANM,WE,Federal Contract Tower,3,4,2,0,9,0,3,47,0,50,3,7,49,0,59,90,0,90,149
09/17/2021,ALW,WA,ANM,WE,Federal Contract Tower,3,4,3,0,10,0,0,44,0,44,3,4,47,0,54,67,0,67,121
09/18/2021,ALW,WA,ANM,WE,Federal Contract Tower,3,0,14,0,17,0,0,3,0,3,3,0,17,0,20,20,0,20,40
09/19/2021,ALW,WA,ANM,WE,Federal Contract Tower,3,1,8,0,12,0,3,10,0,13,3,4,18,0,25,24,0,24,49
09/20/2021,ALW,WA,ANM,WE,Federal Contract Tower,3,7,19,0,29,0,4,54,0,58,3,11,73,0,87,50,0,50,137
09/21/2021,ALW,WA,ANM,WE,Federal Contract Tower,3,3,9,0,15,0,3,49,0,52,3,6,58,0,67,104,0,104,171
09/22/2021,ALW,WA,ANM,WE,Federal Contract Tower,3,5,3,0,11,0,7,50,0,57,3,12,53,0,68,76,0,76,144
09/23/2021,ALW,WA,ANM,WE,Federal Contract Tower,3,2,10,0,15,0,0,47,0,47,3,2,57,0,62,100,0,100,162
09/24/2021,ALW,WA,ANM,WE,Federal Contract Tower,3,2,14,0,19,0,7,49,0,56,3,9,63,0,75,66,0,66,141
09/25/2021,ALW,WA,ANM,WE,Federal Contract Tower,3,0,10,0,13,0,3,72,0,75,3,3,82,0,88,22,0,22,110
09/26/2021,ALW,WA,ANM,WE,Federal Contract Tower,3,2,18,0,23,0,3,53,0,56,3,5,71,0,79,16,0,16,95
09/27/2021,ALW,WA,ANM,WE,Federal Contract Tower,3,3,7,0,13,0,1,29,0,30,3,4,36,0,43,28,0,28,71
09/28/2021,ALW,WA,ANM,WE,Federal Contract Tower,3,6,16,0,25,0,0,51,0,51,3,6,67,0,76,84,0,84,160
09/29/2021,ALW,WA,ANM,WE,Federal Contract Tower,3,2,7,0,12,0,3,64,0,67,3,5,71,0,79,142,0,142,221
09/30/2021,ALW,WA,ANM,WE,Federal Contract Tower,3,2,6,16,27,0,7,46,0,53,3,9,52,16,80,100,4,104,184
10/01/2021,ALW,WA,ANM,WE,Federal Contract Tower,3,1,21,0,25,0,4,69,0,73,3,5,90,0,98,76,0,76,174
10/02/2021,ALW,WA,ANM,WE,Federal Contract Tower,3,1,5,0,9,0,2,87,0,89,3,3,92,0,98,44,0,44,142
10/03/2021,ALW,WA,ANM,WE,Federal Contract Tower,2,1,6,0,9,0,2,71,0,73,2,3,77,0,82,64,0,64,146
10/04/2021,ALW,WA,ANM,WE,Federal Contract Tower,2,6,15,2,25,0,1,66,2,69,2,7,81,4,94,124,0,124,218
10/05/2021,ALW,WA,ANM,WE,Federal Contract Tower,3,2,16,2,23,0,4,58,0,62,3,6,74,2,85,54,0,54,139
10/06/2021,ALW,WA,ANM,WE,Federal Contract Tower,3,8,32,0,43,0,3,49,0,52,3,11,81,0,95,84,0,84,179
10/07/2021,ALW,WA,ANM,WE,Federal Contract Tower,2,2,20,0,24,0,2,57,0,59,2,4,77,0,83,122,0,122,205
10/08/2021,ALW,WA,ANM,WE,Federal Contract Tower,2,4,9,0,15,0,7,73,0,80,2,11,82,0,95,86,0,86,181
10/09/2021,ALW,WA,ANM,WE,Federal Contract Tower,3,0,7,0,10,0,3,39,0,42,3,3,46,0,52,32,0,32,84
10/10/2021,ALW,WA,ANM,WE,Federal Contract Tower,2,4,2,0,8,0,1,15,0,16,2,5,17,0,24,20,0,20,44
10/11/2021,ALW,WA,ANM,WE,Federal Contract Tower,2,3,23,0,28,0,0,44,0,44,2,3,67,0,72,76,0,76,148
10/12/2021,ALW,WA,ANM,WE,Federal Contract Tower,0,3,5,0,8,0,2,63,0,65,0,5,68,0,73,56,0,56,129
10/13/2021,ALW,WA,ANM,WE,Federal Contract Tower,0,4,9,0,13,0,1,31,0,32,0,5,40,0,45,60,0,60,105
10/14/2021,ALW,WA,ANM,WE,Federal Contract Tower,2,3,9,0,14,0,6,52,0,58,2,9,61,0,72,122,0,122,194
10/15/2021,ALW,WA,ANM,WE,Federal Contract Tower,2,7,14,0,23,0,1,83,0,84,2,8,97,0,107,94,0,94,201
10/16/2021,ALW,WA,ANM,WE,Federal Contract Tower,0,2,6,0,8,0,4,47,0,51,0,6,53,0,59,0,0,0,59
10/17/2021,ALW,WA,ANM,WE,Federal Contract Tower,2,2,7,0,11,0,4,36,0,40,2,6,43,0,51,54,0,54,105
10/18/2021,ALW,WA,ANM,WE,Federal Contract Tower,2,7,15,0,24,0,2,51,0,53,2,9,66,0,77,102,0,102,179
10/19/2021,ALW,WA,ANM,WE,Federal Contract Tower,0,8,15,0,23,0,3,62,0,65,0,11,77,0,88,92,0,92,180
10/20/2021,ALW,WA,ANM,WE,Federal Contract Tower,0,7,11,0,18,0,2,30,0,32,0,9,41,0,50,73,0,73,123
10/21/2021,ALW,WA,ANM,WE,Federal Contract Tower,2,2,18,0,22,0,5,57,0,62,2,7,75,0,84,132,0,132,216
10/22/2021,ALW,WA,ANM,WE,Federal Contract Tower,2,11,26,0,39,0,0,11,0,11,2,11,37,0,50,52,0,52,102
10/23/2021,ALW,WA,ANM,WE,Federal Contract Tower,0,2,3,0,5,0,10,29,2,41,0,12,32,2,46,28,0,28,74
10/24/2021,ALW,WA,ANM,WE,Federal Contract Tower,0,2,3,0,5,0,0,0,0,0,0,2,3,0,5,0,0,0,5
10/25/2021,ALW,WA,ANM,WE,Federal Contract Tower,2,5,16,0,23,0,0,51,0,51,2,5,67,0,74,74,0,74,148
10/26/2021,ALW,WA,ANM,WE,Federal Contract Tower,0,2,30,0,32,0,2,26,0,28,0,4,56,0,60,58,0,58,118
10/27/2021,ALW,WA,ANM,WE,Federal Contract Tower,0,6,13,0,19,0,3,29,0,32,0,9,42,0,51,98,0,98,149
10/28/2021,ALW,WA,ANM,WE,Federal Contract Tower,2,8,7,0,17,0,4,20,0,24,2,12,27,0,41,98,0,98,139
10/29/2021,ALW,WA,ANM,WE,Federal Contract Tower,3,6,24,0,33,0,0,10,0,10,3,6,34,0,43,26,0,26,69
10/30/2021,ALW,WA,ANM,WE,Federal Contract Tower,0,3,8,0,11,0,4,39,0,43,0,7,47,0,54,32,0,32,86
10/31/2021,ALW,WA,ANM,WE,Federal Contract Tower,2,2,13,0,17,0,0,23,0,23,2,2,36,0,40,68,0,68,108
11/01/2021,ALW,WA,ANM,WE,Federal Contract Tower,2,4,24,0,30,0,0,14,0,14,2,4,38,0,44,18,0,18,62
11/02/2021,ALW,WA,ANM,WE,Federal Contract Tower,0,2,56,0,58,0,0,0,0,0,0,2,56,0,58,0,0,0,58
11/03/2021,ALW,WA,ANM,WE,Federal Contract Tower,0,2,42,0,44,0,0,0,0,0,0,2,42,0,44,0,0,0,44
11/04/2021,ALW,WA,ANM,WE,Federal Contract Tower,2,4,14,0,20,0,0,16,1,17,2,4,30,1,37,72,0,72,109
11/05/2021,ALW,WA,ANM,WE,Federal Contract Tower,2,4,10,0,16,0,1,52,1,54,2,5,62,1,70,160,0,160,230
11/06/2021,ALW,WA,ANM,WE,Federal Contract Tower,3,2,3,0,8,0,1,25,0,26,3,3,28,0,34,40,0,40,74
11/07/2021,ALW,WA,ANM,WE,Federal Contract Tower,3,1,6,0,10,0,3,40,0,43,3,4,46,0,53,54,0,54,107
11/08/2021,ALW,WA,ANM,WE,Federal Contract Tower,3,3,21,2,29,0,3,54,0,57,3,6,75,2,86,78,0,78,164
11/09/2021,ALW,WA,ANM,WE,Federal Contract Tower,2,4,16,0,22,0,2,13,0,15,2,6,29,0,37,24,0,24,61
11/10/2021,ALW,WA,ANM,WE,Federal Contract Tower,5,3,11,0,19,0,4,61,0,65,5,7,72,0,84,170,0,170,254
11/11/2021,ALW,WA,ANM,WE,Federal Contract Tower,2,4,26,0,32,0,0,0,0,0,2,4,26,0,32,0,0,0,32
11/12/2021,ALW,WA,ANM,WE,Federal Contract Tower,3,2,23,0,28,0,3,15,0,18,3,5,38,0,46,124,0,124,170
11/13/2021,ALW,WA,ANM,WE,Federal Contract Tower,2,0,2,0,4,0,3,52,0,55,2,3,54,0,59,52,0,52,111
11/14/2021,ALW,WA,ANM,WE,Federal Contract Tower,2,0,4,0,6,0,4,17,0,21,2,4,21,0,27,6,0,6,33
11/15/2021,ALW,WA,ANM,WE,Federal Contract Tower,2,2,3,0,7,0,1,25,0,26,2,3,28,0,33,52,0,52,85
11/16/2021,ALW,WA,ANM,WE,Federal Contract Tower,2,5,11,1,19,0,4,46,1,51,2,9,57,2,70,130,0,130,200
11/17/2021,ALW,WA,ANM,WE,Federal Contract Tower,3,5,28,2,38,0,1,42,0,43,3,6,70,2,81,136,0,136,217
11/18/2021,ALW,WA,ANM,WE,Federal Contract Tower,3,4,12,0,19,0,0,24,2,26,3,4,36,2,45,126,0,126,171
11/19/2021,ALW,WA,ANM,WE,Federal Contract Tower,2,3,2,0,7,0,0,2,0,2,2,3,4,0,9,8,0,8,17
11/20/2021,ALW,WA,ANM,WE,Federal Contract Tower,2,1,6,0,9,0,0,44,0,44,2,1,50,0,53,58,0,58,111
11/21/2021,ALW,WA,ANM,WE,Federal Contract Tower,2,2,0,0,4,0,0,0,0,0,2,2,0,0,4,0,0,0,4
11/22/2021,ALW,WA,ANM,WE,Federal Contract Tower,2,3,7,0,12,0,0,0,0,0,2,3,7,0,12,0,0,0,12
11/23/2021,ALW,WA,ANM,WE,Federal Contract Tower,2,3,2,0,7,0,2,2,0,4,2,5,4,0,11,0,0,0,11
11/24/2021,ALW,WA,ANM,WE,Federal Contract Tower,2,3,5,0,10,0,1,33,0,34,2,4,38,0,44,36,0,36,80
11/25/2021,ALW,WA,ANM,WE,Federal Contract Tower,1,2,2,0,5,0,4,8,0,12,1,6,10,0,17,2,0,2,19
11/26/2021,ALW,WA,ANM,WE,Federal Contract Tower,2,2,4,0,8,0,5,15,0,20,2,7,19,0,28,18,0,18,46
11/27/2021,ALW,WA,ANM,WE,Federal Contract Tower,2,0,10,0,12,0,5,17,0,22,2,5,27,0,34,36,0,36,70
11/28/2021,ALW,WA,ANM,WE,Federal Contract Tower,2,2,4,0,8,0,1,26,0,27,2,3,30,0,35,66,0,66,101
11/29/2021,ALW,WA,ANM,WE,Federal Contract Tower,2,4,11,0,17,0,0,15,0,15,2,4,26,0,32,50,0,50,82
11/30/2021,ALW,WA,ANM,WE,Federal Contract Tower,2,13,15,1,31,0,3,25,0,28,2,16,40,1,59,124,0,124,183
12/01/2021,ALW,WA,ANM,WE,Federal Contract Tower,2,2,17,1,22,0,3,33,0,36,2,5,50,1,58,124,0,124,182
12/02/2021,ALW,WA,ANM,WE,Federal Contract Tower,2,4,11,0,17,0,5,31,0,36,2,9,42,0,53,82,0,82,135
12/03/2021,ALW,WA,ANM,WE,Federal Contract Tower,2,3,8,0,13,0,3,61,0,64,2,6,69,0,77,194,0,194,271
12/04/2021,ALW,WA,ANM,WE,Federal Contract Tower,2,1,10,0,13,0,4,5,0,9,2,5,15,0,22,60,0,60,82
12/05/2021,ALW,WA,ANM,WE,Federal Contract Tower,2,2,5,0,9,0,0,31,0,31,2,2,36,0,40,96,0,96,136
12/06/2021,ALW,WA,ANM,WE,Federal Contract Tower,2,2,15,0,19,0,0,5,0,5,2,2,20,0,24,20,0,20,44
12/07/2021,ALW,WA,ANM,WE,Federal Contract Tower,2,2,11,0,15,0,0,2,0,2,2,2,13,0,17,0,0,0,17
12/08/2021,ALW,WA,ANM,WE,Federal Contract Tower,2,4,12,2,20,0,0,13,0,13,2,4,25,2,33,0,0,0,33
12/09/2021,ALW,WA,ANM,WE,Federal Contract Tower,2,3,13,0,18,0,1,22,0,23,2,4,35,0,41,116,0,116,157
12/10/2021,ALW,WA,ANM,WE,Federal Contract Tower,2,6,14,0,22,0,0,28,0,28,2,6,42,0,50,84,0,84,134
12/11/2021,ALW,WA,ANM,WE,Federal Contract Tower,2,2,2,0,6,0,0,0,0,0,2,2,2,0,6,0,0,0,6
12/12/2021,ALW,WA,ANM,WE,Federal Contract Tower,2,0,3,0,5,0,1,16,0,17,2,1,19,0,22,28,0,28,50
12/13/2021,ALW,WA,ANM,WE,Federal Contract Tower,2,6,12,0,20,0,0,15,0,15,2,6,27,0,35,38,0,38,73
12/14/2021,ALW,WA,ANM,WE,Federal Contract Tower,2,4,10,0,16,0,3,36,0,39,2,7,46,0,55,52,0,52,107
12/15/2021,ALW,WA,ANM,WE,Federal Contract Tower,2,4,12,0,18,0,0,24,0,24,2,4,36,0,42,16,0,16,58
12/16/2021,ALW,WA,ANM,WE,Federal Contract Tower,2,4,2,0,8,0,1,6,0,7,2,5,8,0,15,8,0,8,23
12/17/2021,ALW,WA,ANM,WE,Federal Contract Tower,2,8,7,0,17,0,4,41,0,45,2,12,48,0,62,28,0,28,90
12/18/2021,ALW,WA,ANM,WE,Federal Contract Tower,2,0,2,0,4,0,0,8,0,8,2,0,10,0,12,0,0,0,12
12/19/2021,ALW,WA,ANM,WE,Federal Contract Tower,2,2,2,0,6,0,0,0,0,0,2,2,2,0,6,0,0,0,6
12/20/2021,ALW,WA,ANM,WE,Federal Contract Tower,2,2,1,0,5,0,0,0,0,0,2,2,1,0,5,0,0,0,5
12/21/2021,ALW,WA,ANM,WE,Federal Contract Tower,2,5,1,0,8,0,0,0,0,0,2,5,1,0,8,0,0,0,8
12/22/2021,ALW,WA,ANM,WE,Federal Contract Tower,2,3,0,0,5,0,1,17,0,18,2,4,17,0,23,24,0,24,47
12/23/2021,ALW,WA,ANM,WE,Federal Contract Tower,2,9,0,0,11,0,1,2,0,3,2,10,2,0,14,2,0,2,16
12/24/2021,ALW,WA,ANM,WE,Federal Contract Tower,2,6,1,0,9,0,0,8,0,8,2,6,9,0,17,2,0,2,19
12/25/2021,ALW,WA,ANM,WE,Federal Contract Tower,2,1,2,0,5,0,1,12,0,13,2,2,14,0,18,12,0,12,30
12/27/2021,ALW,WA,ANM,WE,Federal Contract Tower,2,2,6,0,10,0,2,2,0,4,2,4,8,0,14,0,0,0,14
12/28/2021,ALW,WA,ANM,WE,Federal Contract Tower,3,2,2,0,7,0,0,0,0,0,3,2,2,0,7,0,0,0,7
12/29/2021,ALW,WA,ANM,WE,Federal Contract Tower,3,2,0,0,5,0,0,0,0,0,3,2,0,0,5,0,0,0,5
12/30/2021,ALW,WA,ANM,WE,Federal Contract Tower,0,0,2,0,2,0,0,0,0,0,0,0,2,0,2,0,0,0,2
12/31/2021,ALW,WA,ANM,WE,Federal Contract Tower,3,5,0,0,8,0,0,5,0,5,3,5,5,0,13,0,0,0,13
01/01/2022,ALW,WA,ANM,WE,Federal Contract Tower,3,3,2,0,8,0,1,2,0,3,3,4,4,0,11,0,0,0,11
01/02/2022,ALW,WA,ANM,WE,Federal Contract Tower,2,0,4,0,6,0,1,2,0,3,2,1,6,0,9,14,0,14,23
01/03/2022,ALW,WA,ANM,WE,Federal Contract Tower,2,0,1,0,3,0,0,0,0,0,2,0,1,0,3,0,0,0,3
01/04/2022,ALW,WA,ANM,WE,Federal Contract Tower,3,4,0,0,7,0,0,0,0,0,3,4,0,0,7,36,0,36,43
01/05/2022,ALW,WA,ANM,WE,Federal Contract Tower,3,0,1,0,4,0,0,0,0,0,3,0,1,0,4,0,0,0,4
01/06/2022,ALW,WA,ANM,WE,Federal Contract Tower,3,2,2,0,7,0,0,0,0,0,3,2,2,0,7,0,0,0,7
01/07/2022,ALW,WA,ANM,WE,Federal Contract Tower,2,2,4,0,8,0,2,0,0,2,2,4,4,0,10,0,0,0,10
01/08/2022,ALW,WA,ANM,WE,Federal Contract Tower,3,0,9,0,12,0,0,30,0,30,3,0,39,0,42,4,0,4,46
01/09/2022,ALW,WA,ANM,WE,Federal Contract Tower,3,3,7,0,13,0,2,42,0,44,3,5,49,0,57,82,0,82,139
01/10/2022,ALW,WA,ANM,WE,Federal Contract Tower,3,2,4,0,9,0,0,3,0,3,3,2,7,0,12,18,0,18,30
01/11/2022,ALW,WA,ANM,WE,Federal Contract Tower,3,6,9,0,18,0,0,18,0,18,3,6,27,0,36,40,0,40,76
01/12/2022,ALW,WA,ANM,WE,Federal Contract Tower,3,2,26,0,31,0,3,24,0,27,3,5,50,0,58,70,0,70,128
01/13/2022,ALW,WA,ANM,WE,Federal Contract Tower,3,2,32,0,37,0,4,20,1,25,3,6,52,1,62,120,0,120,182
01/14/2022,ALW,WA,ANM,WE,Federal Contract Tower,1,2,2,0,5,0,0,0,0,0,1,2,2,0,5,0,0,0,5
01/15/2022,ALW,WA,ANM,WE,Federal Contract Tower,2,0,6,0,8,0,0,0,0,0,2,0,6,0,8,0,0,0,8
01/16/2022,ALW,WA,ANM,WE,Federal Contract Tower,2,0,2,0,4,0,0,0,0,0,2,0,2,0,4,0,0,0,4
01/17/2022,ALW,WA,ANM,WE,Federal Contract Tower,2,1,1,0,4,0,0,8,0,8,2,1,9,0,12,28,0,28,40
01/18/2022,ALW,WA,ANM,WE,Federal Contract Tower,2,2,16,0,20,0,0,18,0,18,2,2,34,0,38,70,0,70,108
01/19/2022,ALW,WA,ANM,WE,Federal Contract Tower,2,2,2,0,6,0,0,0,0,0,2,2,2,0,6,0,0,0,6
01/20/2022,ALW,WA,ANM,WE,Federal Contract Tower,2,6,33,2,43,0,4,22,0,26,2,10,55,2,69,90,0,90,159
01/21/2022,ALW,WA,ANM,WE,Federal Contract Tower,2,4,26,0,32,0,1,64,0,65,2,5,90,0,97,216,0,216,313
01/22/2022,ALW,WA,ANM,WE,Federal Contract Tower,1,2,3,0,6,0,0,0,0,0,1,2,3,0,6,0,0,0,6
01/23/2022,ALW,WA,ANM,WE,Federal Contract Tower,2,0,1,0,3,0,0,0,0,0,2,0,1,0,3,0,0,0,3
01/24/2022,ALW,WA,ANM,WE,Federal Contract Tower,2,3,2,0,7,0,0,0,0,0,2,3,2,0,7,0,0,0,7
01/25/2022,ALW,WA,ANM,WE,Federal Contract Tower,3,3,3,0,9,0,0,0,0,0,3,3,3,0,9,0,0,0,9
01/26/2022,ALW,WA,ANM,WE,Federal Contract Tower,3,4,4,0,11,0,0,0,0,0,3,4,4,0,11,0,0,0,11
01/27/2022,ALW,WA,ANM,WE,Federal Contract Tower,3,3,6,0,12,0,0,2,0,2,3,3,8,0,14,0,0,0,14
01/28/2022,ALW,WA,ANM,WE,Federal Contract Tower,3,2,5,0,10,0,0,9,0,9,3,2,14,0,19,26,0,26,45
01/29/2022,ALW,WA,ANM,WE,Federal Contract Tower,3,0,9,0,12,0,2,7,0,9,3,2,16,0,21,20,0,20,41
01/30/2022,ALW,WA,ANM,WE,Federal Contract Tower,3,0,9,0,12,0,0,22,0,22,3,0,31,0,34,62,0,62,96
01/31/2022,ALW,WA,ANM,WE,Federal Contract Tower,3,2,13,0,18,0,2,5,2,9,3,4,18,2,27,12,0,12,39
02/01/2022,ALW,WA,ANM,WE,Federal Contract Tower,2,6,17,0,25,0,2,41,0,43,2,8,58,0,68,112,0,112,180
02/02/2022,ALW,WA,ANM,WE,Federal Contract Tower,3,3,23,0,29,0,2,27,0,29,3,5,50,0,58,34,0,34,92
02/03/2022,ALW,WA,ANM,WE,Federal Contract Tower,3,4,7,0,14,0,1,27,0,28,3,5,34,0,42,72,0,72,114
02/04/2022,ALW,WA,ANM,WE,Federal Contract Tower,3,2,10,0,15,0,0,6,0,6,3,2,16,0,21,70,0,70,91
02/05/2022,ALW,WA,ANM,WE,Federal Contract Tower,2,0,7,0,9,0,2,30,0,32,2,2,37,0,41,16,0,16,57
02/06/2022,ALW,WA,ANM,WE,Federal Contract Tower,3,0,17,0,20,0,2,45,0,47,3,2,62,0,67,102,0,102,169
02/07/2022,ALW,WA,ANM,WE,Federal Contract Tower,3,3,7,0,13,0,0,15,0,15,3,3,22,0,28,20,0,20,48
02/08/2022,ALW,WA,ANM,WE,Federal Contract Tower,2,4,20,0,26,0,1,36,0,37,2,5,56,0,63,88,0,88,151
02/09/2022,ALW,WA,ANM,WE,Federal Contract Tower,2,7,12,0,21,0,3,27,2,32,2,10,39,2,53,44,0,44,97
02/10/2022,ALW,WA,ANM,WE,Federal Contract Tower,2,3,3,0,8,0,2,30,0,32,2,5,33,0,40,94,0,94,134
02/11/2022,ALW,WA,ANM,WE,Federal Contract Tower,3,2,11,0,16,0,2,35,0,37,3,4,46,0,53,74,0,74,127
02/12/2022,ALW,WA,ANM,WE,Federal Contract Tower,3,1,5,0,9,0,0,62,0,62,3,1,67,0,71,60,0,60,131
02/13/2022,ALW,WA,ANM,WE,Federal Contract Tower,3,0,2,0,5,0,5,46,0,51,3,5,48,0,56,20,0,20,76
02/14/2022,ALW,WA,ANM,WE,Federal Contract Tower,3,4,10,0,17,0,0,11,0,11,3,4,21,0,28,10,0,10,38
02/15/2022,ALW,WA,ANM,WE,Federal Contract Tower,3,2,6,0,11,0,0,37,0,37,3,2,43,0,48,88,0,88,136
02/16/2022,ALW,WA,ANM,WE,Federal Contract Tower,3,3,14,0,20,0,5,33,4,42,3,8,47,4,62,28,0,28,90
02/17/2022,ALW,WA,ANM,WE,Federal Contract Tower,3,2,16,0,21,0,1,30,0,31,3,3,46,0,52,84,0,84,136
02/18/2022,ALW,WA,ANM,WE,Federal Contract Tower,3,4,31,0,38,0,0,52,0,52,3,4,83,0,90,138,0,138,228
02/19/2022,ALW,WA,ANM,WE,Federal Contract Tower,2,0,4,0,6,0,2,20,0,22,2,2,24,0,28,34,0,34,62
02/20/2022,ALW,WA,ANM,WE,Federal Contract Tower,3,1,1,0,5,0,2,2,0,4,3,3,3,0,9,0,0,0,9
02/21/2022,ALW,WA,ANM,WE,Federal Contract Tower,3,2,1,0,6,0,1,5,0,6,3,3,6,0,12,34,0,34,46
02/22/2022,ALW,WA,ANM,WE,Federal Contract Tower,3,2,4,0,9,0,1,4,0,5,3,3,8,0,14,10,0,10,24
02/23/2022,ALW,WA,ANM,WE,Federal Contract Tower,3,6,28,0,37,0,1,35,0,36,3,7,63,0,73,36,0,36,109
02/24/2022,ALW,WA,ANM,WE,Federal Contract Tower,3,5,7,0,15,0,0,0,0,0,3,5,7,0,15,0,0,0,15
02/25/2022,ALW,WA,ANM,WE,Federal Contract Tower,3,2,28,0,33,0,0,46,0,46,3,2,74,0,79,148,0,148,227
02/26/2022,ALW,WA,ANM,WE,Federal Contract Tower,3,0,6,0,9,0,0,31,0,31,3,0,37,0,40,44,0,44,84
02/27/2022,ALW,WA,ANM,WE,Federal Contract Tower,2,0,9,0,11,0,1,18,0,19,2,1,27,0,30,12,0,12,42
02/28/2022,ALW,WA,ANM,WE,Federal Contract Tower,3,4,0,0,7,0,0,0,0,0,3,4,0,0,7,0,0,0,7
03/01/2022,ALW,WA,ANM,WE,Federal Contract Tower,3,6,14,0,23,0,3,38,0,41,3,9,52,0,64,46,0,46,110
03/02/2022,ALW,WA,ANM,WE,Federal Contract Tower,2,2,27,0,31,0,1,4,0,5,2,3,31,0,36,14,0,14,50
03/03/2022,ALW,WA,ANM,WE,Federal Contract Tower,3,4,27,0,34,0,0,10,0,10,3,4,37,0,44,48,0,48,92
03/04/2022,ALW,WA,ANM,WE,Federal Contract Tower,3,4,21,0,28,0,0,58,0,58,3,4,79,0,86,142,0,142,228
03/05/2022,ALW,WA,ANM,WE,Federal Contract Tower,3,3,7,0,13,0,0,29,0,29,3,3,36,0,42,30,0,30,72
03/06/2022,ALW,WA,ANM,WE,Federal Contract Tower,3,2,8,0,13,0,0,39,0,39,3,2,47,0,52,78,0,78,130
03/07/2022,ALW,WA,ANM,WE,Federal Contract Tower,3,2,16,0,21,0,4,42,0,46,3,6,58,0,67,40,0,40,107
03/08/2022,ALW,WA,ANM,WE,Federal Contract Tower,3,6,15,0,24,0,2,21,0,23,3,8,36,0,47,26,0,26,73
03/09/2022,ALW,WA,ANM,WE,Federal Contract Tower,3,2,28,0,33,0,1,53,0,54,3,3,81,0,87,110,0,110,197
03/10/2022,ALW,WA,ANM,WE,Federal Contract Tower,3,4,25,1,33,0,2,38,1,41,3,6,63,2,74,162,0,162,236
03/11/2022,ALW,WA,ANM,WE,Federal Contract Tower,3,6,15,0,24,0,2,47,0,49,3,8,62,0,73,146,0,146,219
03/12/2022,ALW,WA,ANM,WE,Federal Contract Tower,3,0,10,0,13,0,2,39,0,41,3,2,49,0,54,86,0,86,140
03/13/2022,ALW,WA,ANM,WE,Federal Contract Tower,2,2,6,0,10,0,0,9,0,9,2,2,15,0,19,28,0,28,47
03/14/2022,ALW,WA,ANM,WE,Federal Contract Tower,3,2,6,0,11,0,2,32,0,34,3,4,38,0,45,28,0,28,73
03/15/2022,ALW,WA,ANM,WE,Federal Contract Tower,2,2,11,0,15,0,0,19,0,19,2,2,30,0,34,40,0,40,74
03/16/2022,ALW,WA,ANM,WE,Federal Contract Tower,3,6,8,0,17,0,3,37,0,40,3,9,45,0,57,54,0,54,111
03/17/2022,ALW,WA,ANM,WE,Federal Contract Tower,3,4,7,0,14,0,0,21,0,21,3,4,28,0,35,48,0,48,83
03/18/2022,ALW,WA,ANM,WE,Federal Contract Tower,2,2,2,0,6,0,2,28,3,33,2,4,30,3,39,54,0,54,93
03/19/2022,ALW,WA,ANM,WE,Federal Contract Tower,3,0,0,0,3,0,6,5,0,11,3,6,5,0,14,48,0,48,62
03/20/2022,ALW,WA,ANM,WE,Federal Contract Tower,2,2,7,0,11,0,2,9,0,11,2,4,16,0,22,8,0,8,30
03/21/2022,ALW,WA,ANM,WE,Federal Contract Tower,2,4,3,2,11,0,0,7,0,7,2,4,10,2,18,12,0,12,30
03/22/2022,ALW,WA,ANM,WE,Federal Contract Tower,3,6,4,0,13,0,4,19,0,23,3,10,23,0,36,68,0,68,104
03/23/2022,ALW,WA,ANM,WE,Federal Contract Tower,3,2,13,0,18,0,0,16,0,16,3,2,29,0,34,10,0,10,44
03/24/2022,ALW,WA,ANM,WE,Federal Contract Tower,3,2,10,1,16,0,2,22,0,24,3,4,32,1,40,46,0,46,86
03/25/2022,ALW,WA,ANM,WE,Federal Contract Tower,3,5,11,0,19,0,0,19,0,19,3,5,30,0,38,0,0,0,38
03/26/2022,ALW,WA,ANM,WE,Federal Contract Tower,3,0,12,0,15,0,1,15,0,16,3,1,27,0,31,4,0,4,35
03/27/2022,ALW,WA,ANM,WE,Federal Contract Tower,2,0,11,0,13,0,0,45,0,45,2,0,56,0,58,2,0,2,60
03/28/2022,ALW,WA,ANM,WE,Federal Contract Tower,3,2,11,0,16,0,1,16,0,17,3,3,27,0,33,76,0,76,109
03/29/2022,ALW,WA,ANM,WE,Federal Contract Tower,2,1,9,0,12,0,1,26,2,29,2,2,35,2,41,40,0,40,81
03/30/2022,ALW,WA,ANM,WE,Federal Contract Tower,2,1,11,0,14,0,2,13,0,15,2,3,24,0,29,22,0,22,51
03/31/2022,ALW,WA,ANM,WE,Federal Contract Tower,3,4,5,0,12,0,5,23,0,28,3,9,28,0,40,14,0,14,54
04/01/2022,ALW,WA,ANM,WE,Federal Contract Tower,3,2,17,0,22,0,6,43,0,49,3,8,60,0,71,70,0,70,141
04/02/2022,ALW,WA,ANM,WE,Federal Contract Tower,3,3,9,0,15,0,2,12,0,14,3,5,21,0,29,20,0,20,49
04/03/2022,ALW,WA,ANM,WE,Federal Contract Tower,2,0,8,0,10,0,7,38,0,45,2,7,46,0,55,100,0,100,155
04/04/2022,ALW,WA,ANM,WE,Federal Contract Tower,3,0,0,0,3,0,0,0,0,0,3,0,0,0,3,0,0,0,3
04/05/2022,ALW,WA,ANM,WE,Federal Contract Tower,3,2,1,0,6,0,1,4,0,5,3,3,5,0,11,0,0,0,11
04/06/2022,ALW,WA,ANM,WE,Federal Contract Tower,3,5,17,0,25,0,0,41,0,41,3,5,58,0,66,58,0,58,124
04/07/2022,ALW,WA,ANM,WE,Federal Contract Tower,3,2,13,2,20,0,0,38,0,38,3,2,51,2,58,142,0,142,200
04/08/2022,ALW,WA,ANM,WE,Federal Contract Tower,2,3,7,0,12,0,2,7,0,9,2,5,14,0,21,4,0,4,25
04/09/2022,ALW,WA,ANM,WE,Federal Contract Tower,3,1,3,0,7,0,2,7,0,9,3,3,10,0,16,2,0,2,18
04/10/2022,ALW,WA,ANM,WE,Federal Contract Tower,3,3,1,0,7,0,1,7,0,8,3,4,8,0,15,28,0,28,43
04/11/2022,ALW,WA,ANM,WE,Federal Contract Tower,2,5,11,2,20,0,0,3,2,5,2,5,14,4,25,0,6,6,31
04/12/2022,ALW,WA,ANM,WE,Federal Contract Tower,3,4,4,0,11,0,1,2,0,3,3,5,6,0,14,20,0,20,34
04/13/2022,ALW,WA,ANM,WE,Federal Contract Tower,3,6,10,0,19,0,2,13,0,15,3,8,23,0,34,154,0,154,188
04/14/2022,ALW,WA,ANM,WE,Federal Contract Tower,3,5,5,0,13,0,0,0,0,0,3,5,5,0,13,0,0,0,13
04/15/2022,ALW,WA,ANM,WE,Federal Contract Tower,3,4,4,0,11,0,0,18,0,18,3,4,22,0,29,78,0,78,107
04/16/2022,ALW,WA,ANM,WE,Federal Contract Tower,3,0,0,0,3,0,0,0,0,0,3,0,0,0,3,0,0,0,3
04/17/2022,ALW,WA,ANM,WE,Federal Contract Tower,3,0,10,0,13,0,3,44,0,47,3,3,54,0,60,56,0,56,116
04/18/2022,ALW,WA,ANM,WE,Federal Contract Tower,3,2,11,0,16,0,4,35,0,39,3,6,46,0,55,126,0,126,181
04/19/2022,ALW,WA,ANM,WE,Federal Contract Tower,3,2,14,2,21,0,0,38,0,38,3,2,52,2,59,46,0,46,105
04/20/2022,ALW,WA,ANM,WE,Federal Contract Tower,3,6,2,0,11,0,2,23,0,25,3,8,25,0,36,84,0,84,120
04/21/2022,ALW,WA,ANM,WE,Federal Contract Tower,3,3,11,0,17,0,2,18,0,20,3,5,29,0,37,48,0,48,85
04/22/2022,ALW,WA,ANM,WE,Federal Contract Tower,3,9,15,0,27,0,5,46,0,51,3,14,61,0,78,136,0,136,214
04/23/2022,ALW,WA,ANM,WE,Federal Contract Tower,2,3,12,0,17,0,3,32,0,35,2,6,44,0,52,46,0,46,98
04/24/2022,ALW,WA,ANM,WE,Federal Contract Tower,2,0,9,0,11,0,7,62,0,69,2,7,71,0,80,162,0,162,242
04/25/2022,ALW,WA,ANM,WE,Federal Contract Tower,2,4,10,0,16,0,4,34,0,38,2,8,44,0,54,118,0,118,172
04/26/2022,ALW,WA,ANM,WE,Federal Contract Tower,3,3,9,0,15,0,5,9,0,14,3,8,18,0,29,22,0,22,51
04/27/2022,ALW,WA,ANM,WE,Federal Contract Tower,2,3,11,0,16,10,18,0,0,28,12,21,11,0,44,70,0,70,114
04/28/2022,ALW,WA,ANM,WE,Federal Contract Tower,4,3,15,0,22,0,2,38,0,40,4,5,53,0,62,72,0,72,134
04/29/2022,ALW,WA,ANM,WE,Federal Contract Tower,3,8,15,0,26,0,4,24,0,28,3,12,39,0,54,44,0,44,98
04/30/2022,ALW,WA,ANM,WE,Federal Contract Tower,3,1,1,0,5,0,0,3,0,3,3,1,4,0,8,0,0,0,8
05/01/2022,ALW,WA,ANM,WE,Federal Contract Tower,2,7,10,0,19,0,3,31,0,34,2,10,41,0,53,76,0,76,129
05/02/2022,ALW,WA,ANM,WE,Federal Contract Tower,2,3,2,0,7,0,0,5,0,5,2,3,7,0,12,12,0,12,24
05/03/2022,ALW,WA,ANM,WE,Federal Contract Tower,2,6,9,2,19,0,1,30,0,31,2,7,39,2,50,66,0,66,116
05/04/2022,ALW,WA,ANM,WE,Federal Contract Tower,3,4,10,1,18,0,2,36,1,39,3,6,46,2,57,78,0,78,135
05/05/2022,ALW,WA,ANM,WE,Federal Contract Tower,3,1,6,0,10,0,2,3,0,5,3,3,9,0,15,14,0,14,29
05/06/2022,ALW,WA,ANM,WE,Federal Contract Tower,3,7,9,0,19,0,0,16,0,16,3,7,25,0,35,36,0,36,71
05/07/2022,ALW,WA,ANM,WE,Federal Contract Tower,3,1,5,0,9,0,3,2,0,5,3,4,7,0,14,0,0,0,14
05/08/2022,ALW,WA,ANM,WE,Federal Contract Tower,2,1,10,0,13,0,1,21,0,22,2,2,31,0,35,42,0,42,77
05/09/2022,ALW,WA,ANM,WE,Federal Contract Tower,3,2,9,0,14,0,0,25,0,25,3,2,34,0,39,66,0,66,105
05/10/2022,ALW,WA,ANM,WE,Federal Contract Tower,2,4,22,0,28,0,2,54,0,56,2,6,76,0,84,34,0,34,118
05/11/2022,ALW,WA,ANM,WE,Federal Contract Tower,3,3,7,0,13,0,4,68,0,72,3,7,75,0,85,72,2,74,159
05/12/2022,ALW,WA,ANM,WE,Federal Contract Tower,2,2,11,0,15,0,3,16,0,19,2,5,27,0,34,64,0,64,98
05/13/2022,ALW,WA,ANM,WE,Federal Contract Tower,2,6,23,0,31,0,0,40,0,40,2,6,63,0,71,161,0,161,232
05/14/2022,ALW,WA,ANM,WE,Federal Contract Tower,3,1,13,0,17,0,2,10,0,12,3,3,23,0,29,4,0,4,33
05/15/2022,ALW,WA,ANM,WE,Federal Contract Tower,3,2,10,0,15,0,0,38,0,38,3,2,48,0,53,32,0,32,85
05/16/2022,ALW,WA,ANM,WE,Federal Contract Tower,3,3,12,0,18,0,2,25,0,27,3,5,37,0,45,66,0,66,111
05/17/2022,ALW,WA,ANM,WE,Federal Contract Tower,3,4,10,2,19,0,2,49,0,51,3,6,59,2,70,74,0,74,144
05/18/2022,ALW,WA,ANM,WE,Federal Contract Tower,3,4,8,0,15,0,1,20,0,21,3,5,28,0,36,36,0,36,72
05/19/2022,ALW,WA,ANM,WE,Federal Contract Tower,2,2,8,0,12,0,3,19,0,22,2,5,27,0,34,42,0,42,76
05/20/2022,ALW,WA,ANM,WE,Federal Contract Tower,2,3,12,0,17,0,3,48,0,51,2,6,60,0,68,84,0,84,152
05/21/2022,ALW,WA,ANM,WE,Federal Contract Tower,2,1,12,0,15,0,4,39,0,43,2,5,51,0,58,30,0,30,88
05/22/2022,ALW,WA,ANM,WE,Federal Contract Tower,3,1,9,0,13,0,0,71,0,71,3,1,80,0,84,84,0,84,168
05/23/2022,ALW,WA,ANM,WE,Federal Contract Tower,2,7,11,0,20,0,4,44,0,48,2,11,55,0,68,98,0,98,166
05/24/2022,ALW,WA,ANM,WE,Federal Contract Tower,2,3,12,0,17,0,2,68,0,70,2,5,80,0,87,140,0,140,227
05/25/2022,ALW,WA,ANM,WE,Federal Contract Tower,2,5,20,0,27,0,1,42,0,43,2,6,62,0,70,36,0,36,106
05/26/2022,ALW,WA,ANM,WE,Federal Contract Tower,2,3,25,0,30,0,0,59,0,59,2,3,84,0,89,98,0,98,187
05/27/2022,ALW,WA,ANM,WE,Federal Contract Tower,2,4,4,0,10,0,1,19,0,20,2,5,23,0,30,38,0,38,68
05/28/2022,ALW,WA,ANM,WE,Federal Contract Tower,2,1,5,0,8,0,3,50,0,53,2,4,55,0,61,74,0,74,135
05/29/2022,ALW,WA,ANM,WE,Federal Contract Tower,2,0,9,0,11,0,1,0,0,1,2,1,9,0,12,0,0,0,12
05/30/2022,ALW,WA,ANM,WE,Federal Contract Tower,2,3,15,0,20,0,7,35,0,42,2,10,50,0,62,54,0,54,116
05/31/2022,ALW,WA,ANM,WE,Federal Contract Tower,2,6,17,0,25,0,2,52,4,58,2,8,69,4,83,80,0,80,163
06/01/2022,ALW,WA,ANM,WE,Federal Contract Tower,2,3,15,0,20,0,4,51,0,55,2,7,66,0,75,122,0,122,197
06/02/2022,ALW,WA,ANM,WE,Federal Contract Tower,2,3,7,0,12,0,3,27,0,30,2,6,34,0,42,30,0,30,72
06/03/2022,ALW,WA,ANM,WE,Federal Contract Tower,2,4,8,0,14,0,3,39,0,42,2,7,47,0,56,24,0,24,80
06/04/2022,ALW,WA,ANM,WE,Federal Contract Tower,2,1,3,0,6,0,2,21,0,23,2,3,24,0,29,38,0,38,67
06/05/2022,ALW,WA,ANM,WE,Federal Contract Tower,2,0,7,0,9,0,0,98,0,98,2,0,105,0,107,2,0,2,109
06/06/2022,ALW,WA,ANM,WE,Federal Contract Tower,2,2,2,0,6,0,4,35,0,39,2,6,37,0,45,82,0,82,127
06/07/2022,ALW,WA,ANM,WE,Federal Contract Tower,2,4,8,0,14,0,4,49,0,53,2,8,57,0,67,42,0,42,109
06/08/2022,ALW,WA,ANM,WE,Federal Contract Tower,2,3,4,0,9,0,3,43,0,46,2,6,47,0,55,56,0,56,111
06/09/2022,ALW,WA,ANM,WE,Federal Contract Tower,2,4,9,0,15,0,0,48,0,48,2,4,57,0,63,102,0,102,165
06/10/2022,ALW,WA,ANM,WE,Federal Contract Tower,2,2,12,0,16,0,3,14,0,17,2,5,26,0,33,20,0,20,53
06/11/2022,ALW,WA,ANM,WE,Federal Contract Tower,2,2,2,0,6,0,0,19,0,19,2,2,21,0,25,2,0,2,27
06/12/2022,ALW,WA,ANM,WE,Federal Contract Tower,2,1,6,0,9,0,0,3,16,19,2,1,9,16,28,56,0,56,84
06/13/2022,ALW,WA,ANM,WE,Federal Contract Tower,2,6,6,0,14,0,1,2,0,3,2,7,8,0,17,28,0,28,45
06/14/2022,ALW,WA,ANM,WE,Federal Contract Tower,2,3,2,0,7,0,1,1,0,2,2,4,3,0,9,6,0,6,15
06/15/2022,ALW,WA,ANM,WE,Federal Contract Tower,2,4,7,0,13,0,2,58,0,60,2,6,65,0,73,76,0,76,149
06/16/2022,ALW,WA,ANM,WE,Federal Contract Tower,2,3,8,0,13,0,4,45,0,49,2,7,53,0,62,40,0,40,102
06/17/2022,ALW,WA,ANM,WE,Federal Contract Tower,2,3,15,0,20,0,3,40,0,43,2,6,55,0,63,28,0,28,91
06/18/2022,ALW,WA,ANM,WE,Federal Contract Tower,2,2,25,0,29,0,0,40,0,40,2,2,65,0,69,54,0,54,123
06/19/2022,ALW,WA,ANM,WE,Federal Contract Tower,2,2,3,0,7,0,4,48,0,52,2,6,51,0,59,2,0,2,61
06/20/2022,ALW,WA,ANM,WE,Federal Contract Tower,2,8,7,0,17,0,2,40,2,44,2,10,47,2,61,78,2,80,141
06/21/2022,ALW,WA,ANM,WE,Federal Contract Tower,2,2,4,0,8,0,8,25,0,33,2,10,29,0,41,38,0,38,79
06/22/2022,ALW,WA,ANM,WE,Federal Contract Tower,2,6,13,0,21,0,0,54,0,54,2,6,67,0,75,56,0,56,131
06/23/2022,ALW,WA,ANM,WE,Federal Contract Tower,3,5,3,0,11,0,8,39,0,47,3,13,42,0,58,50,0,50,108
06/24/2022,ALW,WA,ANM,WE,Federal Contract Tower,2,2,12,0,16,0,4,59,0,63,2,6,71,0,79,88,0,88,167
06/25/2022,ALW,WA,ANM,WE,Federal Contract Tower,2,0,1,0,3,0,3,39,0,42,2,3,40,0,45,26,0,26,71
06/26/2022,ALW,WA,ANM,WE,Federal Contract Tower,2,1,12,0,15,0,6,65,0,71,2,7,77,0,86,53,0,53,139
06/27/2022,ALW,WA,ANM,WE,Federal Contract Tower,2,2,11,0,15,0,6,20,0,26,2,8,31,0,41,62,0,62,103
06/28/2022,ALW,WA,ANM,WE,Federal Contract Tower,2,2,7,0,11,0,1,52,0,53,2,3,59,0,64,52,0,52,116
06/29/2022,ALW,WA,ANM,WE,Federal Contract Tower,2,3,14,0,19,0,0,58,0,58,2,3,72,0,77,80,0,80,157
06/30/2022,ALW,WA,ANM,WE,Federal Contract Tower,2,2,13,0,17,0,0,62,0,62,2,2,75,0,79,70,0,70,149
07/01/2022,ALW,WA,ANM,WE,Federal Contract Tower,2,3,7,0,12,0,5,86,0,91,2,8,93,0,103,98,0,98,201
07/02/2022,ALW,WA,ANM,WE,Federal Contract Tower,2,0,3,0,5,0,2,38,0,40,2,2,41,0,45,18,0,18,63
07/03/2022,ALW,WA,ANM,WE,Federal Contract Tower,2,2,0,0,4,0,3,25,0,28,2,5,25,0,32,46,0,46,78
07/04/2022,ALW,WA,ANM,WE,Federal Contract Tower,2,0,7,0,9,0,2,29,0,31,2,2,36,0,40,70,0,70,110
07/05/2022,ALW,WA,ANM,WE,Federal Contract Tower,2,3,2,0,7,0,1,56,0,57,2,4,58,0,64,156,0,156,220
07/06/2022,ALW,WA,ANM,WE,Federal Contract Tower,2,2,6,0,10,0,4,64,0,68,2,6,70,0,78,100,0,100,178
07/07/2022,ALW,WA,ANM,WE,Federal Contract Tower,2,3,9,0,14,0,4,50,0,54,2,7,59,0,68,112,0,112,180
07/08/2022,ALW,WA,ANM,WE,Federal Contract Tower,2,5,5,0,12,0,1,48,0,49,2,6,53,0,61,92,0,92,153
07/09/2022,ALW,WA,ANM,WE,Federal Contract Tower,2,2,3,0,7,0,1,39,0,40,2,3,42,0,47,36,0,36,83
07/10/2022,ALW,WA,ANM,WE,Federal Contract Tower,2,2,12,0,16,0,1,45,0,46,2,3,57,0,62,44,0,44,106
07/11/2022,ALW,WA,ANM,WE,Federal Contract Tower,2,2,1,0,5,0,1,55,0,56,2,3,56,0,61,124,0,124,185
07/12/2022,ALW,WA,ANM,WE,Federal Contract Tower,2,2,6,0,10,0,4,53,4,61,2,6,59,4,71,78,0,78,149
07/13/2022,ALW,WA,ANM,WE,Federal Contract Tower,2,3,10,2,17,0,8,44,0,52,2,11,54,2,69,126,0,126,195
07/14/2022,ALW,WA,ANM,WE,Federal Contract Tower,2,4,4,0,10,0,0,43,0,43,2,4,47,0,53,72,0,72,125
07/15/2022,ALW,WA,ANM,WE,Federal Contract Tower,2,4,5,0,11,0,6,35,0,41,2,10,40,0,52,84,0,84,136
07/16/2022,ALW,WA,ANM,WE,Federal Contract Tower,2,0,4,0,6,0,9,35,0,44,2,9,39,0,50,34,0,34,84
07/17/2022,ALW,WA,ANM,WE,Federal Contract Tower,2,1,1,0,4,0,6,42,0,48,2,7,43,0,52,66,0,66,118
07/18/2022,ALW,WA,ANM,WE,Federal Contract Tower,2,5,3,0,10,0,7,42,0,49,2,12,45,0,59,34,0,34,93
07/19/2022,ALW,WA,ANM,WE,Federal Contract Tower,2,7,3,0,12,0,7,54,0,61,2,14,57,0,73,50,0,50,123
07/20/2022,ALW,WA,ANM,WE,Federal Contract Tower,2,1,4,0,7,0,4,38,0,42,2,5,42,0,49,46,0,46,95
07/21/2022,ALW,WA,ANM,WE,Federal Contract Tower,2,2,4,0,8,0,7,37,0,44,2,9,41,0,52,112,0,112,164
07/22/2022,ALW,WA,ANM,WE,Federal Contract Tower,2,3,2,0,7,0,3,36,0,39,2,6,38,0,46,74,0,74,120
07/23/2022,ALW,WA,ANM,WE,Federal Contract Tower,2,2,5,0,9,0,4,42,0,46,2,6,47,0,55,78,0,78,133
07/24/2022,ALW,WA,ANM,WE,Federal Contract Tower,2,0,3,0,5,0,3,29,0,32,2,3,32,0,37,106,4,110,147
07/25/2022,ALW,WA,ANM,WE,Federal Contract Tower,2,2,9,0,13,0,2,38,0,40,2,4,47,0,53,134,0,134,187
07/26/2022,ALW,WA,ANM,WE,Federal Contract Tower,2,2,17,0,21,0,2,39,0,41,2,4,56,0,62,92,0,92,154
07/27/2022,ALW,WA,ANM,WE,Federal Contract Tower,2,3,9,0,14,0,0,45,0,45,2,3,54,0,59,70,0,70,129
07/28/2022,ALW,WA,ANM,WE,Federal Contract Tower,2,6,7,0,15,0,3,19,0,22,2,9,26,0,37,88,0,88,125
07/29/2022,ALW,WA,ANM,WE,Federal Contract Tower,2,2,2,0,6,0,0,35,0,35,2,2,37,0,41,88,0,88,129
07/30/2022,ALW,WA,ANM,WE,Federal Contract Tower,2,0,3,0,5,0,3,42,0,45,2,3,45,0,50,28,0,28,78
07/31/2022,ALW,WA,ANM,WE,Federal Contract Tower,2,0,7,0,9,0,5,32,0,37,2,5,39,0,46,94,0,94,140
08/01/2022,ALW,WA,ANM,WE,Federal Contract Tower,2,2,1,0,5,0,0,35,0,35,2,2,36,0,40,160,0,160,200
08/02/2022,ALW,WA,ANM,WE,Federal Contract Tower,2,2,2,0,6,0,0,36,0,36,2,2,38,0,42,132,0,132,174
08/03/2022,ALW,WA,ANM,WE,Federal Contract Tower,2,2,11,0,15,0,12,34,0,46,2,14,45,0,61,118,0,118,179
08/04/2022,ALW,WA,ANM,WE,Federal Contract Tower,2,3,12,0,17,0,4,35,0,39,2,7,47,0,56,106,0,106,162
08/05/2022,ALW,WA,ANM,WE,Federal Contract Tower,2,2,4,0,8,0,7,45,0,52,2,9,49,0,60,154,0,154,214
08/06/2022,ALW,WA,ANM,WE,Federal Contract Tower,2,1,3,4,10,0,1,26,0,27,2,2,29,4,37,14,0,14,51
08/07/2022,ALW,WA,ANM,WE,Federal Contract Tower,2,0,13,0,15,0,0,38,0,38,2,0,51,0,53,42,0,42,95
08/08/2022,ALW,WA,ANM,WE,Federal Contract Tower,2,0,5,0,7,0,2,36,0,38,2,2,41,0,45,116,0,116,161
08/09/2022,ALW,WA,ANM,WE,Federal Contract Tower,2,3,6,0,11,0,0,23,0,23,2,3,29,0,34,76,0,76,110
08/10/2022,ALW,WA,ANM,WE,Federal Contract Tower,2,2,8,0,12,0,0,49,0,49,2,2,57,0,61,64,0,64,125
08/11/2022,ALW,WA,ANM,WE,Federal Contract Tower,2,6,5,0,13,0,0,44,0,44,2,6,49,0,57,131,0,131,188
08/12/2022,ALW,WA,ANM,WE,Federal Contract Tower,2,1,13,0,16,0,2,54,0,56,2,3,67,0,72,96,0,96,168
08/13/2022,ALW,WA,ANM,WE,Federal Contract Tower,2,0,0,0,2,0,4,27,0,31,2,4,27,0,33,118,0,118,151
08/14/2022,ALW,WA,ANM,WE,Federal Contract Tower,2,3,4,0,9,0,2,76,0,78,2,5,80,0,87,124,0,124,211
08/15/2022,ALW,WA,ANM,WE,Federal Contract Tower,2,2,3,0,7,0,4,48,0,52,2,6,51,0,59,110,0,110,169
08/16/2022,ALW,WA,ANM,WE,Federal Contract Tower,2,5,2,0,9,0,0,36,0,36,2,5,38,0,45,74,0,74,119
08/17/2022,ALW,WA,ANM,WE,Federal Contract Tower,1,3,2,0,6,0,0,35,0,35,1,3,37,0,41,14,0,14,55
08/18/2022,ALW,WA,ANM,WE,Federal Contract Tower,2,2,3,0,7,0,2,14,0,16,2,4,17,0,23,58,0,58,81
08/19/2022,ALW,WA,ANM,WE,Federal Contract Tower,2,6,4,0,12,0,1,27,0,28,2,7,31,0,40,12,0,12,52
08/20/2022,ALW,WA,ANM,WE,Federal Contract Tower,2,2,3,0,7,0,2,34,0,36,2,4,37,0,43,12,0,12,55
08/21/2022,ALW,WA,ANM,WE,Federal Contract Tower,2,0,5,0,7,0,3,53,0,56,2,3,58,0,63,50,0,50,113
08/22/2022,ALW,WA,ANM,WE,Federal Contract Tower,2,2,10,0,14,0,1,42,0,43,2,3,52,0,57,98,0,98,155
08/23/2022,ALW,WA,ANM,WE,Federal Contract Tower,2,3,7,0,12,0,0,40,0,40,2,3,47,0,52,92,0,92,144
08/24/2022,ALW,WA,ANM,WE,Federal Contract Tower,2,3,3,0,8,0,4,23,0,27,2,7,26,0,35,6,0,6,41
08/25/2022,ALW,WA,ANM,WE,Federal Contract Tower,2,4,6,0,12,0,5,37,0,42,2,9,43,0,54,38,0,38,92
08/26/2022,ALW,WA,ANM,WE,Federal Contract Tower,2,3,6,0,11,0,0,35,0,35,2,3,41,0,46,32,0,32,78
08/27/2022,ALW,WA,ANM,WE,Federal Contract Tower,2,0,4,0,6,0,4,14,0,18,2,4,18,0,24,8,0,8,32
08/28/2022,ALW,WA,ANM,WE,Federal Contract Tower,2,2,8,0,12,0,1,37,0,38,2,3,45,0,50,34,0,34,84
08/29/2022,ALW,WA,ANM,WE,Federal Contract Tower,2,2,1,0,5,0,1,19,0,20,2,3,20,0,25,56,0,56,81
08/30/2022,ALW,WA,ANM,WE,Federal Contract Tower,2,3,0,0,5,0,1,20,0,21,2,4,20,0,26,0,0,0,26
08/31/2022,ALW,WA,ANM,WE,Federal Contract Tower,2,3,10,0,15,0,0,44,0,44,2,3,54,0,59,52,0,52,111
09/01/2022,ALW,WA,ANM,WE,Federal Contract Tower,2,6,2,0,10,0,0,27,0,27,2,6,29,0,37,52,0,52,89
09/02/2022,ALW,WA,ANM,WE,Federal Contract Tower,2,4,2,0,8,0,7,31,2,40,2,11,33,2,48,6,0,6,54
09/03/2022,ALW,WA,ANM,WE,Federal Contract Tower,2,0,4,0,6,0,5,10,0,15,2,5,14,0,21,22,0,22,43
09/04/2022,ALW,WA,ANM,WE,Federal Contract Tower,2,3,1,0,6,0,2,28,0,30,2,5,29,0,36,16,0,16,52
09/05/2022,ALW,WA,ANM,WE,Federal Contract Tower,2,0,6,0,8,0,5,30,0,35,2,5,36,0,43,62,0,62,105
09/06/2022,ALW,WA,ANM,WE,Federal Contract Tower,2,5,1,0,8,0,3,26,0,29,2,8,27,0,37,42,0,42,79
09/07/2022,ALW,WA,ANM,WE,Federal Contract Tower,2,7,2,0,11,0,14,25,0,39,2,21,27,0,50,58,0,58,108
09/08/2022,ALW,WA,ANM,WE,Federal Contract Tower,2,4,8,0,14,0,3,31,0,34,2,7,39,0,48,50,0,50,98
09/09/2022,ALW,WA,ANM,WE,Federal Contract Tower,2,2,6,0,10,0,5,25,0,30,2,7,31,0,40,48,0,48,88
09/10/2022,ALW,WA,ANM,WE,Federal Contract Tower,2,0,4,0,6,0,13,24,0,37,2,13,28,0,43,16,0,16,59
09/11/2022,ALW,WA,ANM,WE,Federal Contract Tower,2,0,15,0,17,0,0,19,0,19,2,0,34,0,36,18,0,18,54
09/13/2022,ALW,WA,ANM,WE,Federal Contract Tower,2,5,8,0,15,0,0,11,0,11,2,5,19,0,26,30,0,30,56
09/14/2022,ALW,WA,ANM,WE,Federal Contract Tower,2,4,11,0,17,0,0,25,2,27,2,4,36,2,44,22,0,22,66
09/15/2022,ALW,WA,ANM,WE,Federal Contract Tower,2,6,7,0,15,0,0,35,0,35,2,6,42,0,50,56,0,56,106
09/16/2022,ALW,WA,ANM,WE,Federal Contract Tower,2,5,6,0,13,0,0,13,0,13,2,5,19,0,26,16,0,16,42
09/17/2022,ALW,WA,ANM,WE,Federal Contract Tower,2,0,7,0,9,0,7,15,0,22,2,7,22,0,31,24,0,24,55
09/18/2022,ALW,WA,ANM,WE,Federal Contract Tower,2,2,9,0,13,0,1,25,0,26,2,3,34,0,39,30,0,30,69
09/19/2022,ALW,WA,ANM,WE,Federal Contract Tower,2,4,4,0,10,0,5,17,0,22,2,9,21,0,32,36,0,36,68
09/20/2022,ALW,WA,ANM,WE,Federal Contract Tower,2,1,6,0,9,0,3,30,0,33,2,4,36,0,42,18,0,18,60
09/21/2022,ALW,WA,ANM,WE,Federal Contract Tower,2,1,4,0,7,0,3,18,0,21,2,4,22,0,28,22,0,22,50
09/22/2022,ALW,WA,ANM,WE,Federal Contract Tower,2,3,6,0,11,0,0,9,0,9,2,3,15,0,20,40,0,40,60
09/23/2022,ALW,WA,ANM,WE,Federal Contract Tower,2,2,7,0,11,0,4,31,0,35,2,6,38,0,46,48,0,48,94
09/25/2022,ALW,WA,ANM,WE,Federal Contract Tower,2,0,7,0,9,0,1,26,0,27,2,1,33,0,36,32,0,32,68
09/26/2022,ALW,WA,ANM,WE,Federal Contract Tower,2,1,3,0,6,0,1,30,0,31,2,2,33,0,37,12,0,12,49
09/27/2022,ALW,WA,ANM,WE,Federal Contract Tower,2,3,0,0,5,0,1,35,0,36,2,4,35,0,41,56,0,56,97
09/28/2022,ALW,WA,ANM,WE,Federal Contract Tower,3,6,6,0,15,0,4,31,0,35,3,10,37,0,50,46,0,46,96
09/29/2022,ALW,WA,ANM,WE,Federal Contract Tower,2,4,4,0,10,0,0,33,0,33,2,4,37,0,43,80,0,80,123
09/30/2022,ALW,WA,ANM,WE,Federal Contract Tower,2,4,7,0,13,0,13,52,0,65,2,17,59,0,78,52,0,52,130
10/01/2022,ALW,WA,ANM,WE,Federal Contract Tower,2,5,8,0,15,0,7,36,0,43,2,12,44,0,58,50,0,50,108
10/02/2022,ALW,WA,ANM,WE,Federal Contract Tower,2,6,21,0,29,0,3,50,0,53,2,9,71,0,82,20,0,20,102
10/03/2022,ALW,WA,ANM,WE,Federal Contract Tower,2,2,5,0,9,0,5,48,4,57,2,7,53,4,66,86,0,86,152
10/04/2022,ALW,WA,ANM,WE,Federal Contract Tower,2,4,6,3,15,0,0,52,0,52,2,4,58,3,67,102,0,102,169
10/05/2022,ALW,WA,ANM,WE,Federal Contract Tower,2,2,10,0,14,0,6,44,0,50,2,8,54,0,64,112,0,112,176
10/06/2022,ALW,WA,ANM,WE,Federal Contract Tower,2,2,2,0,6,0,3,54,0,57,2,5,56,0,63,96,0,96,159
10/07/2022,ALW,WA,ANM,WE,Federal Contract Tower,2,2,3,0,7,0,2,75,0,77,2,4,78,0,84,98,0,98,182
10/08/2022,ALW,WA,ANM,WE,Federal Contract Tower,2,0,9,0,11,0,5,45,0,50,2,5,54,0,61,16,0,16,77
10/09/2022,ALW,WA,ANM,WE,Federal Contract Tower,2,0,12,0,14,0,0,54,0,54,2,0,66,0,68,38,0,38,106
10/10/2022,ALW,WA,ANM,WE,Federal Contract Tower,2,1,6,0,9,0,0,32,0,32,2,1,38,0,41,70,0,70,111
10/11/2022,ALW,WA,ANM,WE,Federal Contract Tower,2,2,2,0,6,0,1,52,0,53,2,3,54,0,59,94,0,94,153
10/12/2022,ALW,WA,ANM,WE,Federal Contract Tower,2,2,8,0,12,0,0,63,0,63,2,2,71,0,75,50,0,50,125
10/13/2022,ALW,WA,ANM,WE,Federal Contract Tower,2,1,7,0,10,0,8,89,0,97,2,9,96,0,107,108,0,108,215
10/14/2022,ALW,WA,ANM,WE,Federal Contract Tower,2,4,8,0,14,0,13,62,0,75,2,17,70,0,89,46,0,46,135
10/15/2022,ALW,WA,ANM,WE,Federal Contract Tower,2,0,16,0,18,0,3,56,0,59,2,3,72,0,77,48,0,48,125
10/16/2022,ALW,WA,ANM,WE,Federal Contract Tower,2,1,9,0,12,0,6,24,0,30,2,7,33,0,42,78,0,78,120
10/17/2022,ALW,WA,ANM,WE,Federal Contract Tower,2,5,3,0,10,0,1,42,0,43,2,6,45,0,53,106,0,106,159
10/18/2022,ALW,WA,ANM,WE,Federal Contract Tower,2,3,4,0,9,0,0,50,0,50,2,3,54,0,59,76,0,76,135
10/19/2022,ALW,WA,ANM,WE,Federal Contract Tower,2,6,10,0,18,0,4,40,0,44,2,10,50,0,62,102,0,102,164
10/20/2022,ALW,WA,ANM,WE,Federal Contract Tower,2,4,16,0,22,0,7,56,0,63,2,11,72,0,85,74,0,74,159
10/21/2022,ALW,WA,ANM,WE,Federal Contract Tower,2,11,13,0,26,0,4,10,0,14,2,15,23,0,40,70,0,70,110
10/22/2022,ALW,WA,ANM,WE,Federal Contract Tower,2,6,12,0,20,0,0,14,0,14,2,6,26,0,34,50,0,50,84
10/23/2022,ALW,WA,ANM,WE,Federal Contract Tower,2,5,7,0,14,0,4,42,0,46,2,9,49,0,60,64,0,64,124
10/24/2022,ALW,WA,ANM,WE,Federal Contract Tower,2,4,3,2,11,0,0,9,0,9,2,4,12,2,20,66,0,66,86
10/25/2022,ALW,WA,ANM,WE,Federal Contract Tower,2,6,8,0,16,0,1,25,0,26,2,7,33,0,42,92,0,92,134
10/26/2022,ALW,WA,ANM,WE,Federal Contract Tower,2,2,5,0,9,0,9,20,0,29,2,11,25,0,38,74,0,74,112
10/27/2022,ALW,WA,ANM,WE,Federal Contract Tower,2,2,13,1,18,0,0,54,3,57,2,2,67,4,75,54,14,68,143
10/28/2022,ALW,WA,ANM,WE,Federal Contract Tower,2,2,11,0,15,0,0,28,0,28,2,2,39,0,43,50,0,50,93
10/29/2022,ALW,WA,ANM,WE,Federal Contract Tower,2,0,2,0,4,0,6,42,0,48,2,6,44,0,52,36,0,36,88
10/30/2022,ALW,WA,ANM,WE,Federal Contract Tower,2,0,7,0,9,0,0,20,0,20,2,0,27,0,29,24,0,24,53
10/31/2022,ALW,WA,ANM,WE,Federal Contract Tower,2,5,3,0,10,0,2,24,0,26,2,7,27,0,36,64,0,64,100
11/01/2022,ALW,WA,ANM,WE,Federal Contract Tower,2,4,11,0,17,0,0,0,0,0,2,4,11,0,17,0,0,0,17
11/02/2022,ALW,WA,ANM,WE,Federal Contract Tower,2,2,5,0,9,0,1,25,0,26,2,3,30,0,35,36,0,36,71
11/03/2022,ALW,WA,ANM,WE,Federal Contract Tower,2,5,4,0,11,0,0,33,0,33,2,5,37,0,44,110,0,110,154
11/04/2022,ALW,WA,ANM,WE,Federal Contract Tower,2,7,2,0,11,0,1,0,0,1,2,8,2,0,12,0,0,0,12
11/05/2022,ALW,WA,ANM,WE,Federal Contract Tower,2,3,1,0,6,0,0,3,0,3,2,3,4,0,9,0,0,0,9
11/06/2022,ALW,WA,ANM,WE,Federal Contract Tower,2,1,3,0,6,0,0,10,0,10,2,1,13,0,16,4,0,4,20
11/07/2022,ALW,WA,ANM,WE,Federal Contract Tower,2,4,16,0,22,0,1,44,2,47,2,5,60,2,69,136,0,136,205
11/08/2022,ALW,WA,ANM,WE,Federal Contract Tower,2,6,0,0,8,0,0,6,0,6,2,6,6,0,14,0,0,0,14
11/09/2022,ALW,WA,ANM,WE,Federal Contract Tower,2,2,10,0,14,0,0,59,0,59,2,2,69,0,73,114,0,114,187
11/10/2022,ALW,WA,ANM,WE,Federal Contract Tower,2,2,5,0,9,0,4,43,0,47,2,6,48,0,56,76,0,76,132
11/11/2022,ALW,WA,ANM,WE,Federal Contract Tower,2,4,2,0,8,0,0,0,0,0,2,4,2,0,8,0,0,0,8
11/12/2022,ALW,WA,ANM,WE,Federal Contract Tower,2,1,3,0,6,0,6,37,0,43,2,7,40,0,49,28,0,28,77
11/13/2022,ALW,WA,ANM,WE,Federal Contract Tower,2,2,4,0,8,0,3,30,0,33,2,5,34,0,41,136,0,136,177
11/14/2022,ALW,WA,ANM,WE,Federal Contract Tower,2,3,5,0,10,0,0,3,0,3,2,3,8,0,13,0,0,0,13
11/15/2022,ALW,WA,ANM,WE,Federal Contract Tower,2,2,0,0,4,0,0,0,0,0,2,2,0,0,4,0,0,0,4
11/16/2022,ALW,WA,ANM,WE,Federal Contract Tower,2,6,3,0,11,0,0,0,0,0,2,6,3,0,11,0,0,0,11
11/17/2022,ALW,WA,ANM,WE,Federal Contract Tower,2,7,4,0,13,0,0,0,0,0,2,7,4,0,13,0,0,0,13
11/18/2022,ALW,WA,ANM,WE,Federal Contract Tower,2,2,17,0,21,0,2,10,0,12,2,4,27,0,33,112,0,112,145
11/19/2022,ALW,WA,ANM,WE,Federal Contract Tower,4,0,0,0,4,0,0,0,0,0,4,0,0,0,4,0,0,0,4
11/20/2022,ALW,WA,ANM,WE,Federal Contract Tower,4,4,4,0,12,0,0,0,0,0,4,4,4,0,12,0,0,0,12
11/21/2022,ALW,WA,ANM,WE,Federal Contract Tower,2,2,4,0,8,0,0,0,0,0,2,2,4,0,8,0,0,0,8
11/22/2022,ALW,WA,ANM,WE,Federal Contract Tower,2,1,0,0,3,0,0,0,0,0,2,1,0,0,3,0,0,0,3
11/23/2022,ALW,WA,ANM,WE,Federal Contract Tower,0,3,7,0,10,0,0,33,0,33,0,3,40,0,43,50,0,50,93
11/24/2022,ALW,WA,ANM,WE,Federal Contract Tower,0,0,2,0,2,0,0,0,0,0,0,0,2,0,2,0,0,0,2
11/25/2022,ALW,WA,ANM,WE,Federal Contract Tower,2,3,11,0,16,0,0,3,0,3,2,3,14,0,19,4,0,4,23
11/26/2022,ALW,WA,ANM,WE,Federal Contract Tower,2,0,4,0,6,0,0,25,0,25,2,0,29,0,31,8,0,8,39
11/27/2022,ALW,WA,ANM,WE,Federal Contract Tower,2,0,2,0,4,0,0,16,0,16,2,0,18,0,20,16,0,16,36
11/28/2022,ALW,WA,ANM,WE,Federal Contract Tower,2,2,1,0,5,0,2,4,0,6,2,4,5,0,11,10,0,10,21
11/29/2022,ALW,WA,ANM,WE,Federal Contract Tower,2,2,3,0,7,0,6,26,0,32,2,8,29,0,39,92,0,92,131
11/30/2022,ALW,WA,ANM,WE,Federal Contract Tower,2,4,5,0,11,0,0,9,0,9,2,4,14,0,20,8,0,8,28
12/01/2022,ALW,WA,ANM,WE,Federal Contract Tower,0,3,4,0,7,0,2,35,0,37,0,5,39,0,44,114,0,114,158
12/02/2022,ALW,WA,ANM,WE,Federal Contract Tower,2,5,4,0,11,0,8,44,0,52,2,13,48,0,63,32,0,32,95
12/03/2022,ALW,WA,ANM,WE,Federal Contract Tower,2,2,2,0,6,0,2,14,0,16,2,4,16,0,22,8,0,8,30
12/04/2022,ALW,WA,ANM,WE,Federal Contract Tower,2,2,2,0,6,0,0,0,0,0,2,2,2,0,6,0,0,0,6
12/05/2022,ALW,WA,ANM,WE,Federal Contract Tower,2,5,2,0,9,0,0,0,0,0,2,5,2,0,9,0,0,0,9
12/06/2022,ALW,WA,ANM,WE,Federal Contract Tower,2,3,4,0,9,0,1,25,0,26,2,4,29,0,35,50,0,50,85
12/07/2022,ALW,WA,ANM,WE,Federal Contract Tower,0,0,2,0,2,0,0,0,0,0,0,0,2,0,2,0,0,0,2
12/08/2022,ALW,WA,ANM,WE,Federal Contract Tower,2,8,1,0,11,0,0,13,0,13,2,8,14,0,24,42,0,42,66
12/09/2022,ALW,WA,ANM,WE,Federal Contract Tower,2,8,24,0,34,0,0,26,0,26,2,8,50,0,60,100,0,100,160
12/10/2022,ALW,WA,ANM,WE,Federal Contract Tower,2,0,0,0,2,0,3,0,0,3,2,3,0,0,5,0,0,0,5
12/11/2022,ALW,WA,ANM,WE,Federal Contract Tower,2,6,0,0,8,0,0,0,0,0,2,6,0,0,8,0,0,0,8
12/12/2022,ALW,WA,ANM,WE,Federal Contract Tower,2,4,3,0,9,0,0,6,0,6,2,4,9,0,15,10,0,10,25
12/13/2022,ALW,WA,ANM,WE,Federal Contract Tower,2,8,3,0,13,0,0,25,0,25,2,8,28,0,38,62,0,62,100
12/14/2022,ALW,WA,ANM,WE,Federal Contract Tower,2,6,2,0,10,0,0,0,0,0,2,6,2,0,10,0,0,0,10
12/15/2022,ALW,WA,ANM,WE,Federal Contract Tower,2,2,2,0,6,0,0,0,0,0,2,2,2,0,6,0,0,0,6
12/16/2022,ALW,WA,ANM,WE,Federal Contract Tower,2,2,3,0,7,0,0,0,2,2,2,2,3,2,9,42,0,42,51
12/17/2022,ALW,WA,ANM,WE,Federal Contract Tower,2,4,2,0,8,0,0,2,0,2,2,4,4,0,10,4,0,4,14
12/18/2022,ALW,WA,ANM,WE,Federal Contract Tower,2,0,9,0,11,0,0,5,0,5,2,0,14,0,16,14,0,14,30
12/20/2022,ALW,WA,ANM,WE,Federal Contract Tower,2,4,5,0,11,0,0,0,0,0,2,4,5,0,11,0,0,0,11
12/21/2022,ALW,WA,ANM,WE,Federal Contract Tower,2,6,0,0,8,0,0,0,0,0,2,6,0,0,8,0,0,0,8
12/22/2022,ALW,WA,ANM,WE,Federal Contract Tower,2,4,4,0,10,0,0,4,0,4,2,4,8,0,14,4,0,4,18
12/23/2022,ALW,WA,ANM,WE,Federal Contract Tower,0,2,1,0,3,0,0,0,0,0,0,2,1,0,3,0,0,0,3
12/24/2022,ALW,WA,ANM,WE,Federal Contract Tower,0,1,3,0,4,0,0,0,0,0,0,1,3,0,4,0,0,0,4
12/25/2022,ALW,WA,ANM,WE,Federal Contract Tower,2,3,0,0,5,0,0,0,0,0,2,3,0,0,5,0,0,0,5
12/26/2022,ALW,WA,ANM,WE,Federal Contract Tower,2,1,2,0,5,0,0,0,0,0,2,1,2,0,5,0,0,0,5
12/27/2022,ALW,WA,ANM,WE,Federal Contract Tower,2,0,4,0,6,0,0,9,0,9,2,0,13,0,15,12,0,12,27
12/28/2022,ALW,WA,ANM,WE,Federal Contract Tower,2,5,5,0,12,0,0,13,0,13,2,5,18,0,25,28,0,28,53
12/29/2022,ALW,WA,ANM,WE,Federal Contract Tower,2,8,3,0,13,0,3,13,0,16,2,11,16,0,29,20,0,20,49
12/30/2022,ALW,WA,ANM,WE,Federal Contract Tower,2,10,0,0,12,0,0,15,0,15,2,10,15,0,27,24,0,24,51
12/31/2022,ALW,WA,ANM,WE,Federal Contract Tower,2,2,5,0,9,0,0,15,0,15,2,2,20,0,24,10,0,10,34
01/01/2023,ALW,WA,ANM,WE,Federal Contract Tower,2,0,0,0,2,0,0,0,0,0,2,0,0,0,2,0,0,0,2
01/02/2023,ALW,WA,ANM,WE,Federal Contract Tower,2,2,1,0,5,0,0,2,0,2,2,2,3,0,7,0,0,0,7
01/03/2023,ALW,WA,ANM,WE,Federal Contract Tower,2,2,0,0,4,0,0,17,0,17,2,2,17,0,21,34,0,34,55
01/04/2023,ALW,WA,ANM,WE,Federal Contract Tower,2,0,1,0,3,0,0,0,0,0,2,0,1,0,3,0,0,0,3
01/05/2023,ALW,WA,ANM,WE,Federal Contract Tower,2,2,6,0,10,0,2,12,0,14,2,4,18,0,24,44,0,44,68
01/06/2023,ALW,WA,ANM,WE,Federal Contract Tower,2,2,8,0,12,0,0,73,0,73,2,2,81,0,85,92,0,92,177
01/07/2023,ALW,WA,ANM,WE,Federal Contract Tower,2,0,2,0,4,0,0,2,0,2,2,0,4,0,6,0,0,0,6
01/08/2023,ALW,WA,ANM,WE,Federal Contract Tower,2,2,0,0,4,0,0,0,0,0,2,2,0,0,4,0,0,0,4
01/09/2023,ALW,WA,ANM,WE,Federal Contract Tower,2,5,1,0,8,0,0,3,0,3,2,5,4,0,11,14,0,14,25
01/11/2023,ALW,WA,ANM,WE,Federal Contract Tower,2,2,8,0,12,0,0,41,0,41,2,2,49,0,53,100,0,100,153
01/12/2023,ALW,WA,ANM,WE,Federal Contract Tower,2,3,2,0,7,0,0,12,0,12,2,3,14,0,19,28,0,28,47
01/13/2023,ALW,WA,ANM,WE,Federal Contract Tower,2,2,3,0,7,0,0,0,0,0,2,2,3,0,7,0,0,0,7
01/14/2023,ALW,WA,ANM,WE,Federal Contract Tower,2,3,11,0,16,0,0,30,0,30,2,3,41,0,46,50,0,50,96
01/15/2023,ALW,WA,ANM,WE,Federal Contract Tower,2,0,4,0,6,0,0,17,0,17,2,0,21,0,23,106,0,106,129
01/16/2023,ALW,WA,ANM,WE,Federal Contract Tower,2,2,9,0,13,0,2,45,0,47,2,4,54,0,60,126,0,126,186
01/17/2023,ALW,WA,ANM,WE,Federal Contract Tower,2,3,7,0,12,0,0,33,0,33,2,3,40,0,45,130,0,130,175
01/18/2023,ALW,WA,ANM,WE,Federal Contract Tower,2,2,3,0,7,0,0,15,0,15,2,2,18,0,22,92,0,92,114
01/19/2023,ALW,WA,ANM,WE,Federal Contract Tower,2,2,3,0,7,0,0,60,0,60,2,2,63,0,67,86,0,86,153
01/20/2023,ALW,WA,ANM,WE,Federal Contract Tower,2,4,6,0,12,0,4,58,0,62,2,8,64,0,74,134,0,134,208
01/21/2023,ALW,WA,ANM,WE,Federal Contract Tower,2,0,0,0,2,0,0,0,0,0,2,0,0,0,2,12,0,12,14
01/22/2023,ALW,WA,ANM,WE,Federal Contract Tower,2,0,1,0,3,0,3,23,0,26,2,3,24,0,29,52,0,52,81
01/23/2023,ALW,WA,ANM,WE,Federal Contract Tower,2,2,2,1,7,0,2,31,1,34,2,4,33,2,41,96,0,96,137
01/24/2023,ALW,WA,ANM,WE,Federal Contract Tower,2,6,7,0,15,0,1,29,0,30,2,7,36,0,45,54,0,54,99
01/25/2023,ALW,WA,ANM,WE,Federal Contract Tower,2,6,6,0,14,0,4,31,0,35,2,10,37,0,49,92,0,92,141
01/26/2023,ALW,WA,ANM,WE,Federal Contract Tower,2,3,7,0,12,0,1,57,0,58,2,4,64,0,70,118,0,118,188
01/27/2023,ALW,WA,ANM,WE,Federal Contract Tower,2,2,4,0,8,0,0,15,0,15,2,2,19,0,23,42,0,42,65
01/28/2023,ALW,WA,ANM,WE,Federal Contract Tower,2,1,6,0,9,0,1,4,0,5,2,2,10,0,14,10,0,10,24
01/29/2023,ALW,WA,ANM,WE,Federal Contract Tower,2,0,5,0,7,0,8,54,0,62,2,8,59,0,69,48,0,48,117
01/30/2023,ALW,WA,ANM,WE,Federal Contract Tower,2,4,5,0,11,0,2,38,0,40,2,6,43,0,51,38,0,38,89
01/31/2023,ALW,WA,ANM,WE,Federal Contract Tower,2,6,3,2,13,0,3,20,0,23,2,9,23,2,36,110,0,110,146
02/01/2023,ALW,WA,ANM,WE,Federal Contract Tower,2,2,9,0,13,0,0,19,0,19,2,2,28,0,32,80,0,80,112
02/02/2023,ALW,WA,ANM,WE,Federal Contract Tower,2,2,6,0,10,0,0,25,0,25,2,2,31,0,35,134,0,134,169
02/03/2023,ALW,WA,ANM,WE,Federal Contract Tower,2,2,3,0,7,0,0,17,0,17,2,2,20,0,24,38,0,38,62
02/04/2023,ALW,WA,ANM,WE,Federal Contract Tower,2,1,2,0,5,0,3,18,0,21,2,4,20,0,26,14,0,14,40
02/05/2023,ALW,WA,ANM,WE,Federal Contract Tower,2,4,0,0,6,0,0,2,0,2,2,4,2,0,8,0,0,0,8
02/06/2023,ALW,WA,ANM,WE,Federal Contract Tower,2,4,7,0,13,0,0,18,0,18,2,4,25,0,31,34,0,34,65
02/07/2023,ALW,WA,ANM,WE,Federal Contract Tower,2,2,6,2,12,0,1,23,0,24,2,3,29,2,36,100,0,100,136
02/08/2023,ALW,WA,ANM,WE,Federal Contract Tower,2,6,6,0,14,0,3,31,0,34,2,9,37,0,48,88,0,88,136
02/09/2023,ALW,WA,ANM,WE,Federal Contract Tower,2,3,10,0,15,0,1,89,0,90,2,4,99,0,105,104,0,104,209
02/10/2023,ALW,WA,ANM,WE,Federal Contract Tower,2,3,5,0,10,0,2,42,0,44,2,5,47,0,54,74,0,74,128
02/11/2023,ALW,WA,ANM,WE,Federal Contract Tower,2,2,6,0,10,0,1,40,0,41,2,3,46,0,51,32,0,32,83
02/12/2023,ALW,WA,ANM,WE,Federal Contract Tower,2,2,12,0,16,0,3,48,0,51,2,5,60,0,67,54,0,54,121
02/13/2023,ALW,WA,ANM,WE,Federal Contract Tower,2,5,2,0,9,0,4,2,0,6,2,9,4,0,15,8,0,8,23
02/14/2023,ALW,WA,ANM,WE,Federal Contract Tower,2,4,3,0,9,0,1,8,0,9,2,5,11,0,18,106,0,106,124
02/15/2023,ALW,WA,ANM,WE,Federal Contract Tower,2,2,10,0,14,0,8,35,0,43,2,10,45,0,57,32,0,32,89
02/16/2023,ALW,WA,ANM,WE,Federal Contract Tower,2,3,9,0,14,0,0,33,2,35,2,3,42,2,49,74,0,74,123
02/18/2023,ALW,WA,ANM,WE,Federal Contract Tower,2,2,1,0,5,0,0,7,0,7,2,2,8,0,12,24,0,24,36
02/19/2023,ALW,WA,ANM,WE,Federal Contract Tower,2,0,1,0,3,0,5,3,0,8,2,5,4,0,11,0,0,0,11
02/20/2023,ALW,WA,ANM,WE,Federal Contract Tower,2,2,6,0,10,0,8,3,0,11,2,10,9,0,21,0,0,0,21
02/21/2023,ALW,WA,ANM,WE,Federal Contract Tower,2,2,2,0,6,0,0,3,0,3,2,2,5,0,9,8,0,8,17
02/22/2023,ALW,WA,ANM,WE,Federal Contract Tower,2,2,3,0,7,0,0,0,0,0,2,2,3,0,7,0,0,0,7
02/23/2023,ALW,WA,ANM,WE,Federal Contract Tower,2,2,5,0,9,0,0,1,0,1,2,2,6,0,10,0,0,0,10
02/24/2023,ALW,WA,ANM,WE,Federal Contract Tower,2,2,14,0,18,0,2,17,0,19,2,4,31,0,37,50,0,50,87
02/25/2023,ALW,WA,ANM,WE,Federal Contract Tower,2,0,4,0,6,0,0,27,0,27,2,0,31,0,33,0,0,0,33
02/26/2023,ALW,WA,ANM,WE,Federal Contract Tower,2,2,3,0,7,0,0,0,0,0,2,2,3,0,7,46,0,46,53
02/27/2023,ALW,WA,ANM,WE,Federal Contract Tower,2,4,2,0,8,0,6,2,0,8,2,10,4,0,16,14,0,14,30
02/28/2023,ALW,WA,ANM,WE,Federal Contract Tower,2,5,3,0,10,0,4,18,0,22,2,9,21,0,32,108,0,108,140
03/01/2023,ALW,WA,ANM,WE,Federal Contract Tower,2,2,6,0,10,0,0,60,2,62,2,2,66,2,72,112,0,112,184
03/02/2023,ALW,WA,ANM,WE,Federal Contract Tower,2,9,4,0,15,0,2,9,0,11,2,11,13,0,26,98,0,98,124
03/03/2023,ALW,WA,ANM,WE,Federal Contract Tower,2,6,6,0,14,0,0,22,0,22,2,6,28,0,36,44,0,44,80
03/04/2023,ALW,WA,ANM,WE,Federal Contract Tower,2,0,7,0,9,0,2,3,0,5,2,2,10,0,14,0,0,0,14
03/05/2023,ALW,WA,ANM,WE,Federal Contract Tower,2,0,5,0,7,0,9,31,2,42,2,9,36,2,49,118,4,122,171
03/06/2023,ALW,WA,ANM,WE,Federal Contract Tower,2,2,17,0,21,0,3,31,0,34,2,5,48,0,55,44,0,44,99
03/07/2023,ALW,WA,ANM,WE,Federal Contract Tower,2,2,11,0,15,0,1,38,0,39,2,3,49,0,54,110,0,110,164
03/08/2023,ALW,WA,ANM,WE,Federal Contract Tower,2,4,3,1,10,0,9,38,3,50,2,13,41,4,60,146,8,154,214
03/09/2023,ALW,WA,ANM,WE,Federal Contract Tower,2,4,2,0,8,0,3,58,2,63,2,7,60,2,71,20,0,20,91
03/11/2023,ALW,WA,ANM,WE,Federal Contract Tower,2,2,4,0,8,0,2,33,0,35,2,4,37,0,43,6,0,6,49
03/12/2023,ALW,WA,ANM,WE,Federal Contract Tower,2,0,2,0,4,0,2,44,0,46,2,2,46,0,50,48,0,48,98
03/13/2023,ALW,WA,ANM,WE,Federal Contract Tower,2,4,4,0,10,0,1,0,0,1,2,5,4,0,11,0,0,0,11
03/14/2023,ALW,WA,ANM,WE,Federal Contract Tower,2,2,6,0,10,0,0,38,0,38,2,2,44,0,48,84,0,84,132
03/15/2023,ALW,WA,ANM,WE,Federal Contract Tower,2,6,10,0,18,0,2,16,0,18,2,8,26,0,36,32,0,32,68
03/16/2023,ALW,WA,ANM,WE,Federal Contract Tower,2,2,6,0,10,0,5,40,1,46,2,7,46,1,56,52,0,52,108
03/17/2023,ALW,WA,ANM,WE,Federal Contract Tower,2,2,5,0,9,0,5,32,1,38,2,7,37,1,47,10,0,10,57
03/18/2023,ALW,WA,ANM,WE,Federal Contract Tower,4,0,5,0,9,0,9,36,0,45,4,9,41,0,54,14,0,14,68
03/19/2023,ALW,WA,ANM,WE,Federal Contract Tower,2,0,3,0,5,0,0,18,0,18,2,0,21,0,23,48,0,48,71
03/20/2023,ALW,WA,ANM,WE,Federal Contract Tower,2,4,2,0,8,0,0,1,0,1,2,4,3,0,9,2,0,2,11
03/21/2023,ALW,WA,ANM,WE,Federal Contract Tower,2,2,11,0,15,0,0,24,0,24,2,2,35,0,39,22,0,22,61
03/22/2023,ALW,WA,ANM,WE,Federal Contract Tower,2,6,8,2,18,0,3,27,0,30,2,9,35,2,48,26,0,26,74
03/23/2023,ALW,WA,ANM,WE,Federal Contract Tower,2,5,5,0,12,0,4,4,0,8,2,9,9,0,20,10,0,10,30
03/24/2023,ALW,WA,ANM,WE,Federal Contract Tower,2,2,0,0,4,0,4,3,0,7,2,6,3,0,11,0,0,0,11
03/25/2023,ALW,WA,ANM,WE,Federal Contract Tower,2,2,0,0,4,0,0,10,0,10,2,2,10,0,14,0,0,0,14
03/26/2023,ALW,WA,ANM,WE,Federal Contract Tower,2,1,5,0,8,0,5,11,0,16,2,6,16,0,24,2,0,2,26
03/27/2023,ALW,WA,ANM,WE,Federal Contract Tower,2,1,1,0,4,0,8,22,0,30,2,9,23,0,34,34,0,34,68
03/28/2023,ALW,WA,ANM,WE,Federal Contract Tower,2,6,5,0,13,0,0,14,0,14,2,6,19,0,27,116,0,116,143
03/29/2023,ALW,WA,ANM,WE,Federal Contract Tower,2,6,7,0,15,0,0,16,0,16,2,6,23,0,31,56,0,56,87
03/30/2023,ALW,WA,ANM,WE,Federal Contract Tower,2,3,6,0,11,0,7,34,0,41,2,10,40,0,52,86,0,86,138
03/31/2023,ALW,WA,ANM,WE,Federal Contract Tower,2,6,4,0,12,0,0,16,0,16,2,6,20,0,28,108,0,108,136
04/01/2023,ALW,WA,ANM,WE,Federal Contract Tower,2,0,1,0,3,0,4,0,0,4,2,4,1,0,7,0,0,0,7
04/02/2023,ALW,WA,ANM,WE,Federal Contract Tower,2,5,3,0,10,0,2,13,0,15,2,7,16,0,25,24,0,24,49
04/03/2023,ALW,WA,ANM,WE,Federal Contract Tower,2,2,3,0,7,0,0,4,0,4,2,2,7,0,11,14,0,14,25
04/04/2023,ALW,WA,ANM,WE,Federal Contract Tower,2,2,5,0,9,0,4,29,0,33,2,6,34,0,42,124,0,124,166
04/05/2023,ALW,WA,ANM,WE,Federal Contract Tower,2,2,4,0,8,0,3,47,0,50,2,5,51,0,58,78,0,78,136
04/06/2023,ALW,WA,ANM,WE,Federal Contract Tower,2,2,5,0,9,0,2,24,0,26,2,4,29,0,35,34,0,34,69
04/07/2023,ALW,WA,ANM,WE,Federal Contract Tower,2,2,15,0,19,0,6,24,0,30,2,8,39,0,49,96,0,96,145
04/08/2023,ALW,WA,ANM,WE,Federal Contract Tower,2,1,7,0,10,0,4,42,0,46,2,5,49,0,56,48,0,48,104
04/10/2023,ALW,WA,ANM,WE,Federal Contract Tower,2,4,16,0,22,2,7,26,0,35,4,11,42,0,57,68,0,68,125
04/11/2023,ALW,WA,ANM,WE,Federal Contract Tower,2,2,4,0,8,0,4,8,2,14,2,6,12,2,22,44,0,44,66
04/12/2023,ALW,WA,ANM,WE,Federal Contract Tower,2,4,4,0,10,0,3,30,0,33,2,7,34,0,43,74,0,74,117
04/13/2023,ALW,WA,ANM,WE,Federal Contract Tower,2,6,8,0,16,0,1,30,0,31,2,7,38,0,47,98,0,98,145
04/14/2023,ALW,WA,ANM,WE,Federal Contract Tower,2,3,14,0,19,0,2,73,0,75,2,5,87,0,94,176,0,176,270
04/15/2023,ALW,WA,ANM,WE,Federal Contract Tower,2,0,1,0,3,0,7,27,0,34,2,7,28,0,37,36,0,36,73
04/16/2023,ALW,WA,ANM,WE,Federal Contract Tower,2,0,26,0,28,0,1,25,0,26,2,1,51,0,54,56,0,56,110
04/18/2023,ALW,WA,ANM,WE,Federal Contract Tower,2,2,1,0,5,0,2,17,0,19,2,4,18,0,24,56,0,56,80
04/19/2023,ALW,WA,ANM,WE,Federal Contract Tower,2,2,9,0,13,0,2,26,0,28,2,4,35,0,41,52,0,52,93
04/20/2023,ALW,WA,ANM,WE,Federal Contract Tower,2,2,12,0,16,0,1,42,0,43,2,3,54,0,59,134,0,134,193
04/21/2023,ALW,WA,ANM,WE,Federal Contract Tower,2,7,6,0,15,0,0,20,0,20,2,7,26,0,35,134,0,134,169
04/22/2023,ALW,WA,ANM,WE,Federal Contract Tower,2,1,3,0,6,0,5,14,0,19,2,6,17,0,25,0,0,0,25
04/23/2023,ALW,WA,ANM,WE,Federal Contract Tower,2,3,6,0,11,0,0,8,0,8,2,3,14,0,19,40,0,40,59
04/24/2023,ALW,WA,ANM,WE,Federal Contract Tower,2,2,2,0,6,0,0,18,1,19,2,2,20,1,25,26,0,26,51
04/25/2023,ALW,WA,ANM,WE,Federal Contract Tower,2,2,11,0,15,0,5,50,0,55,2,7,61,0,70,50,0,50,120
04/26/2023,ALW,WA,ANM,WE,Federal Contract Tower,2,2,12,0,16,0,11,51,0,62,2,13,63,0,78,104,0,104,182
04/27/2023,ALW,WA,ANM,WE,Federal Contract Tower,2,2,2,0,6,0,1,44,0,45,2,3,46,0,51,128,0,128,179
04/28/2023,ALW,WA,ANM,WE,Federal Contract Tower,2,7,10,3,22,0,3,60,4,67,2,10,70,7,89,142,0,142,231
04/29/2023,ALW,WA,ANM,WE,Federal Contract Tower,2,2,3,0,7,0,0,42,0,42,2,2,45,0,49,34,0,34,83
04/30/2023,ALW,WA,ANM,WE,Federal Contract Tower,2,0,2,0,4,0,5,45,0,50,2,5,47,0,54,104,0,104,158
05/01/2023,ALW,WA,ANM,WE,Federal Contract Tower,2,4,2,0,8,0,10,17,0,27,2,14,19,0,35,50,0,50,85
05/02/2023,ALW,WA,ANM,WE,Federal Contract Tower,2,2,1,0,5,0,6,24,0,30,2,8,25,0,35,14,0,14,49
05/03/2023,ALW,WA,ANM,WE,Federal Contract Tower,2,5,8,0,15,0,6,57,0,63,2,11,65,0,78,90,0,90,168
05/04/2023,ALW,WA,ANM,WE,Federal Contract Tower,2,3,10,0,15,0,2,67,0,69,2,5,77,0,84,72,0,72,156
05/05/2023,ALW,WA,ANM,WE,Federal Contract Tower,2,2,5,0,9,0,3,0,0,3,2,5,5,0,12,16,0,16,28
05/06/2023,ALW,WA,ANM,WE,Federal Contract Tower,2,0,6,0,8,0,7,16,0,23,2,7,22,0,31,14,0,14,45
05/07/2023,ALW,WA,ANM,WE,Federal Contract Tower,2,2,10,0,14,0,7,33,0,40,2,9,43,0,54,34,0,34,88
05/08/2023,ALW,WA,ANM,WE,Federal Contract Tower,2,1,7,0,10,0,2,18,0,20,2,3,25,0,30,14,0,14,44
05/09/2023,ALW,WA,ANM,WE,Federal Contract Tower,2,4,2,0,8,0,0,13,0,13,2,4,15,0,21,56,0,56,77
05/10/2023,ALW,WA,ANM,WE,Federal Contract Tower,2,2,22,0,26,0,1,55,0,56,2,3,77,0,82,96,0,96,178
05/11/2023,ALW,WA,ANM,WE,Federal Contract Tower,0,8,8,0,16,0,2,87,0,89,0,10,95,0,105,56,0,56,161
05/12/2023,ALW,WA,ANM,WE,Federal Contract Tower,2,2,8,0,12,0,0,79,0,79,2,2,87,0,91,96,0,96,187
05/13/2023,ALW,WA,ANM,WE,Federal Contract Tower,2,5,4,0,11,0,4,37,0,41,2,9,41,0,52,4,0,4,56
05/14/2023,ALW,WA,ANM,WE,Federal Contract Tower,2,1,6,0,9,0,11,38,0,49,2,12,44,0,58,62,0,62,120
05/15/2023,ALW,WA,ANM,WE,Federal Contract Tower,2,2,5,0,9,0,0,33,0,33,2,2,38,0,42,64,0,64,106
05/16/2023,ALW,WA,ANM,WE,Federal Contract Tower,2,5,16,0,23,0,2,37,0,39,2,7,53,0,62,48,0,48,110
05/17/2023,ALW,WA,ANM,WE,Federal Contract Tower,2,2,11,0,15,0,6,32,0,38,2,8,43,0,53,34,0,34,87
05/18/2023,ALW,WA,ANM,WE,Federal Contract Tower,2,2,5,0,9,0,6,42,0,48,2,8,47,0,57,40,0,40,97
05/19/2023,ALW,WA,ANM,WE,Federal Contract Tower,2,6,7,0,15,0,4,36,0,40,2,10,43,0,55,62,0,62,117
05/20/2023,ALW,WA,ANM,WE,Federal Contract Tower,2,2,11,0,15,0,5,32,0,37,2,7,43,0,52,20,0,20,72
05/21/2023,ALW,WA,ANM,WE,Federal Contract Tower,2,0,1,0,3,0,6,18,0,24,2,6,19,0,27,18,0,18,45
05/22/2023,ALW,WA,ANM,WE,Federal Contract Tower,2,4,3,0,9,0,2,9,0,11,2,6,12,0,20,2,0,2,22
05/23/2023,ALW,WA,ANM,WE,Federal Contract Tower,2,6,8,0,16,0,5,46,0,51,2,11,54,0,67,102,0,102,169
05/24/2023,ALW,WA,ANM,WE,Federal Contract Tower,2,3,14,0,19,0,4,60,0,64,2,7,74,0,83,92,0,92,175
05/25/2023,ALW,WA,ANM,WE,Federal Contract Tower,2,5,6,0,13,0,2,59,0,61,2,7,65,0,74,114,0,114,188
05/26/2023,ALW,WA,ANM,WE,Federal Contract Tower,2,2,9,0,13,0,17,52,0,69,2,19,61,0,82,42,0,42,124
05/27/2023,ALW,WA,ANM,WE,Federal Contract Tower,2,0,3,0,5,0,1,26,0,27,2,1,29,0,32,42,0,42,74
05/28/2023,ALW,WA,ANM,WE,Federal Contract Tower,2,0,4,0,6,0,10,33,0,43,2,10,37,0,49,36,0,36,85
05/29/2023,ALW,WA,ANM,WE,Federal Contract Tower,2,2,15,0,19,0,10,27,0,37,2,12,42,0,56,54,0,54,110
05/30/2023,ALW,WA,ANM,WE,Federal Contract Tower,2,5,12,0,19,0,0,29,0,29,2,5,41,0,48,72,0,72,120
05/31/2023,ALW,WA,ANM,WE,Federal Contract Tower,2,2,11,0,15,0,8,35,0,43,2,10,46,0,58,50,0,50,108
06/01/2023,ALW,WA,ANM,WE,Federal Contract Tower,2,7,11,0,20,0,2,59,0,61,2,9,70,0,81,48,0,48,129
06/02/2023,ALW,WA,ANM,WE,Federal Contract Tower,2,4,9,0,15,0,14,31,0,45,2,18,40,0,60,24,0,24,84
06/03/2023,ALW,WA,ANM,WE,Federal Contract Tower,2,0,2,0,4,0,6,20,0,26,2,6,22,0,30,20,0,20,50
06/04/2023,ALW,WA,ANM,WE,Federal Contract Tower,2,0,10,0,12,0,2,30,0,32,2,2,40,0,44,58,0,58,102
06/05/2023,ALW,WA,ANM,WE,Federal Contract Tower,4,2,6,0,12,0,7,55,0,62,4,9,61,0,74,74,0,74,148
06/06/2023,ALW,WA,ANM,WE,Federal Contract Tower,2,2,3,0,7,0,1,35,0,36,2,3,38,0,43,42,0,42,85
06/07/2023,ALW,WA,ANM,WE,Federal Contract Tower,2,4,14,4,24,0,12,60,0,72,2,16,74,4,96,118,0,118,214
06/08/2023,ALW,WA,ANM,WE,Federal Contract Tower,2,2,9,0,13,0,0,49,0,49,2,2,58,0,62,40,0,40,102
06/09/2023,ALW,WA,ANM,WE,Federal Contract Tower,2,4,5,0,11,0,1,30,0,31,2,5,35,0,42,62,0,62,104
06/10/2023,ALW,WA,ANM,WE,Federal Contract Tower,2,0,12,0,14,0,2,167,0,169,2,2,179,0,183,16,0,16,199
06/11/2023,ALW,WA,ANM,WE,Federal Contract Tower,2,2,9,0,13,0,6,50,2,58,2,8,59,2,71,28,2,30,101
06/12/2023,ALW,WA,ANM,WE,Federal Contract Tower,2,5,12,0,19,0,4,45,0,49,2,9,57,0,68,60,0,60,128
06/13/2023,ALW,WA,ANM,WE,Federal Contract Tower,2,4,8,0,14,0,1,17,0,18,2,5,25,0,32,18,0,18,50
06/14/2023,ALW,WA,ANM,WE,Federal Contract Tower,2,6,8,0,16,0,5,8,2,15,2,11,16,2,31,26,0,26,57
06/15/2023,ALW,WA,ANM,WE,Federal Contract Tower,2,5,6,0,13,0,7,43,2,52,2,12,49,2,65,22,0,22,87
06/16/2023,ALW,WA,ANM,WE,Federal Contract Tower,2,3,15,0,20,0,0,79,0,79,2,3,94,0,99,32,0,32,131
06/17/2023,ALW,WA,ANM,WE,Federal Contract Tower,2,2,4,0,8,0,1,16,0,17,2,3,20,0,25,20,0,20,45
06/18/2023,ALW,WA,ANM,WE,Federal Contract Tower,2,0,8,0,10,0,0,8,0,8,2,0,16,0,18,10,0,10,28
06/19/2023,ALW,WA,ANM,WE,Federal Contract Tower,2,6,9,0,17,0,3,17,0,20,2,9,26,0,37,12,0,12,49
06/20/2023,ALW,WA,ANM,WE,Federal Contract Tower,2,6,4,0,12,0,4,18,0,22,2,10,22,0,34,22,0,22,56
06/21/2023,ALW,WA,ANM,WE,Federal Contract Tower,2,2,7,0,11,0,6,33,0,39,2,8,40,0,50,34,0,34,84
06/22/2023,ALW,WA,ANM,WE,Federal Contract Tower,2,4,4,0,10,0,10,42,0,52,2,14,46,0,62,50,0,50,112
06/23/2023,ALW,WA,ANM,WE,Federal Contract Tower,2,3,7,0,12,0,4,30,0,34,2,7,37,0,46,16,0,16,62
06/24/2023,ALW,WA,ANM,WE,Federal Contract Tower,2,1,2,0,5,0,4,26,0,30,2,5,28,0,35,0,0,0,35
06/25/2023,ALW,WA,ANM,WE,Federal Contract Tower,2,0,8,0,10,0,12,31,0,43,2,12,39,0,53,28,0,28,81
06/26/2023,ALW,WA,ANM,WE,Federal Contract Tower,2,2,5,0,9,0,3,40,0,43,2,5,45,0,52,8,0,8,60
06/27/2023,ALW,WA,ANM,WE,Federal Contract Tower,2,2,4,1,9,0,1,44,1,46,2,3,48,2,55,100,0,100,155
06/28/2023,ALW,WA,ANM,WE,Federal Contract Tower,2,3,3,0,8,0,5,51,0,56,2,8,54,0,64,86,0,86,150
06/29/2023,ALW,WA,ANM,WE,Federal Contract Tower,2,3,1,0,6,0,3,67,0,70,2,6,68,0,76,136,0,136,212
06/30/2023,ALW,WA,ANM,WE,Federal Contract Tower,2,2,11,0,15,0,6,67,0,73,2,8,78,0,88,164,0,164,252
07/01/2023,ALW,WA,ANM,WE,Federal Contract Tower,2,1,5,0,8,0,6,21,0,27,2,7,26,0,35,12,0,12,47
07/02/2023,ALW,WA,ANM,WE,Federal Contract Tower,2,0,0,0,2,0,5,33,0,38,2,5,33,0,40,60,0,60,100
07/03/2023,ALW,WA,ANM,WE,Federal Contract Tower,2,4,5,0,11,0,3,47,0,50,2,7,52,0,61,112,0,112,173
07/04/2023,ALW,WA,ANM,WE,Federal Contract Tower,2,0,6,0,8,0,2,47,0,49,2,2,53,0,57,132,0,132,189
07/05/2023,ALW,WA,ANM,WE,Federal Contract Tower,2,7,6,0,15,0,12,37,0,49,2,19,43,0,64,172,0,172,236
07/06/2023,ALW,WA,ANM,WE,Federal Contract Tower,2,2,6,0,10,0,3,47,0,50,2,5,53,0,60,138,0,138,198
07/07/2023,ALW,WA,ANM,WE,Federal Contract Tower,2,6,2,0,10,0,5,48,0,53,2,11,50,0,63,78,0,78,141
07/08/2023,ALW,WA,ANM,WE,Federal Contract Tower,2,1,26,0,29,0,3,48,0,51,2,4,74,0,80,8,0,8,88
07/09/2023,ALW,WA,ANM,WE,Federal Contract Tower,2,2,10,0,14,0,8,39,2,49,2,10,49,2,63,128,0,128,191
07/10/2023,ALW,WA,ANM,WE,Federal Contract Tower,2,3,8,0,13,0,5,37,0,42,2,8,45,0,55,150,0,150,205
07/11/2023,ALW,WA,ANM,WE,Federal Contract Tower,2,3,5,0,10,0,8,60,0,68,2,11,65,0,78,184,0,184,262
07/12/2023,ALW,WA,ANM,WE,Federal Contract Tower,2,4,5,0,11,0,3,46,0,49,2,7,51,0,60,120,0,120,180
07/13/2023,ALW,WA,ANM,WE,Federal Contract Tower,2,2,4,0,8,0,10,60,0,70,2,12,64,0,78,156,0,156,234
07/14/2023,ALW,WA,ANM,WE,Federal Contract Tower,2,3,5,0,10,0,0,61,0,61,2,3,66,0,71,164,0,164,235
07/15/2023,ALW,WA,ANM,WE,Federal Contract Tower,2,4,5,0,11,0,3,37,0,40,2,7,42,0,51,6,0,6,57
07/16/2023,ALW,WA,ANM,WE,Federal Contract Tower,2,0,11,0,13,0,3,48,0,51,2,3,59,0,64,82,0,82,146
07/17/2023,ALW,WA,ANM,WE,Federal Contract Tower,2,4,1,0,7,0,2,24,2,28,2,6,25,2,35,72,2,74,109
07/18/2023,ALW,WA,ANM,WE,Federal Contract Tower,2,4,13,0,19,0,9,44,0,53,2,13,57,0,72,170,0,170,242
07/19/2023,ALW,WA,ANM,WE,Federal Contract Tower,2,3,9,0,14,0,11,41,2,54,2,14,50,2,68,206,0,206,274
07/20/2023,ALW,WA,ANM,WE,Federal Contract Tower,2,3,18,0,23,0,2,46,0,48,2,5,64,0,71,132,0,132,203
07/21/2023,ALW,WA,ANM,WE,Federal Contract Tower,2,2,10,0,14,0,6,53,0,59,2,8,63,0,73,200,0,200,273
07/22/2023,ALW,WA,ANM,WE,Federal Contract Tower,2,4,3,0,9,0,5,23,0,28,2,9,26,0,37,28,0,28,65
07/23/2023,ALW,WA,ANM,WE,Federal Contract Tower,2,1,8,0,11,0,4,27,0,31,2,5,35,0,42,34,0,34,76
07/24/2023,ALW,WA,ANM,WE,Federal Contract Tower,2,6,11,0,19,0,0,31,0,31,2,6,42,0,50,78,0,78,128
07/25/2023,ALW,WA,ANM,WE,Federal Contract Tower,2,4,7,0,13,0,9,27,0,36,2,13,34,0,49,58,0,58,107
07/26/2023,ALW,WA,ANM,WE,Federal Contract Tower,2,3,4,0,9,0,5,36,0,41,2,8,40,0,50,122,0,122,172
07/27/2023,ALW,WA,ANM,WE,Federal Contract Tower,2,3,1,0,6,0,12,37,0,49,2,15,38,0,55,104,0,104,159
07/28/2023,ALW,WA,ANM,WE,Federal Contract Tower,2,3,21,0,26,0,10,48,0,58,2,13,69,0,84,38,0,38,122
07/29/2023,ALW,WA,ANM,WE,Federal Contract Tower,2,1,4,0,7,0,4,27,0,31,2,5,31,0,38,18,0,18,56
07/30/2023,ALW,WA,ANM,WE,Federal Contract Tower,2,0,8,0,10,0,6,33,0,39,2,6,41,0,49,74,0,74,123
07/31/2023,ALW,WA,ANM,WE,Federal Contract Tower,2,9,13,0,24,0,6,41,0,47,2,15,54,0,71,120,0,120,191
08/01/2023,ALW,WA,ANM,WE,Federal Contract Tower,2,4,11,0,17,0,4,30,0,34,2,8,41,0,51,32,0,32,83
08/02/2023,ALW,WA,ANM,WE,Federal Contract Tower,2,3,4,0,9,0,3,42,0,45,2,6,46,0,54,94,0,94,148
08/03/2023,ALW,WA,ANM,WE,Federal Contract Tower,2,5,1,0,8,0,2,42,0,44,2,7,43,0,52,108,0,108,160
08/04/2023,ALW,WA,ANM,WE,Federal Contract Tower,2,4,6,0,12,0,1,40,0,41,2,5,46,0,53,118,0,118,171
08/05/2023,ALW,WA,ANM,WE,Federal Contract Tower,2,0,2,0,4,0,7,14,0,21,2,7,16,0,25,0,0,0,25
08/06/2023,ALW,WA,ANM,WE,Federal Contract Tower,2,4,13,0,19,0,4,53,0,57,2,8,66,0,76,124,0,124,200
08/07/2023,ALW,WA,ANM,WE,Federal Contract Tower,2,4,5,0,11,0,1,20,0,21,2,5,25,0,32,102,0,102,134
08/08/2023,ALW,WA,ANM,WE,Federal Contract Tower,2,4,7,0,13,0,0,55,2,57,2,4,62,2,70,114,0,114,184
08/09/2023,ALW,WA,ANM,WE,Federal Contract Tower,2,4,5,0,11,0,3,31,2,36,2,7,36,2,47,88,0,88,135
08/10/2023,ALW,WA,ANM,WE,Federal Contract Tower,2,2,3,0,7,0,13,40,0,53,2,15,43,0,60,78,0,78,138
08/11/2023,ALW,WA,ANM,WE,Federal Contract Tower,2,2,8,0,12,0,5,40,0,45,2,7,48,0,57,134,0,134,191
08/12/2023,ALW,WA,ANM,WE,Federal Contract Tower,2,0,5,0,7,0,3,49,0,52,2,3,54,0,59,38,0,38,97
08/13/2023,ALW,WA,ANM,WE,Federal Contract Tower,2,0,10,0,12,0,4,56,0,60,2,4,66,0,72,42,0,42,114
08/14/2023,ALW,WA,ANM,WE,Federal Contract Tower,2,1,4,0,7,0,5,16,0,21,2,6,20,0,28,86,0,86,114
08/15/2023,ALW,WA,ANM,WE,Federal Contract Tower,2,0,1,0,3,0,1,7,0,8,2,1,8,0,11,0,0,0,11
08/16/2023,ALW,WA,ANM,WE,Federal Contract Tower,2,4,4,0,10,0,5,20,0,25,2,9,24,0,35,32,0,32,67
08/17/2023,ALW,WA,ANM,WE,Federal Contract Tower,2,6,4,0,12,0,3,19,0,22,2,9,23,0,34,18,0,18,52
08/18/2023,ALW,WA,ANM,WE,Federal Contract Tower,2,3,8,0,13,0,7,17,0,24,2,10,25,0,37,24,0,24,61
08/19/2023,ALW,WA,ANM,WE,Federal Contract Tower,2,3,7,0,12,0,0,20,0,20,2,3,27,0,32,18,0,18,50
08/20/2023,ALW,WA,ANM,WE,Federal Contract Tower,2,2,11,0,15,0,0,1,0,1,2,2,12,0,16,0,0,0,16
08/21/2023,ALW,WA,ANM,WE,Federal Contract Tower,2,3,8,0,13,0,0,2,0,2,2,3,10,0,15,0,0,0,15
08/22/2023,ALW,WA,ANM,WE,Federal Contract Tower,2,8,6,0,16,0,4,17,0,21,2,12,23,0,37,0,0,0,37
08/23/2023,ALW,WA,ANM,WE,Federal Contract Tower,2,4,5,0,11,0,3,22,0,25,2,7,27,0,36,46,0,46,82
08/24/2023,ALW,WA,ANM,WE,Federal Contract Tower,2,5,12,0,19,0,11,32,0,43,2,16,44,0,62,32,0,32,94
08/25/2023,ALW,WA,ANM,WE,Federal Contract Tower,2,3,9,0,14,0,7,13,0,20,2,10,22,0,34,24,0,24,58
08/26/2023,ALW,WA,ANM,WE,Federal Contract Tower,2,2,3,0,7,0,3,16,0,19,2,5,19,0,26,4,0,4,30
08/27/2023,ALW,WA,ANM,WE,Federal Contract Tower,2,1,4,0,7,0,3,32,0,35,2,4,36,0,42,6,0,6,48
08/28/2023,ALW,WA,ANM,WE,Federal Contract Tower,2,2,5,0,9,0,2,15,0,17,2,4,20,0,26,28,0,28,54
08/29/2023,ALW,WA,ANM,WE,Federal Contract Tower,2,4,2,0,8,0,8,3,0,11,2,12,5,0,19,8,0,8,27
08/30/2023,ALW,WA,ANM,WE,Federal Contract Tower,2,3,7,0,12,0,4,9,0,13,2,7,16,0,25,0,0,0,25
08/31/2023,ALW,WA,ANM,WE,Federal Contract Tower,2,4,18,0,24,0,3,19,0,22,2,7,37,0,46,40,0,40,86
