01/01/2000,AMA,TX,ASW,WE,Towers with Radar,14,18,6,0,38,1,1,21,0,23,15,19,27,0,61,4,0,4,65
01/02/2000,AMA,TX,ASW,WE,Towers with Radar,16,22,17,0,55,13,8,37,0,58,29,30,54,0,113,8,0,8,121
01/03/2000,AMA,TX,ASW,WE,Towers with Radar,23,25,27,1,76,3,2,12,0,17,26,27,39,1,93,0,0,0,93
01/04/2000,AMA,TX,ASW,WE,Towers with Radar,27,33,31,55,146,3,2,39,39,83,30,35,70,94,229,14,136,150,379
01/05/2000,AMA,TX,ASW,WE,Towers with Radar,29,45,60,110,244,0,0,5,305,310,29,45,65,415,554,0,246,246,800
01/06/2000,AMA,TX,ASW,WE,Towers with Radar,25,42,33,85,185,3,3,46,49,101,28,45,79,134,286,10,120,130,416
01/07/2000,AMA,TX,ASW,WE,Towers with Radar,35,35,47,116,233,0,0,0,288,288,35,35,47,404,521,22,290,312,833
01/08/2000,AMA,TX,ASW,WE,Towers with Radar,17,23,34,30,104,3,1,37,31,72,20,24,71,61,176,71,54,125,301
01/09/2000,AMA,TX,ASW,WE,Towers with Radar,25,30,37,49,141,3,1,36,4,44,28,31,73,53,185,4,36,40,225
01/10/2000,AMA,TX,ASW,WE,Towers with Radar,28,39,36,70,173,0,0,14,86,100,28,39,50,156,273,6,110,116,389
01/11/2000,AMA,TX,ASW,WE,Towers with Radar,25,37,26,71,159,3,1,34,44,82,28,38,60,115,241,0,72,72,313
01/12/2000,AMA,TX,ASW,WE,Towers with Radar,22,43,25,45,135,2,2,31,41,76,24,45,56,86,211,18,84,102,313
01/13/2000,AMA,TX,ASW,WE,Towers with Radar,31,42,50,96,219,2,2,37,67,108,33,44,87,163,327,4,108,112,439
01/14/2000,AMA,TX,ASW,WE,Towers with Radar,26,42,37,70,175,2,2,41,29,74,28,44,78,99,249,2,150,152,401
01/15/2000,AMA,TX,ASW,WE,Towers with Radar,19,21,20,13,73,2,3,49,0,54,21,24,69,13,127,16,44,60,187
01/16/2000,AMA,TX,ASW,WE,Towers with Radar,26,29,30,16,101,1,8,37,1,47,27,37,67,17,148,12,16,28,176
01/17/2000,AMA,TX,ASW,WE,Towers with Radar,29,35,41,44,149,1,4,47,17,69,30,39,88,61,218,0,30,30,248
01/18/2000,AMA,TX,ASW,WE,Towers with Radar,28,38,23,114,203,1,3,31,57,92,29,41,54,171,295,2,138,140,435
01/19/2000,AMA,TX,ASW,WE,Towers with Radar,28,36,32,61,157,0,8,31,24,63,28,44,63,85,220,6,54,60,280
01/20/2000,AMA,TX,ASW,WE,Towers with Radar,28,38,35,33,134,1,4,40,3,48,29,42,75,36,182,4,40,44,226
01/21/2000,AMA,TX,ASW,WE,Towers with Radar,30,35,31,117,213,19,3,32,50,104,49,38,63,167,317,30,88,118,435
01/22/2000,AMA,TX,ASW,WE,Towers with Radar,22,27,21,8,78,1,5,37,0,43,23,32,58,8,121,2,0,2,123
01/23/2000,AMA,TX,ASW,WE,Towers with Radar,26,27,22,26,101,1,3,41,0,45,27,30,63,26,146,0,14,14,160
01/24/2000,AMA,TX,ASW,WE,Towers with Radar,27,36,22,69,154,1,4,17,49,71,28,40,39,118,225,0,72,72,297
01/25/2000,AMA,TX,ASW,WE,Towers with Radar,25,41,19,61,146,1,3,23,36,63,26,44,42,97,209,0,78,78,287
01/26/2000,AMA,TX,ASW,WE,Towers with Radar,23,27,24,22,96,8,11,18,0,37,31,38,42,22,133,0,0,0,133
01/27/2000,AMA,TX,ASW,WE,Towers with Radar,24,26,28,0,78,1,3,4,0,8,25,29,32,0,86,0,0,0,86
01/28/2000,AMA,TX,ASW,WE,Towers with Radar,32,38,33,0,103,0,1,8,0,9,32,39,41,0,112,0,0,0,112
01/29/2000,AMA,TX,ASW,WE,Towers with Radar,23,19,22,6,70,4,3,37,0,44,27,22,59,6,114,37,0,37,151
01/30/2000,AMA,TX,ASW,WE,Towers with Radar,25,32,15,6,78,1,5,21,0,27,26,37,36,6,105,0,0,0,105
01/31/2000,AMA,TX,ASW,WE,Towers with Radar,34,33,37,13,117,3,4,17,0,24,37,37,54,13,141,4,0,4,145
02/01/2000,AMA,TX,ASW,WE,Towers with Radar,27,42,35,53,157,1,1,21,35,58,28,43,56,88,215,8,66,74,289
02/02/2000,AMA,TX,ASW,WE,Towers with Radar,27,47,43,96,213,1,0,37,84,122,28,47,80,180,335,2,8,10,345
02/03/2000,AMA,TX,ASW,WE,Towers with Radar,32,41,26,73,172,1,0,29,66,96,33,41,55,139,268,16,134,150,418
02/04/2000,AMA,TX,ASW,WE,Towers with Radar,28,35,40,50,153,0,0,15,67,82,28,35,55,117,235,8,66,74,309
02/05/2000,AMA,TX,ASW,WE,Towers with Radar,19,29,15,4,67,2,2,34,2,40,21,31,49,6,107,4,6,10,117
02/06/2000,AMA,TX,ASW,WE,Towers with Radar,31,29,15,48,123,1,0,34,15,50,32,29,49,63,173,4,2,6,179
02/07/2000,AMA,TX,ASW,WE,Towers with Radar,28,39,28,55,150,1,0,24,54,79,29,39,52,109,229,0,86,86,315
02/08/2000,AMA,TX,ASW,WE,Towers with Radar,28,44,31,53,156,0,1,38,78,117,28,45,69,131,273,6,114,120,393
02/09/2000,AMA,TX,ASW,WE,Towers with Radar,32,43,38,46,159,3,1,36,29,69,35,44,74,75,228,4,138,142,370
02/10/2000,AMA,TX,ASW,WE,Towers with Radar,27,35,43,57,162,0,3,43,50,96,27,38,86,107,258,26,122,148,406
02/11/2000,AMA,TX,ASW,WE,Towers with Radar,30,42,41,31,144,0,1,21,46,68,30,43,62,77,212,0,8,8,220
02/12/2000,AMA,TX,ASW,WE,Towers with Radar,21,28,25,31,105,1,14,20,0,35,22,42,45,31,140,4,24,28,168
02/13/2000,AMA,TX,ASW,WE,Towers with Radar,26,36,31,7,100,0,1,24,1,26,26,37,55,8,126,36,2,38,164
02/14/2000,AMA,TX,ASW,WE,Towers with Radar,31,39,41,61,172,0,1,22,59,82,31,40,63,120,254,0,56,56,310
02/15/2000,AMA,TX,ASW,WE,Towers with Radar,23,44,20,26,113,0,1,30,24,55,23,45,50,50,168,8,44,52,220
02/16/2000,AMA,TX,ASW,WE,Towers with Radar,25,43,44,45,157,0,0,35,49,84,25,43,79,94,241,0,56,56,297
02/17/2000,AMA,TX,ASW,WE,Towers with Radar,30,36,32,32,130,0,0,13,32,45,30,36,45,64,175,0,20,20,195
02/18/2000,AMA,TX,ASW,WE,Towers with Radar,32,42,48,107,229,0,0,40,82,122,32,42,88,189,351,42,128,170,521
02/19/2000,AMA,TX,ASW,WE,Towers with Radar,18,33,11,16,78,0,0,45,15,60,18,33,56,31,138,24,22,46,184
02/20/2000,AMA,TX,ASW,WE,Towers with Radar,25,26,37,2,90,0,0,38,0,38,25,26,75,2,128,10,0,10,138
02/21/2000,AMA,TX,ASW,WE,Towers with Radar,26,35,52,20,133,0,0,50,4,54,26,35,102,24,187,0,14,14,201
02/22/2000,AMA,TX,ASW,WE,Towers with Radar,29,37,32,24,122,1,0,17,21,39,30,37,49,45,161,4,53,57,218
02/23/2000,AMA,TX,ASW,WE,Towers with Radar,28,39,53,66,186,0,0,36,73,109,28,39,89,139,295,8,46,54,349
02/24/2000,AMA,TX,ASW,WE,Towers with Radar,28,38,40,29,135,0,0,30,38,68,28,38,70,67,203,0,36,36,239
02/25/2000,AMA,TX,ASW,WE,Towers with Radar,30,39,27,38,134,0,0,26,25,51,30,39,53,63,185,0,58,58,243
02/26/2000,AMA,TX,ASW,WE,Towers with Radar,18,26,21,24,89,3,7,37,0,47,21,33,58,24,136,38,24,62,198
02/27/2000,AMA,TX,ASW,WE,Towers with Radar,22,30,25,21,98,6,4,37,0,47,28,34,62,21,145,14,20,34,179
02/28/2000,AMA,TX,ASW,WE,Towers with Radar,28,40,32,22,122,0,0,21,11,32,28,40,53,33,154,40,14,54,208
02/29/2000,AMA,TX,ASW,WE,Towers with Radar,28,38,32,41,139,3,6,8,18,35,31,44,40,59,174,0,0,0,174
03/01/2000,AMA,TX,ASW,WE,Towers with Radar,30,44,35,57,166,0,0,20,41,61,30,44,55,98,227,18,34,52,279
03/02/2000,AMA,TX,ASW,WE,Towers with Radar,28,38,50,17,133,0,0,1,11,12,28,38,51,28,145,0,12,12,157
03/03/2000,AMA,TX,ASW,WE,Towers with Radar,27,46,32,96,201,0,0,24,78,102,27,46,56,174,303,12,98,110,413
03/04/2000,AMA,TX,ASW,WE,Towers with Radar,24,32,27,1,84,0,1,54,4,59,24,33,81,5,143,8,0,8,151
03/05/2000,AMA,TX,ASW,WE,Towers with Radar,27,32,30,32,121,0,0,18,17,35,27,32,48,49,156,8,10,18,174
03/06/2000,AMA,TX,ASW,WE,Towers with Radar,28,40,33,29,130,0,0,23,28,51,28,40,56,57,181,4,92,96,277
03/07/2000,AMA,TX,ASW,WE,Towers with Radar,29,35,33,11,108,0,0,10,22,32,29,35,43,33,140,0,14,14,154
03/08/2000,AMA,TX,ASW,WE,Towers with Radar,27,40,28,62,157,0,0,40,32,72,27,40,68,94,229,12,124,136,365
03/09/2000,AMA,TX,ASW,WE,Towers with Radar,32,40,42,19,133,0,1,42,17,60,32,41,84,36,193,2,24,26,219
03/10/2000,AMA,TX,ASW,WE,Towers with Radar,31,38,44,121,234,0,0,29,54,83,31,38,73,175,317,2,40,42,359
03/11/2000,AMA,TX,ASW,WE,Towers with Radar,22,28,25,10,85,2,2,48,0,52,24,30,73,10,137,6,4,10,147
03/12/2000,AMA,TX,ASW,WE,Towers with Radar,29,30,45,56,160,1,0,52,34,87,30,30,97,90,247,42,20,62,309
03/13/2000,AMA,TX,ASW,WE,Towers with Radar,28,37,37,37,139,0,0,21,80,101,28,37,58,117,240,12,60,72,312
03/14/2000,AMA,TX,ASW,WE,Towers with Radar,33,44,35,86,198,0,0,35,100,135,33,44,70,186,333,0,170,170,503
03/15/2000,AMA,TX,ASW,WE,Towers with Radar,30,37,46,70,183,0,0,21,69,90,30,37,67,139,273,10,228,238,511
03/16/2000,AMA,TX,ASW,WE,Towers with Radar,22,29,28,0,79,12,18,1,0,31,34,47,29,0,110,46,0,46,156
03/17/2000,AMA,TX,ASW,WE,Towers with Radar,31,52,37,48,168,0,1,22,37,60,31,53,59,85,228,16,78,94,322
03/18/2000,AMA,TX,ASW,WE,Towers with Radar,18,28,36,6,88,1,3,22,7,33,19,31,58,13,121,0,2,2,123
03/19/2000,AMA,TX,ASW,WE,Towers with Radar,33,29,29,2,93,0,0,39,3,42,33,29,68,5,135,46,12,58,193
03/20/2000,AMA,TX,ASW,WE,Towers with Radar,25,35,31,31,122,6,1,28,5,40,31,36,59,36,162,4,8,12,174
03/21/2000,AMA,TX,ASW,WE,Towers with Radar,25,35,31,7,98,7,8,10,0,25,32,43,41,7,123,0,0,0,123
03/22/2000,AMA,TX,ASW,WE,Towers with Radar,26,41,24,0,91,0,0,0,0,0,26,41,24,0,91,0,0,0,91
03/23/2000,AMA,TX,ASW,WE,Towers with Radar,29,37,27,4,97,0,0,19,4,23,29,37,46,8,120,0,0,0,120
03/24/2000,AMA,TX,ASW,WE,Towers with Radar,33,36,51,29,149,2,2,56,36,96,35,38,107,65,245,14,78,92,337
03/25/2000,AMA,TX,ASW,WE,Towers with Radar,20,54,38,6,118,0,0,38,3,41,20,54,76,9,159,16,0,16,175
03/26/2000,AMA,TX,ASW,WE,Towers with Radar,29,31,29,9,98,6,0,21,6,33,35,31,50,15,131,66,4,70,201
03/27/2000,AMA,TX,ASW,WE,Towers with Radar,29,39,35,35,138,1,2,15,63,81,30,41,50,98,219,0,148,148,367
03/28/2000,AMA,TX,ASW,WE,Towers with Radar,37,48,38,40,163,0,0,34,37,71,37,48,72,77,234,14,76,90,324
03/29/2000,AMA,TX,ASW,WE,Towers with Radar,25,40,45,104,214,0,2,19,81,102,25,42,64,185,316,0,70,70,386
03/30/2000,AMA,TX,ASW,WE,Towers with Radar,29,40,45,64,178,0,1,34,63,98,29,41,79,127,276,4,104,108,384
03/31/2000,AMA,TX,ASW,WE,Towers with Radar,30,41,30,1,102,0,0,1,3,4,30,41,31,4,106,0,0,0,106
04/01/2000,AMA,TX,ASW,WE,Towers with Radar,16,22,22,2,62,6,7,20,0,33,22,29,42,2,95,0,0,0,95
04/02/2000,AMA,TX,ASW,WE,Towers with Radar,29,30,45,48,152,0,0,80,37,117,29,30,125,85,269,0,62,62,331
04/03/2000,AMA,TX,ASW,WE,Towers with Radar,29,36,28,43,136,0,0,33,34,67,29,36,61,77,203,1,40,41,244
04/04/2000,AMA,TX,ASW,WE,Towers with Radar,30,38,32,36,136,0,0,44,31,75,30,38,76,67,211,0,210,210,421
04/05/2000,AMA,TX,ASW,WE,Towers with Radar,32,38,43,46,159,1,0,66,51,118,33,38,109,97,277,62,78,140,417
04/06/2000,AMA,TX,ASW,WE,Towers with Radar,26,33,35,37,131,5,12,29,1,47,31,45,64,38,178,28,68,96,274
04/07/2000,AMA,TX,ASW,WE,Towers with Radar,31,40,40,42,153,0,1,33,62,96,31,41,73,104,249,2,115,117,366
04/08/2000,AMA,TX,ASW,WE,Towers with Radar,20,28,27,13,88,0,1,28,5,34,20,29,55,18,122,8,2,10,132
04/09/2000,AMA,TX,ASW,WE,Towers with Radar,29,33,28,6,96,0,0,25,8,33,29,33,53,14,129,0,0,0,129
04/10/2000,AMA,TX,ASW,WE,Towers with Radar,28,38,52,57,175,0,0,36,213,249,28,38,88,270,424,0,170,170,594
04/11/2000,AMA,TX,ASW,WE,Towers with Radar,28,39,47,13,127,0,0,4,33,37,28,39,51,46,164,0,96,96,260
04/12/2000,AMA,TX,ASW,WE,Towers with Radar,30,36,45,47,158,0,0,16,37,53,30,36,61,84,211,48,48,96,307
04/13/2000,AMA,TX,ASW,WE,Towers with Radar,32,39,47,50,168,0,0,39,65,104,32,39,86,115,272,2,128,130,402
04/14/2000,AMA,TX,ASW,WE,Towers with Radar,29,35,47,84,195,0,2,40,75,117,29,37,87,159,312,0,190,190,502
04/15/2000,AMA,TX,ASW,WE,Towers with Radar,23,27,21,3,74,0,2,35,1,38,23,29,56,4,112,80,6,86,198
04/16/2000,AMA,TX,ASW,WE,Towers with Radar,31,32,28,40,131,0,0,48,39,87,31,32,76,79,218,22,12,34,252
04/17/2000,AMA,TX,ASW,WE,Towers with Radar,29,40,32,59,160,0,1,40,46,87,29,41,72,105,247,74,192,266,513
04/18/2000,AMA,TX,ASW,WE,Towers with Radar,27,37,31,36,131,0,1,33,61,95,27,38,64,97,226,18,116,134,360
04/19/2000,AMA,TX,ASW,WE,Towers with Radar,30,40,44,25,139,0,0,25,35,60,30,40,69,60,199,20,126,146,345
04/20/2000,AMA,TX,ASW,WE,Towers with Radar,28,39,38,49,154,0,0,51,60,111,28,39,89,109,265,14,48,62,327
04/21/2000,AMA,TX,ASW,WE,Towers with Radar,35,42,26,47,150,0,0,50,27,77,35,42,76,74,227,4,80,84,311
04/22/2000,AMA,TX,ASW,WE,Towers with Radar,21,32,17,4,74,0,2,19,2,23,21,34,36,6,97,0,0,0,97
04/23/2000,AMA,TX,ASW,WE,Towers with Radar,22,28,30,22,102,6,8,37,0,51,28,36,67,22,153,0,0,0,153
04/24/2000,AMA,TX,ASW,WE,Towers with Radar,30,38,55,74,197,0,0,47,58,105,30,38,102,132,302,11,136,147,449
04/25/2000,AMA,TX,ASW,WE,Towers with Radar,28,41,43,90,202,0,0,42,96,138,28,41,85,186,340,42,117,159,499
04/26/2000,AMA,TX,ASW,WE,Towers with Radar,30,47,54,20,151,0,0,41,24,65,30,47,95,44,216,90,100,190,406
04/27/2000,AMA,TX,ASW,WE,Towers with Radar,27,39,60,81,207,0,0,39,90,129,27,39,99,171,336,8,106,114,450
04/28/2000,AMA,TX,ASW,WE,Towers with Radar,32,40,49,105,226,0,2,46,59,107,32,42,95,164,333,24,26,50,383
04/29/2000,AMA,TX,ASW,WE,Towers with Radar,25,33,34,37,129,6,0,35,19,60,31,33,69,56,189,0,36,36,225
04/30/2000,AMA,TX,ASW,WE,Towers with Radar,20,25,26,9,80,7,5,14,0,26,27,30,40,9,106,0,0,0,106
05/01/2000,AMA,TX,ASW,WE,Towers with Radar,32,36,34,92,194,17,1,25,101,144,49,37,59,193,338,74,138,212,550
05/02/2000,AMA,TX,ASW,WE,Towers with Radar,26,39,56,140,261,0,3,21,155,179,26,42,77,295,440,6,294,300,740
05/03/2000,AMA,TX,ASW,WE,Towers with Radar,29,37,44,58,168,0,1,42,55,98,29,38,86,113,266,8,192,200,466
05/04/2000,AMA,TX,ASW,WE,Towers with Radar,27,47,51,84,209,0,5,54,59,118,27,52,105,143,327,24,124,148,475
05/05/2000,AMA,TX,ASW,WE,Towers with Radar,33,49,34,84,200,0,1,24,62,87,33,50,58,146,287,0,102,102,389
05/06/2000,AMA,TX,ASW,WE,Towers with Radar,24,62,22,7,115,0,1,74,4,79,24,63,96,11,194,96,30,126,320
05/07/2000,AMA,TX,ASW,WE,Towers with Radar,26,31,20,37,114,0,1,39,26,66,26,32,59,63,180,18,74,92,272
05/08/2000,AMA,TX,ASW,WE,Towers with Radar,35,39,45,29,148,0,2,28,30,60,35,41,73,59,208,2,84,86,294
05/09/2000,AMA,TX,ASW,WE,Towers with Radar,28,40,60,46,174,8,1,44,43,96,36,41,104,89,270,57,144,201,471
05/10/2000,AMA,TX,ASW,WE,Towers with Radar,31,40,41,51,163,0,0,34,37,71,31,40,75,88,234,4,162,166,400
05/11/2000,AMA,TX,ASW,WE,Towers with Radar,34,43,32,58,167,0,5,27,62,94,34,48,59,120,261,0,66,66,327
05/12/2000,AMA,TX,ASW,WE,Towers with Radar,28,38,18,25,109,0,0,25,15,40,28,38,43,40,149,4,38,42,191
05/13/2000,AMA,TX,ASW,WE,Towers with Radar,22,27,27,7,83,0,0,35,6,41,22,27,62,13,124,12,4,16,140
05/14/2000,AMA,TX,ASW,WE,Towers with Radar,29,26,67,0,122,0,0,53,2,55,29,26,120,2,177,0,0,0,177
05/15/2000,AMA,TX,ASW,WE,Towers with Radar,39,39,39,60,177,0,2,35,46,83,39,41,74,106,260,4,134,138,398
05/16/2000,AMA,TX,ASW,WE,Towers with Radar,29,42,44,54,169,0,0,13,69,82,29,42,57,123,251,2,110,112,363
05/17/2000,AMA,TX,ASW,WE,Towers with Radar,28,41,35,53,157,0,0,0,1,1,28,41,35,54,158,0,52,52,210
05/18/2000,AMA,TX,ASW,WE,Towers with Radar,30,41,43,76,190,0,2,28,68,98,30,43,71,144,288,0,142,142,430
05/19/2000,AMA,TX,ASW,WE,Towers with Radar,26,25,46,58,155,0,0,54,77,131,26,25,100,135,286,12,90,102,388
05/20/2000,AMA,TX,ASW,WE,Towers with Radar,23,37,40,0,100,0,0,26,2,28,23,37,66,2,128,14,0,14,142
05/21/2000,AMA,TX,ASW,WE,Towers with Radar,25,33,32,41,131,8,2,35,9,54,33,35,67,50,185,53,14,67,252
05/22/2000,AMA,TX,ASW,WE,Towers with Radar,33,37,33,110,213,0,1,40,102,143,33,38,73,212,356,28,190,218,574
05/23/2000,AMA,TX,ASW,WE,Towers with Radar,32,37,37,76,182,0,1,50,49,100,32,38,87,125,282,15,182,197,479
05/24/2000,AMA,TX,ASW,WE,Towers with Radar,35,41,55,46,177,0,2,49,52,103,35,43,104,98,280,2,132,134,414
05/25/2000,AMA,TX,ASW,WE,Towers with Radar,30,41,41,25,137,0,3,26,0,29,30,44,67,25,166,16,0,16,182
05/26/2000,AMA,TX,ASW,WE,Towers with Radar,28,39,41,40,148,0,1,38,24,63,28,40,79,64,211,4,56,60,271
05/27/2000,AMA,TX,ASW,WE,Towers with Radar,21,27,22,8,78,0,0,45,13,58,21,27,67,21,136,44,0,44,180
05/28/2000,AMA,TX,ASW,WE,Towers with Radar,12,16,16,5,49,14,8,28,0,50,26,24,44,5,99,0,0,0,99
05/29/2000,AMA,TX,ASW,WE,Towers with Radar,26,33,19,1,79,0,2,35,1,38,26,35,54,2,117,4,0,4,121
05/30/2000,AMA,TX,ASW,WE,Towers with Radar,30,39,36,44,149,0,0,32,93,125,30,39,68,137,274,2,158,160,434
05/31/2000,AMA,TX,ASW,WE,Towers with Radar,28,39,39,49,155,0,5,41,38,84,28,44,80,87,239,26,106,132,371
06/01/2000,AMA,TX,ASW,WE,Towers with Radar,29,43,39,19,130,1,0,37,20,58,30,43,76,39,188,8,54,62,250
06/02/2000,AMA,TX,ASW,WE,Towers with Radar,33,40,29,19,121,0,0,2,14,16,33,40,31,33,137,0,0,0,137
06/03/2000,AMA,TX,ASW,WE,Towers with Radar,19,27,27,3,76,3,1,36,0,40,22,28,63,3,116,0,0,0,116
06/04/2000,AMA,TX,ASW,WE,Towers with Radar,28,32,45,37,142,0,0,27,16,43,28,32,72,53,185,2,42,44,229
06/05/2000,AMA,TX,ASW,WE,Towers with Radar,30,41,45,81,197,0,0,37,84,121,30,41,82,165,318,0,170,170,488
06/06/2000,AMA,TX,ASW,WE,Towers with Radar,28,41,50,24,143,0,1,42,20,63,28,42,92,44,206,2,24,26,232
06/07/2000,AMA,TX,ASW,WE,Towers with Radar,34,48,45,26,153,0,0,36,13,49,34,48,81,39,202,10,104,114,316
06/08/2000,AMA,TX,ASW,WE,Towers with Radar,31,38,32,48,149,0,0,35,75,110,31,38,67,123,259,0,118,118,377
06/09/2000,AMA,TX,ASW,WE,Towers with Radar,24,40,41,100,205,0,0,35,100,135,24,40,76,200,340,8,120,128,468
06/10/2000,AMA,TX,ASW,WE,Towers with Radar,20,32,18,9,79,0,4,30,12,46,20,36,48,21,125,10,48,58,183
06/11/2000,AMA,TX,ASW,WE,Towers with Radar,28,38,37,40,143,2,1,17,18,38,30,39,54,58,181,0,16,16,197
06/12/2000,AMA,TX,ASW,WE,Towers with Radar,30,35,37,47,149,0,1,35,27,63,30,36,72,74,212,8,228,236,448
06/13/2000,AMA,TX,ASW,WE,Towers with Radar,26,42,39,58,165,0,0,34,26,60,26,42,73,84,225,0,130,130,355
06/14/2000,AMA,TX,ASW,WE,Towers with Radar,33,49,47,71,200,0,0,46,58,104,33,49,93,129,304,12,112,124,428
06/15/2000,AMA,TX,ASW,WE,Towers with Radar,27,37,43,37,144,0,0,36,45,81,27,37,79,82,225,4,134,138,363
06/16/2000,AMA,TX,ASW,WE,Towers with Radar,31,40,47,108,226,0,3,26,144,173,31,43,73,252,399,2,262,264,663
06/17/2000,AMA,TX,ASW,WE,Towers with Radar,19,26,27,13,85,0,3,1,0,4,19,29,28,13,89,0,6,6,95
06/18/2000,AMA,TX,ASW,WE,Towers with Radar,31,29,27,28,115,0,0,17,13,30,31,29,44,41,145,0,0,0,145
06/19/2000,AMA,TX,ASW,WE,Towers with Radar,26,42,41,89,198,0,1,33,59,93,26,43,74,148,291,18,208,226,517
06/20/2000,AMA,TX,ASW,WE,Towers with Radar,28,40,41,44,153,0,4,31,40,75,28,44,72,84,228,50,192,242,470
06/21/2000,AMA,TX,ASW,WE,Towers with Radar,32,45,51,55,183,0,0,39,73,112,32,45,90,128,295,2,136,138,433
06/22/2000,AMA,TX,ASW,WE,Towers with Radar,31,44,42,23,140,0,0,38,13,51,31,44,80,36,191,42,44,86,277
06/23/2000,AMA,TX,ASW,WE,Towers with Radar,32,47,43,37,159,0,1,40,22,63,32,48,83,59,222,20,72,92,314
06/24/2000,AMA,TX,ASW,WE,Towers with Radar,16,20,21,10,67,10,9,70,0,89,26,29,91,10,156,66,34,100,256
06/25/2000,AMA,TX,ASW,WE,Towers with Radar,29,37,23,37,126,0,0,44,25,69,29,37,67,62,195,54,32,86,281
06/26/2000,AMA,TX,ASW,WE,Towers with Radar,27,35,45,35,142,0,0,4,29,33,27,35,49,64,175,0,0,0,175
06/27/2000,AMA,TX,ASW,WE,Towers with Radar,34,37,55,24,150,0,1,11,16,28,34,38,66,40,178,6,26,32,210
06/28/2000,AMA,TX,ASW,WE,Towers with Radar,34,40,36,9,119,0,0,11,7,18,34,40,47,16,137,0,0,0,137
06/29/2000,AMA,TX,ASW,WE,Towers with Radar,28,43,53,24,148,0,1,12,20,33,28,44,65,44,181,0,28,28,209
06/30/2000,AMA,TX,ASW,WE,Towers with Radar,31,47,44,106,228,0,0,24,82,106,31,47,68,188,334,0,194,194,528
07/01/2000,AMA,TX,ASW,WE,Towers with Radar,26,37,41,10,114,0,1,42,14,57,26,38,83,24,171,60,0,60,231
07/02/2000,AMA,TX,ASW,WE,Towers with Radar,22,37,21,2,82,0,0,42,5,47,22,37,63,7,129,6,60,66,195
07/03/2000,AMA,TX,ASW,WE,Towers with Radar,21,35,28,0,84,0,2,13,0,15,21,37,41,0,99,0,0,0,99
07/04/2000,AMA,TX,ASW,WE,Towers with Radar,18,22,19,22,81,16,7,20,1,44,34,29,39,23,125,44,20,64,189
07/05/2000,AMA,TX,ASW,WE,Towers with Radar,33,42,39,50,164,0,0,63,46,109,33,42,102,96,273,18,118,136,409
07/06/2000,AMA,TX,ASW,WE,Towers with Radar,31,39,28,87,185,0,2,41,80,123,31,41,69,167,308,14,176,190,498
07/07/2000,AMA,TX,ASW,WE,Towers with Radar,28,41,33,134,236,0,0,37,162,199,28,41,70,296,435,0,306,306,741
07/08/2000,AMA,TX,ASW,WE,Towers with Radar,18,38,18,8,82,0,2,46,10,58,18,40,64,18,140,6,8,14,154
07/09/2000,AMA,TX,ASW,WE,Towers with Radar,31,34,38,18,121,0,0,33,9,42,31,34,71,27,163,14,6,20,183
07/10/2000,AMA,TX,ASW,WE,Towers with Radar,26,47,36,35,144,0,1,34,95,130,26,48,70,130,274,34,126,160,434
07/11/2000,AMA,TX,ASW,WE,Towers with Radar,30,45,47,44,166,0,2,27,71,100,30,47,74,115,266,46,226,272,538
07/12/2000,AMA,TX,ASW,WE,Towers with Radar,30,38,40,42,150,0,0,36,54,90,30,38,76,96,240,2,136,138,378
07/13/2000,AMA,TX,ASW,WE,Towers with Radar,30,42,37,19,128,0,1,26,22,49,30,43,63,41,177,2,122,124,301
07/14/2000,AMA,TX,ASW,WE,Towers with Radar,28,38,39,59,164,0,0,28,53,81,28,38,67,112,245,0,290,290,535
07/15/2000,AMA,TX,ASW,WE,Towers with Radar,20,25,22,16,83,0,15,33,0,48,20,40,55,16,131,32,32,64,195
07/16/2000,AMA,TX,ASW,WE,Towers with Radar,28,29,32,41,130,17,0,41,19,77,45,29,73,60,207,0,98,98,305
07/17/2000,AMA,TX,ASW,WE,Towers with Radar,32,46,25,87,190,0,1,32,112,145,32,47,57,199,335,38,240,278,613
07/18/2000,AMA,TX,ASW,WE,Towers with Radar,36,55,52,83,226,0,0,31,102,133,36,55,83,185,359,16,204,220,579
07/19/2000,AMA,TX,ASW,WE,Towers with Radar,33,43,27,27,130,0,2,38,44,84,33,45,65,71,214,0,224,224,438
07/20/2000,AMA,TX,ASW,WE,Towers with Radar,39,51,41,73,204,0,2,33,53,88,39,53,74,126,292,40,210,250,542
07/21/2000,AMA,TX,ASW,WE,Towers with Radar,34,51,52,71,208,0,0,62,106,168,34,51,114,177,376,82,254,336,712
07/22/2000,AMA,TX,ASW,WE,Towers with Radar,29,37,32,44,142,2,0,34,27,63,31,37,66,71,205,0,8,8,213
07/23/2000,AMA,TX,ASW,WE,Towers with Radar,17,21,18,11,67,4,11,30,0,45,21,32,48,11,112,28,32,60,172
07/24/2000,AMA,TX,ASW,WE,Towers with Radar,30,41,34,80,185,0,1,37,145,183,30,42,71,225,368,2,364,366,734
07/25/2000,AMA,TX,ASW,WE,Towers with Radar,30,41,34,80,185,0,1,37,145,183,30,42,71,225,368,12,260,272,640
07/26/2000,AMA,TX,ASW,WE,Towers with Radar,27,43,33,60,163,0,3,26,100,129,27,46,59,160,292,0,196,196,488
07/27/2000,AMA,TX,ASW,WE,Towers with Radar,31,43,29,59,162,0,2,29,66,97,31,45,58,125,259,0,148,148,407
07/28/2000,AMA,TX,ASW,WE,Towers with Radar,34,39,37,50,160,3,0,40,47,90,37,39,77,97,250,18,218,236,486
07/29/2000,AMA,TX,ASW,WE,Towers with Radar,21,38,35,5,99,0,1,39,14,54,21,39,74,19,153,0,154,154,307
07/30/2000,AMA,TX,ASW,WE,Towers with Radar,28,42,42,42,154,0,0,33,40,73,28,42,75,82,227,32,76,108,335
07/31/2000,AMA,TX,ASW,WE,Towers with Radar,28,40,25,45,138,0,0,0,2,2,28,40,25,47,140,2,164,166,306
08/01/2000,AMA,TX,ASW,WE,Towers with Radar,32,46,31,46,155,1,3,37,26,67,33,49,68,72,222,58,122,180,402
08/02/2000,AMA,TX,ASW,WE,Towers with Radar,30,38,34,25,127,1,3,37,29,70,31,41,71,54,197,4,118,122,319
08/03/2000,AMA,TX,ASW,WE,Towers with Radar,32,39,26,60,157,8,2,30,97,137,40,41,56,157,294,40,244,284,578
08/04/2000,AMA,TX,ASW,WE,Towers with Radar,30,45,35,50,160,1,2,52,28,83,31,47,87,78,243,16,166,182,425
08/05/2000,AMA,TX,ASW,WE,Towers with Radar,22,33,16,4,75,1,1,25,11,38,23,34,41,15,113,24,24,48,161
08/06/2000,AMA,TX,ASW,WE,Towers with Radar,32,39,25,18,114,28,1,38,5,72,60,40,63,23,186,64,12,76,262
08/07/2000,AMA,TX,ASW,WE,Towers with Radar,32,39,33,31,135,1,1,23,26,51,33,40,56,57,186,0,70,70,256
08/08/2000,AMA,TX,ASW,WE,Towers with Radar,30,47,32,22,131,1,1,33,18,53,31,48,65,40,184,18,110,128,312
08/09/2000,AMA,TX,ASW,WE,Towers with Radar,29,53,38,51,171,1,1,38,156,196,30,54,76,207,367,8,188,196,563
08/10/2000,AMA,TX,ASW,WE,Towers with Radar,31,49,28,44,152,1,2,38,38,79,32,51,66,82,231,22,106,128,359
08/11/2000,AMA,TX,ASW,WE,Towers with Radar,30,46,41,33,150,1,1,60,16,78,31,47,101,49,228,12,334,346,574
08/12/2000,AMA,TX,ASW,WE,Towers with Radar,20,36,13,1,70,1,1,38,0,40,21,37,51,1,110,8,0,8,118
08/13/2000,AMA,TX,ASW,WE,Towers with Radar,29,39,35,12,115,1,2,33,1,37,30,41,68,13,152,0,14,14,166
08/14/2000,AMA,TX,ASW,WE,Towers with Radar,31,39,40,24,134,1,3,31,52,87,32,42,71,76,221,0,148,148,369
08/15/2000,AMA,TX,ASW,WE,Towers with Radar,35,47,38,28,148,1,2,27,9,39,36,49,65,37,187,42,38,80,267
08/16/2000,AMA,TX,ASW,WE,Towers with Radar,28,47,36,34,145,1,3,40,51,95,29,50,76,85,240,4,140,144,384
08/17/2000,AMA,TX,ASW,WE,Towers with Radar,36,52,48,59,195,0,0,58,63,121,36,52,106,122,316,30,344,374,690
08/18/2000,AMA,TX,ASW,WE,Towers with Radar,30,44,49,85,208,1,3,29,80,113,31,47,78,165,321,0,430,430,751
08/19/2000,AMA,TX,ASW,WE,Towers with Radar,30,27,28,21,106,1,1,32,19,53,31,28,60,40,159,42,58,100,259
08/20/2000,AMA,TX,ASW,WE,Towers with Radar,26,42,35,12,115,0,0,111,0,111,26,42,146,12,226,18,48,66,292
08/21/2000,AMA,TX,ASW,WE,Towers with Radar,28,41,35,68,172,1,2,36,72,111,29,43,71,140,283,22,116,138,421
08/22/2000,AMA,TX,ASW,WE,Towers with Radar,30,45,38,65,178,1,2,34,59,96,31,47,72,124,274,4,188,192,466
08/23/2000,AMA,TX,ASW,WE,Towers with Radar,28,40,36,21,125,1,1,36,39,77,29,41,72,60,202,0,98,98,300
08/24/2000,AMA,TX,ASW,WE,Towers with Radar,30,59,51,51,191,1,4,65,73,143,31,63,116,124,334,0,148,148,482
08/25/2000,AMA,TX,ASW,WE,Towers with Radar,30,46,47,59,182,0,0,25,105,130,30,46,72,164,312,0,386,386,698
08/26/2000,AMA,TX,ASW,WE,Towers with Radar,34,42,44,54,174,0,0,118,52,170,34,42,162,106,344,12,0,12,356
08/27/2000,AMA,TX,ASW,WE,Towers with Radar,28,33,22,41,124,0,2,34,12,48,28,35,56,53,172,0,62,62,234
08/28/2000,AMA,TX,ASW,WE,Towers with Radar,34,51,30,49,164,0,5,31,30,66,34,56,61,79,230,20,140,160,390
08/29/2000,AMA,TX,ASW,WE,Towers with Radar,28,39,40,76,183,0,2,29,82,113,28,41,69,158,296,20,290,310,606
08/30/2000,AMA,TX,ASW,WE,Towers with Radar,31,44,40,60,175,0,3,57,118,178,31,47,97,178,353,6,364,370,723
08/31/2000,AMA,TX,ASW,WE,Towers with Radar,33,49,41,133,256,0,3,51,165,219,33,52,92,298,475,2,270,272,747
09/01/2000,AMA,TX,ASW,WE,Towers with Radar,29,39,44,39,151,1,1,36,52,90,30,40,80,91,241,0,290,290,531
09/02/2000,AMA,TX,ASW,WE,Towers with Radar,15,21,18,0,54,8,8,40,0,56,23,29,58,0,110,26,0,26,136
09/03/2000,AMA,TX,ASW,WE,Towers with Radar,16,26,22,0,64,0,9,85,0,94,16,35,107,0,158,18,0,18,176
09/04/2000,AMA,TX,ASW,WE,Towers with Radar,31,38,28,0,97,0,0,34,0,34,31,38,62,0,131,0,0,0,131
09/05/2000,AMA,TX,ASW,WE,Towers with Radar,32,45,45,61,183,0,1,36,27,64,32,46,81,88,247,22,358,380,627
09/06/2000,AMA,TX,ASW,WE,Towers with Radar,29,42,42,35,148,0,1,42,26,69,29,43,84,61,217,0,90,90,307
09/07/2000,AMA,TX,ASW,WE,Towers with Radar,31,46,31,57,165,0,2,39,44,85,31,48,70,101,250,22,272,294,544
09/08/2000,AMA,TX,ASW,WE,Towers with Radar,38,47,27,54,166,0,2,41,42,85,38,49,68,96,251,4,166,170,421
09/09/2000,AMA,TX,ASW,WE,Towers with Radar,27,33,21,13,94,0,0,34,4,38,27,33,55,17,132,10,42,52,184
09/10/2000,AMA,TX,ASW,WE,Towers with Radar,32,37,20,15,104,1,0,40,3,44,33,37,60,18,148,38,30,68,216
09/11/2000,AMA,TX,ASW,WE,Towers with Radar,29,46,36,64,175,1,1,31,74,107,30,47,67,138,282,16,174,190,472
09/12/2000,AMA,TX,ASW,WE,Towers with Radar,24,42,33,49,148,1,1,38,47,87,25,43,71,96,235,0,32,32,267
09/13/2000,AMA,TX,ASW,WE,Towers with Radar,30,42,39,44,155,1,4,43,52,100,31,46,82,96,255,6,114,120,375
09/14/2000,AMA,TX,ASW,WE,Towers with Radar,26,41,33,40,140,4,10,32,13,59,30,51,65,53,199,70,122,192,391
09/15/2000,AMA,TX,ASW,WE,Towers with Radar,33,43,26,56,158,1,1,44,83,129,34,44,70,139,287,0,248,248,535
09/16/2000,AMA,TX,ASW,WE,Towers with Radar,24,42,34,8,108,0,13,36,0,49,24,55,70,8,157,0,14,14,171
09/17/2000,AMA,TX,ASW,WE,Towers with Radar,29,34,21,40,124,0,1,47,19,67,29,35,68,59,191,10,12,22,213
09/18/2000,AMA,TX,ASW,WE,Towers with Radar,30,44,27,65,166,0,2,41,61,104,30,46,68,126,270,44,270,314,584
09/19/2000,AMA,TX,ASW,WE,Towers with Radar,32,49,41,50,172,0,0,59,69,128,32,49,100,119,300,32,154,186,486
09/20/2000,AMA,TX,ASW,WE,Towers with Radar,30,56,47,42,175,0,1,31,61,93,30,57,78,103,268,56,276,332,600
09/21/2000,AMA,TX,ASW,WE,Towers with Radar,30,52,53,64,199,0,0,32,150,182,30,52,85,214,381,32,566,598,979
09/22/2000,AMA,TX,ASW,WE,Towers with Radar,29,55,36,147,267,0,0,41,142,183,29,55,77,289,450,14,422,436,886
09/23/2000,AMA,TX,ASW,WE,Towers with Radar,25,34,36,9,104,0,0,15,4,19,25,34,51,13,123,42,0,42,165
09/24/2000,AMA,TX,ASW,WE,Towers with Radar,25,40,30,6,101,0,0,12,2,14,25,40,42,8,115,0,0,0,115
09/25/2000,AMA,TX,ASW,WE,Towers with Radar,37,47,44,52,180,0,0,25,89,114,37,47,69,141,294,126,192,318,612
09/26/2000,AMA,TX,ASW,WE,Towers with Radar,35,41,46,90,212,0,0,31,104,135,35,41,77,194,347,28,124,152,499
09/27/2000,AMA,TX,ASW,WE,Towers with Radar,32,46,42,28,148,0,1,62,21,84,32,47,104,49,232,22,150,172,404
09/28/2000,AMA,TX,ASW,WE,Towers with Radar,34,46,39,47,166,3,0,69,10,82,37,46,108,57,248,8,190,198,446
09/29/2000,AMA,TX,ASW,WE,Towers with Radar,32,49,47,28,156,0,1,55,2,58,32,50,102,30,214,10,0,10,224
09/30/2000,AMA,TX,ASW,WE,Towers with Radar,23,36,28,2,89,0,0,59,0,59,23,36,87,2,148,56,0,56,204
10/01/2000,AMA,TX,ASW,WE,Towers with Radar,22,32,27,8,89,4,7,65,0,76,26,39,92,8,165,20,0,20,185
10/02/2000,AMA,TX,ASW,WE,Towers with Radar,39,51,61,70,221,0,0,12,118,130,39,51,73,188,351,26,166,192,543
10/03/2000,AMA,TX,ASW,WE,Towers with Radar,30,50,45,52,177,0,0,34,78,112,30,50,79,130,289,6,136,142,431
10/04/2000,AMA,TX,ASW,WE,Towers with Radar,29,45,40,47,161,0,0,49,46,95,29,45,89,93,256,0,118,118,374
10/05/2000,AMA,TX,ASW,WE,Towers with Radar,34,46,43,50,173,2,0,16,20,38,36,46,59,70,211,0,144,144,355
10/06/2000,AMA,TX,ASW,WE,Towers with Radar,27,49,42,49,167,0,1,0,90,91,27,50,42,139,258,2,162,164,422
10/07/2000,AMA,TX,ASW,WE,Towers with Radar,12,18,15,1,46,10,15,15,0,40,22,33,30,1,86,0,0,0,86
10/08/2000,AMA,TX,ASW,WE,Towers with Radar,21,32,27,32,112,12,5,14,1,32,33,37,41,33,144,0,16,16,160
10/09/2000,AMA,TX,ASW,WE,Towers with Radar,29,42,36,25,132,4,3,59,0,66,33,45,95,25,198,0,128,128,326
10/10/2000,AMA,TX,ASW,WE,Towers with Radar,32,45,40,46,163,0,0,37,47,84,32,45,77,93,247,4,50,54,301
10/11/2000,AMA,TX,ASW,WE,Towers with Radar,28,41,36,42,147,0,7,23,4,34,28,48,59,46,181,2,84,86,267
10/12/2000,AMA,TX,ASW,WE,Towers with Radar,31,43,38,32,144,0,6,44,0,50,31,49,82,32,194,0,36,36,230
10/13/2000,AMA,TX,ASW,WE,Towers with Radar,28,50,60,68,206,0,0,34,116,150,28,50,94,184,356,0,152,152,508
10/14/2000,AMA,TX,ASW,WE,Towers with Radar,16,22,20,12,70,11,9,34,0,54,27,31,54,12,124,26,102,128,252
10/15/2000,AMA,TX,ASW,WE,Towers with Radar,21,29,26,4,80,6,11,3,0,20,27,40,29,4,100,0,0,0,100
10/16/2000,AMA,TX,ASW,WE,Towers with Radar,32,51,48,53,184,0,0,27,55,82,32,51,75,108,266,36,106,142,408
10/17/2000,AMA,TX,ASW,WE,Towers with Radar,32,47,48,53,180,0,0,53,83,136,32,47,101,136,316,26,199,225,541
10/18/2000,AMA,TX,ASW,WE,Towers with Radar,28,52,52,58,190,0,0,54,77,131,28,52,106,135,321,20,372,392,713
10/19/2000,AMA,TX,ASW,WE,Towers with Radar,30,44,45,50,169,0,0,64,23,87,30,44,109,73,256,24,238,262,518
10/20/2000,AMA,TX,ASW,WE,Towers with Radar,32,52,46,52,182,0,1,34,43,78,32,53,80,95,260,34,44,78,338
10/21/2000,AMA,TX,ASW,WE,Towers with Radar,16,22,18,2,58,6,16,0,0,22,22,38,18,2,80,0,0,0,80
10/22/2000,AMA,TX,ASW,WE,Towers with Radar,19,26,23,13,81,16,10,35,0,61,35,36,58,13,142,44,0,44,186
10/23/2000,AMA,TX,ASW,WE,Towers with Radar,26,35,31,19,111,8,13,0,0,21,34,48,31,19,132,0,24,24,156
10/24/2000,AMA,TX,ASW,WE,Towers with Radar,32,45,40,45,162,7,0,17,1,25,39,45,57,46,187,0,0,0,187
10/25/2000,AMA,TX,ASW,WE,Towers with Radar,33,41,44,49,167,0,0,71,43,114,33,41,115,92,281,34,268,302,583
10/26/2000,AMA,TX,ASW,WE,Towers with Radar,32,47,63,71,213,0,0,1,237,238,32,47,64,308,451,0,274,274,725
10/27/2000,AMA,TX,ASW,WE,Towers with Radar,31,47,43,50,171,0,0,24,14,38,31,47,67,64,209,18,98,116,325
10/28/2000,AMA,TX,ASW,WE,Towers with Radar,13,18,15,0,46,11,10,1,0,22,24,28,16,0,68,0,0,0,68
10/29/2000,AMA,TX,ASW,WE,Towers with Radar,24,34,29,34,121,8,3,38,0,49,32,37,67,34,170,28,34,62,232
10/30/2000,AMA,TX,ASW,WE,Towers with Radar,35,49,44,51,179,0,0,32,76,108,35,49,76,127,287,4,190,194,481
10/31/2000,AMA,TX,ASW,WE,Towers with Radar,20,29,24,16,89,4,17,15,0,36,24,46,39,16,125,0,22,22,147
11/01/2000,AMA,TX,ASW,WE,Towers with Radar,29,58,45,84,216,0,0,33,86,119,29,58,78,170,335,4,264,268,603
11/02/2000,AMA,TX,ASW,WE,Towers with Radar,33,46,54,101,234,0,0,48,170,218,33,46,102,271,452,20,398,418,870
11/03/2000,AMA,TX,ASW,WE,Towers with Radar,39,54,39,73,205,2,0,26,80,108,41,54,65,153,313,14,194,208,521
11/04/2000,AMA,TX,ASW,WE,Towers with Radar,15,23,15,13,66,8,10,9,0,27,23,33,24,13,93,0,0,0,93
11/05/2000,AMA,TX,ASW,WE,Towers with Radar,17,22,17,32,88,18,0,22,19,59,35,22,39,51,147,0,0,0,147
11/06/2000,AMA,TX,ASW,WE,Towers with Radar,35,44,42,78,199,0,0,11,156,167,35,44,53,234,366,46,206,252,618
11/07/2000,AMA,TX,ASW,WE,Towers with Radar,18,26,18,1,63,13,21,1,0,35,31,47,19,1,98,0,0,0,98
11/08/2000,AMA,TX,ASW,WE,Towers with Radar,27,39,27,50,143,1,13,1,4,19,28,52,28,54,162,14,64,78,240
11/09/2000,AMA,TX,ASW,WE,Towers with Radar,34,44,37,70,185,0,0,32,72,104,34,44,69,142,289,34,106,140,429
11/10/2000,AMA,TX,ASW,WE,Towers with Radar,24,35,24,9,92,5,11,38,0,54,29,46,62,9,146,42,44,86,232
11/11/2000,AMA,TX,ASW,WE,Towers with Radar,19,28,19,8,74,7,11,35,0,53,26,39,54,8,127,12,0,12,139
11/12/2000,AMA,TX,ASW,WE,Towers with Radar,24,34,25,32,115,4,2,23,0,29,28,36,48,32,144,20,0,20,164
11/13/2000,AMA,TX,ASW,WE,Towers with Radar,32,45,37,66,180,0,0,19,96,115,32,45,56,162,295,0,92,92,387
11/14/2000,AMA,TX,ASW,WE,Towers with Radar,25,46,33,59,163,0,7,28,45,80,25,53,61,104,243,4,242,246,489
11/15/2000,AMA,TX,ASW,WE,Towers with Radar,35,47,38,68,188,0,0,13,81,94,35,47,51,149,282,0,416,416,698
11/16/2000,AMA,TX,ASW,WE,Towers with Radar,27,54,51,91,223,0,0,27,183,210,27,54,78,274,433,32,338,370,803
11/17/2000,AMA,TX,ASW,WE,Towers with Radar,42,46,48,86,222,0,0,47,130,177,42,46,95,216,399,8,232,240,639
11/18/2000,AMA,TX,ASW,WE,Towers with Radar,18,23,17,6,64,11,14,25,0,50,29,37,42,6,114,2,38,40,154
11/19/2000,AMA,TX,ASW,WE,Towers with Radar,30,41,32,56,159,0,0,26,44,70,30,41,58,100,229,0,40,40,269
11/20/2000,AMA,TX,ASW,WE,Towers with Radar,30,41,30,54,155,0,4,38,35,77,30,45,68,89,232,0,48,48,280
11/21/2000,AMA,TX,ASW,WE,Towers with Radar,34,55,55,98,242,0,0,34,249,283,34,55,89,347,525,0,94,94,619
11/22/2000,AMA,TX,ASW,WE,Towers with Radar,31,42,31,55,159,5,6,29,40,80,36,48,60,95,239,38,240,278,517
11/23/2000,AMA,TX,ASW,WE,Towers with Radar,12,15,11,0,38,6,16,6,0,28,18,31,17,0,66,0,0,0,66
11/24/2000,AMA,TX,ASW,WE,Towers with Radar,16,21,15,0,52,10,13,30,0,53,26,34,45,0,105,0,0,0,105
11/25/2000,AMA,TX,ASW,WE,Towers with Radar,18,23,18,11,70,6,27,28,0,61,24,50,46,11,131,12,24,36,167
11/26/2000,AMA,TX,ASW,WE,Towers with Radar,18,24,18,6,66,11,15,47,0,73,29,39,65,6,139,16,56,72,211
11/27/2000,AMA,TX,ASW,WE,Towers with Radar,31,42,31,56,160,6,0,27,20,53,37,42,58,76,213,18,122,140,353
11/28/2000,AMA,TX,ASW,WE,Towers with Radar,31,42,30,56,159,7,8,35,12,62,38,50,65,68,221,32,172,204,425
11/29/2000,AMA,TX,ASW,WE,Towers with Radar,38,46,39,72,195,0,0,50,73,123,38,46,89,145,318,10,302,312,630
11/30/2000,AMA,TX,ASW,WE,Towers with Radar,33,44,33,59,169,0,2,36,29,67,33,46,69,88,236,22,84,106,342
12/01/2000,AMA,TX,ASW,WE,Towers with Radar,45,45,60,58,208,0,0,26,179,205,45,45,86,237,413,28,260,288,701
12/02/2000,AMA,TX,ASW,WE,Towers with Radar,27,31,31,31,120,0,0,34,28,62,27,31,65,59,182,18,22,40,222
12/03/2000,AMA,TX,ASW,WE,Towers with Radar,25,35,28,27,115,6,0,29,12,47,31,35,57,39,162,14,34,48,210
12/04/2000,AMA,TX,ASW,WE,Towers with Radar,34,39,36,35,144,2,0,9,36,47,36,39,45,71,191,48,16,64,255
12/05/2000,AMA,TX,ASW,WE,Towers with Radar,31,39,43,42,155,0,0,21,90,111,31,39,64,132,266,0,126,126,392
12/06/2000,AMA,TX,ASW,WE,Towers with Radar,34,40,50,48,172,0,0,2,126,128,34,40,52,174,300,34,294,328,628
12/07/2000,AMA,TX,ASW,WE,Towers with Radar,32,47,48,45,172,0,0,40,110,150,32,47,88,155,322,30,204,234,556
12/08/2000,AMA,TX,ASW,WE,Towers with Radar,38,48,42,39,167,10,0,32,43,85,48,48,74,82,252,36,90,126,378
12/09/2000,AMA,TX,ASW,WE,Towers with Radar,19,24,20,0,63,4,7,37,0,48,23,31,57,0,111,22,6,28,139
12/10/2000,AMA,TX,ASW,WE,Towers with Radar,21,24,22,12,79,10,0,5,0,15,31,24,27,12,94,0,0,0,94
12/11/2000,AMA,TX,ASW,WE,Towers with Radar,35,40,38,35,148,1,0,36,29,66,36,40,74,64,214,0,14,14,228
12/12/2000,AMA,TX,ASW,WE,Towers with Radar,28,36,30,5,99,0,15,8,0,23,28,51,38,5,122,0,20,20,142
12/13/2000,AMA,TX,ASW,WE,Towers with Radar,28,36,30,15,109,6,7,17,0,30,34,43,47,15,139,24,0,24,163
12/14/2000,AMA,TX,ASW,WE,Towers with Radar,29,49,41,21,140,0,15,47,0,62,29,64,88,21,202,32,24,56,258
12/15/2000,AMA,TX,ASW,WE,Towers with Radar,31,45,38,35,149,0,2,35,20,57,31,47,73,55,206,0,96,96,302
12/16/2000,AMA,TX,ASW,WE,Towers with Radar,21,26,22,5,74,6,16,27,0,49,27,42,49,5,123,76,0,76,199
12/17/2000,AMA,TX,ASW,WE,Towers with Radar,20,25,21,13,79,10,7,33,0,50,30,32,54,13,129,46,0,46,175
12/18/2000,AMA,TX,ASW,WE,Towers with Radar,34,48,40,37,159,0,0,25,84,109,34,48,65,121,268,16,182,198,466
12/19/2000,AMA,TX,ASW,WE,Towers with Radar,36,46,38,35,155,1,10,45,194,250,37,56,83,229,405,104,238,342,747
12/20/2000,AMA,TX,ASW,WE,Towers with Radar,34,48,50,46,178,0,0,38,128,166,34,48,88,174,344,12,126,138,482
12/21/2000,AMA,TX,ASW,WE,Towers with Radar,31,40,33,31,135,2,7,53,4,66,33,47,86,35,201,30,102,132,333
12/22/2000,AMA,TX,ASW,WE,Towers with Radar,31,40,8,31,110,2,7,0,4,13,33,47,8,35,123,12,30,42,165
12/23/2000,AMA,TX,ASW,WE,Towers with Radar,19,27,23,16,85,0,8,64,0,72,19,35,87,16,157,16,0,16,173
12/24/2000,AMA,TX,ASW,WE,Towers with Radar,9,12,5,0,26,5,4,0,0,9,14,16,5,0,35,0,0,0,35
12/25/2000,AMA,TX,ASW,WE,Towers with Radar,2,2,0,0,4,8,0,0,0,8,10,2,0,0,12,0,0,0,12
12/26/2000,AMA,TX,ASW,WE,Towers with Radar,4,5,2,0,11,5,1,0,0,6,9,6,2,0,17,0,0,0,17
12/27/2000,AMA,TX,ASW,WE,Towers with Radar,19,25,20,16,80,5,3,10,0,18,24,28,30,16,98,0,0,0,98
12/28/2000,AMA,TX,ASW,WE,Towers with Radar,28,37,29,26,120,6,4,29,0,39,34,41,58,26,159,8,38,46,205
12/29/2000,AMA,TX,ASW,WE,Towers with Radar,26,35,28,3,92,11,17,57,0,85,37,52,85,3,177,42,2,44,221
12/30/2000,AMA,TX,ASW,WE,Towers with Radar,19,25,20,0,64,6,12,33,0,51,25,37,53,0,115,0,0,0,115
12/31/2000,AMA,TX,ASW,WE,Towers with Radar,9,14,10,0,33,8,6,0,0,14,17,20,10,0,47,0,0,0,47
01/01/2001,AMA,TX,ASW,WE,Towers with Radar,15,18,13,0,46,2,7,7,0,16,17,25,20,0,62,0,0,0,62
01/02/2001,AMA,TX,ASW,WE,Towers with Radar,20,25,16,5,66,14,15,23,0,52,34,40,39,5,118,0,0,0,118
01/03/2001,AMA,TX,ASW,WE,Towers with Radar,27,34,22,37,120,7,12,21,28,68,34,46,43,65,188,20,268,288,476
01/04/2001,AMA,TX,ASW,WE,Towers with Radar,30,43,34,56,163,0,0,39,88,127,30,43,73,144,290,12,274,286,576
01/05/2001,AMA,TX,ASW,WE,Towers with Radar,36,38,37,61,172,0,0,36,97,133,36,38,73,158,305,16,280,296,601
01/06/2001,AMA,TX,ASW,WE,Towers with Radar,22,28,17,30,97,0,7,52,0,59,22,35,69,30,156,0,182,182,338
01/07/2001,AMA,TX,ASW,WE,Towers with Radar,36,40,30,50,156,26,0,57,69,152,62,40,87,119,308,86,46,132,440
01/08/2001,AMA,TX,ASW,WE,Towers with Radar,32,41,55,90,218,0,0,32,271,303,32,41,87,361,521,38,436,474,995
01/09/2001,AMA,TX,ASW,WE,Towers with Radar,35,40,43,70,188,0,0,48,145,193,35,40,91,215,381,0,212,212,593
01/10/2001,AMA,TX,ASW,WE,Towers with Radar,25,32,21,35,113,7,6,4,5,22,32,38,25,40,135,0,10,10,145
01/11/2001,AMA,TX,ASW,WE,Towers with Radar,35,47,42,68,192,0,0,36,77,113,35,47,78,145,305,22,234,256,561
01/12/2001,AMA,TX,ASW,WE,Towers with Radar,57,50,48,79,234,4,0,26,121,151,61,50,74,200,385,2,150,152,537
01/13/2001,AMA,TX,ASW,WE,Towers with Radar,16,21,15,6,58,10,17,2,0,29,26,38,17,6,87,0,0,0,87
01/14/2001,AMA,TX,ASW,WE,Towers with Radar,28,33,25,38,124,12,0,71,7,90,40,33,96,45,214,114,28,142,356
01/15/2001,AMA,TX,ASW,WE,Towers with Radar,21,27,19,8,75,15,10,22,0,47,36,37,41,8,122,40,18,58,180
01/16/2001,AMA,TX,ASW,WE,Towers with Radar,18,23,9,2,52,16,16,0,0,32,34,39,9,2,84,0,0,0,84
01/17/2001,AMA,TX,ASW,WE,Towers with Radar,22,27,19,0,68,9,12,11,0,32,31,39,30,0,100,0,0,0,100
01/18/2001,AMA,TX,ASW,WE,Towers with Radar,25,35,25,29,114,0,12,22,0,34,25,47,47,29,148,0,8,8,156
01/19/2001,AMA,TX,ASW,WE,Towers with Radar,31,41,34,53,159,0,0,7,74,81,31,41,41,127,240,2,156,158,398
01/20/2001,AMA,TX,ASW,WE,Towers with Radar,22,27,19,24,92,2,13,37,0,52,24,40,56,24,144,2,2,4,148
01/21/2001,AMA,TX,ASW,WE,Towers with Radar,27,32,27,41,127,0,0,10,63,73,27,32,37,104,200,16,40,56,256
01/22/2001,AMA,TX,ASW,WE,Towers with Radar,29,35,25,38,127,7,3,31,21,62,36,38,56,59,189,58,274,332,521
01/23/2001,AMA,TX,ASW,WE,Towers with Radar,31,38,31,49,149,0,0,28,39,67,31,38,59,88,216,0,18,18,234
01/24/2001,AMA,TX,ASW,WE,Towers with Radar,31,38,27,29,125,0,4,23,0,27,31,42,50,29,152,0,14,14,166
01/25/2001,AMA,TX,ASW,WE,Towers with Radar,30,38,27,20,115,0,17,25,0,42,30,55,52,20,157,8,0,8,165
01/26/2001,AMA,TX,ASW,WE,Towers with Radar,44,42,43,69,198,0,0,46,113,159,44,42,89,182,357,22,232,254,611
01/27/2001,AMA,TX,ASW,WE,Towers with Radar,13,14,7,0,34,12,8,0,0,20,25,22,7,0,54,0,0,0,54
01/28/2001,AMA,TX,ASW,WE,Towers with Radar,13,16,6,0,35,12,16,0,0,28,25,32,6,0,63,34,0,34,97
01/29/2001,AMA,TX,ASW,WE,Towers with Radar,32,40,26,45,143,0,3,0,14,17,32,43,26,59,160,0,0,0,160
01/30/2001,AMA,TX,ASW,WE,Towers with Radar,35,49,36,57,177,0,0,40,70,110,35,49,76,127,287,0,56,56,343
01/31/2001,AMA,TX,ASW,WE,Towers with Radar,33,39,27,45,144,0,5,22,13,40,33,44,49,58,184,24,32,56,240
02/01/2001,AMA,TX,ASW,WE,Towers with Radar,29,36,49,59,173,0,0,18,119,137,29,36,67,178,310,6,150,156,466
02/02/2001,AMA,TX,ASW,WE,Towers with Radar,39,38,48,59,184,13,0,36,83,132,52,38,84,142,316,0,182,182,498
02/03/2001,AMA,TX,ASW,WE,Towers with Radar,19,24,23,28,94,0,1,52,0,53,19,25,75,28,147,37,10,47,194
02/04/2001,AMA,TX,ASW,WE,Towers with Radar,23,29,28,24,104,7,4,54,0,65,30,33,82,24,169,2,8,10,179
02/05/2001,AMA,TX,ASW,WE,Towers with Radar,30,38,36,45,149,2,9,20,39,70,32,47,56,84,219,0,230,230,449
02/06/2001,AMA,TX,ASW,WE,Towers with Radar,32,40,39,41,152,3,4,26,0,33,35,44,65,41,185,58,10,68,253
02/07/2001,AMA,TX,ASW,WE,Towers with Radar,34,31,42,51,158,0,0,31,120,151,34,31,73,171,309,0,306,306,615
02/08/2001,AMA,TX,ASW,WE,Towers with Radar,13,16,17,1,47,18,0,5,0,23,31,16,22,1,70,0,0,0,70
02/09/2001,AMA,TX,ASW,WE,Towers with Radar,30,46,5,55,136,0,10,0,10,20,30,56,5,65,156,0,24,24,180
02/10/2001,AMA,TX,ASW,WE,Towers with Radar,19,25,24,18,86,1,7,28,0,36,20,32,52,18,122,14,0,14,136
02/11/2001,AMA,TX,ASW,WE,Towers with Radar,30,33,37,34,134,4,0,77,0,81,34,33,114,34,215,0,0,0,215
02/12/2001,AMA,TX,ASW,WE,Towers with Radar,33,44,80,94,251,0,0,2,324,326,33,44,82,418,577,0,356,356,933
02/13/2001,AMA,TX,ASW,WE,Towers with Radar,32,45,60,71,208,0,0,5,170,175,32,45,65,241,383,8,112,120,503
02/14/2001,AMA,TX,ASW,WE,Towers with Radar,17,20,21,21,79,3,1,6,0,10,20,21,27,21,89,0,0,0,89
02/15/2001,AMA,TX,ASW,WE,Towers with Radar,34,35,42,49,160,1,0,28,32,61,35,35,70,81,221,2,60,62,283
02/16/2001,AMA,TX,ASW,WE,Towers with Radar,36,43,52,61,192,0,0,41,31,72,36,43,93,92,264,2,26,28,292
02/17/2001,AMA,TX,ASW,WE,Towers with Radar,17,22,23,12,74,0,13,66,0,79,17,35,89,12,153,10,8,18,171
02/18/2001,AMA,TX,ASW,WE,Towers with Radar,22,27,27,21,97,7,11,78,0,96,29,38,105,21,193,0,8,8,201
02/19/2001,AMA,TX,ASW,WE,Towers with Radar,24,28,29,11,92,12,14,75,0,101,36,42,104,11,193,0,0,0,193
02/20/2001,AMA,TX,ASW,WE,Towers with Radar,28,40,52,61,181,0,0,53,144,197,28,40,105,205,378,38,189,227,605
02/21/2001,AMA,TX,ASW,WE,Towers with Radar,31,42,42,41,156,0,7,15,0,22,31,49,57,41,178,0,4,4,182
02/22/2001,AMA,TX,ASW,WE,Towers with Radar,32,38,39,17,126,8,6,40,0,54,40,44,79,17,180,0,0,0,180
02/23/2001,AMA,TX,ASW,WE,Towers with Radar,17,20,15,0,52,11,9,0,0,20,28,29,15,0,72,0,0,0,72
02/24/2001,AMA,TX,ASW,WE,Towers with Radar,14,18,18,2,52,4,12,19,0,35,18,30,37,2,87,0,0,0,87
02/25/2001,AMA,TX,ASW,WE,Towers with Radar,28,47,61,72,208,0,0,87,208,295,28,47,148,280,503,14,208,222,725
02/26/2001,AMA,TX,ASW,WE,Towers with Radar,28,33,34,29,124,7,8,34,0,49,35,41,68,29,173,44,78,122,295
02/27/2001,AMA,TX,ASW,WE,Towers with Radar,17,21,18,0,56,11,15,0,0,26,28,36,18,0,82,0,0,0,82
02/28/2001,AMA,TX,ASW,WE,Towers with Radar,19,24,22,0,65,10,22,1,0,33,29,46,23,0,98,0,0,0,98
03/01/2001,AMA,TX,ASW,WE,Towers with Radar,35,48,41,71,195,0,0,59,48,107,35,48,100,119,302,6,126,132,434
03/02/2001,AMA,TX,ASW,WE,Towers with Radar,30,46,43,75,194,0,0,31,70,101,30,46,74,145,295,28,110,138,433
03/03/2001,AMA,TX,ASW,WE,Towers with Radar,18,24,19,32,93,6,7,13,0,26,24,31,32,32,119,10,24,34,153
03/04/2001,AMA,TX,ASW,WE,Towers with Radar,24,33,27,48,132,4,1,39,10,54,28,34,66,58,186,6,172,178,364
03/05/2001,AMA,TX,ASW,WE,Towers with Radar,33,43,48,84,208,0,0,13,153,166,33,43,61,237,374,2,130,132,506
03/06/2001,AMA,TX,ASW,WE,Towers with Radar,29,45,37,66,177,0,1,41,50,92,29,46,78,116,269,6,116,122,391
03/07/2001,AMA,TX,ASW,WE,Towers with Radar,25,34,28,41,128,4,14,16,0,34,29,48,44,41,162,2,70,72,234
03/08/2001,AMA,TX,ASW,WE,Towers with Radar,17,24,20,0,61,7,23,8,0,38,24,47,28,0,99,0,0,0,99
03/09/2001,AMA,TX,ASW,WE,Towers with Radar,33,46,39,66,184,0,1,50,29,80,33,47,89,95,264,30,16,46,310
03/10/2001,AMA,TX,ASW,WE,Towers with Radar,22,31,44,74,171,0,0,29,164,193,22,31,73,238,364,0,318,318,682
03/11/2001,AMA,TX,ASW,WE,Towers with Radar,24,32,27,46,129,5,5,54,4,68,29,37,81,50,197,0,0,0,197
03/12/2001,AMA,TX,ASW,WE,Towers with Radar,34,37,39,66,176,2,0,40,110,152,36,37,79,176,328,26,290,316,644
03/13/2001,AMA,TX,ASW,WE,Towers with Radar,28,41,38,65,172,0,0,52,66,118,28,41,90,131,290,30,110,140,430
03/14/2001,AMA,TX,ASW,WE,Towers with Radar,31,41,36,60,168,0,1,17,62,80,31,42,53,122,248,4,156,160,408
03/15/2001,AMA,TX,ASW,WE,Towers with Radar,28,35,30,43,136,2,15,24,0,41,30,50,54,43,177,0,0,0,177
03/16/2001,AMA,TX,ASW,WE,Towers with Radar,30,38,33,56,157,0,1,30,35,66,30,39,63,91,223,8,180,188,411
03/17/2001,AMA,TX,ASW,WE,Towers with Radar,14,16,15,0,45,11,12,6,0,29,25,28,21,0,74,0,0,0,74
03/18/2001,AMA,TX,ASW,WE,Towers with Radar,14,17,13,2,46,14,10,0,0,24,28,27,13,2,70,0,0,0,70
03/19/2001,AMA,TX,ASW,WE,Towers with Radar,38,35,41,69,183,2,0,31,99,132,40,35,72,168,315,0,268,268,583
03/20/2001,AMA,TX,ASW,WE,Towers with Radar,29,49,53,90,221,0,0,29,203,232,29,49,82,293,453,16,430,446,899
03/21/2001,AMA,TX,ASW,WE,Towers with Radar,29,38,36,61,164,0,0,13,61,74,29,38,49,122,238,24,62,86,324
03/22/2001,AMA,TX,ASW,WE,Towers with Radar,35,50,57,97,239,0,0,29,158,187,35,50,86,255,426,4,304,308,734
03/23/2001,AMA,TX,ASW,WE,Towers with Radar,35,40,39,65,179,13,0,20,48,81,48,40,59,113,260,12,160,172,432
03/24/2001,AMA,TX,ASW,WE,Towers with Radar,17,20,8,31,76,5,9,0,25,39,22,29,8,56,115,0,0,0,115
03/25/2001,AMA,TX,ASW,WE,Towers with Radar,22,28,23,15,88,10,6,12,0,28,32,34,35,15,116,10,6,16,132
03/26/2001,AMA,TX,ASW,WE,Towers with Radar,19,24,19,19,81,16,7,4,0,27,35,31,23,19,108,0,0,0,108
03/27/2001,AMA,TX,ASW,WE,Towers with Radar,17,21,15,0,53,11,14,0,0,25,28,35,15,0,78,0,0,0,78
03/28/2001,AMA,TX,ASW,WE,Towers with Radar,23,29,24,8,84,7,15,15,0,37,30,44,39,8,121,0,8,8,129
03/29/2001,AMA,TX,ASW,WE,Towers with Radar,32,47,47,82,208,0,0,6,154,160,32,47,53,236,368,0,238,238,606
03/30/2001,AMA,TX,ASW,WE,Towers with Radar,31,42,40,71,184,0,0,18,59,77,31,42,58,130,261,0,60,60,321
03/31/2001,AMA,TX,ASW,WE,Towers with Radar,22,29,24,32,107,0,1,36,0,37,22,30,60,32,144,0,18,18,162
04/01/2001,AMA,TX,ASW,WE,Towers with Radar,27,34,28,50,139,3,0,30,30,63,30,34,58,80,202,20,38,58,260
04/02/2001,AMA,TX,ASW,WE,Towers with Radar,30,43,39,67,179,0,0,20,95,115,30,43,59,162,294,30,152,182,476
04/03/2001,AMA,TX,ASW,WE,Towers with Radar,33,43,48,82,206,0,0,20,141,161,33,43,68,223,367,0,288,288,655
04/04/2001,AMA,TX,ASW,WE,Towers with Radar,44,45,53,92,234,0,0,53,91,144,44,45,106,183,378,2,250,252,630
04/05/2001,AMA,TX,ASW,WE,Towers with Radar,40,47,42,72,201,0,0,28,10,38,40,47,70,82,239,6,16,22,261
04/06/2001,AMA,TX,ASW,WE,Towers with Radar,25,31,27,12,95,12,11,25,0,48,37,42,52,12,143,0,4,4,147
04/07/2001,AMA,TX,ASW,WE,Towers with Radar,16,21,18,19,74,5,6,26,0,37,21,27,44,19,111,0,2,2,113
04/08/2001,AMA,TX,ASW,WE,Towers with Radar,19,25,21,26,91,12,4,18,0,34,31,29,39,26,125,4,14,18,143
04/09/2001,AMA,TX,ASW,WE,Towers with Radar,26,37,32,53,148,0,1,35,34,70,26,38,67,87,218,16,166,182,400
04/10/2001,AMA,TX,ASW,WE,Towers with Radar,36,42,37,62,177,12,4,25,12,53,48,46,62,74,230,12,164,176,406
04/11/2001,AMA,TX,ASW,WE,Towers with Radar,23,27,24,28,102,7,13,13,0,33,30,40,37,28,135,0,2,2,137
04/12/2001,AMA,TX,ASW,WE,Towers with Radar,33,40,35,58,166,0,2,59,32,93,33,42,94,90,259,30,146,176,435
04/13/2001,AMA,TX,ASW,WE,Towers with Radar,31,37,33,54,155,0,5,20,25,50,31,42,53,79,205,0,44,44,249
04/14/2001,AMA,TX,ASW,WE,Towers with Radar,19,21,19,5,64,9,9,40,0,58,28,30,59,5,122,0,6,6,128
04/15/2001,AMA,TX,ASW,WE,Towers with Radar,19,22,20,4,65,16,13,29,0,58,35,35,49,4,123,0,0,0,123
04/16/2001,AMA,TX,ASW,WE,Towers with Radar,28,44,55,92,219,0,0,8,278,286,28,44,63,370,505,4,350,354,859
04/17/2001,AMA,TX,ASW,WE,Towers with Radar,26,30,26,43,125,2,15,15,9,41,28,45,41,52,166,0,74,74,240
04/18/2001,AMA,TX,ASW,WE,Towers with Radar,32,48,42,70,192,0,5,15,127,147,32,53,57,197,339,0,240,240,579
04/19/2001,AMA,TX,ASW,WE,Towers with Radar,31,44,47,78,200,0,0,10,135,145,31,44,57,213,345,12,138,150,495
04/20/2001,AMA,TX,ASW,WE,Towers with Radar,33,43,38,64,178,0,1,19,93,113,33,44,57,157,291,52,210,262,553
04/21/2001,AMA,TX,ASW,WE,Towers with Radar,20,32,28,48,128,0,3,28,55,86,20,35,56,103,214,0,96,96,310
04/22/2001,AMA,TX,ASW,WE,Towers with Radar,23,27,22,4,76,10,13,12,0,35,33,40,34,4,111,0,0,0,111
04/23/2001,AMA,TX,ASW,WE,Towers with Radar,33,42,36,62,173,0,0,40,28,68,33,42,76,90,241,6,54,60,301
04/24/2001,AMA,TX,ASW,WE,Towers with Radar,28,44,37,64,173,0,0,27,93,120,28,44,64,157,293,12,192,204,497
04/25/2001,AMA,TX,ASW,WE,Towers with Radar,30,42,35,61,168,0,0,74,37,111,30,42,109,98,279,19,118,137,416
04/26/2001,AMA,TX,ASW,WE,Towers with Radar,39,45,38,66,188,31,0,37,9,77,70,45,75,75,265,0,168,168,433
04/27/2001,AMA,TX,ASW,WE,Towers with Radar,32,46,50,87,215,0,0,56,150,206,32,46,106,237,421,8,92,100,521
04/28/2001,AMA,TX,ASW,WE,Towers with Radar,17,20,17,8,62,10,0,58,0,68,27,20,75,8,130,4,0,4,134
04/29/2001,AMA,TX,ASW,WE,Towers with Radar,29,31,28,49,137,2,0,29,9,40,31,31,57,58,177,0,78,78,255
04/30/2001,AMA,TX,ASW,WE,Towers with Radar,29,35,29,51,144,0,4,36,36,76,29,39,65,87,220,10,60,70,290
05/01/2001,AMA,TX,ASW,WE,Towers with Radar,0,0,33,19,52,26,41,35,120,222,26,41,68,139,274,0,60,60,334
05/02/2001,AMA,TX,ASW,WE,Towers with Radar,0,0,19,11,30,39,54,44,1,138,39,54,63,12,168,0,0,0,168
05/03/2001,AMA,TX,ASW,WE,Towers with Radar,0,0,0,0,0,30,36,32,0,98,30,36,32,0,98,0,0,0,98
05/04/2001,AMA,TX,ASW,WE,Towers with Radar,0,0,0,0,0,37,43,23,2,105,37,43,23,2,105,0,0,0,105
05/05/2001,AMA,TX,ASW,WE,Towers with Radar,0,0,10,4,14,18,30,27,2,77,18,30,37,6,91,0,0,0,91
05/06/2001,AMA,TX,ASW,WE,Towers with Radar,0,0,34,8,42,30,38,45,0,113,30,38,79,8,155,0,6,6,161
05/07/2001,AMA,TX,ASW,WE,Towers with Radar,0,0,25,13,38,31,50,34,132,247,31,50,59,145,285,0,312,312,597
05/08/2001,AMA,TX,ASW,WE,Towers with Radar,0,0,41,22,63,32,48,40,214,334,32,48,81,236,397,4,298,302,699
05/09/2001,AMA,TX,ASW,WE,Towers with Radar,0,0,35,17,52,31,38,31,69,169,31,38,66,86,221,16,136,152,373
05/10/2001,AMA,TX,ASW,WE,Towers with Radar,0,0,38,18,56,31,38,33,68,170,31,38,71,86,226,4,216,220,446
05/11/2001,AMA,TX,ASW,WE,Towers with Radar,0,0,32,15,47,29,35,22,249,335,29,35,54,264,382,20,328,348,730
05/12/2001,AMA,TX,ASW,WE,Towers with Radar,0,0,13,5,18,29,22,28,5,84,29,22,41,10,102,0,0,0,102
05/13/2001,AMA,TX,ASW,WE,Towers with Radar,0,0,28,10,38,28,34,32,0,94,28,34,60,10,132,0,0,0,132
05/14/2001,AMA,TX,ASW,WE,Towers with Radar,0,0,24,11,35,28,40,15,135,218,28,40,39,146,253,0,194,194,447
05/15/2001,AMA,TX,ASW,WE,Towers with Radar,0,0,30,14,44,33,37,33,89,192,33,37,63,103,236,4,158,162,398
05/16/2001,AMA,TX,ASW,WE,Towers with Radar,0,0,34,16,50,30,33,51,17,131,30,33,85,33,181,0,54,54,235
05/17/2001,AMA,TX,ASW,WE,Towers with Radar,0,0,30,14,44,28,37,30,94,189,28,37,60,108,233,0,140,140,373
05/18/2001,AMA,TX,ASW,WE,Towers with Radar,0,0,26,12,38,31,38,40,70,179,31,38,66,82,217,0,286,286,503
05/19/2001,AMA,TX,ASW,WE,Towers with Radar,0,0,3,1,4,24,18,35,3,80,24,18,38,4,84,0,0,0,84
05/20/2001,AMA,TX,ASW,WE,Towers with Radar,0,0,23,11,34,30,30,30,65,155,30,30,53,76,189,0,48,48,237
05/21/2001,AMA,TX,ASW,WE,Towers with Radar,0,0,23,12,35,35,37,41,147,260,35,37,64,159,295,4,164,168,463
05/22/2001,AMA,TX,ASW,WE,Towers with Radar,0,0,35,18,53,30,44,28,138,240,30,44,63,156,293,48,386,434,727
05/23/2001,AMA,TX,ASW,WE,Towers with Radar,0,0,50,27,77,41,43,39,45,168,41,43,89,72,245,0,120,120,365
05/24/2001,AMA,TX,ASW,WE,Towers with Radar,0,0,56,30,86,32,47,49,280,408,32,47,105,310,494,12,330,342,836
05/25/2001,AMA,TX,ASW,WE,Towers with Radar,0,0,49,26,75,27,36,56,13,132,27,36,105,39,207,2,258,260,467
05/26/2001,AMA,TX,ASW,WE,Towers with Radar,0,0,29,14,43,16,23,56,0,95,16,23,85,14,138,0,14,14,152
05/27/2001,AMA,TX,ASW,WE,Towers with Radar,0,0,24,2,26,28,26,47,0,101,28,26,71,2,127,0,0,0,127
05/28/2001,AMA,TX,ASW,WE,Towers with Radar,0,3,37,1,41,27,25,5,1,58,27,28,42,2,99,0,0,0,99
05/29/2001,AMA,TX,ASW,WE,Towers with Radar,0,0,7,4,11,26,41,27,106,200,26,41,34,110,211,0,148,148,359
05/30/2001,AMA,TX,ASW,WE,Towers with Radar,0,0,27,14,41,31,36,24,191,282,31,36,51,205,323,12,300,312,635
05/31/2001,AMA,TX,ASW,WE,Towers with Radar,0,24,48,81,153,37,16,36,73,162,37,40,84,154,315,58,382,440,755
06/01/2001,AMA,TX,ASW,WE,Towers with Radar,29,32,30,54,145,0,3,23,48,74,29,35,53,102,219,0,206,206,425
06/02/2001,AMA,TX,ASW,WE,Towers with Radar,17,18,17,16,68,7,6,38,0,51,24,24,55,16,119,4,6,10,129
06/03/2001,AMA,TX,ASW,WE,Towers with Radar,27,29,27,49,132,2,0,29,70,101,29,29,56,119,233,0,30,30,263
06/04/2001,AMA,TX,ASW,WE,Towers with Radar,24,26,25,36,111,2,17,46,0,65,26,43,71,36,176,28,26,54,230
06/05/2001,AMA,TX,ASW,WE,Towers with Radar,36,39,37,65,177,1,4,28,52,85,37,43,65,117,262,32,132,164,426
06/06/2001,AMA,TX,ASW,WE,Towers with Radar,33,38,38,68,177,0,0,24,40,64,33,38,62,108,241,12,128,140,381
06/07/2001,AMA,TX,ASW,WE,Towers with Radar,31,35,48,85,199,0,0,50,199,249,31,35,98,284,448,58,396,454,902
06/08/2001,AMA,TX,ASW,WE,Towers with Radar,36,34,36,64,170,4,0,38,93,135,40,34,74,157,305,38,224,262,567
06/09/2001,AMA,TX,ASW,WE,Towers with Radar,18,19,19,21,77,5,3,54,0,62,23,22,73,21,139,48,0,48,187
06/10/2001,AMA,TX,ASW,WE,Towers with Radar,24,27,26,41,118,5,2,51,0,58,29,29,77,41,176,10,124,134,310
06/11/2001,AMA,TX,ASW,WE,Towers with Radar,34,30,34,59,157,6,0,26,63,95,40,30,60,122,252,0,220,220,472
06/12/2001,AMA,TX,ASW,WE,Towers with Radar,30,39,39,66,174,0,3,27,97,127,30,42,66,163,301,6,348,354,655
06/13/2001,AMA,TX,ASW,WE,Towers with Radar,29,31,31,53,144,0,5,15,27,47,29,36,46,80,191,2,293,295,486
06/14/2001,AMA,TX,ASW,WE,Towers with Radar,27,37,59,103,226,0,0,33,282,315,27,37,92,385,541,26,374,400,941
06/15/2001,AMA,TX,ASW,WE,Towers with Radar,38,35,44,77,194,0,0,41,37,78,38,35,85,114,272,6,113,119,391
06/16/2001,AMA,TX,ASW,WE,Towers with Radar,17,17,17,2,53,11,12,41,0,64,28,29,58,2,117,64,2,66,183
06/17/2001,AMA,TX,ASW,WE,Towers with Radar,17,17,18,29,81,11,9,46,8,74,28,26,64,37,155,20,14,34,189
06/18/2001,AMA,TX,ASW,WE,Towers with Radar,33,34,34,58,159,0,0,45,51,96,33,34,79,109,255,12,152,164,419
06/19/2001,AMA,TX,ASW,WE,Towers with Radar,33,41,41,70,185,0,2,24,109,135,33,43,65,179,320,6,168,174,494
06/20/2001,AMA,TX,ASW,WE,Towers with Radar,30,31,31,46,138,1,11,57,0,69,31,42,88,46,207,2,174,176,383
06/21/2001,AMA,TX,ASW,WE,Towers with Radar,35,33,36,62,166,4,0,50,29,83,39,33,86,91,249,30,162,192,441
06/22/2001,AMA,TX,ASW,WE,Towers with Radar,30,35,35,60,160,0,4,34,74,112,30,39,69,134,272,16,234,250,522
06/23/2001,AMA,TX,ASW,WE,Towers with Radar,19,19,19,10,67,2,8,60,0,70,21,27,79,10,137,0,10,10,147
06/24/2001,AMA,TX,ASW,WE,Towers with Radar,21,19,20,7,67,21,0,46,0,67,42,19,66,7,134,0,0,0,134
06/25/2001,AMA,TX,ASW,WE,Towers with Radar,33,36,34,62,165,0,3,14,64,81,33,39,48,126,246,14,180,194,440
06/26/2001,AMA,TX,ASW,WE,Towers with Radar,29,30,28,51,138,0,10,43,10,63,29,40,71,61,201,6,90,96,297
06/27/2001,AMA,TX,ASW,WE,Towers with Radar,40,37,40,71,188,0,0,63,84,147,40,37,103,155,335,8,156,164,499
06/28/2001,AMA,TX,ASW,WE,Towers with Radar,38,41,44,79,202,0,0,48,78,126,38,41,92,157,328,14,144,158,486
06/29/2001,AMA,TX,ASW,WE,Towers with Radar,32,33,31,56,152,0,1,37,34,72,32,34,68,90,224,4,82,86,310
06/30/2001,AMA,TX,ASW,WE,Towers with Radar,25,26,24,30,105,11,1,54,0,66,36,27,78,30,171,0,0,0,171
07/01/2001,AMA,TX,ASW,WE,Towers with Radar,28,28,26,20,102,4,5,23,0,32,32,33,49,20,134,0,18,18,152
07/02/2001,AMA,TX,ASW,WE,Towers with Radar,29,41,38,54,162,0,0,19,139,158,29,41,57,193,320,6,318,324,644
07/03/2001,AMA,TX,ASW,WE,Towers with Radar,26,31,35,46,138,0,0,50,50,100,26,31,85,96,238,24,178,202,440
07/04/2001,AMA,TX,ASW,WE,Towers with Radar,19,18,17,0,54,7,11,42,0,60,26,29,59,0,114,12,0,12,126
07/05/2001,AMA,TX,ASW,WE,Towers with Radar,30,29,27,32,118,0,9,43,0,52,30,38,70,32,170,66,40,106,276
07/06/2001,AMA,TX,ASW,WE,Towers with Radar,30,37,35,46,148,0,3,42,82,127,30,40,77,128,275,0,56,56,331
07/07/2001,AMA,TX,ASW,WE,Towers with Radar,23,23,20,0,66,8,2,41,0,51,31,25,61,0,117,0,0,0,117
07/08/2001,AMA,TX,ASW,WE,Towers with Radar,24,25,23,2,74,11,8,47,0,66,35,33,70,2,140,0,0,0,140
07/09/2001,AMA,TX,ASW,WE,Towers with Radar,27,29,36,48,140,0,0,26,95,121,27,29,62,143,261,0,162,162,423
07/10/2001,AMA,TX,ASW,WE,Towers with Radar,40,31,30,22,123,0,0,27,14,41,40,31,57,36,164,0,70,70,234
07/11/2001,AMA,TX,ASW,WE,Towers with Radar,32,37,34,45,148,0,2,36,9,47,32,39,70,54,195,0,52,52,247
07/12/2001,AMA,TX,ASW,WE,Towers with Radar,30,40,35,27,132,0,0,33,16,49,30,40,68,43,181,2,136,138,319
07/13/2001,AMA,TX,ASW,WE,Towers with Radar,28,46,35,86,195,0,0,34,67,101,28,46,69,153,296,0,332,332,628
07/14/2001,AMA,TX,ASW,WE,Towers with Radar,24,26,29,1,80,0,0,24,7,31,24,26,53,8,111,0,0,0,111
07/15/2001,AMA,TX,ASW,WE,Towers with Radar,31,31,21,3,86,0,0,46,3,49,31,31,67,6,135,0,0,0,135
07/16/2001,AMA,TX,ASW,WE,Towers with Radar,35,43,23,55,156,0,0,49,65,114,35,43,72,120,270,52,110,162,432
07/17/2001,AMA,TX,ASW,WE,Towers with Radar,40,32,39,54,165,6,0,28,70,104,46,32,67,124,269,26,114,140,409
07/18/2001,AMA,TX,ASW,WE,Towers with Radar,41,42,38,72,193,0,0,38,38,76,41,42,76,110,269,4,20,24,293
07/19/2001,AMA,TX,ASW,WE,Towers with Radar,44,31,58,100,233,0,0,44,65,109,44,31,102,165,342,22,214,236,578
07/20/2001,AMA,TX,ASW,WE,Towers with Radar,30,39,29,59,157,0,0,44,38,82,30,39,73,97,239,12,188,200,439
07/21/2001,AMA,TX,ASW,WE,Towers with Radar,30,28,46,0,104,0,0,52,0,52,30,28,98,0,156,32,0,32,188
07/22/2001,AMA,TX,ASW,WE,Towers with Radar,30,31,28,26,115,0,0,38,13,51,30,31,66,39,166,0,26,26,192
07/23/2001,AMA,TX,ASW,WE,Towers with Radar,31,33,30,36,130,1,4,75,0,80,32,37,105,36,210,4,64,68,278
07/24/2001,AMA,TX,ASW,WE,Towers with Radar,43,28,14,54,139,0,0,53,52,105,43,28,67,106,244,9,142,151,395
07/25/2001,AMA,TX,ASW,WE,Towers with Radar,28,40,48,30,146,0,0,43,13,56,28,40,91,43,202,14,48,62,264
07/26/2001,AMA,TX,ASW,WE,Towers with Radar,37,29,38,112,216,0,0,36,121,157,37,29,74,233,373,4,429,433,806
07/27/2001,AMA,TX,ASW,WE,Towers with Radar,29,35,35,78,177,0,1,47,64,112,29,36,82,142,289,14,242,256,545
07/28/2001,AMA,TX,ASW,WE,Towers with Radar,30,22,20,3,75,0,0,34,1,35,30,22,54,4,110,14,0,14,124
07/29/2001,AMA,TX,ASW,WE,Towers with Radar,22,23,21,14,80,9,4,42,0,55,31,27,63,14,135,0,16,16,151
07/30/2001,AMA,TX,ASW,WE,Towers with Radar,27,41,33,88,189,0,0,38,83,121,27,41,71,171,310,6,204,210,520
07/31/2001,AMA,TX,ASW,WE,Towers with Radar,29,38,41,56,164,0,0,45,27,72,29,38,86,83,236,6,84,90,326
08/01/2001,AMA,TX,ASW,WE,Towers with Radar,36,35,33,37,141,0,0,31,22,53,36,35,64,59,194,4,72,76,270
08/02/2001,AMA,TX,ASW,WE,Towers with Radar,29,47,32,105,213,0,0,50,73,123,29,47,82,178,336,18,188,206,542
08/03/2001,AMA,TX,ASW,WE,Towers with Radar,31,41,49,82,203,0,1,50,58,109,31,42,99,140,312,4,210,214,526
08/04/2001,AMA,TX,ASW,WE,Towers with Radar,28,29,41,15,113,0,0,48,13,61,28,29,89,28,174,0,10,10,184
08/05/2001,AMA,TX,ASW,WE,Towers with Radar,34,33,23,10,100,0,0,37,2,39,34,33,60,12,139,4,0,4,143
08/06/2001,AMA,TX,ASW,WE,Towers with Radar,29,40,41,71,181,0,1,42,59,102,29,41,83,130,283,12,172,184,467
08/07/2001,AMA,TX,ASW,WE,Towers with Radar,34,48,48,70,200,0,0,71,37,108,34,48,119,107,308,60,72,132,440
08/08/2001,AMA,TX,ASW,WE,Towers with Radar,34,41,39,57,171,0,2,24,37,63,34,43,63,94,234,0,108,108,342
08/09/2001,AMA,TX,ASW,WE,Towers with Radar,28,44,43,30,145,0,0,16,17,33,28,44,59,47,178,6,78,84,262
08/10/2001,AMA,TX,ASW,WE,Towers with Radar,36,31,38,73,178,0,0,51,55,106,36,31,89,128,284,6,124,130,414
08/11/2001,AMA,TX,ASW,WE,Towers with Radar,22,30,24,0,76,0,0,11,11,22,22,30,35,11,98,0,0,0,98
08/12/2001,AMA,TX,ASW,WE,Towers with Radar,29,32,18,15,94,0,0,23,6,29,29,32,41,21,123,14,4,18,141
08/13/2001,AMA,TX,ASW,WE,Towers with Radar,29,39,24,37,129,0,0,16,48,64,29,39,40,85,193,0,156,156,349
08/14/2001,AMA,TX,ASW,WE,Towers with Radar,31,44,49,66,190,0,0,50,56,106,31,44,99,122,296,20,100,120,416
08/15/2001,AMA,TX,ASW,WE,Towers with Radar,26,31,29,28,114,8,5,0,0,13,34,36,29,28,127,0,72,72,199
08/16/2001,AMA,TX,ASW,WE,Towers with Radar,26,44,45,62,177,0,0,17,99,116,26,44,62,161,293,14,236,250,543
08/17/2001,AMA,TX,ASW,WE,Towers with Radar,36,41,49,70,196,0,0,26,95,121,36,41,75,165,317,24,208,232,549
08/18/2001,AMA,TX,ASW,WE,Towers with Radar,27,27,22,12,88,0,0,19,10,29,27,27,41,22,117,10,32,42,159
08/19/2001,AMA,TX,ASW,WE,Towers with Radar,27,30,31,6,94,0,0,38,4,42,27,30,69,10,136,0,0,0,136
08/20/2001,AMA,TX,ASW,WE,Towers with Radar,26,37,34,63,160,0,0,31,64,95,26,37,65,127,255,38,124,162,417
08/21/2001,AMA,TX,ASW,WE,Towers with Radar,26,32,31,45,134,6,6,36,6,54,32,38,67,51,188,0,20,20,208
08/22/2001,AMA,TX,ASW,WE,Towers with Radar,30,34,41,61,166,0,0,47,50,97,30,34,88,111,263,2,68,70,333
08/23/2001,AMA,TX,ASW,WE,Towers with Radar,35,42,41,59,177,1,1,42,28,72,36,43,83,87,249,62,90,152,401
08/24/2001,AMA,TX,ASW,WE,Towers with Radar,32,31,39,56,158,10,0,40,34,84,42,31,79,90,242,12,94,106,348
08/25/2001,AMA,TX,ASW,WE,Towers with Radar,15,18,18,3,54,8,16,29,0,53,23,34,47,3,107,2,0,2,109
08/26/2001,AMA,TX,ASW,WE,Towers with Radar,24,26,30,43,123,7,0,24,10,41,31,26,54,53,164,20,84,104,268
08/27/2001,AMA,TX,ASW,WE,Towers with Radar,34,34,64,82,214,0,0,25,68,93,34,34,89,150,307,20,168,188,495
08/28/2001,AMA,TX,ASW,WE,Towers with Radar,32,39,43,63,177,0,0,34,41,75,32,39,77,104,252,0,138,138,390
08/29/2001,AMA,TX,ASW,WE,Towers with Radar,34,29,25,162,250,0,1,27,175,203,34,30,52,337,453,6,244,250,703
08/30/2001,AMA,TX,ASW,WE,Towers with Radar,30,39,36,119,224,0,0,37,97,134,30,39,73,216,358,12,294,306,664
08/31/2001,AMA,TX,ASW,WE,Towers with Radar,37,70,51,32,190,0,0,27,14,41,37,70,78,46,231,2,36,38,269
09/01/2001,AMA,TX,ASW,WE,Towers with Radar,20,20,13,10,63,1,1,26,4,32,21,21,39,14,95,0,0,0,95
09/02/2001,AMA,TX,ASW,WE,Towers with Radar,26,24,17,16,83,1,0,33,2,36,27,24,50,18,119,12,18,30,149
09/03/2001,AMA,TX,ASW,WE,Towers with Radar,30,20,32,17,99,1,0,39,8,48,31,20,71,25,147,2,8,10,157
09/04/2001,AMA,TX,ASW,WE,Towers with Radar,28,33,33,44,138,1,6,33,43,83,29,39,66,87,221,2,96,98,319
09/05/2001,AMA,TX,ASW,WE,Towers with Radar,27,31,31,23,112,8,4,28,0,40,35,35,59,23,152,0,0,0,152
09/06/2001,AMA,TX,ASW,WE,Towers with Radar,26,40,48,64,178,1,2,34,41,78,27,42,82,105,256,6,146,152,408
09/07/2001,AMA,TX,ASW,WE,Towers with Radar,34,40,33,38,145,1,1,44,15,61,35,41,77,53,206,0,58,58,264
09/08/2001,AMA,TX,ASW,WE,Towers with Radar,23,23,11,21,78,1,0,21,5,27,24,23,32,26,105,6,14,20,125
09/09/2001,AMA,TX,ASW,WE,Towers with Radar,28,26,40,55,149,1,0,56,21,78,29,26,96,76,227,26,72,98,325
09/10/2001,AMA,TX,ASW,WE,Towers with Radar,30,36,37,42,145,1,0,41,27,69,31,36,78,69,214,20,133,153,367
09/11/2001,AMA,TX,ASW,WE,Towers with Radar,9,6,7,3,25,1,0,5,0,6,10,6,12,3,31,0,0,0,31
09/12/2001,AMA,TX,ASW,WE,Towers with Radar,1,1,1,2,5,1,0,1,0,2,2,1,2,2,7,0,0,0,7
09/13/2001,AMA,TX,ASW,WE,Towers with Radar,6,25,0,38,69,1,2,0,16,19,7,27,0,54,88,0,88,88,176
09/14/2001,AMA,TX,ASW,WE,Towers with Radar,15,62,12,68,157,1,2,1,54,58,16,64,13,122,215,0,124,124,339
09/15/2001,AMA,TX,ASW,WE,Towers with Radar,25,24,44,0,93,1,0,1,0,2,26,24,45,0,95,0,0,0,95
09/16/2001,AMA,TX,ASW,WE,Towers with Radar,29,25,22,19,95,1,0,1,5,7,30,25,23,24,102,0,2,2,104
09/17/2001,AMA,TX,ASW,WE,Towers with Radar,31,34,37,46,148,1,0,2,37,40,32,34,39,83,188,0,96,96,284
09/18/2001,AMA,TX,ASW,WE,Towers with Radar,33,52,63,89,237,0,0,0,180,180,33,52,63,269,417,4,316,320,737
09/19/2001,AMA,TX,ASW,WE,Towers with Radar,29,44,35,54,162,1,2,5,21,29,30,46,40,75,191,2,114,116,307
09/20/2001,AMA,TX,ASW,WE,Towers with Radar,34,38,25,151,248,1,0,22,137,160,35,38,47,288,408,0,256,256,664
09/21/2001,AMA,TX,ASW,WE,Towers with Radar,27,38,47,87,199,1,2,18,53,74,28,40,65,140,273,0,290,290,563
09/22/2001,AMA,TX,ASW,WE,Towers with Radar,17,28,31,14,90,0,1,21,2,24,17,29,52,16,114,0,58,58,172
09/23/2001,AMA,TX,ASW,WE,Towers with Radar,39,20,30,91,180,0,1,25,129,155,39,21,55,220,335,0,305,305,640
09/24/2001,AMA,TX,ASW,WE,Towers with Radar,34,36,44,74,188,0,1,22,38,61,34,37,66,112,249,22,226,248,497
09/25/2001,AMA,TX,ASW,WE,Towers with Radar,33,34,52,44,163,0,1,28,28,57,33,35,80,72,220,8,48,56,276
09/26/2001,AMA,TX,ASW,WE,Towers with Radar,31,39,45,28,143,0,1,36,11,48,31,40,81,39,191,6,112,118,309
09/27/2001,AMA,TX,ASW,WE,Towers with Radar,39,34,56,33,162,0,1,32,1,34,39,35,88,34,196,52,40,92,288
09/28/2001,AMA,TX,ASW,WE,Towers with Radar,34,47,46,18,145,0,2,58,5,65,34,49,104,23,210,6,34,40,250
09/29/2001,AMA,TX,ASW,WE,Towers with Radar,32,15,21,0,68,0,1,42,0,43,32,16,63,0,111,6,0,6,117
09/30/2001,AMA,TX,ASW,WE,Towers with Radar,37,23,24,2,86,0,1,40,0,41,37,24,64,2,127,4,0,4,131
10/01/2001,AMA,TX,ASW,WE,Towers with Radar,30,34,35,57,156,0,0,4,64,68,30,34,39,121,224,0,100,100,324
10/02/2001,AMA,TX,ASW,WE,Towers with Radar,31,32,33,47,143,1,3,52,0,56,32,35,85,47,199,4,54,58,257
10/03/2001,AMA,TX,ASW,WE,Towers with Radar,28,41,43,44,156,0,1,63,27,91,28,42,106,71,247,10,74,84,331
10/04/2001,AMA,TX,ASW,WE,Towers with Radar,32,39,32,35,138,0,1,17,18,36,32,40,49,53,174,0,90,90,264
10/05/2001,AMA,TX,ASW,WE,Towers with Radar,33,31,39,28,131,0,1,10,7,18,33,32,49,35,149,0,28,28,177
10/06/2001,AMA,TX,ASW,WE,Towers with Radar,26,17,19,8,70,0,1,37,3,41,26,18,56,11,111,18,0,18,129
10/07/2001,AMA,TX,ASW,WE,Towers with Radar,30,22,21,17,90,1,2,22,17,42,31,24,43,34,132,8,4,12,144
10/08/2001,AMA,TX,ASW,WE,Towers with Radar,39,32,41,5,117,1,1,10,2,14,40,33,51,7,131,16,6,22,153
10/09/2001,AMA,TX,ASW,WE,Towers with Radar,28,37,40,93,198,1,1,27,48,77,29,38,67,141,275,2,282,284,559
10/10/2001,AMA,TX,ASW,WE,Towers with Radar,29,34,39,168,270,1,1,21,172,195,30,35,60,340,465,0,302,302,767
10/11/2001,AMA,TX,ASW,WE,Towers with Radar,27,36,48,82,193,0,0,50,90,140,27,36,98,172,333,0,164,164,497
10/12/2001,AMA,TX,ASW,WE,Towers with Radar,32,34,53,53,172,1,1,15,28,45,33,35,68,81,217,2,48,50,267
10/13/2001,AMA,TX,ASW,WE,Towers with Radar,23,23,18,12,76,1,1,29,1,32,24,24,47,13,108,6,0,6,114
10/14/2001,AMA,TX,ASW,WE,Towers with Radar,29,35,41,28,133,1,0,27,17,45,30,35,68,45,178,0,26,26,204
10/15/2001,AMA,TX,ASW,WE,Towers with Radar,32,42,24,24,122,1,0,15,11,27,33,42,39,35,149,14,54,68,217
10/16/2001,AMA,TX,ASW,WE,Towers with Radar,30,37,44,74,185,0,0,7,134,141,30,37,51,208,326,15,284,299,625
10/17/2001,AMA,TX,ASW,WE,Towers with Radar,37,31,28,34,130,1,2,28,19,50,38,33,56,53,180,14,104,118,298
10/18/2001,AMA,TX,ASW,WE,Towers with Radar,41,28,25,61,155,1,2,38,72,113,42,30,63,133,268,20,162,182,450
10/19/2001,AMA,TX,ASW,WE,Towers with Radar,33,35,42,118,228,1,2,48,62,113,34,37,90,180,341,18,180,198,539
10/20/2001,AMA,TX,ASW,WE,Towers with Radar,21,22,11,9,63,1,0,29,0,30,22,22,40,9,93,6,6,12,105
10/21/2001,AMA,TX,ASW,WE,Towers with Radar,27,28,14,21,90,1,0,37,7,45,28,28,51,28,135,6,30,36,171
10/22/2001,AMA,TX,ASW,WE,Towers with Radar,36,37,44,122,239,1,0,26,78,105,37,37,70,200,344,20,238,258,602
10/23/2001,AMA,TX,ASW,WE,Towers with Radar,29,41,38,33,141,1,1,23,20,45,30,42,61,53,186,0,164,164,350
10/24/2001,AMA,TX,ASW,WE,Towers with Radar,33,31,30,57,151,1,1,54,43,99,34,32,84,100,250,0,124,124,374
10/25/2001,AMA,TX,ASW,WE,Towers with Radar,31,41,26,68,166,1,3,24,30,58,32,44,50,98,224,0,158,158,382
10/26/2001,AMA,TX,ASW,WE,Towers with Radar,31,38,39,95,203,3,2,55,50,110,34,40,94,145,313,18,128,146,459
10/27/2001,AMA,TX,ASW,WE,Towers with Radar,16,18,18,8,60,9,12,27,0,48,25,30,45,8,108,10,10,20,128
10/28/2001,AMA,TX,ASW,WE,Towers with Radar,33,39,44,18,134,1,0,20,7,28,34,39,64,25,162,8,16,24,186
10/29/2001,AMA,TX,ASW,WE,Towers with Radar,32,29,45,55,161,1,0,29,31,61,33,29,74,86,222,20,186,206,428
10/30/2001,AMA,TX,ASW,WE,Towers with Radar,31,37,21,75,164,1,1,16,23,41,32,38,37,98,205,2,118,120,325
10/31/2001,AMA,TX,ASW,WE,Towers with Radar,35,39,7,87,168,1,0,10,22,33,36,39,17,109,201,0,102,102,303
11/01/2001,AMA,TX,ASW,WE,Towers with Radar,33,40,8,42,123,0,0,0,37,37,33,40,8,79,160,0,130,130,290
11/02/2001,AMA,TX,ASW,WE,Towers with Radar,35,39,11,56,141,0,5,11,33,49,35,44,22,89,190,4,108,112,302
11/03/2001,AMA,TX,ASW,WE,Towers with Radar,22,34,4,3,63,0,1,1,7,9,22,35,5,10,72,0,0,0,72
11/04/2001,AMA,TX,ASW,WE,Towers with Radar,28,29,0,21,78,0,1,3,7,11,28,30,3,28,89,0,4,4,93
11/05/2001,AMA,TX,ASW,WE,Towers with Radar,32,33,1,47,113,0,3,4,32,39,32,36,5,79,152,0,114,114,266
11/06/2001,AMA,TX,ASW,WE,Towers with Radar,27,44,1,82,154,0,5,10,100,115,27,49,11,182,269,0,382,382,651
11/07/2001,AMA,TX,ASW,WE,Towers with Radar,35,29,33,80,177,0,1,17,18,36,35,30,50,98,213,0,54,54,267
11/08/2001,AMA,TX,ASW,WE,Towers with Radar,32,34,49,60,175,0,2,13,44,59,32,36,62,104,234,4,76,80,314
11/09/2001,AMA,TX,ASW,WE,Towers with Radar,33,37,37,93,200,0,2,32,48,82,33,39,69,141,282,0,132,132,414
11/10/2001,AMA,TX,ASW,WE,Towers with Radar,18,23,25,0,66,0,1,33,0,34,18,24,58,0,100,6,0,6,106
11/11/2001,AMA,TX,ASW,WE,Towers with Radar,35,20,45,11,111,0,1,33,5,39,35,21,78,16,150,38,0,38,188
11/12/2001,AMA,TX,ASW,WE,Towers with Radar,32,38,33,8,111,0,1,15,4,20,32,39,48,12,131,2,8,10,141
11/13/2001,AMA,TX,ASW,WE,Towers with Radar,31,49,23,36,139,0,1,10,20,31,31,50,33,56,170,4,22,26,196
11/14/2001,AMA,TX,ASW,WE,Towers with Radar,28,37,26,2,93,0,1,3,6,10,28,38,29,8,103,0,0,0,103
11/15/2001,AMA,TX,ASW,WE,Towers with Radar,31,52,44,6,133,0,0,4,4,8,31,52,48,10,141,0,0,0,141
11/16/2001,AMA,TX,ASW,WE,Towers with Radar,32,43,28,12,115,0,0,8,8,16,32,43,36,20,131,12,22,34,165
11/17/2001,AMA,TX,ASW,WE,Towers with Radar,20,32,27,1,80,0,0,32,1,33,20,32,59,2,113,22,0,22,135
11/18/2001,AMA,TX,ASW,WE,Towers with Radar,27,34,22,46,129,0,0,27,42,69,27,34,49,88,198,36,42,78,276
11/19/2001,AMA,TX,ASW,WE,Towers with Radar,34,34,24,62,154,0,0,22,20,42,34,34,46,82,196,6,178,184,380
11/20/2001,AMA,TX,ASW,WE,Towers with Radar,34,32,36,62,164,0,1,33,23,57,34,33,69,85,221,22,162,184,405
11/21/2001,AMA,TX,ASW,WE,Towers with Radar,34,24,29,38,125,8,0,59,11,78,42,24,88,49,203,0,58,58,261
11/22/2001,AMA,TX,ASW,WE,Towers with Radar,18,18,15,0,51,13,0,36,0,49,31,18,51,0,100,0,0,0,100
11/23/2001,AMA,TX,ASW,WE,Towers with Radar,28,17,9,0,54,0,3,5,0,8,28,20,14,0,62,0,0,0,62
11/24/2001,AMA,TX,ASW,WE,Towers with Radar,19,22,16,13,70,1,8,13,0,22,20,30,29,13,92,4,12,16,108
11/25/2001,AMA,TX,ASW,WE,Towers with Radar,31,35,34,7,107,0,0,20,1,21,31,35,54,8,128,0,0,0,128
11/26/2001,AMA,TX,ASW,WE,Towers with Radar,31,31,29,122,213,0,0,31,101,132,31,31,60,223,345,20,146,166,511
11/27/2001,AMA,TX,ASW,WE,Towers with Radar,33,38,27,25,123,0,0,2,8,10,33,38,29,33,133,4,0,4,137
11/28/2001,AMA,TX,ASW,WE,Towers with Radar,23,45,40,0,108,0,0,2,1,3,23,45,42,1,111,0,0,0,111
11/29/2001,AMA,TX,ASW,WE,Towers with Radar,29,35,37,76,177,0,1,21,38,60,29,36,58,114,237,10,34,44,281
11/30/2001,AMA,TX,ASW,WE,Towers with Radar,34,38,26,26,124,0,0,18,10,28,34,38,44,36,152,12,16,28,180
12/01/2001,AMA,TX,ASW,WE,Towers with Radar,32,19,42,15,108,2,1,54,20,77,34,20,96,35,185,34,12,46,231
12/02/2001,AMA,TX,ASW,WE,Towers with Radar,30,31,28,14,103,0,2,18,0,20,30,33,46,14,123,32,0,32,155
12/03/2001,AMA,TX,ASW,WE,Towers with Radar,34,30,36,170,270,0,2,18,161,181,34,32,54,331,451,0,224,224,675
12/04/2001,AMA,TX,ASW,WE,Towers with Radar,29,39,37,70,175,0,2,6,49,57,29,41,43,119,232,24,72,96,328
12/05/2001,AMA,TX,ASW,WE,Towers with Radar,29,34,42,76,181,0,3,32,39,74,29,37,74,115,255,20,258,278,533
12/06/2001,AMA,TX,ASW,WE,Towers with Radar,28,40,43,64,175,0,4,26,33,63,28,44,69,97,238,0,80,80,318
12/07/2001,AMA,TX,ASW,WE,Towers with Radar,36,30,38,160,264,1,1,41,290,333,37,31,79,450,597,8,354,362,959
12/08/2001,AMA,TX,ASW,WE,Towers with Radar,16,20,30,4,70,1,0,39,11,51,17,20,69,15,121,6,0,6,127
12/09/2001,AMA,TX,ASW,WE,Towers with Radar,29,24,24,17,94,1,0,31,5,37,30,24,55,22,131,20,18,38,169
12/10/2001,AMA,TX,ASW,WE,Towers with Radar,33,24,40,52,149,1,2,33,32,68,34,26,73,84,217,14,84,98,315
12/11/2001,AMA,TX,ASW,WE,Towers with Radar,28,39,47,53,167,0,0,51,54,105,28,39,98,107,272,14,248,262,534
12/12/2001,AMA,TX,ASW,WE,Towers with Radar,28,41,67,74,210,0,0,31,149,180,28,41,98,223,390,36,216,252,642
12/13/2001,AMA,TX,ASW,WE,Towers with Radar,29,42,43,94,208,1,1,35,57,94,30,43,78,151,302,24,218,242,544
12/14/2001,AMA,TX,ASW,WE,Towers with Radar,31,40,33,88,192,1,0,58,50,109,32,40,91,138,301,8,240,248,549
12/15/2001,AMA,TX,ASW,WE,Towers with Radar,21,31,28,5,85,1,0,26,0,27,22,31,54,5,112,12,0,12,124
12/16/2001,AMA,TX,ASW,WE,Towers with Radar,19,35,28,25,107,1,0,11,3,15,20,35,39,28,122,0,80,80,202
12/17/2001,AMA,TX,ASW,WE,Towers with Radar,25,44,36,44,149,1,0,36,35,72,26,44,72,79,221,2,150,152,373
12/18/2001,AMA,TX,ASW,WE,Towers with Radar,22,43,37,39,141,0,1,37,20,58,22,44,74,59,199,0,62,62,261
12/19/2001,AMA,TX,ASW,WE,Towers with Radar,23,43,50,22,138,0,1,45,24,70,23,44,95,46,208,24,154,178,386
12/20/2001,AMA,TX,ASW,WE,Towers with Radar,23,47,50,18,138,0,1,47,10,58,23,48,97,28,196,10,66,76,272
12/21/2001,AMA,TX,ASW,WE,Towers with Radar,22,48,31,26,127,0,1,24,14,39,22,49,55,40,166,0,40,40,206
12/22/2001,AMA,TX,ASW,WE,Towers with Radar,20,27,27,2,76,2,9,35,0,46,22,36,62,2,122,8,0,8,130
12/23/2001,AMA,TX,ASW,WE,Towers with Radar,17,24,25,0,66,13,5,38,0,56,30,29,63,0,122,0,0,0,122
12/24/2001,AMA,TX,ASW,WE,Towers with Radar,13,31,28,0,72,0,2,26,0,28,13,33,54,0,100,0,0,0,100
12/25/2001,AMA,TX,ASW,WE,Towers with Radar,12,21,8,0,41,0,1,23,0,24,12,22,31,0,65,0,0,0,65
12/26/2001,AMA,TX,ASW,WE,Towers with Radar,35,55,41,4,135,0,2,25,0,27,35,57,66,4,162,28,28,56,218
12/27/2001,AMA,TX,ASW,WE,Towers with Radar,27,46,41,10,124,0,2,29,4,35,27,48,70,14,159,2,12,14,173
12/28/2001,AMA,TX,ASW,WE,Towers with Radar,37,40,34,6,117,0,1,49,2,52,37,41,83,8,169,20,18,38,207
12/29/2001,AMA,TX,ASW,WE,Towers with Radar,17,28,20,0,65,0,2,24,0,26,17,30,44,0,91,14,0,14,105
12/30/2001,AMA,TX,ASW,WE,Towers with Radar,21,31,12,0,64,0,1,0,0,1,21,32,12,0,65,0,0,0,65
12/31/2001,AMA,TX,ASW,WE,Towers with Radar,9,32,22,0,63,0,1,1,0,2,9,33,23,0,65,0,0,0,65
01/01/2002,AMA,TX,ASW,WE,Towers with Radar,11,15,10,0,36,13,2,0,0,15,24,17,10,0,51,0,0,0,51
01/02/2002,AMA,TX,ASW,WE,Towers with Radar,24,35,26,4,89,10,9,13,0,32,34,44,39,4,121,6,0,6,127
01/03/2002,AMA,TX,ASW,WE,Towers with Radar,26,50,37,18,131,0,0,32,9,41,26,50,69,27,172,8,46,54,226
01/04/2002,AMA,TX,ASW,WE,Towers with Radar,28,48,22,48,146,0,0,36,43,79,28,48,58,91,225,2,108,110,335
01/05/2002,AMA,TX,ASW,WE,Towers with Radar,17,33,23,5,78,0,0,26,0,26,17,33,49,5,104,0,0,0,104
01/06/2002,AMA,TX,ASW,WE,Towers with Radar,22,35,28,6,91,0,0,32,5,37,22,35,60,11,128,6,0,6,134
01/07/2002,AMA,TX,ASW,WE,Towers with Radar,25,42,27,14,108,0,0,26,5,31,25,42,53,19,139,28,10,38,177
01/08/2002,AMA,TX,ASW,WE,Towers with Radar,24,47,13,47,131,0,0,28,35,63,24,47,41,82,194,0,132,132,326
01/09/2002,AMA,TX,ASW,WE,Towers with Radar,22,35,24,35,116,0,12,48,0,60,22,47,72,35,176,42,108,150,326
01/10/2002,AMA,TX,ASW,WE,Towers with Radar,27,50,20,8,105,0,0,16,1,17,27,50,36,9,122,0,32,32,154
01/11/2002,AMA,TX,ASW,WE,Towers with Radar,36,41,22,63,162,0,6,45,167,218,36,47,67,230,380,28,178,206,586
01/12/2002,AMA,TX,ASW,WE,Towers with Radar,20,26,12,7,65,0,3,23,8,34,20,29,35,15,99,6,6,12,111
01/13/2002,AMA,TX,ASW,WE,Towers with Radar,30,31,29,41,131,0,0,48,42,90,30,31,77,83,221,6,22,28,249
01/14/2002,AMA,TX,ASW,WE,Towers with Radar,22,43,33,83,181,0,1,16,54,71,22,44,49,137,252,38,314,352,604
01/15/2002,AMA,TX,ASW,WE,Towers with Radar,22,40,43,95,200,0,1,21,50,72,22,41,64,145,272,0,234,234,506
01/16/2002,AMA,TX,ASW,WE,Towers with Radar,24,44,34,49,151,0,0,23,32,55,24,44,57,81,206,8,70,78,284
01/17/2002,AMA,TX,ASW,WE,Towers with Radar,31,43,23,54,151,0,1,37,30,68,31,44,60,84,219,20,174,194,413
01/18/2002,AMA,TX,ASW,WE,Towers with Radar,23,52,47,124,246,0,0,28,82,110,23,52,75,206,356,0,350,350,706
01/19/2002,AMA,TX,ASW,WE,Towers with Radar,19,34,51,10,114,0,0,38,1,39,19,34,89,11,153,4,20,24,177
01/20/2002,AMA,TX,ASW,WE,Towers with Radar,22,34,16,11,83,0,0,18,6,24,22,34,34,17,107,0,0,0,107
01/21/2002,AMA,TX,ASW,WE,Towers with Radar,26,38,23,9,96,0,0,33,2,35,26,38,56,11,131,18,14,32,163
01/22/2002,AMA,TX,ASW,WE,Towers with Radar,24,36,34,53,147,0,2,18,31,51,24,38,52,84,198,2,128,130,328
01/23/2002,AMA,TX,ASW,WE,Towers with Radar,25,45,39,134,243,0,0,17,98,115,25,45,56,232,358,2,240,242,600
01/24/2002,AMA,TX,ASW,WE,Towers with Radar,23,48,54,52,177,0,3,21,37,61,23,51,75,89,238,0,132,132,370
01/25/2002,AMA,TX,ASW,WE,Towers with Radar,27,49,46,146,268,0,0,49,148,197,27,49,95,294,465,6,182,188,653
01/26/2002,AMA,TX,ASW,WE,Towers with Radar,29,30,10,13,82,0,0,27,6,33,29,30,37,19,115,4,12,16,131
01/27/2002,AMA,TX,ASW,WE,Towers with Radar,24,32,37,57,150,0,0,0,119,119,24,32,37,176,269,0,36,36,305
01/28/2002,AMA,TX,ASW,WE,Towers with Radar,18,45,32,70,165,0,4,13,58,75,18,49,45,128,240,0,244,244,484
01/29/2002,AMA,TX,ASW,WE,Towers with Radar,25,44,40,48,157,0,2,15,18,35,25,46,55,66,192,0,138,138,330
01/30/2002,AMA,TX,ASW,WE,Towers with Radar,26,18,17,0,61,0,0,0,0,0,26,18,17,0,61,0,0,0,61
01/31/2002,AMA,TX,ASW,WE,Towers with Radar,28,37,43,4,112,0,0,14,4,18,28,37,57,8,130,0,0,0,130
02/01/2002,AMA,TX,ASW,WE,Towers with Radar,24,41,25,19,109,0,0,26,2,28,24,41,51,21,137,0,0,0,137
02/02/2002,AMA,TX,ASW,WE,Towers with Radar,29,30,44,2,105,1,2,46,0,49,30,32,90,2,154,0,0,0,154
02/03/2002,AMA,TX,ASW,WE,Towers with Radar,21,28,16,13,78,1,2,17,0,20,22,30,33,13,98,0,0,0,98
02/04/2002,AMA,TX,ASW,WE,Towers with Radar,24,37,30,46,137,3,7,5,7,22,27,44,35,53,159,0,18,18,177
02/05/2002,AMA,TX,ASW,WE,Towers with Radar,21,36,6,0,63,1,1,1,0,3,22,37,7,0,66,0,0,0,66
02/06/2002,AMA,TX,ASW,WE,Towers with Radar,24,47,56,82,209,0,0,10,183,193,24,47,66,265,402,2,302,304,706
02/07/2002,AMA,TX,ASW,WE,Towers with Radar,37,43,40,45,165,1,1,34,33,69,38,44,74,78,234,0,50,50,284
02/08/2002,AMA,TX,ASW,WE,Towers with Radar,31,40,36,91,198,1,1,28,59,89,32,41,64,150,287,34,102,136,423
02/09/2002,AMA,TX,ASW,WE,Towers with Radar,21,19,32,11,83,1,1,19,1,22,22,20,51,12,105,0,0,0,105
02/10/2002,AMA,TX,ASW,WE,Towers with Radar,27,34,30,13,104,1,3,39,3,46,28,37,69,16,150,0,0,0,150
02/11/2002,AMA,TX,ASW,WE,Towers with Radar,28,28,24,126,206,1,2,22,52,77,29,30,46,178,283,12,224,236,519
02/12/2002,AMA,TX,ASW,WE,Towers with Radar,22,41,39,104,206,1,3,35,65,104,23,44,74,169,310,0,228,228,538
02/13/2002,AMA,TX,ASW,WE,Towers with Radar,22,41,23,32,118,1,1,33,16,51,23,42,56,48,169,12,54,66,235
02/14/2002,AMA,TX,ASW,WE,Towers with Radar,28,36,21,77,162,1,2,16,86,105,29,38,37,163,267,2,72,74,341
02/15/2002,AMA,TX,ASW,WE,Towers with Radar,24,44,54,82,204,1,4,40,42,87,25,48,94,124,291,14,112,126,417
02/16/2002,AMA,TX,ASW,WE,Towers with Radar,19,27,23,9,78,1,4,48,0,53,20,31,71,9,131,44,6,50,181
02/17/2002,AMA,TX,ASW,WE,Towers with Radar,31,27,28,4,90,1,1,32,3,37,32,28,60,7,127,0,0,0,127
02/18/2002,AMA,TX,ASW,WE,Towers with Radar,25,40,18,15,98,1,3,15,3,22,26,43,33,18,120,10,10,20,140
02/19/2002,AMA,TX,ASW,WE,Towers with Radar,22,53,19,45,139,1,2,12,40,55,23,55,31,85,194,4,186,190,384
02/20/2002,AMA,TX,ASW,WE,Towers with Radar,23,51,29,68,171,1,5,37,41,84,24,56,66,109,255,14,216,230,485
02/21/2002,AMA,TX,ASW,WE,Towers with Radar,23,51,48,46,168,1,1,16,23,41,24,52,64,69,209,0,66,66,275
02/22/2002,AMA,TX,ASW,WE,Towers with Radar,22,48,36,79,185,1,5,32,53,91,23,53,68,132,276,20,208,228,504
02/23/2002,AMA,TX,ASW,WE,Towers with Radar,25,37,34,0,96,1,1,51,0,53,26,38,85,0,149,6,0,6,155
02/24/2002,AMA,TX,ASW,WE,Towers with Radar,27,40,39,22,128,1,1,30,13,45,28,41,69,35,173,4,6,10,183
02/25/2002,AMA,TX,ASW,WE,Towers with Radar,20,41,34,65,160,1,2,10,13,26,21,43,44,78,186,0,0,0,186
02/26/2002,AMA,TX,ASW,WE,Towers with Radar,24,50,30,33,137,0,3,23,7,33,24,53,53,40,170,0,0,0,170
02/27/2002,AMA,TX,ASW,WE,Towers with Radar,35,43,47,68,193,0,0,45,76,121,35,43,92,144,314,0,204,204,518
02/28/2002,AMA,TX,ASW,WE,Towers with Radar,25,47,54,77,203,0,4,26,49,79,25,51,80,126,282,8,204,212,494
03/01/2002,AMA,TX,ASW,WE,Towers with Radar,23,38,44,79,184,0,0,25,141,166,23,38,69,220,350,8,294,302,652
03/02/2002,AMA,TX,ASW,WE,Towers with Radar,20,25,22,34,101,0,1,19,14,34,20,26,41,48,135,2,34,36,171
03/03/2002,AMA,TX,ASW,WE,Towers with Radar,19,24,20,20,83,9,8,48,0,65,28,32,68,20,148,0,0,0,148
03/04/2002,AMA,TX,ASW,WE,Towers with Radar,23,39,33,54,149,0,3,36,25,64,23,42,69,79,213,38,52,90,303
03/05/2002,AMA,TX,ASW,WE,Towers with Radar,28,49,36,53,166,0,3,42,52,97,28,52,78,105,263,36,218,254,517
03/06/2002,AMA,TX,ASW,WE,Towers with Radar,28,32,21,76,157,0,4,41,37,82,28,36,62,113,239,18,76,94,333
03/07/2002,AMA,TX,ASW,WE,Towers with Radar,31,37,36,96,200,0,2,32,101,135,31,39,68,197,335,20,260,280,615
03/08/2002,AMA,TX,ASW,WE,Towers with Radar,39,33,42,93,207,0,0,0,212,212,39,33,42,305,419,0,309,309,728
03/09/2002,AMA,TX,ASW,WE,Towers with Radar,30,22,39,33,124,0,2,56,17,75,30,24,95,50,199,8,36,44,243
03/10/2002,AMA,TX,ASW,WE,Towers with Radar,41,32,28,65,166,0,1,58,0,59,41,33,86,65,225,0,70,70,295
03/11/2002,AMA,TX,ASW,WE,Towers with Radar,29,39,34,62,164,1,5,3,68,77,30,44,37,130,241,0,70,70,311
03/12/2002,AMA,TX,ASW,WE,Towers with Radar,27,45,43,58,173,0,3,61,12,76,27,48,104,70,249,46,44,90,339
03/13/2002,AMA,TX,ASW,WE,Towers with Radar,37,36,31,90,194,0,2,55,65,122,37,38,86,155,316,18,122,140,456
03/14/2002,AMA,TX,ASW,WE,Towers with Radar,29,45,28,60,162,2,4,28,44,78,31,49,56,104,240,2,132,134,374
03/15/2002,AMA,TX,ASW,WE,Towers with Radar,26,41,24,104,195,0,2,32,74,108,26,43,56,178,303,2,306,308,611
03/16/2002,AMA,TX,ASW,WE,Towers with Radar,27,33,38,14,112,1,1,33,4,39,28,34,71,18,151,32,0,32,183
03/17/2002,AMA,TX,ASW,WE,Towers with Radar,21,43,37,28,129,1,0,35,7,43,22,43,72,35,172,0,0,0,172
03/18/2002,AMA,TX,ASW,WE,Towers with Radar,25,47,42,118,232,1,1,21,108,131,26,48,63,226,363,0,184,184,547
03/19/2002,AMA,TX,ASW,WE,Towers with Radar,24,32,23,18,97,1,0,2,9,12,25,32,25,27,109,0,0,0,109
03/20/2002,AMA,TX,ASW,WE,Towers with Radar,31,40,38,97,206,1,1,50,33,85,32,41,88,130,291,12,94,106,397
03/21/2002,AMA,TX,ASW,WE,Towers with Radar,28,49,38,66,181,0,1,16,26,43,28,50,54,92,224,3,128,131,355
03/22/2002,AMA,TX,ASW,WE,Towers with Radar,25,39,33,54,151,0,1,60,20,81,25,40,93,74,232,8,154,162,394
03/23/2002,AMA,TX,ASW,WE,Towers with Radar,22,23,18,15,78,0,3,43,4,50,22,26,61,19,128,0,0,0,128
03/24/2002,AMA,TX,ASW,WE,Towers with Radar,27,37,50,11,125,0,1,25,17,43,27,38,75,28,168,0,4,4,172
03/25/2002,AMA,TX,ASW,WE,Towers with Radar,21,40,33,54,148,0,1,3,19,23,21,41,36,73,171,0,26,26,197
03/26/2002,AMA,TX,ASW,WE,Towers with Radar,22,35,30,55,142,0,6,43,31,80,22,41,73,86,222,14,292,306,528
03/27/2002,AMA,TX,ASW,WE,Towers with Radar,23,30,26,48,127,12,8,60,34,114,35,38,86,82,241,4,128,132,373
03/28/2002,AMA,TX,ASW,WE,Towers with Radar,26,40,54,91,211,0,2,60,64,126,26,42,114,155,337,4,96,100,437
03/29/2002,AMA,TX,ASW,WE,Towers with Radar,30,46,29,30,135,0,2,26,17,45,30,48,55,47,180,3,20,23,203
03/30/2002,AMA,TX,ASW,WE,Towers with Radar,19,31,21,0,71,0,5,35,0,40,19,36,56,0,111,0,16,16,127
03/31/2002,AMA,TX,ASW,WE,Towers with Radar,24,31,25,6,86,0,1,30,0,31,24,32,55,6,117,0,6,6,123
04/01/2002,AMA,TX,ASW,WE,Towers with Radar,26,39,33,51,149,1,1,30,44,76,27,40,63,95,225,0,258,258,483
04/02/2002,AMA,TX,ASW,WE,Towers with Radar,24,48,45,74,191,1,0,6,73,80,25,48,51,147,271,0,136,136,407
04/03/2002,AMA,TX,ASW,WE,Towers with Radar,32,46,40,50,168,1,0,50,39,90,33,46,90,89,258,24,118,142,400
04/04/2002,AMA,TX,ASW,WE,Towers with Radar,31,47,40,60,178,1,2,28,44,75,32,49,68,104,253,51,274,325,578
04/05/2002,AMA,TX,ASW,WE,Towers with Radar,27,40,26,87,180,1,3,27,82,113,28,43,53,169,293,18,156,174,467
04/06/2002,AMA,TX,ASW,WE,Towers with Radar,29,27,15,1,72,1,0,0,1,2,30,27,15,2,74,0,0,0,74
04/07/2002,AMA,TX,ASW,WE,Towers with Radar,27,29,13,8,77,1,0,1,3,5,28,29,14,11,82,0,0,0,82
04/08/2002,AMA,TX,ASW,WE,Towers with Radar,24,46,46,61,177,0,0,6,80,86,24,46,52,141,263,0,52,52,315
04/09/2002,AMA,TX,ASW,WE,Towers with Radar,31,40,32,24,127,1,1,27,38,67,32,41,59,62,194,2,54,56,250
04/10/2002,AMA,TX,ASW,WE,Towers with Radar,22,34,30,39,125,4,13,24,3,44,26,47,54,42,169,2,168,170,339
04/11/2002,AMA,TX,ASW,WE,Towers with Radar,25,46,42,44,157,1,1,41,23,66,26,47,83,67,223,8,172,180,403
04/12/2002,AMA,TX,ASW,WE,Towers with Radar,22,38,34,44,138,0,13,9,7,29,22,51,43,51,167,8,80,88,255
04/13/2002,AMA,TX,ASW,WE,Towers with Radar,15,23,20,0,58,10,1,37,0,48,25,24,57,0,106,0,0,0,106
04/14/2002,AMA,TX,ASW,WE,Towers with Radar,20,31,27,27,105,4,6,38,0,48,24,37,65,27,153,0,14,14,167
04/15/2002,AMA,TX,ASW,WE,Towers with Radar,26,37,34,44,141,2,0,26,8,36,28,37,60,52,177,0,181,181,358
04/16/2002,AMA,TX,ASW,WE,Towers with Radar,33,41,77,103,254,0,0,28,238,266,33,41,105,341,520,0,278,278,798
04/17/2002,AMA,TX,ASW,WE,Towers with Radar,23,35,31,39,128,14,4,41,0,59,37,39,72,39,187,0,92,92,279
04/18/2002,AMA,TX,ASW,WE,Towers with Radar,36,41,46,62,185,0,0,47,82,129,36,41,93,144,314,12,260,272,586
04/19/2002,AMA,TX,ASW,WE,Towers with Radar,24,49,43,57,173,0,3,12,58,73,24,52,55,115,246,10,242,252,498
04/20/2002,AMA,TX,ASW,WE,Towers with Radar,15,22,20,0,57,9,9,13,0,31,24,31,33,0,88,0,0,0,88
04/21/2002,AMA,TX,ASW,WE,Towers with Radar,22,30,29,38,119,6,0,53,55,114,28,30,82,93,233,20,2,22,255
04/22/2002,AMA,TX,ASW,WE,Towers with Radar,27,43,37,49,156,0,11,52,45,108,27,54,89,94,264,12,154,166,430
04/23/2002,AMA,TX,ASW,WE,Towers with Radar,30,43,42,56,171,0,0,32,100,132,30,43,74,156,303,34,210,244,547
04/24/2002,AMA,TX,ASW,WE,Towers with Radar,27,48,41,55,171,0,3,15,77,95,27,51,56,132,266,24,188,212,478
04/25/2002,AMA,TX,ASW,WE,Towers with Radar,28,44,38,27,137,0,13,31,0,44,28,57,69,27,181,22,10,32,213
04/26/2002,AMA,TX,ASW,WE,Towers with Radar,25,38,27,44,134,5,2,0,10,17,30,40,27,54,151,0,0,0,151
04/27/2002,AMA,TX,ASW,WE,Towers with Radar,13,20,18,6,57,8,6,17,0,31,21,26,35,6,88,0,0,0,88
04/28/2002,AMA,TX,ASW,WE,Towers with Radar,16,23,21,12,72,13,8,60,0,81,29,31,81,12,153,14,0,14,167
04/29/2002,AMA,TX,ASW,WE,Towers with Radar,23,48,42,55,168,0,4,54,48,106,23,52,96,103,274,0,130,130,404
04/30/2002,AMA,TX,ASW,WE,Towers with Radar,36,38,27,70,171,0,0,21,74,95,36,38,48,144,266,0,194,194,460
05/01/2002,AMA,TX,ASW,WE,Towers with Radar,29,37,16,38,120,0,0,30,26,56,29,37,46,64,176,0,78,78,254
05/02/2002,AMA,TX,ASW,WE,Towers with Radar,34,44,50,44,172,0,0,27,34,61,34,44,77,78,233,4,70,74,307
05/03/2002,AMA,TX,ASW,WE,Towers with Radar,36,45,31,57,169,0,0,49,39,88,36,45,80,96,257,0,80,80,337
05/04/2002,AMA,TX,ASW,WE,Towers with Radar,24,28,28,20,100,3,1,25,19,48,27,29,53,39,148,28,14,42,190
05/05/2002,AMA,TX,ASW,WE,Towers with Radar,21,32,28,3,84,0,3,26,0,29,21,35,54,3,113,0,0,0,113
05/06/2002,AMA,TX,ASW,WE,Towers with Radar,24,45,40,74,183,0,0,38,62,100,24,45,78,136,283,0,206,206,489
05/07/2002,AMA,TX,ASW,WE,Towers with Radar,25,48,41,81,195,0,1,18,60,79,25,49,59,141,274,12,106,118,392
05/08/2002,AMA,TX,ASW,WE,Towers with Radar,35,30,38,73,176,0,2,22,60,84,35,32,60,133,260,32,222,254,514
05/09/2002,AMA,TX,ASW,WE,Towers with Radar,25,40,26,38,129,0,0,30,40,70,25,40,56,78,199,0,224,224,423
05/10/2002,AMA,TX,ASW,WE,Towers with Radar,30,45,40,49,164,0,1,7,33,41,30,46,47,82,205,10,130,140,345
05/11/2002,AMA,TX,ASW,WE,Towers with Radar,25,21,23,16,85,0,0,9,12,21,25,21,32,28,106,0,4,4,110
05/12/2002,AMA,TX,ASW,WE,Towers with Radar,20,26,24,21,91,4,10,7,0,21,24,36,31,21,112,0,0,0,112
05/13/2002,AMA,TX,ASW,WE,Towers with Radar,26,44,22,103,195,0,2,55,59,116,26,46,77,162,311,16,198,214,525
05/14/2002,AMA,TX,ASW,WE,Towers with Radar,36,44,40,37,157,0,2,26,27,55,36,46,66,64,212,18,124,142,354
05/15/2002,AMA,TX,ASW,WE,Towers with Radar,34,39,26,14,113,0,4,23,7,34,34,43,49,21,147,0,180,180,327
05/16/2002,AMA,TX,ASW,WE,Towers with Radar,35,40,55,61,191,0,2,39,41,82,35,42,94,102,273,4,200,204,477
05/17/2002,AMA,TX,ASW,WE,Towers with Radar,35,30,49,56,170,0,0,31,86,117,35,30,80,142,287,0,44,44,331
05/18/2002,AMA,TX,ASW,WE,Towers with Radar,19,23,21,12,75,9,3,26,0,38,28,26,47,12,113,6,2,8,121
05/19/2002,AMA,TX,ASW,WE,Towers with Radar,26,35,31,33,125,0,6,12,30,48,26,41,43,63,173,0,28,28,201
05/20/2002,AMA,TX,ASW,WE,Towers with Radar,40,41,32,28,141,0,2,35,46,83,40,43,67,74,224,0,118,118,342
05/21/2002,AMA,TX,ASW,WE,Towers with Radar,23,44,25,10,102,0,2,29,6,37,23,46,54,16,139,0,36,36,175
05/22/2002,AMA,TX,ASW,WE,Towers with Radar,41,33,54,23,151,0,2,23,31,56,41,35,77,54,207,0,114,114,321
05/23/2002,AMA,TX,ASW,WE,Towers with Radar,24,49,59,28,160,0,2,42,44,88,24,51,101,72,248,18,62,80,328
05/24/2002,AMA,TX,ASW,WE,Towers with Radar,39,36,46,75,196,0,0,28,35,63,39,36,74,110,259,16,218,234,493
05/25/2002,AMA,TX,ASW,WE,Towers with Radar,18,24,21,14,77,3,0,30,0,33,21,24,51,14,110,24,10,34,144
05/26/2002,AMA,TX,ASW,WE,Towers with Radar,14,19,17,0,50,4,12,15,0,31,18,31,32,0,81,0,0,0,81
05/27/2002,AMA,TX,ASW,WE,Towers with Radar,26,31,24,3,84,0,1,22,3,26,26,32,46,6,110,10,12,22,132
05/28/2002,AMA,TX,ASW,WE,Towers with Radar,19,43,38,79,179,0,0,27,39,66,19,43,65,118,245,0,128,128,373
05/29/2002,AMA,TX,ASW,WE,Towers with Radar,30,37,32,45,144,0,0,29,20,49,30,37,61,65,193,0,10,10,203
05/30/2002,AMA,TX,ASW,WE,Towers with Radar,29,43,40,10,122,0,0,59,1,60,29,43,99,11,182,6,54,60,242
05/31/2002,AMA,TX,ASW,WE,Towers with Radar,30,36,25,9,100,0,0,44,15,59,30,36,69,24,159,22,128,150,309
06/01/2002,AMA,TX,ASW,WE,Towers with Radar,29,21,31,1,82,1,0,64,0,65,30,21,95,1,147,0,52,52,199
06/02/2002,AMA,TX,ASW,WE,Towers with Radar,24,43,35,6,108,0,0,30,0,30,24,43,65,6,138,0,6,6,144
06/03/2002,AMA,TX,ASW,WE,Towers with Radar,23,44,51,42,160,0,1,30,31,62,23,45,81,73,222,16,114,130,352
06/04/2002,AMA,TX,ASW,WE,Towers with Radar,24,46,32,4,106,0,0,8,2,10,24,46,40,6,116,0,16,16,132
06/05/2002,AMA,TX,ASW,WE,Towers with Radar,31,40,55,53,179,0,0,9,34,43,31,40,64,87,222,14,38,52,274
06/06/2002,AMA,TX,ASW,WE,Towers with Radar,25,50,42,63,180,1,0,38,50,89,26,50,80,113,269,1,122,123,392
06/07/2002,AMA,TX,ASW,WE,Towers with Radar,30,48,43,38,159,0,2,14,62,78,30,50,57,100,237,16,230,246,483
06/08/2002,AMA,TX,ASW,WE,Towers with Radar,19,26,15,2,62,1,0,24,0,25,20,26,39,2,87,8,0,8,95
06/09/2002,AMA,TX,ASW,WE,Towers with Radar,32,36,26,21,115,1,0,30,18,49,33,36,56,39,164,6,10,16,180
06/10/2002,AMA,TX,ASW,WE,Towers with Radar,26,39,19,31,115,0,2,26,26,54,26,41,45,57,169,8,72,80,249
06/11/2002,AMA,TX,ASW,WE,Towers with Radar,36,32,37,58,163,1,3,33,40,77,37,35,70,98,240,28,136,164,404
06/12/2002,AMA,TX,ASW,WE,Towers with Radar,28,39,45,28,140,1,1,41,10,53,29,40,86,38,193,22,58,80,273
06/13/2002,AMA,TX,ASW,WE,Towers with Radar,30,52,45,60,187,1,1,30,47,79,31,53,75,107,266,6,116,122,388
06/14/2002,AMA,TX,ASW,WE,Towers with Radar,24,45,43,37,149,0,8,13,42,63,24,53,56,79,212,12,102,114,326
06/15/2002,AMA,TX,ASW,WE,Towers with Radar,28,33,16,3,80,1,0,39,3,43,29,33,55,6,123,0,0,0,123
06/16/2002,AMA,TX,ASW,WE,Towers with Radar,24,36,33,30,123,1,5,23,12,41,25,41,56,42,164,0,46,46,210
06/17/2002,AMA,TX,ASW,WE,Towers with Radar,21,49,33,24,127,1,1,23,21,46,22,50,56,45,173,10,256,266,439
06/18/2002,AMA,TX,ASW,WE,Towers with Radar,33,52,47,43,175,0,0,35,22,57,33,52,82,65,232,0,145,145,377
06/19/2002,AMA,TX,ASW,WE,Towers with Radar,20,48,44,32,144,0,1,64,0,65,20,49,108,32,209,2,4,6,215
06/20/2002,AMA,TX,ASW,WE,Towers with Radar,23,52,52,22,149,1,2,33,18,54,24,54,85,40,203,6,16,22,225
06/21/2002,AMA,TX,ASW,WE,Towers with Radar,23,48,40,54,165,1,3,50,41,95,24,51,90,95,260,36,36,72,332
06/22/2002,AMA,TX,ASW,WE,Towers with Radar,21,23,27,0,71,1,2,43,0,46,22,25,70,0,117,0,0,0,117
06/23/2002,AMA,TX,ASW,WE,Towers with Radar,35,29,25,28,117,1,0,41,15,57,36,29,66,43,174,8,24,32,206
06/24/2002,AMA,TX,ASW,WE,Towers with Radar,22,41,38,56,157,1,2,30,41,74,23,43,68,97,231,8,78,86,317
06/25/2002,AMA,TX,ASW,WE,Towers with Radar,27,38,41,31,137,1,1,31,17,50,28,39,72,48,187,22,123,145,332
06/26/2002,AMA,TX,ASW,WE,Towers with Radar,25,45,37,45,152,1,2,29,17,49,26,47,66,62,201,0,112,112,313
06/27/2002,AMA,TX,ASW,WE,Towers with Radar,35,34,39,63,171,1,1,30,51,83,36,35,69,114,254,14,110,124,378
06/28/2002,AMA,TX,ASW,WE,Towers with Radar,27,46,41,41,155,0,1,48,23,72,27,47,89,64,227,14,116,130,357
06/29/2002,AMA,TX,ASW,WE,Towers with Radar,25,27,30,19,101,1,9,46,12,68,26,36,76,31,169,30,8,38,207
06/30/2002,AMA,TX,ASW,WE,Towers with Radar,29,31,35,20,115,1,0,33,8,42,30,31,68,28,157,2,14,16,173
07/01/2002,AMA,TX,ASW,WE,Towers with Radar,22,32,34,37,125,1,1,21,33,56,23,33,55,70,181,12,164,176,357
07/02/2002,AMA,TX,ASW,WE,Towers with Radar,22,50,27,85,184,0,2,27,64,93,22,52,54,149,277,6,320,326,603
07/03/2002,AMA,TX,ASW,WE,Towers with Radar,30,48,52,60,190,0,0,11,104,115,30,48,63,164,305,0,122,122,427
07/04/2002,AMA,TX,ASW,WE,Towers with Radar,19,22,12,0,53,0,1,5,0,6,19,23,17,0,59,0,0,0,59
07/05/2002,AMA,TX,ASW,WE,Towers with Radar,20,27,20,0,67,1,2,12,0,15,21,29,32,0,82,30,0,30,112
07/06/2002,AMA,TX,ASW,WE,Towers with Radar,28,22,22,0,72,0,1,4,0,5,28,23,26,0,77,2,0,2,79
07/07/2002,AMA,TX,ASW,WE,Towers with Radar,20,37,34,4,95,1,3,18,0,22,21,40,52,4,117,0,0,0,117
07/08/2002,AMA,TX,ASW,WE,Towers with Radar,27,31,37,43,138,0,0,29,47,76,27,31,66,90,214,18,28,46,260
07/09/2002,AMA,TX,ASW,WE,Towers with Radar,24,38,33,38,133,5,4,18,38,65,29,42,51,76,198,8,290,298,496
07/10/2002,AMA,TX,ASW,WE,Towers with Radar,22,46,40,57,165,1,2,34,17,54,23,48,74,74,219,14,26,40,259
07/11/2002,AMA,TX,ASW,WE,Towers with Radar,35,43,43,37,158,1,3,29,12,45,36,46,72,49,203,16,61,77,280
07/12/2002,AMA,TX,ASW,WE,Towers with Radar,4,32,28,77,141,0,3,41,76,120,4,35,69,153,261,20,48,68,329
07/13/2002,AMA,TX,ASW,WE,Towers with Radar,14,44,24,13,95,1,8,30,0,39,15,52,54,13,134,10,22,32,166
07/14/2002,AMA,TX,ASW,WE,Towers with Radar,38,46,22,8,114,1,0,48,6,55,39,46,70,14,169,6,0,6,175
07/15/2002,AMA,TX,ASW,WE,Towers with Radar,23,47,55,40,165,1,1,31,17,50,24,48,86,57,215,54,120,174,389
07/16/2002,AMA,TX,ASW,WE,Towers with Radar,22,48,38,79,187,1,2,29,43,75,23,50,67,122,262,0,192,192,454
07/17/2002,AMA,TX,ASW,WE,Towers with Radar,23,42,39,66,170,1,5,22,44,72,24,47,61,110,242,0,140,140,382
07/18/2002,AMA,TX,ASW,WE,Towers with Radar,22,41,28,53,144,0,1,32,40,73,22,42,60,93,217,6,48,54,271
07/19/2002,AMA,TX,ASW,WE,Towers with Radar,26,41,41,39,147,0,3,36,23,62,26,44,77,62,209,6,114,120,329
07/20/2002,AMA,TX,ASW,WE,Towers with Radar,22,30,27,11,90,0,1,46,0,47,22,31,73,11,137,8,8,16,153
07/21/2002,AMA,TX,ASW,WE,Towers with Radar,23,33,41,16,113,0,1,50,5,56,23,34,91,21,169,16,26,42,211
07/22/2002,AMA,TX,ASW,WE,Towers with Radar,26,38,23,24,111,0,3,32,16,51,26,41,55,40,162,4,160,164,326
07/23/2002,AMA,TX,ASW,WE,Towers with Radar,24,46,50,44,164,0,3,32,44,79,24,49,82,88,243,44,198,242,485
07/24/2002,AMA,TX,ASW,WE,Towers with Radar,25,39,33,38,135,0,6,33,29,68,25,45,66,67,203,0,24,24,227
07/25/2002,AMA,TX,ASW,WE,Towers with Radar,24,55,33,34,146,0,2,41,12,55,24,57,74,46,201,14,94,108,309
07/26/2002,AMA,TX,ASW,WE,Towers with Radar,29,46,39,45,159,0,1,39,50,90,29,47,78,95,249,10,104,114,363
07/27/2002,AMA,TX,ASW,WE,Towers with Radar,21,24,18,14,77,0,6,57,12,75,21,30,75,26,152,4,14,18,170
07/28/2002,AMA,TX,ASW,WE,Towers with Radar,26,45,22,12,105,0,1,35,4,40,26,46,57,16,145,0,116,116,261
07/29/2002,AMA,TX,ASW,WE,Towers with Radar,31,42,48,42,163,0,1,58,16,75,31,43,106,58,238,24,76,100,338
07/30/2002,AMA,TX,ASW,WE,Towers with Radar,27,39,52,52,170,0,1,44,25,70,27,40,96,77,240,14,4,18,258
07/31/2002,AMA,TX,ASW,WE,Towers with Radar,26,41,35,40,142,0,2,46,31,79,26,43,81,71,221,6,62,68,289
08/01/2002,AMA,TX,ASW,WE,Towers with Radar,27,52,32,21,132,0,3,46,12,61,27,55,78,33,193,20,54,74,267
08/02/2002,AMA,TX,ASW,WE,Towers with Radar,39,41,28,53,161,0,3,32,36,71,39,44,60,89,232,4,46,50,282
08/03/2002,AMA,TX,ASW,WE,Towers with Radar,18,30,20,3,71,0,1,39,0,40,18,31,59,3,111,14,4,18,129
08/04/2002,AMA,TX,ASW,WE,Towers with Radar,21,39,18,9,87,0,1,35,0,36,21,40,53,9,123,2,0,2,125
08/05/2002,AMA,TX,ASW,WE,Towers with Radar,29,38,27,83,177,0,2,30,51,83,29,40,57,134,260,0,254,254,514
08/06/2002,AMA,TX,ASW,WE,Towers with Radar,28,42,36,41,147,0,0,30,65,95,28,42,66,106,242,2,152,154,396
08/07/2002,AMA,TX,ASW,WE,Towers with Radar,26,39,34,48,147,0,3,28,19,50,26,42,62,67,197,6,72,78,275
08/08/2002,AMA,TX,ASW,WE,Towers with Radar,24,43,23,81,171,0,2,30,35,67,24,45,53,116,238,14,142,156,394
08/09/2002,AMA,TX,ASW,WE,Towers with Radar,25,49,37,33,144,0,3,44,20,67,25,52,81,53,211,4,160,164,375
08/10/2002,AMA,TX,ASW,WE,Towers with Radar,18,29,20,0,67,0,1,34,0,35,18,30,54,0,102,4,0,4,106
08/11/2002,AMA,TX,ASW,WE,Towers with Radar,21,38,24,8,91,0,1,32,0,33,21,39,56,8,124,0,0,0,124
08/12/2002,AMA,TX,ASW,WE,Towers with Radar,35,49,49,55,188,0,0,27,59,86,35,49,76,114,274,28,102,130,404
08/13/2002,AMA,TX,ASW,WE,Towers with Radar,24,57,41,44,166,0,2,33,29,64,24,59,74,73,230,0,92,92,322
08/14/2002,AMA,TX,ASW,WE,Towers with Radar,27,46,39,54,166,0,1,43,43,87,27,47,82,97,253,10,94,104,357
08/15/2002,AMA,TX,ASW,WE,Towers with Radar,32,51,46,51,180,0,0,61,60,121,32,51,107,111,301,0,134,134,435
08/16/2002,AMA,TX,ASW,WE,Towers with Radar,28,45,34,39,146,10,15,27,37,89,38,60,61,76,235,0,106,106,341
08/17/2002,AMA,TX,ASW,WE,Towers with Radar,12,19,15,6,52,6,8,40,0,54,18,27,55,6,106,0,0,0,106
08/18/2002,AMA,TX,ASW,WE,Towers with Radar,24,40,29,16,109,0,3,52,0,55,24,43,81,16,164,46,0,46,210
08/19/2002,AMA,TX,ASW,WE,Towers with Radar,23,37,26,30,116,2,10,19,0,31,25,47,45,30,147,0,104,104,251
08/20/2002,AMA,TX,ASW,WE,Towers with Radar,30,44,28,5,107,0,2,14,3,19,30,46,42,8,126,0,0,0,126
08/21/2002,AMA,TX,ASW,WE,Towers with Radar,24,43,32,46,145,0,2,31,35,68,24,45,63,81,213,2,222,224,437
08/22/2002,AMA,TX,ASW,WE,Towers with Radar,25,43,49,53,170,0,2,56,23,81,25,45,105,76,251,32,116,148,399
08/23/2002,AMA,TX,ASW,WE,Towers with Radar,26,51,40,61,178,0,4,39,32,75,26,55,79,93,253,12,88,100,353
08/24/2002,AMA,TX,ASW,WE,Towers with Radar,30,27,18,0,75,0,0,42,0,42,30,27,60,0,117,30,0,30,147
08/25/2002,AMA,TX,ASW,WE,Towers with Radar,20,35,37,10,102,0,0,25,7,32,20,35,62,17,134,0,0,0,134
08/26/2002,AMA,TX,ASW,WE,Towers with Radar,28,35,44,64,171,0,1,32,37,70,28,36,76,101,241,6,158,164,405
08/27/2002,AMA,TX,ASW,WE,Towers with Radar,18,48,27,47,140,0,0,37,23,60,18,48,64,70,200,20,262,282,482
08/28/2002,AMA,TX,ASW,WE,Towers with Radar,22,46,42,42,152,0,2,28,18,48,22,48,70,60,200,10,16,26,226
08/29/2002,AMA,TX,ASW,WE,Towers with Radar,21,46,52,24,143,0,1,40,9,50,21,47,92,33,193,0,24,24,217
08/30/2002,AMA,TX,ASW,WE,Towers with Radar,28,55,42,23,148,0,1,43,12,56,28,56,85,35,204,10,12,22,226
08/31/2002,AMA,TX,ASW,WE,Towers with Radar,15,29,21,3,68,0,1,33,0,34,15,30,54,3,102,12,0,12,114
09/01/2002,AMA,TX,ASW,WE,Towers with Radar,28,16,24,3,71,1,0,44,0,45,29,16,68,3,116,0,0,0,116
09/02/2002,AMA,TX,ASW,WE,Towers with Radar,19,36,35,17,107,0,0,39,4,43,19,36,74,21,150,14,0,14,164
09/03/2002,AMA,TX,ASW,WE,Towers with Radar,21,45,44,85,195,0,2,31,83,116,21,47,75,168,311,6,234,240,551
09/04/2002,AMA,TX,ASW,WE,Towers with Radar,21,47,36,55,159,0,4,29,74,107,21,51,65,129,266,8,292,300,566
09/05/2002,AMA,TX,ASW,WE,Towers with Radar,25,44,33,34,136,0,0,59,20,79,25,44,92,54,215,0,74,74,289
09/06/2002,AMA,TX,ASW,WE,Towers with Radar,24,44,18,128,214,0,3,28,34,65,24,47,46,162,279,24,308,332,611
09/07/2002,AMA,TX,ASW,WE,Towers with Radar,17,33,33,2,85,1,0,32,2,35,18,33,65,4,120,16,112,128,248
09/08/2002,AMA,TX,ASW,WE,Towers with Radar,22,41,21,50,134,1,0,12,16,29,23,41,33,66,163,0,36,36,199
09/09/2002,AMA,TX,ASW,WE,Towers with Radar,24,46,29,37,136,1,1,22,19,43,25,47,51,56,179,12,100,112,291
09/10/2002,AMA,TX,ASW,WE,Towers with Radar,23,47,41,44,155,0,0,16,20,36,23,47,57,64,191,4,82,86,277
09/11/2002,AMA,TX,ASW,WE,Towers with Radar,22,43,32,23,120,1,1,8,13,23,23,44,40,36,143,0,6,6,149
09/12/2002,AMA,TX,ASW,WE,Towers with Radar,18,42,46,31,137,1,1,20,20,42,19,43,66,51,179,0,50,50,229
09/13/2002,AMA,TX,ASW,WE,Towers with Radar,28,50,42,60,180,0,0,24,48,72,28,50,66,108,252,14,166,180,432
09/14/2002,AMA,TX,ASW,WE,Towers with Radar,16,37,15,3,71,1,0,23,0,24,17,37,38,3,95,0,0,0,95
09/15/2002,AMA,TX,ASW,WE,Towers with Radar,30,34,34,40,138,1,0,26,24,51,31,34,60,64,189,0,52,52,241
09/16/2002,AMA,TX,ASW,WE,Towers with Radar,24,43,29,89,185,1,1,34,29,65,25,44,63,118,250,18,200,218,468
09/17/2002,AMA,TX,ASW,WE,Towers with Radar,24,42,43,63,172,1,2,36,37,76,25,44,79,100,248,16,194,210,458
09/18/2002,AMA,TX,ASW,WE,Towers with Radar,19,51,44,24,138,1,0,14,11,26,20,51,58,35,164,10,48,58,222
09/19/2002,AMA,TX,ASW,WE,Towers with Radar,18,47,51,39,155,0,1,37,19,57,18,48,88,58,212,0,6,6,218
09/20/2002,AMA,TX,ASW,WE,Towers with Radar,39,44,44,175,302,2,1,65,132,200,41,45,109,307,502,22,216,238,740
09/21/2002,AMA,TX,ASW,WE,Towers with Radar,19,42,15,19,95,0,1,46,24,71,19,43,61,43,166,34,18,52,218
09/22/2002,AMA,TX,ASW,WE,Towers with Radar,25,40,32,87,184,0,0,23,29,52,25,40,55,116,236,0,0,0,236
09/23/2002,AMA,TX,ASW,WE,Towers with Radar,35,48,30,51,164,0,2,31,47,80,35,50,61,98,244,0,244,244,488
09/24/2002,AMA,TX,ASW,WE,Towers with Radar,22,52,43,61,178,0,2,30,97,129,22,54,73,158,307,14,270,284,591
09/25/2002,AMA,TX,ASW,WE,Towers with Radar,23,47,40,45,155,0,1,58,26,85,23,48,98,71,240,10,80,90,330
09/26/2002,AMA,TX,ASW,WE,Towers with Radar,28,45,38,56,167,9,0,35,12,56,37,45,73,68,223,12,136,148,371
09/27/2002,AMA,TX,ASW,WE,Towers with Radar,25,52,46,68,191,0,0,44,27,71,25,52,90,95,262,8,188,196,458
09/28/2002,AMA,TX,ASW,WE,Towers with Radar,25,31,30,3,89,0,0,45,0,45,25,31,75,3,134,26,0,26,160
09/29/2002,AMA,TX,ASW,WE,Towers with Radar,24,47,29,18,118,0,2,44,9,55,24,49,73,27,173,0,14,14,187
09/30/2002,AMA,TX,ASW,WE,Towers with Radar,17,29,23,5,74,6,13,37,0,56,23,42,60,5,130,12,0,12,142
10/01/2002,AMA,TX,ASW,WE,Towers with Radar,24,42,42,47,155,0,3,31,32,66,24,45,73,79,221,0,124,124,345
10/02/2002,AMA,TX,ASW,WE,Towers with Radar,21,49,45,14,129,0,1,7,0,8,21,50,52,14,137,0,0,0,137
10/03/2002,AMA,TX,ASW,WE,Towers with Radar,25,68,29,8,130,0,2,18,2,22,25,70,47,10,152,10,16,26,178
10/04/2002,AMA,TX,ASW,WE,Towers with Radar,24,50,40,129,243,0,2,65,84,151,24,52,105,213,394,2,124,126,520
10/05/2002,AMA,TX,ASW,WE,Towers with Radar,23,26,24,1,74,0,1,29,0,30,23,27,53,1,104,0,0,0,104
10/06/2002,AMA,TX,ASW,WE,Towers with Radar,21,50,34,18,123,0,1,33,8,42,21,51,67,26,165,0,0,0,165
10/07/2002,AMA,TX,ASW,WE,Towers with Radar,22,49,43,52,166,0,1,32,27,60,22,50,75,79,226,18,128,146,372
10/08/2002,AMA,TX,ASW,WE,Towers with Radar,23,46,44,0,113,0,1,3,0,4,23,47,47,0,117,0,0,0,117
10/09/2002,AMA,TX,ASW,WE,Towers with Radar,22,54,42,45,163,0,2,13,26,41,22,56,55,71,204,18,36,54,258
10/10/2002,AMA,TX,ASW,WE,Towers with Radar,30,47,63,54,194,0,5,10,20,35,30,52,73,74,229,16,4,20,249
10/11/2002,AMA,TX,ASW,WE,Towers with Radar,24,48,71,47,190,0,1,33,15,49,24,49,104,62,239,16,28,44,283
10/12/2002,AMA,TX,ASW,WE,Towers with Radar,21,27,22,0,70,0,0,10,1,11,21,27,32,1,81,0,0,0,81
10/13/2002,AMA,TX,ASW,WE,Towers with Radar,32,35,36,16,119,0,0,32,5,37,32,35,68,21,156,0,24,24,180
10/14/2002,AMA,TX,ASW,WE,Towers with Radar,29,43,35,1,108,0,0,31,2,33,29,43,66,3,141,0,0,0,141
10/15/2002,AMA,TX,ASW,WE,Towers with Radar,32,49,35,88,204,0,3,42,57,102,32,52,77,145,306,20,90,110,416
10/16/2002,AMA,TX,ASW,WE,Towers with Radar,23,45,44,91,203,0,3,37,67,107,23,48,81,158,310,10,152,162,472
10/17/2002,AMA,TX,ASW,WE,Towers with Radar,38,43,40,37,158,0,4,43,30,77,38,47,83,67,235,0,64,64,299
10/18/2002,AMA,TX,ASW,WE,Towers with Radar,23,41,22,17,103,0,0,18,18,36,23,41,40,35,139,0,86,86,225
10/19/2002,AMA,TX,ASW,WE,Towers with Radar,15,30,28,2,75,0,1,9,3,13,15,31,37,5,88,0,0,0,88
10/20/2002,AMA,TX,ASW,WE,Towers with Radar,33,29,20,56,138,0,0,28,46,74,33,29,48,102,212,4,70,74,286
10/21/2002,AMA,TX,ASW,WE,Towers with Radar,22,52,28,78,180,0,0,24,39,63,22,52,52,117,243,16,66,82,325
10/22/2002,AMA,TX,ASW,WE,Towers with Radar,23,48,45,57,173,0,0,11,34,45,23,48,56,91,218,0,60,60,278
10/23/2002,AMA,TX,ASW,WE,Towers with Radar,26,50,39,17,132,0,0,0,11,11,26,50,39,28,143,0,0,0,143
10/24/2002,AMA,TX,ASW,WE,Towers with Radar,29,58,26,1,114,0,0,0,1,1,29,58,26,2,115,0,0,0,115
10/25/2002,AMA,TX,ASW,WE,Towers with Radar,29,8,40,78,155,0,0,22,64,86,29,8,62,142,241,18,76,94,335
10/26/2002,AMA,TX,ASW,WE,Towers with Radar,28,39,31,1,99,0,0,0,1,1,28,39,31,2,100,6,0,6,106
10/27/2002,AMA,TX,ASW,WE,Towers with Radar,21,26,31,33,111,11,0,22,0,33,32,26,53,33,144,0,0,0,144
10/28/2002,AMA,TX,ASW,WE,Towers with Radar,25,44,37,126,232,0,0,1,83,84,25,44,38,209,316,0,2,2,318
10/29/2002,AMA,TX,ASW,WE,Towers with Radar,27,47,51,265,390,0,0,47,316,363,27,47,98,581,753,40,512,552,1305
10/30/2002,AMA,TX,ASW,WE,Towers with Radar,33,45,45,47,170,0,0,12,29,41,33,45,57,76,211,14,6,20,231
10/31/2002,AMA,TX,ASW,WE,Towers with Radar,28,52,56,85,221,0,0,8,49,57,28,52,64,134,278,8,0,8,286
11/01/2002,AMA,TX,ASW,WE,Towers with Radar,30,47,41,25,143,1,0,0,16,17,31,47,41,41,160,0,0,0,160
11/02/2002,AMA,TX,ASW,WE,Towers with Radar,15,35,27,2,79,0,0,0,3,3,15,35,27,5,82,0,0,0,82
11/03/2002,AMA,TX,ASW,WE,Towers with Radar,23,46,37,33,139,0,0,16,21,37,23,46,53,54,176,0,0,0,176
11/04/2002,AMA,TX,ASW,WE,Towers with Radar,30,49,40,40,159,0,0,19,51,70,30,49,59,91,229,2,80,82,311
11/05/2002,AMA,TX,ASW,WE,Towers with Radar,30,48,36,65,179,0,3,43,41,87,30,51,79,106,266,24,108,132,398
11/06/2002,AMA,TX,ASW,WE,Towers with Radar,28,51,47,58,184,0,1,50,51,102,28,52,97,109,286,44,114,158,444
11/07/2002,AMA,TX,ASW,WE,Towers with Radar,25,54,63,58,200,0,0,45,38,83,25,54,108,96,283,32,88,120,403
11/08/2002,AMA,TX,ASW,WE,Towers with Radar,29,42,39,52,162,0,1,42,62,105,29,43,81,114,267,20,86,106,373
11/09/2002,AMA,TX,ASW,WE,Towers with Radar,19,23,23,0,65,0,0,30,1,31,19,23,53,1,96,0,0,0,96
11/10/2002,AMA,TX,ASW,WE,Towers with Radar,30,38,45,21,134,0,0,42,15,57,30,38,87,36,191,0,2,2,193
11/11/2002,AMA,TX,ASW,WE,Towers with Radar,20,55,26,13,114,0,0,16,13,29,20,55,42,26,143,12,6,18,161
11/12/2002,AMA,TX,ASW,WE,Towers with Radar,20,48,29,61,158,0,1,48,26,75,20,49,77,87,233,30,64,94,327
11/13/2002,AMA,TX,ASW,WE,Towers with Radar,26,52,32,54,164,0,1,38,32,71,26,53,70,86,235,10,158,168,403
11/14/2002,AMA,TX,ASW,WE,Towers with Radar,43,51,49,85,228,0,3,38,76,117,43,54,87,161,345,16,148,164,509
11/15/2002,AMA,TX,ASW,WE,Towers with Radar,24,57,48,20,149,0,0,25,20,45,24,57,73,40,194,20,70,90,284
11/16/2002,AMA,TX,ASW,WE,Towers with Radar,17,26,21,11,75,4,11,34,0,49,21,37,55,11,124,6,0,6,130
11/17/2002,AMA,TX,ASW,WE,Towers with Radar,21,33,26,23,103,10,2,37,0,49,31,35,63,23,152,8,6,14,166
11/18/2002,AMA,TX,ASW,WE,Towers with Radar,33,57,38,29,157,0,0,35,19,54,33,57,73,48,211,0,110,110,321
11/19/2002,AMA,TX,ASW,WE,Towers with Radar,24,49,37,44,154,0,1,27,21,49,24,50,64,65,203,30,40,70,273
11/20/2002,AMA,TX,ASW,WE,Towers with Radar,23,49,47,26,145,0,3,32,22,57,23,52,79,48,202,12,174,186,388
11/21/2002,AMA,TX,ASW,WE,Towers with Radar,28,49,30,35,142,0,0,37,22,59,28,49,67,57,201,20,74,94,295
11/22/2002,AMA,TX,ASW,WE,Towers with Radar,36,42,32,68,178,0,2,48,40,90,36,44,80,108,268,20,156,176,444
11/23/2002,AMA,TX,ASW,WE,Towers with Radar,18,42,30,11,101,0,0,62,8,70,18,42,92,19,171,18,2,20,191
11/24/2002,AMA,TX,ASW,WE,Towers with Radar,17,24,23,8,72,14,0,7,0,21,31,24,30,8,93,20,0,20,113
11/25/2002,AMA,TX,ASW,WE,Towers with Radar,28,49,34,52,163,0,0,25,55,80,28,49,59,107,243,30,60,90,333
11/26/2002,AMA,TX,ASW,WE,Towers with Radar,28,59,40,62,189,0,1,23,31,55,28,60,63,93,244,4,132,136,380
11/27/2002,AMA,TX,ASW,WE,Towers with Radar,28,49,53,58,188,0,2,39,20,61,28,51,92,78,249,6,130,136,385
11/28/2002,AMA,TX,ASW,WE,Towers with Radar,15,19,7,0,41,0,0,21,0,21,15,19,28,0,62,0,0,0,62
11/29/2002,AMA,TX,ASW,WE,Towers with Radar,12,21,17,0,50,2,11,16,0,29,14,32,33,0,79,6,0,6,85
11/30/2002,AMA,TX,ASW,WE,Towers with Radar,14,23,18,0,55,4,9,38,0,51,18,32,56,0,106,20,0,20,126
12/01/2002,AMA,TX,ASW,WE,Towers with Radar,41,25,42,4,112,1,0,30,0,31,42,25,72,4,143,0,0,0,143
12/02/2002,AMA,TX,ASW,WE,Towers with Radar,37,55,48,48,188,0,0,32,44,76,37,55,80,92,264,0,76,76,340
12/03/2002,AMA,TX,ASW,WE,Towers with Radar,20,47,20,0,87,1,0,1,0,2,21,47,21,0,89,0,0,0,89
12/04/2002,AMA,TX,ASW,WE,Towers with Radar,29,43,47,2,121,1,0,3,0,4,30,43,50,2,125,0,0,0,125
12/05/2002,AMA,TX,ASW,WE,Towers with Radar,22,64,41,12,139,1,0,7,7,15,23,64,48,19,154,0,0,0,154
12/06/2002,AMA,TX,ASW,WE,Towers with Radar,24,56,49,61,190,1,1,40,66,108,25,57,89,127,298,4,112,116,414
12/07/2002,AMA,TX,ASW,WE,Towers with Radar,26,29,19,2,76,1,0,35,0,36,27,29,54,2,112,10,0,10,122
12/08/2002,AMA,TX,ASW,WE,Towers with Radar,39,36,24,38,137,1,0,9,23,33,40,36,33,61,170,0,0,0,170
12/09/2002,AMA,TX,ASW,WE,Towers with Radar,21,49,35,24,129,1,0,16,17,34,22,49,51,41,163,18,40,58,221
12/10/2002,AMA,TX,ASW,WE,Towers with Radar,23,40,55,153,271,1,0,37,83,121,24,40,92,236,392,12,368,380,772
12/11/2002,AMA,TX,ASW,WE,Towers with Radar,29,44,49,73,195,0,7,40,56,103,29,51,89,129,298,2,170,172,470
12/12/2002,AMA,TX,ASW,WE,Towers with Radar,28,61,35,57,181,0,1,33,34,68,28,62,68,91,249,6,70,76,325
12/13/2002,AMA,TX,ASW,WE,Towers with Radar,27,37,33,99,196,0,2,58,107,167,27,39,91,206,363,192,178,370,733
12/14/2002,AMA,TX,ASW,WE,Towers with Radar,17,28,22,4,71,0,1,51,10,62,17,29,73,14,133,8,0,8,141
12/15/2002,AMA,TX,ASW,WE,Towers with Radar,29,32,36,46,143,0,1,44,40,85,29,33,80,86,228,0,120,120,348
12/16/2002,AMA,TX,ASW,WE,Towers with Radar,27,34,17,68,146,0,2,29,54,85,27,36,46,122,231,34,174,208,439
12/17/2002,AMA,TX,ASW,WE,Towers with Radar,28,43,36,23,130,0,2,27,13,42,28,45,63,36,172,2,80,82,254
12/18/2002,AMA,TX,ASW,WE,Towers with Radar,26,46,35,89,196,0,1,48,53,102,26,47,83,142,298,0,166,166,464
12/19/2002,AMA,TX,ASW,WE,Towers with Radar,37,49,50,48,184,0,0,33,105,138,37,49,83,153,322,34,146,180,502
12/20/2002,AMA,TX,ASW,WE,Towers with Radar,32,41,44,25,142,0,1,39,17,57,32,42,83,42,199,78,170,248,447
12/21/2002,AMA,TX,ASW,WE,Towers with Radar,19,27,19,3,68,0,1,25,0,26,19,28,44,3,94,0,0,0,94
12/22/2002,AMA,TX,ASW,WE,Towers with Radar,37,38,25,7,107,0,0,38,5,43,37,38,63,12,150,10,28,38,188
12/23/2002,AMA,TX,ASW,WE,Towers with Radar,27,35,8,0,70,0,0,1,0,1,27,35,9,0,71,0,0,0,71
12/24/2002,AMA,TX,ASW,WE,Towers with Radar,19,43,10,0,72,0,1,2,0,3,19,44,12,0,75,0,0,0,75
12/25/2002,AMA,TX,ASW,WE,Towers with Radar,17,36,11,0,64,0,0,11,0,11,17,36,22,0,75,0,0,0,75
12/26/2002,AMA,TX,ASW,WE,Towers with Radar,24,36,26,0,86,1,16,13,0,30,25,52,39,0,116,0,0,0,116
12/27/2002,AMA,TX,ASW,WE,Towers with Radar,33,50,41,25,149,0,2,34,18,54,33,52,75,43,203,14,8,22,225
12/28/2002,AMA,TX,ASW,WE,Towers with Radar,22,31,31,0,84,0,1,42,0,43,22,32,73,0,127,16,0,16,143
12/29/2002,AMA,TX,ASW,WE,Towers with Radar,33,42,28,2,105,0,1,30,0,31,33,43,58,2,136,0,0,0,136
12/30/2002,AMA,TX,ASW,WE,Towers with Radar,25,31,31,13,100,0,2,34,6,42,25,33,65,19,142,4,14,18,160
12/31/2002,AMA,TX,ASW,WE,Towers with Radar,25,40,18,0,83,0,1,38,0,39,25,41,56,0,122,6,0,6,128
01/01/2003,AMA,TX,ASW,WE,Towers with Radar,12,16,15,1,44,0,15,0,0,15,12,31,15,1,59,0,0,0,59
01/02/2003,AMA,TX,ASW,WE,Towers with Radar,35,41,37,7,120,0,2,44,0,46,35,43,81,7,166,26,62,88,254
01/03/2003,AMA,TX,ASW,WE,Towers with Radar,22,51,27,44,144,0,2,40,24,66,22,53,67,68,210,30,236,266,476
01/04/2003,AMA,TX,ASW,WE,Towers with Radar,14,19,19,2,54,8,0,51,0,59,22,19,70,2,113,0,0,0,113
01/05/2003,AMA,TX,ASW,WE,Towers with Radar,29,39,45,8,121,0,1,41,10,52,29,40,86,18,173,0,0,0,173
01/06/2003,AMA,TX,ASW,WE,Towers with Radar,30,34,24,109,197,0,2,14,96,112,30,36,38,205,309,0,122,122,431
01/07/2003,AMA,TX,ASW,WE,Towers with Radar,30,44,33,54,161,0,1,35,39,75,30,45,68,93,236,22,164,186,422
01/08/2003,AMA,TX,ASW,WE,Towers with Radar,25,43,31,27,126,0,1,46,15,62,25,44,77,42,188,6,20,26,214
01/09/2003,AMA,TX,ASW,WE,Towers with Radar,31,48,32,84,195,0,3,20,76,99,31,51,52,160,294,0,78,78,372
01/10/2003,AMA,TX,ASW,WE,Towers with Radar,24,45,25,167,261,0,3,22,130,155,24,48,47,297,416,0,22,22,438
01/11/2003,AMA,TX,ASW,WE,Towers with Radar,16,33,30,11,90,0,2,22,0,24,16,35,52,11,114,0,24,24,138
01/12/2003,AMA,TX,ASW,WE,Towers with Radar,30,41,50,79,200,0,0,8,142,150,30,41,58,221,350,2,58,60,410
01/13/2003,AMA,TX,ASW,WE,Towers with Radar,32,48,50,88,218,0,0,45,43,88,32,48,95,131,306,10,126,136,442
01/14/2003,AMA,TX,ASW,WE,Towers with Radar,24,49,43,102,218,0,2,28,85,115,24,51,71,187,333,12,202,214,547
01/15/2003,AMA,TX,ASW,WE,Towers with Radar,24,56,33,86,199,0,0,23,48,71,24,56,56,134,270,0,106,106,376
01/16/2003,AMA,TX,ASW,WE,Towers with Radar,24,46,39,67,176,0,1,47,52,100,24,47,86,119,276,10,82,92,368
01/17/2003,AMA,TX,ASW,WE,Towers with Radar,30,46,45,89,210,0,1,24,74,99,30,47,69,163,309,12,92,104,413
01/18/2003,AMA,TX,ASW,WE,Towers with Radar,23,23,15,5,66,0,0,38,0,38,23,23,53,5,104,40,48,88,192
01/19/2003,AMA,TX,ASW,WE,Towers with Radar,28,34,45,6,113,0,2,42,0,44,28,36,87,6,157,12,6,18,175
01/20/2003,AMA,TX,ASW,WE,Towers with Radar,24,46,33,24,127,0,0,27,109,136,24,46,60,133,263,4,16,20,283
01/21/2003,AMA,TX,ASW,WE,Towers with Radar,33,50,33,0,116,0,0,8,0,8,33,50,41,0,124,0,0,0,124
01/22/2003,AMA,TX,ASW,WE,Towers with Radar,25,42,40,43,150,0,1,36,31,68,25,43,76,74,218,0,50,50,268
01/23/2003,AMA,TX,ASW,WE,Towers with Radar,28,49,39,12,128,0,1,14,5,20,28,50,53,17,148,8,0,8,156
01/24/2003,AMA,TX,ASW,WE,Towers with Radar,28,44,47,114,233,0,2,34,80,116,28,46,81,194,349,6,214,220,569
01/25/2003,AMA,TX,ASW,WE,Towers with Radar,17,37,21,23,98,0,0,29,13,42,17,37,50,36,140,0,2,2,142
01/26/2003,AMA,TX,ASW,WE,Towers with Radar,23,38,33,52,146,0,0,23,42,65,23,38,56,94,211,0,0,0,211
01/27/2003,AMA,TX,ASW,WE,Towers with Radar,24,57,40,122,243,0,2,25,178,205,24,59,65,300,448,0,396,396,844
01/28/2003,AMA,TX,ASW,WE,Towers with Radar,22,43,38,72,175,0,2,22,57,81,22,45,60,129,256,0,116,116,372
01/29/2003,AMA,TX,ASW,WE,Towers with Radar,24,42,45,46,157,0,0,30,25,55,24,42,75,71,212,2,62,64,276
01/30/2003,AMA,TX,ASW,WE,Towers with Radar,26,49,48,50,173,0,1,31,25,57,26,50,79,75,230,0,66,66,296
01/31/2003,AMA,TX,ASW,WE,Towers with Radar,35,37,31,46,149,0,1,37,22,60,35,38,68,68,209,0,136,136,345
02/01/2003,AMA,TX,ASW,WE,Towers with Radar,13,31,25,1,70,1,1,32,0,34,14,32,57,1,104,20,0,20,124
02/02/2003,AMA,TX,ASW,WE,Towers with Radar,28,26,24,6,84,0,1,21,10,32,28,27,45,16,116,0,0,0,116
02/03/2003,AMA,TX,ASW,WE,Towers with Radar,29,47,37,68,181,0,3,19,29,51,29,50,56,97,232,0,54,54,286
02/04/2003,AMA,TX,ASW,WE,Towers with Radar,31,43,41,67,182,0,2,36,56,94,31,45,77,123,276,0,118,118,394
02/05/2003,AMA,TX,ASW,WE,Towers with Radar,32,36,35,70,173,0,2,13,50,65,32,38,48,120,238,28,90,118,356
02/06/2003,AMA,TX,ASW,WE,Towers with Radar,37,45,22,0,104,0,0,0,2,2,37,45,22,2,106,0,0,0,106
02/07/2003,AMA,TX,ASW,WE,Towers with Radar,23,55,30,97,205,0,0,11,55,66,23,55,41,152,271,2,54,56,327
02/08/2003,AMA,TX,ASW,WE,Towers with Radar,22,28,13,19,82,0,0,32,21,53,22,28,45,40,135,32,20,52,187
02/09/2003,AMA,TX,ASW,WE,Towers with Radar,25,28,24,41,118,0,0,19,32,51,25,28,43,73,169,0,4,4,173
02/10/2003,AMA,TX,ASW,WE,Towers with Radar,27,46,31,119,223,0,4,22,48,74,27,50,53,167,297,20,156,176,473
02/11/2003,AMA,TX,ASW,WE,Towers with Radar,21,45,33,82,181,0,1,37,50,88,21,46,70,132,269,0,188,188,457
02/12/2003,AMA,TX,ASW,WE,Towers with Radar,25,42,31,87,185,0,1,33,53,87,25,43,64,140,272,18,208,226,498
02/13/2003,AMA,TX,ASW,WE,Towers with Radar,41,39,37,22,139,0,0,21,0,21,41,39,58,22,160,10,42,52,212
02/14/2003,AMA,TX,ASW,WE,Towers with Radar,33,43,34,147,257,0,2,20,105,127,33,45,54,252,384,8,230,238,622
02/15/2003,AMA,TX,ASW,WE,Towers with Radar,22,33,14,0,69,0,2,8,2,12,22,35,22,2,81,8,0,8,89
02/16/2003,AMA,TX,ASW,WE,Towers with Radar,25,31,29,25,110,0,1,55,16,72,25,32,84,41,182,0,66,66,248
02/17/2003,AMA,TX,ASW,WE,Towers with Radar,23,45,32,5,105,0,1,49,5,55,23,46,81,10,160,8,18,26,186
02/18/2003,AMA,TX,ASW,WE,Towers with Radar,27,48,44,85,204,0,4,31,46,81,27,52,75,131,285,10,96,106,391
02/19/2003,AMA,TX,ASW,WE,Towers with Radar,30,41,42,135,248,0,0,30,106,136,30,41,72,241,384,108,212,320,704
02/20/2003,AMA,TX,ASW,WE,Towers with Radar,27,44,37,71,179,0,8,35,113,156,27,52,72,184,335,0,100,100,435
02/21/2003,AMA,TX,ASW,WE,Towers with Radar,33,46,78,262,419,0,0,40,199,239,33,46,118,461,658,0,110,110,768
02/22/2003,AMA,TX,ASW,WE,Towers with Radar,15,36,29,61,141,0,1,62,56,119,15,37,91,117,260,8,78,86,346
02/23/2003,AMA,TX,ASW,WE,Towers with Radar,25,34,28,24,111,11,6,25,0,42,36,40,53,24,153,0,0,0,153
02/24/2003,AMA,TX,ASW,WE,Towers with Radar,38,37,31,36,142,0,0,15,39,54,38,37,46,75,196,0,84,84,280
02/25/2003,AMA,TX,ASW,WE,Towers with Radar,25,32,34,94,185,0,2,38,92,132,25,34,72,186,317,16,130,146,463
02/26/2003,AMA,TX,ASW,WE,Towers with Radar,30,35,25,0,90,0,0,6,3,9,30,35,31,3,99,0,0,0,99
02/27/2003,AMA,TX,ASW,WE,Towers with Radar,25,47,49,75,196,0,1,7,50,58,25,48,56,125,254,0,84,84,338
02/28/2003,AMA,TX,ASW,WE,Towers with Radar,16,19,18,32,85,7,31,17,20,75,23,50,35,52,160,0,22,22,182
03/01/2003,AMA,TX,ASW,WE,Towers with Radar,15,24,18,9,66,5,1,22,0,28,20,25,40,9,94,10,0,10,104
03/02/2003,AMA,TX,ASW,WE,Towers with Radar,19,36,26,8,89,0,0,12,7,19,19,36,38,15,108,0,0,0,108
03/03/2003,AMA,TX,ASW,WE,Towers with Radar,31,49,46,17,143,0,1,42,0,43,31,50,88,17,186,12,202,214,400
03/04/2003,AMA,TX,ASW,WE,Towers with Radar,27,52,43,57,179,0,0,12,59,71,27,52,55,116,250,0,142,142,392
03/05/2003,AMA,TX,ASW,WE,Towers with Radar,28,45,43,99,215,0,1,27,102,130,28,46,70,201,345,18,260,278,623
03/06/2003,AMA,TX,ASW,WE,Towers with Radar,29,41,38,143,251,0,0,37,94,131,29,41,75,237,382,0,86,86,468
03/07/2003,AMA,TX,ASW,WE,Towers with Radar,26,52,23,122,223,0,6,53,99,158,26,58,76,221,381,10,44,54,435
03/08/2003,AMA,TX,ASW,WE,Towers with Radar,22,28,23,27,100,0,1,43,19,63,22,29,66,46,163,28,18,46,209
03/09/2003,AMA,TX,ASW,WE,Towers with Radar,24,45,31,39,139,0,0,47,24,71,24,45,78,63,210,0,40,40,250
03/10/2003,AMA,TX,ASW,WE,Towers with Radar,35,39,34,91,199,0,0,26,30,56,35,39,60,121,255,0,80,80,335
03/11/2003,AMA,TX,ASW,WE,Towers with Radar,20,53,36,84,193,0,1,36,76,113,20,54,72,160,306,58,170,228,534
03/12/2003,AMA,TX,ASW,WE,Towers with Radar,29,42,30,93,194,0,1,28,101,130,29,43,58,194,324,22,222,244,568
03/13/2003,AMA,TX,ASW,WE,Towers with Radar,51,34,34,64,183,0,3,30,40,73,51,37,64,104,256,8,122,130,386
03/14/2003,AMA,TX,ASW,WE,Towers with Radar,35,37,39,75,186,0,0,24,96,120,35,37,63,171,306,22,86,108,414
03/15/2003,AMA,TX,ASW,WE,Towers with Radar,31,19,31,17,98,0,0,52,10,62,31,19,83,27,160,0,2,2,162
03/16/2003,AMA,TX,ASW,WE,Towers with Radar,24,40,31,59,154,0,8,36,48,92,24,48,67,107,246,2,44,46,292
03/17/2003,AMA,TX,ASW,WE,Towers with Radar,22,42,21,67,152,0,2,11,56,69,22,44,32,123,221,20,276,296,517
03/18/2003,AMA,TX,ASW,WE,Towers with Radar,29,36,27,137,229,0,1,28,125,154,29,37,55,262,383,0,222,222,605
03/19/2003,AMA,TX,ASW,WE,Towers with Radar,18,25,19,21,83,4,13,2,0,19,22,38,21,21,102,0,0,0,102
03/20/2003,AMA,TX,ASW,WE,Towers with Radar,25,44,40,46,155,0,0,15,26,41,25,44,55,72,196,0,12,12,208
03/21/2003,AMA,TX,ASW,WE,Towers with Radar,41,47,20,18,126,0,1,26,29,56,41,48,46,47,182,0,0,0,182
03/22/2003,AMA,TX,ASW,WE,Towers with Radar,34,23,24,6,87,0,0,31,9,40,34,23,55,15,127,24,14,38,165
03/23/2003,AMA,TX,ASW,WE,Towers with Radar,21,42,40,8,111,0,4,62,3,69,21,46,102,11,180,14,2,16,196
03/24/2003,AMA,TX,ASW,WE,Towers with Radar,31,47,32,55,165,0,4,43,87,134,31,51,75,142,299,4,220,224,523
03/25/2003,AMA,TX,ASW,WE,Towers with Radar,23,51,42,108,224,0,1,38,84,123,23,52,80,192,347,0,86,86,433
03/26/2003,AMA,TX,ASW,WE,Towers with Radar,22,46,36,52,156,0,4,23,41,68,22,50,59,93,224,0,36,36,260
03/27/2003,AMA,TX,ASW,WE,Towers with Radar,36,41,40,76,193,0,1,12,58,71,36,42,52,134,264,20,108,128,392
03/28/2003,AMA,TX,ASW,WE,Towers with Radar,24,52,30,94,200,0,1,13,87,101,24,53,43,181,301,12,134,146,447
03/29/2003,AMA,TX,ASW,WE,Towers with Radar,15,22,18,20,75,7,3,30,0,40,22,25,48,20,115,10,18,28,143
03/30/2003,AMA,TX,ASW,WE,Towers with Radar,24,36,28,55,143,0,2,47,24,73,24,38,75,79,216,4,58,62,278
03/31/2003,AMA,TX,ASW,WE,Towers with Radar,23,45,25,67,160,0,1,34,37,72,23,46,59,104,232,0,203,203,435
04/01/2003,AMA,TX,ASW,WE,Towers with Radar,25,44,27,55,151,0,2,27,34,63,25,46,54,89,214,0,86,86,300
04/02/2003,AMA,TX,ASW,WE,Towers with Radar,24,47,29,31,131,0,4,26,31,61,24,51,55,62,192,66,70,136,328
04/03/2003,AMA,TX,ASW,WE,Towers with Radar,39,49,39,66,193,0,2,22,63,87,39,51,61,129,280,8,154,162,442
04/04/2003,AMA,TX,ASW,WE,Towers with Radar,25,42,31,71,169,0,0,45,51,96,25,42,76,122,265,12,160,172,437
04/05/2003,AMA,TX,ASW,WE,Towers with Radar,18,29,13,21,81,0,0,7,6,13,18,29,20,27,94,0,0,0,94
04/06/2003,AMA,TX,ASW,WE,Towers with Radar,26,34,27,43,130,0,0,26,17,43,26,34,53,60,173,0,50,50,223
04/07/2003,AMA,TX,ASW,WE,Towers with Radar,24,47,2,136,209,0,1,46,81,128,24,48,48,217,337,0,232,232,569
04/08/2003,AMA,TX,ASW,WE,Towers with Radar,28,36,39,212,315,0,2,19,114,135,28,38,58,326,450,6,210,216,666
04/09/2003,AMA,TX,ASW,WE,Towers with Radar,25,36,27,54,142,0,1,33,34,68,25,37,60,88,210,0,182,182,392
04/10/2003,AMA,TX,ASW,WE,Towers with Radar,39,34,41,122,236,1,0,49,104,154,40,34,90,226,390,16,408,424,814
04/11/2003,AMA,TX,ASW,WE,Towers with Radar,23,42,28,43,136,0,4,30,40,74,23,46,58,83,210,0,92,92,302
04/12/2003,AMA,TX,ASW,WE,Towers with Radar,24,30,25,18,97,0,0,52,9,61,24,30,77,27,158,58,12,70,228
04/13/2003,AMA,TX,ASW,WE,Towers with Radar,22,60,23,40,145,0,0,31,6,37,22,60,54,46,182,0,10,10,192
04/14/2003,AMA,TX,ASW,WE,Towers with Radar,26,39,26,48,139,0,1,26,25,52,26,40,52,73,191,20,148,168,359
04/15/2003,AMA,TX,ASW,WE,Towers with Radar,30,35,29,40,134,0,1,5,31,37,30,36,34,71,171,0,58,58,229
04/16/2003,AMA,TX,ASW,WE,Towers with Radar,28,40,28,5,101,0,0,26,2,28,28,40,54,7,129,0,6,6,135
04/17/2003,AMA,TX,ASW,WE,Towers with Radar,35,37,54,87,213,0,4,58,116,178,35,41,112,203,391,24,302,326,717
04/18/2003,AMA,TX,ASW,WE,Towers with Radar,23,47,26,79,175,0,1,58,36,95,23,48,84,115,270,0,201,201,471
04/19/2003,AMA,TX,ASW,WE,Towers with Radar,23,25,27,3,78,0,0,16,0,16,23,25,43,3,94,4,0,4,98
04/20/2003,AMA,TX,ASW,WE,Towers with Radar,30,33,21,2,86,0,0,54,0,54,30,33,75,2,140,0,0,0,140
04/21/2003,AMA,TX,ASW,WE,Towers with Radar,24,40,33,97,194,0,3,38,48,89,24,43,71,145,283,40,84,124,407
04/22/2003,AMA,TX,ASW,WE,Towers with Radar,29,38,24,43,134,0,1,10,24,35,29,39,34,67,169,0,72,72,241
04/23/2003,AMA,TX,ASW,WE,Towers with Radar,24,51,28,31,134,0,3,12,23,38,24,54,40,54,172,0,16,16,188
04/24/2003,AMA,TX,ASW,WE,Towers with Radar,24,50,43,85,202,0,2,38,86,126,24,52,81,171,328,0,234,234,562
04/25/2003,AMA,TX,ASW,WE,Towers with Radar,40,36,43,121,240,0,4,49,109,162,40,40,92,230,402,0,226,226,628
04/26/2003,AMA,TX,ASW,WE,Towers with Radar,22,31,37,9,99,0,0,52,3,55,22,31,89,12,154,40,0,40,194
04/27/2003,AMA,TX,ASW,WE,Towers with Radar,25,36,40,31,132,0,0,51,8,59,25,36,91,39,191,20,12,32,223
04/28/2003,AMA,TX,ASW,WE,Towers with Radar,22,48,32,51,153,0,2,14,103,119,22,50,46,154,272,0,108,108,380
04/29/2003,AMA,TX,ASW,WE,Towers with Radar,25,43,41,80,189,0,2,21,70,93,25,45,62,150,282,4,160,164,446
04/30/2003,AMA,TX,ASW,WE,Towers with Radar,25,49,37,77,188,0,2,33,48,83,25,51,70,125,271,0,116,116,387
05/01/2003,AMA,TX,ASW,WE,Towers with Radar,34,46,34,76,190,0,1,40,216,257,34,47,74,292,447,4,270,274,721
05/02/2003,AMA,TX,ASW,WE,Towers with Radar,24,43,54,174,295,0,1,39,79,119,24,44,93,253,414,22,184,206,620
05/03/2003,AMA,TX,ASW,WE,Towers with Radar,21,26,40,4,91,0,0,19,0,19,21,26,59,4,110,20,4,24,134
05/04/2003,AMA,TX,ASW,WE,Towers with Radar,22,41,34,34,131,0,0,24,20,44,22,41,58,54,175,4,8,12,187
05/05/2003,AMA,TX,ASW,WE,Towers with Radar,34,34,30,112,210,0,1,30,108,139,34,35,60,220,349,24,120,144,493
05/06/2003,AMA,TX,ASW,WE,Towers with Radar,27,41,32,144,244,0,1,31,151,183,27,42,63,295,427,2,198,200,627
05/07/2003,AMA,TX,ASW,WE,Towers with Radar,23,51,30,86,190,0,1,52,47,100,23,52,82,133,290,46,282,328,618
05/08/2003,AMA,TX,ASW,WE,Towers with Radar,42,29,33,106,210,0,2,31,92,125,42,31,64,198,335,0,368,368,703
05/09/2003,AMA,TX,ASW,WE,Towers with Radar,22,42,32,49,145,0,4,24,15,43,22,46,56,64,188,0,18,18,206
05/10/2003,AMA,TX,ASW,WE,Towers with Radar,15,33,29,3,80,0,1,25,1,27,15,34,54,4,107,4,0,4,111
05/11/2003,AMA,TX,ASW,WE,Towers with Radar,37,25,30,5,97,0,0,38,0,38,37,25,68,5,135,4,0,4,139
05/12/2003,AMA,TX,ASW,WE,Towers with Radar,24,40,35,54,153,0,1,29,24,54,24,41,64,78,207,0,60,60,267
05/13/2003,AMA,TX,ASW,WE,Towers with Radar,30,42,33,147,252,0,1,9,87,97,30,43,42,234,349,0,204,204,553
05/14/2003,AMA,TX,ASW,WE,Towers with Radar,27,48,48,156,279,0,2,24,125,151,27,50,72,281,430,66,226,292,722
05/15/2003,AMA,TX,ASW,WE,Towers with Radar,23,43,27,39,132,0,1,7,34,42,23,44,34,73,174,0,26,26,200
05/16/2003,AMA,TX,ASW,WE,Towers with Radar,26,49,45,100,220,10,3,21,63,97,36,52,66,163,317,0,208,208,525
05/17/2003,AMA,TX,ASW,WE,Towers with Radar,28,25,34,17,104,0,2,53,12,67,28,27,87,29,171,38,50,88,259
05/18/2003,AMA,TX,ASW,WE,Towers with Radar,21,46,18,20,105,0,0,28,11,39,21,46,46,31,144,8,12,20,164
05/19/2003,AMA,TX,ASW,WE,Towers with Radar,20,43,20,44,127,0,2,7,23,32,20,45,27,67,159,0,30,30,189
05/20/2003,AMA,TX,ASW,WE,Towers with Radar,28,45,25,62,160,0,1,27,74,102,28,46,52,136,262,0,144,144,406
05/21/2003,AMA,TX,ASW,WE,Towers with Radar,27,44,46,71,188,0,2,33,79,114,27,46,79,150,302,8,348,356,658
05/22/2003,AMA,TX,ASW,WE,Towers with Radar,42,42,57,82,223,0,3,38,192,233,42,45,95,274,456,12,218,230,686
05/23/2003,AMA,TX,ASW,WE,Towers with Radar,26,40,53,45,164,0,1,18,54,73,26,41,71,99,237,0,64,64,301
05/24/2003,AMA,TX,ASW,WE,Towers with Radar,21,23,19,0,63,0,1,30,0,31,21,24,49,0,94,6,0,6,100
05/25/2003,AMA,TX,ASW,WE,Towers with Radar,15,25,18,2,60,0,0,9,0,9,15,25,27,2,69,0,0,0,69
05/26/2003,AMA,TX,ASW,WE,Towers with Radar,35,26,17,1,79,0,0,18,0,18,35,26,35,1,97,154,2,156,253
05/27/2003,AMA,TX,ASW,WE,Towers with Radar,26,47,40,41,154,0,1,34,25,60,26,48,74,66,214,0,232,232,446
05/28/2003,AMA,TX,ASW,WE,Towers with Radar,23,47,26,49,145,0,1,36,42,79,23,48,62,91,224,4,121,125,349
05/29/2003,AMA,TX,ASW,WE,Towers with Radar,27,45,49,45,166,0,2,42,36,80,27,47,91,81,246,12,84,96,342
05/30/2003,AMA,TX,ASW,WE,Towers with Radar,23,45,27,69,164,0,2,41,78,121,23,47,68,147,285,0,136,136,421
05/31/2003,AMA,TX,ASW,WE,Towers with Radar,25,25,25,3,78,0,0,80,0,80,25,25,105,3,158,40,0,40,198
06/01/2003,AMA,TX,ASW,WE,Towers with Radar,30,39,24,14,107,0,0,25,0,25,30,39,49,14,132,0,28,28,160
06/02/2003,AMA,TX,ASW,WE,Towers with Radar,31,36,46,73,186,0,6,17,107,130,31,42,63,180,316,0,432,432,748
06/03/2003,AMA,TX,ASW,WE,Towers with Radar,25,42,35,18,120,0,4,19,10,33,25,46,54,28,153,0,70,70,223
06/04/2003,AMA,TX,ASW,WE,Towers with Radar,25,40,25,15,105,0,0,9,3,12,25,40,34,18,117,0,6,6,123
06/05/2003,AMA,TX,ASW,WE,Towers with Radar,30,36,25,12,103,0,6,0,8,14,30,42,25,20,117,0,0,0,117
06/06/2003,AMA,TX,ASW,WE,Towers with Radar,29,52,42,74,197,0,1,43,0,44,29,53,85,74,241,14,306,320,561
06/07/2003,AMA,TX,ASW,WE,Towers with Radar,28,28,25,8,89,0,1,58,1,60,28,29,83,9,149,10,0,10,159
06/08/2003,AMA,TX,ASW,WE,Towers with Radar,29,28,37,17,111,0,0,35,19,54,29,28,72,36,165,24,68,92,257
06/09/2003,AMA,TX,ASW,WE,Towers with Radar,31,44,27,16,118,0,0,26,12,38,31,44,53,28,156,6,36,42,198
06/10/2003,AMA,TX,ASW,WE,Towers with Radar,29,38,39,45,151,0,1,30,33,64,29,39,69,78,215,16,74,90,305
06/11/2003,AMA,TX,ASW,WE,Towers with Radar,25,43,32,38,138,0,1,36,28,65,25,44,68,66,203,2,130,132,335
06/12/2003,AMA,TX,ASW,WE,Towers with Radar,29,39,29,98,195,0,1,25,72,98,29,40,54,170,293,0,142,142,435
06/13/2003,AMA,TX,ASW,WE,Towers with Radar,30,32,50,52,164,0,2,36,48,86,30,34,86,100,250,0,52,52,302
06/14/2003,AMA,TX,ASW,WE,Towers with Radar,14,28,30,23,95,0,0,30,12,42,14,28,60,35,137,0,14,14,151
06/15/2003,AMA,TX,ASW,WE,Towers with Radar,21,32,30,9,92,0,0,36,1,37,21,32,66,10,129,0,10,10,139
06/16/2003,AMA,TX,ASW,WE,Towers with Radar,37,39,27,126,229,0,2,35,125,162,37,41,62,251,391,0,206,206,597
06/17/2003,AMA,TX,ASW,WE,Towers with Radar,29,38,35,112,214,0,3,32,134,169,29,41,67,246,383,0,342,342,725
06/18/2003,AMA,TX,ASW,WE,Towers with Radar,24,50,36,69,179,0,1,35,63,99,24,51,71,132,278,0,40,40,318
06/19/2003,AMA,TX,ASW,WE,Towers with Radar,39,49,44,59,191,0,2,64,31,97,39,51,108,90,288,0,34,34,322
06/20/2003,AMA,TX,ASW,WE,Towers with Radar,26,38,33,47,144,0,2,31,5,38,26,40,64,52,182,12,94,106,288
06/21/2003,AMA,TX,ASW,WE,Towers with Radar,36,15,36,38,125,0,0,35,24,59,36,15,71,62,184,6,40,46,230
06/22/2003,AMA,TX,ASW,WE,Towers with Radar,43,12,28,12,95,0,0,28,5,33,43,12,56,17,128,10,56,66,194
06/23/2003,AMA,TX,ASW,WE,Towers with Radar,27,39,34,62,162,0,1,22,30,53,27,40,56,92,215,6,56,62,277
06/24/2003,AMA,TX,ASW,WE,Towers with Radar,22,41,32,72,167,0,1,36,40,77,22,42,68,112,244,0,200,200,444
06/25/2003,AMA,TX,ASW,WE,Towers with Radar,35,40,33,68,176,0,2,35,37,74,35,42,68,105,250,18,74,92,342
06/26/2003,AMA,TX,ASW,WE,Towers with Radar,25,48,46,65,184,0,1,23,33,57,25,49,69,98,241,0,102,102,343
06/27/2003,AMA,TX,ASW,WE,Towers with Radar,27,44,49,55,175,0,1,50,17,68,27,45,99,72,243,0,266,266,509
06/28/2003,AMA,TX,ASW,WE,Towers with Radar,19,34,34,20,107,0,0,58,5,63,19,34,92,25,170,2,12,14,184
06/29/2003,AMA,TX,ASW,WE,Towers with Radar,20,31,28,12,91,0,0,36,6,42,20,31,64,18,133,0,0,0,133
06/30/2003,AMA,TX,ASW,WE,Towers with Radar,27,43,31,58,159,0,1,40,38,79,27,44,71,96,238,6,138,144,382
07/01/2003,AMA,TX,ASW,WE,Towers with Radar,23,48,26,44,141,0,0,47,28,75,23,48,73,72,216,12,126,138,354
07/02/2003,AMA,TX,ASW,WE,Towers with Radar,24,52,20,44,140,0,3,32,11,46,24,55,52,55,186,0,10,10,196
07/03/2003,AMA,TX,ASW,WE,Towers with Radar,18,36,24,4,82,0,2,44,2,48,18,38,68,6,130,0,0,0,130
07/04/2003,AMA,TX,ASW,WE,Towers with Radar,23,20,8,0,51,0,2,31,0,33,23,22,39,0,84,0,6,6,90
07/05/2003,AMA,TX,ASW,WE,Towers with Radar,28,18,22,4,72,0,0,33,2,35,28,18,55,6,107,10,38,48,155
07/06/2003,AMA,TX,ASW,WE,Towers with Radar,26,35,54,5,120,0,0,41,4,45,26,35,95,9,165,48,26,74,239
07/07/2003,AMA,TX,ASW,WE,Towers with Radar,28,41,29,77,175,0,0,25,20,45,28,41,54,97,220,16,134,150,370
07/08/2003,AMA,TX,ASW,WE,Towers with Radar,29,43,50,79,201,0,2,25,51,78,29,45,75,130,279,12,142,154,433
07/09/2003,AMA,TX,ASW,WE,Towers with Radar,27,43,40,61,171,0,1,53,35,89,27,44,93,96,260,2,122,124,384
07/10/2003,AMA,TX,ASW,WE,Towers with Radar,23,41,44,46,154,0,1,42,43,86,23,42,86,89,240,20,154,174,414
07/11/2003,AMA,TX,ASW,WE,Towers with Radar,28,48,32,86,194,0,2,46,30,78,28,50,78,116,272,0,46,46,318
07/12/2003,AMA,TX,ASW,WE,Towers with Radar,17,35,23,60,135,0,0,34,52,86,17,35,57,112,221,12,184,196,417
07/13/2003,AMA,TX,ASW,WE,Towers with Radar,27,44,32,33,136,0,0,31,21,52,27,44,63,54,188,0,40,40,228
07/14/2003,AMA,TX,ASW,WE,Towers with Radar,45,33,38,105,221,0,0,39,24,63,45,33,77,129,284,0,118,118,402
07/15/2003,AMA,TX,ASW,WE,Towers with Radar,29,41,36,55,161,0,0,39,33,72,29,41,75,88,233,24,114,138,371
07/16/2003,AMA,TX,ASW,WE,Towers with Radar,23,44,25,43,135,0,2,39,19,60,23,46,64,62,195,36,118,154,349
07/17/2003,AMA,TX,ASW,WE,Towers with Radar,24,47,41,46,158,0,4,36,22,62,24,51,77,68,220,24,120,144,364
07/18/2003,AMA,TX,ASW,WE,Towers with Radar,33,34,26,49,142,0,1,36,44,81,33,35,62,93,223,0,122,122,345
07/19/2003,AMA,TX,ASW,WE,Towers with Radar,14,22,28,1,65,0,14,35,2,51,14,36,63,3,116,26,224,250,366
07/20/2003,AMA,TX,ASW,WE,Towers with Radar,24,34,28,9,95,0,0,53,2,55,24,34,81,11,150,8,0,8,158
07/21/2003,AMA,TX,ASW,WE,Towers with Radar,27,38,26,45,136,0,1,24,33,58,27,39,50,78,194,0,84,84,278
07/22/2003,AMA,TX,ASW,WE,Towers with Radar,24,45,43,130,242,0,0,33,112,145,24,45,76,242,387,14,116,130,517
07/23/2003,AMA,TX,ASW,WE,Towers with Radar,27,42,41,21,131,0,1,46,8,55,27,43,87,29,186,20,52,72,258
07/24/2003,AMA,TX,ASW,WE,Towers with Radar,23,49,51,31,154,0,1,36,67,104,23,50,87,98,258,8,190,198,456
07/25/2003,AMA,TX,ASW,WE,Towers with Radar,25,41,41,31,138,0,2,42,47,91,25,43,83,78,229,16,146,162,391
07/26/2003,AMA,TX,ASW,WE,Towers with Radar,26,32,32,0,90,0,0,42,0,42,26,32,74,0,132,12,0,12,144
07/27/2003,AMA,TX,ASW,WE,Towers with Radar,26,36,35,51,148,0,0,28,15,43,26,36,63,66,191,0,78,78,269
07/28/2003,AMA,TX,ASW,WE,Towers with Radar,27,35,36,30,128,0,1,31,21,53,27,36,67,51,181,30,72,102,283
07/29/2003,AMA,TX,ASW,WE,Towers with Radar,24,42,22,32,120,0,2,29,19,50,24,44,51,51,170,20,170,190,360
07/30/2003,AMA,TX,ASW,WE,Towers with Radar,27,40,43,37,147,0,1,27,56,84,27,41,70,93,231,28,122,150,381
07/31/2003,AMA,TX,ASW,WE,Towers with Radar,32,37,35,63,167,0,4,36,49,89,32,41,71,112,256,10,246,256,512
08/01/2003,AMA,TX,ASW,WE,Towers with Radar,31,26,27,148,232,0,1,50,102,153,31,27,77,250,385,4,234,238,623
08/02/2003,AMA,TX,ASW,WE,Towers with Radar,23,23,21,19,86,0,0,45,7,52,23,23,66,26,138,6,0,6,144
08/03/2003,AMA,TX,ASW,WE,Towers with Radar,22,31,46,30,129,0,0,34,6,40,22,31,80,36,169,34,72,106,275
08/04/2003,AMA,TX,ASW,WE,Towers with Radar,25,41,32,54,152,0,3,42,30,75,25,44,74,84,227,18,268,286,513
08/05/2003,AMA,TX,ASW,WE,Towers with Radar,33,40,42,53,168,0,2,41,47,90,33,42,83,100,258,26,116,142,400
08/06/2003,AMA,TX,ASW,WE,Towers with Radar,24,37,37,65,163,0,1,28,27,56,24,38,65,92,219,20,172,192,411
08/07/2003,AMA,TX,ASW,WE,Towers with Radar,25,44,37,68,174,0,2,41,43,86,25,46,78,111,260,34,174,208,468
08/08/2003,AMA,TX,ASW,WE,Towers with Radar,23,45,35,38,141,0,0,87,8,95,23,45,122,46,236,10,54,64,300
08/09/2003,AMA,TX,ASW,WE,Towers with Radar,21,37,26,12,96,0,0,51,5,56,21,37,77,17,152,16,58,74,226
08/10/2003,AMA,TX,ASW,WE,Towers with Radar,22,28,34,4,88,0,0,39,1,40,22,28,73,5,128,2,0,2,130
08/11/2003,AMA,TX,ASW,WE,Towers with Radar,31,41,33,71,176,0,2,31,61,94,31,43,64,132,270,0,186,186,456
08/12/2003,AMA,TX,ASW,WE,Towers with Radar,31,33,42,127,233,0,2,42,149,193,31,35,84,276,426,20,354,374,800
08/13/2003,AMA,TX,ASW,WE,Towers with Radar,34,32,38,81,185,0,1,48,58,107,34,33,86,139,292,13,272,285,577
08/14/2003,AMA,TX,ASW,WE,Towers with Radar,41,37,33,67,178,0,2,30,73,105,41,39,63,140,283,1,150,151,434
08/15/2003,AMA,TX,ASW,WE,Towers with Radar,40,41,51,82,214,0,0,46,39,85,40,41,97,121,299,18,150,168,467
08/16/2003,AMA,TX,ASW,WE,Towers with Radar,21,26,35,32,114,0,0,52,24,76,21,26,87,56,190,18,10,28,218
08/17/2003,AMA,TX,ASW,WE,Towers with Radar,26,28,36,21,111,0,0,26,7,33,26,28,62,28,144,8,0,8,152
08/18/2003,AMA,TX,ASW,WE,Towers with Radar,28,38,26,41,133,0,2,24,20,46,28,40,50,61,179,8,182,190,369
08/19/2003,AMA,TX,ASW,WE,Towers with Radar,23,37,41,56,157,0,1,15,35,51,23,38,56,91,208,32,170,202,410
08/20/2003,AMA,TX,ASW,WE,Towers with Radar,37,35,48,31,151,0,1,55,27,83,37,36,103,58,234,0,122,122,356
08/21/2003,AMA,TX,ASW,WE,Towers with Radar,33,42,62,98,235,0,1,39,22,62,33,43,101,120,297,16,104,120,417
08/22/2003,AMA,TX,ASW,WE,Towers with Radar,31,24,36,102,193,0,2,40,44,86,31,26,76,146,279,0,200,200,479
08/23/2003,AMA,TX,ASW,WE,Towers with Radar,33,27,33,9,102,0,0,37,9,46,33,27,70,18,148,10,84,94,242
08/24/2003,AMA,TX,ASW,WE,Towers with Radar,22,33,34,35,124,0,0,41,20,61,22,33,75,55,185,6,60,66,251
08/25/2003,AMA,TX,ASW,WE,Towers with Radar,24,46,28,74,172,0,4,28,72,104,24,50,56,146,276,0,80,80,356
08/26/2003,AMA,TX,ASW,WE,Towers with Radar,19,44,31,32,126,0,0,32,12,44,19,44,63,44,170,6,90,96,266
08/27/2003,AMA,TX,ASW,WE,Towers with Radar,27,47,35,61,170,0,1,38,35,74,27,48,73,96,244,38,46,84,328
08/28/2003,AMA,TX,ASW,WE,Towers with Radar,38,32,55,47,172,0,2,47,55,104,38,34,102,102,276,0,144,144,420
08/29/2003,AMA,TX,ASW,WE,Towers with Radar,31,32,31,47,141,0,6,28,6,40,31,38,59,53,181,0,24,24,205
08/30/2003,AMA,TX,ASW,WE,Towers with Radar,28,19,20,13,80,0,0,2,10,12,28,19,22,23,92,0,0,0,92
08/31/2003,AMA,TX,ASW,WE,Towers with Radar,16,29,15,10,70,0,0,0,8,8,16,29,15,18,78,0,0,0,78
09/01/2003,AMA,TX,ASW,WE,Towers with Radar,25,31,23,2,81,0,0,20,4,24,25,31,43,6,105,80,2,82,187
09/02/2003,AMA,TX,ASW,WE,Towers with Radar,25,40,32,166,263,0,1,42,82,125,25,41,74,248,388,6,224,230,618
09/03/2003,AMA,TX,ASW,WE,Towers with Radar,25,49,51,119,244,0,2,37,64,103,25,51,88,183,347,42,226,268,615
09/04/2003,AMA,TX,ASW,WE,Towers with Radar,34,40,38,67,179,0,2,38,64,104,34,42,76,131,283,8,240,248,531
09/05/2003,AMA,TX,ASW,WE,Towers with Radar,21,42,52,174,289,0,1,36,158,195,21,43,88,332,484,32,308,340,824
09/06/2003,AMA,TX,ASW,WE,Towers with Radar,25,38,27,32,122,0,0,46,18,64,25,38,73,50,186,16,56,72,258
09/07/2003,AMA,TX,ASW,WE,Towers with Radar,21,41,36,30,128,0,0,21,10,31,21,41,57,40,159,0,0,0,159
09/08/2003,AMA,TX,ASW,WE,Towers with Radar,23,38,43,34,138,0,2,29,23,54,23,40,72,57,192,4,40,44,236
09/09/2003,AMA,TX,ASW,WE,Towers with Radar,25,46,47,64,182,0,4,37,54,95,25,50,84,118,277,10,110,120,397
09/10/2003,AMA,TX,ASW,WE,Towers with Radar,26,41,55,48,170,0,2,28,29,59,26,43,83,77,229,0,170,170,399
09/11/2003,AMA,TX,ASW,WE,Towers with Radar,22,40,31,211,304,0,2,37,203,242,22,42,68,414,546,10,514,524,1070
09/12/2003,AMA,TX,ASW,WE,Towers with Radar,44,34,41,168,287,0,3,56,168,227,44,37,97,336,514,0,280,280,794
09/13/2003,AMA,TX,ASW,WE,Towers with Radar,12,36,18,2,68,0,0,23,3,26,12,36,41,5,94,26,0,26,120
09/14/2003,AMA,TX,ASW,WE,Towers with Radar,28,36,28,81,173,0,1,36,88,125,28,37,64,169,298,6,192,198,496
09/15/2003,AMA,TX,ASW,WE,Towers with Radar,38,31,36,95,200,0,0,34,79,113,38,31,70,174,313,0,166,166,479
09/16/2003,AMA,TX,ASW,WE,Towers with Radar,24,39,31,47,141,0,3,52,61,116,24,42,83,108,257,10,206,216,473
09/17/2003,AMA,TX,ASW,WE,Towers with Radar,30,34,37,51,152,0,1,31,34,66,30,35,68,85,218,0,136,136,354
09/18/2003,AMA,TX,ASW,WE,Towers with Radar,32,31,44,238,345,0,3,19,206,228,32,34,63,444,573,0,518,518,1091
09/19/2003,AMA,TX,ASW,WE,Towers with Radar,26,41,29,170,266,0,1,46,143,190,26,42,75,313,456,12,244,256,712
09/20/2003,AMA,TX,ASW,WE,Towers with Radar,17,25,21,25,88,0,0,31,18,49,17,25,52,43,137,0,0,0,137
09/21/2003,AMA,TX,ASW,WE,Towers with Radar,35,28,46,50,159,0,0,45,26,71,35,28,91,76,230,18,130,148,378
09/22/2003,AMA,TX,ASW,WE,Towers with Radar,27,37,63,95,222,0,2,64,85,151,27,39,127,180,373,50,296,346,719
09/23/2003,AMA,TX,ASW,WE,Towers with Radar,28,46,46,52,172,0,1,44,29,74,28,47,90,81,246,28,104,132,378
09/24/2003,AMA,TX,ASW,WE,Towers with Radar,26,48,68,57,199,0,5,60,48,113,26,53,128,105,312,32,102,134,446
09/25/2003,AMA,TX,ASW,WE,Towers with Radar,37,40,49,15,141,0,0,51,0,51,37,40,100,15,192,20,42,62,254
09/26/2003,AMA,TX,ASW,WE,Towers with Radar,41,30,47,54,172,0,1,54,119,174,41,31,101,173,346,6,86,92,438
09/27/2003,AMA,TX,ASW,WE,Towers with Radar,25,34,24,0,83,0,0,54,0,54,25,34,78,0,137,114,0,114,251
09/28/2003,AMA,TX,ASW,WE,Towers with Radar,29,36,36,4,105,0,2,37,0,39,29,38,73,4,144,15,0,15,159
09/29/2003,AMA,TX,ASW,WE,Towers with Radar,28,36,43,18,125,0,1,26,15,42,28,37,69,33,167,0,48,48,215
09/30/2003,AMA,TX,ASW,WE,Towers with Radar,24,45,35,7,111,0,2,29,1,32,24,47,64,8,143,0,0,0,143
10/01/2003,AMA,TX,ASW,WE,Towers with Radar,28,50,45,51,174,0,1,13,28,42,28,51,58,79,216,22,174,196,412
10/02/2003,AMA,TX,ASW,WE,Towers with Radar,27,33,31,116,207,0,0,31,72,103,27,33,62,188,310,0,32,32,342
10/03/2003,AMA,TX,ASW,WE,Towers with Radar,38,31,44,122,235,0,2,40,51,93,38,33,84,173,328,10,132,142,470
10/04/2003,AMA,TX,ASW,WE,Towers with Radar,15,25,20,5,65,0,0,3,0,3,15,25,23,5,68,18,10,28,96
10/05/2003,AMA,TX,ASW,WE,Towers with Radar,25,32,36,11,104,0,0,15,11,26,25,32,51,22,130,0,0,0,130
10/06/2003,AMA,TX,ASW,WE,Towers with Radar,28,40,38,90,196,0,1,21,62,84,28,41,59,152,280,2,72,74,354
10/07/2003,AMA,TX,ASW,WE,Towers with Radar,26,48,37,80,191,0,1,18,21,40,26,49,55,101,231,0,100,100,331
10/08/2003,AMA,TX,ASW,WE,Towers with Radar,26,35,38,8,107,0,0,3,2,5,26,35,41,10,112,0,0,0,112
10/09/2003,AMA,TX,ASW,WE,Towers with Radar,35,31,52,122,240,0,1,28,104,133,35,32,80,226,373,0,288,288,661
10/10/2003,AMA,TX,ASW,WE,Towers with Radar,38,39,59,150,286,0,0,34,98,132,38,39,93,248,418,0,80,80,498
10/11/2003,AMA,TX,ASW,WE,Towers with Radar,22,26,35,5,88,0,0,41,1,42,22,26,76,6,130,0,0,0,130
10/12/2003,AMA,TX,ASW,WE,Towers with Radar,31,26,39,19,115,0,1,51,21,73,31,27,90,40,188,20,30,50,238
10/13/2003,AMA,TX,ASW,WE,Towers with Radar,21,40,33,14,108,0,0,39,0,39,21,40,72,14,147,0,0,0,147
10/14/2003,AMA,TX,ASW,WE,Towers with Radar,30,34,37,72,173,0,1,30,38,69,30,35,67,110,242,28,290,318,560
10/15/2003,AMA,TX,ASW,WE,Towers with Radar,30,32,34,58,154,0,2,31,43,76,30,34,65,101,230,18,282,300,530
10/16/2003,AMA,TX,ASW,WE,Towers with Radar,28,40,47,91,206,0,1,43,60,104,28,41,90,151,310,10,28,38,348
10/17/2003,AMA,TX,ASW,WE,Towers with Radar,30,46,26,100,202,0,1,37,85,123,30,47,63,185,325,0,302,302,627
10/18/2003,AMA,TX,ASW,WE,Towers with Radar,17,26,22,2,67,0,0,31,1,32,17,26,53,3,99,6,0,6,105
10/19/2003,AMA,TX,ASW,WE,Towers with Radar,25,36,30,33,124,0,0,40,15,55,25,36,70,48,179,6,12,18,197
10/20/2003,AMA,TX,ASW,WE,Towers with Radar,28,35,26,57,146,0,1,17,42,60,28,36,43,99,206,0,116,116,322
10/21/2003,AMA,TX,ASW,WE,Towers with Radar,24,46,42,52,164,0,4,51,36,91,24,50,93,88,255,24,86,110,365
10/22/2003,AMA,TX,ASW,WE,Towers with Radar,24,34,39,144,241,0,0,50,136,186,24,34,89,280,427,32,351,383,810
10/23/2003,AMA,TX,ASW,WE,Towers with Radar,25,35,44,109,213,0,1,38,63,102,25,36,82,172,315,22,350,372,687
10/24/2003,AMA,TX,ASW,WE,Towers with Radar,31,35,41,120,227,0,1,32,79,112,31,36,73,199,339,8,302,310,649
10/25/2003,AMA,TX,ASW,WE,Towers with Radar,15,13,17,1,46,0,0,11,2,13,15,13,28,3,59,0,0,0,59
10/26/2003,AMA,TX,ASW,WE,Towers with Radar,26,31,32,23,112,0,0,35,0,35,26,31,67,23,147,0,0,0,147
10/27/2003,AMA,TX,ASW,WE,Towers with Radar,30,35,31,92,188,0,0,40,39,79,30,35,71,131,267,10,108,118,385
10/28/2003,AMA,TX,ASW,WE,Towers with Radar,25,41,41,164,271,0,1,56,140,197,25,42,97,304,468,52,408,460,928
10/29/2003,AMA,TX,ASW,WE,Towers with Radar,27,31,35,89,182,0,0,50,59,109,27,31,85,148,291,74,266,340,631
10/30/2003,AMA,TX,ASW,WE,Towers with Radar,36,20,44,104,204,0,1,40,71,112,36,21,84,175,316,40,294,334,650
10/31/2003,AMA,TX,ASW,WE,Towers with Radar,31,18,40,62,151,0,1,32,62,95,31,19,72,124,246,6,302,308,554
11/01/2003,AMA,TX,ASW,WE,Towers with Radar,13,28,28,0,69,0,0,4,1,5,13,28,32,1,74,0,0,0,74
11/02/2003,AMA,TX,ASW,WE,Towers with Radar,26,31,58,6,121,0,0,27,2,29,26,31,85,8,150,0,0,0,150
11/03/2003,AMA,TX,ASW,WE,Towers with Radar,25,42,33,85,185,0,5,10,66,81,25,47,43,151,266,0,84,84,350
11/04/2003,AMA,TX,ASW,WE,Towers with Radar,26,43,54,182,305,0,1,32,179,212,26,44,86,361,517,0,350,350,867
11/05/2003,AMA,TX,ASW,WE,Towers with Radar,28,30,30,134,222,0,0,20,64,84,28,30,50,198,306,22,244,266,572
11/06/2003,AMA,TX,ASW,WE,Towers with Radar,34,33,41,20,128,0,0,8,59,67,34,33,49,79,195,0,30,30,225
11/07/2003,AMA,TX,ASW,WE,Towers with Radar,31,38,37,50,156,0,0,7,23,30,31,38,44,73,186,0,40,40,226
11/08/2003,AMA,TX,ASW,WE,Towers with Radar,19,28,25,17,89,0,0,15,8,23,19,28,40,25,112,2,12,14,126
11/09/2003,AMA,TX,ASW,WE,Towers with Radar,26,28,53,24,131,0,0,17,7,24,26,28,70,31,155,0,0,0,155
11/10/2003,AMA,TX,ASW,WE,Towers with Radar,35,37,45,156,273,3,0,14,51,68,38,37,59,207,341,0,208,208,549
11/11/2003,AMA,TX,ASW,WE,Towers with Radar,24,40,52,1,117,0,0,36,4,40,24,40,88,5,157,18,22,40,197
11/12/2003,AMA,TX,ASW,WE,Towers with Radar,25,33,40,54,152,0,3,22,49,74,25,36,62,103,226,0,66,66,292
11/13/2003,AMA,TX,ASW,WE,Towers with Radar,21,44,32,34,131,0,0,15,23,38,21,44,47,57,169,0,12,12,181
11/14/2003,AMA,TX,ASW,WE,Towers with Radar,26,39,24,67,156,0,0,8,92,100,26,39,32,159,256,0,290,290,546
11/15/2003,AMA,TX,ASW,WE,Towers with Radar,34,16,42,7,99,0,0,65,4,69,34,16,107,11,168,130,0,130,298
11/16/2003,AMA,TX,ASW,WE,Towers with Radar,25,38,48,11,122,0,0,43,2,45,25,38,91,13,167,2,50,52,219
11/17/2003,AMA,TX,ASW,WE,Towers with Radar,28,32,32,114,206,0,0,21,99,120,28,32,53,213,326,0,208,208,534
11/18/2003,AMA,TX,ASW,WE,Towers with Radar,28,34,32,100,194,0,0,24,88,112,28,34,56,188,306,36,84,120,426
11/19/2003,AMA,TX,ASW,WE,Towers with Radar,29,37,20,103,189,0,2,30,74,106,29,39,50,177,295,4,178,182,477
11/20/2003,AMA,TX,ASW,WE,Towers with Radar,31,41,34,64,170,0,1,55,56,112,31,42,89,120,282,16,182,198,480
11/21/2003,AMA,TX,ASW,WE,Towers with Radar,29,40,49,46,164,0,0,31,42,73,29,40,80,88,237,2,170,172,409
11/22/2003,AMA,TX,ASW,WE,Towers with Radar,21,33,51,26,131,0,0,73,2,75,21,33,124,28,206,13,18,31,237
11/23/2003,AMA,TX,ASW,WE,Towers with Radar,36,27,17,19,99,0,0,14,7,21,36,27,31,26,120,0,8,8,128
11/24/2003,AMA,TX,ASW,WE,Towers with Radar,27,40,35,128,230,0,1,28,86,115,27,41,63,214,345,10,342,352,697
11/25/2003,AMA,TX,ASW,WE,Towers with Radar,28,43,27,75,173,0,1,34,49,84,28,44,61,124,257,74,236,310,567
11/26/2003,AMA,TX,ASW,WE,Towers with Radar,35,31,45,12,123,0,3,45,9,57,35,34,90,21,180,20,72,92,272
11/27/2003,AMA,TX,ASW,WE,Towers with Radar,28,14,20,0,62,0,0,15,0,15,28,14,35,0,77,0,0,0,77
11/28/2003,AMA,TX,ASW,WE,Towers with Radar,18,30,30,0,78,0,0,52,0,52,18,30,82,0,130,18,0,18,148
11/29/2003,AMA,TX,ASW,WE,Towers with Radar,26,32,29,16,103,0,0,51,13,64,26,32,80,29,167,10,20,30,197
11/30/2003,AMA,TX,ASW,WE,Towers with Radar,28,27,44,2,101,0,0,37,2,39,28,27,81,4,140,30,4,34,174
12/01/2003,AMA,TX,ASW,WE,Towers with Radar,27,53,32,74,186,0,2,32,49,83,27,55,64,123,269,2,76,78,347
12/02/2003,AMA,TX,ASW,WE,Towers with Radar,26,43,33,150,252,0,0,13,92,105,26,43,46,242,357,16,134,150,507
12/03/2003,AMA,TX,ASW,WE,Towers with Radar,34,26,39,122,221,0,12,46,145,203,34,38,85,267,424,12,228,240,664
12/04/2003,AMA,TX,ASW,WE,Towers with Radar,25,30,29,60,144,2,1,26,58,87,27,31,55,118,231,0,54,54,285
12/05/2003,AMA,TX,ASW,WE,Towers with Radar,34,35,30,58,157,0,0,35,51,86,34,35,65,109,243,24,142,166,409
12/06/2003,AMA,TX,ASW,WE,Towers with Radar,20,29,25,6,80,0,0,33,1,34,20,29,58,7,114,6,0,6,120
12/07/2003,AMA,TX,ASW,WE,Towers with Radar,28,28,27,9,92,0,0,21,2,23,28,28,48,11,115,0,42,42,157
12/08/2003,AMA,TX,ASW,WE,Towers with Radar,27,38,29,113,207,0,0,38,76,114,27,38,67,189,321,8,138,146,467
12/09/2003,AMA,TX,ASW,WE,Towers with Radar,27,38,22,59,146,0,0,1,28,29,27,38,23,87,175,0,20,20,195
12/10/2003,AMA,TX,ASW,WE,Towers with Radar,27,43,42,58,170,0,2,30,31,63,27,45,72,89,233,8,130,138,371
12/11/2003,AMA,TX,ASW,WE,Towers with Radar,27,34,45,91,197,0,0,29,119,148,27,34,74,210,345,10,108,118,463
12/12/2003,AMA,TX,ASW,WE,Towers with Radar,36,30,38,0,104,0,0,0,0,0,36,30,38,0,104,0,0,0,104
12/13/2003,AMA,TX,ASW,WE,Towers with Radar,24,37,31,6,98,0,1,24,4,29,24,38,55,10,127,26,60,86,213
12/14/2003,AMA,TX,ASW,WE,Towers with Radar,33,26,41,36,136,0,2,36,20,58,33,28,77,56,194,54,72,126,320
12/15/2003,AMA,TX,ASW,WE,Towers with Radar,30,40,27,35,132,0,4,11,15,30,30,44,38,50,162,28,74,102,264
12/16/2003,AMA,TX,ASW,WE,Towers with Radar,29,37,37,103,206,0,0,42,66,108,29,37,79,169,314,8,102,110,424
12/17/2003,AMA,TX,ASW,WE,Towers with Radar,30,33,28,137,228,0,1,43,78,122,30,34,71,215,350,6,202,208,558
12/18/2003,AMA,TX,ASW,WE,Towers with Radar,32,31,48,116,227,0,1,49,143,193,32,32,97,259,420,203,274,477,897
12/19/2003,AMA,TX,ASW,WE,Towers with Radar,25,45,45,108,223,0,9,43,122,174,25,54,88,230,397,84,412,496,893
12/20/2003,AMA,TX,ASW,WE,Towers with Radar,31,27,48,11,117,0,0,80,11,91,31,27,128,22,208,24,62,86,294
12/21/2003,AMA,TX,ASW,WE,Towers with Radar,29,23,30,18,100,0,0,35,15,50,29,23,65,33,150,22,6,28,178
12/22/2003,AMA,TX,ASW,WE,Towers with Radar,30,35,16,22,103,0,0,5,10,15,30,35,21,32,118,0,10,10,128
12/23/2003,AMA,TX,ASW,WE,Towers with Radar,30,43,41,1,115,0,3,33,0,36,30,46,74,1,151,0,0,0,151
12/24/2003,AMA,TX,ASW,WE,Towers with Radar,28,20,18,0,66,0,3,38,0,41,28,23,56,0,107,0,0,0,107
12/25/2003,AMA,TX,ASW,WE,Towers with Radar,29,19,6,0,54,0,0,17,0,17,29,19,23,0,71,0,0,0,71
12/26/2003,AMA,TX,ASW,WE,Towers with Radar,21,38,17,0,76,0,1,19,0,20,21,39,36,0,96,0,0,0,96
12/27/2003,AMA,TX,ASW,WE,Towers with Radar,23,24,20,0,67,0,0,14,0,14,23,24,34,0,81,0,0,0,81
12/28/2003,AMA,TX,ASW,WE,Towers with Radar,39,23,26,0,88,0,0,33,0,33,39,23,59,0,121,0,0,0,121
12/29/2003,AMA,TX,ASW,WE,Towers with Radar,27,33,20,3,83,0,0,31,0,31,27,33,51,3,114,0,0,0,114
12/30/2003,AMA,TX,ASW,WE,Towers with Radar,24,34,33,5,96,0,0,32,1,33,24,34,65,6,129,0,0,0,129
12/31/2003,AMA,TX,ASW,WE,Towers with Radar,24,31,12,0,67,0,0,33,0,33,24,31,45,0,100,0,0,0,100
01/01/2004,AMA,TX,ASW,WE,Towers with Radar,15,28,14,0,57,0,0,30,0,30,15,28,44,0,87,0,0,0,87
01/02/2004,AMA,TX,ASW,WE,Towers with Radar,27,35,45,0,107,0,1,21,0,22,27,36,66,0,129,22,0,22,151
01/03/2004,AMA,TX,ASW,WE,Towers with Radar,23,24,33,1,81,0,0,33,0,33,23,24,66,1,114,14,0,14,128
01/04/2004,AMA,TX,ASW,WE,Towers with Radar,37,20,20,1,78,0,0,17,0,17,37,20,37,1,95,0,0,0,95
01/05/2004,AMA,TX,ASW,WE,Towers with Radar,25,30,25,14,94,0,3,25,7,35,25,33,50,21,129,10,10,20,149
01/06/2004,AMA,TX,ASW,WE,Towers with Radar,36,29,27,27,119,0,1,29,14,44,36,30,56,41,163,40,54,94,257
01/07/2004,AMA,TX,ASW,WE,Towers with Radar,31,28,39,106,204,0,1,28,74,103,31,29,67,180,307,16,250,266,573
01/08/2004,AMA,TX,ASW,WE,Towers with Radar,24,39,20,125,208,0,1,36,104,141,24,40,56,229,349,0,297,297,646
01/09/2004,AMA,TX,ASW,WE,Towers with Radar,25,40,15,109,189,0,1,32,84,117,25,41,47,193,306,42,336,378,684
01/10/2004,AMA,TX,ASW,WE,Towers with Radar,28,13,31,20,92,0,0,54,13,67,28,13,85,33,159,14,38,52,211
01/11/2004,AMA,TX,ASW,WE,Towers with Radar,35,31,20,53,139,0,0,46,44,90,35,31,66,97,229,36,136,172,401
01/12/2004,AMA,TX,ASW,WE,Towers with Radar,26,29,29,99,183,0,2,29,75,106,26,31,58,174,289,6,240,246,535
01/13/2004,AMA,TX,ASW,WE,Towers with Radar,23,39,22,125,209,0,0,24,81,105,23,39,46,206,314,0,262,262,576
01/14/2004,AMA,TX,ASW,WE,Towers with Radar,22,45,42,82,191,0,1,25,71,97,22,46,67,153,288,0,218,218,506
01/15/2004,AMA,TX,ASW,WE,Towers with Radar,35,30,57,127,249,0,1,27,64,92,35,31,84,191,341,53,384,437,778
01/16/2004,AMA,TX,ASW,WE,Towers with Radar,29,38,40,63,170,0,0,8,31,39,29,38,48,94,209,0,20,20,229
01/17/2004,AMA,TX,ASW,WE,Towers with Radar,19,29,14,4,66,0,0,0,2,2,19,29,14,6,68,0,0,0,68
01/18/2004,AMA,TX,ASW,WE,Towers with Radar,37,32,38,3,110,0,0,25,1,26,37,32,63,4,136,0,0,0,136
01/19/2004,AMA,TX,ASW,WE,Towers with Radar,32,33,44,3,112,0,0,23,1,24,32,33,67,4,136,0,0,0,136
01/20/2004,AMA,TX,ASW,WE,Towers with Radar,29,43,52,15,139,0,0,4,6,10,29,43,56,21,149,0,2,2,151
01/21/2004,AMA,TX,ASW,WE,Towers with Radar,23,39,49,31,142,0,0,21,14,35,23,39,70,45,177,0,30,30,207
01/22/2004,AMA,TX,ASW,WE,Towers with Radar,22,33,50,98,203,0,0,36,93,129,22,33,86,191,332,18,460,478,810
01/23/2004,AMA,TX,ASW,WE,Towers with Radar,29,44,39,102,214,0,4,36,95,135,29,48,75,197,349,0,252,252,601
01/24/2004,AMA,TX,ASW,WE,Towers with Radar,25,16,13,114,168,0,0,14,68,82,25,16,27,182,250,0,164,164,414
01/25/2004,AMA,TX,ASW,WE,Towers with Radar,36,28,41,28,133,0,0,33,22,55,36,28,74,50,188,12,122,134,322
01/26/2004,AMA,TX,ASW,WE,Towers with Radar,27,38,26,34,125,0,0,10,24,34,27,38,36,58,159,18,198,216,375
01/27/2004,AMA,TX,ASW,WE,Towers with Radar,28,33,31,87,179,0,2,24,49,75,28,35,55,136,254,84,258,342,596
01/28/2004,AMA,TX,ASW,WE,Towers with Radar,27,38,20,105,190,0,1,23,74,98,27,39,43,179,288,8,234,242,530
01/29/2004,AMA,TX,ASW,WE,Towers with Radar,24,26,39,125,214,0,0,18,142,160,24,26,57,267,374,0,468,468,842
01/30/2004,AMA,TX,ASW,WE,Towers with Radar,27,38,31,44,140,0,1,36,43,80,27,39,67,87,220,0,86,86,306
01/31/2004,AMA,TX,ASW,WE,Towers with Radar,17,25,27,15,84,0,0,38,10,48,17,25,65,25,132,22,106,128,260
02/01/2004,AMA,TX,ASW,WE,Towers with Radar,33,26,12,0,71,0,0,2,0,2,33,26,14,0,73,0,0,0,73
02/02/2004,AMA,TX,ASW,WE,Towers with Radar,29,35,36,108,208,0,1,23,66,90,29,36,59,174,298,28,94,122,420
02/03/2004,AMA,TX,ASW,WE,Towers with Radar,22,36,19,115,192,0,1,15,63,79,22,37,34,178,271,0,208,208,479
02/04/2004,AMA,TX,ASW,WE,Towers with Radar,12,21,8,0,41,0,0,0,1,1,12,21,8,1,42,0,0,0,42
02/05/2004,AMA,TX,ASW,WE,Towers with Radar,21,39,55,74,189,0,0,11,84,95,21,39,66,158,284,0,16,16,300
02/06/2004,AMA,TX,ASW,WE,Towers with Radar,35,35,45,107,222,0,0,41,62,103,35,35,86,169,325,8,168,176,501
02/07/2004,AMA,TX,ASW,WE,Towers with Radar,30,20,36,5,91,0,1,49,0,50,30,21,85,5,141,49,16,65,206
02/08/2004,AMA,TX,ASW,WE,Towers with Radar,29,34,30,43,136,0,0,30,51,81,29,34,60,94,217,12,72,84,301
02/09/2004,AMA,TX,ASW,WE,Towers with Radar,24,37,26,72,159,0,1,21,42,64,24,38,47,114,223,14,170,184,407
02/10/2004,AMA,TX,ASW,WE,Towers with Radar,29,38,42,152,261,0,0,47,71,118,29,38,89,223,379,0,412,412,791
02/11/2004,AMA,TX,ASW,WE,Towers with Radar,25,35,36,112,208,0,0,11,87,98,25,35,47,199,306,0,310,310,616
02/12/2004,AMA,TX,ASW,WE,Towers with Radar,25,37,21,16,99,0,0,0,13,13,25,37,21,29,112,0,0,0,112
02/13/2004,AMA,TX,ASW,WE,Towers with Radar,32,28,45,28,133,0,0,22,14,36,32,28,67,42,169,26,54,80,249
02/14/2004,AMA,TX,ASW,WE,Towers with Radar,14,31,21,2,68,0,0,47,1,48,14,31,68,3,116,6,0,6,122
02/15/2004,AMA,TX,ASW,WE,Towers with Radar,29,32,14,2,77,0,0,52,0,52,29,32,66,2,129,6,0,6,135
02/16/2004,AMA,TX,ASW,WE,Towers with Radar,33,27,29,6,95,0,0,88,1,89,33,27,117,7,184,68,0,68,252
02/17/2004,AMA,TX,ASW,WE,Towers with Radar,31,41,32,99,203,0,5,50,64,119,31,46,82,163,322,18,428,446,768
02/18/2004,AMA,TX,ASW,WE,Towers with Radar,32,30,65,69,196,0,2,33,23,58,32,32,98,92,254,28,168,196,450
02/19/2004,AMA,TX,ASW,WE,Towers with Radar,30,31,31,41,133,0,0,24,12,36,30,31,55,53,169,0,108,108,277
02/20/2004,AMA,TX,ASW,WE,Towers with Radar,33,39,56,126,254,0,2,41,107,150,33,41,97,233,404,0,210,210,614
02/21/2004,AMA,TX,ASW,WE,Towers with Radar,20,29,31,56,136,0,0,67,25,92,20,29,98,81,228,34,118,152,380
02/22/2004,AMA,TX,ASW,WE,Towers with Radar,23,29,25,40,117,0,0,29,36,65,23,29,54,76,182,36,100,136,318
02/23/2004,AMA,TX,ASW,WE,Towers with Radar,28,33,40,60,161,0,0,7,40,47,28,33,47,100,208,8,44,52,260
02/24/2004,AMA,TX,ASW,WE,Towers with Radar,26,37,25,22,110,0,0,0,13,13,26,37,25,35,123,0,6,6,129
02/25/2004,AMA,TX,ASW,WE,Towers with Radar,27,44,33,82,186,0,0,23,56,79,27,44,56,138,265,0,240,240,505
02/26/2004,AMA,TX,ASW,WE,Towers with Radar,38,28,43,117,226,0,0,55,76,131,38,28,98,193,357,6,168,174,531
02/27/2004,AMA,TX,ASW,WE,Towers with Radar,31,31,39,105,206,0,2,28,104,134,31,33,67,209,340,26,238,264,604
02/28/2004,AMA,TX,ASW,WE,Towers with Radar,19,21,34,0,74,0,0,8,0,8,19,21,42,0,82,0,0,0,82
02/29/2004,AMA,TX,ASW,WE,Towers with Radar,23,32,17,8,80,0,0,9,1,10,23,32,26,9,90,0,0,0,90
03/01/2004,AMA,TX,ASW,WE,Towers with Radar,24,28,33,70,155,0,3,39,71,113,24,31,72,141,268,4,140,144,412
03/02/2004,AMA,TX,ASW,WE,Towers with Radar,28,37,49,77,191,0,1,26,40,67,28,38,75,117,258,12,62,74,332
03/03/2004,AMA,TX,ASW,WE,Towers with Radar,25,44,41,63,173,0,0,7,40,47,25,44,48,103,220,0,54,54,274
03/04/2004,AMA,TX,ASW,WE,Towers with Radar,30,34,19,0,83,0,0,2,0,2,30,34,21,0,85,0,0,0,85
03/05/2004,AMA,TX,ASW,WE,Towers with Radar,24,45,48,47,164,0,0,7,26,33,24,45,55,73,197,0,0,0,197
03/06/2004,AMA,TX,ASW,WE,Towers with Radar,22,33,52,6,113,0,1,61,9,71,22,34,113,15,184,5,0,5,189
03/07/2004,AMA,TX,ASW,WE,Towers with Radar,35,23,49,8,115,0,0,60,9,69,35,23,109,17,184,14,2,16,200
03/08/2004,AMA,TX,ASW,WE,Towers with Radar,26,29,36,66,157,0,1,52,43,96,26,30,88,109,253,0,108,108,361
03/09/2004,AMA,TX,ASW,WE,Towers with Radar,25,31,35,75,166,0,3,35,63,101,25,34,70,138,267,2,168,170,437
03/10/2004,AMA,TX,ASW,WE,Towers with Radar,26,38,41,120,225,0,0,29,69,98,26,38,70,189,323,8,130,138,461
03/11/2004,AMA,TX,ASW,WE,Towers with Radar,27,36,38,71,172,0,0,25,54,79,27,36,63,125,251,2,158,160,411
03/12/2004,AMA,TX,ASW,WE,Towers with Radar,29,32,40,52,153,0,0,7,24,31,29,32,47,76,184,0,72,72,256
03/13/2004,AMA,TX,ASW,WE,Towers with Radar,14,50,46,6,116,0,0,27,4,31,14,50,73,10,147,0,0,0,147
03/14/2004,AMA,TX,ASW,WE,Towers with Radar,26,28,50,7,111,0,3,21,201,225,26,31,71,208,336,4,112,116,452
03/15/2004,AMA,TX,ASW,WE,Towers with Radar,26,31,40,113,210,0,0,31,95,126,26,31,71,208,336,4,112,116,452
03/16/2004,AMA,TX,ASW,WE,Towers with Radar,36,23,50,101,210,0,0,44,65,109,36,23,94,166,319,6,146,152,471
03/17/2004,AMA,TX,ASW,WE,Towers with Radar,27,37,38,79,181,0,2,59,75,136,27,39,97,154,317,34,114,148,465
03/18/2004,AMA,TX,ASW,WE,Towers with Radar,32,34,55,90,211,0,0,36,100,136,32,34,91,190,347,26,196,222,569
03/19/2004,AMA,TX,ASW,WE,Towers with Radar,33,43,47,94,217,0,0,25,90,115,33,43,72,184,332,4,116,120,452
03/20/2004,AMA,TX,ASW,WE,Towers with Radar,21,22,18,3,64,0,4,21,0,25,21,26,39,3,89,0,0,0,89
03/21/2004,AMA,TX,ASW,WE,Towers with Radar,37,23,33,12,105,0,0,26,34,60,37,23,59,46,165,18,90,108,273
03/22/2004,AMA,TX,ASW,WE,Towers with Radar,29,35,30,57,151,0,0,15,43,58,29,35,45,100,209,12,236,248,457
03/23/2004,AMA,TX,ASW,WE,Towers with Radar,25,35,41,46,147,0,1,14,25,40,25,36,55,71,187,0,48,48,235
03/24/2004,AMA,TX,ASW,WE,Towers with Radar,27,35,45,107,214,0,3,35,60,98,27,38,80,167,312,8,72,80,392
03/25/2004,AMA,TX,ASW,WE,Towers with Radar,26,37,40,96,199,0,0,28,54,82,26,37,68,150,281,0,285,285,566
03/26/2004,AMA,TX,ASW,WE,Towers with Radar,30,31,35,104,200,0,0,11,50,61,30,31,46,154,261,2,30,32,293
03/27/2004,AMA,TX,ASW,WE,Towers with Radar,23,28,22,0,73,0,1,14,7,22,23,29,36,7,95,10,12,22,117
03/28/2004,AMA,TX,ASW,WE,Towers with Radar,24,31,34,34,123,0,2,26,10,38,24,33,60,44,161,26,64,90,251
03/29/2004,AMA,TX,ASW,WE,Towers with Radar,25,32,33,82,172,0,1,27,57,85,25,33,60,139,257,2,160,162,419
03/30/2004,AMA,TX,ASW,WE,Towers with Radar,32,36,41,88,197,0,0,35,45,80,32,36,76,133,277,12,292,304,581
03/31/2004,AMA,TX,ASW,WE,Towers with Radar,26,34,23,26,109,0,1,44,14,59,26,35,67,40,168,30,32,62,230
04/01/2004,AMA,TX,ASW,WE,Towers with Radar,38,30,28,33,129,0,2,51,87,140,38,32,79,120,269,20,186,206,475
04/02/2004,AMA,TX,ASW,WE,Towers with Radar,27,46,33,10,116,0,0,17,10,27,27,46,50,20,143,0,44,44,187
04/03/2004,AMA,TX,ASW,WE,Towers with Radar,16,38,39,1,94,0,0,13,0,13,16,38,52,1,107,0,6,6,113
04/04/2004,AMA,TX,ASW,WE,Towers with Radar,26,38,28,7,99,0,0,13,2,15,26,38,41,9,114,8,0,8,122
04/05/2004,AMA,TX,ASW,WE,Towers with Radar,29,41,33,47,150,0,0,6,26,32,29,41,39,73,182,12,66,78,260
04/06/2004,AMA,TX,ASW,WE,Towers with Radar,25,30,33,26,114,0,0,10,16,26,25,30,43,42,140,0,0,0,140
04/07/2004,AMA,TX,ASW,WE,Towers with Radar,23,37,40,91,191,0,0,27,60,87,23,37,67,151,278,6,114,120,398
04/08/2004,AMA,TX,ASW,WE,Towers with Radar,28,40,36,1,105,0,0,29,0,29,28,40,65,1,134,8,22,30,164
04/09/2004,AMA,TX,ASW,WE,Towers with Radar,27,39,39,65,170,0,0,39,44,83,27,39,78,109,253,6,282,288,541
04/10/2004,AMA,TX,ASW,WE,Towers with Radar,16,30,31,0,77,0,0,4,0,4,16,30,35,0,81,0,0,0,81
04/11/2004,AMA,TX,ASW,WE,Towers with Radar,36,20,12,0,68,0,0,4,0,4,36,20,16,0,72,0,0,0,72
04/12/2004,AMA,TX,ASW,WE,Towers with Radar,34,41,45,16,136,0,0,11,4,15,34,41,56,20,151,0,46,46,197
04/13/2004,AMA,TX,ASW,WE,Towers with Radar,24,44,37,60,165,0,1,50,45,96,24,45,87,105,261,0,322,322,583
04/14/2004,AMA,TX,ASW,WE,Towers with Radar,27,39,26,46,138,0,0,53,39,92,27,39,79,85,230,48,248,296,526
04/15/2004,AMA,TX,ASW,WE,Towers with Radar,23,40,25,58,146,0,0,39,53,92,23,40,64,111,238,50,340,390,628
04/16/2004,AMA,TX,ASW,WE,Towers with Radar,38,34,31,32,135,0,0,38,45,83,38,34,69,77,218,17,86,103,321
04/17/2004,AMA,TX,ASW,WE,Towers with Radar,16,28,23,1,68,0,0,23,0,23,16,28,46,1,91,0,0,0,91
04/18/2004,AMA,TX,ASW,WE,Towers with Radar,19,38,27,14,98,0,0,23,7,30,19,38,50,21,128,2,4,6,134
04/19/2004,AMA,TX,ASW,WE,Towers with Radar,52,22,41,80,195,0,0,28,84,112,52,22,69,164,307,0,84,84,391
04/20/2004,AMA,TX,ASW,WE,Towers with Radar,27,34,31,115,207,0,2,20,69,91,27,36,51,184,298,0,357,357,655
04/21/2004,AMA,TX,ASW,WE,Towers with Radar,25,52,31,111,219,0,0,48,94,142,25,52,79,205,361,30,134,164,525
04/22/2004,AMA,TX,ASW,WE,Towers with Radar,37,29,36,56,158,0,0,21,106,127,37,29,57,162,285,0,160,160,445
04/23/2004,AMA,TX,ASW,WE,Towers with Radar,23,47,54,6,130,0,0,14,4,18,23,47,68,10,148,0,0,0,148
04/24/2004,AMA,TX,ASW,WE,Towers with Radar,18,31,36,0,85,0,1,24,0,25,18,32,60,0,110,0,0,0,110
04/25/2004,AMA,TX,ASW,WE,Towers with Radar,20,37,22,10,89,0,0,32,7,39,20,37,54,17,128,0,0,0,128
04/26/2004,AMA,TX,ASW,WE,Towers with Radar,32,35,38,101,206,0,1,38,60,99,32,36,76,161,305,6,162,168,473
04/27/2004,AMA,TX,ASW,WE,Towers with Radar,20,41,24,58,143,0,0,27,32,59,20,41,51,90,202,21,121,142,344
04/28/2004,AMA,TX,ASW,WE,Towers with Radar,27,43,40,40,150,0,0,23,26,49,27,43,63,66,199,8,50,58,257
04/29/2004,AMA,TX,ASW,WE,Towers with Radar,31,38,36,104,209,0,0,24,59,83,31,38,60,163,292,12,184,196,488
04/30/2004,AMA,TX,ASW,WE,Towers with Radar,24,47,26,120,217,0,0,5,14,19,24,47,31,134,236,74,66,140,376
05/01/2004,AMA,TX,ASW,WE,Towers with Radar,15,30,27,8,80,0,0,29,0,29,15,30,56,8,109,0,0,0,109
05/02/2004,AMA,TX,ASW,WE,Towers with Radar,21,45,33,34,133,0,0,48,12,60,21,45,81,46,193,10,6,16,209
05/03/2004,AMA,TX,ASW,WE,Towers with Radar,28,29,30,48,135,0,0,35,31,66,28,29,65,79,201,0,31,31,232
05/04/2004,AMA,TX,ASW,WE,Towers with Radar,29,32,32,45,138,0,3,24,48,75,29,35,56,93,213,14,25,39,252
05/05/2004,AMA,TX,ASW,WE,Towers with Radar,25,37,40,59,161,0,0,30,34,64,25,37,70,93,225,8,108,116,341
05/06/2004,AMA,TX,ASW,WE,Towers with Radar,28,37,41,28,134,0,1,7,37,45,28,38,48,65,179,8,58,66,245
05/07/2004,AMA,TX,ASW,WE,Towers with Radar,31,34,35,44,144,0,0,31,126,157,31,34,66,170,301,6,92,98,399
05/08/2004,AMA,TX,ASW,WE,Towers with Radar,22,23,15,2,62,0,1,52,0,53,22,24,67,2,115,16,8,24,139
05/09/2004,AMA,TX,ASW,WE,Towers with Radar,29,23,17,37,106,0,0,17,12,29,29,23,34,49,135,10,8,18,153
05/10/2004,AMA,TX,ASW,WE,Towers with Radar,26,42,29,82,179,0,0,23,32,55,26,42,52,114,234,0,278,278,512
05/11/2004,AMA,TX,ASW,WE,Towers with Radar,26,31,43,29,129,0,0,18,19,37,26,31,61,48,166,8,30,38,204
05/12/2004,AMA,TX,ASW,WE,Towers with Radar,26,36,31,46,139,0,2,26,40,68,26,38,57,86,207,36,210,246,453
05/13/2004,AMA,TX,ASW,WE,Towers with Radar,22,47,53,137,259,0,0,23,81,104,22,47,76,218,363,20,62,82,445
05/14/2004,AMA,TX,ASW,WE,Towers with Radar,31,37,58,147,273,0,0,55,77,132,31,37,113,224,405,22,116,138,543
05/15/2004,AMA,TX,ASW,WE,Towers with Radar,19,39,32,6,96,0,2,29,0,31,19,41,61,6,127,20,12,32,159
05/16/2004,AMA,TX,ASW,WE,Towers with Radar,30,32,31,27,120,0,0,23,6,29,30,32,54,33,149,34,8,42,191
05/17/2004,AMA,TX,ASW,WE,Towers with Radar,36,36,50,163,285,0,0,41,142,183,36,36,91,305,468,2,220,222,690
05/18/2004,AMA,TX,ASW,WE,Towers with Radar,26,39,42,89,196,10,0,24,54,88,36,39,66,143,284,16,200,216,500
05/19/2004,AMA,TX,ASW,WE,Towers with Radar,25,47,35,67,174,0,0,39,42,81,25,47,74,109,255,14,208,222,477
05/20/2004,AMA,TX,ASW,WE,Towers with Radar,37,36,30,54,157,0,2,39,51,92,37,38,69,105,249,64,128,192,441
05/21/2004,AMA,TX,ASW,WE,Towers with Radar,35,41,43,55,174,0,2,36,28,66,35,43,79,83,240,0,80,80,320
05/22/2004,AMA,TX,ASW,WE,Towers with Radar,18,23,25,5,71,0,0,59,2,61,18,23,84,7,132,12,6,18,150
05/23/2004,AMA,TX,ASW,WE,Towers with Radar,21,29,33,18,101,0,0,39,4,43,21,29,72,22,144,38,128,166,310
05/24/2004,AMA,TX,ASW,WE,Towers with Radar,24,39,36,50,149,0,0,43,43,86,24,39,79,93,235,44,298,342,577
05/25/2004,AMA,TX,ASW,WE,Towers with Radar,30,45,29,78,182,0,1,30,63,94,30,46,59,141,276,0,264,264,540
05/26/2004,AMA,TX,ASW,WE,Towers with Radar,28,36,43,43,150,0,3,37,53,93,28,39,80,96,243,0,142,142,385
05/27/2004,AMA,TX,ASW,WE,Towers with Radar,27,43,59,19,148,0,0,37,10,47,27,43,96,29,195,0,0,0,195
05/28/2004,AMA,TX,ASW,WE,Towers with Radar,23,35,31,5,94,0,0,33,8,41,23,35,64,13,135,58,0,58,193
05/29/2004,AMA,TX,ASW,WE,Towers with Radar,25,32,27,0,84,0,0,23,0,23,25,32,50,0,107,36,0,36,143
05/30/2004,AMA,TX,ASW,WE,Towers with Radar,17,22,18,0,57,0,0,24,0,24,17,22,42,0,81,8,0,8,89
05/31/2004,AMA,TX,ASW,WE,Towers with Radar,23,31,32,2,88,0,0,32,0,32,23,31,64,2,120,4,0,4,124
06/01/2004,AMA,TX,ASW,WE,Towers with Radar,22,36,28,33,119,5,5,17,24,51,27,41,45,57,170,0,118,118,288
06/02/2004,AMA,TX,ASW,WE,Towers with Radar,20,33,26,30,109,1,6,18,2,27,21,39,44,32,136,0,8,8,144
06/03/2004,AMA,TX,ASW,WE,Towers with Radar,24,40,34,40,138,0,0,32,10,42,24,40,66,50,180,18,208,226,406
06/04/2004,AMA,TX,ASW,WE,Towers with Radar,23,40,31,37,131,0,11,3,37,51,23,51,34,74,182,0,60,60,242
06/05/2004,AMA,TX,ASW,WE,Towers with Radar,11,19,14,4,48,4,12,18,0,34,15,31,32,4,82,0,24,24,106
06/06/2004,AMA,TX,ASW,WE,Towers with Radar,16,27,21,2,66,12,7,28,0,47,28,34,49,2,113,4,0,4,117
06/07/2004,AMA,TX,ASW,WE,Towers with Radar,24,39,31,36,130,3,2,23,29,57,27,41,54,65,187,2,322,324,511
06/08/2004,AMA,TX,ASW,WE,Towers with Radar,26,37,39,46,148,0,0,32,44,76,26,37,71,90,224,14,118,132,356
06/09/2004,AMA,TX,ASW,WE,Towers with Radar,22,37,29,35,123,0,0,17,27,44,22,37,46,62,167,20,70,90,257
06/10/2004,AMA,TX,ASW,WE,Towers with Radar,22,43,48,56,169,0,0,6,103,109,22,43,54,159,278,0,254,254,532
06/11/2004,AMA,TX,ASW,WE,Towers with Radar,22,37,30,33,122,1,2,33,25,61,23,39,63,58,183,36,74,110,293
06/12/2004,AMA,TX,ASW,WE,Towers with Radar,14,21,18,0,53,15,0,18,0,33,29,21,36,0,86,16,0,16,102
06/13/2004,AMA,TX,ASW,WE,Towers with Radar,2,26,21,4,53,0,9,24,0,33,2,35,45,4,86,12,0,12,98
06/14/2004,AMA,TX,ASW,WE,Towers with Radar,26,39,32,36,133,0,2,24,53,79,26,41,56,89,212,2,194,196,408
06/15/2004,AMA,TX,ASW,WE,Towers with Radar,24,36,30,33,123,0,1,29,27,57,24,37,59,60,180,0,68,68,248
06/16/2004,AMA,TX,ASW,WE,Towers with Radar,27,40,33,37,137,1,4,23,30,58,28,44,56,67,195,0,146,146,341
06/17/2004,AMA,TX,ASW,WE,Towers with Radar,25,36,36,41,138,0,0,5,74,79,25,36,41,115,217,0,218,218,435
06/18/2004,AMA,TX,ASW,WE,Towers with Radar,33,44,47,53,177,0,0,51,42,93,33,44,98,95,270,58,188,246,516
06/19/2004,AMA,TX,ASW,WE,Towers with Radar,16,22,21,12,71,8,0,27,0,35,24,22,48,12,106,24,62,86,192
06/20/2004,AMA,TX,ASW,WE,Towers with Radar,18,26,22,14,80,2,13,13,0,28,20,39,35,14,108,48,0,48,156
06/21/2004,AMA,TX,ASW,WE,Towers with Radar,25,37,31,34,127,2,1,27,14,44,27,38,58,48,171,12,62,74,245
06/22/2004,AMA,TX,ASW,WE,Towers with Radar,24,34,31,34,123,2,0,44,14,60,26,34,75,48,183,18,60,78,261
06/23/2004,AMA,TX,ASW,WE,Towers with Radar,25,41,34,38,138,0,9,39,37,85,25,50,73,75,223,14,164,178,401
06/24/2004,AMA,TX,ASW,WE,Towers with Radar,27,50,41,46,164,0,1,46,23,70,27,51,87,69,234,24,88,112,346
06/25/2004,AMA,TX,ASW,WE,Towers with Radar,27,31,35,39,132,0,0,28,23,51,27,31,63,62,183,0,0,0,183
06/26/2004,AMA,TX,ASW,WE,Towers with Radar,14,21,18,13,66,0,8,13,0,21,14,29,31,13,87,16,0,16,103
06/27/2004,AMA,TX,ASW,WE,Towers with Radar,22,34,26,31,113,0,3,31,11,45,22,37,57,42,158,0,110,110,268
06/28/2004,AMA,TX,ASW,WE,Towers with Radar,19,31,29,31,110,0,0,20,0,20,19,31,49,31,130,0,0,0,130
06/29/2004,AMA,TX,ASW,WE,Towers with Radar,22,34,26,10,92,0,4,21,0,25,22,38,47,10,117,0,0,0,117
06/30/2004,AMA,TX,ASW,WE,Towers with Radar,26,45,47,55,173,0,0,13,97,110,26,45,60,152,283,0,124,124,407
07/01/2004,AMA,TX,ASW,WE,Towers with Radar,22,40,34,32,128,0,2,37,36,75,22,42,71,68,203,0,52,52,255
07/02/2004,AMA,TX,ASW,WE,Towers with Radar,24,34,29,2,89,0,10,52,0,62,24,44,81,2,151,48,0,48,199
07/03/2004,AMA,TX,ASW,WE,Towers with Radar,16,23,20,4,63,13,1,33,0,47,29,24,53,4,110,2,0,2,112
07/04/2004,AMA,TX,ASW,WE,Towers with Radar,11,16,13,0,40,4,12,18,0,34,15,28,31,0,74,0,0,0,74
07/05/2004,AMA,TX,ASW,WE,Towers with Radar,17,26,22,6,71,2,9,43,0,54,19,35,65,6,125,38,0,38,163
07/06/2004,AMA,TX,ASW,WE,Towers with Radar,24,47,41,38,150,0,5,45,23,73,24,52,86,61,223,24,80,104,327
07/07/2004,AMA,TX,ASW,WE,Towers with Radar,22,42,36,34,134,0,1,72,8,81,22,43,108,42,215,22,30,52,267
07/08/2004,AMA,TX,ASW,WE,Towers with Radar,29,39,36,34,138,5,0,56,0,61,34,39,92,34,199,2,24,26,225
07/09/2004,AMA,TX,ASW,WE,Towers with Radar,25,40,45,42,152,0,0,21,72,93,25,40,66,114,245,14,136,150,395
07/10/2004,AMA,TX,ASW,WE,Towers with Radar,19,25,22,12,78,5,3,47,0,55,24,28,69,12,133,12,10,22,155
07/11/2004,AMA,TX,ASW,WE,Towers with Radar,19,27,24,0,70,4,11,38,0,53,23,38,62,0,123,12,0,12,135
07/12/2004,AMA,TX,ASW,WE,Towers with Radar,31,42,38,34,145,2,0,13,42,57,33,42,51,76,202,0,58,58,260
07/13/2004,AMA,TX,ASW,WE,Towers with Radar,29,28,37,33,127,4,0,22,59,85,33,28,59,92,212,0,158,158,370
07/14/2004,AMA,TX,ASW,WE,Towers with Radar,27,35,38,34,134,0,0,38,33,71,27,35,76,67,205,24,0,24,229
07/15/2004,AMA,TX,ASW,WE,Towers with Radar,23,43,39,35,140,0,5,50,21,76,23,48,89,56,216,56,140,196,412
07/16/2004,AMA,TX,ASW,WE,Towers with Radar,26,19,32,28,105,20,0,23,13,56,46,19,55,41,161,0,84,84,245
07/17/2004,AMA,TX,ASW,WE,Towers with Radar,17,25,23,3,68,0,6,58,0,64,17,31,81,3,132,26,8,34,166
07/18/2004,AMA,TX,ASW,WE,Towers with Radar,19,27,24,10,80,4,9,16,0,29,23,36,40,10,109,0,32,32,141
07/19/2004,AMA,TX,ASW,WE,Towers with Radar,28,39,36,32,135,7,0,22,65,94,35,39,58,97,229,22,74,96,325
07/20/2004,AMA,TX,ASW,WE,Towers with Radar,25,34,31,27,117,1,2,34,15,52,26,36,65,42,169,32,58,90,259
07/21/2004,AMA,TX,ASW,WE,Towers with Radar,27,37,34,30,128,3,1,37,23,64,30,38,71,53,192,22,84,106,298
07/22/2004,AMA,TX,ASW,WE,Towers with Radar,21,30,27,19,97,14,6,36,0,56,35,36,63,19,153,36,66,102,255
07/23/2004,AMA,TX,ASW,WE,Towers with Radar,31,42,38,34,145,0,2,30,24,56,31,44,68,58,201,0,40,40,241
07/24/2004,AMA,TX,ASW,WE,Towers with Radar,20,28,25,1,74,1,10,26,0,37,21,38,51,1,111,8,0,8,119
07/25/2004,AMA,TX,ASW,WE,Towers with Radar,20,35,29,6,90,0,7,17,0,24,20,42,46,6,114,0,0,0,114
07/26/2004,AMA,TX,ASW,WE,Towers with Radar,25,34,30,28,117,3,0,18,5,26,28,34,48,33,143,52,72,124,267
07/27/2004,AMA,TX,ASW,WE,Towers with Radar,24,37,32,30,123,0,4,40,14,58,24,41,72,44,181,0,92,92,273
07/28/2004,AMA,TX,ASW,WE,Towers with Radar,21,39,43,41,144,0,0,22,52,74,21,39,65,93,218,38,66,104,322
07/29/2004,AMA,TX,ASW,WE,Towers with Radar,36,39,53,50,178,0,0,20,98,118,36,39,73,148,296,18,400,418,714
07/30/2004,AMA,TX,ASW,WE,Towers with Radar,30,45,52,48,175,0,0,37,158,195,30,45,89,206,370,0,516,516,886
07/31/2004,AMA,TX,ASW,WE,Towers with Radar,12,24,21,20,77,0,7,40,3,50,12,31,61,23,127,16,54,70,197
08/01/2004,AMA,TX,ASW,WE,Towers with Radar,15,24,22,20,81,3,5,41,0,49,18,29,63,20,130,0,8,8,138
08/02/2004,AMA,TX,ASW,WE,Towers with Radar,20,33,31,36,120,5,0,37,27,69,25,33,68,63,189,18,250,268,457
08/03/2004,AMA,TX,ASW,WE,Towers with Radar,22,36,34,40,132,0,8,33,44,85,22,44,67,84,217,14,68,82,299
08/04/2004,AMA,TX,ASW,WE,Towers with Radar,23,42,40,47,152,0,4,16,77,97,23,46,56,124,249,14,286,300,549
08/05/2004,AMA,TX,ASW,WE,Towers with Radar,24,38,36,42,140,7,0,33,4,44,31,38,69,46,184,48,24,72,256
08/06/2004,AMA,TX,ASW,WE,Towers with Radar,13,30,34,1,78,0,0,24,0,24,13,30,58,1,102,0,0,0,102
08/07/2004,AMA,TX,ASW,WE,Towers with Radar,14,23,21,2,60,5,16,56,0,77,19,39,77,2,137,14,0,14,151
08/08/2004,AMA,TX,ASW,WE,Towers with Radar,16,29,27,32,104,10,12,43,81,146,26,41,70,113,250,30,96,126,376
08/09/2004,AMA,TX,ASW,WE,Towers with Radar,24,45,44,52,165,0,0,45,140,185,24,45,89,192,350,40,170,210,560
08/10/2004,AMA,TX,ASW,WE,Towers with Radar,18,36,55,42,151,0,0,3,0,3,18,36,58,42,154,24,44,68,222
08/11/2004,AMA,TX,ASW,WE,Towers with Radar,23,37,36,34,130,13,1,81,0,95,36,38,117,34,225,16,116,132,357
08/12/2004,AMA,TX,ASW,WE,Towers with Radar,30,51,49,55,185,0,1,61,13,75,30,52,110,68,260,12,184,196,456
08/13/2004,AMA,TX,ASW,WE,Towers with Radar,24,36,36,40,136,6,7,30,1,44,30,43,66,41,180,0,42,42,222
08/14/2004,AMA,TX,ASW,WE,Towers with Radar,15,23,24,12,74,0,16,29,0,45,15,39,53,12,119,16,0,16,135
08/15/2004,AMA,TX,ASW,WE,Towers with Radar,18,29,29,19,95,1,2,16,0,19,19,31,45,19,114,8,0,8,122
08/16/2004,AMA,TX,ASW,WE,Towers with Radar,18,27,27,25,97,2,11,44,0,57,20,38,71,25,154,46,30,76,230
08/17/2004,AMA,TX,ASW,WE,Towers with Radar,26,41,45,51,163,0,0,22,52,74,26,41,67,103,237,26,226,252,489
08/18/2004,AMA,TX,ASW,WE,Towers with Radar,23,36,38,43,140,0,0,55,28,83,23,36,93,71,223,0,146,146,369
08/19/2004,AMA,TX,ASW,WE,Towers with Radar,25,51,50,57,183,0,1,21,41,63,25,52,71,98,246,58,76,134,380
08/20/2004,AMA,TX,ASW,WE,Towers with Radar,21,38,46,52,157,0,0,4,61,65,21,38,50,113,222,0,12,12,234
08/21/2004,AMA,TX,ASW,WE,Towers with Radar,13,20,20,14,67,3,5,33,0,41,16,25,53,14,108,2,58,60,168
08/22/2004,AMA,TX,ASW,WE,Towers with Radar,16,23,23,26,88,5,16,16,0,37,21,39,39,26,125,0,12,12,137
08/23/2004,AMA,TX,ASW,WE,Towers with Radar,31,32,46,52,161,2,0,40,101,143,33,32,86,153,304,14,250,264,568
08/24/2004,AMA,TX,ASW,WE,Towers with Radar,24,39,39,44,146,0,3,28,53,84,24,42,67,97,230,26,114,140,370
08/25/2004,AMA,TX,ASW,WE,Towers with Radar,33,27,51,57,168,0,0,20,103,123,33,27,71,160,291,32,200,232,523
08/26/2004,AMA,TX,ASW,WE,Towers with Radar,27,40,55,62,184,0,0,30,123,153,27,40,85,185,337,4,172,176,513
08/27/2004,AMA,TX,ASW,WE,Towers with Radar,29,41,48,55,173,0,0,10,47,57,29,41,58,102,230,0,96,96,326
08/28/2004,AMA,TX,ASW,WE,Towers with Radar,12,27,25,29,93,0,6,26,35,67,12,33,51,64,160,12,0,12,172
08/29/2004,AMA,TX,ASW,WE,Towers with Radar,21,32,30,36,119,6,324,28,9,367,27,356,58,45,486,0,2,2,488
08/30/2004,AMA,TX,ASW,WE,Towers with Radar,21,32,30,23,106,3,15,16,0,34,24,47,46,23,140,12,8,20,160
08/31/2004,AMA,TX,ASW,WE,Towers with Radar,19,30,28,33,110,4,7,47,7,65,23,37,75,40,175,0,72,72,247
09/01/2004,AMA,TX,ASW,WE,Towers with Radar,23,36,49,11,119,0,3,59,12,74,23,39,108,23,193,34,172,206,399
09/02/2004,AMA,TX,ASW,WE,Towers with Radar,0,0,0,0,0,0,0,0,0,0,0,0,0,0,0,56,0,56,56
09/03/2004,AMA,TX,ASW,WE,Towers with Radar,25,40,29,74,168,0,0,34,40,74,25,40,63,114,242,8,162,170,412
09/04/2004,AMA,TX,ASW,WE,Towers with Radar,12,28,26,6,72,0,0,25,5,30,12,28,51,11,102,0,0,0,102
09/05/2004,AMA,TX,ASW,WE,Towers with Radar,23,19,17,3,62,2,0,23,1,26,25,19,40,4,88,0,0,0,88
09/06/2004,AMA,TX,ASW,WE,Towers with Radar,24,34,35,42,135,0,0,39,8,47,24,34,74,50,182,14,18,32,214
09/07/2004,AMA,TX,ASW,WE,Towers with Radar,20,46,32,64,162,0,0,35,41,76,20,46,67,105,238,18,212,230,468
09/08/2004,AMA,TX,ASW,WE,Towers with Radar,23,45,36,92,196,0,3,39,72,114,23,48,75,164,310,0,144,144,454
09/09/2004,AMA,TX,ASW,WE,Towers with Radar,0,0,0,0,0,0,0,0,0,0,0,0,0,0,0,0,144,144,144
09/10/2004,AMA,TX,ASW,WE,Towers with Radar,24,39,51,49,163,0,2,28,32,62,24,41,79,81,225,0,85,85,310
09/11/2004,AMA,TX,ASW,WE,Towers with Radar,13,20,30,14,77,0,0,34,7,41,13,20,64,21,118,12,40,52,170
09/12/2004,AMA,TX,ASW,WE,Towers with Radar,20,36,27,66,149,0,0,39,33,72,20,36,66,99,221,4,82,86,307
09/13/2004,AMA,TX,ASW,WE,Towers with Radar,28,37,31,68,164,0,2,35,27,64,28,39,66,95,228,6,144,150,378
09/14/2004,AMA,TX,ASW,WE,Towers with Radar,24,35,30,54,143,0,1,30,29,60,24,36,60,83,203,16,88,104,307
09/15/2004,AMA,TX,ASW,WE,Towers with Radar,0,0,0,0,0,0,0,0,0,0,0,0,0,0,0,10,180,190,190
09/16/2004,AMA,TX,ASW,WE,Towers with Radar,28,43,46,97,214,0,1,25,81,107,28,44,71,178,321,24,394,418,739
09/17/2004,AMA,TX,ASW,WE,Towers with Radar,19,38,35,44,136,0,2,39,37,78,19,40,74,81,214,0,228,228,442
09/18/2004,AMA,TX,ASW,WE,Towers with Radar,0,0,0,0,0,0,0,0,0,0,0,0,0,0,0,38,6,44,44
09/19/2004,AMA,TX,ASW,WE,Towers with Radar,17,27,34,14,92,0,0,15,11,26,17,27,49,25,118,0,8,8,126
09/20/2004,AMA,TX,ASW,WE,Towers with Radar,29,33,35,45,142,0,0,14,33,47,29,33,49,78,189,0,0,0,189
09/21/2004,AMA,TX,ASW,WE,Towers with Radar,22,39,56,35,152,0,0,23,15,38,22,39,79,50,190,0,0,0,190
09/22/2004,AMA,TX,ASW,WE,Towers with Radar,37,33,30,5,105,0,0,2,0,2,37,33,32,5,107,0,0,0,107
09/23/2004,AMA,TX,ASW,WE,Towers with Radar,24,48,49,66,187,0,1,36,37,74,24,49,85,103,261,10,96,106,367
09/24/2004,AMA,TX,ASW,WE,Towers with Radar,29,33,31,14,107,0,0,15,9,24,29,33,46,23,131,0,36,36,167
09/25/2004,AMA,TX,ASW,WE,Towers with Radar,13,29,34,1,77,0,0,26,4,30,13,29,60,5,107,14,0,14,121
09/26/2004,AMA,TX,ASW,WE,Towers with Radar,31,20,21,0,72,0,0,0,0,0,31,20,21,0,72,0,0,0,72
09/27/2004,AMA,TX,ASW,WE,Towers with Radar,29,40,44,4,117,0,0,11,0,11,29,40,55,4,128,0,0,0,128
09/28/2004,AMA,TX,ASW,WE,Towers with Radar,26,47,61,24,158,0,0,17,31,48,26,47,78,55,206,0,28,28,234
09/29/2004,AMA,TX,ASW,WE,Towers with Radar,26,40,54,14,134,0,0,51,6,57,26,40,105,20,191,10,16,26,217
09/30/2004,AMA,TX,ASW,WE,Towers with Radar,25,40,43,2,110,0,0,25,1,26,25,40,68,3,136,8,16,24,160
10/01/2004,AMA,TX,ASW,WE,Towers with Radar,32,39,47,161,279,0,1,31,174,206,32,40,78,335,485,2,476,478,963
10/02/2004,AMA,TX,ASW,WE,Towers with Radar,0,0,0,0,0,0,0,0,0,0,0,0,0,0,0,3,0,3,3
10/03/2004,AMA,TX,ASW,WE,Towers with Radar,23,34,19,6,82,0,0,28,1,29,23,34,47,7,111,26,0,26,137
10/04/2004,AMA,TX,ASW,WE,Towers with Radar,23,44,36,26,129,0,0,15,15,30,23,44,51,41,159,6,8,14,173
10/05/2004,AMA,TX,ASW,WE,Towers with Radar,21,36,16,4,77,0,0,0,0,0,21,36,16,4,77,0,0,0,77
10/06/2004,AMA,TX,ASW,WE,Towers with Radar,25,43,43,66,177,0,0,12,36,48,25,43,55,102,225,0,112,112,337
10/07/2004,AMA,TX,ASW,WE,Towers with Radar,26,44,48,63,181,0,0,34,54,88,26,44,82,117,269,12,148,160,429
10/08/2004,AMA,TX,ASW,WE,Towers with Radar,27,48,56,42,173,0,0,41,20,61,27,48,97,62,234,0,258,258,492
10/09/2004,AMA,TX,ASW,WE,Towers with Radar,22,21,28,3,74,0,0,24,0,24,22,21,52,3,98,28,0,28,126
10/10/2004,AMA,TX,ASW,WE,Towers with Radar,32,33,35,10,110,0,0,13,6,19,32,33,48,16,129,6,42,48,177
10/11/2004,AMA,TX,ASW,WE,Towers with Radar,32,34,59,19,144,0,0,18,1,19,32,34,77,20,163,0,40,40,203
10/12/2004,AMA,TX,ASW,WE,Towers with Radar,31,36,41,43,151,0,1,32,31,64,31,37,73,74,215,0,104,104,319
10/13/2004,AMA,TX,ASW,WE,Towers with Radar,31,38,11,16,96,0,3,39,0,42,31,41,50,16,138,0,0,0,138
10/14/2004,AMA,TX,ASW,WE,Towers with Radar,33,45,55,87,220,0,4,45,51,100,33,49,100,138,320,4,116,120,440
10/15/2004,AMA,TX,ASW,WE,Towers with Radar,25,43,30,81,179,0,1,84,39,124,25,44,114,120,303,50,164,214,517
10/16/2004,AMA,TX,ASW,WE,Towers with Radar,19,25,30,12,86,0,8,55,19,82,19,33,85,31,168,6,0,6,174
10/17/2004,AMA,TX,ASW,WE,Towers with Radar,29,30,66,42,167,0,0,59,17,76,29,30,125,59,243,0,0,0,243
10/18/2004,AMA,TX,ASW,WE,Towers with Radar,35,38,57,93,223,0,2,40,70,112,35,40,97,163,335,2,242,244,579
10/19/2004,AMA,TX,ASW,WE,Towers with Radar,31,28,45,108,212,0,1,36,72,109,31,29,81,180,321,44,128,172,493
10/20/2004,AMA,TX,ASW,WE,Towers with Radar,29,29,53,86,197,0,1,30,67,98,29,30,83,153,295,0,350,350,645
10/21/2004,AMA,TX,ASW,WE,Towers with Radar,27,44,36,68,175,0,1,27,72,100,27,45,63,140,275,0,132,132,407
10/22/2004,AMA,TX,ASW,WE,Towers with Radar,26,33,34,76,169,0,2,25,69,96,26,35,59,145,265,0,154,154,419
10/23/2004,AMA,TX,ASW,WE,Towers with Radar,18,29,28,3,78,0,0,27,0,27,18,29,55,3,105,36,0,36,141
10/24/2004,AMA,TX,ASW,WE,Towers with Radar,24,32,27,32,115,0,1,70,13,84,24,33,97,45,199,0,8,8,207
10/25/2004,AMA,TX,ASW,WE,Towers with Radar,29,31,46,60,166,0,0,33,29,62,29,31,79,89,228,16,212,228,456
10/26/2004,AMA,TX,ASW,WE,Towers with Radar,0,0,0,0,0,0,0,0,0,0,0,0,0,0,0,22,240,262,262
10/27/2004,AMA,TX,ASW,WE,Towers with Radar,35,43,53,63,194,0,0,10,44,54,35,43,63,107,248,0,0,0,248
10/28/2004,AMA,TX,ASW,WE,Towers with Radar,33,33,43,140,249,0,0,20,136,156,33,33,63,276,405,0,215,215,620
10/29/2004,AMA,TX,ASW,WE,Towers with Radar,28,39,34,96,197,0,1,29,58,88,28,40,63,154,285,0,172,172,457
10/30/2004,AMA,TX,ASW,WE,Towers with Radar,0,0,0,0,0,0,0,0,0,0,0,0,0,0,0,32,4,36,36
10/31/2004,AMA,TX,ASW,WE,Towers with Radar,31,24,36,31,122,0,0,0,0,0,31,24,36,31,122,0,0,0,122
11/01/2004,AMA,TX,ASW,WE,Combined TRACON& Tower with Radar,39,24,28,40,131,0,1,5,37,43,39,25,33,77,174,0,68,68,242
11/02/2004,AMA,TX,ASW,WE,Combined TRACON& Tower with Radar,0,0,0,0,0,0,0,0,0,0,0,0,0,0,0,0,0,0,0
11/03/2004,AMA,TX,ASW,WE,Combined TRACON& Tower with Radar,36,42,38,93,209,0,0,25,89,114,36,42,63,182,323,0,332,332,655
11/04/2004,AMA,TX,ASW,WE,Combined TRACON& Tower with Radar,32,33,37,24,126,0,0,36,8,44,32,33,73,32,170,0,36,36,206
11/05/2004,AMA,TX,ASW,WE,Combined TRACON& Tower with Radar,22,44,36,57,159,0,5,41,43,89,22,49,77,100,248,26,182,208,456
11/06/2004,AMA,TX,ASW,WE,Combined TRACON& Tower with Radar,13,30,31,2,76,0,0,27,4,31,13,30,58,6,107,0,0,0,107
11/07/2004,AMA,TX,ASW,WE,Combined TRACON& Tower with Radar,29,37,31,13,110,0,0,42,6,48,29,37,73,19,158,0,0,0,158
11/08/2004,AMA,TX,ASW,WE,Combined TRACON& Tower with Radar,26,33,28,57,144,0,1,16,44,61,26,34,44,101,205,2,100,102,307
11/09/2004,AMA,TX,ASW,WE,Combined TRACON& Tower with Radar,31,36,41,52,160,0,1,7,25,33,31,37,48,77,193,0,32,32,225
11/10/2004,AMA,TX,ASW,WE,Combined TRACON& Tower with Radar,30,38,70,31,169,0,0,21,12,33,30,38,91,43,202,0,35,35,237
11/11/2004,AMA,TX,ASW,WE,Combined TRACON& Tower with Radar,29,35,46,9,119,0,0,17,5,22,29,35,63,14,141,10,4,14,155
11/12/2004,AMA,TX,ASW,WE,Combined TRACON& Tower with Radar,30,49,31,35,145,0,0,4,3,7,30,49,35,38,152,0,0,0,152
11/13/2004,AMA,TX,ASW,WE,Combined TRACON& Tower with Radar,17,24,4,0,45,0,0,0,0,0,17,24,4,0,45,0,0,0,45
11/14/2004,AMA,TX,ASW,WE,Combined TRACON& Tower with Radar,26,31,16,0,73,0,0,0,0,0,26,31,16,0,73,0,0,0,73
11/15/2004,AMA,TX,ASW,WE,Combined TRACON& Tower with Radar,43,25,28,41,137,0,0,2,26,28,43,25,30,67,165,0,0,0,165
11/16/2004,AMA,TX,ASW,WE,Combined TRACON& Tower with Radar,0,0,0,0,0,0,0,0,0,0,0,0,0,0,0,0,0,0,0
11/17/2004,AMA,TX,ASW,WE,Combined TRACON& Tower with Radar,33,36,38,32,139,0,0,7,23,30,33,36,45,55,169,140,0,140,309
11/18/2004,AMA,TX,ASW,WE,Combined TRACON& Tower with Radar,30,42,51,105,228,0,0,3,75,78,30,42,54,180,306,0,0,0,306
11/19/2004,AMA,TX,ASW,WE,Combined TRACON& Tower with Radar,31,44,50,60,185,0,1,35,44,80,31,45,85,104,265,0,102,102,367
11/20/2004,AMA,TX,ASW,WE,Combined TRACON& Tower with Radar,25,20,17,2,64,0,0,0,0,0,25,20,17,2,64,0,0,0,64
11/21/2004,AMA,TX,ASW,WE,Combined TRACON& Tower with Radar,28,35,18,0,81,0,0,0,0,0,28,35,18,0,81,0,0,0,81
11/22/2004,AMA,TX,ASW,WE,Combined TRACON& Tower with Radar,25,34,48,74,181,0,0,8,74,82,25,34,56,148,263,4,94,98,361
11/23/2004,AMA,TX,ASW,WE,Combined TRACON& Tower with Radar,0,0,0,0,0,0,0,0,0,0,0,0,0,0,0,0,0,0,0
11/24/2004,AMA,TX,ASW,WE,Combined TRACON& Tower with Radar,43,42,41,50,176,0,0,15,35,50,43,42,56,85,226,0,128,128,354
11/25/2004,AMA,TX,ASW,WE,Combined TRACON& Tower with Radar,23,19,6,0,48,0,0,10,0,10,23,19,16,0,58,0,0,0,58
11/26/2004,AMA,TX,ASW,WE,Combined TRACON& Tower with Radar,0,0,0,0,0,0,0,0,0,0,0,0,0,0,0,0,0,0,0
11/27/2004,AMA,TX,ASW,WE,Combined TRACON& Tower with Radar,24,19,29,9,81,0,0,46,6,52,24,19,75,15,133,44,2,46,179
11/28/2004,AMA,TX,ASW,WE,Combined TRACON& Tower with Radar,23,38,42,3,106,0,0,24,0,24,23,38,66,3,130,12,4,16,146
11/29/2004,AMA,TX,ASW,WE,Combined TRACON& Tower with Radar,54,25,33,16,128,0,0,0,10,10,54,25,33,26,138,14,0,14,152
11/30/2004,AMA,TX,ASW,WE,Combined TRACON& Tower with Radar,37,34,41,88,200,0,0,27,54,81,37,34,68,142,281,0,262,262,543
12/01/2004,AMA,TX,ASW,WE,Combined TRACON& Tower with Radar,32,27,30,64,153,0,2,34,65,101,32,29,64,129,254,24,148,172,426
12/02/2004,AMA,TX,ASW,WE,Combined TRACON& Tower with Radar,30,48,52,71,201,0,1,41,43,85,30,49,93,114,286,8,132,140,426
12/03/2004,AMA,TX,ASW,WE,Combined TRACON& Tower with Radar,33,28,39,41,141,0,2,47,22,71,33,30,86,63,212,30,82,112,324
12/04/2004,AMA,TX,ASW,WE,Combined TRACON& Tower with Radar,14,54,18,37,123,0,9,52,17,78,14,63,70,54,201,8,86,94,295
12/05/2004,AMA,TX,ASW,WE,Combined TRACON& Tower with Radar,35,29,33,56,153,0,0,20,38,58,35,29,53,94,211,62,194,256,467
12/06/2004,AMA,TX,ASW,WE,Combined TRACON& Tower with Radar,37,42,30,101,210,0,1,12,101,114,37,43,42,202,324,0,184,184,508
12/07/2004,AMA,TX,ASW,WE,Combined TRACON& Tower with Radar,29,43,31,124,227,0,2,33,111,146,29,45,64,235,373,0,208,208,581
12/08/2004,AMA,TX,ASW,WE,Combined TRACON& Tower with Radar,34,33,50,58,175,0,0,44,71,115,34,33,94,129,290,0,366,366,656
12/09/2004,AMA,TX,ASW,WE,Combined TRACON& Tower with Radar,23,47,38,69,177,0,0,22,37,59,23,47,60,106,236,0,187,187,423
12/10/2004,AMA,TX,ASW,WE,Combined TRACON& Tower with Radar,26,50,42,64,182,0,1,46,33,80,26,51,88,97,262,10,133,143,405
12/11/2004,AMA,TX,ASW,WE,Combined TRACON& Tower with Radar,18,33,33,9,93,0,0,46,9,55,18,33,79,18,148,32,0,32,180
12/12/2004,AMA,TX,ASW,WE,Combined TRACON& Tower with Radar,30,30,30,65,155,0,0,28,20,48,30,30,58,85,203,2,0,2,205
12/13/2004,AMA,TX,ASW,WE,Combined TRACON& Tower with Radar,38,25,25,61,149,0,1,22,43,66,38,26,47,104,215,28,144,172,387
12/14/2004,AMA,TX,ASW,WE,Combined TRACON& Tower with Radar,35,26,44,102,207,0,0,29,58,87,35,26,73,160,294,14,286,300,594
12/15/2004,AMA,TX,ASW,WE,Combined TRACON& Tower with Radar,37,25,34,92,188,0,3,51,57,111,37,28,85,149,299,0,384,384,683
12/16/2004,AMA,TX,ASW,WE,Combined TRACON& Tower with Radar,35,34,25,154,248,0,2,25,122,149,35,36,50,276,397,0,162,162,559
12/17/2004,AMA,TX,ASW,WE,Combined TRACON& Tower with Radar,32,34,46,68,180,0,1,41,50,92,32,35,87,118,272,4,78,82,354
12/18/2004,AMA,TX,ASW,WE,Combined TRACON& Tower with Radar,21,31,36,2,90,0,0,29,6,35,21,31,65,8,125,16,0,16,141
12/19/2004,AMA,TX,ASW,WE,Combined TRACON& Tower with Radar,25,31,23,28,107,0,0,24,19,43,25,31,47,47,150,20,18,38,188
12/20/2004,AMA,TX,ASW,WE,Combined TRACON& Tower with Radar,0,0,0,0,0,0,0,0,0,0,0,0,0,0,0,30,344,374,374
12/21/2004,AMA,TX,ASW,WE,Combined TRACON& Tower with Radar,38,39,34,43,154,0,1,56,23,80,38,40,90,66,234,20,122,142,376
12/22/2004,AMA,TX,ASW,WE,Combined TRACON& Tower with Radar,34,41,13,16,104,0,0,1,13,14,34,41,14,29,118,0,0,0,118
12/23/2004,AMA,TX,ASW,WE,Combined TRACON& Tower with Radar,30,46,26,0,102,0,0,0,0,0,30,46,26,0,102,0,0,0,102
12/24/2004,AMA,TX,ASW,WE,Combined TRACON& Tower with Radar,23,37,12,0,72,0,0,11,0,11,23,37,23,0,83,0,0,0,83
12/25/2004,AMA,TX,ASW,WE,Combined TRACON& Tower with Radar,19,22,8,0,49,0,0,5,0,5,19,22,13,0,54,0,0,0,54
12/26/2004,AMA,TX,ASW,WE,Combined TRACON& Tower with Radar,28,35,32,0,95,0,0,26,2,28,28,35,58,2,123,10,12,22,145
12/27/2004,AMA,TX,ASW,WE,Combined TRACON& Tower with Radar,44,30,58,2,134,0,0,0,0,0,44,30,58,2,134,24,0,24,158
12/28/2004,AMA,TX,ASW,WE,Combined TRACON& Tower with Radar,38,25,24,16,103,0,0,20,8,28,38,25,44,24,131,0,0,0,131
12/29/2004,AMA,TX,ASW,WE,Combined TRACON& Tower with Radar,36,31,22,4,93,0,1,22,0,23,36,32,44,4,116,2,6,8,124
12/30/2004,AMA,TX,ASW,WE,Combined TRACON& Tower with Radar,27,43,24,17,111,0,1,18,14,33,27,44,42,31,144,0,42,42,186
12/31/2004,AMA,TX,ASW,WE,Combined TRACON& Tower with Radar,20,39,17,7,83,0,1,18,5,24,20,40,35,12,107,0,0,0,107
01/01/2005,AMA,TX,ASW,WE,Combined TRACON& Tower with Radar,22,19,30,0,71,0,1,5,0,6,22,20,35,0,77,0,0,0,77
01/02/2005,AMA,TX,ASW,WE,Combined TRACON& Tower with Radar,30,28,34,0,92,0,0,17,2,19,30,28,51,2,111,0,0,0,111
01/03/2005,AMA,TX,ASW,WE,Combined TRACON& Tower with Radar,24,32,38,24,118,0,0,2,28,30,24,32,40,52,148,4,44,48,196
01/04/2005,AMA,TX,ASW,WE,Combined TRACON& Tower with Radar,29,19,14,16,78,0,0,0,11,11,29,19,14,27,89,0,0,0,89
01/05/2005,AMA,TX,ASW,WE,Combined TRACON& Tower with Radar,35,31,39,0,105,0,0,2,0,2,35,31,41,0,107,0,0,0,107
01/06/2005,AMA,TX,ASW,WE,Combined TRACON& Tower with Radar,29,19,16,16,80,0,0,0,11,11,29,19,16,27,91,0,10,10,101
01/07/2005,AMA,TX,ASW,WE,Combined TRACON& Tower with Radar,23,38,31,111,203,0,2,26,57,85,23,40,57,168,288,16,126,142,430
01/08/2005,AMA,TX,ASW,WE,Combined TRACON& Tower with Radar,15,28,21,5,69,0,0,17,1,18,15,28,38,6,87,4,0,4,91
01/09/2005,AMA,TX,ASW,WE,Combined TRACON& Tower with Radar,0,0,0,0,0,0,0,0,0,0,0,0,0,0,0,8,30,38,38
01/10/2005,AMA,TX,ASW,WE,Combined TRACON& Tower with Radar,28,29,36,42,135,0,0,27,17,44,28,29,63,59,179,16,46,62,241
01/11/2005,AMA,TX,ASW,WE,Combined TRACON& Tower with Radar,33,32,39,120,224,0,0,21,88,109,33,32,60,208,333,12,350,362,695
01/12/2005,AMA,TX,ASW,WE,Combined TRACON& Tower with Radar,27,32,35,60,154,0,0,9,25,34,27,32,44,85,188,0,36,36,224
01/13/2005,AMA,TX,ASW,WE,Combined TRACON& Tower with Radar,29,44,27,104,204,0,1,27,59,87,29,45,54,163,291,4,120,124,415
01/14/2005,AMA,TX,ASW,WE,Combined TRACON& Tower with Radar,29,43,37,174,283,0,2,31,107,140,29,45,68,281,423,0,166,166,589
01/15/2005,AMA,TX,ASW,WE,Combined TRACON& Tower with Radar,12,25,15,29,81,0,0,5,6,11,12,25,20,35,92,0,4,4,96
01/16/2005,AMA,TX,ASW,WE,Combined TRACON& Tower with Radar,0,0,0,0,0,0,0,0,0,0,0,0,0,0,0,0,0,0,0
01/17/2005,AMA,TX,ASW,WE,Combined TRACON& Tower with Radar,33,21,30,37,121,0,0,20,15,35,33,21,50,52,156,0,6,6,162
01/18/2005,AMA,TX,ASW,WE,Combined TRACON& Tower with Radar,29,29,22,48,128,0,1,37,38,76,29,30,59,86,204,30,96,126,330
01/19/2005,AMA,TX,ASW,WE,Combined TRACON& Tower with Radar,32,31,37,75,175,0,2,39,40,81,32,33,76,115,256,180,422,602,858
01/20/2005,AMA,TX,ASW,WE,Combined TRACON& Tower with Radar,30,39,40,107,216,0,2,47,58,107,30,41,87,165,323,0,168,168,491
01/21/2005,AMA,TX,ASW,WE,Combined TRACON& Tower with Radar,25,35,44,104,208,0,2,50,65,117,25,37,94,169,325,22,220,242,567
01/22/2005,AMA,TX,ASW,WE,Combined TRACON& Tower with Radar,17,28,21,12,78,0,0,16,4,20,17,28,37,16,98,0,46,46,144
01/23/2005,AMA,TX,ASW,WE,Combined TRACON& Tower with Radar,24,33,37,20,114,0,0,25,8,33,24,33,62,28,147,8,0,8,155
01/24/2005,AMA,TX,ASW,WE,Combined TRACON& Tower with Radar,31,35,33,63,162,0,0,35,37,72,31,35,68,100,234,30,280,310,544
01/25/2005,AMA,TX,ASW,WE,Combined TRACON& Tower with Radar,30,48,41,49,168,0,2,42,32,76,30,50,83,81,244,88,236,324,568
01/26/2005,AMA,TX,ASW,WE,Combined TRACON& Tower with Radar,28,34,48,75,185,0,2,36,67,105,28,36,84,142,290,24,146,170,460
01/27/2005,AMA,TX,ASW,WE,Combined TRACON& Tower with Radar,0,0,0,0,0,0,0,0,0,0,0,0,0,0,0,0,62,62,62
01/28/2005,AMA,TX,ASW,WE,Combined TRACON& Tower with Radar,0,0,0,0,0,0,0,0,0,0,0,0,0,0,0,0,0,0,0
01/29/2005,AMA,TX,ASW,WE,Combined TRACON& Tower with Radar,12,25,12,0,49,0,0,14,2,16,12,25,26,2,65,12,0,12,77
01/30/2005,AMA,TX,ASW,WE,Combined TRACON& Tower with Radar,0,0,0,0,0,0,0,0,0,0,0,0,0,0,0,0,0,0,0
01/31/2005,AMA,TX,ASW,WE,Combined TRACON& Tower with Radar,31,46,47,60,184,0,0,0,32,32,31,46,47,92,216,0,0,0,216
02/01/2005,AMA,TX,ASW,WE,Combined TRACON& Tower with Radar,28,33,33,13,107,0,0,0,3,3,28,33,33,16,110,0,0,0,110
02/02/2005,AMA,TX,ASW,WE,Combined TRACON& Tower with Radar,28,26,47,28,129,0,0,34,22,56,28,26,81,50,185,8,252,260,445
02/03/2005,AMA,TX,ASW,WE,Combined TRACON& Tower with Radar,25,39,47,92,203,0,0,56,68,124,25,39,103,160,327,0,270,270,597
02/04/2005,AMA,TX,ASW,WE,Combined TRACON& Tower with Radar,27,41,61,129,258,0,1,53,81,135,27,42,114,210,393,16,226,242,635
02/05/2005,AMA,TX,ASW,WE,Combined TRACON& Tower with Radar,15,25,20,1,61,0,0,33,2,35,15,25,53,3,96,30,66,96,192
02/06/2005,AMA,TX,ASW,WE,Combined TRACON& Tower with Radar,29,21,11,17,78,0,0,4,18,22,29,21,15,35,100,0,0,0,100
02/07/2005,AMA,TX,ASW,WE,Combined TRACON& Tower with Radar,29,28,34,90,181,0,0,19,73,92,29,28,53,163,273,0,64,64,337
02/08/2005,AMA,TX,ASW,WE,Combined TRACON& Tower with Radar,32,37,23,59,151,0,0,7,48,55,32,37,30,107,206,0,60,60,266
02/09/2005,AMA,TX,ASW,WE,Combined TRACON& Tower with Radar,31,37,45,91,204,0,1,41,48,90,31,38,86,139,294,2,180,182,476
02/10/2005,AMA,TX,ASW,WE,Combined TRACON& Tower with Radar,28,41,42,111,222,3,0,49,86,138,31,41,91,197,360,0,96,96,456
02/11/2005,AMA,TX,ASW,WE,Combined TRACON& Tower with Radar,0,0,0,0,0,0,0,0,0,0,0,0,0,0,0,16,134,150,150
02/12/2005,AMA,TX,ASW,WE,Combined TRACON& Tower with Radar,26,16,18,7,67,0,0,18,2,20,26,16,36,9,87,0,6,6,93
02/13/2005,AMA,TX,ASW,WE,Combined TRACON& Tower with Radar,28,23,18,23,92,0,0,28,8,36,28,23,46,31,128,38,56,94,222
02/14/2005,AMA,TX,ASW,WE,Combined TRACON& Tower with Radar,33,36,23,58,150,0,0,44,49,93,33,36,67,107,243,12,264,276,519
02/15/2005,AMA,TX,ASW,WE,Combined TRACON& Tower with Radar,33,27,29,99,188,0,0,33,59,92,33,27,62,158,280,2,110,112,392
02/16/2005,AMA,TX,ASW,WE,Combined TRACON& Tower with Radar,34,27,31,60,152,0,0,23,44,67,34,27,54,104,219,0,60,60,279
02/17/2005,AMA,TX,ASW,WE,Combined TRACON& Tower with Radar,0,0,0,0,0,0,0,0,0,0,0,0,0,0,0,10,580,590,590
02/18/2005,AMA,TX,ASW,WE,Combined TRACON& Tower with Radar,26,41,60,16,143,0,0,1,1,2,26,41,61,17,145,8,4,12,157
02/19/2005,AMA,TX,ASW,WE,Combined TRACON& Tower with Radar,16,30,20,10,76,0,0,21,6,27,16,30,41,16,103,22,0,22,125
02/20/2005,AMA,TX,ASW,WE,Combined TRACON& Tower with Radar,27,22,18,5,72,0,0,16,3,19,27,22,34,8,91,18,12,30,121
02/21/2005,AMA,TX,ASW,WE,Combined TRACON& Tower with Radar,31,30,30,18,109,0,0,48,1,49,31,30,78,19,158,4,0,4,162
02/22/2005,AMA,TX,ASW,WE,Combined TRACON& Tower with Radar,25,36,48,110,219,0,0,28,111,139,25,36,76,221,358,16,134,150,508
02/23/2005,AMA,TX,ASW,WE,Combined TRACON& Tower with Radar,33,31,26,7,97,0,0,0,1,1,33,31,26,8,98,0,0,0,98
02/24/2005,AMA,TX,ASW,WE,Combined TRACON& Tower with Radar,23,42,46,39,150,0,0,20,26,46,23,42,66,65,196,0,106,106,302
02/25/2005,AMA,TX,ASW,WE,Combined TRACON& Tower with Radar,25,42,45,49,161,0,0,38,26,64,25,42,83,75,225,6,166,172,397
02/26/2005,AMA,TX,ASW,WE,Combined TRACON& Tower with Radar,14,27,12,8,61,0,0,14,0,14,14,27,26,8,75,18,2,20,95
02/27/2005,AMA,TX,ASW,WE,Combined TRACON& Tower with Radar,34,37,52,28,151,2,0,36,4,42,36,37,88,32,193,0,0,0,193
02/28/2005,AMA,TX,ASW,WE,Combined TRACON& Tower with Radar,35,24,37,60,156,0,0,40,23,63,35,24,77,83,219,46,258,304,523
03/01/2005,AMA,TX,ASW,WE,Combined TRACON& Tower with Radar,33,26,25,112,196,0,1,21,74,96,33,27,46,186,292,0,270,270,562
03/02/2005,AMA,TX,ASW,WE,Combined TRACON& Tower with Radar,33,33,50,93,209,0,1,55,81,137,33,34,105,174,346,88,256,344,690
03/03/2005,AMA,TX,ASW,WE,Combined TRACON& Tower with Radar,31,38,43,65,177,0,3,28,55,86,31,41,71,120,263,0,198,198,461
03/04/2005,AMA,TX,ASW,WE,Combined TRACON& Tower with Radar,27,39,33,42,141,0,3,18,15,36,27,42,51,57,177,12,66,78,255
03/05/2005,AMA,TX,ASW,WE,Combined TRACON& Tower with Radar,0,0,0,0,0,0,0,0,0,0,0,0,0,0,0,28,8,36,36
03/06/2005,AMA,TX,ASW,WE,Combined TRACON& Tower with Radar,25,26,36,28,115,0,1,15,6,22,25,27,51,34,137,6,96,102,239
03/07/2005,AMA,TX,ASW,WE,Combined TRACON& Tower with Radar,27,28,34,54,143,0,1,39,79,119,27,29,73,133,262,0,112,112,374
03/08/2005,AMA,TX,ASW,WE,Combined TRACON& Tower with Radar,27,36,32,76,171,0,2,37,52,91,27,38,69,128,262,12,184,196,458
03/09/2005,AMA,TX,ASW,WE,Combined TRACON& Tower with Radar,31,27,31,80,169,0,2,39,54,95,31,29,70,134,264,18,192,210,474
03/10/2005,AMA,TX,ASW,WE,Combined TRACON& Tower with Radar,0,0,0,0,0,0,0,0,0,0,0,0,0,0,0,26,192,218,218
03/11/2005,AMA,TX,ASW,WE,Combined TRACON& Tower with Radar,31,42,36,92,201,0,2,43,55,100,31,44,79,147,301,56,224,280,581
03/12/2005,AMA,TX,ASW,WE,Combined TRACON& Tower with Radar,13,24,27,10,74,0,0,36,11,47,13,24,63,21,121,8,12,20,141
03/13/2005,AMA,TX,ASW,WE,Combined TRACON& Tower with Radar,31,24,15,18,88,0,0,28,6,34,31,24,43,24,122,54,50,104,226
03/14/2005,AMA,TX,ASW,WE,Combined TRACON& Tower with Radar,30,38,49,20,137,0,0,19,5,24,30,38,68,25,161,0,26,26,187
03/15/2005,AMA,TX,ASW,WE,Combined TRACON& Tower with Radar,24,27,20,0,71,0,0,2,0,2,24,27,22,0,73,0,0,0,73
03/16/2005,AMA,TX,ASW,WE,Combined TRACON& Tower with Radar,35,28,41,23,127,0,0,30,22,52,35,28,71,45,179,0,88,88,267
03/17/2005,AMA,TX,ASW,WE,Combined TRACON& Tower with Radar,25,40,41,95,201,0,0,37,92,129,25,40,78,187,330,72,256,328,658
03/18/2005,AMA,TX,ASW,WE,Combined TRACON& Tower with Radar,27,35,40,81,183,0,3,26,47,76,27,38,66,128,259,0,126,126,385
03/19/2005,AMA,TX,ASW,WE,Combined TRACON& Tower with Radar,0,0,0,0,0,0,0,0,0,0,0,0,0,0,0,10,104,114,114
03/20/2005,AMA,TX,ASW,WE,Combined TRACON& Tower with Radar,20,33,47,21,121,0,0,41,10,51,20,33,88,31,172,40,58,98,270
03/21/2005,AMA,TX,ASW,WE,Combined TRACON& Tower with Radar,32,32,34,47,145,0,1,14,58,73,32,33,48,105,218,0,180,180,398
03/22/2005,AMA,TX,ASW,WE,Combined TRACON& Tower with Radar,30,39,33,83,185,0,1,29,53,83,30,40,62,136,268,0,308,308,576
03/23/2005,AMA,TX,ASW,WE,Combined TRACON& Tower with Radar,37,26,43,34,140,0,0,20,13,33,37,26,63,47,173,0,20,20,193
03/24/2005,AMA,TX,ASW,WE,Combined TRACON& Tower with Radar,27,41,44,88,200,0,1,22,61,84,27,42,66,149,284,16,88,104,388
03/25/2005,AMA,TX,ASW,WE,Combined TRACON& Tower with Radar,29,37,40,81,187,0,0,13,59,72,29,37,53,140,259,16,134,150,409
03/26/2005,AMA,TX,ASW,WE,Combined TRACON& Tower with Radar,0,0,0,0,0,0,0,0,0,0,0,0,0,0,0,0,0,0,0
03/27/2005,AMA,TX,ASW,WE,Combined TRACON& Tower with Radar,26,24,27,6,83,0,0,19,4,23,26,24,46,10,106,0,0,0,106
03/28/2005,AMA,TX,ASW,WE,Combined TRACON& Tower with Radar,39,22,41,14,116,0,0,0,0,0,39,22,41,14,116,10,118,128,244
03/29/2005,AMA,TX,ASW,WE,Combined TRACON& Tower with Radar,37,29,48,21,135,0,2,35,18,55,37,31,83,39,190,0,28,28,218
03/30/2005,AMA,TX,ASW,WE,Combined TRACON& Tower with Radar,26,34,39,51,150,0,0,0,0,0,26,34,39,51,150,12,40,52,202
03/31/2005,AMA,TX,ASW,WE,Combined TRACON& Tower with Radar,0,0,0,0,0,0,0,0,0,0,0,0,0,0,0,14,6,20,20
04/01/2005,AMA,TX,ASW,WE,Combined TRACON& Tower with Radar,20,42,28,47,137,0,3,26,41,70,20,45,54,88,207,110,28,138,345
04/02/2005,AMA,TX,ASW,WE,Combined TRACON& Tower with Radar,23,39,30,18,110,0,0,58,7,65,23,39,88,25,175,14,24,38,213
04/03/2005,AMA,TX,ASW,WE,Combined TRACON& Tower with Radar,31,29,39,18,117,0,0,43,4,47,31,29,82,22,164,10,10,20,184
04/04/2005,AMA,TX,ASW,WE,Combined TRACON& Tower with Radar,30,38,31,69,168,0,3,18,85,106,30,41,49,154,274,0,236,236,510
04/05/2005,AMA,TX,ASW,WE,Combined TRACON& Tower with Radar,31,37,30,2,100,0,1,9,0,10,31,38,39,2,110,0,18,18,128
04/06/2005,AMA,TX,ASW,WE,Combined TRACON& Tower with Radar,0,0,0,0,0,0,0,0,0,0,0,0,0,0,0,0,24,24,24
04/07/2005,AMA,TX,ASW,WE,Combined TRACON& Tower with Radar,0,0,0,58,58,0,0,0,32,32,0,0,0,90,90,0,0,0,90
04/08/2005,AMA,TX,ASW,WE,Combined TRACON& Tower with Radar,25,46,28,9,108,0,1,29,1,31,25,47,57,10,139,0,12,12,151
04/09/2005,AMA,TX,ASW,WE,Combined TRACON& Tower with Radar,17,30,14,10,71,0,0,34,13,47,17,30,48,23,118,0,2,2,120
04/10/2005,AMA,TX,ASW,WE,Combined TRACON& Tower with Radar,28,30,24,39,121,0,0,21,1,22,28,30,45,40,143,0,18,18,161
04/11/2005,AMA,TX,ASW,WE,Combined TRACON& Tower with Radar,28,32,26,47,133,0,0,24,25,49,28,32,50,72,182,0,114,114,296
04/12/2005,AMA,TX,ASW,WE,Combined TRACON& Tower with Radar,32,34,30,46,142,0,0,29,24,53,32,34,59,70,195,4,34,38,233
04/13/2005,AMA,TX,ASW,WE,Combined TRACON& Tower with Radar,32,38,33,61,164,0,0,28,27,55,32,38,61,88,219,10,72,82,301
04/14/2005,AMA,TX,ASW,WE,Combined TRACON& Tower with Radar,30,41,39,23,133,0,1,35,3,39,30,42,74,26,172,10,16,26,198
04/15/2005,AMA,TX,ASW,WE,Combined TRACON& Tower with Radar,31,48,29,27,135,0,1,21,27,49,31,49,50,54,184,0,78,78,262
04/16/2005,AMA,TX,ASW,WE,Combined TRACON& Tower with Radar,15,34,12,9,70,0,2,30,4,36,15,36,42,13,106,6,8,14,120
04/17/2005,AMA,TX,ASW,WE,Combined TRACON& Tower with Radar,22,39,29,7,97,0,0,18,1,19,22,39,47,8,116,0,0,0,116
04/18/2005,AMA,TX,ASW,WE,Combined TRACON& Tower with Radar,31,36,49,25,141,0,1,33,24,58,31,37,82,49,199,70,134,204,403
04/19/2005,AMA,TX,ASW,WE,Combined TRACON& Tower with Radar,44,22,40,76,182,0,1,25,86,112,44,23,65,162,294,120,50,170,464
04/20/2005,AMA,TX,ASW,WE,Combined TRACON& Tower with Radar,32,47,45,139,263,0,3,42,66,111,32,50,87,205,374,36,236,272,646
04/21/2005,AMA,TX,ASW,WE,Combined TRACON& Tower with Radar,28,40,50,77,195,0,1,36,81,118,28,41,86,158,313,30,122,152,465
04/22/2005,AMA,TX,ASW,WE,Combined TRACON& Tower with Radar,38,40,43,55,176,0,2,32,38,72,38,42,75,93,248,0,190,190,438
04/23/2005,AMA,TX,ASW,WE,Combined TRACON& Tower with Radar,18,32,31,6,87,0,0,48,3,51,18,32,79,9,138,0,0,0,138
04/24/2005,AMA,TX,ASW,WE,Combined TRACON& Tower with Radar,30,30,25,4,89,0,0,0,0,0,30,30,25,4,89,0,0,0,89
04/25/2005,AMA,TX,ASW,WE,Combined TRACON& Tower with Radar,29,42,26,114,211,0,0,19,45,64,29,42,45,159,275,0,190,190,465
04/26/2005,AMA,TX,ASW,WE,Combined TRACON& Tower with Radar,36,32,26,54,148,0,0,16,37,53,36,32,42,91,201,12,332,344,545
04/27/2005,AMA,TX,ASW,WE,Combined TRACON& Tower with Radar,33,35,30,29,127,0,3,33,11,47,33,38,63,40,174,16,206,222,396
04/28/2005,AMA,TX,ASW,WE,Combined TRACON& Tower with Radar,0,0,0,0,0,0,0,0,0,0,0,0,0,0,0,36,146,182,182
04/29/2005,AMA,TX,ASW,WE,Combined TRACON& Tower with Radar,31,44,33,6,114,0,0,9,2,11,31,44,42,8,125,0,24,24,149
04/30/2005,AMA,TX,ASW,WE,Combined TRACON& Tower with Radar,13,27,23,24,87,0,0,32,10,42,13,27,55,34,129,0,56,56,185
05/01/2005,AMA,TX,ASW,WE,Combined TRACON& Tower with Radar,22,35,30,13,100,0,0,21,1,22,22,35,51,14,122,20,22,42,164
05/02/2005,AMA,TX,ASW,WE,Combined TRACON& Tower with Radar,27,41,31,3,102,0,0,5,2,7,27,41,36,5,109,0,0,0,109
05/03/2005,AMA,TX,ASW,WE,Combined TRACON& Tower with Radar,30,39,49,3,121,0,0,5,0,5,30,39,54,3,126,0,0,0,126
05/04/2005,AMA,TX,ASW,WE,Combined TRACON& Tower with Radar,0,0,0,0,0,0,0,0,0,0,0,0,0,0,0,8,42,50,50
05/05/2005,AMA,TX,ASW,WE,Combined TRACON& Tower with Radar,31,44,37,57,169,0,3,8,44,55,31,47,45,101,224,10,120,130,354
05/06/2005,AMA,TX,ASW,WE,Combined TRACON& Tower with Radar,23,45,37,43,148,0,1,27,23,51,23,46,64,66,199,0,20,20,219
05/07/2005,AMA,TX,ASW,WE,Combined TRACON& Tower with Radar,21,28,25,14,88,0,0,35,6,41,21,28,60,20,129,0,2,2,131
05/08/2005,AMA,TX,ASW,WE,Combined TRACON& Tower with Radar,34,19,21,33,107,0,0,23,19,42,34,19,44,52,149,48,20,68,217
05/09/2005,AMA,TX,ASW,WE,Combined TRACON& Tower with Radar,33,32,36,46,147,0,2,33,29,64,33,34,69,75,211,98,192,290,501
05/10/2005,AMA,TX,ASW,WE,Combined TRACON& Tower with Radar,25,38,43,73,179,0,2,28,101,131,25,40,71,174,310,12,274,286,596
05/11/2005,AMA,TX,ASW,WE,Combined TRACON& Tower with Radar,28,51,50,75,204,0,19,39,69,127,28,70,89,144,331,22,88,110,441
05/12/2005,AMA,TX,ASW,WE,Combined TRACON& Tower with Radar,0,0,0,0,0,0,0,0,0,0,0,0,0,0,0,0,120,120,120
05/13/2005,AMA,TX,ASW,WE,Combined TRACON& Tower with Radar,28,45,52,47,172,0,1,29,23,53,28,46,81,70,225,0,24,24,249
05/14/2005,AMA,TX,ASW,WE,Combined TRACON& Tower with Radar,22,25,19,14,80,0,0,35,10,45,22,25,54,24,125,14,10,24,149
05/15/2005,AMA,TX,ASW,WE,Combined TRACON& Tower with Radar,27,33,28,22,110,0,0,18,7,25,27,33,46,29,135,4,2,6,141
05/16/2005,AMA,TX,ASW,WE,Combined TRACON& Tower with Radar,33,30,31,36,130,0,0,38,16,54,33,30,69,52,184,62,34,96,280
05/17/2005,AMA,TX,ASW,WE,Combined TRACON& Tower with Radar,31,35,42,72,180,0,12,20,48,80,31,47,62,120,260,29,150,179,439
05/18/2005,AMA,TX,ASW,WE,Combined TRACON& Tower with Radar,0,0,0,0,0,0,0,0,0,0,0,0,0,0,0,36,192,228,228
05/19/2005,AMA,TX,ASW,WE,Combined TRACON& Tower with Radar,32,46,36,60,174,0,1,73,86,160,32,47,109,146,334,26,116,142,476
05/20/2005,AMA,TX,ASW,WE,Combined TRACON& Tower with Radar,35,48,24,71,178,0,2,97,66,165,35,50,121,137,343,90,132,222,565
05/21/2005,AMA,TX,ASW,WE,Combined TRACON& Tower with Radar,18,25,19,0,62,0,0,89,1,90,18,25,108,1,152,92,4,96,248
05/22/2005,AMA,TX,ASW,WE,Combined TRACON& Tower with Radar,30,29,34,1,94,0,0,53,1,54,30,29,87,2,148,8,0,8,156
05/23/2005,AMA,TX,ASW,WE,Combined TRACON& Tower with Radar,49,31,25,76,181,0,3,29,64,96,49,34,54,140,277,36,302,338,615
05/24/2005,AMA,TX,ASW,WE,Combined TRACON& Tower with Radar,35,37,50,31,153,0,1,31,12,44,35,38,81,43,197,24,78,102,299
05/25/2005,AMA,TX,ASW,WE,Combined TRACON& Tower with Radar,32,44,45,76,197,0,1,20,60,81,32,45,65,136,278,24,148,172,450
05/26/2005,AMA,TX,ASW,WE,Combined TRACON& Tower with Radar,23,46,46,36,151,0,0,26,43,69,23,46,72,79,220,8,96,104,324
05/27/2005,AMA,TX,ASW,WE,Combined TRACON& Tower with Radar,32,39,40,18,129,0,0,17,13,30,32,39,57,31,159,0,42,42,201
05/28/2005,AMA,TX,ASW,WE,Combined TRACON& Tower with Radar,13,35,13,3,64,0,36,12,0,48,13,71,25,3,112,40,0,40,152
05/29/2005,AMA,TX,ASW,WE,Combined TRACON& Tower with Radar,18,21,14,2,55,0,0,0,0,0,18,21,14,2,55,18,0,18,73
05/30/2005,AMA,TX,ASW,WE,Combined TRACON& Tower with Radar,26,32,24,4,86,0,0,17,0,17,26,32,41,4,103,24,20,44,147
05/31/2005,AMA,TX,ASW,WE,Combined TRACON& Tower with Radar,34,42,26,40,142,0,0,12,25,37,34,42,38,65,179,18,10,28,207
06/01/2005,AMA,TX,ASW,WE,Combined TRACON& Tower with Radar,28,41,41,79,189,0,0,40,58,98,28,41,81,137,287,16,124,140,427
06/02/2005,AMA,TX,ASW,WE,Combined TRACON& Tower with Radar,26,48,40,62,176,0,1,23,61,85,26,49,63,123,261,8,106,114,375
06/03/2005,AMA,TX,ASW,WE,Combined TRACON& Tower with Radar,26,46,34,58,164,0,1,7,22,30,26,47,41,80,194,12,46,58,252
06/04/2005,AMA,TX,ASW,WE,Combined TRACON& Tower with Radar,12,27,26,1,66,0,0,0,0,0,12,27,26,1,66,32,0,32,98
06/05/2005,AMA,TX,ASW,WE,Combined TRACON& Tower with Radar,21,35,31,4,91,0,0,36,1,37,21,35,67,5,128,78,0,78,206
06/06/2005,AMA,TX,ASW,WE,Combined TRACON& Tower with Radar,33,35,26,57,151,0,2,12,45,59,33,37,38,102,210,14,142,156,366
06/07/2005,AMA,TX,ASW,WE,Combined TRACON& Tower with Radar,39,33,57,66,195,0,1,27,44,72,39,34,84,110,267,10,64,74,341
06/08/2005,AMA,TX,ASW,WE,Combined TRACON& Tower with Radar,36,30,41,41,148,2,0,35,98,135,38,30,76,139,283,28,132,160,443
06/09/2005,AMA,TX,ASW,WE,Combined TRACON& Tower with Radar,23,49,61,58,191,0,0,36,22,58,23,49,97,80,249,14,90,104,353
06/10/2005,AMA,TX,ASW,WE,Combined TRACON& Tower with Radar,26,48,39,15,128,0,0,5,10,15,26,48,44,25,143,0,0,0,143
06/11/2005,AMA,TX,ASW,WE,Combined TRACON& Tower with Radar,12,21,43,6,82,0,0,13,2,15,12,21,56,8,97,0,24,24,121
06/12/2005,AMA,TX,ASW,WE,Combined TRACON& Tower with Radar,26,29,20,1,76,0,0,8,1,9,26,29,28,2,85,0,0,0,85
06/13/2005,AMA,TX,ASW,WE,Combined TRACON& Tower with Radar,33,30,43,96,202,0,1,56,83,140,33,31,99,179,342,32,176,208,550
06/14/2005,AMA,TX,ASW,WE,Combined TRACON& Tower with Radar,32,36,49,78,195,0,0,55,79,134,32,36,104,157,329,28,156,184,513
06/15/2005,AMA,TX,ASW,WE,Combined TRACON& Tower with Radar,39,38,41,32,150,0,1,37,44,82,39,39,78,76,232,80,70,150,382
06/16/2005,AMA,TX,ASW,WE,Combined TRACON& Tower with Radar,30,42,41,69,182,0,0,42,90,132,30,42,83,159,314,68,390,458,772
06/17/2005,AMA,TX,ASW,WE,Combined TRACON& Tower with Radar,30,50,39,76,195,0,2,42,49,93,30,52,81,125,288,80,266,346,634
06/18/2005,AMA,TX,ASW,WE,Combined TRACON& Tower with Radar,14,24,21,6,65,0,0,31,1,32,14,24,52,7,97,0,0,0,97
06/19/2005,AMA,TX,ASW,WE,Combined TRACON& Tower with Radar,22,46,20,23,111,0,8,24,5,37,22,54,44,28,148,28,28,56,204
06/20/2005,AMA,TX,ASW,WE,Combined TRACON& Tower with Radar,36,40,35,23,134,0,0,34,19,53,36,40,69,42,187,18,140,158,345
06/21/2005,AMA,TX,ASW,WE,Combined TRACON& Tower with Radar,34,41,38,30,143,0,1,43,49,93,34,42,81,79,236,2,86,88,324
06/22/2005,AMA,TX,ASW,WE,Combined TRACON& Tower with Radar,30,40,49,24,143,0,1,42,16,59,30,41,91,40,202,0,90,90,292
06/23/2005,AMA,TX,ASW,WE,Combined TRACON& Tower with Radar,24,49,42,108,223,0,8,41,105,154,24,57,83,213,377,10,286,296,673
06/24/2005,AMA,TX,ASW,WE,Combined TRACON& Tower with Radar,26,48,24,47,145,0,5,28,37,70,26,53,52,84,215,6,190,196,411
06/25/2005,AMA,TX,ASW,WE,Combined TRACON& Tower with Radar,13,23,21,0,57,0,0,49,0,49,13,23,70,0,106,32,0,32,138
06/26/2005,AMA,TX,ASW,WE,Combined TRACON& Tower with Radar,34,24,25,16,99,0,0,22,4,26,34,24,47,20,125,10,12,22,147
06/27/2005,AMA,TX,ASW,WE,Combined TRACON& Tower with Radar,34,41,45,70,190,0,1,48,49,98,34,42,93,119,288,6,174,180,468
06/28/2005,AMA,TX,ASW,WE,Combined TRACON& Tower with Radar,35,27,42,56,160,0,1,31,72,104,35,28,73,128,264,16,326,342,606
06/29/2005,AMA,TX,ASW,WE,Combined TRACON& Tower with Radar,0,0,0,0,0,0,0,0,0,0,0,0,0,0,0,18,60,78,78
06/30/2005,AMA,TX,ASW,WE,Combined TRACON& Tower with Radar,31,43,50,46,170,0,3,34,36,73,31,46,84,82,243,12,252,264,507
07/01/2005,AMA,TX,ASW,WE,Combined TRACON& Tower with Radar,29,35,35,11,110,0,0,65,1,66,29,35,100,12,176,96,0,96,272
07/02/2005,AMA,TX,ASW,WE,Combined TRACON& Tower with Radar,14,24,23,2,63,0,0,37,1,38,14,24,60,3,101,0,0,0,101
07/03/2005,AMA,TX,ASW,WE,Combined TRACON& Tower with Radar,15,24,3,0,42,0,0,22,0,22,15,24,25,0,64,0,0,0,64
07/04/2005,AMA,TX,ASW,WE,Combined TRACON& Tower with Radar,23,40,37,2,102,0,0,30,0,30,23,40,67,2,132,10,0,10,142
07/05/2005,AMA,TX,ASW,WE,Combined TRACON& Tower with Radar,37,31,45,80,193,0,1,34,65,100,37,32,79,145,293,4,128,132,425
07/06/2005,AMA,TX,ASW,WE,Combined TRACON& Tower with Radar,43,32,32,62,169,0,1,24,47,72,43,33,56,109,241,16,26,42,283
07/07/2005,AMA,TX,ASW,WE,Combined TRACON& Tower with Radar,0,0,0,0,0,0,0,0,0,0,0,0,0,0,0,0,230,230,230
07/08/2005,AMA,TX,ASW,WE,Combined TRACON& Tower with Radar,38,33,46,24,141,0,2,43,11,56,38,35,89,35,197,56,116,172,369
07/09/2005,AMA,TX,ASW,WE,Combined TRACON& Tower with Radar,15,33,33,2,83,0,0,32,4,36,15,33,65,6,119,0,0,0,119
07/10/2005,AMA,TX,ASW,WE,Combined TRACON& Tower with Radar,35,25,28,10,98,0,0,44,1,45,35,25,72,11,143,0,0,0,143
07/11/2005,AMA,TX,ASW,WE,Combined TRACON& Tower with Radar,43,36,38,57,174,0,0,34,74,108,43,36,72,131,282,26,162,188,470
07/12/2005,AMA,TX,ASW,WE,Combined TRACON& Tower with Radar,34,40,54,66,194,0,2,48,46,96,34,42,102,112,290,12,106,118,408
07/13/2005,AMA,TX,ASW,WE,Combined TRACON& Tower with Radar,35,39,31,23,128,0,4,54,17,75,35,43,85,40,203,24,82,106,309
07/14/2005,AMA,TX,ASW,WE,Combined TRACON& Tower with Radar,25,37,57,46,165,36,5,39,39,119,61,42,96,85,284,70,176,246,530
07/15/2005,AMA,TX,ASW,WE,Combined TRACON& Tower with Radar,27,41,35,60,163,0,2,37,34,73,27,43,72,94,236,74,336,410,646
07/16/2005,AMA,TX,ASW,WE,Combined TRACON& Tower with Radar,20,23,25,12,80,0,0,29,11,40,20,23,54,23,120,0,0,0,120
07/17/2005,AMA,TX,ASW,WE,Combined TRACON& Tower with Radar,45,24,32,16,117,0,0,55,1,56,45,24,87,17,173,10,0,10,183
07/18/2005,AMA,TX,ASW,WE,Combined TRACON& Tower with Radar,43,35,37,35,150,0,0,27,21,48,43,35,64,56,198,18,56,74,272
07/19/2005,AMA,TX,ASW,WE,Combined TRACON& Tower with Radar,32,45,31,43,151,0,19,34,36,89,32,64,65,79,240,28,94,122,362
07/20/2005,AMA,TX,ASW,WE,Combined TRACON& Tower with Radar,34,52,47,19,152,0,0,50,17,67,34,52,97,36,219,32,38,70,289
07/21/2005,AMA,TX,ASW,WE,Combined TRACON& Tower with Radar,27,49,59,38,173,0,1,38,38,77,27,50,97,76,250,29,226,255,505
07/22/2005,AMA,TX,ASW,WE,Combined TRACON& Tower with Radar,25,41,46,13,125,0,4,53,10,67,25,45,99,23,192,46,24,70,262
07/23/2005,AMA,TX,ASW,WE,Combined TRACON& Tower with Radar,18,28,19,9,74,0,1,40,7,48,18,29,59,16,122,0,0,0,122
07/24/2005,AMA,TX,ASW,WE,Combined TRACON& Tower with Radar,35,25,25,3,88,0,0,36,0,36,35,25,61,3,124,22,0,22,146
07/25/2005,AMA,TX,ASW,WE,Combined TRACON& Tower with Radar,29,44,26,49,148,3,9,20,23,55,32,53,46,72,203,33,122,155,358
07/26/2005,AMA,TX,ASW,WE,Combined TRACON& Tower with Radar,31,40,48,32,151,0,1,23,19,43,31,41,71,51,194,96,92,188,382
07/27/2005,AMA,TX,ASW,WE,Combined TRACON& Tower with Radar,38,40,58,73,209,0,1,30,49,80,38,41,88,122,289,500,140,640,929
07/28/2005,AMA,TX,ASW,WE,Combined TRACON& Tower with Radar,27,42,45,87,201,0,1,63,65,129,27,43,108,152,330,36,210,246,576
07/29/2005,AMA,TX,ASW,WE,Combined TRACON& Tower with Radar,33,48,42,62,185,0,1,49,41,91,33,49,91,103,276,22,162,184,460
07/30/2005,AMA,TX,ASW,WE,Combined TRACON& Tower with Radar,17,26,14,10,67,0,0,37,5,42,17,26,51,15,109,4,0,4,113
07/31/2005,AMA,TX,ASW,WE,Combined TRACON& Tower with Radar,30,27,20,2,79,0,0,44,0,44,30,27,64,2,123,48,0,48,171
08/01/2005,AMA,TX,ASW,WE,Combined TRACON& Tower with Radar,35,49,30,42,156,0,2,32,31,65,35,51,62,73,221,22,122,144,365
08/02/2005,AMA,TX,ASW,WE,Combined TRACON& Tower with Radar,28,44,32,77,181,0,3,33,65,101,28,47,65,142,282,42,236,278,560
08/03/2005,AMA,TX,ASW,WE,Combined TRACON& Tower with Radar,21,42,52,43,158,0,1,38,43,82,21,43,90,86,240,26,94,120,360
08/04/2005,AMA,TX,ASW,WE,Combined TRACON& Tower with Radar,28,39,32,28,127,0,4,23,9,36,28,43,55,37,163,14,46,60,223
08/05/2005,AMA,TX,ASW,WE,Combined TRACON& Tower with Radar,24,46,57,38,165,0,2,13,24,39,24,48,70,62,204,0,34,34,238
08/06/2005,AMA,TX,ASW,WE,Combined TRACON& Tower with Radar,12,26,21,1,60,0,0,39,4,43,12,26,60,5,103,38,10,48,151
08/07/2005,AMA,TX,ASW,WE,Combined TRACON& Tower with Radar,31,28,28,11,98,0,0,15,4,19,31,28,43,15,117,14,18,32,149
08/08/2005,AMA,TX,ASW,WE,Combined TRACON& Tower with Radar,41,38,50,49,178,0,2,43,37,82,41,40,93,86,260,50,216,266,526
08/09/2005,AMA,TX,ASW,WE,Combined TRACON& Tower with Radar,26,54,39,66,185,0,3,30,50,83,26,57,69,116,268,86,144,230,498
08/10/2005,AMA,TX,ASW,WE,Combined TRACON& Tower with Radar,25,45,48,50,168,0,5,47,42,94,25,50,95,92,262,32,14,46,308
08/11/2005,AMA,TX,ASW,WE,Combined TRACON& Tower with Radar,24,49,20,27,120,0,1,32,6,39,24,50,52,33,159,66,82,148,307
08/12/2005,AMA,TX,ASW,WE,Combined TRACON& Tower with Radar,32,37,48,23,140,2,1,52,19,74,34,38,100,42,214,10,148,158,372
08/13/2005,AMA,TX,ASW,WE,Combined TRACON& Tower with Radar,26,17,38,0,81,0,0,10,1,11,26,17,48,1,92,22,0,22,114
08/14/2005,AMA,TX,ASW,WE,Combined TRACON& Tower with Radar,42,24,30,2,98,0,0,3,0,3,42,24,33,2,101,0,0,0,101
08/15/2005,AMA,TX,ASW,WE,Combined TRACON& Tower with Radar,36,30,32,21,119,0,0,6,14,20,36,30,38,35,139,70,42,112,251
08/16/2005,AMA,TX,ASW,WE,Combined TRACON& Tower with Radar,20,37,38,53,148,0,0,22,19,41,20,37,60,72,189,14,44,58,247
08/17/2005,AMA,TX,ASW,WE,Combined TRACON& Tower with Radar,39,37,8,98,182,0,0,0,56,56,39,37,8,154,238,18,294,312,550
08/18/2005,AMA,TX,ASW,WE,Combined TRACON& Tower with Radar,0,0,0,0,0,0,0,0,0,0,0,0,0,0,0,40,260,300,300
08/19/2005,AMA,TX,ASW,WE,Combined TRACON& Tower with Radar,25,48,46,53,172,0,1,47,36,84,25,49,93,89,256,0,154,154,410
08/20/2005,AMA,TX,ASW,WE,Combined TRACON& Tower with Radar,38,6,23,10,77,0,0,41,13,54,38,6,64,23,131,16,6,22,153
08/21/2005,AMA,TX,ASW,WE,Combined TRACON& Tower with Radar,35,28,26,4,93,0,0,11,1,12,35,28,37,5,105,10,0,10,115
08/22/2005,AMA,TX,ASW,WE,Combined TRACON& Tower with Radar,29,36,43,113,221,0,2,31,100,133,29,38,74,213,354,38,286,324,678
08/23/2005,AMA,TX,ASW,WE,Combined TRACON& Tower with Radar,35,41,45,76,197,0,19,29,60,108,35,60,74,136,305,56,214,270,575
08/24/2005,AMA,TX,ASW,WE,Combined TRACON& Tower with Radar,32,41,70,37,180,0,5,73,35,113,32,46,143,72,293,40,240,280,573
08/25/2005,AMA,TX,ASW,WE,Combined TRACON& Tower with Radar,39,33,62,103,237,0,2,52,48,102,39,35,114,151,339,42,148,190,529
08/26/2005,AMA,TX,ASW,WE,Combined TRACON& Tower with Radar,37,34,40,58,169,0,4,45,30,79,37,38,85,88,248,8,50,58,306
08/27/2005,AMA,TX,ASW,WE,Combined TRACON& Tower with Radar,18,23,28,18,87,0,0,48,8,56,18,23,76,26,143,30,74,104,247
08/28/2005,AMA,TX,ASW,WE,Combined TRACON& Tower with Radar,33,23,17,24,97,0,0,17,7,24,33,23,34,31,121,0,26,26,147
08/29/2005,AMA,TX,ASW,WE,Combined TRACON& Tower with Radar,28,40,26,92,186,0,9,56,85,150,28,49,82,177,336,92,202,294,630
08/30/2005,AMA,TX,ASW,WE,Combined TRACON& Tower with Radar,24,38,31,78,171,0,7,42,68,117,24,45,73,146,288,60,216,276,564
08/31/2005,AMA,TX,ASW,WE,Combined TRACON& Tower with Radar,0,0,0,0,0,0,0,0,0,0,0,0,0,0,0,30,208,238,238
09/01/2005,AMA,TX,ASW,WE,Combined TRACON& Tower with Radar,37,37,38,65,177,0,4,38,41,83,37,41,76,106,260,8,200,208,468
09/02/2005,AMA,TX,ASW,WE,Combined TRACON& Tower with Radar,22,43,39,42,146,0,4,39,57,100,22,47,78,99,246,8,112,120,366
09/03/2005,AMA,TX,ASW,WE,Combined TRACON& Tower with Radar,14,30,20,13,77,0,0,39,2,41,14,30,59,15,118,6,0,6,124
09/04/2005,AMA,TX,ASW,WE,Combined TRACON& Tower with Radar,16,29,15,8,68,0,0,6,1,7,16,29,21,9,75,0,6,6,81
09/05/2005,AMA,TX,ASW,WE,Combined TRACON& Tower with Radar,22,36,22,13,93,0,0,23,5,28,22,36,45,18,121,0,4,4,125
09/06/2005,AMA,TX,ASW,WE,Combined TRACON& Tower with Radar,38,47,23,34,142,0,6,29,10,45,38,53,52,44,187,14,30,44,231
09/07/2005,AMA,TX,ASW,WE,Combined TRACON& Tower with Radar,31,41,35,10,117,0,51,31,6,88,31,92,66,16,205,68,2,70,275
09/08/2005,AMA,TX,ASW,WE,Combined TRACON& Tower with Radar,29,37,31,25,122,0,5,30,7,42,29,42,61,32,164,0,8,8,172
09/09/2005,AMA,TX,ASW,WE,Combined TRACON& Tower with Radar,24,45,33,29,131,0,4,22,8,34,24,49,55,37,165,14,34,48,213
09/10/2005,AMA,TX,ASW,WE,Combined TRACON& Tower with Radar,16,17,18,5,56,0,0,23,3,26,16,17,41,8,82,0,0,0,82
09/11/2005,AMA,TX,ASW,WE,Combined TRACON& Tower with Radar,23,34,28,8,93,0,0,18,0,18,23,34,46,8,111,0,0,0,111
09/12/2005,AMA,TX,ASW,WE,Combined TRACON& Tower with Radar,25,44,29,5,103,0,2,9,1,12,25,46,38,6,115,2,0,2,117
09/13/2005,AMA,TX,ASW,WE,Combined TRACON& Tower with Radar,25,45,39,18,127,0,2,31,2,35,25,47,70,20,162,6,0,6,168
09/14/2005,AMA,TX,ASW,WE,Combined TRACON& Tower with Radar,31,41,49,16,137,0,2,24,10,36,31,43,73,26,173,8,12,20,193
09/15/2005,AMA,TX,ASW,WE,Combined TRACON& Tower with Radar,30,40,43,32,145,0,1,33,15,49,30,41,76,47,194,0,50,50,244
09/16/2005,AMA,TX,ASW,WE,Combined TRACON& Tower with Radar,28,58,19,43,148,0,1,40,26,67,28,59,59,69,215,28,50,78,293
09/17/2005,AMA,TX,ASW,WE,Combined TRACON& Tower with Radar,21,19,24,24,88,0,0,20,4,24,21,19,44,28,112,0,0,0,112
09/18/2005,AMA,TX,ASW,WE,Combined TRACON& Tower with Radar,28,35,21,11,95,0,0,32,2,34,28,35,53,13,129,2,2,4,133
09/19/2005,AMA,TX,ASW,WE,Combined TRACON& Tower with Radar,34,32,38,17,121,0,2,28,8,38,34,34,66,25,159,6,18,24,183
09/20/2005,AMA,TX,ASW,WE,Combined TRACON& Tower with Radar,35,32,34,20,121,0,3,31,8,42,35,35,65,28,163,3,14,17,180
09/21/2005,AMA,TX,ASW,WE,Combined TRACON& Tower with Radar,0,0,0,0,0,0,0,0,0,0,0,0,0,0,0,4,18,22,22
09/22/2005,AMA,TX,ASW,WE,Combined TRACON& Tower with Radar,0,0,0,0,0,0,0,0,0,0,0,0,0,0,0,10,64,74,74
09/23/2005,AMA,TX,ASW,WE,Combined TRACON& Tower with Radar,37,30,49,12,128,0,6,31,8,45,37,36,80,20,173,4,10,14,187
09/24/2005,AMA,TX,ASW,WE,Combined TRACON& Tower with Radar,21,27,18,3,69,0,0,20,7,27,21,27,38,10,96,0,0,0,96
09/25/2005,AMA,TX,ASW,WE,Combined TRACON& Tower with Radar,30,14,26,4,74,0,0,16,1,17,30,14,42,5,91,0,6,6,97
09/26/2005,AMA,TX,ASW,WE,Combined TRACON& Tower with Radar,45,30,39,3,117,0,2,18,0,20,45,32,57,3,137,0,0,0,137
09/27/2005,AMA,TX,ASW,WE,Combined TRACON& Tower with Radar,30,46,49,4,129,0,2,23,2,27,30,48,72,6,156,0,0,0,156
09/28/2005,AMA,TX,ASW,WE,Combined TRACON& Tower with Radar,32,34,38,8,112,0,2,21,1,24,32,36,59,9,136,0,0,0,136
09/29/2005,AMA,TX,ASW,WE,Combined TRACON& Tower with Radar,39,26,36,2,103,0,3,31,2,36,39,29,67,4,139,10,6,16,155
09/30/2005,AMA,TX,ASW,WE,Combined TRACON& Tower with Radar,0,0,0,0,0,0,0,0,0,0,0,0,0,0,0,0,0,0,0
10/01/2005,AMA,TX,ASW,WE,Combined TRACON& Tower with Radar,20,31,26,1,78,0,4,22,5,31,20,35,48,6,109,20,0,20,129
10/02/2005,AMA,TX,ASW,WE,Combined TRACON& Tower with Radar,33,31,23,2,89,0,0,32,0,32,33,31,55,2,121,0,0,0,121
10/03/2005,AMA,TX,ASW,WE,Combined TRACON& Tower with Radar,36,39,32,4,111,0,2,31,0,33,36,41,63,4,144,6,12,18,162
10/04/2005,AMA,TX,ASW,WE,Combined TRACON& Tower with Radar,40,44,36,26,146,0,1,34,15,50,40,45,70,41,196,52,110,162,358
10/05/2005,AMA,TX,ASW,WE,Combined TRACON& Tower with Radar,29,41,38,4,112,0,2,19,2,23,29,43,57,6,135,2,0,2,137
10/06/2005,AMA,TX,ASW,WE,Combined TRACON& Tower with Radar,36,30,39,0,105,0,0,17,0,17,36,30,56,0,122,36,0,36,158
10/07/2005,AMA,TX,ASW,WE,Combined TRACON& Tower with Radar,41,46,63,14,164,0,4,39,5,48,41,50,102,19,212,0,0,0,212
10/08/2005,AMA,TX,ASW,WE,Combined TRACON& Tower with Radar,15,36,29,15,95,0,0,34,4,38,15,36,63,19,133,12,0,12,145
10/09/2005,AMA,TX,ASW,WE,Combined TRACON& Tower with Radar,24,36,20,0,80,0,0,22,0,22,24,36,42,0,102,0,0,0,102
10/10/2005,AMA,TX,ASW,WE,Combined TRACON& Tower with Radar,24,32,26,2,84,0,2,3,0,5,24,34,29,2,89,0,0,0,89
10/11/2005,AMA,TX,ASW,WE,Combined TRACON& Tower with Radar,28,40,32,12,112,0,11,16,6,33,28,51,48,18,145,44,192,236,381
10/12/2005,AMA,TX,ASW,WE,Combined TRACON& Tower with Radar,0,0,0,0,0,0,0,0,0,0,0,0,0,0,0,10,30,40,40
10/13/2005,AMA,TX,ASW,WE,Combined TRACON& Tower with Radar,17,39,45,7,108,0,1,36,2,39,17,40,81,9,147,18,10,28,175
10/14/2005,AMA,TX,ASW,WE,Combined TRACON& Tower with Radar,0,0,0,0,0,0,0,0,0,0,0,0,0,0,0,52,10,62,62
10/15/2005,AMA,TX,ASW,WE,Combined TRACON& Tower with Radar,25,35,22,14,96,0,22,27,44,93,25,57,49,58,189,14,0,14,203
10/16/2005,AMA,TX,ASW,WE,Combined TRACON& Tower with Radar,22,41,27,13,103,0,3,30,4,37,22,44,57,17,140,28,0,28,168
10/17/2005,AMA,TX,ASW,WE,Combined TRACON& Tower with Radar,29,45,41,7,122,0,2,32,1,35,29,47,73,8,157,15,0,15,172
10/18/2005,AMA,TX,ASW,WE,Combined TRACON& Tower with Radar,35,30,32,7,104,0,6,37,1,44,35,36,69,8,148,60,0,60,208
10/19/2005,AMA,TX,ASW,WE,Combined TRACON& Tower with Radar,27,35,31,4,97,0,3,30,3,36,27,38,61,7,133,0,0,0,133
10/20/2005,AMA,TX,ASW,WE,Combined TRACON& Tower with Radar,29,37,38,47,151,0,0,49,28,77,29,37,87,75,228,10,70,80,308
10/21/2005,AMA,TX,ASW,WE,Combined TRACON& Tower with Radar,24,36,48,53,161,0,12,38,47,97,24,48,86,100,258,0,120,120,378
10/22/2005,AMA,TX,ASW,WE,Combined TRACON& Tower with Radar,29,28,22,4,83,0,0,30,2,32,29,28,52,6,115,0,10,10,125
10/23/2005,AMA,TX,ASW,WE,Combined TRACON& Tower with Radar,26,29,28,5,88,0,0,15,1,16,26,29,43,6,104,0,0,0,104
10/24/2005,AMA,TX,ASW,WE,Combined TRACON& Tower with Radar,32,36,43,26,137,0,4,46,9,59,32,40,89,35,196,58,38,96,292
10/25/2005,AMA,TX,ASW,WE,Combined TRACON& Tower with Radar,24,42,40,21,127,0,1,36,23,60,24,43,76,44,187,26,104,130,317
10/26/2005,AMA,TX,ASW,WE,Combined TRACON& Tower with Radar,29,42,26,14,111,0,2,38,5,45,29,44,64,19,156,44,0,44,200
10/27/2005,AMA,TX,ASW,WE,Combined TRACON& Tower with Radar,0,0,0,0,0,0,0,0,0,0,0,0,0,0,0,0,14,14,14
10/28/2005,AMA,TX,ASW,WE,Combined TRACON& Tower with Radar,30,43,55,17,145,0,2,23,8,33,30,45,78,25,178,146,76,222,400
10/29/2005,AMA,TX,ASW,WE,Combined TRACON& Tower with Radar,19,25,16,0,60,0,0,23,0,23,19,25,39,0,83,0,0,0,83
10/30/2005,AMA,TX,ASW,WE,Combined TRACON& Tower with Radar,20,31,25,7,83,0,0,33,3,36,20,31,58,10,119,0,0,0,119
10/31/2005,AMA,TX,ASW,WE,Combined TRACON& Tower with Radar,34,25,24,20,103,0,11,21,24,56,34,36,45,44,159,18,120,138,297
11/01/2005,AMA,TX,ASW,WE,Combined TRACON& Tower with Radar,34,30,28,15,107,0,1,27,15,43,34,31,55,30,150,44,72,116,266
11/02/2005,AMA,TX,ASW,WE,Combined TRACON& Tower with Radar,25,47,23,11,106,0,5,20,3,28,25,52,43,14,134,0,22,22,156
11/03/2005,AMA,TX,ASW,WE,Combined TRACON& Tower with Radar,24,47,37,5,113,0,2,29,6,37,24,49,66,11,150,0,0,0,150
11/04/2005,AMA,TX,ASW,WE,Combined TRACON& Tower with Radar,28,49,49,9,135,0,5,35,4,44,28,54,84,13,179,44,24,68,247
11/05/2005,AMA,TX,ASW,WE,Combined TRACON& Tower with Radar,16,22,19,9,66,0,0,27,4,31,16,22,46,13,97,24,36,60,157
11/06/2005,AMA,TX,ASW,WE,Combined TRACON& Tower with Radar,22,40,24,14,100,0,0,26,7,33,22,40,50,21,133,24,56,80,213
11/07/2005,AMA,TX,ASW,WE,Combined TRACON& Tower with Radar,30,47,21,4,102,0,27,33,2,62,30,74,54,6,164,62,50,112,276
11/08/2005,AMA,TX,ASW,WE,Combined TRACON& Tower with Radar,24,39,40,11,114,0,2,19,2,23,24,41,59,13,137,0,16,16,153
11/09/2005,AMA,TX,ASW,WE,Combined TRACON& Tower with Radar,0,0,0,0,0,0,0,0,0,0,0,0,0,0,0,0,42,42,42
11/10/2005,AMA,TX,ASW,WE,Combined TRACON& Tower with Radar,24,41,53,16,134,0,5,36,0,41,24,46,89,16,175,8,34,42,217
11/11/2005,AMA,TX,ASW,WE,Combined TRACON& Tower with Radar,25,46,32,0,103,0,0,29,0,29,25,46,61,0,132,0,0,0,132
11/12/2005,AMA,TX,ASW,WE,Combined TRACON& Tower with Radar,16,35,43,6,100,0,0,29,2,31,16,35,72,8,131,22,20,42,173
11/13/2005,AMA,TX,ASW,WE,Combined TRACON& Tower with Radar,21,33,26,14,94,0,0,28,7,35,21,33,54,21,129,0,16,16,145
11/14/2005,AMA,TX,ASW,WE,Combined TRACON& Tower with Radar,38,34,42,12,126,0,0,18,2,20,38,34,60,14,146,0,8,8,154
11/15/2005,AMA,TX,ASW,WE,Combined TRACON& Tower with Radar,21,45,39,8,113,0,1,15,0,16,21,46,54,8,129,0,0,0,129
11/16/2005,AMA,TX,ASW,WE,Combined TRACON& Tower with Radar,22,47,31,13,113,0,4,29,4,37,22,51,60,17,150,0,20,20,170
11/17/2005,AMA,TX,ASW,WE,Combined TRACON& Tower with Radar,44,30,38,11,123,0,4,31,2,37,44,34,69,13,160,14,24,38,198
11/18/2005,AMA,TX,ASW,WE,Combined TRACON& Tower with Radar,38,44,40,31,153,0,2,35,26,63,38,46,75,57,216,8,40,48,264
11/19/2005,AMA,TX,ASW,WE,Combined TRACON& Tower with Radar,17,35,30,20,102,0,0,30,11,41,17,35,60,31,143,10,0,10,153
11/20/2005,AMA,TX,ASW,WE,Combined TRACON& Tower with Radar,24,38,36,10,108,0,0,26,4,30,24,38,62,14,138,26,8,34,172
11/21/2005,AMA,TX,ASW,WE,Combined TRACON& Tower with Radar,24,40,40,21,125,0,37,19,14,70,24,77,59,35,195,0,108,108,303
11/22/2005,AMA,TX,ASW,WE,Combined TRACON& Tower with Radar,24,53,35,50,162,0,3,32,17,52,24,56,67,67,214,20,74,94,308
11/23/2005,AMA,TX,ASW,WE,Combined TRACON& Tower with Radar,29,38,47,32,146,0,7,31,18,56,29,45,78,50,202,88,156,244,446
11/24/2005,AMA,TX,ASW,WE,Combined TRACON& Tower with Radar,28,19,10,0,57,0,0,21,0,21,28,19,31,0,78,11,24,35,113
11/25/2005,AMA,TX,ASW,WE,Combined TRACON& Tower with Radar,27,20,19,0,66,0,0,36,0,36,27,20,55,0,102,46,0,46,148
11/26/2005,AMA,TX,ASW,WE,Combined TRACON& Tower with Radar,18,31,20,0,69,0,0,19,0,19,18,31,39,0,88,0,0,0,88
11/27/2005,AMA,TX,ASW,WE,Combined TRACON& Tower with Radar,23,35,31,0,89,0,0,1,0,1,23,35,32,0,90,0,0,0,90
11/28/2005,AMA,TX,ASW,WE,Combined TRACON& Tower with Radar,24,43,35,40,142,0,6,38,18,62,24,49,73,58,204,8,26,34,238
11/29/2005,AMA,TX,ASW,WE,Combined TRACON& Tower with Radar,31,35,42,72,180,0,3,33,59,95,31,38,75,131,275,28,166,194,469
11/30/2005,AMA,TX,ASW,WE,Combined TRACON& Tower with Radar,23,45,35,49,152,0,3,27,29,59,23,48,62,78,211,14,96,110,321
12/01/2005,AMA,TX,ASW,WE,Combined TRACON& Tower with Radar,25,40,39,49,153,0,18,33,28,79,25,58,72,77,232,42,110,152,384
12/02/2005,AMA,TX,ASW,WE,Combined TRACON& Tower with Radar,56,53,28,47,184,0,6,35,32,73,56,59,63,79,257,4,100,104,361
12/03/2005,AMA,TX,ASW,WE,Combined TRACON& Tower with Radar,13,21,18,8,60,0,1,23,5,29,13,22,41,13,89,0,2,2,91
12/04/2005,AMA,TX,ASW,WE,Combined TRACON& Tower with Radar,19,33,25,0,77,0,0,35,1,36,19,33,60,1,113,106,4,110,223
12/05/2005,AMA,TX,ASW,WE,Combined TRACON& Tower with Radar,26,53,30,30,139,0,0,21,19,40,26,53,51,49,179,4,306,310,489
12/06/2005,AMA,TX,ASW,WE,Combined TRACON& Tower with Radar,26,50,45,86,207,0,1,31,47,79,26,51,76,133,286,34,180,214,500
12/07/2005,AMA,TX,ASW,WE,Combined TRACON& Tower with Radar,23,37,32,24,116,0,0,17,14,31,23,37,49,38,147,14,46,60,207
12/08/2005,AMA,TX,ASW,WE,Combined TRACON& Tower with Radar,33,52,42,79,206,0,2,27,54,83,33,54,69,133,289,22,96,118,407
12/09/2005,AMA,TX,ASW,WE,Combined TRACON& Tower with Radar,22,49,21,82,174,0,4,30,32,66,22,53,51,114,240,28,80,108,348
12/10/2005,AMA,TX,ASW,WE,Combined TRACON& Tower with Radar,17,24,31,13,85,0,0,43,4,47,17,24,74,17,132,30,0,30,162
12/11/2005,AMA,TX,ASW,WE,Combined TRACON& Tower with Radar,20,33,20,33,106,0,0,31,10,41,20,33,51,43,147,46,38,84,231
12/12/2005,AMA,TX,ASW,WE,Combined TRACON& Tower with Radar,26,49,46,57,178,0,2,41,58,101,26,51,87,115,279,16,196,212,491
12/13/2005,AMA,TX,ASW,WE,Combined TRACON& Tower with Radar,35,25,46,54,160,0,4,34,45,83,35,29,80,99,243,30,282,312,555
12/14/2005,AMA,TX,ASW,WE,Combined TRACON& Tower with Radar,0,0,0,32,32,0,0,0,0,0,0,0,0,32,32,0,0,0,32
12/15/2005,AMA,TX,ASW,WE,Combined TRACON& Tower with Radar,0,0,0,0,0,0,0,0,0,0,0,0,0,0,0,46,144,190,190
12/16/2005,AMA,TX,ASW,WE,Combined TRACON& Tower with Radar,22,40,38,44,144,0,3,10,26,39,22,43,48,70,183,0,122,122,305
12/17/2005,AMA,TX,ASW,WE,Combined TRACON& Tower with Radar,11,26,17,0,54,0,0,0,0,0,11,26,17,0,54,0,0,0,54
12/18/2005,AMA,TX,ASW,WE,Combined TRACON& Tower with Radar,26,34,14,0,74,0,0,1,0,1,26,34,15,0,75,0,0,0,75
12/19/2005,AMA,TX,ASW,WE,Combined TRACON& Tower with Radar,12,23,7,0,42,0,0,0,0,0,12,23,7,0,42,0,0,0,42
12/20/2005,AMA,TX,ASW,WE,Combined TRACON& Tower with Radar,25,50,30,19,124,0,0,11,37,48,25,50,41,56,172,0,32,32,204
12/21/2005,AMA,TX,ASW,WE,Combined TRACON& Tower with Radar,26,43,38,127,234,0,2,38,59,99,26,45,76,186,333,62,262,324,657
12/22/2005,AMA,TX,ASW,WE,Combined TRACON& Tower with Radar,23,48,58,18,147,0,6,76,6,88,23,54,134,24,235,10,100,110,345
12/23/2005,AMA,TX,ASW,WE,Combined TRACON& Tower with Radar,28,44,27,1,100,0,3,32,0,35,28,47,59,1,135,24,0,24,159
12/24/2005,AMA,TX,ASW,WE,Combined TRACON& Tower with Radar,20,21,7,0,48,0,0,12,0,12,20,21,19,0,60,0,0,0,60
12/25/2005,AMA,TX,ASW,WE,Combined TRACON& Tower with Radar,17,23,6,0,46,0,0,12,0,12,17,23,18,0,58,0,0,0,58
12/26/2005,AMA,TX,ASW,WE,Combined TRACON& Tower with Radar,26,41,26,0,93,0,0,35,0,35,26,41,61,0,128,70,0,70,198
12/27/2005,AMA,TX,ASW,WE,Combined TRACON& Tower with Radar,23,52,21,2,98,0,0,20,0,20,23,52,41,2,118,0,0,0,118
12/28/2005,AMA,TX,ASW,WE,Combined TRACON& Tower with Radar,27,41,30,0,98,0,1,45,0,46,27,42,75,0,144,40,0,40,184
12/29/2005,AMA,TX,ASW,WE,Combined TRACON& Tower with Radar,0,0,0,0,0,0,0,0,0,0,0,0,0,0,0,40,0,40,40
12/30/2005,AMA,TX,ASW,WE,Combined TRACON& Tower with Radar,0,0,0,0,0,0,0,0,0,0,0,0,0,0,0,22,30,52,52
12/31/2005,AMA,TX,ASW,WE,Combined TRACON& Tower with Radar,16,21,21,2,60,0,0,28,0,28,16,21,49,2,88,0,0,0,88
01/01/2006,AMA,TX,ASW,WE,Combined TRACON& Tower with Radar,23,32,15,0,70,0,0,5,0,5,23,32,20,0,75,0,0,0,75
01/02/2006,AMA,TX,ASW,WE,Combined TRACON& Tower with Radar,27,38,31,0,96,0,0,29,0,29,27,38,60,0,125,0,0,0,125
01/03/2006,AMA,TX,ASW,WE,Combined TRACON& Tower with Radar,36,35,31,7,109,0,2,18,4,24,36,37,49,11,133,2,14,16,149
01/04/2006,AMA,TX,ASW,WE,Combined TRACON& Tower with Radar,21,46,35,39,141,0,1,29,25,55,21,47,64,64,196,4,116,120,316
01/05/2006,AMA,TX,ASW,WE,Combined TRACON& Tower with Radar,0,0,0,0,0,0,0,0,0,0,0,0,0,0,0,50,28,78,78
01/06/2006,AMA,TX,ASW,WE,Combined TRACON& Tower with Radar,30,33,32,73,168,0,11,31,45,87,30,44,63,118,255,0,134,134,389
01/07/2006,AMA,TX,ASW,WE,Combined TRACON& Tower with Radar,16,26,19,17,78,0,0,35,10,45,16,26,54,27,123,6,10,16,139
01/08/2006,AMA,TX,ASW,WE,Combined TRACON& Tower with Radar,24,35,23,8,90,0,0,37,5,42,24,35,60,13,132,56,0,56,188
01/09/2006,AMA,TX,ASW,WE,Combined TRACON& Tower with Radar,22,38,28,19,107,0,0,2,11,13,22,38,30,30,120,0,0,0,120
01/10/2006,AMA,TX,ASW,WE,Combined TRACON& Tower with Radar,25,53,31,38,147,0,11,40,39,90,25,64,71,77,237,38,170,208,445
01/11/2006,AMA,TX,ASW,WE,Combined TRACON& Tower with Radar,23,57,57,76,213,0,5,53,50,108,23,62,110,126,321,54,186,240,561
01/12/2006,AMA,TX,ASW,WE,Combined TRACON& Tower with Radar,0,0,0,0,0,0,0,0,0,0,0,0,0,0,0,12,38,50,50
01/13/2006,AMA,TX,ASW,WE,Combined TRACON& Tower with Radar,36,48,39,54,177,0,5,38,25,68,36,53,77,79,245,50,92,142,387
01/14/2006,AMA,TX,ASW,WE,Combined TRACON& Tower with Radar,16,23,26,0,65,0,0,28,0,28,16,23,54,0,93,42,0,42,135
01/15/2006,AMA,TX,ASW,WE,Combined TRACON& Tower with Radar,22,26,13,0,61,0,0,9,0,9,22,26,22,0,70,0,0,0,70
01/16/2006,AMA,TX,ASW,WE,Combined TRACON& Tower with Radar,22,42,25,2,91,0,0,11,1,12,22,42,36,3,103,0,0,0,103
01/17/2006,AMA,TX,ASW,WE,Combined TRACON& Tower with Radar,26,31,50,80,187,0,4,38,93,135,26,35,88,173,322,24,118,142,464
01/18/2006,AMA,TX,ASW,WE,Combined TRACON& Tower with Radar,23,40,39,42,144,0,3,29,31,63,23,43,68,73,207,6,154,160,367
01/19/2006,AMA,TX,ASW,WE,Combined TRACON& Tower with Radar,31,39,47,45,162,0,4,34,30,68,31,43,81,75,230,12,130,142,372
01/20/2006,AMA,TX,ASW,WE,Combined TRACON& Tower with Radar,31,39,35,40,145,0,0,6,35,41,31,39,41,75,186,6,18,24,210
01/21/2006,AMA,TX,ASW,WE,Combined TRACON& Tower with Radar,15,23,32,49,119,0,0,38,19,57,15,23,70,68,176,8,34,42,218
01/22/2006,AMA,TX,ASW,WE,Combined TRACON& Tower with Radar,22,46,32,64,164,0,1,36,35,72,22,47,68,99,236,22,50,72,308
01/23/2006,AMA,TX,ASW,WE,Combined TRACON& Tower with Radar,32,38,46,53,169,0,0,0,0,0,32,38,46,53,169,2,250,252,421
01/24/2006,AMA,TX,ASW,WE,Combined TRACON& Tower with Radar,32,25,36,68,161,0,4,46,44,94,32,29,82,112,255,20,290,310,565
01/25/2006,AMA,TX,ASW,WE,Combined TRACON& Tower with Radar,0,0,0,0,0,0,0,0,0,0,0,0,0,0,0,6,92,98,98
01/26/2006,AMA,TX,ASW,WE,Combined TRACON& Tower with Radar,0,0,0,0,0,0,0,0,0,0,0,0,0,0,0,16,20,36,36
01/27/2006,AMA,TX,ASW,WE,Combined TRACON& Tower with Radar,28,51,41,102,222,0,0,35,62,97,28,51,76,164,319,46,176,222,541
01/28/2006,AMA,TX,ASW,WE,Combined TRACON& Tower with Radar,18,21,16,12,67,0,0,19,22,41,18,21,35,34,108,10,2,12,120
01/29/2006,AMA,TX,ASW,WE,Combined TRACON& Tower with Radar,25,34,30,10,99,0,0,45,1,46,25,34,75,11,145,6,0,6,151
01/30/2006,AMA,TX,ASW,WE,Combined TRACON& Tower with Radar,34,34,40,112,220,0,2,34,61,97,34,36,74,173,317,38,160,198,515
01/31/2006,AMA,TX,ASW,WE,Combined TRACON& Tower with Radar,26,41,34,39,140,0,1,30,21,52,26,42,64,60,192,26,74,100,292
02/01/2006,AMA,TX,ASW,WE,Combined TRACON& Tower with Radar,21,38,33,49,141,0,2,47,30,79,21,40,80,79,220,15,118,133,353
02/02/2006,AMA,TX,ASW,WE,Combined TRACON& Tower with Radar,27,32,46,62,167,0,1,51,53,105,27,33,97,115,272,2,98,100,372
02/03/2006,AMA,TX,ASW,WE,Combined TRACON& Tower with Radar,20,43,49,132,244,0,5,30,57,92,20,48,79,189,336,16,178,194,530
02/04/2006,AMA,TX,ASW,WE,Combined TRACON& Tower with Radar,15,32,48,13,108,0,2,42,9,53,15,34,90,22,161,0,0,0,161
02/05/2006,AMA,TX,ASW,WE,Combined TRACON& Tower with Radar,23,34,20,20,97,0,0,18,7,25,23,34,38,27,122,26,38,64,186
02/06/2006,AMA,TX,ASW,WE,Combined TRACON& Tower with Radar,24,41,38,84,187,0,4,30,66,100,24,45,68,150,287,36,128,164,451
02/07/2006,AMA,TX,ASW,WE,Combined TRACON& Tower with Radar,26,43,42,68,179,0,2,31,73,106,26,45,73,141,285,2,180,182,467
02/08/2006,AMA,TX,ASW,WE,Combined TRACON& Tower with Radar,22,44,38,73,177,0,4,49,59,112,22,48,87,132,289,8,150,158,447
02/09/2006,AMA,TX,ASW,WE,Combined TRACON& Tower with Radar,24,38,35,42,139,0,2,47,44,93,24,40,82,86,232,4,92,96,328
02/10/2006,AMA,TX,ASW,WE,Combined TRACON& Tower with Radar,38,28,49,131,246,0,3,17,92,112,38,31,66,223,358,20,28,48,406
02/11/2006,AMA,TX,ASW,WE,Combined TRACON& Tower with Radar,15,24,19,46,104,0,0,31,25,56,15,24,50,71,160,12,40,52,212
02/12/2006,AMA,TX,ASW,WE,Combined TRACON& Tower with Radar,24,31,35,5,95,0,0,15,0,15,24,31,50,5,110,0,14,14,124
02/13/2006,AMA,TX,ASW,WE,Combined TRACON& Tower with Radar,24,44,37,54,159,0,0,27,60,87,24,44,64,114,246,50,108,158,404
02/14/2006,AMA,TX,ASW,WE,Combined TRACON& Tower with Radar,23,66,33,107,229,0,15,65,90,170,23,81,98,197,399,22,176,198,597
02/15/2006,AMA,TX,ASW,WE,Combined TRACON& Tower with Radar,0,0,0,0,0,0,0,0,0,0,0,0,0,0,0,0,272,272,272
02/16/2006,AMA,TX,ASW,WE,Combined TRACON& Tower with Radar,0,0,0,0,0,0,0,0,0,0,0,0,0,0,0,8,26,34,34
02/17/2006,AMA,TX,ASW,WE,Combined TRACON& Tower with Radar,25,46,37,59,167,0,2,19,57,78,25,48,56,116,245,0,106,106,351
02/18/2006,AMA,TX,ASW,WE,Combined TRACON& Tower with Radar,23,21,15,7,66,0,0,11,10,21,23,21,26,17,87,0,0,0,87
02/19/2006,AMA,TX,ASW,WE,Combined TRACON& Tower with Radar,24,26,28,11,89,0,0,25,12,37,24,26,53,23,126,26,8,34,160
02/20/2006,AMA,TX,ASW,WE,Combined TRACON& Tower with Radar,35,22,39,23,119,0,0,22,9,31,35,22,61,32,150,20,8,28,178
02/21/2006,AMA,TX,ASW,WE,Combined TRACON& Tower with Radar,22,44,29,76,171,0,1,23,44,68,22,45,52,120,239,8,208,216,455
02/22/2006,AMA,TX,ASW,WE,Combined TRACON& Tower with Radar,24,41,37,106,208,0,0,36,62,98,24,41,73,168,306,6,160,166,472
02/23/2006,AMA,TX,ASW,WE,Combined TRACON& Tower with Radar,21,39,53,54,167,0,1,41,34,76,21,40,94,88,243,26,112,138,381
02/24/2006,AMA,TX,ASW,WE,Combined TRACON& Tower with Radar,30,47,49,118,244,0,0,27,78,105,30,47,76,196,349,24,154,178,527
02/25/2006,AMA,TX,ASW,WE,Combined TRACON& Tower with Radar,19,32,23,63,137,0,0,20,40,60,19,32,43,103,197,25,54,79,276
02/26/2006,AMA,TX,ASW,WE,Combined TRACON& Tower with Radar,22,33,28,27,110,0,0,35,12,47,22,33,63,39,157,48,0,48,205
02/27/2006,AMA,TX,ASW,WE,Combined TRACON& Tower with Radar,23,34,54,26,137,0,2,63,21,86,23,36,117,47,223,16,192,208,431
02/28/2006,AMA,TX,ASW,WE,Combined TRACON& Tower with Radar,23,41,49,49,162,0,2,63,36,101,23,43,112,85,263,92,106,198,461
03/01/2006,AMA,TX,ASW,WE,Combined TRACON& Tower with Radar,30,39,48,53,170,0,2,57,36,95,30,41,105,89,265,0,172,172,437
03/02/2006,AMA,TX,ASW,WE,Combined TRACON& Tower with Radar,22,42,34,45,143,0,3,22,32,57,22,45,56,77,200,4,48,52,252
03/03/2006,AMA,TX,ASW,WE,Combined TRACON& Tower with Radar,28,43,49,61,181,0,0,19,26,45,28,43,68,87,226,0,34,34,260
03/04/2006,AMA,TX,ASW,WE,Combined TRACON& Tower with Radar,16,27,24,10,77,0,0,26,6,32,16,27,50,16,109,6,0,6,115
03/05/2006,AMA,TX,ASW,WE,Combined TRACON& Tower with Radar,20,33,27,9,89,0,0,43,3,46,20,33,70,12,135,12,2,14,149
03/06/2006,AMA,TX,ASW,WE,Combined TRACON& Tower with Radar,32,34,29,91,186,0,0,24,7,31,32,34,53,98,217,0,222,222,439
03/07/2006,AMA,TX,ASW,WE,Combined TRACON& Tower with Radar,35,32,37,94,198,0,4,19,84,107,35,36,56,178,305,0,140,140,445
03/08/2006,AMA,TX,ASW,WE,Combined TRACON& Tower with Radar,0,0,0,0,0,0,0,0,0,0,0,0,0,0,0,0,144,144,144
03/09/2006,AMA,TX,ASW,WE,Combined TRACON& Tower with Radar,0,0,0,0,0,0,0,0,0,0,0,0,0,0,0,18,374,392,392
03/10/2006,AMA,TX,ASW,WE,Combined TRACON& Tower with Radar,23,39,50,28,140,0,2,26,17,45,23,41,76,45,185,18,0,18,203
03/11/2006,AMA,TX,ASW,WE,Combined TRACON& Tower with Radar,20,29,39,3,91,0,2,23,0,25,20,31,62,3,116,0,0,0,116
03/12/2006,AMA,TX,ASW,WE,Combined TRACON& Tower with Radar,25,33,14,0,72,0,0,13,0,13,25,33,27,0,85,0,0,0,85
03/13/2006,AMA,TX,ASW,WE,Combined TRACON& Tower with Radar,25,39,30,58,152,0,0,46,34,80,25,39,76,92,232,4,206,210,442
03/14/2006,AMA,TX,ASW,WE,Combined TRACON& Tower with Radar,23,40,31,50,144,0,6,44,14,64,23,46,75,64,208,12,74,86,294
03/15/2006,AMA,TX,ASW,WE,Combined TRACON& Tower with Radar,22,34,31,28,115,0,3,33,17,53,22,37,64,45,168,0,0,0,168
03/16/2006,AMA,TX,ASW,WE,Combined TRACON& Tower with Radar,28,39,51,120,238,0,3,44,52,99,28,42,95,172,337,0,122,122,459
03/17/2006,AMA,TX,ASW,WE,Combined TRACON& Tower with Radar,0,0,0,0,0,0,0,0,0,0,0,0,0,0,0,16,26,42,42
03/18/2006,AMA,TX,ASW,WE,Combined TRACON& Tower with Radar,19,27,38,0,84,0,0,2,0,2,19,27,40,0,86,0,0,0,86
03/19/2006,AMA,TX,ASW,WE,Combined TRACON& Tower with Radar,16,27,19,0,62,0,0,0,0,0,16,27,19,0,62,0,0,0,62
03/20/2006,AMA,TX,ASW,WE,Combined TRACON& Tower with Radar,36,30,34,2,102,0,0,9,8,17,36,30,43,10,119,0,0,0,119
03/21/2006,AMA,TX,ASW,WE,Combined TRACON& Tower with Radar,15,55,44,91,205,10,2,37,112,161,25,57,81,203,366,14,288,302,668
03/22/2006,AMA,TX,ASW,WE,Combined TRACON& Tower with Radar,24,39,37,5,105,0,0,3,1,4,24,39,40,6,109,0,0,0,109
03/23/2006,AMA,TX,ASW,WE,Combined TRACON& Tower with Radar,20,36,34,28,118,0,1,12,19,32,20,37,46,47,150,0,22,22,172
03/24/2006,AMA,TX,ASW,WE,Combined TRACON& Tower with Radar,39,33,38,145,255,0,2,52,118,172,39,35,90,263,427,38,264,302,729
03/25/2006,AMA,TX,ASW,WE,Combined TRACON& Tower with Radar,21,33,26,1,81,0,0,30,0,30,21,33,56,1,111,10,0,10,121
03/26/2006,AMA,TX,ASW,WE,Combined TRACON& Tower with Radar,23,29,21,22,95,0,0,26,10,36,23,29,47,32,131,22,2,24,155
03/27/2006,AMA,TX,ASW,WE,Combined TRACON& Tower with Radar,32,31,47,118,228,0,0,22,23,45,32,31,69,141,273,20,306,326,599
03/28/2006,AMA,TX,ASW,WE,Combined TRACON& Tower with Radar,26,32,27,43,128,0,2,32,13,47,26,34,59,56,175,0,178,178,353
03/29/2006,AMA,TX,ASW,WE,Combined TRACON& Tower with Radar,23,50,69,71,213,0,0,31,64,95,23,50,100,135,308,4,222,226,534
03/30/2006,AMA,TX,ASW,WE,Combined TRACON& Tower with Radar,30,53,37,35,155,0,3,31,73,107,30,56,68,108,262,12,120,132,394
03/31/2006,AMA,TX,ASW,WE,Combined TRACON& Tower with Radar,31,35,34,71,171,0,2,41,24,67,31,37,75,95,238,28,88,116,354
04/01/2006,AMA,TX,ASW,WE,Combined TRACON& Tower with Radar,24,36,30,2,92,0,0,31,14,45,24,36,61,16,137,0,2,2,139
04/02/2006,AMA,TX,ASW,WE,Combined TRACON& Tower with Radar,21,31,25,14,91,0,0,33,1,34,21,31,58,15,125,38,0,38,163
04/03/2006,AMA,TX,ASW,WE,Combined TRACON& Tower with Radar,27,42,46,49,164,0,2,34,32,68,27,44,80,81,232,18,38,56,288
04/04/2006,AMA,TX,ASW,WE,Combined TRACON& Tower with Radar,24,49,36,49,158,0,2,40,27,69,24,51,76,76,227,0,46,46,273
04/05/2006,AMA,TX,ASW,WE,Combined TRACON& Tower with Radar,0,0,0,0,0,0,0,0,0,0,0,0,0,0,0,2,68,70,70
04/06/2006,AMA,TX,ASW,WE,Combined TRACON& Tower with Radar,19,46,33,13,111,0,3,32,5,40,19,49,65,18,151,0,6,6,157
04/07/2006,AMA,TX,ASW,WE,Combined TRACON& Tower with Radar,0,0,0,0,0,0,0,0,0,0,0,0,0,0,0,16,26,42,42
04/08/2006,AMA,TX,ASW,WE,Combined TRACON& Tower with Radar,16,41,35,1,93,0,0,67,0,67,16,41,102,1,160,30,0,30,190
04/09/2006,AMA,TX,ASW,WE,Combined TRACON& Tower with Radar,24,34,32,20,110,0,0,38,7,45,24,34,70,27,155,0,0,0,155
04/10/2006,AMA,TX,ASW,WE,Combined TRACON& Tower with Radar,24,45,43,10,122,0,2,38,7,47,24,47,81,17,169,4,0,4,173
04/11/2006,AMA,TX,ASW,WE,Combined TRACON& Tower with Radar,25,43,44,14,126,0,2,41,10,53,25,45,85,24,179,0,58,58,237
04/12/2006,AMA,TX,ASW,WE,Combined TRACON& Tower with Radar,24,45,44,54,167,0,1,57,51,109,24,46,101,105,276,30,70,100,376
04/13/2006,AMA,TX,ASW,WE,Combined TRACON& Tower with Radar,25,34,40,57,156,0,2,48,40,90,25,36,88,97,246,16,128,144,390
04/14/2006,AMA,TX,ASW,WE,Combined TRACON& Tower with Radar,29,33,52,68,182,0,2,48,46,96,29,35,100,114,278,8,42,50,328
04/15/2006,AMA,TX,ASW,WE,Combined TRACON& Tower with Radar,15,33,14,0,62,0,0,10,2,12,15,33,24,2,74,6,0,6,80
04/16/2006,AMA,TX,ASW,WE,Combined TRACON& Tower with Radar,23,33,16,5,77,0,0,29,2,31,23,33,45,7,108,32,0,32,140
04/17/2006,AMA,TX,ASW,WE,Combined TRACON& Tower with Radar,32,31,30,122,215,0,1,49,39,89,32,32,79,161,304,48,188,236,540
04/18/2006,AMA,TX,ASW,WE,Combined TRACON& Tower with Radar,31,33,51,34,149,1,4,31,26,62,32,37,82,60,211,34,22,56,267
04/19/2006,AMA,TX,ASW,WE,Combined TRACON& Tower with Radar,31,45,57,44,177,0,8,45,41,94,31,53,102,85,271,0,174,174,445
04/20/2006,AMA,TX,ASW,WE,Combined TRACON& Tower with Radar,25,51,61,28,165,0,4,38,24,66,25,55,99,52,231,4,58,62,293
04/21/2006,AMA,TX,ASW,WE,Combined TRACON& Tower with Radar,25,29,39,19,112,0,2,42,30,74,25,31,81,49,186,0,232,232,418
04/22/2006,AMA,TX,ASW,WE,Combined TRACON& Tower with Radar,19,29,20,19,87,0,0,25,20,45,19,29,45,39,132,16,0,16,148
04/23/2006,AMA,TX,ASW,WE,Combined TRACON& Tower with Radar,20,33,20,8,81,0,1,30,11,42,20,34,50,19,123,0,0,0,123
04/24/2006,AMA,TX,ASW,WE,Combined TRACON& Tower with Radar,25,41,33,80,179,0,2,38,47,87,25,43,71,127,266,4,194,198,464
04/25/2006,AMA,TX,ASW,WE,Combined TRACON& Tower with Radar,23,43,38,101,205,0,1,27,65,93,23,44,65,166,298,18,120,138,436
04/26/2006,AMA,TX,ASW,WE,Combined TRACON& Tower with Radar,0,0,0,0,0,0,0,0,0,0,0,0,0,0,0,20,196,216,216
04/27/2006,AMA,TX,ASW,WE,Combined TRACON& Tower with Radar,22,53,48,44,167,0,1,35,24,60,22,54,83,68,227,0,102,102,329
04/28/2006,AMA,TX,ASW,WE,Combined TRACON& Tower with Radar,29,32,26,8,95,0,0,17,6,23,29,32,43,14,118,0,0,0,118
04/29/2006,AMA,TX,ASW,WE,Combined TRACON& Tower with Radar,17,30,21,11,79,0,1,16,0,17,17,31,37,11,96,10,0,10,106
04/30/2006,AMA,TX,ASW,WE,Combined TRACON& Tower with Radar,21,32,32,0,85,0,0,43,0,43,21,32,75,0,128,10,0,10,138
05/01/2006,AMA,TX,ASW,WE,Combined TRACON& Tower with Radar,26,50,56,84,216,0,1,62,47,110,26,51,118,131,326,18,90,108,434
05/02/2006,AMA,TX,ASW,WE,Combined TRACON& Tower with Radar,43,23,44,48,158,0,2,51,20,73,43,25,95,68,231,4,10,14,245
05/03/2006,AMA,TX,ASW,WE,Combined TRACON& Tower with Radar,26,44,35,59,164,0,1,28,33,62,26,45,63,92,226,38,98,136,362
05/04/2006,AMA,TX,ASW,WE,Combined TRACON& Tower with Radar,22,47,48,109,226,0,1,15,80,96,22,48,63,189,322,52,82,134,456
05/05/2006,AMA,TX,ASW,WE,Combined TRACON& Tower with Radar,34,38,42,9,123,0,0,0,2,2,34,38,42,11,125,0,0,0,125
05/06/2006,AMA,TX,ASW,WE,Combined TRACON& Tower with Radar,20,31,36,0,87,0,0,15,2,17,20,31,51,2,104,26,0,26,130
05/07/2006,AMA,TX,ASW,WE,Combined TRACON& Tower with Radar,22,35,49,9,115,0,0,9,2,11,22,35,58,11,126,0,0,0,126
05/08/2006,AMA,TX,ASW,WE,Combined TRACON& Tower with Radar,29,28,58,65,180,0,1,57,59,117,29,29,115,124,297,80,66,146,443
05/09/2006,AMA,TX,ASW,WE,Combined TRACON& Tower with Radar,22,41,28,54,145,0,0,25,24,49,22,41,53,78,194,26,14,40,234
05/10/2006,AMA,TX,ASW,WE,Combined TRACON& Tower with Radar,25,45,47,56,173,0,1,29,28,58,25,46,76,84,231,20,110,130,361
05/11/2006,AMA,TX,ASW,WE,Combined TRACON& Tower with Radar,23,54,42,46,165,0,3,59,32,94,23,57,101,78,259,34,54,88,347
05/12/2006,AMA,TX,ASW,WE,Combined TRACON& Tower with Radar,0,0,0,0,0,0,0,0,0,0,0,0,0,0,0,20,48,68,68
05/13/2006,AMA,TX,ASW,WE,Combined TRACON& Tower with Radar,18,29,20,0,67,0,0,38,0,38,18,29,58,0,105,22,0,22,127
05/14/2006,AMA,TX,ASW,WE,Combined TRACON& Tower with Radar,21,36,18,4,79,0,0,15,0,15,21,36,33,4,94,0,0,0,94
05/15/2006,AMA,TX,ASW,WE,Combined TRACON& Tower with Radar,22,52,29,66,169,0,4,52,34,90,22,56,81,100,259,34,102,136,395
05/16/2006,AMA,TX,ASW,WE,Combined TRACON& Tower with Radar,24,47,35,71,177,0,2,54,30,86,24,49,89,101,263,38,144,182,445
05/17/2006,AMA,TX,ASW,WE,Combined TRACON& Tower with Radar,26,40,30,40,136,0,2,38,7,47,26,42,68,47,183,0,42,42,225
05/18/2006,AMA,TX,ASW,WE,Combined TRACON& Tower with Radar,23,42,44,43,152,0,2,24,28,54,23,44,68,71,206,0,74,74,280
05/19/2006,AMA,TX,ASW,WE,Combined TRACON& Tower with Radar,41,38,37,32,148,0,3,35,40,78,41,41,72,72,226,1,118,119,345
05/20/2006,AMA,TX,ASW,WE,Combined TRACON& Tower with Radar,18,36,20,30,104,0,2,34,24,60,18,38,54,54,164,0,28,28,192
05/21/2006,AMA,TX,ASW,WE,Combined TRACON& Tower with Radar,22,32,22,8,84,0,0,21,2,23,22,32,43,10,107,0,0,0,107
05/22/2006,AMA,TX,ASW,WE,Combined TRACON& Tower with Radar,34,28,37,18,117,0,5,31,12,48,34,33,68,30,165,132,14,146,311
05/23/2006,AMA,TX,ASW,WE,Combined TRACON& Tower with Radar,23,38,39,43,143,0,3,35,39,77,23,41,74,82,220,0,152,152,372
05/24/2006,AMA,TX,ASW,WE,Combined TRACON& Tower with Radar,21,41,30,49,141,0,3,37,41,81,21,44,67,90,222,4,120,124,346
05/25/2006,AMA,TX,ASW,WE,Combined TRACON& Tower with Radar,38,38,38,20,134,0,1,33,2,36,38,39,71,22,170,4,12,16,186
05/26/2006,AMA,TX,ASW,WE,Combined TRACON& Tower with Radar,21,42,33,16,112,0,0,34,1,35,21,42,67,17,147,0,10,10,157
05/27/2006,AMA,TX,ASW,WE,Combined TRACON& Tower with Radar,0,0,0,0,0,0,0,0,0,0,0,0,0,0,0,2,0,2,2
05/28/2006,AMA,TX,ASW,WE,Combined TRACON& Tower with Radar,15,27,16,5,63,0,0,18,5,23,15,27,34,10,86,0,0,0,86
05/29/2006,AMA,TX,ASW,WE,Combined TRACON& Tower with Radar,21,41,27,17,106,0,0,42,6,48,21,41,69,23,154,0,10,10,164
05/30/2006,AMA,TX,ASW,WE,Combined TRACON& Tower with Radar,27,43,49,41,160,0,3,29,18,50,27,46,78,59,210,28,58,86,296
05/31/2006,AMA,TX,ASW,WE,Combined TRACON& Tower with Radar,23,40,20,7,90,0,1,21,1,23,23,41,41,8,113,12,10,22,135
06/01/2006,AMA,TX,ASW,WE,Combined TRACON& Tower with Radar,27,42,50,83,202,0,0,25,54,79,27,42,75,137,281,34,194,228,509
06/02/2006,AMA,TX,ASW,WE,Combined TRACON& Tower with Radar,41,33,33,26,133,0,11,32,22,65,41,44,65,48,198,28,62,90,288
06/03/2006,AMA,TX,ASW,WE,Combined TRACON& Tower with Radar,17,33,19,14,83,0,0,38,9,47,17,33,57,23,130,0,0,0,130
06/04/2006,AMA,TX,ASW,WE,Combined TRACON& Tower with Radar,0,0,0,0,0,0,0,0,0,0,0,0,0,0,0,0,0,0,0
06/05/2006,AMA,TX,ASW,WE,Combined TRACON& Tower with Radar,41,31,45,81,198,0,0,46,28,74,41,31,91,109,272,160,174,334,606
06/06/2006,AMA,TX,ASW,WE,Combined TRACON& Tower with Radar,31,49,49,20,149,0,1,40,30,71,31,50,89,50,220,6,68,74,294
06/07/2006,AMA,TX,ASW,WE,Combined TRACON& Tower with Radar,24,45,26,33,128,0,1,42,28,71,24,46,68,61,199,10,66,76,275
06/08/2006,AMA,TX,ASW,WE,Combined TRACON& Tower with Radar,28,43,34,34,139,0,2,39,25,66,28,45,73,59,205,30,90,120,325
06/09/2006,AMA,TX,ASW,WE,Combined TRACON& Tower with Radar,28,47,26,13,114,0,1,39,5,45,28,48,65,18,159,0,26,26,185
06/10/2006,AMA,TX,ASW,WE,Combined TRACON& Tower with Radar,16,30,23,12,81,0,0,37,7,44,16,30,60,19,125,16,24,40,165
06/11/2006,AMA,TX,ASW,WE,Combined TRACON& Tower with Radar,20,33,22,0,75,0,0,28,2,30,20,33,50,2,105,0,0,0,105
06/12/2006,AMA,TX,ASW,WE,Combined TRACON& Tower with Radar,25,45,30,16,116,0,1,29,12,42,25,46,59,28,158,22,112,134,292
06/13/2006,AMA,TX,ASW,WE,Combined TRACON& Tower with Radar,35,42,38,15,130,0,1,40,8,49,35,43,78,23,179,42,100,142,321
06/14/2006,AMA,TX,ASW,WE,Combined TRACON& Tower with Radar,0,0,0,0,0,0,0,0,0,0,0,0,0,0,0,0,180,180,180
06/15/2006,AMA,TX,ASW,WE,Combined TRACON& Tower with Radar,19,38,36,12,105,0,2,33,8,43,19,40,69,20,148,0,14,14,162
06/16/2006,AMA,TX,ASW,WE,Combined TRACON& Tower with Radar,34,32,43,10,119,0,0,28,3,31,34,32,71,13,150,0,0,0,150
06/17/2006,AMA,TX,ASW,WE,Combined TRACON& Tower with Radar,17,31,23,19,90,0,1,36,11,48,17,32,59,30,138,28,28,56,194
06/18/2006,AMA,TX,ASW,WE,Combined TRACON& Tower with Radar,24,43,36,20,123,0,0,25,11,36,24,43,61,31,159,4,16,20,179
06/19/2006,AMA,TX,ASW,WE,Combined TRACON& Tower with Radar,26,42,41,31,140,0,2,27,15,44,26,44,68,46,184,44,54,98,282
06/20/2006,AMA,TX,ASW,WE,Combined TRACON& Tower with Radar,22,35,26,29,112,0,1,33,8,42,22,36,59,37,154,0,70,70,224
06/21/2006,AMA,TX,ASW,WE,Combined TRACON& Tower with Radar,29,45,25,21,120,0,2,21,18,41,29,47,46,39,161,0,16,16,177
06/22/2006,AMA,TX,ASW,WE,Combined TRACON& Tower with Radar,21,37,40,20,118,2,4,29,10,45,23,41,69,30,163,12,0,12,175
06/23/2006,AMA,TX,ASW,WE,Combined TRACON& Tower with Radar,32,34,20,61,147,0,2,24,33,59,32,36,44,94,206,0,40,40,246
06/24/2006,AMA,TX,ASW,WE,Combined TRACON& Tower with Radar,21,23,30,11,85,0,0,0,0,0,21,23,30,11,85,24,2,26,111
06/25/2006,AMA,TX,ASW,WE,Combined TRACON& Tower with Radar,23,31,31,21,106,0,0,35,5,40,23,31,66,26,146,14,0,14,160
06/26/2006,AMA,TX,ASW,WE,Combined TRACON& Tower with Radar,23,37,30,21,111,0,3,46,4,53,23,40,76,25,164,12,60,72,236
06/27/2006,AMA,TX,ASW,WE,Combined TRACON& Tower with Radar,25,48,55,29,157,0,1,47,24,72,25,49,102,53,229,10,24,34,263
06/28/2006,AMA,TX,ASW,WE,Combined TRACON& Tower with Radar,23,48,53,43,167,0,2,22,21,45,23,50,75,64,212,34,170,204,416
06/29/2006,AMA,TX,ASW,WE,Combined TRACON& Tower with Radar,29,41,35,26,131,0,4,21,15,40,29,45,56,41,171,16,212,228,399
06/30/2006,AMA,TX,ASW,WE,Combined TRACON& Tower with Radar,28,43,36,20,127,0,1,43,27,71,28,44,79,47,198,14,104,118,316
07/01/2006,AMA,TX,ASW,WE,Combined TRACON& Tower with Radar,16,35,21,0,72,0,0,48,0,48,16,35,69,0,120,22,0,22,142
07/02/2006,AMA,TX,ASW,WE,Combined TRACON& Tower with Radar,24,38,20,3,85,0,1,37,0,38,24,39,57,3,123,68,0,68,191
07/03/2006,AMA,TX,ASW,WE,Combined TRACON& Tower with Radar,27,20,23,10,80,0,0,25,0,25,27,20,48,10,105,8,10,18,123
07/04/2006,AMA,TX,ASW,WE,Combined TRACON& Tower with Radar,25,32,19,8,84,0,0,25,4,29,25,32,44,12,113,40,0,40,153
07/05/2006,AMA,TX,ASW,WE,Combined TRACON& Tower with Radar,19,32,22,2,75,0,0,7,0,7,19,32,29,2,82,0,0,0,82
07/06/2006,AMA,TX,ASW,WE,Combined TRACON& Tower with Radar,27,44,39,14,124,0,1,21,20,42,27,45,60,34,166,48,64,112,278
07/07/2006,AMA,TX,ASW,WE,Combined TRACON& Tower with Radar,23,42,24,62,151,0,2,44,31,77,23,44,68,93,228,0,224,224,452
07/08/2006,AMA,TX,ASW,WE,Combined TRACON& Tower with Radar,16,35,45,32,128,0,0,35,6,41,16,35,80,38,169,0,0,0,169
07/09/2006,AMA,TX,ASW,WE,Combined TRACON& Tower with Radar,20,35,35,10,100,0,0,20,1,21,20,35,55,11,121,0,18,18,139
07/10/2006,AMA,TX,ASW,WE,Combined TRACON& Tower with Radar,22,39,35,22,118,0,1,28,6,35,22,40,63,28,153,0,48,48,201
07/11/2006,AMA,TX,ASW,WE,Combined TRACON& Tower with Radar,37,40,36,37,150,0,4,42,48,94,37,44,78,85,244,10,186,196,440
07/12/2006,AMA,TX,ASW,WE,Combined TRACON& Tower with Radar,25,40,58,60,183,0,1,46,58,105,25,41,104,118,288,0,212,212,500
07/13/2006,AMA,TX,ASW,WE,Combined TRACON& Tower with Radar,23,44,32,9,108,0,2,41,1,44,23,46,73,10,152,16,6,22,174
07/14/2006,AMA,TX,ASW,WE,Combined TRACON& Tower with Radar,25,40,35,44,144,0,1,39,31,71,25,41,74,75,215,18,96,114,329
07/15/2006,AMA,TX,ASW,WE,Combined TRACON& Tower with Radar,24,53,42,0,119,0,3,36,1,40,24,56,78,1,159,0,8,8,167
07/16/2006,AMA,TX,ASW,WE,Combined TRACON& Tower with Radar,20,32,20,0,72,0,1,30,0,31,20,33,50,0,103,18,0,18,121
07/17/2006,AMA,TX,ASW,WE,Combined TRACON& Tower with Radar,23,38,58,48,167,0,0,31,25,56,23,38,89,73,223,22,188,210,433
07/18/2006,AMA,TX,ASW,WE,Combined TRACON& Tower with Radar,31,51,44,36,162,0,3,36,68,107,31,54,80,104,269,8,8,16,285
07/19/2006,AMA,TX,ASW,WE,Combined TRACON& Tower with Radar,24,28,46,30,128,0,0,63,42,105,24,28,109,72,233,38,220,258,491
07/20/2006,AMA,TX,ASW,WE,Combined TRACON& Tower with Radar,22,47,34,27,130,0,7,32,17,56,22,54,66,44,186,0,0,0,186
07/21/2006,AMA,TX,ASW,WE,Combined TRACON& Tower with Radar,43,24,47,50,164,2,3,30,39,74,45,27,77,89,238,20,60,80,318
07/22/2006,AMA,TX,ASW,WE,Combined TRACON& Tower with Radar,22,34,22,5,83,0,0,41,1,42,22,34,63,6,125,36,2,38,163
07/23/2006,AMA,TX,ASW,WE,Combined TRACON& Tower with Radar,25,39,34,15,113,0,0,38,2,40,25,39,72,17,153,56,26,82,235
07/24/2006,AMA,TX,ASW,WE,Combined TRACON& Tower with Radar,32,47,59,58,196,0,2,58,37,97,32,49,117,95,293,32,140,172,465
07/25/2006,AMA,TX,ASW,WE,Combined TRACON& Tower with Radar,30,41,32,26,129,0,2,30,30,62,30,43,62,56,191,24,122,146,337
07/26/2006,AMA,TX,ASW,WE,Combined TRACON& Tower with Radar,27,44,40,19,130,0,2,27,16,45,27,46,67,35,175,32,18,50,225
07/27/2006,AMA,TX,ASW,WE,Combined TRACON& Tower with Radar,23,45,57,16,141,0,2,30,14,46,23,47,87,30,187,0,0,0,187
07/28/2006,AMA,TX,ASW,WE,Combined TRACON& Tower with Radar,33,33,38,35,139,0,2,37,20,59,33,35,75,55,198,10,26,36,234
07/29/2006,AMA,TX,ASW,WE,Combined TRACON& Tower with Radar,22,35,29,0,86,0,0,43,0,43,22,35,72,0,129,10,26,36,165
07/30/2006,AMA,TX,ASW,WE,Combined TRACON& Tower with Radar,23,41,24,17,105,0,0,35,11,46,23,41,59,28,151,0,2,2,153
07/31/2006,AMA,TX,ASW,WE,Combined TRACON& Tower with Radar,22,51,55,67,195,0,1,37,26,64,22,52,92,93,259,0,80,80,339
08/01/2006,AMA,TX,ASW,WE,Combined TRACON& Tower with Radar,26,44,29,27,126,0,2,30,16,48,26,46,59,43,174,0,18,18,192
08/02/2006,AMA,TX,ASW,WE,Combined TRACON& Tower with Radar,29,36,37,36,138,0,1,34,14,49,29,37,71,50,187,30,66,96,283
08/03/2006,AMA,TX,ASW,WE,Combined TRACON& Tower with Radar,22,36,33,4,95,0,1,20,1,22,22,37,53,5,117,0,42,42,159
08/04/2006,AMA,TX,ASW,WE,Combined TRACON& Tower with Radar,39,34,24,26,123,0,0,37,10,47,39,34,61,36,170,10,48,58,228
08/05/2006,AMA,TX,ASW,WE,Combined TRACON& Tower with Radar,18,31,23,21,93,0,0,34,11,45,18,31,57,32,138,12,2,14,152
08/06/2006,AMA,TX,ASW,WE,Combined TRACON& Tower with Radar,16,30,32,36,114,0,0,27,10,37,16,30,59,46,151,0,4,4,155
08/07/2006,AMA,TX,ASW,WE,Combined TRACON& Tower with Radar,23,30,37,7,97,0,2,35,1,38,23,32,72,8,135,20,22,42,177
08/08/2006,AMA,TX,ASW,WE,Combined TRACON& Tower with Radar,26,44,38,8,116,0,2,12,1,15,26,46,50,9,131,32,60,92,223
08/09/2006,AMA,TX,ASW,WE,Combined TRACON& Tower with Radar,0,0,0,0,0,0,0,0,0,0,0,0,0,0,0,24,76,100,100
08/10/2006,AMA,TX,ASW,WE,Combined TRACON& Tower with Radar,25,35,38,27,125,0,1,47,15,63,25,36,85,42,188,20,194,214,402
08/11/2006,AMA,TX,ASW,WE,Combined TRACON& Tower with Radar,26,43,41,29,139,0,1,39,19,59,26,44,80,48,198,50,104,154,352
08/12/2006,AMA,TX,ASW,WE,Combined TRACON& Tower with Radar,17,37,48,0,102,0,1,44,0,45,17,38,92,0,147,0,0,0,147
08/13/2006,AMA,TX,ASW,WE,Combined TRACON& Tower with Radar,20,37,20,5,82,0,1,10,0,11,20,38,30,5,93,36,0,36,129
08/14/2006,AMA,TX,ASW,WE,Combined TRACON& Tower with Radar,35,33,48,5,121,0,0,13,0,13,35,33,61,5,134,0,2,2,136
08/15/2006,AMA,TX,ASW,WE,Combined TRACON& Tower with Radar,27,42,33,12,114,0,0,4,13,17,27,42,37,25,131,0,14,14,145
08/16/2006,AMA,TX,ASW,WE,Combined TRACON& Tower with Radar,33,33,46,5,117,0,1,33,1,35,33,34,79,6,152,28,10,38,190
08/17/2006,AMA,TX,ASW,WE,Combined TRACON& Tower with Radar,38,29,69,27,163,0,5,39,24,68,38,34,108,51,231,2,174,176,407
08/18/2006,AMA,TX,ASW,WE,Combined TRACON& Tower with Radar,0,0,0,0,0,0,0,0,0,0,0,0,0,0,0,0,60,60,60
08/19/2006,AMA,TX,ASW,WE,Combined TRACON& Tower with Radar,19,30,43,0,92,0,0,31,0,31,19,30,74,0,123,10,0,10,133
08/20/2006,AMA,TX,ASW,WE,Combined TRACON& Tower with Radar,18,32,28,0,78,0,0,13,0,13,18,32,41,0,91,0,0,0,91
08/21/2006,AMA,TX,ASW,WE,Combined TRACON& Tower with Radar,25,48,29,40,142,0,1,12,28,41,25,49,41,68,183,0,140,140,323
08/22/2006,AMA,TX,ASW,WE,Combined TRACON& Tower with Radar,25,46,43,0,114,0,0,0,0,0,25,46,43,0,114,8,0,8,122
08/23/2006,AMA,TX,ASW,WE,Combined TRACON& Tower with Radar,26,39,31,23,119,0,4,22,16,42,26,43,53,39,161,34,216,250,411
08/24/2006,AMA,TX,ASW,WE,Combined TRACON& Tower with Radar,23,37,44,29,133,0,2,48,11,61,23,39,92,40,194,22,168,190,384
08/25/2006,AMA,TX,ASW,WE,Combined TRACON& Tower with Radar,29,44,39,21,133,0,2,33,28,63,29,46,72,49,196,0,24,24,220
08/26/2006,AMA,TX,ASW,WE,Combined TRACON& Tower with Radar,18,31,40,0,89,0,0,10,0,10,18,31,50,0,99,0,0,0,99
08/27/2006,AMA,TX,ASW,WE,Combined TRACON& Tower with Radar,24,27,41,4,96,0,0,27,4,31,24,27,68,8,127,0,0,0,127
08/28/2006,AMA,TX,ASW,WE,Combined TRACON& Tower with Radar,28,42,60,70,200,0,1,35,59,95,28,43,95,129,295,10,55,65,360
08/29/2006,AMA,TX,ASW,WE,Combined TRACON& Tower with Radar,23,43,58,73,197,0,1,28,69,98,23,44,86,142,295,33,334,367,662
08/30/2006,AMA,TX,ASW,WE,Combined TRACON& Tower with Radar,23,37,47,28,135,0,2,28,20,50,23,39,75,48,185,18,20,38,223
08/31/2006,AMA,TX,ASW,WE,Combined TRACON& Tower with Radar,26,37,63,39,165,0,2,33,23,58,26,39,96,62,223,6,252,258,481
09/01/2006,AMA,TX,ASW,WE,Combined TRACON& Tower with Radar,0,0,0,0,0,0,0,0,0,0,0,0,0,0,0,0,168,168,168
09/02/2006,AMA,TX,ASW,WE,Combined TRACON& Tower with Radar,15,28,30,2,75,0,0,2,0,2,15,28,32,2,77,0,0,0,77
09/03/2006,AMA,TX,ASW,WE,Combined TRACON& Tower with Radar,15,23,21,0,59,0,0,7,0,7,15,23,28,0,66,0,0,0,66
09/04/2006,AMA,TX,ASW,WE,Combined TRACON& Tower with Radar,23,33,16,7,79,0,0,21,4,25,23,33,37,11,104,10,0,10,114
09/05/2006,AMA,TX,ASW,WE,Combined TRACON& Tower with Radar,23,48,38,12,121,0,0,12,2,14,23,48,50,14,135,20,0,20,155
09/06/2006,AMA,TX,ASW,WE,Combined TRACON& Tower with Radar,25,39,27,36,127,0,1,22,21,44,25,40,49,57,171,20,70,90,261
09/07/2006,AMA,TX,ASW,WE,Combined TRACON& Tower with Radar,26,44,25,35,130,0,2,25,14,41,26,46,50,49,171,0,56,56,227
09/08/2006,AMA,TX,ASW,WE,Combined TRACON& Tower with Radar,24,43,36,38,141,0,3,18,23,44,24,46,54,61,185,0,30,30,215
09/09/2006,AMA,TX,ASW,WE,Combined TRACON& Tower with Radar,15,30,23,18,86,0,0,11,17,28,15,30,34,35,114,0,0,0,114
09/10/2006,AMA,TX,ASW,WE,Combined TRACON& Tower with Radar,20,33,25,12,90,0,0,29,5,34,20,33,54,17,124,82,24,106,230
09/11/2006,AMA,TX,ASW,WE,Combined TRACON& Tower with Radar,20,35,19,32,106,0,0,16,14,30,20,35,35,46,136,10,6,16,152
09/12/2006,AMA,TX,ASW,WE,Combined TRACON& Tower with Radar,25,47,34,23,129,0,0,17,18,35,25,47,51,41,164,22,20,42,206
09/13/2006,AMA,TX,ASW,WE,Combined TRACON& Tower with Radar,22,39,45,77,183,0,2,20,42,64,22,41,65,119,247,14,166,180,427
09/14/2006,AMA,TX,ASW,WE,Combined TRACON& Tower with Radar,33,31,31,44,139,0,1,13,32,46,33,32,44,76,185,0,94,94,279
09/15/2006,AMA,TX,ASW,WE,Combined TRACON& Tower with Radar,26,46,31,16,119,0,1,32,13,46,26,47,63,29,165,6,22,28,193
09/16/2006,AMA,TX,ASW,WE,Combined TRACON& Tower with Radar,17,28,24,0,69,0,0,13,0,13,17,28,37,0,82,0,0,0,82
09/17/2006,AMA,TX,ASW,WE,Combined TRACON& Tower with Radar,19,35,42,16,112,0,0,27,6,33,19,35,69,22,145,28,6,34,179
09/18/2006,AMA,TX,ASW,WE,Combined TRACON& Tower with Radar,22,42,41,113,218,0,1,47,73,121,22,43,88,186,339,30,58,88,427
09/19/2006,AMA,TX,ASW,WE,Combined TRACON& Tower with Radar,38,37,41,46,162,0,2,31,36,69,38,39,72,82,231,0,84,84,315
09/20/2006,AMA,TX,ASW,WE,Combined TRACON& Tower with Radar,26,37,36,28,127,10,4,36,15,65,36,41,72,43,192,36,22,58,250
09/21/2006,AMA,TX,ASW,WE,Combined TRACON& Tower with Radar,22,36,36,27,121,0,2,12,18,32,22,38,48,45,153,8,0,8,161
09/22/2006,AMA,TX,ASW,WE,Combined TRACON& Tower with Radar,0,0,0,0,0,0,0,0,0,0,0,0,0,0,0,10,190,200,200
09/23/2006,AMA,TX,ASW,WE,Combined TRACON& Tower with Radar,18,26,24,2,70,0,0,26,8,34,18,26,50,10,104,6,0,6,110
09/24/2006,AMA,TX,ASW,WE,Combined TRACON& Tower with Radar,21,39,29,11,100,0,0,37,9,46,21,39,66,20,146,36,62,98,244
09/25/2006,AMA,TX,ASW,WE,Combined TRACON& Tower with Radar,39,28,52,62,181,0,1,34,22,57,39,29,86,84,238,76,0,76,314
09/26/2006,AMA,TX,ASW,WE,Combined TRACON& Tower with Radar,25,41,54,42,162,0,1,42,31,74,25,42,96,73,236,20,144,164,400
09/27/2006,AMA,TX,ASW,WE,Combined TRACON& Tower with Radar,0,0,0,0,0,0,0,0,0,0,0,0,0,0,0,28,174,202,202
09/28/2006,AMA,TX,ASW,WE,Combined TRACON& Tower with Radar,22,41,42,3,108,0,1,51,3,55,22,42,93,6,163,6,40,46,209
09/29/2006,AMA,TX,ASW,WE,Combined TRACON& Tower with Radar,43,39,41,3,126,0,2,53,6,61,43,41,94,9,187,10,0,10,197
09/30/2006,AMA,TX,ASW,WE,Combined TRACON& Tower with Radar,21,28,26,0,75,0,0,24,0,24,21,28,50,0,99,46,0,46,145
10/01/2006,AMA,TX,ASW,WE,Combined TRACON& Tower with Radar,22,36,19,5,82,0,0,28,2,30,22,36,47,7,112,0,0,0,112
10/02/2006,AMA,TX,ASW,WE,Combined TRACON& Tower with Radar,28,30,22,64,144,0,0,0,0,0,28,30,22,64,144,0,246,246,390
10/03/2006,AMA,TX,ASW,WE,Combined TRACON& Tower with Radar,23,37,33,52,145,0,2,35,37,74,23,39,68,89,219,2,250,252,471
10/04/2006,AMA,TX,ASW,WE,Combined TRACON& Tower with Radar,0,0,0,0,0,0,0,0,0,0,0,0,0,0,0,0,144,144,144
10/05/2006,AMA,TX,ASW,WE,Combined TRACON& Tower with Radar,26,43,62,28,159,0,1,25,22,48,26,44,87,50,207,34,48,82,289
10/06/2006,AMA,TX,ASW,WE,Combined TRACON& Tower with Radar,27,40,38,50,155,0,2,38,36,76,27,42,76,86,231,0,110,110,341
10/07/2006,AMA,TX,ASW,WE,Combined TRACON& Tower with Radar,17,28,24,3,72,0,0,29,0,29,17,28,53,3,101,0,0,0,101
10/08/2006,AMA,TX,ASW,WE,Combined TRACON& Tower with Radar,20,31,32,2,85,0,0,21,2,23,20,31,53,4,108,0,0,0,108
10/09/2006,AMA,TX,ASW,WE,Combined TRACON& Tower with Radar,29,36,32,2,99,0,0,1,0,1,29,36,33,2,100,0,0,0,100
10/10/2006,AMA,TX,ASW,WE,Combined TRACON& Tower with Radar,29,28,32,65,154,0,1,17,57,75,29,29,49,122,229,2,132,134,363
10/11/2006,AMA,TX,ASW,WE,Combined TRACON& Tower with Radar,0,0,0,0,0,0,0,0,0,0,0,0,0,0,0,0,34,34,34
10/12/2006,AMA,TX,ASW,WE,Combined TRACON& Tower with Radar,25,48,51,22,146,0,0,26,20,46,25,48,77,42,192,6,114,120,312
10/13/2006,AMA,TX,ASW,WE,Combined TRACON& Tower with Radar,27,40,33,52,152,0,1,39,53,93,27,41,72,105,245,6,66,72,317
10/14/2006,AMA,TX,ASW,WE,Combined TRACON& Tower with Radar,18,29,20,9,76,0,0,19,3,22,18,29,39,12,98,0,0,0,98
10/15/2006,AMA,TX,ASW,WE,Combined TRACON& Tower with Radar,23,30,20,3,76,0,0,7,2,9,23,30,27,5,85,0,0,0,85
10/16/2006,AMA,TX,ASW,WE,Combined TRACON& Tower with Radar,29,25,29,55,138,0,0,25,95,120,29,25,54,150,258,0,100,100,358
10/17/2006,AMA,TX,ASW,WE,Combined TRACON& Tower with Radar,21,38,51,158,268,0,2,42,90,134,21,40,93,248,402,24,290,314,716
10/18/2006,AMA,TX,ASW,WE,Combined TRACON& Tower with Radar,22,40,39,74,175,0,0,10,52,62,22,40,49,126,237,0,24,24,261
10/19/2006,AMA,TX,ASW,WE,Combined TRACON& Tower with Radar,24,44,51,27,146,0,1,23,5,29,24,45,74,32,175,0,22,22,197
10/20/2006,AMA,TX,ASW,WE,Combined TRACON& Tower with Radar,24,40,30,55,149,0,2,31,39,72,24,42,61,94,221,18,114,132,353
10/21/2006,AMA,TX,ASW,WE,Combined TRACON& Tower with Radar,16,29,22,12,79,0,0,13,4,17,16,29,35,16,96,0,6,6,102
10/22/2006,AMA,TX,ASW,WE,Combined TRACON& Tower with Radar,21,38,30,56,145,0,0,32,19,51,21,38,62,75,196,0,84,84,280
10/23/2006,AMA,TX,ASW,WE,Combined TRACON& Tower with Radar,36,24,26,21,107,0,2,11,18,31,36,26,37,39,138,24,78,102,240
10/24/2006,AMA,TX,ASW,WE,Combined TRACON& Tower with Radar,23,40,40,81,184,0,5,18,94,117,23,45,58,175,301,8,256,264,565
10/25/2006,AMA,TX,ASW,WE,Combined TRACON& Tower with Radar,29,39,56,133,257,0,1,16,107,124,29,40,72,240,381,12,418,430,811
10/26/2006,AMA,TX,ASW,WE,Combined TRACON& Tower with Radar,19,49,32,85,185,0,1,15,37,53,19,50,47,122,238,0,138,138,376
10/27/2006,AMA,TX,ASW,WE,Combined TRACON& Tower with Radar,24,43,45,60,172,0,2,31,32,65,24,45,76,92,237,0,188,188,425
10/28/2006,AMA,TX,ASW,WE,Combined TRACON& Tower with Radar,16,30,23,10,79,0,0,52,8,60,16,30,75,18,139,40,20,60,199
10/29/2006,AMA,TX,ASW,WE,Combined TRACON& Tower with Radar,21,34,31,30,116,0,0,33,27,60,21,34,64,57,176,48,14,62,238
10/30/2006,AMA,TX,ASW,WE,Combined TRACON& Tower with Radar,23,40,33,29,125,0,1,21,17,39,23,41,54,46,164,28,142,170,334
10/31/2006,AMA,TX,ASW,WE,Combined TRACON& Tower with Radar,26,44,22,79,171,0,2,17,30,49,26,46,39,109,220,3,74,77,297
11/01/2006,AMA,TX,ASW,WE,Combined TRACON& Tower with Radar,21,36,46,61,164,0,2,38,27,67,21,38,84,88,231,10,162,172,403
11/02/2006,AMA,TX,ASW,WE,Combined TRACON& Tower with Radar,31,60,42,37,170,0,3,36,19,58,31,63,78,56,228,10,50,60,288
11/03/2006,AMA,TX,ASW,WE,Combined TRACON& Tower with Radar,25,44,46,24,139,0,2,13,15,30,25,46,59,39,169,46,28,74,243
11/04/2006,AMA,TX,ASW,WE,Combined TRACON& Tower with Radar,18,29,15,9,71,0,0,26,5,31,18,29,41,14,102,16,10,26,128
11/05/2006,AMA,TX,ASW,WE,Combined TRACON& Tower with Radar,18,33,31,14,96,0,0,17,8,25,18,33,48,22,121,0,0,0,121
11/06/2006,AMA,TX,ASW,WE,Combined TRACON& Tower with Radar,33,29,36,81,179,0,0,34,108,142,33,29,70,189,321,26,148,174,495
11/07/2006,AMA,TX,ASW,WE,Combined TRACON& Tower with Radar,23,45,31,83,182,0,0,0,0,0,23,45,31,83,182,8,102,110,292
11/08/2006,AMA,TX,ASW,WE,Combined TRACON& Tower with Radar,23,47,61,31,162,0,2,47,27,76,23,49,108,58,238,0,110,110,348
11/09/2006,AMA,TX,ASW,WE,Combined TRACON& Tower with Radar,25,45,49,59,178,0,2,30,37,69,25,47,79,96,247,0,138,138,385
11/10/2006,AMA,TX,ASW,WE,Combined TRACON& Tower with Radar,22,37,28,2,89,0,3,24,2,29,22,40,52,4,118,0,6,6,124
11/11/2006,AMA,TX,ASW,WE,Combined TRACON& Tower with Radar,0,0,0,0,0,0,0,0,0,0,0,0,0,0,0,0,46,46,46
11/12/2006,AMA,TX,ASW,WE,Combined TRACON& Tower with Radar,34,22,22,2,80,0,1,26,6,33,34,23,48,8,113,0,10,10,123
11/13/2006,AMA,TX,ASW,WE,Combined TRACON& Tower with Radar,30,36,27,69,162,0,4,23,42,69,30,40,50,111,231,202,30,232,463
11/14/2006,AMA,TX,ASW,WE,Combined TRACON& Tower with Radar,36,25,36,47,144,0,2,31,34,67,36,27,67,81,211,12,24,36,247
11/15/2006,AMA,TX,ASW,WE,Combined TRACON& Tower with Radar,28,39,33,33,133,0,1,17,22,40,28,40,50,55,173,0,44,44,217
11/16/2006,AMA,TX,ASW,WE,Combined TRACON& Tower with Radar,23,36,49,22,130,0,2,41,49,92,23,38,90,71,222,22,160,182,404
11/17/2006,AMA,TX,ASW,WE,Combined TRACON& Tower with Radar,24,39,39,42,144,0,1,46,19,66,24,40,85,61,210,6,30,36,246
11/18/2006,AMA,TX,ASW,WE,Combined TRACON& Tower with Radar,18,32,37,36,123,0,0,48,23,71,18,32,85,59,194,28,14,42,236
11/19/2006,AMA,TX,ASW,WE,Combined TRACON& Tower with Radar,23,35,33,31,122,0,0,45,19,64,23,35,78,50,186,20,70,90,276
11/20/2006,AMA,TX,ASW,WE,Combined TRACON& Tower with Radar,22,37,34,28,121,0,1,25,0,26,22,38,59,28,147,16,100,116,263
11/21/2006,AMA,TX,ASW,WE,Combined TRACON& Tower with Radar,22,40,29,72,163,0,2,29,50,81,22,42,58,122,244,0,168,168,412
11/22/2006,AMA,TX,ASW,WE,Combined TRACON& Tower with Radar,23,41,31,21,116,0,1,38,12,51,23,42,69,33,167,8,76,84,251
11/23/2006,AMA,TX,ASW,WE,Combined TRACON& Tower with Radar,14,21,16,0,51,0,0,10,0,10,14,21,26,0,61,18,0,18,79
11/24/2006,AMA,TX,ASW,WE,Combined TRACON& Tower with Radar,18,28,33,2,81,0,1,20,0,21,18,29,53,2,102,0,0,0,102
11/25/2006,AMA,TX,ASW,WE,Combined TRACON& Tower with Radar,19,32,21,0,72,0,0,26,3,29,19,32,47,3,101,0,0,0,101
11/26/2006,AMA,TX,ASW,WE,Combined TRACON& Tower with Radar,25,38,42,2,107,0,0,28,0,28,25,38,70,2,135,18,0,18,153
11/27/2006,AMA,TX,ASW,WE,Combined TRACON& Tower with Radar,22,36,46,87,191,0,2,20,44,66,22,38,66,131,257,14,98,112,369
11/28/2006,AMA,TX,ASW,WE,Combined TRACON& Tower with Radar,43,29,37,68,177,0,1,25,60,86,43,30,62,128,263,40,250,290,553
11/29/2006,AMA,TX,ASW,WE,Combined TRACON& Tower with Radar,24,44,43,19,130,0,0,8,15,23,24,44,51,34,153,0,10,10,163
11/30/2006,AMA,TX,ASW,WE,Combined TRACON& Tower with Radar,18,34,17,4,73,0,0,1,0,1,18,34,18,4,74,0,0,0,74
12/01/2006,AMA,TX,ASW,WE,Combined TRACON& Tower with Radar,22,40,51,59,172,0,2,21,33,56,22,42,72,92,228,0,6,6,234
12/02/2006,AMA,TX,ASW,WE,Combined TRACON& Tower with Radar,20,35,25,3,83,0,0,23,3,26,20,35,48,6,109,44,8,52,161
12/03/2006,AMA,TX,ASW,WE,Combined TRACON& Tower with Radar,22,31,29,26,108,0,0,33,17,50,22,31,62,43,158,12,18,30,188
12/04/2006,AMA,TX,ASW,WE,Combined TRACON& Tower with Radar,29,31,28,45,133,0,0,23,28,51,29,31,51,73,184,0,48,48,232
12/05/2006,AMA,TX,ASW,WE,Combined TRACON& Tower with Radar,25,45,44,17,131,0,0,18,27,45,25,45,62,44,176,22,62,84,260
12/06/2006,AMA,TX,ASW,WE,Combined TRACON& Tower with Radar,22,45,36,134,237,0,0,22,71,93,22,45,58,205,330,26,116,142,472
12/07/2006,AMA,TX,ASW,WE,Combined TRACON& Tower with Radar,23,48,24,77,172,0,0,13,51,64,23,48,37,128,236,0,22,22,258
12/08/2006,AMA,TX,ASW,WE,Combined TRACON& Tower with Radar,0,0,0,0,0,0,0,0,0,0,0,0,0,0,0,0,46,46,46
12/09/2006,AMA,TX,ASW,WE,Combined TRACON& Tower with Radar,18,32,20,36,106,0,0,9,16,25,18,32,29,52,131,0,0,0,131
12/10/2006,AMA,TX,ASW,WE,Combined TRACON& Tower with Radar,25,33,23,41,122,0,0,24,15,39,25,33,47,56,161,8,0,8,169
12/11/2006,AMA,TX,ASW,WE,Combined TRACON& Tower with Radar,26,35,30,121,212,0,0,13,100,113,26,35,43,221,325,0,378,378,703
12/12/2006,AMA,TX,ASW,WE,Combined TRACON& Tower with Radar,22,38,28,50,138,0,1,37,36,74,22,39,65,86,212,18,212,230,442
12/13/2006,AMA,TX,ASW,WE,Combined TRACON& Tower with Radar,0,0,0,0,0,0,0,0,0,0,0,0,0,0,0,2,60,62,62
12/14/2006,AMA,TX,ASW,WE,Combined TRACON& Tower with Radar,23,38,24,48,133,0,0,14,37,51,23,38,38,85,184,28,126,154,338
12/15/2006,AMA,TX,ASW,WE,Combined TRACON& Tower with Radar,0,0,0,0,0,0,0,0,0,0,0,0,0,0,0,0,62,62,62
12/16/2006,AMA,TX,ASW,WE,Combined TRACON& Tower with Radar,22,34,28,4,88,0,0,41,0,41,22,34,69,4,129,22,0,22,151
12/17/2006,AMA,TX,ASW,WE,Combined TRACON& Tower with Radar,23,29,23,10,85,0,0,26,24,50,23,29,49,34,135,0,8,8,143
12/18/2006,AMA,TX,ASW,WE,Combined TRACON& Tower with Radar,21,39,28,67,155,0,0,10,39,49,21,39,38,106,204,0,16,16,220
12/19/2006,AMA,TX,ASW,WE,Combined TRACON& Tower with Radar,19,30,10,0,59,0,0,0,0,0,19,30,10,0,59,0,0,0,59
12/20/2006,AMA,TX,ASW,WE,Combined TRACON& Tower with Radar,23,37,23,13,96,0,0,2,5,7,23,37,25,18,103,0,0,0,103
12/21/2006,AMA,TX,ASW,WE,Combined TRACON& Tower with Radar,21,45,48,22,136,0,1,47,8,56,21,46,95,30,192,10,60,70,262
12/22/2006,AMA,TX,ASW,WE,Combined TRACON& Tower with Radar,0,0,0,0,0,0,0,0,0,0,0,0,0,0,0,6,20,26,26
12/23/2006,AMA,TX,ASW,WE,Combined TRACON& Tower with Radar,16,35,37,0,88,0,0,28,0,28,16,35,65,0,116,0,0,0,116
12/24/2006,AMA,TX,ASW,WE,Combined TRACON& Tower with Radar,16,23,21,0,60,0,0,9,0,9,16,23,30,0,69,0,0,0,69
12/25/2006,AMA,TX,ASW,WE,Combined TRACON& Tower with Radar,23,28,9,0,60,0,0,7,0,7,23,28,16,0,67,0,0,0,67
12/26/2006,AMA,TX,ASW,WE,Combined TRACON& Tower with Radar,26,33,47,0,106,0,2,26,0,28,26,35,73,0,134,24,4,28,162
12/27/2006,AMA,TX,ASW,WE,Combined TRACON& Tower with Radar,0,0,0,0,0,0,0,0,0,0,0,0,0,0,0,0,10,10,10
12/28/2006,AMA,TX,ASW,WE,Combined TRACON& Tower with Radar,22,36,41,3,102,0,0,4,2,6,22,36,45,5,108,28,0,28,136
12/29/2006,AMA,TX,ASW,WE,Combined TRACON& Tower with Radar,21,27,9,0,57,0,0,0,0,0,21,27,9,0,57,0,0,0,57
12/30/2006,AMA,TX,ASW,WE,Combined TRACON& Tower with Radar,18,20,10,0,48,0,0,0,0,0,18,20,10,0,48,0,0,0,48
12/31/2006,AMA,TX,ASW,WE,Combined TRACON& Tower with Radar,17,28,8,0,53,0,4,14,0,18,17,32,22,0,71,0,0,0,71
01/01/2007,AMA,TX,ASW,WE,Combined TRACON& Tower with Radar,41,10,12,0,63,0,0,0,0,0,41,10,12,0,63,0,0,0,63
01/02/2007,AMA,TX,ASW,WE,Combined TRACON& Tower with Radar,22,39,36,0,97,0,1,25,0,26,22,40,61,0,123,0,0,0,123
01/03/2007,AMA,TX,ASW,WE,Combined TRACON& Tower with Radar,0,0,0,0,0,0,0,0,0,0,0,0,0,0,0,0,36,36,36
01/04/2007,AMA,TX,ASW,WE,Combined TRACON& Tower with Radar,22,45,30,51,148,0,1,23,62,86,22,46,53,113,234,12,194,206,440
01/05/2007,AMA,TX,ASW,WE,Combined TRACON& Tower with Radar,31,33,44,78,186,0,1,11,34,46,31,34,55,112,232,4,92,96,328
01/06/2007,AMA,TX,ASW,WE,Combined TRACON& Tower with Radar,20,34,25,1,80,0,0,19,3,22,20,34,44,4,102,32,0,32,134
01/07/2007,AMA,TX,ASW,WE,Combined TRACON& Tower with Radar,19,30,29,3,81,0,0,26,17,43,19,30,55,20,124,0,2,2,126
01/08/2007,AMA,TX,ASW,WE,Combined TRACON& Tower with Radar,23,37,37,74,171,0,1,29,47,77,23,38,66,121,248,38,114,152,400
01/09/2007,AMA,TX,ASW,WE,Combined TRACON& Tower with Radar,18,36,42,16,112,0,0,27,8,35,18,36,69,24,147,64,0,64,211
01/10/2007,AMA,TX,ASW,WE,Combined TRACON& Tower with Radar,22,39,34,45,140,0,2,23,28,53,22,41,57,73,193,22,52,74,267
01/11/2007,AMA,TX,ASW,WE,Combined TRACON& Tower with Radar,25,33,29,75,162,0,4,13,52,69,25,37,42,127,231,0,222,222,453
01/12/2007,AMA,TX,ASW,WE,Combined TRACON& Tower with Radar,19,26,10,0,55,0,0,0,0,0,19,26,10,0,55,0,0,0,55
01/13/2007,AMA,TX,ASW,WE,Combined TRACON& Tower with Radar,16,18,8,0,42,0,0,0,0,0,16,18,8,0,42,0,0,0,42
01/14/2007,AMA,TX,ASW,WE,Combined TRACON& Tower with Radar,0,0,0,0,0,0,0,0,0,0,0,0,0,0,0,0,0,0,0
01/15/2007,AMA,TX,ASW,WE,Combined TRACON& Tower with Radar,23,32,43,0,98,0,0,11,0,11,23,32,54,0,109,6,0,6,115
01/16/2007,AMA,TX,ASW,WE,Combined TRACON& Tower with Radar,22,30,46,11,109,0,3,24,11,38,22,33,70,22,147,24,0,24,171
01/17/2007,AMA,TX,ASW,WE,Combined TRACON& Tower with Radar,18,31,36,51,136,0,0,17,46,63,18,31,53,97,199,16,160,176,375
01/18/2007,AMA,TX,ASW,WE,Combined TRACON& Tower with Radar,20,39,35,58,152,0,12,16,25,53,20,51,51,83,205,12,112,124,329
01/19/2007,AMA,TX,ASW,WE,Combined TRACON& Tower with Radar,22,32,21,19,94,0,1,8,13,22,22,33,29,32,116,26,48,74,190
01/20/2007,AMA,TX,ASW,WE,Combined TRACON& Tower with Radar,15,19,2,0,36,0,0,0,0,0,15,19,2,0,36,0,0,0,36
01/21/2007,AMA,TX,ASW,WE,Combined TRACON& Tower with Radar,0,0,0,0,0,0,0,0,0,0,0,0,0,0,0,0,0,0,0
01/22/2007,AMA,TX,ASW,WE,Combined TRACON& Tower with Radar,29,29,23,40,121,0,0,10,52,62,29,29,33,92,183,0,8,8,191
01/23/2007,AMA,TX,ASW,WE,Combined TRACON& Tower with Radar,30,43,33,14,120,0,3,16,29,48,30,46,49,43,168,56,66,122,290
01/24/2007,AMA,TX,ASW,WE,Combined TRACON& Tower with Radar,24,35,58,101,218,0,2,43,74,119,24,37,101,175,337,0,150,150,487
01/25/2007,AMA,TX,ASW,WE,Combined TRACON& Tower with Radar,26,39,65,46,176,0,2,47,21,70,26,41,112,67,246,36,178,214,460
01/26/2007,AMA,TX,ASW,WE,Combined TRACON& Tower with Radar,0,0,0,0,0,0,0,0,0,0,0,0,0,0,0,14,34,48,48
01/27/2007,AMA,TX,ASW,WE,Combined TRACON& Tower with Radar,18,29,22,7,76,0,1,25,5,31,18,30,47,12,107,20,16,36,143
01/28/2007,AMA,TX,ASW,WE,Combined TRACON& Tower with Radar,0,0,0,0,0,0,0,0,0,0,0,0,0,0,0,2,14,16,16
01/29/2007,AMA,TX,ASW,WE,Combined TRACON& Tower with Radar,25,43,52,44,164,0,1,25,28,54,25,44,77,72,218,2,28,30,248
01/30/2007,AMA,TX,ASW,WE,Combined TRACON& Tower with Radar,28,32,31,7,98,0,2,20,12,34,28,34,51,19,132,18,36,54,186
01/31/2007,AMA,TX,ASW,WE,Combined TRACON& Tower with Radar,21,43,22,10,96,0,1,6,4,11,21,44,28,14,107,8,0,8,115
02/01/2007,AMA,TX,ASW,WE,Combined TRACON& Tower with Radar,22,42,26,26,116,0,2,6,14,22,22,44,32,40,138,0,0,0,138
02/02/2007,AMA,TX,ASW,WE,Combined TRACON& Tower with Radar,26,35,41,21,123,0,1,9,5,15,26,36,50,26,138,0,0,0,138
02/03/2007,AMA,TX,ASW,WE,Combined TRACON& Tower with Radar,19,24,36,7,86,0,0,34,1,35,19,24,70,8,121,48,24,72,193
02/04/2007,AMA,TX,ASW,WE,Combined TRACON& Tower with Radar,22,23,33,5,83,0,0,26,3,29,22,23,59,8,112,0,2,2,114
02/05/2007,AMA,TX,ASW,WE,Combined TRACON& Tower with Radar,22,39,37,62,160,0,0,34,30,64,22,39,71,92,224,0,152,152,376
02/06/2007,AMA,TX,ASW,WE,Combined TRACON& Tower with Radar,29,32,40,69,170,0,4,63,111,178,29,36,103,180,348,22,90,112,460
02/07/2007,AMA,TX,ASW,WE,Combined TRACON& Tower with Radar,23,32,32,1,88,0,0,3,0,3,23,32,35,1,91,0,0,0,91
02/08/2007,AMA,TX,ASW,WE,Combined TRACON& Tower with Radar,23,46,29,14,112,0,0,0,9,9,23,46,29,23,121,0,0,0,121
02/09/2007,AMA,TX,ASW,WE,Combined TRACON& Tower with Radar,20,42,25,5,92,0,0,0,1,1,20,42,25,6,93,0,0,0,93
02/10/2007,AMA,TX,ASW,WE,Combined TRACON& Tower with Radar,16,27,16,2,61,0,0,1,0,1,16,27,17,2,62,0,0,0,62
02/11/2007,AMA,TX,ASW,WE,Combined TRACON& Tower with Radar,0,0,0,0,0,0,0,0,0,0,0,0,0,0,0,2,12,14,14
02/12/2007,AMA,TX,ASW,WE,Combined TRACON& Tower with Radar,22,45,36,43,146,0,0,6,23,29,22,45,42,66,175,0,60,60,235
02/13/2007,AMA,TX,ASW,WE,Combined TRACON& Tower with Radar,22,34,23,127,206,0,0,2,71,73,22,34,25,198,279,0,206,206,485
02/14/2007,AMA,TX,ASW,WE,Combined TRACON& Tower with Radar,24,38,22,3,87,0,0,0,2,2,24,38,22,5,89,0,0,0,89
02/15/2007,AMA,TX,ASW,WE,Combined TRACON& Tower with Radar,25,43,34,13,115,0,0,13,4,17,25,43,47,17,132,0,0,0,132
02/16/2007,AMA,TX,ASW,WE,Combined TRACON& Tower with Radar,0,0,0,0,0,0,0,0,0,0,0,0,0,0,0,0,126,126,126
02/17/2007,AMA,TX,ASW,WE,Combined TRACON& Tower with Radar,19,26,19,9,73,0,0,29,0,29,19,26,48,9,102,64,0,64,166
02/18/2007,AMA,TX,ASW,WE,Combined TRACON& Tower with Radar,20,30,29,5,84,0,0,24,1,25,20,30,53,6,109,0,2,2,111
02/19/2007,AMA,TX,ASW,WE,Combined TRACON& Tower with Radar,23,35,38,9,105,0,0,23,7,30,23,35,61,16,135,18,0,18,153
02/20/2007,AMA,TX,ASW,WE,Combined TRACON& Tower with Radar,24,37,47,68,176,0,1,37,49,87,24,38,84,117,263,40,192,232,495
02/21/2007,AMA,TX,ASW,WE,Combined TRACON& Tower with Radar,21,47,39,65,172,0,4,58,52,114,21,51,97,117,286,4,136,140,426
02/22/2007,AMA,TX,ASW,WE,Combined TRACON& Tower with Radar,26,40,50,71,187,0,1,31,57,89,26,41,81,128,276,16,80,96,372
02/23/2007,AMA,TX,ASW,WE,Combined TRACON& Tower with Radar,26,41,39,60,166,0,0,19,30,49,26,41,58,90,215,6,104,110,325
02/24/2007,AMA,TX,ASW,WE,Combined TRACON& Tower with Radar,14,18,11,0,43,0,0,2,0,2,14,18,13,0,45,0,0,0,45
02/25/2007,AMA,TX,ASW,WE,Combined TRACON& Tower with Radar,20,28,21,57,126,0,0,24,34,58,20,28,45,91,184,2,12,14,198
02/26/2007,AMA,TX,ASW,WE,Combined TRACON& Tower with Radar,24,38,35,87,184,0,0,55,75,130,24,38,90,162,314,10,160,170,484
02/27/2007,AMA,TX,ASW,WE,Combined TRACON& Tower with Radar,24,40,37,28,129,0,1,41,21,63,24,41,78,49,192,14,48,62,254
02/28/2007,AMA,TX,ASW,WE,Combined TRACON& Tower with Radar,22,41,37,29,129,0,2,19,15,36,22,43,56,44,165,8,38,46,211
03/01/2007,AMA,TX,ASW,WE,Combined TRACON& Tower with Radar,24,46,57,90,217,0,1,39,78,118,24,47,96,168,335,4,218,222,557
03/02/2007,AMA,TX,ASW,WE,Combined TRACON& Tower with Radar,22,34,23,33,112,0,1,28,14,43,22,35,51,47,155,8,50,58,213
03/03/2007,AMA,TX,ASW,WE,Combined TRACON& Tower with Radar,17,24,20,0,61,0,3,25,4,32,17,27,45,4,93,0,18,18,111
03/04/2007,AMA,TX,ASW,WE,Combined TRACON& Tower with Radar,0,0,0,0,0,0,0,0,0,0,0,0,0,0,0,0,10,10,10
03/05/2007,AMA,TX,ASW,WE,Combined TRACON& Tower with Radar,25,37,38,35,135,0,1,33,32,66,25,38,71,67,201,30,90,120,321
03/06/2007,AMA,TX,ASW,WE,Combined TRACON& Tower with Radar,24,30,45,59,158,0,0,36,41,77,24,30,81,100,235,10,128,138,373
03/07/2007,AMA,TX,ASW,WE,Combined TRACON& Tower with Radar,23,40,40,47,150,0,4,41,33,78,23,44,81,80,228,4,66,70,298
03/08/2007,AMA,TX,ASW,WE,Combined TRACON& Tower with Radar,23,34,59,38,154,0,0,39,22,61,23,34,98,60,215,6,102,108,323
03/09/2007,AMA,TX,ASW,WE,Combined TRACON& Tower with Radar,23,34,33,65,155,0,2,27,40,69,23,36,60,105,224,0,122,122,346
03/10/2007,AMA,TX,ASW,WE,Combined TRACON& Tower with Radar,19,32,32,14,97,0,0,30,8,38,19,32,62,22,135,16,0,16,151
03/11/2007,AMA,TX,ASW,WE,Combined TRACON& Tower with Radar,0,0,0,0,0,0,0,0,0,0,0,0,0,0,0,8,0,8,8
03/14/2007,AMA,TX,ASW,WE,Combined TRACON& Tower with Radar,26,40,60,33,159,0,1,53,23,77,26,41,113,56,236,12,92,104,340
03/15/2007,AMA,TX,ASW,WE,Combined TRACON& Tower with Radar,22,38,51,54,165,0,0,27,33,60,22,38,78,87,225,0,36,36,261
03/16/2007,AMA,TX,ASW,WE,Combined TRACON& Tower with Radar,28,35,46,10,119,0,1,21,14,36,28,36,67,24,155,10,0,10,165
03/17/2007,AMA,TX,ASW,WE,Combined TRACON& Tower with Radar,19,29,33,12,93,0,0,43,9,52,19,29,76,21,145,10,28,38,183
03/19/2007,AMA,TX,ASW,WE,Combined TRACON& Tower with Radar,23,42,20,50,135,0,1,15,42,58,23,43,35,92,193,4,164,168,361
03/20/2007,AMA,TX,ASW,WE,Combined TRACON& Tower with Radar,23,40,36,74,173,0,0,10,42,52,23,40,46,116,225,2,68,70,295
03/21/2007,AMA,TX,ASW,WE,Combined TRACON& Tower with Radar,25,40,40,105,210,0,3,27,67,97,25,43,67,172,307,4,197,201,508
03/22/2007,AMA,TX,ASW,WE,Combined TRACON& Tower with Radar,22,44,30,13,109,0,0,18,4,22,22,44,48,17,131,0,30,30,161
03/23/2007,AMA,TX,ASW,WE,Combined TRACON& Tower with Radar,0,0,0,0,0,0,0,0,0,0,0,0,0,0,0,0,0,0,0
03/24/2007,AMA,TX,ASW,WE,Combined TRACON& Tower with Radar,18,34,28,0,80,0,0,12,0,12,18,34,40,0,92,4,0,4,96
03/25/2007,AMA,TX,ASW,WE,Combined TRACON& Tower with Radar,0,0,0,0,0,0,0,0,0,0,0,0,0,0,0,52,0,52,52
03/26/2007,AMA,TX,ASW,WE,Combined TRACON& Tower with Radar,45,26,29,100,200,0,0,31,99,130,45,26,60,199,330,4,180,184,514
03/27/2007,AMA,TX,ASW,WE,Combined TRACON& Tower with Radar,29,29,50,133,241,0,2,33,85,120,29,31,83,218,361,10,58,68,429
03/28/2007,AMA,TX,ASW,WE,Combined TRACON& Tower with Radar,23,41,44,19,127,0,1,27,9,37,23,42,71,28,164,0,36,36,200
03/29/2007,AMA,TX,ASW,WE,Combined TRACON& Tower with Radar,21,37,25,80,163,0,2,53,67,122,21,39,78,147,285,30,152,182,467
03/30/2007,AMA,TX,ASW,WE,Combined TRACON& Tower with Radar,24,35,35,24,118,1,2,5,7,15,25,37,40,31,133,0,0,0,133
03/31/2007,AMA,TX,ASW,WE,Combined TRACON& Tower with Radar,13,31,20,6,70,0,0,27,3,30,13,31,47,9,100,84,0,84,184
04/01/2007,AMA,TX,ASW,WE,Combined TRACON& Tower with Radar,21,26,33,54,134,0,0,36,34,70,21,26,69,88,204,10,46,56,260
04/02/2007,AMA,TX,ASW,WE,Combined TRACON& Tower with Radar,25,29,37,52,143,0,3,28,56,87,25,32,65,108,230,4,124,128,358
04/03/2007,AMA,TX,ASW,WE,Combined TRACON& Tower with Radar,25,49,37,91,202,0,1,38,63,102,25,50,75,154,304,4,88,92,396
04/04/2007,AMA,TX,ASW,WE,Combined TRACON& Tower with Radar,25,37,22,72,156,0,2,29,58,89,25,39,51,130,245,0,188,188,433
04/05/2007,AMA,TX,ASW,WE,Combined TRACON& Tower with Radar,23,45,40,78,186,0,0,37,44,81,23,45,77,122,267,0,12,12,279
04/06/2007,AMA,TX,ASW,WE,Combined TRACON& Tower with Radar,0,0,0,0,0,0,0,0,0,0,0,0,0,0,0,0,0,0,0
04/07/2007,AMA,TX,ASW,WE,Combined TRACON& Tower with Radar,20,29,4,2,55,0,0,1,0,1,20,29,5,2,56,0,0,0,56
04/08/2007,AMA,TX,ASW,WE,Combined TRACON& Tower with Radar,0,0,0,0,0,0,0,0,0,0,0,0,0,0,0,0,0,0,0
04/09/2007,AMA,TX,ASW,WE,Combined TRACON& Tower with Radar,22,44,40,36,142,0,0,8,16,24,22,44,48,52,166,0,18,18,184
04/10/2007,AMA,TX,ASW,WE,Combined TRACON& Tower with Radar,23,36,62,71,192,0,0,25,59,84,23,36,87,130,276,0,248,248,524
04/11/2007,AMA,TX,ASW,WE,Combined TRACON& Tower with Radar,21,40,50,34,145,0,3,58,14,75,21,43,108,48,220,0,116,116,336
04/12/2007,AMA,TX,ASW,WE,Combined TRACON& Tower with Radar,22,44,46,11,123,0,0,0,0,0,22,44,46,11,123,18,4,22,145
04/13/2007,AMA,TX,ASW,WE,Combined TRACON& Tower with Radar,25,42,10,5,82,0,0,1,0,1,25,42,11,5,83,0,0,0,83
04/14/2007,AMA,TX,ASW,WE,Combined TRACON& Tower with Radar,20,24,25,0,69,0,0,22,0,22,20,24,47,0,91,0,0,0,91
04/15/2007,AMA,TX,ASW,WE,Combined TRACON& Tower with Radar,22,28,15,17,82,0,0,39,9,48,22,28,54,26,130,0,0,0,130
04/16/2007,AMA,TX,ASW,WE,Combined TRACON& Tower with Radar,37,27,43,11,118,0,1,26,19,46,37,28,69,30,164,6,0,6,170
04/17/2007,AMA,TX,ASW,WE,Combined TRACON& Tower with Radar,25,44,39,4,112,0,0,3,3,6,25,44,42,7,118,0,0,0,118
04/18/2007,AMA,TX,ASW,WE,Combined TRACON& Tower with Radar,23,52,64,27,166,0,3,56,7,66,23,55,120,34,232,64,108,172,404
04/19/2007,AMA,TX,ASW,WE,Combined TRACON& Tower with Radar,23,47,34,6,110,0,1,53,3,57,23,48,87,9,167,14,0,14,181
04/20/2007,AMA,TX,ASW,WE,Combined TRACON& Tower with Radar,0,0,0,0,0,0,0,0,0,0,0,0,0,0,0,16,82,98,98
04/21/2007,AMA,TX,ASW,WE,Combined TRACON& Tower with Radar,19,26,22,10,77,0,0,8,8,16,19,26,30,18,93,0,0,0,93
04/22/2007,AMA,TX,ASW,WE,Combined TRACON& Tower with Radar,0,0,0,0,0,0,0,0,0,0,0,0,0,0,0,8,16,24,24
04/23/2007,AMA,TX,ASW,WE,Combined TRACON& Tower with Radar,37,34,45,30,146,0,1,25,19,45,37,35,70,49,191,4,70,74,265
04/24/2007,AMA,TX,ASW,WE,Combined TRACON& Tower with Radar,24,38,42,48,152,0,0,23,20,43,24,38,65,68,195,18,70,88,283
04/25/2007,AMA,TX,ASW,WE,Combined TRACON& Tower with Radar,19,43,29,44,135,0,1,4,41,46,19,44,33,85,181,0,66,66,247
04/26/2007,AMA,TX,ASW,WE,Combined TRACON& Tower with Radar,24,37,34,15,110,0,0,51,8,59,24,37,85,23,169,24,66,90,259
04/27/2007,AMA,TX,ASW,WE,Combined TRACON& Tower with Radar,28,40,30,35,133,0,0,65,20,85,28,40,95,55,218,8,46,54,272
04/28/2007,AMA,TX,ASW,WE,Combined TRACON& Tower with Radar,16,28,20,18,82,0,0,32,18,50,16,28,52,36,132,0,10,10,142
04/29/2007,AMA,TX,ASW,WE,Combined TRACON& Tower with Radar,20,28,28,15,91,0,0,33,7,40,20,28,61,22,131,8,24,32,163
04/30/2007,AMA,TX,ASW,WE,Combined TRACON& Tower with Radar,24,35,40,78,177,0,0,41,90,131,24,35,81,168,308,20,80,100,408
05/01/2007,AMA,TX,ASW,WE,Combined TRACON& Tower with Radar,31,32,28,101,192,0,1,45,131,177,31,33,73,232,369,46,322,368,737
05/02/2007,AMA,TX,ASW,WE,Combined TRACON& Tower with Radar,22,37,50,11,120,0,1,15,12,28,22,38,65,23,148,10,0,10,158
05/03/2007,AMA,TX,ASW,WE,Combined TRACON& Tower with Radar,20,48,61,77,206,0,1,36,42,79,20,49,97,119,285,66,202,268,553
05/04/2007,AMA,TX,ASW,WE,Combined TRACON& Tower with Radar,0,0,0,0,0,0,0,0,0,0,0,0,0,0,0,4,84,88,88
05/05/2007,AMA,TX,ASW,WE,Combined TRACON& Tower with Radar,19,26,16,4,65,0,0,16,0,16,19,26,32,4,81,22,6,28,109
05/06/2007,AMA,TX,ASW,WE,Combined TRACON& Tower with Radar,0,0,0,0,0,0,0,0,0,0,0,0,0,0,0,22,0,22,22
05/07/2007,AMA,TX,ASW,WE,Combined TRACON& Tower with Radar,27,47,36,56,166,0,0,26,59,85,27,47,62,115,251,0,0,0,251
05/08/2007,AMA,TX,ASW,WE,Combined TRACON& Tower with Radar,27,28,30,0,85,0,0,3,2,5,27,28,33,2,90,0,0,0,90
05/09/2007,AMA,TX,ASW,WE,Combined TRACON& Tower with Radar,30,44,45,34,153,0,0,33,24,57,30,44,78,58,210,26,155,181,391
05/10/2007,AMA,TX,ASW,WE,Combined TRACON& Tower with Radar,26,37,33,79,175,0,2,35,35,72,26,39,68,114,247,36,236,272,519
05/11/2007,AMA,TX,ASW,WE,Combined TRACON& Tower with Radar,23,38,37,48,146,0,1,36,40,77,23,39,73,88,223,58,0,58,281
05/12/2007,AMA,TX,ASW,WE,Combined TRACON& Tower with Radar,20,30,21,0,71,0,0,35,4,39,20,30,56,4,110,18,4,22,132
05/13/2007,AMA,TX,ASW,WE,Combined TRACON& Tower with Radar,24,28,10,16,78,0,0,29,6,35,24,28,39,22,113,10,22,32,145
05/14/2007,AMA,TX,ASW,WE,Combined TRACON& Tower with Radar,24,34,37,38,133,0,3,46,16,65,24,37,83,54,198,32,34,66,264
05/15/2007,AMA,TX,ASW,WE,Combined TRACON& Tower with Radar,36,36,39,82,193,0,1,32,88,121,36,37,71,170,314,12,62,74,388
05/16/2007,AMA,TX,ASW,WE,Combined TRACON& Tower with Radar,23,40,31,52,146,0,2,34,26,62,23,42,65,78,208,20,38,58,266
05/17/2007,AMA,TX,ASW,WE,Combined TRACON& Tower with Radar,27,41,30,34,132,0,4,29,27,60,27,45,59,61,192,0,18,18,210
05/18/2007,AMA,TX,ASW,WE,Combined TRACON& Tower with Radar,0,0,0,0,0,0,0,0,0,0,0,0,0,0,0,0,0,0,0
05/19/2007,AMA,TX,ASW,WE,Combined TRACON& Tower with Radar,31,18,22,1,72,0,0,23,0,23,31,18,45,1,95,26,0,26,121
05/20/2007,AMA,TX,ASW,WE,Combined TRACON& Tower with Radar,0,0,0,0,0,0,0,0,0,0,0,0,0,0,0,0,0,0,0
05/21/2007,AMA,TX,ASW,WE,Combined TRACON& Tower with Radar,23,43,37,12,115,0,0,20,5,25,23,43,57,17,140,0,2,2,142
05/22/2007,AMA,TX,ASW,WE,Combined TRACON& Tower with Radar,30,31,47,106,214,0,1,19,75,95,30,32,66,181,309,20,106,126,435
05/23/2007,AMA,TX,ASW,WE,Combined TRACON& Tower with Radar,22,37,35,60,154,0,2,42,38,82,22,39,77,98,236,4,134,138,374
05/24/2007,AMA,TX,ASW,WE,Combined TRACON& Tower with Radar,23,38,40,71,172,0,2,50,74,126,23,40,90,145,298,28,130,158,456
05/25/2007,AMA,TX,ASW,WE,Combined TRACON& Tower with Radar,23,41,57,15,136,0,1,25,0,26,23,42,82,15,162,0,0,0,162
05/26/2007,AMA,TX,ASW,WE,Combined TRACON& Tower with Radar,22,33,27,29,111,0,0,42,18,60,22,33,69,47,171,28,34,62,233
05/27/2007,AMA,TX,ASW,WE,Combined TRACON& Tower with Radar,0,0,0,0,0,0,0,0,0,0,0,0,0,0,0,12,36,48,48
05/28/2007,AMA,TX,ASW,WE,Combined TRACON& Tower with Radar,21,35,27,4,87,0,0,31,0,31,21,35,58,4,118,28,8,36,154
05/29/2007,AMA,TX,ASW,WE,Combined TRACON& Tower with Radar,33,29,30,54,146,0,2,28,57,87,33,31,58,111,233,70,110,180,413
05/30/2007,AMA,TX,ASW,WE,Combined TRACON& Tower with Radar,27,42,38,68,175,0,3,25,42,70,27,45,63,110,245,24,20,44,289
05/31/2007,AMA,TX,ASW,WE,Combined TRACON& Tower with Radar,26,46,34,49,155,0,0,11,25,36,26,46,45,74,191,58,14,72,263
06/01/2007,AMA,TX,ASW,WE,Combined TRACON& Tower with Radar,0,0,0,0,0,0,0,0,0,0,0,0,0,0,0,0,0,0,0
06/02/2007,AMA,TX,ASW,WE,Combined TRACON& Tower with Radar,21,36,17,2,76,0,0,13,4,17,21,36,30,6,93,6,22,28,121
06/03/2007,AMA,TX,ASW,WE,Combined TRACON& Tower with Radar,21,35,37,14,107,0,0,63,13,76,21,35,100,27,183,24,8,32,215
06/04/2007,AMA,TX,ASW,WE,Combined TRACON& Tower with Radar,31,37,33,58,159,0,1,48,36,85,31,38,81,94,244,130,220,350,594
06/05/2007,AMA,TX,ASW,WE,Combined TRACON& Tower with Radar,26,30,46,16,118,0,0,56,21,77,26,30,102,37,195,48,0,48,243
06/06/2007,AMA,TX,ASW,WE,Combined TRACON& Tower with Radar,27,39,40,8,114,0,0,20,8,28,27,39,60,16,142,6,40,46,188
06/07/2007,AMA,TX,ASW,WE,Combined TRACON& Tower with Radar,24,44,42,22,132,0,0,46,18,64,24,44,88,40,196,36,10,46,242
06/08/2007,AMA,TX,ASW,WE,Combined TRACON& Tower with Radar,25,35,44,129,233,0,1,61,127,189,25,36,105,256,422,80,216,296,718
06/09/2007,AMA,TX,ASW,WE,Combined TRACON& Tower with Radar,0,0,0,0,0,0,0,0,0,0,0,0,0,0,0,44,0,44,44
06/10/2007,AMA,TX,ASW,WE,Combined TRACON& Tower with Radar,20,38,27,22,107,0,1,20,10,31,20,39,47,32,138,0,36,36,174
06/11/2007,AMA,TX,ASW,WE,Combined TRACON& Tower with Radar,26,39,25,11,101,0,1,29,14,44,26,40,54,25,145,8,78,86,231
06/12/2007,AMA,TX,ASW,WE,Combined TRACON& Tower with Radar,25,38,40,6,109,0,0,21,4,25,25,38,61,10,134,0,20,20,154
06/13/2007,AMA,TX,ASW,WE,Combined TRACON& Tower with Radar,28,48,50,18,144,0,5,39,7,51,28,53,89,25,195,18,2,20,215
06/14/2007,AMA,TX,ASW,WE,Combined TRACON& Tower with Radar,22,40,40,43,145,0,0,46,43,89,22,40,86,86,234,20,178,198,432
06/15/2007,AMA,TX,ASW,WE,Combined TRACON& Tower with Radar,0,0,0,0,0,0,0,0,0,0,0,0,0,0,0,24,38,62,62
06/16/2007,AMA,TX,ASW,WE,Combined TRACON& Tower with Radar,20,29,37,6,92,0,0,14,18,32,20,29,51,24,124,20,36,56,180
06/17/2007,AMA,TX,ASW,WE,Combined TRACON& Tower with Radar,0,0,0,0,0,0,0,0,0,0,0,0,0,0,0,46,2,48,48
06/18/2007,AMA,TX,ASW,WE,Combined TRACON& Tower with Radar,32,33,28,103,196,0,3,35,102,140,32,36,63,205,336,0,262,262,598
06/19/2007,AMA,TX,ASW,WE,Combined TRACON& Tower with Radar,23,37,47,8,115,0,0,49,0,49,23,37,96,8,164,0,28,28,192
06/20/2007,AMA,TX,ASW,WE,Combined TRACON& Tower with Radar,24,39,36,59,158,0,1,51,33,85,24,40,87,92,243,48,48,96,339
06/21/2007,AMA,TX,ASW,WE,Combined TRACON& Tower with Radar,24,40,42,28,134,0,1,40,21,62,24,41,82,49,196,42,52,94,290
06/22/2007,AMA,TX,ASW,WE,Combined TRACON& Tower with Radar,34,31,72,10,147,0,0,39,2,41,34,31,111,12,188,34,6,40,228
06/23/2007,AMA,TX,ASW,WE,Combined TRACON& Tower with Radar,21,31,31,21,104,0,0,46,5,51,21,31,77,26,155,22,8,30,185
06/24/2007,AMA,TX,ASW,WE,Combined TRACON& Tower with Radar,36,23,29,29,117,0,2,40,20,62,36,25,69,49,179,36,26,62,241
06/25/2007,AMA,TX,ASW,WE,Combined TRACON& Tower with Radar,26,37,32,39,134,0,1,20,18,39,26,38,52,57,173,68,34,102,275
06/26/2007,AMA,TX,ASW,WE,Combined TRACON& Tower with Radar,26,39,44,58,167,0,0,27,76,103,26,39,71,134,270,0,334,334,604
06/27/2007,AMA,TX,ASW,WE,Combined TRACON& Tower with Radar,31,42,40,133,246,0,0,19,88,107,31,42,59,221,353,4,234,238,591
06/28/2007,AMA,TX,ASW,WE,Combined TRACON& Tower with Radar,31,37,44,149,261,0,0,28,158,186,31,37,72,307,447,0,366,366,813
06/29/2007,AMA,TX,ASW,WE,Combined TRACON& Tower with Radar,0,0,0,0,0,0,0,0,0,0,0,0,0,0,0,86,224,310,310
06/30/2007,AMA,TX,ASW,WE,Combined TRACON& Tower with Radar,31,22,36,12,101,0,0,36,5,41,31,22,72,17,142,0,0,0,142
07/01/2007,AMA,TX,ASW,WE,Combined TRACON& Tower with Radar,30,36,36,38,140,0,0,24,13,37,30,36,60,51,177,0,16,16,193
07/02/2007,AMA,TX,ASW,WE,Combined TRACON& Tower with Radar,28,32,40,94,194,0,1,26,46,73,28,33,66,140,267,0,74,74,341
07/03/2007,AMA,TX,ASW,WE,Combined TRACON& Tower with Radar,47,31,43,19,140,0,0,16,34,50,47,31,59,53,190,18,48,66,256
07/04/2007,AMA,TX,ASW,WE,Combined TRACON& Tower with Radar,21,29,21,0,71,0,0,44,0,44,21,29,65,0,115,8,24,32,147
07/05/2007,AMA,TX,ASW,WE,Combined TRACON& Tower with Radar,22,38,34,7,101,0,0,17,13,30,22,38,51,20,131,30,32,62,193
07/06/2007,AMA,TX,ASW,WE,Combined TRACON& Tower with Radar,27,42,39,36,144,0,1,46,31,78,27,43,85,67,222,0,50,50,272
07/07/2007,AMA,TX,ASW,WE,Combined TRACON& Tower with Radar,23,25,18,0,66,0,0,44,0,44,23,25,62,0,110,10,0,10,120
07/08/2007,AMA,TX,ASW,WE,Combined TRACON& Tower with Radar,25,36,36,25,122,0,0,19,20,39,25,36,55,45,161,4,0,4,165
07/09/2007,AMA,TX,ASW,WE,Combined TRACON& Tower with Radar,27,27,36,23,113,0,2,17,11,30,27,29,53,34,143,28,66,94,237
07/10/2007,AMA,TX,ASW,WE,Combined TRACON& Tower with Radar,39,21,44,35,139,0,1,40,22,63,39,22,84,57,202,28,138,166,368
07/11/2007,AMA,TX,ASW,WE,Combined TRACON& Tower with Radar,28,38,44,2,112,0,0,26,2,28,28,38,70,4,140,0,28,28,168
07/12/2007,AMA,TX,ASW,WE,Combined TRACON& Tower with Radar,26,45,37,45,153,0,2,26,34,62,26,47,63,79,215,0,102,102,317
07/13/2007,AMA,TX,ASW,WE,Combined TRACON& Tower with Radar,26,44,50,64,184,0,1,26,46,73,26,45,76,110,257,38,10,48,305
07/14/2007,AMA,TX,ASW,WE,Combined TRACON& Tower with Radar,23,39,34,12,108,0,0,37,10,47,23,39,71,22,155,14,2,16,171
07/15/2007,AMA,TX,ASW,WE,Combined TRACON& Tower with Radar,27,32,18,21,98,0,0,33,4,37,27,32,51,25,135,2,30,32,167
07/16/2007,AMA,TX,ASW,WE,Combined TRACON& Tower with Radar,27,34,40,6,107,0,2,25,3,30,27,36,65,9,137,6,6,12,149
07/17/2007,AMA,TX,ASW,WE,Combined TRACON& Tower with Radar,37,31,55,26,149,0,2,43,26,71,37,33,98,52,220,36,22,58,278
07/18/2007,AMA,TX,ASW,WE,Combined TRACON& Tower with Radar,30,38,38,20,126,0,1,36,10,47,30,39,74,30,173,23,82,105,278
07/19/2007,AMA,TX,ASW,WE,Combined TRACON& Tower with Radar,26,37,50,46,159,0,1,41,84,126,26,38,91,130,285,14,164,178,463
07/20/2007,AMA,TX,ASW,WE,Combined TRACON& Tower with Radar,24,47,40,28,139,0,0,47,16,63,24,47,87,44,202,20,88,108,310
07/21/2007,AMA,TX,ASW,WE,Combined TRACON& Tower with Radar,26,34,27,5,92,0,0,33,0,33,26,34,60,5,125,0,0,0,125
07/22/2007,AMA,TX,ASW,WE,Combined TRACON& Tower with Radar,0,0,0,0,0,0,0,0,0,0,0,0,0,0,0,2,0,2,2
07/23/2007,AMA,TX,ASW,WE,Combined TRACON& Tower with Radar,31,28,43,81,183,0,1,40,10,51,31,29,83,91,234,8,140,148,382
07/24/2007,AMA,TX,ASW,WE,Combined TRACON& Tower with Radar,28,33,29,13,103,0,4,33,4,41,28,37,62,17,144,0,38,38,182
07/25/2007,AMA,TX,ASW,WE,Combined TRACON& Tower with Radar,24,40,43,8,115,0,0,31,14,45,24,40,74,22,160,10,86,96,256
07/26/2007,AMA,TX,ASW,WE,Combined TRACON& Tower with Radar,24,29,42,45,140,0,1,47,10,58,24,30,89,55,198,4,226,230,428
07/27/2007,AMA,TX,ASW,WE,Combined TRACON& Tower with Radar,26,35,44,72,177,0,2,35,30,67,26,37,79,102,244,14,136,150,394
07/28/2007,AMA,TX,ASW,WE,Combined TRACON& Tower with Radar,22,34,17,4,77,0,5,30,6,41,22,39,47,10,118,64,22,86,204
07/29/2007,AMA,TX,ASW,WE,Combined TRACON& Tower with Radar,33,30,33,30,126,0,0,20,0,20,33,30,53,30,146,0,0,0,146
07/30/2007,AMA,TX,ASW,WE,Combined TRACON& Tower with Radar,26,36,46,121,229,0,1,27,5,33,26,37,73,126,262,4,126,130,392
07/31/2007,AMA,TX,ASW,WE,Combined TRACON& Tower with Radar,28,37,50,71,186,0,0,40,3,43,28,37,90,74,229,12,90,102,331
08/01/2007,AMA,TX,ASW,WE,Combined TRACON& Tower with Radar,22,26,41,34,123,0,2,32,11,45,22,28,73,45,168,24,22,46,214
08/02/2007,AMA,TX,ASW,WE,Combined TRACON& Tower with Radar,23,38,36,2,99,0,1,5,2,8,23,39,41,4,107,0,0,0,107
08/03/2007,AMA,TX,ASW,WE,Combined TRACON& Tower with Radar,33,32,30,21,116,0,1,34,3,38,33,33,64,24,154,76,50,126,280
08/04/2007,AMA,TX,ASW,WE,Combined TRACON& Tower with Radar,20,32,21,14,87,0,2,39,5,46,20,34,60,19,133,0,0,0,133
08/05/2007,AMA,TX,ASW,WE,Combined TRACON& Tower with Radar,22,28,31,13,94,0,0,31,4,35,22,28,62,17,129,62,0,62,191
08/06/2007,AMA,TX,ASW,WE,Combined TRACON& Tower with Radar,27,33,22,5,87,0,1,31,2,34,27,34,53,7,121,22,26,48,169
08/07/2007,AMA,TX,ASW,WE,Combined TRACON& Tower with Radar,30,28,41,19,118,0,2,34,6,42,30,30,75,25,160,18,60,78,238
08/08/2007,AMA,TX,ASW,WE,Combined TRACON& Tower with Radar,23,36,55,6,120,0,2,30,4,36,23,38,85,10,156,6,6,12,168
08/09/2007,AMA,TX,ASW,WE,Combined TRACON& Tower with Radar,30,34,54,12,130,0,1,23,0,24,30,35,77,12,154,8,32,40,194
08/10/2007,AMA,TX,ASW,WE,Combined TRACON& Tower with Radar,24,40,30,48,142,0,5,33,13,51,24,45,63,61,193,20,0,20,213
08/11/2007,AMA,TX,ASW,WE,Combined TRACON& Tower with Radar,18,39,12,16,85,0,0,13,1,14,18,39,25,17,99,0,0,0,99
08/12/2007,AMA,TX,ASW,WE,Combined TRACON& Tower with Radar,28,38,38,20,124,0,0,23,2,25,28,38,61,22,149,8,38,46,195
08/13/2007,AMA,TX,ASW,WE,Combined TRACON& Tower with Radar,31,32,44,14,121,0,1,27,2,30,31,33,71,16,151,8,0,8,159
08/14/2007,AMA,TX,ASW,WE,Combined TRACON& Tower with Radar,29,34,29,12,104,0,1,41,5,47,29,35,70,17,151,6,14,20,171
08/15/2007,AMA,TX,ASW,WE,Combined TRACON& Tower with Radar,23,36,47,21,127,0,1,45,0,46,23,37,92,21,173,16,28,44,217
08/16/2007,AMA,TX,ASW,WE,Combined TRACON& Tower with Radar,23,41,30,9,103,0,1,28,10,39,23,42,58,19,142,26,0,26,168
08/17/2007,AMA,TX,ASW,WE,Combined TRACON& Tower with Radar,25,39,45,14,123,0,0,25,0,25,25,39,70,14,148,60,16,76,224
08/18/2007,AMA,TX,ASW,WE,Combined TRACON& Tower with Radar,21,30,37,6,94,0,3,20,4,27,21,33,57,10,121,10,0,10,131
08/19/2007,AMA,TX,ASW,WE,Combined TRACON& Tower with Radar,20,33,27,15,95,0,0,22,3,25,20,33,49,18,120,16,8,24,144
08/20/2007,AMA,TX,ASW,WE,Combined TRACON& Tower with Radar,25,46,23,37,131,0,1,19,0,20,25,47,42,37,151,0,26,26,177
08/21/2007,AMA,TX,ASW,WE,Combined TRACON& Tower with Radar,35,22,36,23,116,0,0,22,0,22,35,22,58,23,138,0,20,20,158
08/22/2007,AMA,TX,ASW,WE,Combined TRACON& Tower with Radar,24,39,38,0,101,0,1,21,2,24,24,40,59,2,125,20,8,28,153
08/23/2007,AMA,TX,ASW,WE,Combined TRACON& Tower with Radar,26,35,30,28,119,0,1,18,5,24,26,36,48,33,143,0,10,10,153
08/24/2007,AMA,TX,ASW,WE,Combined TRACON& Tower with Radar,28,32,34,89,183,2,0,18,3,23,30,32,52,92,206,6,8,14,220
08/25/2007,AMA,TX,ASW,WE,Combined TRACON& Tower with Radar,21,37,19,0,77,0,0,28,0,28,21,37,47,0,105,34,0,34,139
08/26/2007,AMA,TX,ASW,WE,Combined TRACON& Tower with Radar,26,36,40,9,111,0,0,45,0,45,26,36,85,9,156,28,0,28,184
08/27/2007,AMA,TX,ASW,WE,Combined TRACON& Tower with Radar,34,22,62,9,127,0,1,17,0,18,34,23,79,9,145,0,0,0,145
08/28/2007,AMA,TX,ASW,WE,Combined TRACON& Tower with Radar,28,27,31,6,92,0,1,27,0,28,28,28,58,6,120,6,0,6,126
08/29/2007,AMA,TX,ASW,WE,Combined TRACON& Tower with Radar,22,34,40,8,104,0,0,23,1,24,22,34,63,9,128,10,8,18,146
08/30/2007,AMA,TX,ASW,WE,Combined TRACON& Tower with Radar,22,41,66,0,129,0,0,9,2,11,22,41,75,2,140,0,0,0,140
08/31/2007,AMA,TX,ASW,WE,Combined TRACON& Tower with Radar,30,28,44,3,105,0,0,35,3,38,30,28,79,6,143,6,0,6,149
09/01/2007,AMA,TX,ASW,WE,Combined TRACON& Tower with Radar,19,27,17,0,63,0,0,29,0,29,19,27,46,0,92,12,0,12,104
09/02/2007,AMA,TX,ASW,WE,Combined TRACON& Tower with Radar,14,26,5,0,45,0,0,12,1,13,14,26,17,1,58,0,0,0,58
09/03/2007,AMA,TX,ASW,WE,Combined TRACON& Tower with Radar,26,31,21,2,80,0,0,35,0,35,26,31,56,2,115,0,0,0,115
09/04/2007,AMA,TX,ASW,WE,Combined TRACON& Tower with Radar,23,32,48,13,116,0,1,30,0,31,23,33,78,13,147,4,30,34,181
09/05/2007,AMA,TX,ASW,WE,Combined TRACON& Tower with Radar,25,33,37,10,105,0,1,18,4,23,25,34,55,14,128,8,14,22,150
09/06/2007,AMA,TX,ASW,WE,Combined TRACON& Tower with Radar,23,45,43,2,113,0,0,27,0,27,23,45,70,2,140,18,22,40,180
09/07/2007,AMA,TX,ASW,WE,Combined TRACON& Tower with Radar,33,25,40,18,116,0,0,10,2,12,33,25,50,20,128,4,20,24,152
09/08/2007,AMA,TX,ASW,WE,Combined TRACON& Tower with Radar,19,35,23,25,102,0,0,23,3,26,19,35,46,28,128,14,0,14,142
09/09/2007,AMA,TX,ASW,WE,Combined TRACON& Tower with Radar,24,34,22,0,80,0,0,4,0,4,24,34,26,0,84,0,0,0,84
09/10/2007,AMA,TX,ASW,WE,Combined TRACON& Tower with Radar,20,35,23,3,81,0,0,7,0,7,20,35,30,3,88,0,0,0,88
09/11/2007,AMA,TX,ASW,WE,Combined TRACON& Tower with Radar,28,31,48,15,122,0,0,20,1,21,28,31,68,16,143,0,0,0,143
09/12/2007,AMA,TX,ASW,WE,Combined TRACON& Tower with Radar,24,36,28,2,90,0,1,23,0,24,24,37,51,2,114,10,0,10,124
09/13/2007,AMA,TX,ASW,WE,Combined TRACON& Tower with Radar,24,32,24,10,90,0,0,0,0,0,24,32,24,10,90,0,16,16,106
09/14/2007,AMA,TX,ASW,WE,Combined TRACON& Tower with Radar,30,63,39,48,180,0,3,37,1,41,30,66,76,49,221,0,0,0,221
09/15/2007,AMA,TX,ASW,WE,Combined TRACON& Tower with Radar,19,33,38,37,127,0,0,10,0,10,19,33,48,37,137,0,0,0,137
09/16/2007,AMA,TX,ASW,WE,Combined TRACON& Tower with Radar,28,35,39,20,122,0,0,44,4,48,28,35,83,24,170,6,8,14,184
09/17/2007,AMA,TX,ASW,WE,Combined TRACON& Tower with Radar,30,28,31,16,105,0,0,0,0,0,30,28,31,16,105,0,78,78,183
09/18/2007,AMA,TX,ASW,WE,Combined TRACON& Tower with Radar,22,30,42,70,164,0,0,23,44,67,22,30,65,114,231,28,92,120,351
09/19/2007,AMA,TX,ASW,WE,Combined TRACON& Tower with Radar,29,34,34,51,148,0,1,26,22,49,29,35,60,73,197,4,122,126,323
09/20/2007,AMA,TX,ASW,WE,Combined TRACON& Tower with Radar,22,41,44,22,129,0,0,28,2,30,22,41,72,24,159,8,20,28,187
09/21/2007,AMA,TX,ASW,WE,Combined TRACON& Tower with Radar,30,44,30,43,147,0,1,25,16,42,30,45,55,59,189,14,64,78,267
09/22/2007,AMA,TX,ASW,WE,Combined TRACON& Tower with Radar,17,32,27,2,78,0,0,31,0,31,17,32,58,2,109,42,0,42,151
09/23/2007,AMA,TX,ASW,WE,Combined TRACON& Tower with Radar,25,26,38,26,115,0,0,18,2,20,25,26,56,28,135,20,0,20,155
09/24/2007,AMA,TX,ASW,WE,Combined TRACON& Tower with Radar,24,40,33,81,178,0,0,21,3,24,24,40,54,84,202,0,20,20,222
09/25/2007,AMA,TX,ASW,WE,Combined TRACON& Tower with Radar,37,17,32,83,169,0,0,29,12,41,37,17,61,95,210,6,210,216,426
09/26/2007,AMA,TX,ASW,WE,Combined TRACON& Tower with Radar,22,54,52,148,276,0,0,21,18,39,22,54,73,166,315,32,130,162,477
09/27/2007,AMA,TX,ASW,WE,Combined TRACON& Tower with Radar,25,47,43,29,144,0,1,27,12,40,25,48,70,41,184,0,0,0,184
09/28/2007,AMA,TX,ASW,WE,Combined TRACON& Tower with Radar,25,35,45,7,112,0,0,23,2,25,25,35,68,9,137,26,0,26,163
09/29/2007,AMA,TX,ASW,WE,Combined TRACON& Tower with Radar,17,35,15,0,67,0,0,10,3,13,17,35,25,3,80,0,0,0,80
09/30/2007,AMA,TX,ASW,WE,Combined TRACON& Tower with Radar,27,39,29,8,103,0,2,34,6,42,27,41,63,14,145,0,28,28,173
10/01/2007,AMA,TX,ASW,WE,Combined TRACON& Tower with Radar,27,44,60,103,234,0,1,36,77,114,27,45,96,180,348,24,228,252,600
10/02/2007,AMA,TX,ASW,WE,Combined TRACON& Tower with Radar,29,35,18,106,188,0,0,31,17,48,29,35,49,123,236,8,50,58,294
10/03/2007,AMA,TX,ASW,WE,Combined TRACON& Tower with Radar,27,38,58,104,227,0,1,28,14,43,27,39,86,118,270,30,110,140,410
10/04/2007,AMA,TX,ASW,WE,Combined TRACON& Tower with Radar,20,40,48,76,184,0,0,41,21,62,20,40,89,97,246,8,170,178,424
10/05/2007,AMA,TX,ASW,WE,Combined TRACON& Tower with Radar,24,39,47,47,157,0,1,20,2,23,24,40,67,49,180,26,80,106,286
10/06/2007,AMA,TX,ASW,WE,Combined TRACON& Tower with Radar,16,31,37,0,84,0,0,13,0,13,16,31,50,0,97,0,0,0,97
10/07/2007,AMA,TX,ASW,WE,Combined TRACON& Tower with Radar,17,35,26,2,80,0,0,29,0,29,17,35,55,2,109,0,0,0,109
10/08/2007,AMA,TX,ASW,WE,Combined TRACON& Tower with Radar,26,34,49,68,177,0,1,37,0,38,26,35,86,68,215,20,0,20,235
10/09/2007,AMA,TX,ASW,WE,Combined TRACON& Tower with Radar,31,40,43,71,185,0,0,27,4,31,31,40,70,75,216,24,44,68,284
10/10/2007,AMA,TX,ASW,WE,Combined TRACON& Tower with Radar,28,32,47,55,162,0,0,27,21,48,28,32,74,76,210,12,222,234,444
10/11/2007,AMA,TX,ASW,WE,Combined TRACON& Tower with Radar,27,35,46,38,146,0,0,28,4,32,27,35,74,42,178,20,56,76,254
10/12/2007,AMA,TX,ASW,WE,Combined TRACON& Tower with Radar,29,56,60,91,236,0,0,16,3,19,29,56,76,94,255,18,0,18,273
10/13/2007,AMA,TX,ASW,WE,Combined TRACON& Tower with Radar,17,39,37,17,110,0,0,15,0,15,17,39,52,17,125,14,0,14,139
10/14/2007,AMA,TX,ASW,WE,Combined TRACON& Tower with Radar,21,41,38,41,141,0,0,16,4,20,21,41,54,45,161,6,2,8,169
10/15/2007,AMA,TX,ASW,WE,Combined TRACON& Tower with Radar,24,30,33,279,366,0,0,28,76,104,24,30,61,355,470,18,152,170,640
10/16/2007,AMA,TX,ASW,WE,Combined TRACON& Tower with Radar,28,43,46,46,163,0,0,18,0,18,28,43,64,46,181,6,102,108,289
10/17/2007,AMA,TX,ASW,WE,Combined TRACON& Tower with Radar,25,37,36,52,150,0,1,12,8,21,25,38,48,60,171,10,30,40,211
10/18/2007,AMA,TX,ASW,WE,Combined TRACON& Tower with Radar,22,36,30,102,190,0,0,32,3,35,22,36,62,105,225,12,18,30,255
10/19/2007,AMA,TX,ASW,WE,Combined TRACON& Tower with Radar,29,30,49,83,191,0,0,26,11,37,29,30,75,94,228,28,98,126,354
10/20/2007,AMA,TX,ASW,WE,Combined TRACON& Tower with Radar,22,27,31,8,88,0,2,25,0,27,22,29,56,8,115,8,0,8,123
10/21/2007,AMA,TX,ASW,WE,Combined TRACON& Tower with Radar,16,35,30,21,102,0,0,14,0,14,16,35,44,21,116,0,0,0,116
10/22/2007,AMA,TX,ASW,WE,Combined TRACON& Tower with Radar,27,42,41,116,226,0,0,7,82,89,27,42,48,198,315,0,74,74,389
10/23/2007,AMA,TX,ASW,WE,Combined TRACON& Tower with Radar,23,40,26,167,256,0,2,26,4,32,23,42,52,171,288,0,110,110,398
10/24/2007,AMA,TX,ASW,WE,Combined TRACON& Tower with Radar,22,44,38,107,211,0,0,26,18,44,22,44,64,125,255,12,138,150,405
10/25/2007,AMA,TX,ASW,WE,Combined TRACON& Tower with Radar,24,38,48,166,276,0,0,34,14,48,24,38,82,180,324,12,214,226,550
10/26/2007,AMA,TX,ASW,WE,Combined TRACON& Tower with Radar,24,32,55,113,224,0,1,29,5,35,24,33,84,118,259,16,112,128,387
10/27/2007,AMA,TX,ASW,WE,Combined TRACON& Tower with Radar,18,26,35,8,87,0,0,35,4,39,18,26,70,12,126,32,8,40,166
10/28/2007,AMA,TX,ASW,WE,Combined TRACON& Tower with Radar,22,39,20,66,147,0,0,27,4,31,22,39,47,70,178,0,2,2,180
10/29/2007,AMA,TX,ASW,WE,Combined TRACON& Tower with Radar,27,29,43,119,218,0,0,11,53,64,27,29,54,172,282,10,66,76,358
10/30/2007,AMA,TX,ASW,WE,Combined TRACON& Tower with Radar,29,37,25,68,159,0,0,29,46,75,29,37,54,114,234,54,54,108,342
10/31/2007,AMA,TX,ASW,WE,Combined TRACON& Tower with Radar,22,40,40,84,186,0,0,11,2,13,22,40,51,86,199,0,22,22,221
11/01/2007,AMA,TX,ASW,WE,Combined TRACON& Tower with Radar,25,39,35,106,205,0,0,35,6,41,25,39,70,112,246,38,132,170,416
11/02/2007,AMA,TX,ASW,WE,Combined TRACON& Tower with Radar,23,38,46,113,220,0,0,34,13,47,23,38,80,126,267,4,56,60,327
11/03/2007,AMA,TX,ASW,WE,Combined TRACON& Tower with Radar,15,32,34,20,101,0,0,33,2,35,15,32,67,22,136,18,4,22,158
11/04/2007,AMA,TX,ASW,WE,Combined TRACON& Tower with Radar,23,27,33,17,100,0,0,46,7,53,23,27,79,24,153,2,18,20,173
11/05/2007,AMA,TX,ASW,WE,Combined TRACON& Tower with Radar,36,29,29,96,190,0,0,37,0,37,36,29,66,96,227,0,96,96,323
11/06/2007,AMA,TX,ASW,WE,Combined TRACON& Tower with Radar,31,33,33,90,187,0,0,30,4,34,31,33,63,94,221,2,54,56,277
11/07/2007,AMA,TX,ASW,WE,Combined TRACON& Tower with Radar,27,39,31,112,209,0,0,37,9,46,27,39,68,121,255,26,42,68,323
11/08/2007,AMA,TX,ASW,WE,Combined TRACON& Tower with Radar,28,38,61,83,210,0,0,38,15,53,28,38,99,98,263,0,92,92,355
11/09/2007,AMA,TX,ASW,WE,Combined TRACON& Tower with Radar,36,32,59,49,176,0,1,49,10,60,36,33,108,59,236,58,102,160,396
11/10/2007,AMA,TX,ASW,WE,Combined TRACON& Tower with Radar,21,36,32,2,91,0,0,36,5,41,21,36,68,7,132,0,8,8,140
11/11/2007,AMA,TX,ASW,WE,Combined TRACON& Tower with Radar,26,39,45,17,127,0,0,35,5,40,26,39,80,22,167,10,10,20,187
11/12/2007,AMA,TX,ASW,WE,Combined TRACON& Tower with Radar,28,28,43,37,136,0,1,25,2,28,28,29,68,39,164,16,10,26,190
11/13/2007,AMA,TX,ASW,WE,Combined TRACON& Tower with Radar,32,35,49,213,329,0,0,30,29,59,32,35,79,242,388,0,86,86,474
11/14/2007,AMA,TX,ASW,WE,Combined TRACON& Tower with Radar,27,37,43,162,269,0,1,32,22,55,27,38,75,184,324,20,60,80,404
11/15/2007,AMA,TX,ASW,WE,Combined TRACON& Tower with Radar,32,41,36,186,295,0,1,19,16,36,32,42,55,202,331,10,88,98,429
11/16/2007,AMA,TX,ASW,WE,Combined TRACON& Tower with Radar,35,32,59,139,265,0,0,36,6,42,35,32,95,145,307,16,92,108,415
11/17/2007,AMA,TX,ASW,WE,Combined TRACON& Tower with Radar,19,31,22,19,91,0,0,31,2,33,19,31,53,21,124,0,0,0,124
11/18/2007,AMA,TX,ASW,WE,Combined TRACON& Tower with Radar,24,38,25,21,108,0,0,21,1,22,24,38,46,22,130,18,0,18,148
11/19/2007,AMA,TX,ASW,WE,Combined TRACON& Tower with Radar,30,41,26,171,268,0,1,26,21,48,30,42,52,192,316,0,78,78,394
11/20/2007,AMA,TX,ASW,WE,Combined TRACON& Tower with Radar,27,30,45,115,217,0,0,23,22,45,27,30,68,137,262,0,124,124,386
11/21/2007,AMA,TX,ASW,WE,Combined TRACON& Tower with Radar,28,38,20,39,125,0,0,13,2,15,28,38,33,41,140,2,10,12,152
11/22/2007,AMA,TX,ASW,WE,Combined TRACON& Tower with Radar,26,13,5,4,48,0,0,7,0,7,26,13,12,4,55,0,0,0,55
11/23/2007,AMA,TX,ASW,WE,Combined TRACON& Tower with Radar,20,25,15,0,60,0,0,1,0,1,20,25,16,0,61,0,0,0,61
11/24/2007,AMA,TX,ASW,WE,Combined TRACON& Tower with Radar,22,26,16,0,64,0,2,5,0,7,22,28,21,0,71,6,0,6,77
11/25/2007,AMA,TX,ASW,WE,Combined TRACON& Tower with Radar,25,40,39,0,104,0,2,18,0,20,25,42,57,0,124,0,0,0,124
11/26/2007,AMA,TX,ASW,WE,Combined TRACON& Tower with Radar,32,37,42,45,156,0,0,19,14,33,32,37,61,59,189,50,22,72,261
11/27/2007,AMA,TX,ASW,WE,Combined TRACON& Tower with Radar,33,30,29,15,107,0,0,19,1,20,33,30,48,16,127,0,10,10,137
11/28/2007,AMA,TX,ASW,WE,Combined TRACON& Tower with Radar,26,35,33,117,211,0,1,34,4,39,26,36,67,121,250,0,50,50,300
11/29/2007,AMA,TX,ASW,WE,Combined TRACON& Tower with Radar,25,43,33,39,140,0,2,20,12,34,25,45,53,51,174,0,0,0,174
11/30/2007,AMA,TX,ASW,WE,Combined TRACON& Tower with Radar,28,37,38,64,167,0,0,12,8,20,28,37,50,72,187,0,64,64,251
12/01/2007,AMA,TX,ASW,WE,Combined TRACON& Tower with Radar,17,29,5,0,51,0,0,4,2,6,17,29,9,2,57,0,0,0,57
12/02/2007,AMA,TX,ASW,WE,Combined TRACON& Tower with Radar,24,32,19,26,101,0,0,24,4,28,24,32,43,30,129,8,0,8,137
12/03/2007,AMA,TX,ASW,WE,Combined TRACON& Tower with Radar,33,27,38,98,196,0,0,34,5,39,33,27,72,103,235,6,136,142,377
12/04/2007,AMA,TX,ASW,WE,Combined TRACON& Tower with Radar,33,26,23,154,236,0,1,34,16,51,33,27,57,170,287,8,78,86,373
12/05/2007,AMA,TX,ASW,WE,Combined TRACON& Tower with Radar,29,44,22,92,187,0,0,31,12,43,29,44,53,104,230,80,56,136,366
12/06/2007,AMA,TX,ASW,WE,Combined TRACON& Tower with Radar,29,36,43,104,212,2,0,27,5,34,31,36,70,109,246,48,52,100,346
12/07/2007,AMA,TX,ASW,WE,Combined TRACON& Tower with Radar,27,43,74,77,221,0,0,2,2,4,27,43,76,79,225,0,106,106,331
12/08/2007,AMA,TX,ASW,WE,Combined TRACON& Tower with Radar,16,30,6,0,52,0,0,0,0,0,16,30,6,0,52,0,0,0,52
12/09/2007,AMA,TX,ASW,WE,Combined TRACON& Tower with Radar,27,37,16,2,82,0,0,1,1,2,27,37,17,3,84,0,0,0,84
12/10/2007,AMA,TX,ASW,WE,Combined TRACON& Tower with Radar,23,29,24,0,76,0,0,0,0,0,23,29,24,0,76,0,0,0,76
12/11/2007,AMA,TX,ASW,WE,Combined TRACON& Tower with Radar,33,32,21,2,88,0,0,0,0,0,33,32,21,2,88,0,0,0,88
12/12/2007,AMA,TX,ASW,WE,Combined TRACON& Tower with Radar,24,43,41,85,193,0,1,30,32,63,24,44,71,117,256,12,198,210,466
12/13/2007,AMA,TX,ASW,WE,Combined TRACON& Tower with Radar,26,57,48,84,215,0,1,30,8,39,26,58,78,92,254,0,86,86,340
12/14/2007,AMA,TX,ASW,WE,Combined TRACON& Tower with Radar,29,33,18,2,82,0,0,0,0,0,29,33,18,2,82,0,0,0,82
12/15/2007,AMA,TX,ASW,WE,Combined TRACON& Tower with Radar,19,32,14,2,67,0,0,2,1,3,19,32,16,3,70,0,0,0,70
12/16/2007,AMA,TX,ASW,WE,Combined TRACON& Tower with Radar,24,26,32,50,132,0,0,30,16,46,24,26,62,66,178,112,344,456,634
12/17/2007,AMA,TX,ASW,WE,Combined TRACON& Tower with Radar,27,37,24,73,161,0,2,18,0,20,27,39,42,73,181,0,18,18,199
12/18/2007,AMA,TX,ASW,WE,Combined TRACON& Tower with Radar,33,32,32,181,278,0,1,39,12,52,33,33,71,193,330,6,42,48,378
12/19/2007,AMA,TX,ASW,WE,Combined TRACON& Tower with Radar,27,38,29,162,256,0,0,39,13,52,27,38,68,175,308,8,50,58,366
12/20/2007,AMA,TX,ASW,WE,Combined TRACON& Tower with Radar,27,46,46,138,257,0,0,42,6,48,27,46,88,144,305,0,134,134,439
12/21/2007,AMA,TX,ASW,WE,Combined TRACON& Tower with Radar,38,37,31,59,165,0,0,23,6,29,38,37,54,65,194,0,72,72,266
12/22/2007,AMA,TX,ASW,WE,Combined TRACON& Tower with Radar,21,35,12,0,68,0,0,3,0,3,21,35,15,0,71,0,0,0,71
12/23/2007,AMA,TX,ASW,WE,Combined TRACON& Tower with Radar,26,34,35,0,95,0,0,27,2,29,26,34,62,2,124,0,0,0,124
12/24/2007,AMA,TX,ASW,WE,Combined TRACON& Tower with Radar,26,21,14,0,61,0,0,16,0,16,26,21,30,0,77,16,0,16,93
12/25/2007,AMA,TX,ASW,WE,Combined TRACON& Tower with Radar,28,16,6,0,50,0,0,8,0,8,28,16,14,0,58,0,0,0,58
12/26/2007,AMA,TX,ASW,WE,Combined TRACON& Tower with Radar,24,38,31,0,93,0,0,9,2,11,24,38,40,2,104,28,0,28,132
12/27/2007,AMA,TX,ASW,WE,Combined TRACON& Tower with Radar,22,20,12,0,54,0,0,0,0,0,22,20,12,0,54,0,0,0,54
12/28/2007,AMA,TX,ASW,WE,Combined TRACON& Tower with Radar,31,27,27,0,85,0,0,31,0,31,31,27,58,0,116,0,0,0,116
12/29/2007,AMA,TX,ASW,WE,Combined TRACON& Tower with Radar,23,28,13,2,66,0,0,26,0,26,23,28,39,2,92,0,0,0,92
12/30/2007,AMA,TX,ASW,WE,Combined TRACON& Tower with Radar,23,26,31,0,80,0,0,16,0,16,23,26,47,0,96,2,0,2,98
12/31/2007,AMA,TX,ASW,WE,Combined TRACON& Tower with Radar,17,28,19,0,64,0,0,11,0,11,17,28,30,0,75,0,0,0,75
01/01/2008,AMA,TX,ASW,WE,Combined TRACON& Tower with Radar,24,23,3,0,50,0,0,15,1,16,24,23,18,1,66,0,0,0,66
01/02/2008,AMA,TX,ASW,WE,Combined TRACON& Tower with Radar,25,36,36,0,97,0,0,28,1,29,25,36,64,1,126,0,0,0,126
01/03/2008,AMA,TX,ASW,WE,Combined TRACON& Tower with Radar,25,28,39,54,146,0,0,12,0,12,25,28,51,54,158,24,88,112,270
01/04/2008,AMA,TX,ASW,WE,Combined TRACON& Tower with Radar,29,35,34,53,151,0,0,28,0,28,29,35,62,53,179,0,44,44,223
01/05/2008,AMA,TX,ASW,WE,Combined TRACON& Tower with Radar,20,30,25,0,75,0,0,8,0,8,20,30,33,0,83,0,0,0,83
01/06/2008,AMA,TX,ASW,WE,Combined TRACON& Tower with Radar,27,35,33,1,96,0,0,18,0,18,27,35,51,1,114,16,0,16,130
01/07/2008,AMA,TX,ASW,WE,Combined TRACON& Tower with Radar,25,35,28,113,201,0,0,9,7,16,25,35,37,120,217,0,26,26,243
01/08/2008,AMA,TX,ASW,WE,Combined TRACON& Tower with Radar,33,16,63,134,246,0,2,26,28,56,33,18,89,162,302,0,174,174,476
01/09/2008,AMA,TX,ASW,WE,Combined TRACON& Tower with Radar,27,26,44,39,136,0,0,21,13,34,27,26,65,52,170,0,4,4,174
01/10/2008,AMA,TX,ASW,WE,Combined TRACON& Tower with Radar,27,39,59,56,181,0,2,27,2,31,27,41,86,58,212,0,12,12,224
01/11/2008,AMA,TX,ASW,WE,Combined TRACON& Tower with Radar,29,40,38,46,153,0,1,35,3,39,29,41,73,49,192,4,14,18,210
01/12/2008,AMA,TX,ASW,WE,Combined TRACON& Tower with Radar,19,23,41,13,96,0,0,27,5,32,19,23,68,18,128,0,0,0,128
01/13/2008,AMA,TX,ASW,WE,Combined TRACON& Tower with Radar,23,33,48,19,123,0,0,40,1,41,23,33,88,20,164,10,0,10,174
01/14/2008,AMA,TX,ASW,WE,Combined TRACON& Tower with Radar,30,23,29,74,156,0,0,23,3,26,30,23,52,77,182,0,96,96,278
01/15/2008,AMA,TX,ASW,WE,Combined TRACON& Tower with Radar,31,26,31,55,143,2,1,33,6,42,33,27,64,61,185,0,62,62,247
01/16/2008,AMA,TX,ASW,WE,Combined TRACON& Tower with Radar,26,30,25,2,83,0,0,0,0,0,26,30,25,2,83,0,0,0,83
01/17/2008,AMA,TX,ASW,WE,Combined TRACON& Tower with Radar,24,30,41,194,289,0,0,35,7,42,24,30,76,201,331,6,88,94,425
01/18/2008,AMA,TX,ASW,WE,Combined TRACON& Tower with Radar,37,27,25,94,183,0,0,36,8,44,37,27,61,102,227,0,16,16,243
01/19/2008,AMA,TX,ASW,WE,Combined TRACON& Tower with Radar,19,27,24,26,96,0,0,28,1,29,19,27,52,27,125,2,34,36,161
01/20/2008,AMA,TX,ASW,WE,Combined TRACON& Tower with Radar,24,34,28,7,93,0,0,18,0,18,24,34,46,7,111,0,0,0,111
01/21/2008,AMA,TX,ASW,WE,Combined TRACON& Tower with Radar,30,30,38,2,100,0,1,21,2,24,30,31,59,4,124,0,0,0,124
01/22/2008,AMA,TX,ASW,WE,Combined TRACON& Tower with Radar,33,36,51,107,227,0,4,22,0,26,33,40,73,107,253,0,14,14,267
01/23/2008,AMA,TX,ASW,WE,Combined TRACON& Tower with Radar,34,25,39,87,185,0,1,28,13,42,34,26,67,100,227,12,70,82,309
01/24/2008,AMA,TX,ASW,WE,Combined TRACON& Tower with Radar,25,38,43,30,136,0,0,21,10,31,25,38,64,40,167,4,38,42,209
01/25/2008,AMA,TX,ASW,WE,Combined TRACON& Tower with Radar,29,32,65,93,219,0,0,18,12,30,29,32,83,105,249,0,90,90,339
01/26/2008,AMA,TX,ASW,WE,Combined TRACON& Tower with Radar,18,17,53,3,91,0,0,29,0,29,18,17,82,3,120,24,0,24,144
01/27/2008,AMA,TX,ASW,WE,Combined TRACON& Tower with Radar,22,30,50,26,128,0,0,21,0,21,22,30,71,26,149,14,20,34,183
01/28/2008,AMA,TX,ASW,WE,Combined TRACON& Tower with Radar,38,42,18,7,105,0,2,9,0,11,38,44,27,7,116,0,0,0,116
01/29/2008,AMA,TX,ASW,WE,Combined TRACON& Tower with Radar,28,23,40,44,135,0,0,12,2,14,28,23,52,46,149,0,10,10,159
01/30/2008,AMA,TX,ASW,WE,Combined TRACON& Tower with Radar,28,33,33,43,137,0,0,24,16,40,28,33,57,59,177,0,38,38,215
01/31/2008,AMA,TX,ASW,WE,Combined TRACON& Tower with Radar,24,29,67,6,126,0,0,15,3,18,24,29,82,9,144,0,10,10,154
02/01/2008,AMA,TX,ASW,WE,Combined TRACON& Tower with Radar,29,26,70,88,213,0,0,35,6,41,29,26,105,94,254,0,80,80,334
02/02/2008,AMA,TX,ASW,WE,Combined TRACON& Tower with Radar,20,24,32,1,77,0,0,22,1,23,20,24,54,2,100,0,0,0,100
02/03/2008,AMA,TX,ASW,WE,Combined TRACON& Tower with Radar,23,30,20,18,91,0,0,16,3,19,23,30,36,21,110,0,26,26,136
02/04/2008,AMA,TX,ASW,WE,Combined TRACON& Tower with Radar,39,20,34,141,234,0,1,23,8,32,39,21,57,149,266,2,122,124,390
02/05/2008,AMA,TX,ASW,WE,Combined TRACON& Tower with Radar,39,16,16,20,91,0,0,0,0,0,39,16,16,20,91,0,0,0,91
02/06/2008,AMA,TX,ASW,WE,Combined TRACON& Tower with Radar,25,35,47,59,166,0,0,33,7,40,25,35,80,66,206,38,36,74,280
02/07/2008,AMA,TX,ASW,WE,Combined TRACON& Tower with Radar,27,31,43,29,130,0,4,20,14,38,27,35,63,43,168,32,18,50,218
02/08/2008,AMA,TX,ASW,WE,Combined TRACON& Tower with Radar,27,28,34,50,139,0,0,29,5,34,27,28,63,55,173,48,106,154,327
02/09/2008,AMA,TX,ASW,WE,Combined TRACON& Tower with Radar,19,24,39,14,96,0,3,25,1,29,19,27,64,15,125,10,0,10,135
02/10/2008,AMA,TX,ASW,WE,Combined TRACON& Tower with Radar,24,29,30,34,117,0,0,22,1,23,24,29,52,35,140,8,14,22,162
02/11/2008,AMA,TX,ASW,WE,Combined TRACON& Tower with Radar,33,28,44,73,178,0,1,18,35,54,33,29,62,108,232,0,78,78,310
02/12/2008,AMA,TX,ASW,WE,Combined TRACON& Tower with Radar,26,28,41,160,255,0,0,33,73,106,26,28,74,233,361,6,128,134,495
02/13/2008,AMA,TX,ASW,WE,Combined TRACON& Tower with Radar,27,43,58,69,197,0,2,32,28,62,27,45,90,97,259,0,26,26,285
02/14/2008,AMA,TX,ASW,WE,Combined TRACON& Tower with Radar,25,31,23,112,191,0,0,10,12,22,25,31,33,124,213,10,120,130,343
02/15/2008,AMA,TX,ASW,WE,Combined TRACON& Tower with Radar,28,24,28,132,212,0,1,0,4,5,28,25,28,136,217,0,52,52,269
02/16/2008,AMA,TX,ASW,WE,Combined TRACON& Tower with Radar,17,17,8,0,42,0,0,0,0,0,17,17,8,0,42,0,0,0,42
02/17/2008,AMA,TX,ASW,WE,Combined TRACON& Tower with Radar,24,32,33,0,89,0,0,4,0,4,24,32,37,0,93,0,0,0,93
02/18/2008,AMA,TX,ASW,WE,Combined TRACON& Tower with Radar,28,25,33,6,92,0,1,30,0,31,28,26,63,6,123,0,0,0,123
02/19/2008,AMA,TX,ASW,WE,Combined TRACON& Tower with Radar,32,28,53,29,142,0,2,35,2,39,32,30,88,31,181,22,16,38,219
02/20/2008,AMA,TX,ASW,WE,Combined TRACON& Tower with Radar,25,24,40,24,113,0,0,1,0,1,25,24,41,24,114,20,0,20,134
02/21/2008,AMA,TX,ASW,WE,Combined TRACON& Tower with Radar,25,25,40,20,110,0,0,12,0,12,25,25,52,20,122,0,0,0,122
02/22/2008,AMA,TX,ASW,WE,Combined TRACON& Tower with Radar,34,30,28,88,180,0,0,43,2,45,34,30,71,90,225,32,46,78,303
02/23/2008,AMA,TX,ASW,WE,Combined TRACON& Tower with Radar,21,25,25,12,83,0,0,17,1,18,21,25,42,13,101,0,0,0,101
02/24/2008,AMA,TX,ASW,WE,Combined TRACON& Tower with Radar,25,27,32,35,119,0,0,23,1,24,25,27,55,36,143,0,0,0,143
02/25/2008,AMA,TX,ASW,WE,Combined TRACON& Tower with Radar,28,35,38,25,126,0,0,11,4,15,28,35,49,29,141,6,48,54,195
02/26/2008,AMA,TX,ASW,WE,Combined TRACON& Tower with Radar,33,39,28,85,185,0,2,27,9,38,33,41,55,94,223,24,52,76,299
02/27/2008,AMA,TX,ASW,WE,Combined TRACON& Tower with Radar,27,32,54,91,204,0,4,35,28,67,27,36,89,119,271,36,152,188,459
02/28/2008,AMA,TX,ASW,WE,Combined TRACON& Tower with Radar,31,32,72,31,166,0,1,31,6,38,31,33,103,37,204,0,0,0,204
02/29/2008,AMA,TX,ASW,WE,Combined TRACON& Tower with Radar,26,26,49,70,171,0,4,30,2,36,26,30,79,72,207,0,28,28,235
03/01/2008,AMA,TX,ASW,WE,Combined TRACON& Tower with Radar,20,23,27,0,70,0,0,25,0,25,20,23,52,0,95,22,0,22,117
03/02/2008,AMA,TX,ASW,WE,Combined TRACON& Tower with Radar,26,23,21,8,78,0,0,6,1,7,26,23,27,9,85,0,0,0,85
03/03/2008,AMA,TX,ASW,WE,Combined TRACON& Tower with Radar,34,21,42,11,108,0,1,14,1,16,34,22,56,12,124,18,0,18,142
03/04/2008,AMA,TX,ASW,WE,Combined TRACON& Tower with Radar,29,35,39,110,213,0,0,29,14,43,29,35,68,124,256,18,40,58,314
03/05/2008,AMA,TX,ASW,WE,Combined TRACON& Tower with Radar,28,48,41,76,193,0,1,23,1,25,28,49,64,77,218,0,36,36,254
03/06/2008,AMA,TX,ASW,WE,Combined TRACON& Tower with Radar,26,28,17,8,79,0,1,19,2,22,26,29,36,10,101,16,0,16,117
03/07/2008,AMA,TX,ASW,WE,Combined TRACON& Tower with Radar,26,41,36,58,161,0,0,26,18,44,26,41,62,76,205,0,18,18,223
03/08/2008,AMA,TX,ASW,WE,Combined TRACON& Tower with Radar,24,31,31,10,96,0,0,33,0,33,24,31,64,10,129,32,0,32,161
03/09/2008,AMA,TX,ASW,WE,Combined TRACON& Tower with Radar,25,27,25,14,91,0,0,18,0,18,25,27,43,14,109,8,0,8,117
03/10/2008,AMA,TX,ASW,WE,Combined TRACON& Tower with Radar,31,31,40,39,141,0,0,26,8,34,31,31,66,47,175,22,44,66,241
03/11/2008,AMA,TX,ASW,WE,Combined TRACON& Tower with Radar,30,29,28,64,151,0,0,22,0,22,30,29,50,64,173,22,30,52,225
03/12/2008,AMA,TX,ASW,WE,Combined TRACON& Tower with Radar,27,39,43,50,159,0,1,44,8,53,27,40,87,58,212,52,94,146,358
03/13/2008,AMA,TX,ASW,WE,Combined TRACON& Tower with Radar,26,31,43,177,277,0,1,24,12,37,26,32,67,189,314,22,114,136,450
03/14/2008,AMA,TX,ASW,WE,Combined TRACON& Tower with Radar,30,34,30,40,134,0,1,20,2,23,30,35,50,42,157,4,34,38,195
03/15/2008,AMA,TX,ASW,WE,Combined TRACON& Tower with Radar,21,25,40,1,87,0,0,31,8,39,21,25,71,9,126,0,0,0,126
03/16/2008,AMA,TX,ASW,WE,Combined TRACON& Tower with Radar,31,34,28,0,93,0,0,1,0,1,31,34,29,0,94,0,0,0,94
03/17/2008,AMA,TX,ASW,WE,Combined TRACON& Tower with Radar,27,32,33,123,215,0,0,9,0,9,27,32,42,123,224,0,28,28,252
03/18/2008,AMA,TX,ASW,WE,Combined TRACON& Tower with Radar,33,20,22,104,179,0,0,9,7,16,33,20,31,111,195,0,0,0,195
03/19/2008,AMA,TX,ASW,WE,Combined TRACON& Tower with Radar,27,39,52,66,184,0,1,44,14,59,27,40,96,80,243,2,66,68,311
03/20/2008,AMA,TX,ASW,WE,Combined TRACON& Tower with Radar,26,34,31,26,117,0,0,41,16,57,26,34,72,42,174,26,38,64,238
03/21/2008,AMA,TX,ASW,WE,Combined TRACON& Tower with Radar,32,35,30,46,143,1,0,28,2,31,33,35,58,48,174,0,0,0,174
03/22/2008,AMA,TX,ASW,WE,Combined TRACON& Tower with Radar,23,28,24,5,80,0,0,26,1,27,23,28,50,6,107,100,2,102,209
03/23/2008,AMA,TX,ASW,WE,Combined TRACON& Tower with Radar,24,23,9,0,56,0,0,13,0,13,24,23,22,0,69,0,0,0,69
03/24/2008,AMA,TX,ASW,WE,Combined TRACON& Tower with Radar,32,29,35,39,135,0,2,27,0,29,32,31,62,39,164,0,0,0,164
03/25/2008,AMA,TX,ASW,WE,Combined TRACON& Tower with Radar,37,22,39,76,174,0,3,45,29,77,37,25,84,105,251,78,62,140,391
03/26/2008,AMA,TX,ASW,WE,Combined TRACON& Tower with Radar,28,30,35,165,258,0,5,33,47,85,28,35,68,212,343,50,206,256,599
03/27/2008,AMA,TX,ASW,WE,Combined TRACON& Tower with Radar,29,33,43,112,217,0,0,26,26,52,29,33,69,138,269,46,82,128,397
03/28/2008,AMA,TX,ASW,WE,Combined TRACON& Tower with Radar,27,50,47,207,331,0,0,19,1,20,27,50,66,208,351,16,146,162,513
03/29/2008,AMA,TX,ASW,WE,Combined TRACON& Tower with Radar,23,30,26,32,111,0,1,17,2,20,23,31,43,34,131,0,18,18,149
03/30/2008,AMA,TX,ASW,WE,Combined TRACON& Tower with Radar,29,30,49,54,162,0,0,30,0,30,29,30,79,54,192,12,20,32,224
03/31/2008,AMA,TX,ASW,WE,Combined TRACON& Tower with Radar,33,19,42,193,287,0,0,0,4,4,33,19,42,197,291,0,66,66,357
04/01/2008,AMA,TX,ASW,WE,Combined TRACON& Tower with Radar,29,33,34,120,216,0,0,39,30,69,29,33,73,150,285,4,60,64,349
04/02/2008,AMA,TX,ASW,WE,Combined TRACON& Tower with Radar,31,34,26,99,190,1,1,20,0,22,32,35,46,99,212,24,54,78,290
04/03/2008,AMA,TX,ASW,WE,Combined TRACON& Tower with Radar,35,32,50,190,307,0,0,15,62,77,35,32,65,252,384,10,146,156,540
04/04/2008,AMA,TX,ASW,WE,Combined TRACON& Tower with Radar,29,26,44,235,334,0,0,26,24,50,29,26,70,259,384,2,124,126,510
04/05/2008,AMA,TX,ASW,WE,Combined TRACON& Tower with Radar,21,26,33,1,81,0,4,14,2,20,21,30,47,3,101,0,0,0,101
04/06/2008,AMA,TX,ASW,WE,Combined TRACON& Tower with Radar,26,24,31,18,99,0,0,32,0,32,26,24,63,18,131,0,0,0,131
04/07/2008,AMA,TX,ASW,WE,Combined TRACON& Tower with Radar,38,17,35,10,100,0,0,12,0,12,38,17,47,10,112,0,0,0,112
04/08/2008,AMA,TX,ASW,WE,Combined TRACON& Tower with Radar,30,32,46,192,300,0,0,18,69,87,30,32,64,261,387,32,212,244,631
04/09/2008,AMA,TX,ASW,WE,Combined TRACON& Tower with Radar,28,41,33,6,108,0,0,3,0,3,28,41,36,6,111,0,0,0,111
04/10/2008,AMA,TX,ASW,WE,Combined TRACON& Tower with Radar,32,32,55,45,164,0,0,16,4,20,32,32,71,49,184,12,6,18,202
04/11/2008,AMA,TX,ASW,WE,Combined TRACON& Tower with Radar,30,29,39,23,121,0,1,22,1,24,30,30,61,24,145,0,22,22,167
04/12/2008,AMA,TX,ASW,WE,Combined TRACON& Tower with Radar,20,23,30,5,78,0,0,23,2,25,20,23,53,7,103,6,0,6,109
04/13/2008,AMA,TX,ASW,WE,Combined TRACON& Tower with Radar,30,27,36,24,117,0,0,31,2,33,30,27,67,26,150,0,0,0,150
04/14/2008,AMA,TX,ASW,WE,Combined TRACON& Tower with Radar,33,23,46,42,144,0,1,35,10,46,33,24,81,52,190,10,96,106,296
04/15/2008,AMA,TX,ASW,WE,Combined TRACON& Tower with Radar,37,24,28,21,110,0,0,18,2,20,37,24,46,23,130,0,54,54,184
04/16/2008,AMA,TX,ASW,WE,Combined TRACON& Tower with Radar,30,31,55,13,129,0,0,20,1,21,30,31,75,14,150,32,30,62,212
04/17/2008,AMA,TX,ASW,WE,Combined TRACON& Tower with Radar,38,26,35,44,143,0,0,3,1,4,38,26,38,45,147,10,0,10,157
04/18/2008,AMA,TX,ASW,WE,Combined TRACON& Tower with Radar,34,32,38,62,166,0,0,39,9,48,34,32,77,71,214,72,94,166,380
04/19/2008,AMA,TX,ASW,WE,Combined TRACON& Tower with Radar,26,25,25,10,86,0,2,28,3,33,26,27,53,13,119,36,28,64,183
04/20/2008,AMA,TX,ASW,WE,Combined TRACON& Tower with Radar,26,24,24,1,75,0,0,27,0,27,26,24,51,1,102,2,14,16,118
04/21/2008,AMA,TX,ASW,WE,Combined TRACON& Tower with Radar,35,21,31,72,159,0,0,15,41,56,35,21,46,113,215,8,158,166,381
04/22/2008,AMA,TX,ASW,WE,Combined TRACON& Tower with Radar,32,30,59,70,191,0,0,21,0,21,32,30,80,70,212,0,54,54,266
04/23/2008,AMA,TX,ASW,WE,Combined TRACON& Tower with Radar,29,33,34,1,97,0,0,4,0,4,29,33,38,1,101,2,0,2,103
04/24/2008,AMA,TX,ASW,WE,Combined TRACON& Tower with Radar,28,26,35,92,181,0,0,22,20,42,28,26,57,112,223,2,116,118,341
04/25/2008,AMA,TX,ASW,WE,Combined TRACON& Tower with Radar,30,35,35,72,172,0,1,19,22,42,30,36,54,94,214,0,108,108,322
04/26/2008,AMA,TX,ASW,WE,Combined TRACON& Tower with Radar,25,24,21,16,86,0,1,15,2,18,25,25,36,18,104,0,2,2,106
04/27/2008,AMA,TX,ASW,WE,Combined TRACON& Tower with Radar,31,32,28,28,119,0,2,26,6,34,31,34,54,34,153,0,18,18,171
04/28/2008,AMA,TX,ASW,WE,Combined TRACON& Tower with Radar,36,25,22,30,113,0,0,19,21,40,36,25,41,51,153,0,114,114,267
04/29/2008,AMA,TX,ASW,WE,Combined TRACON& Tower with Radar,31,34,30,53,148,0,0,27,10,37,31,34,57,63,185,8,38,46,231
04/30/2008,AMA,TX,ASW,WE,Combined TRACON& Tower with Radar,26,35,40,17,118,0,2,26,1,29,26,37,66,18,147,0,12,12,159
05/01/2008,AMA,TX,ASW,WE,Combined TRACON& Tower with Radar,25,31,35,13,104,0,0,20,6,26,25,31,55,19,130,0,34,34,164
05/02/2008,AMA,TX,ASW,WE,Combined TRACON& Tower with Radar,30,33,33,67,163,0,0,35,1,36,30,33,68,68,199,22,22,44,243
05/03/2008,AMA,TX,ASW,WE,Combined TRACON& Tower with Radar,20,25,16,14,75,0,5,31,1,37,20,30,47,15,112,22,20,42,154
05/04/2008,AMA,TX,ASW,WE,Combined TRACON& Tower with Radar,38,31,20,19,108,0,0,27,1,28,38,31,47,20,136,0,0,0,136
05/05/2008,AMA,TX,ASW,WE,Combined TRACON& Tower with Radar,41,11,29,4,85,0,0,15,0,15,41,11,44,4,100,8,20,28,128
05/06/2008,AMA,TX,ASW,WE,Combined TRACON& Tower with Radar,38,34,19,28,119,0,0,25,0,25,38,34,44,28,144,0,0,0,144
05/07/2008,AMA,TX,ASW,WE,Combined TRACON& Tower with Radar,37,25,8,9,79,0,1,5,0,6,37,26,13,9,85,26,0,26,111
05/08/2008,AMA,TX,ASW,WE,Combined TRACON& Tower with Radar,30,25,52,34,141,0,1,43,5,49,30,26,95,39,190,0,6,6,196
05/09/2008,AMA,TX,ASW,WE,Combined TRACON& Tower with Radar,31,28,30,75,164,0,5,22,5,32,31,33,52,80,196,10,40,50,246
05/10/2008,AMA,TX,ASW,WE,Combined TRACON& Tower with Radar,18,27,24,4,73,0,0,16,1,17,18,27,40,5,90,8,0,8,98
05/11/2008,AMA,TX,ASW,WE,Combined TRACON& Tower with Radar,31,32,17,27,107,0,0,19,1,20,31,32,36,28,127,12,0,12,139
05/12/2008,AMA,TX,ASW,WE,Combined TRACON& Tower with Radar,29,23,29,106,187,0,0,21,31,52,29,23,50,137,239,0,48,48,287
05/13/2008,AMA,TX,ASW,WE,Combined TRACON& Tower with Radar,26,29,41,90,186,0,0,30,19,49,26,29,71,109,235,96,92,188,423
05/14/2008,AMA,TX,ASW,WE,Combined TRACON& Tower with Radar,32,27,34,3,96,0,0,6,0,6,32,27,40,3,102,30,60,90,192
05/15/2008,AMA,TX,ASW,WE,Combined TRACON& Tower with Radar,32,29,38,30,129,0,0,10,0,10,32,29,48,30,139,0,0,0,139
05/16/2008,AMA,TX,ASW,WE,Combined TRACON& Tower with Radar,30,27,40,86,183,0,0,41,5,46,30,27,81,91,229,18,28,46,275
05/17/2008,AMA,TX,ASW,WE,Combined TRACON& Tower with Radar,25,22,32,35,114,0,0,24,10,34,25,22,56,45,148,8,4,12,160
05/18/2008,AMA,TX,ASW,WE,Combined TRACON& Tower with Radar,28,22,29,0,79,0,0,13,1,14,28,22,42,1,93,0,0,0,93
05/19/2008,AMA,TX,ASW,WE,Combined TRACON& Tower with Radar,43,10,38,66,157,0,0,34,4,38,43,10,72,70,195,38,42,80,275
05/20/2008,AMA,TX,ASW,WE,Combined TRACON& Tower with Radar,33,20,36,109,198,0,0,24,9,33,33,20,60,118,231,30,32,62,293
05/21/2008,AMA,TX,ASW,WE,Combined TRACON& Tower with Radar,33,27,62,13,135,0,1,18,5,24,33,28,80,18,159,10,20,30,189
05/22/2008,AMA,TX,ASW,WE,Combined TRACON& Tower with Radar,25,35,29,16,105,0,2,12,6,20,25,37,41,22,125,0,30,30,155
05/23/2008,AMA,TX,ASW,WE,Combined TRACON& Tower with Radar,32,27,45,61,165,0,0,0,0,0,32,27,45,61,165,2,58,60,225
05/24/2008,AMA,TX,ASW,WE,Combined TRACON& Tower with Radar,22,29,34,2,87,0,0,14,3,17,22,29,48,5,104,4,8,12,116
05/25/2008,AMA,TX,ASW,WE,Combined TRACON& Tower with Radar,36,13,19,1,69,0,0,9,0,9,36,13,28,1,78,0,0,0,78
05/26/2008,AMA,TX,ASW,WE,Combined TRACON& Tower with Radar,37,9,18,9,73,0,0,18,0,18,37,9,36,9,91,0,8,8,99
05/27/2008,AMA,TX,ASW,WE,Combined TRACON& Tower with Radar,36,36,53,55,180,0,0,19,7,26,36,36,72,62,206,8,48,56,262
05/28/2008,AMA,TX,ASW,WE,Combined TRACON& Tower with Radar,31,26,25,77,159,0,0,16,3,19,31,26,41,80,178,0,42,42,220
05/29/2008,AMA,TX,ASW,WE,Combined TRACON& Tower with Radar,36,31,51,30,148,0,0,19,3,22,36,31,70,33,170,6,50,56,226
05/30/2008,AMA,TX,ASW,WE,Combined TRACON& Tower with Radar,32,28,33,41,134,0,0,43,2,45,32,28,76,43,179,18,10,28,207
05/31/2008,AMA,TX,ASW,WE,Combined TRACON& Tower with Radar,32,17,38,23,110,0,0,19,2,21,32,17,57,25,131,0,22,22,153
06/01/2008,AMA,TX,ASW,WE,Combined TRACON& Tower with Radar,29,31,37,2,99,0,0,13,0,13,29,31,50,2,112,10,0,10,122
06/02/2008,AMA,TX,ASW,WE,Combined TRACON& Tower with Radar,45,17,34,84,180,0,0,17,8,25,45,17,51,92,205,14,74,88,293
06/03/2008,AMA,TX,ASW,WE,Combined TRACON& Tower with Radar,47,20,23,137,227,0,0,30,10,40,47,20,53,147,267,26,48,74,341
06/04/2008,AMA,TX,ASW,WE,Combined TRACON& Tower with Radar,34,43,24,18,119,0,0,23,2,25,34,43,47,20,144,4,0,4,148
06/05/2008,AMA,TX,ASW,WE,Combined TRACON& Tower with Radar,30,26,31,11,98,1,0,14,0,15,31,26,45,11,113,0,0,0,113
06/06/2008,AMA,TX,ASW,WE,Combined TRACON& Tower with Radar,39,27,39,8,113,0,0,24,8,32,39,27,63,16,145,18,18,36,181
06/07/2008,AMA,TX,ASW,WE,Combined TRACON& Tower with Radar,25,26,18,5,74,0,1,8,2,11,25,27,26,7,85,4,0,4,89
06/08/2008,AMA,TX,ASW,WE,Combined TRACON& Tower with Radar,30,21,18,15,84,0,0,22,8,30,30,21,40,23,114,20,8,28,142
06/09/2008,AMA,TX,ASW,WE,Combined TRACON& Tower with Radar,40,24,39,89,192,0,0,21,5,26,40,24,60,94,218,0,70,70,288
06/10/2008,AMA,TX,ASW,WE,Combined TRACON& Tower with Radar,32,27,38,20,117,0,0,18,18,36,32,27,56,38,153,0,70,70,223
06/11/2008,AMA,TX,ASW,WE,Combined TRACON& Tower with Radar,35,25,36,29,125,0,0,25,5,30,35,25,61,34,155,24,30,54,209
06/12/2008,AMA,TX,ASW,WE,Combined TRACON& Tower with Radar,33,23,47,32,135,0,0,34,0,34,33,23,81,32,169,20,20,40,209
06/13/2008,AMA,TX,ASW,WE,Combined TRACON& Tower with Radar,28,26,35,74,163,0,0,37,2,39,28,26,72,76,202,34,48,82,284
06/14/2008,AMA,TX,ASW,WE,Combined TRACON& Tower with Radar,28,20,12,2,62,0,2,24,0,26,28,22,36,2,88,12,0,12,100
06/15/2008,AMA,TX,ASW,WE,Combined TRACON& Tower with Radar,28,30,25,30,113,0,0,41,2,43,28,30,66,32,156,0,8,8,164
06/16/2008,AMA,TX,ASW,WE,Combined TRACON& Tower with Radar,41,15,33,37,126,0,0,24,14,38,41,15,57,51,164,0,70,70,234
06/17/2008,AMA,TX,ASW,WE,Combined TRACON& Tower with Radar,32,31,53,77,193,0,0,9,2,11,32,31,62,79,204,58,14,72,276
06/18/2008,AMA,TX,ASW,WE,Combined TRACON& Tower with Radar,34,32,42,31,139,0,0,25,0,25,34,32,67,31,164,18,14,32,196
06/19/2008,AMA,TX,ASW,WE,Combined TRACON& Tower with Radar,31,28,52,24,135,0,0,42,2,44,31,28,94,26,179,6,0,6,185
06/20/2008,AMA,TX,ASW,WE,Combined TRACON& Tower with Radar,29,31,31,56,147,0,0,35,1,36,29,31,66,57,183,6,22,28,211
06/21/2008,AMA,TX,ASW,WE,Combined TRACON& Tower with Radar,33,23,38,49,143,0,0,22,2,24,33,23,60,51,167,30,26,56,223
06/22/2008,AMA,TX,ASW,WE,Combined TRACON& Tower with Radar,31,24,24,20,99,0,0,14,0,14,31,24,38,20,113,14,0,14,127
06/23/2008,AMA,TX,ASW,WE,Combined TRACON& Tower with Radar,37,23,28,42,130,0,0,15,3,18,37,23,43,45,148,0,40,40,188
06/24/2008,AMA,TX,ASW,WE,Combined TRACON& Tower with Radar,35,22,17,19,93,0,0,25,1,26,35,22,42,20,119,0,20,20,139
06/25/2008,AMA,TX,ASW,WE,Combined TRACON& Tower with Radar,45,16,48,26,135,0,0,36,5,41,45,16,84,31,176,0,30,30,206
06/26/2008,AMA,TX,ASW,WE,Combined TRACON& Tower with Radar,36,20,42,47,145,0,0,50,10,60,36,20,92,57,205,24,70,94,299
06/27/2008,AMA,TX,ASW,WE,Combined TRACON& Tower with Radar,31,23,40,108,202,0,0,38,9,47,31,23,78,117,249,0,38,38,287
06/28/2008,AMA,TX,ASW,WE,Combined TRACON& Tower with Radar,28,29,27,7,91,0,1,24,3,28,28,30,51,10,119,9,20,29,148
06/29/2008,AMA,TX,ASW,WE,Combined TRACON& Tower with Radar,26,25,32,2,85,0,5,29,0,34,26,30,61,2,119,14,0,14,133
06/30/2008,AMA,TX,ASW,WE,Combined TRACON& Tower with Radar,42,19,20,35,116,0,2,29,4,35,42,21,49,39,151,4,58,62,213
07/01/2008,AMA,TX,ASW,WE,Combined TRACON& Tower with Radar,40,22,37,26,125,0,0,19,5,24,40,22,56,31,149,54,10,64,213
07/02/2008,AMA,TX,ASW,WE,Combined TRACON& Tower with Radar,32,31,29,68,160,0,0,17,5,22,32,31,46,73,182,24,156,180,362
07/03/2008,AMA,TX,ASW,WE,Combined TRACON& Tower with Radar,36,24,25,0,85,0,0,19,8,27,36,24,44,8,112,26,0,26,138
07/04/2008,AMA,TX,ASW,WE,Combined TRACON& Tower with Radar,18,19,17,0,54,0,0,11,10,21,18,19,28,10,75,4,0,4,79
07/05/2008,AMA,TX,ASW,WE,Combined TRACON& Tower with Radar,26,20,12,3,61,0,0,32,2,34,26,20,44,5,95,44,0,44,139
07/06/2008,AMA,TX,ASW,WE,Combined TRACON& Tower with Radar,34,20,36,7,97,0,0,17,0,17,34,20,53,7,114,0,8,8,122
07/07/2008,AMA,TX,ASW,WE,Combined TRACON& Tower with Radar,46,11,16,0,73,0,0,27,1,28,46,11,43,1,101,38,12,50,151
07/08/2008,AMA,TX,ASW,WE,Combined TRACON& Tower with Radar,37,26,22,24,109,0,0,36,7,43,37,26,58,31,152,86,44,130,282
07/09/2008,AMA,TX,ASW,WE,Combined TRACON& Tower with Radar,40,27,24,0,91,0,0,27,7,34,40,27,51,7,125,12,36,48,173
07/10/2008,AMA,TX,ASW,WE,Combined TRACON& Tower with Radar,31,24,21,26,102,0,0,20,5,25,31,24,41,31,127,22,12,34,161
07/11/2008,AMA,TX,ASW,WE,Combined TRACON& Tower with Radar,32,26,33,120,211,0,0,24,26,50,32,26,57,146,261,0,128,128,389
07/12/2008,AMA,TX,ASW,WE,Combined TRACON& Tower with Radar,22,26,24,48,120,0,0,26,0,26,22,26,50,48,146,0,4,4,150
07/13/2008,AMA,TX,ASW,WE,Combined TRACON& Tower with Radar,28,21,18,36,103,0,0,10,0,10,28,21,28,36,113,0,0,0,113
07/14/2008,AMA,TX,ASW,WE,Combined TRACON& Tower with Radar,31,18,29,24,102,0,0,13,3,16,31,18,42,27,118,20,2,22,140
07/15/2008,AMA,TX,ASW,WE,Combined TRACON& Tower with Radar,36,17,25,4,82,0,0,25,0,25,36,17,50,4,107,46,0,46,153
07/16/2008,AMA,TX,ASW,WE,Combined TRACON& Tower with Radar,40,16,33,39,128,0,0,11,0,11,40,16,44,39,139,0,0,0,139
07/17/2008,AMA,TX,ASW,WE,Combined TRACON& Tower with Radar,41,16,23,42,122,0,0,24,16,40,41,16,47,58,162,28,44,72,234
07/18/2008,AMA,TX,ASW,WE,Combined TRACON& Tower with Radar,39,22,41,48,150,0,0,24,1,25,39,22,65,49,175,26,20,46,221
07/19/2008,AMA,TX,ASW,WE,Combined TRACON& Tower with Radar,31,11,59,20,121,0,0,26,0,26,31,11,85,20,147,20,32,52,199
07/20/2008,AMA,TX,ASW,WE,Combined TRACON& Tower with Radar,32,24,10,32,98,0,0,9,0,9,32,24,19,32,107,34,22,56,163
07/21/2008,AMA,TX,ASW,WE,Combined TRACON& Tower with Radar,39,25,21,27,112,0,0,20,6,26,39,25,41,33,138,40,16,56,194
07/22/2008,AMA,TX,ASW,WE,Combined TRACON& Tower with Radar,41,24,29,80,174,0,0,32,4,36,41,24,61,84,210,10,26,36,246
07/23/2008,AMA,TX,ASW,WE,Combined TRACON& Tower with Radar,42,25,35,73,175,0,0,36,1,37,42,25,71,74,212,12,18,30,242
07/24/2008,AMA,TX,ASW,WE,Combined TRACON& Tower with Radar,41,12,44,66,163,0,1,28,8,37,41,13,72,74,200,44,58,102,302
07/25/2008,AMA,TX,ASW,WE,Combined TRACON& Tower with Radar,45,15,31,80,171,0,0,33,2,35,45,15,64,82,206,22,84,106,312
07/26/2008,AMA,TX,ASW,WE,Combined TRACON& Tower with Radar,34,14,35,15,98,0,0,23,6,29,34,14,58,21,127,24,0,24,151
07/27/2008,AMA,TX,ASW,WE,Combined TRACON& Tower with Radar,28,25,23,36,112,0,0,10,6,16,28,25,33,42,128,0,4,4,132
07/28/2008,AMA,TX,ASW,WE,Combined TRACON& Tower with Radar,43,13,31,4,91,0,0,35,5,40,43,13,66,9,131,6,12,18,149
07/29/2008,AMA,TX,ASW,WE,Combined TRACON& Tower with Radar,43,20,37,33,133,0,1,23,1,25,43,21,60,34,158,8,92,100,258
07/30/2008,AMA,TX,ASW,WE,Combined TRACON& Tower with Radar,39,16,31,79,165,0,0,37,20,57,39,16,68,99,222,16,68,84,306
07/31/2008,AMA,TX,ASW,WE,Combined TRACON& Tower with Radar,38,12,31,32,113,0,0,32,3,35,38,12,63,35,148,36,102,138,286
08/01/2008,AMA,TX,ASW,WE,Combined TRACON& Tower with Radar,41,27,32,112,212,0,0,35,3,38,41,27,67,115,250,2,106,108,358
08/02/2008,AMA,TX,ASW,WE,Combined TRACON& Tower with Radar,21,31,44,2,98,0,0,0,0,0,21,31,44,2,98,20,0,20,118
08/03/2008,AMA,TX,ASW,WE,Combined TRACON& Tower with Radar,35,21,56,20,132,0,0,21,2,23,35,21,77,22,155,12,0,12,167
08/04/2008,AMA,TX,ASW,WE,Combined TRACON& Tower with Radar,35,15,35,39,124,0,0,22,1,23,35,15,57,40,147,0,14,14,161
08/05/2008,AMA,TX,ASW,WE,Combined TRACON& Tower with Radar,32,20,25,63,140,0,0,28,10,38,32,20,53,73,178,30,24,54,232
08/06/2008,AMA,TX,ASW,WE,Combined TRACON& Tower with Radar,34,26,39,42,141,0,0,30,11,41,34,26,69,53,182,0,42,42,224
08/07/2008,AMA,TX,ASW,WE,Combined TRACON& Tower with Radar,0,0,1,0,1,0,0,0,0,0,0,0,1,0,1,54,80,134,135
08/08/2008,AMA,TX,ASW,WE,Combined TRACON& Tower with Radar,37,23,36,52,148,0,0,19,2,21,37,23,55,54,169,52,52,104,273
08/09/2008,AMA,TX,ASW,WE,Combined TRACON& Tower with Radar,28,21,12,0,61,0,1,28,2,31,28,22,40,2,92,16,2,18,110
08/10/2008,AMA,TX,ASW,WE,Combined TRACON& Tower with Radar,33,23,42,26,124,0,0,15,0,15,33,23,57,26,139,10,46,56,195
08/11/2008,AMA,TX,ASW,WE,Combined TRACON& Tower with Radar,37,15,41,76,169,0,0,19,14,33,37,15,60,90,202,48,26,74,276
08/12/2008,AMA,TX,ASW,WE,Combined TRACON& Tower with Radar,41,17,46,81,185,0,0,29,4,33,41,17,75,85,218,10,80,90,308
08/13/2008,AMA,TX,ASW,WE,Combined TRACON& Tower with Radar,33,30,60,15,138,0,0,38,0,38,33,30,98,15,176,28,8,36,212
08/14/2008,AMA,TX,ASW,WE,Combined TRACON& Tower with Radar,0,0,3,0,3,0,0,0,0,0,0,0,3,0,3,32,66,98,101
08/15/2008,AMA,TX,ASW,WE,Combined TRACON& Tower with Radar,35,22,43,9,109,0,0,14,2,16,35,22,57,11,125,133,66,199,324
08/16/2008,AMA,TX,ASW,WE,Combined TRACON& Tower with Radar,17,28,16,1,62,0,0,2,0,2,17,28,18,1,64,0,0,0,64
08/17/2008,AMA,TX,ASW,WE,Combined TRACON& Tower with Radar,31,22,23,1,77,0,0,0,0,0,31,22,23,1,77,0,0,0,77
08/18/2008,AMA,TX,ASW,WE,Combined TRACON& Tower with Radar,40,16,23,0,79,0,0,14,5,19,40,16,37,5,98,24,0,24,122
08/19/2008,AMA,TX,ASW,WE,Combined TRACON& Tower with Radar,39,18,31,62,150,0,0,7,14,21,39,18,38,76,171,10,104,114,285
08/20/2008,AMA,TX,ASW,WE,Combined TRACON& Tower with Radar,35,27,44,139,245,0,0,30,1,31,35,27,74,140,276,65,93,158,434
08/21/2008,AMA,TX,ASW,WE,Combined TRACON& Tower with Radar,29,22,42,99,192,0,0,32,56,88,29,22,74,155,280,42,254,296,576
08/22/2008,AMA,TX,ASW,WE,Combined TRACON& Tower with Radar,0,0,0,0,0,0,0,0,0,0,0,0,0,0,0,4,44,48,48
08/23/2008,AMA,TX,ASW,WE,Combined TRACON& Tower with Radar,32,15,20,28,95,0,2,38,1,41,32,17,58,29,136,28,114,142,278
08/24/2008,AMA,TX,ASW,WE,Combined TRACON& Tower with Radar,30,17,26,60,133,0,5,46,0,51,30,22,72,60,184,82,16,98,282
08/25/2008,AMA,TX,ASW,WE,Combined TRACON& Tower with Radar,39,18,24,96,177,0,0,16,7,23,39,18,40,103,200,60,34,94,294
08/26/2008,AMA,TX,ASW,WE,Combined TRACON& Tower with Radar,37,24,48,56,165,0,1,19,0,20,37,25,67,56,185,0,14,14,199
08/27/2008,AMA,TX,ASW,WE,Combined TRACON& Tower with Radar,37,25,31,42,135,0,0,28,3,31,37,25,59,45,166,70,10,80,246
08/28/2008,AMA,TX,ASW,WE,Combined TRACON& Tower with Radar,0,0,0,0,0,0,0,0,0,0,0,0,0,0,0,34,30,64,64
08/29/2008,AMA,TX,ASW,WE,Combined TRACON& Tower with Radar,36,33,39,41,149,0,0,17,0,17,36,33,56,41,166,8,16,24,190
08/30/2008,AMA,TX,ASW,WE,Combined TRACON& Tower with Radar,21,27,23,5,76,0,0,12,0,12,21,27,35,5,88,4,0,4,92
08/31/2008,AMA,TX,ASW,WE,Combined TRACON& Tower with Radar,21,20,16,2,59,0,0,14,0,14,21,20,30,2,73,40,0,40,113
09/01/2008,AMA,TX,ASW,WE,Combined TRACON& Tower with Radar,29,19,44,21,113,0,0,15,2,17,29,19,59,23,130,54,24,78,208
09/02/2008,AMA,TX,ASW,WE,Combined TRACON& Tower with Radar,35,22,18,84,159,0,0,7,25,32,35,22,25,109,191,20,136,156,347
09/03/2008,AMA,TX,ASW,WE,Combined TRACON& Tower with Radar,37,23,30,201,291,0,0,5,8,13,37,23,35,209,304,12,164,176,480
09/04/2008,AMA,TX,ASW,WE,Combined TRACON& Tower with Radar,36,15,30,43,124,0,0,24,1,25,36,15,54,44,149,24,14,38,187
09/05/2008,AMA,TX,ASW,WE,Combined TRACON& Tower with Radar,35,23,39,100,197,0,0,22,4,26,35,23,61,104,223,0,54,54,277
09/06/2008,AMA,TX,ASW,WE,Combined TRACON& Tower with Radar,25,12,14,71,122,0,0,10,2,12,25,12,24,73,134,18,30,48,182
09/07/2008,AMA,TX,ASW,WE,Combined TRACON& Tower with Radar,27,26,34,12,99,0,0,24,0,24,27,26,58,12,123,18,0,18,141
09/08/2008,AMA,TX,ASW,WE,Combined TRACON& Tower with Radar,31,22,39,47,139,0,0,11,2,13,31,22,50,49,152,16,40,56,208
09/09/2008,AMA,TX,ASW,WE,Combined TRACON& Tower with Radar,45,28,51,49,173,0,0,8,5,13,45,28,59,54,186,28,26,54,240
09/10/2008,AMA,TX,ASW,WE,Combined TRACON& Tower with Radar,33,23,48,43,147,0,0,16,18,34,33,23,64,61,181,36,24,60,241
09/11/2008,AMA,TX,ASW,WE,Combined TRACON& Tower with Radar,34,28,28,80,170,0,6,6,7,19,34,34,34,87,189,0,108,108,297
09/12/2008,AMA,TX,ASW,WE,Combined TRACON& Tower with Radar,39,36,29,81,185,0,5,8,2,15,39,41,37,83,200,76,54,130,330
09/13/2008,AMA,TX,ASW,WE,Combined TRACON& Tower with Radar,19,21,16,0,56,0,9,5,0,14,19,30,21,0,70,52,0,52,122
09/14/2008,AMA,TX,ASW,WE,Combined TRACON& Tower with Radar,34,15,43,99,191,0,3,20,0,23,34,18,63,99,214,44,28,72,286
09/15/2008,AMA,TX,ASW,WE,Combined TRACON& Tower with Radar,31,23,18,29,101,0,0,27,5,32,31,23,45,34,133,68,30,98,231
09/16/2008,AMA,TX,ASW,WE,Combined TRACON& Tower with Radar,37,21,28,72,158,0,0,34,1,35,37,21,62,73,193,58,42,100,293
09/17/2008,AMA,TX,ASW,WE,Combined TRACON& Tower with Radar,30,29,38,84,181,0,5,23,1,29,30,34,61,85,210,40,56,96,306
09/18/2008,AMA,TX,ASW,WE,Combined TRACON& Tower with Radar,33,25,48,49,155,0,2,31,2,35,33,27,79,51,190,42,26,68,258
09/19/2008,AMA,TX,ASW,WE,Combined TRACON& Tower with Radar,34,27,30,84,175,0,7,43,20,70,34,34,73,104,245,46,52,98,343
09/20/2008,AMA,TX,ASW,WE,Combined TRACON& Tower with Radar,18,28,34,0,80,0,2,43,2,47,18,30,77,2,127,8,22,30,157
09/21/2008,AMA,TX,ASW,WE,Combined TRACON& Tower with Radar,30,25,19,24,98,0,0,26,3,29,30,25,45,27,127,2,0,2,129
09/22/2008,AMA,TX,ASW,WE,Combined TRACON& Tower with Radar,43,15,31,41,130,0,2,25,0,27,43,17,56,41,157,18,22,40,197
09/23/2008,AMA,TX,ASW,WE,Combined TRACON& Tower with Radar,37,15,22,53,127,0,1,19,4,24,37,16,41,57,151,22,60,82,233
09/24/2008,AMA,TX,ASW,WE,Combined TRACON& Tower with Radar,32,23,34,63,152,0,0,21,4,25,32,23,55,67,177,8,62,70,247
09/25/2008,AMA,TX,ASW,WE,Combined TRACON& Tower with Radar,38,21,38,20,117,0,0,26,0,26,38,21,64,20,143,30,8,38,181
09/26/2008,AMA,TX,ASW,WE,Combined TRACON& Tower with Radar,38,18,34,30,120,0,4,15,2,21,38,22,49,32,141,18,48,66,207
09/27/2008,AMA,TX,ASW,WE,Combined TRACON& Tower with Radar,20,22,9,18,69,0,1,25,2,28,20,23,34,20,97,10,8,18,115
09/28/2008,AMA,TX,ASW,WE,Combined TRACON& Tower with Radar,35,15,23,8,81,0,0,22,0,22,35,15,45,8,103,0,0,0,103
09/29/2008,AMA,TX,ASW,WE,Combined TRACON& Tower with Radar,43,9,28,24,104,0,0,21,0,21,43,9,49,24,125,20,10,30,155
09/30/2008,AMA,TX,ASW,WE,Combined TRACON& Tower with Radar,35,24,34,4,97,0,0,25,0,25,35,24,59,4,122,70,46,116,238
10/01/2008,AMA,TX,ASW,WE,Combined TRACON& Tower with Radar,34,28,19,12,93,0,3,21,0,24,34,31,40,12,117,6,0,6,123
10/02/2008,AMA,TX,ASW,WE,Combined TRACON& Tower with Radar,29,26,24,3,82,0,0,23,6,29,29,26,47,9,111,28,0,28,139
10/03/2008,AMA,TX,ASW,WE,Combined TRACON& Tower with Radar,28,33,28,22,111,0,0,18,0,18,28,33,46,22,129,12,12,24,153
10/04/2008,AMA,TX,ASW,WE,Combined TRACON& Tower with Radar,19,29,23,2,73,0,1,14,0,15,19,30,37,2,88,0,0,0,88
10/05/2008,AMA,TX,ASW,WE,Combined TRACON& Tower with Radar,27,26,12,10,75,0,0,2,3,5,27,26,14,13,80,0,0,0,80
10/06/2008,AMA,TX,ASW,WE,Combined TRACON& Tower with Radar,45,18,32,36,131,0,0,4,6,10,45,18,36,42,141,16,12,28,169
10/07/2008,AMA,TX,ASW,WE,Combined TRACON& Tower with Radar,31,34,24,32,121,0,0,25,2,27,31,34,49,34,148,40,10,50,198
10/08/2008,AMA,TX,ASW,WE,Combined TRACON& Tower with Radar,36,23,26,9,94,0,1,49,1,51,36,24,75,10,145,22,0,22,167
10/09/2008,AMA,TX,ASW,WE,Combined TRACON& Tower with Radar,0,0,0,0,0,0,0,0,0,0,0,0,0,0,0,4,58,62,62
10/10/2008,AMA,TX,ASW,WE,Combined TRACON& Tower with Radar,40,21,31,13,105,0,1,14,2,17,40,22,45,15,122,8,0,8,130
10/11/2008,AMA,TX,ASW,WE,Combined TRACON& Tower with Radar,17,25,15,2,59,0,0,2,0,2,17,25,17,2,61,8,16,24,85
10/12/2008,AMA,TX,ASW,WE,Combined TRACON& Tower with Radar,29,12,7,1,49,0,0,0,0,0,29,12,7,1,49,0,0,0,49
10/13/2008,AMA,TX,ASW,WE,Combined TRACON& Tower with Radar,34,26,24,7,91,0,0,0,0,0,34,26,24,7,91,0,0,0,91
10/14/2008,AMA,TX,ASW,WE,Combined TRACON& Tower with Radar,33,28,26,1,88,0,0,0,0,0,33,28,26,1,88,0,0,0,88
10/15/2008,AMA,TX,ASW,WE,Combined TRACON& Tower with Radar,34,20,33,46,133,0,0,18,5,23,34,20,51,51,156,28,42,70,226
10/16/2008,AMA,TX,ASW,WE,Combined TRACON& Tower with Radar,32,27,35,19,113,0,1,17,2,20,32,28,52,21,133,30,24,54,187
10/17/2008,AMA,TX,ASW,WE,Combined TRACON& Tower with Radar,31,23,34,9,97,0,1,17,2,20,31,24,51,11,117,0,20,20,137
10/18/2008,AMA,TX,ASW,WE,Combined TRACON& Tower with Radar,22,24,21,0,67,0,0,0,0,0,22,24,21,0,67,4,0,4,71
10/19/2008,AMA,TX,ASW,WE,Combined TRACON& Tower with Radar,32,20,25,4,81,0,0,28,1,29,32,20,53,5,110,0,0,0,110
10/20/2008,AMA,TX,ASW,WE,Combined TRACON& Tower with Radar,40,17,18,2,77,0,7,43,20,70,40,24,61,22,147,0,0,0,147
10/21/2008,AMA,TX,ASW,WE,Combined TRACON& Tower with Radar,35,15,37,4,91,0,0,18,0,18,35,15,55,4,109,0,0,0,109
10/22/2008,AMA,TX,ASW,WE,Combined TRACON& Tower with Radar,34,27,30,84,175,0,7,43,20,70,34,34,73,104,245,0,0,0,245
10/23/2008,AMA,TX,ASW,WE,Combined TRACON& Tower with Radar,0,0,0,0,0,0,0,0,0,0,0,0,0,0,0,10,0,10,10
10/24/2008,AMA,TX,ASW,WE,Combined TRACON& Tower with Radar,27,30,25,16,98,0,0,33,5,38,27,30,58,21,136,24,12,36,172
10/25/2008,AMA,TX,ASW,WE,Combined TRACON& Tower with Radar,17,26,15,13,71,0,2,24,6,32,17,28,39,19,103,26,28,54,157
10/26/2008,AMA,TX,ASW,WE,Combined TRACON& Tower with Radar,34,22,44,0,100,0,0,8,2,10,34,22,52,2,110,22,0,22,132
10/27/2008,AMA,TX,ASW,WE,Combined TRACON& Tower with Radar,43,10,31,5,89,0,0,29,14,43,43,10,60,19,132,56,18,74,206
10/28/2008,AMA,TX,ASW,WE,Combined TRACON& Tower with Radar,39,15,42,3,99,0,0,27,2,29,39,15,69,5,128,0,10,10,138
10/29/2008,AMA,TX,ASW,WE,Combined TRACON& Tower with Radar,30,24,31,23,108,0,2,36,4,42,30,26,67,27,150,16,6,22,172
10/30/2008,AMA,TX,ASW,WE,Combined TRACON& Tower with Radar,33,21,26,3,83,0,1,29,8,38,33,22,55,11,121,8,10,18,139
10/31/2008,AMA,TX,ASW,WE,Combined TRACON& Tower with Radar,32,24,34,42,132,0,1,34,8,43,32,25,68,50,175,16,22,38,213
11/01/2008,AMA,TX,ASW,WE,Combined TRACON& Tower with Radar,18,26,17,5,66,0,1,22,4,27,18,27,39,9,93,0,12,12,105
11/02/2008,AMA,TX,ASW,WE,Combined TRACON& Tower with Radar,27,27,15,21,90,0,0,24,2,26,27,27,39,23,116,48,22,70,186
11/03/2008,AMA,TX,ASW,WE,Combined TRACON& Tower with Radar,43,14,46,83,186,0,4,24,19,47,43,18,70,102,233,10,10,20,253
11/04/2008,AMA,TX,ASW,WE,Combined TRACON& Tower with Radar,31,29,50,43,153,0,0,11,0,11,31,29,61,43,164,0,8,8,172
11/05/2008,AMA,TX,ASW,WE,Combined TRACON& Tower with Radar,28,29,26,71,154,0,0,8,24,32,28,29,34,95,186,12,94,106,292
11/06/2008,AMA,TX,ASW,WE,Combined TRACON& Tower with Radar,29,23,47,64,163,0,0,22,5,27,29,23,69,69,190,28,54,82,272
11/07/2008,AMA,TX,ASW,WE,Combined TRACON& Tower with Radar,39,18,29,97,183,0,1,33,3,37,39,19,62,100,220,52,162,214,434
11/08/2008,AMA,TX,ASW,WE,Combined TRACON& Tower with Radar,19,26,28,6,79,0,0,44,3,47,19,26,72,9,126,42,24,66,192
11/09/2008,AMA,TX,ASW,WE,Combined TRACON& Tower with Radar,24,27,25,71,147,0,3,29,2,34,24,30,54,73,181,22,24,46,227
11/10/2008,AMA,TX,ASW,WE,Combined TRACON& Tower with Radar,28,27,10,7,72,0,2,3,0,5,28,29,13,7,77,10,0,10,87
11/11/2008,AMA,TX,ASW,WE,Combined TRACON& Tower with Radar,29,20,26,0,75,0,0,18,6,24,29,20,44,6,99,32,2,34,133
11/12/2008,AMA,TX,ASW,WE,Combined TRACON& Tower with Radar,31,64,37,73,205,0,3,31,10,44,31,67,68,83,249,50,134,184,433
11/13/2008,AMA,TX,ASW,WE,Combined TRACON& Tower with Radar,43,18,39,92,192,0,0,34,10,44,43,18,73,102,236,52,140,192,428
11/14/2008,AMA,TX,ASW,WE,Combined TRACON& Tower with Radar,34,24,26,55,139,0,1,12,0,13,34,25,38,55,152,16,14,30,182
11/15/2008,AMA,TX,ASW,WE,Combined TRACON& Tower with Radar,22,26,15,18,81,0,1,31,5,37,22,27,46,23,118,28,0,28,146
11/16/2008,AMA,TX,ASW,WE,Combined TRACON& Tower with Radar,33,22,24,36,115,0,0,34,1,35,33,22,58,37,150,2,0,2,152
11/17/2008,AMA,TX,ASW,WE,Combined TRACON& Tower with Radar,40,23,24,49,136,0,13,23,10,46,40,36,47,59,182,0,6,6,188
11/18/2008,AMA,TX,ASW,WE,Combined TRACON& Tower with Radar,34,24,39,75,172,0,4,38,1,43,34,28,77,76,215,0,52,52,267
11/19/2008,AMA,TX,ASW,WE,Combined TRACON& Tower with Radar,27,28,26,89,170,0,0,25,15,40,27,28,51,104,210,0,126,126,336
11/20/2008,AMA,TX,ASW,WE,Combined TRACON& Tower with Radar,34,27,30,84,175,0,7,43,20,70,34,34,73,104,245,6,150,156,401
11/21/2008,AMA,TX,ASW,WE,Combined TRACON& Tower with Radar,42,33,32,104,211,0,0,17,2,19,42,33,49,106,230,6,54,60,290
11/22/2008,AMA,TX,ASW,WE,Combined TRACON& Tower with Radar,24,28,28,36,116,0,1,25,8,34,24,29,53,44,150,20,18,38,188
11/23/2008,AMA,TX,ASW,WE,Combined TRACON& Tower with Radar,34,17,27,11,89,0,0,21,0,21,34,17,48,11,110,38,4,42,152
11/24/2008,AMA,TX,ASW,WE,Combined TRACON& Tower with Radar,35,20,36,71,162,0,0,26,10,36,35,20,62,81,198,70,72,142,340
11/25/2008,AMA,TX,ASW,WE,Combined TRACON& Tower with Radar,32,28,19,15,94,0,0,8,4,12,32,28,27,19,106,0,2,2,108
11/26/2008,AMA,TX,ASW,WE,Combined TRACON& Tower with Radar,30,39,19,4,92,0,2,24,5,31,30,41,43,9,123,8,0,8,131
11/27/2008,AMA,TX,ASW,WE,Combined TRACON& Tower with Radar,27,10,10,0,47,0,0,1,0,1,27,10,11,0,48,0,0,0,48
11/28/2008,AMA,TX,ASW,WE,Combined TRACON& Tower with Radar,29,18,18,0,65,0,0,0,0,0,29,18,18,0,65,0,0,0,65
11/29/2008,AMA,TX,ASW,WE,Combined TRACON& Tower with Radar,23,25,25,0,73,0,0,26,0,26,23,25,51,0,99,16,0,16,115
11/30/2008,AMA,TX,ASW,WE,Combined TRACON& Tower with Radar,26,23,22,4,75,0,0,13,0,13,26,23,35,4,88,0,0,0,88
12/01/2008,AMA,TX,ASW,WE,Combined TRACON& Tower with Radar,28,26,13,97,164,0,0,15,21,36,28,26,28,118,200,14,54,68,268
12/02/2008,AMA,TX,ASW,WE,Combined TRACON& Tower with Radar,33,23,23,67,146,0,0,28,23,51,33,23,51,90,197,19,92,111,308
12/03/2008,AMA,TX,ASW,WE,Combined TRACON& Tower with Radar,29,25,19,26,99,0,0,8,2,10,29,25,27,28,109,0,6,6,115
12/04/2008,AMA,TX,ASW,WE,Combined TRACON& Tower with Radar,34,23,24,62,143,0,0,22,11,33,34,23,46,73,176,28,106,134,310
12/05/2008,AMA,TX,ASW,WE,Combined TRACON& Tower with Radar,33,29,32,113,207,0,1,25,14,40,33,30,57,127,247,10,74,84,331
12/06/2008,AMA,TX,ASW,WE,Combined TRACON& Tower with Radar,25,18,30,0,73,0,2,23,0,25,25,20,53,0,98,0,0,0,98
12/07/2008,AMA,TX,ASW,WE,Combined TRACON& Tower with Radar,29,23,18,19,89,0,0,35,0,35,29,23,53,19,124,10,4,14,138
12/08/2008,AMA,TX,ASW,WE,Combined TRACON& Tower with Radar,39,25,25,60,149,0,0,9,9,18,39,25,34,69,167,10,26,36,203
12/09/2008,AMA,TX,ASW,WE,Combined TRACON& Tower with Radar,35,30,26,0,91,0,0,1,0,1,35,30,27,0,92,0,0,0,92
12/10/2008,AMA,TX,ASW,WE,Combined TRACON& Tower with Radar,29,22,31,73,155,0,0,25,2,27,29,22,56,75,182,0,0,0,182
12/11/2008,AMA,TX,ASW,WE,Combined TRACON& Tower with Radar,35,21,46,23,125,0,0,43,3,46,35,21,89,26,171,0,41,41,212
12/12/2008,AMA,TX,ASW,WE,Combined TRACON& Tower with Radar,32,22,19,36,109,0,4,24,5,33,32,26,43,41,142,84,14,98,240
12/13/2008,AMA,TX,ASW,WE,Combined TRACON& Tower with Radar,21,22,14,0,57,0,2,17,2,21,21,24,31,2,78,18,0,18,96
12/14/2008,AMA,TX,ASW,WE,Combined TRACON& Tower with Radar,31,17,16,9,73,2,0,7,0,9,33,17,23,9,82,8,0,8,90
12/15/2008,AMA,TX,ASW,WE,Combined TRACON& Tower with Radar,32,26,33,6,97,0,0,14,0,14,32,26,47,6,111,8,12,20,131
12/16/2008,AMA,TX,ASW,WE,Combined TRACON& Tower with Radar,26,39,31,27,123,0,1,17,6,24,26,40,48,33,147,14,34,48,195
12/17/2008,AMA,TX,ASW,WE,Combined TRACON& Tower with Radar,30,33,23,16,102,0,1,6,8,15,30,34,29,24,117,50,40,90,207
12/18/2008,AMA,TX,ASW,WE,Combined TRACON& Tower with Radar,55,37,33,38,163,0,0,6,11,17,55,37,39,49,180,6,24,30,210
12/19/2008,AMA,TX,ASW,WE,Combined TRACON& Tower with Radar,27,31,48,17,123,0,1,24,0,25,27,32,72,17,148,14,0,14,162
12/20/2008,AMA,TX,ASW,WE,Combined TRACON& Tower with Radar,25,28,24,44,121,0,0,19,13,32,25,28,43,57,153,0,0,0,153
12/21/2008,AMA,TX,ASW,WE,Combined TRACON& Tower with Radar,29,21,28,0,78,0,3,12,0,15,29,24,40,0,93,0,0,0,93
12/22/2008,AMA,TX,ASW,WE,Combined TRACON& Tower with Radar,27,35,28,14,104,0,0,7,0,7,27,35,35,14,111,0,0,0,111
12/23/2008,AMA,TX,ASW,WE,Combined TRACON& Tower with Radar,33,27,22,22,104,0,0,5,0,5,33,27,27,22,109,0,0,0,109
12/24/2008,AMA,TX,ASW,WE,Combined TRACON& Tower with Radar,26,26,12,0,64,0,1,14,10,25,26,27,26,10,89,8,0,8,97
12/25/2008,AMA,TX,ASW,WE,Combined TRACON& Tower with Radar,26,20,1,0,47,0,0,2,0,2,26,20,3,0,49,0,0,0,49
12/26/2008,AMA,TX,ASW,WE,Combined TRACON& Tower with Radar,34,21,37,0,92,0,0,7,0,7,34,21,44,0,99,0,0,0,99
12/27/2008,AMA,TX,ASW,WE,Combined TRACON& Tower with Radar,24,30,15,0,69,0,0,2,0,2,24,30,17,0,71,0,0,0,71
12/28/2008,AMA,TX,ASW,WE,Combined TRACON& Tower with Radar,34,19,10,0,63,0,0,33,0,33,34,19,43,0,96,18,0,18,114
12/29/2008,AMA,TX,ASW,WE,Combined TRACON& Tower with Radar,34,24,32,1,91,0,0,35,0,35,34,24,67,1,126,20,0,20,146
12/30/2008,AMA,TX,ASW,WE,Combined TRACON& Tower with Radar,29,27,20,0,76,0,0,19,1,20,29,27,39,1,96,10,0,10,106
12/31/2008,AMA,TX,ASW,WE,Combined TRACON& Tower with Radar,26,20,10,0,56,0,0,24,0,24,26,20,34,0,80,20,0,20,100
01/01/2009,AMA,TX,ASW,WE,Combined TRACON& Tower with Radar,28,16,7,0,51,0,0,1,1,2,28,16,8,1,53,0,0,0,53
01/02/2009,AMA,TX,ASW,WE,Combined TRACON& Tower with Radar,30,23,25,1,79,0,1,21,0,22,30,24,46,1,101,26,0,26,127
01/03/2009,AMA,TX,ASW,WE,Combined TRACON& Tower with Radar,22,26,14,0,62,0,0,20,0,20,22,26,34,0,82,4,0,4,86
01/04/2009,AMA,TX,ASW,WE,Combined TRACON& Tower with Radar,25,29,17,0,71,0,1,10,0,11,25,30,27,0,82,2,0,2,84
01/05/2009,AMA,TX,ASW,WE,Combined TRACON& Tower with Radar,31,17,20,60,128,0,2,13,10,25,31,19,33,70,153,4,80,84,237
01/06/2009,AMA,TX,ASW,WE,Combined TRACON& Tower with Radar,32,24,34,89,179,0,0,8,6,14,32,24,42,95,193,14,104,118,311
01/07/2009,AMA,TX,ASW,WE,Combined TRACON& Tower with Radar,36,25,54,107,222,0,0,0,0,0,36,25,54,107,222,24,108,132,354
01/08/2009,AMA,TX,ASW,WE,Combined TRACON& Tower with Radar,32,23,21,84,160,0,2,24,6,32,32,25,45,90,192,0,30,30,222
01/09/2009,AMA,TX,ASW,WE,Combined TRACON& Tower with Radar,31,26,16,36,109,0,1,16,9,26,31,27,32,45,135,0,22,22,157
01/10/2009,AMA,TX,ASW,WE,Combined TRACON& Tower with Radar,19,18,18,8,63,0,0,26,2,28,19,18,44,10,91,16,10,26,117
01/11/2009,AMA,TX,ASW,WE,Combined TRACON& Tower with Radar,28,28,16,4,76,0,0,25,0,25,28,28,41,4,101,0,0,0,101
01/12/2009,AMA,TX,ASW,WE,Combined TRACON& Tower with Radar,35,18,25,38,116,0,0,10,0,10,35,18,35,38,126,0,38,38,164
01/13/2009,AMA,TX,ASW,WE,Combined TRACON& Tower with Radar,30,31,39,33,133,0,0,31,0,31,30,31,70,33,164,12,27,39,203
01/14/2009,AMA,TX,ASW,WE,Combined TRACON& Tower with Radar,31,23,30,131,215,0,1,31,10,42,31,24,61,141,257,52,74,126,383
01/15/2009,AMA,TX,ASW,WE,Combined TRACON& Tower with Radar,0,0,0,0,0,0,0,0,0,0,0,0,0,0,0,10,34,44,44
01/16/2009,AMA,TX,ASW,WE,Combined TRACON& Tower with Radar,31,25,18,89,163,0,0,22,5,27,31,25,40,94,190,0,116,116,306
01/17/2009,AMA,TX,ASW,WE,Combined TRACON& Tower with Radar,20,16,20,4,60,0,0,26,2,28,20,16,46,6,88,85,10,95,183
01/18/2009,AMA,TX,ASW,WE,Combined TRACON& Tower with Radar,26,18,16,0,60,0,3,27,2,32,26,21,43,2,92,42,0,42,134
01/19/2009,AMA,TX,ASW,WE,Combined TRACON& Tower with Radar,44,14,27,56,141,0,0,0,0,0,44,14,27,56,141,10,8,18,159
01/20/2009,AMA,TX,ASW,WE,Combined TRACON& Tower with Radar,37,28,27,71,163,0,0,29,26,55,37,28,56,97,218,0,66,66,284
01/21/2009,AMA,TX,ASW,WE,Combined TRACON& Tower with Radar,29,24,35,87,175,0,2,29,16,47,29,26,64,103,222,30,92,122,344
01/22/2009,AMA,TX,ASW,WE,Combined TRACON& Tower with Radar,37,24,30,113,204,0,0,26,5,31,37,24,56,118,235,56,58,114,349
01/23/2009,AMA,TX,ASW,WE,Combined TRACON& Tower with Radar,32,25,26,75,158,0,0,27,72,99,32,25,53,147,257,40,152,192,449
01/24/2009,AMA,TX,ASW,WE,Combined TRACON& Tower with Radar,23,23,19,2,67,0,0,27,0,27,23,23,46,2,94,22,0,22,116
01/25/2009,AMA,TX,ASW,WE,Combined TRACON& Tower with Radar,37,27,28,35,127,0,0,34,0,34,37,27,62,35,161,6,10,16,177
01/26/2009,AMA,TX,ASW,WE,Combined TRACON& Tower with Radar,33,22,10,0,65,0,0,0,0,0,33,22,10,0,65,0,0,0,65
01/27/2009,AMA,TX,ASW,WE,Combined TRACON& Tower with Radar,36,17,23,0,76,0,0,1,0,1,36,17,24,0,77,12,0,12,89
01/28/2009,AMA,TX,ASW,WE,Combined TRACON& Tower with Radar,30,21,38,12,101,0,1,34,0,35,30,22,72,12,136,38,20,58,194
01/29/2009,AMA,TX,ASW,WE,Combined TRACON& Tower with Radar,32,26,24,62,144,0,1,10,1,12,32,27,34,63,156,2,108,110,266
01/30/2009,AMA,TX,ASW,WE,Combined TRACON& Tower with Radar,36,22,27,109,194,0,1,34,6,41,36,23,61,115,235,60,84,144,379
01/31/2009,AMA,TX,ASW,WE,Combined TRACON& Tower with Radar,21,20,23,45,109,0,0,18,0,18,21,20,41,45,127,0,0,0,127
02/01/2009,AMA,TX,ASW,WE,Combined TRACON& Tower with Radar,25,22,18,13,78,0,1,26,2,29,25,23,44,15,107,12,2,14,121
02/02/2009,AMA,TX,ASW,WE,Combined TRACON& Tower with Radar,34,24,47,61,166,0,0,20,36,56,34,24,67,97,222,24,60,84,306
02/03/2009,AMA,TX,ASW,WE,Combined TRACON& Tower with Radar,34,27,30,84,175,0,2,21,15,38,34,29,51,99,213,90,78,168,381
02/04/2009,AMA,TX,ASW,WE,Combined TRACON& Tower with Radar,29,29,39,104,201,0,0,33,36,69,29,29,72,140,270,46,102,148,418
02/05/2009,AMA,TX,ASW,WE,Combined TRACON& Tower with Radar,41,22,42,81,186,0,1,17,13,31,41,23,59,94,217,80,42,122,339
02/06/2009,AMA,TX,ASW,WE,Combined TRACON& Tower with Radar,44,19,29,136,228,0,0,16,14,30,44,19,45,150,258,0,198,198,456
02/07/2009,AMA,TX,ASW,WE,Combined TRACON& Tower with Radar,18,34,17,82,151,0,1,23,2,26,18,35,40,84,177,24,40,64,241
02/08/2009,AMA,TX,ASW,WE,Combined TRACON& Tower with Radar,23,24,17,0,64,0,0,2,0,2,23,24,19,0,66,0,0,0,66
02/09/2009,AMA,TX,ASW,WE,Combined TRACON& Tower with Radar,34,28,34,141,237,0,0,5,0,5,34,28,39,141,242,6,194,200,442
02/10/2009,AMA,TX,ASW,WE,Combined TRACON& Tower with Radar,45,21,35,177,278,0,0,22,34,56,45,21,57,211,334,12,156,168,502
02/11/2009,AMA,TX,ASW,WE,Combined TRACON& Tower with Radar,35,20,21,155,231,0,0,19,42,61,35,20,40,197,292,26,168,194,486
02/12/2009,AMA,TX,ASW,WE,Combined TRACON& Tower with Radar,33,21,38,82,174,0,0,23,7,30,33,21,61,89,204,42,98,140,344
02/13/2009,AMA,TX,ASW,WE,Combined TRACON& Tower with Radar,35,20,27,61,143,0,0,25,6,31,35,20,52,67,174,26,4,30,204
02/14/2009,AMA,TX,ASW,WE,Combined TRACON& Tower with Radar,25,19,24,14,82,0,0,16,0,16,25,19,40,14,98,12,0,12,110
02/15/2009,AMA,TX,ASW,WE,Combined TRACON& Tower with Radar,23,23,12,10,68,0,0,21,0,21,23,23,33,10,89,10,0,10,99
02/16/2009,AMA,TX,ASW,WE,Combined TRACON& Tower with Radar,34,21,18,33,106,0,0,14,1,15,34,21,32,34,121,0,0,0,121
02/17/2009,AMA,TX,ASW,WE,Combined TRACON& Tower with Radar,34,27,24,48,133,0,0,7,8,15,34,27,31,56,148,22,54,76,224
02/18/2009,AMA,TX,ASW,WE,Combined TRACON& Tower with Radar,39,22,20,103,184,0,1,19,7,27,39,23,39,110,211,16,40,56,267
02/19/2009,AMA,TX,ASW,WE,Combined TRACON& Tower with Radar,42,17,37,38,134,0,0,26,10,36,42,17,63,48,170,40,10,50,220
02/20/2009,AMA,TX,ASW,WE,Combined TRACON& Tower with Radar,34,23,26,94,177,0,2,26,8,36,34,25,52,102,213,40,18,58,271
02/21/2009,AMA,TX,ASW,WE,Combined TRACON& Tower with Radar,25,20,46,25,116,0,6,39,0,45,25,26,85,25,161,90,4,94,255
02/22/2009,AMA,TX,ASW,WE,Combined TRACON& Tower with Radar,26,22,31,32,111,0,0,25,7,32,26,22,56,39,143,40,10,50,193
02/23/2009,AMA,TX,ASW,WE,Combined TRACON& Tower with Radar,33,17,23,70,143,0,0,18,5,23,33,17,41,75,166,58,74,132,298
02/24/2009,AMA,TX,ASW,WE,Combined TRACON& Tower with Radar,39,19,33,44,135,0,2,24,1,27,39,21,57,45,162,50,18,68,230
02/25/2009,AMA,TX,ASW,WE,Combined TRACON& Tower with Radar,28,31,27,47,133,0,0,28,5,33,28,31,55,52,166,76,26,102,268
02/26/2009,AMA,TX,ASW,WE,Combined TRACON& Tower with Radar,32,28,33,111,204,0,0,33,4,37,32,28,66,115,241,82,76,158,399
02/27/2009,AMA,TX,ASW,WE,Combined TRACON& Tower with Radar,35,25,31,203,294,0,0,18,17,35,35,25,49,220,329,60,80,140,469
02/28/2009,AMA,TX,ASW,WE,Combined TRACON& Tower with Radar,22,22,21,36,101,0,0,22,1,23,22,22,43,37,124,64,8,72,196
03/01/2009,AMA,TX,ASW,WE,Combined TRACON& Tower with Radar,28,22,21,51,122,0,1,41,3,45,28,23,62,54,167,16,6,22,189
03/02/2009,AMA,TX,ASW,WE,Combined TRACON& Tower with Radar,32,22,29,36,119,0,2,19,7,28,32,24,48,43,147,16,12,28,175
03/03/2009,AMA,TX,ASW,WE,Combined TRACON& Tower with Radar,34,27,30,84,175,0,7,43,20,70,34,34,73,104,245,42,18,60,305
03/04/2009,AMA,TX,ASW,WE,Combined TRACON& Tower with Radar,30,35,33,51,149,0,3,29,9,41,30,38,62,60,190,30,22,52,242
03/05/2009,AMA,TX,ASW,WE,Combined TRACON& Tower with Radar,34,28,29,15,106,0,1,16,22,39,34,29,45,37,145,2,16,18,163
03/06/2009,AMA,TX,ASW,WE,Combined TRACON& Tower with Radar,35,25,53,98,211,0,1,18,3,22,35,26,71,101,233,14,38,52,285
03/07/2009,AMA,TX,ASW,WE,Combined TRACON& Tower with Radar,17,20,28,0,65,0,0,13,0,13,17,20,41,0,78,0,0,0,78
03/08/2009,AMA,TX,ASW,WE,Combined TRACON& Tower with Radar,26,26,23,5,80,0,0,37,0,37,26,26,60,5,117,20,16,36,153
03/09/2009,AMA,TX,ASW,WE,Combined TRACON& Tower with Radar,30,23,16,39,108,0,3,10,8,21,30,26,26,47,129,6,28,34,163
03/10/2009,AMA,TX,ASW,WE,Combined TRACON& Tower with Radar,30,23,25,66,144,0,0,10,6,16,30,23,35,72,160,0,132,132,292
03/11/2009,AMA,TX,ASW,WE,Combined TRACON& Tower with Radar,21,30,34,135,220,0,1,17,62,80,21,31,51,197,300,58,200,258,558
03/12/2009,AMA,TX,ASW,WE,Combined TRACON& Tower with Radar,31,27,36,30,124,0,0,14,26,40,31,27,50,56,164,0,80,80,244
03/13/2009,AMA,TX,ASW,WE,Combined TRACON& Tower with Radar,31,25,22,0,78,0,0,2,0,2,31,25,24,0,80,0,0,0,80
03/14/2009,AMA,TX,ASW,WE,Combined TRACON& Tower with Radar,20,18,26,0,64,0,0,13,0,13,20,18,39,0,77,60,0,60,137
03/15/2009,AMA,TX,ASW,WE,Combined TRACON& Tower with Radar,24,28,26,15,93,0,0,20,0,20,24,28,46,15,113,14,0,14,127
03/16/2009,AMA,TX,ASW,WE,Combined TRACON& Tower with Radar,37,18,32,51,138,0,0,34,13,47,37,18,66,64,185,26,20,46,231
03/17/2009,AMA,TX,ASW,WE,Combined TRACON& Tower with Radar,33,21,36,48,138,0,0,32,12,44,33,21,68,60,182,56,90,146,328
03/18/2009,AMA,TX,ASW,WE,Combined TRACON& Tower with Radar,32,26,20,65,143,0,0,20,4,24,32,26,40,69,167,20,78,98,265
03/19/2009,AMA,TX,ASW,WE,Combined TRACON& Tower with Radar,33,25,29,76,163,0,0,28,25,53,33,25,57,101,216,26,78,104,320
03/20/2009,AMA,TX,ASW,WE,Combined TRACON& Tower with Radar,34,33,51,28,146,0,0,9,4,13,34,33,60,32,159,0,18,18,177
03/21/2009,AMA,TX,ASW,WE,Combined TRACON& Tower with Radar,17,24,24,0,65,0,0,24,1,25,17,24,48,1,90,46,0,46,136
03/22/2009,AMA,TX,ASW,WE,Combined TRACON& Tower with Radar,25,26,34,19,104,0,0,22,3,25,25,26,56,22,129,22,0,22,151
03/23/2009,AMA,TX,ASW,WE,Combined TRACON& Tower with Radar,36,20,22,46,124,0,0,2,4,6,36,20,24,50,130,0,0,0,130
03/24/2009,AMA,TX,ASW,WE,Combined TRACON& Tower with Radar,31,28,51,76,186,0,0,50,15,65,31,28,101,91,251,84,58,142,393
03/25/2009,AMA,TX,ASW,WE,Combined TRACON& Tower with Radar,32,24,30,115,201,0,0,0,0,0,32,24,30,115,201,10,40,50,251
03/26/2009,AMA,TX,ASW,WE,Combined TRACON& Tower with Radar,43,22,32,190,287,0,1,20,33,54,43,23,52,223,341,86,86,172,513
03/27/2009,AMA,TX,ASW,WE,Combined TRACON& Tower with Radar,0,0,2,0,2,0,0,0,0,0,0,0,2,0,2,0,0,0,2
03/28/2009,AMA,TX,ASW,WE,Combined TRACON& Tower with Radar,18,17,13,7,55,0,3,12,1,16,18,20,25,8,71,4,12,16,87
03/29/2009,AMA,TX,ASW,WE,Combined TRACON& Tower with Radar,24,22,14,5,65,0,0,23,0,23,24,22,37,5,88,20,0,20,108
03/30/2009,AMA,TX,ASW,WE,Combined TRACON& Tower with Radar,34,19,19,17,89,0,1,14,0,15,34,20,33,17,104,10,38,48,152
03/31/2009,AMA,TX,ASW,WE,Combined TRACON& Tower with Radar,32,20,27,37,116,0,1,36,7,44,32,21,63,44,160,56,46,102,262
04/01/2009,AMA,TX,ASW,WE,Combined TRACON& Tower with Radar,26,31,16,6,79,0,2,10,2,14,26,33,26,8,93,0,0,0,93
04/02/2009,AMA,TX,ASW,WE,Combined TRACON& Tower with Radar,36,22,38,60,156,0,1,12,1,14,36,23,50,61,170,78,28,106,276
04/03/2009,AMA,TX,ASW,WE,Combined TRACON& Tower with Radar,29,26,31,127,213,0,2,28,9,39,29,28,59,136,252,0,70,70,322
04/04/2009,AMA,TX,ASW,WE,Combined TRACON& Tower with Radar,21,18,18,0,57,0,0,9,0,9,21,18,27,0,66,8,0,8,74
04/05/2009,AMA,TX,ASW,WE,Combined TRACON& Tower with Radar,31,26,25,9,91,0,0,26,3,29,31,26,51,12,120,26,0,26,146
04/06/2009,AMA,TX,ASW,WE,Combined TRACON& Tower with Radar,32,22,34,115,203,0,0,19,14,33,32,22,53,129,236,34,22,56,292
04/07/2009,AMA,TX,ASW,WE,Combined TRACON& Tower with Radar,32,23,32,23,110,0,0,18,4,22,32,23,50,27,132,0,12,12,144
04/08/2009,AMA,TX,ASW,WE,Combined TRACON& Tower with Radar,25,24,44,49,142,0,0,29,2,31,25,24,73,51,173,24,40,64,237
04/09/2009,AMA,TX,ASW,WE,Combined TRACON& Tower with Radar,27,23,24,23,97,0,0,14,1,15,27,23,38,24,112,14,8,22,134
04/10/2009,AMA,TX,ASW,WE,Combined TRACON& Tower with Radar,32,25,40,27,124,0,0,35,2,37,32,25,75,29,161,38,74,112,273
04/11/2009,AMA,TX,ASW,WE,Combined TRACON& Tower with Radar,19,24,18,1,62,0,0,6,1,7,19,24,24,2,69,2,0,2,71
04/12/2009,AMA,TX,ASW,WE,Combined TRACON& Tower with Radar,20,26,11,1,58,0,0,3,0,3,20,26,14,1,61,18,0,18,79
04/13/2009,AMA,TX,ASW,WE,Combined TRACON& Tower with Radar,33,17,32,135,217,0,1,20,15,36,33,18,52,150,253,20,94,114,367
04/14/2009,AMA,TX,ASW,WE,Combined TRACON& Tower with Radar,29,23,38,111,201,0,2,24,0,26,29,25,62,111,227,10,72,82,309
04/15/2009,AMA,TX,ASW,WE,Combined TRACON& Tower with Radar,27,24,18,33,102,0,2,17,6,25,27,26,35,39,127,10,58,68,195
04/16/2009,AMA,TX,ASW,WE,Combined TRACON& Tower with Radar,36,28,39,20,123,0,1,10,11,22,36,29,49,31,145,12,26,38,183
04/17/2009,AMA,TX,ASW,WE,Combined TRACON& Tower with Radar,38,26,25,92,181,0,1,29,25,55,38,27,54,117,236,18,110,128,364
04/18/2009,AMA,TX,ASW,WE,Combined TRACON& Tower with Radar,19,17,24,0,60,0,0,17,1,18,19,17,41,1,78,26,0,26,104
04/19/2009,AMA,TX,ASW,WE,Combined TRACON& Tower with Radar,23,27,20,17,87,0,0,24,5,29,23,27,44,22,116,0,0,0,116
04/20/2009,AMA,TX,ASW,WE,Combined TRACON& Tower with Radar,39,14,26,52,131,0,0,1,0,1,39,14,27,52,132,8,4,12,144
04/21/2009,AMA,TX,ASW,WE,Combined TRACON& Tower with Radar,30,21,16,80,147,0,0,34,21,55,30,21,50,101,202,30,66,96,298
04/22/2009,AMA,TX,ASW,WE,Combined TRACON& Tower with Radar,27,39,28,30,124,0,1,24,6,31,27,40,52,36,155,14,16,30,185
04/23/2009,AMA,TX,ASW,WE,Combined TRACON& Tower with Radar,31,28,23,48,130,0,3,20,8,31,31,31,43,56,161,12,70,82,243
04/24/2009,AMA,TX,ASW,WE,Combined TRACON& Tower with Radar,30,26,23,24,103,0,2,21,2,25,30,28,44,26,128,0,12,12,140
04/25/2009,AMA,TX,ASW,WE,Combined TRACON& Tower with Radar,19,26,36,9,90,0,0,28,2,30,19,26,64,11,120,0,8,8,128
04/26/2009,AMA,TX,ASW,WE,Combined TRACON& Tower with Radar,25,26,21,10,82,0,0,20,0,20,25,26,41,10,102,0,0,0,102
04/27/2009,AMA,TX,ASW,WE,Combined TRACON& Tower with Radar,37,19,20,180,256,0,0,15,35,50,37,19,35,215,306,4,120,124,430
04/28/2009,AMA,TX,ASW,WE,Combined TRACON& Tower with Radar,34,18,34,2,88,0,0,0,0,0,34,18,34,2,88,0,0,0,88
04/29/2009,AMA,TX,ASW,WE,Combined TRACON& Tower with Radar,25,21,40,29,115,0,0,14,4,18,25,21,54,33,133,4,30,34,167
04/30/2009,AMA,TX,ASW,WE,Combined TRACON& Tower with Radar,28,22,62,107,219,1,0,30,120,151,29,22,92,227,370,2,264,266,636
05/01/2009,AMA,TX,ASW,WE,Combined TRACON& Tower with Radar,40,39,29,7,115,0,0,0,0,0,40,39,29,7,115,0,0,0,115
05/02/2009,AMA,TX,ASW,WE,Combined TRACON& Tower with Radar,20,20,21,8,69,0,0,0,0,0,20,20,21,8,69,0,0,0,69
05/03/2009,AMA,TX,ASW,WE,Combined TRACON& Tower with Radar,18,25,28,12,83,2,2,9,2,15,20,27,37,14,98,16,2,18,116
05/04/2009,AMA,TX,ASW,WE,Combined TRACON& Tower with Radar,31,21,22,25,99,0,0,4,3,7,31,21,26,28,106,0,26,26,132
05/05/2009,AMA,TX,ASW,WE,Combined TRACON& Tower with Radar,30,21,36,57,144,0,0,6,64,70,30,21,42,121,214,0,102,102,316
05/06/2009,AMA,TX,ASW,WE,Combined TRACON& Tower with Radar,37,19,47,30,133,0,1,17,9,27,37,20,64,39,160,6,30,36,196
05/07/2009,AMA,TX,ASW,WE,Combined TRACON& Tower with Radar,31,26,37,148,242,0,1,30,29,60,31,27,67,177,302,8,242,250,552
05/08/2009,AMA,TX,ASW,WE,Combined TRACON& Tower with Radar,31,21,20,57,129,0,2,16,6,24,31,23,36,63,153,40,64,104,257
05/09/2009,AMA,TX,ASW,WE,Combined TRACON& Tower with Radar,22,23,18,5,68,9,0,21,0,30,31,23,39,5,98,10,0,10,108
05/10/2009,AMA,TX,ASW,WE,Combined TRACON& Tower with Radar,23,27,15,47,112,0,0,8,0,8,23,27,23,47,120,20,2,22,142
05/11/2009,AMA,TX,ASW,WE,Combined TRACON& Tower with Radar,36,17,34,14,101,0,0,0,2,2,36,17,34,16,103,0,0,0,103
05/12/2009,AMA,TX,ASW,WE,Combined TRACON& Tower with Radar,28,28,24,42,122,0,0,17,5,22,28,28,41,47,144,0,16,16,160
05/13/2009,AMA,TX,ASW,WE,Combined TRACON& Tower with Radar,35,13,29,80,157,0,1,29,13,43,35,14,58,93,200,16,96,112,312
05/14/2009,AMA,TX,ASW,WE,Combined TRACON& Tower with Radar,32,15,24,166,237,0,1,19,3,23,32,16,43,169,260,54,120,174,434
05/15/2009,AMA,TX,ASW,WE,Combined TRACON& Tower with Radar,36,14,22,54,126,0,1,22,6,29,36,15,44,60,155,0,28,28,183
05/16/2009,AMA,TX,ASW,WE,Combined TRACON& Tower with Radar,20,18,18,2,58,0,0,2,0,2,20,18,20,2,60,0,0,0,60
05/17/2009,AMA,TX,ASW,WE,Combined TRACON& Tower with Radar,31,12,26,4,73,0,0,36,0,36,31,12,62,4,109,18,16,34,143
05/18/2009,AMA,TX,ASW,WE,Combined TRACON& Tower with Radar,41,15,21,64,141,0,0,25,13,38,41,15,46,77,179,0,108,108,287
05/19/2009,AMA,TX,ASW,WE,Combined TRACON& Tower with Radar,25,23,29,22,99,0,0,21,0,21,25,23,50,22,120,18,14,32,152
05/20/2009,AMA,TX,ASW,WE,Combined TRACON& Tower with Radar,37,21,31,48,137,0,0,31,1,32,37,21,62,49,169,8,2,10,179
05/21/2009,AMA,TX,ASW,WE,Combined TRACON& Tower with Radar,31,24,24,31,110,0,1,30,1,32,31,25,54,32,142,10,16,26,168
05/22/2009,AMA,TX,ASW,WE,Combined TRACON& Tower with Radar,32,15,43,57,147,0,4,35,7,46,32,19,78,64,193,34,12,46,239
05/23/2009,AMA,TX,ASW,WE,Combined TRACON& Tower with Radar,18,18,18,0,54,0,0,17,0,17,18,18,35,0,71,10,0,10,81
05/24/2009,AMA,TX,ASW,WE,Combined TRACON& Tower with Radar,14,22,10,0,46,0,0,8,0,8,14,22,18,0,54,52,0,52,106
05/25/2009,AMA,TX,ASW,WE,Combined TRACON& Tower with Radar,34,22,19,39,114,0,0,19,0,19,34,22,38,39,133,10,8,18,151
05/26/2009,AMA,TX,ASW,WE,Combined TRACON& Tower with Radar,30,19,45,65,159,0,2,19,40,61,30,21,64,105,220,40,22,62,282
05/27/2009,AMA,TX,ASW,WE,Combined TRACON& Tower with Radar,28,26,36,64,154,0,2,28,4,34,28,28,64,68,188,10,82,92,280
05/28/2009,AMA,TX,ASW,WE,Combined TRACON& Tower with Radar,29,19,16,56,120,0,1,39,0,40,29,20,55,56,160,34,52,86,246
05/29/2009,AMA,TX,ASW,WE,Combined TRACON& Tower with Radar,31,20,21,44,116,0,1,33,4,38,31,21,54,48,154,20,10,30,184
05/30/2009,AMA,TX,ASW,WE,Combined TRACON& Tower with Radar,21,17,14,13,65,0,0,33,3,36,21,17,47,16,101,22,0,22,123
05/31/2009,AMA,TX,ASW,WE,Combined TRACON& Tower with Radar,24,32,24,5,85,0,0,36,1,37,24,32,60,6,122,16,0,16,138
06/01/2009,AMA,TX,ASW,WE,Combined TRACON& Tower with Radar,32,23,25,20,100,0,0,19,4,23,32,23,44,24,123,12,0,12,135
06/02/2009,AMA,TX,ASW,WE,Combined TRACON& Tower with Radar,28,17,22,40,107,0,3,17,2,22,28,20,39,42,129,1,20,21,150
06/03/2009,AMA,TX,ASW,WE,Combined TRACON& Tower with Radar,28,28,24,62,142,0,1,21,5,27,28,29,45,67,169,44,50,94,263
06/04/2009,AMA,TX,ASW,WE,Combined TRACON& Tower with Radar,26,24,25,28,103,0,1,40,3,44,26,25,65,31,147,12,42,54,201
06/05/2009,AMA,TX,ASW,WE,Combined TRACON& Tower with Radar,31,22,33,59,145,0,2,16,1,19,31,24,49,60,164,10,62,72,236
06/06/2009,AMA,TX,ASW,WE,Combined TRACON& Tower with Radar,19,22,28,0,69,0,0,17,0,17,19,22,45,0,86,12,0,12,98
06/07/2009,AMA,TX,ASW,WE,Combined TRACON& Tower with Radar,24,24,21,22,91,0,0,15,2,17,24,24,36,24,108,16,12,28,136
06/08/2009,AMA,TX,ASW,WE,Combined TRACON& Tower with Radar,29,29,24,1,83,0,0,30,0,30,29,29,54,1,113,42,0,42,155
06/09/2009,AMA,TX,ASW,WE,Combined TRACON& Tower with Radar,32,18,39,11,100,0,0,17,2,19,32,18,56,13,119,6,30,36,155
06/10/2009,AMA,TX,ASW,WE,Combined TRACON& Tower with Radar,29,21,22,9,81,0,0,10,2,12,29,21,32,11,93,0,26,26,119
06/11/2009,AMA,TX,ASW,WE,Combined TRACON& Tower with Radar,26,18,34,17,95,0,0,24,31,55,26,18,58,48,150,46,94,140,290
06/12/2009,AMA,TX,ASW,WE,Combined TRACON& Tower with Radar,26,27,22,19,94,0,1,21,0,22,26,28,43,19,116,94,0,94,210
06/13/2009,AMA,TX,ASW,WE,Combined TRACON& Tower with Radar,24,28,13,0,65,0,0,16,2,18,24,28,29,2,83,26,34,60,143
06/14/2009,AMA,TX,ASW,WE,Combined TRACON& Tower with Radar,18,24,17,9,68,0,0,10,0,10,18,24,27,9,78,52,0,52,130
06/15/2009,AMA,TX,ASW,WE,Combined TRACON& Tower with Radar,35,13,30,23,101,0,0,30,7,37,35,13,60,30,138,68,10,78,216
06/16/2009,AMA,TX,ASW,WE,Combined TRACON& Tower with Radar,33,23,29,1,86,0,9,38,0,47,33,32,67,1,133,36,0,36,169
06/17/2009,AMA,TX,ASW,WE,Combined TRACON& Tower with Radar,26,31,21,9,87,0,2,18,3,23,26,33,39,12,110,46,46,92,202
06/18/2009,AMA,TX,ASW,WE,Combined TRACON& Tower with Radar,34,23,34,12,103,0,9,12,3,24,34,32,46,15,127,54,30,84,211
06/19/2009,AMA,TX,ASW,WE,Combined TRACON& Tower with Radar,29,29,22,3,83,0,4,21,0,25,29,33,43,3,108,138,0,138,246
06/20/2009,AMA,TX,ASW,WE,Combined TRACON& Tower with Radar,23,24,22,0,69,0,0,5,2,7,23,24,27,2,76,30,0,30,106
06/21/2009,AMA,TX,ASW,WE,Combined TRACON& Tower with Radar,25,24,28,0,77,0,0,23,0,23,25,24,51,0,100,54,0,54,154
06/22/2009,AMA,TX,ASW,WE,Combined TRACON& Tower with Radar,29,30,33,18,110,0,6,29,3,38,29,36,62,21,148,82,0,82,230
06/23/2009,AMA,TX,ASW,WE,Combined TRACON& Tower with Radar,35,18,29,45,127,0,4,18,1,23,35,22,47,46,150,14,26,40,190
06/24/2009,AMA,TX,ASW,WE,Combined TRACON& Tower with Radar,31,30,44,34,139,0,2,33,0,35,31,32,77,34,174,96,30,126,300
06/25/2009,AMA,TX,ASW,WE,Combined TRACON& Tower with Radar,32,42,30,30,134,0,0,28,2,30,32,42,58,32,164,0,56,56,220
06/26/2009,AMA,TX,ASW,WE,Combined TRACON& Tower with Radar,29,27,31,77,164,0,2,24,1,27,29,29,55,78,191,18,8,26,217
06/27/2009,AMA,TX,ASW,WE,Combined TRACON& Tower with Radar,19,25,11,1,56,0,0,17,0,17,19,25,28,1,73,54,0,54,127
06/28/2009,AMA,TX,ASW,WE,Combined TRACON& Tower with Radar,25,28,33,21,107,0,0,25,1,26,25,28,58,22,133,54,0,54,187
06/29/2009,AMA,TX,ASW,WE,Combined TRACON& Tower with Radar,26,18,24,9,77,0,0,20,8,28,26,18,44,17,105,14,0,14,119
06/30/2009,AMA,TX,ASW,WE,Combined TRACON& Tower with Radar,30,19,23,58,130,0,0,17,7,24,30,19,40,65,154,52,56,108,262
07/01/2009,AMA,TX,ASW,WE,Combined TRACON& Tower with Radar,32,22,22,75,151,0,1,32,17,50,32,23,54,92,201,12,110,122,323
07/02/2009,AMA,TX,ASW,WE,Combined TRACON& Tower with Radar,30,31,24,55,140,0,1,35,0,36,30,32,59,55,176,48,48,96,272
07/03/2009,AMA,TX,ASW,WE,Combined TRACON& Tower with Radar,24,22,16,2,64,0,0,26,0,26,24,22,42,2,90,68,0,68,158
07/04/2009,AMA,TX,ASW,WE,Combined TRACON& Tower with Radar,20,14,8,0,42,0,0,16,0,16,20,14,24,0,58,14,0,14,72
07/05/2009,AMA,TX,ASW,WE,Combined TRACON& Tower with Radar,26,37,34,0,97,0,0,11,0,11,26,37,45,0,108,0,0,0,108
07/06/2009,AMA,TX,ASW,WE,Combined TRACON& Tower with Radar,28,23,30,6,87,0,0,22,2,24,28,23,52,8,111,2,0,2,113
07/07/2009,AMA,TX,ASW,WE,Combined TRACON& Tower with Radar,25,29,34,86,174,0,0,30,6,36,25,29,64,92,210,18,78,96,306
07/08/2009,AMA,TX,ASW,WE,Combined TRACON& Tower with Radar,28,28,29,25,110,0,1,28,2,31,28,29,57,27,141,12,18,30,171
07/09/2009,AMA,TX,ASW,WE,Combined TRACON& Tower with Radar,29,20,33,33,115,0,1,34,3,38,29,21,67,36,153,46,122,168,321
07/10/2009,AMA,TX,ASW,WE,Combined TRACON& Tower with Radar,27,22,22,97,168,0,2,25,8,35,27,24,47,105,203,40,34,74,277
07/11/2009,AMA,TX,ASW,WE,Combined TRACON& Tower with Radar,22,24,27,33,106,0,2,19,1,22,22,26,46,34,128,24,10,34,162
07/12/2009,AMA,TX,ASW,WE,Combined TRACON& Tower with Radar,20,22,21,80,143,0,0,30,1,31,20,22,51,81,174,50,0,50,224
07/13/2009,AMA,TX,ASW,WE,Combined TRACON& Tower with Radar,31,28,20,33,112,0,1,18,1,20,31,29,38,34,132,0,0,0,132
07/14/2009,AMA,TX,ASW,WE,Combined TRACON& Tower with Radar,31,18,16,53,118,0,3,18,28,49,31,21,34,81,167,0,64,64,231
07/15/2009,AMA,TX,ASW,WE,Combined TRACON& Tower with Radar,29,24,15,51,119,0,1,18,7,26,29,25,33,58,145,16,72,88,233
07/16/2009,AMA,TX,ASW,WE,Combined TRACON& Tower with Radar,28,24,14,32,98,0,1,25,2,28,28,25,39,34,126,26,44,70,196
07/17/2009,AMA,TX,ASW,WE,Combined TRACON& Tower with Radar,32,21,26,91,170,0,1,30,20,51,32,22,56,111,221,0,12,12,233
07/18/2009,AMA,TX,ASW,WE,Combined TRACON& Tower with Radar,19,22,14,8,63,0,1,22,3,26,19,23,36,11,89,48,10,58,147
07/19/2009,AMA,TX,ASW,WE,Combined TRACON& Tower with Radar,21,26,22,21,90,0,0,28,0,28,21,26,50,21,118,6,0,6,124
07/20/2009,AMA,TX,ASW,WE,Combined TRACON& Tower with Radar,29,25,22,55,131,1,0,15,11,27,30,25,37,66,158,0,78,78,236
07/21/2009,AMA,TX,ASW,WE,Combined TRACON& Tower with Radar,28,20,19,59,126,0,1,12,4,17,28,21,31,63,143,26,54,80,223
07/22/2009,AMA,TX,ASW,WE,Combined TRACON& Tower with Radar,24,27,16,22,89,0,2,15,2,19,24,29,31,24,108,0,12,12,120
07/23/2009,AMA,TX,ASW,WE,Combined TRACON& Tower with Radar,26,24,33,33,116,0,2,29,6,37,26,26,62,39,153,8,0,8,161
07/24/2009,AMA,TX,ASW,WE,Combined TRACON& Tower with Radar,27,25,17,118,187,0,1,31,7,39,27,26,48,125,226,6,90,96,322
07/25/2009,AMA,TX,ASW,WE,Combined TRACON& Tower with Radar,24,22,26,42,114,1,0,28,9,38,25,22,54,51,152,54,64,118,270
07/26/2009,AMA,TX,ASW,WE,Combined TRACON& Tower with Radar,21,20,19,32,92,0,0,18,10,28,21,20,37,42,120,16,0,16,136
07/27/2009,AMA,TX,ASW,WE,Combined TRACON& Tower with Radar,34,17,18,18,87,0,0,17,0,17,34,17,35,18,104,32,0,32,136
07/28/2009,AMA,TX,ASW,WE,Combined TRACON& Tower with Radar,30,27,30,84,171,0,0,0,0,0,30,27,30,84,171,38,36,74,245
07/29/2009,AMA,TX,ASW,WE,Combined TRACON& Tower with Radar,33,19,31,5,88,0,0,20,7,27,33,19,51,12,115,24,72,96,211
07/30/2009,AMA,TX,ASW,WE,Combined TRACON& Tower with Radar,32,25,40,96,193,0,0,16,1,17,32,25,56,97,210,8,16,24,234
07/31/2009,AMA,TX,ASW,WE,Combined TRACON& Tower with Radar,30,13,42,131,216,0,2,24,5,31,30,15,66,136,247,8,64,72,319
08/01/2009,AMA,TX,ASW,WE,Combined TRACON& Tower with Radar,20,18,28,61,127,0,0,24,8,32,20,18,52,69,159,6,18,24,183
08/02/2009,AMA,TX,ASW,WE,Combined TRACON& Tower with Radar,26,22,30,25,103,0,0,24,0,24,26,22,54,25,127,0,0,0,127
08/03/2009,AMA,TX,ASW,WE,Combined TRACON& Tower with Radar,33,22,29,42,126,0,0,19,1,20,33,22,48,43,146,40,24,64,210
08/04/2009,AMA,TX,ASW,WE,Combined TRACON& Tower with Radar,26,25,32,54,137,0,0,22,4,26,26,25,54,58,163,36,46,82,245
08/05/2009,AMA,TX,ASW,WE,Combined TRACON& Tower with Radar,30,32,26,23,111,0,1,27,1,29,30,33,53,24,140,2,20,22,162
08/06/2009,AMA,TX,ASW,WE,Combined TRACON& Tower with Radar,31,24,27,110,192,0,1,26,7,34,31,25,53,117,226,8,62,70,296
08/07/2009,AMA,TX,ASW,WE,Combined TRACON& Tower with Radar,30,25,12,50,117,0,2,18,3,23,30,27,30,53,140,0,12,12,152
08/08/2009,AMA,TX,ASW,WE,Combined TRACON& Tower with Radar,21,20,24,41,106,0,0,21,1,22,21,20,45,42,128,0,12,12,140
08/09/2009,AMA,TX,ASW,WE,Combined TRACON& Tower with Radar,27,21,22,36,106,0,0,13,3,16,27,21,35,39,122,24,14,38,160
08/10/2009,AMA,TX,ASW,WE,Combined TRACON& Tower with Radar,29,18,20,22,89,0,2,18,2,22,29,20,38,24,111,0,10,10,121
08/11/2009,AMA,TX,ASW,WE,Combined TRACON& Tower with Radar,32,25,37,11,105,0,0,17,0,17,32,25,54,11,122,22,14,36,158
08/12/2009,AMA,TX,ASW,WE,Combined TRACON& Tower with Radar,31,24,27,7,89,0,0,33,2,35,31,24,60,9,124,18,0,18,142
08/13/2009,AMA,TX,ASW,WE,Combined TRACON& Tower with Radar,26,25,28,7,86,0,1,23,7,31,26,26,51,14,117,34,6,40,157
08/14/2009,AMA,TX,ASW,WE,Combined TRACON& Tower with Radar,21,30,23,17,91,0,1,27,0,28,21,31,50,17,119,18,12,30,149
08/15/2009,AMA,TX,ASW,WE,Combined TRACON& Tower with Radar,18,27,14,10,69,0,0,32,0,32,18,27,46,10,101,18,0,18,119
08/16/2009,AMA,TX,ASW,WE,Combined TRACON& Tower with Radar,19,21,16,27,83,0,0,16,5,21,19,21,32,32,104,22,8,30,134
08/17/2009,AMA,TX,ASW,WE,Combined TRACON& Tower with Radar,35,21,20,65,141,0,1,14,4,19,35,22,34,69,160,0,32,32,192
08/18/2009,AMA,TX,ASW,WE,Combined TRACON& Tower with Radar,24,27,18,37,106,0,1,16,6,23,24,28,34,43,129,112,18,130,259
08/19/2009,AMA,TX,ASW,WE,Combined TRACON& Tower with Radar,29,28,24,81,162,0,1,17,10,28,29,29,41,91,190,6,70,76,266
08/20/2009,AMA,TX,ASW,WE,Combined TRACON& Tower with Radar,36,17,21,38,112,0,6,28,15,49,36,23,49,53,161,10,76,86,247
08/21/2009,AMA,TX,ASW,WE,Combined TRACON& Tower with Radar,25,19,41,63,148,0,4,25,8,37,25,23,66,71,185,0,40,40,225
08/22/2009,AMA,TX,ASW,WE,Combined TRACON& Tower with Radar,16,22,22,6,66,0,0,32,4,36,16,22,54,10,102,20,0,20,122
08/23/2009,AMA,TX,ASW,WE,Combined TRACON& Tower with Radar,23,24,19,4,70,0,0,22,0,22,23,24,41,4,92,0,0,0,92
08/24/2009,AMA,TX,ASW,WE,Combined TRACON& Tower with Radar,34,17,16,23,90,0,0,25,10,35,34,17,41,33,125,60,0,60,185
08/25/2009,AMA,TX,ASW,WE,Combined TRACON& Tower with Radar,24,26,37,21,108,0,1,35,8,44,24,27,72,29,152,20,16,36,188
08/26/2009,AMA,TX,ASW,WE,Combined TRACON& Tower with Radar,27,25,18,31,101,0,3,17,11,31,27,28,35,42,132,46,32,78,210
08/27/2009,AMA,TX,ASW,WE,Combined TRACON& Tower with Radar,24,30,17,62,133,0,1,24,5,30,24,31,41,67,163,44,0,44,207
08/28/2009,AMA,TX,ASW,WE,Combined TRACON& Tower with Radar,29,25,22,92,168,0,2,33,22,57,29,27,55,114,225,16,106,122,347
08/29/2009,AMA,TX,ASW,WE,Combined TRACON& Tower with Radar,13,22,27,24,86,0,0,254,0,254,13,22,281,24,340,12,12,24,364
08/30/2009,AMA,TX,ASW,WE,Combined TRACON& Tower with Radar,24,23,18,40,105,0,0,22,0,22,24,23,40,40,127,22,0,22,149
08/31/2009,AMA,TX,ASW,WE,Combined TRACON& Tower with Radar,29,24,16,5,74,0,0,25,0,25,29,24,41,5,99,22,22,44,143
09/01/2009,AMA,TX,ASW,WE,Combined TRACON& Tower with Radar,26,27,29,35,117,0,0,19,0,19,26,27,48,35,136,36,62,98,234
09/02/2009,AMA,TX,ASW,WE,Combined TRACON& Tower with Radar,29,33,35,23,120,0,0,0,0,0,29,33,35,23,120,2,26,28,148
09/03/2009,AMA,TX,ASW,WE,Combined TRACON& Tower with Radar,30,29,35,47,141,0,3,33,1,37,30,32,68,48,178,5,48,53,231
09/04/2009,AMA,TX,ASW,WE,Combined TRACON& Tower with Radar,27,21,24,53,125,0,0,31,11,42,27,21,55,64,167,42,50,92,259
09/05/2009,AMA,TX,ASW,WE,Combined TRACON& Tower with Radar,18,16,20,35,89,0,0,26,6,32,18,16,46,41,121,2,40,42,163
09/06/2009,AMA,TX,ASW,WE,Combined TRACON& Tower with Radar,18,19,14,0,51,0,0,19,0,19,18,19,33,0,70,0,0,0,70
09/07/2009,AMA,TX,ASW,WE,Combined TRACON& Tower with Radar,25,24,30,5,84,0,0,24,0,24,25,24,54,5,108,28,0,28,136
09/08/2009,AMA,TX,ASW,WE,Combined TRACON& Tower with Radar,31,27,26,56,140,0,1,20,3,24,31,28,46,59,164,0,54,54,218
09/09/2009,AMA,TX,ASW,WE,Combined TRACON& Tower with Radar,29,37,33,94,193,0,3,20,1,24,29,40,53,95,217,18,58,76,293
09/10/2009,AMA,TX,ASW,WE,Combined TRACON& Tower with Radar,30,28,32,53,143,0,1,20,19,40,30,29,52,72,183,10,34,44,227
09/11/2009,AMA,TX,ASW,WE,Combined TRACON& Tower with Radar,32,25,29,101,187,0,1,18,18,37,32,26,47,119,224,20,108,128,352
09/12/2009,AMA,TX,ASW,WE,Combined TRACON& Tower with Radar,16,20,28,54,118,0,0,4,0,4,16,20,32,54,122,0,4,4,126
09/13/2009,AMA,TX,ASW,WE,Combined TRACON& Tower with Radar,28,22,28,16,94,0,0,0,0,0,28,22,28,16,94,0,0,0,94
09/14/2009,AMA,TX,ASW,WE,Combined TRACON& Tower with Radar,38,11,28,118,195,0,0,15,10,25,38,11,43,128,220,12,78,90,310
09/15/2009,AMA,TX,ASW,WE,Combined TRACON& Tower with Radar,28,34,21,74,157,0,0,15,0,15,28,34,36,74,172,24,98,122,294
09/16/2009,AMA,TX,ASW,WE,Combined TRACON& Tower with Radar,30,25,25,78,158,0,0,29,9,38,30,25,54,87,196,18,28,46,242
09/17/2009,AMA,TX,ASW,WE,Combined TRACON& Tower with Radar,39,23,44,110,216,0,1,46,32,79,39,24,90,142,295,16,116,132,427
09/18/2009,AMA,TX,ASW,WE,Combined TRACON& Tower with Radar,27,31,41,135,234,0,0,9,5,14,27,31,50,140,248,30,60,90,338
09/19/2009,AMA,TX,ASW,WE,Combined TRACON& Tower with Radar,22,21,22,0,65,0,3,24,1,28,22,24,46,1,93,90,0,90,183
09/20/2009,AMA,TX,ASW,WE,Combined TRACON& Tower with Radar,23,24,32,41,120,0,0,24,3,27,23,24,56,44,147,0,34,34,181
09/21/2009,AMA,TX,ASW,WE,Combined TRACON& Tower with Radar,43,16,27,58,144,0,0,16,3,19,43,16,43,61,163,2,12,14,177
09/22/2009,AMA,TX,ASW,WE,Combined TRACON& Tower with Radar,48,31,30,63,172,0,5,30,6,41,48,36,60,69,213,10,40,50,263
09/23/2009,AMA,TX,ASW,WE,Combined TRACON& Tower with Radar,29,32,51,80,192,0,0,25,13,38,29,32,76,93,230,14,50,64,294
09/24/2009,AMA,TX,ASW,WE,Combined TRACON& Tower with Radar,37,22,22,71,152,0,0,17,7,24,37,22,39,78,176,8,36,44,220
09/25/2009,AMA,TX,ASW,WE,Combined TRACON& Tower with Radar,30,27,35,103,195,0,1,21,3,25,30,28,56,106,220,0,22,22,242
09/26/2009,AMA,TX,ASW,WE,Combined TRACON& Tower with Radar,16,17,31,2,66,0,0,43,0,43,16,17,74,2,109,56,0,56,165
09/27/2009,AMA,TX,ASW,WE,Combined TRACON& Tower with Radar,26,24,20,23,93,0,0,25,7,32,26,24,45,30,125,22,22,44,169
09/28/2009,AMA,TX,ASW,WE,Combined TRACON& Tower with Radar,30,22,19,37,108,0,1,34,25,60,30,23,53,62,168,34,32,66,234
09/29/2009,AMA,TX,ASW,WE,Combined TRACON& Tower with Radar,29,23,16,33,101,0,0,27,6,33,29,23,43,39,134,52,50,102,236
09/30/2009,AMA,TX,ASW,WE,Combined TRACON& Tower with Radar,35,23,20,3,81,0,4,19,2,25,35,27,39,5,106,60,0,60,166
10/01/2009,AMA,TX,ASW,WE,Combined TRACON& Tower with Radar,34,24,20,77,155,0,0,30,4,34,34,24,50,81,189,24,28,52,241
10/02/2009,AMA,TX,ASW,WE,Combined TRACON& Tower with Radar,33,24,35,136,228,0,0,39,4,43,33,24,74,140,271,4,20,24,295
10/03/2009,AMA,TX,ASW,WE,Combined TRACON& Tower with Radar,18,22,47,1,88,0,6,29,15,50,18,28,76,16,138,76,0,76,214
10/04/2009,AMA,TX,ASW,WE,Combined TRACON& Tower with Radar,24,27,15,0,66,0,0,0,0,0,24,27,15,0,66,0,0,0,66
10/05/2009,AMA,TX,ASW,WE,Combined TRACON& Tower with Radar,33,20,36,69,158,0,2,14,3,19,33,22,50,72,177,26,30,56,233
10/06/2009,AMA,TX,ASW,WE,Combined TRACON& Tower with Radar,34,29,25,201,289,46,0,47,3,96,80,29,72,204,385,64,158,222,607
10/07/2009,AMA,TX,ASW,WE,Combined TRACON& Tower with Radar,31,40,49,52,172,10,0,16,9,35,41,40,65,61,207,46,114,160,367
10/08/2009,AMA,TX,ASW,WE,Combined TRACON& Tower with Radar,37,21,42,41,141,0,0,0,0,0,37,21,42,41,141,0,4,4,145
10/09/2009,AMA,TX,ASW,WE,Combined TRACON& Tower with Radar,41,18,20,55,134,11,0,17,5,33,52,18,37,60,167,54,20,74,241
10/10/2009,AMA,TX,ASW,WE,Combined TRACON& Tower with Radar,24,18,19,0,61,0,0,1,0,1,24,18,20,0,62,0,0,0,62
10/11/2009,AMA,TX,ASW,WE,Combined TRACON& Tower with Radar,24,21,7,0,52,0,0,0,0,0,24,21,7,0,52,0,0,0,52
10/12/2009,AMA,TX,ASW,WE,Combined TRACON& Tower with Radar,28,27,48,12,115,0,0,18,4,22,28,27,66,16,137,26,32,58,195
10/13/2009,AMA,TX,ASW,WE,Combined TRACON& Tower with Radar,24,28,18,2,72,0,0,0,3,3,24,28,18,5,75,0,6,6,81
10/14/2009,AMA,TX,ASW,WE,Combined TRACON& Tower with Radar,34,27,54,142,257,0,1,18,14,33,34,28,72,156,290,64,220,284,574
10/15/2009,AMA,TX,ASW,WE,Combined TRACON& Tower with Radar,28,28,51,63,170,16,2,25,13,56,44,30,76,76,226,100,122,222,448
10/16/2009,AMA,TX,ASW,WE,Combined TRACON& Tower with Radar,37,28,27,68,160,22,0,38,4,64,59,28,65,72,224,86,88,174,398
10/17/2009,AMA,TX,ASW,WE,Combined TRACON& Tower with Radar,22,18,27,0,67,24,0,41,0,65,46,18,68,0,132,128,0,128,260
10/18/2009,AMA,TX,ASW,WE,Combined TRACON& Tower with Radar,24,28,28,28,108,0,3,23,2,28,24,31,51,30,136,30,12,42,178
10/19/2009,AMA,TX,ASW,WE,Combined TRACON& Tower with Radar,38,31,31,49,149,38,0,17,2,57,76,31,48,51,206,42,90,132,338
10/20/2009,AMA,TX,ASW,WE,Combined TRACON& Tower with Radar,28,35,25,67,155,0,1,14,3,18,28,36,39,70,173,22,78,100,273
10/21/2009,AMA,TX,ASW,WE,Combined TRACON& Tower with Radar,27,41,23,2,93,0,0,1,0,1,27,41,24,2,94,0,8,8,102
10/22/2009,AMA,TX,ASW,WE,Combined TRACON& Tower with Radar,52,22,31,195,300,0,3,8,7,18,52,25,39,202,318,10,88,98,416
10/23/2009,AMA,TX,ASW,WE,Combined TRACON& Tower with Radar,35,21,29,52,137,42,2,40,9,93,77,23,69,61,230,52,32,84,314
10/24/2009,AMA,TX,ASW,WE,Combined TRACON& Tower with Radar,18,17,39,11,85,0,0,32,0,32,18,17,71,11,117,52,0,52,169
10/25/2009,AMA,TX,ASW,WE,Combined TRACON& Tower with Radar,21,31,23,53,128,0,0,16,3,19,21,31,39,56,147,0,30,30,177
10/26/2009,AMA,TX,ASW,WE,Combined TRACON& Tower with Radar,29,30,38,125,222,0,1,25,1,27,29,31,63,126,249,84,42,126,375
10/27/2009,AMA,TX,ASW,WE,Combined TRACON& Tower with Radar,29,26,42,38,135,16,4,18,0,38,45,30,60,38,173,56,22,78,251
10/28/2009,AMA,TX,ASW,WE,Combined TRACON& Tower with Radar,30,30,27,57,144,0,3,15,8,26,30,33,42,65,170,51,66,117,287
10/29/2009,AMA,TX,ASW,WE,Combined TRACON& Tower with Radar,26,31,45,22,124,0,0,6,0,6,26,31,51,22,130,0,18,18,148
10/30/2009,AMA,TX,ASW,WE,Combined TRACON& Tower with Radar,26,29,33,162,250,0,2,35,6,43,26,31,68,168,293,116,112,228,521
10/31/2009,AMA,TX,ASW,WE,Combined TRACON& Tower with Radar,25,11,11,2,49,24,0,36,4,64,49,11,47,6,113,92,0,92,205
11/01/2009,AMA,TX,ASW,WE,Combined TRACON& Tower with Radar,31,22,15,30,98,0,0,35,4,39,31,22,50,34,137,16,0,16,153
11/02/2009,AMA,TX,ASW,WE,Combined TRACON& Tower with Radar,28,25,21,66,140,0,3,17,10,30,28,28,38,76,170,24,22,46,216
11/03/2009,AMA,TX,ASW,WE,Combined TRACON& Tower with Radar,31,30,29,32,122,0,0,20,2,22,31,30,49,34,144,28,4,32,176
11/04/2009,AMA,TX,ASW,WE,Combined TRACON& Tower with Radar,30,24,21,80,155,0,5,41,13,59,30,29,62,93,214,42,64,106,320
11/05/2009,AMA,TX,ASW,WE,Combined TRACON& Tower with Radar,33,20,36,82,171,0,1,44,2,47,33,21,80,84,218,48,68,116,334
11/06/2009,AMA,TX,ASW,WE,Combined TRACON& Tower with Radar,33,26,37,100,196,0,2,49,9,60,33,28,86,109,256,48,108,156,412
11/07/2009,AMA,TX,ASW,WE,Combined TRACON& Tower with Radar,26,14,26,10,76,0,2,25,0,27,26,16,51,10,103,26,20,46,149
11/08/2009,AMA,TX,ASW,WE,Combined TRACON& Tower with Radar,30,25,30,15,100,0,0,19,3,22,30,25,49,18,122,12,4,16,138
11/09/2009,AMA,TX,ASW,WE,Combined TRACON& Tower with Radar,39,16,42,30,127,0,0,10,2,12,39,16,52,32,139,0,2,2,141
11/10/2009,AMA,TX,ASW,WE,Combined TRACON& Tower with Radar,40,30,35,26,131,0,0,22,10,32,40,30,57,36,163,72,38,110,273
11/11/2009,AMA,TX,ASW,WE,Combined TRACON& Tower with Radar,31,31,34,7,103,0,1,20,8,29,31,32,54,15,132,26,48,74,206
11/12/2009,AMA,TX,ASW,WE,Combined TRACON& Tower with Radar,38,27,39,29,133,0,0,24,58,82,38,27,63,87,215,0,84,84,299
11/13/2009,AMA,TX,ASW,WE,Combined TRACON& Tower with Radar,28,23,40,66,157,0,0,42,2,44,28,23,82,68,201,64,74,138,339
11/14/2009,AMA,TX,ASW,WE,Combined TRACON& Tower with Radar,30,11,25,0,66,0,7,43,20,70,30,18,68,20,136,76,0,76,212
11/15/2009,AMA,TX,ASW,WE,Combined TRACON& Tower with Radar,31,24,35,3,93,0,0,10,0,10,31,24,45,3,103,0,0,0,103
11/16/2009,AMA,TX,ASW,WE,Combined TRACON& Tower with Radar,34,32,37,130,233,0,0,11,49,60,34,32,48,179,293,2,136,138,431
11/17/2009,AMA,TX,ASW,WE,Combined TRACON& Tower with Radar,29,25,46,217,317,0,2,38,48,88,29,27,84,265,405,50,240,290,695
11/18/2009,AMA,TX,ASW,WE,Combined TRACON& Tower with Radar,28,24,28,102,182,0,1,41,4,46,28,25,69,106,228,30,80,110,338
11/19/2009,AMA,TX,ASW,WE,Combined TRACON& Tower with Radar,39,21,36,75,171,0,3,32,4,39,39,24,68,79,210,30,24,54,264
11/20/2009,AMA,TX,ASW,WE,Combined TRACON& Tower with Radar,38,22,49,338,447,0,0,21,4,25,38,22,70,342,472,78,104,182,654
11/21/2009,AMA,TX,ASW,WE,Combined TRACON& Tower with Radar,26,18,41,90,175,0,0,23,0,23,26,18,64,90,198,60,0,60,258
11/22/2009,AMA,TX,ASW,WE,Combined TRACON& Tower with Radar,30,21,41,167,259,0,0,30,5,35,30,21,71,172,294,36,24,60,354
11/23/2009,AMA,TX,ASW,WE,Combined TRACON& Tower with Radar,27,20,31,62,140,0,5,17,9,31,27,25,48,71,171,50,22,72,243
11/24/2009,AMA,TX,ASW,WE,Combined TRACON& Tower with Radar,35,27,32,77,171,0,3,35,6,44,35,30,67,83,215,18,44,62,277
11/25/2009,AMA,TX,ASW,WE,Combined TRACON& Tower with Radar,41,31,25,49,146,0,1,27,1,29,41,32,52,50,175,30,26,56,231
11/26/2009,AMA,TX,ASW,WE,Combined TRACON& Tower with Radar,21,11,13,0,45,0,0,16,0,16,21,11,29,0,61,42,0,42,103
11/27/2009,AMA,TX,ASW,WE,Combined TRACON& Tower with Radar,27,18,20,0,65,0,1,20,1,22,27,19,40,1,87,118,0,118,205
11/28/2009,AMA,TX,ASW,WE,Combined TRACON& Tower with Radar,26,19,22,0,67,0,0,29,0,29,26,19,51,0,96,54,0,54,150
11/29/2009,AMA,TX,ASW,WE,Combined TRACON& Tower with Radar,30,31,22,0,83,0,0,1,0,1,30,31,23,0,84,0,0,0,84
11/30/2009,AMA,TX,ASW,WE,Combined TRACON& Tower with Radar,34,25,43,68,170,0,2,10,17,29,34,27,53,85,199,2,88,90,289
12/01/2009,AMA,TX,ASW,WE,Combined TRACON& Tower with Radar,22,36,34,2,94,0,0,18,0,18,22,36,52,2,112,0,56,56,168
12/02/2009,AMA,TX,ASW,WE,Combined TRACON& Tower with Radar,30,22,25,46,123,0,1,5,2,8,30,23,30,48,131,2,0,2,133
12/03/2009,AMA,TX,ASW,WE,Combined TRACON& Tower with Radar,33,28,12,21,94,0,1,17,9,27,33,29,29,30,121,46,12,58,179
12/04/2009,AMA,TX,ASW,WE,Combined TRACON& Tower with Radar,30,30,48,88,196,0,6,28,17,51,30,36,76,105,247,15,34,49,296
12/05/2009,AMA,TX,ASW,WE,Combined TRACON& Tower with Radar,18,24,36,2,80,0,1,32,0,33,18,25,68,2,113,50,0,50,163
12/06/2009,AMA,TX,ASW,WE,Combined TRACON& Tower with Radar,31,20,33,19,103,0,0,8,0,8,31,20,41,19,111,0,0,0,111
12/07/2009,AMA,TX,ASW,WE,Combined TRACON& Tower with Radar,28,30,35,95,188,0,0,4,1,5,28,30,39,96,193,10,8,18,211
12/08/2009,AMA,TX,ASW,WE,Combined TRACON& Tower with Radar,28,27,23,5,83,0,0,7,1,8,28,27,30,6,91,0,0,0,91
12/09/2009,AMA,TX,ASW,WE,Combined TRACON& Tower with Radar,35,28,12,158,233,0,1,28,10,39,35,29,40,168,272,0,50,50,322
12/10/2009,AMA,TX,ASW,WE,Combined TRACON& Tower with Radar,37,27,34,72,170,0,1,32,8,41,37,28,66,80,211,16,58,74,285
12/11/2009,AMA,TX,ASW,WE,Combined TRACON& Tower with Radar,33,28,27,75,163,0,2,29,4,35,33,30,56,79,198,70,18,88,286
12/12/2009,AMA,TX,ASW,WE,Combined TRACON& Tower with Radar,28,20,21,17,86,0,0,22,1,23,28,20,43,18,109,43,0,43,152
12/13/2009,AMA,TX,ASW,WE,Combined TRACON& Tower with Radar,30,24,28,2,84,0,1,32,0,33,30,25,60,2,117,56,0,56,173
12/14/2009,AMA,TX,ASW,WE,Combined TRACON& Tower with Radar,33,26,28,109,196,0,1,14,15,30,33,27,42,124,226,16,66,82,308
12/15/2009,AMA,TX,ASW,WE,Combined TRACON& Tower with Radar,30,35,40,30,135,0,0,23,3,26,30,35,63,33,161,12,24,36,197
12/16/2009,AMA,TX,ASW,WE,Combined TRACON& Tower with Radar,31,33,31,62,157,0,1,34,10,45,31,34,65,72,202,0,50,50,252
12/17/2009,AMA,TX,ASW,WE,Combined TRACON& Tower with Radar,30,25,54,49,158,0,1,23,3,27,30,26,77,52,185,36,54,90,275
12/18/2009,AMA,TX,ASW,WE,Combined TRACON& Tower with Radar,32,25,26,164,247,0,1,40,6,47,32,26,66,170,294,42,58,100,394
12/19/2009,AMA,TX,ASW,WE,Combined TRACON& Tower with Radar,22,24,32,18,96,0,0,42,0,42,22,24,74,18,138,76,0,76,214
12/20/2009,AMA,TX,ASW,WE,Combined TRACON& Tower with Radar,30,22,20,9,81,0,0,34,0,34,30,22,54,9,115,60,20,80,195
12/21/2009,AMA,TX,ASW,WE,Combined TRACON& Tower with Radar,32,21,24,42,119,0,0,23,0,23,32,21,47,42,142,121,60,181,323
12/22/2009,AMA,TX,ASW,WE,Combined TRACON& Tower with Radar,28,29,22,116,195,0,0,32,28,60,28,29,54,144,255,18,84,102,357
12/23/2009,AMA,TX,ASW,WE,Combined TRACON& Tower with Radar,31,32,26,0,89,0,0,0,0,0,31,32,26,0,89,0,0,0,89
12/24/2009,AMA,TX,ASW,WE,Combined TRACON& Tower with Radar,21,22,11,0,54,0,0,4,0,4,21,22,15,0,58,0,0,0,58
12/25/2009,AMA,TX,ASW,WE,Combined TRACON& Tower with Radar,15,19,16,0,50,0,0,4,0,4,15,19,20,0,54,0,0,0,54
12/26/2009,AMA,TX,ASW,WE,Combined TRACON& Tower with Radar,23,26,28,0,77,0,1,19,0,20,23,27,47,0,97,0,0,0,97
12/27/2009,AMA,TX,ASW,WE,Combined TRACON& Tower with Radar,27,25,22,0,74,0,2,15,0,17,27,27,37,0,91,14,0,14,105
12/28/2009,AMA,TX,ASW,WE,Combined TRACON& Tower with Radar,29,27,20,10,86,0,1,36,0,37,29,28,56,10,123,20,20,40,163
12/29/2009,AMA,TX,ASW,WE,Combined TRACON& Tower with Radar,26,25,19,0,70,0,0,5,0,5,26,25,24,0,75,8,0,8,83
12/30/2009,AMA,TX,ASW,WE,Combined TRACON& Tower with Radar,28,26,25,13,92,0,2,25,4,31,28,28,50,17,123,0,2,2,125
12/31/2009,AMA,TX,ASW,WE,Combined TRACON& Tower with Radar,23,17,12,0,52,0,0,1,0,1,23,17,13,0,53,0,0,0,53
01/01/2010,AMA,TX,ASW,WE,Combined TRACON& Tower with Radar,24,18,6,0,48,0,0,20,12,32,24,18,26,12,80,4,0,4,84
01/02/2010,AMA,TX,ASW,WE,Combined TRACON& Tower with Radar,20,9,19,0,48,0,0,0,0,0,20,9,19,0,48,0,0,0,48
01/03/2010,AMA,TX,ASW,WE,Combined TRACON& Tower with Radar,23,24,67,0,114,0,0,19,0,19,23,24,86,0,133,20,0,20,153
01/04/2010,AMA,TX,ASW,WE,Combined TRACON& Tower with Radar,34,23,21,4,82,0,0,24,0,24,34,23,45,4,106,44,0,44,150
01/05/2010,AMA,TX,ASW,WE,Combined TRACON& Tower with Radar,26,27,53,86,192,0,1,32,0,33,26,28,85,86,225,42,78,120,345
01/06/2010,AMA,TX,ASW,WE,Combined TRACON& Tower with Radar,25,40,48,170,283,0,0,15,11,26,25,40,63,181,309,22,144,166,475
01/07/2010,AMA,TX,ASW,WE,Combined TRACON& Tower with Radar,23,25,15,146,209,0,0,8,15,23,23,25,23,161,232,2,86,88,320
01/08/2010,AMA,TX,ASW,WE,Combined TRACON& Tower with Radar,29,25,34,110,198,0,5,14,8,27,29,30,48,118,225,18,66,84,309
01/09/2010,AMA,TX,ASW,WE,Combined TRACON& Tower with Radar,22,13,30,12,77,0,3,35,3,41,22,16,65,15,118,42,0,42,160
01/10/2010,AMA,TX,ASW,WE,Combined TRACON& Tower with Radar,26,21,36,42,125,0,0,20,3,23,26,21,56,45,148,0,16,16,164
01/11/2010,AMA,TX,ASW,WE,Combined TRACON& Tower with Radar,36,21,37,60,154,0,2,31,4,37,36,23,68,64,191,40,0,40,231
01/12/2010,AMA,TX,ASW,WE,Combined TRACON& Tower with Radar,31,22,37,66,156,0,2,40,8,50,31,24,77,74,206,8,82,90,296
01/13/2010,AMA,TX,ASW,WE,Combined TRACON& Tower with Radar,29,26,40,85,180,0,3,34,6,43,29,29,74,91,223,2,0,2,225
01/14/2010,AMA,TX,ASW,WE,Combined TRACON& Tower with Radar,33,21,31,171,256,0,1,12,163,176,33,22,43,334,432,0,262,262,694
01/15/2010,AMA,TX,ASW,WE,Combined TRACON& Tower with Radar,30,34,44,431,539,0,1,27,88,116,30,35,71,519,655,4,266,270,925
01/16/2010,AMA,TX,ASW,WE,Combined TRACON& Tower with Radar,21,25,43,2,91,0,2,20,1,23,21,27,63,3,114,48,0,48,162
01/17/2010,AMA,TX,ASW,WE,Combined TRACON& Tower with Radar,26,18,27,21,92,0,0,20,2,22,26,18,47,23,114,68,4,72,186
01/18/2010,AMA,TX,ASW,WE,Combined TRACON& Tower with Radar,31,23,35,61,150,0,2,39,3,44,31,25,74,64,194,20,0,20,214
01/19/2010,AMA,TX,ASW,WE,Combined TRACON& Tower with Radar,29,32,42,156,259,0,4,18,16,38,29,36,60,172,297,24,56,80,377
01/20/2010,AMA,TX,ASW,WE,Combined TRACON& Tower with Radar,28,25,58,67,178,0,2,19,6,27,28,27,77,73,205,3,24,27,232
01/21/2010,AMA,TX,ASW,WE,Combined TRACON& Tower with Radar,30,30,59,73,192,0,0,28,27,55,30,30,87,100,247,20,130,150,397
01/22/2010,AMA,TX,ASW,WE,Combined TRACON& Tower with Radar,35,25,16,22,98,0,1,13,3,17,35,26,29,25,115,0,16,16,131
01/23/2010,AMA,TX,ASW,WE,Combined TRACON& Tower with Radar,27,18,14,40,99,0,1,18,9,28,27,19,32,49,127,38,70,108,235
01/24/2010,AMA,TX,ASW,WE,Combined TRACON& Tower with Radar,27,18,14,40,99,0,1,18,9,28,27,19,32,49,127,38,70,108,235
01/25/2010,AMA,TX,ASW,WE,Combined TRACON& Tower with Radar,32,32,38,86,188,0,2,30,3,35,32,34,68,89,223,20,50,70,293
01/26/2010,AMA,TX,ASW,WE,Combined TRACON& Tower with Radar,25,25,25,41,116,0,2,39,6,47,25,27,64,47,163,30,8,38,201
01/27/2010,AMA,TX,ASW,WE,Combined TRACON& Tower with Radar,32,27,25,154,238,0,0,22,3,25,32,27,47,157,263,34,72,106,369
01/28/2010,AMA,TX,ASW,WE,Combined TRACON& Tower with Radar,0,5,4,0,9,0,0,0,0,0,0,5,4,0,9,0,0,0,9
01/29/2010,AMA,TX,ASW,WE,Combined TRACON& Tower with Radar,0,3,12,0,15,0,0,0,0,0,0,3,12,0,15,0,0,0,15
01/30/2010,AMA,TX,ASW,WE,Combined TRACON& Tower with Radar,18,9,9,0,36,0,2,14,1,17,18,11,23,1,53,28,0,28,81
01/31/2010,AMA,TX,ASW,WE,Combined TRACON& Tower with Radar,17,16,19,8,60,0,0,0,0,0,17,16,19,8,60,0,0,0,60
02/01/2010,AMA,TX,ASW,WE,Combined TRACON& Tower with Radar,26,27,39,2,94,0,0,0,0,0,26,27,39,2,94,0,0,0,94
02/02/2010,AMA,TX,ASW,WE,Combined TRACON& Tower with Radar,33,38,45,39,155,0,0,19,0,19,33,38,64,39,174,22,6,28,202
02/03/2010,AMA,TX,ASW,WE,Combined TRACON& Tower with Radar,22,30,17,0,69,0,0,0,0,0,22,30,17,0,69,0,0,0,69
02/04/2010,AMA,TX,ASW,WE,Combined TRACON& Tower with Radar,34,20,12,3,69,0,0,2,0,2,34,20,14,3,71,0,0,0,71
02/05/2010,AMA,TX,ASW,WE,Combined TRACON& Tower with Radar,33,26,53,31,143,0,0,25,5,30,33,26,78,36,173,56,10,66,239
02/06/2010,AMA,TX,ASW,WE,Combined TRACON& Tower with Radar,21,17,11,0,49,0,0,1,0,1,21,17,12,0,50,0,18,18,68
02/07/2010,AMA,TX,ASW,WE,Combined TRACON& Tower with Radar,21,14,11,0,46,0,0,0,0,0,21,14,11,0,46,0,0,0,46
02/08/2010,AMA,TX,ASW,WE,Combined TRACON& Tower with Radar,35,19,19,0,73,0,0,1,0,1,35,19,20,0,74,2,0,2,76
02/09/2010,AMA,TX,ASW,WE,Combined TRACON& Tower with Radar,34,26,30,28,118,0,0,9,10,19,34,26,39,38,137,74,20,94,231
02/10/2010,AMA,TX,ASW,WE,Combined TRACON& Tower with Radar,28,32,29,111,200,0,0,30,8,38,28,32,59,119,238,34,34,68,306
02/11/2010,AMA,TX,ASW,WE,Combined TRACON& Tower with Radar,20,18,26,1,65,0,0,8,3,11,20,18,34,4,76,16,0,16,92
02/12/2010,AMA,TX,ASW,WE,Combined TRACON& Tower with Radar,26,16,27,85,154,0,0,23,16,39,26,16,50,101,193,8,26,34,227
02/13/2010,AMA,TX,ASW,WE,Combined TRACON& Tower with Radar,21,17,52,5,95,0,0,60,1,61,21,17,112,6,156,92,0,92,248
02/14/2010,AMA,TX,ASW,WE,Combined TRACON& Tower with Radar,22,25,10,27,84,0,0,18,1,19,22,25,28,28,103,0,0,0,103
02/15/2010,AMA,TX,ASW,WE,Combined TRACON& Tower with Radar,34,17,47,31,129,0,0,20,10,30,34,17,67,41,159,40,4,44,203
02/16/2010,AMA,TX,ASW,WE,Combined TRACON& Tower with Radar,30,27,33,128,218,0,2,30,6,38,30,29,63,134,256,12,72,84,340
02/17/2010,AMA,TX,ASW,WE,Combined TRACON& Tower with Radar,26,33,32,116,207,0,3,42,2,47,26,36,74,118,254,20,42,62,316
02/18/2010,AMA,TX,ASW,WE,Combined TRACON& Tower with Radar,34,26,36,92,188,0,2,25,7,34,34,28,61,99,222,16,40,56,278
02/19/2010,AMA,TX,ASW,WE,Combined TRACON& Tower with Radar,37,23,19,62,141,0,1,12,0,13,37,24,31,62,154,12,0,12,166
02/20/2010,AMA,TX,ASW,WE,Combined TRACON& Tower with Radar,19,21,20,1,61,0,0,3,2,5,19,21,23,3,66,22,0,22,88
02/21/2010,AMA,TX,ASW,WE,Combined TRACON& Tower with Radar,24,20,20,0,64,0,0,0,0,0,24,20,20,0,64,0,0,0,64
02/22/2010,AMA,TX,ASW,WE,Combined TRACON& Tower with Radar,38,16,21,1,76,0,0,0,0,0,38,16,21,1,76,0,0,0,76
02/23/2010,AMA,TX,ASW,WE,Combined TRACON& Tower with Radar,24,20,29,0,73,0,0,14,6,20,24,20,43,6,93,22,4,26,119
02/24/2010,AMA,TX,ASW,WE,Combined TRACON& Tower with Radar,27,28,26,33,114,0,0,28,10,38,27,28,54,43,152,46,10,56,208
02/25/2010,AMA,TX,ASW,WE,Combined TRACON& Tower with Radar,29,33,33,10,105,0,0,17,6,23,29,33,50,16,128,8,36,44,172
02/26/2010,AMA,TX,ASW,WE,Combined TRACON& Tower with Radar,36,27,44,70,177,0,0,13,11,24,36,27,57,81,201,30,52,82,283
02/27/2010,AMA,TX,ASW,WE,Combined TRACON& Tower with Radar,20,16,23,5,64,0,2,44,17,63,20,18,67,22,127,70,34,104,231
02/28/2010,AMA,TX,ASW,WE,Combined TRACON& Tower with Radar,24,27,21,16,88,0,0,8,0,8,24,27,29,16,96,0,24,24,120
03/01/2010,AMA,TX,ASW,WE,Combined TRACON& Tower with Radar,25,28,18,47,118,0,0,6,5,11,25,28,24,52,129,0,46,46,175
03/02/2010,AMA,TX,ASW,WE,Combined TRACON& Tower with Radar,29,19,37,65,150,0,2,33,4,39,29,21,70,69,189,30,22,52,241
03/03/2010,AMA,TX,ASW,WE,Combined TRACON& Tower with Radar,23,34,57,75,189,0,0,28,8,36,23,34,85,83,225,40,22,62,287
03/04/2010,AMA,TX,ASW,WE,Combined TRACON& Tower with Radar,37,17,19,56,129,0,2,36,9,47,37,19,55,65,176,94,40,134,310
03/05/2010,AMA,TX,ASW,WE,Combined TRACON& Tower with Radar,46,14,30,29,119,0,0,12,19,31,46,14,42,48,150,40,8,48,198
03/06/2010,AMA,TX,ASW,WE,Combined TRACON& Tower with Radar,20,17,25,10,72,0,0,30,14,44,20,17,55,24,116,60,20,80,196
03/07/2010,AMA,TX,ASW,WE,Combined TRACON& Tower with Radar,26,29,34,0,89,0,0,0,0,0,26,29,34,0,89,0,0,0,89
03/08/2010,AMA,TX,ASW,WE,Combined TRACON& Tower with Radar,30,24,23,13,90,0,0,4,2,6,30,24,27,15,96,0,26,26,122
03/09/2010,AMA,TX,ASW,WE,Combined TRACON& Tower with Radar,36,17,40,92,185,0,4,23,54,81,36,21,63,146,266,16,94,110,376
03/10/2010,AMA,TX,ASW,WE,Combined TRACON& Tower with Radar,37,33,39,59,168,0,5,9,0,14,37,38,48,59,182,0,14,14,196
03/11/2010,AMA,TX,ASW,WE,Combined TRACON& Tower with Radar,29,28,38,23,118,0,1,6,1,8,29,29,44,24,126,38,32,70,196
03/12/2010,AMA,TX,ASW,WE,Combined TRACON& Tower with Radar,29,21,21,63,134,0,3,33,5,41,29,24,54,68,175,30,32,62,237
03/13/2010,AMA,TX,ASW,WE,Combined TRACON& Tower with Radar,22,16,63,84,185,0,2,49,13,64,22,18,112,97,249,156,38,194,443
03/14/2010,AMA,TX,ASW,WE,Combined TRACON& Tower with Radar,26,27,24,57,134,0,0,17,13,30,26,27,41,70,164,0,8,8,172
03/15/2010,AMA,TX,ASW,WE,Combined TRACON& Tower with Radar,32,21,29,0,82,0,0,1,0,1,32,21,30,0,83,0,0,0,83
03/16/2010,AMA,TX,ASW,WE,Combined TRACON& Tower with Radar,31,40,35,77,183,0,3,26,59,88,31,43,61,136,271,85,114,199,470
03/17/2010,AMA,TX,ASW,WE,Combined TRACON& Tower with Radar,26,42,23,99,190,0,2,22,9,33,26,44,45,108,223,48,138,186,409
03/18/2010,AMA,TX,ASW,WE,Combined TRACON& Tower with Radar,39,30,39,17,125,0,4,29,10,43,39,34,68,27,168,18,0,18,186
03/19/2010,AMA,TX,ASW,WE,Combined TRACON& Tower with Radar,44,20,20,22,106,0,1,15,6,22,44,21,35,28,128,0,2,2,130
03/20/2010,AMA,TX,ASW,WE,Combined TRACON& Tower with Radar,24,16,10,4,54,0,0,4,0,4,24,16,14,4,58,0,0,0,58
03/21/2010,AMA,TX,ASW,WE,Combined TRACON& Tower with Radar,22,26,42,35,125,0,0,32,11,43,22,26,74,46,168,50,16,66,234
03/22/2010,AMA,TX,ASW,WE,Combined TRACON& Tower with Radar,29,29,25,38,121,0,1,23,8,32,29,30,48,46,153,32,12,44,197
03/23/2010,AMA,TX,ASW,WE,Combined TRACON& Tower with Radar,34,23,37,42,136,0,8,34,18,60,34,31,71,60,196,20,52,72,268
03/24/2010,AMA,TX,ASW,WE,Combined TRACON& Tower with Radar,23,29,29,0,81,0,0,0,0,0,23,29,29,0,81,0,0,0,81
03/25/2010,AMA,TX,ASW,WE,Combined TRACON& Tower with Radar,29,23,26,85,163,0,0,27,9,36,29,23,53,94,199,32,92,124,323
03/26/2010,AMA,TX,ASW,WE,Combined TRACON& Tower with Radar,31,22,23,30,106,0,1,28,2,31,31,23,51,32,137,2,60,62,199
03/27/2010,AMA,TX,ASW,WE,Combined TRACON& Tower with Radar,29,15,14,26,84,0,0,4,3,7,29,15,18,29,91,60,2,62,153
03/28/2010,AMA,TX,ASW,WE,Combined TRACON& Tower with Radar,24,20,20,48,112,0,2,30,4,36,24,22,50,52,148,12,10,22,170
03/29/2010,AMA,TX,ASW,WE,Combined TRACON& Tower with Radar,38,24,44,79,185,0,2,45,20,67,38,26,89,99,252,2,24,26,278
03/30/2010,AMA,TX,ASW,WE,Combined TRACON& Tower with Radar,32,21,31,52,136,0,2,55,16,73,32,23,86,68,209,6,32,38,247
03/31/2010,AMA,TX,ASW,WE,Combined TRACON& Tower with Radar,27,25,24,103,179,0,3,23,18,44,27,28,47,121,223,60,54,114,337
04/01/2010,AMA,TX,ASW,WE,Combined TRACON& Tower with Radar,33,22,32,37,124,0,0,19,4,23,33,22,51,41,147,20,40,60,207
04/02/2010,AMA,TX,ASW,WE,Combined TRACON& Tower with Radar,31,26,25,42,124,0,1,12,7,20,31,27,37,49,144,30,142,172,316
04/03/2010,AMA,TX,ASW,WE,Combined TRACON& Tower with Radar,31,21,25,3,80,0,1,26,1,28,31,22,51,4,108,0,0,0,108
04/04/2010,AMA,TX,ASW,WE,Combined TRACON& Tower with Radar,28,22,17,17,84,0,0,22,2,24,28,22,39,19,108,38,8,46,154
04/05/2010,AMA,TX,ASW,WE,Combined TRACON& Tower with Radar,33,22,28,44,127,0,1,5,5,11,33,23,33,49,138,0,40,40,178
04/06/2010,AMA,TX,ASW,WE,Combined TRACON& Tower with Radar,27,20,24,34,105,0,1,21,18,40,27,21,45,52,145,2,32,34,179
04/07/2010,AMA,TX,ASW,WE,Combined TRACON& Tower with Radar,29,28,20,25,102,0,10,13,1,24,29,38,33,26,126,1,30,31,157
04/08/2010,AMA,TX,ASW,WE,Combined TRACON& Tower with Radar,27,21,60,105,213,0,1,37,10,48,27,22,97,115,261,24,94,118,379
04/09/2010,AMA,TX,ASW,WE,Combined TRACON& Tower with Radar,28,26,34,32,120,0,1,28,6,35,28,27,62,38,155,24,126,150,305
04/10/2010,AMA,TX,ASW,WE,Combined TRACON& Tower with Radar,26,10,33,6,75,0,2,37,2,41,26,12,70,8,116,58,18,76,192
04/11/2010,AMA,TX,ASW,WE,Combined TRACON& Tower with Radar,18,19,21,27,85,0,2,23,2,27,18,21,44,29,112,10,28,38,150
04/12/2010,AMA,TX,ASW,WE,Combined TRACON& Tower with Radar,29,17,42,28,116,0,1,13,10,24,29,18,55,38,140,18,0,18,158
04/13/2010,AMA,TX,ASW,WE,Combined TRACON& Tower with Radar,28,21,29,11,89,0,0,11,10,21,28,21,40,21,110,0,16,16,126
04/14/2010,AMA,TX,ASW,WE,Combined TRACON& Tower with Radar,26,20,38,8,92,0,0,10,0,10,26,20,48,8,102,46,0,46,148
04/15/2010,AMA,TX,ASW,WE,Combined TRACON& Tower with Radar,29,24,25,8,86,0,0,2,1,3,29,24,27,9,89,0,0,0,89
04/16/2010,AMA,TX,ASW,WE,Combined TRACON& Tower with Radar,26,24,12,10,72,0,0,0,0,0,26,24,12,10,72,0,0,0,72
04/17/2010,AMA,TX,ASW,WE,Combined TRACON& Tower with Radar,26,17,25,0,68,0,0,27,0,27,26,17,52,0,95,0,0,0,95
04/18/2010,AMA,TX,ASW,WE,Combined TRACON& Tower with Radar,22,17,41,16,96,0,0,13,0,13,22,17,54,16,109,14,20,34,143
04/19/2010,AMA,TX,ASW,WE,Combined TRACON& Tower with Radar,32,24,49,9,114,0,1,1,7,9,32,25,50,16,123,0,10,10,133
04/20/2010,AMA,TX,ASW,WE,Combined TRACON& Tower with Radar,31,20,25,28,104,0,0,15,7,22,31,20,40,35,126,10,28,38,164
04/21/2010,AMA,TX,ASW,WE,Combined TRACON& Tower with Radar,25,33,26,43,127,0,0,10,5,15,25,33,36,48,142,84,14,98,240
04/22/2010,AMA,TX,ASW,WE,Combined TRACON& Tower with Radar,30,22,35,14,101,0,0,8,3,11,30,22,43,17,112,2,20,22,134
04/23/2010,AMA,TX,ASW,WE,Combined TRACON& Tower with Radar,27,24,28,53,132,0,1,18,5,24,27,25,46,58,156,10,60,70,226
04/24/2010,AMA,TX,ASW,WE,Combined TRACON& Tower with Radar,28,18,44,5,95,0,0,26,3,29,28,18,70,8,124,26,6,32,156
04/25/2010,AMA,TX,ASW,WE,Combined TRACON& Tower with Radar,28,18,24,5,75,0,0,26,3,29,28,18,50,8,104,48,8,56,160
04/26/2010,AMA,TX,ASW,WE,Combined TRACON& Tower with Radar,29,18,25,24,96,0,0,5,6,11,29,18,30,30,107,30,20,50,157
04/27/2010,AMA,TX,ASW,WE,Combined TRACON& Tower with Radar,28,20,29,71,148,0,0,30,14,44,28,20,59,85,192,49,4,53,245
04/28/2010,AMA,TX,ASW,WE,Combined TRACON& Tower with Radar,24,23,35,21,103,0,0,23,11,34,24,23,58,32,137,46,36,82,219
04/29/2010,AMA,TX,ASW,WE,Combined TRACON& Tower with Radar,26,26,33,64,149,0,1,22,7,30,26,27,55,71,179,0,42,42,221
04/30/2010,AMA,TX,ASW,WE,Combined TRACON& Tower with Radar,27,27,24,219,297,0,24,27,7,58,27,51,51,226,355,12,190,202,557
05/01/2010,AMA,TX,ASW,WE,Combined TRACON& Tower with Radar,16,18,23,2,59,0,0,17,2,19,16,18,40,4,78,24,0,24,102
05/02/2010,AMA,TX,ASW,WE,Combined TRACON& Tower with Radar,20,23,16,8,67,0,0,9,3,12,20,23,25,11,79,20,0,20,99
05/03/2010,AMA,TX,ASW,WE,Combined TRACON& Tower with Radar,31,24,35,134,224,0,2,28,18,48,31,26,63,152,272,10,82,92,364
05/04/2010,AMA,TX,ASW,WE,Combined TRACON& Tower with Radar,26,22,25,64,137,0,1,20,22,43,26,23,45,86,180,24,120,144,324
05/05/2010,AMA,TX,ASW,WE,Combined TRACON& Tower with Radar,24,32,50,96,202,0,4,28,8,40,24,36,78,104,242,22,64,86,328
05/06/2010,AMA,TX,ASW,WE,Combined TRACON& Tower with Radar,24,24,23,117,188,0,2,33,7,42,24,26,56,124,230,42,110,152,382
05/07/2010,AMA,TX,ASW,WE,Combined TRACON& Tower with Radar,32,21,29,107,189,0,0,35,9,44,32,21,64,116,233,0,52,52,285
05/08/2010,AMA,TX,ASW,WE,Combined TRACON& Tower with Radar,18,15,20,17,70,0,1,23,2,26,18,16,43,19,96,34,0,34,130
05/09/2010,AMA,TX,ASW,WE,Combined TRACON& Tower with Radar,21,21,23,61,126,0,4,4,1,9,21,25,27,62,135,0,0,0,135
05/10/2010,AMA,TX,ASW,WE,Combined TRACON& Tower with Radar,32,20,26,1,79,0,1,12,0,13,32,21,38,1,92,0,0,0,92
05/11/2010,AMA,TX,ASW,WE,Combined TRACON& Tower with Radar,25,28,42,117,212,0,2,32,17,51,25,30,74,134,263,14,80,94,357
05/12/2010,AMA,TX,ASW,WE,Combined TRACON& Tower with Radar,22,33,39,104,198,0,2,30,22,54,22,35,69,126,252,48,68,116,368
05/13/2010,AMA,TX,ASW,WE,Combined TRACON& Tower with Radar,24,33,26,50,133,0,2,28,14,44,24,35,54,64,177,16,126,142,319
05/14/2010,AMA,TX,ASW,WE,Combined TRACON& Tower with Radar,21,19,14,1,55,0,0,1,0,1,21,19,15,1,56,0,0,0,56
05/15/2010,AMA,TX,ASW,WE,Combined TRACON& Tower with Radar,19,17,15,4,55,0,0,3,0,3,19,17,18,4,58,6,0,6,64
05/16/2010,AMA,TX,ASW,WE,Combined TRACON& Tower with Radar,22,31,49,8,110,0,0,30,0,30,22,31,79,8,140,77,24,101,241
05/17/2010,AMA,TX,ASW,WE,Combined TRACON& Tower with Radar,25,26,21,133,205,0,2,12,27,41,25,28,33,160,246,18,160,178,424
05/18/2010,AMA,TX,ASW,WE,Combined TRACON& Tower with Radar,26,32,25,18,101,0,0,8,9,17,26,32,33,27,118,30,25,55,173
05/19/2010,AMA,TX,ASW,WE,Combined TRACON& Tower with Radar,26,23,65,85,199,0,4,30,16,50,26,27,95,101,249,44,84,128,377
05/20/2010,AMA,TX,ASW,WE,Combined TRACON& Tower with Radar,28,24,41,167,260,0,7,35,95,137,28,31,76,262,397,68,312,380,777
05/21/2010,AMA,TX,ASW,WE,Combined TRACON& Tower with Radar,42,12,41,91,186,0,2,16,16,34,42,14,57,107,220,6,36,42,262
05/22/2010,AMA,TX,ASW,WE,Combined TRACON& Tower with Radar,23,14,28,0,65,0,2,14,2,18,23,16,42,2,83,0,0,0,83
05/23/2010,AMA,TX,ASW,WE,Combined TRACON& Tower with Radar,31,15,33,14,93,0,5,13,0,18,31,20,46,14,111,0,0,0,111
05/24/2010,AMA,TX,ASW,WE,Combined TRACON& Tower with Radar,34,27,30,84,175,0,3,14,10,27,34,30,44,94,202,4,0,4,206
05/25/2010,AMA,TX,ASW,WE,Combined TRACON& Tower with Radar,24,26,22,5,77,0,1,4,0,5,24,27,26,5,82,0,0,0,82
05/26/2010,AMA,TX,ASW,WE,Combined TRACON& Tower with Radar,21,28,42,55,146,0,1,15,5,21,21,29,57,60,167,22,36,58,225
05/27/2010,AMA,TX,ASW,WE,Combined TRACON& Tower with Radar,24,26,38,36,124,0,1,27,21,49,24,27,65,57,173,8,96,104,277
05/28/2010,AMA,TX,ASW,WE,Combined TRACON& Tower with Radar,26,26,35,28,115,0,1,36,10,47,26,27,71,38,162,56,12,68,230
05/29/2010,AMA,TX,ASW,WE,Combined TRACON& Tower with Radar,18,17,23,13,71,0,0,15,3,18,18,17,38,16,89,22,0,22,111
05/30/2010,AMA,TX,ASW,WE,Combined TRACON& Tower with Radar,14,23,14,1,52,0,4,17,0,21,14,27,31,1,73,26,0,26,99
05/31/2010,AMA,TX,ASW,WE,Combined TRACON& Tower with Radar,26,25,11,13,75,0,4,7,2,13,26,29,18,15,88,0,0,0,88
06/01/2010,AMA,TX,ASW,WE,Combined TRACON& Tower with Radar,31,37,18,72,158,0,6,21,17,44,31,43,39,89,202,10,106,116,318
06/02/2010,AMA,TX,ASW,WE,Combined TRACON& Tower with Radar,27,25,42,34,128,0,3,25,7,35,27,28,67,41,163,6,26,32,195
06/03/2010,AMA,TX,ASW,WE,Combined TRACON& Tower with Radar,30,19,26,96,171,0,3,23,6,32,30,22,49,102,203,40,46,86,289
06/04/2010,AMA,TX,ASW,WE,Combined TRACON& Tower with Radar,27,20,51,109,207,0,3,24,18,45,27,23,75,127,252,18,64,82,334
06/05/2010,AMA,TX,ASW,WE,Combined TRACON& Tower with Radar,24,20,56,57,157,0,1,27,9,37,24,21,83,66,194,16,34,50,244
06/06/2010,AMA,TX,ASW,WE,Combined TRACON& Tower with Radar,21,25,13,22,81,0,0,17,2,19,21,25,30,24,100,22,10,32,132
06/07/2010,AMA,TX,ASW,WE,Combined TRACON& Tower with Radar,29,28,17,41,115,0,2,18,6,26,29,30,35,47,141,18,30,48,189
06/08/2010,AMA,TX,ASW,WE,Combined TRACON& Tower with Radar,25,23,28,21,97,0,2,17,10,29,25,25,45,31,126,6,88,94,220
06/09/2010,AMA,TX,ASW,WE,Combined TRACON& Tower with Radar,27,20,70,110,227,7,0,21,10,38,34,20,91,120,265,72,58,130,395
06/10/2010,AMA,TX,ASW,WE,Combined TRACON& Tower with Radar,33,26,32,67,158,0,3,24,24,51,33,29,56,91,209,4,90,94,303
06/11/2010,AMA,TX,ASW,WE,Combined TRACON& Tower with Radar,31,31,36,42,140,0,2,17,0,19,31,33,53,42,159,12,20,32,191
06/12/2010,AMA,TX,ASW,WE,Combined TRACON& Tower with Radar,22,26,19,9,76,0,0,26,2,28,22,26,45,11,104,18,22,40,144
06/13/2010,AMA,TX,ASW,WE,Combined TRACON& Tower with Radar,26,33,16,8,83,0,0,12,0,12,26,33,28,8,95,2,0,2,97
06/14/2010,AMA,TX,ASW,WE,Combined TRACON& Tower with Radar,31,37,34,147,249,0,2,10,34,46,31,39,44,181,295,18,166,184,479
06/15/2010,AMA,TX,ASW,WE,Combined TRACON& Tower with Radar,23,30,31,21,105,0,0,13,11,24,23,30,44,32,129,0,36,36,165
06/16/2010,AMA,TX,ASW,WE,Combined TRACON& Tower with Radar,20,40,22,29,111,0,1,19,10,30,20,41,41,39,141,0,4,4,145
06/17/2010,AMA,TX,ASW,WE,Combined TRACON& Tower with Radar,37,34,32,175,278,0,0,22,8,30,37,34,54,183,308,44,82,126,434
06/18/2010,AMA,TX,ASW,WE,Combined TRACON& Tower with Radar,25,34,16,138,213,1,0,19,3,23,26,34,35,141,236,0,52,52,288
06/19/2010,AMA,TX,ASW,WE,Combined TRACON& Tower with Radar,22,20,12,18,72,0,0,23,5,28,22,20,35,23,100,30,40,70,170
06/20/2010,AMA,TX,ASW,WE,Combined TRACON& Tower with Radar,34,30,10,0,74,0,0,20,1,21,34,30,30,1,95,6,0,6,101
06/21/2010,AMA,TX,ASW,WE,Combined TRACON& Tower with Radar,33,28,25,2,88,0,2,14,4,20,33,30,39,6,108,30,0,30,138
06/22/2010,AMA,TX,ASW,WE,Combined TRACON& Tower with Radar,25,57,28,13,123,0,5,45,3,53,25,62,73,16,176,30,0,30,206
06/23/2010,AMA,TX,ASW,WE,Combined TRACON& Tower with Radar,22,39,24,1,86,0,9,16,1,26,22,48,40,2,112,44,4,48,160
06/24/2010,AMA,TX,ASW,WE,Combined TRACON& Tower with Radar,25,29,37,64,155,0,0,14,8,22,25,29,51,72,177,0,22,22,199
06/25/2010,AMA,TX,ASW,WE,Combined TRACON& Tower with Radar,31,18,20,131,200,0,1,21,39,61,31,19,41,170,261,64,112,176,437
06/26/2010,AMA,TX,ASW,WE,Combined TRACON& Tower with Radar,22,24,15,0,61,0,0,9,1,10,22,24,24,1,71,18,0,18,89
06/27/2010,AMA,TX,ASW,WE,Combined TRACON& Tower with Radar,27,25,37,18,107,0,0,24,4,28,27,25,61,22,135,32,40,72,207
06/28/2010,AMA,TX,ASW,WE,Combined TRACON& Tower with Radar,35,28,31,10,104,0,0,18,3,21,35,28,49,13,125,50,8,58,183
06/29/2010,AMA,TX,ASW,WE,Combined TRACON& Tower with Radar,30,24,31,55,140,0,2,17,11,30,30,26,48,66,170,30,170,200,370
06/30/2010,AMA,TX,ASW,WE,Combined TRACON& Tower with Radar,26,35,29,49,139,0,1,48,24,73,26,36,77,73,212,38,54,92,304
07/01/2010,AMA,TX,ASW,WE,Combined TRACON& Tower with Radar,28,27,20,37,112,0,1,29,16,46,28,28,49,53,158,54,20,74,232
07/02/2010,AMA,TX,ASW,WE,Combined TRACON& Tower with Radar,27,25,44,1,97,0,0,15,1,16,27,25,59,2,113,0,30,30,143
07/03/2010,AMA,TX,ASW,WE,Combined TRACON& Tower with Radar,18,29,24,0,71,0,0,1,0,1,18,29,25,0,72,0,0,0,72
07/04/2010,AMA,TX,ASW,WE,Combined TRACON& Tower with Radar,15,25,13,1,54,0,0,4,1,5,15,25,17,2,59,0,0,0,59
07/05/2010,AMA,TX,ASW,WE,Combined TRACON& Tower with Radar,26,24,25,1,76,0,0,15,0,15,26,24,40,1,91,10,0,10,101
07/06/2010,AMA,TX,ASW,WE,Combined TRACON& Tower with Radar,28,31,37,77,173,0,2,38,12,52,28,33,75,89,225,34,66,100,325
07/07/2010,AMA,TX,ASW,WE,Combined TRACON& Tower with Radar,28,29,19,75,151,0,3,20,29,52,28,32,39,104,203,24,94,118,321
07/08/2010,AMA,TX,ASW,WE,Combined TRACON& Tower with Radar,24,31,31,3,89,0,0,3,4,7,24,31,34,7,96,0,0,0,96
07/09/2010,AMA,TX,ASW,WE,Combined TRACON& Tower with Radar,30,16,32,104,182,0,0,9,13,22,30,16,41,117,204,76,86,162,366
07/10/2010,AMA,TX,ASW,WE,Combined TRACON& Tower with Radar,18,25,24,51,118,0,0,15,4,19,18,25,39,55,137,2,42,44,181
07/11/2010,AMA,TX,ASW,WE,Combined TRACON& Tower with Radar,21,27,27,20,95,0,0,19,0,19,21,27,46,20,114,12,0,12,126
07/12/2010,AMA,TX,ASW,WE,Combined TRACON& Tower with Radar,29,30,20,26,105,0,3,11,3,17,29,33,31,29,122,26,18,44,166
07/13/2010,AMA,TX,ASW,WE,Combined TRACON& Tower with Radar,32,31,27,13,103,0,1,27,8,36,32,32,54,21,139,70,14,84,223
07/14/2010,AMA,TX,ASW,WE,Combined TRACON& Tower with Radar,25,34,28,10,97,0,1,12,4,17,25,35,40,14,114,36,56,92,206
07/15/2010,AMA,TX,ASW,WE,Combined TRACON& Tower with Radar,30,27,25,69,151,0,1,35,12,48,30,28,60,81,199,84,24,108,307
07/16/2010,AMA,TX,ASW,WE,Combined TRACON& Tower with Radar,32,24,53,51,160,0,4,23,5,32,32,28,76,56,192,16,36,52,244
07/17/2010,AMA,TX,ASW,WE,Combined TRACON& Tower with Radar,18,25,14,7,64,0,0,19,2,21,18,25,33,9,85,28,0,28,113
07/18/2010,AMA,TX,ASW,WE,Combined TRACON& Tower with Radar,23,34,32,16,105,0,0,27,4,31,23,34,59,20,136,2,0,2,138
07/19/2010,AMA,TX,ASW,WE,Combined TRACON& Tower with Radar,35,28,28,64,155,0,4,26,4,34,35,32,54,68,189,20,50,70,259
07/20/2010,AMA,TX,ASW,WE,Combined TRACON& Tower with Radar,30,26,25,41,122,0,2,13,3,18,30,28,38,44,140,0,92,92,232
07/21/2010,AMA,TX,ASW,WE,Combined TRACON& Tower with Radar,28,33,31,55,147,0,1,24,2,27,28,34,55,57,174,36,16,52,226
07/22/2010,AMA,TX,ASW,WE,Combined TRACON& Tower with Radar,29,29,22,31,111,0,1,41,11,53,29,30,63,42,164,10,44,54,218
07/23/2010,AMA,TX,ASW,WE,Combined TRACON& Tower with Radar,36,29,30,21,116,0,1,28,23,52,36,30,58,44,168,30,46,76,244
07/24/2010,AMA,TX,ASW,WE,Combined TRACON& Tower with Radar,23,22,37,11,93,0,0,32,3,35,23,22,69,14,128,14,0,14,142
07/25/2010,AMA,TX,ASW,WE,Combined TRACON& Tower with Radar,25,32,23,29,109,0,0,20,1,21,25,32,43,30,130,6,16,22,152
07/26/2010,AMA,TX,ASW,WE,Combined TRACON& Tower with Radar,23,30,25,61,139,0,1,19,18,38,23,31,44,79,177,4,98,102,279
07/27/2010,AMA,TX,ASW,WE,Combined TRACON& Tower with Radar,37,16,27,61,141,0,5,22,9,36,37,21,49,70,177,24,136,160,337
07/28/2010,AMA,TX,ASW,WE,Combined TRACON& Tower with Radar,27,34,25,99,185,0,2,31,15,48,27,36,56,114,233,28,136,164,397
07/29/2010,AMA,TX,ASW,WE,Combined TRACON& Tower with Radar,26,27,22,84,159,0,1,35,23,59,26,28,57,107,218,34,112,146,364
07/30/2010,AMA,TX,ASW,WE,Combined TRACON& Tower with Radar,29,30,13,66,138,0,1,44,25,70,29,31,57,91,208,18,88,106,314
07/31/2010,AMA,TX,ASW,WE,Combined TRACON& Tower with Radar,22,20,17,32,91,0,0,27,0,27,22,20,44,32,118,14,0,14,132
08/01/2010,AMA,TX,ASW,WE,Combined TRACON& Tower with Radar,21,31,22,22,96,0,0,28,8,36,21,31,50,30,132,10,10,20,152
08/02/2010,AMA,TX,ASW,WE,Combined TRACON& Tower with Radar,32,30,16,17,95,0,1,29,12,42,32,31,45,29,137,6,50,56,193
08/03/2010,AMA,TX,ASW,WE,Combined TRACON& Tower with Radar,25,64,42,102,233,2,1,45,49,97,27,65,87,151,330,42,286,328,658
08/04/2010,AMA,TX,ASW,WE,Combined TRACON& Tower with Radar,25,34,23,55,137,0,4,21,8,33,25,38,44,63,170,0,122,122,292
08/05/2010,AMA,TX,ASW,WE,Combined TRACON& Tower with Radar,40,17,38,29,124,0,4,20,61,85,40,21,58,90,209,34,84,118,327
08/06/2010,AMA,TX,ASW,WE,Combined TRACON& Tower with Radar,25,27,39,46,137,0,0,35,0,35,25,27,74,46,172,18,35,53,225
08/07/2010,AMA,TX,ASW,WE,Combined TRACON& Tower with Radar,20,22,13,13,68,0,0,33,9,42,20,22,46,22,110,40,14,54,164
08/08/2010,AMA,TX,ASW,WE,Combined TRACON& Tower with Radar,22,26,28,16,92,0,0,13,5,18,22,26,41,21,110,0,0,0,110
08/09/2010,AMA,TX,ASW,WE,Combined TRACON& Tower with Radar,32,25,28,27,112,0,2,15,8,25,32,27,43,35,137,28,0,28,165
08/10/2010,AMA,TX,ASW,WE,Combined TRACON& Tower with Radar,33,25,28,61,147,0,1,30,11,42,33,26,58,72,189,6,6,12,201
08/11/2010,AMA,TX,ASW,WE,Combined TRACON& Tower with Radar,24,34,34,38,130,0,1,33,11,45,24,35,67,49,175,0,60,60,235
08/12/2010,AMA,TX,ASW,WE,Combined TRACON& Tower with Radar,30,30,40,44,144,0,1,37,3,41,30,31,77,47,185,8,20,28,213
08/13/2010,AMA,TX,ASW,WE,Combined TRACON& Tower with Radar,29,28,29,92,178,0,2,18,4,24,29,30,47,96,202,0,22,22,224
08/14/2010,AMA,TX,ASW,WE,Combined TRACON& Tower with Radar,21,22,18,37,98,0,1,32,19,52,21,23,50,56,150,40,30,70,220
08/15/2010,AMA,TX,ASW,WE,Combined TRACON& Tower with Radar,23,32,21,47,123,0,0,18,0,18,23,32,39,47,141,20,36,56,197
08/16/2010,AMA,TX,ASW,WE,Combined TRACON& Tower with Radar,28,30,25,3,86,0,1,9,0,10,28,31,34,3,96,8,0,8,104
08/17/2010,AMA,TX,ASW,WE,Combined TRACON& Tower with Radar,21,26,13,71,131,0,2,32,4,38,21,28,45,75,169,26,80,106,275
08/18/2010,AMA,TX,ASW,WE,Combined TRACON& Tower with Radar,25,36,37,32,130,0,2,24,3,29,25,38,61,35,159,16,36,52,211
08/19/2010,AMA,TX,ASW,WE,Combined TRACON& Tower with Radar,30,26,36,41,133,0,0,36,11,47,30,26,72,52,180,0,14,14,194
08/20/2010,AMA,TX,ASW,WE,Combined TRACON& Tower with Radar,33,17,26,124,200,0,1,19,9,29,33,18,45,133,229,0,70,70,299
08/21/2010,AMA,TX,ASW,WE,Combined TRACON& Tower with Radar,15,23,15,8,61,0,0,24,1,25,15,23,39,9,86,10,12,22,108
08/22/2010,AMA,TX,ASW,WE,Combined TRACON& Tower with Radar,24,23,27,28,102,0,0,24,7,31,24,23,51,35,133,0,10,10,143
08/23/2010,AMA,TX,ASW,WE,Combined TRACON& Tower with Radar,27,25,36,55,143,0,1,23,12,36,27,26,59,67,179,8,72,80,259
08/24/2010,AMA,TX,ASW,WE,Combined TRACON& Tower with Radar,23,29,34,54,140,0,0,6,0,6,23,29,40,54,146,0,0,0,146
08/25/2010,AMA,TX,ASW,WE,Combined TRACON& Tower with Radar,23,26,38,44,131,0,1,49,2,52,23,27,87,46,183,30,30,60,243
08/26/2010,AMA,TX,ASW,WE,Combined TRACON& Tower with Radar,29,27,17,17,90,0,1,33,34,68,29,28,50,51,158,18,36,54,212
08/27/2010,AMA,TX,ASW,WE,Combined TRACON& Tower with Radar,30,29,27,43,129,0,1,35,6,42,30,30,62,49,171,14,22,36,207
08/28/2010,AMA,TX,ASW,WE,Combined TRACON& Tower with Radar,19,18,19,31,87,0,0,25,1,26,19,18,44,32,113,42,12,54,167
08/29/2010,AMA,TX,ASW,WE,Combined TRACON& Tower with Radar,21,31,21,7,80,0,0,20,5,25,21,31,41,12,105,0,14,14,119
08/30/2010,AMA,TX,ASW,WE,Combined TRACON& Tower with Radar,41,20,17,22,100,0,2,14,0,16,41,22,31,22,116,14,8,22,138
08/31/2010,AMA,TX,ASW,WE,Combined TRACON& Tower with Radar,26,26,17,25,94,0,3,21,7,31,26,29,38,32,125,40,60,100,225
09/01/2010,AMA,TX,ASW,WE,Combined TRACON& Tower with Radar,30,22,19,42,113,0,4,27,13,44,30,26,46,55,157,16,20,36,193
09/02/2010,AMA,TX,ASW,WE,Combined TRACON& Tower with Radar,31,22,48,37,138,0,2,27,2,31,31,24,75,39,169,18,12,30,199
09/03/2010,AMA,TX,ASW,WE,Combined TRACON& Tower with Radar,32,22,22,13,89,0,5,30,16,51,32,27,52,29,140,0,60,60,200
09/04/2010,AMA,TX,ASW,WE,Combined TRACON& Tower with Radar,17,20,12,4,53,0,0,47,0,47,17,20,59,4,100,18,0,18,118
09/05/2010,AMA,TX,ASW,WE,Combined TRACON& Tower with Radar,19,20,7,1,47,0,0,11,0,11,19,20,18,1,58,0,0,0,58
09/06/2010,AMA,TX,ASW,WE,Combined TRACON& Tower with Radar,28,20,30,0,78,0,2,30,0,32,28,22,60,0,110,0,0,0,110
09/07/2010,AMA,TX,ASW,WE,Combined TRACON& Tower with Radar,34,21,23,6,84,0,2,23,2,27,34,23,46,8,111,56,20,76,187
09/08/2010,AMA,TX,ASW,WE,Combined TRACON& Tower with Radar,37,22,19,19,97,0,3,4,17,24,37,25,23,36,121,0,72,72,193
09/09/2010,AMA,TX,ASW,WE,Combined TRACON& Tower with Radar,22,30,30,122,204,0,4,17,2,23,22,34,47,124,227,0,120,120,347
09/10/2010,AMA,TX,ASW,WE,Combined TRACON& Tower with Radar,27,23,31,145,226,0,0,50,3,53,27,23,81,148,279,58,56,114,393
09/11/2010,AMA,TX,ASW,WE,Combined TRACON& Tower with Radar,22,17,18,4,61,0,1,26,4,31,22,18,44,8,92,12,18,30,122
09/12/2010,AMA,TX,ASW,WE,Combined TRACON& Tower with Radar,19,27,17,9,72,0,1,5,0,6,19,28,22,9,78,0,16,16,94
09/13/2010,AMA,TX,ASW,WE,Combined TRACON& Tower with Radar,32,21,19,18,90,0,1,10,4,15,32,22,29,22,105,2,0,2,107
09/14/2010,AMA,TX,ASW,WE,Combined TRACON& Tower with Radar,29,26,14,112,181,0,0,30,5,35,29,26,44,117,216,24,78,102,318
09/15/2010,AMA,TX,ASW,WE,Combined TRACON& Tower with Radar,26,28,23,106,183,0,1,28,66,95,26,29,51,172,278,47,90,137,415
09/16/2010,AMA,TX,ASW,WE,Combined TRACON& Tower with Radar,27,27,28,52,134,0,0,14,0,14,27,27,42,52,148,7,48,55,203
09/17/2010,AMA,TX,ASW,WE,Combined TRACON& Tower with Radar,23,28,45,72,168,0,4,29,5,38,23,32,74,77,206,8,50,58,264
09/18/2010,AMA,TX,ASW,WE,Combined TRACON& Tower with Radar,20,17,14,27,78,0,0,14,20,34,20,17,28,47,112,60,26,86,198
09/19/2010,AMA,TX,ASW,WE,Combined TRACON& Tower with Radar,25,31,37,18,111,0,0,17,5,22,25,31,54,23,133,24,10,34,167
09/20/2010,AMA,TX,ASW,WE,Combined TRACON& Tower with Radar,40,27,36,66,169,0,0,8,27,35,40,27,44,93,204,0,30,30,234
09/21/2010,AMA,TX,ASW,WE,Combined TRACON& Tower with Radar,28,22,32,47,129,0,2,13,4,19,28,24,45,51,148,0,20,20,168
09/22/2010,AMA,TX,ASW,WE,Combined TRACON& Tower with Radar,34,32,34,112,212,0,0,11,4,15,34,32,45,116,227,0,114,114,341
09/23/2010,AMA,TX,ASW,WE,Combined TRACON& Tower with Radar,37,17,35,16,105,0,0,19,0,19,37,17,54,16,124,8,12,20,144
09/24/2010,AMA,TX,ASW,WE,Combined TRACON& Tower with Radar,25,33,40,49,147,0,0,18,1,19,25,33,58,50,166,58,24,82,248
09/25/2010,AMA,TX,ASW,WE,Combined TRACON& Tower with Radar,20,15,28,16,79,6,0,13,4,23,26,15,41,20,102,36,0,36,138
09/26/2010,AMA,TX,ASW,WE,Combined TRACON& Tower with Radar,20,27,55,18,120,0,0,27,8,35,20,27,82,26,155,10,26,36,191
09/27/2010,AMA,TX,ASW,WE,Combined TRACON& Tower with Radar,30,21,31,29,111,0,2,21,30,53,30,23,52,59,164,0,134,134,298
09/28/2010,AMA,TX,ASW,WE,Combined TRACON& Tower with Radar,28,32,25,52,137,0,2,27,16,45,28,34,52,68,182,20,42,62,244
09/29/2010,AMA,TX,ASW,WE,Combined TRACON& Tower with Radar,30,32,20,40,122,0,9,43,3,55,30,41,63,43,177,40,16,56,233
09/30/2010,AMA,TX,ASW,WE,Combined TRACON& Tower with Radar,33,21,48,11,113,0,1,37,9,47,33,22,85,20,160,32,54,86,246
10/01/2010,AMA,TX,ASW,WE,Combined TRACON& Tower with Radar,33,25,29,92,179,0,3,39,5,47,33,28,68,97,226,0,30,30,256
10/02/2010,AMA,TX,ASW,WE,Combined TRACON& Tower with Radar,15,17,30,2,64,0,0,26,4,30,15,17,56,6,94,42,20,62,156
10/03/2010,AMA,TX,ASW,WE,Combined TRACON& Tower with Radar,23,27,30,16,96,0,0,22,5,27,23,27,52,21,123,12,0,12,135
10/04/2010,AMA,TX,ASW,WE,Combined TRACON& Tower with Radar,30,32,21,13,96,0,4,21,5,30,30,36,42,18,126,0,28,28,154
10/05/2010,AMA,TX,ASW,WE,Combined TRACON& Tower with Radar,23,31,21,21,96,0,11,16,11,38,23,42,37,32,134,18,10,28,162
10/06/2010,AMA,TX,ASW,WE,Combined TRACON& Tower with Radar,37,24,27,54,142,0,1,51,1,53,37,25,78,55,195,12,106,118,313
10/07/2010,AMA,TX,ASW,WE,Combined TRACON& Tower with Radar,29,24,52,61,166,0,1,55,13,69,29,25,107,74,235,8,90,98,333
10/08/2010,AMA,TX,ASW,WE,Combined TRACON& Tower with Radar,28,26,42,44,140,0,3,31,5,39,28,29,73,49,179,0,46,46,225
10/09/2010,AMA,TX,ASW,WE,Combined TRACON& Tower with Radar,19,16,34,4,73,0,0,38,6,44,19,16,72,10,117,46,0,46,163
10/10/2010,AMA,TX,ASW,WE,Combined TRACON& Tower with Radar,28,23,44,13,108,0,0,20,2,22,28,23,64,15,130,12,22,34,164
10/11/2010,AMA,TX,ASW,WE,Combined TRACON& Tower with Radar,38,20,32,24,114,0,0,15,13,28,38,20,47,37,142,0,2,2,144
10/12/2010,AMA,TX,ASW,WE,Combined TRACON& Tower with Radar,28,27,24,72,151,0,1,25,3,29,28,28,49,75,180,14,42,56,236
10/13/2010,AMA,TX,ASW,WE,Combined TRACON& Tower with Radar,26,25,47,14,112,0,2,33,4,39,26,27,80,18,151,12,2,14,165
10/14/2010,AMA,TX,ASW,WE,Combined TRACON& Tower with Radar,31,24,41,48,144,0,1,55,4,60,31,25,96,52,204,50,26,76,280
10/15/2010,AMA,TX,ASW,WE,Combined TRACON& Tower with Radar,33,19,26,199,277,0,0,0,0,0,33,19,26,199,277,14,46,60,337
10/16/2010,AMA,TX,ASW,WE,Combined TRACON& Tower with Radar,25,17,22,0,64,0,0,14,4,18,25,17,36,4,82,20,0,20,102
10/17/2010,AMA,TX,ASW,WE,Combined TRACON& Tower with Radar,23,23,34,50,130,0,0,17,4,21,23,23,51,54,151,22,34,56,207
10/18/2010,AMA,TX,ASW,WE,Combined TRACON& Tower with Radar,49,16,53,27,145,0,2,29,9,40,49,18,82,36,185,22,2,24,209
10/19/2010,AMA,TX,ASW,WE,Combined TRACON& Tower with Radar,47,11,32,105,195,0,4,32,12,48,47,15,64,117,243,16,92,108,351
10/20/2010,AMA,TX,ASW,WE,Combined TRACON& Tower with Radar,29,33,30,121,213,0,1,27,26,54,29,34,57,147,267,10,134,144,411
10/21/2010,AMA,TX,ASW,WE,Combined TRACON& Tower with Radar,25,29,19,8,81,0,1,2,5,8,25,30,21,13,89,2,28,30,119
10/22/2010,AMA,TX,ASW,WE,Combined TRACON& Tower with Radar,31,26,19,64,140,0,0,17,7,24,31,26,36,71,164,10,86,96,260
10/23/2010,AMA,TX,ASW,WE,Combined TRACON& Tower with Radar,21,16,25,0,62,0,0,23,4,27,21,16,48,4,89,10,0,10,99
10/24/2010,AMA,TX,ASW,WE,Combined TRACON& Tower with Radar,21,25,28,20,94,0,0,19,4,23,21,25,47,24,117,8,12,20,137
10/25/2010,AMA,TX,ASW,WE,Combined TRACON& Tower with Radar,29,22,26,40,117,0,1,10,0,11,29,23,36,40,128,0,24,24,152
10/26/2010,AMA,TX,ASW,WE,Combined TRACON& Tower with Radar,29,31,19,117,196,0,5,41,16,62,29,36,60,133,258,24,280,304,562
10/27/2010,AMA,TX,ASW,WE,Combined TRACON& Tower with Radar,30,19,26,75,150,0,4,26,6,36,30,23,52,81,186,0,70,70,256
10/28/2010,AMA,TX,ASW,WE,Combined TRACON& Tower with Radar,29,28,38,119,214,0,4,23,2,29,29,32,61,121,243,10,96,106,349
10/29/2010,AMA,TX,ASW,WE,Combined TRACON& Tower with Radar,35,24,47,165,271,0,5,37,6,48,35,29,84,171,319,10,86,96,415
10/30/2010,AMA,TX,ASW,WE,Combined TRACON& Tower with Radar,18,22,17,3,60,0,0,28,1,29,18,22,45,4,89,34,2,36,125
10/31/2010,AMA,TX,ASW,WE,Combined TRACON& Tower with Radar,32,26,30,84,172,0,0,15,0,15,32,26,45,84,187,20,10,30,217
11/01/2010,AMA,TX,ASW,WE,Combined TRACON& Tower with Radar,26,24,36,142,228,0,1,20,18,39,26,25,56,160,267,17,60,77,344
11/02/2010,AMA,TX,ASW,WE,Combined TRACON& Tower with Radar,28,34,33,126,221,0,2,28,1,31,28,36,61,127,252,20,128,148,400
11/03/2010,AMA,TX,ASW,WE,Combined TRACON& Tower with Radar,31,38,30,74,173,0,2,26,10,38,31,40,56,84,211,0,76,76,287
11/04/2010,AMA,TX,ASW,WE,Combined TRACON& Tower with Radar,30,23,39,40,132,0,4,32,4,40,30,27,71,44,172,74,16,90,262
11/05/2010,AMA,TX,ASW,WE,Combined TRACON& Tower with Radar,36,14,23,118,191,0,2,36,10,48,36,16,59,128,239,10,50,60,299
11/06/2010,AMA,TX,ASW,WE,Combined TRACON& Tower with Radar,27,15,15,33,90,0,0,29,5,34,27,15,44,38,124,20,40,60,184
11/07/2010,AMA,TX,ASW,WE,Combined TRACON& Tower with Radar,20,24,27,28,99,0,0,18,4,22,20,24,45,32,121,0,0,0,121
11/08/2010,AMA,TX,ASW,WE,Combined TRACON& Tower with Radar,28,30,21,43,122,0,1,21,27,49,28,31,42,70,171,6,84,90,261
11/09/2010,AMA,TX,ASW,WE,Combined TRACON& Tower with Radar,28,25,69,64,186,0,0,29,17,46,28,25,98,81,232,8,96,104,336
11/10/2010,AMA,TX,ASW,WE,Combined TRACON& Tower with Radar,23,27,54,166,270,0,2,32,11,45,23,29,86,177,315,14,76,90,405
11/11/2010,AMA,TX,ASW,WE,Combined TRACON& Tower with Radar,38,14,68,1,121,0,2,12,4,18,38,16,80,5,139,0,24,24,163
11/12/2010,AMA,TX,ASW,WE,Combined TRACON& Tower with Radar,27,26,32,0,85,0,0,9,10,19,27,26,41,10,104,0,0,0,104
11/13/2010,AMA,TX,ASW,WE,Combined TRACON& Tower with Radar,21,18,36,104,179,0,0,26,5,31,21,18,62,109,210,18,24,42,252
11/14/2010,AMA,TX,ASW,WE,Combined TRACON& Tower with Radar,24,24,47,12,107,0,0,17,3,20,24,24,64,15,127,10,2,12,139
11/15/2010,AMA,TX,ASW,WE,Combined TRACON& Tower with Radar,33,27,22,76,158,0,3,21,57,81,33,30,43,133,239,20,112,132,371
11/16/2010,AMA,TX,ASW,WE,Combined TRACON& Tower with Radar,30,28,41,32,131,0,2,16,6,24,30,30,57,38,155,0,22,22,177
11/17/2010,AMA,TX,ASW,WE,Combined TRACON& Tower with Radar,25,31,27,39,122,0,2,13,1,16,25,33,40,40,138,0,34,34,172
11/18/2010,AMA,TX,ASW,WE,Combined TRACON& Tower with Radar,32,25,41,41,139,0,1,42,5,48,32,26,83,46,187,8,28,36,223
11/19/2010,AMA,TX,ASW,WE,Combined TRACON& Tower with Radar,34,27,47,142,250,0,3,27,6,36,34,30,74,148,286,26,52,78,364
11/20/2010,AMA,TX,ASW,WE,Combined TRACON& Tower with Radar,26,17,32,30,105,0,0,20,0,20,26,17,52,30,125,2,24,26,151
11/21/2010,AMA,TX,ASW,WE,Combined TRACON& Tower with Radar,28,23,29,11,91,0,0,4,6,10,28,23,33,17,101,30,0,30,131
11/22/2010,AMA,TX,ASW,WE,Combined TRACON& Tower with Radar,33,20,30,94,177,0,1,16,23,40,33,21,46,117,217,24,100,124,341
11/23/2010,AMA,TX,ASW,WE,Combined TRACON& Tower with Radar,37,23,26,31,117,0,4,39,23,66,37,27,65,54,183,24,80,104,287
11/24/2010,AMA,TX,ASW,WE,Combined TRACON& Tower with Radar,35,26,38,92,191,0,2,8,63,73,35,28,46,155,264,0,86,86,350
11/25/2010,AMA,TX,ASW,WE,Combined TRACON& Tower with Radar,29,5,6,0,40,0,0,5,0,5,29,5,11,0,45,0,0,0,45
11/26/2010,AMA,TX,ASW,WE,Combined TRACON& Tower with Radar,24,19,22,0,65,0,1,25,2,28,24,20,47,2,93,16,0,16,109
11/27/2010,AMA,TX,ASW,WE,Combined TRACON& Tower with Radar,28,22,22,0,72,0,0,14,0,14,28,22,36,0,86,0,0,0,86
11/28/2010,AMA,TX,ASW,WE,Combined TRACON& Tower with Radar,29,21,14,0,64,0,0,12,0,12,29,21,26,0,76,0,0,0,76
11/29/2010,AMA,TX,ASW,WE,Combined TRACON& Tower with Radar,35,22,51,111,219,0,0,18,18,36,35,22,69,129,255,2,56,58,313
11/30/2010,AMA,TX,ASW,WE,Combined TRACON& Tower with Radar,32,25,20,49,126,0,2,23,11,36,32,27,43,60,162,18,90,108,270
12/01/2010,AMA,TX,ASW,WE,Combined TRACON& Tower with Radar,31,29,32,29,121,0,1,29,7,37,31,30,61,36,158,12,0,12,170
12/02/2010,AMA,TX,ASW,WE,Combined TRACON& Tower with Radar,27,19,39,101,186,0,9,26,8,43,27,28,65,109,229,14,70,84,313
12/03/2010,AMA,TX,ASW,WE,Combined TRACON& Tower with Radar,39,15,22,83,159,0,10,12,10,32,39,25,34,93,191,14,32,46,237
12/04/2010,AMA,TX,ASW,WE,Combined TRACON& Tower with Radar,21,12,28,16,77,0,0,20,1,21,21,12,48,17,98,0,6,6,104
12/05/2010,AMA,TX,ASW,WE,Combined TRACON& Tower with Radar,26,21,15,22,84,0,0,13,1,14,26,21,28,23,98,2,10,12,110
12/06/2010,AMA,TX,ASW,WE,Combined TRACON& Tower with Radar,30,22,27,101,180,0,3,22,3,28,30,25,49,104,208,10,60,70,278
12/07/2010,AMA,TX,ASW,WE,Combined TRACON& Tower with Radar,30,15,35,97,177,0,2,20,20,42,30,17,55,117,219,0,106,106,325
12/08/2010,AMA,TX,ASW,WE,Combined TRACON& Tower with Radar,28,25,28,116,197,0,2,23,25,50,28,27,51,141,247,20,176,196,443
12/09/2010,AMA,TX,ASW,WE,Combined TRACON& Tower with Radar,31,23,34,75,163,0,5,22,14,41,31,28,56,89,204,8,82,90,294
12/10/2010,AMA,TX,ASW,WE,Combined TRACON& Tower with Radar,26,22,20,102,170,0,8,30,3,41,26,30,50,105,211,0,14,14,225
12/11/2010,AMA,TX,ASW,WE,Combined TRACON& Tower with Radar,25,12,18,0,55,0,0,13,22,35,25,12,31,22,90,0,0,0,90
12/12/2010,AMA,TX,ASW,WE,Combined TRACON& Tower with Radar,25,23,19,20,87,0,1,21,3,25,25,24,40,23,112,10,0,10,122
12/13/2010,AMA,TX,ASW,WE,Combined TRACON& Tower with Radar,33,24,23,137,217,0,6,18,11,35,33,30,41,148,252,38,126,164,416
12/14/2010,AMA,TX,ASW,WE,Combined TRACON& Tower with Radar,25,29,44,81,179,0,8,16,7,31,25,37,60,88,210,24,32,56,266
12/15/2010,AMA,TX,ASW,WE,Combined TRACON& Tower with Radar,36,16,33,124,209,0,18,30,8,56,36,34,63,132,265,15,68,83,348
12/16/2010,AMA,TX,ASW,WE,Combined TRACON& Tower with Radar,27,29,36,71,163,0,1,12,3,16,27,30,48,74,179,28,14,42,221
12/17/2010,AMA,TX,ASW,WE,Combined TRACON& Tower with Radar,30,30,18,0,78,0,0,0,0,0,30,30,18,0,78,0,0,0,78
12/18/2010,AMA,TX,ASW,WE,Combined TRACON& Tower with Radar,21,12,9,4,46,0,2,24,4,30,21,14,33,8,76,16,0,16,92
12/19/2010,AMA,TX,ASW,WE,Combined TRACON& Tower with Radar,31,15,19,15,80,0,0,30,8,38,31,15,49,23,118,0,8,8,126
12/20/2010,AMA,TX,ASW,WE,Combined TRACON& Tower with Radar,32,17,30,47,126,0,3,8,5,16,32,20,38,52,142,0,10,10,152
12/21/2010,AMA,TX,ASW,WE,Combined TRACON& Tower with Radar,33,22,35,133,223,0,5,31,31,67,33,27,66,164,290,32,252,284,574
12/22/2010,AMA,TX,ASW,WE,Combined TRACON& Tower with Radar,38,23,21,0,82,0,2,13,0,15,38,25,34,0,97,8,0,8,105
12/23/2010,AMA,TX,ASW,WE,Combined TRACON& Tower with Radar,38,24,23,0,85,0,0,10,0,10,38,24,33,0,95,0,0,0,95
12/24/2010,AMA,TX,ASW,WE,Combined TRACON& Tower with Radar,26,10,11,0,47,0,1,11,0,12,26,11,22,0,59,0,0,0,59
12/25/2010,AMA,TX,ASW,WE,Combined TRACON& Tower with Radar,20,11,6,0,37,0,4,10,0,14,20,15,16,0,51,0,0,0,51
12/26/2010,AMA,TX,ASW,WE,Combined TRACON& Tower with Radar,36,18,17,0,71,0,2,9,0,11,36,20,26,0,82,18,0,18,100
12/27/2010,AMA,TX,ASW,WE,Combined TRACON& Tower with Radar,37,14,49,2,102,0,1,28,0,29,37,15,77,2,131,0,0,0,131
12/28/2010,AMA,TX,ASW,WE,Combined TRACON& Tower with Radar,30,20,36,20,106,0,1,20,0,21,30,21,56,20,127,8,32,40,167
12/29/2010,AMA,TX,ASW,WE,Combined TRACON& Tower with Radar,31,21,43,9,104,0,3,19,1,23,31,24,62,10,127,10,10,20,147
12/30/2010,AMA,TX,ASW,WE,Combined TRACON& Tower with Radar,35,27,33,1,96,0,2,9,0,11,35,29,42,1,107,0,0,0,107
12/31/2010,AMA,TX,ASW,WE,Combined TRACON& Tower with Radar,31,15,11,0,57,2,1,12,0,15,33,16,23,0,72,0,0,0,72
01/01/2011,AMA,TX,ASW,WE,Combined TRACON& Tower with Radar,29,10,10,0,49,0,0,18,0,18,29,10,28,0,67,4,0,4,71
01/02/2011,AMA,TX,ASW,WE,Combined TRACON& Tower with Radar,33,19,21,0,73,0,0,29,0,29,33,19,50,0,102,18,0,18,120
01/03/2011,AMA,TX,ASW,WE,Combined TRACON& Tower with Radar,35,20,16,0,71,0,3,22,2,27,35,23,38,2,98,0,0,0,98
01/04/2011,AMA,TX,ASW,WE,Combined TRACON& Tower with Radar,36,16,29,22,103,0,2,49,3,54,36,18,78,25,157,25,18,43,200
01/05/2011,AMA,TX,ASW,WE,Combined TRACON& Tower with Radar,37,21,31,129,218,0,2,20,15,37,37,23,51,144,255,0,112,112,367
01/06/2011,AMA,TX,ASW,WE,Combined TRACON& Tower with Radar,33,17,76,152,278,0,2,34,21,57,33,19,110,173,335,6,80,86,421
01/07/2011,AMA,TX,ASW,WE,Combined TRACON& Tower with Radar,36,12,28,18,94,0,0,40,3,43,36,12,68,21,137,30,10,40,177
01/08/2011,AMA,TX,ASW,WE,Combined TRACON& Tower with Radar,22,14,52,6,94,0,0,22,1,23,22,14,74,7,117,4,0,4,121
01/09/2011,AMA,TX,ASW,WE,Combined TRACON& Tower with Radar,0,0,0,0,0,0,0,0,0,0,0,0,0,0,0,0,0,0,0
01/10/2011,AMA,TX,ASW,WE,Combined TRACON& Tower with Radar,38,11,16,10,75,0,1,3,1,5,38,12,19,11,80,0,4,4,84
01/11/2011,AMA,TX,ASW,WE,Combined TRACON& Tower with Radar,33,27,15,55,130,0,1,9,16,26,33,28,24,71,156,24,76,100,256
01/12/2011,AMA,TX,ASW,WE,Combined TRACON& Tower with Radar,34,21,27,77,159,0,1,18,5,24,34,22,45,82,183,12,18,30,213
01/13/2011,AMA,TX,ASW,WE,Combined TRACON& Tower with Radar,32,22,64,175,293,0,4,31,12,47,32,26,95,187,340,52,92,144,484
01/14/2011,AMA,TX,ASW,WE,Combined TRACON& Tower with Radar,33,32,30,70,165,0,2,26,9,37,33,34,56,79,202,16,136,152,354
01/15/2011,AMA,TX,ASW,WE,Combined TRACON& Tower with Radar,23,12,22,0,57,0,0,26,1,27,23,12,48,1,84,8,0,8,92
01/16/2011,AMA,TX,ASW,WE,Combined TRACON& Tower with Radar,34,15,33,9,91,0,0,15,0,15,34,15,48,9,106,10,0,10,116
01/17/2011,AMA,TX,ASW,WE,Combined TRACON& Tower with Radar,27,23,45,16,111,0,0,16,2,18,27,23,61,18,129,32,12,44,173
01/18/2011,AMA,TX,ASW,WE,Combined TRACON& Tower with Radar,40,18,25,97,180,0,0,10,3,13,40,18,35,100,193,16,20,36,229
01/19/2011,AMA,TX,ASW,WE,Combined TRACON& Tower with Radar,34,20,25,121,200,0,3,7,35,45,34,23,32,156,245,18,134,152,397
01/20/2011,AMA,TX,ASW,WE,Combined TRACON& Tower with Radar,32,23,22,25,102,0,1,15,0,16,32,24,37,25,118,0,34,34,152
01/21/2011,AMA,TX,ASW,WE,Combined TRACON& Tower with Radar,39,18,30,119,206,0,1,30,14,45,39,19,60,133,251,2,98,100,351
01/22/2011,AMA,TX,ASW,WE,Combined TRACON& Tower with Radar,33,12,15,23,83,0,0,20,2,22,33,12,35,25,105,0,0,0,105
01/23/2011,AMA,TX,ASW,WE,Combined TRACON& Tower with Radar,32,19,23,22,96,0,0,33,9,42,32,19,56,31,138,12,16,28,166
01/24/2011,AMA,TX,ASW,WE,Combined TRACON& Tower with Radar,33,19,13,39,104,0,1,11,5,17,33,20,24,44,121,2,10,12,133
01/25/2011,AMA,TX,ASW,WE,Combined TRACON& Tower with Radar,34,16,35,61,146,0,2,11,19,32,34,18,46,80,178,34,54,88,266
01/26/2011,AMA,TX,ASW,WE,Combined TRACON& Tower with Radar,31,22,30,76,159,0,3,40,13,56,31,25,70,89,215,59,96,155,370
01/27/2011,AMA,TX,ASW,WE,Combined TRACON& Tower with Radar,38,19,27,78,162,0,1,42,23,66,38,20,69,101,228,74,132,206,434
01/28/2011,AMA,TX,ASW,WE,Combined TRACON& Tower with Radar,40,20,16,75,151,0,4,34,6,44,40,24,50,81,195,8,36,44,239
01/29/2011,AMA,TX,ASW,WE,Combined TRACON& Tower with Radar,23,13,21,12,69,0,0,27,0,27,23,13,48,12,96,10,0,10,106
01/30/2011,AMA,TX,ASW,WE,Combined TRACON& Tower with Radar,25,22,24,6,77,0,0,8,0,8,25,22,32,6,85,10,2,12,97
01/31/2011,AMA,TX,ASW,WE,Combined TRACON& Tower with Radar,32,16,17,3,68,0,0,0,0,0,32,16,17,3,68,0,0,0,68
02/01/2011,AMA,TX,ASW,WE,Combined TRACON& Tower with Radar,12,7,6,15,40,0,0,0,0,0,12,7,6,15,40,0,30,30,70
02/02/2011,AMA,TX,ASW,WE,Combined TRACON& Tower with Radar,28,21,16,20,85,0,2,1,2,5,28,23,17,22,90,2,0,2,92
02/03/2011,AMA,TX,ASW,WE,Combined TRACON& Tower with Radar,0,0,0,0,0,0,0,0,0,0,0,0,0,0,0,58,104,162,162
02/04/2011,AMA,TX,ASW,WE,Combined TRACON& Tower with Radar,25,15,17,115,172,0,2,25,35,62,25,17,42,150,234,24,196,220,454
02/05/2011,AMA,TX,ASW,WE,Combined TRACON& Tower with Radar,26,11,20,4,61,0,0,27,0,27,26,11,47,4,88,10,0,10,98
02/06/2011,AMA,TX,ASW,WE,Combined TRACON& Tower with Radar,30,15,5,0,50,0,0,1,0,1,30,15,6,0,51,0,0,0,51
02/07/2011,AMA,TX,ASW,WE,Combined TRACON& Tower with Radar,32,21,40,76,169,0,1,25,11,37,32,22,65,87,206,0,56,56,262
02/08/2011,AMA,TX,ASW,WE,Combined TRACON& Tower with Radar,25,18,13,0,56,0,0,2,0,2,25,18,15,0,58,6,0,6,64
02/09/2011,AMA,TX,ASW,WE,Combined TRACON& Tower with Radar,21,17,12,31,81,0,5,6,0,11,21,22,18,31,92,0,0,0,92
02/10/2011,AMA,TX,ASW,WE,Combined TRACON& Tower with Radar,33,28,41,17,119,0,2,24,6,32,33,30,65,23,151,4,6,10,161
02/11/2011,AMA,TX,ASW,WE,Combined TRACON& Tower with Radar,28,25,15,104,172,0,0,22,5,27,28,25,37,109,199,2,40,42,241
02/12/2011,AMA,TX,ASW,WE,Combined TRACON& Tower with Radar,20,16,13,14,63,0,0,26,1,27,20,16,39,15,90,10,0,10,100
02/13/2011,AMA,TX,ASW,WE,Combined TRACON& Tower with Radar,23,32,20,118,193,0,2,29,13,44,23,34,49,131,237,6,2,8,245
02/14/2011,AMA,TX,ASW,WE,Combined TRACON& Tower with Radar,29,23,11,56,119,0,9,31,39,79,29,32,42,95,198,6,108,114,312
02/15/2011,AMA,TX,ASW,WE,Combined TRACON& Tower with Radar,38,19,24,4,85,0,8,15,4,27,38,27,39,8,112,4,14,18,130
02/16/2011,AMA,TX,ASW,WE,Combined TRACON& Tower with Radar,26,31,34,75,166,0,6,29,23,58,26,37,63,98,224,34,144,178,402
02/17/2011,AMA,TX,ASW,WE,Combined TRACON& Tower with Radar,0,0,0,0,0,0,0,0,0,0,0,0,0,0,0,0,28,28,28
02/18/2011,AMA,TX,ASW,WE,Combined TRACON& Tower with Radar,33,21,35,115,204,0,2,13,66,81,33,23,48,181,285,0,90,90,375
02/19/2011,AMA,TX,ASW,WE,Combined TRACON& Tower with Radar,28,23,35,10,96,0,0,32,5,37,28,23,67,15,133,44,2,46,179
02/20/2011,AMA,TX,ASW,WE,Combined TRACON& Tower with Radar,21,21,10,48,100,0,0,5,13,18,21,21,15,61,118,0,20,20,138
02/21/2011,AMA,TX,ASW,WE,Combined TRACON& Tower with Radar,23,20,50,14,107,0,0,26,6,32,23,20,76,20,139,10,16,26,165
02/22/2011,AMA,TX,ASW,WE,Combined TRACON& Tower with Radar,43,17,31,54,145,20,1,17,9,47,63,18,48,63,192,26,48,74,266
02/23/2011,AMA,TX,ASW,WE,Combined TRACON& Tower with Radar,26,27,32,65,150,0,1,26,7,34,26,28,58,72,184,0,74,74,258
02/24/2011,AMA,TX,ASW,WE,Combined TRACON& Tower with Radar,35,21,57,315,428,0,2,48,32,82,35,23,105,347,510,62,72,134,644
02/25/2011,AMA,TX,ASW,WE,Combined TRACON& Tower with Radar,31,25,38,74,168,0,2,19,4,25,31,27,57,78,193,4,24,28,221
02/26/2011,AMA,TX,ASW,WE,Combined TRACON& Tower with Radar,27,16,28,23,94,0,0,31,10,41,27,16,59,33,135,4,28,32,167
02/27/2011,AMA,TX,ASW,WE,Combined TRACON& Tower with Radar,24,21,21,5,71,0,0,4,4,8,24,21,25,9,79,0,0,0,79
02/28/2011,AMA,TX,ASW,WE,Combined TRACON& Tower with Radar,34,20,29,64,147,0,1,40,6,47,34,21,69,70,194,0,54,54,248
03/01/2011,AMA,TX,ASW,WE,Combined TRACON& Tower with Radar,31,21,14,79,145,0,2,23,47,72,31,23,37,126,217,44,136,180,397
03/02/2011,AMA,TX,ASW,WE,Combined TRACON& Tower with Radar,35,16,22,106,179,0,2,24,1,27,35,18,46,107,206,20,74,94,300
03/03/2011,AMA,TX,ASW,WE,Combined TRACON& Tower with Radar,29,23,46,47,145,0,1,25,18,44,29,24,71,65,189,32,120,152,341
03/04/2011,AMA,TX,ASW,WE,Combined TRACON& Tower with Radar,32,13,48,120,213,0,1,10,7,18,32,14,58,127,231,2,108,110,341
03/05/2011,AMA,TX,ASW,WE,Combined TRACON& Tower with Radar,25,17,27,39,108,0,0,27,3,30,25,17,54,42,138,18,14,32,170
03/06/2011,AMA,TX,ASW,WE,Combined TRACON& Tower with Radar,37,25,24,44,130,0,2,13,10,25,37,27,37,54,155,0,40,40,195
03/07/2011,AMA,TX,ASW,WE,Combined TRACON& Tower with Radar,30,18,24,57,129,0,1,17,8,26,30,19,41,65,155,10,8,18,173
03/08/2011,AMA,TX,ASW,WE,Combined TRACON& Tower with Radar,28,28,28,22,106,0,2,3,3,8,28,30,31,25,114,20,34,54,168
03/09/2011,AMA,TX,ASW,WE,Combined TRACON& Tower with Radar,33,32,24,87,176,0,6,37,14,57,33,38,61,101,233,70,56,126,359
03/10/2011,AMA,TX,ASW,WE,Combined TRACON& Tower with Radar,34,17,30,106,187,0,1,38,27,66,34,18,68,133,253,22,142,164,417
03/11/2011,AMA,TX,ASW,WE,Combined TRACON& Tower with Radar,32,21,33,97,183,0,0,34,26,60,32,21,67,123,243,2,82,84,327
03/12/2011,AMA,TX,ASW,WE,Combined TRACON& Tower with Radar,20,16,29,27,92,0,0,21,7,28,20,16,50,34,120,0,40,40,160
03/13/2011,AMA,TX,ASW,WE,Combined TRACON& Tower with Radar,22,22,21,38,103,0,0,15,7,22,22,22,36,45,125,6,16,22,147
03/14/2011,AMA,TX,ASW,WE,Combined TRACON& Tower with Radar,28,23,30,86,167,0,2,17,4,23,28,25,47,90,190,32,26,58,248
03/15/2011,AMA,TX,ASW,WE,Combined TRACON& Tower with Radar,30,21,29,49,129,0,2,22,6,30,30,23,51,55,159,28,70,98,257
03/16/2011,AMA,TX,ASW,WE,Combined TRACON& Tower with Radar,35,24,25,52,136,0,2,34,18,54,35,26,59,70,190,6,54,60,250
03/17/2011,AMA,TX,ASW,WE,Combined TRACON& Tower with Radar,0,0,0,0,0,0,0,0,0,0,0,0,0,0,0,4,166,170,170
03/18/2011,AMA,TX,ASW,WE,Combined TRACON& Tower with Radar,39,16,24,107,186,0,1,31,6,38,39,17,55,113,224,0,132,132,356
03/19/2011,AMA,TX,ASW,WE,Combined TRACON& Tower with Radar,21,17,22,19,79,0,0,11,4,15,21,17,33,23,94,0,6,6,100
03/20/2011,AMA,TX,ASW,WE,Combined TRACON& Tower with Radar,24,25,32,29,110,0,0,20,8,28,24,25,52,37,138,32,18,50,188
03/21/2011,AMA,TX,ASW,WE,Combined TRACON& Tower with Radar,32,23,22,65,142,0,0,5,19,24,32,23,27,84,166,6,24,30,196
03/22/2011,AMA,TX,ASW,WE,Combined TRACON& Tower with Radar,30,27,39,13,109,0,2,8,21,31,30,29,47,34,140,0,68,68,208
03/23/2011,AMA,TX,ASW,WE,Combined TRACON& Tower with Radar,24,28,19,118,189,0,1,40,9,50,24,29,59,127,239,42,106,148,387
03/24/2011,AMA,TX,ASW,WE,Combined TRACON& Tower with Radar,39,16,43,46,144,0,1,12,3,16,39,17,55,49,160,20,0,20,180
03/25/2011,AMA,TX,ASW,WE,Combined TRACON& Tower with Radar,45,22,43,182,292,0,2,33,13,48,45,24,76,195,340,0,76,76,416
03/26/2011,AMA,TX,ASW,WE,Combined TRACON& Tower with Radar,24,19,32,64,139,0,0,22,23,45,24,19,54,87,184,0,64,64,248
03/27/2011,AMA,TX,ASW,WE,Combined TRACON& Tower with Radar,24,22,23,20,89,0,0,3,2,5,24,22,26,22,94,0,6,6,100
03/28/2011,AMA,TX,ASW,WE,Combined TRACON& Tower with Radar,33,25,37,21,116,0,0,2,0,2,33,25,39,21,118,0,0,0,118
03/29/2011,AMA,TX,ASW,WE,Combined TRACON& Tower with Radar,37,15,17,157,226,0,0,10,8,18,37,15,27,165,244,62,0,62,306
03/30/2011,AMA,TX,ASW,WE,Combined TRACON& Tower with Radar,25,26,34,63,148,0,1,18,13,32,25,27,52,76,180,12,108,120,300
03/31/2011,AMA,TX,ASW,WE,Combined TRACON& Tower with Radar,39,14,54,128,235,0,1,20,28,49,39,15,74,156,284,36,166,202,486
04/01/2011,AMA,TX,ASW,WE,Combined TRACON& Tower with Radar,0,0,0,0,0,0,0,0,0,0,0,0,0,0,0,2,118,120,120
04/02/2011,AMA,TX,ASW,WE,Combined TRACON& Tower with Radar,19,14,13,18,64,0,0,8,3,11,19,14,21,21,75,0,4,4,79
04/03/2011,AMA,TX,ASW,WE,Combined TRACON& Tower with Radar,17,18,17,32,84,0,1,9,9,19,17,19,26,41,103,0,0,0,103
04/04/2011,AMA,TX,ASW,WE,Combined TRACON& Tower with Radar,30,20,25,30,105,0,3,12,9,24,30,23,37,39,129,0,12,12,141
04/05/2011,AMA,TX,ASW,WE,Combined TRACON& Tower with Radar,22,24,35,47,128,0,6,32,6,44,22,30,67,53,172,8,34,42,214
04/06/2011,AMA,TX,ASW,WE,Combined TRACON& Tower with Radar,25,24,32,37,118,0,4,18,26,48,25,28,50,63,166,18,80,98,264
04/07/2011,AMA,TX,ASW,WE,Combined TRACON& Tower with Radar,28,20,50,56,154,0,1,22,15,38,28,21,72,71,192,2,66,68,260
04/08/2011,AMA,TX,ASW,WE,Combined TRACON& Tower with Radar,22,24,38,42,126,0,2,32,6,40,22,26,70,48,166,6,50,56,222
04/09/2011,AMA,TX,ASW,WE,Combined TRACON& Tower with Radar,18,25,12,0,55,0,0,8,3,11,18,25,20,3,66,0,0,0,66
04/10/2011,AMA,TX,ASW,WE,Combined TRACON& Tower with Radar,17,25,16,1,59,0,0,6,2,8,17,25,22,3,67,0,0,0,67
04/11/2011,AMA,TX,ASW,WE,Combined TRACON& Tower with Radar,25,27,25,29,106,0,3,27,3,33,25,30,52,32,139,6,6,12,151
04/12/2011,AMA,TX,ASW,WE,Combined TRACON& Tower with Radar,29,22,27,49,127,1,2,20,11,34,30,24,47,60,161,6,70,76,237
04/13/2011,AMA,TX,ASW,WE,Combined TRACON& Tower with Radar,26,45,32,31,134,0,2,32,7,41,26,47,64,38,175,32,14,46,221
04/14/2011,AMA,TX,ASW,WE,Combined TRACON& Tower with Radar,38,19,31,18,106,0,2,15,6,23,38,21,46,24,129,0,6,6,135
04/15/2011,AMA,TX,ASW,WE,Combined TRACON& Tower with Radar,0,0,0,0,0,0,0,0,0,0,0,0,0,0,0,0,0,0,0
04/16/2011,AMA,TX,ASW,WE,Combined TRACON& Tower with Radar,14,23,23,4,64,0,0,35,4,39,14,23,58,8,103,0,0,0,103
04/17/2011,AMA,TX,ASW,WE,Combined TRACON& Tower with Radar,16,22,27,8,73,0,0,21,1,22,16,22,48,9,95,10,0,10,105
04/18/2011,AMA,TX,ASW,WE,Combined TRACON& Tower with Radar,27,28,22,17,94,0,1,27,3,31,27,29,49,20,125,88,2,90,215
04/19/2011,AMA,TX,ASW,WE,Combined TRACON& Tower with Radar,24,21,49,113,207,0,2,28,23,53,24,23,77,136,260,10,116,126,386
04/20/2011,AMA,TX,ASW,WE,Combined TRACON& Tower with Radar,25,32,50,110,217,0,7,32,33,72,25,39,82,143,289,92,120,212,501
04/21/2011,AMA,TX,ASW,WE,Combined TRACON& Tower with Radar,27,28,23,110,188,0,0,14,48,62,27,28,37,158,250,12,148,160,410
04/22/2011,AMA,TX,ASW,WE,Combined TRACON& Tower with Radar,24,27,30,74,155,0,2,29,3,34,24,29,59,77,189,0,68,68,257
04/23/2011,AMA,TX,ASW,WE,Combined TRACON& Tower with Radar,16,20,23,6,65,0,0,14,4,18,16,20,37,10,83,20,14,34,117
04/24/2011,AMA,TX,ASW,WE,Combined TRACON& Tower with Radar,15,28,3,0,46,0,0,7,0,7,15,28,10,0,53,0,0,0,53
04/25/2011,AMA,TX,ASW,WE,Combined TRACON& Tower with Radar,36,18,40,150,244,0,1,7,5,13,36,19,47,155,257,32,10,42,299
04/26/2011,AMA,TX,ASW,WE,Combined TRACON& Tower with Radar,29,28,31,45,133,0,1,10,11,22,29,29,41,56,155,8,24,32,187
04/27/2011,AMA,TX,ASW,WE,Combined TRACON& Tower with Radar,28,33,29,82,172,0,1,18,12,31,28,34,47,94,203,8,82,90,293
04/28/2011,AMA,TX,ASW,WE,Combined TRACON& Tower with Radar,29,26,35,175,265,0,1,22,11,34,29,27,57,186,299,38,54,92,391
04/29/2011,AMA,TX,ASW,WE,Combined TRACON& Tower with Radar,0,0,0,0,0,0,0,0,0,0,0,0,0,0,0,0,18,18,18
04/30/2011,AMA,TX,ASW,WE,Combined TRACON& Tower with Radar,16,27,20,18,81,0,0,29,3,32,16,27,49,21,113,22,13,35,148
05/01/2011,AMA,TX,ASW,WE,Combined TRACON& Tower with Radar,23,22,17,76,138,0,0,9,3,12,23,22,26,79,150,16,24,40,190
05/02/2011,AMA,TX,ASW,WE,Combined TRACON& Tower with Radar,19,23,23,131,196,0,1,14,11,26,19,24,37,142,222,6,72,78,300
05/03/2011,AMA,TX,ASW,WE,Combined TRACON& Tower with Radar,27,23,26,58,134,0,1,21,4,26,27,24,47,62,160,2,52,54,214
05/04/2011,AMA,TX,ASW,WE,Combined TRACON& Tower with Radar,19,32,15,78,144,0,2,12,13,27,19,34,27,91,171,5,70,75,246
05/05/2011,AMA,TX,ASW,WE,Combined TRACON& Tower with Radar,21,28,26,59,134,0,1,34,3,38,21,29,60,62,172,17,46,63,235
05/06/2011,AMA,TX,ASW,WE,Combined TRACON& Tower with Radar,26,23,22,79,150,0,0,31,4,35,26,23,53,83,185,8,18,26,211
05/07/2011,AMA,TX,ASW,WE,Combined TRACON& Tower with Radar,21,19,40,13,93,0,1,24,0,25,21,20,64,13,118,0,0,0,118
05/08/2011,AMA,TX,ASW,WE,Combined TRACON& Tower with Radar,19,24,22,11,76,0,4,11,0,15,19,28,33,11,91,8,10,18,109
05/09/2011,AMA,TX,ASW,WE,Combined TRACON& Tower with Radar,28,22,24,45,119,0,1,12,2,15,28,23,36,47,134,14,6,20,154
05/10/2011,AMA,TX,ASW,WE,Combined TRACON& Tower with Radar,23,33,35,43,134,0,2,14,4,20,23,35,49,47,154,3,34,37,191
05/11/2011,AMA,TX,ASW,WE,Combined TRACON& Tower with Radar,26,23,32,43,124,0,2,15,0,17,26,25,47,43,141,0,28,28,169
05/12/2011,AMA,TX,ASW,WE,Combined TRACON& Tower with Radar,30,21,40,260,351,0,1,28,15,44,30,22,68,275,395,22,219,241,636
05/13/2011,AMA,TX,ASW,WE,Combined TRACON& Tower with Radar,33,20,35,76,164,0,1,35,4,40,33,21,70,80,204,2,50,52,256
05/14/2011,AMA,TX,ASW,WE,Combined TRACON& Tower with Radar,22,24,15,29,90,0,2,32,0,34,22,26,47,29,124,28,0,28,152
05/15/2011,AMA,TX,ASW,WE,Combined TRACON& Tower with Radar,20,34,12,29,95,0,3,33,4,40,20,37,45,33,135,2,6,8,143
05/16/2011,AMA,TX,ASW,WE,Combined TRACON& Tower with Radar,23,26,32,23,104,0,1,19,6,26,23,27,51,29,130,2,22,24,154
05/17/2011,AMA,TX,ASW,WE,Combined TRACON& Tower with Radar,25,31,16,22,94,0,2,15,7,24,25,33,31,29,118,0,54,54,172
05/18/2011,AMA,TX,ASW,WE,Combined TRACON& Tower with Radar,18,36,22,68,144,0,1,23,18,42,18,37,45,86,186,2,64,66,252
05/19/2011,AMA,TX,ASW,WE,Combined TRACON& Tower with Radar,26,28,32,100,186,0,1,34,34,69,26,29,66,134,255,4,176,180,435
05/20/2011,AMA,TX,ASW,WE,Combined TRACON& Tower with Radar,30,20,26,99,175,0,4,30,15,49,30,24,56,114,224,24,152,176,400
05/21/2011,AMA,TX,ASW,WE,Combined TRACON& Tower with Radar,19,22,21,30,92,0,0,21,0,21,19,22,42,30,113,22,8,30,143
05/22/2011,AMA,TX,ASW,WE,Combined TRACON& Tower with Radar,25,22,27,30,104,0,0,9,8,17,25,22,36,38,121,12,42,54,175
05/23/2011,AMA,TX,ASW,WE,Combined TRACON& Tower with Radar,32,26,36,98,192,0,5,58,22,85,32,31,94,120,277,0,88,88,365
05/24/2011,AMA,TX,ASW,WE,Combined TRACON& Tower with Radar,33,24,38,6,101,0,0,38,12,50,33,24,76,18,151,8,4,12,163
05/25/2011,AMA,TX,ASW,WE,Combined TRACON& Tower with Radar,28,34,39,38,139,0,53,110,18,181,28,87,149,56,320,0,12,12,332
05/26/2011,AMA,TX,ASW,WE,Combined TRACON& Tower with Radar,34,24,15,40,113,0,21,68,15,104,34,45,83,55,217,0,48,48,265
05/27/2011,AMA,TX,ASW,WE,Combined TRACON& Tower with Radar,21,45,26,62,154,0,0,41,1,42,21,45,67,63,196,22,18,40,236
05/28/2011,AMA,TX,ASW,WE,Combined TRACON& Tower with Radar,17,29,11,2,59,0,0,15,0,15,17,29,26,2,74,6,0,6,80
05/29/2011,AMA,TX,ASW,WE,Combined TRACON& Tower with Radar,19,35,16,0,70,0,5,59,0,64,19,40,75,0,134,0,0,0,134
05/30/2011,AMA,TX,ASW,WE,Combined TRACON& Tower with Radar,16,28,9,2,55,0,0,14,0,14,16,28,23,2,69,0,0,0,69
05/31/2011,AMA,TX,ASW,WE,Combined TRACON& Tower with Radar,29,23,23,16,91,1,3,16,3,23,30,26,39,19,114,0,10,10,124
06/01/2011,AMA,TX,ASW,WE,Combined TRACON& Tower with Radar,23,32,29,20,104,0,4,11,7,22,23,36,40,27,126,4,4,8,134
06/02/2011,AMA,TX,ASW,WE,Combined TRACON& Tower with Radar,24,29,18,24,95,0,0,19,12,31,24,29,37,36,126,0,30,30,156
06/03/2011,AMA,TX,ASW,WE,Combined TRACON& Tower with Radar,24,33,30,81,168,0,1,17,9,27,24,34,47,90,195,16,48,64,259
06/04/2011,AMA,TX,ASW,WE,Combined TRACON& Tower with Radar,22,20,21,9,72,0,0,27,3,30,22,20,48,12,102,26,6,32,134
06/05/2011,AMA,TX,ASW,WE,Combined TRACON& Tower with Radar,20,28,15,4,67,0,0,13,2,15,20,28,28,6,82,0,0,0,82
06/06/2011,AMA,TX,ASW,WE,Combined TRACON& Tower with Radar,33,29,22,3,87,0,1,13,15,29,33,30,35,18,116,0,50,50,166
06/07/2011,AMA,TX,ASW,WE,Combined TRACON& Tower with Radar,34,21,28,17,100,0,2,18,1,21,34,23,46,18,121,10,32,42,163
06/08/2011,AMA,TX,ASW,WE,Combined TRACON& Tower with Radar,32,33,21,24,110,0,7,43,20,70,32,40,64,44,180,36,46,82,262
06/09/2011,AMA,TX,ASW,WE,Combined TRACON& Tower with Radar,33,30,33,49,145,0,12,36,12,60,33,42,69,61,205,14,76,90,295
06/10/2011,AMA,TX,ASW,WE,Combined TRACON& Tower with Radar,29,31,24,99,183,0,1,26,10,37,29,32,50,109,220,0,26,26,246
06/11/2011,AMA,TX,ASW,WE,Combined TRACON& Tower with Radar,19,25,21,25,90,0,0,34,10,44,19,25,55,35,134,28,24,52,186
06/12/2011,AMA,TX,ASW,WE,Combined TRACON& Tower with Radar,20,34,16,34,104,0,1,35,1,37,20,35,51,35,141,0,0,0,141
06/13/2011,AMA,TX,ASW,WE,Combined TRACON& Tower with Radar,20,34,19,32,105,0,5,27,4,36,20,39,46,36,141,0,10,10,151
06/14/2011,AMA,TX,ASW,WE,Combined TRACON& Tower with Radar,42,18,39,33,132,0,2,32,5,39,42,20,71,38,171,13,0,13,184
06/15/2011,AMA,TX,ASW,WE,Combined TRACON& Tower with Radar,23,38,20,87,168,0,0,30,7,37,23,38,50,94,205,6,22,28,233
06/16/2011,AMA,TX,ASW,WE,Combined TRACON& Tower with Radar,24,27,24,59,134,0,1,22,7,30,24,28,46,66,164,8,32,40,204
06/17/2011,AMA,TX,ASW,WE,Combined TRACON& Tower with Radar,21,36,29,8,94,0,3,16,19,38,21,39,45,27,132,26,0,26,158
06/18/2011,AMA,TX,ASW,WE,Combined TRACON& Tower with Radar,21,26,23,4,74,0,3,28,2,33,21,29,51,6,107,10,0,10,117
06/19/2011,AMA,TX,ASW,WE,Combined TRACON& Tower with Radar,15,29,24,7,75,1,2,36,5,44,16,31,60,12,119,10,0,10,129
06/20/2011,AMA,TX,ASW,WE,Combined TRACON& Tower with Radar,40,25,21,85,171,0,2,28,6,36,40,27,49,91,207,6,10,16,223
06/21/2011,AMA,TX,ASW,WE,Combined TRACON& Tower with Radar,29,38,28,94,189,0,9,35,6,50,29,47,63,100,239,34,36,70,309
06/22/2011,AMA,TX,ASW,WE,Combined TRACON& Tower with Radar,29,31,31,63,154,0,4,32,11,47,29,35,63,74,201,54,62,116,317
06/23/2011,AMA,TX,ASW,WE,Combined TRACON& Tower with Radar,21,34,25,15,95,0,2,30,4,36,21,36,55,19,131,8,3,11,142
06/24/2011,AMA,TX,ASW,WE,Combined TRACON& Tower with Radar,22,28,22,32,104,0,0,16,15,31,22,28,38,47,135,2,2,4,139
06/25/2011,AMA,TX,ASW,WE,Combined TRACON& Tower with Radar,23,26,33,9,91,2,0,20,8,30,25,26,53,17,121,20,0,20,141
06/26/2011,AMA,TX,ASW,WE,Combined TRACON& Tower with Radar,20,24,28,41,113,0,0,18,1,19,20,24,46,42,132,0,15,15,147
06/27/2011,AMA,TX,ASW,WE,Combined TRACON& Tower with Radar,24,34,23,34,115,0,2,14,29,45,24,36,37,63,160,0,116,116,276
06/28/2011,AMA,TX,ASW,WE,Combined TRACON& Tower with Radar,21,30,38,20,109,0,5,20,2,27,21,35,58,22,136,20,42,62,198
06/29/2011,AMA,TX,ASW,WE,Combined TRACON& Tower with Radar,23,37,18,63,141,0,0,26,12,38,23,37,44,75,179,8,78,86,265
06/30/2011,AMA,TX,ASW,WE,Combined TRACON& Tower with Radar,26,32,14,23,95,0,1,26,12,39,26,33,40,35,134,2,96,98,232
07/01/2011,AMA,TX,ASW,WE,Combined TRACON& Tower with Radar,23,28,28,12,91,0,1,16,0,17,23,29,44,12,108,6,10,16,124
07/02/2011,AMA,TX,ASW,WE,Combined TRACON& Tower with Radar,19,27,32,5,83,0,0,17,1,18,19,27,49,6,101,30,0,30,131
07/03/2011,AMA,TX,ASW,WE,Combined TRACON& Tower with Radar,15,25,20,0,60,0,0,0,0,0,15,25,20,0,60,0,0,0,60
07/04/2011,AMA,TX,ASW,WE,Combined TRACON& Tower with Radar,26,22,12,1,61,0,0,19,0,19,26,22,31,1,80,0,0,0,80
07/05/2011,AMA,TX,ASW,WE,Combined TRACON& Tower with Radar,32,23,27,30,112,0,0,20,1,21,32,23,47,31,133,0,14,14,147
07/06/2011,AMA,TX,ASW,WE,Combined TRACON& Tower with Radar,30,35,15,43,123,0,2,29,0,31,30,37,44,43,154,16,54,70,224
07/07/2011,AMA,TX,ASW,WE,Combined TRACON& Tower with Radar,24,32,26,37,119,0,0,25,25,50,24,32,51,62,169,28,28,56,225
07/08/2011,AMA,TX,ASW,WE,Combined TRACON& Tower with Radar,28,29,21,32,110,0,2,26,10,38,28,31,47,42,148,36,0,36,184
07/09/2011,AMA,TX,ASW,WE,Combined TRACON& Tower with Radar,19,27,15,10,71,0,0,28,4,32,19,27,43,14,103,12,0,12,115
07/10/2011,AMA,TX,ASW,WE,Combined TRACON& Tower with Radar,21,31,12,18,82,0,0,10,3,13,21,31,22,21,95,2,0,2,97
07/11/2011,AMA,TX,ASW,WE,Combined TRACON& Tower with Radar,20,31,29,38,118,0,0,14,0,14,20,31,43,38,132,6,34,40,172
07/12/2011,AMA,TX,ASW,WE,Combined TRACON& Tower with Radar,33,36,27,37,133,0,7,21,0,28,33,43,48,37,161,0,12,12,173
07/13/2011,AMA,TX,ASW,WE,Combined TRACON& Tower with Radar,39,20,18,48,125,0,4,20,11,35,39,24,38,59,160,0,62,62,222
07/14/2011,AMA,TX,ASW,WE,Combined TRACON& Tower with Radar,31,24,28,58,141,0,0,35,25,60,31,24,63,83,201,24,98,122,323
07/15/2011,AMA,TX,ASW,WE,Combined TRACON& Tower with Radar,39,19,16,53,127,0,0,29,0,29,39,19,45,53,156,26,6,32,188
07/16/2011,AMA,TX,ASW,WE,Combined TRACON& Tower with Radar,21,26,9,9,65,0,0,32,0,32,21,26,41,9,97,18,0,18,115
07/17/2011,AMA,TX,ASW,WE,Combined TRACON& Tower with Radar,29,13,26,36,104,0,0,31,1,32,29,13,57,37,136,0,18,18,154
07/18/2011,AMA,TX,ASW,WE,Combined TRACON& Tower with Radar,31,23,23,16,93,0,2,21,1,24,31,25,44,17,117,8,10,18,135
07/19/2011,AMA,TX,ASW,WE,Combined TRACON& Tower with Radar,48,12,25,21,106,0,2,22,5,29,48,14,47,26,135,0,18,18,153
07/20/2011,AMA,TX,ASW,WE,Combined TRACON& Tower with Radar,34,24,34,28,120,0,2,34,19,55,34,26,68,47,175,8,64,72,247
07/21/2011,AMA,TX,ASW,WE,Combined TRACON& Tower with Radar,35,34,33,17,119,0,2,39,8,49,35,36,72,25,168,10,22,32,200
07/22/2011,AMA,TX,ASW,WE,Combined TRACON& Tower with Radar,22,45,26,44,137,0,2,27,2,31,22,47,53,46,168,16,54,70,238
07/23/2011,AMA,TX,ASW,WE,Combined TRACON& Tower with Radar,21,25,30,34,110,0,0,18,1,19,21,25,48,35,129,7,6,13,142
07/24/2011,AMA,TX,ASW,WE,Combined TRACON& Tower with Radar,16,36,28,27,107,0,0,19,2,21,16,36,47,29,128,38,30,68,196
07/25/2011,AMA,TX,ASW,WE,Combined TRACON& Tower with Radar,28,25,29,5,87,0,1,17,3,21,28,26,46,8,108,10,0,10,118
07/26/2011,AMA,TX,ASW,WE,Combined TRACON& Tower with Radar,33,32,21,62,148,0,2,21,14,37,33,34,42,76,185,0,126,126,311
07/27/2011,AMA,TX,ASW,WE,Combined TRACON& Tower with Radar,23,32,28,6,89,0,1,11,0,12,23,33,39,6,101,8,12,20,121
07/28/2011,AMA,TX,ASW,WE,Combined TRACON& Tower with Radar,31,23,32,48,134,0,1,21,1,23,31,24,53,49,157,0,66,66,223
07/29/2011,AMA,TX,ASW,WE,Combined TRACON& Tower with Radar,22,29,19,18,88,0,1,41,5,47,22,30,60,23,135,4,10,14,149
07/30/2011,AMA,TX,ASW,WE,Combined TRACON& Tower with Radar,18,32,18,25,93,0,2,21,12,35,18,34,39,37,128,0,8,8,136
07/31/2011,AMA,TX,ASW,WE,Combined TRACON& Tower with Radar,20,28,19,6,73,0,0,15,8,23,20,28,34,14,96,0,2,2,98
08/01/2011,AMA,TX,ASW,WE,Combined TRACON& Tower with Radar,27,31,26,46,130,0,15,52,1,68,27,46,78,47,198,0,16,16,214
08/02/2011,AMA,TX,ASW,WE,Combined TRACON& Tower with Radar,26,27,12,14,79,0,0,26,8,34,26,27,38,22,113,4,24,28,141
08/03/2011,AMA,TX,ASW,WE,Combined TRACON& Tower with Radar,26,29,26,6,87,0,0,26,1,27,26,29,52,7,114,26,10,36,150
08/04/2011,AMA,TX,ASW,WE,Combined TRACON& Tower with Radar,20,32,19,30,101,0,1,37,6,44,20,33,56,36,145,82,22,104,249
08/05/2011,AMA,TX,ASW,WE,Combined TRACON& Tower with Radar,19,33,17,79,148,0,1,16,17,34,19,34,33,96,182,66,16,82,264
08/06/2011,AMA,TX,ASW,WE,Combined TRACON& Tower with Radar,18,21,15,15,69,0,0,23,7,30,18,21,38,22,99,40,0,40,139
08/07/2011,AMA,TX,ASW,WE,Combined TRACON& Tower with Radar,21,22,31,36,110,0,0,25,6,31,21,22,56,42,141,4,6,10,151
08/08/2011,AMA,TX,ASW,WE,Combined TRACON& Tower with Radar,27,26,34,114,201,0,4,22,2,28,27,30,56,116,229,40,14,54,283
08/09/2011,AMA,TX,ASW,WE,Combined TRACON& Tower with Radar,32,42,24,34,132,0,3,37,4,44,32,45,61,38,176,0,4,4,180
08/10/2011,AMA,TX,ASW,WE,Combined TRACON& Tower with Radar,26,29,10,69,134,0,4,37,8,49,26,33,47,77,183,10,44,54,237
08/11/2011,AMA,TX,ASW,WE,Combined TRACON& Tower with Radar,21,32,46,16,115,0,39,18,1,58,21,71,64,17,173,20,0,20,193
08/12/2011,AMA,TX,ASW,WE,Combined TRACON& Tower with Radar,23,37,32,65,157,0,2,42,9,53,23,39,74,74,210,12,86,98,308
08/13/2011,AMA,TX,ASW,WE,Combined TRACON& Tower with Radar,25,30,26,12,93,0,1,17,1,19,25,31,43,13,112,2,6,8,120
08/14/2011,AMA,TX,ASW,WE,Combined TRACON& Tower with Radar,25,22,17,26,90,0,0,13,0,13,25,22,30,26,103,0,4,4,107
08/15/2011,AMA,TX,ASW,WE,Combined TRACON& Tower with Radar,24,41,29,60,154,0,3,24,12,39,24,44,53,72,193,32,62,94,287
08/16/2011,AMA,TX,ASW,WE,Combined TRACON& Tower with Radar,30,23,19,13,85,0,0,26,6,32,30,23,45,19,117,22,0,22,139
08/17/2011,AMA,TX,ASW,WE,Combined TRACON& Tower with Radar,20,32,24,25,101,0,2,25,10,37,20,34,49,35,138,28,42,70,208
08/18/2011,AMA,TX,ASW,WE,Combined TRACON& Tower with Radar,28,29,24,59,140,0,5,28,12,45,28,34,52,71,185,30,112,142,327
08/19/2011,AMA,TX,ASW,WE,Combined TRACON& Tower with Radar,24,32,16,55,127,0,2,47,20,69,24,34,63,75,196,30,84,114,310
08/20/2011,AMA,TX,ASW,WE,Combined TRACON& Tower with Radar,15,25,17,15,72,0,0,33,2,35,15,25,50,17,107,0,6,6,113
08/21/2011,AMA,TX,ASW,WE,Combined TRACON& Tower with Radar,25,22,23,0,70,0,0,22,0,22,25,22,45,0,92,36,0,36,128
08/22/2011,AMA,TX,ASW,WE,Combined TRACON& Tower with Radar,19,35,12,22,88,0,2,17,5,24,19,37,29,27,112,32,46,78,190
08/23/2011,AMA,TX,ASW,WE,Combined TRACON& Tower with Radar,26,22,27,47,122,0,1,32,13,46,26,23,59,60,168,122,74,196,364
08/24/2011,AMA,TX,ASW,WE,Combined TRACON& Tower with Radar,21,34,26,13,94,0,4,31,0,35,21,38,57,13,129,36,0,36,165
08/25/2011,AMA,TX,ASW,WE,Combined TRACON& Tower with Radar,20,37,24,25,106,3,45,12,8,68,23,82,36,33,174,108,40,148,322
08/26/2011,AMA,TX,ASW,WE,Combined TRACON& Tower with Radar,23,32,28,40,123,5,4,44,1,54,28,36,72,41,177,2,2,4,181
08/27/2011,AMA,TX,ASW,WE,Combined TRACON& Tower with Radar,14,25,18,4,61,0,0,33,5,38,14,25,51,9,99,48,6,54,153
08/28/2011,AMA,TX,ASW,WE,Combined TRACON& Tower with Radar,19,26,12,26,83,0,0,17,2,19,19,26,29,28,102,4,6,10,112
08/29/2011,AMA,TX,ASW,WE,Combined TRACON& Tower with Radar,38,15,19,30,102,0,9,21,0,30,38,24,40,30,132,60,56,116,248
08/30/2011,AMA,TX,ASW,WE,Combined TRACON& Tower with Radar,22,27,15,23,87,0,0,21,8,29,22,27,36,31,116,8,66,74,190
08/31/2011,AMA,TX,ASW,WE,Combined TRACON& Tower with Radar,27,33,20,53,133,0,10,31,13,54,27,43,51,66,187,40,58,98,285
09/01/2011,AMA,TX,ASW,WE,Combined TRACON& Tower with Radar,20,49,25,18,112,0,5,23,8,36,20,54,48,26,148,1,74,75,223
09/02/2011,AMA,TX,ASW,WE,Combined TRACON& Tower with Radar,27,40,16,23,106,0,2,16,4,22,27,42,32,27,128,12,2,14,142
09/03/2011,AMA,TX,ASW,WE,Combined TRACON& Tower with Radar,13,18,9,3,43,0,1,18,0,19,13,19,27,3,62,14,0,14,76
09/04/2011,AMA,TX,ASW,WE,Combined TRACON& Tower with Radar,13,22,20,9,64,0,1,7,0,8,13,23,27,9,72,0,0,0,72
09/05/2011,AMA,TX,ASW,WE,Combined TRACON& Tower with Radar,14,34,19,5,72,0,0,25,1,26,14,34,44,6,98,32,0,32,130
09/06/2011,AMA,TX,ASW,WE,Combined TRACON& Tower with Radar,18,31,36,38,123,0,2,17,2,21,18,33,53,40,144,18,56,74,218
09/07/2011,AMA,TX,ASW,WE,Combined TRACON& Tower with Radar,21,46,23,59,149,0,2,12,1,15,21,48,35,60,164,60,160,220,384
09/08/2011,AMA,TX,ASW,WE,Combined TRACON& Tower with Radar,20,33,16,36,105,0,3,20,10,33,20,36,36,46,138,40,46,86,224
09/09/2011,AMA,TX,ASW,WE,Combined TRACON& Tower with Radar,19,32,64,58,173,0,3,33,7,43,19,35,97,65,216,36,136,172,388
09/10/2011,AMA,TX,ASW,WE,Combined TRACON& Tower with Radar,12,20,14,23,69,0,0,24,3,27,12,20,38,26,96,32,20,52,148
09/11/2011,AMA,TX,ASW,WE,Combined TRACON& Tower with Radar,16,27,23,39,105,0,0,39,2,41,16,27,62,41,146,62,14,76,222
09/12/2011,AMA,TX,ASW,WE,Combined TRACON& Tower with Radar,18,31,15,8,72,0,4,9,3,16,18,35,24,11,88,12,2,14,102
09/13/2011,AMA,TX,ASW,WE,Combined TRACON& Tower with Radar,19,32,36,10,97,0,2,15,1,18,19,34,51,11,115,98,132,230,345
09/14/2011,AMA,TX,ASW,WE,Combined TRACON& Tower with Radar,19,37,23,11,90,0,5,6,7,18,19,42,29,18,108,44,6,50,158
09/15/2011,AMA,TX,ASW,WE,Combined TRACON& Tower with Radar,17,31,17,0,65,0,0,0,0,0,17,31,17,0,65,0,0,0,65
09/16/2011,AMA,TX,ASW,WE,Combined TRACON& Tower with Radar,15,36,38,7,96,0,0,5,1,6,15,36,43,8,102,0,0,0,102
09/17/2011,AMA,TX,ASW,WE,Combined TRACON& Tower with Radar,13,23,27,2,65,0,0,14,2,16,13,23,41,4,81,0,0,0,81
09/18/2011,AMA,TX,ASW,WE,Combined TRACON& Tower with Radar,17,29,35,5,86,0,0,19,0,19,17,29,54,5,105,16,40,56,161
09/19/2011,AMA,TX,ASW,WE,Combined TRACON& Tower with Radar,18,29,36,85,168,0,2,17,9,28,18,31,53,94,196,30,54,84,280
09/20/2011,AMA,TX,ASW,WE,Combined TRACON& Tower with Radar,18,37,39,66,160,0,3,19,2,24,18,40,58,68,184,94,96,190,374
09/21/2011,AMA,TX,ASW,WE,Combined TRACON& Tower with Radar,17,54,54,74,199,0,6,26,5,37,17,60,80,79,236,40,48,88,324
09/22/2011,AMA,TX,ASW,WE,Combined TRACON& Tower with Radar,20,51,39,103,213,0,5,9,10,24,20,56,48,113,237,25,46,71,308
09/23/2011,AMA,TX,ASW,WE,Combined TRACON& Tower with Radar,18,42,50,150,260,0,2,18,6,26,18,44,68,156,286,10,84,94,380
09/24/2011,AMA,TX,ASW,WE,Combined TRACON& Tower with Radar,14,24,10,14,62,0,0,16,0,16,14,24,26,14,78,96,8,104,182
09/25/2011,AMA,TX,ASW,WE,Combined TRACON& Tower with Radar,16,27,25,34,102,0,0,9,2,11,16,27,34,36,113,4,8,12,125
09/26/2011,AMA,TX,ASW,WE,Combined TRACON& Tower with Radar,20,45,62,41,168,0,1,13,4,18,20,46,75,45,186,68,60,128,314
09/27/2011,AMA,TX,ASW,WE,Combined TRACON& Tower with Radar,31,39,24,43,137,0,5,21,4,30,31,44,45,47,167,80,110,190,357
09/28/2011,AMA,TX,ASW,WE,Combined TRACON& Tower with Radar,24,35,12,26,97,0,2,18,11,31,24,37,30,37,128,40,69,109,237
09/29/2011,AMA,TX,ASW,WE,Combined TRACON& Tower with Radar,17,34,27,51,129,0,3,13,5,21,17,37,40,56,150,4,40,44,194
09/30/2011,AMA,TX,ASW,WE,Combined TRACON& Tower with Radar,18,35,33,14,100,0,1,14,5,20,18,36,47,19,120,70,50,120,240
10/01/2011,AMA,TX,ASW,WE,Combined TRACON& Tower with Radar,13,22,22,6,63,0,0,16,7,23,13,22,38,13,86,54,0,54,140
10/02/2011,AMA,TX,ASW,WE,Combined TRACON& Tower with Radar,14,29,20,27,90,0,0,13,11,24,14,29,33,38,114,6,12,18,132
10/03/2011,AMA,TX,ASW,WE,Combined TRACON& Tower with Radar,18,32,67,31,148,0,2,12,6,20,18,34,79,37,168,6,18,24,192
10/04/2011,AMA,TX,ASW,WE,Combined TRACON& Tower with Radar,19,39,18,57,133,0,5,7,5,17,19,44,25,62,150,30,112,142,292
10/05/2011,AMA,TX,ASW,WE,Combined TRACON& Tower with Radar,19,35,25,6,85,0,1,10,2,13,19,36,35,8,98,0,0,0,98
10/06/2011,AMA,TX,ASW,WE,Combined TRACON& Tower with Radar,25,42,26,9,102,0,0,10,2,12,25,42,36,11,114,0,16,16,130
10/07/2011,AMA,TX,ASW,WE,Combined TRACON& Tower with Radar,20,39,27,27,113,0,0,14,0,14,20,39,41,27,127,36,0,36,163
10/08/2011,AMA,TX,ASW,WE,Combined TRACON& Tower with Radar,14,23,3,39,79,0,3,14,0,17,14,26,17,39,96,30,34,64,160
10/09/2011,AMA,TX,ASW,WE,Combined TRACON& Tower with Radar,14,25,17,0,56,0,0,8,0,8,14,25,25,0,64,2,0,2,66
10/10/2011,AMA,TX,ASW,WE,Combined TRACON& Tower with Radar,18,36,29,13,96,0,0,17,0,17,18,36,46,13,113,10,14,24,137
10/11/2011,AMA,TX,ASW,WE,Combined TRACON& Tower with Radar,18,34,19,16,87,0,0,15,4,19,18,34,34,20,106,0,114,114,220
10/12/2011,AMA,TX,ASW,WE,Combined TRACON& Tower with Radar,18,33,34,57,142,0,1,14,6,21,18,34,48,63,163,28,68,96,259
10/13/2011,AMA,TX,ASW,WE,Combined TRACON& Tower with Radar,18,36,39,21,114,0,2,28,4,34,18,38,67,25,148,22,32,54,202
10/14/2011,AMA,TX,ASW,WE,Combined TRACON& Tower with Radar,18,29,46,32,125,0,2,18,10,30,18,31,64,42,155,28,78,106,261
10/15/2011,AMA,TX,ASW,WE,Combined TRACON& Tower with Radar,12,18,13,40,83,0,0,22,3,25,12,18,35,43,108,0,16,16,124
10/16/2011,AMA,TX,ASW,WE,Combined TRACON& Tower with Radar,14,26,25,13,78,0,0,23,2,25,14,26,48,15,103,10,8,18,121
10/17/2011,AMA,TX,ASW,WE,Combined TRACON& Tower with Radar,18,28,31,32,109,0,1,7,0,8,18,29,38,32,117,46,48,94,211
10/18/2011,AMA,TX,ASW,WE,Combined TRACON& Tower with Radar,21,40,38,49,148,0,2,10,1,13,21,42,48,50,161,26,4,30,191
10/19/2011,AMA,TX,ASW,WE,Combined TRACON& Tower with Radar,21,32,21,30,104,0,4,13,3,20,21,36,34,33,124,18,6,24,148
10/20/2011,AMA,TX,ASW,WE,Combined TRACON& Tower with Radar,18,33,46,70,167,0,2,19,6,27,18,35,65,76,194,30,68,98,292
10/21/2011,AMA,TX,ASW,WE,Combined TRACON& Tower with Radar,18,38,22,107,185,0,2,24,0,26,18,40,46,107,211,50,142,192,403
10/22/2011,AMA,TX,ASW,WE,Combined TRACON& Tower with Radar,12,17,18,56,103,0,1,19,5,25,12,18,37,61,128,28,42,70,198
10/23/2011,AMA,TX,ASW,WE,Combined TRACON& Tower with Radar,14,30,15,53,112,0,0,16,5,21,14,30,31,58,133,0,2,2,135
10/24/2011,AMA,TX,ASW,WE,Combined TRACON& Tower with Radar,18,30,28,18,94,0,2,12,4,18,18,32,40,22,112,12,34,46,158
10/25/2011,AMA,TX,ASW,WE,Combined TRACON& Tower with Radar,19,33,46,61,159,0,2,15,4,21,19,35,61,65,180,8,120,128,308
10/26/2011,AMA,TX,ASW,WE,Combined TRACON& Tower with Radar,18,40,36,21,115,0,1,10,5,16,18,41,46,26,131,0,14,14,145
10/27/2011,AMA,TX,ASW,WE,Combined TRACON& Tower with Radar,19,40,17,12,88,0,0,0,0,0,19,40,17,12,88,0,28,28,116
10/28/2011,AMA,TX,ASW,WE,Combined TRACON& Tower with Radar,18,31,40,55,144,0,2,34,8,44,18,33,74,63,188,58,4,62,250
10/29/2011,AMA,TX,ASW,WE,Combined TRACON& Tower with Radar,13,18,16,17,64,0,0,18,2,20,13,18,34,19,84,18,4,22,106
10/30/2011,AMA,TX,ASW,WE,Combined TRACON& Tower with Radar,14,31,12,39,96,0,0,9,4,13,14,31,21,43,109,30,38,68,177
10/31/2011,AMA,TX,ASW,WE,Combined TRACON& Tower with Radar,18,28,24,51,121,0,2,22,8,32,18,30,46,59,153,14,82,96,249
11/01/2011,AMA,TX,ASW,WE,Combined TRACON& Tower with Radar,19,33,31,82,165,0,2,10,6,18,19,35,41,88,183,46,38,84,267
11/02/2011,AMA,TX,ASW,WE,Combined TRACON& Tower with Radar,19,38,10,6,73,0,0,1,0,1,19,38,11,6,74,0,0,0,74
11/03/2011,AMA,TX,ASW,WE,Combined TRACON& Tower with Radar,20,36,28,66,150,0,1,19,0,20,20,37,47,66,170,10,46,56,226
11/04/2011,AMA,TX,ASW,WE,Combined TRACON& Tower with Radar,19,35,31,48,133,0,2,14,5,21,19,37,45,53,154,78,50,128,282
11/05/2011,AMA,TX,ASW,WE,Combined TRACON& Tower with Radar,14,26,8,4,52,0,0,3,2,5,14,26,11,6,57,0,0,0,57
11/06/2011,AMA,TX,ASW,WE,Combined TRACON& Tower with Radar,22,35,22,3,82,0,0,21,2,23,22,35,43,5,105,0,0,0,105
11/07/2011,AMA,TX,ASW,WE,Combined TRACON& Tower with Radar,14,36,15,29,94,0,0,2,35,37,14,36,17,64,131,0,0,0,131
11/08/2011,AMA,TX,ASW,WE,Combined TRACON& Tower with Radar,15,30,39,35,119,0,0,1,2,3,15,30,40,37,122,0,4,4,126
11/09/2011,AMA,TX,ASW,WE,Combined TRACON& Tower with Radar,16,28,36,26,106,0,2,8,10,20,16,30,44,36,126,4,40,44,170
11/10/2011,AMA,TX,ASW,WE,Combined TRACON& Tower with Radar,18,46,44,47,155,0,2,26,6,34,18,48,70,53,189,14,102,116,305
11/11/2011,AMA,TX,ASW,WE,Combined TRACON& Tower with Radar,17,36,40,13,106,0,0,23,8,31,17,36,63,21,137,4,0,4,141
11/12/2011,AMA,TX,ASW,WE,Combined TRACON& Tower with Radar,12,22,14,6,54,0,0,7,0,7,12,22,21,6,61,16,0,16,77
11/13/2011,AMA,TX,ASW,WE,Combined TRACON& Tower with Radar,17,37,23,4,81,0,1,4,0,5,17,38,27,4,86,0,0,0,86
11/14/2011,AMA,TX,ASW,WE,Combined TRACON& Tower with Radar,19,31,37,24,111,0,2,11,11,24,19,33,48,35,135,0,36,36,171
11/15/2011,AMA,TX,ASW,WE,Combined TRACON& Tower with Radar,18,34,49,44,145,0,2,18,1,21,18,36,67,45,166,0,0,0,166
11/16/2011,AMA,TX,ASW,WE,Combined TRACON& Tower with Radar,16,39,25,56,136,0,3,24,2,29,16,42,49,58,165,50,107,157,322
11/17/2011,AMA,TX,ASW,WE,Combined TRACON& Tower with Radar,16,33,31,25,105,0,1,13,10,24,16,34,44,35,129,0,44,44,173
11/18/2011,AMA,TX,ASW,WE,Combined TRACON& Tower with Radar,16,36,32,44,128,0,2,17,8,27,16,38,49,52,155,10,32,42,197
11/19/2011,AMA,TX,ASW,WE,Combined TRACON& Tower with Radar,12,23,16,33,84,0,0,12,2,14,12,23,28,35,98,10,56,66,164
11/20/2011,AMA,TX,ASW,WE,Combined TRACON& Tower with Radar,16,27,24,17,84,0,0,13,5,18,16,27,37,22,102,42,16,58,160
11/21/2011,AMA,TX,ASW,WE,Combined TRACON& Tower with Radar,22,28,17,4,71,0,0,0,0,0,22,28,17,4,71,0,0,0,71
11/22/2011,AMA,TX,ASW,WE,Combined TRACON& Tower with Radar,20,30,47,45,142,0,1,9,5,15,20,31,56,50,157,42,154,196,353
11/23/2011,AMA,TX,ASW,WE,Combined TRACON& Tower with Radar,18,35,39,10,102,0,2,21,5,28,18,37,60,15,130,0,16,16,146
11/24/2011,AMA,TX,ASW,WE,Combined TRACON& Tower with Radar,10,17,3,0,30,0,2,7,0,9,10,19,10,0,39,0,0,0,39
11/25/2011,AMA,TX,ASW,WE,Combined TRACON& Tower with Radar,18,26,16,0,60,0,1,5,0,6,18,27,21,0,66,0,0,0,66
11/26/2011,AMA,TX,ASW,WE,Combined TRACON& Tower with Radar,12,27,7,0,46,0,1,2,0,3,12,28,9,0,49,0,0,0,49
11/27/2011,AMA,TX,ASW,WE,Combined TRACON& Tower with Radar,18,23,23,0,64,0,1,25,0,26,18,24,48,0,90,28,0,28,118
11/28/2011,AMA,TX,ASW,WE,Combined TRACON& Tower with Radar,21,28,13,14,76,0,2,19,5,26,21,30,32,19,102,10,0,10,112
11/29/2011,AMA,TX,ASW,WE,Combined TRACON& Tower with Radar,18,29,41,14,102,0,2,20,2,24,18,31,61,16,126,10,10,20,146
11/30/2011,AMA,TX,ASW,WE,Combined TRACON& Tower with Radar,18,30,43,35,126,0,2,18,1,21,18,32,61,36,147,0,26,26,173
12/01/2011,AMA,TX,ASW,WE,Combined TRACON& Tower with Radar,18,32,23,8,81,0,1,5,3,9,18,33,28,11,90,2,20,22,112
12/02/2011,AMA,TX,ASW,WE,Combined TRACON& Tower with Radar,18,31,13,4,66,0,0,2,0,2,18,31,15,4,68,0,0,0,68
12/03/2011,AMA,TX,ASW,WE,Combined TRACON& Tower with Radar,15,21,14,2,52,0,0,2,0,2,15,21,16,2,54,0,0,0,54
12/04/2011,AMA,TX,ASW,WE,Combined TRACON& Tower with Radar,17,30,14,6,67,0,0,8,2,10,17,30,22,8,77,0,0,0,77
12/05/2011,AMA,TX,ASW,WE,Combined TRACON& Tower with Radar,16,29,13,0,58,0,0,0,0,0,16,29,13,0,58,0,0,0,58
12/06/2011,AMA,TX,ASW,WE,Combined TRACON& Tower with Radar,16,32,43,40,131,0,1,18,5,24,16,33,61,45,155,2,70,72,227
12/07/2011,AMA,TX,ASW,WE,Combined TRACON& Tower with Radar,16,31,32,48,127,0,2,14,6,22,16,33,46,54,149,16,36,52,201
12/08/2011,AMA,TX,ASW,WE,Combined TRACON& Tower with Radar,19,36,32,72,159,0,5,19,2,26,19,41,51,74,185,28,30,58,243
12/09/2011,AMA,TX,ASW,WE,Combined TRACON& Tower with Radar,16,32,21,0,69,0,0,0,0,0,16,32,21,0,69,0,0,0,69
12/10/2011,AMA,TX,ASW,WE,Combined TRACON& Tower with Radar,12,23,7,3,45,0,0,4,0,4,12,23,11,3,49,10,10,20,69
12/11/2011,AMA,TX,ASW,WE,Combined TRACON& Tower with Radar,20,24,13,2,59,0,0,0,0,0,20,24,13,2,59,0,0,0,59
12/12/2011,AMA,TX,ASW,WE,Combined TRACON& Tower with Radar,16,33,20,8,77,0,0,0,2,2,16,33,20,10,79,0,16,16,95
12/13/2011,AMA,TX,ASW,WE,Combined TRACON& Tower with Radar,16,28,18,2,64,0,0,0,0,0,16,28,18,2,64,0,0,0,64
12/14/2011,AMA,TX,ASW,WE,Combined TRACON& Tower with Radar,20,38,47,136,241,0,6,11,10,27,20,44,58,146,268,32,62,94,362
12/15/2011,AMA,TX,ASW,WE,Combined TRACON& Tower with Radar,19,35,37,83,174,0,3,31,9,43,19,38,68,92,217,16,32,48,265
12/16/2011,AMA,TX,ASW,WE,Combined TRACON& Tower with Radar,16,39,23,115,193,0,4,32,6,42,16,43,55,121,235,60,8,68,303
12/17/2011,AMA,TX,ASW,WE,Combined TRACON& Tower with Radar,16,27,12,14,69,0,1,26,7,34,16,28,38,21,103,34,14,48,151
12/18/2011,AMA,TX,ASW,WE,Combined TRACON& Tower with Radar,16,28,17,27,88,0,0,13,1,14,16,28,30,28,102,0,0,0,102
12/19/2011,AMA,TX,ASW,WE,Combined TRACON& Tower with Radar,7,22,15,0,44,0,0,0,0,0,7,22,15,0,44,0,0,0,44
12/20/2011,AMA,TX,ASW,WE,Combined TRACON& Tower with Radar,15,27,18,5,65,0,1,1,1,3,15,28,19,6,68,0,0,0,68
12/21/2011,AMA,TX,ASW,WE,Combined TRACON& Tower with Radar,18,29,24,19,90,0,1,19,4,24,18,30,43,23,114,14,28,42,156
12/22/2011,AMA,TX,ASW,WE,Combined TRACON& Tower with Radar,20,39,16,0,75,0,0,0,0,0,20,39,16,0,75,0,0,0,75
12/23/2011,AMA,TX,ASW,WE,Combined TRACON& Tower with Radar,19,37,26,0,82,0,1,14,0,15,19,38,40,0,97,4,0,4,101
12/24/2011,AMA,TX,ASW,WE,Combined TRACON& Tower with Radar,14,24,9,0,47,0,2,2,0,4,14,26,11,0,51,8,0,8,59
12/25/2011,AMA,TX,ASW,WE,Combined TRACON& Tower with Radar,12,19,1,0,32,0,0,0,0,0,12,19,1,0,32,0,0,0,32
12/26/2011,AMA,TX,ASW,WE,Combined TRACON& Tower with Radar,18,38,17,0,73,0,0,0,0,0,18,38,17,0,73,8,0,8,81
12/27/2011,AMA,TX,ASW,WE,Combined TRACON& Tower with Radar,19,32,19,0,70,0,1,16,0,17,19,33,35,0,87,10,0,10,97
12/28/2011,AMA,TX,ASW,WE,Combined TRACON& Tower with Radar,19,34,28,8,89,0,3,14,0,17,19,37,42,8,106,36,0,36,142
12/29/2011,AMA,TX,ASW,WE,Combined TRACON& Tower with Radar,16,34,32,0,82,0,3,21,0,24,16,37,53,0,106,16,0,16,122
12/30/2011,AMA,TX,ASW,WE,Combined TRACON& Tower with Radar,20,34,23,0,77,0,2,15,0,17,20,36,38,0,94,10,0,10,104
12/31/2011,AMA,TX,ASW,WE,Combined TRACON& Tower with Radar,12,21,12,0,45,0,0,8,0,8,12,21,20,0,53,10,0,10,63
01/01/2012,AMA,TX,ASW,WE,Combined TRACON& Tower with Radar,16,20,9,0,45,0,0,16,0,16,16,20,25,0,61,28,0,28,89
01/02/2012,AMA,TX,ASW,WE,Combined TRACON& Tower with Radar,18,31,21,0,70,0,0,24,0,24,18,31,45,0,94,0,0,0,94
01/03/2012,AMA,TX,ASW,WE,Combined TRACON& Tower with Radar,17,24,27,9,77,0,4,26,4,34,17,28,53,13,111,22,74,96,207
01/04/2012,AMA,TX,ASW,WE,Combined TRACON& Tower with Radar,18,29,13,51,111,0,2,24,8,34,18,31,37,59,145,38,88,126,271
01/05/2012,AMA,TX,ASW,WE,Combined TRACON& Tower with Radar,17,35,5,68,125,0,2,13,5,20,17,37,18,73,145,18,76,94,239
01/06/2012,AMA,TX,ASW,WE,Combined TRACON& Tower with Radar,17,30,31,81,159,0,2,26,1,29,17,32,57,82,188,28,16,44,232
01/07/2012,AMA,TX,ASW,WE,Combined TRACON& Tower with Radar,13,25,6,11,55,0,0,30,1,31,13,25,36,12,86,10,0,10,96
01/08/2012,AMA,TX,ASW,WE,Combined TRACON& Tower with Radar,18,31,17,40,106,0,1,9,0,10,18,32,26,40,116,12,22,34,150
01/09/2012,AMA,TX,ASW,WE,Combined TRACON& Tower with Radar,18,35,49,30,132,0,0,5,7,12,18,35,54,37,144,14,70,84,228
01/10/2012,AMA,TX,ASW,WE,Combined TRACON& Tower with Radar,22,37,51,64,174,0,0,20,4,24,22,37,71,68,198,8,102,110,308
01/11/2012,AMA,TX,ASW,WE,Combined TRACON& Tower with Radar,20,24,26,13,83,0,1,2,4,7,20,25,28,17,90,0,10,10,100
01/12/2012,AMA,TX,ASW,WE,Combined TRACON& Tower with Radar,22,30,32,42,126,0,2,19,4,25,22,32,51,46,151,8,92,100,251
01/13/2012,AMA,TX,ASW,WE,Combined TRACON& Tower with Radar,20,26,35,31,112,0,2,24,1,27,20,28,59,32,139,10,19,29,168
01/14/2012,AMA,TX,ASW,WE,Combined TRACON& Tower with Radar,14,18,9,6,47,0,0,19,0,19,14,18,28,6,66,52,0,52,118
01/15/2012,AMA,TX,ASW,WE,Combined TRACON& Tower with Radar,16,23,7,6,52,0,0,8,0,8,16,23,15,6,60,2,0,2,62
01/16/2012,AMA,TX,ASW,WE,Combined TRACON& Tower with Radar,21,28,26,57,132,0,0,10,3,13,21,28,36,60,145,12,4,16,161
01/17/2012,AMA,TX,ASW,WE,Combined TRACON& Tower with Radar,18,28,64,45,155,0,1,23,3,27,18,29,87,48,182,12,118,130,312
01/18/2012,AMA,TX,ASW,WE,Combined TRACON& Tower with Radar,20,27,23,16,86,0,2,12,2,16,20,29,35,18,102,30,0,30,132
01/19/2012,AMA,TX,ASW,WE,Combined TRACON& Tower with Radar,24,33,33,45,135,0,4,18,4,26,24,37,51,49,161,32,76,108,269
01/20/2012,AMA,TX,ASW,WE,Combined TRACON& Tower with Radar,18,51,31,57,157,0,2,30,8,40,18,53,61,65,197,56,92,148,345
01/21/2012,AMA,TX,ASW,WE,Combined TRACON& Tower with Radar,14,16,33,36,99,0,1,18,8,27,14,17,51,44,126,10,16,26,152
01/22/2012,AMA,TX,ASW,WE,Combined TRACON& Tower with Radar,16,18,15,0,49,0,1,5,0,6,16,19,20,0,55,0,0,0,55
01/23/2012,AMA,TX,ASW,WE,Combined TRACON& Tower with Radar,22,28,18,25,93,0,2,10,9,21,22,30,28,34,114,0,22,22,136
01/24/2012,AMA,TX,ASW,WE,Combined TRACON& Tower with Radar,18,33,21,7,79,0,0,6,1,7,18,33,27,8,86,14,8,22,108
01/25/2012,AMA,TX,ASW,WE,Combined TRACON& Tower with Radar,20,58,47,71,196,0,0,10,14,24,20,58,57,85,220,22,108,130,350
01/26/2012,AMA,TX,ASW,WE,Combined TRACON& Tower with Radar,20,44,17,33,114,0,7,11,7,25,20,51,28,40,139,17,14,31,170
01/27/2012,AMA,TX,ASW,WE,Combined TRACON& Tower with Radar,19,35,16,50,120,0,2,5,8,15,19,37,21,58,135,46,38,84,219
01/28/2012,AMA,TX,ASW,WE,Combined TRACON& Tower with Radar,14,17,19,12,62,0,2,17,2,21,14,19,36,14,83,50,20,70,153
01/29/2012,AMA,TX,ASW,WE,Combined TRACON& Tower with Radar,18,25,21,45,109,0,0,26,7,33,18,25,47,52,142,56,18,74,216
01/30/2012,AMA,TX,ASW,WE,Combined TRACON& Tower with Radar,17,23,19,43,102,0,2,21,2,25,17,25,40,45,127,80,14,94,221
01/31/2012,AMA,TX,ASW,WE,Combined TRACON& Tower with Radar,21,36,37,67,161,0,1,30,3,34,21,37,67,70,195,52,129,181,376
02/01/2012,AMA,TX,ASW,WE,Combined TRACON& Tower with Radar,20,26,18,69,133,0,2,19,6,27,20,28,37,75,160,62,112,174,334
02/02/2012,AMA,TX,ASW,WE,Combined TRACON& Tower with Radar,21,40,27,46,134,0,3,5,6,14,21,43,32,52,148,16,44,60,208
02/03/2012,AMA,TX,ASW,WE,Combined TRACON& Tower with Radar,18,30,44,47,139,0,0,4,1,5,18,30,48,48,144,34,0,34,178
02/04/2012,AMA,TX,ASW,WE,Combined TRACON& Tower with Radar,15,32,24,44,115,0,0,9,12,21,15,32,33,56,136,76,82,158,294
02/05/2012,AMA,TX,ASW,WE,Combined TRACON& Tower with Radar,18,28,18,42,106,0,2,16,2,20,18,30,34,44,126,34,12,46,172
02/06/2012,AMA,TX,ASW,WE,Combined TRACON& Tower with Radar,19,28,49,33,129,0,2,8,4,14,19,30,57,37,143,32,26,58,201
02/07/2012,AMA,TX,ASW,WE,Combined TRACON& Tower with Radar,17,30,20,8,75,0,0,10,0,10,17,30,30,8,85,66,10,76,161
02/08/2012,AMA,TX,ASW,WE,Combined TRACON& Tower with Radar,14,14,26,40,94,0,1,12,6,19,14,15,38,46,113,76,194,270,383
02/09/2012,AMA,TX,ASW,WE,Combined TRACON& Tower with Radar,21,29,23,4,77,0,0,0,0,0,21,29,23,4,77,0,0,0,77
02/10/2012,AMA,TX,ASW,WE,Combined TRACON& Tower with Radar,21,44,45,79,189,0,1,24,13,38,21,45,69,92,227,133,87,220,447
02/11/2012,AMA,TX,ASW,WE,Combined TRACON& Tower with Radar,15,13,14,2,44,0,0,9,2,11,15,13,23,4,55,22,0,22,77
02/12/2012,AMA,TX,ASW,WE,Combined TRACON& Tower with Radar,15,17,18,0,50,0,0,0,0,0,15,17,18,0,50,0,0,0,50
02/13/2012,AMA,TX,ASW,WE,Combined TRACON& Tower with Radar,20,37,23,17,97,0,0,6,5,11,20,37,29,22,108,4,22,26,134
02/14/2012,AMA,TX,ASW,WE,Combined TRACON& Tower with Radar,20,34,50,56,160,0,3,16,7,26,20,37,66,63,186,46,196,242,428
02/15/2012,AMA,TX,ASW,WE,Combined TRACON& Tower with Radar,18,38,50,73,179,0,2,9,9,20,18,40,59,82,199,10,96,106,305
02/16/2012,AMA,TX,ASW,WE,Combined TRACON& Tower with Radar,20,39,35,84,178,0,1,21,8,30,20,40,56,92,208,28,88,116,324
02/17/2012,AMA,TX,ASW,WE,Combined TRACON& Tower with Radar,20,32,15,17,84,0,0,6,3,9,20,32,21,20,93,58,4,62,155
02/18/2012,AMA,TX,ASW,WE,Combined TRACON& Tower with Radar,12,10,10,2,34,0,0,0,0,0,12,10,10,2,34,0,0,0,34
02/19/2012,AMA,TX,ASW,WE,Combined TRACON& Tower with Radar,14,18,20,22,74,0,0,3,3,6,14,18,23,25,80,0,6,6,86
02/20/2012,AMA,TX,ASW,WE,Combined TRACON& Tower with Radar,20,27,20,5,72,0,1,3,6,10,20,28,23,11,82,0,0,0,82
02/21/2012,AMA,TX,ASW,WE,Combined TRACON& Tower with Radar,18,32,24,21,95,0,2,9,1,12,18,34,33,22,107,12,8,20,127
02/22/2012,AMA,TX,ASW,WE,Combined TRACON& Tower with Radar,18,31,23,68,140,0,1,19,5,25,18,32,42,73,165,0,84,84,249
02/23/2012,AMA,TX,ASW,WE,Combined TRACON& Tower with Radar,18,26,35,44,123,0,2,13,5,20,18,28,48,49,143,24,2,26,169
02/24/2012,AMA,TX,ASW,WE,Combined TRACON& Tower with Radar,21,25,40,32,118,0,2,29,4,35,21,27,69,36,153,74,40,114,267
02/25/2012,AMA,TX,ASW,WE,Combined TRACON& Tower with Radar,16,17,11,20,64,0,2,6,0,8,16,19,17,20,72,0,0,0,72
02/26/2012,AMA,TX,ASW,WE,Combined TRACON& Tower with Radar,14,20,40,40,114,0,0,25,0,25,14,20,65,40,139,51,12,63,202
02/27/2012,AMA,TX,ASW,WE,Combined TRACON& Tower with Radar,20,31,19,2,72,0,0,0,3,3,20,31,19,5,75,0,4,4,79
02/28/2012,AMA,TX,ASW,WE,Combined TRACON& Tower with Radar,18,24,37,18,97,0,0,1,2,3,18,24,38,20,100,0,0,0,100
02/29/2012,AMA,TX,ASW,WE,Combined TRACON& Tower with Radar,18,28,47,23,116,0,2,27,15,44,18,30,74,38,160,8,28,36,196
03/01/2012,AMA,TX,ASW,WE,Combined TRACON& Tower with Radar,18,33,28,18,97,0,2,6,14,22,18,35,34,32,119,4,10,14,133
03/02/2012,AMA,TX,ASW,WE,Combined TRACON& Tower with Radar,20,30,22,21,93,0,1,8,2,11,20,31,30,23,104,16,6,22,126
03/03/2012,AMA,TX,ASW,WE,Combined TRACON& Tower with Radar,19,15,17,4,55,0,0,30,2,32,19,15,47,6,87,42,0,42,129
03/04/2012,AMA,TX,ASW,WE,Combined TRACON& Tower with Radar,14,17,23,41,95,0,0,15,3,18,14,17,38,44,113,38,12,50,163
03/05/2012,AMA,TX,ASW,WE,Combined TRACON& Tower with Radar,22,25,19,5,71,0,3,14,7,24,22,28,33,12,95,56,0,56,151
03/06/2012,AMA,TX,ASW,WE,Combined TRACON& Tower with Radar,18,19,23,34,94,0,2,13,6,21,18,21,36,40,115,14,10,24,139
03/07/2012,AMA,TX,ASW,WE,Combined TRACON& Tower with Radar,18,26,62,23,129,0,1,15,4,20,18,27,77,27,149,0,100,100,249
03/08/2012,AMA,TX,ASW,WE,Combined TRACON& Tower with Radar,21,37,16,7,81,0,0,0,1,1,21,37,16,8,82,0,0,0,82
03/09/2012,AMA,TX,ASW,WE,Combined TRACON& Tower with Radar,17,40,22,88,167,0,0,11,0,11,17,40,33,88,178,2,32,34,212
03/10/2012,AMA,TX,ASW,WE,Combined TRACON& Tower with Radar,14,25,22,0,61,0,0,0,0,0,14,25,22,0,61,0,0,0,61
03/11/2012,AMA,TX,ASW,WE,Combined TRACON& Tower with Radar,18,23,19,82,142,0,0,5,1,6,18,23,24,83,148,0,0,0,148
03/12/2012,AMA,TX,ASW,WE,Combined TRACON& Tower with Radar,18,28,31,9,86,0,3,24,0,27,18,31,55,9,113,18,8,26,139
03/13/2012,AMA,TX,ASW,WE,Combined TRACON& Tower with Radar,19,27,37,45,128,0,2,20,6,28,19,29,57,51,156,18,88,106,262
03/14/2012,AMA,TX,ASW,WE,Combined TRACON& Tower with Radar,21,28,44,64,157,0,1,21,1,23,21,29,65,65,180,0,0,0,180
03/15/2012,AMA,TX,ASW,WE,Combined TRACON& Tower with Radar,19,34,52,88,193,0,1,26,15,42,19,35,78,103,235,29,198,227,462
03/16/2012,AMA,TX,ASW,WE,Combined TRACON& Tower with Radar,18,43,29,48,138,0,0,12,4,16,18,43,41,52,154,18,45,63,217
03/17/2012,AMA,TX,ASW,WE,Combined TRACON& Tower with Radar,14,20,24,4,62,0,0,15,4,19,14,20,39,8,81,0,0,0,81
03/18/2012,AMA,TX,ASW,WE,Combined TRACON& Tower with Radar,26,18,12,0,56,0,0,3,0,3,26,18,15,0,59,0,0,0,59
03/19/2012,AMA,TX,ASW,WE,Combined TRACON& Tower with Radar,20,19,23,41,103,0,0,12,4,16,20,19,35,45,119,50,8,58,177
03/20/2012,AMA,TX,ASW,WE,Combined TRACON& Tower with Radar,20,33,35,111,199,0,1,10,4,15,20,34,45,115,214,0,122,122,336
03/21/2012,AMA,TX,ASW,WE,Combined TRACON& Tower with Radar,18,25,21,11,75,0,2,1,0,3,18,27,22,11,78,0,22,22,100
03/22/2012,AMA,TX,ASW,WE,Combined TRACON& Tower with Radar,20,29,63,49,161,0,0,9,5,14,20,29,72,54,175,18,19,37,212
03/23/2012,AMA,TX,ASW,WE,Combined TRACON& Tower with Radar,21,36,31,83,171,0,3,40,12,55,21,39,71,95,226,36,44,80,306
03/24/2012,AMA,TX,ASW,WE,Combined TRACON& Tower with Radar,14,19,37,5,75,0,0,35,1,36,14,19,72,6,111,28,0,28,139
03/25/2012,AMA,TX,ASW,WE,Combined TRACON& Tower with Radar,16,17,20,21,74,0,0,15,3,18,16,17,35,24,92,8,18,26,118
03/26/2012,AMA,TX,ASW,WE,Combined TRACON& Tower with Radar,20,28,31,50,129,0,2,7,3,12,20,30,38,53,141,0,28,28,169
03/27/2012,AMA,TX,ASW,WE,Combined TRACON& Tower with Radar,21,29,32,14,96,0,3,22,5,30,21,32,54,19,126,80,42,122,248
03/28/2012,AMA,TX,ASW,WE,Combined TRACON& Tower with Radar,23,28,26,26,103,0,2,25,4,31,23,30,51,30,134,26,10,36,170
03/29/2012,AMA,TX,ASW,WE,Combined TRACON& Tower with Radar,18,35,65,75,193,0,3,42,5,50,18,38,107,80,243,30,122,152,395
03/30/2012,AMA,TX,ASW,WE,Combined TRACON& Tower with Radar,22,28,36,93,179,0,3,16,1,20,22,31,52,94,199,4,16,20,219
03/31/2012,AMA,TX,ASW,WE,Combined TRACON& Tower with Radar,16,22,22,28,88,0,0,38,1,39,16,22,60,29,127,26,62,88,215
04/01/2012,AMA,TX,ASW,WE,Combined TRACON& Tower with Radar,17,21,17,16,71,0,0,20,0,20,17,21,37,16,91,0,0,0,91
04/02/2012,AMA,TX,ASW,WE,Combined TRACON& Tower with Radar,19,25,13,33,90,0,1,11,2,14,19,26,24,35,104,12,52,64,168
04/03/2012,AMA,TX,ASW,WE,Combined TRACON& Tower with Radar,20,23,33,24,100,0,2,4,0,6,20,25,37,24,106,0,8,8,114
04/04/2012,AMA,TX,ASW,WE,Combined TRACON& Tower with Radar,20,24,48,76,168,0,1,21,4,26,20,25,69,80,194,0,108,108,302
04/05/2012,AMA,TX,ASW,WE,Combined TRACON& Tower with Radar,18,45,45,52,160,0,2,30,2,34,18,47,75,54,194,126,198,324,518
04/06/2012,AMA,TX,ASW,WE,Combined TRACON& Tower with Radar,24,35,23,24,106,0,1,5,2,8,24,36,28,26,114,4,12,16,130
04/07/2012,AMA,TX,ASW,WE,Combined TRACON& Tower with Radar,15,29,10,2,56,0,0,6,0,6,15,29,16,2,62,0,0,0,62
04/08/2012,AMA,TX,ASW,WE,Combined TRACON& Tower with Radar,16,29,14,3,62,0,0,6,2,8,16,29,20,5,70,0,0,0,70
04/09/2012,AMA,TX,ASW,WE,Combined TRACON& Tower with Radar,22,36,45,21,124,0,5,19,5,29,22,41,64,26,153,46,48,94,247
04/10/2012,AMA,TX,ASW,WE,Combined TRACON& Tower with Radar,16,45,38,11,110,0,4,33,5,42,16,49,71,16,152,20,0,20,172
04/11/2012,AMA,TX,ASW,WE,Combined TRACON& Tower with Radar,20,28,36,6,90,0,2,32,7,41,20,30,68,13,131,0,10,10,141
04/12/2012,AMA,TX,ASW,WE,Combined TRACON& Tower with Radar,17,35,33,24,109,0,1,4,2,7,17,36,37,26,116,0,10,10,126
04/13/2012,AMA,TX,ASW,WE,Combined TRACON& Tower with Radar,20,40,28,31,119,0,2,24,2,28,20,42,52,33,147,14,66,80,227
04/14/2012,AMA,TX,ASW,WE,Combined TRACON& Tower with Radar,14,28,13,8,63,0,1,3,5,9,14,29,16,13,72,12,0,12,84
04/15/2012,AMA,TX,ASW,WE,Combined TRACON& Tower with Radar,20,31,15,9,75,0,3,6,4,13,20,34,21,13,88,0,6,6,94
04/16/2012,AMA,TX,ASW,WE,Combined TRACON& Tower with Radar,22,35,26,24,107,0,3,9,13,25,22,38,35,37,132,31,8,39,171
04/17/2012,AMA,TX,ASW,WE,Combined TRACON& Tower with Radar,17,33,42,27,119,0,2,21,11,34,17,35,63,38,153,30,114,144,297
04/18/2012,AMA,TX,ASW,WE,Combined TRACON& Tower with Radar,20,36,33,19,108,0,4,12,6,22,20,40,45,25,130,40,14,54,184
04/19/2012,AMA,TX,ASW,WE,Combined TRACON& Tower with Radar,18,39,33,52,142,0,2,23,7,32,18,41,56,59,174,28,74,102,276
04/20/2012,AMA,TX,ASW,WE,Combined TRACON& Tower with Radar,18,40,15,40,113,0,3,19,9,31,18,43,34,49,144,0,30,30,174
04/21/2012,AMA,TX,ASW,WE,Combined TRACON& Tower with Radar,20,30,20,15,85,0,0,19,7,26,20,30,39,22,111,8,10,18,129
04/22/2012,AMA,TX,ASW,WE,Combined TRACON& Tower with Radar,20,29,25,7,81,0,1,14,0,15,20,30,39,7,96,0,4,4,100
04/23/2012,AMA,TX,ASW,WE,Combined TRACON& Tower with Radar,19,37,23,12,91,0,1,24,5,30,19,38,47,17,121,0,10,10,131
04/24/2012,AMA,TX,ASW,WE,Combined TRACON& Tower with Radar,20,35,28,13,96,0,2,14,11,27,20,37,42,24,123,18,6,24,147
04/25/2012,AMA,TX,ASW,WE,Combined TRACON& Tower with Radar,24,34,15,18,91,0,2,13,5,20,24,36,28,23,111,24,10,34,145
04/26/2012,AMA,TX,ASW,WE,Combined TRACON& Tower with Radar,18,38,45,26,127,0,3,19,2,24,18,41,64,28,151,44,64,108,259
04/27/2012,AMA,TX,ASW,WE,Combined TRACON& Tower with Radar,21,39,28,92,180,0,2,20,8,30,21,41,48,100,210,16,62,78,288
04/28/2012,AMA,TX,ASW,WE,Combined TRACON& Tower with Radar,14,32,22,13,81,0,1,19,2,22,14,33,41,15,103,12,4,16,119
04/29/2012,AMA,TX,ASW,WE,Combined TRACON& Tower with Radar,18,35,13,22,88,0,0,7,0,7,18,35,20,22,95,50,16,66,161
04/30/2012,AMA,TX,ASW,WE,Combined TRACON& Tower with Radar,18,38,29,18,103,0,3,6,2,11,18,41,35,20,114,10,108,118,232
05/01/2012,AMA,TX,ASW,WE,Combined TRACON& Tower with Radar,18,36,32,43,129,0,1,23,3,27,18,37,55,46,156,20,26,46,202
05/02/2012,AMA,TX,ASW,WE,Combined TRACON& Tower with Radar,18,36,23,25,102,0,2,34,6,42,18,38,57,31,144,26,20,46,190
05/03/2012,AMA,TX,ASW,WE,Combined TRACON& Tower with Radar,21,49,35,9,114,0,4,28,13,45,21,53,63,22,159,70,8,78,237
05/04/2012,AMA,TX,ASW,WE,Combined TRACON& Tower with Radar,20,41,35,88,184,0,4,26,8,38,20,45,61,96,222,20,24,44,266
05/05/2012,AMA,TX,ASW,WE,Combined TRACON& Tower with Radar,16,27,10,0,53,0,0,18,2,20,16,27,28,2,73,20,0,20,93
05/06/2012,AMA,TX,ASW,WE,Combined TRACON& Tower with Radar,18,30,22,6,76,0,2,5,2,9,18,32,27,8,85,0,0,0,85
05/07/2012,AMA,TX,ASW,WE,Combined TRACON& Tower with Radar,18,38,19,23,98,0,0,5,3,8,18,38,24,26,106,2,28,30,136
05/08/2012,AMA,TX,ASW,WE,Combined TRACON& Tower with Radar,18,35,41,88,182,0,0,15,8,23,18,35,56,96,205,42,152,194,399
05/09/2012,AMA,TX,ASW,WE,Combined TRACON& Tower with Radar,20,35,36,27,118,0,2,12,7,21,20,37,48,34,139,56,142,198,337
05/10/2012,AMA,TX,ASW,WE,Combined TRACON& Tower with Radar,18,47,32,77,174,0,3,21,3,27,18,50,53,80,201,20,38,58,259
05/11/2012,AMA,TX,ASW,WE,Combined TRACON& Tower with Radar,18,38,13,12,81,0,1,2,2,5,18,39,15,14,86,0,18,18,104
05/12/2012,AMA,TX,ASW,WE,Combined TRACON& Tower with Radar,16,29,19,15,79,0,3,16,4,23,16,32,35,19,102,54,12,66,168
05/13/2012,AMA,TX,ASW,WE,Combined TRACON& Tower with Radar,20,29,14,5,68,0,1,2,5,8,20,30,16,10,76,22,0,22,98
05/14/2012,AMA,TX,ASW,WE,Combined TRACON& Tower with Radar,20,33,26,18,97,0,2,0,3,5,20,35,26,21,102,14,20,34,136
05/15/2012,AMA,TX,ASW,WE,Combined TRACON& Tower with Radar,19,38,39,27,123,0,2,13,11,26,19,40,52,38,149,90,52,142,291
05/16/2012,AMA,TX,ASW,WE,Combined TRACON& Tower with Radar,18,35,32,31,116,0,5,18,5,28,18,40,50,36,144,30,80,110,254
05/17/2012,AMA,TX,ASW,WE,Combined TRACON& Tower with Radar,22,32,30,12,96,0,4,21,4,29,22,36,51,16,125,18,40,58,183
05/18/2012,AMA,TX,ASW,WE,Combined TRACON& Tower with Radar,19,32,16,12,79,0,4,14,2,20,19,36,30,14,99,14,50,64,163
05/19/2012,AMA,TX,ASW,WE,Combined TRACON& Tower with Radar,14,28,19,18,79,0,0,22,2,24,14,28,41,20,103,14,40,54,157
05/20/2012,AMA,TX,ASW,WE,Combined TRACON& Tower with Radar,19,33,25,26,103,0,0,8,1,9,19,33,33,27,112,28,10,38,150
05/21/2012,AMA,TX,ASW,WE,Combined TRACON& Tower with Radar,22,34,30,8,94,0,0,10,3,13,22,34,40,11,107,16,12,28,135
05/22/2012,AMA,TX,ASW,WE,Combined TRACON& Tower with Radar,20,37,28,4,89,0,2,21,4,27,20,39,49,8,116,52,64,116,232
05/23/2012,AMA,TX,ASW,WE,Combined TRACON& Tower with Radar,20,31,53,14,118,0,2,17,5,24,20,33,70,19,142,30,16,46,188
05/24/2012,AMA,TX,ASW,WE,Combined TRACON& Tower with Radar,18,43,39,19,119,0,2,38,1,41,18,45,77,20,160,52,46,98,258
05/25/2012,AMA,TX,ASW,WE,Combined TRACON& Tower with Radar,18,37,28,10,93,0,2,17,5,24,18,39,45,15,117,30,6,36,153
05/26/2012,AMA,TX,ASW,WE,Combined TRACON& Tower with Radar,16,27,5,0,48,0,1,8,1,10,16,28,13,1,58,6,0,6,64
05/27/2012,AMA,TX,ASW,WE,Combined TRACON& Tower with Radar,14,22,11,0,47,0,0,8,0,8,14,22,19,0,55,0,0,0,55
05/28/2012,AMA,TX,ASW,WE,Combined TRACON& Tower with Radar,18,41,22,8,89,0,3,24,0,27,18,44,46,8,116,22,0,22,138
05/29/2012,AMA,TX,ASW,WE,Combined TRACON& Tower with Radar,21,36,28,18,103,0,1,15,4,20,21,37,43,22,123,28,38,66,189
05/30/2012,AMA,TX,ASW,WE,Combined TRACON& Tower with Radar,21,29,29,26,105,0,1,17,7,25,21,30,46,33,130,16,44,60,190
05/31/2012,AMA,TX,ASW,WE,Combined TRACON& Tower with Radar,19,48,41,23,131,0,4,21,5,30,19,52,62,28,161,18,34,52,213
06/01/2012,AMA,TX,ASW,WE,Combined TRACON& Tower with Radar,18,38,16,19,91,0,1,7,3,11,18,39,23,22,102,2,6,8,110
06/02/2012,AMA,TX,ASW,WE,Combined TRACON& Tower with Radar,14,31,13,4,62,0,0,10,1,11,14,31,23,5,73,0,0,0,73
06/03/2012,AMA,TX,ASW,WE,Combined TRACON& Tower with Radar,16,30,12,15,73,0,0,10,5,15,16,30,22,20,88,0,0,0,88
06/04/2012,AMA,TX,ASW,WE,Combined TRACON& Tower with Radar,24,37,20,3,84,0,1,8,5,14,24,38,28,8,98,0,0,0,98
06/05/2012,AMA,TX,ASW,WE,Combined TRACON& Tower with Radar,18,36,19,18,91,0,0,5,2,7,18,36,24,20,98,50,68,118,216
06/06/2012,AMA,TX,ASW,WE,Combined TRACON& Tower with Radar,22,38,44,16,120,0,0,12,6,18,22,38,56,22,138,0,52,52,190
06/07/2012,AMA,TX,ASW,WE,Combined TRACON& Tower with Radar,19,42,32,8,101,0,0,4,4,8,19,42,36,12,109,24,0,24,133
06/08/2012,AMA,TX,ASW,WE,Combined TRACON& Tower with Radar,19,36,23,63,141,0,0,15,0,15,19,36,38,63,156,0,14,14,170
06/09/2012,AMA,TX,ASW,WE,Combined TRACON& Tower with Radar,16,29,17,34,96,0,0,8,2,10,16,29,25,36,106,10,32,42,148
06/10/2012,AMA,TX,ASW,WE,Combined TRACON& Tower with Radar,18,34,23,36,111,0,0,16,5,21,18,34,39,41,132,10,0,10,142
06/11/2012,AMA,TX,ASW,WE,Combined TRACON& Tower with Radar,20,37,35,54,146,0,4,11,2,17,20,41,46,56,163,26,36,62,225
06/12/2012,AMA,TX,ASW,WE,Combined TRACON& Tower with Radar,18,38,19,35,110,0,1,17,3,21,18,39,36,38,131,40,70,110,241
06/13/2012,AMA,TX,ASW,WE,Combined TRACON& Tower with Radar,22,41,25,14,102,0,1,25,5,31,22,42,50,19,133,48,12,60,193
06/14/2012,AMA,TX,ASW,WE,Combined TRACON& Tower with Radar,21,36,38,62,157,0,0,17,2,19,21,36,55,64,176,24,42,66,242
06/15/2012,AMA,TX,ASW,WE,Combined TRACON& Tower with Radar,17,41,27,63,148,0,1,16,9,26,17,42,43,72,174,42,210,252,426
06/16/2012,AMA,TX,ASW,WE,Combined TRACON& Tower with Radar,17,27,20,1,65,0,0,19,6,25,17,27,39,7,90,8,0,8,98
06/17/2012,AMA,TX,ASW,WE,Combined TRACON& Tower with Radar,21,38,27,19,105,0,2,18,9,29,21,40,45,28,134,0,0,0,134
06/18/2012,AMA,TX,ASW,WE,Combined TRACON& Tower with Radar,18,39,41,24,122,0,2,14,0,16,18,41,55,24,138,20,20,40,178
06/19/2012,AMA,TX,ASW,WE,Combined TRACON& Tower with Radar,18,36,21,40,115,0,4,11,6,21,18,40,32,46,136,0,30,30,166
06/20/2012,AMA,TX,ASW,WE,Combined TRACON& Tower with Radar,20,36,26,14,96,0,0,15,1,16,20,36,41,15,112,12,54,66,178
06/21/2012,AMA,TX,ASW,WE,Combined TRACON& Tower with Radar,22,34,57,34,147,0,0,13,10,23,22,34,70,44,170,46,140,186,356
06/22/2012,AMA,TX,ASW,WE,Combined TRACON& Tower with Radar,23,43,23,30,119,0,2,11,8,21,23,45,34,38,140,22,22,44,184
06/23/2012,AMA,TX,ASW,WE,Combined TRACON& Tower with Radar,16,24,17,0,57,0,0,11,1,12,16,24,28,1,69,40,0,40,109
06/24/2012,AMA,TX,ASW,WE,Combined TRACON& Tower with Radar,20,30,45,9,104,0,2,18,3,23,20,32,63,12,127,0,42,42,169
06/25/2012,AMA,TX,ASW,WE,Combined TRACON& Tower with Radar,19,41,18,21,99,0,2,16,1,19,19,43,34,22,118,4,36,40,158
06/26/2012,AMA,TX,ASW,WE,Combined TRACON& Tower with Radar,22,37,28,14,101,0,3,25,1,29,22,40,53,15,130,0,16,16,146
06/27/2012,AMA,TX,ASW,WE,Combined TRACON& Tower with Radar,24,35,17,15,91,0,3,18,4,25,24,38,35,19,116,0,16,16,132
06/28/2012,AMA,TX,ASW,WE,Combined TRACON& Tower with Radar,20,36,25,10,91,0,7,28,8,43,20,43,53,18,134,32,4,36,170
06/29/2012,AMA,TX,ASW,WE,Combined TRACON& Tower with Radar,18,39,23,14,94,0,2,14,14,30,18,41,37,28,124,12,8,20,144
06/30/2012,AMA,TX,ASW,WE,Combined TRACON& Tower with Radar,16,33,7,0,56,0,0,19,7,26,16,33,26,7,82,108,0,108,190
07/01/2012,AMA,TX,ASW,WE,Combined TRACON& Tower with Radar,19,25,16,8,68,0,0,12,0,12,19,25,28,8,80,56,10,66,146
07/02/2012,AMA,TX,ASW,WE,Combined TRACON& Tower with Radar,18,34,14,7,73,0,1,17,3,21,18,35,31,10,94,40,0,40,134
07/03/2012,AMA,TX,ASW,WE,Combined TRACON& Tower with Radar,18,30,12,27,87,0,1,14,7,22,18,31,26,34,109,45,16,61,170
07/04/2012,AMA,TX,ASW,WE,Combined TRACON& Tower with Radar,16,22,14,0,52,0,1,21,0,22,16,23,35,0,74,12,0,12,86
07/05/2012,AMA,TX,ASW,WE,Combined TRACON& Tower with Radar,18,33,28,1,80,0,1,18,0,19,18,34,46,1,99,0,0,0,99
07/06/2012,AMA,TX,ASW,WE,Combined TRACON& Tower with Radar,20,32,17,14,83,0,2,17,1,20,20,34,34,15,103,40,16,56,159
07/07/2012,AMA,TX,ASW,WE,Combined TRACON& Tower with Radar,18,26,11,1,56,0,0,10,1,11,18,26,21,2,67,14,0,14,81
07/08/2012,AMA,TX,ASW,WE,Combined TRACON& Tower with Radar,17,26,26,7,76,0,0,9,3,12,17,26,35,10,88,0,0,0,88
07/09/2012,AMA,TX,ASW,WE,Combined TRACON& Tower with Radar,18,37,7,6,68,0,0,8,3,11,18,37,15,9,79,4,8,12,91
07/10/2012,AMA,TX,ASW,WE,Combined TRACON& Tower with Radar,18,42,35,27,122,0,0,9,2,11,18,42,44,29,133,0,40,40,173
07/11/2012,AMA,TX,ASW,WE,Combined TRACON& Tower with Radar,16,47,15,15,93,0,1,19,2,22,16,48,34,17,115,16,40,56,171
07/12/2012,AMA,TX,ASW,WE,Combined TRACON& Tower with Radar,22,45,30,4,101,0,1,18,5,24,22,46,48,9,125,58,6,64,189
07/13/2012,AMA,TX,ASW,WE,Combined TRACON& Tower with Radar,20,39,23,97,179,0,1,27,2,30,20,40,50,99,209,8,44,52,261
07/14/2012,AMA,TX,ASW,WE,Combined TRACON& Tower with Radar,18,25,24,27,94,0,0,52,1,53,18,25,76,28,147,0,0,0,147
07/15/2012,AMA,TX,ASW,WE,Combined TRACON& Tower with Radar,18,32,13,0,63,0,0,4,0,4,18,32,17,0,67,0,2,2,69
07/16/2012,AMA,TX,ASW,WE,Combined TRACON& Tower with Radar,20,37,16,7,80,0,0,10,1,11,20,37,26,8,91,6,8,14,105
07/17/2012,AMA,TX,ASW,WE,Combined TRACON& Tower with Radar,20,41,18,19,98,0,2,15,6,23,20,43,33,25,121,40,80,120,241
07/18/2012,AMA,TX,ASW,WE,Combined TRACON& Tower with Radar,22,46,17,25,110,0,2,16,1,19,22,48,33,26,129,4,54,58,187
07/19/2012,AMA,TX,ASW,WE,Combined TRACON& Tower with Radar,24,34,22,20,100,0,1,11,6,18,24,35,33,26,118,24,10,34,152
07/20/2012,AMA,TX,ASW,WE,Combined TRACON& Tower with Radar,24,39,15,30,108,0,2,28,2,32,24,41,43,32,140,52,26,78,218
07/21/2012,AMA,TX,ASW,WE,Combined TRACON& Tower with Radar,18,25,27,29,99,0,0,21,6,27,18,25,48,35,126,0,0,0,126
07/22/2012,AMA,TX,ASW,WE,Combined TRACON& Tower with Radar,20,31,28,12,91,0,0,17,2,19,20,31,45,14,110,6,0,6,116
07/23/2012,AMA,TX,ASW,WE,Combined TRACON& Tower with Radar,18,41,22,16,97,0,2,11,4,17,18,43,33,20,114,24,48,72,186
07/24/2012,AMA,TX,ASW,WE,Combined TRACON& Tower with Radar,16,35,21,11,83,0,2,14,1,17,16,37,35,12,100,18,0,18,118
07/25/2012,AMA,TX,ASW,WE,Combined TRACON& Tower with Radar,20,33,21,31,105,0,2,6,7,15,20,35,27,38,120,18,4,22,142
07/26/2012,AMA,TX,ASW,WE,Combined TRACON& Tower with Radar,19,36,17,26,98,0,2,14,8,24,19,38,31,34,122,68,38,106,228
07/27/2012,AMA,TX,ASW,WE,Combined TRACON& Tower with Radar,19,38,20,40,117,0,2,15,3,20,19,40,35,43,137,30,6,36,173
07/28/2012,AMA,TX,ASW,WE,Combined TRACON& Tower with Radar,18,25,19,10,72,0,0,22,6,28,18,25,41,16,100,90,0,90,190
07/29/2012,AMA,TX,ASW,WE,Combined TRACON& Tower with Radar,16,33,18,44,111,0,0,10,2,12,16,33,28,46,123,14,6,20,143
07/30/2012,AMA,TX,ASW,WE,Combined TRACON& Tower with Radar,22,34,24,30,110,0,2,18,6,26,22,36,42,36,136,38,28,66,202
07/31/2012,AMA,TX,ASW,WE,Combined TRACON& Tower with Radar,18,41,40,47,146,0,2,11,2,15,18,43,51,49,161,10,138,148,309
08/01/2012,AMA,TX,ASW,WE,Combined TRACON& Tower with Radar,22,32,25,12,91,0,2,18,2,22,22,34,43,14,113,40,18,58,171
08/02/2012,AMA,TX,ASW,WE,Combined TRACON& Tower with Radar,24,41,27,19,111,0,4,15,2,21,24,45,42,21,132,34,40,74,206
08/03/2012,AMA,TX,ASW,WE,Combined TRACON& Tower with Radar,20,41,42,23,126,0,3,28,2,33,20,44,70,25,159,30,32,62,221
08/04/2012,AMA,TX,ASW,WE,Combined TRACON& Tower with Radar,16,29,12,17,74,0,0,14,8,22,16,29,26,25,96,48,0,48,144
08/05/2012,AMA,TX,ASW,WE,Combined TRACON& Tower with Radar,16,33,21,20,90,0,0,15,4,19,16,33,36,24,109,51,0,51,160
08/06/2012,AMA,TX,ASW,WE,Combined TRACON& Tower with Radar,18,32,11,14,75,0,2,17,4,23,18,34,28,18,98,4,20,24,122
08/07/2012,AMA,TX,ASW,WE,Combined TRACON& Tower with Radar,18,42,18,9,87,0,2,18,3,23,18,44,36,12,110,24,0,24,134
08/08/2012,AMA,TX,ASW,WE,Combined TRACON& Tower with Radar,20,37,23,9,89,0,2,14,10,26,20,39,37,19,115,118,0,118,233
08/09/2012,AMA,TX,ASW,WE,Combined TRACON& Tower with Radar,18,42,30,33,123,0,2,21,3,26,18,44,51,36,149,44,0,44,193
08/10/2012,AMA,TX,ASW,WE,Combined TRACON& Tower with Radar,20,43,25,19,107,0,2,40,4,46,20,45,65,23,153,22,6,28,181
08/11/2012,AMA,TX,ASW,WE,Combined TRACON& Tower with Radar,22,31,13,22,88,0,0,25,6,31,22,31,38,28,119,34,0,34,153
08/12/2012,AMA,TX,ASW,WE,Combined TRACON& Tower with Radar,18,31,16,22,87,0,0,17,3,20,18,31,33,25,107,0,4,4,111
08/13/2012,AMA,TX,ASW,WE,Combined TRACON& Tower with Radar,18,39,25,32,114,0,3,12,4,19,18,42,37,36,133,14,6,20,153
08/14/2012,AMA,TX,ASW,WE,Combined TRACON& Tower with Radar,18,38,34,15,105,0,2,18,0,20,18,40,52,15,125,36,44,80,205
08/15/2012,AMA,TX,ASW,WE,Combined TRACON& Tower with Radar,21,31,15,6,73,0,1,24,3,28,21,32,39,9,101,44,10,54,155
08/16/2012,AMA,TX,ASW,WE,Combined TRACON& Tower with Radar,19,37,28,21,105,0,3,15,1,19,19,40,43,22,124,80,14,94,218
08/17/2012,AMA,TX,ASW,WE,Combined TRACON& Tower with Radar,22,40,21,56,139,0,4,14,3,21,22,44,35,59,160,16,68,84,244
08/18/2012,AMA,TX,ASW,WE,Combined TRACON& Tower with Radar,14,20,21,3,58,0,0,14,1,15,14,20,35,4,73,0,4,4,77
08/19/2012,AMA,TX,ASW,WE,Combined TRACON& Tower with Radar,17,36,23,25,101,0,0,14,3,17,17,36,37,28,118,0,20,20,138
08/20/2012,AMA,TX,ASW,WE,Combined TRACON& Tower with Radar,20,34,19,12,85,0,5,13,3,21,20,39,32,15,106,22,0,22,128
08/21/2012,AMA,TX,ASW,WE,Combined TRACON& Tower with Radar,18,46,43,3,110,0,0,5,3,8,18,46,48,6,118,62,0,62,180
08/22/2012,AMA,TX,ASW,WE,Combined TRACON& Tower with Radar,21,41,35,14,111,0,0,9,2,11,21,41,44,16,122,4,30,34,156
08/23/2012,AMA,TX,ASW,WE,Combined TRACON& Tower with Radar,19,43,22,12,96,0,1,17,8,26,19,44,39,20,122,52,20,72,194
08/24/2012,AMA,TX,ASW,WE,Combined TRACON& Tower with Radar,18,38,28,61,145,0,2,27,6,35,18,40,55,67,180,12,50,62,242
08/25/2012,AMA,TX,ASW,WE,Combined TRACON& Tower with Radar,12,32,19,42,105,0,1,15,4,20,12,33,34,46,125,6,20,26,151
08/26/2012,AMA,TX,ASW,WE,Combined TRACON& Tower with Radar,16,30,16,10,72,0,0,7,0,7,16,30,23,10,79,0,4,4,83
08/27/2012,AMA,TX,ASW,WE,Combined TRACON& Tower with Radar,18,39,23,19,99,0,2,16,6,24,18,41,39,25,123,82,24,106,229
08/28/2012,AMA,TX,ASW,WE,Combined TRACON& Tower with Radar,22,41,29,36,128,0,2,15,6,23,22,43,44,42,151,86,86,172,323
08/29/2012,AMA,TX,ASW,WE,Combined TRACON& Tower with Radar,18,43,23,13,97,0,2,26,0,28,18,45,49,13,125,40,10,50,175
08/30/2012,AMA,TX,ASW,WE,Combined TRACON& Tower with Radar,20,39,39,42,140,0,2,23,4,29,20,41,62,46,169,74,68,142,311
08/31/2012,AMA,TX,ASW,WE,Combined TRACON& Tower with Radar,20,45,19,41,125,0,2,18,1,21,20,47,37,42,146,18,6,24,170
09/01/2012,AMA,TX,ASW,WE,Combined TRACON& Tower with Radar,13,17,21,3,54,0,0,21,3,24,13,17,42,6,78,38,0,38,116
09/02/2012,AMA,TX,ASW,WE,Combined TRACON& Tower with Radar,16,21,10,4,51,0,0,19,2,21,16,21,29,6,72,14,0,14,86
09/03/2012,AMA,TX,ASW,WE,Combined TRACON& Tower with Radar,15,25,19,3,62,0,0,20,1,21,15,25,39,4,83,56,0,56,139
09/04/2012,AMA,TX,ASW,WE,Combined TRACON& Tower with Radar,18,46,32,17,113,0,3,16,4,23,18,49,48,21,136,10,22,32,168
09/05/2012,AMA,TX,ASW,WE,Combined TRACON& Tower with Radar,21,33,11,8,73,0,4,14,0,18,21,37,25,8,91,84,0,84,175
09/06/2012,AMA,TX,ASW,WE,Combined TRACON& Tower with Radar,25,37,21,15,98,0,2,23,5,30,25,39,44,20,128,94,70,164,292
09/07/2012,AMA,TX,ASW,WE,Combined TRACON& Tower with Radar,18,36,14,33,101,0,2,7,8,17,18,38,21,41,118,32,0,32,150
09/08/2012,AMA,TX,ASW,WE,Combined TRACON& Tower with Radar,15,23,12,15,65,0,0,18,2,20,15,23,30,17,85,6,4,10,95
09/09/2012,AMA,TX,ASW,WE,Combined TRACON& Tower with Radar,19,38,18,58,133,0,0,11,8,19,19,38,29,66,152,32,0,32,184
09/10/2012,AMA,TX,ASW,WE,Combined TRACON& Tower with Radar,20,36,21,13,90,0,2,22,2,26,20,38,43,15,116,36,12,48,164
09/11/2012,AMA,TX,ASW,WE,Combined TRACON& Tower with Radar,18,38,29,64,149,0,2,9,5,16,18,40,38,69,165,0,4,4,169
09/12/2012,AMA,TX,ASW,WE,Combined TRACON& Tower with Radar,22,35,17,9,83,0,4,15,7,26,22,39,32,16,109,18,12,30,139
09/13/2012,AMA,TX,ASW,WE,Combined TRACON& Tower with Radar,18,33,17,27,95,0,0,3,0,3,18,33,20,27,98,0,6,6,104
09/14/2012,AMA,TX,ASW,WE,Combined TRACON& Tower with Radar,18,39,51,145,253,0,0,23,2,25,18,39,74,147,278,0,156,156,434
09/15/2012,AMA,TX,ASW,WE,Combined TRACON& Tower with Radar,14,21,19,3,57,0,0,29,4,33,14,21,48,7,90,42,6,48,138
09/16/2012,AMA,TX,ASW,WE,Combined TRACON& Tower with Radar,17,33,27,34,111,0,0,18,7,25,17,33,45,41,136,0,2,2,138
09/17/2012,AMA,TX,ASW,WE,Combined TRACON& Tower with Radar,21,33,57,41,152,0,1,21,7,29,21,34,78,48,181,38,84,122,303
09/18/2012,AMA,TX,ASW,WE,Combined TRACON& Tower with Radar,21,37,21,90,169,0,3,35,10,48,21,40,56,100,217,130,176,306,523
09/19/2012,AMA,TX,ASW,WE,Combined TRACON& Tower with Radar,18,40,29,13,100,0,3,18,11,32,18,43,47,24,132,94,81,175,307
09/20/2012,AMA,TX,ASW,WE,Combined TRACON& Tower with Radar,19,39,38,65,161,0,4,17,3,24,19,43,55,68,185,68,94,162,347
09/21/2012,AMA,TX,ASW,WE,Combined TRACON& Tower with Radar,19,43,42,84,188,0,5,13,7,25,19,48,55,91,213,58,28,86,299
09/22/2012,AMA,TX,ASW,WE,Combined TRACON& Tower with Radar,12,21,15,22,70,0,1,31,5,37,12,22,46,27,107,56,0,56,163
09/23/2012,AMA,TX,ASW,WE,Combined TRACON& Tower with Radar,16,32,20,14,82,0,2,14,4,20,16,34,34,18,102,0,0,0,102
09/24/2012,AMA,TX,ASW,WE,Combined TRACON& Tower with Radar,18,39,35,34,126,0,4,11,6,21,18,43,46,40,147,0,40,40,187
09/25/2012,AMA,TX,ASW,WE,Combined TRACON& Tower with Radar,20,45,29,22,116,0,4,19,3,26,20,49,48,25,142,0,64,64,206
09/26/2012,AMA,TX,ASW,WE,Combined TRACON& Tower with Radar,18,35,40,38,131,0,3,16,7,26,18,38,56,45,157,20,26,46,203
09/27/2012,AMA,TX,ASW,WE,Combined TRACON& Tower with Radar,19,46,17,4,86,0,0,4,3,7,19,46,21,7,93,10,0,10,103
09/28/2012,AMA,TX,ASW,WE,Combined TRACON& Tower with Radar,23,47,26,8,104,0,1,5,1,7,23,48,31,9,111,0,0,0,111
09/29/2012,AMA,TX,ASW,WE,Combined TRACON& Tower with Radar,13,23,31,6,73,0,2,7,2,11,13,25,38,8,84,2,0,2,86
09/30/2012,AMA,TX,ASW,WE,Combined TRACON& Tower with Radar,18,31,28,0,77,0,0,20,0,20,18,31,48,0,97,52,0,52,149
10/01/2012,AMA,TX,ASW,WE,Combined TRACON& Tower with Radar,20,45,20,12,97,0,2,19,7,28,20,47,39,19,125,0,2,2,127
10/02/2012,AMA,TX,ASW,WE,Combined TRACON& Tower with Radar,18,34,18,10,80,0,2,20,4,26,18,36,38,14,106,40,60,100,206
10/03/2012,AMA,TX,ASW,WE,Combined TRACON& Tower with Radar,20,37,19,14,90,0,6,43,12,61,20,43,62,26,151,38,24,62,213
10/04/2012,AMA,TX,ASW,WE,Combined TRACON& Tower with Radar,20,46,33,27,126,0,1,14,8,23,20,47,47,35,149,0,0,0,149
10/05/2012,AMA,TX,ASW,WE,Combined TRACON& Tower with Radar,18,44,47,82,191,0,2,24,4,30,18,46,71,86,221,0,30,30,251
10/06/2012,AMA,TX,ASW,WE,Combined TRACON& Tower with Radar,12,19,19,1,51,0,0,14,0,14,12,19,33,1,65,38,0,38,103
10/07/2012,AMA,TX,ASW,WE,Combined TRACON& Tower with Radar,16,33,26,1,76,0,0,15,0,15,16,33,41,1,91,0,0,0,91
10/08/2012,AMA,TX,ASW,WE,Combined TRACON& Tower with Radar,18,35,12,2,67,0,1,17,0,18,18,36,29,2,85,30,0,30,115
10/09/2012,AMA,TX,ASW,WE,Combined TRACON& Tower with Radar,20,32,21,47,120,0,2,17,5,24,20,34,38,52,144,94,80,174,318
10/10/2012,AMA,TX,ASW,WE,Combined TRACON& Tower with Radar,18,33,47,41,139,0,1,22,2,25,18,34,69,43,164,38,2,40,204
10/11/2012,AMA,TX,ASW,WE,Combined TRACON& Tower with Radar,18,48,36,19,121,0,1,20,2,23,18,49,56,21,144,10,66,76,220
10/12/2012,AMA,TX,ASW,WE,Combined TRACON& Tower with Radar,18,37,28,4,87,0,1,7,1,9,18,38,35,5,96,0,0,0,96
10/13/2012,AMA,TX,ASW,WE,Combined TRACON& Tower with Radar,12,22,9,6,49,0,3,12,0,15,12,25,21,6,64,8,10,18,82
10/14/2012,AMA,TX,ASW,WE,Combined TRACON& Tower with Radar,16,28,5,4,53,0,4,21,2,27,16,32,26,6,80,44,0,44,124
10/15/2012,AMA,TX,ASW,WE,Combined TRACON& Tower with Radar,19,47,20,20,106,0,2,18,2,22,19,49,38,22,128,54,42,96,224
10/16/2012,AMA,TX,ASW,WE,Combined TRACON& Tower with Radar,18,31,37,36,122,0,3,24,7,34,18,34,61,43,156,198,42,240,396
10/17/2012,AMA,TX,ASW,WE,Combined TRACON& Tower with Radar,18,38,26,55,137,0,2,29,3,34,18,40,55,58,171,12,56,68,239
10/18/2012,AMA,TX,ASW,WE,Combined TRACON& Tower with Radar,19,39,34,50,142,0,2,25,5,32,19,41,59,55,174,34,54,88,262
10/19/2012,AMA,TX,ASW,WE,Combined TRACON& Tower with Radar,18,34,58,37,147,0,2,34,6,42,18,36,92,43,189,50,114,164,353
10/20/2012,AMA,TX,ASW,WE,Combined TRACON& Tower with Radar,18,27,16,29,90,0,0,34,1,35,18,27,50,30,125,27,8,35,160
10/21/2012,AMA,TX,ASW,WE,Combined TRACON& Tower with Radar,16,38,22,23,99,0,0,17,1,18,16,38,39,24,117,2,4,6,123
10/22/2012,AMA,TX,ASW,WE,Combined TRACON& Tower with Radar,19,37,40,34,130,0,1,20,5,26,19,38,60,39,156,24,34,58,214
10/23/2012,AMA,TX,ASW,WE,Combined TRACON& Tower with Radar,20,36,36,86,178,0,1,21,4,26,20,37,57,90,204,12,84,96,300
10/24/2012,AMA,TX,ASW,WE,Combined TRACON& Tower with Radar,18,35,54,59,166,0,1,17,2,20,18,36,71,61,186,12,182,194,380
10/25/2012,AMA,TX,ASW,WE,Combined TRACON& Tower with Radar,20,42,32,57,151,0,0,6,2,8,20,42,38,59,159,20,28,48,207
10/26/2012,AMA,TX,ASW,WE,Combined TRACON& Tower with Radar,18,38,44,36,136,0,0,34,0,34,18,38,78,36,170,28,54,82,252
10/27/2012,AMA,TX,ASW,WE,Combined TRACON& Tower with Radar,12,21,18,8,59,0,0,21,1,22,12,21,39,9,81,9,2,11,92
10/28/2012,AMA,TX,ASW,WE,Combined TRACON& Tower with Radar,16,35,16,32,99,0,0,20,0,20,16,35,36,32,119,0,0,0,119
10/29/2012,AMA,TX,ASW,WE,Combined TRACON& Tower with Radar,21,36,11,48,116,0,2,21,3,26,21,38,32,51,142,8,96,104,246
10/30/2012,AMA,TX,ASW,WE,Combined TRACON& Tower with Radar,18,36,17,26,97,0,0,18,6,24,18,36,35,32,121,46,0,46,167
10/31/2012,AMA,TX,ASW,WE,Combined TRACON& Tower with Radar,18,32,25,11,86,0,0,20,7,27,18,32,45,18,113,30,26,56,169
11/01/2012,AMA,TX,ASW,WE,Combined TRACON& Tower with Radar,20,43,37,89,189,0,0,22,5,27,20,43,59,94,216,50,92,142,358
11/02/2012,AMA,TX,ASW,WE,Combined TRACON& Tower with Radar,18,40,29,53,140,0,1,26,4,31,18,41,55,57,171,72,32,104,275
11/03/2012,AMA,TX,ASW,WE,Combined TRACON& Tower with Radar,12,19,18,11,60,0,0,28,5,33,12,19,46,16,93,68,12,80,173
11/04/2012,AMA,TX,ASW,WE,Combined TRACON& Tower with Radar,16,34,22,3,75,0,0,14,0,14,16,34,36,3,89,38,0,38,127
11/05/2012,AMA,TX,ASW,WE,Combined TRACON& Tower with Radar,17,42,24,28,111,0,0,16,4,20,17,42,40,32,131,2,6,8,139
11/06/2012,AMA,TX,ASW,WE,Combined TRACON& Tower with Radar,16,40,56,57,169,0,2,11,8,21,16,42,67,65,190,16,36,52,242
11/07/2012,AMA,TX,ASW,WE,Combined TRACON& Tower with Radar,18,32,25,34,109,0,3,18,0,21,18,35,43,34,130,10,16,26,156
11/08/2012,AMA,TX,ASW,WE,Combined TRACON& Tower with Radar,26,38,42,49,155,0,2,28,6,36,26,40,70,55,191,20,52,72,263
11/09/2012,AMA,TX,ASW,WE,Combined TRACON& Tower with Radar,18,38,50,38,144,0,3,12,7,22,18,41,62,45,166,14,30,44,210
11/10/2012,AMA,TX,ASW,WE,Combined TRACON& Tower with Radar,14,22,23,0,59,0,0,6,0,6,14,22,29,0,65,0,0,0,65
11/11/2012,AMA,TX,ASW,WE,Combined TRACON& Tower with Radar,17,29,28,4,78,0,1,9,6,16,17,30,37,10,94,34,0,34,128
11/12/2012,AMA,TX,ASW,WE,Combined TRACON& Tower with Radar,16,40,33,8,97,0,0,28,2,30,16,40,61,10,127,36,6,42,169
11/13/2012,AMA,TX,ASW,WE,Combined TRACON& Tower with Radar,20,33,33,30,116,0,1,21,5,27,20,34,54,35,143,76,0,76,219
11/14/2012,AMA,TX,ASW,WE,Combined TRACON& Tower with Radar,16,35,30,28,109,0,3,16,4,23,16,38,46,32,132,50,10,60,192
11/15/2012,AMA,TX,ASW,WE,Combined TRACON& Tower with Radar,16,39,57,44,156,0,1,18,3,22,16,40,75,47,178,16,64,80,258
11/16/2012,AMA,TX,ASW,WE,Combined TRACON& Tower with Radar,23,37,21,24,105,0,2,25,8,35,23,39,46,32,140,20,18,38,178
11/17/2012,AMA,TX,ASW,WE,Combined TRACON& Tower with Radar,14,21,20,17,72,0,0,10,7,17,14,21,30,24,89,10,8,18,107
11/18/2012,AMA,TX,ASW,WE,Combined TRACON& Tower with Radar,14,29,14,23,80,0,0,6,5,11,14,29,20,28,91,4,0,4,95
11/19/2012,AMA,TX,ASW,WE,Combined TRACON& Tower with Radar,16,36,37,32,121,0,2,23,8,33,16,38,60,40,154,30,36,66,220
11/20/2012,AMA,TX,ASW,WE,Combined TRACON& Tower with Radar,18,54,22,25,119,0,2,19,6,27,18,56,41,31,146,52,60,112,258
11/21/2012,AMA,TX,ASW,WE,Combined TRACON& Tower with Radar,18,32,25,7,82,0,1,21,5,27,18,33,46,12,109,28,42,70,179
11/22/2012,AMA,TX,ASW,WE,Combined TRACON& Tower with Radar,10,16,3,0,29,0,1,10,0,11,10,17,13,0,40,0,0,0,40
11/23/2012,AMA,TX,ASW,WE,Combined TRACON& Tower with Radar,15,23,18,0,56,0,2,14,0,16,15,25,32,0,72,25,0,25,97
11/24/2012,AMA,TX,ASW,WE,Combined TRACON& Tower with Radar,14,29,27,2,72,0,0,8,2,10,14,29,35,4,82,20,0,20,102
11/25/2012,AMA,TX,ASW,WE,Combined TRACON& Tower with Radar,18,31,29,0,78,0,0,18,0,18,18,31,47,0,96,54,0,54,150
11/26/2012,AMA,TX,ASW,WE,Combined TRACON& Tower with Radar,16,34,40,25,115,0,2,14,3,19,16,36,54,28,134,4,48,52,186
11/27/2012,AMA,TX,ASW,WE,Combined TRACON& Tower with Radar,16,33,48,38,135,0,2,25,3,30,16,35,73,41,165,26,4,30,195
11/28/2012,AMA,TX,ASW,WE,Combined TRACON& Tower with Radar,17,31,26,45,119,0,2,24,6,32,17,33,50,51,151,90,100,190,341
11/29/2012,AMA,TX,ASW,WE,Combined TRACON& Tower with Radar,17,33,50,33,133,0,1,24,2,27,17,34,74,35,160,76,50,126,286
11/30/2012,AMA,TX,ASW,WE,Combined TRACON& Tower with Radar,16,30,36,63,145,0,4,27,4,35,16,34,63,67,180,86,48,134,314
12/01/2012,AMA,TX,ASW,WE,Combined TRACON& Tower with Radar,12,21,11,20,64,0,0,17,3,20,12,21,28,23,84,10,30,40,124
12/02/2012,AMA,TX,ASW,WE,Combined TRACON& Tower with Radar,15,23,13,24,75,0,0,22,10,32,15,23,35,34,107,0,0,0,107
12/03/2012,AMA,TX,ASW,WE,Combined TRACON& Tower with Radar,16,31,39,58,144,0,2,10,2,14,16,33,49,60,158,8,44,52,210
12/04/2012,AMA,TX,ASW,WE,Combined TRACON& Tower with Radar,18,47,64,91,220,0,2,22,6,30,18,49,86,97,250,52,78,130,380
12/05/2012,AMA,TX,ASW,WE,Combined TRACON& Tower with Radar,16,48,73,59,196,0,2,16,3,21,16,50,89,62,217,3,116,119,336
12/06/2012,AMA,TX,ASW,WE,Combined TRACON& Tower with Radar,18,35,17,74,144,0,2,14,4,20,18,37,31,78,164,30,10,40,204
12/07/2012,AMA,TX,ASW,WE,Combined TRACON& Tower with Radar,19,40,32,47,138,0,4,13,10,27,19,44,45,57,165,16,68,84,249
12/08/2012,AMA,TX,ASW,WE,Combined TRACON& Tower with Radar,15,20,11,13,59,0,0,10,3,13,15,20,21,16,72,4,0,4,76
12/09/2012,AMA,TX,ASW,WE,Combined TRACON& Tower with Radar,16,27,19,43,105,0,0,4,2,6,16,27,23,45,111,0,0,0,111
12/10/2012,AMA,TX,ASW,WE,Combined TRACON& Tower with Radar,17,31,30,43,121,0,3,12,3,18,17,34,42,46,139,36,18,54,193
12/11/2012,AMA,TX,ASW,WE,Combined TRACON& Tower with Radar,18,30,29,9,86,0,3,20,4,27,18,33,49,13,113,54,12,66,179
12/12/2012,AMA,TX,ASW,WE,Combined TRACON& Tower with Radar,18,26,27,55,126,0,2,12,5,19,18,28,39,60,145,4,30,34,179
12/13/2012,AMA,TX,ASW,WE,Combined TRACON& Tower with Radar,17,43,48,36,144,0,3,23,4,30,17,46,71,40,174,24,30,54,228
12/14/2012,AMA,TX,ASW,WE,Combined TRACON& Tower with Radar,16,40,23,3,82,0,0,4,2,6,16,40,27,5,88,0,0,0,88
12/15/2012,AMA,TX,ASW,WE,Combined TRACON& Tower with Radar,16,23,17,17,73,0,0,21,2,23,16,23,38,19,96,4,4,8,104
12/16/2012,AMA,TX,ASW,WE,Combined TRACON& Tower with Radar,16,30,16,0,62,0,1,12,2,15,16,31,28,2,77,10,0,10,87
12/17/2012,AMA,TX,ASW,WE,Combined TRACON& Tower with Radar,16,32,42,77,167,0,3,24,4,31,16,35,66,81,198,0,26,26,224
12/18/2012,AMA,TX,ASW,WE,Combined TRACON& Tower with Radar,18,43,29,27,117,0,3,29,2,34,18,46,58,29,151,44,44,88,239
12/19/2012,AMA,TX,ASW,WE,Combined TRACON& Tower with Radar,17,33,16,2,68,0,2,3,1,6,17,35,19,3,74,8,0,8,82
12/20/2012,AMA,TX,ASW,WE,Combined TRACON& Tower with Radar,16,50,36,45,147,0,3,22,3,28,16,53,58,48,175,64,38,102,277
12/21/2012,AMA,TX,ASW,WE,Combined TRACON& Tower with Radar,16,39,33,25,113,0,7,25,3,35,16,46,58,28,148,46,32,78,226
12/22/2012,AMA,TX,ASW,WE,Combined TRACON& Tower with Radar,16,30,18,0,64,0,0,11,0,11,16,30,29,0,75,20,0,20,95
12/23/2012,AMA,TX,ASW,WE,Combined TRACON& Tower with Radar,16,26,15,0,57,0,0,12,0,12,16,26,27,0,69,48,0,48,117
12/24/2012,AMA,TX,ASW,WE,Combined TRACON& Tower with Radar,10,29,7,0,46,0,2,4,0,6,10,31,11,0,52,8,0,8,60
12/25/2012,AMA,TX,ASW,WE,Combined TRACON& Tower with Radar,12,10,2,0,24,0,0,0,0,0,12,10,2,0,24,0,0,0,24
12/26/2012,AMA,TX,ASW,WE,Combined TRACON& Tower with Radar,17,35,27,2,81,0,1,12,0,13,17,36,39,2,94,12,0,12,106
12/27/2012,AMA,TX,ASW,WE,Combined TRACON& Tower with Radar,17,30,17,0,64,0,3,15,0,18,17,33,32,0,82,12,0,12,94
12/28/2012,AMA,TX,ASW,WE,Combined TRACON& Tower with Radar,16,36,35,8,95,0,2,10,0,12,16,38,45,8,107,0,24,24,131
12/29/2012,AMA,TX,ASW,WE,Combined TRACON& Tower with Radar,12,20,13,0,45,0,3,14,0,17,12,23,27,0,62,34,0,34,96
12/30/2012,AMA,TX,ASW,WE,Combined TRACON& Tower with Radar,15,27,15,0,57,0,0,8,0,8,15,27,23,0,65,8,0,8,73
12/31/2012,AMA,TX,ASW,WE,Combined TRACON& Tower with Radar,14,30,1,0,45,0,0,0,0,0,14,30,1,0,45,0,0,0,45
01/01/2013,AMA,TX,ASW,WE,Combined TRACON& Tower with Radar,14,30,8,0,52,0,0,2,0,2,14,30,10,0,54,0,0,0,54
01/02/2013,AMA,TX,ASW,WE,Combined TRACON& Tower with Radar,18,36,22,12,88,0,8,22,2,32,18,44,44,14,120,58,38,96,216
01/03/2013,AMA,TX,ASW,WE,Combined TRACON& Tower with Radar,17,29,33,35,114,0,3,14,3,20,17,32,47,38,134,14,34,48,182
01/04/2013,AMA,TX,ASW,WE,Combined TRACON& Tower with Radar,19,34,20,19,92,0,3,3,4,10,19,37,23,23,102,24,24,48,150
01/05/2013,AMA,TX,ASW,WE,Combined TRACON& Tower with Radar,15,18,14,44,91,0,1,26,7,34,15,19,40,51,125,0,0,0,125
01/06/2013,AMA,TX,ASW,WE,Combined TRACON& Tower with Radar,18,35,26,0,79,0,0,16,0,16,18,35,42,0,95,4,0,4,99
01/07/2013,AMA,TX,ASW,WE,Combined TRACON& Tower with Radar,20,31,20,27,98,0,3,15,1,19,20,34,35,28,117,20,62,82,199
01/08/2013,AMA,TX,ASW,WE,Combined TRACON& Tower with Radar,18,50,28,43,139,0,2,12,1,15,18,52,40,44,154,66,100,166,320
01/09/2013,AMA,TX,ASW,WE,Combined TRACON& Tower with Radar,19,34,68,68,189,0,1,9,3,13,19,35,77,71,202,24,50,74,276
01/10/2013,AMA,TX,ASW,WE,Combined TRACON& Tower with Radar,18,42,19,19,98,0,1,3,0,4,18,43,22,19,102,18,0,18,120
01/11/2013,AMA,TX,ASW,WE,Combined TRACON& Tower with Radar,18,36,16,42,112,0,2,4,6,12,18,38,20,48,124,0,32,32,156
01/12/2013,AMA,TX,ASW,WE,Combined TRACON& Tower with Radar,14,21,16,9,60,0,1,6,1,8,14,22,22,10,68,4,0,4,72
01/13/2013,AMA,TX,ASW,WE,Combined TRACON& Tower with Radar,20,27,11,19,77,0,1,16,6,23,20,28,27,25,100,26,6,32,132
01/14/2013,AMA,TX,ASW,WE,Combined TRACON& Tower with Radar,21,39,22,35,117,0,1,10,4,15,21,40,32,39,132,30,52,82,214
01/15/2013,AMA,TX,ASW,WE,Combined TRACON& Tower with Radar,14,34,28,18,94,0,2,6,1,9,14,36,34,19,103,28,4,32,135
01/16/2013,AMA,TX,ASW,WE,Combined TRACON& Tower with Radar,18,39,25,16,98,0,0,14,2,16,18,39,39,18,114,20,16,36,150
01/17/2013,AMA,TX,ASW,WE,Combined TRACON& Tower with Radar,18,42,40,58,158,0,2,19,4,25,18,44,59,62,183,24,56,80,263
01/18/2013,AMA,TX,ASW,WE,Combined TRACON& Tower with Radar,17,28,28,76,149,0,4,15,4,23,17,32,43,80,172,12,14,26,198
01/19/2013,AMA,TX,ASW,WE,Combined TRACON& Tower with Radar,15,18,24,6,63,0,3,12,0,15,15,21,36,6,78,16,0,16,94
01/20/2013,AMA,TX,ASW,WE,Combined TRACON& Tower with Radar,15,23,21,2,61,0,0,26,0,26,15,23,47,2,87,28,0,28,115
01/21/2013,AMA,TX,ASW,WE,Combined TRACON& Tower with Radar,19,30,13,30,92,0,0,11,8,19,19,30,24,38,111,22,0,22,133
01/22/2013,AMA,TX,ASW,WE,Combined TRACON& Tower with Radar,18,28,33,25,104,0,2,22,2,26,18,30,55,27,130,98,74,172,302
01/23/2013,AMA,TX,ASW,WE,Combined TRACON& Tower with Radar,20,32,32,21,105,0,2,18,4,24,20,34,50,25,129,86,18,104,233
01/24/2013,AMA,TX,ASW,WE,Combined TRACON& Tower with Radar,18,31,41,17,107,0,1,12,5,18,18,32,53,22,125,0,62,62,187
01/25/2013,AMA,TX,ASW,WE,Combined TRACON& Tower with Radar,18,30,23,75,146,0,2,19,2,23,18,32,42,77,169,54,22,76,245
01/26/2013,AMA,TX,ASW,WE,Combined TRACON& Tower with Radar,13,16,26,24,79,0,0,13,1,14,13,16,39,25,93,2,2,4,97
01/27/2013,AMA,TX,ASW,WE,Combined TRACON& Tower with Radar,14,27,15,25,81,0,0,3,0,3,14,27,18,25,84,6,2,8,92
01/28/2013,AMA,TX,ASW,WE,Combined TRACON& Tower with Radar,20,23,35,53,131,0,4,5,3,12,20,27,40,56,143,46,72,118,261
01/29/2013,AMA,TX,ASW,WE,Combined TRACON& Tower with Radar,15,34,25,24,98,0,1,2,4,7,15,35,27,28,105,0,36,36,141
01/30/2013,AMA,TX,ASW,WE,Combined TRACON& Tower with Radar,18,40,19,15,92,0,7,22,9,38,18,47,41,24,130,4,44,48,178
01/31/2013,AMA,TX,ASW,WE,Combined TRACON& Tower with Radar,18,30,45,56,149,0,2,25,16,43,18,32,70,72,192,60,44,104,296
02/01/2013,AMA,TX,ASW,WE,Combined TRACON& Tower with Radar,18,36,44,29,127,0,2,17,3,22,18,38,61,32,149,0,20,20,169
02/02/2013,AMA,TX,ASW,WE,Combined TRACON& Tower with Radar,17,21,11,16,65,0,0,16,2,18,17,21,27,18,83,26,0,26,109
02/03/2013,AMA,TX,ASW,WE,Combined TRACON& Tower with Radar,17,24,13,19,73,0,0,8,3,11,17,24,21,22,84,0,4,4,88
02/04/2013,AMA,TX,ASW,WE,Combined TRACON& Tower with Radar,19,31,60,60,170,0,2,14,1,17,19,33,74,61,187,30,46,76,263
02/05/2013,AMA,TX,ASW,WE,Combined TRACON& Tower with Radar,20,33,28,58,139,0,2,29,8,39,20,35,57,66,178,60,56,116,294
02/06/2013,AMA,TX,ASW,WE,Combined TRACON& Tower with Radar,21,36,25,50,132,0,1,16,3,20,21,37,41,53,152,0,54,54,206
02/07/2013,AMA,TX,ASW,WE,Combined TRACON& Tower with Radar,18,34,38,48,138,0,2,9,9,20,18,36,47,57,158,0,48,48,206
02/08/2013,AMA,TX,ASW,WE,Combined TRACON& Tower with Radar,19,39,47,68,173,0,2,15,13,30,19,41,62,81,203,0,26,26,229
02/09/2013,AMA,TX,ASW,WE,Combined TRACON& Tower with Radar,14,21,17,55,107,0,0,8,3,11,14,21,25,58,118,0,0,0,118
02/10/2013,AMA,TX,ASW,WE,Combined TRACON& Tower with Radar,20,27,14,15,76,0,0,11,2,13,20,27,25,17,89,26,0,26,115
02/11/2013,AMA,TX,ASW,WE,Combined TRACON& Tower with Radar,18,28,32,50,128,0,4,10,6,20,18,32,42,56,148,38,42,80,228
02/12/2013,AMA,TX,ASW,WE,Combined TRACON& Tower with Radar,18,36,7,3,64,0,0,0,1,1,18,36,7,4,65,0,0,0,65
02/13/2013,AMA,TX,ASW,WE,Combined TRACON& Tower with Radar,18,32,18,48,116,0,3,10,0,13,18,35,28,48,129,60,32,92,221
02/14/2013,AMA,TX,ASW,WE,Combined TRACON& Tower with Radar,19,53,32,42,146,0,2,11,5,18,19,55,43,47,164,4,52,56,220
02/15/2013,AMA,TX,ASW,WE,Combined TRACON& Tower with Radar,18,38,29,18,103,0,3,12,0,15,18,41,41,18,118,10,10,20,138
02/16/2013,AMA,TX,ASW,WE,Combined TRACON& Tower with Radar,14,33,13,0,60,0,0,25,0,25,14,33,38,0,85,2,0,2,87
02/17/2013,AMA,TX,ASW,WE,Combined TRACON& Tower with Radar,16,26,13,3,58,0,0,18,1,19,16,26,31,4,77,2,10,12,89
02/18/2013,AMA,TX,ASW,WE,Combined TRACON& Tower with Radar,17,32,19,8,76,0,2,13,2,17,17,34,32,10,93,0,0,0,93
02/19/2013,AMA,TX,ASW,WE,Combined TRACON& Tower with Radar,22,30,18,55,125,0,1,22,5,28,22,31,40,60,153,0,18,18,171
02/20/2013,AMA,TX,ASW,WE,Combined TRACON& Tower with Radar,16,26,28,0,70,0,0,0,0,0,16,26,28,0,70,0,0,0,70
02/21/2013,AMA,TX,ASW,WE,Combined TRACON& Tower with Radar,21,34,22,5,82,0,1,6,1,8,21,35,28,6,90,0,0,0,90
02/22/2013,AMA,TX,ASW,WE,Combined TRACON& Tower with Radar,20,33,67,30,150,0,2,18,6,26,20,35,85,36,176,42,8,50,226
02/23/2013,AMA,TX,ASW,WE,Combined TRACON& Tower with Radar,17,25,28,30,100,0,0,19,4,23,17,25,47,34,123,52,70,122,245
02/24/2013,AMA,TX,ASW,WE,Combined TRACON& Tower with Radar,16,27,19,7,69,0,0,16,1,17,16,27,35,8,86,2,14,16,102
02/25/2013,AMA,TX,ASW,WE,Combined TRACON& Tower with Radar,0,0,0,0,0,0,0,0,0,0,0,0,0,0,0,0,0,0,0
02/26/2013,AMA,TX,ASW,WE,Combined TRACON& Tower with Radar,1,2,15,0,18,0,0,7,0,7,1,2,22,0,25,0,0,0,25
02/27/2013,AMA,TX,ASW,WE,Combined TRACON& Tower with Radar,18,27,27,18,90,0,2,12,3,17,18,29,39,21,107,0,0,0,107
02/28/2013,AMA,TX,ASW,WE,Combined TRACON& Tower with Radar,18,32,35,26,111,0,2,13,7,22,18,34,48,33,133,8,14,22,155
03/01/2013,AMA,TX,ASW,WE,Combined TRACON& Tower with Radar,18,35,25,62,140,0,2,10,2,14,18,37,35,64,154,14,10,24,178
03/02/2013,AMA,TX,ASW,WE,Combined TRACON& Tower with Radar,16,23,21,8,68,0,0,13,2,15,16,23,34,10,83,4,16,20,103
03/03/2013,AMA,TX,ASW,WE,Combined TRACON& Tower with Radar,17,36,28,19,100,0,0,7,3,10,17,36,35,22,110,0,12,12,122
03/04/2013,AMA,TX,ASW,WE,Combined TRACON& Tower with Radar,20,34,24,38,116,0,2,16,2,20,20,36,40,40,136,34,46,80,216
03/05/2013,AMA,TX,ASW,WE,Combined TRACON& Tower with Radar,18,34,20,11,83,0,2,29,2,33,18,36,49,13,116,0,20,20,136
03/06/2013,AMA,TX,ASW,WE,Combined TRACON& Tower with Radar,22,28,21,12,83,0,3,18,3,24,22,31,39,15,107,20,10,30,137
03/07/2013,AMA,TX,ASW,WE,Combined TRACON& Tower with Radar,18,54,44,37,153,0,3,25,6,34,18,57,69,43,187,6,52,58,245
03/08/2013,AMA,TX,ASW,WE,Combined TRACON& Tower with Radar,20,43,22,58,143,0,1,5,7,13,20,44,27,65,156,8,48,56,212
03/09/2013,AMA,TX,ASW,WE,Combined TRACON& Tower with Radar,12,21,9,2,44,0,0,3,5,8,12,21,12,7,52,22,38,60,112
03/10/2013,AMA,TX,ASW,WE,Combined TRACON& Tower with Radar,16,31,16,14,77,0,0,5,2,7,16,31,21,16,84,0,0,0,84
03/11/2013,AMA,TX,ASW,WE,Combined TRACON& Tower with Radar,22,34,69,95,220,0,4,19,4,27,22,38,88,99,247,42,62,104,351
03/12/2013,AMA,TX,ASW,WE,Combined TRACON& Tower with Radar,18,38,34,88,178,0,5,10,3,18,18,43,44,91,196,42,176,218,414
03/13/2013,AMA,TX,ASW,WE,Combined TRACON& Tower with Radar,18,39,21,47,125,0,4,16,5,25,18,43,37,52,150,22,52,74,224
03/14/2013,AMA,TX,ASW,WE,Combined TRACON& Tower with Radar,19,34,41,25,119,0,2,23,1,26,19,36,64,26,145,12,50,62,207
03/15/2013,AMA,TX,ASW,WE,Combined TRACON& Tower with Radar,19,41,49,48,157,0,2,11,0,13,19,43,60,48,170,26,142,168,338
03/16/2013,AMA,TX,ASW,WE,Combined TRACON& Tower with Radar,14,24,9,29,76,0,0,18,0,18,14,24,27,29,94,16,12,28,122
03/17/2013,AMA,TX,ASW,WE,Combined TRACON& Tower with Radar,16,34,25,9,84,0,0,6,1,7,16,34,31,10,91,2,0,2,93
03/18/2013,AMA,TX,ASW,WE,Combined TRACON& Tower with Radar,20,31,25,107,183,0,2,12,5,19,20,33,37,112,202,48,226,274,476
03/19/2013,AMA,TX,ASW,WE,Combined TRACON& Tower with Radar,19,41,49,60,169,0,4,10,6,20,19,45,59,66,189,66,146,212,401
03/20/2013,AMA,TX,ASW,WE,Combined TRACON& Tower with Radar,20,40,31,26,117,0,2,11,6,19,20,42,42,32,136,22,0,22,158
03/21/2013,AMA,TX,ASW,WE,Combined TRACON& Tower with Radar,18,50,53,92,213,0,4,29,3,36,18,54,82,95,249,34,54,88,337
03/22/2013,AMA,TX,ASW,WE,Combined TRACON& Tower with Radar,20,42,61,70,193,0,1,12,8,21,20,43,73,78,214,30,98,128,342
03/23/2013,AMA,TX,ASW,WE,Combined TRACON& Tower with Radar,14,23,22,4,63,0,0,1,1,2,14,23,23,5,65,16,28,44,109
03/24/2013,AMA,TX,ASW,WE,Combined TRACON& Tower with Radar,17,29,28,4,78,0,0,12,2,14,17,29,40,6,92,8,4,12,104
03/25/2013,AMA,TX,ASW,WE,Combined TRACON& Tower with Radar,19,28,29,54,130,0,10,23,4,37,19,38,52,58,167,48,86,134,301
03/26/2013,AMA,TX,ASW,WE,Combined TRACON& Tower with Radar,18,34,31,43,126,0,4,11,12,27,18,38,42,55,153,24,22,46,199
03/27/2013,AMA,TX,ASW,WE,Combined TRACON& Tower with Radar,18,33,17,43,111,0,2,17,10,29,18,35,34,53,140,26,126,152,292
03/28/2013,AMA,TX,ASW,WE,Combined TRACON& Tower with Radar,18,33,45,52,148,0,2,18,5,25,18,35,63,57,173,26,72,98,271
03/29/2013,AMA,TX,ASW,WE,Combined TRACON& Tower with Radar,19,37,39,46,141,0,2,18,5,25,19,39,57,51,166,26,118,144,310
03/30/2013,AMA,TX,ASW,WE,Combined TRACON& Tower with Radar,14,21,21,3,59,0,0,8,3,11,14,21,29,6,70,6,2,8,78
03/31/2013,AMA,TX,ASW,WE,Combined TRACON& Tower with Radar,16,28,14,2,60,0,0,7,0,7,16,28,21,2,67,18,0,18,85
04/01/2013,AMA,TX,ASW,WE,Combined TRACON& Tower with Radar,18,30,30,7,85,0,1,7,1,9,18,31,37,8,94,0,0,0,94
04/02/2013,AMA,TX,ASW,WE,Combined TRACON& Tower with Radar,20,37,12,0,69,0,0,0,0,0,20,37,12,0,69,0,0,0,69
04/03/2013,AMA,TX,ASW,WE,Combined TRACON& Tower with Radar,18,40,17,1,76,0,0,2,0,2,18,40,19,1,78,0,0,0,78
04/04/2013,AMA,TX,ASW,WE,Combined TRACON& Tower with Radar,20,32,52,114,218,0,2,17,5,24,20,34,69,119,242,0,82,82,324
04/05/2013,AMA,TX,ASW,WE,Combined TRACON& Tower with Radar,18,30,23,19,90,0,2,14,3,19,18,32,37,22,109,2,22,24,133
04/06/2013,AMA,TX,ASW,WE,Combined TRACON& Tower with Radar,14,21,23,3,61,0,0,22,3,25,14,21,45,6,86,14,0,14,100
04/07/2013,AMA,TX,ASW,WE,Combined TRACON& Tower with Radar,16,39,12,29,96,0,0,14,2,16,16,39,26,31,112,10,22,32,144
04/08/2013,AMA,TX,ASW,WE,Combined TRACON& Tower with Radar,18,32,64,43,157,0,2,27,3,32,18,34,91,46,189,26,114,140,329
04/09/2013,AMA,TX,ASW,WE,Combined TRACON& Tower with Radar,20,32,21,15,88,0,0,0,0,0,20,32,21,15,88,0,18,18,106
04/10/2013,AMA,TX,ASW,WE,Combined TRACON& Tower with Radar,18,29,30,2,79,0,1,21,0,22,18,30,51,2,101,0,0,0,101
04/11/2013,AMA,TX,ASW,WE,Combined TRACON& Tower with Radar,18,54,32,33,137,0,2,11,4,17,18,56,43,37,154,6,38,44,198
04/12/2013,AMA,TX,ASW,WE,Combined TRACON& Tower with Radar,20,37,26,24,107,0,2,20,7,29,20,39,46,31,136,10,40,50,186
04/13/2013,AMA,TX,ASW,WE,Combined TRACON& Tower with Radar,14,24,23,8,69,0,1,12,1,14,14,25,35,9,83,0,0,0,83
04/14/2013,AMA,TX,ASW,WE,Combined TRACON& Tower with Radar,15,31,12,13,71,0,0,12,2,14,15,31,24,15,85,2,0,2,87
04/15/2013,AMA,TX,ASW,WE,Combined TRACON& Tower with Radar,18,30,52,46,146,0,2,14,7,23,18,32,66,53,169,34,20,54,223
04/16/2013,AMA,TX,ASW,WE,Combined TRACON& Tower with Radar,21,26,37,59,143,0,1,8,6,15,21,27,45,65,158,0,90,90,248
04/17/2013,AMA,TX,ASW,WE,Combined TRACON& Tower with Radar,18,36,39,9,102,0,0,0,1,1,18,36,39,10,103,0,0,0,103
04/18/2013,AMA,TX,ASW,WE,Combined TRACON& Tower with Radar,18,31,38,12,99,0,2,8,7,17,18,33,46,19,116,4,30,34,150
04/19/2013,AMA,TX,ASW,WE,Combined TRACON& Tower with Radar,21,25,34,64,144,0,2,24,10,36,21,27,58,74,180,10,50,60,240
04/20/2013,AMA,TX,ASW,WE,Combined TRACON& Tower with Radar,16,20,13,2,51,0,0,15,1,16,16,20,28,3,67,0,0,0,67
04/21/2013,AMA,TX,ASW,WE,Combined TRACON& Tower with Radar,15,23,23,14,75,0,0,20,2,22,15,23,43,16,97,16,0,16,113
04/22/2013,AMA,TX,ASW,WE,Combined TRACON& Tower with Radar,20,29,40,10,99,0,0,19,5,24,20,29,59,15,123,30,0,30,153
04/23/2013,AMA,TX,ASW,WE,Combined TRACON& Tower with Radar,18,40,55,17,130,0,0,4,1,5,18,40,59,18,135,0,8,8,143
04/24/2013,AMA,TX,ASW,WE,Combined TRACON& Tower with Radar,22,32,39,40,133,0,1,19,6,26,22,33,58,46,159,22,22,44,203
04/25/2013,AMA,TX,ASW,WE,Combined TRACON& Tower with Radar,18,37,19,23,97,0,1,13,0,14,18,38,32,23,111,20,24,44,155
04/26/2013,AMA,TX,ASW,WE,Combined TRACON& Tower with Radar,22,36,49,42,149,0,3,18,7,28,22,39,67,49,177,14,6,20,197
04/27/2013,AMA,TX,ASW,WE,Combined TRACON& Tower with Radar,12,23,17,22,74,0,0,19,3,22,12,23,36,25,96,26,34,60,156
04/28/2013,AMA,TX,ASW,WE,Combined TRACON& Tower with Radar,16,28,18,26,88,0,2,14,1,17,16,30,32,27,105,20,0,20,125
04/29/2013,AMA,TX,ASW,WE,Combined TRACON& Tower with Radar,18,33,34,71,156,0,4,15,8,27,18,37,49,79,183,0,56,56,239
04/30/2013,AMA,TX,ASW,WE,Combined TRACON& Tower with Radar,18,40,22,60,140,0,4,24,5,33,18,44,46,65,173,0,36,36,209
05/01/2013,AMA,TX,ASW,WE,Combined TRACON& Tower with Radar,18,45,24,21,108,0,3,2,2,7,18,48,26,23,115,6,0,6,121
05/02/2013,AMA,TX,ASW,WE,Combined TRACON& Tower with Radar,18,39,14,5,76,0,0,1,0,1,18,39,15,5,77,2,0,2,79
05/03/2013,AMA,TX,ASW,WE,Combined TRACON& Tower with Radar,18,33,55,77,183,0,2,20,1,23,18,35,75,78,206,18,36,54,260
05/04/2013,AMA,TX,ASW,WE,Combined TRACON& Tower with Radar,12,20,13,29,74,0,0,23,12,35,12,20,36,41,109,32,18,50,159
05/05/2013,AMA,TX,ASW,WE,Combined TRACON& Tower with Radar,18,33,21,29,101,0,0,15,1,16,18,33,36,30,117,6,0,6,123
05/06/2013,AMA,TX,ASW,WE,Combined TRACON& Tower with Radar,18,29,23,49,119,0,1,8,0,9,18,30,31,49,128,16,14,30,158
05/07/2013,AMA,TX,ASW,WE,Combined TRACON& Tower with Radar,20,32,39,56,147,0,3,21,5,29,20,35,60,61,176,22,30,52,228
05/08/2013,AMA,TX,ASW,WE,Combined TRACON& Tower with Radar,18,34,36,46,134,0,1,23,0,24,18,35,59,46,158,24,56,80,238
05/09/2013,AMA,TX,ASW,WE,Combined TRACON& Tower with Radar,18,42,29,40,129,0,4,12,1,17,18,46,41,41,146,6,82,88,234
05/10/2013,AMA,TX,ASW,WE,Combined TRACON& Tower with Radar,18,41,20,22,101,0,0,14,1,15,18,41,34,23,116,32,30,62,178
05/11/2013,AMA,TX,ASW,WE,Combined TRACON& Tower with Radar,13,26,11,3,53,0,0,11,1,12,13,26,22,4,65,28,14,42,107
05/12/2013,AMA,TX,ASW,WE,Combined TRACON& Tower with Radar,16,27,16,15,74,0,0,15,0,15,16,27,31,15,89,0,2,2,91
05/13/2013,AMA,TX,ASW,WE,Combined TRACON& Tower with Radar,18,30,20,47,115,0,3,22,3,28,18,33,42,50,143,10,72,82,225
05/14/2013,AMA,TX,ASW,WE,Combined TRACON& Tower with Radar,20,32,49,59,160,0,2,14,2,18,20,34,63,61,178,22,130,152,330
05/15/2013,AMA,TX,ASW,WE,Combined TRACON& Tower with Radar,25,33,25,24,107,0,2,21,1,24,25,35,46,25,131,16,72,88,219
05/16/2013,AMA,TX,ASW,WE,Combined TRACON& Tower with Radar,18,56,60,37,171,0,0,15,4,19,18,56,75,41,190,20,280,300,490
05/17/2013,AMA,TX,ASW,WE,Combined TRACON& Tower with Radar,20,44,21,77,162,0,0,12,12,24,20,44,33,89,186,16,28,44,230
05/18/2013,AMA,TX,ASW,WE,Combined TRACON& Tower with Radar,17,27,11,10,65,0,0,13,4,17,17,27,24,14,82,6,0,6,88
05/19/2013,AMA,TX,ASW,WE,Combined TRACON& Tower with Radar,18,32,24,7,81,0,0,9,3,12,18,32,33,10,93,4,2,6,99
05/20/2013,AMA,TX,ASW,WE,Combined TRACON& Tower with Radar,26,53,30,19,128,0,2,9,3,14,26,55,39,22,142,0,36,36,178
05/21/2013,AMA,TX,ASW,WE,Combined TRACON& Tower with Radar,18,32,25,16,91,0,2,8,3,13,18,34,33,19,104,14,66,80,184
05/22/2013,AMA,TX,ASW,WE,Combined TRACON& Tower with Radar,19,35,37,35,126,0,2,13,6,21,19,37,50,41,147,2,16,18,165
05/23/2013,AMA,TX,ASW,WE,Combined TRACON& Tower with Radar,18,41,39,28,126,0,1,17,4,22,18,42,56,32,148,4,28,32,180
05/24/2013,AMA,TX,ASW,WE,Combined TRACON& Tower with Radar,17,32,26,10,85,0,3,10,0,13,17,35,36,10,98,6,0,6,104
05/25/2013,AMA,TX,ASW,WE,Combined TRACON& Tower with Radar,12,25,12,1,50,0,0,13,1,14,12,25,25,2,64,0,12,12,76
05/26/2013,AMA,TX,ASW,WE,Combined TRACON& Tower with Radar,14,22,8,6,50,0,1,11,4,16,14,23,19,10,66,0,12,12,78
05/27/2013,AMA,TX,ASW,WE,Combined TRACON& Tower with Radar,16,26,8,6,56,0,0,14,4,18,16,26,22,10,74,4,0,4,78
05/28/2013,AMA,TX,ASW,WE,Combined TRACON& Tower with Radar,19,41,18,15,93,0,1,8,4,13,19,42,26,19,106,22,72,94,200
05/29/2013,AMA,TX,ASW,WE,Combined TRACON& Tower with Radar,20,31,36,13,100,0,0,7,4,11,20,31,43,17,111,10,58,68,179
05/30/2013,AMA,TX,ASW,WE,Combined TRACON& Tower with Radar,18,41,40,50,149,0,2,13,4,19,18,43,53,54,168,34,84,118,286
05/31/2013,AMA,TX,ASW,WE,Combined TRACON& Tower with Radar,21,69,35,54,179,0,2,26,5,33,21,71,61,59,212,20,48,68,280
06/01/2013,AMA,TX,ASW,WE,Combined TRACON& Tower with Radar,13,22,29,20,84,0,0,13,0,13,13,22,42,20,97,44,0,44,141
06/02/2013,AMA,TX,ASW,WE,Combined TRACON& Tower with Radar,17,28,11,4,60,0,2,15,0,17,17,30,26,4,77,0,0,0,77
06/03/2013,AMA,TX,ASW,WE,Combined TRACON& Tower with Radar,18,32,32,4,86,0,2,9,1,12,18,34,41,5,98,0,0,0,98
06/04/2013,AMA,TX,ASW,WE,Combined TRACON& Tower with Radar,18,36,23,12,89,0,2,11,3,16,18,38,34,15,105,8,2,10,115
06/05/2013,AMA,TX,ASW,WE,Combined TRACON& Tower with Radar,18,30,47,38,133,0,1,10,2,13,18,31,57,40,146,0,44,44,190
06/06/2013,AMA,TX,ASW,WE,Combined TRACON& Tower with Radar,20,42,30,13,105,0,1,14,1,16,20,43,44,14,121,2,10,12,133
06/07/2013,AMA,TX,ASW,WE,Combined TRACON& Tower with Radar,19,32,11,31,93,0,1,11,4,16,19,33,22,35,109,20,66,86,195
06/08/2013,AMA,TX,ASW,WE,Combined TRACON& Tower with Radar,17,31,10,18,76,0,0,12,7,19,17,31,22,25,95,32,0,32,127
06/09/2013,AMA,TX,ASW,WE,Combined TRACON& Tower with Radar,21,33,19,15,88,0,0,16,1,17,21,33,35,16,105,16,24,40,145
06/10/2013,AMA,TX,ASW,WE,Combined TRACON& Tower with Radar,19,34,15,6,74,0,4,17,1,22,19,38,32,7,96,8,0,8,104
06/11/2013,AMA,TX,ASW,WE,Combined TRACON& Tower with Radar,18,37,35,14,104,0,2,20,2,24,18,39,55,16,128,14,114,128,256
06/12/2013,AMA,TX,ASW,WE,Combined TRACON& Tower with Radar,19,33,34,32,118,0,2,12,4,18,19,35,46,36,136,30,72,102,238
06/13/2013,AMA,TX,ASW,WE,Combined TRACON& Tower with Radar,21,35,43,22,121,0,2,31,4,37,21,37,74,26,158,14,8,22,180
06/14/2013,AMA,TX,ASW,WE,Combined TRACON& Tower with Radar,18,33,26,22,99,0,2,8,3,13,18,35,34,25,112,26,28,54,166
06/15/2013,AMA,TX,ASW,WE,Combined TRACON& Tower with Radar,16,28,25,27,96,0,0,8,6,14,16,28,33,33,110,26,28,54,164
06/16/2013,AMA,TX,ASW,WE,Combined TRACON& Tower with Radar,16,38,24,15,93,0,0,4,5,9,16,38,28,20,102,20,2,22,124
06/17/2013,AMA,TX,ASW,WE,Combined TRACON& Tower with Radar,22,28,32,29,111,0,3,13,5,21,22,31,45,34,132,36,60,96,228
06/18/2013,AMA,TX,ASW,WE,Combined TRACON& Tower with Radar,23,33,17,13,86,0,1,16,11,28,23,34,33,24,114,54,4,58,172
06/19/2013,AMA,TX,ASW,WE,Combined TRACON& Tower with Radar,21,39,21,2,83,0,1,6,3,10,21,40,27,5,93,0,8,8,101
06/20/2013,AMA,TX,ASW,WE,Combined TRACON& Tower with Radar,17,44,47,9,117,0,5,13,0,18,17,49,60,9,135,8,8,16,151
06/21/2013,AMA,TX,ASW,WE,Combined TRACON& Tower with Radar,18,40,22,11,91,0,2,14,1,17,18,42,36,12,108,18,0,18,126
06/22/2013,AMA,TX,ASW,WE,Combined TRACON& Tower with Radar,16,27,21,2,66,0,0,11,6,17,16,27,32,8,83,0,0,0,83
06/23/2013,AMA,TX,ASW,WE,Combined TRACON& Tower with Radar,18,36,39,3,96,0,0,12,4,16,18,36,51,7,112,0,0,0,112
06/24/2013,AMA,TX,ASW,WE,Combined TRACON& Tower with Radar,19,30,24,21,94,0,2,20,3,25,19,32,44,24,119,0,12,12,131
06/25/2013,AMA,TX,ASW,WE,Combined TRACON& Tower with Radar,20,33,26,13,92,0,2,11,3,16,20,35,37,16,108,104,42,146,254
06/26/2013,AMA,TX,ASW,WE,Combined TRACON& Tower with Radar,18,31,9,14,72,0,2,21,0,23,18,33,30,14,95,16,100,116,211
06/27/2013,AMA,TX,ASW,WE,Combined TRACON& Tower with Radar,18,32,30,28,108,0,4,15,4,23,18,36,45,32,131,6,114,120,251
06/28/2013,AMA,TX,ASW,WE,Combined TRACON& Tower with Radar,21,37,28,21,107,0,2,11,11,24,21,39,39,32,131,10,16,26,157
06/29/2013,AMA,TX,ASW,WE,Combined TRACON& Tower with Radar,14,30,16,14,74,0,0,18,9,27,14,30,34,23,101,10,6,16,117
06/30/2013,AMA,TX,ASW,WE,Combined TRACON& Tower with Radar,16,28,15,12,71,0,0,6,0,6,16,28,21,12,77,0,0,0,77
07/01/2013,AMA,TX,ASW,WE,Combined TRACON& Tower with Radar,20,38,22,12,92,0,3,15,3,21,20,41,37,15,113,14,24,38,151
07/02/2013,AMA,TX,ASW,WE,Combined TRACON& Tower with Radar,18,32,21,36,107,0,2,21,2,25,18,34,42,38,132,6,68,74,206
07/03/2013,AMA,TX,ASW,WE,Combined TRACON& Tower with Radar,19,34,17,20,90,0,2,9,1,12,19,36,26,21,102,16,74,90,192
07/04/2013,AMA,TX,ASW,WE,Combined TRACON& Tower with Radar,14,20,13,0,47,0,0,8,0,8,14,20,21,0,55,0,0,0,55
07/05/2013,AMA,TX,ASW,WE,Combined TRACON& Tower with Radar,16,31,16,4,67,0,2,10,4,16,16,33,26,8,83,4,14,18,101
07/06/2013,AMA,TX,ASW,WE,Combined TRACON& Tower with Radar,14,27,10,1,52,0,0,9,1,10,14,27,19,2,62,4,0,4,66
07/07/2013,AMA,TX,ASW,WE,Combined TRACON& Tower with Radar,16,37,12,2,67,0,0,12,2,14,16,37,24,4,81,10,12,22,103
07/08/2013,AMA,TX,ASW,WE,Combined TRACON& Tower with Radar,18,32,36,7,93,0,5,14,2,21,18,37,50,9,114,16,22,38,152
07/09/2013,AMA,TX,ASW,WE,Combined TRACON& Tower with Radar,18,34,34,19,105,0,6,16,5,27,18,40,50,24,132,20,20,40,172
07/10/2013,AMA,TX,ASW,WE,Combined TRACON& Tower with Radar,22,39,19,7,87,0,2,12,3,17,22,41,31,10,104,34,0,34,138
07/11/2013,AMA,TX,ASW,WE,Combined TRACON& Tower with Radar,18,33,25,3,79,0,2,10,0,12,18,35,35,3,91,12,16,28,119
07/12/2013,AMA,TX,ASW,WE,Combined TRACON& Tower with Radar,19,39,20,98,176,0,2,24,7,33,19,41,44,105,209,14,16,30,239
07/13/2013,AMA,TX,ASW,WE,Combined TRACON& Tower with Radar,16,27,10,14,67,0,0,9,4,13,16,27,19,18,80,40,2,42,122
07/14/2013,AMA,TX,ASW,WE,Combined TRACON& Tower with Radar,16,34,24,17,91,0,0,2,1,3,16,34,26,18,94,0,0,0,94
07/15/2013,AMA,TX,ASW,WE,Combined TRACON& Tower with Radar,23,36,38,28,125,0,2,1,1,4,23,38,39,29,129,0,4,4,133
07/16/2013,AMA,TX,ASW,WE,Combined TRACON& Tower with Radar,18,36,24,6,84,0,0,1,1,2,18,36,25,7,86,0,0,0,86
07/17/2013,AMA,TX,ASW,WE,Combined TRACON& Tower with Radar,17,34,20,9,80,0,0,5,1,6,17,34,25,10,86,0,0,0,86
07/18/2013,AMA,TX,ASW,WE,Combined TRACON& Tower with Radar,18,40,27,34,119,0,0,3,2,5,18,40,30,36,124,0,14,14,138
07/19/2013,AMA,TX,ASW,WE,Combined TRACON& Tower with Radar,18,41,33,31,123,0,1,12,7,20,18,42,45,38,143,12,14,26,169
07/20/2013,AMA,TX,ASW,WE,Combined TRACON& Tower with Radar,14,35,12,24,85,0,1,17,0,18,14,36,29,24,103,16,0,16,119
07/21/2013,AMA,TX,ASW,WE,Combined TRACON& Tower with Radar,16,26,16,21,79,0,1,6,3,10,16,27,22,24,89,0,0,0,89
07/22/2013,AMA,TX,ASW,WE,Combined TRACON& Tower with Radar,20,33,18,27,98,0,4,11,2,17,20,37,29,29,115,32,12,44,159
07/23/2013,AMA,TX,ASW,WE,Combined TRACON& Tower with Radar,19,33,25,29,106,0,2,15,4,21,19,35,40,33,127,0,14,14,141
07/24/2013,AMA,TX,ASW,WE,Combined TRACON& Tower with Radar,24,28,25,24,101,0,2,21,5,28,24,30,46,29,129,12,40,52,181
07/25/2013,AMA,TX,ASW,WE,Combined TRACON& Tower with Radar,20,40,26,7,93,0,0,10,5,15,20,40,36,12,108,0,6,6,114
07/26/2013,AMA,TX,ASW,WE,Combined TRACON& Tower with Radar,26,41,23,72,162,0,2,14,5,21,26,43,37,77,183,8,18,26,209
07/27/2013,AMA,TX,ASW,WE,Combined TRACON& Tower with Radar,17,28,17,22,84,0,0,22,6,28,17,28,39,28,112,40,0,40,152
07/28/2013,AMA,TX,ASW,WE,Combined TRACON& Tower with Radar,16,34,11,18,79,0,0,11,5,16,16,34,22,23,95,0,0,0,95
07/29/2013,AMA,TX,ASW,WE,Combined TRACON& Tower with Radar,18,40,28,9,95,0,2,17,2,21,18,42,45,11,116,14,0,14,130
07/30/2013,AMA,TX,ASW,WE,Combined TRACON& Tower with Radar,18,27,29,21,95,0,2,14,1,17,18,29,43,22,112,2,50,52,164
07/31/2013,AMA,TX,ASW,WE,Combined TRACON& Tower with Radar,18,31,41,26,116,0,3,19,3,25,18,34,60,29,141,14,124,138,279
08/01/2013,AMA,TX,ASW,WE,Combined TRACON& Tower with Radar,22,36,29,12,99,0,0,8,2,10,22,36,37,14,109,0,0,0,109
08/02/2013,AMA,TX,ASW,WE,Combined TRACON& Tower with Radar,18,29,25,29,101,0,2,13,5,20,18,31,38,34,121,16,46,62,183
08/03/2013,AMA,TX,ASW,WE,Combined TRACON& Tower with Radar,14,29,19,44,106,0,0,24,5,29,14,29,43,49,135,22,12,34,169
08/04/2013,AMA,TX,ASW,WE,Combined TRACON& Tower with Radar,18,25,21,3,67,0,0,11,1,12,18,25,32,4,79,0,12,12,91
08/05/2013,AMA,TX,ASW,WE,Combined TRACON& Tower with Radar,18,32,21,19,90,0,2,5,1,8,18,34,26,20,98,10,8,18,116
08/06/2013,AMA,TX,ASW,WE,Combined TRACON& Tower with Radar,18,36,34,3,91,0,2,26,2,30,18,38,60,5,121,26,18,44,165
08/07/2013,AMA,TX,ASW,WE,Combined TRACON& Tower with Radar,18,30,28,8,84,0,3,20,4,27,18,33,48,12,111,32,14,46,157
08/08/2013,AMA,TX,ASW,WE,Combined TRACON& Tower with Radar,18,35,39,14,106,0,0,2,5,7,18,35,41,19,113,29,12,41,154
08/09/2013,AMA,TX,ASW,WE,Combined TRACON& Tower with Radar,22,34,18,30,104,0,1,8,2,11,22,35,26,32,115,14,0,14,129
08/10/2013,AMA,TX,ASW,WE,Combined TRACON& Tower with Radar,14,22,17,16,69,0,1,21,3,25,14,23,38,19,94,24,8,32,126
08/11/2013,AMA,TX,ASW,WE,Combined TRACON& Tower with Radar,19,30,13,9,71,0,1,6,2,9,19,31,19,11,80,8,10,18,98
08/12/2013,AMA,TX,ASW,WE,Combined TRACON& Tower with Radar,16,36,25,14,91,0,1,13,3,17,16,37,38,17,108,16,6,22,130
08/13/2013,AMA,TX,ASW,WE,Combined TRACON& Tower with Radar,23,40,44,24,131,0,3,9,7,19,23,43,53,31,150,16,4,20,170
08/14/2013,AMA,TX,ASW,WE,Combined TRACON& Tower with Radar,16,35,26,12,89,0,2,13,8,23,16,37,39,20,112,18,20,38,150
08/15/2013,AMA,TX,ASW,WE,Combined TRACON& Tower with Radar,16,35,32,22,105,0,2,16,4,22,16,37,48,26,127,6,20,26,153
08/16/2013,AMA,TX,ASW,WE,Combined TRACON& Tower with Radar,16,32,31,14,93,0,2,13,8,23,16,34,44,22,116,84,68,152,268
08/17/2013,AMA,TX,ASW,WE,Combined TRACON& Tower with Radar,12,25,14,0,51,0,0,11,2,13,12,25,25,2,64,40,0,40,104
08/18/2013,AMA,TX,ASW,WE,Combined TRACON& Tower with Radar,16,39,18,3,76,0,1,15,0,16,16,40,33,3,92,12,0,12,104
08/19/2013,AMA,TX,ASW,WE,Combined TRACON& Tower with Radar,16,35,30,7,88,0,2,21,1,24,16,37,51,8,112,4,12,16,128
08/20/2013,AMA,TX,ASW,WE,Combined TRACON& Tower with Radar,17,34,23,12,86,0,3,17,1,21,17,37,40,13,107,36,0,36,143
08/21/2013,AMA,TX,ASW,WE,Combined TRACON& Tower with Radar,17,28,24,10,79,0,2,29,2,33,17,30,53,12,112,10,6,16,128
08/22/2013,AMA,TX,ASW,WE,Combined TRACON& Tower with Radar,20,32,19,11,82,0,3,31,2,36,20,35,50,13,118,32,36,68,186
08/23/2013,AMA,TX,ASW,WE,Combined TRACON& Tower with Radar,18,37,33,35,123,0,2,22,2,26,18,39,55,37,149,48,12,60,209
08/24/2013,AMA,TX,ASW,WE,Combined TRACON& Tower with Radar,12,21,34,13,80,0,0,24,1,25,12,21,58,14,105,40,20,60,165
08/25/2013,AMA,TX,ASW,WE,Combined TRACON& Tower with Radar,18,27,25,4,74,0,0,10,0,10,18,27,35,4,84,10,0,10,94
08/26/2013,AMA,TX,ASW,WE,Combined TRACON& Tower with Radar,18,44,28,40,130,0,2,17,2,21,18,46,45,42,151,62,16,78,229
08/27/2013,AMA,TX,ASW,WE,Combined TRACON& Tower with Radar,17,33,11,22,83,0,3,20,8,31,17,36,31,30,114,38,2,40,154
08/28/2013,AMA,TX,ASW,WE,Combined TRACON& Tower with Radar,17,38,31,37,123,0,2,24,6,32,17,40,55,43,155,24,30,54,209
08/29/2013,AMA,TX,ASW,WE,Combined TRACON& Tower with Radar,18,43,31,30,122,0,3,18,4,25,18,46,49,34,147,10,10,20,167
08/30/2013,AMA,TX,ASW,WE,Combined TRACON& Tower with Radar,16,32,23,45,116,0,2,24,2,28,16,34,47,47,144,36,10,46,190
08/31/2013,AMA,TX,ASW,WE,Combined TRACON& Tower with Radar,10,14,9,0,33,0,0,15,0,15,10,14,24,0,48,10,0,10,58
09/01/2013,AMA,TX,ASW,WE,Combined TRACON& Tower with Radar,12,23,4,0,39,0,1,11,0,12,12,24,15,0,51,10,0,10,61
09/02/2013,AMA,TX,ASW,WE,Combined TRACON& Tower with Radar,15,26,16,22,79,0,0,6,1,7,15,26,22,23,86,0,0,0,86
09/03/2013,AMA,TX,ASW,WE,Combined TRACON& Tower with Radar,18,30,24,17,89,0,2,18,2,22,18,32,42,19,111,16,10,26,137
09/04/2013,AMA,TX,ASW,WE,Combined TRACON& Tower with Radar,26,30,23,28,107,0,2,22,5,29,26,32,45,33,136,8,24,32,168
09/05/2013,AMA,TX,ASW,WE,Combined TRACON& Tower with Radar,16,31,17,12,76,0,2,26,8,36,16,33,43,20,112,20,12,32,144
09/06/2013,AMA,TX,ASW,WE,Combined TRACON& Tower with Radar,17,33,31,39,120,0,2,18,1,21,17,35,49,40,141,34,12,46,187
09/07/2013,AMA,TX,ASW,WE,Combined TRACON& Tower with Radar,16,25,20,10,71,0,0,17,3,20,16,25,37,13,91,0,0,0,91
09/08/2013,AMA,TX,ASW,WE,Combined TRACON& Tower with Radar,19,29,22,37,107,0,0,5,7,12,19,29,27,44,119,20,18,38,157
09/09/2013,AMA,TX,ASW,WE,Combined TRACON& Tower with Radar,18,31,27,22,98,0,2,34,2,38,18,33,61,24,136,0,34,34,170
09/10/2013,AMA,TX,ASW,WE,Combined TRACON& Tower with Radar,18,33,35,20,106,0,3,8,6,17,18,36,43,26,123,2,6,8,131
09/11/2013,AMA,TX,ASW,WE,Combined TRACON& Tower with Radar,17,34,15,33,99,0,0,5,0,5,17,34,20,33,104,0,14,14,118
09/12/2013,AMA,TX,ASW,WE,Combined TRACON& Tower with Radar,18,41,40,34,133,0,2,17,1,20,18,43,57,35,153,16,32,48,201
09/13/2013,AMA,TX,ASW,WE,Combined TRACON& Tower with Radar,16,37,23,15,91,0,3,14,8,25,16,40,37,23,116,14,8,22,138
09/14/2013,AMA,TX,ASW,WE,Combined TRACON& Tower with Radar,18,20,28,10,76,0,0,11,3,14,18,20,39,13,90,30,0,30,120
09/15/2013,AMA,TX,ASW,WE,Combined TRACON& Tower with Radar,16,38,15,10,79,0,0,15,0,15,16,38,30,10,94,20,0,20,114
09/16/2013,AMA,TX,ASW,WE,Combined TRACON& Tower with Radar,12,24,36,22,94,0,1,9,8,18,12,25,45,30,112,16,18,34,146
09/17/2013,AMA,TX,ASW,WE,Combined TRACON& Tower with Radar,9,32,21,14,76,0,0,7,0,7,9,32,28,14,83,0,34,34,117
09/18/2013,AMA,TX,ASW,WE,Combined TRACON& Tower with Radar,17,37,33,58,145,0,3,10,0,13,17,40,43,58,158,6,32,38,196
09/19/2013,AMA,TX,ASW,WE,Combined TRACON& Tower with Radar,16,33,39,36,124,0,5,12,4,21,16,38,51,40,145,14,68,82,227
09/20/2013,AMA,TX,ASW,WE,Combined TRACON& Tower with Radar,19,34,34,66,153,0,4,12,2,18,19,38,46,68,171,26,64,90,261
09/21/2013,AMA,TX,ASW,WE,Combined TRACON& Tower with Radar,15,21,16,21,73,0,2,13,12,27,15,23,29,33,100,28,12,40,140
09/22/2013,AMA,TX,ASW,WE,Combined TRACON& Tower with Radar,23,30,17,5,75,0,0,7,1,8,23,30,24,6,83,0,0,0,83
09/23/2013,AMA,TX,ASW,WE,Combined TRACON& Tower with Radar,17,31,39,24,111,0,2,16,6,24,17,33,55,30,135,12,26,38,173
09/24/2013,AMA,TX,ASW,WE,Combined TRACON& Tower with Radar,14,23,55,45,137,0,2,24,4,30,14,25,79,49,167,24,92,116,283
09/25/2013,AMA,TX,ASW,WE,Combined TRACON& Tower with Radar,18,34,41,39,132,0,6,24,1,31,18,40,65,40,163,0,20,20,183
09/26/2013,AMA,TX,ASW,WE,Combined TRACON& Tower with Radar,16,33,26,46,121,0,2,22,2,26,16,35,48,48,147,0,84,84,231
09/27/2013,AMA,TX,ASW,WE,Combined TRACON& Tower with Radar,19,40,22,25,106,0,0,14,4,18,19,40,36,29,124,0,24,24,148
09/28/2013,AMA,TX,ASW,WE,Combined TRACON& Tower with Radar,16,25,15,26,82,0,3,14,3,20,16,28,29,29,102,10,0,10,112
09/29/2013,AMA,TX,ASW,WE,Combined TRACON& Tower with Radar,19,24,23,8,74,0,1,19,1,21,19,25,42,9,95,18,14,32,127
09/30/2013,AMA,TX,ASW,WE,Combined TRACON& Tower with Radar,15,36,21,10,82,0,2,14,2,18,15,38,35,12,100,34,52,86,186
10/01/2013,AMA,TX,ASW,WE,Combined TRACON& Tower with Radar,19,33,26,31,109,0,2,21,3,26,19,35,47,34,135,10,46,56,191
10/02/2013,AMA,TX,ASW,WE,Combined TRACON& Tower with Radar,16,29,32,16,93,0,2,8,2,12,16,31,40,18,105,2,36,38,143
10/03/2013,AMA,TX,ASW,WE,Combined TRACON& Tower with Radar,16,31,40,30,117,0,2,16,5,23,16,33,56,35,140,26,22,48,188
10/04/2013,AMA,TX,ASW,WE,Combined TRACON& Tower with Radar,16,33,22,7,78,0,2,16,0,18,16,35,38,7,96,10,40,50,146
10/05/2013,AMA,TX,ASW,WE,Combined TRACON& Tower with Radar,12,31,12,2,57,0,0,17,0,17,12,31,29,2,74,24,0,24,98
10/06/2013,AMA,TX,ASW,WE,Combined TRACON& Tower with Radar,16,31,27,5,79,0,0,15,0,15,16,31,42,5,94,0,0,0,94
10/07/2013,AMA,TX,ASW,WE,Combined TRACON& Tower with Radar,16,27,23,52,118,0,0,16,2,18,16,27,39,54,136,28,30,58,194
10/08/2013,AMA,TX,ASW,WE,Combined TRACON& Tower with Radar,18,35,35,46,134,0,0,11,0,11,18,35,46,46,145,26,44,70,215
10/09/2013,AMA,TX,ASW,WE,Combined TRACON& Tower with Radar,16,34,24,37,111,0,0,14,4,18,16,34,38,41,129,8,22,30,159
10/10/2013,AMA,TX,ASW,WE,Combined TRACON& Tower with Radar,18,37,30,7,92,0,0,5,1,6,18,37,35,8,98,0,16,16,114
10/11/2013,AMA,TX,ASW,WE,Combined TRACON& Tower with Radar,19,36,18,11,84,0,0,16,4,20,19,36,34,15,104,16,4,20,124
10/12/2013,AMA,TX,ASW,WE,Combined TRACON& Tower with Radar,13,24,17,4,58,0,0,15,5,20,13,24,32,9,78,2,20,22,100
10/13/2013,AMA,TX,ASW,WE,Combined TRACON& Tower with Radar,21,30,14,0,65,0,0,2,0,2,21,30,16,0,67,0,0,0,67
10/14/2013,AMA,TX,ASW,WE,Combined TRACON& Tower with Radar,21,34,16,3,74,0,0,5,6,11,21,34,21,9,85,0,0,0,85
10/15/2013,AMA,TX,ASW,WE,Combined TRACON& Tower with Radar,18,44,41,59,162,0,1,13,3,17,18,45,54,62,179,0,12,12,191
10/16/2013,AMA,TX,ASW,WE,Combined TRACON& Tower with Radar,16,30,24,41,111,0,0,7,2,9,16,30,31,43,120,26,14,40,160
10/17/2013,AMA,TX,ASW,WE,Combined TRACON& Tower with Radar,18,54,19,13,104,0,0,22,4,26,18,54,41,17,130,62,14,76,206
10/18/2013,AMA,TX,ASW,WE,Combined TRACON& Tower with Radar,19,32,29,55,135,0,0,3,2,5,19,32,32,57,140,0,0,0,140
10/19/2013,AMA,TX,ASW,WE,Combined TRACON& Tower with Radar,13,23,9,34,79,0,0,16,12,28,13,23,25,46,107,16,42,58,165
10/20/2013,AMA,TX,ASW,WE,Combined TRACON& Tower with Radar,20,27,22,50,119,0,0,25,5,30,20,27,47,55,149,26,0,26,175
10/21/2013,AMA,TX,ASW,WE,Combined TRACON& Tower with Radar,16,33,32,34,115,0,0,13,10,23,16,33,45,44,138,4,24,28,166
10/22/2013,AMA,TX,ASW,WE,Combined TRACON& Tower with Radar,17,43,45,76,181,0,0,12,5,17,17,43,57,81,198,36,62,98,296
10/23/2013,AMA,TX,ASW,WE,Combined TRACON& Tower with Radar,16,48,40,29,133,0,0,18,7,25,16,48,58,36,158,22,126,148,306
10/24/2013,AMA,TX,ASW,WE,Combined TRACON& Tower with Radar,17,49,30,30,126,0,0,24,11,35,17,49,54,41,161,4,46,50,211
10/25/2013,AMA,TX,ASW,WE,Combined TRACON& Tower with Radar,18,38,45,66,167,0,1,17,8,26,18,39,62,74,193,12,6,18,211
10/26/2013,AMA,TX,ASW,WE,Combined TRACON& Tower with Radar,16,22,9,21,68,0,2,11,3,16,16,24,20,24,84,10,0,10,94
10/27/2013,AMA,TX,ASW,WE,Combined TRACON& Tower with Radar,16,32,9,67,124,0,3,15,6,24,16,35,24,73,148,0,16,16,164
10/28/2013,AMA,TX,ASW,WE,Combined TRACON& Tower with Radar,17,38,65,83,203,0,0,9,1,10,17,38,74,84,213,6,268,274,487
10/29/2013,AMA,TX,ASW,WE,Combined TRACON& Tower with Radar,17,43,64,24,148,0,2,14,6,22,17,45,78,30,170,8,44,52,222
10/30/2013,AMA,TX,ASW,WE,Combined TRACON& Tower with Radar,19,48,113,55,235,0,0,11,1,12,19,48,124,56,247,6,78,84,331
10/31/2013,AMA,TX,ASW,WE,Combined TRACON& Tower with Radar,14,35,37,49,135,0,0,15,6,21,14,35,52,55,156,28,30,58,214
11/01/2013,AMA,TX,ASW,WE,Combined TRACON& Tower with Radar,16,33,40,44,133,0,0,10,4,14,16,33,50,48,147,14,0,14,161
11/02/2013,AMA,TX,ASW,WE,Combined TRACON& Tower with Radar,11,21,18,27,77,0,0,25,0,25,11,21,43,27,102,28,22,50,152
11/03/2013,AMA,TX,ASW,WE,Combined TRACON& Tower with Radar,14,34,25,25,98,0,0,4,0,4,14,34,29,25,102,0,16,16,118
11/04/2013,AMA,TX,ASW,WE,Combined TRACON& Tower with Radar,17,45,22,55,139,0,2,11,7,20,17,47,33,62,159,24,68,92,251
11/05/2013,AMA,TX,ASW,WE,Combined TRACON& Tower with Radar,17,39,47,46,149,0,0,6,0,6,17,39,53,46,155,0,38,38,193
11/06/2013,AMA,TX,ASW,WE,Combined TRACON& Tower with Radar,16,33,49,50,148,0,0,12,2,14,16,33,61,52,162,16,26,42,204
11/07/2013,AMA,TX,ASW,WE,Combined TRACON& Tower with Radar,16,40,44,34,134,0,0,13,6,19,16,40,57,40,153,10,30,40,193
11/08/2013,AMA,TX,ASW,WE,Combined TRACON& Tower with Radar,20,34,23,82,159,0,1,13,5,19,20,35,36,87,178,2,34,36,214
11/09/2013,AMA,TX,ASW,WE,Combined TRACON& Tower with Radar,14,26,22,12,74,0,0,10,2,12,14,26,32,14,86,8,2,10,96
11/10/2013,AMA,TX,ASW,WE,Combined TRACON& Tower with Radar,12,28,18,3,61,0,0,4,0,4,12,28,22,3,65,0,0,0,65
11/11/2013,AMA,TX,ASW,WE,Combined TRACON& Tower with Radar,17,31,16,4,68,0,0,16,0,16,17,31,32,4,84,16,2,18,102
11/12/2013,AMA,TX,ASW,WE,Combined TRACON& Tower with Radar,16,35,14,50,115,0,3,11,3,17,16,38,25,53,132,40,40,80,212
11/13/2013,AMA,TX,ASW,WE,Combined TRACON& Tower with Radar,16,39,25,60,140,0,0,14,5,19,16,39,39,65,159,0,62,62,221
11/14/2013,AMA,TX,ASW,WE,Combined TRACON& Tower with Radar,19,38,21,33,111,0,0,22,5,27,19,38,43,38,138,10,58,68,206
11/15/2013,AMA,TX,ASW,WE,Combined TRACON& Tower with Radar,16,37,30,74,157,0,0,15,3,18,16,37,45,77,175,0,52,52,227
11/16/2013,AMA,TX,ASW,WE,Combined TRACON& Tower with Radar,14,24,15,2,55,0,3,17,1,21,14,27,32,3,76,0,8,8,84
11/17/2013,AMA,TX,ASW,WE,Combined TRACON& Tower with Radar,19,29,15,8,71,0,0,8,2,10,19,29,23,10,81,0,0,0,81
11/18/2013,AMA,TX,ASW,WE,Combined TRACON& Tower with Radar,16,58,28,85,187,0,0,12,2,14,16,58,40,87,201,26,46,72,273
11/19/2013,AMA,TX,ASW,WE,Combined TRACON& Tower with Radar,17,36,29,51,133,0,2,16,10,28,17,38,45,61,161,10,24,34,195
11/20/2013,AMA,TX,ASW,WE,Combined TRACON& Tower with Radar,18,39,51,81,189,0,1,13,9,23,18,40,64,90,212,42,42,84,296
11/21/2013,AMA,TX,ASW,WE,Combined TRACON& Tower with Radar,16,36,25,24,101,0,1,4,2,7,16,37,29,26,108,0,28,28,136
11/22/2013,AMA,TX,ASW,WE,Combined TRACON& Tower with Radar,18,33,9,6,66,0,0,0,3,3,18,33,9,9,69,0,0,0,69
11/23/2013,AMA,TX,ASW,WE,Combined TRACON& Tower with Radar,17,17,7,4,45,0,0,1,2,3,17,17,8,6,48,0,0,0,48
11/24/2013,AMA,TX,ASW,WE,Combined TRACON& Tower with Radar,14,25,11,1,51,0,0,1,0,1,14,25,12,1,52,0,0,0,52
11/25/2013,AMA,TX,ASW,WE,Combined TRACON& Tower with Radar,16,30,11,7,64,0,0,1,2,3,16,30,12,9,67,0,0,0,67
11/26/2013,AMA,TX,ASW,WE,Combined TRACON& Tower with Radar,16,37,39,75,167,0,0,12,7,19,16,37,51,82,186,32,50,82,268
11/27/2013,AMA,TX,ASW,WE,Combined TRACON& Tower with Radar,16,38,22,13,89,0,0,24,7,31,16,38,46,20,120,14,18,32,152
11/28/2013,AMA,TX,ASW,WE,Combined TRACON& Tower with Radar,10,16,0,0,26,0,0,9,0,9,10,16,9,0,35,0,0,0,35
11/29/2013,AMA,TX,ASW,WE,Combined TRACON& Tower with Radar,18,25,13,3,59,0,1,12,3,16,18,26,25,6,75,8,4,12,87
11/30/2013,AMA,TX,ASW,WE,Combined TRACON& Tower with Radar,15,30,26,0,71,0,0,22,0,22,15,30,48,0,93,24,0,24,117
12/01/2013,AMA,TX,ASW,WE,Combined TRACON& Tower with Radar,20,35,26,0,81,0,2,22,0,24,20,37,48,0,105,8,0,8,113
12/02/2013,AMA,TX,ASW,WE,Combined TRACON& Tower with Radar,17,36,34,29,116,0,3,7,2,12,17,39,41,31,128,8,22,30,158
12/03/2013,AMA,TX,ASW,WE,Combined TRACON& Tower with Radar,18,33,46,24,121,0,0,12,2,14,18,33,58,26,135,30,64,94,229
12/04/2013,AMA,TX,ASW,WE,Combined TRACON& Tower with Radar,16,34,46,18,114,0,1,13,4,18,16,35,59,22,132,32,12,44,176
12/05/2013,AMA,TX,ASW,WE,Combined TRACON& Tower with Radar,16,37,27,25,105,0,0,3,3,6,16,37,30,28,111,0,28,28,139
12/06/2013,AMA,TX,ASW,WE,Combined TRACON& Tower with Radar,14,22,18,29,83,0,1,6,5,12,14,23,24,34,95,20,60,80,175
12/07/2013,AMA,TX,ASW,WE,Combined TRACON& Tower with Radar,14,12,14,2,42,0,0,4,9,13,14,12,18,11,55,8,2,10,65
12/08/2013,AMA,TX,ASW,WE,Combined TRACON& Tower with Radar,15,22,22,7,66,0,1,7,5,13,15,23,29,12,79,0,10,10,89
12/09/2013,AMA,TX,ASW,WE,Combined TRACON& Tower with Radar,18,27,37,17,99,0,1,13,3,17,18,28,50,20,116,20,0,20,136
12/10/2013,AMA,TX,ASW,WE,Combined TRACON& Tower with Radar,16,37,21,59,133,0,2,22,8,32,16,39,43,67,165,16,68,84,249
12/11/2013,AMA,TX,ASW,WE,Combined TRACON& Tower with Radar,18,39,25,30,112,0,0,15,5,20,18,39,40,35,132,18,66,84,216
12/12/2013,AMA,TX,ASW,WE,Combined TRACON& Tower with Radar,17,41,30,37,125,0,1,14,3,18,17,42,44,40,143,10,4,14,157
12/13/2013,AMA,TX,ASW,WE,Combined TRACON& Tower with Radar,17,38,55,88,198,0,0,34,9,43,17,38,89,97,241,20,42,62,303
12/14/2013,AMA,TX,ASW,WE,Combined TRACON& Tower with Radar,13,23,15,13,64,0,0,20,0,20,13,23,35,13,84,20,0,20,104
12/15/2013,AMA,TX,ASW,WE,Combined TRACON& Tower with Radar,15,27,18,4,64,0,0,14,0,14,15,27,32,4,78,22,0,22,100
12/16/2013,AMA,TX,ASW,WE,Combined TRACON& Tower with Radar,17,46,17,39,119,0,2,16,0,18,17,48,33,39,137,8,32,40,177
12/17/2013,AMA,TX,ASW,WE,Combined TRACON& Tower with Radar,18,35,25,50,128,0,0,31,7,38,18,35,56,57,166,52,54,106,272
12/18/2013,AMA,TX,ASW,WE,Combined TRACON& Tower with Radar,15,41,38,29,123,0,0,11,7,18,15,41,49,36,141,0,38,38,179
12/19/2013,AMA,TX,ASW,WE,Combined TRACON& Tower with Radar,18,34,35,72,159,0,1,21,2,24,18,35,56,74,183,24,20,44,227
12/20/2013,AMA,TX,ASW,WE,Combined TRACON& Tower with Radar,16,34,17,0,67,0,2,14,0,16,16,36,31,0,83,12,0,12,95
12/21/2013,AMA,TX,ASW,WE,Combined TRACON& Tower with Radar,12,12,3,0,27,0,0,0,0,0,12,12,3,0,27,0,0,0,27
12/22/2013,AMA,TX,ASW,WE,Combined TRACON& Tower with Radar,15,24,20,0,59,0,0,8,0,8,15,24,28,0,67,0,0,0,67
12/23/2013,AMA,TX,ASW,WE,Combined TRACON& Tower with Radar,16,32,22,4,74,0,1,12,0,13,16,33,34,4,87,4,0,4,91
12/24/2013,AMA,TX,ASW,WE,Combined TRACON& Tower with Radar,11,27,5,0,43,0,2,9,0,11,11,29,14,0,54,30,0,30,84
12/25/2013,AMA,TX,ASW,WE,Combined TRACON& Tower with Radar,12,22,5,0,39,0,0,0,0,0,12,22,5,0,39,0,0,0,39
12/26/2013,AMA,TX,ASW,WE,Combined TRACON& Tower with Radar,18,32,18,2,70,0,0,15,0,15,18,32,33,2,85,0,0,0,85
12/27/2013,AMA,TX,ASW,WE,Combined TRACON& Tower with Radar,17,35,18,2,72,0,0,32,0,32,17,35,50,2,104,38,0,38,142
12/28/2013,AMA,TX,ASW,WE,Combined TRACON& Tower with Radar,14,27,18,0,59,0,0,26,0,26,14,27,44,0,85,0,0,0,85
12/29/2013,AMA,TX,ASW,WE,Combined TRACON& Tower with Radar,14,30,17,0,61,0,0,5,0,5,14,30,22,0,66,0,0,0,66
12/30/2013,AMA,TX,ASW,WE,Combined TRACON& Tower with Radar,16,34,14,2,66,0,0,11,0,11,16,34,25,2,77,0,0,0,77
12/31/2013,AMA,TX,ASW,WE,Combined TRACON& Tower with Radar,13,30,12,0,55,0,0,5,0,5,13,30,17,0,60,36,0,36,96
01/01/2014,AMA,TX,ASW,WE,Combined TRACON& Tower with Radar,14,27,10,0,51,0,0,8,0,8,14,27,18,0,59,0,0,0,59
01/02/2014,AMA,TX,ASW,WE,Combined TRACON& Tower with Radar,16,38,25,0,79,0,1,10,0,11,16,39,35,0,90,30,0,30,120
01/03/2014,AMA,TX,ASW,WE,Combined TRACON& Tower with Radar,15,35,8,36,94,0,2,7,1,10,15,37,15,37,104,24,18,42,146
01/04/2014,AMA,TX,ASW,WE,Combined TRACON& Tower with Radar,12,22,21,3,58,0,0,10,0,10,12,22,31,3,68,0,0,0,68
01/05/2014,AMA,TX,ASW,WE,Combined TRACON& Tower with Radar,14,29,18,2,63,0,1,10,0,11,14,30,28,2,74,0,18,18,92
01/06/2014,AMA,TX,ASW,WE,Combined TRACON& Tower with Radar,15,18,23,2,58,0,0,10,3,13,15,18,33,5,71,0,0,0,71
01/07/2014,AMA,TX,ASW,WE,Combined TRACON& Tower with Radar,15,32,47,52,146,0,0,11,4,15,15,32,58,56,161,42,42,84,245
01/08/2014,AMA,TX,ASW,WE,Combined TRACON& Tower with Radar,20,29,31,60,140,0,0,8,7,15,20,29,39,67,155,16,58,74,229
01/09/2014,AMA,TX,ASW,WE,Combined TRACON& Tower with Radar,21,66,62,72,221,0,0,12,4,16,21,66,74,76,237,10,172,182,419
01/10/2014,AMA,TX,ASW,WE,Combined TRACON& Tower with Radar,20,70,58,84,232,0,1,19,7,27,20,71,77,91,259,22,80,102,361
01/11/2014,AMA,TX,ASW,WE,Combined TRACON& Tower with Radar,15,21,25,18,79,0,0,32,1,33,15,21,57,19,112,46,6,52,164
01/12/2014,AMA,TX,ASW,WE,Combined TRACON& Tower with Radar,19,33,9,2,63,0,0,7,0,7,19,33,16,2,70,0,0,0,70
01/13/2014,AMA,TX,ASW,WE,Combined TRACON& Tower with Radar,19,35,25,22,101,0,0,29,0,29,19,35,54,22,130,16,26,42,172
01/14/2014,AMA,TX,ASW,WE,Combined TRACON& Tower with Radar,18,30,29,19,96,0,0,25,2,27,18,30,54,21,123,26,24,50,173
01/15/2014,AMA,TX,ASW,WE,Combined TRACON& Tower with Radar,20,32,33,56,141,0,0,17,1,18,20,32,50,57,159,64,52,116,275
01/16/2014,AMA,TX,ASW,WE,Combined TRACON& Tower with Radar,20,34,24,15,93,0,1,18,2,21,20,35,42,17,114,0,34,34,148
01/17/2014,AMA,TX,ASW,WE,Combined TRACON& Tower with Radar,18,40,37,58,153,0,1,32,5,38,18,41,69,63,191,16,16,32,223
01/18/2014,AMA,TX,ASW,WE,Combined TRACON& Tower with Radar,14,22,21,51,108,0,1,25,8,34,14,23,46,59,142,16,0,16,158
01/19/2014,AMA,TX,ASW,WE,Combined TRACON& Tower with Radar,16,29,8,10,63,0,0,11,0,11,16,29,19,10,74,30,0,30,104
01/20/2014,AMA,TX,ASW,WE,Combined TRACON& Tower with Radar,19,31,26,17,93,0,0,6,5,11,19,31,32,22,104,6,0,6,110
01/21/2014,AMA,TX,ASW,WE,Combined TRACON& Tower with Radar,20,35,13,17,85,0,0,11,8,19,20,35,24,25,104,24,4,28,132
01/22/2014,AMA,TX,ASW,WE,Combined TRACON& Tower with Radar,19,31,33,35,118,0,0,23,5,28,19,31,56,40,146,34,34,68,214
01/23/2014,AMA,TX,ASW,WE,Combined TRACON& Tower with Radar,19,33,31,11,94,0,0,10,2,12,19,33,41,13,106,12,54,66,172
01/24/2014,AMA,TX,ASW,WE,Combined TRACON& Tower with Radar,18,27,31,61,137,0,2,14,8,24,18,29,45,69,161,14,48,62,223
01/25/2014,AMA,TX,ASW,WE,Combined TRACON& Tower with Radar,14,20,35,59,128,0,0,28,4,32,14,20,63,63,160,30,68,98,258
01/26/2014,AMA,TX,ASW,WE,Combined TRACON& Tower with Radar,18,30,21,10,79,0,0,13,1,14,18,30,34,11,93,0,0,0,93
01/27/2014,AMA,TX,ASW,WE,Combined TRACON& Tower with Radar,22,31,29,56,138,0,0,7,2,9,22,31,36,58,147,26,46,72,219
01/28/2014,AMA,TX,ASW,WE,Combined TRACON& Tower with Radar,18,22,27,18,85,0,6,13,3,22,18,28,40,21,107,20,0,20,127
01/29/2014,AMA,TX,ASW,WE,Combined TRACON& Tower with Radar,18,31,33,35,117,0,0,15,3,18,18,31,48,38,135,6,20,26,161
01/30/2014,AMA,TX,ASW,WE,Combined TRACON& Tower with Radar,18,30,31,19,98,0,0,14,4,18,18,30,45,23,116,14,4,18,134
01/31/2014,AMA,TX,ASW,WE,Combined TRACON& Tower with Radar,20,36,40,23,119,0,0,16,1,17,20,36,56,24,136,0,0,0,136
02/01/2014,AMA,TX,ASW,WE,Combined TRACON& Tower with Radar,18,26,17,0,61,0,0,21,1,22,18,26,38,1,83,56,0,56,139
02/02/2014,AMA,TX,ASW,WE,Combined TRACON& Tower with Radar,19,14,10,1,44,0,0,5,0,5,19,14,15,1,49,0,0,0,49
02/03/2014,AMA,TX,ASW,WE,Combined TRACON& Tower with Radar,18,25,25,2,70,0,0,1,0,1,18,25,26,2,71,0,0,0,71
02/04/2014,AMA,TX,ASW,WE,Combined TRACON& Tower with Radar,18,46,29,0,93,0,0,0,0,0,18,46,29,0,93,0,0,0,93
02/05/2014,AMA,TX,ASW,WE,Combined TRACON& Tower with Radar,17,31,15,0,63,0,0,0,0,0,17,31,15,0,63,0,0,0,63
02/06/2014,AMA,TX,ASW,WE,Combined TRACON& Tower with Radar,18,29,19,4,70,0,0,2,1,3,18,29,21,5,73,0,2,2,75
02/07/2014,AMA,TX,ASW,WE,Combined TRACON& Tower with Radar,20,37,19,21,97,0,0,5,0,5,20,37,24,21,102,12,0,12,114
02/08/2014,AMA,TX,ASW,WE,Combined TRACON& Tower with Radar,14,22,14,14,64,0,0,16,0,16,14,22,30,14,80,12,0,12,92
02/09/2014,AMA,TX,ASW,WE,Combined TRACON& Tower with Radar,17,19,12,0,48,0,0,0,0,0,17,19,12,0,48,0,0,0,48
02/10/2014,AMA,TX,ASW,WE,Combined TRACON& Tower with Radar,20,29,25,0,74,0,1,0,0,1,20,30,25,0,75,0,0,0,75
02/11/2014,AMA,TX,ASW,WE,Combined TRACON& Tower with Radar,20,29,19,5,73,0,1,14,1,16,20,30,33,6,89,24,10,34,123
02/12/2014,AMA,TX,ASW,WE,Combined TRACON& Tower with Radar,19,29,28,21,97,0,3,15,3,21,19,32,43,24,118,32,0,32,150
02/13/2014,AMA,TX,ASW,WE,Combined TRACON& Tower with Radar,17,29,23,19,88,0,2,19,1,22,17,31,42,20,110,18,6,24,134
02/14/2014,AMA,TX,ASW,WE,Combined TRACON& Tower with Radar,18,40,30,20,108,0,3,20,2,25,18,43,50,22,133,6,0,6,139
02/15/2014,AMA,TX,ASW,WE,Combined TRACON& Tower with Radar,14,24,16,42,96,0,0,36,1,37,14,24,52,43,133,42,10,52,185
02/16/2014,AMA,TX,ASW,WE,Combined TRACON& Tower with Radar,22,26,28,1,77,0,0,26,4,30,22,26,54,5,107,10,0,10,117
02/17/2014,AMA,TX,ASW,WE,Combined TRACON& Tower with Radar,20,25,30,19,94,0,0,12,3,15,20,25,42,22,109,32,2,34,143
02/18/2014,AMA,TX,ASW,WE,Combined TRACON& Tower with Radar,18,33,27,43,121,0,2,23,5,30,18,35,50,48,151,0,10,10,161
02/19/2014,AMA,TX,ASW,WE,Combined TRACON& Tower with Radar,20,38,25,33,116,0,3,10,13,26,20,41,35,46,142,4,38,42,184
02/20/2014,AMA,TX,ASW,WE,Combined TRACON& Tower with Radar,18,42,29,19,108,0,1,18,17,36,18,43,47,36,144,0,0,0,144
02/21/2014,AMA,TX,ASW,WE,Combined TRACON& Tower with Radar,19,47,32,42,140,0,3,11,9,23,19,50,43,51,163,0,48,48,211
02/22/2014,AMA,TX,ASW,WE,Combined TRACON& Tower with Radar,18,25,15,41,99,0,0,15,5,20,18,25,30,46,119,36,28,64,183
02/23/2014,AMA,TX,ASW,WE,Combined TRACON& Tower with Radar,20,41,14,8,83,0,0,7,3,10,20,41,21,11,93,0,0,0,93
02/24/2014,AMA,TX,ASW,WE,Combined TRACON& Tower with Radar,20,34,35,101,190,0,2,11,8,21,20,36,46,109,211,8,156,164,375
02/25/2014,AMA,TX,ASW,WE,Combined TRACON& Tower with Radar,19,40,33,55,147,0,0,11,5,16,19,40,44,60,163,0,28,28,191
02/26/2014,AMA,TX,ASW,WE,Combined TRACON& Tower with Radar,18,30,49,103,200,0,2,19,10,31,18,32,68,113,231,40,44,84,315
02/27/2014,AMA,TX,ASW,WE,Combined TRACON& Tower with Radar,18,45,33,55,151,0,1,25,8,34,18,46,58,63,185,0,20,20,205
02/28/2014,AMA,TX,ASW,WE,Combined TRACON& Tower with Radar,24,47,42,62,175,0,2,11,9,22,24,49,53,71,197,10,8,18,215
03/01/2014,AMA,TX,ASW,WE,Combined TRACON& Tower with Radar,15,31,29,0,75,0,1,7,1,9,15,32,36,1,84,46,0,46,130
03/02/2014,AMA,TX,ASW,WE,Combined TRACON& Tower with Radar,17,14,17,2,50,0,0,0,0,0,17,14,17,2,50,0,0,0,50
03/03/2014,AMA,TX,ASW,WE,Combined TRACON& Tower with Radar,20,30,34,14,98,0,3,11,0,14,20,33,45,14,112,0,10,10,122
03/04/2014,AMA,TX,ASW,WE,Combined TRACON& Tower with Radar,18,34,29,52,133,0,9,26,11,46,18,43,55,63,179,68,2,70,249
03/05/2014,AMA,TX,ASW,WE,Combined TRACON& Tower with Radar,20,32,19,12,83,0,1,5,0,6,20,33,24,12,89,0,26,26,115
03/06/2014,AMA,TX,ASW,WE,Combined TRACON& Tower with Radar,18,33,55,78,184,0,0,16,1,17,18,33,71,79,201,10,50,60,261
03/07/2014,AMA,TX,ASW,WE,Combined TRACON& Tower with Radar,20,38,42,36,136,0,3,22,3,28,20,41,64,39,164,46,18,64,228
03/08/2014,AMA,TX,ASW,WE,Combined TRACON& Tower with Radar,19,32,30,10,91,0,0,2,3,5,19,32,32,13,96,0,16,16,112
03/09/2014,AMA,TX,ASW,WE,Combined TRACON& Tower with Radar,16,27,29,16,88,0,4,11,4,19,16,31,40,20,107,28,16,44,151
03/10/2014,AMA,TX,ASW,WE,Combined TRACON& Tower with Radar,16,49,47,37,149,0,5,16,2,23,16,54,63,39,172,52,216,268,440
03/11/2014,AMA,TX,ASW,WE,Combined TRACON& Tower with Radar,16,47,17,41,121,0,2,12,2,16,16,49,29,43,137,0,106,106,243
03/12/2014,AMA,TX,ASW,WE,Combined TRACON& Tower with Radar,18,35,33,57,143,0,4,19,8,31,18,39,52,65,174,6,16,22,196
03/13/2014,AMA,TX,ASW,WE,Combined TRACON& Tower with Radar,16,48,21,36,121,0,1,23,9,33,16,49,44,45,154,20,54,74,228
03/14/2014,AMA,TX,ASW,WE,Combined TRACON& Tower with Radar,16,34,24,68,142,0,4,19,6,29,16,38,43,74,171,26,28,54,225
03/15/2014,AMA,TX,ASW,WE,Combined TRACON& Tower with Radar,13,26,15,17,71,0,3,13,0,16,13,29,28,17,87,24,0,24,111
03/16/2014,AMA,TX,ASW,WE,Combined TRACON& Tower with Radar,15,32,12,34,93,0,0,5,3,8,15,32,17,37,101,0,2,2,103
03/17/2014,AMA,TX,ASW,WE,Combined TRACON& Tower with Radar,16,45,14,49,124,0,2,14,2,18,16,47,28,51,142,6,28,34,176
03/18/2014,AMA,TX,ASW,WE,Combined TRACON& Tower with Radar,22,38,15,32,107,0,1,8,2,11,22,39,23,34,118,20,0,20,138
03/19/2014,AMA,TX,ASW,WE,Combined TRACON& Tower with Radar,18,33,35,58,144,0,2,15,7,24,18,35,50,65,168,12,56,68,236
03/20/2014,AMA,TX,ASW,WE,Combined TRACON& Tower with Radar,18,40,32,56,146,0,2,10,5,17,18,42,42,61,163,12,22,34,197
03/21/2014,AMA,TX,ASW,WE,Combined TRACON& Tower with Radar,20,34,24,26,104,0,2,16,9,27,20,36,40,35,131,16,22,38,169
03/22/2014,AMA,TX,ASW,WE,Combined TRACON& Tower with Radar,14,23,24,7,68,0,1,35,1,37,14,24,59,8,105,32,0,32,137
03/23/2014,AMA,TX,ASW,WE,Combined TRACON& Tower with Radar,14,30,34,2,80,0,0,4,0,4,14,30,38,2,84,0,0,0,84
03/24/2014,AMA,TX,ASW,WE,Combined TRACON& Tower with Radar,16,32,29,17,94,0,2,8,6,16,16,34,37,23,110,0,36,36,146
03/25/2014,AMA,TX,ASW,WE,Combined TRACON& Tower with Radar,26,29,11,59,125,0,2,16,5,23,26,31,27,64,148,4,48,52,200
03/26/2014,AMA,TX,ASW,WE,Combined TRACON& Tower with Radar,16,33,29,37,115,0,0,4,2,6,16,33,33,39,121,0,66,66,187
03/27/2014,AMA,TX,ASW,WE,Combined TRACON& Tower with Radar,18,41,40,26,125,0,1,2,4,7,18,42,42,30,132,0,10,10,142
03/28/2014,AMA,TX,ASW,WE,Combined TRACON& Tower with Radar,20,42,25,101,188,0,2,13,14,29,20,44,38,115,217,4,116,120,337
03/29/2014,AMA,TX,ASW,WE,Combined TRACON& Tower with Radar,14,27,31,45,117,0,0,22,10,32,14,27,53,55,149,6,6,12,161
03/30/2014,AMA,TX,ASW,WE,Combined TRACON& Tower with Radar,14,37,19,25,95,0,0,16,8,24,14,37,35,33,119,0,72,72,191
03/31/2014,AMA,TX,ASW,WE,Combined TRACON& Tower with Radar,16,30,33,71,150,0,1,23,2,26,16,31,56,73,176,0,78,78,254
04/01/2014,AMA,TX,ASW,WE,Combined TRACON& Tower with Radar,16,32,43,43,134,0,2,16,3,21,16,34,59,46,155,6,36,42,197
04/02/2014,AMA,TX,ASW,WE,Combined TRACON& Tower with Radar,18,37,50,69,174,0,2,14,9,25,18,39,64,78,199,0,64,64,263
04/03/2014,AMA,TX,ASW,WE,Combined TRACON& Tower with Radar,20,38,28,10,96,0,2,2,1,5,20,40,30,11,101,8,20,28,129
04/04/2014,AMA,TX,ASW,WE,Combined TRACON& Tower with Radar,17,34,26,82,159,0,2,20,10,32,17,36,46,92,191,0,22,22,213
04/05/2014,AMA,TX,ASW,WE,Combined TRACON& Tower with Radar,14,26,17,20,77,0,0,7,5,12,14,26,24,25,89,0,0,0,89
04/06/2014,AMA,TX,ASW,WE,Combined TRACON& Tower with Radar,15,44,33,27,119,0,0,8,3,11,15,44,41,30,130,0,0,0,130
04/07/2014,AMA,TX,ASW,WE,Combined TRACON& Tower with Radar,17,42,19,51,129,0,3,7,2,12,17,45,26,53,141,2,2,4,145
04/08/2014,AMA,TX,ASW,WE,Combined TRACON& Tower with Radar,16,28,17,39,100,0,3,24,2,29,16,31,41,41,129,12,6,18,147
04/09/2014,AMA,TX,ASW,WE,Combined TRACON& Tower with Radar,16,32,23,21,92,0,2,13,1,16,16,34,36,22,108,0,6,6,114
04/10/2014,AMA,TX,ASW,WE,Combined TRACON& Tower with Radar,18,31,35,27,111,0,2,15,5,22,18,33,50,32,133,32,34,66,199
04/11/2014,AMA,TX,ASW,WE,Combined TRACON& Tower with Radar,18,39,13,21,91,0,2,14,4,20,18,41,27,25,111,2,22,24,135
04/12/2014,AMA,TX,ASW,WE,Combined TRACON& Tower with Radar,12,28,19,12,71,0,1,13,0,14,12,29,32,12,85,0,0,0,85
04/13/2014,AMA,TX,ASW,WE,Combined TRACON& Tower with Radar,17,31,7,4,59,0,0,6,0,6,17,31,13,4,65,0,0,0,65
04/14/2014,AMA,TX,ASW,WE,Combined TRACON& Tower with Radar,18,29,19,16,82,0,2,4,1,7,18,31,23,17,89,0,24,24,113
04/15/2014,AMA,TX,ASW,WE,Combined TRACON& Tower with Radar,16,35,26,36,113,0,2,17,3,22,16,37,43,39,135,0,22,22,157
04/16/2014,AMA,TX,ASW,WE,Combined TRACON& Tower with Radar,16,30,47,32,125,0,2,20,8,30,16,32,67,40,155,24,74,98,253
04/17/2014,AMA,TX,ASW,WE,Combined TRACON& Tower with Radar,16,35,49,26,126,0,0,5,6,11,16,35,54,32,137,2,4,6,143
04/18/2014,AMA,TX,ASW,WE,Combined TRACON& Tower with Radar,19,32,24,18,93,0,1,17,4,22,19,33,41,22,115,34,8,42,157
04/19/2014,AMA,TX,ASW,WE,Combined TRACON& Tower with Radar,18,25,17,1,61,0,0,8,1,9,18,25,25,2,70,0,0,0,70
04/20/2014,AMA,TX,ASW,WE,Combined TRACON& Tower with Radar,16,31,12,0,59,0,0,5,0,5,16,31,17,0,64,0,0,0,64
04/21/2014,AMA,TX,ASW,WE,Combined TRACON& Tower with Radar,16,73,53,80,222,0,1,10,9,20,16,74,63,89,242,24,244,268,510
04/22/2014,AMA,TX,ASW,WE,Combined TRACON& Tower with Radar,17,35,35,26,113,0,2,19,3,24,17,37,54,29,137,50,48,98,235
04/23/2014,AMA,TX,ASW,WE,Combined TRACON& Tower with Radar,16,42,17,25,100,0,1,4,3,8,16,43,21,28,108,0,2,2,110
04/24/2014,AMA,TX,ASW,WE,Combined TRACON& Tower with Radar,16,41,33,44,134,0,3,19,1,23,16,44,52,45,157,0,56,56,213
04/25/2014,AMA,TX,ASW,WE,Combined TRACON& Tower with Radar,21,42,24,24,111,0,2,10,1,13,21,44,34,25,124,2,18,20,144
04/26/2014,AMA,TX,ASW,WE,Combined TRACON& Tower with Radar,15,28,6,9,58,0,0,8,5,13,15,28,14,14,71,0,22,22,93
04/27/2014,AMA,TX,ASW,WE,Combined TRACON& Tower with Radar,16,34,22,7,79,0,0,2,1,3,16,34,24,8,82,0,0,0,82
04/28/2014,AMA,TX,ASW,WE,Combined TRACON& Tower with Radar,18,31,19,30,98,0,3,17,6,26,18,34,36,36,124,14,62,76,200
04/29/2014,AMA,TX,ASW,WE,Combined TRACON& Tower with Radar,16,33,23,8,80,0,0,4,1,5,16,33,27,9,85,0,0,0,85
04/30/2014,AMA,TX,ASW,WE,Combined TRACON& Tower with Radar,16,40,19,11,86,0,2,14,7,23,16,42,33,18,109,18,18,36,145
05/01/2014,AMA,TX,ASW,WE,Combined TRACON& Tower with Radar,16,35,25,43,119,0,2,25,4,31,16,37,50,47,150,38,34,72,222
05/02/2014,AMA,TX,ASW,WE,Combined TRACON& Tower with Radar,16,30,15,32,93,0,2,18,6,26,16,32,33,38,119,26,46,72,191
05/03/2014,AMA,TX,ASW,WE,Combined TRACON& Tower with Radar,12,24,15,2,53,0,2,10,0,12,12,26,25,2,65,14,0,14,79
05/04/2014,AMA,TX,ASW,WE,Combined TRACON& Tower with Radar,19,29,15,4,67,0,0,21,0,21,19,29,36,4,88,0,0,0,88
05/05/2014,AMA,TX,ASW,WE,Combined TRACON& Tower with Radar,19,38,29,30,116,0,2,6,6,14,19,40,35,36,130,2,20,22,152
05/06/2014,AMA,TX,ASW,WE,Combined TRACON& Tower with Radar,16,31,19,27,93,0,2,9,2,13,16,33,28,29,106,22,66,88,194
05/07/2014,AMA,TX,ASW,WE,Combined TRACON& Tower with Radar,18,34,21,13,86,0,1,5,2,8,18,35,26,15,94,14,2,16,110
05/08/2014,AMA,TX,ASW,WE,Combined TRACON& Tower with Radar,17,24,45,57,143,0,3,20,17,40,17,27,65,74,183,18,104,122,305
05/09/2014,AMA,TX,ASW,WE,Combined TRACON& Tower with Radar,16,49,12,50,127,0,1,22,5,28,16,50,34,55,155,12,38,50,205
05/10/2014,AMA,TX,ASW,WE,Combined TRACON& Tower with Radar,16,29,35,6,86,0,2,32,2,36,16,31,67,8,122,16,30,46,168
05/11/2014,AMA,TX,ASW,WE,Combined TRACON& Tower with Radar,16,26,11,0,53,0,0,1,0,1,16,26,12,0,54,0,0,0,54
05/12/2014,AMA,TX,ASW,WE,Combined TRACON& Tower with Radar,16,36,42,64,158,0,1,13,3,17,16,37,55,67,175,0,6,6,181
05/13/2014,AMA,TX,ASW,WE,Combined TRACON& Tower with Radar,18,44,32,39,133,0,0,6,3,9,18,44,38,42,142,0,70,70,212
05/14/2014,AMA,TX,ASW,WE,Combined TRACON& Tower with Radar,17,50,36,53,156,0,2,13,8,23,17,52,49,61,179,44,94,138,317
05/15/2014,AMA,TX,ASW,WE,Combined TRACON& Tower with Radar,16,33,30,28,107,0,2,10,12,24,16,35,40,40,131,0,20,20,151
05/16/2014,AMA,TX,ASW,WE,Combined TRACON& Tower with Radar,17,33,26,64,140,0,5,7,4,16,17,38,33,68,156,0,76,76,232
05/17/2014,AMA,TX,ASW,WE,Combined TRACON& Tower with Radar,12,28,21,51,112,0,0,20,1,21,12,28,41,52,133,50,8,58,191
05/18/2014,AMA,TX,ASW,WE,Combined TRACON& Tower with Radar,16,29,22,7,74,0,0,5,2,7,16,29,27,9,81,4,6,10,91
05/19/2014,AMA,TX,ASW,WE,Combined TRACON& Tower with Radar,18,32,21,13,84,0,4,10,1,15,18,36,31,14,99,0,2,2,101
05/20/2014,AMA,TX,ASW,WE,Combined TRACON& Tower with Radar,20,36,35,3,94,0,2,13,1,16,20,38,48,4,110,18,24,42,152
05/21/2014,AMA,TX,ASW,WE,Combined TRACON& Tower with Radar,20,28,25,7,80,0,1,15,2,18,20,29,40,9,98,2,14,16,114
05/22/2014,AMA,TX,ASW,WE,Combined TRACON& Tower with Radar,20,44,22,38,124,0,0,7,2,9,20,44,29,40,133,0,0,0,133
05/23/2014,AMA,TX,ASW,WE,Combined TRACON& Tower with Radar,18,29,12,6,65,0,0,3,1,4,18,29,15,7,69,0,0,0,69
05/24/2014,AMA,TX,ASW,WE,Combined TRACON& Tower with Radar,9,29,11,0,49,0,0,3,0,3,9,29,14,0,52,0,0,0,52
05/25/2014,AMA,TX,ASW,WE,Combined TRACON& Tower with Radar,14,23,6,2,45,0,0,5,0,5,14,23,11,2,50,0,0,0,50
05/26/2014,AMA,TX,ASW,WE,Combined TRACON& Tower with Radar,14,26,11,0,51,0,0,10,0,10,14,26,21,0,61,18,0,18,79
05/27/2014,AMA,TX,ASW,WE,Combined TRACON& Tower with Radar,19,42,65,42,168,0,2,17,4,23,19,44,82,46,191,12,142,154,345
05/28/2014,AMA,TX,ASW,WE,Combined TRACON& Tower with Radar,18,27,50,53,148,0,2,27,3,32,18,29,77,56,180,0,52,52,232
05/29/2014,AMA,TX,ASW,WE,Combined TRACON& Tower with Radar,22,31,34,41,128,0,4,13,2,19,22,35,47,43,147,20,54,74,221
05/30/2014,AMA,TX,ASW,WE,Combined TRACON& Tower with Radar,18,34,43,16,111,0,1,20,3,24,18,35,63,19,135,8,46,54,189
05/31/2014,AMA,TX,ASW,WE,Combined TRACON& Tower with Radar,13,24,16,0,53,0,1,15,0,16,13,25,31,0,69,14,0,14,83
06/01/2014,AMA,TX,ASW,WE,Combined TRACON& Tower with Radar,16,29,19,6,70,0,0,13,1,14,16,29,32,7,84,0,0,0,84
06/02/2014,AMA,TX,ASW,WE,Combined TRACON& Tower with Radar,18,34,32,21,105,0,2,20,5,27,18,36,52,26,132,48,126,174,306
06/03/2014,AMA,TX,ASW,WE,Combined TRACON& Tower with Radar,16,31,37,25,109,0,3,10,7,20,16,34,47,32,129,0,14,14,143
06/04/2014,AMA,TX,ASW,WE,Combined TRACON& Tower with Radar,17,33,30,12,92,0,1,13,7,21,17,34,43,19,113,4,54,58,171
06/05/2014,AMA,TX,ASW,WE,Combined TRACON& Tower with Radar,16,32,28,28,104,0,2,13,1,16,16,34,41,29,120,16,10,26,146
06/06/2014,AMA,TX,ASW,WE,Combined TRACON& Tower with Radar,16,34,21,38,109,0,1,10,3,14,16,35,31,41,123,6,0,6,129
06/07/2014,AMA,TX,ASW,WE,Combined TRACON& Tower with Radar,14,28,13,1,56,0,0,7,3,10,14,28,20,4,66,18,22,40,106
06/08/2014,AMA,TX,ASW,WE,Combined TRACON& Tower with Radar,15,32,22,9,78,0,0,6,1,7,15,32,28,10,85,0,0,0,85
06/09/2014,AMA,TX,ASW,WE,Combined TRACON& Tower with Radar,15,20,51,25,111,0,2,14,7,23,15,22,65,32,134,0,6,6,140
06/10/2014,AMA,TX,ASW,WE,Combined TRACON& Tower with Radar,20,26,59,51,156,0,2,17,15,34,20,28,76,66,190,0,120,120,310
06/11/2014,AMA,TX,ASW,WE,Combined TRACON& Tower with Radar,22,30,23,16,91,0,4,9,2,15,22,34,32,18,106,2,36,38,144
06/12/2014,AMA,TX,ASW,WE,Combined TRACON& Tower with Radar,18,29,31,15,93,0,1,19,1,21,18,30,50,16,114,14,2,16,130
06/13/2014,AMA,TX,ASW,WE,Combined TRACON& Tower with Radar,19,38,34,45,136,0,1,8,2,11,19,39,42,47,147,0,10,10,157
06/14/2014,AMA,TX,ASW,WE,Combined TRACON& Tower with Radar,18,21,27,11,77,0,0,27,5,32,18,21,54,16,109,46,4,50,159
06/15/2014,AMA,TX,ASW,WE,Combined TRACON& Tower with Radar,18,28,18,24,88,0,0,13,1,14,18,28,31,25,102,6,0,6,108
06/16/2014,AMA,TX,ASW,WE,Combined TRACON& Tower with Radar,21,25,36,28,110,0,4,20,1,25,21,29,56,29,135,24,78,102,237
06/17/2014,AMA,TX,ASW,WE,Combined TRACON& Tower with Radar,23,30,36,27,116,0,2,32,6,40,23,32,68,33,156,30,78,108,264
06/18/2014,AMA,TX,ASW,WE,Combined TRACON& Tower with Radar,24,36,35,1,96,0,1,27,3,31,24,37,62,4,127,0,0,0,127
06/19/2014,AMA,TX,ASW,WE,Combined TRACON& Tower with Radar,16,46,44,28,134,0,0,17,10,27,16,46,61,38,161,28,54,82,243
06/20/2014,AMA,TX,ASW,WE,Combined TRACON& Tower with Radar,18,33,37,36,124,0,3,17,8,28,18,36,54,44,152,32,0,32,184
06/21/2014,AMA,TX,ASW,WE,Combined TRACON& Tower with Radar,16,21,29,5,71,0,2,12,2,16,16,23,41,7,87,12,4,16,103
06/22/2014,AMA,TX,ASW,WE,Combined TRACON& Tower with Radar,18,29,45,11,103,0,1,17,4,22,18,30,62,15,125,8,20,28,153
06/23/2014,AMA,TX,ASW,WE,Combined TRACON& Tower with Radar,29,39,63,56,187,0,1,8,0,9,29,40,71,56,196,0,0,0,196
06/24/2014,AMA,TX,ASW,WE,Combined TRACON& Tower with Radar,17,37,22,22,98,0,2,10,2,14,17,39,32,24,112,26,12,38,150
06/25/2014,AMA,TX,ASW,WE,Combined TRACON& Tower with Radar,18,35,44,28,125,0,1,15,4,20,18,36,59,32,145,2,14,16,161
06/26/2014,AMA,TX,ASW,WE,Combined TRACON& Tower with Radar,21,32,22,28,103,0,2,20,1,23,21,34,42,29,126,10,16,26,152
06/27/2014,AMA,TX,ASW,WE,Combined TRACON& Tower with Radar,20,35,30,80,165,0,2,19,1,22,20,37,49,81,187,19,110,129,316
06/28/2014,AMA,TX,ASW,WE,Combined TRACON& Tower with Radar,16,24,24,5,69,0,0,17,4,21,16,24,41,9,90,0,4,4,94
06/29/2014,AMA,TX,ASW,WE,Combined TRACON& Tower with Radar,20,29,23,7,79,0,0,18,2,20,20,29,41,9,99,14,6,20,119
06/30/2014,AMA,TX,ASW,WE,Combined TRACON& Tower with Radar,20,28,17,36,101,0,2,13,5,20,20,30,30,41,121,0,68,68,189
07/01/2014,AMA,TX,ASW,WE,Combined TRACON& Tower with Radar,23,38,30,14,105,0,2,13,4,19,23,40,43,18,124,16,30,46,170
07/02/2014,AMA,TX,ASW,WE,Combined TRACON& Tower with Radar,25,31,14,7,77,0,0,2,2,4,25,31,16,9,81,0,18,18,99
07/03/2014,AMA,TX,ASW,WE,Combined TRACON& Tower with Radar,20,35,32,2,89,0,2,9,1,12,20,37,41,3,101,2,4,6,107
07/04/2014,AMA,TX,ASW,WE,Combined TRACON& Tower with Radar,14,22,10,0,46,0,0,11,0,11,14,22,21,0,57,14,0,14,71
07/05/2014,AMA,TX,ASW,WE,Combined TRACON& Tower with Radar,16,21,13,0,50,0,0,14,0,14,16,21,27,0,64,4,0,4,68
07/06/2014,AMA,TX,ASW,WE,Combined TRACON& Tower with Radar,18,25,19,0,62,0,0,9,0,9,18,25,28,0,71,48,0,48,119
07/07/2014,AMA,TX,ASW,WE,Combined TRACON& Tower with Radar,30,31,13,8,82,0,2,18,5,25,30,33,31,13,107,58,16,74,181
07/08/2014,AMA,TX,ASW,WE,Combined TRACON& Tower with Radar,20,31,30,30,111,0,2,17,8,27,20,33,47,38,138,36,22,58,196
07/09/2014,AMA,TX,ASW,WE,Combined TRACON& Tower with Radar,20,29,33,76,158,0,2,11,2,15,20,31,44,78,173,16,20,36,209
07/10/2014,AMA,TX,ASW,WE,Combined TRACON& Tower with Radar,20,27,24,12,83,0,2,15,7,24,20,29,39,19,107,24,32,56,163
07/11/2014,AMA,TX,ASW,WE,Combined TRACON& Tower with Radar,34,30,19,68,151,0,2,16,1,19,34,32,35,69,170,16,0,16,186
07/12/2014,AMA,TX,ASW,WE,Combined TRACON& Tower with Radar,18,27,21,2,68,0,0,12,1,13,18,27,33,3,81,40,24,64,145
07/13/2014,AMA,TX,ASW,WE,Combined TRACON& Tower with Radar,18,26,8,20,72,0,0,6,0,6,18,26,14,20,78,0,0,0,78
07/14/2014,AMA,TX,ASW,WE,Combined TRACON& Tower with Radar,25,29,41,16,111,0,2,14,2,18,25,31,55,18,129,22,42,64,193
07/15/2014,AMA,TX,ASW,WE,Combined TRACON& Tower with Radar,20,33,17,28,98,0,0,9,6,15,20,33,26,34,113,4,50,54,167
07/16/2014,AMA,TX,ASW,WE,Combined TRACON& Tower with Radar,21,36,27,10,94,0,0,15,2,17,21,36,42,12,111,66,6,72,183
07/17/2014,AMA,TX,ASW,WE,Combined TRACON& Tower with Radar,17,28,28,15,88,0,0,0,2,2,17,28,28,17,90,0,10,10,100
07/18/2014,AMA,TX,ASW,WE,Combined TRACON& Tower with Radar,22,30,16,83,151,0,0,6,4,10,22,30,22,87,161,0,2,2,163
07/19/2014,AMA,TX,ASW,WE,Combined TRACON& Tower with Radar,16,25,15,6,62,0,0,14,0,14,16,25,29,6,76,44,0,44,120
07/20/2014,AMA,TX,ASW,WE,Combined TRACON& Tower with Radar,20,24,32,6,82,0,0,13,0,13,20,24,45,6,95,10,0,10,105
07/21/2014,AMA,TX,ASW,WE,Combined TRACON& Tower with Radar,20,27,19,29,95,0,2,10,0,12,20,29,29,29,107,0,36,36,143
07/22/2014,AMA,TX,ASW,WE,Combined TRACON& Tower with Radar,20,27,31,24,102,0,1,18,3,22,20,28,49,27,124,8,20,28,152
07/23/2014,AMA,TX,ASW,WE,Combined TRACON& Tower with Radar,20,29,22,27,98,0,2,15,7,24,20,31,37,34,122,16,8,24,146
07/24/2014,AMA,TX,ASW,WE,Combined TRACON& Tower with Radar,15,32,39,12,98,0,3,34,8,45,15,35,73,20,143,26,42,68,211
07/25/2014,AMA,TX,ASW,WE,Combined TRACON& Tower with Radar,20,30,34,58,142,0,2,21,1,24,20,32,55,59,166,10,16,26,192
07/26/2014,AMA,TX,ASW,WE,Combined TRACON& Tower with Radar,16,27,19,39,101,0,0,28,3,31,16,27,47,42,132,18,14,32,164
07/27/2014,AMA,TX,ASW,WE,Combined TRACON& Tower with Radar,22,26,28,4,80,0,0,9,1,10,22,26,37,5,90,14,12,26,116
07/28/2014,AMA,TX,ASW,WE,Combined TRACON& Tower with Radar,25,27,33,14,99,0,0,9,0,9,25,27,42,14,108,0,14,14,122
07/29/2014,AMA,TX,ASW,WE,Combined TRACON& Tower with Radar,21,28,31,0,80,0,1,14,1,16,21,29,45,1,96,36,0,36,132
07/30/2014,AMA,TX,ASW,WE,Combined TRACON& Tower with Radar,18,40,55,17,130,0,0,13,1,14,18,40,68,18,144,8,0,8,152
07/31/2014,AMA,TX,ASW,WE,Combined TRACON& Tower with Radar,20,31,62,65,178,0,1,13,7,21,20,32,75,72,199,0,14,14,213
08/01/2014,AMA,TX,ASW,WE,Combined TRACON& Tower with Radar,22,27,46,74,169,0,2,14,5,21,22,29,60,79,190,10,14,24,214
08/02/2014,AMA,TX,ASW,WE,Combined TRACON& Tower with Radar,18,28,14,10,70,0,0,21,1,22,18,28,35,11,92,2,0,2,94
08/03/2014,AMA,TX,ASW,WE,Combined TRACON& Tower with Radar,20,21,12,15,68,0,0,17,1,18,20,21,29,16,86,54,4,58,144
08/04/2014,AMA,TX,ASW,WE,Combined TRACON& Tower with Radar,22,30,17,24,93,0,2,8,3,13,22,32,25,27,106,0,0,0,106
08/05/2014,AMA,TX,ASW,WE,Combined TRACON& Tower with Radar,18,28,28,20,94,0,2,22,4,28,18,30,50,24,122,12,36,48,170
08/06/2014,AMA,TX,ASW,WE,Combined TRACON& Tower with Radar,21,29,34,16,100,0,3,8,3,14,21,32,42,19,114,14,94,108,222
08/07/2014,AMA,TX,ASW,WE,Combined TRACON& Tower with Radar,24,24,25,13,86,0,2,17,0,19,24,26,42,13,105,44,16,60,165
08/08/2014,AMA,TX,ASW,WE,Combined TRACON& Tower with Radar,23,37,30,23,113,0,1,19,1,21,23,38,49,24,134,32,116,148,282
08/09/2014,AMA,TX,ASW,WE,Combined TRACON& Tower with Radar,26,29,22,19,96,0,0,14,3,17,26,29,36,22,113,0,16,16,129
08/10/2014,AMA,TX,ASW,WE,Combined TRACON& Tower with Radar,20,24,19,3,66,0,0,13,3,16,20,24,32,6,82,42,4,46,128
08/11/2014,AMA,TX,ASW,WE,Combined TRACON& Tower with Radar,21,29,20,11,81,0,2,16,5,23,21,31,36,16,104,12,0,12,116
08/12/2014,AMA,TX,ASW,WE,Combined TRACON& Tower with Radar,20,24,36,20,100,0,2,18,5,25,20,26,54,25,125,30,104,134,259
08/13/2014,AMA,TX,ASW,WE,Combined TRACON& Tower with Radar,20,27,19,6,72,0,2,6,0,8,20,29,25,6,80,0,12,12,92
08/14/2014,AMA,TX,ASW,WE,Combined TRACON& Tower with Radar,22,31,51,30,134,0,2,8,3,13,22,33,59,33,147,18,12,30,177
08/15/2014,AMA,TX,ASW,WE,Combined TRACON& Tower with Radar,24,25,10,43,102,0,1,13,4,18,24,26,23,47,120,20,10,30,150
08/16/2014,AMA,TX,ASW,WE,Combined TRACON& Tower with Radar,16,24,14,1,55,0,0,11,1,12,16,24,25,2,67,22,0,22,89
08/17/2014,AMA,TX,ASW,WE,Combined TRACON& Tower with Radar,18,29,22,15,84,0,0,17,8,25,18,29,39,23,109,4,30,34,143
08/18/2014,AMA,TX,ASW,WE,Combined TRACON& Tower with Radar,21,27,8,17,73,0,2,12,5,19,21,29,20,22,92,26,10,36,128
08/19/2014,AMA,TX,ASW,WE,Combined TRACON& Tower with Radar,27,17,38,37,119,0,2,21,2,25,27,19,59,39,144,0,42,42,186
08/20/2014,AMA,TX,ASW,WE,Combined TRACON& Tower with Radar,25,22,18,29,94,0,3,9,13,25,25,25,27,42,119,14,18,32,151
08/21/2014,AMA,TX,ASW,WE,Combined TRACON& Tower with Radar,25,24,35,16,100,0,3,9,9,21,25,27,44,25,121,16,22,38,159
08/22/2014,AMA,TX,ASW,WE,Combined TRACON& Tower with Radar,23,43,20,35,121,0,2,16,2,20,23,45,36,37,141,16,22,38,179
08/23/2014,AMA,TX,ASW,WE,Combined TRACON& Tower with Radar,21,15,20,28,84,0,0,19,6,25,21,15,39,34,109,14,16,30,139
08/24/2014,AMA,TX,ASW,WE,Combined TRACON& Tower with Radar,22,21,26,1,70,0,2,16,1,19,22,23,42,2,89,16,8,24,113
08/25/2014,AMA,TX,ASW,WE,Combined TRACON& Tower with Radar,23,26,20,16,85,0,2,11,4,17,23,28,31,20,102,28,12,40,142
08/26/2014,AMA,TX,ASW,WE,Combined TRACON& Tower with Radar,25,25,32,22,104,0,3,13,8,24,25,28,45,30,128,82,14,96,224
08/27/2014,AMA,TX,ASW,WE,Combined TRACON& Tower with Radar,25,23,10,29,87,0,2,8,5,15,25,25,18,34,102,144,0,144,246
08/28/2014,AMA,TX,ASW,WE,Combined TRACON& Tower with Radar,25,25,9,9,68,0,2,23,3,28,25,27,32,12,96,36,60,96,192
08/29/2014,AMA,TX,ASW,WE,Combined TRACON& Tower with Radar,24,21,67,15,127,0,2,20,1,23,24,23,87,16,150,30,20,50,200
08/30/2014,AMA,TX,ASW,WE,Combined TRACON& Tower with Radar,15,12,20,0,47,0,0,28,0,28,15,12,48,0,75,28,0,28,103
08/31/2014,AMA,TX,ASW,WE,Combined TRACON& Tower with Radar,19,10,7,0,36,0,0,8,0,8,19,10,15,0,44,32,0,32,76
09/01/2014,AMA,TX,ASW,WE,Combined TRACON& Tower with Radar,23,17,20,28,88,0,0,20,1,21,23,17,40,29,109,16,0,16,125
09/02/2014,AMA,TX,ASW,WE,Combined TRACON& Tower with Radar,24,25,48,35,132,0,2,7,2,11,24,27,55,37,143,14,70,84,227
09/03/2014,AMA,TX,ASW,WE,Combined TRACON& Tower with Radar,28,23,27,95,173,0,2,20,9,31,28,25,47,104,204,6,20,26,230
09/04/2014,AMA,TX,ASW,WE,Combined TRACON& Tower with Radar,25,19,28,57,129,0,2,19,4,25,25,21,47,61,154,0,46,46,200
09/05/2014,AMA,TX,ASW,WE,Combined TRACON& Tower with Radar,21,29,25,17,92,0,0,5,2,7,21,29,30,19,99,0,0,0,99
09/06/2014,AMA,TX,ASW,WE,Combined TRACON& Tower with Radar,21,19,11,0,51,0,0,0,0,0,21,19,11,0,51,0,0,0,51
09/07/2014,AMA,TX,ASW,WE,Combined TRACON& Tower with Radar,24,35,12,30,101,0,1,14,3,18,24,36,26,33,119,0,0,0,119
09/08/2014,AMA,TX,ASW,WE,Combined TRACON& Tower with Radar,25,20,27,49,121,0,2,10,2,14,25,22,37,51,135,20,194,214,349
09/09/2014,AMA,TX,ASW,WE,Combined TRACON& Tower with Radar,27,23,29,21,100,0,3,7,13,23,27,26,36,34,123,18,0,18,141
09/10/2014,AMA,TX,ASW,WE,Combined TRACON& Tower with Radar,25,20,34,61,140,0,4,7,3,14,25,24,41,64,154,56,108,164,318
09/11/2014,AMA,TX,ASW,WE,Combined TRACON& Tower with Radar,26,22,45,31,124,0,1,9,2,12,26,23,54,33,136,0,10,10,146
09/12/2014,AMA,TX,ASW,WE,Combined TRACON& Tower with Radar,25,28,27,34,114,0,0,0,0,0,25,28,27,34,114,0,0,0,114
09/13/2014,AMA,TX,ASW,WE,Combined TRACON& Tower with Radar,19,14,15,32,80,0,0,16,8,24,19,14,31,40,104,8,74,82,186
09/14/2014,AMA,TX,ASW,WE,Combined TRACON& Tower with Radar,24,21,28,8,81,0,0,6,7,13,24,21,34,15,94,70,70,140,234
09/15/2014,AMA,TX,ASW,WE,Combined TRACON& Tower with Radar,28,27,29,82,166,0,1,4,7,12,28,28,33,89,178,76,244,320,498
09/16/2014,AMA,TX,ASW,WE,Combined TRACON& Tower with Radar,23,23,30,49,125,0,0,7,5,12,23,23,37,54,137,16,18,34,171
09/17/2014,AMA,TX,ASW,WE,Combined TRACON& Tower with Radar,26,32,41,64,163,0,6,8,3,17,26,38,49,67,180,36,146,182,362
09/18/2014,AMA,TX,ASW,WE,Combined TRACON& Tower with Radar,23,27,34,24,108,0,3,7,2,12,23,30,41,26,120,28,48,76,196
09/19/2014,AMA,TX,ASW,WE,Combined TRACON& Tower with Radar,25,24,33,40,122,0,0,1,3,4,25,24,34,43,126,0,0,0,126
09/20/2014,AMA,TX,ASW,WE,Combined TRACON& Tower with Radar,21,18,28,16,83,0,1,4,8,13,21,19,32,24,96,2,0,2,98
09/21/2014,AMA,TX,ASW,WE,Combined TRACON& Tower with Radar,23,22,21,81,147,0,0,12,8,20,23,22,33,89,167,50,22,72,239
09/22/2014,AMA,TX,ASW,WE,Combined TRACON& Tower with Radar,24,21,37,111,193,0,2,13,7,22,24,23,50,118,215,46,192,238,453
09/23/2014,AMA,TX,ASW,WE,Combined TRACON& Tower with Radar,25,22,30,48,125,0,3,24,11,38,25,25,54,59,163,38,144,182,345
09/24/2014,AMA,TX,ASW,WE,Combined TRACON& Tower with Radar,25,25,31,14,95,0,1,12,6,19,25,26,43,20,114,4,122,126,240
09/25/2014,AMA,TX,ASW,WE,Combined TRACON& Tower with Radar,26,21,28,33,108,0,2,16,2,20,26,23,44,35,128,40,8,48,176
09/26/2014,AMA,TX,ASW,WE,Combined TRACON& Tower with Radar,23,22,24,39,108,0,2,21,7,30,23,24,45,46,138,0,0,0,138
09/27/2014,AMA,TX,ASW,WE,Combined TRACON& Tower with Radar,23,17,9,27,76,0,0,8,4,12,23,17,17,31,88,30,70,100,188
09/28/2014,AMA,TX,ASW,WE,Combined TRACON& Tower with Radar,25,21,13,2,61,0,7,17,0,24,25,28,30,2,85,111,84,195,280
09/29/2014,AMA,TX,ASW,WE,Combined TRACON& Tower with Radar,33,28,30,29,120,0,5,14,1,20,33,33,44,30,140,50,58,108,248
09/30/2014,AMA,TX,ASW,WE,Combined TRACON& Tower with Radar,25,27,28,6,86,0,2,11,7,20,25,29,39,13,106,26,0,26,132
10/01/2014,AMA,TX,ASW,WE,Combined TRACON& Tower with Radar,23,22,56,37,138,0,2,24,5,31,23,24,80,42,169,38,20,58,227
10/02/2014,AMA,TX,ASW,WE,Combined TRACON& Tower with Radar,22,24,95,86,227,0,2,18,7,27,22,26,113,93,254,0,109,109,363
10/03/2014,AMA,TX,ASW,WE,Combined TRACON& Tower with Radar,31,28,49,93,201,0,2,17,2,21,31,30,66,95,222,38,24,62,284
10/04/2014,AMA,TX,ASW,WE,Combined TRACON& Tower with Radar,23,16,21,18,78,0,0,23,2,25,23,16,44,20,103,6,0,6,109
10/05/2014,AMA,TX,ASW,WE,Combined TRACON& Tower with Radar,23,15,29,57,124,0,0,15,5,20,23,15,44,62,144,16,116,132,276
10/06/2014,AMA,TX,ASW,WE,Combined TRACON& Tower with Radar,26,14,31,13,84,0,2,20,1,23,26,16,51,14,107,64,18,82,189
10/07/2014,AMA,TX,ASW,WE,Combined TRACON& Tower with Radar,26,21,18,20,85,0,2,17,2,21,26,23,35,22,106,58,0,58,164
10/08/2014,AMA,TX,ASW,WE,Combined TRACON& Tower with Radar,26,18,25,43,112,0,2,28,1,31,26,20,53,44,143,78,88,166,309
10/09/2014,AMA,TX,ASW,WE,Combined TRACON& Tower with Radar,31,21,30,24,106,0,0,11,5,16,31,21,41,29,122,32,26,58,180
10/10/2014,AMA,TX,ASW,WE,Combined TRACON& Tower with Radar,30,35,49,13,127,0,0,1,0,1,30,35,50,13,128,0,0,0,128
10/11/2014,AMA,TX,ASW,WE,Combined TRACON& Tower with Radar,22,15,30,2,69,0,0,16,1,17,22,15,46,3,86,26,0,26,112
10/12/2014,AMA,TX,ASW,WE,Combined TRACON& Tower with Radar,22,20,16,4,62,0,0,5,0,5,22,20,21,4,67,0,0,0,67
10/13/2014,AMA,TX,ASW,WE,Combined TRACON& Tower with Radar,21,15,19,5,60,0,2,2,2,6,21,17,21,7,66,18,0,18,84
10/14/2014,AMA,TX,ASW,WE,Combined TRACON& Tower with Radar,27,20,37,18,102,0,2,20,2,24,27,22,57,20,126,26,36,62,188
10/15/2014,AMA,TX,ASW,WE,Combined TRACON& Tower with Radar,24,26,33,16,99,0,2,27,1,30,24,28,60,17,129,44,12,56,185
10/16/2014,AMA,TX,ASW,WE,Combined TRACON& Tower with Radar,30,21,35,16,102,0,0,26,11,37,30,21,61,27,139,46,12,58,197
10/17/2014,AMA,TX,ASW,WE,Combined TRACON& Tower with Radar,30,26,38,39,133,0,2,27,7,36,30,28,65,46,169,0,62,62,231
10/18/2014,AMA,TX,ASW,WE,Combined TRACON& Tower with Radar,22,16,18,6,62,0,3,20,5,28,22,19,38,11,90,0,8,8,98
10/19/2014,AMA,TX,ASW,WE,Combined TRACON& Tower with Radar,25,18,35,43,121,0,1,10,4,15,25,19,45,47,136,8,0,8,144
10/20/2014,AMA,TX,ASW,WE,Combined TRACON& Tower with Radar,27,33,29,22,111,0,3,18,8,29,27,36,47,30,140,16,76,92,232
10/21/2014,AMA,TX,ASW,WE,Combined TRACON& Tower with Radar,28,34,48,32,142,0,3,20,10,33,28,37,68,42,175,20,52,72,247
10/22/2014,AMA,TX,ASW,WE,Combined TRACON& Tower with Radar,27,25,22,13,87,0,1,1,1,3,27,26,23,14,90,0,0,0,90
10/23/2014,AMA,TX,ASW,WE,Combined TRACON& Tower with Radar,30,26,54,22,132,0,1,13,3,17,30,27,67,25,149,2,6,8,157
10/24/2014,AMA,TX,ASW,WE,Combined TRACON& Tower with Radar,25,22,41,47,135,0,4,25,0,29,25,26,66,47,164,30,2,32,196
10/25/2014,AMA,TX,ASW,WE,Combined TRACON& Tower with Radar,21,12,17,6,56,0,0,20,1,21,21,12,37,7,77,20,0,20,97
10/26/2014,AMA,TX,ASW,WE,Combined TRACON& Tower with Radar,26,17,26,10,79,0,0,9,2,11,26,17,35,12,90,0,0,0,90
10/27/2014,AMA,TX,ASW,WE,Combined TRACON& Tower with Radar,27,21,23,46,117,0,2,3,8,13,27,23,26,54,130,12,40,52,182
10/28/2014,AMA,TX,ASW,WE,Combined TRACON& Tower with Radar,27,24,36,89,176,0,2,20,3,25,27,26,56,92,201,34,24,58,259
10/29/2014,AMA,TX,ASW,WE,Combined TRACON& Tower with Radar,28,29,54,61,172,0,2,21,4,27,28,31,75,65,199,18,58,76,275
10/30/2014,AMA,TX,ASW,WE,Combined TRACON& Tower with Radar,31,29,45,25,130,0,2,17,2,21,31,31,62,27,151,18,10,28,179
10/31/2014,AMA,TX,ASW,WE,Combined TRACON& Tower with Radar,27,20,24,41,112,0,2,21,4,27,27,22,45,45,139,14,10,24,163
11/01/2014,AMA,TX,ASW,WE,Combined TRACON& Tower with Radar,19,16,8,1,44,0,0,7,0,7,19,16,15,1,51,0,0,0,51
11/02/2014,AMA,TX,ASW,WE,Combined TRACON& Tower with Radar,22,28,19,10,79,0,0,8,3,11,22,28,27,13,90,0,14,14,104
11/03/2014,AMA,TX,ASW,WE,Combined TRACON& Tower with Radar,25,28,19,20,92,0,0,3,1,4,25,28,22,21,96,0,2,2,98
11/04/2014,AMA,TX,ASW,WE,Combined TRACON& Tower with Radar,22,17,34,26,99,0,0,13,2,15,22,17,47,28,114,6,32,38,152
11/05/2014,AMA,TX,ASW,WE,Combined TRACON& Tower with Radar,23,20,41,68,152,0,2,16,2,20,23,22,57,70,172,32,44,76,248
11/06/2014,AMA,TX,ASW,WE,Combined TRACON& Tower with Radar,26,24,28,37,115,0,4,26,6,36,26,28,54,43,151,22,24,46,197
11/07/2014,AMA,TX,ASW,WE,Combined TRACON& Tower with Radar,26,24,40,63,153,0,2,10,2,14,26,26,50,65,167,2,32,34,201
11/08/2014,AMA,TX,ASW,WE,Combined TRACON& Tower with Radar,18,14,22,9,63,0,0,27,1,28,18,14,49,10,91,28,0,28,119
11/09/2014,AMA,TX,ASW,WE,Combined TRACON& Tower with Radar,22,17,21,4,64,0,0,18,2,20,22,17,39,6,84,4,10,14,98
11/10/2014,AMA,TX,ASW,WE,Combined TRACON& Tower with Radar,22,17,35,27,101,0,2,12,8,22,22,19,47,35,123,0,20,20,143
11/11/2014,AMA,TX,ASW,WE,Combined TRACON& Tower with Radar,24,23,19,0,66,0,0,18,0,18,24,23,37,0,84,20,0,20,104
11/12/2014,AMA,TX,ASW,WE,Combined TRACON& Tower with Radar,24,26,43,20,113,0,2,4,9,15,24,28,47,29,128,0,10,10,138
11/13/2014,AMA,TX,ASW,WE,Combined TRACON& Tower with Radar,28,22,20,13,83,0,3,8,9,20,28,25,28,22,103,24,6,30,133
11/14/2014,AMA,TX,ASW,WE,Combined TRACON& Tower with Radar,25,29,38,30,122,0,2,14,7,23,25,31,52,37,145,4,22,26,171
11/15/2014,AMA,TX,ASW,WE,Combined TRACON& Tower with Radar,18,22,18,3,61,0,0,19,3,22,18,22,37,6,83,26,0,26,109
11/16/2014,AMA,TX,ASW,WE,Combined TRACON& Tower with Radar,22,13,9,0,44,0,0,1,0,1,22,13,10,0,45,0,0,0,45
11/17/2014,AMA,TX,ASW,WE,Combined TRACON& Tower with Radar,24,25,30,54,133,0,4,8,2,14,24,29,38,56,147,0,78,78,225
11/18/2014,AMA,TX,ASW,WE,Combined TRACON& Tower with Radar,22,19,35,79,155,0,2,16,8,26,22,21,51,87,181,2,98,100,281
11/19/2014,AMA,TX,ASW,WE,Combined TRACON& Tower with Radar,24,22,38,56,140,0,3,25,6,34,24,25,63,62,174,24,28,52,226
11/20/2014,AMA,TX,ASW,WE,Combined TRACON& Tower with Radar,24,33,55,63,175,0,2,27,5,34,24,35,82,68,209,12,94,106,315
11/21/2014,AMA,TX,ASW,WE,Combined TRACON& Tower with Radar,26,20,27,117,190,0,2,23,17,42,26,22,50,134,232,22,158,180,412
11/22/2014,AMA,TX,ASW,WE,Combined TRACON& Tower with Radar,18,12,12,31,73,0,0,19,2,21,18,12,31,33,94,18,0,18,112
11/23/2014,AMA,TX,ASW,WE,Combined TRACON& Tower with Radar,21,20,18,14,73,0,0,3,1,4,21,20,21,15,77,6,0,6,83
11/24/2014,AMA,TX,ASW,WE,Combined TRACON& Tower with Radar,20,24,42,78,164,0,2,21,6,29,20,26,63,84,193,24,102,126,319
11/25/2014,AMA,TX,ASW,WE,Combined TRACON& Tower with Radar,21,29,27,43,120,0,2,18,4,24,21,31,45,47,144,8,52,60,204
11/26/2014,AMA,TX,ASW,WE,Combined TRACON& Tower with Radar,25,22,43,20,110,0,2,19,2,23,25,24,62,22,133,10,0,10,143
11/27/2014,AMA,TX,ASW,WE,Combined TRACON& Tower with Radar,18,8,1,0,27,0,0,3,0,3,18,8,4,0,30,0,0,0,30
11/28/2014,AMA,TX,ASW,WE,Combined TRACON& Tower with Radar,21,17,3,2,43,0,3,5,2,10,21,20,8,4,53,4,0,4,57
11/29/2014,AMA,TX,ASW,WE,Combined TRACON& Tower with Radar,22,26,12,0,60,0,0,14,0,14,22,26,26,0,74,0,0,0,74
11/30/2014,AMA,TX,ASW,WE,Combined TRACON& Tower with Radar,22,20,30,1,73,0,0,25,0,25,22,20,55,1,98,40,0,40,138
12/01/2014,AMA,TX,ASW,WE,Combined TRACON& Tower with Radar,25,18,59,65,167,0,1,1,1,3,25,19,60,66,170,14,0,14,184
12/02/2014,AMA,TX,ASW,WE,Combined TRACON& Tower with Radar,24,23,41,68,156,0,2,22,4,28,24,25,63,72,184,38,20,58,242
12/03/2014,AMA,TX,ASW,WE,Combined TRACON& Tower with Radar,24,20,38,52,134,0,2,26,8,36,24,22,64,60,170,70,102,172,342
12/04/2014,AMA,TX,ASW,WE,Combined TRACON& Tower with Radar,22,34,29,42,127,0,0,5,4,9,22,34,34,46,136,4,24,28,164
12/05/2014,AMA,TX,ASW,WE,Combined TRACON& Tower with Radar,25,26,27,97,175,0,3,10,4,17,25,29,37,101,192,2,18,20,212
12/06/2014,AMA,TX,ASW,WE,Combined TRACON& Tower with Radar,19,22,16,47,104,0,0,10,7,17,19,22,26,54,121,48,66,114,235
12/07/2014,AMA,TX,ASW,WE,Combined TRACON& Tower with Radar,23,20,9,23,75,0,0,6,4,10,23,20,15,27,85,2,6,8,93
12/08/2014,AMA,TX,ASW,WE,Combined TRACON& Tower with Radar,24,23,29,65,141,0,3,18,1,22,24,26,47,66,163,10,144,154,317
12/09/2014,AMA,TX,ASW,WE,Combined TRACON& Tower with Radar,14,31,29,27,101,0,1,17,5,23,14,32,46,32,124,20,60,80,204
12/10/2014,AMA,TX,ASW,WE,Combined TRACON& Tower with Radar,24,27,44,45,140,0,0,6,4,10,24,27,50,49,150,18,6,24,174
12/11/2014,AMA,TX,ASW,WE,Combined TRACON& Tower with Radar,20,30,30,57,137,0,1,5,6,12,20,31,35,63,149,0,56,56,205
12/12/2014,AMA,TX,ASW,WE,Combined TRACON& Tower with Radar,26,31,20,33,110,0,2,5,8,15,26,33,25,41,125,0,16,16,141
12/13/2014,AMA,TX,ASW,WE,Combined TRACON& Tower with Radar,15,28,24,4,71,0,0,7,0,7,15,28,31,4,78,30,10,40,118
12/14/2014,AMA,TX,ASW,WE,Combined TRACON& Tower with Radar,23,19,9,0,51,0,0,2,0,2,23,19,11,0,53,0,0,0,53
12/15/2014,AMA,TX,ASW,WE,Combined TRACON& Tower with Radar,28,30,31,50,139,0,2,2,5,9,28,32,33,55,148,10,32,42,190
12/16/2014,AMA,TX,ASW,WE,Combined TRACON& Tower with Radar,23,29,24,23,99,0,2,12,3,17,23,31,36,26,116,76,16,92,208
12/17/2014,AMA,TX,ASW,WE,Combined TRACON& Tower with Radar,20,28,32,21,101,0,0,9,5,14,20,28,41,26,115,4,0,4,119
12/18/2014,AMA,TX,ASW,WE,Combined TRACON& Tower with Radar,26,36,46,67,175,0,0,8,1,9,26,36,54,68,184,2,74,76,260
12/19/2014,AMA,TX,ASW,WE,Combined TRACON& Tower with Radar,23,29,17,7,76,0,0,0,0,0,23,29,17,7,76,0,0,0,76
12/20/2014,AMA,TX,ASW,WE,Combined TRACON& Tower with Radar,20,23,33,0,76,0,0,10,1,11,20,23,43,1,87,18,0,18,105
12/21/2014,AMA,TX,ASW,WE,Combined TRACON& Tower with Radar,24,17,26,30,97,0,0,12,5,17,24,17,38,35,114,16,10,26,140
12/22/2014,AMA,TX,ASW,WE,Combined TRACON& Tower with Radar,21,27,53,42,143,0,4,6,6,16,21,31,59,48,159,8,110,118,277
12/23/2014,AMA,TX,ASW,WE,Combined TRACON& Tower with Radar,26,28,23,2,79,0,1,1,0,2,26,29,24,2,81,0,0,0,81
12/24/2014,AMA,TX,ASW,WE,Combined TRACON& Tower with Radar,20,11,4,6,41,0,2,4,0,6,20,13,8,6,47,0,0,0,47
12/25/2014,AMA,TX,ASW,WE,Combined TRACON& Tower with Radar,20,9,7,1,37,0,0,3,0,3,20,9,10,1,40,0,0,0,40
12/26/2014,AMA,TX,ASW,WE,Combined TRACON& Tower with Radar,22,21,21,0,64,0,0,0,0,0,22,21,21,0,64,0,0,0,64
12/27/2014,AMA,TX,ASW,WE,Combined TRACON& Tower with Radar,19,25,24,0,68,0,3,15,0,18,19,28,39,0,86,2,0,2,88
12/28/2014,AMA,TX,ASW,WE,Combined TRACON& Tower with Radar,19,19,15,0,53,0,0,2,0,2,19,19,17,0,55,0,0,0,55
12/29/2014,AMA,TX,ASW,WE,Combined TRACON& Tower with Radar,22,31,28,22,103,0,4,14,0,18,22,35,42,22,121,0,10,10,131
12/30/2014,AMA,TX,ASW,WE,Combined TRACON& Tower with Radar,21,20,15,0,56,0,0,0,0,0,21,20,15,0,56,0,0,0,56
12/31/2014,AMA,TX,ASW,WE,Combined TRACON& Tower with Radar,20,18,12,0,50,0,0,1,0,1,20,18,13,0,51,0,0,0,51
01/01/2015,AMA,TX,ASW,WE,Combined TRACON& Tower with Radar,13,8,11,0,32,0,0,1,0,1,13,8,12,0,33,0,0,0,33
01/02/2015,AMA,TX,ASW,WE,Combined TRACON& Tower with Radar,21,27,19,0,67,0,0,11,1,12,21,27,30,1,79,24,0,24,103
01/03/2015,AMA,TX,ASW,WE,Combined TRACON& Tower with Radar,15,16,9,0,40,0,0,1,0,1,15,16,10,0,41,0,0,0,41
01/04/2015,AMA,TX,ASW,WE,Combined TRACON& Tower with Radar,18,21,19,0,58,0,0,6,4,10,18,21,25,4,68,0,0,0,68
01/05/2015,AMA,TX,ASW,WE,Combined TRACON& Tower with Radar,21,20,20,19,80,0,2,5,6,13,21,22,25,25,93,0,10,10,103
01/06/2015,AMA,TX,ASW,WE,Combined TRACON& Tower with Radar,26,21,33,28,108,0,2,18,3,23,26,23,51,31,131,24,42,66,197
01/07/2015,AMA,TX,ASW,WE,Combined TRACON& Tower with Radar,41,17,10,22,90,0,0,3,0,3,41,17,13,22,93,0,74,74,167
01/08/2015,AMA,TX,ASW,WE,Combined TRACON& Tower with Radar,52,16,19,57,144,0,2,7,3,12,52,18,26,60,156,0,120,120,276
01/09/2015,AMA,TX,ASW,WE,Combined TRACON& Tower with Radar,22,17,17,105,161,0,2,10,1,13,22,19,27,106,174,0,92,92,266
01/10/2015,AMA,TX,ASW,WE,Combined TRACON& Tower with Radar,34,11,7,22,74,0,0,5,0,5,34,11,12,22,79,8,0,8,87
01/11/2015,AMA,TX,ASW,WE,Combined TRACON& Tower with Radar,34,14,26,33,107,0,0,7,0,7,34,14,33,33,114,16,18,34,148
01/12/2015,AMA,TX,ASW,WE,Combined TRACON& Tower with Radar,35,15,15,68,133,0,1,1,0,2,35,16,16,68,135,0,66,66,201
01/13/2015,AMA,TX,ASW,WE,Combined TRACON& Tower with Radar,26,17,18,24,85,0,0,3,0,3,26,17,21,24,88,4,14,18,106
01/14/2015,AMA,TX,ASW,WE,Combined TRACON& Tower with Radar,25,22,15,14,76,0,0,2,0,2,25,22,17,14,78,6,0,6,84
01/15/2015,AMA,TX,ASW,WE,Combined TRACON& Tower with Radar,26,22,33,158,239,0,2,25,3,30,26,24,58,161,269,28,132,160,429
01/16/2015,AMA,TX,ASW,WE,Combined TRACON& Tower with Radar,23,16,32,89,160,0,2,20,5,27,23,18,52,94,187,20,52,72,259
01/17/2015,AMA,TX,ASW,WE,Combined TRACON& Tower with Radar,18,13,14,2,47,0,0,7,0,7,18,13,21,2,54,0,0,0,54
01/18/2015,AMA,TX,ASW,WE,Combined TRACON& Tower with Radar,21,13,9,0,43,0,0,13,0,13,21,13,22,0,56,0,0,0,56
01/19/2015,AMA,TX,ASW,WE,Combined TRACON& Tower with Radar,25,14,31,28,98,0,2,32,8,42,25,16,63,36,140,50,32,82,222
01/20/2015,AMA,TX,ASW,WE,Combined TRACON& Tower with Radar,26,21,53,84,184,0,2,14,4,20,26,23,67,88,204,0,72,72,276
01/21/2015,AMA,TX,ASW,WE,Combined TRACON& Tower with Radar,22,27,26,15,90,0,0,0,2,2,22,27,26,17,92,0,14,14,106
01/22/2015,AMA,TX,ASW,WE,Combined TRACON& Tower with Radar,18,17,5,0,40,0,0,2,0,2,18,17,7,0,42,0,0,0,42
01/23/2015,AMA,TX,ASW,WE,Combined TRACON& Tower with Radar,22,22,49,128,221,0,2,16,2,20,22,24,65,130,241,14,56,70,311
01/24/2015,AMA,TX,ASW,WE,Combined TRACON& Tower with Radar,18,10,12,24,64,0,0,22,4,26,18,10,34,28,90,10,40,50,140
01/25/2015,AMA,TX,ASW,WE,Combined TRACON& Tower with Radar,18,16,19,35,88,0,0,14,4,18,18,16,33,39,106,18,4,22,128
01/26/2015,AMA,TX,ASW,WE,Combined TRACON& Tower with Radar,27,15,25,47,114,0,2,11,0,13,27,17,36,47,127,10,60,70,197
01/27/2015,AMA,TX,ASW,WE,Combined TRACON& Tower with Radar,23,24,45,35,127,0,2,15,1,18,23,26,60,36,145,4,66,70,215
01/28/2015,AMA,TX,ASW,WE,Combined TRACON& Tower with Radar,26,17,22,43,108,0,2,13,5,20,26,19,35,48,128,10,64,74,202
01/29/2015,AMA,TX,ASW,WE,Combined TRACON& Tower with Radar,23,27,43,42,135,0,2,10,4,16,23,29,53,46,151,44,30,74,225
01/30/2015,AMA,TX,ASW,WE,Combined TRACON& Tower with Radar,27,19,23,1,70,0,2,3,1,6,27,21,26,2,76,16,6,22,98
01/31/2015,AMA,TX,ASW,WE,Combined TRACON& Tower with Radar,19,15,7,0,41,0,0,0,0,0,19,15,7,0,41,0,0,0,41
02/01/2015,AMA,TX,ASW,WE,Combined TRACON& Tower with Radar,18,14,13,23,68,0,0,4,0,4,18,14,17,23,72,0,0,0,72
02/02/2015,AMA,TX,ASW,WE,Combined TRACON& Tower with Radar,25,17,22,40,104,0,2,7,7,16,25,19,29,47,120,14,54,68,188
02/03/2015,AMA,TX,ASW,WE,Combined TRACON& Tower with Radar,24,35,31,76,166,0,2,14,8,24,24,37,45,84,190,50,78,128,318
02/04/2015,AMA,TX,ASW,WE,Combined TRACON& Tower with Radar,28,25,34,8,95,0,0,1,6,7,28,25,35,14,102,28,54,82,184
02/05/2015,AMA,TX,ASW,WE,Combined TRACON& Tower with Radar,23,29,26,48,126,0,3,9,4,16,23,32,35,52,142,24,18,42,184
02/06/2015,AMA,TX,ASW,WE,Combined TRACON& Tower with Radar,25,21,13,42,101,0,2,21,10,33,25,23,34,52,134,58,62,120,254
02/07/2015,AMA,TX,ASW,WE,Combined TRACON& Tower with Radar,19,15,14,18,66,0,0,18,1,19,19,15,32,19,85,2,4,6,91
02/08/2015,AMA,TX,ASW,WE,Combined TRACON& Tower with Radar,21,18,15,20,74,0,0,8,2,10,21,18,23,22,84,0,0,0,84
02/09/2015,AMA,TX,ASW,WE,Combined TRACON& Tower with Radar,25,19,18,28,90,0,3,12,12,27,25,22,30,40,117,8,25,33,150
02/10/2015,AMA,TX,ASW,WE,Combined TRACON& Tower with Radar,24,22,29,42,117,0,2,18,5,25,24,24,47,47,142,8,50,58,200
02/11/2015,AMA,TX,ASW,WE,Combined TRACON& Tower with Radar,22,26,29,66,143,0,0,2,0,2,22,26,31,66,145,0,12,12,157
02/12/2015,AMA,TX,ASW,WE,Combined TRACON& Tower with Radar,21,30,39,22,112,0,2,17,2,21,21,32,56,24,133,28,8,36,169
02/13/2015,AMA,TX,ASW,WE,Combined TRACON& Tower with Radar,20,33,31,48,132,0,1,29,3,33,20,34,60,51,165,66,10,76,241
02/14/2015,AMA,TX,ASW,WE,Combined TRACON& Tower with Radar,14,14,22,25,75,0,0,19,3,22,14,14,41,28,97,14,10,24,121
02/15/2015,AMA,TX,ASW,WE,Combined TRACON& Tower with Radar,19,22,15,20,76,0,0,11,0,11,19,22,26,20,87,32,6,38,125
02/16/2015,AMA,TX,ASW,WE,Combined TRACON& Tower with Radar,18,27,24,0,69,0,1,6,0,7,18,28,30,0,76,10,0,10,86
02/17/2015,AMA,TX,ASW,WE,Combined TRACON& Tower with Radar,20,20,32,13,85,0,2,2,0,4,20,22,34,13,89,0,0,0,89
02/18/2015,AMA,TX,ASW,WE,Combined TRACON& Tower with Radar,20,21,52,30,123,0,2,10,7,19,20,23,62,37,142,20,54,74,216
02/19/2015,AMA,TX,ASW,WE,Combined TRACON& Tower with Radar,20,28,36,88,172,0,1,14,7,22,20,29,50,95,194,2,70,72,266
02/20/2015,AMA,TX,ASW,WE,Combined TRACON& Tower with Radar,21,28,68,90,207,0,0,11,4,15,21,28,79,94,222,20,112,132,354
02/21/2015,AMA,TX,ASW,WE,Combined TRACON& Tower with Radar,13,14,22,38,87,0,0,12,4,16,13,14,34,42,103,28,18,46,149
02/22/2015,AMA,TX,ASW,WE,Combined TRACON& Tower with Radar,8,9,6,0,23,0,0,0,0,0,8,9,6,0,23,0,0,0,23
02/23/2015,AMA,TX,ASW,WE,Combined TRACON& Tower with Radar,8,7,22,1,38,0,0,0,0,0,8,7,22,1,38,0,12,12,50
02/24/2015,AMA,TX,ASW,WE,Combined TRACON& Tower with Radar,15,20,27,37,99,0,0,7,3,10,15,20,34,40,109,12,72,84,193
02/25/2015,AMA,TX,ASW,WE,Combined TRACON& Tower with Radar,17,29,28,47,121,0,4,15,2,21,17,33,43,49,142,8,20,28,170
02/26/2015,AMA,TX,ASW,WE,Combined TRACON& Tower with Radar,19,22,19,8,68,0,0,1,4,5,19,22,20,12,73,4,10,14,87
02/27/2015,AMA,TX,ASW,WE,Combined TRACON& Tower with Radar,13,16,11,0,40,0,0,0,1,1,13,16,11,1,41,0,0,0,41
02/28/2015,AMA,TX,ASW,WE,Combined TRACON& Tower with Radar,8,10,5,0,23,0,0,1,1,2,8,10,6,1,25,0,0,0,25
03/01/2015,AMA,TX,ASW,WE,Combined TRACON& Tower with Radar,12,14,12,0,38,0,0,1,0,1,12,14,13,0,39,0,0,0,39
03/02/2015,AMA,TX,ASW,WE,Combined TRACON& Tower with Radar,16,19,48,39,122,0,0,2,0,2,16,19,50,39,124,0,0,0,124
03/03/2015,AMA,TX,ASW,WE,Combined TRACON& Tower with Radar,20,27,71,159,277,0,0,6,5,11,20,27,77,164,288,2,172,174,462
03/04/2015,AMA,TX,ASW,WE,Combined TRACON& Tower with Radar,14,21,12,0,47,0,0,0,0,0,14,21,12,0,47,0,0,0,47
03/05/2015,AMA,TX,ASW,WE,Combined TRACON& Tower with Radar,14,21,53,56,144,0,0,14,7,21,14,21,67,63,165,48,72,120,285
03/06/2015,AMA,TX,ASW,WE,Combined TRACON& Tower with Radar,18,23,23,33,97,0,0,22,1,23,18,23,45,34,120,56,22,78,198
03/07/2015,AMA,TX,ASW,WE,Combined TRACON& Tower with Radar,21,19,19,12,71,0,0,31,2,33,21,19,50,14,104,0,0,0,104
03/08/2015,AMA,TX,ASW,WE,Combined TRACON& Tower with Radar,26,20,36,45,127,0,0,17,5,22,26,20,53,50,149,6,16,22,171
03/09/2015,AMA,TX,ASW,WE,Combined TRACON& Tower with Radar,28,24,102,124,278,0,1,11,10,22,28,25,113,134,300,0,224,224,524
03/10/2015,AMA,TX,ASW,WE,Combined TRACON& Tower with Radar,24,18,39,106,187,0,1,13,7,21,24,19,52,113,208,18,76,94,302
03/11/2015,AMA,TX,ASW,WE,Combined TRACON& Tower with Radar,24,25,20,19,88,0,0,14,3,17,24,25,34,22,105,30,26,56,161
03/12/2015,AMA,TX,ASW,WE,Combined TRACON& Tower with Radar,24,17,31,55,127,0,0,10,4,14,24,17,41,59,141,30,96,126,267
03/13/2015,AMA,TX,ASW,WE,Combined TRACON& Tower with Radar,27,29,41,44,141,0,0,11,7,18,27,29,52,51,159,34,42,76,235
03/14/2015,AMA,TX,ASW,WE,Combined TRACON& Tower with Radar,23,19,24,19,85,0,0,27,2,29,23,19,51,21,114,0,0,0,114
03/15/2015,AMA,TX,ASW,WE,Combined TRACON& Tower with Radar,22,23,29,50,124,0,0,15,6,21,22,23,44,56,145,6,16,22,167
03/16/2015,AMA,TX,ASW,WE,Combined TRACON& Tower with Radar,24,15,30,53,122,0,0,16,5,21,24,15,46,58,143,6,38,44,187
03/17/2015,AMA,TX,ASW,WE,Combined TRACON& Tower with Radar,25,21,22,22,90,0,0,2,7,9,25,21,24,29,99,0,36,36,135
03/18/2015,AMA,TX,ASW,WE,Combined TRACON& Tower with Radar,28,23,40,76,167,0,0,8,6,14,28,23,48,82,181,22,64,86,267
03/19/2015,AMA,TX,ASW,WE,Combined TRACON& Tower with Radar,23,27,28,3,81,0,0,1,0,1,23,27,29,3,82,0,0,0,82
03/20/2015,AMA,TX,ASW,WE,Combined TRACON& Tower with Radar,23,17,66,63,169,0,0,17,3,20,23,17,83,66,189,28,62,90,279
03/21/2015,AMA,TX,ASW,WE,Combined TRACON& Tower with Radar,22,21,10,3,56,0,1,15,6,22,22,22,25,9,78,34,16,50,128
03/22/2015,AMA,TX,ASW,WE,Combined TRACON& Tower with Radar,26,25,35,19,105,0,2,15,2,19,26,27,50,21,124,32,10,42,166
03/23/2015,AMA,TX,ASW,WE,Combined TRACON& Tower with Radar,22,26,36,34,118,0,0,15,4,19,22,26,51,38,137,26,112,138,275
03/24/2015,AMA,TX,ASW,WE,Combined TRACON& Tower with Radar,20,32,27,10,89,0,0,11,2,13,20,32,38,12,102,28,4,32,134
03/25/2015,AMA,TX,ASW,WE,Combined TRACON& Tower with Radar,25,27,49,33,134,0,1,7,12,20,25,28,56,45,154,18,38,56,210
03/26/2015,AMA,TX,ASW,WE,Combined TRACON& Tower with Radar,24,23,40,18,105,0,0,15,6,21,24,23,55,24,126,12,6,18,144
03/27/2015,AMA,TX,ASW,WE,Combined TRACON& Tower with Radar,25,17,21,38,101,0,0,20,7,27,25,17,41,45,128,48,34,82,210
03/28/2015,AMA,TX,ASW,WE,Combined TRACON& Tower with Radar,24,10,10,39,83,0,0,22,6,28,24,10,32,45,111,90,10,100,211
03/29/2015,AMA,TX,ASW,WE,Combined TRACON& Tower with Radar,17,20,22,23,82,0,1,6,5,12,17,21,28,28,94,0,2,2,96
03/30/2015,AMA,TX,ASW,WE,Combined TRACON& Tower with Radar,19,20,29,47,115,0,2,16,4,22,19,22,45,51,137,0,54,54,191
03/31/2015,AMA,TX,ASW,WE,Combined TRACON& Tower with Radar,20,21,47,24,112,0,1,16,1,18,20,22,63,25,130,2,20,22,152
04/01/2015,AMA,TX,ASW,WE,Combined TRACON& Tower with Radar,20,25,44,119,208,0,0,18,4,22,20,25,62,123,230,20,92,112,342
04/02/2015,AMA,TX,ASW,WE,Combined TRACON& Tower with Radar,19,19,40,58,136,0,0,17,1,18,19,19,57,59,154,4,42,46,200
04/03/2015,AMA,TX,ASW,WE,Combined TRACON& Tower with Radar,24,25,30,25,104,0,0,15,0,15,24,25,45,25,119,0,22,22,141
04/04/2015,AMA,TX,ASW,WE,Combined TRACON& Tower with Radar,18,16,16,4,54,0,0,11,0,11,18,16,27,4,65,0,0,0,65
04/05/2015,AMA,TX,ASW,WE,Combined TRACON& Tower with Radar,16,15,19,23,73,0,0,4,1,5,16,15,23,24,78,6,0,6,84
04/06/2015,AMA,TX,ASW,WE,Combined TRACON& Tower with Radar,22,21,41,79,163,0,0,5,1,6,22,21,46,80,169,0,108,108,277
04/07/2015,AMA,TX,ASW,WE,Combined TRACON& Tower with Radar,22,16,71,40,149,0,0,15,3,18,22,16,86,43,167,12,108,120,287
04/08/2015,AMA,TX,ASW,WE,Combined TRACON& Tower with Radar,17,29,35,51,132,0,1,4,9,14,17,30,39,60,146,0,88,88,234
04/09/2015,AMA,TX,ASW,WE,Combined TRACON& Tower with Radar,19,19,60,47,145,0,1,23,4,28,19,20,83,51,173,26,170,196,369
04/10/2015,AMA,TX,ASW,WE,Combined TRACON& Tower with Radar,18,26,32,40,116,0,2,23,1,26,18,28,55,41,142,12,44,56,198
04/11/2015,AMA,TX,ASW,WE,Combined TRACON& Tower with Radar,15,11,20,0,46,0,0,4,2,6,15,11,24,2,52,0,0,0,52
04/12/2015,AMA,TX,ASW,WE,Combined TRACON& Tower with Radar,17,20,29,12,78,0,0,2,2,4,17,20,31,14,82,0,14,14,96
04/13/2015,AMA,TX,ASW,WE,Combined TRACON& Tower with Radar,12,18,42,10,82,0,0,2,3,5,12,18,44,13,87,0,2,2,89
04/14/2015,AMA,TX,ASW,WE,Combined TRACON& Tower with Radar,19,25,31,73,148,0,0,11,7,18,19,25,42,80,166,4,30,34,200
04/15/2015,AMA,TX,ASW,WE,Combined TRACON& Tower with Radar,18,19,39,21,97,0,1,14,5,20,18,20,53,26,117,0,64,64,181
04/16/2015,AMA,TX,ASW,WE,Combined TRACON& Tower with Radar,18,18,23,17,76,0,0,3,7,10,18,18,26,24,86,0,38,38,124
04/17/2015,AMA,TX,ASW,WE,Combined TRACON& Tower with Radar,20,26,46,53,145,0,4,6,7,17,20,30,52,60,162,8,106,114,276
04/18/2015,AMA,TX,ASW,WE,Combined TRACON& Tower with Radar,16,14,11,5,46,0,0,12,6,18,16,14,23,11,64,12,0,12,76
04/19/2015,AMA,TX,ASW,WE,Combined TRACON& Tower with Radar,16,18,20,8,62,0,0,5,2,7,16,18,25,10,69,0,2,2,71
04/20/2015,AMA,TX,ASW,WE,Combined TRACON& Tower with Radar,18,18,19,23,78,0,0,10,2,12,18,18,29,25,90,0,10,10,100
04/21/2015,AMA,TX,ASW,WE,Combined TRACON& Tower with Radar,19,21,35,40,115,0,2,19,4,25,19,23,54,44,140,18,14,32,172
04/22/2015,AMA,TX,ASW,WE,Combined TRACON& Tower with Radar,18,26,15,49,108,0,0,6,5,11,18,26,21,54,119,6,78,84,203
04/23/2015,AMA,TX,ASW,WE,Combined TRACON& Tower with Radar,19,25,18,61,123,0,1,3,4,8,19,26,21,65,131,0,34,34,165
04/24/2015,AMA,TX,ASW,WE,Combined TRACON& Tower with Radar,17,28,57,87,189,0,0,11,1,12,17,28,68,88,201,20,184,204,405
04/25/2015,AMA,TX,ASW,WE,Combined TRACON& Tower with Radar,17,9,16,20,62,0,3,20,1,24,17,12,36,21,86,32,16,48,134
04/26/2015,AMA,TX,ASW,WE,Combined TRACON& Tower with Radar,16,20,20,121,177,4,0,4,5,13,20,20,24,126,190,4,46,50,240
04/27/2015,AMA,TX,ASW,WE,Combined TRACON& Tower with Radar,18,17,19,28,82,0,0,0,0,0,18,17,19,28,82,0,0,0,82
04/28/2015,AMA,TX,ASW,WE,Combined TRACON& Tower with Radar,55,29,26,21,131,0,0,9,3,12,55,29,35,24,143,40,70,110,253
04/29/2015,AMA,TX,ASW,WE,Combined TRACON& Tower with Radar,25,21,27,11,84,0,0,10,10,20,25,21,37,21,104,26,0,26,130
04/30/2015,AMA,TX,ASW,WE,Combined TRACON& Tower with Radar,23,29,22,41,115,0,2,18,2,22,23,31,40,43,137,0,56,56,193
05/01/2015,AMA,TX,ASW,WE,Combined TRACON& Tower with Radar,21,32,15,40,108,0,0,13,5,18,21,32,28,45,126,36,120,156,282
05/02/2015,AMA,TX,ASW,WE,Combined TRACON& Tower with Radar,25,13,14,4,56,0,0,10,4,14,25,13,24,8,70,0,0,0,70
05/03/2015,AMA,TX,ASW,WE,Combined TRACON& Tower with Radar,19,16,12,6,53,0,0,9,6,15,19,16,21,12,68,0,2,2,70
05/04/2015,AMA,TX,ASW,WE,Combined TRACON& Tower with Radar,19,19,15,25,78,0,0,3,1,4,19,19,18,26,82,0,10,10,92
05/05/2015,AMA,TX,ASW,WE,Combined TRACON& Tower with Radar,19,18,22,2,61,0,0,3,0,3,19,18,25,2,64,0,4,4,68
05/06/2015,AMA,TX,ASW,WE,Combined TRACON& Tower with Radar,18,18,81,31,148,0,0,11,5,16,18,18,92,36,164,0,96,96,260
05/07/2015,AMA,TX,ASW,WE,Combined TRACON& Tower with Radar,20,21,31,52,124,0,0,6,1,7,20,21,37,53,131,4,94,98,229
05/08/2015,AMA,TX,ASW,WE,Combined TRACON& Tower with Radar,20,18,17,16,71,0,0,3,0,3,20,18,20,16,74,0,0,0,74
05/09/2015,AMA,TX,ASW,WE,Combined TRACON& Tower with Radar,13,16,9,57,95,0,0,9,1,10,13,16,18,58,105,0,6,6,111
05/10/2015,AMA,TX,ASW,WE,Combined TRACON& Tower with Radar,12,12,21,10,55,0,0,19,6,25,12,12,40,16,80,24,6,30,110
05/11/2015,AMA,TX,ASW,WE,Combined TRACON& Tower with Radar,16,20,63,28,127,0,1,26,3,30,16,21,89,31,157,0,120,120,277
05/12/2015,AMA,TX,ASW,WE,Combined TRACON& Tower with Radar,24,23,33,41,121,0,0,7,5,12,24,23,40,46,133,52,74,126,259
05/13/2015,AMA,TX,ASW,WE,Combined TRACON& Tower with Radar,18,23,10,11,62,0,0,2,0,2,18,23,12,11,64,0,0,0,64
05/14/2015,AMA,TX,ASW,WE,Combined TRACON& Tower with Radar,18,21,60,97,196,0,0,20,8,28,18,21,80,105,224,42,238,280,504
05/15/2015,AMA,TX,ASW,WE,Combined TRACON& Tower with Radar,17,26,77,91,211,0,0,6,4,10,17,26,83,95,221,0,80,80,301
05/16/2015,AMA,TX,ASW,WE,Combined TRACON& Tower with Radar,13,23,24,2,62,0,0,1,0,1,13,23,25,2,63,0,8,8,71
05/17/2015,AMA,TX,ASW,WE,Combined TRACON& Tower with Radar,15,16,31,5,67,0,0,14,7,21,15,16,45,12,88,14,16,30,118
05/18/2015,AMA,TX,ASW,WE,Combined TRACON& Tower with Radar,21,21,33,47,122,0,2,16,9,27,21,23,49,56,149,74,28,102,251
05/19/2015,AMA,TX,ASW,WE,Combined TRACON& Tower with Radar,15,23,11,4,53,0,0,0,0,0,15,23,11,4,53,0,0,0,53
05/20/2015,AMA,TX,ASW,WE,Combined TRACON& Tower with Radar,17,25,25,13,80,0,0,3,1,4,17,25,28,14,84,6,0,6,90
05/21/2015,AMA,TX,ASW,WE,Combined TRACON& Tower with Radar,17,25,22,40,104,0,0,2,5,7,17,25,24,45,111,4,46,50,161
05/22/2015,AMA,TX,ASW,WE,Combined TRACON& Tower with Radar,20,22,21,4,67,0,0,1,0,1,20,22,22,4,68,0,0,0,68
05/23/2015,AMA,TX,ASW,WE,Combined TRACON& Tower with Radar,11,17,6,0,34,0,0,1,3,4,11,17,7,3,38,0,0,0,38
05/24/2015,AMA,TX,ASW,WE,Combined TRACON& Tower with Radar,14,13,10,7,44,0,0,6,5,11,14,13,16,12,55,16,10,26,81
05/25/2015,AMA,TX,ASW,WE,Combined TRACON& Tower with Radar,20,14,26,6,66,0,0,11,3,14,20,14,37,9,80,42,22,64,144
05/26/2015,AMA,TX,ASW,WE,Combined TRACON& Tower with Radar,18,18,32,76,144,0,0,26,11,37,18,18,58,87,181,20,138,158,339
05/27/2015,AMA,TX,ASW,WE,Combined TRACON& Tower with Radar,16,20,28,31,95,0,0,14,6,20,16,20,42,37,115,4,86,90,205
05/28/2015,AMA,TX,ASW,WE,Combined TRACON& Tower with Radar,14,24,40,47,125,0,0,6,6,12,14,24,46,53,137,0,12,12,149
05/29/2015,AMA,TX,ASW,WE,Combined TRACON& Tower with Radar,19,25,48,88,180,0,0,9,9,18,19,25,57,97,198,0,44,44,242
05/30/2015,AMA,TX,ASW,WE,Combined TRACON& Tower with Radar,13,19,43,22,97,0,0,11,1,12,13,19,54,23,109,22,4,26,135
05/31/2015,AMA,TX,ASW,WE,Combined TRACON& Tower with Radar,16,20,21,8,65,0,0,16,5,21,16,20,37,13,86,40,14,54,140
06/01/2015,AMA,TX,ASW,WE,Combined TRACON& Tower with Radar,15,18,22,30,85,0,0,11,4,15,15,18,33,34,100,8,18,26,126
06/02/2015,AMA,TX,ASW,WE,Combined TRACON& Tower with Radar,18,19,22,38,97,0,0,12,7,19,18,19,34,45,116,12,4,16,132
06/03/2015,AMA,TX,ASW,WE,Combined TRACON& Tower with Radar,17,17,30,51,115,0,0,20,5,25,17,17,50,56,140,20,48,68,208
06/04/2015,AMA,TX,ASW,WE,Combined TRACON& Tower with Radar,17,28,19,36,100,0,0,12,1,13,17,28,31,37,113,16,30,46,159
06/05/2015,AMA,TX,ASW,WE,Combined TRACON& Tower with Radar,16,28,27,19,90,0,0,18,6,24,16,28,45,25,114,2,8,10,124
06/06/2015,AMA,TX,ASW,WE,Combined TRACON& Tower with Radar,10,21,29,22,82,0,1,26,2,29,10,22,55,24,111,26,0,26,137
06/07/2015,AMA,TX,ASW,WE,Combined TRACON& Tower with Radar,16,30,17,24,87,0,2,18,2,22,16,32,35,26,109,0,0,0,109
06/08/2015,AMA,TX,ASW,WE,Combined TRACON& Tower with Radar,13,20,21,1,55,0,0,15,0,15,13,20,36,1,70,110,18,128,198
06/09/2015,AMA,TX,ASW,WE,Combined TRACON& Tower with Radar,15,26,22,33,96,0,0,8,2,10,15,26,30,35,106,40,20,60,166
06/10/2015,AMA,TX,ASW,WE,Combined TRACON& Tower with Radar,14,32,26,4,76,0,0,13,3,16,14,32,39,7,92,48,0,48,140
06/11/2015,AMA,TX,ASW,WE,Combined TRACON& Tower with Radar,18,32,45,17,112,0,0,24,4,28,18,32,69,21,140,4,26,30,170
06/12/2015,AMA,TX,ASW,WE,Combined TRACON& Tower with Radar,14,29,37,5,85,0,0,7,2,9,14,29,44,7,94,0,10,10,104
06/13/2015,AMA,TX,ASW,WE,Combined TRACON& Tower with Radar,10,21,8,0,39,0,0,5,0,5,10,21,13,0,44,0,0,0,44
06/14/2015,AMA,TX,ASW,WE,Combined TRACON& Tower with Radar,13,27,32,28,100,0,0,9,1,10,13,27,41,29,110,0,0,0,110
06/15/2015,AMA,TX,ASW,WE,Combined TRACON& Tower with Radar,14,31,63,59,167,0,0,9,5,14,14,31,72,64,181,0,60,60,241
06/16/2015,AMA,TX,ASW,WE,Combined TRACON& Tower with Radar,11,32,56,102,201,0,1,4,10,15,11,33,60,112,216,0,78,78,294
06/17/2015,AMA,TX,ASW,WE,Combined TRACON& Tower with Radar,9,30,52,69,160,0,4,2,9,15,9,34,54,78,175,24,14,38,213
06/18/2015,AMA,TX,ASW,WE,Combined TRACON& Tower with Radar,15,37,67,53,172,0,0,10,7,17,15,37,77,60,189,12,4,16,205
06/19/2015,AMA,TX,ASW,WE,Combined TRACON& Tower with Radar,13,27,24,64,128,0,2,14,11,27,13,29,38,75,155,26,40,66,221
06/20/2015,AMA,TX,ASW,WE,Combined TRACON& Tower with Radar,9,25,14,19,67,0,1,10,2,13,9,26,24,21,80,32,2,34,114
06/21/2015,AMA,TX,ASW,WE,Combined TRACON& Tower with Radar,12,34,18,9,73,0,0,10,5,15,12,34,28,14,88,54,54,108,196
06/22/2015,AMA,TX,ASW,WE,Combined TRACON& Tower with Radar,13,28,22,20,83,0,0,15,3,18,13,28,37,23,101,44,18,62,163
06/23/2015,AMA,TX,ASW,WE,Combined TRACON& Tower with Radar,13,30,29,14,86,0,0,21,8,29,13,30,50,22,115,8,34,42,157
06/24/2015,AMA,TX,ASW,WE,Combined TRACON& Tower with Radar,17,30,28,19,94,0,0,15,11,26,17,30,43,30,120,20,44,64,184
06/25/2015,AMA,TX,ASW,WE,Combined TRACON& Tower with Radar,14,30,33,22,99,0,0,20,10,30,14,30,53,32,129,0,38,38,167
06/26/2015,AMA,TX,ASW,WE,Combined TRACON& Tower with Radar,19,24,32,70,145,0,0,27,9,36,19,24,59,79,181,0,22,22,203
06/27/2015,AMA,TX,ASW,WE,Combined TRACON& Tower with Radar,9,23,20,31,83,0,1,19,4,24,9,24,39,35,107,26,0,26,133
06/28/2015,AMA,TX,ASW,WE,Combined TRACON& Tower with Radar,10,28,21,56,115,0,0,18,2,20,10,28,39,58,135,12,2,14,149
06/29/2015,AMA,TX,ASW,WE,Combined TRACON& Tower with Radar,12,23,24,40,99,0,0,11,9,20,12,23,35,49,119,16,22,38,157
06/30/2015,AMA,TX,ASW,WE,Combined TRACON& Tower with Radar,12,28,33,15,88,0,0,31,10,41,12,28,64,25,129,0,10,10,139
07/01/2015,AMA,TX,ASW,WE,Combined TRACON& Tower with Radar,13,27,29,42,111,0,0,10,3,13,13,27,39,45,124,22,18,40,164
07/02/2015,AMA,TX,ASW,WE,Combined TRACON& Tower with Radar,16,24,16,8,64,0,0,9,2,11,16,24,25,10,75,68,0,68,143
07/03/2015,AMA,TX,ASW,WE,Combined TRACON& Tower with Radar,12,20,9,0,41,0,0,14,1,15,12,20,23,1,56,20,0,20,76
07/04/2015,AMA,TX,ASW,WE,Combined TRACON& Tower with Radar,8,19,15,1,43,0,0,11,0,11,8,19,26,1,54,18,0,18,72
07/05/2015,AMA,TX,ASW,WE,Combined TRACON& Tower with Radar,10,27,20,2,59,0,0,15,0,15,10,27,35,2,74,2,0,2,76
07/06/2015,AMA,TX,ASW,WE,Combined TRACON& Tower with Radar,13,29,24,8,74,0,0,18,0,18,13,29,42,8,92,0,0,0,92
07/07/2015,AMA,TX,ASW,WE,Combined TRACON& Tower with Radar,14,34,25,2,75,0,0,0,0,0,14,34,25,2,75,0,0,0,75
07/08/2015,AMA,TX,ASW,WE,Combined TRACON& Tower with Radar,15,33,40,52,140,0,0,10,4,14,15,33,50,56,154,32,66,98,252
07/09/2015,AMA,TX,ASW,WE,Combined TRACON& Tower with Radar,13,29,41,46,129,0,0,4,6,10,13,29,45,52,139,16,10,26,165
07/10/2015,AMA,TX,ASW,WE,Combined TRACON& Tower with Radar,13,26,32,58,129,0,0,8,3,11,13,26,40,61,140,46,32,78,218
07/11/2015,AMA,TX,ASW,WE,Combined TRACON& Tower with Radar,11,21,16,1,49,0,0,19,3,22,11,21,35,4,71,36,24,60,131
07/12/2015,AMA,TX,ASW,WE,Combined TRACON& Tower with Radar,10,24,24,31,89,0,0,13,2,15,10,24,37,33,104,14,14,28,132
07/13/2015,AMA,TX,ASW,WE,Combined TRACON& Tower with Radar,13,24,24,24,85,0,3,21,4,28,13,27,45,28,113,54,14,68,181
07/14/2015,AMA,TX,ASW,WE,Combined TRACON& Tower with Radar,21,35,37,27,120,0,0,12,6,18,21,35,49,33,138,26,0,26,164
07/15/2015,AMA,TX,ASW,WE,Combined TRACON& Tower with Radar,19,31,17,17,84,0,0,14,6,20,19,31,31,23,104,22,0,22,126
07/16/2015,AMA,TX,ASW,WE,Combined TRACON& Tower with Radar,11,25,15,26,77,0,3,16,7,26,11,28,31,33,103,22,26,48,151
07/17/2015,AMA,TX,ASW,WE,Combined TRACON& Tower with Radar,12,33,38,18,101,0,0,15,3,18,12,33,53,21,119,6,6,12,131
07/18/2015,AMA,TX,ASW,WE,Combined TRACON& Tower with Radar,9,23,11,6,49,0,1,16,5,22,9,24,27,11,71,56,14,70,141
07/19/2015,AMA,TX,ASW,WE,Combined TRACON& Tower with Radar,11,23,15,5,54,0,0,11,3,14,11,23,26,8,68,0,0,0,68
07/20/2015,AMA,TX,ASW,WE,Combined TRACON& Tower with Radar,11,27,25,6,69,0,0,18,6,24,11,27,43,12,93,10,4,14,107
07/21/2015,AMA,TX,ASW,WE,Combined TRACON& Tower with Radar,15,26,22,21,84,0,0,16,4,20,15,26,38,25,104,4,30,34,138
07/22/2015,AMA,TX,ASW,WE,Combined TRACON& Tower with Radar,13,33,30,24,100,0,2,3,8,13,13,35,33,32,113,34,6,40,153
07/23/2015,AMA,TX,ASW,WE,Combined TRACON& Tower with Radar,13,29,19,13,74,0,2,10,12,24,13,31,29,25,98,20,2,22,120
07/24/2015,AMA,TX,ASW,WE,Combined TRACON& Tower with Radar,15,29,15,30,89,0,1,13,5,19,15,30,28,35,108,0,0,0,108
07/25/2015,AMA,TX,ASW,WE,Combined TRACON& Tower with Radar,9,25,17,56,107,0,0,12,10,22,9,25,29,66,129,16,4,20,149
07/26/2015,AMA,TX,ASW,WE,Combined TRACON& Tower with Radar,12,28,18,9,67,0,0,12,2,14,12,28,30,11,81,16,4,20,101
07/27/2015,AMA,TX,ASW,WE,Combined TRACON& Tower with Radar,14,27,28,18,87,0,4,29,3,36,14,31,57,21,123,22,0,22,145
07/28/2015,AMA,TX,ASW,WE,Combined TRACON& Tower with Radar,11,23,22,29,85,0,1,10,7,18,11,24,32,36,103,6,16,22,125
07/29/2015,AMA,TX,ASW,WE,Combined TRACON& Tower with Radar,18,25,38,17,98,0,0,19,2,21,18,25,57,19,119,66,14,80,199
07/30/2015,AMA,TX,ASW,WE,Combined TRACON& Tower with Radar,15,34,23,11,83,0,0,16,4,20,15,34,39,15,103,12,14,26,129
07/31/2015,AMA,TX,ASW,WE,Combined TRACON& Tower with Radar,14,35,20,12,81,0,0,4,3,7,14,35,24,15,88,0,0,0,88
08/01/2015,AMA,TX,ASW,WE,Combined TRACON& Tower with Radar,13,21,7,36,77,0,0,4,7,11,13,21,11,43,88,18,6,24,112
08/02/2015,AMA,TX,ASW,WE,Combined TRACON& Tower with Radar,13,25,17,9,64,0,0,13,0,13,13,25,30,9,77,0,0,0,77
08/03/2015,AMA,TX,ASW,WE,Combined TRACON& Tower with Radar,15,25,33,14,87,0,0,9,5,14,15,25,42,19,101,20,14,34,135
08/04/2015,AMA,TX,ASW,WE,Combined TRACON& Tower with Radar,17,22,75,23,137,0,0,12,5,17,17,22,87,28,154,0,4,4,158
08/05/2015,AMA,TX,ASW,WE,Combined TRACON& Tower with Radar,18,21,32,38,109,0,0,13,3,16,18,21,45,41,125,2,10,12,137
08/06/2015,AMA,TX,ASW,WE,Combined TRACON& Tower with Radar,22,21,13,17,73,0,0,21,2,23,22,21,34,19,96,40,8,48,144
08/07/2015,AMA,TX,ASW,WE,Combined TRACON& Tower with Radar,20,20,22,71,133,0,0,12,11,23,20,20,34,82,156,36,114,150,306
08/08/2015,AMA,TX,ASW,WE,Combined TRACON& Tower with Radar,24,25,18,6,73,0,0,18,2,20,24,25,36,8,93,64,0,64,157
08/09/2015,AMA,TX,ASW,WE,Combined TRACON& Tower with Radar,22,17,33,33,105,0,0,14,5,19,22,17,47,38,124,0,0,0,124
08/10/2015,AMA,TX,ASW,WE,Combined TRACON& Tower with Radar,22,19,13,40,94,0,0,6,6,12,22,19,19,46,106,0,24,24,130
08/11/2015,AMA,TX,ASW,WE,Combined TRACON& Tower with Radar,27,15,35,28,105,0,0,20,1,21,27,15,55,29,126,24,0,24,150
08/12/2015,AMA,TX,ASW,WE,Combined TRACON& Tower with Radar,21,16,24,38,99,0,0,15,0,15,21,16,39,38,114,20,20,40,154
08/13/2015,AMA,TX,ASW,WE,Combined TRACON& Tower with Radar,23,20,48,23,114,0,0,21,1,22,23,20,69,24,136,8,24,32,168
08/14/2015,AMA,TX,ASW,WE,Combined TRACON& Tower with Radar,21,16,29,64,130,0,0,17,2,19,21,16,46,66,149,16,46,62,211
08/15/2015,AMA,TX,ASW,WE,Combined TRACON& Tower with Radar,17,15,31,13,76,0,0,10,2,12,17,15,41,15,88,72,0,72,160
08/16/2015,AMA,TX,ASW,WE,Combined TRACON& Tower with Radar,21,14,24,19,78,0,0,10,2,12,21,14,34,21,90,2,0,2,92
08/17/2015,AMA,TX,ASW,WE,Combined TRACON& Tower with Radar,22,24,36,33,115,0,2,12,0,14,22,26,48,33,129,30,4,34,163
08/18/2015,AMA,TX,ASW,WE,Combined TRACON& Tower with Radar,20,25,38,21,104,0,1,15,1,17,20,26,53,22,121,56,0,56,177
08/19/2015,AMA,TX,ASW,WE,Combined TRACON& Tower with Radar,21,23,32,60,136,0,0,9,1,10,21,23,41,61,146,0,20,20,166
08/20/2015,AMA,TX,ASW,WE,Combined TRACON& Tower with Radar,20,18,22,29,89,0,3,21,7,31,20,21,43,36,120,4,16,20,140
08/21/2015,AMA,TX,ASW,WE,Combined TRACON& Tower with Radar,19,19,17,20,75,0,0,3,2,5,19,19,20,22,80,0,6,6,86
08/22/2015,AMA,TX,ASW,WE,Combined TRACON& Tower with Radar,14,11,11,31,67,0,2,9,2,13,14,13,20,33,80,16,14,30,110
08/23/2015,AMA,TX,ASW,WE,Combined TRACON& Tower with Radar,20,16,13,41,90,0,0,4,1,5,20,16,17,42,95,0,10,10,105
08/24/2015,AMA,TX,ASW,WE,Combined TRACON& Tower with Radar,20,16,11,37,84,0,0,12,3,15,20,16,23,40,99,0,20,20,119
08/25/2015,AMA,TX,ASW,WE,Combined TRACON& Tower with Radar,19,17,22,27,85,0,0,13,4,17,19,17,35,31,102,36,188,224,326
08/26/2015,AMA,TX,ASW,WE,Combined TRACON& Tower with Radar,21,22,24,7,74,0,0,15,4,19,21,22,39,11,93,0,50,50,143
08/27/2015,AMA,TX,ASW,WE,Combined TRACON& Tower with Radar,20,14,15,25,74,0,0,21,2,23,20,14,36,27,97,0,32,32,129
08/28/2015,AMA,TX,ASW,WE,Combined TRACON& Tower with Radar,20,14,27,24,85,0,1,12,3,16,20,15,39,27,101,16,36,52,153
08/29/2015,AMA,TX,ASW,WE,Combined TRACON& Tower with Radar,15,13,11,7,46,0,0,12,1,13,15,13,23,8,59,68,0,68,127
08/30/2015,AMA,TX,ASW,WE,Combined TRACON& Tower with Radar,20,17,27,11,75,0,0,11,2,13,20,17,38,13,88,0,2,2,90
08/31/2015,AMA,TX,ASW,WE,Combined TRACON& Tower with Radar,26,17,30,8,81,0,1,18,5,24,26,18,48,13,105,2,2,4,109
09/01/2015,AMA,TX,ASW,WE,Combined TRACON& Tower with Radar,22,19,22,8,71,0,0,13,2,15,22,19,35,10,86,12,8,20,106
09/02/2015,AMA,TX,ASW,WE,Combined TRACON& Tower with Radar,20,16,21,46,103,0,0,13,7,20,20,16,34,53,123,18,36,54,177
09/03/2015,AMA,TX,ASW,WE,Combined TRACON& Tower with Radar,19,19,23,28,89,0,1,11,7,19,19,20,34,35,108,22,8,30,138
09/04/2015,AMA,TX,ASW,WE,Combined TRACON& Tower with Radar,21,18,23,2,64,0,0,15,6,21,21,18,38,8,85,46,0,46,131
09/05/2015,AMA,TX,ASW,WE,Combined TRACON& Tower with Radar,13,13,13,5,44,0,0,17,5,22,13,13,30,10,66,26,12,38,104
09/06/2015,AMA,TX,ASW,WE,Combined TRACON& Tower with Radar,10,14,9,1,34,0,2,10,1,13,10,16,19,2,47,0,10,10,57
09/07/2015,AMA,TX,ASW,WE,Combined TRACON& Tower with Radar,17,15,23,4,59,0,0,24,3,27,17,15,47,7,86,6,0,6,92
09/08/2015,AMA,TX,ASW,WE,Combined TRACON& Tower with Radar,19,27,34,15,95,0,3,19,2,24,19,30,53,17,119,52,12,64,183
09/09/2015,AMA,TX,ASW,WE,Combined TRACON& Tower with Radar,20,30,29,40,119,0,4,10,4,18,20,34,39,44,137,94,8,102,239
09/10/2015,AMA,TX,ASW,WE,Combined TRACON& Tower with Radar,19,25,34,44,122,0,0,15,9,24,19,25,49,53,146,6,10,16,162
09/11/2015,AMA,TX,ASW,WE,Combined TRACON& Tower with Radar,19,21,21,8,69,0,0,2,0,2,19,21,23,8,71,18,0,18,89
09/12/2015,AMA,TX,ASW,WE,Combined TRACON& Tower with Radar,12,13,32,25,82,0,0,8,5,13,12,13,40,30,95,42,10,52,147
09/13/2015,AMA,TX,ASW,WE,Combined TRACON& Tower with Radar,21,16,32,35,104,0,0,11,2,13,21,16,43,37,117,10,72,82,199
09/14/2015,AMA,TX,ASW,WE,Combined TRACON& Tower with Radar,19,20,30,38,107,0,0,12,5,17,19,20,42,43,124,2,22,24,148
09/15/2015,AMA,TX,ASW,WE,Combined TRACON& Tower with Radar,19,27,27,46,119,0,0,11,10,21,19,27,38,56,140,20,36,56,196
09/16/2015,AMA,TX,ASW,WE,Combined TRACON& Tower with Radar,18,21,30,9,78,0,1,16,10,27,18,22,46,19,105,4,28,32,137
09/17/2015,AMA,TX,ASW,WE,Combined TRACON& Tower with Radar,17,25,23,41,106,0,0,12,15,27,17,25,35,56,133,52,32,84,217
09/18/2015,AMA,TX,ASW,WE,Combined TRACON& Tower with Radar,19,24,31,91,165,0,0,16,6,22,19,24,47,97,187,26,94,120,307
09/19/2015,AMA,TX,ASW,WE,Combined TRACON& Tower with Radar,12,10,12,46,80,0,0,7,4,11,12,10,19,50,91,0,0,0,91
09/20/2015,AMA,TX,ASW,WE,Combined TRACON& Tower with Radar,17,17,24,12,70,0,0,9,0,9,17,17,33,12,79,28,0,28,107
09/21/2015,AMA,TX,ASW,WE,Combined TRACON& Tower with Radar,17,17,32,60,126,0,0,13,6,19,17,17,45,66,145,44,120,164,309
09/22/2015,AMA,TX,ASW,WE,Combined TRACON& Tower with Radar,17,25,16,26,84,0,0,5,1,6,17,25,21,27,90,0,22,22,112
09/23/2015,AMA,TX,ASW,WE,Combined TRACON& Tower with Radar,17,18,20,9,64,0,0,5,1,6,17,18,25,10,70,0,24,24,94
09/24/2015,AMA,TX,ASW,WE,Combined TRACON& Tower with Radar,17,20,18,26,81,0,0,7,5,12,17,20,25,31,93,34,42,76,169
09/25/2015,AMA,TX,ASW,WE,Combined TRACON& Tower with Radar,18,20,29,58,125,0,0,27,12,39,18,20,56,70,164,70,48,118,282
09/26/2015,AMA,TX,ASW,WE,Combined TRACON& Tower with Radar,16,17,13,59,105,0,3,11,6,20,16,20,24,65,125,0,0,0,125
09/27/2015,AMA,TX,ASW,WE,Combined TRACON& Tower with Radar,18,19,18,40,95,0,0,10,2,12,18,19,28,42,107,0,0,0,107
09/28/2015,AMA,TX,ASW,WE,Combined TRACON& Tower with Radar,17,16,31,45,109,0,0,10,0,10,17,16,41,45,119,16,74,90,209
09/29/2015,AMA,TX,ASW,WE,Combined TRACON& Tower with Radar,17,17,26,17,77,0,2,18,2,22,17,19,44,19,99,4,0,4,103
09/30/2015,AMA,TX,ASW,WE,Combined TRACON& Tower with Radar,21,23,27,16,87,0,0,20,0,20,21,23,47,16,107,40,48,88,195
10/01/2015,AMA,TX,ASW,WE,Combined TRACON& Tower with Radar,17,26,50,16,109,0,0,19,5,24,17,26,69,21,133,36,40,76,209
10/02/2015,AMA,TX,ASW,WE,Combined TRACON& Tower with Radar,17,18,22,55,112,0,0,10,1,11,17,18,32,56,123,50,6,56,179
10/03/2015,AMA,TX,ASW,WE,Combined TRACON& Tower with Radar,13,19,11,0,43,0,0,2,0,2,13,19,13,0,45,8,0,8,53
10/04/2015,AMA,TX,ASW,WE,Combined TRACON& Tower with Radar,18,19,5,34,76,0,0,0,0,0,18,19,5,34,76,0,0,0,76
10/05/2015,AMA,TX,ASW,WE,Combined TRACON& Tower with Radar,21,11,25,28,85,0,0,3,0,3,21,11,28,28,88,0,8,8,96
10/06/2015,AMA,TX,ASW,WE,Combined TRACON& Tower with Radar,19,21,15,35,90,0,0,9,4,13,19,21,24,39,103,26,30,56,159
10/07/2015,AMA,TX,ASW,WE,Combined TRACON& Tower with Radar,19,15,42,10,86,0,0,12,2,14,19,15,54,12,100,0,0,0,100
10/08/2015,AMA,TX,ASW,WE,Combined TRACON& Tower with Radar,19,17,22,31,89,0,0,8,1,9,19,17,30,32,98,16,44,60,158
10/09/2015,AMA,TX,ASW,WE,Combined TRACON& Tower with Radar,23,17,16,33,89,0,0,9,1,10,23,17,25,34,99,18,38,56,155
10/10/2015,AMA,TX,ASW,WE,Combined TRACON& Tower with Radar,12,15,24,1,52,0,0,18,2,20,12,15,42,3,72,136,0,136,208
10/11/2015,AMA,TX,ASW,WE,Combined TRACON& Tower with Radar,19,18,21,12,70,0,0,11,0,11,19,18,32,12,81,22,0,22,103
10/12/2015,AMA,TX,ASW,WE,Combined TRACON& Tower with Radar,19,14,15,1,49,0,0,4,1,5,19,14,19,2,54,0,0,0,54
10/13/2015,AMA,TX,ASW,WE,Combined TRACON& Tower with Radar,21,16,60,23,120,0,0,11,3,14,21,16,71,26,134,24,18,42,176
10/14/2015,AMA,TX,ASW,WE,Combined TRACON& Tower with Radar,19,33,24,52,128,0,0,20,4,24,19,33,44,56,152,4,42,46,198
10/15/2015,AMA,TX,ASW,WE,Combined TRACON& Tower with Radar,19,22,47,28,116,0,0,21,6,27,19,22,68,34,143,36,42,78,221
10/16/2015,AMA,TX,ASW,WE,Combined TRACON& Tower with Radar,21,16,40,82,159,0,0,12,2,14,21,16,52,84,173,6,90,96,269
10/17/2015,AMA,TX,ASW,WE,Combined TRACON& Tower with Radar,12,20,12,0,44,0,0,19,3,22,12,20,31,3,66,24,0,24,90
10/18/2015,AMA,TX,ASW,WE,Combined TRACON& Tower with Radar,19,17,18,10,64,0,0,1,3,4,19,17,19,13,68,0,8,8,76
10/19/2015,AMA,TX,ASW,WE,Combined TRACON& Tower with Radar,19,19,15,16,69,0,0,4,5,9,19,19,19,21,78,4,4,8,86
10/20/2015,AMA,TX,ASW,WE,Combined TRACON& Tower with Radar,19,18,18,25,80,0,0,11,9,20,19,18,29,34,100,22,34,56,156
10/21/2015,AMA,TX,ASW,WE,Combined TRACON& Tower with Radar,17,18,4,10,49,0,0,2,5,7,17,18,6,15,56,4,10,14,70
10/22/2015,AMA,TX,ASW,WE,Combined TRACON& Tower with Radar,21,26,19,6,72,0,0,5,3,8,21,26,24,9,80,4,14,18,98
10/23/2015,AMA,TX,ASW,WE,Combined TRACON& Tower with Radar,17,21,54,115,207,0,0,17,8,25,17,21,71,123,232,32,108,140,372
10/24/2015,AMA,TX,ASW,WE,Combined TRACON& Tower with Radar,10,18,16,19,63,0,0,13,3,16,10,18,29,22,79,18,6,24,103
10/25/2015,AMA,TX,ASW,WE,Combined TRACON& Tower with Radar,24,17,25,54,120,0,0,15,1,16,24,17,40,55,136,0,14,14,150
10/26/2015,AMA,TX,ASW,WE,Combined TRACON& Tower with Radar,24,13,21,58,116,0,0,11,4,15,24,13,32,62,131,0,18,18,149
10/27/2015,AMA,TX,ASW,WE,Combined TRACON& Tower with Radar,23,17,75,60,175,0,2,12,6,20,23,19,87,66,195,78,108,186,381
10/28/2015,AMA,TX,ASW,WE,Combined TRACON& Tower with Radar,23,19,42,56,140,0,1,32,27,60,23,20,74,83,200,62,82,144,344
10/29/2015,AMA,TX,ASW,WE,Combined TRACON& Tower with Radar,25,18,27,59,129,0,0,17,7,24,25,18,44,66,153,46,8,54,207
10/30/2015,AMA,TX,ASW,WE,Combined TRACON& Tower with Radar,21,22,18,2,63,0,0,1,0,1,21,22,19,2,64,0,0,0,64
10/31/2015,AMA,TX,ASW,WE,Combined TRACON& Tower with Radar,13,24,16,33,86,0,1,10,3,14,13,25,26,36,100,50,0,50,150
11/01/2015,AMA,TX,ASW,WE,Combined TRACON& Tower with Radar,20,13,16,10,59,0,0,8,12,20,20,13,24,22,79,66,0,66,145
11/02/2015,AMA,TX,ASW,WE,Combined TRACON& Tower with Radar,26,13,23,64,126,0,0,11,10,21,26,13,34,74,147,40,68,108,255
11/03/2015,AMA,TX,ASW,WE,Combined TRACON& Tower with Radar,25,25,24,45,119,0,0,9,5,14,25,25,33,50,133,24,48,72,205
11/04/2015,AMA,TX,ASW,WE,Combined TRACON& Tower with Radar,23,21,28,112,184,0,2,6,2,10,23,23,34,114,194,10,94,104,298
11/05/2015,AMA,TX,ASW,WE,Combined TRACON& Tower with Radar,27,24,49,100,200,0,0,7,14,21,27,24,56,114,221,16,76,92,313
11/06/2015,AMA,TX,ASW,WE,Combined TRACON& Tower with Radar,21,21,18,98,158,0,1,17,10,28,21,22,35,108,186,22,28,50,236
11/07/2015,AMA,TX,ASW,WE,Combined TRACON& Tower with Radar,18,17,17,1,53,0,1,11,0,12,18,18,28,1,65,0,0,0,65
11/08/2015,AMA,TX,ASW,WE,Combined TRACON& Tower with Radar,21,10,12,62,105,0,1,12,6,19,21,11,24,68,124,18,50,68,192
11/09/2015,AMA,TX,ASW,WE,Combined TRACON& Tower with Radar,25,12,21,91,149,0,0,6,7,13,25,12,27,98,162,34,36,70,232
11/10/2015,AMA,TX,ASW,WE,Combined TRACON& Tower with Radar,24,15,17,61,117,0,0,8,8,16,24,15,25,69,133,40,44,84,217
11/11/2015,AMA,TX,ASW,WE,Combined TRACON& Tower with Radar,23,17,19,1,60,0,0,10,4,14,23,17,29,5,74,0,0,0,74
11/12/2015,AMA,TX,ASW,WE,Combined TRACON& Tower with Radar,24,17,20,82,143,0,2,18,15,35,24,19,38,97,178,43,50,93,271
11/13/2015,AMA,TX,ASW,WE,Combined TRACON& Tower with Radar,21,16,44,89,170,0,1,19,9,29,21,17,63,98,199,16,65,81,280
11/14/2015,AMA,TX,ASW,WE,Combined TRACON& Tower with Radar,16,19,11,7,53,0,1,3,3,7,16,20,14,10,60,58,4,62,122
11/15/2015,AMA,TX,ASW,WE,Combined TRACON& Tower with Radar,19,12,25,2,58,0,0,1,1,2,19,12,26,3,60,0,0,0,60
11/16/2015,AMA,TX,ASW,WE,Combined TRACON& Tower with Radar,23,14,31,37,105,0,0,1,3,4,23,14,32,40,109,0,0,0,109
11/17/2015,AMA,TX,ASW,WE,Combined TRACON& Tower with Radar,22,14,24,41,101,0,1,4,2,7,22,15,28,43,108,0,4,4,112
11/18/2015,AMA,TX,ASW,WE,Combined TRACON& Tower with Radar,27,21,50,109,207,0,2,18,7,27,27,23,68,116,234,56,78,134,368
11/19/2015,AMA,TX,ASW,WE,Combined TRACON& Tower with Radar,23,19,19,70,131,0,1,21,7,29,23,20,40,77,160,92,48,140,300
11/20/2015,AMA,TX,ASW,WE,Combined TRACON& Tower with Radar,19,16,20,15,70,0,0,14,5,19,19,16,34,20,89,2,6,8,97
11/21/2015,AMA,TX,ASW,WE,Combined TRACON& Tower with Radar,14,17,5,12,48,0,0,7,2,9,14,17,12,14,57,40,0,40,97
11/22/2015,AMA,TX,ASW,WE,Combined TRACON& Tower with Radar,17,12,20,46,95,0,0,17,5,22,17,12,37,51,117,32,10,42,159
11/23/2015,AMA,TX,ASW,WE,Combined TRACON& Tower with Radar,18,18,23,25,84,0,0,12,11,23,18,18,35,36,107,0,50,50,157
11/24/2015,AMA,TX,ASW,WE,Combined TRACON& Tower with Radar,24,15,53,50,142,0,0,22,6,28,24,15,75,56,170,24,16,40,210
11/25/2015,AMA,TX,ASW,WE,Combined TRACON& Tower with Radar,24,11,40,44,119,0,0,10,2,12,24,11,50,46,131,18,114,132,263
11/26/2015,AMA,TX,ASW,WE,Combined TRACON& Tower with Radar,12,12,5,0,29,0,0,0,0,0,12,12,5,0,29,0,0,0,29
11/27/2015,AMA,TX,ASW,WE,Combined TRACON& Tower with Radar,7,10,0,0,17,0,0,0,0,0,7,10,0,0,17,0,0,0,17
11/28/2015,AMA,TX,ASW,WE,Combined TRACON& Tower with Radar,18,16,5,0,39,0,0,0,0,0,18,16,5,0,39,0,0,0,39
11/29/2015,AMA,TX,ASW,WE,Combined TRACON& Tower with Radar,23,21,14,0,58,0,0,0,0,0,23,21,14,0,58,0,0,0,58
11/30/2015,AMA,TX,ASW,WE,Combined TRACON& Tower with Radar,28,19,41,23,111,0,0,8,5,13,28,19,49,28,124,36,30,66,190
12/01/2015,AMA,TX,ASW,WE,Combined TRACON& Tower with Radar,22,14,67,50,153,0,0,24,1,25,22,14,91,51,178,76,46,122,300
12/02/2015,AMA,TX,ASW,WE,Combined TRACON& Tower with Radar,23,14,38,33,108,0,0,7,2,9,23,14,45,35,117,32,68,100,217
12/03/2015,AMA,TX,ASW,WE,Combined TRACON& Tower with Radar,21,22,24,59,126,0,0,16,7,23,21,22,40,66,149,46,48,94,243
12/04/2015,AMA,TX,ASW,WE,Combined TRACON& Tower with Radar,18,16,24,41,99,0,0,15,15,30,18,16,39,56,129,20,2,22,151
12/05/2015,AMA,TX,ASW,WE,Combined TRACON& Tower with Radar,14,19,18,9,60,0,0,16,2,18,14,19,34,11,78,46,0,46,124
12/06/2015,AMA,TX,ASW,WE,Combined TRACON& Tower with Radar,18,27,30,23,98,0,0,23,4,27,18,27,53,27,125,6,40,46,171
12/07/2015,AMA,TX,ASW,WE,Combined TRACON& Tower with Radar,23,19,18,60,120,0,0,13,8,21,23,19,31,68,141,54,30,84,225
12/08/2015,AMA,TX,ASW,WE,Combined TRACON& Tower with Radar,20,23,32,41,116,0,0,14,5,19,20,23,46,46,135,38,38,76,211
12/09/2015,AMA,TX,ASW,WE,Combined TRACON& Tower with Radar,22,22,38,22,104,0,0,17,3,20,22,22,55,25,124,68,40,108,232
12/10/2015,AMA,TX,ASW,WE,Combined TRACON& Tower with Radar,21,21,31,19,92,0,0,14,9,23,21,21,45,28,115,42,22,64,179
12/11/2015,AMA,TX,ASW,WE,Combined TRACON& Tower with Radar,21,14,23,26,84,0,0,6,10,16,21,14,29,36,100,32,32,64,164
12/12/2015,AMA,TX,ASW,WE,Combined TRACON& Tower with Radar,16,14,15,39,84,0,0,9,7,16,16,14,24,46,100,0,34,34,134
12/13/2015,AMA,TX,ASW,WE,Combined TRACON& Tower with Radar,18,13,8,0,39,0,0,1,0,1,18,13,9,0,40,0,0,0,40
12/14/2015,AMA,TX,ASW,WE,Combined TRACON& Tower with Radar,25,17,27,26,95,0,1,12,6,19,25,18,39,32,114,36,14,50,164
12/15/2015,AMA,TX,ASW,WE,Combined TRACON& Tower with Radar,20,13,38,79,150,0,1,12,14,27,20,14,50,93,177,0,72,72,249
12/16/2015,AMA,TX,ASW,WE,Combined TRACON& Tower with Radar,22,12,21,74,129,0,0,14,11,25,22,12,35,85,154,23,86,109,263
12/17/2015,AMA,TX,ASW,WE,Combined TRACON& Tower with Radar,22,20,20,29,91,0,0,10,8,18,22,20,30,37,109,4,20,24,133
12/18/2015,AMA,TX,ASW,WE,Combined TRACON& Tower with Radar,22,13,33,37,105,0,0,21,8,29,22,13,54,45,134,24,18,42,176
12/19/2015,AMA,TX,ASW,WE,Combined TRACON& Tower with Radar,16,16,28,0,60,0,0,10,4,14,16,16,38,4,74,0,0,0,74
12/20/2015,AMA,TX,ASW,WE,Combined TRACON& Tower with Radar,18,13,13,0,44,0,0,3,2,5,18,13,16,2,49,0,0,0,49
12/21/2015,AMA,TX,ASW,WE,Combined TRACON& Tower with Radar,20,17,23,38,98,0,0,24,4,28,20,17,47,42,126,26,66,92,218
12/22/2015,AMA,TX,ASW,WE,Combined TRACON& Tower with Radar,26,18,46,16,106,0,0,7,5,12,26,18,53,21,118,0,0,0,118
12/23/2015,AMA,TX,ASW,WE,Combined TRACON& Tower with Radar,19,21,15,6,61,0,0,15,0,15,19,21,30,6,76,32,0,32,108
12/24/2015,AMA,TX,ASW,WE,Combined TRACON& Tower with Radar,15,13,6,0,34,0,0,5,0,5,15,13,11,0,39,10,0,10,49
12/25/2015,AMA,TX,ASW,WE,Combined TRACON& Tower with Radar,15,8,9,0,32,0,0,5,0,5,15,8,14,0,37,0,0,0,37
12/26/2015,AMA,TX,ASW,WE,Combined TRACON& Tower with Radar,9,22,27,0,58,0,0,3,2,5,9,22,30,2,63,6,0,6,69
12/27/2015,AMA,TX,ASW,WE,Combined TRACON& Tower with Radar,0,2,7,0,9,0,0,0,0,0,0,2,7,0,9,0,0,0,9
12/28/2015,AMA,TX,ASW,WE,Combined TRACON& Tower with Radar,16,9,15,4,44,0,0,3,1,4,16,9,18,5,48,0,0,0,48
12/29/2015,AMA,TX,ASW,WE,Combined TRACON& Tower with Radar,25,16,19,3,63,0,0,5,0,5,25,16,24,3,68,8,2,10,78
12/30/2015,AMA,TX,ASW,WE,Combined TRACON& Tower with Radar,19,25,22,1,67,0,0,16,0,16,19,25,38,1,83,36,0,36,119
12/31/2015,AMA,TX,ASW,WE,Combined TRACON& Tower with Radar,20,20,14,0,54,0,0,0,0,0,20,20,14,0,54,0,0,0,54
01/01/2016,AMA,TX,ASW,WE,Combined TRACON& Tower with Radar,13,11,11,0,35,0,0,3,2,5,13,11,14,2,40,0,0,0,40
01/02/2016,AMA,TX,ASW,WE,Combined TRACON& Tower with Radar,20,15,23,0,58,0,0,10,0,10,20,15,33,0,68,18,0,18,86
01/03/2016,AMA,TX,ASW,WE,Combined TRACON& Tower with Radar,18,15,12,0,45,0,0,12,0,12,18,15,24,0,57,52,0,52,109
01/04/2016,AMA,TX,ASW,WE,Combined TRACON& Tower with Radar,20,15,45,17,97,0,0,21,0,21,20,15,66,17,118,12,58,70,188
01/05/2016,AMA,TX,ASW,WE,Combined TRACON& Tower with Radar,20,17,11,0,48,0,0,2,0,2,20,17,13,0,50,0,4,4,54
01/06/2016,AMA,TX,ASW,WE,Combined TRACON& Tower with Radar,19,17,36,66,138,0,1,3,4,8,19,18,39,70,146,12,14,26,172
01/07/2016,AMA,TX,ASW,WE,Combined TRACON& Tower with Radar,21,18,61,97,197,0,1,10,7,18,21,19,71,104,215,36,48,84,299
01/08/2016,AMA,TX,ASW,WE,Combined TRACON& Tower with Radar,17,12,14,3,46,0,0,0,0,0,17,12,14,3,46,0,0,0,46
01/09/2016,AMA,TX,ASW,WE,Combined TRACON& Tower with Radar,14,17,21,2,54,0,0,4,5,9,14,17,25,7,63,14,48,62,125
01/10/2016,AMA,TX,ASW,WE,Combined TRACON& Tower with Radar,21,13,10,7,51,0,0,2,1,3,21,13,12,8,54,0,0,0,54
01/11/2016,AMA,TX,ASW,WE,Combined TRACON& Tower with Radar,19,19,10,48,96,0,0,4,5,9,19,19,14,53,105,0,44,44,149
01/12/2016,AMA,TX,ASW,WE,Combined TRACON& Tower with Radar,20,17,24,79,140,0,1,21,7,29,20,18,45,86,169,36,48,84,253
01/13/2016,AMA,TX,ASW,WE,Combined TRACON& Tower with Radar,20,20,27,70,137,0,0,15,7,22,20,20,42,77,159,22,34,56,215
01/14/2016,AMA,TX,ASW,WE,Combined TRACON& Tower with Radar,23,19,35,107,184,0,3,27,2,32,23,22,62,109,216,16,34,50,266
01/15/2016,AMA,TX,ASW,WE,Combined TRACON& Tower with Radar,21,26,39,50,136,0,0,17,2,19,21,26,56,52,155,10,34,44,199
01/16/2016,AMA,TX,ASW,WE,Combined TRACON& Tower with Radar,17,11,10,0,38,0,0,1,0,1,17,11,11,0,39,0,0,0,39
01/17/2016,AMA,TX,ASW,WE,Combined TRACON& Tower with Radar,13,7,29,0,49,0,0,3,0,3,13,7,32,0,52,2,0,2,54
01/18/2016,AMA,TX,ASW,WE,Combined TRACON& Tower with Radar,19,10,10,46,85,0,1,17,11,29,19,11,27,57,114,14,0,14,128
01/19/2016,AMA,TX,ASW,WE,Combined TRACON& Tower with Radar,19,16,52,43,130,0,0,9,6,15,19,16,61,49,145,12,42,54,199
01/20/2016,AMA,TX,ASW,WE,Combined TRACON& Tower with Radar,20,17,43,58,138,0,0,21,27,48,20,17,64,85,186,0,0,0,186
01/21/2016,AMA,TX,ASW,WE,Combined TRACON& Tower with Radar,23,18,27,54,122,0,0,5,3,8,23,18,32,57,130,0,44,44,174
01/22/2016,AMA,TX,ASW,WE,Combined TRACON& Tower with Radar,22,12,62,45,141,0,0,19,9,28,22,12,81,54,169,88,116,204,373
01/23/2016,AMA,TX,ASW,WE,Combined TRACON& Tower with Radar,14,10,28,36,88,0,0,13,3,16,14,10,41,39,104,26,2,28,132
01/24/2016,AMA,TX,ASW,WE,Combined TRACON& Tower with Radar,17,9,11,46,83,0,0,4,1,5,17,9,15,47,88,0,22,22,110
01/25/2016,AMA,TX,ASW,WE,Combined TRACON& Tower with Radar,19,13,17,35,84,0,0,15,12,27,19,13,32,47,111,0,80,80,191
01/26/2016,AMA,TX,ASW,WE,Combined TRACON& Tower with Radar,21,14,18,31,84,0,0,9,7,16,21,14,27,38,100,48,62,110,210
01/27/2016,AMA,TX,ASW,WE,Combined TRACON& Tower with Radar,18,17,32,24,91,0,0,11,5,16,18,17,43,29,107,12,58,70,177
01/28/2016,AMA,TX,ASW,WE,Combined TRACON& Tower with Radar,23,18,43,40,124,0,0,20,7,27,23,18,63,47,151,46,16,62,213
01/29/2016,AMA,TX,ASW,WE,Combined TRACON& Tower with Radar,23,16,14,25,78,0,0,8,9,17,23,16,22,34,95,6,14,20,115
01/30/2016,AMA,TX,ASW,WE,Combined TRACON& Tower with Radar,13,10,5,4,32,0,1,14,4,19,13,11,19,8,51,20,14,34,85
01/31/2016,AMA,TX,ASW,WE,Combined TRACON& Tower with Radar,17,8,25,10,60,0,0,30,1,31,17,8,55,11,91,0,0,0,91
02/01/2016,AMA,TX,ASW,WE,Combined TRACON& Tower with Radar,21,15,22,15,73,0,0,1,7,8,21,15,23,22,81,0,0,0,81
02/02/2016,AMA,TX,ASW,WE,Combined TRACON& Tower with Radar,21,14,26,51,112,0,0,4,4,8,21,14,30,55,120,10,18,28,148
02/03/2016,AMA,TX,ASW,WE,Combined TRACON& Tower with Radar,19,24,33,22,98,0,0,20,1,21,19,24,53,23,119,26,0,26,145
02/04/2016,AMA,TX,ASW,WE,Combined TRACON& Tower with Radar,22,21,26,63,132,0,0,20,7,27,22,21,46,70,159,34,106,140,299
02/05/2016,AMA,TX,ASW,WE,Combined TRACON& Tower with Radar,24,18,22,53,117,0,0,22,5,27,24,18,44,58,144,10,10,20,164
02/06/2016,AMA,TX,ASW,WE,Combined TRACON& Tower with Radar,14,11,28,12,65,0,0,42,2,44,14,11,70,14,109,26,22,48,157
02/07/2016,AMA,TX,ASW,WE,Combined TRACON& Tower with Radar,15,11,18,5,49,0,0,9,1,10,15,11,27,6,59,52,0,52,111
02/08/2016,AMA,TX,ASW,WE,Combined TRACON& Tower with Radar,23,18,32,58,131,0,0,13,9,22,23,18,45,67,153,30,52,82,235
02/09/2016,AMA,TX,ASW,WE,Combined TRACON& Tower with Radar,19,15,38,51,123,0,0,18,2,20,19,15,56,53,143,42,30,72,215
02/10/2016,AMA,TX,ASW,WE,Combined TRACON& Tower with Radar,16,16,25,42,99,0,0,8,5,13,16,16,33,47,112,10,56,66,178
02/11/2016,AMA,TX,ASW,WE,Combined TRACON& Tower with Radar,21,14,53,47,135,0,0,18,8,26,21,14,71,55,161,81,22,103,264
02/12/2016,AMA,TX,ASW,WE,Combined TRACON& Tower with Radar,22,14,27,40,103,0,0,21,8,29,22,14,48,48,132,22,16,38,170
02/13/2016,AMA,TX,ASW,WE,Combined TRACON& Tower with Radar,12,14,12,27,65,0,0,3,31,34,12,14,15,58,99,0,26,26,125
02/14/2016,AMA,TX,ASW,WE,Combined TRACON& Tower with Radar,19,10,10,3,42,0,0,10,8,18,19,10,20,11,60,26,0,26,86
02/15/2016,AMA,TX,ASW,WE,Combined TRACON& Tower with Radar,24,12,13,20,69,0,0,16,4,20,24,12,29,24,89,38,34,72,161
02/16/2016,AMA,TX,ASW,WE,Combined TRACON& Tower with Radar,21,34,24,78,157,0,2,21,4,27,21,36,45,82,184,62,64,126,310
02/17/2016,AMA,TX,ASW,WE,Combined TRACON& Tower with Radar,22,14,21,61,118,0,0,40,46,86,22,14,61,107,204,0,0,0,204
02/18/2016,AMA,TX,ASW,WE,Combined TRACON& Tower with Radar,21,24,40,108,193,0,0,8,13,21,21,24,48,121,214,0,76,76,290
02/19/2016,AMA,TX,ASW,WE,Combined TRACON& Tower with Radar,23,13,39,114,189,0,3,29,21,53,23,16,68,135,242,52,20,72,314
02/20/2016,AMA,TX,ASW,WE,Combined TRACON& Tower with Radar,14,16,20,41,91,0,1,27,4,32,14,17,47,45,123,74,8,82,205
02/21/2016,AMA,TX,ASW,WE,Combined TRACON& Tower with Radar,19,16,47,29,111,0,2,7,5,14,19,18,54,34,125,10,40,50,175
02/22/2016,AMA,TX,ASW,WE,Combined TRACON& Tower with Radar,21,13,49,58,141,0,0,6,3,9,21,13,55,61,150,34,68,102,252
02/23/2016,AMA,TX,ASW,WE,Combined TRACON& Tower with Radar,20,18,13,1,52,0,0,3,0,3,20,18,16,1,55,0,0,0,55
02/24/2016,AMA,TX,ASW,WE,Combined TRACON& Tower with Radar,21,16,18,54,109,0,1,21,8,30,21,17,39,62,139,4,82,86,225
02/25/2016,AMA,TX,ASW,WE,Combined TRACON& Tower with Radar,22,17,26,36,101,0,0,28,4,32,22,17,54,40,133,34,20,54,187
02/26/2016,AMA,TX,ASW,WE,Combined TRACON& Tower with Radar,21,15,18,81,135,0,0,22,7,29,21,15,40,88,164,66,52,118,282
02/27/2016,AMA,TX,ASW,WE,Combined TRACON& Tower with Radar,12,14,17,6,49,0,0,5,1,6,12,14,22,7,55,0,0,0,55
02/28/2016,AMA,TX,ASW,WE,Combined TRACON& Tower with Radar,20,13,10,22,65,0,0,12,3,15,20,13,22,25,80,0,10,10,90
02/29/2016,AMA,TX,ASW,WE,Combined TRACON& Tower with Radar,21,14,60,71,166,0,0,11,10,21,21,14,71,81,187,8,140,148,335
03/01/2016,AMA,TX,ASW,WE,Combined TRACON& Tower with Radar,23,21,34,39,117,0,0,15,5,20,23,21,49,44,137,50,148,198,335
03/02/2016,AMA,TX,ASW,WE,Combined TRACON& Tower with Radar,21,14,33,37,105,0,1,11,4,16,21,15,44,41,121,0,36,36,157
03/03/2016,AMA,TX,ASW,WE,Combined TRACON& Tower with Radar,21,17,29,20,87,0,0,20,5,25,21,17,49,25,112,36,4,40,152
03/04/2016,AMA,TX,ASW,WE,Combined TRACON& Tower with Radar,19,16,36,57,128,0,0,15,9,24,19,16,51,66,152,8,112,120,272
03/05/2016,AMA,TX,ASW,WE,Combined TRACON& Tower with Radar,12,14,19,4,49,0,0,17,0,17,12,14,36,4,66,0,0,0,66
03/06/2016,AMA,TX,ASW,WE,Combined TRACON& Tower with Radar,17,17,25,20,79,0,0,5,0,5,17,17,30,20,84,0,8,8,92
03/07/2016,AMA,TX,ASW,WE,Combined TRACON& Tower with Radar,21,21,19,115,176,0,0,10,5,15,21,21,29,120,191,12,158,170,361
03/08/2016,AMA,TX,ASW,WE,Combined TRACON& Tower with Radar,19,22,30,45,116,0,0,9,1,10,19,22,39,46,126,52,80,132,258
03/09/2016,AMA,TX,ASW,WE,Combined TRACON& Tower with Radar,21,17,35,45,118,0,0,8,1,9,21,17,43,46,127,58,14,72,199
03/10/2016,AMA,TX,ASW,WE,Combined TRACON& Tower with Radar,19,20,31,56,126,0,1,13,2,16,19,21,44,58,142,54,84,138,280
03/11/2016,AMA,TX,ASW,WE,Combined TRACON& Tower with Radar,21,22,35,59,137,0,1,25,9,35,21,23,60,68,172,76,116,192,364
03/12/2016,AMA,TX,ASW,WE,Combined TRACON& Tower with Radar,13,17,23,25,78,0,0,7,3,10,13,17,30,28,88,74,26,100,188
03/13/2016,AMA,TX,ASW,WE,Combined TRACON& Tower with Radar,22,24,18,43,107,0,0,13,3,16,22,24,31,46,123,94,0,94,217
03/14/2016,AMA,TX,ASW,WE,Combined TRACON& Tower with Radar,20,19,29,59,127,0,0,19,12,31,20,19,48,71,158,38,34,72,230
03/15/2016,AMA,TX,ASW,WE,Combined TRACON& Tower with Radar,18,17,22,36,93,0,0,8,6,14,18,17,30,42,107,16,8,24,131
03/16/2016,AMA,TX,ASW,WE,Combined TRACON& Tower with Radar,18,20,22,27,87,0,2,21,5,28,18,22,43,32,115,74,10,84,199
03/17/2016,AMA,TX,ASW,WE,Combined TRACON& Tower with Radar,19,20,28,41,108,0,0,12,9,21,19,20,40,50,129,68,28,96,225
03/18/2016,AMA,TX,ASW,WE,Combined TRACON& Tower with Radar,18,26,25,34,103,0,0,2,3,5,18,26,27,37,108,0,16,16,124
03/19/2016,AMA,TX,ASW,WE,Combined TRACON& Tower with Radar,12,18,24,36,90,0,0,15,10,25,12,18,39,46,115,42,6,48,163
03/20/2016,AMA,TX,ASW,WE,Combined TRACON& Tower with Radar,20,16,25,0,61,0,0,19,2,21,20,16,44,2,82,64,0,64,146
03/21/2016,AMA,TX,ASW,WE,Combined TRACON& Tower with Radar,19,20,18,24,81,0,0,6,3,9,19,20,24,27,90,18,42,60,150
03/22/2016,AMA,TX,ASW,WE,Combined TRACON& Tower with Radar,19,20,37,33,109,0,0,12,5,17,19,20,49,38,126,0,28,28,154
03/23/2016,AMA,TX,ASW,WE,Combined TRACON& Tower with Radar,16,21,16,10,63,0,0,19,0,19,16,21,35,10,82,6,18,24,106
03/24/2016,AMA,TX,ASW,WE,Combined TRACON& Tower with Radar,21,20,29,10,80,0,0,15,8,23,21,20,44,18,103,10,4,14,117
03/25/2016,AMA,TX,ASW,WE,Combined TRACON& Tower with Radar,20,19,20,14,73,0,0,11,8,19,20,19,31,22,92,28,18,46,138
03/26/2016,AMA,TX,ASW,WE,Combined TRACON& Tower with Radar,14,16,17,2,49,0,1,12,4,17,14,17,29,6,66,44,14,58,124
03/27/2016,AMA,TX,ASW,WE,Combined TRACON& Tower with Radar,19,12,18,4,53,0,2,3,3,8,19,14,21,7,61,12,2,14,75
03/28/2016,AMA,TX,ASW,WE,Combined TRACON& Tower with Radar,22,19,40,56,137,0,0,17,6,23,22,19,57,62,160,0,58,58,218
03/29/2016,AMA,TX,ASW,WE,Combined TRACON& Tower with Radar,19,16,17,33,85,0,0,2,4,6,19,16,19,37,91,0,28,28,119
03/30/2016,AMA,TX,ASW,WE,Combined TRACON& Tower with Radar,18,26,48,177,269,0,2,9,12,23,18,28,57,189,292,0,162,162,454
03/31/2016,AMA,TX,ASW,WE,Combined TRACON& Tower with Radar,22,18,29,53,122,0,0,14,7,21,22,18,43,60,143,112,48,160,303
04/01/2016,AMA,TX,ASW,WE,Combined TRACON& Tower with Radar,19,18,47,91,175,0,2,19,8,29,19,20,66,99,204,56,80,136,340
04/02/2016,AMA,TX,ASW,WE,Combined TRACON& Tower with Radar,14,17,12,26,69,0,0,13,7,20,14,17,25,33,89,0,22,22,111
04/03/2016,AMA,TX,ASW,WE,Combined TRACON& Tower with Radar,20,15,15,10,60,0,0,20,3,23,20,15,35,13,83,38,0,38,121
04/04/2016,AMA,TX,ASW,WE,Combined TRACON& Tower with Radar,19,21,23,75,138,0,0,15,7,22,19,21,38,82,160,64,69,133,293
04/05/2016,AMA,TX,ASW,WE,Combined TRACON& Tower with Radar,23,17,28,32,100,0,0,8,2,10,23,17,36,34,110,0,0,0,110
04/06/2016,AMA,TX,ASW,WE,Combined TRACON& Tower with Radar,20,23,58,60,161,0,0,41,1,42,20,23,99,61,203,38,58,96,299
04/07/2016,AMA,TX,ASW,WE,Combined TRACON& Tower with Radar,20,21,35,34,110,0,0,12,4,16,20,21,47,38,126,8,20,28,154
04/08/2016,AMA,TX,ASW,WE,Combined TRACON& Tower with Radar,19,17,33,13,82,0,0,13,5,18,19,17,46,18,100,48,46,94,194
04/09/2016,AMA,TX,ASW,WE,Combined TRACON& Tower with Radar,13,15,23,11,62,0,0,17,0,17,13,15,40,11,79,60,18,78,157
04/10/2016,AMA,TX,ASW,WE,Combined TRACON& Tower with Radar,19,19,18,44,100,0,0,13,0,13,19,19,31,44,113,16,2,18,131
04/11/2016,AMA,TX,ASW,WE,Combined TRACON& Tower with Radar,19,21,49,71,160,0,0,2,0,2,19,21,51,71,162,0,0,0,162
04/12/2016,AMA,TX,ASW,WE,Combined TRACON& Tower with Radar,19,22,36,38,115,0,0,7,6,13,19,22,43,44,128,0,0,0,128
04/13/2016,AMA,TX,ASW,WE,Combined TRACON& Tower with Radar,18,17,35,44,114,0,0,14,10,24,18,17,49,54,138,74,94,168,306
04/14/2016,AMA,TX,ASW,WE,Combined TRACON& Tower with Radar,20,23,29,55,127,0,0,8,8,16,20,23,37,63,143,8,55,63,206
04/15/2016,AMA,TX,ASW,WE,Combined TRACON& Tower with Radar,19,21,13,10,63,0,0,4,7,11,19,21,17,17,74,0,20,20,94
04/16/2016,AMA,TX,ASW,WE,Combined TRACON& Tower with Radar,12,16,8,0,36,0,0,0,0,0,12,16,8,0,36,0,0,0,36
04/17/2016,AMA,TX,ASW,WE,Combined TRACON& Tower with Radar,22,18,18,26,84,0,0,1,2,3,22,18,19,28,87,0,0,0,87
04/18/2016,AMA,TX,ASW,WE,Combined TRACON& Tower with Radar,18,12,54,66,150,0,0,27,1,28,18,12,81,67,178,112,116,228,406
04/19/2016,AMA,TX,ASW,WE,Combined TRACON& Tower with Radar,21,23,23,8,75,0,0,3,1,4,21,23,26,9,79,0,0,0,79
04/20/2016,AMA,TX,ASW,WE,Combined TRACON& Tower with Radar,18,20,48,23,109,0,0,4,6,10,18,20,52,29,119,28,36,64,183
04/21/2016,AMA,TX,ASW,WE,Combined TRACON& Tower with Radar,19,15,44,51,129,0,0,19,10,29,19,15,63,61,158,64,38,102,260
04/22/2016,AMA,TX,ASW,WE,Combined TRACON& Tower with Radar,21,17,21,51,110,0,0,15,7,22,21,17,36,58,132,88,36,124,256
04/23/2016,AMA,TX,ASW,WE,Combined TRACON& Tower with Radar,11,14,12,13,50,0,0,13,5,18,11,14,25,18,68,14,2,16,84
04/24/2016,AMA,TX,ASW,WE,Combined TRACON& Tower with Radar,19,19,18,36,92,0,0,11,1,12,19,19,29,37,104,6,0,6,110
04/25/2016,AMA,TX,ASW,WE,Combined TRACON& Tower with Radar,23,16,31,39,109,0,0,9,4,13,23,16,40,43,122,20,50,70,192
04/26/2016,AMA,TX,ASW,WE,Combined TRACON& Tower with Radar,24,16,23,53,116,0,1,8,4,13,24,17,31,57,129,60,76,136,265
04/27/2016,AMA,TX,ASW,WE,Combined TRACON& Tower with Radar,18,14,42,51,125,0,2,16,7,25,18,16,58,58,150,72,62,134,284
04/28/2016,AMA,TX,ASW,WE,Combined TRACON& Tower with Radar,20,17,20,25,82,0,1,5,5,11,20,18,25,30,93,14,50,64,157
04/29/2016,AMA,TX,ASW,WE,Combined TRACON& Tower with Radar,12,17,18,26,73,0,5,0,0,5,12,22,18,26,78,0,20,20,98
04/30/2016,AMA,TX,ASW,WE,Combined TRACON& Tower with Radar,12,16,52,5,85,0,7,29,7,43,12,23,81,12,128,46,30,76,204
05/01/2016,AMA,TX,ASW,WE,Combined TRACON& Tower with Radar,17,18,9,0,44,0,0,2,3,5,17,18,11,3,49,0,0,0,49
05/02/2016,AMA,TX,ASW,WE,Combined TRACON& Tower with Radar,20,19,34,23,96,0,0,10,4,14,20,19,44,27,110,30,0,30,140
05/03/2016,AMA,TX,ASW,WE,Combined TRACON& Tower with Radar,18,21,46,49,134,0,0,13,8,21,18,21,59,57,155,60,24,84,239
05/04/2016,AMA,TX,ASW,WE,Combined TRACON& Tower with Radar,20,19,54,23,116,0,0,19,4,23,20,19,73,27,139,30,28,58,197
05/05/2016,AMA,TX,ASW,WE,Combined TRACON& Tower with Radar,20,20,25,15,80,0,0,16,11,27,20,20,41,26,107,72,22,94,201
05/06/2016,AMA,TX,ASW,WE,Combined TRACON& Tower with Radar,20,17,29,36,102,0,0,9,9,18,20,17,38,45,120,10,22,32,152
05/07/2016,AMA,TX,ASW,WE,Combined TRACON& Tower with Radar,15,13,7,0,35,0,0,8,0,8,15,13,15,0,43,18,0,18,61
05/08/2016,AMA,TX,ASW,WE,Combined TRACON& Tower with Radar,19,22,17,8,66,0,0,5,0,5,19,22,22,8,71,0,2,2,73
05/09/2016,AMA,TX,ASW,WE,Combined TRACON& Tower with Radar,20,19,62,113,214,0,0,14,2,16,20,19,76,115,230,0,128,128,358
05/10/2016,AMA,TX,ASW,WE,Combined TRACON& Tower with Radar,28,24,48,17,117,0,0,24,3,27,28,24,72,20,144,32,32,64,208
05/11/2016,AMA,TX,ASW,WE,Combined TRACON& Tower with Radar,22,13,47,71,153,0,0,20,7,27,22,13,67,78,180,30,52,82,262
05/12/2016,AMA,TX,ASW,WE,Combined TRACON& Tower with Radar,23,14,24,89,150,0,0,12,8,20,23,14,36,97,170,52,30,82,252
05/13/2016,AMA,TX,ASW,WE,Combined TRACON& Tower with Radar,20,15,22,60,117,0,0,9,7,16,20,15,31,67,133,6,40,46,179
05/14/2016,AMA,TX,ASW,WE,Combined TRACON& Tower with Radar,17,11,13,27,68,0,0,6,0,6,17,11,19,27,74,10,2,12,86
05/15/2016,AMA,TX,ASW,WE,Combined TRACON& Tower with Radar,17,15,28,3,63,0,0,0,0,0,17,15,28,3,63,0,0,0,63
05/16/2016,AMA,TX,ASW,WE,Combined TRACON& Tower with Radar,23,26,34,46,129,0,0,3,1,4,23,26,37,47,133,0,0,0,133
05/17/2016,AMA,TX,ASW,WE,Combined TRACON& Tower with Radar,22,20,22,19,83,0,0,2,2,4,22,20,24,21,87,0,16,16,103
05/18/2016,AMA,TX,ASW,WE,Combined TRACON& Tower with Radar,20,24,25,60,129,0,0,9,9,18,20,24,34,69,147,58,40,98,245
05/19/2016,AMA,TX,ASW,WE,Combined TRACON& Tower with Radar,19,17,15,18,69,0,0,2,5,7,19,17,17,23,76,0,40,40,116
05/20/2016,AMA,TX,ASW,WE,Combined TRACON& Tower with Radar,18,15,44,96,173,0,0,19,10,29,18,15,63,106,202,10,144,154,356
05/21/2016,AMA,TX,ASW,WE,Combined TRACON& Tower with Radar,13,11,16,4,44,0,0,3,6,9,13,11,19,10,53,0,2,2,55
05/22/2016,AMA,TX,ASW,WE,Combined TRACON& Tower with Radar,20,19,26,61,126,0,0,2,1,3,20,19,28,62,129,0,0,0,129
05/23/2016,AMA,TX,ASW,WE,Combined TRACON& Tower with Radar,20,16,30,95,161,0,0,12,6,18,20,16,42,101,179,12,102,114,293
05/24/2016,AMA,TX,ASW,WE,Combined TRACON& Tower with Radar,21,20,38,89,168,0,0,15,3,18,21,20,53,92,186,0,122,122,308
05/25/2016,AMA,TX,ASW,WE,Combined TRACON& Tower with Radar,23,16,63,63,165,0,0,26,7,33,23,16,89,70,198,46,102,148,346
05/26/2016,AMA,TX,ASW,WE,Combined TRACON& Tower with Radar,24,25,56,61,166,0,0,20,5,25,24,25,76,66,191,4,64,68,259
05/27/2016,AMA,TX,ASW,WE,Combined TRACON& Tower with Radar,20,12,16,5,53,0,0,13,2,15,20,12,29,7,68,6,0,6,74
05/28/2016,AMA,TX,ASW,WE,Combined TRACON& Tower with Radar,15,12,26,5,58,0,0,29,1,30,15,12,55,6,88,0,0,0,88
05/29/2016,AMA,TX,ASW,WE,Combined TRACON& Tower with Radar,16,13,13,0,42,0,0,11,0,11,16,13,24,0,53,18,0,18,71
05/30/2016,AMA,TX,ASW,WE,Combined TRACON& Tower with Radar,22,16,14,8,60,0,0,18,1,19,22,16,32,9,79,22,0,22,101
05/31/2016,AMA,TX,ASW,WE,Combined TRACON& Tower with Radar,31,24,51,10,116,0,0,15,2,17,31,24,66,12,133,32,16,48,181
06/01/2016,AMA,TX,ASW,WE,Combined TRACON& Tower with Radar,18,22,17,2,59,0,0,4,1,5,18,22,21,3,64,0,14,14,78
06/02/2016,AMA,TX,ASW,WE,Combined TRACON& Tower with Radar,17,14,34,46,111,0,0,12,2,14,17,14,46,48,125,14,74,88,213
06/03/2016,AMA,TX,ASW,WE,Combined TRACON& Tower with Radar,19,17,27,64,127,0,0,17,47,64,19,17,44,111,191,0,0,0,191
06/04/2016,AMA,TX,ASW,WE,Combined TRACON& Tower with Radar,19,13,12,56,100,0,0,15,3,18,19,13,27,59,118,16,56,72,190
06/05/2016,AMA,TX,ASW,WE,Combined TRACON& Tower with Radar,21,22,26,11,80,0,0,37,10,47,21,22,63,21,127,0,0,0,127
06/06/2016,AMA,TX,ASW,WE,Combined TRACON& Tower with Radar,36,17,53,20,126,0,0,20,5,25,36,17,73,25,151,18,80,98,249
06/07/2016,AMA,TX,ASW,WE,Combined TRACON& Tower with Radar,26,17,44,1,88,0,1,15,4,20,26,18,59,5,108,2,4,6,114
06/08/2016,AMA,TX,ASW,WE,Combined TRACON& Tower with Radar,19,19,18,11,67,0,1,14,2,17,19,20,32,13,84,6,10,16,100
06/09/2016,AMA,TX,ASW,WE,Combined TRACON& Tower with Radar,19,27,29,14,89,0,1,12,4,17,19,28,41,18,106,0,56,56,162
06/10/2016,AMA,TX,ASW,WE,Combined TRACON& Tower with Radar,20,17,25,34,96,0,3,12,53,68,20,20,37,87,164,0,0,0,164
06/11/2016,AMA,TX,ASW,WE,Combined TRACON& Tower with Radar,15,19,20,10,64,0,1,7,8,16,15,20,27,18,80,2,0,2,82
06/12/2016,AMA,TX,ASW,WE,Combined TRACON& Tower with Radar,17,22,25,20,84,0,0,20,1,21,17,22,45,21,105,0,0,0,105
06/13/2016,AMA,TX,ASW,WE,Combined TRACON& Tower with Radar,20,20,13,3,56,0,0,7,1,8,20,20,20,4,64,0,14,14,78
06/14/2016,AMA,TX,ASW,WE,Combined TRACON& Tower with Radar,21,17,27,30,95,0,0,17,1,18,21,17,44,31,113,14,48,62,175
06/15/2016,AMA,TX,ASW,WE,Combined TRACON& Tower with Radar,21,22,25,3,71,0,0,23,3,26,21,22,48,6,97,20,12,32,129
06/16/2016,AMA,TX,ASW,WE,Combined TRACON& Tower with Radar,23,21,13,12,69,0,0,23,10,33,23,21,36,22,102,8,8,16,118
06/17/2016,AMA,TX,ASW,WE,Combined TRACON& Tower with Radar,21,17,23,60,121,0,0,20,20,40,21,17,43,80,161,34,124,158,319
06/18/2016,AMA,TX,ASW,WE,Combined TRACON& Tower with Radar,17,14,21,4,56,0,0,11,5,16,17,14,32,9,72,0,6,6,78
06/19/2016,AMA,TX,ASW,WE,Combined TRACON& Tower with Radar,19,20,19,10,68,0,0,3,1,4,19,20,22,11,72,30,0,30,102
06/20/2016,AMA,TX,ASW,WE,Combined TRACON& Tower with Radar,23,17,24,27,91,0,0,9,10,19,23,17,33,37,110,56,46,102,212
06/21/2016,AMA,TX,ASW,WE,Combined TRACON& Tower with Radar,22,21,22,18,83,0,0,26,2,28,22,21,48,20,111,16,6,22,133
06/22/2016,AMA,TX,ASW,WE,Combined TRACON& Tower with Radar,19,21,37,20,97,0,0,16,9,25,19,21,53,29,122,18,20,38,160
06/23/2016,AMA,TX,ASW,WE,Combined TRACON& Tower with Radar,22,22,46,26,116,0,0,9,6,15,22,22,55,32,131,0,28,28,159
06/24/2016,AMA,TX,ASW,WE,Combined TRACON& Tower with Radar,21,22,24,15,82,0,0,14,2,16,21,22,38,17,98,14,36,50,148
06/25/2016,AMA,TX,ASW,WE,Combined TRACON& Tower with Radar,19,15,20,13,67,0,0,8,4,12,19,15,28,17,79,0,0,0,79
06/26/2016,AMA,TX,ASW,WE,Combined TRACON& Tower with Radar,23,19,56,2,100,0,0,29,2,31,23,19,85,4,131,0,0,0,131
06/27/2016,AMA,TX,ASW,WE,Combined TRACON& Tower with Radar,20,30,24,14,88,0,0,13,6,19,20,30,37,20,107,34,6,40,147
06/28/2016,AMA,TX,ASW,WE,Combined TRACON& Tower with Radar,31,26,57,15,129,0,0,22,4,26,31,26,79,19,155,44,54,98,253
06/29/2016,AMA,TX,ASW,WE,Combined TRACON& Tower with Radar,21,26,31,4,82,0,4,11,4,19,21,30,42,8,101,0,0,0,101
06/30/2016,AMA,TX,ASW,WE,Combined TRACON& Tower with Radar,21,14,30,7,72,0,0,9,10,19,21,14,39,17,91,26,6,32,123
07/01/2016,AMA,TX,ASW,WE,Combined TRACON& Tower with Radar,24,18,42,37,121,0,0,19,14,33,24,18,61,51,154,18,32,50,204
07/02/2016,AMA,TX,ASW,WE,Combined TRACON& Tower with Radar,19,19,32,6,76,0,0,9,2,11,19,19,41,8,87,46,0,46,133
07/03/2016,AMA,TX,ASW,WE,Combined TRACON& Tower with Radar,17,12,12,0,41,0,0,6,2,8,17,12,18,2,49,0,0,0,49
07/04/2016,AMA,TX,ASW,WE,Combined TRACON& Tower with Radar,18,12,12,0,42,0,0,10,2,12,18,12,22,2,54,56,0,56,110
07/05/2016,AMA,TX,ASW,WE,Combined TRACON& Tower with Radar,21,18,31,4,74,0,0,12,1,13,21,18,43,5,87,24,16,40,127
07/06/2016,AMA,TX,ASW,WE,Combined TRACON& Tower with Radar,21,15,28,24,88,0,0,12,10,22,21,15,40,34,110,4,48,52,162
07/07/2016,AMA,TX,ASW,WE,Combined TRACON& Tower with Radar,21,19,29,28,97,0,0,24,2,26,21,19,53,30,123,32,42,74,197
07/08/2016,AMA,TX,ASW,WE,Combined TRACON& Tower with Radar,21,20,48,43,132,0,0,31,4,35,21,20,79,47,167,12,88,100,267
07/09/2016,AMA,TX,ASW,WE,Combined TRACON& Tower with Radar,17,8,27,8,60,0,0,24,1,25,17,8,51,9,85,44,0,44,129
07/10/2016,AMA,TX,ASW,WE,Combined TRACON& Tower with Radar,18,12,12,38,80,0,0,7,2,9,18,12,19,40,89,14,8,22,111
07/11/2016,AMA,TX,ASW,WE,Combined TRACON& Tower with Radar,21,15,28,25,89,0,0,7,2,9,21,15,35,27,98,2,16,18,116
07/12/2016,AMA,TX,ASW,WE,Combined TRACON& Tower with Radar,21,13,26,32,92,0,0,31,4,35,21,13,57,36,127,30,0,30,157
07/13/2016,AMA,TX,ASW,WE,Combined TRACON& Tower with Radar,21,20,17,7,65,0,0,18,5,23,21,20,35,12,88,38,4,42,130
07/14/2016,AMA,TX,ASW,WE,Combined TRACON& Tower with Radar,21,20,49,35,125,0,0,10,8,18,21,20,59,43,143,18,18,36,179
07/15/2016,AMA,TX,ASW,WE,Combined TRACON& Tower with Radar,19,19,15,55,108,0,3,12,8,23,19,22,27,63,131,60,24,84,215
07/16/2016,AMA,TX,ASW,WE,Combined TRACON& Tower with Radar,17,14,12,11,54,0,0,24,2,26,17,14,36,13,80,54,0,54,134
07/17/2016,AMA,TX,ASW,WE,Combined TRACON& Tower with Radar,19,19,19,12,69,0,0,6,4,10,19,19,25,16,79,8,4,12,91
07/18/2016,AMA,TX,ASW,WE,Combined TRACON& Tower with Radar,22,19,18,17,76,0,0,15,3,18,22,19,33,20,94,10,12,22,116
07/19/2016,AMA,TX,ASW,WE,Combined TRACON& Tower with Radar,33,17,42,31,123,0,0,18,5,23,33,17,60,36,146,10,80,90,236
07/20/2016,AMA,TX,ASW,WE,Combined TRACON& Tower with Radar,20,22,34,18,94,0,1,16,4,21,20,23,50,22,115,26,10,36,151
07/21/2016,AMA,TX,ASW,WE,Combined TRACON& Tower with Radar,20,23,31,7,81,0,0,15,1,16,20,23,46,8,97,20,0,20,117
07/22/2016,AMA,TX,ASW,WE,Combined TRACON& Tower with Radar,20,15,51,21,107,0,1,24,2,27,20,16,75,23,134,68,42,110,244
07/23/2016,AMA,TX,ASW,WE,Combined TRACON& Tower with Radar,31,11,20,3,65,0,0,27,0,27,31,11,47,3,92,112,0,112,204
07/24/2016,AMA,TX,ASW,WE,Combined TRACON& Tower with Radar,21,12,35,24,92,0,2,23,6,31,21,14,58,30,123,68,34,102,225
07/25/2016,AMA,TX,ASW,WE,Combined TRACON& Tower with Radar,21,13,35,22,91,0,2,12,4,18,21,15,47,26,109,84,72,156,265
07/26/2016,AMA,TX,ASW,WE,Combined TRACON& Tower with Radar,21,19,41,34,115,0,0,18,5,23,21,19,59,39,138,20,158,178,316
07/27/2016,AMA,TX,ASW,WE,Combined TRACON& Tower with Radar,21,18,21,16,76,0,0,11,1,12,21,18,32,17,88,24,0,24,112
07/28/2016,AMA,TX,ASW,WE,Combined TRACON& Tower with Radar,23,14,26,12,75,0,0,23,2,25,23,14,49,14,100,2,2,4,104
07/29/2016,AMA,TX,ASW,WE,Combined TRACON& Tower with Radar,19,12,14,19,64,0,0,12,2,14,19,12,26,21,78,16,32,48,126
07/30/2016,AMA,TX,ASW,WE,Combined TRACON& Tower with Radar,15,12,17,27,71,0,0,20,13,33,15,12,37,40,104,66,0,66,170
07/31/2016,AMA,TX,ASW,WE,Combined TRACON& Tower with Radar,18,10,24,6,58,0,2,14,4,20,18,12,38,10,78,38,0,38,116
08/01/2016,AMA,TX,ASW,WE,Combined TRACON& Tower with Radar,22,14,19,7,62,0,2,16,6,24,22,16,35,13,86,24,66,90,176
08/02/2016,AMA,TX,ASW,WE,Combined TRACON& Tower with Radar,21,14,23,8,66,0,0,18,2,20,21,14,41,10,86,42,0,42,128
08/03/2016,AMA,TX,ASW,WE,Combined TRACON& Tower with Radar,21,15,32,8,76,0,0,13,6,19,21,15,45,14,95,14,18,32,127
08/04/2016,AMA,TX,ASW,WE,Combined TRACON& Tower with Radar,23,18,32,9,82,0,0,16,3,19,23,18,48,12,101,14,16,30,131
08/05/2016,AMA,TX,ASW,WE,Combined TRACON& Tower with Radar,21,14,25,15,75,0,0,10,1,11,21,14,35,16,86,52,10,62,148
08/06/2016,AMA,TX,ASW,WE,Combined TRACON& Tower with Radar,19,18,21,26,84,0,0,10,2,12,19,18,31,28,96,32,0,32,128
08/07/2016,AMA,TX,ASW,WE,Combined TRACON& Tower with Radar,20,16,19,8,63,0,0,9,1,10,20,16,28,9,73,18,0,18,91
08/08/2016,AMA,TX,ASW,WE,Combined TRACON& Tower with Radar,20,17,15,24,76,0,0,12,1,13,20,17,27,25,89,14,10,24,113
08/09/2016,AMA,TX,ASW,WE,Combined TRACON& Tower with Radar,25,15,29,20,89,0,0,22,4,26,25,15,51,24,115,52,0,52,167
08/10/2016,AMA,TX,ASW,WE,Combined TRACON& Tower with Radar,21,14,30,16,81,0,0,12,2,14,21,14,42,18,95,2,22,24,119
08/11/2016,AMA,TX,ASW,WE,Combined TRACON& Tower with Radar,21,16,23,54,114,0,0,12,5,17,21,16,35,59,131,36,38,74,205
08/12/2016,AMA,TX,ASW,WE,Combined TRACON& Tower with Radar,25,20,34,32,111,0,0,10,0,10,25,20,44,32,121,0,0,0,121
08/13/2016,AMA,TX,ASW,WE,Combined TRACON& Tower with Radar,16,20,29,6,71,0,0,23,5,28,16,20,52,11,99,42,30,72,171
08/14/2016,AMA,TX,ASW,WE,Combined TRACON& Tower with Radar,20,19,22,16,77,0,0,15,1,16,20,19,37,17,93,108,26,134,227
08/15/2016,AMA,TX,ASW,WE,Combined TRACON& Tower with Radar,21,23,55,75,174,0,0,20,6,26,21,23,75,81,200,38,78,116,316
08/16/2016,AMA,TX,ASW,WE,Combined TRACON& Tower with Radar,21,15,33,22,91,0,0,17,9,26,21,15,50,31,117,30,2,32,149
08/17/2016,AMA,TX,ASW,WE,Combined TRACON& Tower with Radar,20,17,33,86,156,0,0,29,5,34,20,17,62,91,190,44,46,90,280
08/18/2016,AMA,TX,ASW,WE,Combined TRACON& Tower with Radar,19,21,31,89,160,0,0,18,7,25,19,21,49,96,185,10,74,84,269
08/19/2016,AMA,TX,ASW,WE,Combined TRACON& Tower with Radar,20,22,39,50,131,0,0,14,4,18,20,22,53,54,149,38,123,161,310
08/20/2016,AMA,TX,ASW,WE,Combined TRACON& Tower with Radar,13,14,19,0,46,0,0,13,0,13,13,14,32,0,59,26,0,26,85
08/21/2016,AMA,TX,ASW,WE,Combined TRACON& Tower with Radar,18,17,37,36,108,0,0,15,3,18,18,17,52,39,126,50,8,58,184
08/22/2016,AMA,TX,ASW,WE,Combined TRACON& Tower with Radar,25,20,19,85,149,0,0,10,5,15,25,20,29,90,164,28,14,42,206
08/23/2016,AMA,TX,ASW,WE,Combined TRACON& Tower with Radar,19,24,43,45,131,0,0,10,3,13,19,24,53,48,144,12,30,42,186
08/24/2016,AMA,TX,ASW,WE,Combined TRACON& Tower with Radar,23,22,28,14,87,0,0,11,6,17,23,22,39,20,104,2,40,42,146
08/25/2016,AMA,TX,ASW,WE,Combined TRACON& Tower with Radar,21,22,25,9,77,0,0,2,6,8,21,22,27,15,85,34,4,38,123
08/26/2016,AMA,TX,ASW,WE,Combined TRACON& Tower with Radar,21,16,48,56,141,0,0,12,1,13,21,16,60,57,154,32,52,84,238
08/27/2016,AMA,TX,ASW,WE,Combined TRACON& Tower with Radar,15,18,25,3,61,0,0,24,3,27,15,18,49,6,88,28,8,36,124
08/28/2016,AMA,TX,ASW,WE,Combined TRACON& Tower with Radar,20,16,30,7,73,0,0,14,3,17,20,16,44,10,90,20,0,20,110
08/29/2016,AMA,TX,ASW,WE,Combined TRACON& Tower with Radar,22,21,61,6,110,0,0,3,1,4,22,21,64,7,114,6,0,6,120
08/30/2016,AMA,TX,ASW,WE,Combined TRACON& Tower with Radar,19,17,16,22,74,0,0,1,1,2,19,17,17,23,76,0,0,0,76
08/31/2016,AMA,TX,ASW,WE,Combined TRACON& Tower with Radar,23,17,30,14,84,0,0,6,11,17,23,17,36,25,101,2,2,4,105
09/01/2016,AMA,TX,ASW,WE,Combined TRACON& Tower with Radar,20,25,27,5,77,0,0,18,3,21,20,25,45,8,98,36,4,40,138
09/02/2016,AMA,TX,ASW,WE,Combined TRACON& Tower with Radar,22,21,22,4,69,0,0,13,0,13,22,21,35,4,82,36,6,42,124
09/03/2016,AMA,TX,ASW,WE,Combined TRACON& Tower with Radar,15,8,17,1,41,0,0,12,1,13,15,8,29,2,54,2,0,2,56
09/04/2016,AMA,TX,ASW,WE,Combined TRACON& Tower with Radar,16,9,10,1,36,0,0,10,2,12,16,9,20,3,48,0,0,0,48
09/05/2016,AMA,TX,ASW,WE,Combined TRACON& Tower with Radar,20,12,27,1,60,0,0,24,0,24,20,12,51,1,84,2,0,2,86
09/06/2016,AMA,TX,ASW,WE,Combined TRACON& Tower with Radar,20,17,30,19,86,0,0,13,0,13,20,17,43,19,99,0,36,36,135
09/07/2016,AMA,TX,ASW,WE,Combined TRACON& Tower with Radar,22,18,12,2,54,0,0,14,4,18,22,18,26,6,72,12,0,12,84
09/08/2016,AMA,TX,ASW,WE,Combined TRACON& Tower with Radar,21,21,44,40,126,0,0,20,1,21,21,21,64,41,147,36,102,138,285
09/09/2016,AMA,TX,ASW,WE,Combined TRACON& Tower with Radar,24,20,60,74,178,0,0,15,3,18,24,20,75,77,196,26,66,92,288
09/10/2016,AMA,TX,ASW,WE,Combined TRACON& Tower with Radar,13,15,21,27,76,0,0,31,4,35,13,15,52,31,111,28,12,40,151
09/11/2016,AMA,TX,ASW,WE,Combined TRACON& Tower with Radar,22,14,14,27,77,0,2,9,7,18,22,16,23,34,95,0,6,6,101
09/12/2016,AMA,TX,ASW,WE,Combined TRACON& Tower with Radar,22,19,26,20,87,0,0,7,5,12,22,19,33,25,99,0,46,46,145
09/13/2016,AMA,TX,ASW,WE,Combined TRACON& Tower with Radar,19,21,35,12,87,0,0,3,4,7,19,21,38,16,94,0,0,0,94
09/14/2016,AMA,TX,ASW,WE,Combined TRACON& Tower with Radar,25,24,72,16,137,0,0,5,4,9,25,24,77,20,146,0,2,2,148
09/15/2016,AMA,TX,ASW,WE,Combined TRACON& Tower with Radar,21,22,17,45,105,0,0,12,2,14,21,22,29,47,119,0,20,20,139
09/16/2016,AMA,TX,ASW,WE,Combined TRACON& Tower with Radar,22,16,83,77,198,0,0,17,9,26,22,16,100,86,224,14,92,106,330
09/17/2016,AMA,TX,ASW,WE,Combined TRACON& Tower with Radar,17,13,20,3,53,0,0,6,4,10,17,13,26,7,63,0,20,20,83
09/18/2016,AMA,TX,ASW,WE,Combined TRACON& Tower with Radar,21,17,32,35,105,0,1,22,4,27,21,18,54,39,132,14,20,34,166
09/19/2016,AMA,TX,ASW,WE,Combined TRACON& Tower with Radar,20,14,37,34,105,0,1,16,7,24,20,15,53,41,129,0,36,36,165
09/20/2016,AMA,TX,ASW,WE,Combined TRACON& Tower with Radar,19,17,26,34,96,0,0,12,9,21,19,17,38,43,117,16,54,70,187
09/21/2016,AMA,TX,ASW,WE,Combined TRACON& Tower with Radar,20,14,38,29,101,0,0,6,7,13,20,14,44,36,114,32,8,40,154
09/22/2016,AMA,TX,ASW,WE,Combined TRACON& Tower with Radar,22,18,30,26,96,0,0,17,7,24,22,18,47,33,120,4,26,30,150
09/23/2016,AMA,TX,ASW,WE,Combined TRACON& Tower with Radar,21,17,25,57,120,0,0,19,3,22,21,17,44,60,142,0,8,8,150
09/24/2016,AMA,TX,ASW,WE,Combined TRACON& Tower with Radar,13,14,8,8,43,0,0,12,1,13,13,14,20,9,56,0,0,0,56
09/25/2016,AMA,TX,ASW,WE,Combined TRACON& Tower with Radar,21,16,26,9,72,0,0,1,1,2,21,16,27,10,74,0,0,0,74
09/26/2016,AMA,TX,ASW,WE,Combined TRACON& Tower with Radar,20,22,49,92,183,0,0,16,6,22,20,22,65,98,205,0,26,26,231
09/27/2016,AMA,TX,ASW,WE,Combined TRACON& Tower with Radar,19,15,40,47,121,0,0,24,10,34,19,15,64,57,155,56,44,100,255
09/28/2016,AMA,TX,ASW,WE,Combined TRACON& Tower with Radar,21,19,22,45,107,0,1,21,8,30,21,20,43,53,137,32,42,74,211
09/29/2016,AMA,TX,ASW,WE,Combined TRACON& Tower with Radar,23,17,19,45,104,0,0,14,1,15,23,17,33,46,119,42,24,66,185
09/30/2016,AMA,TX,ASW,WE,Combined TRACON& Tower with Radar,20,14,50,37,121,0,0,11,5,16,20,14,61,42,137,6,26,32,169
10/01/2016,AMA,TX,ASW,WE,Combined TRACON& Tower with Radar,15,11,13,0,39,0,0,6,0,6,15,11,19,0,45,50,0,50,95
10/02/2016,AMA,TX,ASW,WE,Combined TRACON& Tower with Radar,20,10,22,5,57,0,0,14,3,17,20,10,36,8,74,44,0,44,118
10/03/2016,AMA,TX,ASW,WE,Combined TRACON& Tower with Radar,22,19,27,36,104,0,0,2,4,6,22,19,29,40,110,0,56,56,166
10/04/2016,AMA,TX,ASW,WE,Combined TRACON& Tower with Radar,19,19,72,56,166,0,0,10,0,10,19,19,82,56,176,44,70,114,290
10/05/2016,AMA,TX,ASW,WE,Combined TRACON& Tower with Radar,20,22,35,43,120,0,3,21,4,28,20,25,56,47,148,40,36,76,224
10/06/2016,AMA,TX,ASW,WE,Combined TRACON& Tower with Radar,24,18,67,54,163,0,0,13,4,17,24,18,80,58,180,42,54,96,276
10/07/2016,AMA,TX,ASW,WE,Combined TRACON& Tower with Radar,23,18,29,58,128,0,0,20,3,23,23,18,49,61,151,32,36,68,219
10/08/2016,AMA,TX,ASW,WE,Combined TRACON& Tower with Radar,15,16,17,5,53,0,1,21,2,24,15,17,38,7,77,28,4,32,109
10/09/2016,AMA,TX,ASW,WE,Combined TRACON& Tower with Radar,21,15,19,0,55,0,0,1,1,2,21,15,20,1,57,40,0,40,97
10/10/2016,AMA,TX,ASW,WE,Combined TRACON& Tower with Radar,22,17,23,26,88,0,0,15,0,15,22,17,38,26,103,26,0,26,129
10/11/2016,AMA,TX,ASW,WE,Combined TRACON& Tower with Radar,19,16,39,70,144,0,0,20,6,26,19,16,59,76,170,34,40,74,244
10/12/2016,AMA,TX,ASW,WE,Combined TRACON& Tower with Radar,21,13,44,42,120,0,0,1,0,1,21,13,45,42,121,0,26,26,147
10/13/2016,AMA,TX,ASW,WE,Combined TRACON& Tower with Radar,21,19,52,35,127,0,0,3,5,8,21,19,55,40,135,12,0,12,147
10/14/2016,AMA,TX,ASW,WE,Combined TRACON& Tower with Radar,24,21,50,82,177,0,0,11,13,24,24,21,61,95,201,0,80,80,281
10/15/2016,AMA,TX,ASW,WE,Combined TRACON& Tower with Radar,13,13,19,11,56,0,0,25,6,31,13,13,44,17,87,22,36,58,145
10/16/2016,AMA,TX,ASW,WE,Combined TRACON& Tower with Radar,23,16,17,21,77,0,0,10,7,17,23,16,27,28,94,24,8,32,126
10/17/2016,AMA,TX,ASW,WE,Combined TRACON& Tower with Radar,21,22,24,23,90,0,1,10,9,20,21,23,34,32,110,0,28,28,138
10/18/2016,AMA,TX,ASW,WE,Combined TRACON& Tower with Radar,22,24,35,20,101,0,0,22,3,25,22,24,57,23,126,40,60,100,226
10/19/2016,AMA,TX,ASW,WE,Combined TRACON& Tower with Radar,22,14,43,34,113,0,0,13,2,15,22,14,56,36,128,2,24,26,154
10/20/2016,AMA,TX,ASW,WE,Combined TRACON& Tower with Radar,21,18,63,40,142,0,2,24,3,29,21,20,87,43,171,40,36,76,247
10/21/2016,AMA,TX,ASW,WE,Combined TRACON& Tower with Radar,20,17,28,14,79,0,0,18,4,22,20,17,46,18,101,20,45,65,166
10/22/2016,AMA,TX,ASW,WE,Combined TRACON& Tower with Radar,13,15,36,1,65,0,0,16,0,16,13,15,52,1,81,6,0,6,87
10/23/2016,AMA,TX,ASW,WE,Combined TRACON& Tower with Radar,24,12,16,24,76,0,0,23,2,25,24,12,39,26,101,54,2,56,157
10/24/2016,AMA,TX,ASW,WE,Combined TRACON& Tower with Radar,20,15,43,42,120,0,1,18,6,25,20,16,61,48,145,20,30,50,195
10/25/2016,AMA,TX,ASW,WE,Combined TRACON& Tower with Radar,21,15,57,21,114,0,0,14,2,16,21,15,71,23,130,16,78,94,224
10/26/2016,AMA,TX,ASW,WE,Combined TRACON& Tower with Radar,22,22,61,20,125,0,0,9,10,19,22,22,70,30,144,2,60,62,206
10/27/2016,AMA,TX,ASW,WE,Combined TRACON& Tower with Radar,22,20,39,15,96,0,0,30,8,38,22,20,69,23,134,40,22,62,196
10/28/2016,AMA,TX,ASW,WE,Combined TRACON& Tower with Radar,24,17,40,45,126,0,0,16,9,25,24,17,56,54,151,0,133,133,284
10/29/2016,AMA,TX,ASW,WE,Combined TRACON& Tower with Radar,13,8,26,3,50,0,0,23,1,24,13,8,49,4,74,4,0,4,78
10/30/2016,AMA,TX,ASW,WE,Combined TRACON& Tower with Radar,22,10,14,2,48,0,0,8,1,9,22,10,22,3,57,18,0,18,75
10/31/2016,AMA,TX,ASW,WE,Combined TRACON& Tower with Radar,20,17,18,66,121,0,0,8,3,11,20,17,26,69,132,0,22,22,154
11/01/2016,AMA,TX,ASW,WE,Combined TRACON& Tower with Radar,20,27,37,76,160,0,0,13,6,19,20,27,50,82,179,12,66,78,257
11/02/2016,AMA,TX,ASW,WE,Combined TRACON& Tower with Radar,19,21,39,75,154,0,1,4,3,8,19,22,43,78,162,10,34,44,206
11/03/2016,AMA,TX,ASW,WE,Combined TRACON& Tower with Radar,23,18,30,64,135,0,0,10,4,14,23,18,40,68,149,20,118,138,287
11/04/2016,AMA,TX,ASW,WE,Combined TRACON& Tower with Radar,23,16,51,92,182,0,0,17,3,20,23,16,68,95,202,24,72,96,298
11/05/2016,AMA,TX,ASW,WE,Combined TRACON& Tower with Radar,16,19,36,6,77,0,1,2,4,7,16,20,38,10,84,22,4,26,110
11/06/2016,AMA,TX,ASW,WE,Combined TRACON& Tower with Radar,22,17,13,0,52,0,1,0,0,1,22,18,13,0,53,0,0,0,53
11/07/2016,AMA,TX,ASW,WE,Combined TRACON& Tower with Radar,21,14,117,88,240,0,0,5,6,11,21,14,122,94,251,0,104,104,355
11/08/2016,AMA,TX,ASW,WE,Combined TRACON& Tower with Radar,23,14,35,131,203,0,0,9,11,20,23,14,44,142,223,2,128,130,353
11/09/2016,AMA,TX,ASW,WE,Combined TRACON& Tower with Radar,20,21,34,64,139,0,3,13,8,24,20,24,47,72,163,24,68,92,255
11/10/2016,AMA,TX,ASW,WE,Combined TRACON& Tower with Radar,29,17,47,95,188,0,0,19,10,29,29,17,66,105,217,32,92,124,341
11/11/2016,AMA,TX,ASW,WE,Combined TRACON& Tower with Radar,42,23,30,29,124,0,3,19,12,34,42,26,49,41,158,32,56,88,246
11/12/2016,AMA,TX,ASW,WE,Combined TRACON& Tower with Radar,14,13,33,3,63,0,1,28,2,31,14,14,61,5,94,76,12,88,182
11/13/2016,AMA,TX,ASW,WE,Combined TRACON& Tower with Radar,29,15,30,28,102,0,0,34,5,39,29,15,64,33,141,28,0,28,169
11/14/2016,AMA,TX,ASW,WE,Combined TRACON& Tower with Radar,25,21,54,31,131,0,0,26,10,36,25,21,80,41,167,18,30,48,215
11/15/2016,AMA,TX,ASW,WE,Combined TRACON& Tower with Radar,25,16,28,54,123,0,0,28,1,29,25,16,56,55,152,80,68,148,300
11/16/2016,AMA,TX,ASW,WE,Combined TRACON& Tower with Radar,21,21,31,26,99,0,0,20,6,26,21,21,51,32,125,26,2,28,153
11/17/2016,AMA,TX,ASW,WE,Combined TRACON& Tower with Radar,23,21,18,22,84,0,2,7,8,17,23,23,25,30,101,56,34,90,191
11/18/2016,AMA,TX,ASW,WE,Combined TRACON& Tower with Radar,24,18,28,77,147,0,0,7,10,17,24,18,35,87,164,0,24,24,188
11/19/2016,AMA,TX,ASW,WE,Combined TRACON& Tower with Radar,15,14,27,7,63,0,0,27,8,35,15,14,54,15,98,22,0,22,120
11/20/2016,AMA,TX,ASW,WE,Combined TRACON& Tower with Radar,20,18,18,48,104,0,1,15,9,25,20,19,33,57,129,46,26,72,201
11/21/2016,AMA,TX,ASW,WE,Combined TRACON& Tower with Radar,21,14,20,58,113,0,0,16,9,25,21,14,36,67,138,26,72,98,236
11/22/2016,AMA,TX,ASW,WE,Combined TRACON& Tower with Radar,21,22,55,49,147,0,2,13,3,18,21,24,68,52,165,2,24,26,191
11/23/2016,AMA,TX,ASW,WE,Combined TRACON& Tower with Radar,21,18,32,26,97,0,2,25,5,32,21,20,57,31,129,52,86,138,267
11/24/2016,AMA,TX,ASW,WE,Combined TRACON& Tower with Radar,13,10,1,0,24,0,0,0,0,0,13,10,1,0,24,0,0,0,24
11/25/2016,AMA,TX,ASW,WE,Combined TRACON& Tower with Radar,18,11,18,0,47,0,0,15,0,15,18,11,33,0,62,0,16,16,78
11/26/2016,AMA,TX,ASW,WE,Combined TRACON& Tower with Radar,21,17,19,0,57,0,0,9,2,11,21,17,28,2,68,0,0,0,68
11/27/2016,AMA,TX,ASW,WE,Combined TRACON& Tower with Radar,23,16,26,0,65,0,0,4,0,4,23,16,30,0,69,6,0,6,75
11/28/2016,AMA,TX,ASW,WE,Combined TRACON& Tower with Radar,21,16,22,77,136,0,0,13,11,24,21,16,35,88,160,50,110,160,320
11/29/2016,AMA,TX,ASW,WE,Combined TRACON& Tower with Radar,21,14,33,45,113,0,0,24,13,37,21,14,57,58,150,34,24,58,208
11/30/2016,AMA,TX,ASW,WE,Combined TRACON& Tower with Radar,21,20,37,28,106,0,0,13,13,26,21,20,50,41,132,22,32,54,186
12/01/2016,AMA,TX,ASW,WE,Combined TRACON& Tower with Radar,21,21,36,29,107,0,0,26,5,31,21,21,62,34,138,20,78,98,236
12/02/2016,AMA,TX,ASW,WE,Combined TRACON& Tower with Radar,23,18,16,20,77,0,1,11,4,16,23,19,27,24,93,36,50,86,179
12/03/2016,AMA,TX,ASW,WE,Combined TRACON& Tower with Radar,15,6,6,2,29,0,0,0,0,0,15,6,6,2,29,0,0,0,29
12/04/2016,AMA,TX,ASW,WE,Combined TRACON& Tower with Radar,22,11,22,47,102,0,0,14,2,16,22,11,36,49,118,20,10,30,148
12/05/2016,AMA,TX,ASW,WE,Combined TRACON& Tower with Radar,23,13,56,41,133,0,0,15,13,28,23,13,71,54,161,54,62,116,277
12/06/2016,AMA,TX,ASW,WE,Combined TRACON& Tower with Radar,23,14,40,35,112,0,1,18,4,23,23,15,58,39,135,44,38,82,217
12/07/2016,AMA,TX,ASW,WE,Combined TRACON& Tower with Radar,21,24,58,4,107,0,1,8,1,10,21,25,66,5,117,2,6,8,125
12/08/2016,AMA,TX,ASW,WE,Combined TRACON& Tower with Radar,21,19,50,38,128,0,0,12,1,13,21,19,62,39,141,56,0,56,197
12/09/2016,AMA,TX,ASW,WE,Combined TRACON& Tower with Radar,23,20,21,8,72,0,3,2,2,7,23,23,23,10,79,0,0,0,79
12/10/2016,AMA,TX,ASW,WE,Combined TRACON& Tower with Radar,15,10,15,1,41,0,2,12,3,17,15,12,27,4,58,32,14,46,104
12/11/2016,AMA,TX,ASW,WE,Combined TRACON& Tower with Radar,21,12,11,3,47,0,0,7,4,11,21,12,18,7,58,0,6,6,64
12/12/2016,AMA,TX,ASW,WE,Combined TRACON& Tower with Radar,21,17,20,23,81,0,2,8,4,14,21,19,28,27,95,16,18,34,129
12/13/2016,AMA,TX,ASW,WE,Combined TRACON& Tower with Radar,20,18,29,53,120,0,0,18,5,23,20,18,47,58,143,64,36,100,243
12/14/2016,AMA,TX,ASW,WE,Combined TRACON& Tower with Radar,21,16,37,38,112,0,0,17,3,20,21,16,54,41,132,32,18,50,182
12/15/2016,AMA,TX,ASW,WE,Combined TRACON& Tower with Radar,21,17,24,50,112,0,0,8,7,15,21,17,32,57,127,0,92,92,219
12/16/2016,AMA,TX,ASW,WE,Combined TRACON& Tower with Radar,21,29,34,13,97,0,5,18,9,32,21,34,52,22,129,52,24,76,205
12/17/2016,AMA,TX,ASW,WE,Combined TRACON& Tower with Radar,18,11,11,1,41,0,0,2,0,2,18,11,13,1,43,0,0,0,43
12/18/2016,AMA,TX,ASW,WE,Combined TRACON& Tower with Radar,15,14,21,17,67,0,0,12,5,17,15,14,33,22,84,60,0,60,144
12/19/2016,AMA,TX,ASW,WE,Combined TRACON& Tower with Radar,17,16,25,14,72,0,0,16,3,19,17,16,41,17,91,46,30,76,167
12/20/2016,AMA,TX,ASW,WE,Combined TRACON& Tower with Radar,19,22,27,96,164,0,0,40,13,53,19,22,67,109,217,14,38,52,269
12/21/2016,AMA,TX,ASW,WE,Combined TRACON& Tower with Radar,19,14,35,58,126,0,0,27,4,31,19,14,62,62,157,0,24,24,181
12/22/2016,AMA,TX,ASW,WE,Combined TRACON& Tower with Radar,19,25,11,2,57,0,0,3,0,3,19,25,14,2,60,0,0,0,60
12/23/2016,AMA,TX,ASW,WE,Combined TRACON& Tower with Radar,19,16,30,4,69,0,0,10,0,10,19,16,40,4,79,0,8,8,87
12/24/2016,AMA,TX,ASW,WE,Combined TRACON& Tower with Radar,15,11,7,0,33,0,0,5,0,5,15,11,12,0,38,14,0,14,52
12/25/2016,AMA,TX,ASW,WE,Combined TRACON& Tower with Radar,15,20,6,0,41,0,0,2,0,2,15,20,8,0,43,0,0,0,43
12/26/2016,AMA,TX,ASW,WE,Combined TRACON& Tower with Radar,21,20,33,0,74,0,0,20,0,20,21,20,53,0,94,20,0,20,114
12/27/2016,AMA,TX,ASW,WE,Combined TRACON& Tower with Radar,20,13,25,8,66,0,0,15,0,15,20,13,40,8,81,32,0,32,113
12/28/2016,AMA,TX,ASW,WE,Combined TRACON& Tower with Radar,21,17,29,26,93,0,0,13,2,15,21,17,42,28,108,26,78,104,212
12/29/2016,AMA,TX,ASW,WE,Combined TRACON& Tower with Radar,21,18,22,13,74,0,1,20,0,21,21,19,42,13,95,58,0,58,153
12/30/2016,AMA,TX,ASW,WE,Combined TRACON& Tower with Radar,21,17,10,0,48,0,0,10,0,10,21,17,20,0,58,0,0,0,58
12/31/2016,AMA,TX,ASW,WE,Combined TRACON& Tower with Radar,16,16,10,1,43,0,0,2,1,3,16,16,12,2,46,2,0,2,48
01/01/2017,AMA,TX,ASW,WE,Combined TRACON& Tower with Radar,19,16,18,0,53,0,0,11,0,11,19,16,29,0,64,0,0,0,64
01/02/2017,AMA,TX,ASW,WE,Combined TRACON& Tower with Radar,21,19,18,0,58,0,0,14,0,14,21,19,32,0,72,24,0,24,96
01/03/2017,AMA,TX,ASW,WE,Combined TRACON& Tower with Radar,18,16,13,5,52,0,0,1,0,1,18,16,14,5,53,34,0,34,87
01/04/2017,AMA,TX,ASW,WE,Combined TRACON& Tower with Radar,18,20,28,59,125,0,0,14,6,20,18,20,42,65,145,52,68,120,265
01/05/2017,AMA,TX,ASW,WE,Combined TRACON& Tower with Radar,18,19,48,19,104,0,0,5,1,6,18,19,53,20,110,52,10,62,172
01/06/2017,AMA,TX,ASW,WE,Combined TRACON& Tower with Radar,18,20,18,6,62,0,0,0,0,0,18,20,18,6,62,0,4,4,66
01/07/2017,AMA,TX,ASW,WE,Combined TRACON& Tower with Radar,17,11,10,2,40,0,1,18,2,21,17,12,28,4,61,24,0,24,85
01/08/2017,AMA,TX,ASW,WE,Combined TRACON& Tower with Radar,21,11,17,5,54,0,1,18,2,21,21,12,35,7,75,52,6,58,133
01/09/2017,AMA,TX,ASW,WE,Combined TRACON& Tower with Radar,20,15,37,36,108,0,0,6,2,8,20,15,43,38,116,0,42,42,158
01/10/2017,AMA,TX,ASW,WE,Combined TRACON& Tower with Radar,19,16,25,51,111,0,0,20,4,24,19,16,45,55,135,22,94,116,251
01/11/2017,AMA,TX,ASW,WE,Combined TRACON& Tower with Radar,22,17,24,101,164,0,0,8,0,8,22,17,32,101,172,0,34,34,206
01/12/2017,AMA,TX,ASW,WE,Combined TRACON& Tower with Radar,21,16,36,41,114,0,0,19,3,22,21,16,55,44,136,92,44,136,272
01/13/2017,AMA,TX,ASW,WE,Combined TRACON& Tower with Radar,20,15,19,0,54,0,0,1,7,8,20,15,20,7,62,0,64,64,126
01/14/2017,AMA,TX,ASW,WE,Combined TRACON& Tower with Radar,15,2,5,0,22,0,0,0,0,0,15,2,5,0,22,0,0,0,22
01/15/2017,AMA,TX,ASW,WE,Combined TRACON& Tower with Radar,17,3,3,0,23,0,0,0,0,0,17,3,3,0,23,0,0,0,23
01/16/2017,AMA,TX,ASW,WE,Combined TRACON& Tower with Radar,22,13,26,2,63,0,0,1,2,3,22,13,27,4,66,0,0,0,66
01/17/2017,AMA,TX,ASW,WE,Combined TRACON& Tower with Radar,19,18,38,31,106,0,0,24,5,29,19,18,62,36,135,18,30,48,183
01/18/2017,AMA,TX,ASW,WE,Combined TRACON& Tower with Radar,24,15,33,44,116,0,0,15,1,16,24,15,48,45,132,40,26,66,198
01/19/2017,AMA,TX,ASW,WE,Combined TRACON& Tower with Radar,20,21,53,67,161,0,2,20,1,23,20,23,73,68,184,30,144,174,358
01/20/2017,AMA,TX,ASW,WE,Combined TRACON& Tower with Radar,20,17,20,43,100,0,1,4,2,7,20,18,24,45,107,20,8,28,135
01/21/2017,AMA,TX,ASW,WE,Combined TRACON& Tower with Radar,13,10,19,10,52,0,0,8,5,13,13,10,27,15,65,20,0,20,85
01/22/2017,AMA,TX,ASW,WE,Combined TRACON& Tower with Radar,20,11,20,31,82,0,0,16,1,17,20,11,36,32,99,30,52,82,181
01/23/2017,AMA,TX,ASW,WE,Combined TRACON& Tower with Radar,21,14,26,17,78,0,0,16,1,17,21,14,42,18,95,0,32,32,127
01/24/2017,AMA,TX,ASW,WE,Combined TRACON& Tower with Radar,19,15,19,1,54,0,0,7,3,10,19,15,26,4,64,0,0,0,64
01/25/2017,AMA,TX,ASW,WE,Combined TRACON& Tower with Radar,23,18,50,7,98,0,2,35,10,47,23,20,85,17,145,44,12,56,201
01/26/2017,AMA,TX,ASW,WE,Combined TRACON& Tower with Radar,21,19,23,14,77,0,1,26,7,34,21,20,49,21,111,38,40,78,189
01/27/2017,AMA,TX,ASW,WE,Combined TRACON& Tower with Radar,20,13,33,38,104,0,1,24,4,29,20,14,57,42,133,54,38,92,225
01/28/2017,AMA,TX,ASW,WE,Combined TRACON& Tower with Radar,15,13,22,20,70,0,0,16,2,18,15,13,38,22,88,0,0,0,88
01/29/2017,AMA,TX,ASW,WE,Combined TRACON& Tower with Radar,21,15,17,49,102,0,2,20,0,22,21,17,37,49,124,8,0,8,132
01/30/2017,AMA,TX,ASW,WE,Combined TRACON& Tower with Radar,21,15,63,12,111,0,0,17,2,19,21,15,80,14,130,26,0,26,156
01/31/2017,AMA,TX,ASW,WE,Combined TRACON& Tower with Radar,19,13,39,43,114,0,0,19,7,26,19,13,58,50,140,32,42,74,214
02/01/2017,AMA,TX,ASW,WE,Combined TRACON& Tower with Radar,22,15,42,34,113,0,0,15,3,18,22,15,57,37,131,26,34,60,191
02/02/2017,AMA,TX,ASW,WE,Combined TRACON& Tower with Radar,21,14,23,60,118,0,0,11,2,13,21,14,34,62,131,102,58,160,291
02/03/2017,AMA,TX,ASW,WE,Combined TRACON& Tower with Radar,21,14,24,45,104,0,0,16,9,25,21,14,40,54,129,18,60,78,207
02/04/2017,AMA,TX,ASW,WE,Combined TRACON& Tower with Radar,15,10,21,3,49,0,0,15,4,19,15,10,36,7,68,70,6,76,144
02/05/2017,AMA,TX,ASW,WE,Combined TRACON& Tower with Radar,17,17,12,8,54,0,0,14,5,19,17,17,26,13,73,64,2,66,139
02/06/2017,AMA,TX,ASW,WE,Combined TRACON& Tower with Radar,28,14,13,1,56,0,2,4,1,7,28,16,17,2,63,0,0,0,63
02/07/2017,AMA,TX,ASW,WE,Combined TRACON& Tower with Radar,21,10,44,34,109,0,1,26,3,30,21,11,70,37,139,26,60,86,225
02/08/2017,AMA,TX,ASW,WE,Combined TRACON& Tower with Radar,18,20,30,41,109,0,1,13,3,17,18,21,43,44,126,32,60,92,218
02/09/2017,AMA,TX,ASW,WE,Combined TRACON& Tower with Radar,20,18,33,53,124,0,2,11,4,17,20,20,44,57,141,28,86,114,255
02/10/2017,AMA,TX,ASW,WE,Combined TRACON& Tower with Radar,22,20,29,38,109,0,0,22,4,26,22,20,51,42,135,10,90,100,235
02/11/2017,AMA,TX,ASW,WE,Combined TRACON& Tower with Radar,17,13,13,8,51,0,0,20,3,23,17,13,33,11,74,2,4,6,80
02/12/2017,AMA,TX,ASW,WE,Combined TRACON& Tower with Radar,23,14,19,3,59,0,0,8,1,9,23,14,27,4,68,6,6,12,80
02/13/2017,AMA,TX,ASW,WE,Combined TRACON& Tower with Radar,21,17,16,6,60,0,0,1,0,1,21,17,17,6,61,0,0,0,61
02/14/2017,AMA,TX,ASW,WE,Combined TRACON& Tower with Radar,19,14,13,1,47,0,0,4,0,4,19,14,17,1,51,0,0,0,51
02/15/2017,AMA,TX,ASW,WE,Combined TRACON& Tower with Radar,22,18,26,43,109,0,1,22,9,32,22,19,48,52,141,36,42,78,219
02/16/2017,AMA,TX,ASW,WE,Combined TRACON& Tower with Radar,27,22,28,87,164,0,0,28,4,32,27,22,56,91,196,74,166,240,436
02/17/2017,AMA,TX,ASW,WE,Combined TRACON& Tower with Radar,23,19,47,40,129,0,0,24,9,33,23,19,71,49,162,22,82,104,266
02/18/2017,AMA,TX,ASW,WE,Combined TRACON& Tower with Radar,16,12,23,7,58,0,2,14,4,20,16,14,37,11,78,24,0,24,102
02/19/2017,AMA,TX,ASW,WE,Combined TRACON& Tower with Radar,26,13,9,10,58,0,0,5,3,8,26,13,14,13,66,0,14,14,80
02/20/2017,AMA,TX,ASW,WE,Combined TRACON& Tower with Radar,21,16,15,19,71,0,0,9,5,14,21,16,24,24,85,40,16,56,141
02/21/2017,AMA,TX,ASW,WE,Combined TRACON& Tower with Radar,23,23,31,53,130,0,0,23,6,29,23,23,54,59,159,48,120,168,327
02/22/2017,AMA,TX,ASW,WE,Combined TRACON& Tower with Radar,21,21,35,18,95,0,3,20,5,28,21,24,55,23,123,22,32,54,177
02/23/2017,AMA,TX,ASW,WE,Combined TRACON& Tower with Radar,23,19,27,23,92,0,1,8,1,10,23,20,35,24,102,6,18,24,126
02/24/2017,AMA,TX,ASW,WE,Combined TRACON& Tower with Radar,20,18,43,66,147,0,3,16,8,27,20,21,59,74,174,26,60,86,260
02/25/2017,AMA,TX,ASW,WE,Combined TRACON& Tower with Radar,13,10,12,6,41,0,0,22,3,25,13,10,34,9,66,114,0,114,180
02/26/2017,AMA,TX,ASW,WE,Combined TRACON& Tower with Radar,21,10,27,29,87,0,1,18,3,22,21,11,45,32,109,56,0,56,165
02/27/2017,AMA,TX,ASW,WE,Combined TRACON& Tower with Radar,21,19,40,33,113,0,0,13,5,18,21,19,53,38,131,10,54,64,195
02/28/2017,AMA,TX,ASW,WE,Combined TRACON& Tower with Radar,22,14,25,16,77,0,0,8,11,19,22,14,33,27,96,0,16,16,112
03/01/2017,AMA,TX,ASW,WE,Combined TRACON& Tower with Radar,21,16,51,45,133,0,1,23,4,28,21,17,74,49,161,42,28,70,231
03/02/2017,AMA,TX,ASW,WE,Combined TRACON& Tower with Radar,23,23,40,96,182,0,0,27,15,42,23,23,67,111,224,44,4,48,272
03/03/2017,AMA,TX,ASW,WE,Combined TRACON& Tower with Radar,23,23,40,34,120,0,4,24,4,32,23,27,64,38,152,26,50,76,228
03/04/2017,AMA,TX,ASW,WE,Combined TRACON& Tower with Radar,17,12,10,4,43,0,0,8,0,8,17,12,18,4,51,0,0,0,51
03/05/2017,AMA,TX,ASW,WE,Combined TRACON& Tower with Radar,19,15,21,24,79,0,0,12,5,17,19,15,33,29,96,0,2,2,98
03/06/2017,AMA,TX,ASW,WE,Combined TRACON& Tower with Radar,18,22,20,25,85,0,1,6,8,15,18,23,26,33,100,2,8,10,110
03/07/2017,AMA,TX,ASW,WE,Combined TRACON& Tower with Radar,18,16,29,46,109,0,0,21,14,35,18,16,50,60,144,106,10,116,260
03/08/2017,AMA,TX,ASW,WE,Combined TRACON& Tower with Radar,18,26,14,30,88,0,1,19,1,21,18,27,33,31,109,24,60,84,193
03/09/2017,AMA,TX,ASW,WE,Combined TRACON& Tower with Radar,18,18,37,25,98,0,1,16,1,18,18,19,53,26,116,92,70,162,278
03/10/2017,AMA,TX,ASW,WE,Combined TRACON& Tower with Radar,19,22,43,40,124,0,2,13,2,17,19,24,56,42,141,0,16,16,157
03/11/2017,AMA,TX,ASW,WE,Combined TRACON& Tower with Radar,16,12,23,1,52,0,0,1,0,1,16,12,24,1,53,0,0,0,53
03/12/2017,AMA,TX,ASW,WE,Combined TRACON& Tower with Radar,20,15,37,29,101,0,0,7,3,10,20,15,44,32,111,0,4,4,115
03/13/2017,AMA,TX,ASW,WE,Combined TRACON& Tower with Radar,21,17,43,32,113,0,0,25,3,28,21,17,68,35,141,18,54,72,213
03/14/2017,AMA,TX,ASW,WE,Combined TRACON& Tower with Radar,22,19,36,28,105,0,1,22,10,33,22,20,58,38,138,24,70,94,232
03/15/2017,AMA,TX,ASW,WE,Combined TRACON& Tower with Radar,20,21,31,34,106,0,0,22,0,22,20,21,53,34,128,14,58,72,200
03/16/2017,AMA,TX,ASW,WE,Combined TRACON& Tower with Radar,24,22,34,18,98,0,2,12,1,15,24,24,46,19,113,16,12,28,141
03/17/2017,AMA,TX,ASW,WE,Combined TRACON& Tower with Radar,20,19,32,31,102,0,1,12,1,14,20,20,44,32,116,0,78,78,194
03/18/2017,AMA,TX,ASW,WE,Combined TRACON& Tower with Radar,17,24,13,2,56,0,0,21,2,23,17,24,34,4,79,2,40,42,121
03/19/2017,AMA,TX,ASW,WE,Combined TRACON& Tower with Radar,25,15,16,9,65,0,2,22,2,26,25,17,38,11,91,32,4,36,127
03/20/2017,AMA,TX,ASW,WE,Combined TRACON& Tower with Radar,20,23,15,54,112,0,0,19,1,20,20,23,34,55,132,0,0,0,132
03/21/2017,AMA,TX,ASW,WE,Combined TRACON& Tower with Radar,20,19,16,17,72,0,2,23,2,27,20,21,39,19,99,30,32,62,161
03/22/2017,AMA,TX,ASW,WE,Combined TRACON& Tower with Radar,19,24,50,18,111,0,0,8,4,12,19,24,58,22,123,0,0,0,123
03/23/2017,AMA,TX,ASW,WE,Combined TRACON& Tower with Radar,20,20,15,9,64,0,2,7,16,25,20,22,22,25,89,0,0,0,89
03/24/2017,AMA,TX,ASW,WE,Combined TRACON& Tower with Radar,19,14,19,8,60,0,0,2,0,2,19,14,21,8,62,0,0,0,62
03/25/2017,AMA,TX,ASW,WE,Combined TRACON& Tower with Radar,17,13,42,12,84,0,0,32,3,35,17,13,74,15,119,26,44,70,189
03/26/2017,AMA,TX,ASW,WE,Combined TRACON& Tower with Radar,20,19,31,2,72,0,3,17,8,28,20,22,48,10,100,0,0,0,100
03/27/2017,AMA,TX,ASW,WE,Combined TRACON& Tower with Radar,19,15,32,97,163,0,3,21,7,31,19,18,53,104,194,104,240,344,538
03/28/2017,AMA,TX,ASW,WE,Combined TRACON& Tower with Radar,17,16,12,0,45,0,0,1,0,1,17,16,13,0,46,0,0,0,46
03/29/2017,AMA,TX,ASW,WE,Combined TRACON& Tower with Radar,18,24,18,4,64,0,0,1,0,1,18,24,19,4,65,0,24,24,89
03/30/2017,AMA,TX,ASW,WE,Combined TRACON& Tower with Radar,20,19,35,89,163,0,0,30,7,37,20,19,65,96,200,72,52,124,324
03/31/2017,AMA,TX,ASW,WE,Combined TRACON& Tower with Radar,20,21,26,21,88,0,0,14,0,14,20,21,40,21,102,0,0,0,102
04/01/2017,AMA,TX,ASW,WE,Combined TRACON& Tower with Radar,20,12,18,0,50,0,0,0,0,0,20,12,18,0,50,0,0,0,50
04/02/2017,AMA,TX,ASW,WE,Combined TRACON& Tower with Radar,16,17,34,5,72,0,0,7,0,7,16,17,41,5,79,30,0,30,109
04/03/2017,AMA,TX,ASW,WE,Combined TRACON& Tower with Radar,22,18,40,55,135,0,0,18,7,25,22,18,58,62,160,20,48,68,228
04/04/2017,AMA,TX,ASW,WE,Combined TRACON& Tower with Radar,19,14,18,2,53,0,0,1,1,2,19,14,19,3,55,0,0,0,55
04/05/2017,AMA,TX,ASW,WE,Combined TRACON& Tower with Radar,17,22,34,36,109,0,0,13,1,14,17,22,47,37,123,20,58,78,201
04/06/2017,AMA,TX,ASW,WE,Combined TRACON& Tower with Radar,19,19,34,34,106,0,2,25,0,27,19,21,59,34,133,60,12,72,205
04/07/2017,AMA,TX,ASW,WE,Combined TRACON& Tower with Radar,22,23,32,26,103,0,1,12,2,15,22,24,44,28,118,12,4,16,134
04/08/2017,AMA,TX,ASW,WE,Combined TRACON& Tower with Radar,17,20,25,4,66,0,0,18,0,18,17,20,43,4,84,54,14,68,152
04/09/2017,AMA,TX,ASW,WE,Combined TRACON& Tower with Radar,19,15,20,19,73,0,0,8,2,10,19,15,28,21,83,0,6,6,89
04/10/2017,AMA,TX,ASW,WE,Combined TRACON& Tower with Radar,17,26,24,39,106,0,0,16,2,18,17,26,40,41,124,16,119,135,259
04/11/2017,AMA,TX,ASW,WE,Combined TRACON& Tower with Radar,22,22,27,34,105,0,1,25,7,33,22,23,52,41,138,103,4,107,245
04/12/2017,AMA,TX,ASW,WE,Combined TRACON& Tower with Radar,19,25,23,12,79,0,0,6,4,10,19,25,29,16,89,0,18,18,107
04/13/2017,AMA,TX,ASW,WE,Combined TRACON& Tower with Radar,18,24,45,19,106,0,0,8,5,13,18,24,53,24,119,28,22,50,169
04/14/2017,AMA,TX,ASW,WE,Combined TRACON& Tower with Radar,19,23,21,5,68,0,0,13,0,13,19,23,34,5,81,0,0,0,81
04/15/2017,AMA,TX,ASW,WE,Combined TRACON& Tower with Radar,15,12,16,4,47,0,0,14,0,14,15,12,30,4,61,20,0,20,81
04/16/2017,AMA,TX,ASW,WE,Combined TRACON& Tower with Radar,17,10,13,15,55,0,0,6,0,6,17,10,19,15,61,0,0,0,61
04/17/2017,AMA,TX,ASW,WE,Combined TRACON& Tower with Radar,17,19,57,14,107,0,1,10,1,12,17,20,67,15,119,16,72,88,207
04/18/2017,AMA,TX,ASW,WE,Combined TRACON& Tower with Radar,20,20,29,19,88,0,0,9,6,15,20,20,38,25,103,16,34,50,153
04/19/2017,AMA,TX,ASW,WE,Combined TRACON& Tower with Radar,19,27,68,32,146,0,0,11,6,17,19,27,79,38,163,2,62,64,227
04/20/2017,AMA,TX,ASW,WE,Combined TRACON& Tower with Radar,20,17,39,38,114,0,0,15,1,16,20,17,54,39,130,6,76,82,212
04/21/2017,AMA,TX,ASW,WE,Combined TRACON& Tower with Radar,20,27,30,64,141,0,0,0,3,3,20,27,30,67,144,0,40,40,184
04/22/2017,AMA,TX,ASW,WE,Combined TRACON& Tower with Radar,17,19,35,12,83,0,0,15,1,16,17,19,50,13,99,22,0,22,121
04/23/2017,AMA,TX,ASW,WE,Combined TRACON& Tower with Radar,19,16,26,5,66,0,0,37,1,38,19,16,63,6,104,12,16,28,132
04/24/2017,AMA,TX,ASW,WE,Combined TRACON& Tower with Radar,19,22,26,6,73,0,1,13,1,15,19,23,39,7,88,8,14,22,110
04/25/2017,AMA,TX,ASW,WE,Combined TRACON& Tower with Radar,19,20,28,29,96,0,1,11,5,17,19,21,39,34,113,24,42,66,179
04/26/2017,AMA,TX,ASW,WE,Combined TRACON& Tower with Radar,21,20,38,28,107,0,2,11,6,19,21,22,49,34,126,6,16,22,148
04/27/2017,AMA,TX,ASW,WE,Combined TRACON& Tower with Radar,19,21,23,17,80,0,0,5,4,9,19,21,28,21,89,0,16,16,105
04/28/2017,AMA,TX,ASW,WE,Combined TRACON& Tower with Radar,19,21,36,39,115,0,0,15,6,21,19,21,51,45,136,26,62,88,224
04/29/2017,AMA,TX,ASW,WE,Combined TRACON& Tower with Radar,14,13,5,0,32,0,0,0,0,0,14,13,5,0,32,0,0,0,32
04/30/2017,AMA,TX,ASW,WE,Combined TRACON& Tower with Radar,10,10,7,0,27,0,0,5,2,7,10,10,12,2,34,0,0,0,34
05/01/2017,AMA,TX,ASW,WE,Combined TRACON& Tower with Radar,19,16,16,54,105,0,0,30,6,36,19,16,46,60,141,70,130,200,341
05/02/2017,AMA,TX,ASW,WE,Combined TRACON& Tower with Radar,19,17,14,38,88,0,2,21,9,32,19,19,35,47,120,63,54,117,237
05/03/2017,AMA,TX,ASW,WE,Combined TRACON& Tower with Radar,17,15,37,5,74,0,1,2,5,8,17,16,39,10,82,0,6,6,88
05/04/2017,AMA,TX,ASW,WE,Combined TRACON& Tower with Radar,20,19,26,56,121,0,0,18,18,36,20,19,44,74,157,50,88,138,295
05/05/2017,AMA,TX,ASW,WE,Combined TRACON& Tower with Radar,21,19,16,66,122,0,0,26,3,29,21,19,42,69,151,38,24,62,213
05/06/2017,AMA,TX,ASW,WE,Combined TRACON& Tower with Radar,17,10,10,0,37,0,0,22,3,25,17,10,32,3,62,14,0,14,76
05/07/2017,AMA,TX,ASW,WE,Combined TRACON& Tower with Radar,22,20,17,29,88,0,0,14,7,21,22,20,31,36,109,6,6,12,121
05/08/2017,AMA,TX,ASW,WE,Combined TRACON& Tower with Radar,19,19,16,15,69,0,0,9,4,13,19,19,25,19,82,26,30,56,138
05/09/2017,AMA,TX,ASW,WE,Combined TRACON& Tower with Radar,20,22,12,18,72,0,2,5,1,8,20,24,17,19,80,40,58,98,178
05/10/2017,AMA,TX,ASW,WE,Combined TRACON& Tower with Radar,20,20,15,22,77,0,1,11,5,17,20,21,26,27,94,0,2,2,96
05/11/2017,AMA,TX,ASW,WE,Combined TRACON& Tower with Radar,20,21,31,60,132,0,0,7,10,17,20,21,38,70,149,0,72,72,221
05/12/2017,AMA,TX,ASW,WE,Combined TRACON& Tower with Radar,19,16,38,57,130,0,0,29,2,31,19,16,67,59,161,96,56,152,313
05/13/2017,AMA,TX,ASW,WE,Combined TRACON& Tower with Radar,20,15,9,0,44,0,0,11,0,11,20,15,20,0,55,0,0,0,55
05/14/2017,AMA,TX,ASW,WE,Combined TRACON& Tower with Radar,22,17,7,16,62,0,0,5,1,6,22,17,12,17,68,0,0,0,68
05/15/2017,AMA,TX,ASW,WE,Combined TRACON& Tower with Radar,19,20,23,29,91,0,0,9,2,11,19,20,32,31,102,0,62,62,164
05/16/2017,AMA,TX,ASW,WE,Combined TRACON& Tower with Radar,22,21,32,12,87,0,2,7,6,15,22,23,39,18,102,0,30,30,132
05/17/2017,AMA,TX,ASW,WE,Combined TRACON& Tower with Radar,21,16,21,24,82,0,1,3,4,8,21,17,24,28,90,2,46,48,138
05/18/2017,AMA,TX,ASW,WE,Combined TRACON& Tower with Radar,19,14,28,45,106,0,0,9,3,12,19,14,37,48,118,8,62,70,188
05/19/2017,AMA,TX,ASW,WE,Combined TRACON& Tower with Radar,18,20,17,33,88,0,1,3,8,12,18,21,20,41,100,0,4,4,104
05/20/2017,AMA,TX,ASW,WE,Combined TRACON& Tower with Radar,16,10,21,2,49,0,0,15,5,20,16,10,36,7,69,4,12,16,85
05/21/2017,AMA,TX,ASW,WE,Combined TRACON& Tower with Radar,19,14,21,23,77,0,0,14,3,17,19,14,35,26,94,0,16,16,110
05/22/2017,AMA,TX,ASW,WE,Combined TRACON& Tower with Radar,19,21,23,64,127,0,2,7,2,11,19,23,30,66,138,6,36,42,180
05/23/2017,AMA,TX,ASW,WE,Combined TRACON& Tower with Radar,20,14,31,40,105,0,0,7,9,16,20,14,38,49,121,28,44,72,193
05/24/2017,AMA,TX,ASW,WE,Combined TRACON& Tower with Radar,21,16,29,26,92,0,0,14,7,21,21,16,43,33,113,20,18,38,151
05/25/2017,AMA,TX,ASW,WE,Combined TRACON& Tower with Radar,22,17,13,7,59,0,0,11,3,14,22,17,24,10,73,6,16,22,95
05/26/2017,AMA,TX,ASW,WE,Combined TRACON& Tower with Radar,21,17,17,5,60,0,0,22,2,24,21,17,39,7,84,8,22,30,114
05/27/2017,AMA,TX,ASW,WE,Combined TRACON& Tower with Radar,17,14,13,2,46,0,0,13,2,15,17,14,26,4,61,66,24,90,151
05/28/2017,AMA,TX,ASW,WE,Combined TRACON& Tower with Radar,14,9,13,0,36,0,0,7,1,8,14,9,20,1,44,0,0,0,44
05/29/2017,AMA,TX,ASW,WE,Combined TRACON& Tower with Radar,20,11,22,3,56,0,0,11,1,12,20,11,33,4,68,36,26,62,130
05/30/2017,AMA,TX,ASW,WE,Combined TRACON& Tower with Radar,19,24,39,40,122,0,0,19,9,28,19,24,58,49,150,80,44,124,274
05/31/2017,AMA,TX,ASW,WE,Combined TRACON& Tower with Radar,19,19,27,39,104,0,0,18,7,25,19,19,45,46,129,30,0,30,159
06/01/2017,AMA,TX,ASW,WE,Combined TRACON& Tower with Radar,20,30,13,63,126,0,0,7,7,14,20,30,20,70,140,42,4,46,186
06/02/2017,AMA,TX,ASW,WE,Combined TRACON& Tower with Radar,17,20,29,40,106,0,0,4,0,4,17,20,33,40,110,0,14,14,124
06/03/2017,AMA,TX,ASW,WE,Combined TRACON& Tower with Radar,14,16,10,0,40,0,0,0,0,0,14,16,10,0,40,4,0,4,44
06/04/2017,AMA,TX,ASW,WE,Combined TRACON& Tower with Radar,17,10,20,87,134,0,0,9,4,13,17,10,29,91,147,0,48,48,195
06/05/2017,AMA,TX,ASW,WE,Combined TRACON& Tower with Radar,20,16,19,20,75,0,0,12,0,12,20,16,31,20,87,20,48,68,155
06/06/2017,AMA,TX,ASW,WE,Combined TRACON& Tower with Radar,21,16,24,24,85,0,0,18,1,19,21,16,42,25,104,72,32,104,208
06/07/2017,AMA,TX,ASW,WE,Combined TRACON& Tower with Radar,17,28,34,3,82,0,0,19,1,20,17,28,53,4,102,50,0,50,152
06/08/2017,AMA,TX,ASW,WE,Combined TRACON& Tower with Radar,18,24,19,17,78,0,0,8,0,8,18,24,27,17,86,44,14,58,144
06/09/2017,AMA,TX,ASW,WE,Combined TRACON& Tower with Radar,16,16,33,74,139,0,0,12,0,12,16,16,45,74,151,54,108,162,313
06/10/2017,AMA,TX,ASW,WE,Combined TRACON& Tower with Radar,15,16,19,3,53,0,0,21,1,22,15,16,40,4,75,2,0,2,77
06/11/2017,AMA,TX,ASW,WE,Combined TRACON& Tower with Radar,21,18,21,1,61,0,0,13,2,15,21,18,34,3,76,0,0,0,76
06/12/2017,AMA,TX,ASW,WE,Combined TRACON& Tower with Radar,17,21,26,10,74,0,1,19,0,20,17,22,45,10,94,24,0,24,118
06/13/2017,AMA,TX,ASW,WE,Combined TRACON& Tower with Radar,19,18,32,10,79,0,0,16,1,17,19,18,48,11,96,22,10,32,128
06/14/2017,AMA,TX,ASW,WE,Combined TRACON& Tower with Radar,18,23,20,11,72,0,0,14,3,17,18,23,34,14,89,34,50,84,173
06/15/2017,AMA,TX,ASW,WE,Combined TRACON& Tower with Radar,20,21,21,26,88,0,2,7,5,14,20,23,28,31,102,14,52,66,168
06/16/2017,AMA,TX,ASW,WE,Combined TRACON& Tower with Radar,18,18,21,58,115,0,1,16,2,19,18,19,37,60,134,24,6,30,164
06/17/2017,AMA,TX,ASW,WE,Combined TRACON& Tower with Radar,17,16,20,26,79,0,3,12,6,21,17,19,32,32,100,6,20,26,126
06/18/2017,AMA,TX,ASW,WE,Combined TRACON& Tower with Radar,20,15,20,34,89,0,0,5,0,5,20,15,25,34,94,0,0,0,94
06/19/2017,AMA,TX,ASW,WE,Combined TRACON& Tower with Radar,17,18,27,36,98,0,0,14,4,18,17,18,41,40,116,34,88,122,238
06/20/2017,AMA,TX,ASW,WE,Combined TRACON& Tower with Radar,25,29,22,15,91,0,0,15,2,17,25,29,37,17,108,2,30,32,140
06/21/2017,AMA,TX,ASW,WE,Combined TRACON& Tower with Radar,18,20,33,4,75,0,0,15,1,16,18,20,48,5,91,0,0,0,91
06/22/2017,AMA,TX,ASW,WE,Combined TRACON& Tower with Radar,18,24,29,19,90,0,0,18,3,21,18,24,47,22,111,50,32,82,193
06/23/2017,AMA,TX,ASW,WE,Combined TRACON& Tower with Radar,17,21,21,101,160,0,0,9,6,15,17,21,30,107,175,32,82,114,289
06/24/2017,AMA,TX,ASW,WE,Combined TRACON& Tower with Radar,17,17,18,12,64,0,0,6,2,8,17,17,24,14,72,32,16,48,120
06/25/2017,AMA,TX,ASW,WE,Combined TRACON& Tower with Radar,19,16,13,2,50,0,0,12,1,13,19,16,25,3,63,20,0,20,83
06/26/2017,AMA,TX,ASW,WE,Combined TRACON& Tower with Radar,18,20,20,12,70,0,0,22,4,26,18,20,42,16,96,36,10,46,142
06/27/2017,AMA,TX,ASW,WE,Combined TRACON& Tower with Radar,20,25,18,42,105,0,0,27,8,35,20,25,45,50,140,58,100,158,298
06/28/2017,AMA,TX,ASW,WE,Combined TRACON& Tower with Radar,19,18,23,22,82,0,0,29,0,29,19,18,52,22,111,60,10,70,181
06/29/2017,AMA,TX,ASW,WE,Combined TRACON& Tower with Radar,18,16,16,29,79,0,2,27,2,31,18,18,43,31,110,52,40,92,202
06/30/2017,AMA,TX,ASW,WE,Combined TRACON& Tower with Radar,18,25,25,19,87,0,0,11,1,12,18,25,36,20,99,34,0,34,133
07/01/2017,AMA,TX,ASW,WE,Combined TRACON& Tower with Radar,17,13,23,12,65,0,0,12,6,18,17,13,35,18,83,12,36,48,131
07/02/2017,AMA,TX,ASW,WE,Combined TRACON& Tower with Radar,19,12,15,0,46,0,0,4,0,4,19,12,19,0,50,18,0,18,68
07/03/2017,AMA,TX,ASW,WE,Combined TRACON& Tower with Radar,17,14,10,0,41,0,0,4,0,4,17,14,14,0,45,6,0,6,51
07/04/2017,AMA,TX,ASW,WE,Combined TRACON& Tower with Radar,15,15,13,0,43,0,0,13,0,13,15,15,26,0,56,0,0,0,56
07/05/2017,AMA,TX,ASW,WE,Combined TRACON& Tower with Radar,17,18,36,56,127,0,0,15,8,23,17,18,51,64,150,50,138,188,338
07/06/2017,AMA,TX,ASW,WE,Combined TRACON& Tower with Radar,16,19,20,49,104,0,0,12,1,13,16,19,32,50,117,76,12,88,205
07/07/2017,AMA,TX,ASW,WE,Combined TRACON& Tower with Radar,18,25,23,22,88,0,0,9,7,16,18,25,32,29,104,16,0,16,120
07/08/2017,AMA,TX,ASW,WE,Combined TRACON& Tower with Radar,16,12,13,1,42,0,0,11,0,11,16,12,24,1,53,14,0,14,67
07/09/2017,AMA,TX,ASW,WE,Combined TRACON& Tower with Radar,19,19,8,2,48,0,0,9,9,18,19,19,17,11,66,0,0,0,66
07/10/2017,AMA,TX,ASW,WE,Combined TRACON& Tower with Radar,18,18,16,17,69,0,2,14,13,29,18,20,30,30,98,0,0,0,98
07/11/2017,AMA,TX,ASW,WE,Combined TRACON& Tower with Radar,18,16,14,49,97,0,0,12,7,19,18,16,26,56,116,38,20,58,174
07/12/2017,AMA,TX,ASW,WE,Combined TRACON& Tower with Radar,18,21,26,50,115,0,2,17,2,21,18,23,43,52,136,8,212,220,356
07/13/2017,AMA,TX,ASW,WE,Combined TRACON& Tower with Radar,17,23,18,44,102,0,0,20,7,27,17,23,38,51,129,70,162,232,361
07/14/2017,AMA,TX,ASW,WE,Combined TRACON& Tower with Radar,17,18,24,22,81,0,0,21,3,24,17,18,45,25,105,30,20,50,155
07/15/2017,AMA,TX,ASW,WE,Combined TRACON& Tower with Radar,17,20,9,14,60,0,1,14,4,19,17,21,23,18,79,26,46,72,151
07/16/2017,AMA,TX,ASW,WE,Combined TRACON& Tower with Radar,24,15,15,3,57,0,0,21,1,22,24,15,36,4,79,52,0,52,131
07/17/2017,AMA,TX,ASW,WE,Combined TRACON& Tower with Radar,15,24,19,9,67,0,0,7,6,13,15,24,26,15,80,18,10,28,108
07/18/2017,AMA,TX,ASW,WE,Combined TRACON& Tower with Radar,18,25,13,46,102,0,1,3,6,10,18,26,16,52,112,12,58,70,182
07/19/2017,AMA,TX,ASW,WE,Combined TRACON& Tower with Radar,19,20,25,13,77,0,0,17,0,17,19,20,42,13,94,70,16,86,180
07/20/2017,AMA,TX,ASW,WE,Combined TRACON& Tower with Radar,19,30,29,20,98,0,0,24,4,28,19,30,53,24,126,22,0,22,148
07/21/2017,AMA,TX,ASW,WE,Combined TRACON& Tower with Radar,26,27,26,41,120,0,0,23,2,25,26,27,49,43,145,76,50,126,271
07/22/2017,AMA,TX,ASW,WE,Combined TRACON& Tower with Radar,17,11,11,0,39,0,0,18,2,20,17,11,29,2,59,60,0,60,119
07/23/2017,AMA,TX,ASW,WE,Combined TRACON& Tower with Radar,22,16,19,22,79,0,0,9,1,10,22,16,28,23,89,0,42,42,131
07/24/2017,AMA,TX,ASW,WE,Combined TRACON& Tower with Radar,17,18,21,31,87,0,0,10,6,16,17,18,31,37,103,78,96,174,277
07/25/2017,AMA,TX,ASW,WE,Combined TRACON& Tower with Radar,17,17,20,21,75,0,0,18,7,25,17,17,38,28,100,24,40,64,164
07/26/2017,AMA,TX,ASW,WE,Combined TRACON& Tower with Radar,15,17,23,32,87,0,0,11,4,15,15,17,34,36,102,38,50,88,190
07/27/2017,AMA,TX,ASW,WE,Combined TRACON& Tower with Radar,17,18,25,16,76,0,0,13,2,15,17,18,38,18,91,25,5,30,121
07/28/2017,AMA,TX,ASW,WE,Combined TRACON& Tower with Radar,17,20,30,28,95,0,0,16,5,21,17,20,46,33,116,10,128,138,254
07/29/2017,AMA,TX,ASW,WE,Combined TRACON& Tower with Radar,17,13,21,2,53,0,0,9,6,15,17,13,30,8,68,6,10,16,84
07/30/2017,AMA,TX,ASW,WE,Combined TRACON& Tower with Radar,22,12,3,3,40,0,0,7,0,7,22,12,10,3,47,0,0,0,47
07/31/2017,AMA,TX,ASW,WE,Combined TRACON& Tower with Radar,18,18,21,15,72,0,0,11,0,11,18,18,32,15,83,32,10,42,125
08/01/2017,AMA,TX,ASW,WE,Combined TRACON& Tower with Radar,17,21,21,43,102,0,1,20,11,32,17,22,41,54,134,38,168,206,340
08/02/2017,AMA,TX,ASW,WE,Combined TRACON& Tower with Radar,17,16,35,22,90,0,0,22,7,29,17,16,57,29,119,70,12,82,201
08/03/2017,AMA,TX,ASW,WE,Combined TRACON& Tower with Radar,17,15,24,37,93,0,0,15,3,18,17,15,39,40,111,38,88,126,237
08/04/2017,AMA,TX,ASW,WE,Combined TRACON& Tower with Radar,18,24,19,69,130,0,0,14,6,20,18,24,33,75,150,38,22,60,210
08/05/2017,AMA,TX,ASW,WE,Combined TRACON& Tower with Radar,18,13,13,7,51,0,1,16,2,19,18,14,29,9,70,16,6,22,92
08/06/2017,AMA,TX,ASW,WE,Combined TRACON& Tower with Radar,16,17,26,48,107,0,1,7,2,10,16,18,33,50,117,0,0,0,117
08/07/2017,AMA,TX,ASW,WE,Combined TRACON& Tower with Radar,17,12,5,13,47,0,0,1,4,5,17,12,6,17,52,0,0,0,52
08/08/2017,AMA,TX,ASW,WE,Combined TRACON& Tower with Radar,18,18,26,15,77,0,0,11,2,13,18,18,37,17,90,102,0,102,192
08/09/2017,AMA,TX,ASW,WE,Combined TRACON& Tower with Radar,17,23,12,10,62,0,0,12,2,14,17,23,24,12,76,58,32,90,166
08/10/2017,AMA,TX,ASW,WE,Combined TRACON& Tower with Radar,19,23,28,5,75,0,0,9,2,11,19,23,37,7,86,30,12,42,128
08/11/2017,AMA,TX,ASW,WE,Combined TRACON& Tower with Radar,22,16,13,19,70,0,0,6,5,11,22,16,19,24,81,0,8,8,89
08/12/2017,AMA,TX,ASW,WE,Combined TRACON& Tower with Radar,23,12,18,2,55,0,0,2,3,5,23,12,20,5,60,0,0,0,60
08/13/2017,AMA,TX,ASW,WE,Combined TRACON& Tower with Radar,18,16,18,1,53,0,0,5,2,7,18,16,23,3,60,14,0,14,74
08/14/2017,AMA,TX,ASW,WE,Combined TRACON& Tower with Radar,19,18,25,10,72,0,0,9,2,11,19,18,34,12,83,22,16,38,121
08/15/2017,AMA,TX,ASW,WE,Combined TRACON& Tower with Radar,17,17,21,8,63,0,0,11,2,13,17,17,32,10,76,12,14,26,102
08/16/2017,AMA,TX,ASW,WE,Combined TRACON& Tower with Radar,20,19,37,18,94,0,0,20,2,22,20,19,57,20,116,102,24,126,242
08/17/2017,AMA,TX,ASW,WE,Combined TRACON& Tower with Radar,18,24,30,15,87,0,0,21,4,25,18,24,51,19,112,14,28,42,154
08/18/2017,AMA,TX,ASW,WE,Combined TRACON& Tower with Radar,19,18,45,62,144,0,0,15,12,27,19,18,60,74,171,20,62,82,253
08/19/2017,AMA,TX,ASW,WE,Combined TRACON& Tower with Radar,19,11,24,1,55,0,0,15,1,16,19,11,39,2,71,20,0,20,91
08/20/2017,AMA,TX,ASW,WE,Combined TRACON& Tower with Radar,19,19,13,7,58,0,0,13,1,14,19,19,26,8,72,26,36,62,134
08/21/2017,AMA,TX,ASW,WE,Combined TRACON& Tower with Radar,19,23,22,18,82,0,0,9,1,10,19,23,31,19,92,28,86,114,206
08/22/2017,AMA,TX,ASW,WE,Combined TRACON& Tower with Radar,21,18,38,24,101,0,0,17,8,25,21,18,55,32,126,76,136,212,338
08/23/2017,AMA,TX,ASW,WE,Combined TRACON& Tower with Radar,21,19,25,12,77,0,0,4,2,6,21,19,29,14,83,30,2,32,115
08/24/2017,AMA,TX,ASW,WE,Combined TRACON& Tower with Radar,22,18,35,40,115,0,0,8,4,12,22,18,43,44,127,10,28,38,165
08/25/2017,AMA,TX,ASW,WE,Combined TRACON& Tower with Radar,21,16,12,85,134,0,0,1,5,6,21,16,13,90,140,2,48,50,190
08/26/2017,AMA,TX,ASW,WE,Combined TRACON& Tower with Radar,16,9,9,10,44,0,0,9,3,12,16,9,18,13,56,24,0,24,80
08/27/2017,AMA,TX,ASW,WE,Combined TRACON& Tower with Radar,24,6,14,15,59,0,0,17,2,19,24,6,31,17,78,70,0,70,148
08/28/2017,AMA,TX,ASW,WE,Combined TRACON& Tower with Radar,21,9,18,48,96,0,1,20,5,26,21,10,38,53,122,102,98,200,322
08/29/2017,AMA,TX,ASW,WE,Combined TRACON& Tower with Radar,21,18,32,15,86,0,0,21,0,21,21,18,53,15,107,72,24,96,203
08/30/2017,AMA,TX,ASW,WE,Combined TRACON& Tower with Radar,22,9,29,3,63,0,0,21,4,25,22,9,50,7,88,56,8,64,152
08/31/2017,AMA,TX,ASW,WE,Combined TRACON& Tower with Radar,21,10,20,1,52,0,0,20,3,23,21,10,40,4,75,42,0,42,117
09/01/2017,AMA,TX,ASW,WE,Combined TRACON& Tower with Radar,22,13,23,7,65,0,0,24,1,25,22,13,47,8,90,24,0,24,114
09/02/2017,AMA,TX,ASW,WE,Combined TRACON& Tower with Radar,16,7,8,1,32,0,0,18,1,19,16,7,26,2,51,10,0,10,61
09/03/2017,AMA,TX,ASW,WE,Combined TRACON& Tower with Radar,15,6,8,0,29,0,0,9,0,9,15,6,17,0,38,24,0,24,62
09/04/2017,AMA,TX,ASW,WE,Combined TRACON& Tower with Radar,21,11,17,0,49,0,0,9,0,9,21,11,26,0,58,48,0,48,106
09/05/2017,AMA,TX,ASW,WE,Combined TRACON& Tower with Radar,19,12,25,59,115,0,1,22,3,26,19,13,47,62,141,28,190,218,359
09/06/2017,AMA,TX,ASW,WE,Combined TRACON& Tower with Radar,19,20,28,11,78,0,1,21,8,30,19,21,49,19,108,68,136,204,312
09/07/2017,AMA,TX,ASW,WE,Combined TRACON& Tower with Radar,23,16,19,36,94,0,0,20,12,32,23,16,39,48,126,38,36,74,200
09/08/2017,AMA,TX,ASW,WE,Combined TRACON& Tower with Radar,22,26,30,59,137,0,1,18,6,25,22,27,48,65,162,0,52,52,214
09/09/2017,AMA,TX,ASW,WE,Combined TRACON& Tower with Radar,17,12,13,13,55,0,0,23,3,26,17,12,36,16,81,20,0,20,101
09/10/2017,AMA,TX,ASW,WE,Combined TRACON& Tower with Radar,22,23,20,9,74,0,0,23,3,26,22,23,43,12,100,40,6,46,146
09/11/2017,AMA,TX,ASW,WE,Combined TRACON& Tower with Radar,19,22,20,34,95,0,0,12,1,13,19,22,32,35,108,86,34,120,228
09/12/2017,AMA,TX,ASW,WE,Combined TRACON& Tower with Radar,25,17,31,38,111,0,1,11,3,15,25,18,42,41,126,88,212,300,426
09/13/2017,AMA,TX,ASW,WE,Combined TRACON& Tower with Radar,21,17,18,34,90,0,1,7,3,11,21,18,25,37,101,18,18,36,137
09/14/2017,AMA,TX,ASW,WE,Combined TRACON& Tower with Radar,21,16,33,28,98,0,0,11,1,12,21,16,44,29,110,26,70,96,206
09/15/2017,AMA,TX,ASW,WE,Combined TRACON& Tower with Radar,22,19,46,58,145,0,0,6,4,10,22,19,52,62,155,20,40,60,215
09/16/2017,AMA,TX,ASW,WE,Combined TRACON& Tower with Radar,18,19,26,0,63,0,0,13,0,13,18,19,39,0,76,20,0,20,96
09/17/2017,AMA,TX,ASW,WE,Combined TRACON& Tower with Radar,22,14,21,13,70,0,1,2,1,4,22,15,23,14,74,0,0,0,74
09/18/2017,AMA,TX,ASW,WE,Combined TRACON& Tower with Radar,22,17,23,68,130,0,0,3,4,7,22,17,26,72,137,66,116,182,319
09/19/2017,AMA,TX,ASW,WE,Combined TRACON& Tower with Radar,21,25,23,71,140,0,0,12,3,15,21,25,35,74,155,34,296,330,485
09/20/2017,AMA,TX,ASW,WE,Combined TRACON& Tower with Radar,21,15,36,45,117,0,0,27,7,34,21,15,63,52,151,40,152,192,343
09/21/2017,AMA,TX,ASW,WE,Combined TRACON& Tower with Radar,21,16,24,54,115,0,1,14,8,23,21,17,38,62,138,26,78,104,242
09/22/2017,AMA,TX,ASW,WE,Combined TRACON& Tower with Radar,21,17,32,10,80,0,0,11,9,20,21,17,43,19,100,0,6,6,106
09/23/2017,AMA,TX,ASW,WE,Combined TRACON& Tower with Radar,18,12,17,2,49,0,0,2,1,3,18,12,19,3,52,18,0,18,70
09/24/2017,AMA,TX,ASW,WE,Combined TRACON& Tower with Radar,22,12,18,8,60,0,0,5,1,6,22,12,23,9,66,0,0,0,66
09/25/2017,AMA,TX,ASW,WE,Combined TRACON& Tower with Radar,21,21,12,0,54,0,0,4,0,4,21,21,16,0,58,0,0,0,58
09/26/2017,AMA,TX,ASW,WE,Combined TRACON& Tower with Radar,21,19,27,0,67,0,0,0,0,0,21,19,27,0,67,0,0,0,67
09/27/2017,AMA,TX,ASW,WE,Combined TRACON& Tower with Radar,21,15,37,52,125,0,0,0,2,2,21,15,37,54,127,0,0,0,127
09/28/2017,AMA,TX,ASW,WE,Combined TRACON& Tower with Radar,21,20,29,8,78,0,0,0,0,0,21,20,29,8,78,0,0,0,78
09/29/2017,AMA,TX,ASW,WE,Combined TRACON& Tower with Radar,21,24,23,20,88,0,3,3,5,11,21,27,26,25,99,24,56,80,179
09/30/2017,AMA,TX,ASW,WE,Combined TRACON& Tower with Radar,16,8,12,3,39,0,0,2,0,2,16,8,14,3,41,0,0,0,41
10/01/2017,AMA,TX,ASW,WE,Combined TRACON& Tower with Radar,22,16,23,3,64,0,4,11,0,15,22,20,34,3,79,18,0,18,97
10/02/2017,AMA,TX,ASW,WE,Combined TRACON& Tower with Radar,24,16,9,34,83,0,0,6,0,6,24,16,15,34,89,0,0,0,89
10/03/2017,AMA,TX,ASW,WE,Combined TRACON& Tower with Radar,22,23,29,3,77,0,0,1,0,1,22,23,30,3,78,0,16,16,94
10/04/2017,AMA,TX,ASW,WE,Combined TRACON& Tower with Radar,20,22,14,4,60,0,0,1,0,1,20,22,15,4,61,0,0,0,61
10/05/2017,AMA,TX,ASW,WE,Combined TRACON& Tower with Radar,21,18,13,1,53,0,0,1,1,2,21,18,14,2,55,0,0,0,55
10/06/2017,AMA,TX,ASW,WE,Combined TRACON& Tower with Radar,21,21,18,9,69,0,1,15,4,20,21,22,33,13,89,38,40,78,167
10/07/2017,AMA,TX,ASW,WE,Combined TRACON& Tower with Radar,16,14,12,0,42,0,0,14,1,15,16,14,26,1,57,0,0,0,57
10/08/2017,AMA,TX,ASW,WE,Combined TRACON& Tower with Radar,19,15,13,2,49,0,0,14,0,14,19,15,27,2,63,54,0,54,117
10/09/2017,AMA,TX,ASW,WE,Combined TRACON& Tower with Radar,22,18,18,0,58,0,1,2,0,3,22,19,20,0,61,0,0,0,61
10/10/2017,AMA,TX,ASW,WE,Combined TRACON& Tower with Radar,20,19,69,29,137,0,0,27,6,33,20,19,96,35,170,0,90,90,260
10/11/2017,AMA,TX,ASW,WE,Combined TRACON& Tower with Radar,18,22,24,14,78,0,1,21,1,23,18,23,45,15,101,40,18,58,159
10/12/2017,AMA,TX,ASW,WE,Combined TRACON& Tower with Radar,22,29,19,45,115,0,1,13,5,19,22,30,32,50,134,26,126,152,286
10/13/2017,AMA,TX,ASW,WE,Combined TRACON& Tower with Radar,21,21,23,46,111,0,1,22,0,23,21,22,45,46,134,28,4,32,166
10/14/2017,AMA,TX,ASW,WE,Combined TRACON& Tower with Radar,18,10,17,5,50,0,1,7,0,8,18,11,24,5,58,22,14,36,94
10/15/2017,AMA,TX,ASW,WE,Combined TRACON& Tower with Radar,20,13,28,33,94,0,1,13,4,18,20,14,41,37,112,32,68,100,212
10/16/2017,AMA,TX,ASW,WE,Combined TRACON& Tower with Radar,20,17,21,42,100,0,0,21,3,24,20,17,42,45,124,54,166,220,344
10/17/2017,AMA,TX,ASW,WE,Combined TRACON& Tower with Radar,20,14,25,39,98,0,5,27,5,37,20,19,52,44,135,24,208,232,367
10/18/2017,AMA,TX,ASW,WE,Combined TRACON& Tower with Radar,21,21,29,6,77,0,0,17,3,20,21,21,46,9,97,28,22,50,147
10/19/2017,AMA,TX,ASW,WE,Combined TRACON& Tower with Radar,22,27,24,65,138,0,0,24,11,35,22,27,48,76,173,16,60,76,249
10/20/2017,AMA,TX,ASW,WE,Combined TRACON& Tower with Radar,20,17,38,99,174,0,0,9,8,17,20,17,47,107,191,16,18,34,225
10/21/2017,AMA,TX,ASW,WE,Combined TRACON& Tower with Radar,17,12,17,13,59,0,1,8,6,15,17,13,25,19,74,36,28,64,138
10/22/2017,AMA,TX,ASW,WE,Combined TRACON& Tower with Radar,22,11,32,59,124,0,0,25,14,39,22,11,57,73,163,10,12,22,185
10/23/2017,AMA,TX,ASW,WE,Combined TRACON& Tower with Radar,28,12,35,55,130,0,0,12,9,21,28,12,47,64,151,0,16,16,167
10/24/2017,AMA,TX,ASW,WE,Combined TRACON& Tower with Radar,22,22,36,63,143,0,1,10,8,19,22,23,46,71,162,12,148,160,322
10/25/2017,AMA,TX,ASW,WE,Combined TRACON& Tower with Radar,18,21,21,68,128,0,0,10,6,16,18,21,31,74,144,12,134,146,290
10/26/2017,AMA,TX,ASW,WE,Combined TRACON& Tower with Radar,22,15,31,31,99,0,0,10,6,16,22,15,41,37,115,0,42,42,157
10/27/2017,AMA,TX,ASW,WE,Combined TRACON& Tower with Radar,24,17,19,48,108,0,0,14,9,23,24,17,33,57,131,0,58,58,189
10/28/2017,AMA,TX,ASW,WE,Combined TRACON& Tower with Radar,16,9,13,32,70,0,2,22,2,26,16,11,35,34,96,22,12,34,130
10/29/2017,AMA,TX,ASW,WE,Combined TRACON& Tower with Radar,19,10,20,7,56,0,0,15,2,17,19,10,35,9,73,18,10,28,101
10/30/2017,AMA,TX,ASW,WE,Combined TRACON& Tower with Radar,23,15,17,30,85,0,1,10,7,18,23,16,27,37,103,66,124,190,293
10/31/2017,AMA,TX,ASW,WE,Combined TRACON& Tower with Radar,18,17,21,38,94,0,0,7,2,9,18,17,28,40,103,40,92,132,235
11/01/2017,AMA,TX,ASW,WE,Combined TRACON& Tower with Radar,18,19,32,37,106,0,1,12,5,18,18,20,44,42,124,2,122,124,248
11/02/2017,AMA,TX,ASW,WE,Combined TRACON& Tower with Radar,21,19,23,25,88,0,0,17,6,23,21,19,40,31,111,20,60,80,191
11/03/2017,AMA,TX,ASW,WE,Combined TRACON& Tower with Radar,22,15,57,117,211,0,3,21,11,35,22,18,78,128,246,6,52,58,304
11/04/2017,AMA,TX,ASW,WE,Combined TRACON& Tower with Radar,16,18,24,27,85,0,1,21,8,30,16,19,45,35,115,24,8,32,147
11/05/2017,AMA,TX,ASW,WE,Combined TRACON& Tower with Radar,21,10,11,17,59,0,1,9,7,17,21,11,20,24,76,14,0,14,90
11/06/2017,AMA,TX,ASW,WE,Combined TRACON& Tower with Radar,19,19,78,70,186,0,0,11,5,16,19,19,89,75,202,24,244,268,470
11/07/2017,AMA,TX,ASW,WE,Combined TRACON& Tower with Radar,19,25,35,16,95,0,1,5,0,6,19,26,40,16,101,4,132,136,237
11/08/2017,AMA,TX,ASW,WE,Combined TRACON& Tower with Radar,21,14,18,32,85,0,1,11,3,15,21,15,29,35,100,0,178,178,278
11/09/2017,AMA,TX,ASW,WE,Combined TRACON& Tower with Radar,21,21,33,44,119,0,0,30,2,32,21,21,63,46,151,50,184,234,385
11/10/2017,AMA,TX,ASW,WE,Combined TRACON& Tower with Radar,23,26,33,5,87,0,0,4,1,5,23,26,37,6,92,0,0,0,92
11/11/2017,AMA,TX,ASW,WE,Combined TRACON& Tower with Radar,14,20,24,0,58,0,2,24,0,26,14,22,48,0,84,68,0,68,152
11/12/2017,AMA,TX,ASW,WE,Combined TRACON& Tower with Radar,20,18,17,2,57,0,0,0,0,0,20,18,17,2,57,0,0,0,57
11/13/2017,AMA,TX,ASW,WE,Combined TRACON& Tower with Radar,20,21,42,37,120,0,3,11,2,16,20,24,53,39,136,32,112,144,280
11/14/2017,AMA,TX,ASW,WE,Combined TRACON& Tower with Radar,18,17,50,32,117,0,0,17,5,22,18,17,67,37,139,20,140,160,299
11/15/2017,AMA,TX,ASW,WE,Combined TRACON& Tower with Radar,23,21,26,49,119,0,1,20,4,25,23,22,46,53,144,0,142,142,286
11/16/2017,AMA,TX,ASW,WE,Combined TRACON& Tower with Radar,20,13,70,49,152,0,0,7,7,14,20,13,77,56,166,42,114,156,322
11/17/2017,AMA,TX,ASW,WE,Combined TRACON& Tower with Radar,21,16,49,35,121,0,0,14,6,20,21,16,63,41,141,22,148,170,311
11/18/2017,AMA,TX,ASW,WE,Combined TRACON& Tower with Radar,15,16,23,12,66,0,1,6,2,9,15,17,29,14,75,0,14,14,89
11/19/2017,AMA,TX,ASW,WE,Combined TRACON& Tower with Radar,20,13,15,34,82,0,0,5,4,9,20,13,20,38,91,16,10,26,117
11/20/2017,AMA,TX,ASW,WE,Combined TRACON& Tower with Radar,21,19,40,43,123,0,2,22,5,29,21,21,62,48,152,22,162,184,336
11/21/2017,AMA,TX,ASW,WE,Combined TRACON& Tower with Radar,20,18,29,15,82,0,0,15,8,23,20,18,44,23,105,16,8,24,129
11/22/2017,AMA,TX,ASW,WE,Combined TRACON& Tower with Radar,21,19,26,24,90,0,0,17,4,21,21,19,43,28,111,20,52,72,183
11/23/2017,AMA,TX,ASW,WE,Combined TRACON& Tower with Radar,11,13,2,0,26,0,2,7,0,9,11,15,9,0,35,0,0,0,35
11/24/2017,AMA,TX,ASW,WE,Combined TRACON& Tower with Radar,15,14,8,0,37,0,0,7,0,7,15,14,15,0,44,40,0,40,84
11/25/2017,AMA,TX,ASW,WE,Combined TRACON& Tower with Radar,16,18,16,0,50,0,0,21,0,21,16,18,37,0,71,40,0,40,111
11/26/2017,AMA,TX,ASW,WE,Combined TRACON& Tower with Radar,22,19,29,1,71,0,1,8,1,10,22,20,37,2,81,10,16,26,107
11/27/2017,AMA,TX,ASW,WE,Combined TRACON& Tower with Radar,21,20,26,28,95,0,0,17,8,25,21,20,43,36,120,20,66,86,206
11/28/2017,AMA,TX,ASW,WE,Combined TRACON& Tower with Radar,22,23,32,22,99,1,1,3,5,10,23,24,35,27,109,18,38,56,165
11/29/2017,AMA,TX,ASW,WE,Combined TRACON& Tower with Radar,20,20,72,69,181,0,3,21,9,33,20,23,93,78,214,18,70,88,302
11/30/2017,AMA,TX,ASW,WE,Combined TRACON& Tower with Radar,23,21,30,28,102,0,0,28,5,33,23,21,58,33,135,22,12,34,169
12/01/2017,AMA,TX,ASW,WE,Combined TRACON& Tower with Radar,20,13,25,14,72,0,0,10,7,17,20,13,35,21,89,14,10,24,113
12/02/2017,AMA,TX,ASW,WE,Combined TRACON& Tower with Radar,14,17,13,24,68,0,2,20,11,33,14,19,33,35,101,58,34,92,193
12/03/2017,AMA,TX,ASW,WE,Combined TRACON& Tower with Radar,21,11,13,52,97,0,0,14,8,22,21,11,27,60,119,18,80,98,217
12/04/2017,AMA,TX,ASW,WE,Combined TRACON& Tower with Radar,21,18,36,33,108,0,0,7,4,11,21,18,43,37,119,28,140,168,287
12/05/2017,AMA,TX,ASW,WE,Combined TRACON& Tower with Radar,17,25,32,18,92,0,4,16,4,24,17,29,48,22,116,58,20,78,194
12/06/2017,AMA,TX,ASW,WE,Combined TRACON& Tower with Radar,18,19,26,43,106,0,0,11,15,26,18,19,37,58,132,30,64,94,226
12/07/2017,AMA,TX,ASW,WE,Combined TRACON& Tower with Radar,20,14,33,14,81,0,0,16,4,20,20,14,49,18,101,34,20,54,155
12/08/2017,AMA,TX,ASW,WE,Combined TRACON& Tower with Radar,22,20,27,47,116,0,0,7,1,8,22,20,34,48,124,0,10,10,134
12/09/2017,AMA,TX,ASW,WE,Combined TRACON& Tower with Radar,18,16,10,10,54,0,0,17,5,22,18,16,27,15,76,4,24,28,104
12/10/2017,AMA,TX,ASW,WE,Combined TRACON& Tower with Radar,23,13,12,27,75,0,0,7,5,12,23,13,19,32,87,60,34,94,181
12/11/2017,AMA,TX,ASW,WE,Combined TRACON& Tower with Radar,21,18,41,80,160,0,0,9,8,17,21,18,50,88,177,38,16,54,231
12/12/2017,AMA,TX,ASW,WE,Combined TRACON& Tower with Radar,21,15,34,77,147,0,0,15,5,20,21,15,49,82,167,10,116,126,293
12/13/2017,AMA,TX,ASW,WE,Combined TRACON& Tower with Radar,20,20,29,53,122,0,1,10,8,19,20,21,39,61,141,10,14,24,165
12/14/2017,AMA,TX,ASW,WE,Combined TRACON& Tower with Radar,22,18,43,43,126,0,2,12,3,17,22,20,55,46,143,16,14,30,173
12/15/2017,AMA,TX,ASW,WE,Combined TRACON& Tower with Radar,19,17,23,32,91,0,0,11,1,12,19,17,34,33,103,42,40,82,185
12/16/2017,AMA,TX,ASW,WE,Combined TRACON& Tower with Radar,20,18,13,21,72,0,1,5,2,8,20,19,18,23,80,0,14,14,94
12/17/2017,AMA,TX,ASW,WE,Combined TRACON& Tower with Radar,21,17,31,7,76,0,1,17,1,19,21,18,48,8,95,0,0,0,95
12/18/2017,AMA,TX,ASW,WE,Combined TRACON& Tower with Radar,20,22,46,44,132,0,0,16,2,18,20,22,62,46,150,26,46,72,222
12/19/2017,AMA,TX,ASW,WE,Combined TRACON& Tower with Radar,19,12,72,115,218,0,0,16,5,21,19,12,88,120,239,24,212,236,475
12/20/2017,AMA,TX,ASW,WE,Combined TRACON& Tower with Radar,25,22,41,91,179,0,0,14,1,15,25,22,55,92,194,42,38,80,274
12/21/2017,AMA,TX,ASW,WE,Combined TRACON& Tower with Radar,20,20,45,102,187,0,0,13,2,15,20,20,58,104,202,0,94,94,296
12/22/2017,AMA,TX,ASW,WE,Combined TRACON& Tower with Radar,17,20,28,9,74,0,0,9,1,10,17,20,37,10,84,20,34,54,138
12/23/2017,AMA,TX,ASW,WE,Combined TRACON& Tower with Radar,15,10,19,1,45,0,0,16,0,16,15,10,35,1,61,28,0,28,89
12/24/2017,AMA,TX,ASW,WE,Combined TRACON& Tower with Radar,15,19,9,0,43,0,0,1,0,1,15,19,10,0,44,0,0,0,44
12/25/2017,AMA,TX,ASW,WE,Combined TRACON& Tower with Radar,16,18,4,0,38,0,1,0,0,1,16,19,4,0,39,0,0,0,39
12/26/2017,AMA,TX,ASW,WE,Combined TRACON& Tower with Radar,19,21,17,0,57,0,0,0,0,0,19,21,17,0,57,0,0,0,57
12/27/2017,AMA,TX,ASW,WE,Combined TRACON& Tower with Radar,20,18,11,0,49,0,0,3,0,3,20,18,14,0,52,0,0,0,52
12/28/2017,AMA,TX,ASW,WE,Combined TRACON& Tower with Radar,23,25,22,0,70,0,1,8,2,11,23,26,30,2,81,12,0,12,93
12/29/2017,AMA,TX,ASW,WE,Combined TRACON& Tower with Radar,20,19,26,0,65,0,2,10,0,12,20,21,36,0,77,0,0,0,77
12/30/2017,AMA,TX,ASW,WE,Combined TRACON& Tower with Radar,17,21,5,0,43,0,0,0,0,0,17,21,5,0,43,0,0,0,43
12/31/2017,AMA,TX,ASW,WE,Combined TRACON& Tower with Radar,9,18,8,0,35,0,0,2,0,2,9,18,10,0,37,0,0,0,37
01/01/2018,AMA,TX,ASW,WE,Combined TRACON& Tower with Radar,15,16,14,0,45,0,0,5,0,5,15,16,19,0,50,0,0,0,50
01/02/2018,AMA,TX,ASW,WE,Combined TRACON& Tower with Radar,19,17,25,0,61,0,1,9,1,11,19,18,34,1,72,10,0,10,82
01/03/2018,AMA,TX,ASW,WE,Combined TRACON& Tower with Radar,15,24,32,27,98,0,1,15,3,19,15,25,47,30,117,62,90,152,269
01/04/2018,AMA,TX,ASW,WE,Combined TRACON& Tower with Radar,18,21,38,7,84,0,2,13,0,15,18,23,51,7,99,34,0,34,133
01/05/2018,AMA,TX,ASW,WE,Combined TRACON& Tower with Radar,18,17,16,51,102,0,0,10,11,21,18,17,26,62,123,58,12,70,193
01/06/2018,AMA,TX,ASW,WE,Combined TRACON& Tower with Radar,16,13,16,0,45,0,0,18,0,18,16,13,34,0,63,38,0,38,101
01/07/2018,AMA,TX,ASW,WE,Combined TRACON& Tower with Radar,18,18,16,0,52,0,0,4,0,4,18,18,20,0,56,0,0,0,56
01/08/2018,AMA,TX,ASW,WE,Combined TRACON& Tower with Radar,20,21,39,43,123,0,1,18,7,26,20,22,57,50,149,16,54,70,219
01/09/2018,AMA,TX,ASW,WE,Combined TRACON& Tower with Radar,18,21,22,14,75,0,0,8,4,12,18,21,30,18,87,62,108,170,257
01/10/2018,AMA,TX,ASW,WE,Combined TRACON& Tower with Radar,21,15,46,35,117,0,0,8,23,31,21,15,54,58,148,14,94,108,256
01/11/2018,AMA,TX,ASW,WE,Combined TRACON& Tower with Radar,21,18,31,26,96,5,5,8,4,22,26,23,39,30,118,0,12,12,130
01/12/2018,AMA,TX,ASW,WE,Combined TRACON& Tower with Radar,20,18,25,46,109,0,0,15,4,19,20,18,40,50,128,10,36,46,174
01/13/2018,AMA,TX,ASW,WE,Combined TRACON& Tower with Radar,12,10,13,1,36,0,0,19,1,20,12,10,32,2,56,32,0,32,88
01/14/2018,AMA,TX,ASW,WE,Combined TRACON& Tower with Radar,24,10,27,13,74,0,0,15,0,15,24,10,42,13,89,26,0,26,115
01/15/2018,AMA,TX,ASW,WE,Combined TRACON& Tower with Radar,18,15,11,2,46,0,0,2,2,4,18,15,13,4,50,0,0,0,50
01/16/2018,AMA,TX,ASW,WE,Combined TRACON& Tower with Radar,20,7,29,44,100,0,0,19,1,20,20,7,48,45,120,16,20,36,156
01/17/2018,AMA,TX,ASW,WE,Combined TRACON& Tower with Radar,21,14,22,38,95,0,1,16,6,23,21,15,38,44,118,34,12,46,164
01/18/2018,AMA,TX,ASW,WE,Combined TRACON& Tower with Radar,22,14,49,64,149,0,1,23,6,30,22,15,72,70,179,22,100,122,301
01/19/2018,AMA,TX,ASW,WE,Combined TRACON& Tower with Radar,22,18,37,89,166,0,0,26,5,31,22,18,63,94,197,30,102,132,329
01/20/2018,AMA,TX,ASW,WE,Combined TRACON& Tower with Radar,13,10,26,1,50,0,4,30,2,36,13,14,56,3,86,84,0,84,170
01/21/2018,AMA,TX,ASW,WE,Combined TRACON& Tower with Radar,21,14,5,39,79,0,1,2,5,8,21,15,7,44,87,0,0,0,87
01/22/2018,AMA,TX,ASW,WE,Combined TRACON& Tower with Radar,18,19,13,15,65,0,0,11,1,12,18,19,24,16,77,0,20,20,97
01/23/2018,AMA,TX,ASW,WE,Combined TRACON& Tower with Radar,19,19,45,23,106,0,1,20,4,25,19,20,65,27,131,76,12,88,219
01/24/2018,AMA,TX,ASW,WE,Combined TRACON& Tower with Radar,24,19,22,16,81,0,0,11,8,19,24,19,33,24,100,26,24,50,150
01/25/2018,AMA,TX,ASW,WE,Combined TRACON& Tower with Radar,20,21,23,19,83,0,0,16,11,27,20,21,39,30,110,6,0,6,116
01/26/2018,AMA,TX,ASW,WE,Combined TRACON& Tower with Radar,21,23,75,67,186,0,1,15,17,33,21,24,90,84,219,12,0,12,231
01/27/2018,AMA,TX,ASW,WE,Combined TRACON& Tower with Radar,16,8,14,28,66,0,0,17,11,28,16,8,31,39,94,14,20,34,128
01/28/2018,AMA,TX,ASW,WE,Combined TRACON& Tower with Radar,21,14,26,43,104,0,0,16,2,18,21,14,42,45,122,16,4,20,142
01/29/2018,AMA,TX,ASW,WE,Combined TRACON& Tower with Radar,19,17,22,17,75,0,0,14,9,23,19,17,36,26,98,52,34,86,184
01/30/2018,AMA,TX,ASW,WE,Combined TRACON& Tower with Radar,21,12,33,33,99,1,2,15,5,23,22,14,48,38,122,8,86,94,216
01/31/2018,AMA,TX,ASW,WE,Combined TRACON& Tower with Radar,20,21,49,35,125,0,0,16,7,23,20,21,65,42,148,60,38,98,246
02/01/2018,AMA,TX,ASW,WE,Combined TRACON& Tower with Radar,20,18,28,38,104,0,0,15,6,21,20,18,43,44,125,52,60,112,237
02/02/2018,AMA,TX,ASW,WE,Combined TRACON& Tower with Radar,25,22,26,35,108,0,0,9,0,9,25,22,35,35,117,44,20,64,181
02/03/2018,AMA,TX,ASW,WE,Combined TRACON& Tower with Radar,12,13,13,0,38,0,0,17,4,21,12,13,30,4,59,34,0,34,93
02/04/2018,AMA,TX,ASW,WE,Combined TRACON& Tower with Radar,18,11,14,12,55,0,0,5,0,5,18,11,19,12,60,0,0,0,60
02/05/2018,AMA,TX,ASW,WE,Combined TRACON& Tower with Radar,25,12,37,45,119,0,0,8,6,14,25,12,45,51,133,16,60,76,209
02/06/2018,AMA,TX,ASW,WE,Combined TRACON& Tower with Radar,19,24,26,21,90,0,0,0,2,2,19,24,26,23,92,2,0,2,94
02/07/2018,AMA,TX,ASW,WE,Combined TRACON& Tower with Radar,23,21,40,48,132,0,1,7,10,18,23,22,47,58,150,120,50,170,320
02/08/2018,AMA,TX,ASW,WE,Combined TRACON& Tower with Radar,21,20,65,34,140,0,1,19,11,31,21,21,84,45,171,2,56,58,229
02/09/2018,AMA,TX,ASW,WE,Combined TRACON& Tower with Radar,21,16,33,20,90,0,0,16,10,26,21,16,49,30,116,26,38,64,180
02/10/2018,AMA,TX,ASW,WE,Combined TRACON& Tower with Radar,12,11,10,2,35,0,0,6,0,6,12,11,16,2,41,6,0,6,47
02/11/2018,AMA,TX,ASW,WE,Combined TRACON& Tower with Radar,20,13,23,2,58,0,0,19,0,19,20,13,42,2,77,4,0,4,81
02/12/2018,AMA,TX,ASW,WE,Combined TRACON& Tower with Radar,20,20,22,24,86,0,2,15,2,19,20,22,37,26,105,8,120,128,233
02/13/2018,AMA,TX,ASW,WE,Combined TRACON& Tower with Radar,18,12,41,36,107,0,0,18,4,22,18,12,59,40,129,50,26,76,205
02/14/2018,AMA,TX,ASW,WE,Combined TRACON& Tower with Radar,19,15,62,28,124,0,2,11,4,17,19,17,73,32,141,22,50,72,213
02/15/2018,AMA,TX,ASW,WE,Combined TRACON& Tower with Radar,22,20,38,32,112,0,1,14,3,18,22,21,52,35,130,0,30,30,160
02/16/2018,AMA,TX,ASW,WE,Combined TRACON& Tower with Radar,24,20,25,33,102,0,2,26,7,35,24,22,51,40,137,48,50,98,235
02/17/2018,AMA,TX,ASW,WE,Combined TRACON& Tower with Radar,17,12,22,11,62,0,1,26,2,29,17,13,48,13,91,16,0,16,107
02/18/2018,AMA,TX,ASW,WE,Combined TRACON& Tower with Radar,19,12,11,4,46,0,1,13,3,17,19,13,24,7,63,6,0,6,69
02/19/2018,AMA,TX,ASW,WE,Combined TRACON& Tower with Radar,22,18,33,6,79,0,3,10,6,19,22,21,43,12,98,2,10,12,110
02/20/2018,AMA,TX,ASW,WE,Combined TRACON& Tower with Radar,24,28,23,15,90,0,5,14,5,24,24,33,37,20,114,18,26,44,158
02/21/2018,AMA,TX,ASW,WE,Combined TRACON& Tower with Radar,17,20,32,3,72,0,2,7,2,11,17,22,39,5,83,12,0,12,95
02/22/2018,AMA,TX,ASW,WE,Combined TRACON& Tower with Radar,18,22,34,11,85,0,1,14,1,16,18,23,48,12,101,20,6,26,127
02/23/2018,AMA,TX,ASW,WE,Combined TRACON& Tower with Radar,22,17,44,65,148,0,1,25,8,34,22,18,69,73,182,50,66,116,298
02/24/2018,AMA,TX,ASW,WE,Combined TRACON& Tower with Radar,16,17,35,7,75,0,0,7,7,14,16,17,42,14,89,10,10,20,109
02/25/2018,AMA,TX,ASW,WE,Combined TRACON& Tower with Radar,22,12,31,10,75,0,2,24,1,27,22,14,55,11,102,0,0,0,102
02/26/2018,AMA,TX,ASW,WE,Combined TRACON& Tower with Radar,19,20,44,35,118,0,6,27,7,40,19,26,71,42,158,0,28,28,186
02/27/2018,AMA,TX,ASW,WE,Combined TRACON& Tower with Radar,24,24,90,97,235,0,2,29,7,38,24,26,119,104,273,34,220,254,527
02/28/2018,AMA,TX,ASW,WE,Combined TRACON& Tower with Radar,18,25,30,46,119,0,1,13,11,25,18,26,43,57,144,14,38,52,196
03/01/2018,AMA,TX,ASW,WE,Combined TRACON& Tower with Radar,20,23,45,16,104,0,6,21,3,30,20,29,66,19,134,32,0,32,166
03/02/2018,AMA,TX,ASW,WE,Combined TRACON& Tower with Radar,20,19,36,16,91,0,1,15,10,26,20,20,51,26,117,0,80,80,197
03/03/2018,AMA,TX,ASW,WE,Combined TRACON& Tower with Radar,13,16,17,3,49,0,0,10,4,14,13,16,27,7,63,32,0,32,95
03/04/2018,AMA,TX,ASW,WE,Combined TRACON& Tower with Radar,21,15,16,15,67,0,1,8,4,13,21,16,24,19,80,18,10,28,108
03/05/2018,AMA,TX,ASW,WE,Combined TRACON& Tower with Radar,22,13,65,42,142,0,1,15,11,27,22,14,80,53,169,52,168,220,389
03/06/2018,AMA,TX,ASW,WE,Combined TRACON& Tower with Radar,20,17,51,38,126,0,1,27,7,35,20,18,78,45,161,28,46,74,235
03/07/2018,AMA,TX,ASW,WE,Combined TRACON& Tower with Radar,20,12,30,49,111,0,2,27,9,38,20,14,57,58,149,0,0,0,149
03/08/2018,AMA,TX,ASW,WE,Combined TRACON& Tower with Radar,23,22,27,20,92,0,3,13,10,26,23,25,40,30,118,104,110,214,332
03/09/2018,AMA,TX,ASW,WE,Combined TRACON& Tower with Radar,22,16,33,36,107,0,3,29,18,50,22,19,62,54,157,160,102,262,419
03/10/2018,AMA,TX,ASW,WE,Combined TRACON& Tower with Radar,15,21,47,3,86,0,5,20,17,42,15,26,67,20,128,10,16,26,154
03/11/2018,AMA,TX,ASW,WE,Combined TRACON& Tower with Radar,25,20,39,35,119,0,3,16,27,46,25,23,55,62,165,2,8,10,175
03/12/2018,AMA,TX,ASW,WE,Combined TRACON& Tower with Radar,21,18,11,40,90,0,2,21,29,52,21,20,32,69,142,114,54,168,310
03/13/2018,AMA,TX,ASW,WE,Combined TRACON& Tower with Radar,21,18,22,23,84,0,2,23,9,34,21,20,45,32,118,90,56,146,264
03/14/2018,AMA,TX,ASW,WE,Combined TRACON& Tower with Radar,23,19,19,20,81,0,6,15,3,24,23,25,34,23,105,8,4,12,117
03/15/2018,AMA,TX,ASW,WE,Combined TRACON& Tower with Radar,20,16,24,56,116,0,2,17,34,53,20,18,41,90,169,0,170,170,339
03/16/2018,AMA,TX,ASW,WE,Combined TRACON& Tower with Radar,25,17,41,38,121,0,3,9,8,20,25,20,50,46,141,6,34,40,181
03/17/2018,AMA,TX,ASW,WE,Combined TRACON& Tower with Radar,14,15,28,4,61,0,2,27,3,32,14,17,55,7,93,52,0,52,145
03/18/2018,AMA,TX,ASW,WE,Combined TRACON& Tower with Radar,22,11,28,45,106,0,4,6,8,18,22,15,34,53,124,0,0,0,124
03/19/2018,AMA,TX,ASW,WE,Combined TRACON& Tower with Radar,20,16,21,18,75,0,0,3,13,16,20,16,24,31,91,0,6,6,97
03/20/2018,AMA,TX,ASW,WE,Combined TRACON& Tower with Radar,20,18,35,75,148,0,1,27,14,42,20,19,62,89,190,64,62,126,316
03/21/2018,AMA,TX,ASW,WE,Combined TRACON& Tower with Radar,21,21,47,17,106,0,2,34,2,38,21,23,81,19,144,18,48,66,210
03/22/2018,AMA,TX,ASW,WE,Combined TRACON& Tower with Radar,20,21,40,28,109,0,1,26,6,33,20,22,66,34,142,50,32,82,224
03/23/2018,AMA,TX,ASW,WE,Combined TRACON& Tower with Radar,20,16,51,104,191,0,5,16,45,66,20,21,67,149,257,6,64,70,327
03/24/2018,AMA,TX,ASW,WE,Combined TRACON& Tower with Radar,13,17,20,2,52,0,9,13,10,32,13,26,33,12,84,0,26,26,110
03/25/2018,AMA,TX,ASW,WE,Combined TRACON& Tower with Radar,20,23,26,23,92,0,1,6,2,9,20,24,32,25,101,0,0,0,101
03/26/2018,AMA,TX,ASW,WE,Combined TRACON& Tower with Radar,23,19,90,114,246,0,2,12,9,23,23,21,102,123,269,34,108,142,411
03/27/2018,AMA,TX,ASW,WE,Combined TRACON& Tower with Radar,16,24,20,5,65,0,0,0,1,1,16,24,20,6,66,0,0,0,66
03/28/2018,AMA,TX,ASW,WE,Combined TRACON& Tower with Radar,23,14,49,86,172,0,6,19,19,44,23,20,68,105,216,28,56,84,300
03/29/2018,AMA,TX,ASW,WE,Combined TRACON& Tower with Radar,21,15,77,126,239,0,2,20,15,37,21,17,97,141,276,38,84,122,398
03/30/2018,AMA,TX,ASW,WE,Combined TRACON& Tower with Radar,21,22,10,24,77,0,1,7,3,11,21,23,17,27,88,0,24,24,112
03/31/2018,AMA,TX,ASW,WE,Combined TRACON& Tower with Radar,13,13,12,6,44,0,2,24,7,33,13,15,36,13,77,30,0,30,107
04/01/2018,AMA,TX,ASW,WE,Combined TRACON& Tower with Radar,20,12,21,0,53,0,0,2,0,2,20,12,23,0,55,0,0,0,55
04/02/2018,AMA,TX,ASW,WE,Combined TRACON& Tower with Radar,21,20,23,67,131,0,2,11,17,30,21,22,34,84,161,34,84,118,279
04/03/2018,AMA,TX,ASW,WE,Combined TRACON& Tower with Radar,16,13,43,90,162,0,2,22,27,51,16,15,65,117,213,0,18,18,231
04/04/2018,AMA,TX,ASW,WE,Combined TRACON& Tower with Radar,20,22,32,36,110,0,3,21,30,54,20,25,53,66,164,0,12,12,176
04/05/2018,AMA,TX,ASW,WE,Combined TRACON& Tower with Radar,22,21,41,75,159,0,1,33,12,46,22,22,74,87,205,48,50,98,303
04/06/2018,AMA,TX,ASW,WE,Combined TRACON& Tower with Radar,25,21,47,135,228,0,0,4,4,8,25,21,51,139,236,18,10,28,264
04/07/2018,AMA,TX,ASW,WE,Combined TRACON& Tower with Radar,17,17,15,32,81,0,5,11,1,17,17,22,26,33,98,8,0,8,106
04/08/2018,AMA,TX,ASW,WE,Combined TRACON& Tower with Radar,23,13,19,2,57,0,2,4,4,10,23,15,23,6,67,0,0,0,67
04/09/2018,AMA,TX,ASW,WE,Combined TRACON& Tower with Radar,21,15,39,33,108,0,4,14,4,22,21,19,53,37,130,50,26,76,206
04/10/2018,AMA,TX,ASW,WE,Combined TRACON& Tower with Radar,24,19,34,15,92,0,3,15,8,26,24,22,49,23,118,0,18,18,136
04/11/2018,AMA,TX,ASW,WE,Combined TRACON& Tower with Radar,23,17,22,41,103,0,3,12,4,19,23,20,34,45,122,0,74,74,196
04/12/2018,AMA,TX,ASW,WE,Combined TRACON& Tower with Radar,28,17,23,45,113,0,2,13,31,46,28,19,36,76,159,0,0,0,159
04/13/2018,AMA,TX,ASW,WE,Combined TRACON& Tower with Radar,22,27,26,63,138,0,2,12,31,45,22,29,38,94,183,0,4,4,187
04/14/2018,AMA,TX,ASW,WE,Combined TRACON& Tower with Radar,18,20,7,0,45,2,4,14,10,30,20,24,21,10,75,4,0,4,79
04/15/2018,AMA,TX,ASW,WE,Combined TRACON& Tower with Radar,21,13,20,18,72,0,2,26,8,36,21,15,46,26,108,66,14,80,188
04/16/2018,AMA,TX,ASW,WE,Combined TRACON& Tower with Radar,23,19,31,27,100,0,4,14,21,39,23,23,45,48,139,22,0,22,161
04/17/2018,AMA,TX,ASW,WE,Combined TRACON& Tower with Radar,22,16,25,27,90,0,1,9,44,54,22,17,34,71,144,0,26,26,170
04/18/2018,AMA,TX,ASW,WE,Combined TRACON& Tower with Radar,25,19,17,38,99,0,1,19,44,64,25,20,36,82,163,66,6,72,235
04/19/2018,AMA,TX,ASW,WE,Combined TRACON& Tower with Radar,23,19,19,9,70,0,0,11,12,23,23,19,30,21,93,88,44,132,225
04/20/2018,AMA,TX,ASW,WE,Combined TRACON& Tower with Radar,24,22,20,1,67,0,0,2,2,4,24,22,22,3,71,0,0,0,71
04/21/2018,AMA,TX,ASW,WE,Combined TRACON& Tower with Radar,16,16,10,1,43,0,0,3,2,5,16,16,13,3,48,0,18,18,66
04/22/2018,AMA,TX,ASW,WE,Combined TRACON& Tower with Radar,21,23,23,45,112,0,0,15,12,27,21,23,38,57,139,36,40,76,215
04/23/2018,AMA,TX,ASW,WE,Combined TRACON& Tower with Radar,22,21,25,11,79,0,3,15,7,25,22,24,40,18,104,74,6,80,184
04/24/2018,AMA,TX,ASW,WE,Combined TRACON& Tower with Radar,26,19,45,12,102,0,1,17,4,22,26,20,62,16,124,0,40,40,164
04/25/2018,AMA,TX,ASW,WE,Combined TRACON& Tower with Radar,24,19,144,73,260,0,0,8,6,14,24,19,152,79,274,34,136,170,444
04/26/2018,AMA,TX,ASW,WE,Combined TRACON& Tower with Radar,23,22,23,29,97,0,0,9,4,13,23,22,32,33,110,0,28,28,138
04/27/2018,AMA,TX,ASW,WE,Combined TRACON& Tower with Radar,26,18,32,13,89,0,0,17,3,20,26,18,49,16,109,28,24,52,161
04/28/2018,AMA,TX,ASW,WE,Combined TRACON& Tower with Radar,19,17,11,4,51,0,8,18,3,29,19,25,29,7,80,0,0,0,80
04/29/2018,AMA,TX,ASW,WE,Combined TRACON& Tower with Radar,23,18,5,0,46,0,3,7,0,10,23,21,12,0,56,2,0,2,58
04/30/2018,AMA,TX,ASW,WE,Combined TRACON& Tower with Radar,23,20,35,12,90,0,0,1,1,2,23,20,36,13,92,0,20,20,112
05/01/2018,AMA,TX,ASW,WE,Combined TRACON& Tower with Radar,25,15,23,64,127,0,2,3,5,10,25,17,26,69,137,0,152,152,289
05/02/2018,AMA,TX,ASW,WE,Combined TRACON& Tower with Radar,33,12,53,54,152,0,0,8,5,13,33,12,61,59,165,0,72,72,237
05/03/2018,AMA,TX,ASW,WE,Combined TRACON& Tower with Radar,24,16,50,35,125,0,2,14,10,26,24,18,64,45,151,6,6,12,163
05/04/2018,AMA,TX,ASW,WE,Combined TRACON& Tower with Radar,28,17,25,55,125,0,3,34,12,49,28,20,59,67,174,86,44,130,304
05/05/2018,AMA,TX,ASW,WE,Combined TRACON& Tower with Radar,20,12,8,48,88,0,5,25,7,37,20,17,33,55,125,20,6,26,151
05/06/2018,AMA,TX,ASW,WE,Combined TRACON& Tower with Radar,25,12,19,64,120,0,0,12,3,15,25,12,31,67,135,20,14,34,169
05/07/2018,AMA,TX,ASW,WE,Combined TRACON& Tower with Radar,28,17,15,37,97,0,3,9,6,18,28,20,24,43,115,16,68,84,199
05/08/2018,AMA,TX,ASW,WE,Combined TRACON& Tower with Radar,27,23,21,27,98,0,2,12,6,20,27,25,33,33,118,16,34,50,168
05/09/2018,AMA,TX,ASW,WE,Combined TRACON& Tower with Radar,28,16,21,23,88,0,1,27,42,70,28,17,48,65,158,50,6,56,214
05/10/2018,AMA,TX,ASW,WE,Combined TRACON& Tower with Radar,27,22,16,28,93,0,2,27,72,101,27,24,43,100,194,32,8,40,234
05/11/2018,AMA,TX,ASW,WE,Combined TRACON& Tower with Radar,28,18,21,11,78,0,1,40,69,110,28,19,61,80,188,12,20,32,220
05/12/2018,AMA,TX,ASW,WE,Combined TRACON& Tower with Radar,21,19,10,15,65,0,6,40,59,105,21,25,50,74,170,26,4,30,200
05/13/2018,AMA,TX,ASW,WE,Combined TRACON& Tower with Radar,28,11,14,8,61,0,2,25,64,91,28,13,39,72,152,6,0,6,158
05/14/2018,AMA,TX,ASW,WE,Combined TRACON& Tower with Radar,28,18,26,12,84,0,2,41,48,91,28,20,67,60,175,54,2,56,231
05/15/2018,AMA,TX,ASW,WE,Combined TRACON& Tower with Radar,29,14,28,28,99,0,3,13,12,28,29,17,41,40,127,26,96,122,249
05/16/2018,AMA,TX,ASW,WE,Combined TRACON& Tower with Radar,27,18,24,15,84,0,6,18,13,37,27,24,42,28,121,16,12,28,149
05/17/2018,AMA,TX,ASW,WE,Combined TRACON& Tower with Radar,29,15,16,11,71,0,1,14,2,17,29,16,30,13,88,34,18,52,140
05/18/2018,AMA,TX,ASW,WE,Combined TRACON& Tower with Radar,28,19,16,14,77,0,4,22,4,30,28,23,38,18,107,30,18,48,155
05/19/2018,AMA,TX,ASW,WE,Combined TRACON& Tower with Radar,22,14,18,1,55,0,1,22,0,23,22,15,40,1,78,20,0,20,98
05/20/2018,AMA,TX,ASW,WE,Combined TRACON& Tower with Radar,28,14,26,11,79,0,3,19,4,26,28,17,45,15,105,24,0,24,129
05/21/2018,AMA,TX,ASW,WE,Combined TRACON& Tower with Radar,26,17,30,15,88,0,4,12,8,24,26,21,42,23,112,28,8,36,148
05/22/2018,AMA,TX,ASW,WE,Combined TRACON& Tower with Radar,26,23,29,30,108,0,8,11,12,31,26,31,40,42,139,50,46,96,235
05/23/2018,AMA,TX,ASW,WE,Combined TRACON& Tower with Radar,27,15,14,17,73,0,1,12,9,22,27,16,26,26,95,54,18,72,167
05/24/2018,AMA,TX,ASW,WE,Combined TRACON& Tower with Radar,24,24,35,5,88,0,1,19,7,27,24,25,54,12,115,98,6,104,219
05/25/2018,AMA,TX,ASW,WE,Combined TRACON& Tower with Radar,23,17,13,1,54,0,1,24,6,31,23,18,37,7,85,2,0,2,87
05/26/2018,AMA,TX,ASW,WE,Combined TRACON& Tower with Radar,18,15,12,0,45,0,0,22,0,22,18,15,34,0,67,28,0,28,95
05/27/2018,AMA,TX,ASW,WE,Combined TRACON& Tower with Radar,19,10,5,0,34,0,0,5,0,5,19,10,10,0,39,6,0,6,45
05/28/2018,AMA,TX,ASW,WE,Combined TRACON& Tower with Radar,21,17,14,1,53,0,0,8,2,10,21,17,22,3,63,0,4,4,67
05/29/2018,AMA,TX,ASW,WE,Combined TRACON& Tower with Radar,21,17,25,13,76,0,2,15,5,22,21,19,40,18,98,38,12,50,148
05/30/2018,AMA,TX,ASW,WE,Combined TRACON& Tower with Radar,22,27,34,22,105,0,1,15,7,23,22,28,49,29,128,28,78,106,234
05/31/2018,AMA,TX,ASW,WE,Combined TRACON& Tower with Radar,23,23,21,50,117,0,1,16,3,20,23,24,37,53,137,22,126,148,285
06/01/2018,AMA,TX,ASW,WE,Combined TRACON& Tower with Radar,22,19,8,45,94,0,2,7,1,10,22,21,15,46,104,0,0,0,104
06/02/2018,AMA,TX,ASW,WE,Combined TRACON& Tower with Radar,15,15,9,35,74,0,2,20,4,26,15,17,29,39,100,2,22,24,124
06/03/2018,AMA,TX,ASW,WE,Combined TRACON& Tower with Radar,21,15,10,19,65,0,0,13,1,14,21,15,23,20,79,0,0,0,79
06/04/2018,AMA,TX,ASW,WE,Combined TRACON& Tower with Radar,20,20,14,32,86,0,0,5,10,15,20,20,19,42,101,40,52,92,193
06/05/2018,AMA,TX,ASW,WE,Combined TRACON& Tower with Radar,20,23,22,5,70,0,0,18,1,19,20,23,40,6,89,38,24,62,151
06/06/2018,AMA,TX,ASW,WE,Combined TRACON& Tower with Radar,22,20,18,7,67,0,0,10,3,13,22,20,28,10,80,16,10,26,106
06/07/2018,AMA,TX,ASW,WE,Combined TRACON& Tower with Radar,23,20,26,35,104,0,0,18,6,24,23,20,44,41,128,28,30,58,186
06/08/2018,AMA,TX,ASW,WE,Combined TRACON& Tower with Radar,23,23,20,82,148,0,2,10,8,20,23,25,30,90,168,0,46,46,214
06/09/2018,AMA,TX,ASW,WE,Combined TRACON& Tower with Radar,24,12,11,4,51,0,4,8,1,13,24,16,19,5,64,4,0,4,68
06/10/2018,AMA,TX,ASW,WE,Combined TRACON& Tower with Radar,24,13,15,35,87,0,0,11,3,14,24,13,26,38,101,20,0,20,121
06/11/2018,AMA,TX,ASW,WE,Combined TRACON& Tower with Radar,25,20,23,11,79,0,1,13,1,15,25,21,36,12,94,46,0,46,140
06/12/2018,AMA,TX,ASW,WE,Combined TRACON& Tower with Radar,26,19,19,22,86,0,2,11,6,19,26,21,30,28,105,56,0,56,161
06/13/2018,AMA,TX,ASW,WE,Combined TRACON& Tower with Radar,23,18,20,22,83,0,2,12,2,16,23,20,32,24,99,16,8,24,123
06/14/2018,AMA,TX,ASW,WE,Combined TRACON& Tower with Radar,30,23,12,0,65,0,2,18,7,27,30,25,30,7,92,0,22,22,114
06/15/2018,AMA,TX,ASW,WE,Combined TRACON& Tower with Radar,25,17,20,44,106,0,2,4,3,9,25,19,24,47,115,24,18,42,157
06/16/2018,AMA,TX,ASW,WE,Combined TRACON& Tower with Radar,19,14,15,2,50,0,1,5,1,7,19,15,20,3,57,0,0,0,57
06/17/2018,AMA,TX,ASW,WE,Combined TRACON& Tower with Radar,24,13,13,5,55,0,2,2,6,10,24,15,15,11,65,0,8,8,73
06/18/2018,AMA,TX,ASW,WE,Combined TRACON& Tower with Radar,25,20,17,43,105,0,2,9,8,19,25,22,26,51,124,20,70,90,214
06/19/2018,AMA,TX,ASW,WE,Combined TRACON& Tower with Radar,25,25,38,28,116,0,0,12,1,13,25,25,50,29,129,34,42,76,205
06/20/2018,AMA,TX,ASW,WE,Combined TRACON& Tower with Radar,24,19,31,29,103,0,0,2,6,8,24,19,33,35,111,8,10,18,129
06/21/2018,AMA,TX,ASW,WE,Combined TRACON& Tower with Radar,24,19,40,38,121,0,4,24,7,35,24,23,64,45,156,58,44,102,258
06/22/2018,AMA,TX,ASW,WE,Combined TRACON& Tower with Radar,24,15,10,33,82,0,1,12,9,22,24,16,22,42,104,6,14,20,124
06/23/2018,AMA,TX,ASW,WE,Combined TRACON& Tower with Radar,23,21,29,13,86,0,2,12,9,23,23,23,41,22,109,0,16,16,125
06/24/2018,AMA,TX,ASW,WE,Combined TRACON& Tower with Radar,31,21,28,27,107,0,0,6,2,8,31,21,34,29,115,0,0,0,115
06/25/2018,AMA,TX,ASW,WE,Combined TRACON& Tower with Radar,26,19,48,63,156,0,3,13,3,19,26,22,61,66,175,28,28,56,231
06/26/2018,AMA,TX,ASW,WE,Combined TRACON& Tower with Radar,27,22,44,48,141,0,1,9,2,12,27,23,53,50,153,29,42,71,224
06/27/2018,AMA,TX,ASW,WE,Combined TRACON& Tower with Radar,26,17,39,8,90,0,0,10,4,14,26,17,49,12,104,30,70,100,204
06/28/2018,AMA,TX,ASW,WE,Combined TRACON& Tower with Radar,27,21,25,10,83,0,1,9,1,11,27,22,34,11,94,22,26,48,142
06/29/2018,AMA,TX,ASW,WE,Combined TRACON& Tower with Radar,25,20,12,4,61,0,0,13,3,16,25,20,25,7,77,0,22,22,99
06/30/2018,AMA,TX,ASW,WE,Combined TRACON& Tower with Radar,25,15,15,0,55,0,2,3,0,5,25,17,18,0,60,0,0,0,60
07/01/2018,AMA,TX,ASW,WE,Combined TRACON& Tower with Radar,25,13,11,19,68,0,0,15,1,16,25,13,26,20,84,39,0,39,123
07/02/2018,AMA,TX,ASW,WE,Combined TRACON& Tower with Radar,23,14,25,12,74,0,1,9,2,12,23,15,34,14,86,0,0,0,86
07/03/2018,AMA,TX,ASW,WE,Combined TRACON& Tower with Radar,20,16,19,10,65,0,2,10,1,13,20,18,29,11,78,10,2,12,90
07/04/2018,AMA,TX,ASW,WE,Combined TRACON& Tower with Radar,17,7,14,0,38,0,0,12,1,13,17,7,26,1,51,14,0,14,65
07/05/2018,AMA,TX,ASW,WE,Combined TRACON& Tower with Radar,25,15,20,11,71,0,0,10,2,12,25,15,30,13,83,34,56,90,173
07/06/2018,AMA,TX,ASW,WE,Combined TRACON& Tower with Radar,25,14,16,23,78,0,0,9,7,16,25,14,25,30,94,46,72,118,212
07/07/2018,AMA,TX,ASW,WE,Combined TRACON& Tower with Radar,24,16,12,0,52,0,4,10,2,16,24,20,22,2,68,14,0,14,82
07/08/2018,AMA,TX,ASW,WE,Combined TRACON& Tower with Radar,28,14,18,15,75,0,1,8,3,12,28,15,26,18,87,0,14,14,101
07/09/2018,AMA,TX,ASW,WE,Combined TRACON& Tower with Radar,23,15,46,29,113,0,1,14,5,20,23,16,60,34,133,34,6,40,173
07/10/2018,AMA,TX,ASW,WE,Combined TRACON& Tower with Radar,28,17,42,38,125,0,4,17,0,21,28,21,59,38,146,0,10,10,156
07/11/2018,AMA,TX,ASW,WE,Combined TRACON& Tower with Radar,29,18,21,6,74,0,1,10,0,11,29,19,31,6,85,18,2,20,105
07/12/2018,AMA,TX,ASW,WE,Combined TRACON& Tower with Radar,22,12,15,19,68,0,0,8,3,11,22,12,23,22,79,12,52,64,143
07/13/2018,AMA,TX,ASW,WE,Combined TRACON& Tower with Radar,25,12,21,14,72,0,0,7,1,8,25,12,28,15,80,0,46,46,126
07/14/2018,AMA,TX,ASW,WE,Combined TRACON& Tower with Radar,26,13,24,1,64,0,2,9,4,15,26,15,33,5,79,12,6,18,97
07/15/2018,AMA,TX,ASW,WE,Combined TRACON& Tower with Radar,27,10,10,10,57,0,0,10,1,11,27,10,20,11,68,0,0,0,68
07/16/2018,AMA,TX,ASW,WE,Combined TRACON& Tower with Radar,31,14,25,33,103,0,5,2,5,12,31,19,27,38,115,0,0,0,115
07/17/2018,AMA,TX,ASW,WE,Combined TRACON& Tower with Radar,28,12,80,19,139,0,5,17,6,28,28,17,97,25,167,52,44,96,263
07/18/2018,AMA,TX,ASW,WE,Combined TRACON& Tower with Radar,28,17,38,39,122,0,1,20,11,32,28,18,58,50,154,28,60,88,242
07/19/2018,AMA,TX,ASW,WE,Combined TRACON& Tower with Radar,28,20,26,25,99,0,2,24,4,30,28,22,50,29,129,20,0,20,149
07/20/2018,AMA,TX,ASW,WE,Combined TRACON& Tower with Radar,26,16,38,97,177,0,2,11,8,21,26,18,49,105,198,16,172,188,386
07/21/2018,AMA,TX,ASW,WE,Combined TRACON& Tower with Radar,26,8,19,9,62,0,2,31,1,34,26,10,50,10,96,10,0,10,106
07/22/2018,AMA,TX,ASW,WE,Combined TRACON& Tower with Radar,26,14,19,10,69,0,1,8,0,9,26,15,27,10,78,24,0,24,102
07/23/2018,AMA,TX,ASW,WE,Combined TRACON& Tower with Radar,33,19,26,35,113,0,1,15,2,18,33,20,41,37,131,72,38,110,241
07/24/2018,AMA,TX,ASW,WE,Combined TRACON& Tower with Radar,29,27,33,39,128,0,8,15,3,26,29,35,48,42,154,66,32,98,252
07/25/2018,AMA,TX,ASW,WE,Combined TRACON& Tower with Radar,28,15,17,32,92,0,3,19,1,23,28,18,36,33,115,0,14,14,129
07/26/2018,AMA,TX,ASW,WE,Combined TRACON& Tower with Radar,25,16,28,18,87,0,0,18,2,20,25,16,46,20,107,82,80,162,269
07/27/2018,AMA,TX,ASW,WE,Combined TRACON& Tower with Radar,26,21,39,27,113,0,2,18,16,36,26,23,57,43,149,62,34,96,245
07/28/2018,AMA,TX,ASW,WE,Combined TRACON& Tower with Radar,27,15,19,7,68,0,4,22,2,28,27,19,41,9,96,2,4,6,102
07/29/2018,AMA,TX,ASW,WE,Combined TRACON& Tower with Radar,25,16,16,11,68,0,4,9,2,15,25,20,25,13,83,2,0,2,85
07/30/2018,AMA,TX,ASW,WE,Combined TRACON& Tower with Radar,27,16,39,18,100,0,2,10,3,15,27,18,49,21,115,28,32,60,175
07/31/2018,AMA,TX,ASW,WE,Combined TRACON& Tower with Radar,26,17,27,13,83,0,4,10,1,15,26,21,37,14,98,14,12,26,124
08/01/2018,AMA,TX,ASW,WE,Combined TRACON& Tower with Radar,27,23,19,15,84,0,0,14,2,16,27,23,33,17,100,14,52,66,166
08/02/2018,AMA,TX,ASW,WE,Combined TRACON& Tower with Radar,27,19,27,34,107,0,3,21,3,27,27,22,48,37,134,52,12,64,198
08/03/2018,AMA,TX,ASW,WE,Combined TRACON& Tower with Radar,25,27,17,19,88,0,0,18,4,22,25,27,35,23,110,16,14,30,140
08/04/2018,AMA,TX,ASW,WE,Combined TRACON& Tower with Radar,28,7,13,8,56,0,3,20,4,27,28,10,33,12,83,46,0,46,129
08/05/2018,AMA,TX,ASW,WE,Combined TRACON& Tower with Radar,27,20,19,5,71,0,0,10,0,10,27,20,29,5,81,0,0,0,81
08/06/2018,AMA,TX,ASW,WE,Combined TRACON& Tower with Radar,29,11,28,12,80,0,0,17,2,19,29,11,45,14,99,18,18,36,135
08/07/2018,AMA,TX,ASW,WE,Combined TRACON& Tower with Radar,30,13,28,24,95,0,1,22,5,28,30,14,50,29,123,30,18,48,171
08/08/2018,AMA,TX,ASW,WE,Combined TRACON& Tower with Radar,29,12,23,1,65,0,0,4,4,8,29,12,27,5,73,20,0,20,93
08/09/2018,AMA,TX,ASW,WE,Combined TRACON& Tower with Radar,29,20,35,30,114,0,3,21,2,26,29,23,56,32,140,16,38,54,194
08/10/2018,AMA,TX,ASW,WE,Combined TRACON& Tower with Radar,26,14,28,24,92,0,0,63,9,72,26,14,91,33,164,0,0,0,164
08/11/2018,AMA,TX,ASW,WE,Combined TRACON& Tower with Radar,24,9,20,4,57,0,1,6,0,7,24,10,26,4,64,42,0,42,106
08/12/2018,AMA,TX,ASW,WE,Combined TRACON& Tower with Radar,23,11,20,11,65,0,2,0,3,5,23,13,20,14,70,0,4,4,74
08/13/2018,AMA,TX,ASW,WE,Combined TRACON& Tower with Radar,30,19,54,62,165,0,2,13,4,19,30,21,67,66,184,38,88,126,310
08/14/2018,AMA,TX,ASW,WE,Combined TRACON& Tower with Radar,30,20,46,24,120,0,2,13,1,16,30,22,59,25,136,72,22,94,230
08/15/2018,AMA,TX,ASW,WE,Combined TRACON& Tower with Radar,31,13,23,31,98,0,0,14,2,16,31,13,37,33,114,44,42,86,200
08/16/2018,AMA,TX,ASW,WE,Combined TRACON& Tower with Radar,27,27,15,31,100,0,3,14,2,19,27,30,29,33,119,0,4,4,123
08/17/2018,AMA,TX,ASW,WE,Combined TRACON& Tower with Radar,24,14,16,41,95,0,0,11,1,12,24,14,27,42,107,44,24,68,175
08/18/2018,AMA,TX,ASW,WE,Combined TRACON& Tower with Radar,26,12,18,6,62,0,0,6,1,7,26,12,24,7,69,0,16,16,85
08/19/2018,AMA,TX,ASW,WE,Combined TRACON& Tower with Radar,29,20,14,15,78,0,1,8,6,15,29,21,22,21,93,8,0,8,101
08/20/2018,AMA,TX,ASW,WE,Combined TRACON& Tower with Radar,29,10,51,34,124,0,0,10,8,18,29,10,61,42,142,26,6,32,174
08/21/2018,AMA,TX,ASW,WE,Combined TRACON& Tower with Radar,25,20,46,17,108,0,0,11,8,19,25,20,57,25,127,0,20,20,147
08/22/2018,AMA,TX,ASW,WE,Combined TRACON& Tower with Radar,23,18,38,25,104,0,0,19,8,27,23,18,57,33,131,18,26,44,175
08/23/2018,AMA,TX,ASW,WE,Combined TRACON& Tower with Radar,24,24,37,21,106,0,0,18,8,26,24,24,55,29,132,38,44,82,214
08/24/2018,AMA,TX,ASW,WE,Combined TRACON& Tower with Radar,23,23,38,32,116,0,2,13,21,36,23,25,51,53,152,0,0,0,152
08/25/2018,AMA,TX,ASW,WE,Combined TRACON& Tower with Radar,20,12,21,2,55,0,3,11,4,18,20,15,32,6,73,0,0,0,73
08/26/2018,AMA,TX,ASW,WE,Combined TRACON& Tower with Radar,21,20,25,5,71,0,0,19,6,25,21,20,44,11,96,4,31,35,131
08/27/2018,AMA,TX,ASW,WE,Combined TRACON& Tower with Radar,24,24,30,9,87,0,3,21,1,25,24,27,51,10,112,16,6,22,134
08/28/2018,AMA,TX,ASW,WE,Combined TRACON& Tower with Radar,25,23,28,24,100,0,1,23,2,26,25,24,51,26,126,8,24,32,158
08/29/2018,AMA,TX,ASW,WE,Combined TRACON& Tower with Radar,23,19,22,17,81,0,1,9,5,15,23,20,31,22,96,30,22,52,148
08/30/2018,AMA,TX,ASW,WE,Combined TRACON& Tower with Radar,23,21,20,2,66,0,1,19,11,31,23,22,39,13,97,42,0,42,139
08/31/2018,AMA,TX,ASW,WE,Combined TRACON& Tower with Radar,24,21,26,8,79,0,1,14,0,15,24,22,40,8,94,16,6,22,116
09/01/2018,AMA,TX,ASW,WE,Combined TRACON& Tower with Radar,18,12,13,0,43,0,1,10,0,11,18,13,23,0,54,10,0,10,64
09/02/2018,AMA,TX,ASW,WE,Combined TRACON& Tower with Radar,18,17,13,6,54,0,3,12,5,20,18,20,25,11,74,0,4,4,78
09/03/2018,AMA,TX,ASW,WE,Combined TRACON& Tower with Radar,21,15,20,0,56,0,2,7,0,9,21,17,27,0,65,54,0,54,119
09/04/2018,AMA,TX,ASW,WE,Combined TRACON& Tower with Radar,23,17,41,60,141,0,0,12,3,15,23,17,53,63,156,20,127,147,303
09/05/2018,AMA,TX,ASW,WE,Combined TRACON& Tower with Radar,24,21,20,39,104,0,0,10,4,14,24,21,30,43,118,0,40,40,158
09/06/2018,AMA,TX,ASW,WE,Combined TRACON& Tower with Radar,25,23,33,58,139,0,1,12,3,16,25,24,45,61,155,30,134,164,319
09/07/2018,AMA,TX,ASW,WE,Combined TRACON& Tower with Radar,19,26,66,56,167,0,0,0,0,0,19,26,66,56,167,0,12,12,179
09/08/2018,AMA,TX,ASW,WE,Combined TRACON& Tower with Radar,17,15,24,22,78,0,1,4,1,6,17,16,28,23,84,2,6,8,92
09/09/2018,AMA,TX,ASW,WE,Combined TRACON& Tower with Radar,25,13,17,14,69,0,1,8,2,11,25,14,25,16,80,14,0,14,94
09/10/2018,AMA,TX,ASW,WE,Combined TRACON& Tower with Radar,25,25,14,5,69,0,5,10,1,16,25,30,24,6,85,64,4,68,153
09/11/2018,AMA,TX,ASW,WE,Combined TRACON& Tower with Radar,24,26,54,26,130,2,8,32,5,47,26,34,86,31,177,38,28,66,243
09/12/2018,AMA,TX,ASW,WE,Combined TRACON& Tower with Radar,25,18,56,30,129,0,2,12,8,22,25,20,68,38,151,20,26,46,197
09/13/2018,AMA,TX,ASW,WE,Combined TRACON& Tower with Radar,23,29,37,75,164,0,0,11,8,19,23,29,48,83,183,18,70,88,271
09/14/2018,AMA,TX,ASW,WE,Combined TRACON& Tower with Radar,22,16,31,36,105,0,2,23,3,28,22,18,54,39,133,0,22,22,155
09/15/2018,AMA,TX,ASW,WE,Combined TRACON& Tower with Radar,19,6,11,22,58,0,2,10,6,18,19,8,21,28,76,0,38,38,114
09/16/2018,AMA,TX,ASW,WE,Combined TRACON& Tower with Radar,22,17,35,38,112,0,1,12,5,18,22,18,47,43,130,14,24,38,168
09/17/2018,AMA,TX,ASW,WE,Combined TRACON& Tower with Radar,24,19,25,33,101,0,0,19,4,23,24,19,44,37,124,10,26,36,160
09/18/2018,AMA,TX,ASW,WE,Combined TRACON& Tower with Radar,24,22,50,33,129,0,1,27,7,35,24,23,77,40,164,24,74,98,262
09/19/2018,AMA,TX,ASW,WE,Combined TRACON& Tower with Radar,25,26,26,14,91,0,2,7,10,19,25,28,33,24,110,0,26,26,136
09/20/2018,AMA,TX,ASW,WE,Combined TRACON& Tower with Radar,23,25,29,8,85,0,1,8,1,10,23,26,37,9,95,0,28,28,123
09/21/2018,AMA,TX,ASW,WE,Combined TRACON& Tower with Radar,22,26,37,86,171,0,1,5,1,7,22,27,42,87,178,0,0,0,178
09/22/2018,AMA,TX,ASW,WE,Combined TRACON& Tower with Radar,18,17,22,0,57,0,1,13,0,14,18,18,35,0,71,6,0,6,77
09/23/2018,AMA,TX,ASW,WE,Combined TRACON& Tower with Radar,24,22,21,44,111,0,1,10,6,17,24,23,31,50,128,22,0,22,150
09/24/2018,AMA,TX,ASW,WE,Combined TRACON& Tower with Radar,25,28,58,66,177,0,1,18,7,26,25,29,76,73,203,26,166,192,395
09/25/2018,AMA,TX,ASW,WE,Combined TRACON& Tower with Radar,23,21,48,50,142,0,0,9,2,11,23,21,57,52,153,12,50,62,215
09/26/2018,AMA,TX,ASW,WE,Combined TRACON& Tower with Radar,25,24,19,53,121,0,0,8,1,9,25,24,27,54,130,0,50,50,180
09/27/2018,AMA,TX,ASW,WE,Combined TRACON& Tower with Radar,27,26,40,22,115,0,2,6,4,12,27,28,46,26,127,0,44,44,171
09/28/2018,AMA,TX,ASW,WE,Combined TRACON& Tower with Radar,24,26,37,59,146,0,1,2,4,7,24,27,39,63,153,16,28,44,197
09/29/2018,AMA,TX,ASW,WE,Combined TRACON& Tower with Radar,20,21,13,6,60,0,0,5,5,10,20,21,18,11,70,2,0,2,72
09/30/2018,AMA,TX,ASW,WE,Combined TRACON& Tower with Radar,22,26,37,22,107,0,2,11,8,21,22,28,48,30,128,0,0,0,128
10/01/2018,AMA,TX,ASW,WE,Combined TRACON& Tower with Radar,25,27,43,54,149,0,0,12,3,15,25,27,55,57,164,22,30,52,216
10/02/2018,AMA,TX,ASW,WE,Combined TRACON& Tower with Radar,23,29,17,26,95,0,5,6,4,15,23,34,23,30,110,24,22,46,156
10/03/2018,AMA,TX,ASW,WE,Combined TRACON& Tower with Radar,25,24,27,52,128,0,0,9,4,13,25,24,36,56,141,24,48,72,213
10/04/2018,AMA,TX,ASW,WE,Combined TRACON& Tower with Radar,24,24,20,14,82,0,0,6,0,6,24,24,26,14,88,22,0,22,110
10/05/2018,AMA,TX,ASW,WE,Combined TRACON& Tower with Radar,24,22,31,16,93,0,0,6,3,9,24,22,37,19,102,8,4,12,114
10/06/2018,AMA,TX,ASW,WE,Combined TRACON& Tower with Radar,15,14,13,0,42,0,0,1,0,1,15,14,14,0,43,0,0,0,43
10/07/2018,AMA,TX,ASW,WE,Combined TRACON& Tower with Radar,29,18,4,3,54,0,0,0,0,0,29,18,4,3,54,0,0,0,54
10/08/2018,AMA,TX,ASW,WE,Combined TRACON& Tower with Radar,30,20,23,4,77,0,0,3,2,5,30,20,26,6,82,0,0,0,82
10/09/2018,AMA,TX,ASW,WE,Combined TRACON& Tower with Radar,23,32,18,22,95,0,0,2,0,2,23,32,20,22,97,0,0,0,97
10/10/2018,AMA,TX,ASW,WE,Combined TRACON& Tower with Radar,24,23,35,68,150,0,0,37,10,47,24,23,72,78,197,146,74,220,417
10/11/2018,AMA,TX,ASW,WE,Combined TRACON& Tower with Radar,26,20,19,15,80,0,1,3,1,5,26,21,22,16,85,0,0,0,85
10/12/2018,AMA,TX,ASW,WE,Combined TRACON& Tower with Radar,23,22,57,82,184,0,0,7,9,16,23,22,64,91,200,8,64,72,272
10/13/2018,AMA,TX,ASW,WE,Combined TRACON& Tower with Radar,14,17,13,8,52,0,0,0,0,0,14,17,13,8,52,6,8,14,66
10/14/2018,AMA,TX,ASW,WE,Combined TRACON& Tower with Radar,23,14,22,1,60,0,0,0,0,0,23,14,22,1,60,0,0,0,60
10/15/2018,AMA,TX,ASW,WE,Combined TRACON& Tower with Radar,21,18,17,32,88,0,0,10,5,15,21,18,27,37,103,0,12,12,115
10/16/2018,AMA,TX,ASW,WE,Combined TRACON& Tower with Radar,22,22,84,62,190,0,0,14,5,19,22,22,98,67,209,70,40,110,319
10/17/2018,AMA,TX,ASW,WE,Combined TRACON& Tower with Radar,23,19,26,77,145,0,2,8,11,21,23,21,34,88,166,24,16,40,206
10/18/2018,AMA,TX,ASW,WE,Combined TRACON& Tower with Radar,24,25,27,2,78,0,0,1,0,1,24,25,28,2,79,0,0,0,79
10/19/2018,AMA,TX,ASW,WE,Combined TRACON& Tower with Radar,25,25,64,151,265,0,2,25,18,45,25,27,89,169,310,24,186,210,520
10/20/2018,AMA,TX,ASW,WE,Combined TRACON& Tower with Radar,15,16,17,19,67,0,4,23,9,36,15,20,40,28,103,46,6,52,155
10/21/2018,AMA,TX,ASW,WE,Combined TRACON& Tower with Radar,27,27,23,5,82,0,0,10,5,15,27,27,33,10,97,20,0,20,117
10/22/2018,AMA,TX,ASW,WE,Combined TRACON& Tower with Radar,22,22,29,104,177,0,0,20,11,31,22,22,49,115,208,88,60,148,356
10/23/2018,AMA,TX,ASW,WE,Combined TRACON& Tower with Radar,27,26,44,69,166,0,2,14,6,22,27,28,58,75,188,56,76,132,320
10/24/2018,AMA,TX,ASW,WE,Combined TRACON& Tower with Radar,24,24,12,17,77,0,0,1,0,1,24,24,13,17,78,0,0,0,78
10/25/2018,AMA,TX,ASW,WE,Combined TRACON& Tower with Radar,24,29,64,70,187,0,2,14,6,22,24,31,78,76,209,30,126,156,365
10/26/2018,AMA,TX,ASW,WE,Combined TRACON& Tower with Radar,23,18,33,65,139,0,1,17,3,21,23,19,50,68,160,72,14,86,246
10/27/2018,AMA,TX,ASW,WE,Combined TRACON& Tower with Radar,16,14,15,0,45,0,0,28,10,38,16,14,43,10,83,0,0,0,83
10/28/2018,AMA,TX,ASW,WE,Combined TRACON& Tower with Radar,28,18,17,22,85,0,2,22,3,27,28,20,39,25,112,54,8,62,174
10/29/2018,AMA,TX,ASW,WE,Combined TRACON& Tower with Radar,24,26,16,60,126,0,1,9,3,13,24,27,25,63,139,74,82,156,295
10/30/2018,AMA,TX,ASW,WE,Combined TRACON& Tower with Radar,23,12,79,72,186,0,0,6,7,13,23,12,85,79,199,4,110,114,313
10/31/2018,AMA,TX,ASW,WE,Combined TRACON& Tower with Radar,19,16,16,24,75,0,0,2,1,3,19,16,18,25,78,0,74,74,152
11/01/2018,AMA,TX,ASW,WE,Combined TRACON& Tower with Radar,25,30,47,88,190,0,0,24,5,29,25,30,71,93,219,28,34,62,281
11/02/2018,AMA,TX,ASW,WE,Combined TRACON& Tower with Radar,25,21,35,42,123,0,2,44,3,49,25,23,79,45,172,0,0,0,172
11/03/2018,AMA,TX,ASW,WE,Combined TRACON& Tower with Radar,21,13,6,10,50,0,1,1,0,2,21,14,7,10,52,0,0,0,52
11/04/2018,AMA,TX,ASW,WE,Combined TRACON& Tower with Radar,25,16,16,28,85,0,0,10,1,11,25,16,26,29,96,6,20,26,122
11/05/2018,AMA,TX,ASW,WE,Combined TRACON& Tower with Radar,25,19,49,79,172,0,0,22,7,29,25,19,71,86,201,126,64,190,391
11/06/2018,AMA,TX,ASW,WE,Combined TRACON& Tower with Radar,22,21,34,40,117,0,2,31,6,39,22,23,65,46,156,58,92,150,306
11/07/2018,AMA,TX,ASW,WE,Combined TRACON& Tower with Radar,25,15,32,48,120,0,0,7,8,15,25,15,39,56,135,104,16,120,255
11/08/2018,AMA,TX,ASW,WE,Combined TRACON& Tower with Radar,25,17,13,26,81,0,0,1,2,3,25,17,14,28,84,22,8,30,114
11/09/2018,AMA,TX,ASW,WE,Combined TRACON& Tower with Radar,25,15,31,48,119,0,2,24,13,39,25,17,55,61,158,42,6,48,206
11/10/2018,AMA,TX,ASW,WE,Combined TRACON& Tower with Radar,22,14,17,22,75,0,0,19,1,20,22,14,36,23,95,0,0,0,95
11/11/2018,AMA,TX,ASW,WE,Combined TRACON& Tower with Radar,27,14,34,12,87,0,0,5,0,5,27,14,39,12,92,0,0,0,92
11/12/2018,AMA,TX,ASW,WE,Combined TRACON& Tower with Radar,28,16,12,0,56,0,0,5,0,5,28,16,17,0,61,0,0,0,61
11/13/2018,AMA,TX,ASW,WE,Combined TRACON& Tower with Radar,22,21,18,4,65,0,1,15,6,22,22,22,33,10,87,54,0,54,141
11/14/2018,AMA,TX,ASW,WE,Combined TRACON& Tower with Radar,21,16,30,23,90,0,4,34,4,42,21,20,64,27,132,40,4,44,176
11/15/2018,AMA,TX,ASW,WE,Combined TRACON& Tower with Radar,24,25,35,15,99,0,1,15,11,27,24,26,50,26,126,58,18,76,202
11/16/2018,AMA,TX,ASW,WE,Combined TRACON& Tower with Radar,24,20,32,53,129,0,0,14,13,27,24,20,46,66,156,70,52,122,278
11/17/2018,AMA,TX,ASW,WE,Combined TRACON& Tower with Radar,17,16,8,5,46,0,0,1,2,3,17,16,9,7,49,0,0,0,49
11/18/2018,AMA,TX,ASW,WE,Combined TRACON& Tower with Radar,26,21,13,10,70,0,0,8,6,14,26,21,21,16,84,0,0,0,84
11/19/2018,AMA,TX,ASW,WE,Combined TRACON& Tower with Radar,25,19,34,60,138,0,0,26,6,32,25,19,60,66,170,46,14,60,230
11/20/2018,AMA,TX,ASW,WE,Combined TRACON& Tower with Radar,24,27,44,26,121,0,0,22,3,25,24,27,66,29,146,118,36,154,300
11/21/2018,AMA,TX,ASW,WE,Combined TRACON& Tower with Radar,24,15,24,7,70,0,0,36,7,43,24,15,60,14,113,78,20,98,211
11/22/2018,AMA,TX,ASW,WE,Combined TRACON& Tower with Radar,15,13,9,0,37,0,0,5,0,5,15,13,14,0,42,0,0,0,42
11/23/2018,AMA,TX,ASW,WE,Combined TRACON& Tower with Radar,21,25,11,2,59,0,1,7,5,13,21,26,18,7,72,28,18,46,118
11/24/2018,AMA,TX,ASW,WE,Combined TRACON& Tower with Radar,26,14,21,3,64,0,0,37,1,38,26,14,58,4,102,0,0,0,102
11/25/2018,AMA,TX,ASW,WE,Combined TRACON& Tower with Radar,22,22,8,0,52,0,0,4,0,4,22,22,12,0,56,0,0,0,56
11/26/2018,AMA,TX,ASW,WE,Combined TRACON& Tower with Radar,23,19,13,11,66,0,0,16,2,18,23,19,29,13,84,0,0,0,84
11/27/2018,AMA,TX,ASW,WE,Combined TRACON& Tower with Radar,24,16,44,52,136,0,0,20,4,24,24,16,64,56,160,28,76,104,264
11/28/2018,AMA,TX,ASW,WE,Combined TRACON& Tower with Radar,23,12,50,37,122,0,0,16,2,18,23,12,66,39,140,50,40,90,230
11/29/2018,AMA,TX,ASW,WE,Combined TRACON& Tower with Radar,25,19,27,13,84,0,1,9,5,15,25,20,36,18,99,0,8,8,107
11/30/2018,AMA,TX,ASW,WE,Combined TRACON& Tower with Radar,26,25,13,22,86,0,2,5,2,9,26,27,18,24,95,0,112,112,207
12/01/2018,AMA,TX,ASW,WE,Combined TRACON& Tower with Radar,18,32,20,4,74,0,6,12,0,18,18,38,32,4,92,6,74,80,172
12/02/2018,AMA,TX,ASW,WE,Combined TRACON& Tower with Radar,26,19,13,15,73,0,2,10,0,12,26,21,23,15,85,21,10,31,116
12/03/2018,AMA,TX,ASW,WE,Combined TRACON& Tower with Radar,24,21,16,16,77,0,0,1,0,1,24,21,17,16,78,0,0,0,78
12/04/2018,AMA,TX,ASW,WE,Combined TRACON& Tower with Radar,22,14,46,17,99,0,0,7,3,10,22,14,53,20,109,32,14,46,155
12/05/2018,AMA,TX,ASW,WE,Combined TRACON& Tower with Radar,25,23,27,1,76,0,1,6,1,8,25,24,33,2,84,10,16,26,110
12/06/2018,AMA,TX,ASW,WE,Combined TRACON& Tower with Radar,30,33,19,6,88,0,1,0,5,6,30,34,19,11,94,0,30,30,124
12/07/2018,AMA,TX,ASW,WE,Combined TRACON& Tower with Radar,25,29,3,7,64,0,0,42,7,49,25,29,45,14,113,0,0,0,113
12/08/2018,AMA,TX,ASW,WE,Combined TRACON& Tower with Radar,21,13,20,7,61,0,0,16,14,30,21,13,36,21,91,0,0,0,91
12/09/2018,AMA,TX,ASW,WE,Combined TRACON& Tower with Radar,23,20,44,3,90,0,0,6,2,8,23,20,50,5,98,20,2,22,120
12/10/2018,AMA,TX,ASW,WE,Combined TRACON& Tower with Radar,24,22,22,21,89,0,2,24,4,30,24,24,46,25,119,20,32,52,171
12/11/2018,AMA,TX,ASW,WE,Combined TRACON& Tower with Radar,22,13,33,9,77,0,0,4,2,6,22,13,37,11,83,0,0,0,83
12/12/2018,AMA,TX,ASW,WE,Combined TRACON& Tower with Radar,22,18,36,56,132,0,0,12,3,15,22,18,48,59,147,68,32,100,247
12/13/2018,AMA,TX,ASW,WE,Combined TRACON& Tower with Radar,21,17,10,0,48,0,0,0,0,0,21,17,10,0,48,0,0,0,48
12/14/2018,AMA,TX,ASW,WE,Combined TRACON& Tower with Radar,25,26,17,82,150,0,3,16,8,27,25,29,33,90,177,54,75,129,306
12/15/2018,AMA,TX,ASW,WE,Combined TRACON& Tower with Radar,20,10,20,6,56,0,0,16,5,21,20,10,36,11,77,22,12,34,111
12/16/2018,AMA,TX,ASW,WE,Combined TRACON& Tower with Radar,24,17,23,33,97,0,0,12,3,15,24,17,35,36,112,8,10,18,130
12/17/2018,AMA,TX,ASW,WE,Combined TRACON& Tower with Radar,24,22,17,10,73,0,0,19,3,22,24,22,36,13,95,36,20,56,151
12/18/2018,AMA,TX,ASW,WE,Combined TRACON& Tower with Radar,25,14,40,14,93,0,1,23,6,30,25,15,63,20,123,30,54,84,207
12/19/2018,AMA,TX,ASW,WE,Combined TRACON& Tower with Radar,22,18,39,46,125,0,2,7,6,15,22,20,46,52,140,60,70,130,270
12/20/2018,AMA,TX,ASW,WE,Combined TRACON& Tower with Radar,21,17,42,40,120,0,0,9,1,10,21,17,51,41,130,26,118,144,274
12/21/2018,AMA,TX,ASW,WE,Combined TRACON& Tower with Radar,22,20,21,9,72,0,1,12,2,15,22,21,33,11,87,58,0,58,145
12/22/2018,AMA,TX,ASW,WE,Combined TRACON& Tower with Radar,20,16,20,0,56,0,1,17,0,18,20,17,37,0,74,0,0,0,74
12/23/2018,AMA,TX,ASW,WE,Combined TRACON& Tower with Radar,22,26,10,4,62,0,0,8,0,8,22,26,18,4,70,0,0,0,70
12/24/2018,AMA,TX,ASW,WE,Combined TRACON& Tower with Radar,22,14,4,0,40,0,2,13,0,15,22,16,17,0,55,14,0,14,69
12/25/2018,AMA,TX,ASW,WE,Combined TRACON& Tower with Radar,20,6,4,0,30,0,1,0,0,1,20,7,4,0,31,0,0,0,31
12/26/2018,AMA,TX,ASW,WE,Combined TRACON& Tower with Radar,16,16,8,2,42,0,0,0,0,0,16,16,8,2,42,0,0,0,42
12/27/2018,AMA,TX,ASW,WE,Combined TRACON& Tower with Radar,20,24,21,0,65,0,1,6,0,7,20,25,27,0,72,0,0,0,72
12/28/2018,AMA,TX,ASW,WE,Combined TRACON& Tower with Radar,21,23,21,0,65,0,0,2,0,2,21,23,23,0,67,6,0,6,73
12/29/2018,AMA,TX,ASW,WE,Combined TRACON& Tower with Radar,18,28,14,0,60,0,0,14,0,14,18,28,28,0,74,0,0,0,74
12/30/2018,AMA,TX,ASW,WE,Combined TRACON& Tower with Radar,21,17,17,0,55,0,2,16,0,18,21,19,33,0,73,0,0,0,73
12/31/2018,AMA,TX,ASW,WE,Combined TRACON& Tower with Radar,23,20,9,0,52,0,0,3,0,3,23,20,12,0,55,0,0,0,55
01/01/2019,AMA,TX,ASW,WE,Combined TRACON& Tower with Radar,20,15,6,0,41,0,0,1,0,1,20,15,7,0,42,0,0,0,42
01/02/2019,AMA,TX,ASW,WE,Combined TRACON& Tower with Radar,23,22,26,1,72,0,0,8,0,8,23,22,34,1,80,40,0,40,120
01/03/2019,AMA,TX,ASW,WE,Combined TRACON& Tower with Radar,23,15,17,4,59,0,0,11,1,12,23,15,28,5,71,12,14,26,97
01/04/2019,AMA,TX,ASW,WE,Combined TRACON& Tower with Radar,25,18,36,23,102,0,2,32,2,36,25,20,68,25,138,40,26,66,204
01/05/2019,AMA,TX,ASW,WE,Combined TRACON& Tower with Radar,17,19,17,23,76,0,1,33,45,79,17,20,50,68,155,0,0,0,155
01/06/2019,AMA,TX,ASW,WE,Combined TRACON& Tower with Radar,21,15,13,4,53,0,0,7,2,9,21,15,20,6,62,4,0,4,66
01/07/2019,AMA,TX,ASW,WE,Combined TRACON& Tower with Radar,23,16,26,33,98,0,2,10,2,14,23,18,36,35,112,0,68,68,180
01/08/2019,AMA,TX,ASW,WE,Combined TRACON& Tower with Radar,22,14,42,26,104,0,0,29,4,33,22,14,71,30,137,42,26,68,205
01/09/2019,AMA,TX,ASW,WE,Combined TRACON& Tower with Radar,24,16,17,2,59,0,0,22,3,25,24,16,39,5,84,44,4,48,132
01/10/2019,AMA,TX,ASW,WE,Combined TRACON& Tower with Radar,23,16,18,40,97,0,2,20,5,27,23,18,38,45,124,38,50,88,212
01/11/2019,AMA,TX,ASW,WE,Combined TRACON& Tower with Radar,23,25,40,14,102,0,0,0,0,0,23,25,40,14,102,0,0,0,102
01/12/2019,AMA,TX,ASW,WE,Combined TRACON& Tower with Radar,16,14,14,13,57,0,2,2,0,4,16,16,16,13,61,0,0,0,61
01/13/2019,AMA,TX,ASW,WE,Combined TRACON& Tower with Radar,17,21,7,2,47,0,0,0,0,0,17,21,7,2,47,0,0,0,47
01/14/2019,AMA,TX,ASW,WE,Combined TRACON& Tower with Radar,26,19,55,75,175,0,2,26,5,33,26,21,81,80,208,28,232,260,468
01/15/2019,AMA,TX,ASW,WE,Combined TRACON& Tower with Radar,24,19,76,77,196,0,0,17,3,20,24,19,93,80,216,40,234,274,490
01/16/2019,AMA,TX,ASW,WE,Combined TRACON& Tower with Radar,23,10,21,34,88,0,0,5,1,6,23,10,26,35,94,34,56,90,184
01/17/2019,AMA,TX,ASW,WE,Combined TRACON& Tower with Radar,24,19,69,65,177,0,0,26,2,28,24,19,95,67,205,46,204,250,455
01/18/2019,AMA,TX,ASW,WE,Combined TRACON& Tower with Radar,27,16,24,66,133,0,0,2,6,8,27,16,26,72,141,0,72,72,213
01/19/2019,AMA,TX,ASW,WE,Combined TRACON& Tower with Radar,16,12,17,16,61,0,1,9,2,12,16,13,26,18,73,0,0,0,73
01/20/2019,AMA,TX,ASW,WE,Combined TRACON& Tower with Radar,23,12,14,2,51,0,2,16,1,19,23,14,30,3,70,50,0,50,120
01/21/2019,AMA,TX,ASW,WE,Combined TRACON& Tower with Radar,23,23,17,14,77,0,0,3,0,3,23,23,20,14,80,0,0,0,80
01/22/2019,AMA,TX,ASW,WE,Combined TRACON& Tower with Radar,25,23,12,8,68,0,0,1,0,1,25,23,13,8,69,0,0,0,69
01/23/2019,AMA,TX,ASW,WE,Combined TRACON& Tower with Radar,25,14,38,53,130,0,1,18,7,26,25,15,56,60,156,66,42,108,264
01/24/2019,AMA,TX,ASW,WE,Combined TRACON& Tower with Radar,25,25,26,25,101,0,2,10,3,15,25,27,36,28,116,24,44,68,184
01/25/2019,AMA,TX,ASW,WE,Combined TRACON& Tower with Radar,26,15,24,54,119,0,1,20,9,30,26,16,44,63,149,48,48,96,245
01/26/2019,AMA,TX,ASW,WE,Combined TRACON& Tower with Radar,17,12,23,43,95,0,0,25,5,30,17,12,48,48,125,48,42,90,215
01/27/2019,AMA,TX,ASW,WE,Combined TRACON& Tower with Radar,23,17,16,25,81,0,1,12,3,16,23,18,28,28,97,16,12,28,125
01/28/2019,AMA,TX,ASW,WE,Combined TRACON& Tower with Radar,23,17,22,16,78,0,0,4,0,4,23,17,26,16,82,0,0,0,82
01/29/2019,AMA,TX,ASW,WE,Combined TRACON& Tower with Radar,27,18,28,35,108,0,0,16,1,17,27,18,44,36,125,72,16,88,213
01/30/2019,AMA,TX,ASW,WE,Combined TRACON& Tower with Radar,24,14,19,53,110,0,0,18,1,19,24,14,37,54,129,22,46,68,197
01/31/2019,AMA,TX,ASW,WE,Combined TRACON& Tower with Radar,22,15,49,70,156,0,4,27,0,31,22,19,76,70,187,54,60,114,301
02/01/2019,AMA,TX,ASW,WE,Combined TRACON& Tower with Radar,25,26,59,104,214,0,1,22,18,41,25,27,81,122,255,20,196,216,471
02/02/2019,AMA,TX,ASW,WE,Combined TRACON& Tower with Radar,28,20,23,27,98,0,2,20,10,32,28,22,43,37,130,0,0,0,130
02/03/2019,AMA,TX,ASW,WE,Combined TRACON& Tower with Radar,18,17,30,37,102,0,0,3,3,6,18,17,33,40,108,0,50,50,158
02/04/2019,AMA,TX,ASW,WE,Combined TRACON& Tower with Radar,27,15,23,38,103,0,0,14,9,23,27,15,37,47,126,48,90,138,264
02/05/2019,AMA,TX,ASW,WE,Combined TRACON& Tower with Radar,25,23,27,54,129,0,0,22,3,25,25,23,49,57,154,54,54,108,262
02/06/2019,AMA,TX,ASW,WE,Combined TRACON& Tower with Radar,27,20,38,25,110,0,2,15,1,18,27,22,53,26,128,24,10,34,162
02/07/2019,AMA,TX,ASW,WE,Combined TRACON& Tower with Radar,21,22,43,4,90,0,2,14,3,19,21,24,57,7,109,12,16,28,137
02/08/2019,AMA,TX,ASW,WE,Combined TRACON& Tower with Radar,22,20,28,42,112,0,2,7,2,11,22,22,35,44,123,0,8,8,131
02/09/2019,AMA,TX,ASW,WE,Combined TRACON& Tower with Radar,16,22,9,71,118,0,1,7,17,25,16,23,16,88,143,0,58,58,201
02/10/2019,AMA,TX,ASW,WE,Combined TRACON& Tower with Radar,23,15,39,86,163,0,2,84,18,104,23,17,123,104,267,0,0,0,267
02/11/2019,AMA,TX,ASW,WE,Combined TRACON& Tower with Radar,25,22,33,27,107,0,2,1,4,7,25,24,34,31,114,16,44,60,174
02/12/2019,AMA,TX,ASW,WE,Combined TRACON& Tower with Radar,25,18,28,43,114,0,2,30,9,41,25,20,58,52,155,50,56,106,261
02/13/2019,AMA,TX,ASW,WE,Combined TRACON& Tower with Radar,27,16,26,20,89,0,0,3,1,4,27,16,29,21,93,2,64,66,159
02/14/2019,AMA,TX,ASW,WE,Combined TRACON& Tower with Radar,27,16,21,8,72,0,0,16,2,18,27,16,37,10,90,42,0,42,132
02/15/2019,AMA,TX,ASW,WE,Combined TRACON& Tower with Radar,21,19,40,18,98,0,0,5,1,6,21,19,45,19,104,0,20,20,124
02/16/2019,AMA,TX,ASW,WE,Combined TRACON& Tower with Radar,16,19,9,0,44,0,0,3,0,3,16,19,12,0,47,0,0,0,47
02/17/2019,AMA,TX,ASW,WE,Combined TRACON& Tower with Radar,23,16,27,12,78,0,0,60,1,61,23,16,87,13,139,0,0,0,139
02/18/2019,AMA,TX,ASW,WE,Combined TRACON& Tower with Radar,22,21,20,7,70,0,5,2,0,7,22,26,22,7,77,6,0,6,83
02/19/2019,AMA,TX,ASW,WE,Combined TRACON& Tower with Radar,20,12,19,2,53,0,0,0,0,0,20,12,19,2,53,0,0,0,53
02/20/2019,AMA,TX,ASW,WE,Combined TRACON& Tower with Radar,27,25,30,4,86,0,0,29,4,33,27,25,59,8,119,58,22,80,199
02/21/2019,AMA,TX,ASW,WE,Combined TRACON& Tower with Radar,20,26,23,15,84,0,3,5,6,14,20,29,28,21,98,4,4,8,106
02/22/2019,AMA,TX,ASW,WE,Combined TRACON& Tower with Radar,23,22,27,9,81,0,0,3,0,3,23,22,30,9,84,0,0,0,84
02/23/2019,AMA,TX,ASW,WE,Combined TRACON& Tower with Radar,17,8,15,3,43,0,0,1,2,3,17,8,16,5,46,0,0,0,46
02/24/2019,AMA,TX,ASW,WE,Combined TRACON& Tower with Radar,22,10,35,23,90,0,2,50,22,74,22,12,85,45,164,0,0,0,164
02/25/2019,AMA,TX,ASW,WE,Combined TRACON& Tower with Radar,25,16,19,25,85,0,1,14,1,16,25,17,33,26,101,50,62,112,213
02/26/2019,AMA,TX,ASW,WE,Combined TRACON& Tower with Radar,23,17,25,29,94,0,1,20,2,23,23,18,45,31,117,24,74,98,215
02/27/2019,AMA,TX,ASW,WE,Combined TRACON& Tower with Radar,25,18,30,15,88,0,0,10,2,12,25,18,40,17,100,30,62,92,192
02/28/2019,AMA,TX,ASW,WE,Combined TRACON& Tower with Radar,21,30,30,48,129,0,5,19,1,25,21,35,49,49,154,85,48,133,287
03/01/2019,AMA,TX,ASW,WE,Combined TRACON& Tower with Radar,24,16,53,97,190,0,6,20,6,32,24,22,73,103,222,46,110,156,378
03/02/2019,AMA,TX,ASW,WE,Combined TRACON& Tower with Radar,15,11,38,3,67,0,0,2,1,3,15,11,40,4,70,0,6,6,76
03/03/2019,AMA,TX,ASW,WE,Combined TRACON& Tower with Radar,27,18,17,0,62,0,0,0,0,0,27,18,17,0,62,4,0,4,66
03/04/2019,AMA,TX,ASW,WE,Combined TRACON& Tower with Radar,25,23,11,4,63,0,0,1,4,5,25,23,12,8,68,0,0,0,68
03/05/2019,AMA,TX,ASW,WE,Combined TRACON& Tower with Radar,25,19,18,21,83,0,2,25,7,34,25,21,43,28,117,48,46,94,211
03/06/2019,AMA,TX,ASW,WE,Combined TRACON& Tower with Radar,23,19,28,32,102,0,0,5,6,11,23,19,33,38,113,0,22,22,135
03/07/2019,AMA,TX,ASW,WE,Combined TRACON& Tower with Radar,25,16,31,18,90,0,0,10,5,15,25,16,41,23,105,10,10,20,125
03/08/2019,AMA,TX,ASW,WE,Combined TRACON& Tower with Radar,27,24,42,101,194,0,0,12,5,17,27,24,54,106,211,32,56,88,299
03/09/2019,AMA,TX,ASW,WE,Combined TRACON& Tower with Radar,15,26,33,28,102,0,0,16,9,25,15,26,49,37,127,24,36,60,187
03/10/2019,AMA,TX,ASW,WE,Combined TRACON& Tower with Radar,22,19,36,32,109,0,0,18,4,22,22,19,54,36,131,71,2,73,204
03/11/2019,AMA,TX,ASW,WE,Combined TRACON& Tower with Radar,24,26,25,2,77,0,0,0,0,0,24,26,25,2,77,0,0,0,77
03/12/2019,AMA,TX,ASW,WE,Combined TRACON& Tower with Radar,26,22,9,0,57,0,0,0,0,0,26,22,9,0,57,0,0,0,57
03/13/2019,AMA,TX,ASW,WE,Combined TRACON& Tower with Radar,14,9,11,6,40,0,0,2,1,3,14,9,13,7,43,0,0,0,43
03/14/2019,AMA,TX,ASW,WE,Combined TRACON& Tower with Radar,23,24,32,17,96,0,1,12,4,17,23,25,44,21,113,2,52,54,167
03/15/2019,AMA,TX,ASW,WE,Combined TRACON& Tower with Radar,22,20,36,15,93,0,2,38,3,43,22,22,74,18,136,114,20,134,270
03/16/2019,AMA,TX,ASW,WE,Combined TRACON& Tower with Radar,19,12,25,2,58,0,1,21,2,24,19,13,46,4,82,0,0,0,82
03/17/2019,AMA,TX,ASW,WE,Combined TRACON& Tower with Radar,23,17,32,12,84,0,1,14,2,17,23,18,46,14,101,92,6,98,199
03/18/2019,AMA,TX,ASW,WE,Combined TRACON& Tower with Radar,23,19,28,14,84,0,2,18,5,25,23,21,46,19,109,108,4,112,221
03/19/2019,AMA,TX,ASW,WE,Combined TRACON& Tower with Radar,23,19,24,42,108,0,0,11,0,11,23,19,35,42,119,26,64,90,209
03/20/2019,AMA,TX,ASW,WE,Combined TRACON& Tower with Radar,23,21,44,32,120,0,0,22,4,26,23,21,66,36,146,32,14,46,192
03/21/2019,AMA,TX,ASW,WE,Combined TRACON& Tower with Radar,23,25,29,48,125,0,2,20,10,32,23,27,49,58,157,40,88,128,285
03/22/2019,AMA,TX,ASW,WE,Combined TRACON& Tower with Radar,23,19,6,3,51,0,0,1,1,2,23,19,7,4,53,0,0,0,53
03/23/2019,AMA,TX,ASW,WE,Combined TRACON& Tower with Radar,16,14,31,28,89,0,0,27,3,30,16,14,58,31,119,88,32,120,239
03/24/2019,AMA,TX,ASW,WE,Combined TRACON& Tower with Radar,23,13,15,1,52,0,0,15,18,33,23,13,30,19,85,0,0,0,85
03/25/2019,AMA,TX,ASW,WE,Combined TRACON& Tower with Radar,24,19,43,66,152,0,0,14,4,18,24,19,57,70,170,2,0,2,172
03/26/2019,AMA,TX,ASW,WE,Combined TRACON& Tower with Radar,23,24,29,17,93,0,0,13,3,16,23,24,42,20,109,0,10,10,119
03/27/2019,AMA,TX,ASW,WE,Combined TRACON& Tower with Radar,23,17,21,17,78,0,0,2,9,11,23,17,23,26,89,34,26,60,149
03/28/2019,AMA,TX,ASW,WE,Combined TRACON& Tower with Radar,23,19,43,60,145,0,0,14,8,22,23,19,57,68,167,52,60,112,279
03/29/2019,AMA,TX,ASW,WE,Combined TRACON& Tower with Radar,23,21,58,114,216,0,2,15,8,25,23,23,73,122,241,0,48,48,289
03/30/2019,AMA,TX,ASW,WE,Combined TRACON& Tower with Radar,14,20,10,24,68,0,0,2,1,3,14,20,12,25,71,0,0,0,71
03/31/2019,AMA,TX,ASW,WE,Combined TRACON& Tower with Radar,26,14,27,4,71,0,0,15,2,17,26,14,42,6,88,10,0,10,98
04/01/2019,AMA,TX,ASW,WE,Combined TRACON& Tower with Radar,21,17,22,35,95,0,0,10,3,13,21,17,32,38,108,8,110,118,226
04/02/2019,AMA,TX,ASW,WE,Combined TRACON& Tower with Radar,23,17,16,36,92,0,0,18,7,25,23,17,34,43,117,20,32,52,169
04/03/2019,AMA,TX,ASW,WE,Combined TRACON& Tower with Radar,23,21,18,29,91,0,0,10,4,14,23,21,28,33,105,0,0,0,105
04/04/2019,AMA,TX,ASW,WE,Combined TRACON& Tower with Radar,27,16,60,55,158,0,0,18,1,19,27,16,78,56,177,42,32,74,251
04/05/2019,AMA,TX,ASW,WE,Combined TRACON& Tower with Radar,24,21,50,53,148,0,2,4,8,14,24,23,54,61,162,8,66,74,236
04/06/2019,AMA,TX,ASW,WE,Combined TRACON& Tower with Radar,15,10,11,38,74,0,0,13,11,24,15,10,24,49,98,12,28,40,138
04/07/2019,AMA,TX,ASW,WE,Combined TRACON& Tower with Radar,22,7,48,35,112,0,0,31,6,37,22,7,79,41,149,0,0,0,149
04/08/2019,AMA,TX,ASW,WE,Combined TRACON& Tower with Radar,26,12,29,20,87,0,3,13,3,19,26,15,42,23,106,0,0,0,106
04/09/2019,AMA,TX,ASW,WE,Combined TRACON& Tower with Radar,22,20,19,45,106,0,4,12,3,19,22,24,31,48,125,34,18,52,177
04/10/2019,AMA,TX,ASW,WE,Combined TRACON& Tower with Radar,19,15,11,4,49,0,0,3,6,9,19,15,14,10,58,26,0,26,84
04/11/2019,AMA,TX,ASW,WE,Combined TRACON& Tower with Radar,23,17,31,23,94,0,4,9,7,20,23,21,40,30,114,8,4,12,126
04/12/2019,AMA,TX,ASW,WE,Combined TRACON& Tower with Radar,26,25,21,45,117,0,0,13,7,20,26,25,34,52,137,52,18,70,207
04/13/2019,AMA,TX,ASW,WE,Combined TRACON& Tower with Radar,15,8,2,0,25,0,0,0,0,0,15,8,2,0,25,0,0,0,25
04/14/2019,AMA,TX,ASW,WE,Combined TRACON& Tower with Radar,25,11,24,34,94,0,4,74,19,97,25,15,98,53,191,0,0,0,191
04/15/2019,AMA,TX,ASW,WE,Combined TRACON& Tower with Radar,24,21,37,37,119,0,2,22,0,24,24,23,59,37,143,8,20,28,171
04/16/2019,AMA,TX,ASW,WE,Combined TRACON& Tower with Radar,22,18,23,25,88,0,0,10,4,14,22,18,33,29,102,32,48,80,182
04/17/2019,AMA,TX,ASW,WE,Combined TRACON& Tower with Radar,17,18,15,25,75,0,0,6,1,7,17,18,21,26,82,22,24,46,128
04/18/2019,AMA,TX,ASW,WE,Combined TRACON& Tower with Radar,23,13,11,4,51,0,2,9,1,12,23,15,20,5,63,22,0,22,85
04/19/2019,AMA,TX,ASW,WE,Combined TRACON& Tower with Radar,25,22,33,1,81,0,0,23,3,26,25,22,56,4,107,80,0,80,187
04/20/2019,AMA,TX,ASW,WE,Combined TRACON& Tower with Radar,15,18,11,12,56,0,0,12,1,13,15,18,23,13,69,22,4,26,95
04/21/2019,AMA,TX,ASW,WE,Combined TRACON& Tower with Radar,24,8,12,1,45,0,1,6,0,7,24,9,18,1,52,0,0,0,52
04/22/2019,AMA,TX,ASW,WE,Combined TRACON& Tower with Radar,28,16,27,47,118,0,2,4,9,15,28,18,31,56,133,18,108,126,259
04/23/2019,AMA,TX,ASW,WE,Combined TRACON& Tower with Radar,20,22,57,36,135,0,1,1,2,4,20,23,58,38,139,0,72,72,211
04/24/2019,AMA,TX,ASW,WE,Combined TRACON& Tower with Radar,20,22,64,34,140,0,1,26,7,34,20,23,90,41,174,88,48,136,310
04/25/2019,AMA,TX,ASW,WE,Combined TRACON& Tower with Radar,27,23,50,9,109,0,0,14,3,17,27,23,64,12,126,34,0,34,160
04/26/2019,AMA,TX,ASW,WE,Combined TRACON& Tower with Radar,29,18,21,44,112,0,0,14,3,17,29,18,35,47,129,4,14,18,147
04/27/2019,AMA,TX,ASW,WE,Combined TRACON& Tower with Radar,15,12,12,1,40,0,2,7,5,14,15,14,19,6,54,26,0,26,80
04/28/2019,AMA,TX,ASW,WE,Combined TRACON& Tower with Radar,24,14,23,21,82,0,0,11,6,17,24,14,34,27,99,30,12,42,141
04/29/2019,AMA,TX,ASW,WE,Combined TRACON& Tower with Radar,24,15,48,109,196,0,0,2,2,4,24,15,50,111,200,0,0,0,200
04/30/2019,AMA,TX,ASW,WE,Combined TRACON& Tower with Radar,17,21,15,35,88,0,0,1,7,8,17,21,16,42,96,8,106,114,210
05/01/2019,AMA,TX,ASW,WE,Combined TRACON& Tower with Radar,21,25,58,76,180,0,2,12,6,20,21,27,70,82,200,18,92,110,310
05/02/2019,AMA,TX,ASW,WE,Combined TRACON& Tower with Radar,23,17,13,11,64,0,0,3,0,3,23,17,16,11,67,0,0,0,67
05/03/2019,AMA,TX,ASW,WE,Combined TRACON& Tower with Radar,0,12,3,1,16,0,1,0,2,3,0,13,3,3,19,0,0,0,19
05/04/2019,AMA,TX,ASW,WE,Combined TRACON& Tower with Radar,18,19,15,55,107,0,0,10,8,18,18,19,25,63,125,24,6,30,155
05/05/2019,AMA,TX,ASW,WE,Combined TRACON& Tower with Radar,30,11,45,25,111,0,1,10,2,13,30,12,55,27,124,8,30,38,162
05/06/2019,AMA,TX,ASW,WE,Combined TRACON& Tower with Radar,24,18,22,18,82,0,2,14,3,19,24,20,36,21,101,16,0,16,117
05/07/2019,AMA,TX,ASW,WE,Combined TRACON& Tower with Radar,23,16,18,24,81,0,0,2,3,5,23,16,20,27,86,0,12,12,98
05/08/2019,AMA,TX,ASW,WE,Combined TRACON& Tower with Radar,16,16,41,55,128,0,1,3,7,11,16,17,44,62,139,32,34,66,205
05/09/2019,AMA,TX,ASW,WE,Combined TRACON& Tower with Radar,23,14,45,58,140,0,0,2,2,4,23,14,47,60,144,16,0,16,160
05/10/2019,AMA,TX,ASW,WE,Combined TRACON& Tower with Radar,24,20,40,11,95,0,0,2,2,4,24,20,42,13,99,14,0,14,113
05/11/2019,AMA,TX,ASW,WE,Combined TRACON& Tower with Radar,16,16,18,4,54,0,0,11,0,11,16,16,29,4,65,38,0,38,103
05/12/2019,AMA,TX,ASW,WE,Combined TRACON& Tower with Radar,27,15,22,19,83,0,0,24,16,40,27,15,46,35,123,0,0,0,123
05/13/2019,AMA,TX,ASW,WE,Combined TRACON& Tower with Radar,35,14,17,21,87,0,0,41,1,42,35,14,58,22,129,0,0,0,129
05/14/2019,AMA,TX,ASW,WE,Combined TRACON& Tower with Radar,23,18,38,34,113,0,0,29,2,31,23,18,67,36,144,102,8,110,254
05/15/2019,AMA,TX,ASW,WE,Combined TRACON& Tower with Radar,24,17,43,38,122,0,0,22,6,28,24,17,65,44,150,76,34,110,260
05/16/2019,AMA,TX,ASW,WE,Combined TRACON& Tower with Radar,25,26,27,18,96,0,1,14,6,21,25,27,41,24,117,18,14,32,149
05/17/2019,AMA,TX,ASW,WE,Combined TRACON& Tower with Radar,24,16,39,58,137,0,0,8,3,11,24,16,47,61,148,18,0,18,166
05/18/2019,AMA,TX,ASW,WE,Combined TRACON& Tower with Radar,19,9,24,4,56,0,2,8,1,11,19,11,32,5,67,20,0,20,87
05/19/2019,AMA,TX,ASW,WE,Combined TRACON& Tower with Radar,25,14,40,18,97,0,0,28,12,40,25,14,68,30,137,0,0,0,137
05/20/2019,AMA,TX,ASW,WE,Combined TRACON& Tower with Radar,23,14,40,15,92,0,0,0,0,0,23,14,40,15,92,0,0,0,92
05/21/2019,AMA,TX,ASW,WE,Combined TRACON& Tower with Radar,23,22,41,11,97,0,2,13,3,18,23,24,54,14,115,16,22,38,153
05/22/2019,AMA,TX,ASW,WE,Combined TRACON& Tower with Radar,24,22,23,39,108,0,15,21,10,46,24,37,44,49,154,50,24,74,228
05/23/2019,AMA,TX,ASW,WE,Combined TRACON& Tower with Radar,24,19,11,6,60,0,0,3,1,4,24,19,14,7,64,2,20,22,86
05/24/2019,AMA,TX,ASW,WE,Combined TRACON& Tower with Radar,23,17,14,2,56,0,1,4,1,6,23,18,18,3,62,4,0,4,66
05/25/2019,AMA,TX,ASW,WE,Combined TRACON& Tower with Radar,17,19,25,2,63,0,0,1,0,1,17,19,26,2,64,8,0,8,72
05/26/2019,AMA,TX,ASW,WE,Combined TRACON& Tower with Radar,20,13,6,0,39,0,0,1,1,2,20,13,7,1,41,0,0,0,41
05/27/2019,AMA,TX,ASW,WE,Combined TRACON& Tower with Radar,22,11,20,0,53,0,1,15,4,20,22,12,35,4,73,12,0,12,85
05/28/2019,AMA,TX,ASW,WE,Combined TRACON& Tower with Radar,24,19,60,48,151,0,5,11,3,19,24,24,71,51,170,34,70,104,274
05/29/2019,AMA,TX,ASW,WE,Combined TRACON& Tower with Radar,16,21,60,68,165,0,2,16,9,27,16,23,76,77,192,14,30,44,236
05/30/2019,AMA,TX,ASW,WE,Combined TRACON& Tower with Radar,26,19,22,25,92,0,2,16,10,28,26,21,38,35,120,66,14,80,200
05/31/2019,AMA,TX,ASW,WE,Combined TRACON& Tower with Radar,25,18,46,15,104,0,4,17,6,27,25,22,63,21,131,36,58,94,225
06/01/2019,AMA,TX,ASW,WE,Combined TRACON& Tower with Radar,17,13,12,2,44,0,0,10,1,11,17,13,22,3,55,64,0,64,119
06/02/2019,AMA,TX,ASW,WE,Combined TRACON& Tower with Radar,26,15,14,1,56,0,0,98,8,106,26,15,112,9,162,0,0,0,162
06/03/2019,AMA,TX,ASW,WE,Combined TRACON& Tower with Radar,28,21,13,20,82,0,1,25,1,27,28,22,38,21,109,26,0,26,135
06/04/2019,AMA,TX,ASW,WE,Combined TRACON& Tower with Radar,32,16,34,3,85,0,0,21,2,23,32,16,55,5,108,40,8,48,156
06/05/2019,AMA,TX,ASW,WE,Combined TRACON& Tower with Radar,22,21,18,14,75,0,2,5,7,14,22,23,23,21,89,98,26,124,213
06/06/2019,AMA,TX,ASW,WE,Combined TRACON& Tower with Radar,25,16,23,8,72,0,0,4,1,5,25,16,27,9,77,68,32,100,177
06/07/2019,AMA,TX,ASW,WE,Combined TRACON& Tower with Radar,24,17,63,24,128,0,2,24,7,33,24,19,87,31,161,42,106,148,309
06/08/2019,AMA,TX,ASW,WE,Combined TRACON& Tower with Radar,18,13,15,1,47,0,1,22,3,26,18,14,37,4,73,0,0,0,73
06/09/2019,AMA,TX,ASW,WE,Combined TRACON& Tower with Radar,12,10,13,0,35,0,0,1,0,1,12,10,14,0,36,0,0,0,36
06/10/2019,AMA,TX,ASW,WE,Combined TRACON& Tower with Radar,21,16,43,23,103,0,2,12,6,20,21,18,55,29,123,38,40,78,201
06/11/2019,AMA,TX,ASW,WE,Combined TRACON& Tower with Radar,21,12,44,17,94,0,0,16,2,18,21,12,60,19,112,30,58,88,200
06/12/2019,AMA,TX,ASW,WE,Combined TRACON& Tower with Radar,22,23,20,19,84,0,1,14,2,17,22,24,34,21,101,38,0,38,139
06/13/2019,AMA,TX,ASW,WE,Combined TRACON& Tower with Radar,22,13,13,24,72,0,4,5,3,12,22,17,18,27,84,10,6,16,100
06/14/2019,AMA,TX,ASW,WE,Combined TRACON& Tower with Radar,24,18,49,51,142,0,0,14,0,14,24,18,63,51,156,8,160,168,324
06/15/2019,AMA,TX,ASW,WE,Combined TRACON& Tower with Radar,22,15,9,1,47,0,2,6,0,8,22,17,15,1,55,4,0,4,59
06/16/2019,AMA,TX,ASW,WE,Combined TRACON& Tower with Radar,29,12,15,43,99,0,3,66,56,125,29,15,81,99,224,0,0,0,224
06/17/2019,AMA,TX,ASW,WE,Combined TRACON& Tower with Radar,23,18,32,14,87,0,0,5,2,7,23,18,37,16,94,32,114,146,240
06/18/2019,AMA,TX,ASW,WE,Combined TRACON& Tower with Radar,23,18,26,12,79,0,0,16,0,16,23,18,42,12,95,26,12,38,133
06/19/2019,AMA,TX,ASW,WE,Combined TRACON& Tower with Radar,20,23,49,11,103,0,2,98,37,137,20,25,147,48,240,22,0,22,262
06/20/2019,AMA,TX,ASW,WE,Combined TRACON& Tower with Radar,20,18,43,31,112,0,0,14,12,26,20,18,57,43,138,18,34,52,190
06/21/2019,AMA,TX,ASW,WE,Combined TRACON& Tower with Radar,21,23,27,35,106,0,0,18,0,18,21,23,45,35,124,48,16,64,188
06/22/2019,AMA,TX,ASW,WE,Combined TRACON& Tower with Radar,21,19,9,14,63,0,5,14,0,19,21,24,23,14,82,8,26,34,116
06/23/2019,AMA,TX,ASW,WE,Combined TRACON& Tower with Radar,20,13,46,30,109,0,1,39,15,55,20,14,85,45,164,0,0,0,164
06/24/2019,AMA,TX,ASW,WE,Combined TRACON& Tower with Radar,23,16,18,0,57,0,0,21,0,21,23,16,39,0,78,48,0,48,126
06/25/2019,AMA,TX,ASW,WE,Combined TRACON& Tower with Radar,33,14,17,20,84,0,2,14,0,16,33,16,31,20,100,14,44,58,158
06/26/2019,AMA,TX,ASW,WE,Combined TRACON& Tower with Radar,24,19,33,28,104,0,2,40,21,63,24,21,73,49,167,0,0,0,167
06/27/2019,AMA,TX,ASW,WE,Combined TRACON& Tower with Radar,21,22,19,5,67,0,4,27,10,41,21,26,46,15,108,30,0,30,138
06/28/2019,AMA,TX,ASW,WE,Combined TRACON& Tower with Radar,24,20,17,17,78,0,1,24,2,27,24,21,41,19,105,62,10,72,177
06/29/2019,AMA,TX,ASW,WE,Combined TRACON& Tower with Radar,21,14,24,36,95,0,3,20,9,32,21,17,44,45,127,48,22,70,197
06/30/2019,AMA,TX,ASW,WE,Combined TRACON& Tower with Radar,25,16,8,20,69,0,4,11,0,15,25,20,19,20,84,0,0,0,84
07/01/2019,AMA,TX,ASW,WE,Combined TRACON& Tower with Radar,20,20,22,6,68,0,4,62,10,76,20,24,84,16,144,0,0,0,144
07/02/2019,AMA,TX,ASW,WE,Combined TRACON& Tower with Radar,19,14,15,5,53,0,0,10,0,10,19,14,25,5,63,12,34,46,109
07/03/2019,AMA,TX,ASW,WE,Combined TRACON& Tower with Radar,18,27,19,16,80,0,2,119,52,173,18,29,138,68,253,0,0,0,253
07/04/2019,AMA,TX,ASW,WE,Combined TRACON& Tower with Radar,16,13,3,0,32,0,2,8,0,10,16,15,11,0,42,30,0,30,72
07/05/2019,AMA,TX,ASW,WE,Combined TRACON& Tower with Radar,18,16,9,0,43,0,2,12,0,14,18,18,21,0,57,62,0,62,119
07/06/2019,AMA,TX,ASW,WE,Combined TRACON& Tower with Radar,21,12,8,0,41,0,0,4,0,4,21,12,12,0,45,2,0,2,47
07/07/2019,AMA,TX,ASW,WE,Combined TRACON& Tower with Radar,25,14,19,0,58,0,0,9,0,9,25,14,28,0,67,0,0,0,67
07/08/2019,AMA,TX,ASW,WE,Combined TRACON& Tower with Radar,21,16,27,15,79,0,2,47,16,65,21,18,74,31,144,0,0,0,144
07/09/2019,AMA,TX,ASW,WE,Combined TRACON& Tower with Radar,22,15,25,16,78,0,1,22,2,25,22,16,47,18,103,72,10,82,185
07/10/2019,AMA,TX,ASW,WE,Combined TRACON& Tower with Radar,21,16,24,26,87,0,0,16,3,19,21,16,40,29,106,0,0,0,106
07/11/2019,AMA,TX,ASW,WE,Combined TRACON& Tower with Radar,20,16,15,17,68,0,1,28,3,32,20,17,43,20,100,26,64,90,190
07/12/2019,AMA,TX,ASW,WE,Combined TRACON& Tower with Radar,24,14,26,56,120,0,2,22,2,26,24,16,48,58,146,0,28,28,174
07/13/2019,AMA,TX,ASW,WE,Combined TRACON& Tower with Radar,29,17,18,2,66,0,1,11,1,13,29,18,29,3,79,58,0,58,137
07/14/2019,AMA,TX,ASW,WE,Combined TRACON& Tower with Radar,23,10,22,10,65,0,2,28,2,32,23,12,50,12,97,12,6,18,115
07/15/2019,AMA,TX,ASW,WE,Combined TRACON& Tower with Radar,22,19,23,8,72,0,5,42,4,51,22,24,65,12,123,0,0,0,123
07/16/2019,AMA,TX,ASW,WE,Combined TRACON& Tower with Radar,20,21,16,3,60,0,1,15,1,17,20,22,31,4,77,57,4,61,138
07/17/2019,AMA,TX,ASW,WE,Combined TRACON& Tower with Radar,22,22,26,20,90,0,7,157,0,164,22,29,183,20,254,0,0,0,254
07/18/2019,AMA,TX,ASW,WE,Combined TRACON& Tower with Radar,21,14,30,46,111,0,0,11,0,11,21,14,41,46,122,10,4,14,136
07/19/2019,AMA,TX,ASW,WE,Combined TRACON& Tower with Radar,21,17,28,36,102,0,2,16,3,21,21,19,44,39,123,6,0,6,129
07/20/2019,AMA,TX,ASW,WE,Combined TRACON& Tower with Radar,20,13,18,5,56,0,0,10,2,12,20,13,28,7,68,0,16,16,84
07/21/2019,AMA,TX,ASW,WE,Combined TRACON& Tower with Radar,25,18,17,3,63,0,1,11,0,12,25,19,28,3,75,0,0,0,75
07/22/2019,AMA,TX,ASW,WE,Combined TRACON& Tower with Radar,26,20,15,28,89,0,0,7,3,10,26,20,22,31,99,20,8,28,127
07/23/2019,AMA,TX,ASW,WE,Combined TRACON& Tower with Radar,25,14,38,58,135,0,3,19,6,28,25,17,57,64,163,88,30,118,281
07/24/2019,AMA,TX,ASW,WE,Combined TRACON& Tower with Radar,22,20,11,23,76,0,0,16,7,23,22,20,27,30,99,114,6,120,219
07/25/2019,AMA,TX,ASW,WE,Combined TRACON& Tower with Radar,24,21,9,35,89,0,4,23,2,29,24,25,32,37,118,104,34,138,256
07/26/2019,AMA,TX,ASW,WE,Combined TRACON& Tower with Radar,24,18,13,25,80,0,5,19,6,30,24,23,32,31,110,38,22,60,170
07/27/2019,AMA,TX,ASW,WE,Combined TRACON& Tower with Radar,19,21,9,5,54,0,0,15,3,18,19,21,24,8,72,0,0,0,72
07/28/2019,AMA,TX,ASW,WE,Combined TRACON& Tower with Radar,22,13,13,35,83,0,0,13,2,15,22,13,26,37,98,2,30,32,130
07/29/2019,AMA,TX,ASW,WE,Combined TRACON& Tower with Radar,21,18,26,25,90,0,1,9,9,19,21,19,35,34,109,0,14,14,123
07/30/2019,AMA,TX,ASW,WE,Combined TRACON& Tower with Radar,30,18,15,25,88,0,1,19,4,24,30,19,34,29,112,54,36,90,202
07/31/2019,AMA,TX,ASW,WE,Combined TRACON& Tower with Radar,23,23,16,41,103,0,1,14,1,16,23,24,30,42,119,36,10,46,165
08/01/2019,AMA,TX,ASW,WE,Combined TRACON& Tower with Radar,24,16,14,16,70,0,1,4,2,7,24,17,18,18,77,76,6,82,159
08/02/2019,AMA,TX,ASW,WE,Combined TRACON& Tower with Radar,24,21,16,29,90,0,0,14,1,15,24,21,30,30,105,38,2,40,145
08/03/2019,AMA,TX,ASW,WE,Combined TRACON& Tower with Radar,20,15,11,0,46,0,3,13,3,19,20,18,24,3,65,36,0,36,101
08/04/2019,AMA,TX,ASW,WE,Combined TRACON& Tower with Radar,23,16,13,7,59,0,1,12,1,14,23,17,25,8,73,5,0,5,78
08/05/2019,AMA,TX,ASW,WE,Combined TRACON& Tower with Radar,24,16,13,13,66,0,1,11,0,12,24,17,24,13,78,78,0,78,156
08/06/2019,AMA,TX,ASW,WE,Combined TRACON& Tower with Radar,25,16,12,39,92,0,0,11,3,14,25,16,23,42,106,92,28,120,226
08/07/2019,AMA,TX,ASW,WE,Combined TRACON& Tower with Radar,22,24,23,15,84,0,2,14,2,18,22,26,37,17,102,56,0,56,158
08/08/2019,AMA,TX,ASW,WE,Combined TRACON& Tower with Radar,21,16,22,11,70,0,2,13,0,15,21,18,35,11,85,20,0,20,105
08/09/2019,AMA,TX,ASW,WE,Combined TRACON& Tower with Radar,24,25,14,22,85,0,1,7,1,9,24,26,21,23,94,78,2,80,174
08/10/2019,AMA,TX,ASW,WE,Combined TRACON& Tower with Radar,20,23,11,7,61,0,1,15,1,17,20,24,26,8,78,38,0,38,116
08/11/2019,AMA,TX,ASW,WE,Combined TRACON& Tower with Radar,23,16,16,0,55,0,0,9,0,9,23,16,25,0,64,0,0,0,64
08/12/2019,AMA,TX,ASW,WE,Combined TRACON& Tower with Radar,23,16,19,18,76,0,0,10,2,12,23,16,29,20,88,0,0,0,88
08/13/2019,AMA,TX,ASW,WE,Combined TRACON& Tower with Radar,22,20,26,12,80,0,2,14,0,16,22,22,40,12,96,26,8,34,130
08/14/2019,AMA,TX,ASW,WE,Combined TRACON& Tower with Radar,21,15,21,1,58,0,2,9,3,14,21,17,30,4,72,32,0,32,104
08/15/2019,AMA,TX,ASW,WE,Combined TRACON& Tower with Radar,23,17,23,12,75,0,1,4,3,8,23,18,27,15,83,14,0,14,97
08/16/2019,AMA,TX,ASW,WE,Combined TRACON& Tower with Radar,22,16,21,62,121,0,3,25,2,30,22,19,46,64,151,82,30,112,263
08/17/2019,AMA,TX,ASW,WE,Combined TRACON& Tower with Radar,19,20,16,4,59,0,2,12,2,16,19,22,28,6,75,12,0,12,87
08/18/2019,AMA,TX,ASW,WE,Combined TRACON& Tower with Radar,24,15,20,13,72,0,0,8,3,11,24,15,28,16,83,6,0,6,89
08/19/2019,AMA,TX,ASW,WE,Combined TRACON& Tower with Radar,22,18,23,14,77,0,0,5,0,5,22,18,28,14,82,4,52,56,138
08/20/2019,AMA,TX,ASW,WE,Combined TRACON& Tower with Radar,24,16,17,5,62,0,3,7,3,13,24,19,24,8,75,14,6,20,95
08/21/2019,AMA,TX,ASW,WE,Combined TRACON& Tower with Radar,19,24,24,4,71,0,1,16,0,17,19,25,40,4,88,50,16,66,154
08/22/2019,AMA,TX,ASW,WE,Combined TRACON& Tower with Radar,23,21,52,52,148,0,1,10,4,15,23,22,62,56,163,80,6,86,249
08/23/2019,AMA,TX,ASW,WE,Combined TRACON& Tower with Radar,22,15,24,33,94,0,0,13,3,16,22,15,37,36,110,96,28,124,234
08/24/2019,AMA,TX,ASW,WE,Combined TRACON& Tower with Radar,19,13,33,4,69,0,0,15,3,18,19,13,48,7,87,25,10,35,122
08/25/2019,AMA,TX,ASW,WE,Combined TRACON& Tower with Radar,26,12,30,14,82,0,5,10,6,21,26,17,40,20,103,42,16,58,161
08/26/2019,AMA,TX,ASW,WE,Combined TRACON& Tower with Radar,23,13,13,20,69,0,2,3,8,13,23,15,16,28,82,0,0,0,82
08/27/2019,AMA,TX,ASW,WE,Combined TRACON& Tower with Radar,21,18,27,4,70,0,0,8,0,8,21,18,35,4,78,6,0,6,84
08/28/2019,AMA,TX,ASW,WE,Combined TRACON& Tower with Radar,25,23,28,27,103,0,1,9,2,12,25,24,37,29,115,66,34,100,215
08/29/2019,AMA,TX,ASW,WE,Combined TRACON& Tower with Radar,23,21,31,4,79,0,2,20,1,23,23,23,51,5,102,0,0,0,102
08/30/2019,AMA,TX,ASW,WE,Combined TRACON& Tower with Radar,25,19,27,3,74,0,0,25,5,30,25,19,52,8,104,30,0,30,134
08/31/2019,AMA,TX,ASW,WE,Combined TRACON& Tower with Radar,17,14,18,1,50,0,0,17,5,22,17,14,35,6,72,0,0,0,72
09/01/2019,AMA,TX,ASW,WE,Combined TRACON& Tower with Radar,18,7,9,1,35,0,0,8,1,9,18,7,17,2,44,0,0,0,44
09/02/2019,AMA,TX,ASW,WE,Combined TRACON& Tower with Radar,25,16,19,0,60,0,1,19,0,20,25,17,38,0,80,0,0,0,80
09/03/2019,AMA,TX,ASW,WE,Combined TRACON& Tower with Radar,24,18,22,28,92,0,3,15,1,19,24,21,37,29,111,24,60,84,195
09/04/2019,AMA,TX,ASW,WE,Combined TRACON& Tower with Radar,24,15,11,19,69,0,1,14,7,22,24,16,25,26,91,32,40,72,163
09/05/2019,AMA,TX,ASW,WE,Combined TRACON& Tower with Radar,24,17,30,12,83,0,0,8,3,11,24,17,38,15,94,50,10,60,154
09/06/2019,AMA,TX,ASW,WE,Combined TRACON& Tower with Radar,23,18,25,40,106,0,0,10,0,10,23,18,35,40,116,4,46,50,166
09/07/2019,AMA,TX,ASW,WE,Combined TRACON& Tower with Radar,18,13,8,9,48,0,1,13,4,18,18,14,21,13,66,10,30,40,106
09/08/2019,AMA,TX,ASW,WE,Combined TRACON& Tower with Radar,23,12,23,3,61,0,2,16,0,18,23,14,39,3,79,0,0,0,79
09/09/2019,AMA,TX,ASW,WE,Combined TRACON& Tower with Radar,25,20,15,2,62,0,2,5,3,10,25,22,20,5,72,0,0,0,72
09/10/2019,AMA,TX,ASW,WE,Combined TRACON& Tower with Radar,23,17,17,9,66,0,6,13,0,19,23,23,30,9,85,60,0,60,145
09/11/2019,AMA,TX,ASW,WE,Combined TRACON& Tower with Radar,22,20,26,19,87,0,7,6,4,17,22,27,32,23,104,32,4,36,140
09/12/2019,AMA,TX,ASW,WE,Combined TRACON& Tower with Radar,24,25,26,40,115,0,1,12,11,24,24,26,38,51,139,67,24,91,230
09/13/2019,AMA,TX,ASW,WE,Combined TRACON& Tower with Radar,23,19,36,51,129,0,0,12,5,17,23,19,48,56,146,78,26,104,250
09/14/2019,AMA,TX,ASW,WE,Combined TRACON& Tower with Radar,17,10,11,6,44,0,3,12,6,21,17,13,23,12,65,18,0,18,83
09/15/2019,AMA,TX,ASW,WE,Combined TRACON& Tower with Radar,28,15,17,41,101,0,0,5,3,8,28,15,22,44,109,24,4,28,137
09/16/2019,AMA,TX,ASW,WE,Combined TRACON& Tower with Radar,27,18,18,16,79,0,1,9,1,11,27,19,27,17,90,0,0,0,90
09/17/2019,AMA,TX,ASW,WE,Combined TRACON& Tower with Radar,23,18,22,20,83,0,0,9,6,15,23,18,31,26,98,46,30,76,174
09/18/2019,AMA,TX,ASW,WE,Combined TRACON& Tower with Radar,25,16,17,14,72,0,0,12,3,15,25,16,29,17,87,6,0,6,93
09/19/2019,AMA,TX,ASW,WE,Combined TRACON& Tower with Radar,25,19,27,9,80,0,1,6,1,8,25,20,33,10,88,0,0,0,88
09/20/2019,AMA,TX,ASW,WE,Combined TRACON& Tower with Radar,23,12,10,27,72,0,0,6,4,10,23,12,16,31,82,16,32,48,130
09/21/2019,AMA,TX,ASW,WE,Combined TRACON& Tower with Radar,16,19,10,3,48,0,0,10,1,11,16,19,20,4,59,12,0,12,71
09/22/2019,AMA,TX,ASW,WE,Combined TRACON& Tower with Radar,24,17,21,31,93,0,2,15,6,23,24,19,36,37,116,28,8,36,152
09/23/2019,AMA,TX,ASW,WE,Combined TRACON& Tower with Radar,23,18,14,87,142,0,2,19,2,23,23,20,33,89,165,12,53,65,230
09/24/2019,AMA,TX,ASW,WE,Combined TRACON& Tower with Radar,26,18,31,74,149,0,0,11,5,16,26,18,42,79,165,74,28,102,267
09/25/2019,AMA,TX,ASW,WE,Combined TRACON& Tower with Radar,21,13,29,38,101,0,0,21,3,24,21,13,50,41,125,26,62,88,213
09/26/2019,AMA,TX,ASW,WE,Combined TRACON& Tower with Radar,23,18,32,51,124,0,0,7,1,8,23,18,39,52,132,6,40,46,178
09/27/2019,AMA,TX,ASW,WE,Combined TRACON& Tower with Radar,25,18,30,136,209,0,0,13,0,13,25,18,43,136,222,20,44,64,286
09/28/2019,AMA,TX,ASW,WE,Combined TRACON& Tower with Radar,16,15,10,0,41,0,0,5,0,5,16,15,15,0,46,0,0,0,46
09/29/2019,AMA,TX,ASW,WE,Combined TRACON& Tower with Radar,23,18,16,4,61,0,0,1,0,1,23,18,17,4,62,2,0,2,64
09/30/2019,AMA,TX,ASW,WE,Combined TRACON& Tower with Radar,24,21,13,8,66,0,1,4,0,5,24,22,17,8,71,10,0,10,81
10/01/2019,AMA,TX,ASW,WE,Combined TRACON& Tower with Radar,23,13,12,2,50,0,0,0,1,1,23,13,12,3,51,0,6,6,57
10/02/2019,AMA,TX,ASW,WE,Combined TRACON& Tower with Radar,23,14,17,0,54,0,0,8,1,9,23,14,25,1,63,40,0,40,103
10/03/2019,AMA,TX,ASW,WE,Combined TRACON& Tower with Radar,21,24,21,0,66,0,0,0,0,0,21,24,21,0,66,0,0,0,66
10/04/2019,AMA,TX,ASW,WE,Combined TRACON& Tower with Radar,24,16,11,2,53,0,1,3,0,4,24,17,14,2,57,0,0,0,57
10/05/2019,AMA,TX,ASW,WE,Combined TRACON& Tower with Radar,17,18,20,4,59,0,2,22,3,27,17,20,42,7,86,40,0,40,126
10/06/2019,AMA,TX,ASW,WE,Combined TRACON& Tower with Radar,26,18,29,19,92,0,1,18,2,21,26,19,47,21,113,4,42,46,159
10/07/2019,AMA,TX,ASW,WE,Combined TRACON& Tower with Radar,23,14,20,6,63,0,1,15,4,20,23,15,35,10,83,100,0,100,183
10/08/2019,AMA,TX,ASW,WE,Combined TRACON& Tower with Radar,22,17,20,34,93,0,0,10,3,13,22,17,30,37,106,18,28,46,152
10/09/2019,AMA,TX,ASW,WE,Combined TRACON& Tower with Radar,26,17,49,27,119,0,1,9,4,14,26,18,58,31,133,28,118,146,279
10/10/2019,AMA,TX,ASW,WE,Combined TRACON& Tower with Radar,20,18,19,76,133,0,0,3,4,7,20,18,22,80,140,0,28,28,168
10/11/2019,AMA,TX,ASW,WE,Combined TRACON& Tower with Radar,25,12,17,25,79,0,0,18,2,20,25,12,35,27,99,50,12,62,161
10/12/2019,AMA,TX,ASW,WE,Combined TRACON& Tower with Radar,17,12,14,4,47,0,4,9,4,17,17,16,23,8,64,2,24,26,90
10/13/2019,AMA,TX,ASW,WE,Combined TRACON& Tower with Radar,24,15,22,4,65,0,2,15,1,18,24,17,37,5,83,0,0,0,83
10/14/2019,AMA,TX,ASW,WE,Combined TRACON& Tower with Radar,23,19,16,19,77,0,1,24,6,31,23,20,40,25,108,78,6,84,192
10/15/2019,AMA,TX,ASW,WE,Combined TRACON& Tower with Radar,21,17,35,32,105,0,0,10,10,20,21,17,45,42,125,56,0,56,181
10/16/2019,AMA,TX,ASW,WE,Combined TRACON& Tower with Radar,22,18,22,26,88,0,2,18,4,24,22,20,40,30,112,60,4,64,176
10/17/2019,AMA,TX,ASW,WE,Combined TRACON& Tower with Radar,23,22,22,20,87,0,0,11,6,17,23,22,33,26,104,30,4,34,138
10/18/2019,AMA,TX,ASW,WE,Combined TRACON& Tower with Radar,24,23,27,26,100,0,3,15,7,25,24,26,42,33,125,14,22,36,161
10/19/2019,AMA,TX,ASW,WE,Combined TRACON& Tower with Radar,18,12,22,1,53,0,0,5,4,9,18,12,27,5,62,16,0,16,78
10/20/2019,AMA,TX,ASW,WE,Combined TRACON& Tower with Radar,31,12,11,38,92,0,2,6,5,13,31,14,17,43,105,4,2,6,111
10/21/2019,AMA,TX,ASW,WE,Combined TRACON& Tower with Radar,24,20,19,21,84,0,1,18,5,24,24,21,37,26,108,112,0,112,220
10/22/2019,AMA,TX,ASW,WE,Combined TRACON& Tower with Radar,23,22,50,30,125,0,0,22,5,27,23,22,72,35,152,22,84,106,258
10/23/2019,AMA,TX,ASW,WE,Combined TRACON& Tower with Radar,22,16,20,16,74,0,2,11,0,13,22,18,31,16,87,22,0,22,109
10/24/2019,AMA,TX,ASW,WE,Combined TRACON& Tower with Radar,6,16,13,1,36,0,0,1,1,2,6,16,14,2,38,0,0,0,38
10/25/2019,AMA,TX,ASW,WE,Combined TRACON& Tower with Radar,24,18,47,26,115,0,2,9,10,21,24,20,56,36,136,48,58,106,242
10/26/2019,AMA,TX,ASW,WE,Combined TRACON& Tower with Radar,19,10,12,4,45,0,0,20,3,23,19,10,32,7,68,76,10,86,154
10/27/2019,AMA,TX,ASW,WE,Combined TRACON& Tower with Radar,26,11,11,13,61,0,1,0,5,6,26,12,11,18,67,0,0,0,67
10/28/2019,AMA,TX,ASW,WE,Combined TRACON& Tower with Radar,25,19,17,7,68,0,0,6,1,7,25,19,23,8,75,0,24,24,99
10/29/2019,AMA,TX,ASW,WE,Combined TRACON& Tower with Radar,21,17,8,8,54,0,0,0,2,2,21,17,8,10,56,0,0,0,56
10/30/2019,AMA,TX,ASW,WE,Combined TRACON& Tower with Radar,20,20,14,5,59,0,1,0,0,1,20,21,14,5,60,0,12,12,72
10/31/2019,AMA,TX,ASW,WE,Combined TRACON& Tower with Radar,22,18,25,8,73,0,0,18,7,25,22,18,43,15,98,50,44,94,192
11/01/2019,AMA,TX,ASW,WE,Combined TRACON& Tower with Radar,23,17,36,39,115,0,0,8,8,16,23,17,44,47,131,14,18,32,163
11/02/2019,AMA,TX,ASW,WE,Combined TRACON& Tower with Radar,17,18,5,6,46,0,0,8,3,11,17,18,13,9,57,0,0,0,57
11/03/2019,AMA,TX,ASW,WE,Combined TRACON& Tower with Radar,22,13,14,20,69,0,0,16,2,18,22,13,30,22,87,0,0,0,87
11/04/2019,AMA,TX,ASW,WE,Combined TRACON& Tower with Radar,20,19,19,57,115,0,2,18,0,20,20,21,37,57,135,26,56,82,217
11/05/2019,AMA,TX,ASW,WE,Combined TRACON& Tower with Radar,21,18,20,20,79,0,0,19,1,20,21,18,39,21,99,48,0,48,147
11/06/2019,AMA,TX,ASW,WE,Combined TRACON& Tower with Radar,23,24,37,26,110,0,2,16,3,21,23,26,53,29,131,6,56,62,193
11/07/2019,AMA,TX,ASW,WE,Combined TRACON& Tower with Radar,23,23,15,7,68,0,0,0,0,0,23,23,15,7,68,0,0,0,68
11/08/2019,AMA,TX,ASW,WE,Combined TRACON& Tower with Radar,24,24,23,11,82,0,1,9,0,10,24,25,32,11,92,32,0,32,124
11/09/2019,AMA,TX,ASW,WE,Combined TRACON& Tower with Radar,20,17,19,5,61,0,0,15,4,19,20,17,34,9,80,34,0,34,114
11/10/2019,AMA,TX,ASW,WE,Combined TRACON& Tower with Radar,24,14,19,2,59,0,0,15,0,15,24,14,34,2,74,12,0,12,86
11/11/2019,AMA,TX,ASW,WE,Combined TRACON& Tower with Radar,25,18,9,2,54,0,0,1,0,1,25,18,10,2,55,0,0,0,55
11/12/2019,AMA,TX,ASW,WE,Combined TRACON& Tower with Radar,23,20,18,78,139,0,0,12,9,21,23,20,30,87,160,28,58,86,246
11/13/2019,AMA,TX,ASW,WE,Combined TRACON& Tower with Radar,22,16,12,20,70,0,1,10,2,13,22,17,22,22,83,12,16,28,111
11/14/2019,AMA,TX,ASW,WE,Combined TRACON& Tower with Radar,22,19,29,16,86,0,1,17,6,24,22,20,46,22,110,76,106,182,292
11/15/2019,AMA,TX,ASW,WE,Combined TRACON& Tower with Radar,24,16,29,77,146,0,0,16,3,19,24,16,45,80,165,29,38,67,232
11/16/2019,AMA,TX,ASW,WE,Combined TRACON& Tower with Radar,19,11,15,44,89,0,0,4,12,16,19,11,19,56,105,22,86,108,213
11/17/2019,AMA,TX,ASW,WE,Combined TRACON& Tower with Radar,25,10,17,9,61,1,0,6,4,11,26,10,23,13,72,22,0,22,94
11/18/2019,AMA,TX,ASW,WE,Combined TRACON& Tower with Radar,23,13,26,12,74,0,0,13,2,15,23,13,39,14,89,10,4,14,103
11/19/2019,AMA,TX,ASW,WE,Combined TRACON& Tower with Radar,22,14,23,7,66,0,0,9,1,10,22,14,32,8,76,34,0,34,110
11/20/2019,AMA,TX,ASW,WE,Combined TRACON& Tower with Radar,23,26,12,1,62,0,0,7,1,8,23,26,19,2,70,0,0,0,70
11/21/2019,AMA,TX,ASW,WE,Combined TRACON& Tower with Radar,25,19,22,2,68,0,0,3,0,3,25,19,25,2,71,0,0,0,71
11/22/2019,AMA,TX,ASW,WE,Combined TRACON& Tower with Radar,22,23,16,2,63,0,0,6,2,8,22,23,22,4,71,0,0,0,71
11/23/2019,AMA,TX,ASW,WE,Combined TRACON& Tower with Radar,20,15,19,8,62,0,2,11,1,14,20,17,30,9,76,6,0,6,82
11/24/2019,AMA,TX,ASW,WE,Combined TRACON& Tower with Radar,22,17,32,10,81,0,0,14,8,22,22,17,46,18,103,76,28,104,207
11/25/2019,AMA,TX,ASW,WE,Combined TRACON& Tower with Radar,22,19,16,14,71,0,1,21,1,23,22,20,37,15,94,2,0,2,96
11/26/2019,AMA,TX,ASW,WE,Combined TRACON& Tower with Radar,23,26,13,4,66,0,0,6,0,6,23,26,19,4,72,0,0,0,72
11/27/2019,AMA,TX,ASW,WE,Combined TRACON& Tower with Radar,23,22,18,13,76,0,0,6,1,7,23,22,24,14,83,24,0,24,107
11/28/2019,AMA,TX,ASW,WE,Combined TRACON& Tower with Radar,13,6,0,0,19,0,0,0,0,0,13,6,0,0,19,0,0,0,19
11/29/2019,AMA,TX,ASW,WE,Combined TRACON& Tower with Radar,22,8,16,0,46,0,0,0,0,0,22,8,16,0,46,0,0,0,46
11/30/2019,AMA,TX,ASW,WE,Combined TRACON& Tower with Radar,22,17,12,0,51,0,0,2,0,2,22,17,14,0,53,0,0,0,53
12/01/2019,AMA,TX,ASW,WE,Combined TRACON& Tower with Radar,27,13,19,0,59,0,0,12,0,12,27,13,31,0,71,24,0,24,95
12/02/2019,AMA,TX,ASW,WE,Combined TRACON& Tower with Radar,22,16,35,13,86,0,0,4,5,9,22,16,39,18,95,8,26,34,129
12/03/2019,AMA,TX,ASW,WE,Combined TRACON& Tower with Radar,26,16,24,13,79,0,2,9,4,15,26,18,33,17,94,32,0,32,126
12/04/2019,AMA,TX,ASW,WE,Combined TRACON& Tower with Radar,22,12,27,10,71,0,0,7,3,10,22,12,34,13,81,26,36,62,143
12/05/2019,AMA,TX,ASW,WE,Combined TRACON& Tower with Radar,23,17,28,20,88,0,1,13,1,15,23,18,41,21,103,0,0,0,103
12/06/2019,AMA,TX,ASW,WE,Combined TRACON& Tower with Radar,28,19,24,38,109,0,0,14,3,17,28,19,38,41,126,0,0,0,126
12/07/2019,AMA,TX,ASW,WE,Combined TRACON& Tower with Radar,18,10,19,21,68,0,2,11,7,20,18,12,30,28,88,4,6,10,98
12/08/2019,AMA,TX,ASW,WE,Combined TRACON& Tower with Radar,23,18,16,16,73,0,1,3,5,9,23,19,19,21,82,10,32,42,124
12/09/2019,AMA,TX,ASW,WE,Combined TRACON& Tower with Radar,25,18,33,31,107,0,0,11,4,15,25,18,44,35,122,36,6,42,164
12/10/2019,AMA,TX,ASW,WE,Combined TRACON& Tower with Radar,21,26,46,66,159,0,1,18,4,23,21,27,64,70,182,4,79,83,265
12/11/2019,AMA,TX,ASW,WE,Combined TRACON& Tower with Radar,21,18,22,12,73,0,0,15,4,19,21,18,37,16,92,0,0,0,92
12/12/2019,AMA,TX,ASW,WE,Combined TRACON& Tower with Radar,23,20,41,17,101,0,0,29,1,30,23,20,70,18,131,30,44,74,205
12/13/2019,AMA,TX,ASW,WE,Combined TRACON& Tower with Radar,23,13,34,16,86,0,2,11,2,15,23,15,45,18,101,34,32,66,167
12/14/2019,AMA,TX,ASW,WE,Combined TRACON& Tower with Radar,19,11,37,4,71,0,2,11,2,15,19,13,48,6,86,18,0,18,104
12/15/2019,AMA,TX,ASW,WE,Combined TRACON& Tower with Radar,20,10,19,12,61,0,0,0,0,0,20,10,19,12,61,0,0,0,61
12/16/2019,AMA,TX,ASW,WE,Combined TRACON& Tower with Radar,25,13,12,9,59,0,0,4,0,4,25,13,16,9,63,0,0,0,63
12/17/2019,AMA,TX,ASW,WE,Combined TRACON& Tower with Radar,20,13,16,29,78,0,0,18,12,30,20,13,34,41,108,10,18,28,136
12/18/2019,AMA,TX,ASW,WE,Combined TRACON& Tower with Radar,21,14,20,51,106,0,0,13,3,16,21,14,33,54,122,0,50,50,172
12/19/2019,AMA,TX,ASW,WE,Combined TRACON& Tower with Radar,20,13,46,20,99,0,0,4,0,4,20,13,50,20,103,18,6,24,127
12/20/2019,AMA,TX,ASW,WE,Combined TRACON& Tower with Radar,21,16,20,51,108,0,0,13,4,17,21,16,33,55,125,14,0,14,139
12/21/2019,AMA,TX,ASW,WE,Combined TRACON& Tower with Radar,22,13,12,5,52,0,2,8,0,10,22,15,20,5,62,38,0,38,100
12/22/2019,AMA,TX,ASW,WE,Combined TRACON& Tower with Radar,31,13,8,0,52,0,1,11,0,12,31,14,19,0,64,0,0,0,64
12/23/2019,AMA,TX,ASW,WE,Combined TRACON& Tower with Radar,21,15,10,8,54,0,0,9,0,9,21,15,19,8,63,6,0,6,69
12/24/2019,AMA,TX,ASW,WE,Combined TRACON& Tower with Radar,21,15,3,0,39,0,0,6,0,6,21,15,9,0,45,4,0,4,49
12/25/2019,AMA,TX,ASW,WE,Combined TRACON& Tower with Radar,22,8,7,0,37,0,0,3,0,3,22,8,10,0,40,0,0,0,40
12/26/2019,AMA,TX,ASW,WE,Combined TRACON& Tower with Radar,24,11,19,0,54,0,0,10,0,10,24,11,29,0,64,6,0,6,70
12/27/2019,AMA,TX,ASW,WE,Combined TRACON& Tower with Radar,9,4,2,0,15,0,0,0,0,0,9,4,2,0,15,0,0,0,15
12/28/2019,AMA,TX,ASW,WE,Combined TRACON& Tower with Radar,19,18,25,0,62,0,0,3,0,3,19,18,28,0,65,0,0,0,65
12/29/2019,AMA,TX,ASW,WE,Combined TRACON& Tower with Radar,23,16,23,2,64,0,0,13,0,13,23,16,36,2,77,26,0,26,103
12/30/2019,AMA,TX,ASW,WE,Combined TRACON& Tower with Radar,21,17,11,12,61,0,1,16,4,21,21,18,27,16,82,4,10,14,96
12/31/2019,AMA,TX,ASW,WE,Combined TRACON& Tower with Radar,18,14,7,0,39,0,2,12,0,14,18,16,19,0,53,28,0,28,81
01/01/2020,AMA,TX,ASW,WE,Combined TRACON& Tower with Radar,20,5,5,0,30,0,1,2,0,3,20,6,7,0,33,0,0,0,33
01/02/2020,AMA,TX,ASW,WE,Combined TRACON& Tower with Radar,20,14,20,0,54,0,3,4,0,7,20,17,24,0,61,22,0,22,83
01/03/2020,AMA,TX,ASW,WE,Combined TRACON& Tower with Radar,20,14,20,2,56,0,1,5,1,7,20,15,25,3,63,30,12,42,105
01/04/2020,AMA,TX,ASW,WE,Combined TRACON& Tower with Radar,19,8,8,3,38,0,0,13,5,18,19,8,21,8,56,44,0,44,100
01/05/2020,AMA,TX,ASW,WE,Combined TRACON& Tower with Radar,23,9,11,13,56,0,0,9,0,9,23,9,20,13,65,6,0,6,71
01/06/2020,AMA,TX,ASW,WE,Combined TRACON& Tower with Radar,21,19,49,13,102,0,1,10,1,12,21,20,59,14,114,0,26,26,140
01/07/2020,AMA,TX,ASW,WE,Combined TRACON& Tower with Radar,18,19,17,77,131,0,1,19,4,24,18,20,36,81,155,36,50,86,241
01/08/2020,AMA,TX,ASW,WE,Combined TRACON& Tower with Radar,17,20,17,3,57,0,0,10,7,17,17,20,27,10,74,6,2,8,82
01/09/2020,AMA,TX,ASW,WE,Combined TRACON& Tower with Radar,23,15,80,67,185,0,0,7,3,10,23,15,87,70,195,14,120,134,329
01/10/2020,AMA,TX,ASW,WE,Combined TRACON& Tower with Radar,26,17,8,83,134,0,0,0,4,4,26,17,8,87,138,0,42,42,180
01/11/2020,AMA,TX,ASW,WE,Combined TRACON& Tower with Radar,12,12,4,17,45,0,0,9,3,12,12,12,13,20,57,8,0,8,65
01/12/2020,AMA,TX,ASW,WE,Combined TRACON& Tower with Radar,23,17,18,40,98,0,0,8,9,17,23,17,26,49,115,6,12,18,133
01/13/2020,AMA,TX,ASW,WE,Combined TRACON& Tower with Radar,23,15,39,46,123,0,0,12,2,14,23,15,51,48,137,4,50,54,191
01/14/2020,AMA,TX,ASW,WE,Combined TRACON& Tower with Radar,15,14,91,136,256,0,0,11,2,13,15,14,102,138,269,20,78,98,367
01/15/2020,AMA,TX,ASW,WE,Combined TRACON& Tower with Radar,19,24,52,45,140,0,0,8,12,20,19,24,60,57,160,26,58,84,244
01/16/2020,AMA,TX,ASW,WE,Combined TRACON& Tower with Radar,24,10,9,0,43,0,0,0,0,0,24,10,9,0,43,0,0,0,43
01/17/2020,AMA,TX,ASW,WE,Combined TRACON& Tower with Radar,25,16,37,120,198,0,0,4,2,6,25,16,41,122,204,6,28,34,238
01/18/2020,AMA,TX,ASW,WE,Combined TRACON& Tower with Radar,11,17,15,28,71,0,2,34,3,39,11,19,49,31,110,0,0,0,110
01/19/2020,AMA,TX,ASW,WE,Combined TRACON& Tower with Radar,23,11,12,8,54,0,2,7,1,10,23,13,19,9,64,4,0,4,68
01/20/2020,AMA,TX,ASW,WE,Combined TRACON& Tower with Radar,26,14,23,23,86,0,3,4,6,13,26,17,27,29,99,6,12,18,117
01/21/2020,AMA,TX,ASW,WE,Combined TRACON& Tower with Radar,18,22,26,49,115,0,0,4,3,7,18,22,30,52,122,10,38,48,170
01/22/2020,AMA,TX,ASW,WE,Combined TRACON& Tower with Radar,17,21,77,60,175,0,0,13,11,24,17,21,90,71,199,0,172,172,371
01/23/2020,AMA,TX,ASW,WE,Combined TRACON& Tower with Radar,25,16,83,54,178,0,0,13,5,18,25,16,96,59,196,0,128,128,324
01/24/2020,AMA,TX,ASW,WE,Combined TRACON& Tower with Radar,25,16,25,62,128,0,0,16,8,24,25,16,41,70,152,10,54,64,216
01/25/2020,AMA,TX,ASW,WE,Combined TRACON& Tower with Radar,16,7,16,33,72,0,0,23,3,26,16,7,39,36,98,20,6,26,124
01/26/2020,AMA,TX,ASW,WE,Combined TRACON& Tower with Radar,25,13,20,41,99,0,0,13,1,14,25,13,33,42,113,44,0,44,157
01/27/2020,AMA,TX,ASW,WE,Combined TRACON& Tower with Radar,30,20,24,77,151,0,0,16,1,17,30,20,40,78,168,0,38,38,206
01/28/2020,AMA,TX,ASW,WE,Combined TRACON& Tower with Radar,19,17,10,1,47,0,1,0,0,1,19,18,10,1,48,2,0,2,50
01/29/2020,AMA,TX,ASW,WE,Combined TRACON& Tower with Radar,18,22,88,48,176,0,1,12,3,16,18,23,100,51,192,34,118,152,344
01/30/2020,AMA,TX,ASW,WE,Combined TRACON& Tower with Radar,25,13,57,21,116,0,0,5,1,6,25,13,62,22,122,18,90,108,230
01/31/2020,AMA,TX,ASW,WE,Combined TRACON& Tower with Radar,24,18,38,102,182,0,0,2,8,10,24,18,40,110,192,0,56,56,248
02/01/2020,AMA,TX,ASW,CE,Combined TRACON& Tower with Radar,16,10,22,8,56,0,0,18,2,20,16,10,40,10,76,42,4,46,122
02/02/2020,AMA,TX,ASW,CE,Combined TRACON& Tower with Radar,24,13,9,0,46,0,0,19,0,19,24,13,28,0,65,0,0,0,65
02/03/2020,AMA,TX,ASW,CE,Combined TRACON& Tower with Radar,22,15,29,26,92,0,0,9,1,10,22,15,38,27,102,30,44,74,176
02/04/2020,AMA,TX,ASW,CE,Combined TRACON& Tower with Radar,12,14,23,0,49,0,0,2,0,2,12,14,25,0,51,6,0,6,57
02/05/2020,AMA,TX,ASW,CE,Combined TRACON& Tower with Radar,20,28,16,7,71,0,0,3,2,5,20,28,19,9,76,0,0,0,76
02/06/2020,AMA,TX,ASW,CE,Combined TRACON& Tower with Radar,25,17,13,39,94,0,0,12,6,18,25,17,25,45,112,12,36,48,160
02/07/2020,AMA,TX,ASW,CE,Combined TRACON& Tower with Radar,25,12,26,21,84,0,0,15,5,20,25,12,41,26,104,8,16,24,128
02/08/2020,AMA,TX,ASW,CE,Combined TRACON& Tower with Radar,11,13,8,21,53,0,1,11,24,36,11,14,19,45,89,0,0,0,89
02/09/2020,AMA,TX,ASW,CE,Combined TRACON& Tower with Radar,25,16,14,66,121,0,0,10,12,22,25,16,24,78,143,4,10,14,157
02/10/2020,AMA,TX,ASW,CE,Combined TRACON& Tower with Radar,26,20,14,6,66,0,0,1,0,1,26,20,15,6,67,0,4,4,71
02/11/2020,AMA,TX,ASW,CE,Combined TRACON& Tower with Radar,18,20,9,0,47,0,0,1,0,1,18,20,10,0,48,7,0,7,55
02/12/2020,AMA,TX,ASW,CE,Combined TRACON& Tower with Radar,19,24,22,15,80,0,0,9,3,12,19,24,31,18,92,38,18,56,148
02/13/2020,AMA,TX,ASW,CE,Combined TRACON& Tower with Radar,23,22,22,17,84,0,0,3,1,4,23,22,25,18,88,46,6,52,140
02/14/2020,AMA,TX,ASW,CE,Combined TRACON& Tower with Radar,22,22,15,21,80,0,0,2,1,3,22,22,17,22,83,0,0,0,83
02/15/2020,AMA,TX,ASW,CE,Combined TRACON& Tower with Radar,11,10,31,3,55,0,0,14,2,16,11,10,45,5,71,2,6,8,79
02/16/2020,AMA,TX,ASW,CE,Combined TRACON& Tower with Radar,22,12,18,5,57,0,1,9,15,25,22,13,27,20,82,0,0,0,82
02/17/2020,AMA,TX,ASW,CE,Combined TRACON& Tower with Radar,23,19,18,8,68,0,0,46,4,50,23,19,64,12,118,0,0,0,118
02/18/2020,AMA,TX,ASW,CE,Combined TRACON& Tower with Radar,24,22,31,47,124,0,1,15,0,16,24,23,46,47,140,60,32,92,232
02/19/2020,AMA,TX,ASW,CE,Combined TRACON& Tower with Radar,20,22,51,23,116,0,0,13,1,14,20,22,64,24,130,36,14,50,180
02/20/2020,AMA,TX,ASW,CE,Combined TRACON& Tower with Radar,23,17,33,17,90,0,0,1,4,5,23,17,34,21,95,74,30,104,199
02/21/2020,AMA,TX,ASW,CE,Combined TRACON& Tower with Radar,28,19,18,74,139,0,0,13,4,17,28,19,31,78,156,28,44,72,228
02/22/2020,AMA,TX,ASW,CE,Combined TRACON& Tower with Radar,15,20,16,10,61,0,2,54,3,59,15,22,70,13,120,0,0,0,120
02/23/2020,AMA,TX,ASW,CE,Combined TRACON& Tower with Radar,23,18,27,6,74,0,0,71,0,71,23,18,98,6,145,0,0,0,145
02/24/2020,AMA,TX,ASW,CE,Combined TRACON& Tower with Radar,25,23,49,43,140,0,1,18,14,33,25,24,67,57,173,30,130,160,333
02/25/2020,AMA,TX,ASW,CE,Combined TRACON& Tower with Radar,21,16,22,12,71,0,0,10,4,14,21,16,32,16,85,28,16,44,129
02/26/2020,AMA,TX,ASW,CE,Combined TRACON& Tower with Radar,23,26,38,26,113,0,0,22,4,26,23,26,60,30,139,74,82,156,295
02/27/2020,AMA,TX,ASW,CE,Combined TRACON& Tower with Radar,23,15,39,38,115,0,0,16,0,16,23,15,55,38,131,28,42,70,201
02/28/2020,AMA,TX,ASW,CE,Combined TRACON& Tower with Radar,24,18,50,37,129,0,2,14,2,18,24,20,64,39,147,20,24,44,191
02/29/2020,AMA,TX,ASW,CE,Combined TRACON& Tower with Radar,11,15,16,4,46,0,5,18,1,24,11,20,34,5,70,0,0,0,70
03/01/2020,AMA,TX,ASW,CE,Combined TRACON& Tower with Radar,26,14,23,28,91,0,0,45,7,52,26,14,68,35,143,0,0,0,143
03/02/2020,AMA,TX,ASW,CE,Combined TRACON& Tower with Radar,23,22,15,34,94,0,2,9,0,11,23,24,24,34,105,98,14,112,217
03/03/2020,AMA,TX,ASW,CE,Combined TRACON& Tower with Radar,21,24,28,60,133,0,2,9,0,11,21,26,37,60,144,42,56,98,242
03/04/2020,AMA,TX,ASW,CE,Combined TRACON& Tower with Radar,19,18,18,39,94,0,1,12,2,15,19,19,30,41,109,30,34,64,173
03/05/2020,AMA,TX,ASW,CE,Combined TRACON& Tower with Radar,23,13,24,25,85,0,0,17,0,17,23,13,41,25,102,24,10,34,136
03/06/2020,AMA,TX,ASW,CE,Combined TRACON& Tower with Radar,24,15,13,30,82,0,0,12,6,18,24,15,25,36,100,22,8,30,130
03/07/2020,AMA,TX,ASW,CE,Combined TRACON& Tower with Radar,11,20,16,0,47,0,2,5,0,7,11,22,21,0,54,2,0,2,56
03/08/2020,AMA,TX,ASW,CE,Combined TRACON& Tower with Radar,23,23,20,4,70,0,0,1,0,1,23,23,21,4,71,0,0,0,71
03/09/2020,AMA,TX,ASW,CE,Combined TRACON& Tower with Radar,23,15,78,76,192,0,0,11,10,21,23,15,89,86,213,36,170,206,419
03/10/2020,AMA,TX,ASW,CE,Combined TRACON& Tower with Radar,20,21,39,13,93,0,2,11,3,16,20,23,50,16,109,12,6,18,127
03/11/2020,AMA,TX,ASW,CE,Combined TRACON& Tower with Radar,19,21,14,53,107,0,2,10,3,15,19,23,24,56,122,10,12,22,144
03/12/2020,AMA,TX,ASW,CE,Combined TRACON& Tower with Radar,23,18,15,57,113,0,2,21,1,24,23,20,36,58,137,38,26,64,201
03/13/2020,AMA,TX,ASW,CE,Combined TRACON& Tower with Radar,24,13,15,2,54,0,0,0,0,0,24,13,15,2,54,0,0,0,54
03/14/2020,AMA,TX,ASW,CE,Combined TRACON& Tower with Radar,10,12,16,1,39,0,0,11,5,16,10,12,27,6,55,0,0,0,55
03/15/2020,AMA,TX,ASW,CE,Combined TRACON& Tower with Radar,25,9,7,0,41,0,0,0,0,0,25,9,7,0,41,0,0,0,41
03/16/2020,AMA,TX,ASW,CE,Combined TRACON& Tower with Radar,28,16,34,18,96,0,0,9,0,9,28,16,43,18,105,32,0,32,137
03/17/2020,AMA,TX,ASW,CE,Combined TRACON& Tower with Radar,24,14,4,0,42,0,0,0,0,0,24,14,4,0,42,0,0,0,42
03/18/2020,AMA,TX,ASW,CE,Combined TRACON& Tower with Radar,17,24,25,34,100,0,1,6,2,9,17,25,31,36,109,46,80,126,235
03/19/2020,AMA,TX,ASW,CE,Combined TRACON& Tower with Radar,20,21,28,9,78,0,0,0,0,0,20,21,28,9,78,0,52,52,130
03/20/2020,AMA,TX,ASW,CE,Combined TRACON& Tower with Radar,21,14,29,3,67,0,0,8,1,9,21,14,37,4,76,34,12,46,122
03/21/2020,AMA,TX,ASW,CE,Combined TRACON& Tower with Radar,8,15,6,9,38,0,2,11,1,14,8,17,17,10,52,24,4,28,80
03/22/2020,AMA,TX,ASW,CE,Combined TRACON& Tower with Radar,17,13,9,21,60,0,2,5,2,9,17,15,14,23,69,16,6,22,91
03/23/2020,AMA,TX,ASW,CE,Combined TRACON& Tower with Radar,19,13,25,10,67,0,0,8,2,10,19,13,33,12,77,40,0,40,117
03/24/2020,AMA,TX,ASW,CE,Combined TRACON& Tower with Radar,16,14,5,22,57,0,2,16,2,20,16,16,21,24,77,8,34,42,119
03/25/2020,AMA,TX,ASW,CE,Combined TRACON& Tower with Radar,11,10,13,3,37,0,0,7,0,7,11,10,20,3,44,0,8,8,52
03/26/2020,AMA,TX,ASW,CE,Combined TRACON& Tower with Radar,17,14,11,13,55,0,0,8,2,10,17,14,19,15,65,0,126,126,191
03/27/2020,AMA,TX,ASW,CE,Combined TRACON& Tower with Radar,12,7,8,0,27,0,2,4,1,7,12,9,12,1,34,0,0,0,34
03/28/2020,AMA,TX,ASW,CE,Combined TRACON& Tower with Radar,4,11,4,14,33,0,0,4,2,6,4,11,8,16,39,20,0,20,59
03/29/2020,AMA,TX,ASW,CE,Combined TRACON& Tower with Radar,10,2,7,1,20,0,1,14,0,15,10,3,21,1,35,18,16,34,69
03/30/2020,AMA,TX,ASW,CE,Combined TRACON& Tower with Radar,14,10,8,1,33,0,1,5,4,10,14,11,13,5,43,10,20,30,73
03/31/2020,AMA,TX,ASW,CE,Combined TRACON& Tower with Radar,11,15,14,10,50,0,0,9,5,14,11,15,23,15,64,0,28,28,92
04/01/2020,AMA,TX,ASW,CE,Combined TRACON& Tower with Radar,10,12,4,9,35,0,1,5,1,7,10,13,9,10,42,0,92,92,134
04/02/2020,AMA,TX,ASW,CE,Combined TRACON& Tower with Radar,5,8,16,32,61,0,0,8,5,13,5,8,24,37,74,20,44,64,138
04/03/2020,AMA,TX,ASW,CE,Combined TRACON& Tower with Radar,8,4,10,17,39,0,0,7,0,7,8,4,17,17,46,0,42,42,88
04/04/2020,AMA,TX,ASW,CE,Combined TRACON& Tower with Radar,2,8,10,13,33,0,0,18,2,20,2,8,28,15,53,8,38,46,99
04/05/2020,AMA,TX,ASW,CE,Combined TRACON& Tower with Radar,12,6,6,0,24,0,0,0,0,0,12,6,6,0,24,0,0,0,24
04/06/2020,AMA,TX,ASW,CE,Combined TRACON& Tower with Radar,10,8,19,5,42,0,0,4,1,5,10,8,23,6,47,0,36,36,83
04/07/2020,AMA,TX,ASW,CE,Combined TRACON& Tower with Radar,4,6,8,28,46,0,0,17,2,19,4,6,25,30,65,22,70,92,157
04/08/2020,AMA,TX,ASW,CE,Combined TRACON& Tower with Radar,5,6,9,6,26,0,0,3,0,3,5,6,12,6,29,18,0,18,47
04/09/2020,AMA,TX,ASW,CE,Combined TRACON& Tower with Radar,7,5,12,14,38,0,0,14,40,54,7,5,26,54,92,0,0,0,92
04/10/2020,AMA,TX,ASW,CE,Combined TRACON& Tower with Radar,9,6,17,10,42,0,0,4,20,24,9,6,21,30,66,0,0,0,66
04/11/2020,AMA,TX,ASW,CE,Combined TRACON& Tower with Radar,4,10,3,7,24,0,3,4,0,7,4,13,7,7,31,6,0,6,37
04/12/2020,AMA,TX,ASW,CE,Combined TRACON& Tower with Radar,11,6,1,0,18,0,0,0,0,0,11,6,1,0,18,0,0,0,18
04/13/2020,AMA,TX,ASW,CE,Combined TRACON& Tower with Radar,8,8,14,6,36,0,0,1,0,1,8,8,15,6,37,6,12,18,55
04/14/2020,AMA,TX,ASW,CE,Combined TRACON& Tower with Radar,10,6,2,0,18,0,0,2,0,2,10,6,4,0,20,0,0,0,20
04/15/2020,AMA,TX,ASW,CE,Combined TRACON& Tower with Radar,4,5,18,18,45,0,2,8,0,10,4,7,26,18,55,10,32,42,97
04/16/2020,AMA,TX,ASW,CE,Combined TRACON& Tower with Radar,6,8,22,6,42,0,0,6,2,8,6,8,28,8,50,0,28,28,78
04/17/2020,AMA,TX,ASW,CE,Combined TRACON& Tower with Radar,3,11,23,21,58,0,0,13,6,19,3,11,36,27,77,34,30,64,141
04/18/2020,AMA,TX,ASW,CE,Combined TRACON& Tower with Radar,4,5,8,2,19,0,0,7,0,7,4,5,15,2,26,0,40,40,66
04/19/2020,AMA,TX,ASW,CE,Combined TRACON& Tower with Radar,7,4,2,2,15,0,0,9,2,11,7,4,11,4,26,0,0,0,26
04/20/2020,AMA,TX,ASW,CE,Combined TRACON& Tower with Radar,4,4,5,33,46,0,0,4,1,5,4,4,9,34,51,18,10,28,79
04/21/2020,AMA,TX,ASW,CE,Combined TRACON& Tower with Radar,2,6,7,44,59,0,0,6,2,8,2,6,13,46,67,6,42,48,115
04/22/2020,AMA,TX,ASW,CE,Combined TRACON& Tower with Radar,4,16,7,18,45,0,0,2,2,4,4,16,9,20,49,0,0,0,49
04/23/2020,AMA,TX,ASW,CE,Combined TRACON& Tower with Radar,5,6,12,48,71,0,0,8,4,12,5,6,20,52,83,8,36,44,127
04/24/2020,AMA,TX,ASW,CE,Combined TRACON& Tower with Radar,5,6,27,28,66,0,0,4,1,5,5,6,31,29,71,0,10,10,81
04/25/2020,AMA,TX,ASW,CE,Combined TRACON& Tower with Radar,4,5,19,25,53,0,0,11,0,11,4,5,30,25,64,2,24,26,90
04/26/2020,AMA,TX,ASW,CE,Combined TRACON& Tower with Radar,6,6,6,0,18,0,1,2,0,3,6,7,8,0,21,12,0,12,33
04/27/2020,AMA,TX,ASW,CE,Combined TRACON& Tower with Radar,6,6,24,25,61,0,0,5,6,11,6,6,29,31,72,0,38,38,110
04/28/2020,AMA,TX,ASW,CE,Combined TRACON& Tower with Radar,6,11,8,25,50,0,0,4,3,7,6,11,12,28,57,10,38,48,105
04/29/2020,AMA,TX,ASW,CE,Combined TRACON& Tower with Radar,4,7,9,24,44,0,3,12,1,16,4,10,21,25,60,50,8,58,118
04/30/2020,AMA,TX,ASW,CE,Combined TRACON& Tower with Radar,3,5,14,9,31,0,0,7,7,14,3,5,21,16,45,14,36,50,95
05/01/2020,AMA,TX,ASW,CE,Combined TRACON& Tower with Radar,5,10,15,15,45,0,0,7,0,7,5,10,22,15,52,14,0,14,66
05/02/2020,AMA,TX,ASW,CE,Combined TRACON& Tower with Radar,5,10,10,3,28,0,2,8,0,10,5,12,18,3,38,0,0,0,38
05/03/2020,AMA,TX,ASW,CE,Combined TRACON& Tower with Radar,8,4,10,0,22,0,2,5,0,7,8,6,15,0,29,0,0,0,29
05/04/2020,AMA,TX,ASW,CE,Combined TRACON& Tower with Radar,6,8,15,25,54,0,1,11,5,17,6,9,26,30,71,22,48,70,141
05/05/2020,AMA,TX,ASW,CE,Combined TRACON& Tower with Radar,9,7,10,11,37,0,1,9,3,13,9,8,19,14,50,18,38,56,106
05/06/2020,AMA,TX,ASW,CE,Combined TRACON& Tower with Radar,8,6,16,27,57,0,0,11,0,11,8,6,27,27,68,24,26,50,118
05/07/2020,AMA,TX,ASW,CE,Combined TRACON& Tower with Radar,12,7,16,13,48,0,3,6,1,10,12,10,22,14,58,0,0,0,58
05/08/2020,AMA,TX,ASW,CE,Combined TRACON& Tower with Radar,13,7,47,14,81,0,2,1,5,8,13,9,48,19,89,0,34,34,123
05/09/2020,AMA,TX,ASW,CE,Combined TRACON& Tower with Radar,12,7,10,5,34,0,1,19,1,21,12,8,29,6,55,0,0,0,55
05/10/2020,AMA,TX,ASW,CE,Combined TRACON& Tower with Radar,12,4,15,0,31,0,0,5,0,5,12,4,20,0,36,0,0,0,36
05/11/2020,AMA,TX,ASW,CE,Combined TRACON& Tower with Radar,12,5,11,2,30,0,0,2,3,5,12,5,13,5,35,0,0,0,35
05/12/2020,AMA,TX,ASW,CE,Combined TRACON& Tower with Radar,12,5,43,20,80,0,0,2,2,4,12,5,45,22,84,0,38,38,122
05/13/2020,AMA,TX,ASW,CE,Combined TRACON& Tower with Radar,12,4,32,15,63,0,1,7,5,13,12,5,39,20,76,14,8,22,98
05/14/2020,AMA,TX,ASW,CE,Combined TRACON& Tower with Radar,12,6,22,12,52,0,0,15,3,18,12,6,37,15,70,36,32,68,138
05/15/2020,AMA,TX,ASW,CE,Combined TRACON& Tower with Radar,12,16,10,7,45,0,1,2,0,3,12,17,12,7,48,0,0,0,48
05/16/2020,AMA,TX,ASW,CE,Combined TRACON& Tower with Radar,12,6,11,5,34,0,0,11,0,11,12,6,22,5,45,0,8,8,53
05/17/2020,AMA,TX,ASW,CE,Combined TRACON& Tower with Radar,12,5,18,2,37,0,0,6,0,6,12,5,24,2,43,20,4,24,67
05/18/2020,AMA,TX,ASW,CE,Combined TRACON& Tower with Radar,12,7,4,7,30,0,0,13,1,14,12,7,17,8,44,4,0,4,48
05/19/2020,AMA,TX,ASW,CE,Combined TRACON& Tower with Radar,12,3,12,12,39,0,2,16,3,21,12,5,28,15,60,0,8,8,68
05/20/2020,AMA,TX,ASW,CE,Combined TRACON& Tower with Radar,12,6,11,12,41,0,0,5,3,8,12,6,16,15,49,10,0,10,59
05/21/2020,AMA,TX,ASW,CE,Combined TRACON& Tower with Radar,14,5,45,27,91,0,0,9,6,15,14,5,54,33,106,4,130,134,240
05/22/2020,AMA,TX,ASW,CE,Combined TRACON& Tower with Radar,12,12,11,4,39,0,0,12,4,16,12,12,23,8,55,4,0,4,59
05/23/2020,AMA,TX,ASW,CE,Combined TRACON& Tower with Radar,12,9,1,2,24,0,0,8,0,8,12,9,9,2,32,0,0,0,32
05/24/2020,AMA,TX,ASW,CE,Combined TRACON& Tower with Radar,12,5,7,2,26,0,0,5,0,5,12,5,12,2,31,14,0,14,45
05/25/2020,AMA,TX,ASW,CE,Combined TRACON& Tower with Radar,12,5,4,0,21,0,0,1,0,1,12,5,5,0,22,4,0,4,26
05/26/2020,AMA,TX,ASW,CE,Combined TRACON& Tower with Radar,12,2,37,14,65,0,0,10,2,12,12,2,47,16,77,0,0,0,77
05/27/2020,AMA,TX,ASW,CE,Combined TRACON& Tower with Radar,12,4,27,30,73,0,0,8,4,12,12,4,35,34,85,6,32,38,123
05/28/2020,AMA,TX,ASW,CE,Combined TRACON& Tower with Radar,12,12,48,24,96,0,1,19,0,20,12,13,67,24,116,38,38,76,192
05/29/2020,AMA,TX,ASW,CE,Combined TRACON& Tower with Radar,12,5,22,13,52,0,0,10,0,10,12,5,32,13,62,42,50,92,154
05/30/2020,AMA,TX,ASW,CE,Combined TRACON& Tower with Radar,12,8,14,5,39,0,0,14,0,14,12,8,28,5,53,0,0,0,53
05/31/2020,AMA,TX,ASW,CE,Combined TRACON& Tower with Radar,12,4,5,0,21,0,0,12,1,13,12,4,17,1,34,14,0,14,48
06/01/2020,AMA,TX,ASW,CE,Combined TRACON& Tower with Radar,12,7,21,15,55,0,0,10,1,11,12,7,31,16,66,10,42,52,118
06/02/2020,AMA,TX,ASW,CE,Combined TRACON& Tower with Radar,12,8,19,9,48,0,0,12,1,13,12,8,31,10,61,2,0,2,63
06/03/2020,AMA,TX,ASW,CE,Combined TRACON& Tower with Radar,12,2,13,10,37,0,0,8,2,10,12,2,21,12,47,0,0,0,47
06/04/2020,AMA,TX,ASW,CE,Combined TRACON& Tower with Radar,10,3,6,7,26,0,2,6,1,9,10,5,12,8,35,16,0,16,51
06/05/2020,AMA,TX,ASW,CE,Combined TRACON& Tower with Radar,8,9,19,13,49,0,2,12,3,17,8,11,31,16,66,18,6,24,90
06/06/2020,AMA,TX,ASW,CE,Combined TRACON& Tower with Radar,8,8,7,0,23,0,0,8,1,9,8,8,15,1,32,18,0,18,50
06/07/2020,AMA,TX,ASW,CE,Combined TRACON& Tower with Radar,12,5,9,0,26,0,1,6,0,7,12,6,15,0,33,2,0,2,35
06/08/2020,AMA,TX,ASW,CE,Combined TRACON& Tower with Radar,10,4,17,23,54,0,0,14,2,16,10,4,31,25,70,0,0,0,70
06/09/2020,AMA,TX,ASW,CE,Combined TRACON& Tower with Radar,10,6,9,0,25,0,0,4,0,4,10,6,13,0,29,0,18,18,47
06/10/2020,AMA,TX,ASW,CE,Combined TRACON& Tower with Radar,10,5,28,51,94,0,2,23,98,123,10,7,51,149,217,0,12,12,229
06/11/2020,AMA,TX,ASW,CE,Combined TRACON& Tower with Radar,10,6,22,18,56,0,0,11,2,13,10,6,33,20,69,6,0,6,75
06/12/2020,AMA,TX,ASW,CE,Combined TRACON& Tower with Radar,10,13,18,23,64,0,0,14,0,14,10,13,32,23,78,18,0,18,96
06/13/2020,AMA,TX,ASW,CE,Combined TRACON& Tower with Radar,8,5,13,3,29,0,1,10,2,13,8,6,23,5,42,16,0,16,58
06/14/2020,AMA,TX,ASW,CE,Combined TRACON& Tower with Radar,10,11,3,1,25,0,0,1,3,4,10,11,4,4,29,4,0,4,33
06/15/2020,AMA,TX,ASW,CE,Combined TRACON& Tower with Radar,10,8,13,12,43,0,0,16,3,19,10,8,29,15,62,14,0,14,76
06/16/2020,AMA,TX,ASW,CE,Combined TRACON& Tower with Radar,10,4,20,16,50,0,2,10,5,17,10,6,30,21,67,10,7,17,84
06/17/2020,AMA,TX,ASW,CE,Combined TRACON& Tower with Radar,10,9,20,11,50,0,0,9,3,12,10,9,29,14,62,0,0,0,62
06/18/2020,AMA,TX,ASW,CE,Combined TRACON& Tower with Radar,10,12,20,23,65,0,0,28,3,31,10,12,48,26,96,8,20,28,124
06/19/2020,AMA,TX,ASW,CE,Combined TRACON& Tower with Radar,12,9,18,26,65,0,0,5,6,11,12,9,23,32,76,0,28,28,104
06/20/2020,AMA,TX,ASW,CE,Combined TRACON& Tower with Radar,8,11,15,5,39,0,3,4,2,9,8,14,19,7,48,0,0,0,48
06/21/2020,AMA,TX,ASW,CE,Combined TRACON& Tower with Radar,14,11,8,0,33,0,0,13,2,15,14,11,21,2,48,0,0,0,48
06/22/2020,AMA,TX,ASW,CE,Combined TRACON& Tower with Radar,10,13,14,98,135,0,1,12,5,18,10,14,26,103,153,14,58,72,225
06/23/2020,AMA,TX,ASW,CE,Combined TRACON& Tower with Radar,10,9,17,20,56,0,3,9,1,13,10,12,26,21,69,26,26,52,121
06/24/2020,AMA,TX,ASW,CE,Combined TRACON& Tower with Radar,10,13,23,52,98,0,0,23,2,25,10,13,46,54,123,6,20,26,149
06/25/2020,AMA,TX,ASW,CE,Combined TRACON& Tower with Radar,10,10,37,43,100,0,0,12,5,17,10,10,49,48,117,14,40,54,171
06/26/2020,AMA,TX,ASW,CE,Combined TRACON& Tower with Radar,10,9,9,34,62,0,0,14,5,19,10,9,23,39,81,18,14,32,113
06/27/2020,AMA,TX,ASW,CE,Combined TRACON& Tower with Radar,8,12,12,1,33,0,0,7,2,9,8,12,19,3,42,0,0,0,42
06/28/2020,AMA,TX,ASW,CE,Combined TRACON& Tower with Radar,8,4,12,0,24,0,1,6,0,7,8,5,18,0,31,22,16,38,69
06/29/2020,AMA,TX,ASW,CE,Combined TRACON& Tower with Radar,10,6,18,7,41,0,3,10,5,18,10,9,28,12,59,2,54,56,115
06/30/2020,AMA,TX,ASW,CE,Combined TRACON& Tower with Radar,8,16,28,17,69,0,0,15,0,15,8,16,43,17,84,0,0,0,84
07/01/2020,AMA,TX,ASW,CE,Combined TRACON& Tower with Radar,8,8,13,3,32,0,0,10,3,13,8,8,23,6,45,22,18,40,85
07/02/2020,AMA,TX,ASW,CE,Combined TRACON& Tower with Radar,10,7,29,5,51,0,0,10,4,14,10,7,39,9,65,42,18,60,125
07/03/2020,AMA,TX,ASW,CE,Combined TRACON& Tower with Radar,12,13,6,0,31,0,0,18,0,18,12,13,24,0,49,8,0,8,57
07/04/2020,AMA,TX,ASW,CE,Combined TRACON& Tower with Radar,9,2,4,0,15,0,0,15,0,15,9,2,19,0,30,14,0,14,44
07/05/2020,AMA,TX,ASW,CE,Combined TRACON& Tower with Radar,8,14,8,2,32,0,0,4,0,4,8,14,12,2,36,0,0,0,36
07/06/2020,AMA,TX,ASW,CE,Combined TRACON& Tower with Radar,13,8,13,6,40,0,1,12,2,15,13,9,25,8,55,16,10,26,81
07/07/2020,AMA,TX,ASW,CE,Combined TRACON& Tower with Radar,10,14,24,8,56,0,0,16,1,17,10,14,40,9,73,10,4,14,87
07/08/2020,AMA,TX,ASW,CE,Combined TRACON& Tower with Radar,12,5,42,4,63,0,1,7,5,13,12,6,49,9,76,16,6,22,98
07/09/2020,AMA,TX,ASW,CE,Combined TRACON& Tower with Radar,14,10,20,13,57,0,0,7,15,22,14,10,27,28,79,24,6,30,109
07/10/2020,AMA,TX,ASW,CE,Combined TRACON& Tower with Radar,16,18,15,38,87,0,0,17,8,25,16,18,32,46,112,10,96,106,218
07/11/2020,AMA,TX,ASW,CE,Combined TRACON& Tower with Radar,10,15,10,7,42,0,1,7,0,8,10,16,17,7,50,16,0,16,66
07/12/2020,AMA,TX,ASW,CE,Combined TRACON& Tower with Radar,12,8,13,2,35,0,1,3,5,9,12,9,16,7,44,0,0,0,44
07/13/2020,AMA,TX,ASW,CE,Combined TRACON& Tower with Radar,14,10,13,8,45,0,0,11,3,14,14,10,24,11,59,24,10,34,93
07/14/2020,AMA,TX,ASW,CE,Combined TRACON& Tower with Radar,12,7,12,11,42,0,0,12,4,16,12,7,24,15,58,20,0,20,78
07/15/2020,AMA,TX,ASW,CE,Combined TRACON& Tower with Radar,12,7,18,4,41,0,0,7,1,8,12,7,25,5,49,0,0,0,49
07/16/2020,AMA,TX,ASW,CE,Combined TRACON& Tower with Radar,14,10,26,16,66,0,1,17,1,19,14,11,43,17,85,20,0,20,105
07/17/2020,AMA,TX,ASW,CE,Combined TRACON& Tower with Radar,14,16,10,40,80,0,0,12,6,18,14,16,22,46,98,12,6,18,116
07/18/2020,AMA,TX,ASW,CE,Combined TRACON& Tower with Radar,10,14,6,6,36,0,0,9,5,14,10,14,15,11,50,10,6,16,66
07/19/2020,AMA,TX,ASW,CE,Combined TRACON& Tower with Radar,12,12,8,10,42,0,0,4,1,5,12,12,12,11,47,16,0,16,63
07/20/2020,AMA,TX,ASW,CE,Combined TRACON& Tower with Radar,14,17,15,23,69,0,0,7,2,9,14,17,22,25,78,0,6,6,84
07/21/2020,AMA,TX,ASW,CE,Combined TRACON& Tower with Radar,10,13,13,33,69,0,0,8,1,9,10,13,21,34,78,20,36,56,134
07/22/2020,AMA,TX,ASW,CE,Combined TRACON& Tower with Radar,12,9,18,8,47,0,0,9,0,9,12,9,27,8,56,22,24,46,102
07/23/2020,AMA,TX,ASW,CE,Combined TRACON& Tower with Radar,14,17,20,20,71,0,0,23,1,24,14,17,43,21,95,0,0,0,95
07/24/2020,AMA,TX,ASW,CE,Combined TRACON& Tower with Radar,14,13,19,5,51,0,2,14,0,16,14,15,33,5,67,20,18,38,105
07/25/2020,AMA,TX,ASW,CE,Combined TRACON& Tower with Radar,10,15,23,10,58,0,0,15,1,16,10,15,38,11,74,34,34,68,142
07/26/2020,AMA,TX,ASW,CE,Combined TRACON& Tower with Radar,12,12,26,25,75,0,0,11,1,12,12,12,37,26,87,20,30,50,137
07/27/2020,AMA,TX,ASW,CE,Combined TRACON& Tower with Radar,14,10,20,12,56,0,0,7,4,11,14,10,27,16,67,0,0,0,67
07/28/2020,AMA,TX,ASW,CE,Combined TRACON& Tower with Radar,12,8,43,33,96,0,0,18,9,27,12,8,61,42,123,8,104,112,235
07/29/2020,AMA,TX,ASW,CE,Combined TRACON& Tower with Radar,12,3,49,44,108,0,0,13,10,23,12,3,62,54,131,0,0,0,131
07/30/2020,AMA,TX,ASW,CE,Combined TRACON& Tower with Radar,14,18,24,36,92,0,2,24,33,59,14,20,48,69,151,0,0,0,151
07/31/2020,AMA,TX,ASW,CE,Combined TRACON& Tower with Radar,14,21,29,6,70,0,2,31,23,56,14,23,60,29,126,0,0,0,126
08/01/2020,AMA,TX,ASW,CE,Combined TRACON& Tower with Radar,10,14,17,1,42,0,0,13,1,14,10,14,30,2,56,36,40,76,132
08/02/2020,AMA,TX,ASW,CE,Combined TRACON& Tower with Radar,12,10,15,4,41,0,0,8,3,11,12,10,23,7,52,0,0,0,52
08/03/2020,AMA,TX,ASW,CE,Combined TRACON& Tower with Radar,14,11,19,25,69,0,0,14,3,17,14,11,33,28,86,16,62,78,164
08/04/2020,AMA,TX,ASW,CE,Combined TRACON& Tower with Radar,10,17,13,23,63,0,1,9,5,15,10,18,22,28,78,2,14,16,94
08/05/2020,AMA,TX,ASW,CE,Combined TRACON& Tower with Radar,13,11,27,74,125,0,2,9,5,16,13,13,36,79,141,0,0,0,141
08/06/2020,AMA,TX,ASW,CE,Combined TRACON& Tower with Radar,16,17,18,45,96,0,2,6,5,13,16,19,24,50,109,0,0,0,109
08/07/2020,AMA,TX,ASW,CE,Combined TRACON& Tower with Radar,14,12,10,10,46,0,0,9,4,13,14,12,19,14,59,24,22,46,105
08/08/2020,AMA,TX,ASW,CE,Combined TRACON& Tower with Radar,9,14,12,2,37,0,0,9,0,9,9,14,21,2,46,0,0,0,46
08/09/2020,AMA,TX,ASW,CE,Combined TRACON& Tower with Radar,14,13,9,19,55,0,2,2,7,11,14,15,11,26,66,0,12,12,78
08/10/2020,AMA,TX,ASW,CE,Combined TRACON& Tower with Radar,17,10,9,21,57,0,0,10,3,13,17,10,19,24,70,6,8,14,84
08/11/2020,AMA,TX,ASW,CE,Combined TRACON& Tower with Radar,15,12,23,15,65,0,0,10,6,16,15,12,33,21,81,4,102,106,187
08/12/2020,AMA,TX,ASW,CE,Combined TRACON& Tower with Radar,18,13,28,17,76,0,0,9,7,16,18,13,37,24,92,10,104,114,206
08/13/2020,AMA,TX,ASW,CE,Combined TRACON& Tower with Radar,16,10,16,2,44,0,0,14,7,21,16,10,30,9,65,20,10,30,95
08/14/2020,AMA,TX,ASW,CE,Combined TRACON& Tower with Radar,18,19,15,13,65,0,0,4,9,13,18,19,19,22,78,0,98,98,176
08/15/2020,AMA,TX,ASW,CE,Combined TRACON& Tower with Radar,15,13,9,2,39,0,1,9,0,10,15,14,18,2,49,0,8,8,57
08/16/2020,AMA,TX,ASW,CE,Combined TRACON& Tower with Radar,18,9,30,0,57,0,0,5,0,5,18,9,35,0,62,0,0,0,62
08/17/2020,AMA,TX,ASW,CE,Combined TRACON& Tower with Radar,17,11,10,11,49,0,0,10,0,10,17,11,20,11,59,0,0,0,59
08/18/2020,AMA,TX,ASW,CE,Combined TRACON& Tower with Radar,14,7,12,11,44,0,1,10,4,15,14,8,22,15,59,0,26,26,85
08/19/2020,AMA,TX,ASW,CE,Combined TRACON& Tower with Radar,14,14,13,24,65,0,0,13,1,14,14,14,26,25,79,0,0,0,79
08/20/2020,AMA,TX,ASW,CE,Combined TRACON& Tower with Radar,14,21,24,24,83,0,0,14,1,15,14,21,38,25,98,0,30,30,128
08/21/2020,AMA,TX,ASW,CE,Combined TRACON& Tower with Radar,14,15,28,63,120,0,0,20,3,23,14,15,48,66,143,20,108,128,271
08/22/2020,AMA,TX,ASW,CE,Combined TRACON& Tower with Radar,15,15,8,18,56,0,1,23,6,30,15,16,31,24,86,18,30,48,134
08/23/2020,AMA,TX,ASW,CE,Combined TRACON& Tower with Radar,16,16,24,0,56,0,2,9,6,17,16,18,33,6,73,24,18,42,115
08/24/2020,AMA,TX,ASW,CE,Combined TRACON& Tower with Radar,13,25,16,11,65,0,0,14,1,15,13,25,30,12,80,0,110,110,190
08/25/2020,AMA,TX,ASW,CE,Combined TRACON& Tower with Radar,25,8,24,7,64,0,0,19,6,25,25,8,43,13,89,8,0,8,97
08/26/2020,AMA,TX,ASW,CE,Combined TRACON& Tower with Radar,14,12,23,42,91,0,1,21,1,23,14,13,44,43,114,10,14,24,138
08/27/2020,AMA,TX,ASW,CE,Combined TRACON& Tower with Radar,14,11,19,31,75,0,0,17,7,24,14,11,36,38,99,26,8,34,133
08/28/2020,AMA,TX,ASW,CE,Combined TRACON& Tower with Radar,14,19,20,53,106,0,2,12,5,19,14,21,32,58,125,20,8,28,153
08/29/2020,AMA,TX,ASW,CE,Combined TRACON& Tower with Radar,13,16,13,20,62,0,0,8,6,14,13,16,21,26,76,0,2,2,78
08/30/2020,AMA,TX,ASW,CE,Combined TRACON& Tower with Radar,16,17,7,32,72,0,2,7,6,15,16,19,14,38,87,0,20,20,107
08/31/2020,AMA,TX,ASW,CE,Combined TRACON& Tower with Radar,14,16,10,4,44,0,0,4,7,11,14,16,14,11,55,0,20,20,75
09/01/2020,AMA,TX,ASW,CE,Combined TRACON& Tower with Radar,16,15,26,22,79,0,0,7,3,10,16,15,33,25,89,4,58,62,151
09/02/2020,AMA,TX,ASW,CE,Combined TRACON& Tower with Radar,21,18,41,11,91,0,0,4,5,9,21,18,45,16,100,24,14,38,138
09/03/2020,AMA,TX,ASW,CE,Combined TRACON& Tower with Radar,14,17,24,23,78,0,2,14,4,20,14,19,38,27,98,28,10,38,136
09/04/2020,AMA,TX,ASW,CE,Combined TRACON& Tower with Radar,14,22,16,0,52,0,1,13,3,17,14,23,29,3,69,0,0,0,69
09/05/2020,AMA,TX,ASW,CE,Combined TRACON& Tower with Radar,17,11,5,0,33,0,1,22,0,23,17,12,27,0,56,20,0,20,76
09/06/2020,AMA,TX,ASW,CE,Combined TRACON& Tower with Radar,14,14,10,0,38,0,1,13,0,14,14,15,23,0,52,2,20,22,74
09/07/2020,AMA,TX,ASW,CE,Combined TRACON& Tower with Radar,12,22,12,4,50,0,0,14,0,14,12,22,26,4,64,60,0,60,124
09/08/2020,AMA,TX,ASW,CE,Combined TRACON& Tower with Radar,12,15,22,4,53,0,0,2,0,2,12,15,24,4,55,0,0,0,55
09/09/2020,AMA,TX,ASW,CE,Combined TRACON& Tower with Radar,10,27,10,3,50,0,0,0,0,0,10,27,10,3,50,0,0,0,50
09/10/2020,AMA,TX,ASW,CE,Combined TRACON& Tower with Radar,10,23,28,32,93,0,0,0,0,0,10,23,28,32,93,0,0,0,93
09/11/2020,AMA,TX,ASW,CE,Combined TRACON& Tower with Radar,10,22,60,103,195,0,2,18,14,34,10,24,78,117,229,50,108,158,387
09/12/2020,AMA,TX,ASW,CE,Combined TRACON& Tower with Radar,10,17,6,61,94,0,0,12,7,19,10,17,18,68,113,118,28,146,259
09/13/2020,AMA,TX,ASW,CE,Combined TRACON& Tower with Radar,10,16,6,4,36,0,0,14,4,18,10,16,20,8,54,32,24,56,110
09/14/2020,AMA,TX,ASW,CE,Combined TRACON& Tower with Radar,11,23,23,34,91,0,0,11,2,13,11,23,34,36,104,0,0,0,104
09/15/2020,AMA,TX,ASW,CE,Combined TRACON& Tower with Radar,9,15,14,6,44,0,3,14,1,18,9,18,28,7,62,64,14,78,140
09/16/2020,AMA,TX,ASW,CE,Combined TRACON& Tower with Radar,11,15,28,30,84,0,1,21,2,24,11,16,49,32,108,40,24,64,172
09/17/2020,AMA,TX,ASW,CE,Combined TRACON& Tower with Radar,10,17,23,13,63,0,0,15,3,18,10,17,38,16,81,20,14,34,115
09/18/2020,AMA,TX,ASW,CE,Combined TRACON& Tower with Radar,10,18,24,36,88,0,0,18,7,25,10,18,42,43,113,8,44,52,165
09/19/2020,AMA,TX,ASW,CE,Combined TRACON& Tower with Radar,10,19,11,25,65,0,1,8,12,21,10,20,19,37,86,12,10,22,108
09/20/2020,AMA,TX,ASW,CE,Combined TRACON& Tower with Radar,10,14,29,7,60,0,0,15,1,16,10,14,44,8,76,6,6,12,88
09/21/2020,AMA,TX,ASW,CE,Combined TRACON& Tower with Radar,12,17,23,42,94,0,0,5,5,10,12,17,28,47,104,10,76,86,190
09/22/2020,AMA,TX,ASW,CE,Combined TRACON& Tower with Radar,12,17,40,78,147,0,0,24,5,29,12,17,64,83,176,2,38,40,216
09/23/2020,AMA,TX,ASW,CE,Combined TRACON& Tower with Radar,10,26,51,47,134,0,7,15,5,27,10,33,66,52,161,16,140,156,317
09/24/2020,AMA,TX,ASW,CE,Combined TRACON& Tower with Radar,10,20,26,23,79,0,2,29,8,39,10,22,55,31,118,14,10,24,142
09/25/2020,AMA,TX,ASW,CE,Combined TRACON& Tower with Radar,10,25,34,37,106,0,0,19,4,23,10,25,53,41,129,0,0,0,129
09/26/2020,AMA,TX,ASW,CE,Combined TRACON& Tower with Radar,10,18,13,1,42,0,0,14,3,17,10,18,27,4,59,0,0,0,59
09/27/2020,AMA,TX,ASW,CE,Combined TRACON& Tower with Radar,10,17,10,18,55,0,0,7,6,13,10,17,17,24,68,0,0,0,68
09/28/2020,AMA,TX,ASW,CE,Combined TRACON& Tower with Radar,10,21,21,35,87,0,0,8,6,14,10,21,29,41,101,0,0,0,101
09/29/2020,AMA,TX,ASW,CE,Combined TRACON& Tower with Radar,14,13,16,16,59,0,1,11,6,18,14,14,27,22,77,28,134,162,239
09/30/2020,AMA,TX,ASW,CE,Combined TRACON& Tower with Radar,10,21,17,8,56,0,4,18,5,27,10,25,35,13,83,0,0,0,83
10/01/2020,AMA,TX,ASW,CE,Combined TRACON& Tower with Radar,10,22,39,26,97,0,2,22,2,26,10,24,61,28,123,0,0,0,123
10/02/2020,AMA,TX,ASW,CE,Combined TRACON& Tower with Radar,10,20,39,27,96,0,3,12,8,23,10,23,51,35,119,0,24,24,143
10/03/2020,AMA,TX,ASW,CE,Combined TRACON& Tower with Radar,10,17,14,8,49,0,0,9,0,9,10,17,23,8,58,0,0,0,58
10/04/2020,AMA,TX,ASW,CE,Combined TRACON& Tower with Radar,10,19,15,9,53,0,0,12,5,17,10,19,27,14,70,16,20,36,106
10/05/2020,AMA,TX,ASW,CE,Combined TRACON& Tower with Radar,23,22,19,56,120,0,2,14,2,18,23,24,33,58,138,0,94,94,232
10/06/2020,AMA,TX,ASW,CE,Combined TRACON& Tower with Radar,17,20,18,11,66,0,3,16,5,24,17,23,34,16,90,12,28,40,130
10/07/2020,AMA,TX,ASW,CE,Combined TRACON& Tower with Radar,26,22,23,21,92,0,0,15,0,15,26,22,38,21,107,0,46,46,153
10/08/2020,AMA,TX,ASW,CE,Combined TRACON& Tower with Radar,10,26,12,43,91,0,0,18,2,20,10,26,30,45,111,12,46,58,169
10/09/2020,AMA,TX,ASW,CE,Combined TRACON& Tower with Radar,12,19,8,36,75,0,2,14,10,26,12,21,22,46,101,52,146,198,299
10/10/2020,AMA,TX,ASW,CE,Combined TRACON& Tower with Radar,12,17,15,41,85,0,2,17,1,20,12,19,32,42,105,0,18,18,123
10/11/2020,AMA,TX,ASW,CE,Combined TRACON& Tower with Radar,14,12,21,0,47,0,1,15,2,18,14,13,36,2,65,18,0,18,83
10/12/2020,AMA,TX,ASW,CE,Combined TRACON& Tower with Radar,14,20,17,2,53,0,4,28,8,40,14,24,45,10,93,34,0,34,127
10/13/2020,AMA,TX,ASW,CE,Combined TRACON& Tower with Radar,10,21,31,15,77,0,0,15,3,18,10,21,46,18,95,2,42,44,139
10/14/2020,AMA,TX,ASW,CE,Combined TRACON& Tower with Radar,10,26,31,6,73,0,3,18,1,22,10,29,49,7,95,10,10,20,115
10/15/2020,AMA,TX,ASW,CE,Combined TRACON& Tower with Radar,10,26,34,16,86,0,2,11,7,20,10,28,45,23,106,12,46,58,164
10/16/2020,AMA,TX,ASW,CE,Combined TRACON& Tower with Radar,14,21,20,73,128,0,0,22,9,31,14,21,42,82,159,2,12,14,173
10/17/2020,AMA,TX,ASW,CE,Combined TRACON& Tower with Radar,12,17,5,8,42,0,0,8,2,10,12,17,13,10,52,46,0,46,98
10/18/2020,AMA,TX,ASW,CE,Combined TRACON& Tower with Radar,14,18,19,54,105,0,0,1,0,1,14,18,20,54,106,0,0,0,106
10/19/2020,AMA,TX,ASW,CE,Combined TRACON& Tower with Radar,13,18,14,58,103,0,2,13,43,58,13,20,27,101,161,0,0,0,161
10/20/2020,AMA,TX,ASW,CE,Combined TRACON& Tower with Radar,11,28,21,29,89,0,1,10,2,13,11,29,31,31,102,8,24,32,134
10/21/2020,AMA,TX,ASW,CE,Combined TRACON& Tower with Radar,10,18,28,19,75,0,0,8,0,8,10,18,36,19,83,6,6,12,95
10/22/2020,AMA,TX,ASW,CE,Combined TRACON& Tower with Radar,9,25,19,13,66,0,0,15,8,23,9,25,34,21,89,0,0,0,89
10/23/2020,AMA,TX,ASW,CE,Combined TRACON& Tower with Radar,12,22,13,54,101,0,0,3,5,8,12,22,16,59,109,0,30,30,139
10/24/2020,AMA,TX,ASW,CE,Combined TRACON& Tower with Radar,12,15,7,18,52,0,1,5,1,7,12,16,12,19,59,0,0,0,59
10/25/2020,AMA,TX,ASW,CE,Combined TRACON& Tower with Radar,12,21,21,2,56,0,0,0,0,0,12,21,21,2,56,0,0,0,56
10/26/2020,AMA,TX,ASW,CE,Combined TRACON& Tower with Radar,0,0,0,0,0,0,0,1,0,1,0,0,1,0,1,0,0,0,1
10/27/2020,AMA,TX,ASW,CE,Combined TRACON& Tower with Radar,0,0,0,0,0,0,0,0,0,0,0,0,0,0,0,0,0,0,0
10/28/2020,AMA,TX,ASW,CE,Combined TRACON& Tower with Radar,0,3,4,0,7,0,0,0,0,0,0,3,4,0,7,0,0,0,7
10/29/2020,AMA,TX,ASW,CE,Combined TRACON& Tower with Radar,12,17,17,2,48,0,0,7,6,13,12,17,24,8,61,14,0,14,75
10/30/2020,AMA,TX,ASW,CE,Combined TRACON& Tower with Radar,14,20,28,35,97,0,0,22,3,25,14,20,50,38,122,0,36,36,158
10/31/2020,AMA,TX,ASW,CE,Combined TRACON& Tower with Radar,12,11,12,12,47,0,1,17,5,23,12,12,29,17,70,6,0,6,76
11/01/2020,AMA,TX,ASW,CE,Combined TRACON& Tower with Radar,12,19,12,6,49,0,0,13,0,13,12,19,25,6,62,46,0,46,108
11/02/2020,AMA,TX,ASW,CE,Combined TRACON& Tower with Radar,12,21,28,19,80,0,0,20,2,22,12,21,48,21,102,58,40,98,200
11/03/2020,AMA,TX,ASW,CE,Combined TRACON& Tower with Radar,14,17,14,21,66,0,0,17,11,28,14,17,31,32,94,28,60,88,182
11/04/2020,AMA,TX,ASW,CE,Combined TRACON& Tower with Radar,10,19,16,22,67,0,0,26,1,27,10,19,42,23,94,50,34,84,178
11/05/2020,AMA,TX,ASW,CE,Combined TRACON& Tower with Radar,12,22,42,35,111,0,0,16,5,21,12,22,58,40,132,10,14,24,156
11/06/2020,AMA,TX,ASW,CE,Combined TRACON& Tower with Radar,14,20,20,40,94,0,0,25,3,28,14,20,45,43,122,20,80,100,222
11/07/2020,AMA,TX,ASW,CE,Combined TRACON& Tower with Radar,16,16,8,0,40,0,1,8,3,12,16,17,16,3,52,14,0,14,66
11/08/2020,AMA,TX,ASW,CE,Combined TRACON& Tower with Radar,18,15,19,11,63,0,1,4,1,6,18,16,23,12,69,10,4,14,83
11/09/2020,AMA,TX,ASW,CE,Combined TRACON& Tower with Radar,12,17,33,40,102,0,1,14,2,17,12,18,47,42,119,0,124,124,243
11/10/2020,AMA,TX,ASW,CE,Combined TRACON& Tower with Radar,10,18,49,27,104,0,2,19,6,27,10,20,68,33,131,32,132,164,295
11/11/2020,AMA,TX,ASW,CE,Combined TRACON& Tower with Radar,12,23,9,0,44,0,0,18,2,20,12,23,27,2,64,44,0,44,108
11/12/2020,AMA,TX,ASW,CE,Combined TRACON& Tower with Radar,14,13,20,35,82,0,0,8,0,8,14,13,28,35,90,0,0,0,90
11/13/2020,AMA,TX,ASW,CE,Combined TRACON& Tower with Radar,16,18,53,83,170,0,3,9,4,16,16,21,62,87,186,44,118,162,348
11/14/2020,AMA,TX,ASW,CE,Combined TRACON& Tower with Radar,16,20,7,1,44,0,0,7,2,9,16,20,14,3,53,2,0,2,55
11/15/2020,AMA,TX,ASW,CE,Combined TRACON& Tower with Radar,18,19,22,19,78,0,1,17,6,24,18,20,39,25,102,30,18,48,150
11/16/2020,AMA,TX,ASW,CE,Combined TRACON& Tower with Radar,15,21,21,24,81,0,0,8,1,9,15,21,29,25,90,0,22,22,112
11/17/2020,AMA,TX,ASW,CE,Combined TRACON& Tower with Radar,12,17,12,17,58,0,0,7,2,9,12,17,19,19,67,24,28,52,119
11/18/2020,AMA,TX,ASW,CE,Combined TRACON& Tower with Radar,13,17,28,22,80,0,0,7,6,13,13,17,35,28,93,0,10,10,103
11/19/2020,AMA,TX,ASW,CE,Combined TRACON& Tower with Radar,15,11,9,14,49,0,0,8,4,12,15,11,17,18,61,10,52,62,123
11/20/2020,AMA,TX,ASW,CE,Combined TRACON& Tower with Radar,16,15,26,18,75,0,4,16,1,21,16,19,42,19,96,14,22,36,132
11/21/2020,AMA,TX,ASW,CE,Combined TRACON& Tower with Radar,18,19,17,0,54,0,0,2,3,5,18,19,19,3,59,0,0,0,59
11/22/2020,AMA,TX,ASW,CE,Combined TRACON& Tower with Radar,19,13,15,0,47,0,0,2,0,2,19,13,17,0,49,6,0,6,55
11/23/2020,AMA,TX,ASW,CE,Combined TRACON& Tower with Radar,15,22,17,6,60,0,0,0,0,0,15,22,17,6,60,0,0,0,60
11/24/2020,AMA,TX,ASW,CE,Combined TRACON& Tower with Radar,23,20,4,28,75,0,0,8,65,73,23,20,12,93,148,0,0,0,148
11/25/2020,AMA,TX,ASW,CE,Combined TRACON& Tower with Radar,18,17,12,7,54,0,0,38,13,51,18,17,50,20,105,0,0,0,105
11/26/2020,AMA,TX,ASW,CE,Combined TRACON& Tower with Radar,6,10,4,0,20,0,0,3,0,3,6,10,7,0,23,6,0,6,29
11/27/2020,AMA,TX,ASW,CE,Combined TRACON& Tower with Radar,10,14,4,1,29,0,0,44,1,45,10,14,48,2,74,0,0,0,74
11/28/2020,AMA,TX,ASW,CE,Combined TRACON& Tower with Radar,16,22,3,0,41,0,0,0,0,0,16,22,3,0,41,0,0,0,41
11/29/2020,AMA,TX,ASW,CE,Combined TRACON& Tower with Radar,16,16,9,0,41,0,0,3,2,5,16,16,12,2,46,0,0,0,46
11/30/2020,AMA,TX,ASW,CE,Combined TRACON& Tower with Radar,17,21,12,6,56,0,0,9,0,9,17,21,21,6,65,0,8,8,73
12/01/2020,AMA,TX,ASW,CE,Combined TRACON& Tower with Radar,13,17,11,8,49,0,0,10,0,10,13,17,21,8,59,18,24,42,101
12/02/2020,AMA,TX,ASW,CE,Combined TRACON& Tower with Radar,8,16,7,0,31,0,0,0,0,0,8,16,7,0,31,8,0,8,39
12/03/2020,AMA,TX,ASW,CE,Combined TRACON& Tower with Radar,10,18,18,2,48,0,0,5,3,8,10,18,23,5,56,10,0,10,66
12/04/2020,AMA,TX,ASW,CE,Combined TRACON& Tower with Radar,12,22,13,37,84,0,0,3,6,9,12,22,16,43,93,16,22,38,131
12/05/2020,AMA,TX,ASW,CE,Combined TRACON& Tower with Radar,14,14,9,4,41,0,0,8,0,8,14,14,17,4,49,0,0,0,49
12/06/2020,AMA,TX,ASW,CE,Combined TRACON& Tower with Radar,14,14,11,10,49,0,0,12,0,12,14,14,23,10,61,6,8,14,75
12/07/2020,AMA,TX,ASW,CE,Combined TRACON& Tower with Radar,13,17,24,14,68,0,0,15,2,17,13,17,39,16,85,34,12,46,131
12/08/2020,AMA,TX,ASW,CE,Combined TRACON& Tower with Radar,8,13,10,0,31,0,0,9,3,12,8,13,19,3,43,34,0,34,77
12/09/2020,AMA,TX,ASW,CE,Combined TRACON& Tower with Radar,10,15,14,3,42,0,1,15,6,22,10,16,29,9,64,22,12,34,98
12/10/2020,AMA,TX,ASW,CE,Combined TRACON& Tower with Radar,10,21,21,8,60,0,1,14,4,19,10,22,35,12,79,26,10,36,115
12/11/2020,AMA,TX,ASW,CE,Combined TRACON& Tower with Radar,16,16,12,42,86,0,0,12,0,12,16,16,24,42,98,8,10,18,116
12/12/2020,AMA,TX,ASW,CE,Combined TRACON& Tower with Radar,13,14,5,22,54,0,5,19,0,24,13,19,24,22,78,0,40,40,118
12/13/2020,AMA,TX,ASW,CE,Combined TRACON& Tower with Radar,12,11,5,0,28,0,0,3,0,3,12,11,8,0,31,0,0,0,31
12/14/2020,AMA,TX,ASW,CE,Combined TRACON& Tower with Radar,19,18,13,19,69,0,0,9,1,10,19,18,22,20,79,0,22,22,101
12/15/2020,AMA,TX,ASW,CE,Combined TRACON& Tower with Radar,8,20,8,2,38,0,0,1,0,1,8,20,9,2,39,2,8,10,49
12/16/2020,AMA,TX,ASW,CE,Combined TRACON& Tower with Radar,8,15,16,32,71,0,0,34,6,40,8,15,50,38,111,0,0,0,111
12/17/2020,AMA,TX,ASW,CE,Combined TRACON& Tower with Radar,14,21,31,17,83,0,0,10,7,17,14,21,41,24,100,8,14,22,122
12/18/2020,AMA,TX,ASW,CE,Combined TRACON& Tower with Radar,15,14,17,68,114,0,0,3,7,10,15,14,20,75,124,4,80,84,208
12/19/2020,AMA,TX,ASW,CE,Combined TRACON& Tower with Radar,18,14,17,1,50,0,2,12,4,18,18,16,29,5,68,28,20,48,116
12/20/2020,AMA,TX,ASW,CE,Combined TRACON& Tower with Radar,14,12,14,9,49,0,2,13,4,19,14,14,27,13,68,16,0,16,84
12/21/2020,AMA,TX,ASW,CE,Combined TRACON& Tower with Radar,16,15,16,7,54,0,0,8,1,9,16,15,24,8,63,4,0,4,67
12/22/2020,AMA,TX,ASW,CE,Combined TRACON& Tower with Radar,14,22,21,5,62,0,0,10,4,14,14,22,31,9,76,6,14,20,96
12/23/2020,AMA,TX,ASW,CE,Combined TRACON& Tower with Radar,16,13,7,0,36,0,0,3,0,3,16,13,10,0,39,0,0,0,39
12/24/2020,AMA,TX,ASW,CE,Combined TRACON& Tower with Radar,10,16,5,0,31,0,0,11,0,11,10,16,16,0,42,0,0,0,42
12/25/2020,AMA,TX,ASW,CE,Combined TRACON& Tower with Radar,6,10,0,0,16,0,0,3,0,3,6,10,3,0,19,0,0,0,19
12/26/2020,AMA,TX,ASW,CE,Combined TRACON& Tower with Radar,16,21,15,0,52,0,1,7,0,8,16,22,22,0,60,6,0,6,66
12/27/2020,AMA,TX,ASW,CE,Combined TRACON& Tower with Radar,16,22,19,0,57,0,1,12,0,13,16,23,31,0,70,40,0,40,110
12/28/2020,AMA,TX,ASW,CE,Combined TRACON& Tower with Radar,14,19,18,0,51,0,0,3,0,3,14,19,21,0,54,0,0,0,54
12/29/2020,AMA,TX,ASW,CE,Combined TRACON& Tower with Radar,12,22,16,0,50,0,0,0,0,0,12,22,16,0,50,0,0,0,50
12/30/2020,AMA,TX,ASW,CE,Combined TRACON& Tower with Radar,24,13,12,7,56,0,0,11,1,12,24,13,23,8,68,0,0,0,68
12/31/2020,AMA,TX,ASW,CE,Combined TRACON& Tower with Radar,10,14,6,0,30,0,0,14,0,14,10,14,20,0,44,14,0,14,58
01/01/2021,AMA,TX,ASW,CE,Combined TRACON& Tower with Radar,10,21,2,1,34,0,2,9,1,12,10,23,11,2,46,0,0,0,46
01/02/2021,AMA,TX,ASW,CE,Combined TRACON& Tower with Radar,16,17,15,0,48,0,0,21,0,21,16,17,36,0,69,36,0,36,105
01/03/2021,AMA,TX,ASW,CE,Combined TRACON& Tower with Radar,16,16,13,0,45,0,0,17,0,17,16,16,30,0,62,22,0,22,84
01/04/2021,AMA,TX,ASW,CE,Combined TRACON& Tower with Radar,15,20,12,7,54,0,0,20,1,21,15,20,32,8,75,30,0,30,105
01/05/2021,AMA,TX,ASW,CE,Combined TRACON& Tower with Radar,12,22,13,12,59,0,1,10,3,14,12,23,23,15,73,0,0,0,73
01/06/2021,AMA,TX,ASW,CE,Combined TRACON& Tower with Radar,10,22,8,16,56,0,0,2,0,2,10,22,10,16,58,0,0,0,58
01/07/2021,AMA,TX,ASW,CE,Combined TRACON& Tower with Radar,10,17,25,31,83,0,0,23,3,26,10,17,48,34,109,22,56,78,187
01/08/2021,AMA,TX,ASW,CE,Combined TRACON& Tower with Radar,11,12,20,8,51,0,1,6,2,9,11,13,26,10,60,0,0,0,60
01/09/2021,AMA,TX,ASW,CE,Combined TRACON& Tower with Radar,12,21,12,6,51,0,0,13,0,13,12,21,25,6,64,0,0,0,64
01/10/2021,AMA,TX,ASW,CE,Combined TRACON& Tower with Radar,10,11,6,0,27,0,0,0,2,2,10,11,6,2,29,0,0,0,29
01/11/2021,AMA,TX,ASW,CE,Combined TRACON& Tower with Radar,11,22,18,11,62,0,0,11,8,19,11,22,29,19,81,22,28,50,131
01/12/2021,AMA,TX,ASW,CE,Combined TRACON& Tower with Radar,10,19,36,30,95,0,0,18,5,23,10,19,54,35,118,36,46,82,200
01/13/2021,AMA,TX,ASW,CE,Combined TRACON& Tower with Radar,8,15,14,54,91,0,0,19,7,26,8,15,33,61,117,50,16,66,183
01/14/2021,AMA,TX,ASW,CE,Combined TRACON& Tower with Radar,10,14,9,8,41,0,0,16,23,39,10,14,25,31,80,0,0,0,80
01/15/2021,AMA,TX,ASW,CE,Combined TRACON& Tower with Radar,12,19,21,51,103,0,0,4,3,7,12,19,25,54,110,22,30,52,162
01/16/2021,AMA,TX,ASW,CE,Combined TRACON& Tower with Radar,12,20,20,5,57,0,0,27,2,29,12,20,47,7,86,38,0,38,124
01/17/2021,AMA,TX,ASW,CE,Combined TRACON& Tower with Radar,12,16,11,29,68,0,1,15,8,24,12,17,26,37,92,18,0,18,110
01/18/2021,AMA,TX,ASW,CE,Combined TRACON& Tower with Radar,10,15,15,4,44,0,0,6,0,6,10,15,21,4,50,0,0,0,50
01/19/2021,AMA,TX,ASW,CE,Combined TRACON& Tower with Radar,10,22,16,55,103,0,1,17,0,18,10,23,33,55,121,0,0,0,121
01/20/2021,AMA,TX,ASW,CE,Combined TRACON& Tower with Radar,11,19,31,39,100,0,0,8,4,12,11,19,39,43,112,30,0,30,142
01/21/2021,AMA,TX,ASW,CE,Combined TRACON& Tower with Radar,11,20,17,44,92,0,0,19,3,22,11,20,36,47,114,48,20,68,182
01/22/2021,AMA,TX,ASW,CE,Combined TRACON& Tower with Radar,16,25,10,48,99,0,0,6,0,6,16,25,16,48,105,0,0,0,105
01/23/2021,AMA,TX,ASW,CE,Combined TRACON& Tower with Radar,12,17,24,84,137,0,0,11,61,72,12,17,35,145,209,0,0,0,209
01/24/2021,AMA,TX,ASW,CE,Combined TRACON& Tower with Radar,12,12,4,35,63,0,0,2,0,2,12,12,6,35,65,0,0,0,65
01/25/2021,AMA,TX,ASW,CE,Combined TRACON& Tower with Radar,12,22,31,96,161,0,0,34,63,97,12,22,65,159,258,0,0,0,258
01/26/2021,AMA,TX,ASW,CE,Combined TRACON& Tower with Radar,12,20,20,2,54,0,0,1,0,1,12,20,21,2,55,0,0,0,55
01/27/2021,AMA,TX,ASW,CE,Combined TRACON& Tower with Radar,8,30,19,18,75,0,0,15,1,16,8,30,34,19,91,0,0,0,91
01/28/2021,AMA,TX,ASW,CE,Combined TRACON& Tower with Radar,10,21,26,18,75,0,0,15,0,15,10,21,41,18,90,0,0,0,90
01/29/2021,AMA,TX,ASW,CE,Combined TRACON& Tower with Radar,12,24,25,77,138,0,0,16,2,18,12,24,41,79,156,10,8,18,174
01/30/2021,AMA,TX,ASW,CE,Combined TRACON& Tower with Radar,11,8,3,0,22,0,0,1,0,1,11,8,4,0,23,0,0,0,23
01/31/2021,AMA,TX,ASW,CE,Combined TRACON& Tower with Radar,13,13,18,7,51,0,1,16,5,22,13,14,34,12,73,40,34,74,147
02/01/2021,AMA,TX,ASW,CE,Combined TRACON& Tower with Radar,10,20,30,64,124,0,1,21,5,27,10,21,51,69,151,0,12,12,163
02/02/2021,AMA,TX,ASW,CE,Combined TRACON& Tower with Radar,10,16,17,25,68,0,0,25,6,31,10,16,42,31,99,24,20,44,143
02/03/2021,AMA,TX,ASW,CE,Combined TRACON& Tower with Radar,8,15,20,42,85,0,0,11,3,14,8,15,31,45,99,6,10,16,115
02/04/2021,AMA,TX,ASW,CE,Combined TRACON& Tower with Radar,10,16,22,30,78,0,0,11,2,13,10,16,33,32,91,4,22,26,117
02/05/2021,AMA,TX,ASW,CE,Combined TRACON& Tower with Radar,12,19,24,40,95,0,0,26,4,30,12,19,50,44,125,24,4,28,153
02/06/2021,AMA,TX,ASW,CE,Combined TRACON& Tower with Radar,14,14,15,30,73,0,0,17,0,17,14,14,32,30,90,0,0,0,90
02/07/2021,AMA,TX,ASW,CE,Combined TRACON& Tower with Radar,14,18,13,31,76,0,0,8,1,9,14,18,21,32,85,4,6,10,95
02/08/2021,AMA,TX,ASW,CE,Combined TRACON& Tower with Radar,10,18,23,22,73,0,0,9,0,9,10,18,32,22,82,10,12,22,104
02/09/2021,AMA,TX,ASW,CE,Combined TRACON& Tower with Radar,10,13,32,26,81,0,0,9,2,11,10,13,41,28,92,0,0,0,92
02/10/2021,AMA,TX,ASW,CE,Combined TRACON& Tower with Radar,8,23,20,0,51,0,0,11,0,11,8,23,31,0,62,0,0,0,62
02/11/2021,AMA,TX,ASW,CE,Combined TRACON& Tower with Radar,8,21,29,3,61,0,0,7,2,9,8,21,36,5,70,20,20,40,110
02/12/2021,AMA,TX,ASW,CE,Combined TRACON& Tower with Radar,10,18,20,1,49,0,0,5,1,6,10,18,25,2,55,0,0,0,55
02/13/2021,AMA,TX,ASW,CE,Combined TRACON& Tower with Radar,9,16,5,0,30,0,0,1,0,1,9,16,6,0,31,0,0,0,31
02/14/2021,AMA,TX,ASW,CE,Combined TRACON& Tower with Radar,0,0,4,0,4,0,0,0,0,0,0,0,4,0,4,0,0,0,4
02/15/2021,AMA,TX,ASW,CE,Combined TRACON& Tower with Radar,2,14,10,0,26,0,0,5,0,5,2,14,15,0,31,0,0,0,31
02/16/2021,AMA,TX,ASW,CE,Combined TRACON& Tower with Radar,4,4,12,0,20,0,0,2,0,2,4,4,14,0,22,0,0,0,22
02/17/2021,AMA,TX,ASW,CE,Combined TRACON& Tower with Radar,3,3,3,4,13,0,2,0,0,2,3,5,3,4,15,0,0,0,15
02/18/2021,AMA,TX,ASW,CE,Combined TRACON& Tower with Radar,4,14,15,0,33,0,0,0,0,0,4,14,15,0,33,0,0,0,33
02/19/2021,AMA,TX,ASW,CE,Combined TRACON& Tower with Radar,11,17,16,27,71,0,0,5,5,10,11,17,21,32,81,0,0,0,81
02/20/2021,AMA,TX,ASW,CE,Combined TRACON& Tower with Radar,15,15,11,29,70,0,1,7,13,21,15,16,18,42,91,0,44,44,135
02/21/2021,AMA,TX,ASW,CE,Combined TRACON& Tower with Radar,12,16,10,15,53,0,0,12,0,12,12,16,22,15,65,6,4,10,75
02/22/2021,AMA,TX,ASW,CE,Combined TRACON& Tower with Radar,8,27,20,29,84,0,0,31,2,33,8,27,51,31,117,4,60,64,181
02/23/2021,AMA,TX,ASW,CE,Combined TRACON& Tower with Radar,9,24,20,45,98,0,2,20,8,30,9,26,40,53,128,0,18,18,146
02/24/2021,AMA,TX,ASW,CE,Combined TRACON& Tower with Radar,8,24,13,70,115,0,0,28,2,30,8,24,41,72,145,10,10,20,165
02/25/2021,AMA,TX,ASW,CE,Combined TRACON& Tower with Radar,11,20,48,60,139,0,0,27,2,29,11,20,75,62,168,28,76,104,272
02/26/2021,AMA,TX,ASW,CE,Combined TRACON& Tower with Radar,13,20,25,128,186,0,0,53,127,180,13,20,78,255,366,0,0,0,366
02/27/2021,AMA,TX,ASW,CE,Combined TRACON& Tower with Radar,14,15,13,11,53,0,0,7,2,9,14,15,20,13,62,0,0,0,62
02/28/2021,AMA,TX,ASW,CE,Combined TRACON& Tower with Radar,7,13,14,15,49,0,0,22,0,22,7,13,36,15,71,22,0,22,93
03/01/2021,AMA,TX,ASW,CE,Combined TRACON& Tower with Radar,7,17,29,57,110,0,0,14,0,14,7,17,43,57,124,14,4,18,142
03/02/2021,AMA,TX,ASW,CE,Combined TRACON& Tower with Radar,17,14,24,23,78,0,0,18,4,22,17,14,42,27,100,18,38,56,156
03/03/2021,AMA,TX,ASW,CE,Combined TRACON& Tower with Radar,8,21,31,22,82,0,0,19,1,20,8,21,50,23,102,0,58,58,160
03/04/2021,AMA,TX,ASW,CE,Combined TRACON& Tower with Radar,16,21,33,22,92,0,0,11,0,11,16,21,44,22,103,0,0,0,103
03/05/2021,AMA,TX,ASW,CE,Combined TRACON& Tower with Radar,16,18,17,43,94,0,0,21,0,21,16,18,38,43,115,0,0,0,115
03/06/2021,AMA,TX,ASW,CE,Combined TRACON& Tower with Radar,14,17,12,7,50,0,0,22,3,25,14,17,34,10,75,40,6,46,121
03/07/2021,AMA,TX,ASW,CE,Combined TRACON& Tower with Radar,20,12,19,18,69,0,1,24,22,47,20,13,43,40,116,0,0,0,116
03/08/2021,AMA,TX,ASW,CE,Combined TRACON& Tower with Radar,19,17,28,26,90,0,0,33,53,86,19,17,61,79,176,0,0,0,176
03/09/2021,AMA,TX,ASW,CE,Combined TRACON& Tower with Radar,15,13,24,12,64,0,0,13,1,14,15,13,37,13,78,16,42,58,136
03/10/2021,AMA,TX,ASW,CE,Combined TRACON& Tower with Radar,14,12,36,41,103,0,0,8,6,14,14,12,44,47,117,4,50,54,171
03/11/2021,AMA,TX,ASW,CE,Combined TRACON& Tower with Radar,19,21,34,52,126,0,0,18,11,29,19,21,52,63,155,22,54,76,231
03/12/2021,AMA,TX,ASW,CE,Combined TRACON& Tower with Radar,20,14,29,2,65,0,0,6,0,6,20,14,35,2,71,0,0,0,71
03/13/2021,AMA,TX,ASW,CE,Combined TRACON& Tower with Radar,10,11,10,0,31,0,0,3,0,3,10,11,13,0,34,0,0,0,34
03/14/2021,AMA,TX,ASW,CE,Combined TRACON& Tower with Radar,18,17,22,48,105,0,0,7,14,21,18,17,29,62,126,0,2,2,128
03/15/2021,AMA,TX,ASW,CE,Combined TRACON& Tower with Radar,20,17,35,26,98,0,0,18,10,28,20,17,53,36,126,0,18,18,144
03/16/2021,AMA,TX,ASW,CE,Combined TRACON& Tower with Radar,16,13,16,14,59,0,2,12,2,16,16,15,28,16,75,22,0,22,97
03/17/2021,AMA,TX,ASW,CE,Combined TRACON& Tower with Radar,0,5,13,6,24,0,0,1,0,1,0,5,14,6,25,0,0,0,25
03/18/2021,AMA,TX,ASW,CE,Combined TRACON& Tower with Radar,21,18,34,69,142,0,3,15,8,26,21,21,49,77,168,10,18,28,196
03/19/2021,AMA,TX,ASW,CE,Combined TRACON& Tower with Radar,18,23,22,37,100,0,1,29,8,38,18,24,51,45,138,112,18,130,268
03/20/2021,AMA,TX,ASW,CE,Combined TRACON& Tower with Radar,12,15,21,3,51,0,2,12,6,20,12,17,33,9,71,20,0,20,91
03/21/2021,AMA,TX,ASW,CE,Combined TRACON& Tower with Radar,20,11,20,2,53,0,0,21,2,23,20,11,41,4,76,34,0,34,110
03/22/2021,AMA,TX,ASW,CE,Combined TRACON& Tower with Radar,22,12,16,12,62,0,1,13,1,15,22,13,29,13,77,0,0,0,77
03/23/2021,AMA,TX,ASW,CE,Combined TRACON& Tower with Radar,16,13,15,31,75,0,0,21,6,27,16,13,36,37,102,12,76,88,190
03/24/2021,AMA,TX,ASW,CE,Combined TRACON& Tower with Radar,15,17,14,0,46,0,0,4,0,4,15,17,18,0,50,0,0,0,50
03/25/2021,AMA,TX,ASW,CE,Combined TRACON& Tower with Radar,20,15,17,132,184,0,0,32,8,40,20,15,49,140,224,14,78,92,316
03/26/2021,AMA,TX,ASW,CE,Combined TRACON& Tower with Radar,22,19,29,74,144,0,2,13,0,15,22,21,42,74,159,2,16,18,177
03/27/2021,AMA,TX,ASW,CE,Combined TRACON& Tower with Radar,12,21,15,91,139,0,1,19,74,94,12,22,34,165,233,0,0,0,233
03/28/2021,AMA,TX,ASW,CE,Combined TRACON& Tower with Radar,19,19,20,0,58,0,2,36,0,38,19,21,56,0,96,0,0,0,96
03/29/2021,AMA,TX,ASW,CE,Combined TRACON& Tower with Radar,18,17,14,29,78,0,1,15,3,19,18,18,29,32,97,0,0,0,97
03/30/2021,AMA,TX,ASW,CE,Combined TRACON& Tower with Radar,16,17,36,109,178,0,0,12,5,17,16,17,48,114,195,0,0,0,195
03/31/2021,AMA,TX,ASW,CE,Combined TRACON& Tower with Radar,16,23,27,30,96,0,2,18,5,25,16,25,45,35,121,26,46,72,193
04/01/2021,AMA,TX,ASW,CE,Combined TRACON& Tower with Radar,20,17,23,22,82,0,2,12,1,15,20,19,35,23,97,10,14,24,121
04/02/2021,AMA,TX,ASW,CE,Combined TRACON& Tower with Radar,18,10,17,55,100,0,0,11,4,15,18,10,28,59,115,6,0,6,121
04/03/2021,AMA,TX,ASW,CE,Combined TRACON& Tower with Radar,20,12,8,7,47,0,2,39,17,58,20,14,47,24,105,0,0,0,105
04/04/2021,AMA,TX,ASW,CE,Combined TRACON& Tower with Radar,18,11,8,0,37,0,0,7,1,8,18,11,15,1,45,0,0,0,45
04/05/2021,AMA,TX,ASW,CE,Combined TRACON& Tower with Radar,18,15,21,17,71,0,3,13,1,17,18,18,34,18,88,6,8,14,102
04/06/2021,AMA,TX,ASW,CE,Combined TRACON& Tower with Radar,16,15,18,29,78,0,2,17,2,21,16,17,35,31,99,0,0,0,99
04/07/2021,AMA,TX,ASW,CE,Combined TRACON& Tower with Radar,18,20,12,65,115,0,1,20,3,24,18,21,32,68,139,8,38,46,185
04/08/2021,AMA,TX,ASW,CE,Combined TRACON& Tower with Radar,18,18,24,47,107,0,1,22,3,26,18,19,46,50,133,58,18,76,209
04/09/2021,AMA,TX,ASW,CE,Combined TRACON& Tower with Radar,17,16,13,29,75,0,0,18,6,24,17,16,31,35,99,16,18,34,133
04/10/2021,AMA,TX,ASW,CE,Combined TRACON& Tower with Radar,18,11,13,8,50,0,2,16,0,18,18,13,29,8,68,30,0,30,98
04/11/2021,AMA,TX,ASW,CE,Combined TRACON& Tower with Radar,20,17,15,11,63,0,0,15,1,16,20,17,30,12,79,60,0,60,139
04/12/2021,AMA,TX,ASW,CE,Combined TRACON& Tower with Radar,20,20,25,60,125,0,0,16,4,20,20,20,41,64,145,12,0,12,157
04/13/2021,AMA,TX,ASW,CE,Combined TRACON& Tower with Radar,16,10,28,66,120,0,0,19,0,19,16,10,47,66,139,26,24,50,189
04/14/2021,AMA,TX,ASW,CE,Combined TRACON& Tower with Radar,18,14,14,0,46,0,0,6,0,6,18,14,20,0,52,34,0,34,86
04/15/2021,AMA,TX,ASW,CE,Combined TRACON& Tower with Radar,17,17,32,0,66,0,0,6,0,6,17,17,38,0,72,0,0,0,72
04/16/2021,AMA,TX,ASW,CE,Combined TRACON& Tower with Radar,17,16,38,68,139,0,0,3,82,85,17,16,41,150,224,0,0,0,224
04/17/2021,AMA,TX,ASW,CE,Combined TRACON& Tower with Radar,21,12,9,33,75,0,0,5,1,6,21,12,14,34,81,12,8,20,101
04/18/2021,AMA,TX,ASW,CE,Combined TRACON& Tower with Radar,19,8,9,7,43,0,0,22,2,24,19,8,31,9,67,0,0,0,67
04/19/2021,AMA,TX,ASW,CE,Combined TRACON& Tower with Radar,19,17,23,35,94,0,1,18,3,22,19,18,41,38,116,62,12,74,190
04/20/2021,AMA,TX,ASW,CE,Combined TRACON& Tower with Radar,19,18,36,57,130,0,4,10,3,17,19,22,46,60,147,0,0,0,147
04/21/2021,AMA,TX,ASW,CE,Combined TRACON& Tower with Radar,16,20,21,59,116,0,2,23,8,33,16,22,44,67,149,18,18,36,185
04/22/2021,AMA,TX,ASW,CE,Combined TRACON& Tower with Radar,18,27,34,95,174,0,1,7,5,13,18,28,41,100,187,14,10,24,211
04/23/2021,AMA,TX,ASW,CE,Combined TRACON& Tower with Radar,20,23,18,118,179,0,0,12,27,39,20,23,30,145,218,12,88,100,318
04/24/2021,AMA,TX,ASW,CE,Combined TRACON& Tower with Radar,19,20,19,23,81,0,0,26,5,31,19,20,45,28,112,28,0,28,140
04/25/2021,AMA,TX,ASW,CE,Combined TRACON& Tower with Radar,21,15,16,23,75,0,0,14,1,15,21,15,30,24,90,22,4,26,116
04/26/2021,AMA,TX,ASW,CE,Combined TRACON& Tower with Radar,19,11,16,13,59,0,2,8,0,10,19,13,24,13,69,0,0,0,69
04/27/2021,AMA,TX,ASW,CE,Combined TRACON& Tower with Radar,17,14,21,3,55,0,0,12,2,14,17,14,33,5,69,14,0,14,83
04/28/2021,AMA,TX,ASW,CE,Combined TRACON& Tower with Radar,16,18,7,5,46,0,2,2,2,6,16,20,9,7,52,0,0,0,52
04/29/2021,AMA,TX,ASW,CE,Combined TRACON& Tower with Radar,18,13,22,1,54,0,0,5,0,5,18,13,27,1,59,0,0,0,59
04/30/2021,AMA,TX,ASW,CE,Combined TRACON& Tower with Radar,19,18,9,21,67,0,0,14,3,17,19,18,23,24,84,0,2,2,86
05/01/2021,AMA,TX,ASW,CE,Combined TRACON& Tower with Radar,18,16,18,7,59,0,1,10,4,15,18,17,28,11,74,0,6,6,80
05/02/2021,AMA,TX,ASW,CE,Combined TRACON& Tower with Radar,19,18,8,0,45,0,1,12,0,13,19,19,20,0,58,0,0,0,58
05/03/2021,AMA,TX,ASW,CE,Combined TRACON& Tower with Radar,17,11,16,0,44,0,0,0,0,0,17,11,16,0,44,0,0,0,44
05/04/2021,AMA,TX,ASW,CE,Combined TRACON& Tower with Radar,17,11,20,15,63,0,2,8,0,10,17,13,28,15,73,20,2,22,95
05/05/2021,AMA,TX,ASW,CE,Combined TRACON& Tower with Radar,16,17,14,5,52,0,0,10,0,10,16,17,24,5,62,8,0,8,70
05/06/2021,AMA,TX,ASW,CE,Combined TRACON& Tower with Radar,19,18,29,6,72,0,0,16,1,17,19,18,45,7,89,34,4,38,127
05/07/2021,AMA,TX,ASW,CE,Combined TRACON& Tower with Radar,22,15,8,4,49,0,0,20,1,21,22,15,28,5,70,0,0,0,70
05/08/2021,AMA,TX,ASW,CE,Combined TRACON& Tower with Radar,24,12,5,1,42,0,1,4,3,8,24,13,9,4,50,0,0,0,50
05/09/2021,AMA,TX,ASW,CE,Combined TRACON& Tower with Radar,20,12,13,2,47,0,0,1,2,3,20,12,14,4,50,0,0,0,50
05/10/2021,AMA,TX,ASW,CE,Combined TRACON& Tower with Radar,22,18,19,4,63,0,0,3,1,4,22,18,22,5,67,0,0,0,67
05/11/2021,AMA,TX,ASW,CE,Combined TRACON& Tower with Radar,19,11,24,6,60,0,0,0,0,0,19,11,24,6,60,0,0,0,60
05/12/2021,AMA,TX,ASW,CE,Combined TRACON& Tower with Radar,21,11,17,4,53,0,0,4,4,8,21,11,21,8,61,0,0,0,61
05/13/2021,AMA,TX,ASW,CE,Combined TRACON& Tower with Radar,23,18,19,10,70,0,0,5,7,12,23,18,24,17,82,22,20,42,124
05/14/2021,AMA,TX,ASW,CE,Combined TRACON& Tower with Radar,25,19,17,2,63,0,0,3,1,4,25,19,20,3,67,0,0,0,67
05/15/2021,AMA,TX,ASW,CE,Combined TRACON& Tower with Radar,19,11,12,2,44,0,0,8,1,9,19,11,20,3,53,0,0,0,53
05/16/2021,AMA,TX,ASW,CE,Combined TRACON& Tower with Radar,23,10,20,6,59,0,0,8,1,9,23,10,28,7,68,6,0,6,74
05/17/2021,AMA,TX,ASW,CE,Combined TRACON& Tower with Radar,20,10,20,27,77,0,0,7,2,9,20,10,27,29,86,12,48,60,146
05/18/2021,AMA,TX,ASW,CE,Combined TRACON& Tower with Radar,20,9,13,4,46,0,0,1,0,1,20,9,14,4,47,0,0,0,47
05/19/2021,AMA,TX,ASW,CE,Combined TRACON& Tower with Radar,20,15,18,6,59,0,1,10,3,14,20,16,28,9,73,36,10,46,119
05/20/2021,AMA,TX,ASW,CE,Combined TRACON& Tower with Radar,22,20,29,21,92,0,1,7,2,10,22,21,36,23,102,0,0,0,102
05/21/2021,AMA,TX,ASW,CE,Combined TRACON& Tower with Radar,18,18,17,24,77,0,1,8,4,13,18,19,25,28,90,2,6,8,98
05/22/2021,AMA,TX,ASW,CE,Combined TRACON& Tower with Radar,23,21,23,3,70,0,0,1,2,3,23,21,24,5,73,2,0,2,75
05/23/2021,AMA,TX,ASW,CE,Combined TRACON& Tower with Radar,22,10,7,0,39,0,0,4,6,10,22,10,11,6,49,0,0,0,49
05/24/2021,AMA,TX,ASW,CE,Combined TRACON& Tower with Radar,19,12,13,20,64,0,2,8,5,15,19,14,21,25,79,0,50,50,129
05/25/2021,AMA,TX,ASW,CE,Combined TRACON& Tower with Radar,24,9,25,19,77,0,0,19,17,36,24,9,44,36,113,0,0,0,113
05/26/2021,AMA,TX,ASW,CE,Combined TRACON& Tower with Radar,20,11,24,3,58,0,1,4,0,5,20,12,28,3,63,0,0,0,63
05/27/2021,AMA,TX,ASW,CE,Combined TRACON& Tower with Radar,23,22,32,7,84,0,2,12,2,16,23,24,44,9,100,14,0,14,114
05/28/2021,AMA,TX,ASW,CE,Combined TRACON& Tower with Radar,22,16,18,2,58,0,0,9,2,11,22,16,27,4,69,0,0,0,69
05/29/2021,AMA,TX,ASW,CE,Combined TRACON& Tower with Radar,22,16,6,2,46,0,0,2,4,6,22,16,8,6,52,0,0,0,52
05/30/2021,AMA,TX,ASW,CE,Combined TRACON& Tower with Radar,23,13,5,2,43,0,0,1,0,1,23,13,6,2,44,0,0,0,44
05/31/2021,AMA,TX,ASW,CE,Combined TRACON& Tower with Radar,17,17,7,0,41,0,0,1,0,1,17,17,8,0,42,0,0,0,42
06/01/2021,AMA,TX,ASW,CE,Combined TRACON& Tower with Radar,20,9,17,22,68,0,0,0,0,0,20,9,17,22,68,0,0,0,68
06/02/2021,AMA,TX,ASW,CE,Combined TRACON& Tower with Radar,22,19,27,11,79,0,0,10,1,11,22,19,37,12,90,2,10,12,102
06/03/2021,AMA,TX,ASW,CE,Combined TRACON& Tower with Radar,24,23,36,19,102,0,1,15,2,18,24,24,51,21,120,12,0,12,132
06/04/2021,AMA,TX,ASW,CE,Combined TRACON& Tower with Radar,21,20,18,18,77,0,0,12,2,14,21,20,30,20,91,10,14,24,115
06/05/2021,AMA,TX,ASW,CE,Combined TRACON& Tower with Radar,16,12,6,25,59,0,0,18,4,22,16,12,24,29,81,14,34,48,129
06/06/2021,AMA,TX,ASW,CE,Combined TRACON& Tower with Radar,20,17,14,4,55,0,0,4,1,5,20,17,18,5,60,0,10,10,70
06/07/2021,AMA,TX,ASW,CE,Combined TRACON& Tower with Radar,21,16,31,17,85,0,0,7,6,13,21,16,38,23,98,0,0,0,98
06/08/2021,AMA,TX,ASW,CE,Combined TRACON& Tower with Radar,21,19,18,5,63,0,0,6,4,10,21,19,24,9,73,44,22,66,139
06/09/2021,AMA,TX,ASW,CE,Combined TRACON& Tower with Radar,36,16,27,10,89,0,0,11,4,15,36,16,38,14,104,16,0,16,120
06/10/2021,AMA,TX,ASW,CE,Combined TRACON& Tower with Radar,20,19,21,4,64,0,0,12,1,13,20,19,33,5,77,10,2,12,89
06/11/2021,AMA,TX,ASW,CE,Combined TRACON& Tower with Radar,23,22,15,22,82,0,0,9,1,10,23,22,24,23,92,36,8,44,136
06/12/2021,AMA,TX,ASW,CE,Combined TRACON& Tower with Radar,15,12,18,2,47,0,0,9,0,9,15,12,27,2,56,0,0,0,56
06/13/2021,AMA,TX,ASW,CE,Combined TRACON& Tower with Radar,20,13,17,1,51,0,1,10,1,12,20,14,27,2,63,0,0,0,63
06/14/2021,AMA,TX,ASW,CE,Combined TRACON& Tower with Radar,22,10,18,17,67,0,0,13,2,15,22,10,31,19,82,34,22,56,138
06/15/2021,AMA,TX,ASW,CE,Combined TRACON& Tower with Radar,18,16,18,17,69,0,0,11,2,13,18,16,29,19,82,24,6,30,112
06/16/2021,AMA,TX,ASW,CE,Combined TRACON& Tower with Radar,23,23,9,7,62,0,0,14,5,19,23,23,23,12,81,20,0,20,101
06/17/2021,AMA,TX,ASW,CE,Combined TRACON& Tower with Radar,19,13,23,11,66,0,1,6,4,11,19,14,29,15,77,0,0,0,77
06/18/2021,AMA,TX,ASW,CE,Combined TRACON& Tower with Radar,20,17,17,27,81,0,0,3,3,6,20,17,20,30,87,0,0,0,87
06/19/2021,AMA,TX,ASW,CE,Combined TRACON& Tower with Radar,20,18,16,0,54,0,2,10,3,15,20,20,26,3,69,0,0,0,69
06/20/2021,AMA,TX,ASW,CE,Combined TRACON& Tower with Radar,20,18,16,37,91,0,0,4,2,6,20,18,20,39,97,0,0,0,97
06/21/2021,AMA,TX,ASW,CE,Combined TRACON& Tower with Radar,22,10,19,2,53,0,0,4,0,4,22,10,23,2,57,2,0,2,59
06/22/2021,AMA,TX,ASW,CE,Combined TRACON& Tower with Radar,17,19,32,18,86,0,0,9,1,10,17,19,41,19,96,20,20,40,136
06/23/2021,AMA,TX,ASW,CE,Combined TRACON& Tower with Radar,22,29,16,4,71,0,1,7,4,12,22,30,23,8,83,0,0,0,83
06/24/2021,AMA,TX,ASW,CE,Combined TRACON& Tower with Radar,22,9,14,2,47,0,0,4,5,9,22,9,18,7,56,0,0,0,56
06/25/2021,AMA,TX,ASW,CE,Combined TRACON& Tower with Radar,21,15,10,18,64,0,1,13,3,17,21,16,23,21,81,4,0,4,85
06/26/2021,AMA,TX,ASW,CE,Combined TRACON& Tower with Radar,17,23,10,0,50,0,0,6,0,6,17,23,16,0,56,0,0,0,56
06/27/2021,AMA,TX,ASW,CE,Combined TRACON& Tower with Radar,23,16,14,0,53,0,0,3,0,3,23,16,17,0,56,6,0,6,62
06/28/2021,AMA,TX,ASW,CE,Combined TRACON& Tower with Radar,23,15,27,2,67,0,0,7,0,7,23,15,34,2,74,0,0,0,74
06/29/2021,AMA,TX,ASW,CE,Combined TRACON& Tower with Radar,18,19,21,4,62,0,0,3,0,3,18,19,24,4,65,6,12,18,83
06/30/2021,AMA,TX,ASW,CE,Combined TRACON& Tower with Radar,21,17,20,2,60,0,0,2,6,8,21,17,22,8,68,0,0,0,68
07/01/2021,AMA,TX,ASW,CE,Combined TRACON& Tower with Radar,25,18,26,8,77,0,0,13,0,13,25,18,39,8,90,0,6,6,96
07/02/2021,AMA,TX,ASW,CE,Combined TRACON& Tower with Radar,14,25,10,0,49,0,0,1,0,1,14,25,11,0,50,0,0,0,50
07/03/2021,AMA,TX,ASW,CE,Combined TRACON& Tower with Radar,20,16,6,0,42,0,0,3,0,3,20,16,9,0,45,0,0,0,45
07/04/2021,AMA,TX,ASW,CE,Combined TRACON& Tower with Radar,20,8,11,0,39,0,3,3,0,6,20,11,14,0,45,0,0,0,45
07/05/2021,AMA,TX,ASW,CE,Combined TRACON& Tower with Radar,19,17,16,2,54,0,2,7,0,9,19,19,23,2,63,0,0,0,63
07/06/2021,AMA,TX,ASW,CE,Combined TRACON& Tower with Radar,16,16,17,4,53,0,0,23,1,24,16,16,40,5,77,0,0,0,77
07/07/2021,AMA,TX,ASW,CE,Combined TRACON& Tower with Radar,18,12,20,16,66,0,0,3,6,9,18,12,23,22,75,14,0,14,89
07/08/2021,AMA,TX,ASW,CE,Combined TRACON& Tower with Radar,20,12,28,7,67,0,2,17,0,19,20,14,45,7,86,16,0,16,102
07/09/2021,AMA,TX,ASW,CE,Combined TRACON& Tower with Radar,18,11,16,29,74,0,2,9,8,19,18,13,25,37,93,8,0,8,101
07/10/2021,AMA,TX,ASW,CE,Combined TRACON& Tower with Radar,15,18,5,16,54,0,0,6,3,9,15,18,11,19,63,14,28,42,105
07/11/2021,AMA,TX,ASW,CE,Combined TRACON& Tower with Radar,20,12,20,31,83,0,0,9,1,10,20,12,29,32,93,6,2,8,101
07/12/2021,AMA,TX,ASW,CE,Combined TRACON& Tower with Radar,21,16,30,9,76,0,3,6,2,11,21,19,36,11,87,38,0,38,125
07/13/2021,AMA,TX,ASW,CE,Combined TRACON& Tower with Radar,19,13,23,1,56,0,1,28,1,30,19,14,51,2,86,0,0,0,86
07/14/2021,AMA,TX,ASW,CE,Combined TRACON& Tower with Radar,23,10,12,2,47,0,2,7,2,11,23,12,19,4,58,0,0,0,58
07/15/2021,AMA,TX,ASW,CE,Combined TRACON& Tower with Radar,20,16,19,14,69,0,0,10,3,13,20,16,29,17,82,34,0,34,116
07/16/2021,AMA,TX,ASW,CE,Combined TRACON& Tower with Radar,20,19,21,34,94,0,0,10,3,13,20,19,31,37,107,0,4,4,111
07/17/2021,AMA,TX,ASW,CE,Combined TRACON& Tower with Radar,16,20,10,4,50,0,2,6,10,18,16,22,16,14,68,0,4,4,72
07/18/2021,AMA,TX,ASW,CE,Combined TRACON& Tower with Radar,20,10,16,9,55,0,2,3,1,6,20,12,19,10,61,0,0,0,61
07/19/2021,AMA,TX,ASW,CE,Combined TRACON& Tower with Radar,21,20,24,4,69,0,0,6,0,6,21,20,30,4,75,0,0,0,75
07/20/2021,AMA,TX,ASW,CE,Combined TRACON& Tower with Radar,18,14,16,11,59,0,0,13,8,21,18,14,29,19,80,38,4,42,122
07/21/2021,AMA,TX,ASW,CE,Combined TRACON& Tower with Radar,25,24,15,0,64,0,2,12,0,14,25,26,27,0,78,0,0,0,78
07/22/2021,AMA,TX,ASW,CE,Combined TRACON& Tower with Radar,34,17,23,15,89,0,0,13,3,16,34,17,36,18,105,24,0,24,129
07/23/2021,AMA,TX,ASW,CE,Combined TRACON& Tower with Radar,23,14,27,46,110,0,1,8,1,10,23,15,35,47,120,5,22,27,147
07/24/2021,AMA,TX,ASW,CE,Combined TRACON& Tower with Radar,17,21,11,3,52,0,0,16,4,20,17,21,27,7,72,20,0,20,92
07/25/2021,AMA,TX,ASW,CE,Combined TRACON& Tower with Radar,22,16,13,0,51,0,0,5,0,5,22,16,18,0,56,0,0,0,56
07/26/2021,AMA,TX,ASW,CE,Combined TRACON& Tower with Radar,28,23,18,10,79,0,2,9,0,11,28,25,27,10,90,0,0,0,90
07/27/2021,AMA,TX,ASW,CE,Combined TRACON& Tower with Radar,20,15,23,1,59,0,0,19,2,21,20,15,42,3,80,44,0,44,124
07/28/2021,AMA,TX,ASW,CE,Combined TRACON& Tower with Radar,23,18,24,10,75,0,0,15,5,20,23,18,39,15,95,12,6,18,113
07/29/2021,AMA,TX,ASW,CE,Combined TRACON& Tower with Radar,21,19,30,6,76,0,1,18,5,24,21,20,48,11,100,0,0,0,100
07/30/2021,AMA,TX,ASW,CE,Combined TRACON& Tower with Radar,26,19,21,0,66,0,0,16,3,19,26,19,37,3,85,0,0,0,85
07/31/2021,AMA,TX,ASW,CE,Combined TRACON& Tower with Radar,17,24,14,11,66,0,3,21,9,33,17,27,35,20,99,18,0,18,117
08/01/2021,AMA,TX,ASW,CE,Combined TRACON& Tower with Radar,20,18,18,6,62,0,0,4,1,5,20,18,22,7,67,0,0,0,67
08/02/2021,AMA,TX,ASW,CE,Combined TRACON& Tower with Radar,21,20,19,8,68,0,1,14,1,16,21,21,33,9,84,36,6,42,126
08/03/2021,AMA,TX,ASW,CE,Combined TRACON& Tower with Radar,23,19,7,4,53,0,1,12,5,18,23,20,19,9,71,0,0,0,71
08/04/2021,AMA,TX,ASW,CE,Combined TRACON& Tower with Radar,22,15,22,3,62,0,1,8,7,16,22,16,30,10,78,10,0,10,88
08/05/2021,AMA,TX,ASW,CE,Combined TRACON& Tower with Radar,21,20,35,0,76,0,2,13,1,16,21,22,48,1,92,0,0,0,92
08/06/2021,AMA,TX,ASW,CE,Combined TRACON& Tower with Radar,30,19,13,13,75,0,1,13,3,17,30,20,26,16,92,10,14,24,116
08/07/2021,AMA,TX,ASW,CE,Combined TRACON& Tower with Radar,17,14,5,0,36,0,0,6,0,6,17,14,11,0,42,0,0,0,42
08/08/2021,AMA,TX,ASW,CE,Combined TRACON& Tower with Radar,21,16,14,0,51,0,0,7,0,7,21,16,21,0,58,0,0,0,58
08/09/2021,AMA,TX,ASW,CE,Combined TRACON& Tower with Radar,20,14,16,2,52,0,0,8,4,12,20,14,24,6,64,6,4,10,74
08/10/2021,AMA,TX,ASW,CE,Combined TRACON& Tower with Radar,20,13,12,8,53,0,0,17,5,22,20,13,29,13,75,0,0,0,75
08/11/2021,AMA,TX,ASW,CE,Combined TRACON& Tower with Radar,22,17,14,4,57,0,1,5,1,7,22,18,19,5,64,12,24,36,100
08/12/2021,AMA,TX,ASW,CE,Combined TRACON& Tower with Radar,23,16,25,0,64,0,0,14,2,16,23,16,39,2,80,20,0,20,100
08/13/2021,AMA,TX,ASW,CE,Combined TRACON& Tower with Radar,24,16,13,11,64,0,0,6,2,8,24,16,19,13,72,0,0,0,72
08/14/2021,AMA,TX,ASW,CE,Combined TRACON& Tower with Radar,16,12,17,0,45,0,0,6,0,6,16,12,23,0,51,0,0,0,51
08/15/2021,AMA,TX,ASW,CE,Combined TRACON& Tower with Radar,18,12,20,4,54,0,0,10,0,10,18,12,30,4,64,0,0,0,64
08/16/2021,AMA,TX,ASW,CE,Combined TRACON& Tower with Radar,22,16,24,2,64,0,0,5,0,5,22,16,29,2,69,0,0,0,69
08/17/2021,AMA,TX,ASW,CE,Combined TRACON& Tower with Radar,14,18,24,34,90,0,1,25,4,30,14,19,49,38,120,16,6,22,142
08/18/2021,AMA,TX,ASW,CE,Combined TRACON& Tower with Radar,18,15,26,21,80,0,0,8,4,12,18,15,34,25,92,20,0,20,112
08/19/2021,AMA,TX,ASW,CE,Combined TRACON& Tower with Radar,30,16,56,16,118,0,0,7,0,7,30,16,63,16,125,8,18,26,151
08/20/2021,AMA,TX,ASW,CE,Combined TRACON& Tower with Radar,21,18,18,9,66,0,0,5,1,6,21,18,23,10,72,0,10,10,82
08/21/2021,AMA,TX,ASW,CE,Combined TRACON& Tower with Radar,19,17,14,2,52,0,6,24,0,30,19,23,38,2,82,14,0,14,96
08/22/2021,AMA,TX,ASW,CE,Combined TRACON& Tower with Radar,23,12,18,8,61,0,4,11,0,15,23,16,29,8,76,0,0,0,76
08/23/2021,AMA,TX,ASW,CE,Combined TRACON& Tower with Radar,23,21,23,9,76,0,1,3,2,6,23,22,26,11,82,0,6,6,88
08/24/2021,AMA,TX,ASW,CE,Combined TRACON& Tower with Radar,20,17,16,2,55,0,2,11,1,14,20,19,27,3,69,0,0,0,69
08/25/2021,AMA,TX,ASW,CE,Combined TRACON& Tower with Radar,24,19,25,3,71,0,1,14,5,20,24,20,39,8,91,0,0,0,91
08/26/2021,AMA,TX,ASW,CE,Combined TRACON& Tower with Radar,20,21,36,5,82,0,0,12,4,16,20,21,48,9,98,6,0,6,104
08/27/2021,AMA,TX,ASW,CE,Combined TRACON& Tower with Radar,20,19,25,54,118,0,5,11,0,16,20,24,36,54,134,8,8,16,150
08/28/2021,AMA,TX,ASW,CE,Combined TRACON& Tower with Radar,21,13,20,0,54,0,2,16,0,18,21,15,36,0,72,14,0,14,86
08/29/2021,AMA,TX,ASW,CE,Combined TRACON& Tower with Radar,21,15,30,10,76,0,0,7,2,9,21,15,37,12,85,0,0,0,85
08/30/2021,AMA,TX,ASW,CE,Combined TRACON& Tower with Radar,24,14,25,15,78,0,0,6,1,7,24,14,31,16,85,18,0,18,103
08/31/2021,AMA,TX,ASW,CE,Combined TRACON& Tower with Radar,22,15,35,10,82,0,1,25,3,29,22,16,60,13,111,0,4,4,115
09/01/2021,AMA,TX,ASW,CE,Combined TRACON& Tower with Radar,20,18,27,9,74,0,0,14,2,16,20,18,41,11,90,0,0,0,90
09/02/2021,AMA,TX,ASW,CE,Combined TRACON& Tower with Radar,23,17,30,2,72,0,1,11,9,21,23,18,41,11,93,2,18,20,113
09/03/2021,AMA,TX,ASW,CE,Combined TRACON& Tower with Radar,20,22,22,8,72,0,0,12,4,16,20,22,34,12,88,0,0,0,88
09/04/2021,AMA,TX,ASW,CE,Combined TRACON& Tower with Radar,20,13,19,3,55,0,1,3,3,7,20,14,22,6,62,0,0,0,62
09/05/2021,AMA,TX,ASW,CE,Combined TRACON& Tower with Radar,17,10,10,0,37,0,0,8,1,9,17,10,18,1,46,0,6,6,52
09/06/2021,AMA,TX,ASW,CE,Combined TRACON& Tower with Radar,19,11,13,0,43,0,0,24,1,25,19,11,37,1,68,6,0,6,74
09/07/2021,AMA,TX,ASW,CE,Combined TRACON& Tower with Radar,20,12,7,1,40,0,0,14,1,15,20,12,21,2,55,80,30,110,165
09/08/2021,AMA,TX,ASW,CE,Combined TRACON& Tower with Radar,21,19,19,10,69,0,0,11,6,17,21,19,30,16,86,22,0,22,108
09/09/2021,AMA,TX,ASW,CE,Combined TRACON& Tower with Radar,23,24,33,8,88,0,0,9,2,11,23,24,42,10,99,3,0,3,102
09/10/2021,AMA,TX,ASW,CE,Combined TRACON& Tower with Radar,21,24,9,29,83,0,0,6,0,6,21,24,15,29,89,16,4,20,109
09/11/2021,AMA,TX,ASW,CE,Combined TRACON& Tower with Radar,17,14,6,20,57,0,0,6,2,8,17,14,12,22,65,38,0,38,103
09/12/2021,AMA,TX,ASW,CE,Combined TRACON& Tower with Radar,23,20,10,7,60,0,0,9,1,10,23,20,19,8,70,8,0,8,78
09/13/2021,AMA,TX,ASW,CE,Combined TRACON& Tower with Radar,24,20,22,37,103,0,0,7,4,11,24,20,29,41,114,0,32,32,146
09/14/2021,AMA,TX,ASW,CE,Combined TRACON& Tower with Radar,20,19,22,21,82,0,0,28,2,30,20,19,50,23,112,0,22,22,134
09/15/2021,AMA,TX,ASW,CE,Combined TRACON& Tower with Radar,25,14,31,11,81,0,0,27,2,29,25,14,58,13,110,30,26,56,166
09/16/2021,AMA,TX,ASW,CE,Combined TRACON& Tower with Radar,25,15,20,21,81,0,0,13,0,13,25,15,33,21,94,0,0,0,94
09/17/2021,AMA,TX,ASW,CE,Combined TRACON& Tower with Radar,22,13,19,110,164,0,0,26,4,30,22,13,45,114,194,12,18,30,224
09/18/2021,AMA,TX,ASW,CE,Combined TRACON& Tower with Radar,17,11,11,14,53,0,0,19,1,20,17,11,30,15,73,4,0,4,77
09/19/2021,AMA,TX,ASW,CE,Combined TRACON& Tower with Radar,23,15,23,12,73,0,2,7,0,9,23,17,30,12,82,0,0,0,82
09/20/2021,AMA,TX,ASW,CE,Combined TRACON& Tower with Radar,27,18,17,19,81,0,0,9,5,14,27,18,26,24,95,0,4,4,99
09/21/2021,AMA,TX,ASW,CE,Combined TRACON& Tower with Radar,20,17,28,40,105,0,0,9,6,15,20,17,37,46,120,26,54,80,200
09/22/2021,AMA,TX,ASW,CE,Combined TRACON& Tower with Radar,21,9,15,34,79,0,0,6,3,9,21,9,21,37,88,26,16,42,130
09/23/2021,AMA,TX,ASW,CE,Combined TRACON& Tower with Radar,24,19,37,34,114,0,0,15,3,18,24,19,52,37,132,0,40,40,172
09/24/2021,AMA,TX,ASW,CE,Combined TRACON& Tower with Radar,23,15,30,37,105,0,0,14,2,16,23,15,44,39,121,0,20,20,141
09/25/2021,AMA,TX,ASW,CE,Combined TRACON& Tower with Radar,15,11,14,4,44,0,0,13,1,14,15,11,27,5,58,8,0,8,66
09/26/2021,AMA,TX,ASW,CE,Combined TRACON& Tower with Radar,23,14,28,8,73,0,0,10,0,10,23,14,38,8,83,6,0,6,89
09/27/2021,AMA,TX,ASW,CE,Combined TRACON& Tower with Radar,23,18,38,47,126,0,0,11,0,11,23,18,49,47,137,12,22,34,171
09/28/2021,AMA,TX,ASW,CE,Combined TRACON& Tower with Radar,24,16,26,24,90,0,2,8,3,13,24,18,34,27,103,4,24,28,131
09/29/2021,AMA,TX,ASW,CE,Combined TRACON& Tower with Radar,23,13,47,86,169,0,1,14,3,18,23,14,61,89,187,0,0,0,187
09/30/2021,AMA,TX,ASW,CE,Combined TRACON& Tower with Radar,23,17,33,30,103,0,0,4,0,4,23,17,37,30,107,0,0,0,107
10/01/2021,AMA,TX,ASW,CE,Combined TRACON& Tower with Radar,25,18,23,14,80,0,0,2,0,2,25,18,25,14,82,0,0,0,82
10/02/2021,AMA,TX,ASW,CE,Combined TRACON& Tower with Radar,15,15,17,8,55,0,0,10,4,14,15,15,27,12,69,0,0,0,69
10/03/2021,AMA,TX,ASW,CE,Combined TRACON& Tower with Radar,21,18,26,5,70,1,0,14,2,17,22,18,40,7,87,0,0,0,87
10/04/2021,AMA,TX,ASW,CE,Combined TRACON& Tower with Radar,23,24,47,34,128,0,2,17,4,23,23,26,64,38,151,66,0,66,217
10/05/2021,AMA,TX,ASW,CE,Combined TRACON& Tower with Radar,25,17,26,49,117,0,2,29,1,32,25,19,55,50,149,46,30,76,225
10/06/2021,AMA,TX,ASW,CE,Combined TRACON& Tower with Radar,23,18,52,48,141,0,3,24,0,27,23,21,76,48,168,12,10,22,190
10/07/2021,AMA,TX,ASW,CE,Combined TRACON& Tower with Radar,23,18,32,17,90,0,3,17,0,20,23,21,49,17,110,50,16,66,176
10/08/2021,AMA,TX,ASW,CE,Combined TRACON& Tower with Radar,25,16,17,23,81,0,0,12,0,12,25,16,29,23,93,10,20,30,123
10/09/2021,AMA,TX,ASW,CE,Combined TRACON& Tower with Radar,17,19,23,11,70,0,0,13,3,16,17,19,36,14,86,36,8,44,130
10/10/2021,AMA,TX,ASW,CE,Combined TRACON& Tower with Radar,14,8,9,1,32,0,0,2,0,2,14,8,11,1,34,0,0,0,34
10/11/2021,AMA,TX,ASW,CE,Combined TRACON& Tower with Radar,24,16,27,0,67,0,1,9,0,10,24,17,36,0,77,0,0,0,77
10/12/2021,AMA,TX,ASW,CE,Combined TRACON& Tower with Radar,22,21,15,29,87,0,0,4,3,7,22,21,19,32,94,16,14,30,124
10/13/2021,AMA,TX,ASW,CE,Combined TRACON& Tower with Radar,17,21,25,71,134,0,1,19,7,27,17,22,44,78,161,26,82,108,269
10/14/2021,AMA,TX,ASW,CE,Combined TRACON& Tower with Radar,24,24,44,75,167,0,1,26,9,36,24,25,70,84,203,30,0,30,233
10/15/2021,AMA,TX,ASW,CE,Combined TRACON& Tower with Radar,26,20,18,57,121,0,7,20,4,31,26,27,38,61,152,0,34,34,186
10/16/2021,AMA,TX,ASW,CE,Combined TRACON& Tower with Radar,17,16,10,43,86,0,1,16,5,22,17,17,26,48,108,38,34,72,180
10/17/2021,AMA,TX,ASW,CE,Combined TRACON& Tower with Radar,25,13,12,7,57,0,0,10,6,16,25,13,22,13,73,0,0,0,73
10/18/2021,AMA,TX,ASW,CE,Combined TRACON& Tower with Radar,22,17,13,11,63,0,0,5,1,6,22,17,18,12,69,2,10,12,81
10/19/2021,AMA,TX,ASW,CE,Combined TRACON& Tower with Radar,23,17,21,22,83,0,1,12,1,14,23,18,33,23,97,12,0,12,109
10/20/2021,AMA,TX,ASW,CE,Combined TRACON& Tower with Radar,24,11,25,42,102,0,1,17,2,20,24,12,42,44,122,78,20,98,220
10/21/2021,AMA,TX,ASW,CE,Combined TRACON& Tower with Radar,25,12,31,45,113,0,4,13,7,24,25,16,44,52,137,68,52,120,257
10/22/2021,AMA,TX,ASW,CE,Combined TRACON& Tower with Radar,24,12,29,50,115,0,4,6,6,16,24,16,35,56,131,32,16,48,179
10/23/2021,AMA,TX,ASW,CE,Combined TRACON& Tower with Radar,20,13,10,7,50,0,0,4,2,6,20,13,14,9,56,22,2,24,80
10/24/2021,AMA,TX,ASW,CE,Combined TRACON& Tower with Radar,25,10,20,15,70,0,0,8,5,13,25,10,28,20,83,0,4,4,87
10/25/2021,AMA,TX,ASW,CE,Combined TRACON& Tower with Radar,24,16,16,52,108,0,1,9,4,14,24,17,25,56,122,0,16,16,138
10/26/2021,AMA,TX,ASW,CE,Combined TRACON& Tower with Radar,23,19,29,41,112,0,0,10,1,11,23,19,39,42,123,0,8,8,131
10/27/2021,AMA,TX,ASW,CE,Combined TRACON& Tower with Radar,23,15,23,9,70,0,1,6,3,10,23,16,29,12,80,0,0,0,80
10/28/2021,AMA,TX,ASW,CE,Combined TRACON& Tower with Radar,23,16,24,6,69,0,1,3,0,4,23,17,27,6,73,0,0,0,73
10/29/2021,AMA,TX,ASW,CE,Combined TRACON& Tower with Radar,23,23,16,24,86,0,0,18,1,19,23,23,34,25,105,10,0,10,115
10/30/2021,AMA,TX,ASW,CE,Combined TRACON& Tower with Radar,14,18,7,0,39,0,2,14,0,16,14,20,21,0,55,62,0,62,117
10/31/2021,AMA,TX,ASW,CE,Combined TRACON& Tower with Radar,21,11,18,14,64,0,0,3,0,3,21,11,21,14,67,6,0,6,73
11/01/2021,AMA,TX,ASW,CE,Combined TRACON& Tower with Radar,23,13,30,43,109,0,0,6,2,8,23,13,36,45,117,8,28,36,153
11/02/2021,AMA,TX,ASW,CE,Combined TRACON& Tower with Radar,20,22,31,5,78,0,0,2,0,2,20,22,33,5,80,0,10,10,90
11/03/2021,AMA,TX,ASW,CE,Combined TRACON& Tower with Radar,21,14,28,57,120,0,0,9,1,10,21,14,37,58,130,12,82,94,224
11/04/2021,AMA,TX,ASW,CE,Combined TRACON& Tower with Radar,25,16,47,70,158,0,2,15,3,20,25,18,62,73,178,10,76,86,264
11/05/2021,AMA,TX,ASW,CE,Combined TRACON& Tower with Radar,20,18,17,99,154,0,1,12,4,17,20,19,29,103,171,14,26,40,211
11/06/2021,AMA,TX,ASW,CE,Combined TRACON& Tower with Radar,18,14,17,1,50,0,0,10,0,10,18,14,27,1,60,18,0,18,78
11/07/2021,AMA,TX,ASW,CE,Combined TRACON& Tower with Radar,23,13,25,30,91,0,0,13,2,15,23,13,38,32,106,10,4,14,120
11/08/2021,AMA,TX,ASW,CE,Combined TRACON& Tower with Radar,21,17,29,43,110,0,1,12,2,15,21,18,41,45,125,8,46,54,179
11/09/2021,AMA,TX,ASW,CE,Combined TRACON& Tower with Radar,16,16,48,13,93,0,2,10,7,19,16,18,58,20,112,14,4,18,130
11/10/2021,AMA,TX,ASW,CE,Combined TRACON& Tower with Radar,18,17,27,9,71,0,0,4,4,8,18,17,31,13,79,8,0,8,87
11/11/2021,AMA,TX,ASW,CE,Combined TRACON& Tower with Radar,26,13,26,1,66,0,0,12,4,16,26,13,38,5,82,26,6,32,114
11/12/2021,AMA,TX,ASW,CE,Combined TRACON& Tower with Radar,19,14,25,67,125,0,0,12,1,13,19,14,37,68,138,6,14,20,158
11/13/2021,AMA,TX,ASW,CE,Combined TRACON& Tower with Radar,16,16,19,11,62,0,0,14,3,17,16,16,33,14,79,12,14,26,105
11/14/2021,AMA,TX,ASW,CE,Combined TRACON& Tower with Radar,20,10,15,22,67,0,0,12,0,12,20,10,27,22,79,0,10,10,89
11/15/2021,AMA,TX,ASW,CE,Combined TRACON& Tower with Radar,16,11,17,22,66,0,5,15,2,22,16,16,32,24,88,4,0,4,92
11/16/2021,AMA,TX,ASW,CE,Combined TRACON& Tower with Radar,17,19,22,13,71,0,2,6,1,9,17,21,28,14,80,12,0,12,92
11/17/2021,AMA,TX,ASW,CE,Combined TRACON& Tower with Radar,29,22,25,24,100,0,0,10,1,11,29,22,35,25,111,0,58,58,169
11/18/2021,AMA,TX,ASW,CE,Combined TRACON& Tower with Radar,33,22,35,21,111,0,4,6,5,15,33,26,41,26,126,26,6,32,158
11/19/2021,AMA,TX,ASW,CE,Combined TRACON& Tower with Radar,18,18,23,51,110,0,2,6,3,11,18,20,29,54,121,10,0,10,131
11/20/2021,AMA,TX,ASW,CE,Combined TRACON& Tower with Radar,15,10,8,0,33,0,0,16,0,16,15,10,24,0,49,18,0,18,67
11/21/2021,AMA,TX,ASW,CE,Combined TRACON& Tower with Radar,25,13,12,17,67,0,0,9,1,10,25,13,21,18,77,4,10,14,91
11/22/2021,AMA,TX,ASW,CE,Combined TRACON& Tower with Radar,18,15,8,10,51,0,2,17,2,21,18,17,25,12,72,44,38,82,154
11/23/2021,AMA,TX,ASW,CE,Combined TRACON& Tower with Radar,24,16,18,15,73,0,2,6,1,9,24,18,24,16,82,0,38,38,120
11/24/2021,AMA,TX,ASW,CE,Combined TRACON& Tower with Radar,20,17,31,23,91,0,0,5,1,6,20,17,36,24,97,0,38,38,135
11/25/2021,AMA,TX,ASW,CE,Combined TRACON& Tower with Radar,13,12,4,0,29,0,0,5,0,5,13,12,9,0,34,0,0,0,34
11/26/2021,AMA,TX,ASW,CE,Combined TRACON& Tower with Radar,17,9,8,0,34,0,0,7,0,7,17,9,15,0,41,20,0,20,61
11/27/2021,AMA,TX,ASW,CE,Combined TRACON& Tower with Radar,22,19,19,0,60,0,1,3,0,4,22,20,22,0,64,36,0,36,100
11/28/2021,AMA,TX,ASW,CE,Combined TRACON& Tower with Radar,21,11,24,0,56,0,0,9,0,9,21,11,33,0,65,24,0,24,89
11/29/2021,AMA,TX,ASW,CE,Combined TRACON& Tower with Radar,18,18,16,39,91,0,0,6,1,7,18,18,22,40,98,24,4,28,126
11/30/2021,AMA,TX,ASW,CE,Combined TRACON& Tower with Radar,18,12,28,6,64,0,0,8,2,10,18,12,36,8,74,14,54,68,142
12/01/2021,AMA,TX,ASW,CE,Combined TRACON& Tower with Radar,20,20,21,15,76,0,1,5,5,11,20,21,26,20,87,0,22,22,109
12/02/2021,AMA,TX,ASW,CE,Combined TRACON& Tower with Radar,25,13,32,17,87,0,3,8,1,12,25,16,40,18,99,20,42,62,161
12/03/2021,AMA,TX,ASW,CE,Combined TRACON& Tower with Radar,19,15,12,89,135,0,1,11,8,20,19,16,23,97,155,48,82,130,285
12/04/2021,AMA,TX,ASW,CE,Combined TRACON& Tower with Radar,14,26,13,8,61,0,1,18,1,20,14,27,31,9,81,32,24,56,137
12/05/2021,AMA,TX,ASW,CE,Combined TRACON& Tower with Radar,22,14,24,22,82,0,1,10,0,11,22,15,34,22,93,40,0,40,133
12/06/2021,AMA,TX,ASW,CE,Combined TRACON& Tower with Radar,22,15,25,28,90,0,0,20,0,20,22,15,45,28,110,8,24,32,142
12/07/2021,AMA,TX,ASW,CE,Combined TRACON& Tower with Radar,16,17,40,17,90,0,0,25,1,26,16,17,65,18,116,6,8,14,130
12/08/2021,AMA,TX,ASW,CE,Combined TRACON& Tower with Radar,23,16,32,15,86,0,1,20,2,23,23,17,52,17,109,0,28,28,137
12/09/2021,AMA,TX,ASW,CE,Combined TRACON& Tower with Radar,25,16,58,13,112,0,0,13,1,14,25,16,71,14,126,0,144,144,270
12/10/2021,AMA,TX,ASW,CE,Combined TRACON& Tower with Radar,19,10,25,7,61,0,0,6,1,7,19,10,31,8,68,0,0,0,68
12/11/2021,AMA,TX,ASW,CE,Combined TRACON& Tower with Radar,12,12,16,13,53,0,0,13,1,14,12,12,29,14,67,2,4,6,73
12/12/2021,AMA,TX,ASW,CE,Combined TRACON& Tower with Radar,22,12,26,11,71,0,0,13,0,13,22,12,39,11,84,8,0,8,92
12/13/2021,AMA,TX,ASW,CE,Combined TRACON& Tower with Radar,20,16,33,10,79,0,0,13,5,18,20,16,46,15,97,0,0,0,97
12/14/2021,AMA,TX,ASW,CE,Combined TRACON& Tower with Radar,14,14,29,5,62,0,0,6,3,9,14,14,35,8,71,24,0,24,95
12/15/2021,AMA,TX,ASW,CE,Combined TRACON& Tower with Radar,10,8,8,2,28,0,0,0,1,1,10,8,8,3,29,0,0,0,29
12/16/2021,AMA,TX,ASW,CE,Combined TRACON& Tower with Radar,22,16,28,17,83,0,2,17,8,27,22,18,45,25,110,0,0,0,110
12/17/2021,AMA,TX,ASW,CE,Combined TRACON& Tower with Radar,12,16,23,6,57,0,0,15,1,16,12,16,38,7,73,0,0,0,73
12/18/2021,AMA,TX,ASW,CE,Combined TRACON& Tower with Radar,14,15,18,6,53,0,3,6,4,13,14,18,24,10,66,0,6,6,72
12/19/2021,AMA,TX,ASW,CE,Combined TRACON& Tower with Radar,26,13,15,15,69,0,1,6,6,13,26,14,21,21,82,46,34,80,162
12/20/2021,AMA,TX,ASW,CE,Combined TRACON& Tower with Radar,16,19,18,31,84,0,0,9,2,11,16,19,27,33,95,0,24,24,119
12/21/2021,AMA,TX,ASW,CE,Combined TRACON& Tower with Radar,14,18,20,18,70,0,2,17,0,19,14,20,37,18,89,16,24,40,129
12/22/2021,AMA,TX,ASW,CE,Combined TRACON& Tower with Radar,18,20,11,31,80,0,1,11,0,12,18,21,22,31,92,26,12,38,130
12/23/2021,AMA,TX,ASW,CE,Combined TRACON& Tower with Radar,21,19,11,0,51,0,0,5,0,5,21,19,16,0,56,0,0,0,56
12/24/2021,AMA,TX,ASW,CE,Combined TRACON& Tower with Radar,14,11,6,0,31,0,0,0,0,0,14,11,6,0,31,0,0,0,31
12/25/2021,AMA,TX,ASW,CE,Combined TRACON& Tower with Radar,9,15,5,0,29,0,0,1,0,1,9,15,6,0,30,0,0,0,30
12/26/2021,AMA,TX,ASW,CE,Combined TRACON& Tower with Radar,20,19,5,0,44,0,1,3,0,4,20,20,8,0,48,0,0,0,48
12/27/2021,AMA,TX,ASW,CE,Combined TRACON& Tower with Radar,18,18,20,0,56,0,2,7,1,10,18,20,27,1,66,0,0,0,66
12/28/2021,AMA,TX,ASW,CE,Combined TRACON& Tower with Radar,14,19,15,6,54,0,0,3,1,4,14,19,18,7,58,0,0,0,58
12/29/2021,AMA,TX,ASW,CE,Combined TRACON& Tower with Radar,15,18,14,2,49,0,1,7,0,8,15,19,21,2,57,0,0,0,57
12/30/2021,AMA,TX,ASW,CE,Combined TRACON& Tower with Radar,18,22,5,0,45,0,0,6,0,6,18,22,11,0,51,0,0,0,51
12/31/2021,AMA,TX,ASW,CE,Combined TRACON& Tower with Radar,14,21,8,0,43,0,0,7,0,7,14,21,15,0,50,0,0,0,50
01/01/2022,AMA,TX,ASW,CE,Combined TRACON& Tower with Radar,10,11,11,0,32,0,0,1,0,1,10,11,12,0,33,0,0,0,33
01/02/2022,AMA,TX,ASW,CE,Combined TRACON& Tower with Radar,18,16,17,0,51,0,0,8,0,8,18,16,25,0,59,0,0,0,59
01/03/2022,AMA,TX,ASW,CE,Combined TRACON& Tower with Radar,15,12,9,0,36,0,0,14,0,14,15,12,23,0,50,0,0,0,50
01/04/2022,AMA,TX,ASW,CE,Combined TRACON& Tower with Radar,17,12,26,7,62,0,0,14,1,15,17,12,40,8,77,4,0,4,81
01/05/2022,AMA,TX,ASW,CE,Combined TRACON& Tower with Radar,21,20,32,16,89,0,0,4,0,4,21,20,36,16,93,0,4,4,97
01/06/2022,AMA,TX,ASW,CE,Combined TRACON& Tower with Radar,22,16,10,9,57,0,2,5,0,7,22,18,15,9,64,0,0,0,64
01/07/2022,AMA,TX,ASW,CE,Combined TRACON& Tower with Radar,21,16,24,127,188,0,1,3,6,10,21,17,27,133,198,24,14,38,236
01/08/2022,AMA,TX,ASW,CE,Combined TRACON& Tower with Radar,15,11,14,46,86,0,0,3,1,4,15,11,17,47,90,4,14,18,108
01/09/2022,AMA,TX,ASW,CE,Combined TRACON& Tower with Radar,19,15,7,39,80,0,2,11,8,21,19,17,18,47,101,6,32,38,139
01/10/2022,AMA,TX,ASW,CE,Combined TRACON& Tower with Radar,22,18,7,28,75,0,0,13,2,15,22,18,20,30,90,0,22,22,112
01/11/2022,AMA,TX,ASW,CE,Combined TRACON& Tower with Radar,17,17,9,26,69,0,0,8,7,15,17,17,17,33,84,0,8,8,92
01/12/2022,AMA,TX,ASW,CE,Combined TRACON& Tower with Radar,20,12,16,34,82,0,0,13,4,17,20,12,29,38,99,14,14,28,127
01/13/2022,AMA,TX,ASW,CE,Combined TRACON& Tower with Radar,21,13,21,63,118,0,1,14,5,20,21,14,35,68,138,2,24,26,164
01/14/2022,AMA,TX,ASW,CE,Combined TRACON& Tower with Radar,19,11,15,4,49,0,0,8,0,8,19,11,23,4,57,0,0,0,57
01/15/2022,AMA,TX,ASW,CE,Combined TRACON& Tower with Radar,13,7,7,0,27,0,0,1,0,1,13,7,8,0,28,0,0,0,28
01/16/2022,AMA,TX,ASW,CE,Combined TRACON& Tower with Radar,19,10,7,3,39,0,0,8,0,8,19,10,15,3,47,0,0,0,47
01/17/2022,AMA,TX,ASW,CE,Combined TRACON& Tower with Radar,20,15,23,2,60,0,0,7,0,7,20,15,30,2,67,0,0,0,67
01/18/2022,AMA,TX,ASW,CE,Combined TRACON& Tower with Radar,17,17,38,36,108,0,0,18,5,23,17,17,56,41,131,4,28,32,163
01/19/2022,AMA,TX,ASW,CE,Combined TRACON& Tower with Radar,19,14,21,51,105,0,0,5,0,5,19,14,26,51,110,0,32,32,142
01/20/2022,AMA,TX,ASW,CE,Combined TRACON& Tower with Radar,21,15,23,1,60,0,0,6,0,6,21,15,29,1,66,0,0,0,66
01/21/2022,AMA,TX,ASW,CE,Combined TRACON& Tower with Radar,19,17,13,45,94,0,1,11,2,14,19,18,24,47,108,28,4,32,140
01/22/2022,AMA,TX,ASW,CE,Combined TRACON& Tower with Radar,15,12,36,36,99,0,0,10,3,13,15,12,46,39,112,34,30,64,176
01/23/2022,AMA,TX,ASW,CE,Combined TRACON& Tower with Radar,21,15,16,5,57,0,1,13,1,15,21,16,29,6,72,32,0,32,104
01/24/2022,AMA,TX,ASW,CE,Combined TRACON& Tower with Radar,20,16,31,45,112,0,0,17,5,22,20,16,48,50,134,0,34,34,168
01/25/2022,AMA,TX,ASW,CE,Combined TRACON& Tower with Radar,17,13,17,12,59,0,3,9,4,16,17,16,26,16,75,30,0,30,105
01/26/2022,AMA,TX,ASW,CE,Combined TRACON& Tower with Radar,13,11,11,0,35,0,0,0,0,0,13,11,11,0,35,0,0,0,35
01/27/2022,AMA,TX,ASW,CE,Combined TRACON& Tower with Radar,24,17,29,30,100,0,0,6,4,10,24,17,35,34,110,22,20,42,152
01/28/2022,AMA,TX,ASW,CE,Combined TRACON& Tower with Radar,18,14,18,10,60,0,1,9,3,13,18,15,27,13,73,64,0,64,137
01/29/2022,AMA,TX,ASW,CE,Combined TRACON& Tower with Radar,17,14,24,1,56,0,0,4,1,5,17,14,28,2,61,52,12,64,125
01/30/2022,AMA,TX,ASW,CE,Combined TRACON& Tower with Radar,21,9,9,0,39,0,0,6,4,10,21,9,15,4,49,38,4,42,91
01/31/2022,AMA,TX,ASW,CE,Combined TRACON& Tower with Radar,18,13,35,50,116,0,1,6,4,11,18,14,41,54,127,10,2,12,139
02/01/2022,AMA,TX,ASW,CE,Combined TRACON& Tower with Radar,16,20,16,31,83,0,0,5,6,11,16,20,21,37,94,8,16,24,118
02/02/2022,AMA,TX,ASW,CE,Combined TRACON& Tower with Radar,13,6,3,0,22,0,0,0,0,0,13,6,3,0,22,0,0,0,22
02/03/2022,AMA,TX,ASW,CE,Combined TRACON& Tower with Radar,2,6,4,0,12,0,0,0,0,0,2,6,4,0,12,0,0,0,12
02/04/2022,AMA,TX,ASW,CE,Combined TRACON& Tower with Radar,10,14,17,16,57,0,1,11,1,13,10,15,28,17,70,8,0,8,78
02/05/2022,AMA,TX,ASW,CE,Combined TRACON& Tower with Radar,12,9,9,8,38,0,1,9,3,13,12,10,18,11,51,14,0,14,65
02/06/2022,AMA,TX,ASW,CE,Combined TRACON& Tower with Radar,21,16,18,0,55,0,1,7,1,9,21,17,25,1,64,0,0,0,64
02/07/2022,AMA,TX,ASW,CE,Combined TRACON& Tower with Radar,23,11,9,20,63,0,0,9,2,11,23,11,18,22,74,4,10,14,88
02/08/2022,AMA,TX,ASW,CE,Combined TRACON& Tower with Radar,18,13,23,11,65,0,0,13,3,16,18,13,36,14,81,4,16,20,101
02/09/2022,AMA,TX,ASW,CE,Combined TRACON& Tower with Radar,21,12,16,30,79,0,0,14,7,21,21,12,30,37,100,12,16,28,128
02/10/2022,AMA,TX,ASW,CE,Combined TRACON& Tower with Radar,21,27,17,24,89,0,4,24,1,29,21,31,41,25,118,38,8,46,164
02/11/2022,AMA,TX,ASW,CE,Combined TRACON& Tower with Radar,20,16,13,6,55,0,0,1,5,6,20,16,14,11,61,2,0,2,63
02/12/2022,AMA,TX,ASW,CE,Combined TRACON& Tower with Radar,13,12,9,14,48,0,1,11,1,13,13,13,20,15,61,36,0,36,97
02/13/2022,AMA,TX,ASW,CE,Combined TRACON& Tower with Radar,21,13,14,31,79,0,0,14,1,15,21,13,28,32,94,0,0,0,94
02/14/2022,AMA,TX,ASW,CE,Combined TRACON& Tower with Radar,20,22,15,15,72,0,1,21,1,23,20,23,36,16,95,8,0,8,103
02/15/2022,AMA,TX,ASW,CE,Combined TRACON& Tower with Radar,20,19,19,43,101,0,1,17,6,24,20,20,36,49,125,74,50,124,249
02/16/2022,AMA,TX,ASW,CE,Combined TRACON& Tower with Radar,18,20,46,50,134,0,1,2,0,3,18,21,48,50,137,12,72,84,221
02/17/2022,AMA,TX,ASW,CE,Combined TRACON& Tower with Radar,19,13,18,2,52,0,0,3,0,3,19,13,21,2,55,12,0,12,67
02/18/2022,AMA,TX,ASW,CE,Combined TRACON& Tower with Radar,21,13,11,55,100,0,0,14,5,19,21,13,25,60,119,28,36,64,183
02/19/2022,AMA,TX,ASW,CE,Combined TRACON& Tower with Radar,15,20,11,2,48,0,3,7,0,10,15,23,18,2,58,12,0,12,70
02/20/2022,AMA,TX,ASW,CE,Combined TRACON& Tower with Radar,20,11,13,0,44,0,0,9,0,9,20,11,22,0,53,0,0,0,53
02/21/2022,AMA,TX,ASW,CE,Combined TRACON& Tower with Radar,20,18,16,0,54,0,2,6,2,10,20,20,22,2,64,16,0,16,80
02/22/2022,AMA,TX,ASW,CE,Combined TRACON& Tower with Radar,21,18,58,78,175,0,0,8,4,12,21,18,66,82,187,0,52,52,239
02/23/2022,AMA,TX,ASW,CE,Combined TRACON& Tower with Radar,17,19,19,23,78,0,0,2,1,3,17,19,21,24,81,0,0,0,81
02/24/2022,AMA,TX,ASW,CE,Combined TRACON& Tower with Radar,12,18,24,21,75,0,2,2,1,5,12,20,26,22,80,0,18,18,98
02/25/2022,AMA,TX,ASW,CE,Combined TRACON& Tower with Radar,20,19,26,13,78,0,1,5,0,6,20,20,31,13,84,0,0,0,84
02/26/2022,AMA,TX,ASW,CE,Combined TRACON& Tower with Radar,14,14,13,7,48,0,3,13,1,17,14,17,26,8,65,10,0,10,75
02/27/2022,AMA,TX,ASW,CE,Combined TRACON& Tower with Radar,19,16,17,10,62,0,2,13,0,15,19,18,30,10,77,6,0,6,83
02/28/2022,AMA,TX,ASW,CE,Combined TRACON& Tower with Radar,21,13,15,30,79,0,0,20,2,22,21,13,35,32,101,2,4,6,107
03/01/2022,AMA,TX,ASW,CE,Combined TRACON& Tower with Radar,19,14,17,8,58,0,0,18,3,21,19,14,35,11,79,0,4,4,83
03/02/2022,AMA,TX,ASW,CE,Combined TRACON& Tower with Radar,20,24,10,7,61,0,0,14,2,16,20,24,24,9,77,10,0,10,87
03/03/2022,AMA,TX,ASW,CE,Combined TRACON& Tower with Radar,19,10,53,43,125,0,0,24,9,33,19,10,77,52,158,38,62,100,258
03/04/2022,AMA,TX,ASW,CE,Combined TRACON& Tower with Radar,16,11,26,30,83,0,0,2,5,7,16,11,28,35,90,10,26,36,126
03/05/2022,AMA,TX,ASW,CE,Combined TRACON& Tower with Radar,11,15,23,16,65,0,0,9,2,11,11,15,32,18,76,2,16,18,94
03/06/2022,AMA,TX,ASW,CE,Combined TRACON& Tower with Radar,15,19,26,0,60,0,0,4,1,5,15,19,30,1,65,20,0,20,85
03/07/2022,AMA,TX,ASW,CE,Combined TRACON& Tower with Radar,16,16,22,96,150,0,2,13,6,21,16,18,35,102,171,0,44,44,215
03/08/2022,AMA,TX,ASW,CE,Combined TRACON& Tower with Radar,16,19,18,69,122,0,0,19,2,21,16,19,37,71,143,16,22,38,181
03/09/2022,AMA,TX,ASW,CE,Combined TRACON& Tower with Radar,12,21,19,10,62,0,3,9,1,13,12,24,28,11,75,2,6,8,83
03/10/2022,AMA,TX,ASW,CE,Combined TRACON& Tower with Radar,19,19,42,5,85,0,0,1,1,2,19,19,43,6,87,6,0,6,93
03/11/2022,AMA,TX,ASW,CE,Combined TRACON& Tower with Radar,18,17,24,6,65,0,2,4,0,6,18,19,28,6,71,12,0,12,83
03/12/2022,AMA,TX,ASW,CE,Combined TRACON& Tower with Radar,14,15,19,4,52,0,0,11,1,12,14,15,30,5,64,0,0,0,64
03/13/2022,AMA,TX,ASW,CE,Combined TRACON& Tower with Radar,18,8,25,12,63,0,0,12,6,18,18,8,37,18,81,0,12,12,93
03/14/2022,AMA,TX,ASW,CE,Combined TRACON& Tower with Radar,24,10,26,39,99,0,0,8,9,17,24,10,34,48,116,12,50,62,178
03/15/2022,AMA,TX,ASW,CE,Combined TRACON& Tower with Radar,18,13,17,64,112,0,0,13,8,21,18,13,30,72,133,30,8,38,171
03/16/2022,AMA,TX,ASW,CE,Combined TRACON& Tower with Radar,14,16,31,28,89,0,0,9,2,11,14,16,40,30,100,26,24,50,150
03/17/2022,AMA,TX,ASW,CE,Combined TRACON& Tower with Radar,20,12,16,8,56,0,0,1,4,5,20,12,17,12,61,0,4,4,65
03/18/2022,AMA,TX,ASW,CE,Combined TRACON& Tower with Radar,22,9,19,64,114,0,0,7,7,14,22,9,26,71,128,8,56,64,192
03/19/2022,AMA,TX,ASW,CE,Combined TRACON& Tower with Radar,19,15,18,18,70,0,0,19,6,25,19,15,37,24,95,0,6,6,101
03/20/2022,AMA,TX,ASW,CE,Combined TRACON& Tower with Radar,16,9,9,4,38,0,0,1,2,3,16,9,10,6,41,0,0,0,41
03/21/2022,AMA,TX,ASW,CE,Combined TRACON& Tower with Radar,11,4,10,16,41,0,0,2,1,3,11,4,12,17,44,0,26,26,70
03/22/2022,AMA,TX,ASW,CE,Combined TRACON& Tower with Radar,18,16,14,9,57,0,0,1,0,1,18,16,15,9,58,0,0,0,58
03/23/2022,AMA,TX,ASW,CE,Combined TRACON& Tower with Radar,14,14,24,27,79,0,0,2,5,7,14,14,26,32,86,4,0,4,90
03/24/2022,AMA,TX,ASW,CE,Combined TRACON& Tower with Radar,19,16,36,88,159,0,0,13,8,21,19,16,49,96,180,30,30,60,240
03/25/2022,AMA,TX,ASW,CE,Combined TRACON& Tower with Radar,19,18,17,49,103,0,2,8,6,16,19,20,25,55,119,16,20,36,155
03/26/2022,AMA,TX,ASW,CE,Combined TRACON& Tower with Radar,13,10,8,7,38,0,4,15,2,21,13,14,23,9,59,16,0,16,75
03/27/2022,AMA,TX,ASW,CE,Combined TRACON& Tower with Radar,17,10,10,7,44,0,1,12,0,13,17,11,22,7,57,0,0,0,57
03/28/2022,AMA,TX,ASW,CE,Combined TRACON& Tower with Radar,18,23,23,15,79,0,0,14,1,15,18,23,37,16,94,26,8,34,128
03/29/2022,AMA,TX,ASW,CE,Combined TRACON& Tower with Radar,22,12,18,1,53,0,0,2,2,4,22,12,20,3,57,0,0,0,57
03/30/2022,AMA,TX,ASW,CE,Combined TRACON& Tower with Radar,14,17,10,36,77,0,0,3,0,3,14,17,13,36,80,0,28,28,108
03/31/2022,AMA,TX,ASW,CE,Combined TRACON& Tower with Radar,17,13,17,27,74,0,1,12,7,20,17,14,29,34,94,46,16,62,156
04/01/2022,AMA,TX,ASW,CE,Combined TRACON& Tower with Radar,17,15,19,6,57,0,3,9,0,12,17,18,28,6,69,0,0,0,69
04/02/2022,AMA,TX,ASW,CE,Combined TRACON& Tower with Radar,15,19,8,2,44,0,1,12,3,16,15,20,20,5,60,0,0,0,60
04/03/2022,AMA,TX,ASW,CE,Combined TRACON& Tower with Radar,19,13,15,0,47,0,2,1,1,4,19,15,16,1,51,0,0,0,51
04/04/2022,AMA,TX,ASW,CE,Combined TRACON& Tower with Radar,18,13,14,80,125,0,0,10,2,12,18,13,24,82,137,22,181,203,340
04/05/2022,AMA,TX,ASW,CE,Combined TRACON& Tower with Radar,21,12,26,27,86,0,0,9,2,11,21,12,35,29,97,14,66,80,177
04/06/2022,AMA,TX,ASW,CE,Combined TRACON& Tower with Radar,22,12,10,29,73,0,1,4,0,5,22,13,14,29,78,0,8,8,86
04/07/2022,AMA,TX,ASW,CE,Combined TRACON& Tower with Radar,25,17,30,6,78,0,4,18,0,22,25,21,48,6,100,0,2,2,102
04/08/2022,AMA,TX,ASW,CE,Combined TRACON& Tower with Radar,23,15,16,58,112,0,0,20,3,23,23,15,36,61,135,10,36,46,181
04/09/2022,AMA,TX,ASW,CE,Combined TRACON& Tower with Radar,18,12,12,0,42,0,0,4,1,5,18,12,16,1,47,0,0,0,47
04/10/2022,AMA,TX,ASW,CE,Combined TRACON& Tower with Radar,21,16,10,14,61,0,0,10,0,10,21,16,20,14,71,0,0,0,71
04/11/2022,AMA,TX,ASW,CE,Combined TRACON& Tower with Radar,23,13,18,50,104,0,0,11,3,14,23,13,29,53,118,0,12,12,130
04/12/2022,AMA,TX,ASW,CE,Combined TRACON& Tower with Radar,23,17,26,20,86,0,1,5,2,8,23,18,31,22,94,0,12,12,106
04/13/2022,AMA,TX,ASW,CE,Combined TRACON& Tower with Radar,23,26,24,42,115,0,3,5,2,10,23,29,29,44,125,0,36,36,161
04/14/2022,AMA,TX,ASW,CE,Combined TRACON& Tower with Radar,23,15,34,27,99,0,2,7,5,14,23,17,41,32,113,4,14,18,131
04/15/2022,AMA,TX,ASW,CE,Combined TRACON& Tower with Radar,21,16,10,59,106,0,0,6,5,11,21,16,16,64,117,10,12,22,139
04/16/2022,AMA,TX,ASW,CE,Combined TRACON& Tower with Radar,18,12,4,1,35,0,0,5,0,5,18,12,9,1,40,0,0,0,40
04/17/2022,AMA,TX,ASW,CE,Combined TRACON& Tower with Radar,23,9,4,3,39,0,0,2,0,2,23,9,6,3,41,0,0,0,41
04/18/2022,AMA,TX,ASW,CE,Combined TRACON& Tower with Radar,23,16,24,26,89,0,2,11,0,13,23,18,35,26,102,14,28,42,144
04/19/2022,AMA,TX,ASW,CE,Combined TRACON& Tower with Radar,21,12,18,14,65,0,1,6,0,7,21,13,24,14,72,0,0,0,72
04/20/2022,AMA,TX,ASW,CE,Combined TRACON& Tower with Radar,22,16,26,64,128,0,0,21,9,30,22,16,47,73,158,6,72,78,236
04/21/2022,AMA,TX,ASW,CE,Combined TRACON& Tower with Radar,22,17,21,64,124,0,0,11,21,32,22,17,32,85,156,24,30,54,210
04/22/2022,AMA,TX,ASW,CE,Combined TRACON& Tower with Radar,26,14,15,17,72,0,0,0,2,2,26,14,15,19,74,0,12,12,86
04/23/2022,AMA,TX,ASW,CE,Combined TRACON& Tower with Radar,21,14,8,2,45,0,6,7,5,18,21,20,15,7,63,16,0,16,79
04/24/2022,AMA,TX,ASW,CE,Combined TRACON& Tower with Radar,20,21,14,16,71,0,1,4,7,12,20,22,18,23,83,0,0,0,83
04/25/2022,AMA,TX,ASW,CE,Combined TRACON& Tower with Radar,23,11,25,20,79,0,0,10,2,12,23,11,35,22,91,0,0,0,91
04/26/2022,AMA,TX,ASW,CE,Combined TRACON& Tower with Radar,22,19,19,8,68,0,0,16,8,24,22,19,35,16,92,0,0,0,92
04/27/2022,AMA,TX,ASW,CE,Combined TRACON& Tower with Radar,27,18,17,2,64,0,3,10,1,14,27,21,27,3,78,0,8,8,86
04/28/2022,AMA,TX,ASW,CE,Combined TRACON& Tower with Radar,24,14,21,10,69,0,2,10,4,16,24,16,31,14,85,6,0,6,91
04/29/2022,AMA,TX,ASW,CE,Combined TRACON& Tower with Radar,28,12,13,10,63,0,0,4,2,6,28,12,17,12,69,0,0,0,69
04/30/2022,AMA,TX,ASW,CE,Combined TRACON& Tower with Radar,20,8,12,14,54,0,2,23,2,27,20,10,35,16,81,32,6,38,119
05/01/2022,AMA,TX,ASW,CE,Combined TRACON& Tower with Radar,22,6,18,3,49,0,0,3,1,4,22,6,21,4,53,44,0,44,97
05/02/2022,AMA,TX,ASW,CE,Combined TRACON& Tower with Radar,25,14,14,28,81,0,1,6,2,9,25,15,20,30,90,16,12,28,118
05/03/2022,AMA,TX,ASW,CE,Combined TRACON& Tower with Radar,23,12,30,44,109,0,2,15,3,20,23,14,45,47,129,80,26,106,235
05/04/2022,AMA,TX,ASW,CE,Combined TRACON& Tower with Radar,21,10,17,7,55,0,1,5,1,7,21,11,22,8,62,0,0,0,62
05/05/2022,AMA,TX,ASW,CE,Combined TRACON& Tower with Radar,27,7,19,93,146,0,0,14,3,17,27,7,33,96,163,2,44,46,209
05/06/2022,AMA,TX,ASW,CE,Combined TRACON& Tower with Radar,24,15,24,64,127,0,1,20,11,32,24,16,44,75,159,6,34,40,199
05/07/2022,AMA,TX,ASW,CE,Combined TRACON& Tower with Radar,22,8,10,2,42,0,1,15,6,22,22,9,25,8,64,0,0,0,64
05/08/2022,AMA,TX,ASW,CE,Combined TRACON& Tower with Radar,22,16,10,38,86,0,0,8,5,13,22,16,18,43,99,0,0,0,99
05/09/2022,AMA,TX,ASW,CE,Combined TRACON& Tower with Radar,21,15,20,10,66,0,0,1,4,5,21,15,21,14,71,0,0,0,71
05/10/2022,AMA,TX,ASW,CE,Combined TRACON& Tower with Radar,20,15,31,4,70,0,1,6,6,13,20,16,37,10,83,0,12,12,95
05/11/2022,AMA,TX,ASW,CE,Combined TRACON& Tower with Radar,18,13,22,11,64,0,1,10,5,16,18,14,32,16,80,30,0,30,110
05/12/2022,AMA,TX,ASW,CE,Combined TRACON& Tower with Radar,22,14,16,41,93,0,0,7,7,14,22,14,23,48,107,6,0,6,113
05/13/2022,AMA,TX,ASW,CE,Combined TRACON& Tower with Radar,24,16,30,18,88,0,2,13,6,21,24,18,43,24,109,24,58,82,191
05/14/2022,AMA,TX,ASW,CE,Combined TRACON& Tower with Radar,22,15,7,16,60,0,0,16,1,17,22,15,23,17,77,22,0,22,99
05/15/2022,AMA,TX,ASW,CE,Combined TRACON& Tower with Radar,20,6,9,7,42,0,0,8,2,10,20,6,17,9,52,0,0,0,52
05/16/2022,AMA,TX,ASW,CE,Combined TRACON& Tower with Radar,25,16,27,18,86,0,1,8,0,9,25,17,35,18,95,0,0,0,95
05/17/2022,AMA,TX,ASW,CE,Combined TRACON& Tower with Radar,19,14,10,19,62,0,0,7,3,10,19,14,17,22,72,4,0,4,76
05/18/2022,AMA,TX,ASW,CE,Combined TRACON& Tower with Radar,21,17,22,32,92,0,0,13,1,14,21,17,35,33,106,16,20,36,142
05/19/2022,AMA,TX,ASW,CE,Combined TRACON& Tower with Radar,20,16,20,30,86,0,14,18,4,36,20,30,38,34,122,4,30,34,156
05/20/2022,AMA,TX,ASW,CE,Combined TRACON& Tower with Radar,23,18,9,27,77,0,2,8,3,13,23,20,17,30,90,0,6,6,96
05/21/2022,AMA,TX,ASW,CE,Combined TRACON& Tower with Radar,20,12,21,2,55,0,0,6,1,7,20,12,27,3,62,0,0,0,62
05/22/2022,AMA,TX,ASW,CE,Combined TRACON& Tower with Radar,23,12,17,1,53,0,0,15,2,17,23,12,32,3,70,18,0,18,88
05/23/2022,AMA,TX,ASW,CE,Combined TRACON& Tower with Radar,23,11,13,6,53,0,0,5,3,8,23,11,18,9,61,0,0,0,61
05/24/2022,AMA,TX,ASW,CE,Combined TRACON& Tower with Radar,17,11,35,1,64,0,0,0,2,2,17,11,35,3,66,0,0,0,66
05/25/2022,AMA,TX,ASW,CE,Combined TRACON& Tower with Radar,18,26,23,64,131,0,0,9,5,14,18,26,32,69,145,38,62,100,245
05/26/2022,AMA,TX,ASW,CE,Combined TRACON& Tower with Radar,24,13,42,48,127,0,1,18,3,22,24,14,60,51,149,6,60,66,215
05/27/2022,AMA,TX,ASW,CE,Combined TRACON& Tower with Radar,28,12,18,7,65,0,0,5,3,8,28,12,23,10,73,0,0,0,73
05/28/2022,AMA,TX,ASW,CE,Combined TRACON& Tower with Radar,20,10,3,1,34,0,0,6,1,7,20,10,9,2,41,0,0,0,41
05/29/2022,AMA,TX,ASW,CE,Combined TRACON& Tower with Radar,24,15,10,0,49,0,3,13,2,18,24,18,23,2,67,0,0,0,67
05/30/2022,AMA,TX,ASW,CE,Combined TRACON& Tower with Radar,23,9,23,0,55,0,0,11,0,11,23,9,34,0,66,4,0,4,70
05/31/2022,AMA,TX,ASW,CE,Combined TRACON& Tower with Radar,20,14,22,22,78,0,0,11,1,12,20,14,33,23,90,6,20,26,116
06/01/2022,AMA,TX,ASW,CE,Combined TRACON& Tower with Radar,21,14,18,21,74,0,0,0,0,0,21,14,18,21,74,0,0,0,74
06/02/2022,AMA,TX,ASW,CE,Combined TRACON& Tower with Radar,23,14,23,12,72,0,0,4,0,4,23,14,27,12,76,0,0,0,76
06/03/2022,AMA,TX,ASW,CE,Combined TRACON& Tower with Radar,22,10,21,3,56,0,2,5,1,8,22,12,26,4,64,40,16,56,120
06/04/2022,AMA,TX,ASW,CE,Combined TRACON& Tower with Radar,19,12,16,4,51,0,3,6,0,9,19,15,22,4,60,12,0,12,72
06/05/2022,AMA,TX,ASW,CE,Combined TRACON& Tower with Radar,28,8,17,9,62,0,0,15,1,16,28,8,32,10,78,8,0,8,86
06/06/2022,AMA,TX,ASW,CE,Combined TRACON& Tower with Radar,25,11,18,20,74,0,2,12,2,16,25,13,30,22,90,22,24,46,136
06/07/2022,AMA,TX,ASW,CE,Combined TRACON& Tower with Radar,23,13,18,15,69,0,1,5,1,7,23,14,23,16,76,0,16,16,92
06/08/2022,AMA,TX,ASW,CE,Combined TRACON& Tower with Radar,23,15,22,14,74,0,0,9,0,9,23,15,31,14,83,0,4,4,87
06/09/2022,AMA,TX,ASW,CE,Combined TRACON& Tower with Radar,29,9,27,5,70,0,1,5,2,8,29,10,32,7,78,0,0,0,78
06/10/2022,AMA,TX,ASW,CE,Combined TRACON& Tower with Radar,25,13,37,32,107,0,0,17,9,26,25,13,54,41,133,50,0,50,183
06/11/2022,AMA,TX,ASW,CE,Combined TRACON& Tower with Radar,16,13,13,7,49,0,0,15,4,19,16,13,28,11,68,24,14,38,106
06/12/2022,AMA,TX,ASW,CE,Combined TRACON& Tower with Radar,27,14,31,14,86,0,0,7,6,13,27,14,38,20,99,0,0,0,99
06/13/2022,AMA,TX,ASW,CE,Combined TRACON& Tower with Radar,29,12,11,0,52,0,1,6,0,7,29,13,17,0,59,8,0,8,67
06/14/2022,AMA,TX,ASW,CE,Combined TRACON& Tower with Radar,28,12,24,15,79,0,0,3,10,13,28,12,27,25,92,0,46,46,138
06/15/2022,AMA,TX,ASW,CE,Combined TRACON& Tower with Radar,28,14,17,17,76,0,3,16,6,25,28,17,33,23,101,48,12,60,161
06/16/2022,AMA,TX,ASW,CE,Combined TRACON& Tower with Radar,27,22,26,12,87,0,1,16,1,18,27,23,42,13,105,0,6,6,111
06/17/2022,AMA,TX,ASW,CE,Combined TRACON& Tower with Radar,28,19,14,12,73,0,1,10,2,13,28,20,24,14,86,0,0,0,86
06/18/2022,AMA,TX,ASW,CE,Combined TRACON& Tower with Radar,20,11,6,24,61,0,0,7,1,8,20,11,13,25,69,22,0,22,91
06/19/2022,AMA,TX,ASW,CE,Combined TRACON& Tower with Radar,25,9,9,1,44,0,0,6,0,6,25,9,15,1,50,0,0,0,50
06/20/2022,AMA,TX,ASW,CE,Combined TRACON& Tower with Radar,26,17,6,1,50,0,1,10,2,13,26,18,16,3,63,0,0,0,63
06/21/2022,AMA,TX,ASW,CE,Combined TRACON& Tower with Radar,26,15,35,22,98,0,1,10,2,13,26,16,45,24,111,22,110,132,243
06/22/2022,AMA,TX,ASW,CE,Combined TRACON& Tower with Radar,26,14,22,9,71,0,0,8,0,8,26,14,30,9,79,0,18,18,97
06/23/2022,AMA,TX,ASW,CE,Combined TRACON& Tower with Radar,27,17,13,25,82,0,4,12,6,22,27,21,25,31,104,68,0,68,172
06/24/2022,AMA,TX,ASW,CE,Combined TRACON& Tower with Radar,26,14,15,26,81,0,2,16,1,19,26,16,31,27,100,58,12,70,170
06/25/2022,AMA,TX,ASW,CE,Combined TRACON& Tower with Radar,20,10,11,0,41,0,0,12,0,12,20,10,23,0,53,0,0,0,53
06/26/2022,AMA,TX,ASW,CE,Combined TRACON& Tower with Radar,24,16,13,0,53,0,0,4,0,4,24,16,17,0,57,0,0,0,57
06/27/2022,AMA,TX,ASW,CE,Combined TRACON& Tower with Radar,28,8,20,33,89,0,1,15,2,18,28,9,35,35,107,60,38,98,205
06/28/2022,AMA,TX,ASW,CE,Combined TRACON& Tower with Radar,26,14,32,20,92,0,0,8,3,11,26,14,40,23,103,38,0,38,141
06/29/2022,AMA,TX,ASW,CE,Combined TRACON& Tower with Radar,26,15,20,9,70,0,4,13,2,19,26,19,33,11,89,20,0,20,109
06/30/2022,AMA,TX,ASW,CE,Combined TRACON& Tower with Radar,28,16,19,29,92,0,0,16,4,20,28,16,35,33,112,28,40,68,180
07/01/2022,AMA,TX,ASW,CE,Combined TRACON& Tower with Radar,26,18,20,2,66,0,2,9,0,11,26,20,29,2,77,4,0,4,81
07/02/2022,AMA,TX,ASW,CE,Combined TRACON& Tower with Radar,20,13,13,4,50,0,0,7,0,7,20,13,20,4,57,0,0,0,57
07/03/2022,AMA,TX,ASW,CE,Combined TRACON& Tower with Radar,27,10,3,12,52,0,0,13,3,16,27,10,16,15,68,6,4,10,78
07/04/2022,AMA,TX,ASW,CE,Combined TRACON& Tower with Radar,24,8,9,0,41,0,0,8,1,9,24,8,17,1,50,0,0,0,50
07/05/2022,AMA,TX,ASW,CE,Combined TRACON& Tower with Radar,21,16,19,4,60,0,0,9,0,9,21,16,28,4,69,10,0,10,79
07/06/2022,AMA,TX,ASW,CE,Combined TRACON& Tower with Radar,24,17,16,0,57,0,2,9,1,12,24,19,25,1,69,22,0,22,91
07/07/2022,AMA,TX,ASW,CE,Combined TRACON& Tower with Radar,29,12,22,8,71,0,0,7,0,7,29,12,29,8,78,6,8,14,92
07/08/2022,AMA,TX,ASW,CE,Combined TRACON& Tower with Radar,25,18,13,4,60,0,1,8,0,9,25,19,21,4,69,0,14,14,83
07/09/2022,AMA,TX,ASW,CE,Combined TRACON& Tower with Radar,20,13,12,3,48,0,0,11,0,11,20,13,23,3,59,8,0,8,67
07/10/2022,AMA,TX,ASW,CE,Combined TRACON& Tower with Radar,27,15,9,4,55,0,0,8,0,8,27,15,17,4,63,26,0,26,89
07/11/2022,AMA,TX,ASW,CE,Combined TRACON& Tower with Radar,28,18,23,31,100,0,2,9,7,18,28,20,32,38,118,2,26,28,146
07/12/2022,AMA,TX,ASW,CE,Combined TRACON& Tower with Radar,22,8,14,23,67,0,0,6,0,6,22,8,20,23,73,18,20,38,111
07/13/2022,AMA,TX,ASW,CE,Combined TRACON& Tower with Radar,22,13,14,20,69,0,1,6,2,9,22,14,20,22,78,34,0,34,112
07/14/2022,AMA,TX,ASW,CE,Combined TRACON& Tower with Radar,34,19,10,13,76,0,2,13,3,18,34,21,23,16,94,12,0,12,106
07/15/2022,AMA,TX,ASW,CE,Combined TRACON& Tower with Radar,32,10,11,10,63,0,0,13,5,18,32,10,24,15,81,22,0,22,103
07/16/2022,AMA,TX,ASW,CE,Combined TRACON& Tower with Radar,17,15,10,24,66,0,0,9,3,12,17,15,19,27,78,16,8,24,102
07/17/2022,AMA,TX,ASW,CE,Combined TRACON& Tower with Radar,27,11,17,8,63,0,0,14,1,15,27,11,31,9,78,0,0,0,78
07/18/2022,AMA,TX,ASW,CE,Combined TRACON& Tower with Radar,26,14,18,16,74,0,1,11,2,14,26,15,29,18,88,0,12,12,100
07/19/2022,AMA,TX,ASW,CE,Combined TRACON& Tower with Radar,24,13,24,6,67,0,0,10,0,10,24,13,34,6,77,2,0,2,79
07/20/2022,AMA,TX,ASW,CE,Combined TRACON& Tower with Radar,19,18,25,8,70,0,1,12,1,14,19,19,37,9,84,8,12,20,104
07/21/2022,AMA,TX,ASW,CE,Combined TRACON& Tower with Radar,32,11,20,7,70,0,1,15,0,16,32,12,35,7,86,10,0,10,96
07/22/2022,AMA,TX,ASW,CE,Combined TRACON& Tower with Radar,26,15,21,11,73,0,0,20,2,22,26,15,41,13,95,10,2,12,107
07/23/2022,AMA,TX,ASW,CE,Combined TRACON& Tower with Radar,18,13,13,2,46,0,1,6,0,7,18,14,19,2,53,0,0,0,53
07/24/2022,AMA,TX,ASW,CE,Combined TRACON& Tower with Radar,29,11,12,0,52,0,2,13,0,15,29,13,25,0,67,8,0,8,75
07/25/2022,AMA,TX,ASW,CE,Combined TRACON& Tower with Radar,21,22,16,12,71,0,0,13,2,15,21,22,29,14,86,2,12,14,100
07/26/2022,AMA,TX,ASW,CE,Combined TRACON& Tower with Radar,20,28,28,21,97,0,0,11,2,13,20,28,39,23,110,0,16,16,126
07/27/2022,AMA,TX,ASW,CE,Combined TRACON& Tower with Radar,31,18,12,17,78,0,0,5,3,8,31,18,17,20,86,0,16,16,102
07/28/2022,AMA,TX,ASW,CE,Combined TRACON& Tower with Radar,29,14,16,5,64,0,0,8,0,8,29,14,24,5,72,10,0,10,82
07/29/2022,AMA,TX,ASW,CE,Combined TRACON& Tower with Radar,26,21,16,41,104,0,0,6,1,7,26,21,22,42,111,0,44,44,155
07/30/2022,AMA,TX,ASW,CE,Combined TRACON& Tower with Radar,16,17,14,0,47,0,0,3,2,5,16,17,17,2,52,12,0,12,64
07/31/2022,AMA,TX,ASW,CE,Combined TRACON& Tower with Radar,30,12,13,16,71,0,0,9,6,15,30,12,22,22,86,36,20,56,142
08/01/2022,AMA,TX,ASW,CE,Combined TRACON& Tower with Radar,26,11,17,14,68,0,0,11,5,16,26,11,28,19,84,0,26,26,110
08/02/2022,AMA,TX,ASW,CE,Combined TRACON& Tower with Radar,22,9,21,15,67,0,0,7,0,7,22,9,28,15,74,0,14,14,88
08/03/2022,AMA,TX,ASW,CE,Combined TRACON& Tower with Radar,22,8,17,14,61,0,0,11,0,11,22,8,28,14,72,4,8,12,84
08/04/2022,AMA,TX,ASW,CE,Combined TRACON& Tower with Radar,26,14,20,4,64,0,0,9,0,9,26,14,29,4,73,0,0,0,73
08/05/2022,AMA,TX,ASW,CE,Combined TRACON& Tower with Radar,23,10,15,50,98,0,0,9,5,14,23,10,24,55,112,4,4,8,120
08/06/2022,AMA,TX,ASW,CE,Combined TRACON& Tower with Radar,19,8,12,1,40,0,0,11,0,11,19,8,23,1,51,32,0,32,83
08/07/2022,AMA,TX,ASW,CE,Combined TRACON& Tower with Radar,29,25,18,9,81,0,0,6,1,7,29,25,24,10,88,6,0,6,94
08/08/2022,AMA,TX,ASW,CE,Combined TRACON& Tower with Radar,28,9,19,17,73,0,0,6,2,8,28,9,25,19,81,40,0,40,121
08/09/2022,AMA,TX,ASW,CE,Combined TRACON& Tower with Radar,23,11,17,16,67,0,0,15,3,18,23,11,32,19,85,14,20,34,119
08/10/2022,AMA,TX,ASW,CE,Combined TRACON& Tower with Radar,23,18,12,3,56,0,0,4,2,6,23,18,16,5,62,16,0,16,78
08/11/2022,AMA,TX,ASW,CE,Combined TRACON& Tower with Radar,28,11,12,8,59,0,1,7,8,16,28,12,19,16,75,20,4,24,99
08/12/2022,AMA,TX,ASW,CE,Combined TRACON& Tower with Radar,31,12,14,91,148,0,0,7,2,9,31,12,21,93,157,12,10,22,179
08/13/2022,AMA,TX,ASW,CE,Combined TRACON& Tower with Radar,17,13,9,10,49,0,0,8,6,14,17,13,17,16,63,0,0,0,63
08/14/2022,AMA,TX,ASW,CE,Combined TRACON& Tower with Radar,27,7,19,13,66,0,3,4,2,9,27,10,23,15,75,0,0,0,75
08/15/2022,AMA,TX,ASW,CE,Combined TRACON& Tower with Radar,27,12,20,33,92,0,0,4,1,5,27,12,24,34,97,8,64,72,169
08/16/2022,AMA,TX,ASW,CE,Combined TRACON& Tower with Radar,26,11,16,32,85,0,0,7,3,10,26,11,23,35,95,0,34,34,129
08/17/2022,AMA,TX,ASW,CE,Combined TRACON& Tower with Radar,24,8,28,36,96,0,0,8,2,10,24,8,36,38,106,4,36,40,146
08/18/2022,AMA,TX,ASW,CE,Combined TRACON& Tower with Radar,26,11,31,23,91,0,3,5,1,9,26,14,36,24,100,12,50,62,162
08/19/2022,AMA,TX,ASW,CE,Combined TRACON& Tower with Radar,23,10,18,64,115,0,4,8,8,20,23,14,26,72,135,2,22,24,159
08/20/2022,AMA,TX,ASW,CE,Combined TRACON& Tower with Radar,18,10,4,2,34,0,0,1,0,1,18,10,5,2,35,0,0,0,35
08/21/2022,AMA,TX,ASW,CE,Combined TRACON& Tower with Radar,27,12,11,0,50,0,0,0,0,0,27,12,11,0,50,0,0,0,50
08/22/2022,AMA,TX,ASW,CE,Combined TRACON& Tower with Radar,19,18,28,17,82,0,0,8,0,8,19,18,36,17,90,0,30,30,120
08/23/2022,AMA,TX,ASW,CE,Combined TRACON& Tower with Radar,26,12,10,9,57,0,3,14,2,19,26,15,24,11,76,6,4,10,86
08/24/2022,AMA,TX,ASW,CE,Combined TRACON& Tower with Radar,25,15,16,17,73,0,2,10,5,17,25,17,26,22,90,2,6,8,98
08/25/2022,AMA,TX,ASW,CE,Combined TRACON& Tower with Radar,31,17,26,33,107,0,0,6,0,6,31,17,32,33,113,0,24,24,137
08/26/2022,AMA,TX,ASW,CE,Combined TRACON& Tower with Radar,22,16,23,23,84,0,0,7,0,7,22,16,30,23,91,16,22,38,129
08/27/2022,AMA,TX,ASW,CE,Combined TRACON& Tower with Radar,16,10,6,0,32,0,2,7,0,9,16,12,13,0,41,12,0,12,53
08/28/2022,AMA,TX,ASW,CE,Combined TRACON& Tower with Radar,25,11,13,1,50,0,1,6,1,8,25,12,19,2,58,0,0,0,58
08/29/2022,AMA,TX,ASW,CE,Combined TRACON& Tower with Radar,24,11,17,17,69,0,0,4,0,4,24,11,21,17,73,42,34,76,149
08/30/2022,AMA,TX,ASW,CE,Combined TRACON& Tower with Radar,33,12,13,19,77,0,4,21,1,26,33,16,34,20,103,16,20,36,139
08/31/2022,AMA,TX,ASW,CE,Combined TRACON& Tower with Radar,26,13,39,20,98,0,0,19,14,33,26,13,58,34,131,48,4,52,183
09/01/2022,AMA,TX,ASW,CE,Combined TRACON& Tower with Radar,23,16,28,50,117,0,0,12,7,19,23,16,40,57,136,22,112,134,270
09/02/2022,AMA,TX,ASW,CE,Combined TRACON& Tower with Radar,26,16,27,6,75,0,0,8,6,14,26,16,35,12,89,6,12,18,107
09/03/2022,AMA,TX,ASW,CE,Combined TRACON& Tower with Radar,18,17,14,0,49,0,3,10,0,13,18,20,24,0,62,8,0,8,70
09/04/2022,AMA,TX,ASW,CE,Combined TRACON& Tower with Radar,21,17,10,1,49,1,3,10,0,14,22,20,20,1,63,0,0,0,63
09/05/2022,AMA,TX,ASW,CE,Combined TRACON& Tower with Radar,23,8,12,0,43,0,2,5,0,7,23,10,17,0,50,0,0,0,50
09/06/2022,AMA,TX,ASW,CE,Combined TRACON& Tower with Radar,25,17,29,35,106,0,0,14,0,14,25,17,43,35,120,8,44,52,172
09/07/2022,AMA,TX,ASW,CE,Combined TRACON& Tower with Radar,26,11,34,30,101,0,0,11,2,13,26,11,45,32,114,0,14,14,128
09/08/2022,AMA,TX,ASW,CE,Combined TRACON& Tower with Radar,29,13,22,22,86,0,0,9,8,17,29,13,31,30,103,0,60,60,163
09/09/2022,AMA,TX,ASW,CE,Combined TRACON& Tower with Radar,28,17,22,41,108,0,2,8,4,14,28,19,30,45,122,0,52,52,174
09/10/2022,AMA,TX,ASW,CE,Combined TRACON& Tower with Radar,23,10,13,1,47,0,0,8,4,12,23,10,21,5,59,10,0,10,69
09/11/2022,AMA,TX,ASW,CE,Combined TRACON& Tower with Radar,26,9,26,5,66,0,0,4,2,6,26,9,30,7,72,0,4,4,76
09/12/2022,AMA,TX,ASW,CE,Combined TRACON& Tower with Radar,30,11,28,32,101,0,1,11,3,15,30,12,39,35,116,4,16,20,136
09/13/2022,AMA,TX,ASW,CE,Combined TRACON& Tower with Radar,24,17,15,20,76,0,3,5,1,9,24,20,20,21,85,4,4,8,93
09/14/2022,AMA,TX,ASW,CE,Combined TRACON& Tower with Radar,30,12,26,8,76,0,0,12,3,15,30,12,38,11,91,10,0,10,101
09/15/2022,AMA,TX,ASW,CE,Combined TRACON& Tower with Radar,30,16,15,0,61,0,0,5,2,7,30,16,20,2,68,42,0,42,110
09/16/2022,AMA,TX,ASW,CE,Combined TRACON& Tower with Radar,30,13,28,2,73,0,0,8,2,10,30,13,36,4,83,28,14,42,125
09/17/2022,AMA,TX,ASW,CE,Combined TRACON& Tower with Radar,22,13,7,0,42,0,0,6,0,6,22,13,13,0,48,2,0,2,50
09/18/2022,AMA,TX,ASW,CE,Combined TRACON& Tower with Radar,28,6,21,8,63,0,0,9,1,10,28,6,30,9,73,14,0,14,87
09/19/2022,AMA,TX,ASW,CE,Combined TRACON& Tower with Radar,28,17,13,25,83,0,1,12,6,19,28,18,25,31,102,8,6,14,116
09/20/2022,AMA,TX,ASW,CE,Combined TRACON& Tower with Radar,24,15,29,5,73,0,2,10,1,13,24,17,39,6,86,8,6,14,100
09/21/2022,AMA,TX,ASW,CE,Combined TRACON& Tower with Radar,29,11,27,26,93,0,0,12,4,16,29,11,39,30,109,4,24,28,137
09/22/2022,AMA,TX,ASW,CE,Combined TRACON& Tower with Radar,28,23,35,40,126,0,0,12,5,17,28,23,47,45,143,6,0,6,149
09/23/2022,AMA,TX,ASW,CE,Combined TRACON& Tower with Radar,28,14,46,13,101,0,1,14,10,25,28,15,60,23,126,14,14,28,154
09/24/2022,AMA,TX,ASW,CE,Combined TRACON& Tower with Radar,24,13,4,7,48,0,4,8,3,15,24,17,12,10,63,0,4,4,67
09/25/2022,AMA,TX,ASW,CE,Combined TRACON& Tower with Radar,27,8,8,28,71,0,0,7,4,11,27,8,15,32,82,6,0,6,88
09/26/2022,AMA,TX,ASW,CE,Combined TRACON& Tower with Radar,30,15,10,23,78,0,0,9,0,9,30,15,19,23,87,0,28,28,115
09/27/2022,AMA,TX,ASW,CE,Combined TRACON& Tower with Radar,25,18,21,14,78,0,0,9,1,10,25,18,30,15,88,0,36,36,124
09/28/2022,AMA,TX,ASW,CE,Combined TRACON& Tower with Radar,27,21,23,25,96,0,6,11,5,22,27,27,34,30,118,12,16,28,146
09/29/2022,AMA,TX,ASW,CE,Combined TRACON& Tower with Radar,30,21,20,2,73,0,0,10,0,10,30,21,30,2,83,0,0,0,83
09/30/2022,AMA,TX,ASW,CE,Combined TRACON& Tower with Radar,40,11,17,6,74,0,0,10,1,11,40,11,27,7,85,2,0,2,87
10/01/2022,AMA,TX,ASW,CE,Combined TRACON& Tower with Radar,24,14,5,7,50,0,0,17,4,21,24,14,22,11,71,0,6,6,77
10/02/2022,AMA,TX,ASW,CE,Combined TRACON& Tower with Radar,28,15,14,4,61,0,0,4,0,4,28,15,18,4,65,0,0,0,65
10/03/2022,AMA,TX,ASW,CE,Combined TRACON& Tower with Radar,30,18,11,10,69,0,1,3,0,4,30,19,14,10,73,0,0,0,73
10/04/2022,AMA,TX,ASW,CE,Combined TRACON& Tower with Radar,24,21,14,28,87,0,0,3,0,3,24,21,17,28,90,0,0,0,90
10/05/2022,AMA,TX,ASW,CE,Combined TRACON& Tower with Radar,26,15,11,15,67,0,0,2,1,3,26,15,13,16,70,0,0,0,70
10/06/2022,AMA,TX,ASW,CE,Combined TRACON& Tower with Radar,26,14,21,37,98,0,0,6,2,8,26,14,27,39,106,8,0,8,114
10/07/2022,AMA,TX,ASW,CE,Combined TRACON& Tower with Radar,27,15,20,7,69,0,0,2,2,4,27,15,22,9,73,0,0,0,73
10/08/2022,AMA,TX,ASW,CE,Combined TRACON& Tower with Radar,25,13,28,1,67,0,0,1,2,3,25,13,29,3,70,0,0,0,70
10/09/2022,AMA,TX,ASW,CE,Combined TRACON& Tower with Radar,27,13,7,2,49,0,2,8,3,13,27,15,15,5,62,0,0,0,62
10/10/2022,AMA,TX,ASW,CE,Combined TRACON& Tower with Radar,27,13,25,0,65,0,0,5,1,6,27,13,30,1,71,0,0,0,71
10/11/2022,AMA,TX,ASW,CE,Combined TRACON& Tower with Radar,28,12,20,47,107,0,0,12,4,16,28,12,32,51,123,22,104,126,249
10/12/2022,AMA,TX,ASW,CE,Combined TRACON& Tower with Radar,28,11,25,32,96,0,0,13,6,19,28,11,38,38,115,0,0,0,115
10/13/2022,AMA,TX,ASW,CE,Combined TRACON& Tower with Radar,27,15,19,21,82,0,1,4,2,7,27,16,23,23,89,0,0,0,89
10/14/2022,AMA,TX,ASW,CE,Combined TRACON& Tower with Radar,29,14,28,57,128,0,1,8,12,21,29,15,36,69,149,8,38,46,195
10/15/2022,AMA,TX,ASW,CE,Combined TRACON& Tower with Radar,25,10,14,2,51,0,0,6,2,8,25,10,20,4,59,2,30,32,91
10/16/2022,AMA,TX,ASW,CE,Combined TRACON& Tower with Radar,26,9,12,0,47,0,0,0,1,1,26,9,12,1,48,0,0,0,48
10/17/2022,AMA,TX,ASW,CE,Combined TRACON& Tower with Radar,28,12,15,13,68,0,2,3,8,13,28,14,18,21,81,14,0,14,95
10/18/2022,AMA,TX,ASW,CE,Combined TRACON& Tower with Radar,28,15,14,37,94,0,2,9,6,17,28,17,23,43,111,10,0,10,121
10/19/2022,AMA,TX,ASW,CE,Combined TRACON& Tower with Radar,26,14,18,24,82,0,2,24,3,29,26,16,42,27,111,8,6,14,125
10/20/2022,AMA,TX,ASW,CE,Combined TRACON& Tower with Radar,26,11,22,18,77,0,2,14,0,16,26,13,36,18,93,0,24,24,117
10/21/2022,AMA,TX,ASW,CE,Combined TRACON& Tower with Radar,33,13,33,58,137,0,0,17,4,21,33,13,50,62,158,0,0,0,158
10/22/2022,AMA,TX,ASW,CE,Combined TRACON& Tower with Radar,26,19,9,15,69,0,2,5,2,9,26,21,14,17,78,0,0,0,78
10/23/2022,AMA,TX,ASW,CE,Combined TRACON& Tower with Radar,25,11,20,19,75,0,1,6,3,10,25,12,26,22,85,6,0,6,91
10/24/2022,AMA,TX,ASW,CE,Combined TRACON& Tower with Radar,27,11,7,7,52,0,0,2,1,3,27,11,9,8,55,0,8,8,63
10/25/2022,AMA,TX,ASW,CE,Combined TRACON& Tower with Radar,26,17,18,42,103,0,2,15,7,24,26,19,33,49,127,10,36,46,173
10/26/2022,AMA,TX,ASW,CE,Combined TRACON& Tower with Radar,28,12,12,12,64,0,0,4,7,11,28,12,16,19,75,12,0,12,87
10/27/2022,AMA,TX,ASW,CE,Combined TRACON& Tower with Radar,29,20,21,29,99,0,0,3,6,9,29,20,24,35,108,2,12,14,122
10/28/2022,AMA,TX,ASW,CE,Combined TRACON& Tower with Radar,22,16,34,16,88,0,1,5,0,6,22,17,39,16,94,0,44,44,138
10/29/2022,AMA,TX,ASW,CE,Combined TRACON& Tower with Radar,25,12,14,30,81,0,0,8,0,8,25,12,22,30,89,12,18,30,119
10/30/2022,AMA,TX,ASW,CE,Combined TRACON& Tower with Radar,24,14,19,43,100,0,0,11,0,11,24,14,30,43,111,10,6,16,127
10/31/2022,AMA,TX,ASW,CE,Combined TRACON& Tower with Radar,27,11,10,17,65,0,0,15,4,19,27,11,25,21,84,6,8,14,98
11/01/2022,AMA,TX,ASW,CE,Combined TRACON& Tower with Radar,27,15,18,25,85,0,0,12,2,14,27,15,30,27,99,0,68,68,167
11/02/2022,AMA,TX,ASW,CE,Combined TRACON& Tower with Radar,26,20,32,31,109,0,0,13,5,18,26,20,45,36,127,0,42,42,169
11/03/2022,AMA,TX,ASW,CE,Combined TRACON& Tower with Radar,24,14,71,44,153,0,0,6,4,10,24,14,77,48,163,6,90,96,259
11/04/2022,AMA,TX,ASW,CE,Combined TRACON& Tower with Radar,16,19,19,3,57,0,0,2,1,3,16,19,21,4,60,0,0,0,60
11/05/2022,AMA,TX,ASW,CE,Combined TRACON& Tower with Radar,23,15,13,10,61,0,1,6,4,11,23,16,19,14,72,4,0,4,76
11/06/2022,AMA,TX,ASW,CE,Combined TRACON& Tower with Radar,27,18,19,11,75,0,2,8,2,12,27,20,27,13,87,16,0,16,103
11/07/2022,AMA,TX,ASW,CE,Combined TRACON& Tower with Radar,24,15,11,62,112,0,0,6,3,9,24,15,17,65,121,0,160,160,281
11/08/2022,AMA,TX,ASW,CE,Combined TRACON& Tower with Radar,23,23,28,14,88,0,0,3,10,13,23,23,31,24,101,4,16,20,121
11/09/2022,AMA,TX,ASW,CE,Combined TRACON& Tower with Radar,21,13,20,28,82,0,0,6,2,8,21,13,26,30,90,0,86,86,176
11/10/2022,AMA,TX,ASW,CE,Combined TRACON& Tower with Radar,23,23,43,38,127,0,0,11,6,17,23,23,54,44,144,0,0,0,144
11/11/2022,AMA,TX,ASW,CE,Combined TRACON& Tower with Radar,29,13,16,0,58,0,0,13,2,15,29,13,29,2,73,0,0,0,73
11/12/2022,AMA,TX,ASW,CE,Combined TRACON& Tower with Radar,18,9,13,0,40,0,6,9,2,17,18,15,22,2,57,0,0,0,57
11/13/2022,AMA,TX,ASW,CE,Combined TRACON& Tower with Radar,25,11,17,2,55,0,1,8,2,11,25,12,25,4,66,0,0,0,66
11/14/2022,AMA,TX,ASW,CE,Combined TRACON& Tower with Radar,25,23,18,2,68,0,0,2,0,2,25,23,20,2,70,0,0,0,70
11/15/2022,AMA,TX,ASW,CE,Combined TRACON& Tower with Radar,23,14,21,46,104,0,0,10,4,14,23,14,31,50,118,6,14,20,138
11/16/2022,AMA,TX,ASW,CE,Combined TRACON& Tower with Radar,22,13,39,7,81,0,0,15,1,16,22,13,54,8,97,8,20,28,125
11/17/2022,AMA,TX,ASW,CE,Combined TRACON& Tower with Radar,24,16,20,40,100,0,0,4,5,9,24,16,24,45,109,8,8,16,125
11/18/2022,AMA,TX,ASW,CE,Combined TRACON& Tower with Radar,24,16,24,18,82,0,0,6,3,9,24,16,30,21,91,4,0,4,95
11/19/2022,AMA,TX,ASW,CE,Combined TRACON& Tower with Radar,18,14,8,6,46,0,1,8,3,12,18,15,16,9,58,4,0,4,62
11/20/2022,AMA,TX,ASW,CE,Combined TRACON& Tower with Radar,25,12,19,33,89,0,0,7,9,16,25,12,26,42,105,18,0,18,123
11/21/2022,AMA,TX,ASW,CE,Combined TRACON& Tower with Radar,23,22,21,66,132,0,0,8,6,14,23,22,29,72,146,8,52,60,206
11/22/2022,AMA,TX,ASW,CE,Combined TRACON& Tower with Radar,23,13,6,18,60,0,0,11,2,13,23,13,17,20,73,0,20,20,93
11/23/2022,AMA,TX,ASW,CE,Combined TRACON& Tower with Radar,22,21,18,21,82,0,0,7,8,15,22,21,25,29,97,2,68,70,167
11/24/2022,AMA,TX,ASW,CE,Combined TRACON& Tower with Radar,19,9,2,0,30,0,0,3,0,3,19,9,5,0,33,0,0,0,33
11/25/2022,AMA,TX,ASW,CE,Combined TRACON& Tower with Radar,23,16,5,0,44,0,0,7,0,7,23,16,12,0,51,0,0,0,51
11/26/2022,AMA,TX,ASW,CE,Combined TRACON& Tower with Radar,20,13,13,4,50,0,1,1,0,2,20,14,14,4,52,0,0,0,52
11/27/2022,AMA,TX,ASW,CE,Combined TRACON& Tower with Radar,23,9,18,0,50,0,0,10,0,10,23,9,28,0,60,10,0,10,70
11/28/2022,AMA,TX,ASW,CE,Combined TRACON& Tower with Radar,23,17,24,32,96,0,0,4,2,6,23,17,28,34,102,0,0,0,102
11/29/2022,AMA,TX,ASW,CE,Combined TRACON& Tower with Radar,23,14,15,22,74,0,0,7,2,9,23,14,22,24,83,0,44,44,127
11/30/2022,AMA,TX,ASW,CE,Combined TRACON& Tower with Radar,23,14,19,38,94,0,1,9,2,12,23,15,28,40,106,0,36,36,142
12/01/2022,AMA,TX,ASW,CE,Combined TRACON& Tower with Radar,21,15,19,14,69,0,0,6,1,7,21,15,25,15,76,0,16,16,92
12/02/2022,AMA,TX,ASW,CE,Combined TRACON& Tower with Radar,23,12,17,19,71,0,1,1,3,5,23,13,18,22,76,34,12,46,122
12/03/2022,AMA,TX,ASW,CE,Combined TRACON& Tower with Radar,19,15,11,5,50,0,3,9,0,12,19,18,20,5,62,12,0,12,74
12/04/2022,AMA,TX,ASW,CE,Combined TRACON& Tower with Radar,23,11,14,5,53,0,1,7,1,9,23,12,21,6,62,6,0,6,68
12/05/2022,AMA,TX,ASW,CE,Combined TRACON& Tower with Radar,30,22,19,18,89,0,1,12,10,23,30,23,31,28,112,0,62,62,174
12/06/2022,AMA,TX,ASW,CE,Combined TRACON& Tower with Radar,24,20,27,41,112,0,2,7,10,19,24,22,34,51,131,24,98,122,253
12/07/2022,AMA,TX,ASW,CE,Combined TRACON& Tower with Radar,22,11,30,28,91,0,1,5,1,7,22,12,35,29,98,2,46,48,146
12/08/2022,AMA,TX,ASW,CE,Combined TRACON& Tower with Radar,30,15,41,39,125,0,5,10,3,18,30,20,51,42,143,4,30,34,177
12/09/2022,AMA,TX,ASW,CE,Combined TRACON& Tower with Radar,25,21,16,39,101,0,2,3,1,6,25,23,19,40,107,0,0,0,107
12/10/2022,AMA,TX,ASW,CE,Combined TRACON& Tower with Radar,17,14,17,34,82,0,1,11,4,16,17,15,28,38,98,20,0,20,118
12/11/2022,AMA,TX,ASW,CE,Combined TRACON& Tower with Radar,27,13,29,34,103,0,0,9,1,10,27,13,38,35,113,28,0,28,141
12/12/2022,AMA,TX,ASW,CE,Combined TRACON& Tower with Radar,26,15,17,7,65,0,0,2,1,3,26,15,19,8,68,4,0,4,72
12/13/2022,AMA,TX,ASW,CE,Combined TRACON& Tower with Radar,22,13,23,36,94,0,4,3,3,10,22,17,26,39,104,0,8,8,112
12/14/2022,AMA,TX,ASW,CE,Combined TRACON& Tower with Radar,23,20,24,25,92,0,5,3,6,14,23,25,27,31,106,2,26,28,134
12/15/2022,AMA,TX,ASW,CE,Combined TRACON& Tower with Radar,26,21,30,27,104,0,4,5,6,15,26,25,35,33,119,0,72,72,191
12/16/2022,AMA,TX,ASW,CE,Combined TRACON& Tower with Radar,24,18,15,15,72,0,2,7,1,10,24,20,22,16,82,0,4,4,86
12/17/2022,AMA,TX,ASW,CE,Combined TRACON& Tower with Radar,21,16,24,0,61,0,0,18,0,18,21,16,42,0,79,14,0,14,93
12/18/2022,AMA,TX,ASW,CE,Combined TRACON& Tower with Radar,25,15,12,4,56,0,1,8,0,9,25,16,20,4,65,0,12,12,77
12/19/2022,AMA,TX,ASW,CE,Combined TRACON& Tower with Radar,24,19,19,44,106,0,2,15,2,19,24,21,34,46,125,2,128,130,255
12/20/2022,AMA,TX,ASW,CE,Combined TRACON& Tower with Radar,29,19,16,10,74,0,0,11,4,15,29,19,27,14,89,2,28,30,119
12/21/2022,AMA,TX,ASW,CE,Combined TRACON& Tower with Radar,25,24,15,4,68,0,3,15,3,21,25,27,30,7,89,50,44,94,183
12/22/2022,AMA,TX,ASW,CE,Combined TRACON& Tower with Radar,22,14,8,2,46,0,0,1,0,1,22,14,9,2,47,0,0,0,47
12/23/2022,AMA,TX,ASW,CE,Combined TRACON& Tower with Radar,21,15,2,0,38,0,1,3,0,4,21,16,5,0,42,0,0,0,42
12/24/2022,AMA,TX,ASW,CE,Combined TRACON& Tower with Radar,12,10,3,0,25,0,0,3,0,3,12,10,6,0,28,0,0,0,28
12/25/2022,AMA,TX,ASW,CE,Combined TRACON& Tower with Radar,10,11,0,0,21,0,0,2,0,2,10,11,2,0,23,0,0,0,23
12/26/2022,AMA,TX,ASW,CE,Combined TRACON& Tower with Radar,11,20,15,0,46,0,0,10,0,10,11,20,25,0,56,0,0,0,56
12/27/2022,AMA,TX,ASW,CE,Combined TRACON& Tower with Radar,15,9,15,2,41,0,1,1,0,2,15,10,16,2,43,0,0,0,43
12/28/2022,AMA,TX,ASW,CE,Combined TRACON& Tower with Radar,17,19,13,0,49,0,0,1,0,1,17,19,14,0,50,0,0,0,50
12/29/2022,AMA,TX,ASW,CE,Combined TRACON& Tower with Radar,19,23,9,0,51,0,3,7,0,10,19,26,16,0,61,10,0,10,71
12/30/2022,AMA,TX,ASW,CE,Combined TRACON& Tower with Radar,25,15,11,2,53,0,0,3,0,3,25,15,14,2,56,8,0,8,64
12/31/2022,AMA,TX,ASW,CE,Combined TRACON& Tower with Radar,16,13,7,0,36,0,0,10,0,10,16,13,17,0,46,18,0,18,64
01/01/2023,AMA,TX,ASW,CE,Combined TRACON& Tower with Radar,22,6,2,0,30,0,0,4,0,4,22,6,6,0,34,0,0,0,34
01/02/2023,AMA,TX,ASW,CE,Combined TRACON& Tower with Radar,30,22,13,0,65,0,0,7,0,7,30,22,20,0,72,20,0,20,92
01/03/2023,AMA,TX,ASW,CE,Combined TRACON& Tower with Radar,25,19,17,7,68,0,3,7,1,11,25,22,24,8,79,6,18,24,103
01/04/2023,AMA,TX,ASW,CE,Combined TRACON& Tower with Radar,25,20,21,28,94,0,0,24,2,26,25,20,45,30,120,32,78,110,230
01/05/2023,AMA,TX,ASW,CE,Combined TRACON& Tower with Radar,25,13,24,37,99,0,1,9,5,15,25,14,33,42,114,0,118,118,232
01/06/2023,AMA,TX,ASW,CE,Combined TRACON& Tower with Radar,26,13,12,5,56,0,0,2,3,5,26,13,14,8,61,0,0,0,61
01/07/2023,AMA,TX,ASW,CE,Combined TRACON& Tower with Radar,21,12,19,28,80,1,0,10,10,21,22,12,29,38,101,0,18,18,119
01/08/2023,AMA,TX,ASW,CE,Combined TRACON& Tower with Radar,24,11,17,19,71,0,5,7,1,13,24,16,24,20,84,12,18,30,114
01/09/2023,AMA,TX,ASW,CE,Combined TRACON& Tower with Radar,27,10,28,17,82,0,0,5,6,11,27,10,33,23,93,8,16,24,117
01/10/2023,AMA,TX,ASW,CE,Combined TRACON& Tower with Radar,22,17,21,6,66,0,3,11,4,18,22,20,32,10,84,0,30,30,114
01/11/2023,AMA,TX,ASW,CE,Combined TRACON& Tower with Radar,16,8,8,0,32,0,2,5,0,7,16,10,13,0,39,0,0,0,39
01/12/2023,AMA,TX,ASW,CE,Combined TRACON& Tower with Radar,24,14,44,25,107,0,2,14,6,22,24,16,58,31,129,10,46,56,185
01/13/2023,AMA,TX,ASW,CE,Combined TRACON& Tower with Radar,25,13,22,53,113,0,2,15,3,20,25,15,37,56,133,0,66,66,199
01/14/2023,AMA,TX,ASW,CE,Combined TRACON& Tower with Radar,19,19,9,2,49,0,1,14,0,15,19,20,23,2,64,0,0,0,64
01/15/2023,AMA,TX,ASW,CE,Combined TRACON& Tower with Radar,22,16,6,0,44,0,0,6,0,6,22,16,12,0,50,0,0,0,50
01/16/2023,AMA,TX,ASW,CE,Combined TRACON& Tower with Radar,23,13,19,7,62,0,1,5,0,6,23,14,24,7,68,0,0,0,68
01/17/2023,AMA,TX,ASW,CE,Combined TRACON& Tower with Radar,23,10,35,9,77,0,0,10,0,10,23,10,45,9,87,16,38,54,141
01/18/2023,AMA,TX,ASW,CE,Combined TRACON& Tower with Radar,24,21,16,8,69,0,1,1,1,3,24,22,17,9,72,6,12,18,90
01/19/2023,AMA,TX,ASW,CE,Combined TRACON& Tower with Radar,24,19,21,11,75,0,1,19,4,24,24,20,40,15,99,30,32,62,161
01/20/2023,AMA,TX,ASW,CE,Combined TRACON& Tower with Radar,23,13,14,13,63,0,1,9,1,11,23,14,23,14,74,14,14,28,102
01/21/2023,AMA,TX,ASW,CE,Combined TRACON& Tower with Radar,19,10,7,2,38,0,0,0,0,0,19,10,7,2,38,0,0,0,38
01/22/2023,AMA,TX,ASW,CE,Combined TRACON& Tower with Radar,23,19,27,6,75,0,3,8,1,12,23,22,35,7,87,0,18,18,105
01/23/2023,AMA,TX,ASW,CE,Combined TRACON& Tower with Radar,24,19,12,19,74,0,3,4,0,7,24,22,16,19,81,6,10,16,97
01/24/2023,AMA,TX,ASW,CE,Combined TRACON& Tower with Radar,22,4,3,0,29,0,0,0,0,0,22,4,3,0,29,0,0,0,29
01/25/2023,AMA,TX,ASW,CE,Combined TRACON& Tower with Radar,24,20,15,51,110,0,1,8,1,10,24,21,23,52,120,2,30,32,152
01/26/2023,AMA,TX,ASW,CE,Combined TRACON& Tower with Radar,25,12,25,14,76,0,0,9,2,11,25,12,34,16,87,8,8,16,103
01/27/2023,AMA,TX,ASW,CE,Combined TRACON& Tower with Radar,25,11,18,47,101,0,1,16,5,22,25,12,34,52,123,0,44,44,167
01/28/2023,AMA,TX,ASW,CE,Combined TRACON& Tower with Radar,21,11,9,20,61,0,0,7,4,11,21,11,16,24,72,20,0,20,92
01/29/2023,AMA,TX,ASW,CE,Combined TRACON& Tower with Radar,20,14,31,3,68,0,0,4,0,4,20,14,35,3,72,14,0,14,86
01/30/2023,AMA,TX,ASW,CE,Combined TRACON& Tower with Radar,17,21,21,6,65,0,0,2,0,2,17,21,23,6,67,0,0,0,67
01/31/2023,AMA,TX,ASW,CE,Combined TRACON& Tower with Radar,13,8,20,2,43,0,0,4,2,6,13,8,24,4,49,0,0,0,49
02/01/2023,AMA,TX,ASW,CE,Combined TRACON& Tower with Radar,5,19,19,1,44,0,0,2,4,6,5,19,21,5,50,0,0,0,50
02/02/2023,AMA,TX,ASW,CE,Combined TRACON& Tower with Radar,23,17,16,33,89,0,6,4,6,16,23,23,20,39,105,10,12,22,127
02/03/2023,AMA,TX,ASW,CE,Combined TRACON& Tower with Radar,26,16,24,14,80,0,1,9,11,21,26,17,33,25,101,0,12,12,113
02/04/2023,AMA,TX,ASW,CE,Combined TRACON& Tower with Radar,22,16,11,0,49,0,2,7,3,12,22,18,18,3,61,0,0,0,61
02/05/2023,AMA,TX,ASW,CE,Combined TRACON& Tower with Radar,29,13,14,5,61,0,3,10,0,13,29,16,24,5,74,0,0,0,74
02/06/2023,AMA,TX,ASW,CE,Combined TRACON& Tower with Radar,28,13,23,15,79,0,1,14,3,18,28,14,37,18,97,0,40,40,137
02/07/2023,AMA,TX,ASW,CE,Combined TRACON& Tower with Radar,31,14,28,18,91,0,0,12,3,15,31,14,40,21,106,0,48,48,154
02/08/2023,AMA,TX,ASW,CE,Combined TRACON& Tower with Radar,25,12,22,48,107,0,2,13,5,20,25,14,35,53,127,0,70,70,197
02/09/2023,AMA,TX,ASW,CE,Combined TRACON& Tower with Radar,29,14,4,5,52,0,0,0,0,0,29,14,4,5,52,0,8,8,60
02/10/2023,AMA,TX,ASW,CE,Combined TRACON& Tower with Radar,31,16,18,79,144,0,1,7,12,20,31,17,25,91,164,0,20,20,184
02/11/2023,AMA,TX,ASW,CE,Combined TRACON& Tower with Radar,23,15,12,7,57,0,1,13,2,16,23,16,25,9,73,0,0,0,73
02/12/2023,AMA,TX,ASW,CE,Combined TRACON& Tower with Radar,24,12,9,30,75,0,5,9,4,18,24,17,18,34,93,6,0,6,99
02/13/2023,AMA,TX,ASW,CE,Combined TRACON& Tower with Radar,28,11,10,1,50,0,1,9,0,10,28,12,19,1,60,6,0,6,66
02/14/2023,AMA,TX,ASW,CE,Combined TRACON& Tower with Radar,25,8,17,2,52,0,1,5,2,8,25,9,22,4,60,2,0,2,62
02/15/2023,AMA,TX,ASW,CE,Combined TRACON& Tower with Radar,28,14,12,15,69,0,6,1,3,10,28,20,13,18,79,0,0,0,79
02/16/2023,AMA,TX,ASW,CE,Combined TRACON& Tower with Radar,31,16,32,23,102,0,2,5,9,16,31,18,37,32,118,0,28,28,146
02/17/2023,AMA,TX,ASW,CE,Combined TRACON& Tower with Radar,28,18,26,25,97,0,1,10,3,14,28,19,36,28,111,6,8,14,125
02/18/2023,AMA,TX,ASW,CE,Combined TRACON& Tower with Radar,21,9,13,0,43,0,4,9,0,13,21,13,22,0,56,0,0,0,56
02/19/2023,AMA,TX,ASW,CE,Combined TRACON& Tower with Radar,25,9,14,9,57,0,0,1,3,4,25,9,15,12,61,0,0,0,61
02/20/2023,AMA,TX,ASW,CE,Combined TRACON& Tower with Radar,31,12,24,0,67,0,1,8,0,9,31,13,32,0,76,10,0,10,86
02/21/2023,AMA,TX,ASW,CE,Combined TRACON& Tower with Radar,29,14,14,18,75,0,4,9,3,16,29,18,23,21,91,6,2,8,99
02/22/2023,AMA,TX,ASW,CE,Combined TRACON& Tower with Radar,26,11,14,2,53,0,1,1,0,2,26,12,15,2,55,0,0,0,55
02/23/2023,AMA,TX,ASW,CE,Combined TRACON& Tower with Radar,28,18,25,38,109,0,1,12,4,17,28,19,37,42,126,14,40,54,180
02/24/2023,AMA,TX,ASW,CE,Combined TRACON& Tower with Radar,32,13,32,9,86,0,0,10,2,12,32,13,42,11,98,22,6,28,126
02/25/2023,AMA,TX,ASW,CE,Combined TRACON& Tower with Radar,23,18,16,7,64,0,1,11,9,21,23,19,27,16,85,0,0,0,85
02/26/2023,AMA,TX,ASW,CE,Combined TRACON& Tower with Radar,20,5,14,4,43,0,1,0,0,1,20,6,14,4,44,4,0,4,48
02/27/2023,AMA,TX,ASW,CE,Combined TRACON& Tower with Radar,30,25,19,55,129,0,3,9,9,21,30,28,28,64,150,28,36,64,214
02/28/2023,AMA,TX,ASW,CE,Combined TRACON& Tower with Radar,27,18,20,2,67,0,1,8,5,14,27,19,28,7,81,8,0,8,89
03/01/2023,AMA,TX,ASW,CE,Combined TRACON& Tower with Radar,31,18,27,23,99,0,0,6,6,12,31,18,33,29,111,24,82,106,217
03/02/2023,AMA,TX,ASW,CE,Combined TRACON& Tower with Radar,23,15,28,32,98,0,2,1,5,8,23,17,29,37,106,0,48,48,154
03/03/2023,AMA,TX,ASW,CE,Combined TRACON& Tower with Radar,27,17,24,58,126,0,1,11,8,20,27,18,35,66,146,0,6,6,152
03/04/2023,AMA,TX,ASW,CE,Combined TRACON& Tower with Radar,21,15,8,35,79,0,4,11,6,21,21,19,19,41,100,0,26,26,126
03/05/2023,AMA,TX,ASW,CE,Combined TRACON& Tower with Radar,24,11,16,8,59,0,1,1,2,4,24,12,17,10,63,0,0,0,63
03/06/2023,AMA,TX,ASW,CE,Combined TRACON& Tower with Radar,28,19,17,48,112,0,2,10,1,13,28,21,27,49,125,0,80,80,205
03/07/2023,AMA,TX,ASW,CE,Combined TRACON& Tower with Radar,26,17,25,32,100,0,1,5,5,11,26,18,30,37,111,0,72,72,183
03/08/2023,AMA,TX,ASW,CE,Combined TRACON& Tower with Radar,26,16,23,29,94,0,0,7,4,11,26,16,30,33,105,36,42,78,183
03/09/2023,AMA,TX,ASW,CE,Combined TRACON& Tower with Radar,27,27,11,62,127,0,2,8,1,11,27,29,19,63,138,0,84,84,222
03/10/2023,AMA,TX,ASW,CE,Combined TRACON& Tower with Radar,30,14,34,5,83,0,2,5,0,7,30,16,39,5,90,0,0,0,90
03/11/2023,AMA,TX,ASW,CE,Combined TRACON& Tower with Radar,18,17,10,3,48,0,0,6,0,6,18,17,16,3,54,0,2,2,56
03/12/2023,AMA,TX,ASW,CE,Combined TRACON& Tower with Radar,27,12,16,1,56,0,0,5,0,5,27,12,21,1,61,0,0,0,61
03/13/2023,AMA,TX,ASW,CE,Combined TRACON& Tower with Radar,26,9,13,14,62,0,2,7,2,11,26,11,20,16,73,0,2,2,75
03/14/2023,AMA,TX,ASW,CE,Combined TRACON& Tower with Radar,25,19,37,10,91,0,1,6,6,13,25,20,43,16,104,0,12,12,116
03/15/2023,AMA,TX,ASW,CE,Combined TRACON& Tower with Radar,27,21,15,25,88,0,2,1,3,6,27,23,16,28,94,0,60,60,154
03/16/2023,AMA,TX,ASW,CE,Combined TRACON& Tower with Radar,24,18,7,4,53,0,0,0,0,0,24,18,7,4,53,0,0,0,53
03/17/2023,AMA,TX,ASW,CE,Combined TRACON& Tower with Radar,23,22,21,39,105,0,3,10,4,17,23,25,31,43,122,0,52,52,174
03/18/2023,AMA,TX,ASW,CE,Combined TRACON& Tower with Radar,19,26,9,3,57,0,5,2,0,7,19,31,11,3,64,0,0,0,64
03/19/2023,AMA,TX,ASW,CE,Combined TRACON& Tower with Radar,26,14,10,38,88,0,6,13,2,21,26,20,23,40,109,0,0,0,109
03/20/2023,AMA,TX,ASW,CE,Combined TRACON& Tower with Radar,25,15,16,22,78,0,3,6,1,10,25,18,22,23,88,0,42,42,130
03/21/2023,AMA,TX,ASW,CE,Combined TRACON& Tower with Radar,27,11,23,79,140,0,1,5,4,10,27,12,28,83,150,14,68,82,232
03/22/2023,AMA,TX,ASW,CE,Combined TRACON& Tower with Radar,27,17,36,41,121,0,1,6,7,14,27,18,42,48,135,20,96,116,251
03/23/2023,AMA,TX,ASW,CE,Combined TRACON& Tower with Radar,26,20,35,63,144,0,0,4,3,7,26,20,39,66,151,20,98,118,269
03/24/2023,AMA,TX,ASW,CE,Combined TRACON& Tower with Radar,28,13,15,87,143,0,4,5,5,14,28,17,20,92,157,46,62,108,265
03/25/2023,AMA,TX,ASW,CE,Combined TRACON& Tower with Radar,18,13,6,24,61,0,1,3,9,13,18,14,9,33,74,0,10,10,84
03/26/2023,AMA,TX,ASW,CE,Combined TRACON& Tower with Radar,21,15,14,67,117,0,0,15,4,19,21,15,29,71,136,22,14,36,172
03/27/2023,AMA,TX,ASW,CE,Combined TRACON& Tower with Radar,26,16,28,5,75,0,2,10,1,13,26,18,38,6,88,0,16,16,104
03/28/2023,AMA,TX,ASW,CE,Combined TRACON& Tower with Radar,27,27,15,78,147,0,5,7,3,15,27,32,22,81,162,0,14,14,176
03/29/2023,AMA,TX,ASW,CE,Combined TRACON& Tower with Radar,25,16,24,32,97,0,6,18,4,28,25,22,42,36,125,4,20,24,149
03/30/2023,AMA,TX,ASW,CE,Combined TRACON& Tower with Radar,25,16,13,122,176,0,0,2,12,14,25,16,15,134,190,0,78,78,268
03/31/2023,AMA,TX,ASW,CE,Combined TRACON& Tower with Radar,27,23,10,41,101,0,0,7,2,9,27,23,17,43,110,0,0,0,110
04/01/2023,AMA,TX,ASW,CE,Combined TRACON& Tower with Radar,19,16,7,4,46,0,4,17,0,21,19,20,24,4,67,2,0,2,69
04/02/2023,AMA,TX,ASW,CE,Combined TRACON& Tower with Radar,23,12,18,13,66,0,2,7,2,11,23,14,25,15,77,12,0,12,89
04/03/2023,AMA,TX,ASW,CE,Combined TRACON& Tower with Radar,25,12,25,30,92,0,0,6,5,11,25,12,31,35,103,22,62,84,187
04/04/2023,AMA,TX,ASW,CE,Combined TRACON& Tower with Radar,23,6,20,1,50,0,0,5,2,7,23,6,25,3,57,0,0,0,57
04/05/2023,AMA,TX,ASW,CE,Combined TRACON& Tower with Radar,24,14,25,64,127,0,6,21,15,42,24,20,46,79,169,0,74,74,243
04/06/2023,AMA,TX,ASW,CE,Combined TRACON& Tower with Radar,25,8,28,45,106,0,3,20,7,30,25,11,48,52,136,0,34,34,170
04/07/2023,AMA,TX,ASW,CE,Combined TRACON& Tower with Radar,27,15,4,83,129,0,5,18,1,24,27,20,22,84,153,20,50,70,223
04/08/2023,AMA,TX,ASW,CE,Combined TRACON& Tower with Radar,23,16,6,0,45,0,1,8,0,9,23,17,14,0,54,8,0,8,62
04/09/2023,AMA,TX,ASW,CE,Combined TRACON& Tower with Radar,22,8,5,4,39,0,1,1,0,2,22,9,6,4,41,0,0,0,41
04/10/2023,AMA,TX,ASW,CE,Combined TRACON& Tower with Radar,26,18,22,59,125,0,5,9,4,18,26,23,31,63,143,8,18,26,169
04/11/2023,AMA,TX,ASW,CE,Combined TRACON& Tower with Radar,24,14,18,38,94,0,2,4,7,13,24,16,22,45,107,10,26,36,143
04/12/2023,AMA,TX,ASW,CE,Combined TRACON& Tower with Radar,23,17,23,23,86,0,3,1,5,9,23,20,24,28,95,0,20,20,115
04/13/2023,AMA,TX,ASW,CE,Combined TRACON& Tower with Radar,25,13,13,4,55,0,2,4,4,10,25,15,17,8,65,0,12,12,77
04/14/2023,AMA,TX,ASW,CE,Combined TRACON& Tower with Radar,25,16,9,47,97,0,1,4,10,15,25,17,13,57,112,0,56,56,168
04/15/2023,AMA,TX,ASW,CE,Combined TRACON& Tower with Radar,19,18,11,0,48,0,6,4,1,11,19,24,15,1,59,0,0,0,59
04/16/2023,AMA,TX,ASW,CE,Combined TRACON& Tower with Radar,25,15,22,6,68,0,9,11,4,24,25,24,33,10,92,0,0,0,92
04/17/2023,AMA,TX,ASW,CE,Combined TRACON& Tower with Radar,28,24,13,25,90,0,4,6,5,15,28,28,19,30,105,0,12,12,117
04/18/2023,AMA,TX,ASW,CE,Combined TRACON& Tower with Radar,25,22,4,21,72,0,1,8,2,11,25,23,12,23,83,0,0,0,83
04/19/2023,AMA,TX,ASW,CE,Combined TRACON& Tower with Radar,29,22,24,36,111,0,5,5,7,17,29,27,29,43,128,2,18,20,148
04/20/2023,AMA,TX,ASW,CE,Combined TRACON& Tower with Radar,28,13,41,42,124,0,1,7,4,12,28,14,48,46,136,0,48,48,184
04/21/2023,AMA,TX,ASW,CE,Combined TRACON& Tower with Radar,25,16,18,6,65,0,4,4,5,13,25,20,22,11,78,4,10,14,92
04/22/2023,AMA,TX,ASW,CE,Combined TRACON& Tower with Radar,17,13,14,4,48,0,1,5,2,8,17,14,19,6,56,14,20,34,90
04/23/2023,AMA,TX,ASW,CE,Combined TRACON& Tower with Radar,24,12,12,21,69,0,4,7,4,15,24,16,19,25,84,0,16,16,100
04/24/2023,AMA,TX,ASW,CE,Combined TRACON& Tower with Radar,28,12,18,15,73,0,0,3,0,3,28,12,21,15,76,0,14,14,90
04/25/2023,AMA,TX,ASW,CE,Combined TRACON& Tower with Radar,23,17,16,4,60,0,0,5,1,6,23,17,21,5,66,0,0,0,66
04/26/2023,AMA,TX,ASW,CE,Combined TRACON& Tower with Radar,23,12,17,4,56,0,0,0,0,0,23,12,17,4,56,0,0,0,56
04/27/2023,AMA,TX,ASW,CE,Combined TRACON& Tower with Radar,26,29,42,24,121,0,1,14,9,24,26,30,56,33,145,4,46,50,195
04/28/2023,AMA,TX,ASW,CE,Combined TRACON& Tower with Radar,25,10,11,0,46,0,0,0,2,2,25,10,11,2,48,0,0,0,48
04/29/2023,AMA,TX,ASW,CE,Combined TRACON& Tower with Radar,16,22,11,1,50,0,3,13,5,21,16,25,24,6,71,20,0,20,91
04/30/2023,AMA,TX,ASW,CE,Combined TRACON& Tower with Radar,24,23,15,24,86,0,8,10,5,23,24,31,25,29,109,0,0,0,109
05/01/2023,AMA,TX,ASW,CE,Combined TRACON& Tower with Radar,24,13,23,20,80,0,1,8,9,18,24,14,31,29,98,0,36,36,134
05/02/2023,AMA,TX,ASW,CE,Combined TRACON& Tower with Radar,22,17,21,15,75,0,2,8,4,14,22,19,29,19,89,0,0,0,89
05/03/2023,AMA,TX,ASW,CE,Combined TRACON& Tower with Radar,22,17,23,4,66,0,1,15,4,20,22,18,38,8,86,18,0,18,104
05/04/2023,AMA,TX,ASW,CE,Combined TRACON& Tower with Radar,27,19,30,19,95,0,3,14,3,20,27,22,44,22,115,40,28,68,183
05/05/2023,AMA,TX,ASW,CE,Combined TRACON& Tower with Radar,26,20,13,104,163,0,7,11,6,24,26,27,24,110,187,38,34,72,259
05/06/2023,AMA,TX,ASW,CE,Combined TRACON& Tower with Radar,16,18,15,7,56,0,3,10,5,18,16,21,25,12,74,10,12,22,96
05/07/2023,AMA,TX,ASW,CE,Combined TRACON& Tower with Radar,26,21,14,33,94,0,4,7,15,26,26,25,21,48,120,12,0,12,132
05/08/2023,AMA,TX,ASW,CE,Combined TRACON& Tower with Radar,23,10,27,17,77,0,4,10,2,16,23,14,37,19,93,78,48,126,219
05/09/2023,AMA,TX,ASW,CE,Combined TRACON& Tower with Radar,25,16,11,16,68,0,0,14,1,15,25,16,25,17,83,22,12,34,117
05/10/2023,AMA,TX,ASW,CE,Combined TRACON& Tower with Radar,23,23,20,22,88,0,4,6,4,14,23,27,26,26,102,18,18,36,138
05/11/2023,AMA,TX,ASW,CE,Combined TRACON& Tower with Radar,24,25,26,23,98,0,1,6,9,16,24,26,32,32,114,22,8,30,144
05/12/2023,AMA,TX,ASW,CE,Combined TRACON& Tower with Radar,22,20,36,92,170,0,2,12,16,30,22,22,48,108,200,12,156,168,368
05/13/2023,AMA,TX,ASW,CE,Combined TRACON& Tower with Radar,15,11,6,11,43,0,0,2,0,2,15,11,8,11,45,0,0,0,45
05/14/2023,AMA,TX,ASW,CE,Combined TRACON& Tower with Radar,23,12,12,4,51,0,0,1,0,1,23,12,13,4,52,0,0,0,52
05/15/2023,AMA,TX,ASW,CE,Combined TRACON& Tower with Radar,22,15,21,25,83,0,0,3,2,5,22,15,24,27,88,8,80,88,176
05/16/2023,AMA,TX,ASW,CE,Combined TRACON& Tower with Radar,21,15,25,19,80,0,1,18,7,26,21,16,43,26,106,50,30,80,186
05/17/2023,AMA,TX,ASW,CE,Combined TRACON& Tower with Radar,25,10,15,18,68,0,0,14,3,17,25,10,29,21,85,26,40,66,151
05/18/2023,AMA,TX,ASW,CE,Combined TRACON& Tower with Radar,23,22,15,11,71,0,0,3,0,3,23,22,18,11,74,0,0,0,74
05/19/2023,AMA,TX,ASW,CE,Combined TRACON& Tower with Radar,23,14,29,4,70,0,0,2,1,3,23,14,31,5,73,0,0,0,73
05/20/2023,AMA,TX,ASW,CE,Combined TRACON& Tower with Radar,15,22,16,4,57,0,7,5,2,14,15,29,21,6,71,4,0,4,75
05/21/2023,AMA,TX,ASW,CE,Combined TRACON& Tower with Radar,21,7,11,3,42,0,0,3,2,5,21,7,14,5,47,14,0,14,61
05/22/2023,AMA,TX,ASW,CE,Combined TRACON& Tower with Radar,23,22,10,9,64,0,2,4,4,10,23,24,14,13,74,4,16,20,94
05/23/2023,AMA,TX,ASW,CE,Combined TRACON& Tower with Radar,24,16,26,10,76,0,0,4,2,6,24,16,30,12,82,0,12,12,94
05/24/2023,AMA,TX,ASW,CE,Combined TRACON& Tower with Radar,30,17,11,21,79,0,1,8,2,11,30,18,19,23,90,12,14,26,116
05/25/2023,AMA,TX,ASW,CE,Combined TRACON& Tower with Radar,25,25,14,17,81,0,2,8,1,11,25,27,22,18,92,4,0,4,96
05/26/2023,AMA,TX,ASW,CE,Combined TRACON& Tower with Radar,28,9,14,4,55,0,1,1,0,2,28,10,15,4,57,0,0,0,57
05/27/2023,AMA,TX,ASW,CE,Combined TRACON& Tower with Radar,23,11,5,0,39,0,1,2,0,3,23,12,7,0,42,0,0,0,42
05/28/2023,AMA,TX,ASW,CE,Combined TRACON& Tower with Radar,25,9,9,1,44,0,5,2,2,9,25,14,11,3,53,0,0,0,53
05/29/2023,AMA,TX,ASW,CE,Combined TRACON& Tower with Radar,25,13,13,6,57,0,0,6,0,6,25,13,19,6,63,0,0,0,63
05/30/2023,AMA,TX,ASW,CE,Combined TRACON& Tower with Radar,20,30,15,20,85,0,1,16,4,21,20,31,31,24,106,0,0,0,106
05/31/2023,AMA,TX,ASW,CE,Combined TRACON& Tower with Radar,27,19,28,0,74,0,1,9,1,11,27,20,37,1,85,0,0,0,85
06/01/2023,AMA,TX,ASW,CE,Combined TRACON& Tower with Radar,28,21,14,6,69,0,0,7,0,7,28,21,21,6,76,0,0,0,76
06/02/2023,AMA,TX,ASW,CE,Combined TRACON& Tower with Radar,24,13,12,2,51,0,0,2,0,2,24,13,14,2,53,0,0,0,53
06/03/2023,AMA,TX,ASW,CE,Combined TRACON& Tower with Radar,16,26,17,2,61,0,2,10,1,13,16,28,27,3,74,0,0,0,74
06/04/2023,AMA,TX,ASW,CE,Combined TRACON& Tower with Radar,24,15,7,0,46,0,1,1,0,2,24,16,8,0,48,12,0,12,60
06/05/2023,AMA,TX,ASW,CE,Combined TRACON& Tower with Radar,25,16,9,7,57,0,1,3,2,6,25,17,12,9,63,0,0,0,63
06/06/2023,AMA,TX,ASW,CE,Combined TRACON& Tower with Radar,32,20,23,1,76,0,1,14,3,18,32,21,37,4,94,20,6,26,120
06/07/2023,AMA,TX,ASW,CE,Combined TRACON& Tower with Radar,24,19,8,2,53,0,1,7,2,10,24,20,15,4,63,24,4,28,91
06/08/2023,AMA,TX,ASW,CE,Combined TRACON& Tower with Radar,27,30,14,16,87,0,8,20,3,31,27,38,34,19,118,32,0,32,150
06/09/2023,AMA,TX,ASW,CE,Combined TRACON& Tower with Radar,25,19,25,16,85,0,2,14,2,18,25,21,39,18,103,8,14,22,125
06/10/2023,AMA,TX,ASW,CE,Combined TRACON& Tower with Radar,20,15,4,1,40,0,2,10,2,14,20,17,14,3,54,0,0,0,54
06/11/2023,AMA,TX,ASW,CE,Combined TRACON& Tower with Radar,23,20,25,4,72,0,0,13,1,14,23,20,38,5,86,6,0,6,92
06/12/2023,AMA,TX,ASW,CE,Combined TRACON& Tower with Radar,24,19,20,16,79,0,1,6,0,7,24,20,26,16,86,0,0,0,86
06/13/2023,AMA,TX,ASW,CE,Combined TRACON& Tower with Radar,29,24,29,11,93,0,1,8,1,10,29,25,37,12,103,0,0,0,103
06/14/2023,AMA,TX,ASW,CE,Combined TRACON& Tower with Radar,23,27,39,31,120,0,10,17,9,36,23,37,56,40,156,0,0,0,156
06/15/2023,AMA,TX,ASW,CE,Combined TRACON& Tower with Radar,27,21,12,19,79,0,3,10,1,14,27,24,22,20,93,0,16,16,109
06/16/2023,AMA,TX,ASW,CE,Combined TRACON& Tower with Radar,26,11,15,30,82,0,0,8,3,11,26,11,23,33,93,0,0,0,93
06/17/2023,AMA,TX,ASW,CE,Combined TRACON& Tower with Radar,18,14,10,4,46,0,6,2,0,8,18,20,12,4,54,0,0,0,54
06/18/2023,AMA,TX,ASW,CE,Combined TRACON& Tower with Radar,27,19,10,2,58,0,4,8,0,12,27,23,18,2,70,0,0,0,70
06/19/2023,AMA,TX,ASW,CE,Combined TRACON& Tower with Radar,22,18,10,8,58,0,0,17,1,18,22,18,27,9,76,0,0,0,76
06/20/2023,AMA,TX,ASW,CE,Combined TRACON& Tower with Radar,24,25,24,33,106,0,4,13,1,18,24,29,37,34,124,6,0,6,130
06/21/2023,AMA,TX,ASW,CE,Combined TRACON& Tower with Radar,30,20,15,16,81,0,1,10,2,13,30,21,25,18,94,0,0,0,94
06/22/2023,AMA,TX,ASW,CE,Combined TRACON& Tower with Radar,34,20,18,24,96,0,0,2,1,3,34,20,20,25,99,0,0,0,99
06/23/2023,AMA,TX,ASW,CE,Combined TRACON& Tower with Radar,28,20,13,34,95,0,2,6,6,14,28,22,19,40,109,0,0,0,109
06/24/2023,AMA,TX,ASW,CE,Combined TRACON& Tower with Radar,18,16,12,2,48,0,4,8,1,13,18,20,20,3,61,18,0,18,79
06/25/2023,AMA,TX,ASW,CE,Combined TRACON& Tower with Radar,24,20,10,1,55,0,5,3,1,9,24,25,13,2,64,0,0,0,64
06/26/2023,AMA,TX,ASW,CE,Combined TRACON& Tower with Radar,25,14,10,7,56,0,3,2,6,11,25,17,12,13,67,0,0,0,67
06/27/2023,AMA,TX,ASW,CE,Combined TRACON& Tower with Radar,22,19,19,10,70,0,0,1,6,7,22,19,20,16,77,0,0,0,77
06/28/2023,AMA,TX,ASW,CE,Combined TRACON& Tower with Radar,24,24,22,15,85,0,0,8,7,15,24,24,30,22,100,0,0,0,100
06/29/2023,AMA,TX,ASW,CE,Combined TRACON& Tower with Radar,25,17,16,19,77,0,2,9,3,14,25,19,25,22,91,16,12,28,119
06/30/2023,AMA,TX,ASW,CE,Combined TRACON& Tower with Radar,27,17,22,8,74,0,0,13,0,13,27,17,35,8,87,0,0,0,87
07/01/2023,AMA,TX,ASW,CE,Combined TRACON& Tower with Radar,20,15,10,2,47,0,0,4,1,5,20,15,14,3,52,0,0,0,52
07/02/2023,AMA,TX,ASW,CE,Combined TRACON& Tower with Radar,21,11,7,0,39,0,0,12,0,12,21,11,19,0,51,0,0,0,51
07/03/2023,AMA,TX,ASW,CE,Combined TRACON& Tower with Radar,27,18,12,0,57,0,0,6,2,8,27,18,18,2,65,40,0,40,105
07/04/2023,AMA,TX,ASW,CE,Combined TRACON& Tower with Radar,24,16,4,0,44,0,0,5,0,5,24,16,9,0,49,20,0,20,69
07/05/2023,AMA,TX,ASW,CE,Combined TRACON& Tower with Radar,28,20,15,13,76,0,0,13,2,15,28,20,28,15,91,18,10,28,119
07/06/2023,AMA,TX,ASW,CE,Combined TRACON& Tower with Radar,28,16,26,4,74,0,0,4,0,4,28,16,30,4,78,30,8,38,116
07/07/2023,AMA,TX,ASW,CE,Combined TRACON& Tower with Radar,28,17,14,7,66,0,0,2,1,3,28,17,16,8,69,0,0,0,69
07/08/2023,AMA,TX,ASW,CE,Combined TRACON& Tower with Radar,19,15,9,1,44,0,0,7,0,7,19,15,16,1,51,0,0,0,51
07/09/2023,AMA,TX,ASW,CE,Combined TRACON& Tower with Radar,30,16,18,36,100,0,0,4,2,6,30,16,22,38,106,4,0,4,110
07/10/2023,AMA,TX,ASW,CE,Combined TRACON& Tower with Radar,28,14,14,1,57,0,0,2,0,2,28,14,16,1,59,0,0,0,59
07/11/2023,AMA,TX,ASW,CE,Combined TRACON& Tower with Radar,26,17,39,18,100,0,3,17,2,22,26,20,56,20,122,0,32,32,154
07/12/2023,AMA,TX,ASW,CE,Combined TRACON& Tower with Radar,26,16,17,8,67,0,0,12,2,14,26,16,29,10,81,12,0,12,93
07/13/2023,AMA,TX,ASW,CE,Combined TRACON& Tower with Radar,29,20,13,1,63,0,1,5,4,10,29,21,18,5,73,30,0,30,103
07/14/2023,AMA,TX,ASW,CE,Combined TRACON& Tower with Radar,28,17,10,40,95,0,0,6,6,12,28,17,16,46,107,0,0,0,107
07/15/2023,AMA,TX,ASW,CE,Combined TRACON& Tower with Radar,23,16,6,2,47,0,2,7,0,9,23,18,13,2,56,0,0,0,56
07/16/2023,AMA,TX,ASW,CE,Combined TRACON& Tower with Radar,25,14,14,23,76,0,5,20,0,25,25,19,34,23,101,0,0,0,101
07/17/2023,AMA,TX,ASW,CE,Combined TRACON& Tower with Radar,29,18,9,15,71,0,1,2,8,11,29,19,11,23,82,20,4,24,106
07/18/2023,AMA,TX,ASW,CE,Combined TRACON& Tower with Radar,27,17,13,16,73,0,1,13,0,14,27,18,26,16,87,24,28,52,139
07/19/2023,AMA,TX,ASW,CE,Combined TRACON& Tower with Radar,26,23,19,24,92,0,3,7,6,16,26,26,26,30,108,0,0,0,108
07/20/2023,AMA,TX,ASW,CE,Combined TRACON& Tower with Radar,30,21,12,21,84,0,4,7,0,11,30,25,19,21,95,10,0,10,105
07/21/2023,AMA,TX,ASW,CE,Combined TRACON& Tower with Radar,27,16,30,34,107,0,1,7,1,9,27,17,37,35,116,36,8,44,160
07/22/2023,AMA,TX,ASW,CE,Combined TRACON& Tower with Radar,22,21,12,12,67,0,4,27,3,34,22,25,39,15,101,0,0,0,101
07/23/2023,AMA,TX,ASW,CE,Combined TRACON& Tower with Radar,29,10,13,0,52,0,4,3,5,12,29,14,16,5,64,8,0,8,72
07/24/2023,AMA,TX,ASW,CE,Combined TRACON& Tower with Radar,28,23,7,13,71,0,3,10,2,15,28,26,17,15,86,6,12,18,104
07/25/2023,AMA,TX,ASW,CE,Combined TRACON& Tower with Radar,27,15,16,11,69,0,0,6,8,14,27,15,22,19,83,30,40,70,153
07/26/2023,AMA,TX,ASW,CE,Combined TRACON& Tower with Radar,30,21,18,3,72,0,0,14,2,16,30,21,32,5,88,18,0,18,106
07/27/2023,AMA,TX,ASW,CE,Combined TRACON& Tower with Radar,29,12,15,11,67,0,0,7,4,11,29,12,22,15,78,0,2,2,80
07/28/2023,AMA,TX,ASW,CE,Combined TRACON& Tower with Radar,33,14,19,19,85,0,2,14,4,20,33,16,33,23,105,0,0,0,105
07/29/2023,AMA,TX,ASW,CE,Combined TRACON& Tower with Radar,20,11,9,8,48,0,0,8,0,8,20,11,17,8,56,0,0,0,56
07/30/2023,AMA,TX,ASW,CE,Combined TRACON& Tower with Radar,28,21,22,27,98,0,2,12,0,14,28,23,34,27,112,18,0,18,130
07/31/2023,AMA,TX,ASW,CE,Combined TRACON& Tower with Radar,33,23,15,18,89,0,1,10,1,12,33,24,25,19,101,0,0,0,101
08/01/2023,AMA,TX,ASW,CE,Combined TRACON& Tower with Radar,29,11,16,20,76,0,0,8,0,8,29,11,24,20,84,40,0,40,124
08/02/2023,AMA,TX,ASW,CE,Combined TRACON& Tower with Radar,27,16,25,17,85,0,2,6,2,10,27,18,31,19,95,10,18,28,123
08/03/2023,AMA,TX,ASW,CE,Combined TRACON& Tower with Radar,35,16,23,3,77,0,2,6,1,9,35,18,29,4,86,8,0,8,94
08/04/2023,AMA,TX,ASW,CE,Combined TRACON& Tower with Radar,28,10,21,39,98,0,2,4,9,15,28,12,25,48,113,0,0,0,113
08/05/2023,AMA,TX,ASW,CE,Combined TRACON& Tower with Radar,20,15,11,6,52,0,0,5,3,8,20,15,16,9,60,0,0,0,60
08/06/2023,AMA,TX,ASW,CE,Combined TRACON& Tower with Radar,28,12,8,19,67,0,1,8,1,10,28,13,16,20,77,26,14,40,117
08/07/2023,AMA,TX,ASW,CE,Combined TRACON& Tower with Radar,27,17,14,15,73,0,0,2,1,3,27,17,16,16,76,0,122,122,198
08/08/2023,AMA,TX,ASW,CE,Combined TRACON& Tower with Radar,30,20,6,14,70,0,0,7,1,8,30,20,13,15,78,8,60,68,146
08/09/2023,AMA,TX,ASW,CE,Combined TRACON& Tower with Radar,27,13,17,23,80,0,0,7,4,11,27,13,24,27,91,38,20,58,149
08/10/2023,AMA,TX,ASW,CE,Combined TRACON& Tower with Radar,27,16,20,3,66,0,0,11,3,14,27,16,31,6,80,22,0,22,102
08/11/2023,AMA,TX,ASW,CE,Combined TRACON& Tower with Radar,29,16,11,42,98,0,0,7,1,8,29,16,18,43,106,0,0,0,106
08/12/2023,AMA,TX,ASW,CE,Combined TRACON& Tower with Radar,21,20,7,2,50,0,2,4,0,6,21,22,11,2,56,6,0,6,62
08/13/2023,AMA,TX,ASW,CE,Combined TRACON& Tower with Radar,27,9,12,8,56,0,0,4,0,4,27,9,16,8,60,16,12,28,88
08/14/2023,AMA,TX,ASW,CE,Combined TRACON& Tower with Radar,29,15,17,6,67,0,2,12,4,18,29,17,29,10,85,0,0,0,85
08/15/2023,AMA,TX,ASW,CE,Combined TRACON& Tower with Radar,28,11,20,20,79,0,2,12,9,23,28,13,32,29,102,28,12,40,142
08/16/2023,AMA,TX,ASW,CE,Combined TRACON& Tower with Radar,30,17,23,13,83,0,2,6,4,12,30,19,29,17,95,0,0,0,95
08/17/2023,AMA,TX,ASW,CE,Combined TRACON& Tower with Radar,29,23,20,27,99,0,2,22,1,25,29,25,42,28,124,6,8,14,138
08/18/2023,AMA,TX,ASW,CE,Combined TRACON& Tower with Radar,35,22,10,34,101,0,0,8,4,12,35,22,18,38,113,0,0,0,113
08/19/2023,AMA,TX,ASW,CE,Combined TRACON& Tower with Radar,23,12,8,0,43,0,3,8,0,11,23,15,16,0,54,0,0,0,54
08/20/2023,AMA,TX,ASW,CE,Combined TRACON& Tower with Radar,30,10,22,2,64,0,0,10,1,11,30,10,32,3,75,0,0,0,75
08/21/2023,AMA,TX,ASW,CE,Combined TRACON& Tower with Radar,30,19,20,15,84,0,2,12,2,16,30,21,32,17,100,26,10,36,136
08/22/2023,AMA,TX,ASW,CE,Combined TRACON& Tower with Radar,25,18,17,20,80,0,4,22,4,30,25,22,39,24,110,10,6,16,126
08/23/2023,AMA,TX,ASW,CE,Combined TRACON& Tower with Radar,30,18,21,43,112,0,0,25,4,29,30,18,46,47,141,22,16,38,179
08/24/2023,AMA,TX,ASW,CE,Combined TRACON& Tower with Radar,29,11,23,23,86,0,0,7,6,13,29,11,30,29,99,0,0,0,99
08/25/2023,AMA,TX,ASW,CE,Combined TRACON& Tower with Radar,31,16,11,35,93,0,0,11,2,13,31,16,22,37,106,8,18,26,132
08/26/2023,AMA,TX,ASW,CE,Combined TRACON& Tower with Radar,19,10,6,0,35,0,1,8,0,9,19,11,14,0,44,6,0,6,50
08/27/2023,AMA,TX,ASW,CE,Combined TRACON& Tower with Radar,30,15,12,11,68,0,0,10,2,12,30,15,22,13,80,6,0,6,86
08/28/2023,AMA,TX,ASW,CE,Combined TRACON& Tower with Radar,28,15,13,24,80,0,0,7,5,12,28,15,20,29,92,0,0,0,92
08/29/2023,AMA,TX,ASW,CE,Combined TRACON& Tower with Radar,27,14,19,15,75,0,1,5,4,10,27,15,24,19,85,26,14,40,125
08/30/2023,AMA,TX,ASW,CE,Combined TRACON& Tower with Radar,33,17,34,30,114,0,1,6,3,10,33,18,40,33,124,20,12,32,156
08/31/2023,AMA,TX,ASW,CE,Combined TRACON& Tower with Radar,29,22,23,6,80,0,2,14,10,26,29,24,37,16,106,18,0,18,124
