01/01/2000,ANC,AK,AAL,WE,Combined TRACON& Tower with Radar,145,27,9,0,181,0,25,65,2,92,145,52,74,2,273,40,0,40,313
01/02/2000,ANC,AK,AAL,WE,Combined TRACON& Tower with Radar,196,89,26,1,312,0,13,22,7,42,196,102,48,8,354,28,0,28,382
01/03/2000,ANC,AK,AAL,WE,Combined TRACON& Tower with Radar,214,164,46,7,431,0,27,55,12,94,214,191,101,19,525,18,0,18,543
01/04/2000,ANC,AK,AAL,WE,Combined TRACON& Tower with Radar,233,172,45,4,454,0,1,8,0,9,233,173,53,4,463,0,0,0,463
01/05/2000,ANC,AK,AAL,WE,Combined TRACON& Tower with Radar,273,153,59,21,506,0,48,50,11,109,273,201,109,32,615,4,0,4,619
01/06/2000,ANC,AK,AAL,WE,Combined TRACON& Tower with Radar,308,142,44,4,498,28,31,44,6,109,336,173,88,10,607,24,0,24,631
01/07/2000,ANC,AK,AAL,WE,Combined TRACON& Tower with Radar,269,167,49,14,499,0,6,48,7,61,269,173,97,21,560,48,0,48,608
01/08/2000,ANC,AK,AAL,WE,Combined TRACON& Tower with Radar,260,102,30,2,394,0,35,116,0,151,260,137,146,2,545,16,0,16,561
01/09/2000,ANC,AK,AAL,WE,Combined TRACON& Tower with Radar,235,90,47,7,379,0,31,177,3,211,235,121,224,10,590,42,0,42,632
01/10/2000,ANC,AK,AAL,WE,Combined TRACON& Tower with Radar,225,129,50,9,413,1,54,61,1,117,226,183,111,10,530,12,0,12,542
01/11/2000,ANC,AK,AAL,WE,Combined TRACON& Tower with Radar,275,129,44,9,457,0,52,39,8,99,275,181,83,17,556,14,0,14,570
01/12/2000,ANC,AK,AAL,WE,Combined TRACON& Tower with Radar,309,121,42,15,487,0,77,71,13,161,309,198,113,28,648,12,0,12,660
01/13/2000,ANC,AK,AAL,WE,Combined TRACON& Tower with Radar,302,103,45,7,457,6,86,61,16,169,308,189,106,23,626,2,0,2,628
01/14/2000,ANC,AK,AAL,WE,Combined TRACON& Tower with Radar,295,134,47,13,489,0,48,61,4,113,295,182,108,17,602,0,0,0,602
01/15/2000,ANC,AK,AAL,WE,Combined TRACON& Tower with Radar,292,118,54,6,470,0,47,91,0,138,292,165,145,6,608,58,0,58,666
01/16/2000,ANC,AK,AAL,WE,Combined TRACON& Tower with Radar,256,85,28,0,369,0,29,83,0,112,256,114,111,0,481,12,0,12,493
01/17/2000,ANC,AK,AAL,WE,Combined TRACON& Tower with Radar,240,130,54,0,424,0,35,58,0,93,240,165,112,0,517,52,0,52,569
01/18/2000,ANC,AK,AAL,WE,Combined TRACON& Tower with Radar,267,153,41,8,469,0,1,10,1,12,267,154,51,9,481,0,0,0,481
01/19/2000,ANC,AK,AAL,WE,Combined TRACON& Tower with Radar,307,166,42,12,527,0,6,3,2,11,307,172,45,14,538,16,0,16,554
01/20/2000,ANC,AK,AAL,WE,Combined TRACON& Tower with Radar,320,170,47,24,561,0,4,6,3,13,320,174,53,27,574,0,0,0,574
01/21/2000,ANC,AK,AAL,WE,Combined TRACON& Tower with Radar,299,171,45,8,523,1,4,7,0,12,300,175,52,8,535,0,0,0,535
01/22/2000,ANC,AK,AAL,WE,Combined TRACON& Tower with Radar,274,98,32,0,404,0,32,146,0,178,274,130,178,0,582,16,2,18,600
01/23/2000,ANC,AK,AAL,WE,Combined TRACON& Tower with Radar,251,70,14,0,335,0,16,35,0,51,251,86,49,0,386,0,0,0,386
01/24/2000,ANC,AK,AAL,WE,Combined TRACON& Tower with Radar,235,133,31,5,404,0,1,3,0,4,235,134,34,5,408,0,0,0,408
01/25/2000,ANC,AK,AAL,WE,Combined TRACON& Tower with Radar,280,133,48,28,489,0,57,101,17,175,280,190,149,45,664,17,0,17,681
01/26/2000,ANC,AK,AAL,WE,Combined TRACON& Tower with Radar,315,149,48,10,522,0,37,42,7,86,315,186,90,17,608,0,6,6,614
01/27/2000,ANC,AK,AAL,WE,Combined TRACON& Tower with Radar,291,147,39,18,495,0,15,39,4,58,291,162,78,22,553,18,0,18,571
01/28/2000,ANC,AK,AAL,WE,Combined TRACON& Tower with Radar,305,161,44,11,521,9,23,27,6,65,314,184,71,17,586,20,0,20,606
01/29/2000,ANC,AK,AAL,WE,Combined TRACON& Tower with Radar,287,128,35,0,450,0,8,28,0,36,287,136,63,0,486,6,0,6,492
01/30/2000,ANC,AK,AAL,WE,Combined TRACON& Tower with Radar,252,72,13,2,339,0,1,0,0,1,252,73,13,2,340,0,0,0,340
01/31/2000,ANC,AK,AAL,WE,Combined TRACON& Tower with Radar,246,152,35,4,437,0,13,5,0,18,246,165,40,4,455,4,0,4,459
02/01/2000,ANC,AK,AAL,WE,Combined TRACON& Tower with Radar,263,123,56,22,464,3,52,49,6,110,266,175,105,28,574,0,0,0,574
02/02/2000,ANC,AK,AAL,WE,Combined TRACON& Tower with Radar,297,120,24,2,443,0,44,1,3,48,297,164,25,5,491,0,0,0,491
02/03/2000,ANC,AK,AAL,WE,Combined TRACON& Tower with Radar,319,174,56,9,558,0,62,29,15,106,319,236,85,24,664,0,0,0,664
02/04/2000,ANC,AK,AAL,WE,Combined TRACON& Tower with Radar,320,160,75,12,567,0,133,131,15,279,320,293,206,27,846,0,0,0,846
02/05/2000,ANC,AK,AAL,WE,Combined TRACON& Tower with Radar,291,114,35,4,444,28,65,93,0,186,319,179,128,4,630,10,0,10,640
02/06/2000,ANC,AK,AAL,WE,Combined TRACON& Tower with Radar,234,91,44,9,378,0,19,40,4,63,234,110,84,13,441,26,0,26,467
02/07/2000,ANC,AK,AAL,WE,Combined TRACON& Tower with Radar,217,113,54,5,389,0,65,87,2,154,217,178,141,7,543,24,0,24,567
02/08/2000,ANC,AK,AAL,WE,Combined TRACON& Tower with Radar,254,156,88,23,521,2,48,67,11,128,256,204,155,34,649,30,0,30,679
02/09/2000,ANC,AK,AAL,WE,Combined TRACON& Tower with Radar,277,150,67,5,499,1,85,110,10,206,278,235,177,15,705,78,0,78,783
02/10/2000,ANC,AK,AAL,WE,Combined TRACON& Tower with Radar,262,138,40,8,448,0,60,119,5,184,262,198,159,13,632,0,0,0,632
02/11/2000,ANC,AK,AAL,WE,Combined TRACON& Tower with Radar,257,141,59,5,462,0,60,117,0,177,257,201,176,5,639,16,0,16,655
02/12/2000,ANC,AK,AAL,WE,Combined TRACON& Tower with Radar,269,112,59,1,441,0,20,117,0,137,269,132,176,1,578,34,0,34,612
02/13/2000,ANC,AK,AAL,WE,Combined TRACON& Tower with Radar,222,78,34,2,336,0,47,245,2,294,222,125,279,4,630,34,0,34,664
02/14/2000,ANC,AK,AAL,WE,Combined TRACON& Tower with Radar,216,125,67,2,410,0,30,43,1,74,216,155,110,3,484,0,0,0,484
02/15/2000,ANC,AK,AAL,WE,Combined TRACON& Tower with Radar,247,160,62,9,478,0,42,97,7,146,247,202,159,16,624,22,0,22,646
02/16/2000,ANC,AK,AAL,WE,Combined TRACON& Tower with Radar,299,159,52,34,544,0,41,110,12,163,299,200,162,46,707,30,0,30,737
02/17/2000,ANC,AK,AAL,WE,Combined TRACON& Tower with Radar,293,142,70,3,508,0,50,108,10,168,293,192,178,13,676,70,0,70,746
02/18/2000,ANC,AK,AAL,WE,Combined TRACON& Tower with Radar,287,158,74,4,523,0,53,95,2,150,287,211,169,6,673,44,0,44,717
02/19/2000,ANC,AK,AAL,WE,Combined TRACON& Tower with Radar,276,113,33,0,422,0,20,69,0,89,276,133,102,0,511,18,0,18,529
02/20/2000,ANC,AK,AAL,WE,Combined TRACON& Tower with Radar,237,97,39,2,375,0,6,130,2,138,237,103,169,4,513,0,0,0,513
02/21/2000,ANC,AK,AAL,WE,Combined TRACON& Tower with Radar,262,152,84,0,498,0,29,150,20,199,262,181,234,20,697,64,0,64,761
02/22/2000,ANC,AK,AAL,WE,Combined TRACON& Tower with Radar,256,138,52,15,461,0,56,148,9,213,256,194,200,24,674,68,0,68,742
02/23/2000,ANC,AK,AAL,WE,Combined TRACON& Tower with Radar,306,158,52,15,531,1,42,87,13,143,307,200,139,28,674,4,0,4,678
02/24/2000,ANC,AK,AAL,WE,Combined TRACON& Tower with Radar,289,137,57,13,496,1,65,104,12,182,290,202,161,25,678,39,0,39,717
02/25/2000,ANC,AK,AAL,WE,Combined TRACON& Tower with Radar,293,152,42,1,488,0,79,168,16,263,293,231,210,17,751,0,0,0,751
02/26/2000,ANC,AK,AAL,WE,Combined TRACON& Tower with Radar,272,93,37,0,402,0,34,221,0,255,272,127,258,0,657,30,0,30,687
02/27/2000,ANC,AK,AAL,WE,Combined TRACON& Tower with Radar,244,71,20,5,340,0,33,194,3,230,244,104,214,8,570,42,0,42,612
02/28/2000,ANC,AK,AAL,WE,Combined TRACON& Tower with Radar,236,149,33,13,431,0,32,84,10,126,236,181,117,23,557,24,0,24,581
02/29/2000,ANC,AK,AAL,WE,Combined TRACON& Tower with Radar,278,116,59,7,460,3,55,152,10,220,281,171,211,17,680,40,0,40,720
03/01/2000,ANC,AK,AAL,WE,Combined TRACON& Tower with Radar,315,136,44,8,503,0,64,134,15,213,315,200,178,23,716,8,0,8,724
03/02/2000,ANC,AK,AAL,WE,Combined TRACON& Tower with Radar,302,157,71,11,541,0,52,139,13,204,302,209,210,24,745,44,0,44,789
03/03/2000,ANC,AK,AAL,WE,Combined TRACON& Tower with Radar,288,155,73,7,523,0,77,205,12,294,288,232,278,19,817,48,0,48,865
03/04/2000,ANC,AK,AAL,WE,Combined TRACON& Tower with Radar,290,123,28,1,442,0,71,271,2,344,290,194,299,3,786,12,0,12,798
03/05/2000,ANC,AK,AAL,WE,Combined TRACON& Tower with Radar,262,68,48,7,385,3,64,312,5,384,265,132,360,12,769,10,0,10,779
03/06/2000,ANC,AK,AAL,WE,Combined TRACON& Tower with Radar,282,94,74,9,459,5,121,273,17,416,287,215,347,26,875,16,0,16,891
03/07/2000,ANC,AK,AAL,WE,Combined TRACON& Tower with Radar,290,118,73,7,488,0,92,233,10,335,290,210,306,17,823,2,0,2,825
03/08/2000,ANC,AK,AAL,WE,Combined TRACON& Tower with Radar,352,123,73,10,558,3,84,156,28,271,355,207,229,38,829,16,0,16,845
03/09/2000,ANC,AK,AAL,WE,Combined TRACON& Tower with Radar,322,147,60,9,538,2,88,199,8,297,324,235,259,17,835,8,0,8,843
03/10/2000,ANC,AK,AAL,WE,Combined TRACON& Tower with Radar,320,127,86,8,541,0,85,214,9,308,320,212,300,17,849,44,0,44,893
03/11/2000,ANC,AK,AAL,WE,Combined TRACON& Tower with Radar,305,87,37,0,429,0,58,153,0,211,305,145,190,0,640,0,0,0,640
03/12/2000,ANC,AK,AAL,WE,Combined TRACON& Tower with Radar,278,57,29,4,368,0,50,186,2,238,278,107,215,6,606,12,0,12,618
03/13/2000,ANC,AK,AAL,WE,Combined TRACON& Tower with Radar,243,120,41,6,410,0,58,123,5,186,243,178,164,11,596,30,0,30,626
03/14/2000,ANC,AK,AAL,WE,Combined TRACON& Tower with Radar,273,132,48,2,455,0,77,113,13,203,273,209,161,15,658,2,0,2,660
03/15/2000,ANC,AK,AAL,WE,Combined TRACON& Tower with Radar,316,140,74,12,542,0,57,107,9,173,316,197,181,21,715,20,0,20,735
03/16/2000,ANC,AK,AAL,WE,Combined TRACON& Tower with Radar,307,132,47,10,496,0,83,147,10,240,307,215,194,20,736,36,0,36,772
03/17/2000,ANC,AK,AAL,WE,Combined TRACON& Tower with Radar,314,217,49,13,593,1,32,124,6,163,315,249,173,19,756,14,0,14,770
03/18/2000,ANC,AK,AAL,WE,Combined TRACON& Tower with Radar,312,166,56,4,538,0,9,39,0,48,312,175,95,4,586,0,0,0,586
03/19/2000,ANC,AK,AAL,WE,Combined TRACON& Tower with Radar,273,86,27,7,393,0,45,98,9,152,273,131,125,16,545,86,0,86,631
03/20/2000,ANC,AK,AAL,WE,Combined TRACON& Tower with Radar,266,125,52,4,447,1,61,128,15,205,267,186,180,19,652,40,0,40,692
03/21/2000,ANC,AK,AAL,WE,Combined TRACON& Tower with Radar,280,155,55,11,501,0,46,94,6,146,280,201,149,17,647,14,0,14,661
03/22/2000,ANC,AK,AAL,WE,Combined TRACON& Tower with Radar,331,152,63,21,567,0,94,172,16,282,331,246,235,37,849,28,0,28,877
03/23/2000,ANC,AK,AAL,WE,Combined TRACON& Tower with Radar,309,139,38,9,495,0,78,122,8,208,309,217,160,17,703,70,0,70,773
03/24/2000,ANC,AK,AAL,WE,Combined TRACON& Tower with Radar,343,191,88,12,634,1,47,47,5,100,344,238,135,17,734,30,0,30,764
03/25/2000,ANC,AK,AAL,WE,Combined TRACON& Tower with Radar,316,104,44,2,466,0,64,188,1,253,316,168,232,3,719,82,0,82,801
03/26/2000,ANC,AK,AAL,WE,Combined TRACON& Tower with Radar,271,116,34,6,427,0,7,9,0,16,271,123,43,6,443,0,0,0,443
03/27/2000,ANC,AK,AAL,WE,Combined TRACON& Tower with Radar,273,147,32,13,465,0,14,21,0,35,273,161,53,13,500,1,0,1,501
03/28/2000,ANC,AK,AAL,WE,Combined TRACON& Tower with Radar,279,140,46,9,474,4,66,138,6,214,283,206,184,15,688,22,0,22,710
03/29/2000,ANC,AK,AAL,WE,Combined TRACON& Tower with Radar,335,159,41,9,544,2,42,44,12,100,337,201,85,21,644,14,0,14,658
03/30/2000,ANC,AK,AAL,WE,Combined TRACON& Tower with Radar,313,159,29,2,503,0,32,47,11,90,313,191,76,13,593,32,0,32,625
03/31/2000,ANC,AK,AAL,WE,Combined TRACON& Tower with Radar,323,163,53,6,545,0,16,52,2,70,323,179,105,8,615,55,0,55,670
04/01/2000,ANC,AK,AAL,WE,Combined TRACON& Tower with Radar,299,107,28,0,434,0,59,309,0,368,299,166,337,0,802,28,0,28,830
04/02/2000,ANC,AK,AAL,WE,Combined TRACON& Tower with Radar,272,81,35,0,388,19,39,163,0,221,291,120,198,0,609,32,0,32,641
04/03/2000,ANC,AK,AAL,WE,Combined TRACON& Tower with Radar,258,130,41,3,432,0,72,184,10,266,258,202,225,13,698,38,0,38,736
04/04/2000,ANC,AK,AAL,WE,Combined TRACON& Tower with Radar,295,125,51,8,479,0,34,70,6,110,295,159,121,14,589,22,0,22,611
04/05/2000,ANC,AK,AAL,WE,Combined TRACON& Tower with Radar,333,132,81,13,559,2,78,133,15,228,335,210,214,28,787,28,0,28,815
04/06/2000,ANC,AK,AAL,WE,Combined TRACON& Tower with Radar,324,172,102,12,610,0,73,173,30,276,324,245,275,42,886,90,0,90,976
04/07/2000,ANC,AK,AAL,WE,Combined TRACON& Tower with Radar,309,142,45,2,498,9,93,188,11,301,318,235,233,13,799,12,0,12,811
04/08/2000,ANC,AK,AAL,WE,Combined TRACON& Tower with Radar,292,91,29,1,413,0,60,239,6,305,292,151,268,7,718,30,0,30,748
04/09/2000,ANC,AK,AAL,WE,Combined TRACON& Tower with Radar,258,75,38,7,378,0,55,267,4,326,258,130,305,11,704,36,9,45,749
04/10/2000,ANC,AK,AAL,WE,Combined TRACON& Tower with Radar,282,129,44,8,463,0,60,119,12,191,282,189,163,20,654,39,0,39,693
04/11/2000,ANC,AK,AAL,WE,Combined TRACON& Tower with Radar,273,140,65,7,485,0,51,84,8,143,273,191,149,15,628,6,0,6,634
04/12/2000,ANC,AK,AAL,WE,Combined TRACON& Tower with Radar,305,122,73,12,512,0,80,194,21,295,305,202,267,33,807,32,0,32,839
04/13/2000,ANC,AK,AAL,WE,Combined TRACON& Tower with Radar,313,126,50,8,497,7,82,239,9,337,320,208,289,17,834,32,0,32,866
04/14/2000,ANC,AK,AAL,WE,Combined TRACON& Tower with Radar,299,134,105,2,540,1,75,219,2,297,300,209,324,4,837,54,0,54,891
04/15/2000,ANC,AK,AAL,WE,Combined TRACON& Tower with Radar,270,87,33,3,393,0,71,264,0,335,270,158,297,3,728,16,0,16,744
04/16/2000,ANC,AK,AAL,WE,Combined TRACON& Tower with Radar,266,72,47,0,385,0,43,214,3,260,266,115,261,3,645,82,0,82,727
04/17/2000,ANC,AK,AAL,WE,Combined TRACON& Tower with Radar,243,134,72,6,455,0,54,148,9,211,243,188,220,15,666,54,0,54,720
04/18/2000,ANC,AK,AAL,WE,Combined TRACON& Tower with Radar,271,130,57,16,474,0,53,80,9,142,271,183,137,25,616,64,0,64,680
04/19/2000,ANC,AK,AAL,WE,Combined TRACON& Tower with Radar,321,134,35,6,496,0,51,45,8,104,321,185,80,14,600,22,0,22,622
04/20/2000,ANC,AK,AAL,WE,Combined TRACON& Tower with Radar,273,152,51,8,484,0,67,98,4,169,273,219,149,12,653,20,0,20,673
04/21/2000,ANC,AK,AAL,WE,Combined TRACON& Tower with Radar,302,162,57,11,532,0,63,125,3,191,302,225,182,14,723,28,0,28,751
04/22/2000,ANC,AK,AAL,WE,Combined TRACON& Tower with Radar,291,81,29,1,402,0,54,146,1,201,291,135,175,2,603,12,0,12,615
04/23/2000,ANC,AK,AAL,WE,Combined TRACON& Tower with Radar,257,44,16,0,317,0,42,191,5,238,257,86,207,5,555,42,0,42,597
04/24/2000,ANC,AK,AAL,WE,Combined TRACON& Tower with Radar,266,143,51,6,466,0,91,147,8,246,266,234,198,14,712,20,0,20,732
04/25/2000,ANC,AK,AAL,WE,Combined TRACON& Tower with Radar,278,112,55,2,447,3,68,195,10,276,281,180,250,12,723,156,0,156,879
04/26/2000,ANC,AK,AAL,WE,Combined TRACON& Tower with Radar,322,139,53,7,521,3,90,184,16,293,325,229,237,23,814,18,0,18,832
04/27/2000,ANC,AK,AAL,WE,Combined TRACON& Tower with Radar,310,147,53,5,515,2,75,216,10,303,312,222,269,15,818,44,0,44,862
04/28/2000,ANC,AK,AAL,WE,Combined TRACON& Tower with Radar,296,138,36,2,472,0,103,233,5,341,296,241,269,7,813,24,0,24,837
04/29/2000,ANC,AK,AAL,WE,Combined TRACON& Tower with Radar,290,100,34,0,424,1,78,184,0,263,291,178,218,0,687,46,10,56,743
04/30/2000,ANC,AK,AAL,WE,Combined TRACON& Tower with Radar,271,86,35,0,392,7,55,164,0,226,278,141,199,0,618,70,0,70,688
05/01/2000,ANC,AK,AAL,WE,Combined TRACON& Tower with Radar,264,132,45,5,446,10,90,138,17,255,274,222,183,22,701,66,0,66,767
05/02/2000,ANC,AK,AAL,WE,Combined TRACON& Tower with Radar,298,136,58,5,497,1,81,159,11,252,299,217,217,16,749,46,0,46,795
05/03/2000,ANC,AK,AAL,WE,Combined TRACON& Tower with Radar,338,148,62,6,554,3,93,202,28,326,341,241,264,34,880,46,0,46,926
05/04/2000,ANC,AK,AAL,WE,Combined TRACON& Tower with Radar,297,140,60,6,503,0,142,218,24,384,297,282,278,30,887,74,2,76,963
05/05/2000,ANC,AK,AAL,WE,Combined TRACON& Tower with Radar,294,119,74,7,494,2,188,255,3,448,296,307,329,10,942,66,0,66,1008
05/06/2000,ANC,AK,AAL,WE,Combined TRACON& Tower with Radar,313,89,45,6,453,13,108,331,6,458,326,197,376,12,911,72,0,72,983
05/07/2000,ANC,AK,AAL,WE,Combined TRACON& Tower with Radar,257,68,65,5,395,0,76,198,3,277,257,144,263,8,672,104,1,105,777
05/08/2000,ANC,AK,AAL,WE,Combined TRACON& Tower with Radar,274,137,67,18,496,0,126,244,17,387,274,263,311,35,883,90,0,90,973
05/09/2000,ANC,AK,AAL,WE,Combined TRACON& Tower with Radar,265,130,59,18,472,0,140,229,14,383,265,270,288,32,855,66,0,66,921
05/10/2000,ANC,AK,AAL,WE,Combined TRACON& Tower with Radar,333,126,52,7,518,0,150,158,18,326,333,276,210,25,844,28,0,28,872
05/11/2000,ANC,AK,AAL,WE,Combined TRACON& Tower with Radar,317,130,57,4,508,0,155,286,15,456,317,285,343,19,964,62,0,62,1026
05/12/2000,ANC,AK,AAL,WE,Combined TRACON& Tower with Radar,330,129,59,8,526,1,166,291,2,460,331,295,350,10,986,104,0,104,1090
05/13/2000,ANC,AK,AAL,WE,Combined TRACON& Tower with Radar,308,101,35,0,444,1,117,369,2,489,309,218,404,2,933,36,0,36,969
05/14/2000,ANC,AK,AAL,WE,Combined TRACON& Tower with Radar,288,84,28,4,404,0,91,169,2,262,288,175,197,6,666,12,0,12,678
05/15/2000,ANC,AK,AAL,WE,Combined TRACON& Tower with Radar,288,145,68,17,518,1,87,175,7,270,289,232,243,24,788,38,0,38,826
05/16/2000,ANC,AK,AAL,WE,Combined TRACON& Tower with Radar,300,133,96,13,542,0,125,302,9,436,300,258,398,22,978,36,0,36,1014
05/17/2000,ANC,AK,AAL,WE,Combined TRACON& Tower with Radar,364,144,90,6,604,0,104,213,10,327,364,248,303,16,931,44,0,44,975
05/18/2000,ANC,AK,AAL,WE,Combined TRACON& Tower with Radar,333,142,59,2,536,0,141,208,10,359,333,283,267,12,895,30,0,30,925
05/19/2000,ANC,AK,AAL,WE,Combined TRACON& Tower with Radar,327,172,55,24,578,0,113,237,3,353,327,285,292,27,931,48,2,50,981
05/20/2000,ANC,AK,AAL,WE,Combined TRACON& Tower with Radar,324,121,64,9,518,0,133,360,3,496,324,254,424,12,1014,24,0,24,1038
05/21/2000,ANC,AK,AAL,WE,Combined TRACON& Tower with Radar,307,63,32,3,405,0,139,396,7,542,307,202,428,10,947,94,0,94,1041
05/22/2000,ANC,AK,AAL,WE,Combined TRACON& Tower with Radar,288,125,63,19,495,0,150,288,14,452,288,275,351,33,947,16,0,16,963
05/23/2000,ANC,AK,AAL,WE,Combined TRACON& Tower with Radar,322,153,53,2,530,4,144,288,13,449,326,297,341,15,979,24,0,24,1003
05/24/2000,ANC,AK,AAL,WE,Combined TRACON& Tower with Radar,355,143,94,4,596,0,198,361,5,564,355,341,455,9,1160,40,0,40,1200
05/25/2000,ANC,AK,AAL,WE,Combined TRACON& Tower with Radar,342,126,58,4,530,1,230,395,7,633,343,356,453,11,1163,76,0,76,1239
05/26/2000,ANC,AK,AAL,WE,Combined TRACON& Tower with Radar,345,140,63,0,548,0,227,583,3,813,345,367,646,3,1361,66,0,66,1427
05/27/2000,ANC,AK,AAL,WE,Combined TRACON& Tower with Radar,334,105,36,0,475,0,214,454,4,672,334,319,490,4,1147,38,0,38,1185
05/28/2000,ANC,AK,AAL,WE,Combined TRACON& Tower with Radar,301,53,17,4,375,0,151,403,2,556,301,204,420,6,931,22,0,22,953
05/29/2000,ANC,AK,AAL,WE,Combined TRACON& Tower with Radar,286,75,52,0,413,0,186,453,0,639,286,261,505,0,1052,26,0,26,1078
05/30/2000,ANC,AK,AAL,WE,Combined TRACON& Tower with Radar,304,134,63,9,510,1,129,285,11,426,305,263,348,20,936,40,0,40,976
05/31/2000,ANC,AK,AAL,WE,Combined TRACON& Tower with Radar,355,165,95,19,634,0,121,275,11,407,355,286,370,30,1041,16,0,16,1057
06/01/2000,ANC,AK,AAL,WE,Combined TRACON& Tower with Radar,358,155,68,16,597,0,186,413,12,611,358,341,481,28,1208,48,0,48,1256
06/02/2000,ANC,AK,AAL,WE,Combined TRACON& Tower with Radar,353,144,46,3,546,1,239,478,13,731,354,383,524,16,1277,34,0,34,1311
06/03/2000,ANC,AK,AAL,WE,Combined TRACON& Tower with Radar,0,0,0,0,0,352,316,608,15,1291,352,316,608,15,1291,64,0,64,1355
06/04/2000,ANC,AK,AAL,WE,Combined TRACON& Tower with Radar,314,76,43,1,434,0,200,561,0,761,314,276,604,1,1195,23,0,23,1218
06/05/2000,ANC,AK,AAL,WE,Combined TRACON& Tower with Radar,308,109,46,6,469,8,240,440,11,699,316,349,486,17,1168,32,0,32,1200
06/06/2000,ANC,AK,AAL,WE,Combined TRACON& Tower with Radar,325,141,58,16,540,0,195,342,20,557,325,336,400,36,1097,34,0,34,1131
06/07/2000,ANC,AK,AAL,WE,Combined TRACON& Tower with Radar,401,166,112,20,699,2,228,250,9,489,403,394,362,29,1188,34,0,34,1222
06/08/2000,ANC,AK,AAL,WE,Combined TRACON& Tower with Radar,378,148,72,11,609,0,225,334,20,579,378,373,406,31,1188,14,0,14,1202
06/09/2000,ANC,AK,AAL,WE,Combined TRACON& Tower with Radar,354,123,50,0,527,0,272,500,2,774,354,395,550,2,1301,12,0,12,1313
06/10/2000,ANC,AK,AAL,WE,Combined TRACON& Tower with Radar,360,121,73,0,554,0,247,396,0,643,360,368,469,0,1197,6,0,6,1203
06/11/2000,ANC,AK,AAL,WE,Combined TRACON& Tower with Radar,337,82,50,3,472,0,280,437,0,717,337,362,487,3,1189,32,0,32,1221
06/12/2000,ANC,AK,AAL,WE,Combined TRACON& Tower with Radar,330,120,67,1,518,0,248,401,14,663,330,368,468,15,1181,22,0,22,1203
06/13/2000,ANC,AK,AAL,WE,Combined TRACON& Tower with Radar,350,158,86,13,607,2,255,353,12,622,352,413,439,25,1229,15,0,15,1244
06/14/2000,ANC,AK,AAL,WE,Combined TRACON& Tower with Radar,397,162,71,6,636,0,242,290,6,538,397,404,361,12,1174,10,0,10,1184
06/15/2000,ANC,AK,AAL,WE,Combined TRACON& Tower with Radar,380,158,69,6,613,1,260,345,11,617,381,418,414,17,1230,6,0,6,1236
06/16/2000,ANC,AK,AAL,WE,Combined TRACON& Tower with Radar,365,176,63,5,609,20,302,445,8,775,385,478,508,13,1384,22,0,22,1406
06/17/2000,ANC,AK,AAL,WE,Combined TRACON& Tower with Radar,390,142,65,2,599,0,240,441,1,682,390,382,506,3,1281,32,0,32,1313
06/18/2000,ANC,AK,AAL,WE,Combined TRACON& Tower with Radar,334,135,41,0,510,0,286,424,3,713,334,421,465,3,1223,16,0,16,1239
06/19/2000,ANC,AK,AAL,WE,Combined TRACON& Tower with Radar,325,168,70,8,571,0,265,279,15,559,325,433,349,23,1130,16,0,16,1146
06/20/2000,ANC,AK,AAL,WE,Combined TRACON& Tower with Radar,343,157,67,14,581,0,259,318,8,585,343,416,385,22,1166,12,0,12,1178
06/21/2000,ANC,AK,AAL,WE,Combined TRACON& Tower with Radar,401,175,87,9,672,0,292,428,19,739,401,467,515,28,1411,24,0,24,1435
06/22/2000,ANC,AK,AAL,WE,Combined TRACON& Tower with Radar,381,167,68,7,623,0,234,481,11,726,381,401,549,18,1349,14,4,18,1367
06/23/2000,ANC,AK,AAL,WE,Combined TRACON& Tower with Radar,385,183,60,1,629,0,282,562,6,850,385,465,622,7,1479,38,0,38,1517
06/24/2000,ANC,AK,AAL,WE,Combined TRACON& Tower with Radar,382,154,56,1,593,0,235,569,0,804,382,389,625,1,1397,4,0,4,1401
06/25/2000,ANC,AK,AAL,WE,Combined TRACON& Tower with Radar,333,119,46,1,499,0,250,445,0,695,333,369,491,1,1194,35,0,35,1229
06/26/2000,ANC,AK,AAL,WE,Combined TRACON& Tower with Radar,314,146,72,9,541,1,236,400,14,651,315,382,472,23,1192,18,0,18,1210
06/27/2000,ANC,AK,AAL,WE,Combined TRACON& Tower with Radar,349,196,69,14,628,0,238,310,10,558,349,434,379,24,1186,24,2,26,1212
06/28/2000,ANC,AK,AAL,WE,Combined TRACON& Tower with Radar,397,211,91,18,717,0,224,374,11,609,397,435,465,29,1326,14,0,14,1340
06/29/2000,ANC,AK,AAL,WE,Combined TRACON& Tower with Radar,403,196,81,6,686,2,223,291,13,529,405,419,372,19,1215,10,0,10,1225
06/30/2000,ANC,AK,AAL,WE,Combined TRACON& Tower with Radar,379,191,97,7,674,12,272,472,12,768,391,463,569,19,1442,22,0,22,1464
07/01/2000,ANC,AK,AAL,WE,Combined TRACON& Tower with Radar,0,0,0,0,0,375,430,592,3,1400,375,430,592,3,1400,18,0,18,1418
07/02/2000,ANC,AK,AAL,WE,Combined TRACON& Tower with Radar,341,104,46,0,491,0,264,466,1,731,341,368,512,1,1222,0,0,0,1222
07/03/2000,ANC,AK,AAL,WE,Combined TRACON& Tower with Radar,344,142,54,1,541,0,252,435,0,687,344,394,489,1,1228,14,0,14,1242
07/04/2000,ANC,AK,AAL,WE,Combined TRACON& Tower with Radar,312,109,41,2,464,0,203,461,1,665,312,312,502,3,1129,0,0,0,1129
07/05/2000,ANC,AK,AAL,WE,Combined TRACON& Tower with Radar,354,182,57,8,601,0,173,253,11,437,354,355,310,19,1038,42,0,42,1080
07/06/2000,ANC,AK,AAL,WE,Combined TRACON& Tower with Radar,374,231,106,14,725,0,179,262,10,451,374,410,368,24,1176,26,0,26,1202
07/07/2000,ANC,AK,AAL,WE,Combined TRACON& Tower with Radar,397,229,105,2,733,0,228,410,27,665,397,457,515,29,1398,10,0,10,1408
07/08/2000,ANC,AK,AAL,WE,Combined TRACON& Tower with Radar,371,178,70,3,622,0,172,386,1,559,371,350,456,4,1181,26,0,26,1207
07/09/2000,ANC,AK,AAL,WE,Combined TRACON& Tower with Radar,349,137,71,3,560,0,192,297,2,491,349,329,368,5,1051,0,0,0,1051
07/10/2000,ANC,AK,AAL,WE,Combined TRACON& Tower with Radar,338,170,61,10,579,0,208,268,14,490,338,378,329,24,1069,16,0,16,1085
07/11/2000,ANC,AK,AAL,WE,Combined TRACON& Tower with Radar,374,201,116,9,700,0,198,325,18,541,374,399,441,27,1241,14,0,14,1255
07/12/2000,ANC,AK,AAL,WE,Combined TRACON& Tower with Radar,407,191,59,17,674,0,258,390,12,660,407,449,449,29,1334,42,4,46,1380
07/13/2000,ANC,AK,AAL,WE,Combined TRACON& Tower with Radar,376,201,78,8,663,0,151,264,12,427,376,352,342,20,1090,12,0,12,1102
07/14/2000,ANC,AK,AAL,WE,Combined TRACON& Tower with Radar,382,206,63,18,669,0,188,286,4,478,382,394,349,22,1147,18,0,18,1165
07/15/2000,ANC,AK,AAL,WE,Combined TRACON& Tower with Radar,385,183,62,2,632,0,213,304,1,518,385,396,366,3,1150,6,0,6,1156
07/16/2000,ANC,AK,AAL,WE,Combined TRACON& Tower with Radar,344,141,48,1,534,0,127,102,1,230,344,268,150,2,764,8,0,8,772
07/17/2000,ANC,AK,AAL,WE,Combined TRACON& Tower with Radar,335,185,60,1,581,0,214,202,18,434,335,399,262,19,1015,10,0,10,1025
07/18/2000,ANC,AK,AAL,WE,Combined TRACON& Tower with Radar,344,172,73,9,598,0,210,314,12,536,344,382,387,21,1134,10,0,10,1144
07/19/2000,ANC,AK,AAL,WE,Combined TRACON& Tower with Radar,404,199,97,11,711,1,225,338,21,585,405,424,435,32,1296,24,0,24,1320
07/20/2000,ANC,AK,AAL,WE,Combined TRACON& Tower with Radar,389,193,67,7,656,0,211,312,16,539,389,404,379,23,1195,56,0,56,1251
07/21/2000,ANC,AK,AAL,WE,Combined TRACON& Tower with Radar,395,232,63,11,701,0,164,252,0,416,395,396,315,11,1117,12,0,12,1129
07/22/2000,ANC,AK,AAL,WE,Combined TRACON& Tower with Radar,363,175,72,2,612,0,230,393,0,623,363,405,465,2,1235,2,0,2,1237
07/23/2000,ANC,AK,AAL,WE,Combined TRACON& Tower with Radar,358,124,36,0,518,13,234,550,0,797,371,358,586,0,1315,8,0,8,1323
07/24/2000,ANC,AK,AAL,WE,Combined TRACON& Tower with Radar,359,174,61,13,607,0,247,358,5,610,359,421,419,18,1217,4,0,4,1221
07/25/2000,ANC,AK,AAL,WE,Combined TRACON& Tower with Radar,364,175,79,3,621,0,216,443,12,671,364,391,522,15,1292,14,0,14,1306
07/26/2000,ANC,AK,AAL,WE,Combined TRACON& Tower with Radar,413,160,100,6,679,0,243,519,21,783,413,403,619,27,1462,28,0,28,1490
07/27/2000,ANC,AK,AAL,WE,Combined TRACON& Tower with Radar,390,159,65,4,618,0,262,462,13,737,390,421,527,17,1355,36,0,36,1391
07/28/2000,ANC,AK,AAL,WE,Combined TRACON& Tower with Radar,390,220,69,9,688,1,212,308,5,526,391,432,377,14,1214,12,2,14,1228
07/29/2000,ANC,AK,AAL,WE,Combined TRACON& Tower with Radar,396,161,42,1,600,0,214,262,4,480,396,375,304,5,1080,16,0,16,1096
07/30/2000,ANC,AK,AAL,WE,Combined TRACON& Tower with Radar,338,135,63,2,538,0,230,413,1,644,338,365,476,3,1182,18,0,18,1200
07/31/2000,ANC,AK,AAL,WE,Combined TRACON& Tower with Radar,371,170,78,9,628,2,174,226,11,413,373,344,304,20,1041,0,0,0,1041
08/01/2000,ANC,AK,AAL,WE,Combined TRACON& Tower with Radar,345,154,76,9,584,0,197,303,12,512,345,351,379,21,1096,12,0,12,1108
08/02/2000,ANC,AK,AAL,WE,Combined TRACON& Tower with Radar,419,187,38,9,653,0,170,132,4,306,419,357,170,13,959,0,0,0,959
08/03/2000,ANC,AK,AAL,WE,Combined TRACON& Tower with Radar,376,168,73,11,628,0,218,208,12,438,376,386,281,23,1066,0,0,0,1066
08/04/2000,ANC,AK,AAL,WE,Combined TRACON& Tower with Radar,383,216,98,14,711,0,177,284,4,465,383,393,382,18,1176,20,0,20,1196
08/05/2000,ANC,AK,AAL,WE,Combined TRACON& Tower with Radar,400,174,62,1,637,0,265,590,0,855,400,439,652,1,1492,32,0,32,1524
08/06/2000,ANC,AK,AAL,WE,Combined TRACON& Tower with Radar,333,107,78,8,526,0,246,557,21,824,333,353,635,29,1350,10,0,10,1360
08/07/2000,ANC,AK,AAL,WE,Combined TRACON& Tower with Radar,355,199,79,3,636,0,278,414,17,709,355,477,493,20,1345,30,0,30,1375
08/08/2000,ANC,AK,AAL,WE,Combined TRACON& Tower with Radar,357,143,68,3,571,1,233,515,10,759,358,376,583,13,1330,12,0,12,1342
08/09/2000,ANC,AK,AAL,WE,Combined TRACON& Tower with Radar,409,157,74,9,649,0,257,466,10,733,409,414,540,19,1382,24,0,24,1406
08/10/2000,ANC,AK,AAL,WE,Combined TRACON& Tower with Radar,392,151,64,5,612,0,257,459,10,726,392,408,523,15,1338,24,0,24,1362
08/11/2000,ANC,AK,AAL,WE,Combined TRACON& Tower with Radar,393,153,71,2,619,0,271,454,6,731,393,424,525,8,1350,26,0,26,1376
08/12/2000,ANC,AK,AAL,WE,Combined TRACON& Tower with Radar,386,137,59,0,582,1,295,537,0,833,387,432,596,0,1415,10,0,10,1425
08/13/2000,ANC,AK,AAL,WE,Combined TRACON& Tower with Radar,330,113,41,5,489,0,219,399,0,618,330,332,440,5,1107,18,0,18,1125
08/14/2000,ANC,AK,AAL,WE,Combined TRACON& Tower with Radar,338,146,59,4,547,1,240,330,10,581,339,386,389,14,1128,20,0,20,1148
08/15/2000,ANC,AK,AAL,WE,Combined TRACON& Tower with Radar,389,164,40,6,599,1,231,139,11,382,390,395,179,17,981,4,0,4,985
08/16/2000,ANC,AK,AAL,WE,Combined TRACON& Tower with Radar,428,179,87,10,704,2,262,464,7,735,430,441,551,17,1439,8,0,8,1447
08/17/2000,ANC,AK,AAL,WE,Combined TRACON& Tower with Radar,408,158,86,8,660,0,259,428,20,707,408,417,514,28,1367,16,0,16,1383
08/18/2000,ANC,AK,AAL,WE,Combined TRACON& Tower with Radar,398,174,73,6,651,0,236,351,10,597,398,410,424,16,1248,12,0,12,1260
08/19/2000,ANC,AK,AAL,WE,Combined TRACON& Tower with Radar,386,165,49,2,602,0,246,384,0,630,386,411,433,2,1232,18,0,18,1250
08/20/2000,ANC,AK,AAL,WE,Combined TRACON& Tower with Radar,344,137,85,1,567,0,180,313,0,493,344,317,398,1,1060,6,0,6,1066
08/21/2000,ANC,AK,AAL,WE,Combined TRACON& Tower with Radar,342,139,59,4,544,0,166,295,12,473,342,305,354,16,1017,18,0,18,1035
08/22/2000,ANC,AK,AAL,WE,Combined TRACON& Tower with Radar,356,156,50,5,567,1,189,338,12,540,357,345,388,17,1107,6,0,6,1113
08/23/2000,ANC,AK,AAL,WE,Combined TRACON& Tower with Radar,386,166,46,9,607,1,218,415,51,685,387,384,461,60,1292,2,0,2,1294
08/24/2000,ANC,AK,AAL,WE,Combined TRACON& Tower with Radar,392,174,62,15,643,2,216,328,15,561,394,390,390,30,1204,14,0,14,1218
08/25/2000,ANC,AK,AAL,WE,Combined TRACON& Tower with Radar,421,179,66,10,676,0,215,442,0,657,421,394,508,10,1333,20,0,20,1353
08/26/2000,ANC,AK,AAL,WE,Combined TRACON& Tower with Radar,407,121,50,0,578,6,226,503,0,735,413,347,553,0,1313,2,0,2,1315
08/27/2000,ANC,AK,AAL,WE,Combined TRACON& Tower with Radar,344,120,38,0,502,0,161,213,0,374,344,281,251,0,876,50,0,50,926
08/28/2000,ANC,AK,AAL,WE,Combined TRACON& Tower with Radar,349,229,112,15,705,0,112,158,4,274,349,341,270,19,979,8,0,8,987
08/29/2000,ANC,AK,AAL,WE,Combined TRACON& Tower with Radar,381,194,47,11,633,0,89,95,7,191,381,283,142,18,824,48,0,48,872
08/30/2000,ANC,AK,AAL,WE,Combined TRACON& Tower with Radar,432,160,71,8,671,4,250,375,7,636,436,410,446,15,1307,58,0,58,1365
08/31/2000,ANC,AK,AAL,WE,Combined TRACON& Tower with Radar,380,147,84,7,618,0,272,538,15,825,380,419,622,22,1443,48,0,48,1491
09/01/2000,ANC,AK,AAL,WE,Combined TRACON& Tower with Radar,394,200,63,4,661,0,119,221,3,343,394,319,284,7,1004,28,0,28,1032
09/02/2000,ANC,AK,AAL,WE,Combined TRACON& Tower with Radar,384,129,38,0,551,0,244,568,0,812,384,373,606,0,1363,8,0,8,1371
09/03/2000,ANC,AK,AAL,WE,Combined TRACON& Tower with Radar,325,103,57,1,486,1,205,371,1,578,326,308,428,2,1064,24,0,24,1088
09/04/2000,ANC,AK,AAL,WE,Combined TRACON& Tower with Radar,341,128,62,0,531,0,193,372,0,565,341,321,434,0,1096,18,0,18,1114
09/05/2000,ANC,AK,AAL,WE,Combined TRACON& Tower with Radar,345,147,72,3,567,1,127,210,13,351,346,274,282,16,918,28,0,28,946
09/06/2000,ANC,AK,AAL,WE,Combined TRACON& Tower with Radar,380,185,82,16,663,0,101,232,5,338,380,286,314,21,1001,26,0,26,1027
09/07/2000,ANC,AK,AAL,WE,Combined TRACON& Tower with Radar,378,166,55,7,606,1,148,371,16,536,379,314,426,23,1142,8,0,8,1150
09/08/2000,ANC,AK,AAL,WE,Combined TRACON& Tower with Radar,385,160,77,26,648,0,168,338,10,516,385,328,415,36,1164,20,0,20,1184
09/09/2000,ANC,AK,AAL,WE,Combined TRACON& Tower with Radar,389,121,51,0,561,1,189,559,5,754,390,310,610,5,1315,10,0,10,1325
09/10/2000,ANC,AK,AAL,WE,Combined TRACON& Tower with Radar,301,121,70,1,493,0,96,132,2,230,301,217,202,3,723,4,0,4,727
09/11/2000,ANC,AK,AAL,WE,Combined TRACON& Tower with Radar,312,184,85,9,590,0,130,238,7,375,312,314,323,16,965,22,0,22,987
09/12/2000,ANC,AK,AAL,WE,Combined TRACON& Tower with Radar,319,153,74,5,551,0,143,167,13,323,319,296,241,18,874,10,0,10,884
09/13/2000,ANC,AK,AAL,WE,Combined TRACON& Tower with Radar,357,169,72,5,603,0,119,229,6,354,357,288,301,11,957,52,0,52,1009
09/14/2000,ANC,AK,AAL,WE,Combined TRACON& Tower with Radar,372,155,77,5,609,0,184,365,9,558,372,339,442,14,1167,34,0,34,1201
09/15/2000,ANC,AK,AAL,WE,Combined TRACON& Tower with Radar,364,148,58,6,576,0,229,497,4,730,364,377,555,10,1306,74,0,74,1380
09/16/2000,ANC,AK,AAL,WE,Combined TRACON& Tower with Radar,351,113,32,2,498,0,186,422,0,608,351,299,454,2,1106,26,2,28,1134
09/17/2000,ANC,AK,AAL,WE,Combined TRACON& Tower with Radar,301,75,44,1,421,0,204,455,2,661,301,279,499,3,1082,16,0,16,1098
09/18/2000,ANC,AK,AAL,WE,Combined TRACON& Tower with Radar,304,126,48,9,487,14,196,354,9,573,318,322,402,18,1060,24,0,24,1084
09/19/2000,ANC,AK,AAL,WE,Combined TRACON& Tower with Radar,338,171,55,7,571,1,135,328,10,474,339,306,383,17,1045,14,0,14,1059
09/20/2000,ANC,AK,AAL,WE,Combined TRACON& Tower with Radar,377,149,63,4,593,0,131,329,14,474,377,280,392,18,1067,30,0,30,1097
09/21/2000,ANC,AK,AAL,WE,Combined TRACON& Tower with Radar,356,168,41,3,568,0,84,72,7,163,356,252,113,10,731,0,0,0,731
09/22/2000,ANC,AK,AAL,WE,Combined TRACON& Tower with Radar,364,146,64,6,580,0,149,272,6,427,364,295,336,12,1007,0,0,0,1007
09/23/2000,ANC,AK,AAL,WE,Combined TRACON& Tower with Radar,362,142,64,2,570,0,113,262,1,376,362,255,326,3,946,28,0,28,974
09/24/2000,ANC,AK,AAL,WE,Combined TRACON& Tower with Radar,312,152,89,9,562,0,61,69,0,130,312,213,158,9,692,18,0,18,710
09/25/2000,ANC,AK,AAL,WE,Combined TRACON& Tower with Radar,331,168,73,8,580,0,42,119,5,166,331,210,192,13,746,0,0,0,746
09/26/2000,ANC,AK,AAL,WE,Combined TRACON& Tower with Radar,331,166,61,8,566,1,164,410,8,583,332,330,471,16,1149,8,0,8,1157
09/27/2000,ANC,AK,AAL,WE,Combined TRACON& Tower with Radar,378,159,46,7,590,0,109,160,11,280,378,268,206,18,870,32,0,32,902
09/28/2000,ANC,AK,AAL,WE,Combined TRACON& Tower with Radar,366,148,55,5,574,1,138,258,7,404,367,286,313,12,978,22,0,22,1000
09/29/2000,ANC,AK,AAL,WE,Combined TRACON& Tower with Radar,371,140,78,5,594,0,195,502,8,705,371,335,580,13,1299,26,0,26,1325
09/30/2000,ANC,AK,AAL,WE,Combined TRACON& Tower with Radar,355,102,52,2,511,0,111,461,1,573,355,213,513,3,1084,44,0,44,1128
10/01/2000,ANC,AK,AAL,WE,Combined TRACON& Tower with Radar,287,74,45,1,407,1,182,422,0,605,288,256,467,1,1012,2,0,2,1014
10/02/2000,ANC,AK,AAL,WE,Combined TRACON& Tower with Radar,297,149,61,4,511,1,103,197,8,309,298,252,258,12,820,26,0,26,846
10/03/2000,ANC,AK,AAL,WE,Combined TRACON& Tower with Radar,328,153,61,13,555,7,125,208,2,342,335,278,269,15,897,18,0,18,915
10/04/2000,ANC,AK,AAL,WE,Combined TRACON& Tower with Radar,368,154,52,5,579,1,78,207,12,298,369,232,259,17,877,8,0,8,885
10/05/2000,ANC,AK,AAL,WE,Combined TRACON& Tower with Radar,337,174,37,17,565,1,31,77,3,112,338,205,114,20,677,0,0,0,677
10/06/2000,ANC,AK,AAL,WE,Combined TRACON& Tower with Radar,350,188,60,12,610,1,39,103,0,143,351,227,163,12,753,4,0,4,757
10/07/2000,ANC,AK,AAL,WE,Combined TRACON& Tower with Radar,331,96,42,1,470,1,73,264,0,338,332,169,306,1,808,12,0,12,820
10/08/2000,ANC,AK,AAL,WE,Combined TRACON& Tower with Radar,281,71,28,0,380,1,72,290,0,363,282,143,318,0,743,4,0,4,747
10/09/2000,ANC,AK,AAL,WE,Combined TRACON& Tower with Radar,298,118,40,1,457,1,70,237,0,308,299,188,277,1,765,22,0,22,787
10/10/2000,ANC,AK,AAL,WE,Combined TRACON& Tower with Radar,298,152,36,16,502,1,50,70,6,127,299,202,106,22,629,6,0,6,635
10/11/2000,ANC,AK,AAL,WE,Combined TRACON& Tower with Radar,357,141,31,8,537,1,106,237,11,355,358,247,268,19,892,42,0,42,934
10/12/2000,ANC,AK,AAL,WE,Combined TRACON& Tower with Radar,339,152,42,14,547,2,94,194,11,301,341,246,236,25,848,22,4,26,874
10/13/2000,ANC,AK,AAL,WE,Combined TRACON& Tower with Radar,347,152,63,16,578,2,89,177,10,278,349,241,240,26,856,22,0,22,878
10/14/2000,ANC,AK,AAL,WE,Combined TRACON& Tower with Radar,362,122,35,6,525,1,56,177,1,235,363,178,212,7,760,18,0,18,778
10/15/2000,ANC,AK,AAL,WE,Combined TRACON& Tower with Radar,309,83,43,4,439,1,51,216,4,272,310,134,259,8,711,46,0,46,757
10/16/2000,ANC,AK,AAL,WE,Combined TRACON& Tower with Radar,297,119,43,9,468,1,74,158,10,243,298,193,201,19,711,18,0,18,729
10/17/2000,ANC,AK,AAL,WE,Combined TRACON& Tower with Radar,313,152,45,5,515,3,96,144,10,253,316,248,189,15,768,26,0,26,794
10/18/2000,ANC,AK,AAL,WE,Combined TRACON& Tower with Radar,357,134,37,5,533,1,76,178,7,262,358,210,215,12,795,6,0,6,801
10/19/2000,ANC,AK,AAL,WE,Combined TRACON& Tower with Radar,339,143,46,13,541,1,89,181,4,275,340,232,227,17,816,14,0,14,830
10/20/2000,ANC,AK,AAL,WE,Combined TRACON& Tower with Radar,358,139,61,8,566,1,107,176,0,284,359,246,237,8,850,4,0,4,854
10/21/2000,ANC,AK,AAL,WE,Combined TRACON& Tower with Radar,338,92,33,2,465,1,66,164,0,231,339,158,197,2,696,40,0,40,736
10/22/2000,ANC,AK,AAL,WE,Combined TRACON& Tower with Radar,307,97,48,3,455,1,16,33,0,50,308,113,81,3,505,10,0,10,515
10/23/2000,ANC,AK,AAL,WE,Combined TRACON& Tower with Radar,290,120,39,6,455,0,48,67,12,127,290,168,106,18,582,6,0,6,588
10/24/2000,ANC,AK,AAL,WE,Combined TRACON& Tower with Radar,338,165,31,13,547,0,37,42,4,83,338,202,73,17,630,6,0,6,636
10/25/2000,ANC,AK,AAL,WE,Combined TRACON& Tower with Radar,368,151,37,6,562,0,56,89,8,153,368,207,126,14,715,24,0,24,739
10/26/2000,ANC,AK,AAL,WE,Combined TRACON& Tower with Radar,366,162,42,5,575,0,51,139,7,197,366,213,181,12,772,0,0,0,772
10/27/2000,ANC,AK,AAL,WE,Combined TRACON& Tower with Radar,355,152,35,4,546,0,91,173,1,265,355,243,208,5,811,40,0,40,851
10/28/2000,ANC,AK,AAL,WE,Combined TRACON& Tower with Radar,361,124,41,1,527,0,48,179,1,228,361,172,220,2,755,4,0,4,759
10/29/2000,ANC,AK,AAL,WE,Combined TRACON& Tower with Radar,286,77,31,0,394,0,36,85,0,121,286,113,116,0,515,20,0,20,535
10/30/2000,ANC,AK,AAL,WE,Combined TRACON& Tower with Radar,300,145,42,19,506,0,5,25,3,33,300,150,67,22,539,0,0,0,539
10/31/2000,ANC,AK,AAL,WE,Combined TRACON& Tower with Radar,327,168,37,18,550,0,12,41,25,78,327,180,78,43,628,20,0,20,648
11/01/2000,ANC,AK,AAL,WE,Combined TRACON& Tower with Radar,343,168,41,1,553,2,41,90,10,143,345,209,131,11,696,14,0,14,710
11/02/2000,ANC,AK,AAL,WE,Combined TRACON& Tower with Radar,359,158,35,6,558,0,36,67,8,111,359,194,102,14,669,4,0,4,673
11/03/2000,ANC,AK,AAL,WE,Combined TRACON& Tower with Radar,329,159,61,9,558,2,61,115,17,195,331,220,176,26,753,6,0,6,759
11/04/2000,ANC,AK,AAL,WE,Combined TRACON& Tower with Radar,372,108,32,2,514,1,46,70,0,117,373,154,102,2,631,8,0,8,639
11/05/2000,ANC,AK,AAL,WE,Combined TRACON& Tower with Radar,309,104,31,4,448,2,32,79,3,116,311,136,110,7,564,38,0,38,602
11/06/2000,ANC,AK,AAL,WE,Combined TRACON& Tower with Radar,290,117,41,31,479,1,40,67,11,119,291,157,108,42,598,0,0,0,598
11/07/2000,ANC,AK,AAL,WE,Combined TRACON& Tower with Radar,378,142,58,13,591,5,53,89,13,160,383,195,147,26,751,10,0,10,761
11/08/2000,ANC,AK,AAL,WE,Combined TRACON& Tower with Radar,353,151,34,7,545,16,61,70,11,158,369,212,104,18,703,34,0,34,737
11/09/2000,ANC,AK,AAL,WE,Combined TRACON& Tower with Radar,340,156,32,1,529,2,34,49,0,85,342,190,81,1,614,12,0,12,626
11/10/2000,ANC,AK,AAL,WE,Combined TRACON& Tower with Radar,346,169,36,3,554,1,20,33,0,54,347,189,69,3,608,0,0,0,608
11/11/2000,ANC,AK,AAL,WE,Combined TRACON& Tower with Radar,332,85,29,1,447,1,41,60,2,104,333,126,89,3,551,0,0,0,551
11/12/2000,ANC,AK,AAL,WE,Combined TRACON& Tower with Radar,286,97,27,1,411,1,24,82,0,107,287,121,109,1,518,0,0,0,518
11/13/2000,ANC,AK,AAL,WE,Combined TRACON& Tower with Radar,248,132,27,4,411,2,25,26,4,57,250,157,53,8,468,6,0,6,474
11/14/2000,ANC,AK,AAL,WE,Combined TRACON& Tower with Radar,331,159,44,18,552,0,33,81,8,122,331,192,125,26,674,14,4,18,692
11/15/2000,ANC,AK,AAL,WE,Combined TRACON& Tower with Radar,362,164,44,13,583,2,59,93,11,165,364,223,137,24,748,18,0,18,766
11/16/2000,ANC,AK,AAL,WE,Combined TRACON& Tower with Radar,366,183,40,7,596,0,54,62,7,123,366,237,102,14,719,24,0,24,743
11/17/2000,ANC,AK,AAL,WE,Combined TRACON& Tower with Radar,344,169,46,5,564,0,32,70,6,108,344,201,116,11,672,0,0,0,672
11/18/2000,ANC,AK,AAL,WE,Combined TRACON& Tower with Radar,345,107,21,3,476,0,31,77,0,108,345,138,98,3,584,8,0,8,592
11/19/2000,ANC,AK,AAL,WE,Combined TRACON& Tower with Radar,272,81,16,2,371,0,11,21,4,36,272,92,37,6,407,0,0,0,407
11/20/2000,ANC,AK,AAL,WE,Combined TRACON& Tower with Radar,300,125,35,15,475,0,39,58,8,105,300,164,93,23,580,16,0,16,596
11/21/2000,ANC,AK,AAL,WE,Combined TRACON& Tower with Radar,353,185,56,18,612,0,44,76,10,130,353,229,132,28,742,36,0,36,778
11/22/2000,ANC,AK,AAL,WE,Combined TRACON& Tower with Radar,353,153,44,7,557,0,51,113,4,168,353,204,157,11,725,6,0,6,731
11/23/2000,ANC,AK,AAL,WE,Combined TRACON& Tower with Radar,259,52,19,0,330,0,26,70,0,96,259,78,89,0,426,20,0,20,446
11/24/2000,ANC,AK,AAL,WE,Combined TRACON& Tower with Radar,289,125,27,0,441,0,36,129,0,165,289,161,156,0,606,10,0,10,616
11/25/2000,ANC,AK,AAL,WE,Combined TRACON& Tower with Radar,301,108,41,3,453,0,49,165,0,214,301,157,206,3,667,72,0,72,739
11/26/2000,ANC,AK,AAL,WE,Combined TRACON& Tower with Radar,283,79,26,0,388,0,24,146,1,171,283,103,172,1,559,28,0,28,587
11/27/2000,ANC,AK,AAL,WE,Combined TRACON& Tower with Radar,268,133,56,13,470,0,28,84,14,126,268,161,140,27,596,10,0,10,606
11/28/2000,ANC,AK,AAL,WE,Combined TRACON& Tower with Radar,329,150,51,4,534,0,32,55,4,91,329,182,106,8,625,54,0,54,679
11/29/2000,ANC,AK,AAL,WE,Combined TRACON& Tower with Radar,332,171,49,7,559,0,30,33,6,69,332,201,82,13,628,6,0,6,634
11/30/2000,ANC,AK,AAL,WE,Combined TRACON& Tower with Radar,329,194,48,11,582,0,9,18,2,29,329,203,66,13,611,4,0,4,615
12/01/2000,ANC,AK,AAL,WE,Combined TRACON& Tower with Radar,324,138,42,7,511,1,74,92,8,175,325,212,134,15,686,0,0,0,686
12/02/2000,ANC,AK,AAL,WE,Combined TRACON& Tower with Radar,312,133,63,5,513,2,13,33,0,48,314,146,96,5,561,12,0,12,573
12/03/2000,ANC,AK,AAL,WE,Combined TRACON& Tower with Radar,292,87,20,6,405,1,53,50,3,107,293,140,70,9,512,24,0,24,536
12/04/2000,ANC,AK,AAL,WE,Combined TRACON& Tower with Radar,265,148,57,33,503,0,32,75,16,123,265,180,132,49,626,0,0,0,626
12/05/2000,ANC,AK,AAL,WE,Combined TRACON& Tower with Radar,316,151,49,20,536,1,26,41,31,99,317,177,90,51,635,0,0,0,635
12/06/2000,ANC,AK,AAL,WE,Combined TRACON& Tower with Radar,340,147,71,19,577,0,52,47,10,109,340,199,118,29,686,14,0,14,700
12/07/2000,ANC,AK,AAL,WE,Combined TRACON& Tower with Radar,327,194,40,20,581,0,13,14,4,31,327,207,54,24,612,18,0,18,630
12/08/2000,ANC,AK,AAL,WE,Combined TRACON& Tower with Radar,336,180,48,1,565,0,0,0,3,3,336,180,48,4,568,0,0,0,568
12/09/2000,ANC,AK,AAL,WE,Combined TRACON& Tower with Radar,320,131,42,2,495,0,0,5,0,5,320,131,47,2,500,0,0,0,500
12/10/2000,ANC,AK,AAL,WE,Combined TRACON& Tower with Radar,304,100,28,2,434,0,19,92,3,114,304,119,120,5,548,18,0,18,566
12/11/2000,ANC,AK,AAL,WE,Combined TRACON& Tower with Radar,253,148,46,26,473,0,44,62,16,122,253,192,108,42,595,16,0,16,611
12/12/2000,ANC,AK,AAL,WE,Combined TRACON& Tower with Radar,295,140,86,16,537,0,51,66,20,137,295,191,152,36,674,4,0,4,678
12/13/2000,ANC,AK,AAL,WE,Combined TRACON& Tower with Radar,335,149,32,6,522,0,64,81,19,164,335,213,113,25,686,6,0,6,692
12/14/2000,ANC,AK,AAL,WE,Combined TRACON& Tower with Radar,335,184,48,7,574,19,53,93,7,172,354,237,141,14,746,0,0,0,746
12/15/2000,ANC,AK,AAL,WE,Combined TRACON& Tower with Radar,352,158,38,10,558,9,42,64,0,115,361,200,102,10,673,18,0,18,691
12/16/2000,ANC,AK,AAL,WE,Combined TRACON& Tower with Radar,337,141,46,0,524,0,37,126,0,163,337,178,172,0,687,10,0,10,697
12/17/2000,ANC,AK,AAL,WE,Combined TRACON& Tower with Radar,294,86,33,1,414,0,15,29,0,44,294,101,62,1,458,4,0,4,462
12/18/2000,ANC,AK,AAL,WE,Combined TRACON& Tower with Radar,268,157,40,2,467,0,30,31,10,71,268,187,71,12,538,0,2,2,540
12/19/2000,ANC,AK,AAL,WE,Combined TRACON& Tower with Radar,299,170,39,4,512,0,42,56,5,103,299,212,95,9,615,6,0,6,621
12/20/2000,ANC,AK,AAL,WE,Combined TRACON& Tower with Radar,322,176,40,8,546,0,47,48,6,101,322,223,88,14,647,0,0,0,647
12/21/2000,ANC,AK,AAL,WE,Combined TRACON& Tower with Radar,334,155,51,10,550,1,52,104,8,165,335,207,155,18,715,12,0,12,727
12/22/2000,ANC,AK,AAL,WE,Combined TRACON& Tower with Radar,320,150,29,3,502,1,71,92,2,166,321,221,121,5,668,38,0,38,706
12/23/2000,ANC,AK,AAL,WE,Combined TRACON& Tower with Radar,319,118,15,2,454,0,28,91,0,119,319,146,106,2,573,10,0,10,583
12/24/2000,ANC,AK,AAL,WE,Combined TRACON& Tower with Radar,259,69,9,1,338,0,13,65,0,78,259,82,74,1,416,0,0,0,416
12/25/2000,ANC,AK,AAL,WE,Combined TRACON& Tower with Radar,193,18,8,0,219,0,15,30,1,46,193,33,38,1,265,0,0,0,265
12/26/2000,ANC,AK,AAL,WE,Combined TRACON& Tower with Radar,243,124,25,10,402,1,52,73,17,143,244,176,98,27,545,0,0,0,545
12/27/2000,ANC,AK,AAL,WE,Combined TRACON& Tower with Radar,274,140,27,4,445,0,58,93,14,165,274,198,120,18,610,20,0,20,630
12/28/2000,ANC,AK,AAL,WE,Combined TRACON& Tower with Radar,310,164,27,6,507,0,41,56,8,105,310,205,83,14,612,6,0,6,618
12/29/2000,ANC,AK,AAL,WE,Combined TRACON& Tower with Radar,299,173,24,3,499,4,42,72,0,118,303,215,96,3,617,10,0,10,627
12/30/2000,ANC,AK,AAL,WE,Combined TRACON& Tower with Radar,273,118,34,1,426,0,26,68,0,94,273,144,102,1,520,0,0,0,520
12/31/2000,ANC,AK,AAL,WE,Combined TRACON& Tower with Radar,219,65,7,0,291,0,34,119,0,153,219,99,126,0,444,12,0,12,456
01/01/2001,ANC,AK,AAL,WE,Combined TRACON& Tower with Radar,184,28,10,0,222,1,4,82,0,87,185,32,92,0,309,34,0,34,343
01/02/2001,ANC,AK,AAL,WE,Combined TRACON& Tower with Radar,175,137,42,4,358,0,42,50,9,101,175,179,92,13,459,0,4,4,463
01/03/2001,ANC,AK,AAL,WE,Combined TRACON& Tower with Radar,230,150,43,6,429,0,37,56,18,111,230,187,99,24,540,0,0,0,540
01/04/2001,ANC,AK,AAL,WE,Combined TRACON& Tower with Radar,235,194,65,16,510,0,10,21,0,31,235,204,86,16,541,0,0,0,541
01/05/2001,ANC,AK,AAL,WE,Combined TRACON& Tower with Radar,279,178,54,20,531,1,30,93,5,129,280,208,147,25,660,14,0,14,674
01/06/2001,ANC,AK,AAL,WE,Combined TRACON& Tower with Radar,289,103,39,8,439,0,26,78,0,104,289,129,117,8,543,0,0,0,543
01/07/2001,ANC,AK,AAL,WE,Combined TRACON& Tower with Radar,209,93,11,3,316,0,15,16,3,34,209,108,27,6,350,0,0,0,350
01/08/2001,ANC,AK,AAL,WE,Combined TRACON& Tower with Radar,205,138,64,8,415,0,15,34,56,105,205,153,98,64,520,0,0,0,520
01/09/2001,ANC,AK,AAL,WE,Combined TRACON& Tower with Radar,262,190,49,3,504,0,4,3,5,12,262,194,52,8,516,8,0,8,524
01/10/2001,ANC,AK,AAL,WE,Combined TRACON& Tower with Radar,301,171,47,10,529,0,56,82,27,165,301,227,129,37,694,22,0,22,716
01/11/2001,ANC,AK,AAL,WE,Combined TRACON& Tower with Radar,301,164,30,7,502,0,31,38,16,85,301,195,68,23,587,32,0,32,619
01/12/2001,ANC,AK,AAL,WE,Combined TRACON& Tower with Radar,328,184,38,16,566,0,30,68,2,100,328,214,106,18,666,24,0,24,690
01/13/2001,ANC,AK,AAL,WE,Combined TRACON& Tower with Radar,300,116,24,3,443,0,24,97,2,123,300,140,121,5,566,27,0,27,593
01/14/2001,ANC,AK,AAL,WE,Combined TRACON& Tower with Radar,247,102,9,2,360,0,8,32,1,41,247,110,41,3,401,72,0,72,473
01/15/2001,ANC,AK,AAL,WE,Combined TRACON& Tower with Radar,222,110,15,1,348,6,24,15,0,45,228,134,30,1,393,0,0,0,393
01/16/2001,ANC,AK,AAL,WE,Combined TRACON& Tower with Radar,262,145,44,14,465,0,58,112,10,180,262,203,156,24,645,18,0,18,663
01/17/2001,ANC,AK,AAL,WE,Combined TRACON& Tower with Radar,296,168,35,7,506,0,27,29,11,67,296,195,64,18,573,0,0,0,573
01/18/2001,ANC,AK,AAL,WE,Combined TRACON& Tower with Radar,319,220,34,5,578,0,0,32,39,71,319,220,66,44,649,36,0,36,685
01/19/2001,ANC,AK,AAL,WE,Combined TRACON& Tower with Radar,302,180,38,6,526,2,41,27,21,91,304,221,65,27,617,0,0,0,617
01/20/2001,ANC,AK,AAL,WE,Combined TRACON& Tower with Radar,307,124,38,3,472,0,30,86,3,119,307,154,124,6,591,16,0,16,607
01/21/2001,ANC,AK,AAL,WE,Combined TRACON& Tower with Radar,249,102,14,0,365,0,7,77,2,86,249,109,91,2,451,32,0,32,483
01/22/2001,ANC,AK,AAL,WE,Combined TRACON& Tower with Radar,242,144,58,5,449,0,23,31,8,62,242,167,89,13,511,0,0,0,511
01/23/2001,ANC,AK,AAL,WE,Combined TRACON& Tower with Radar,293,174,24,11,502,0,21,32,6,59,293,195,56,17,561,0,0,0,561
01/24/2001,ANC,AK,AAL,WE,Combined TRACON& Tower with Radar,279,161,35,7,482,0,31,63,23,117,279,192,98,30,599,8,0,8,607
01/25/2001,ANC,AK,AAL,WE,Combined TRACON& Tower with Radar,286,158,61,15,520,13,61,103,33,210,299,219,164,48,730,20,1,21,751
01/26/2001,ANC,AK,AAL,WE,Combined TRACON& Tower with Radar,269,170,30,8,477,0,41,49,16,106,269,211,79,24,583,22,0,22,605
01/27/2001,ANC,AK,AAL,WE,Combined TRACON& Tower with Radar,250,119,20,0,389,0,18,97,6,121,250,137,117,6,510,66,0,66,576
01/28/2001,ANC,AK,AAL,WE,Combined TRACON& Tower with Radar,186,96,26,4,312,27,0,0,0,27,213,96,26,4,339,0,0,0,339
01/29/2001,ANC,AK,AAL,WE,Combined TRACON& Tower with Radar,218,138,34,7,397,0,45,95,18,158,218,183,129,25,555,2,0,2,557
01/30/2001,ANC,AK,AAL,WE,Combined TRACON& Tower with Radar,251,159,39,20,469,0,30,42,6,78,251,189,81,26,547,0,0,0,547
01/31/2001,ANC,AK,AAL,WE,Combined TRACON& Tower with Radar,294,164,32,17,507,0,6,16,40,62,294,170,48,57,569,0,0,0,569
02/01/2001,ANC,AK,AAL,WE,Combined TRACON& Tower with Radar,268,168,18,10,464,3,44,37,33,117,271,212,55,43,581,0,0,0,581
02/02/2001,ANC,AK,AAL,WE,Combined TRACON& Tower with Radar,287,156,51,9,503,0,37,116,48,201,287,193,167,57,704,0,0,0,704
02/03/2001,ANC,AK,AAL,WE,Combined TRACON& Tower with Radar,271,119,25,3,418,0,17,129,4,150,271,136,154,7,568,52,0,52,620
02/04/2001,ANC,AK,AAL,WE,Combined TRACON& Tower with Radar,237,93,26,6,362,0,16,84,9,109,237,109,110,15,471,2,0,2,473
02/05/2001,ANC,AK,AAL,WE,Combined TRACON& Tower with Radar,214,141,36,9,400,7,44,98,7,156,221,185,134,16,556,10,0,10,566
02/06/2001,ANC,AK,AAL,WE,Combined TRACON& Tower with Radar,250,153,48,9,460,0,28,33,4,65,250,181,81,13,525,10,0,10,535
02/07/2001,ANC,AK,AAL,WE,Combined TRACON& Tower with Radar,303,174,47,15,539,0,19,50,38,107,303,193,97,53,646,0,0,0,646
02/08/2001,ANC,AK,AAL,WE,Combined TRACON& Tower with Radar,278,185,52,9,524,0,5,12,36,53,278,190,64,45,577,0,0,0,577
02/09/2001,ANC,AK,AAL,WE,Combined TRACON& Tower with Radar,306,155,97,4,562,0,26,40,22,88,306,181,137,26,650,0,0,0,650
02/10/2001,ANC,AK,AAL,WE,Combined TRACON& Tower with Radar,279,131,59,10,479,0,17,32,6,55,279,148,91,16,534,30,0,30,564
02/11/2001,ANC,AK,AAL,WE,Combined TRACON& Tower with Radar,256,98,15,2,371,0,0,3,1,4,256,98,18,3,375,4,0,4,379
02/12/2001,ANC,AK,AAL,WE,Combined TRACON& Tower with Radar,228,147,23,6,404,0,11,20,3,34,228,158,43,9,438,0,0,0,438
02/13/2001,ANC,AK,AAL,WE,Combined TRACON& Tower with Radar,248,164,51,10,473,0,39,92,22,153,248,203,143,32,626,14,0,14,640
02/14/2001,ANC,AK,AAL,WE,Combined TRACON& Tower with Radar,293,154,37,16,500,0,43,85,34,162,293,197,122,50,662,14,0,14,676
02/15/2001,ANC,AK,AAL,WE,Combined TRACON& Tower with Radar,306,208,60,13,587,0,54,102,35,191,306,262,162,48,778,10,0,10,788
02/16/2001,ANC,AK,AAL,WE,Combined TRACON& Tower with Radar,292,166,30,0,488,0,35,88,21,144,292,201,118,21,632,2,0,2,634
02/17/2001,ANC,AK,AAL,WE,Combined TRACON& Tower with Radar,295,131,18,1,445,0,74,182,4,260,295,205,200,5,705,6,0,6,711
02/18/2001,ANC,AK,AAL,WE,Combined TRACON& Tower with Radar,250,102,25,0,377,0,36,198,4,238,250,138,223,4,615,20,0,20,635
02/19/2001,ANC,AK,AAL,WE,Combined TRACON& Tower with Radar,233,166,31,1,431,0,57,105,0,162,233,223,136,1,593,8,0,8,601
02/20/2001,ANC,AK,AAL,WE,Combined TRACON& Tower with Radar,260,147,34,13,454,0,41,70,11,122,260,188,104,24,576,0,0,0,576
02/21/2001,ANC,AK,AAL,WE,Combined TRACON& Tower with Radar,313,180,58,8,559,0,4,13,39,56,313,184,71,47,615,0,0,0,615
02/22/2001,ANC,AK,AAL,WE,Combined TRACON& Tower with Radar,309,205,46,6,566,0,8,12,18,38,309,213,58,24,604,0,0,0,604
02/23/2001,ANC,AK,AAL,WE,Combined TRACON& Tower with Radar,303,194,47,6,550,0,22,63,14,99,303,216,110,20,649,14,0,14,663
02/24/2001,ANC,AK,AAL,WE,Combined TRACON& Tower with Radar,288,111,26,1,426,2,41,180,9,232,290,152,206,10,658,26,0,26,684
02/25/2001,ANC,AK,AAL,WE,Combined TRACON& Tower with Radar,267,82,17,2,368,0,13,89,5,107,267,95,106,7,475,2,0,2,477
02/26/2001,ANC,AK,AAL,WE,Combined TRACON& Tower with Radar,228,132,21,7,388,0,44,51,7,102,228,176,72,14,490,6,0,6,496
02/27/2001,ANC,AK,AAL,WE,Combined TRACON& Tower with Radar,283,179,36,15,513,0,27,52,14,93,283,206,88,29,606,20,0,20,626
02/28/2001,ANC,AK,AAL,WE,Combined TRACON& Tower with Radar,293,178,41,17,529,1,32,119,19,171,294,210,160,36,700,0,0,0,700
03/01/2001,ANC,AK,AAL,WE,Combined TRACON& Tower with Radar,328,187,45,7,567,0,25,100,14,139,328,212,145,21,706,0,0,0,706
03/02/2001,ANC,AK,AAL,WE,Combined TRACON& Tower with Radar,323,171,49,6,549,0,64,182,4,250,323,235,231,10,799,26,0,26,825
03/03/2001,ANC,AK,AAL,WE,Combined TRACON& Tower with Radar,290,83,25,0,398,0,82,284,10,376,290,165,309,10,774,58,0,58,832
03/04/2001,ANC,AK,AAL,WE,Combined TRACON& Tower with Radar,264,59,34,1,358,0,84,216,2,302,264,143,250,3,660,10,0,10,670
03/05/2001,ANC,AK,AAL,WE,Combined TRACON& Tower with Radar,242,147,33,9,431,0,64,154,20,238,242,211,187,29,669,12,0,12,681
03/06/2001,ANC,AK,AAL,WE,Combined TRACON& Tower with Radar,266,181,38,4,489,0,54,128,12,194,266,235,166,16,683,15,0,15,698
03/07/2001,ANC,AK,AAL,WE,Combined TRACON& Tower with Radar,313,178,47,16,554,3,159,118,30,310,316,337,165,46,864,0,0,0,864
03/08/2001,ANC,AK,AAL,WE,Combined TRACON& Tower with Radar,298,158,51,8,515,7,33,118,34,192,305,191,169,42,707,36,0,36,743
03/09/2001,ANC,AK,AAL,WE,Combined TRACON& Tower with Radar,327,187,43,1,558,0,13,17,2,32,327,200,60,3,590,0,0,0,590
03/10/2001,ANC,AK,AAL,WE,Combined TRACON& Tower with Radar,286,119,32,2,439,0,35,149,2,186,286,154,181,4,625,12,0,12,637
03/11/2001,ANC,AK,AAL,WE,Combined TRACON& Tower with Radar,268,84,26,0,378,0,11,51,2,64,268,95,77,2,442,4,0,4,446
03/12/2001,ANC,AK,AAL,WE,Combined TRACON& Tower with Radar,251,144,58,6,459,0,48,91,6,145,251,192,149,12,604,52,0,52,656
03/13/2001,ANC,AK,AAL,WE,Combined TRACON& Tower with Radar,293,133,58,1,485,0,61,181,17,259,293,194,239,18,744,30,0,30,774
03/14/2001,ANC,AK,AAL,WE,Combined TRACON& Tower with Radar,302,161,39,11,513,0,40,119,35,194,302,201,158,46,707,26,0,26,733
03/15/2001,ANC,AK,AAL,WE,Combined TRACON& Tower with Radar,317,175,48,13,553,0,58,154,46,258,317,233,202,59,811,6,0,6,817
03/16/2001,ANC,AK,AAL,WE,Combined TRACON& Tower with Radar,309,166,48,2,525,0,65,147,18,230,309,231,195,20,755,20,0,20,775
03/17/2001,ANC,AK,AAL,WE,Combined TRACON& Tower with Radar,297,84,23,3,407,11,52,293,6,362,308,136,316,9,769,88,0,88,857
03/18/2001,ANC,AK,AAL,WE,Combined TRACON& Tower with Radar,271,78,38,0,387,2,46,104,3,155,273,124,142,3,542,0,0,0,542
03/19/2001,ANC,AK,AAL,WE,Combined TRACON& Tower with Radar,240,116,31,0,387,1,54,53,17,125,241,170,84,17,512,4,0,4,516
03/20/2001,ANC,AK,AAL,WE,Combined TRACON& Tower with Radar,274,158,56,3,491,0,55,121,12,188,274,213,177,15,679,16,0,16,695
03/21/2001,ANC,AK,AAL,WE,Combined TRACON& Tower with Radar,306,142,48,6,502,2,81,123,20,226,308,223,171,26,728,18,0,18,746
03/22/2001,ANC,AK,AAL,WE,Combined TRACON& Tower with Radar,325,138,68,6,537,0,69,74,19,162,325,207,142,25,699,0,0,0,699
03/23/2001,ANC,AK,AAL,WE,Combined TRACON& Tower with Radar,307,159,59,15,540,0,87,116,2,205,307,246,175,17,745,0,0,0,745
03/24/2001,ANC,AK,AAL,WE,Combined TRACON& Tower with Radar,305,105,34,10,454,0,27,117,6,150,305,132,151,16,604,38,0,38,642
03/25/2001,ANC,AK,AAL,WE,Combined TRACON& Tower with Radar,256,79,34,5,374,0,28,88,6,122,256,107,122,11,496,10,0,10,506
03/26/2001,ANC,AK,AAL,WE,Combined TRACON& Tower with Radar,246,127,59,1,433,0,47,126,8,181,246,174,185,9,614,6,0,6,620
03/27/2001,ANC,AK,AAL,WE,Combined TRACON& Tower with Radar,273,156,37,0,466,0,53,107,8,168,273,209,144,8,634,10,0,10,644
03/28/2001,ANC,AK,AAL,WE,Combined TRACON& Tower with Radar,309,161,47,15,532,0,44,102,15,161,309,205,149,30,693,10,0,10,703
03/29/2001,ANC,AK,AAL,WE,Combined TRACON& Tower with Radar,311,189,42,13,555,0,12,4,23,39,311,201,46,36,594,2,0,2,596
03/30/2001,ANC,AK,AAL,WE,Combined TRACON& Tower with Radar,317,208,52,6,583,0,2,3,10,15,317,210,55,16,598,0,0,0,598
03/31/2001,ANC,AK,AAL,WE,Combined TRACON& Tower with Radar,280,135,42,1,458,47,22,294,0,363,327,157,336,1,821,30,0,30,851
04/01/2001,ANC,AK,AAL,WE,Combined TRACON& Tower with Radar,272,89,41,1,403,1,43,247,3,294,273,132,288,4,697,24,0,24,721
04/02/2001,ANC,AK,AAL,WE,Combined TRACON& Tower with Radar,244,121,43,3,411,0,28,98,7,133,244,149,141,10,544,4,0,4,548
04/03/2001,ANC,AK,AAL,WE,Combined TRACON& Tower with Radar,280,161,31,8,480,0,11,19,4,34,280,172,50,12,514,0,0,0,514
04/04/2001,ANC,AK,AAL,WE,Combined TRACON& Tower with Radar,311,178,44,14,547,0,41,48,18,107,311,219,92,32,654,0,0,0,654
04/05/2001,ANC,AK,AAL,WE,Combined TRACON& Tower with Radar,315,161,55,14,545,2,93,161,27,283,317,254,216,41,828,20,0,20,848
04/06/2001,ANC,AK,AAL,WE,Combined TRACON& Tower with Radar,306,174,68,11,559,0,26,36,7,69,306,200,104,18,628,8,0,8,636
04/07/2001,ANC,AK,AAL,WE,Combined TRACON& Tower with Radar,288,114,43,0,445,1,33,197,2,233,289,147,240,2,678,38,0,38,716
04/08/2001,ANC,AK,AAL,WE,Combined TRACON& Tower with Radar,275,98,42,4,419,4,19,232,6,261,279,117,274,10,680,78,0,78,758
04/09/2001,ANC,AK,AAL,WE,Combined TRACON& Tower with Radar,231,129,52,7,419,1,60,177,12,250,232,189,229,19,669,22,0,22,691
04/10/2001,ANC,AK,AAL,WE,Combined TRACON& Tower with Radar,267,172,37,8,484,0,35,53,9,97,267,207,90,17,581,14,0,14,595
04/11/2001,ANC,AK,AAL,WE,Combined TRACON& Tower with Radar,304,153,27,8,492,0,51,59,18,128,304,204,86,26,620,0,0,0,620
04/12/2001,ANC,AK,AAL,WE,Combined TRACON& Tower with Radar,324,177,49,15,565,1,61,185,24,271,325,238,234,39,836,20,0,20,856
04/13/2001,ANC,AK,AAL,WE,Combined TRACON& Tower with Radar,308,191,61,4,564,0,63,213,12,288,308,254,274,16,852,14,0,14,866
04/14/2001,ANC,AK,AAL,WE,Combined TRACON& Tower with Radar,307,118,33,1,459,2,33,258,2,295,309,151,291,3,754,36,0,36,790
04/15/2001,ANC,AK,AAL,WE,Combined TRACON& Tower with Radar,264,57,13,1,335,0,29,110,3,142,264,86,123,4,477,18,0,18,495
04/16/2001,ANC,AK,AAL,WE,Combined TRACON& Tower with Radar,219,140,57,7,423,0,68,118,10,196,219,208,175,17,619,56,0,56,675
04/17/2001,ANC,AK,AAL,WE,Combined TRACON& Tower with Radar,273,178,36,11,498,0,42,145,12,199,273,220,181,23,697,32,0,32,729
04/18/2001,ANC,AK,AAL,WE,Combined TRACON& Tower with Radar,291,159,47,11,508,1,54,179,19,253,292,213,226,30,761,56,0,56,817
04/19/2001,ANC,AK,AAL,WE,Combined TRACON& Tower with Radar,330,170,50,7,557,0,60,173,19,252,330,230,223,26,809,18,0,18,827
04/20/2001,ANC,AK,AAL,WE,Combined TRACON& Tower with Radar,331,165,54,6,556,1,91,148,9,249,332,256,202,15,805,46,0,46,851
04/21/2001,ANC,AK,AAL,WE,Combined TRACON& Tower with Radar,303,127,43,2,475,0,31,178,1,210,303,158,221,3,685,32,0,32,717
04/22/2001,ANC,AK,AAL,WE,Combined TRACON& Tower with Radar,267,102,21,1,391,4,29,186,2,221,271,131,207,3,612,12,0,12,624
04/23/2001,ANC,AK,AAL,WE,Combined TRACON& Tower with Radar,241,142,24,3,410,0,52,101,16,169,241,194,125,19,579,22,0,22,601
04/24/2001,ANC,AK,AAL,WE,Combined TRACON& Tower with Radar,272,152,39,2,465,0,73,170,12,255,272,225,209,14,720,22,0,22,742
04/25/2001,ANC,AK,AAL,WE,Combined TRACON& Tower with Radar,314,165,79,13,571,0,65,136,15,216,314,230,215,28,787,66,0,66,853
04/26/2001,ANC,AK,AAL,WE,Combined TRACON& Tower with Radar,319,172,46,4,541,0,64,180,14,258,319,236,226,18,799,22,0,22,821
04/27/2001,ANC,AK,AAL,WE,Combined TRACON& Tower with Radar,311,161,62,5,539,2,48,158,5,213,313,209,220,10,752,16,0,16,768
04/28/2001,ANC,AK,AAL,WE,Combined TRACON& Tower with Radar,298,109,49,1,457,0,30,153,2,185,298,139,202,3,642,74,0,74,716
04/29/2001,ANC,AK,AAL,WE,Combined TRACON& Tower with Radar,266,99,26,1,392,0,46,262,7,315,266,145,288,8,707,66,0,66,773
04/30/2001,ANC,AK,AAL,WE,Combined TRACON& Tower with Radar,239,145,32,4,420,0,50,196,14,260,239,195,228,18,680,10,0,10,690
05/01/2001,ANC,AK,AAL,WE,Combined TRACON& Tower with Radar,272,159,37,15,483,0,36,30,13,79,272,195,67,28,562,0,0,0,562
05/02/2001,ANC,AK,AAL,WE,Combined TRACON& Tower with Radar,305,166,35,27,533,0,19,42,8,69,305,185,77,35,602,20,0,20,622
05/03/2001,ANC,AK,AAL,WE,Combined TRACON& Tower with Radar,294,192,43,17,546,0,4,5,2,11,294,196,48,19,557,0,0,0,557
05/04/2001,ANC,AK,AAL,WE,Combined TRACON& Tower with Radar,293,204,24,7,528,2,46,82,5,135,295,250,106,12,663,46,0,46,709
05/05/2001,ANC,AK,AAL,WE,Combined TRACON& Tower with Radar,283,119,34,3,439,0,29,179,2,210,283,148,213,5,649,48,0,48,697
05/06/2001,ANC,AK,AAL,WE,Combined TRACON& Tower with Radar,245,106,37,6,394,0,37,190,6,233,245,143,227,12,627,24,0,24,651
05/07/2001,ANC,AK,AAL,WE,Combined TRACON& Tower with Radar,243,134,51,9,437,0,91,222,13,326,243,225,273,22,763,72,0,72,835
05/08/2001,ANC,AK,AAL,WE,Combined TRACON& Tower with Radar,287,175,46,6,514,0,91,192,11,294,287,266,238,17,808,6,0,6,814
05/09/2001,ANC,AK,AAL,WE,Combined TRACON& Tower with Radar,307,165,54,9,535,0,67,152,37,256,307,232,206,46,791,35,0,35,826
05/10/2001,ANC,AK,AAL,WE,Combined TRACON& Tower with Radar,337,184,53,9,583,0,82,199,31,312,337,266,252,40,895,20,0,20,915
05/11/2001,ANC,AK,AAL,WE,Combined TRACON& Tower with Radar,348,183,57,7,595,2,117,377,5,501,350,300,434,12,1096,72,0,72,1168
05/12/2001,ANC,AK,AAL,WE,Combined TRACON& Tower with Radar,321,94,29,1,445,0,114,369,1,484,321,208,398,2,929,6,0,6,935
05/13/2001,ANC,AK,AAL,WE,Combined TRACON& Tower with Radar,288,63,26,2,379,0,64,322,1,387,288,127,348,3,766,10,0,10,776
05/14/2001,ANC,AK,AAL,WE,Combined TRACON& Tower with Radar,264,132,42,6,444,0,122,288,9,419,264,254,330,15,863,58,0,58,921
05/15/2001,ANC,AK,AAL,WE,Combined TRACON& Tower with Radar,307,156,57,7,527,0,127,297,11,435,307,283,354,18,962,10,0,10,972
05/16/2001,ANC,AK,AAL,WE,Combined TRACON& Tower with Radar,338,167,53,6,564,0,84,193,14,291,338,251,246,20,855,28,0,28,883
05/17/2001,ANC,AK,AAL,WE,Combined TRACON& Tower with Radar,340,154,63,1,558,0,118,325,1,444,340,272,388,2,1002,46,0,46,1048
05/18/2001,ANC,AK,AAL,WE,Combined TRACON& Tower with Radar,347,169,53,7,576,0,116,329,4,449,347,285,382,11,1025,58,0,58,1083
05/19/2001,ANC,AK,AAL,WE,Combined TRACON& Tower with Radar,335,130,46,1,512,0,126,362,1,489,335,256,408,2,1001,58,0,58,1059
05/20/2001,ANC,AK,AAL,WE,Combined TRACON& Tower with Radar,293,106,34,6,439,0,111,404,3,518,293,217,438,9,957,30,0,30,987
05/21/2001,ANC,AK,AAL,WE,Combined TRACON& Tower with Radar,266,147,40,24,477,0,100,258,13,371,266,247,298,37,848,12,0,12,860
05/22/2001,ANC,AK,AAL,WE,Combined TRACON& Tower with Radar,332,176,71,1,580,0,108,297,9,414,332,284,368,10,994,54,0,54,1048
05/23/2001,ANC,AK,AAL,WE,Combined TRACON& Tower with Radar,362,181,46,7,596,0,100,346,18,464,362,281,392,25,1060,36,0,36,1096
05/24/2001,ANC,AK,AAL,WE,Combined TRACON& Tower with Radar,349,202,68,4,623,0,85,262,17,364,349,287,330,21,987,0,0,0,987
05/25/2001,ANC,AK,AAL,WE,Combined TRACON& Tower with Radar,339,189,53,2,583,0,149,331,7,487,339,338,384,9,1070,34,0,34,1104
05/26/2001,ANC,AK,AAL,WE,Combined TRACON& Tower with Radar,337,137,27,0,501,3,136,433,1,573,340,273,460,1,1074,30,0,30,1104
05/27/2001,ANC,AK,AAL,WE,Combined TRACON& Tower with Radar,296,72,19,5,392,0,125,412,0,537,296,197,431,5,929,68,0,68,997
05/28/2001,ANC,AK,AAL,WE,Combined TRACON& Tower with Radar,257,89,22,0,368,0,159,502,3,664,257,248,524,3,1032,26,0,26,1058
05/29/2001,ANC,AK,AAL,WE,Combined TRACON& Tower with Radar,300,140,52,6,498,0,129,299,10,438,300,269,351,16,936,64,0,64,1000
05/30/2001,ANC,AK,AAL,WE,Combined TRACON& Tower with Radar,336,175,43,18,572,0,121,317,14,452,336,296,360,32,1024,32,0,32,1056
05/31/2001,ANC,AK,AAL,WE,Combined TRACON& Tower with Radar,356,158,46,7,567,9,140,388,26,563,365,298,434,33,1130,14,0,14,1144
06/01/2001,ANC,AK,AAL,WE,Combined TRACON& Tower with Radar,357,167,41,12,577,0,195,459,22,676,357,362,500,34,1253,20,0,20,1273
06/02/2001,ANC,AK,AAL,WE,Combined TRACON& Tower with Radar,342,118,53,5,518,2,218,566,9,795,344,336,619,14,1313,14,0,14,1327
06/03/2001,ANC,AK,AAL,WE,Combined TRACON& Tower with Radar,327,84,23,2,436,4,134,246,0,384,331,218,269,2,820,12,0,12,832
06/04/2001,ANC,AK,AAL,WE,Combined TRACON& Tower with Radar,268,157,49,9,483,0,164,293,11,468,268,321,342,20,951,20,0,20,971
06/05/2001,ANC,AK,AAL,WE,Combined TRACON& Tower with Radar,324,186,71,4,585,1,146,347,18,512,325,332,418,22,1097,20,0,20,1117
06/06/2001,ANC,AK,AAL,WE,Combined TRACON& Tower with Radar,364,193,69,9,635,0,181,276,15,472,364,374,345,24,1107,48,0,48,1155
06/07/2001,ANC,AK,AAL,WE,Combined TRACON& Tower with Radar,378,177,85,10,650,0,206,424,9,639,378,383,509,19,1289,30,2,32,1321
06/08/2001,ANC,AK,AAL,WE,Combined TRACON& Tower with Radar,365,197,61,7,630,3,194,494,2,693,368,391,555,9,1323,10,0,10,1333
06/09/2001,ANC,AK,AAL,WE,Combined TRACON& Tower with Radar,355,135,45,4,539,1,183,578,1,763,356,318,623,5,1302,4,0,4,1306
06/10/2001,ANC,AK,AAL,WE,Combined TRACON& Tower with Radar,320,102,37,2,461,0,168,489,0,657,320,270,526,2,1118,4,0,4,1122
06/11/2001,ANC,AK,AAL,WE,Combined TRACON& Tower with Radar,289,162,40,6,497,0,152,274,12,438,289,314,314,18,935,14,0,14,949
06/12/2001,ANC,AK,AAL,WE,Combined TRACON& Tower with Radar,340,166,49,8,563,0,182,325,3,510,340,348,374,11,1073,58,0,58,1131
06/13/2001,ANC,AK,AAL,WE,Combined TRACON& Tower with Radar,372,194,77,19,662,0,169,462,27,658,372,363,539,46,1320,10,0,10,1330
06/14/2001,ANC,AK,AAL,WE,Combined TRACON& Tower with Radar,372,194,77,19,662,17,205,543,16,781,389,399,620,35,1443,66,0,66,1509
06/15/2001,ANC,AK,AAL,WE,Combined TRACON& Tower with Radar,394,198,71,4,667,3,266,583,8,860,397,464,654,12,1527,8,0,8,1535
06/16/2001,ANC,AK,AAL,WE,Combined TRACON& Tower with Radar,379,143,66,1,589,2,248,574,5,829,381,391,640,6,1418,30,0,30,1448
06/17/2001,ANC,AK,AAL,WE,Combined TRACON& Tower with Radar,334,124,49,0,507,0,188,428,0,616,334,312,477,0,1123,14,0,14,1137
06/18/2001,ANC,AK,AAL,WE,Combined TRACON& Tower with Radar,304,152,41,11,508,0,196,388,12,596,304,348,429,23,1104,6,0,6,1110
06/19/2001,ANC,AK,AAL,WE,Combined TRACON& Tower with Radar,355,199,62,6,622,0,180,385,12,577,355,379,447,18,1199,22,0,22,1221
06/20/2001,ANC,AK,AAL,WE,Combined TRACON& Tower with Radar,407,180,63,5,655,0,259,384,18,661,407,439,447,23,1316,0,0,0,1316
06/21/2001,ANC,AK,AAL,WE,Combined TRACON& Tower with Radar,396,206,105,12,719,0,237,368,16,621,396,443,473,28,1340,22,0,22,1362
06/22/2001,ANC,AK,AAL,WE,Combined TRACON& Tower with Radar,392,202,65,11,670,1,284,605,18,908,393,486,670,29,1578,10,0,10,1588
06/23/2001,ANC,AK,AAL,WE,Combined TRACON& Tower with Radar,356,149,49,12,566,3,274,541,4,822,359,423,590,16,1388,66,0,66,1454
06/24/2001,ANC,AK,AAL,WE,Combined TRACON& Tower with Radar,342,95,42,8,487,0,269,584,0,853,342,364,626,8,1340,24,0,24,1364
06/25/2001,ANC,AK,AAL,WE,Combined TRACON& Tower with Radar,330,160,75,7,572,0,277,426,11,714,330,437,501,18,1286,10,0,10,1296
06/26/2001,ANC,AK,AAL,WE,Combined TRACON& Tower with Radar,350,172,63,8,593,1,247,440,17,705,351,419,503,25,1298,24,0,24,1322
06/27/2001,ANC,AK,AAL,WE,Combined TRACON& Tower with Radar,413,161,53,9,636,144,245,435,20,844,557,406,488,29,1480,22,0,22,1502
06/28/2001,ANC,AK,AAL,WE,Combined TRACON& Tower with Radar,393,187,82,15,677,1,267,431,26,725,394,454,513,41,1402,8,0,8,1410
06/29/2001,ANC,AK,AAL,WE,Combined TRACON& Tower with Radar,394,180,64,7,645,2,246,431,14,693,396,426,495,21,1338,18,0,18,1356
06/30/2001,ANC,AK,AAL,WE,Combined TRACON& Tower with Radar,378,172,66,1,617,0,191,442,13,646,378,363,508,14,1263,14,0,14,1277
07/01/2001,ANC,AK,AAL,WE,Combined TRACON& Tower with Radar,336,116,40,5,497,0,218,394,12,624,336,334,434,17,1121,0,0,0,1121
07/02/2001,ANC,AK,AAL,WE,Combined TRACON& Tower with Radar,307,155,56,5,523,0,243,409,3,655,307,398,465,8,1178,6,0,6,1184
07/03/2001,ANC,AK,AAL,WE,Combined TRACON& Tower with Radar,314,173,70,3,560,0,153,310,3,466,314,326,380,6,1026,4,0,4,1030
07/04/2001,ANC,AK,AAL,WE,Combined TRACON& Tower with Radar,368,149,45,3,565,0,93,216,0,309,368,242,261,3,874,20,0,20,894
07/05/2001,ANC,AK,AAL,WE,Combined TRACON& Tower with Radar,387,192,76,1,656,0,127,195,21,343,387,319,271,22,999,0,0,0,999
07/06/2001,ANC,AK,AAL,WE,Combined TRACON& Tower with Radar,374,220,55,7,656,2,227,418,1,648,376,447,473,8,1304,8,0,8,1312
07/07/2001,ANC,AK,AAL,WE,Combined TRACON& Tower with Radar,383,168,51,3,605,2,197,482,1,682,385,365,533,4,1287,8,0,8,1295
07/08/2001,ANC,AK,AAL,WE,Combined TRACON& Tower with Radar,336,112,42,0,490,0,144,291,0,435,336,256,333,0,925,0,0,0,925
07/09/2001,ANC,AK,AAL,WE,Combined TRACON& Tower with Radar,322,168,55,11,556,0,180,316,16,512,322,348,371,27,1068,2,0,2,1070
07/10/2001,ANC,AK,AAL,WE,Combined TRACON& Tower with Radar,355,182,70,15,622,0,158,225,8,391,355,340,295,23,1013,0,0,0,1013
07/11/2001,ANC,AK,AAL,WE,Combined TRACON& Tower with Radar,386,215,57,10,668,0,127,201,10,338,386,342,258,20,1006,2,0,2,1008
07/12/2001,ANC,AK,AAL,WE,Combined TRACON& Tower with Radar,386,214,63,18,681,2,172,292,19,485,388,386,355,37,1166,4,0,4,1170
07/13/2001,ANC,AK,AAL,WE,Combined TRACON& Tower with Radar,409,212,53,8,682,0,170,333,28,531,409,382,386,36,1213,16,0,16,1229
07/14/2001,ANC,AK,AAL,WE,Combined TRACON& Tower with Radar,387,198,63,3,651,0,181,467,7,655,387,379,530,10,1306,2,0,2,1308
07/15/2001,ANC,AK,AAL,WE,Combined TRACON& Tower with Radar,344,149,39,3,535,0,148,332,1,481,344,297,371,4,1016,6,0,6,1022
07/16/2001,ANC,AK,AAL,WE,Combined TRACON& Tower with Radar,314,210,67,14,605,0,139,180,9,328,314,349,247,23,933,0,0,0,933
07/17/2001,ANC,AK,AAL,WE,Combined TRACON& Tower with Radar,340,211,111,13,675,0,148,253,12,413,340,359,364,25,1088,14,0,14,1102
07/18/2001,ANC,AK,AAL,WE,Combined TRACON& Tower with Radar,390,196,50,16,652,1,218,412,25,656,391,414,462,41,1308,18,0,18,1326
07/19/2001,ANC,AK,AAL,WE,Combined TRACON& Tower with Radar,388,217,55,12,672,0,169,192,33,394,388,386,247,45,1066,0,0,0,1066
07/20/2001,ANC,AK,AAL,WE,Combined TRACON& Tower with Radar,390,227,74,8,699,0,158,305,4,467,390,385,379,12,1166,8,0,8,1174
07/21/2001,ANC,AK,AAL,WE,Combined TRACON& Tower with Radar,374,171,81,2,628,0,179,331,3,513,374,350,412,5,1141,20,0,20,1161
07/22/2001,ANC,AK,AAL,WE,Combined TRACON& Tower with Radar,338,130,50,0,518,0,124,231,11,366,338,254,281,11,884,14,0,14,898
07/23/2001,ANC,AK,AAL,WE,Combined TRACON& Tower with Radar,312,196,70,12,590,0,71,138,2,211,312,267,208,14,801,0,0,0,801
07/24/2001,ANC,AK,AAL,WE,Combined TRACON& Tower with Radar,365,215,82,20,682,0,186,266,9,461,365,401,348,29,1143,62,0,62,1205
07/25/2001,ANC,AK,AAL,WE,Combined TRACON& Tower with Radar,407,206,59,15,687,0,179,374,35,588,407,385,433,50,1275,66,0,66,1341
07/26/2001,ANC,AK,AAL,WE,Combined TRACON& Tower with Radar,387,202,71,12,672,2,230,454,15,701,389,432,525,27,1373,42,0,42,1415
07/27/2001,ANC,AK,AAL,WE,Combined TRACON& Tower with Radar,407,200,52,8,667,0,201,561,7,769,407,401,613,15,1436,20,0,20,1456
07/28/2001,ANC,AK,AAL,WE,Combined TRACON& Tower with Radar,387,166,36,5,594,1,240,525,5,771,388,406,561,10,1365,10,0,10,1375
07/29/2001,ANC,AK,AAL,WE,Combined TRACON& Tower with Radar,345,109,54,1,509,0,207,423,0,630,345,316,477,1,1139,2,0,2,1141
07/30/2001,ANC,AK,AAL,WE,Combined TRACON& Tower with Radar,335,176,56,11,578,0,122,139,6,267,335,298,195,17,845,0,0,0,845
07/31/2001,ANC,AK,AAL,WE,Combined TRACON& Tower with Radar,361,217,69,12,659,0,190,288,12,490,361,407,357,24,1149,50,0,50,1199
08/01/2001,ANC,AK,AAL,WE,Combined TRACON& Tower with Radar,380,208,66,12,666,0,220,404,20,644,380,428,470,32,1310,0,0,0,1310
08/02/2001,ANC,AK,AAL,WE,Combined TRACON& Tower with Radar,377,172,55,12,616,0,216,402,54,672,377,388,457,66,1288,4,0,4,1292
08/03/2001,ANC,AK,AAL,WE,Combined TRACON& Tower with Radar,399,229,82,15,725,0,216,291,6,513,399,445,373,21,1238,22,0,22,1260
08/04/2001,ANC,AK,AAL,WE,Combined TRACON& Tower with Radar,378,202,82,5,667,0,136,261,10,407,378,338,343,15,1074,22,0,22,1096
08/05/2001,ANC,AK,AAL,WE,Combined TRACON& Tower with Radar,335,95,41,13,484,0,211,530,12,753,335,306,571,25,1237,14,0,14,1251
08/06/2001,ANC,AK,AAL,WE,Combined TRACON& Tower with Radar,304,142,40,6,492,0,252,471,24,747,304,394,511,30,1239,2,0,2,1241
08/07/2001,ANC,AK,AAL,WE,Combined TRACON& Tower with Radar,357,175,56,4,592,0,211,398,14,623,357,386,454,18,1215,14,0,14,1229
08/08/2001,ANC,AK,AAL,WE,Combined TRACON& Tower with Radar,396,198,51,6,651,0,183,440,21,644,396,381,491,27,1295,0,0,0,1295
08/09/2001,ANC,AK,AAL,WE,Combined TRACON& Tower with Radar,130,61,22,1,214,261,292,383,18,954,391,353,405,19,1168,0,0,0,1168
08/10/2001,ANC,AK,AAL,WE,Combined TRACON& Tower with Radar,388,187,58,0,633,0,244,513,8,765,388,431,571,8,1398,18,0,18,1416
08/11/2001,ANC,AK,AAL,WE,Combined TRACON& Tower with Radar,386,164,46,2,598,0,234,539,7,780,386,398,585,9,1378,30,0,30,1408
08/12/2001,ANC,AK,AAL,WE,Combined TRACON& Tower with Radar,322,88,42,1,453,0,230,512,1,743,322,318,554,2,1196,18,0,18,1214
08/13/2001,ANC,AK,AAL,WE,Combined TRACON& Tower with Radar,305,137,44,3,489,0,215,469,12,696,305,352,513,15,1185,0,0,0,1185
08/14/2001,ANC,AK,AAL,WE,Combined TRACON& Tower with Radar,333,178,65,5,581,0,135,202,13,350,333,313,267,18,931,16,0,16,947
08/15/2001,ANC,AK,AAL,WE,Combined TRACON& Tower with Radar,408,223,74,9,714,0,138,273,15,426,408,361,347,24,1140,6,0,6,1146
08/16/2001,ANC,AK,AAL,WE,Combined TRACON& Tower with Radar,394,209,84,6,693,0,121,252,65,438,394,330,336,71,1131,0,0,0,1131
08/17/2001,ANC,AK,AAL,WE,Combined TRACON& Tower with Radar,399,229,79,3,710,1,129,210,21,361,400,358,289,24,1071,36,0,36,1107
08/18/2001,ANC,AK,AAL,WE,Combined TRACON& Tower with Radar,374,216,85,7,682,0,161,328,4,493,374,377,413,11,1175,0,0,0,1175
08/19/2001,ANC,AK,AAL,WE,Combined TRACON& Tower with Radar,337,115,65,3,520,0,148,281,5,434,337,263,346,8,954,8,0,8,962
08/20/2001,ANC,AK,AAL,WE,Combined TRACON& Tower with Radar,310,174,73,2,559,0,156,313,14,483,310,330,386,16,1042,19,0,19,1061
08/21/2001,ANC,AK,AAL,WE,Combined TRACON& Tower with Radar,348,169,48,7,572,1,169,422,13,605,349,338,470,20,1177,14,0,14,1191
08/22/2001,ANC,AK,AAL,WE,Combined TRACON& Tower with Radar,397,161,59,8,625,0,244,542,29,815,397,405,601,37,1440,12,0,12,1452
08/23/2001,ANC,AK,AAL,WE,Combined TRACON& Tower with Radar,395,178,80,4,657,3,173,411,28,615,398,351,491,32,1272,16,6,22,1294
08/24/2001,ANC,AK,AAL,WE,Combined TRACON& Tower with Radar,380,206,82,8,676,0,127,341,9,477,380,333,423,17,1153,22,0,22,1175
08/25/2001,ANC,AK,AAL,WE,Combined TRACON& Tower with Radar,378,157,53,1,589,0,205,463,9,677,378,362,516,10,1266,20,0,20,1286
08/26/2001,ANC,AK,AAL,WE,Combined TRACON& Tower with Radar,335,121,58,0,514,0,189,388,3,580,335,310,446,3,1094,10,0,10,1104
08/27/2001,ANC,AK,AAL,WE,Combined TRACON& Tower with Radar,313,169,45,2,529,1,164,322,14,501,314,333,367,16,1030,0,0,0,1030
08/28/2001,ANC,AK,AAL,WE,Combined TRACON& Tower with Radar,352,189,61,6,608,0,98,191,19,308,352,287,252,25,916,0,0,0,916
08/29/2001,ANC,AK,AAL,WE,Combined TRACON& Tower with Radar,369,192,55,2,618,32,172,302,12,518,401,364,357,14,1136,0,0,0,1136
08/30/2001,ANC,AK,AAL,WE,Combined TRACON& Tower with Radar,414,190,42,3,649,0,174,347,22,543,414,364,389,25,1192,4,0,4,1196
08/31/2001,ANC,AK,AAL,WE,Combined TRACON& Tower with Radar,405,173,59,6,643,0,220,615,0,835,405,393,674,6,1478,54,0,54,1532
09/01/2001,ANC,AK,AAL,WE,Combined TRACON& Tower with Radar,382,155,62,1,600,2,218,451,4,675,384,373,513,5,1275,2,0,2,1277
09/02/2001,ANC,AK,AAL,WE,Combined TRACON& Tower with Radar,349,116,46,0,511,0,138,315,0,453,349,254,361,0,964,0,0,0,964
09/03/2001,ANC,AK,AAL,WE,Combined TRACON& Tower with Radar,300,128,36,1,465,0,112,392,0,504,300,240,428,1,969,0,0,0,969
09/04/2001,ANC,AK,AAL,WE,Combined TRACON& Tower with Radar,318,183,38,3,542,0,71,62,7,140,318,254,100,10,682,0,0,0,682
09/05/2001,ANC,AK,AAL,WE,Combined TRACON& Tower with Radar,371,183,44,4,602,1,139,145,11,296,372,322,189,15,898,6,0,6,904
09/06/2001,ANC,AK,AAL,WE,Combined TRACON& Tower with Radar,365,172,45,6,588,0,141,264,19,424,365,313,309,25,1012,4,0,4,1016
09/07/2001,ANC,AK,AAL,WE,Combined TRACON& Tower with Radar,368,193,53,2,616,0,171,349,17,537,368,364,402,19,1153,6,0,6,1159
09/08/2001,ANC,AK,AAL,WE,Combined TRACON& Tower with Radar,372,146,43,2,563,0,143,504,8,655,372,289,547,10,1218,30,0,30,1248
09/09/2001,ANC,AK,AAL,WE,Combined TRACON& Tower with Radar,290,89,44,2,425,0,185,467,1,653,290,274,511,3,1078,8,0,8,1086
09/10/2001,ANC,AK,AAL,WE,Combined TRACON& Tower with Radar,274,128,64,3,469,0,157,363,9,529,274,285,427,12,998,0,0,0,998
09/11/2001,ANC,AK,AAL,WE,Combined TRACON& Tower with Radar,85,44,16,6,151,0,3,14,1,18,85,47,30,7,169,0,0,0,169
09/12/2001,ANC,AK,AAL,WE,Combined TRACON& Tower with Radar,0,27,1,0,28,0,5,0,3,8,0,32,1,3,36,0,0,0,36
09/13/2001,ANC,AK,AAL,WE,Combined TRACON& Tower with Radar,86,114,62,12,274,2,114,221,11,348,88,228,283,23,622,0,0,0,622
09/14/2001,ANC,AK,AAL,WE,Combined TRACON& Tower with Radar,232,184,63,2,481,2,135,313,10,460,234,319,376,12,941,26,0,26,967
09/15/2001,ANC,AK,AAL,WE,Combined TRACON& Tower with Radar,315,167,48,2,532,0,130,388,0,518,315,297,436,2,1050,6,0,6,1056
09/16/2001,ANC,AK,AAL,WE,Combined TRACON& Tower with Radar,291,107,40,3,441,0,104,366,0,470,291,211,406,3,911,0,0,0,911
09/17/2001,ANC,AK,AAL,WE,Combined TRACON& Tower with Radar,283,178,44,11,516,0,53,279,13,345,283,231,323,24,861,0,0,0,861
09/18/2001,ANC,AK,AAL,WE,Combined TRACON& Tower with Radar,323,218,74,15,630,0,33,130,4,167,323,251,204,19,797,2,0,2,799
09/19/2001,ANC,AK,AAL,WE,Combined TRACON& Tower with Radar,383,215,72,23,693,0,62,201,11,274,383,277,273,34,967,2,0,2,969
09/20/2001,ANC,AK,AAL,WE,Combined TRACON& Tower with Radar,356,204,48,15,623,0,100,264,28,392,356,304,312,43,1015,0,0,0,1015
09/21/2001,ANC,AK,AAL,WE,Combined TRACON& Tower with Radar,342,189,48,11,590,0,119,403,21,543,342,308,451,32,1133,36,0,36,1169
09/22/2001,ANC,AK,AAL,WE,Combined TRACON& Tower with Radar,335,152,33,2,522,3,93,319,1,416,338,245,352,3,938,10,0,10,948
09/23/2001,ANC,AK,AAL,WE,Combined TRACON& Tower with Radar,290,131,32,3,456,0,114,267,6,387,290,245,299,9,843,28,0,28,871
09/24/2001,ANC,AK,AAL,WE,Combined TRACON& Tower with Radar,267,148,38,12,465,0,65,244,12,321,267,213,282,24,786,8,0,8,794
09/25/2001,ANC,AK,AAL,WE,Combined TRACON& Tower with Radar,304,133,49,13,499,0,104,297,11,412,304,237,346,24,911,44,0,44,955
09/26/2001,ANC,AK,AAL,WE,Combined TRACON& Tower with Radar,355,161,28,11,555,0,104,339,25,468,355,265,367,36,1023,12,0,12,1035
09/27/2001,ANC,AK,AAL,WE,Combined TRACON& Tower with Radar,352,191,55,15,613,1,96,273,21,391,353,287,328,36,1004,0,0,0,1004
09/28/2001,ANC,AK,AAL,WE,Combined TRACON& Tower with Radar,336,205,60,3,604,0,122,344,10,476,336,327,404,13,1080,14,0,14,1094
09/29/2001,ANC,AK,AAL,WE,Combined TRACON& Tower with Radar,358,156,38,5,557,0,99,475,0,574,358,255,513,5,1131,20,0,20,1151
09/30/2001,ANC,AK,AAL,WE,Combined TRACON& Tower with Radar,296,110,21,2,429,0,102,352,0,454,296,212,373,2,883,10,0,10,893
10/01/2001,ANC,AK,AAL,WE,Combined TRACON& Tower with Radar,254,147,34,10,445,0,34,109,13,156,254,181,143,23,601,2,0,2,603
10/02/2001,ANC,AK,AAL,WE,Combined TRACON& Tower with Radar,282,164,70,13,529,0,80,226,10,316,282,244,296,23,845,22,0,22,867
10/03/2001,ANC,AK,AAL,WE,Combined TRACON& Tower with Radar,320,174,30,4,528,0,55,72,18,145,320,229,102,22,673,18,0,18,691
10/04/2001,ANC,AK,AAL,WE,Combined TRACON& Tower with Radar,322,179,43,5,549,4,25,181,19,229,326,204,224,24,778,6,0,6,784
10/05/2001,ANC,AK,AAL,WE,Combined TRACON& Tower with Radar,318,182,45,5,550,1,53,189,1,244,319,235,234,6,794,36,0,36,830
10/06/2001,ANC,AK,AAL,WE,Combined TRACON& Tower with Radar,311,140,39,3,493,0,32,285,1,318,311,172,324,4,811,0,0,0,811
10/07/2001,ANC,AK,AAL,WE,Combined TRACON& Tower with Radar,258,117,55,3,433,0,43,308,0,351,258,160,363,3,784,8,0,8,792
10/08/2001,ANC,AK,AAL,WE,Combined TRACON& Tower with Radar,248,164,67,5,484,0,41,151,2,194,248,205,218,7,678,31,0,31,709
10/09/2001,ANC,AK,AAL,WE,Combined TRACON& Tower with Radar,284,175,61,9,529,0,49,144,14,207,284,224,205,23,736,22,0,22,758
10/10/2001,ANC,AK,AAL,WE,Combined TRACON& Tower with Radar,317,199,45,11,572,1,31,69,10,111,318,230,114,21,683,0,0,0,683
10/11/2001,ANC,AK,AAL,WE,Combined TRACON& Tower with Radar,334,171,35,9,549,0,75,120,17,212,334,246,155,26,761,4,0,4,765
10/12/2001,ANC,AK,AAL,WE,Combined TRACON& Tower with Radar,323,174,34,11,542,0,48,201,10,259,323,222,235,21,801,22,0,22,823
10/13/2001,ANC,AK,AAL,WE,Combined TRACON& Tower with Radar,324,122,33,4,483,0,61,204,1,266,324,183,237,5,749,16,0,16,765
10/14/2001,ANC,AK,AAL,WE,Combined TRACON& Tower with Radar,281,108,30,10,429,0,18,106,5,129,281,126,136,15,558,26,0,26,584
10/15/2001,ANC,AK,AAL,WE,Combined TRACON& Tower with Radar,249,165,37,6,457,0,59,200,6,265,249,224,237,12,722,11,0,11,733
10/16/2001,ANC,AK,AAL,WE,Combined TRACON& Tower with Radar,276,151,56,8,491,1,64,217,11,293,277,215,273,19,784,34,0,34,818
10/17/2001,ANC,AK,AAL,WE,Combined TRACON& Tower with Radar,326,150,35,17,528,0,14,12,9,35,326,164,47,26,563,2,0,2,565
10/18/2001,ANC,AK,AAL,WE,Combined TRACON& Tower with Radar,329,182,30,15,556,0,8,7,14,29,329,190,37,29,585,0,0,0,585
10/19/2001,ANC,AK,AAL,WE,Combined TRACON& Tower with Radar,321,175,30,2,528,0,69,125,7,201,321,244,155,9,729,16,0,16,745
10/20/2001,ANC,AK,AAL,WE,Combined TRACON& Tower with Radar,345,119,32,1,497,0,4,4,2,10,345,123,36,3,507,2,0,2,509
10/21/2001,ANC,AK,AAL,WE,Combined TRACON& Tower with Radar,278,132,34,5,449,0,0,0,0,0,278,132,34,5,449,0,0,0,449
10/22/2001,ANC,AK,AAL,WE,Combined TRACON& Tower with Radar,244,177,39,13,473,0,14,18,16,48,244,191,57,29,521,2,0,2,523
10/23/2001,ANC,AK,AAL,WE,Combined TRACON& Tower with Radar,295,208,50,18,571,0,23,57,30,110,295,231,107,48,681,0,0,0,681
10/24/2001,ANC,AK,AAL,WE,Combined TRACON& Tower with Radar,340,192,38,10,580,1,40,62,15,118,341,232,100,25,698,6,0,6,704
10/25/2001,ANC,AK,AAL,WE,Combined TRACON& Tower with Radar,334,181,34,20,569,4,52,47,28,131,338,233,81,48,700,0,0,0,700
10/26/2001,ANC,AK,AAL,WE,Combined TRACON& Tower with Radar,315,178,46,5,544,0,70,97,3,170,315,248,143,8,714,20,0,20,734
10/27/2001,ANC,AK,AAL,WE,Combined TRACON& Tower with Radar,324,143,40,2,509,0,15,50,6,71,324,158,90,8,580,0,0,0,580
10/28/2001,ANC,AK,AAL,WE,Combined TRACON& Tower with Radar,268,136,21,1,426,0,33,101,1,135,268,169,122,2,561,76,0,76,637
10/29/2001,ANC,AK,AAL,WE,Combined TRACON& Tower with Radar,270,155,19,13,457,0,29,63,4,96,270,184,82,17,553,4,0,4,557
10/30/2001,ANC,AK,AAL,WE,Combined TRACON& Tower with Radar,286,160,31,7,484,0,44,103,7,154,286,204,134,14,638,10,0,10,648
10/31/2001,ANC,AK,AAL,WE,Combined TRACON& Tower with Radar,316,179,34,10,539,0,8,38,5,51,316,187,72,15,590,0,0,0,590
11/01/2001,ANC,AK,AAL,WE,Combined TRACON& Tower with Radar,332,189,26,6,553,1,4,9,9,23,333,193,35,15,576,0,0,0,576
11/02/2001,ANC,AK,AAL,WE,Combined TRACON& Tower with Radar,316,204,37,10,567,1,13,30,7,51,317,217,67,17,618,0,0,0,618
11/03/2001,ANC,AK,AAL,WE,Combined TRACON& Tower with Radar,298,136,29,3,466,1,21,99,2,123,299,157,128,5,589,8,0,8,597
11/04/2001,ANC,AK,AAL,WE,Combined TRACON& Tower with Radar,280,125,49,7,461,1,5,25,5,36,281,130,74,12,497,164,0,164,661
11/05/2001,ANC,AK,AAL,WE,Combined TRACON& Tower with Radar,246,187,50,13,496,1,0,0,0,1,247,187,50,13,497,0,0,0,497
11/06/2001,ANC,AK,AAL,WE,Combined TRACON& Tower with Radar,278,190,37,6,511,0,47,87,9,143,278,237,124,15,654,0,0,0,654
11/07/2001,ANC,AK,AAL,WE,Combined TRACON& Tower with Radar,321,168,40,14,543,4,53,99,11,167,325,221,139,25,710,4,0,4,714
11/08/2001,ANC,AK,AAL,WE,Combined TRACON& Tower with Radar,322,198,68,14,602,0,15,33,10,58,322,213,101,24,660,14,0,14,674
11/09/2001,ANC,AK,AAL,WE,Combined TRACON& Tower with Radar,327,200,32,2,561,0,35,98,1,134,327,235,130,3,695,18,0,18,713
11/10/2001,ANC,AK,AAL,WE,Combined TRACON& Tower with Radar,304,133,21,4,462,0,23,91,0,114,304,156,112,4,576,2,0,2,578
11/11/2001,ANC,AK,AAL,WE,Combined TRACON& Tower with Radar,262,96,21,1,380,2,13,101,0,116,264,109,122,1,496,40,0,40,536
11/12/2001,ANC,AK,AAL,WE,Combined TRACON& Tower with Radar,251,137,22,0,410,0,35,63,0,98,251,172,85,0,508,0,0,0,508
11/13/2001,ANC,AK,AAL,WE,Combined TRACON& Tower with Radar,280,134,32,5,451,0,59,78,12,149,280,193,110,17,600,26,0,26,626
11/14/2001,ANC,AK,AAL,WE,Combined TRACON& Tower with Radar,313,174,35,18,540,0,23,57,20,100,313,197,92,38,640,0,0,0,640
11/15/2001,ANC,AK,AAL,WE,Combined TRACON& Tower with Radar,321,215,58,16,610,5,5,32,32,74,326,220,90,48,684,0,0,0,684
11/16/2001,ANC,AK,AAL,WE,Combined TRACON& Tower with Radar,325,196,36,11,568,0,37,79,13,129,325,233,115,24,697,46,0,46,743
11/17/2001,ANC,AK,AAL,WE,Combined TRACON& Tower with Radar,297,128,16,4,445,0,9,43,1,53,297,137,59,5,498,20,0,20,518
11/18/2001,ANC,AK,AAL,WE,Combined TRACON& Tower with Radar,276,102,26,3,407,0,18,67,0,85,276,120,93,3,492,0,0,0,492
11/19/2001,ANC,AK,AAL,WE,Combined TRACON& Tower with Radar,241,144,35,2,422,0,53,75,11,139,241,197,110,13,561,0,0,0,561
11/20/2001,ANC,AK,AAL,WE,Combined TRACON& Tower with Radar,282,189,47,8,526,0,26,73,10,109,282,215,120,18,635,12,0,12,647
11/21/2001,ANC,AK,AAL,WE,Combined TRACON& Tower with Radar,321,196,37,6,560,1,37,121,30,189,322,233,158,36,749,0,0,0,749
11/22/2001,ANC,AK,AAL,WE,Combined TRACON& Tower with Radar,241,57,8,0,306,0,12,67,0,79,241,69,75,0,385,10,0,10,395
11/23/2001,ANC,AK,AAL,WE,Combined TRACON& Tower with Radar,295,158,13,0,466,1,16,102,0,119,296,174,115,0,585,0,0,0,585
11/24/2001,ANC,AK,AAL,WE,Combined TRACON& Tower with Radar,302,131,33,0,466,0,0,0,0,0,302,131,33,0,466,0,0,0,466
11/25/2001,ANC,AK,AAL,WE,Combined TRACON& Tower with Radar,262,96,40,4,402,0,0,6,0,6,262,96,46,4,408,0,0,0,408
11/26/2001,ANC,AK,AAL,WE,Combined TRACON& Tower with Radar,234,172,40,3,449,0,0,0,0,0,234,172,40,3,449,0,0,0,449
11/27/2001,ANC,AK,AAL,WE,Combined TRACON& Tower with Radar,287,189,30,8,514,0,50,73,3,126,287,239,103,11,640,6,0,6,646
11/28/2001,ANC,AK,AAL,WE,Combined TRACON& Tower with Radar,324,210,36,11,581,0,39,63,15,117,324,249,99,26,698,10,0,10,708
11/29/2001,ANC,AK,AAL,WE,Combined TRACON& Tower with Radar,309,175,43,14,541,0,30,89,17,136,309,205,132,31,677,20,0,20,697
11/30/2001,ANC,AK,AAL,WE,Combined TRACON& Tower with Radar,319,181,45,6,551,0,45,107,4,156,319,226,152,10,707,16,0,16,723
12/01/2001,ANC,AK,AAL,WE,Combined TRACON& Tower with Radar,305,123,31,4,463,2,86,51,0,139,307,209,82,4,602,4,0,4,606
12/02/2001,ANC,AK,AAL,WE,Combined TRACON& Tower with Radar,257,101,18,7,383,0,8,25,3,36,257,109,43,10,419,0,0,0,419
12/03/2001,ANC,AK,AAL,WE,Combined TRACON& Tower with Radar,237,154,40,8,439,0,29,47,7,83,237,183,87,15,522,0,0,0,522
12/04/2001,ANC,AK,AAL,WE,Combined TRACON& Tower with Radar,277,155,40,10,482,1,45,42,7,95,278,200,82,17,577,0,0,0,577
12/05/2001,ANC,AK,AAL,WE,Combined TRACON& Tower with Radar,336,176,56,6,574,0,60,42,14,116,336,236,98,20,690,0,0,0,690
12/06/2001,ANC,AK,AAL,WE,Combined TRACON& Tower with Radar,317,197,42,9,565,0,16,39,22,77,317,213,81,31,642,0,0,0,642
12/07/2001,ANC,AK,AAL,WE,Combined TRACON& Tower with Radar,313,188,32,8,541,0,33,71,0,104,313,221,103,8,645,14,0,14,659
12/08/2001,ANC,AK,AAL,WE,Combined TRACON& Tower with Radar,315,122,32,1,470,0,21,48,1,70,315,143,80,2,540,4,0,4,544
12/09/2001,ANC,AK,AAL,WE,Combined TRACON& Tower with Radar,259,118,25,2,404,1,9,49,0,59,260,127,74,2,463,0,0,0,463
12/10/2001,ANC,AK,AAL,WE,Combined TRACON& Tower with Radar,231,188,36,19,474,0,15,56,1,72,231,203,92,20,546,0,0,0,546
12/11/2001,ANC,AK,AAL,WE,Combined TRACON& Tower with Radar,276,192,51,14,533,1,24,51,4,80,277,216,102,18,613,18,0,18,631
12/12/2001,ANC,AK,AAL,WE,Combined TRACON& Tower with Radar,321,190,47,4,562,0,9,11,9,29,321,199,58,13,591,0,0,0,591
12/13/2001,ANC,AK,AAL,WE,Combined TRACON& Tower with Radar,316,193,36,7,552,0,37,43,17,97,316,230,79,24,649,0,0,0,649
12/14/2001,ANC,AK,AAL,WE,Combined TRACON& Tower with Radar,321,204,46,5,576,1,35,19,4,59,322,239,65,9,635,0,0,0,635
12/15/2001,ANC,AK,AAL,WE,Combined TRACON& Tower with Radar,317,143,24,1,485,0,28,36,1,65,317,171,60,2,550,16,0,16,566
12/16/2001,ANC,AK,AAL,WE,Combined TRACON& Tower with Radar,267,104,18,0,389,0,33,29,0,62,267,137,47,0,451,0,0,0,451
12/17/2001,ANC,AK,AAL,WE,Combined TRACON& Tower with Radar,236,159,31,36,462,0,30,31,3,64,236,189,62,39,526,8,0,8,534
12/18/2001,ANC,AK,AAL,WE,Combined TRACON& Tower with Radar,289,152,29,5,475,1,44,51,10,106,290,196,80,15,581,28,0,28,609
12/19/2001,ANC,AK,AAL,WE,Combined TRACON& Tower with Radar,326,184,37,17,564,1,52,61,41,155,327,236,98,58,719,0,0,0,719
12/20/2001,ANC,AK,AAL,WE,Combined TRACON& Tower with Radar,306,164,32,9,511,1,15,4,21,41,307,179,36,30,552,2,0,2,554
12/21/2001,ANC,AK,AAL,WE,Combined TRACON& Tower with Radar,332,205,24,4,565,0,38,52,7,97,332,243,76,11,662,6,0,6,668
12/22/2001,ANC,AK,AAL,WE,Combined TRACON& Tower with Radar,296,138,21,2,457,1,12,44,5,62,297,150,65,7,519,28,0,28,547
12/23/2001,ANC,AK,AAL,WE,Combined TRACON& Tower with Radar,265,112,18,0,395,5,6,37,4,52,270,118,55,4,447,0,0,0,447
12/24/2001,ANC,AK,AAL,WE,Combined TRACON& Tower with Radar,211,145,16,1,373,0,10,47,0,57,211,155,63,1,430,8,0,8,438
12/25/2001,ANC,AK,AAL,WE,Combined TRACON& Tower with Radar,169,30,5,1,205,1,2,5,0,8,170,32,10,1,213,0,0,0,213
12/26/2001,ANC,AK,AAL,WE,Combined TRACON& Tower with Radar,258,143,21,1,423,0,6,12,0,18,258,149,33,1,441,22,0,22,463
12/27/2001,ANC,AK,AAL,WE,Combined TRACON& Tower with Radar,272,191,20,21,504,0,52,54,32,138,272,243,74,53,642,0,0,0,642
12/28/2001,ANC,AK,AAL,WE,Combined TRACON& Tower with Radar,278,190,25,6,499,0,20,68,3,91,278,210,93,9,590,80,0,80,670
12/29/2001,ANC,AK,AAL,WE,Combined TRACON& Tower with Radar,259,137,16,0,412,0,24,91,0,115,259,161,107,0,527,10,0,10,537
12/30/2001,ANC,AK,AAL,WE,Combined TRACON& Tower with Radar,215,93,17,0,325,0,11,93,1,105,215,104,110,1,430,20,0,20,450
12/31/2001,ANC,AK,AAL,WE,Combined TRACON& Tower with Radar,192,145,21,0,358,0,24,99,0,123,192,169,120,0,481,12,0,12,493
01/01/2002,ANC,AK,AAL,WE,Combined TRACON& Tower with Radar,186,40,8,2,236,0,18,111,0,129,186,58,119,2,365,18,0,18,383
01/02/2002,ANC,AK,AAL,WE,Combined TRACON& Tower with Radar,206,173,34,10,423,0,20,70,7,97,206,193,104,17,520,6,0,6,526
01/03/2002,ANC,AK,AAL,WE,Combined TRACON& Tower with Radar,231,201,22,7,461,0,0,8,11,19,231,201,30,18,480,0,0,0,480
01/04/2002,ANC,AK,AAL,WE,Combined TRACON& Tower with Radar,265,188,25,4,482,0,30,59,8,97,265,218,84,12,579,0,0,0,579
01/05/2002,ANC,AK,AAL,WE,Combined TRACON& Tower with Radar,235,154,10,0,399,0,23,55,0,78,235,177,65,0,477,12,0,12,489
01/06/2002,ANC,AK,AAL,WE,Combined TRACON& Tower with Radar,207,101,16,0,324,0,10,71,0,81,207,111,87,0,405,14,0,14,419
01/07/2002,ANC,AK,AAL,WE,Combined TRACON& Tower with Radar,218,187,26,7,438,0,20,16,11,47,218,207,42,18,485,0,0,0,485
01/08/2002,ANC,AK,AAL,WE,Combined TRACON& Tower with Radar,252,165,12,2,431,0,12,21,6,39,252,177,33,8,470,0,0,0,470
01/09/2002,ANC,AK,AAL,WE,Combined TRACON& Tower with Radar,296,165,40,6,507,0,20,25,11,56,296,185,65,17,563,0,0,0,563
01/10/2002,ANC,AK,AAL,WE,Combined TRACON& Tower with Radar,289,199,22,6,516,0,18,26,6,50,289,217,48,12,566,0,0,0,566
01/11/2002,ANC,AK,AAL,WE,Combined TRACON& Tower with Radar,305,216,26,9,556,0,13,33,5,51,305,229,59,14,607,0,0,0,607
01/12/2002,ANC,AK,AAL,WE,Combined TRACON& Tower with Radar,301,165,31,0,497,2,12,101,0,115,303,177,132,0,612,0,0,0,612
01/13/2002,ANC,AK,AAL,WE,Combined TRACON& Tower with Radar,239,97,25,2,363,0,20,73,5,98,239,117,98,7,461,16,0,16,477
01/14/2002,ANC,AK,AAL,WE,Combined TRACON& Tower with Radar,232,151,18,4,405,1,19,19,28,67,233,170,37,32,472,1,0,1,473
01/15/2002,ANC,AK,AAL,WE,Combined TRACON& Tower with Radar,261,187,24,8,480,0,3,4,20,27,261,190,28,28,507,0,0,0,507
01/16/2002,ANC,AK,AAL,WE,Combined TRACON& Tower with Radar,307,193,30,19,549,0,12,24,10,46,307,205,54,29,595,0,0,0,595
01/17/2002,ANC,AK,AAL,WE,Combined TRACON& Tower with Radar,306,193,57,6,562,0,5,12,3,20,306,198,69,9,582,0,0,0,582
01/18/2002,ANC,AK,AAL,WE,Combined TRACON& Tower with Radar,307,187,43,5,542,0,0,67,1,68,307,187,110,6,610,0,0,0,610
01/19/2002,ANC,AK,AAL,WE,Combined TRACON& Tower with Radar,303,152,35,1,491,0,10,80,0,90,303,162,115,1,581,44,0,44,625
01/20/2002,ANC,AK,AAL,WE,Combined TRACON& Tower with Radar,245,98,24,0,367,0,23,123,1,147,245,121,147,1,514,0,0,0,514
01/21/2002,ANC,AK,AAL,WE,Combined TRACON& Tower with Radar,231,131,31,0,393,0,54,109,3,166,231,185,140,3,559,10,0,10,569
01/22/2002,ANC,AK,AAL,WE,Combined TRACON& Tower with Radar,246,156,31,4,437,0,19,35,31,85,246,175,66,35,522,0,0,0,522
01/23/2002,ANC,AK,AAL,WE,Combined TRACON& Tower with Radar,292,173,35,4,504,0,31,65,13,109,292,204,100,17,613,20,10,30,643
01/24/2002,ANC,AK,AAL,WE,Combined TRACON& Tower with Radar,303,191,24,8,526,0,47,46,8,101,303,238,70,16,627,0,0,0,627
01/25/2002,ANC,AK,AAL,WE,Combined TRACON& Tower with Radar,289,181,23,1,494,1,64,82,20,167,290,245,105,21,661,4,0,4,665
01/26/2002,ANC,AK,AAL,WE,Combined TRACON& Tower with Radar,287,128,23,1,439,0,33,65,0,98,287,161,88,1,537,46,0,46,583
01/27/2002,ANC,AK,AAL,WE,Combined TRACON& Tower with Radar,248,99,14,2,363,0,2,6,0,8,248,101,20,2,371,0,0,0,371
01/28/2002,ANC,AK,AAL,WE,Combined TRACON& Tower with Radar,233,141,19,9,402,7,0,1,0,8,240,141,20,9,410,0,0,0,410
01/29/2002,ANC,AK,AAL,WE,Combined TRACON& Tower with Radar,263,175,25,7,470,0,40,73,41,154,263,215,98,48,624,20,0,20,644
01/30/2002,ANC,AK,AAL,WE,Combined TRACON& Tower with Radar,307,185,31,11,534,0,32,52,9,93,307,217,83,20,627,22,0,22,649
01/31/2002,ANC,AK,AAL,WE,Combined TRACON& Tower with Radar,300,202,59,11,572,0,6,3,5,14,300,208,62,16,586,0,0,0,586
02/01/2002,ANC,AK,AAL,WE,Combined TRACON& Tower with Radar,299,183,24,6,512,2,33,113,6,154,301,216,137,12,666,22,0,22,688
02/02/2002,ANC,AK,AAL,WE,Combined TRACON& Tower with Radar,284,133,25,2,444,1,40,166,1,208,285,173,191,3,652,76,0,76,728
02/03/2002,ANC,AK,AAL,WE,Combined TRACON& Tower with Radar,241,85,16,1,343,2,20,90,0,112,243,105,106,1,455,0,0,0,455
02/04/2002,ANC,AK,AAL,WE,Combined TRACON& Tower with Radar,271,159,24,11,465,1,12,32,19,64,272,171,56,30,529,0,0,0,529
02/05/2002,ANC,AK,AAL,WE,Combined TRACON& Tower with Radar,269,172,38,11,490,2,29,76,11,118,271,201,114,22,608,8,0,8,616
02/06/2002,ANC,AK,AAL,WE,Combined TRACON& Tower with Radar,306,164,28,7,505,0,35,89,7,131,306,199,117,14,636,48,0,48,684
02/07/2002,ANC,AK,AAL,WE,Combined TRACON& Tower with Radar,299,193,37,9,538,0,1,0,1,2,299,194,37,10,540,6,0,6,546
02/08/2002,ANC,AK,AAL,WE,Combined TRACON& Tower with Radar,308,185,37,4,534,0,10,60,3,73,308,195,97,7,607,2,0,2,609
02/09/2002,ANC,AK,AAL,WE,Combined TRACON& Tower with Radar,289,133,32,0,454,1,48,123,1,173,290,181,155,1,627,58,0,58,685
02/10/2002,ANC,AK,AAL,WE,Combined TRACON& Tower with Radar,254,96,24,1,375,1,3,12,0,16,255,99,36,1,391,0,0,0,391
02/11/2002,ANC,AK,AAL,WE,Combined TRACON& Tower with Radar,231,141,24,10,406,1,17,57,31,106,232,158,81,41,512,0,0,0,512
02/12/2002,ANC,AK,AAL,WE,Combined TRACON& Tower with Radar,265,161,13,8,447,1,17,13,3,34,266,178,26,11,481,0,0,0,481
02/13/2002,ANC,AK,AAL,WE,Combined TRACON& Tower with Radar,252,163,20,7,442,1,20,19,28,68,253,183,39,35,510,0,0,0,510
02/14/2002,ANC,AK,AAL,WE,Combined TRACON& Tower with Radar,269,187,27,15,498,1,12,18,16,47,270,199,45,31,545,0,0,0,545
02/15/2002,ANC,AK,AAL,WE,Combined TRACON& Tower with Radar,292,180,29,8,509,1,21,83,21,126,293,201,112,29,635,42,0,42,677
02/16/2002,ANC,AK,AAL,WE,Combined TRACON& Tower with Radar,255,133,22,0,410,1,28,52,0,81,256,161,74,0,491,0,0,0,491
02/17/2002,ANC,AK,AAL,WE,Combined TRACON& Tower with Radar,206,98,21,0,325,0,29,161,0,190,206,127,182,0,515,22,0,22,537
02/18/2002,ANC,AK,AAL,WE,Combined TRACON& Tower with Radar,204,123,30,3,360,0,44,173,1,218,204,167,203,4,578,14,0,14,592
02/19/2002,ANC,AK,AAL,WE,Combined TRACON& Tower with Radar,244,146,44,5,439,0,30,121,4,155,244,176,165,9,594,34,0,34,628
02/20/2002,ANC,AK,AAL,WE,Combined TRACON& Tower with Radar,275,131,45,7,458,9,66,142,15,232,284,197,187,22,690,0,0,0,690
02/21/2002,ANC,AK,AAL,WE,Combined TRACON& Tower with Radar,287,176,41,7,511,1,19,101,11,132,288,195,142,18,643,10,0,10,653
02/22/2002,ANC,AK,AAL,WE,Combined TRACON& Tower with Radar,290,168,44,9,511,1,28,84,9,122,291,196,128,18,633,14,0,14,647
02/23/2002,ANC,AK,AAL,WE,Combined TRACON& Tower with Radar,285,121,31,1,438,0,27,123,0,150,285,148,154,1,588,6,0,6,594
02/24/2002,ANC,AK,AAL,WE,Combined TRACON& Tower with Radar,242,89,53,0,384,0,40,121,2,163,242,129,174,2,547,0,0,0,547
02/25/2002,ANC,AK,AAL,WE,Combined TRACON& Tower with Radar,252,176,20,0,448,3,18,97,11,129,255,194,117,11,577,10,0,10,587
02/26/2002,ANC,AK,AAL,WE,Combined TRACON& Tower with Radar,273,170,20,1,464,0,31,67,11,109,273,201,87,12,573,6,0,6,579
02/27/2002,ANC,AK,AAL,WE,Combined TRACON& Tower with Radar,322,160,46,11,539,1,41,125,11,178,323,201,171,22,717,0,0,0,717
02/28/2002,ANC,AK,AAL,WE,Combined TRACON& Tower with Radar,313,171,30,14,528,1,19,19,17,56,314,190,49,31,584,48,0,48,632
03/01/2002,ANC,AK,AAL,WE,Combined TRACON& Tower with Radar,312,181,80,10,583,2,53,158,14,227,314,234,238,24,810,30,0,30,840
03/02/2002,ANC,AK,AAL,WE,Combined TRACON& Tower with Radar,285,111,19,5,420,2,49,261,1,313,287,160,280,6,733,6,0,6,739
03/03/2002,ANC,AK,AAL,WE,Combined TRACON& Tower with Radar,262,67,30,10,369,2,72,309,5,388,264,139,339,15,757,50,0,50,807
03/04/2002,ANC,AK,AAL,WE,Combined TRACON& Tower with Radar,230,114,38,0,382,2,107,291,17,417,232,221,329,17,799,0,0,0,799
03/05/2002,ANC,AK,AAL,WE,Combined TRACON& Tower with Radar,287,119,31,6,443,3,75,237,24,339,290,194,268,30,782,24,0,24,806
03/06/2002,ANC,AK,AAL,WE,Combined TRACON& Tower with Radar,293,143,57,3,496,3,73,178,23,277,296,216,235,26,773,28,0,28,801
03/07/2002,ANC,AK,AAL,WE,Combined TRACON& Tower with Radar,313,152,45,6,516,1,61,176,17,255,314,213,221,23,771,40,0,40,811
03/08/2002,ANC,AK,AAL,WE,Combined TRACON& Tower with Radar,311,156,54,3,524,1,66,211,16,294,312,222,265,19,818,18,0,18,836
03/09/2002,ANC,AK,AAL,WE,Combined TRACON& Tower with Radar,294,121,32,1,448,2,37,158,0,197,296,158,190,1,645,24,0,24,669
03/10/2002,ANC,AK,AAL,WE,Combined TRACON& Tower with Radar,255,73,18,3,349,1,29,87,1,118,256,102,105,4,467,0,0,0,467
03/11/2002,ANC,AK,AAL,WE,Combined TRACON& Tower with Radar,240,126,42,9,417,0,74,98,29,201,240,200,140,38,618,22,0,22,640
03/12/2002,ANC,AK,AAL,WE,Combined TRACON& Tower with Radar,269,143,34,13,459,1,54,146,26,227,270,197,180,39,686,35,0,35,721
03/13/2002,ANC,AK,AAL,WE,Combined TRACON& Tower with Radar,309,139,32,8,488,1,56,153,16,226,310,195,185,24,714,8,0,8,722
03/14/2002,ANC,AK,AAL,WE,Combined TRACON& Tower with Radar,309,151,56,14,530,1,48,117,27,193,310,199,173,41,723,36,0,36,759
03/15/2002,ANC,AK,AAL,WE,Combined TRACON& Tower with Radar,319,173,68,4,564,1,47,107,3,158,320,220,175,7,722,12,0,12,734
03/16/2002,ANC,AK,AAL,WE,Combined TRACON& Tower with Radar,306,136,40,0,482,0,25,92,1,118,306,161,132,1,600,0,0,0,600
03/17/2002,ANC,AK,AAL,WE,Combined TRACON& Tower with Radar,180,39,7,1,227,0,1,0,0,1,180,40,7,1,228,0,0,0,228
03/18/2002,ANC,AK,AAL,WE,Combined TRACON& Tower with Radar,268,139,42,5,454,2,44,51,6,103,270,183,93,11,557,14,0,14,571
03/19/2002,ANC,AK,AAL,WE,Combined TRACON& Tower with Radar,337,187,39,11,574,1,32,111,19,163,338,219,150,30,737,16,0,16,753
03/20/2002,ANC,AK,AAL,WE,Combined TRACON& Tower with Radar,332,166,55,2,555,1,68,93,12,174,333,234,148,14,729,7,0,7,736
03/21/2002,ANC,AK,AAL,WE,Combined TRACON& Tower with Radar,336,169,63,14,582,0,48,104,6,158,336,217,167,20,740,8,0,8,748
03/22/2002,ANC,AK,AAL,WE,Combined TRACON& Tower with Radar,333,152,52,7,544,0,67,203,5,275,333,219,255,12,819,34,0,34,853
03/23/2002,ANC,AK,AAL,WE,Combined TRACON& Tower with Radar,320,104,49,0,473,2,51,259,0,312,322,155,308,0,785,18,0,18,803
03/24/2002,ANC,AK,AAL,WE,Combined TRACON& Tower with Radar,279,91,39,2,411,4,27,145,1,177,283,118,184,3,588,4,0,4,592
03/25/2002,ANC,AK,AAL,WE,Combined TRACON& Tower with Radar,260,170,32,8,470,1,17,72,20,110,261,187,104,28,580,22,0,22,602
03/26/2002,ANC,AK,AAL,WE,Combined TRACON& Tower with Radar,311,178,29,10,528,1,3,10,6,20,312,181,39,16,548,0,0,0,548
03/27/2002,ANC,AK,AAL,WE,Combined TRACON& Tower with Radar,328,179,19,10,536,1,27,82,35,145,329,206,101,45,681,22,0,22,703
03/28/2002,ANC,AK,AAL,WE,Combined TRACON& Tower with Radar,326,174,44,4,548,1,76,174,17,268,327,250,218,21,816,10,0,10,826
03/29/2002,ANC,AK,AAL,WE,Combined TRACON& Tower with Radar,345,179,40,1,565,1,68,188,3,260,346,247,228,4,825,14,0,14,839
03/30/2002,ANC,AK,AAL,WE,Combined TRACON& Tower with Radar,313,120,62,2,497,4,53,261,0,318,317,173,323,2,815,16,0,16,831
03/31/2002,ANC,AK,AAL,WE,Combined TRACON& Tower with Radar,290,65,12,0,367,1,36,162,0,199,291,101,174,0,566,34,0,34,600
04/01/2002,ANC,AK,AAL,WE,Combined TRACON& Tower with Radar,242,125,37,4,408,0,79,131,14,224,242,204,168,18,632,68,0,68,700
04/02/2002,ANC,AK,AAL,WE,Combined TRACON& Tower with Radar,303,123,31,2,459,0,81,131,8,220,303,204,162,10,679,10,0,10,689
04/03/2002,ANC,AK,AAL,WE,Combined TRACON& Tower with Radar,328,169,48,6,551,0,53,155,20,228,328,222,203,26,779,52,0,52,831
04/04/2002,ANC,AK,AAL,WE,Combined TRACON& Tower with Radar,329,167,35,11,542,0,45,88,8,141,329,212,123,19,683,6,0,6,689
04/05/2002,ANC,AK,AAL,WE,Combined TRACON& Tower with Radar,315,156,33,7,511,1,73,183,8,265,316,229,216,15,776,34,0,34,810
04/06/2002,ANC,AK,AAL,WE,Combined TRACON& Tower with Radar,315,107,25,4,451,0,59,310,5,374,315,166,335,9,825,40,0,40,865
04/07/2002,ANC,AK,AAL,WE,Combined TRACON& Tower with Radar,272,81,42,1,396,0,52,217,2,271,272,133,259,3,667,12,0,12,679
04/08/2002,ANC,AK,AAL,WE,Combined TRACON& Tower with Radar,240,129,52,4,425,0,75,175,16,266,240,204,227,20,691,24,0,24,715
04/09/2002,ANC,AK,AAL,WE,Combined TRACON& Tower with Radar,301,166,32,6,505,1,41,80,7,129,302,207,112,13,634,10,0,10,644
04/10/2002,ANC,AK,AAL,WE,Combined TRACON& Tower with Radar,332,186,34,12,564,0,47,99,11,157,332,233,133,23,721,46,0,46,767
04/11/2002,ANC,AK,AAL,WE,Combined TRACON& Tower with Radar,328,152,45,6,531,0,48,116,3,167,328,200,161,9,698,62,0,62,760
04/12/2002,ANC,AK,AAL,WE,Combined TRACON& Tower with Radar,326,143,48,0,517,0,53,185,12,250,326,196,233,12,767,54,0,54,821
04/13/2002,ANC,AK,AAL,WE,Combined TRACON& Tower with Radar,307,97,56,4,464,0,37,138,2,177,307,134,194,6,641,40,0,40,681
04/14/2002,ANC,AK,AAL,WE,Combined TRACON& Tower with Radar,269,76,27,4,376,0,55,274,2,331,269,131,301,6,707,22,0,22,729
04/15/2002,ANC,AK,AAL,WE,Combined TRACON& Tower with Radar,262,127,35,5,429,1,59,184,6,250,263,186,219,11,679,6,0,6,685
04/16/2002,ANC,AK,AAL,WE,Combined TRACON& Tower with Radar,283,166,48,7,504,0,70,191,20,281,283,236,239,27,785,6,0,6,791
04/17/2002,ANC,AK,AAL,WE,Combined TRACON& Tower with Radar,316,168,35,3,522,0,18,42,5,65,316,186,77,8,587,40,0,40,627
04/18/2002,ANC,AK,AAL,WE,Combined TRACON& Tower with Radar,327,168,31,7,533,0,13,21,3,37,327,181,52,10,570,4,0,4,574
04/19/2002,ANC,AK,AAL,WE,Combined TRACON& Tower with Radar,342,182,34,10,568,0,8,63,6,77,342,190,97,16,645,0,0,0,645
04/20/2002,ANC,AK,AAL,WE,Combined TRACON& Tower with Radar,311,119,26,2,458,0,18,92,3,113,311,137,118,5,571,116,0,116,687
04/21/2002,ANC,AK,AAL,WE,Combined TRACON& Tower with Radar,283,75,35,2,395,0,33,201,3,237,283,108,236,5,632,16,0,16,648
04/22/2002,ANC,AK,AAL,WE,Combined TRACON& Tower with Radar,246,114,33,4,397,1,67,159,7,234,247,181,192,11,631,36,0,36,667
04/23/2002,ANC,AK,AAL,WE,Combined TRACON& Tower with Radar,286,136,36,7,465,0,81,248,10,339,286,217,284,17,804,66,0,66,870
04/24/2002,ANC,AK,AAL,WE,Combined TRACON& Tower with Radar,334,168,66,5,573,1,71,200,16,288,335,239,266,21,861,22,0,22,883
04/25/2002,ANC,AK,AAL,WE,Combined TRACON& Tower with Radar,321,155,52,10,538,1,86,175,17,279,322,241,227,27,817,26,0,26,843
04/26/2002,ANC,AK,AAL,WE,Combined TRACON& Tower with Radar,321,156,66,7,550,0,48,167,5,220,321,204,233,12,770,44,0,44,814
04/27/2002,ANC,AK,AAL,WE,Combined TRACON& Tower with Radar,307,104,13,1,425,0,38,245,0,283,307,142,258,1,708,44,0,44,752
04/28/2002,ANC,AK,AAL,WE,Combined TRACON& Tower with Radar,274,87,27,1,389,0,9,82,0,91,274,96,109,1,480,154,0,154,634
04/29/2002,ANC,AK,AAL,WE,Combined TRACON& Tower with Radar,256,151,33,6,446,0,19,57,17,93,256,170,90,23,539,42,0,42,581
04/30/2002,ANC,AK,AAL,WE,Combined TRACON& Tower with Radar,299,175,32,15,521,3,28,86,19,136,302,203,118,34,657,92,0,92,749
05/01/2002,ANC,AK,AAL,WE,Combined TRACON& Tower with Radar,335,157,45,7,544,0,69,115,4,188,335,226,160,11,732,2,0,2,734
05/02/2002,ANC,AK,AAL,WE,Combined TRACON& Tower with Radar,321,155,55,12,543,1,69,246,22,338,322,224,301,34,881,10,0,10,891
05/03/2002,ANC,AK,AAL,WE,Combined TRACON& Tower with Radar,311,188,49,5,553,1,40,119,9,169,312,228,168,14,722,100,0,100,822
05/04/2002,ANC,AK,AAL,WE,Combined TRACON& Tower with Radar,295,104,30,3,432,1,67,249,0,317,296,171,279,3,749,62,0,62,811
05/05/2002,ANC,AK,AAL,WE,Combined TRACON& Tower with Radar,258,80,33,5,376,1,36,148,5,190,259,116,181,10,566,72,0,72,638
05/06/2002,ANC,AK,AAL,WE,Combined TRACON& Tower with Radar,247,172,38,11,468,1,27,49,39,116,248,199,87,50,584,16,0,16,600
05/07/2002,ANC,AK,AAL,WE,Combined TRACON& Tower with Radar,280,185,46,12,523,1,39,155,10,205,281,224,201,22,728,64,0,64,792
05/08/2002,ANC,AK,AAL,WE,Combined TRACON& Tower with Radar,325,192,37,7,561,1,57,135,15,208,326,249,172,22,769,28,0,28,797
05/09/2002,ANC,AK,AAL,WE,Combined TRACON& Tower with Radar,340,180,37,9,566,1,43,108,23,175,341,223,145,32,741,26,0,26,767
05/10/2002,ANC,AK,AAL,WE,Combined TRACON& Tower with Radar,351,145,89,5,590,1,64,205,10,280,352,209,294,15,870,70,0,70,940
05/11/2002,ANC,AK,AAL,WE,Combined TRACON& Tower with Radar,325,119,41,3,488,0,46,317,0,363,325,165,358,3,851,76,0,76,927
05/12/2002,ANC,AK,AAL,WE,Combined TRACON& Tower with Radar,276,72,16,1,365,0,66,243,0,309,276,138,259,1,674,116,0,116,790
05/13/2002,ANC,AK,AAL,WE,Combined TRACON& Tower with Radar,265,117,23,6,411,3,123,330,21,477,268,240,353,27,888,114,0,114,1002
05/14/2002,ANC,AK,AAL,WE,Combined TRACON& Tower with Radar,305,145,36,10,496,1,119,314,21,455,306,264,350,31,951,70,0,70,1021
05/15/2002,ANC,AK,AAL,WE,Combined TRACON& Tower with Radar,358,176,39,8,581,0,50,201,20,271,358,226,240,28,852,78,0,78,930
05/16/2002,ANC,AK,AAL,WE,Combined TRACON& Tower with Radar,345,164,36,4,549,0,112,430,13,555,345,276,466,17,1104,60,0,60,1164
05/17/2002,ANC,AK,AAL,WE,Combined TRACON& Tower with Radar,347,161,54,1,563,1,128,408,4,541,348,289,462,5,1104,123,0,123,1227
05/18/2002,ANC,AK,AAL,WE,Combined TRACON& Tower with Radar,336,109,57,1,503,0,92,506,2,600,336,201,563,3,1103,84,0,84,1187
05/19/2002,ANC,AK,AAL,WE,Combined TRACON& Tower with Radar,297,88,39,2,426,0,71,469,2,542,297,159,508,4,968,34,0,34,1002
05/20/2002,ANC,AK,AAL,WE,Combined TRACON& Tower with Radar,290,123,38,8,459,0,132,412,22,566,290,255,450,30,1025,108,0,108,1133
05/21/2002,ANC,AK,AAL,WE,Combined TRACON& Tower with Radar,319,154,44,5,522,0,126,368,22,516,319,280,412,27,1038,38,0,38,1076
05/22/2002,ANC,AK,AAL,WE,Combined TRACON& Tower with Radar,344,160,37,8,549,1,105,240,18,364,345,265,277,26,913,26,0,26,939
05/23/2002,ANC,AK,AAL,WE,Combined TRACON& Tower with Radar,369,166,44,8,587,1,121,386,22,530,370,287,430,30,1117,54,0,54,1171
05/24/2002,ANC,AK,AAL,WE,Combined TRACON& Tower with Radar,351,166,44,5,566,0,178,528,11,717,351,344,572,16,1283,38,0,38,1321
05/25/2002,ANC,AK,AAL,WE,Combined TRACON& Tower with Radar,351,129,35,2,517,1,181,562,0,744,352,310,597,2,1261,24,0,24,1285
05/26/2002,ANC,AK,AAL,WE,Combined TRACON& Tower with Radar,299,87,47,4,437,0,117,414,0,531,299,204,461,4,968,58,0,58,1026
05/27/2002,ANC,AK,AAL,WE,Combined TRACON& Tower with Radar,268,108,21,6,403,0,146,359,0,505,268,254,380,6,908,20,0,20,928
05/28/2002,ANC,AK,AAL,WE,Combined TRACON& Tower with Radar,309,156,37,8,510,0,116,313,15,444,309,272,350,23,954,18,0,18,972
05/29/2002,ANC,AK,AAL,WE,Combined TRACON& Tower with Radar,342,171,36,12,561,0,95,289,23,407,342,266,325,35,968,10,0,10,978
05/30/2002,ANC,AK,AAL,WE,Combined TRACON& Tower with Radar,345,162,23,22,552,0,105,192,15,312,345,267,215,37,864,8,0,8,872
05/31/2002,ANC,AK,AAL,WE,Combined TRACON& Tower with Radar,349,166,79,21,615,0,122,430,6,558,349,288,509,27,1173,2,0,2,1175
06/01/2002,ANC,AK,AAL,WE,Combined TRACON& Tower with Radar,359,155,60,12,586,0,97,296,7,400,359,252,356,19,986,30,0,30,1016
06/02/2002,ANC,AK,AAL,WE,Combined TRACON& Tower with Radar,304,88,42,9,443,0,125,487,4,616,304,213,529,13,1059,14,0,14,1073
06/03/2002,ANC,AK,AAL,WE,Combined TRACON& Tower with Radar,293,156,35,11,495,0,105,345,14,464,293,261,380,25,959,16,0,16,975
06/04/2002,ANC,AK,AAL,WE,Combined TRACON& Tower with Radar,338,184,47,10,579,0,144,332,14,490,338,328,379,24,1069,38,0,38,1107
06/05/2002,ANC,AK,AAL,WE,Combined TRACON& Tower with Radar,366,196,55,10,627,0,153,221,14,388,366,349,276,24,1015,12,0,12,1027
06/06/2002,ANC,AK,AAL,WE,Combined TRACON& Tower with Radar,383,211,97,12,703,0,106,261,16,383,383,317,358,28,1086,30,0,30,1116
06/07/2002,ANC,AK,AAL,WE,Combined TRACON& Tower with Radar,371,197,65,2,635,0,168,498,11,677,371,365,563,13,1312,48,0,48,1360
06/08/2002,ANC,AK,AAL,WE,Combined TRACON& Tower with Radar,382,153,51,4,590,0,166,439,0,605,382,319,490,4,1195,36,0,36,1231
06/09/2002,ANC,AK,AAL,WE,Combined TRACON& Tower with Radar,357,98,48,0,503,0,138,366,2,506,357,236,414,2,1009,10,0,10,1019
06/10/2002,ANC,AK,AAL,WE,Combined TRACON& Tower with Radar,323,185,63,8,579,0,106,296,20,422,323,291,359,28,1001,16,0,16,1017
06/11/2002,ANC,AK,AAL,WE,Combined TRACON& Tower with Radar,359,182,53,6,600,0,151,348,30,529,359,333,401,36,1129,18,0,18,1147
06/12/2002,ANC,AK,AAL,WE,Combined TRACON& Tower with Radar,405,197,49,6,657,0,148,432,15,595,405,345,481,21,1252,13,0,13,1265
06/13/2002,ANC,AK,AAL,WE,Combined TRACON& Tower with Radar,395,167,43,2,607,0,201,386,14,601,395,368,429,16,1208,18,0,18,1226
06/14/2002,ANC,AK,AAL,WE,Combined TRACON& Tower with Radar,392,173,58,5,628,0,199,574,5,778,392,372,632,10,1406,6,0,6,1412
06/15/2002,ANC,AK,AAL,WE,Combined TRACON& Tower with Radar,420,154,43,1,618,1,248,628,0,877,421,402,671,1,1495,4,0,4,1499
06/16/2002,ANC,AK,AAL,WE,Combined TRACON& Tower with Radar,342,122,43,0,507,0,225,496,2,723,342,347,539,2,1230,14,0,14,1244
06/17/2002,ANC,AK,AAL,WE,Combined TRACON& Tower with Radar,341,221,125,12,699,0,109,264,11,384,341,330,389,23,1083,0,0,0,1083
06/18/2002,ANC,AK,AAL,WE,Combined TRACON& Tower with Radar,377,190,73,14,654,0,157,362,15,534,377,347,435,29,1188,22,0,22,1210
06/19/2002,ANC,AK,AAL,WE,Combined TRACON& Tower with Radar,424,199,57,4,684,0,129,331,12,472,424,328,388,16,1156,20,0,20,1176
06/20/2002,ANC,AK,AAL,WE,Combined TRACON& Tower with Radar,410,206,67,7,690,0,206,405,17,628,410,412,472,24,1318,4,0,4,1322
06/21/2002,ANC,AK,AAL,WE,Combined TRACON& Tower with Radar,417,214,107,0,738,0,248,536,5,789,417,462,643,5,1527,6,10,16,1543
06/22/2002,ANC,AK,AAL,WE,Combined TRACON& Tower with Radar,414,163,60,1,638,2,269,591,0,862,416,432,651,1,1500,2,0,2,1502
06/23/2002,ANC,AK,AAL,WE,Combined TRACON& Tower with Radar,357,125,56,3,541,0,212,469,3,684,357,337,525,6,1225,2,0,2,1227
06/24/2002,ANC,AK,AAL,WE,Combined TRACON& Tower with Radar,360,157,49,6,572,0,185,375,12,572,360,342,424,18,1144,22,0,22,1166
06/25/2002,ANC,AK,AAL,WE,Combined TRACON& Tower with Radar,382,192,46,4,624,0,131,286,26,443,382,323,332,30,1067,0,0,0,1067
06/26/2002,ANC,AK,AAL,WE,Combined TRACON& Tower with Radar,445,201,54,2,702,0,186,384,17,587,445,387,438,19,1289,52,0,52,1341
06/27/2002,ANC,AK,AAL,WE,Combined TRACON& Tower with Radar,414,193,87,9,703,0,203,367,13,583,414,396,454,22,1286,6,0,6,1292
06/28/2002,ANC,AK,AAL,WE,Combined TRACON& Tower with Radar,424,197,63,8,692,0,250,542,8,800,424,447,605,16,1492,6,0,6,1498
06/29/2002,ANC,AK,AAL,WE,Combined TRACON& Tower with Radar,434,159,52,0,645,0,258,548,0,806,434,417,600,0,1451,10,0,10,1461
06/30/2002,ANC,AK,AAL,WE,Combined TRACON& Tower with Radar,361,117,54,2,534,1,217,444,1,663,362,334,498,3,1197,2,0,2,1199
07/01/2002,ANC,AK,AAL,WE,Combined TRACON& Tower with Radar,354,165,57,4,580,1,214,316,25,556,355,379,373,29,1136,0,0,0,1136
07/02/2002,ANC,AK,AAL,WE,Combined TRACON& Tower with Radar,380,198,50,7,635,0,166,379,19,564,380,364,429,26,1199,14,0,14,1213
07/03/2002,ANC,AK,AAL,WE,Combined TRACON& Tower with Radar,417,197,47,3,664,1,167,389,12,569,418,364,436,15,1233,30,0,30,1263
07/04/2002,ANC,AK,AAL,WE,Combined TRACON& Tower with Radar,387,96,43,0,526,0,211,409,3,623,387,307,452,3,1149,12,0,12,1161
07/05/2002,ANC,AK,AAL,WE,Combined TRACON& Tower with Radar,414,149,45,0,608,1,207,397,6,611,415,356,442,6,1219,10,0,10,1229
07/06/2002,ANC,AK,AAL,WE,Combined TRACON& Tower with Radar,420,177,36,0,633,0,206,393,2,601,420,383,429,2,1234,10,0,10,1244
07/07/2002,ANC,AK,AAL,WE,Combined TRACON& Tower with Radar,378,145,46,5,574,1,205,430,0,636,379,350,476,5,1210,72,0,72,1282
07/08/2002,ANC,AK,AAL,WE,Combined TRACON& Tower with Radar,366,187,38,6,597,1,171,353,18,543,367,358,391,24,1140,24,0,24,1164
07/09/2002,ANC,AK,AAL,WE,Combined TRACON& Tower with Radar,397,193,61,8,659,0,142,297,52,491,397,335,358,60,1150,0,0,0,1150
07/10/2002,ANC,AK,AAL,WE,Combined TRACON& Tower with Radar,413,176,57,4,650,1,178,367,20,566,414,354,424,24,1216,0,0,0,1216
07/11/2002,ANC,AK,AAL,WE,Combined TRACON& Tower with Radar,408,189,43,5,645,1,205,425,9,640,409,394,468,14,1285,122,8,130,1415
07/12/2002,ANC,AK,AAL,WE,Combined TRACON& Tower with Radar,417,191,58,2,668,0,208,437,12,657,417,399,495,14,1325,22,0,22,1347
07/13/2002,ANC,AK,AAL,WE,Combined TRACON& Tower with Radar,410,193,50,2,655,1,210,458,4,673,411,403,508,6,1328,22,0,22,1350
07/14/2002,ANC,AK,AAL,WE,Combined TRACON& Tower with Radar,356,122,33,5,516,0,191,388,7,586,356,313,421,12,1102,4,0,4,1106
07/15/2002,ANC,AK,AAL,WE,Combined TRACON& Tower with Radar,351,211,48,12,622,1,188,326,24,539,352,399,374,36,1161,6,0,6,1167
07/16/2002,ANC,AK,AAL,WE,Combined TRACON& Tower with Radar,407,175,48,7,637,1,199,452,33,685,408,374,500,40,1322,14,0,14,1336
07/17/2002,ANC,AK,AAL,WE,Combined TRACON& Tower with Radar,402,190,37,4,633,1,202,455,35,693,403,392,492,39,1326,0,0,0,1326
07/18/2002,ANC,AK,AAL,WE,Combined TRACON& Tower with Radar,399,231,80,5,715,1,124,205,27,357,400,355,285,32,1072,28,0,28,1100
07/19/2002,ANC,AK,AAL,WE,Combined TRACON& Tower with Radar,398,190,55,7,650,1,229,465,10,705,399,419,520,17,1355,0,0,0,1355
07/20/2002,ANC,AK,AAL,WE,Combined TRACON& Tower with Radar,429,211,98,5,743,1,229,378,0,608,430,440,476,5,1351,22,0,22,1373
07/21/2002,ANC,AK,AAL,WE,Combined TRACON& Tower with Radar,366,133,69,4,572,0,172,435,0,607,366,305,504,4,1179,48,0,48,1227
07/22/2002,ANC,AK,AAL,WE,Combined TRACON& Tower with Radar,330,185,58,8,581,0,133,266,32,431,330,318,324,40,1012,18,0,18,1030
07/23/2002,ANC,AK,AAL,WE,Combined TRACON& Tower with Radar,389,203,65,17,674,0,184,345,10,539,389,387,410,27,1213,24,1,25,1238
07/24/2002,ANC,AK,AAL,WE,Combined TRACON& Tower with Radar,409,227,57,13,706,0,113,120,49,282,409,340,177,62,988,24,0,24,1012
07/25/2002,ANC,AK,AAL,WE,Combined TRACON& Tower with Radar,418,200,44,15,677,0,172,329,27,528,418,372,373,42,1205,22,0,22,1227
07/26/2002,ANC,AK,AAL,WE,Combined TRACON& Tower with Radar,420,206,66,4,696,0,160,246,7,413,420,366,312,11,1109,0,0,0,1109
07/27/2002,ANC,AK,AAL,WE,Combined TRACON& Tower with Radar,429,194,67,3,693,0,182,434,0,616,429,376,501,3,1309,68,0,68,1377
07/28/2002,ANC,AK,AAL,WE,Combined TRACON& Tower with Radar,363,128,49,0,540,0,184,465,0,649,363,312,514,0,1189,18,0,18,1207
07/29/2002,ANC,AK,AAL,WE,Combined TRACON& Tower with Radar,332,178,55,6,571,0,190,437,35,662,332,368,492,41,1233,36,0,36,1269
07/30/2002,ANC,AK,AAL,WE,Combined TRACON& Tower with Radar,389,175,66,1,631,0,213,576,30,819,389,388,642,31,1450,12,0,12,1462
07/31/2002,ANC,AK,AAL,WE,Combined TRACON& Tower with Radar,399,189,90,5,683,1,198,488,31,718,400,387,578,36,1401,24,0,24,1425
08/01/2002,ANC,AK,AAL,WE,Combined TRACON& Tower with Radar,401,167,41,2,611,1,254,548,21,824,402,421,589,23,1435,42,0,42,1477
08/02/2002,ANC,AK,AAL,WE,Combined TRACON& Tower with Radar,392,175,70,1,638,0,291,587,7,885,392,466,657,8,1523,10,0,10,1533
08/03/2002,ANC,AK,AAL,WE,Combined TRACON& Tower with Radar,420,150,53,2,625,2,270,608,0,880,422,420,661,2,1505,8,0,8,1513
08/04/2002,ANC,AK,AAL,WE,Combined TRACON& Tower with Radar,360,107,44,1,512,1,235,606,0,842,361,342,650,1,1354,0,0,0,1354
08/05/2002,ANC,AK,AAL,WE,Combined TRACON& Tower with Radar,318,211,83,13,625,1,120,328,15,464,319,331,411,28,1089,0,0,0,1089
08/06/2002,ANC,AK,AAL,WE,Combined TRACON& Tower with Radar,396,189,54,8,647,1,163,256,11,431,397,352,310,19,1078,28,0,28,1106
08/07/2002,ANC,AK,AAL,WE,Combined TRACON& Tower with Radar,413,212,57,7,689,1,191,234,11,437,414,403,291,18,1126,0,0,0,1126
08/08/2002,ANC,AK,AAL,WE,Combined TRACON& Tower with Radar,406,214,57,11,688,1,161,206,13,381,407,375,263,24,1069,4,0,4,1073
08/09/2002,ANC,AK,AAL,WE,Combined TRACON& Tower with Radar,409,197,58,1,665,1,222,455,8,686,410,419,513,9,1351,6,0,6,1357
08/10/2002,ANC,AK,AAL,WE,Combined TRACON& Tower with Radar,430,198,56,2,686,1,193,392,0,586,431,391,448,2,1272,10,0,10,1282
08/11/2002,ANC,AK,AAL,WE,Combined TRACON& Tower with Radar,354,170,76,0,600,0,86,143,0,229,354,256,219,0,829,10,0,10,839
08/12/2002,ANC,AK,AAL,WE,Combined TRACON& Tower with Radar,324,236,76,8,644,0,107,123,4,234,324,343,199,12,878,0,0,0,878
08/13/2002,ANC,AK,AAL,WE,Combined TRACON& Tower with Radar,389,184,56,7,636,0,245,409,11,665,389,429,465,18,1301,6,0,6,1307
08/14/2002,ANC,AK,AAL,WE,Combined TRACON& Tower with Radar,415,203,61,4,683,0,229,453,13,695,415,432,514,17,1378,46,0,46,1424
08/15/2002,ANC,AK,AAL,WE,Combined TRACON& Tower with Radar,396,210,84,7,697,0,196,328,13,537,396,406,412,20,1234,0,0,0,1234
08/16/2002,ANC,AK,AAL,WE,Combined TRACON& Tower with Radar,399,216,102,11,728,0,204,405,15,624,399,420,507,26,1352,20,0,20,1372
08/17/2002,ANC,AK,AAL,WE,Combined TRACON& Tower with Radar,411,161,63,4,639,0,279,532,0,811,411,440,595,4,1450,18,0,18,1468
08/18/2002,ANC,AK,AAL,WE,Combined TRACON& Tower with Radar,363,131,69,4,567,0,174,491,0,665,363,305,560,4,1232,2,0,2,1234
08/19/2002,ANC,AK,AAL,WE,Combined TRACON& Tower with Radar,341,183,41,9,574,2,180,254,4,440,343,363,295,13,1014,0,0,0,1014
08/20/2002,ANC,AK,AAL,WE,Combined TRACON& Tower with Radar,404,186,32,2,624,2,62,86,9,159,406,248,118,11,783,0,0,0,783
08/21/2002,ANC,AK,AAL,WE,Combined TRACON& Tower with Radar,420,226,57,12,715,0,69,100,6,175,420,295,157,18,890,0,0,0,890
08/22/2002,ANC,AK,AAL,WE,Combined TRACON& Tower with Radar,413,199,58,6,676,0,146,224,9,379,413,345,282,15,1055,0,26,26,1081
08/23/2002,ANC,AK,AAL,WE,Combined TRACON& Tower with Radar,402,252,126,6,786,0,159,316,3,478,402,411,442,9,1264,0,0,0,1264
08/24/2002,ANC,AK,AAL,WE,Combined TRACON& Tower with Radar,418,180,50,1,649,0,175,526,0,701,418,355,576,1,1350,16,0,16,1366
08/25/2002,ANC,AK,AAL,WE,Combined TRACON& Tower with Radar,362,111,39,4,516,0,193,471,0,664,362,304,510,4,1180,6,0,6,1186
08/26/2002,ANC,AK,AAL,WE,Combined TRACON& Tower with Radar,357,166,36,12,571,0,178,345,7,530,357,344,381,19,1101,28,0,28,1129
08/27/2002,ANC,AK,AAL,WE,Combined TRACON& Tower with Radar,391,171,47,6,615,1,132,396,7,536,392,303,443,13,1151,8,0,8,1159
08/28/2002,ANC,AK,AAL,WE,Combined TRACON& Tower with Radar,397,164,52,0,613,1,211,416,21,649,398,375,468,21,1262,24,0,24,1286
08/29/2002,ANC,AK,AAL,WE,Combined TRACON& Tower with Radar,398,160,46,8,612,0,191,271,7,469,398,351,317,15,1081,0,0,0,1081
08/30/2002,ANC,AK,AAL,WE,Combined TRACON& Tower with Radar,408,193,81,6,688,0,142,281,8,431,408,335,362,14,1119,24,0,24,1143
08/31/2002,ANC,AK,AAL,WE,Combined TRACON& Tower with Radar,391,184,61,3,639,26,165,411,0,602,417,349,472,3,1241,0,0,0,1241
09/01/2002,ANC,AK,AAL,WE,Combined TRACON& Tower with Radar,371,100,70,3,544,1,126,259,3,389,372,226,329,6,933,22,0,22,955
09/02/2002,ANC,AK,AAL,WE,Combined TRACON& Tower with Radar,336,121,30,0,487,0,203,617,0,820,336,324,647,0,1307,26,0,26,1333
09/03/2002,ANC,AK,AAL,WE,Combined TRACON& Tower with Radar,341,139,32,5,517,0,172,438,8,618,341,311,470,13,1135,26,0,26,1161
09/04/2002,ANC,AK,AAL,WE,Combined TRACON& Tower with Radar,410,145,49,3,607,0,176,300,17,493,410,321,349,20,1100,2,0,2,1102
09/05/2002,ANC,AK,AAL,WE,Combined TRACON& Tower with Radar,402,183,56,8,649,0,123,193,8,324,402,306,249,16,973,4,0,4,977
09/06/2002,ANC,AK,AAL,WE,Combined TRACON& Tower with Radar,395,188,86,5,674,0,93,163,15,271,395,281,249,20,945,0,0,0,945
09/07/2002,ANC,AK,AAL,WE,Combined TRACON& Tower with Radar,397,162,46,0,605,0,121,340,0,461,397,283,386,0,1066,6,0,6,1072
09/08/2002,ANC,AK,AAL,WE,Combined TRACON& Tower with Radar,335,87,45,1,468,0,125,344,0,469,335,212,389,1,937,36,0,36,973
09/09/2002,ANC,AK,AAL,WE,Combined TRACON& Tower with Radar,290,165,47,8,510,0,119,242,22,383,290,284,289,30,893,2,0,2,895
09/10/2002,ANC,AK,AAL,WE,Combined TRACON& Tower with Radar,341,158,44,8,551,1,158,434,25,618,342,316,478,33,1169,18,0,18,1187
09/11/2002,ANC,AK,AAL,WE,Combined TRACON& Tower with Radar,360,162,30,6,558,1,100,187,10,298,361,262,217,16,856,28,0,28,884
09/12/2002,ANC,AK,AAL,WE,Combined TRACON& Tower with Radar,371,186,33,7,597,0,60,86,14,160,371,246,119,21,757,0,0,0,757
09/13/2002,ANC,AK,AAL,WE,Combined TRACON& Tower with Radar,376,162,46,9,593,0,127,253,5,385,376,289,299,14,978,0,0,0,978
09/14/2002,ANC,AK,AAL,WE,Combined TRACON& Tower with Radar,371,156,32,2,561,1,124,280,0,405,372,280,312,2,966,12,0,12,978
09/15/2002,ANC,AK,AAL,WE,Combined TRACON& Tower with Radar,320,106,50,7,483,0,113,379,2,494,320,219,429,9,977,18,0,18,995
09/16/2002,ANC,AK,AAL,WE,Combined TRACON& Tower with Radar,290,145,49,8,492,3,128,246,15,392,293,273,295,23,884,0,0,0,884
09/17/2002,ANC,AK,AAL,WE,Combined TRACON& Tower with Radar,333,179,41,5,558,0,98,242,16,356,333,277,283,21,914,10,0,10,924
09/18/2002,ANC,AK,AAL,WE,Combined TRACON& Tower with Radar,378,153,36,7,574,2,98,262,21,383,380,251,298,28,957,18,0,18,975
09/19/2002,ANC,AK,AAL,WE,Combined TRACON& Tower with Radar,360,177,71,10,618,0,77,235,8,320,360,254,306,18,938,0,0,0,938
09/20/2002,ANC,AK,AAL,WE,Combined TRACON& Tower with Radar,367,163,69,4,603,0,127,316,5,448,367,290,385,9,1051,12,0,12,1063
09/21/2002,ANC,AK,AAL,WE,Combined TRACON& Tower with Radar,347,139,72,0,558,0,127,418,0,545,347,266,490,0,1103,14,0,14,1117
09/22/2002,ANC,AK,AAL,WE,Combined TRACON& Tower with Radar,330,89,22,0,441,0,104,434,0,538,330,193,456,0,979,18,0,18,997
09/23/2002,ANC,AK,AAL,WE,Combined TRACON& Tower with Radar,274,155,76,7,512,0,79,164,5,248,274,234,240,12,760,30,0,30,790
09/24/2002,ANC,AK,AAL,WE,Combined TRACON& Tower with Radar,321,169,42,11,543,0,42,39,10,91,321,211,81,21,634,0,0,0,634
09/25/2002,ANC,AK,AAL,WE,Combined TRACON& Tower with Radar,375,181,42,8,606,2,44,175,4,225,377,225,217,12,831,70,0,70,901
09/26/2002,ANC,AK,AAL,WE,Combined TRACON& Tower with Radar,351,186,44,2,583,0,47,63,4,114,351,233,107,6,697,14,0,14,711
09/27/2002,ANC,AK,AAL,WE,Combined TRACON& Tower with Radar,360,176,36,9,581,0,80,185,3,268,360,256,221,12,849,14,0,14,863
09/28/2002,ANC,AK,AAL,WE,Combined TRACON& Tower with Radar,363,140,64,0,567,1,72,244,2,319,364,212,308,2,886,34,0,34,920
09/29/2002,ANC,AK,AAL,WE,Combined TRACON& Tower with Radar,316,102,31,1,450,1,76,318,0,395,317,178,349,1,845,12,0,12,857
09/30/2002,ANC,AK,AAL,WE,Combined TRACON& Tower with Radar,300,154,33,4,491,0,28,84,3,115,300,182,117,7,606,36,0,36,642
10/01/2002,ANC,AK,AAL,WE,Combined TRACON& Tower with Radar,331,179,31,5,546,1,23,51,25,100,332,202,82,30,646,0,0,0,646
10/02/2002,ANC,AK,AAL,WE,Combined TRACON& Tower with Radar,366,135,34,7,542,1,102,396,10,509,367,237,430,17,1051,24,0,24,1075
10/03/2002,ANC,AK,AAL,WE,Combined TRACON& Tower with Radar,344,164,36,7,551,1,55,314,14,384,345,219,350,21,935,14,0,14,949
10/04/2002,ANC,AK,AAL,WE,Combined TRACON& Tower with Radar,362,177,57,11,607,1,78,231,18,328,363,255,288,29,935,60,0,60,995
10/05/2002,ANC,AK,AAL,WE,Combined TRACON& Tower with Radar,342,114,47,3,506,1,64,159,5,229,343,178,206,8,735,62,0,62,797
10/06/2002,ANC,AK,AAL,WE,Combined TRACON& Tower with Radar,313,83,41,4,441,0,36,290,1,327,313,119,331,5,768,0,0,0,768
10/07/2002,ANC,AK,AAL,WE,Combined TRACON& Tower with Radar,292,158,38,11,499,0,30,48,9,87,292,188,86,20,586,0,0,0,586
10/08/2002,ANC,AK,AAL,WE,Combined TRACON& Tower with Radar,344,152,21,7,524,0,65,163,26,254,344,217,184,33,778,24,0,24,802
10/09/2002,ANC,AK,AAL,WE,Combined TRACON& Tower with Radar,388,135,34,7,564,0,97,290,21,408,388,232,324,28,972,74,0,74,1046
10/10/2002,ANC,AK,AAL,WE,Combined TRACON& Tower with Radar,383,143,36,8,570,11,82,202,9,304,394,225,238,17,874,18,0,18,892
10/11/2002,ANC,AK,AAL,WE,Combined TRACON& Tower with Radar,397,181,82,1,661,1,25,36,7,69,398,206,118,8,730,0,0,0,730
10/12/2002,ANC,AK,AAL,WE,Combined TRACON& Tower with Radar,380,133,51,0,564,0,30,155,1,186,380,163,206,1,750,22,0,22,772
10/13/2002,ANC,AK,AAL,WE,Combined TRACON& Tower with Radar,350,92,32,2,476,1,24,128,0,153,351,116,160,2,629,6,0,6,635
10/14/2002,ANC,AK,AAL,WE,Combined TRACON& Tower with Radar,319,144,29,0,492,16,86,243,0,345,335,230,272,0,837,0,0,0,837
10/15/2002,ANC,AK,AAL,WE,Combined TRACON& Tower with Radar,364,164,29,6,563,0,23,55,19,97,364,187,84,25,660,42,0,42,702
10/16/2002,ANC,AK,AAL,WE,Combined TRACON& Tower with Radar,425,147,44,19,635,1,71,170,12,254,426,218,214,31,889,18,0,18,907
10/17/2002,ANC,AK,AAL,WE,Combined TRACON& Tower with Radar,408,172,42,14,636,0,21,71,12,104,408,193,113,26,740,2,0,2,742
10/18/2002,ANC,AK,AAL,WE,Combined TRACON& Tower with Radar,403,174,93,11,681,0,12,26,4,42,403,186,119,15,723,0,0,0,723
10/19/2002,ANC,AK,AAL,WE,Combined TRACON& Tower with Radar,395,134,40,0,569,0,18,139,3,160,395,152,179,3,729,30,0,30,759
10/20/2002,ANC,AK,AAL,WE,Combined TRACON& Tower with Radar,353,94,24,2,473,0,38,172,3,213,353,132,196,5,686,32,0,32,718
10/21/2002,ANC,AK,AAL,WE,Combined TRACON& Tower with Radar,330,166,54,5,555,0,34,116,5,155,330,200,170,10,710,74,0,74,784
10/22/2002,ANC,AK,AAL,WE,Combined TRACON& Tower with Radar,376,144,32,4,556,0,46,77,3,126,376,190,109,7,682,28,0,28,710
10/23/2002,ANC,AK,AAL,WE,Combined TRACON& Tower with Radar,434,167,30,0,631,0,34,114,1,149,434,201,144,1,780,48,0,48,828
10/24/2002,ANC,AK,AAL,WE,Combined TRACON& Tower with Radar,416,173,46,3,638,0,25,53,6,84,416,198,99,9,722,32,0,32,754
10/25/2002,ANC,AK,AAL,WE,Combined TRACON& Tower with Radar,426,167,56,6,655,0,22,97,4,123,426,189,153,10,778,36,0,36,814
10/26/2002,ANC,AK,AAL,WE,Combined TRACON& Tower with Radar,403,120,57,0,580,0,51,304,0,355,403,171,361,0,935,14,0,14,949
10/27/2002,ANC,AK,AAL,WE,Combined TRACON& Tower with Radar,331,116,53,4,504,0,46,230,0,276,331,162,283,4,780,50,0,50,830
10/28/2002,ANC,AK,AAL,WE,Combined TRACON& Tower with Radar,317,147,26,4,494,0,35,67,8,110,317,182,93,12,604,10,0,10,614
10/29/2002,ANC,AK,AAL,WE,Combined TRACON& Tower with Radar,356,173,35,7,571,0,10,42,4,56,356,183,77,11,627,0,0,0,627
10/30/2002,ANC,AK,AAL,WE,Combined TRACON& Tower with Radar,413,145,53,2,613,0,48,123,8,179,413,193,176,10,792,0,0,0,792
10/31/2002,ANC,AK,AAL,WE,Combined TRACON& Tower with Radar,391,164,52,11,618,0,26,89,12,127,391,190,141,23,745,0,0,0,745
11/01/2002,ANC,AK,AAL,WE,Combined TRACON& Tower with Radar,377,148,66,8,599,6,56,151,10,223,383,204,217,18,822,24,0,24,846
11/02/2002,ANC,AK,AAL,WE,Combined TRACON& Tower with Radar,369,109,41,7,526,0,28,126,1,155,369,137,167,8,681,22,0,22,703
11/03/2002,ANC,AK,AAL,WE,Combined TRACON& Tower with Radar,332,72,22,7,433,0,16,93,5,114,332,88,115,12,547,4,0,4,551
11/04/2002,ANC,AK,AAL,WE,Combined TRACON& Tower with Radar,335,152,19,4,510,0,31,90,15,136,335,183,109,19,646,30,0,30,676
11/05/2002,ANC,AK,AAL,WE,Combined TRACON& Tower with Radar,380,149,35,4,568,0,46,68,23,137,380,195,103,27,705,32,0,32,737
11/06/2002,ANC,AK,AAL,WE,Combined TRACON& Tower with Radar,413,158,40,3,614,0,66,77,27,170,413,224,117,30,784,0,0,0,784
11/07/2002,ANC,AK,AAL,WE,Combined TRACON& Tower with Radar,405,141,29,12,587,0,78,179,11,268,405,219,208,23,855,26,0,26,881
11/08/2002,ANC,AK,AAL,WE,Combined TRACON& Tower with Radar,375,156,50,6,587,0,17,33,2,52,375,173,83,8,639,0,0,0,639
11/09/2002,ANC,AK,AAL,WE,Combined TRACON& Tower with Radar,393,101,31,0,525,1,30,144,0,175,394,131,175,0,700,36,0,36,736
11/10/2002,ANC,AK,AAL,WE,Combined TRACON& Tower with Radar,316,87,33,1,437,0,12,105,2,119,316,99,138,3,556,4,0,4,560
11/11/2002,ANC,AK,AAL,WE,Combined TRACON& Tower with Radar,327,128,32,0,487,0,16,21,0,37,327,144,53,0,524,0,0,0,524
11/12/2002,ANC,AK,AAL,WE,Combined TRACON& Tower with Radar,354,158,30,8,550,2,30,87,21,140,356,188,117,29,690,6,0,6,696
11/13/2002,ANC,AK,AAL,WE,Combined TRACON& Tower with Radar,399,166,37,9,611,0,7,20,22,49,399,173,57,31,660,0,0,0,660
11/14/2002,ANC,AK,AAL,WE,Combined TRACON& Tower with Radar,383,177,31,15,606,0,30,50,36,116,383,207,81,51,722,0,0,0,722
11/15/2002,ANC,AK,AAL,WE,Combined TRACON& Tower with Radar,381,184,40,17,622,0,0,9,6,15,381,184,49,23,637,0,0,0,637
11/16/2002,ANC,AK,AAL,WE,Combined TRACON& Tower with Radar,368,127,37,0,532,0,1,0,0,1,368,128,37,0,533,0,0,0,533
11/17/2002,ANC,AK,AAL,WE,Combined TRACON& Tower with Radar,325,87,24,1,437,0,6,45,0,51,325,93,69,1,488,0,0,0,488
11/18/2002,ANC,AK,AAL,WE,Combined TRACON& Tower with Radar,294,156,55,11,516,0,41,65,17,123,294,197,120,28,639,16,0,16,655
11/19/2002,ANC,AK,AAL,WE,Combined TRACON& Tower with Radar,352,166,34,7,559,2,20,46,19,87,354,186,80,26,646,0,0,0,646
11/20/2002,ANC,AK,AAL,WE,Combined TRACON& Tower with Radar,370,161,42,7,580,0,24,31,32,87,370,185,73,39,667,0,0,0,667
11/21/2002,ANC,AK,AAL,WE,Combined TRACON& Tower with Radar,378,152,35,11,576,0,28,58,35,121,378,180,93,46,697,10,0,10,707
11/22/2002,ANC,AK,AAL,WE,Combined TRACON& Tower with Radar,329,140,30,4,503,0,24,44,10,78,329,164,74,14,581,0,0,0,581
11/23/2002,ANC,AK,AAL,WE,Combined TRACON& Tower with Radar,354,119,14,0,487,0,9,18,0,27,354,128,32,0,514,0,0,0,514
11/24/2002,ANC,AK,AAL,WE,Combined TRACON& Tower with Radar,304,80,29,0,413,12,28,67,0,107,316,108,96,0,520,18,0,18,538
11/25/2002,ANC,AK,AAL,WE,Combined TRACON& Tower with Radar,286,141,24,6,457,0,33,60,12,105,286,174,84,18,562,28,0,28,590
11/26/2002,ANC,AK,AAL,WE,Combined TRACON& Tower with Radar,345,150,26,7,528,0,21,34,21,76,345,171,60,28,604,0,0,0,604
11/27/2002,ANC,AK,AAL,WE,Combined TRACON& Tower with Radar,353,174,36,5,568,0,26,71,8,105,353,200,107,13,673,8,0,8,681
11/28/2002,ANC,AK,AAL,WE,Combined TRACON& Tower with Radar,285,31,7,0,323,10,20,49,0,79,295,51,56,0,402,6,0,6,408
11/29/2002,ANC,AK,AAL,WE,Combined TRACON& Tower with Radar,316,144,18,0,478,0,16,55,0,71,316,160,73,0,549,18,0,18,567
11/30/2002,ANC,AK,AAL,WE,Combined TRACON& Tower with Radar,348,116,28,0,492,0,11,71,0,82,348,127,99,0,574,0,0,0,574
12/01/2002,ANC,AK,AAL,WE,Combined TRACON& Tower with Radar,291,109,59,0,459,0,10,142,0,152,291,119,201,0,611,8,0,8,619
12/02/2002,ANC,AK,AAL,WE,Combined TRACON& Tower with Radar,261,155,26,12,454,1,23,45,16,85,262,178,71,28,539,0,0,0,539
12/03/2002,ANC,AK,AAL,WE,Combined TRACON& Tower with Radar,324,143,30,7,504,0,21,43,7,71,324,164,73,14,575,12,0,12,587
12/04/2002,ANC,AK,AAL,WE,Combined TRACON& Tower with Radar,346,159,36,5,546,0,31,43,15,89,346,190,79,20,635,8,0,8,643
12/05/2002,ANC,AK,AAL,WE,Combined TRACON& Tower with Radar,349,149,44,19,561,0,24,67,20,111,349,173,111,39,672,10,0,10,682
12/06/2002,ANC,AK,AAL,WE,Combined TRACON& Tower with Radar,333,162,43,10,548,0,37,103,14,154,333,199,146,24,702,4,0,4,706
12/07/2002,ANC,AK,AAL,WE,Combined TRACON& Tower with Radar,333,113,31,4,481,0,31,122,3,156,333,144,153,7,637,20,0,20,657
12/08/2002,ANC,AK,AAL,WE,Combined TRACON& Tower with Radar,269,83,22,7,381,0,24,61,2,87,269,107,83,9,468,30,0,30,498
12/09/2002,ANC,AK,AAL,WE,Combined TRACON& Tower with Radar,250,141,29,7,427,0,54,70,21,145,250,195,99,28,572,0,0,0,572
12/10/2002,ANC,AK,AAL,WE,Combined TRACON& Tower with Radar,304,161,30,4,499,0,5,13,6,24,304,166,43,10,523,0,0,0,523
12/11/2002,ANC,AK,AAL,WE,Combined TRACON& Tower with Radar,330,180,33,7,550,0,0,0,0,0,330,180,33,7,550,0,0,0,550
12/12/2002,ANC,AK,AAL,WE,Combined TRACON& Tower with Radar,341,192,24,7,564,0,24,33,5,62,341,216,57,12,626,0,0,0,626
12/13/2002,ANC,AK,AAL,WE,Combined TRACON& Tower with Radar,360,181,39,1,581,0,0,2,0,2,360,181,41,1,583,0,0,0,583
12/14/2002,ANC,AK,AAL,WE,Combined TRACON& Tower with Radar,341,130,24,0,495,0,17,33,0,50,341,147,57,0,545,0,0,0,545
12/15/2002,ANC,AK,AAL,WE,Combined TRACON& Tower with Radar,280,95,19,0,394,0,14,23,0,37,280,109,42,0,431,6,0,6,437
12/16/2002,ANC,AK,AAL,WE,Combined TRACON& Tower with Radar,257,173,39,10,479,0,29,43,8,80,257,202,82,18,559,0,0,0,559
12/17/2002,ANC,AK,AAL,WE,Combined TRACON& Tower with Radar,313,163,29,18,523,0,31,24,16,71,313,194,53,34,594,0,0,0,594
12/18/2002,ANC,AK,AAL,WE,Combined TRACON& Tower with Radar,351,172,55,6,584,0,36,87,19,142,351,208,142,25,726,0,0,0,726
12/19/2002,ANC,AK,AAL,WE,Combined TRACON& Tower with Radar,349,174,57,12,592,0,31,58,21,110,349,205,115,33,702,8,0,8,710
12/20/2002,ANC,AK,AAL,WE,Combined TRACON& Tower with Radar,356,163,60,10,589,0,32,63,21,116,356,195,123,31,705,0,0,0,705
12/21/2002,ANC,AK,AAL,WE,Combined TRACON& Tower with Radar,339,141,38,3,521,2,14,44,0,60,341,155,82,3,581,0,0,0,581
12/22/2002,ANC,AK,AAL,WE,Combined TRACON& Tower with Radar,279,98,14,0,391,0,0,16,0,16,279,98,30,0,407,30,0,30,437
12/23/2002,ANC,AK,AAL,WE,Combined TRACON& Tower with Radar,240,161,28,0,429,0,29,50,6,85,240,190,78,6,514,8,0,8,522
12/24/2002,ANC,AK,AAL,WE,Combined TRACON& Tower with Radar,283,174,18,0,475,0,5,17,0,22,283,179,35,0,497,16,0,16,513
12/25/2002,ANC,AK,AAL,WE,Combined TRACON& Tower with Radar,222,38,3,0,263,0,0,9,0,9,222,38,12,0,272,0,0,0,272
12/26/2002,ANC,AK,AAL,WE,Combined TRACON& Tower with Radar,291,147,26,1,465,22,28,44,2,96,313,175,70,3,561,0,0,0,561
12/27/2002,ANC,AK,AAL,WE,Combined TRACON& Tower with Radar,274,155,25,4,458,0,22,69,50,141,274,177,94,54,599,0,0,0,599
12/28/2002,ANC,AK,AAL,WE,Combined TRACON& Tower with Radar,283,135,25,0,443,0,5,42,0,47,283,140,67,0,490,8,0,8,498
12/29/2002,ANC,AK,AAL,WE,Combined TRACON& Tower with Radar,247,78,20,1,346,0,0,2,0,2,247,78,22,1,348,0,0,0,348
12/30/2002,ANC,AK,AAL,WE,Combined TRACON& Tower with Radar,234,146,20,2,402,0,36,67,9,112,234,182,87,11,514,8,0,8,522
12/31/2002,ANC,AK,AAL,WE,Combined TRACON& Tower with Radar,255,139,22,0,416,0,35,77,3,115,255,174,99,3,531,0,0,0,531
01/01/2003,ANC,AK,AAL,WE,Combined TRACON& Tower with Radar,236,53,27,0,316,0,0,39,0,39,236,53,66,0,355,0,0,0,355
01/02/2003,ANC,AK,AAL,WE,Combined TRACON& Tower with Radar,231,122,28,5,386,0,51,30,2,83,231,173,58,7,469,0,0,0,469
01/03/2003,ANC,AK,AAL,WE,Combined TRACON& Tower with Radar,243,119,28,5,395,0,38,61,3,102,243,157,89,8,497,8,0,8,505
01/04/2003,ANC,AK,AAL,WE,Combined TRACON& Tower with Radar,203,96,22,0,321,62,29,83,0,174,265,125,105,0,495,10,0,10,505
01/05/2003,ANC,AK,AAL,WE,Combined TRACON& Tower with Radar,216,101,29,3,349,0,0,54,0,54,216,101,83,3,403,14,0,14,417
01/06/2003,ANC,AK,AAL,WE,Combined TRACON& Tower with Radar,163,77,17,3,260,53,82,31,32,198,216,159,48,35,458,0,0,0,458
01/07/2003,ANC,AK,AAL,WE,Combined TRACON& Tower with Radar,255,138,48,10,451,2,17,18,31,68,257,155,66,41,519,0,0,0,519
01/08/2003,ANC,AK,AAL,WE,Combined TRACON& Tower with Radar,306,144,27,11,488,0,21,32,18,71,306,165,59,29,559,18,0,18,577
01/09/2003,ANC,AK,AAL,WE,Combined TRACON& Tower with Radar,301,169,29,22,521,0,27,49,16,92,301,196,78,38,613,10,0,10,623
01/10/2003,ANC,AK,AAL,WE,Combined TRACON& Tower with Radar,328,157,34,10,529,0,22,61,8,91,328,179,95,18,620,10,0,10,630
01/11/2003,ANC,AK,AAL,WE,Combined TRACON& Tower with Radar,301,110,32,0,443,0,26,107,1,134,301,136,139,1,577,14,0,14,591
01/12/2003,ANC,AK,AAL,WE,Combined TRACON& Tower with Radar,252,67,30,1,350,0,32,110,1,143,252,99,140,2,493,0,0,0,493
01/13/2003,ANC,AK,AAL,WE,Combined TRACON& Tower with Radar,242,149,35,6,432,1,30,105,34,170,243,179,140,40,602,34,0,34,636
01/14/2003,ANC,AK,AAL,WE,Combined TRACON& Tower with Radar,280,147,37,7,471,1,47,83,25,156,281,194,120,32,627,22,0,22,649
01/15/2003,ANC,AK,AAL,WE,Combined TRACON& Tower with Radar,312,138,28,3,481,1,38,79,20,138,313,176,107,23,619,0,0,0,619
01/16/2003,ANC,AK,AAL,WE,Combined TRACON& Tower with Radar,324,165,31,23,543,2,20,67,15,104,326,185,98,38,647,0,0,0,647
01/17/2003,ANC,AK,AAL,WE,Combined TRACON& Tower with Radar,293,173,32,5,503,2,17,45,11,75,295,190,77,16,578,4,0,4,582
01/18/2003,ANC,AK,AAL,WE,Combined TRACON& Tower with Radar,315,131,24,1,471,3,15,55,1,74,318,146,79,2,545,0,0,0,545
01/19/2003,ANC,AK,AAL,WE,Combined TRACON& Tower with Radar,253,111,39,3,406,3,8,43,0,54,256,119,82,3,460,14,0,14,474
01/20/2003,ANC,AK,AAL,WE,Combined TRACON& Tower with Radar,243,116,18,0,377,0,31,42,0,73,243,147,60,0,450,0,0,0,450
01/21/2003,ANC,AK,AAL,WE,Combined TRACON& Tower with Radar,290,136,27,7,460,2,33,94,7,136,292,169,121,14,596,8,0,8,604
01/22/2003,ANC,AK,AAL,WE,Combined TRACON& Tower with Radar,317,133,42,8,500,0,40,86,18,144,317,173,128,26,644,10,0,10,654
01/23/2003,ANC,AK,AAL,WE,Combined TRACON& Tower with Radar,334,138,22,11,505,1,59,103,18,181,335,197,125,29,686,0,0,0,686
01/24/2003,ANC,AK,AAL,WE,Combined TRACON& Tower with Radar,336,136,33,7,512,3,37,79,20,139,339,173,112,27,651,12,0,12,663
01/25/2003,ANC,AK,AAL,WE,Combined TRACON& Tower with Radar,315,108,29,0,452,1,31,69,1,102,316,139,98,1,554,0,0,0,554
01/26/2003,ANC,AK,AAL,WE,Combined TRACON& Tower with Radar,246,78,31,0,355,2,26,102,0,130,248,104,133,0,485,20,0,20,505
01/27/2003,ANC,AK,AAL,WE,Combined TRACON& Tower with Radar,244,137,34,1,416,2,22,45,11,80,246,159,79,12,496,6,0,6,502
01/28/2003,ANC,AK,AAL,WE,Combined TRACON& Tower with Radar,294,139,18,3,454,0,15,49,16,80,294,154,67,19,534,14,0,14,548
01/29/2003,ANC,AK,AAL,WE,Combined TRACON& Tower with Radar,320,145,47,8,520,1,32,67,13,113,321,177,114,21,633,4,0,4,637
01/30/2003,ANC,AK,AAL,WE,Combined TRACON& Tower with Radar,326,153,17,32,528,2,31,47,7,87,328,184,64,39,615,36,0,36,651
01/31/2003,ANC,AK,AAL,WE,Combined TRACON& Tower with Radar,340,143,45,9,537,1,17,129,10,157,341,160,174,19,694,6,0,6,700
02/01/2003,ANC,AK,AAL,WE,Combined TRACON& Tower with Radar,303,112,44,8,467,1,11,73,11,96,304,123,117,19,563,0,0,0,563
02/02/2003,ANC,AK,AAL,WE,Combined TRACON& Tower with Radar,238,88,24,1,351,1,19,116,2,138,239,107,140,3,489,10,0,10,499
02/03/2003,ANC,AK,AAL,WE,Combined TRACON& Tower with Radar,212,121,17,2,352,1,23,38,9,71,213,144,55,11,423,40,0,40,463
02/04/2003,ANC,AK,AAL,WE,Combined TRACON& Tower with Radar,291,148,36,5,480,1,7,26,5,39,292,155,62,10,519,0,0,0,519
02/05/2003,ANC,AK,AAL,WE,Combined TRACON& Tower with Radar,261,134,20,7,422,1,20,20,8,49,262,154,40,15,471,0,0,0,471
02/06/2003,ANC,AK,AAL,WE,Combined TRACON& Tower with Radar,301,148,30,2,481,1,25,72,21,119,302,173,102,23,600,18,0,18,618
02/07/2003,ANC,AK,AAL,WE,Combined TRACON& Tower with Radar,271,140,30,1,442,1,31,60,9,101,272,171,90,10,543,2,0,2,545
02/08/2003,ANC,AK,AAL,WE,Combined TRACON& Tower with Radar,277,124,21,0,422,1,12,24,4,41,278,136,45,4,463,0,0,0,463
02/09/2003,ANC,AK,AAL,WE,Combined TRACON& Tower with Radar,216,89,38,1,344,1,9,64,0,74,217,98,102,1,418,16,0,16,434
02/10/2003,ANC,AK,AAL,WE,Combined TRACON& Tower with Radar,214,140,31,13,398,10,13,11,14,48,224,153,42,27,446,24,0,24,470
02/11/2003,ANC,AK,AAL,WE,Combined TRACON& Tower with Radar,272,140,37,7,456,0,30,15,8,53,272,170,52,15,509,0,0,0,509
02/12/2003,ANC,AK,AAL,WE,Combined TRACON& Tower with Radar,300,166,42,11,519,1,17,27,13,58,301,183,69,24,577,0,0,0,577
02/13/2003,ANC,AK,AAL,WE,Combined TRACON& Tower with Radar,317,156,44,9,526,1,22,53,29,105,318,178,97,38,631,12,0,12,643
02/14/2003,ANC,AK,AAL,WE,Combined TRACON& Tower with Radar,301,169,44,10,524,1,1,2,8,12,302,170,46,18,536,0,0,0,536
02/15/2003,ANC,AK,AAL,WE,Combined TRACON& Tower with Radar,294,121,32,1,448,0,28,100,2,130,294,149,132,3,578,18,0,18,596
02/16/2003,ANC,AK,AAL,WE,Combined TRACON& Tower with Radar,251,84,31,1,367,1,19,120,1,141,252,103,151,2,508,4,0,4,512
02/17/2003,ANC,AK,AAL,WE,Combined TRACON& Tower with Radar,241,125,32,0,398,1,17,76,0,94,242,142,108,0,492,28,0,28,520
02/18/2003,ANC,AK,AAL,WE,Combined TRACON& Tower with Radar,270,138,27,6,441,0,44,72,8,124,270,182,99,14,565,0,10,10,575
02/19/2003,ANC,AK,AAL,WE,Combined TRACON& Tower with Radar,300,135,48,12,495,0,42,87,14,143,300,177,135,26,638,0,0,0,638
02/20/2003,ANC,AK,AAL,WE,Combined TRACON& Tower with Radar,322,158,45,18,543,0,30,90,20,140,322,188,135,38,683,10,0,10,693
02/21/2003,ANC,AK,AAL,WE,Combined TRACON& Tower with Radar,295,175,47,18,535,0,22,52,29,103,295,197,99,47,638,44,0,44,682
02/22/2003,ANC,AK,AAL,WE,Combined TRACON& Tower with Radar,307,109,27,11,454,0,21,130,7,158,307,130,157,18,612,0,0,0,612
02/23/2003,ANC,AK,AAL,WE,Combined TRACON& Tower with Radar,254,91,26,3,374,0,11,35,11,57,254,102,61,14,431,6,0,6,437
02/24/2003,ANC,AK,AAL,WE,Combined TRACON& Tower with Radar,232,139,33,7,411,0,10,34,6,50,232,149,67,13,461,0,0,0,461
02/25/2003,ANC,AK,AAL,WE,Combined TRACON& Tower with Radar,295,163,38,18,514,0,10,18,1,29,295,173,56,19,543,12,0,12,555
02/26/2003,ANC,AK,AAL,WE,Combined TRACON& Tower with Radar,308,180,41,8,537,0,22,45,3,70,308,202,86,11,607,10,0,10,617
02/27/2003,ANC,AK,AAL,WE,Combined TRACON& Tower with Radar,323,168,32,12,535,0,41,105,30,176,323,209,137,42,711,4,0,4,715
02/28/2003,ANC,AK,AAL,WE,Combined TRACON& Tower with Radar,298,148,92,0,538,0,19,72,0,91,298,167,164,0,629,12,0,12,641
03/01/2003,ANC,AK,AAL,WE,Combined TRACON& Tower with Radar,268,115,29,1,413,42,60,211,2,315,310,175,240,3,728,12,0,12,740
03/02/2003,ANC,AK,AAL,WE,Combined TRACON& Tower with Radar,242,85,16,0,343,4,8,27,0,39,246,93,43,0,382,0,0,0,382
03/03/2003,ANC,AK,AAL,WE,Combined TRACON& Tower with Radar,258,117,31,3,409,1,49,127,8,185,259,166,158,11,594,44,0,44,638
03/04/2003,ANC,AK,AAL,WE,Combined TRACON& Tower with Radar,304,140,36,11,491,1,38,87,6,132,305,178,123,17,623,10,0,10,633
03/05/2003,ANC,AK,AAL,WE,Combined TRACON& Tower with Radar,323,118,27,10,478,4,39,98,9,150,327,157,125,19,628,0,0,0,628
03/06/2003,ANC,AK,AAL,WE,Combined TRACON& Tower with Radar,316,131,28,21,496,2,38,66,17,123,318,169,94,38,619,10,0,10,629
03/07/2003,ANC,AK,AAL,WE,Combined TRACON& Tower with Radar,303,137,42,10,492,3,65,159,5,232,306,202,201,15,724,33,0,33,757
03/08/2003,ANC,AK,AAL,WE,Combined TRACON& Tower with Radar,312,94,27,1,434,1,43,161,1,206,313,137,188,2,640,48,0,48,688
03/09/2003,ANC,AK,AAL,WE,Combined TRACON& Tower with Radar,261,73,24,2,360,1,26,136,1,164,262,99,160,3,524,46,0,46,570
03/10/2003,ANC,AK,AAL,WE,Combined TRACON& Tower with Radar,245,119,43,7,414,1,41,81,13,136,246,160,124,20,550,7,0,7,557
03/11/2003,ANC,AK,AAL,WE,Combined TRACON& Tower with Radar,293,129,35,13,470,1,50,63,11,125,294,179,98,24,595,8,6,14,609
03/12/2003,ANC,AK,AAL,WE,Combined TRACON& Tower with Radar,345,117,22,3,487,2,13,10,5,30,347,130,32,8,517,0,0,0,517
03/13/2003,ANC,AK,AAL,WE,Combined TRACON& Tower with Radar,143,53,9,0,205,1,9,3,2,15,144,62,12,2,220,0,0,0,220
03/14/2003,ANC,AK,AAL,WE,Combined TRACON& Tower with Radar,351,135,36,2,524,1,18,29,8,56,352,153,65,10,580,0,0,0,580
03/15/2003,ANC,AK,AAL,WE,Combined TRACON& Tower with Radar,338,107,25,2,472,2,25,64,2,93,340,132,89,4,565,0,0,0,565
03/16/2003,ANC,AK,AAL,WE,Combined TRACON& Tower with Radar,279,77,57,2,415,1,29,102,0,132,280,106,159,2,547,20,0,20,567
03/17/2003,ANC,AK,AAL,WE,Combined TRACON& Tower with Radar,287,129,34,7,457,1,61,138,12,212,288,190,172,19,669,20,0,20,689
03/18/2003,ANC,AK,AAL,WE,Combined TRACON& Tower with Radar,311,135,57,9,512,1,49,139,10,199,312,184,196,19,711,0,0,0,711
03/19/2003,ANC,AK,AAL,WE,Combined TRACON& Tower with Radar,337,162,24,9,532,1,30,61,15,107,338,192,85,24,639,26,0,26,665
03/20/2003,ANC,AK,AAL,WE,Combined TRACON& Tower with Radar,329,168,23,20,540,1,22,60,14,97,330,190,83,34,637,28,0,28,665
03/21/2003,ANC,AK,AAL,WE,Combined TRACON& Tower with Radar,323,140,36,7,506,0,4,30,15,49,323,144,66,22,555,0,0,0,555
03/22/2003,ANC,AK,AAL,WE,Combined TRACON& Tower with Radar,325,103,22,1,451,2,36,121,0,159,327,139,143,1,610,14,0,14,624
03/23/2003,ANC,AK,AAL,WE,Combined TRACON& Tower with Radar,291,83,25,0,399,2,13,134,0,149,293,96,159,0,548,35,0,35,583
03/24/2003,ANC,AK,AAL,WE,Combined TRACON& Tower with Radar,240,126,36,4,406,1,44,91,12,148,241,170,127,16,554,16,0,16,570
03/25/2003,ANC,AK,AAL,WE,Combined TRACON& Tower with Radar,311,155,24,2,492,2,45,115,10,172,313,200,139,12,664,50,0,50,714
03/26/2003,ANC,AK,AAL,WE,Combined TRACON& Tower with Radar,355,151,39,8,553,0,40,99,9,148,355,191,138,17,701,0,0,0,701
03/27/2003,ANC,AK,AAL,WE,Combined TRACON& Tower with Radar,329,176,35,11,551,1,4,3,5,13,330,180,38,16,564,0,0,0,564
03/28/2003,ANC,AK,AAL,WE,Combined TRACON& Tower with Radar,313,134,37,2,486,4,29,149,1,183,317,163,186,3,669,22,0,22,691
03/29/2003,ANC,AK,AAL,WE,Combined TRACON& Tower with Radar,330,94,29,2,455,1,49,158,0,208,331,143,187,2,663,22,0,22,685
03/30/2003,ANC,AK,AAL,WE,Combined TRACON& Tower with Radar,284,85,22,0,391,1,27,109,4,141,285,112,131,4,532,0,0,0,532
03/31/2003,ANC,AK,AAL,WE,Combined TRACON& Tower with Radar,266,104,24,1,395,1,52,81,17,151,267,156,105,18,546,14,0,14,560
04/01/2003,ANC,AK,AAL,WE,Combined TRACON& Tower with Radar,296,135,24,10,465,1,51,120,5,177,297,186,144,15,642,90,0,90,732
04/02/2003,ANC,AK,AAL,WE,Combined TRACON& Tower with Radar,333,136,32,4,505,0,51,97,16,164,333,187,129,20,669,60,0,60,729
04/03/2003,ANC,AK,AAL,WE,Combined TRACON& Tower with Radar,330,132,33,12,507,0,50,146,14,210,330,182,179,26,717,10,0,10,727
04/04/2003,ANC,AK,AAL,WE,Combined TRACON& Tower with Radar,336,130,32,3,501,0,54,196,21,271,336,184,228,24,772,16,0,16,788
04/05/2003,ANC,AK,AAL,WE,Combined TRACON& Tower with Radar,318,78,18,5,419,0,50,200,6,256,318,128,218,11,675,14,0,14,689
04/06/2003,ANC,AK,AAL,WE,Combined TRACON& Tower with Radar,254,54,37,2,347,0,30,126,9,165,254,84,163,11,512,10,0,10,522
04/07/2003,ANC,AK,AAL,WE,Combined TRACON& Tower with Radar,256,132,42,5,435,1,47,108,12,168,257,179,150,17,603,8,0,8,611
04/08/2003,ANC,AK,AAL,WE,Combined TRACON& Tower with Radar,295,139,25,11,470,2,42,131,12,187,297,181,156,23,657,24,0,24,681
04/09/2003,ANC,AK,AAL,WE,Combined TRACON& Tower with Radar,322,171,38,10,541,0,48,123,19,190,322,219,161,29,731,26,0,26,757
04/10/2003,ANC,AK,AAL,WE,Combined TRACON& Tower with Radar,338,168,40,5,551,0,37,146,15,198,338,205,186,20,749,32,0,32,781
04/11/2003,ANC,AK,AAL,WE,Combined TRACON& Tower with Radar,330,139,40,5,514,0,41,181,6,228,330,180,221,11,742,6,0,6,748
04/12/2003,ANC,AK,AAL,WE,Combined TRACON& Tower with Radar,309,118,56,2,485,0,14,105,5,124,309,132,161,7,609,2,0,2,611
04/13/2003,ANC,AK,AAL,WE,Combined TRACON& Tower with Radar,265,105,30,2,402,0,5,72,0,77,265,110,102,2,479,0,0,0,479
04/14/2003,ANC,AK,AAL,WE,Combined TRACON& Tower with Radar,256,132,45,7,440,0,60,149,15,224,256,192,194,22,664,2,0,2,666
04/15/2003,ANC,AK,AAL,WE,Combined TRACON& Tower with Radar,295,142,43,10,490,0,25,60,11,96,295,167,103,21,586,0,0,0,586
04/16/2003,ANC,AK,AAL,WE,Combined TRACON& Tower with Radar,333,174,71,8,586,0,12,52,8,72,333,186,123,16,658,2,0,2,660
04/17/2003,ANC,AK,AAL,WE,Combined TRACON& Tower with Radar,330,139,37,13,519,1,44,164,10,219,331,183,201,23,738,34,0,34,772
04/18/2003,ANC,AK,AAL,WE,Combined TRACON& Tower with Radar,351,131,41,7,530,1,45,225,5,276,352,176,266,12,806,34,0,34,840
04/19/2003,ANC,AK,AAL,WE,Combined TRACON& Tower with Radar,307,98,24,0,429,0,39,267,0,306,307,137,291,0,735,12,0,12,747
04/20/2003,ANC,AK,AAL,WE,Combined TRACON& Tower with Radar,242,75,18,2,337,0,23,68,0,91,242,98,86,2,428,8,0,8,436
04/21/2003,ANC,AK,AAL,WE,Combined TRACON& Tower with Radar,245,144,32,1,422,0,17,125,11,153,245,161,157,12,575,34,0,34,609
04/22/2003,ANC,AK,AAL,WE,Combined TRACON& Tower with Radar,290,162,56,10,518,0,22,143,10,175,290,184,199,20,693,22,0,22,715
04/23/2003,ANC,AK,AAL,WE,Combined TRACON& Tower with Radar,302,133,44,4,483,2,68,167,14,251,304,201,211,18,734,30,0,30,764
04/24/2003,ANC,AK,AAL,WE,Combined TRACON& Tower with Radar,310,129,31,13,483,0,55,171,18,244,310,184,202,31,727,14,0,14,741
04/25/2003,ANC,AK,AAL,WE,Combined TRACON& Tower with Radar,317,150,35,4,506,1,45,235,8,289,318,195,270,12,795,46,0,46,841
04/26/2003,ANC,AK,AAL,WE,Combined TRACON& Tower with Radar,299,101,36,0,436,1,43,282,0,326,300,144,318,0,762,22,0,22,784
04/27/2003,ANC,AK,AAL,WE,Combined TRACON& Tower with Radar,288,74,26,1,389,0,35,241,2,278,288,109,267,3,667,44,0,44,711
04/28/2003,ANC,AK,AAL,WE,Combined TRACON& Tower with Radar,249,114,63,3,429,0,53,204,15,272,249,167,267,18,701,38,0,38,739
04/29/2003,ANC,AK,AAL,WE,Combined TRACON& Tower with Radar,299,115,53,7,474,0,54,197,17,268,299,169,250,24,742,20,0,20,762
04/30/2003,ANC,AK,AAL,WE,Combined TRACON& Tower with Radar,323,147,67,10,547,1,61,214,14,290,324,208,281,24,837,12,0,12,849
05/01/2003,ANC,AK,AAL,WE,Combined TRACON& Tower with Radar,326,138,63,7,534,0,80,228,7,315,326,218,291,14,849,12,0,12,861
05/02/2003,ANC,AK,AAL,WE,Combined TRACON& Tower with Radar,328,144,46,5,523,0,65,243,5,313,328,209,289,10,836,84,0,84,920
05/03/2003,ANC,AK,AAL,WE,Combined TRACON& Tower with Radar,309,108,85,4,506,0,64,307,0,371,309,172,392,4,877,78,0,78,955
05/04/2003,ANC,AK,AAL,WE,Combined TRACON& Tower with Radar,250,73,48,3,374,0,33,170,1,204,250,106,218,4,578,18,0,18,596
05/05/2003,ANC,AK,AAL,WE,Combined TRACON& Tower with Radar,226,145,45,9,425,0,26,100,10,136,226,171,145,19,561,22,0,22,583
05/06/2003,ANC,AK,AAL,WE,Combined TRACON& Tower with Radar,281,142,31,2,456,0,76,199,18,293,281,218,230,20,749,30,0,30,779
05/07/2003,ANC,AK,AAL,WE,Combined TRACON& Tower with Radar,309,164,52,11,536,0,59,260,21,340,309,223,312,32,876,22,0,22,898
05/08/2003,ANC,AK,AAL,WE,Combined TRACON& Tower with Radar,322,147,50,11,530,1,60,261,17,339,323,207,311,28,869,44,0,44,913
05/09/2003,ANC,AK,AAL,WE,Combined TRACON& Tower with Radar,326,169,39,7,541,1,37,119,2,159,327,206,158,9,700,154,0,154,854
05/10/2003,ANC,AK,AAL,WE,Combined TRACON& Tower with Radar,308,120,39,0,467,0,27,107,1,135,308,147,146,1,602,22,0,22,624
05/11/2003,ANC,AK,AAL,WE,Combined TRACON& Tower with Radar,282,99,46,0,427,0,34,166,0,200,282,133,212,0,627,10,0,10,637
05/12/2003,ANC,AK,AAL,WE,Combined TRACON& Tower with Radar,251,153,54,5,463,0,59,217,22,298,251,212,271,27,761,51,0,51,812
05/13/2003,ANC,AK,AAL,WE,Combined TRACON& Tower with Radar,315,129,48,20,512,0,68,256,16,340,315,197,304,36,852,48,0,48,900
05/14/2003,ANC,AK,AAL,WE,Combined TRACON& Tower with Radar,328,164,42,9,543,0,60,308,20,388,328,224,350,29,931,58,0,58,989
05/15/2003,ANC,AK,AAL,WE,Combined TRACON& Tower with Radar,335,140,30,14,519,0,91,359,17,467,335,231,389,31,986,16,0,16,1002
05/16/2003,ANC,AK,AAL,WE,Combined TRACON& Tower with Radar,344,130,49,27,550,1,97,431,7,536,345,227,480,34,1086,16,0,16,1102
05/17/2003,ANC,AK,AAL,WE,Combined TRACON& Tower with Radar,319,116,59,2,496,0,89,318,0,407,319,205,377,2,903,12,0,12,915
05/18/2003,ANC,AK,AAL,WE,Combined TRACON& Tower with Radar,287,88,48,0,423,0,65,371,0,436,287,153,419,0,859,0,0,0,859
05/19/2003,ANC,AK,AAL,WE,Combined TRACON& Tower with Radar,274,126,47,13,460,0,103,359,14,476,274,229,406,27,936,68,0,68,1004
05/20/2003,ANC,AK,AAL,WE,Combined TRACON& Tower with Radar,318,126,34,9,487,1,84,345,9,439,319,210,379,18,926,12,0,12,938
05/21/2003,ANC,AK,AAL,WE,Combined TRACON& Tower with Radar,334,143,49,15,541,0,87,336,26,449,334,230,385,41,990,22,0,22,1012
05/22/2003,ANC,AK,AAL,WE,Combined TRACON& Tower with Radar,337,129,63,10,539,2,96,329,21,448,339,225,392,31,987,24,0,24,1011
05/23/2003,ANC,AK,AAL,WE,Combined TRACON& Tower with Radar,355,151,41,3,550,2,112,427,7,548,357,263,468,10,1098,34,0,34,1132
05/24/2003,ANC,AK,AAL,WE,Combined TRACON& Tower with Radar,342,103,27,6,478,0,104,412,0,516,342,207,439,6,994,4,0,4,998
05/25/2003,ANC,AK,AAL,WE,Combined TRACON& Tower with Radar,288,92,26,2,408,0,76,345,0,421,288,168,371,2,829,44,0,44,873
05/26/2003,ANC,AK,AAL,WE,Combined TRACON& Tower with Radar,272,100,21,1,394,0,106,303,0,409,272,206,324,1,803,6,0,6,809
05/27/2003,ANC,AK,AAL,WE,Combined TRACON& Tower with Radar,316,161,27,4,508,1,91,151,15,258,317,252,178,19,766,4,0,4,770
05/28/2003,ANC,AK,AAL,WE,Combined TRACON& Tower with Radar,364,149,38,6,557,3,109,434,15,561,367,258,472,21,1118,28,0,28,1146
05/29/2003,ANC,AK,AAL,WE,Combined TRACON& Tower with Radar,335,141,31,9,516,2,96,341,15,454,337,237,372,24,970,16,0,16,986
05/30/2003,ANC,AK,AAL,WE,Combined TRACON& Tower with Radar,340,147,30,3,520,1,103,419,18,541,341,250,449,21,1061,62,0,62,1123
05/31/2003,ANC,AK,AAL,WE,Combined TRACON& Tower with Radar,370,110,29,0,509,0,99,428,1,528,370,209,457,1,1037,14,0,14,1051
06/01/2003,ANC,AK,AAL,WE,Combined TRACON& Tower with Radar,303,89,35,0,427,0,114,318,0,432,303,203,353,0,859,26,0,26,885
06/02/2003,ANC,AK,AAL,WE,Combined TRACON& Tower with Radar,285,142,33,5,465,0,89,324,16,429,285,231,357,21,894,8,0,8,902
06/03/2003,ANC,AK,AAL,WE,Combined TRACON& Tower with Radar,337,144,27,5,513,4,158,390,19,571,341,302,417,24,1084,32,0,32,1116
06/04/2003,ANC,AK,AAL,WE,Combined TRACON& Tower with Radar,370,152,50,11,583,0,127,336,9,472,370,279,386,20,1055,6,0,6,1061
06/05/2003,ANC,AK,AAL,WE,Combined TRACON& Tower with Radar,350,162,60,11,583,0,85,286,21,392,350,247,346,32,975,8,0,8,983
06/06/2003,ANC,AK,AAL,WE,Combined TRACON& Tower with Radar,370,175,44,10,599,0,132,326,16,474,370,307,370,26,1073,0,0,0,1073
06/07/2003,ANC,AK,AAL,WE,Combined TRACON& Tower with Radar,400,127,37,2,566,1,195,509,1,706,401,322,546,3,1272,12,0,12,1284
06/08/2003,ANC,AK,AAL,WE,Combined TRACON& Tower with Radar,323,95,51,4,473,0,145,429,2,576,323,240,480,6,1049,14,0,14,1063
06/09/2003,ANC,AK,AAL,WE,Combined TRACON& Tower with Radar,299,156,45,7,507,0,135,363,20,518,299,291,408,27,1025,10,0,10,1035
06/10/2003,ANC,AK,AAL,WE,Combined TRACON& Tower with Radar,359,191,91,9,650,0,110,315,10,435,359,301,406,19,1085,10,0,10,1095
06/11/2003,ANC,AK,AAL,WE,Combined TRACON& Tower with Radar,391,176,56,10,633,0,104,405,20,529,391,280,461,30,1162,2,0,2,1164
06/12/2003,ANC,AK,AAL,WE,Combined TRACON& Tower with Radar,404,193,63,8,668,2,113,306,6,427,406,306,369,14,1095,16,0,16,1111
06/13/2003,ANC,AK,AAL,WE,Combined TRACON& Tower with Radar,415,167,48,9,639,1,181,504,6,692,416,348,552,15,1331,8,0,8,1339
06/14/2003,ANC,AK,AAL,WE,Combined TRACON& Tower with Radar,399,147,37,5,588,1,153,453,0,607,400,300,490,5,1195,8,0,8,1203
06/15/2003,ANC,AK,AAL,WE,Combined TRACON& Tower with Radar,341,118,44,3,506,0,148,344,0,492,341,266,388,3,998,10,0,10,1008
06/16/2003,ANC,AK,AAL,WE,Combined TRACON& Tower with Radar,315,171,44,14,544,3,146,363,25,537,318,317,407,39,1081,2,0,2,1083
06/17/2003,ANC,AK,AAL,WE,Combined TRACON& Tower with Radar,376,180,35,11,602,2,177,377,4,560,378,357,412,15,1162,6,0,6,1168
06/18/2003,ANC,AK,AAL,WE,Combined TRACON& Tower with Radar,403,173,46,4,626,1,207,426,10,644,404,380,472,14,1270,22,0,22,1292
06/19/2003,ANC,AK,AAL,WE,Combined TRACON& Tower with Radar,416,181,41,6,644,0,139,369,12,520,416,320,410,18,1164,0,0,0,1164
06/20/2003,ANC,AK,AAL,WE,Combined TRACON& Tower with Radar,409,187,56,2,654,1,180,488,17,686,410,367,544,19,1340,6,0,6,1346
06/21/2003,ANC,AK,AAL,WE,Combined TRACON& Tower with Radar,430,135,62,0,627,1,172,402,0,575,431,307,464,0,1202,4,0,4,1206
06/22/2003,ANC,AK,AAL,WE,Combined TRACON& Tower with Radar,349,94,38,0,481,0,180,510,2,692,349,274,548,2,1173,0,0,0,1173
06/23/2003,ANC,AK,AAL,WE,Combined TRACON& Tower with Radar,343,175,56,8,582,1,160,360,17,538,344,335,416,25,1120,0,0,0,1120
06/24/2003,ANC,AK,AAL,WE,Combined TRACON& Tower with Radar,378,207,59,8,652,0,157,273,10,440,378,364,332,18,1092,14,0,14,1106
06/25/2003,ANC,AK,AAL,WE,Combined TRACON& Tower with Radar,418,163,78,1,660,0,178,277,12,467,418,341,355,13,1127,26,0,26,1153
06/26/2003,ANC,AK,AAL,WE,Combined TRACON& Tower with Radar,416,191,46,8,661,1,182,383,21,587,417,373,429,29,1248,10,0,10,1258
06/27/2003,ANC,AK,AAL,WE,Combined TRACON& Tower with Radar,425,191,58,7,681,0,195,429,2,626,425,386,487,9,1307,32,0,32,1339
06/28/2003,ANC,AK,AAL,WE,Combined TRACON& Tower with Radar,406,138,72,6,622,1,217,466,4,688,407,355,538,10,1310,26,0,26,1336
06/29/2003,ANC,AK,AAL,WE,Combined TRACON& Tower with Radar,353,97,45,5,500,1,251,492,2,746,354,348,537,7,1246,10,0,10,1256
06/30/2003,ANC,AK,AAL,WE,Combined TRACON& Tower with Radar,344,157,63,4,568,0,198,487,12,697,344,355,550,16,1265,20,0,20,1285
07/01/2003,ANC,AK,AAL,WE,Combined TRACON& Tower with Radar,395,175,55,10,635,0,103,259,16,378,395,278,314,26,1013,34,0,34,1047
07/02/2003,ANC,AK,AAL,WE,Combined TRACON& Tower with Radar,413,185,54,7,659,0,92,127,5,224,413,277,181,12,883,0,0,0,883
07/03/2003,ANC,AK,AAL,WE,Combined TRACON& Tower with Radar,413,158,52,1,624,0,203,440,3,646,413,361,492,4,1270,26,0,26,1296
07/04/2003,ANC,AK,AAL,WE,Combined TRACON& Tower with Radar,380,92,22,0,494,2,207,504,0,713,382,299,526,0,1207,6,0,6,1213
07/05/2003,ANC,AK,AAL,WE,Combined TRACON& Tower with Radar,375,125,57,0,557,1,187,339,0,527,376,312,396,0,1084,30,0,30,1114
07/06/2003,ANC,AK,AAL,WE,Combined TRACON& Tower with Radar,339,104,34,0,477,1,200,491,0,692,340,304,525,0,1169,10,0,10,1179
07/07/2003,ANC,AK,AAL,WE,Combined TRACON& Tower with Radar,326,147,46,1,520,3,167,416,13,599,329,314,462,14,1119,6,0,6,1125
07/08/2003,ANC,AK,AAL,WE,Combined TRACON& Tower with Radar,373,158,50,4,585,7,169,379,4,559,380,327,429,8,1144,44,0,44,1188
07/09/2003,ANC,AK,AAL,WE,Combined TRACON& Tower with Radar,398,139,36,8,581,2,170,422,10,604,400,309,458,18,1185,16,0,16,1201
07/10/2003,ANC,AK,AAL,WE,Combined TRACON& Tower with Radar,425,154,45,4,628,1,171,357,8,537,426,325,402,12,1165,0,0,0,1165
07/11/2003,ANC,AK,AAL,WE,Combined TRACON& Tower with Radar,431,193,57,6,687,1,176,377,6,560,432,369,434,12,1247,12,0,12,1259
07/12/2003,ANC,AK,AAL,WE,Combined TRACON& Tower with Radar,390,141,28,0,559,1,197,490,0,688,391,338,518,0,1247,56,0,56,1303
07/13/2003,ANC,AK,AAL,WE,Combined TRACON& Tower with Radar,352,100,27,0,479,0,157,504,1,662,352,257,531,1,1141,0,0,0,1141
07/14/2003,ANC,AK,AAL,WE,Combined TRACON& Tower with Radar,332,155,51,5,543,0,164,343,16,523,332,319,394,21,1066,44,0,44,1110
07/15/2003,ANC,AK,AAL,WE,Combined TRACON& Tower with Radar,384,153,47,3,587,3,144,250,7,404,387,297,297,10,991,0,0,0,991
07/16/2003,ANC,AK,AAL,WE,Combined TRACON& Tower with Radar,408,188,33,2,631,1,119,127,9,256,409,307,160,11,887,36,0,36,923
07/17/2003,ANC,AK,AAL,WE,Combined TRACON& Tower with Radar,411,172,40,7,630,2,159,190,9,360,413,331,230,16,990,0,0,0,990
07/18/2003,ANC,AK,AAL,WE,Combined TRACON& Tower with Radar,390,171,62,2,625,0,181,449,11,641,390,352,511,13,1266,2,0,2,1268
07/19/2003,ANC,AK,AAL,WE,Combined TRACON& Tower with Radar,386,133,40,1,560,0,198,556,1,755,386,331,596,2,1315,6,0,6,1321
07/20/2003,ANC,AK,AAL,WE,Combined TRACON& Tower with Radar,352,101,28,2,483,1,172,472,0,645,353,273,500,2,1128,10,0,10,1138
07/21/2003,ANC,AK,AAL,WE,Combined TRACON& Tower with Radar,342,158,52,12,564,0,121,215,34,370,342,279,267,46,934,8,0,8,942
07/22/2003,ANC,AK,AAL,WE,Combined TRACON& Tower with Radar,374,176,49,25,624,0,97,236,3,336,374,273,285,28,960,10,0,10,970
07/23/2003,ANC,AK,AAL,WE,Combined TRACON& Tower with Radar,399,169,26,1,595,1,159,300,6,466,400,328,326,7,1061,4,0,4,1065
07/24/2003,ANC,AK,AAL,WE,Combined TRACON& Tower with Radar,419,172,36,8,635,0,131,154,40,325,419,303,190,48,960,40,0,40,1000
07/25/2003,ANC,AK,AAL,WE,Combined TRACON& Tower with Radar,431,179,53,3,666,0,161,341,18,520,431,340,394,21,1186,16,0,16,1202
07/26/2003,ANC,AK,AAL,WE,Combined TRACON& Tower with Radar,404,151,45,1,601,0,161,327,0,488,404,312,372,1,1089,4,0,4,1093
07/27/2003,ANC,AK,AAL,WE,Combined TRACON& Tower with Radar,356,99,32,1,488,0,116,134,2,252,356,215,166,3,740,8,0,8,748
07/28/2003,ANC,AK,AAL,WE,Combined TRACON& Tower with Radar,341,189,43,2,575,2,162,278,37,479,343,351,321,39,1054,38,0,38,1092
07/29/2003,ANC,AK,AAL,WE,Combined TRACON& Tower with Radar,375,188,51,5,619,1,172,212,7,392,376,360,263,12,1011,6,0,6,1017
07/30/2003,ANC,AK,AAL,WE,Combined TRACON& Tower with Radar,408,183,55,5,651,4,143,292,15,454,412,326,347,20,1105,0,0,0,1105
07/31/2003,ANC,AK,AAL,WE,Combined TRACON& Tower with Radar,403,176,47,4,630,1,196,512,40,749,404,372,559,44,1379,2,0,2,1381
08/01/2003,ANC,AK,AAL,WE,Combined TRACON& Tower with Radar,392,173,61,7,633,0,197,429,29,655,392,370,490,36,1288,4,0,4,1292
08/02/2003,ANC,AK,AAL,WE,Combined TRACON& Tower with Radar,391,131,45,8,575,0,184,567,21,772,391,315,612,29,1347,0,0,0,1347
08/03/2003,ANC,AK,AAL,WE,Combined TRACON& Tower with Radar,354,100,53,5,512,0,213,495,2,710,354,313,548,7,1222,42,0,42,1264
08/04/2003,ANC,AK,AAL,WE,Combined TRACON& Tower with Radar,346,151,55,6,558,0,172,408,8,588,346,323,463,14,1146,24,0,24,1170
08/05/2003,ANC,AK,AAL,WE,Combined TRACON& Tower with Radar,395,166,49,9,619,1,179,456,3,639,396,345,505,12,1258,6,0,6,1264
08/06/2003,ANC,AK,AAL,WE,Combined TRACON& Tower with Radar,397,141,45,2,585,2,199,424,30,655,399,340,469,32,1240,10,0,10,1250
08/07/2003,ANC,AK,AAL,WE,Combined TRACON& Tower with Radar,405,160,46,7,618,2,218,455,15,690,407,378,501,22,1308,20,0,20,1328
08/08/2003,ANC,AK,AAL,WE,Combined TRACON& Tower with Radar,382,148,63,5,598,1,273,526,18,818,383,421,589,23,1416,22,0,22,1438
08/09/2003,ANC,AK,AAL,WE,Combined TRACON& Tower with Radar,401,115,37,2,555,0,232,610,1,843,401,347,647,3,1398,4,0,4,1402
08/10/2003,ANC,AK,AAL,WE,Combined TRACON& Tower with Radar,327,99,39,1,466,1,223,493,0,717,328,322,532,1,1183,12,0,12,1195
08/11/2003,ANC,AK,AAL,WE,Combined TRACON& Tower with Radar,328,182,48,14,572,1,106,232,32,371,329,288,280,46,943,0,0,0,943
08/12/2003,ANC,AK,AAL,WE,Combined TRACON& Tower with Radar,393,175,46,6,620,2,114,124,4,244,395,289,170,10,864,0,0,0,864
08/13/2003,ANC,AK,AAL,WE,Combined TRACON& Tower with Radar,406,178,35,5,624,2,124,118,3,247,408,302,153,8,871,0,0,0,871
08/14/2003,ANC,AK,AAL,WE,Combined TRACON& Tower with Radar,406,181,71,3,661,0,153,215,5,373,406,334,286,8,1034,18,0,18,1052
08/15/2003,ANC,AK,AAL,WE,Combined TRACON& Tower with Radar,394,194,54,2,644,0,160,270,21,451,394,354,324,23,1095,10,0,10,1105
08/16/2003,ANC,AK,AAL,WE,Combined TRACON& Tower with Radar,398,175,61,2,636,27,170,223,2,422,425,345,284,4,1058,8,0,8,1066
08/17/2003,ANC,AK,AAL,WE,Combined TRACON& Tower with Radar,327,108,69,1,505,0,147,357,1,505,327,255,426,2,1010,0,0,0,1010
08/18/2003,ANC,AK,AAL,WE,Combined TRACON& Tower with Radar,318,161,40,0,519,1,170,305,15,491,319,331,345,15,1010,12,0,12,1022
08/19/2003,ANC,AK,AAL,WE,Combined TRACON& Tower with Radar,377,159,49,13,598,0,160,272,7,439,377,319,321,20,1037,14,0,14,1051
08/20/2003,ANC,AK,AAL,WE,Combined TRACON& Tower with Radar,390,165,48,10,613,2,119,292,3,416,392,284,340,13,1029,22,0,22,1051
08/21/2003,ANC,AK,AAL,WE,Combined TRACON& Tower with Radar,416,169,36,2,623,0,164,390,13,567,416,333,426,15,1190,16,0,16,1206
08/22/2003,ANC,AK,AAL,WE,Combined TRACON& Tower with Radar,411,167,51,1,630,1,153,464,9,627,412,320,515,10,1257,0,0,0,1257
08/23/2003,ANC,AK,AAL,WE,Combined TRACON& Tower with Radar,381,128,58,4,571,0,212,484,1,697,381,340,542,5,1268,0,0,0,1268
08/24/2003,ANC,AK,AAL,WE,Combined TRACON& Tower with Radar,349,111,51,2,513,0,163,302,0,465,349,274,353,2,978,4,0,4,982
08/25/2003,ANC,AK,AAL,WE,Combined TRACON& Tower with Radar,314,168,38,17,537,0,90,137,8,235,314,258,175,25,772,14,0,14,786
08/26/2003,ANC,AK,AAL,WE,Combined TRACON& Tower with Radar,388,184,56,9,637,0,78,180,4,262,388,262,236,13,899,10,0,10,909
08/27/2003,ANC,AK,AAL,WE,Combined TRACON& Tower with Radar,398,176,50,4,628,1,139,251,0,391,399,315,301,4,1019,24,0,24,1043
08/28/2003,ANC,AK,AAL,WE,Combined TRACON& Tower with Radar,426,185,58,4,673,1,102,278,11,392,427,287,336,15,1065,18,0,18,1083
08/29/2003,ANC,AK,AAL,WE,Combined TRACON& Tower with Radar,396,174,80,5,655,0,140,346,0,486,396,314,426,5,1141,38,0,38,1179
08/30/2003,ANC,AK,AAL,WE,Combined TRACON& Tower with Radar,402,158,46,0,606,0,154,454,4,612,402,312,500,4,1218,28,0,28,1246
08/31/2003,ANC,AK,AAL,WE,Combined TRACON& Tower with Radar,361,90,51,3,505,0,173,424,1,598,361,263,475,4,1103,8,0,8,1111
09/01/2003,ANC,AK,AAL,WE,Towers with Radar,306,124,32,0,462,0,148,525,2,675,306,272,557,2,1137,15,0,15,1152
09/02/2003,ANC,AK,AAL,WE,Towers with Radar,361,174,46,2,583,0,130,332,3,465,361,304,378,5,1048,0,0,0,1048
09/03/2003,ANC,AK,AAL,WE,Towers with Radar,406,172,47,12,637,1,69,234,11,315,407,241,281,23,952,44,0,44,996
09/04/2003,ANC,AK,AAL,WE,Towers with Radar,400,167,61,24,652,1,133,275,22,431,401,300,336,46,1083,32,0,32,1115
09/05/2003,ANC,AK,AAL,WE,Towers with Radar,389,153,56,7,605,0,172,351,9,532,389,325,407,16,1137,38,0,38,1175
09/06/2003,ANC,AK,AAL,WE,Towers with Radar,372,127,35,1,535,0,165,508,1,674,372,292,543,2,1209,18,0,18,1227
09/07/2003,ANC,AK,AAL,WE,Towers with Radar,310,92,31,1,434,0,200,585,6,791,310,292,616,7,1225,54,0,54,1279
09/08/2003,ANC,AK,AAL,WE,Towers with Radar,287,136,47,5,475,2,118,313,8,441,289,254,360,13,916,26,0,26,942
09/09/2003,ANC,AK,AAL,WE,Towers with Radar,339,151,69,5,564,1,105,204,5,315,340,256,273,10,879,38,0,38,917
09/10/2003,ANC,AK,AAL,WE,Towers with Radar,358,135,41,6,540,1,146,380,11,538,359,281,421,17,1078,4,0,4,1082
09/11/2003,ANC,AK,AAL,WE,Towers with Radar,345,144,48,8,545,0,137,350,19,506,345,281,398,27,1051,30,0,30,1081
09/12/2003,ANC,AK,AAL,WE,Towers with Radar,352,160,59,3,574,1,126,406,6,539,353,286,465,9,1113,14,0,14,1127
09/13/2003,ANC,AK,AAL,WE,Towers with Radar,332,115,39,1,487,1,135,397,0,533,333,250,436,1,1020,0,8,8,1028
09/14/2003,ANC,AK,AAL,WE,Towers with Radar,303,80,31,1,415,0,91,274,0,365,303,171,305,1,780,6,0,6,786
09/15/2003,ANC,AK,AAL,WE,Towers with Radar,286,141,27,5,459,0,126,325,8,459,286,267,352,13,918,16,0,16,934
09/16/2003,ANC,AK,AAL,WE,Towers with Radar,340,126,45,7,518,5,119,370,7,501,345,245,415,14,1019,6,0,6,1025
09/17/2003,ANC,AK,AAL,WE,Towers with Radar,358,148,72,11,589,2,106,288,5,401,360,254,360,16,990,16,0,16,1006
09/18/2003,ANC,AK,AAL,WE,Towers with Radar,364,133,44,9,550,1,96,227,2,326,365,229,271,11,876,0,0,0,876
09/19/2003,ANC,AK,AAL,WE,Towers with Radar,373,137,52,10,572,2,141,357,3,503,375,278,409,13,1075,14,0,14,1089
09/20/2003,ANC,AK,AAL,WE,Towers with Radar,348,120,36,3,507,2,81,201,1,285,350,201,237,4,792,24,0,24,816
09/21/2003,ANC,AK,AAL,WE,Towers with Radar,305,79,43,0,427,11,120,469,1,601,316,199,512,1,1028,16,0,16,1044
09/22/2003,ANC,AK,AAL,WE,Towers with Radar,276,130,40,2,448,0,115,285,8,408,276,245,325,10,856,60,0,60,916
09/23/2003,ANC,AK,AAL,WE,Towers with Radar,352,128,49,0,529,1,75,136,5,217,353,203,185,5,746,104,0,104,850
09/24/2003,ANC,AK,AAL,WE,Towers with Radar,378,153,70,4,605,0,55,158,9,222,378,208,228,13,827,62,0,62,889
09/25/2003,ANC,AK,AAL,WE,Towers with Radar,381,169,40,7,597,0,49,135,4,188,381,218,175,11,785,0,0,0,785
09/26/2003,ANC,AK,AAL,WE,Towers with Radar,355,142,41,4,542,1,106,319,6,432,356,248,360,10,974,10,0,10,984
09/27/2003,ANC,AK,AAL,WE,Towers with Radar,353,104,32,0,489,1,75,549,0,625,354,179,581,0,1114,16,0,16,1130
09/28/2003,ANC,AK,AAL,WE,Towers with Radar,315,83,32,0,430,0,75,187,0,262,315,158,219,0,692,0,0,0,692
09/29/2003,ANC,AK,AAL,WE,Towers with Radar,299,161,52,0,512,0,31,86,3,120,299,192,138,3,632,28,0,28,660
09/30/2003,ANC,AK,AAL,WE,Towers with Radar,351,149,28,1,529,0,20,120,5,145,351,169,148,6,674,84,0,84,758
10/01/2003,ANC,AK,AAL,WE,Towers with Radar,367,151,35,13,566,0,29,87,0,116,367,180,122,13,682,76,0,76,758
10/02/2003,ANC,AK,AAL,WE,Towers with Radar,368,172,24,3,567,0,33,147,11,191,368,205,171,14,758,0,0,0,758
10/03/2003,ANC,AK,AAL,WE,Towers with Radar,370,177,64,6,617,0,22,40,11,73,370,199,104,17,690,6,0,6,696
10/04/2003,ANC,AK,AAL,WE,Towers with Radar,338,127,32,0,497,0,60,394,0,454,338,187,426,0,951,12,0,12,963
10/05/2003,ANC,AK,AAL,WE,Towers with Radar,305,79,25,5,414,0,51,242,7,300,305,130,267,12,714,40,0,40,754
10/06/2003,ANC,AK,AAL,WE,Towers with Radar,271,129,46,9,455,0,54,181,6,241,271,183,227,15,696,54,0,54,750
10/07/2003,ANC,AK,AAL,WE,Towers with Radar,334,139,42,12,527,0,29,152,7,188,334,168,194,19,715,0,0,0,715
10/08/2003,ANC,AK,AAL,WE,Towers with Radar,355,160,108,15,638,0,49,155,8,212,355,209,263,23,850,6,0,6,856
10/09/2003,ANC,AK,AAL,WE,Towers with Radar,366,178,53,15,612,0,26,119,14,159,366,204,172,29,771,0,0,0,771
10/10/2003,ANC,AK,AAL,WE,Towers with Radar,359,169,63,4,595,0,61,182,4,247,359,230,245,8,842,0,0,0,842
10/11/2003,ANC,AK,AAL,WE,Towers with Radar,347,123,40,0,510,0,34,281,2,317,347,157,321,2,827,70,0,70,897
10/12/2003,ANC,AK,AAL,WE,Towers with Radar,324,99,71,1,495,0,38,310,0,348,324,137,381,1,843,60,0,60,903
10/13/2003,ANC,AK,AAL,WE,Towers with Radar,284,122,45,0,451,0,48,181,0,229,284,170,226,0,680,6,0,6,686
10/14/2003,ANC,AK,AAL,WE,Towers with Radar,335,137,43,3,518,0,24,112,3,139,335,161,155,6,657,0,0,0,657
10/15/2003,ANC,AK,AAL,WE,Towers with Radar,371,140,40,7,558,1,58,175,10,244,372,198,215,17,802,20,0,20,822
10/16/2003,ANC,AK,AAL,WE,Towers with Radar,377,155,47,3,582,1,50,190,6,247,378,205,237,9,829,0,0,0,829
10/17/2003,ANC,AK,AAL,WE,Towers with Radar,370,158,54,0,582,1,49,239,11,300,371,207,293,11,882,12,0,12,894
10/18/2003,ANC,AK,AAL,WE,Towers with Radar,355,115,40,1,511,0,42,212,5,259,355,157,252,6,770,24,0,24,794
10/19/2003,ANC,AK,AAL,WE,Towers with Radar,309,106,26,3,444,0,25,121,0,146,309,131,147,3,590,62,0,62,652
10/20/2003,ANC,AK,AAL,WE,Towers with Radar,295,152,48,2,497,0,39,125,17,181,295,191,173,19,678,34,0,34,712
10/21/2003,ANC,AK,AAL,WE,Towers with Radar,359,134,50,3,546,0,28,150,5,183,359,162,200,8,729,20,0,20,749
10/22/2003,ANC,AK,AAL,WE,Towers with Radar,355,149,35,3,542,0,49,138,1,188,355,198,173,4,730,20,0,20,750
10/23/2003,ANC,AK,AAL,WE,Towers with Radar,364,146,58,2,570,0,34,143,12,189,364,180,201,14,759,26,0,26,785
10/24/2003,ANC,AK,AAL,WE,Towers with Radar,379,144,77,1,601,0,24,114,7,145,379,168,191,8,746,18,0,18,764
10/25/2003,ANC,AK,AAL,WE,Towers with Radar,345,137,39,0,521,0,13,14,1,28,345,150,53,1,549,0,0,0,549
10/26/2003,ANC,AK,AAL,WE,Towers with Radar,294,122,47,2,465,0,10,216,0,226,294,132,263,2,691,10,0,10,701
10/27/2003,ANC,AK,AAL,WE,Towers with Radar,288,159,45,3,495,0,29,152,1,182,288,188,197,4,677,28,0,28,705
10/28/2003,ANC,AK,AAL,WE,Towers with Radar,322,144,33,4,503,3,39,101,3,146,325,183,134,7,649,46,0,46,695
10/29/2003,ANC,AK,AAL,WE,Towers with Radar,378,150,33,4,565,0,37,113,7,157,378,187,146,11,722,12,0,12,734
10/30/2003,ANC,AK,AAL,WE,Towers with Radar,340,171,47,9,567,0,40,80,6,126,340,211,127,15,693,22,0,22,715
10/31/2003,ANC,AK,AAL,WE,Towers with Radar,361,153,66,15,595,0,13,43,16,72,361,166,109,31,667,6,0,6,673
11/01/2003,ANC,AK,AAL,WE,Towers with Radar,329,125,35,9,498,1,10,48,0,59,330,135,83,9,557,0,0,0,557
11/02/2003,ANC,AK,AAL,WE,Towers with Radar,289,100,34,3,426,0,0,0,0,0,289,100,34,3,426,0,0,0,426
11/03/2003,ANC,AK,AAL,WE,Towers with Radar,289,156,49,12,506,1,12,64,2,79,290,168,113,14,585,58,0,58,643
11/04/2003,ANC,AK,AAL,WE,Towers with Radar,354,186,78,7,625,0,18,107,6,131,354,204,185,13,756,46,0,46,802
11/05/2003,ANC,AK,AAL,WE,Towers with Radar,372,153,25,5,555,1,27,90,9,127,373,180,115,14,682,46,0,46,728
11/06/2003,ANC,AK,AAL,WE,Towers with Radar,364,162,46,10,582,0,40,67,6,113,364,202,113,16,695,32,0,32,727
11/07/2003,ANC,AK,AAL,WE,Towers with Radar,356,149,49,10,564,0,21,78,14,113,356,170,127,24,677,30,0,30,707
11/08/2003,ANC,AK,AAL,WE,Towers with Radar,344,120,39,2,505,0,7,21,0,28,344,127,60,2,533,0,0,0,533
11/09/2003,ANC,AK,AAL,WE,Towers with Radar,299,71,17,0,387,0,20,50,1,71,299,91,67,1,458,0,0,0,458
11/10/2003,ANC,AK,AAL,WE,Towers with Radar,289,142,37,2,470,0,6,12,7,25,289,148,49,9,495,0,0,0,495
11/11/2003,ANC,AK,AAL,WE,Towers with Radar,315,126,32,0,473,0,17,50,2,69,315,143,82,2,542,16,0,16,558
11/12/2003,ANC,AK,AAL,WE,Towers with Radar,345,162,26,11,544,0,1,0,0,1,345,163,26,11,545,0,0,0,545
11/13/2003,ANC,AK,AAL,WE,Towers with Radar,371,175,51,8,605,0,22,46,36,104,371,197,97,44,709,28,0,28,737
11/14/2003,ANC,AK,AAL,WE,Towers with Radar,359,158,66,8,591,10,33,55,6,104,369,191,121,14,695,50,0,50,745
11/15/2003,ANC,AK,AAL,WE,Towers with Radar,338,103,27,1,469,0,31,72,0,103,338,134,99,1,572,0,0,0,572
11/16/2003,ANC,AK,AAL,WE,Towers with Radar,291,75,20,1,387,0,23,45,0,68,291,98,65,1,455,24,0,24,479
11/17/2003,ANC,AK,AAL,WE,Towers with Radar,288,119,28,9,444,0,27,33,7,67,288,146,61,16,511,0,0,0,511
11/18/2003,ANC,AK,AAL,WE,Towers with Radar,320,136,27,2,485,0,34,68,5,107,320,170,95,7,592,28,0,28,620
11/19/2003,ANC,AK,AAL,WE,Towers with Radar,358,130,55,4,547,0,33,65,10,108,358,163,120,14,655,18,0,18,673
11/20/2003,ANC,AK,AAL,WE,Towers with Radar,343,156,41,6,546,0,49,78,21,148,343,205,119,27,694,0,0,0,694
11/21/2003,ANC,AK,AAL,WE,Towers with Radar,381,172,24,4,581,0,1,16,8,25,381,173,40,12,606,0,0,0,606
11/22/2003,ANC,AK,AAL,WE,Towers with Radar,337,133,34,1,505,0,12,39,1,52,337,145,73,2,557,0,0,0,557
11/23/2003,ANC,AK,AAL,WE,Towers with Radar,303,81,13,0,397,0,9,3,0,12,303,90,16,0,409,0,0,0,409
11/24/2003,ANC,AK,AAL,WE,Towers with Radar,292,154,32,6,484,0,12,44,6,62,292,166,76,12,546,0,0,0,546
11/25/2003,ANC,AK,AAL,WE,Towers with Radar,358,149,40,2,549,0,23,38,6,67,358,172,78,8,616,0,0,0,616
11/26/2003,ANC,AK,AAL,WE,Towers with Radar,348,130,34,5,517,2,45,55,6,108,350,175,89,11,625,0,0,0,625
11/27/2003,ANC,AK,AAL,WE,Towers with Radar,276,36,10,0,322,0,20,15,0,35,276,56,25,0,357,0,0,0,357
11/28/2003,ANC,AK,AAL,WE,Towers with Radar,361,148,22,0,531,0,4,14,0,18,361,152,36,0,549,0,0,0,549
11/29/2003,ANC,AK,AAL,WE,Towers with Radar,339,122,27,1,489,0,1,8,2,11,339,123,35,3,500,0,0,0,500
11/30/2003,ANC,AK,AAL,WE,Towers with Radar,299,119,36,0,454,4,1,5,0,10,303,120,41,0,464,0,0,0,464
12/01/2003,ANC,AK,AAL,WE,Towers with Radar,278,146,51,4,479,1,36,60,1,98,279,182,111,5,577,0,0,0,577
12/02/2003,ANC,AK,AAL,WE,Towers with Radar,322,163,29,3,517,1,38,56,5,100,323,201,85,8,617,6,0,6,623
12/03/2003,ANC,AK,AAL,WE,Towers with Radar,346,143,45,12,546,0,8,15,5,28,346,151,60,17,574,0,0,0,574
12/04/2003,ANC,AK,AAL,WE,Towers with Radar,341,148,26,4,519,0,33,61,25,119,341,181,87,29,638,0,0,0,638
12/05/2003,ANC,AK,AAL,WE,Towers with Radar,352,151,34,2,539,0,33,92,5,130,352,184,126,7,669,10,0,10,679
12/06/2003,ANC,AK,AAL,WE,Towers with Radar,323,143,31,5,502,0,4,21,5,30,323,147,52,10,532,0,0,0,532
12/07/2003,ANC,AK,AAL,WE,Towers with Radar,284,110,37,2,433,10,5,59,1,75,294,115,96,3,508,8,0,8,516
12/08/2003,ANC,AK,AAL,WE,Towers with Radar,272,145,38,12,467,0,6,45,24,75,272,151,83,36,542,52,0,52,594
12/09/2003,ANC,AK,AAL,WE,Towers with Radar,322,156,31,3,512,0,22,57,5,84,322,178,88,8,596,0,0,0,596
12/10/2003,ANC,AK,AAL,WE,Towers with Radar,347,178,17,4,546,0,3,1,0,4,347,181,18,4,550,0,0,0,550
12/11/2003,ANC,AK,AAL,WE,Towers with Radar,336,163,37,15,551,1,29,70,44,144,337,192,107,59,695,8,0,8,703
12/12/2003,ANC,AK,AAL,WE,Towers with Radar,365,138,36,2,541,1,30,76,2,109,366,168,112,4,650,4,0,4,654
12/13/2003,ANC,AK,AAL,WE,Towers with Radar,328,140,28,1,497,0,4,17,1,22,328,144,45,2,519,8,0,8,527
12/14/2003,ANC,AK,AAL,WE,Towers with Radar,285,91,46,2,424,0,5,44,0,49,285,96,90,2,473,0,0,0,473
12/15/2003,ANC,AK,AAL,WE,Towers with Radar,269,160,40,21,490,0,0,55,5,60,269,160,95,26,550,28,0,28,578
12/16/2003,ANC,AK,AAL,WE,Towers with Radar,317,157,34,7,515,0,37,106,7,150,317,194,140,14,665,28,0,28,693
12/17/2003,ANC,AK,AAL,WE,Towers with Radar,362,183,37,24,606,0,27,28,7,62,362,210,65,31,668,90,0,90,758
12/18/2003,ANC,AK,AAL,WE,Towers with Radar,367,168,37,10,582,0,7,32,23,62,367,175,69,33,644,0,0,0,644
12/19/2003,ANC,AK,AAL,WE,Towers with Radar,358,170,49,6,583,0,5,0,0,5,358,175,49,6,588,0,0,0,588
12/20/2003,ANC,AK,AAL,WE,Towers with Radar,354,143,42,2,541,2,14,77,2,95,356,157,119,4,636,0,0,0,636
12/21/2003,ANC,AK,AAL,WE,Towers with Radar,288,100,17,0,405,0,0,10,0,10,288,100,27,0,415,0,0,0,415
12/22/2003,ANC,AK,AAL,WE,Towers with Radar,260,155,18,5,438,0,21,8,0,29,260,176,26,5,467,0,0,0,467
12/23/2003,ANC,AK,AAL,WE,Towers with Radar,328,171,44,8,551,0,0,7,1,8,328,171,51,9,559,0,0,0,559
12/24/2003,ANC,AK,AAL,WE,Towers with Radar,340,162,22,4,528,0,15,27,4,46,340,177,49,8,574,0,0,0,574
12/25/2003,ANC,AK,AAL,WE,Towers with Radar,236,29,4,0,269,0,14,8,0,22,236,43,12,0,291,0,0,0,291
12/26/2003,ANC,AK,AAL,WE,Towers with Radar,292,138,14,0,444,0,16,23,0,39,292,154,37,0,483,0,0,0,483
12/27/2003,ANC,AK,AAL,WE,Towers with Radar,294,113,28,2,437,0,5,36,0,41,294,118,64,2,478,0,0,0,478
12/28/2003,ANC,AK,AAL,WE,Towers with Radar,252,91,17,0,360,0,12,27,1,40,252,103,44,1,400,4,0,4,404
12/29/2003,ANC,AK,AAL,WE,Towers with Radar,216,141,17,2,376,0,4,13,5,22,216,145,30,7,398,0,0,0,398
12/30/2003,ANC,AK,AAL,WE,Towers with Radar,271,158,30,9,468,0,19,34,7,60,271,177,64,16,528,0,0,0,528
12/31/2003,ANC,AK,AAL,WE,Towers with Radar,289,161,20,1,471,0,24,101,11,136,289,185,121,12,607,22,0,22,629
01/01/2004,ANC,AK,AAL,WE,Towers with Radar,220,31,5,3,259,0,17,103,0,120,220,48,108,3,379,0,0,0,379
01/02/2004,ANC,AK,AAL,WE,Towers with Radar,237,126,14,0,377,0,10,88,2,100,237,136,102,2,477,6,0,6,483
01/03/2004,ANC,AK,AAL,WE,Towers with Radar,270,108,31,2,411,1,21,131,0,153,271,129,162,2,564,46,0,46,610
01/04/2004,ANC,AK,AAL,WE,Towers with Radar,210,84,26,0,320,0,19,78,0,97,210,103,104,0,417,0,0,0,417
01/05/2004,ANC,AK,AAL,WE,Towers with Radar,226,156,39,4,425,0,0,29,6,35,226,156,68,10,460,12,0,12,472
01/06/2004,ANC,AK,AAL,WE,Towers with Radar,267,136,24,4,431,0,5,21,0,26,267,141,45,4,457,4,0,4,461
01/07/2004,ANC,AK,AAL,WE,Towers with Radar,282,142,19,2,445,2,21,20,6,49,284,163,39,8,494,0,0,0,494
01/08/2004,ANC,AK,AAL,WE,Towers with Radar,312,156,28,2,498,0,30,44,44,118,312,186,72,46,616,0,0,0,616
01/09/2004,ANC,AK,AAL,WE,Towers with Radar,323,155,36,12,526,0,12,48,10,70,323,167,84,22,596,20,0,20,616
01/10/2004,ANC,AK,AAL,WE,Towers with Radar,320,149,29,2,500,0,17,48,0,65,320,166,77,2,565,0,0,0,565
01/11/2004,ANC,AK,AAL,WE,Towers with Radar,268,113,34,1,416,0,13,38,1,52,268,126,72,2,468,2,0,2,470
01/12/2004,ANC,AK,AAL,WE,Towers with Radar,237,155,34,7,433,0,30,38,3,71,237,185,72,10,504,8,0,8,512
01/13/2004,ANC,AK,AAL,WE,Towers with Radar,299,167,26,6,498,0,29,79,14,122,299,196,105,20,620,12,0,12,632
01/14/2004,ANC,AK,AAL,WE,Towers with Radar,331,160,30,15,536,0,35,54,29,118,331,195,84,44,654,0,0,0,654
01/15/2004,ANC,AK,AAL,WE,Towers with Radar,334,153,27,7,521,0,36,82,32,150,334,189,109,39,671,12,0,12,683
01/16/2004,ANC,AK,AAL,WE,Towers with Radar,356,135,29,1,521,0,38,51,13,102,356,173,80,14,623,0,0,0,623
01/17/2004,ANC,AK,AAL,WE,Towers with Radar,344,150,32,0,526,0,13,15,0,28,344,163,47,0,554,0,0,0,554
01/18/2004,ANC,AK,AAL,WE,Towers with Radar,282,106,24,0,412,0,4,7,0,11,282,110,31,0,423,0,0,0,423
01/19/2004,ANC,AK,AAL,WE,Towers with Radar,275,146,20,0,441,0,13,29,0,42,275,159,49,0,483,0,0,0,483
01/20/2004,ANC,AK,AAL,WE,Towers with Radar,311,151,38,7,507,0,14,51,14,79,311,165,89,21,586,18,0,18,604
01/21/2004,ANC,AK,AAL,WE,Towers with Radar,334,152,31,11,528,0,18,50,20,88,334,170,81,31,616,0,0,0,616
01/22/2004,ANC,AK,AAL,WE,Towers with Radar,311,171,26,19,527,0,11,21,27,59,311,182,47,46,586,34,0,34,620
01/23/2004,ANC,AK,AAL,WE,Towers with Radar,315,164,37,3,519,0,16,29,25,70,315,180,66,28,589,0,0,0,589
01/24/2004,ANC,AK,AAL,WE,Towers with Radar,307,125,26,0,458,0,9,132,6,147,307,134,158,6,605,38,0,38,643
01/25/2004,ANC,AK,AAL,WE,Towers with Radar,212,90,43,2,347,0,7,55,2,64,212,97,98,4,411,2,0,2,413
01/26/2004,ANC,AK,AAL,WE,Towers with Radar,219,135,29,6,389,0,32,38,12,82,219,167,67,18,471,20,0,20,491
01/27/2004,ANC,AK,AAL,WE,Towers with Radar,249,143,33,30,455,1,26,58,12,97,250,169,91,42,552,8,0,8,560
01/28/2004,ANC,AK,AAL,WE,Towers with Radar,298,156,27,6,487,0,46,70,13,129,298,202,97,19,616,0,0,0,616
01/29/2004,ANC,AK,AAL,WE,Towers with Radar,281,156,38,0,475,0,49,68,9,126,281,205,106,9,601,0,0,0,601
01/30/2004,ANC,AK,AAL,WE,Towers with Radar,305,136,24,12,477,2,22,84,4,112,307,158,108,16,589,8,0,8,597
01/31/2004,ANC,AK,AAL,WE,Towers with Radar,270,122,35,17,444,0,12,63,12,87,270,134,98,29,531,16,0,16,547
02/01/2004,ANC,AK,AAL,WE,Towers with Radar,251,91,30,7,379,2,13,78,8,101,253,104,108,15,480,0,0,0,480
02/02/2004,ANC,AK,AAL,WE,Towers with Radar,237,152,30,8,427,0,26,81,7,114,237,178,111,15,541,24,0,24,565
02/03/2004,ANC,AK,AAL,WE,Towers with Radar,260,144,36,3,443,0,27,56,10,93,260,171,92,13,536,3,0,3,539
02/04/2004,ANC,AK,AAL,WE,Towers with Radar,312,142,21,13,488,0,13,37,24,74,312,155,58,37,562,0,0,0,562
02/05/2004,ANC,AK,AAL,WE,Towers with Radar,293,174,42,10,519,0,5,18,21,44,293,179,60,31,563,0,0,0,563
02/06/2004,ANC,AK,AAL,WE,Towers with Radar,309,150,25,3,487,0,0,0,9,9,309,150,25,12,496,0,0,0,496
02/07/2004,ANC,AK,AAL,WE,Towers with Radar,290,112,25,3,430,0,22,77,0,99,290,134,102,3,529,0,0,0,529
02/08/2004,ANC,AK,AAL,WE,Towers with Radar,243,73,20,0,336,0,18,48,2,68,243,91,68,2,404,0,0,0,404
02/09/2004,ANC,AK,AAL,WE,Towers with Radar,247,143,35,11,436,1,44,89,11,145,248,187,124,22,581,30,0,30,611
02/10/2004,ANC,AK,AAL,WE,Towers with Radar,274,134,23,2,433,0,17,23,4,44,274,151,46,6,477,0,0,0,477
02/11/2004,ANC,AK,AAL,WE,Towers with Radar,313,158,33,3,507,0,40,112,16,168,313,198,145,19,675,8,0,8,683
02/12/2004,ANC,AK,AAL,WE,Towers with Radar,303,145,24,11,483,0,52,99,19,170,303,197,123,30,653,0,0,0,653
02/13/2004,ANC,AK,AAL,WE,Towers with Radar,328,151,66,14,559,0,33,65,1,99,328,184,131,15,658,70,0,70,728
02/14/2004,ANC,AK,AAL,WE,Towers with Radar,308,116,21,1,446,0,26,105,0,131,308,142,126,1,577,8,0,8,585
02/15/2004,ANC,AK,AAL,WE,Towers with Radar,264,79,32,0,375,1,40,221,0,262,265,119,253,0,637,30,0,30,667
02/16/2004,ANC,AK,AAL,WE,Towers with Radar,249,132,31,0,412,0,55,146,0,201,249,187,177,0,613,26,0,26,639
02/17/2004,ANC,AK,AAL,WE,Towers with Radar,296,130,47,2,475,0,38,99,2,139,296,168,146,4,614,6,0,6,620
02/18/2004,ANC,AK,AAL,WE,Towers with Radar,314,155,27,2,498,0,38,62,19,119,314,193,89,21,617,0,0,0,617
02/19/2004,ANC,AK,AAL,WE,Towers with Radar,303,157,29,3,492,0,26,67,15,108,303,183,96,18,600,6,0,6,606
02/20/2004,ANC,AK,AAL,WE,Towers with Radar,318,152,44,9,523,0,29,83,25,137,318,181,127,34,660,42,0,42,702
02/21/2004,ANC,AK,AAL,WE,Towers with Radar,330,106,10,0,446,1,17,77,0,95,331,123,87,0,541,20,0,20,561
02/22/2004,ANC,AK,AAL,WE,Towers with Radar,274,95,22,0,391,0,34,112,3,149,274,129,134,3,540,34,0,34,574
02/23/2004,ANC,AK,AAL,WE,Towers with Radar,254,128,26,8,416,1,41,87,9,138,255,169,113,17,554,8,0,8,562
02/24/2004,ANC,AK,AAL,WE,Towers with Radar,309,144,24,9,486,0,33,105,10,148,309,177,129,19,634,42,0,42,676
02/25/2004,ANC,AK,AAL,WE,Towers with Radar,324,134,33,3,494,0,69,147,34,250,324,203,180,37,744,16,0,16,760
02/26/2004,ANC,AK,AAL,WE,Towers with Radar,319,172,29,7,527,0,31,103,39,173,319,203,132,46,700,22,0,22,722
02/27/2004,ANC,AK,AAL,WE,Towers with Radar,336,159,32,2,529,0,4,19,27,50,336,163,51,29,579,8,0,8,587
02/28/2004,ANC,AK,AAL,WE,Towers with Radar,335,97,25,0,457,0,44,215,0,259,335,141,240,0,716,60,0,60,776
02/29/2004,ANC,AK,AAL,WE,Towers with Radar,274,92,31,1,398,0,26,133,0,159,274,118,164,1,557,20,0,20,577
03/01/2004,ANC,AK,AAL,WE,Towers with Radar,265,149,28,9,451,0,5,21,10,36,265,154,49,19,487,6,0,6,493
03/02/2004,ANC,AK,AAL,WE,Towers with Radar,297,160,23,6,486,0,17,87,15,119,297,177,110,21,605,26,0,26,631
03/03/2004,ANC,AK,AAL,WE,Towers with Radar,338,164,33,7,542,0,21,81,28,130,338,185,114,35,672,30,0,30,702
03/04/2004,ANC,AK,AAL,WE,Towers with Radar,314,171,24,19,528,0,3,8,11,22,314,174,32,30,550,0,0,0,550
03/05/2004,ANC,AK,AAL,WE,Towers with Radar,347,151,45,24,567,0,61,204,16,281,347,212,249,40,848,74,0,74,922
03/06/2004,ANC,AK,AAL,WE,Towers with Radar,325,107,25,0,457,0,75,264,4,343,325,182,289,4,800,16,0,16,816
03/07/2004,ANC,AK,AAL,WE,Towers with Radar,278,80,38,3,399,0,75,320,2,397,278,155,358,5,796,88,0,88,884
03/08/2004,ANC,AK,AAL,WE,Towers with Radar,282,153,23,8,466,0,65,142,7,214,282,218,165,15,680,12,0,12,692
03/09/2004,ANC,AK,AAL,WE,Towers with Radar,294,152,39,12,497,0,29,28,0,57,294,181,67,12,554,6,0,6,560
03/10/2004,ANC,AK,AAL,WE,Towers with Radar,336,173,28,10,547,0,46,115,11,172,336,219,143,21,719,20,0,20,739
03/11/2004,ANC,AK,AAL,WE,Towers with Radar,349,151,30,14,544,1,62,95,15,173,350,213,125,29,717,30,0,30,747
03/12/2004,ANC,AK,AAL,WE,Towers with Radar,342,182,42,11,577,0,22,63,7,92,342,204,105,18,669,14,0,14,683
03/13/2004,ANC,AK,AAL,WE,Towers with Radar,319,120,44,0,483,0,36,260,0,296,319,156,304,0,779,40,0,40,819
03/14/2004,ANC,AK,AAL,WE,Towers with Radar,276,83,36,3,398,0,18,87,0,105,276,101,123,3,503,26,0,26,529
03/15/2004,ANC,AK,AAL,WE,Towers with Radar,296,145,38,10,489,0,31,68,9,108,296,176,106,19,597,21,0,21,618
03/16/2004,ANC,AK,AAL,WE,Towers with Radar,316,145,28,8,497,1,49,107,3,160,317,194,135,11,657,0,0,0,657
03/17/2004,ANC,AK,AAL,WE,Towers with Radar,346,154,55,4,559,0,45,169,24,238,346,199,224,28,797,34,0,34,831
03/18/2004,ANC,AK,AAL,WE,Towers with Radar,342,117,31,1,491,0,50,51,8,109,342,167,82,9,600,0,0,0,600
03/19/2004,ANC,AK,AAL,WE,Towers with Radar,341,114,39,3,497,1,55,53,8,117,342,169,92,11,614,44,0,44,658
03/20/2004,ANC,AK,AAL,WE,Towers with Radar,333,91,37,0,461,0,33,215,0,248,333,124,252,0,709,46,0,46,755
03/21/2004,ANC,AK,AAL,WE,Towers with Radar,294,83,29,0,406,0,27,244,0,271,294,110,273,0,677,6,0,6,683
03/22/2004,ANC,AK,AAL,WE,Towers with Radar,297,117,38,9,461,1,57,181,16,255,298,174,219,25,716,0,0,0,716
03/23/2004,ANC,AK,AAL,WE,Towers with Radar,323,136,47,6,512,0,60,194,15,269,323,196,241,21,781,18,0,18,799
03/24/2004,ANC,AK,AAL,WE,Towers with Radar,361,175,49,8,593,1,41,121,22,185,362,216,170,30,778,0,0,0,778
03/25/2004,ANC,AK,AAL,WE,Towers with Radar,344,159,31,6,540,0,48,130,27,205,344,207,161,33,745,24,0,24,769
03/26/2004,ANC,AK,AAL,WE,Towers with Radar,346,170,34,7,557,0,8,25,0,33,346,178,59,7,590,0,0,0,590
03/27/2004,ANC,AK,AAL,WE,Towers with Radar,334,131,26,3,494,0,5,67,5,77,334,136,93,8,571,10,0,10,581
03/28/2004,ANC,AK,AAL,WE,Towers with Radar,293,115,17,1,426,1,7,46,0,54,294,122,63,1,480,14,0,14,494
03/29/2004,ANC,AK,AAL,WE,Towers with Radar,302,153,27,4,486,0,17,13,10,40,302,170,40,14,526,0,0,0,526
03/30/2004,ANC,AK,AAL,WE,Towers with Radar,324,164,45,13,546,0,19,37,2,58,324,183,82,15,604,0,0,0,604
03/31/2004,ANC,AK,AAL,WE,Towers with Radar,354,155,39,16,564,0,51,107,7,165,354,206,146,23,729,28,0,28,757
04/01/2004,ANC,AK,AAL,WE,Towers with Radar,345,141,32,5,523,0,60,133,16,209,345,201,165,21,732,19,0,19,751
04/02/2004,ANC,AK,AAL,WE,Towers with Radar,363,137,32,5,537,0,42,62,24,128,363,179,94,29,665,36,0,36,701
04/03/2004,ANC,AK,AAL,WE,Towers with Radar,347,127,25,0,499,0,5,39,2,46,347,132,64,2,545,8,0,8,553
04/04/2004,ANC,AK,AAL,WE,Towers with Radar,270,90,21,1,382,0,16,98,0,114,270,106,119,1,496,0,0,0,496
04/05/2004,ANC,AK,AAL,WE,Towers with Radar,261,133,32,5,431,0,38,95,14,147,261,171,127,19,578,38,0,38,616
04/06/2004,ANC,AK,AAL,WE,Towers with Radar,307,151,40,2,500,0,32,103,0,135,307,183,143,2,635,22,0,22,657
04/07/2004,ANC,AK,AAL,WE,Towers with Radar,337,159,47,7,550,0,56,118,23,197,337,215,165,30,747,0,0,0,747
04/08/2004,ANC,AK,AAL,WE,Towers with Radar,341,149,44,1,535,0,40,142,22,204,341,189,186,23,739,12,0,12,751
04/09/2004,ANC,AK,AAL,WE,Towers with Radar,341,139,25,3,508,0,41,115,11,167,341,180,140,14,675,54,0,54,729
04/10/2004,ANC,AK,AAL,WE,Towers with Radar,328,109,22,0,459,0,37,187,8,232,328,146,209,8,691,38,0,38,729
04/11/2004,ANC,AK,AAL,WE,Towers with Radar,291,63,16,0,370,0,34,195,0,229,291,97,211,0,599,8,0,8,607
04/12/2004,ANC,AK,AAL,WE,Towers with Radar,257,136,31,6,430,1,67,211,5,284,258,203,242,11,714,90,0,90,804
04/13/2004,ANC,AK,AAL,WE,Towers with Radar,309,134,73,7,523,1,39,144,2,186,310,173,217,9,709,18,0,18,727
04/14/2004,ANC,AK,AAL,WE,Towers with Radar,325,137,52,11,525,3,92,165,34,294,328,229,217,45,819,36,0,36,855
04/15/2004,ANC,AK,AAL,WE,Towers with Radar,327,144,40,5,516,0,66,146,12,224,327,210,186,17,740,38,0,38,778
04/16/2004,ANC,AK,AAL,WE,Towers with Radar,336,165,47,11,559,0,8,26,45,79,336,173,73,56,638,0,0,0,638
04/17/2004,ANC,AK,AAL,WE,Towers with Radar,331,130,48,13,522,0,8,80,4,92,331,138,128,17,614,0,0,0,614
04/18/2004,ANC,AK,AAL,WE,Towers with Radar,280,92,33,11,416,0,15,144,12,171,280,107,177,23,587,10,0,10,597
04/19/2004,ANC,AK,AAL,WE,Towers with Radar,288,139,49,7,483,0,32,88,6,126,288,171,137,13,609,8,0,8,617
04/20/2004,ANC,AK,AAL,WE,Towers with Radar,334,153,38,11,536,2,39,110,12,163,336,192,148,23,699,54,0,54,753
04/21/2004,ANC,AK,AAL,WE,Towers with Radar,325,140,46,5,516,9,62,160,22,253,334,202,206,27,769,26,0,26,795
04/22/2004,ANC,AK,AAL,WE,Towers with Radar,333,136,37,6,512,0,45,78,21,144,333,181,115,27,656,0,0,0,656
04/23/2004,ANC,AK,AAL,WE,Towers with Radar,340,139,41,3,523,0,48,174,23,245,340,187,215,26,768,106,0,106,874
04/24/2004,ANC,AK,AAL,WE,Towers with Radar,361,124,35,4,524,1,34,187,5,227,362,158,222,9,751,48,0,48,799
04/25/2004,ANC,AK,AAL,WE,Towers with Radar,278,85,29,1,393,0,34,145,1,180,278,119,174,2,573,34,0,34,607
04/26/2004,ANC,AK,AAL,WE,Towers with Radar,291,140,26,4,461,0,30,98,7,135,291,170,124,11,596,4,0,4,600
04/27/2004,ANC,AK,AAL,WE,Towers with Radar,309,159,29,6,503,0,16,35,0,51,309,175,64,6,554,2,0,2,556
04/28/2004,ANC,AK,AAL,WE,Towers with Radar,375,164,42,10,591,0,29,81,27,137,375,193,123,37,728,8,0,8,736
04/29/2004,ANC,AK,AAL,WE,Towers with Radar,351,179,46,8,584,0,36,74,4,114,351,215,120,12,698,50,0,50,748
04/30/2004,ANC,AK,AAL,WE,Towers with Radar,354,144,62,14,574,1,45,154,7,207,355,189,216,21,781,76,0,76,857
05/01/2004,ANC,AK,AAL,WE,Towers with Radar,337,125,29,11,502,0,40,186,2,228,337,165,215,13,730,94,0,94,824
05/02/2004,ANC,AK,AAL,WE,Towers with Radar,310,107,26,5,448,5,34,155,4,198,315,141,181,9,646,26,0,26,672
05/03/2004,ANC,AK,AAL,WE,Towers with Radar,284,130,58,4,476,1,53,209,10,273,285,183,267,14,749,64,0,64,813
05/04/2004,ANC,AK,AAL,WE,Towers with Radar,283,146,59,3,491,1,86,253,15,355,284,232,312,18,846,62,0,62,908
05/05/2004,ANC,AK,AAL,WE,Towers with Radar,294,140,42,15,491,1,92,281,21,395,295,232,323,36,886,159,0,159,1045
05/06/2004,ANC,AK,AAL,WE,Towers with Radar,300,148,31,13,492,0,107,274,24,405,300,255,305,37,897,98,0,98,995
05/07/2004,ANC,AK,AAL,WE,Towers with Radar,330,129,33,12,504,1,95,328,21,445,331,224,361,33,949,82,0,82,1031
05/08/2004,ANC,AK,AAL,WE,Towers with Radar,336,117,29,1,483,0,36,175,0,211,336,153,204,1,694,48,0,48,742
05/09/2004,ANC,AK,AAL,WE,Towers with Radar,265,97,31,6,399,1,51,244,0,296,266,148,275,6,695,40,0,40,735
05/10/2004,ANC,AK,AAL,WE,Towers with Radar,287,146,24,10,467,0,76,214,16,306,287,222,238,26,773,52,0,52,825
05/11/2004,ANC,AK,AAL,WE,Towers with Radar,304,191,47,14,556,0,24,96,4,124,304,215,143,18,680,12,0,12,692
05/12/2004,ANC,AK,AAL,WE,Towers with Radar,358,184,58,9,609,0,101,240,23,364,358,285,298,32,973,30,0,30,1003
05/13/2004,ANC,AK,AAL,WE,Towers with Radar,361,175,59,12,607,0,105,380,8,493,361,280,439,20,1100,16,0,16,1116
05/14/2004,ANC,AK,AAL,WE,Towers with Radar,347,174,68,14,603,1,71,293,6,371,348,245,361,20,974,60,0,60,1034
05/15/2004,ANC,AK,AAL,WE,Towers with Radar,388,122,78,2,590,2,77,259,2,340,390,199,337,4,930,28,0,28,958
05/16/2004,ANC,AK,AAL,WE,Towers with Radar,293,85,46,5,429,0,60,131,1,192,293,145,177,6,621,0,0,0,621
05/17/2004,ANC,AK,AAL,WE,Towers with Radar,300,141,27,10,478,1,58,157,11,227,301,199,184,21,705,4,0,4,709
05/18/2004,ANC,AK,AAL,WE,Towers with Radar,360,164,40,16,580,0,52,267,6,325,360,216,307,22,905,82,0,82,987
05/19/2004,ANC,AK,AAL,WE,Towers with Radar,376,184,64,7,631,0,80,209,21,310,376,264,273,28,941,48,0,48,989
05/20/2004,ANC,AK,AAL,WE,Towers with Radar,362,151,85,15,613,2,108,387,12,509,364,259,472,27,1122,22,0,22,1144
05/21/2004,ANC,AK,AAL,WE,Towers with Radar,373,133,68,2,576,0,101,409,17,527,373,234,477,19,1103,6,0,6,1109
05/22/2004,ANC,AK,AAL,WE,Towers with Radar,344,116,37,1,498,2,78,410,5,495,346,194,447,6,993,52,0,52,1045
05/23/2004,ANC,AK,AAL,WE,Towers with Radar,339,102,32,1,474,0,33,126,0,159,339,135,158,1,633,66,0,66,699
05/24/2004,ANC,AK,AAL,WE,Towers with Radar,294,193,56,22,565,0,66,145,7,218,294,259,201,29,783,54,0,54,837
05/25/2004,ANC,AK,AAL,WE,Towers with Radar,353,179,25,6,563,0,79,208,10,297,353,258,233,16,860,14,0,14,874
05/26/2004,ANC,AK,AAL,WE,Towers with Radar,370,185,68,20,643,0,54,272,12,338,370,239,340,32,981,40,0,40,1021
05/27/2004,ANC,AK,AAL,WE,Towers with Radar,372,159,42,16,589,0,106,294,15,415,372,265,336,31,1004,28,0,28,1032
05/28/2004,ANC,AK,AAL,WE,Towers with Radar,390,165,42,6,603,0,96,304,13,413,390,261,346,19,1016,34,0,34,1050
05/29/2004,ANC,AK,AAL,WE,Towers with Radar,382,131,39,5,557,0,128,497,0,625,382,259,536,5,1182,68,0,68,1250
05/30/2004,ANC,AK,AAL,WE,Towers with Radar,318,81,11,4,414,0,111,418,0,529,318,192,429,4,943,26,0,26,969
05/31/2004,ANC,AK,AAL,WE,Towers with Radar,306,117,61,2,486,0,78,304,1,383,306,195,365,3,869,36,0,36,905
06/01/2004,ANC,AK,AAL,WE,Towers with Radar,332,143,39,8,522,0,117,398,11,526,332,260,437,19,1048,28,0,28,1076
06/02/2004,ANC,AK,AAL,WE,Towers with Radar,371,171,53,4,599,2,102,310,11,425,373,273,363,15,1024,0,0,0,1024
06/03/2004,ANC,AK,AAL,WE,Towers with Radar,383,166,83,9,641,0,216,406,31,653,383,382,489,40,1294,4,0,4,1298
06/04/2004,ANC,AK,AAL,WE,Towers with Radar,366,168,65,4,603,20,191,539,17,767,386,359,604,21,1370,68,0,68,1438
06/05/2004,ANC,AK,AAL,WE,Towers with Radar,400,153,42,2,597,1,214,561,3,779,401,367,603,5,1376,6,0,6,1382
06/06/2004,ANC,AK,AAL,WE,Towers with Radar,355,99,25,8,487,1,139,469,4,613,356,238,494,12,1100,8,0,8,1108
06/07/2004,ANC,AK,AAL,WE,Towers with Radar,353,138,44,10,545,0,150,398,17,565,353,288,442,27,1110,12,0,12,1122
06/08/2004,ANC,AK,AAL,WE,Towers with Radar,388,199,67,9,663,0,89,257,8,354,388,288,324,17,1017,50,0,50,1067
06/09/2004,ANC,AK,AAL,WE,Towers with Radar,408,180,48,3,639,0,134,378,23,535,408,314,426,26,1174,16,0,16,1190
06/10/2004,ANC,AK,AAL,WE,Towers with Radar,433,163,41,11,648,0,178,385,27,590,433,341,426,38,1238,10,0,10,1248
06/11/2004,ANC,AK,AAL,WE,Towers with Radar,416,177,50,9,652,1,151,471,14,637,417,328,521,23,1289,12,0,12,1301
06/12/2004,ANC,AK,AAL,WE,Towers with Radar,427,130,62,1,620,1,209,528,0,738,428,339,590,1,1358,32,0,32,1390
06/13/2004,ANC,AK,AAL,WE,Towers with Radar,357,107,33,0,497,0,253,530,2,785,357,360,563,2,1282,24,0,24,1306
06/14/2004,ANC,AK,AAL,WE,Towers with Radar,357,161,47,2,567,0,207,325,9,541,357,368,372,11,1108,2,0,2,1110
06/15/2004,ANC,AK,AAL,WE,Towers with Radar,399,190,56,12,657,0,176,332,3,511,399,366,388,15,1168,0,2,2,1170
06/16/2004,ANC,AK,AAL,WE,Towers with Radar,443,185,53,2,683,1,165,213,34,413,444,350,266,36,1096,12,0,12,1108
06/17/2004,ANC,AK,AAL,WE,Towers with Radar,445,215,62,6,728,2,148,194,4,348,447,363,256,10,1076,6,0,6,1082
06/18/2004,ANC,AK,AAL,WE,Towers with Radar,430,201,45,13,689,0,251,540,6,797,430,452,585,19,1486,40,0,40,1526
06/19/2004,ANC,AK,AAL,WE,Towers with Radar,413,125,37,5,580,2,267,570,12,851,415,392,607,17,1431,20,0,20,1451
06/20/2004,ANC,AK,AAL,WE,Towers with Radar,357,96,44,3,500,0,242,554,11,807,357,338,598,14,1307,34,0,34,1341
06/21/2004,ANC,AK,AAL,WE,Towers with Radar,390,135,50,8,583,3,219,478,1,701,393,354,528,9,1284,35,0,35,1319
06/22/2004,ANC,AK,AAL,WE,Towers with Radar,398,164,62,9,633,0,185,420,0,605,398,349,482,9,1238,10,0,10,1248
06/23/2004,ANC,AK,AAL,WE,Towers with Radar,421,188,91,4,704,0,189,420,10,619,421,377,511,14,1323,2,0,2,1325
06/24/2004,ANC,AK,AAL,WE,Towers with Radar,421,163,53,10,647,0,252,466,11,729,421,415,519,21,1376,4,0,4,1380
06/25/2004,ANC,AK,AAL,WE,Towers with Radar,422,169,88,5,684,0,250,526,12,788,422,419,614,17,1472,22,0,22,1494
06/26/2004,ANC,AK,AAL,WE,Towers with Radar,414,132,38,9,593,1,244,504,0,749,415,376,542,9,1342,10,0,10,1352
06/27/2004,ANC,AK,AAL,WE,Towers with Radar,364,109,59,4,536,0,228,469,0,697,364,337,528,4,1233,0,0,0,1233
06/28/2004,ANC,AK,AAL,WE,Towers with Radar,385,184,61,25,655,0,154,287,8,449,385,338,348,33,1104,56,0,56,1160
06/29/2004,ANC,AK,AAL,WE,Towers with Radar,403,202,65,22,692,0,120,252,13,385,403,322,317,35,1077,26,0,26,1103
06/30/2004,ANC,AK,AAL,WE,Towers with Radar,402,201,68,13,684,0,141,290,15,446,402,342,358,28,1130,86,0,86,1216
07/01/2004,ANC,AK,AAL,WE,Towers with Radar,441,237,76,17,771,0,125,221,17,363,441,362,297,34,1134,86,0,86,1220
07/02/2004,ANC,AK,AAL,WE,Towers with Radar,405,194,67,3,669,0,167,409,4,580,405,361,476,7,1249,38,0,38,1287
07/03/2004,ANC,AK,AAL,WE,Towers with Radar,419,174,50,0,643,1,181,434,3,619,420,355,484,3,1262,32,0,32,1294
07/04/2004,ANC,AK,AAL,WE,Towers with Radar,370,98,28,0,496,0,174,326,0,500,370,272,354,0,996,14,0,14,1010
07/05/2004,ANC,AK,AAL,WE,Towers with Radar,359,128,45,0,532,0,187,484,0,671,359,315,529,0,1203,10,0,10,1213
07/06/2004,ANC,AK,AAL,WE,Towers with Radar,356,168,47,4,575,3,188,449,12,652,359,356,496,16,1227,14,0,14,1241
07/07/2004,ANC,AK,AAL,WE,Towers with Radar,425,147,29,9,610,0,196,429,4,629,425,343,458,13,1239,4,0,4,1243
07/08/2004,ANC,AK,AAL,WE,Towers with Radar,432,179,42,3,656,0,240,423,21,684,432,419,465,24,1340,12,0,12,1352
07/09/2004,ANC,AK,AAL,WE,Towers with Radar,427,173,44,3,647,1,241,414,26,682,428,414,458,29,1329,22,0,22,1351
07/10/2004,ANC,AK,AAL,WE,Towers with Radar,441,121,29,0,591,2,224,462,0,688,443,345,491,0,1279,4,0,4,1283
07/11/2004,ANC,AK,AAL,WE,Towers with Radar,366,114,33,2,515,3,181,527,4,715,369,295,560,6,1230,10,0,10,1240
07/12/2004,ANC,AK,AAL,WE,Towers with Radar,348,173,34,4,559,1,153,376,8,538,349,326,410,12,1097,10,0,10,1107
07/13/2004,ANC,AK,AAL,WE,Towers with Radar,403,193,40,15,651,4,176,374,10,564,407,369,414,25,1215,4,0,4,1219
07/14/2004,ANC,AK,AAL,WE,Towers with Radar,421,188,47,1,657,0,181,304,50,535,421,369,351,51,1192,8,0,8,1200
07/15/2004,ANC,AK,AAL,WE,Towers with Radar,440,182,49,6,677,0,224,368,31,623,440,406,417,37,1300,0,0,0,1300
07/16/2004,ANC,AK,AAL,WE,Towers with Radar,414,179,64,2,659,0,176,446,31,653,414,355,510,33,1312,10,0,10,1322
07/17/2004,ANC,AK,AAL,WE,Towers with Radar,436,183,38,0,657,4,176,410,2,592,440,359,448,2,1249,24,0,24,1273
07/18/2004,ANC,AK,AAL,WE,Towers with Radar,371,153,51,1,576,0,149,318,0,467,371,302,369,1,1043,4,0,4,1047
07/19/2004,ANC,AK,AAL,WE,Towers with Radar,372,197,40,3,612,0,185,362,7,554,372,382,402,10,1166,8,0,8,1174
07/20/2004,ANC,AK,AAL,WE,Towers with Radar,394,190,48,6,638,0,167,359,13,539,394,357,407,19,1177,6,0,6,1183
07/21/2004,ANC,AK,AAL,WE,Towers with Radar,405,179,30,3,617,1,180,309,36,526,406,359,339,39,1143,14,0,14,1157
07/22/2004,ANC,AK,AAL,WE,Towers with Radar,417,176,45,4,642,0,203,297,23,523,417,379,342,27,1165,4,0,4,1169
07/23/2004,ANC,AK,AAL,WE,Towers with Radar,417,175,49,4,645,0,191,390,21,602,417,366,439,25,1247,0,0,0,1247
07/24/2004,ANC,AK,AAL,WE,Towers with Radar,451,152,52,1,656,2,218,497,2,719,453,370,549,3,1375,8,0,8,1383
07/25/2004,ANC,AK,AAL,WE,Towers with Radar,357,123,28,2,510,0,180,460,1,641,357,303,488,3,1151,14,0,14,1165
07/26/2004,ANC,AK,AAL,WE,Towers with Radar,371,186,43,4,604,0,116,204,4,324,371,302,247,8,928,0,0,0,928
07/27/2004,ANC,AK,AAL,WE,Towers with Radar,400,193,59,7,659,0,157,260,4,421,400,350,319,11,1080,6,0,6,1086
07/28/2004,ANC,AK,AAL,WE,Towers with Radar,439,207,67,5,718,1,201,319,20,541,440,408,386,25,1259,18,0,18,1277
07/29/2004,ANC,AK,AAL,WE,Towers with Radar,428,207,80,6,721,0,189,361,38,588,428,396,441,44,1309,0,0,0,1309
07/30/2004,ANC,AK,AAL,WE,Towers with Radar,390,190,48,5,633,1,174,371,21,567,391,364,419,26,1200,0,0,0,1200
07/31/2004,ANC,AK,AAL,WE,Towers with Radar,426,173,58,5,662,0,218,517,4,739,426,391,575,9,1401,26,0,26,1427
08/01/2004,ANC,AK,AAL,WE,Towers with Radar,374,122,28,1,525,1,220,465,2,688,375,342,493,3,1213,16,0,16,1229
08/02/2004,ANC,AK,AAL,WE,Towers with Radar,382,169,54,2,607,0,208,365,10,583,382,377,419,12,1190,12,0,12,1202
08/03/2004,ANC,AK,AAL,WE,Towers with Radar,397,153,54,2,606,0,224,430,16,670,397,377,484,18,1276,16,0,16,1292
08/04/2004,ANC,AK,AAL,WE,Towers with Radar,413,188,55,10,666,0,215,320,13,548,413,403,375,23,1214,10,0,10,1224
08/05/2004,ANC,AK,AAL,WE,Towers with Radar,422,176,67,7,672,0,249,474,36,759,422,425,541,43,1431,14,0,14,1445
08/06/2004,ANC,AK,AAL,WE,Towers with Radar,407,159,55,8,629,1,255,492,24,772,408,414,547,32,1401,15,0,15,1416
08/07/2004,ANC,AK,AAL,WE,Towers with Radar,427,150,46,1,624,2,254,579,0,835,429,404,625,1,1459,10,0,10,1469
08/08/2004,ANC,AK,AAL,WE,Towers with Radar,363,111,26,0,500,0,218,454,3,675,363,329,480,3,1175,26,0,26,1201
08/09/2004,ANC,AK,AAL,WE,Towers with Radar,354,159,42,4,559,1,186,368,11,566,355,345,410,15,1125,0,0,0,1125
08/10/2004,ANC,AK,AAL,WE,Towers with Radar,410,173,40,4,627,1,209,419,15,644,411,382,459,19,1271,10,0,10,1281
08/11/2004,ANC,AK,AAL,WE,Towers with Radar,408,183,31,4,626,1,187,266,17,471,409,370,297,21,1097,28,0,28,1125
08/12/2004,ANC,AK,AAL,WE,Towers with Radar,426,215,64,15,720,1,166,378,9,554,427,381,442,24,1274,12,0,12,1286
08/13/2004,ANC,AK,AAL,WE,Towers with Radar,421,189,68,14,692,0,217,464,24,705,421,406,532,38,1397,6,0,6,1403
08/14/2004,ANC,AK,AAL,WE,Towers with Radar,422,165,32,3,622,2,222,546,0,770,424,387,578,3,1392,2,0,2,1394
08/15/2004,ANC,AK,AAL,WE,Towers with Radar,359,114,29,1,503,0,181,458,0,639,359,295,487,1,1142,6,0,6,1148
08/16/2004,ANC,AK,AAL,WE,Towers with Radar,354,180,44,10,588,0,137,266,7,410,354,317,310,17,998,6,0,6,1004
08/17/2004,ANC,AK,AAL,WE,Towers with Radar,383,203,59,8,653,0,149,292,18,459,383,352,351,26,1112,2,0,2,1114
08/18/2004,ANC,AK,AAL,WE,Towers with Radar,406,188,48,5,647,0,167,303,44,514,406,355,351,49,1161,8,0,8,1169
08/19/2004,ANC,AK,AAL,WE,Towers with Radar,421,188,57,8,674,0,177,342,35,554,421,365,399,43,1228,30,0,30,1258
08/20/2004,ANC,AK,AAL,WE,Towers with Radar,423,209,73,6,711,0,158,285,19,462,423,367,358,25,1173,22,0,22,1195
08/21/2004,ANC,AK,AAL,WE,Towers with Radar,418,157,46,2,623,2,165,546,0,713,420,322,592,2,1336,2,0,2,1338
08/22/2004,ANC,AK,AAL,WE,Towers with Radar,361,119,22,1,503,0,194,520,3,717,361,313,542,4,1220,8,0,8,1228
08/23/2004,ANC,AK,AAL,WE,Towers with Radar,364,162,42,3,571,0,170,323,14,507,364,332,365,17,1078,4,0,4,1082
08/24/2004,ANC,AK,AAL,WE,Towers with Radar,391,175,31,3,600,1,197,428,13,639,392,372,459,16,1239,51,0,51,1290
08/25/2004,ANC,AK,AAL,WE,Towers with Radar,400,188,41,4,633,0,156,399,13,568,400,344,440,17,1201,14,0,14,1215
08/26/2004,ANC,AK,AAL,WE,Towers with Radar,435,197,64,3,699,0,85,135,17,237,435,282,199,20,936,0,0,0,936
08/27/2004,ANC,AK,AAL,WE,Towers with Radar,452,213,63,13,741,0,91,197,25,313,452,304,260,38,1054,6,0,6,1060
08/28/2004,ANC,AK,AAL,WE,Towers with Radar,431,163,67,3,664,0,134,439,7,580,431,297,506,10,1244,0,0,0,1244
08/29/2004,ANC,AK,AAL,WE,Towers with Radar,381,132,40,2,555,1,140,468,4,613,382,272,508,6,1168,14,0,14,1182
08/30/2004,ANC,AK,AAL,WE,Towers with Radar,390,178,48,2,618,1,122,309,18,450,391,300,357,20,1068,38,0,38,1106
08/31/2004,ANC,AK,AAL,WE,Towers with Radar,406,198,30,6,640,0,151,395,6,552,406,349,425,12,1192,0,0,0,1192
09/01/2004,ANC,AK,AAL,WE,Towers with Radar,419,200,27,4,650,0,83,256,19,358,419,283,283,23,1008,49,0,49,1057
09/02/2004,ANC,AK,AAL,WE,Towers with Radar,431,235,61,0,727,0,113,212,29,354,431,348,273,29,1081,2,0,2,1083
09/03/2004,ANC,AK,AAL,WE,Towers with Radar,450,223,57,3,733,0,114,273,13,400,450,337,330,16,1133,12,0,12,1145
09/04/2004,ANC,AK,AAL,WE,Towers with Radar,429,140,27,1,597,1,214,534,1,750,430,354,561,2,1347,6,0,6,1353
09/05/2004,ANC,AK,AAL,WE,Towers with Radar,370,109,27,0,506,0,151,406,2,559,370,260,433,2,1065,4,0,4,1069
09/06/2004,ANC,AK,AAL,WE,Towers with Radar,344,111,33,1,489,0,174,474,0,648,344,285,507,1,1137,0,0,0,1137
09/07/2004,ANC,AK,AAL,WE,Towers with Radar,344,160,38,5,547,1,160,324,5,490,345,320,362,10,1037,8,0,8,1045
09/08/2004,ANC,AK,AAL,WE,Towers with Radar,423,147,26,11,607,1,178,344,14,537,424,325,370,25,1144,10,0,10,1154
09/09/2004,ANC,AK,AAL,WE,Towers with Radar,406,167,52,8,633,1,179,375,16,571,407,346,427,24,1204,22,0,22,1226
09/10/2004,ANC,AK,AAL,WE,Towers with Radar,395,181,47,5,628,0,180,350,6,536,395,361,397,11,1164,16,0,16,1180
09/11/2004,ANC,AK,AAL,WE,Towers with Radar,397,121,30,0,548,2,193,422,0,617,399,314,452,0,1165,2,0,2,1167
09/12/2004,ANC,AK,AAL,WE,Towers with Radar,336,106,20,0,462,0,130,352,0,482,336,236,372,0,944,4,0,4,948
09/13/2004,ANC,AK,AAL,WE,Towers with Radar,333,171,35,11,550,0,170,210,16,396,333,341,245,27,946,34,0,34,980
09/14/2004,ANC,AK,AAL,WE,Towers with Radar,357,142,28,9,536,0,179,320,8,507,357,321,348,17,1043,8,0,8,1051
09/15/2004,ANC,AK,AAL,WE,Towers with Radar,395,157,23,1,576,1,187,281,24,493,396,344,304,25,1069,22,0,22,1091
09/16/2004,ANC,AK,AAL,WE,Towers with Radar,382,178,26,6,592,0,147,297,24,468,382,325,323,30,1060,8,0,8,1068
09/17/2004,ANC,AK,AAL,WE,Towers with Radar,386,171,47,3,607,0,158,361,12,531,386,329,408,15,1138,6,0,6,1144
09/18/2004,ANC,AK,AAL,WE,Towers with Radar,388,139,33,1,561,0,128,354,0,482,388,267,387,1,1043,4,0,4,1047
09/19/2004,ANC,AK,AAL,WE,Towers with Radar,309,123,58,1,491,0,34,116,0,150,309,157,174,1,641,32,0,32,673
09/20/2004,ANC,AK,AAL,WE,Towers with Radar,348,196,72,9,625,0,55,106,4,165,348,251,178,13,790,52,0,52,842
09/21/2004,ANC,AK,AAL,WE,Towers with Radar,329,159,59,4,551,1,161,293,14,469,330,320,352,18,1020,68,0,68,1088
09/22/2004,ANC,AK,AAL,WE,Towers with Radar,396,201,45,7,649,0,50,68,9,127,396,251,113,16,776,6,0,6,782
09/23/2004,ANC,AK,AAL,WE,Towers with Radar,413,189,53,10,665,0,94,161,8,263,413,283,214,18,928,14,0,14,942
09/24/2004,ANC,AK,AAL,WE,Towers with Radar,392,178,30,2,602,0,158,377,4,539,392,336,407,6,1141,0,0,0,1141
09/25/2004,ANC,AK,AAL,WE,Towers with Radar,333,143,40,0,516,0,4,3,1,8,333,147,43,1,524,0,0,0,524
09/26/2004,ANC,AK,AAL,WE,Towers with Radar,301,123,51,0,475,0,52,59,0,111,301,175,110,0,586,0,0,0,586
09/27/2004,ANC,AK,AAL,WE,Towers with Radar,369,152,42,2,565,0,127,240,7,374,369,279,282,9,939,16,0,16,955
09/28/2004,ANC,AK,AAL,WE,Towers with Radar,352,187,59,3,601,0,25,23,6,54,352,212,82,9,655,0,0,0,655
09/29/2004,ANC,AK,AAL,WE,Towers with Radar,381,204,56,13,654,0,1,1,2,4,381,205,57,15,658,0,0,0,658
09/30/2004,ANC,AK,AAL,WE,Towers with Radar,392,210,63,2,667,0,0,5,17,22,392,210,68,19,689,0,0,0,689
10/01/2004,ANC,AK,AAL,WE,Towers with Radar,373,208,94,0,675,0,112,362,26,500,373,320,456,26,1175,6,0,6,1181
10/02/2004,ANC,AK,AAL,WE,Towers with Radar,362,142,35,0,539,0,48,186,0,234,362,190,221,0,773,16,0,16,789
10/03/2004,ANC,AK,AAL,WE,Towers with Radar,309,82,28,2,421,0,82,247,0,329,309,164,275,2,750,22,0,22,772
10/04/2004,ANC,AK,AAL,WE,Towers with Radar,339,146,37,4,526,0,109,154,6,269,339,255,191,10,795,97,0,97,892
10/05/2004,ANC,AK,AAL,WE,Towers with Radar,318,173,41,2,534,0,112,241,19,372,318,285,282,21,906,34,0,34,940
10/06/2004,ANC,AK,AAL,WE,Towers with Radar,367,165,49,11,592,0,82,230,17,329,367,247,279,28,921,22,0,22,943
10/07/2004,ANC,AK,AAL,WE,Towers with Radar,357,184,51,6,598,0,74,239,23,336,357,258,290,29,934,14,0,14,948
10/08/2004,ANC,AK,AAL,WE,Towers with Radar,381,190,55,4,630,1,88,243,24,356,382,278,298,28,986,22,0,22,1008
10/09/2004,ANC,AK,AAL,WE,Towers with Radar,332,146,51,2,531,0,27,143,1,171,332,173,194,3,702,32,0,32,734
10/10/2004,ANC,AK,AAL,WE,Towers with Radar,337,103,27,0,467,0,55,242,3,300,337,158,269,3,767,4,0,4,771
10/11/2004,ANC,AK,AAL,WE,Towers with Radar,351,140,48,1,540,0,49,176,0,225,351,189,224,1,765,38,0,38,803
10/12/2004,ANC,AK,AAL,WE,Towers with Radar,340,164,48,1,553,0,60,149,18,227,340,224,197,19,780,12,0,12,792
10/13/2004,ANC,AK,AAL,WE,Towers with Radar,387,166,36,5,594,0,65,151,13,229,387,231,187,18,823,16,0,16,839
10/14/2004,ANC,AK,AAL,WE,Towers with Radar,375,183,39,9,606,1,45,126,13,185,376,228,165,22,791,10,0,10,801
10/15/2004,ANC,AK,AAL,WE,Towers with Radar,418,168,57,11,654,0,2,3,10,15,418,170,60,21,669,2,0,2,671
10/16/2004,ANC,AK,AAL,WE,Towers with Radar,367,136,37,4,544,2,38,210,0,250,369,174,247,4,794,12,0,12,806
10/17/2004,ANC,AK,AAL,WE,Towers with Radar,316,99,44,1,460,0,50,310,0,360,316,149,354,1,820,97,0,97,917
10/18/2004,ANC,AK,AAL,WE,Towers with Radar,326,142,31,2,501,0,75,158,14,247,326,217,189,16,748,52,0,52,800
10/19/2004,ANC,AK,AAL,WE,Towers with Radar,367,182,38,24,611,0,8,4,4,16,367,190,42,28,627,0,0,0,627
10/20/2004,ANC,AK,AAL,WE,Towers with Radar,395,177,34,12,618,0,49,141,12,202,395,226,175,24,820,10,0,10,830
10/21/2004,ANC,AK,AAL,WE,Towers with Radar,390,211,43,20,664,1,19,33,0,53,391,230,76,20,717,6,0,6,723
10/22/2004,ANC,AK,AAL,WE,Towers with Radar,394,174,70,17,655,0,43,172,4,219,394,217,242,21,874,96,0,96,970
10/23/2004,ANC,AK,AAL,WE,Towers with Radar,363,142,24,4,533,0,2,16,0,18,363,144,40,4,551,0,0,0,551
10/24/2004,ANC,AK,AAL,WE,Towers with Radar,324,112,29,0,465,0,13,75,0,88,324,125,104,0,553,44,0,44,597
10/25/2004,ANC,AK,AAL,WE,Towers with Radar,334,151,34,3,522,0,52,111,9,172,334,203,145,12,694,14,0,14,708
10/26/2004,ANC,AK,AAL,WE,Towers with Radar,346,183,29,14,572,0,14,22,23,59,346,197,51,37,631,2,0,2,633
10/27/2004,ANC,AK,AAL,WE,Towers with Radar,421,189,48,12,670,0,44,112,35,191,421,233,160,47,861,4,0,4,865
10/28/2004,ANC,AK,AAL,WE,Towers with Radar,389,198,39,17,643,0,21,76,20,117,389,219,115,37,760,0,0,0,760
10/29/2004,ANC,AK,AAL,WE,Towers with Radar,392,213,41,13,659,0,30,29,10,69,392,243,70,23,728,26,0,26,754
10/30/2004,ANC,AK,AAL,WE,Towers with Radar,373,142,21,1,537,0,41,133,1,175,373,183,154,2,712,24,0,24,736
10/31/2004,ANC,AK,AAL,WE,Towers with Radar,321,137,37,4,499,0,15,52,3,70,321,152,89,7,569,32,0,32,601
11/01/2004,ANC,AK,AAL,WE,Towers with Radar,336,178,27,1,542,0,30,26,4,60,336,208,53,5,602,0,0,0,602
11/02/2004,ANC,AK,AAL,WE,Towers with Radar,328,153,32,1,514,0,50,73,19,142,328,203,105,20,656,8,0,8,664
11/03/2004,ANC,AK,AAL,WE,Towers with Radar,376,163,21,0,560,0,0,1,0,1,376,163,22,0,561,0,0,0,561
11/04/2004,ANC,AK,AAL,WE,Towers with Radar,378,187,19,5,589,0,11,24,16,51,378,198,43,21,640,0,0,0,640
11/05/2004,ANC,AK,AAL,WE,Towers with Radar,359,156,48,6,569,0,55,90,8,153,359,211,138,14,722,12,0,12,734
11/06/2004,ANC,AK,AAL,WE,Towers with Radar,377,125,23,3,528,0,19,40,7,66,377,144,63,10,594,0,0,0,594
11/07/2004,ANC,AK,AAL,WE,Towers with Radar,330,99,19,1,449,0,4,27,1,32,330,103,46,2,481,44,0,44,525
11/08/2004,ANC,AK,AAL,WE,Towers with Radar,343,140,27,4,514,0,33,31,11,75,343,173,58,15,589,0,0,0,589
11/09/2004,ANC,AK,AAL,WE,Towers with Radar,323,145,22,17,507,0,4,15,11,30,323,149,37,28,537,0,0,0,537
11/10/2004,ANC,AK,AAL,WE,Towers with Radar,380,178,15,0,573,0,22,16,5,43,380,200,31,5,616,0,0,0,616
11/11/2004,ANC,AK,AAL,WE,Towers with Radar,379,171,20,1,571,0,38,86,0,124,379,209,106,1,695,46,0,46,741
11/12/2004,ANC,AK,AAL,WE,Towers with Radar,361,168,54,2,585,0,2,3,0,5,361,170,57,2,590,0,0,0,590
11/13/2004,ANC,AK,AAL,WE,Towers with Radar,388,127,36,2,553,0,8,8,2,18,388,135,44,4,571,6,0,6,577
11/14/2004,ANC,AK,AAL,WE,Towers with Radar,252,32,16,0,300,5,2,0,0,7,257,34,16,0,307,0,0,0,307
11/15/2004,ANC,AK,AAL,WE,Towers with Radar,312,167,30,5,514,0,29,63,10,102,312,196,93,15,616,84,0,84,700
11/16/2004,ANC,AK,AAL,WE,Towers with Radar,357,171,24,5,557,0,17,42,6,65,357,188,66,11,622,10,0,10,632
11/17/2004,ANC,AK,AAL,WE,Towers with Radar,409,189,29,27,654,0,1,6,2,9,409,190,35,29,663,0,0,0,663
11/18/2004,ANC,AK,AAL,WE,Towers with Radar,370,182,31,15,598,0,15,24,13,52,370,197,55,28,650,30,0,30,680
11/19/2004,ANC,AK,AAL,WE,Towers with Radar,376,150,29,4,559,0,4,43,3,50,376,154,72,7,609,0,0,0,609
11/20/2004,ANC,AK,AAL,WE,Towers with Radar,369,128,21,2,520,0,28,64,0,92,369,156,85,2,612,42,0,42,654
11/21/2004,ANC,AK,AAL,WE,Towers with Radar,312,90,16,1,419,0,21,87,2,110,312,111,103,3,529,2,0,2,531
11/22/2004,ANC,AK,AAL,WE,Towers with Radar,323,143,29,6,501,1,22,54,6,83,324,165,83,12,584,6,0,6,590
11/23/2004,ANC,AK,AAL,WE,Towers with Radar,343,151,17,15,526,0,36,72,18,126,343,187,89,33,652,64,0,64,716
11/24/2004,ANC,AK,AAL,WE,Towers with Radar,389,160,23,4,576,0,30,40,19,89,389,190,63,23,665,34,0,34,699
11/25/2004,ANC,AK,AAL,WE,Towers with Radar,303,46,8,0,357,0,6,16,0,22,303,52,24,0,379,0,0,0,379
11/26/2004,ANC,AK,AAL,WE,Towers with Radar,355,141,24,0,520,9,10,60,4,83,364,151,84,4,603,0,0,0,603
11/27/2004,ANC,AK,AAL,WE,Towers with Radar,361,132,17,1,511,0,3,8,2,13,361,135,25,3,524,0,0,0,524
11/28/2004,ANC,AK,AAL,WE,Towers with Radar,326,97,25,0,448,0,25,58,2,85,326,122,83,2,533,4,0,4,537
11/29/2004,ANC,AK,AAL,WE,Towers with Radar,326,159,18,8,511,12,30,29,4,75,338,189,47,12,586,7,0,7,593
11/30/2004,ANC,AK,AAL,WE,Towers with Radar,343,156,22,8,529,0,32,55,25,112,343,188,77,33,641,21,0,21,662
12/01/2004,ANC,AK,AAL,WE,Towers with Radar,382,164,19,9,574,0,10,8,12,30,382,174,27,21,604,0,0,0,604
12/02/2004,ANC,AK,AAL,WE,Towers with Radar,358,176,20,20,574,0,7,10,2,19,358,183,30,22,593,0,0,0,593
12/03/2004,ANC,AK,AAL,WE,Towers with Radar,373,182,37,16,608,20,14,14,9,57,393,196,51,25,665,0,0,0,665
12/04/2004,ANC,AK,AAL,WE,Towers with Radar,347,132,32,4,515,0,38,78,4,120,347,170,110,8,635,0,0,0,635
12/05/2004,ANC,AK,AAL,WE,Towers with Radar,329,114,24,6,473,0,9,23,0,32,329,123,47,6,505,0,0,0,505
12/06/2004,ANC,AK,AAL,WE,Towers with Radar,315,154,19,8,496,1,21,41,11,74,316,175,60,19,570,0,0,0,570
12/07/2004,ANC,AK,AAL,WE,Towers with Radar,335,163,24,19,541,0,28,36,13,77,335,191,60,32,618,20,0,20,638
12/08/2004,ANC,AK,AAL,WE,Towers with Radar,371,152,25,11,559,0,57,101,16,174,371,209,126,27,733,19,0,19,752
12/09/2004,ANC,AK,AAL,WE,Towers with Radar,367,177,36,8,588,0,43,69,29,141,367,220,105,37,729,0,0,0,729
12/10/2004,ANC,AK,AAL,WE,Towers with Radar,378,167,33,4,582,1,22,83,27,133,379,189,116,31,715,0,0,0,715
12/11/2004,ANC,AK,AAL,WE,Towers with Radar,360,156,32,3,551,0,5,18,0,23,360,161,50,3,574,0,0,0,574
12/12/2004,ANC,AK,AAL,WE,Towers with Radar,303,110,17,2,432,0,13,16,4,33,303,123,33,6,465,40,0,40,505
12/13/2004,ANC,AK,AAL,WE,Towers with Radar,308,162,19,4,493,3,9,32,5,49,311,171,51,9,542,10,0,10,552
12/14/2004,ANC,AK,AAL,WE,Towers with Radar,322,167,31,3,523,0,31,46,9,86,322,198,77,12,609,3,0,3,612
12/15/2004,ANC,AK,AAL,WE,Towers with Radar,383,178,29,26,616,11,45,23,9,88,394,223,52,35,704,8,0,8,712
12/16/2004,ANC,AK,AAL,WE,Towers with Radar,366,166,27,22,581,0,38,43,8,89,366,204,70,30,670,0,0,0,670
12/17/2004,ANC,AK,AAL,WE,Towers with Radar,380,197,28,12,617,0,24,31,9,64,380,221,59,21,681,10,0,10,691
12/18/2004,ANC,AK,AAL,WE,Towers with Radar,377,166,29,3,575,0,14,53,0,67,377,180,82,3,642,22,0,22,664
12/19/2004,ANC,AK,AAL,WE,Towers with Radar,309,104,12,0,425,0,2,0,0,2,309,106,12,0,427,0,0,0,427
12/20/2004,ANC,AK,AAL,WE,Towers with Radar,307,184,19,4,514,0,23,38,13,74,307,207,57,17,588,0,0,0,588
12/21/2004,ANC,AK,AAL,WE,Towers with Radar,326,165,21,8,520,0,17,6,6,29,326,182,27,14,549,6,0,6,555
12/22/2004,ANC,AK,AAL,WE,Towers with Radar,399,127,15,8,549,0,26,8,0,34,399,153,23,8,583,0,0,0,583
12/23/2004,ANC,AK,AAL,WE,Towers with Radar,355,167,20,5,547,0,20,8,21,49,355,187,28,26,596,0,0,0,596
12/24/2004,ANC,AK,AAL,WE,Towers with Radar,349,153,12,0,514,1,22,36,1,60,350,175,48,1,574,0,0,0,574
12/25/2004,ANC,AK,AAL,WE,Towers with Radar,267,10,3,0,280,0,12,16,0,28,267,22,19,0,308,0,0,0,308
12/26/2004,ANC,AK,AAL,WE,Towers with Radar,269,76,13,0,358,0,8,51,0,59,269,84,64,0,417,14,0,14,431
12/27/2004,ANC,AK,AAL,WE,Towers with Radar,278,180,23,0,481,0,8,21,4,33,278,188,44,4,514,26,0,26,540
12/28/2004,ANC,AK,AAL,WE,Towers with Radar,316,151,36,9,512,7,20,7,15,49,323,171,43,24,561,0,0,0,561
12/29/2004,ANC,AK,AAL,WE,Towers with Radar,353,149,26,10,538,1,44,42,8,95,354,193,68,18,633,20,0,20,653
12/30/2004,ANC,AK,AAL,WE,Towers with Radar,315,146,14,0,475,0,58,122,16,196,315,204,136,16,671,12,0,12,683
12/31/2004,ANC,AK,AAL,WE,Towers with Radar,311,137,29,0,477,0,21,92,0,113,311,158,121,0,590,36,0,36,626
01/01/2005,ANC,AK,AAL,WE,Towers with Radar,267,37,10,1,315,0,7,105,0,112,267,44,115,1,427,0,0,0,427
01/02/2005,ANC,AK,AAL,WE,Towers with Radar,242,95,16,4,357,0,4,21,0,25,242,99,37,4,382,4,0,4,386
01/03/2005,ANC,AK,AAL,WE,Towers with Radar,264,159,18,3,444,0,16,6,6,28,264,175,24,9,472,0,0,0,472
01/04/2005,ANC,AK,AAL,WE,Towers with Radar,304,181,23,17,525,0,3,35,6,44,304,184,58,23,569,8,0,8,577
01/05/2005,ANC,AK,AAL,WE,Towers with Radar,323,172,25,15,535,1,39,65,17,122,324,211,90,32,657,0,0,0,657
01/06/2005,ANC,AK,AAL,WE,Towers with Radar,338,145,24,13,520,90,67,84,9,250,428,212,108,22,770,10,0,10,780
01/07/2005,ANC,AK,AAL,WE,Towers with Radar,332,203,17,14,566,0,9,6,3,18,332,212,23,17,584,2,0,2,586
01/08/2005,ANC,AK,AAL,WE,Towers with Radar,327,176,24,0,527,0,12,21,1,34,327,188,45,1,561,0,0,0,561
01/09/2005,ANC,AK,AAL,WE,Towers with Radar,267,110,36,1,414,0,19,110,0,129,267,129,146,1,543,44,0,44,587
01/10/2005,ANC,AK,AAL,WE,Towers with Radar,279,150,21,2,452,0,41,65,23,129,279,191,86,25,581,0,0,0,581
01/11/2005,ANC,AK,AAL,WE,Towers with Radar,297,168,22,14,501,7,47,71,31,156,304,215,93,45,657,0,0,0,657
01/12/2005,ANC,AK,AAL,WE,Towers with Radar,336,169,13,26,544,0,19,26,7,52,336,188,39,33,596,0,0,0,596
01/13/2005,ANC,AK,AAL,WE,Towers with Radar,339,167,20,6,532,0,10,3,13,26,339,177,23,19,558,0,0,0,558
01/14/2005,ANC,AK,AAL,WE,Towers with Radar,346,185,35,15,581,0,11,19,10,40,346,196,54,25,621,0,0,0,621
01/15/2005,ANC,AK,AAL,WE,Towers with Radar,345,148,20,0,513,0,8,35,0,43,345,156,55,0,556,12,0,12,568
01/16/2005,ANC,AK,AAL,WE,Towers with Radar,303,109,20,1,433,0,18,105,1,124,303,127,125,2,557,14,0,14,571
01/17/2005,ANC,AK,AAL,WE,Towers with Radar,298,143,17,2,460,0,40,36,0,76,298,183,53,2,536,14,0,14,550
01/18/2005,ANC,AK,AAL,WE,Towers with Radar,329,146,24,5,504,0,54,55,16,125,329,200,79,21,629,6,0,6,635
01/19/2005,ANC,AK,AAL,WE,Towers with Radar,362,167,31,4,564,1,42,71,34,148,363,209,102,38,712,0,0,0,712
01/20/2005,ANC,AK,AAL,WE,Towers with Radar,341,161,22,5,529,0,31,84,24,139,341,192,106,29,668,32,0,32,700
01/21/2005,ANC,AK,AAL,WE,Towers with Radar,362,162,18,4,546,0,43,60,22,125,362,205,78,26,671,0,0,0,671
01/22/2005,ANC,AK,AAL,WE,Towers with Radar,356,112,22,1,491,0,31,70,0,101,356,143,92,1,592,22,0,22,614
01/23/2005,ANC,AK,AAL,WE,Towers with Radar,309,84,55,3,451,0,33,69,5,107,309,117,124,8,558,20,0,20,578
01/24/2005,ANC,AK,AAL,WE,Towers with Radar,301,150,31,6,488,1,34,60,13,108,302,184,91,19,596,0,12,12,608
01/25/2005,ANC,AK,AAL,WE,Towers with Radar,299,132,19,7,457,0,54,68,24,146,299,186,87,31,603,26,0,26,629
01/26/2005,ANC,AK,AAL,WE,Towers with Radar,359,155,28,0,542,1,53,112,30,196,360,208,140,30,738,22,0,22,760
01/27/2005,ANC,AK,AAL,WE,Towers with Radar,347,137,21,5,510,0,32,51,15,98,347,169,72,20,608,0,0,0,608
01/28/2005,ANC,AK,AAL,WE,Towers with Radar,364,156,35,3,558,0,46,108,24,178,364,202,143,27,736,30,0,30,766
01/29/2005,ANC,AK,AAL,WE,Towers with Radar,362,111,28,2,503,0,47,87,6,140,362,158,115,8,643,6,0,6,649
01/30/2005,ANC,AK,AAL,WE,Towers with Radar,296,75,22,2,395,0,28,110,0,138,296,103,132,2,533,58,0,58,591
01/31/2005,ANC,AK,AAL,WE,Towers with Radar,298,138,30,14,480,1,42,51,11,105,299,180,81,25,585,0,0,0,585
02/01/2005,ANC,AK,AAL,WE,Towers with Radar,337,137,17,8,499,0,52,65,27,144,337,189,82,35,643,6,0,6,649
02/02/2005,ANC,AK,AAL,WE,Towers with Radar,357,135,23,1,516,0,63,51,40,154,357,198,74,41,670,0,0,0,670
02/03/2005,ANC,AK,AAL,WE,Towers with Radar,357,123,30,2,512,0,52,64,33,149,357,175,94,35,661,0,0,0,661
02/04/2005,ANC,AK,AAL,WE,Towers with Radar,345,140,28,5,518,2,43,65,35,145,347,183,93,40,663,6,0,6,669
02/05/2005,ANC,AK,AAL,WE,Towers with Radar,355,115,23,2,495,0,38,81,3,122,355,153,104,5,617,18,0,18,635
02/06/2005,ANC,AK,AAL,WE,Towers with Radar,281,100,18,0,399,0,12,28,2,42,281,112,46,2,441,16,0,16,457
02/07/2005,ANC,AK,AAL,WE,Towers with Radar,311,143,16,8,478,0,5,23,5,33,311,148,39,13,511,0,0,0,511
02/08/2005,ANC,AK,AAL,WE,Towers with Radar,313,157,10,8,488,0,1,1,1,3,313,158,11,9,491,0,0,0,491
02/09/2005,ANC,AK,AAL,WE,Towers with Radar,362,185,25,5,577,0,28,35,21,84,362,213,60,26,661,0,0,0,661
02/10/2005,ANC,AK,AAL,WE,Towers with Radar,343,158,17,3,521,0,0,3,3,6,343,158,20,6,527,0,0,0,527
02/11/2005,ANC,AK,AAL,WE,Towers with Radar,331,172,16,8,527,1,29,83,5,118,332,201,99,13,645,10,0,10,655
02/12/2005,ANC,AK,AAL,WE,Towers with Radar,289,122,21,1,433,0,9,78,3,90,289,131,99,4,523,6,0,6,529
02/13/2005,ANC,AK,AAL,WE,Towers with Radar,237,99,22,6,364,0,8,44,9,61,237,107,66,15,425,34,0,34,459
02/14/2005,ANC,AK,AAL,WE,Towers with Radar,205,143,13,13,374,0,27,24,6,57,205,170,37,19,431,0,0,0,431
02/15/2005,ANC,AK,AAL,WE,Towers with Radar,268,168,23,9,468,0,43,64,8,115,268,211,87,17,583,0,0,0,583
02/16/2005,ANC,AK,AAL,WE,Towers with Radar,332,133,34,2,501,0,48,89,24,161,332,181,123,26,662,0,0,0,662
02/17/2005,ANC,AK,AAL,WE,Towers with Radar,316,142,27,6,491,0,55,89,22,166,316,197,116,28,657,8,0,8,665
02/18/2005,ANC,AK,AAL,WE,Towers with Radar,349,144,20,8,521,0,42,108,19,169,349,186,128,27,690,8,0,8,698
02/19/2005,ANC,AK,AAL,WE,Towers with Radar,337,122,11,0,470,1,28,167,1,197,338,150,178,1,667,22,0,22,689
02/20/2005,ANC,AK,AAL,WE,Towers with Radar,274,101,27,1,403,0,17,103,1,121,274,118,130,2,524,34,0,34,558
02/21/2005,ANC,AK,AAL,WE,Towers with Radar,258,145,11,0,414,0,35,66,0,101,258,180,77,0,515,0,0,0,515
02/22/2005,ANC,AK,AAL,WE,Towers with Radar,298,145,37,19,499,34,35,56,21,146,332,180,93,40,645,0,0,0,645
02/23/2005,ANC,AK,AAL,WE,Towers with Radar,318,174,30,9,531,0,31,62,27,120,318,205,92,36,651,2,0,2,653
02/24/2005,ANC,AK,AAL,WE,Towers with Radar,340,141,27,7,515,1,97,82,10,190,341,238,109,17,705,10,0,10,715
02/25/2005,ANC,AK,AAL,WE,Towers with Radar,331,147,30,8,516,100,39,119,10,268,431,186,149,18,784,12,0,12,796
02/26/2005,ANC,AK,AAL,WE,Towers with Radar,334,115,16,0,465,0,29,159,0,188,334,144,175,0,653,42,0,42,695
02/27/2005,ANC,AK,AAL,WE,Towers with Radar,295,82,25,0,402,1,34,193,0,228,296,116,218,0,630,16,0,16,646
02/28/2005,ANC,AK,AAL,WE,Towers with Radar,293,141,43,9,486,0,56,87,7,150,293,197,130,16,636,6,0,6,642
03/01/2005,ANC,AK,AAL,WE,Towers with Radar,296,161,27,32,516,0,45,105,10,160,296,206,132,42,676,0,0,0,676
03/02/2005,ANC,AK,AAL,WE,Towers with Radar,373,155,26,24,578,0,44,112,4,160,373,199,138,28,738,54,0,54,792
03/03/2005,ANC,AK,AAL,WE,Towers with Radar,377,164,31,6,578,0,23,55,31,109,377,187,86,37,687,0,0,0,687
03/04/2005,ANC,AK,AAL,WE,Towers with Radar,350,150,42,9,551,2,59,195,34,290,352,209,237,43,841,94,0,94,935
03/05/2005,ANC,AK,AAL,WE,Towers with Radar,342,125,34,1,502,0,40,178,0,218,342,165,212,1,720,32,0,32,752
03/06/2005,ANC,AK,AAL,WE,Towers with Radar,310,81,30,1,422,0,34,234,0,268,310,115,264,1,690,30,0,30,720
03/07/2005,ANC,AK,AAL,WE,Towers with Radar,301,129,25,5,460,0,75,217,15,307,301,204,242,20,767,38,0,38,805
03/08/2005,ANC,AK,AAL,WE,Towers with Radar,316,169,36,12,533,1,63,107,18,189,317,232,143,30,722,8,0,8,730
03/09/2005,ANC,AK,AAL,WE,Towers with Radar,372,145,37,6,560,0,62,109,15,186,372,207,146,21,746,0,0,0,746
03/10/2005,ANC,AK,AAL,WE,Towers with Radar,359,160,18,11,548,0,43,51,27,121,359,203,69,38,669,0,0,0,669
03/11/2005,ANC,AK,AAL,WE,Towers with Radar,347,138,24,5,514,1,32,39,28,100,348,170,63,33,614,0,0,0,614
03/12/2005,ANC,AK,AAL,WE,Towers with Radar,352,122,33,1,508,0,18,43,10,71,352,140,76,11,579,6,0,6,585
03/13/2005,ANC,AK,AAL,WE,Towers with Radar,323,105,37,9,474,1,12,16,10,39,324,117,53,19,513,10,0,10,523
03/14/2005,ANC,AK,AAL,WE,Towers with Radar,306,163,36,15,520,0,13,58,3,74,306,176,94,18,594,18,0,18,612
03/15/2005,ANC,AK,AAL,WE,Towers with Radar,328,149,43,21,541,0,39,92,8,139,328,188,135,29,680,10,0,10,690
03/16/2005,ANC,AK,AAL,WE,Towers with Radar,379,162,14,5,560,0,57,148,23,228,379,219,162,28,788,22,0,22,810
03/17/2005,ANC,AK,AAL,WE,Towers with Radar,364,126,36,2,528,2,63,147,32,244,366,189,183,34,772,8,0,8,780
03/18/2005,ANC,AK,AAL,WE,Towers with Radar,348,127,35,14,524,23,62,222,20,327,371,189,257,34,851,40,0,40,891
03/19/2005,ANC,AK,AAL,WE,Towers with Radar,374,112,36,0,522,1,52,240,0,293,375,164,276,0,815,24,0,24,839
03/20/2005,ANC,AK,AAL,WE,Towers with Radar,331,109,18,7,465,0,14,20,0,34,331,123,38,7,499,0,0,0,499
03/21/2005,ANC,AK,AAL,WE,Towers with Radar,309,157,22,3,491,0,17,20,9,46,309,174,42,12,537,4,0,4,541
03/22/2005,ANC,AK,AAL,WE,Towers with Radar,323,160,18,5,506,0,36,67,18,121,323,196,85,23,627,0,0,0,627
03/23/2005,ANC,AK,AAL,WE,Towers with Radar,356,177,31,2,566,0,51,122,19,192,356,228,153,21,758,32,0,32,790
03/24/2005,ANC,AK,AAL,WE,Towers with Radar,365,136,39,5,545,0,53,141,22,216,365,189,180,27,761,0,0,0,761
03/25/2005,ANC,AK,AAL,WE,Towers with Radar,365,145,24,8,542,0,42,124,22,188,365,187,148,30,730,10,0,10,740
03/26/2005,ANC,AK,AAL,WE,Towers with Radar,325,140,40,0,505,0,25,173,3,201,325,165,213,3,706,24,0,24,730
03/27/2005,ANC,AK,AAL,WE,Towers with Radar,325,112,25,0,462,6,4,6,0,16,331,116,31,0,478,0,0,0,478
03/28/2005,ANC,AK,AAL,WE,Towers with Radar,314,154,27,9,504,0,15,19,8,42,314,169,46,17,546,6,0,6,552
03/29/2005,ANC,AK,AAL,WE,Towers with Radar,308,173,22,5,508,0,43,90,8,141,308,216,112,13,649,26,0,26,675
03/30/2005,ANC,AK,AAL,WE,Towers with Radar,362,143,38,3,546,0,59,105,38,202,362,202,143,41,748,0,0,0,748
03/31/2005,ANC,AK,AAL,WE,Towers with Radar,364,154,26,4,548,0,51,129,16,196,364,205,155,20,744,46,0,46,790
04/01/2005,ANC,AK,AAL,WE,Towers with Radar,340,149,35,17,541,3,57,177,16,253,343,206,212,33,794,58,0,58,852
04/02/2005,ANC,AK,AAL,WE,Towers with Radar,356,121,23,1,501,1,47,147,5,200,357,168,170,6,701,28,0,28,729
04/03/2005,ANC,AK,AAL,WE,Towers with Radar,280,85,23,2,390,13,35,125,4,177,293,120,148,6,567,30,0,30,597
04/04/2005,ANC,AK,AAL,WE,Towers with Radar,313,169,49,6,537,0,6,34,5,45,313,175,83,11,582,6,0,6,588
04/05/2005,ANC,AK,AAL,WE,Towers with Radar,316,166,30,4,516,0,44,47,12,103,316,210,77,16,619,8,0,8,627
04/06/2005,ANC,AK,AAL,WE,Towers with Radar,353,167,60,8,588,1,44,76,35,156,354,211,136,43,744,20,0,20,764
04/07/2005,ANC,AK,AAL,WE,Towers with Radar,359,155,38,0,552,1,60,125,20,206,360,215,163,20,758,10,0,10,768
04/08/2005,ANC,AK,AAL,WE,Towers with Radar,346,148,43,1,538,1,53,174,15,243,347,201,217,16,781,12,0,12,793
04/09/2005,ANC,AK,AAL,WE,Towers with Radar,330,140,37,0,507,0,46,220,1,267,330,186,257,1,774,30,0,30,804
04/10/2005,ANC,AK,AAL,WE,Towers with Radar,313,86,45,0,444,0,32,189,1,222,313,118,234,1,666,50,0,50,716
04/11/2005,ANC,AK,AAL,WE,Towers with Radar,323,139,32,19,513,0,50,113,9,172,323,189,145,28,685,80,0,80,765
04/12/2005,ANC,AK,AAL,WE,Towers with Radar,320,160,30,5,515,0,57,156,18,231,320,217,186,23,746,14,0,14,760
04/13/2005,ANC,AK,AAL,WE,Towers with Radar,355,126,22,0,503,0,73,177,29,279,355,199,199,29,782,46,0,46,828
04/14/2005,ANC,AK,AAL,WE,Towers with Radar,334,112,37,1,484,29,85,130,31,275,363,197,167,32,759,30,0,30,789
04/15/2005,ANC,AK,AAL,WE,Towers with Radar,346,149,32,2,529,0,75,191,29,295,346,224,223,31,824,68,0,68,892
04/16/2005,ANC,AK,AAL,WE,Towers with Radar,350,110,13,0,473,0,43,195,1,239,350,153,208,1,712,42,0,42,754
04/17/2005,ANC,AK,AAL,WE,Towers with Radar,305,85,40,1,431,2,38,142,0,182,307,123,182,1,613,10,0,10,623
04/18/2005,ANC,AK,AAL,WE,Towers with Radar,306,144,36,20,506,0,12,18,7,37,306,156,54,27,543,6,0,6,549
04/19/2005,ANC,AK,AAL,WE,Towers with Radar,333,178,32,16,559,1,18,32,8,59,334,196,64,24,618,14,0,14,632
04/20/2005,ANC,AK,AAL,WE,Towers with Radar,344,167,29,9,549,0,31,101,6,138,344,198,130,15,687,50,0,50,737
04/21/2005,ANC,AK,AAL,WE,Towers with Radar,376,143,32,4,555,1,68,97,26,192,377,211,129,30,747,36,0,36,783
04/22/2005,ANC,AK,AAL,WE,Towers with Radar,348,149,32,4,533,0,29,38,7,74,348,178,70,11,607,4,0,4,611
04/23/2005,ANC,AK,AAL,WE,Towers with Radar,334,137,34,0,505,0,13,55,1,69,334,150,89,1,574,16,0,16,590
04/24/2005,ANC,AK,AAL,WE,Towers with Radar,297,98,35,0,430,0,9,130,0,139,297,107,165,0,569,28,0,28,597
04/25/2005,ANC,AK,AAL,WE,Towers with Radar,327,129,36,6,498,0,51,174,3,228,327,180,210,9,726,120,0,120,846
04/26/2005,ANC,AK,AAL,WE,Towers with Radar,335,139,36,6,516,0,61,172,10,243,335,200,208,16,759,34,0,34,793
04/27/2005,ANC,AK,AAL,WE,Towers with Radar,335,148,35,10,528,1,74,230,9,314,336,222,265,19,842,26,0,26,868
04/28/2005,ANC,AK,AAL,WE,Towers with Radar,367,155,40,7,569,1,63,217,2,283,368,218,257,9,852,108,0,108,960
04/29/2005,ANC,AK,AAL,WE,Towers with Radar,352,141,35,3,531,1,77,257,8,343,353,218,292,11,874,50,2,52,926
04/30/2005,ANC,AK,AAL,WE,Towers with Radar,329,124,33,2,488,2,64,278,0,344,331,188,311,2,832,48,0,48,880
05/01/2005,ANC,AK,AAL,WE,Towers with Radar,284,76,32,0,392,0,39,138,0,177,284,115,170,0,569,24,0,24,593
05/02/2005,ANC,AK,AAL,WE,Towers with Radar,312,120,46,9,487,1,81,173,7,262,313,201,219,16,749,108,0,108,857
05/03/2005,ANC,AK,AAL,WE,Towers with Radar,288,141,17,5,451,1,83,209,16,309,289,224,226,21,760,24,0,24,784
05/04/2005,ANC,AK,AAL,WE,Towers with Radar,319,171,28,18,536,0,87,153,9,249,319,258,181,27,785,60,0,60,845
05/05/2005,ANC,AK,AAL,WE,Towers with Radar,299,168,17,12,496,0,57,138,5,200,299,225,155,17,696,14,0,14,710
05/06/2005,ANC,AK,AAL,WE,Towers with Radar,306,156,26,6,494,9,38,186,8,241,315,194,212,14,735,46,0,46,781
05/07/2005,ANC,AK,AAL,WE,Towers with Radar,296,118,28,0,442,0,62,387,2,451,296,180,415,2,893,82,0,82,975
05/08/2005,ANC,AK,AAL,WE,Towers with Radar,251,67,23,0,341,0,57,298,0,355,251,124,321,0,696,56,0,56,752
05/09/2005,ANC,AK,AAL,WE,Towers with Radar,294,115,32,10,451,3,85,298,16,402,297,200,330,26,853,12,0,12,865
05/10/2005,ANC,AK,AAL,WE,Towers with Radar,320,137,38,2,497,0,89,262,15,366,320,226,300,17,863,26,0,26,889
05/11/2005,ANC,AK,AAL,WE,Towers with Radar,379,148,48,15,590,1,106,297,20,424,380,254,345,35,1014,4,0,4,1018
05/12/2005,ANC,AK,AAL,WE,Towers with Radar,362,157,27,9,555,1,94,179,30,304,363,251,206,39,859,56,0,56,915
05/13/2005,ANC,AK,AAL,WE,Towers with Radar,367,159,42,4,572,0,75,300,9,384,367,234,342,13,956,50,0,50,1006
05/14/2005,ANC,AK,AAL,WE,Towers with Radar,347,106,43,5,501,0,73,212,0,285,347,179,255,5,786,12,0,12,798
05/15/2005,ANC,AK,AAL,WE,Towers with Radar,299,103,37,6,445,4,54,278,2,338,303,157,315,8,783,23,0,23,806
05/16/2005,ANC,AK,AAL,WE,Towers with Radar,312,147,37,4,500,1,72,316,14,403,313,219,353,18,903,48,0,48,951
05/17/2005,ANC,AK,AAL,WE,Towers with Radar,360,147,36,13,556,0,104,272,21,397,360,251,308,34,953,28,0,28,981
05/18/2005,ANC,AK,AAL,WE,Towers with Radar,373,156,35,4,568,1,106,249,20,376,374,262,284,24,944,56,0,56,1000
05/19/2005,ANC,AK,AAL,WE,Towers with Radar,390,150,31,6,577,0,170,337,7,514,390,320,368,13,1091,58,0,58,1149
05/20/2005,ANC,AK,AAL,WE,Towers with Radar,382,153,31,0,566,1,136,304,9,450,383,289,335,9,1016,128,0,128,1144
05/21/2005,ANC,AK,AAL,WE,Towers with Radar,366,144,49,10,569,3,49,196,3,251,369,193,245,13,820,24,0,24,844
05/22/2005,ANC,AK,AAL,WE,Towers with Radar,321,111,45,2,479,1,65,314,0,380,322,176,359,2,859,0,0,0,859
05/23/2005,ANC,AK,AAL,WE,Towers with Radar,356,140,30,5,531,0,131,327,12,470,356,271,357,17,1001,106,0,106,1107
05/24/2005,ANC,AK,AAL,WE,Towers with Radar,368,155,44,7,574,0,104,348,19,471,368,259,392,26,1045,38,0,38,1083
05/25/2005,ANC,AK,AAL,WE,Towers with Radar,393,149,42,7,591,3,133,420,22,578,396,282,462,29,1169,46,0,46,1215
05/26/2005,ANC,AK,AAL,WE,Towers with Radar,405,166,35,9,615,0,121,371,33,525,405,287,406,42,1140,126,0,126,1266
05/27/2005,ANC,AK,AAL,WE,Towers with Radar,389,185,44,2,620,0,151,354,3,508,389,336,398,5,1128,18,0,18,1146
05/28/2005,ANC,AK,AAL,WE,Towers with Radar,382,126,20,3,531,0,123,351,1,475,382,249,371,4,1006,6,0,6,1012
05/29/2005,ANC,AK,AAL,WE,Towers with Radar,320,78,16,0,414,0,107,283,0,390,320,185,299,0,804,22,0,22,826
05/30/2005,ANC,AK,AAL,WE,Towers with Radar,340,105,25,0,470,1,142,384,0,527,341,247,409,0,997,48,0,48,1045
05/31/2005,ANC,AK,AAL,WE,Towers with Radar,336,147,26,3,512,0,181,296,15,492,336,328,322,18,1004,44,0,44,1048
06/01/2005,ANC,AK,AAL,WE,Towers with Radar,377,165,23,4,569,0,134,287,39,460,377,299,310,43,1029,32,0,32,1061
06/02/2005,ANC,AK,AAL,WE,Towers with Radar,399,182,38,9,628,1,181,356,17,555,400,363,394,26,1183,14,0,14,1197
06/03/2005,ANC,AK,AAL,WE,Towers with Radar,371,154,33,7,565,2,138,450,13,603,373,292,483,20,1168,32,0,32,1200
06/04/2005,ANC,AK,AAL,WE,Towers with Radar,381,135,45,1,562,0,171,487,0,658,381,306,532,1,1220,12,0,12,1232
06/05/2005,ANC,AK,AAL,WE,Towers with Radar,331,88,33,1,453,0,126,457,1,584,331,214,490,2,1037,10,0,10,1047
06/06/2005,ANC,AK,AAL,WE,Towers with Radar,382,156,45,12,595,0,159,366,13,538,382,315,411,25,1133,28,0,28,1161
06/07/2005,ANC,AK,AAL,WE,Towers with Radar,379,147,35,8,569,0,186,303,20,509,379,333,338,28,1078,4,0,4,1082
06/08/2005,ANC,AK,AAL,WE,Towers with Radar,436,194,35,7,672,1,174,319,31,525,437,368,354,38,1197,38,0,38,1235
06/09/2005,ANC,AK,AAL,WE,Towers with Radar,434,171,55,5,665,3,178,413,24,618,437,349,468,29,1283,32,0,32,1315
06/10/2005,ANC,AK,AAL,WE,Towers with Radar,421,171,44,6,642,2,239,488,6,735,423,410,532,12,1377,12,0,12,1389
06/11/2005,ANC,AK,AAL,WE,Towers with Radar,394,118,40,0,552,0,171,337,0,508,394,289,377,0,1060,36,0,36,1096
06/12/2005,ANC,AK,AAL,WE,Towers with Radar,364,106,36,2,508,20,188,528,2,738,384,294,564,4,1246,42,0,42,1288
06/13/2005,ANC,AK,AAL,WE,Towers with Radar,383,164,38,11,596,2,185,352,0,539,385,349,390,11,1135,32,0,32,1167
06/14/2005,ANC,AK,AAL,WE,Towers with Radar,398,164,37,5,604,2,228,360,51,641,400,392,397,56,1245,8,0,8,1253
06/15/2005,ANC,AK,AAL,WE,Towers with Radar,431,171,32,5,639,2,188,406,10,606,433,359,438,15,1245,42,0,42,1287
06/16/2005,ANC,AK,AAL,WE,Towers with Radar,439,199,32,4,674,1,262,494,15,772,440,461,526,19,1446,30,0,30,1476
06/17/2005,ANC,AK,AAL,WE,Towers with Radar,436,183,51,8,678,2,259,540,11,812,438,442,591,19,1490,36,0,36,1526
06/18/2005,ANC,AK,AAL,WE,Towers with Radar,413,168,46,3,630,1,141,192,2,336,414,309,238,5,966,16,0,16,982
06/19/2005,ANC,AK,AAL,WE,Towers with Radar,371,133,32,1,537,10,266,379,0,655,381,399,411,1,1192,26,0,26,1218
06/20/2005,ANC,AK,AAL,WE,Towers with Radar,407,159,37,3,606,1,208,390,11,610,408,367,427,14,1216,10,0,10,1226
06/21/2005,ANC,AK,AAL,WE,Towers with Radar,395,150,29,9,583,0,251,461,14,726,395,401,490,23,1309,18,0,18,1327
06/22/2005,ANC,AK,AAL,WE,Towers with Radar,444,197,71,22,734,0,196,363,0,559,444,393,434,22,1293,34,0,34,1327
06/23/2005,ANC,AK,AAL,WE,Towers with Radar,459,206,41,6,712,0,277,406,12,695,459,483,447,18,1407,20,0,20,1427
06/24/2005,ANC,AK,AAL,WE,Towers with Radar,444,179,47,5,675,1,286,537,7,831,445,465,584,12,1506,0,0,0,1506
06/25/2005,ANC,AK,AAL,WE,Towers with Radar,420,123,33,0,576,0,240,542,0,782,420,363,575,0,1358,14,0,14,1372
06/26/2005,ANC,AK,AAL,WE,Towers with Radar,370,110,45,1,526,0,204,504,0,708,370,314,549,1,1234,18,0,18,1252
06/27/2005,ANC,AK,AAL,WE,Towers with Radar,394,164,47,4,609,0,227,410,10,647,394,391,457,14,1256,18,0,18,1274
06/28/2005,ANC,AK,AAL,WE,Towers with Radar,408,171,44,7,630,1,246,397,22,666,409,417,441,29,1296,16,0,16,1312
06/29/2005,ANC,AK,AAL,WE,Towers with Radar,449,188,48,4,689,1001,213,432,27,1673,1450,401,480,31,2362,18,0,18,2380
06/30/2005,ANC,AK,AAL,WE,Towers with Radar,428,214,58,11,711,5,180,344,15,544,433,394,402,26,1255,52,0,52,1307
07/01/2005,ANC,AK,AAL,WE,Towers with Radar,442,215,65,4,726,0,180,380,1,561,442,395,445,5,1287,4,0,4,1291
07/02/2005,ANC,AK,AAL,WE,Towers with Radar,409,166,40,3,618,0,197,466,0,663,409,363,506,3,1281,16,0,16,1297
07/03/2005,ANC,AK,AAL,WE,Towers with Radar,383,121,42,0,546,0,202,338,0,540,383,323,380,0,1086,28,0,28,1114
07/04/2005,ANC,AK,AAL,WE,Towers with Radar,404,104,12,0,520,0,185,484,2,671,404,289,496,2,1191,16,0,16,1207
07/05/2005,ANC,AK,AAL,WE,Towers with Radar,366,149,35,9,559,1,208,412,5,626,367,357,447,14,1185,26,0,26,1211
07/06/2005,ANC,AK,AAL,WE,Towers with Radar,426,158,46,9,639,0,204,375,20,599,426,362,421,29,1238,6,0,6,1244
07/07/2005,ANC,AK,AAL,WE,Towers with Radar,433,164,27,3,627,0,203,388,9,600,433,367,415,12,1227,6,0,6,1233
07/08/2005,ANC,AK,AAL,WE,Towers with Radar,435,179,49,12,675,0,198,442,5,645,435,377,491,17,1320,0,0,0,1320
07/09/2005,ANC,AK,AAL,WE,Towers with Radar,421,150,30,0,601,1,244,498,0,743,422,394,528,0,1344,20,0,20,1364
07/10/2005,ANC,AK,AAL,WE,Towers with Radar,375,130,37,1,543,1,191,321,0,513,376,321,358,1,1056,2,0,2,1058
07/11/2005,ANC,AK,AAL,WE,Towers with Radar,402,166,45,6,619,0,199,306,1,506,402,365,351,7,1125,16,0,16,1141
07/12/2005,ANC,AK,AAL,WE,Towers with Radar,385,197,44,9,635,1,144,259,12,416,386,341,303,21,1051,14,0,14,1065
07/13/2005,ANC,AK,AAL,WE,Towers with Radar,440,196,54,6,696,0,224,279,6,509,440,420,333,12,1205,10,0,10,1215
07/14/2005,ANC,AK,AAL,WE,Towers with Radar,428,208,38,9,683,1,263,355,12,631,429,471,393,21,1314,6,0,6,1320
07/15/2005,ANC,AK,AAL,WE,Towers with Radar,364,257,118,4,743,0,21,68,0,89,364,278,186,4,832,4,0,4,836
07/16/2005,ANC,AK,AAL,WE,Towers with Radar,420,202,41,2,665,0,183,311,0,494,420,385,352,2,1159,38,0,38,1197
07/17/2005,ANC,AK,AAL,WE,Towers with Radar,350,157,53,3,563,0,157,399,6,562,350,314,452,9,1125,6,0,6,1131
07/18/2005,ANC,AK,AAL,WE,Towers with Radar,373,204,55,8,640,0,176,323,4,503,373,380,378,12,1143,28,0,28,1171
07/19/2005,ANC,AK,AAL,WE,Towers with Radar,399,226,61,15,701,0,138,196,12,346,399,364,257,27,1047,0,0,0,1047
07/20/2005,ANC,AK,AAL,WE,Towers with Radar,423,223,65,6,717,0,162,356,24,542,423,385,421,30,1259,12,0,12,1271
07/21/2005,ANC,AK,AAL,WE,Towers with Radar,451,206,40,7,704,2,218,393,5,618,453,424,433,12,1322,10,0,10,1332
07/22/2005,ANC,AK,AAL,WE,Towers with Radar,426,207,47,14,694,10,265,469,3,747,436,472,516,17,1441,8,0,8,1449
07/23/2005,ANC,AK,AAL,WE,Towers with Radar,404,170,16,1,591,1,241,593,3,838,405,411,609,4,1429,4,0,4,1433
07/24/2005,ANC,AK,AAL,WE,Towers with Radar,377,148,49,0,574,0,224,377,0,601,377,372,426,0,1175,26,0,26,1201
07/25/2005,ANC,AK,AAL,WE,Towers with Radar,415,193,54,2,664,0,206,245,6,457,415,399,299,8,1121,8,0,8,1129
07/26/2005,ANC,AK,AAL,WE,Towers with Radar,388,225,35,8,656,0,223,296,11,530,388,448,331,19,1186,2,0,2,1188
07/27/2005,ANC,AK,AAL,WE,Towers with Radar,422,205,51,2,680,0,177,297,24,498,422,382,348,26,1178,52,0,52,1230
07/28/2005,ANC,AK,AAL,WE,Towers with Radar,438,218,53,10,719,0,168,301,14,483,438,386,354,24,1202,12,0,12,1214
07/29/2005,ANC,AK,AAL,WE,Towers with Radar,437,234,50,6,727,0,194,381,13,588,437,428,431,19,1315,10,0,10,1325
07/30/2005,ANC,AK,AAL,WE,Towers with Radar,407,166,30,3,606,0,219,353,2,574,407,385,383,5,1180,22,0,22,1202
07/31/2005,ANC,AK,AAL,WE,Towers with Radar,380,188,79,5,652,0,112,216,0,328,380,300,295,5,980,18,0,18,998
08/01/2005,ANC,AK,AAL,WE,Towers with Radar,400,229,61,3,693,0,161,310,5,476,400,390,371,8,1169,0,0,0,1169
08/02/2005,ANC,AK,AAL,WE,Towers with Radar,389,196,40,13,638,13,190,280,18,501,402,386,320,31,1139,12,0,12,1151
08/03/2005,ANC,AK,AAL,WE,Towers with Radar,451,210,43,3,707,0,192,243,20,455,451,402,286,23,1162,10,0,10,1172
08/04/2005,ANC,AK,AAL,WE,Towers with Radar,424,194,40,8,666,0,214,360,15,589,424,408,400,23,1255,4,0,4,1259
08/05/2005,ANC,AK,AAL,WE,Towers with Radar,451,186,38,6,681,0,268,505,9,782,451,454,543,15,1463,18,0,18,1481
08/06/2005,ANC,AK,AAL,WE,Towers with Radar,427,150,41,2,620,1,241,533,7,782,428,391,574,9,1402,6,0,6,1408
08/07/2005,ANC,AK,AAL,WE,Towers with Radar,370,123,38,5,536,0,216,505,3,724,370,339,543,8,1260,4,0,4,1264
08/08/2005,ANC,AK,AAL,WE,Towers with Radar,399,177,49,5,630,0,229,412,7,648,399,406,461,12,1278,14,0,14,1292
08/09/2005,ANC,AK,AAL,WE,Towers with Radar,401,173,33,2,609,3,248,411,7,669,404,421,444,9,1278,12,0,12,1290
08/10/2005,ANC,AK,AAL,WE,Towers with Radar,445,185,52,6,688,2,227,385,16,630,447,412,437,22,1318,18,0,18,1336
08/11/2005,ANC,AK,AAL,WE,Towers with Radar,445,178,50,17,690,3,242,435,33,713,448,420,485,50,1403,28,0,28,1431
08/12/2005,ANC,AK,AAL,WE,Towers with Radar,429,141,48,2,620,1,279,543,11,834,430,420,591,13,1454,2,0,2,1456
08/13/2005,ANC,AK,AAL,WE,Towers with Radar,421,159,50,0,630,0,185,360,4,549,421,344,410,4,1179,46,0,46,1225
08/14/2005,ANC,AK,AAL,WE,Towers with Radar,381,206,135,1,723,0,3,44,7,54,381,209,179,8,777,0,0,0,777
08/15/2005,ANC,AK,AAL,WE,Towers with Radar,388,186,66,23,663,0,161,248,12,421,388,347,314,35,1084,12,0,12,1096
08/16/2005,ANC,AK,AAL,WE,Towers with Radar,398,195,35,16,644,2,180,361,0,543,400,375,396,16,1187,10,0,10,1197
08/17/2005,ANC,AK,AAL,WE,Towers with Radar,443,195,39,7,684,1,175,294,15,485,444,370,333,22,1169,6,0,6,1175
08/18/2005,ANC,AK,AAL,WE,Towers with Radar,449,207,71,7,734,0,176,338,12,526,449,383,409,19,1260,6,0,6,1266
08/19/2005,ANC,AK,AAL,WE,Towers with Radar,442,208,85,19,754,0,128,314,18,460,442,336,399,37,1214,14,0,14,1228
08/20/2005,ANC,AK,AAL,WE,Towers with Radar,422,188,93,4,707,0,153,377,1,531,422,341,470,5,1238,0,0,0,1238
08/21/2005,ANC,AK,AAL,WE,Towers with Radar,373,154,43,0,570,0,139,205,0,344,373,293,248,0,914,6,0,6,920
08/22/2005,ANC,AK,AAL,WE,Towers with Radar,375,192,24,11,602,1,173,352,21,547,376,365,376,32,1149,6,0,6,1155
08/23/2005,ANC,AK,AAL,WE,Towers with Radar,388,189,31,4,612,0,70,59,2,131,388,259,90,6,743,0,0,0,743
08/24/2005,ANC,AK,AAL,WE,Towers with Radar,491,235,32,6,764,2,175,290,24,491,493,410,322,30,1255,0,0,0,1255
08/25/2005,ANC,AK,AAL,WE,Towers with Radar,427,223,38,10,698,0,183,274,18,475,427,406,312,28,1173,12,0,12,1185
08/26/2005,ANC,AK,AAL,WE,Towers with Radar,454,217,39,23,733,1,196,356,6,559,455,413,395,29,1292,8,0,8,1300
08/27/2005,ANC,AK,AAL,WE,Towers with Radar,414,145,40,0,599,0,178,550,0,728,414,323,590,0,1327,12,0,12,1339
08/28/2005,ANC,AK,AAL,WE,Towers with Radar,377,141,44,1,563,1,136,364,1,502,378,277,408,2,1065,6,0,6,1071
08/29/2005,ANC,AK,AAL,WE,Towers with Radar,405,196,33,1,635,0,145,213,20,378,405,341,246,21,1013,6,0,6,1019
08/30/2005,ANC,AK,AAL,WE,Towers with Radar,399,195,34,3,631,1,162,322,13,498,400,357,356,16,1129,34,0,34,1163
08/31/2005,ANC,AK,AAL,WE,Towers with Radar,439,185,55,11,690,0,176,330,24,530,439,361,385,35,1220,20,0,20,1240
09/01/2005,ANC,AK,AAL,WE,Towers with Radar,431,179,52,1,663,2,190,422,14,628,433,369,474,15,1291,16,0,16,1307
09/02/2005,ANC,AK,AAL,WE,Towers with Radar,458,174,35,0,667,0,264,488,5,757,458,438,523,5,1424,42,0,42,1466
09/03/2005,ANC,AK,AAL,WE,Towers with Radar,408,133,32,5,578,0,141,197,4,342,408,274,229,9,920,0,0,0,920
09/04/2005,ANC,AK,AAL,WE,Towers with Radar,356,153,43,5,557,0,71,78,4,153,356,224,121,9,710,0,0,0,710
09/05/2005,ANC,AK,AAL,WE,Towers with Radar,380,181,63,1,625,0,70,166,0,236,380,251,229,1,861,0,0,0,861
09/06/2005,ANC,AK,AAL,WE,Towers with Radar,370,196,56,21,643,3,55,68,16,142,373,251,124,37,785,0,0,0,785
09/07/2005,ANC,AK,AAL,WE,Towers with Radar,429,203,51,3,686,1,148,303,12,464,430,351,354,15,1150,32,0,32,1182
09/08/2005,ANC,AK,AAL,WE,Towers with Radar,443,165,35,4,647,1,148,473,2,624,444,313,508,6,1271,58,0,58,1329
09/09/2005,ANC,AK,AAL,WE,Towers with Radar,443,186,56,6,691,0,49,66,0,115,443,235,122,6,806,0,0,0,806
09/10/2005,ANC,AK,AAL,WE,Towers with Radar,399,163,45,4,611,1,120,352,6,479,400,283,397,10,1090,0,0,0,1090
09/11/2005,ANC,AK,AAL,WE,Towers with Radar,329,104,32,2,467,0,138,429,3,570,329,242,461,5,1037,2,0,2,1039
09/12/2005,ANC,AK,AAL,WE,Towers with Radar,363,175,52,5,595,16,100,112,19,247,379,275,164,24,842,0,0,0,842
09/13/2005,ANC,AK,AAL,WE,Towers with Radar,364,161,27,10,562,1,134,358,24,517,365,295,385,34,1079,33,0,33,1112
09/14/2005,ANC,AK,AAL,WE,Towers with Radar,412,168,81,23,684,1,227,311,8,547,413,395,392,31,1231,38,0,38,1269
09/15/2005,ANC,AK,AAL,WE,Towers with Radar,406,182,45,4,637,0,78,125,15,218,406,260,170,19,855,12,0,12,867
09/16/2005,ANC,AK,AAL,WE,Towers with Radar,409,195,58,3,665,0,84,128,11,223,409,279,186,14,888,0,0,0,888
09/17/2005,ANC,AK,AAL,WE,Towers with Radar,374,156,60,3,593,2,60,199,2,263,376,216,259,5,856,10,0,10,866
09/18/2005,ANC,AK,AAL,WE,Towers with Radar,312,130,55,0,497,0,109,322,47,478,312,239,377,47,975,12,0,12,987
09/19/2005,ANC,AK,AAL,WE,Towers with Radar,348,154,37,5,544,0,129,278,12,419,348,283,315,17,963,4,0,4,967
09/20/2005,ANC,AK,AAL,WE,Towers with Radar,353,166,40,4,563,0,102,361,15,478,353,268,401,19,1041,20,0,20,1061
09/21/2005,ANC,AK,AAL,WE,Towers with Radar,411,168,44,3,626,0,145,281,20,446,411,313,325,23,1072,6,0,6,1078
09/22/2005,ANC,AK,AAL,WE,Towers with Radar,400,175,29,8,612,0,49,86,26,161,400,224,115,34,773,0,0,0,773
09/23/2005,ANC,AK,AAL,WE,Towers with Radar,396,187,52,3,638,0,74,137,6,217,396,261,189,9,855,2,0,2,857
09/24/2005,ANC,AK,AAL,WE,Towers with Radar,372,131,23,1,527,0,50,46,2,98,372,181,69,3,625,0,0,0,625
09/25/2005,ANC,AK,AAL,WE,Towers with Radar,307,126,41,3,477,1,68,237,3,309,308,194,278,6,786,6,0,6,792
09/26/2005,ANC,AK,AAL,WE,Towers with Radar,377,168,49,11,605,0,91,293,2,386,377,259,342,13,991,22,0,22,1013
09/27/2005,ANC,AK,AAL,WE,Towers with Radar,378,164,37,1,580,2,41,129,25,197,380,205,166,26,777,2,0,2,779
09/28/2005,ANC,AK,AAL,WE,Towers with Radar,424,169,29,1,623,0,51,246,4,301,424,220,275,5,924,8,0,8,932
09/29/2005,ANC,AK,AAL,WE,Towers with Radar,418,172,38,3,631,0,75,316,7,398,418,247,354,10,1029,12,0,12,1041
09/30/2005,ANC,AK,AAL,WE,Towers with Radar,401,188,40,4,633,0,103,237,7,347,401,291,277,11,980,25,0,25,1005
10/01/2005,ANC,AK,AAL,WE,Towers with Radar,372,148,45,0,565,1,41,277,2,321,373,189,322,2,886,12,0,12,898
10/02/2005,ANC,AK,AAL,WE,Towers with Radar,305,111,44,1,461,0,60,226,0,286,305,171,270,1,747,6,0,6,753
10/03/2005,ANC,AK,AAL,WE,Towers with Radar,345,161,45,3,554,0,88,251,27,366,345,249,296,30,920,12,0,12,932
10/04/2005,ANC,AK,AAL,WE,Towers with Radar,324,170,45,5,544,2,61,236,26,325,326,231,281,31,869,0,0,0,869
10/05/2005,ANC,AK,AAL,WE,Towers with Radar,367,169,33,0,569,1,42,93,31,167,368,211,126,31,736,2,0,2,738
10/06/2005,ANC,AK,AAL,WE,Towers with Radar,364,173,36,2,575,0,71,240,28,339,364,244,276,30,914,0,0,0,914
10/07/2005,ANC,AK,AAL,WE,Towers with Radar,365,185,45,1,596,0,77,285,24,386,365,262,330,25,982,2,0,2,984
10/08/2005,ANC,AK,AAL,WE,Towers with Radar,346,138,30,1,515,0,38,284,1,323,346,176,314,2,838,6,0,6,844
10/09/2005,ANC,AK,AAL,WE,Towers with Radar,311,106,33,2,452,0,67,299,1,367,311,173,332,3,819,16,0,16,835
10/10/2005,ANC,AK,AAL,WE,Towers with Radar,352,140,29,3,524,0,50,220,6,276,352,190,249,9,800,78,0,78,878
10/11/2005,ANC,AK,AAL,WE,Towers with Radar,336,138,32,3,509,1,63,189,30,283,337,201,221,33,792,24,0,24,816
10/12/2005,ANC,AK,AAL,WE,Towers with Radar,401,159,54,9,623,1,45,156,21,223,402,204,210,30,846,32,0,32,878
10/13/2005,ANC,AK,AAL,WE,Towers with Radar,379,172,36,2,589,0,51,192,27,270,379,223,228,29,859,22,0,22,881
10/14/2005,ANC,AK,AAL,WE,Towers with Radar,386,177,42,3,608,2,65,189,20,276,388,242,231,23,884,34,0,34,918
10/15/2005,ANC,AK,AAL,WE,Towers with Radar,360,104,35,0,499,0,49,242,4,295,360,153,277,4,794,62,0,62,856
10/16/2005,ANC,AK,AAL,WE,Towers with Radar,324,90,30,3,447,0,55,328,19,402,324,145,358,22,849,28,0,28,877
10/17/2005,ANC,AK,AAL,WE,Towers with Radar,365,146,47,3,561,0,21,68,19,108,365,167,115,22,669,34,0,34,703
10/18/2005,ANC,AK,AAL,WE,Towers with Radar,345,182,42,4,573,2,39,102,28,171,347,221,144,32,744,22,0,22,766
10/19/2005,ANC,AK,AAL,WE,Towers with Radar,399,158,45,4,606,3,54,88,25,170,402,212,133,29,776,2,0,2,778
10/20/2005,ANC,AK,AAL,WE,Towers with Radar,410,165,33,0,608,2,52,89,20,163,412,217,122,20,771,48,0,48,819
10/21/2005,ANC,AK,AAL,WE,Towers with Radar,394,149,46,1,590,1,53,180,22,256,395,202,226,23,846,42,0,42,888
10/22/2005,ANC,AK,AAL,WE,Towers with Radar,367,140,44,1,552,0,7,35,1,43,367,147,79,2,595,6,0,6,601
10/23/2005,ANC,AK,AAL,WE,Towers with Radar,333,115,43,2,493,0,15,109,3,127,333,130,152,5,620,28,0,28,648
10/24/2005,ANC,AK,AAL,WE,Towers with Radar,352,147,47,2,548,0,58,154,6,218,352,205,201,8,766,20,0,20,786
10/25/2005,ANC,AK,AAL,WE,Towers with Radar,359,159,26,0,544,0,53,109,19,181,359,212,135,19,725,28,0,28,753
10/26/2005,ANC,AK,AAL,WE,Towers with Radar,395,133,51,3,582,2,62,119,20,203,397,195,170,23,785,10,0,10,795
10/27/2005,ANC,AK,AAL,WE,Towers with Radar,395,166,36,5,602,3,58,117,24,202,398,224,153,29,804,24,0,24,828
10/28/2005,ANC,AK,AAL,WE,Towers with Radar,407,182,43,1,633,0,52,124,3,179,407,234,167,4,812,26,0,26,838
10/29/2005,ANC,AK,AAL,WE,Towers with Radar,384,108,34,3,529,0,27,144,0,171,384,135,178,3,700,18,0,18,718
10/30/2005,ANC,AK,AAL,WE,Towers with Radar,328,115,34,0,477,0,16,71,2,89,328,131,105,2,566,32,0,32,598
10/31/2005,ANC,AK,AAL,WE,Towers with Radar,357,146,30,1,534,0,52,85,16,153,357,198,115,17,687,14,0,14,701
11/01/2005,ANC,AK,AAL,WE,Towers with Radar,353,172,25,3,553,1,53,65,14,133,354,225,90,17,686,46,0,46,732
11/02/2005,ANC,AK,AAL,WE,Towers with Radar,394,156,36,2,588,0,53,85,28,166,394,209,121,30,754,18,0,18,772
11/03/2005,ANC,AK,AAL,WE,Towers with Radar,374,169,40,5,588,0,71,96,12,179,374,240,136,17,767,0,0,0,767
11/04/2005,ANC,AK,AAL,WE,Towers with Radar,380,143,33,3,559,3,36,96,7,142,383,179,129,10,701,0,0,0,701
11/05/2005,ANC,AK,AAL,WE,Towers with Radar,381,111,22,4,518,0,41,105,1,147,381,152,127,5,665,22,0,22,687
11/06/2005,ANC,AK,AAL,WE,Towers with Radar,319,100,29,0,448,0,19,49,6,74,319,119,78,6,522,38,0,38,560
11/07/2005,ANC,AK,AAL,WE,Towers with Radar,345,144,35,4,528,1,70,70,15,156,346,214,105,19,684,4,0,4,688
11/08/2005,ANC,AK,AAL,WE,Towers with Radar,330,150,45,6,531,0,37,40,12,89,330,187,85,18,620,2,0,2,622
11/09/2005,ANC,AK,AAL,WE,Towers with Radar,397,143,38,13,591,1,33,87,22,143,398,176,125,35,734,28,0,28,762
11/10/2005,ANC,AK,AAL,WE,Towers with Radar,389,147,25,2,563,0,53,84,14,151,389,200,109,16,714,0,0,0,714
11/11/2005,ANC,AK,AAL,WE,Towers with Radar,378,177,45,0,600,2,21,26,3,52,380,198,71,3,652,0,0,0,652
11/12/2005,ANC,AK,AAL,WE,Towers with Radar,351,113,35,0,499,0,51,133,1,185,351,164,168,1,684,38,0,38,722
11/13/2005,ANC,AK,AAL,WE,Towers with Radar,319,84,30,1,434,2,24,122,2,150,321,108,152,3,584,18,0,18,602
11/14/2005,ANC,AK,AAL,WE,Towers with Radar,348,148,36,3,535,0,49,44,12,105,348,197,80,15,640,22,0,22,662
11/15/2005,ANC,AK,AAL,WE,Towers with Radar,351,181,34,2,568,1,31,74,30,136,352,212,108,32,704,10,0,10,714
11/16/2005,ANC,AK,AAL,WE,Towers with Radar,389,150,32,4,575,0,10,7,22,39,389,160,39,26,614,0,0,0,614
11/17/2005,ANC,AK,AAL,WE,Towers with Radar,372,184,35,2,593,1,15,11,6,33,373,199,46,8,626,0,0,0,626
11/18/2005,ANC,AK,AAL,WE,Towers with Radar,393,166,38,3,600,1,31,34,8,74,394,197,72,11,674,0,0,0,674
11/19/2005,ANC,AK,AAL,WE,Towers with Radar,373,134,24,2,533,0,3,7,6,16,373,137,31,8,549,0,0,0,549
11/20/2005,ANC,AK,AAL,WE,Towers with Radar,332,103,19,1,455,0,25,61,2,88,332,128,80,3,543,0,0,0,543
11/21/2005,ANC,AK,AAL,WE,Towers with Radar,354,171,21,4,550,0,34,36,30,100,354,205,57,34,650,2,0,2,652
11/22/2005,ANC,AK,AAL,WE,Towers with Radar,346,190,23,4,563,1,51,70,27,149,347,241,93,31,712,14,0,14,726
11/23/2005,ANC,AK,AAL,WE,Towers with Radar,385,178,10,0,573,3,21,2,16,42,388,199,12,16,615,0,0,0,615
11/24/2005,ANC,AK,AAL,WE,Towers with Radar,316,57,8,0,381,0,5,2,2,9,316,62,10,2,390,0,0,0,390
11/25/2005,ANC,AK,AAL,WE,Towers with Radar,355,159,6,0,520,1,12,20,0,33,356,171,26,0,553,30,0,30,583
11/26/2005,ANC,AK,AAL,WE,Towers with Radar,356,132,8,0,496,2,33,77,0,112,358,165,85,0,608,30,0,30,638
11/27/2005,ANC,AK,AAL,WE,Towers with Radar,317,130,42,0,489,0,9,10,0,19,317,139,52,0,508,0,0,0,508
11/28/2005,ANC,AK,AAL,WE,Towers with Radar,332,182,34,4,552,0,7,25,8,40,332,189,59,12,592,8,0,8,600
11/29/2005,ANC,AK,AAL,WE,Towers with Radar,348,184,10,6,548,0,24,15,10,49,348,208,25,16,597,0,0,0,597
11/30/2005,ANC,AK,AAL,WE,Towers with Radar,393,191,32,7,623,0,0,0,1,1,393,191,32,8,624,0,0,0,624
12/01/2005,ANC,AK,AAL,WE,Towers with Radar,393,192,35,10,630,3,9,6,25,43,396,201,41,35,673,0,0,0,673
12/02/2005,ANC,AK,AAL,WE,Towers with Radar,387,182,21,3,593,1,0,1,8,10,388,182,22,11,603,0,0,0,603
12/03/2005,ANC,AK,AAL,WE,Towers with Radar,358,137,33,3,531,0,17,66,2,85,358,154,99,5,616,20,0,20,636
12/04/2005,ANC,AK,AAL,WE,Towers with Radar,311,119,27,1,458,1,10,24,6,41,312,129,51,7,499,6,0,6,505
12/05/2005,ANC,AK,AAL,WE,Towers with Radar,326,176,24,13,539,1,9,29,34,73,327,185,53,47,612,0,0,0,612
12/06/2005,ANC,AK,AAL,WE,Towers with Radar,342,192,19,11,564,0,13,8,18,39,342,205,27,29,603,0,0,0,603
12/07/2005,ANC,AK,AAL,WE,Towers with Radar,398,179,27,2,606,1,23,12,20,56,399,202,39,22,662,0,0,0,662
12/08/2005,ANC,AK,AAL,WE,Towers with Radar,344,179,30,1,554,0,32,28,26,86,344,211,58,27,640,0,0,0,640
12/09/2005,ANC,AK,AAL,WE,Towers with Radar,361,159,29,0,549,1,23,55,17,96,362,182,84,17,645,0,0,0,645
12/10/2005,ANC,AK,AAL,WE,Towers with Radar,356,131,27,3,517,0,23,46,3,72,356,154,73,6,589,12,0,12,601
12/11/2005,ANC,AK,AAL,WE,Towers with Radar,285,127,25,1,438,0,25,40,1,66,285,152,65,2,504,6,0,6,510
12/12/2005,ANC,AK,AAL,WE,Towers with Radar,329,190,27,9,555,0,5,7,1,13,329,195,34,10,568,0,0,0,568
12/13/2005,ANC,AK,AAL,WE,Towers with Radar,332,155,30,2,519,0,54,91,20,165,332,209,121,22,684,32,0,32,716
12/14/2005,ANC,AK,AAL,WE,Towers with Radar,383,193,24,5,605,0,39,39,15,93,383,232,63,20,698,6,0,6,704
12/15/2005,ANC,AK,AAL,WE,Towers with Radar,384,181,19,8,592,0,31,35,16,82,384,212,54,24,674,20,0,20,694
12/16/2005,ANC,AK,AAL,WE,Towers with Radar,383,185,23,5,596,2,0,0,0,2,385,185,23,5,598,30,0,30,628
12/17/2005,ANC,AK,AAL,WE,Towers with Radar,378,160,41,0,579,0,11,140,1,152,378,171,181,1,731,30,0,30,761
12/18/2005,ANC,AK,AAL,WE,Towers with Radar,314,106,25,1,446,1,25,96,1,123,315,131,121,2,569,22,0,22,591
12/19/2005,ANC,AK,AAL,WE,Towers with Radar,322,159,23,0,504,1,50,103,11,165,323,209,126,11,669,28,0,28,697
12/20/2005,ANC,AK,AAL,WE,Towers with Radar,321,167,22,3,513,1,55,89,10,155,322,222,111,13,668,12,0,12,680
12/21/2005,ANC,AK,AAL,WE,Towers with Radar,380,190,24,7,601,3,21,34,22,80,383,211,58,29,681,6,0,6,687
12/22/2005,ANC,AK,AAL,WE,Towers with Radar,358,204,27,2,591,0,14,33,8,55,358,218,60,10,646,28,0,28,674
12/23/2005,ANC,AK,AAL,WE,Towers with Radar,361,197,16,1,575,0,0,1,0,1,361,197,17,1,576,0,0,0,576
12/24/2005,ANC,AK,AAL,WE,Towers with Radar,348,187,10,0,545,0,2,6,1,9,348,189,16,1,554,12,0,12,566
12/25/2005,ANC,AK,AAL,WE,Towers with Radar,250,23,5,0,278,1,5,8,0,14,251,28,13,0,292,0,2,2,294
12/26/2005,ANC,AK,AAL,WE,Towers with Radar,277,117,10,0,404,0,24,82,0,106,277,141,92,0,510,30,0,30,540
12/27/2005,ANC,AK,AAL,WE,Towers with Radar,290,173,14,2,479,0,48,64,6,118,290,221,78,8,597,4,0,4,601
12/28/2005,ANC,AK,AAL,WE,Towers with Radar,362,162,30,1,555,1,42,101,18,162,363,204,131,19,717,38,0,38,755
12/29/2005,ANC,AK,AAL,WE,Towers with Radar,346,177,18,3,544,0,44,76,13,133,346,221,94,16,677,64,0,64,741
12/30/2005,ANC,AK,AAL,WE,Towers with Radar,365,204,14,1,584,2,38,116,3,159,367,242,130,4,743,22,0,22,765
12/31/2005,ANC,AK,AAL,WE,Towers with Radar,276,113,9,2,400,0,16,99,0,115,276,129,108,2,515,20,0,20,535
01/01/2006,ANC,AK,AAL,WE,Towers with Radar,242,32,10,0,284,0,9,68,0,77,242,41,78,0,361,0,0,0,361
01/02/2006,ANC,AK,AAL,WE,Towers with Radar,231,119,11,0,361,0,31,120,2,153,231,150,131,2,514,16,0,16,530
01/03/2006,ANC,AK,AAL,WE,Towers with Radar,231,170,20,11,432,0,41,67,11,119,231,211,87,22,551,0,0,0,551
01/04/2006,ANC,AK,AAL,WE,Towers with Radar,299,160,23,6,488,0,48,68,20,136,299,208,91,26,624,0,0,0,624
01/05/2006,ANC,AK,AAL,WE,Towers with Radar,300,194,21,1,516,0,48,109,33,190,300,242,130,34,706,18,0,18,724
01/06/2006,ANC,AK,AAL,WE,Towers with Radar,299,196,22,1,518,0,11,65,8,84,299,207,87,9,602,72,0,72,674
01/07/2006,ANC,AK,AAL,WE,Towers with Radar,314,146,18,3,481,0,8,134,1,143,314,154,152,4,624,32,0,32,656
01/08/2006,ANC,AK,AAL,WE,Towers with Radar,247,117,19,1,384,0,26,95,1,122,247,143,114,2,506,124,0,124,630
01/09/2006,ANC,AK,AAL,WE,Towers with Radar,254,159,25,8,446,0,40,74,11,125,254,199,99,19,571,12,0,12,583
01/10/2006,ANC,AK,AAL,WE,Towers with Radar,302,179,23,2,506,0,31,75,22,128,302,210,98,24,634,28,0,28,662
01/11/2006,ANC,AK,AAL,WE,Towers with Radar,350,168,27,14,559,0,40,82,15,137,350,208,109,29,696,6,0,6,702
01/12/2006,ANC,AK,AAL,WE,Towers with Radar,351,177,30,7,565,1,38,67,17,123,352,215,97,24,688,16,0,16,704
01/13/2006,ANC,AK,AAL,WE,Towers with Radar,338,160,27,13,538,0,5,14,1,20,338,165,41,14,558,0,0,0,558
01/14/2006,ANC,AK,AAL,WE,Towers with Radar,300,142,24,1,467,0,1,14,0,15,300,143,38,1,482,0,0,0,482
01/15/2006,ANC,AK,AAL,WE,Towers with Radar,258,100,9,0,367,3,5,8,0,16,261,105,17,0,383,0,0,0,383
01/16/2006,ANC,AK,AAL,WE,Towers with Radar,303,145,21,0,469,6,46,106,1,159,309,191,127,1,628,0,0,0,628
01/17/2006,ANC,AK,AAL,WE,Towers with Radar,308,154,11,6,479,0,37,48,4,89,308,191,59,10,568,6,0,6,574
01/18/2006,ANC,AK,AAL,WE,Towers with Radar,336,210,19,7,572,0,12,28,12,52,336,222,47,19,624,6,0,6,630
01/19/2006,ANC,AK,AAL,WE,Towers with Radar,349,215,36,8,608,0,20,30,13,63,349,235,66,21,671,0,0,0,671
01/20/2006,ANC,AK,AAL,WE,Towers with Radar,345,169,15,7,536,3,25,35,21,84,348,194,50,28,620,0,0,0,620
01/21/2006,ANC,AK,AAL,WE,Towers with Radar,303,139,17,0,459,1,1,42,0,44,304,140,59,0,503,0,0,0,503
01/22/2006,ANC,AK,AAL,WE,Towers with Radar,291,121,11,0,423,0,0,2,0,2,291,121,13,0,425,2,0,2,427
01/23/2006,ANC,AK,AAL,WE,Towers with Radar,321,199,36,4,560,0,25,37,13,75,321,224,73,17,635,0,0,0,635
01/24/2006,ANC,AK,AAL,WE,Towers with Radar,323,190,22,6,541,0,32,47,16,95,323,222,69,22,636,12,0,12,648
01/25/2006,ANC,AK,AAL,WE,Towers with Radar,378,207,32,10,627,1,5,10,1,17,379,212,42,11,644,0,0,0,644
01/26/2006,ANC,AK,AAL,WE,Towers with Radar,366,218,28,12,624,1,10,18,7,36,367,228,46,19,660,6,0,6,666
01/27/2006,ANC,AK,AAL,WE,Towers with Radar,352,171,15,3,541,2,0,7,7,16,354,171,22,10,557,0,0,0,557
01/28/2006,ANC,AK,AAL,WE,Towers with Radar,300,120,11,0,431,0,3,19,0,22,300,123,30,0,453,10,0,10,463
01/29/2006,ANC,AK,AAL,WE,Towers with Radar,281,99,7,0,387,0,27,67,0,94,281,126,74,0,481,28,0,28,509
01/30/2006,ANC,AK,AAL,WE,Towers with Radar,254,145,30,7,436,1,35,67,13,116,255,180,97,20,552,8,0,8,560
01/31/2006,ANC,AK,AAL,WE,Towers with Radar,185,137,12,2,336,0,32,65,16,113,185,169,77,18,449,18,0,18,467
02/01/2006,ANC,AK,AAL,WE,Towers with Radar,257,170,30,6,463,0,5,0,4,9,257,175,30,10,472,0,0,0,472
02/02/2006,ANC,AK,AAL,WE,Towers with Radar,243,174,31,5,453,1,27,30,13,71,244,201,61,18,524,2,0,2,526
02/03/2006,ANC,AK,AAL,WE,Towers with Radar,298,165,24,6,493,4,15,45,2,66,302,180,69,8,559,0,0,0,559
02/04/2006,ANC,AK,AAL,WE,Towers with Radar,272,101,13,2,388,2,23,90,5,120,274,124,103,7,508,6,0,6,514
02/05/2006,ANC,AK,AAL,WE,Towers with Radar,228,111,21,1,361,0,13,12,3,28,228,124,33,4,389,0,0,0,389
02/06/2006,ANC,AK,AAL,WE,Towers with Radar,252,174,12,0,438,0,9,6,1,16,252,183,18,1,454,0,0,0,454
02/07/2006,ANC,AK,AAL,WE,Towers with Radar,274,163,28,3,468,0,22,33,2,57,274,185,61,5,525,0,0,0,525
02/08/2006,ANC,AK,AAL,WE,Towers with Radar,316,159,29,5,509,0,67,123,20,210,316,226,152,25,719,18,0,18,737
02/09/2006,ANC,AK,AAL,WE,Towers with Radar,330,172,23,1,526,0,10,15,12,37,330,182,38,13,563,2,0,2,565
02/10/2006,ANC,AK,AAL,WE,Towers with Radar,322,181,22,2,527,0,14,41,3,58,322,195,63,5,585,0,0,0,585
02/11/2006,ANC,AK,AAL,WE,Towers with Radar,323,132,21,1,477,0,8,46,0,54,323,140,67,1,531,12,0,12,543
02/12/2006,ANC,AK,AAL,WE,Towers with Radar,250,112,19,3,384,0,8,42,4,54,250,120,61,7,438,0,0,0,438
02/13/2006,ANC,AK,AAL,WE,Towers with Radar,267,150,34,5,456,0,34,110,8,152,267,184,144,13,608,26,0,26,634
02/14/2006,ANC,AK,AAL,WE,Towers with Radar,296,133,28,5,462,0,55,150,7,212,296,188,178,12,674,56,0,56,730
02/15/2006,ANC,AK,AAL,WE,Towers with Radar,341,144,23,2,510,0,44,109,9,162,341,188,132,11,672,6,0,6,678
02/16/2006,ANC,AK,AAL,WE,Towers with Radar,355,173,32,9,569,0,30,101,16,147,355,203,133,25,716,2,0,2,718
02/17/2006,ANC,AK,AAL,WE,Towers with Radar,363,172,29,6,570,0,15,88,12,115,363,187,117,18,685,8,0,8,693
02/18/2006,ANC,AK,AAL,WE,Towers with Radar,312,130,28,2,472,1,24,181,1,207,313,154,209,3,679,74,0,74,753
02/19/2006,ANC,AK,AAL,WE,Towers with Radar,267,94,9,0,370,0,30,95,3,128,267,124,104,3,498,42,0,42,540
02/20/2006,ANC,AK,AAL,WE,Towers with Radar,299,129,23,0,451,0,36,90,0,126,299,165,113,0,577,2,0,2,579
02/21/2006,ANC,AK,AAL,WE,Towers with Radar,305,158,26,4,493,1,43,84,5,133,306,201,110,9,626,12,0,12,638
02/22/2006,ANC,AK,AAL,WE,Towers with Radar,360,155,18,10,543,0,54,119,11,184,360,209,137,21,727,8,0,8,735
02/23/2006,ANC,AK,AAL,WE,Towers with Radar,363,171,21,0,555,0,35,93,22,150,363,206,114,22,705,4,0,4,709
02/24/2006,ANC,AK,AAL,WE,Towers with Radar,358,163,34,5,560,0,50,143,4,197,358,213,177,9,757,68,0,68,825
02/25/2006,ANC,AK,AAL,WE,Towers with Radar,340,131,15,0,486,0,6,9,0,15,340,137,24,0,501,0,0,0,501
02/26/2006,ANC,AK,AAL,WE,Towers with Radar,283,117,26,2,428,0,14,112,3,129,283,131,138,5,557,6,0,6,563
02/27/2006,ANC,AK,AAL,WE,Towers with Radar,320,180,18,5,523,0,16,49,2,67,320,196,67,7,590,2,0,2,592
02/28/2006,ANC,AK,AAL,WE,Towers with Radar,322,158,31,3,514,3,40,92,20,155,325,198,123,23,669,36,0,36,705
03/01/2006,ANC,AK,AAL,WE,Towers with Radar,358,142,31,8,539,1,75,103,14,193,359,217,134,22,732,58,0,58,790
03/02/2006,ANC,AK,AAL,WE,Towers with Radar,354,169,19,8,550,0,23,95,18,136,354,192,114,26,686,120,0,120,806
03/03/2006,ANC,AK,AAL,WE,Towers with Radar,372,178,40,0,590,1,42,138,11,192,373,220,178,11,782,14,0,14,796
03/04/2006,ANC,AK,AAL,WE,Towers with Radar,351,144,22,0,517,0,28,187,4,219,351,172,209,4,736,40,0,40,776
03/05/2006,ANC,AK,AAL,WE,Towers with Radar,296,112,21,1,430,0,31,167,0,198,296,143,188,1,628,6,0,6,634
03/06/2006,ANC,AK,AAL,WE,Towers with Radar,318,185,38,5,546,0,23,54,0,77,318,208,92,5,623,0,0,0,623
03/07/2006,ANC,AK,AAL,WE,Towers with Radar,331,182,27,4,544,0,1,9,5,15,331,183,36,9,559,0,0,0,559
03/08/2006,ANC,AK,AAL,WE,Towers with Radar,372,175,39,4,590,2,57,111,8,178,374,232,150,12,768,8,0,8,776
03/09/2006,ANC,AK,AAL,WE,Towers with Radar,353,150,25,3,531,1,47,112,14,174,354,197,137,17,705,0,0,0,705
03/10/2006,ANC,AK,AAL,WE,Towers with Radar,386,159,24,5,574,3,59,153,20,235,389,218,177,25,809,0,0,0,809
03/11/2006,ANC,AK,AAL,WE,Towers with Radar,344,108,18,3,473,0,52,201,1,254,344,160,219,4,727,10,0,10,737
03/12/2006,ANC,AK,AAL,WE,Towers with Radar,313,119,13,0,445,0,27,201,0,228,313,146,214,0,673,32,0,32,705
03/13/2006,ANC,AK,AAL,WE,Towers with Radar,327,149,29,2,507,2,43,101,17,163,329,192,130,19,670,34,0,34,704
03/14/2006,ANC,AK,AAL,WE,Towers with Radar,317,138,22,4,481,0,31,48,4,83,317,169,70,8,564,0,0,0,564
03/15/2006,ANC,AK,AAL,WE,Towers with Radar,362,154,32,1,549,0,48,94,13,155,362,202,126,14,704,8,0,8,712
03/16/2006,ANC,AK,AAL,WE,Towers with Radar,377,167,19,8,571,0,42,120,8,170,377,209,139,16,741,8,0,8,749
03/17/2006,ANC,AK,AAL,WE,Towers with Radar,379,158,33,4,574,1,42,130,8,181,380,200,163,12,755,6,0,6,761
03/18/2006,ANC,AK,AAL,WE,Towers with Radar,359,138,23,4,524,0,7,43,0,50,359,145,66,4,574,0,0,0,574
03/19/2006,ANC,AK,AAL,WE,Towers with Radar,314,123,23,1,461,0,18,24,1,43,314,141,47,2,504,0,0,0,504
03/20/2006,ANC,AK,AAL,WE,Towers with Radar,340,200,25,3,568,0,4,16,7,27,340,204,41,10,595,0,0,0,595
03/21/2006,ANC,AK,AAL,WE,Towers with Radar,329,169,17,2,517,0,44,129,7,180,329,213,146,9,697,8,0,8,705
03/22/2006,ANC,AK,AAL,WE,Towers with Radar,373,167,30,1,571,2,100,174,21,297,375,267,204,22,868,54,0,54,922
03/23/2006,ANC,AK,AAL,WE,Towers with Radar,369,149,16,1,535,0,35,137,12,184,369,184,153,13,719,18,0,18,737
03/24/2006,ANC,AK,AAL,WE,Towers with Radar,385,156,27,5,573,1,64,141,6,212,386,220,168,11,785,12,0,12,797
03/25/2006,ANC,AK,AAL,WE,Towers with Radar,356,133,29,0,518,0,36,241,0,277,356,169,270,0,795,50,0,50,845
03/26/2006,ANC,AK,AAL,WE,Towers with Radar,311,97,33,1,442,0,59,262,0,321,311,156,295,1,763,38,0,38,801
03/27/2006,ANC,AK,AAL,WE,Towers with Radar,326,159,17,2,504,1,61,126,18,206,327,220,143,20,710,6,0,6,716
03/28/2006,ANC,AK,AAL,WE,Towers with Radar,327,151,17,0,495,0,63,179,10,252,327,214,196,10,747,70,0,70,817
03/29/2006,ANC,AK,AAL,WE,Towers with Radar,372,150,22,2,546,1,67,141,13,222,373,217,163,15,768,69,0,69,837
03/30/2006,ANC,AK,AAL,WE,Towers with Radar,371,160,28,7,566,0,38,102,10,150,371,198,130,17,716,0,0,0,716
03/31/2006,ANC,AK,AAL,WE,Towers with Radar,363,171,31,2,567,1,27,74,4,106,364,198,105,6,673,146,0,146,819
04/01/2006,ANC,AK,AAL,WE,Towers with Radar,346,136,22,2,506,0,23,155,0,178,346,159,177,2,684,114,0,114,798
04/02/2006,ANC,AK,AAL,WE,Towers with Radar,289,92,24,1,406,0,16,175,4,195,289,108,199,5,601,146,0,146,747
04/03/2006,ANC,AK,AAL,WE,Towers with Radar,326,171,18,8,523,0,11,15,9,35,326,182,33,17,558,53,0,53,611
04/04/2006,ANC,AK,AAL,WE,Towers with Radar,330,161,26,7,524,0,37,44,3,84,330,198,70,10,608,0,0,0,608
04/05/2006,ANC,AK,AAL,WE,Towers with Radar,354,173,33,5,565,0,37,165,10,212,354,210,198,15,777,8,0,8,785
04/06/2006,ANC,AK,AAL,WE,Towers with Radar,365,165,27,3,560,1,37,144,28,210,366,202,171,31,770,6,0,6,776
04/07/2006,ANC,AK,AAL,WE,Towers with Radar,362,139,39,2,542,1,56,184,18,259,363,195,223,20,801,98,0,98,899
04/08/2006,ANC,AK,AAL,WE,Towers with Radar,334,102,21,1,458,0,39,200,0,239,334,141,221,1,697,60,0,60,757
04/09/2006,ANC,AK,AAL,WE,Towers with Radar,288,114,25,2,429,2,24,110,0,136,290,138,135,2,565,36,0,36,601
04/10/2006,ANC,AK,AAL,WE,Towers with Radar,306,164,40,14,524,0,0,0,0,0,306,164,40,14,524,110,0,110,634
04/11/2006,ANC,AK,AAL,WE,Towers with Radar,326,146,32,3,507,0,44,138,14,196,326,190,170,17,703,30,0,30,733
04/12/2006,ANC,AK,AAL,WE,Towers with Radar,360,183,37,6,586,0,13,60,12,85,360,196,97,18,671,32,0,32,703
04/13/2006,ANC,AK,AAL,WE,Towers with Radar,379,158,36,3,576,1,51,166,7,225,380,209,202,10,801,19,0,19,820
04/14/2006,ANC,AK,AAL,WE,Towers with Radar,364,145,24,2,535,0,61,200,9,270,364,206,224,11,805,54,0,54,859
04/15/2006,ANC,AK,AAL,WE,Towers with Radar,340,104,15,1,460,0,53,184,0,237,340,157,199,1,697,74,0,74,771
04/16/2006,ANC,AK,AAL,WE,Towers with Radar,289,77,13,0,379,0,29,141,0,170,289,106,154,0,549,40,0,40,589
04/17/2006,ANC,AK,AAL,WE,Towers with Radar,302,183,37,0,522,1,14,54,15,84,303,197,91,15,606,6,0,6,612
04/18/2006,ANC,AK,AAL,WE,Towers with Radar,331,150,26,1,508,0,41,126,9,176,331,191,152,10,684,32,0,32,716
04/19/2006,ANC,AK,AAL,WE,Towers with Radar,360,154,21,6,541,1,63,189,12,265,361,217,210,18,806,62,0,62,868
04/20/2006,ANC,AK,AAL,WE,Towers with Radar,379,176,39,3,597,0,35,128,11,174,379,211,167,14,771,26,0,26,797
04/21/2006,ANC,AK,AAL,WE,Towers with Radar,356,166,20,5,547,0,26,116,6,148,356,192,136,11,695,30,0,30,725
04/22/2006,ANC,AK,AAL,WE,Towers with Radar,342,144,22,1,509,0,14,99,1,114,342,158,121,2,623,58,0,58,681
04/23/2006,ANC,AK,AAL,WE,Towers with Radar,298,113,29,1,441,0,22,234,3,259,298,135,263,4,700,92,0,92,792
04/24/2006,ANC,AK,AAL,WE,Towers with Radar,317,171,27,1,516,0,17,89,14,120,317,188,116,15,636,48,0,48,684
04/25/2006,ANC,AK,AAL,WE,Towers with Radar,336,155,22,5,518,0,33,128,8,169,336,188,150,13,687,12,0,12,699
04/26/2006,ANC,AK,AAL,WE,Towers with Radar,372,142,28,3,545,1,71,161,11,244,373,213,189,14,789,52,0,52,841
04/27/2006,ANC,AK,AAL,WE,Towers with Radar,388,150,17,4,559,1,52,175,17,245,389,202,192,21,804,31,0,31,835
04/28/2006,ANC,AK,AAL,WE,Towers with Radar,384,172,28,5,589,0,34,106,1,141,384,206,134,6,730,12,0,12,742
04/29/2006,ANC,AK,AAL,WE,Towers with Radar,350,105,19,0,474,0,46,207,2,255,350,151,226,2,729,20,0,20,749
04/30/2006,ANC,AK,AAL,WE,Towers with Radar,300,96,20,1,417,1,39,194,0,234,301,135,214,1,651,14,0,14,665
05/01/2006,ANC,AK,AAL,WE,Towers with Radar,340,146,16,1,503,0,41,120,13,174,340,187,136,14,677,20,0,20,697
05/02/2006,ANC,AK,AAL,WE,Towers with Radar,314,160,23,1,498,2,31,122,11,166,316,191,145,12,664,28,0,28,692
05/03/2006,ANC,AK,AAL,WE,Towers with Radar,344,146,25,1,516,0,59,173,14,246,344,205,198,15,762,22,0,22,784
05/04/2006,ANC,AK,AAL,WE,Towers with Radar,336,176,20,9,541,0,44,119,3,166,336,220,139,12,707,48,0,48,755
05/05/2006,ANC,AK,AAL,WE,Towers with Radar,323,181,38,4,546,0,43,133,4,180,323,224,171,8,726,32,0,32,758
05/06/2006,ANC,AK,AAL,WE,Towers with Radar,293,146,21,5,465,0,21,166,0,187,293,167,187,5,652,10,0,10,662
05/07/2006,ANC,AK,AAL,WE,Towers with Radar,254,124,34,2,414,0,22,181,0,203,254,146,215,2,617,60,0,60,677
05/08/2006,ANC,AK,AAL,WE,Towers with Radar,288,182,34,3,507,0,27,134,7,168,288,209,168,10,675,18,0,18,693
05/09/2006,ANC,AK,AAL,WE,Towers with Radar,312,173,29,10,524,0,61,225,9,295,312,234,254,19,819,64,0,64,883
05/10/2006,ANC,AK,AAL,WE,Towers with Radar,373,166,41,4,584,0,46,257,19,322,373,212,298,23,906,40,0,40,946
05/11/2006,ANC,AK,AAL,WE,Towers with Radar,386,177,24,0,587,0,57,210,10,277,386,234,234,10,864,102,0,102,966
05/12/2006,ANC,AK,AAL,WE,Towers with Radar,373,149,25,1,548,1,78,283,3,365,374,227,308,4,913,48,0,48,961
05/13/2006,ANC,AK,AAL,WE,Towers with Radar,329,107,27,0,463,0,57,396,2,455,329,164,423,2,918,22,0,22,940
05/14/2006,ANC,AK,AAL,WE,Towers with Radar,297,89,13,4,403,0,49,273,0,322,297,138,286,4,725,42,0,42,767
05/15/2006,ANC,AK,AAL,WE,Towers with Radar,323,166,23,2,514,0,44,179,8,231,323,210,202,10,745,86,0,86,831
05/16/2006,ANC,AK,AAL,WE,Towers with Radar,342,176,33,6,557,0,61,213,10,284,342,237,246,16,841,50,0,50,891
05/17/2006,ANC,AK,AAL,WE,Towers with Radar,378,174,34,0,586,0,74,186,10,270,378,248,220,10,856,14,0,14,870
05/18/2006,ANC,AK,AAL,WE,Towers with Radar,388,180,34,8,610,0,81,272,11,364,388,261,306,19,974,38,0,38,1012
05/19/2006,ANC,AK,AAL,WE,Towers with Radar,385,165,28,5,583,1,87,332,4,424,386,252,360,9,1007,14,0,14,1021
05/20/2006,ANC,AK,AAL,WE,Towers with Radar,373,150,21,0,544,1,160,237,1,399,374,310,258,1,943,56,0,56,999
05/21/2006,ANC,AK,AAL,WE,Towers with Radar,310,109,26,0,445,0,66,313,0,379,310,175,339,0,824,78,0,78,902
05/22/2006,ANC,AK,AAL,WE,Towers with Radar,317,142,26,4,489,0,110,286,5,401,317,252,312,9,890,46,0,46,936
05/23/2006,ANC,AK,AAL,WE,Towers with Radar,354,159,30,2,545,0,119,327,14,460,354,278,357,16,1005,60,0,60,1065
05/24/2006,ANC,AK,AAL,WE,Towers with Radar,387,158,29,1,575,1,106,339,12,458,388,264,368,13,1033,20,0,20,1053
05/25/2006,ANC,AK,AAL,WE,Towers with Radar,412,159,43,1,615,0,134,384,11,529,412,293,427,12,1144,20,0,20,1164
05/26/2006,ANC,AK,AAL,WE,Towers with Radar,387,159,40,0,586,1,119,493,2,615,388,278,533,2,1201,40,0,40,1241
05/27/2006,ANC,AK,AAL,WE,Towers with Radar,382,119,17,0,518,0,113,385,2,500,382,232,402,2,1018,6,0,6,1024
05/28/2006,ANC,AK,AAL,WE,Towers with Radar,304,99,17,0,420,0,86,329,1,416,304,185,346,1,836,24,0,24,860
05/29/2006,ANC,AK,AAL,WE,Towers with Radar,323,103,26,4,456,0,129,411,2,542,323,232,437,6,998,30,0,30,1028
05/30/2006,ANC,AK,AAL,WE,Towers with Radar,347,152,29,5,533,0,152,265,14,431,347,304,294,19,964,16,0,16,980
05/31/2006,ANC,AK,AAL,WE,Towers with Radar,367,206,41,7,621,0,55,141,18,214,367,261,182,25,835,14,0,14,849
06/01/2006,ANC,AK,AAL,WE,Towers with Radar,402,200,41,2,645,0,164,248,21,433,402,364,289,23,1078,8,0,8,1086
06/02/2006,ANC,AK,AAL,WE,Towers with Radar,385,155,43,3,586,0,155,447,12,614,385,310,490,15,1200,20,0,20,1220
06/03/2006,ANC,AK,AAL,WE,Towers with Radar,384,107,45,1,537,0,172,402,1,575,384,279,447,2,1112,26,0,26,1138
06/04/2006,ANC,AK,AAL,WE,Towers with Radar,340,99,23,1,463,0,161,361,2,524,340,260,384,3,987,30,0,30,1017
06/05/2006,ANC,AK,AAL,WE,Towers with Radar,368,150,27,2,547,1,165,335,11,512,369,315,362,13,1059,10,0,10,1069
06/06/2006,ANC,AK,AAL,WE,Towers with Radar,372,169,43,5,589,0,188,329,2,519,372,357,372,7,1108,14,0,14,1122
06/07/2006,ANC,AK,AAL,WE,Towers with Radar,390,165,25,0,580,0,127,213,13,353,390,292,238,13,933,12,0,12,945
06/08/2006,ANC,AK,AAL,WE,Towers with Radar,435,186,44,2,667,0,137,254,9,400,435,323,298,11,1067,32,0,32,1099
06/09/2006,ANC,AK,AAL,WE,Towers with Radar,433,183,39,3,658,1,142,231,7,381,434,325,270,10,1039,4,0,4,1043
06/10/2006,ANC,AK,AAL,WE,Towers with Radar,410,151,23,2,586,0,159,167,3,329,410,310,190,5,915,10,0,10,925
06/11/2006,ANC,AK,AAL,WE,Towers with Radar,361,134,25,2,522,0,156,374,5,535,361,290,399,7,1057,26,0,26,1083
06/12/2006,ANC,AK,AAL,WE,Towers with Radar,375,206,37,4,622,0,140,180,11,331,375,346,217,15,953,18,0,18,971
06/13/2006,ANC,AK,AAL,WE,Towers with Radar,385,230,27,3,645,1,191,350,8,550,386,421,377,11,1195,20,0,20,1215
06/14/2006,ANC,AK,AAL,WE,Towers with Radar,431,227,34,4,696,0,173,341,11,525,431,400,375,15,1221,28,0,28,1249
06/15/2006,ANC,AK,AAL,WE,Towers with Radar,449,213,44,3,709,0,141,261,8,410,449,354,305,11,1119,2,0,2,1121
06/16/2006,ANC,AK,AAL,WE,Towers with Radar,428,255,51,1,735,0,122,235,0,357,428,377,286,1,1092,32,0,32,1124
06/17/2006,ANC,AK,AAL,WE,Towers with Radar,394,169,46,7,616,0,212,386,0,598,394,381,432,7,1214,0,0,0,1214
06/18/2006,ANC,AK,AAL,WE,Towers with Radar,364,134,22,4,524,1,188,311,1,501,365,322,333,5,1025,20,0,20,1045
06/19/2006,ANC,AK,AAL,WE,Towers with Radar,388,162,50,2,602,1,183,303,11,498,389,345,353,13,1100,24,0,24,1124
06/20/2006,ANC,AK,AAL,WE,Towers with Radar,400,182,24,5,611,0,159,287,7,453,400,341,311,12,1064,10,0,10,1074
06/21/2006,ANC,AK,AAL,WE,Towers with Radar,434,199,28,3,664,0,198,443,12,653,434,397,471,15,1317,14,0,14,1331
06/22/2006,ANC,AK,AAL,WE,Towers with Radar,440,246,48,8,742,0,152,196,8,356,440,398,244,16,1098,12,0,12,1110
06/23/2006,ANC,AK,AAL,WE,Towers with Radar,428,228,43,0,699,2,190,333,6,531,430,418,376,6,1230,34,0,34,1264
06/24/2006,ANC,AK,AAL,WE,Towers with Radar,418,152,36,0,606,0,259,524,0,783,418,411,560,0,1389,18,0,18,1407
06/25/2006,ANC,AK,AAL,WE,Towers with Radar,372,118,21,0,511,0,207,418,0,625,372,325,439,0,1136,12,0,12,1148
06/26/2006,ANC,AK,AAL,WE,Towers with Radar,386,194,40,1,621,0,182,209,7,398,386,376,249,8,1019,0,0,0,1019
06/27/2006,ANC,AK,AAL,WE,Towers with Radar,395,196,27,7,625,1,200,392,11,604,396,396,419,18,1229,8,0,8,1237
06/28/2006,ANC,AK,AAL,WE,Towers with Radar,444,182,34,1,661,0,220,427,12,659,444,402,461,13,1320,18,0,18,1338
06/29/2006,ANC,AK,AAL,WE,Towers with Radar,450,216,45,3,714,0,169,309,9,487,450,385,354,12,1201,82,0,82,1283
06/30/2006,ANC,AK,AAL,WE,Towers with Radar,438,236,71,1,746,3,150,228,2,383,441,386,299,3,1129,20,0,20,1149
07/01/2006,ANC,AK,AAL,WE,Towers with Radar,421,193,61,0,675,1,162,362,0,525,422,355,423,0,1200,10,0,10,1210
07/02/2006,ANC,AK,AAL,WE,Towers with Radar,387,110,27,0,524,0,206,482,0,688,387,316,509,0,1212,14,0,14,1226
07/03/2006,ANC,AK,AAL,WE,Towers with Radar,370,148,33,1,552,0,221,429,0,650,370,369,462,1,1202,22,0,22,1224
07/04/2006,ANC,AK,AAL,WE,Towers with Radar,365,126,31,0,522,0,175,370,2,547,365,301,401,2,1069,74,0,74,1143
07/05/2006,ANC,AK,AAL,WE,Towers with Radar,416,206,57,7,686,0,146,276,6,428,416,352,333,13,1114,34,0,34,1148
07/06/2006,ANC,AK,AAL,WE,Towers with Radar,455,219,54,7,735,0,133,174,6,313,455,352,228,13,1048,6,0,6,1054
07/07/2006,ANC,AK,AAL,WE,Towers with Radar,448,245,39,4,736,0,139,255,8,402,448,384,294,12,1138,14,0,14,1152
07/08/2006,ANC,AK,AAL,WE,Towers with Radar,418,211,35,0,664,0,153,267,0,420,418,364,302,0,1084,20,0,20,1104
07/09/2006,ANC,AK,AAL,WE,Towers with Radar,369,143,42,0,554,0,158,436,0,594,369,301,478,0,1148,12,0,12,1160
07/10/2006,ANC,AK,AAL,WE,Towers with Radar,380,181,21,2,584,2,166,323,1,492,382,347,344,3,1076,14,0,14,1090
07/11/2006,ANC,AK,AAL,WE,Towers with Radar,380,202,31,4,617,2,190,344,6,542,382,392,375,10,1159,14,0,14,1173
07/12/2006,ANC,AK,AAL,WE,Towers with Radar,423,188,24,5,640,0,179,388,16,583,423,367,412,21,1223,20,0,20,1243
07/13/2006,ANC,AK,AAL,WE,Towers with Radar,454,176,25,3,658,0,207,354,11,572,454,383,379,14,1230,40,0,40,1270
07/14/2006,ANC,AK,AAL,WE,Towers with Radar,449,210,39,0,698,0,133,332,5,470,449,343,371,5,1168,16,0,16,1184
07/15/2006,ANC,AK,AAL,WE,Towers with Radar,434,225,33,2,694,0,117,186,0,303,434,342,219,2,997,0,0,0,997
07/16/2006,ANC,AK,AAL,WE,Towers with Radar,362,179,41,3,585,0,127,227,0,354,362,306,268,3,939,6,0,6,945
07/17/2006,ANC,AK,AAL,WE,Towers with Radar,375,186,32,2,595,0,136,260,10,406,375,322,292,12,1001,18,0,18,1019
07/18/2006,ANC,AK,AAL,WE,Towers with Radar,390,196,27,1,614,0,138,220,6,364,390,334,247,7,978,20,0,20,998
07/19/2006,ANC,AK,AAL,WE,Towers with Radar,381,196,42,2,621,0,157,290,6,453,381,353,332,8,1074,4,0,4,1078
07/20/2006,ANC,AK,AAL,WE,Towers with Radar,416,209,41,2,668,10,172,341,11,534,426,381,382,13,1202,14,0,14,1216
07/21/2006,ANC,AK,AAL,WE,Towers with Radar,426,222,36,1,685,0,146,362,12,520,426,368,398,13,1205,38,0,38,1243
07/22/2006,ANC,AK,AAL,WE,Towers with Radar,434,189,36,1,660,0,180,424,0,604,434,369,460,1,1264,14,0,14,1278
07/23/2006,ANC,AK,AAL,WE,Towers with Radar,367,151,32,2,552,0,189,434,1,624,367,340,466,3,1176,2,0,2,1178
07/24/2006,ANC,AK,AAL,WE,Towers with Radar,391,187,30,7,615,0,112,257,1,370,391,299,287,8,985,20,0,20,1005
07/25/2006,ANC,AK,AAL,WE,Towers with Radar,394,197,35,7,633,0,118,236,2,356,394,315,271,9,989,4,0,4,993
07/26/2006,ANC,AK,AAL,WE,Towers with Radar,432,201,35,9,677,0,186,358,5,549,432,387,393,14,1226,8,0,8,1234
07/27/2006,ANC,AK,AAL,WE,Towers with Radar,459,177,22,6,664,1,190,404,5,600,460,367,426,11,1264,16,0,16,1280
07/28/2006,ANC,AK,AAL,WE,Towers with Radar,446,183,30,2,661,2,196,465,3,666,448,379,495,5,1327,6,0,6,1333
07/29/2006,ANC,AK,AAL,WE,Towers with Radar,421,160,26,0,607,0,181,305,3,489,421,341,331,3,1096,0,0,0,1096
07/30/2006,ANC,AK,AAL,WE,Towers with Radar,362,163,28,0,553,0,179,296,0,475,362,342,324,0,1028,10,0,10,1038
07/31/2006,ANC,AK,AAL,WE,Towers with Radar,383,206,46,1,636,0,151,279,5,435,383,357,325,6,1071,8,0,8,1079
08/01/2006,ANC,AK,AAL,WE,Towers with Radar,412,215,41,6,674,1,140,307,7,455,413,355,348,13,1129,10,0,10,1139
08/02/2006,ANC,AK,AAL,WE,Towers with Radar,425,201,33,2,661,0,151,297,14,462,425,352,330,16,1123,4,0,4,1127
08/03/2006,ANC,AK,AAL,WE,Towers with Radar,422,176,34,2,634,1,147,287,23,458,423,323,321,25,1092,32,0,32,1124
08/04/2006,ANC,AK,AAL,WE,Towers with Radar,439,207,39,3,688,0,165,333,6,504,439,372,372,9,1192,12,0,12,1204
08/05/2006,ANC,AK,AAL,WE,Towers with Radar,437,173,28,3,641,1,217,396,1,615,438,390,424,4,1256,48,0,48,1304
08/06/2006,ANC,AK,AAL,WE,Towers with Radar,352,119,22,7,500,2,231,490,0,723,354,350,512,7,1223,12,0,12,1235
08/07/2006,ANC,AK,AAL,WE,Towers with Radar,430,167,24,2,623,1,223,451,22,697,431,390,475,24,1320,20,0,20,1340
08/08/2006,ANC,AK,AAL,WE,Towers with Radar,401,190,36,3,630,0,193,377,8,578,401,383,413,11,1208,6,0,6,1214
08/09/2006,ANC,AK,AAL,WE,Towers with Radar,439,187,41,1,668,0,168,307,40,515,439,355,348,41,1183,0,0,0,1183
08/10/2006,ANC,AK,AAL,WE,Towers with Radar,447,216,44,9,716,0,167,222,12,401,447,383,266,21,1117,0,0,0,1117
08/11/2006,ANC,AK,AAL,WE,Towers with Radar,441,241,55,3,740,0,129,181,8,318,441,370,236,11,1058,40,0,40,1098
08/12/2006,ANC,AK,AAL,WE,Towers with Radar,426,207,45,0,678,0,145,204,6,355,426,352,249,6,1033,4,0,4,1037
08/13/2006,ANC,AK,AAL,WE,Towers with Radar,350,155,22,1,528,0,151,273,1,425,350,306,295,2,953,6,0,6,959
08/14/2006,ANC,AK,AAL,WE,Towers with Radar,398,234,51,2,685,1,126,120,3,250,399,360,171,5,935,24,0,24,959
08/15/2006,ANC,AK,AAL,WE,Towers with Radar,397,202,38,3,640,0,146,141,8,295,397,348,179,11,935,14,0,14,949
08/16/2006,ANC,AK,AAL,WE,Towers with Radar,433,231,36,4,704,0,132,203,7,342,433,363,239,11,1046,12,0,12,1058
08/17/2006,ANC,AK,AAL,WE,Towers with Radar,435,225,40,3,703,0,157,223,7,387,435,382,263,10,1090,0,0,0,1090
08/18/2006,ANC,AK,AAL,WE,Towers with Radar,451,218,53,6,728,0,107,79,3,189,451,325,132,9,917,0,0,0,917
08/19/2006,ANC,AK,AAL,WE,Towers with Radar,402,187,34,0,623,0,142,108,0,250,402,329,142,0,873,0,0,0,873
08/20/2006,ANC,AK,AAL,WE,Towers with Radar,337,163,52,3,555,0,111,104,0,215,337,274,156,3,770,0,0,0,770
08/21/2006,ANC,AK,AAL,WE,Towers with Radar,386,204,35,3,628,4,190,437,16,647,390,394,472,19,1275,33,0,33,1308
08/22/2006,ANC,AK,AAL,WE,Towers with Radar,393,225,39,6,663,0,54,89,3,146,393,279,128,9,809,0,0,0,809
08/23/2006,ANC,AK,AAL,WE,Towers with Radar,437,213,43,2,695,0,171,344,13,528,437,384,387,15,1223,4,0,4,1227
08/24/2006,ANC,AK,AAL,WE,Towers with Radar,419,207,51,1,678,0,90,126,9,225,419,297,177,10,903,12,0,12,915
08/25/2006,ANC,AK,AAL,WE,Towers with Radar,451,234,37,3,725,4,98,224,7,333,455,332,261,10,1058,2,0,2,1060
08/26/2006,ANC,AK,AAL,WE,Towers with Radar,420,166,29,3,618,0,202,360,2,564,420,368,389,5,1182,4,0,4,1186
08/27/2006,ANC,AK,AAL,WE,Towers with Radar,370,118,25,0,513,2,236,471,0,709,372,354,496,0,1222,16,0,16,1238
08/28/2006,ANC,AK,AAL,WE,Towers with Radar,403,162,42,1,608,2,157,439,12,610,405,319,481,13,1218,22,0,22,1240
08/29/2006,ANC,AK,AAL,WE,Towers with Radar,421,166,22,5,614,0,170,459,9,638,421,336,481,14,1252,22,0,22,1274
08/30/2006,ANC,AK,AAL,WE,Towers with Radar,438,212,51,8,709,0,93,233,9,335,438,305,284,17,1044,22,0,22,1066
08/31/2006,ANC,AK,AAL,WE,Towers with Radar,463,207,34,1,705,3,180,371,9,563,466,387,405,10,1268,24,0,24,1292
09/01/2006,ANC,AK,AAL,WE,Towers with Radar,459,219,51,0,729,1,175,418,2,596,460,394,469,2,1325,4,0,4,1329
09/02/2006,ANC,AK,AAL,WE,Towers with Radar,426,187,24,0,637,1,117,284,1,403,427,304,308,1,1040,0,0,0,1040
09/03/2006,ANC,AK,AAL,WE,Towers with Radar,365,170,37,0,572,0,97,339,1,437,365,267,376,1,1009,28,0,28,1037
09/04/2006,ANC,AK,AAL,WE,Towers with Radar,380,207,87,0,674,15,175,412,0,602,395,382,499,0,1276,2,0,2,1278
09/05/2006,ANC,AK,AAL,WE,Towers with Radar,391,201,29,3,624,0,89,167,3,259,391,290,196,6,883,15,0,15,898
09/06/2006,ANC,AK,AAL,WE,Towers with Radar,424,206,29,2,661,0,110,213,12,335,424,316,242,14,996,8,0,8,1004
09/07/2006,ANC,AK,AAL,WE,Towers with Radar,431,183,29,3,646,1,122,237,9,369,432,305,266,12,1015,18,0,18,1033
09/08/2006,ANC,AK,AAL,WE,Towers with Radar,425,203,44,3,675,0,109,233,6,348,425,312,277,9,1023,12,0,12,1035
09/09/2006,ANC,AK,AAL,WE,Towers with Radar,411,147,31,0,589,0,122,339,5,466,411,269,370,5,1055,8,0,8,1063
09/10/2006,ANC,AK,AAL,WE,Towers with Radar,328,122,36,1,487,0,139,439,1,579,328,261,475,2,1066,4,0,4,1070
09/11/2006,ANC,AK,AAL,WE,Towers with Radar,359,170,21,4,554,0,100,263,11,374,359,270,284,15,928,26,0,26,954
09/12/2006,ANC,AK,AAL,WE,Towers with Radar,359,169,29,4,561,0,96,396,9,501,359,265,425,13,1062,44,0,44,1106
09/13/2006,ANC,AK,AAL,WE,Towers with Radar,385,166,41,1,593,2,113,342,9,466,387,279,383,10,1059,22,0,22,1081
09/14/2006,ANC,AK,AAL,WE,Towers with Radar,394,196,40,1,631,0,79,147,11,237,394,275,187,12,868,32,0,32,900
09/15/2006,ANC,AK,AAL,WE,Towers with Radar,403,208,44,5,660,0,87,133,13,233,403,295,177,18,893,4,0,4,897
09/16/2006,ANC,AK,AAL,WE,Towers with Radar,391,161,26,2,580,0,99,207,2,308,391,260,233,4,888,0,0,0,888
09/17/2006,ANC,AK,AAL,WE,Towers with Radar,315,112,29,1,457,0,85,394,3,482,315,197,423,4,939,10,0,10,949
09/18/2006,ANC,AK,AAL,WE,Towers with Radar,354,178,34,4,570,2,100,348,4,454,356,278,382,8,1024,22,0,22,1046
09/19/2006,ANC,AK,AAL,WE,Towers with Radar,365,194,25,7,591,0,80,153,35,268,365,274,178,42,859,26,0,26,885
09/20/2006,ANC,AK,AAL,WE,Towers with Radar,391,161,38,7,597,1,93,236,11,341,392,254,274,18,938,0,0,0,938
09/21/2006,ANC,AK,AAL,WE,Towers with Radar,400,181,28,4,613,0,84,200,20,304,400,265,228,24,917,16,0,16,933
09/22/2006,ANC,AK,AAL,WE,Towers with Radar,374,209,28,4,615,37,75,75,10,197,411,284,103,14,812,0,0,0,812
09/23/2006,ANC,AK,AAL,WE,Towers with Radar,373,136,30,2,541,0,89,226,3,318,373,225,256,5,859,30,0,30,889
09/24/2006,ANC,AK,AAL,WE,Towers with Radar,318,126,29,1,474,0,72,284,2,358,318,198,313,3,832,22,0,22,854
09/25/2006,ANC,AK,AAL,WE,Towers with Radar,374,154,28,2,558,2,85,351,3,441,376,239,379,5,999,1,0,1,1000
09/26/2006,ANC,AK,AAL,WE,Towers with Radar,386,188,32,4,610,1,41,99,4,145,387,229,131,8,755,6,0,6,761
09/27/2006,ANC,AK,AAL,WE,Towers with Radar,391,219,25,5,640,1,11,73,4,89,392,230,98,9,729,0,0,0,729
09/28/2006,ANC,AK,AAL,WE,Towers with Radar,420,202,24,2,648,0,40,154,9,203,420,242,178,11,851,30,0,30,881
09/29/2006,ANC,AK,AAL,WE,Towers with Radar,420,191,32,0,643,3,77,216,4,300,423,268,248,4,943,26,0,26,969
09/30/2006,ANC,AK,AAL,WE,Towers with Radar,387,100,16,0,503,2,112,472,2,588,389,212,488,2,1091,14,0,14,1105
10/01/2006,ANC,AK,AAL,WE,Towers with Radar,317,105,23,0,445,1,56,195,2,254,318,161,218,2,699,2,0,2,701
10/02/2006,ANC,AK,AAL,WE,Towers with Radar,346,173,27,0,546,1,46,157,32,236,347,219,184,32,782,0,0,0,782
10/03/2006,ANC,AK,AAL,WE,Towers with Radar,360,200,23,2,585,0,21,60,7,88,360,221,83,9,673,8,0,8,681
10/04/2006,ANC,AK,AAL,WE,Towers with Radar,369,206,24,0,599,3,67,143,18,231,372,273,167,18,830,10,0,10,840
10/05/2006,ANC,AK,AAL,WE,Towers with Radar,385,206,18,5,614,1,42,169,26,238,386,248,187,31,852,22,0,22,874
10/06/2006,ANC,AK,AAL,WE,Towers with Radar,365,211,20,0,596,1,67,199,31,298,366,278,219,31,894,6,0,6,900
10/07/2006,ANC,AK,AAL,WE,Towers with Radar,346,150,15,0,511,2,37,87,3,129,348,187,102,3,640,16,0,16,656
10/08/2006,ANC,AK,AAL,WE,Towers with Radar,291,89,9,0,389,0,46,112,0,158,291,135,121,0,547,8,0,8,555
10/09/2006,ANC,AK,AAL,WE,Towers with Radar,317,140,27,0,484,0,27,30,4,61,317,167,57,4,545,10,0,10,555
10/10/2006,ANC,AK,AAL,WE,Towers with Radar,338,166,26,3,533,0,51,83,10,144,338,217,109,13,677,4,0,4,681
10/11/2006,ANC,AK,AAL,WE,Towers with Radar,376,200,25,2,603,0,34,62,18,114,376,234,87,20,717,0,0,0,717
10/12/2006,ANC,AK,AAL,WE,Towers with Radar,425,192,25,5,647,0,23,69,14,106,425,215,94,19,753,0,0,0,753
10/13/2006,ANC,AK,AAL,WE,Towers with Radar,398,197,39,5,639,0,24,51,8,83,398,221,90,13,722,0,0,0,722
10/14/2006,ANC,AK,AAL,WE,Towers with Radar,360,112,31,5,508,0,70,309,5,384,360,182,340,10,892,46,0,46,938
10/15/2006,ANC,AK,AAL,WE,Towers with Radar,311,104,27,3,445,142,39,219,0,400,453,143,246,3,845,44,0,44,889
10/16/2006,ANC,AK,AAL,WE,Towers with Radar,308,165,32,6,511,0,45,103,8,156,308,210,135,14,667,4,0,4,671
10/17/2006,ANC,AK,AAL,WE,Towers with Radar,357,194,27,5,583,1,38,83,3,125,358,232,110,8,708,24,0,24,732
10/18/2006,ANC,AK,AAL,WE,Towers with Radar,372,188,21,4,585,0,54,158,27,239,372,242,179,31,824,56,0,56,880
10/19/2006,ANC,AK,AAL,WE,Towers with Radar,410,206,29,3,648,0,40,138,29,207,410,246,167,32,855,12,0,12,867
10/20/2006,ANC,AK,AAL,WE,Towers with Radar,409,180,27,3,619,0,58,194,20,272,409,238,221,23,891,38,0,38,929
10/21/2006,ANC,AK,AAL,WE,Towers with Radar,379,123,28,1,531,0,47,207,1,255,379,170,235,2,786,48,0,48,834
10/22/2006,ANC,AK,AAL,WE,Towers with Radar,303,114,21,1,439,0,32,127,0,159,303,146,148,1,598,6,0,6,604
10/23/2006,ANC,AK,AAL,WE,Towers with Radar,351,147,31,1,530,3,59,154,14,230,354,206,185,15,760,32,0,32,792
10/24/2006,ANC,AK,AAL,WE,Towers with Radar,368,183,40,4,595,1,34,72,15,122,369,217,112,19,717,6,0,6,723
10/25/2006,ANC,AK,AAL,WE,Towers with Radar,391,202,26,8,627,0,36,111,27,174,391,238,137,35,801,12,0,12,813
10/26/2006,ANC,AK,AAL,WE,Towers with Radar,415,225,28,4,672,0,10,22,46,78,415,235,50,50,750,1,0,1,751
10/27/2006,ANC,AK,AAL,WE,Towers with Radar,406,198,34,0,638,1,42,106,26,175,407,240,140,26,813,42,0,42,855
10/28/2006,ANC,AK,AAL,WE,Towers with Radar,376,117,19,0,512,16,54,127,2,199,392,171,146,2,711,24,0,24,735
10/29/2006,ANC,AK,AAL,WE,Towers with Radar,314,127,20,1,462,0,0,7,0,7,314,127,27,1,469,0,0,0,469
10/30/2006,ANC,AK,AAL,WE,Towers with Radar,355,203,30,3,591,0,0,3,7,10,355,203,33,10,601,0,0,0,601
10/31/2006,ANC,AK,AAL,WE,Towers with Radar,371,208,30,5,614,3,1,7,8,19,374,209,37,13,633,2,0,2,635
11/01/2006,ANC,AK,AAL,WE,Towers with Radar,372,214,45,1,632,1,15,32,17,65,373,229,77,18,697,0,0,0,697
11/02/2006,ANC,AK,AAL,WE,Towers with Radar,392,189,33,1,615,0,21,52,38,111,392,210,85,39,726,16,0,16,742
11/03/2006,ANC,AK,AAL,WE,Towers with Radar,413,181,40,3,637,4,71,109,17,201,417,252,149,20,838,72,0,72,910
11/04/2006,ANC,AK,AAL,WE,Towers with Radar,363,127,22,0,512,0,56,108,0,164,363,183,130,0,676,20,0,20,696
11/05/2006,ANC,AK,AAL,WE,Towers with Radar,311,111,27,1,450,0,35,88,1,124,311,146,115,2,574,30,0,30,604
11/06/2006,ANC,AK,AAL,WE,Towers with Radar,354,138,24,4,520,0,38,43,14,95,354,176,67,18,615,0,0,0,615
11/07/2006,ANC,AK,AAL,WE,Towers with Radar,358,147,25,6,536,2,39,81,15,137,360,186,106,21,673,0,0,0,673
11/08/2006,ANC,AK,AAL,WE,Towers with Radar,383,165,40,4,592,0,43,84,21,148,383,208,124,25,740,6,0,6,746
11/09/2006,ANC,AK,AAL,WE,Towers with Radar,379,156,36,3,574,0,38,80,23,141,379,194,116,26,715,2,0,2,717
11/10/2006,ANC,AK,AAL,WE,Towers with Radar,388,169,30,0,587,2,17,69,10,98,390,186,99,10,685,0,0,0,685
11/11/2006,ANC,AK,AAL,WE,Towers with Radar,355,118,17,1,491,0,34,128,4,166,355,152,145,5,657,30,0,30,687
11/12/2006,ANC,AK,AAL,WE,Towers with Radar,311,109,26,0,446,2,12,45,3,62,313,121,71,3,508,4,0,4,512
11/13/2006,ANC,AK,AAL,WE,Towers with Radar,346,144,17,1,508,2,28,44,20,94,348,172,61,21,602,4,0,4,606
11/14/2006,ANC,AK,AAL,WE,Towers with Radar,381,145,46,4,576,1,32,50,8,91,382,177,96,12,667,0,0,0,667
11/15/2006,ANC,AK,AAL,WE,Towers with Radar,380,160,18,0,558,0,32,30,17,79,380,192,48,17,637,0,0,0,637
11/16/2006,ANC,AK,AAL,WE,Towers with Radar,406,174,26,3,609,0,30,49,26,105,406,204,75,29,714,0,0,0,714
11/17/2006,ANC,AK,AAL,WE,Towers with Radar,408,152,22,1,583,0,54,74,21,149,408,206,96,22,732,0,0,0,732
11/18/2006,ANC,AK,AAL,WE,Towers with Radar,378,102,23,0,503,0,44,128,1,173,378,146,151,1,676,28,0,28,704
11/19/2006,ANC,AK,AAL,WE,Towers with Radar,321,86,11,0,418,0,28,49,1,78,321,114,60,1,496,2,0,2,498
11/20/2006,ANC,AK,AAL,WE,Towers with Radar,364,147,20,1,532,1,43,62,16,122,365,190,82,17,654,10,0,10,664
11/21/2006,ANC,AK,AAL,WE,Towers with Radar,363,159,16,2,540,0,47,54,26,127,363,206,70,28,667,0,0,0,667
11/22/2006,ANC,AK,AAL,WE,Towers with Radar,373,169,21,4,567,0,46,89,9,144,373,215,110,13,711,0,0,0,711
11/23/2006,ANC,AK,AAL,WE,Towers with Radar,340,37,3,1,381,0,18,35,0,53,340,55,38,1,434,4,0,4,438
11/24/2006,ANC,AK,AAL,WE,Towers with Radar,359,134,14,0,507,0,45,87,1,133,359,179,101,1,640,0,0,0,640
11/25/2006,ANC,AK,AAL,WE,Towers with Radar,356,127,6,0,489,1,32,86,1,120,357,159,92,1,609,0,0,0,609
11/26/2006,ANC,AK,AAL,WE,Towers with Radar,322,91,19,0,432,0,32,58,0,90,322,123,77,0,522,6,0,6,528
11/27/2006,ANC,AK,AAL,WE,Towers with Radar,329,162,21,2,514,1,16,45,9,71,330,178,66,11,585,14,0,14,599
11/28/2006,ANC,AK,AAL,WE,Towers with Radar,352,167,16,7,542,0,38,77,19,134,352,205,93,26,676,12,0,12,688
11/29/2006,ANC,AK,AAL,WE,Towers with Radar,399,193,16,6,614,0,33,36,19,88,399,226,52,25,702,2,0,2,704
11/30/2006,ANC,AK,AAL,WE,Towers with Radar,383,188,21,5,597,0,29,46,23,98,383,217,67,28,695,10,0,10,705
12/01/2006,ANC,AK,AAL,WE,Towers with Radar,360,199,34,1,594,3,23,16,14,56,363,222,50,15,650,0,0,0,650
12/02/2006,ANC,AK,AAL,WE,Towers with Radar,368,115,33,1,517,0,35,113,5,153,368,150,146,6,670,93,0,93,763
12/03/2006,ANC,AK,AAL,WE,Towers with Radar,306,100,13,1,420,0,19,40,5,64,306,119,53,6,484,49,0,49,533
12/04/2006,ANC,AK,AAL,WE,Towers with Radar,328,158,18,3,507,0,24,70,19,113,328,182,88,22,620,32,0,32,652
12/05/2006,ANC,AK,AAL,WE,Towers with Radar,375,170,29,3,577,1,33,71,6,111,376,203,100,9,688,4,0,4,692
12/06/2006,ANC,AK,AAL,WE,Towers with Radar,390,173,24,6,593,2,24,49,25,100,392,197,73,31,693,2,0,2,695
12/07/2006,ANC,AK,AAL,WE,Towers with Radar,375,162,21,6,564,17,40,98,37,192,392,202,119,43,756,34,0,34,790
12/08/2006,ANC,AK,AAL,WE,Towers with Radar,405,211,23,2,641,0,30,52,8,90,405,241,75,10,731,16,0,16,747
12/09/2006,ANC,AK,AAL,WE,Towers with Radar,355,141,25,0,521,1,5,26,3,35,356,146,51,3,556,24,0,24,580
12/10/2006,ANC,AK,AAL,WE,Towers with Radar,319,108,15,0,442,0,21,76,1,98,319,129,91,1,540,68,0,68,608
12/11/2006,ANC,AK,AAL,WE,Towers with Radar,322,131,25,4,482,1,65,98,20,184,323,196,123,24,666,4,0,4,670
12/12/2006,ANC,AK,AAL,WE,Towers with Radar,366,172,23,5,566,0,36,43,15,94,366,208,66,20,660,12,0,12,672
12/13/2006,ANC,AK,AAL,WE,Towers with Radar,383,178,23,3,587,1,51,68,24,144,384,229,91,27,731,0,0,0,731
12/14/2006,ANC,AK,AAL,WE,Towers with Radar,398,213,30,5,646,2,21,47,17,87,400,234,77,22,733,32,0,32,765
12/15/2006,ANC,AK,AAL,WE,Towers with Radar,398,184,25,2,609,2,30,30,17,79,400,214,55,19,688,0,0,0,688
12/16/2006,ANC,AK,AAL,WE,Towers with Radar,361,149,28,0,538,0,23,33,2,58,361,172,61,2,596,44,0,44,640
12/17/2006,ANC,AK,AAL,WE,Towers with Radar,305,129,19,0,453,0,5,46,1,52,305,134,65,1,505,152,0,152,657
12/18/2006,ANC,AK,AAL,WE,Towers with Radar,315,197,17,5,534,1,0,1,0,2,316,197,18,5,536,0,0,0,536
12/19/2006,ANC,AK,AAL,WE,Towers with Radar,346,180,16,4,546,4,35,43,14,96,350,215,59,18,642,0,0,0,642
12/20/2006,ANC,AK,AAL,WE,Towers with Radar,390,216,17,3,626,1,0,2,2,5,391,216,19,5,631,0,0,0,631
12/21/2006,ANC,AK,AAL,WE,Towers with Radar,381,197,18,5,601,0,8,3,4,15,381,205,21,9,616,0,0,0,616
12/22/2006,ANC,AK,AAL,WE,Towers with Radar,379,165,15,1,560,1,37,73,8,119,380,202,88,9,679,0,0,0,679
12/23/2006,ANC,AK,AAL,WE,Towers with Radar,356,160,10,1,527,0,3,6,1,10,356,163,16,2,537,0,0,0,537
12/24/2006,ANC,AK,AAL,WE,Towers with Radar,303,126,9,0,438,0,2,9,0,11,303,128,18,0,449,0,0,0,449
12/25/2006,ANC,AK,AAL,WE,Towers with Radar,267,24,8,0,299,0,9,5,0,14,267,33,13,0,313,0,0,0,313
12/26/2006,ANC,AK,AAL,WE,Towers with Radar,301,175,9,0,485,0,24,55,0,79,301,199,64,0,564,38,0,38,602
12/27/2006,ANC,AK,AAL,WE,Towers with Radar,347,156,15,4,522,3,14,39,22,78,350,170,54,26,600,0,0,0,600
12/28/2006,ANC,AK,AAL,WE,Towers with Radar,356,181,7,3,547,2,32,51,23,108,358,213,58,26,655,6,0,6,661
12/29/2006,ANC,AK,AAL,WE,Towers with Radar,366,183,9,1,559,0,30,53,12,95,366,213,62,13,654,0,0,0,654
12/30/2006,ANC,AK,AAL,WE,Towers with Radar,314,155,14,0,483,0,10,24,0,34,314,165,38,0,517,12,0,12,529
12/31/2006,ANC,AK,AAL,WE,Towers with Radar,253,135,17,0,405,0,4,22,1,27,253,139,39,1,432,6,0,6,438
01/01/2007,ANC,AK,AAL,WE,Towers with Radar,235,37,7,0,279,0,10,80,0,90,235,47,87,0,369,12,0,12,381
01/02/2007,ANC,AK,AAL,WE,Towers with Radar,236,174,18,0,428,0,14,37,0,51,236,188,55,0,479,12,0,12,491
01/03/2007,ANC,AK,AAL,WE,Towers with Radar,280,190,9,0,479,0,0,0,0,0,280,190,9,0,479,0,0,0,479
01/04/2007,ANC,AK,AAL,WE,Towers with Radar,287,209,20,6,522,1,14,14,13,42,288,223,34,19,564,11,0,11,575
01/05/2007,ANC,AK,AAL,WE,Towers with Radar,301,211,18,2,532,1,16,30,16,63,302,227,48,18,595,0,0,0,595
01/06/2007,ANC,AK,AAL,WE,Towers with Radar,315,151,18,0,484,1,8,17,1,27,316,159,35,1,511,0,0,0,511
01/07/2007,ANC,AK,AAL,WE,Towers with Radar,262,151,12,0,425,0,0,4,0,4,262,151,16,0,429,0,0,0,429
01/08/2007,ANC,AK,AAL,WE,Towers with Radar,297,178,31,8,514,0,21,46,29,96,297,199,77,37,610,0,0,0,610
01/09/2007,ANC,AK,AAL,WE,Towers with Radar,314,231,27,11,583,1,9,8,12,30,315,240,35,23,613,0,0,0,613
01/10/2007,ANC,AK,AAL,WE,Towers with Radar,329,187,20,3,539,0,26,22,24,72,329,213,42,27,611,2,0,2,613
01/11/2007,ANC,AK,AAL,WE,Towers with Radar,359,208,20,6,593,4,10,22,29,65,363,218,42,35,658,10,0,10,668
01/12/2007,ANC,AK,AAL,WE,Towers with Radar,373,167,27,1,568,1,24,67,16,108,374,191,94,17,676,22,14,36,712
01/13/2007,ANC,AK,AAL,WE,Towers with Radar,347,129,36,2,514,0,25,94,4,123,347,154,130,6,637,22,0,22,659
01/14/2007,ANC,AK,AAL,WE,Towers with Radar,295,107,10,0,412,0,15,19,1,35,295,122,29,1,447,12,0,12,459
01/15/2007,ANC,AK,AAL,WE,Towers with Radar,317,149,16,0,482,0,44,84,0,128,317,193,100,0,610,32,0,32,642
01/16/2007,ANC,AK,AAL,WE,Towers with Radar,312,177,19,6,514,0,35,61,13,109,312,212,80,19,623,12,0,12,635
01/17/2007,ANC,AK,AAL,WE,Towers with Radar,361,185,27,7,580,0,40,50,17,107,361,225,77,24,687,4,0,4,691
01/18/2007,ANC,AK,AAL,WE,Towers with Radar,368,188,21,7,584,0,25,66,25,116,368,213,87,32,700,18,0,18,718
01/19/2007,ANC,AK,AAL,WE,Towers with Radar,373,207,31,5,616,1,13,19,9,42,374,220,50,14,658,4,0,4,662
01/20/2007,ANC,AK,AAL,WE,Towers with Radar,333,128,22,1,484,0,24,83,4,111,333,152,105,5,595,122,0,122,717
01/21/2007,ANC,AK,AAL,WE,Towers with Radar,291,94,19,0,404,0,22,42,4,68,291,116,61,4,472,30,0,30,502
01/22/2007,ANC,AK,AAL,WE,Towers with Radar,314,147,20,13,494,0,28,43,12,83,314,175,63,25,577,0,0,0,577
01/23/2007,ANC,AK,AAL,WE,Towers with Radar,312,173,15,8,508,4,4,8,12,28,316,177,23,20,536,0,0,0,536
01/24/2007,ANC,AK,AAL,WE,Towers with Radar,352,194,36,7,589,2,8,25,15,50,354,202,61,22,639,0,0,0,639
01/25/2007,ANC,AK,AAL,WE,Towers with Radar,369,154,13,2,538,0,9,16,21,46,369,163,29,23,584,0,0,0,584
01/26/2007,ANC,AK,AAL,WE,Towers with Radar,376,170,33,3,582,0,13,31,11,55,376,183,64,14,637,0,0,0,637
01/27/2007,ANC,AK,AAL,WE,Towers with Radar,340,118,17,1,476,0,25,64,13,102,340,143,81,14,578,38,0,38,616
01/28/2007,ANC,AK,AAL,WE,Towers with Radar,286,99,29,0,414,0,23,87,0,110,286,122,116,0,524,12,0,12,536
01/29/2007,ANC,AK,AAL,WE,Towers with Radar,326,145,26,8,505,0,31,42,19,92,326,176,68,27,597,18,0,18,615
01/30/2007,ANC,AK,AAL,WE,Towers with Radar,331,158,26,5,520,0,27,84,13,124,331,185,110,18,644,2,0,2,646
01/31/2007,ANC,AK,AAL,WE,Towers with Radar,339,156,29,7,531,0,37,106,20,163,339,193,135,27,694,6,0,6,700
02/01/2007,ANC,AK,AAL,WE,Towers with Radar,366,137,33,4,540,8,63,126,26,223,374,200,159,30,763,4,0,4,767
02/02/2007,ANC,AK,AAL,WE,Towers with Radar,381,146,33,1,561,0,44,83,8,135,381,190,116,9,696,10,0,10,706
02/03/2007,ANC,AK,AAL,WE,Towers with Radar,328,113,25,2,468,0,24,200,1,225,328,137,225,3,693,40,0,40,733
02/04/2007,ANC,AK,AAL,WE,Towers with Radar,278,94,34,0,406,3,7,14,1,25,281,101,48,1,431,0,0,0,431
02/05/2007,ANC,AK,AAL,WE,Towers with Radar,317,137,23,7,484,0,19,76,7,102,317,156,99,14,586,0,0,0,586
02/06/2007,ANC,AK,AAL,WE,Towers with Radar,336,161,28,4,529,1,45,104,15,165,337,206,132,19,694,8,0,8,702
02/07/2007,ANC,AK,AAL,WE,Towers with Radar,346,182,26,2,556,0,39,91,22,152,346,221,117,24,708,12,0,12,720
02/08/2007,ANC,AK,AAL,WE,Towers with Radar,353,199,25,5,582,1,16,45,32,94,354,215,70,37,676,0,0,0,676
02/09/2007,ANC,AK,AAL,WE,Towers with Radar,390,196,33,6,625,1,18,26,9,54,391,214,59,15,679,2,0,2,681
02/10/2007,ANC,AK,AAL,WE,Towers with Radar,320,124,19,2,465,0,25,102,8,135,320,149,121,10,600,54,0,54,654
02/11/2007,ANC,AK,AAL,WE,Towers with Radar,315,124,14,1,454,0,29,115,3,147,315,153,129,4,601,24,0,24,625
02/12/2007,ANC,AK,AAL,WE,Towers with Radar,305,140,14,3,462,1,38,118,10,167,306,178,132,13,629,0,0,0,629
02/13/2007,ANC,AK,AAL,WE,Towers with Radar,315,169,23,3,510,0,36,72,27,135,315,205,95,30,645,8,0,8,653
02/14/2007,ANC,AK,AAL,WE,Towers with Radar,352,153,36,4,545,2,34,129,14,179,354,187,165,18,724,8,0,8,732
02/15/2007,ANC,AK,AAL,WE,Towers with Radar,378,164,24,2,568,0,49,79,29,157,378,213,103,31,725,0,0,0,725
02/16/2007,ANC,AK,AAL,WE,Towers with Radar,371,208,37,2,618,0,10,18,12,40,371,218,55,14,658,0,0,0,658
02/17/2007,ANC,AK,AAL,WE,Towers with Radar,341,143,18,0,502,0,13,133,3,149,341,156,151,3,651,32,0,32,683
02/18/2007,ANC,AK,AAL,WE,Towers with Radar,312,132,14,1,459,0,13,94,0,107,312,145,108,1,566,14,0,14,580
02/19/2007,ANC,AK,AAL,WE,Towers with Radar,304,147,22,0,473,0,31,146,2,179,304,178,168,2,652,10,0,10,662
02/20/2007,ANC,AK,AAL,WE,Towers with Radar,271,145,17,6,439,0,41,90,11,142,271,186,107,17,581,0,0,0,581
02/21/2007,ANC,AK,AAL,WE,Towers with Radar,266,145,24,3,438,2,41,45,12,100,268,186,69,15,538,0,0,0,538
02/22/2007,ANC,AK,AAL,WE,Towers with Radar,281,136,18,9,444,0,58,119,16,193,281,194,137,25,637,12,0,12,649
02/23/2007,ANC,AK,AAL,WE,Towers with Radar,299,155,17,1,472,1,45,139,9,194,300,200,156,10,666,18,0,18,684
02/24/2007,ANC,AK,AAL,WE,Towers with Radar,297,106,22,0,425,0,35,91,2,128,297,141,113,2,553,12,0,12,565
02/25/2007,ANC,AK,AAL,WE,Towers with Radar,231,81,19,0,331,0,40,130,0,170,231,121,149,0,501,2,0,2,503
02/26/2007,ANC,AK,AAL,WE,Towers with Radar,259,154,21,5,439,1,25,83,10,119,260,179,104,15,558,26,0,26,584
02/27/2007,ANC,AK,AAL,WE,Towers with Radar,303,132,20,2,457,3,56,79,7,145,306,188,99,9,602,0,0,0,602
02/28/2007,ANC,AK,AAL,WE,Towers with Radar,337,150,12,3,502,0,52,89,20,161,337,202,101,23,663,18,0,18,681
03/01/2007,ANC,AK,AAL,WE,Towers with Radar,337,135,13,0,485,0,38,37,12,87,337,173,50,12,572,0,0,0,572
03/02/2007,ANC,AK,AAL,WE,Towers with Radar,343,153,18,0,514,0,43,41,2,86,343,196,59,2,600,0,0,0,600
03/03/2007,ANC,AK,AAL,WE,Towers with Radar,322,100,17,0,439,0,87,258,4,349,322,187,275,4,788,24,0,24,812
03/04/2007,ANC,AK,AAL,WE,Towers with Radar,279,84,19,0,382,0,56,242,0,298,279,140,261,0,680,30,0,30,710
03/05/2007,ANC,AK,AAL,WE,Towers with Radar,302,118,14,1,435,0,88,105,13,206,302,206,119,14,641,3,0,3,644
03/06/2007,ANC,AK,AAL,WE,Towers with Radar,338,142,17,3,500,6,67,161,10,244,344,209,178,13,744,6,0,6,750
03/07/2007,ANC,AK,AAL,WE,Towers with Radar,361,186,38,5,590,0,5,22,8,35,361,191,60,13,625,0,0,0,625
03/08/2007,ANC,AK,AAL,WE,Towers with Radar,398,188,23,2,611,1,44,124,8,177,399,232,147,10,788,2,0,2,790
03/09/2007,ANC,AK,AAL,WE,Towers with Radar,361,168,28,3,560,0,50,212,8,270,361,218,240,11,830,40,0,40,870
03/10/2007,ANC,AK,AAL,WE,Towers with Radar,343,126,13,0,482,1,43,159,4,207,344,169,172,4,689,30,0,30,719
03/11/2007,ANC,AK,AAL,WE,Towers with Radar,298,98,14,0,410,0,40,154,11,205,298,138,168,11,615,28,0,28,643
03/12/2007,ANC,AK,AAL,WE,Towers with Radar,312,152,18,4,486,1,36,128,10,175,313,188,146,14,661,36,0,36,697
03/13/2007,ANC,AK,AAL,WE,Towers with Radar,318,161,16,5,500,2,31,82,17,132,320,192,98,22,632,0,0,0,632
03/14/2007,ANC,AK,AAL,WE,Towers with Radar,378,140,33,3,554,0,47,70,14,131,378,187,103,17,685,0,0,0,685
03/15/2007,ANC,AK,AAL,WE,Towers with Radar,388,159,27,1,575,1,45,117,16,179,389,204,144,17,754,6,0,6,760
03/16/2007,ANC,AK,AAL,WE,Towers with Radar,378,162,36,3,579,1,52,170,15,238,379,214,206,18,817,0,0,0,817
03/17/2007,ANC,AK,AAL,WE,Towers with Radar,339,106,10,0,455,0,42,191,1,234,339,148,201,1,689,12,0,12,701
03/18/2007,ANC,AK,AAL,WE,Towers with Radar,295,107,21,0,423,0,53,164,0,217,295,160,185,0,640,24,0,24,664
03/19/2007,ANC,AK,AAL,WE,Towers with Radar,343,134,27,0,504,0,44,111,25,180,343,178,138,25,684,0,0,0,684
03/20/2007,ANC,AK,AAL,WE,Towers with Radar,327,150,36,7,520,0,48,72,16,136,327,198,108,23,656,26,0,26,682
03/21/2007,ANC,AK,AAL,WE,Towers with Radar,362,174,49,9,594,3,24,25,14,66,365,198,74,23,660,0,0,0,660
03/22/2007,ANC,AK,AAL,WE,Towers with Radar,401,154,35,5,595,1,68,129,10,208,402,222,164,15,803,56,0,56,859
03/23/2007,ANC,AK,AAL,WE,Towers with Radar,363,182,28,2,575,0,28,84,6,118,363,210,112,8,693,6,0,6,699
03/24/2007,ANC,AK,AAL,WE,Towers with Radar,362,151,25,1,539,1,20,63,1,85,363,171,88,2,624,20,0,20,644
03/25/2007,ANC,AK,AAL,WE,Towers with Radar,314,102,37,0,453,0,38,162,0,200,314,140,199,0,653,6,0,6,659
03/26/2007,ANC,AK,AAL,WE,Towers with Radar,327,154,23,2,506,0,27,67,11,105,327,181,90,13,611,12,0,12,623
03/27/2007,ANC,AK,AAL,WE,Towers with Radar,329,160,29,1,519,1,81,133,13,228,330,241,162,14,747,36,0,36,783
03/28/2007,ANC,AK,AAL,WE,Towers with Radar,354,153,22,2,531,3,62,140,13,218,357,215,162,15,749,60,0,60,809
03/29/2007,ANC,AK,AAL,WE,Towers with Radar,388,160,25,3,576,0,76,168,20,264,388,236,193,23,840,28,0,28,868
03/30/2007,ANC,AK,AAL,WE,Towers with Radar,374,146,23,3,546,1,62,192,11,266,375,208,215,14,812,38,0,38,850
03/31/2007,ANC,AK,AAL,WE,Towers with Radar,334,105,14,0,453,0,42,219,3,264,334,147,233,3,717,14,0,14,731
04/01/2007,ANC,AK,AAL,WE,Towers with Radar,299,95,23,2,419,0,48,231,2,281,299,143,254,4,700,4,0,4,704
04/02/2007,ANC,AK,AAL,WE,Towers with Radar,295,123,34,3,455,0,59,118,4,181,295,182,152,7,636,50,0,50,686
04/03/2007,ANC,AK,AAL,WE,Towers with Radar,337,137,21,4,499,0,51,107,11,169,337,188,128,15,668,4,0,4,672
04/04/2007,ANC,AK,AAL,WE,Towers with Radar,344,148,23,4,519,0,58,140,17,215,344,206,163,21,734,38,0,38,772
04/05/2007,ANC,AK,AAL,WE,Towers with Radar,377,159,20,2,558,0,39,136,10,185,377,198,156,12,743,20,0,20,763
04/06/2007,ANC,AK,AAL,WE,Towers with Radar,356,180,27,4,567,1,57,132,11,201,357,237,159,15,768,24,0,24,792
04/07/2007,ANC,AK,AAL,WE,Towers with Radar,328,145,17,2,492,0,27,85,0,112,328,172,102,2,604,26,0,26,630
04/08/2007,ANC,AK,AAL,WE,Towers with Radar,280,114,9,0,403,243,23,73,0,339,523,137,82,0,742,12,0,12,754
04/09/2007,ANC,AK,AAL,WE,Towers with Radar,299,165,24,5,493,0,22,83,11,116,299,187,107,16,609,12,0,12,621
04/10/2007,ANC,AK,AAL,WE,Towers with Radar,296,189,25,5,515,0,26,96,10,132,296,215,121,15,647,10,0,10,657
04/11/2007,ANC,AK,AAL,WE,Towers with Radar,353,203,18,4,578,0,23,98,25,146,353,226,116,29,724,10,0,10,734
04/12/2007,ANC,AK,AAL,WE,Towers with Radar,359,161,15,3,538,0,54,208,10,272,359,215,223,13,810,52,0,52,862
04/13/2007,ANC,AK,AAL,WE,Towers with Radar,373,161,25,4,563,0,58,188,11,257,373,219,213,15,820,34,0,34,854
04/14/2007,ANC,AK,AAL,WE,Towers with Radar,327,134,25,4,490,1,21,123,3,148,328,155,148,7,638,10,0,10,648
04/15/2007,ANC,AK,AAL,WE,Towers with Radar,299,99,13,4,415,0,41,142,4,187,299,140,155,8,602,0,0,0,602
04/16/2007,ANC,AK,AAL,WE,Towers with Radar,320,164,17,4,505,0,40,123,11,174,320,204,140,15,679,26,0,26,705
04/17/2007,ANC,AK,AAL,WE,Towers with Radar,337,166,18,4,525,1,39,102,7,149,338,205,120,11,674,14,0,14,688
04/18/2007,ANC,AK,AAL,WE,Towers with Radar,344,188,41,5,578,8,61,122,25,216,352,249,163,30,794,20,0,20,814
04/19/2007,ANC,AK,AAL,WE,Towers with Radar,368,178,14,7,567,0,45,147,8,200,368,223,161,15,767,4,0,4,771
04/20/2007,ANC,AK,AAL,WE,Towers with Radar,364,181,34,2,581,0,38,136,9,183,364,219,170,11,764,22,0,22,786
04/21/2007,ANC,AK,AAL,WE,Towers with Radar,340,125,31,5,501,0,41,219,1,261,340,166,250,6,762,44,0,44,806
04/22/2007,ANC,AK,AAL,WE,Towers with Radar,293,108,20,0,421,0,27,145,2,174,293,135,165,2,595,38,0,38,633
04/23/2007,ANC,AK,AAL,WE,Towers with Radar,315,163,27,3,508,0,35,107,12,154,315,198,134,15,662,60,0,60,722
04/24/2007,ANC,AK,AAL,WE,Towers with Radar,330,159,33,3,525,1,39,118,12,170,331,198,151,15,695,8,0,8,703
04/25/2007,ANC,AK,AAL,WE,Towers with Radar,339,180,22,3,544,0,39,111,9,159,339,219,133,12,703,119,0,119,822
04/26/2007,ANC,AK,AAL,WE,Towers with Radar,380,155,44,7,586,0,70,179,7,256,380,225,223,14,842,22,0,22,864
04/27/2007,ANC,AK,AAL,WE,Towers with Radar,373,156,25,1,555,0,44,90,16,150,373,200,115,17,705,36,0,36,741
04/28/2007,ANC,AK,AAL,WE,Towers with Radar,352,117,22,2,493,2,34,169,1,206,354,151,191,3,699,36,0,36,735
04/29/2007,ANC,AK,AAL,WE,Towers with Radar,306,96,15,0,417,0,37,202,2,241,306,133,217,2,658,24,0,24,682
04/30/2007,ANC,AK,AAL,WE,Towers with Radar,314,159,23,1,497,0,39,137,5,181,314,198,160,6,678,18,0,18,696
05/01/2007,ANC,AK,AAL,WE,Towers with Radar,344,176,25,1,546,0,25,129,14,168,344,201,154,15,714,2,0,2,716
05/02/2007,ANC,AK,AAL,WE,Towers with Radar,348,163,20,0,531,1,41,167,18,227,349,204,187,18,758,30,0,30,788
05/03/2007,ANC,AK,AAL,WE,Towers with Radar,328,175,30,7,540,0,49,142,13,204,328,224,172,20,744,34,0,34,778
05/04/2007,ANC,AK,AAL,WE,Towers with Radar,315,170,34,6,525,0,63,213,8,284,315,233,247,14,809,22,0,22,831
05/05/2007,ANC,AK,AAL,WE,Towers with Radar,283,110,26,1,420,0,25,198,0,223,283,135,224,1,643,20,0,20,663
05/07/2007,ANC,AK,AAL,WE,Towers with Radar,271,166,34,10,481,0,28,148,1,177,271,194,182,11,658,54,0,54,712
05/08/2007,ANC,AK,AAL,WE,Towers with Radar,333,231,17,4,585,0,0,203,6,209,333,231,220,10,794,18,0,18,812
05/09/2007,ANC,AK,AAL,WE,Towers with Radar,361,185,34,5,585,0,62,239,8,309,361,247,273,13,894,36,0,36,930
05/10/2007,ANC,AK,AAL,WE,Towers with Radar,411,165,35,2,613,1,50,224,7,282,412,215,259,9,895,44,0,44,939
05/11/2007,ANC,AK,AAL,WE,Towers with Radar,387,176,42,3,608,2,66,336,9,413,389,242,378,12,1021,60,0,60,1081
05/12/2007,ANC,AK,AAL,WE,Towers with Radar,377,116,20,2,515,0,46,208,3,257,377,162,228,5,772,38,0,38,810
05/13/2007,ANC,AK,AAL,WE,Towers with Radar,326,93,13,0,432,0,35,144,1,180,326,128,157,1,612,4,0,4,616
05/14/2007,ANC,AK,AAL,WE,Towers with Radar,310,152,25,0,487,2,49,170,6,227,312,201,195,6,714,22,0,22,736
05/16/2007,ANC,AK,AAL,WE,Towers with Radar,383,172,14,3,572,0,64,221,15,300,383,236,235,18,872,12,0,12,884
05/17/2007,ANC,AK,AAL,WE,Towers with Radar,413,179,25,2,619,11,66,219,11,307,424,245,244,13,926,16,0,16,942
05/18/2007,ANC,AK,AAL,WE,Towers with Radar,385,176,23,6,590,0,59,399,0,458,385,235,422,6,1048,18,0,18,1066
05/19/2007,ANC,AK,AAL,WE,Towers with Radar,354,120,27,1,502,1,85,397,14,497,355,205,424,15,999,24,0,24,1023
05/20/2007,ANC,AK,AAL,WE,Towers with Radar,305,106,14,3,428,0,65,419,4,488,305,171,433,7,916,53,0,53,969
05/21/2007,ANC,AK,AAL,WE,Towers with Radar,315,149,32,1,497,14,54,336,4,408,329,203,368,5,905,32,0,32,937
05/22/2007,ANC,AK,AAL,WE,Towers with Radar,349,178,29,2,558,0,74,274,16,364,349,252,303,18,922,20,0,20,942
05/23/2007,ANC,AK,AAL,WE,Towers with Radar,382,210,34,3,629,0,67,169,10,246,382,277,203,13,875,8,0,8,883
05/24/2007,ANC,AK,AAL,WE,Towers with Radar,416,224,46,6,692,0,60,216,5,281,416,284,262,11,973,32,0,32,1005
05/25/2007,ANC,AK,AAL,WE,Towers with Radar,411,169,24,0,604,0,83,447,3,533,411,252,471,3,1137,32,0,32,1169
05/26/2007,ANC,AK,AAL,WE,Towers with Radar,367,127,18,1,513,0,118,326,0,444,367,245,344,1,957,20,0,20,977
05/27/2007,ANC,AK,AAL,WE,Towers with Radar,308,116,16,0,440,18,68,217,0,303,326,184,233,0,743,10,0,10,753
05/28/2007,ANC,AK,AAL,WE,Towers with Radar,343,134,18,0,495,0,94,314,2,410,343,228,332,2,905,18,0,18,923
05/29/2007,ANC,AK,AAL,WE,Towers with Radar,328,191,32,3,554,0,100,235,12,347,328,291,267,15,901,14,0,14,915
05/30/2007,ANC,AK,AAL,WE,Towers with Radar,401,203,28,1,633,0,58,236,24,318,401,261,264,25,951,6,0,6,957
05/31/2007,ANC,AK,AAL,WE,Towers with Radar,423,199,33,2,657,1,100,254,9,364,424,299,287,11,1021,6,0,6,1027
06/01/2007,ANC,AK,AAL,WE,Towers with Radar,412,195,34,0,641,6,139,333,6,484,418,334,367,6,1125,10,0,10,1135
06/02/2007,ANC,AK,AAL,WE,Towers with Radar,368,170,22,0,560,0,105,397,3,505,368,275,419,3,1065,47,0,47,1112
06/03/2007,ANC,AK,AAL,WE,Towers with Radar,321,133,29,0,483,3,102,315,0,420,324,235,344,0,903,26,0,26,929
06/04/2007,ANC,AK,AAL,WE,Towers with Radar,360,183,30,3,576,0,78,209,5,292,360,261,239,8,868,42,0,42,910
06/05/2007,ANC,AK,AAL,WE,Towers with Radar,383,220,28,5,636,1,98,191,17,307,384,318,219,22,943,18,0,18,961
06/06/2007,ANC,AK,AAL,WE,Towers with Radar,416,200,34,2,652,0,140,291,36,467,416,340,325,38,1119,22,0,22,1141
06/07/2007,ANC,AK,AAL,WE,Towers with Radar,449,216,39,2,706,0,171,269,15,455,449,387,308,17,1161,22,0,22,1183
06/08/2007,ANC,AK,AAL,WE,Towers with Radar,450,232,43,1,726,0,116,364,12,492,450,348,407,13,1218,4,0,4,1222
06/09/2007,ANC,AK,AAL,WE,Towers with Radar,445,175,30,1,651,0,133,463,2,598,445,308,493,3,1249,16,0,16,1265
06/10/2007,ANC,AK,AAL,WE,Towers with Radar,370,110,20,5,505,0,185,478,4,667,370,295,498,9,1172,14,0,14,1186
06/11/2007,ANC,AK,AAL,WE,Towers with Radar,397,179,29,2,607,0,158,378,15,551,397,337,407,17,1158,6,0,6,1164
06/12/2007,ANC,AK,AAL,WE,Towers with Radar,396,238,39,7,680,2,132,352,23,509,398,370,391,30,1189,14,0,14,1203
06/13/2007,ANC,AK,AAL,WE,Towers with Radar,444,239,45,3,731,2,153,305,22,482,446,392,350,25,1213,41,0,41,1254
06/14/2007,ANC,AK,AAL,WE,Towers with Radar,460,217,39,5,721,0,193,433,20,646,460,410,472,25,1367,30,0,30,1397
06/15/2007,ANC,AK,AAL,WE,Towers with Radar,445,216,38,3,702,1,179,578,7,765,446,395,616,10,1467,26,0,26,1493
06/16/2007,ANC,AK,AAL,WE,Towers with Radar,422,156,26,0,604,0,179,538,5,722,422,335,564,5,1326,6,0,6,1332
06/17/2007,ANC,AK,AAL,WE,Towers with Radar,376,148,23,0,547,0,178,439,0,617,376,326,462,0,1164,4,0,4,1168
06/18/2007,ANC,AK,AAL,WE,Towers with Radar,367,216,30,2,615,0,165,372,13,550,367,381,402,15,1165,0,0,0,1165
06/19/2007,ANC,AK,AAL,WE,Towers with Radar,397,201,35,4,637,0,199,421,21,641,397,400,456,25,1278,16,0,16,1294
06/20/2007,ANC,AK,AAL,WE,Towers with Radar,441,195,31,1,668,1,206,416,12,635,442,401,447,13,1303,0,36,36,1339
06/22/2007,ANC,AK,AAL,WE,Towers with Radar,448,262,34,7,751,0,147,308,16,471,448,409,342,23,1222,0,0,0,1222
06/23/2007,ANC,AK,AAL,WE,Towers with Radar,429,203,45,0,677,0,174,316,1,491,429,377,361,1,1168,12,0,12,1180
06/24/2007,ANC,AK,AAL,WE,Towers with Radar,369,190,46,2,607,0,151,162,1,314,369,341,208,3,921,8,0,8,929
06/25/2007,ANC,AK,AAL,WE,Towers with Radar,391,242,38,8,679,0,199,318,6,523,391,441,356,14,1202,20,0,20,1222
06/26/2007,ANC,AK,AAL,WE,Towers with Radar,415,221,39,2,677,0,163,377,10,550,415,384,416,12,1227,24,0,24,1251
06/27/2007,ANC,AK,AAL,WE,Towers with Radar,435,213,33,2,683,3,216,504,18,741,438,429,537,20,1424,16,0,16,1440
06/28/2007,ANC,AK,AAL,WE,Towers with Radar,454,182,38,5,679,1,229,451,13,694,455,411,489,18,1373,0,0,0,1373
06/29/2007,ANC,AK,AAL,WE,Towers with Radar,449,182,45,2,678,2,194,517,14,727,451,376,562,16,1405,18,0,18,1423
06/30/2007,ANC,AK,AAL,WE,Towers with Radar,404,186,32,1,623,1,193,390,5,589,405,379,422,6,1212,49,0,49,1261
07/01/2007,ANC,AK,AAL,WE,Towers with Radar,99,33,9,0,141,0,0,0,2,2,99,33,9,2,143,0,0,0,143
07/02/2007,ANC,AK,AAL,WE,Towers with Radar,381,231,50,7,669,0,123,217,2,342,381,354,267,9,1011,12,0,12,1023
07/03/2007,ANC,AK,AAL,WE,Towers with Radar,407,215,34,3,659,1,170,375,8,554,408,385,409,11,1213,4,0,4,1217
07/04/2007,ANC,AK,AAL,WE,Towers with Radar,435,195,22,0,652,7,121,243,3,374,442,316,265,3,1026,4,0,4,1030
07/05/2007,ANC,AK,AAL,WE,Towers with Radar,443,238,29,0,710,1,143,229,7,380,444,381,258,7,1090,10,0,10,1100
07/06/2007,ANC,AK,AAL,WE,Towers with Radar,451,221,30,0,702,0,189,434,1,624,451,410,464,1,1326,39,0,39,1365
07/07/2007,ANC,AK,AAL,WE,Towers with Radar,419,194,27,0,640,1,170,371,3,545,420,364,398,3,1185,60,0,60,1245
07/08/2007,ANC,AK,AAL,WE,Towers with Radar,377,175,40,0,592,0,123,378,2,503,377,298,418,2,1095,28,0,28,1123
07/09/2007,ANC,AK,AAL,WE,Towers with Radar,380,205,36,3,624,0,131,220,6,357,380,336,256,9,981,15,0,15,996
07/10/2007,ANC,AK,AAL,WE,Towers with Radar,401,216,36,5,658,0,131,277,32,440,401,347,313,37,1098,14,0,14,1112
07/11/2007,ANC,AK,AAL,WE,Towers with Radar,443,221,37,3,704,2,157,305,19,483,445,378,342,22,1187,54,0,54,1241
07/12/2007,ANC,AK,AAL,WE,Towers with Radar,463,216,36,3,718,0,158,324,13,495,463,374,360,16,1213,0,0,0,1213
07/13/2007,ANC,AK,AAL,WE,Towers with Radar,424,250,50,4,728,1,133,256,18,408,425,383,306,22,1136,8,0,8,1144
07/14/2007,ANC,AK,AAL,WE,Towers with Radar,398,213,36,4,651,0,147,342,1,490,398,360,378,5,1141,6,0,6,1147
07/15/2007,ANC,AK,AAL,WE,Towers with Radar,358,177,35,3,573,6,170,384,4,564,364,347,419,7,1137,0,0,0,1137
07/16/2007,ANC,AK,AAL,WE,Towers with Radar,359,177,35,3,574,0,161,452,11,624,359,338,487,14,1198,8,0,8,1206
07/17/2007,ANC,AK,AAL,WE,Towers with Radar,400,191,26,3,620,0,196,375,13,584,400,387,401,16,1204,20,0,20,1224
07/18/2007,ANC,AK,AAL,WE,Towers with Radar,412,210,27,1,650,0,154,285,16,455,412,364,312,17,1105,4,0,4,1109
07/19/2007,ANC,AK,AAL,WE,Towers with Radar,466,198,31,2,697,0,187,357,14,558,466,385,388,16,1255,16,0,16,1271
07/20/2007,ANC,AK,AAL,WE,Towers with Radar,449,209,27,3,688,0,176,428,6,610,449,385,455,9,1298,16,0,16,1314
07/21/2007,ANC,AK,AAL,WE,Towers with Radar,419,185,25,1,630,0,173,482,3,658,419,358,507,4,1288,14,0,14,1302
07/22/2007,ANC,AK,AAL,WE,Towers with Radar,345,182,32,5,564,18,135,142,0,295,363,317,174,5,859,4,0,4,863
07/23/2007,ANC,AK,AAL,WE,Towers with Radar,380,234,36,14,664,0,146,210,2,358,380,380,246,16,1022,2,0,2,1024
07/24/2007,ANC,AK,AAL,WE,Towers with Radar,409,236,29,11,685,0,120,207,9,336,409,356,236,20,1021,12,0,12,1033
07/25/2007,ANC,AK,AAL,WE,Towers with Radar,435,222,43,7,707,1,146,338,20,505,436,368,381,27,1212,6,0,6,1218
07/26/2007,ANC,AK,AAL,WE,Towers with Radar,456,215,39,16,726,1,197,382,13,593,457,412,421,29,1319,0,0,0,1319
07/27/2007,ANC,AK,AAL,WE,Towers with Radar,437,240,45,14,736,0,156,374,12,542,437,396,419,26,1278,8,0,8,1286
07/28/2007,ANC,AK,AAL,WE,Towers with Radar,426,187,34,2,649,0,193,466,6,665,426,380,500,8,1314,20,0,20,1334
07/29/2007,ANC,AK,AAL,WE,Towers with Radar,363,148,27,2,540,0,176,516,0,692,363,324,543,2,1232,8,0,8,1240
07/30/2007,ANC,AK,AAL,WE,Towers with Radar,370,220,28,4,622,2,98,191,5,296,372,318,219,9,918,0,0,0,918
07/31/2007,ANC,AK,AAL,WE,Towers with Radar,408,239,33,4,684,0,134,210,11,355,408,373,243,15,1039,30,0,30,1069
08/01/2007,ANC,AK,AAL,WE,Towers with Radar,417,204,31,11,663,0,109,242,10,361,417,313,273,21,1024,24,0,24,1048
08/02/2007,ANC,AK,AAL,WE,Towers with Radar,442,205,35,14,696,3,128,196,8,335,445,333,231,22,1031,10,0,10,1041
08/03/2007,ANC,AK,AAL,WE,Towers with Radar,430,205,39,12,686,0,164,279,1,444,430,369,318,13,1130,10,0,10,1140
08/04/2007,ANC,AK,AAL,WE,Towers with Radar,410,200,37,9,656,0,101,117,0,218,410,301,154,9,874,34,0,34,908
08/05/2007,ANC,AK,AAL,WE,Towers with Radar,356,167,33,10,566,0,89,121,0,210,356,256,154,10,776,44,0,44,820
08/06/2007,ANC,AK,AAL,WE,Towers with Radar,370,186,27,5,588,0,191,287,12,490,370,377,314,17,1078,18,0,18,1096
08/07/2007,ANC,AK,AAL,WE,Towers with Radar,397,167,26,4,594,0,156,372,8,536,397,323,398,12,1130,34,0,34,1164
08/08/2007,ANC,AK,AAL,WE,Towers with Radar,419,198,33,10,660,1,179,411,13,604,420,377,444,23,1264,6,0,6,1270
08/09/2007,ANC,AK,AAL,WE,Towers with Radar,440,164,34,10,648,1,179,342,8,530,441,343,376,18,1178,30,0,30,1208
08/10/2007,ANC,AK,AAL,WE,Towers with Radar,418,200,34,10,662,2,187,411,7,607,420,387,445,17,1269,18,0,18,1287
08/11/2007,ANC,AK,AAL,WE,Towers with Radar,414,155,32,5,606,3,135,371,1,510,417,290,403,6,1116,0,0,0,1116
08/12/2007,ANC,AK,AAL,WE,Towers with Radar,347,153,22,2,524,0,161,357,0,518,347,314,379,2,1042,22,0,22,1064
08/13/2007,ANC,AK,AAL,WE,Towers with Radar,368,167,33,9,577,0,142,341,7,490,368,309,374,16,1067,8,0,8,1075
08/14/2007,ANC,AK,AAL,WE,Towers with Radar,362,202,24,15,603,0,136,240,10,386,362,338,264,25,989,30,0,30,1019
08/15/2007,ANC,AK,AAL,WE,Towers with Radar,415,256,43,21,735,0,104,141,6,251,415,360,184,27,986,10,0,10,996
08/16/2007,ANC,AK,AAL,WE,Towers with Radar,433,208,32,11,684,2,178,339,10,529,435,386,371,21,1213,20,0,20,1233
08/17/2007,ANC,AK,AAL,WE,Towers with Radar,424,210,38,8,680,0,173,368,13,554,424,383,406,21,1234,6,0,6,1240
08/18/2007,ANC,AK,AAL,WE,Towers with Radar,397,224,44,9,674,1,140,340,1,482,398,364,384,10,1156,16,0,16,1172
08/19/2007,ANC,AK,AAL,WE,Towers with Radar,349,161,28,1,539,0,129,295,3,427,349,290,323,4,966,22,0,22,988
08/20/2007,ANC,AK,AAL,WE,Towers with Radar,352,194,35,10,591,0,95,184,12,291,352,289,219,22,882,4,0,4,886
08/21/2007,ANC,AK,AAL,WE,Towers with Radar,374,230,28,12,644,0,91,188,11,290,374,321,216,23,934,0,0,0,934
08/22/2007,ANC,AK,AAL,WE,Towers with Radar,413,221,25,10,669,2,88,231,19,340,415,309,256,29,1009,2,0,2,1011
08/23/2007,ANC,AK,AAL,WE,Towers with Radar,427,247,50,10,734,0,69,161,7,237,427,316,211,17,971,10,0,10,981
08/24/2007,ANC,AK,AAL,WE,Towers with Radar,424,206,29,15,674,1,134,344,10,489,425,340,373,25,1163,8,0,8,1171
08/25/2007,ANC,AK,AAL,WE,Towers with Radar,401,168,32,4,605,2,131,397,0,530,403,299,429,4,1135,2,0,2,1137
08/26/2007,ANC,AK,AAL,WE,Towers with Radar,368,117,24,3,512,0,113,444,4,561,368,230,468,7,1073,22,0,22,1095
08/27/2007,ANC,AK,AAL,WE,Towers with Radar,365,180,34,8,587,1,103,228,13,345,366,283,262,21,932,24,0,24,956
08/28/2007,ANC,AK,AAL,WE,Towers with Radar,382,168,31,9,590,0,114,299,19,432,382,282,330,28,1022,14,0,14,1036
08/29/2007,ANC,AK,AAL,WE,Towers with Radar,419,161,28,10,618,4,141,356,32,533,423,302,384,42,1151,2,0,2,1153
08/30/2007,ANC,AK,AAL,WE,Towers with Radar,437,163,30,11,641,1,162,319,15,497,438,325,349,26,1138,8,0,8,1146
08/31/2007,ANC,AK,AAL,WE,Towers with Radar,432,193,37,8,670,5,140,459,3,607,437,333,496,11,1277,0,0,0,1277
09/01/2007,ANC,AK,AAL,WE,Towers with Radar,399,227,61,8,695,0,49,238,2,289,399,276,299,10,984,6,0,6,990
09/02/2007,ANC,AK,AAL,WE,Towers with Radar,358,150,23,2,533,0,101,330,4,435,358,251,353,6,968,10,0,10,978
09/03/2007,ANC,AK,AAL,WE,Towers with Radar,341,158,29,1,529,0,137,452,4,593,341,295,481,5,1122,48,0,48,1170
09/04/2007,ANC,AK,AAL,WE,Towers with Radar,369,214,34,8,625,0,100,252,15,367,369,314,286,23,992,6,0,6,998
09/05/2007,ANC,AK,AAL,WE,Towers with Radar,404,204,36,7,651,0,128,293,20,441,404,332,329,27,1092,2,0,2,1094
09/06/2007,ANC,AK,AAL,WE,Towers with Radar,411,203,23,6,643,0,119,287,10,416,411,322,310,16,1059,14,0,14,1073
09/07/2007,ANC,AK,AAL,WE,Towers with Radar,426,223,55,10,714,0,95,267,10,372,426,318,322,20,1086,2,0,2,1088
09/08/2007,ANC,AK,AAL,WE,Towers with Radar,402,203,31,8,644,0,24,40,0,64,402,227,71,8,708,0,0,0,708
09/09/2007,ANC,AK,AAL,WE,Towers with Radar,328,164,23,4,519,0,3,58,3,64,328,167,81,7,583,0,0,0,583
09/10/2007,ANC,AK,AAL,WE,Towers with Radar,328,212,27,10,577,3,63,201,27,294,331,275,228,37,871,10,0,10,881
09/11/2007,ANC,AK,AAL,WE,Towers with Radar,356,218,38,9,621,0,81,232,8,321,356,299,270,17,942,16,0,16,958
09/12/2007,ANC,AK,AAL,WE,Towers with Radar,404,228,37,10,679,0,53,84,5,142,404,281,121,15,821,4,0,4,825
09/13/2007,ANC,AK,AAL,WE,Towers with Radar,407,219,26,9,661,0,79,259,6,344,407,298,285,15,1005,5,0,5,1010
09/14/2007,ANC,AK,AAL,WE,Towers with Radar,397,201,41,5,644,0,81,346,6,433,397,282,387,11,1077,4,0,4,1081
09/15/2007,ANC,AK,AAL,WE,Towers with Radar,373,172,19,5,569,1,76,305,0,382,374,248,324,5,951,8,0,8,959
09/16/2007,ANC,AK,AAL,WE,Towers with Radar,324,126,34,2,486,0,95,471,0,566,324,221,505,2,1052,14,0,14,1066
09/17/2007,ANC,AK,AAL,WE,Towers with Radar,344,181,25,4,554,0,110,321,19,450,344,291,346,23,1004,8,0,8,1012
09/18/2007,ANC,AK,AAL,WE,Towers with Radar,354,220,34,15,623,1,26,96,5,128,355,246,130,20,751,6,0,6,757
09/19/2007,ANC,AK,AAL,WE,Towers with Radar,388,223,27,13,651,0,23,80,10,113,388,246,107,23,764,8,0,8,772
09/20/2007,ANC,AK,AAL,WE,Towers with Radar,418,204,30,12,664,0,45,169,10,224,418,249,199,22,888,34,0,34,922
09/21/2007,ANC,AK,AAL,WE,Towers with Radar,401,206,32,8,647,0,63,293,6,362,401,269,325,14,1009,8,0,8,1017
09/22/2007,ANC,AK,AAL,WE,Towers with Radar,371,150,22,10,553,1,63,443,8,515,372,213,465,18,1068,8,0,8,1076
09/23/2007,ANC,AK,AAL,WE,Towers with Radar,318,141,31,3,493,0,42,278,1,321,318,183,309,4,814,14,0,14,828
09/24/2007,ANC,AK,AAL,WE,Towers with Radar,340,208,22,6,576,0,34,121,7,162,340,242,143,13,738,20,0,20,758
09/25/2007,ANC,AK,AAL,WE,Towers with Radar,369,226,25,12,632,0,30,138,9,177,369,256,163,21,809,4,0,4,813
09/26/2007,ANC,AK,AAL,WE,Towers with Radar,397,215,32,10,654,0,39,113,9,161,397,254,145,19,815,18,0,18,833
09/27/2007,ANC,AK,AAL,WE,Towers with Radar,419,203,12,7,641,2,73,317,6,398,421,276,329,13,1039,18,0,18,1057
09/28/2007,ANC,AK,AAL,WE,Towers with Radar,400,227,37,11,675,2,29,136,2,169,402,256,173,13,844,16,0,16,860
09/29/2007,ANC,AK,AAL,WE,Towers with Radar,370,172,24,6,572,1,31,431,0,463,371,203,455,6,1035,28,0,28,1063
09/30/2007,ANC,AK,AAL,WE,Towers with Radar,325,168,28,4,525,0,38,140,4,182,325,206,168,8,707,18,0,18,725
10/01/2007,ANC,AK,AAL,WE,Towers with Radar,335,211,17,7,570,0,16,104,5,125,336,228,121,12,697,64,0,64,793
10/02/2007,ANC,AK,AAL,WE,Towers with Radar,355,210,15,9,589,0,31,201,11,243,357,243,216,20,836,28,0,28,904
10/03/2007,ANC,AK,AAL,WE,Towers with Radar,358,160,13,9,540,0,78,273,8,359,361,250,286,17,914,12,0,12,962
10/04/2007,ANC,AK,AAL,WE,Towers with Radar,378,203,12,13,606,0,65,212,3,280,380,269,224,16,889,14,0,14,927
10/05/2007,ANC,AK,AAL,WE,Towers with Radar,370,250,30,8,658,0,31,125,1,157,370,282,155,9,816,38,0,38,868
10/06/2007,ANC,AK,AAL,WE,Towers with Radar,315,156,15,4,490,0,27,213,2,242,315,184,228,6,733,36,0,36,787
10/07/2007,ANC,AK,AAL,WE,Towers with Radar,266,110,28,2,406,3,45,321,4,373,269,156,349,6,780,16,0,16,820
10/08/2007,ANC,AK,AAL,WE,Towers with Radar,286,155,12,2,455,2,55,275,1,333,289,210,287,3,789,6,0,6,815
10/09/2007,ANC,AK,AAL,WE,Towers with Radar,352,142,19,10,523,0,68,242,9,319,352,210,261,19,842,28,0,28,893
10/10/2007,ANC,AK,AAL,WE,Towers with Radar,382,169,17,11,579,0,61,207,11,279,383,230,224,22,859,32,0,32,915
10/11/2007,ANC,AK,AAL,WE,Towers with Radar,386,184,24,8,602,0,56,195,12,263,387,241,219,20,867,8,0,8,905
10/12/2007,ANC,AK,AAL,WE,Towers with Radar,404,216,37,11,668,2,17,69,5,93,407,235,106,16,764,14,0,14,803
10/13/2007,ANC,AK,AAL,WE,Towers with Radar,361,169,17,4,551,0,19,178,0,197,361,189,195,4,749,26,0,26,789
10/14/2007,ANC,AK,AAL,WE,Towers with Radar,320,150,23,6,499,1,0,27,0,28,321,150,50,6,527,0,0,0,535
10/15/2007,ANC,AK,AAL,WE,Towers with Radar,329,205,33,15,582,0,21,68,5,94,330,228,101,20,679,4,0,4,711
10/16/2007,ANC,AK,AAL,WE,Towers with Radar,354,191,20,9,574,0,24,149,12,185,354,215,169,21,759,26,0,26,811
10/17/2007,ANC,AK,AAL,WE,Towers with Radar,368,199,18,7,592,0,45,144,12,201,370,249,162,19,800,34,0,34,860
10/18/2007,ANC,AK,AAL,WE,Towers with Radar,392,190,22,13,617,0,37,156,14,207,392,234,178,27,831,4,0,4,870
10/19/2007,ANC,AK,AAL,WE,Towers with Radar,388,210,27,8,633,0,17,95,0,112,391,229,122,8,750,0,0,0,772
10/20/2007,ANC,AK,AAL,WE,Towers with Radar,358,135,21,4,518,0,29,167,1,197,359,167,188,5,719,8,0,8,745
10/21/2007,ANC,AK,AAL,WE,Towers with Radar,328,108,23,3,462,0,29,192,0,221,328,138,215,3,684,2,0,2,692
10/22/2007,ANC,AK,AAL,WE,Towers with Radar,336,199,18,7,560,0,22,82,7,111,336,221,100,14,671,0,0,0,694
10/23/2007,ANC,AK,AAL,WE,Towers with Radar,360,230,16,11,617,0,15,69,4,88,360,249,85,15,709,18,0,18,743
10/24/2007,ANC,AK,AAL,WE,Towers with Radar,361,210,23,9,603,0,18,37,6,61,366,229,60,15,670,0,0,0,695
10/25/2007,ANC,AK,AAL,WE,Towers with Radar,396,198,17,7,618,0,16,36,9,61,396,214,53,16,679,0,0,0,695
10/26/2007,ANC,AK,AAL,WE,Towers with Radar,408,212,26,2,648,0,12,70,3,85,409,226,96,5,736,8,0,8,765
10/27/2007,ANC,AK,AAL,WE,Towers with Radar,349,144,39,4,536,0,6,84,2,92,352,150,123,6,631,22,0,22,667
10/28/2007,ANC,AK,AAL,WE,Towers with Radar,293,110,22,10,435,0,16,45,6,67,294,127,67,16,504,0,0,0,514
10/29/2007,ANC,AK,AAL,WE,Towers with Radar,325,169,18,8,520,0,24,54,6,84,325,194,72,14,605,10,0,10,634
10/30/2007,ANC,AK,AAL,WE,Towers with Radar,336,207,23,9,575,0,15,43,3,61,336,223,66,12,637,0,0,0,672
10/31/2007,ANC,AK,AAL,WE,Towers with Radar,359,190,34,11,594,0,13,49,9,71,360,204,83,20,667,64,0,64,753
11/01/2007,ANC,AK,AAL,WE,Towers with Radar,383,198,21,17,619,2,28,69,12,111,386,228,90,29,733,18,0,18,773
11/02/2007,ANC,AK,AAL,WE,Towers with Radar,391,222,41,14,668,0,0,15,1,16,391,222,56,15,684,0,0,0,708
11/03/2007,ANC,AK,AAL,WE,Towers with Radar,356,142,25,13,536,1,16,129,0,146,357,161,154,13,685,44,0,44,747
11/04/2007,ANC,AK,AAL,WE,Towers with Radar,321,135,29,3,488,0,11,38,7,56,322,147,67,10,546,4,0,4,556
11/05/2007,ANC,AK,AAL,WE,Towers with Radar,323,180,24,12,539,0,25,108,9,142,324,205,132,21,682,0,0,0,700
11/06/2007,ANC,AK,AAL,WE,Towers with Radar,330,201,21,9,561,0,19,73,7,99,332,222,94,16,664,0,0,0,686
11/07/2007,ANC,AK,AAL,WE,Towers with Radar,349,213,20,8,590,0,13,30,6,49,351,227,50,14,642,0,0,0,655
11/08/2007,ANC,AK,AAL,WE,Towers with Radar,362,192,18,11,583,0,20,30,13,63,363,212,48,24,647,0,0,0,652
11/09/2007,ANC,AK,AAL,WE,Towers with Radar,373,221,49,7,650,0,9,41,12,62,373,230,90,19,712,4,0,4,716
11/10/2007,ANC,AK,AAL,WE,Towers with Radar,335,171,20,5,531,1,2,4,0,7,336,173,24,5,538,0,0,0,538
11/11/2007,ANC,AK,AAL,WE,Towers with Radar,321,154,15,3,493,0,0,0,0,0,321,154,15,3,493,0,0,0,493
11/12/2007,ANC,AK,AAL,WE,Towers with Radar,327,202,15,3,547,0,2,31,0,33,327,204,46,3,580,0,0,0,580
11/13/2007,ANC,AK,AAL,WE,Towers with Radar,341,205,30,14,590,0,18,31,9,58,341,223,61,23,648,0,0,0,648
11/14/2007,ANC,AK,AAL,WE,Towers with Radar,364,219,29,8,620,0,9,38,13,60,364,228,67,21,680,4,0,4,684
11/15/2007,ANC,AK,AAL,WE,Towers with Radar,383,173,22,11,589,0,27,69,12,108,383,200,91,23,697,12,0,12,709
11/16/2007,ANC,AK,AAL,WE,Towers with Radar,383,200,29,7,619,0,14,67,9,90,383,214,96,16,709,0,0,0,709
11/17/2007,ANC,AK,AAL,WE,Towers with Radar,333,158,16,12,519,0,3,81,1,85,333,161,97,13,604,26,0,26,630
11/18/2007,ANC,AK,AAL,WE,Towers with Radar,301,149,15,3,468,0,0,1,0,1,301,149,16,3,469,0,0,0,469
11/19/2007,ANC,AK,AAL,WE,Towers with Radar,329,203,27,10,569,0,0,17,6,23,329,203,44,16,592,0,0,0,592
11/20/2007,ANC,AK,AAL,WE,Towers with Radar,343,202,10,9,564,0,11,31,10,52,343,213,41,19,616,6,0,6,622
11/21/2007,ANC,AK,AAL,WE,Towers with Radar,348,203,11,5,567,0,20,46,8,74,348,223,57,13,641,0,0,0,641
11/22/2007,ANC,AK,AAL,WE,Towers with Radar,305,39,4,1,349,0,12,8,0,20,305,51,12,1,369,0,0,0,369
11/23/2007,ANC,AK,AAL,WE,Towers with Radar,373,197,29,6,605,0,5,50,1,56,373,202,79,7,661,18,0,18,685
11/24/2007,ANC,AK,AAL,WE,Towers with Radar,340,148,18,8,514,0,2,104,2,108,340,150,122,10,622,34,0,34,656
11/25/2007,ANC,AK,AAL,WE,Towers with Radar,288,119,8,0,415,0,6,43,0,49,288,125,51,0,464,0,0,0,464
11/26/2007,ANC,AK,AAL,WE,Towers with Radar,336,174,20,7,537,0,30,95,5,130,336,204,115,12,667,12,0,12,679
11/27/2007,ANC,AK,AAL,WE,Towers with Radar,337,175,27,10,549,0,25,105,13,143,337,200,132,23,692,0,0,0,692
11/28/2007,ANC,AK,AAL,WE,Towers with Radar,357,195,21,4,577,0,36,116,18,170,357,231,137,22,747,16,0,16,763
11/29/2007,ANC,AK,AAL,WE,Towers with Radar,363,162,20,6,551,0,42,102,10,154,363,204,122,16,705,0,0,0,705
11/30/2007,ANC,AK,AAL,WE,Towers with Radar,368,157,34,6,565,0,24,103,6,133,368,181,137,12,698,0,0,0,698
12/01/2007,ANC,AK,AAL,WE,Towers with Radar,335,137,53,6,531,0,19,108,4,131,335,156,161,10,662,48,0,48,712
12/02/2007,ANC,AK,AAL,WE,Towers with Radar,287,123,23,0,433,0,7,19,1,27,287,130,42,1,460,0,0,0,460
12/03/2007,ANC,AK,AAL,WE,Towers with Radar,320,169,17,3,509,0,24,64,9,97,320,193,81,12,606,12,0,12,618
12/04/2007,ANC,AK,AAL,WE,Towers with Radar,321,210,27,19,577,0,19,17,10,46,321,230,44,29,624,0,0,0,637
12/05/2007,ANC,AK,AAL,WE,Towers with Radar,349,193,27,12,581,1,541,568,10,1120,351,735,595,22,1703,0,0,0,1725
12/06/2007,ANC,AK,AAL,WE,Towers with Radar,355,190,19,13,577,0,16,67,13,96,356,206,86,26,674,0,6,6,683
12/07/2007,ANC,AK,AAL,WE,Towers with Radar,381,216,26,11,634,0,12,43,10,65,382,229,69,21,701,10,0,10,726
12/08/2007,ANC,AK,AAL,WE,Towers with Radar,333,147,13,7,500,0,7,49,5,61,333,155,62,12,562,0,0,0,568
12/09/2007,ANC,AK,AAL,WE,Towers with Radar,283,104,15,4,406,0,26,71,2,99,283,130,86,6,505,0,0,0,518
12/10/2007,ANC,AK,AAL,WE,Towers with Radar,304,193,17,11,525,1,3,36,2,42,305,196,53,13,567,0,0,0,582
12/11/2007,ANC,AK,AAL,WE,Towers with Radar,306,213,22,8,549,0,2,7,0,9,306,215,29,8,558,10,0,10,581
12/12/2007,ANC,AK,AAL,WE,Towers with Radar,328,184,25,11,548,0,0,2,0,2,329,186,27,11,553,0,0,0,560
12/13/2007,ANC,AK,AAL,WE,Towers with Radar,376,203,15,9,603,0,30,69,16,115,377,234,84,25,720,10,0,10,745
12/14/2007,ANC,AK,AAL,WE,Towers with Radar,381,197,38,9,625,0,17,60,2,79,381,215,98,11,705,4,0,4,726
12/15/2007,ANC,AK,AAL,WE,Towers with Radar,325,150,37,9,521,0,15,95,5,115,325,165,132,14,636,38,0,38,689
12/16/2007,ANC,AK,AAL,WE,Towers with Radar,290,104,13,4,411,0,20,65,0,85,290,125,78,4,497,6,0,6,511
12/17/2007,ANC,AK,AAL,WE,Towers with Radar,314,158,19,5,496,0,31,62,10,103,315,190,81,15,601,0,0,0,615
12/18/2007,ANC,AK,AAL,WE,Towers with Radar,327,187,21,10,545,1,40,75,13,129,328,229,96,23,676,8,0,8,697
12/19/2007,ANC,AK,AAL,WE,Towers with Radar,345,177,21,9,552,0,39,75,8,122,346,218,96,17,677,6,0,6,704
12/20/2007,ANC,AK,AAL,WE,Towers with Radar,343,208,18,8,577,2,5,13,6,26,346,215,31,14,606,0,0,0,612
12/21/2007,ANC,AK,AAL,WE,Towers with Radar,374,223,21,4,622,0,8,50,4,62,374,233,71,8,686,0,0,0,706
12/22/2007,ANC,AK,AAL,WE,Towers with Radar,326,165,18,8,517,0,11,61,0,72,326,176,79,8,589,0,0,0,601
12/23/2007,ANC,AK,AAL,WE,Towers with Radar,285,151,5,5,446,0,5,67,3,75,285,157,72,8,522,20,0,20,548
12/24/2007,ANC,AK,AAL,WE,Towers with Radar,276,169,9,0,454,0,12,18,0,30,277,181,27,0,485,0,0,0,487
12/25/2007,ANC,AK,AAL,WE,Towers with Radar,228,32,4,1,265,0,0,0,0,0,228,32,4,1,265,0,0,0,267
12/26/2007,ANC,AK,AAL,WE,Towers with Radar,293,198,23,4,518,0,11,62,2,75,296,212,85,6,599,0,0,0,610
12/27/2007,ANC,AK,AAL,WE,Towers with Radar,329,209,14,2,554,0,23,57,6,86,329,233,71,8,641,4,0,4,657
12/28/2007,ANC,AK,AAL,WE,Towers with Radar,336,229,10,9,584,0,8,32,1,41,336,237,42,10,625,2,0,2,645
12/29/2007,ANC,AK,AAL,WE,Towers with Radar,292,154,8,6,460,0,8,67,2,77,292,163,75,8,538,42,0,42,587
12/30/2007,ANC,AK,AAL,WE,Towers with Radar,248,114,8,0,370,0,1,106,0,107,248,115,114,0,477,44,0,44,538
12/31/2007,ANC,AK,AAL,WE,Towers with Radar,257,175,5,2,439,0,6,71,2,79,257,181,76,4,518,20,0,20,546
01/01/2008,ANC,AK,AAL,WE,Towers with Radar,219,31,9,0,259,0,11,14,0,25,219,43,23,0,285,0,0,0,293
01/02/2008,ANC,AK,AAL,WE,Towers with Radar,259,190,17,3,469,0,27,68,10,105,260,219,85,13,577,0,0,0,587
01/03/2008,ANC,AK,AAL,WE,Towers with Radar,293,227,19,12,551,0,16,72,2,90,295,244,91,14,644,14,0,14,683
01/04/2008,ANC,AK,AAL,WE,Towers with Radar,303,223,26,7,559,0,3,26,3,32,304,226,52,10,592,11,0,11,623
01/05/2008,ANC,AK,AAL,WE,Towers with Radar,292,177,13,8,490,0,1,67,0,68,292,178,80,8,558,14,0,14,581
01/06/2008,ANC,AK,AAL,WE,Towers with Radar,245,150,21,5,421,0,0,18,0,18,245,150,39,5,439,24,0,24,469
01/07/2008,ANC,AK,AAL,WE,Towers with Radar,261,210,25,7,503,0,5,15,4,24,262,215,40,11,528,0,0,0,542
01/08/2008,ANC,AK,AAL,WE,Towers with Radar,289,234,19,4,546,1,16,33,5,55,290,250,52,9,601,6,0,6,629
01/09/2008,ANC,AK,AAL,WE,Towers with Radar,323,217,18,6,564,0,2,5,1,8,323,219,23,7,572,0,0,0,590
01/10/2008,ANC,AK,AAL,WE,Towers with Radar,326,214,23,8,571,0,0,1,0,1,327,214,24,8,573,0,0,0,585
01/11/2008,ANC,AK,AAL,WE,Towers with Radar,342,234,25,18,619,0,13,27,3,43,343,247,52,21,663,8,0,8,692
01/12/2008,ANC,AK,AAL,WE,Towers with Radar,313,168,11,8,500,0,11,57,6,74,313,181,68,14,576,0,0,0,587
01/13/2008,ANC,AK,AAL,WE,Towers with Radar,275,128,12,4,419,0,5,56,4,65,275,134,68,8,485,4,0,4,502
01/14/2008,ANC,AK,AAL,WE,Towers with Radar,268,206,34,9,517,0,6,33,9,48,268,212,67,18,565,8,0,8,597
01/15/2008,ANC,AK,AAL,WE,Towers with Radar,286,209,27,10,532,0,2,10,2,14,286,212,37,12,547,0,0,0,563
01/16/2008,ANC,AK,AAL,WE,Towers with Radar,318,214,22,8,562,0,16,33,6,55,318,231,55,14,618,0,0,0,649
01/17/2008,ANC,AK,AAL,WE,Towers with Radar,342,206,19,10,577,0,16,33,6,55,343,223,52,16,634,0,0,0,664
01/18/2008,ANC,AK,AAL,WE,Towers with Radar,346,183,28,4,561,0,26,66,7,99,346,211,94,11,662,2,0,2,676
01/19/2008,ANC,AK,AAL,WE,Towers with Radar,288,124,12,7,431,0,22,102,2,126,288,147,114,9,558,74,0,74,643
01/20/2008,ANC,AK,AAL,WE,Towers with Radar,274,103,9,4,390,0,5,22,0,27,275,108,31,4,418,18,0,18,442
01/21/2008,ANC,AK,AAL,WE,Towers with Radar,292,160,17,0,469,0,10,50,2,62,292,171,67,2,532,6,0,6,549
01/22/2008,ANC,AK,AAL,WE,Towers with Radar,285,139,18,5,447,0,12,23,12,47,285,151,41,17,494,0,0,0,511
01/23/2008,ANC,AK,AAL,WE,Towers with Radar,317,165,24,6,512,0,27,35,12,74,317,193,59,18,587,0,0,0,609
01/24/2008,ANC,AK,AAL,WE,Towers with Radar,341,182,32,8,563,0,23,40,8,71,342,205,72,16,635,0,0,0,650
01/25/2008,ANC,AK,AAL,WE,Towers with Radar,358,196,32,8,594,1,5,19,1,26,359,201,51,9,620,0,0,0,638
01/26/2008,ANC,AK,AAL,WE,Towers with Radar,312,124,16,5,457,2,20,81,1,104,314,145,97,6,562,12,0,12,594
01/27/2008,ANC,AK,AAL,WE,Towers with Radar,274,95,17,0,386,0,14,88,3,105,274,109,105,3,491,16,0,16,519
01/28/2008,ANC,AK,AAL,WE,Towers with Radar,274,186,24,7,491,0,2,7,2,11,274,188,31,9,502,0,0,0,514
01/29/2008,ANC,AK,AAL,WE,Towers with Radar,291,181,29,14,515,0,0,5,1,6,293,181,34,15,523,0,0,0,540
01/30/2008,ANC,AK,AAL,WE,Towers with Radar,334,198,18,12,562,1,11,39,3,54,335,211,57,15,618,0,0,0,631
01/31/2008,ANC,AK,AAL,WE,Towers with Radar,346,204,24,16,590,0,9,35,6,50,348,213,59,22,642,6,0,6,668
02/01/2008,ANC,AK,AAL,WE,Towers with Radar,351,194,34,5,584,0,33,42,1,76,352,229,76,6,663,6,0,6,681
02/02/2008,ANC,AK,AAL,WE,Towers with Radar,311,113,14,6,444,1,21,109,0,131,312,135,123,6,576,10,0,10,605
02/03/2008,ANC,AK,AAL,WE,Towers with Radar,284,92,17,2,395,0,15,57,0,72,284,108,74,2,468,0,0,0,472
02/04/2008,ANC,AK,AAL,WE,Towers with Radar,312,165,17,8,502,0,30,36,7,73,312,195,53,15,575,0,0,0,601
02/05/2008,ANC,AK,AAL,WE,Towers with Radar,316,148,20,5,489,1,34,55,16,106,317,182,75,21,595,0,0,0,612
02/06/2008,ANC,AK,AAL,WE,Towers with Radar,340,145,15,10,510,0,58,75,15,148,340,205,90,25,660,0,0,0,692
02/07/2008,ANC,AK,AAL,WE,Towers with Radar,343,148,21,9,521,0,53,74,10,137,344,202,95,19,660,0,0,0,699
02/08/2008,ANC,AK,AAL,WE,Towers with Radar,293,165,14,5,477,0,38,93,4,135,293,203,107,9,612,8,0,8,639
02/09/2008,ANC,AK,AAL,WE,Towers with Radar,245,127,15,6,393,1,13,65,0,79,246,140,80,6,472,6,0,6,489
02/10/2008,ANC,AK,AAL,WE,Towers with Radar,193,95,19,6,313,0,18,75,3,96,193,113,94,9,409,0,0,0,423
02/11/2008,ANC,AK,AAL,WE,Towers with Radar,208,196,22,6,432,0,2,5,1,8,208,198,27,7,440,0,0,0,459
02/12/2008,ANC,AK,AAL,WE,Towers with Radar,241,207,14,14,476,0,10,34,3,47,241,217,48,17,523,0,0,0,537
02/13/2008,ANC,AK,AAL,WE,Towers with Radar,273,164,16,5,458,2,21,37,14,74,275,188,53,19,535,12,0,12,558
02/14/2008,ANC,AK,AAL,WE,Towers with Radar,289,165,18,10,482,0,19,74,10,103,290,184,92,20,586,42,0,42,655
02/15/2008,ANC,AK,AAL,WE,Towers with Radar,300,216,32,7,555,0,13,54,2,69,300,229,86,9,624,4,0,4,646
02/16/2008,ANC,AK,AAL,WE,Towers with Radar,284,137,19,6,446,0,0,1,0,1,284,140,20,6,450,0,0,0,455
02/17/2008,ANC,AK,AAL,WE,Towers with Radar,239,129,13,5,386,0,7,23,0,30,239,136,36,5,416,0,0,0,421
02/18/2008,ANC,AK,AAL,WE,Towers with Radar,251,148,24,12,435,0,16,40,2,58,251,164,64,14,493,0,0,0,501
02/19/2008,ANC,AK,AAL,WE,Towers with Radar,285,208,18,3,514,0,15,32,3,50,285,224,50,6,565,0,0,0,580
02/20/2008,ANC,AK,AAL,WE,Towers with Radar,316,170,28,8,522,0,27,66,10,103,316,204,94,18,632,0,0,0,656
02/21/2008,ANC,AK,AAL,WE,Towers with Radar,337,182,19,12,550,0,25,94,8,127,339,208,113,20,680,16,0,16,708
02/22/2008,ANC,AK,AAL,WE,Towers with Radar,315,199,31,5,550,0,17,111,0,128,315,216,142,5,678,14,0,14,706
02/23/2008,ANC,AK,AAL,WE,Towers with Radar,307,128,31,6,472,0,38,261,3,302,307,168,292,9,776,50,0,50,843
02/24/2008,ANC,AK,AAL,WE,Towers with Radar,270,117,19,8,414,0,21,185,0,206,271,139,204,8,622,16,0,16,655
02/25/2008,ANC,AK,AAL,WE,Towers with Radar,276,157,32,9,474,0,46,85,13,144,276,204,117,22,619,4,0,4,654
02/26/2008,ANC,AK,AAL,WE,Towers with Radar,310,166,25,8,509,2,36,113,8,159,312,202,138,16,668,16,0,16,708
02/27/2008,ANC,AK,AAL,WE,Towers with Radar,321,185,16,11,533,0,30,94,12,136,321,217,110,23,671,6,0,6,705
02/28/2008,ANC,AK,AAL,WE,Towers with Radar,349,195,28,12,584,0,46,128,8,182,350,245,156,20,771,20,0,20,808
02/29/2008,ANC,AK,AAL,WE,Towers with Radar,334,193,41,7,575,1,50,174,7,232,335,245,215,14,809,14,0,14,856
03/01/2008,ANC,AK,AAL,WE,Towers with Radar,298,154,21,8,481,0,13,121,0,134,298,167,142,8,615,0,0,0,625
03/02/2008,ANC,AK,AAL,WE,Towers with Radar,278,118,16,4,416,0,45,277,3,325,278,163,293,7,741,12,0,12,776
03/03/2008,ANC,AK,AAL,WE,Towers with Radar,279,187,28,3,497,0,56,200,7,263,279,245,228,10,762,6,0,6,797
03/04/2008,ANC,AK,AAL,WE,Towers with Radar,320,204,34,13,571,1,11,23,3,38,321,216,57,16,610,0,0,0,630
03/05/2008,ANC,AK,AAL,WE,Towers with Radar,330,193,26,3,552,0,2,32,3,37,331,195,58,6,590,0,0,0,599
03/06/2008,ANC,AK,AAL,WE,Towers with Radar,373,184,29,7,593,0,65,161,8,234,374,253,190,15,832,12,0,12,865
03/07/2008,ANC,AK,AAL,WE,Towers with Radar,348,215,39,9,611,0,3,37,1,41,348,219,76,10,653,18,0,18,684
03/08/2008,ANC,AK,AAL,WE,Towers with Radar,326,136,24,6,492,0,26,89,2,117,326,162,113,8,609,0,0,0,634
03/09/2008,ANC,AK,AAL,WE,Towers with Radar,266,117,17,3,403,0,12,110,1,123,266,129,127,4,526,14,0,14,549
03/10/2008,ANC,AK,AAL,WE,Towers with Radar,318,174,10,7,509,0,25,80,10,115,318,199,90,17,624,18,0,18,664
03/11/2008,ANC,AK,AAL,WE,Towers with Radar,319,215,30,14,578,0,18,78,4,100,319,238,108,18,683,2,0,2,707
03/12/2008,ANC,AK,AAL,WE,Towers with Radar,337,209,18,13,577,0,16,69,4,89,340,228,87,17,672,0,0,0,706
03/13/2008,ANC,AK,AAL,WE,Towers with Radar,354,172,25,11,562,0,39,145,13,197,355,212,170,24,761,8,0,8,803
03/14/2008,ANC,AK,AAL,WE,Towers with Radar,352,148,25,4,529,0,55,229,3,287,353,203,254,7,817,0,0,0,846
03/15/2008,ANC,AK,AAL,WE,Towers with Radar,302,152,20,5,479,0,11,82,0,93,302,163,102,5,572,22,0,22,603
03/16/2008,ANC,AK,AAL,WE,Towers with Radar,276,111,17,1,405,0,26,213,0,239,276,138,230,1,645,2,0,2,662
03/17/2008,ANC,AK,AAL,WE,Towers with Radar,289,152,10,3,454,0,38,130,11,179,289,192,140,14,635,4,0,4,662
03/18/2008,ANC,AK,AAL,WE,Towers with Radar,319,195,24,8,546,0,17,108,12,137,319,214,132,20,685,44,0,44,761
03/19/2008,ANC,AK,AAL,WE,Towers with Radar,325,192,19,10,546,0,30,94,9,133,325,224,113,19,681,0,0,0,703
03/20/2008,ANC,AK,AAL,WE,Towers with Radar,362,190,26,5,583,0,25,123,17,165,362,216,149,22,749,10,0,10,789
03/21/2008,ANC,AK,AAL,WE,Towers with Radar,349,166,20,8,543,0,46,134,8,188,350,212,154,16,732,10,0,10,754
03/22/2008,ANC,AK,AAL,WE,Towers with Radar,317,127,13,5,462,0,23,153,3,179,317,153,166,8,644,8,0,8,669
03/23/2008,ANC,AK,AAL,WE,Towers with Radar,278,106,9,2,395,0,28,122,0,150,278,134,131,2,545,36,0,36,590
03/24/2008,ANC,AK,AAL,WE,Towers with Radar,289,176,22,5,492,0,30,112,9,151,289,209,134,14,646,28,0,28,692
03/25/2008,ANC,AK,AAL,WE,Towers with Radar,323,182,17,12,534,0,36,149,6,191,323,218,166,18,725,6,0,6,749
03/26/2008,ANC,AK,AAL,WE,Towers with Radar,326,164,23,7,520,0,57,175,12,244,328,225,198,19,770,30,0,30,818
03/27/2008,ANC,AK,AAL,WE,Towers with Radar,366,157,32,13,568,1,61,170,20,252,367,219,202,33,821,64,0,64,911
03/28/2008,ANC,AK,AAL,WE,Towers with Radar,345,160,18,4,527,0,44,195,3,242,346,207,213,7,773,10,0,10,799
03/29/2008,ANC,AK,AAL,WE,Towers with Radar,301,137,37,6,481,2,22,159,0,183,304,160,196,6,666,18,0,18,707
03/30/2008,ANC,AK,AAL,WE,Towers with Radar,264,118,21,3,406,0,1,46,5,52,264,119,67,8,458,16,0,16,484
03/31/2008,ANC,AK,AAL,WE,Towers with Radar,305,185,17,7,514,0,12,68,9,89,305,198,85,16,604,18,0,18,638
04/01/2008,ANC,AK,AAL,WE,Towers with Radar,327,190,13,8,538,0,25,63,0,88,331,218,76,8,633,6,0,6,652
04/02/2008,ANC,AK,AAL,WE,Towers with Radar,327,185,12,7,531,0,21,97,18,136,328,209,109,25,671,14,0,14,709
04/03/2008,ANC,AK,AAL,WE,Towers with Radar,346,202,23,9,580,0,9,71,8,88,347,215,94,17,673,26,0,26,711
04/04/2008,ANC,AK,AAL,WE,Towers with Radar,345,201,20,7,573,0,24,71,3,98,346,233,91,10,680,2,0,2,708
04/05/2008,ANC,AK,AAL,WE,Towers with Radar,308,161,19,8,496,0,0,3,0,3,309,162,22,8,501,0,0,0,504
04/06/2008,ANC,AK,AAL,WE,Towers with Radar,278,135,12,3,428,0,19,60,2,81,278,154,72,5,509,10,0,10,528
04/07/2008,ANC,AK,AAL,WE,Towers with Radar,291,157,18,11,477,0,37,167,10,214,292,196,185,21,694,6,0,6,726
04/08/2008,ANC,AK,AAL,WE,Towers with Radar,323,193,20,10,546,0,19,90,8,117,323,215,110,18,666,14,0,14,717
04/09/2008,ANC,AK,AAL,WE,Towers with Radar,318,197,27,10,552,0,5,2,1,8,319,203,29,11,562,0,0,0,573
04/10/2008,ANC,AK,AAL,WE,Towers with Radar,340,178,22,11,551,3,53,116,15,187,343,232,138,26,739,50,0,50,821
04/11/2008,ANC,AK,AAL,WE,Towers with Radar,355,175,26,7,563,0,37,187,2,226,357,213,213,9,792,0,0,0,806
04/12/2008,ANC,AK,AAL,WE,Towers with Radar,304,94,19,10,427,0,49,194,2,245,304,144,213,12,673,54,0,54,747
04/13/2008,ANC,AK,AAL,WE,Towers with Radar,261,107,20,3,391,0,19,190,2,211,261,127,210,5,603,26,0,26,643
04/14/2008,ANC,AK,AAL,WE,Towers with Radar,244,144,20,8,416,0,16,82,5,103,245,162,102,13,522,6,0,6,545
04/15/2008,ANC,AK,AAL,WE,Towers with Radar,322,204,28,13,567,1,6,29,6,42,324,210,57,19,610,0,0,0,654
04/16/2008,ANC,AK,AAL,WE,Towers with Radar,325,162,18,8,513,2,40,110,14,166,329,203,128,22,682,16,0,16,709
04/17/2008,ANC,AK,AAL,WE,Towers with Radar,347,153,30,6,536,2,43,171,10,226,349,199,201,16,765,6,0,6,789
04/18/2008,ANC,AK,AAL,WE,Towers with Radar,365,148,30,5,548,0,56,187,2,245,366,207,217,7,797,34,0,34,858
04/19/2008,ANC,AK,AAL,WE,Towers with Radar,295,111,27,2,435,0,49,206,3,258,295,160,233,5,693,20,0,20,742
04/20/2008,ANC,AK,AAL,WE,Towers with Radar,268,90,25,9,392,0,42,233,4,279,268,133,258,13,672,22,0,22,709
04/21/2008,ANC,AK,AAL,WE,Towers with Radar,295,160,26,12,493,0,38,133,20,191,295,203,159,32,689,28,0,28,739
04/22/2008,ANC,AK,AAL,WE,Towers with Radar,322,170,21,7,520,0,57,181,11,249,322,231,202,18,773,20,0,20,816
04/23/2008,ANC,AK,AAL,WE,Towers with Radar,323,162,20,5,510,0,55,178,16,249,323,225,198,21,767,24,0,24,815
04/24/2008,ANC,AK,AAL,WE,Towers with Radar,353,172,22,7,554,1,39,133,14,187,355,211,155,21,742,44,0,44,805
04/25/2008,ANC,AK,AAL,WE,Towers with Radar,304,182,20,3,509,0,0,1,0,1,305,182,21,3,511,0,0,0,517
04/26/2008,ANC,AK,AAL,WE,Towers with Radar,310,155,20,9,494,0,2,9,0,11,310,160,29,9,508,0,0,0,515
04/27/2008,ANC,AK,AAL,WE,Towers with Radar,279,115,9,0,403,0,14,40,0,54,280,131,49,0,460,12,0,12,487
04/28/2008,ANC,AK,AAL,WE,Towers with Radar,291,164,15,2,472,0,30,126,7,163,292,197,141,9,639,6,0,6,668
04/29/2008,ANC,AK,AAL,WE,Towers with Radar,328,160,25,12,525,0,53,149,8,210,330,216,174,20,740,16,0,16,781
04/30/2008,ANC,AK,AAL,WE,Towers with Radar,323,193,34,14,564,0,20,90,10,120,324,216,124,24,688,4,0,4,725
05/01/2008,ANC,AK,AAL,WE,Towers with Radar,334,172,22,13,541,0,36,160,9,205,337,209,182,22,750,68,0,68,836
05/02/2008,ANC,AK,AAL,WE,Towers with Radar,306,189,28,8,531,0,23,171,5,199,307,213,199,13,732,58,0,58,809
05/03/2008,ANC,AK,AAL,WE,Towers with Radar,284,146,10,9,449,0,25,163,2,190,287,171,173,11,642,0,0,0,652
05/04/2008,ANC,AK,AAL,WE,Towers with Radar,234,113,21,6,374,0,12,211,6,229,234,126,232,12,604,22,0,22,634
05/05/2008,ANC,AK,AAL,WE,Towers with Radar,276,168,37,9,490,0,28,184,6,218,276,198,221,15,710,8,0,8,724
05/06/2008,ANC,AK,AAL,WE,Towers with Radar,289,175,22,8,494,2,36,196,8,242,291,215,218,16,740,20,0,20,781
05/07/2008,ANC,AK,AAL,WE,Towers with Radar,325,183,29,10,547,0,47,187,9,243,325,232,216,19,792,28,0,28,836
05/08/2008,ANC,AK,AAL,WE,Towers with Radar,348,186,37,12,583,0,32,168,13,213,348,219,205,25,797,32,0,32,854
05/09/2008,ANC,AK,AAL,WE,Towers with Radar,344,200,31,10,585,0,33,224,2,259,345,234,255,12,846,38,0,38,900
05/10/2008,ANC,AK,AAL,WE,Towers with Radar,329,119,17,8,473,0,42,334,9,385,329,161,351,17,858,58,0,58,946
05/11/2008,ANC,AK,AAL,WE,Towers with Radar,272,110,11,0,393,0,11,145,0,156,272,123,156,0,551,10,0,10,568
05/12/2008,ANC,AK,AAL,WE,Towers with Radar,290,176,14,2,482,1,18,82,4,105,291,195,96,6,588,24,0,24,629
05/13/2008,ANC,AK,AAL,WE,Towers with Radar,308,185,24,6,523,1,27,128,5,161,309,214,152,11,686,14,0,14,723
05/14/2008,ANC,AK,AAL,WE,Towers with Radar,333,186,20,7,546,0,41,169,13,223,334,228,189,20,771,46,0,46,833
05/15/2008,ANC,AK,AAL,WE,Towers with Radar,366,214,35,10,625,0,57,146,6,209,366,273,181,16,836,20,0,20,870
05/16/2008,ANC,AK,AAL,WE,Towers with Radar,344,198,20,9,571,0,60,246,4,310,347,261,266,13,887,38,0,38,941
05/17/2008,ANC,AK,AAL,WE,Towers with Radar,335,124,23,9,491,2,59,378,1,440,337,186,401,10,934,38,0,38,1002
05/18/2008,ANC,AK,AAL,WE,Towers with Radar,275,121,19,2,417,0,36,318,0,354,275,158,337,2,772,8,0,8,802
05/19/2008,ANC,AK,AAL,WE,Towers with Radar,285,171,21,6,483,0,51,270,7,328,287,225,291,13,816,24,0,24,865
05/20/2008,ANC,AK,AAL,WE,Towers with Radar,330,158,20,13,521,1,99,348,5,453,331,257,368,18,974,26,0,26,1025
05/21/2008,ANC,AK,AAL,WE,Towers with Radar,345,180,28,8,561,0,95,261,11,367,345,277,289,19,930,52,0,52,1026
05/22/2008,ANC,AK,AAL,WE,Towers with Radar,362,187,22,5,576,1,95,307,9,412,365,283,329,14,991,50,0,50,1071
05/23/2008,ANC,AK,AAL,WE,Towers with Radar,380,207,23,5,615,1,51,179,2,233,381,260,202,7,850,8,0,8,878
05/24/2008,ANC,AK,AAL,WE,Towers with Radar,363,167,23,5,558,0,38,217,2,257,364,206,240,7,817,20,0,20,852
05/25/2008,ANC,AK,AAL,WE,Towers with Radar,300,117,15,3,435,0,64,315,2,381,300,181,330,5,816,39,0,39,874
05/26/2008,ANC,AK,AAL,WE,Towers with Radar,282,130,26,0,438,0,93,468,2,563,282,223,494,2,1001,8,2,10,1044
05/27/2008,ANC,AK,AAL,WE,Towers with Radar,323,170,24,5,522,4,75,351,12,442,327,245,375,17,964,18,0,18,1001
05/28/2008,ANC,AK,AAL,WE,Towers with Radar,340,172,26,6,544,0,113,371,13,497,343,287,397,19,1046,52,0,52,1122
05/29/2008,ANC,AK,AAL,WE,Towers with Radar,371,175,23,11,580,0,99,382,19,500,373,275,405,30,1083,44,0,44,1151
05/30/2008,ANC,AK,AAL,WE,Towers with Radar,361,201,27,5,594,1,125,425,5,556,363,328,452,10,1153,32,0,32,1221
05/31/2008,ANC,AK,AAL,WE,Towers with Radar,371,170,16,8,565,0,91,268,4,363,373,264,284,12,933,4,0,4,973
06/01/2008,ANC,AK,AAL,WE,Towers with Radar,305,141,27,3,476,0,66,343,2,411,305,208,370,5,888,22,0,22,943
06/02/2008,ANC,AK,AAL,WE,Towers with Radar,293,213,20,3,529,1,68,277,11,357,294,283,297,14,888,2,0,2,944
06/03/2008,ANC,AK,AAL,WE,Towers with Radar,343,221,25,8,597,0,65,266,11,342,344,290,291,19,944,18,0,18,987
06/04/2008,ANC,AK,AAL,WE,Towers with Radar,345,222,20,5,592,1,89,268,15,373,347,314,288,20,969,4,0,4,1004
06/05/2008,ANC,AK,AAL,WE,Towers with Radar,381,227,17,9,634,0,93,334,14,441,381,325,351,23,1080,10,0,10,1116
06/06/2008,ANC,AK,AAL,WE,Towers with Radar,385,236,34,11,666,0,104,411,5,520,386,341,445,16,1188,6,0,6,1230
06/07/2008,ANC,AK,AAL,WE,Towers with Radar,345,159,32,11,547,1,99,330,1,431,346,259,362,12,979,12,0,12,1006
06/08/2008,ANC,AK,AAL,WE,Towers with Radar,299,160,21,7,487,0,80,357,14,451,299,240,378,21,938,2,0,2,960
06/09/2008,ANC,AK,AAL,WE,Towers with Radar,301,218,17,1,537,1,108,431,10,550,305,326,448,11,1090,8,0,8,1128
06/10/2008,ANC,AK,AAL,WE,Towers with Radar,351,224,21,5,601,2,93,356,13,464,353,318,377,18,1066,28,0,28,1129
06/11/2008,ANC,AK,AAL,WE,Towers with Radar,372,219,12,7,610,0,132,260,11,403,374,351,272,18,1015,2,0,2,1041
06/12/2008,ANC,AK,AAL,WE,Towers with Radar,410,241,15,13,679,0,114,324,13,451,411,356,339,26,1132,42,0,42,1215
06/13/2008,ANC,AK,AAL,WE,Towers with Radar,397,218,33,12,660,0,163,404,3,570,398,384,437,15,1234,16,2,18,1306
06/14/2008,ANC,AK,AAL,WE,Towers with Radar,382,195,35,9,621,0,143,305,4,452,382,338,340,13,1073,14,0,14,1120
06/15/2008,ANC,AK,AAL,WE,Towers with Radar,317,158,22,1,498,0,95,352,1,448,317,253,374,2,946,12,0,12,991
06/16/2008,ANC,AK,AAL,WE,Towers with Radar,328,225,34,6,593,0,100,369,9,478,328,327,403,15,1073,10,0,10,1122
06/17/2008,ANC,AK,AAL,WE,Towers with Radar,374,229,22,9,634,0,129,416,12,557,374,360,438,21,1193,12,0,12,1237
06/18/2008,ANC,AK,AAL,WE,Towers with Radar,389,229,31,8,657,1,144,383,15,543,391,374,414,23,1202,8,0,8,1226
06/19/2008,ANC,AK,AAL,WE,Towers with Radar,389,212,29,14,644,0,142,370,9,521,389,354,399,23,1165,20,0,20,1225
06/20/2008,ANC,AK,AAL,WE,Towers with Radar,403,254,31,6,694,0,165,469,8,642,404,421,500,14,1339,40,0,40,1407
06/21/2008,ANC,AK,AAL,WE,Towers with Radar,388,202,40,3,633,1,129,313,0,443,389,331,353,3,1076,40,0,40,1140
06/22/2008,ANC,AK,AAL,WE,Towers with Radar,332,213,20,6,571,0,110,226,0,336,334,324,246,6,910,0,0,0,924
06/23/2008,ANC,AK,AAL,WE,Towers with Radar,317,237,27,1,582,0,137,334,13,484,317,377,361,14,1069,6,0,6,1126
06/24/2008,ANC,AK,AAL,WE,Towers with Radar,362,227,42,11,642,4,142,295,13,454,369,372,337,24,1102,6,0,6,1144
06/25/2008,ANC,AK,AAL,WE,Towers with Radar,375,235,24,14,648,0,166,274,17,457,376,401,298,31,1106,26,0,26,1174
06/26/2008,ANC,AK,AAL,WE,Towers with Radar,401,221,42,7,671,0,151,320,9,480,402,374,362,16,1154,14,0,14,1218
06/27/2008,ANC,AK,AAL,WE,Towers with Radar,397,244,29,5,675,0,157,372,2,531,398,401,401,7,1207,24,0,24,1260
06/28/2008,ANC,AK,AAL,WE,Towers with Radar,389,196,37,7,629,0,124,220,1,345,389,321,257,8,975,12,0,12,1023
06/29/2008,ANC,AK,AAL,WE,Towers with Radar,335,168,30,2,535,0,142,310,1,453,335,310,340,3,988,12,0,12,1026
06/30/2008,ANC,AK,AAL,WE,Towers with Radar,334,224,27,2,587,0,163,380,13,556,334,389,407,15,1145,0,0,0,1188
07/01/2008,ANC,AK,AAL,WE,Towers with Radar,374,190,24,7,595,0,154,488,14,656,374,344,512,21,1251,10,0,10,1261
07/02/2008,ANC,AK,AAL,WE,Towers with Radar,388,206,24,6,624,2,179,410,15,606,390,385,434,21,1230,5,0,5,1235
07/03/2008,ANC,AK,AAL,WE,Towers with Radar,397,218,31,5,651,0,147,440,11,598,397,365,471,16,1249,8,0,8,1257
07/04/2008,ANC,AK,AAL,WE,Towers with Radar,376,142,14,3,535,0,144,365,4,513,376,286,379,7,1048,64,0,64,1112
07/05/2008,ANC,AK,AAL,WE,Towers with Radar,385,175,23,6,589,0,135,349,0,484,385,310,372,6,1073,0,0,0,1073
07/06/2008,ANC,AK,AAL,WE,Towers with Radar,334,154,34,3,525,1,128,403,2,534,335,282,437,5,1059,12,0,12,1071
07/07/2008,ANC,AK,AAL,WE,Towers with Radar,328,234,50,21,633,0,103,231,9,343,328,337,281,30,976,12,0,12,988
07/08/2008,ANC,AK,AAL,WE,Towers with Radar,360,224,45,23,652,0,95,250,8,353,360,319,295,31,1005,4,0,4,1009
07/09/2008,ANC,AK,AAL,WE,Towers with Radar,381,247,27,14,669,0,118,250,9,377,381,365,277,23,1046,6,0,6,1052
07/10/2008,ANC,AK,AAL,WE,Towers with Radar,397,240,34,24,695,1,116,359,15,491,398,356,393,39,1186,8,0,8,1194
07/11/2008,ANC,AK,AAL,WE,Towers with Radar,420,245,42,14,721,0,107,299,2,408,420,352,341,16,1129,20,0,20,1149
07/12/2008,ANC,AK,AAL,WE,Towers with Radar,382,179,23,10,594,3,124,434,3,564,385,303,457,13,1158,2,0,2,1160
07/13/2008,ANC,AK,AAL,WE,Towers with Radar,320,178,25,5,528,0,111,250,0,361,320,289,275,5,889,0,0,0,889
07/14/2008,ANC,AK,AAL,WE,Towers with Radar,333,233,31,18,615,2,105,240,8,355,335,338,271,26,970,0,0,0,970
07/15/2008,ANC,AK,AAL,WE,Towers with Radar,382,246,51,17,696,0,99,269,11,379,382,345,320,28,1075,8,0,8,1083
07/16/2008,ANC,AK,AAL,WE,Towers with Radar,347,254,35,12,648,0,120,213,14,347,347,374,248,26,995,42,0,42,1037
07/17/2008,ANC,AK,AAL,WE,Towers with Radar,411,256,47,17,731,0,82,143,4,229,411,338,190,21,960,6,0,6,966
07/18/2008,ANC,AK,AAL,WE,Towers with Radar,396,273,47,12,728,0,105,218,1,324,396,378,265,13,1052,18,0,18,1070
07/19/2008,ANC,AK,AAL,WE,Towers with Radar,386,212,47,9,654,0,106,399,5,510,386,318,446,14,1164,4,0,4,1168
07/20/2008,ANC,AK,AAL,WE,Towers with Radar,309,182,18,1,510,0,114,345,2,461,309,296,363,3,971,18,0,18,989
07/21/2008,ANC,AK,AAL,WE,Towers with Radar,316,272,49,11,648,0,109,170,4,283,316,381,219,15,931,0,0,0,931
07/22/2008,ANC,AK,AAL,WE,Towers with Radar,358,267,40,11,676,1,77,219,12,309,359,344,259,23,985,0,0,0,985
07/23/2008,ANC,AK,AAL,WE,Towers with Radar,265,198,29,16,508,0,79,118,0,197,265,277,147,16,705,30,0,30,735
07/24/2008,ANC,AK,AAL,WE,Towers with Radar,394,279,47,13,733,0,108,190,9,307,394,387,237,22,1040,16,0,16,1056
07/25/2008,ANC,AK,AAL,WE,Towers with Radar,401,246,40,7,694,0,159,498,9,666,401,405,538,16,1360,18,0,18,1378
07/26/2008,ANC,AK,AAL,WE,Towers with Radar,385,216,46,13,660,0,128,202,5,335,385,344,248,18,995,2,0,2,997
07/27/2008,ANC,AK,AAL,WE,Towers with Radar,305,199,23,11,538,0,124,328,3,455,305,323,351,14,993,8,0,8,1001
07/28/2008,ANC,AK,AAL,WE,Towers with Radar,326,206,30,12,574,0,98,228,10,336,326,304,258,22,910,12,0,12,922
07/29/2008,ANC,AK,AAL,WE,Towers with Radar,368,233,44,11,656,1,145,426,13,585,369,378,470,24,1241,10,0,10,1251
07/30/2008,ANC,AK,AAL,WE,Towers with Radar,378,230,35,12,655,0,122,345,23,490,378,352,380,35,1145,20,0,20,1165
07/31/2008,ANC,AK,AAL,WE,Towers with Radar,383,206,27,17,633,1,127,318,16,462,384,333,345,33,1095,28,0,28,1123
08/01/2008,ANC,AK,AAL,WE,Towers with Radar,394,246,39,11,690,0,136,423,0,559,394,382,462,11,1249,0,0,0,1249
08/02/2008,ANC,AK,AAL,WE,Towers with Radar,390,328,364,16,1098,0,126,327,0,453,390,454,691,16,1551,20,0,20,1571
08/03/2008,ANC,AK,AAL,WE,Towers with Radar,332,178,41,9,560,0,129,379,0,508,332,307,420,9,1068,16,0,16,1084
08/04/2008,ANC,AK,AAL,WE,Towers with Radar,325,204,47,10,586,0,104,224,12,340,325,308,271,22,926,8,0,8,934
08/05/2008,ANC,AK,AAL,WE,Towers with Radar,375,235,54,26,690,1,112,235,17,365,376,347,289,43,1055,6,0,6,1061
08/06/2008,ANC,AK,AAL,WE,Towers with Radar,351,228,65,17,661,0,154,438,16,608,351,382,503,33,1269,20,0,20,1289
08/07/2008,ANC,AK,AAL,WE,Towers with Radar,389,215,31,27,662,1,164,335,12,512,390,379,366,39,1174,6,0,6,1180
08/08/2008,ANC,AK,AAL,WE,Towers with Radar,407,206,32,13,658,1,169,414,9,593,408,375,446,22,1251,24,0,24,1275
08/09/2008,ANC,AK,AAL,WE,Towers with Radar,377,188,44,12,621,2,141,340,3,486,379,329,384,15,1107,2,0,2,1109
08/10/2008,ANC,AK,AAL,WE,Towers with Radar,290,149,29,5,473,0,129,454,12,595,290,278,483,17,1068,2,0,2,1070
08/11/2008,ANC,AK,AAL,WE,Towers with Radar,280,190,37,4,511,0,112,355,14,481,280,302,392,18,992,2,0,2,994
08/12/2008,ANC,AK,AAL,WE,Towers with Radar,364,216,42,7,629,0,117,308,14,439,364,333,350,21,1068,6,0,6,1074
08/13/2008,ANC,AK,AAL,WE,Towers with Radar,369,218,33,14,634,1,108,271,14,394,370,326,304,28,1028,20,0,20,1048
08/14/2008,ANC,AK,AAL,WE,Towers with Radar,391,197,43,13,644,0,125,258,11,394,391,322,301,24,1038,32,0,32,1070
08/15/2008,ANC,AK,AAL,WE,Towers with Radar,374,223,53,9,659,0,103,270,2,375,374,326,323,11,1034,2,0,2,1036
08/16/2008,ANC,AK,AAL,WE,Towers with Radar,382,173,48,6,609,1,120,357,1,479,383,293,405,7,1088,64,0,64,1152
08/17/2008,ANC,AK,AAL,WE,Towers with Radar,313,142,42,2,499,2,106,405,0,513,315,248,447,2,1012,26,0,26,1038
08/18/2008,ANC,AK,AAL,WE,Towers with Radar,318,192,49,6,565,0,117,393,13,523,318,309,442,19,1088,30,0,30,1118
08/19/2008,ANC,AK,AAL,WE,Towers with Radar,354,199,25,12,590,3,121,353,15,492,357,320,378,27,1082,0,0,0,1082
08/20/2008,ANC,AK,AAL,WE,Towers with Radar,363,209,38,13,623,0,112,383,17,512,363,321,421,30,1135,14,0,14,1149
08/21/2008,ANC,AK,AAL,WE,Towers with Radar,382,215,41,19,657,1,144,258,13,416,383,359,299,32,1073,6,0,6,1079
08/22/2008,ANC,AK,AAL,WE,Towers with Radar,356,239,42,17,654,1,100,331,2,434,357,339,373,19,1088,28,0,28,1116
08/23/2008,ANC,AK,AAL,WE,Towers with Radar,369,181,29,8,587,0,107,371,0,478,369,288,400,8,1065,10,0,10,1075
08/24/2008,ANC,AK,AAL,WE,Towers with Radar,313,170,41,1,525,0,82,401,2,485,313,252,442,3,1010,2,0,2,1012
08/25/2008,ANC,AK,AAL,WE,Towers with Radar,306,208,55,8,577,0,97,221,14,332,306,305,276,22,909,0,0,0,909
08/26/2008,ANC,AK,AAL,WE,Towers with Radar,327,212,39,9,587,0,80,269,16,365,327,292,308,25,952,2,0,2,954
08/27/2008,ANC,AK,AAL,WE,Towers with Radar,357,229,31,12,629,2,134,288,12,436,359,363,319,24,1065,48,0,48,1113
08/28/2008,ANC,AK,AAL,WE,Towers with Radar,382,213,37,10,642,2,98,264,16,380,384,311,301,26,1022,11,0,11,1033
08/29/2008,ANC,AK,AAL,WE,Towers with Radar,389,228,44,8,669,0,92,396,0,488,389,320,440,8,1157,5,0,5,1162
08/30/2008,ANC,AK,AAL,WE,Towers with Radar,348,164,15,12,539,2,128,496,4,630,350,292,511,16,1169,6,0,6,1175
08/31/2008,ANC,AK,AAL,WE,Towers with Radar,296,138,30,2,466,1,111,377,4,493,297,249,407,6,959,14,0,14,973
09/01/2008,ANC,AK,AAL,WE,Towers with Radar,288,173,19,4,484,0,91,418,2,511,288,264,437,6,995,4,0,4,999
09/02/2008,ANC,AK,AAL,WE,Towers with Radar,332,196,22,9,559,1,104,259,11,375,333,300,281,20,934,18,0,18,952
09/03/2008,ANC,AK,AAL,WE,Towers with Radar,349,213,17,10,589,0,74,173,12,259,349,287,190,22,848,8,0,8,856
09/04/2008,ANC,AK,AAL,WE,Towers with Radar,376,215,19,11,621,1,67,228,8,304,377,282,247,19,925,8,0,8,933
09/05/2008,ANC,AK,AAL,WE,Towers with Radar,365,233,33,13,644,0,63,223,1,287,365,296,256,14,931,4,0,4,935
09/06/2008,ANC,AK,AAL,WE,Towers with Radar,338,153,22,8,521,0,87,336,3,426,338,240,358,11,947,36,0,36,983
09/07/2008,ANC,AK,AAL,WE,Towers with Radar,285,163,28,4,480,0,55,263,5,323,285,218,291,9,803,40,0,40,843
09/08/2008,ANC,AK,AAL,WE,Towers with Radar,303,213,16,8,540,1,71,151,6,229,304,284,167,14,769,0,0,0,769
09/09/2008,ANC,AK,AAL,WE,Towers with Radar,320,216,25,16,577,0,52,140,8,200,320,268,165,24,777,0,0,0,777
09/10/2008,ANC,AK,AAL,WE,Towers with Radar,341,252,27,20,640,1,49,154,4,208,342,301,181,24,848,12,0,12,860
09/11/2008,ANC,AK,AAL,WE,Towers with Radar,374,227,36,12,649,0,49,161,15,225,374,276,197,27,874,0,0,0,874
09/12/2008,ANC,AK,AAL,WE,Towers with Radar,337,219,40,4,600,6,53,171,0,230,343,272,211,4,830,24,0,24,854
09/13/2008,ANC,AK,AAL,WE,Towers with Radar,330,149,22,5,506,0,59,201,2,262,330,208,223,7,768,4,0,4,772
09/14/2008,ANC,AK,AAL,WE,Towers with Radar,265,137,36,4,442,0,62,240,2,304,265,199,276,6,746,2,0,2,748
09/15/2008,ANC,AK,AAL,WE,Towers with Radar,282,193,36,9,520,0,43,243,6,292,282,236,279,15,812,6,0,6,818
09/16/2008,ANC,AK,AAL,WE,Towers with Radar,307,213,37,11,568,0,20,52,0,72,307,233,89,11,640,0,0,0,640
09/17/2008,ANC,AK,AAL,WE,Towers with Radar,335,215,37,10,597,0,57,225,12,294,335,272,262,22,891,0,0,0,891
09/18/2008,ANC,AK,AAL,WE,Towers with Radar,360,196,21,9,586,9,50,130,9,198,369,246,151,18,784,0,0,0,784
09/19/2008,ANC,AK,AAL,WE,Towers with Radar,360,207,34,5,606,1,47,265,5,318,361,254,299,10,924,2,0,2,926
09/20/2008,ANC,AK,AAL,WE,Towers with Radar,328,160,29,7,524,1,37,247,0,285,329,197,276,7,809,24,0,24,833
09/21/2008,ANC,AK,AAL,WE,Towers with Radar,262,141,22,1,426,0,95,288,0,383,262,236,310,1,809,4,0,4,813
09/22/2008,ANC,AK,AAL,WE,Towers with Radar,294,195,20,6,515,1,66,265,8,340,295,261,285,14,855,0,0,0,855
09/23/2008,ANC,AK,AAL,WE,Towers with Radar,314,194,30,8,546,0,58,163,11,232,314,252,193,19,778,22,0,22,800
09/24/2008,ANC,AK,AAL,WE,Towers with Radar,328,214,23,7,572,0,50,171,11,232,328,264,194,18,804,38,0,38,842
09/25/2008,ANC,AK,AAL,WE,Towers with Radar,361,210,29,14,614,1,44,133,9,187,362,254,162,23,801,54,0,54,855
09/26/2008,ANC,AK,AAL,WE,Towers with Radar,345,197,19,7,568,0,61,343,6,410,345,258,362,13,978,6,0,6,984
09/27/2008,ANC,AK,AAL,WE,Towers with Radar,319,140,23,8,490,1,42,325,1,369,320,182,348,9,859,12,0,12,871
09/28/2008,ANC,AK,AAL,WE,Towers with Radar,264,120,17,4,405,0,66,403,0,469,264,186,420,4,874,10,0,10,884
09/29/2008,ANC,AK,AAL,WE,Towers with Radar,292,156,16,3,467,2,63,228,11,304,294,219,244,14,771,22,0,22,793
09/30/2008,ANC,AK,AAL,WE,Towers with Radar,326,188,15,10,539,1,31,210,9,251,327,219,225,19,790,20,0,20,810
10/01/2008,ANC,AK,AAL,WE,Towers with Radar,318,173,19,4,514,0,48,223,4,275,318,221,242,8,789,40,0,40,829
10/02/2008,ANC,AK,AAL,WE,Towers with Radar,322,177,20,5,524,1,47,204,0,252,323,224,224,5,776,48,0,48,824
10/03/2008,ANC,AK,AAL,WE,Towers with Radar,317,221,25,5,568,0,31,146,0,177,317,252,171,5,745,6,0,6,751
10/04/2008,ANC,AK,AAL,WE,Towers with Radar,289,158,24,7,478,0,26,130,4,160,289,184,154,11,638,0,0,0,638
10/05/2008,ANC,AK,AAL,WE,Towers with Radar,225,138,13,10,386,0,36,165,9,210,225,174,178,19,596,18,0,18,614
10/06/2008,ANC,AK,AAL,WE,Towers with Radar,234,198,16,12,460,2,15,78,1,96,236,213,94,13,556,0,0,0,556
10/07/2008,ANC,AK,AAL,WE,Towers with Radar,284,195,27,12,518,0,14,69,12,95,284,209,96,24,613,0,0,0,613
10/08/2008,ANC,AK,AAL,WE,Towers with Radar,315,196,26,7,544,0,31,227,12,270,315,227,253,19,814,6,0,6,820
10/09/2008,ANC,AK,AAL,WE,Towers with Radar,328,184,19,10,541,0,4,15,0,19,328,188,34,10,560,0,0,0,560
10/10/2008,ANC,AK,AAL,WE,Towers with Radar,301,174,20,7,502,0,10,26,3,39,301,184,46,10,541,0,0,0,541
10/11/2008,ANC,AK,AAL,WE,Towers with Radar,314,132,12,6,464,0,24,141,0,165,314,156,153,6,629,46,0,46,675
10/12/2008,ANC,AK,AAL,WE,Towers with Radar,282,143,19,3,447,0,0,0,0,0,282,143,19,3,447,0,0,0,447
10/13/2008,ANC,AK,AAL,WE,Towers with Radar,263,169,20,3,455,0,29,182,3,214,263,198,202,6,669,20,0,20,689
10/14/2008,ANC,AK,AAL,WE,Towers with Radar,299,187,24,10,520,0,1,3,0,4,299,188,27,10,524,0,0,0,524
10/15/2008,ANC,AK,AAL,WE,Towers with Radar,330,218,37,12,597,0,0,8,2,10,330,218,45,14,607,0,0,0,607
10/16/2008,ANC,AK,AAL,WE,Towers with Radar,352,214,35,9,610,0,7,33,3,43,352,221,68,12,653,0,0,0,653
10/17/2008,ANC,AK,AAL,WE,Towers with Radar,328,181,28,6,543,0,39,153,3,195,328,220,181,9,738,22,0,22,760
10/18/2008,ANC,AK,AAL,WE,Towers with Radar,313,144,37,11,505,0,11,123,3,137,313,155,160,14,642,6,0,6,648
10/19/2008,ANC,AK,AAL,WE,Towers with Radar,274,99,15,4,392,0,9,127,3,139,274,108,142,7,531,14,0,14,545
10/20/2008,ANC,AK,AAL,WE,Towers with Radar,276,165,22,16,479,0,45,109,11,165,276,210,131,27,644,22,0,22,666
10/21/2008,ANC,AK,AAL,WE,Towers with Radar,311,196,15,10,532,0,10,83,7,100,311,206,98,17,632,4,0,4,636
10/22/2008,ANC,AK,AAL,WE,Towers with Radar,335,195,21,13,564,0,14,85,5,104,335,209,106,18,668,18,0,18,686
10/23/2008,ANC,AK,AAL,WE,Towers with Radar,349,199,21,5,574,2,12,59,2,75,351,211,80,7,649,0,0,0,649
10/24/2008,ANC,AK,AAL,WE,Towers with Radar,337,194,15,9,555,1,8,66,4,79,338,202,81,13,634,4,0,4,638
10/25/2008,ANC,AK,AAL,WE,Towers with Radar,289,144,10,12,455,0,6,66,0,72,289,150,76,12,527,82,0,82,609
10/26/2008,ANC,AK,AAL,WE,Towers with Radar,269,128,16,5,418,0,8,73,1,82,269,136,89,6,500,48,0,48,548
10/27/2008,ANC,AK,AAL,WE,Towers with Radar,276,162,18,11,467,0,20,104,6,130,276,182,122,17,597,38,0,38,635
10/28/2008,ANC,AK,AAL,WE,Towers with Radar,310,159,16,9,494,1,26,112,11,150,311,185,128,20,644,18,0,18,662
10/29/2008,ANC,AK,AAL,WE,Towers with Radar,330,166,20,6,522,1,43,98,7,149,331,209,118,13,671,28,0,28,699
10/30/2008,ANC,AK,AAL,WE,Towers with Radar,351,155,28,10,544,0,29,98,10,137,351,184,126,20,681,24,0,24,705
10/31/2008,ANC,AK,AAL,WE,Towers with Radar,332,177,23,11,543,0,17,103,1,121,332,194,126,12,664,10,0,10,674
11/01/2008,ANC,AK,AAL,WE,Towers with Radar,300,144,28,7,479,0,11,85,0,96,300,155,113,7,575,20,0,20,595
11/02/2008,ANC,AK,AAL,WE,Towers with Radar,260,126,25,2,413,0,5,50,1,56,260,131,75,3,469,55,0,55,524
11/03/2008,ANC,AK,AAL,WE,Towers with Radar,272,182,19,4,477,0,9,27,6,42,272,191,46,10,519,4,0,4,523
11/04/2008,ANC,AK,AAL,WE,Towers with Radar,307,180,16,8,511,0,19,77,10,106,307,199,93,18,617,34,0,34,651
11/05/2008,ANC,AK,AAL,WE,Towers with Radar,318,189,22,11,540,0,21,46,7,74,318,210,68,18,614,16,0,16,630
11/06/2008,ANC,AK,AAL,WE,Towers with Radar,343,149,20,10,522,0,32,76,11,119,343,181,96,21,641,44,0,44,685
11/07/2008,ANC,AK,AAL,WE,Towers with Radar,320,185,25,6,536,0,11,99,2,112,320,196,124,8,648,4,0,4,652
11/08/2008,ANC,AK,AAL,WE,Towers with Radar,301,107,11,10,429,0,16,142,4,162,301,123,153,14,591,44,0,44,635
11/09/2008,ANC,AK,AAL,WE,Towers with Radar,236,118,13,2,369,0,4,58,0,62,236,122,71,2,431,20,0,20,451
11/10/2008,ANC,AK,AAL,WE,Towers with Radar,258,164,18,1,441,0,8,32,4,44,258,172,50,5,485,0,0,0,485
11/11/2008,ANC,AK,AAL,WE,Towers with Radar,279,175,25,3,482,0,0,29,0,29,279,175,54,3,511,8,0,8,519
11/12/2008,ANC,AK,AAL,WE,Towers with Radar,314,153,20,5,492,0,22,76,14,112,314,175,96,19,604,0,0,0,604
11/13/2008,ANC,AK,AAL,WE,Towers with Radar,325,153,24,6,508,0,26,84,6,116,325,179,108,12,624,68,0,68,692
11/14/2008,ANC,AK,AAL,WE,Towers with Radar,311,202,22,5,540,0,4,36,0,40,311,206,58,5,580,16,0,16,596
11/15/2008,ANC,AK,AAL,WE,Towers with Radar,304,130,18,10,462,0,14,108,0,122,304,144,126,10,584,24,0,24,608
11/16/2008,ANC,AK,AAL,WE,Towers with Radar,247,141,20,3,411,0,3,27,0,30,247,144,47,3,441,28,0,28,469
11/17/2008,ANC,AK,AAL,WE,Towers with Radar,243,190,46,8,487,0,6,61,4,71,243,196,107,12,558,0,0,0,558
11/18/2008,ANC,AK,AAL,WE,Towers with Radar,279,154,15,7,455,0,25,92,12,129,279,179,107,19,584,18,10,28,612
11/19/2008,ANC,AK,AAL,WE,Towers with Radar,308,140,7,10,465,0,23,78,12,113,308,163,85,22,578,42,0,42,620
11/20/2008,ANC,AK,AAL,WE,Towers with Radar,321,168,24,19,532,0,14,48,12,74,321,182,72,31,606,22,0,22,628
11/21/2008,ANC,AK,AAL,WE,Towers with Radar,301,196,26,4,527,0,15,54,4,73,301,211,80,8,600,6,0,6,606
11/22/2008,ANC,AK,AAL,WE,Towers with Radar,302,144,15,9,470,0,2,12,0,14,302,146,27,9,484,0,0,0,484
11/23/2008,ANC,AK,AAL,WE,Towers with Radar,235,114,14,1,364,0,2,16,0,18,235,116,30,1,382,0,0,0,382
11/24/2008,ANC,AK,AAL,WE,Towers with Radar,236,167,10,2,415,0,8,50,19,77,236,175,60,21,492,0,0,0,492
11/25/2008,ANC,AK,AAL,WE,Towers with Radar,269,183,15,8,475,0,6,42,7,55,269,189,57,15,530,0,0,0,530
11/26/2008,ANC,AK,AAL,WE,Towers with Radar,310,218,14,11,553,0,13,34,11,58,310,231,48,22,611,10,0,10,621
11/27/2008,ANC,AK,AAL,WE,Towers with Radar,244,28,5,0,277,0,10,24,0,34,244,38,29,0,311,20,0,20,331
11/28/2008,ANC,AK,AAL,WE,Towers with Radar,270,174,14,3,461,0,9,75,4,88,270,183,89,7,549,72,0,72,621
11/29/2008,ANC,AK,AAL,WE,Towers with Radar,281,127,7,9,424,0,0,7,0,7,281,127,14,9,431,0,0,0,431
11/30/2008,ANC,AK,AAL,WE,Towers with Radar,217,140,7,2,366,0,0,1,0,1,217,140,8,2,367,0,0,0,367
12/01/2008,ANC,AK,AAL,WE,Towers with Radar,247,151,11,8,417,0,13,48,13,74,247,164,59,21,491,0,0,0,491
12/02/2008,ANC,AK,AAL,WE,Towers with Radar,273,156,24,6,459,0,16,75,11,102,273,172,99,17,561,2,0,2,563
12/03/2008,ANC,AK,AAL,WE,Towers with Radar,299,162,13,13,487,0,16,41,13,70,299,178,54,26,557,0,0,0,557
12/04/2008,ANC,AK,AAL,WE,Towers with Radar,299,174,8,8,489,0,15,68,4,87,299,189,76,12,576,56,0,56,632
12/05/2008,ANC,AK,AAL,WE,Towers with Radar,294,184,30,6,514,0,1,8,0,9,294,185,38,6,523,0,0,0,523
12/06/2008,ANC,AK,AAL,WE,Towers with Radar,285,126,14,14,439,0,4,57,1,62,285,130,71,15,501,18,0,18,519
12/07/2008,ANC,AK,AAL,WE,Towers with Radar,225,126,19,5,375,0,0,0,0,0,225,126,19,5,375,0,0,0,375
12/08/2008,ANC,AK,AAL,WE,Towers with Radar,225,165,13,7,410,0,5,29,1,35,225,170,42,8,445,0,0,0,445
12/09/2008,ANC,AK,AAL,WE,Towers with Radar,249,173,15,6,443,0,3,22,5,30,249,176,37,11,473,0,0,0,473
12/10/2008,ANC,AK,AAL,WE,Towers with Radar,300,176,21,17,514,0,11,29,11,51,300,187,50,28,565,0,0,0,565
12/11/2008,ANC,AK,AAL,WE,Towers with Radar,311,163,23,12,509,0,25,72,8,105,311,188,95,20,614,8,0,8,622
12/12/2008,ANC,AK,AAL,WE,Towers with Radar,287,196,27,8,518,0,0,4,3,7,287,196,31,11,525,0,0,0,525
12/13/2008,ANC,AK,AAL,WE,Towers with Radar,285,140,16,6,447,0,3,29,0,32,285,143,45,6,479,0,0,0,479
12/14/2008,ANC,AK,AAL,WE,Towers with Radar,215,125,15,1,356,0,0,0,0,0,215,125,15,1,356,0,0,0,356
12/15/2008,ANC,AK,AAL,WE,Towers with Radar,224,183,19,6,432,0,2,10,6,18,224,185,29,12,450,0,0,0,450
12/16/2008,ANC,AK,AAL,WE,Towers with Radar,280,179,14,6,479,0,9,76,9,94,280,188,90,15,573,46,0,46,619
12/17/2008,ANC,AK,AAL,WE,Towers with Radar,298,189,19,11,517,0,10,41,13,64,298,199,60,24,581,16,0,16,597
12/18/2008,ANC,AK,AAL,WE,Towers with Radar,306,167,20,7,500,1,20,83,11,115,307,187,103,18,615,2,0,2,617
12/19/2008,ANC,AK,AAL,WE,Towers with Radar,299,187,18,2,506,1,11,82,3,97,300,198,100,5,603,44,0,44,647
12/20/2008,ANC,AK,AAL,WE,Towers with Radar,279,128,15,6,428,0,2,107,0,109,279,130,122,6,537,18,0,18,555
12/21/2008,ANC,AK,AAL,WE,Towers with Radar,201,122,17,8,348,0,1,6,2,9,201,123,23,10,357,0,0,0,357
12/22/2008,ANC,AK,AAL,WE,Towers with Radar,204,184,17,7,412,0,7,13,4,24,204,191,30,11,436,4,0,4,440
12/23/2008,ANC,AK,AAL,WE,Towers with Radar,249,190,18,6,463,0,2,14,2,18,249,192,32,8,481,18,0,18,499
12/24/2008,ANC,AK,AAL,WE,Towers with Radar,275,164,14,3,456,0,6,20,0,26,275,170,34,3,482,0,0,0,482
12/25/2008,ANC,AK,AAL,WE,Towers with Radar,208,25,2,2,237,0,2,2,0,4,208,27,4,2,241,0,0,0,241
12/26/2008,ANC,AK,AAL,WE,Towers with Radar,242,166,7,2,417,0,1,48,2,51,242,167,55,4,468,0,0,0,468
12/27/2008,ANC,AK,AAL,WE,Towers with Radar,231,134,9,4,378,2,2,66,0,70,233,136,75,4,448,8,0,8,456
12/28/2008,ANC,AK,AAL,WE,Towers with Radar,187,110,5,0,302,0,8,86,0,94,187,118,91,0,396,54,0,54,450
12/29/2008,ANC,AK,AAL,WE,Towers with Radar,211,133,3,2,349,0,24,64,10,98,211,157,67,12,447,0,0,0,447
12/30/2008,ANC,AK,AAL,WE,Towers with Radar,229,186,7,11,433,0,12,57,7,76,229,198,64,18,509,0,0,0,509
12/31/2008,ANC,AK,AAL,WE,Towers with Radar,245,178,10,3,436,0,2,20,0,22,245,180,30,3,458,0,0,0,458
01/01/2009,ANC,AK,AAL,WE,Towers with Radar,181,30,4,0,215,0,7,10,0,17,181,37,14,0,232,14,0,14,246
01/02/2009,ANC,AK,AAL,WE,Towers with Radar,202,182,11,4,399,1,12,46,0,59,203,194,57,4,458,0,0,0,458
01/03/2009,ANC,AK,AAL,WE,Towers with Radar,204,129,11,4,348,0,0,14,0,14,204,129,25,4,362,0,0,0,362
01/04/2009,ANC,AK,AAL,WE,Towers with Radar,164,123,17,1,305,0,15,42,2,59,164,138,59,3,364,0,0,0,364
01/05/2009,ANC,AK,AAL,WE,Towers with Radar,194,163,4,2,363,4,14,39,9,66,198,177,43,11,429,0,0,0,429
01/06/2009,ANC,AK,AAL,WE,Towers with Radar,234,158,11,8,411,0,17,57,10,84,234,175,68,18,495,10,0,10,505
01/07/2009,ANC,AK,AAL,WE,Towers with Radar,245,162,25,5,437,2,26,48,13,89,247,188,73,18,526,14,0,14,540
01/08/2009,ANC,AK,AAL,WE,Towers with Radar,283,155,14,8,460,1,17,54,11,83,284,172,68,19,543,0,0,0,543
01/09/2009,ANC,AK,AAL,WE,Towers with Radar,256,181,10,7,454,0,19,53,2,74,256,200,63,9,528,10,0,10,538
01/10/2009,ANC,AK,AAL,WE,Towers with Radar,255,119,8,4,386,0,7,43,0,50,255,126,51,4,436,0,0,0,436
01/11/2009,ANC,AK,AAL,WE,Towers with Radar,204,124,6,3,337,0,10,50,2,62,204,134,56,5,399,48,0,48,447
01/12/2009,ANC,AK,AAL,WE,Towers with Radar,199,187,13,3,402,0,5,61,7,73,199,192,74,10,475,0,0,0,475
01/13/2009,ANC,AK,AAL,WE,Towers with Radar,240,180,16,9,445,0,4,2,3,9,240,184,18,12,454,0,0,0,454
01/14/2009,ANC,AK,AAL,WE,Towers with Radar,268,175,23,3,469,0,3,8,0,11,268,178,31,3,480,0,0,0,480
01/15/2009,ANC,AK,AAL,WE,Towers with Radar,285,167,16,4,472,1,20,29,1,51,286,187,45,5,523,0,0,0,523
01/16/2009,ANC,AK,AAL,WE,Towers with Radar,258,132,18,4,412,0,2,16,0,18,258,134,34,4,430,0,0,0,430
01/17/2009,ANC,AK,AAL,WE,Towers with Radar,258,140,17,6,421,0,8,77,2,87,258,148,94,8,508,18,0,18,526
01/18/2009,ANC,AK,AAL,WE,Towers with Radar,220,138,13,6,377,0,4,46,2,52,220,142,59,8,429,64,0,64,493
01/19/2009,ANC,AK,AAL,WE,Towers with Radar,230,172,6,4,412,0,12,35,4,51,230,184,41,8,463,0,0,0,463
01/20/2009,ANC,AK,AAL,WE,Towers with Radar,247,187,20,13,467,0,7,30,3,40,247,194,50,16,507,0,0,0,507
01/21/2009,ANC,AK,AAL,WE,Towers with Radar,282,169,20,7,478,2,39,87,16,144,284,208,107,23,622,0,0,0,622
01/22/2009,ANC,AK,AAL,WE,Towers with Radar,306,152,21,11,490,0,21,103,8,132,306,173,124,19,622,0,0,0,622
01/23/2009,ANC,AK,AAL,WE,Towers with Radar,295,175,18,5,493,0,12,51,1,64,295,187,69,6,557,4,0,4,561
01/24/2009,ANC,AK,AAL,WE,Towers with Radar,262,139,9,8,418,0,3,26,0,29,262,142,35,8,447,4,0,4,451
01/25/2009,ANC,AK,AAL,WE,Towers with Radar,231,120,22,6,379,0,9,62,1,72,231,129,84,7,451,12,0,12,463
01/26/2009,ANC,AK,AAL,WE,Towers with Radar,214,156,11,6,387,1,24,97,14,136,215,180,108,20,523,0,0,0,523
01/27/2009,ANC,AK,AAL,WE,Towers with Radar,204,174,19,9,406,0,13,50,10,73,204,187,69,19,479,6,0,6,485
01/28/2009,ANC,AK,AAL,WE,Towers with Radar,222,179,16,13,430,0,2,6,0,8,222,181,22,13,438,0,0,0,438
01/29/2009,ANC,AK,AAL,WE,Towers with Radar,221,186,19,16,442,0,6,28,4,38,221,192,47,20,480,0,0,0,480
01/30/2009,ANC,AK,AAL,WE,Towers with Radar,211,185,19,4,419,0,0,0,0,0,211,185,19,4,419,0,0,0,419
01/31/2009,ANC,AK,AAL,WE,Towers with Radar,206,131,4,7,348,0,16,56,0,72,206,147,60,7,420,0,0,0,420
02/01/2009,ANC,AK,AAL,WE,Towers with Radar,149,102,5,2,258,0,8,80,3,91,149,110,85,5,349,16,0,16,365
02/02/2009,ANC,AK,AAL,WE,Towers with Radar,180,160,15,10,365,1,3,50,3,57,181,163,65,13,422,22,0,22,444
02/03/2009,ANC,AK,AAL,WE,Towers with Radar,217,162,16,7,402,0,26,68,10,104,217,188,84,17,506,4,0,4,510
02/04/2009,ANC,AK,AAL,WE,Towers with Radar,228,165,12,3,408,0,7,30,9,46,228,172,42,12,454,2,0,2,456
02/05/2009,ANC,AK,AAL,WE,Towers with Radar,256,178,6,10,450,0,5,38,3,46,256,183,44,13,496,6,0,6,502
02/06/2009,ANC,AK,AAL,WE,Towers with Radar,262,197,26,10,495,0,6,81,2,89,262,203,107,12,584,18,0,18,602
02/07/2009,ANC,AK,AAL,WE,Towers with Radar,245,118,8,11,382,0,10,78,2,90,245,128,86,13,472,38,0,38,510
02/08/2009,ANC,AK,AAL,WE,Towers with Radar,199,112,19,6,336,0,7,85,2,94,199,119,104,8,430,24,0,24,454
02/09/2009,ANC,AK,AAL,WE,Towers with Radar,203,177,15,11,406,0,2,28,15,45,203,179,43,26,451,0,0,0,451
02/10/2009,ANC,AK,AAL,WE,Towers with Radar,221,161,16,13,411,1,21,97,8,127,222,182,113,21,538,6,0,6,544
02/11/2009,ANC,AK,AAL,WE,Towers with Radar,247,175,11,13,446,0,7,8,6,21,247,182,19,19,467,0,0,0,467
02/12/2009,ANC,AK,AAL,WE,Towers with Radar,266,153,14,12,445,0,20,95,7,122,266,173,109,19,567,38,0,38,605
02/13/2009,ANC,AK,AAL,WE,Towers with Radar,257,147,11,4,419,2,15,71,1,89,259,162,82,5,508,8,0,8,516
02/14/2009,ANC,AK,AAL,WE,Towers with Radar,260,118,17,8,403,1,7,115,0,123,261,125,132,8,526,6,0,6,532
02/15/2009,ANC,AK,AAL,WE,Towers with Radar,209,104,6,2,321,0,1,27,0,28,209,105,33,2,349,0,0,0,349
02/16/2009,ANC,AK,AAL,WE,Towers with Radar,206,170,5,2,383,0,0,22,0,22,206,170,27,2,405,24,0,24,429
02/17/2009,ANC,AK,AAL,WE,Towers with Radar,234,173,14,9,430,2,10,52,3,67,236,183,66,12,497,0,0,0,497
02/18/2009,ANC,AK,AAL,WE,Towers with Radar,242,158,17,19,436,0,7,25,3,35,242,165,42,22,471,0,0,0,471
02/19/2009,ANC,AK,AAL,WE,Towers with Radar,289,202,8,12,511,0,6,31,10,47,289,208,39,22,558,0,0,0,558
02/20/2009,ANC,AK,AAL,WE,Towers with Radar,277,170,17,13,477,0,17,140,5,162,277,187,157,18,639,12,0,12,651
02/21/2009,ANC,AK,AAL,WE,Towers with Radar,260,105,22,8,395,0,27,142,0,169,260,132,164,8,564,14,0,14,578
02/22/2009,ANC,AK,AAL,WE,Towers with Radar,211,87,9,1,308,0,23,167,5,195,211,110,176,6,503,30,0,30,533
02/23/2009,ANC,AK,AAL,WE,Towers with Radar,217,139,14,11,381,0,30,128,11,169,217,169,142,22,550,22,0,22,572
02/24/2009,ANC,AK,AAL,WE,Towers with Radar,237,130,18,9,394,0,19,164,10,193,237,149,182,19,587,22,0,22,609
02/25/2009,ANC,AK,AAL,WE,Towers with Radar,273,140,18,14,445,2,22,77,9,110,275,162,95,23,555,20,0,20,575
02/26/2009,ANC,AK,AAL,WE,Towers with Radar,289,165,23,12,489,0,26,97,11,134,289,191,120,23,623,8,0,8,631
02/27/2009,ANC,AK,AAL,WE,Towers with Radar,253,154,16,5,428,0,30,155,1,186,253,184,171,6,614,8,0,8,622
02/28/2009,ANC,AK,AAL,WE,Towers with Radar,279,123,12,7,421,0,0,7,0,7,279,123,19,7,428,0,0,0,428
03/01/2009,ANC,AK,AAL,WE,Towers with Radar,221,105,14,2,342,0,20,173,0,193,221,125,187,2,535,12,0,12,547
03/02/2009,ANC,AK,AAL,WE,Towers with Radar,226,137,14,5,382,0,23,103,12,138,226,160,117,17,520,0,0,0,520
03/03/2009,ANC,AK,AAL,WE,Towers with Radar,247,161,20,12,440,0,11,50,9,70,247,172,70,21,510,4,0,4,514
03/04/2009,ANC,AK,AAL,WE,Towers with Radar,281,165,12,11,469,0,27,49,9,85,281,192,61,20,554,6,0,6,560
03/05/2009,ANC,AK,AAL,WE,Towers with Radar,281,178,19,2,480,0,0,2,0,2,281,178,21,2,482,0,0,0,482
03/06/2009,ANC,AK,AAL,WE,Towers with Radar,279,178,25,7,489,0,44,99,3,146,279,222,124,10,635,24,0,24,659
03/07/2009,ANC,AK,AAL,WE,Towers with Radar,269,115,19,10,413,0,46,231,2,279,269,161,250,12,692,6,0,6,698
03/08/2009,ANC,AK,AAL,WE,Towers with Radar,222,105,9,1,337,0,26,181,2,209,222,131,190,3,546,22,0,22,568
03/09/2009,ANC,AK,AAL,WE,Towers with Radar,222,162,20,5,409,0,24,93,12,129,222,186,113,17,538,0,0,0,538
03/10/2009,ANC,AK,AAL,WE,Towers with Radar,258,153,31,7,449,0,56,120,9,185,258,209,151,16,634,12,0,12,646
03/11/2009,ANC,AK,AAL,WE,Towers with Radar,284,184,19,9,496,0,22,70,13,105,284,206,89,22,601,16,0,16,617
03/12/2009,ANC,AK,AAL,WE,Towers with Radar,290,192,27,11,520,0,22,99,6,127,290,214,126,17,647,14,0,14,661
03/13/2009,ANC,AK,AAL,WE,Towers with Radar,285,199,8,7,499,0,23,59,2,84,285,222,67,9,583,10,0,10,593
03/14/2009,ANC,AK,AAL,WE,Towers with Radar,264,111,18,2,395,0,18,160,0,178,264,129,178,2,573,16,0,16,589
03/15/2009,ANC,AK,AAL,WE,Towers with Radar,222,102,27,3,354,0,20,163,1,184,222,122,190,4,538,22,0,22,560
03/16/2009,ANC,AK,AAL,WE,Towers with Radar,223,162,12,1,398,0,2,45,2,49,223,164,57,3,447,34,0,34,481
03/17/2009,ANC,AK,AAL,WE,Towers with Radar,235,146,17,4,402,0,35,123,2,160,235,181,140,6,562,0,0,0,562
03/18/2009,ANC,AK,AAL,WE,Towers with Radar,281,141,24,3,449,0,38,147,4,189,281,179,171,7,638,72,0,72,710
03/19/2009,ANC,AK,AAL,WE,Towers with Radar,289,180,18,4,491,0,23,145,2,170,289,203,163,6,661,24,0,24,685
03/20/2009,ANC,AK,AAL,WE,Towers with Radar,278,146,14,5,443,0,43,193,2,238,278,189,207,7,681,58,0,58,739
03/21/2009,ANC,AK,AAL,WE,Towers with Radar,251,104,15,9,379,0,19,125,7,151,251,123,140,16,530,76,0,76,606
03/22/2009,ANC,AK,AAL,WE,Towers with Radar,227,121,23,8,379,0,8,67,2,77,227,129,90,10,456,0,0,0,456
03/23/2009,ANC,AK,AAL,WE,Towers with Radar,67,43,6,7,123,0,11,60,0,71,67,54,66,7,194,30,0,30,224
03/24/2009,ANC,AK,AAL,WE,Towers with Radar,177,126,9,6,318,0,18,106,4,128,177,144,115,10,446,30,0,30,476
03/25/2009,ANC,AK,AAL,WE,Towers with Radar,225,178,17,11,431,0,14,31,7,52,225,192,48,18,483,38,0,38,521
03/26/2009,ANC,AK,AAL,WE,Towers with Radar,162,94,15,4,275,0,11,54,2,67,162,105,69,6,342,54,0,54,396
03/27/2009,ANC,AK,AAL,WE,Towers with Radar,58,70,3,4,135,0,3,8,2,13,58,73,11,6,148,0,0,0,148
03/28/2009,ANC,AK,AAL,WE,Towers with Radar,71,90,3,4,168,0,2,18,2,22,71,92,21,6,190,14,0,14,204
03/29/2009,ANC,AK,AAL,WE,Towers with Radar,29,59,2,2,92,0,2,15,0,17,29,61,17,2,109,0,0,0,109
03/30/2009,ANC,AK,AAL,WE,Towers with Radar,137,167,5,5,314,0,4,25,4,33,137,171,30,9,347,20,0,20,367
03/31/2009,ANC,AK,AAL,WE,Towers with Radar,139,131,14,5,289,0,22,116,0,138,139,153,130,5,427,32,0,32,459
04/01/2009,ANC,AK,AAL,WE,Towers with Radar,153,152,14,9,328,0,22,85,8,115,153,174,99,17,443,66,0,66,509
04/02/2009,ANC,AK,AAL,WE,Towers with Radar,169,144,6,7,326,0,16,87,4,107,169,160,93,11,433,36,0,36,469
04/03/2009,ANC,AK,AAL,WE,Towers with Radar,170,175,11,7,363,0,4,43,0,47,170,179,54,7,410,52,0,52,462
04/04/2009,ANC,AK,AAL,WE,Towers with Radar,140,106,14,10,270,2,18,201,0,221,142,124,215,10,491,14,0,14,505
04/05/2009,ANC,AK,AAL,WE,Towers with Radar,126,87,6,4,223,0,28,222,2,252,126,115,228,6,475,72,0,72,547
04/06/2009,ANC,AK,AAL,WE,Towers with Radar,143,128,27,4,302,0,25,125,7,157,143,153,152,11,459,66,0,66,525
04/07/2009,ANC,AK,AAL,WE,Towers with Radar,179,148,24,3,354,0,27,145,7,179,179,175,169,10,533,80,0,80,613
04/08/2009,ANC,AK,AAL,WE,Towers with Radar,174,160,20,6,360,0,27,137,6,170,174,187,157,12,530,0,0,0,530
04/09/2009,ANC,AK,AAL,WE,Towers with Radar,185,176,18,6,385,0,28,93,4,125,185,204,111,10,510,34,0,34,544
04/10/2009,ANC,AK,AAL,WE,Towers with Radar,207,201,16,5,429,0,8,70,6,84,207,209,86,11,513,36,0,36,549
04/11/2009,ANC,AK,AAL,WE,Towers with Radar,203,121,20,5,349,0,5,119,1,125,203,126,139,6,474,72,0,72,546
04/12/2009,ANC,AK,AAL,WE,Towers with Radar,148,91,11,0,250,0,4,125,2,131,148,95,136,2,381,50,0,50,431
04/13/2009,ANC,AK,AAL,WE,Towers with Radar,166,169,21,6,362,0,11,122,10,143,166,180,143,16,505,38,0,38,543
04/14/2009,ANC,AK,AAL,WE,Towers with Radar,205,150,24,17,396,0,14,90,11,115,205,164,114,28,511,38,0,38,549
04/15/2009,ANC,AK,AAL,WE,Towers with Radar,249,173,25,8,455,0,17,135,11,163,249,190,160,19,618,10,0,10,628
04/16/2009,ANC,AK,AAL,WE,Towers with Radar,250,140,21,8,419,1,27,179,16,223,251,167,200,24,642,50,0,50,692
04/17/2009,ANC,AK,AAL,WE,Towers with Radar,226,150,30,9,415,2,22,159,9,192,228,172,189,18,607,40,0,40,647
04/18/2009,ANC,AK,AAL,WE,Towers with Radar,220,110,17,7,354,0,18,122,4,144,220,128,139,11,498,34,0,34,532
04/19/2009,ANC,AK,AAL,WE,Towers with Radar,178,95,17,4,294,0,14,177,10,201,178,109,194,14,495,32,0,32,527
04/20/2009,ANC,AK,AAL,WE,Towers with Radar,203,118,19,9,349,0,30,191,13,234,203,148,210,22,583,18,0,18,601
04/21/2009,ANC,AK,AAL,WE,Towers with Radar,221,122,14,8,365,0,35,182,6,223,221,157,196,14,588,50,0,50,638
04/22/2009,ANC,AK,AAL,WE,Towers with Radar,237,131,25,9,402,0,40,122,9,171,237,171,147,18,573,96,0,96,669
04/23/2009,ANC,AK,AAL,WE,Towers with Radar,248,148,23,11,430,0,12,77,5,94,248,160,100,16,524,94,0,94,618
04/24/2009,ANC,AK,AAL,WE,Towers with Radar,242,148,21,5,416,0,22,76,2,100,242,170,97,7,516,6,0,6,522
04/25/2009,ANC,AK,AAL,WE,Towers with Radar,237,116,20,6,379,0,12,136,1,149,237,128,156,7,528,4,0,4,532
04/26/2009,ANC,AK,AAL,WE,Towers with Radar,193,93,22,2,310,0,6,79,0,85,193,99,101,2,395,50,0,50,445
04/27/2009,ANC,AK,AAL,WE,Towers with Radar,208,142,17,10,377,0,11,106,11,128,208,153,123,21,505,38,0,38,543
04/28/2009,ANC,AK,AAL,WE,Towers with Radar,237,144,25,8,414,0,32,218,9,259,237,176,243,17,673,56,0,56,729
04/29/2009,ANC,AK,AAL,WE,Towers with Radar,268,137,26,6,437,1,28,197,11,237,269,165,223,17,674,80,0,80,754
04/30/2009,ANC,AK,AAL,WE,Towers with Radar,261,149,24,9,443,1,40,236,12,289,262,189,260,21,732,56,0,56,788
05/01/2009,ANC,AK,AAL,WE,Towers with Radar,270,160,29,6,465,1,29,221,8,259,271,189,250,14,724,14,0,14,738
05/02/2009,ANC,AK,AAL,WE,Towers with Radar,244,89,14,4,351,1,30,248,0,279,245,119,262,4,630,28,0,28,658
05/03/2009,ANC,AK,AAL,WE,Towers with Radar,184,90,19,3,296,0,25,278,4,307,184,115,297,7,603,32,0,32,635
05/04/2009,ANC,AK,AAL,WE,Towers with Radar,192,150,28,10,380,0,44,188,13,245,192,194,216,23,625,142,0,142,767
05/05/2009,ANC,AK,AAL,WE,Towers with Radar,213,128,26,6,373,0,42,177,12,231,213,170,203,18,604,61,0,61,665
05/06/2009,ANC,AK,AAL,WE,Towers with Radar,234,169,30,12,445,0,20,130,12,162,234,189,160,24,607,92,0,92,699
05/07/2009,ANC,AK,AAL,WE,Towers with Radar,256,156,24,9,445,0,46,211,10,267,256,202,235,19,712,74,0,74,786
05/08/2009,ANC,AK,AAL,WE,Towers with Radar,262,151,19,8,440,0,43,317,4,364,262,194,336,12,804,56,0,56,860
05/09/2009,ANC,AK,AAL,WE,Towers with Radar,254,108,20,7,389,0,32,289,1,322,254,140,309,8,711,46,0,46,757
05/10/2009,ANC,AK,AAL,WE,Towers with Radar,178,76,10,1,265,0,17,215,0,232,178,93,225,1,497,18,0,18,515
05/11/2009,ANC,AK,AAL,WE,Towers with Radar,217,110,17,3,347,0,49,220,13,282,217,159,237,16,629,20,0,20,649
05/12/2009,ANC,AK,AAL,WE,Towers with Radar,241,130,21,6,398,0,52,254,12,318,241,182,275,18,716,54,0,54,770
05/13/2009,ANC,AK,AAL,WE,Towers with Radar,282,141,19,5,447,1,48,322,16,387,283,189,341,21,834,78,0,78,912
05/14/2009,ANC,AK,AAL,WE,Towers with Radar,292,141,26,6,465,0,65,258,10,333,292,206,284,16,798,65,0,65,863
05/15/2009,ANC,AK,AAL,WE,Towers with Radar,283,205,35,10,533,0,23,107,6,136,283,228,142,16,669,8,0,8,677
05/16/2009,ANC,AK,AAL,WE,Towers with Radar,289,127,22,6,444,0,23,327,0,350,289,150,349,6,794,50,0,50,844
05/17/2009,ANC,AK,AAL,WE,Towers with Radar,231,87,20,1,339,0,57,371,1,429,231,144,391,2,768,32,0,32,800
05/18/2009,ANC,AK,AAL,WE,Towers with Radar,230,126,21,7,384,0,53,285,5,343,230,179,306,12,727,38,0,38,765
05/19/2009,ANC,AK,AAL,WE,Towers with Radar,271,142,18,11,442,0,63,300,7,370,271,205,318,18,812,34,0,34,846
05/20/2009,ANC,AK,AAL,WE,Towers with Radar,308,133,27,15,483,0,66,254,15,335,308,199,281,30,818,36,0,36,854
05/21/2009,ANC,AK,AAL,WE,Towers with Radar,314,162,27,16,519,0,53,189,11,253,314,215,216,27,772,12,0,12,784
05/22/2009,ANC,AK,AAL,WE,Towers with Radar,301,182,33,7,523,0,64,305,3,372,301,246,338,10,895,28,0,28,923
05/23/2009,ANC,AK,AAL,WE,Towers with Radar,295,115,13,11,434,0,44,357,1,402,295,159,370,12,836,40,0,40,876
05/24/2009,ANC,AK,AAL,WE,Towers with Radar,232,83,8,6,329,0,55,342,1,398,232,138,350,7,727,6,0,6,733
05/25/2009,ANC,AK,AAL,WE,Towers with Radar,219,99,15,6,339,0,71,465,2,538,219,170,480,8,877,12,0,12,889
05/26/2009,ANC,AK,AAL,WE,Towers with Radar,266,138,26,9,439,1,88,313,13,415,267,226,339,22,854,70,0,70,924
05/27/2009,ANC,AK,AAL,WE,Towers with Radar,302,192,24,13,531,0,42,159,9,210,302,234,183,22,741,28,0,28,769
05/28/2009,ANC,AK,AAL,WE,Towers with Radar,310,198,25,11,544,0,27,83,1,111,310,225,108,12,655,6,0,6,661
05/29/2009,ANC,AK,AAL,WE,Towers with Radar,296,195,22,9,522,0,43,270,0,313,296,238,292,9,835,82,0,82,917
05/30/2009,ANC,AK,AAL,WE,Towers with Radar,294,126,24,12,456,0,42,250,2,294,294,168,274,14,750,58,0,58,808
05/31/2009,ANC,AK,AAL,WE,Towers with Radar,221,120,11,6,358,0,32,247,4,283,221,152,258,10,641,16,0,16,657
06/01/2009,ANC,AK,AAL,WE,Towers with Radar,219,162,26,5,412,0,56,373,0,429,219,218,399,5,841,54,0,54,895
06/02/2009,ANC,AK,AAL,WE,Towers with Radar,280,181,22,4,487,0,63,385,0,448,280,244,407,4,935,10,0,10,945
06/03/2009,ANC,AK,AAL,WE,Towers with Radar,313,163,34,8,518,0,84,408,2,494,313,247,442,10,1012,44,0,44,1056
06/04/2009,ANC,AK,AAL,WE,Towers with Radar,317,193,28,10,548,0,133,338,0,471,317,326,366,10,1019,30,0,30,1049
06/05/2009,ANC,AK,AAL,WE,Towers with Radar,313,217,56,3,589,0,45,330,0,375,313,262,386,3,964,47,0,47,1011
06/06/2009,ANC,AK,AAL,WE,Towers with Radar,322,156,24,11,513,1,75,373,7,456,323,231,397,18,969,26,0,26,995
06/07/2009,ANC,AK,AAL,WE,Towers with Radar,264,104,18,5,391,0,86,477,7,570,264,190,495,12,961,60,0,60,1021
06/08/2009,ANC,AK,AAL,WE,Towers with Radar,252,148,30,4,434,2,94,336,5,437,254,242,366,9,871,38,0,38,909
06/09/2009,ANC,AK,AAL,WE,Towers with Radar,294,153,30,11,488,0,88,345,9,442,294,241,375,20,930,50,0,50,980
06/10/2009,ANC,AK,AAL,WE,Towers with Radar,333,181,33,15,562,1,107,402,6,516,334,288,435,21,1078,25,0,25,1103
06/11/2009,ANC,AK,AAL,WE,Towers with Radar,351,226,33,7,617,1,66,197,1,265,352,292,230,8,882,14,0,14,896
06/12/2009,ANC,AK,AAL,WE,Towers with Radar,316,184,40,6,546,0,86,435,3,524,316,270,475,9,1070,6,0,6,1076
06/13/2009,ANC,AK,AAL,WE,Towers with Radar,319,150,23,12,504,2,65,334,0,401,321,215,357,12,905,8,0,8,913
06/14/2009,ANC,AK,AAL,WE,Towers with Radar,269,124,24,5,422,0,67,390,1,458,269,191,414,6,880,32,0,32,912
06/15/2009,ANC,AK,AAL,WE,Towers with Radar,257,170,24,6,457,0,74,363,7,444,257,244,387,13,901,8,0,8,909
06/16/2009,ANC,AK,AAL,WE,Towers with Radar,301,184,30,10,525,0,87,315,12,414,301,271,345,22,939,24,0,24,963
06/17/2009,ANC,AK,AAL,WE,Towers with Radar,317,206,37,7,567,1,91,262,13,367,318,297,299,20,934,12,0,12,946
06/18/2009,ANC,AK,AAL,WE,Towers with Radar,340,215,36,7,598,0,115,320,13,448,340,330,356,20,1046,34,0,34,1080
06/19/2009,ANC,AK,AAL,WE,Towers with Radar,337,197,38,7,579,0,101,405,6,512,337,298,443,13,1091,32,0,32,1123
06/20/2009,ANC,AK,AAL,WE,Towers with Radar,338,173,25,8,544,0,101,334,0,435,338,274,359,8,979,38,0,38,1017
06/21/2009,ANC,AK,AAL,WE,Towers with Radar,277,152,17,4,450,0,90,279,3,372,277,242,296,7,822,2,0,2,824
06/22/2009,ANC,AK,AAL,WE,Towers with Radar,267,201,40,9,517,0,94,235,7,336,267,295,275,16,853,28,0,28,881
06/23/2009,ANC,AK,AAL,WE,Towers with Radar,309,207,44,13,573,0,99,227,9,335,309,306,271,22,908,32,0,32,940
06/24/2009,ANC,AK,AAL,WE,Towers with Radar,347,204,38,11,600,0,116,338,11,465,347,320,376,22,1065,7,0,7,1072
06/25/2009,ANC,AK,AAL,WE,Towers with Radar,358,182,31,11,582,1,133,399,10,543,359,315,430,21,1125,52,0,52,1177
06/26/2009,ANC,AK,AAL,WE,Towers with Radar,335,178,22,11,546,0,111,425,5,541,335,289,447,16,1087,20,0,20,1107
06/27/2009,ANC,AK,AAL,WE,Towers with Radar,357,134,27,9,527,0,110,415,0,525,357,244,442,9,1052,22,0,22,1074
06/28/2009,ANC,AK,AAL,WE,Towers with Radar,287,100,26,2,415,3,151,436,2,592,290,251,462,4,1007,20,0,20,1027
06/29/2009,ANC,AK,AAL,WE,Towers with Radar,271,155,29,9,464,2,134,374,9,519,273,289,403,18,983,16,0,16,999
06/30/2009,ANC,AK,AAL,WE,Towers with Radar,320,179,36,9,544,1,105,351,11,468,321,284,387,20,1012,8,0,8,1020
07/01/2009,ANC,AK,AAL,WE,Towers with Radar,331,186,33,13,563,3,149,306,8,466,334,335,339,21,1029,40,0,40,1069
07/02/2009,ANC,AK,AAL,WE,Towers with Radar,350,180,29,8,567,0,126,473,7,606,350,306,502,15,1173,46,0,46,1219
07/03/2009,ANC,AK,AAL,WE,Towers with Radar,330,158,26,5,519,2,105,443,0,550,332,263,469,5,1069,12,0,12,1081
07/04/2009,ANC,AK,AAL,WE,Towers with Radar,309,79,12,2,402,0,92,409,0,501,309,171,421,2,903,76,0,76,979
07/05/2009,ANC,AK,AAL,WE,Towers with Radar,267,112,35,0,414,0,115,477,2,594,267,227,512,2,1008,2,0,2,1010
07/06/2009,ANC,AK,AAL,WE,Towers with Radar,247,154,44,1,446,0,138,357,12,507,247,292,401,13,953,36,0,36,989
07/07/2009,ANC,AK,AAL,WE,Towers with Radar,306,153,33,13,505,1,112,314,16,443,307,265,347,29,948,0,0,0,948
07/08/2009,ANC,AK,AAL,WE,Towers with Radar,334,200,25,14,573,0,98,320,10,428,334,298,345,24,1001,24,0,24,1025
07/09/2009,ANC,AK,AAL,WE,Towers with Radar,336,197,23,12,568,2,89,306,8,405,338,286,329,20,973,6,0,6,979
07/10/2009,ANC,AK,AAL,WE,Towers with Radar,329,202,41,15,587,2,111,402,8,523,331,313,443,23,1110,10,0,10,1120
07/11/2009,ANC,AK,AAL,WE,Towers with Radar,344,180,63,6,593,0,49,233,1,283,344,229,296,7,876,40,0,40,916
07/12/2009,ANC,AK,AAL,WE,Towers with Radar,278,142,28,2,450,0,79,337,1,417,278,221,365,3,867,22,0,22,889
07/13/2009,ANC,AK,AAL,WE,Towers with Radar,263,176,33,7,479,0,111,275,7,393,263,287,308,14,872,22,0,22,894
07/14/2009,ANC,AK,AAL,WE,Towers with Radar,306,207,41,17,571,0,106,315,6,427,306,313,356,23,998,12,0,12,1010
07/15/2009,ANC,AK,AAL,WE,Towers with Radar,355,213,40,10,618,0,127,350,18,495,355,340,390,28,1113,44,0,44,1157
07/16/2009,ANC,AK,AAL,WE,Towers with Radar,350,198,40,14,602,0,105,331,8,444,350,303,371,22,1046,66,0,66,1112
07/17/2009,ANC,AK,AAL,WE,Towers with Radar,337,238,48,2,625,0,91,366,2,459,337,329,414,4,1084,70,0,70,1154
07/18/2009,ANC,AK,AAL,WE,Towers with Radar,332,183,24,6,545,0,101,335,0,436,332,284,359,6,981,34,0,34,1015
07/19/2009,ANC,AK,AAL,WE,Towers with Radar,279,179,25,4,487,0,84,273,3,360,279,263,298,7,847,54,0,54,901
07/20/2009,ANC,AK,AAL,WE,Towers with Radar,253,201,21,12,487,0,103,269,16,388,253,304,290,28,875,15,0,15,890
07/21/2009,ANC,AK,AAL,WE,Towers with Radar,302,188,33,9,532,0,80,189,8,277,302,268,222,17,809,0,0,0,809
07/22/2009,ANC,AK,AAL,WE,Towers with Radar,330,207,38,7,582,0,94,191,9,294,330,301,229,16,876,26,0,26,902
07/23/2009,ANC,AK,AAL,WE,Towers with Radar,352,196,48,14,610,0,106,302,9,417,352,302,350,23,1027,16,0,16,1043
07/24/2009,ANC,AK,AAL,WE,Towers with Radar,338,194,29,13,574,0,115,354,3,472,338,309,383,16,1046,2,0,2,1048
07/25/2009,ANC,AK,AAL,WE,Towers with Radar,350,173,36,7,566,0,111,288,3,402,350,284,324,10,968,6,0,6,974
07/26/2009,ANC,AK,AAL,WE,Towers with Radar,286,142,24,4,456,0,92,241,2,335,286,234,265,6,791,4,0,4,795
07/27/2009,ANC,AK,AAL,WE,Towers with Radar,267,178,33,7,485,0,87,200,11,298,267,265,233,18,783,0,0,0,783
07/28/2009,ANC,AK,AAL,WE,Towers with Radar,313,194,45,12,564,0,89,242,6,337,313,283,287,18,901,14,0,14,915
07/29/2009,ANC,AK,AAL,WE,Towers with Radar,343,199,30,6,578,0,79,195,12,286,343,278,225,18,864,0,0,0,864
07/30/2009,ANC,AK,AAL,WE,Towers with Radar,352,206,26,17,601,0,122,299,7,428,352,328,325,24,1029,27,0,27,1056
07/31/2009,ANC,AK,AAL,WE,Towers with Radar,350,189,35,5,579,0,94,279,7,380,350,283,314,12,959,16,0,16,975
08/01/2009,ANC,AK,AAL,WE,Towers with Radar,344,157,21,6,528,0,156,473,0,629,344,313,494,6,1157,4,0,4,1161
08/02/2009,ANC,AK,AAL,WE,Towers with Radar,272,119,29,3,423,0,166,536,5,707,272,285,565,8,1130,38,0,38,1168
08/03/2009,ANC,AK,AAL,WE,Towers with Radar,264,177,22,8,471,0,133,448,13,594,264,310,470,21,1065,13,0,13,1078
08/04/2009,ANC,AK,AAL,WE,Towers with Radar,308,185,32,13,538,0,112,253,9,374,308,297,285,22,912,10,0,10,922
08/05/2009,ANC,AK,AAL,WE,Towers with Radar,347,227,38,20,632,0,92,146,4,242,347,319,184,24,874,10,0,10,884
08/06/2009,ANC,AK,AAL,WE,Towers with Radar,336,228,36,17,617,2,76,203,5,286,338,304,239,22,903,36,0,36,939
08/07/2009,ANC,AK,AAL,WE,Towers with Radar,344,199,39,7,589,1,147,482,0,630,345,346,521,7,1219,52,0,52,1271
08/08/2009,ANC,AK,AAL,WE,Towers with Radar,351,142,34,12,539,0,129,475,0,604,351,271,509,12,1143,14,0,14,1157
08/09/2009,ANC,AK,AAL,WE,Towers with Radar,275,122,33,4,434,0,121,418,0,539,275,243,451,4,973,30,0,30,1003
08/10/2009,ANC,AK,AAL,WE,Towers with Radar,273,175,21,9,478,0,113,393,5,511,273,288,414,14,989,16,0,16,1005
08/11/2009,ANC,AK,AAL,WE,Towers with Radar,298,158,35,16,507,0,134,422,8,564,298,292,457,24,1071,30,0,30,1101
08/12/2009,ANC,AK,AAL,WE,Towers with Radar,339,208,40,13,600,2,108,363,14,487,341,316,403,27,1087,6,0,6,1093
08/13/2009,ANC,AK,AAL,WE,Towers with Radar,353,213,32,13,611,0,77,184,11,272,353,290,216,24,883,0,0,0,883
08/14/2009,ANC,AK,AAL,WE,Towers with Radar,328,219,39,13,599,0,86,188,1,275,328,305,227,14,874,4,0,4,878
08/15/2009,ANC,AK,AAL,WE,Towers with Radar,326,183,19,9,537,1,125,199,0,325,327,308,218,9,862,0,0,0,862
08/16/2009,ANC,AK,AAL,WE,Towers with Radar,268,138,21,6,433,0,81,318,2,401,268,219,339,8,834,10,0,10,844
08/17/2009,ANC,AK,AAL,WE,Towers with Radar,274,167,39,10,490,0,108,370,3,481,274,275,409,13,971,8,0,8,979
08/18/2009,ANC,AK,AAL,WE,Towers with Radar,308,168,41,10,527,0,95,278,4,377,308,263,319,14,904,4,0,4,908
08/19/2009,ANC,AK,AAL,WE,Towers with Radar,336,163,40,4,543,0,100,447,9,556,336,263,487,13,1099,51,0,51,1150
08/20/2009,ANC,AK,AAL,WE,Towers with Radar,345,151,19,16,531,1,119,484,3,607,346,270,503,19,1138,14,0,14,1152
08/21/2009,ANC,AK,AAL,WE,Towers with Radar,335,176,23,5,539,0,125,551,3,679,335,301,574,8,1218,4,0,4,1222
08/22/2009,ANC,AK,AAL,WE,Towers with Radar,342,155,34,8,539,0,113,500,2,615,342,268,534,10,1154,22,0,22,1176
08/23/2009,ANC,AK,AAL,WE,Towers with Radar,266,146,21,2,435,0,56,250,0,306,266,202,271,2,741,38,0,38,779
08/24/2009,ANC,AK,AAL,WE,Towers with Radar,239,181,40,3,463,0,81,273,5,359,239,262,313,8,822,12,0,12,834
08/25/2009,ANC,AK,AAL,WE,Towers with Radar,280,174,20,7,481,0,105,373,12,490,280,279,393,19,971,30,0,30,1001
08/26/2009,ANC,AK,AAL,WE,Towers with Radar,318,174,32,7,531,0,79,246,11,336,318,253,278,18,867,18,0,18,885
08/27/2009,ANC,AK,AAL,WE,Towers with Radar,328,172,35,10,545,0,105,334,9,448,328,277,369,19,993,6,0,6,999
08/28/2009,ANC,AK,AAL,WE,Towers with Radar,333,199,34,5,571,0,78,219,3,300,333,277,253,8,871,2,0,2,873
08/29/2009,ANC,AK,AAL,WE,Towers with Radar,320,170,20,6,516,0,68,361,1,430,320,238,381,7,946,22,0,22,968
08/30/2009,ANC,AK,AAL,WE,Towers with Radar,272,113,22,1,408,0,108,520,2,630,272,221,542,3,1038,8,0,8,1046
08/31/2009,ANC,AK,AAL,WE,Towers with Radar,260,163,40,9,472,0,117,344,11,472,260,280,384,20,944,68,0,68,1012
09/01/2009,ANC,AK,AAL,WE,Towers with Radar,283,202,37,11,533,0,53,251,10,314,283,255,288,21,847,34,0,34,881
09/02/2009,ANC,AK,AAL,WE,Towers with Radar,328,194,34,11,567,0,93,248,8,349,328,287,282,19,916,8,0,8,924
09/03/2009,ANC,AK,AAL,WE,Towers with Radar,318,194,35,4,551,2,82,356,10,450,320,276,391,14,1001,14,0,14,1015
09/04/2009,ANC,AK,AAL,WE,Towers with Radar,329,205,21,3,558,0,114,461,5,580,329,319,482,8,1138,14,0,14,1152
09/05/2009,ANC,AK,AAL,WE,Towers with Radar,311,146,19,7,483,1,85,454,0,540,312,231,473,7,1023,4,0,4,1027
09/06/2009,ANC,AK,AAL,WE,Towers with Radar,255,119,16,5,395,0,74,355,2,431,255,193,371,7,826,14,0,14,840
09/07/2009,ANC,AK,AAL,WE,Towers with Radar,235,147,27,3,412,0,77,502,1,580,235,224,529,4,992,8,0,8,1000
09/08/2009,ANC,AK,AAL,WE,Towers with Radar,278,168,27,4,477,1,72,242,10,325,279,240,269,14,802,14,0,14,816
09/09/2009,ANC,AK,AAL,WE,Towers with Radar,311,176,27,7,521,2,71,227,9,309,313,247,254,16,830,28,0,28,858
09/10/2009,ANC,AK,AAL,WE,Towers with Radar,319,172,26,10,527,0,91,245,12,348,319,263,271,22,875,10,0,10,885
09/11/2009,ANC,AK,AAL,WE,Towers with Radar,327,186,25,6,544,0,70,408,3,481,327,256,433,9,1025,54,0,54,1079
09/12/2009,ANC,AK,AAL,WE,Towers with Radar,291,157,26,11,485,0,41,263,1,305,291,198,289,12,790,30,0,30,820
09/13/2009,ANC,AK,AAL,WE,Towers with Radar,261,143,31,6,441,0,48,192,0,240,261,191,223,6,681,22,0,22,703
09/14/2009,ANC,AK,AAL,WE,Towers with Radar,265,165,25,6,461,0,54,341,7,402,265,219,366,13,863,0,0,0,863
09/15/2009,ANC,AK,AAL,WE,Towers with Radar,279,153,29,8,469,0,72,408,8,488,279,225,437,16,957,58,0,58,1015
09/16/2009,ANC,AK,AAL,WE,Towers with Radar,322,169,29,9,529,0,69,241,3,313,322,238,270,12,842,6,0,6,848
09/17/2009,ANC,AK,AAL,WE,Towers with Radar,324,160,25,12,521,0,73,225,7,305,324,233,250,19,826,0,0,0,826
09/18/2009,ANC,AK,AAL,WE,Towers with Radar,323,190,27,5,545,2,79,410,1,492,325,269,437,6,1037,12,0,12,1049
09/19/2009,ANC,AK,AAL,WE,Towers with Radar,300,144,34,9,487,0,62,356,0,418,300,206,390,9,905,4,0,4,909
09/20/2009,ANC,AK,AAL,WE,Towers with Radar,252,107,22,5,386,0,48,322,4,374,252,155,344,9,760,32,0,32,792
09/21/2009,ANC,AK,AAL,WE,Towers with Radar,252,176,17,7,452,0,58,146,3,207,252,234,163,10,659,10,0,10,669
09/22/2009,ANC,AK,AAL,WE,Towers with Radar,280,159,22,4,465,0,47,131,11,189,280,206,153,15,654,4,0,4,658
09/23/2009,ANC,AK,AAL,WE,Towers with Radar,312,154,21,11,498,1,70,328,5,404,313,224,349,16,902,14,0,14,916
09/24/2009,ANC,AK,AAL,WE,Towers with Radar,329,175,22,8,534,0,38,167,8,213,329,213,189,16,747,14,0,14,761
09/25/2009,ANC,AK,AAL,WE,Towers with Radar,319,229,33,12,593,0,33,70,1,104,319,262,103,13,697,0,0,0,697
09/26/2009,ANC,AK,AAL,WE,Towers with Radar,288,157,17,12,474,0,27,245,3,275,288,184,262,15,749,28,0,28,777
09/27/2009,ANC,AK,AAL,WE,Towers with Radar,269,136,25,1,431,0,57,315,2,374,269,193,340,3,805,22,0,22,827
09/28/2009,ANC,AK,AAL,WE,Towers with Radar,270,160,25,7,462,0,37,280,5,322,270,197,305,12,784,48,0,48,832
09/29/2009,ANC,AK,AAL,WE,Towers with Radar,296,174,17,9,496,0,20,205,10,235,296,194,222,19,731,22,0,22,753
09/30/2009,ANC,AK,AAL,WE,Towers with Radar,321,193,23,5,542,0,34,184,8,226,321,227,207,13,768,0,0,0,768
10/01/2009,ANC,AK,AAL,WE,Towers with Radar,327,157,16,8,508,0,52,295,7,354,327,209,311,15,862,20,0,20,882
10/02/2009,ANC,AK,AAL,WE,Towers with Radar,317,160,22,9,508,0,55,304,8,367,317,215,326,17,875,6,0,6,881
10/03/2009,ANC,AK,AAL,WE,Towers with Radar,289,119,21,6,435,0,12,155,0,167,289,131,176,6,602,10,0,10,612
10/04/2009,ANC,AK,AAL,WE,Towers with Radar,250,114,15,5,384,0,33,153,2,188,250,147,168,7,572,12,0,12,584
10/05/2009,ANC,AK,AAL,WE,Towers with Radar,234,155,22,8,419,1,15,154,3,173,235,170,176,11,592,4,0,4,596
10/06/2009,ANC,AK,AAL,WE,Towers with Radar,272,180,9,14,475,0,28,216,9,253,272,208,225,23,728,22,0,22,750
10/07/2009,ANC,AK,AAL,WE,Towers with Radar,294,184,32,9,519,1,28,77,7,113,295,212,109,16,632,72,0,72,704
10/08/2009,ANC,AK,AAL,WE,Towers with Radar,300,194,22,10,526,0,14,94,0,108,300,208,116,10,634,16,0,16,650
10/09/2009,ANC,AK,AAL,WE,Towers with Radar,302,166,22,5,495,0,42,143,1,186,302,208,165,6,681,15,0,15,696
10/10/2009,ANC,AK,AAL,WE,Towers with Radar,288,133,7,6,434,0,8,72,0,80,288,141,79,6,514,24,0,24,538
10/11/2009,ANC,AK,AAL,WE,Towers with Radar,255,127,24,2,408,0,20,63,0,83,255,147,87,2,491,22,0,22,513
10/12/2009,ANC,AK,AAL,WE,Towers with Radar,241,131,40,2,414,1,33,245,3,282,242,164,285,5,696,19,0,19,715
10/13/2009,ANC,AK,AAL,WE,Towers with Radar,276,148,35,7,466,0,0,2,0,2,276,148,37,7,468,0,0,0,468
10/14/2009,ANC,AK,AAL,WE,Towers with Radar,308,218,20,8,554,0,1,8,0,9,308,219,28,8,563,0,0,0,563
10/15/2009,ANC,AK,AAL,WE,Towers with Radar,330,178,24,9,541,0,42,187,11,240,330,220,211,20,781,4,0,4,785
10/16/2009,ANC,AK,AAL,WE,Towers with Radar,321,203,24,6,554,0,23,185,2,210,321,226,209,8,764,32,0,32,796
10/17/2009,ANC,AK,AAL,WE,Towers with Radar,304,130,22,14,470,1,7,154,0,162,305,137,176,14,632,0,0,0,632
10/18/2009,ANC,AK,AAL,WE,Towers with Radar,258,100,26,3,387,0,20,335,4,359,258,120,361,7,746,2,0,2,748
10/19/2009,ANC,AK,AAL,WE,Towers with Radar,276,140,23,2,441,0,27,183,7,217,276,167,206,9,658,48,0,48,706
10/20/2009,ANC,AK,AAL,WE,Towers with Radar,289,143,34,5,471,0,24,153,8,185,289,167,187,13,656,6,0,6,662
10/21/2009,ANC,AK,AAL,WE,Towers with Radar,324,153,26,10,513,0,22,122,13,157,324,175,148,23,670,45,0,45,715
10/22/2009,ANC,AK,AAL,WE,Towers with Radar,332,140,30,9,511,0,21,94,8,123,332,161,124,17,634,38,0,38,672
10/23/2009,ANC,AK,AAL,WE,Towers with Radar,341,170,27,4,542,0,17,134,3,154,341,187,161,7,696,50,0,50,746
10/24/2009,ANC,AK,AAL,WE,Towers with Radar,306,122,14,5,447,0,8,129,0,137,306,130,143,5,584,20,0,20,604
10/25/2009,ANC,AK,AAL,WE,Towers with Radar,279,108,22,2,411,0,17,210,0,227,279,125,232,2,638,16,0,16,654
10/26/2009,ANC,AK,AAL,WE,Towers with Radar,288,172,16,8,484,0,6,44,10,60,288,178,60,18,544,3,0,3,547
10/27/2009,ANC,AK,AAL,WE,Towers with Radar,299,174,16,8,497,0,9,60,6,75,299,183,76,14,572,28,0,28,600
10/28/2009,ANC,AK,AAL,WE,Towers with Radar,323,187,25,8,543,0,13,59,7,79,323,200,84,15,622,0,0,0,622
10/29/2009,ANC,AK,AAL,WE,Towers with Radar,341,140,18,10,509,0,26,73,5,104,341,166,91,15,613,0,0,0,613
10/30/2009,ANC,AK,AAL,WE,Towers with Radar,346,158,17,5,526,1,11,55,0,67,347,169,72,5,593,0,0,0,593
10/31/2009,ANC,AK,AAL,WE,Towers with Radar,319,109,17,5,450,0,12,88,0,100,319,121,105,5,550,24,0,24,574
11/01/2009,ANC,AK,AAL,WE,Towers with Radar,289,90,12,5,396,0,19,108,0,127,289,109,120,5,523,12,0,12,535
11/02/2009,ANC,AK,AAL,WE,Towers with Radar,311,131,17,4,463,0,23,128,6,157,311,154,145,10,620,16,0,16,636
11/03/2009,ANC,AK,AAL,WE,Towers with Radar,317,136,17,9,479,2,17,100,9,128,319,153,117,18,607,6,0,6,613
11/04/2009,ANC,AK,AAL,WE,Towers with Radar,317,148,27,3,495,0,19,68,5,92,317,167,95,8,587,46,0,46,633
11/05/2009,ANC,AK,AAL,WE,Towers with Radar,329,129,16,5,479,0,20,88,5,113,329,149,104,10,592,0,0,0,592
11/06/2009,ANC,AK,AAL,WE,Towers with Radar,339,164,24,9,536,0,10,118,2,130,339,174,142,11,666,36,0,36,702
11/07/2009,ANC,AK,AAL,WE,Towers with Radar,313,99,18,5,435,0,3,92,3,98,313,102,110,8,533,20,0,20,553
11/08/2009,ANC,AK,AAL,WE,Towers with Radar,241,109,20,6,376,0,1,95,1,97,241,110,115,7,473,0,0,0,473
11/09/2009,ANC,AK,AAL,WE,Towers with Radar,271,151,19,1,442,0,9,73,1,83,271,160,92,2,525,20,0,20,545
11/10/2009,ANC,AK,AAL,WE,Towers with Radar,303,147,17,4,471,0,27,88,0,115,303,174,105,4,586,26,0,26,612
11/11/2009,ANC,AK,AAL,WE,Towers with Radar,295,167,9,8,479,0,6,21,0,27,295,173,30,8,506,0,0,0,506
11/12/2009,ANC,AK,AAL,WE,Towers with Radar,344,194,13,7,558,0,24,38,17,79,344,218,51,24,637,0,0,0,637
11/13/2009,ANC,AK,AAL,WE,Towers with Radar,329,187,19,9,544,0,5,46,2,53,329,192,65,11,597,8,0,8,605
11/14/2009,ANC,AK,AAL,WE,Towers with Radar,305,104,20,7,436,0,11,58,5,74,305,115,78,12,510,10,0,10,520
11/15/2009,ANC,AK,AAL,WE,Towers with Radar,279,97,27,2,405,0,4,69,4,77,279,101,96,6,482,34,0,34,516
11/16/2009,ANC,AK,AAL,WE,Towers with Radar,288,158,15,3,464,0,7,56,13,76,288,165,71,16,540,0,0,0,540
11/17/2009,ANC,AK,AAL,WE,Towers with Radar,310,145,23,11,489,0,12,64,6,82,310,157,87,17,571,0,0,0,571
11/18/2009,ANC,AK,AAL,WE,Towers with Radar,325,160,19,12,516,0,35,72,8,115,325,195,91,20,631,10,0,10,641
11/19/2009,ANC,AK,AAL,WE,Towers with Radar,331,153,11,9,504,0,25,66,5,96,331,178,77,14,600,0,0,0,600
11/20/2009,ANC,AK,AAL,WE,Towers with Radar,339,162,22,5,528,0,13,100,3,116,339,175,122,8,644,8,0,8,652
11/21/2009,ANC,AK,AAL,WE,Towers with Radar,306,125,14,6,451,0,2,51,1,54,306,127,65,7,505,14,0,14,519
11/22/2009,ANC,AK,AAL,WE,Towers with Radar,276,97,8,6,387,1,0,55,4,60,277,97,63,10,447,14,0,14,461
11/23/2009,ANC,AK,AAL,WE,Towers with Radar,292,157,6,6,461,0,5,44,16,65,292,162,50,22,526,0,0,0,526
11/24/2009,ANC,AK,AAL,WE,Towers with Radar,305,168,21,7,501,0,11,63,6,80,305,179,84,13,581,6,0,6,587
11/25/2009,ANC,AK,AAL,WE,Towers with Radar,307,164,17,6,494,0,15,74,7,96,307,179,91,13,590,6,0,6,596
11/26/2009,ANC,AK,AAL,WE,Towers with Radar,244,32,2,0,278,0,6,10,0,16,244,38,12,0,294,0,0,0,294
11/27/2009,ANC,AK,AAL,WE,Towers with Radar,296,179,13,3,491,0,0,7,0,7,296,179,20,3,498,0,0,0,498
11/28/2009,ANC,AK,AAL,WE,Towers with Radar,299,108,11,5,423,0,6,24,0,30,299,114,35,5,453,0,0,0,453
11/29/2009,ANC,AK,AAL,WE,Towers with Radar,262,100,13,0,375,0,2,28,0,30,262,102,41,0,405,0,0,0,405
11/30/2009,ANC,AK,AAL,WE,Towers with Radar,307,143,27,0,477,0,3,24,0,27,307,146,51,0,504,28,0,28,532
12/01/2009,ANC,AK,AAL,WE,Towers with Radar,306,169,17,6,498,0,2,9,3,14,306,171,26,9,512,0,0,0,512
12/02/2009,ANC,AK,AAL,WE,Towers with Radar,310,153,16,7,486,0,17,37,7,61,310,170,53,14,547,0,0,0,547
12/03/2009,ANC,AK,AAL,WE,Towers with Radar,311,145,17,7,480,1,17,58,3,79,312,162,75,10,559,0,0,0,559
12/04/2009,ANC,AK,AAL,WE,Towers with Radar,336,140,24,6,506,0,14,83,5,102,336,154,107,11,608,0,0,0,608
12/05/2009,ANC,AK,AAL,WE,Towers with Radar,278,97,13,5,393,1,5,86,0,92,279,102,99,5,485,46,0,46,531
12/06/2009,ANC,AK,AAL,WE,Towers with Radar,254,90,7,1,352,0,18,83,5,106,254,108,90,6,458,6,0,6,464
12/07/2009,ANC,AK,AAL,WE,Towers with Radar,294,132,20,1,447,0,5,40,3,48,294,137,60,4,495,0,0,0,495
12/08/2009,ANC,AK,AAL,WE,Towers with Radar,291,176,21,4,492,0,7,42,2,51,291,183,63,6,543,12,0,12,555
12/09/2009,ANC,AK,AAL,WE,Towers with Radar,309,159,23,4,495,0,4,1,1,6,309,163,24,5,501,0,0,0,501
12/10/2009,ANC,AK,AAL,WE,Towers with Radar,320,197,23,4,544,0,1,0,0,1,320,198,23,4,545,0,0,0,545
12/11/2009,ANC,AK,AAL,WE,Towers with Radar,324,170,34,3,531,0,0,1,0,1,324,170,35,3,532,0,0,0,532
12/12/2009,ANC,AK,AAL,WE,Towers with Radar,277,108,15,6,406,0,0,0,0,0,277,108,15,6,406,0,0,0,406
12/13/2009,ANC,AK,AAL,WE,Towers with Radar,235,112,29,0,376,0,0,0,0,0,235,112,29,0,376,0,0,0,376
12/14/2009,ANC,AK,AAL,WE,Towers with Radar,255,169,10,5,439,0,4,33,5,42,255,173,43,10,481,0,0,0,481
12/15/2009,ANC,AK,AAL,WE,Towers with Radar,299,171,27,5,502,0,14,19,4,37,299,185,46,9,539,6,0,6,545
12/16/2009,ANC,AK,AAL,WE,Towers with Radar,295,182,32,8,517,0,9,40,2,51,295,191,72,10,568,4,0,4,572
12/17/2009,ANC,AK,AAL,WE,Towers with Radar,323,172,25,12,532,0,4,14,4,22,323,176,39,16,554,0,0,0,554
12/18/2009,ANC,AK,AAL,WE,Towers with Radar,322,200,21,12,555,1,7,45,2,55,323,207,66,14,610,24,0,24,634
12/19/2009,ANC,AK,AAL,WE,Towers with Radar,292,144,8,9,453,0,1,24,0,25,292,145,32,9,478,14,0,14,492
12/20/2009,ANC,AK,AAL,WE,Towers with Radar,219,87,16,1,323,0,8,49,2,59,219,95,65,3,382,8,0,8,390
12/21/2009,ANC,AK,AAL,WE,Towers with Radar,238,134,8,2,382,0,20,99,9,128,238,154,107,11,510,0,0,0,510
12/22/2009,ANC,AK,AAL,WE,Towers with Radar,276,158,16,11,461,0,20,66,4,90,276,178,82,15,551,22,0,22,573
12/23/2009,ANC,AK,AAL,WE,Towers with Radar,282,185,11,3,481,1,11,23,0,35,283,196,34,3,516,0,0,0,516
12/24/2009,ANC,AK,AAL,WE,Towers with Radar,294,145,15,2,456,0,15,66,1,82,294,160,81,3,538,8,0,8,546
12/25/2009,ANC,AK,AAL,WE,Towers with Radar,202,31,3,0,236,0,0,8,0,8,202,31,11,0,244,0,0,0,244
12/26/2009,ANC,AK,AAL,WE,Towers with Radar,245,116,12,4,377,0,2,75,0,77,245,118,87,4,454,26,0,26,480
12/27/2009,ANC,AK,AAL,WE,Towers with Radar,202,116,11,3,332,0,6,65,3,74,202,122,76,6,406,0,0,0,406
12/28/2009,ANC,AK,AAL,WE,Towers with Radar,214,133,15,9,371,0,20,93,7,120,214,153,108,16,491,0,0,0,491
12/29/2009,ANC,AK,AAL,WE,Towers with Radar,253,155,14,6,428,1,26,123,11,161,254,181,137,17,589,8,0,8,597
12/30/2009,ANC,AK,AAL,WE,Towers with Radar,264,147,9,3,423,0,21,105,6,132,264,168,114,9,555,6,0,6,561
12/31/2009,ANC,AK,AAL,WE,Towers with Radar,259,138,16,4,417,0,19,106,2,127,259,157,122,6,544,10,0,10,554
01/01/2010,ANC,AK,AAL,WE,Towers with Radar,199,33,6,0,238,0,0,0,0,0,199,33,6,0,238,0,0,0,238
01/02/2010,ANC,AK,AAL,WE,Towers with Radar,224,132,11,3,370,0,6,79,0,85,224,138,90,3,455,18,0,18,473
01/03/2010,ANC,AK,AAL,WE,Towers with Radar,193,108,19,0,320,0,2,31,0,33,193,110,50,0,353,0,0,0,353
01/04/2010,ANC,AK,AAL,WE,Towers with Radar,187,144,18,4,353,0,8,55,6,69,187,152,73,10,422,0,0,0,422
01/05/2010,ANC,AK,AAL,WE,Towers with Radar,225,158,21,6,410,0,14,73,7,94,225,172,94,13,504,0,0,0,504
01/06/2010,ANC,AK,AAL,WE,Towers with Radar,260,198,12,4,474,0,5,10,0,15,260,203,22,4,489,0,0,0,489
01/07/2010,ANC,AK,AAL,WE,Towers with Radar,279,166,17,9,471,0,23,83,5,111,279,189,100,14,582,6,0,6,588
01/08/2010,ANC,AK,AAL,WE,Towers with Radar,280,184,18,7,489,0,10,70,4,84,280,194,88,11,573,20,0,20,593
01/09/2010,ANC,AK,AAL,WE,Towers with Radar,248,129,22,4,403,0,10,134,0,144,248,139,156,4,547,24,0,24,571
01/10/2010,ANC,AK,AAL,WE,Towers with Radar,211,92,20,1,324,0,10,96,3,109,211,102,116,4,433,0,0,0,433
01/11/2010,ANC,AK,AAL,WE,Towers with Radar,204,133,18,5,360,1,6,45,6,58,205,139,63,11,418,0,0,0,418
01/12/2010,ANC,AK,AAL,WE,Towers with Radar,250,191,18,8,467,0,9,29,6,44,250,200,47,14,511,4,0,4,515
01/13/2010,ANC,AK,AAL,WE,Towers with Radar,268,159,23,5,455,0,18,76,13,107,268,177,99,18,562,0,0,0,562
01/14/2010,ANC,AK,AAL,WE,Towers with Radar,287,207,14,8,516,0,3,7,7,17,287,210,21,15,533,0,0,0,533
01/15/2010,ANC,AK,AAL,WE,Towers with Radar,285,179,26,5,495,0,6,74,0,80,285,185,100,5,575,22,0,22,597
01/16/2010,ANC,AK,AAL,WE,Towers with Radar,259,115,8,6,388,0,5,109,1,115,259,120,117,7,503,42,0,42,545
01/17/2010,ANC,AK,AAL,WE,Towers with Radar,219,104,18,6,347,0,16,100,2,118,219,120,118,8,465,24,0,24,489
01/18/2010,ANC,AK,AAL,WE,Towers with Radar,215,155,17,0,387,0,1,42,0,43,215,156,59,0,430,10,0,10,440
01/19/2010,ANC,AK,AAL,WE,Towers with Radar,263,141,18,10,432,2,17,76,8,103,265,158,94,18,535,0,0,0,535
01/20/2010,ANC,AK,AAL,WE,Towers with Radar,296,144,18,12,470,0,35,87,8,130,296,179,105,20,600,10,0,10,610
01/21/2010,ANC,AK,AAL,WE,Towers with Radar,292,163,21,9,485,0,8,20,5,33,292,171,41,14,518,0,0,0,518
01/22/2010,ANC,AK,AAL,WE,Towers with Radar,306,147,23,5,481,1,12,127,6,146,307,159,150,11,627,28,0,28,655
01/23/2010,ANC,AK,AAL,WE,Towers with Radar,256,111,25,5,397,0,14,114,0,128,256,125,139,5,525,10,0,10,535
01/24/2010,ANC,AK,AAL,WE,Towers with Radar,221,101,11,0,333,0,9,79,0,88,221,110,90,0,421,0,0,0,421
01/25/2010,ANC,AK,AAL,WE,Towers with Radar,228,143,20,1,392,0,16,81,16,113,228,159,101,17,505,69,0,69,574
01/26/2010,ANC,AK,AAL,WE,Towers with Radar,279,147,16,5,447,1,30,104,6,141,280,177,120,11,588,42,0,42,630
01/27/2010,ANC,AK,AAL,WE,Towers with Radar,284,146,23,10,463,0,19,83,10,112,284,165,106,20,575,52,0,52,627
01/28/2010,ANC,AK,AAL,WE,Towers with Radar,303,135,14,7,459,0,16,87,10,113,303,151,101,17,572,34,0,34,606
01/29/2010,ANC,AK,AAL,WE,Towers with Radar,289,117,17,7,430,0,24,115,1,140,289,141,132,8,570,0,0,0,570
01/30/2010,ANC,AK,AAL,WE,Towers with Radar,270,89,11,3,373,0,7,58,2,67,270,96,69,5,440,48,0,48,488
01/31/2010,ANC,AK,AAL,WE,Towers with Radar,223,94,8,6,331,0,13,141,2,156,223,107,149,8,487,14,0,14,501
02/01/2010,ANC,AK,AAL,WE,Towers with Radar,229,136,20,2,387,0,6,91,12,109,229,142,111,14,496,18,0,18,514
02/02/2010,ANC,AK,AAL,WE,Towers with Radar,274,139,22,6,441,0,13,91,7,111,274,152,113,13,552,14,0,14,566
02/03/2010,ANC,AK,AAL,WE,Towers with Radar,306,151,12,9,478,0,19,71,14,104,306,170,83,23,582,52,0,52,634
02/04/2010,ANC,AK,AAL,WE,Towers with Radar,323,136,11,8,478,0,13,79,7,99,323,149,90,15,577,0,0,0,577
02/05/2010,ANC,AK,AAL,WE,Towers with Radar,299,188,25,8,520,0,2,8,1,11,299,190,33,9,531,6,0,6,537
02/06/2010,ANC,AK,AAL,WE,Towers with Radar,279,120,6,6,411,0,0,12,1,13,279,120,18,7,424,0,0,0,424
02/07/2010,ANC,AK,AAL,WE,Towers with Radar,239,121,21,6,387,0,5,39,4,48,239,126,60,10,435,10,0,10,445
02/08/2010,ANC,AK,AAL,WE,Towers with Radar,249,141,15,3,408,0,12,84,15,111,249,153,99,18,519,0,0,0,519
02/09/2010,ANC,AK,AAL,WE,Towers with Radar,290,140,18,7,455,0,5,51,6,62,290,145,69,13,517,4,0,4,521
02/10/2010,ANC,AK,AAL,WE,Towers with Radar,296,151,31,4,482,0,14,70,14,98,296,165,101,18,580,14,0,14,594
02/11/2010,ANC,AK,AAL,WE,Towers with Radar,317,144,19,6,486,0,30,121,12,163,317,174,140,18,649,4,0,4,653
02/12/2010,ANC,AK,AAL,WE,Towers with Radar,335,156,24,6,521,0,15,85,0,100,335,171,109,6,621,8,0,8,629
02/13/2010,ANC,AK,AAL,WE,Towers with Radar,277,102,15,9,403,0,11,123,0,134,277,113,138,9,537,9,0,9,546
02/14/2010,ANC,AK,AAL,WE,Towers with Radar,250,79,7,1,337,0,17,125,2,144,250,96,132,3,481,20,0,20,501
02/15/2010,ANC,AK,AAL,WE,Towers with Radar,247,127,11,0,385,0,5,81,0,86,247,132,92,0,471,36,0,36,507
02/16/2010,ANC,AK,AAL,WE,Towers with Radar,252,136,18,7,413,0,25,97,4,126,252,161,115,11,539,28,0,28,567
02/17/2010,ANC,AK,AAL,WE,Towers with Radar,231,145,23,6,405,0,28,114,12,154,231,173,137,18,559,40,0,40,599
02/18/2010,ANC,AK,AAL,WE,Towers with Radar,231,160,13,13,417,0,11,38,4,53,231,171,51,17,470,0,0,0,470
02/19/2010,ANC,AK,AAL,WE,Towers with Radar,230,160,23,8,421,0,4,75,0,79,230,164,98,8,500,0,0,0,500
02/20/2010,ANC,AK,AAL,WE,Towers with Radar,205,102,16,5,328,1,11,148,2,162,206,113,164,7,490,15,0,15,505
02/21/2010,ANC,AK,AAL,WE,Towers with Radar,182,104,14,1,301,0,3,149,0,152,182,107,163,1,453,22,0,22,475
02/22/2010,ANC,AK,AAL,WE,Towers with Radar,184,138,24,1,347,2,16,179,2,199,186,154,203,3,546,0,0,0,546
02/23/2010,ANC,AK,AAL,WE,Towers with Radar,230,144,21,4,399,0,17,143,5,165,230,161,164,9,564,26,0,26,590
02/24/2010,ANC,AK,AAL,WE,Towers with Radar,263,150,21,11,445,0,30,135,11,176,263,180,156,22,621,20,0,20,641
02/25/2010,ANC,AK,AAL,WE,Towers with Radar,280,179,22,9,490,0,6,21,5,32,280,185,43,14,522,0,0,0,522
02/26/2010,ANC,AK,AAL,WE,Towers with Radar,287,175,32,5,499,0,16,93,3,112,287,191,125,8,611,8,0,8,619
02/27/2010,ANC,AK,AAL,WE,Towers with Radar,268,123,17,7,415,0,3,100,2,105,268,126,117,9,520,0,0,0,520
02/28/2010,ANC,AK,AAL,WE,Towers with Radar,217,117,29,2,365,0,3,55,0,58,217,120,84,2,423,0,0,0,423
03/01/2010,ANC,AK,AAL,WE,Towers with Radar,224,147,22,3,396,0,16,89,8,113,224,163,111,11,509,12,0,12,521
03/02/2010,ANC,AK,AAL,WE,Towers with Radar,268,156,26,7,457,0,12,68,5,85,268,168,94,12,542,0,0,0,542
03/03/2010,ANC,AK,AAL,WE,Towers with Radar,299,159,25,7,490,0,18,87,11,116,299,177,112,18,606,6,0,6,612
03/04/2010,ANC,AK,AAL,WE,Towers with Radar,303,170,21,9,503,0,14,54,6,74,303,184,75,15,577,0,0,0,577
03/05/2010,ANC,AK,AAL,WE,Towers with Radar,300,144,29,4,477,1,2,32,2,37,301,146,61,6,514,6,0,6,520
03/06/2010,ANC,AK,AAL,WE,Towers with Radar,277,125,26,5,433,0,8,50,1,59,277,133,76,6,492,4,0,4,496
03/07/2010,ANC,AK,AAL,WE,Towers with Radar,233,100,12,2,347,1,45,283,0,329,234,145,295,2,676,32,0,32,708
03/08/2010,ANC,AK,AAL,WE,Towers with Radar,235,149,28,3,415,0,13,53,3,69,235,162,81,6,484,0,0,0,484
03/09/2010,ANC,AK,AAL,WE,Towers with Radar,275,176,26,5,482,0,13,16,1,30,275,189,42,6,512,0,0,0,512
03/10/2010,ANC,AK,AAL,WE,Towers with Radar,292,183,22,16,513,0,17,71,9,97,292,200,93,25,610,4,0,4,614
03/11/2010,ANC,AK,AAL,WE,Towers with Radar,308,174,36,16,534,0,11,61,5,77,308,185,97,21,611,28,0,28,639
03/12/2010,ANC,AK,AAL,WE,Towers with Radar,297,166,36,8,507,0,35,140,3,178,297,201,176,11,685,12,0,12,697
03/13/2010,ANC,AK,AAL,WE,Towers with Radar,284,99,20,6,409,0,21,158,0,179,284,120,178,6,588,38,0,38,626
03/14/2010,ANC,AK,AAL,WE,Towers with Radar,232,114,24,6,376,0,4,97,9,110,232,118,121,15,486,22,0,22,508
03/15/2010,ANC,AK,AAL,WE,Towers with Radar,267,116,12,4,399,0,20,141,10,171,267,136,153,14,570,26,0,26,596
03/16/2010,ANC,AK,AAL,WE,Towers with Radar,297,132,15,7,451,0,26,174,9,209,297,158,189,16,660,12,0,12,672
03/17/2010,ANC,AK,AAL,WE,Towers with Radar,300,136,15,7,458,0,38,207,6,251,300,174,222,13,709,24,0,24,733
03/18/2010,ANC,AK,AAL,WE,Towers with Radar,306,147,23,8,484,0,24,145,12,181,306,171,168,20,665,2,0,2,667
03/19/2010,ANC,AK,AAL,WE,Towers with Radar,317,148,9,10,484,0,23,131,1,155,317,171,140,11,639,0,0,0,639
03/20/2010,ANC,AK,AAL,WE,Towers with Radar,274,98,18,3,393,0,16,240,2,258,274,114,258,5,651,2,0,2,653
03/21/2010,ANC,AK,AAL,WE,Towers with Radar,245,113,12,4,374,0,16,250,0,266,245,129,262,4,640,40,0,40,680
03/22/2010,ANC,AK,AAL,WE,Towers with Radar,259,159,23,9,450,0,14,72,5,91,259,173,95,14,541,0,0,0,541
03/23/2010,ANC,AK,AAL,WE,Towers with Radar,308,138,27,13,486,1,24,112,11,148,309,162,139,24,634,32,0,32,666
03/24/2010,ANC,AK,AAL,WE,Towers with Radar,315,156,30,10,511,0,23,148,15,186,315,179,178,25,697,32,0,32,729
03/25/2010,ANC,AK,AAL,WE,Towers with Radar,329,140,23,12,504,0,24,178,5,207,329,164,201,17,711,52,0,52,763
03/26/2010,ANC,AK,AAL,WE,Towers with Radar,329,143,24,3,499,0,38,225,1,264,329,181,249,4,763,40,0,40,803
03/27/2010,ANC,AK,AAL,WE,Towers with Radar,285,97,13,5,400,0,10,141,0,151,285,107,154,5,551,24,0,24,575
03/28/2010,ANC,AK,AAL,WE,Towers with Radar,265,105,26,1,397,0,10,107,0,117,265,115,133,1,514,0,0,0,514
03/29/2010,ANC,AK,AAL,WE,Towers with Radar,273,145,25,4,447,0,11,129,7,147,273,156,154,11,594,44,0,44,638
03/30/2010,ANC,AK,AAL,WE,Towers with Radar,290,175,26,9,500,0,21,151,9,181,290,196,177,18,681,25,0,25,706
03/31/2010,ANC,AK,AAL,WE,Towers with Radar,307,150,29,6,492,0,43,123,12,178,307,193,152,18,670,12,0,12,682
04/01/2010,ANC,AK,AAL,WE,Towers with Radar,331,159,22,4,516,0,31,150,11,192,331,190,172,15,708,16,0,16,724
04/02/2010,ANC,AK,AAL,WE,Towers with Radar,315,156,24,7,502,2,29,191,1,223,317,185,215,8,725,28,0,28,753
04/03/2010,ANC,AK,AAL,WE,Towers with Radar,294,111,11,3,419,2,20,298,0,320,296,131,309,3,739,32,0,32,771
04/04/2010,ANC,AK,AAL,WE,Towers with Radar,251,93,4,3,351,0,19,114,0,133,251,112,118,3,484,64,0,64,548
04/05/2010,ANC,AK,AAL,WE,Towers with Radar,277,165,28,7,477,0,5,68,12,85,277,170,96,19,562,0,0,0,562
04/06/2010,ANC,AK,AAL,WE,Towers with Radar,294,183,27,13,517,0,4,34,1,39,294,187,61,14,556,28,0,28,584
04/07/2010,ANC,AK,AAL,WE,Towers with Radar,313,157,22,7,499,0,30,95,10,135,313,187,117,17,634,22,0,22,656
04/08/2010,ANC,AK,AAL,WE,Towers with Radar,311,139,24,9,483,0,25,205,13,243,311,164,229,22,726,10,0,10,736
04/09/2010,ANC,AK,AAL,WE,Towers with Radar,330,132,26,8,496,0,42,226,5,273,330,174,252,13,769,18,0,18,787
04/10/2010,ANC,AK,AAL,WE,Towers with Radar,265,104,21,6,396,0,12,146,6,164,265,116,167,12,560,6,0,6,566
04/11/2010,ANC,AK,AAL,WE,Towers with Radar,257,115,26,2,400,0,0,29,3,32,257,115,55,5,432,0,0,0,432
04/12/2010,ANC,AK,AAL,WE,Towers with Radar,264,153,25,5,447,0,8,33,5,46,264,161,58,10,493,0,0,0,493
04/13/2010,ANC,AK,AAL,WE,Towers with Radar,302,154,28,11,495,1,23,85,14,123,303,177,113,25,618,2,0,2,620
04/14/2010,ANC,AK,AAL,WE,Towers with Radar,312,204,45,10,571,0,0,6,2,8,312,204,51,12,579,0,0,0,579
04/15/2010,ANC,AK,AAL,WE,Towers with Radar,314,143,38,9,504,1,34,170,8,213,315,177,208,17,717,6,0,6,723
04/16/2010,ANC,AK,AAL,WE,Towers with Radar,331,163,39,5,538,1,7,79,1,88,332,170,118,6,626,10,0,10,636
04/17/2010,ANC,AK,AAL,WE,Towers with Radar,291,117,25,4,437,0,10,137,0,147,291,127,162,4,584,54,0,54,638
04/18/2010,ANC,AK,AAL,WE,Towers with Radar,295,94,18,1,408,0,12,132,0,144,295,106,150,1,552,22,0,22,574
04/19/2010,ANC,AK,AAL,WE,Towers with Radar,293,150,38,9,490,0,18,85,7,110,293,168,123,16,600,30,0,30,630
04/20/2010,ANC,AK,AAL,WE,Towers with Radar,313,153,23,8,497,0,37,143,11,191,313,190,166,19,688,22,0,22,710
04/21/2010,ANC,AK,AAL,WE,Towers with Radar,306,182,29,7,524,0,23,114,8,145,306,205,143,15,669,4,0,4,673
04/22/2010,ANC,AK,AAL,WE,Towers with Radar,325,178,48,14,565,0,8,65,2,75,325,186,113,16,640,38,0,38,678
04/23/2010,ANC,AK,AAL,WE,Towers with Radar,338,167,41,12,558,0,21,179,3,203,338,188,220,15,761,42,0,42,803
04/24/2010,ANC,AK,AAL,WE,Towers with Radar,289,98,26,8,421,0,18,260,3,281,289,116,286,11,702,50,0,50,752
04/25/2010,ANC,AK,AAL,WE,Towers with Radar,257,99,16,2,374,0,16,150,2,168,257,115,166,4,542,52,0,52,594
04/26/2010,ANC,AK,AAL,WE,Towers with Radar,284,144,32,7,467,0,20,134,10,164,284,164,166,17,631,48,0,48,679
04/27/2010,ANC,AK,AAL,WE,Towers with Radar,309,160,25,8,502,0,30,193,8,231,309,190,218,16,733,46,0,46,779
04/28/2010,ANC,AK,AAL,WE,Towers with Radar,316,147,36,9,508,1,31,195,13,240,317,178,231,22,748,64,0,64,812
04/29/2010,ANC,AK,AAL,WE,Towers with Radar,335,147,29,13,524,0,25,142,8,175,335,172,171,21,699,22,0,22,721
04/30/2010,ANC,AK,AAL,WE,Towers with Radar,332,173,26,13,544,1,17,191,5,214,333,190,217,18,758,40,0,40,798
05/01/2010,ANC,AK,AAL,WE,Towers with Radar,283,102,18,9,412,2,22,203,2,229,285,124,221,11,641,26,0,26,667
05/02/2010,ANC,AK,AAL,WE,Towers with Radar,275,107,17,5,404,2,20,192,10,224,277,127,209,15,628,22,0,22,650
05/03/2010,ANC,AK,AAL,WE,Towers with Radar,288,144,21,14,467,0,37,185,6,228,288,181,206,20,695,62,0,62,757
05/04/2010,ANC,AK,AAL,WE,Towers with Radar,298,153,30,13,494,2,44,246,12,304,300,197,276,25,798,22,0,22,820
05/05/2010,ANC,AK,AAL,WE,Towers with Radar,314,155,19,7,495,0,42,185,15,242,314,197,204,22,737,18,0,18,755
05/06/2010,ANC,AK,AAL,WE,Towers with Radar,305,174,32,16,527,0,21,133,10,164,305,195,165,26,691,32,0,32,723
05/07/2010,ANC,AK,AAL,WE,Towers with Radar,325,161,22,10,518,0,35,294,1,330,325,196,316,11,848,42,0,42,890
05/08/2010,ANC,AK,AAL,WE,Towers with Radar,308,98,26,4,436,2,17,317,2,338,310,115,343,6,774,48,0,48,822
05/09/2010,ANC,AK,AAL,WE,Towers with Radar,274,90,35,4,403,0,34,259,0,293,274,124,294,4,696,8,0,8,704
05/10/2010,ANC,AK,AAL,WE,Towers with Radar,275,144,25,3,447,2,26,116,11,155,277,170,141,14,602,24,0,24,626
05/11/2010,ANC,AK,AAL,WE,Towers with Radar,317,161,22,5,505,0,12,109,0,121,317,173,131,5,626,10,0,10,636
05/12/2010,ANC,AK,AAL,WE,Towers with Radar,300,161,26,11,498,0,30,168,9,207,300,191,194,20,705,40,0,40,745
05/13/2010,ANC,AK,AAL,WE,Towers with Radar,316,162,24,11,513,0,35,197,5,237,316,197,221,16,750,28,0,28,778
05/14/2010,ANC,AK,AAL,WE,Towers with Radar,343,161,35,6,545,0,43,280,4,327,343,204,315,10,872,36,0,36,908
05/15/2010,ANC,AK,AAL,WE,Towers with Radar,316,112,27,3,458,1,45,218,0,264,317,157,245,3,722,72,0,72,794
05/16/2010,ANC,AK,AAL,WE,Towers with Radar,291,114,17,1,423,0,28,206,1,235,291,142,223,2,658,0,0,0,658
05/17/2010,ANC,AK,AAL,WE,Towers with Radar,310,141,23,5,479,0,46,291,11,348,310,187,314,16,827,28,0,28,855
05/18/2010,ANC,AK,AAL,WE,Towers with Radar,318,142,24,5,489,0,71,327,10,408,318,213,351,15,897,72,0,72,969
05/19/2010,ANC,AK,AAL,WE,Towers with Radar,326,148,28,9,511,1,50,229,12,292,327,198,257,21,803,2,0,2,805
05/20/2010,ANC,AK,AAL,WE,Towers with Radar,347,173,35,8,563,1,36,184,12,233,348,209,219,20,796,18,0,18,814
05/21/2010,ANC,AK,AAL,WE,Towers with Radar,360,146,25,9,540,1,64,324,2,391,361,210,349,11,931,8,0,8,939
05/22/2010,ANC,AK,AAL,WE,Towers with Radar,309,115,20,6,450,0,54,339,2,395,309,169,359,8,845,24,0,24,869
05/23/2010,ANC,AK,AAL,WE,Towers with Radar,295,109,19,2,425,0,50,399,3,452,295,159,418,5,877,72,0,72,949
05/24/2010,ANC,AK,AAL,WE,Towers with Radar,320,147,20,9,496,1,66,249,6,322,321,213,269,15,818,0,0,0,818
05/25/2010,ANC,AK,AAL,WE,Towers with Radar,342,167,38,11,558,0,57,329,11,397,342,224,367,22,955,20,0,20,975
05/26/2010,ANC,AK,AAL,WE,Towers with Radar,338,159,25,5,527,0,85,376,0,461,338,244,401,5,988,34,0,34,1022
05/27/2010,ANC,AK,AAL,WE,Towers with Radar,347,152,24,12,535,1,105,388,10,504,348,257,412,22,1039,42,0,42,1081
05/28/2010,ANC,AK,AAL,WE,Towers with Radar,370,169,21,4,564,0,115,468,8,591,370,284,489,12,1155,46,0,46,1201
05/29/2010,ANC,AK,AAL,WE,Towers with Radar,339,114,9,6,468,0,95,447,0,542,339,209,456,6,1010,54,0,54,1064
05/30/2010,ANC,AK,AAL,WE,Towers with Radar,295,104,19,5,423,0,63,386,3,452,295,167,405,8,875,0,0,0,875
05/31/2010,ANC,AK,AAL,WE,Towers with Radar,323,120,15,7,465,0,82,480,2,564,323,202,495,9,1029,2,0,2,1031
06/01/2010,ANC,AK,AAL,WE,Towers with Radar,351,170,23,12,556,0,83,256,16,355,351,253,279,28,911,14,0,14,925
06/02/2010,ANC,AK,AAL,WE,Towers with Radar,349,172,36,13,570,0,89,319,14,422,349,261,355,27,992,10,0,10,1002
06/03/2010,ANC,AK,AAL,WE,Towers with Radar,360,207,36,13,616,3,127,140,11,281,363,334,176,24,897,14,0,14,911
06/04/2010,ANC,AK,AAL,WE,Towers with Radar,371,205,43,5,624,0,63,311,1,375,371,268,354,6,999,26,0,26,1025
06/05/2010,ANC,AK,AAL,WE,Towers with Radar,339,145,33,7,524,0,80,386,4,470,339,225,419,11,994,12,0,12,1006
06/06/2010,ANC,AK,AAL,WE,Towers with Radar,322,125,29,2,478,0,76,402,0,478,322,201,431,2,956,2,0,2,958
06/07/2010,ANC,AK,AAL,WE,Towers with Radar,335,165,31,6,537,0,97,322,15,434,335,262,353,21,971,12,0,12,983
06/08/2010,ANC,AK,AAL,WE,Towers with Radar,347,177,40,9,573,0,96,311,12,419,347,273,351,21,992,16,0,16,1008
06/09/2010,ANC,AK,AAL,WE,Towers with Radar,368,176,36,6,586,1,89,361,12,463,369,265,397,18,1049,38,0,38,1087
06/10/2010,ANC,AK,AAL,WE,Towers with Radar,371,184,51,13,619,0,106,342,11,459,371,290,393,24,1078,12,0,12,1090
06/11/2010,ANC,AK,AAL,WE,Towers with Radar,394,183,38,12,627,0,125,411,2,538,394,308,449,14,1165,16,0,16,1181
06/12/2010,ANC,AK,AAL,WE,Towers with Radar,365,134,21,4,524,0,111,328,5,444,365,245,349,9,968,20,0,20,988
06/13/2010,ANC,AK,AAL,WE,Towers with Radar,345,118,38,2,503,0,134,395,7,536,345,252,433,9,1039,22,0,22,1061
06/14/2010,ANC,AK,AAL,WE,Towers with Radar,333,184,30,9,556,0,101,260,16,377,333,285,290,25,933,6,0,6,939
06/15/2010,ANC,AK,AAL,WE,Towers with Radar,368,226,36,17,647,0,84,171,2,257,368,310,207,19,904,12,0,12,916
06/16/2010,ANC,AK,AAL,WE,Towers with Radar,359,196,35,14,604,1,94,244,10,349,360,290,279,24,953,0,0,0,953
06/17/2010,ANC,AK,AAL,WE,Towers with Radar,386,196,42,13,637,1,110,310,8,429,387,306,352,21,1066,8,0,8,1074
06/18/2010,ANC,AK,AAL,WE,Towers with Radar,370,197,37,9,613,0,108,438,0,546,370,305,475,9,1159,20,0,20,1179
06/19/2010,ANC,AK,AAL,WE,Towers with Radar,371,179,19,12,581,1,108,324,0,433,372,287,343,12,1014,4,0,4,1018
06/20/2010,ANC,AK,AAL,WE,Towers with Radar,342,135,47,2,526,0,145,395,2,542,342,280,442,4,1068,24,0,24,1092
06/21/2010,ANC,AK,AAL,WE,Towers with Radar,344,173,32,2,551,6,49,175,13,243,350,222,207,15,794,12,0,12,806
06/22/2010,ANC,AK,AAL,WE,Towers with Radar,378,203,38,9,628,0,112,388,6,506,378,315,426,15,1134,8,0,8,1142
06/23/2010,ANC,AK,AAL,WE,Towers with Radar,377,205,43,12,637,1,141,424,13,579,378,346,467,25,1216,34,0,34,1250
06/24/2010,ANC,AK,AAL,WE,Towers with Radar,389,205,44,6,644,0,121,449,15,585,389,326,493,21,1229,50,0,50,1279
06/25/2010,ANC,AK,AAL,WE,Towers with Radar,417,224,51,7,699,0,139,485,3,627,417,363,536,10,1326,34,0,34,1360
06/26/2010,ANC,AK,AAL,WE,Towers with Radar,373,151,50,5,579,0,107,300,0,407,373,258,350,5,986,68,0,68,1054
06/27/2010,ANC,AK,AAL,WE,Towers with Radar,341,157,48,1,547,0,73,134,0,207,341,230,182,1,754,8,0,8,762
06/28/2010,ANC,AK,AAL,WE,Towers with Radar,357,199,33,7,596,0,97,293,8,398,357,296,326,15,994,8,0,8,1002
06/29/2010,ANC,AK,AAL,WE,Towers with Radar,390,202,44,9,645,0,105,350,11,466,390,307,394,20,1111,24,0,24,1135
06/30/2010,ANC,AK,AAL,WE,Towers with Radar,382,191,48,12,633,0,126,370,9,505,382,317,418,21,1138,42,0,42,1180
07/01/2010,ANC,AK,AAL,WE,Towers with Radar,387,192,45,12,636,0,158,417,5,580,387,350,462,17,1216,26,0,26,1242
07/02/2010,ANC,AK,AAL,WE,Towers with Radar,395,189,47,6,637,1,118,444,3,566,396,307,491,9,1203,16,0,16,1219
07/03/2010,ANC,AK,AAL,WE,Towers with Radar,376,163,37,6,582,0,111,328,1,440,376,274,365,7,1022,60,0,60,1082
07/04/2010,ANC,AK,AAL,WE,Towers with Radar,315,97,17,1,430,1,100,309,2,412,316,197,326,3,842,80,0,80,922
07/05/2010,ANC,AK,AAL,WE,Towers with Radar,352,159,33,3,547,2,138,376,2,518,354,297,409,5,1065,14,0,14,1079
07/06/2010,ANC,AK,AAL,WE,Towers with Radar,362,186,32,5,585,2,134,311,11,458,364,320,343,16,1043,18,0,18,1061
07/07/2010,ANC,AK,AAL,WE,Towers with Radar,399,183,36,3,621,0,119,325,14,458,399,302,361,17,1079,22,0,22,1101
07/08/2010,ANC,AK,AAL,WE,Towers with Radar,388,194,43,7,632,0,114,291,10,415,388,308,334,17,1047,20,0,20,1067
07/09/2010,ANC,AK,AAL,WE,Towers with Radar,387,178,29,7,601,0,152,438,0,590,387,330,467,7,1191,38,0,38,1229
07/10/2010,ANC,AK,AAL,WE,Towers with Radar,362,181,36,8,587,1,116,271,0,388,363,297,307,8,975,20,0,20,995
07/11/2010,ANC,AK,AAL,WE,Towers with Radar,346,124,30,2,502,0,115,423,0,538,346,239,453,2,1040,8,0,8,1048
07/12/2010,ANC,AK,AAL,WE,Towers with Radar,333,164,23,3,523,3,147,372,18,540,336,311,395,21,1063,10,0,10,1073
07/13/2010,ANC,AK,AAL,WE,Towers with Radar,379,194,35,11,619,0,110,222,2,334,379,304,257,13,953,20,0,20,973
07/14/2010,ANC,AK,AAL,WE,Towers with Radar,382,195,23,9,609,0,122,425,9,556,382,317,448,18,1165,26,0,26,1191
07/15/2010,ANC,AK,AAL,WE,Towers with Radar,408,211,35,9,663,0,106,263,7,376,408,317,298,16,1039,16,0,16,1055
07/16/2010,ANC,AK,AAL,WE,Towers with Radar,384,208,49,9,650,2,141,372,2,517,386,349,421,11,1167,12,0,12,1179
07/17/2010,ANC,AK,AAL,WE,Towers with Radar,372,174,41,9,596,0,137,458,0,595,372,311,499,9,1191,14,0,14,1205
07/18/2010,ANC,AK,AAL,WE,Towers with Radar,333,172,42,1,548,1,90,182,0,273,334,262,224,1,821,14,0,14,835
07/19/2010,ANC,AK,AAL,WE,Towers with Radar,341,242,42,5,630,0,88,191,6,285,341,330,233,11,915,24,0,24,939
07/20/2010,ANC,AK,AAL,WE,Towers with Radar,366,218,34,12,630,0,115,207,8,330,366,333,241,20,960,26,0,26,986
07/21/2010,ANC,AK,AAL,WE,Towers with Radar,390,207,54,4,655,0,133,316,10,459,390,340,370,14,1114,26,0,26,1140
07/22/2010,ANC,AK,AAL,WE,Towers with Radar,387,224,30,12,653,2,137,372,2,513,389,361,402,14,1166,14,0,14,1180
07/23/2010,ANC,AK,AAL,WE,Towers with Radar,387,225,27,8,647,0,143,405,2,550,387,368,432,10,1197,2,0,2,1199
07/24/2010,ANC,AK,AAL,WE,Towers with Radar,379,199,40,6,624,0,122,278,0,400,379,321,318,6,1024,2,0,2,1026
07/25/2010,ANC,AK,AAL,WE,Towers with Radar,355,183,29,6,573,1,107,198,2,308,356,290,227,8,881,0,0,0,881
07/26/2010,ANC,AK,AAL,WE,Towers with Radar,356,232,39,9,636,0,71,79,1,151,356,303,118,10,787,0,0,0,787
07/27/2010,ANC,AK,AAL,WE,Towers with Radar,394,217,24,8,643,0,145,404,7,556,394,362,428,15,1199,24,0,24,1223
07/28/2010,ANC,AK,AAL,WE,Towers with Radar,381,215,34,5,635,1,130,264,8,403,382,345,298,13,1038,2,0,2,1040
07/29/2010,ANC,AK,AAL,WE,Towers with Radar,390,193,41,10,634,0,118,287,4,409,390,311,328,14,1043,20,0,20,1063
07/30/2010,ANC,AK,AAL,WE,Towers with Radar,397,174,43,10,624,2,68,195,3,268,399,242,238,13,892,0,0,0,892
07/31/2010,ANC,AK,AAL,WE,Towers with Radar,378,225,47,7,657,1,108,332,2,443,379,333,379,9,1100,20,0,20,1120
08/01/2010,ANC,AK,AAL,WE,Towers with Radar,359,200,56,4,619,0,113,343,0,456,359,313,399,4,1075,6,0,6,1081
08/02/2010,ANC,AK,AAL,WE,Towers with Radar,341,207,28,10,586,0,148,332,6,486,341,355,360,16,1072,30,0,30,1102
08/03/2010,ANC,AK,AAL,WE,Towers with Radar,376,202,37,9,624,0,106,348,13,467,376,308,385,22,1091,0,0,0,1091
08/04/2010,ANC,AK,AAL,WE,Towers with Radar,391,228,45,9,673,0,71,95,2,168,391,299,140,11,841,0,0,0,841
08/05/2010,ANC,AK,AAL,WE,Towers with Radar,378,230,24,13,645,0,142,323,4,469,378,372,347,17,1114,16,0,16,1130
08/06/2010,ANC,AK,AAL,WE,Towers with Radar,393,255,30,7,685,0,88,169,0,257,393,343,199,7,942,6,0,6,948
08/07/2010,ANC,AK,AAL,WE,Towers with Radar,384,178,28,7,597,0,160,386,6,552,384,338,414,13,1149,12,0,12,1161
08/08/2010,ANC,AK,AAL,WE,Towers with Radar,343,164,25,4,536,0,157,453,8,618,343,321,478,12,1154,24,0,24,1178
08/09/2010,ANC,AK,AAL,WE,Towers with Radar,343,206,37,5,591,0,105,192,19,316,343,311,229,24,907,4,0,4,911
08/10/2010,ANC,AK,AAL,WE,Towers with Radar,380,232,28,16,656,0,116,144,3,263,380,348,172,19,919,44,0,44,963
08/11/2010,ANC,AK,AAL,WE,Towers with Radar,385,197,28,7,617,0,113,294,7,414,385,310,322,14,1031,12,0,12,1043
08/12/2010,ANC,AK,AAL,WE,Towers with Radar,382,217,34,12,645,0,109,239,3,351,382,326,273,15,996,12,0,12,1008
08/13/2010,ANC,AK,AAL,WE,Towers with Radar,394,221,25,9,649,0,149,415,8,572,394,370,440,17,1221,14,0,14,1235
08/14/2010,ANC,AK,AAL,WE,Towers with Radar,366,133,28,3,530,1,180,399,2,582,367,313,427,5,1112,12,0,12,1124
08/15/2010,ANC,AK,AAL,WE,Towers with Radar,354,173,29,8,564,0,106,258,7,371,354,279,287,15,935,20,0,20,955
08/16/2010,ANC,AK,AAL,WE,Towers with Radar,321,223,41,8,593,0,98,115,4,217,321,321,156,12,810,0,0,0,810
08/17/2010,ANC,AK,AAL,WE,Towers with Radar,375,209,30,10,624,0,90,170,2,262,375,299,200,12,886,18,0,18,904
08/18/2010,ANC,AK,AAL,WE,Towers with Radar,383,219,36,8,646,1,129,418,15,563,384,348,454,23,1209,36,0,36,1245
08/19/2010,ANC,AK,AAL,WE,Towers with Radar,381,174,24,13,592,0,154,559,15,728,381,328,583,28,1320,12,0,12,1332
08/20/2010,ANC,AK,AAL,WE,Towers with Radar,392,168,36,5,601,2,173,524,7,706,394,341,560,12,1307,30,0,30,1337
08/21/2010,ANC,AK,AAL,WE,Towers with Radar,376,143,26,7,552,0,147,513,3,663,376,290,539,10,1215,32,0,32,1247
08/22/2010,ANC,AK,AAL,WE,Towers with Radar,338,139,24,3,504,0,124,385,4,513,338,263,409,7,1017,6,0,6,1023
08/23/2010,ANC,AK,AAL,WE,Towers with Radar,328,189,22,1,540,2,107,307,13,429,330,296,329,14,969,52,0,52,1021
08/24/2010,ANC,AK,AAL,WE,Towers with Radar,347,178,24,1,550,0,135,443,11,589,347,313,467,12,1139,14,0,14,1153
08/25/2010,ANC,AK,AAL,WE,Towers with Radar,372,163,30,5,570,0,131,447,13,591,372,294,477,18,1161,14,0,14,1175
08/26/2010,ANC,AK,AAL,WE,Towers with Radar,367,189,19,9,584,4,115,412,14,545,371,304,431,23,1129,22,0,22,1151
08/27/2010,ANC,AK,AAL,WE,Towers with Radar,374,248,29,6,657,0,83,179,1,263,374,331,208,7,920,32,0,32,952
08/28/2010,ANC,AK,AAL,WE,Towers with Radar,356,173,30,5,564,0,63,86,0,149,356,236,116,5,713,4,0,4,717
08/29/2010,ANC,AK,AAL,WE,Towers with Radar,330,168,26,1,525,0,90,358,3,451,330,258,384,4,976,34,0,34,1010
08/30/2010,ANC,AK,AAL,WE,Towers with Radar,338,212,24,7,581,2,97,237,6,342,340,309,261,13,923,19,0,19,942
08/31/2010,ANC,AK,AAL,WE,Towers with Radar,360,221,33,6,620,0,104,363,6,473,360,325,396,12,1093,42,0,42,1135
09/01/2010,ANC,AK,AAL,WE,Towers with Radar,358,216,40,5,619,0,75,321,8,404,358,291,361,13,1023,12,0,12,1035
09/02/2010,ANC,AK,AAL,WE,Towers with Radar,371,174,25,7,577,0,112,375,11,498,371,286,400,18,1075,18,0,18,1093
09/03/2010,ANC,AK,AAL,WE,Towers with Radar,376,176,19,7,578,0,145,517,3,665,376,321,536,10,1243,16,0,16,1259
09/04/2010,ANC,AK,AAL,WE,Towers with Radar,363,183,30,5,581,1,21,102,0,124,364,204,132,5,705,8,0,8,713
09/05/2010,ANC,AK,AAL,WE,Towers with Radar,329,152,19,2,502,0,75,150,1,226,329,227,169,3,728,14,0,14,742
09/06/2010,ANC,AK,AAL,WE,Towers with Radar,295,170,15,0,480,0,105,476,0,581,295,275,491,0,1061,86,0,86,1147
09/07/2010,ANC,AK,AAL,WE,Towers with Radar,335,209,35,2,581,0,29,86,4,119,335,238,121,6,700,6,0,6,706
09/08/2010,ANC,AK,AAL,WE,Towers with Radar,346,187,22,13,568,0,83,202,6,291,346,270,224,19,859,6,0,6,865
09/09/2010,ANC,AK,AAL,WE,Towers with Radar,358,210,35,10,613,0,68,212,8,288,358,278,247,18,901,8,0,8,909
09/10/2010,ANC,AK,AAL,WE,Towers with Radar,358,179,34,4,575,1,117,517,3,638,359,296,551,7,1213,22,0,22,1235
09/11/2010,ANC,AK,AAL,WE,Towers with Radar,356,132,16,8,512,4,82,430,0,516,360,214,446,8,1028,16,0,16,1044
09/12/2010,ANC,AK,AAL,WE,Towers with Radar,315,127,25,3,470,0,74,437,4,515,315,201,462,7,985,26,0,26,1011
09/13/2010,ANC,AK,AAL,WE,Towers with Radar,294,132,27,5,458,2,91,361,8,462,296,223,388,13,920,10,0,10,930
09/14/2010,ANC,AK,AAL,WE,Towers with Radar,305,180,43,9,537,0,25,126,7,158,305,205,169,16,695,0,0,0,695
09/15/2010,ANC,AK,AAL,WE,Towers with Radar,293,168,37,11,509,0,0,1,0,1,293,168,38,11,510,0,0,0,510
09/16/2010,ANC,AK,AAL,WE,Towers with Radar,296,187,33,10,526,0,11,64,0,75,296,198,97,10,601,0,0,0,601
09/17/2010,ANC,AK,AAL,WE,Towers with Radar,327,242,64,14,647,0,6,38,1,45,327,248,102,15,692,0,0,0,692
09/18/2010,ANC,AK,AAL,WE,Towers with Radar,321,150,33,9,513,0,35,159,1,195,321,185,192,10,708,36,0,36,744
09/19/2010,ANC,AK,AAL,WE,Towers with Radar,284,126,25,9,444,0,39,300,5,344,284,165,325,14,788,0,0,0,788
09/20/2010,ANC,AK,AAL,WE,Towers with Radar,318,198,24,12,552,0,19,72,13,104,318,217,96,25,656,0,0,0,656
09/21/2010,ANC,AK,AAL,WE,Towers with Radar,312,173,31,4,520,0,17,90,13,120,312,190,121,17,640,0,0,0,640
09/22/2010,ANC,AK,AAL,WE,Towers with Radar,343,172,22,4,541,0,40,121,22,183,343,212,143,26,724,6,0,6,730
09/23/2010,ANC,AK,AAL,WE,Towers with Radar,333,173,26,12,544,0,104,309,13,426,333,277,335,25,970,14,0,14,984
09/24/2010,ANC,AK,AAL,WE,Towers with Radar,323,185,17,5,530,0,30,72,1,103,323,215,89,6,633,0,0,0,633
09/25/2010,ANC,AK,AAL,WE,Towers with Radar,326,158,23,5,512,0,70,204,0,274,326,228,227,5,786,0,0,0,786
09/26/2010,ANC,AK,AAL,WE,Towers with Radar,287,113,27,0,427,0,62,197,2,261,287,175,224,2,688,14,0,14,702
09/27/2010,ANC,AK,AAL,WE,Towers with Radar,291,148,32,2,473,1,63,252,12,328,292,211,284,14,801,48,0,48,849
09/28/2010,ANC,AK,AAL,WE,Towers with Radar,327,165,20,9,521,1,89,246,19,355,328,254,266,28,876,46,0,46,922
09/29/2010,ANC,AK,AAL,WE,Towers with Radar,346,185,27,8,566,1,39,133,13,186,347,224,160,21,752,50,0,50,802
09/30/2010,ANC,AK,AAL,WE,Towers with Radar,355,201,43,14,613,0,44,159,10,213,355,245,202,24,826,12,0,12,838
10/01/2010,ANC,AK,AAL,WE,Towers with Radar,352,208,28,7,595,0,57,124,3,184,352,265,152,10,779,34,0,34,813
10/02/2010,ANC,AK,AAL,WE,Towers with Radar,337,136,13,5,491,0,22,70,0,92,337,158,83,5,583,0,0,0,583
10/03/2010,ANC,AK,AAL,WE,Towers with Radar,294,104,20,2,420,0,50,155,2,207,294,154,175,4,627,0,0,0,627
10/04/2010,ANC,AK,AAL,WE,Towers with Radar,278,141,26,4,449,0,53,280,13,346,278,194,306,17,795,20,0,20,815
10/05/2010,ANC,AK,AAL,WE,Towers with Radar,286,163,19,5,473,0,40,267,15,322,286,203,286,20,795,6,0,6,801
10/06/2010,ANC,AK,AAL,WE,Towers with Radar,295,193,22,8,518,1,36,187,10,234,296,229,209,18,752,20,0,20,772
10/07/2010,ANC,AK,AAL,WE,Towers with Radar,295,188,21,2,506,0,31,232,11,274,295,219,253,13,780,24,0,24,804
10/08/2010,ANC,AK,AAL,WE,Towers with Radar,302,173,32,2,509,0,63,273,2,338,302,236,305,4,847,20,0,20,867
10/09/2010,ANC,AK,AAL,WE,Towers with Radar,303,115,22,5,445,0,36,303,3,342,303,151,325,8,787,10,0,10,797
10/10/2010,ANC,AK,AAL,WE,Towers with Radar,290,101,28,4,423,0,42,304,2,348,290,143,332,6,771,0,0,0,771
10/11/2010,ANC,AK,AAL,WE,Towers with Radar,285,151,18,2,456,0,17,114,0,131,285,168,132,2,587,6,0,6,593
10/12/2010,ANC,AK,AAL,WE,Towers with Radar,311,174,19,7,511,0,27,159,12,198,311,201,178,19,709,22,0,22,731
10/13/2010,ANC,AK,AAL,WE,Towers with Radar,347,140,22,6,515,0,60,251,11,322,347,200,273,17,837,18,0,18,855
10/14/2010,ANC,AK,AAL,WE,Towers with Radar,352,134,23,5,514,0,65,248,12,325,352,199,271,17,839,30,0,30,869
10/15/2010,ANC,AK,AAL,WE,Towers with Radar,347,134,22,3,506,0,62,203,2,267,347,196,225,5,773,0,0,0,773
10/16/2010,ANC,AK,AAL,WE,Towers with Radar,330,119,27,4,480,0,20,149,2,171,330,139,176,6,651,10,0,10,661
10/17/2010,ANC,AK,AAL,WE,Towers with Radar,307,117,22,1,447,0,34,105,0,139,307,151,127,1,586,6,0,6,592
10/18/2010,ANC,AK,AAL,WE,Towers with Radar,310,141,15,2,468,0,34,166,9,209,310,175,181,11,677,20,0,20,697
10/19/2010,ANC,AK,AAL,WE,Towers with Radar,320,162,26,8,516,0,31,101,11,143,320,193,127,19,659,0,0,0,659
10/20/2010,ANC,AK,AAL,WE,Towers with Radar,342,149,18,8,517,0,36,136,15,187,342,185,154,23,704,2,0,2,706
10/21/2010,ANC,AK,AAL,WE,Towers with Radar,341,165,37,10,553,0,32,148,14,194,341,197,185,24,747,8,0,8,755
10/22/2010,ANC,AK,AAL,WE,Towers with Radar,353,158,33,7,551,3,18,153,2,176,356,176,186,9,727,0,0,0,727
10/23/2010,ANC,AK,AAL,WE,Towers with Radar,321,95,10,5,431,0,24,223,2,249,321,119,233,7,680,18,0,18,698
10/24/2010,ANC,AK,AAL,WE,Towers with Radar,298,109,26,2,435,0,26,136,0,162,298,135,162,2,597,0,0,0,597
10/25/2010,ANC,AK,AAL,WE,Towers with Radar,313,188,18,11,530,0,10,60,8,78,313,198,78,19,608,0,0,0,608
10/26/2010,ANC,AK,AAL,WE,Towers with Radar,332,184,31,8,555,0,21,85,4,110,332,205,116,12,665,40,0,40,705
10/27/2010,ANC,AK,AAL,WE,Towers with Radar,342,175,25,8,550,0,34,124,12,170,342,209,149,20,720,18,0,18,738
10/28/2010,ANC,AK,AAL,WE,Towers with Radar,354,188,20,10,572,0,2,25,5,32,354,190,45,15,604,0,0,0,604
10/29/2010,ANC,AK,AAL,WE,Towers with Radar,352,145,38,4,539,0,21,111,2,134,352,166,149,6,673,12,0,12,685
10/30/2010,ANC,AK,AAL,WE,Towers with Radar,333,117,19,6,475,0,11,82,0,93,333,128,101,6,568,6,0,6,574
10/31/2010,ANC,AK,AAL,WE,Towers with Radar,308,97,25,1,431,0,10,79,0,89,308,107,104,1,520,8,0,8,528
11/01/2010,ANC,AK,AAL,WE,Towers with Radar,317,160,14,3,494,1,23,97,9,130,318,183,111,12,624,0,0,0,624
11/02/2010,ANC,AK,AAL,WE,Towers with Radar,313,161,24,11,509,0,15,49,7,71,313,176,73,18,580,6,0,6,586
11/03/2010,ANC,AK,AAL,WE,Towers with Radar,324,173,18,6,521,0,23,59,7,89,324,196,77,13,610,16,0,16,626
11/04/2010,ANC,AK,AAL,WE,Towers with Radar,334,199,16,10,559,0,5,0,0,5,334,204,16,10,564,0,0,0,564
11/05/2010,ANC,AK,AAL,WE,Towers with Radar,350,209,29,10,598,0,10,35,1,46,350,219,64,11,644,16,0,16,660
11/06/2010,ANC,AK,AAL,WE,Towers with Radar,316,123,20,7,466,0,0,0,0,0,316,123,20,7,466,0,0,0,466
11/07/2010,ANC,AK,AAL,WE,Towers with Radar,300,125,31,9,465,1,4,13,1,19,301,129,44,10,484,12,0,12,496
11/08/2010,ANC,AK,AAL,WE,Towers with Radar,289,178,28,12,507,0,2,4,3,9,289,180,32,15,516,0,0,0,516
11/09/2010,ANC,AK,AAL,WE,Towers with Radar,318,176,17,16,527,0,23,29,9,61,318,199,46,25,588,110,0,110,698
11/10/2010,ANC,AK,AAL,WE,Towers with Radar,329,191,24,6,550,0,14,37,7,58,329,205,61,13,608,0,0,0,608
11/11/2010,ANC,AK,AAL,WE,Towers with Radar,350,164,28,5,547,0,19,84,1,104,350,183,112,6,651,32,0,32,683
11/12/2010,ANC,AK,AAL,WE,Towers with Radar,340,157,27,5,529,1,26,83,2,112,341,183,110,7,641,0,0,0,641
11/13/2010,ANC,AK,AAL,WE,Towers with Radar,305,106,19,4,434,0,8,43,0,51,305,114,62,4,485,0,0,0,485
11/14/2010,ANC,AK,AAL,WE,Towers with Radar,319,111,22,0,452,0,16,59,0,75,319,127,81,0,527,28,0,28,555
11/15/2010,ANC,AK,AAL,WE,Towers with Radar,277,175,23,3,478,0,5,40,5,50,277,180,63,8,528,0,0,0,528
11/16/2010,ANC,AK,AAL,WE,Towers with Radar,304,143,18,7,472,0,13,33,15,61,304,156,51,22,533,0,0,0,533
11/17/2010,ANC,AK,AAL,WE,Towers with Radar,311,167,19,10,507,0,54,86,16,156,311,221,105,26,663,52,0,52,715
11/18/2010,ANC,AK,AAL,WE,Towers with Radar,343,161,26,9,539,0,25,102,8,135,343,186,128,17,674,6,0,6,680
11/19/2010,ANC,AK,AAL,WE,Towers with Radar,327,151,24,8,510,0,30,101,1,132,327,181,125,9,642,6,0,6,648
11/20/2010,ANC,AK,AAL,WE,Towers with Radar,310,135,16,5,466,0,11,36,0,47,310,146,52,5,513,0,0,0,513
11/21/2010,ANC,AK,AAL,WE,Towers with Radar,292,104,14,3,413,0,16,53,3,72,292,120,67,6,485,24,0,24,509
11/22/2010,ANC,AK,AAL,WE,Towers with Radar,275,152,12,0,439,0,0,7,0,7,275,152,19,0,446,0,0,0,446
11/23/2010,ANC,AK,AAL,WE,Towers with Radar,319,196,26,8,549,0,0,0,1,1,319,196,26,9,550,0,0,0,550
11/24/2010,ANC,AK,AAL,WE,Towers with Radar,327,229,16,11,583,0,26,19,6,51,327,255,35,17,634,0,0,0,634
11/25/2010,ANC,AK,AAL,WE,Towers with Radar,258,61,4,0,323,0,0,0,0,0,258,61,4,0,323,0,0,0,323
11/26/2010,ANC,AK,AAL,WE,Towers with Radar,309,156,13,5,483,0,19,65,0,84,309,175,78,5,567,0,0,0,567
11/27/2010,ANC,AK,AAL,WE,Towers with Radar,297,108,11,5,421,0,6,40,0,46,297,114,51,5,467,0,0,0,467
11/28/2010,ANC,AK,AAL,WE,Towers with Radar,291,90,23,0,404,0,11,26,2,39,291,101,49,2,443,0,0,0,443
11/29/2010,ANC,AK,AAL,WE,Towers with Radar,286,138,15,3,442,2,6,50,10,68,288,144,65,13,510,0,0,0,510
11/30/2010,ANC,AK,AAL,WE,Towers with Radar,300,136,7,6,449,0,21,81,15,117,300,157,88,21,566,24,0,24,590
12/01/2010,ANC,AK,AAL,WE,Towers with Radar,310,150,24,7,491,0,30,99,4,133,310,180,123,11,624,13,0,13,637
12/02/2010,ANC,AK,AAL,WE,Towers with Radar,338,136,23,3,500,0,20,90,16,126,338,156,113,19,626,8,0,8,634
12/03/2010,ANC,AK,AAL,WE,Towers with Radar,302,185,11,8,506,0,7,17,1,25,302,192,28,9,531,0,0,0,531
12/04/2010,ANC,AK,AAL,WE,Towers with Radar,300,115,21,7,443,0,9,41,1,51,300,124,62,8,494,0,0,0,494
12/05/2010,ANC,AK,AAL,WE,Towers with Radar,277,87,15,5,384,0,18,76,1,95,277,105,91,6,479,2,0,2,481
12/06/2010,ANC,AK,AAL,WE,Towers with Radar,297,155,10,3,465,0,12,54,13,79,297,167,64,16,544,4,0,4,548
12/07/2010,ANC,AK,AAL,WE,Towers with Radar,278,172,22,5,477,0,18,86,16,120,278,190,108,21,597,6,0,6,603
12/08/2010,ANC,AK,AAL,WE,Towers with Radar,296,175,27,3,501,0,38,100,16,154,296,213,127,19,655,12,0,12,667
12/09/2010,ANC,AK,AAL,WE,Towers with Radar,309,165,27,8,509,1,39,85,12,137,310,204,112,20,646,0,0,0,646
12/10/2010,ANC,AK,AAL,WE,Towers with Radar,303,188,26,3,520,0,5,25,0,30,303,193,51,3,550,0,0,0,550
12/11/2010,ANC,AK,AAL,WE,Towers with Radar,300,117,13,4,434,0,8,30,0,38,300,125,43,4,472,0,0,0,472
12/12/2010,ANC,AK,AAL,WE,Towers with Radar,273,115,20,0,408,0,6,57,0,63,273,121,77,0,471,4,0,4,475
12/13/2010,ANC,AK,AAL,WE,Towers with Radar,260,149,16,6,431,4,14,70,7,95,264,163,86,13,526,12,0,12,538
12/14/2010,ANC,AK,AAL,WE,Towers with Radar,281,160,14,8,463,0,11,32,5,48,281,171,46,13,511,0,0,0,511
12/15/2010,ANC,AK,AAL,WE,Towers with Radar,307,161,27,4,499,0,26,26,7,59,307,187,53,11,558,0,0,0,558
12/16/2010,ANC,AK,AAL,WE,Towers with Radar,324,153,26,7,510,0,38,91,9,138,324,191,117,16,648,22,0,22,670
12/17/2010,ANC,AK,AAL,WE,Towers with Radar,318,159,21,5,503,0,51,70,0,121,318,210,91,5,624,37,0,37,661
12/18/2010,ANC,AK,AAL,WE,Towers with Radar,312,128,16,2,458,0,9,64,1,74,312,137,80,3,532,4,0,4,536
12/19/2010,ANC,AK,AAL,WE,Towers with Radar,269,101,9,2,381,0,16,64,2,82,269,117,73,4,463,6,0,6,469
12/20/2010,ANC,AK,AAL,WE,Towers with Radar,252,187,16,4,459,0,4,18,7,29,252,191,34,11,488,0,0,0,488
12/21/2010,ANC,AK,AAL,WE,Towers with Radar,286,153,16,8,463,0,16,76,11,103,286,169,92,19,566,0,0,0,566
12/22/2010,ANC,AK,AAL,WE,Towers with Radar,295,151,13,5,464,0,34,70,12,116,295,185,83,17,580,20,0,20,600
12/23/2010,ANC,AK,AAL,WE,Towers with Radar,296,162,15,7,480,1,16,79,4,100,297,178,94,11,580,0,0,0,580
12/24/2010,ANC,AK,AAL,WE,Towers with Radar,290,125,3,1,419,0,12,46,0,58,290,137,49,1,477,0,0,0,477
12/25/2010,ANC,AK,AAL,WE,Towers with Radar,207,9,2,0,218,0,1,19,0,20,207,10,21,0,238,0,0,0,238
12/26/2010,ANC,AK,AAL,WE,Towers with Radar,228,100,8,0,336,0,8,56,0,64,228,108,64,0,400,4,0,4,404
12/27/2010,ANC,AK,AAL,WE,Towers with Radar,227,138,9,4,378,0,15,59,0,74,227,153,68,4,452,0,0,0,452
12/28/2010,ANC,AK,AAL,WE,Towers with Radar,261,153,22,9,445,0,19,90,8,117,261,172,112,17,562,36,0,36,598
12/29/2010,ANC,AK,AAL,WE,Towers with Radar,272,183,14,8,477,1,13,31,10,55,273,196,45,18,532,14,0,14,546
12/30/2010,ANC,AK,AAL,WE,Towers with Radar,274,178,14,9,475,0,5,22,1,28,274,183,36,10,503,6,0,6,509
12/31/2010,ANC,AK,AAL,WE,Towers with Radar,261,172,9,0,442,0,7,36,0,43,261,179,45,0,485,0,0,0,485
01/01/2011,ANC,AK,AAL,WE,Towers with Radar,196,34,10,0,240,0,0,8,0,8,196,34,18,0,248,0,0,0,248
01/02/2011,ANC,AK,AAL,WE,Towers with Radar,213,126,13,0,352,0,6,18,0,24,213,132,31,0,376,0,0,0,376
01/03/2011,ANC,AK,AAL,WE,Towers with Radar,232,158,17,0,407,0,5,30,1,36,232,163,47,1,443,0,0,0,443
01/04/2011,ANC,AK,AAL,WE,Towers with Radar,223,169,14,9,415,0,16,50,13,79,223,185,64,22,494,4,0,4,498
01/05/2011,ANC,AK,AAL,WE,Towers with Radar,254,182,22,7,465,1,15,72,16,104,255,197,94,23,569,0,0,0,569
01/06/2011,ANC,AK,AAL,WE,Towers with Radar,280,166,17,10,473,0,33,104,12,149,280,199,121,22,622,24,0,24,646
01/07/2011,ANC,AK,AAL,WE,Towers with Radar,277,194,22,11,504,0,15,23,2,40,277,209,45,13,544,6,0,6,550
01/08/2011,ANC,AK,AAL,WE,Towers with Radar,262,154,11,7,434,0,2,3,0,5,262,156,14,7,439,0,0,0,439
01/09/2011,ANC,AK,AAL,WE,Towers with Radar,233,134,11,13,391,1,3,20,2,26,234,137,31,15,417,2,0,2,419
01/10/2011,ANC,AK,AAL,WE,Towers with Radar,227,156,23,1,407,2,11,19,2,34,229,167,42,3,441,0,0,0,441
01/11/2011,ANC,AK,AAL,WE,Towers with Radar,254,175,13,12,454,0,19,74,14,107,254,194,87,26,561,36,0,36,597
01/12/2011,ANC,AK,AAL,WE,Towers with Radar,281,147,22,9,459,0,39,43,7,89,281,186,65,16,548,6,0,6,554
01/13/2011,ANC,AK,AAL,WE,Towers with Radar,299,139,22,6,466,0,36,100,17,153,299,175,122,23,619,72,0,72,691
01/14/2011,ANC,AK,AAL,WE,Towers with Radar,287,139,21,6,453,0,35,71,1,107,287,174,92,7,560,0,0,0,560
01/15/2011,ANC,AK,AAL,WE,Towers with Radar,280,97,6,7,390,0,14,50,0,64,280,111,56,7,454,2,0,2,456
01/16/2011,ANC,AK,AAL,WE,Towers with Radar,251,83,23,4,361,0,19,40,0,59,251,102,63,4,420,0,0,0,420
01/17/2011,ANC,AK,AAL,WE,Towers with Radar,243,155,19,0,417,0,18,46,0,64,243,173,65,0,481,0,0,0,481
01/18/2011,ANC,AK,AAL,WE,Towers with Radar,262,127,15,6,410,0,32,93,12,137,262,159,108,18,547,10,0,10,557
01/19/2011,ANC,AK,AAL,WE,Towers with Radar,277,189,30,8,504,1,20,36,8,65,278,209,66,16,569,0,0,0,569
01/20/2011,ANC,AK,AAL,WE,Towers with Radar,302,178,24,12,516,0,3,5,2,10,302,181,29,14,526,0,0,0,526
01/21/2011,ANC,AK,AAL,WE,Towers with Radar,281,210,20,3,514,0,6,38,0,44,281,216,58,3,558,0,0,0,558
01/22/2011,ANC,AK,AAL,WE,Towers with Radar,303,123,27,6,459,0,2,21,0,23,303,125,48,6,482,62,0,62,544
01/23/2011,ANC,AK,AAL,WE,Towers with Radar,232,103,17,3,355,1,0,23,0,24,233,103,40,3,379,52,0,52,431
01/24/2011,ANC,AK,AAL,WE,Towers with Radar,271,143,12,1,427,0,18,66,11,95,271,161,78,12,522,44,0,44,566
01/25/2011,ANC,AK,AAL,WE,Towers with Radar,266,172,24,7,469,0,13,26,6,45,266,185,50,13,514,4,0,4,518
01/26/2011,ANC,AK,AAL,WE,Towers with Radar,304,195,26,10,535,1,12,20,1,34,305,207,46,11,569,12,0,12,581
01/27/2011,ANC,AK,AAL,WE,Towers with Radar,305,145,18,9,477,1,25,119,9,154,306,170,137,18,631,16,0,16,647
01/28/2011,ANC,AK,AAL,WE,Towers with Radar,339,184,16,6,545,0,24,122,7,153,339,208,138,13,698,12,0,12,710
01/29/2011,ANC,AK,AAL,WE,Towers with Radar,304,99,9,5,417,0,19,123,0,142,304,118,132,5,559,8,0,8,567
01/30/2011,ANC,AK,AAL,WE,Towers with Radar,274,107,14,0,395,0,17,130,0,147,274,124,144,0,542,10,0,10,552
01/31/2011,ANC,AK,AAL,WE,Towers with Radar,284,154,12,4,454,1,8,33,13,55,285,162,45,17,509,0,0,0,509
02/01/2011,ANC,AK,AAL,WE,Towers with Radar,284,199,19,11,513,0,2,2,0,4,284,201,21,11,517,0,0,0,517
02/02/2011,ANC,AK,AAL,WE,Towers with Radar,269,183,18,12,482,1,15,18,3,37,270,198,36,15,519,6,0,6,525
02/03/2011,ANC,AK,AAL,WE,Towers with Radar,299,152,12,3,466,0,23,69,15,107,299,175,81,18,573,8,0,8,581
02/04/2011,ANC,AK,AAL,WE,Towers with Radar,260,165,11,9,445,0,22,160,0,182,260,187,171,9,627,16,0,16,643
02/05/2011,ANC,AK,AAL,WE,Towers with Radar,230,90,20,7,347,3,12,154,2,171,233,102,174,9,518,16,0,16,534
02/06/2011,ANC,AK,AAL,WE,Towers with Radar,173,93,9,0,275,1,15,56,2,74,174,108,65,2,349,0,0,0,349
02/07/2011,ANC,AK,AAL,WE,Towers with Radar,181,134,9,5,329,0,22,126,9,157,181,156,135,14,486,4,0,4,490
02/08/2011,ANC,AK,AAL,WE,Towers with Radar,197,152,12,6,367,0,9,46,3,58,197,161,58,9,425,0,0,0,425
02/09/2011,ANC,AK,AAL,WE,Towers with Radar,232,189,20,8,449,1,3,11,1,16,233,192,31,9,465,2,0,2,467
02/10/2011,ANC,AK,AAL,WE,Towers with Radar,242,193,31,5,471,0,5,15,2,22,242,198,46,7,493,2,0,2,495
02/11/2011,ANC,AK,AAL,WE,Towers with Radar,245,175,20,3,443,0,16,48,0,64,245,191,68,3,507,0,0,0,507
02/12/2011,ANC,AK,AAL,WE,Towers with Radar,239,97,14,5,355,1,18,125,3,147,240,115,139,8,502,24,0,24,526
02/13/2011,ANC,AK,AAL,WE,Towers with Radar,213,100,13,1,327,0,5,38,0,43,213,105,51,1,370,0,0,0,370
02/14/2011,ANC,AK,AAL,WE,Towers with Radar,210,128,19,0,357,0,18,42,0,60,210,146,61,0,417,0,0,0,417
02/15/2011,ANC,AK,AAL,WE,Towers with Radar,245,119,28,3,395,0,42,123,2,167,245,161,151,5,562,8,0,8,570
02/16/2011,ANC,AK,AAL,WE,Towers with Radar,271,154,18,1,444,6,38,100,2,146,277,192,118,3,590,0,0,0,590
02/17/2011,ANC,AK,AAL,WE,Towers with Radar,287,126,20,8,441,0,46,127,2,175,287,172,147,10,616,30,0,30,646
02/18/2011,ANC,AK,AAL,WE,Towers with Radar,274,180,33,4,491,0,7,30,0,37,274,187,63,4,528,4,0,4,532
02/19/2011,ANC,AK,AAL,WE,Towers with Radar,267,97,22,4,390,0,9,127,2,138,267,106,149,6,528,0,0,0,528
02/20/2011,ANC,AK,AAL,WE,Towers with Radar,235,103,22,0,360,0,7,96,8,111,235,110,118,8,471,0,0,0,471
02/21/2011,ANC,AK,AAL,WE,Towers with Radar,235,131,22,0,388,0,32,115,0,147,235,163,137,0,535,0,0,0,535
02/22/2011,ANC,AK,AAL,WE,Towers with Radar,271,138,27,2,438,0,48,69,2,119,271,186,96,4,557,0,0,0,557
02/23/2011,ANC,AK,AAL,WE,Towers with Radar,267,129,20,3,419,0,60,108,2,170,267,189,128,5,589,18,0,18,607
02/24/2011,ANC,AK,AAL,WE,Towers with Radar,266,167,19,3,455,2,39,111,0,152,268,206,130,3,607,10,0,10,617
02/25/2011,ANC,AK,AAL,WE,Towers with Radar,291,165,23,5,484,0,27,56,1,84,291,192,79,6,568,0,0,0,568
02/26/2011,ANC,AK,AAL,WE,Towers with Radar,299,106,23,10,438,0,19,57,0,76,299,125,80,10,514,0,0,0,514
02/27/2011,ANC,AK,AAL,WE,Towers with Radar,265,102,15,2,384,0,12,26,2,40,265,114,41,4,424,0,0,0,424
02/28/2011,ANC,AK,AAL,WE,Towers with Radar,256,118,20,4,398,0,51,82,2,135,256,169,102,6,533,0,0,0,533
03/01/2011,ANC,AK,AAL,WE,Towers with Radar,280,147,15,5,447,0,39,57,0,96,280,186,72,5,543,2,0,2,545
03/02/2011,ANC,AK,AAL,WE,Towers with Radar,294,157,17,2,470,1,44,92,1,138,295,201,109,3,608,0,0,0,608
03/03/2011,ANC,AK,AAL,WE,Towers with Radar,328,132,30,5,495,2,48,92,2,144,330,180,122,7,639,16,0,16,655
03/04/2011,ANC,AK,AAL,WE,Towers with Radar,315,147,30,2,494,0,49,154,0,203,315,196,184,2,697,29,0,29,726
03/05/2011,ANC,AK,AAL,WE,Towers with Radar,314,116,15,6,451,0,11,59,0,70,314,127,74,6,521,2,0,2,523
03/06/2011,ANC,AK,AAL,WE,Towers with Radar,283,82,19,0,384,1,42,272,0,315,284,124,291,0,699,6,0,6,705
03/07/2011,ANC,AK,AAL,WE,Towers with Radar,257,150,22,3,432,0,43,234,1,278,257,193,256,4,710,12,0,12,722
03/08/2011,ANC,AK,AAL,WE,Towers with Radar,278,142,9,2,431,0,52,221,0,273,278,194,230,2,704,20,0,20,724
03/09/2011,ANC,AK,AAL,WE,Towers with Radar,297,149,12,7,465,1,45,177,1,224,298,194,189,8,689,18,0,18,707
03/10/2011,ANC,AK,AAL,WE,Towers with Radar,325,137,12,8,482,0,46,183,1,230,325,183,195,9,712,24,0,24,736
03/11/2011,ANC,AK,AAL,WE,Towers with Radar,322,142,25,5,494,2,32,200,0,234,324,174,225,5,728,0,0,0,728
03/12/2011,ANC,AK,AAL,WE,Towers with Radar,311,114,16,5,446,2,30,273,0,305,313,144,289,5,751,8,0,8,759
03/13/2011,ANC,AK,AAL,WE,Towers with Radar,275,98,40,1,414,0,25,212,1,238,275,123,252,2,652,16,0,16,668
03/14/2011,ANC,AK,AAL,WE,Towers with Radar,286,126,19,2,433,0,42,139,2,183,286,168,158,4,616,6,0,6,622
03/15/2011,ANC,AK,AAL,WE,Towers with Radar,291,143,21,5,460,0,27,152,0,179,291,170,173,5,639,18,0,18,657
03/16/2011,ANC,AK,AAL,WE,Towers with Radar,311,152,23,2,488,0,42,126,4,172,311,194,149,6,660,4,0,4,664
03/17/2011,ANC,AK,AAL,WE,Towers with Radar,319,196,54,3,572,0,10,48,0,58,319,206,102,3,630,8,0,8,638
03/18/2011,ANC,AK,AAL,WE,Towers with Radar,336,171,34,8,549,2,26,146,3,177,338,197,180,11,726,0,0,0,726
03/19/2011,ANC,AK,AAL,WE,Towers with Radar,314,99,24,6,443,0,20,252,0,272,314,119,276,6,715,18,0,18,733
03/20/2011,ANC,AK,AAL,WE,Towers with Radar,286,120,17,0,423,0,23,180,0,203,286,143,197,0,626,24,0,24,650
03/21/2011,ANC,AK,AAL,WE,Towers with Radar,291,154,16,2,463,0,22,73,2,97,291,176,89,4,560,0,0,0,560
03/22/2011,ANC,AK,AAL,WE,Towers with Radar,299,163,17,4,483,0,21,99,2,122,299,184,116,6,605,28,0,28,633
03/23/2011,ANC,AK,AAL,WE,Towers with Radar,313,163,23,3,502,0,20,134,2,156,313,183,157,5,658,20,0,20,678
03/24/2011,ANC,AK,AAL,WE,Towers with Radar,344,152,12,6,514,0,28,117,0,145,344,180,129,6,659,30,0,30,689
03/25/2011,ANC,AK,AAL,WE,Towers with Radar,323,183,33,3,542,0,19,103,2,124,323,202,136,5,666,12,0,12,678
03/26/2011,ANC,AK,AAL,WE,Towers with Radar,296,124,27,4,451,0,18,170,0,188,296,142,197,4,639,20,0,20,659
03/27/2011,ANC,AK,AAL,WE,Towers with Radar,291,100,30,0,421,0,17,204,0,221,291,117,234,0,642,6,0,6,648
03/28/2011,ANC,AK,AAL,WE,Towers with Radar,292,156,26,3,477,0,24,123,4,151,292,180,149,7,628,20,0,20,648
03/29/2011,ANC,AK,AAL,WE,Towers with Radar,292,174,27,7,500,0,26,88,4,118,292,200,115,11,618,4,0,4,622
03/30/2011,ANC,AK,AAL,WE,Towers with Radar,305,172,22,4,503,0,28,137,3,168,305,200,159,7,671,4,0,4,675
03/31/2011,ANC,AK,AAL,WE,Towers with Radar,317,190,13,4,524,0,15,74,0,89,317,205,87,4,613,7,0,7,620
04/01/2011,ANC,AK,AAL,WE,Towers with Radar,338,159,33,4,534,0,45,181,3,229,338,204,214,7,763,26,0,26,789
04/02/2011,ANC,AK,AAL,WE,Towers with Radar,316,100,19,6,441,0,15,93,2,110,316,115,112,8,551,12,0,12,563
04/03/2011,ANC,AK,AAL,WE,Towers with Radar,271,104,11,0,386,0,6,121,0,127,271,110,132,0,513,14,0,14,527
04/04/2011,ANC,AK,AAL,WE,Towers with Radar,257,177,14,1,449,0,17,64,0,81,257,194,78,1,530,0,0,0,530
04/05/2011,ANC,AK,AAL,WE,Towers with Radar,265,206,23,3,497,0,9,27,2,38,265,215,50,5,535,0,0,0,535
04/06/2011,ANC,AK,AAL,WE,Towers with Radar,272,155,16,3,446,1,35,154,2,192,273,190,170,5,638,6,0,6,644
04/07/2011,ANC,AK,AAL,WE,Towers with Radar,286,160,15,5,466,0,10,6,0,16,286,170,21,5,482,0,0,0,482
04/08/2011,ANC,AK,AAL,WE,Towers with Radar,303,183,26,3,515,0,25,139,0,164,303,208,165,3,679,22,0,22,701
04/09/2011,ANC,AK,AAL,WE,Towers with Radar,301,120,13,4,438,0,13,247,0,260,301,133,260,4,698,28,0,28,726
04/10/2011,ANC,AK,AAL,WE,Towers with Radar,259,116,27,1,403,1,10,134,2,147,260,126,161,3,550,12,0,12,562
04/11/2011,ANC,AK,AAL,WE,Towers with Radar,254,171,25,4,454,1,17,68,0,86,255,188,93,4,540,10,0,10,550
04/12/2011,ANC,AK,AAL,WE,Towers with Radar,267,155,13,3,438,1,26,191,2,220,268,181,204,5,658,32,0,32,690
04/13/2011,ANC,AK,AAL,WE,Towers with Radar,293,178,17,5,493,0,30,203,0,233,293,208,220,5,726,46,0,46,772
04/14/2011,ANC,AK,AAL,WE,Towers with Radar,318,158,26,7,509,0,34,168,2,204,318,192,194,9,713,46,0,46,759
04/15/2011,ANC,AK,AAL,WE,Towers with Radar,307,145,26,5,483,0,35,239,5,279,307,180,265,10,762,4,0,4,766
04/16/2011,ANC,AK,AAL,WE,Towers with Radar,299,95,20,4,418,0,33,317,0,350,299,128,337,4,768,26,0,26,794
04/17/2011,ANC,AK,AAL,WE,Towers with Radar,269,86,17,0,372,0,41,256,0,297,269,127,273,0,669,46,0,46,715
04/18/2011,ANC,AK,AAL,WE,Towers with Radar,268,145,29,6,448,1,13,185,0,199,269,158,214,6,647,54,0,54,701
04/19/2011,ANC,AK,AAL,WE,Towers with Radar,275,156,17,3,451,0,51,194,2,247,275,207,211,5,698,0,0,0,698
04/20/2011,ANC,AK,AAL,WE,Towers with Radar,304,170,8,7,489,0,36,168,0,204,304,206,176,7,693,16,0,16,709
04/21/2011,ANC,AK,AAL,WE,Towers with Radar,318,159,20,4,501,0,32,95,0,127,318,191,115,4,628,40,0,40,668
04/22/2011,ANC,AK,AAL,WE,Towers with Radar,308,174,20,5,507,0,14,57,0,71,308,188,77,5,578,0,0,0,578
04/23/2011,ANC,AK,AAL,WE,Towers with Radar,295,127,15,5,442,0,6,102,0,108,295,133,117,5,550,8,0,8,558
04/24/2011,ANC,AK,AAL,WE,Towers with Radar,257,90,15,1,363,0,14,76,2,92,257,104,91,3,455,16,0,16,471
04/25/2011,ANC,AK,AAL,WE,Towers with Radar,238,166,24,1,429,0,18,128,1,147,238,184,152,2,576,56,0,56,632
04/26/2011,ANC,AK,AAL,WE,Towers with Radar,256,189,20,6,471,0,21,102,2,125,256,210,122,8,596,20,0,20,616
04/27/2011,ANC,AK,AAL,WE,Towers with Radar,285,178,23,6,492,0,28,123,2,153,285,206,146,8,645,14,0,14,659
04/28/2011,ANC,AK,AAL,WE,Towers with Radar,316,174,22,6,518,0,31,263,0,294,316,205,285,6,812,124,0,124,936
04/29/2011,ANC,AK,AAL,WE,Towers with Radar,301,187,22,8,518,0,14,105,2,121,301,201,127,10,639,5,0,5,644
04/30/2011,ANC,AK,AAL,WE,Towers with Radar,289,136,28,2,455,0,4,86,0,90,289,140,114,2,545,24,0,24,569
05/01/2011,ANC,AK,AAL,WE,Towers with Radar,264,108,9,2,383,0,17,221,3,241,264,125,230,5,624,8,0,8,632
05/02/2011,ANC,AK,AAL,WE,Towers with Radar,264,158,22,6,450,0,37,205,0,242,264,195,227,6,692,36,0,36,728
05/03/2011,ANC,AK,AAL,WE,Towers with Radar,264,180,24,12,480,0,19,156,3,178,264,199,180,15,658,12,0,12,670
05/04/2011,ANC,AK,AAL,WE,Towers with Radar,272,197,33,8,510,0,15,52,1,68,272,212,85,9,578,12,0,12,590
05/05/2011,ANC,AK,AAL,WE,Towers with Radar,281,173,13,10,477,1,25,162,0,188,282,198,175,10,665,36,0,36,701
05/06/2011,ANC,AK,AAL,WE,Towers with Radar,284,148,24,4,460,0,35,285,4,324,284,183,309,8,784,18,0,18,802
05/07/2011,ANC,AK,AAL,WE,Towers with Radar,280,117,19,5,421,1,21,243,0,265,281,138,262,5,686,0,0,0,686
05/08/2011,ANC,AK,AAL,WE,Towers with Radar,265,119,16,6,406,0,16,183,0,199,265,135,199,6,605,24,0,24,629
05/09/2011,ANC,AK,AAL,WE,Towers with Radar,245,156,25,7,433,1,39,152,5,197,246,195,177,12,630,72,0,72,702
05/10/2011,ANC,AK,AAL,WE,Towers with Radar,269,169,20,7,465,0,46,152,4,202,269,215,172,11,667,1,0,1,668
05/11/2011,ANC,AK,AAL,WE,Towers with Radar,309,172,23,7,511,0,40,106,2,148,309,212,129,9,659,8,0,8,667
05/12/2011,ANC,AK,AAL,WE,Towers with Radar,326,139,32,6,503,1,93,292,0,386,327,232,324,6,889,52,4,56,945
05/13/2011,ANC,AK,AAL,WE,Towers with Radar,312,146,20,9,487,1,92,342,5,440,313,238,362,14,927,44,0,44,971
05/14/2011,ANC,AK,AAL,WE,Towers with Radar,311,107,15,5,438,0,61,167,2,230,311,168,182,7,668,6,0,6,674
05/15/2011,ANC,AK,AAL,WE,Towers with Radar,283,125,14,2,424,0,24,262,4,290,283,149,276,6,714,26,0,26,740
05/16/2011,ANC,AK,AAL,WE,Towers with Radar,271,151,28,4,454,1,37,240,0,278,272,188,268,4,732,26,0,26,758
05/17/2011,ANC,AK,AAL,WE,Towers with Radar,295,180,29,6,510,0,31,240,5,276,295,211,269,11,786,40,0,40,826
05/18/2011,ANC,AK,AAL,WE,Towers with Radar,323,185,28,10,546,0,51,218,4,273,323,236,246,14,819,54,0,54,873
05/19/2011,ANC,AK,AAL,WE,Towers with Radar,335,198,20,5,558,0,41,208,7,256,335,239,228,12,814,98,0,98,912
05/20/2011,ANC,AK,AAL,WE,Towers with Radar,336,161,34,6,537,0,62,127,3,192,336,223,161,9,729,8,0,8,737
05/21/2011,ANC,AK,AAL,WE,Towers with Radar,318,132,8,7,465,1,63,362,0,426,319,195,370,7,891,58,0,58,949
05/22/2011,ANC,AK,AAL,WE,Towers with Radar,273,120,12,1,406,1,45,328,3,377,274,165,340,4,783,76,0,76,859
05/23/2011,ANC,AK,AAL,WE,Towers with Radar,279,158,15,5,457,0,69,231,2,302,279,227,246,7,759,70,0,70,829
05/24/2011,ANC,AK,AAL,WE,Towers with Radar,306,155,13,6,480,0,84,298,4,386,306,239,311,10,866,44,0,44,910
05/25/2011,ANC,AK,AAL,WE,Towers with Radar,332,177,30,4,543,0,72,260,2,334,332,249,290,6,877,43,0,43,920
05/26/2011,ANC,AK,AAL,WE,Towers with Radar,336,168,20,7,531,1,82,388,1,472,337,250,408,8,1003,48,0,48,1051
05/27/2011,ANC,AK,AAL,WE,Towers with Radar,330,148,22,4,504,2,112,486,0,600,332,260,508,4,1104,16,0,16,1120
05/28/2011,ANC,AK,AAL,WE,Towers with Radar,311,111,30,7,459,0,57,305,0,362,311,168,335,7,821,18,0,18,839
05/29/2011,ANC,AK,AAL,WE,Towers with Radar,282,121,6,1,410,0,50,359,0,409,282,171,365,1,819,14,0,14,833
05/30/2011,ANC,AK,AAL,WE,Towers with Radar,293,114,16,3,426,1,100,499,0,600,294,214,515,3,1026,54,0,54,1080
05/31/2011,ANC,AK,AAL,WE,Towers with Radar,304,168,28,13,513,0,66,277,4,347,304,234,305,17,860,4,0,4,864
06/01/2011,ANC,AK,AAL,WE,Towers with Radar,338,204,39,6,587,0,67,170,2,239,338,271,209,8,826,16,0,16,842
06/02/2011,ANC,AK,AAL,WE,Towers with Radar,347,211,23,9,590,0,129,349,2,480,347,340,372,11,1070,48,0,48,1118
06/03/2011,ANC,AK,AAL,WE,Towers with Radar,338,186,32,3,559,0,73,229,0,302,338,259,261,3,861,16,0,16,877
06/04/2011,ANC,AK,AAL,WE,Towers with Radar,347,166,23,6,542,0,68,231,1,300,347,234,254,7,842,38,0,38,880
06/05/2011,ANC,AK,AAL,WE,Towers with Radar,288,147,19,3,457,0,77,295,0,372,288,224,314,3,829,12,0,12,841
06/06/2011,ANC,AK,AAL,WE,Towers with Radar,306,178,36,3,523,0,86,421,1,508,306,264,457,4,1031,10,0,10,1041
06/07/2011,ANC,AK,AAL,WE,Towers with Radar,299,200,29,5,533,0,75,230,2,307,299,275,259,7,840,34,0,34,874
06/08/2011,ANC,AK,AAL,WE,Towers with Radar,326,190,31,8,555,0,79,280,1,360,326,269,311,9,915,22,0,22,937
06/09/2011,ANC,AK,AAL,WE,Towers with Radar,357,197,29,6,589,1,95,349,0,445,358,292,378,6,1034,18,0,18,1052
06/10/2011,ANC,AK,AAL,WE,Towers with Radar,353,193,36,8,590,0,117,446,1,564,353,310,482,9,1154,8,0,8,1162
06/11/2011,ANC,AK,AAL,WE,Towers with Radar,365,137,23,7,532,0,104,332,2,438,365,241,355,9,970,15,0,15,985
06/12/2011,ANC,AK,AAL,WE,Towers with Radar,326,142,28,1,497,0,93,401,0,494,326,235,429,1,991,10,0,10,1001
06/13/2011,ANC,AK,AAL,WE,Towers with Radar,318,205,37,3,563,1,79,304,0,384,319,284,341,3,947,62,0,62,1009
06/14/2011,ANC,AK,AAL,WE,Towers with Radar,305,234,46,11,596,0,77,198,0,275,305,311,244,11,871,14,0,14,885
06/15/2011,ANC,AK,AAL,WE,Towers with Radar,366,256,39,10,671,0,102,217,0,319,366,358,256,10,990,0,0,0,990
06/16/2011,ANC,AK,AAL,WE,Towers with Radar,369,231,46,9,655,1,135,373,4,513,370,366,419,13,1168,4,0,4,1172
06/17/2011,ANC,AK,AAL,WE,Towers with Radar,376,209,45,7,637,0,159,639,0,798,376,368,684,7,1435,70,0,70,1505
06/18/2011,ANC,AK,AAL,WE,Towers with Radar,367,162,32,7,568,0,123,484,3,610,367,285,516,10,1178,38,0,38,1216
06/19/2011,ANC,AK,AAL,WE,Towers with Radar,320,167,26,0,513,0,96,336,0,432,320,263,362,0,945,6,0,6,951
06/20/2011,ANC,AK,AAL,WE,Towers with Radar,322,218,44,2,586,0,150,321,4,475,322,368,365,6,1061,33,0,33,1094
06/21/2011,ANC,AK,AAL,WE,Towers with Radar,321,241,36,7,605,0,103,307,1,411,321,344,343,8,1016,30,0,30,1046
06/22/2011,ANC,AK,AAL,WE,Towers with Radar,374,193,31,7,605,0,143,352,3,498,374,336,383,10,1103,4,34,38,1141
06/23/2011,ANC,AK,AAL,WE,Towers with Radar,393,209,47,9,658,0,109,460,3,572,393,318,507,12,1230,46,0,46,1276
06/24/2011,ANC,AK,AAL,WE,Towers with Radar,363,203,38,9,613,1,158,524,0,683,364,361,562,9,1296,8,0,8,1304
06/25/2011,ANC,AK,AAL,WE,Towers with Radar,363,176,36,8,583,0,106,287,0,393,363,282,323,8,976,8,0,8,984
06/26/2011,ANC,AK,AAL,WE,Towers with Radar,314,143,26,5,488,2,118,484,0,604,316,261,510,5,1092,2,0,2,1094
06/27/2011,ANC,AK,AAL,WE,Towers with Radar,314,197,41,7,559,0,101,232,0,333,314,298,273,7,892,52,0,52,944
06/28/2011,ANC,AK,AAL,WE,Towers with Radar,342,193,33,20,588,0,117,375,2,494,342,310,408,22,1082,20,0,20,1102
06/29/2011,ANC,AK,AAL,WE,Towers with Radar,360,187,38,18,603,1,105,413,2,521,361,292,451,20,1124,30,0,30,1154
06/30/2011,ANC,AK,AAL,WE,Towers with Radar,366,207,38,15,626,1,116,379,3,499,367,323,417,18,1125,0,0,0,1125
07/01/2011,ANC,AK,AAL,WE,Towers with Radar,381,194,30,6,611,2,146,517,2,667,383,340,547,8,1278,16,0,16,1294
07/02/2011,ANC,AK,AAL,WE,Towers with Radar,366,169,29,6,570,0,120,245,0,365,366,289,274,6,935,14,0,14,949
07/03/2011,ANC,AK,AAL,WE,Towers with Radar,307,136,29,2,474,0,124,421,0,545,307,260,450,2,1019,0,0,0,1019
07/04/2011,ANC,AK,AAL,WE,Towers with Radar,298,105,23,3,429,2,140,358,3,503,300,245,381,6,932,32,0,32,964
07/05/2011,ANC,AK,AAL,WE,Towers with Radar,321,183,21,4,529,2,149,381,2,534,323,332,402,6,1063,46,0,46,1109
07/06/2011,ANC,AK,AAL,WE,Towers with Radar,346,193,29,8,576,0,170,398,3,571,346,363,427,11,1147,54,0,54,1201
07/07/2011,ANC,AK,AAL,WE,Towers with Radar,376,209,24,7,616,0,127,408,3,538,376,336,432,10,1154,32,0,32,1186
07/08/2011,ANC,AK,AAL,WE,Towers with Radar,368,197,28,7,600,2,100,391,2,495,370,297,419,9,1095,42,0,42,1137
07/09/2011,ANC,AK,AAL,WE,Towers with Radar,366,166,28,11,571,0,135,435,0,570,366,301,463,11,1141,20,0,20,1161
07/10/2011,ANC,AK,AAL,WE,Towers with Radar,299,169,39,6,513,0,135,441,0,576,299,304,480,6,1089,34,8,42,1131
07/11/2011,ANC,AK,AAL,WE,Towers with Radar,311,210,36,6,563,0,94,296,0,390,311,304,332,6,953,30,0,30,983
07/12/2011,ANC,AK,AAL,WE,Towers with Radar,320,245,55,9,629,0,50,83,0,133,320,295,138,9,762,0,0,0,762
07/13/2011,ANC,AK,AAL,WE,Towers with Radar,371,226,27,4,628,1,148,348,0,497,372,374,375,4,1125,50,0,50,1175
07/14/2011,ANC,AK,AAL,WE,Towers with Radar,363,203,33,5,604,1,101,371,0,473,364,304,404,5,1077,20,0,20,1097
07/15/2011,ANC,AK,AAL,WE,Towers with Radar,359,197,50,3,609,1,138,560,0,699,360,335,610,3,1308,24,0,24,1332
07/16/2011,ANC,AK,AAL,WE,Towers with Radar,352,165,24,12,553,1,160,439,1,601,353,325,463,13,1154,6,0,6,1160
07/17/2011,ANC,AK,AAL,WE,Towers with Radar,325,181,36,5,547,1,117,289,0,407,326,298,325,5,954,6,0,6,960
07/18/2011,ANC,AK,AAL,WE,Towers with Radar,315,228,57,8,608,1,111,310,6,428,316,339,367,14,1036,0,0,0,1036
07/19/2011,ANC,AK,AAL,WE,Towers with Radar,304,194,32,8,538,0,127,395,0,522,304,321,427,8,1060,36,0,36,1096
07/20/2011,ANC,AK,AAL,WE,Towers with Radar,358,200,26,7,591,1,134,444,2,581,359,334,470,9,1172,20,0,20,1192
07/21/2011,ANC,AK,AAL,WE,Towers with Radar,370,229,29,7,635,3,121,438,0,562,373,350,467,7,1197,16,0,16,1213
07/22/2011,ANC,AK,AAL,WE,Towers with Radar,363,195,31,8,597,0,163,556,3,722,363,358,587,11,1319,20,0,20,1339
07/23/2011,ANC,AK,AAL,WE,Towers with Radar,368,177,37,10,592,0,136,318,0,454,368,313,355,10,1046,18,0,18,1064
07/24/2011,ANC,AK,AAL,WE,Towers with Radar,306,189,38,10,543,0,96,204,0,300,306,285,242,10,843,14,0,14,857
07/25/2011,ANC,AK,AAL,WE,Towers with Radar,322,258,35,9,624,0,102,229,0,331,322,360,264,9,955,20,0,20,975
07/26/2011,ANC,AK,AAL,WE,Towers with Radar,328,230,35,6,599,1,144,391,4,540,329,374,426,10,1139,12,0,12,1151
07/27/2011,ANC,AK,AAL,WE,Towers with Radar,380,190,33,6,609,1,122,310,4,437,381,312,343,10,1046,18,0,18,1064
07/28/2011,ANC,AK,AAL,WE,Towers with Radar,377,197,32,7,613,0,150,483,3,636,377,347,515,10,1249,12,0,12,1261
07/29/2011,ANC,AK,AAL,WE,Towers with Radar,370,196,35,9,610,0,151,496,3,650,370,347,531,12,1260,56,0,56,1316
07/30/2011,ANC,AK,AAL,WE,Towers with Radar,357,165,21,2,545,0,177,535,2,714,357,342,556,4,1259,12,0,12,1271
07/31/2011,ANC,AK,AAL,WE,Towers with Radar,323,162,25,3,513,1,186,361,2,550,324,348,386,5,1063,10,0,10,1073
08/01/2011,ANC,AK,AAL,WE,Towers with Radar,320,211,31,9,571,0,106,307,0,413,320,317,338,9,984,24,0,24,1008
08/02/2011,ANC,AK,AAL,WE,Towers with Radar,316,216,30,5,567,0,81,99,0,180,316,297,129,5,747,48,0,48,795
08/03/2011,ANC,AK,AAL,WE,Towers with Radar,355,226,36,12,629,0,94,165,0,259,355,320,201,12,888,4,0,4,892
08/04/2011,ANC,AK,AAL,WE,Towers with Radar,362,201,43,10,616,1,106,195,0,302,363,307,238,10,918,2,0,2,920
08/05/2011,ANC,AK,AAL,WE,Towers with Radar,353,214,30,5,602,2,138,344,0,484,355,352,374,5,1086,64,0,64,1150
08/06/2011,ANC,AK,AAL,WE,Towers with Radar,349,162,44,5,560,0,159,371,3,533,349,321,415,8,1093,4,0,4,1097
08/07/2011,ANC,AK,AAL,WE,Towers with Radar,309,151,35,6,501,1,128,228,0,357,310,279,263,6,858,0,0,0,858
08/08/2011,ANC,AK,AAL,WE,Towers with Radar,311,187,35,8,541,1,145,343,2,491,312,332,378,10,1032,8,0,8,1040
08/09/2011,ANC,AK,AAL,WE,Towers with Radar,318,212,37,3,570,0,98,188,0,286,318,310,225,3,856,54,0,54,910
08/10/2011,ANC,AK,AAL,WE,Towers with Radar,353,196,35,8,592,1,138,421,0,560,354,334,456,8,1152,24,0,24,1176
08/11/2011,ANC,AK,AAL,WE,Towers with Radar,357,167,32,10,566,4,154,455,2,615,361,321,487,12,1181,28,0,28,1209
08/12/2011,ANC,AK,AAL,WE,Towers with Radar,363,174,35,6,578,1,188,539,3,731,364,362,574,9,1309,8,0,8,1317
08/13/2011,ANC,AK,AAL,WE,Towers with Radar,355,151,28,6,540,2,155,384,0,541,357,306,412,6,1081,6,0,6,1087
08/14/2011,ANC,AK,AAL,WE,Towers with Radar,321,147,36,2,506,0,113,340,1,454,321,260,376,3,960,39,0,39,999
08/15/2011,ANC,AK,AAL,WE,Towers with Radar,309,201,38,3,551,2,129,267,3,401,311,330,305,6,952,4,0,4,956
08/16/2011,ANC,AK,AAL,WE,Towers with Radar,297,193,34,4,528,1,153,412,0,566,298,346,446,4,1094,4,0,4,1098
08/17/2011,ANC,AK,AAL,WE,Towers with Radar,336,203,68,6,613,1,81,210,0,292,337,284,278,6,905,50,0,50,955
08/18/2011,ANC,AK,AAL,WE,Towers with Radar,369,232,67,6,674,0,78,211,3,292,369,310,278,9,966,16,0,16,982
08/19/2011,ANC,AK,AAL,WE,Towers with Radar,352,213,52,4,621,0,97,177,0,274,352,310,229,4,895,40,0,40,935
08/20/2011,ANC,AK,AAL,WE,Towers with Radar,345,183,40,5,573,0,146,217,2,365,345,329,257,7,938,12,0,12,950
08/21/2011,ANC,AK,AAL,WE,Towers with Radar,322,140,27,5,494,1,146,459,4,610,323,286,486,9,1104,10,0,10,1114
08/22/2011,ANC,AK,AAL,WE,Towers with Radar,299,235,41,7,582,0,108,207,0,315,299,343,248,7,897,0,0,0,897
08/23/2011,ANC,AK,AAL,WE,Towers with Radar,311,221,33,9,574,1,50,98,1,150,312,271,131,10,724,0,0,0,724
08/24/2011,ANC,AK,AAL,WE,Towers with Radar,350,197,51,5,603,2,137,362,2,503,352,334,413,7,1106,16,0,16,1122
08/25/2011,ANC,AK,AAL,WE,Towers with Radar,368,203,53,6,630,0,134,323,0,457,368,337,376,6,1087,10,0,10,1097
08/26/2011,ANC,AK,AAL,WE,Towers with Radar,351,206,49,3,609,2,160,491,0,653,353,366,540,3,1262,10,10,20,1282
08/27/2011,ANC,AK,AAL,WE,Towers with Radar,340,161,23,7,531,3,99,304,0,406,343,260,327,7,937,12,0,12,949
08/28/2011,ANC,AK,AAL,WE,Towers with Radar,292,126,20,1,439,0,173,506,2,681,292,299,526,3,1120,0,0,0,1120
08/29/2011,ANC,AK,AAL,WE,Towers with Radar,289,194,84,0,567,0,123,411,3,537,289,317,495,3,1104,38,0,38,1142
08/30/2011,ANC,AK,AAL,WE,Towers with Radar,315,217,29,6,567,0,80,262,2,344,315,297,291,8,911,12,0,12,923
08/31/2011,ANC,AK,AAL,WE,Towers with Radar,351,225,46,9,631,0,83,138,0,221,351,308,184,9,852,8,0,8,860
09/01/2011,ANC,AK,AAL,WE,Towers with Radar,367,208,35,6,616,0,119,387,2,508,367,327,422,8,1124,4,0,4,1128
09/02/2011,ANC,AK,AAL,WE,Towers with Radar,332,208,41,3,584,3,131,261,1,396,335,339,302,4,980,12,0,12,992
09/03/2011,ANC,AK,AAL,WE,Towers with Radar,334,177,29,6,546,1,127,357,2,487,335,304,386,8,1033,0,0,0,1033
09/04/2011,ANC,AK,AAL,WE,Towers with Radar,289,141,38,6,474,0,79,249,4,332,289,220,287,10,806,14,0,14,820
09/05/2011,ANC,AK,AAL,WE,Towers with Radar,254,171,19,2,446,0,122,218,0,340,254,293,237,2,786,0,0,0,786
09/06/2011,ANC,AK,AAL,WE,Towers with Radar,268,187,33,2,490,1,84,195,2,282,269,271,228,4,772,0,0,0,772
09/07/2011,ANC,AK,AAL,WE,Towers with Radar,308,199,35,3,545,0,85,172,3,260,308,284,207,6,805,4,0,4,809
09/08/2011,ANC,AK,AAL,WE,Towers with Radar,336,193,26,6,561,0,85,296,1,382,336,278,322,7,943,26,0,26,969
09/09/2011,ANC,AK,AAL,WE,Towers with Radar,327,223,53,4,607,0,95,402,0,497,327,318,455,4,1104,27,0,27,1131
09/10/2011,ANC,AK,AAL,WE,Towers with Radar,316,149,29,4,498,0,85,234,0,319,316,234,263,4,817,2,0,2,819
09/11/2011,ANC,AK,AAL,WE,Towers with Radar,295,129,36,0,460,0,81,520,2,603,295,210,556,2,1063,20,0,20,1083
09/12/2011,ANC,AK,AAL,WE,Towers with Radar,263,179,40,2,484,0,71,191,1,263,263,250,231,3,747,0,0,0,747
09/13/2011,ANC,AK,AAL,WE,Towers with Radar,237,163,30,5,435,0,68,192,1,261,237,231,222,6,696,16,0,16,712
09/14/2011,ANC,AK,AAL,WE,Towers with Radar,278,182,20,4,484,3,70,267,2,342,281,252,287,6,826,34,0,34,860
09/15/2011,ANC,AK,AAL,WE,Towers with Radar,311,170,27,7,515,1,73,275,0,349,312,243,302,7,864,22,0,22,886
09/16/2011,ANC,AK,AAL,WE,Towers with Radar,318,175,49,4,546,0,103,356,0,459,318,278,405,4,1005,0,0,0,1005
09/17/2011,ANC,AK,AAL,WE,Towers with Radar,317,170,27,7,521,1,53,266,2,322,318,223,293,9,843,2,0,2,845
09/18/2011,ANC,AK,AAL,WE,Towers with Radar,269,129,28,2,428,0,94,488,0,582,269,223,516,2,1010,2,0,2,1012
09/19/2011,ANC,AK,AAL,WE,Towers with Radar,266,167,26,5,464,0,47,145,0,192,266,214,171,5,656,0,0,0,656
09/20/2011,ANC,AK,AAL,WE,Towers with Radar,261,187,38,8,494,1,51,214,2,268,262,238,252,10,762,6,0,6,768
09/21/2011,ANC,AK,AAL,WE,Towers with Radar,312,184,47,8,551,0,73,272,3,348,312,257,319,11,899,26,0,26,925
09/22/2011,ANC,AK,AAL,WE,Towers with Radar,318,177,29,8,532,1,60,289,0,350,319,237,318,8,882,44,0,44,926
09/23/2011,ANC,AK,AAL,WE,Towers with Radar,332,185,42,8,567,0,95,365,1,461,332,280,407,9,1028,54,0,54,1082
09/24/2011,ANC,AK,AAL,WE,Towers with Radar,321,146,26,4,497,0,42,208,0,250,321,188,234,4,747,20,0,20,767
09/25/2011,ANC,AK,AAL,WE,Towers with Radar,271,118,20,3,412,2,77,480,2,561,273,195,500,5,973,16,0,16,989
09/26/2011,ANC,AK,AAL,WE,Towers with Radar,268,169,18,0,455,0,53,293,0,346,268,222,311,0,801,10,0,10,811
09/27/2011,ANC,AK,AAL,WE,Towers with Radar,268,197,34,7,506,0,33,292,2,327,268,230,326,9,833,24,0,24,857
09/28/2011,ANC,AK,AAL,WE,Towers with Radar,318,184,33,9,544,1,54,270,0,325,319,238,303,9,869,10,0,10,879
09/29/2011,ANC,AK,AAL,WE,Towers with Radar,326,219,35,10,590,0,30,203,0,233,326,249,238,10,823,20,0,20,843
09/30/2011,ANC,AK,AAL,WE,Towers with Radar,343,212,46,3,604,0,53,297,2,352,343,265,343,5,956,0,0,0,956
10/01/2011,ANC,AK,AAL,WE,Towers with Radar,335,139,17,6,497,0,14,170,0,184,335,153,187,6,681,6,0,6,687
10/02/2011,ANC,AK,AAL,WE,Towers with Radar,268,139,28,3,438,0,26,86,0,112,268,165,114,3,550,0,0,0,550
10/03/2011,ANC,AK,AAL,WE,Towers with Radar,253,165,28,0,446,0,31,217,0,248,253,196,245,0,694,24,0,24,718
10/04/2011,ANC,AK,AAL,WE,Towers with Radar,230,157,25,1,413,0,40,319,0,359,230,197,344,1,772,58,0,58,830
10/05/2011,ANC,AK,AAL,WE,Towers with Radar,263,174,18,11,466,0,21,204,2,227,263,195,222,13,693,20,0,20,713
10/06/2011,ANC,AK,AAL,WE,Towers with Radar,263,171,38,3,475,0,34,190,0,224,263,205,228,3,699,18,0,18,717
10/07/2011,ANC,AK,AAL,WE,Towers with Radar,260,193,43,3,499,0,41,156,0,197,260,234,199,3,696,54,0,54,750
10/08/2011,ANC,AK,AAL,WE,Towers with Radar,255,130,37,2,424,1,23,252,0,276,256,153,289,2,700,16,0,16,716
10/09/2011,ANC,AK,AAL,WE,Towers with Radar,234,118,28,2,382,0,31,247,1,279,234,149,275,3,661,0,0,0,661
10/10/2011,ANC,AK,AAL,WE,Towers with Radar,240,124,23,3,390,1,31,300,2,334,241,155,323,5,724,10,0,10,734
10/11/2011,ANC,AK,AAL,WE,Towers with Radar,247,141,17,3,408,0,51,284,2,337,247,192,301,5,745,28,0,28,773
10/12/2011,ANC,AK,AAL,WE,Towers with Radar,309,160,26,4,499,0,43,253,1,297,309,203,279,5,796,62,0,62,858
10/13/2011,ANC,AK,AAL,WE,Towers with Radar,322,156,35,0,513,0,26,199,0,225,322,182,234,0,738,28,0,28,766
10/14/2011,ANC,AK,AAL,WE,Towers with Radar,309,168,24,3,504,0,20,84,0,104,309,188,108,3,608,12,0,12,620
10/15/2011,ANC,AK,AAL,WE,Towers with Radar,315,152,38,7,512,0,14,136,0,150,315,166,174,7,662,50,0,50,712
10/16/2011,ANC,AK,AAL,WE,Towers with Radar,251,141,49,2,443,0,11,17,2,30,251,152,66,4,473,16,0,16,489
10/17/2011,ANC,AK,AAL,WE,Towers with Radar,284,213,54,4,555,0,3,69,0,72,284,216,123,4,627,0,0,0,627
10/18/2011,ANC,AK,AAL,WE,Towers with Radar,270,163,21,5,459,0,38,222,2,262,270,201,243,7,721,6,0,6,727
10/19/2011,ANC,AK,AAL,WE,Towers with Radar,309,184,13,6,512,1,21,239,0,261,310,205,252,6,773,10,0,10,783
10/20/2011,ANC,AK,AAL,WE,Towers with Radar,324,188,35,3,550,0,23,156,0,179,324,211,191,3,729,18,0,18,747
10/21/2011,ANC,AK,AAL,WE,Towers with Radar,315,190,45,3,553,0,31,169,0,200,315,221,214,3,753,42,0,42,795
10/22/2011,ANC,AK,AAL,WE,Towers with Radar,314,126,22,6,468,0,4,156,0,160,314,130,178,6,628,0,0,0,628
10/23/2011,ANC,AK,AAL,WE,Towers with Radar,282,127,37,0,446,0,4,108,0,112,282,131,145,0,558,20,0,20,578
10/24/2011,ANC,AK,AAL,WE,Towers with Radar,271,178,36,0,485,0,11,90,0,101,271,189,126,0,586,30,0,30,616
10/25/2011,ANC,AK,AAL,WE,Towers with Radar,266,171,17,10,464,0,8,47,0,55,266,179,64,10,519,0,0,0,519
10/26/2011,ANC,AK,AAL,WE,Towers with Radar,304,184,21,8,517,0,20,111,1,132,304,204,132,9,649,0,0,0,649
10/27/2011,ANC,AK,AAL,WE,Towers with Radar,335,180,17,7,539,1,11,132,2,146,336,191,149,9,685,12,0,12,697
10/28/2011,ANC,AK,AAL,WE,Towers with Radar,319,169,18,5,511,0,20,145,0,165,319,189,163,5,676,22,0,22,698
10/29/2011,ANC,AK,AAL,WE,Towers with Radar,320,124,26,6,476,0,3,97,0,100,320,127,123,6,576,48,0,48,624
10/30/2011,ANC,AK,AAL,WE,Towers with Radar,279,130,18,0,427,0,8,47,0,55,279,138,65,0,482,0,0,0,482
10/31/2011,ANC,AK,AAL,WE,Towers with Radar,302,168,34,2,506,0,4,19,0,23,302,172,53,2,529,0,0,0,529
11/01/2011,ANC,AK,AAL,WE,Towers with Radar,268,171,19,3,461,0,7,50,0,57,268,178,69,3,518,0,0,0,518
11/02/2011,ANC,AK,AAL,WE,Towers with Radar,310,181,22,5,518,0,19,89,3,111,310,200,111,8,629,0,0,0,629
11/03/2011,ANC,AK,AAL,WE,Towers with Radar,321,156,37,5,519,0,10,46,0,56,321,166,83,5,575,4,0,4,579
11/04/2011,ANC,AK,AAL,WE,Towers with Radar,301,212,16,2,531,0,0,44,0,44,301,212,60,2,575,0,0,0,575
11/05/2011,ANC,AK,AAL,WE,Towers with Radar,289,120,27,2,438,0,12,133,2,147,289,132,160,4,585,54,0,54,639
11/06/2011,ANC,AK,AAL,WE,Towers with Radar,261,132,16,6,415,0,1,9,0,10,261,133,25,6,425,0,0,0,425
11/07/2011,ANC,AK,AAL,WE,Towers with Radar,263,205,33,3,504,0,4,18,0,22,263,209,51,3,526,0,0,0,526
11/08/2011,ANC,AK,AAL,WE,Towers with Radar,264,172,22,6,464,0,14,103,2,119,264,186,125,8,583,0,0,0,583
11/09/2011,ANC,AK,AAL,WE,Towers with Radar,269,193,32,6,500,0,13,59,1,73,269,206,91,7,573,24,0,24,597
11/10/2011,ANC,AK,AAL,WE,Towers with Radar,322,202,18,7,549,0,9,35,0,44,322,211,53,7,593,0,0,0,593
11/11/2011,ANC,AK,AAL,WE,Towers with Radar,293,172,21,5,491,0,1,24,0,25,293,173,45,5,516,0,0,0,516
11/12/2011,ANC,AK,AAL,WE,Towers with Radar,300,127,14,6,447,0,0,0,0,0,300,127,14,6,447,0,0,0,447
11/13/2011,ANC,AK,AAL,WE,Towers with Radar,267,136,17,1,421,1,9,20,0,30,268,145,37,1,451,0,0,0,451
11/14/2011,ANC,AK,AAL,WE,Towers with Radar,251,180,17,3,451,2,14,95,2,113,253,194,112,5,564,24,0,24,588
11/15/2011,ANC,AK,AAL,WE,Towers with Radar,255,150,23,5,433,0,20,62,3,85,255,170,85,8,518,0,0,0,518
11/16/2011,ANC,AK,AAL,WE,Towers with Radar,291,143,21,3,458,0,14,30,0,44,291,157,51,3,502,0,0,0,502
11/17/2011,ANC,AK,AAL,WE,Towers with Radar,310,157,16,3,486,0,27,84,0,111,310,184,100,3,597,0,0,0,597
11/18/2011,ANC,AK,AAL,WE,Towers with Radar,292,163,24,10,489,0,28,105,0,133,292,191,129,10,622,20,0,20,642
11/19/2011,ANC,AK,AAL,WE,Towers with Radar,305,122,23,4,454,0,5,61,0,66,305,127,84,4,520,10,0,10,530
11/20/2011,ANC,AK,AAL,WE,Towers with Radar,250,113,16,2,381,0,2,50,2,54,250,115,66,4,435,0,0,0,435
11/21/2011,ANC,AK,AAL,WE,Towers with Radar,262,155,16,1,434,0,21,68,0,89,262,176,84,1,523,0,0,0,523
11/22/2011,ANC,AK,AAL,WE,Towers with Radar,268,184,12,10,474,0,9,37,2,48,268,193,49,12,522,0,0,0,522
11/23/2011,ANC,AK,AAL,WE,Towers with Radar,303,195,15,3,516,0,23,78,0,101,303,218,93,3,617,8,0,8,625
11/24/2011,ANC,AK,AAL,WE,Towers with Radar,229,40,9,0,278,0,0,0,0,0,229,40,9,0,278,0,0,0,278
11/25/2011,ANC,AK,AAL,WE,Towers with Radar,261,186,9,4,460,0,1,21,0,22,261,187,30,4,482,0,0,0,482
11/26/2011,ANC,AK,AAL,WE,Towers with Radar,288,110,6,4,408,0,8,80,1,89,288,118,86,5,497,54,0,54,551
11/27/2011,ANC,AK,AAL,WE,Towers with Radar,252,111,22,0,385,0,9,62,2,73,252,120,84,2,458,18,0,18,476
11/28/2011,ANC,AK,AAL,WE,Towers with Radar,262,173,25,2,462,0,11,89,3,103,262,184,114,5,565,8,0,8,573
11/29/2011,ANC,AK,AAL,WE,Towers with Radar,262,162,15,5,444,0,14,94,3,111,262,176,109,8,555,44,0,44,599
11/30/2011,ANC,AK,AAL,WE,Towers with Radar,291,161,16,3,471,0,8,50,2,60,291,169,66,5,531,14,0,14,545
12/01/2011,ANC,AK,AAL,WE,Towers with Radar,305,178,20,6,509,0,4,53,0,57,305,182,73,6,566,22,0,22,588
12/02/2011,ANC,AK,AAL,WE,Towers with Radar,284,195,17,3,499,0,1,18,0,19,284,196,35,3,518,30,0,30,548
12/03/2011,ANC,AK,AAL,WE,Towers with Radar,277,115,17,3,412,0,1,9,0,10,277,116,26,3,422,2,0,2,424
12/04/2011,ANC,AK,AAL,WE,Towers with Radar,224,121,14,1,360,0,1,15,0,16,224,122,29,1,376,0,0,0,376
12/05/2011,ANC,AK,AAL,WE,Towers with Radar,254,159,25,2,440,0,17,67,0,84,254,176,92,2,524,6,0,6,530
12/06/2011,ANC,AK,AAL,WE,Towers with Radar,255,163,30,4,452,0,17,89,0,106,255,180,119,4,558,8,0,8,566
12/07/2011,ANC,AK,AAL,WE,Towers with Radar,273,193,17,6,489,0,6,22,1,29,273,199,39,7,518,0,0,0,518
12/08/2011,ANC,AK,AAL,WE,Towers with Radar,293,209,26,6,534,0,2,29,1,32,293,211,55,7,566,0,0,0,566
12/09/2011,ANC,AK,AAL,WE,Towers with Radar,288,185,44,7,524,0,3,26,1,30,288,188,70,8,554,0,0,0,554
12/10/2011,ANC,AK,AAL,WE,Towers with Radar,269,126,17,3,415,0,1,11,0,12,269,127,28,3,427,0,0,0,427
12/11/2011,ANC,AK,AAL,WE,Towers with Radar,217,70,14,2,303,1,0,9,0,10,218,70,23,2,313,0,0,0,313
12/12/2011,ANC,AK,AAL,WE,Towers with Radar,257,197,28,5,487,1,12,48,0,61,258,209,76,5,548,0,0,0,548
12/13/2011,ANC,AK,AAL,WE,Towers with Radar,259,213,43,6,521,0,6,19,0,25,259,219,62,6,546,0,0,0,546
12/14/2011,ANC,AK,AAL,WE,Towers with Radar,275,168,24,7,474,0,15,67,0,82,275,183,91,7,556,2,0,2,558
12/15/2011,ANC,AK,AAL,WE,Towers with Radar,311,170,15,6,502,2,2,58,0,62,313,172,73,6,564,6,0,6,570
12/16/2011,ANC,AK,AAL,WE,Towers with Radar,307,176,26,2,511,0,11,91,2,104,307,187,117,4,615,12,0,12,627
12/17/2011,ANC,AK,AAL,WE,Towers with Radar,299,122,14,4,439,0,2,52,2,56,299,124,66,6,495,0,0,0,495
12/18/2011,ANC,AK,AAL,WE,Towers with Radar,243,136,17,1,397,1,0,6,0,7,244,136,23,1,404,0,0,0,404
12/19/2011,ANC,AK,AAL,WE,Towers with Radar,246,170,28,2,446,0,6,54,0,60,246,176,82,2,506,0,0,0,506
12/20/2011,ANC,AK,AAL,WE,Towers with Radar,264,179,11,3,457,0,1,42,0,43,264,180,53,3,500,0,0,0,500
12/21/2011,ANC,AK,AAL,WE,Towers with Radar,294,180,19,4,497,1,17,94,0,112,295,197,113,4,609,8,0,8,617
12/22/2011,ANC,AK,AAL,WE,Towers with Radar,305,175,28,11,519,0,7,47,2,56,305,182,75,13,575,0,0,0,575
12/23/2011,ANC,AK,AAL,WE,Towers with Radar,280,181,17,6,484,0,4,63,0,67,280,185,80,6,551,4,0,4,555
12/24/2011,ANC,AK,AAL,WE,Towers with Radar,285,121,13,1,420,0,1,22,0,23,285,122,35,1,443,4,0,4,447
12/25/2011,ANC,AK,AAL,WE,Towers with Radar,166,20,2,4,192,0,0,7,0,7,166,20,9,4,199,0,0,0,199
12/26/2011,ANC,AK,AAL,WE,Towers with Radar,209,137,4,3,353,0,4,70,0,74,209,141,74,3,427,22,0,22,449
12/27/2011,ANC,AK,AAL,WE,Towers with Radar,240,186,17,4,447,0,0,8,0,8,240,186,25,4,455,0,0,0,455
12/28/2011,ANC,AK,AAL,WE,Towers with Radar,273,212,10,5,500,0,7,31,0,38,273,219,41,5,538,16,0,16,554
12/29/2011,ANC,AK,AAL,WE,Towers with Radar,287,167,13,2,469,0,11,107,2,120,287,178,120,4,589,28,0,28,617
12/30/2011,ANC,AK,AAL,WE,Towers with Radar,277,211,15,3,506,0,5,38,2,45,277,216,53,5,551,4,0,4,555
12/31/2011,ANC,AK,AAL,WE,Towers with Radar,244,119,11,5,379,0,6,34,0,40,244,125,45,5,419,2,0,2,421
01/01/2012,ANC,AK,AAL,WE,Towers with Radar,178,49,14,2,243,0,0,43,0,43,178,49,57,2,286,22,0,22,308
01/02/2012,ANC,AK,AAL,WE,Towers with Radar,184,144,21,0,349,0,4,76,0,80,184,148,97,0,429,10,0,10,439
01/03/2012,ANC,AK,AAL,WE,Towers with Radar,214,166,17,2,399,1,5,43,0,49,215,171,60,2,448,0,0,0,448
01/04/2012,ANC,AK,AAL,WE,Towers with Radar,249,155,20,7,431,0,8,82,5,95,249,163,102,12,526,0,0,0,526
01/05/2012,ANC,AK,AAL,WE,Towers with Radar,258,183,22,5,468,0,3,20,0,23,258,186,42,5,491,0,0,0,491
01/06/2012,ANC,AK,AAL,WE,Towers with Radar,264,164,26,3,457,0,7,63,0,70,264,171,89,3,527,8,0,8,535
01/07/2012,ANC,AK,AAL,WE,Towers with Radar,275,138,11,6,430,0,2,17,1,20,275,140,28,7,450,0,0,0,450
01/08/2012,ANC,AK,AAL,WE,Towers with Radar,216,132,21,5,374,0,0,2,0,2,216,132,23,5,376,0,0,0,376
01/09/2012,ANC,AK,AAL,WE,Towers with Radar,207,160,25,0,392,1,5,81,1,88,208,165,106,1,480,0,0,0,480
01/10/2012,ANC,AK,AAL,WE,Towers with Radar,230,167,8,10,415,0,0,17,0,17,230,167,25,10,432,0,0,0,432
01/11/2012,ANC,AK,AAL,WE,Towers with Radar,265,190,26,13,494,2,3,43,2,50,267,193,69,15,544,0,0,0,544
01/12/2012,ANC,AK,AAL,WE,Towers with Radar,284,199,16,3,502,0,0,1,0,1,284,199,17,3,503,0,0,0,503
01/13/2012,ANC,AK,AAL,WE,Towers with Radar,291,186,28,5,510,0,23,57,0,80,291,209,85,5,590,0,0,0,590
01/14/2012,ANC,AK,AAL,WE,Towers with Radar,281,128,27,8,444,0,6,73,0,79,281,134,100,8,523,14,0,14,537
01/15/2012,ANC,AK,AAL,WE,Towers with Radar,230,130,19,0,379,0,11,28,0,39,230,141,47,0,418,0,0,0,418
01/16/2012,ANC,AK,AAL,WE,Towers with Radar,224,155,16,0,395,0,21,44,2,67,224,176,60,2,462,0,0,0,462
01/17/2012,ANC,AK,AAL,WE,Towers with Radar,238,159,22,3,422,0,18,78,1,97,238,177,100,4,519,0,0,0,519
01/18/2012,ANC,AK,AAL,WE,Towers with Radar,267,151,30,3,451,0,10,72,1,83,267,161,102,4,534,0,0,0,534
01/19/2012,ANC,AK,AAL,WE,Towers with Radar,284,173,20,5,482,0,21,50,0,71,284,194,70,5,553,0,0,0,553
01/20/2012,ANC,AK,AAL,WE,Towers with Radar,283,160,24,5,472,0,15,65,2,82,283,175,89,7,554,12,0,12,566
01/21/2012,ANC,AK,AAL,WE,Towers with Radar,291,101,13,5,410,0,6,60,0,66,291,107,73,5,476,12,0,12,488
01/22/2012,ANC,AK,AAL,WE,Towers with Radar,235,97,21,1,354,0,4,9,0,13,235,101,30,1,367,4,0,4,371
01/23/2012,ANC,AK,AAL,WE,Towers with Radar,226,141,14,3,384,0,16,115,1,132,226,157,129,4,516,10,0,10,526
01/24/2012,ANC,AK,AAL,WE,Towers with Radar,216,136,19,7,378,0,17,107,1,125,216,153,126,8,503,20,0,20,523
01/25/2012,ANC,AK,AAL,WE,Towers with Radar,207,180,19,7,413,0,7,31,2,40,207,187,50,9,453,17,0,17,470
01/26/2012,ANC,AK,AAL,WE,Towers with Radar,211,175,28,4,418,0,15,45,2,62,211,190,73,6,480,4,0,4,484
01/27/2012,ANC,AK,AAL,WE,Towers with Radar,212,187,26,4,429,0,12,75,0,87,212,199,101,4,516,24,0,24,540
01/28/2012,ANC,AK,AAL,WE,Towers with Radar,202,118,19,2,341,0,4,20,0,24,202,122,39,2,365,0,0,0,365
01/29/2012,ANC,AK,AAL,WE,Towers with Radar,159,88,18,0,265,0,9,47,0,56,159,97,65,0,321,0,0,0,321
01/30/2012,ANC,AK,AAL,WE,Towers with Radar,170,180,17,0,367,0,3,17,0,20,170,183,34,0,387,0,0,0,387
01/31/2012,ANC,AK,AAL,WE,Towers with Radar,213,180,28,4,425,0,9,17,0,26,213,189,45,4,451,0,0,0,451
02/01/2012,ANC,AK,AAL,WE,Towers with Radar,233,112,9,2,356,0,6,23,0,29,233,118,32,2,385,6,0,6,391
02/02/2012,ANC,AK,AAL,WE,Towers with Radar,246,176,19,5,446,0,6,64,0,70,246,182,83,5,516,8,0,8,524
02/03/2012,ANC,AK,AAL,WE,Towers with Radar,241,183,26,2,452,0,0,0,0,0,241,183,26,2,452,0,0,0,452
02/04/2012,ANC,AK,AAL,WE,Towers with Radar,242,104,18,5,369,0,13,70,1,84,242,117,88,6,453,38,0,38,491
02/05/2012,ANC,AK,AAL,WE,Towers with Radar,202,105,15,0,322,0,3,36,0,39,202,108,51,0,361,0,0,0,361
02/06/2012,ANC,AK,AAL,WE,Towers with Radar,221,147,20,2,390,0,17,126,2,145,221,164,146,4,535,10,0,10,545
02/07/2012,ANC,AK,AAL,WE,Towers with Radar,249,152,20,4,425,1,25,165,1,192,250,177,185,5,617,0,0,0,617
02/08/2012,ANC,AK,AAL,WE,Towers with Radar,255,159,23,5,442,1,11,88,0,100,256,170,111,5,542,24,0,24,566
02/09/2012,ANC,AK,AAL,WE,Towers with Radar,272,147,20,8,447,0,22,69,3,94,272,169,89,11,541,14,0,14,555
02/10/2012,ANC,AK,AAL,WE,Towers with Radar,264,184,24,5,477,0,12,80,0,92,264,196,104,5,569,104,0,104,673
02/11/2012,ANC,AK,AAL,WE,Towers with Radar,272,108,22,6,408,0,3,49,1,53,272,111,71,7,461,52,0,52,513
02/12/2012,ANC,AK,AAL,WE,Towers with Radar,217,117,25,0,359,1,1,49,0,51,218,118,74,0,410,26,0,26,436
02/13/2012,ANC,AK,AAL,WE,Towers with Radar,218,161,28,0,407,0,2,9,2,13,218,163,37,2,420,2,0,2,422
02/14/2012,ANC,AK,AAL,WE,Towers with Radar,234,163,23,5,425,0,38,94,0,132,234,201,117,5,557,12,0,12,569
02/15/2012,ANC,AK,AAL,WE,Towers with Radar,261,162,14,4,441,0,3,62,0,65,261,165,76,4,506,12,0,12,518
02/16/2012,ANC,AK,AAL,WE,Towers with Radar,294,165,30,7,496,0,8,67,2,77,294,173,97,9,573,4,0,4,577
02/17/2012,ANC,AK,AAL,WE,Towers with Radar,282,154,33,9,478,0,38,119,0,157,282,192,152,9,635,24,0,24,659
02/18/2012,ANC,AK,AAL,WE,Towers with Radar,284,123,21,6,434,0,5,165,0,170,284,128,186,6,604,48,0,48,652
02/19/2012,ANC,AK,AAL,WE,Towers with Radar,214,106,21,2,343,1,9,127,0,137,215,115,148,2,480,4,0,4,484
02/20/2012,ANC,AK,AAL,WE,Towers with Radar,221,127,12,2,362,0,14,147,0,161,221,141,159,2,523,0,0,0,523
02/21/2012,ANC,AK,AAL,WE,Towers with Radar,250,183,25,2,460,0,5,23,0,28,250,188,48,2,488,0,0,0,488
02/22/2012,ANC,AK,AAL,WE,Towers with Radar,261,147,26,5,439,0,20,128,2,150,261,167,154,7,589,14,0,14,603
02/23/2012,ANC,AK,AAL,WE,Towers with Radar,300,176,33,5,514,0,7,52,1,60,300,183,85,6,574,16,0,16,590
02/24/2012,ANC,AK,AAL,WE,Towers with Radar,295,170,28,3,496,0,48,142,0,190,295,218,170,3,686,44,0,44,730
02/25/2012,ANC,AK,AAL,WE,Towers with Radar,284,112,13,7,416,0,25,163,2,190,284,137,176,9,606,80,0,80,686
02/26/2012,ANC,AK,AAL,WE,Towers with Radar,244,118,14,5,381,0,0,4,0,4,244,118,18,5,385,0,0,0,385
02/27/2012,ANC,AK,AAL,WE,Towers with Radar,223,172,18,6,419,0,11,18,0,29,223,183,36,6,448,0,0,0,448
02/28/2012,ANC,AK,AAL,WE,Towers with Radar,260,182,30,10,482,1,11,97,0,109,261,193,127,10,591,2,0,2,593
02/29/2012,ANC,AK,AAL,WE,Towers with Radar,283,191,21,6,501,0,18,65,2,85,283,209,86,8,586,16,0,16,602
03/01/2012,ANC,AK,AAL,WE,Towers with Radar,292,171,26,9,498,0,14,69,0,83,292,185,95,9,581,0,0,0,581
03/02/2012,ANC,AK,AAL,WE,Towers with Radar,300,188,40,5,533,0,29,130,0,159,300,217,170,5,692,107,0,107,799
03/03/2012,ANC,AK,AAL,WE,Towers with Radar,299,145,18,4,466,0,7,57,0,64,299,152,75,4,530,26,0,26,556
03/04/2012,ANC,AK,AAL,WE,Towers with Radar,245,110,26,5,386,0,32,263,2,297,245,142,289,7,683,26,0,26,709
03/05/2012,ANC,AK,AAL,WE,Towers with Radar,220,169,33,1,423,1,15,93,0,109,221,184,126,1,532,6,0,6,538
03/06/2012,ANC,AK,AAL,WE,Towers with Radar,246,193,20,5,464,0,28,125,0,153,246,221,145,5,617,2,0,2,619
03/07/2012,ANC,AK,AAL,WE,Towers with Radar,289,187,14,3,493,0,17,145,2,164,289,204,159,5,657,46,0,46,703
03/08/2012,ANC,AK,AAL,WE,Towers with Radar,320,184,32,6,542,0,18,144,4,166,320,202,176,10,708,4,0,4,712
03/09/2012,ANC,AK,AAL,WE,Towers with Radar,310,168,28,2,508,0,16,153,0,169,310,184,181,2,677,38,0,38,715
03/10/2012,ANC,AK,AAL,WE,Towers with Radar,310,108,13,5,436,0,24,183,2,209,310,132,196,7,645,32,0,32,677
03/11/2012,ANC,AK,AAL,WE,Towers with Radar,239,105,7,3,354,2,19,125,2,148,241,124,132,5,502,22,0,22,524
03/12/2012,ANC,AK,AAL,WE,Towers with Radar,231,152,14,3,400,1,16,141,3,161,232,168,155,6,561,2,0,2,563
03/13/2012,ANC,AK,AAL,WE,Towers with Radar,254,156,18,3,431,0,17,91,3,111,254,173,109,6,542,14,0,14,556
03/14/2012,ANC,AK,AAL,WE,Towers with Radar,285,192,25,3,505,0,5,31,0,36,285,197,56,3,541,0,0,0,541
03/15/2012,ANC,AK,AAL,WE,Towers with Radar,304,173,26,10,513,0,30,122,4,156,304,203,148,14,669,18,0,18,687
03/16/2012,ANC,AK,AAL,WE,Towers with Radar,310,176,28,3,517,0,7,124,0,131,310,183,152,3,648,66,0,66,714
03/17/2012,ANC,AK,AAL,WE,Towers with Radar,306,120,23,6,455,0,12,212,0,224,306,132,235,6,679,22,0,22,701
03/18/2012,ANC,AK,AAL,WE,Towers with Radar,244,91,13,2,350,0,22,145,3,170,244,113,158,5,520,24,0,24,544
03/19/2012,ANC,AK,AAL,WE,Towers with Radar,240,157,24,1,422,0,11,107,3,121,240,168,131,4,543,12,0,12,555
03/20/2012,ANC,AK,AAL,WE,Towers with Radar,261,177,15,6,459,0,8,126,0,134,261,185,141,6,593,8,0,8,601
03/21/2012,ANC,AK,AAL,WE,Towers with Radar,301,129,27,3,460,0,40,161,3,204,301,169,188,6,664,16,0,16,680
03/22/2012,ANC,AK,AAL,WE,Towers with Radar,323,138,22,5,488,1,34,221,6,262,324,172,243,11,750,6,0,6,756
03/23/2012,ANC,AK,AAL,WE,Towers with Radar,313,137,29,3,482,1,16,100,2,119,314,153,129,5,601,16,0,16,617
03/24/2012,ANC,AK,AAL,WE,Towers with Radar,303,111,24,0,438,0,15,115,0,130,303,126,139,0,568,24,0,24,592
03/25/2012,ANC,AK,AAL,WE,Towers with Radar,256,81,29,0,366,0,21,222,2,245,256,102,251,2,611,16,0,16,627
03/26/2012,ANC,AK,AAL,WE,Towers with Radar,238,138,30,1,407,0,17,127,4,148,238,155,157,5,555,24,0,24,579
03/27/2012,ANC,AK,AAL,WE,Towers with Radar,252,160,26,7,445,0,14,81,2,97,252,174,107,9,542,0,0,0,542
03/28/2012,ANC,AK,AAL,WE,Towers with Radar,300,162,35,3,500,1,19,133,6,159,301,181,168,9,659,16,0,16,675
03/29/2012,ANC,AK,AAL,WE,Towers with Radar,336,141,34,6,517,0,23,164,4,191,336,164,198,10,708,89,0,89,797
03/30/2012,ANC,AK,AAL,WE,Towers with Radar,307,157,26,3,493,0,19,200,2,221,307,176,226,5,714,38,0,38,752
03/31/2012,ANC,AK,AAL,WE,Towers with Radar,307,112,21,4,444,0,15,128,0,143,307,127,149,4,587,32,0,32,619
04/01/2012,ANC,AK,AAL,WE,Towers with Radar,235,111,20,2,368,0,1,76,0,77,235,112,96,2,445,0,0,0,445
04/02/2012,ANC,AK,AAL,WE,Towers with Radar,232,154,17,0,403,0,15,166,0,181,232,169,183,0,584,2,0,2,586
04/03/2012,ANC,AK,AAL,WE,Towers with Radar,240,135,17,6,398,0,25,178,5,208,240,160,195,11,606,40,0,40,646
04/04/2012,ANC,AK,AAL,WE,Towers with Radar,275,154,25,4,458,0,14,125,0,139,275,168,150,4,597,30,0,30,627
04/05/2012,ANC,AK,AAL,WE,Towers with Radar,299,159,17,11,486,0,6,60,2,68,299,165,77,13,554,0,0,0,554
04/06/2012,ANC,AK,AAL,WE,Towers with Radar,276,196,17,2,491,0,5,56,1,62,276,201,73,3,553,0,0,0,553
04/07/2012,ANC,AK,AAL,WE,Towers with Radar,282,139,14,2,437,0,1,6,0,7,282,140,20,2,444,0,0,0,444
04/08/2012,ANC,AK,AAL,WE,Towers with Radar,226,100,12,4,342,0,14,117,0,131,226,114,129,4,473,4,0,4,477
04/09/2012,ANC,AK,AAL,WE,Towers with Radar,204,140,28,5,377,1,29,163,1,194,205,169,191,6,571,50,0,50,621
04/10/2012,ANC,AK,AAL,WE,Towers with Radar,221,145,19,7,392,0,25,216,2,243,221,170,235,9,635,22,0,22,657
04/11/2012,ANC,AK,AAL,WE,Towers with Radar,277,146,21,10,454,0,11,83,0,94,277,157,104,10,548,0,0,0,548
04/12/2012,ANC,AK,AAL,WE,Towers with Radar,296,154,31,7,488,0,27,225,2,254,296,181,256,9,742,56,0,56,798
04/13/2012,ANC,AK,AAL,WE,Towers with Radar,288,170,12,2,472,0,15,266,2,283,288,185,278,4,755,126,0,126,881
04/14/2012,ANC,AK,AAL,WE,Towers with Radar,287,131,19,4,441,1,19,238,6,264,288,150,257,10,705,70,0,70,775
04/15/2012,ANC,AK,AAL,WE,Towers with Radar,228,127,22,6,383,0,9,122,2,133,228,136,144,8,516,88,0,88,604
04/16/2012,ANC,AK,AAL,WE,Towers with Radar,220,152,20,0,392,0,17,138,0,155,220,169,158,0,547,24,0,24,571
04/17/2012,ANC,AK,AAL,WE,Towers with Radar,227,158,30,3,418,0,14,133,2,149,227,172,163,5,567,12,0,12,579
04/18/2012,ANC,AK,AAL,WE,Towers with Radar,269,164,22,5,460,0,22,189,3,214,269,186,211,8,674,78,0,78,752
04/19/2012,ANC,AK,AAL,WE,Towers with Radar,299,154,25,3,481,0,27,186,2,215,299,181,211,5,696,78,0,78,774
04/20/2012,ANC,AK,AAL,WE,Towers with Radar,281,152,31,9,473,0,39,268,3,310,281,191,299,12,783,44,0,44,827
04/21/2012,ANC,AK,AAL,WE,Towers with Radar,293,124,20,6,443,0,6,132,0,138,293,130,152,6,581,54,0,54,635
04/22/2012,ANC,AK,AAL,WE,Towers with Radar,230,102,28,4,364,1,10,187,0,198,231,112,215,4,562,20,0,20,582
04/23/2012,ANC,AK,AAL,WE,Towers with Radar,222,137,32,0,391,0,26,179,2,207,222,163,211,2,598,58,0,58,656
04/24/2012,ANC,AK,AAL,WE,Towers with Radar,235,133,16,5,389,0,25,165,2,192,235,158,181,7,581,26,0,26,607
04/25/2012,ANC,AK,AAL,WE,Towers with Radar,280,142,19,7,448,0,33,178,4,215,280,175,197,11,663,78,0,78,741
04/26/2012,ANC,AK,AAL,WE,Towers with Radar,309,145,27,6,487,0,32,162,4,198,309,177,189,10,685,14,0,14,699
04/27/2012,ANC,AK,AAL,WE,Towers with Radar,286,155,28,3,472,0,29,231,0,260,286,184,259,3,732,62,0,62,794
04/28/2012,ANC,AK,AAL,WE,Towers with Radar,283,128,27,4,442,0,13,124,2,139,283,141,151,6,581,111,0,111,692
04/29/2012,ANC,AK,AAL,WE,Towers with Radar,247,90,12,1,350,0,22,183,0,205,247,112,195,1,555,87,0,87,642
04/30/2012,ANC,AK,AAL,WE,Towers with Radar,223,156,16,1,396,2,42,200,0,244,225,198,216,1,640,50,0,50,690
05/01/2012,ANC,AK,AAL,WE,Towers with Radar,237,171,29,4,441,0,17,123,5,145,237,188,152,9,586,48,0,48,634
05/02/2012,ANC,AK,AAL,WE,Towers with Radar,249,157,17,8,431,1,15,178,5,199,250,172,195,13,630,34,0,34,664
05/03/2012,ANC,AK,AAL,WE,Towers with Radar,267,163,17,5,452,0,16,163,4,183,267,179,180,9,635,50,0,50,685
05/04/2012,ANC,AK,AAL,WE,Towers with Radar,274,174,27,9,484,0,27,196,1,224,274,201,223,10,708,80,0,80,788
05/05/2012,ANC,AK,AAL,WE,Towers with Radar,277,117,50,5,449,0,33,223,4,260,277,150,273,9,709,108,0,108,817
05/06/2012,ANC,AK,AAL,WE,Towers with Radar,229,105,24,3,361,0,5,199,1,205,229,110,223,4,566,14,0,14,580
05/07/2012,ANC,AK,AAL,WE,Towers with Radar,217,150,13,3,383,0,25,134,2,161,217,175,147,5,544,6,0,6,550
05/08/2012,ANC,AK,AAL,WE,Towers with Radar,238,163,22,7,430,0,25,141,3,169,238,188,163,10,599,48,0,48,647
05/09/2012,ANC,AK,AAL,WE,Towers with Radar,266,163,25,9,463,0,35,115,0,150,266,198,140,9,613,20,0,20,633
05/10/2012,ANC,AK,AAL,WE,Towers with Radar,314,187,31,3,535,0,15,95,1,111,314,202,126,4,646,27,0,27,673
05/11/2012,ANC,AK,AAL,WE,Towers with Radar,282,184,35,4,505,0,10,94,0,104,282,194,129,4,609,2,0,2,611
05/12/2012,ANC,AK,AAL,WE,Towers with Radar,300,140,21,7,468,0,37,181,0,218,300,177,202,7,686,76,0,76,762
05/13/2012,ANC,AK,AAL,WE,Towers with Radar,247,107,15,3,372,1,22,187,5,215,248,129,202,8,587,58,0,58,645
05/14/2012,ANC,AK,AAL,WE,Towers with Radar,240,156,25,3,424,1,26,180,0,207,241,182,205,3,631,12,0,12,643
05/15/2012,ANC,AK,AAL,WE,Towers with Radar,261,157,23,6,447,1,55,234,0,290,262,212,257,6,737,8,0,8,745
05/16/2012,ANC,AK,AAL,WE,Towers with Radar,288,143,23,3,457,1,72,260,1,334,289,215,283,4,791,12,0,12,803
05/17/2012,ANC,AK,AAL,WE,Towers with Radar,324,169,18,11,522,0,53,201,3,257,324,222,219,14,779,24,0,24,803
05/18/2012,ANC,AK,AAL,WE,Towers with Radar,300,155,32,6,493,0,82,225,3,310,300,237,257,9,803,20,0,20,823
05/19/2012,ANC,AK,AAL,WE,Towers with Radar,322,153,24,6,505,0,33,286,0,319,322,186,310,6,824,66,0,66,890
05/20/2012,ANC,AK,AAL,WE,Towers with Radar,269,113,23,0,405,0,34,364,3,401,269,147,387,3,806,82,0,82,888
05/21/2012,ANC,AK,AAL,WE,Towers with Radar,249,158,22,5,434,0,75,338,1,414,249,233,360,6,848,22,0,22,870
05/22/2012,ANC,AK,AAL,WE,Towers with Radar,262,183,19,10,474,1,91,315,4,411,263,274,334,14,885,64,0,64,949
05/23/2012,ANC,AK,AAL,WE,Towers with Radar,311,158,30,5,504,0,92,330,4,426,311,250,360,9,930,0,0,0,930
05/24/2012,ANC,AK,AAL,WE,Towers with Radar,333,201,25,3,562,1,78,189,2,270,334,279,214,5,832,0,0,0,832
05/25/2012,ANC,AK,AAL,WE,Towers with Radar,309,184,28,4,525,1,130,291,0,422,310,314,319,4,947,10,0,10,957
05/26/2012,ANC,AK,AAL,WE,Towers with Radar,343,135,19,4,501,0,78,406,2,486,343,213,425,6,987,96,0,96,1083
05/27/2012,ANC,AK,AAL,WE,Towers with Radar,271,120,12,2,405,0,30,180,0,210,271,150,192,2,615,10,0,10,625
05/28/2012,ANC,AK,AAL,WE,Towers with Radar,243,104,17,4,368,0,88,479,2,569,243,192,496,6,937,39,0,39,976
05/29/2012,ANC,AK,AAL,WE,Towers with Radar,286,169,9,1,465,0,109,280,2,391,286,278,289,3,856,14,0,14,870
05/30/2012,ANC,AK,AAL,WE,Towers with Radar,312,197,31,11,551,1,90,331,6,428,313,287,362,17,979,46,0,46,1025
05/31/2012,ANC,AK,AAL,WE,Towers with Radar,340,195,23,7,565,1,98,222,2,323,341,293,245,9,888,10,0,10,898
06/01/2012,ANC,AK,AAL,WE,Towers with Radar,320,201,25,7,553,0,124,481,0,605,320,325,506,7,1158,116,0,116,1274
06/02/2012,ANC,AK,AAL,WE,Towers with Radar,340,167,31,5,543,1,78,476,3,558,341,245,507,8,1101,87,0,87,1188
06/03/2012,ANC,AK,AAL,WE,Towers with Radar,291,152,19,3,465,0,71,284,0,355,291,223,303,3,820,62,0,62,882
06/04/2012,ANC,AK,AAL,WE,Towers with Radar,277,198,31,2,508,1,92,319,6,418,278,290,350,8,926,102,0,102,1028
06/05/2012,ANC,AK,AAL,WE,Towers with Radar,296,185,24,18,523,2,178,487,0,667,298,363,511,18,1190,14,0,14,1204
06/06/2012,ANC,AK,AAL,WE,Towers with Radar,329,214,20,11,574,1,104,183,0,288,330,318,203,11,862,14,0,14,876
06/07/2012,ANC,AK,AAL,WE,Towers with Radar,374,224,47,7,652,0,154,477,2,633,374,378,524,9,1285,48,0,48,1333
06/08/2012,ANC,AK,AAL,WE,Towers with Radar,333,194,44,4,575,1,159,386,0,546,334,353,430,4,1121,92,0,92,1213
06/09/2012,ANC,AK,AAL,WE,Towers with Radar,353,153,23,9,538,0,146,351,1,498,353,299,374,10,1036,32,0,32,1068
06/10/2012,ANC,AK,AAL,WE,Towers with Radar,290,138,32,0,460,0,100,468,3,571,290,238,500,3,1031,32,0,32,1063
06/11/2012,ANC,AK,AAL,WE,Towers with Radar,269,193,34,2,498,0,148,322,2,472,269,341,356,4,970,38,0,38,1008
06/12/2012,ANC,AK,AAL,WE,Towers with Radar,289,217,29,4,539,0,105,116,0,221,289,322,145,4,760,30,0,30,790
06/13/2012,ANC,AK,AAL,WE,Towers with Radar,312,238,39,9,598,2,105,193,1,301,314,343,232,10,899,6,0,6,905
06/14/2012,ANC,AK,AAL,WE,Towers with Radar,356,216,28,6,606,8,183,390,2,583,364,399,418,8,1189,24,0,24,1213
06/15/2012,ANC,AK,AAL,WE,Towers with Radar,344,197,36,6,583,0,202,481,0,683,344,399,517,6,1266,58,0,58,1324
06/16/2012,ANC,AK,AAL,WE,Towers with Radar,363,164,28,9,564,0,233,502,1,736,363,397,530,10,1300,25,0,25,1325
06/17/2012,ANC,AK,AAL,WE,Towers with Radar,296,134,38,2,470,0,134,432,2,568,296,268,470,4,1038,22,0,22,1060
06/18/2012,ANC,AK,AAL,WE,Towers with Radar,269,172,45,6,492,0,192,417,0,609,269,364,462,6,1101,30,0,30,1131
06/19/2012,ANC,AK,AAL,WE,Towers with Radar,282,187,29,6,504,0,174,463,0,637,282,361,492,6,1141,58,0,58,1199
06/20/2012,ANC,AK,AAL,WE,Towers with Radar,327,222,28,10,587,0,183,358,0,541,327,405,386,10,1128,36,0,36,1164
06/21/2012,ANC,AK,AAL,WE,Towers with Radar,361,166,30,10,567,3,248,471,3,725,364,414,501,13,1292,24,0,24,1316
06/22/2012,ANC,AK,AAL,WE,Towers with Radar,339,180,35,5,559,1,283,552,2,838,340,463,587,7,1397,20,2,22,1419
06/23/2012,ANC,AK,AAL,WE,Towers with Radar,359,144,25,6,534,1,250,651,2,904,360,394,676,8,1438,28,0,28,1466
06/24/2012,ANC,AK,AAL,WE,Towers with Radar,277,171,43,4,495,0,92,242,1,335,277,263,285,5,830,6,0,6,836
06/25/2012,ANC,AK,AAL,WE,Towers with Radar,283,228,39,5,555,0,127,158,1,286,283,355,197,6,841,56,0,56,897
06/26/2012,ANC,AK,AAL,WE,Towers with Radar,303,238,54,5,600,0,127,250,0,377,303,365,304,5,977,60,0,60,1037
06/27/2012,ANC,AK,AAL,WE,Towers with Radar,348,195,41,10,594,0,140,330,2,472,348,335,371,12,1066,90,0,90,1156
06/28/2012,ANC,AK,AAL,WE,Towers with Radar,373,235,54,11,673,0,152,208,1,361,373,387,262,12,1034,28,0,28,1062
06/29/2012,ANC,AK,AAL,WE,Towers with Radar,351,205,52,4,612,1,215,423,3,642,352,420,475,7,1254,50,0,50,1304
06/30/2012,ANC,AK,AAL,WE,Towers with Radar,355,165,30,7,557,1,209,529,2,741,356,374,559,9,1298,144,0,144,1442
07/01/2012,ANC,AK,AAL,WE,Towers with Radar,306,126,25,3,460,0,155,376,1,532,306,281,401,4,992,6,0,6,998
07/02/2012,ANC,AK,AAL,WE,Towers with Radar,289,196,19,3,507,0,155,317,1,473,289,351,336,4,980,30,0,30,1010
07/03/2012,ANC,AK,AAL,WE,Towers with Radar,301,210,24,6,541,1,161,305,2,469,302,371,329,8,1010,68,0,68,1078
07/04/2012,ANC,AK,AAL,WE,Towers with Radar,288,126,16,7,437,0,127,273,0,400,288,253,289,7,837,24,0,24,861
07/05/2012,ANC,AK,AAL,WE,Towers with Radar,348,194,26,7,575,1,173,405,2,581,349,367,431,9,1156,50,0,50,1206
07/06/2012,ANC,AK,AAL,WE,Towers with Radar,326,193,30,8,557,1,174,438,6,619,327,367,468,14,1176,14,0,14,1190
07/07/2012,ANC,AK,AAL,WE,Towers with Radar,360,146,33,5,544,1,196,310,1,508,361,342,343,6,1052,38,0,38,1090
07/08/2012,ANC,AK,AAL,WE,Towers with Radar,306,144,37,6,493,0,158,291,0,449,306,302,328,6,942,6,0,6,948
07/09/2012,ANC,AK,AAL,WE,Towers with Radar,279,192,51,5,527,0,146,384,3,533,279,338,435,8,1060,24,0,24,1084
07/10/2012,ANC,AK,AAL,WE,Towers with Radar,292,205,36,5,538,2,170,284,0,456,294,375,320,5,994,6,0,6,1000
07/11/2012,ANC,AK,AAL,WE,Towers with Radar,323,199,31,7,560,2,132,253,2,389,325,331,284,9,949,0,0,0,949
07/12/2012,ANC,AK,AAL,WE,Towers with Radar,346,215,42,5,608,1,153,192,0,346,347,368,234,5,954,26,0,26,980
07/13/2012,ANC,AK,AAL,WE,Towers with Radar,347,227,62,10,646,1,186,346,0,533,348,413,408,10,1179,26,0,26,1205
07/14/2012,ANC,AK,AAL,WE,Towers with Radar,336,181,33,6,556,2,134,433,4,573,338,315,466,10,1129,66,0,66,1195
07/15/2012,ANC,AK,AAL,WE,Towers with Radar,290,178,29,0,497,0,74,238,0,312,290,252,267,0,809,8,0,8,817
07/16/2012,ANC,AK,AAL,WE,Towers with Radar,267,194,42,0,503,1,189,442,0,632,268,383,484,0,1135,42,0,42,1177
07/17/2012,ANC,AK,AAL,WE,Towers with Radar,289,199,27,3,518,0,171,428,1,600,289,370,455,4,1118,22,0,22,1140
07/18/2012,ANC,AK,AAL,WE,Towers with Radar,326,203,28,7,564,40,167,441,2,650,366,370,469,9,1214,70,0,70,1284
07/19/2012,ANC,AK,AAL,WE,Towers with Radar,352,200,21,4,577,0,196,475,1,672,352,396,496,5,1249,28,0,28,1277
07/20/2012,ANC,AK,AAL,WE,Towers with Radar,335,208,39,7,589,0,179,497,2,678,335,387,536,9,1267,62,0,62,1329
07/21/2012,ANC,AK,AAL,WE,Towers with Radar,349,184,27,8,568,0,83,131,0,214,349,267,158,8,782,6,0,6,788
07/22/2012,ANC,AK,AAL,WE,Towers with Radar,268,193,58,1,520,1,117,250,0,368,269,310,308,1,888,0,0,0,888
07/23/2012,ANC,AK,AAL,WE,Towers with Radar,298,209,38,5,550,1,188,231,0,420,299,397,269,5,970,22,0,22,992
07/24/2012,ANC,AK,AAL,WE,Towers with Radar,282,199,44,11,536,0,194,374,2,570,282,393,418,13,1106,4,0,4,1110
07/25/2012,ANC,AK,AAL,WE,Towers with Radar,343,206,28,11,588,1,167,493,3,664,344,373,521,14,1252,28,0,28,1280
07/26/2012,ANC,AK,AAL,WE,Towers with Radar,352,191,44,6,593,0,204,530,7,741,352,395,574,13,1334,10,0,10,1344
07/27/2012,ANC,AK,AAL,WE,Towers with Radar,347,215,106,8,676,0,216,515,5,736,347,431,621,13,1412,64,0,64,1476
07/28/2012,ANC,AK,AAL,WE,Towers with Radar,344,170,15,6,535,0,198,376,0,574,344,368,391,6,1109,26,0,26,1135
07/29/2012,ANC,AK,AAL,WE,Towers with Radar,301,152,35,4,492,0,116,299,3,418,301,268,334,7,910,46,0,46,956
07/30/2012,ANC,AK,AAL,WE,Towers with Radar,304,200,46,4,554,0,115,267,1,383,304,315,313,5,937,76,0,76,1013
07/31/2012,ANC,AK,AAL,WE,Towers with Radar,302,191,29,11,533,0,198,490,2,690,302,389,519,13,1223,42,0,42,1265
08/01/2012,ANC,AK,AAL,WE,Towers with Radar,329,213,36,5,583,0,109,172,2,283,329,322,208,7,866,58,0,58,924
08/02/2012,ANC,AK,AAL,WE,Towers with Radar,322,235,45,7,609,1,123,182,0,306,323,358,227,7,915,0,0,0,915
08/03/2012,ANC,AK,AAL,WE,Towers with Radar,361,180,38,11,590,1,220,498,1,720,362,400,536,12,1310,12,0,12,1322
08/04/2012,ANC,AK,AAL,WE,Towers with Radar,347,166,41,5,559,4,153,257,0,414,351,319,298,5,973,8,0,8,981
08/05/2012,ANC,AK,AAL,WE,Towers with Radar,296,190,48,4,538,1,142,374,6,523,297,332,422,10,1061,0,0,0,1061
08/06/2012,ANC,AK,AAL,WE,Towers with Radar,291,188,29,7,515,0,193,335,1,529,291,381,364,8,1044,4,0,4,1048
08/07/2012,ANC,AK,AAL,WE,Towers with Radar,291,204,49,7,551,0,221,329,5,555,291,425,378,12,1106,2,0,2,1108
08/08/2012,ANC,AK,AAL,WE,Towers with Radar,314,244,53,4,615,1,150,304,0,455,315,394,357,4,1070,6,0,6,1076
08/09/2012,ANC,AK,AAL,WE,Towers with Radar,357,193,36,10,596,1,145,404,0,550,358,338,440,10,1146,0,0,0,1146
08/10/2012,ANC,AK,AAL,WE,Towers with Radar,341,205,52,3,601,1,189,479,1,670,342,394,531,4,1271,14,0,14,1285
08/11/2012,ANC,AK,AAL,WE,Towers with Radar,353,152,21,9,535,2,206,463,0,671,355,358,484,9,1206,34,0,34,1240
08/12/2012,ANC,AK,AAL,WE,Towers with Radar,285,138,39,0,462,1,159,441,2,603,286,297,480,2,1065,0,0,0,1065
08/13/2012,ANC,AK,AAL,WE,Towers with Radar,281,191,34,1,507,0,186,331,0,517,281,377,365,1,1024,0,0,0,1024
08/14/2012,ANC,AK,AAL,WE,Towers with Radar,275,208,86,5,574,0,148,258,2,408,275,356,344,7,982,0,0,0,982
08/15/2012,ANC,AK,AAL,WE,Towers with Radar,326,188,54,6,574,0,131,338,0,469,326,319,392,6,1043,52,0,52,1095
08/16/2012,ANC,AK,AAL,WE,Towers with Radar,343,219,45,10,617,1,137,229,0,367,344,356,274,10,984,36,0,36,1020
08/17/2012,ANC,AK,AAL,WE,Towers with Radar,330,197,56,7,590,1,218,514,0,733,331,415,570,7,1323,98,0,98,1421
08/18/2012,ANC,AK,AAL,WE,Towers with Radar,335,173,30,4,542,2,175,438,3,618,337,348,468,7,1160,62,0,62,1222
08/19/2012,ANC,AK,AAL,WE,Towers with Radar,285,140,39,1,465,0,103,213,2,318,285,243,252,3,783,16,0,16,799
08/20/2012,ANC,AK,AAL,WE,Towers with Radar,290,239,40,6,575,0,101,124,0,225,290,340,164,6,800,36,0,36,836
08/21/2012,ANC,AK,AAL,WE,Towers with Radar,291,193,58,8,550,0,142,323,0,465,291,335,381,8,1015,12,0,12,1027
08/22/2012,ANC,AK,AAL,WE,Towers with Radar,325,189,41,8,563,0,150,494,3,647,325,339,535,11,1210,28,0,28,1238
08/23/2012,ANC,AK,AAL,WE,Towers with Radar,355,218,38,6,617,0,94,148,2,244,355,312,186,8,861,8,0,8,869
08/24/2012,ANC,AK,AAL,WE,Towers with Radar,332,198,39,5,574,0,114,372,1,487,332,312,411,6,1061,2,0,2,1063
08/25/2012,ANC,AK,AAL,WE,Towers with Radar,349,164,26,8,547,1,139,547,0,687,350,303,573,8,1234,36,0,36,1270
08/26/2012,ANC,AK,AAL,WE,Towers with Radar,276,149,36,2,463,0,92,144,0,236,276,241,180,2,699,6,0,6,705
08/27/2012,ANC,AK,AAL,WE,Towers with Radar,275,190,35,8,508,0,121,218,7,346,275,311,253,15,854,32,0,32,886
08/28/2012,ANC,AK,AAL,WE,Towers with Radar,260,196,28,7,491,0,148,448,0,596,260,344,476,7,1087,18,0,18,1105
08/29/2012,ANC,AK,AAL,WE,Towers with Radar,318,181,24,4,527,0,122,462,2,586,318,303,486,6,1113,89,0,89,1202
08/30/2012,ANC,AK,AAL,WE,Towers with Radar,338,204,37,8,587,1,120,209,3,333,339,324,246,11,920,24,0,24,944
08/31/2012,ANC,AK,AAL,WE,Towers with Radar,326,215,44,4,589,0,159,357,2,518,326,374,401,6,1107,46,0,46,1153
09/01/2012,ANC,AK,AAL,WE,Towers with Radar,332,188,59,5,584,0,71,152,0,223,332,259,211,5,807,0,0,0,807
09/02/2012,ANC,AK,AAL,WE,Towers with Radar,251,135,28,0,414,0,114,166,2,282,251,249,194,2,696,0,0,0,696
09/03/2012,ANC,AK,AAL,WE,Towers with Radar,260,154,17,2,433,0,151,147,0,298,260,305,164,2,731,2,0,2,733
09/04/2012,ANC,AK,AAL,WE,Towers with Radar,261,174,22,4,461,0,34,102,0,136,261,208,124,4,597,2,0,2,599
09/05/2012,ANC,AK,AAL,WE,Towers with Radar,292,207,23,3,525,0,58,59,0,117,292,265,82,3,642,0,0,0,642
09/06/2012,ANC,AK,AAL,WE,Towers with Radar,312,207,32,6,557,0,100,151,0,251,312,307,183,6,808,8,0,8,816
09/07/2012,ANC,AK,AAL,WE,Towers with Radar,307,211,40,8,566,1,157,476,3,637,308,368,516,11,1203,42,0,42,1245
09/08/2012,ANC,AK,AAL,WE,Towers with Radar,329,162,49,15,555,1,77,404,0,482,330,239,453,15,1037,12,0,12,1049
09/09/2012,ANC,AK,AAL,WE,Towers with Radar,270,128,33,0,431,2,119,435,2,558,272,247,468,2,989,52,0,52,1041
09/10/2012,ANC,AK,AAL,WE,Towers with Radar,254,162,27,4,447,0,105,379,2,486,254,267,406,6,933,16,0,16,949
09/11/2012,ANC,AK,AAL,WE,Towers with Radar,255,182,47,3,487,0,112,322,0,434,255,294,369,3,921,12,0,12,933
09/12/2012,ANC,AK,AAL,WE,Towers with Radar,294,203,35,7,539,0,63,203,2,268,294,266,238,9,807,12,0,12,819
09/13/2012,ANC,AK,AAL,WE,Towers with Radar,318,180,29,4,531,0,158,317,6,481,318,338,346,10,1012,4,0,4,1016
09/14/2012,ANC,AK,AAL,WE,Towers with Radar,297,207,52,5,561,0,112,228,0,340,297,319,280,5,901,82,0,82,983
09/15/2012,ANC,AK,AAL,WE,Towers with Radar,324,125,28,4,481,0,23,49,0,72,324,148,77,4,553,0,0,0,553
09/16/2012,ANC,AK,AAL,WE,Towers with Radar,263,74,25,0,362,0,23,23,0,46,263,97,48,0,408,0,0,0,408
09/17/2012,ANC,AK,AAL,WE,Towers with Radar,253,138,24,2,417,0,100,182,2,284,253,238,206,4,701,2,0,2,703
09/18/2012,ANC,AK,AAL,WE,Towers with Radar,259,195,29,6,489,0,12,74,0,86,259,207,103,6,575,0,0,0,575
09/19/2012,ANC,AK,AAL,WE,Towers with Radar,271,160,22,4,457,0,7,8,0,15,271,167,30,4,472,0,0,0,472
09/20/2012,ANC,AK,AAL,WE,Towers with Radar,332,207,44,5,588,0,64,141,0,205,332,271,185,5,793,0,0,0,793
09/21/2012,ANC,AK,AAL,WE,Towers with Radar,300,175,47,2,524,0,112,460,0,572,300,287,507,2,1096,24,0,24,1120
09/22/2012,ANC,AK,AAL,WE,Towers with Radar,322,154,27,6,509,1,11,45,0,57,323,165,72,6,566,0,0,0,566
09/23/2012,ANC,AK,AAL,WE,Towers with Radar,263,132,27,2,424,0,49,192,6,247,263,181,219,8,671,6,0,6,677
09/24/2012,ANC,AK,AAL,WE,Towers with Radar,235,186,31,7,459,0,81,251,2,334,235,267,282,9,793,46,0,46,839
09/25/2012,ANC,AK,AAL,WE,Towers with Radar,263,178,21,7,469,0,38,125,0,163,263,216,146,7,632,6,0,6,638
09/26/2012,ANC,AK,AAL,WE,Towers with Radar,300,160,28,10,498,0,60,205,1,266,300,220,233,11,764,12,0,12,776
09/27/2012,ANC,AK,AAL,WE,Towers with Radar,310,182,30,6,528,0,50,191,2,243,310,232,221,8,771,38,0,38,809
09/28/2012,ANC,AK,AAL,WE,Towers with Radar,314,228,59,3,604,1,52,69,0,122,315,280,128,3,726,24,0,24,750
09/29/2012,ANC,AK,AAL,WE,Towers with Radar,313,128,18,7,466,1,40,290,0,331,314,168,308,7,797,32,0,32,829
09/30/2012,ANC,AK,AAL,WE,Towers with Radar,255,109,30,2,396,0,69,389,6,464,255,178,419,8,860,16,0,16,876
10/01/2012,ANC,AK,AAL,WE,Towers with Radar,232,154,27,3,416,0,60,260,0,320,232,214,287,3,736,28,0,28,764
10/02/2012,ANC,AK,AAL,WE,Towers with Radar,252,175,19,6,452,0,31,122,0,153,252,206,141,6,605,8,0,8,613
10/03/2012,ANC,AK,AAL,WE,Towers with Radar,264,168,23,6,461,0,33,170,2,205,264,201,193,8,666,10,0,10,676
10/04/2012,ANC,AK,AAL,WE,Towers with Radar,262,173,22,5,462,0,29,121,0,150,262,202,143,5,612,0,0,0,612
10/05/2012,ANC,AK,AAL,WE,Towers with Radar,251,215,36,5,507,0,66,104,0,170,251,281,140,5,677,8,0,8,685
10/06/2012,ANC,AK,AAL,WE,Towers with Radar,264,141,28,4,437,1,33,153,1,188,265,174,181,5,625,26,0,26,651
10/07/2012,ANC,AK,AAL,WE,Towers with Radar,215,131,33,0,379,0,17,25,0,42,215,148,58,0,421,16,0,16,437
10/08/2012,ANC,AK,AAL,WE,Towers with Radar,198,192,49,1,440,0,44,103,0,147,198,236,152,1,587,18,0,18,605
10/09/2012,ANC,AK,AAL,WE,Towers with Radar,229,203,45,4,481,0,24,71,0,95,229,227,116,4,576,10,0,10,586
10/10/2012,ANC,AK,AAL,WE,Towers with Radar,268,166,25,5,464,0,51,282,0,333,268,217,307,5,797,40,0,40,837
10/11/2012,ANC,AK,AAL,WE,Towers with Radar,311,174,19,3,507,0,65,271,0,336,311,239,290,3,843,4,0,4,847
10/12/2012,ANC,AK,AAL,WE,Towers with Radar,306,164,28,4,502,0,60,327,1,388,306,224,355,5,890,48,0,48,938
10/13/2012,ANC,AK,AAL,WE,Towers with Radar,302,145,17,8,472,0,29,134,0,163,302,174,151,8,635,16,0,16,651
10/14/2012,ANC,AK,AAL,WE,Towers with Radar,241,131,24,1,397,0,24,214,0,238,241,155,238,1,635,26,0,26,661
10/15/2012,ANC,AK,AAL,WE,Towers with Radar,228,209,42,8,487,0,4,25,0,29,228,213,67,8,516,0,0,0,516
10/16/2012,ANC,AK,AAL,WE,Towers with Radar,245,193,24,9,471,0,19,69,0,88,245,212,93,9,559,26,0,26,585
10/17/2012,ANC,AK,AAL,WE,Towers with Radar,289,171,21,4,485,0,24,145,2,171,289,195,166,6,656,0,0,0,656
10/18/2012,ANC,AK,AAL,WE,Towers with Radar,317,145,18,7,487,0,23,165,0,188,317,168,183,7,675,70,0,70,745
10/19/2012,ANC,AK,AAL,WE,Towers with Radar,308,161,23,4,496,0,34,184,0,218,308,195,207,4,714,46,0,46,760
10/20/2012,ANC,AK,AAL,WE,Towers with Radar,302,118,15,5,440,0,13,105,2,120,302,131,120,7,560,8,0,8,568
10/21/2012,ANC,AK,AAL,WE,Towers with Radar,247,119,21,0,387,0,19,174,1,194,247,138,195,1,581,56,0,56,637
10/22/2012,ANC,AK,AAL,WE,Towers with Radar,240,146,21,6,413,0,33,111,0,144,240,179,132,6,557,12,0,12,569
10/23/2012,ANC,AK,AAL,WE,Towers with Radar,256,142,16,4,418,0,12,148,0,160,256,154,164,4,578,12,0,12,590
10/24/2012,ANC,AK,AAL,WE,Towers with Radar,295,164,13,3,475,0,25,132,4,161,295,189,145,7,636,44,0,44,680
10/25/2012,ANC,AK,AAL,WE,Towers with Radar,318,159,27,5,509,1,20,104,3,128,319,179,131,8,637,0,0,0,637
10/26/2012,ANC,AK,AAL,WE,Towers with Radar,297,155,22,3,477,0,25,140,0,165,297,180,162,3,642,18,0,18,660
10/27/2012,ANC,AK,AAL,WE,Towers with Radar,323,126,17,7,473,0,17,118,0,135,323,143,135,7,608,12,0,12,620
10/28/2012,ANC,AK,AAL,WE,Towers with Radar,244,105,22,1,372,1,8,178,4,191,245,113,200,5,563,36,0,36,599
10/29/2012,ANC,AK,AAL,WE,Towers with Radar,249,165,22,1,437,0,18,107,3,128,249,183,129,4,565,2,0,2,567
10/30/2012,ANC,AK,AAL,WE,Towers with Radar,254,161,25,7,447,0,5,44,0,49,254,166,69,7,496,0,0,0,496
10/31/2012,ANC,AK,AAL,WE,Towers with Radar,301,166,26,3,496,0,11,50,0,61,301,177,76,3,557,0,0,0,557
11/01/2012,ANC,AK,AAL,WE,Towers with Radar,310,163,15,3,491,0,12,80,2,94,310,175,95,5,585,0,0,0,585
11/02/2012,ANC,AK,AAL,WE,Towers with Radar,313,162,27,3,505,0,5,52,1,58,313,167,79,4,563,10,0,10,573
11/03/2012,ANC,AK,AAL,WE,Towers with Radar,300,141,24,3,468,0,10,63,0,73,300,151,87,3,541,22,0,22,563
11/04/2012,ANC,AK,AAL,WE,Towers with Radar,260,120,14,1,395,0,11,140,0,151,260,131,154,1,546,20,0,20,566
11/05/2012,ANC,AK,AAL,WE,Towers with Radar,249,168,25,4,446,0,12,76,1,89,249,180,101,5,535,24,0,24,559
11/06/2012,ANC,AK,AAL,WE,Towers with Radar,259,171,27,4,461,0,15,160,0,175,259,186,187,4,636,0,0,0,636
11/07/2012,ANC,AK,AAL,WE,Towers with Radar,289,161,33,4,487,0,37,115,5,157,289,198,148,9,644,0,0,0,644
11/08/2012,ANC,AK,AAL,WE,Towers with Radar,298,161,34,6,499,0,21,92,2,115,298,182,126,8,614,8,0,8,622
11/09/2012,ANC,AK,AAL,WE,Towers with Radar,288,170,23,3,484,0,7,23,2,32,288,177,46,5,516,18,0,18,534
11/10/2012,ANC,AK,AAL,WE,Towers with Radar,308,134,20,3,465,0,5,71,0,76,308,139,91,3,541,26,0,26,567
11/11/2012,ANC,AK,AAL,WE,Towers with Radar,258,137,25,0,420,0,16,110,4,130,258,153,135,4,550,22,0,22,572
11/12/2012,ANC,AK,AAL,WE,Towers with Radar,236,191,15,1,443,0,6,27,0,33,236,197,42,1,476,0,0,0,476
11/13/2012,ANC,AK,AAL,WE,Towers with Radar,243,172,36,3,454,0,2,44,3,49,243,174,80,6,503,0,0,0,503
11/14/2012,ANC,AK,AAL,WE,Towers with Radar,300,235,43,9,587,0,0,10,0,10,300,235,53,9,597,0,0,0,597
11/15/2012,ANC,AK,AAL,WE,Towers with Radar,313,203,26,8,550,0,19,23,0,42,313,222,49,8,592,0,0,0,592
11/16/2012,ANC,AK,AAL,WE,Towers with Radar,313,169,28,8,518,0,22,99,2,123,313,191,127,10,641,0,0,0,641
11/17/2012,ANC,AK,AAL,WE,Towers with Radar,303,144,12,8,467,0,5,53,3,61,303,149,65,11,528,42,0,42,570
11/18/2012,ANC,AK,AAL,WE,Towers with Radar,244,97,15,2,358,0,4,57,4,65,244,101,72,6,423,2,0,2,425
11/19/2012,ANC,AK,AAL,WE,Towers with Radar,231,161,7,1,400,15,29,55,3,102,246,190,62,4,502,16,0,16,518
11/20/2012,ANC,AK,AAL,WE,Towers with Radar,255,152,32,8,447,0,31,99,7,137,255,183,131,15,584,46,0,46,630
11/21/2012,ANC,AK,AAL,WE,Towers with Radar,300,159,20,9,488,0,31,120,0,151,300,190,140,9,639,6,0,6,645
11/22/2012,ANC,AK,AAL,WE,Towers with Radar,239,35,17,2,293,0,6,24,0,30,239,41,41,2,323,8,0,8,331
11/23/2012,ANC,AK,AAL,WE,Towers with Radar,286,146,6,1,439,0,18,112,0,130,286,164,118,1,569,6,0,6,575
11/24/2012,ANC,AK,AAL,WE,Towers with Radar,298,96,6,8,408,0,8,84,0,92,298,104,90,8,500,4,0,4,504
11/25/2012,ANC,AK,AAL,WE,Towers with Radar,225,115,15,4,359,1,9,71,0,81,226,124,86,4,440,10,0,10,450
11/26/2012,ANC,AK,AAL,WE,Towers with Radar,228,150,28,4,410,0,14,71,2,87,228,164,99,6,497,2,0,2,499
11/27/2012,ANC,AK,AAL,WE,Towers with Radar,249,136,20,6,411,0,16,83,5,104,249,152,103,11,515,0,0,0,515
11/28/2012,ANC,AK,AAL,WE,Towers with Radar,310,160,15,5,490,0,23,83,2,108,310,183,98,7,598,34,0,34,632
11/29/2012,ANC,AK,AAL,WE,Towers with Radar,294,141,17,5,457,2,17,77,1,97,296,158,94,6,554,24,0,24,578
11/30/2012,ANC,AK,AAL,WE,Towers with Radar,304,150,26,4,484,1,26,69,4,100,305,176,95,8,584,0,0,0,584
12/01/2012,ANC,AK,AAL,WE,Towers with Radar,290,97,19,4,410,0,16,64,6,86,290,113,83,10,496,4,0,4,500
12/02/2012,ANC,AK,AAL,WE,Towers with Radar,257,98,18,0,373,0,2,91,2,95,257,100,109,2,468,0,0,0,468
12/03/2012,ANC,AK,AAL,WE,Towers with Radar,224,152,21,3,400,0,17,79,1,97,224,169,100,4,497,52,0,52,549
12/04/2012,ANC,AK,AAL,WE,Towers with Radar,239,148,23,8,418,0,14,81,4,99,239,162,104,12,517,4,0,4,521
12/05/2012,ANC,AK,AAL,WE,Towers with Radar,297,161,20,1,479,0,13,81,2,96,297,174,101,3,575,0,0,0,575
12/06/2012,ANC,AK,AAL,WE,Towers with Radar,308,152,19,5,484,0,25,97,3,125,308,177,116,8,609,12,6,18,627
12/07/2012,ANC,AK,AAL,WE,Towers with Radar,286,171,25,8,490,0,19,74,0,93,286,190,99,8,583,0,0,0,583
12/08/2012,ANC,AK,AAL,WE,Towers with Radar,291,113,8,4,416,0,3,13,2,18,291,116,21,6,434,0,0,0,434
12/09/2012,ANC,AK,AAL,WE,Towers with Radar,250,131,22,7,410,0,0,1,8,9,250,131,23,15,419,6,0,6,425
12/10/2012,ANC,AK,AAL,WE,Towers with Radar,240,192,22,5,459,0,4,1,0,5,240,196,23,5,464,0,0,0,464
12/11/2012,ANC,AK,AAL,WE,Towers with Radar,243,164,30,5,442,0,8,45,0,53,243,172,75,5,495,24,0,24,519
12/12/2012,ANC,AK,AAL,WE,Towers with Radar,271,151,11,3,436,0,1,1,0,2,271,152,12,3,438,0,0,0,438
12/13/2012,ANC,AK,AAL,WE,Towers with Radar,289,204,21,10,524,0,12,20,3,35,289,216,41,13,559,0,0,0,559
12/14/2012,ANC,AK,AAL,WE,Towers with Radar,292,194,54,5,545,0,0,2,0,2,292,194,56,5,547,0,0,0,547
12/15/2012,ANC,AK,AAL,WE,Towers with Radar,304,130,22,3,459,0,24,59,6,89,304,154,81,9,548,28,0,28,576
12/16/2012,ANC,AK,AAL,WE,Towers with Radar,239,112,15,0,366,0,29,79,3,111,239,141,94,3,477,10,0,10,487
12/17/2012,ANC,AK,AAL,WE,Towers with Radar,214,133,19,3,369,0,23,73,0,96,214,156,92,3,465,8,0,8,473
12/18/2012,ANC,AK,AAL,WE,Towers with Radar,243,138,26,6,413,0,26,73,7,106,243,164,99,13,519,16,0,16,535
12/19/2012,ANC,AK,AAL,WE,Towers with Radar,295,147,24,4,470,0,19,58,0,77,295,166,82,4,547,16,0,16,563
12/20/2012,ANC,AK,AAL,WE,Towers with Radar,310,152,14,3,479,1,17,54,0,72,311,169,68,3,551,14,0,14,565
12/21/2012,ANC,AK,AAL,WE,Towers with Radar,302,147,22,2,473,0,14,83,2,99,302,161,105,4,572,0,0,0,572
12/22/2012,ANC,AK,AAL,WE,Towers with Radar,311,140,10,6,467,0,11,64,0,75,311,151,74,6,542,4,0,4,546
12/23/2012,ANC,AK,AAL,WE,Towers with Radar,221,101,14,0,336,0,10,43,0,53,221,111,57,0,389,0,0,0,389
12/24/2012,ANC,AK,AAL,WE,Towers with Radar,198,149,10,2,359,0,4,12,0,16,198,153,22,2,375,0,0,0,375
12/25/2012,ANC,AK,AAL,WE,Towers with Radar,151,36,8,6,201,0,0,1,0,1,151,36,9,6,202,0,0,0,202
12/26/2012,ANC,AK,AAL,WE,Towers with Radar,219,131,11,4,365,1,5,73,2,81,220,136,84,6,446,9,0,9,455
12/27/2012,ANC,AK,AAL,WE,Towers with Radar,259,167,18,6,450,0,12,106,2,120,259,179,124,8,570,0,0,0,570
12/28/2012,ANC,AK,AAL,WE,Towers with Radar,264,167,14,3,448,0,12,103,2,117,264,179,117,5,565,132,0,132,697
12/29/2012,ANC,AK,AAL,WE,Towers with Radar,247,128,11,4,390,0,2,30,1,33,247,130,41,5,423,0,0,0,423
12/30/2012,ANC,AK,AAL,WE,Towers with Radar,216,113,7,0,336,0,1,31,0,32,216,114,38,0,368,0,0,0,368
12/31/2012,ANC,AK,AAL,WE,Towers with Radar,182,138,20,0,340,7,13,65,1,86,189,151,85,1,426,6,0,6,432
01/01/2013,ANC,AK,AAL,WE,Towers with Radar,162,58,11,3,234,2,3,53,0,58,164,61,64,3,292,26,0,26,318
01/02/2013,ANC,AK,AAL,WE,Towers with Radar,227,156,27,4,414,2,11,64,4,81,229,167,91,8,495,6,0,6,501
01/03/2013,ANC,AK,AAL,WE,Towers with Radar,244,178,23,4,449,20,7,41,0,68,264,185,64,4,517,0,0,0,517
01/04/2013,ANC,AK,AAL,WE,Towers with Radar,232,193,19,7,451,2,6,82,1,91,234,199,101,8,542,28,0,28,570
01/05/2013,ANC,AK,AAL,WE,Towers with Radar,231,151,21,7,410,0,4,104,0,108,231,155,125,7,518,0,0,0,518
01/06/2013,ANC,AK,AAL,WE,Towers with Radar,197,114,27,5,343,0,6,71,2,79,197,120,98,7,422,34,0,34,456
01/07/2013,ANC,AK,AAL,WE,Towers with Radar,204,165,14,2,385,30,7,38,2,77,234,172,52,4,462,18,0,18,480
01/08/2013,ANC,AK,AAL,WE,Towers with Radar,220,170,23,0,413,10,13,94,2,119,230,183,117,2,532,38,0,38,570
01/09/2013,ANC,AK,AAL,WE,Towers with Radar,261,176,24,6,467,9,3,34,0,46,270,179,58,6,513,0,0,0,513
01/10/2013,ANC,AK,AAL,WE,Towers with Radar,273,184,35,6,498,0,3,20,0,23,273,187,55,6,521,4,0,4,525
01/11/2013,ANC,AK,AAL,WE,Towers with Radar,257,171,18,2,448,0,12,21,3,36,257,183,39,5,484,22,0,22,506
01/12/2013,ANC,AK,AAL,WE,Towers with Radar,267,128,16,4,415,0,0,6,0,6,267,128,22,4,421,0,0,0,421
01/13/2013,ANC,AK,AAL,WE,Towers with Radar,215,127,22,2,366,0,0,2,0,2,215,127,24,2,368,0,0,0,368
01/14/2013,ANC,AK,AAL,WE,Towers with Radar,194,165,10,1,370,0,6,29,1,36,194,171,39,2,406,0,0,0,406
01/15/2013,ANC,AK,AAL,WE,Towers with Radar,224,153,18,9,404,0,14,76,0,90,224,167,94,9,494,0,0,0,494
01/16/2013,ANC,AK,AAL,WE,Towers with Radar,269,194,28,3,494,0,2,4,0,6,269,196,32,3,500,0,0,0,500
01/17/2013,ANC,AK,AAL,WE,Towers with Radar,294,211,32,6,543,5,1,10,0,16,299,212,42,6,559,0,0,0,559
01/18/2013,ANC,AK,AAL,WE,Towers with Radar,269,172,25,2,468,2,23,95,0,120,271,195,120,2,588,10,0,10,598
01/19/2013,ANC,AK,AAL,WE,Towers with Radar,279,119,25,5,428,0,1,32,0,33,279,120,57,5,461,18,0,18,479
01/20/2013,ANC,AK,AAL,WE,Towers with Radar,210,110,21,3,344,0,2,26,0,28,210,112,47,3,372,0,0,0,372
01/21/2013,ANC,AK,AAL,WE,Towers with Radar,194,130,18,1,343,0,4,104,5,113,194,134,122,6,456,24,0,24,480
01/22/2013,ANC,AK,AAL,WE,Towers with Radar,224,142,24,4,394,0,3,59,0,62,224,145,83,4,456,4,0,4,460
01/23/2013,ANC,AK,AAL,WE,Towers with Radar,269,141,22,4,436,0,23,87,0,110,269,164,109,4,546,34,0,34,580
01/24/2013,ANC,AK,AAL,WE,Towers with Radar,284,143,20,9,456,0,15,93,2,110,284,158,113,11,566,0,0,0,566
01/25/2013,ANC,AK,AAL,WE,Towers with Radar,286,163,21,3,473,0,10,81,0,91,286,173,102,3,564,12,0,12,576
01/26/2013,ANC,AK,AAL,WE,Towers with Radar,296,102,16,4,418,1,1,94,7,103,297,103,110,11,521,8,0,8,529
01/27/2013,ANC,AK,AAL,WE,Towers with Radar,215,77,20,1,313,1,6,62,7,76,216,83,82,8,389,0,0,0,389
01/28/2013,ANC,AK,AAL,WE,Towers with Radar,201,108,15,4,328,0,6,56,4,66,201,114,71,8,394,16,0,16,410
01/29/2013,ANC,AK,AAL,WE,Towers with Radar,229,178,27,3,437,0,3,29,0,32,229,181,56,3,469,0,0,0,469
01/30/2013,ANC,AK,AAL,WE,Towers with Radar,263,166,16,4,449,0,10,31,8,49,263,176,47,12,498,0,12,12,510
01/31/2013,ANC,AK,AAL,WE,Towers with Radar,278,138,21,4,441,0,0,0,0,0,278,138,21,4,441,0,0,0,441
02/01/2013,ANC,AK,AAL,WE,Towers with Radar,292,175,29,1,497,1,20,62,4,87,293,195,91,5,584,0,0,0,584
02/02/2013,ANC,AK,AAL,WE,Towers with Radar,291,116,13,6,426,0,4,108,1,113,291,120,121,7,539,15,0,15,554
02/03/2013,ANC,AK,AAL,WE,Towers with Radar,208,110,11,6,335,0,3,49,2,54,208,113,60,8,389,12,0,12,401
02/04/2013,ANC,AK,AAL,WE,Towers with Radar,219,145,12,6,382,0,10,27,0,37,219,155,39,6,419,4,0,4,423
02/05/2013,ANC,AK,AAL,WE,Towers with Radar,237,140,18,5,400,0,16,126,2,144,237,156,144,7,544,6,0,6,550
02/06/2013,ANC,AK,AAL,WE,Towers with Radar,273,162,24,5,464,0,4,4,0,8,273,166,28,5,472,0,0,0,472
02/07/2013,ANC,AK,AAL,WE,Towers with Radar,293,160,20,3,476,0,1,5,0,6,293,161,25,3,482,0,0,0,482
02/08/2013,ANC,AK,AAL,WE,Towers with Radar,273,183,25,4,485,0,12,27,0,39,273,195,52,4,524,0,0,0,524
02/09/2013,ANC,AK,AAL,WE,Towers with Radar,278,117,8,4,407,0,1,54,0,55,278,118,62,4,462,4,0,4,466
02/10/2013,ANC,AK,AAL,WE,Towers with Radar,228,104,23,0,355,0,0,8,0,8,228,104,31,0,363,0,0,0,363
02/11/2013,ANC,AK,AAL,WE,Towers with Radar,189,134,20,4,347,0,13,97,2,112,189,147,117,6,459,26,0,26,485
02/12/2013,ANC,AK,AAL,WE,Towers with Radar,197,167,42,6,412,0,7,71,2,80,197,174,113,8,492,0,0,0,492
02/13/2013,ANC,AK,AAL,WE,Towers with Radar,198,144,23,6,371,0,8,74,0,82,198,152,97,6,453,0,0,0,453
02/14/2013,ANC,AK,AAL,WE,Towers with Radar,211,166,21,8,406,0,6,114,0,120,211,172,135,8,526,18,0,18,544
02/15/2013,ANC,AK,AAL,WE,Towers with Radar,189,172,32,6,399,0,0,2,0,2,189,172,34,6,401,0,0,0,401
02/16/2013,ANC,AK,AAL,WE,Towers with Radar,195,113,16,2,326,0,15,240,0,255,195,128,256,2,581,20,0,20,601
02/17/2013,ANC,AK,AAL,WE,Towers with Radar,141,124,20,5,290,0,0,6,0,6,141,124,26,5,296,0,0,0,296
02/18/2013,ANC,AK,AAL,WE,Towers with Radar,169,135,21,4,329,0,4,72,3,79,169,139,93,7,408,0,0,0,408
02/19/2013,ANC,AK,AAL,WE,Towers with Radar,190,147,17,7,361,0,20,93,2,115,190,167,110,9,476,4,0,4,480
02/20/2013,ANC,AK,AAL,WE,Towers with Radar,239,173,11,1,424,0,14,87,2,103,239,187,98,3,527,14,0,14,541
02/21/2013,ANC,AK,AAL,WE,Towers with Radar,254,166,29,5,454,5,14,48,1,68,259,180,77,6,522,32,0,32,554
02/22/2013,ANC,AK,AAL,WE,Towers with Radar,241,181,26,3,451,4,13,69,4,90,245,194,95,7,541,0,0,0,541
02/23/2013,ANC,AK,AAL,WE,Towers with Radar,251,119,19,4,393,0,4,47,12,63,251,123,66,16,456,34,0,34,490
02/24/2013,ANC,AK,AAL,WE,Towers with Radar,198,106,30,1,335,0,13,75,3,91,198,119,105,4,426,4,0,4,430
02/25/2013,ANC,AK,AAL,WE,Towers with Radar,200,129,18,4,351,0,21,125,5,151,200,150,143,9,502,30,0,30,532
02/26/2013,ANC,AK,AAL,WE,Towers with Radar,228,162,19,3,412,0,12,132,6,150,228,174,151,9,562,26,0,26,588
02/27/2013,ANC,AK,AAL,WE,Towers with Radar,258,150,37,7,452,0,9,138,0,147,258,159,175,7,599,50,0,50,649
02/28/2013,ANC,AK,AAL,WE,Towers with Radar,272,161,35,5,473,14,15,128,2,159,286,176,163,7,632,44,0,44,676
03/01/2013,ANC,AK,AAL,WE,Towers with Radar,253,183,42,1,479,0,8,78,0,86,253,191,120,1,565,6,0,6,571
03/02/2013,ANC,AK,AAL,WE,Towers with Radar,296,125,20,5,446,20,13,219,0,252,316,138,239,5,698,6,4,10,708
03/03/2013,ANC,AK,AAL,WE,Towers with Radar,214,93,18,3,328,0,31,306,0,337,214,124,324,3,665,56,10,66,731
03/04/2013,ANC,AK,AAL,WE,Towers with Radar,205,147,28,3,383,0,45,250,2,297,205,192,278,5,680,20,0,20,700
03/05/2013,ANC,AK,AAL,WE,Towers with Radar,229,147,19,4,399,0,24,208,0,232,229,171,227,4,631,8,0,8,639
03/06/2013,ANC,AK,AAL,WE,Towers with Radar,259,145,25,3,432,0,23,113,2,138,259,168,138,5,570,14,0,14,584
03/07/2013,ANC,AK,AAL,WE,Towers with Radar,276,122,11,8,417,0,15,69,2,86,276,137,80,10,503,4,0,4,507
03/08/2013,ANC,AK,AAL,WE,Towers with Radar,272,146,26,4,448,1,6,91,1,99,273,152,117,5,547,0,0,0,547
03/09/2013,ANC,AK,AAL,WE,Towers with Radar,289,135,21,10,455,2,6,118,0,126,291,141,139,10,581,22,0,22,603
03/10/2013,ANC,AK,AAL,WE,Towers with Radar,208,113,11,2,334,0,0,4,0,4,208,113,15,2,338,0,0,0,338
03/11/2013,ANC,AK,AAL,WE,Towers with Radar,223,133,20,14,390,1,28,202,2,233,224,161,222,16,623,4,0,4,627
03/12/2013,ANC,AK,AAL,WE,Towers with Radar,226,148,8,8,390,0,20,92,2,114,226,168,100,10,504,14,0,14,518
03/13/2013,ANC,AK,AAL,WE,Towers with Radar,264,146,19,7,436,2,38,183,1,224,266,184,202,8,660,42,0,42,702
03/14/2013,ANC,AK,AAL,WE,Towers with Radar,296,160,22,4,482,0,22,87,0,109,296,182,109,4,591,0,0,0,591
03/15/2013,ANC,AK,AAL,WE,Towers with Radar,267,159,25,5,456,0,36,238,1,275,267,195,263,6,731,30,0,30,761
03/16/2013,ANC,AK,AAL,WE,Towers with Radar,288,115,18,7,428,0,22,191,2,215,288,137,209,9,643,38,0,38,681
03/17/2013,ANC,AK,AAL,WE,Towers with Radar,226,101,13,4,344,0,16,231,0,247,226,117,244,4,591,16,0,16,607
03/18/2013,ANC,AK,AAL,WE,Towers with Radar,235,140,27,4,406,0,26,113,2,141,235,166,140,6,547,8,0,8,555
03/19/2013,ANC,AK,AAL,WE,Towers with Radar,234,137,20,5,396,1,14,114,0,129,235,151,134,5,525,2,0,2,527
03/20/2013,ANC,AK,AAL,WE,Towers with Radar,275,143,25,6,449,0,17,138,5,160,275,160,163,11,609,40,0,40,649
03/21/2013,ANC,AK,AAL,WE,Towers with Radar,298,150,25,5,478,0,19,217,1,237,298,169,242,6,715,4,0,4,719
03/22/2013,ANC,AK,AAL,WE,Towers with Radar,290,165,37,3,495,0,4,15,1,20,290,169,52,4,515,0,0,0,515
03/23/2013,ANC,AK,AAL,WE,Towers with Radar,295,106,11,5,417,0,7,60,0,67,295,113,71,5,484,10,0,10,494
03/24/2013,ANC,AK,AAL,WE,Towers with Radar,231,116,24,3,374,0,0,2,0,2,231,116,26,3,376,0,0,0,376
03/25/2013,ANC,AK,AAL,WE,Towers with Radar,221,165,23,2,411,0,0,1,0,1,221,165,24,2,412,0,0,0,412
03/26/2013,ANC,AK,AAL,WE,Towers with Radar,241,154,13,8,416,0,37,116,4,157,241,191,129,12,573,10,0,10,583
03/27/2013,ANC,AK,AAL,WE,Towers with Radar,280,149,25,7,461,0,19,184,2,205,280,168,209,9,666,14,0,14,680
03/28/2013,ANC,AK,AAL,WE,Towers with Radar,301,164,25,5,495,0,6,45,3,54,301,170,70,8,549,23,0,23,572
03/29/2013,ANC,AK,AAL,WE,Towers with Radar,300,160,17,4,481,0,13,58,2,73,300,173,75,6,554,2,0,2,556
03/30/2013,ANC,AK,AAL,WE,Towers with Radar,300,129,16,5,450,0,23,194,0,217,300,152,210,5,667,30,0,30,697
03/31/2013,ANC,AK,AAL,WE,Towers with Radar,228,105,16,0,349,0,3,111,0,114,228,108,127,0,463,30,0,30,493
04/01/2013,ANC,AK,AAL,WE,Towers with Radar,216,149,20,2,387,0,14,192,0,206,216,163,212,2,593,12,0,12,605
04/02/2013,ANC,AK,AAL,WE,Towers with Radar,227,139,15,6,387,0,16,190,3,209,227,155,205,9,596,64,0,64,660
04/03/2013,ANC,AK,AAL,WE,Towers with Radar,262,150,23,5,440,0,15,180,3,198,262,165,203,8,638,34,0,34,672
04/04/2013,ANC,AK,AAL,WE,Towers with Radar,295,146,22,5,468,1,23,228,8,260,296,169,250,13,728,0,0,0,728
04/05/2013,ANC,AK,AAL,WE,Towers with Radar,254,161,20,4,439,0,40,213,2,255,254,201,233,6,694,50,0,50,744
04/06/2013,ANC,AK,AAL,WE,Towers with Radar,262,130,24,7,423,0,0,3,0,3,262,130,27,7,426,0,0,0,426
04/07/2013,ANC,AK,AAL,WE,Towers with Radar,196,93,24,3,316,0,10,62,0,72,196,103,86,3,388,22,0,22,410
04/08/2013,ANC,AK,AAL,WE,Towers with Radar,201,171,24,2,398,0,5,18,0,23,201,176,42,2,421,0,0,0,421
04/09/2013,ANC,AK,AAL,WE,Towers with Radar,225,167,18,1,411,0,19,72,0,91,225,186,90,1,502,16,0,16,518
04/10/2013,ANC,AK,AAL,WE,Towers with Radar,265,188,25,3,481,0,8,44,1,53,265,196,69,4,534,18,0,18,552
04/11/2013,ANC,AK,AAL,WE,Towers with Radar,284,188,23,4,499,0,25,139,1,165,284,213,162,5,664,40,0,40,704
04/12/2013,ANC,AK,AAL,WE,Towers with Radar,285,156,40,3,484,0,23,197,4,224,285,179,237,7,708,8,0,8,716
04/13/2013,ANC,AK,AAL,WE,Towers with Radar,288,129,32,4,453,14,16,202,0,232,302,145,234,4,685,0,0,0,685
04/14/2013,ANC,AK,AAL,WE,Towers with Radar,224,114,28,4,370,2,7,202,0,211,226,121,230,4,581,22,0,22,603
04/15/2013,ANC,AK,AAL,WE,Towers with Radar,216,139,36,4,395,0,18,121,2,141,216,157,157,6,536,12,0,12,548
04/16/2013,ANC,AK,AAL,WE,Towers with Radar,246,159,37,4,446,0,21,164,0,185,246,180,201,4,631,60,0,60,691
04/17/2013,ANC,AK,AAL,WE,Towers with Radar,264,177,27,6,474,0,5,121,2,128,264,182,148,8,602,38,0,38,640
04/18/2013,ANC,AK,AAL,WE,Towers with Radar,301,173,31,4,509,9,24,177,9,219,310,197,208,13,728,30,0,30,758
04/19/2013,ANC,AK,AAL,WE,Towers with Radar,270,168,32,1,471,18,30,286,1,335,288,198,318,2,806,4,0,4,810
04/20/2013,ANC,AK,AAL,WE,Towers with Radar,292,126,17,6,441,0,23,286,2,311,292,149,303,8,752,16,0,16,768
04/21/2013,ANC,AK,AAL,WE,Towers with Radar,221,120,22,2,365,0,10,161,2,173,221,130,183,4,538,0,0,0,538
04/22/2013,ANC,AK,AAL,WE,Towers with Radar,211,161,22,6,400,0,28,139,3,170,211,189,161,9,570,64,0,64,634
04/23/2013,ANC,AK,AAL,WE,Towers with Radar,222,203,22,4,451,0,3,17,0,20,222,206,39,4,471,0,0,0,471
04/24/2013,ANC,AK,AAL,WE,Towers with Radar,271,191,30,6,498,1,3,28,0,32,272,194,58,6,530,82,0,82,612
04/25/2013,ANC,AK,AAL,WE,Towers with Radar,315,166,14,3,498,11,5,96,1,113,326,171,110,4,611,4,0,4,615
04/26/2013,ANC,AK,AAL,WE,Towers with Radar,278,148,24,5,455,0,37,215,0,252,278,185,239,5,707,64,0,64,771
04/27/2013,ANC,AK,AAL,WE,Towers with Radar,280,125,16,8,429,0,21,145,2,168,280,146,161,10,597,36,0,36,633
04/28/2013,ANC,AK,AAL,WE,Towers with Radar,233,107,19,4,363,0,23,197,0,220,233,130,216,4,583,126,0,126,709
04/29/2013,ANC,AK,AAL,WE,Towers with Radar,233,154,18,0,405,0,21,162,5,188,233,175,180,5,593,38,0,38,631
04/30/2013,ANC,AK,AAL,WE,Towers with Radar,225,177,27,3,432,0,6,61,0,67,225,183,88,3,499,64,0,64,563
05/01/2013,ANC,AK,AAL,WE,Towers with Radar,258,156,26,5,445,0,18,154,2,174,258,174,180,7,619,58,0,58,677
05/02/2013,ANC,AK,AAL,WE,Towers with Radar,264,200,23,5,492,1,2,65,0,68,265,202,88,5,560,64,0,64,624
05/03/2013,ANC,AK,AAL,WE,Towers with Radar,251,193,27,4,475,0,9,40,0,49,251,202,67,4,524,4,0,4,528
05/04/2013,ANC,AK,AAL,WE,Towers with Radar,254,152,18,4,428,0,1,12,1,14,254,153,30,5,442,0,0,0,442
05/05/2013,ANC,AK,AAL,WE,Towers with Radar,206,105,34,0,345,0,11,375,2,388,206,116,409,2,733,96,0,96,829
05/06/2013,ANC,AK,AAL,WE,Towers with Radar,212,155,26,4,397,0,24,200,8,232,212,179,226,12,629,10,0,10,639
05/07/2013,ANC,AK,AAL,WE,Towers with Radar,233,157,31,7,428,0,31,237,4,272,233,188,268,11,700,62,0,62,762
05/08/2013,ANC,AK,AAL,WE,Towers with Radar,266,155,18,6,445,0,37,239,5,281,266,192,257,11,726,104,0,104,830
05/09/2013,ANC,AK,AAL,WE,Towers with Radar,307,159,42,5,513,6,26,192,2,226,313,185,234,7,739,68,0,68,807
05/10/2013,ANC,AK,AAL,WE,Towers with Radar,274,164,29,5,472,0,28,252,5,285,274,192,281,10,757,46,0,46,803
05/11/2013,ANC,AK,AAL,WE,Towers with Radar,297,141,30,5,473,0,19,200,2,221,297,160,230,7,694,30,0,30,724
05/12/2013,ANC,AK,AAL,WE,Towers with Radar,236,114,16,0,366,0,8,170,6,184,236,122,186,6,550,48,0,48,598
05/13/2013,ANC,AK,AAL,WE,Towers with Radar,231,178,17,2,428,0,18,137,2,157,231,196,154,4,585,4,0,4,589
05/14/2013,ANC,AK,AAL,WE,Towers with Radar,237,158,22,8,425,0,15,188,5,208,237,173,210,13,633,11,0,11,644
05/15/2013,ANC,AK,AAL,WE,Towers with Radar,292,164,25,2,483,0,20,172,2,194,292,184,197,4,677,20,0,20,697
05/16/2013,ANC,AK,AAL,WE,Towers with Radar,326,219,47,3,595,0,4,11,0,15,326,223,58,3,610,0,0,0,610
05/17/2013,ANC,AK,AAL,WE,Towers with Radar,302,192,35,3,532,0,0,1,0,1,302,192,36,3,533,2,0,2,535
05/18/2013,ANC,AK,AAL,WE,Towers with Radar,307,156,23,3,489,0,3,68,2,73,307,159,91,5,562,0,0,0,562
05/19/2013,ANC,AK,AAL,WE,Towers with Radar,259,96,14,1,370,0,40,311,6,357,259,136,325,7,727,106,0,106,833
05/20/2013,ANC,AK,AAL,WE,Towers with Radar,258,141,17,3,419,2,41,271,2,316,260,182,288,5,735,92,0,92,827
05/21/2013,ANC,AK,AAL,WE,Towers with Radar,256,167,23,11,457,0,33,251,7,291,256,200,274,18,748,88,0,88,836
05/22/2013,ANC,AK,AAL,WE,Towers with Radar,318,198,23,4,543,0,49,214,7,270,318,247,237,11,813,74,0,74,887
05/23/2013,ANC,AK,AAL,WE,Towers with Radar,317,203,24,5,549,21,82,234,2,339,338,285,258,7,888,176,0,176,1064
05/24/2013,ANC,AK,AAL,WE,Towers with Radar,308,186,36,4,534,38,84,385,4,511,346,270,421,8,1045,32,18,50,1095
05/25/2013,ANC,AK,AAL,WE,Towers with Radar,319,122,5,3,449,0,60,369,2,431,319,182,374,5,880,36,0,36,916
05/26/2013,ANC,AK,AAL,WE,Towers with Radar,255,114,15,1,385,49,42,250,0,341,304,156,265,1,726,40,0,40,766
05/27/2013,ANC,AK,AAL,WE,Towers with Radar,238,126,19,1,384,0,56,406,2,464,238,182,425,3,848,14,0,14,862
05/28/2013,ANC,AK,AAL,WE,Towers with Radar,259,180,25,2,466,0,107,369,4,480,259,287,394,6,946,52,0,52,998
05/29/2013,ANC,AK,AAL,WE,Towers with Radar,315,183,26,3,527,0,96,408,2,506,315,279,434,5,1033,97,0,97,1130
05/30/2013,ANC,AK,AAL,WE,Towers with Radar,342,185,16,3,546,0,83,387,1,471,342,268,403,4,1017,44,0,44,1061
05/31/2013,ANC,AK,AAL,WE,Towers with Radar,315,198,66,2,581,29,105,306,0,440,344,303,372,2,1021,22,0,22,1043
06/01/2013,ANC,AK,AAL,WE,Towers with Radar,333,173,37,6,549,12,61,225,0,298,345,234,262,6,847,46,0,46,893
06/02/2013,ANC,AK,AAL,WE,Towers with Radar,270,149,48,3,470,0,42,153,0,195,270,191,201,3,665,68,0,68,733
06/03/2013,ANC,AK,AAL,WE,Towers with Radar,267,185,21,4,477,0,57,172,0,229,267,242,193,4,706,2,0,2,708
06/04/2013,ANC,AK,AAL,WE,Towers with Radar,258,199,26,11,494,0,63,230,4,297,258,262,256,15,791,34,0,34,825
06/05/2013,ANC,AK,AAL,WE,Towers with Radar,321,201,35,7,564,1,89,327,5,422,322,290,362,12,986,72,0,72,1058
06/06/2013,ANC,AK,AAL,WE,Towers with Radar,354,177,34,5,570,0,174,439,3,616,354,351,473,8,1186,72,0,72,1258
06/07/2013,ANC,AK,AAL,WE,Towers with Radar,320,180,41,8,549,34,113,414,1,562,354,293,455,9,1111,14,0,14,1125
06/08/2013,ANC,AK,AAL,WE,Towers with Radar,343,163,27,5,538,0,82,508,0,590,343,245,535,5,1128,66,0,66,1194
06/09/2013,ANC,AK,AAL,WE,Towers with Radar,297,148,18,0,463,0,100,502,6,608,297,248,520,6,1071,56,0,56,1127
06/10/2013,ANC,AK,AAL,WE,Towers with Radar,303,186,34,6,529,0,124,401,1,526,303,310,435,7,1055,34,0,34,1089
06/11/2013,ANC,AK,AAL,WE,Towers with Radar,307,189,31,5,532,0,107,397,4,508,307,296,428,9,1040,40,0,40,1080
06/12/2013,ANC,AK,AAL,WE,Towers with Radar,325,173,22,6,526,0,115,444,9,568,325,288,466,15,1094,26,0,26,1120
06/13/2013,ANC,AK,AAL,WE,Towers with Radar,343,237,29,5,614,0,130,322,5,457,343,367,351,10,1071,12,0,12,1083
06/14/2013,ANC,AK,AAL,WE,Towers with Radar,316,206,30,2,554,57,149,478,4,688,373,355,508,6,1242,74,0,74,1316
06/15/2013,ANC,AK,AAL,WE,Towers with Radar,342,178,15,7,542,31,114,366,0,511,373,292,381,7,1053,16,0,16,1069
06/16/2013,ANC,AK,AAL,WE,Towers with Radar,296,156,63,3,518,14,165,391,1,571,310,321,454,4,1089,8,0,8,1097
06/17/2013,ANC,AK,AAL,WE,Towers with Radar,303,177,29,0,509,2,134,372,3,511,305,311,401,3,1020,44,0,44,1064
06/18/2013,ANC,AK,AAL,WE,Towers with Radar,300,186,29,5,520,0,147,354,0,501,300,333,383,5,1021,12,0,12,1033
06/19/2013,ANC,AK,AAL,WE,Towers with Radar,339,197,45,6,587,1,146,346,4,497,340,343,391,10,1084,36,0,36,1120
06/20/2013,ANC,AK,AAL,WE,Towers with Radar,363,204,33,8,608,1,151,415,3,570,364,355,448,11,1178,16,2,18,1196
06/21/2013,ANC,AK,AAL,WE,Towers with Radar,342,228,41,5,616,11,156,321,1,489,353,384,362,6,1105,24,0,24,1129
06/22/2013,ANC,AK,AAL,WE,Towers with Radar,346,161,17,6,530,1,129,427,1,558,347,290,444,7,1088,32,0,32,1120
06/23/2013,ANC,AK,AAL,WE,Towers with Radar,289,156,36,0,481,0,48,669,13,730,289,204,705,13,1211,14,0,14,1225
06/24/2013,ANC,AK,AAL,WE,Towers with Radar,300,189,22,6,517,3,188,364,4,559,303,377,386,10,1076,12,0,12,1088
06/25/2013,ANC,AK,AAL,WE,Towers with Radar,300,174,31,10,515,0,176,494,2,672,300,350,525,12,1187,60,0,60,1247
06/26/2013,ANC,AK,AAL,WE,Towers with Radar,332,196,41,2,571,2,154,352,6,514,334,350,393,8,1085,2,0,2,1087
06/27/2013,ANC,AK,AAL,WE,Towers with Radar,364,229,38,10,641,47,158,320,0,525,411,387,358,10,1166,76,0,76,1242
06/28/2013,ANC,AK,AAL,WE,Towers with Radar,357,233,47,4,641,21,111,283,2,417,378,344,330,6,1058,166,0,166,1224
06/29/2013,ANC,AK,AAL,WE,Towers with Radar,370,154,30,7,561,1,137,388,0,526,371,291,418,7,1087,24,0,24,1111
06/30/2013,ANC,AK,AAL,WE,Towers with Radar,305,146,29,1,481,16,152,399,0,567,321,298,428,1,1048,30,0,30,1078
07/01/2013,ANC,AK,AAL,WE,Towers with Radar,292,203,36,4,535,0,122,175,2,299,292,325,211,6,834,36,0,36,870
07/02/2013,ANC,AK,AAL,WE,Towers with Radar,296,224,37,10,567,0,119,189,0,308,296,343,226,10,875,10,0,10,885
07/03/2013,ANC,AK,AAL,WE,Towers with Radar,326,195,29,8,558,0,153,350,3,506,326,348,379,11,1064,22,0,22,1086
07/04/2013,ANC,AK,AAL,WE,Towers with Radar,309,136,35,4,484,0,86,169,1,256,309,222,204,5,740,12,0,12,752
07/05/2013,ANC,AK,AAL,WE,Towers with Radar,308,210,39,8,565,0,156,365,0,521,308,366,404,8,1086,20,0,20,1106
07/06/2013,ANC,AK,AAL,WE,Towers with Radar,356,157,30,6,549,0,130,294,0,424,356,287,324,6,973,10,0,10,983
07/07/2013,ANC,AK,AAL,WE,Towers with Radar,308,145,43,3,499,0,126,276,3,405,308,271,319,6,904,34,0,34,938
07/08/2013,ANC,AK,AAL,WE,Towers with Radar,307,208,44,2,561,1,147,235,0,383,308,355,279,2,944,27,0,27,971
07/09/2013,ANC,AK,AAL,WE,Towers with Radar,307,207,20,10,544,0,153,377,0,530,307,360,397,10,1074,18,0,18,1092
07/10/2013,ANC,AK,AAL,WE,Towers with Radar,336,182,27,9,554,0,158,375,0,533,336,340,402,9,1087,10,0,10,1097
07/11/2013,ANC,AK,AAL,WE,Towers with Radar,369,196,35,13,613,1,169,465,5,640,370,365,500,18,1253,44,0,44,1297
07/12/2013,ANC,AK,AAL,WE,Towers with Radar,342,191,46,9,588,0,166,521,2,689,342,357,567,11,1277,42,0,42,1319
07/13/2013,ANC,AK,AAL,WE,Towers with Radar,334,163,21,8,526,0,159,445,1,605,334,322,466,9,1131,16,0,16,1147
07/14/2013,ANC,AK,AAL,WE,Towers with Radar,316,162,19,0,497,1,169,453,6,629,317,331,472,6,1126,86,0,86,1212
07/15/2013,ANC,AK,AAL,WE,Towers with Radar,296,214,34,4,548,1,136,294,0,431,297,350,328,4,979,58,0,58,1037
07/16/2013,ANC,AK,AAL,WE,Towers with Radar,298,247,40,6,591,0,140,318,0,458,298,387,358,6,1049,28,0,28,1077
07/17/2013,ANC,AK,AAL,WE,Towers with Radar,339,237,29,6,611,0,130,337,0,467,339,367,366,6,1078,46,0,46,1124
07/18/2013,ANC,AK,AAL,WE,Towers with Radar,368,207,43,11,629,3,133,395,0,531,371,340,438,11,1160,16,0,16,1176
07/19/2013,ANC,AK,AAL,WE,Towers with Radar,341,205,34,5,585,0,164,365,8,537,341,369,399,13,1122,12,0,12,1134
07/20/2013,ANC,AK,AAL,WE,Towers with Radar,357,178,25,9,569,0,184,360,0,544,357,362,385,9,1113,56,0,56,1169
07/21/2013,ANC,AK,AAL,WE,Towers with Radar,297,168,31,1,497,1,194,449,0,644,298,362,480,1,1141,2,0,2,1143
07/22/2013,ANC,AK,AAL,WE,Towers with Radar,273,193,24,3,493,0,145,382,2,529,273,338,406,5,1022,0,0,0,1022
07/23/2013,ANC,AK,AAL,WE,Towers with Radar,305,201,31,3,540,1,186,413,6,606,306,387,444,9,1146,20,0,20,1166
07/24/2013,ANC,AK,AAL,WE,Towers with Radar,332,194,36,5,567,0,175,359,0,534,332,369,395,5,1101,6,0,6,1107
07/25/2013,ANC,AK,AAL,WE,Towers with Radar,349,190,30,8,577,0,166,432,0,598,349,356,462,8,1175,22,0,22,1197
07/26/2013,ANC,AK,AAL,WE,Towers with Radar,335,218,40,10,603,0,203,393,2,598,335,421,433,12,1201,18,0,18,1219
07/27/2013,ANC,AK,AAL,WE,Towers with Radar,362,178,37,8,585,0,145,323,2,470,362,323,360,10,1055,26,0,26,1081
07/28/2013,ANC,AK,AAL,WE,Towers with Radar,294,161,20,2,477,0,186,560,7,753,294,347,580,9,1230,16,0,16,1246
07/29/2013,ANC,AK,AAL,WE,Towers with Radar,294,204,24,9,531,0,191,355,4,550,294,395,379,13,1081,24,0,24,1105
07/30/2013,ANC,AK,AAL,WE,Towers with Radar,288,201,28,9,526,0,151,394,0,545,288,352,422,9,1071,32,0,32,1103
07/31/2013,ANC,AK,AAL,WE,Towers with Radar,329,206,34,7,576,0,159,401,1,561,329,365,435,8,1137,110,0,110,1247
08/01/2013,ANC,AK,AAL,WE,Towers with Radar,354,191,25,6,576,0,180,296,0,476,354,371,321,6,1052,24,0,24,1076
08/02/2013,ANC,AK,AAL,WE,Towers with Radar,339,203,67,7,616,0,153,324,0,477,339,356,391,7,1093,28,0,28,1121
08/03/2013,ANC,AK,AAL,WE,Towers with Radar,350,161,17,10,538,0,124,187,0,311,350,285,204,10,849,4,0,4,853
08/04/2013,ANC,AK,AAL,WE,Towers with Radar,309,172,36,4,521,1,181,329,4,515,310,353,365,8,1036,22,0,22,1058
08/05/2013,ANC,AK,AAL,WE,Towers with Radar,294,184,25,6,509,0,157,288,0,445,294,341,313,6,954,6,0,6,960
08/06/2013,ANC,AK,AAL,WE,Towers with Radar,293,183,30,3,509,12,119,247,0,378,305,302,277,3,887,38,0,38,925
08/07/2013,ANC,AK,AAL,WE,Towers with Radar,331,203,42,6,582,1,148,222,2,373,332,351,264,8,955,64,0,64,1019
08/08/2013,ANC,AK,AAL,WE,Towers with Radar,361,216,30,8,615,0,172,282,0,454,361,388,312,8,1069,34,0,34,1103
08/09/2013,ANC,AK,AAL,WE,Towers with Radar,335,220,43,5,603,1,128,160,0,289,336,348,203,5,892,10,0,10,902
08/10/2013,ANC,AK,AAL,WE,Towers with Radar,350,193,37,3,583,0,128,154,0,282,350,321,191,3,865,48,0,48,913
08/11/2013,ANC,AK,AAL,WE,Towers with Radar,303,191,59,2,555,0,66,54,0,120,303,257,113,2,675,28,0,28,703
08/12/2013,ANC,AK,AAL,WE,Towers with Radar,276,236,53,4,569,0,95,191,0,286,276,331,244,4,855,62,0,62,917
08/13/2013,ANC,AK,AAL,WE,Towers with Radar,273,241,35,6,555,0,164,333,1,498,273,405,368,7,1053,58,0,58,1111
08/14/2013,ANC,AK,AAL,WE,Towers with Radar,322,214,54,5,595,1,151,308,0,460,323,365,362,5,1055,42,0,42,1097
08/15/2013,ANC,AK,AAL,WE,Towers with Radar,344,198,32,5,579,1,163,457,0,621,345,361,489,5,1200,40,0,40,1240
08/16/2013,ANC,AK,AAL,WE,Towers with Radar,328,239,56,5,628,0,163,323,0,486,328,402,379,5,1114,26,0,26,1140
08/17/2013,ANC,AK,AAL,WE,Towers with Radar,355,160,43,5,563,1,184,289,0,474,356,344,332,5,1037,18,0,18,1055
08/18/2013,ANC,AK,AAL,WE,Towers with Radar,316,149,48,0,513,2,139,251,0,392,318,288,299,0,905,28,0,28,933
08/19/2013,ANC,AK,AAL,WE,Towers with Radar,269,210,26,3,508,0,60,109,0,169,269,270,135,3,677,18,0,18,695
08/20/2013,ANC,AK,AAL,WE,Towers with Radar,292,193,23,7,515,1,150,247,2,400,293,343,270,9,915,24,0,24,939
08/21/2013,ANC,AK,AAL,WE,Towers with Radar,327,214,32,11,584,0,40,86,0,126,327,254,118,11,710,20,0,20,730
08/22/2013,ANC,AK,AAL,WE,Towers with Radar,363,235,62,5,665,0,12,55,0,67,363,247,117,5,732,26,0,26,758
08/23/2013,ANC,AK,AAL,WE,Towers with Radar,331,203,72,9,615,0,165,405,2,572,331,368,477,11,1187,46,0,46,1233
08/24/2013,ANC,AK,AAL,WE,Towers with Radar,365,177,42,5,589,1,233,532,3,769,366,410,574,8,1358,20,0,20,1378
08/25/2013,ANC,AK,AAL,WE,Towers with Radar,292,119,27,1,439,0,163,580,5,748,292,282,607,6,1187,64,0,64,1251
08/26/2013,ANC,AK,AAL,WE,Towers with Radar,283,171,35,8,497,3,165,396,1,565,286,336,431,9,1062,38,0,38,1100
08/27/2013,ANC,AK,AAL,WE,Towers with Radar,299,185,25,8,517,0,101,324,2,427,299,286,349,10,944,16,0,16,960
08/28/2013,ANC,AK,AAL,WE,Towers with Radar,310,197,47,11,565,1,93,254,12,360,311,290,301,23,925,14,0,14,939
08/29/2013,ANC,AK,AAL,WE,Towers with Radar,341,208,47,9,605,0,80,125,0,205,341,288,172,9,810,0,0,0,810
08/30/2013,ANC,AK,AAL,WE,Towers with Radar,325,227,58,6,616,0,156,347,0,503,325,383,405,6,1119,36,0,36,1155
08/31/2013,ANC,AK,AAL,WE,Towers with Radar,349,170,25,6,550,1,191,239,1,432,350,361,264,7,982,8,0,8,990
09/01/2013,ANC,AK,AAL,WE,Towers with Radar,265,140,30,6,441,0,90,232,6,328,265,230,262,12,769,14,0,14,783
09/02/2013,ANC,AK,AAL,WE,Towers with Radar,239,157,22,1,419,1,108,184,0,293,240,265,206,1,712,10,0,10,722
09/03/2013,ANC,AK,AAL,WE,Towers with Radar,271,180,21,2,474,0,83,185,0,268,271,263,206,2,742,22,0,22,764
09/04/2013,ANC,AK,AAL,WE,Towers with Radar,306,196,44,5,551,1,88,178,2,269,307,284,222,7,820,68,0,68,888
09/05/2013,ANC,AK,AAL,WE,Towers with Radar,328,196,47,8,579,0,108,268,2,378,328,304,315,10,957,50,0,50,1007
09/06/2013,ANC,AK,AAL,WE,Towers with Radar,309,193,40,4,546,0,79,108,0,187,309,272,148,4,733,48,0,48,781
09/07/2013,ANC,AK,AAL,WE,Towers with Radar,319,172,23,6,520,0,50,154,0,204,319,222,177,6,724,6,0,6,730
09/08/2013,ANC,AK,AAL,WE,Towers with Radar,266,123,38,0,427,2,95,242,4,343,268,218,280,4,770,2,0,2,772
09/09/2013,ANC,AK,AAL,WE,Towers with Radar,247,178,27,2,454,1,70,196,0,267,248,248,223,2,721,20,0,20,741
09/10/2013,ANC,AK,AAL,WE,Towers with Radar,258,191,33,14,496,0,48,154,5,207,258,239,187,19,703,14,0,14,717
09/11/2013,ANC,AK,AAL,WE,Towers with Radar,297,209,47,6,559,1,47,121,1,170,298,256,168,7,729,0,0,0,729
09/12/2013,ANC,AK,AAL,WE,Towers with Radar,322,179,21,4,526,0,116,340,0,456,322,295,361,4,982,10,0,10,992
09/13/2013,ANC,AK,AAL,WE,Towers with Radar,290,198,34,6,528,0,83,293,2,378,290,281,327,8,906,28,0,28,934
09/14/2013,ANC,AK,AAL,WE,Towers with Radar,335,141,15,5,496,0,77,370,0,447,335,218,385,5,943,6,0,6,949
09/15/2013,ANC,AK,AAL,WE,Towers with Radar,258,130,29,3,420,1,120,468,4,593,259,250,497,7,1013,30,0,30,1043
09/16/2013,ANC,AK,AAL,WE,Towers with Radar,240,179,31,0,450,0,68,319,2,389,240,247,350,2,839,20,0,20,859
09/17/2013,ANC,AK,AAL,WE,Towers with Radar,260,184,29,8,481,0,60,199,0,259,260,244,228,8,740,26,0,26,766
09/18/2013,ANC,AK,AAL,WE,Towers with Radar,278,209,54,3,544,1,42,181,2,226,279,251,235,5,770,16,0,16,786
09/19/2013,ANC,AK,AAL,WE,Towers with Radar,306,168,42,5,521,1,92,366,1,460,307,260,408,6,981,24,0,24,1005
09/20/2013,ANC,AK,AAL,WE,Towers with Radar,284,173,33,4,494,0,106,424,1,531,284,279,457,5,1025,44,0,44,1069
09/21/2013,ANC,AK,AAL,WE,Towers with Radar,268,140,30,4,442,1,81,213,2,297,269,221,243,6,739,2,0,2,741
09/22/2013,ANC,AK,AAL,WE,Towers with Radar,206,116,24,0,346,0,56,167,0,223,206,172,191,0,569,0,0,0,569
09/23/2013,ANC,AK,AAL,WE,Towers with Radar,206,188,35,3,432,0,38,146,2,186,206,226,181,5,618,0,0,0,618
09/24/2013,ANC,AK,AAL,WE,Towers with Radar,250,175,43,4,472,0,86,333,11,430,250,261,376,15,902,16,0,16,918
09/25/2013,ANC,AK,AAL,WE,Towers with Radar,303,200,39,5,547,0,18,43,0,61,303,218,82,5,608,4,0,4,612
09/26/2013,ANC,AK,AAL,WE,Towers with Radar,313,206,49,9,577,0,47,80,2,129,313,253,129,11,706,0,0,0,706
09/27/2013,ANC,AK,AAL,WE,Towers with Radar,296,176,27,3,502,0,93,266,2,361,296,269,293,5,863,12,0,12,875
09/28/2013,ANC,AK,AAL,WE,Towers with Radar,294,130,19,3,446,1,79,368,0,448,295,209,387,3,894,48,0,48,942
09/29/2013,ANC,AK,AAL,WE,Towers with Radar,251,118,19,6,394,0,63,255,5,323,251,181,274,11,717,34,0,34,751
09/30/2013,ANC,AK,AAL,WE,Towers with Radar,244,157,31,2,434,0,44,247,5,296,244,201,278,7,730,0,0,0,730
10/01/2013,ANC,AK,AAL,WE,Towers with Radar,243,148,29,6,426,0,34,279,4,317,243,182,308,10,743,34,0,34,777
10/02/2013,ANC,AK,AAL,WE,Towers with Radar,266,195,47,4,512,1,18,59,1,79,267,213,106,5,591,14,0,14,605
10/03/2013,ANC,AK,AAL,WE,Towers with Radar,287,170,20,3,480,0,32,146,2,180,287,202,166,5,660,6,0,6,666
10/04/2013,ANC,AK,AAL,WE,Towers with Radar,239,170,17,2,428,0,38,365,5,408,239,208,382,7,836,52,0,52,888
10/05/2013,ANC,AK,AAL,WE,Towers with Radar,240,136,23,4,403,0,19,323,0,342,240,155,346,4,745,78,0,78,823
10/06/2013,ANC,AK,AAL,WE,Towers with Radar,208,127,25,2,362,1,20,94,0,115,209,147,119,2,477,16,0,16,493
10/07/2013,ANC,AK,AAL,WE,Towers with Radar,216,164,49,5,434,18,54,171,69,312,234,218,220,74,746,26,0,26,772
10/08/2013,ANC,AK,AAL,WE,Towers with Radar,241,166,28,6,441,0,0,7,0,7,241,166,35,6,448,0,0,0,448
10/09/2013,ANC,AK,AAL,WE,Towers with Radar,270,168,26,4,468,0,32,187,2,221,270,200,213,6,689,40,0,40,729
10/10/2013,ANC,AK,AAL,WE,Towers with Radar,297,175,27,1,500,1,14,114,0,129,298,189,141,1,629,30,0,30,659
10/11/2013,ANC,AK,AAL,WE,Towers with Radar,290,195,49,3,537,0,33,95,0,128,290,228,144,3,665,20,0,20,685
10/12/2013,ANC,AK,AAL,WE,Towers with Radar,289,126,22,6,443,0,7,41,0,48,289,133,63,6,491,0,0,0,491
10/13/2013,ANC,AK,AAL,WE,Towers with Radar,239,119,27,2,387,0,23,46,0,69,239,142,73,2,456,6,0,6,462
10/14/2013,ANC,AK,AAL,WE,Towers with Radar,236,149,15,0,400,0,21,155,4,180,236,170,170,4,580,28,0,28,608
10/15/2013,ANC,AK,AAL,WE,Towers with Radar,254,174,15,2,445,0,18,52,0,70,254,192,67,2,515,0,0,0,515
10/16/2013,ANC,AK,AAL,WE,Towers with Radar,281,164,24,3,472,0,38,86,0,124,281,202,110,3,596,61,0,61,657
10/17/2013,ANC,AK,AAL,WE,Towers with Radar,309,184,30,3,526,1,15,120,0,136,310,199,150,3,662,52,0,52,714
10/18/2013,ANC,AK,AAL,WE,Towers with Radar,284,178,17,3,482,7,21,83,1,112,291,199,100,4,594,44,0,44,638
10/19/2013,ANC,AK,AAL,WE,Towers with Radar,307,124,22,4,457,0,2,81,0,83,307,126,103,4,540,16,0,16,556
10/20/2013,ANC,AK,AAL,WE,Towers with Radar,231,124,22,0,377,0,15,145,0,160,231,139,167,0,537,90,0,90,627
10/21/2013,ANC,AK,AAL,WE,Towers with Radar,247,152,30,3,432,0,26,175,4,205,247,178,205,7,637,22,0,22,659
10/22/2013,ANC,AK,AAL,WE,Towers with Radar,241,154,26,3,424,0,21,195,6,222,241,175,221,9,646,60,0,60,706
10/23/2013,ANC,AK,AAL,WE,Towers with Radar,291,171,33,3,498,0,27,149,3,179,291,198,182,6,677,58,0,58,735
10/24/2013,ANC,AK,AAL,WE,Towers with Radar,313,148,26,5,492,0,8,90,0,98,313,156,116,5,590,10,0,10,600
10/25/2013,ANC,AK,AAL,WE,Towers with Radar,296,181,41,4,522,4,25,187,4,220,300,206,228,8,742,86,0,86,828
10/26/2013,ANC,AK,AAL,WE,Towers with Radar,303,144,28,6,481,0,9,226,0,235,303,153,254,6,716,36,0,36,752
10/27/2013,ANC,AK,AAL,WE,Towers with Radar,250,127,26,0,403,0,2,7,0,9,250,129,33,0,412,0,0,0,412
10/28/2013,ANC,AK,AAL,WE,Towers with Radar,272,169,44,1,486,0,3,33,0,36,272,172,77,1,522,0,0,0,522
10/29/2013,ANC,AK,AAL,WE,Towers with Radar,267,163,26,4,460,0,26,170,2,198,267,189,196,6,658,20,0,20,678
10/30/2013,ANC,AK,AAL,WE,Towers with Radar,298,160,28,7,493,0,13,147,6,166,298,173,175,13,659,18,0,18,677
10/31/2013,ANC,AK,AAL,WE,Towers with Radar,311,174,41,12,538,0,8,78,0,86,311,182,119,12,624,20,0,20,644
11/01/2013,ANC,AK,AAL,WE,Towers with Radar,288,196,43,5,532,0,8,48,0,56,288,204,91,5,588,24,0,24,612
11/02/2013,ANC,AK,AAL,WE,Towers with Radar,291,130,16,3,440,0,1,62,5,68,291,131,78,8,508,86,0,86,594
11/03/2013,ANC,AK,AAL,WE,Towers with Radar,269,99,42,0,410,1,5,75,6,87,270,104,117,6,497,28,0,28,525
11/04/2013,ANC,AK,AAL,WE,Towers with Radar,249,160,12,0,421,1,12,130,8,151,250,172,142,8,572,46,0,46,618
11/05/2013,ANC,AK,AAL,WE,Towers with Radar,253,172,27,10,462,0,20,145,2,167,253,192,172,12,629,82,0,82,711
11/06/2013,ANC,AK,AAL,WE,Towers with Radar,289,160,10,6,465,0,18,198,3,219,289,178,208,9,684,36,0,36,720
11/07/2013,ANC,AK,AAL,WE,Towers with Radar,298,165,15,5,483,0,14,96,2,112,298,179,111,7,595,0,0,0,595
11/08/2013,ANC,AK,AAL,WE,Towers with Radar,286,167,25,2,480,1,22,149,2,174,287,189,174,4,654,16,0,16,670
11/09/2013,ANC,AK,AAL,WE,Towers with Radar,289,129,27,4,449,0,3,9,0,12,289,132,36,4,461,0,0,0,461
11/10/2013,ANC,AK,AAL,WE,Towers with Radar,247,110,26,0,383,0,0,1,0,1,247,110,27,0,384,0,0,0,384
11/11/2013,ANC,AK,AAL,WE,Towers with Radar,241,156,14,0,411,0,10,65,2,77,241,166,79,2,488,8,0,8,496
11/12/2013,ANC,AK,AAL,WE,Towers with Radar,249,159,29,2,439,0,42,73,2,117,249,201,102,4,556,26,0,26,582
11/13/2013,ANC,AK,AAL,WE,Towers with Radar,247,158,50,0,455,0,16,64,2,82,247,174,114,2,537,46,0,46,583
11/14/2013,ANC,AK,AAL,WE,Towers with Radar,289,168,27,4,488,0,0,10,0,10,289,168,37,4,498,0,0,0,498
11/15/2013,ANC,AK,AAL,WE,Towers with Radar,309,181,25,8,523,8,19,91,0,118,317,200,116,8,641,18,0,18,659
11/16/2013,ANC,AK,AAL,WE,Towers with Radar,301,138,36,8,483,2,8,114,2,126,303,146,150,10,609,30,0,30,639
11/17/2013,ANC,AK,AAL,WE,Towers with Radar,254,99,14,0,367,0,1,80,4,85,254,100,94,4,452,40,0,40,492
11/18/2013,ANC,AK,AAL,WE,Towers with Radar,267,140,26,2,435,0,17,86,2,105,267,157,112,4,540,14,0,14,554
11/19/2013,ANC,AK,AAL,WE,Towers with Radar,262,162,21,5,450,0,15,62,2,79,262,177,83,7,529,10,0,10,539
11/20/2013,ANC,AK,AAL,WE,Towers with Radar,288,139,22,4,453,2,20,81,2,105,290,159,103,6,558,12,0,12,570
11/21/2013,ANC,AK,AAL,WE,Towers with Radar,300,150,21,6,477,0,10,39,0,49,300,160,60,6,526,0,0,0,526
11/22/2013,ANC,AK,AAL,WE,Towers with Radar,289,148,42,4,483,0,0,9,0,9,289,148,51,4,492,0,0,0,492
11/23/2013,ANC,AK,AAL,WE,Towers with Radar,284,125,3,2,414,0,5,35,0,40,284,130,38,2,454,0,0,0,454
11/24/2013,ANC,AK,AAL,WE,Towers with Radar,272,114,13,1,400,0,1,27,0,28,272,115,40,1,428,4,0,4,432
11/25/2013,ANC,AK,AAL,WE,Towers with Radar,273,164,13,4,454,0,9,90,3,102,273,173,103,7,556,2,0,2,558
11/26/2013,ANC,AK,AAL,WE,Towers with Radar,270,164,29,5,468,0,13,61,0,74,270,177,90,5,542,0,0,0,542
11/27/2013,ANC,AK,AAL,WE,Towers with Radar,287,184,24,4,499,0,0,8,0,8,287,184,32,4,507,0,0,0,507
11/28/2013,ANC,AK,AAL,WE,Towers with Radar,236,54,5,0,295,1,5,28,0,34,237,59,33,0,329,0,0,0,329
11/29/2013,ANC,AK,AAL,WE,Towers with Radar,271,164,18,2,455,0,8,46,4,58,271,172,64,6,513,20,0,20,533
11/30/2013,ANC,AK,AAL,WE,Towers with Radar,296,120,13,4,433,0,0,28,2,30,296,120,41,6,463,0,0,0,463
12/01/2013,ANC,AK,AAL,WE,Towers with Radar,246,91,23,1,361,0,11,66,2,79,246,102,89,3,440,20,0,20,460
12/02/2013,ANC,AK,AAL,WE,Towers with Radar,250,182,25,0,457,0,1,25,0,26,250,183,50,0,483,0,0,0,483
12/03/2013,ANC,AK,AAL,WE,Towers with Radar,256,148,27,12,443,1,14,51,2,68,257,162,78,14,511,0,0,0,511
12/04/2013,ANC,AK,AAL,WE,Towers with Radar,272,139,12,6,429,2,13,59,2,76,274,152,71,8,505,36,0,36,541
12/05/2013,ANC,AK,AAL,WE,Towers with Radar,279,148,22,2,451,0,0,20,0,20,279,148,42,2,471,0,0,0,471
12/06/2013,ANC,AK,AAL,WE,Towers with Radar,280,175,31,3,489,0,0,10,0,10,280,175,41,3,499,0,0,0,499
12/07/2013,ANC,AK,AAL,WE,Towers with Radar,282,115,16,5,418,0,1,0,0,1,282,116,16,5,419,0,0,0,419
12/08/2013,ANC,AK,AAL,WE,Towers with Radar,239,115,23,0,377,0,0,0,0,0,239,115,23,0,377,0,0,0,377
12/09/2013,ANC,AK,AAL,WE,Towers with Radar,242,190,37,0,469,0,10,10,0,20,242,200,47,0,489,6,0,6,495
12/10/2013,ANC,AK,AAL,WE,Towers with Radar,261,172,39,7,479,0,1,6,0,7,261,173,45,7,486,0,0,0,486
12/11/2013,ANC,AK,AAL,WE,Towers with Radar,282,165,15,4,466,0,25,73,2,100,282,190,88,6,566,0,0,0,566
12/12/2013,ANC,AK,AAL,WE,Towers with Radar,300,192,30,3,525,1,14,88,0,103,301,206,118,3,628,22,0,22,650
12/13/2013,ANC,AK,AAL,WE,Towers with Radar,298,178,22,3,501,0,3,10,0,13,298,181,32,3,514,0,0,0,514
12/14/2013,ANC,AK,AAL,WE,Towers with Radar,287,139,12,5,443,0,0,11,0,11,287,139,23,5,454,0,0,0,454
12/15/2013,ANC,AK,AAL,WE,Towers with Radar,262,130,14,0,406,0,3,12,0,15,262,133,26,0,421,0,0,0,421
12/16/2013,ANC,AK,AAL,WE,Towers with Radar,238,169,23,1,431,0,8,94,3,105,238,177,117,4,536,22,0,22,558
12/17/2013,ANC,AK,AAL,WE,Towers with Radar,230,171,25,2,428,0,8,64,1,73,230,179,89,3,501,8,0,8,509
12/18/2013,ANC,AK,AAL,WE,Towers with Radar,260,155,31,3,449,0,33,61,0,94,260,188,92,3,543,0,0,0,543
12/19/2013,ANC,AK,AAL,WE,Towers with Radar,299,160,11,5,475,1,25,68,0,94,300,185,79,5,569,10,0,10,579
12/20/2013,ANC,AK,AAL,WE,Towers with Radar,274,182,27,4,487,1,11,63,0,75,275,193,90,4,562,0,0,0,562
12/21/2013,ANC,AK,AAL,WE,Towers with Radar,300,151,25,4,480,0,0,14,0,14,300,151,39,4,494,2,0,2,496
12/22/2013,ANC,AK,AAL,WE,Towers with Radar,267,131,15,2,415,0,0,0,0,0,267,131,15,2,415,0,0,0,415
12/23/2013,ANC,AK,AAL,WE,Towers with Radar,233,158,16,1,408,1,12,117,0,130,234,170,133,1,538,12,0,12,550
12/24/2013,ANC,AK,AAL,WE,Towers with Radar,210,130,15,3,358,0,8,84,0,92,210,138,99,3,450,0,0,0,450
12/25/2013,ANC,AK,AAL,WE,Towers with Radar,185,40,6,0,231,1,1,11,0,13,186,41,17,0,244,0,0,0,244
12/26/2013,ANC,AK,AAL,WE,Towers with Radar,253,154,15,2,424,0,13,92,5,110,253,167,107,7,534,8,0,8,542
12/27/2013,ANC,AK,AAL,WE,Towers with Radar,248,162,16,3,429,0,6,57,2,65,248,168,73,5,494,10,0,10,504
12/28/2013,ANC,AK,AAL,WE,Towers with Radar,254,134,6,2,396,0,3,55,0,58,254,137,61,2,454,10,0,10,464
12/29/2013,ANC,AK,AAL,WE,Towers with Radar,233,128,31,4,396,0,2,79,3,84,233,130,110,7,480,62,0,62,542
12/30/2013,ANC,AK,AAL,WE,Towers with Radar,192,172,10,2,376,0,19,105,3,127,192,191,115,5,503,22,0,22,525
12/31/2013,ANC,AK,AAL,WE,Towers with Radar,194,162,17,1,374,0,1,53,0,54,194,163,70,1,428,0,0,0,428
01/01/2014,ANC,AK,AAL,WE,Towers with Radar,181,55,18,0,254,0,0,48,0,48,181,55,66,0,302,16,0,16,318
01/02/2014,ANC,AK,AAL,WE,Towers with Radar,218,175,18,4,415,0,7,78,0,85,218,182,96,4,500,8,0,8,508
01/03/2014,ANC,AK,AAL,WE,Towers with Radar,235,184,32,4,455,0,0,1,0,1,235,184,33,4,456,0,0,0,456
01/04/2014,ANC,AK,AAL,WE,Towers with Radar,243,138,21,4,406,0,0,24,0,24,243,138,45,4,430,14,0,14,444
01/05/2014,ANC,AK,AAL,WE,Towers with Radar,211,136,17,0,364,0,0,69,0,69,211,136,86,0,433,28,0,28,461
01/06/2014,ANC,AK,AAL,WE,Towers with Radar,197,161,22,0,380,0,10,94,2,106,197,171,116,2,486,10,0,10,496
01/07/2014,ANC,AK,AAL,WE,Towers with Radar,216,153,14,4,387,1,11,95,0,107,217,164,109,4,494,6,0,6,500
01/08/2014,ANC,AK,AAL,WE,Towers with Radar,228,172,28,6,434,1,8,68,0,77,229,180,96,6,511,18,0,18,529
01/09/2014,ANC,AK,AAL,WE,Towers with Radar,260,196,32,4,492,0,2,6,0,8,260,198,38,4,500,0,0,0,500
01/10/2014,ANC,AK,AAL,WE,Towers with Radar,255,194,45,3,497,0,2,5,0,7,255,196,50,3,504,0,0,0,504
01/11/2014,ANC,AK,AAL,WE,Towers with Radar,257,141,22,4,424,0,0,2,0,2,257,141,24,4,426,0,0,0,426
01/12/2014,ANC,AK,AAL,WE,Towers with Radar,206,133,17,8,364,0,2,7,0,9,206,135,24,8,373,0,0,0,373
01/13/2014,ANC,AK,AAL,WE,Towers with Radar,194,176,25,0,395,0,11,37,0,48,194,187,62,0,443,10,0,10,453
01/14/2014,ANC,AK,AAL,WE,Towers with Radar,211,178,20,6,415,0,7,44,3,54,211,185,64,9,469,4,0,4,473
01/15/2014,ANC,AK,AAL,WE,Towers with Radar,240,162,30,4,436,0,3,26,0,29,240,165,56,4,465,0,0,0,465
01/16/2014,ANC,AK,AAL,WE,Towers with Radar,274,174,43,5,496,0,1,0,0,1,274,175,43,5,497,0,0,0,497
01/17/2014,ANC,AK,AAL,WE,Towers with Radar,230,144,17,3,394,0,2,30,1,33,230,146,47,4,427,0,0,0,427
01/18/2014,ANC,AK,AAL,WE,Towers with Radar,266,140,13,7,426,0,7,20,0,27,266,147,33,7,453,0,0,0,453
01/19/2014,ANC,AK,AAL,WE,Towers with Radar,213,101,25,0,339,0,3,31,5,39,213,104,56,5,378,0,0,0,378
01/20/2014,ANC,AK,AAL,WE,Towers with Radar,206,128,26,0,360,0,9,95,2,106,206,137,121,2,466,12,0,12,478
01/21/2014,ANC,AK,AAL,WE,Towers with Radar,222,166,32,3,423,0,11,45,1,57,222,177,77,4,480,0,0,0,480
01/22/2014,ANC,AK,AAL,WE,Towers with Radar,257,146,20,5,428,0,11,73,0,84,257,157,93,5,512,32,0,32,544
01/23/2014,ANC,AK,AAL,WE,Towers with Radar,286,164,13,6,469,0,7,59,0,66,286,171,72,6,535,6,0,6,541
01/24/2014,ANC,AK,AAL,WE,Towers with Radar,264,155,18,6,443,0,3,50,3,56,264,158,68,9,499,0,0,0,499
01/25/2014,ANC,AK,AAL,WE,Towers with Radar,275,99,12,3,389,0,15,120,0,135,275,114,132,3,524,80,0,80,604
01/26/2014,ANC,AK,AAL,WE,Towers with Radar,215,104,12,2,333,0,0,109,1,110,215,104,121,3,443,20,0,20,463
01/27/2014,ANC,AK,AAL,WE,Towers with Radar,230,157,14,0,401,0,9,71,0,80,230,166,85,0,481,16,0,16,497
01/28/2014,ANC,AK,AAL,WE,Towers with Radar,209,159,19,2,389,0,6,87,0,93,209,165,106,2,482,12,0,12,494
01/29/2014,ANC,AK,AAL,WE,Towers with Radar,258,156,15,16,445,0,13,162,4,179,258,169,177,20,624,22,0,22,646
01/30/2014,ANC,AK,AAL,WE,Towers with Radar,271,160,18,7,456,0,16,136,0,152,271,176,154,7,608,16,0,16,624
01/31/2014,ANC,AK,AAL,WE,Towers with Radar,258,170,20,4,452,0,10,85,0,95,258,180,105,4,547,68,0,68,615
02/01/2014,ANC,AK,AAL,WE,Towers with Radar,236,124,42,6,408,0,1,29,0,30,236,125,71,6,438,0,0,0,438
02/02/2014,ANC,AK,AAL,WE,Towers with Radar,188,112,20,3,323,0,2,25,0,27,188,114,45,3,350,26,0,26,376
02/03/2014,ANC,AK,AAL,WE,Towers with Radar,162,171,39,0,372,0,7,76,0,83,162,178,115,0,455,20,0,20,475
02/04/2014,ANC,AK,AAL,WE,Towers with Radar,178,145,17,5,345,0,9,138,0,147,178,154,155,5,492,36,0,36,528
02/05/2014,ANC,AK,AAL,WE,Towers with Radar,180,138,15,8,341,0,28,132,8,168,180,166,147,16,509,10,0,10,519
02/06/2014,ANC,AK,AAL,WE,Towers with Radar,210,165,28,4,407,0,23,94,1,118,210,188,122,5,525,0,0,0,525
02/07/2014,ANC,AK,AAL,WE,Towers with Radar,208,111,12,2,333,0,1,4,1,6,208,112,16,3,339,0,0,0,339
02/08/2014,ANC,AK,AAL,WE,Towers with Radar,185,99,17,2,303,0,8,141,4,153,185,107,158,6,456,48,0,48,504
02/09/2014,ANC,AK,AAL,WE,Towers with Radar,167,103,22,2,294,0,4,53,0,57,167,107,75,2,351,28,0,28,379
02/10/2014,ANC,AK,AAL,WE,Towers with Radar,175,135,11,2,323,0,3,86,0,89,175,138,97,2,412,0,0,0,412
02/11/2014,ANC,AK,AAL,WE,Towers with Radar,191,144,26,1,362,0,19,145,0,164,191,163,171,1,526,8,0,8,534
02/12/2014,ANC,AK,AAL,WE,Towers with Radar,227,157,23,7,414,0,12,98,4,114,227,169,121,11,528,10,0,10,538
02/13/2014,ANC,AK,AAL,WE,Towers with Radar,251,160,25,7,443,0,9,68,4,81,251,169,93,11,524,8,0,8,532
02/14/2014,ANC,AK,AAL,WE,Towers with Radar,236,176,33,3,448,2,17,82,2,103,238,193,115,5,551,2,0,2,553
02/15/2014,ANC,AK,AAL,WE,Towers with Radar,253,105,17,3,378,0,9,81,0,90,253,114,98,3,468,30,0,30,498
02/16/2014,ANC,AK,AAL,WE,Towers with Radar,198,107,39,0,344,0,4,69,0,73,198,111,108,0,417,18,0,18,435
02/17/2014,ANC,AK,AAL,WE,Towers with Radar,195,152,20,0,367,0,14,99,2,115,195,166,119,2,482,18,0,18,500
02/18/2014,ANC,AK,AAL,WE,Towers with Radar,212,164,26,6,408,0,18,52,2,72,212,182,78,8,480,0,0,0,480
02/19/2014,ANC,AK,AAL,WE,Towers with Radar,242,173,34,5,454,0,6,33,0,39,242,179,67,5,493,0,0,0,493
02/20/2014,ANC,AK,AAL,WE,Towers with Radar,256,164,32,6,458,0,16,87,2,105,256,180,119,8,563,22,0,22,585
02/21/2014,ANC,AK,AAL,WE,Towers with Radar,240,160,23,3,426,0,16,139,0,155,240,176,162,3,581,58,0,58,639
02/22/2014,ANC,AK,AAL,WE,Towers with Radar,250,92,18,2,362,0,2,140,0,142,250,94,158,2,504,38,0,38,542
02/23/2014,ANC,AK,AAL,WE,Towers with Radar,218,88,28,2,336,0,8,187,0,195,218,96,215,2,531,14,0,14,545
02/24/2014,ANC,AK,AAL,WE,Towers with Radar,206,138,24,2,370,0,11,151,0,162,206,149,175,2,532,22,0,22,554
02/25/2014,ANC,AK,AAL,WE,Towers with Radar,201,145,23,4,373,0,28,168,0,196,201,173,191,4,569,6,0,6,575
02/26/2014,ANC,AK,AAL,WE,Towers with Radar,256,141,33,3,433,0,18,111,7,136,256,159,144,10,569,16,0,16,585
02/27/2014,ANC,AK,AAL,WE,Towers with Radar,278,163,24,5,470,0,25,158,2,185,278,188,182,7,655,50,0,50,705
02/28/2014,ANC,AK,AAL,WE,Towers with Radar,249,167,36,1,453,0,21,151,2,174,249,188,187,3,627,22,0,22,649
03/01/2014,ANC,AK,AAL,WE,Towers with Radar,264,109,16,6,395,0,24,247,0,271,264,133,263,6,666,12,0,12,678
03/02/2014,ANC,AK,AAL,WE,Towers with Radar,221,111,24,2,358,0,27,220,0,247,221,138,244,2,605,12,0,12,617
03/03/2014,ANC,AK,AAL,WE,Towers with Radar,224,182,28,3,437,0,54,215,0,269,224,236,243,3,706,32,0,32,738
03/04/2014,ANC,AK,AAL,WE,Towers with Radar,233,162,23,3,421,0,5,58,0,63,233,167,81,3,484,32,0,32,516
03/05/2014,ANC,AK,AAL,WE,Towers with Radar,283,176,42,6,507,0,23,81,0,104,283,199,123,6,611,0,0,0,611
03/06/2014,ANC,AK,AAL,WE,Towers with Radar,284,177,27,5,493,0,42,235,0,277,284,219,262,5,770,28,0,28,798
03/07/2014,ANC,AK,AAL,WE,Towers with Radar,279,175,28,5,487,0,40,163,0,203,279,215,191,5,690,53,0,53,743
03/08/2014,ANC,AK,AAL,WE,Towers with Radar,284,118,19,1,422,0,16,218,1,235,284,134,237,2,657,50,0,50,707
03/09/2014,ANC,AK,AAL,WE,Towers with Radar,239,107,14,1,361,0,17,179,1,197,239,124,193,2,558,22,0,22,580
03/10/2014,ANC,AK,AAL,WE,Towers with Radar,231,156,36,1,424,0,10,37,0,47,231,166,73,1,471,17,30,47,518
03/11/2014,ANC,AK,AAL,WE,Towers with Radar,236,145,16,3,400,0,10,61,0,71,236,155,77,3,471,0,0,0,471
03/12/2014,ANC,AK,AAL,WE,Towers with Radar,282,141,28,2,453,0,30,106,0,136,282,171,134,2,589,64,0,64,653
03/13/2014,ANC,AK,AAL,WE,Towers with Radar,287,185,19,3,494,0,20,89,0,109,287,205,108,3,603,16,0,16,619
03/14/2014,ANC,AK,AAL,WE,Towers with Radar,257,167,26,3,453,0,14,79,0,93,257,181,105,3,546,0,0,0,546
03/15/2014,ANC,AK,AAL,WE,Towers with Radar,303,121,22,6,452,0,31,136,0,167,303,152,158,6,619,6,0,6,625
03/16/2014,ANC,AK,AAL,WE,Towers with Radar,246,106,21,0,373,0,4,65,0,69,246,110,86,0,442,4,0,4,446
03/17/2014,ANC,AK,AAL,WE,Towers with Radar,241,176,22,0,439,0,10,75,0,85,241,186,97,0,524,16,0,16,540
03/18/2014,ANC,AK,AAL,WE,Towers with Radar,250,162,29,4,445,1,19,121,3,144,251,181,150,7,589,66,0,66,655
03/19/2014,ANC,AK,AAL,WE,Towers with Radar,285,135,28,5,453,0,22,220,5,247,285,157,248,10,700,54,0,54,754
03/20/2014,ANC,AK,AAL,WE,Towers with Radar,286,166,22,3,477,0,38,200,2,240,286,204,222,5,717,42,0,42,759
03/21/2014,ANC,AK,AAL,WE,Towers with Radar,279,152,41,5,477,0,19,223,0,242,279,171,264,5,719,28,0,28,747
03/22/2014,ANC,AK,AAL,WE,Towers with Radar,298,110,24,6,438,0,27,257,0,284,298,137,281,6,722,32,0,32,754
03/23/2014,ANC,AK,AAL,WE,Towers with Radar,241,106,4,2,353,0,18,226,0,244,241,124,230,2,597,24,0,24,621
03/24/2014,ANC,AK,AAL,WE,Towers with Radar,237,147,30,1,415,35,17,135,0,187,272,164,165,1,602,38,0,38,640
03/25/2014,ANC,AK,AAL,WE,Towers with Radar,248,156,24,5,433,0,26,168,1,195,248,182,192,6,628,38,0,38,666
03/26/2014,ANC,AK,AAL,WE,Towers with Radar,292,162,35,7,496,0,27,196,4,227,292,189,231,11,723,32,0,32,755
03/27/2014,ANC,AK,AAL,WE,Towers with Radar,290,156,35,14,495,0,29,182,2,213,290,185,217,16,708,48,0,48,756
03/28/2014,ANC,AK,AAL,WE,Towers with Radar,287,166,35,3,491,0,32,236,2,270,287,198,271,5,761,76,0,76,837
03/29/2014,ANC,AK,AAL,WE,Towers with Radar,289,113,21,4,427,0,16,267,1,284,289,129,288,5,711,86,0,86,797
03/30/2014,ANC,AK,AAL,WE,Towers with Radar,243,103,13,0,359,0,14,235,2,251,243,117,248,2,610,12,0,12,622
03/31/2014,ANC,AK,AAL,WE,Towers with Radar,234,145,15,0,394,0,31,220,2,253,234,176,235,2,647,52,0,52,699
04/01/2014,ANC,AK,AAL,WE,Towers with Radar,241,142,22,3,408,0,23,214,7,244,241,165,236,10,652,58,0,58,710
04/02/2014,ANC,AK,AAL,WE,Towers with Radar,273,164,22,3,462,0,15,185,2,202,273,179,207,5,664,14,0,14,678
04/03/2014,ANC,AK,AAL,WE,Towers with Radar,303,141,18,8,470,0,28,172,2,202,303,169,190,10,672,30,0,30,702
04/04/2014,ANC,AK,AAL,WE,Towers with Radar,262,164,27,2,455,0,17,182,1,200,262,181,209,3,655,34,0,34,689
04/05/2014,ANC,AK,AAL,WE,Towers with Radar,260,111,11,6,388,0,10,120,2,132,260,121,131,8,520,10,0,10,530
04/06/2014,ANC,AK,AAL,WE,Towers with Radar,241,110,9,0,360,0,3,140,0,143,241,113,149,0,503,41,0,41,544
04/07/2014,ANC,AK,AAL,WE,Towers with Radar,228,177,19,0,424,0,8,56,0,64,228,185,75,0,488,42,0,42,530
04/08/2014,ANC,AK,AAL,WE,Towers with Radar,240,170,35,4,449,0,13,62,4,79,240,183,97,8,528,0,0,0,528
04/09/2014,ANC,AK,AAL,WE,Towers with Radar,253,159,22,3,437,0,28,167,4,199,253,187,189,7,636,6,0,6,642
04/10/2014,ANC,AK,AAL,WE,Towers with Radar,289,163,39,5,496,0,25,194,0,219,289,188,233,5,715,18,0,18,733
04/11/2014,ANC,AK,AAL,WE,Towers with Radar,269,163,51,4,487,0,26,241,0,267,269,189,292,4,754,12,0,12,766
04/12/2014,ANC,AK,AAL,WE,Towers with Radar,270,142,33,6,451,0,15,65,0,80,270,157,98,6,531,2,0,2,533
04/13/2014,ANC,AK,AAL,WE,Towers with Radar,230,111,19,1,361,0,1,74,0,75,230,112,93,1,436,106,0,106,542
04/14/2014,ANC,AK,AAL,WE,Towers with Radar,229,153,21,0,403,0,13,177,0,190,229,166,198,0,593,37,0,37,630
04/15/2014,ANC,AK,AAL,WE,Towers with Radar,226,161,17,5,409,0,10,116,2,128,226,171,133,7,537,84,0,84,621
04/16/2014,ANC,AK,AAL,WE,Towers with Radar,279,157,32,6,474,0,13,158,1,172,279,170,190,7,646,0,0,0,646
04/17/2014,ANC,AK,AAL,WE,Towers with Radar,279,181,20,7,487,0,23,200,1,224,279,204,220,8,711,64,0,64,775
04/18/2014,ANC,AK,AAL,WE,Towers with Radar,261,166,30,5,462,0,26,170,0,196,261,192,200,5,658,44,0,44,702
04/19/2014,ANC,AK,AAL,WE,Towers with Radar,276,131,22,4,433,0,43,223,0,266,276,174,245,4,699,62,0,62,761
04/20/2014,ANC,AK,AAL,WE,Towers with Radar,222,94,14,0,330,0,9,146,0,155,222,103,160,0,485,90,0,90,575
04/21/2014,ANC,AK,AAL,WE,Towers with Radar,207,161,24,2,394,24,17,189,0,230,231,178,213,2,624,20,0,20,644
04/22/2014,ANC,AK,AAL,WE,Towers with Radar,227,163,25,2,417,0,36,188,3,227,227,199,213,5,644,34,0,34,678
04/23/2014,ANC,AK,AAL,WE,Towers with Radar,261,159,31,5,456,0,8,192,4,204,261,167,223,9,660,76,0,76,736
04/24/2014,ANC,AK,AAL,WE,Towers with Radar,287,153,27,9,476,0,29,226,0,255,287,182,253,9,731,60,0,60,791
04/25/2014,ANC,AK,AAL,WE,Towers with Radar,273,167,17,3,460,0,10,144,2,156,273,177,161,5,616,18,0,18,634
04/26/2014,ANC,AK,AAL,WE,Towers with Radar,286,129,26,4,445,0,10,162,0,172,286,139,188,4,617,16,0,16,633
04/27/2014,ANC,AK,AAL,WE,Towers with Radar,259,127,19,3,408,0,17,202,0,219,259,144,221,3,627,106,0,106,733
04/28/2014,ANC,AK,AAL,WE,Towers with Radar,240,157,16,2,415,1,6,82,2,91,241,163,98,4,506,0,0,0,506
04/29/2014,ANC,AK,AAL,WE,Towers with Radar,248,148,16,5,417,0,32,158,0,190,248,180,174,5,607,20,0,20,627
04/30/2014,ANC,AK,AAL,WE,Towers with Radar,271,158,26,5,460,1,53,220,0,274,272,211,246,5,734,34,0,34,768
05/01/2014,ANC,AK,AAL,WE,Towers with Radar,287,171,45,7,510,0,55,239,2,296,287,226,284,9,806,74,0,74,880
05/02/2014,ANC,AK,AAL,WE,Towers with Radar,270,165,33,7,475,4,42,265,0,311,274,207,298,7,786,22,0,22,808
05/03/2014,ANC,AK,AAL,WE,Towers with Radar,255,132,15,3,405,0,18,318,0,336,255,150,333,3,741,40,0,40,781
05/04/2014,ANC,AK,AAL,WE,Towers with Radar,206,102,28,0,336,0,20,321,0,341,206,122,349,0,677,52,0,52,729
05/05/2014,ANC,AK,AAL,WE,Towers with Radar,212,183,38,0,433,0,42,176,0,218,212,225,214,0,651,128,0,128,779
05/06/2014,ANC,AK,AAL,WE,Towers with Radar,227,198,47,4,476,0,15,102,0,117,227,213,149,4,593,36,0,36,629
05/07/2014,ANC,AK,AAL,WE,Towers with Radar,266,172,33,5,476,0,32,221,4,257,266,204,254,9,733,55,0,55,788
05/08/2014,ANC,AK,AAL,WE,Towers with Radar,286,176,26,4,492,0,49,337,5,391,286,225,363,9,883,18,0,18,901
05/09/2014,ANC,AK,AAL,WE,Towers with Radar,263,167,38,3,471,0,53,353,2,408,263,220,391,5,879,45,0,45,924
05/10/2014,ANC,AK,AAL,WE,Towers with Radar,290,130,21,4,445,0,22,311,6,339,290,152,332,10,784,42,0,42,826
05/11/2014,ANC,AK,AAL,WE,Towers with Radar,240,110,18,2,370,1,18,301,6,326,241,128,319,8,696,10,0,10,706
05/12/2014,ANC,AK,AAL,WE,Towers with Radar,245,173,36,4,458,2,17,155,0,174,247,190,191,4,632,20,0,20,652
05/13/2014,ANC,AK,AAL,WE,Towers with Radar,269,159,17,3,448,2,46,198,5,251,271,205,215,8,699,14,0,14,713
05/14/2014,ANC,AK,AAL,WE,Towers with Radar,282,174,23,3,482,0,55,206,9,270,282,229,229,12,752,6,0,6,758
05/15/2014,ANC,AK,AAL,WE,Towers with Radar,315,164,23,9,511,2,48,324,6,380,317,212,347,15,891,72,0,72,963
05/16/2014,ANC,AK,AAL,WE,Towers with Radar,287,162,31,1,481,2,52,399,2,455,289,214,430,3,936,62,0,62,998
05/17/2014,ANC,AK,AAL,WE,Towers with Radar,304,126,19,6,455,0,63,351,2,416,304,189,370,8,871,52,0,52,923
05/18/2014,ANC,AK,AAL,WE,Towers with Radar,260,103,23,4,390,0,57,238,1,296,260,160,261,5,686,6,0,6,692
05/19/2014,ANC,AK,AAL,WE,Towers with Radar,250,155,16,2,423,5,23,111,0,139,255,178,127,2,562,0,0,0,562
05/20/2014,ANC,AK,AAL,WE,Towers with Radar,264,165,27,5,461,0,68,288,4,360,264,233,315,9,821,70,0,70,891
05/21/2014,ANC,AK,AAL,WE,Towers with Radar,289,172,41,5,507,2,39,315,11,367,291,211,356,16,874,88,0,88,962
05/22/2014,ANC,AK,AAL,WE,Towers with Radar,323,189,34,8,554,0,44,221,3,268,323,233,255,11,822,42,0,42,864
05/23/2014,ANC,AK,AAL,WE,Towers with Radar,316,178,31,3,528,1,100,442,1,544,317,278,473,4,1072,58,0,58,1130
05/24/2014,ANC,AK,AAL,WE,Towers with Radar,311,146,22,4,483,1,57,255,0,313,312,203,277,4,796,29,0,29,825
05/25/2014,ANC,AK,AAL,WE,Towers with Radar,261,127,23,1,412,0,62,214,0,276,261,189,237,1,688,10,0,10,698
05/26/2014,ANC,AK,AAL,WE,Towers with Radar,234,148,12,3,397,0,127,379,5,511,234,275,391,8,908,60,0,60,968
05/27/2014,ANC,AK,AAL,WE,Towers with Radar,265,174,21,5,465,0,50,173,0,223,265,224,194,5,688,72,0,72,760
05/28/2014,ANC,AK,AAL,WE,Towers with Radar,288,194,35,2,519,0,61,179,1,241,288,255,214,3,760,24,0,24,784
05/29/2014,ANC,AK,AAL,WE,Towers with Radar,329,184,44,5,562,1,65,229,2,297,330,249,273,7,859,80,0,80,939
05/30/2014,ANC,AK,AAL,WE,Towers with Radar,297,173,33,3,506,0,44,230,1,275,297,217,263,4,781,174,0,174,955
05/31/2014,ANC,AK,AAL,WE,Towers with Radar,318,150,20,4,492,0,13,55,2,70,318,163,75,6,562,6,0,6,568
06/01/2014,ANC,AK,AAL,WE,Towers with Radar,272,139,40,6,457,0,56,129,2,187,272,195,169,8,644,44,0,44,688
06/02/2014,ANC,AK,AAL,WE,Towers with Radar,243,198,29,3,473,0,92,341,2,435,243,290,370,5,908,72,0,72,980
06/03/2014,ANC,AK,AAL,WE,Towers with Radar,257,183,31,7,478,3,118,446,3,570,260,301,477,10,1048,32,0,32,1080
06/04/2014,ANC,AK,AAL,WE,Towers with Radar,287,168,36,3,494,2,119,436,4,561,289,287,472,7,1055,44,0,44,1099
06/05/2014,ANC,AK,AAL,WE,Towers with Radar,327,202,28,10,567,2,168,440,1,611,329,370,468,11,1178,38,0,38,1216
06/06/2014,ANC,AK,AAL,WE,Towers with Radar,314,194,33,10,551,1,106,346,2,455,315,300,379,12,1006,60,0,60,1066
06/07/2014,ANC,AK,AAL,WE,Towers with Radar,327,160,38,4,529,1,79,347,0,427,328,239,385,4,956,74,0,74,1030
06/08/2014,ANC,AK,AAL,WE,Towers with Radar,288,155,29,3,475,0,85,350,6,441,288,240,379,9,916,42,0,42,958
06/09/2014,ANC,AK,AAL,WE,Towers with Radar,285,196,38,1,520,2,103,282,1,388,287,299,320,2,908,28,0,28,936
06/10/2014,ANC,AK,AAL,WE,Towers with Radar,288,227,39,4,558,0,91,170,8,269,288,318,209,12,827,18,0,18,845
06/11/2014,ANC,AK,AAL,WE,Towers with Radar,323,186,39,7,555,4,99,403,0,506,327,285,442,7,1061,54,0,54,1115
06/12/2014,ANC,AK,AAL,WE,Towers with Radar,352,214,45,10,621,1,133,355,4,493,353,347,400,14,1114,16,0,16,1130
06/13/2014,ANC,AK,AAL,WE,Towers with Radar,319,217,37,4,577,2,106,299,0,407,321,323,336,4,984,48,0,48,1032
06/14/2014,ANC,AK,AAL,WE,Towers with Radar,320,160,18,5,503,0,94,390,0,484,320,254,408,5,987,34,0,34,1021
06/15/2014,ANC,AK,AAL,WE,Towers with Radar,285,148,28,1,462,1,145,365,2,513,286,293,393,3,975,12,0,12,987
06/16/2014,ANC,AK,AAL,WE,Towers with Radar,291,199,32,0,522,0,92,282,1,375,291,291,314,1,897,14,0,14,911
06/17/2014,ANC,AK,AAL,WE,Towers with Radar,299,190,28,2,519,0,104,231,3,338,299,294,259,5,857,22,0,22,879
06/18/2014,ANC,AK,AAL,WE,Towers with Radar,327,206,30,6,569,0,117,254,1,372,327,323,284,7,941,2,0,2,943
06/19/2014,ANC,AK,AAL,WE,Towers with Radar,347,209,30,6,592,0,160,458,2,620,347,369,488,8,1212,26,0,26,1238
06/20/2014,ANC,AK,AAL,WE,Towers with Radar,335,195,36,8,574,1,162,550,1,714,336,357,586,9,1288,56,0,56,1344
06/21/2014,ANC,AK,AAL,WE,Towers with Radar,331,177,31,4,543,0,91,113,2,206,331,268,144,6,749,6,0,6,755
06/22/2014,ANC,AK,AAL,WE,Towers with Radar,315,131,29,4,479,1,154,437,2,594,316,285,466,6,1073,76,0,76,1149
06/23/2014,ANC,AK,AAL,WE,Towers with Radar,282,174,25,2,483,0,143,343,4,490,282,317,368,6,973,4,0,4,977
06/24/2014,ANC,AK,AAL,WE,Towers with Radar,283,178,38,4,503,0,138,374,2,514,283,316,412,6,1017,38,0,38,1055
06/25/2014,ANC,AK,AAL,WE,Towers with Radar,330,213,44,7,594,0,102,192,2,296,330,315,236,9,890,68,0,68,958
06/26/2014,ANC,AK,AAL,WE,Towers with Radar,352,216,41,5,614,1,76,120,0,197,353,292,161,5,811,34,0,34,845
06/27/2014,ANC,AK,AAL,WE,Towers with Radar,334,206,38,3,581,1,175,395,2,573,335,381,433,5,1154,148,0,148,1302
06/28/2014,ANC,AK,AAL,WE,Towers with Radar,347,167,20,6,540,1,169,505,0,675,348,336,525,6,1215,38,0,38,1253
06/29/2014,ANC,AK,AAL,WE,Towers with Radar,303,116,29,3,451,1,170,443,1,615,304,286,472,4,1066,76,0,76,1142
06/30/2014,ANC,AK,AAL,WE,Towers with Radar,298,176,34,7,515,0,151,377,4,532,298,327,411,11,1047,60,0,60,1107
07/01/2014,ANC,AK,AAL,WE,Towers with Radar,300,194,27,9,530,1,143,337,2,483,301,337,364,11,1013,72,0,72,1085
07/02/2014,ANC,AK,AAL,WE,Towers with Radar,332,179,39,11,561,1,197,491,4,693,333,376,530,15,1254,10,2,12,1266
07/03/2014,ANC,AK,AAL,WE,Towers with Radar,346,192,25,7,570,1,206,555,2,764,347,398,580,9,1334,23,0,23,1357
07/04/2014,ANC,AK,AAL,WE,Towers with Radar,298,104,24,0,426,0,155,399,0,554,298,259,423,0,980,18,0,18,998
07/05/2014,ANC,AK,AAL,WE,Towers with Radar,332,154,19,5,510,0,149,333,4,486,332,303,352,9,996,16,0,16,1012
07/06/2014,ANC,AK,AAL,WE,Towers with Radar,303,129,45,0,477,1,138,274,2,415,304,267,319,2,892,18,0,18,910
07/07/2014,ANC,AK,AAL,WE,Towers with Radar,279,190,35,2,506,0,136,272,0,408,279,326,307,2,914,54,0,54,968
07/08/2014,ANC,AK,AAL,WE,Towers with Radar,289,183,42,5,519,0,152,383,0,535,289,335,425,5,1054,24,0,24,1078
07/09/2014,ANC,AK,AAL,WE,Towers with Radar,328,212,50,3,593,0,142,276,1,419,328,354,326,4,1012,0,0,0,1012
07/10/2014,ANC,AK,AAL,WE,Towers with Radar,361,236,49,13,659,0,64,97,0,161,361,300,146,13,820,14,0,14,834
07/11/2014,ANC,AK,AAL,WE,Towers with Radar,343,207,54,4,608,0,138,269,0,407,343,345,323,4,1015,6,0,6,1021
07/12/2014,ANC,AK,AAL,WE,Towers with Radar,335,178,25,9,547,0,186,371,0,557,335,364,396,9,1104,34,0,34,1138
07/13/2014,ANC,AK,AAL,WE,Towers with Radar,307,155,38,8,508,9,119,326,4,458,316,274,364,12,966,30,0,30,996
07/14/2014,ANC,AK,AAL,WE,Towers with Radar,285,199,39,10,533,0,134,336,5,475,285,333,375,15,1008,42,4,46,1054
07/15/2014,ANC,AK,AAL,WE,Towers with Radar,308,195,46,10,559,0,160,336,0,496,308,355,382,10,1055,36,0,36,1091
07/16/2014,ANC,AK,AAL,WE,Towers with Radar,320,208,47,5,580,1,131,381,5,518,321,339,428,10,1098,30,0,30,1128
07/17/2014,ANC,AK,AAL,WE,Towers with Radar,345,231,59,10,645,0,145,326,0,471,345,376,385,10,1116,68,0,68,1184
07/18/2014,ANC,AK,AAL,WE,Towers with Radar,333,216,33,7,589,0,195,486,3,684,333,411,519,10,1273,46,0,46,1319
07/19/2014,ANC,AK,AAL,WE,Towers with Radar,349,187,26,5,567,0,174,335,1,510,349,361,361,6,1077,16,0,16,1093
07/20/2014,ANC,AK,AAL,WE,Towers with Radar,295,153,38,2,488,3,173,367,6,549,298,326,405,8,1037,70,0,70,1107
07/21/2014,ANC,AK,AAL,WE,Towers with Radar,281,216,48,3,548,0,221,367,2,590,281,437,415,5,1138,33,0,33,1171
07/22/2014,ANC,AK,AAL,WE,Towers with Radar,292,213,24,15,544,0,181,411,1,593,292,394,435,16,1137,64,0,64,1201
07/23/2014,ANC,AK,AAL,WE,Towers with Radar,328,212,45,13,598,1,132,310,2,445,329,344,355,15,1043,14,0,14,1057
07/24/2014,ANC,AK,AAL,WE,Towers with Radar,359,223,59,10,651,0,152,232,0,384,359,375,291,10,1035,37,0,37,1072
07/25/2014,ANC,AK,AAL,WE,Towers with Radar,338,245,54,14,651,0,99,164,1,264,338,344,218,15,915,22,0,22,937
07/26/2014,ANC,AK,AAL,WE,Towers with Radar,333,204,34,13,584,0,215,412,2,629,333,419,446,15,1213,16,0,16,1229
07/27/2014,ANC,AK,AAL,WE,Towers with Radar,301,147,23,8,479,0,171,452,4,627,301,318,475,12,1106,24,0,24,1130
07/28/2014,ANC,AK,AAL,WE,Towers with Radar,295,196,38,2,531,0,196,250,4,450,295,392,288,6,981,12,0,12,993
07/29/2014,ANC,AK,AAL,WE,Towers with Radar,301,270,79,8,658,0,119,289,0,408,301,389,368,8,1066,78,0,78,1144
07/30/2014,ANC,AK,AAL,WE,Towers with Radar,339,181,44,5,569,1,170,389,3,563,340,351,433,8,1132,18,0,18,1150
07/31/2014,ANC,AK,AAL,WE,Towers with Radar,361,191,24,6,582,0,234,442,2,678,361,425,466,8,1260,62,0,62,1322
08/01/2014,ANC,AK,AAL,WE,Towers with Radar,330,185,41,4,560,0,205,428,3,636,330,390,469,7,1196,6,0,6,1202
08/02/2014,ANC,AK,AAL,WE,Towers with Radar,350,169,31,5,555,0,192,458,1,651,350,361,489,6,1206,32,0,32,1238
08/03/2014,ANC,AK,AAL,WE,Towers with Radar,296,158,31,1,486,0,160,377,6,543,296,318,408,7,1029,35,0,35,1064
08/04/2014,ANC,AK,AAL,WE,Towers with Radar,304,195,41,4,544,0,169,155,1,325,304,364,196,5,869,50,0,50,919
08/05/2014,ANC,AK,AAL,WE,Towers with Radar,309,176,29,6,520,0,170,410,4,584,309,346,439,10,1104,50,0,50,1154
08/06/2014,ANC,AK,AAL,WE,Towers with Radar,329,187,33,6,555,0,171,350,1,522,329,358,383,7,1077,46,0,46,1123
08/07/2014,ANC,AK,AAL,WE,Towers with Radar,353,171,42,9,575,12,200,365,7,584,365,371,407,16,1159,126,0,126,1285
08/08/2014,ANC,AK,AAL,WE,Towers with Radar,340,176,44,6,566,0,157,319,1,477,340,333,363,7,1043,126,0,126,1169
08/09/2014,ANC,AK,AAL,WE,Towers with Radar,334,153,21,9,517,0,205,319,1,525,334,358,340,10,1042,8,0,8,1050
08/10/2014,ANC,AK,AAL,WE,Towers with Radar,296,138,35,2,471,1,174,382,0,557,297,312,417,2,1028,24,0,24,1052
08/11/2014,ANC,AK,AAL,WE,Towers with Radar,288,186,27,3,504,0,175,278,2,455,288,361,305,5,959,70,0,70,1029
08/12/2014,ANC,AK,AAL,WE,Towers with Radar,305,180,36,7,528,0,145,249,0,394,305,325,285,7,922,106,0,106,1028
08/13/2014,ANC,AK,AAL,WE,Towers with Radar,329,194,35,6,564,0,146,217,5,368,329,340,252,11,932,8,0,8,940
08/14/2014,ANC,AK,AAL,WE,Towers with Radar,354,191,34,10,589,0,141,271,4,416,354,332,305,14,1005,34,0,34,1039
08/15/2014,ANC,AK,AAL,WE,Towers with Radar,335,193,47,2,577,0,190,326,3,519,335,383,373,5,1096,8,0,8,1104
08/16/2014,ANC,AK,AAL,WE,Towers with Radar,331,162,34,7,534,0,129,256,0,385,331,291,290,7,919,90,0,90,1009
08/17/2014,ANC,AK,AAL,WE,Towers with Radar,293,129,34,3,459,1,156,353,17,527,294,285,387,20,986,4,0,4,990
08/18/2014,ANC,AK,AAL,WE,Towers with Radar,283,190,36,11,520,1,142,403,5,551,284,332,439,16,1071,40,0,40,1111
08/19/2014,ANC,AK,AAL,WE,Towers with Radar,279,180,38,9,506,0,154,501,2,657,279,334,539,11,1163,26,0,26,1189
08/20/2014,ANC,AK,AAL,WE,Towers with Radar,313,230,71,4,618,0,160,343,0,503,313,390,414,4,1121,56,0,56,1177
08/21/2014,ANC,AK,AAL,WE,Towers with Radar,335,221,39,6,601,0,170,385,6,561,335,391,424,12,1162,8,0,8,1170
08/22/2014,ANC,AK,AAL,WE,Towers with Radar,328,196,34,5,563,2,151,478,6,637,330,347,512,11,1200,82,0,82,1282
08/23/2014,ANC,AK,AAL,WE,Towers with Radar,335,165,90,6,596,0,101,258,2,361,335,266,348,8,957,16,0,16,973
08/24/2014,ANC,AK,AAL,WE,Towers with Radar,315,144,35,0,494,1,122,215,3,341,316,266,250,3,835,6,0,6,841
08/25/2014,ANC,AK,AAL,WE,Towers with Radar,285,217,39,3,544,1,88,146,2,237,286,305,185,5,781,12,0,12,793
08/26/2014,ANC,AK,AAL,WE,Towers with Radar,288,186,32,4,510,0,138,389,5,532,288,324,421,9,1042,13,0,13,1055
08/27/2014,ANC,AK,AAL,WE,Towers with Radar,319,209,48,7,583,0,72,162,0,234,319,281,210,7,817,50,0,50,867
08/28/2014,ANC,AK,AAL,WE,Towers with Radar,339,205,50,25,619,0,114,216,8,338,339,319,266,33,957,24,0,24,981
08/29/2014,ANC,AK,AAL,WE,Towers with Radar,330,209,55,4,598,0,196,411,2,609,330,405,466,6,1207,30,0,30,1237
08/30/2014,ANC,AK,AAL,WE,Towers with Radar,338,156,21,5,520,0,225,514,1,740,338,381,535,6,1260,46,0,46,1306
08/31/2014,ANC,AK,AAL,WE,Towers with Radar,287,132,23,2,444,0,179,453,2,634,287,311,476,4,1078,37,0,37,1115
09/01/2014,ANC,AK,AAL,WE,Towers with Radar,242,151,18,1,412,0,153,528,0,681,242,304,546,1,1093,24,0,24,1117
09/02/2014,ANC,AK,AAL,WE,Towers with Radar,273,174,27,6,480,0,156,192,3,351,273,330,219,9,831,6,0,6,837
09/03/2014,ANC,AK,AAL,WE,Towers with Radar,310,181,33,10,534,0,150,371,6,527,310,331,404,16,1061,22,0,22,1083
09/04/2014,ANC,AK,AAL,WE,Towers with Radar,314,213,34,7,568,2,69,213,0,284,316,282,247,7,852,14,0,14,866
09/05/2014,ANC,AK,AAL,WE,Towers with Radar,307,254,65,6,632,0,53,44,0,97,307,307,109,6,729,0,0,0,729
09/06/2014,ANC,AK,AAL,WE,Towers with Radar,315,160,29,5,509,2,150,414,0,566,317,310,443,5,1075,38,0,38,1113
09/07/2014,ANC,AK,AAL,WE,Towers with Radar,273,123,44,2,442,4,149,522,0,675,277,272,566,2,1117,20,0,20,1137
09/08/2014,ANC,AK,AAL,WE,Towers with Radar,247,171,28,3,449,0,150,362,3,515,247,321,390,6,964,72,0,72,1036
09/09/2014,ANC,AK,AAL,WE,Towers with Radar,267,179,49,6,501,0,82,217,0,299,267,261,266,6,800,16,0,16,816
09/10/2014,ANC,AK,AAL,WE,Towers with Radar,287,182,27,7,503,0,67,158,0,225,287,249,185,7,728,30,0,30,758
09/11/2014,ANC,AK,AAL,WE,Towers with Radar,307,163,33,10,513,0,142,434,0,576,307,305,467,10,1089,68,0,68,1157
09/12/2014,ANC,AK,AAL,WE,Towers with Radar,298,177,39,5,519,0,53,175,2,230,298,230,214,7,749,28,0,28,777
09/13/2014,ANC,AK,AAL,WE,Towers with Radar,323,160,37,4,524,0,64,184,1,249,323,224,221,5,773,16,0,16,789
09/14/2014,ANC,AK,AAL,WE,Towers with Radar,266,124,25,2,417,2,110,374,0,486,268,234,399,2,903,10,0,10,913
09/15/2014,ANC,AK,AAL,WE,Towers with Radar,258,184,33,4,479,0,65,180,0,245,258,249,213,4,724,43,0,43,767
09/16/2014,ANC,AK,AAL,WE,Towers with Radar,263,185,29,10,487,0,78,259,4,341,263,263,288,14,828,24,0,24,852
09/17/2014,ANC,AK,AAL,WE,Towers with Radar,307,200,30,6,543,0,43,256,2,301,307,243,286,8,844,24,0,24,868
09/18/2014,ANC,AK,AAL,WE,Towers with Radar,313,240,89,7,649,0,21,44,0,65,313,261,133,7,714,0,0,0,714
09/19/2014,ANC,AK,AAL,WE,Towers with Radar,302,240,75,4,621,0,14,32,0,46,302,254,107,4,667,0,0,0,667
09/20/2014,ANC,AK,AAL,WE,Towers with Radar,310,146,33,7,496,1,97,400,2,500,311,243,433,9,996,62,0,62,1058
09/21/2014,ANC,AK,AAL,WE,Towers with Radar,260,110,38,1,409,2,79,392,0,473,262,189,430,1,882,16,0,16,898
09/22/2014,ANC,AK,AAL,WE,Towers with Radar,256,152,18,2,428,1,64,360,3,428,257,216,378,5,856,6,0,6,862
09/23/2014,ANC,AK,AAL,WE,Towers with Radar,275,163,27,6,471,0,61,391,5,457,275,224,418,11,928,82,0,82,1010
09/24/2014,ANC,AK,AAL,WE,Towers with Radar,303,190,46,6,545,0,51,315,2,368,303,241,361,8,913,16,0,16,929
09/25/2014,ANC,AK,AAL,WE,Towers with Radar,323,186,31,9,549,1,66,375,1,443,324,252,406,10,992,44,0,44,1036
09/26/2014,ANC,AK,AAL,WE,Towers with Radar,295,175,41,2,513,1,82,360,1,444,296,257,401,3,957,6,0,6,963
09/27/2014,ANC,AK,AAL,WE,Towers with Radar,311,150,34,7,502,2,60,321,1,384,313,210,355,8,886,12,0,12,898
09/28/2014,ANC,AK,AAL,WE,Towers with Radar,268,148,25,2,443,1,70,403,4,478,269,218,428,6,921,23,0,23,944
09/29/2014,ANC,AK,AAL,WE,Towers with Radar,254,161,17,2,434,0,50,224,0,274,254,211,241,2,708,34,0,34,742
09/30/2014,ANC,AK,AAL,WE,Towers with Radar,283,180,37,0,500,1,51,264,0,316,284,231,301,0,816,22,0,22,838
10/01/2014,ANC,AK,AAL,WE,Towers with Radar,299,171,22,1,493,0,47,297,0,344,299,218,319,1,837,70,0,70,907
10/02/2014,ANC,AK,AAL,WE,Towers with Radar,307,170,21,6,504,0,57,259,0,316,307,227,280,6,820,28,0,28,848
10/03/2014,ANC,AK,AAL,WE,Towers with Radar,274,162,25,5,466,1,44,275,4,324,275,206,300,9,790,41,0,41,831
10/04/2014,ANC,AK,AAL,WE,Towers with Radar,249,128,21,4,402,0,24,169,0,193,249,152,190,4,595,36,0,36,631
10/05/2014,ANC,AK,AAL,WE,Towers with Radar,208,121,21,0,350,1,47,230,2,280,209,168,251,2,630,0,0,0,630
10/06/2014,ANC,AK,AAL,WE,Towers with Radar,225,151,30,3,409,0,29,249,5,283,225,180,279,8,692,24,0,24,716
10/07/2014,ANC,AK,AAL,WE,Towers with Radar,239,167,28,8,442,0,36,324,2,362,239,203,352,10,804,66,0,66,870
10/08/2014,ANC,AK,AAL,WE,Towers with Radar,285,154,24,2,465,0,50,297,7,354,285,204,321,9,819,70,6,76,895
10/09/2014,ANC,AK,AAL,WE,Towers with Radar,298,165,32,6,501,0,24,152,0,176,298,189,184,6,677,72,0,72,749
10/10/2014,ANC,AK,AAL,WE,Towers with Radar,285,179,35,7,506,0,13,110,2,125,285,192,145,9,631,22,0,22,653
10/11/2014,ANC,AK,AAL,WE,Towers with Radar,281,138,20,3,442,0,0,9,0,9,281,138,29,3,451,8,0,8,459
10/12/2014,ANC,AK,AAL,WE,Towers with Radar,258,115,37,1,411,0,11,93,0,104,258,126,130,1,515,18,0,18,533
10/13/2014,ANC,AK,AAL,WE,Towers with Radar,253,159,27,2,441,0,14,173,2,189,253,173,200,4,630,2,0,2,632
10/14/2014,ANC,AK,AAL,WE,Towers with Radar,256,177,19,6,458,0,12,232,2,246,256,189,251,8,704,36,0,36,740
10/15/2014,ANC,AK,AAL,WE,Towers with Radar,289,169,24,6,488,0,28,180,4,212,289,197,204,10,700,34,0,34,734
10/16/2014,ANC,AK,AAL,WE,Towers with Radar,295,180,25,9,509,0,15,201,3,219,295,195,226,12,728,50,0,50,778
10/17/2014,ANC,AK,AAL,WE,Towers with Radar,300,173,38,5,516,0,17,237,0,254,300,190,275,5,770,36,0,36,806
10/18/2014,ANC,AK,AAL,WE,Towers with Radar,300,122,19,6,447,0,14,262,2,278,300,136,281,8,725,182,0,182,907
10/19/2014,ANC,AK,AAL,WE,Towers with Radar,256,110,26,2,394,0,18,149,0,167,256,128,175,2,561,10,0,10,571
10/20/2014,ANC,AK,AAL,WE,Towers with Radar,248,187,27,1,463,0,4,33,0,37,248,191,60,1,500,40,0,40,540
10/21/2014,ANC,AK,AAL,WE,Towers with Radar,274,160,35,3,472,0,5,145,3,153,274,165,180,6,625,70,0,70,695
10/22/2014,ANC,AK,AAL,WE,Towers with Radar,294,166,33,6,499,0,5,162,2,169,294,171,195,8,668,40,0,40,708
10/23/2014,ANC,AK,AAL,WE,Towers with Radar,299,167,26,5,497,0,18,141,0,159,299,185,167,5,656,24,0,24,680
10/24/2014,ANC,AK,AAL,WE,Towers with Radar,302,183,25,3,513,0,12,155,2,169,302,195,180,5,682,42,0,42,724
10/25/2014,ANC,AK,AAL,WE,Towers with Radar,311,118,16,4,449,0,9,108,0,117,311,127,124,4,566,36,0,36,602
10/26/2014,ANC,AK,AAL,WE,Towers with Radar,254,109,28,0,391,0,8,136,2,146,254,117,164,2,537,76,0,76,613
10/27/2014,ANC,AK,AAL,WE,Towers with Radar,248,173,29,0,450,0,8,83,0,91,248,181,112,0,541,28,0,28,569
10/28/2014,ANC,AK,AAL,WE,Towers with Radar,280,175,20,5,480,0,10,169,4,183,280,185,189,9,663,28,0,28,691
10/29/2014,ANC,AK,AAL,WE,Towers with Radar,284,165,26,3,478,0,11,124,4,139,284,176,150,7,617,12,0,12,629
10/30/2014,ANC,AK,AAL,WE,Towers with Radar,332,157,29,3,521,1,15,165,1,182,333,172,194,4,703,14,0,14,717
10/31/2014,ANC,AK,AAL,WE,Towers with Radar,296,150,24,3,473,0,12,145,3,160,296,162,169,6,633,16,0,16,649
11/01/2014,ANC,AK,AAL,WE,Towers with Radar,314,119,24,5,462,0,9,87,0,96,314,128,111,5,558,20,0,20,578
11/02/2014,ANC,AK,AAL,WE,Towers with Radar,253,116,25,1,395,1,7,112,0,120,254,123,137,1,515,16,0,16,531
11/03/2014,ANC,AK,AAL,WE,Towers with Radar,265,160,26,2,453,0,7,103,0,110,265,167,129,2,563,0,0,0,563
11/04/2014,ANC,AK,AAL,WE,Towers with Radar,272,166,20,5,463,0,15,144,4,163,272,181,164,9,626,38,0,38,664
11/05/2014,ANC,AK,AAL,WE,Towers with Radar,285,166,31,5,487,0,8,133,6,147,285,174,164,11,634,48,0,48,682
11/06/2014,ANC,AK,AAL,WE,Towers with Radar,312,163,33,3,511,0,11,165,4,180,312,174,198,7,691,42,0,42,733
11/07/2014,ANC,AK,AAL,WE,Towers with Radar,300,183,28,7,518,0,2,93,2,97,300,185,121,9,615,80,0,80,695
11/08/2014,ANC,AK,AAL,WE,Towers with Radar,315,126,21,3,465,0,1,106,0,107,315,127,127,3,572,24,0,24,596
11/09/2014,ANC,AK,AAL,WE,Towers with Radar,252,108,23,3,386,0,4,54,0,58,252,112,77,3,444,44,0,44,488
11/10/2014,ANC,AK,AAL,WE,Towers with Radar,269,165,28,2,464,0,7,115,0,122,269,172,143,2,586,60,0,60,646
11/11/2014,ANC,AK,AAL,WE,Towers with Radar,275,145,24,3,447,0,0,85,4,89,275,145,109,7,536,44,0,44,580
11/12/2014,ANC,AK,AAL,WE,Towers with Radar,293,152,30,4,479,0,9,93,4,106,293,161,123,8,585,8,0,8,593
11/13/2014,ANC,AK,AAL,WE,Towers with Radar,306,152,37,6,501,1,15,136,2,154,307,167,173,8,655,0,0,0,655
11/14/2014,ANC,AK,AAL,WE,Towers with Radar,319,155,28,6,508,0,12,189,1,202,319,167,217,7,710,30,0,30,740
11/15/2014,ANC,AK,AAL,WE,Towers with Radar,319,109,25,4,457,0,9,133,1,143,319,118,158,5,600,21,0,21,621
11/16/2014,ANC,AK,AAL,WE,Towers with Radar,263,102,18,0,383,0,4,108,0,112,263,106,126,0,495,62,0,62,557
11/17/2014,ANC,AK,AAL,WE,Towers with Radar,262,150,33,1,446,2,2,81,4,89,264,152,114,5,535,6,0,6,541
11/18/2014,ANC,AK,AAL,WE,Towers with Radar,297,163,33,5,498,0,11,94,1,106,297,174,127,6,604,24,0,24,628
11/19/2014,ANC,AK,AAL,WE,Towers with Radar,289,164,25,7,485,0,1,65,0,66,289,165,90,7,551,34,0,34,585
11/20/2014,ANC,AK,AAL,WE,Towers with Radar,319,151,32,5,507,0,4,105,0,109,319,155,137,5,616,36,0,36,652
11/21/2014,ANC,AK,AAL,WE,Towers with Radar,314,176,38,4,532,1,32,171,4,208,315,208,209,8,740,86,0,86,826
11/22/2014,ANC,AK,AAL,WE,Towers with Radar,321,124,14,4,463,0,13,96,0,109,321,137,110,4,572,10,0,10,582
11/23/2014,ANC,AK,AAL,WE,Towers with Radar,281,110,20,1,412,0,4,108,3,115,281,114,128,4,527,32,0,32,559
11/24/2014,ANC,AK,AAL,WE,Towers with Radar,269,160,25,4,458,0,5,83,8,96,269,165,108,12,554,10,0,10,564
11/25/2014,ANC,AK,AAL,WE,Towers with Radar,296,184,27,6,513,0,2,80,4,86,296,186,107,10,599,33,0,33,632
11/26/2014,ANC,AK,AAL,WE,Towers with Radar,301,177,60,1,539,0,5,77,3,85,301,182,137,4,624,46,8,54,678
11/27/2014,ANC,AK,AAL,WE,Towers with Radar,228,36,19,0,283,0,1,25,0,26,228,37,44,0,309,0,0,0,309
11/28/2014,ANC,AK,AAL,WE,Towers with Radar,299,167,17,3,486,0,7,116,0,123,299,174,133,3,609,0,0,0,609
11/29/2014,ANC,AK,AAL,WE,Towers with Radar,302,126,7,2,437,0,0,6,0,6,302,126,13,2,443,0,0,0,443
11/30/2014,ANC,AK,AAL,WE,Towers with Radar,257,131,35,0,423,0,1,9,0,10,257,132,44,0,433,0,0,0,433
12/01/2014,ANC,AK,AAL,WE,Towers with Radar,268,159,23,1,451,0,1,13,0,14,268,160,36,1,465,0,0,0,465
12/02/2014,ANC,AK,AAL,WE,Towers with Radar,270,187,22,3,482,0,1,38,0,39,270,188,60,3,521,6,0,6,527
12/03/2014,ANC,AK,AAL,WE,Towers with Radar,281,190,30,5,506,0,16,55,0,71,281,206,85,5,577,0,0,0,577
12/04/2014,ANC,AK,AAL,WE,Towers with Radar,305,175,22,4,506,0,6,49,3,58,305,181,71,7,564,0,0,0,564
12/05/2014,ANC,AK,AAL,WE,Towers with Radar,317,187,29,3,536,1,15,109,4,129,318,202,138,7,665,34,0,34,699
12/06/2014,ANC,AK,AAL,WE,Towers with Radar,324,112,15,3,454,0,28,44,0,72,324,140,59,3,526,38,0,38,564
12/07/2014,ANC,AK,AAL,WE,Towers with Radar,251,94,19,2,366,0,0,32,1,33,251,94,51,3,399,8,0,8,407
12/08/2014,ANC,AK,AAL,WE,Towers with Radar,260,171,19,0,450,0,10,73,2,85,260,181,92,2,535,0,0,0,535
12/09/2014,ANC,AK,AAL,WE,Towers with Radar,280,169,33,5,487,1,7,93,2,103,281,176,126,7,590,16,0,16,606
12/10/2014,ANC,AK,AAL,WE,Towers with Radar,280,173,30,4,487,0,5,75,3,83,280,178,105,7,570,0,0,0,570
12/11/2014,ANC,AK,AAL,WE,Towers with Radar,285,185,32,3,505,0,0,0,0,0,285,185,32,3,505,0,0,0,505
12/12/2014,ANC,AK,AAL,WE,Towers with Radar,310,219,24,3,556,0,14,90,1,105,310,233,114,4,661,70,0,70,731
12/13/2014,ANC,AK,AAL,WE,Towers with Radar,324,128,18,4,474,0,1,86,0,87,324,129,104,4,561,10,0,10,571
12/14/2014,ANC,AK,AAL,WE,Towers with Radar,253,95,15,0,363,0,1,62,1,64,253,96,77,1,427,6,0,6,433
12/15/2014,ANC,AK,AAL,WE,Towers with Radar,245,153,12,0,410,0,3,85,0,88,245,156,97,0,498,6,0,6,504
12/16/2014,ANC,AK,AAL,WE,Towers with Radar,263,169,32,3,467,0,16,103,2,121,263,185,135,5,588,0,0,0,588
12/17/2014,ANC,AK,AAL,WE,Towers with Radar,284,198,24,4,510,2,8,46,1,57,286,206,70,5,567,0,0,0,567
12/18/2014,ANC,AK,AAL,WE,Towers with Radar,301,158,27,6,492,1,16,119,2,138,302,174,146,8,630,22,0,22,652
12/19/2014,ANC,AK,AAL,WE,Towers with Radar,308,178,38,4,528,1,15,123,3,142,309,193,161,7,670,28,0,28,698
12/20/2014,ANC,AK,AAL,WE,Towers with Radar,330,130,15,3,478,0,9,121,0,130,330,139,136,3,608,34,0,34,642
12/21/2014,ANC,AK,AAL,WE,Towers with Radar,254,109,13,1,377,0,1,16,0,17,254,110,29,1,394,0,0,0,394
12/22/2014,ANC,AK,AAL,WE,Towers with Radar,254,187,25,0,466,0,5,29,0,34,254,192,54,0,500,18,0,18,518
12/23/2014,ANC,AK,AAL,WE,Towers with Radar,235,170,24,4,433,0,0,3,3,6,235,170,27,7,439,26,0,26,465
12/24/2014,ANC,AK,AAL,WE,Towers with Radar,266,164,15,3,448,1,5,43,0,49,267,169,58,3,497,12,0,12,509
12/25/2014,ANC,AK,AAL,WE,Towers with Radar,209,36,5,0,250,0,0,4,0,4,209,36,9,0,254,0,0,0,254
12/26/2014,ANC,AK,AAL,WE,Towers with Radar,260,175,18,2,455,0,3,37,1,41,260,178,55,3,496,36,0,36,532
12/27/2014,ANC,AK,AAL,WE,Towers with Radar,262,139,34,4,439,0,5,71,2,78,262,144,105,6,517,20,0,20,537
12/28/2014,ANC,AK,AAL,WE,Towers with Radar,220,104,15,0,339,0,8,76,2,86,220,112,91,2,425,74,0,74,499
12/29/2014,ANC,AK,AAL,WE,Towers with Radar,211,143,12,0,366,0,4,59,2,65,211,147,71,2,431,0,0,0,431
12/30/2014,ANC,AK,AAL,WE,Towers with Radar,242,156,14,2,414,2,5,69,0,76,244,161,83,2,490,20,0,20,510
12/31/2014,ANC,AK,AAL,WE,Towers with Radar,245,167,15,2,429,0,4,82,2,88,245,171,97,4,517,12,0,12,529
01/01/2015,ANC,AK,AAL,WE,Towers with Radar,213,60,9,0,282,0,1,27,0,28,213,61,36,0,310,58,0,58,368
01/02/2015,ANC,AK,AAL,WE,Towers with Radar,226,181,15,2,424,1,17,129,2,149,227,198,144,4,573,70,0,70,643
01/03/2015,ANC,AK,AAL,WE,Towers with Radar,253,136,12,6,407,0,8,149,0,157,253,144,161,6,564,40,0,40,604
01/04/2015,ANC,AK,AAL,WE,Towers with Radar,204,119,13,0,336,0,2,118,4,124,204,121,131,4,460,38,0,38,498
01/05/2015,ANC,AK,AAL,WE,Towers with Radar,211,188,48,2,449,0,2,28,0,30,211,190,76,2,479,18,0,18,497
01/06/2015,ANC,AK,AAL,WE,Towers with Radar,237,165,22,5,429,0,9,95,0,104,237,174,117,5,533,0,0,0,533
01/07/2015,ANC,AK,AAL,WE,Towers with Radar,249,178,31,5,463,0,8,121,2,131,249,186,152,7,594,26,0,26,620
01/08/2015,ANC,AK,AAL,WE,Towers with Radar,284,150,19,6,459,0,0,55,4,59,284,150,74,10,518,6,0,6,524
01/09/2015,ANC,AK,AAL,WE,Towers with Radar,283,166,23,4,476,0,14,86,0,100,283,180,109,4,576,26,0,26,602
01/10/2015,ANC,AK,AAL,WE,Towers with Radar,281,132,15,4,432,0,3,185,1,189,281,135,200,5,621,26,0,26,647
01/11/2015,ANC,AK,AAL,WE,Towers with Radar,233,116,12,3,364,0,6,140,10,156,233,122,152,13,520,12,0,12,532
01/12/2015,ANC,AK,AAL,WE,Towers with Radar,214,149,18,0,381,0,9,77,0,86,214,158,95,0,467,14,0,14,481
01/13/2015,ANC,AK,AAL,WE,Towers with Radar,232,156,26,5,419,0,3,74,0,77,232,159,100,5,496,0,0,0,496
01/14/2015,ANC,AK,AAL,WE,Towers with Radar,258,165,31,4,458,0,5,102,0,107,258,170,133,4,565,8,0,8,573
01/15/2015,ANC,AK,AAL,WE,Towers with Radar,293,169,23,5,490,0,8,69,3,80,293,177,92,8,570,20,0,20,590
01/16/2015,ANC,AK,AAL,WE,Towers with Radar,285,168,24,5,482,1,3,84,0,88,286,171,108,5,570,30,0,30,600
01/17/2015,ANC,AK,AAL,WE,Towers with Radar,283,129,32,4,448,0,4,94,1,99,283,133,126,5,547,36,0,36,583
01/18/2015,ANC,AK,AAL,WE,Towers with Radar,238,123,27,3,391,0,1,44,5,50,238,124,71,8,441,10,0,10,451
01/19/2015,ANC,AK,AAL,WE,Towers with Radar,219,172,45,0,436,0,0,6,0,6,219,172,51,0,442,0,0,0,442
01/20/2015,ANC,AK,AAL,WE,Towers with Radar,237,143,39,5,424,0,10,139,2,151,237,153,178,7,575,16,0,16,591
01/21/2015,ANC,AK,AAL,WE,Towers with Radar,260,158,21,9,448,1,3,91,4,99,261,161,112,13,547,2,0,2,549
01/22/2015,ANC,AK,AAL,WE,Towers with Radar,282,146,29,3,460,0,13,36,1,50,282,159,65,4,510,6,0,6,516
01/23/2015,ANC,AK,AAL,WE,Towers with Radar,283,197,17,3,500,0,2,24,0,26,283,199,41,3,526,22,0,22,548
01/24/2015,ANC,AK,AAL,WE,Towers with Radar,293,116,21,3,433,0,5,27,0,32,293,121,48,3,465,0,0,0,465
01/25/2015,ANC,AK,AAL,WE,Towers with Radar,242,86,18,6,352,0,6,108,8,122,242,92,126,14,474,36,0,36,510
01/26/2015,ANC,AK,AAL,WE,Towers with Radar,219,151,25,0,395,1,14,62,4,81,220,165,87,4,476,10,0,10,486
01/27/2015,ANC,AK,AAL,WE,Towers with Radar,243,140,17,4,404,0,7,86,1,94,243,147,103,5,498,2,0,2,500
01/28/2015,ANC,AK,AAL,WE,Towers with Radar,275,149,8,2,434,0,11,89,2,102,275,160,97,4,536,0,0,0,536
01/29/2015,ANC,AK,AAL,WE,Towers with Radar,288,153,35,1,477,0,18,108,1,127,288,171,143,2,604,10,0,10,614
01/30/2015,ANC,AK,AAL,WE,Towers with Radar,294,163,31,2,490,0,8,146,4,158,294,171,177,6,648,24,0,24,672
01/31/2015,ANC,AK,AAL,WE,Towers with Radar,284,121,15,2,422,0,6,118,0,124,284,127,133,2,546,38,0,38,584
02/01/2015,ANC,AK,AAL,WE,Towers with Radar,235,101,22,3,361,0,0,90,2,92,235,101,112,5,453,6,0,6,459
02/02/2015,ANC,AK,AAL,WE,Towers with Radar,232,148,14,3,397,0,8,73,2,83,232,156,87,5,480,10,0,10,490
02/03/2015,ANC,AK,AAL,WE,Towers with Radar,243,161,31,6,441,0,16,103,1,120,243,177,134,7,561,28,0,28,589
02/04/2015,ANC,AK,AAL,WE,Towers with Radar,268,157,35,5,465,1,9,88,0,98,269,166,123,5,563,0,0,0,563
02/05/2015,ANC,AK,AAL,WE,Towers with Radar,302,136,22,8,468,0,11,75,1,87,302,147,97,9,555,14,0,14,569
02/06/2015,ANC,AK,AAL,WE,Towers with Radar,303,152,27,3,485,0,6,24,1,31,303,158,51,4,516,0,0,0,516
02/07/2015,ANC,AK,AAL,WE,Towers with Radar,292,106,20,3,421,0,3,29,2,34,292,109,49,5,455,4,0,4,459
02/08/2015,ANC,AK,AAL,WE,Towers with Radar,250,86,6,1,343,0,2,22,0,24,250,88,28,1,367,2,0,2,369
02/09/2015,ANC,AK,AAL,WE,Towers with Radar,252,142,23,2,419,0,11,76,2,89,252,153,99,4,508,10,0,10,518
02/10/2015,ANC,AK,AAL,WE,Towers with Radar,256,149,18,1,424,0,9,76,0,85,256,158,94,1,509,2,0,2,511
02/11/2015,ANC,AK,AAL,WE,Towers with Radar,279,151,18,4,452,0,8,114,3,125,279,159,132,7,577,14,0,14,591
02/12/2015,ANC,AK,AAL,WE,Towers with Radar,298,175,41,2,516,0,2,31,0,33,298,177,72,2,549,18,0,18,567
02/13/2015,ANC,AK,AAL,WE,Towers with Radar,318,166,33,2,519,0,13,124,3,140,318,179,157,5,659,10,0,10,669
02/14/2015,ANC,AK,AAL,WE,Towers with Radar,314,121,17,6,458,0,0,117,1,118,314,121,134,7,576,18,0,18,594
02/15/2015,ANC,AK,AAL,WE,Towers with Radar,243,92,7,1,343,0,2,107,1,110,243,94,114,2,453,0,0,0,453
02/16/2015,ANC,AK,AAL,WE,Towers with Radar,268,132,23,4,427,0,6,58,0,64,268,138,81,4,491,0,0,0,491
02/17/2015,ANC,AK,AAL,WE,Towers with Radar,271,149,18,2,440,0,14,119,0,133,271,163,137,2,573,16,0,16,589
02/18/2015,ANC,AK,AAL,WE,Towers with Radar,290,161,24,2,477,1,25,136,4,166,291,186,160,6,643,15,0,15,658
02/19/2015,ANC,AK,AAL,WE,Towers with Radar,315,156,30,1,502,0,19,170,1,190,315,175,200,2,692,10,0,10,702
02/20/2015,ANC,AK,AAL,WE,Towers with Radar,290,148,13,4,455,0,11,118,1,130,290,159,131,5,585,32,0,32,617
02/21/2015,ANC,AK,AAL,WE,Towers with Radar,268,114,10,3,395,0,1,15,0,16,268,115,25,3,411,6,0,6,417
02/22/2015,ANC,AK,AAL,WE,Towers with Radar,207,111,10,0,328,0,4,66,0,70,207,115,76,0,398,6,0,6,404
02/23/2015,ANC,AK,AAL,WE,Towers with Radar,235,165,18,1,419,0,4,60,1,65,235,169,78,2,484,10,0,10,494
02/24/2015,ANC,AK,AAL,WE,Towers with Radar,245,146,18,8,417,0,16,153,5,174,245,162,171,13,591,38,0,38,629
02/25/2015,ANC,AK,AAL,WE,Towers with Radar,246,167,19,6,438,0,20,168,4,192,246,187,187,10,630,16,0,16,646
02/26/2015,ANC,AK,AAL,WE,Towers with Radar,273,166,35,4,478,0,21,136,5,162,273,187,171,9,640,24,1,25,665
02/27/2015,ANC,AK,AAL,WE,Towers with Radar,284,164,19,4,471,0,32,187,5,224,284,196,206,9,695,24,0,24,719
02/28/2015,ANC,AK,AAL,WE,Towers with Radar,263,117,23,4,407,0,2,73,2,77,263,119,96,6,484,14,0,14,498
03/01/2015,ANC,AK,AAL,WE,Towers with Radar,230,116,29,0,375,1,1,20,0,22,231,117,49,0,397,0,0,0,397
03/02/2015,ANC,AK,AAL,WE,Towers with Radar,277,138,25,2,442,0,29,118,0,147,277,167,143,2,589,6,0,6,595
03/03/2015,ANC,AK,AAL,WE,Towers with Radar,269,135,24,7,435,0,11,94,3,108,269,146,118,10,543,20,0,20,563
03/04/2015,ANC,AK,AAL,WE,Towers with Radar,295,187,29,3,514,0,9,65,0,74,295,196,94,3,588,38,0,38,626
03/05/2015,ANC,AK,AAL,WE,Towers with Radar,298,196,29,4,527,42,0,21,0,63,340,196,50,4,590,64,0,64,654
03/06/2015,ANC,AK,AAL,WE,Towers with Radar,297,159,30,3,489,1,17,130,1,149,298,176,160,4,638,50,0,50,688
03/07/2015,ANC,AK,AAL,WE,Towers with Radar,326,112,31,4,473,0,14,37,0,51,326,126,68,4,524,0,0,0,524
03/08/2015,ANC,AK,AAL,WE,Towers with Radar,265,117,20,0,402,0,38,147,0,185,265,155,167,0,587,10,0,10,597
03/09/2015,ANC,AK,AAL,WE,Towers with Radar,303,151,23,1,478,0,21,130,3,154,303,172,153,4,632,10,0,10,642
03/10/2015,ANC,AK,AAL,WE,Towers with Radar,293,145,28,5,471,0,37,153,0,190,293,182,181,5,661,0,0,0,661
03/11/2015,ANC,AK,AAL,WE,Towers with Radar,308,169,27,3,507,1,39,163,1,204,309,208,190,4,711,8,0,8,719
03/12/2015,ANC,AK,AAL,WE,Towers with Radar,344,163,33,1,541,0,35,180,4,219,344,198,213,5,760,44,0,44,804
03/13/2015,ANC,AK,AAL,WE,Towers with Radar,313,155,22,4,494,0,39,169,5,213,313,194,191,9,707,32,0,32,739
03/14/2015,ANC,AK,AAL,WE,Towers with Radar,331,136,16,4,487,0,48,175,4,227,331,184,191,8,714,20,0,20,734
03/15/2015,ANC,AK,AAL,WE,Towers with Radar,283,111,20,3,417,0,7,43,1,51,283,118,63,4,468,4,0,4,472
03/16/2015,ANC,AK,AAL,WE,Towers with Radar,288,166,27,1,482,0,5,51,12,68,288,171,78,13,550,0,0,0,550
03/17/2015,ANC,AK,AAL,WE,Towers with Radar,277,151,40,3,471,2,38,160,2,202,279,189,200,5,673,46,0,46,719
03/18/2015,ANC,AK,AAL,WE,Towers with Radar,281,185,26,3,495,17,23,105,8,153,298,208,131,11,648,10,0,10,658
03/19/2015,ANC,AK,AAL,WE,Towers with Radar,323,162,33,3,521,0,38,157,3,198,323,200,190,6,719,18,0,18,737
03/20/2015,ANC,AK,AAL,WE,Towers with Radar,333,173,40,4,550,1,39,265,4,309,334,212,305,8,859,36,0,36,895
03/21/2015,ANC,AK,AAL,WE,Towers with Radar,315,125,25,7,472,0,26,265,3,294,315,151,290,10,766,23,0,23,789
03/22/2015,ANC,AK,AAL,WE,Towers with Radar,269,105,33,9,416,0,19,244,22,285,269,124,277,31,701,84,0,84,785
03/23/2015,ANC,AK,AAL,WE,Towers with Radar,259,155,31,2,447,0,26,212,2,240,259,181,243,4,687,46,0,46,733
03/24/2015,ANC,AK,AAL,WE,Towers with Radar,266,152,28,2,448,1,43,190,5,239,267,195,218,7,687,44,0,44,731
03/25/2015,ANC,AK,AAL,WE,Towers with Radar,277,154,29,4,464,1,25,121,6,153,278,179,150,10,617,34,0,34,651
03/26/2015,ANC,AK,AAL,WE,Towers with Radar,308,174,39,8,529,1,19,98,2,120,309,193,137,10,649,4,0,4,653
03/27/2015,ANC,AK,AAL,WE,Towers with Radar,326,185,30,4,545,1,39,157,2,199,327,224,187,6,744,38,0,38,782
03/28/2015,ANC,AK,AAL,WE,Towers with Radar,312,118,11,4,445,0,14,180,1,195,312,132,191,5,640,26,0,26,666
03/29/2015,ANC,AK,AAL,WE,Towers with Radar,280,113,33,0,426,0,15,186,1,202,280,128,219,1,628,56,0,56,684
03/30/2015,ANC,AK,AAL,WE,Towers with Radar,281,146,15,1,443,0,12,166,0,178,281,158,181,1,621,102,0,102,723
03/31/2015,ANC,AK,AAL,WE,Towers with Radar,255,145,26,6,432,0,26,146,0,172,255,171,172,6,604,56,0,56,660
04/01/2015,ANC,AK,AAL,WE,Towers with Radar,267,158,22,7,454,0,28,126,3,157,267,186,148,10,611,19,0,19,630
04/02/2015,ANC,AK,AAL,WE,Towers with Radar,305,159,27,5,496,0,14,178,2,194,305,173,205,7,690,60,0,60,750
04/03/2015,ANC,AK,AAL,WE,Towers with Radar,281,162,27,5,475,2,29,228,1,260,283,191,255,6,735,42,0,42,777
04/04/2015,ANC,AK,AAL,WE,Towers with Radar,294,125,29,4,452,0,23,265,0,288,294,148,294,4,740,16,0,16,756
04/05/2015,ANC,AK,AAL,WE,Towers with Radar,241,103,7,0,351,0,0,70,0,70,241,103,77,0,421,32,0,32,453
04/06/2015,ANC,AK,AAL,WE,Towers with Radar,238,138,18,0,394,0,7,83,0,90,238,145,101,0,484,28,0,28,512
04/07/2015,ANC,AK,AAL,WE,Towers with Radar,233,156,19,7,415,1,19,57,0,77,234,175,76,7,492,4,0,4,496
04/08/2015,ANC,AK,AAL,WE,Towers with Radar,260,206,37,2,505,0,6,16,0,22,260,212,53,2,527,0,0,0,527
04/09/2015,ANC,AK,AAL,WE,Towers with Radar,286,168,30,1,485,0,22,99,10,131,286,190,129,11,616,20,0,20,636
04/10/2015,ANC,AK,AAL,WE,Towers with Radar,290,177,27,6,500,0,16,149,2,167,290,193,176,8,667,28,0,28,695
04/11/2015,ANC,AK,AAL,WE,Towers with Radar,304,139,22,1,466,0,27,207,0,234,304,166,229,1,700,22,0,22,722
04/12/2015,ANC,AK,AAL,WE,Towers with Radar,250,129,28,0,407,0,8,45,0,53,250,137,73,0,460,12,0,12,472
04/13/2015,ANC,AK,AAL,WE,Towers with Radar,268,161,32,4,465,0,34,174,1,209,268,195,206,5,674,22,0,22,696
04/14/2015,ANC,AK,AAL,WE,Towers with Radar,260,164,33,1,458,1,22,139,3,165,261,186,172,4,623,58,0,58,681
04/15/2015,ANC,AK,AAL,WE,Towers with Radar,282,198,36,2,518,0,16,162,1,179,282,214,198,3,697,57,0,57,754
04/16/2015,ANC,AK,AAL,WE,Towers with Radar,323,201,31,4,559,0,4,41,0,45,323,205,72,4,604,20,0,20,624
04/17/2015,ANC,AK,AAL,WE,Towers with Radar,294,169,32,3,498,1,21,112,3,137,295,190,144,6,635,127,0,127,762
04/18/2015,ANC,AK,AAL,WE,Towers with Radar,301,117,17,0,435,0,11,28,0,39,301,128,45,0,474,18,0,18,492
04/19/2015,ANC,AK,AAL,WE,Towers with Radar,250,128,24,3,405,0,6,46,0,52,250,134,70,3,457,50,0,50,507
04/20/2015,ANC,AK,AAL,WE,Towers with Radar,272,173,53,1,499,0,5,20,0,25,272,178,73,1,524,32,0,32,556
04/21/2015,ANC,AK,AAL,WE,Towers with Radar,257,166,28,4,455,0,12,139,3,154,257,178,167,7,609,49,0,49,658
04/22/2015,ANC,AK,AAL,WE,Towers with Radar,275,176,34,7,492,0,42,203,4,249,275,218,237,11,741,50,0,50,791
04/23/2015,ANC,AK,AAL,WE,Towers with Radar,303,171,23,4,501,1,32,216,0,249,304,203,239,4,750,124,0,124,874
04/24/2015,ANC,AK,AAL,WE,Towers with Radar,294,177,28,0,499,0,33,194,0,227,294,210,222,0,726,52,0,52,778
04/25/2015,ANC,AK,AAL,WE,Towers with Radar,298,132,16,1,447,0,21,317,0,338,298,153,333,1,785,36,0,36,821
04/26/2015,ANC,AK,AAL,WE,Towers with Radar,249,99,22,7,377,1,6,256,2,265,250,105,278,9,642,28,0,28,670
04/27/2015,ANC,AK,AAL,WE,Towers with Radar,266,146,21,4,437,0,22,147,0,169,266,168,168,4,606,50,0,50,656
04/28/2015,ANC,AK,AAL,WE,Towers with Radar,263,173,28,2,466,0,26,185,2,213,263,199,213,4,679,34,0,34,713
04/29/2015,ANC,AK,AAL,WE,Towers with Radar,280,181,28,5,494,0,38,178,0,216,280,219,206,5,710,50,0,50,760
04/30/2015,ANC,AK,AAL,WE,Towers with Radar,315,177,32,3,527,3,37,255,2,297,318,214,287,5,824,70,0,70,894
05/01/2015,ANC,AK,AAL,WE,Towers with Radar,279,171,35,12,497,0,28,320,1,349,279,199,355,13,846,64,0,64,910
05/02/2015,ANC,AK,AAL,WE,Towers with Radar,290,135,29,4,458,0,23,329,0,352,290,158,358,4,810,36,0,36,846
05/03/2015,ANC,AK,AAL,WE,Towers with Radar,239,115,24,4,382,0,19,352,14,385,239,134,376,18,767,50,0,50,817
05/04/2015,ANC,AK,AAL,WE,Towers with Radar,219,161,35,1,416,0,45,273,2,320,219,206,308,3,736,108,0,108,844
05/05/2015,ANC,AK,AAL,WE,Towers with Radar,231,163,35,3,432,0,53,282,3,338,231,216,317,6,770,137,0,137,907
05/06/2015,ANC,AK,AAL,WE,Towers with Radar,259,184,34,3,480,0,18,243,2,263,259,202,277,5,743,6,0,6,749
05/07/2015,ANC,AK,AAL,WE,Towers with Radar,302,175,20,2,499,0,32,215,1,248,302,207,235,3,747,51,0,51,798
05/08/2015,ANC,AK,AAL,WE,Towers with Radar,285,210,51,5,551,0,16,105,0,121,285,226,156,5,672,42,0,42,714
05/09/2015,ANC,AK,AAL,WE,Towers with Radar,307,136,14,7,464,0,19,210,0,229,307,155,224,7,693,22,0,22,715
05/10/2015,ANC,AK,AAL,WE,Towers with Radar,252,108,16,2,378,0,23,194,0,217,252,131,210,2,595,42,0,42,637
05/11/2015,ANC,AK,AAL,WE,Towers with Radar,254,153,29,4,440,0,47,259,3,309,254,200,288,7,749,46,0,46,795
05/12/2015,ANC,AK,AAL,WE,Towers with Radar,263,166,30,1,460,1,55,176,5,237,264,221,206,6,697,38,0,38,735
05/13/2015,ANC,AK,AAL,WE,Towers with Radar,286,190,26,5,507,0,74,252,4,330,286,264,278,9,837,42,0,42,879
05/14/2015,ANC,AK,AAL,WE,Towers with Radar,322,176,38,9,545,0,35,231,9,275,322,211,269,18,820,48,0,48,868
05/15/2015,ANC,AK,AAL,WE,Towers with Radar,321,192,28,9,550,0,63,227,2,292,321,255,255,11,842,56,0,56,898
05/16/2015,ANC,AK,AAL,WE,Towers with Radar,336,137,27,8,508,1,40,246,0,287,337,177,273,8,795,80,0,80,875
05/17/2015,ANC,AK,AAL,WE,Towers with Radar,263,112,25,9,409,0,43,354,11,408,263,155,379,20,817,44,0,44,861
05/18/2015,ANC,AK,AAL,WE,Towers with Radar,283,151,29,2,465,0,63,350,0,413,283,214,379,2,878,44,0,44,922
05/19/2015,ANC,AK,AAL,WE,Towers with Radar,285,167,45,7,504,0,62,284,0,346,285,229,329,7,850,76,0,76,926
05/20/2015,ANC,AK,AAL,WE,Towers with Radar,304,181,42,8,535,0,54,299,2,355,304,235,341,10,890,34,0,34,924
05/21/2015,ANC,AK,AAL,WE,Towers with Radar,334,180,37,6,557,0,66,335,6,407,334,246,372,12,964,40,0,40,1004
05/22/2015,ANC,AK,AAL,WE,Towers with Radar,321,181,27,3,532,0,105,414,2,521,321,286,441,5,1053,28,0,28,1081
05/23/2015,ANC,AK,AAL,WE,Towers with Radar,331,134,21,2,488,0,47,271,0,318,331,181,292,2,806,36,0,36,842
05/24/2015,ANC,AK,AAL,WE,Towers with Radar,269,124,15,10,418,0,58,217,4,279,269,182,232,14,697,60,0,60,757
05/25/2015,ANC,AK,AAL,WE,Towers with Radar,258,133,16,5,412,0,88,362,0,450,258,221,378,5,862,0,0,0,862
05/26/2015,ANC,AK,AAL,WE,Towers with Radar,286,177,28,3,494,2,68,254,4,328,288,245,282,7,822,56,0,56,878
05/27/2015,ANC,AK,AAL,WE,Towers with Radar,317,179,19,1,516,0,81,383,0,464,317,260,402,1,980,30,0,30,1010
05/28/2015,ANC,AK,AAL,WE,Towers with Radar,355,177,45,0,577,0,83,452,0,535,355,260,497,0,1112,48,0,48,1160
05/29/2015,ANC,AK,AAL,WE,Towers with Radar,323,195,29,3,550,1,89,438,1,529,324,284,467,4,1079,26,0,26,1105
05/30/2015,ANC,AK,AAL,WE,Towers with Radar,370,142,19,5,536,2,77,418,3,500,372,219,437,8,1036,16,0,16,1052
05/31/2015,ANC,AK,AAL,WE,Towers with Radar,280,128,26,1,435,0,64,473,6,543,280,192,499,7,978,48,0,48,1026
06/01/2015,ANC,AK,AAL,WE,Towers with Radar,296,179,26,1,502,0,79,298,4,381,296,258,324,5,883,36,0,36,919
06/02/2015,ANC,AK,AAL,WE,Towers with Radar,283,240,35,0,558,0,37,97,2,136,283,277,132,2,694,14,0,14,708
06/03/2015,ANC,AK,AAL,WE,Towers with Radar,322,221,44,2,589,0,71,167,4,242,322,292,211,6,831,25,0,25,856
06/04/2015,ANC,AK,AAL,WE,Towers with Radar,364,223,41,0,628,0,126,243,5,374,364,349,284,5,1002,22,0,22,1024
06/05/2015,ANC,AK,AAL,WE,Towers with Radar,340,215,51,0,606,0,88,189,0,277,340,303,240,0,883,34,0,34,917
06/06/2015,ANC,AK,AAL,WE,Towers with Radar,348,162,30,2,542,0,99,359,2,460,348,261,389,4,1002,42,0,42,1044
06/07/2015,ANC,AK,AAL,WE,Towers with Radar,289,162,35,4,490,1,115,462,3,581,290,277,497,7,1071,54,0,54,1125
06/08/2015,ANC,AK,AAL,WE,Towers with Radar,298,196,39,3,536,0,115,243,2,360,298,311,282,5,896,52,0,52,948
06/09/2015,ANC,AK,AAL,WE,Towers with Radar,306,205,34,6,551,0,43,195,2,240,306,248,229,8,791,14,0,14,805
06/10/2015,ANC,AK,AAL,WE,Towers with Radar,338,214,36,4,592,0,100,298,5,403,338,314,334,9,995,16,0,16,1011
06/11/2015,ANC,AK,AAL,WE,Towers with Radar,358,210,38,4,610,0,119,322,3,444,358,329,360,7,1054,10,0,10,1064
06/12/2015,ANC,AK,AAL,WE,Towers with Radar,344,214,42,21,621,0,131,466,2,599,344,345,508,23,1220,33,6,39,1259
06/13/2015,ANC,AK,AAL,WE,Towers with Radar,356,174,22,5,557,0,118,458,5,581,356,292,480,10,1138,62,0,62,1200
06/14/2015,ANC,AK,AAL,WE,Towers with Radar,288,158,33,2,481,0,161,444,0,605,288,319,477,2,1086,44,0,44,1130
06/15/2015,ANC,AK,AAL,WE,Towers with Radar,300,168,22,3,493,0,149,381,1,531,300,317,403,4,1024,30,0,30,1054
06/16/2015,ANC,AK,AAL,WE,Towers with Radar,290,199,34,5,528,0,120,377,6,503,290,319,411,11,1031,12,0,12,1043
06/17/2015,ANC,AK,AAL,WE,Towers with Radar,339,188,35,4,566,4,159,397,1,561,343,347,432,5,1127,40,0,40,1167
06/18/2015,ANC,AK,AAL,WE,Towers with Radar,374,216,38,6,634,1,136,366,1,504,375,352,404,7,1138,24,0,24,1162
06/19/2015,ANC,AK,AAL,WE,Towers with Radar,352,208,57,6,623,2,142,370,2,516,354,350,427,8,1139,60,0,60,1199
06/20/2015,ANC,AK,AAL,WE,Towers with Radar,351,174,32,8,565,0,165,376,0,541,351,339,408,8,1106,24,0,24,1130
06/21/2015,ANC,AK,AAL,WE,Towers with Radar,291,158,23,10,482,1,148,352,3,504,292,306,375,13,986,12,0,12,998
06/22/2015,ANC,AK,AAL,WE,Towers with Radar,283,195,43,4,525,2,137,346,2,487,285,332,389,6,1012,46,0,46,1058
06/23/2015,ANC,AK,AAL,WE,Towers with Radar,306,187,30,8,531,0,176,377,4,557,306,363,407,12,1088,38,0,38,1126
06/24/2015,ANC,AK,AAL,WE,Towers with Radar,339,204,49,6,598,2,171,478,3,654,341,375,527,9,1252,68,8,76,1328
06/25/2015,ANC,AK,AAL,WE,Towers with Radar,376,194,31,8,609,1,156,316,3,476,377,350,347,11,1085,30,0,30,1115
06/26/2015,ANC,AK,AAL,WE,Towers with Radar,347,226,28,3,604,1,193,329,5,528,348,419,357,8,1132,6,0,6,1138
06/27/2015,ANC,AK,AAL,WE,Towers with Radar,377,157,31,8,573,10,149,349,2,510,387,306,380,10,1083,30,0,30,1113
06/28/2015,ANC,AK,AAL,WE,Towers with Radar,304,135,24,4,467,2,173,378,9,562,306,308,402,13,1029,54,0,54,1083
06/29/2015,ANC,AK,AAL,WE,Towers with Radar,308,170,43,1,522,1,206,416,2,625,309,376,459,3,1147,72,0,72,1219
06/30/2015,ANC,AK,AAL,WE,Towers with Radar,309,178,29,2,518,0,159,250,0,409,309,337,279,2,927,6,0,6,933
07/01/2015,ANC,AK,AAL,WE,Towers with Radar,336,219,45,4,604,0,177,345,0,522,336,396,390,4,1126,44,0,44,1170
07/02/2015,ANC,AK,AAL,WE,Towers with Radar,361,231,66,6,664,0,151,264,1,416,361,382,330,7,1080,36,0,36,1116
07/03/2015,ANC,AK,AAL,WE,Towers with Radar,348,209,18,4,579,0,247,466,2,715,348,456,484,6,1294,20,0,20,1314
07/04/2015,ANC,AK,AAL,WE,Towers with Radar,335,123,26,5,489,2,125,174,4,305,337,248,200,9,794,10,0,10,804
07/05/2015,ANC,AK,AAL,WE,Towers with Radar,288,119,30,1,438,0,193,461,0,654,288,312,491,1,1092,46,0,46,1138
07/06/2015,ANC,AK,AAL,WE,Towers with Radar,301,178,38,2,519,1,157,300,4,462,302,335,338,6,981,2,0,2,983
07/07/2015,ANC,AK,AAL,WE,Towers with Radar,315,196,63,5,579,0,122,269,0,391,315,318,332,5,970,30,0,30,1000
07/08/2015,ANC,AK,AAL,WE,Towers with Radar,330,221,42,3,596,0,154,213,2,369,330,375,255,5,965,66,0,66,1031
07/09/2015,ANC,AK,AAL,WE,Towers with Radar,368,219,40,3,630,1,157,306,0,464,369,376,346,3,1094,34,0,34,1128
07/10/2015,ANC,AK,AAL,WE,Towers with Radar,339,199,45,5,588,0,206,494,2,702,339,405,539,7,1290,2,0,2,1292
07/11/2015,ANC,AK,AAL,WE,Towers with Radar,353,172,33,10,568,1,193,375,0,569,354,365,408,10,1137,18,0,18,1155
07/12/2015,ANC,AK,AAL,WE,Towers with Radar,337,166,34,3,540,3,156,353,0,512,340,322,387,3,1052,80,0,80,1132
07/13/2015,ANC,AK,AAL,WE,Towers with Radar,310,195,45,4,554,0,127,225,2,354,310,322,270,6,908,14,0,14,922
07/14/2015,ANC,AK,AAL,WE,Towers with Radar,325,208,32,9,574,0,159,276,1,436,325,367,308,10,1010,16,0,16,1026
07/15/2015,ANC,AK,AAL,WE,Towers with Radar,332,198,35,4,569,1,146,319,2,468,333,344,354,6,1037,8,0,8,1045
07/16/2015,ANC,AK,AAL,WE,Towers with Radar,372,190,28,6,596,0,111,213,2,326,372,301,241,8,922,18,0,18,940
07/17/2015,ANC,AK,AAL,WE,Towers with Radar,341,211,39,3,594,1,132,170,1,304,342,343,209,4,898,0,0,0,898
07/18/2015,ANC,AK,AAL,WE,Towers with Radar,385,197,22,4,608,0,161,332,0,493,385,358,354,4,1101,14,0,14,1115
07/19/2015,ANC,AK,AAL,WE,Towers with Radar,312,172,42,4,530,0,194,546,4,744,312,366,588,8,1274,24,0,24,1298
07/20/2015,ANC,AK,AAL,WE,Towers with Radar,311,201,39,3,554,1,244,391,2,638,312,445,430,5,1192,12,0,12,1204
07/21/2015,ANC,AK,AAL,WE,Towers with Radar,302,199,45,5,551,1,189,434,4,628,303,388,479,9,1179,18,0,18,1197
07/22/2015,ANC,AK,AAL,WE,Towers with Radar,341,218,40,7,606,1,157,271,4,433,342,375,311,11,1039,26,0,26,1065
07/23/2015,ANC,AK,AAL,WE,Towers with Radar,366,241,41,4,652,1,169,362,2,534,367,410,403,6,1186,20,0,20,1206
07/24/2015,ANC,AK,AAL,WE,Towers with Radar,353,230,39,3,625,0,189,597,2,788,353,419,636,5,1413,28,0,28,1441
07/25/2015,ANC,AK,AAL,WE,Towers with Radar,354,193,30,6,583,0,189,382,0,571,354,382,412,6,1154,24,0,24,1178
07/26/2015,ANC,AK,AAL,WE,Towers with Radar,320,187,37,3,547,0,111,185,4,300,320,298,222,7,847,0,0,0,847
07/27/2015,ANC,AK,AAL,WE,Towers with Radar,321,224,28,0,573,0,174,236,2,412,321,398,264,2,985,36,0,36,1021
07/28/2015,ANC,AK,AAL,WE,Towers with Radar,311,238,45,7,601,0,151,278,6,435,311,389,323,13,1036,44,0,44,1080
07/29/2015,ANC,AK,AAL,WE,Towers with Radar,354,213,35,8,610,0,132,237,3,372,354,345,272,11,982,40,0,40,1022
07/30/2015,ANC,AK,AAL,WE,Towers with Radar,353,219,38,13,623,0,194,388,4,586,353,413,426,17,1209,34,0,34,1243
07/31/2015,ANC,AK,AAL,WE,Towers with Radar,360,212,45,4,621,0,220,556,2,778,360,432,601,6,1399,24,0,24,1423
08/01/2015,ANC,AK,AAL,WE,Towers with Radar,360,177,23,9,569,0,206,472,0,678,360,383,495,9,1247,50,0,50,1297
08/02/2015,ANC,AK,AAL,WE,Towers with Radar,299,161,50,3,513,0,202,432,4,638,299,363,482,7,1151,12,0,12,1163
08/03/2015,ANC,AK,AAL,WE,Towers with Radar,311,180,30,2,523,0,213,425,0,638,311,393,455,2,1161,20,0,20,1181
08/04/2015,ANC,AK,AAL,WE,Towers with Radar,299,188,34,9,530,2,187,339,1,529,301,375,373,10,1059,8,0,8,1067
08/05/2015,ANC,AK,AAL,WE,Towers with Radar,345,192,36,15,588,1,207,346,4,558,346,399,382,19,1146,78,0,78,1224
08/06/2015,ANC,AK,AAL,WE,Towers with Radar,376,192,40,7,615,1,204,387,1,593,377,396,427,8,1208,36,0,36,1244
08/07/2015,ANC,AK,AAL,WE,Towers with Radar,349,185,41,7,582,0,236,478,6,720,349,421,519,13,1302,20,0,20,1322
08/08/2015,ANC,AK,AAL,WE,Towers with Radar,354,189,31,7,581,3,229,414,0,646,357,418,445,7,1227,22,0,22,1249
08/09/2015,ANC,AK,AAL,WE,Towers with Radar,297,165,38,2,502,1,96,117,0,214,298,261,155,2,716,2,0,2,718
08/10/2015,ANC,AK,AAL,WE,Towers with Radar,305,174,30,4,513,0,185,248,2,435,305,359,278,6,948,26,0,26,974
08/11/2015,ANC,AK,AAL,WE,Towers with Radar,312,179,27,3,521,0,189,343,8,540,312,368,370,11,1061,8,0,8,1069
08/12/2015,ANC,AK,AAL,WE,Towers with Radar,340,204,30,8,582,1,149,407,2,559,341,353,437,10,1141,33,0,33,1174
08/13/2015,ANC,AK,AAL,WE,Towers with Radar,366,195,31,5,597,1,220,434,1,656,367,415,465,6,1253,14,0,14,1267
08/14/2015,ANC,AK,AAL,WE,Towers with Radar,337,190,30,7,564,0,213,420,8,641,337,403,450,15,1205,10,0,10,1215
08/15/2015,ANC,AK,AAL,WE,Towers with Radar,370,181,40,10,601,0,134,227,2,363,370,315,267,12,964,16,0,16,980
08/16/2015,ANC,AK,AAL,WE,Towers with Radar,312,130,40,3,485,1,122,207,1,331,313,252,247,4,816,11,0,11,827
08/17/2015,ANC,AK,AAL,WE,Towers with Radar,305,209,48,2,564,0,86,102,1,189,305,295,150,3,753,16,0,16,769
08/18/2015,ANC,AK,AAL,WE,Towers with Radar,298,183,41,7,529,0,140,269,0,409,298,323,310,7,938,0,0,0,938
08/19/2015,ANC,AK,AAL,WE,Towers with Radar,331,193,43,5,572,2,153,384,4,543,333,346,427,9,1115,78,0,78,1193
08/20/2015,ANC,AK,AAL,WE,Towers with Radar,354,176,37,6,573,2,178,426,2,608,356,354,463,8,1181,6,0,6,1187
08/21/2015,ANC,AK,AAL,WE,Towers with Radar,347,188,52,5,592,2,200,377,3,582,349,388,429,8,1174,4,0,4,1178
08/22/2015,ANC,AK,AAL,WE,Towers with Radar,362,167,22,3,554,0,166,370,0,536,362,333,392,3,1090,16,0,16,1106
08/23/2015,ANC,AK,AAL,WE,Towers with Radar,300,143,39,2,484,1,137,380,0,518,301,280,419,2,1002,12,0,12,1014
08/24/2015,ANC,AK,AAL,WE,Towers with Radar,282,182,23,7,494,1,137,356,4,498,283,319,379,11,992,6,0,6,998
08/25/2015,ANC,AK,AAL,WE,Towers with Radar,289,173,28,3,493,0,111,300,2,413,289,284,328,5,906,2,0,2,908
08/26/2015,ANC,AK,AAL,WE,Towers with Radar,324,211,31,6,572,0,75,121,2,198,324,286,152,8,770,56,0,56,826
08/27/2015,ANC,AK,AAL,WE,Towers with Radar,356,181,30,5,572,0,74,165,5,244,356,255,195,10,816,0,0,0,816
08/28/2015,ANC,AK,AAL,WE,Towers with Radar,326,186,34,5,551,1,143,283,1,428,327,329,317,6,979,44,0,44,1023
08/29/2015,ANC,AK,AAL,WE,Towers with Radar,361,188,29,8,586,2,134,376,2,514,363,322,405,10,1100,14,0,14,1114
08/30/2015,ANC,AK,AAL,WE,Towers with Radar,293,144,33,4,474,1,113,221,1,336,294,257,254,5,810,88,0,88,898
08/31/2015,ANC,AK,AAL,WE,Towers with Radar,290,177,15,2,484,1,81,111,0,193,291,258,126,2,677,0,0,0,677
09/01/2015,ANC,AK,AAL,WE,Towers with Radar,289,206,39,4,538,0,80,128,2,210,289,286,167,6,748,4,0,4,752
09/02/2015,ANC,AK,AAL,WE,Towers with Radar,306,196,34,5,541,0,133,184,12,329,306,329,218,17,870,2,0,2,872
09/03/2015,ANC,AK,AAL,WE,Towers with Radar,328,206,40,12,586,0,68,220,0,288,328,274,260,12,874,4,0,4,878
09/04/2015,ANC,AK,AAL,WE,Towers with Radar,319,244,64,6,633,0,124,205,0,329,319,368,269,6,962,73,0,73,1035
09/05/2015,ANC,AK,AAL,WE,Towers with Radar,338,184,43,5,570,2,119,254,0,375,340,303,297,5,945,16,0,16,961
09/06/2015,ANC,AK,AAL,WE,Towers with Radar,248,148,32,1,429,0,96,212,0,308,248,244,244,1,737,25,0,25,762
09/07/2015,ANC,AK,AAL,WE,Towers with Radar,256,195,61,1,513,0,100,289,1,390,256,295,350,2,903,8,0,8,911
09/08/2015,ANC,AK,AAL,WE,Towers with Radar,271,176,36,0,483,0,96,230,0,326,271,272,266,0,809,26,0,26,835
09/09/2015,ANC,AK,AAL,WE,Towers with Radar,303,199,32,9,543,2,103,224,1,330,305,302,256,10,873,10,0,10,883
09/10/2015,ANC,AK,AAL,WE,Towers with Radar,326,183,38,2,549,0,91,176,1,268,326,274,214,3,817,32,0,32,849
09/11/2015,ANC,AK,AAL,WE,Towers with Radar,318,198,40,6,562,0,105,257,4,366,318,303,297,10,928,8,0,8,936
09/12/2015,ANC,AK,AAL,WE,Towers with Radar,338,182,52,8,580,0,83,128,1,212,338,265,180,9,792,12,0,12,804
09/13/2015,ANC,AK,AAL,WE,Towers with Radar,258,132,33,3,426,0,114,356,5,475,258,246,389,8,901,6,0,6,907
09/14/2015,ANC,AK,AAL,WE,Towers with Radar,301,196,38,0,535,0,49,143,1,193,301,245,181,1,728,14,0,14,742
09/15/2015,ANC,AK,AAL,WE,Towers with Radar,274,203,52,10,539,0,10,30,1,41,274,213,82,11,580,16,0,16,596
09/16/2015,ANC,AK,AAL,WE,Towers with Radar,292,201,40,5,538,0,107,175,5,287,292,308,215,10,825,36,0,36,861
09/17/2015,ANC,AK,AAL,WE,Towers with Radar,319,232,56,12,619,0,56,94,1,151,319,288,150,13,770,5,0,5,775
09/18/2015,ANC,AK,AAL,WE,Towers with Radar,305,187,30,7,529,1,134,424,1,560,306,321,454,8,1089,36,0,36,1125
09/19/2015,ANC,AK,AAL,WE,Towers with Radar,325,145,23,9,502,1,92,361,1,455,326,237,384,10,957,42,0,42,999
09/20/2015,ANC,AK,AAL,WE,Towers with Radar,288,112,39,6,445,2,95,373,5,475,290,207,412,11,920,0,0,0,920
09/21/2015,ANC,AK,AAL,WE,Towers with Radar,268,174,35,0,477,0,79,278,0,357,268,253,313,0,834,44,0,44,878
09/22/2015,ANC,AK,AAL,WE,Towers with Radar,275,169,33,0,477,2,77,320,1,400,277,246,353,1,877,58,0,58,935
09/23/2015,ANC,AK,AAL,WE,Towers with Radar,298,184,22,6,510,4,60,402,2,468,302,244,424,8,978,12,0,12,990
09/24/2015,ANC,AK,AAL,WE,Towers with Radar,333,179,39,2,553,1,80,360,3,444,334,259,399,5,997,82,0,82,1079
09/25/2015,ANC,AK,AAL,WE,Towers with Radar,304,187,27,7,525,1,57,187,1,246,305,244,214,8,771,22,0,22,793
09/26/2015,ANC,AK,AAL,WE,Towers with Radar,323,170,74,5,572,0,4,3,0,7,323,174,77,5,579,0,0,0,579
09/27/2015,ANC,AK,AAL,WE,Towers with Radar,250,147,29,2,428,0,2,0,0,2,250,149,29,2,430,0,0,0,430
09/28/2015,ANC,AK,AAL,WE,Towers with Radar,285,191,41,4,521,0,35,45,0,80,285,226,86,4,601,2,0,2,603
09/29/2015,ANC,AK,AAL,WE,Towers with Radar,263,201,42,4,510,0,16,9,0,25,263,217,51,4,535,0,0,0,535
09/30/2015,ANC,AK,AAL,WE,Towers with Radar,283,199,51,7,540,0,62,248,0,310,283,261,299,7,850,48,0,48,898
10/01/2015,ANC,AK,AAL,WE,Towers with Radar,297,158,44,7,506,2,53,382,4,441,299,211,426,11,947,44,0,44,991
10/02/2015,ANC,AK,AAL,WE,Towers with Radar,296,211,31,4,542,0,21,100,0,121,296,232,131,4,663,5,0,5,668
10/03/2015,ANC,AK,AAL,WE,Towers with Radar,287,149,33,4,473,0,15,38,0,53,287,164,71,4,526,28,0,28,554
10/04/2015,ANC,AK,AAL,WE,Towers with Radar,225,131,27,3,386,0,30,109,0,139,225,161,136,3,525,58,0,58,583
10/05/2015,ANC,AK,AAL,WE,Towers with Radar,224,215,67,7,513,0,19,98,2,119,224,234,165,9,632,0,0,0,632
10/06/2015,ANC,AK,AAL,WE,Towers with Radar,230,179,28,5,442,1,22,116,2,141,231,201,144,7,583,6,0,6,589
10/07/2015,ANC,AK,AAL,WE,Towers with Radar,263,184,36,7,490,0,27,102,3,132,263,211,138,10,622,40,0,40,662
10/08/2015,ANC,AK,AAL,WE,Towers with Radar,290,168,31,7,496,0,36,146,5,187,290,204,177,12,683,12,10,22,705
10/09/2015,ANC,AK,AAL,WE,Towers with Radar,283,167,45,3,498,0,57,288,2,347,283,224,333,5,845,36,6,42,887
10/10/2015,ANC,AK,AAL,WE,Towers with Radar,293,144,35,1,473,0,9,102,1,112,293,153,137,2,585,64,0,64,649
10/11/2015,ANC,AK,AAL,WE,Towers with Radar,250,132,34,2,418,0,23,150,0,173,250,155,184,2,591,26,0,26,617
10/12/2015,ANC,AK,AAL,WE,Towers with Radar,270,171,29,6,476,0,27,130,0,157,270,198,159,6,633,44,0,44,677
10/13/2015,ANC,AK,AAL,WE,Towers with Radar,251,178,38,4,471,0,15,124,4,143,251,193,162,8,614,10,0,10,624
10/14/2015,ANC,AK,AAL,WE,Towers with Radar,312,168,30,4,514,4,27,163,0,194,316,195,193,4,708,0,0,0,708
10/15/2015,ANC,AK,AAL,WE,Towers with Radar,316,175,21,5,517,0,31,166,4,201,316,206,187,9,718,30,0,30,748
10/16/2015,ANC,AK,AAL,WE,Towers with Radar,293,170,24,7,494,0,22,109,1,132,293,192,133,8,626,72,0,72,698
10/17/2015,ANC,AK,AAL,WE,Towers with Radar,304,149,25,4,482,0,5,35,0,40,304,154,60,4,522,18,0,18,540
10/18/2015,ANC,AK,AAL,WE,Towers with Radar,252,133,19,4,408,0,16,56,1,73,252,149,75,5,481,0,0,0,481
10/19/2015,ANC,AK,AAL,WE,Towers with Radar,271,149,14,2,436,1,19,206,0,226,272,168,220,2,662,2,0,2,664
10/20/2015,ANC,AK,AAL,WE,Towers with Radar,285,161,27,5,478,0,10,148,2,160,285,171,175,7,638,22,0,22,660
10/21/2015,ANC,AK,AAL,WE,Towers with Radar,293,184,25,6,508,0,25,223,0,248,293,209,248,6,756,40,0,40,796
10/22/2015,ANC,AK,AAL,WE,Towers with Radar,316,173,23,5,517,0,28,204,5,237,316,201,227,10,754,52,0,52,806
10/23/2015,ANC,AK,AAL,WE,Towers with Radar,300,165,30,5,500,0,10,193,1,204,300,175,223,6,704,34,0,34,738
10/24/2015,ANC,AK,AAL,WE,Towers with Radar,328,140,29,5,502,0,0,69,4,73,328,140,98,9,575,6,0,6,581
10/25/2015,ANC,AK,AAL,WE,Towers with Radar,244,112,23,2,381,0,17,213,0,230,244,129,236,2,611,36,0,36,647
10/26/2015,ANC,AK,AAL,WE,Towers with Radar,270,143,24,1,438,0,24,142,0,166,270,167,166,1,604,22,0,22,626
10/27/2015,ANC,AK,AAL,WE,Towers with Radar,272,140,14,4,430,0,15,136,1,152,272,155,150,5,582,6,0,6,588
10/28/2015,ANC,AK,AAL,WE,Towers with Radar,293,181,28,3,505,0,6,137,2,145,293,187,165,5,650,46,0,46,696
10/29/2015,ANC,AK,AAL,WE,Towers with Radar,310,179,29,5,523,0,14,150,4,168,310,193,179,9,691,40,0,40,731
10/30/2015,ANC,AK,AAL,WE,Towers with Radar,297,200,30,6,533,0,0,2,0,2,297,200,32,6,535,0,0,0,535
10/31/2015,ANC,AK,AAL,WE,Towers with Radar,307,142,19,3,471,0,20,105,0,125,307,162,124,3,596,10,0,10,606
11/01/2015,ANC,AK,AAL,WE,Towers with Radar,231,107,35,0,373,0,8,65,0,73,231,115,100,0,446,14,0,14,460
11/02/2015,ANC,AK,AAL,WE,Towers with Radar,279,196,45,2,522,0,2,5,1,8,279,198,50,3,530,10,0,10,540
11/03/2015,ANC,AK,AAL,WE,Towers with Radar,274,179,33,2,488,0,9,46,2,57,274,188,79,4,545,0,0,0,545
11/04/2015,ANC,AK,AAL,WE,Towers with Radar,290,172,15,5,482,0,21,123,3,147,290,193,138,8,629,66,0,66,695
11/05/2015,ANC,AK,AAL,WE,Towers with Radar,314,184,29,4,531,0,4,32,0,36,314,188,61,4,567,6,0,6,573
11/06/2015,ANC,AK,AAL,WE,Towers with Radar,319,194,24,6,543,0,4,37,0,41,319,198,61,6,584,48,0,48,632
11/07/2015,ANC,AK,AAL,WE,Towers with Radar,341,134,19,0,494,0,4,164,0,168,341,138,183,0,662,26,0,26,688
11/08/2015,ANC,AK,AAL,WE,Towers with Radar,237,107,20,4,368,0,0,41,0,41,237,107,61,4,409,0,0,0,409
11/09/2015,ANC,AK,AAL,WE,Towers with Radar,279,165,30,1,475,0,1,40,0,41,279,166,70,1,516,0,0,0,516
11/10/2015,ANC,AK,AAL,WE,Towers with Radar,267,202,50,3,522,0,4,18,0,22,267,206,68,3,544,0,0,0,544
11/11/2015,ANC,AK,AAL,WE,Towers with Radar,290,158,22,4,474,0,19,64,3,86,290,177,86,7,560,8,0,8,568
11/12/2015,ANC,AK,AAL,WE,Towers with Radar,328,156,20,5,509,0,12,107,0,119,328,168,127,5,628,12,0,12,640
11/13/2015,ANC,AK,AAL,WE,Towers with Radar,307,144,26,5,482,0,15,91,4,110,307,159,117,9,592,6,0,6,598
11/14/2015,ANC,AK,AAL,WE,Towers with Radar,330,125,20,5,480,0,10,110,0,120,330,135,130,5,600,0,0,0,600
11/15/2015,ANC,AK,AAL,WE,Towers with Radar,256,109,42,1,408,1,17,61,0,79,257,126,103,1,487,6,0,6,493
11/16/2015,ANC,AK,AAL,WE,Towers with Radar,279,146,19,3,447,0,27,57,0,84,279,173,76,3,531,4,0,4,535
11/17/2015,ANC,AK,AAL,WE,Towers with Radar,287,175,29,2,493,0,39,57,0,96,287,214,86,2,589,6,0,6,595
11/18/2015,ANC,AK,AAL,WE,Towers with Radar,302,187,40,2,531,0,19,53,1,73,302,206,93,3,604,4,0,4,608
11/19/2015,ANC,AK,AAL,WE,Towers with Radar,314,143,28,3,488,0,0,2,0,2,314,143,30,3,490,0,0,0,490
11/20/2015,ANC,AK,AAL,WE,Towers with Radar,305,207,44,3,559,0,10,29,1,40,305,217,73,4,599,0,0,0,599
11/21/2015,ANC,AK,AAL,WE,Towers with Radar,340,141,16,3,500,0,6,7,0,13,340,147,23,3,513,0,0,0,513
11/22/2015,ANC,AK,AAL,WE,Towers with Radar,249,119,21,3,392,0,6,29,0,35,249,125,50,3,427,6,0,6,433
11/23/2015,ANC,AK,AAL,WE,Towers with Radar,261,164,22,1,448,0,7,14,0,21,261,171,36,1,469,0,0,0,469
11/24/2015,ANC,AK,AAL,WE,Towers with Radar,262,164,19,3,448,0,22,36,0,58,262,186,55,3,506,0,0,0,506
11/25/2015,ANC,AK,AAL,WE,Towers with Radar,302,170,19,2,493,0,24,50,2,76,302,194,69,4,569,0,0,0,569
11/26/2015,ANC,AK,AAL,WE,Towers with Radar,258,51,12,2,323,0,1,3,0,4,258,52,15,2,327,12,0,12,339
11/27/2015,ANC,AK,AAL,WE,Towers with Radar,276,159,7,7,449,0,25,25,0,50,276,184,32,7,499,33,0,33,532
11/28/2015,ANC,AK,AAL,WE,Towers with Radar,325,110,6,2,443,0,13,84,2,99,325,123,90,4,542,12,0,12,554
11/29/2015,ANC,AK,AAL,WE,Towers with Radar,236,108,21,3,368,0,15,92,3,110,236,123,113,6,478,22,0,22,500
11/30/2015,ANC,AK,AAL,WE,Towers with Radar,295,164,27,4,490,4,37,89,3,133,299,201,116,7,623,46,2,48,671
12/01/2015,ANC,AK,AAL,WE,Towers with Radar,277,154,26,2,459,0,31,94,2,127,277,185,120,4,586,16,0,16,602
12/02/2015,ANC,AK,AAL,WE,Towers with Radar,289,219,26,2,536,0,15,36,0,51,289,234,62,2,587,18,0,18,605
12/03/2015,ANC,AK,AAL,WE,Towers with Radar,313,182,21,5,521,0,17,82,1,100,313,199,103,6,621,88,0,88,709
12/04/2015,ANC,AK,AAL,WE,Towers with Radar,303,189,31,5,528,0,17,60,2,79,303,206,91,7,607,12,0,12,619
12/05/2015,ANC,AK,AAL,WE,Towers with Radar,317,148,22,5,492,0,10,78,0,88,317,158,100,5,580,14,0,14,594
12/06/2015,ANC,AK,AAL,WE,Towers with Radar,229,120,17,0,366,0,14,75,0,89,229,134,92,0,455,12,0,12,467
12/07/2015,ANC,AK,AAL,WE,Towers with Radar,269,169,31,0,469,0,25,45,2,72,269,194,76,2,541,12,0,12,553
12/08/2015,ANC,AK,AAL,WE,Towers with Radar,262,159,28,8,457,0,37,73,2,112,262,196,101,10,569,18,0,18,587
12/09/2015,ANC,AK,AAL,WE,Towers with Radar,269,176,28,6,479,0,27,81,8,116,269,203,109,14,595,0,0,0,595
12/10/2015,ANC,AK,AAL,WE,Towers with Radar,326,158,16,4,504,0,34,64,2,100,326,192,80,6,604,24,0,24,628
12/11/2015,ANC,AK,AAL,WE,Towers with Radar,294,171,31,3,499,0,25,94,0,119,294,196,125,3,618,12,0,12,630
12/12/2015,ANC,AK,AAL,WE,Towers with Radar,321,160,16,4,501,0,4,3,0,7,321,164,19,4,508,0,0,0,508
12/13/2015,ANC,AK,AAL,WE,Towers with Radar,218,90,17,0,325,0,8,72,0,80,218,98,89,0,405,6,0,6,411
12/14/2015,ANC,AK,AAL,WE,Towers with Radar,270,180,22,1,473,0,3,9,0,12,270,183,31,1,485,0,0,0,485
12/15/2015,ANC,AK,AAL,WE,Towers with Radar,260,173,31,4,468,0,7,17,0,24,260,180,48,4,492,0,0,0,492
12/16/2015,ANC,AK,AAL,WE,Towers with Radar,284,177,31,4,496,0,28,56,4,88,284,205,87,8,584,34,0,34,618
12/17/2015,ANC,AK,AAL,WE,Towers with Radar,320,178,42,5,545,0,31,72,1,104,320,209,114,6,649,18,0,18,667
12/18/2015,ANC,AK,AAL,WE,Towers with Radar,299,176,21,4,500,0,28,69,1,98,299,204,90,5,598,48,0,48,646
12/19/2015,ANC,AK,AAL,WE,Towers with Radar,326,129,23,4,482,0,12,41,0,53,326,141,64,4,535,20,0,20,555
12/20/2015,ANC,AK,AAL,WE,Towers with Radar,248,153,24,0,425,0,9,111,0,120,248,162,135,0,545,34,0,34,579
12/21/2015,ANC,AK,AAL,WE,Towers with Radar,258,170,28,3,459,0,25,50,0,75,258,195,78,3,534,0,0,0,534
12/22/2015,ANC,AK,AAL,WE,Towers with Radar,244,189,37,3,473,0,22,32,0,54,244,211,69,3,527,6,0,6,533
12/23/2015,ANC,AK,AAL,WE,Towers with Radar,278,185,31,5,499,0,32,75,0,107,278,217,106,5,606,26,0,26,632
12/24/2015,ANC,AK,AAL,WE,Towers with Radar,282,154,14,3,453,1,15,16,0,32,283,169,30,3,485,0,0,0,485
12/25/2015,ANC,AK,AAL,WE,Towers with Radar,193,34,6,1,234,0,0,15,0,15,193,34,21,1,249,50,0,50,299
12/26/2015,ANC,AK,AAL,WE,Towers with Radar,264,110,14,3,391,0,13,117,0,130,264,123,131,3,521,40,0,40,561
12/27/2015,ANC,AK,AAL,WE,Towers with Radar,196,112,15,0,323,0,16,52,0,68,196,128,67,0,391,24,0,24,415
12/28/2015,ANC,AK,AAL,WE,Towers with Radar,227,169,15,1,412,0,11,27,0,38,227,180,42,1,450,0,0,0,450
12/29/2015,ANC,AK,AAL,WE,Towers with Radar,243,169,17,6,435,0,17,35,2,54,243,186,52,8,489,0,0,0,489
12/30/2015,ANC,AK,AAL,WE,Towers with Radar,232,119,9,2,362,0,11,29,0,40,232,130,38,2,402,0,0,0,402
12/31/2015,ANC,AK,AAL,WE,Towers with Radar,287,170,15,3,475,0,20,47,0,67,287,190,62,3,542,0,0,0,542
01/01/2016,ANC,AK,AAL,WE,Towers with Radar,205,50,15,2,272,0,1,26,0,27,205,51,41,2,299,0,0,0,299
01/02/2016,ANC,AK,AAL,WE,Towers with Radar,254,141,12,4,411,0,10,24,0,34,254,151,36,4,445,6,0,6,451
01/03/2016,ANC,AK,AAL,WE,Towers with Radar,192,124,6,4,326,0,6,68,1,75,192,130,74,5,401,4,0,4,405
01/04/2016,ANC,AK,AAL,WE,Towers with Radar,209,141,17,0,367,0,13,54,1,68,209,154,71,1,435,8,0,8,443
01/05/2016,ANC,AK,AAL,WE,Towers with Radar,227,169,16,5,417,0,20,53,1,74,227,189,69,6,491,0,0,0,491
01/06/2016,ANC,AK,AAL,WE,Towers with Radar,258,166,23,5,452,0,41,147,3,191,258,207,170,8,643,34,0,34,677
01/07/2016,ANC,AK,AAL,WE,Towers with Radar,284,167,18,2,471,0,24,97,4,125,284,191,115,6,596,49,0,49,645
01/08/2016,ANC,AK,AAL,WE,Towers with Radar,279,153,27,3,462,0,29,167,2,198,279,182,194,5,660,80,0,80,740
01/09/2016,ANC,AK,AAL,WE,Towers with Radar,281,132,21,4,438,0,10,24,0,34,281,142,45,4,472,10,0,10,482
01/10/2016,ANC,AK,AAL,WE,Towers with Radar,229,122,16,2,369,0,1,44,0,45,229,123,60,2,414,24,0,24,438
01/11/2016,ANC,AK,AAL,WE,Towers with Radar,226,168,26,2,422,0,11,94,2,107,226,179,120,4,529,28,0,28,557
01/12/2016,ANC,AK,AAL,WE,Towers with Radar,232,189,23,3,447,0,1,3,0,4,232,190,26,3,451,0,0,0,451
01/13/2016,ANC,AK,AAL,WE,Towers with Radar,275,214,30,3,522,0,0,3,0,3,275,214,33,3,525,0,0,0,525
01/14/2016,ANC,AK,AAL,WE,Towers with Radar,279,188,45,3,515,0,5,17,0,22,279,193,62,3,537,0,0,0,537
01/15/2016,ANC,AK,AAL,WE,Towers with Radar,279,156,32,3,470,0,28,102,3,133,279,184,134,6,603,2,0,2,605
01/16/2016,ANC,AK,AAL,WE,Towers with Radar,298,137,28,6,469,0,5,101,1,107,298,142,129,7,576,4,0,4,580
01/17/2016,ANC,AK,AAL,WE,Towers with Radar,220,123,16,1,360,0,15,73,2,90,220,138,89,3,450,1,0,1,451
01/18/2016,ANC,AK,AAL,WE,Towers with Radar,230,148,32,1,411,0,10,129,1,140,230,158,161,2,551,17,0,17,568
01/19/2016,ANC,AK,AAL,WE,Towers with Radar,242,149,13,3,407,0,29,104,7,140,242,178,117,10,547,10,0,10,557
01/20/2016,ANC,AK,AAL,WE,Towers with Radar,263,170,25,3,461,0,14,83,2,99,263,184,108,5,560,24,0,24,584
01/21/2016,ANC,AK,AAL,WE,Towers with Radar,288,160,8,9,465,0,18,103,5,126,288,178,111,14,591,2,0,2,593
01/22/2016,ANC,AK,AAL,WE,Towers with Radar,287,169,12,6,474,0,16,106,0,122,287,185,118,6,596,26,0,26,622
01/23/2016,ANC,AK,AAL,WE,Towers with Radar,279,117,14,4,414,0,7,112,0,119,279,124,126,4,533,15,0,15,548
01/24/2016,ANC,AK,AAL,WE,Towers with Radar,219,99,19,0,337,0,20,71,0,91,219,119,90,0,428,0,0,0,428
01/25/2016,ANC,AK,AAL,WE,Towers with Radar,244,139,27,1,411,0,15,78,0,93,244,154,105,1,504,16,0,16,520
01/26/2016,ANC,AK,AAL,WE,Towers with Radar,247,161,21,5,434,0,34,83,4,121,247,195,104,9,555,8,0,8,563
01/27/2016,ANC,AK,AAL,WE,Towers with Radar,272,168,13,2,455,0,21,51,5,77,272,189,64,7,532,6,0,6,538
01/28/2016,ANC,AK,AAL,WE,Towers with Radar,299,183,32,5,519,0,7,54,0,61,299,190,86,5,580,4,0,4,584
01/29/2016,ANC,AK,AAL,WE,Towers with Radar,291,164,26,3,484,0,19,91,3,113,291,183,117,6,597,12,0,12,609
01/30/2016,ANC,AK,AAL,WE,Towers with Radar,302,134,16,3,455,0,0,2,0,2,302,134,18,3,457,0,0,0,457
01/31/2016,ANC,AK,AAL,WE,Towers with Radar,225,89,21,0,335,0,23,200,2,225,225,112,221,2,560,38,0,38,598
02/01/2016,ANC,AK,AAL,WE,Towers with Radar,262,139,21,1,423,0,29,127,2,158,262,168,148,3,581,30,0,30,611
02/02/2016,ANC,AK,AAL,WE,Towers with Radar,250,158,22,2,432,0,36,102,5,143,250,194,124,7,575,16,0,16,591
02/03/2016,ANC,AK,AAL,WE,Towers with Radar,281,144,15,6,446,0,21,71,0,92,281,165,86,6,538,52,0,52,590
02/04/2016,ANC,AK,AAL,WE,Towers with Radar,293,164,24,9,490,0,16,58,1,75,293,180,82,10,565,4,0,4,569
02/05/2016,ANC,AK,AAL,WE,Towers with Radar,295,179,19,3,496,0,8,79,0,87,295,187,98,3,583,12,0,12,595
02/06/2016,ANC,AK,AAL,WE,Towers with Radar,297,127,13,3,440,1,9,103,0,113,298,136,116,3,553,12,0,12,565
02/07/2016,ANC,AK,AAL,WE,Towers with Radar,217,96,14,0,327,0,17,79,0,96,217,113,93,0,423,2,0,2,425
02/08/2016,ANC,AK,AAL,WE,Towers with Radar,229,145,22,3,399,0,27,75,0,102,229,172,97,3,501,6,0,6,507
02/09/2016,ANC,AK,AAL,WE,Towers with Radar,220,140,19,4,383,0,28,96,2,126,220,168,115,6,509,24,0,24,533
02/10/2016,ANC,AK,AAL,WE,Towers with Radar,215,173,26,3,417,0,35,86,0,121,215,208,112,3,538,16,0,16,554
02/11/2016,ANC,AK,AAL,WE,Towers with Radar,214,171,14,5,404,0,15,106,3,124,214,186,120,8,528,0,0,0,528
02/12/2016,ANC,AK,AAL,WE,Towers with Radar,205,179,17,5,406,0,24,113,0,137,205,203,130,5,543,16,0,16,559
02/13/2016,ANC,AK,AAL,WE,Towers with Radar,212,121,9,4,346,0,10,124,2,136,212,131,133,6,482,10,0,10,492
02/14/2016,ANC,AK,AAL,WE,Towers with Radar,161,104,15,3,283,0,9,108,4,121,161,113,123,7,404,2,0,2,406
02/15/2016,ANC,AK,AAL,WE,Towers with Radar,182,123,22,0,327,0,39,142,0,181,182,162,164,0,508,12,0,12,520
02/16/2016,ANC,AK,AAL,WE,Towers with Radar,213,139,19,3,374,0,16,154,0,170,213,155,173,3,544,32,0,32,576
02/17/2016,ANC,AK,AAL,WE,Towers with Radar,222,160,27,4,413,0,17,131,0,148,222,177,158,4,561,0,0,0,561
02/18/2016,ANC,AK,AAL,WE,Towers with Radar,260,143,13,7,423,1,35,147,9,192,261,178,160,16,615,2,0,2,617
02/19/2016,ANC,AK,AAL,WE,Towers with Radar,248,163,13,3,427,0,25,147,9,181,248,188,160,12,608,4,0,4,612
02/20/2016,ANC,AK,AAL,WE,Towers with Radar,298,125,16,3,442,2,29,75,2,108,300,154,91,5,550,12,0,12,562
02/21/2016,ANC,AK,AAL,WE,Towers with Radar,215,90,10,0,315,0,3,22,0,25,215,93,32,0,340,0,0,0,340
02/22/2016,ANC,AK,AAL,WE,Towers with Radar,224,156,21,4,405,0,15,73,2,90,224,171,94,6,495,6,0,6,501
02/23/2016,ANC,AK,AAL,WE,Towers with Radar,229,156,27,4,416,0,18,66,2,86,229,174,93,6,502,6,0,6,508
02/24/2016,ANC,AK,AAL,WE,Towers with Radar,256,162,20,0,438,0,19,69,4,92,256,181,89,4,530,0,0,0,530
02/25/2016,ANC,AK,AAL,WE,Towers with Radar,289,159,22,6,476,0,22,98,1,121,289,181,120,7,597,16,0,16,613
02/26/2016,ANC,AK,AAL,WE,Towers with Radar,274,173,13,4,464,0,45,141,7,193,274,218,154,11,657,26,0,26,683
02/27/2016,ANC,AK,AAL,WE,Towers with Radar,293,117,13,4,427,0,22,135,4,161,293,139,148,8,588,26,0,26,614
02/28/2016,ANC,AK,AAL,WE,Towers with Radar,232,83,20,3,338,0,12,78,6,96,232,95,98,9,434,6,0,6,440
02/29/2016,ANC,AK,AAL,WE,Towers with Radar,226,140,25,2,393,0,42,151,5,198,226,182,176,7,591,42,0,42,633
03/01/2016,ANC,AK,AAL,WE,Towers with Radar,231,157,20,2,410,0,36,117,3,156,231,193,137,5,566,0,0,0,566
03/02/2016,ANC,AK,AAL,WE,Towers with Radar,269,152,21,3,445,0,41,198,4,243,269,193,219,7,688,48,0,48,736
03/03/2016,ANC,AK,AAL,WE,Towers with Radar,304,145,30,10,489,0,62,178,2,242,304,207,208,12,731,64,0,64,795
03/04/2016,ANC,AK,AAL,WE,Towers with Radar,265,169,27,6,467,0,31,71,1,103,265,200,98,7,570,12,0,12,582
03/05/2016,ANC,AK,AAL,WE,Towers with Radar,301,131,25,6,463,0,32,138,0,170,301,163,163,6,633,12,0,12,645
03/06/2016,ANC,AK,AAL,WE,Towers with Radar,241,107,19,2,369,0,51,237,0,288,241,158,256,2,657,14,0,14,671
03/07/2016,ANC,AK,AAL,WE,Towers with Radar,224,159,28,0,411,0,73,162,0,235,224,232,190,0,646,0,0,0,646
03/08/2016,ANC,AK,AAL,WE,Towers with Radar,248,154,32,9,443,0,61,192,1,254,248,215,224,10,697,28,0,28,725
03/09/2016,ANC,AK,AAL,WE,Towers with Radar,260,173,17,0,450,0,43,146,0,189,260,216,163,0,639,26,0,26,665
03/10/2016,ANC,AK,AAL,WE,Towers with Radar,296,168,42,3,509,0,51,136,0,187,296,219,178,3,696,2,0,2,698
03/11/2016,ANC,AK,AAL,WE,Towers with Radar,284,169,24,5,482,0,35,122,0,157,284,204,146,5,639,24,0,24,663
03/12/2016,ANC,AK,AAL,WE,Towers with Radar,310,114,30,6,460,0,31,220,0,251,310,145,250,6,711,28,0,28,739
03/13/2016,ANC,AK,AAL,WE,Towers with Radar,215,118,17,4,354,0,33,216,0,249,215,151,233,4,603,26,0,26,629
03/14/2016,ANC,AK,AAL,WE,Towers with Radar,240,156,26,4,426,0,52,193,0,245,240,208,219,4,671,14,0,14,685
03/15/2016,ANC,AK,AAL,WE,Towers with Radar,238,182,20,6,446,0,41,134,1,176,238,223,154,7,622,48,0,48,670
03/16/2016,ANC,AK,AAL,WE,Towers with Radar,288,184,11,7,490,3,38,83,0,124,291,222,94,7,614,0,0,0,614
03/17/2016,ANC,AK,AAL,WE,Towers with Radar,310,158,36,8,512,0,35,127,5,167,310,193,163,13,679,22,0,22,701
03/18/2016,ANC,AK,AAL,WE,Towers with Radar,275,184,31,8,498,0,46,148,2,196,275,230,179,10,694,11,0,11,705
03/19/2016,ANC,AK,AAL,WE,Towers with Radar,310,128,37,5,480,0,1,3,0,4,310,129,40,5,484,0,0,0,484
03/20/2016,ANC,AK,AAL,WE,Towers with Radar,240,123,29,3,395,0,23,57,0,80,240,146,86,3,475,4,0,4,479
03/21/2016,ANC,AK,AAL,WE,Towers with Radar,256,157,22,4,439,0,41,123,7,171,256,198,145,11,610,24,0,24,634
03/22/2016,ANC,AK,AAL,WE,Towers with Radar,248,157,24,8,437,0,38,108,4,150,248,195,132,12,587,28,0,28,615
03/23/2016,ANC,AK,AAL,WE,Towers with Radar,283,168,21,5,477,0,60,162,6,228,283,228,183,11,705,10,0,10,715
03/24/2016,ANC,AK,AAL,WE,Towers with Radar,305,159,30,9,503,0,48,145,0,193,305,207,175,9,696,10,0,10,706
03/25/2016,ANC,AK,AAL,WE,Towers with Radar,299,187,18,4,508,0,25,95,2,122,299,212,113,6,630,8,0,8,638
03/26/2016,ANC,AK,AAL,WE,Towers with Radar,309,127,10,6,452,0,24,77,0,101,309,151,87,6,553,10,0,10,563
03/27/2016,ANC,AK,AAL,WE,Towers with Radar,238,115,15,1,369,0,16,70,1,87,238,131,85,2,456,8,0,8,464
03/28/2016,ANC,AK,AAL,WE,Towers with Radar,205,117,16,1,339,0,7,18,1,26,205,124,34,2,365,4,0,4,369
03/29/2016,ANC,AK,AAL,WE,Towers with Radar,224,138,33,5,400,0,23,83,2,108,224,161,116,7,508,8,0,8,516
03/30/2016,ANC,AK,AAL,WE,Towers with Radar,297,190,19,7,513,0,18,42,0,60,297,208,61,7,573,0,0,0,573
03/31/2016,ANC,AK,AAL,WE,Towers with Radar,300,155,31,5,491,0,55,182,2,239,300,210,213,7,730,62,0,62,792
04/01/2016,ANC,AK,AAL,WE,Towers with Radar,305,186,38,9,538,1,32,53,2,88,306,218,91,11,626,0,0,0,626
04/02/2016,ANC,AK,AAL,WE,Towers with Radar,309,129,20,9,467,0,21,91,0,112,309,150,111,9,579,8,0,8,587
04/03/2016,ANC,AK,AAL,WE,Towers with Radar,246,102,24,0,372,0,24,256,0,280,246,126,280,0,652,38,0,38,690
04/04/2016,ANC,AK,AAL,WE,Towers with Radar,227,143,18,0,388,0,37,186,4,227,227,180,204,4,615,18,0,18,633
04/05/2016,ANC,AK,AAL,WE,Towers with Radar,245,146,25,5,421,0,43,171,6,220,245,189,196,11,641,10,0,10,651
04/06/2016,ANC,AK,AAL,WE,Towers with Radar,256,182,24,5,467,0,48,127,0,175,256,230,151,5,642,42,0,42,684
04/07/2016,ANC,AK,AAL,WE,Towers with Radar,299,154,23,6,482,0,54,186,0,240,299,208,209,6,722,72,0,72,794
04/08/2016,ANC,AK,AAL,WE,Towers with Radar,289,176,19,4,488,0,44,224,2,270,289,220,243,6,758,48,0,48,806
04/09/2016,ANC,AK,AAL,WE,Towers with Radar,285,125,22,5,437,0,13,94,3,110,285,138,116,8,547,38,0,38,585
04/10/2016,ANC,AK,AAL,WE,Towers with Radar,241,102,19,0,362,0,17,62,0,79,241,119,81,0,441,38,0,38,479
04/11/2016,ANC,AK,AAL,WE,Towers with Radar,240,147,14,0,401,0,23,178,1,202,240,170,192,1,603,34,0,34,637
04/12/2016,ANC,AK,AAL,WE,Towers with Radar,237,144,9,6,396,0,58,185,1,244,237,202,194,7,640,30,0,30,670
04/13/2016,ANC,AK,AAL,WE,Towers with Radar,284,163,23,9,479,0,36,146,1,183,284,199,169,10,662,44,0,44,706
04/14/2016,ANC,AK,AAL,WE,Towers with Radar,308,164,38,6,516,0,59,194,2,255,308,223,232,8,771,50,0,50,821
04/15/2016,ANC,AK,AAL,WE,Towers with Radar,286,166,34,5,491,0,53,230,2,285,286,219,264,7,776,70,0,70,846
04/16/2016,ANC,AK,AAL,WE,Towers with Radar,295,130,19,3,447,0,29,141,0,170,295,159,160,3,617,20,0,20,637
04/17/2016,ANC,AK,AAL,WE,Towers with Radar,242,113,20,2,377,0,27,278,1,306,242,140,298,3,683,96,0,96,779
04/18/2016,ANC,AK,AAL,WE,Towers with Radar,248,150,20,3,421,0,53,216,3,272,248,203,236,6,693,50,0,50,743
04/19/2016,ANC,AK,AAL,WE,Towers with Radar,241,156,23,6,426,0,39,148,3,190,241,195,171,9,616,20,0,20,636
04/20/2016,ANC,AK,AAL,WE,Towers with Radar,287,189,21,6,503,1,48,125,3,177,288,237,146,9,680,50,0,50,730
04/21/2016,ANC,AK,AAL,WE,Towers with Radar,296,171,24,4,495,0,84,255,4,343,296,255,279,8,838,38,0,38,876
04/22/2016,ANC,AK,AAL,WE,Towers with Radar,278,192,31,6,507,0,44,184,3,231,278,236,215,9,738,62,0,62,800
04/23/2016,ANC,AK,AAL,WE,Towers with Radar,298,146,21,4,469,0,23,223,0,246,298,169,244,4,715,26,0,26,741
04/24/2016,ANC,AK,AAL,WE,Towers with Radar,239,97,28,3,367,0,26,378,5,409,239,123,406,8,776,48,0,48,824
04/25/2016,ANC,AK,AAL,WE,Towers with Radar,237,169,29,1,436,0,36,104,0,140,237,205,133,1,576,149,0,149,725
04/26/2016,ANC,AK,AAL,WE,Towers with Radar,248,175,42,6,471,0,33,173,1,207,248,208,215,7,678,70,0,70,748
04/27/2016,ANC,AK,AAL,WE,Towers with Radar,278,172,20,5,475,0,58,209,0,267,278,230,229,5,742,38,0,38,780
04/28/2016,ANC,AK,AAL,WE,Towers with Radar,297,178,25,3,503,0,39,195,2,236,297,217,220,5,739,36,0,36,775
04/29/2016,ANC,AK,AAL,WE,Towers with Radar,287,175,27,9,498,0,53,182,2,237,287,228,209,11,735,96,0,96,831
04/30/2016,ANC,AK,AAL,WE,Towers with Radar,306,136,13,4,459,0,20,132,0,152,306,156,145,4,611,2,0,2,613
05/01/2016,ANC,AK,AAL,WE,Towers with Radar,237,109,12,2,360,0,18,244,4,266,237,127,256,6,626,44,0,44,670
05/02/2016,ANC,AK,AAL,WE,Towers with Radar,237,175,20,3,435,0,58,252,0,310,237,233,272,3,745,50,0,50,795
05/03/2016,ANC,AK,AAL,WE,Towers with Radar,217,174,34,5,430,0,42,171,2,215,217,216,205,7,645,80,0,80,725
05/04/2016,ANC,AK,AAL,WE,Towers with Radar,266,189,19,9,483,0,57,243,1,301,266,246,262,10,784,42,0,42,826
05/05/2016,ANC,AK,AAL,WE,Towers with Radar,281,167,24,2,474,0,48,205,3,256,281,215,229,5,730,36,0,36,766
05/06/2016,ANC,AK,AAL,WE,Towers with Radar,278,181,16,4,479,2,50,294,3,349,280,231,310,7,828,20,0,20,848
05/07/2016,ANC,AK,AAL,WE,Towers with Radar,316,136,19,3,474,0,44,336,0,380,316,180,355,3,854,45,0,45,899
05/08/2016,ANC,AK,AAL,WE,Towers with Radar,247,126,19,2,394,0,23,186,0,209,247,149,205,2,603,30,0,30,633
05/09/2016,ANC,AK,AAL,WE,Towers with Radar,247,174,29,4,454,0,21,133,0,154,247,195,162,4,608,42,0,42,650
05/10/2016,ANC,AK,AAL,WE,Towers with Radar,252,170,29,7,458,1,38,302,6,347,253,208,331,13,805,50,0,50,855
05/11/2016,ANC,AK,AAL,WE,Towers with Radar,293,188,27,7,515,0,40,231,3,274,293,228,258,10,789,42,0,42,831
05/12/2016,ANC,AK,AAL,WE,Towers with Radar,319,178,30,6,533,0,55,282,0,337,319,233,312,6,870,8,0,8,878
05/13/2016,ANC,AK,AAL,WE,Towers with Radar,301,174,21,4,500,0,92,433,2,527,301,266,454,6,1027,48,0,48,1075
05/14/2016,ANC,AK,AAL,WE,Towers with Radar,318,121,20,2,461,0,65,387,4,456,318,186,407,6,917,48,0,48,965
05/15/2016,ANC,AK,AAL,WE,Towers with Radar,253,86,24,2,365,0,40,392,4,436,253,126,416,6,801,12,0,12,813
05/16/2016,ANC,AK,AAL,WE,Towers with Radar,263,146,26,3,438,0,53,225,0,278,263,199,251,3,716,15,0,15,731
05/17/2016,ANC,AK,AAL,WE,Towers with Radar,265,168,31,6,470,2,59,215,4,280,267,227,246,10,750,22,0,22,772
05/18/2016,ANC,AK,AAL,WE,Towers with Radar,305,180,27,4,516,0,47,213,2,262,305,227,240,6,778,39,0,39,817
05/19/2016,ANC,AK,AAL,WE,Towers with Radar,329,178,37,4,548,2,80,262,3,347,331,258,299,7,895,66,0,66,961
05/20/2016,ANC,AK,AAL,WE,Towers with Radar,310,189,26,5,530,0,47,132,1,180,310,236,158,6,710,32,0,32,742
05/21/2016,ANC,AK,AAL,WE,Towers with Radar,328,147,25,7,507,0,24,64,1,89,328,171,89,8,596,24,0,24,620
05/22/2016,ANC,AK,AAL,WE,Towers with Radar,266,118,14,1,399,0,78,362,4,444,266,196,376,5,843,22,0,22,865
05/23/2016,ANC,AK,AAL,WE,Towers with Radar,262,161,24,3,450,0,71,301,4,376,262,232,325,7,826,38,0,38,864
05/24/2016,ANC,AK,AAL,WE,Towers with Radar,275,177,27,2,481,0,74,357,9,440,275,251,384,11,921,42,0,42,963
05/25/2016,ANC,AK,AAL,WE,Towers with Radar,299,185,30,5,519,0,85,330,8,423,299,270,360,13,942,54,0,54,996
05/26/2016,ANC,AK,AAL,WE,Towers with Radar,343,189,24,9,565,0,81,406,4,491,343,270,430,13,1056,72,0,72,1128
05/27/2016,ANC,AK,AAL,WE,Towers with Radar,309,197,33,4,543,0,109,488,3,600,309,306,521,7,1143,18,0,18,1161
05/28/2016,ANC,AK,AAL,WE,Towers with Radar,338,152,13,3,506,0,103,368,6,477,338,255,381,9,983,18,0,18,1001
05/29/2016,ANC,AK,AAL,WE,Towers with Radar,247,100,14,2,363,0,91,361,3,455,247,191,375,5,818,6,0,6,824
05/30/2016,ANC,AK,AAL,WE,Towers with Radar,246,123,30,0,399,0,108,316,0,424,246,231,346,0,823,44,0,44,867
05/31/2016,ANC,AK,AAL,WE,Towers with Radar,274,174,38,2,488,0,79,299,0,378,274,253,337,2,866,18,0,18,884
06/01/2016,ANC,AK,AAL,WE,Towers with Radar,302,193,26,5,526,0,143,388,0,531,302,336,414,5,1057,44,0,44,1101
06/02/2016,ANC,AK,AAL,WE,Towers with Radar,336,190,33,7,566,0,133,263,4,400,336,323,296,11,966,12,0,12,978
06/03/2016,ANC,AK,AAL,WE,Towers with Radar,323,208,32,7,570,0,143,408,2,553,323,351,440,9,1123,6,0,6,1129
06/04/2016,ANC,AK,AAL,WE,Towers with Radar,350,156,30,2,538,0,63,238,0,301,350,219,268,2,839,24,0,24,863
06/05/2016,ANC,AK,AAL,WE,Towers with Radar,287,131,27,2,447,0,118,297,1,416,287,249,324,3,863,12,0,12,875
06/06/2016,ANC,AK,AAL,WE,Towers with Radar,300,206,48,3,557,0,46,72,2,120,300,252,120,5,677,0,0,0,677
06/07/2016,ANC,AK,AAL,WE,Towers with Radar,298,196,32,4,530,0,91,406,2,499,298,287,438,6,1029,36,0,36,1065
06/08/2016,ANC,AK,AAL,WE,Towers with Radar,323,200,34,4,561,2,165,451,0,618,325,365,485,4,1179,16,0,16,1195
06/09/2016,ANC,AK,AAL,WE,Towers with Radar,367,196,31,5,599,0,147,427,2,576,367,343,458,7,1175,72,0,72,1247
06/10/2016,ANC,AK,AAL,WE,Towers with Radar,328,207,38,10,583,2,160,411,4,577,330,367,449,14,1160,26,0,26,1186
06/11/2016,ANC,AK,AAL,WE,Towers with Radar,353,179,28,7,567,0,108,223,1,332,353,287,251,8,899,22,0,22,921
06/12/2016,ANC,AK,AAL,WE,Towers with Radar,274,133,30,2,439,2,137,358,4,501,276,270,388,6,940,8,0,8,948
06/13/2016,ANC,AK,AAL,WE,Towers with Radar,280,178,25,2,485,0,201,377,2,580,280,379,402,4,1065,10,0,10,1075
06/14/2016,ANC,AK,AAL,WE,Towers with Radar,311,193,27,5,536,0,153,387,3,543,311,346,414,8,1079,52,0,52,1131
06/15/2016,ANC,AK,AAL,WE,Towers with Radar,339,193,37,5,574,0,194,400,2,596,339,387,437,7,1170,50,0,50,1220
06/16/2016,ANC,AK,AAL,WE,Towers with Radar,366,194,29,7,596,0,169,381,3,553,366,363,410,10,1149,66,0,66,1215
06/17/2016,ANC,AK,AAL,WE,Towers with Radar,357,218,44,4,623,0,195,371,2,568,357,413,415,6,1191,16,0,16,1207
06/18/2016,ANC,AK,AAL,WE,Towers with Radar,360,166,23,2,551,0,116,239,0,355,360,282,262,2,906,6,0,6,912
06/19/2016,ANC,AK,AAL,WE,Towers with Radar,299,150,26,6,481,0,109,110,0,219,299,259,136,6,700,44,0,44,744
06/20/2016,ANC,AK,AAL,WE,Towers with Radar,306,201,43,8,558,1,155,332,0,488,307,356,375,8,1046,15,0,15,1061
06/21/2016,ANC,AK,AAL,WE,Towers with Radar,313,198,35,6,552,2,205,410,3,620,315,403,445,9,1172,30,0,30,1202
06/22/2016,ANC,AK,AAL,WE,Towers with Radar,341,203,37,6,587,0,200,393,2,595,341,403,430,8,1182,44,0,44,1226
06/23/2016,ANC,AK,AAL,WE,Towers with Radar,385,208,32,6,631,0,192,377,2,571,385,400,409,8,1202,18,0,18,1220
06/24/2016,ANC,AK,AAL,WE,Towers with Radar,352,223,52,8,635,0,193,262,1,456,352,416,314,9,1091,30,0,30,1121
06/25/2016,ANC,AK,AAL,WE,Towers with Radar,381,178,37,5,601,0,184,371,2,557,381,362,408,7,1158,22,0,22,1180
06/26/2016,ANC,AK,AAL,WE,Towers with Radar,302,152,16,4,474,0,163,326,1,490,302,315,342,5,964,8,0,8,972
06/27/2016,ANC,AK,AAL,WE,Towers with Radar,328,189,45,5,567,1,188,292,2,483,329,377,337,7,1050,16,0,16,1066
06/28/2016,ANC,AK,AAL,WE,Towers with Radar,319,194,34,8,555,0,170,308,2,480,319,364,342,10,1035,40,0,40,1075
06/29/2016,ANC,AK,AAL,WE,Towers with Radar,382,206,47,8,643,0,151,358,0,509,382,357,405,8,1152,12,0,12,1164
06/30/2016,ANC,AK,AAL,WE,Towers with Radar,376,219,39,14,648,5,147,392,1,545,381,366,431,15,1193,40,0,40,1233
07/01/2016,ANC,AK,AAL,WE,Towers with Radar,350,234,63,5,652,0,161,247,1,409,350,395,310,6,1061,24,0,24,1085
07/02/2016,ANC,AK,AAL,WE,Towers with Radar,377,176,29,6,588,0,160,296,2,458,377,336,325,8,1046,26,0,26,1072
07/03/2016,ANC,AK,AAL,WE,Towers with Radar,306,129,32,7,474,1,117,223,0,341,307,246,255,7,815,0,0,0,815
07/04/2016,ANC,AK,AAL,WE,Towers with Radar,260,99,16,3,378,0,153,338,2,493,260,252,354,5,871,10,0,10,881
07/05/2016,ANC,AK,AAL,WE,Towers with Radar,301,254,83,7,645,0,82,97,0,179,301,336,180,7,824,14,0,14,838
07/06/2016,ANC,AK,AAL,WE,Towers with Radar,337,266,63,10,676,0,126,121,0,247,337,392,184,10,923,26,0,26,949
07/07/2016,ANC,AK,AAL,WE,Towers with Radar,377,221,31,8,637,0,208,384,3,595,377,429,415,11,1232,28,0,28,1260
07/08/2016,ANC,AK,AAL,WE,Towers with Radar,339,201,41,3,584,0,244,584,4,832,339,445,625,7,1416,27,0,27,1443
07/09/2016,ANC,AK,AAL,WE,Towers with Radar,370,168,32,13,583,0,158,395,0,553,370,326,427,13,1136,8,0,8,1144
07/10/2016,ANC,AK,AAL,WE,Towers with Radar,311,134,28,6,479,0,186,433,3,622,311,320,461,9,1101,12,0,12,1113
07/11/2016,ANC,AK,AAL,WE,Towers with Radar,324,182,37,6,549,0,166,294,2,462,324,348,331,8,1011,12,0,12,1023
07/12/2016,ANC,AK,AAL,WE,Towers with Radar,312,205,34,11,562,0,184,435,4,623,312,389,469,15,1185,6,34,40,1225
07/13/2016,ANC,AK,AAL,WE,Towers with Radar,347,203,30,17,597,0,213,402,1,616,347,416,432,18,1213,28,0,28,1241
07/14/2016,ANC,AK,AAL,WE,Towers with Radar,375,197,37,3,612,0,194,413,12,619,375,391,450,15,1231,68,0,68,1299
07/15/2016,ANC,AK,AAL,WE,Towers with Radar,355,202,36,5,598,0,232,493,6,731,355,434,529,11,1329,22,0,22,1351
07/16/2016,ANC,AK,AAL,WE,Towers with Radar,380,169,20,4,573,0,201,421,0,622,380,370,441,4,1195,80,0,80,1275
07/17/2016,ANC,AK,AAL,WE,Towers with Radar,314,154,32,3,503,0,230,505,1,736,314,384,537,4,1239,110,0,110,1349
07/18/2016,ANC,AK,AAL,WE,Towers with Radar,312,196,33,6,547,1,202,414,0,617,313,398,447,6,1164,10,0,10,1174
07/19/2016,ANC,AK,AAL,WE,Towers with Radar,314,205,52,8,579,0,194,421,0,615,314,399,473,8,1194,14,0,14,1208
07/20/2016,ANC,AK,AAL,WE,Towers with Radar,347,226,31,12,616,0,202,452,2,656,347,428,483,14,1272,12,0,12,1284
07/21/2016,ANC,AK,AAL,WE,Towers with Radar,352,232,37,10,631,0,176,165,0,341,352,408,202,10,972,14,0,14,986
07/22/2016,ANC,AK,AAL,WE,Towers with Radar,347,246,51,8,652,0,158,148,0,306,347,404,199,8,958,14,0,14,972
07/23/2016,ANC,AK,AAL,WE,Towers with Radar,373,192,42,5,612,0,205,407,0,612,373,397,449,5,1224,26,0,26,1250
07/24/2016,ANC,AK,AAL,WE,Towers with Radar,303,199,48,3,553,0,145,140,0,285,303,344,188,3,838,2,0,2,840
07/25/2016,ANC,AK,AAL,WE,Towers with Radar,305,244,47,3,599,0,170,151,0,321,305,414,198,3,920,36,0,36,956
07/26/2016,ANC,AK,AAL,WE,Towers with Radar,318,214,28,11,571,0,180,315,0,495,318,394,343,11,1066,16,0,16,1082
07/27/2016,ANC,AK,AAL,WE,Towers with Radar,355,238,50,4,647,1,187,284,3,475,356,425,334,7,1122,40,0,40,1162
07/28/2016,ANC,AK,AAL,WE,Towers with Radar,367,216,26,7,616,0,212,267,1,480,367,428,293,8,1096,6,0,6,1102
07/29/2016,ANC,AK,AAL,WE,Towers with Radar,347,210,39,7,603,1,182,283,0,466,348,392,322,7,1069,10,0,10,1079
07/30/2016,ANC,AK,AAL,WE,Towers with Radar,358,171,32,6,567,0,196,263,4,463,358,367,295,10,1030,6,0,6,1036
07/31/2016,ANC,AK,AAL,WE,Towers with Radar,308,164,39,6,517,0,187,336,1,524,308,351,375,7,1041,24,0,24,1065
08/01/2016,ANC,AK,AAL,WE,Towers with Radar,322,204,41,4,571,1,135,236,0,372,323,339,277,4,943,34,0,34,977
08/02/2016,ANC,AK,AAL,WE,Towers with Radar,293,218,42,8,561,1,159,210,1,371,294,377,252,9,932,40,0,40,972
08/03/2016,ANC,AK,AAL,WE,Towers with Radar,361,190,44,10,605,0,180,542,2,724,361,370,586,12,1329,34,0,34,1363
08/04/2016,ANC,AK,AAL,WE,Towers with Radar,388,218,42,9,657,0,69,78,0,147,388,287,120,9,804,14,0,14,818
08/05/2016,ANC,AK,AAL,WE,Towers with Radar,354,235,48,8,645,0,126,199,0,325,354,361,247,8,970,68,0,68,1038
08/06/2016,ANC,AK,AAL,WE,Towers with Radar,365,173,43,5,586,1,121,185,2,309,366,294,228,7,895,12,0,12,907
08/07/2016,ANC,AK,AAL,WE,Towers with Radar,313,157,65,5,540,0,147,141,1,289,313,304,206,6,829,2,0,2,831
08/08/2016,ANC,AK,AAL,WE,Towers with Radar,293,216,76,9,594,0,102,134,0,236,293,318,210,9,830,20,0,20,850
08/09/2016,ANC,AK,AAL,WE,Towers with Radar,308,197,55,11,571,0,157,288,2,447,308,354,343,13,1018,10,0,10,1028
08/10/2016,ANC,AK,AAL,WE,Towers with Radar,345,213,39,9,606,0,196,361,0,557,345,409,400,9,1163,20,0,20,1183
08/11/2016,ANC,AK,AAL,WE,Towers with Radar,376,220,43,7,646,0,147,198,4,349,376,367,241,11,995,42,0,42,1037
08/12/2016,ANC,AK,AAL,WE,Towers with Radar,343,224,49,6,622,0,184,252,0,436,343,408,301,6,1058,8,0,8,1066
08/13/2016,ANC,AK,AAL,WE,Towers with Radar,372,166,35,7,580,0,210,322,3,535,372,376,357,10,1115,28,0,28,1143
08/14/2016,ANC,AK,AAL,WE,Towers with Radar,295,138,31,3,467,0,224,293,4,521,295,362,324,7,988,8,0,8,996
08/15/2016,ANC,AK,AAL,WE,Towers with Radar,319,171,38,4,532,0,195,377,4,576,319,366,415,8,1108,44,0,44,1152
08/16/2016,ANC,AK,AAL,WE,Towers with Radar,295,180,35,7,517,0,192,415,2,609,295,372,450,9,1126,4,6,10,1136
08/17/2016,ANC,AK,AAL,WE,Towers with Radar,339,207,40,9,595,0,178,305,2,485,339,385,345,11,1080,16,0,16,1096
08/18/2016,ANC,AK,AAL,WE,Towers with Radar,362,182,36,8,588,0,206,362,2,570,362,388,398,10,1158,32,0,32,1190
08/19/2016,ANC,AK,AAL,WE,Towers with Radar,331,202,40,9,582,0,171,378,2,551,331,373,418,11,1133,4,0,4,1137
08/20/2016,ANC,AK,AAL,WE,Towers with Radar,369,165,24,13,571,1,170,370,0,541,370,335,394,13,1112,6,0,6,1118
08/21/2016,ANC,AK,AAL,WE,Towers with Radar,299,131,40,5,475,0,139,150,2,291,299,270,190,7,766,0,0,0,766
08/22/2016,ANC,AK,AAL,WE,Towers with Radar,304,179,30,10,523,0,122,82,0,204,304,301,112,10,727,0,0,0,727
08/23/2016,ANC,AK,AAL,WE,Towers with Radar,308,171,36,5,520,0,108,180,2,290,308,279,216,7,810,10,0,10,820
08/24/2016,ANC,AK,AAL,WE,Towers with Radar,359,186,37,15,597,0,108,156,3,267,359,294,193,18,864,2,0,2,866
08/25/2016,ANC,AK,AAL,WE,Towers with Radar,354,221,51,9,635,0,84,108,0,192,354,305,159,9,827,2,0,2,829
08/26/2016,ANC,AK,AAL,WE,Towers with Radar,337,212,51,17,617,0,160,353,6,519,337,372,404,23,1136,23,0,23,1159
08/27/2016,ANC,AK,AAL,WE,Towers with Radar,353,162,33,6,554,3,153,461,2,619,356,315,494,8,1173,26,2,28,1201
08/28/2016,ANC,AK,AAL,WE,Towers with Radar,283,109,33,5,430,2,151,452,2,607,285,260,485,7,1037,30,0,30,1067
08/29/2016,ANC,AK,AAL,WE,Towers with Radar,295,166,29,3,493,2,187,358,8,555,297,353,387,11,1048,50,0,50,1098
08/30/2016,ANC,AK,AAL,WE,Towers with Radar,298,178,39,12,527,2,174,322,6,504,300,352,361,18,1031,16,0,16,1047
08/31/2016,ANC,AK,AAL,WE,Towers with Radar,313,170,42,19,544,0,212,462,4,678,313,382,504,23,1222,8,0,8,1230
09/01/2016,ANC,AK,AAL,WE,Towers with Radar,343,175,23,10,551,2,156,416,7,581,345,331,439,17,1132,6,0,6,1138
09/02/2016,ANC,AK,AAL,WE,Towers with Radar,331,169,34,15,549,0,202,447,1,650,331,371,481,16,1199,48,0,48,1247
09/03/2016,ANC,AK,AAL,WE,Towers with Radar,343,138,32,4,517,1,165,392,2,560,344,303,424,6,1077,0,0,0,1077
09/04/2016,ANC,AK,AAL,WE,Towers with Radar,284,117,31,0,432,0,110,179,0,289,284,227,210,0,721,6,0,6,727
09/05/2016,ANC,AK,AAL,WE,Towers with Radar,262,157,38,1,458,0,44,127,0,171,262,201,165,1,629,0,0,0,629
09/06/2016,ANC,AK,AAL,WE,Towers with Radar,279,214,42,0,535,0,114,146,0,260,279,328,188,0,795,94,0,94,889
09/07/2016,ANC,AK,AAL,WE,Towers with Radar,314,198,35,13,560,0,100,288,1,389,314,298,323,14,949,58,0,58,1007
09/08/2016,ANC,AK,AAL,WE,Towers with Radar,331,194,52,17,594,2,140,266,4,412,333,334,318,21,1006,6,0,6,1012
09/09/2016,ANC,AK,AAL,WE,Towers with Radar,309,199,31,19,558,2,141,335,3,481,311,340,366,22,1039,24,0,24,1063
09/10/2016,ANC,AK,AAL,WE,Towers with Radar,323,132,20,11,486,1,155,520,1,677,324,287,540,12,1163,22,0,22,1185
09/11/2016,ANC,AK,AAL,WE,Towers with Radar,270,113,31,3,417,0,33,80,0,113,270,146,111,3,530,0,0,0,530
09/12/2016,ANC,AK,AAL,WE,Towers with Radar,269,176,23,4,472,0,72,106,1,179,269,248,129,5,651,20,0,20,671
09/13/2016,ANC,AK,AAL,WE,Towers with Radar,270,172,30,6,478,0,119,297,3,419,270,291,327,9,897,16,0,16,913
09/14/2016,ANC,AK,AAL,WE,Towers with Radar,292,180,30,6,508,0,110,279,2,391,292,290,309,8,899,16,0,16,915
09/15/2016,ANC,AK,AAL,WE,Towers with Radar,315,190,38,6,549,0,115,173,0,288,315,305,211,6,837,6,0,6,843
09/16/2016,ANC,AK,AAL,WE,Towers with Radar,278,178,39,9,504,0,74,237,0,311,278,252,276,9,815,22,0,22,837
09/17/2016,ANC,AK,AAL,WE,Towers with Radar,304,151,25,7,487,1,108,291,0,400,305,259,316,7,887,12,0,12,899
09/18/2016,ANC,AK,AAL,WE,Towers with Radar,248,116,27,6,397,0,107,326,1,434,248,223,353,7,831,30,0,30,861
09/19/2016,ANC,AK,AAL,WE,Towers with Radar,249,159,33,7,448,0,117,362,3,482,249,276,395,10,930,54,0,54,984
09/20/2016,ANC,AK,AAL,WE,Towers with Radar,263,175,24,14,476,0,39,61,5,105,263,214,85,19,581,16,0,16,597
09/21/2016,ANC,AK,AAL,WE,Towers with Radar,308,176,26,6,516,0,57,76,2,135,308,233,102,8,651,44,0,44,695
09/22/2016,ANC,AK,AAL,WE,Towers with Radar,327,178,40,9,554,0,28,21,0,49,327,206,61,9,603,6,0,6,609
09/23/2016,ANC,AK,AAL,WE,Towers with Radar,314,180,36,13,543,0,103,310,1,414,314,283,346,14,957,10,0,10,967
09/24/2016,ANC,AK,AAL,WE,Towers with Radar,323,141,28,10,502,0,77,246,2,325,323,218,274,12,827,29,0,29,856
09/25/2016,ANC,AK,AAL,WE,Towers with Radar,261,120,27,3,411,0,67,207,2,276,261,187,234,5,687,10,0,10,697
09/26/2016,ANC,AK,AAL,WE,Towers with Radar,265,167,38,11,481,0,78,270,1,349,265,245,308,12,830,12,0,12,842
09/27/2016,ANC,AK,AAL,WE,Towers with Radar,272,171,24,6,473,1,62,301,2,366,273,233,325,8,839,90,0,90,929
09/28/2016,ANC,AK,AAL,WE,Towers with Radar,289,160,26,8,483,1,66,300,0,367,290,226,326,8,850,58,0,58,908
09/29/2016,ANC,AK,AAL,WE,Towers with Radar,328,162,47,4,541,0,66,228,0,294,328,228,275,4,835,24,0,24,859
09/30/2016,ANC,AK,AAL,WE,Towers with Radar,311,168,34,4,517,1,103,390,2,496,312,271,424,6,1013,40,0,40,1053
10/01/2016,ANC,AK,AAL,WE,Towers with Radar,314,129,26,6,475,1,53,263,2,319,315,182,289,8,794,4,0,4,798
10/02/2016,ANC,AK,AAL,WE,Towers with Radar,245,97,28,1,371,0,62,205,2,269,245,159,233,3,640,10,0,10,650
10/03/2016,ANC,AK,AAL,WE,Towers with Radar,269,151,25,5,450,0,59,166,1,226,269,210,191,6,676,37,0,37,713
10/04/2016,ANC,AK,AAL,WE,Towers with Radar,255,188,25,13,481,0,56,209,0,265,255,244,234,13,746,26,0,26,772
10/05/2016,ANC,AK,AAL,WE,Towers with Radar,269,178,38,4,489,0,73,260,0,333,269,251,298,4,822,28,0,28,850
10/06/2016,ANC,AK,AAL,WE,Towers with Radar,278,154,22,6,460,0,96,281,0,377,278,250,303,6,837,16,0,16,853
10/07/2016,ANC,AK,AAL,WE,Towers with Radar,275,162,21,3,461,0,90,310,1,401,275,252,331,4,862,30,0,30,892
10/08/2016,ANC,AK,AAL,WE,Towers with Radar,293,129,20,5,447,0,28,288,3,319,293,157,308,8,766,4,0,4,770
10/09/2016,ANC,AK,AAL,WE,Towers with Radar,223,101,10,3,337,0,43,268,3,314,223,144,278,6,651,34,0,34,685
10/10/2016,ANC,AK,AAL,WE,Towers with Radar,240,152,24,0,416,2,66,194,0,262,242,218,218,0,678,37,0,37,715
10/11/2016,ANC,AK,AAL,WE,Towers with Radar,264,141,24,3,432,0,67,179,1,247,264,208,203,4,679,38,0,38,717
10/12/2016,ANC,AK,AAL,WE,Towers with Radar,291,162,29,5,487,0,76,208,0,284,291,238,237,5,771,24,0,24,795
10/13/2016,ANC,AK,AAL,WE,Towers with Radar,305,177,50,6,538,2,47,244,0,293,307,224,294,6,831,58,0,58,889
10/14/2016,ANC,AK,AAL,WE,Towers with Radar,290,155,23,6,474,2,68,248,2,320,292,223,271,8,794,14,0,14,808
10/15/2016,ANC,AK,AAL,WE,Towers with Radar,297,135,17,3,452,0,50,238,1,289,297,185,255,4,741,67,0,67,808
10/16/2016,ANC,AK,AAL,WE,Towers with Radar,261,129,27,1,418,0,27,87,0,114,261,156,114,1,532,2,0,2,534
10/17/2016,ANC,AK,AAL,WE,Towers with Radar,252,163,25,0,440,1,15,43,4,63,253,178,68,4,503,8,0,8,511
10/18/2016,ANC,AK,AAL,WE,Towers with Radar,269,158,27,6,460,0,48,106,1,155,269,206,133,7,615,28,0,28,643
10/19/2016,ANC,AK,AAL,WE,Towers with Radar,301,185,33,3,522,0,35,104,0,139,301,220,137,3,661,27,0,27,688
10/20/2016,ANC,AK,AAL,WE,Towers with Radar,314,167,23,7,511,0,20,123,4,147,314,187,146,11,658,60,0,60,718
10/21/2016,ANC,AK,AAL,WE,Towers with Radar,287,166,23,5,481,0,8,52,2,62,287,174,75,7,543,0,0,0,543
10/22/2016,ANC,AK,AAL,WE,Towers with Radar,314,131,23,5,473,0,15,99,2,116,314,146,122,7,589,10,0,10,599
10/23/2016,ANC,AK,AAL,WE,Towers with Radar,264,108,15,2,389,0,13,159,0,172,264,121,174,2,561,20,0,20,581
10/24/2016,ANC,AK,AAL,WE,Towers with Radar,257,152,16,3,428,0,38,118,1,157,257,190,134,4,585,0,0,0,585
10/25/2016,ANC,AK,AAL,WE,Towers with Radar,250,151,21,2,424,4,20,119,0,143,254,171,140,2,567,14,0,14,581
10/26/2016,ANC,AK,AAL,WE,Towers with Radar,290,168,29,8,495,0,29,123,0,152,290,197,152,8,647,12,0,12,659
10/27/2016,ANC,AK,AAL,WE,Towers with Radar,306,154,17,6,483,0,31,144,0,175,306,185,161,6,658,8,0,8,666
10/28/2016,ANC,AK,AAL,WE,Towers with Radar,298,169,23,5,495,0,29,82,0,111,298,198,105,5,606,0,0,0,606
10/29/2016,ANC,AK,AAL,WE,Towers with Radar,320,142,33,6,501,0,11,43,0,54,320,153,76,6,555,0,0,0,555
10/30/2016,ANC,AK,AAL,WE,Towers with Radar,277,103,22,1,403,0,7,52,0,59,277,110,74,1,462,36,0,36,498
10/31/2016,ANC,AK,AAL,WE,Towers with Radar,279,168,22,0,469,0,18,70,0,88,279,186,92,0,557,28,0,28,585
11/01/2016,ANC,AK,AAL,WE,Towers with Radar,276,164,22,3,465,0,28,78,0,106,276,192,100,3,571,38,0,38,609
11/02/2016,ANC,AK,AAL,WE,Towers with Radar,289,172,22,5,488,0,29,93,0,122,289,201,115,5,610,20,0,20,630
11/03/2016,ANC,AK,AAL,WE,Towers with Radar,305,157,32,3,497,0,30,123,0,153,305,187,155,3,650,12,0,12,662
11/04/2016,ANC,AK,AAL,WE,Towers with Radar,318,166,23,4,511,2,36,138,0,176,320,202,161,4,687,6,0,6,693
11/05/2016,ANC,AK,AAL,WE,Towers with Radar,306,117,19,5,447,0,10,56,0,66,306,127,75,5,513,8,0,8,521
11/06/2016,ANC,AK,AAL,WE,Towers with Radar,269,109,27,1,406,0,8,97,1,106,269,117,124,2,512,10,0,10,522
11/07/2016,ANC,AK,AAL,WE,Towers with Radar,279,205,29,2,515,0,15,18,0,33,279,220,47,2,548,24,0,24,572
11/08/2016,ANC,AK,AAL,WE,Towers with Radar,288,162,22,1,473,0,25,74,1,100,288,187,96,2,573,14,0,14,587
11/09/2016,ANC,AK,AAL,WE,Towers with Radar,321,168,18,4,511,0,19,75,0,94,321,187,93,4,605,0,0,0,605
11/10/2016,ANC,AK,AAL,WE,Towers with Radar,343,165,22,7,537,2,19,40,0,61,345,184,62,7,598,10,0,10,608
11/11/2016,ANC,AK,AAL,WE,Towers with Radar,306,189,25,4,524,0,28,103,0,131,306,217,128,4,655,20,0,20,675
11/12/2016,ANC,AK,AAL,WE,Towers with Radar,318,128,21,3,470,0,8,78,0,86,318,136,99,3,556,30,0,30,586
11/13/2016,ANC,AK,AAL,WE,Towers with Radar,266,86,21,3,376,0,18,105,4,127,266,104,126,7,503,34,0,34,537
11/14/2016,ANC,AK,AAL,WE,Towers with Radar,285,175,22,4,486,0,32,78,0,110,285,207,100,4,596,28,0,28,624
11/15/2016,ANC,AK,AAL,WE,Towers with Radar,292,181,26,4,503,0,25,99,0,124,292,206,125,4,627,14,0,14,641
11/16/2016,ANC,AK,AAL,WE,Towers with Radar,287,173,28,6,494,0,51,82,2,135,287,224,110,8,629,0,0,0,629
11/17/2016,ANC,AK,AAL,WE,Towers with Radar,321,189,36,6,552,0,15,75,2,92,321,204,111,8,644,8,0,8,652
11/18/2016,ANC,AK,AAL,WE,Towers with Radar,326,164,31,3,524,0,34,76,0,110,326,198,107,3,634,36,0,36,670
11/19/2016,ANC,AK,AAL,WE,Towers with Radar,319,127,23,2,471,0,17,94,0,111,319,144,117,2,582,18,0,18,600
11/20/2016,ANC,AK,AAL,WE,Towers with Radar,251,97,23,2,373,0,14,69,1,84,251,111,92,3,457,20,0,20,477
11/21/2016,ANC,AK,AAL,WE,Towers with Radar,299,141,18,1,459,0,23,65,0,88,299,164,83,1,547,21,0,21,568
11/22/2016,ANC,AK,AAL,WE,Towers with Radar,281,158,29,1,469,0,17,109,2,128,281,175,138,3,597,18,0,18,615
11/23/2016,ANC,AK,AAL,WE,Towers with Radar,289,177,22,5,493,0,25,153,0,178,289,202,175,5,671,26,0,26,697
11/24/2016,ANC,AK,AAL,WE,Towers with Radar,264,37,9,2,312,0,3,61,0,64,264,40,70,2,376,6,0,6,382
11/25/2016,ANC,AK,AAL,WE,Towers with Radar,279,171,10,4,464,0,7,54,0,61,279,178,64,4,525,4,0,4,529
11/26/2016,ANC,AK,AAL,WE,Towers with Radar,311,90,16,6,423,0,9,69,4,82,311,99,85,10,505,40,0,40,545
11/27/2016,ANC,AK,AAL,WE,Towers with Radar,257,117,24,1,399,0,9,48,0,57,257,126,72,1,456,10,0,10,466
11/28/2016,ANC,AK,AAL,WE,Towers with Radar,277,146,31,0,454,0,27,84,2,113,277,173,115,2,567,6,0,6,573
11/29/2016,ANC,AK,AAL,WE,Towers with Radar,295,156,34,1,486,4,27,90,2,123,299,183,124,3,609,8,0,8,617
11/30/2016,ANC,AK,AAL,WE,Towers with Radar,285,164,26,10,485,0,24,61,4,89,285,188,87,14,574,5,0,5,579
12/01/2016,ANC,AK,AAL,WE,Towers with Radar,307,181,31,5,524,0,6,11,1,18,307,187,42,6,542,4,0,4,546
12/02/2016,ANC,AK,AAL,WE,Towers with Radar,290,172,28,3,493,0,7,46,2,55,290,179,74,5,548,2,0,2,550
12/03/2016,ANC,AK,AAL,WE,Towers with Radar,309,109,16,2,436,0,15,18,0,33,309,124,34,2,469,0,0,0,469
12/04/2016,ANC,AK,AAL,WE,Towers with Radar,229,111,16,4,360,0,11,51,0,62,229,122,67,4,422,0,0,0,422
12/05/2016,ANC,AK,AAL,WE,Towers with Radar,260,168,25,4,457,0,22,39,1,62,260,190,64,5,519,0,0,0,519
12/06/2016,ANC,AK,AAL,WE,Towers with Radar,271,168,22,0,461,0,32,57,0,89,271,200,79,0,550,0,0,0,550
12/07/2016,ANC,AK,AAL,WE,Towers with Radar,288,184,31,5,508,0,24,50,2,76,288,208,81,7,584,0,0,0,584
12/08/2016,ANC,AK,AAL,WE,Towers with Radar,308,171,13,3,495,0,25,65,1,91,308,196,78,4,586,0,0,0,586
12/09/2016,ANC,AK,AAL,WE,Towers with Radar,298,179,33,7,517,0,25,58,0,83,298,204,91,7,600,6,0,6,606
12/10/2016,ANC,AK,AAL,WE,Towers with Radar,307,120,13,1,441,0,13,83,3,99,307,133,96,4,540,4,0,4,544
12/11/2016,ANC,AK,AAL,WE,Towers with Radar,212,103,27,0,342,0,5,41,1,47,212,108,68,1,389,0,0,0,389
12/12/2016,ANC,AK,AAL,WE,Towers with Radar,250,159,27,1,437,0,0,0,0,0,250,159,27,1,437,0,0,0,437
12/13/2016,ANC,AK,AAL,WE,Towers with Radar,279,193,27,2,501,0,17,27,0,44,279,210,54,2,545,0,0,0,545
12/14/2016,ANC,AK,AAL,WE,Towers with Radar,264,177,21,8,470,0,41,130,0,171,264,218,151,8,641,10,0,10,651
12/15/2016,ANC,AK,AAL,WE,Towers with Radar,307,173,37,2,519,1,24,47,4,76,308,197,84,6,595,18,0,18,613
12/16/2016,ANC,AK,AAL,WE,Towers with Radar,303,164,46,3,516,0,8,22,4,34,303,172,68,7,550,18,0,18,568
12/17/2016,ANC,AK,AAL,WE,Towers with Radar,321,124,11,4,460,0,4,8,2,14,321,128,19,6,474,12,0,12,486
12/18/2016,ANC,AK,AAL,WE,Towers with Radar,245,111,12,0,368,0,14,47,0,61,245,125,59,0,429,0,0,0,429
12/19/2016,ANC,AK,AAL,WE,Towers with Radar,261,193,22,3,479,0,5,16,0,21,261,198,38,3,500,4,0,4,504
12/20/2016,ANC,AK,AAL,WE,Towers with Radar,269,173,23,3,468,0,2,4,0,6,269,175,27,3,474,0,0,0,474
12/21/2016,ANC,AK,AAL,WE,Towers with Radar,288,194,36,5,523,0,7,27,0,34,288,201,63,5,557,0,0,0,557
12/22/2016,ANC,AK,AAL,WE,Towers with Radar,322,177,19,3,521,0,38,105,2,145,322,215,124,5,666,2,0,2,668
12/23/2016,ANC,AK,AAL,WE,Towers with Radar,278,163,15,3,459,0,0,0,0,0,278,163,15,3,459,0,0,0,459
12/24/2016,ANC,AK,AAL,WE,Towers with Radar,270,114,20,2,406,1,0,40,0,41,271,114,60,2,447,6,0,6,453
12/25/2016,ANC,AK,AAL,WE,Towers with Radar,190,12,6,0,208,0,0,8,0,8,190,12,14,0,216,0,0,0,216
12/26/2016,ANC,AK,AAL,WE,Towers with Radar,217,134,9,0,360,0,8,88,0,96,217,142,97,0,456,15,0,15,471
12/27/2016,ANC,AK,AAL,WE,Towers with Radar,251,197,15,5,468,0,9,25,0,34,251,206,40,5,502,58,0,58,560
12/28/2016,ANC,AK,AAL,WE,Towers with Radar,282,183,24,9,498,0,7,11,0,18,282,190,35,9,516,0,0,0,516
12/29/2016,ANC,AK,AAL,WE,Towers with Radar,262,136,12,3,413,0,26,78,0,104,262,162,90,3,517,30,0,30,547
12/30/2016,ANC,AK,AAL,WE,Towers with Radar,278,166,37,5,486,0,4,23,0,27,278,170,60,5,513,2,0,2,515
12/31/2016,ANC,AK,AAL,WE,Towers with Radar,269,112,14,4,399,0,13,80,0,93,269,125,94,4,492,0,0,0,492
01/01/2017,ANC,AK,AAL,WE,Towers with Radar,190,49,13,2,254,0,4,59,0,63,190,53,72,2,317,16,0,16,333
01/02/2017,ANC,AK,AAL,WE,Towers with Radar,198,167,34,3,402,0,0,3,2,5,198,167,37,5,407,0,0,0,407
01/03/2017,ANC,AK,AAL,WE,Towers with Radar,219,152,23,0,394,0,1,3,0,4,219,153,26,0,398,0,0,0,398
01/04/2017,ANC,AK,AAL,WE,Towers with Radar,254,216,44,3,517,0,5,26,0,31,254,221,70,3,548,0,0,0,548
01/05/2017,ANC,AK,AAL,WE,Towers with Radar,292,160,18,3,473,0,22,68,2,92,292,182,86,5,565,42,0,42,607
01/06/2017,ANC,AK,AAL,WE,Towers with Radar,294,170,19,5,488,0,17,89,0,106,294,187,108,5,594,4,0,4,598
01/07/2017,ANC,AK,AAL,WE,Towers with Radar,289,130,23,5,447,0,6,68,2,76,289,136,91,7,523,0,0,0,523
01/08/2017,ANC,AK,AAL,WE,Towers with Radar,226,105,17,0,348,0,5,81,0,86,226,110,98,0,434,10,0,10,444
01/09/2017,ANC,AK,AAL,WE,Towers with Radar,236,143,27,0,406,0,28,84,2,114,236,171,111,2,520,6,0,6,526
01/10/2017,ANC,AK,AAL,WE,Towers with Radar,233,185,29,3,450,0,3,5,0,8,233,188,34,3,458,0,0,0,458
01/11/2017,ANC,AK,AAL,WE,Towers with Radar,230,177,28,4,439,0,0,0,0,0,230,177,28,4,439,0,0,0,439
01/12/2017,ANC,AK,AAL,WE,Towers with Radar,298,174,34,8,514,0,0,2,0,2,298,174,36,8,516,0,0,0,516
01/13/2017,ANC,AK,AAL,WE,Towers with Radar,279,177,17,4,477,1,10,40,0,51,280,187,57,4,528,0,0,0,528
01/14/2017,ANC,AK,AAL,WE,Towers with Radar,283,125,15,4,427,0,2,9,0,11,283,127,24,4,438,0,0,0,438
01/15/2017,ANC,AK,AAL,WE,Towers with Radar,242,113,22,1,378,0,7,12,0,19,242,120,34,1,397,0,0,0,397
01/16/2017,ANC,AK,AAL,WE,Towers with Radar,247,153,23,2,425,0,0,0,0,0,247,153,23,2,425,0,0,0,425
01/17/2017,ANC,AK,AAL,WE,Towers with Radar,254,167,29,7,457,0,27,57,2,86,254,194,86,9,543,22,0,22,565
01/18/2017,ANC,AK,AAL,WE,Towers with Radar,271,160,35,4,470,0,7,56,0,63,271,167,91,4,533,10,0,10,543
01/19/2017,ANC,AK,AAL,WE,Towers with Radar,281,167,35,2,485,0,3,10,0,13,281,170,45,2,498,8,0,8,506
01/20/2017,ANC,AK,AAL,WE,Towers with Radar,270,186,18,6,480,0,5,28,0,33,270,191,46,6,513,0,0,0,513
01/21/2017,ANC,AK,AAL,WE,Towers with Radar,297,110,19,3,429,0,0,0,0,0,297,110,19,3,429,0,0,0,429
01/22/2017,ANC,AK,AAL,WE,Towers with Radar,254,90,16,2,362,0,8,26,4,38,254,98,42,6,400,0,0,0,400
01/23/2017,ANC,AK,AAL,WE,Towers with Radar,276,137,15,0,428,0,5,8,0,13,276,142,23,0,441,0,0,0,441
01/24/2017,ANC,AK,AAL,WE,Towers with Radar,269,163,19,3,454,0,23,40,2,65,269,186,59,5,519,24,0,24,543
01/25/2017,ANC,AK,AAL,WE,Towers with Radar,278,167,22,3,470,0,28,74,0,102,278,195,96,3,572,10,0,10,582
01/26/2017,ANC,AK,AAL,WE,Towers with Radar,321,149,14,3,487,0,8,16,0,24,321,157,30,3,511,0,0,0,511
01/27/2017,ANC,AK,AAL,WE,Towers with Radar,276,173,26,4,479,0,11,66,6,83,276,184,92,10,562,28,0,28,590
01/28/2017,ANC,AK,AAL,WE,Towers with Radar,271,127,12,4,414,0,0,4,0,4,271,127,16,4,418,0,0,0,418
01/29/2017,ANC,AK,AAL,WE,Towers with Radar,204,97,12,0,313,0,17,75,0,92,204,114,87,0,405,8,0,8,413
01/30/2017,ANC,AK,AAL,WE,Towers with Radar,180,142,13,1,336,0,22,52,1,75,180,164,65,2,411,76,0,76,487
01/31/2017,ANC,AK,AAL,WE,Towers with Radar,208,147,30,1,386,0,12,44,3,59,208,159,74,4,445,0,0,0,445
02/01/2017,ANC,AK,AAL,WE,Towers with Radar,202,166,29,3,400,0,37,75,3,115,202,203,104,6,515,0,0,0,515
02/02/2017,ANC,AK,AAL,WE,Towers with Radar,207,161,19,7,394,0,28,88,2,118,207,189,107,9,512,0,0,0,512
02/03/2017,ANC,AK,AAL,WE,Towers with Radar,217,174,20,4,415,0,9,31,0,40,217,183,51,4,455,6,0,6,461
02/04/2017,ANC,AK,AAL,WE,Towers with Radar,218,104,7,4,333,0,15,115,0,130,218,119,122,4,463,42,0,42,505
02/05/2017,ANC,AK,AAL,WE,Towers with Radar,171,88,11,0,270,0,2,5,0,7,171,90,16,0,277,0,0,0,277
02/06/2017,ANC,AK,AAL,WE,Towers with Radar,182,154,25,2,363,0,13,34,0,47,182,167,59,2,410,28,0,28,438
02/07/2017,ANC,AK,AAL,WE,Towers with Radar,214,181,26,1,422,0,4,8,0,12,214,185,34,1,434,0,0,0,434
02/08/2017,ANC,AK,AAL,WE,Towers with Radar,242,162,30,5,439,0,21,86,1,108,242,183,116,6,547,6,0,6,553
02/09/2017,ANC,AK,AAL,WE,Towers with Radar,288,174,42,3,507,0,10,15,0,25,288,184,57,3,532,2,0,2,534
02/10/2017,ANC,AK,AAL,WE,Towers with Radar,259,168,21,3,451,0,1,4,0,5,259,169,25,3,456,0,0,0,456
02/11/2017,ANC,AK,AAL,WE,Towers with Radar,281,119,14,5,419,0,28,98,1,127,281,147,112,6,546,26,0,26,572
02/12/2017,ANC,AK,AAL,WE,Towers with Radar,211,86,22,0,319,0,9,44,0,53,211,95,66,0,372,22,0,22,394
02/13/2017,ANC,AK,AAL,WE,Towers with Radar,205,136,14,1,356,0,9,20,0,29,205,145,34,1,385,24,0,24,409
02/14/2017,ANC,AK,AAL,WE,Towers with Radar,221,136,12,3,372,0,11,57,0,68,221,147,69,3,440,14,0,14,454
02/15/2017,ANC,AK,AAL,WE,Towers with Radar,249,159,24,3,435,0,10,53,0,63,249,169,77,3,498,0,0,0,498
02/16/2017,ANC,AK,AAL,WE,Towers with Radar,290,159,18,4,471,0,10,34,0,44,290,169,52,4,515,0,0,0,515
02/17/2017,ANC,AK,AAL,WE,Towers with Radar,259,176,32,4,471,0,9,45,0,54,259,185,77,4,525,26,0,26,551
02/18/2017,ANC,AK,AAL,WE,Towers with Radar,280,140,26,4,450,0,15,44,0,59,280,155,70,4,509,6,0,6,515
02/19/2017,ANC,AK,AAL,WE,Towers with Radar,213,104,19,0,336,0,2,36,0,38,213,106,55,0,374,10,0,10,384
02/20/2017,ANC,AK,AAL,WE,Towers with Radar,231,150,43,0,424,0,12,35,0,47,231,162,78,0,471,2,0,2,473
02/21/2017,ANC,AK,AAL,WE,Towers with Radar,223,139,39,2,403,0,33,138,4,175,223,172,177,6,578,22,0,22,600
02/22/2017,ANC,AK,AAL,WE,Towers with Radar,265,180,35,3,483,0,5,14,0,19,265,185,49,3,502,0,0,0,502
02/23/2017,ANC,AK,AAL,WE,Towers with Radar,285,173,25,3,486,0,35,86,0,121,285,208,111,3,607,8,0,8,615
02/24/2017,ANC,AK,AAL,WE,Towers with Radar,259,165,28,6,458,0,0,2,0,2,259,165,30,6,460,6,0,6,466
02/25/2017,ANC,AK,AAL,WE,Towers with Radar,259,115,13,5,392,1,5,18,0,24,260,120,31,5,416,28,0,28,444
02/26/2017,ANC,AK,AAL,WE,Towers with Radar,238,116,27,0,381,0,4,13,0,17,238,120,40,0,398,0,0,0,398
02/27/2017,ANC,AK,AAL,WE,Towers with Radar,252,170,36,2,460,0,19,17,0,36,252,189,53,2,496,0,0,0,496
02/28/2017,ANC,AK,AAL,WE,Towers with Radar,260,155,16,4,435,0,28,72,0,100,260,183,88,4,535,4,0,4,539
03/01/2017,ANC,AK,AAL,WE,Towers with Radar,278,166,21,3,468,2,21,40,0,63,280,187,61,3,531,0,0,0,531
03/02/2017,ANC,AK,AAL,WE,Towers with Radar,296,156,20,4,476,0,44,58,2,104,296,200,78,6,580,0,0,0,580
03/03/2017,ANC,AK,AAL,WE,Towers with Radar,272,149,18,4,443,1,35,57,4,97,273,184,75,8,540,2,0,2,542
03/04/2017,ANC,AK,AAL,WE,Towers with Radar,282,105,17,3,407,0,29,198,2,229,282,134,215,5,636,28,0,28,664
03/05/2017,ANC,AK,AAL,WE,Towers with Radar,234,96,13,3,346,0,27,143,2,172,234,123,156,5,518,20,0,20,538
03/06/2017,ANC,AK,AAL,WE,Towers with Radar,231,151,18,3,403,0,56,145,0,201,231,207,163,3,604,28,0,28,632
03/07/2017,ANC,AK,AAL,WE,Towers with Radar,246,138,15,1,400,0,63,123,0,186,246,201,138,1,586,34,0,34,620
03/08/2017,ANC,AK,AAL,WE,Towers with Radar,276,155,9,4,444,0,37,65,1,103,276,192,74,5,547,2,0,2,549
03/09/2017,ANC,AK,AAL,WE,Towers with Radar,301,157,28,3,489,0,53,146,2,201,301,210,174,5,690,16,0,16,706
03/10/2017,ANC,AK,AAL,WE,Towers with Radar,276,145,23,3,447,0,37,222,1,260,276,182,245,4,707,8,0,8,715
03/11/2017,ANC,AK,AAL,WE,Towers with Radar,306,110,28,4,448,0,41,177,0,218,306,151,205,4,666,38,0,38,704
03/12/2017,ANC,AK,AAL,WE,Towers with Radar,237,79,15,1,332,0,30,161,0,191,237,109,176,1,523,20,0,20,543
03/13/2017,ANC,AK,AAL,WE,Towers with Radar,243,128,14,8,393,0,21,82,4,107,243,149,96,12,500,34,0,34,534
03/14/2017,ANC,AK,AAL,WE,Towers with Radar,249,142,17,4,412,0,31,65,0,96,249,173,82,4,508,8,0,8,516
03/15/2017,ANC,AK,AAL,WE,Towers with Radar,290,153,21,3,467,2,28,129,4,163,292,181,150,7,630,36,0,36,666
03/16/2017,ANC,AK,AAL,WE,Towers with Radar,315,147,17,7,486,0,28,107,0,135,315,175,124,7,621,6,0,6,627
03/17/2017,ANC,AK,AAL,WE,Towers with Radar,281,162,31,4,478,0,44,179,0,223,281,206,210,4,701,10,0,10,711
03/18/2017,ANC,AK,AAL,WE,Towers with Radar,297,123,15,4,439,0,43,150,3,196,297,166,165,7,635,10,0,10,645
03/19/2017,ANC,AK,AAL,WE,Towers with Radar,245,111,19,0,375,0,13,151,1,165,245,124,170,1,540,10,0,10,550
03/20/2017,ANC,AK,AAL,WE,Towers with Radar,246,144,31,2,423,0,25,143,2,170,246,169,174,4,593,26,0,26,619
03/21/2017,ANC,AK,AAL,WE,Towers with Radar,270,152,19,5,446,0,37,153,2,192,270,189,172,7,638,10,0,10,648
03/22/2017,ANC,AK,AAL,WE,Towers with Radar,279,159,26,8,472,0,40,165,2,207,279,199,191,10,679,54,0,54,733
03/23/2017,ANC,AK,AAL,WE,Towers with Radar,304,161,23,7,495,0,40,144,2,186,304,201,167,9,681,28,0,28,709
03/24/2017,ANC,AK,AAL,WE,Towers with Radar,297,158,25,2,482,0,50,207,2,259,297,208,232,4,741,28,0,28,769
03/25/2017,ANC,AK,AAL,WE,Towers with Radar,307,110,21,6,444,0,30,214,0,244,307,140,235,6,688,26,0,26,714
03/26/2017,ANC,AK,AAL,WE,Towers with Radar,258,96,18,0,372,0,26,143,2,171,258,122,161,2,543,58,0,58,601
03/27/2017,ANC,AK,AAL,WE,Towers with Radar,248,139,20,2,409,0,43,149,4,196,248,182,169,6,605,30,0,30,635
03/28/2017,ANC,AK,AAL,WE,Towers with Radar,262,180,25,7,474,0,13,19,0,32,262,193,44,7,506,16,0,16,522
03/29/2017,ANC,AK,AAL,WE,Towers with Radar,278,169,25,3,475,0,10,26,0,36,278,179,51,3,511,0,0,0,511
03/30/2017,ANC,AK,AAL,WE,Towers with Radar,310,143,21,2,476,0,35,70,2,107,310,178,91,4,583,4,0,4,587
03/31/2017,ANC,AK,AAL,WE,Towers with Radar,296,156,32,5,489,0,6,69,2,77,296,162,101,7,566,54,0,54,620
04/01/2017,ANC,AK,AAL,WE,Towers with Radar,284,115,22,4,425,0,17,128,0,145,284,132,150,4,570,18,0,18,588
04/02/2017,ANC,AK,AAL,WE,Towers with Radar,260,96,22,2,380,36,26,80,0,142,296,122,102,2,522,0,0,0,522
04/03/2017,ANC,AK,AAL,WE,Towers with Radar,242,150,24,9,425,0,18,129,2,149,242,168,153,11,574,20,2,22,596
04/04/2017,ANC,AK,AAL,WE,Towers with Radar,243,161,27,11,442,0,27,121,3,151,243,188,148,14,593,62,0,62,655
04/05/2017,ANC,AK,AAL,WE,Towers with Radar,259,145,28,9,441,0,28,148,8,184,259,173,176,17,625,24,0,24,649
04/06/2017,ANC,AK,AAL,WE,Towers with Radar,299,160,43,16,518,0,27,194,3,224,299,187,237,19,742,66,8,74,816
04/07/2017,ANC,AK,AAL,WE,Towers with Radar,295,165,38,4,502,0,47,245,1,293,295,212,283,5,795,40,0,40,835
04/08/2017,ANC,AK,AAL,WE,Towers with Radar,294,117,20,6,437,0,33,284,2,319,294,150,304,8,756,26,0,26,782
04/09/2017,ANC,AK,AAL,WE,Towers with Radar,232,110,34,1,377,0,30,183,0,213,232,140,217,1,590,22,0,22,612
04/10/2017,ANC,AK,AAL,WE,Towers with Radar,244,152,33,8,437,0,51,166,2,219,244,203,199,10,656,10,0,10,666
04/11/2017,ANC,AK,AAL,WE,Towers with Radar,262,163,26,6,457,0,55,196,2,253,262,218,222,8,710,98,4,102,812
04/12/2017,ANC,AK,AAL,WE,Towers with Radar,275,175,24,3,477,0,45,211,2,258,275,220,235,5,735,36,0,36,771
04/13/2017,ANC,AK,AAL,WE,Towers with Radar,298,163,31,19,511,0,51,174,2,227,298,214,205,21,738,30,0,30,768
04/14/2017,ANC,AK,AAL,WE,Towers with Radar,282,152,36,8,478,0,45,253,2,300,282,197,289,10,778,60,0,60,838
04/15/2017,ANC,AK,AAL,WE,Towers with Radar,289,135,21,18,463,0,23,229,2,254,289,158,250,20,717,32,0,32,749
04/16/2017,ANC,AK,AAL,WE,Towers with Radar,243,89,17,4,353,0,22,153,0,175,243,111,170,4,528,30,0,30,558
04/17/2017,ANC,AK,AAL,WE,Towers with Radar,248,169,34,3,454,0,54,188,0,242,248,223,222,3,696,52,4,56,752
04/18/2017,ANC,AK,AAL,WE,Towers with Radar,249,155,13,11,428,0,36,189,1,226,249,191,202,12,654,20,0,20,674
04/19/2017,ANC,AK,AAL,WE,Towers with Radar,280,160,26,12,478,0,43,238,0,281,280,203,264,12,759,70,0,70,829
04/20/2017,ANC,AK,AAL,WE,Towers with Radar,313,157,30,6,506,0,38,235,0,273,313,195,265,6,779,24,0,24,803
04/21/2017,ANC,AK,AAL,WE,Towers with Radar,288,155,35,8,486,0,73,216,3,292,288,228,251,11,778,42,0,42,820
04/22/2017,ANC,AK,AAL,WE,Towers with Radar,284,110,33,5,432,0,26,189,0,215,284,136,222,5,647,42,0,42,689
04/23/2017,ANC,AK,AAL,WE,Towers with Radar,263,99,37,6,405,0,21,148,0,169,263,120,185,6,574,34,0,34,608
04/24/2017,ANC,AK,AAL,WE,Towers with Radar,247,160,30,5,442,0,23,126,3,152,247,183,156,8,594,34,0,34,628
04/25/2017,ANC,AK,AAL,WE,Towers with Radar,268,170,41,6,485,0,35,163,5,203,268,205,204,11,688,82,0,82,770
04/26/2017,ANC,AK,AAL,WE,Towers with Radar,278,163,31,12,484,0,29,176,1,206,278,192,207,13,690,24,0,24,714
04/27/2017,ANC,AK,AAL,WE,Towers with Radar,300,168,38,6,512,0,34,140,3,177,300,202,178,9,689,18,0,18,707
04/28/2017,ANC,AK,AAL,WE,Towers with Radar,276,192,28,6,502,0,27,138,2,167,276,219,166,8,669,94,0,94,763
04/29/2017,ANC,AK,AAL,WE,Towers with Radar,286,133,28,4,451,0,21,292,0,313,286,154,320,4,764,58,0,58,822
04/30/2017,ANC,AK,AAL,WE,Towers with Radar,256,107,19,2,384,0,18,131,1,150,256,125,150,3,534,47,0,47,581
05/01/2017,ANC,AK,AAL,WE,Towers with Radar,236,156,33,11,436,0,32,141,1,174,236,188,174,12,610,90,0,90,700
05/02/2017,ANC,AK,AAL,WE,Towers with Radar,244,148,24,8,424,1,29,191,2,223,245,177,215,10,647,66,0,66,713
05/03/2017,ANC,AK,AAL,WE,Towers with Radar,247,155,23,9,434,0,16,166,4,186,247,171,189,13,620,202,0,202,822
05/04/2017,ANC,AK,AAL,WE,Towers with Radar,276,171,28,10,485,0,35,145,1,181,276,206,173,11,666,18,0,18,684
05/05/2017,ANC,AK,AAL,WE,Towers with Radar,269,156,33,11,469,2,58,258,2,320,271,214,291,13,789,61,0,61,850
05/06/2017,ANC,AK,AAL,WE,Towers with Radar,274,122,31,9,436,0,40,221,5,266,274,162,252,14,702,116,0,116,818
05/07/2017,ANC,AK,AAL,WE,Towers with Radar,240,81,19,4,344,0,21,217,3,241,240,102,236,7,585,76,0,76,661
05/08/2017,ANC,AK,AAL,WE,Towers with Radar,231,168,44,6,449,2,42,224,0,268,233,210,268,6,717,132,0,132,849
05/09/2017,ANC,AK,AAL,WE,Towers with Radar,261,170,32,7,470,0,54,271,0,325,261,224,303,7,795,42,0,42,837
05/10/2017,ANC,AK,AAL,WE,Towers with Radar,287,172,27,14,500,0,54,325,0,379,287,226,352,14,879,64,0,64,943
05/11/2017,ANC,AK,AAL,WE,Towers with Radar,306,172,31,14,523,0,60,387,5,452,306,232,418,19,975,84,0,84,1059
05/12/2017,ANC,AK,AAL,WE,Towers with Radar,289,168,20,8,485,2,80,387,1,470,291,248,407,9,955,100,0,100,1055
05/13/2017,ANC,AK,AAL,WE,Towers with Radar,296,136,21,10,463,0,28,254,2,284,296,164,275,12,747,40,0,40,787
05/14/2017,ANC,AK,AAL,WE,Towers with Radar,262,115,23,8,408,0,18,149,0,167,262,133,172,8,575,2,0,2,577
05/15/2017,ANC,AK,AAL,WE,Towers with Radar,252,145,27,2,426,2,72,340,1,415,254,217,367,3,841,84,0,84,925
05/16/2017,ANC,AK,AAL,WE,Towers with Radar,261,196,67,8,532,0,81,259,4,344,261,277,326,12,876,14,0,14,890
05/17/2017,ANC,AK,AAL,WE,Towers with Radar,300,180,42,5,527,0,70,166,1,237,300,250,208,6,764,8,0,8,772
05/18/2017,ANC,AK,AAL,WE,Towers with Radar,314,179,31,10,534,0,65,205,1,271,314,244,236,11,805,16,0,16,821
05/19/2017,ANC,AK,AAL,WE,Towers with Radar,298,185,36,10,529,0,64,215,0,279,298,249,251,10,808,68,0,68,876
05/20/2017,ANC,AK,AAL,WE,Towers with Radar,330,127,23,7,487,0,50,313,0,363,330,177,336,7,850,44,0,44,894
05/21/2017,ANC,AK,AAL,WE,Towers with Radar,267,108,14,2,391,0,63,221,0,284,267,171,235,2,675,12,0,12,687
05/22/2017,ANC,AK,AAL,WE,Towers with Radar,268,176,37,4,485,0,90,153,5,248,268,266,190,9,733,18,0,18,751
05/23/2017,ANC,AK,AAL,WE,Towers with Radar,285,174,31,6,496,0,94,261,0,355,285,268,292,6,851,120,0,120,971
05/24/2017,ANC,AK,AAL,WE,Towers with Radar,312,204,36,8,560,0,18,77,2,97,312,222,113,10,657,26,0,26,683
05/25/2017,ANC,AK,AAL,WE,Towers with Radar,324,182,23,7,536,0,83,200,1,284,324,265,223,8,820,18,0,18,838
05/26/2017,ANC,AK,AAL,WE,Towers with Radar,321,194,31,7,553,0,104,353,0,457,321,298,384,7,1010,50,0,50,1060
05/27/2017,ANC,AK,AAL,WE,Towers with Radar,309,126,24,8,467,1,87,250,2,340,310,213,274,10,807,68,0,68,875
05/28/2017,ANC,AK,AAL,WE,Towers with Radar,274,110,10,2,396,0,57,223,0,280,274,167,233,2,676,16,0,16,692
05/29/2017,ANC,AK,AAL,WE,Towers with Radar,250,124,16,1,391,0,99,238,1,338,250,223,254,2,729,48,0,48,777
05/30/2017,ANC,AK,AAL,WE,Towers with Radar,274,156,23,7,460,0,111,360,4,475,274,267,383,11,935,88,0,88,1023
05/31/2017,ANC,AK,AAL,WE,Towers with Radar,303,184,46,8,541,0,120,468,3,591,303,304,514,11,1132,108,0,108,1240
06/01/2017,ANC,AK,AAL,WE,Towers with Radar,318,186,29,9,542,0,216,358,1,575,318,402,387,10,1117,48,0,48,1165
06/02/2017,ANC,AK,AAL,WE,Towers with Radar,309,203,32,6,550,0,156,451,1,608,309,359,483,7,1158,22,0,22,1180
06/03/2017,ANC,AK,AAL,WE,Towers with Radar,318,149,23,5,495,0,124,337,0,461,318,273,360,5,956,50,0,50,1006
06/04/2017,ANC,AK,AAL,WE,Towers with Radar,277,141,44,3,465,0,85,276,5,366,277,226,320,8,831,14,0,14,845
06/05/2017,ANC,AK,AAL,WE,Towers with Radar,300,200,39,7,546,0,111,208,0,319,300,311,247,7,865,60,0,60,925
06/06/2017,ANC,AK,AAL,WE,Towers with Radar,307,206,26,8,547,0,143,350,3,496,307,349,376,11,1043,74,0,74,1117
06/07/2017,ANC,AK,AAL,WE,Towers with Radar,340,217,30,4,591,0,113,312,6,431,340,330,342,10,1022,36,0,36,1058
06/08/2017,ANC,AK,AAL,WE,Towers with Radar,366,220,39,7,632,0,178,342,0,520,366,398,381,7,1152,43,0,43,1195
06/09/2017,ANC,AK,AAL,WE,Towers with Radar,339,191,38,13,581,0,175,417,0,592,339,366,455,13,1173,76,0,76,1249
06/10/2017,ANC,AK,AAL,WE,Towers with Radar,337,170,34,6,547,0,85,214,0,299,337,255,248,6,846,90,0,90,936
06/11/2017,ANC,AK,AAL,WE,Towers with Radar,308,145,35,2,490,0,133,189,0,322,308,278,224,2,812,8,0,8,820
06/12/2017,ANC,AK,AAL,WE,Towers with Radar,301,191,18,5,515,0,214,333,0,547,301,405,351,5,1062,20,0,20,1082
06/13/2017,ANC,AK,AAL,WE,Towers with Radar,317,198,35,6,556,1,122,309,4,436,318,320,344,10,992,64,0,64,1056
06/14/2017,ANC,AK,AAL,WE,Towers with Radar,340,197,28,7,572,0,172,376,1,549,340,369,404,8,1121,46,0,46,1167
06/15/2017,ANC,AK,AAL,WE,Towers with Radar,378,219,30,9,636,0,213,532,3,748,378,432,562,12,1384,130,0,130,1514
06/16/2017,ANC,AK,AAL,WE,Towers with Radar,350,195,45,9,599,0,125,451,0,576,350,320,496,9,1175,24,0,24,1199
06/17/2017,ANC,AK,AAL,WE,Towers with Radar,358,173,27,9,567,2,128,312,1,443,360,301,339,10,1010,78,0,78,1088
06/18/2017,ANC,AK,AAL,WE,Towers with Radar,315,145,24,3,487,0,163,404,0,567,315,308,428,3,1054,38,0,38,1092
06/19/2017,ANC,AK,AAL,WE,Towers with Radar,336,205,43,5,589,0,195,340,4,539,336,400,383,9,1128,58,0,58,1186
06/20/2017,ANC,AK,AAL,WE,Towers with Radar,333,219,46,4,602,0,149,150,1,300,333,368,196,5,902,64,0,64,966
06/21/2017,ANC,AK,AAL,WE,Towers with Radar,338,219,49,7,613,1,178,273,1,453,339,397,322,8,1066,86,0,86,1152
06/22/2017,ANC,AK,AAL,WE,Towers with Radar,377,213,58,7,655,0,170,251,0,421,377,383,309,7,1076,42,0,42,1118
06/23/2017,ANC,AK,AAL,WE,Towers with Radar,335,206,34,4,579,1,205,333,0,539,336,411,367,4,1118,18,0,18,1136
06/24/2017,ANC,AK,AAL,WE,Towers with Radar,367,173,20,5,565,0,199,431,4,634,367,372,451,9,1199,33,0,33,1232
06/25/2017,ANC,AK,AAL,WE,Towers with Radar,322,146,30,4,502,5,212,419,9,645,327,358,449,13,1147,24,0,24,1171
06/26/2017,ANC,AK,AAL,WE,Towers with Radar,326,222,40,4,592,0,174,333,2,509,326,396,373,6,1101,66,0,66,1167
06/27/2017,ANC,AK,AAL,WE,Towers with Radar,342,201,31,7,581,0,161,232,1,394,342,362,263,8,975,68,0,68,1043
06/28/2017,ANC,AK,AAL,WE,Towers with Radar,361,184,30,9,584,2,154,286,0,442,363,338,316,9,1026,32,0,32,1058
06/29/2017,ANC,AK,AAL,WE,Towers with Radar,389,200,42,18,649,0,141,252,1,394,389,341,294,19,1043,18,0,18,1061
06/30/2017,ANC,AK,AAL,WE,Towers with Radar,347,186,43,8,584,0,170,405,6,581,347,356,448,14,1165,28,0,28,1193
07/01/2017,ANC,AK,AAL,WE,Towers with Radar,368,160,25,4,557,0,207,383,0,590,368,367,408,4,1147,18,0,18,1165
07/02/2017,ANC,AK,AAL,WE,Towers with Radar,307,184,71,5,567,0,64,79,0,143,307,248,150,5,710,8,0,8,718
07/03/2017,ANC,AK,AAL,WE,Towers with Radar,297,204,39,6,546,1,94,183,0,278,298,298,222,6,824,10,0,10,834
07/04/2017,ANC,AK,AAL,WE,Towers with Radar,291,110,30,10,441,4,189,311,4,508,295,299,341,14,949,32,0,32,981
07/05/2017,ANC,AK,AAL,WE,Towers with Radar,334,206,34,15,589,0,185,401,0,586,334,391,435,15,1175,37,0,37,1212
07/06/2017,ANC,AK,AAL,WE,Towers with Radar,379,203,26,10,618,0,200,374,0,574,379,403,400,10,1192,58,0,58,1250
07/07/2017,ANC,AK,AAL,WE,Towers with Radar,354,208,50,17,629,0,169,440,3,612,354,377,490,20,1241,22,0,22,1263
07/08/2017,ANC,AK,AAL,WE,Towers with Radar,362,203,51,11,627,0,132,123,1,256,362,335,174,12,883,18,0,18,901
07/09/2017,ANC,AK,AAL,WE,Towers with Radar,330,135,31,9,505,0,168,311,2,481,330,303,342,11,986,56,0,56,1042
07/10/2017,ANC,AK,AAL,WE,Towers with Radar,328,199,37,11,575,2,158,338,4,502,330,357,375,15,1077,78,0,78,1155
07/11/2017,ANC,AK,AAL,WE,Towers with Radar,345,197,37,5,584,0,181,347,0,528,345,378,384,5,1112,82,0,82,1194
07/12/2017,ANC,AK,AAL,WE,Towers with Radar,360,189,34,11,594,0,203,410,4,617,360,392,444,15,1211,90,0,90,1301
07/13/2017,ANC,AK,AAL,WE,Towers with Radar,369,207,45,6,627,2,180,426,9,617,371,387,471,15,1244,71,0,71,1315
07/14/2017,ANC,AK,AAL,WE,Towers with Radar,340,208,47,10,605,0,140,251,0,391,340,348,298,10,996,4,0,4,1000
07/15/2017,ANC,AK,AAL,WE,Towers with Radar,350,163,44,9,566,2,151,325,1,479,352,314,369,10,1045,24,0,24,1069
07/16/2017,ANC,AK,AAL,WE,Towers with Radar,329,158,36,3,526,0,200,314,1,515,329,358,350,4,1041,104,0,104,1145
07/17/2017,ANC,AK,AAL,WE,Towers with Radar,312,206,43,4,565,0,190,325,2,517,312,396,368,6,1082,64,0,64,1146
07/18/2017,ANC,AK,AAL,WE,Towers with Radar,329,245,47,10,631,0,87,182,0,269,329,332,229,10,900,78,0,78,978
07/19/2017,ANC,AK,AAL,WE,Towers with Radar,349,203,51,12,615,1,160,173,0,334,350,363,224,12,949,82,0,82,1031
07/20/2017,ANC,AK,AAL,WE,Towers with Radar,355,216,42,11,624,0,214,330,2,546,355,430,372,13,1170,66,0,66,1236
07/21/2017,ANC,AK,AAL,WE,Towers with Radar,351,197,36,8,592,0,211,541,0,752,351,408,577,8,1344,76,0,76,1420
07/22/2017,ANC,AK,AAL,WE,Towers with Radar,364,166,22,8,560,0,184,534,0,718,364,350,556,8,1278,32,0,32,1310
07/23/2017,ANC,AK,AAL,WE,Towers with Radar,296,157,26,7,486,0,231,410,2,643,296,388,436,9,1129,10,0,10,1139
07/24/2017,ANC,AK,AAL,WE,Towers with Radar,325,200,36,3,564,0,192,310,2,504,325,392,346,5,1068,20,0,20,1088
07/25/2017,ANC,AK,AAL,WE,Towers with Radar,340,260,74,12,686,0,73,98,0,171,340,333,172,12,857,36,0,36,893
07/26/2017,ANC,AK,AAL,WE,Towers with Radar,362,255,57,14,688,0,64,127,0,191,362,319,184,14,879,22,0,22,901
07/27/2017,ANC,AK,AAL,WE,Towers with Radar,348,251,48,6,653,0,165,349,4,518,348,416,397,10,1171,12,0,12,1183
07/28/2017,ANC,AK,AAL,WE,Towers with Radar,355,234,59,9,657,0,162,364,1,527,355,396,423,10,1184,84,0,84,1268
07/29/2017,ANC,AK,AAL,WE,Towers with Radar,357,195,33,8,593,0,179,391,0,570,357,374,424,8,1163,20,0,20,1183
07/30/2017,ANC,AK,AAL,WE,Towers with Radar,291,153,26,2,472,1,188,436,0,625,292,341,462,2,1097,58,0,58,1155
07/31/2017,ANC,AK,AAL,WE,Towers with Radar,323,201,36,6,566,0,209,389,2,600,323,410,425,8,1166,68,0,68,1234
08/01/2017,ANC,AK,AAL,WE,Towers with Radar,322,214,48,7,591,0,184,221,1,406,322,398,269,8,997,54,0,54,1051
08/02/2017,ANC,AK,AAL,WE,Towers with Radar,343,206,39,11,599,0,147,238,0,385,343,353,277,11,984,56,0,56,1040
08/03/2017,ANC,AK,AAL,WE,Towers with Radar,366,228,60,2,656,0,146,166,1,313,366,374,226,3,969,0,0,0,969
08/04/2017,ANC,AK,AAL,WE,Towers with Radar,356,198,52,5,611,0,220,528,0,748,356,418,580,5,1359,36,0,36,1395
08/05/2017,ANC,AK,AAL,WE,Towers with Radar,348,138,40,4,530,0,246,446,2,694,348,384,486,6,1224,26,0,26,1250
08/06/2017,ANC,AK,AAL,WE,Towers with Radar,317,162,47,1,527,2,212,493,0,707,319,374,540,1,1234,42,0,42,1276
08/07/2017,ANC,AK,AAL,WE,Towers with Radar,319,184,40,7,550,0,233,438,1,672,319,417,478,8,1222,60,0,60,1282
08/08/2017,ANC,AK,AAL,WE,Towers with Radar,315,178,47,8,548,0,218,369,0,587,315,396,416,8,1135,30,0,30,1165
08/09/2017,ANC,AK,AAL,WE,Towers with Radar,352,206,37,6,601,0,183,306,0,489,352,389,343,6,1090,16,0,16,1106
08/10/2017,ANC,AK,AAL,WE,Towers with Radar,355,211,46,4,616,0,148,244,0,392,355,359,290,4,1008,76,0,76,1084
08/11/2017,ANC,AK,AAL,WE,Towers with Radar,335,218,50,6,609,0,274,234,1,509,335,492,284,7,1118,16,0,16,1134
08/12/2017,ANC,AK,AAL,WE,Towers with Radar,349,238,47,12,646,0,133,145,0,278,349,371,192,12,924,18,0,18,942
08/13/2017,ANC,AK,AAL,WE,Towers with Radar,298,144,39,9,490,0,188,272,0,460,298,332,311,9,950,24,0,24,974
08/14/2017,ANC,AK,AAL,WE,Towers with Radar,310,196,33,6,545,0,209,346,4,559,310,405,379,10,1104,26,0,26,1130
08/15/2017,ANC,AK,AAL,WE,Towers with Radar,313,183,43,4,543,0,197,334,1,532,313,380,377,5,1075,40,0,40,1115
08/16/2017,ANC,AK,AAL,WE,Towers with Radar,379,230,63,12,684,0,173,121,0,294,379,403,184,12,978,8,0,8,986
08/17/2017,ANC,AK,AAL,WE,Towers with Radar,345,209,41,5,600,0,189,280,0,469,345,398,321,5,1069,20,0,20,1089
08/18/2017,ANC,AK,AAL,WE,Towers with Radar,326,202,48,9,585,0,150,259,0,409,326,352,307,9,994,52,0,52,1046
08/19/2017,ANC,AK,AAL,WE,Towers with Radar,354,173,31,3,561,2,174,399,0,575,356,347,430,3,1136,18,0,18,1154
08/20/2017,ANC,AK,AAL,WE,Towers with Radar,294,147,49,2,492,0,139,127,0,266,294,286,176,2,758,20,0,20,778
08/21/2017,ANC,AK,AAL,WE,Towers with Radar,311,186,22,9,528,0,182,194,2,378,311,368,216,11,906,58,0,58,964
08/22/2017,ANC,AK,AAL,WE,Towers with Radar,284,230,59,9,582,0,166,371,1,538,284,396,430,10,1120,59,0,59,1179
08/23/2017,ANC,AK,AAL,WE,Towers with Radar,324,202,38,21,585,0,164,247,0,411,324,366,285,21,996,64,0,64,1060
08/24/2017,ANC,AK,AAL,WE,Towers with Radar,370,195,42,13,620,0,130,143,2,275,370,325,185,15,895,40,0,40,935
08/25/2017,ANC,AK,AAL,WE,Towers with Radar,343,213,68,17,641,1,161,286,1,449,344,374,354,18,1090,48,0,48,1138
08/26/2017,ANC,AK,AAL,WE,Towers with Radar,342,179,43,7,571,0,125,345,0,470,342,304,388,7,1041,10,0,10,1051
08/27/2017,ANC,AK,AAL,WE,Towers with Radar,267,132,21,5,425,0,149,523,1,673,267,281,544,6,1098,14,0,14,1112
08/28/2017,ANC,AK,AAL,WE,Towers with Radar,327,171,36,9,543,0,160,351,2,513,327,331,387,11,1056,74,0,74,1130
08/29/2017,ANC,AK,AAL,WE,Towers with Radar,297,195,24,5,521,0,79,160,2,241,297,274,184,7,762,10,0,10,772
08/30/2017,ANC,AK,AAL,WE,Towers with Radar,317,203,47,11,578,0,147,245,0,392,317,350,292,11,970,38,0,38,1008
08/31/2017,ANC,AK,AAL,WE,Towers with Radar,346,205,49,12,612,0,198,275,0,473,346,403,324,12,1085,38,0,38,1123
09/01/2017,ANC,AK,AAL,WE,Towers with Radar,325,181,42,6,554,0,145,311,4,460,325,326,353,10,1014,38,0,38,1052
09/02/2017,ANC,AK,AAL,WE,Towers with Radar,315,140,20,4,479,0,127,369,0,496,315,267,389,4,975,64,0,64,1039
09/03/2017,ANC,AK,AAL,WE,Towers with Radar,254,121,16,1,392,0,121,285,0,406,254,242,301,1,798,74,0,74,872
09/04/2017,ANC,AK,AAL,WE,Towers with Radar,258,152,22,0,432,0,188,402,0,590,258,340,424,0,1022,50,0,50,1072
09/05/2017,ANC,AK,AAL,WE,Towers with Radar,279,175,30,2,486,0,84,110,0,194,279,259,140,2,680,0,0,0,680
09/06/2017,ANC,AK,AAL,WE,Towers with Radar,307,189,37,6,539,0,53,84,0,137,307,242,121,6,676,0,0,0,676
09/07/2017,ANC,AK,AAL,WE,Towers with Radar,321,183,50,6,560,0,115,311,1,427,321,298,361,7,987,50,0,50,1037
09/08/2017,ANC,AK,AAL,WE,Towers with Radar,296,201,51,8,556,0,114,430,1,545,296,315,481,9,1101,50,0,50,1151
09/09/2017,ANC,AK,AAL,WE,Towers with Radar,321,148,35,6,510,0,107,385,1,493,321,255,420,7,1003,60,0,60,1063
09/10/2017,ANC,AK,AAL,WE,Towers with Radar,258,130,38,2,428,0,120,304,1,425,258,250,342,3,853,12,0,12,865
09/11/2017,ANC,AK,AAL,WE,Towers with Radar,297,164,27,6,494,0,102,283,0,385,297,266,310,6,879,36,0,36,915
09/12/2017,ANC,AK,AAL,WE,Towers with Radar,267,181,33,10,491,0,96,172,0,268,267,277,205,10,759,28,0,28,787
09/13/2017,ANC,AK,AAL,WE,Towers with Radar,313,191,32,5,541,0,60,92,0,152,313,251,124,5,693,20,0,20,713
09/14/2017,ANC,AK,AAL,WE,Towers with Radar,316,183,47,6,552,0,101,203,0,304,316,284,250,6,856,50,0,50,906
09/15/2017,ANC,AK,AAL,WE,Towers with Radar,316,183,47,10,556,0,118,335,2,455,316,301,382,12,1011,18,0,18,1029
09/16/2017,ANC,AK,AAL,WE,Towers with Radar,318,136,36,5,495,0,90,275,2,367,318,226,311,7,862,48,0,48,910
09/17/2017,ANC,AK,AAL,WE,Towers with Radar,284,129,33,3,449,0,130,407,0,537,284,259,440,3,986,28,0,28,1014
09/18/2017,ANC,AK,AAL,WE,Towers with Radar,297,187,57,4,545,0,67,88,0,155,297,254,145,4,700,50,0,50,750
09/19/2017,ANC,AK,AAL,WE,Towers with Radar,294,182,34,7,517,0,97,366,0,463,294,279,400,7,980,70,0,70,1050
09/20/2017,ANC,AK,AAL,WE,Towers with Radar,318,185,38,14,555,0,102,349,4,455,318,287,387,18,1010,86,0,86,1096
09/21/2017,ANC,AK,AAL,WE,Towers with Radar,332,190,66,9,597,0,27,29,2,58,332,217,95,11,655,0,0,0,655
09/22/2017,ANC,AK,AAL,WE,Towers with Radar,316,219,89,8,632,0,24,54,0,78,316,243,143,8,710,8,0,8,718
09/23/2017,ANC,AK,AAL,WE,Towers with Radar,302,174,36,10,522,0,86,210,0,296,302,260,246,10,818,4,0,4,822
09/24/2017,ANC,AK,AAL,WE,Towers with Radar,271,134,37,6,448,0,67,224,0,291,271,201,261,6,739,24,0,24,763
09/25/2017,ANC,AK,AAL,WE,Towers with Radar,291,185,28,3,507,1,95,258,2,356,292,280,286,5,863,64,0,64,927
09/26/2017,ANC,AK,AAL,WE,Towers with Radar,293,215,76,5,589,0,79,326,5,410,293,294,402,10,999,38,0,38,1037
09/27/2017,ANC,AK,AAL,WE,Towers with Radar,312,173,25,10,520,2,79,190,4,275,314,252,215,14,795,36,0,36,831
09/28/2017,ANC,AK,AAL,WE,Towers with Radar,342,173,29,9,553,0,45,178,4,227,342,218,207,13,780,8,0,8,788
09/29/2017,ANC,AK,AAL,WE,Towers with Radar,324,162,27,5,518,0,58,247,0,305,324,220,274,5,823,182,0,182,1005
09/30/2017,ANC,AK,AAL,WE,Towers with Radar,308,146,38,9,501,0,53,448,2,503,308,199,486,11,1004,48,0,48,1052
10/01/2017,ANC,AK,AAL,WE,Towers with Radar,261,111,28,3,403,0,57,429,2,488,261,168,457,5,891,26,0,26,917
10/02/2017,ANC,AK,AAL,WE,Towers with Radar,276,146,29,5,456,0,38,63,4,105,276,184,92,9,561,12,0,12,573
10/03/2017,ANC,AK,AAL,WE,Towers with Radar,264,164,26,8,462,3,38,184,2,227,267,202,210,10,689,42,0,42,731
10/04/2017,ANC,AK,AAL,WE,Towers with Radar,272,181,37,10,500,0,20,67,0,87,272,201,104,10,587,70,0,70,657
10/05/2017,ANC,AK,AAL,WE,Towers with Radar,267,165,38,5,475,0,19,57,0,76,267,184,95,5,551,12,0,12,563
10/06/2017,ANC,AK,AAL,WE,Towers with Radar,258,172,40,3,473,0,51,232,0,283,258,223,272,3,756,30,0,30,786
10/07/2017,ANC,AK,AAL,WE,Towers with Radar,252,115,20,5,392,0,29,361,2,392,252,144,381,7,784,44,0,44,828
10/08/2017,ANC,AK,AAL,WE,Towers with Radar,211,113,25,2,351,0,32,93,0,125,211,145,118,2,476,0,0,0,476
10/09/2017,ANC,AK,AAL,WE,Towers with Radar,236,142,23,2,403,0,54,277,0,331,236,196,300,2,734,56,0,56,790
10/10/2017,ANC,AK,AAL,WE,Towers with Radar,264,152,19,3,438,0,23,119,0,142,264,175,138,3,580,61,0,61,641
10/11/2017,ANC,AK,AAL,WE,Towers with Radar,300,179,35,2,516,0,37,190,2,229,300,216,225,4,745,28,0,28,773
10/12/2017,ANC,AK,AAL,WE,Towers with Radar,308,172,33,4,517,0,16,72,2,90,308,188,105,6,607,13,0,13,620
10/13/2017,ANC,AK,AAL,WE,Towers with Radar,293,187,26,5,511,0,19,92,0,111,293,206,118,5,622,68,0,68,690
10/14/2017,ANC,AK,AAL,WE,Towers with Radar,303,142,39,4,488,0,11,192,0,203,303,153,231,4,691,50,0,50,741
10/15/2017,ANC,AK,AAL,WE,Towers with Radar,242,118,26,3,389,0,28,222,0,250,242,146,248,3,639,18,0,18,657
10/16/2017,ANC,AK,AAL,WE,Towers with Radar,305,151,19,3,478,0,37,210,4,251,305,188,229,7,729,44,6,50,779
10/17/2017,ANC,AK,AAL,WE,Towers with Radar,288,164,32,9,493,0,41,217,4,262,288,205,249,13,755,34,0,34,789
10/18/2017,ANC,AK,AAL,WE,Towers with Radar,296,166,24,4,490,1,31,183,1,216,297,197,207,5,706,22,0,22,728
10/19/2017,ANC,AK,AAL,WE,Towers with Radar,334,175,20,3,532,0,26,123,2,151,334,201,143,5,683,52,0,52,735
10/20/2017,ANC,AK,AAL,WE,Towers with Radar,301,156,27,7,491,0,26,158,0,184,301,182,185,7,675,10,0,10,685
10/21/2017,ANC,AK,AAL,WE,Towers with Radar,303,134,24,3,464,0,13,53,0,66,303,147,77,3,530,12,0,12,542
10/22/2017,ANC,AK,AAL,WE,Towers with Radar,267,103,14,1,385,0,10,91,0,101,267,113,105,1,486,4,0,4,490
10/23/2017,ANC,AK,AAL,WE,Towers with Radar,309,162,20,3,494,0,19,37,1,57,309,181,57,4,551,0,0,0,551
10/24/2017,ANC,AK,AAL,WE,Towers with Radar,272,203,28,7,510,0,14,55,3,72,272,217,83,10,582,58,0,58,640
10/25/2017,ANC,AK,AAL,WE,Towers with Radar,332,173,33,7,545,0,15,18,2,35,332,188,51,9,580,7,0,7,587
10/26/2017,ANC,AK,AAL,WE,Towers with Radar,339,165,19,6,529,0,7,21,0,28,339,172,40,6,557,0,0,0,557
10/27/2017,ANC,AK,AAL,WE,Towers with Radar,305,187,24,4,520,0,13,44,0,57,305,200,68,4,577,18,0,18,595
10/28/2017,ANC,AK,AAL,WE,Towers with Radar,294,108,19,5,426,0,9,184,0,193,294,117,203,5,619,52,0,52,671
10/29/2017,ANC,AK,AAL,WE,Towers with Radar,257,103,21,2,383,0,5,26,1,32,257,108,47,3,415,0,0,0,415
10/30/2017,ANC,AK,AAL,WE,Towers with Radar,285,147,25,2,459,0,11,48,2,61,285,158,73,4,520,32,0,32,552
10/31/2017,ANC,AK,AAL,WE,Towers with Radar,272,154,30,4,460,0,0,0,0,0,272,154,30,4,460,0,0,0,460
11/01/2017,ANC,AK,AAL,WE,Towers with Radar,294,162,14,7,477,0,0,0,0,0,294,162,14,7,477,0,0,0,477
11/02/2017,ANC,AK,AAL,WE,Towers with Radar,297,126,15,5,443,0,0,0,0,0,297,126,15,5,443,0,0,0,443
11/03/2017,ANC,AK,AAL,WE,Towers with Radar,290,194,58,8,550,0,0,1,0,1,290,194,59,8,551,0,0,0,551
11/04/2017,ANC,AK,AAL,WE,Towers with Radar,313,132,30,12,487,0,8,101,2,111,313,140,131,14,598,72,0,72,670
11/05/2017,ANC,AK,AAL,WE,Towers with Radar,265,131,25,8,429,0,4,5,2,11,265,135,30,10,440,0,0,0,440
11/06/2017,ANC,AK,AAL,WE,Towers with Radar,305,152,25,3,485,0,22,44,2,68,305,174,69,5,553,0,0,0,553
11/07/2017,ANC,AK,AAL,WE,Towers with Radar,299,157,26,11,493,0,21,121,6,148,299,178,147,17,641,28,0,28,669
11/08/2017,ANC,AK,AAL,WE,Towers with Radar,305,168,26,8,507,0,17,51,2,70,305,185,77,10,577,8,0,8,585
11/09/2017,ANC,AK,AAL,WE,Towers with Radar,322,173,24,4,523,0,3,11,0,14,322,176,35,4,537,20,0,20,557
11/10/2017,ANC,AK,AAL,WE,Towers with Radar,327,147,17,6,497,0,24,101,5,130,327,171,118,11,627,22,0,22,649
11/11/2017,ANC,AK,AAL,WE,Towers with Radar,300,100,19,6,425,0,8,58,2,68,300,108,77,8,493,36,0,36,529
11/12/2017,ANC,AK,AAL,WE,Towers with Radar,279,85,18,6,388,0,8,97,4,109,279,93,115,10,497,30,0,30,527
11/13/2017,ANC,AK,AAL,WE,Towers with Radar,302,131,31,5,469,0,28,62,2,92,302,159,93,7,561,28,0,28,589
11/14/2017,ANC,AK,AAL,WE,Towers with Radar,325,149,22,10,506,0,30,63,1,94,325,179,85,11,600,14,0,14,614
11/15/2017,ANC,AK,AAL,WE,Towers with Radar,289,145,17,13,464,1,39,88,1,129,290,184,105,14,593,2,0,2,595
11/16/2017,ANC,AK,AAL,WE,Towers with Radar,314,165,34,5,518,0,0,4,0,4,314,165,38,5,522,0,0,0,522
11/17/2017,ANC,AK,AAL,WE,Towers with Radar,314,164,43,6,527,0,8,25,0,33,314,172,68,6,560,2,0,2,562
11/18/2017,ANC,AK,AAL,WE,Towers with Radar,307,109,16,5,437,0,22,126,1,149,307,131,142,6,586,16,0,16,602
11/19/2017,ANC,AK,AAL,WE,Towers with Radar,250,77,13,1,341,0,1,0,0,1,250,78,13,1,342,0,0,0,342
11/20/2017,ANC,AK,AAL,WE,Towers with Radar,290,137,14,5,446,0,35,54,11,100,290,172,68,16,546,4,6,10,556
11/21/2017,ANC,AK,AAL,WE,Towers with Radar,292,168,27,9,496,1,17,45,8,71,293,185,72,17,567,6,0,6,573
11/22/2017,ANC,AK,AAL,WE,Towers with Radar,310,166,18,9,503,0,24,80,1,105,310,190,98,10,608,38,0,38,646
11/23/2017,ANC,AK,AAL,WE,Towers with Radar,273,29,10,1,313,0,3,27,0,30,273,32,37,1,343,0,0,0,343
11/24/2017,ANC,AK,AAL,WE,Towers with Radar,307,123,12,7,449,0,19,26,0,45,307,142,38,7,494,0,0,0,494
11/25/2017,ANC,AK,AAL,WE,Towers with Radar,324,118,12,3,457,0,26,82,0,108,324,144,94,3,565,50,0,50,615
11/26/2017,ANC,AK,AAL,WE,Towers with Radar,300,121,24,1,446,0,13,66,2,81,300,134,90,3,527,14,0,14,541
11/27/2017,ANC,AK,AAL,WE,Towers with Radar,295,144,22,1,462,0,23,50,2,75,295,167,72,3,537,26,0,26,563
11/28/2017,ANC,AK,AAL,WE,Towers with Radar,287,154,27,1,469,1,38,75,2,116,288,192,102,3,585,0,0,0,585
11/29/2017,ANC,AK,AAL,WE,Towers with Radar,293,163,25,5,486,0,22,47,2,71,293,185,72,7,557,0,0,0,557
11/30/2017,ANC,AK,AAL,WE,Towers with Radar,330,144,19,4,497,0,37,77,3,117,330,181,96,7,614,18,0,18,632
12/01/2017,ANC,AK,AAL,WE,Towers with Radar,287,169,20,4,480,0,9,47,1,57,287,178,67,5,537,34,0,34,571
12/02/2017,ANC,AK,AAL,WE,Towers with Radar,315,122,25,3,465,0,0,13,2,15,315,122,38,5,480,6,0,6,486
12/03/2017,ANC,AK,AAL,WE,Towers with Radar,256,81,16,2,355,0,0,7,0,7,256,81,23,2,362,0,0,0,362
12/04/2017,ANC,AK,AAL,WE,Towers with Radar,279,151,12,2,444,0,13,6,2,21,279,164,18,4,465,0,0,0,465
12/05/2017,ANC,AK,AAL,WE,Towers with Radar,274,171,25,4,474,0,22,45,2,69,274,193,70,6,543,4,0,4,547
12/06/2017,ANC,AK,AAL,WE,Towers with Radar,304,189,19,4,516,0,16,51,1,68,304,205,70,5,584,10,0,10,594
12/07/2017,ANC,AK,AAL,WE,Towers with Radar,314,170,16,3,503,0,13,25,0,38,314,183,41,3,541,6,0,6,547
12/08/2017,ANC,AK,AAL,WE,Towers with Radar,294,133,12,10,449,0,9,26,0,35,294,142,38,10,484,0,0,0,484
12/09/2017,ANC,AK,AAL,WE,Towers with Radar,307,120,16,10,453,0,14,43,2,59,307,134,59,12,512,0,0,0,512
12/10/2017,ANC,AK,AAL,WE,Towers with Radar,267,100,10,0,377,0,6,26,8,40,267,106,36,8,417,10,0,10,427
12/11/2017,ANC,AK,AAL,WE,Towers with Radar,274,150,14,2,440,0,13,12,2,27,274,163,26,4,467,0,0,0,467
12/12/2017,ANC,AK,AAL,WE,Towers with Radar,265,156,15,5,441,0,29,66,1,96,265,185,81,6,537,42,0,42,579
12/13/2017,ANC,AK,AAL,WE,Towers with Radar,293,167,23,6,489,0,25,39,3,67,293,192,62,9,556,4,0,4,560
12/14/2017,ANC,AK,AAL,WE,Towers with Radar,315,186,33,6,540,0,26,73,1,100,315,212,106,7,640,22,0,22,662
12/15/2017,ANC,AK,AAL,WE,Towers with Radar,298,152,24,3,477,0,6,29,0,35,298,158,53,3,512,0,0,0,512
12/16/2017,ANC,AK,AAL,WE,Towers with Radar,315,131,17,5,468,0,6,74,0,80,315,137,91,5,548,22,0,22,570
12/17/2017,ANC,AK,AAL,WE,Towers with Radar,255,106,17,3,381,0,11,43,0,54,255,117,60,3,435,4,0,4,439
12/18/2017,ANC,AK,AAL,WE,Towers with Radar,259,163,21,5,448,0,4,4,0,8,259,167,25,5,456,0,0,0,456
12/19/2017,ANC,AK,AAL,WE,Towers with Radar,253,187,41,8,489,0,3,8,0,11,253,190,49,8,500,0,0,0,500
12/20/2017,ANC,AK,AAL,WE,Towers with Radar,287,212,39,3,541,0,18,59,4,81,287,230,98,7,622,8,0,8,630
12/21/2017,ANC,AK,AAL,WE,Towers with Radar,304,167,27,3,501,0,21,71,4,96,304,188,98,7,597,44,0,44,641
12/22/2017,ANC,AK,AAL,WE,Towers with Radar,298,127,15,4,444,0,27,66,17,110,298,154,81,21,554,42,0,42,596
12/23/2017,ANC,AK,AAL,WE,Towers with Radar,296,110,16,5,427,0,14,71,0,85,296,124,87,5,512,8,0,8,520
12/24/2017,ANC,AK,AAL,WE,Towers with Radar,226,90,8,0,324,0,7,42,2,51,226,97,50,2,375,22,0,22,397
12/25/2017,ANC,AK,AAL,WE,Towers with Radar,207,37,5,0,249,0,5,25,0,30,207,42,30,0,279,14,0,14,293
12/26/2017,ANC,AK,AAL,WE,Towers with Radar,253,142,16,4,415,0,27,76,0,103,253,169,92,4,518,30,0,30,548
12/27/2017,ANC,AK,AAL,WE,Towers with Radar,266,92,24,4,386,0,0,0,0,0,266,92,24,4,386,0,0,0,386
12/28/2017,ANC,AK,AAL,WE,Towers with Radar,280,156,17,5,458,0,35,61,4,100,280,191,78,9,558,50,0,50,608
12/29/2017,ANC,AK,AAL,WE,Towers with Radar,285,168,17,4,474,0,33,56,3,92,285,201,73,7,566,24,0,24,590
12/30/2017,ANC,AK,AAL,WE,Towers with Radar,266,105,12,5,388,0,15,80,0,95,266,120,92,5,483,6,0,6,489
12/31/2017,ANC,AK,AAL,WE,Towers with Radar,218,76,6,0,300,0,9,31,0,40,218,85,37,0,340,0,0,0,340
01/01/2018,ANC,AK,AAL,WE,Towers with Radar,196,42,9,0,247,0,7,42,0,49,196,49,51,0,296,18,0,18,314
01/02/2018,ANC,AK,AAL,WE,Towers with Radar,225,165,14,2,406,0,25,16,0,41,225,190,30,2,447,0,0,0,447
01/03/2018,ANC,AK,AAL,WE,Towers with Radar,256,189,22,6,473,0,6,5,0,11,256,195,27,6,484,0,0,0,484
01/04/2018,ANC,AK,AAL,WE,Towers with Radar,282,193,33,3,511,0,11,11,0,22,282,204,44,3,533,0,0,0,533
01/05/2018,ANC,AK,AAL,WE,Towers with Radar,272,173,35,7,487,0,16,16,0,32,272,189,51,7,519,32,0,32,551
01/06/2018,ANC,AK,AAL,WE,Towers with Radar,288,129,12,3,432,0,32,70,2,104,288,161,82,5,536,34,0,34,570
01/07/2018,ANC,AK,AAL,WE,Towers with Radar,220,101,22,4,347,0,11,83,0,94,220,112,105,4,441,20,0,20,461
01/08/2018,ANC,AK,AAL,WE,Towers with Radar,236,179,33,4,452,0,7,15,0,22,236,186,48,4,474,4,0,4,478
01/09/2018,ANC,AK,AAL,WE,Towers with Radar,249,169,31,3,452,1,36,75,0,112,250,205,106,3,564,24,0,24,588
01/10/2018,ANC,AK,AAL,WE,Towers with Radar,271,176,27,1,475,0,19,38,0,57,271,195,65,1,532,8,0,8,540
01/11/2018,ANC,AK,AAL,WE,Towers with Radar,301,150,18,4,473,0,23,55,2,80,301,173,73,6,553,6,0,6,559
01/12/2018,ANC,AK,AAL,WE,Towers with Radar,282,157,26,4,469,0,29,54,1,84,282,186,80,5,553,2,0,2,555
01/13/2018,ANC,AK,AAL,WE,Towers with Radar,272,100,13,0,385,1,7,27,2,37,273,107,40,2,422,0,0,0,422
01/14/2018,ANC,AK,AAL,WE,Towers with Radar,234,98,14,2,348,0,17,65,0,82,234,115,79,2,430,6,0,6,436
01/15/2018,ANC,AK,AAL,WE,Towers with Radar,239,140,15,2,396,0,21,73,0,94,239,161,88,2,490,8,0,8,498
01/16/2018,ANC,AK,AAL,WE,Towers with Radar,253,153,20,5,431,0,28,32,1,61,253,181,52,6,492,30,0,30,522
01/17/2018,ANC,AK,AAL,WE,Towers with Radar,274,152,20,2,448,0,32,54,0,86,274,184,74,2,534,6,0,6,540
01/18/2018,ANC,AK,AAL,WE,Towers with Radar,295,173,17,8,493,0,19,58,1,78,295,192,75,9,571,14,0,14,585
01/19/2018,ANC,AK,AAL,WE,Towers with Radar,288,165,29,5,487,0,11,40,0,51,288,176,69,5,538,10,0,10,548
01/20/2018,ANC,AK,AAL,WE,Towers with Radar,282,127,10,0,419,0,9,88,0,97,282,136,98,0,516,0,0,0,516
01/21/2018,ANC,AK,AAL,WE,Towers with Radar,228,92,18,2,340,0,13,68,0,81,228,105,86,2,421,8,0,8,429
01/22/2018,ANC,AK,AAL,WE,Towers with Radar,258,140,29,4,431,0,31,56,0,87,258,171,85,4,518,40,0,40,558
01/23/2018,ANC,AK,AAL,WE,Towers with Radar,248,174,24,2,448,0,4,6,0,10,248,178,30,2,458,18,0,18,476
01/24/2018,ANC,AK,AAL,WE,Towers with Radar,280,165,30,4,479,0,40,53,3,96,280,205,83,7,575,4,0,4,579
01/25/2018,ANC,AK,AAL,WE,Towers with Radar,302,146,25,4,477,0,8,7,0,15,302,154,32,4,492,0,0,0,492
01/26/2018,ANC,AK,AAL,WE,Towers with Radar,296,140,22,7,465,0,27,85,3,115,296,167,107,10,580,26,0,26,606
01/27/2018,ANC,AK,AAL,WE,Towers with Radar,284,112,11,2,409,0,23,76,2,101,284,135,87,4,510,12,0,12,522
01/28/2018,ANC,AK,AAL,WE,Towers with Radar,249,98,20,4,371,0,14,74,0,88,249,112,94,4,459,30,0,30,489
01/29/2018,ANC,AK,AAL,WE,Towers with Radar,257,138,29,5,429,0,23,19,2,44,257,161,48,7,473,18,0,18,491
01/30/2018,ANC,AK,AAL,WE,Towers with Radar,262,128,16,7,413,0,37,57,3,97,262,165,73,10,510,29,2,31,541
01/31/2018,ANC,AK,AAL,WE,Towers with Radar,281,138,25,5,449,0,37,42,2,81,281,175,67,7,530,20,0,20,550
02/01/2018,ANC,AK,AAL,WE,Towers with Radar,296,135,42,6,479,0,36,93,2,131,296,171,135,8,610,114,0,114,724
02/02/2018,ANC,AK,AAL,WE,Towers with Radar,286,131,26,4,447,0,25,85,0,110,286,156,111,4,557,24,0,24,581
02/03/2018,ANC,AK,AAL,WE,Towers with Radar,280,102,30,6,418,0,19,120,0,139,280,121,150,6,557,54,0,54,611
02/04/2018,ANC,AK,AAL,WE,Towers with Radar,236,89,16,0,341,0,19,70,0,89,236,108,86,0,430,6,0,6,436
02/05/2018,ANC,AK,AAL,WE,Towers with Radar,273,131,25,1,430,0,11,51,0,62,273,142,76,1,492,6,0,6,498
02/06/2018,ANC,AK,AAL,WE,Towers with Radar,258,166,17,3,444,0,8,9,4,21,258,174,26,7,465,0,0,0,465
02/07/2018,ANC,AK,AAL,WE,Towers with Radar,296,172,35,3,506,0,4,10,0,14,296,176,45,3,520,8,0,8,528
02/08/2018,ANC,AK,AAL,WE,Towers with Radar,319,162,42,9,532,0,21,51,4,76,319,183,93,13,608,23,0,23,631
02/09/2018,ANC,AK,AAL,WE,Towers with Radar,290,119,22,5,436,0,36,124,2,162,290,155,146,7,598,26,0,26,624
02/10/2018,ANC,AK,AAL,WE,Towers with Radar,292,116,18,11,437,0,5,94,2,101,292,121,112,13,538,8,0,8,546
02/11/2018,ANC,AK,AAL,WE,Towers with Radar,256,97,10,2,365,0,5,26,2,33,256,102,36,4,398,6,0,6,404
02/12/2018,ANC,AK,AAL,WE,Towers with Radar,285,140,27,0,452,0,3,4,0,7,285,143,31,0,459,0,0,0,459
02/13/2018,ANC,AK,AAL,WE,Towers with Radar,238,142,32,10,422,0,36,132,7,175,238,178,164,17,597,70,0,70,667
02/14/2018,ANC,AK,AAL,WE,Towers with Radar,283,167,24,9,483,0,22,42,3,67,283,189,66,12,550,8,0,8,558
02/15/2018,ANC,AK,AAL,WE,Towers with Radar,300,177,37,3,517,0,2,31,0,33,300,179,68,3,550,2,0,2,552
02/16/2018,ANC,AK,AAL,WE,Towers with Radar,281,167,24,1,473,0,41,75,1,117,281,208,99,2,590,24,0,24,614
02/17/2018,ANC,AK,AAL,WE,Towers with Radar,256,123,20,10,409,0,9,98,1,108,256,132,118,11,517,18,0,18,535
02/18/2018,ANC,AK,AAL,WE,Towers with Radar,182,99,15,0,296,0,8,75,0,83,182,107,90,0,379,48,0,48,427
02/19/2018,ANC,AK,AAL,WE,Towers with Radar,178,145,33,0,356,0,8,35,0,43,178,153,68,0,399,0,0,0,399
02/20/2018,ANC,AK,AAL,WE,Towers with Radar,194,182,42,2,420,0,1,0,0,1,194,183,42,2,421,0,0,0,421
02/21/2018,ANC,AK,AAL,WE,Towers with Radar,205,164,41,5,415,1,33,80,1,115,206,197,121,6,530,28,0,28,558
02/22/2018,ANC,AK,AAL,WE,Towers with Radar,205,137,40,2,384,0,0,2,0,2,205,137,42,2,386,0,0,0,386
02/23/2018,ANC,AK,AAL,WE,Towers with Radar,224,153,36,3,416,0,89,87,0,176,224,242,123,3,592,26,0,26,618
02/24/2018,ANC,AK,AAL,WE,Towers with Radar,230,107,24,8,369,0,5,25,0,30,230,112,49,8,399,12,0,12,411
02/25/2018,ANC,AK,AAL,WE,Towers with Radar,193,104,19,6,322,0,23,119,0,142,193,127,138,6,464,18,0,18,482
02/26/2018,ANC,AK,AAL,WE,Towers with Radar,208,119,22,3,352,0,0,1,0,1,208,119,23,3,353,0,0,0,353
02/27/2018,ANC,AK,AAL,WE,Towers with Radar,234,151,20,5,410,0,69,74,0,143,234,220,94,5,553,14,0,14,567
02/28/2018,ANC,AK,AAL,WE,Towers with Radar,265,153,21,5,444,0,53,88,0,141,265,206,109,5,585,22,0,22,607
03/01/2018,ANC,AK,AAL,WE,Towers with Radar,290,155,18,5,468,0,44,106,0,150,290,199,124,5,618,14,0,14,632
03/02/2018,ANC,AK,AAL,WE,Towers with Radar,271,175,29,6,481,0,41,128,1,170,271,216,157,7,651,28,0,28,679
03/03/2018,ANC,AK,AAL,WE,Towers with Radar,274,124,26,7,431,0,5,32,0,37,274,129,58,7,468,0,0,0,468
03/04/2018,ANC,AK,AAL,WE,Towers with Radar,218,118,19,1,356,0,44,214,0,258,218,162,233,1,614,50,0,50,664
03/05/2018,ANC,AK,AAL,WE,Towers with Radar,235,167,27,4,433,0,60,173,1,234,235,227,200,5,667,31,0,31,698
03/06/2018,ANC,AK,AAL,WE,Towers with Radar,251,193,29,4,477,0,27,72,1,100,251,220,101,5,577,46,0,46,623
03/07/2018,ANC,AK,AAL,WE,Towers with Radar,258,166,32,11,467,0,31,106,1,138,258,197,138,12,605,10,0,10,615
03/08/2018,ANC,AK,AAL,WE,Towers with Radar,306,159,34,6,505,0,7,2,0,9,306,166,36,6,514,0,0,0,514
03/09/2018,ANC,AK,AAL,WE,Towers with Radar,287,183,33,11,514,0,29,45,7,81,287,212,78,18,595,18,0,18,613
03/10/2018,ANC,AK,AAL,WE,Towers with Radar,289,146,26,8,469,0,28,154,0,182,289,174,180,8,651,54,0,54,705
03/11/2018,ANC,AK,AAL,WE,Towers with Radar,235,108,13,3,359,0,26,113,0,139,235,134,126,3,498,12,0,12,510
03/12/2018,ANC,AK,AAL,WE,Towers with Radar,254,157,21,6,438,0,36,145,2,183,254,193,166,8,621,19,0,19,640
03/13/2018,ANC,AK,AAL,WE,Towers with Radar,258,169,30,5,462,0,33,97,2,132,258,202,127,7,594,42,0,42,636
03/14/2018,ANC,AK,AAL,WE,Towers with Radar,289,159,24,5,477,0,59,78,4,141,289,218,102,9,618,58,2,60,678
03/15/2018,ANC,AK,AAL,WE,Towers with Radar,303,192,30,15,540,0,31,103,7,141,303,223,133,22,681,14,0,14,695
03/16/2018,ANC,AK,AAL,WE,Towers with Radar,279,170,25,5,479,0,18,37,3,58,279,188,62,8,537,2,0,2,539
03/17/2018,ANC,AK,AAL,WE,Towers with Radar,292,129,25,6,452,0,13,58,0,71,292,142,83,6,523,14,0,14,537
03/18/2018,ANC,AK,AAL,WE,Towers with Radar,241,111,18,2,372,0,15,55,2,72,241,126,73,4,444,6,0,6,450
03/19/2018,ANC,AK,AAL,WE,Towers with Radar,265,173,24,0,462,0,21,36,2,59,265,194,60,2,521,0,0,0,521
03/20/2018,ANC,AK,AAL,WE,Towers with Radar,253,157,17,6,433,0,48,162,4,214,253,205,179,10,647,66,0,66,713
03/21/2018,ANC,AK,AAL,WE,Towers with Radar,289,159,22,10,480,0,46,92,5,143,289,205,114,15,623,8,0,8,631
03/22/2018,ANC,AK,AAL,WE,Towers with Radar,313,158,22,9,502,0,61,108,3,172,313,219,130,12,674,16,0,16,690
03/23/2018,ANC,AK,AAL,WE,Towers with Radar,300,152,34,5,491,0,65,246,5,316,300,217,280,10,807,35,0,35,842
03/24/2018,ANC,AK,AAL,WE,Towers with Radar,297,105,10,6,418,0,63,185,0,248,297,168,195,6,666,50,0,50,716
03/25/2018,ANC,AK,AAL,WE,Towers with Radar,235,82,13,4,334,0,18,212,4,234,235,100,225,8,568,64,0,64,632
03/26/2018,ANC,AK,AAL,WE,Towers with Radar,284,155,23,3,465,0,58,112,1,171,284,213,135,4,636,10,0,10,646
03/27/2018,ANC,AK,AAL,WE,Towers with Radar,248,170,20,5,443,0,35,130,2,167,248,205,150,7,610,24,0,24,634
03/28/2018,ANC,AK,AAL,WE,Towers with Radar,310,176,22,4,512,0,39,51,2,92,310,215,73,6,604,28,0,28,632
03/29/2018,ANC,AK,AAL,WE,Towers with Radar,321,153,30,4,508,0,49,152,3,204,321,202,182,7,712,20,0,20,732
03/30/2018,ANC,AK,AAL,WE,Towers with Radar,288,171,14,5,478,0,47,222,1,270,288,218,236,6,748,80,0,80,828
03/31/2018,ANC,AK,AAL,WE,Towers with Radar,305,102,17,5,429,0,34,228,5,267,305,136,245,10,696,48,0,48,744
04/01/2018,ANC,AK,AAL,WE,Towers with Radar,261,99,14,3,377,0,22,157,3,182,261,121,171,6,559,38,0,38,597
04/02/2018,ANC,AK,AAL,WE,Towers with Radar,271,165,21,3,460,0,50,94,0,144,271,215,115,3,604,46,0,46,650
04/03/2018,ANC,AK,AAL,WE,Towers with Radar,243,170,25,1,439,0,48,126,0,174,243,218,151,1,613,42,0,42,655
04/04/2018,ANC,AK,AAL,WE,Towers with Radar,299,180,30,5,514,0,11,56,0,67,299,191,86,5,581,64,0,64,645
04/05/2018,ANC,AK,AAL,WE,Towers with Radar,317,162,21,5,505,0,35,143,2,180,317,197,164,7,685,0,0,0,685
04/06/2018,ANC,AK,AAL,WE,Towers with Radar,288,156,23,4,471,0,28,172,2,202,288,184,195,6,673,34,0,34,707
04/07/2018,ANC,AK,AAL,WE,Towers with Radar,285,118,9,3,415,0,32,223,0,255,285,150,232,3,670,10,0,10,680
04/08/2018,ANC,AK,AAL,WE,Towers with Radar,241,74,27,0,342,0,18,222,0,240,241,92,249,0,582,18,0,18,600
04/09/2018,ANC,AK,AAL,WE,Towers with Radar,249,164,22,2,437,0,63,116,0,179,249,227,138,2,616,14,0,14,630
04/10/2018,ANC,AK,AAL,WE,Towers with Radar,243,155,34,4,436,0,37,137,3,177,243,192,171,7,613,28,0,28,641
04/11/2018,ANC,AK,AAL,WE,Towers with Radar,285,176,17,5,483,0,39,149,0,188,285,215,166,5,671,58,0,58,729
04/12/2018,ANC,AK,AAL,WE,Towers with Radar,319,171,25,10,525,0,44,227,2,273,319,215,252,12,798,66,0,66,864
04/13/2018,ANC,AK,AAL,WE,Towers with Radar,286,159,32,5,482,0,39,212,6,257,286,198,244,11,739,10,0,10,749
04/14/2018,ANC,AK,AAL,WE,Towers with Radar,286,116,23,6,431,0,31,237,0,268,286,147,260,6,699,32,0,32,731
04/15/2018,ANC,AK,AAL,WE,Towers with Radar,241,97,20,3,361,0,36,267,0,303,241,133,287,3,664,66,0,66,730
04/16/2018,ANC,AK,AAL,WE,Towers with Radar,249,140,23,7,419,0,45,124,4,173,249,185,147,11,592,27,0,27,619
04/17/2018,ANC,AK,AAL,WE,Towers with Radar,253,175,28,8,464,0,47,136,3,186,253,222,164,11,650,42,0,42,692
04/18/2018,ANC,AK,AAL,WE,Towers with Radar,288,173,38,7,506,0,44,128,1,173,288,217,166,8,679,10,2,12,691
04/19/2018,ANC,AK,AAL,WE,Towers with Radar,308,166,32,3,509,0,47,189,2,238,308,213,221,5,747,42,0,42,789
04/20/2018,ANC,AK,AAL,WE,Towers with Radar,283,177,33,5,498,1,34,86,1,122,284,211,119,6,620,6,0,6,626
04/21/2018,ANC,AK,AAL,WE,Towers with Radar,304,137,33,4,478,0,21,96,1,118,304,158,129,5,596,18,0,18,614
04/22/2018,ANC,AK,AAL,WE,Towers with Radar,246,102,14,0,362,0,31,146,0,177,246,133,160,0,539,62,0,62,601
04/23/2018,ANC,AK,AAL,WE,Towers with Radar,266,157,19,1,443,0,33,71,3,107,266,190,90,4,550,20,0,20,570
04/24/2018,ANC,AK,AAL,WE,Towers with Radar,244,105,23,5,377,0,18,7,0,25,244,123,30,5,402,0,0,0,402
04/25/2018,ANC,AK,AAL,WE,Towers with Radar,293,174,29,5,501,0,39,39,2,80,293,213,68,7,581,16,0,16,597
04/26/2018,ANC,AK,AAL,WE,Towers with Radar,332,179,28,8,547,0,28,79,1,108,332,207,107,9,655,0,0,0,655
04/27/2018,ANC,AK,AAL,WE,Towers with Radar,290,187,17,4,498,0,51,36,3,90,290,238,53,7,588,4,0,4,592
04/28/2018,ANC,AK,AAL,WE,Towers with Radar,296,140,9,5,450,0,5,33,0,38,296,145,42,5,488,6,0,6,494
04/29/2018,ANC,AK,AAL,WE,Towers with Radar,243,111,20,5,379,0,5,23,0,28,243,116,43,5,407,8,0,8,415
04/30/2018,ANC,AK,AAL,WE,Towers with Radar,254,171,20,4,449,0,34,57,0,91,254,205,77,4,540,0,0,0,540
05/01/2018,ANC,AK,AAL,WE,Towers with Radar,238,148,28,23,437,1,37,97,4,139,239,185,125,27,576,48,12,60,636
05/02/2018,ANC,AK,AAL,WE,Towers with Radar,271,189,28,12,500,0,54,190,3,247,271,243,218,15,747,37,0,37,784
05/03/2018,ANC,AK,AAL,WE,Towers with Radar,288,179,28,9,504,0,37,112,5,154,288,216,140,14,658,20,0,20,678
05/04/2018,ANC,AK,AAL,WE,Towers with Radar,283,167,21,7,478,0,26,64,7,97,283,193,85,14,575,42,0,42,617
05/05/2018,ANC,AK,AAL,WE,Towers with Radar,288,135,26,8,457,0,17,72,0,89,288,152,98,8,546,18,0,18,564
05/06/2018,ANC,AK,AAL,WE,Towers with Radar,243,115,21,6,385,0,10,83,3,96,243,125,104,9,481,32,0,32,513
05/07/2018,ANC,AK,AAL,WE,Towers with Radar,253,163,27,4,447,0,69,283,3,355,253,232,310,7,802,58,0,58,860
05/08/2018,ANC,AK,AAL,WE,Towers with Radar,260,158,25,7,450,1,74,180,0,255,261,232,205,7,705,42,0,42,747
05/09/2018,ANC,AK,AAL,WE,Towers with Radar,308,179,34,12,533,0,65,238,9,312,308,244,272,21,845,94,0,94,939
05/10/2018,ANC,AK,AAL,WE,Towers with Radar,324,161,34,6,525,0,57,131,2,190,324,218,165,8,715,22,0,22,737
05/11/2018,ANC,AK,AAL,WE,Towers with Radar,298,183,38,4,523,0,15,60,0,75,298,198,98,4,598,16,0,16,614
05/12/2018,ANC,AK,AAL,WE,Towers with Radar,302,127,17,2,448,0,11,133,0,144,302,138,150,2,592,38,0,38,630
05/13/2018,ANC,AK,AAL,WE,Towers with Radar,270,113,14,3,400,0,44,303,0,347,270,157,317,3,747,64,0,64,811
05/14/2018,ANC,AK,AAL,WE,Towers with Radar,267,171,25,3,466,2,62,206,0,270,269,233,231,3,736,46,0,46,782
05/15/2018,ANC,AK,AAL,WE,Towers with Radar,260,184,42,7,493,0,60,166,1,227,260,244,208,8,720,48,0,48,768
05/16/2018,ANC,AK,AAL,WE,Towers with Radar,313,184,40,7,544,0,45,131,2,178,313,229,171,9,722,10,0,10,732
05/17/2018,ANC,AK,AAL,WE,Towers with Radar,320,180,35,5,540,2,55,168,0,225,322,235,203,5,765,16,0,16,781
05/18/2018,ANC,AK,AAL,WE,Towers with Radar,320,209,50,11,590,0,36,116,0,152,320,245,166,11,742,18,0,18,760
05/19/2018,ANC,AK,AAL,WE,Towers with Radar,308,128,22,8,466,0,50,241,1,292,308,178,263,9,758,66,0,66,824
05/20/2018,ANC,AK,AAL,WE,Towers with Radar,279,113,19,5,416,0,44,278,0,322,279,157,297,5,738,39,0,39,777
05/21/2018,ANC,AK,AAL,WE,Towers with Radar,280,151,19,7,457,1,72,237,5,315,281,223,256,12,772,58,0,58,830
05/22/2018,ANC,AK,AAL,WE,Towers with Radar,269,171,26,1,467,0,109,273,2,384,269,280,299,3,851,48,0,48,899
05/23/2018,ANC,AK,AAL,WE,Towers with Radar,306,170,36,9,521,0,93,259,0,352,306,263,295,9,873,66,0,66,939
05/24/2018,ANC,AK,AAL,WE,Towers with Radar,314,176,27,6,523,0,102,214,0,316,314,278,241,6,839,95,0,95,934
05/25/2018,ANC,AK,AAL,WE,Towers with Radar,311,184,31,6,532,0,105,398,5,508,311,289,429,11,1040,74,0,74,1114
05/26/2018,ANC,AK,AAL,WE,Towers with Radar,326,143,21,7,497,0,85,328,0,413,326,228,349,7,910,16,0,16,926
05/27/2018,ANC,AK,AAL,WE,Towers with Radar,266,95,12,9,382,1,100,314,0,415,267,195,326,9,797,36,0,36,833
05/28/2018,ANC,AK,AAL,WE,Towers with Radar,264,101,24,7,396,0,128,389,0,517,264,229,413,7,913,34,0,34,947
05/29/2018,ANC,AK,AAL,WE,Towers with Radar,280,186,25,5,496,0,75,158,3,236,280,261,183,8,732,8,0,8,740
05/30/2018,ANC,AK,AAL,WE,Towers with Radar,321,193,28,9,551,2,92,227,2,323,323,285,255,11,874,14,0,14,888
05/31/2018,ANC,AK,AAL,WE,Towers with Radar,350,169,37,6,562,3,105,427,2,537,353,274,464,8,1099,84,0,84,1183
06/01/2018,ANC,AK,AAL,WE,Towers with Radar,312,182,19,3,516,2,150,431,2,585,314,332,450,5,1101,62,0,62,1163
06/02/2018,ANC,AK,AAL,WE,Towers with Radar,334,156,15,3,508,2,116,370,4,492,336,272,385,7,1000,24,0,24,1024
06/03/2018,ANC,AK,AAL,WE,Towers with Radar,299,143,29,6,477,0,145,411,0,556,299,288,440,6,1033,2,0,2,1035
06/04/2018,ANC,AK,AAL,WE,Towers with Radar,296,176,18,7,497,0,121,322,0,443,296,297,340,7,940,46,0,46,986
06/05/2018,ANC,AK,AAL,WE,Towers with Radar,295,207,39,6,547,2,138,279,2,421,297,345,318,8,968,52,0,52,1020
06/06/2018,ANC,AK,AAL,WE,Towers with Radar,336,205,48,11,600,0,96,271,0,367,336,301,319,11,967,56,0,56,1023
06/07/2018,ANC,AK,AAL,WE,Towers with Radar,371,194,36,4,605,0,224,410,4,638,371,418,446,8,1243,108,0,108,1351
06/08/2018,ANC,AK,AAL,WE,Towers with Radar,362,207,33,6,608,0,166,415,0,581,362,373,448,6,1189,56,0,56,1245
06/09/2018,ANC,AK,AAL,WE,Towers with Radar,356,149,20,8,533,0,135,384,0,519,356,284,404,8,1052,14,0,14,1066
06/10/2018,ANC,AK,AAL,WE,Towers with Radar,311,127,33,5,476,0,154,395,0,549,311,281,428,5,1025,20,0,20,1045
06/11/2018,ANC,AK,AAL,WE,Towers with Radar,335,199,27,2,563,0,168,228,1,397,335,367,255,3,960,38,1,39,999
06/12/2018,ANC,AK,AAL,WE,Towers with Radar,309,185,41,4,539,4,178,308,1,491,313,363,349,5,1030,20,0,20,1050
06/13/2018,ANC,AK,AAL,WE,Towers with Radar,356,201,33,6,596,0,154,525,4,683,356,355,558,10,1279,28,0,28,1307
06/14/2018,ANC,AK,AAL,WE,Towers with Radar,377,185,44,10,616,0,155,360,2,517,377,340,404,12,1133,10,0,10,1143
06/15/2018,ANC,AK,AAL,WE,Towers with Radar,368,206,46,6,626,0,81,118,2,201,368,287,164,8,827,10,0,10,837
06/16/2018,ANC,AK,AAL,WE,Towers with Radar,367,165,35,5,572,0,86,118,0,204,367,251,153,5,776,8,0,8,784
06/17/2018,ANC,AK,AAL,WE,Towers with Radar,314,145,46,5,510,0,140,189,0,329,314,285,235,5,839,22,0,22,861
06/18/2018,ANC,AK,AAL,WE,Towers with Radar,338,193,39,5,575,0,88,120,1,209,338,281,159,6,784,10,0,10,794
06/19/2018,ANC,AK,AAL,WE,Towers with Radar,304,191,35,7,537,0,178,264,6,448,304,369,299,13,985,34,0,34,1019
06/20/2018,ANC,AK,AAL,WE,Towers with Radar,343,204,38,5,590,0,184,467,6,657,343,388,505,11,1247,44,0,44,1291
06/21/2018,ANC,AK,AAL,WE,Towers with Radar,382,183,49,8,622,0,174,294,1,469,382,357,343,9,1091,16,0,16,1107
06/22/2018,ANC,AK,AAL,WE,Towers with Radar,344,233,66,8,651,0,152,218,7,377,344,385,284,15,1028,66,0,66,1094
06/23/2018,ANC,AK,AAL,WE,Towers with Radar,369,157,37,8,571,0,181,377,0,558,369,338,414,8,1129,18,0,18,1147
06/24/2018,ANC,AK,AAL,WE,Towers with Radar,305,128,32,8,473,0,184,387,0,571,305,312,419,8,1044,24,0,24,1068
06/25/2018,ANC,AK,AAL,WE,Towers with Radar,323,215,35,9,582,0,162,315,2,479,323,377,350,11,1061,22,0,22,1083
06/26/2018,ANC,AK,AAL,WE,Towers with Radar,334,196,33,10,573,0,160,328,2,490,334,356,361,12,1063,38,0,38,1101
06/27/2018,ANC,AK,AAL,WE,Towers with Radar,349,193,44,15,601,0,147,241,0,388,349,340,285,15,989,54,0,54,1043
06/28/2018,ANC,AK,AAL,WE,Towers with Radar,380,189,37,14,620,0,181,345,4,530,380,370,382,18,1150,18,0,18,1168
06/29/2018,ANC,AK,AAL,WE,Towers with Radar,372,182,38,11,603,0,189,366,2,557,372,371,404,13,1160,10,0,10,1170
06/30/2018,ANC,AK,AAL,WE,Towers with Radar,372,183,35,8,598,0,175,390,1,566,372,358,425,9,1164,14,0,14,1178
07/01/2018,ANC,AK,AAL,WE,Towers with Radar,304,139,29,8,480,0,207,439,2,648,304,346,468,10,1128,14,0,14,1142
07/02/2018,ANC,AK,AAL,WE,Towers with Radar,329,177,25,9,540,0,191,413,0,604,329,368,438,9,1144,48,0,48,1192
07/03/2018,ANC,AK,AAL,WE,Towers with Radar,307,188,20,6,521,0,239,553,1,793,307,427,573,7,1314,26,0,26,1340
07/04/2018,ANC,AK,AAL,WE,Towers with Radar,325,116,18,6,465,1,167,427,0,595,326,283,445,6,1060,34,0,34,1094
07/05/2018,ANC,AK,AAL,WE,Towers with Radar,382,185,34,13,614,0,215,403,2,620,382,400,437,15,1234,30,0,30,1264
07/06/2018,ANC,AK,AAL,WE,Towers with Radar,353,196,28,9,586,0,203,470,6,679,353,399,498,15,1265,30,0,30,1295
07/07/2018,ANC,AK,AAL,WE,Towers with Radar,380,143,25,3,551,0,137,216,0,353,380,280,241,3,904,6,0,6,910
07/08/2018,ANC,AK,AAL,WE,Towers with Radar,321,145,41,7,514,0,100,102,0,202,321,245,143,7,716,6,0,6,722
07/09/2018,ANC,AK,AAL,WE,Towers with Radar,317,178,35,8,538,0,133,141,1,275,317,311,176,9,813,24,0,24,837
07/10/2018,ANC,AK,AAL,WE,Towers with Radar,308,203,43,9,563,0,168,211,0,379,308,371,254,9,942,15,0,15,957
07/11/2018,ANC,AK,AAL,WE,Towers with Radar,335,223,36,10,604,0,139,197,2,338,335,362,233,12,942,28,0,28,970
07/12/2018,ANC,AK,AAL,WE,Towers with Radar,382,202,25,14,623,0,195,400,3,598,382,397,425,17,1221,58,0,58,1279
07/13/2018,ANC,AK,AAL,WE,Towers with Radar,370,195,46,15,626,0,159,312,2,473,370,354,358,17,1099,24,0,24,1123
07/14/2018,ANC,AK,AAL,WE,Towers with Radar,361,167,24,11,563,0,156,311,0,467,361,323,335,11,1030,10,0,10,1040
07/15/2018,ANC,AK,AAL,WE,Towers with Radar,313,145,38,7,503,0,158,443,1,602,313,303,481,8,1105,10,0,10,1115
07/16/2018,ANC,AK,AAL,WE,Towers with Radar,332,182,51,10,575,2,191,269,4,466,334,373,320,14,1041,32,0,32,1073
07/17/2018,ANC,AK,AAL,WE,Towers with Radar,302,181,42,7,532,0,222,385,2,609,302,403,427,9,1141,38,0,38,1179
07/18/2018,ANC,AK,AAL,WE,Towers with Radar,361,176,40,7,584,0,257,410,2,669,361,433,450,9,1253,48,0,48,1301
07/19/2018,ANC,AK,AAL,WE,Towers with Radar,374,192,45,7,618,2,200,459,0,661,376,392,504,7,1279,24,0,24,1303
07/20/2018,ANC,AK,AAL,WE,Towers with Radar,365,264,107,8,744,0,108,237,0,345,365,372,344,8,1089,16,0,16,1105
07/21/2018,ANC,AK,AAL,WE,Towers with Radar,369,169,36,6,580,0,191,397,1,589,369,360,433,7,1169,30,0,30,1199
07/22/2018,ANC,AK,AAL,WE,Towers with Radar,320,157,32,4,513,6,219,409,0,634,326,376,441,4,1147,56,0,56,1203
07/23/2018,ANC,AK,AAL,WE,Towers with Radar,320,184,41,4,549,0,198,336,0,534,320,382,377,4,1083,46,0,46,1129
07/24/2018,ANC,AK,AAL,WE,Towers with Radar,314,200,53,6,573,0,186,294,2,482,314,386,347,8,1055,56,0,56,1111
07/25/2018,ANC,AK,AAL,WE,Towers with Radar,352,229,43,8,632,0,142,201,5,348,352,371,244,13,980,46,0,46,1026
07/26/2018,ANC,AK,AAL,WE,Towers with Radar,386,201,57,9,653,0,165,243,0,408,386,366,300,9,1061,22,0,22,1083
07/27/2018,ANC,AK,AAL,WE,Towers with Radar,352,219,51,4,626,0,174,277,2,453,352,393,328,6,1079,48,0,48,1127
07/28/2018,ANC,AK,AAL,WE,Towers with Radar,373,166,46,6,591,0,185,468,2,655,373,351,514,8,1246,6,0,6,1252
07/29/2018,ANC,AK,AAL,WE,Towers with Radar,331,137,37,6,511,0,227,467,1,695,331,364,504,7,1206,12,0,12,1218
07/30/2018,ANC,AK,AAL,WE,Towers with Radar,333,195,33,2,563,0,216,379,2,597,333,411,412,4,1160,28,0,28,1188
07/31/2018,ANC,AK,AAL,WE,Towers with Radar,303,193,47,4,547,0,203,480,0,683,303,396,527,4,1230,30,0,30,1260
08/01/2018,ANC,AK,AAL,WE,Towers with Radar,352,231,69,7,659,0,139,203,0,342,352,370,272,7,1001,54,0,54,1055
08/02/2018,ANC,AK,AAL,WE,Towers with Radar,373,220,56,6,655,0,101,105,0,206,373,321,161,6,861,60,0,60,921
08/03/2018,ANC,AK,AAL,WE,Towers with Radar,364,211,40,8,623,0,231,447,3,681,364,442,487,11,1304,36,0,36,1340
08/04/2018,ANC,AK,AAL,WE,Towers with Radar,371,172,20,5,568,0,192,450,4,646,371,364,470,9,1214,4,0,4,1218
08/05/2018,ANC,AK,AAL,WE,Towers with Radar,312,132,39,5,488,0,175,164,0,339,312,307,203,5,827,4,0,4,831
08/06/2018,ANC,AK,AAL,WE,Towers with Radar,320,180,42,3,545,0,157,168,0,325,320,337,210,3,870,24,0,24,894
08/07/2018,ANC,AK,AAL,WE,Towers with Radar,325,223,41,7,596,0,121,128,0,249,325,344,169,7,845,10,0,10,855
08/08/2018,ANC,AK,AAL,WE,Towers with Radar,347,196,37,7,587,3,243,403,0,649,350,439,440,7,1236,86,0,86,1322
08/09/2018,ANC,AK,AAL,WE,Towers with Radar,353,190,42,4,589,0,210,426,0,636,353,400,468,4,1225,22,0,22,1247
08/10/2018,ANC,AK,AAL,WE,Towers with Radar,358,201,51,4,614,2,252,495,4,753,360,453,546,8,1367,50,0,50,1417
08/11/2018,ANC,AK,AAL,WE,Towers with Radar,361,167,35,7,570,0,134,195,0,329,361,301,230,7,899,30,0,30,929
08/12/2018,ANC,AK,AAL,WE,Towers with Radar,332,125,34,2,493,0,79,80,0,159,332,204,114,2,652,4,0,4,656
08/13/2018,ANC,AK,AAL,WE,Towers with Radar,339,204,45,7,595,0,136,97,4,237,339,340,142,11,832,24,0,24,856
08/14/2018,ANC,AK,AAL,WE,Towers with Radar,303,189,47,5,544,0,183,151,3,337,303,372,198,8,881,26,0,26,907
08/15/2018,ANC,AK,AAL,WE,Towers with Radar,349,205,43,7,604,0,179,228,0,407,349,384,271,7,1011,58,0,58,1069
08/16/2018,ANC,AK,AAL,WE,Towers with Radar,373,209,47,10,639,0,196,364,1,561,373,405,411,11,1200,54,0,54,1254
08/17/2018,ANC,AK,AAL,WE,Towers with Radar,352,184,47,6,589,0,185,422,3,610,352,369,469,9,1199,36,0,36,1235
08/18/2018,ANC,AK,AAL,WE,Towers with Radar,379,145,32,6,562,0,210,397,3,610,379,355,429,9,1172,18,0,18,1190
08/19/2018,ANC,AK,AAL,WE,Towers with Radar,305,173,67,7,552,0,127,178,0,305,305,300,245,7,857,10,0,10,867
08/20/2018,ANC,AK,AAL,WE,Towers with Radar,317,185,57,8,567,0,121,128,0,249,317,306,185,8,816,26,0,26,842
08/21/2018,ANC,AK,AAL,WE,Towers with Radar,290,237,64,4,595,0,50,35,1,86,290,287,99,5,681,2,0,2,683
08/22/2018,ANC,AK,AAL,WE,Towers with Radar,347,199,46,7,599,0,177,449,2,628,347,376,495,9,1227,64,0,64,1291
08/23/2018,ANC,AK,AAL,WE,Towers with Radar,373,231,54,6,664,0,94,79,0,173,373,325,133,6,837,36,0,36,873
08/24/2018,ANC,AK,AAL,WE,Towers with Radar,356,199,59,4,618,0,167,283,0,450,356,366,342,4,1068,14,0,14,1082
08/25/2018,ANC,AK,AAL,WE,Towers with Radar,357,163,57,4,581,0,190,435,2,627,357,353,492,6,1208,24,0,24,1232
08/26/2018,ANC,AK,AAL,WE,Towers with Radar,299,154,45,4,502,0,40,28,0,68,299,194,73,4,570,6,0,6,576
08/27/2018,ANC,AK,AAL,WE,Towers with Radar,303,171,42,4,520,0,197,279,2,478,303,368,321,6,998,20,0,20,1018
08/28/2018,ANC,AK,AAL,WE,Towers with Radar,281,201,37,4,523,0,139,413,1,553,281,340,450,5,1076,26,0,26,1102
08/29/2018,ANC,AK,AAL,WE,Towers with Radar,324,175,40,7,546,0,176,466,1,643,324,351,506,8,1189,50,0,50,1239
08/30/2018,ANC,AK,AAL,WE,Towers with Radar,352,188,34,8,582,0,104,113,1,218,352,292,147,9,800,6,0,6,806
08/31/2018,ANC,AK,AAL,WE,Towers with Radar,328,175,55,8,566,0,223,546,2,771,328,398,601,10,1337,18,0,18,1355
09/01/2018,ANC,AK,AAL,WE,Towers with Radar,335,156,30,8,529,0,168,417,1,586,335,324,447,9,1115,8,0,8,1123
09/02/2018,ANC,AK,AAL,WE,Towers with Radar,258,104,21,5,388,0,173,339,0,512,258,277,360,5,900,0,0,0,900
09/03/2018,ANC,AK,AAL,WE,Towers with Radar,278,104,20,6,408,0,210,510,2,722,278,314,530,8,1130,30,0,30,1160
09/04/2018,ANC,AK,AAL,WE,Towers with Radar,289,179,48,6,522,0,142,315,2,459,289,321,363,8,981,44,0,44,1025
09/05/2018,ANC,AK,AAL,WE,Towers with Radar,331,185,31,5,552,0,147,413,1,561,331,332,444,6,1113,50,0,50,1163
09/06/2018,ANC,AK,AAL,WE,Towers with Radar,333,174,38,6,551,0,117,321,0,438,333,291,359,6,989,26,0,26,1015
09/07/2018,ANC,AK,AAL,WE,Towers with Radar,326,176,27,6,535,0,141,398,4,543,326,317,425,10,1078,6,0,6,1084
09/08/2018,ANC,AK,AAL,WE,Towers with Radar,345,146,37,3,531,0,139,375,0,514,345,285,412,3,1045,4,0,4,1049
09/09/2018,ANC,AK,AAL,WE,Towers with Radar,286,122,39,3,450,0,138,386,0,524,286,260,425,3,974,4,0,4,978
09/10/2018,ANC,AK,AAL,WE,Towers with Radar,301,180,36,4,521,0,140,336,4,480,301,320,372,8,1001,6,0,6,1007
09/11/2018,ANC,AK,AAL,WE,Towers with Radar,283,160,31,5,479,0,152,365,0,517,283,312,396,5,996,26,0,26,1022
09/12/2018,ANC,AK,AAL,WE,Towers with Radar,314,169,39,2,524,2,169,373,0,544,316,338,412,2,1068,66,0,66,1134
09/13/2018,ANC,AK,AAL,WE,Towers with Radar,355,170,61,7,593,0,131,290,3,424,355,301,351,10,1017,30,0,30,1047
09/14/2018,ANC,AK,AAL,WE,Towers with Radar,337,175,39,6,557,0,155,478,0,633,337,330,517,6,1190,42,0,42,1232
09/15/2018,ANC,AK,AAL,WE,Towers with Radar,319,147,29,3,498,1,132,339,0,472,320,279,368,3,970,4,0,4,974
09/16/2018,ANC,AK,AAL,WE,Towers with Radar,256,126,29,6,417,0,86,191,0,277,256,212,220,6,694,2,0,2,696
09/17/2018,ANC,AK,AAL,WE,Towers with Radar,279,186,29,3,497,0,103,269,2,374,279,289,298,5,871,40,0,40,911
09/18/2018,ANC,AK,AAL,WE,Towers with Radar,319,183,39,8,549,1,116,273,0,390,320,299,312,8,939,20,0,20,959
09/19/2018,ANC,AK,AAL,WE,Towers with Radar,321,193,44,4,562,0,81,198,0,279,321,274,242,4,841,10,0,10,851
09/20/2018,ANC,AK,AAL,WE,Towers with Radar,337,186,50,9,582,0,96,298,3,397,337,282,348,12,979,46,0,46,1025
09/21/2018,ANC,AK,AAL,WE,Towers with Radar,331,193,41,6,571,0,97,304,1,402,331,290,345,7,973,34,1,35,1008
09/22/2018,ANC,AK,AAL,WE,Towers with Radar,333,142,32,5,512,0,72,138,1,211,333,214,170,6,723,36,0,36,759
09/23/2018,ANC,AK,AAL,WE,Towers with Radar,272,124,31,3,430,1,81,334,0,416,273,205,365,3,846,12,0,12,858
09/24/2018,ANC,AK,AAL,WE,Towers with Radar,310,170,27,2,509,0,29,36,2,67,310,199,63,4,576,0,0,0,576
09/25/2018,ANC,AK,AAL,WE,Towers with Radar,287,166,28,4,485,2,88,300,3,393,289,254,328,7,878,26,0,26,904
09/26/2018,ANC,AK,AAL,WE,Towers with Radar,313,180,42,3,538,0,96,313,0,409,313,276,355,3,947,6,0,6,953
09/27/2018,ANC,AK,AAL,WE,Towers with Radar,341,168,21,8,538,0,56,152,1,209,341,224,173,9,747,56,0,56,803
09/28/2018,ANC,AK,AAL,WE,Towers with Radar,312,192,38,4,546,0,76,254,0,330,312,268,292,4,876,54,0,54,930
09/29/2018,ANC,AK,AAL,WE,Towers with Radar,310,124,27,7,468,2,41,374,0,417,312,165,401,7,885,6,0,6,891
09/30/2018,ANC,AK,AAL,WE,Towers with Radar,279,87,28,0,394,0,53,285,0,338,279,140,313,0,732,30,0,30,762
10/01/2018,ANC,AK,AAL,WE,Towers with Radar,298,150,42,0,490,0,28,113,0,141,298,178,155,0,631,6,0,6,637
10/02/2018,ANC,AK,AAL,WE,Towers with Radar,291,161,31,7,490,2,55,175,0,232,293,216,206,7,722,12,0,12,734
10/03/2018,ANC,AK,AAL,WE,Towers with Radar,290,155,22,6,473,0,53,211,6,270,290,208,233,12,743,32,0,32,775
10/04/2018,ANC,AK,AAL,WE,Towers with Radar,298,169,33,8,508,0,53,132,0,185,298,222,165,8,693,52,0,52,745
10/05/2018,ANC,AK,AAL,WE,Towers with Radar,267,180,42,8,497,0,36,176,2,214,267,216,218,10,711,28,0,28,739
10/06/2018,ANC,AK,AAL,WE,Towers with Radar,288,125,29,8,450,0,25,259,0,284,288,150,288,8,734,18,0,18,752
10/07/2018,ANC,AK,AAL,WE,Towers with Radar,224,125,20,4,373,2,13,108,0,123,226,138,128,4,496,0,0,0,496
10/08/2018,ANC,AK,AAL,WE,Towers with Radar,244,167,78,5,494,0,8,94,0,102,244,175,172,5,596,0,0,0,596
10/09/2018,ANC,AK,AAL,WE,Towers with Radar,251,160,28,4,443,0,54,239,3,296,251,214,267,7,739,28,0,28,767
10/10/2018,ANC,AK,AAL,WE,Towers with Radar,298,154,23,7,482,0,27,36,2,65,298,181,59,9,547,0,0,0,547
10/11/2018,ANC,AK,AAL,WE,Towers with Radar,322,158,29,6,515,2,36,245,3,286,324,194,274,9,801,16,0,16,817
10/12/2018,ANC,AK,AAL,WE,Towers with Radar,329,194,46,5,574,0,18,49,2,69,329,212,95,7,643,0,0,0,643
10/13/2018,ANC,AK,AAL,WE,Towers with Radar,331,122,20,3,476,0,5,42,0,47,331,127,62,3,523,0,0,0,523
10/14/2018,ANC,AK,AAL,WE,Towers with Radar,262,106,20,5,393,0,28,229,6,263,262,134,249,11,656,18,0,18,674
10/15/2018,ANC,AK,AAL,WE,Towers with Radar,279,158,33,5,475,2,41,73,1,117,281,199,106,6,592,18,0,18,610
10/16/2018,ANC,AK,AAL,WE,Towers with Radar,266,163,25,6,460,0,25,74,1,100,266,188,99,7,560,8,0,8,568
10/17/2018,ANC,AK,AAL,WE,Towers with Radar,310,169,36,5,520,0,26,170,1,197,310,195,206,6,717,42,0,42,759
10/18/2018,ANC,AK,AAL,WE,Towers with Radar,329,172,27,8,536,3,33,264,2,302,332,205,291,10,838,50,0,50,888
10/19/2018,ANC,AK,AAL,WE,Towers with Radar,306,174,44,5,529,0,19,55,1,75,306,193,99,6,604,20,0,20,624
10/20/2018,ANC,AK,AAL,WE,Towers with Radar,313,127,25,10,475,0,14,169,2,185,313,141,194,12,660,16,0,16,676
10/21/2018,ANC,AK,AAL,WE,Towers with Radar,276,112,24,4,416,0,13,113,4,130,276,125,137,8,546,32,0,32,578
10/22/2018,ANC,AK,AAL,WE,Towers with Radar,274,164,20,11,469,0,55,223,5,283,274,219,243,16,752,69,0,69,821
10/23/2018,ANC,AK,AAL,WE,Towers with Radar,292,171,31,11,505,0,7,41,1,49,292,178,72,12,554,12,0,12,566
10/24/2018,ANC,AK,AAL,WE,Towers with Radar,318,166,20,5,509,3,22,162,1,188,321,188,182,6,697,36,0,36,733
10/25/2018,ANC,AK,AAL,WE,Towers with Radar,318,168,19,1,506,0,54,141,5,200,318,222,160,6,706,33,0,33,739
10/26/2018,ANC,AK,AAL,WE,Towers with Radar,317,161,29,6,513,0,28,164,5,197,317,189,193,11,710,40,0,40,750
10/27/2018,ANC,AK,AAL,WE,Towers with Radar,327,123,33,3,486,0,21,178,2,201,327,144,211,5,687,20,0,20,707
10/28/2018,ANC,AK,AAL,WE,Towers with Radar,274,106,26,6,412,0,1,50,0,51,274,107,76,6,463,0,0,0,463
10/29/2018,ANC,AK,AAL,WE,Towers with Radar,280,148,33,3,464,0,11,26,6,43,280,159,59,9,507,28,0,28,535
10/30/2018,ANC,AK,AAL,WE,Towers with Radar,284,162,27,5,478,0,43,131,2,176,284,205,158,7,654,24,0,24,678
10/31/2018,ANC,AK,AAL,WE,Towers with Radar,309,137,23,5,474,0,22,90,3,115,309,159,113,8,589,8,0,8,597
11/01/2018,ANC,AK,AAL,WE,Towers with Radar,345,149,25,9,528,0,34,100,5,139,345,183,125,14,667,24,0,24,691
11/02/2018,ANC,AK,AAL,WE,Towers with Radar,317,165,35,3,520,0,24,118,0,142,317,189,153,3,662,12,0,12,674
11/03/2018,ANC,AK,AAL,WE,Towers with Radar,324,115,24,8,471,0,14,81,0,95,324,129,105,8,566,16,0,16,582
11/04/2018,ANC,AK,AAL,WE,Towers with Radar,278,84,19,4,385,0,8,130,1,139,278,92,149,5,524,36,0,36,560
11/05/2018,ANC,AK,AAL,WE,Towers with Radar,285,140,29,8,462,1,26,119,5,151,286,166,148,13,613,6,0,6,619
11/06/2018,ANC,AK,AAL,WE,Towers with Radar,276,151,23,6,456,0,25,99,2,126,276,176,122,8,582,6,0,6,588
11/07/2018,ANC,AK,AAL,WE,Towers with Radar,310,157,25,11,503,0,24,100,5,129,310,181,125,16,632,24,0,24,656
11/08/2018,ANC,AK,AAL,WE,Towers with Radar,347,168,24,7,546,0,17,81,2,100,347,185,105,9,646,4,0,4,650
11/09/2018,ANC,AK,AAL,WE,Towers with Radar,317,178,24,8,527,0,15,78,4,97,317,193,102,12,624,10,0,10,634
11/10/2018,ANC,AK,AAL,WE,Towers with Radar,307,116,29,6,458,0,6,104,0,110,307,122,133,6,568,14,0,14,582
11/11/2018,ANC,AK,AAL,WE,Towers with Radar,255,102,17,3,377,0,0,0,0,0,255,102,17,3,377,0,0,0,377
11/12/2018,ANC,AK,AAL,WE,Towers with Radar,290,149,42,2,483,0,6,18,0,24,290,155,60,2,507,0,0,0,507
11/13/2018,ANC,AK,AAL,WE,Towers with Radar,286,148,21,6,461,0,18,117,0,135,286,166,138,6,596,64,0,64,660
11/14/2018,ANC,AK,AAL,WE,Towers with Radar,327,178,27,5,537,0,22,111,2,135,327,200,138,7,672,38,0,38,710
11/15/2018,ANC,AK,AAL,WE,Towers with Radar,304,150,33,3,490,0,14,82,0,96,304,164,115,3,586,6,0,6,592
11/16/2018,ANC,AK,AAL,WE,Towers with Radar,327,157,36,2,522,0,23,55,0,78,327,180,91,2,600,9,0,9,609
11/17/2018,ANC,AK,AAL,WE,Towers with Radar,319,119,11,4,453,0,5,72,0,77,319,124,83,4,530,6,0,6,536
11/18/2018,ANC,AK,AAL,WE,Towers with Radar,264,98,15,6,383,0,1,1,0,2,264,99,16,6,385,0,0,0,385
11/19/2018,ANC,AK,AAL,WE,Towers with Radar,289,141,15,4,449,0,10,77,7,94,289,151,92,11,543,30,0,30,573
11/20/2018,ANC,AK,AAL,WE,Towers with Radar,252,91,19,7,369,0,0,0,0,0,252,91,19,7,369,0,0,0,369
11/21/2018,ANC,AK,AAL,WE,Towers with Radar,310,196,52,7,565,0,5,13,4,22,310,201,65,11,587,6,0,6,593
11/22/2018,ANC,AK,AAL,WE,Towers with Radar,266,44,14,4,328,0,2,1,0,3,266,46,15,4,331,0,0,0,331
11/23/2018,ANC,AK,AAL,WE,Towers with Radar,281,136,20,10,447,0,3,23,1,27,281,139,43,11,474,0,0,0,474
11/24/2018,ANC,AK,AAL,WE,Towers with Radar,320,105,22,6,453,1,0,8,0,9,321,105,30,6,462,0,0,0,462
11/25/2018,ANC,AK,AAL,WE,Towers with Radar,276,106,22,1,405,0,4,5,0,9,276,110,27,1,414,0,0,0,414
11/26/2018,ANC,AK,AAL,WE,Towers with Radar,290,164,41,9,504,0,7,29,3,39,290,171,70,12,543,6,0,6,549
11/27/2018,ANC,AK,AAL,WE,Towers with Radar,300,137,37,10,484,0,21,84,2,107,300,158,121,12,591,18,0,18,609
11/28/2018,ANC,AK,AAL,WE,Towers with Radar,304,174,43,3,524,0,1,5,0,6,304,175,48,3,530,0,0,0,530
11/29/2018,ANC,AK,AAL,WE,Towers with Radar,333,174,30,8,545,0,21,51,4,76,333,195,81,12,621,12,0,12,633
11/30/2018,ANC,AK,AAL,WE,Towers with Radar,240,77,20,6,343,3,12,74,4,93,243,89,94,10,436,0,0,0,436
12/01/2018,ANC,AK,AAL,WE,Towers with Radar,313,107,12,5,437,0,6,22,1,29,313,113,34,6,466,0,0,0,466
12/02/2018,ANC,AK,AAL,WE,Towers with Radar,261,101,22,4,388,0,8,37,6,51,261,109,59,10,439,0,0,0,439
12/03/2018,ANC,AK,AAL,WE,Towers with Radar,291,157,24,3,475,0,11,59,4,74,291,168,83,7,549,26,48,74,623
12/04/2018,ANC,AK,AAL,WE,Towers with Radar,305,140,25,5,475,0,23,48,0,71,305,163,73,5,546,18,0,18,564
12/05/2018,ANC,AK,AAL,WE,Towers with Radar,296,155,27,6,484,0,33,88,2,123,296,188,115,8,607,2,0,2,609
12/06/2018,ANC,AK,AAL,WE,Towers with Radar,317,147,28,6,498,0,17,42,4,63,317,164,70,10,561,4,0,4,565
12/07/2018,ANC,AK,AAL,WE,Towers with Radar,318,174,17,5,514,0,8,16,0,24,318,182,33,5,538,0,0,0,538
12/08/2018,ANC,AK,AAL,WE,Towers with Radar,304,156,21,1,482,0,0,1,0,1,304,156,22,1,483,0,0,0,483
12/09/2018,ANC,AK,AAL,WE,Towers with Radar,291,90,18,5,404,0,14,59,0,73,291,104,77,5,477,0,0,0,477
12/10/2018,ANC,AK,AAL,WE,Towers with Radar,275,147,24,8,454,0,19,66,0,85,275,166,90,8,539,10,0,10,549
12/11/2018,ANC,AK,AAL,WE,Towers with Radar,282,156,21,7,466,0,1,1,0,2,282,157,22,7,468,0,0,0,468
12/12/2018,ANC,AK,AAL,WE,Towers with Radar,296,186,28,3,513,0,0,0,0,0,296,186,28,3,513,0,0,0,513
12/13/2018,ANC,AK,AAL,WE,Towers with Radar,309,163,28,9,509,0,21,50,5,76,309,184,78,14,585,0,0,0,585
12/14/2018,ANC,AK,AAL,WE,Towers with Radar,292,147,13,8,460,0,2,16,0,18,292,149,29,8,478,0,0,0,478
12/15/2018,ANC,AK,AAL,WE,Towers with Radar,318,108,20,4,450,0,8,13,0,21,318,116,33,4,471,0,0,0,471
12/16/2018,ANC,AK,AAL,WE,Towers with Radar,244,105,16,8,373,0,2,1,0,3,244,107,17,8,376,0,0,0,376
12/17/2018,ANC,AK,AAL,WE,Towers with Radar,279,142,25,6,452,0,0,0,0,0,279,142,25,6,452,0,0,0,452
12/18/2018,ANC,AK,AAL,WE,Towers with Radar,270,196,28,6,500,0,7,18,0,25,270,203,46,6,525,0,0,0,525
12/19/2018,ANC,AK,AAL,WE,Towers with Radar,300,192,25,5,522,0,3,17,0,20,300,195,42,5,542,0,0,0,542
12/20/2018,ANC,AK,AAL,WE,Towers with Radar,311,186,22,7,526,0,7,13,0,20,311,193,35,7,546,0,0,0,546
12/21/2018,ANC,AK,AAL,WE,Towers with Radar,299,182,33,9,523,0,8,20,1,29,299,190,53,10,552,0,0,0,552
12/22/2018,ANC,AK,AAL,WE,Towers with Radar,315,125,20,7,467,0,11,100,0,111,315,136,120,7,578,18,0,18,596
12/23/2018,ANC,AK,AAL,WE,Towers with Radar,257,95,12,2,366,0,10,99,2,111,257,105,111,4,477,0,0,0,477
12/24/2018,ANC,AK,AAL,WE,Towers with Radar,230,109,17,0,356,0,4,3,0,7,230,113,20,0,363,0,0,0,363
12/25/2018,ANC,AK,AAL,WE,Towers with Radar,182,40,12,0,234,0,5,32,0,37,182,45,44,0,271,26,0,26,297
12/26/2018,ANC,AK,AAL,WE,Towers with Radar,273,146,8,8,435,0,33,56,6,95,273,179,64,14,530,38,0,38,568
12/27/2018,ANC,AK,AAL,WE,Towers with Radar,295,147,16,6,464,0,6,6,0,12,295,153,22,6,476,0,0,0,476
12/28/2018,ANC,AK,AAL,WE,Towers with Radar,280,183,24,8,495,0,6,17,0,23,280,189,41,8,518,6,0,6,524
12/29/2018,ANC,AK,AAL,WE,Towers with Radar,293,89,8,6,396,0,2,1,0,3,293,91,9,6,399,0,0,0,399
12/30/2018,ANC,AK,AAL,WE,Towers with Radar,247,93,7,2,349,0,1,15,2,18,247,94,22,4,367,0,0,0,367
12/31/2018,ANC,AK,AAL,WE,Towers with Radar,229,132,13,4,378,0,8,17,0,25,229,140,30,4,403,0,0,0,403
01/01/2019,ANC,AK,AAL,WE,Towers with Radar,188,43,10,0,241,0,2,5,0,7,188,45,15,0,248,0,0,0,248
01/02/2019,ANC,AK,AAL,WE,Towers with Radar,223,156,16,1,396,0,11,23,3,37,223,167,39,4,433,0,0,0,433
01/03/2019,ANC,AK,AAL,WE,Towers with Radar,256,167,16,8,447,0,27,64,7,98,256,194,80,15,545,0,0,0,545
01/04/2019,ANC,AK,AAL,WE,Towers with Radar,256,173,43,4,476,0,2,2,0,4,256,175,45,4,480,0,0,0,480
01/05/2019,ANC,AK,AAL,WE,Towers with Radar,280,128,28,1,437,0,1,12,1,14,280,129,40,2,451,0,0,0,451
01/06/2019,ANC,AK,AAL,WE,Towers with Radar,225,111,20,7,363,0,3,5,0,8,225,114,25,7,371,4,0,4,375
01/07/2019,ANC,AK,AAL,WE,Towers with Radar,228,181,28,8,445,0,3,0,0,3,228,184,28,8,448,0,0,0,448
01/08/2019,ANC,AK,AAL,WE,Towers with Radar,232,160,31,5,428,0,29,62,0,91,232,189,93,5,519,0,0,0,519
01/09/2019,ANC,AK,AAL,WE,Towers with Radar,263,146,18,4,431,0,22,72,1,95,263,168,90,5,526,14,0,14,540
01/10/2019,ANC,AK,AAL,WE,Towers with Radar,298,146,24,4,472,0,29,67,2,98,298,175,91,6,570,20,0,20,590
01/11/2019,ANC,AK,AAL,WE,Towers with Radar,262,156,8,6,432,0,22,59,2,83,262,178,67,8,515,2,0,2,517
01/12/2019,ANC,AK,AAL,WE,Towers with Radar,284,117,16,6,423,0,8,60,0,68,284,125,76,6,491,3,0,3,494
01/13/2019,ANC,AK,AAL,WE,Towers with Radar,247,94,14,1,356,0,5,43,0,48,247,99,57,1,404,0,0,0,404
01/14/2019,ANC,AK,AAL,WE,Towers with Radar,238,141,11,3,393,0,28,47,2,77,238,169,58,5,470,0,0,0,470
01/15/2019,ANC,AK,AAL,WE,Towers with Radar,251,137,21,8,417,0,33,113,2,148,251,170,134,10,565,42,0,42,607
01/16/2019,ANC,AK,AAL,WE,Towers with Radar,270,148,19,4,441,0,36,76,3,115,270,184,95,7,556,32,0,32,588
01/17/2019,ANC,AK,AAL,WE,Towers with Radar,306,143,23,5,477,0,33,83,0,116,306,176,106,5,593,6,0,6,599
01/18/2019,ANC,AK,AAL,WE,Towers with Radar,266,112,22,3,403,0,0,0,0,0,266,112,22,3,403,0,0,0,403
01/19/2019,ANC,AK,AAL,WE,Towers with Radar,291,129,24,6,450,0,3,32,0,35,291,132,56,6,485,16,0,16,501
01/20/2019,ANC,AK,AAL,WE,Towers with Radar,250,88,19,1,358,0,4,10,0,14,250,92,29,1,372,0,0,0,372
01/21/2019,ANC,AK,AAL,WE,Towers with Radar,257,146,25,2,430,0,21,38,0,59,257,167,63,2,489,32,0,32,521
01/22/2019,ANC,AK,AAL,WE,Towers with Radar,242,138,22,11,413,0,35,49,2,86,242,173,71,13,499,20,0,20,519
01/23/2019,ANC,AK,AAL,WE,Towers with Radar,265,132,14,4,415,0,20,39,1,60,265,152,53,5,475,8,0,8,483
01/24/2019,ANC,AK,AAL,WE,Towers with Radar,299,148,22,6,475,0,18,42,2,62,299,166,64,8,537,0,0,0,537
01/25/2019,ANC,AK,AAL,WE,Towers with Radar,287,143,17,7,454,0,5,17,1,23,287,148,34,8,477,0,0,0,477
01/26/2019,ANC,AK,AAL,WE,Towers with Radar,272,108,17,3,400,0,6,98,0,104,272,114,115,3,504,40,0,40,544
01/27/2019,ANC,AK,AAL,WE,Towers with Radar,238,75,12,2,327,0,16,81,4,101,238,91,93,6,428,16,26,42,470
01/28/2019,ANC,AK,AAL,WE,Towers with Radar,269,147,10,1,427,0,0,0,0,0,269,147,10,1,427,0,0,0,427
01/29/2019,ANC,AK,AAL,WE,Towers with Radar,265,164,14,6,449,0,0,7,1,8,265,164,21,7,457,2,0,2,459
01/30/2019,ANC,AK,AAL,WE,Towers with Radar,258,158,25,8,449,0,3,10,2,15,258,161,35,10,464,0,0,0,464
01/31/2019,ANC,AK,AAL,WE,Towers with Radar,298,149,27,3,477,0,12,19,1,32,298,161,46,4,509,22,0,22,531
02/01/2019,ANC,AK,AAL,WE,Towers with Radar,306,136,15,6,463,0,40,112,0,152,306,176,127,6,615,10,0,10,625
02/02/2019,ANC,AK,AAL,WE,Towers with Radar,267,91,16,3,377,0,18,159,4,181,267,109,175,7,558,42,0,42,600
02/03/2019,ANC,AK,AAL,WE,Towers with Radar,219,95,9,2,325,0,0,0,0,0,219,95,9,2,325,0,0,0,325
02/04/2019,ANC,AK,AAL,WE,Towers with Radar,232,174,22,5,433,0,8,19,0,27,232,182,41,5,460,0,0,0,460
02/05/2019,ANC,AK,AAL,WE,Towers with Radar,227,131,34,4,396,0,2,7,0,9,227,133,41,4,405,2,0,2,407
02/06/2019,ANC,AK,AAL,WE,Towers with Radar,221,157,36,5,419,0,8,16,0,24,221,165,52,5,443,2,0,2,445
02/07/2019,ANC,AK,AAL,WE,Towers with Radar,219,132,30,4,385,0,21,106,4,131,219,153,136,8,516,22,0,22,538
02/08/2019,ANC,AK,AAL,WE,Towers with Radar,211,146,27,3,387,0,22,118,0,140,211,168,145,3,527,28,0,28,555
02/09/2019,ANC,AK,AAL,WE,Towers with Radar,201,104,35,4,344,0,2,16,0,18,201,106,51,4,362,4,0,4,366
02/10/2019,ANC,AK,AAL,WE,Towers with Radar,145,79,14,2,240,0,7,75,2,84,145,86,89,4,324,16,0,16,340
02/11/2019,ANC,AK,AAL,WE,Towers with Radar,162,126,23,1,312,0,26,85,2,113,162,152,108,3,425,22,0,22,447
02/12/2019,ANC,AK,AAL,WE,Towers with Radar,183,147,36,5,371,0,5,27,0,32,183,152,63,5,403,6,0,6,409
02/13/2019,ANC,AK,AAL,WE,Towers with Radar,232,141,20,7,400,0,27,118,3,148,232,168,138,10,548,0,0,0,548
02/14/2019,ANC,AK,AAL,WE,Towers with Radar,249,142,24,3,418,0,32,132,1,165,249,174,156,4,583,8,0,8,591
02/15/2019,ANC,AK,AAL,WE,Towers with Radar,248,132,30,6,416,0,33,183,4,220,248,165,213,10,636,12,0,12,648
02/16/2019,ANC,AK,AAL,WE,Towers with Radar,251,108,30,4,393,0,0,3,0,3,251,108,33,4,396,2,0,2,398
02/17/2019,ANC,AK,AAL,WE,Towers with Radar,188,78,26,3,295,0,0,0,0,0,188,78,26,3,295,0,0,0,295
02/18/2019,ANC,AK,AAL,WE,Towers with Radar,234,141,37,1,413,0,0,2,0,2,234,141,39,1,415,0,0,0,415
02/19/2019,ANC,AK,AAL,WE,Towers with Radar,233,136,21,4,394,0,30,98,2,130,233,166,119,6,524,24,0,24,548
02/20/2019,ANC,AK,AAL,WE,Towers with Radar,251,147,38,4,440,0,20,55,4,79,251,167,93,8,519,4,0,4,523
02/21/2019,ANC,AK,AAL,WE,Towers with Radar,277,143,19,3,442,0,19,102,3,124,277,162,121,6,566,10,0,10,576
02/22/2019,ANC,AK,AAL,WE,Towers with Radar,264,123,34,5,426,0,42,220,4,266,264,165,254,9,692,58,0,58,750
02/23/2019,ANC,AK,AAL,WE,Towers with Radar,278,99,20,4,401,0,20,164,0,184,278,119,184,4,585,34,0,34,619
02/24/2019,ANC,AK,AAL,WE,Towers with Radar,228,87,20,5,340,0,20,141,6,167,228,107,161,11,507,34,0,34,541
02/25/2019,ANC,AK,AAL,WE,Towers with Radar,236,123,20,1,380,0,47,131,0,178,236,170,151,1,558,42,0,42,600
02/26/2019,ANC,AK,AAL,WE,Towers with Radar,231,144,19,2,396,0,25,131,0,156,231,169,150,2,552,28,0,28,580
02/27/2019,ANC,AK,AAL,WE,Towers with Radar,261,141,28,3,433,0,38,134,5,177,261,179,162,8,610,10,0,10,620
02/28/2019,ANC,AK,AAL,WE,Towers with Radar,295,143,30,11,479,0,24,135,2,161,295,167,165,13,640,8,0,8,648
03/01/2019,ANC,AK,AAL,WE,Towers with Radar,277,167,25,6,475,0,54,159,5,218,277,221,184,11,693,34,0,34,727
03/02/2019,ANC,AK,AAL,WE,Towers with Radar,286,111,33,10,440,0,21,259,3,283,286,132,292,13,723,8,0,8,731
03/03/2019,ANC,AK,AAL,WE,Towers with Radar,223,86,18,1,328,0,36,156,3,195,223,122,174,4,523,0,0,0,523
03/04/2019,ANC,AK,AAL,WE,Towers with Radar,212,142,24,0,378,0,75,208,2,285,212,217,232,2,663,58,0,58,721
03/05/2019,ANC,AK,AAL,WE,Towers with Radar,233,124,15,4,376,0,54,161,6,221,233,178,176,10,597,32,0,32,629
03/06/2019,ANC,AK,AAL,WE,Towers with Radar,269,165,26,5,465,0,29,135,11,175,269,194,161,16,640,54,0,54,694
03/07/2019,ANC,AK,AAL,WE,Towers with Radar,291,165,33,10,499,0,12,98,8,118,291,177,131,18,617,62,0,62,679
03/08/2019,ANC,AK,AAL,WE,Towers with Radar,276,143,25,3,447,0,22,84,6,112,276,165,109,9,559,10,0,10,569
03/09/2019,ANC,AK,AAL,WE,Towers with Radar,277,103,14,6,400,0,0,3,0,3,277,103,17,6,403,0,0,0,403
03/10/2019,ANC,AK,AAL,WE,Towers with Radar,232,107,22,0,361,0,23,34,0,57,232,130,56,0,418,0,0,0,418
03/11/2019,ANC,AK,AAL,WE,Towers with Radar,270,145,27,6,448,0,19,26,2,47,270,164,53,8,495,10,0,10,505
03/12/2019,ANC,AK,AAL,WE,Towers with Radar,248,143,29,7,427,2,51,165,1,219,250,194,194,8,646,6,0,6,652
03/13/2019,ANC,AK,AAL,WE,Towers with Radar,284,139,25,6,454,0,38,89,6,133,284,177,114,12,587,56,0,56,643
03/14/2019,ANC,AK,AAL,WE,Towers with Radar,304,170,21,3,498,0,21,51,2,74,304,191,72,5,572,10,0,10,582
03/15/2019,ANC,AK,AAL,WE,Towers with Radar,287,139,37,3,466,0,40,68,2,110,287,179,105,5,576,26,0,26,602
03/16/2019,ANC,AK,AAL,WE,Towers with Radar,293,98,24,4,419,0,16,67,0,83,293,114,91,4,502,28,0,28,530
03/17/2019,ANC,AK,AAL,WE,Towers with Radar,254,102,19,1,376,0,16,49,6,71,254,118,68,7,447,2,0,2,449
03/18/2019,ANC,AK,AAL,WE,Towers with Radar,266,134,21,4,425,0,29,72,0,101,266,163,93,4,526,20,0,20,546
03/19/2019,ANC,AK,AAL,WE,Towers with Radar,256,154,29,5,444,0,46,142,3,191,256,200,171,8,635,8,0,8,643
03/20/2019,ANC,AK,AAL,WE,Towers with Radar,295,148,33,6,482,0,29,61,0,90,295,177,94,6,572,0,0,0,572
03/21/2019,ANC,AK,AAL,WE,Towers with Radar,321,141,36,6,504,0,32,106,0,138,321,173,142,6,642,4,0,4,646
03/22/2019,ANC,AK,AAL,WE,Towers with Radar,296,134,22,8,460,0,33,67,0,100,296,167,89,8,560,19,0,19,579
03/23/2019,ANC,AK,AAL,WE,Towers with Radar,299,114,21,6,440,0,14,109,0,123,299,128,130,6,563,51,0,51,614
03/24/2019,ANC,AK,AAL,WE,Towers with Radar,260,82,16,2,360,0,19,148,0,167,260,101,164,2,527,34,0,34,561
03/25/2019,ANC,AK,AAL,WE,Towers with Radar,283,132,35,3,453,0,30,124,3,157,283,162,159,6,610,38,0,38,648
03/26/2019,ANC,AK,AAL,WE,Towers with Radar,260,139,34,8,441,0,32,221,0,253,260,171,255,8,694,48,0,48,742
03/27/2019,ANC,AK,AAL,WE,Towers with Radar,294,149,21,4,468,2,22,171,1,196,296,171,192,5,664,40,0,40,704
03/28/2019,ANC,AK,AAL,WE,Towers with Radar,323,147,27,9,506,0,48,211,2,261,323,195,238,11,767,44,0,44,811
03/29/2019,ANC,AK,AAL,WE,Towers with Radar,291,147,17,5,460,0,42,216,0,258,291,189,233,5,718,47,0,47,765
03/30/2019,ANC,AK,AAL,WE,Towers with Radar,294,123,23,4,444,0,21,200,2,223,294,144,223,6,667,24,0,24,691
03/31/2019,ANC,AK,AAL,WE,Towers with Radar,252,82,31,7,372,0,25,206,3,234,252,107,237,10,606,32,0,32,638
04/01/2019,ANC,AK,AAL,WE,Towers with Radar,273,129,17,0,419,0,33,202,7,242,273,162,219,7,661,20,0,20,681
04/02/2019,ANC,AK,AAL,WE,Towers with Radar,255,134,17,4,410,1,44,156,7,208,256,178,173,11,618,38,0,38,656
04/03/2019,ANC,AK,AAL,WE,Towers with Radar,298,156,19,6,479,0,35,123,6,164,298,191,142,12,643,77,0,77,720
04/04/2019,ANC,AK,AAL,WE,Towers with Radar,326,147,25,3,501,2,47,144,4,197,328,194,169,7,698,110,0,110,808
04/05/2019,ANC,AK,AAL,WE,Towers with Radar,285,154,24,7,470,0,46,168,3,217,285,200,192,10,687,80,0,80,767
04/06/2019,ANC,AK,AAL,WE,Towers with Radar,296,128,50,8,482,0,15,37,0,52,296,143,87,8,534,64,0,64,598
04/07/2019,ANC,AK,AAL,WE,Towers with Radar,243,101,15,3,362,0,33,197,0,230,243,134,212,3,592,40,0,40,632
04/08/2019,ANC,AK,AAL,WE,Towers with Radar,263,140,23,2,428,0,28,134,2,164,263,168,157,4,592,10,0,10,602
04/09/2019,ANC,AK,AAL,WE,Towers with Radar,258,161,31,4,454,0,43,136,0,179,258,204,167,4,633,46,0,46,679
04/10/2019,ANC,AK,AAL,WE,Towers with Radar,303,166,34,8,511,0,49,132,4,185,303,215,166,12,696,60,0,60,756
04/11/2019,ANC,AK,AAL,WE,Towers with Radar,294,161,24,5,484,0,37,57,0,94,294,198,81,5,578,50,0,50,628
04/12/2019,ANC,AK,AAL,WE,Towers with Radar,282,170,36,10,498,0,4,18,5,27,282,174,54,15,525,0,0,0,525
04/13/2019,ANC,AK,AAL,WE,Towers with Radar,315,121,18,7,461,0,43,188,2,233,315,164,206,9,694,16,0,16,710
04/14/2019,ANC,AK,AAL,WE,Towers with Radar,248,94,13,2,357,0,22,181,2,205,248,116,194,4,562,18,0,18,580
04/15/2019,ANC,AK,AAL,WE,Towers with Radar,268,149,28,2,447,0,27,168,2,197,268,176,196,4,644,12,0,12,656
04/16/2019,ANC,AK,AAL,WE,Towers with Radar,243,160,28,5,436,0,41,126,6,173,243,201,154,11,609,24,0,24,633
04/17/2019,ANC,AK,AAL,WE,Towers with Radar,287,180,35,6,508,0,28,41,1,70,287,208,76,7,578,14,0,14,592
04/18/2019,ANC,AK,AAL,WE,Towers with Radar,309,179,26,5,519,0,16,17,0,33,309,195,43,5,552,0,0,0,552
04/19/2019,ANC,AK,AAL,WE,Towers with Radar,291,175,22,3,491,0,5,14,0,19,291,180,36,3,510,0,0,0,510
04/20/2019,ANC,AK,AAL,WE,Towers with Radar,302,131,41,6,480,0,28,93,2,123,302,159,134,8,603,36,0,36,639
04/21/2019,ANC,AK,AAL,WE,Towers with Radar,255,99,14,0,368,0,3,28,0,31,255,102,42,0,399,0,0,0,399
04/22/2019,ANC,AK,AAL,WE,Towers with Radar,257,156,25,0,438,0,3,3,0,6,257,159,28,0,444,0,0,0,444
04/23/2019,ANC,AK,AAL,WE,Towers with Radar,242,163,36,3,444,0,36,137,7,180,242,199,173,10,624,58,0,58,682
04/24/2019,ANC,AK,AAL,WE,Towers with Radar,292,152,35,4,483,0,40,143,2,185,292,192,178,6,668,22,0,22,690
04/25/2019,ANC,AK,AAL,WE,Towers with Radar,320,145,25,3,493,0,33,112,2,147,320,178,137,5,640,0,0,0,640
04/26/2019,ANC,AK,AAL,WE,Towers with Radar,276,156,25,4,461,0,32,332,1,365,276,188,357,5,826,44,0,44,870
04/27/2019,ANC,AK,AAL,WE,Towers with Radar,291,105,19,7,422,0,48,275,0,323,291,153,294,7,745,46,0,46,791
04/28/2019,ANC,AK,AAL,WE,Towers with Radar,242,109,24,3,378,0,32,212,0,244,242,141,236,3,622,4,0,4,626
04/29/2019,ANC,AK,AAL,WE,Towers with Radar,265,138,21,1,425,0,38,169,4,211,265,176,190,5,636,58,0,58,694
04/30/2019,ANC,AK,AAL,WE,Towers with Radar,245,151,32,7,435,0,46,210,3,259,245,197,242,10,694,68,0,68,762
05/01/2019,ANC,AK,AAL,WE,Towers with Radar,280,174,23,8,485,0,44,239,0,283,280,218,262,8,768,40,0,40,808
05/02/2019,ANC,AK,AAL,WE,Towers with Radar,256,174,38,9,477,1,40,135,0,176,257,214,173,9,653,54,0,54,707
05/03/2019,ANC,AK,AAL,WE,Towers with Radar,233,144,25,6,408,0,47,256,6,309,233,191,281,12,717,110,0,110,827
05/04/2019,ANC,AK,AAL,WE,Towers with Radar,257,117,30,4,408,0,19,300,0,319,257,136,330,4,727,12,0,12,739
05/05/2019,ANC,AK,AAL,WE,Towers with Radar,215,91,18,2,326,0,17,185,4,206,215,108,203,6,532,4,0,4,536
05/06/2019,ANC,AK,AAL,WE,Towers with Radar,232,135,20,3,390,0,40,174,2,216,232,175,194,5,606,24,0,24,630
05/07/2019,ANC,AK,AAL,WE,Towers with Radar,245,146,21,15,427,0,27,106,4,137,245,173,127,19,564,4,0,4,568
05/08/2019,ANC,AK,AAL,WE,Towers with Radar,286,188,42,9,525,1,18,124,0,143,287,206,166,9,668,52,0,52,720
05/09/2019,ANC,AK,AAL,WE,Towers with Radar,322,159,28,8,517,0,55,300,2,357,322,214,328,10,874,104,0,104,978
05/10/2019,ANC,AK,AAL,WE,Towers with Radar,280,144,26,11,461,0,36,57,2,95,280,180,83,13,556,2,0,2,558
05/11/2019,ANC,AK,AAL,WE,Towers with Radar,317,127,17,9,470,0,20,46,0,66,317,147,63,9,536,4,0,4,540
05/12/2019,ANC,AK,AAL,WE,Towers with Radar,267,99,15,2,383,2,23,191,0,216,269,122,206,2,599,24,0,24,623
05/13/2019,ANC,AK,AAL,WE,Towers with Radar,279,164,24,8,475,2,59,260,4,325,281,223,284,12,800,142,0,142,942
05/14/2019,ANC,AK,AAL,WE,Towers with Radar,273,150,26,9,458,2,62,149,4,217,275,212,175,13,675,12,0,12,687
05/15/2019,ANC,AK,AAL,WE,Towers with Radar,302,158,35,14,509,0,61,151,1,213,302,219,186,15,722,10,0,10,732
05/16/2019,ANC,AK,AAL,WE,Towers with Radar,333,166,37,12,548,0,91,155,1,247,333,257,192,13,795,38,0,38,833
05/17/2019,ANC,AK,AAL,WE,Towers with Radar,320,154,29,9,512,0,80,274,8,362,320,234,303,17,874,60,0,60,934
05/18/2019,ANC,AK,AAL,WE,Towers with Radar,326,127,9,7,469,4,55,340,1,400,330,182,349,8,869,28,0,28,897
05/19/2019,ANC,AK,AAL,WE,Towers with Radar,268,93,27,2,390,0,56,274,0,330,268,149,301,2,720,22,0,22,742
05/20/2019,ANC,AK,AAL,WE,Towers with Radar,286,156,26,9,477,0,61,165,0,226,286,217,191,9,703,24,0,24,727
05/21/2019,ANC,AK,AAL,WE,Towers with Radar,287,149,36,10,482,2,71,360,1,434,289,220,396,11,916,36,0,36,952
05/22/2019,ANC,AK,AAL,WE,Towers with Radar,321,160,35,14,530,0,85,255,2,342,321,245,290,16,872,78,0,78,950
05/23/2019,ANC,AK,AAL,WE,Towers with Radar,318,158,39,11,526,0,90,311,2,403,318,248,350,13,929,60,0,60,989
05/24/2019,ANC,AK,AAL,WE,Towers with Radar,320,163,23,7,513,2,92,351,2,447,322,255,374,9,960,30,0,30,990
05/25/2019,ANC,AK,AAL,WE,Towers with Radar,335,123,22,6,486,0,71,218,0,289,335,194,240,6,775,25,0,25,800
05/26/2019,ANC,AK,AAL,WE,Towers with Radar,286,105,31,7,429,0,5,18,0,23,286,110,49,7,452,0,0,0,452
05/27/2019,ANC,AK,AAL,WE,Towers with Radar,273,103,16,1,393,0,98,260,2,360,273,201,276,3,753,24,0,24,777
05/28/2019,ANC,AK,AAL,WE,Towers with Radar,286,162,29,4,481,0,100,255,0,355,286,262,284,4,836,30,0,30,866
05/29/2019,ANC,AK,AAL,WE,Towers with Radar,326,174,34,11,545,0,84,167,0,251,326,258,201,11,796,32,0,32,828
05/30/2019,ANC,AK,AAL,WE,Towers with Radar,342,158,26,6,532,2,103,249,2,356,344,261,275,8,888,16,0,16,904
05/31/2019,ANC,AK,AAL,WE,Towers with Radar,319,166,47,3,535,0,110,284,0,394,319,276,331,3,929,98,0,98,1027
06/01/2019,ANC,AK,AAL,WE,Towers with Radar,349,149,21,4,523,0,99,290,2,391,349,248,311,6,914,70,0,70,984
06/02/2019,ANC,AK,AAL,WE,Towers with Radar,275,110,32,4,421,0,100,316,1,417,275,210,348,5,838,14,0,14,852
06/03/2019,ANC,AK,AAL,WE,Towers with Radar,285,166,27,8,486,0,108,327,1,436,285,274,354,9,922,42,0,42,964
06/04/2019,ANC,AK,AAL,WE,Towers with Radar,284,185,26,6,501,0,108,276,3,387,284,293,302,9,888,18,0,18,906
06/05/2019,ANC,AK,AAL,WE,Towers with Radar,325,162,30,6,523,0,114,302,4,420,325,276,332,10,943,84,0,84,1027
06/06/2019,ANC,AK,AAL,WE,Towers with Radar,372,179,35,4,590,3,190,314,0,507,375,369,349,4,1097,96,0,96,1193
06/07/2019,ANC,AK,AAL,WE,Towers with Radar,337,191,41,10,579,1,130,367,1,499,338,321,408,11,1078,44,0,44,1122
06/08/2019,ANC,AK,AAL,WE,Towers with Radar,371,148,32,4,555,0,131,320,0,451,371,279,352,4,1006,36,0,36,1042
06/09/2019,ANC,AK,AAL,WE,Towers with Radar,300,126,21,2,449,0,107,298,2,407,300,233,319,4,856,22,0,22,878
06/10/2019,ANC,AK,AAL,WE,Towers with Radar,304,168,30,1,503,0,159,359,8,526,304,327,389,9,1029,32,2,34,1063
06/11/2019,ANC,AK,AAL,WE,Towers with Radar,316,182,38,3,539,0,172,327,6,505,316,354,365,9,1044,54,0,54,1098
06/12/2019,ANC,AK,AAL,WE,Towers with Radar,358,201,26,8,593,0,154,347,3,504,358,355,373,11,1097,18,0,18,1115
06/13/2019,ANC,AK,AAL,WE,Towers with Radar,385,199,23,11,618,0,109,369,4,482,385,308,392,15,1100,24,0,24,1124
06/14/2019,ANC,AK,AAL,WE,Towers with Radar,352,206,47,8,613,0,137,271,3,411,352,343,318,11,1024,12,0,12,1036
06/15/2019,ANC,AK,AAL,WE,Towers with Radar,392,158,28,1,579,0,134,321,2,457,392,292,349,3,1036,137,0,137,1173
06/16/2019,ANC,AK,AAL,WE,Towers with Radar,316,124,33,5,478,2,152,338,2,494,318,276,371,7,972,18,0,18,990
06/17/2019,ANC,AK,AAL,WE,Towers with Radar,321,182,58,3,564,0,155,334,4,493,321,337,392,7,1057,42,0,42,1099
06/18/2019,ANC,AK,AAL,WE,Towers with Radar,315,215,50,9,589,0,131,268,0,399,315,346,318,9,988,66,0,66,1054
06/19/2019,ANC,AK,AAL,WE,Towers with Radar,365,214,47,9,635,0,161,336,3,500,365,375,383,12,1135,70,0,70,1205
06/20/2019,ANC,AK,AAL,WE,Towers with Radar,384,214,46,6,650,0,158,311,4,473,384,372,357,10,1123,88,0,88,1211
06/21/2019,ANC,AK,AAL,WE,Towers with Radar,359,208,44,8,619,0,150,485,6,641,359,358,529,14,1260,12,0,12,1272
06/22/2019,ANC,AK,AAL,WE,Towers with Radar,388,151,39,9,587,0,127,403,0,530,388,278,442,9,1117,6,0,6,1123
06/23/2019,ANC,AK,AAL,WE,Towers with Radar,308,118,33,10,469,50,157,319,0,526,358,275,352,10,995,44,0,44,1039
06/24/2019,ANC,AK,AAL,WE,Towers with Radar,327,178,46,11,562,0,166,327,3,496,327,344,373,14,1058,22,0,22,1080
06/25/2019,ANC,AK,AAL,WE,Towers with Radar,316,207,54,14,591,35,141,268,1,445,351,348,322,15,1036,98,0,98,1134
06/26/2019,ANC,AK,AAL,WE,Towers with Radar,384,198,35,10,627,2,139,274,1,416,386,337,309,11,1043,18,0,18,1061
06/27/2019,ANC,AK,AAL,WE,Towers with Radar,397,179,55,16,647,0,196,408,2,606,397,375,463,18,1253,39,0,39,1292
06/28/2019,ANC,AK,AAL,WE,Towers with Radar,373,218,60,20,671,21,164,306,0,491,394,382,366,20,1162,16,0,16,1178
06/29/2019,ANC,AK,AAL,WE,Towers with Radar,405,165,53,13,636,0,195,247,1,443,405,360,300,14,1079,2,0,2,1081
06/30/2019,ANC,AK,AAL,WE,Towers with Radar,335,139,42,13,529,0,167,291,2,460,335,306,333,15,989,28,0,28,1017
07/01/2019,ANC,AK,AAL,WE,Towers with Radar,331,177,54,13,575,0,197,315,0,512,331,374,369,13,1087,28,0,28,1115
07/02/2019,ANC,AK,AAL,WE,Towers with Radar,324,183,37,9,553,0,193,303,5,501,324,376,340,14,1054,22,0,22,1076
07/03/2019,ANC,AK,AAL,WE,Towers with Radar,366,199,35,7,607,0,200,408,4,612,366,399,443,11,1219,8,0,8,1227
07/04/2019,ANC,AK,AAL,WE,Towers with Radar,348,122,29,10,509,0,173,315,1,489,348,295,344,11,998,8,0,8,1006
07/05/2019,ANC,AK,AAL,WE,Towers with Radar,360,190,77,13,640,0,191,307,2,500,360,381,384,15,1140,6,0,6,1146
07/06/2019,ANC,AK,AAL,WE,Towers with Radar,386,147,33,11,577,0,178,285,5,468,386,325,318,16,1045,0,0,0,1045
07/07/2019,ANC,AK,AAL,WE,Towers with Radar,329,151,55,11,546,0,178,310,0,488,329,329,365,11,1034,6,0,6,1040
07/08/2019,ANC,AK,AAL,WE,Towers with Radar,339,188,43,15,585,0,203,275,1,479,339,391,318,16,1064,62,0,62,1126
07/09/2019,ANC,AK,AAL,WE,Towers with Radar,315,197,50,22,584,0,130,195,2,327,315,327,245,24,911,36,0,36,947
07/10/2019,ANC,AK,AAL,WE,Towers with Radar,357,271,101,19,748,0,46,47,1,94,357,317,148,20,842,10,0,10,852
07/11/2019,ANC,AK,AAL,WE,Towers with Radar,411,274,97,18,800,0,19,41,3,63,411,293,138,21,863,0,0,0,863
07/12/2019,ANC,AK,AAL,WE,Towers with Radar,374,220,50,23,667,1,138,305,1,445,375,358,355,24,1112,82,0,82,1194
07/13/2019,ANC,AK,AAL,WE,Towers with Radar,385,161,48,17,611,0,167,295,2,464,385,328,343,19,1075,6,0,6,1081
07/14/2019,ANC,AK,AAL,WE,Towers with Radar,338,123,40,18,519,0,182,275,0,457,338,305,315,18,976,40,0,40,1016
07/15/2019,ANC,AK,AAL,WE,Towers with Radar,343,191,43,15,592,0,197,215,2,414,343,388,258,17,1006,66,0,66,1072
07/16/2019,ANC,AK,AAL,WE,Towers with Radar,323,177,33,14,547,0,218,348,5,571,323,395,381,19,1118,50,0,50,1168
07/17/2019,ANC,AK,AAL,WE,Towers with Radar,355,189,42,18,604,0,189,278,7,474,355,378,320,25,1078,8,0,8,1086
07/18/2019,ANC,AK,AAL,WE,Towers with Radar,383,196,59,14,652,0,174,386,0,560,383,370,445,14,1212,10,0,10,1222
07/19/2019,ANC,AK,AAL,WE,Towers with Radar,361,197,53,11,622,0,169,364,2,535,361,366,417,13,1157,47,0,47,1204
07/20/2019,ANC,AK,AAL,WE,Towers with Radar,374,147,40,10,571,0,162,307,0,469,374,309,347,10,1040,20,0,20,1060
07/21/2019,ANC,AK,AAL,WE,Towers with Radar,315,142,40,4,501,0,186,403,2,591,315,328,443,6,1092,10,0,10,1102
07/22/2019,ANC,AK,AAL,WE,Towers with Radar,341,187,44,6,578,0,181,345,3,529,341,368,389,9,1107,48,0,48,1155
07/23/2019,ANC,AK,AAL,WE,Towers with Radar,314,180,48,7,549,1,149,272,3,425,315,329,320,10,974,64,0,64,1038
07/24/2019,ANC,AK,AAL,WE,Towers with Radar,362,221,61,9,653,0,121,178,3,302,362,342,239,12,955,52,0,52,1007
07/25/2019,ANC,AK,AAL,WE,Towers with Radar,392,198,47,6,643,0,205,322,0,527,392,403,369,6,1170,10,0,10,1180
07/26/2019,ANC,AK,AAL,WE,Towers with Radar,350,212,64,8,634,1,150,260,2,413,351,362,324,10,1047,28,0,28,1075
07/27/2019,ANC,AK,AAL,WE,Towers with Radar,402,161,47,10,620,0,132,196,1,329,402,293,243,11,949,14,0,14,963
07/28/2019,ANC,AK,AAL,WE,Towers with Radar,329,156,53,8,546,4,172,270,6,452,333,328,323,14,998,74,0,74,1072
07/29/2019,ANC,AK,AAL,WE,Towers with Radar,334,196,32,5,567,0,187,378,5,570,334,383,410,10,1137,80,0,80,1217
07/30/2019,ANC,AK,AAL,WE,Towers with Radar,312,179,45,6,542,0,205,431,2,638,312,384,476,8,1180,62,0,62,1242
07/31/2019,ANC,AK,AAL,WE,Towers with Radar,365,199,60,6,630,0,190,414,0,604,365,389,474,6,1234,68,0,68,1302
08/01/2019,ANC,AK,AAL,WE,Towers with Radar,373,199,53,4,629,1,196,317,2,516,374,395,370,6,1145,0,0,0,1145
08/02/2019,ANC,AK,AAL,WE,Towers with Radar,353,181,59,6,599,0,224,336,0,560,353,405,395,6,1159,60,0,60,1219
08/03/2019,ANC,AK,AAL,WE,Towers with Radar,362,138,34,9,543,0,197,330,0,527,362,335,364,9,1070,74,0,74,1144
08/04/2019,ANC,AK,AAL,WE,Towers with Radar,332,119,26,0,477,0,219,370,0,589,332,338,396,0,1066,52,0,52,1118
08/05/2019,ANC,AK,AAL,WE,Towers with Radar,335,178,39,5,557,0,179,335,0,514,335,357,374,5,1071,36,0,36,1107
08/06/2019,ANC,AK,AAL,WE,Towers with Radar,309,176,42,3,530,0,212,395,3,610,309,388,437,6,1140,46,0,46,1186
08/07/2019,ANC,AK,AAL,WE,Towers with Radar,353,192,44,13,602,0,238,419,3,660,353,430,463,16,1262,50,0,50,1312
08/08/2019,ANC,AK,AAL,WE,Towers with Radar,375,166,42,6,589,1,231,432,5,669,376,397,474,11,1258,82,0,82,1340
08/09/2019,ANC,AK,AAL,WE,Towers with Radar,342,186,53,6,587,0,227,489,4,720,342,413,542,10,1307,22,0,22,1329
08/10/2019,ANC,AK,AAL,WE,Towers with Radar,368,141,35,8,552,0,195,366,0,561,368,336,401,8,1113,22,0,22,1135
08/11/2019,ANC,AK,AAL,WE,Towers with Radar,336,128,29,3,496,1,185,402,2,590,337,313,431,5,1086,23,0,23,1109
08/12/2019,ANC,AK,AAL,WE,Towers with Radar,322,175,42,1,540,0,216,345,2,563,322,391,387,3,1103,26,0,26,1129
08/13/2019,ANC,AK,AAL,WE,Towers with Radar,313,165,43,5,526,0,189,284,4,477,313,354,327,9,1003,29,0,29,1032
08/14/2019,ANC,AK,AAL,WE,Towers with Radar,353,168,40,6,567,0,201,280,2,483,353,369,320,8,1050,26,0,26,1076
08/15/2019,ANC,AK,AAL,WE,Towers with Radar,351,180,52,5,588,0,194,363,4,561,351,374,415,9,1149,44,0,44,1193
08/16/2019,ANC,AK,AAL,WE,Towers with Radar,354,186,53,10,603,0,211,423,7,641,354,397,476,17,1244,40,0,40,1284
08/17/2019,ANC,AK,AAL,WE,Towers with Radar,374,139,51,6,570,0,99,131,0,230,374,238,182,6,800,14,0,14,814
08/18/2019,ANC,AK,AAL,WE,Towers with Radar,300,124,34,3,461,0,67,87,0,154,300,191,121,3,615,0,0,0,615
08/19/2019,ANC,AK,AAL,WE,Towers with Radar,315,247,116,3,681,0,116,193,0,309,315,363,309,3,990,20,0,20,1010
08/20/2019,ANC,AK,AAL,WE,Towers with Radar,316,348,210,9,883,0,46,52,1,99,316,394,262,10,982,6,0,6,988
08/21/2019,ANC,AK,AAL,WE,Towers with Radar,360,216,59,5,640,4,131,234,1,370,364,347,293,6,1010,84,0,84,1094
08/22/2019,ANC,AK,AAL,WE,Towers with Radar,384,204,48,4,640,1,138,284,5,428,385,342,332,9,1068,86,0,86,1154
08/23/2019,ANC,AK,AAL,WE,Towers with Radar,365,242,60,12,679,0,134,253,3,390,365,376,313,15,1069,10,0,10,1079
08/24/2019,ANC,AK,AAL,WE,Towers with Radar,379,142,59,9,589,2,162,360,0,524,381,304,419,9,1113,8,0,8,1121
08/25/2019,ANC,AK,AAL,WE,Towers with Radar,310,146,44,8,508,0,126,282,7,415,310,272,326,15,923,20,0,20,943
08/26/2019,ANC,AK,AAL,WE,Towers with Radar,321,203,42,2,568,0,146,268,0,414,321,349,310,2,982,22,0,22,1004
08/27/2019,ANC,AK,AAL,WE,Towers with Radar,282,193,39,6,520,3,133,272,0,408,285,326,311,6,928,66,0,66,994
08/28/2019,ANC,AK,AAL,WE,Towers with Radar,343,193,46,12,594,1,161,245,2,409,344,354,291,14,1003,25,0,25,1028
08/29/2019,ANC,AK,AAL,WE,Towers with Radar,367,221,61,8,657,0,86,162,0,248,367,307,223,8,905,54,0,54,959
08/30/2019,ANC,AK,AAL,WE,Towers with Radar,343,240,70,11,664,2,80,162,0,244,345,320,232,11,908,2,0,2,910
08/31/2019,ANC,AK,AAL,WE,Towers with Radar,347,153,48,9,557,0,134,343,0,477,347,287,391,9,1034,18,0,18,1052
09/01/2019,ANC,AK,AAL,WE,Towers with Radar,296,116,38,2,452,0,45,137,0,182,296,161,175,2,634,6,0,6,640
09/02/2019,ANC,AK,AAL,WE,Towers with Radar,305,88,44,5,442,0,109,178,0,287,305,197,222,5,729,8,0,8,737
09/03/2019,ANC,AK,AAL,WE,Towers with Radar,271,188,40,3,502,0,99,180,2,281,271,287,220,5,783,12,0,12,795
09/04/2019,ANC,AK,AAL,WE,Towers with Radar,320,183,43,11,557,0,133,316,3,452,320,316,359,14,1009,10,0,10,1019
09/05/2019,ANC,AK,AAL,WE,Towers with Radar,331,168,44,10,553,0,138,333,6,477,331,306,377,16,1030,4,0,4,1034
09/06/2019,ANC,AK,AAL,WE,Towers with Radar,311,180,63,7,561,0,148,354,3,505,311,328,417,10,1066,84,0,84,1150
09/07/2019,ANC,AK,AAL,WE,Towers with Radar,335,140,44,10,529,0,49,178,0,227,335,189,222,10,756,110,0,110,866
09/08/2019,ANC,AK,AAL,WE,Towers with Radar,279,132,30,6,447,0,113,328,0,441,279,245,358,6,888,84,0,84,972
09/09/2019,ANC,AK,AAL,WE,Towers with Radar,305,162,41,4,512,0,137,267,1,405,305,299,308,5,917,32,0,32,949
09/10/2019,ANC,AK,AAL,WE,Towers with Radar,280,196,42,5,523,0,109,168,0,277,280,305,210,5,800,68,0,68,868
09/11/2019,ANC,AK,AAL,WE,Towers with Radar,329,184,36,9,558,0,142,254,4,400,329,326,290,13,958,38,0,38,996
09/12/2019,ANC,AK,AAL,WE,Towers with Radar,342,175,54,8,579,0,96,164,3,263,342,271,218,11,842,24,0,24,866
09/13/2019,ANC,AK,AAL,WE,Towers with Radar,304,212,58,7,581,0,119,271,0,390,304,331,329,7,971,22,0,22,993
09/14/2019,ANC,AK,AAL,WE,Towers with Radar,321,170,41,8,540,0,109,436,0,545,321,279,477,8,1085,16,0,16,1101
09/15/2019,ANC,AK,AAL,WE,Towers with Radar,264,142,47,5,458,0,32,91,0,123,264,174,138,5,581,0,0,0,581
09/16/2019,ANC,AK,AAL,WE,Towers with Radar,263,165,60,12,500,0,130,256,1,387,263,295,316,13,887,36,0,36,923
09/17/2019,ANC,AK,AAL,WE,Towers with Radar,275,163,38,6,482,0,106,315,0,421,275,269,353,6,903,0,0,0,903
09/18/2019,ANC,AK,AAL,WE,Towers with Radar,322,185,34,11,552,0,33,91,4,128,322,218,125,15,680,0,0,0,680
09/19/2019,ANC,AK,AAL,WE,Towers with Radar,334,166,49,4,553,0,130,288,0,418,334,296,337,4,971,14,0,14,985
09/20/2019,ANC,AK,AAL,WE,Towers with Radar,315,205,50,6,576,0,83,50,0,133,315,288,100,6,709,0,0,0,709
09/21/2019,ANC,AK,AAL,WE,Towers with Radar,317,129,46,7,499,0,74,278,0,352,317,203,324,7,851,26,0,26,877
09/22/2019,ANC,AK,AAL,WE,Towers with Radar,265,105,32,3,405,0,108,396,1,505,265,213,428,4,910,8,0,8,918
09/23/2019,ANC,AK,AAL,WE,Towers with Radar,280,158,34,1,473,0,121,317,0,438,280,279,351,1,911,10,0,10,921
09/24/2019,ANC,AK,AAL,WE,Towers with Radar,268,179,40,15,502,0,102,230,1,333,268,281,270,16,835,49,0,49,884
09/25/2019,ANC,AK,AAL,WE,Towers with Radar,312,170,43,11,536,0,42,91,0,133,312,212,134,11,669,52,0,52,721
09/26/2019,ANC,AK,AAL,WE,Towers with Radar,329,159,29,13,530,0,97,405,6,508,329,256,434,19,1038,10,0,10,1048
09/27/2019,ANC,AK,AAL,WE,Towers with Radar,309,154,57,9,529,0,88,352,0,440,309,242,409,9,969,58,0,58,1027
09/28/2019,ANC,AK,AAL,WE,Towers with Radar,319,127,40,5,491,0,46,194,1,241,319,173,234,6,732,20,0,20,752
09/29/2019,ANC,AK,AAL,WE,Towers with Radar,273,123,30,3,429,0,10,41,0,51,273,133,71,3,480,2,0,2,482
09/30/2019,ANC,AK,AAL,WE,Towers with Radar,288,169,43,5,505,0,21,65,0,86,288,190,108,5,591,4,0,4,595
10/01/2019,ANC,AK,AAL,WE,Towers with Radar,243,179,21,3,446,0,24,95,0,119,243,203,116,3,565,28,0,28,593
10/02/2019,ANC,AK,AAL,WE,Towers with Radar,292,166,30,6,494,0,37,149,3,189,292,203,179,9,683,6,0,6,689
10/03/2019,ANC,AK,AAL,WE,Towers with Radar,287,180,43,3,513,42,46,202,0,290,329,226,245,3,803,44,0,44,847
10/04/2019,ANC,AK,AAL,WE,Towers with Radar,251,172,28,8,459,0,19,30,0,49,251,191,58,8,508,8,0,8,516
10/05/2019,ANC,AK,AAL,WE,Towers with Radar,276,136,24,9,445,35,34,153,7,229,311,170,177,16,674,12,0,12,686
10/06/2019,ANC,AK,AAL,WE,Towers with Radar,215,96,24,1,336,0,29,228,3,260,215,125,252,4,596,22,0,22,618
10/07/2019,ANC,AK,AAL,WE,Towers with Radar,208,130,26,4,368,0,50,264,4,318,208,180,290,8,686,8,0,8,694
10/08/2019,ANC,AK,AAL,WE,Towers with Radar,224,162,16,3,405,0,64,111,1,176,224,226,127,4,581,18,0,18,599
10/09/2019,ANC,AK,AAL,WE,Towers with Radar,272,182,31,6,491,0,22,46,0,68,272,204,77,6,559,0,0,0,559
10/10/2019,ANC,AK,AAL,WE,Towers with Radar,299,197,50,5,551,0,1,1,0,2,299,198,51,5,553,0,0,0,553
10/11/2019,ANC,AK,AAL,WE,Towers with Radar,273,162,19,11,465,0,36,92,0,128,273,198,111,11,593,2,0,2,595
10/12/2019,ANC,AK,AAL,WE,Towers with Radar,310,117,21,10,458,0,40,303,1,344,310,157,324,11,802,72,0,72,874
10/13/2019,ANC,AK,AAL,WE,Towers with Radar,269,95,27,1,392,0,41,230,2,273,269,136,257,3,665,14,0,14,679
10/14/2019,ANC,AK,AAL,WE,Towers with Radar,283,142,16,2,443,0,53,161,4,218,283,195,177,6,661,18,0,18,679
10/15/2019,ANC,AK,AAL,WE,Towers with Radar,277,162,30,1,470,0,50,146,3,199,277,212,176,4,669,36,0,36,705
10/16/2019,ANC,AK,AAL,WE,Towers with Radar,295,194,43,5,537,0,8,79,0,87,295,202,122,5,624,6,0,6,630
10/17/2019,ANC,AK,AAL,WE,Towers with Radar,326,185,31,12,554,0,16,92,0,108,326,201,123,12,662,16,0,16,678
10/18/2019,ANC,AK,AAL,WE,Towers with Radar,314,161,23,8,506,0,34,189,2,225,314,195,212,10,731,20,0,20,751
10/19/2019,ANC,AK,AAL,WE,Towers with Radar,300,121,27,5,453,0,23,96,0,119,300,144,123,5,572,14,0,14,586
10/20/2019,ANC,AK,AAL,WE,Towers with Radar,255,117,16,2,390,0,16,150,1,167,255,133,166,3,557,36,0,36,593
10/21/2019,ANC,AK,AAL,WE,Towers with Radar,282,169,35,2,488,0,12,100,1,113,282,181,135,3,601,16,0,16,617
10/22/2019,ANC,AK,AAL,WE,Towers with Radar,276,158,31,3,468,0,23,141,1,165,276,181,172,4,633,34,0,34,667
10/23/2019,ANC,AK,AAL,WE,Towers with Radar,320,144,17,8,489,0,24,17,0,41,320,168,34,8,530,14,0,14,544
10/24/2019,ANC,AK,AAL,WE,Towers with Radar,329,176,30,8,543,0,13,53,2,68,329,189,83,10,611,2,0,2,613
10/25/2019,ANC,AK,AAL,WE,Towers with Radar,315,155,29,7,506,0,17,120,2,139,315,172,149,9,645,27,0,27,672
10/26/2019,ANC,AK,AAL,WE,Towers with Radar,296,106,16,4,422,0,2,72,0,74,296,108,88,4,496,4,0,4,500
10/27/2019,ANC,AK,AAL,WE,Towers with Radar,261,106,24,3,394,0,3,27,1,31,261,109,51,4,425,0,0,0,425
10/28/2019,ANC,AK,AAL,WE,Towers with Radar,275,163,23,3,464,0,16,16,0,32,275,179,39,3,496,0,0,0,496
10/29/2019,ANC,AK,AAL,WE,Towers with Radar,278,166,22,5,471,1,20,40,0,61,279,186,62,5,532,110,0,110,642
10/30/2019,ANC,AK,AAL,WE,Towers with Radar,322,148,34,4,508,0,24,64,1,89,322,172,98,5,597,14,0,14,611
10/31/2019,ANC,AK,AAL,WE,Towers with Radar,328,155,30,6,519,1,8,63,0,72,329,163,93,6,591,8,0,8,599
11/01/2019,ANC,AK,AAL,WE,Towers with Radar,283,179,23,7,492,0,9,30,5,44,283,188,53,12,536,31,0,31,567
11/02/2019,ANC,AK,AAL,WE,Towers with Radar,310,133,20,8,471,0,0,1,0,1,310,133,21,8,472,2,0,2,474
11/03/2019,ANC,AK,AAL,WE,Towers with Radar,272,103,46,3,424,0,8,52,0,60,272,111,98,3,484,6,0,6,490
11/04/2019,ANC,AK,AAL,WE,Towers with Radar,273,146,42,1,462,0,32,160,0,192,273,178,202,1,654,44,0,44,698
11/05/2019,ANC,AK,AAL,WE,Towers with Radar,271,151,24,3,449,0,22,78,3,103,271,173,102,6,552,32,0,32,584
11/06/2019,ANC,AK,AAL,WE,Towers with Radar,298,165,33,7,503,0,12,88,0,100,298,177,121,7,603,20,0,20,623
11/07/2019,ANC,AK,AAL,WE,Towers with Radar,317,167,42,6,532,0,9,16,1,26,317,176,58,7,558,0,0,0,558
11/08/2019,ANC,AK,AAL,WE,Towers with Radar,298,147,27,10,482,0,23,191,2,216,298,170,218,12,698,31,0,31,729
11/09/2019,ANC,AK,AAL,WE,Towers with Radar,312,108,32,7,459,0,5,48,0,53,312,113,80,7,512,18,0,18,530
11/10/2019,ANC,AK,AAL,WE,Towers with Radar,251,101,19,6,377,0,11,122,11,144,251,112,141,17,521,32,0,32,553
11/11/2019,ANC,AK,AAL,WE,Towers with Radar,275,135,28,2,440,0,16,129,2,147,275,151,157,4,587,22,0,22,609
11/12/2019,ANC,AK,AAL,WE,Towers with Radar,270,152,31,7,460,0,27,132,1,160,270,179,163,8,620,24,0,24,644
11/13/2019,ANC,AK,AAL,WE,Towers with Radar,318,163,38,8,527,0,13,33,0,46,318,176,71,8,573,4,0,4,577
11/14/2019,ANC,AK,AAL,WE,Towers with Radar,339,161,42,7,549,0,2,14,0,16,339,163,56,7,565,0,0,0,565
11/15/2019,ANC,AK,AAL,WE,Towers with Radar,307,136,38,5,486,0,24,67,3,94,307,160,105,8,580,4,0,4,584
11/16/2019,ANC,AK,AAL,WE,Towers with Radar,298,126,26,7,457,0,3,2,0,5,298,129,28,7,462,0,0,0,462
11/17/2019,ANC,AK,AAL,WE,Towers with Radar,267,97,24,7,395,0,9,16,2,27,267,106,40,9,422,0,0,0,422
11/18/2019,ANC,AK,AAL,WE,Towers with Radar,282,153,40,19,494,0,23,54,2,79,282,176,94,21,573,14,0,14,587
11/19/2019,ANC,AK,AAL,WE,Towers with Radar,260,132,24,2,418,0,10,3,0,13,260,142,27,2,431,0,0,0,431
11/20/2019,ANC,AK,AAL,WE,Towers with Radar,311,151,21,20,503,0,23,42,0,65,311,174,63,20,568,0,0,0,568
11/21/2019,ANC,AK,AAL,WE,Towers with Radar,333,136,23,13,505,0,17,13,1,31,333,153,36,14,536,0,0,0,536
11/22/2019,ANC,AK,AAL,WE,Towers with Radar,299,165,41,6,511,2,19,40,0,61,301,184,81,6,572,4,0,4,576
11/23/2019,ANC,AK,AAL,WE,Towers with Radar,318,105,25,6,454,0,8,114,0,122,318,113,139,6,576,38,0,38,614
11/24/2019,ANC,AK,AAL,WE,Towers with Radar,298,85,13,1,397,0,6,16,2,24,298,91,29,3,421,4,0,4,425
11/25/2019,ANC,AK,AAL,WE,Towers with Radar,298,105,21,9,433,0,28,124,3,155,298,133,145,12,588,6,24,30,618
11/26/2019,ANC,AK,AAL,WE,Towers with Radar,248,134,22,5,409,0,26,71,0,97,248,160,93,5,506,48,0,48,554
11/27/2019,ANC,AK,AAL,WE,Towers with Radar,330,137,9,7,483,1,11,6,0,18,331,148,15,7,501,0,0,0,501
11/28/2019,ANC,AK,AAL,WE,Towers with Radar,281,38,13,0,332,0,0,2,0,2,281,38,15,0,334,0,0,0,334
11/29/2019,ANC,AK,AAL,WE,Towers with Radar,283,133,9,2,427,1,11,48,0,60,284,144,57,2,487,20,0,20,507
11/30/2019,ANC,AK,AAL,WE,Towers with Radar,307,124,25,7,463,0,3,13,1,17,307,127,38,8,480,42,0,42,522
12/01/2019,ANC,AK,AAL,WE,Towers with Radar,273,111,20,8,412,0,0,0,0,0,273,111,20,8,412,0,0,0,412
12/02/2019,ANC,AK,AAL,WE,Towers with Radar,275,163,24,3,465,0,0,0,0,0,275,163,24,3,465,0,0,0,465
12/03/2019,ANC,AK,AAL,WE,Towers with Radar,265,184,32,7,488,0,9,8,0,17,265,193,40,7,505,0,0,0,505
12/04/2019,ANC,AK,AAL,WE,Towers with Radar,302,168,37,6,513,1,22,96,0,119,303,190,133,6,632,14,0,14,646
12/05/2019,ANC,AK,AAL,WE,Towers with Radar,302,148,23,7,480,0,20,61,0,81,302,168,84,7,561,26,0,26,587
12/06/2019,ANC,AK,AAL,WE,Towers with Radar,291,146,25,7,469,2,4,56,0,62,293,150,81,7,531,26,0,26,557
12/07/2019,ANC,AK,AAL,WE,Towers with Radar,293,125,11,2,431,0,2,6,0,8,293,127,17,2,439,21,0,21,460
12/08/2019,ANC,AK,AAL,WE,Towers with Radar,268,97,20,5,390,0,10,38,0,48,268,107,58,5,438,4,0,4,442
12/09/2019,ANC,AK,AAL,WE,Towers with Radar,266,132,13,3,414,0,3,4,0,7,266,135,17,3,421,0,0,0,421
12/10/2019,ANC,AK,AAL,WE,Towers with Radar,267,169,34,2,472,0,19,19,0,38,267,188,53,2,510,0,0,0,510
12/11/2019,ANC,AK,AAL,WE,Towers with Radar,307,167,20,10,504,0,22,59,0,81,307,189,79,10,585,24,0,24,609
12/12/2019,ANC,AK,AAL,WE,Towers with Radar,314,148,28,11,501,0,19,89,1,109,314,167,117,12,610,0,0,0,610
12/13/2019,ANC,AK,AAL,WE,Towers with Radar,295,163,25,12,495,1,17,64,0,82,296,180,89,12,577,32,0,32,609
12/14/2019,ANC,AK,AAL,WE,Towers with Radar,308,129,21,11,469,0,3,38,0,41,308,132,59,11,510,10,0,10,520
12/15/2019,ANC,AK,AAL,WE,Towers with Radar,262,108,19,3,392,0,7,46,2,55,262,115,65,5,447,0,0,0,447
12/16/2019,ANC,AK,AAL,WE,Towers with Radar,264,163,22,8,457,0,23,83,0,106,264,186,105,8,563,2,0,2,565
12/17/2019,ANC,AK,AAL,WE,Towers with Radar,257,138,28,10,433,0,19,97,2,118,257,157,125,12,551,10,4,14,565
12/18/2019,ANC,AK,AAL,WE,Towers with Radar,299,141,24,9,473,0,18,110,0,128,299,159,134,9,601,6,0,6,607
12/19/2019,ANC,AK,AAL,WE,Towers with Radar,323,138,22,9,492,0,19,81,0,100,323,157,103,9,592,10,0,10,602
12/20/2019,ANC,AK,AAL,WE,Towers with Radar,299,145,25,12,481,2,29,93,4,128,301,174,118,16,609,76,0,76,685
12/21/2019,ANC,AK,AAL,WE,Towers with Radar,281,113,9,9,412,0,8,86,0,94,281,121,95,9,506,2,0,2,508
12/22/2019,ANC,AK,AAL,WE,Towers with Radar,267,101,16,6,390,0,10,58,0,68,267,111,74,6,458,2,0,2,460
12/23/2019,ANC,AK,AAL,WE,Towers with Radar,250,159,22,1,432,1,13,35,5,54,251,172,57,6,486,14,0,14,500
12/24/2019,ANC,AK,AAL,WE,Towers with Radar,236,154,17,4,411,0,5,38,0,43,236,159,55,4,454,0,0,0,454
12/25/2019,ANC,AK,AAL,WE,Towers with Radar,214,45,11,0,270,0,1,4,0,5,214,46,15,0,275,0,0,0,275
12/26/2019,ANC,AK,AAL,WE,Towers with Radar,270,139,12,6,427,0,5,7,0,12,270,144,19,6,439,10,0,10,449
12/27/2019,ANC,AK,AAL,WE,Towers with Radar,255,134,16,8,413,0,14,53,0,67,255,148,69,8,480,10,0,10,490
12/28/2019,ANC,AK,AAL,WE,Towers with Radar,267,119,14,8,408,0,7,15,0,22,267,126,29,8,430,2,0,2,432
12/29/2019,ANC,AK,AAL,WE,Towers with Radar,225,103,14,3,345,0,5,1,0,6,225,108,15,3,351,0,0,0,351
12/30/2019,ANC,AK,AAL,WE,Towers with Radar,245,124,13,1,383,0,11,29,3,43,245,135,42,4,426,22,0,22,448
12/31/2019,ANC,AK,AAL,WE,Towers with Radar,225,128,14,3,370,0,15,12,0,27,225,143,26,3,397,0,0,0,397
01/01/2020,ANC,AK,AAL,WE,Towers with Radar,217,50,11,4,282,0,5,12,0,17,217,55,23,4,299,0,0,0,299
01/02/2020,ANC,AK,AAL,WE,Towers with Radar,257,143,16,8,424,0,21,23,2,46,257,164,39,10,470,2,0,2,472
01/03/2020,ANC,AK,AAL,WE,Towers with Radar,270,126,13,6,415,0,31,63,4,98,270,157,76,10,513,6,0,6,519
01/04/2020,ANC,AK,AAL,WE,Towers with Radar,278,111,17,8,414,0,10,30,0,40,278,121,47,8,454,30,0,30,484
01/05/2020,ANC,AK,AAL,WE,Towers with Radar,231,131,19,0,381,0,1,9,0,10,231,132,28,0,391,0,0,0,391
01/06/2020,ANC,AK,AAL,WE,Towers with Radar,237,163,21,3,424,0,9,8,0,17,237,172,29,3,441,0,0,0,441
01/07/2020,ANC,AK,AAL,WE,Towers with Radar,254,170,34,5,463,0,3,8,0,11,254,173,42,5,474,4,0,4,478
01/08/2020,ANC,AK,AAL,WE,Towers with Radar,266,161,22,6,455,0,7,10,0,17,266,168,32,6,472,0,0,0,472
01/09/2020,ANC,AK,AAL,WE,Towers with Radar,285,168,20,12,485,0,32,49,6,87,285,200,69,18,572,14,0,14,586
01/10/2020,ANC,AK,AAL,WE,Towers with Radar,273,137,17,5,432,0,26,73,2,101,273,163,90,7,533,6,0,6,539
01/11/2020,ANC,AK,AAL,WE,Towers with Radar,281,109,17,8,415,0,6,46,0,52,281,115,63,8,467,20,0,20,487
01/12/2020,ANC,AK,AAL,WE,Towers with Radar,228,109,16,3,356,0,1,2,0,3,228,110,18,3,359,0,0,0,359
01/13/2020,ANC,AK,AAL,WE,Towers with Radar,261,159,17,1,438,0,9,46,0,55,261,168,63,1,493,6,0,6,499
01/14/2020,ANC,AK,AAL,WE,Towers with Radar,249,168,26,10,453,0,11,24,0,35,249,179,50,10,488,28,0,28,516
01/15/2020,ANC,AK,AAL,WE,Towers with Radar,279,142,28,6,455,0,32,74,5,111,279,174,102,11,566,22,0,22,588
01/16/2020,ANC,AK,AAL,WE,Towers with Radar,304,151,16,8,479,0,35,90,2,127,304,186,106,10,606,13,0,13,619
01/17/2020,ANC,AK,AAL,WE,Towers with Radar,291,152,26,7,476,0,34,94,1,129,291,186,120,8,605,13,0,13,618
01/18/2020,ANC,AK,AAL,WE,Towers with Radar,287,113,7,7,414,0,10,85,0,95,287,123,92,7,509,16,0,16,525
01/19/2020,ANC,AK,AAL,WE,Towers with Radar,242,99,16,7,364,0,10,48,1,59,242,109,64,8,423,30,0,30,453
01/20/2020,ANC,AK,AAL,WE,Towers with Radar,245,154,23,5,427,0,0,1,0,1,245,154,24,5,428,0,0,0,428
01/21/2020,ANC,AK,AAL,WE,Towers with Radar,244,180,17,7,448,0,12,34,0,46,244,192,51,7,494,2,0,2,496
01/22/2020,ANC,AK,AAL,WE,Towers with Radar,293,181,23,5,502,0,7,12,0,19,293,188,35,5,521,2,0,2,523
01/23/2020,ANC,AK,AAL,WE,Towers with Radar,288,149,20,9,466,0,27,55,2,84,288,176,75,11,550,10,0,10,560
01/24/2020,ANC,AK,AAL,WE,Towers with Radar,257,148,13,7,425,0,25,93,2,120,257,173,106,9,545,20,0,20,565
01/25/2020,ANC,AK,AAL,WE,Towers with Radar,250,111,5,10,376,0,9,31,0,40,250,120,36,10,416,0,0,0,416
01/26/2020,ANC,AK,AAL,WE,Towers with Radar,196,83,12,2,293,0,27,51,0,78,196,110,63,2,371,6,0,6,377
01/27/2020,ANC,AK,AAL,WE,Towers with Radar,202,136,22,0,360,0,24,45,2,71,202,160,67,2,431,2,0,2,433
01/28/2020,ANC,AK,AAL,WE,Towers with Radar,185,126,20,3,334,0,23,57,3,83,185,149,77,6,417,10,0,10,427
01/29/2020,ANC,AK,AAL,WE,Towers with Radar,204,154,38,6,402,0,5,27,2,34,204,159,65,8,436,6,0,6,442
01/30/2020,ANC,AK,AAL,WE,Towers with Radar,212,159,34,8,413,15,17,33,3,68,227,176,67,11,481,16,0,16,497
01/31/2020,ANC,AK,AAL,WE,Towers with Radar,199,180,43,5,427,0,48,44,0,92,199,228,87,5,519,58,0,58,577
02/01/2020,ANC,AK,AAL,WE,Towers with Radar,205,102,25,8,340,0,21,89,0,110,205,123,114,8,450,39,0,39,489
02/02/2020,ANC,AK,AAL,WE,Towers with Radar,168,94,21,2,285,0,2,32,0,34,168,96,53,2,319,6,0,6,325
02/03/2020,ANC,AK,AAL,WE,Towers with Radar,183,141,15,2,341,1,8,58,2,69,184,149,73,4,410,6,0,6,416
02/04/2020,ANC,AK,AAL,WE,Towers with Radar,197,179,15,4,395,0,6,25,14,45,197,185,40,18,440,10,0,10,450
02/05/2020,ANC,AK,AAL,WE,Towers with Radar,221,163,27,9,420,0,7,5,0,12,221,170,32,9,432,0,0,0,432
02/06/2020,ANC,AK,AAL,WE,Towers with Radar,242,150,28,3,423,0,23,114,2,139,242,173,142,5,562,10,0,10,572
02/07/2020,ANC,AK,AAL,WE,Towers with Radar,226,166,24,4,420,0,10,32,3,45,226,176,56,7,465,16,0,16,481
02/08/2020,ANC,AK,AAL,WE,Towers with Radar,227,97,14,4,342,0,2,4,0,6,227,99,18,4,348,0,0,0,348
02/09/2020,ANC,AK,AAL,WE,Towers with Radar,186,111,8,2,307,0,9,23,0,32,186,120,31,2,339,0,0,0,339
02/10/2020,ANC,AK,AAL,WE,Towers with Radar,196,128,22,0,346,0,35,112,2,149,196,163,134,2,495,8,0,8,503
02/11/2020,ANC,AK,AAL,WE,Towers with Radar,213,137,18,3,371,0,33,84,0,117,213,170,102,3,488,6,0,6,494
02/12/2020,ANC,AK,AAL,WE,Towers with Radar,226,146,12,9,393,0,9,8,0,17,226,155,20,9,410,0,0,0,410
02/13/2020,ANC,AK,AAL,WE,Towers with Radar,267,157,21,6,451,0,32,100,0,132,267,189,121,6,583,16,0,16,599
02/14/2020,ANC,AK,AAL,WE,Towers with Radar,247,144,17,6,414,0,31,99,0,130,247,175,116,6,544,62,0,62,606
02/15/2020,ANC,AK,AAL,WE,Towers with Radar,252,109,16,10,387,0,11,95,2,108,252,120,111,12,495,71,0,71,566
02/16/2020,ANC,AK,AAL,WE,Towers with Radar,220,98,13,5,336,0,11,149,0,160,220,109,162,5,496,10,0,10,506
02/17/2020,ANC,AK,AAL,WE,Towers with Radar,221,106,17,0,344,0,7,8,0,15,221,113,25,0,359,0,0,0,359
02/18/2020,ANC,AK,AAL,WE,Towers with Radar,212,102,19,2,335,0,0,0,0,0,212,102,19,2,335,0,0,0,335
02/19/2020,ANC,AK,AAL,WE,Towers with Radar,279,166,22,10,477,0,18,28,0,46,279,184,50,10,523,2,0,2,525
02/20/2020,ANC,AK,AAL,WE,Towers with Radar,264,154,12,5,435,0,21,55,0,76,264,175,67,5,511,6,0,6,517
02/21/2020,ANC,AK,AAL,WE,Towers with Radar,260,164,26,9,459,0,0,1,0,1,260,164,27,9,460,0,0,0,460
02/22/2020,ANC,AK,AAL,WE,Towers with Radar,279,117,22,9,427,0,8,12,1,21,279,125,34,10,448,6,0,6,454
02/23/2020,ANC,AK,AAL,WE,Towers with Radar,216,74,13,3,306,0,21,72,2,95,216,95,85,5,401,24,0,24,425
02/24/2020,ANC,AK,AAL,WE,Towers with Radar,232,132,18,3,385,0,49,124,3,176,232,181,142,6,561,18,0,18,579
02/25/2020,ANC,AK,AAL,WE,Towers with Radar,238,142,21,5,406,0,25,38,8,71,238,167,59,13,477,8,0,8,485
02/26/2020,ANC,AK,AAL,WE,Towers with Radar,273,160,32,9,474,0,62,48,0,110,273,222,80,9,584,2,0,2,586
02/27/2020,ANC,AK,AAL,WE,Towers with Radar,296,168,19,5,488,0,49,131,0,180,296,217,150,5,668,4,0,4,672
02/28/2020,ANC,AK,AAL,WE,Towers with Radar,278,151,20,9,458,0,59,159,0,218,278,210,179,9,676,74,0,74,750
02/29/2020,ANC,AK,AAL,WE,Towers with Radar,282,89,13,9,393,0,8,75,0,83,282,97,88,9,476,10,0,10,486
03/01/2020,ANC,AK,AAL,WE,Towers with Radar,236,92,11,3,342,0,0,2,0,2,236,92,13,3,344,0,0,0,344
03/02/2020,ANC,AK,AAL,WE,Towers with Radar,254,169,27,1,451,0,3,22,0,25,254,172,49,1,476,0,0,0,476
03/03/2020,ANC,AK,AAL,WE,Towers with Radar,235,144,26,7,412,0,48,99,3,150,235,192,125,10,562,16,0,16,578
03/04/2020,ANC,AK,AAL,WE,Towers with Radar,293,152,17,6,468,0,48,97,0,145,293,200,114,6,613,8,0,8,621
03/05/2020,ANC,AK,AAL,WE,Towers with Radar,285,122,18,5,430,0,48,57,0,105,285,170,75,5,535,20,0,20,555
03/06/2020,ANC,AK,AAL,WE,Towers with Radar,292,151,25,7,475,0,61,194,1,256,292,212,219,8,731,40,0,40,771
03/07/2020,ANC,AK,AAL,WE,Towers with Radar,285,113,9,5,412,0,7,5,0,12,285,120,14,5,424,2,0,2,426
03/08/2020,ANC,AK,AAL,WE,Towers with Radar,239,103,10,1,353,0,0,0,0,0,239,103,10,1,353,0,0,0,353
03/09/2020,ANC,AK,AAL,WE,Towers with Radar,285,160,45,1,491,0,31,45,0,76,285,191,90,1,567,0,0,0,567
03/10/2020,ANC,AK,AAL,WE,Towers with Radar,253,141,19,6,419,0,45,171,4,220,253,186,190,10,639,72,0,72,711
03/11/2020,ANC,AK,AAL,WE,Towers with Radar,297,160,13,5,475,37,50,134,1,222,334,210,147,6,697,22,0,22,719
03/12/2020,ANC,AK,AAL,WE,Towers with Radar,293,132,19,10,454,0,36,135,2,173,293,168,154,12,627,30,0,30,657
03/13/2020,ANC,AK,AAL,WE,Towers with Radar,297,140,21,7,465,0,38,160,0,198,297,178,181,7,663,16,0,16,679
03/14/2020,ANC,AK,AAL,WE,Towers with Radar,304,94,11,7,416,0,18,152,0,170,304,112,163,7,586,62,0,62,648
03/15/2020,ANC,AK,AAL,WE,Towers with Radar,247,90,8,0,345,0,20,132,0,152,247,110,140,0,497,0,0,0,497
03/16/2020,ANC,AK,AAL,WE,Towers with Radar,296,140,18,3,457,0,32,165,4,201,296,172,183,7,658,26,0,26,684
03/17/2020,ANC,AK,AAL,WE,Towers with Radar,247,162,35,7,451,0,12,35,0,47,247,174,70,7,498,24,0,24,522
03/18/2020,ANC,AK,AAL,WE,Towers with Radar,317,182,37,13,549,0,1,5,0,6,317,183,42,13,555,16,0,16,571
03/19/2020,ANC,AK,AAL,WE,Towers with Radar,312,171,23,6,512,0,2,3,1,6,312,173,26,7,518,0,0,0,518
03/20/2020,ANC,AK,AAL,WE,Towers with Radar,300,123,26,3,452,0,31,127,2,160,300,154,153,5,612,18,0,18,630
03/21/2020,ANC,AK,AAL,WE,Towers with Radar,306,114,18,10,448,0,0,7,0,7,306,114,25,10,455,2,0,2,457
03/22/2020,ANC,AK,AAL,WE,Towers with Radar,253,59,11,3,326,0,22,187,0,209,253,81,198,3,535,32,0,32,567
03/23/2020,ANC,AK,AAL,WE,Towers with Radar,288,98,15,4,405,0,26,139,0,165,288,124,154,4,570,34,0,34,604
03/24/2020,ANC,AK,AAL,WE,Towers with Radar,281,99,22,7,409,0,21,86,1,108,281,120,108,8,517,17,0,17,534
03/25/2020,ANC,AK,AAL,WE,Towers with Radar,301,120,14,5,440,0,19,59,0,78,301,139,73,5,518,18,0,18,536
03/26/2020,ANC,AK,AAL,WE,Towers with Radar,327,122,19,9,477,0,13,125,1,139,327,135,144,10,616,56,0,56,672
03/27/2020,ANC,AK,AAL,WE,Towers with Radar,293,97,15,9,414,0,15,78,0,93,293,112,93,9,507,6,0,6,513
03/28/2020,ANC,AK,AAL,WE,Towers with Radar,309,82,24,6,421,0,5,114,0,119,309,87,138,6,540,10,0,10,550
03/29/2020,ANC,AK,AAL,WE,Towers with Radar,242,38,12,0,292,0,7,42,0,49,242,45,54,0,341,22,0,22,363
03/30/2020,ANC,AK,AAL,WE,Towers with Radar,293,94,16,0,403,0,18,65,0,83,293,112,81,0,486,30,0,30,516
03/31/2020,ANC,AK,AAL,WE,Towers with Radar,260,92,16,3,371,0,21,181,0,202,260,113,197,3,573,32,0,32,605
04/01/2020,ANC,AK,AAL,WE,Towers with Radar,304,99,30,7,440,0,16,64,4,84,304,115,94,11,524,18,0,18,542
04/02/2020,ANC,AK,AAL,WE,Towers with Radar,294,86,28,2,410,0,0,12,0,12,294,86,40,2,422,4,0,4,426
04/03/2020,ANC,AK,AAL,WE,Towers with Radar,273,95,13,8,389,0,11,13,0,24,273,106,26,8,413,0,0,0,413
04/04/2020,ANC,AK,AAL,WE,Towers with Radar,279,44,7,4,334,0,1,66,0,67,279,45,73,4,401,14,0,14,415
04/05/2020,ANC,AK,AAL,WE,Towers with Radar,216,20,8,1,245,2,8,17,1,28,218,28,25,2,273,0,0,0,273
04/06/2020,ANC,AK,AAL,WE,Towers with Radar,271,51,19,6,347,0,18,70,0,88,271,69,89,6,435,6,0,6,441
04/07/2020,ANC,AK,AAL,WE,Towers with Radar,260,82,18,5,365,0,19,96,0,115,260,101,114,5,480,24,0,24,504
04/08/2020,ANC,AK,AAL,WE,Towers with Radar,283,70,17,5,375,0,34,87,0,121,283,104,104,5,496,12,0,12,508
04/09/2020,ANC,AK,AAL,WE,Towers with Radar,302,74,31,3,410,0,39,191,2,232,302,113,222,5,642,16,0,16,658
04/10/2020,ANC,AK,AAL,WE,Towers with Radar,261,80,48,5,394,0,10,212,2,224,261,90,260,7,618,22,0,22,640
04/11/2020,ANC,AK,AAL,WE,Towers with Radar,275,45,13,5,338,0,6,177,0,183,275,51,190,5,521,24,0,24,545
04/12/2020,ANC,AK,AAL,WE,Towers with Radar,217,26,11,2,256,0,3,16,0,19,217,29,27,2,275,0,0,0,275
04/13/2020,ANC,AK,AAL,WE,Towers with Radar,258,66,15,0,339,0,2,31,0,33,258,68,46,0,372,5,0,5,377
04/14/2020,ANC,AK,AAL,WE,Towers with Radar,281,55,22,4,362,0,14,135,2,151,281,69,157,6,513,16,0,16,529
04/15/2020,ANC,AK,AAL,WE,Towers with Radar,286,75,21,3,385,0,10,49,4,63,286,85,70,7,448,6,0,6,454
04/16/2020,ANC,AK,AAL,WE,Towers with Radar,320,86,18,5,429,0,0,6,0,6,320,86,24,5,435,0,0,0,435
04/17/2020,ANC,AK,AAL,WE,Towers with Radar,301,92,20,10,423,0,11,54,0,65,301,103,74,10,488,20,0,20,508
04/18/2020,ANC,AK,AAL,WE,Towers with Radar,289,36,19,3,347,0,4,138,0,142,289,40,157,3,489,38,0,38,527
04/19/2020,ANC,AK,AAL,WE,Towers with Radar,238,27,16,2,283,0,7,85,1,93,238,34,101,3,376,14,0,14,390
04/20/2020,ANC,AK,AAL,WE,Towers with Radar,284,78,37,3,402,0,7,11,0,18,284,85,48,3,420,10,0,10,430
04/21/2020,ANC,AK,AAL,WE,Towers with Radar,280,98,23,7,408,0,2,12,0,14,280,100,35,7,422,6,0,6,428
04/22/2020,ANC,AK,AAL,WE,Towers with Radar,310,97,28,7,442,0,5,60,0,65,310,102,88,7,507,60,0,60,567
04/23/2020,ANC,AK,AAL,WE,Towers with Radar,327,82,20,8,437,0,16,106,1,123,327,98,126,9,560,16,0,16,576
04/24/2020,ANC,AK,AAL,WE,Towers with Radar,299,79,27,9,414,0,18,164,4,186,299,97,191,13,600,53,0,53,653
04/25/2020,ANC,AK,AAL,WE,Towers with Radar,306,56,7,10,379,2,22,278,3,305,308,78,285,13,684,58,0,58,742
04/26/2020,ANC,AK,AAL,WE,Towers with Radar,241,33,19,2,295,0,20,212,4,236,241,53,231,6,531,50,0,50,581
04/27/2020,ANC,AK,AAL,WE,Towers with Radar,298,75,28,3,404,0,25,199,2,226,298,100,227,5,630,38,0,38,668
04/28/2020,ANC,AK,AAL,WE,Towers with Radar,292,67,33,5,397,2,18,214,2,236,294,85,247,7,633,68,0,68,701
04/29/2020,ANC,AK,AAL,WE,Towers with Radar,328,69,22,8,427,0,21,183,2,206,328,90,205,10,633,40,0,40,673
04/30/2020,ANC,AK,AAL,WE,Towers with Radar,327,78,31,7,443,0,16,175,3,194,327,94,206,10,637,9,0,9,646
05/01/2020,ANC,AK,AAL,WE,Towers with Radar,307,90,37,11,445,0,21,214,8,243,307,111,251,19,688,56,0,56,744
05/02/2020,ANC,AK,AAL,WE,Towers with Radar,308,56,25,9,398,0,9,271,0,280,308,65,296,9,678,66,0,66,744
05/03/2020,ANC,AK,AAL,WE,Towers with Radar,249,40,17,3,309,0,12,166,0,178,249,52,183,3,487,74,0,74,561
05/04/2020,ANC,AK,AAL,WE,Towers with Radar,283,82,15,1,381,1,10,88,2,101,284,92,103,3,482,102,0,102,584
05/05/2020,ANC,AK,AAL,WE,Towers with Radar,300,79,32,4,415,0,26,252,1,279,300,105,284,5,694,63,0,63,757
05/06/2020,ANC,AK,AAL,WE,Towers with Radar,309,92,36,8,445,0,90,201,3,294,309,182,237,11,739,70,0,70,809
05/07/2020,ANC,AK,AAL,WE,Towers with Radar,326,85,24,5,440,0,30,147,0,177,326,115,171,5,617,48,0,48,665
05/08/2020,ANC,AK,AAL,WE,Towers with Radar,300,93,45,8,446,0,18,134,1,153,300,111,179,9,599,56,0,56,655
05/09/2020,ANC,AK,AAL,WE,Towers with Radar,307,65,15,8,395,0,10,346,0,356,307,75,361,8,751,70,0,70,821
05/10/2020,ANC,AK,AAL,WE,Towers with Radar,256,44,20,1,321,0,15,182,0,197,256,59,202,1,518,36,0,36,554
05/11/2020,ANC,AK,AAL,WE,Towers with Radar,301,83,41,4,429,0,12,121,0,133,301,95,162,4,562,28,0,28,590
05/12/2020,ANC,AK,AAL,WE,Towers with Radar,326,89,27,6,448,0,35,313,1,349,326,124,340,7,797,49,0,49,846
05/13/2020,ANC,AK,AAL,WE,Towers with Radar,350,79,29,7,465,0,36,138,0,174,350,115,167,7,639,20,0,20,659
05/14/2020,ANC,AK,AAL,WE,Towers with Radar,333,95,27,7,462,0,23,106,0,129,333,118,133,7,591,28,0,28,619
05/15/2020,ANC,AK,AAL,WE,Towers with Radar,329,91,41,7,468,0,42,307,0,349,329,133,348,7,817,87,0,87,904
05/16/2020,ANC,AK,AAL,WE,Towers with Radar,314,58,28,11,411,0,22,361,2,385,314,80,389,13,796,42,0,42,838
05/17/2020,ANC,AK,AAL,WE,Towers with Radar,308,35,24,0,367,0,11,330,0,341,308,46,354,0,708,23,0,23,731
05/18/2020,ANC,AK,AAL,WE,Towers with Radar,296,95,30,8,429,0,32,134,1,167,296,127,164,9,596,34,0,34,630
05/19/2020,ANC,AK,AAL,WE,Towers with Radar,326,99,24,5,454,1,31,246,0,278,327,130,270,5,732,24,0,24,756
05/20/2020,ANC,AK,AAL,WE,Towers with Radar,349,97,36,4,486,2,47,293,1,343,351,144,329,5,829,38,0,38,867
05/21/2020,ANC,AK,AAL,WE,Towers with Radar,360,107,30,3,500,0,52,147,1,200,360,159,177,4,700,44,0,44,744
05/22/2020,ANC,AK,AAL,WE,Towers with Radar,324,107,29,12,472,0,52,217,0,269,324,159,246,12,741,65,0,65,806
05/23/2020,ANC,AK,AAL,WE,Towers with Radar,321,64,16,8,409,0,31,242,0,273,321,95,258,8,682,42,0,42,724
05/24/2020,ANC,AK,AAL,WE,Towers with Radar,291,32,15,0,338,0,16,73,0,89,291,48,88,0,427,2,0,2,429
05/25/2020,ANC,AK,AAL,WE,Towers with Radar,293,28,31,0,352,0,45,316,3,364,293,73,347,3,716,86,0,86,802
05/26/2020,ANC,AK,AAL,WE,Towers with Radar,305,90,22,8,425,0,71,196,5,272,305,161,218,13,697,94,0,94,791
05/27/2020,ANC,AK,AAL,WE,Towers with Radar,352,89,33,6,480,0,57,340,0,397,352,146,373,6,877,74,0,74,951
05/28/2020,ANC,AK,AAL,WE,Towers with Radar,332,89,48,7,476,0,47,324,4,375,332,136,372,11,851,26,0,26,877
05/29/2020,ANC,AK,AAL,WE,Towers with Radar,321,109,61,9,500,0,51,377,2,430,321,160,438,11,930,44,0,44,974
05/30/2020,ANC,AK,AAL,WE,Towers with Radar,323,67,23,12,425,0,34,206,0,240,323,101,229,12,665,24,0,24,689
05/31/2020,ANC,AK,AAL,WE,Towers with Radar,274,32,14,4,324,0,28,197,1,226,274,60,211,5,550,40,0,40,590
06/01/2020,ANC,AK,AAL,WE,Towers with Radar,299,98,39,5,441,0,45,221,0,266,299,143,260,5,707,68,0,68,775
06/02/2020,ANC,AK,AAL,WE,Towers with Radar,318,107,39,7,471,2,43,263,46,354,320,150,302,53,825,30,0,30,855
06/03/2020,ANC,AK,AAL,WE,Towers with Radar,352,112,32,11,507,0,41,274,5,320,352,153,306,16,827,20,0,20,847
06/04/2020,ANC,AK,AAL,WE,Towers with Radar,356,95,22,8,481,0,51,359,4,414,356,146,381,12,895,60,0,60,955
06/05/2020,ANC,AK,AAL,WE,Towers with Radar,341,94,42,9,486,0,41,383,1,425,341,135,425,10,911,30,0,30,941
06/06/2020,ANC,AK,AAL,WE,Towers with Radar,350,79,31,6,466,0,23,351,4,378,350,102,382,10,844,104,0,104,948
06/07/2020,ANC,AK,AAL,WE,Towers with Radar,296,57,53,6,412,0,29,403,6,438,296,86,456,12,850,68,0,68,918
06/08/2020,ANC,AK,AAL,WE,Towers with Radar,322,99,25,3,449,0,33,185,5,223,322,132,210,8,672,26,0,26,698
06/09/2020,ANC,AK,AAL,WE,Towers with Radar,318,104,48,13,483,0,45,107,0,152,318,149,155,13,635,38,0,38,673
06/10/2020,ANC,AK,AAL,WE,Towers with Radar,365,118,43,11,537,0,65,322,4,391,365,183,365,15,928,28,2,30,958
06/11/2020,ANC,AK,AAL,WE,Towers with Radar,375,101,37,10,523,0,68,391,6,465,375,169,428,16,988,62,0,62,1050
06/12/2020,ANC,AK,AAL,WE,Towers with Radar,368,107,42,8,525,0,59,428,5,492,368,166,470,13,1017,26,0,26,1043
06/13/2020,ANC,AK,AAL,WE,Towers with Radar,358,75,30,12,475,1,52,354,0,407,359,127,384,12,882,68,0,68,950
06/14/2020,ANC,AK,AAL,WE,Towers with Radar,294,41,31,2,368,2,41,372,0,415,296,82,403,2,783,32,0,32,815
06/15/2020,ANC,AK,AAL,WE,Towers with Radar,323,98,32,6,459,0,67,345,4,416,323,165,377,10,875,30,0,30,905
06/16/2020,ANC,AK,AAL,WE,Towers with Radar,317,110,41,14,482,0,88,226,5,319,317,198,267,19,801,26,0,26,827
06/17/2020,ANC,AK,AAL,WE,Towers with Radar,354,98,35,9,496,0,44,180,0,224,354,142,215,9,720,53,0,53,773
06/18/2020,ANC,AK,AAL,WE,Towers with Radar,372,92,43,13,520,0,74,345,3,422,372,166,388,16,942,80,0,80,1022
06/19/2020,ANC,AK,AAL,WE,Towers with Radar,352,121,40,9,522,0,49,185,1,235,352,170,225,10,757,56,0,56,813
06/20/2020,ANC,AK,AAL,WE,Towers with Radar,341,72,29,8,450,0,54,330,1,385,341,126,359,9,835,34,0,34,869
06/21/2020,ANC,AK,AAL,WE,Towers with Radar,311,48,28,4,391,0,60,264,1,325,311,108,292,5,716,0,0,0,716
06/22/2020,ANC,AK,AAL,WE,Towers with Radar,319,93,45,13,470,0,73,269,5,347,319,166,314,18,817,38,0,38,855
06/23/2020,ANC,AK,AAL,WE,Towers with Radar,311,110,30,13,464,0,51,270,0,321,311,161,300,13,785,29,0,29,814
06/24/2020,ANC,AK,AAL,WE,Towers with Radar,354,120,31,16,521,0,64,214,2,280,354,184,245,18,801,70,0,70,871
06/25/2020,ANC,AK,AAL,WE,Towers with Radar,366,115,52,12,545,0,54,347,4,405,366,169,399,16,950,36,0,36,986
06/26/2020,ANC,AK,AAL,WE,Towers with Radar,340,112,43,13,508,0,75,412,2,489,340,187,455,15,997,39,0,39,1036
06/27/2020,ANC,AK,AAL,WE,Towers with Radar,341,57,32,14,444,0,53,439,0,492,341,110,471,14,936,18,0,18,954
06/28/2020,ANC,AK,AAL,WE,Towers with Radar,281,55,36,11,383,0,27,147,0,174,281,82,183,11,557,28,0,28,585
06/29/2020,ANC,AK,AAL,WE,Towers with Radar,297,83,40,13,433,0,65,232,1,298,297,148,272,14,731,53,0,53,784
06/30/2020,ANC,AK,AAL,WE,Towers with Radar,300,94,45,10,449,0,70,327,2,399,300,164,372,12,848,36,0,36,884
07/01/2020,ANC,AK,AAL,WE,Towers with Radar,341,118,39,13,511,0,89,412,2,503,341,207,451,15,1014,66,0,66,1080
07/02/2020,ANC,AK,AAL,WE,Towers with Radar,339,89,33,15,476,1,105,446,0,552,340,194,479,15,1028,38,0,38,1066
07/03/2020,ANC,AK,AAL,WE,Towers with Radar,349,78,30,9,466,0,94,467,1,562,349,172,497,10,1028,16,0,16,1044
07/04/2020,ANC,AK,AAL,WE,Towers with Radar,312,30,38,11,391,0,58,266,0,324,312,88,304,11,715,6,0,6,721
07/05/2020,ANC,AK,AAL,WE,Towers with Radar,286,55,34,11,386,0,72,308,0,380,286,127,342,11,766,14,0,14,780
07/06/2020,ANC,AK,AAL,WE,Towers with Radar,294,115,56,14,479,0,47,158,2,207,294,162,214,16,686,14,0,14,700
07/07/2020,ANC,AK,AAL,WE,Towers with Radar,300,113,49,16,478,0,59,258,1,318,300,172,307,17,796,52,0,52,848
07/08/2020,ANC,AK,AAL,WE,Towers with Radar,346,139,64,14,563,0,33,44,0,77,346,172,108,14,640,57,0,57,697
07/09/2020,ANC,AK,AAL,WE,Towers with Radar,354,119,46,17,536,0,80,291,0,371,354,199,337,17,907,50,0,50,957
07/10/2020,ANC,AK,AAL,WE,Towers with Radar,340,109,46,12,507,0,59,388,0,447,340,168,434,12,954,29,0,29,983
07/11/2020,ANC,AK,AAL,WE,Towers with Radar,351,80,35,11,477,0,53,272,0,325,351,133,307,11,802,64,0,64,866
07/12/2020,ANC,AK,AAL,WE,Towers with Radar,301,62,39,12,414,0,40,140,0,180,301,102,179,12,594,32,0,32,626
07/13/2020,ANC,AK,AAL,WE,Towers with Radar,307,89,40,13,449,0,91,366,5,462,307,180,406,18,911,46,0,46,957
07/14/2020,ANC,AK,AAL,WE,Towers with Radar,321,111,28,12,472,0,90,439,0,529,321,201,467,12,1001,40,0,40,1041
07/15/2020,ANC,AK,AAL,WE,Towers with Radar,336,101,38,12,487,0,87,472,2,561,336,188,510,14,1048,22,2,24,1072
07/16/2020,ANC,AK,AAL,WE,Towers with Radar,361,102,42,12,517,0,77,366,1,444,361,179,408,13,961,40,0,40,1001
07/17/2020,ANC,AK,AAL,WE,Towers with Radar,343,101,44,15,503,0,85,284,0,369,343,186,328,15,872,54,0,54,926
07/18/2020,ANC,AK,AAL,WE,Towers with Radar,353,56,25,9,443,0,75,314,0,389,353,131,339,9,832,50,0,50,882
07/19/2020,ANC,AK,AAL,WE,Towers with Radar,285,49,42,6,382,0,69,239,4,312,285,118,281,10,694,14,0,14,708
07/20/2020,ANC,AK,AAL,WE,Towers with Radar,300,85,32,5,422,0,97,234,1,332,300,182,266,6,754,26,0,26,780
07/21/2020,ANC,AK,AAL,WE,Towers with Radar,308,105,44,10,467,0,98,378,5,481,308,203,422,15,948,24,0,24,972
07/22/2020,ANC,AK,AAL,WE,Towers with Radar,338,93,52,7,490,1,79,252,3,335,339,172,304,10,825,22,0,22,847
07/23/2020,ANC,AK,AAL,WE,Towers with Radar,370,94,63,12,539,1,98,500,3,602,371,192,563,15,1141,84,0,84,1225
07/24/2020,ANC,AK,AAL,WE,Towers with Radar,342,122,63,13,540,0,78,181,1,260,342,200,244,14,800,52,0,52,852
07/25/2020,ANC,AK,AAL,WE,Towers with Radar,362,83,50,8,503,0,50,204,0,254,362,133,254,8,757,42,0,42,799
07/26/2020,ANC,AK,AAL,WE,Towers with Radar,289,50,45,2,386,0,108,417,0,525,289,158,462,2,911,64,0,64,975
07/27/2020,ANC,AK,AAL,WE,Towers with Radar,319,88,40,7,454,0,99,384,3,486,319,187,424,10,940,34,0,34,974
07/28/2020,ANC,AK,AAL,WE,Towers with Radar,305,110,34,11,460,0,93,427,2,522,305,203,461,13,982,42,0,42,1024
07/29/2020,ANC,AK,AAL,WE,Towers with Radar,354,108,41,11,514,1,105,425,4,535,355,213,466,15,1049,30,0,30,1079
07/30/2020,ANC,AK,AAL,WE,Towers with Radar,353,116,44,6,519,0,96,200,2,298,353,212,244,8,817,38,0,38,855
07/31/2020,ANC,AK,AAL,WE,Towers with Radar,354,110,53,11,528,0,119,430,5,554,354,229,483,16,1082,38,0,38,1120
08/01/2020,ANC,AK,AAL,WE,Towers with Radar,347,86,33,11,477,0,46,115,1,162,347,132,148,12,639,14,0,14,653
08/02/2020,ANC,AK,AAL,WE,Towers with Radar,302,62,42,8,414,0,60,192,0,252,302,122,234,8,666,22,0,22,688
08/03/2020,ANC,AK,AAL,WE,Towers with Radar,310,106,48,5,469,0,77,247,2,326,310,183,295,7,795,8,0,8,803
08/04/2020,ANC,AK,AAL,WE,Towers with Radar,312,106,34,10,462,0,98,428,4,530,312,204,462,14,992,46,0,46,1038
08/05/2020,ANC,AK,AAL,WE,Towers with Radar,336,86,26,12,460,3,128,408,4,543,339,214,434,16,1003,2,0,2,1005
08/06/2020,ANC,AK,AAL,WE,Towers with Radar,353,93,37,13,496,0,67,239,4,310,353,160,276,17,806,23,0,23,829
08/07/2020,ANC,AK,AAL,WE,Towers with Radar,350,101,30,10,491,0,145,347,0,492,350,246,377,10,983,18,0,18,1001
08/08/2020,ANC,AK,AAL,WE,Towers with Radar,340,75,23,12,450,0,97,289,0,386,340,172,312,12,836,12,0,12,848
08/09/2020,ANC,AK,AAL,WE,Towers with Radar,292,89,22,1,404,0,81,354,9,444,292,170,376,10,848,56,0,56,904
08/10/2020,ANC,AK,AAL,WE,Towers with Radar,340,102,42,7,491,0,95,325,0,420,340,197,367,7,911,58,0,58,969
08/11/2020,ANC,AK,AAL,WE,Towers with Radar,319,102,62,7,490,0,89,188,1,278,319,191,250,8,768,106,0,106,874
08/12/2020,ANC,AK,AAL,WE,Towers with Radar,357,104,64,8,533,0,78,320,3,401,357,182,384,11,934,28,0,28,962
08/13/2020,ANC,AK,AAL,WE,Towers with Radar,344,95,32,7,478,0,112,407,6,525,344,207,439,13,1003,40,0,40,1043
08/14/2020,ANC,AK,AAL,WE,Towers with Radar,360,122,46,8,536,0,124,429,4,557,360,246,475,12,1093,62,0,62,1155
08/15/2020,ANC,AK,AAL,WE,Towers with Radar,342,72,29,7,450,0,99,236,0,335,342,171,265,7,785,24,0,24,809
08/16/2020,ANC,AK,AAL,WE,Towers with Radar,277,55,42,2,376,0,105,392,2,499,277,160,434,4,875,10,0,10,885
08/17/2020,ANC,AK,AAL,WE,Towers with Radar,323,76,22,10,431,0,113,366,3,482,323,189,388,13,913,50,0,50,963
08/18/2020,ANC,AK,AAL,WE,Towers with Radar,311,99,20,12,442,0,73,200,2,275,311,172,220,14,717,44,0,44,761
08/19/2020,ANC,AK,AAL,WE,Towers with Radar,332,106,37,13,488,0,84,328,2,414,332,190,365,15,902,48,0,48,950
08/20/2020,ANC,AK,AAL,WE,Towers with Radar,365,119,92,13,589,0,70,374,1,445,365,189,466,14,1034,50,0,50,1084
08/21/2020,ANC,AK,AAL,WE,Towers with Radar,363,107,44,12,526,0,108,509,3,620,363,215,553,15,1146,74,0,74,1220
08/22/2020,ANC,AK,AAL,WE,Towers with Radar,346,52,27,8,433,0,92,459,1,552,346,144,486,9,985,24,0,24,1009
08/23/2020,ANC,AK,AAL,WE,Towers with Radar,310,50,41,2,403,0,101,243,0,344,310,151,284,2,747,34,0,34,781
08/24/2020,ANC,AK,AAL,WE,Towers with Radar,315,116,42,7,480,0,79,149,8,236,315,195,191,15,716,16,0,16,732
08/25/2020,ANC,AK,AAL,WE,Towers with Radar,311,135,49,9,504,0,42,97,0,139,311,177,146,9,643,33,0,33,676
08/26/2020,ANC,AK,AAL,WE,Towers with Radar,337,123,57,9,526,0,55,173,3,231,337,178,230,12,757,34,0,34,791
08/27/2020,ANC,AK,AAL,WE,Towers with Radar,334,97,55,6,492,0,92,327,3,422,334,189,382,9,914,8,0,8,922
08/28/2020,ANC,AK,AAL,WE,Towers with Radar,345,99,56,11,511,1,111,493,1,606,346,210,549,12,1117,102,0,102,1219
08/29/2020,ANC,AK,AAL,WE,Towers with Radar,357,68,33,7,465,2,77,303,0,382,359,145,336,7,847,16,0,16,863
08/30/2020,ANC,AK,AAL,WE,Towers with Radar,314,43,37,5,399,0,87,207,6,300,314,130,244,11,699,60,0,60,759
08/31/2020,ANC,AK,AAL,WE,Towers with Radar,324,107,41,4,476,0,77,84,0,161,324,184,125,4,637,4,0,4,641
09/01/2020,ANC,AK,AAL,WE,Towers with Radar,305,119,50,7,481,1,82,229,0,312,306,201,279,7,793,44,0,44,837
09/02/2020,ANC,AK,AAL,WE,Towers with Radar,353,116,48,11,528,0,74,196,1,271,353,190,244,12,799,30,0,30,829
09/03/2020,ANC,AK,AAL,WE,Towers with Radar,348,125,42,6,521,0,64,227,2,293,348,189,269,8,814,26,0,26,840
09/04/2020,ANC,AK,AAL,WE,Towers with Radar,344,108,38,9,499,2,136,462,0,600,346,244,500,9,1099,14,0,14,1113
09/05/2020,ANC,AK,AAL,WE,Towers with Radar,334,68,29,8,439,0,79,416,3,498,334,147,445,11,937,56,0,56,993
09/06/2020,ANC,AK,AAL,WE,Towers with Radar,309,38,15,4,366,0,47,259,1,307,309,85,274,5,673,20,0,20,693
09/07/2020,ANC,AK,AAL,WE,Towers with Radar,307,41,31,2,381,0,60,63,0,123,307,101,94,2,504,0,0,0,504
09/08/2020,ANC,AK,AAL,WE,Towers with Radar,306,84,40,8,438,1,84,230,0,315,307,168,270,8,753,51,0,51,804
09/09/2020,ANC,AK,AAL,WE,Towers with Radar,345,100,36,10,491,0,112,242,2,356,345,212,278,12,847,12,0,12,859
09/10/2020,ANC,AK,AAL,WE,Towers with Radar,365,98,39,9,511,0,102,374,1,477,365,200,413,10,988,22,0,22,1010
09/11/2020,ANC,AK,AAL,WE,Towers with Radar,347,106,39,11,503,0,135,453,2,590,347,241,492,13,1093,64,0,64,1157
09/12/2020,ANC,AK,AAL,WE,Towers with Radar,345,67,18,6,436,0,106,375,4,485,345,173,393,10,921,50,0,50,971
09/13/2020,ANC,AK,AAL,WE,Towers with Radar,284,38,31,4,357,0,96,470,3,569,284,134,501,7,926,64,0,64,990
09/14/2020,ANC,AK,AAL,WE,Towers with Radar,311,78,34,8,431,0,90,340,3,433,311,168,374,11,864,28,0,28,892
09/15/2020,ANC,AK,AAL,WE,Towers with Radar,286,106,48,5,445,0,88,163,2,253,286,194,211,7,698,28,0,28,726
09/16/2020,ANC,AK,AAL,WE,Towers with Radar,356,120,55,9,540,0,77,176,3,256,356,197,231,12,796,6,0,6,802
09/17/2020,ANC,AK,AAL,WE,Towers with Radar,358,133,38,4,533,0,40,49,1,90,358,173,87,5,623,0,0,0,623
09/18/2020,ANC,AK,AAL,WE,Towers with Radar,339,102,41,8,490,0,97,185,2,284,339,199,226,10,774,22,0,22,796
09/19/2020,ANC,AK,AAL,WE,Towers with Radar,359,75,35,9,478,0,63,290,2,355,359,138,325,11,833,10,0,10,843
09/20/2020,ANC,AK,AAL,WE,Towers with Radar,301,42,35,6,384,0,77,257,0,334,301,119,292,6,718,70,0,70,788
09/21/2020,ANC,AK,AAL,WE,Towers with Radar,319,138,79,2,538,0,70,243,0,313,319,208,322,2,851,18,0,18,869
09/22/2020,ANC,AK,AAL,WE,Towers with Radar,319,84,37,8,448,0,80,172,0,252,319,164,209,8,700,48,0,48,748
09/23/2020,ANC,AK,AAL,WE,Towers with Radar,341,105,30,9,485,0,91,239,1,331,341,196,269,10,816,38,0,38,854
09/24/2020,ANC,AK,AAL,WE,Towers with Radar,348,132,38,14,532,0,65,171,2,238,348,197,209,16,770,70,0,70,840
09/25/2020,ANC,AK,AAL,WE,Towers with Radar,339,144,67,10,560,1,68,199,0,268,340,212,266,10,828,20,0,20,848
09/26/2020,ANC,AK,AAL,WE,Towers with Radar,336,77,42,10,465,0,81,273,0,354,336,158,315,10,819,86,0,86,905
09/27/2020,ANC,AK,AAL,WE,Towers with Radar,320,26,17,3,366,0,50,135,1,186,320,76,152,4,552,0,0,0,552
09/28/2020,ANC,AK,AAL,WE,Towers with Radar,336,107,28,2,473,0,61,151,0,212,336,168,179,2,685,54,0,54,739
09/29/2020,ANC,AK,AAL,WE,Towers with Radar,322,88,32,7,449,0,70,258,2,330,322,158,290,9,779,18,0,18,797
09/30/2020,ANC,AK,AAL,WE,Towers with Radar,349,109,33,6,497,0,37,60,0,97,349,146,93,6,594,14,0,14,608
10/01/2020,ANC,AK,AAL,WE,Towers with Radar,353,88,31,6,478,0,37,75,2,114,353,125,106,8,592,0,0,0,592
10/02/2020,ANC,AK,AAL,WE,Towers with Radar,337,88,27,5,457,0,47,93,2,142,337,135,120,7,599,8,0,8,607
10/03/2020,ANC,AK,AAL,WE,Towers with Radar,326,62,27,12,427,0,22,100,3,125,326,84,127,15,552,8,0,8,560
10/04/2020,ANC,AK,AAL,WE,Towers with Radar,250,40,23,1,314,1,24,330,0,355,251,64,353,1,669,80,0,80,749
10/05/2020,ANC,AK,AAL,WE,Towers with Radar,291,91,22,8,412,0,49,314,1,364,291,140,336,9,776,44,0,44,820
10/06/2020,ANC,AK,AAL,WE,Towers with Radar,284,88,32,5,409,0,48,303,3,354,284,136,335,8,763,31,0,31,794
10/07/2020,ANC,AK,AAL,WE,Towers with Radar,312,85,35,6,438,0,41,142,4,187,312,126,177,10,625,28,0,28,653
10/08/2020,ANC,AK,AAL,WE,Towers with Radar,313,95,45,10,463,0,38,173,6,217,313,133,218,16,680,32,0,32,712
10/09/2020,ANC,AK,AAL,WE,Towers with Radar,317,102,39,7,465,0,61,307,2,370,317,163,346,9,835,138,0,138,973
10/10/2020,ANC,AK,AAL,WE,Towers with Radar,305,70,20,7,402,0,29,334,2,365,305,99,354,9,767,42,0,42,809
10/11/2020,ANC,AK,AAL,WE,Towers with Radar,297,34,24,5,360,0,25,197,0,222,297,59,221,5,582,14,0,14,596
10/12/2020,ANC,AK,AAL,WE,Towers with Radar,341,63,29,2,435,0,43,207,1,251,341,106,236,3,686,68,0,68,754
10/13/2020,ANC,AK,AAL,WE,Towers with Radar,329,116,31,7,483,0,40,271,3,314,329,156,302,10,797,32,0,32,829
10/14/2020,ANC,AK,AAL,WE,Towers with Radar,354,138,41,9,542,0,36,114,2,152,354,174,155,11,694,0,0,0,694
10/15/2020,ANC,AK,AAL,WE,Towers with Radar,341,123,49,4,517,0,19,155,0,174,341,142,204,4,691,118,0,118,809
10/16/2020,ANC,AK,AAL,WE,Towers with Radar,359,86,40,4,489,0,35,255,2,292,359,121,295,6,781,64,0,64,845
10/17/2020,ANC,AK,AAL,WE,Towers with Radar,345,60,11,10,426,0,21,252,2,275,345,81,263,12,701,56,0,56,757
10/18/2020,ANC,AK,AAL,WE,Towers with Radar,307,45,21,4,377,0,3,19,0,22,307,48,40,4,399,18,0,18,417
10/19/2020,ANC,AK,AAL,WE,Towers with Radar,361,102,29,7,499,0,13,122,0,135,361,115,151,7,634,59,0,59,693
10/20/2020,ANC,AK,AAL,WE,Towers with Radar,329,88,31,5,453,0,30,169,0,199,329,118,200,5,652,50,0,50,702
10/21/2020,ANC,AK,AAL,WE,Towers with Radar,379,80,19,7,485,0,46,200,2,248,379,126,219,9,733,56,0,56,789
10/22/2020,ANC,AK,AAL,WE,Towers with Radar,362,88,25,7,482,0,32,184,0,216,362,120,209,7,698,54,0,54,752
10/23/2020,ANC,AK,AAL,WE,Towers with Radar,353,66,19,13,451,0,27,143,0,170,353,93,162,13,621,70,0,70,691
10/24/2020,ANC,AK,AAL,WE,Towers with Radar,366,70,22,10,468,1,11,87,0,99,367,81,109,10,567,28,0,28,595
10/25/2020,ANC,AK,AAL,WE,Towers with Radar,310,67,15,2,394,0,1,15,0,16,310,68,30,2,410,4,0,4,414
10/26/2020,ANC,AK,AAL,WE,Towers with Radar,360,110,19,3,492,0,6,9,0,15,360,116,28,3,507,16,0,16,523
10/27/2020,ANC,AK,AAL,WE,Towers with Radar,318,128,56,11,513,0,5,13,1,19,318,133,69,12,532,20,0,20,552
10/28/2020,ANC,AK,AAL,WE,Towers with Radar,368,137,35,10,550,0,1,3,0,4,368,138,38,10,554,0,0,0,554
10/29/2020,ANC,AK,AAL,WE,Towers with Radar,341,123,51,11,526,0,13,46,0,59,341,136,97,11,585,10,0,10,595
10/30/2020,ANC,AK,AAL,WE,Towers with Radar,342,111,63,18,534,0,23,122,1,146,342,134,185,19,680,26,0,26,706
10/31/2020,ANC,AK,AAL,WE,Towers with Radar,334,58,12,10,414,0,8,93,0,101,334,66,105,10,515,38,0,38,553
11/01/2020,ANC,AK,AAL,WE,Towers with Radar,322,50,11,1,384,0,13,29,0,42,322,63,40,1,426,0,0,0,426
11/02/2020,ANC,AK,AAL,WE,Towers with Radar,382,82,22,7,493,0,20,32,0,52,382,102,54,7,545,6,0,6,551
11/03/2020,ANC,AK,AAL,WE,Towers with Radar,324,83,31,6,444,0,41,94,2,137,324,124,125,8,581,2,0,2,583
11/04/2020,ANC,AK,AAL,WE,Towers with Radar,362,98,31,9,500,0,31,95,0,126,362,129,126,9,626,14,0,14,640
11/05/2020,ANC,AK,AAL,WE,Towers with Radar,343,94,30,5,472,0,16,110,2,128,343,110,140,7,600,18,0,18,618
11/06/2020,ANC,AK,AAL,WE,Towers with Radar,351,125,37,8,521,0,0,0,0,0,351,125,37,8,521,0,0,0,521
11/07/2020,ANC,AK,AAL,WE,Towers with Radar,326,75,14,3,418,0,0,0,0,0,326,75,14,3,418,0,0,0,418
11/08/2020,ANC,AK,AAL,WE,Towers with Radar,288,64,5,5,362,0,0,0,0,0,288,64,5,5,362,0,0,0,362
11/09/2020,ANC,AK,AAL,WE,Towers with Radar,344,90,28,7,469,0,32,51,8,91,344,122,79,15,560,0,0,0,560
11/10/2020,ANC,AK,AAL,WE,Towers with Radar,342,84,31,9,466,0,19,62,2,83,342,103,93,11,549,18,0,18,567
11/11/2020,ANC,AK,AAL,WE,Towers with Radar,367,108,36,11,522,0,17,24,0,41,367,125,60,11,563,2,0,2,565
11/12/2020,ANC,AK,AAL,WE,Towers with Radar,342,118,30,14,504,0,1,0,0,1,342,119,30,14,505,0,0,0,505
11/13/2020,ANC,AK,AAL,WE,Towers with Radar,358,125,41,15,539,0,6,9,0,15,358,131,50,15,554,0,0,0,554
11/14/2020,ANC,AK,AAL,WE,Towers with Radar,349,83,31,16,479,0,0,0,0,0,349,83,31,16,479,0,0,0,479
11/15/2020,ANC,AK,AAL,WE,Towers with Radar,304,54,19,12,389,0,19,172,0,191,304,73,191,12,580,16,0,16,596
11/16/2020,ANC,AK,AAL,WE,Towers with Radar,353,74,34,11,472,0,34,114,2,150,353,108,148,13,622,16,0,16,638
11/17/2020,ANC,AK,AAL,WE,Towers with Radar,330,112,31,7,480,0,19,80,2,101,330,131,111,9,581,11,0,11,592
11/18/2020,ANC,AK,AAL,WE,Towers with Radar,361,122,30,10,523,0,22,63,3,88,361,144,93,13,611,17,0,17,628
11/19/2020,ANC,AK,AAL,WE,Towers with Radar,364,107,29,12,512,0,24,88,2,114,364,131,117,14,626,0,0,0,626
11/20/2020,ANC,AK,AAL,WE,Towers with Radar,338,104,18,7,467,0,26,77,5,108,338,130,95,12,575,25,0,25,600
11/21/2020,ANC,AK,AAL,WE,Towers with Radar,345,55,21,7,428,0,5,13,2,20,345,60,34,9,448,0,0,0,448
11/22/2020,ANC,AK,AAL,WE,Towers with Radar,322,43,10,6,381,0,7,61,0,68,322,50,71,6,449,34,0,34,483
11/23/2020,ANC,AK,AAL,WE,Towers with Radar,325,80,10,9,424,0,15,31,4,50,325,95,41,13,474,4,0,4,478
11/24/2020,ANC,AK,AAL,WE,Towers with Radar,321,120,26,7,474,4,31,153,2,190,325,151,179,9,664,25,0,25,689
11/25/2020,ANC,AK,AAL,WE,Towers with Radar,350,121,19,11,501,0,11,16,1,28,350,132,35,12,529,2,0,2,531
11/26/2020,ANC,AK,AAL,WE,Towers with Radar,292,15,11,0,318,0,9,7,1,17,292,24,18,1,335,0,0,0,335
11/27/2020,ANC,AK,AAL,WE,Towers with Radar,337,105,7,3,452,0,0,12,0,12,337,105,19,3,464,0,0,0,464
11/28/2020,ANC,AK,AAL,WE,Towers with Radar,346,54,8,8,416,0,3,53,0,56,346,57,61,8,472,40,0,40,512
11/29/2020,ANC,AK,AAL,WE,Towers with Radar,309,56,14,10,389,0,6,36,6,48,309,62,50,16,437,36,0,36,473
11/30/2020,ANC,AK,AAL,WE,Towers with Radar,358,91,15,7,471,0,16,58,1,75,358,107,73,8,546,10,0,10,556
12/01/2020,ANC,AK,AAL,WE,Towers with Radar,326,106,21,11,464,0,20,24,1,45,326,126,45,12,509,0,0,0,509
12/02/2020,ANC,AK,AAL,WE,Towers with Radar,353,133,26,8,520,0,5,3,0,8,353,138,29,8,528,6,0,6,534
12/03/2020,ANC,AK,AAL,WE,Towers with Radar,354,149,27,8,538,0,19,20,0,39,354,168,47,8,577,0,0,0,577
12/04/2020,ANC,AK,AAL,WE,Towers with Radar,333,126,18,11,488,0,13,18,2,33,333,139,36,13,521,0,0,0,521
12/05/2020,ANC,AK,AAL,WE,Towers with Radar,340,99,33,10,482,0,11,65,0,76,340,110,98,10,558,12,0,12,570
12/06/2020,ANC,AK,AAL,WE,Towers with Radar,297,40,19,3,359,0,12,37,0,49,297,52,56,3,408,28,0,28,436
12/07/2020,ANC,AK,AAL,WE,Towers with Radar,329,115,25,4,473,0,21,65,0,86,329,136,90,4,559,2,0,2,561
12/08/2020,ANC,AK,AAL,WE,Towers with Radar,300,128,18,6,452,0,7,9,0,16,300,135,27,6,468,0,0,0,468
12/09/2020,ANC,AK,AAL,WE,Towers with Radar,342,129,30,8,509,0,32,90,4,126,342,161,120,12,635,24,0,24,659
12/10/2020,ANC,AK,AAL,WE,Towers with Radar,333,147,29,11,520,0,2,5,0,7,333,149,34,11,527,0,0,0,527
12/11/2020,ANC,AK,AAL,WE,Towers with Radar,323,121,21,9,474,0,23,114,2,139,323,144,135,11,613,50,0,50,663
12/12/2020,ANC,AK,AAL,WE,Towers with Radar,336,85,40,9,470,0,9,101,0,110,336,94,141,9,580,34,20,54,634
12/13/2020,ANC,AK,AAL,WE,Towers with Radar,272,56,11,6,345,0,13,77,2,92,272,69,88,8,437,28,0,28,465
12/14/2020,ANC,AK,AAL,WE,Towers with Radar,327,97,20,5,449,0,24,39,1,64,327,121,59,6,513,0,0,0,513
12/15/2020,ANC,AK,AAL,WE,Towers with Radar,308,156,26,9,499,0,0,8,2,10,308,156,34,11,509,0,0,0,509
12/16/2020,ANC,AK,AAL,WE,Towers with Radar,315,152,36,10,513,0,2,5,0,7,315,154,41,10,520,6,0,6,526
12/17/2020,ANC,AK,AAL,WE,Towers with Radar,308,118,27,8,461,0,18,86,0,104,308,136,113,8,565,0,0,0,565
12/18/2020,ANC,AK,AAL,WE,Towers with Radar,329,157,26,9,521,0,9,79,1,89,329,166,105,10,610,46,0,46,656
12/19/2020,ANC,AK,AAL,WE,Towers with Radar,305,104,20,7,436,0,0,2,0,2,305,104,22,7,438,0,0,0,438
12/20/2020,ANC,AK,AAL,WE,Towers with Radar,255,79,13,2,349,0,6,14,2,22,255,85,27,4,371,6,0,6,377
12/21/2020,ANC,AK,AAL,WE,Towers with Radar,284,134,13,4,435,0,9,22,0,31,284,143,35,4,466,20,0,20,486
12/22/2020,ANC,AK,AAL,WE,Towers with Radar,267,96,14,7,384,0,3,3,0,6,267,99,17,7,390,0,0,0,390
12/23/2020,ANC,AK,AAL,WE,Towers with Radar,297,125,15,14,451,0,16,38,0,54,297,141,53,14,505,0,0,0,505
12/24/2020,ANC,AK,AAL,WE,Towers with Radar,272,127,13,3,415,0,9,45,1,55,272,136,58,4,470,22,0,22,492
12/25/2020,ANC,AK,AAL,WE,Towers with Radar,218,18,3,0,239,0,0,5,0,5,218,18,8,0,244,0,0,0,244
12/26/2020,ANC,AK,AAL,WE,Towers with Radar,294,71,7,8,380,0,1,25,1,27,294,72,32,9,407,140,0,140,547
12/27/2020,ANC,AK,AAL,WE,Towers with Radar,258,48,8,4,318,0,9,45,0,54,258,57,53,4,372,26,0,26,398
12/28/2020,ANC,AK,AAL,WE,Towers with Radar,317,115,29,5,466,0,15,29,0,44,317,130,58,5,510,0,0,0,510
12/29/2020,ANC,AK,AAL,WE,Towers with Radar,291,98,16,6,411,0,35,119,0,154,291,133,135,6,565,15,0,15,580
12/30/2020,ANC,AK,AAL,WE,Towers with Radar,327,118,20,12,477,0,22,39,3,64,327,140,59,15,541,0,0,0,541
12/31/2020,ANC,AK,AAL,WE,Towers with Radar,291,94,22,2,409,0,24,162,1,187,291,118,184,3,596,20,0,20,616
01/01/2021,ANC,AK,AAL,WE,Towers with Radar,246,19,8,0,273,0,4,41,0,45,246,23,49,0,318,0,0,0,318
01/02/2021,ANC,AK,AAL,WE,Towers with Radar,277,86,25,9,397,0,10,45,0,55,277,96,70,9,452,4,0,4,456
01/03/2021,ANC,AK,AAL,WE,Towers with Radar,254,80,18,7,359,0,6,67,0,73,254,86,85,7,432,28,0,28,460
01/04/2021,ANC,AK,AAL,WE,Towers with Radar,272,138,16,3,429,0,15,45,0,60,272,153,61,3,489,18,0,18,507
01/05/2021,ANC,AK,AAL,WE,Towers with Radar,280,115,23,12,430,0,28,92,0,120,280,143,115,12,550,30,0,30,580
01/06/2021,ANC,AK,AAL,WE,Towers with Radar,286,128,24,10,448,0,14,73,0,87,286,142,97,10,535,20,0,20,555
01/07/2021,ANC,AK,AAL,WE,Towers with Radar,326,118,24,9,477,0,22,59,0,81,326,140,83,9,558,10,0,10,568
01/08/2021,ANC,AK,AAL,WE,Towers with Radar,314,116,31,6,467,0,27,115,0,142,314,143,146,6,609,262,0,262,871
01/09/2021,ANC,AK,AAL,WE,Towers with Radar,310,74,13,8,405,0,16,45,2,63,310,90,58,10,468,44,0,44,512
01/10/2021,ANC,AK,AAL,WE,Towers with Radar,284,40,11,2,337,0,18,80,1,99,284,58,91,3,436,36,0,36,472
01/11/2021,ANC,AK,AAL,WE,Towers with Radar,301,98,23,8,430,0,29,82,3,114,301,127,105,11,544,46,0,46,590
01/12/2021,ANC,AK,AAL,WE,Towers with Radar,280,140,24,6,450,0,19,60,2,81,280,159,84,8,531,0,0,0,531
01/13/2021,ANC,AK,AAL,WE,Towers with Radar,312,132,23,7,474,2,26,108,1,137,314,158,131,8,611,12,0,12,623
01/14/2021,ANC,AK,AAL,WE,Towers with Radar,321,104,33,7,465,0,27,53,0,80,321,131,86,7,545,44,0,44,589
01/15/2021,ANC,AK,AAL,WE,Towers with Radar,297,141,28,8,474,0,15,60,0,75,297,156,88,8,549,0,0,0,549
01/16/2021,ANC,AK,AAL,WE,Towers with Radar,307,80,27,8,422,0,7,59,0,66,307,87,86,8,488,42,0,42,530
01/17/2021,ANC,AK,AAL,WE,Towers with Radar,267,77,12,1,357,0,6,44,3,53,267,83,56,4,410,32,0,32,442
01/18/2021,ANC,AK,AAL,WE,Towers with Radar,304,121,14,7,446,0,4,9,0,13,304,125,23,7,459,0,0,0,459
01/19/2021,ANC,AK,AAL,WE,Towers with Radar,286,138,41,16,481,0,23,51,3,77,286,161,92,19,558,0,0,0,558
01/20/2021,ANC,AK,AAL,WE,Towers with Radar,313,125,37,10,485,0,28,56,4,88,313,153,93,14,573,14,0,14,587
01/21/2021,ANC,AK,AAL,WE,Towers with Radar,341,115,18,9,483,0,32,67,3,102,341,147,85,12,585,2,0,2,587
01/22/2021,ANC,AK,AAL,WE,Towers with Radar,311,120,23,9,463,0,17,50,1,68,311,137,73,10,531,4,0,4,535
01/23/2021,ANC,AK,AAL,WE,Towers with Radar,320,91,10,8,429,0,4,32,0,36,320,95,42,8,465,48,0,48,513
01/24/2021,ANC,AK,AAL,WE,Towers with Radar,280,60,8,2,350,0,9,61,0,70,280,69,69,2,420,48,0,48,468
01/25/2021,ANC,AK,AAL,WE,Towers with Radar,327,113,29,8,477,0,18,71,4,93,327,131,100,12,570,14,0,14,584
01/26/2021,ANC,AK,AAL,WE,Towers with Radar,289,120,23,9,441,0,48,169,4,221,289,168,192,13,662,40,0,40,702
01/27/2021,ANC,AK,AAL,WE,Towers with Radar,338,141,46,9,534,0,8,49,1,58,338,149,95,10,592,8,0,8,600
01/28/2021,ANC,AK,AAL,WE,Towers with Radar,331,133,31,9,504,0,12,67,0,79,331,145,98,9,583,46,0,46,629
01/29/2021,ANC,AK,AAL,WE,Towers with Radar,329,101,25,8,463,0,21,113,3,137,329,122,138,11,600,32,0,32,632
01/30/2021,ANC,AK,AAL,WE,Towers with Radar,318,86,17,8,429,0,15,225,2,242,318,101,242,10,671,36,0,36,707
01/31/2021,ANC,AK,AAL,WE,Towers with Radar,273,64,18,0,355,0,25,131,0,156,273,89,149,0,511,31,0,31,542
02/01/2021,ANC,AK,AAL,WE,Towers with Radar,318,86,22,2,428,0,20,60,2,82,318,106,82,4,510,10,0,10,520
02/02/2021,ANC,AK,AAL,WE,Towers with Radar,298,105,18,6,427,0,34,60,2,96,298,139,78,8,523,8,0,8,531
02/03/2021,ANC,AK,AAL,WE,Towers with Radar,329,150,24,8,511,0,0,0,1,1,329,150,24,9,512,0,0,0,512
02/04/2021,ANC,AK,AAL,WE,Towers with Radar,335,145,38,12,530,0,12,50,1,63,335,157,88,13,593,22,0,22,615
02/05/2021,ANC,AK,AAL,WE,Towers with Radar,318,123,41,5,487,0,10,27,0,37,318,133,68,5,524,0,0,0,524
02/06/2021,ANC,AK,AAL,WE,Towers with Radar,325,68,21,10,424,0,2,3,0,5,325,70,24,10,429,0,0,0,429
02/07/2021,ANC,AK,AAL,WE,Towers with Radar,291,57,26,4,378,0,3,12,0,15,291,60,38,4,393,0,0,0,393
02/08/2021,ANC,AK,AAL,WE,Towers with Radar,328,103,20,2,453,0,28,157,8,193,328,131,177,10,646,28,0,28,674
02/09/2021,ANC,AK,AAL,WE,Towers with Radar,297,129,45,11,482,0,8,37,0,45,297,137,82,11,527,2,0,2,529
02/10/2021,ANC,AK,AAL,WE,Towers with Radar,318,118,27,7,470,0,8,47,0,55,318,126,74,7,525,22,0,22,547
02/11/2021,ANC,AK,AAL,WE,Towers with Radar,291,89,9,9,398,0,24,88,2,114,291,113,97,11,512,24,0,24,536
02/12/2021,ANC,AK,AAL,WE,Towers with Radar,320,116,22,9,467,0,24,176,4,204,320,140,198,13,671,27,0,27,698
02/13/2021,ANC,AK,AAL,WE,Towers with Radar,271,65,9,13,358,0,11,135,0,146,271,76,144,13,504,4,0,4,508
02/14/2021,ANC,AK,AAL,WE,Towers with Radar,222,62,15,5,304,0,19,118,2,139,222,81,133,7,443,18,0,18,461
02/15/2021,ANC,AK,AAL,WE,Towers with Radar,272,103,14,4,393,0,17,104,1,122,272,120,118,5,515,8,0,8,523
02/16/2021,ANC,AK,AAL,WE,Towers with Radar,257,119,20,5,401,0,6,12,0,18,257,125,32,5,419,0,0,0,419
02/17/2021,ANC,AK,AAL,WE,Towers with Radar,287,118,16,7,428,0,22,74,4,100,287,140,90,11,528,6,0,6,534
02/18/2021,ANC,AK,AAL,WE,Towers with Radar,295,129,32,7,463,0,2,6,0,8,295,131,38,7,471,0,0,0,471
02/19/2021,ANC,AK,AAL,WE,Towers with Radar,284,108,23,9,424,0,16,111,2,129,284,124,134,11,553,16,0,16,569
02/20/2021,ANC,AK,AAL,WE,Towers with Radar,284,78,8,4,374,0,27,81,1,109,284,105,89,5,483,6,0,6,489
02/21/2021,ANC,AK,AAL,WE,Towers with Radar,238,84,4,1,327,0,20,60,0,80,238,104,64,1,407,2,0,2,409
02/22/2021,ANC,AK,AAL,WE,Towers with Radar,267,94,25,4,390,0,28,85,2,115,267,122,110,6,505,20,0,20,525
02/23/2021,ANC,AK,AAL,WE,Towers with Radar,280,101,16,7,404,0,12,53,0,65,280,113,69,7,469,24,0,24,493
02/24/2021,ANC,AK,AAL,WE,Towers with Radar,302,140,24,9,475,0,1,3,0,4,302,141,27,9,479,0,0,0,479
02/25/2021,ANC,AK,AAL,WE,Towers with Radar,326,112,20,7,465,0,21,114,2,137,326,133,134,9,602,42,0,42,644
02/26/2021,ANC,AK,AAL,WE,Towers with Radar,300,123,24,6,453,0,0,9,0,9,300,123,33,6,462,16,0,16,478
02/27/2021,ANC,AK,AAL,WE,Towers with Radar,314,79,30,6,429,0,0,1,0,1,314,79,31,6,430,0,0,0,430
02/28/2021,ANC,AK,AAL,WE,Towers with Radar,269,48,6,0,323,0,29,82,4,115,269,77,88,4,438,14,0,14,452
03/01/2021,ANC,AK,AAL,WE,Towers with Radar,299,113,18,3,433,0,1,1,0,2,299,114,19,3,435,0,0,0,435
03/02/2021,ANC,AK,AAL,WE,Towers with Radar,317,88,24,9,438,0,35,73,3,111,317,123,97,12,549,15,0,15,564
03/03/2021,ANC,AK,AAL,WE,Towers with Radar,335,114,25,5,479,0,49,172,7,228,335,163,197,12,707,34,0,34,741
03/04/2021,ANC,AK,AAL,WE,Towers with Radar,333,120,28,5,486,0,23,166,1,190,333,143,194,6,676,0,0,0,676
03/05/2021,ANC,AK,AAL,WE,Towers with Radar,316,129,58,9,512,0,10,114,4,128,316,139,172,13,640,63,0,63,703
03/06/2021,ANC,AK,AAL,WE,Towers with Radar,325,88,18,8,439,22,28,119,2,171,347,116,137,10,610,42,0,42,652
03/07/2021,ANC,AK,AAL,WE,Towers with Radar,280,62,14,4,360,0,30,268,0,298,280,92,282,4,658,22,0,22,680
03/08/2021,ANC,AK,AAL,WE,Towers with Radar,301,107,28,3,439,0,49,225,2,276,301,156,253,5,715,18,0,18,733
03/09/2021,ANC,AK,AAL,WE,Towers with Radar,307,145,33,8,493,0,11,66,1,78,307,156,99,9,571,80,0,80,651
03/10/2021,ANC,AK,AAL,WE,Towers with Radar,347,130,28,11,516,0,7,12,0,19,347,137,40,11,535,0,0,0,535
03/11/2021,ANC,AK,AAL,WE,Towers with Radar,350,125,24,4,503,0,17,49,0,66,350,142,73,4,569,0,0,0,569
03/12/2021,ANC,AK,AAL,WE,Towers with Radar,327,95,20,15,457,0,38,194,3,235,327,133,214,18,692,20,0,20,712
03/13/2021,ANC,AK,AAL,WE,Towers with Radar,341,75,18,9,443,0,19,190,2,211,341,94,208,11,654,16,0,16,670
03/14/2021,ANC,AK,AAL,WE,Towers with Radar,268,76,19,4,367,0,9,92,1,102,268,85,111,5,469,18,0,18,487
03/15/2021,ANC,AK,AAL,WE,Towers with Radar,312,126,34,2,474,0,0,0,0,0,312,126,34,2,474,0,0,0,474
03/16/2021,ANC,AK,AAL,WE,Towers with Radar,335,148,44,10,537,0,25,89,0,114,335,173,133,10,651,20,0,20,671
03/17/2021,ANC,AK,AAL,WE,Towers with Radar,336,126,34,5,501,0,50,207,5,262,336,176,241,10,763,30,0,30,793
03/18/2021,ANC,AK,AAL,WE,Towers with Radar,363,115,22,9,509,0,13,104,2,119,363,128,126,11,628,16,0,16,644
03/19/2021,ANC,AK,AAL,WE,Towers with Radar,340,108,32,8,488,0,42,201,6,249,340,150,233,14,737,12,0,12,749
03/20/2021,ANC,AK,AAL,WE,Towers with Radar,342,77,17,8,444,0,21,113,0,134,342,98,130,8,578,92,0,92,670
03/21/2021,ANC,AK,AAL,WE,Towers with Radar,282,50,19,3,354,0,29,189,2,220,282,79,208,5,574,26,0,26,600
03/22/2021,ANC,AK,AAL,WE,Towers with Radar,333,105,24,10,472,0,14,171,2,187,333,119,195,12,659,8,0,8,667
03/23/2021,ANC,AK,AAL,WE,Towers with Radar,302,125,30,2,459,0,45,164,6,215,302,170,194,8,674,26,0,26,700
03/24/2021,ANC,AK,AAL,WE,Towers with Radar,331,143,28,5,507,0,40,111,2,153,331,183,139,7,660,20,0,20,680
03/25/2021,ANC,AK,AAL,WE,Towers with Radar,367,148,30,9,554,0,1,4,0,5,367,149,34,9,559,0,0,0,559
03/26/2021,ANC,AK,AAL,WE,Towers with Radar,345,124,26,12,507,0,46,141,2,189,345,170,167,14,696,0,0,0,696
03/27/2021,ANC,AK,AAL,WE,Towers with Radar,338,83,17,9,447,0,25,120,2,147,338,108,137,11,594,84,0,84,678
03/28/2021,ANC,AK,AAL,WE,Towers with Radar,287,49,12,0,348,0,11,126,7,144,287,60,138,7,492,12,0,12,504
03/29/2021,ANC,AK,AAL,WE,Towers with Radar,316,124,25,6,471,0,16,22,1,39,316,140,47,7,510,0,0,0,510
03/30/2021,ANC,AK,AAL,WE,Towers with Radar,297,98,37,6,438,0,34,102,7,143,297,132,139,13,581,48,0,48,629
03/31/2021,ANC,AK,AAL,WE,Towers with Radar,362,129,23,11,525,0,39,151,7,197,362,168,174,18,722,70,0,70,792
04/01/2021,ANC,AK,AAL,WE,Towers with Radar,340,120,25,11,496,0,27,93,1,121,340,147,118,12,617,16,0,16,633
04/02/2021,ANC,AK,AAL,WE,Towers with Radar,336,114,26,9,485,0,32,252,5,289,336,146,278,14,774,36,0,36,810
04/03/2021,ANC,AK,AAL,WE,Towers with Radar,313,86,15,12,426,0,10,59,1,70,313,96,74,13,496,28,0,28,524
04/04/2021,ANC,AK,AAL,WE,Towers with Radar,299,59,15,8,381,0,4,21,1,26,299,63,36,9,407,0,0,0,407
04/05/2021,ANC,AK,AAL,WE,Towers with Radar,337,116,27,9,489,0,36,158,0,194,337,152,185,9,683,40,0,40,723
04/06/2021,ANC,AK,AAL,WE,Towers with Radar,303,99,22,8,432,0,37,189,2,228,303,136,211,10,660,46,0,46,706
04/07/2021,ANC,AK,AAL,WE,Towers with Radar,345,117,33,6,501,0,33,174,5,212,345,150,207,11,713,40,0,40,753
04/08/2021,ANC,AK,AAL,WE,Towers with Radar,339,118,24,8,489,0,4,21,0,25,339,122,45,8,514,0,0,0,514
04/09/2021,ANC,AK,AAL,WE,Towers with Radar,355,106,26,11,498,1,9,51,0,61,356,115,77,11,559,14,0,14,573
04/10/2021,ANC,AK,AAL,WE,Towers with Radar,324,80,21,11,436,0,17,139,0,156,324,97,160,11,592,54,0,54,646
04/11/2021,ANC,AK,AAL,WE,Towers with Radar,301,40,10,4,355,0,6,53,0,59,301,46,63,4,414,22,0,22,436
04/12/2021,ANC,AK,AAL,WE,Towers with Radar,357,101,20,9,487,0,24,70,0,94,357,125,90,9,581,92,0,92,673
04/13/2021,ANC,AK,AAL,WE,Towers with Radar,335,113,28,12,488,0,34,96,3,133,335,147,124,15,621,66,0,66,687
04/14/2021,ANC,AK,AAL,WE,Towers with Radar,336,118,30,12,496,0,8,61,1,70,336,126,91,13,566,8,0,8,574
04/15/2021,ANC,AK,AAL,WE,Towers with Radar,337,121,35,8,501,0,23,164,3,190,337,144,199,11,691,72,0,72,763
04/16/2021,ANC,AK,AAL,WE,Towers with Radar,365,114,27,10,516,0,34,236,1,271,365,148,263,11,787,63,0,63,850
04/17/2021,ANC,AK,AAL,WE,Towers with Radar,340,68,16,9,433,0,24,250,0,274,340,92,266,9,707,62,0,62,769
04/18/2021,ANC,AK,AAL,WE,Towers with Radar,291,55,18,1,365,0,1,167,1,169,291,56,185,2,534,26,0,26,560
04/19/2021,ANC,AK,AAL,WE,Towers with Radar,346,89,26,5,466,0,32,186,2,220,346,121,212,7,686,72,0,72,758
04/20/2021,ANC,AK,AAL,WE,Towers with Radar,322,112,28,9,471,0,31,135,2,168,322,143,163,11,639,28,0,28,667
04/21/2021,ANC,AK,AAL,WE,Towers with Radar,351,110,27,6,494,0,25,194,3,222,351,135,221,9,716,70,0,70,786
04/22/2021,ANC,AK,AAL,WE,Towers with Radar,351,123,24,10,508,0,27,219,5,251,351,150,243,15,759,91,0,91,850
04/23/2021,ANC,AK,AAL,WE,Towers with Radar,385,126,16,9,536,0,16,208,4,228,385,142,224,13,764,64,0,64,828
04/24/2021,ANC,AK,AAL,WE,Towers with Radar,354,78,22,10,464,1,11,214,1,227,355,89,236,11,691,170,0,170,861
04/25/2021,ANC,AK,AAL,WE,Towers with Radar,306,63,17,3,389,0,10,221,2,233,306,73,238,5,622,83,0,83,705
04/26/2021,ANC,AK,AAL,WE,Towers with Radar,357,100,20,3,480,0,14,176,2,192,357,114,196,5,672,70,0,70,742
04/27/2021,ANC,AK,AAL,WE,Towers with Radar,340,111,29,9,489,2,15,191,1,209,342,126,220,10,698,18,0,18,716
04/28/2021,ANC,AK,AAL,WE,Towers with Radar,353,128,27,12,520,0,10,149,1,160,353,138,176,13,680,14,0,14,694
04/29/2021,ANC,AK,AAL,WE,Towers with Radar,371,147,38,15,571,0,12,83,0,95,371,159,121,15,666,24,0,24,690
04/30/2021,ANC,AK,AAL,WE,Towers with Radar,361,141,35,6,543,0,31,175,4,210,361,172,210,10,753,26,0,26,779
05/01/2021,ANC,AK,AAL,WE,Towers with Radar,341,96,24,14,475,0,18,242,0,260,341,114,266,14,735,76,0,76,811
05/02/2021,ANC,AK,AAL,WE,Towers with Radar,278,59,23,3,363,0,20,158,3,181,278,79,181,6,544,60,0,60,604
05/03/2021,ANC,AK,AAL,WE,Towers with Radar,332,114,24,6,476,0,17,89,3,109,332,131,113,9,585,0,0,0,585
05/04/2021,ANC,AK,AAL,WE,Towers with Radar,305,130,31,21,487,0,14,69,5,88,305,144,100,26,575,4,0,4,579
05/05/2021,ANC,AK,AAL,WE,Towers with Radar,350,114,14,10,488,0,23,111,2,136,350,137,125,12,624,0,0,0,624
05/06/2021,ANC,AK,AAL,WE,Towers with Radar,373,121,23,11,528,2,36,205,4,247,375,157,228,15,775,56,0,56,831
05/07/2021,ANC,AK,AAL,WE,Towers with Radar,370,135,33,12,550,2,37,201,0,240,372,172,234,12,790,60,0,60,850
05/08/2021,ANC,AK,AAL,WE,Towers with Radar,367,101,22,14,504,2,12,200,0,214,369,113,222,14,718,46,0,46,764
05/09/2021,ANC,AK,AAL,WE,Towers with Radar,324,63,12,6,405,0,10,153,1,164,324,73,165,7,569,52,0,52,621
05/10/2021,ANC,AK,AAL,WE,Towers with Radar,346,112,38,18,514,0,14,158,3,175,346,126,196,21,689,84,0,84,773
05/11/2021,ANC,AK,AAL,WE,Towers with Radar,339,122,37,12,510,0,41,195,2,238,339,163,232,14,748,71,0,71,819
05/12/2021,ANC,AK,AAL,WE,Towers with Radar,361,128,39,16,544,1,42,266,2,311,362,170,305,18,855,58,0,58,913
05/13/2021,ANC,AK,AAL,WE,Towers with Radar,369,126,39,12,546,2,46,316,9,373,371,172,355,21,919,98,0,98,1017
05/14/2021,ANC,AK,AAL,WE,Towers with Radar,368,129,27,10,534,0,41,276,4,321,368,170,303,14,855,74,0,74,929
05/15/2021,ANC,AK,AAL,WE,Towers with Radar,379,97,29,19,524,0,35,237,2,274,379,132,266,21,798,76,0,76,874
05/16/2021,ANC,AK,AAL,WE,Towers with Radar,325,73,19,8,425,0,13,269,1,283,325,86,288,9,708,40,0,40,748
05/17/2021,ANC,AK,AAL,WE,Towers with Radar,363,124,31,9,527,0,57,340,6,403,363,181,371,15,930,70,0,70,1000
05/18/2021,ANC,AK,AAL,WE,Towers with Radar,343,113,29,10,495,2,54,389,3,448,345,167,418,13,943,42,0,42,985
05/19/2021,ANC,AK,AAL,WE,Towers with Radar,368,145,41,10,564,0,45,215,3,263,368,190,256,13,827,34,0,34,861
05/20/2021,ANC,AK,AAL,WE,Towers with Radar,388,125,34,9,556,2,35,177,1,215,390,160,211,10,771,104,0,104,875
05/21/2021,ANC,AK,AAL,WE,Towers with Radar,388,142,39,11,580,1,69,215,0,285,389,211,254,11,865,50,0,50,915
05/22/2021,ANC,AK,AAL,WE,Towers with Radar,420,94,35,6,555,0,31,280,0,311,420,125,315,6,866,26,0,26,892
05/23/2021,ANC,AK,AAL,WE,Towers with Radar,335,55,24,4,418,0,74,424,2,500,335,129,448,6,918,36,0,36,954
05/24/2021,ANC,AK,AAL,WE,Towers with Radar,389,119,28,3,539,0,83,343,4,430,389,202,371,7,969,72,0,72,1041
05/25/2021,ANC,AK,AAL,WE,Towers with Radar,358,125,27,12,522,2,73,407,5,487,360,198,434,17,1009,78,0,78,1087
05/26/2021,ANC,AK,AAL,WE,Towers with Radar,383,137,43,12,575,0,82,434,3,519,383,219,477,15,1094,30,0,30,1124
05/27/2021,ANC,AK,AAL,WE,Towers with Radar,403,152,41,6,602,0,73,274,3,350,403,225,315,9,952,62,0,62,1014
05/28/2021,ANC,AK,AAL,WE,Towers with Radar,396,186,55,9,646,2,43,94,0,139,398,229,149,9,785,22,0,22,807
05/29/2021,ANC,AK,AAL,WE,Towers with Radar,389,103,24,8,524,0,42,76,0,118,389,145,100,8,642,46,0,46,688
05/30/2021,ANC,AK,AAL,WE,Towers with Radar,336,72,24,8,440,0,69,264,6,339,336,141,288,14,779,8,0,8,787
05/31/2021,ANC,AK,AAL,WE,Towers with Radar,362,71,19,9,461,0,96,342,0,438,362,167,361,9,899,44,0,44,943
06/01/2021,ANC,AK,AAL,WE,Towers with Radar,334,142,48,11,535,2,49,137,0,188,336,191,185,11,723,20,0,20,743
06/02/2021,ANC,AK,AAL,WE,Towers with Radar,382,162,51,15,610,4,98,400,4,506,386,260,451,19,1116,92,0,92,1208
06/03/2021,ANC,AK,AAL,WE,Towers with Radar,404,152,54,17,627,0,110,311,1,422,404,262,365,18,1049,60,0,60,1109
06/04/2021,ANC,AK,AAL,WE,Towers with Radar,423,151,39,12,625,4,112,386,6,508,427,263,425,18,1133,70,0,70,1203
06/05/2021,ANC,AK,AAL,WE,Towers with Radar,402,106,26,9,543,2,90,391,0,483,404,196,417,9,1026,108,0,108,1134
06/06/2021,ANC,AK,AAL,WE,Towers with Radar,367,54,23,3,447,0,85,373,3,461,367,139,396,6,908,32,0,32,940
06/07/2021,ANC,AK,AAL,WE,Towers with Radar,396,140,46,3,585,1,106,257,1,365,397,246,303,4,950,14,0,14,964
06/08/2021,ANC,AK,AAL,WE,Towers with Radar,370,137,38,7,552,0,93,197,0,290,370,230,235,7,842,26,0,26,868
06/09/2021,ANC,AK,AAL,WE,Towers with Radar,390,155,44,9,598,1,103,281,2,387,391,258,325,11,985,98,0,98,1083
06/10/2021,ANC,AK,AAL,WE,Towers with Radar,413,137,42,8,600,0,126,340,7,473,413,263,382,15,1073,64,0,64,1137
06/11/2021,ANC,AK,AAL,WE,Towers with Radar,421,156,93,7,677,0,101,431,6,538,421,257,524,13,1215,20,0,20,1235
06/12/2021,ANC,AK,AAL,WE,Towers with Radar,385,116,35,15,551,1,120,427,1,549,386,236,462,16,1100,26,0,26,1126
06/13/2021,ANC,AK,AAL,WE,Towers with Radar,361,86,38,13,498,0,114,377,2,493,361,200,415,15,991,18,0,18,1009
06/14/2021,ANC,AK,AAL,WE,Towers with Radar,400,146,48,9,603,0,109,444,7,560,400,255,492,16,1163,48,0,48,1211
06/15/2021,ANC,AK,AAL,WE,Towers with Radar,375,153,56,9,593,0,142,493,1,636,375,295,549,10,1229,46,0,46,1275
06/16/2021,ANC,AK,AAL,WE,Towers with Radar,400,174,55,12,641,0,119,190,5,314,400,293,245,17,955,64,0,64,1019
06/17/2021,ANC,AK,AAL,WE,Towers with Radar,429,171,50,9,659,0,117,358,3,478,429,288,408,12,1137,14,0,14,1151
06/18/2021,ANC,AK,AAL,WE,Towers with Radar,418,171,49,7,645,0,149,448,3,600,418,320,497,10,1245,18,0,18,1263
06/19/2021,ANC,AK,AAL,WE,Towers with Radar,442,126,39,10,617,0,125,246,4,375,442,251,285,14,992,26,0,26,1018
06/20/2021,ANC,AK,AAL,WE,Towers with Radar,369,100,55,6,530,0,133,305,7,445,369,233,360,13,975,24,0,24,999
06/21/2021,ANC,AK,AAL,WE,Towers with Radar,403,164,54,10,631,0,123,307,5,435,403,287,361,15,1066,64,0,64,1130
06/22/2021,ANC,AK,AAL,WE,Towers with Radar,391,136,54,8,589,2,124,295,6,427,393,260,349,14,1016,10,0,10,1026
06/23/2021,ANC,AK,AAL,WE,Towers with Radar,406,154,48,8,616,1,130,309,5,445,407,284,357,13,1061,75,0,75,1136
06/24/2021,ANC,AK,AAL,WE,Towers with Radar,432,162,62,7,663,0,103,187,2,292,432,265,249,9,955,42,0,42,997
06/25/2021,ANC,AK,AAL,WE,Towers with Radar,431,164,55,7,657,0,146,248,0,394,431,310,303,7,1051,54,0,54,1105
06/26/2021,ANC,AK,AAL,WE,Towers with Radar,426,130,46,9,611,0,144,342,4,490,426,274,388,13,1101,40,0,40,1141
06/27/2021,ANC,AK,AAL,WE,Towers with Radar,358,87,34,8,487,0,120,374,2,496,358,207,408,10,983,26,0,26,1009
06/28/2021,ANC,AK,AAL,WE,Towers with Radar,391,160,56,12,619,0,127,338,3,468,391,287,394,15,1087,40,0,40,1127
06/29/2021,ANC,AK,AAL,WE,Towers with Radar,400,200,220,7,827,1,86,205,3,295,401,286,425,10,1122,50,0,50,1172
06/30/2021,ANC,AK,AAL,WE,Towers with Radar,413,156,59,11,639,1,146,436,2,585,414,302,495,13,1224,43,0,43,1267
07/01/2021,ANC,AK,AAL,WE,Towers with Radar,435,159,54,12,660,0,190,431,3,624,435,349,485,15,1284,86,0,86,1370
07/02/2021,ANC,AK,AAL,WE,Towers with Radar,435,167,54,16,672,1,128,282,4,415,436,295,336,20,1087,56,0,56,1143
07/03/2021,ANC,AK,AAL,WE,Towers with Radar,446,152,40,12,650,0,76,217,1,294,446,228,257,13,944,42,0,42,986
07/04/2021,ANC,AK,AAL,WE,Towers with Radar,364,77,41,13,495,0,118,297,0,415,364,195,338,13,910,20,0,20,930
07/05/2021,ANC,AK,AAL,WE,Towers with Radar,387,133,48,11,579,0,154,323,0,477,387,287,371,11,1056,44,0,44,1100
07/06/2021,ANC,AK,AAL,WE,Towers with Radar,404,168,56,15,643,0,74,122,4,200,404,242,178,19,843,10,0,10,853
07/07/2021,ANC,AK,AAL,WE,Towers with Radar,421,167,43,10,641,0,131,287,6,424,421,298,330,16,1065,42,0,42,1107
07/08/2021,ANC,AK,AAL,WE,Towers with Radar,434,164,55,18,671,0,141,261,5,407,434,305,316,23,1078,20,0,20,1098
07/09/2021,ANC,AK,AAL,WE,Towers with Radar,440,164,65,16,685,2,135,258,4,399,442,299,323,20,1084,20,0,20,1104
07/10/2021,ANC,AK,AAL,WE,Towers with Radar,450,112,42,16,620,0,91,273,2,366,450,203,315,18,986,36,0,36,1022
07/11/2021,ANC,AK,AAL,WE,Towers with Radar,380,94,58,11,543,0,151,341,4,496,380,245,399,15,1039,38,0,38,1077
07/12/2021,ANC,AK,AAL,WE,Towers with Radar,423,153,50,12,638,0,116,337,5,458,423,269,387,17,1096,34,0,34,1130
07/13/2021,ANC,AK,AAL,WE,Towers with Radar,417,148,54,11,630,0,136,296,0,432,417,284,350,11,1062,68,0,68,1130
07/14/2021,ANC,AK,AAL,WE,Towers with Radar,409,168,54,10,641,1,183,421,3,608,410,351,475,13,1249,78,0,78,1327
07/15/2021,ANC,AK,AAL,WE,Towers with Radar,463,158,50,11,682,1,124,443,2,570,464,282,493,13,1252,16,0,16,1268
07/16/2021,ANC,AK,AAL,WE,Towers with Radar,431,161,68,11,671,1,125,451,2,579,432,286,519,13,1250,62,0,62,1312
07/17/2021,ANC,AK,AAL,WE,Towers with Radar,452,123,33,11,619,0,125,412,4,541,452,248,445,15,1160,54,0,54,1214
07/18/2021,ANC,AK,AAL,WE,Towers with Radar,391,80,45,8,524,0,145,342,11,498,391,225,387,19,1022,94,0,94,1116
07/19/2021,ANC,AK,AAL,WE,Towers with Radar,419,162,55,6,642,0,147,294,2,443,419,309,349,8,1085,6,0,6,1091
07/20/2021,ANC,AK,AAL,WE,Towers with Radar,410,176,61,8,655,0,98,256,0,354,410,274,317,8,1009,12,0,12,1021
07/21/2021,ANC,AK,AAL,WE,Towers with Radar,422,188,51,8,669,0,84,128,0,212,422,272,179,8,881,22,0,22,903
07/22/2021,ANC,AK,AAL,WE,Towers with Radar,452,198,70,12,732,2,130,284,4,420,454,328,354,16,1152,4,0,4,1156
07/23/2021,ANC,AK,AAL,WE,Towers with Radar,432,183,59,7,681,0,141,380,4,525,432,324,439,11,1206,64,0,64,1270
07/24/2021,ANC,AK,AAL,WE,Towers with Radar,423,132,44,11,610,0,108,221,3,332,423,240,265,14,942,122,0,122,1064
07/25/2021,ANC,AK,AAL,WE,Towers with Radar,357,96,64,5,522,0,103,321,1,425,357,199,385,6,947,88,0,88,1035
07/26/2021,ANC,AK,AAL,WE,Towers with Radar,425,164,59,5,653,1,209,472,2,684,426,373,531,7,1337,20,0,20,1357
07/27/2021,ANC,AK,AAL,WE,Towers with Radar,414,157,63,6,640,1,158,338,1,498,415,315,401,7,1138,0,0,0,1138
07/28/2021,ANC,AK,AAL,WE,Towers with Radar,407,150,60,4,621,0,129,279,0,408,407,279,339,4,1029,14,0,14,1043
07/29/2021,ANC,AK,AAL,WE,Towers with Radar,442,199,78,11,730,0,103,190,5,298,442,302,268,16,1028,26,0,26,1054
07/30/2021,ANC,AK,AAL,WE,Towers with Radar,435,185,68,7,695,0,138,359,2,499,435,323,427,9,1194,50,0,50,1244
07/31/2021,ANC,AK,AAL,WE,Towers with Radar,435,139,40,11,625,1,162,431,0,594,436,301,471,11,1219,50,0,50,1269
08/01/2021,ANC,AK,AAL,WE,Towers with Radar,395,117,37,1,550,0,150,464,1,615,395,267,501,2,1165,28,0,28,1193
08/02/2021,ANC,AK,AAL,WE,Towers with Radar,391,154,52,1,598,0,163,496,0,659,391,317,548,1,1257,50,0,50,1307
08/03/2021,ANC,AK,AAL,WE,Towers with Radar,401,146,26,8,581,0,169,392,1,562,401,315,418,9,1143,4,0,4,1147
08/04/2021,ANC,AK,AAL,WE,Towers with Radar,410,156,46,6,618,1,132,322,2,457,411,288,368,8,1075,8,0,8,1083
08/05/2021,ANC,AK,AAL,WE,Towers with Radar,429,174,66,6,675,0,102,331,4,437,429,276,397,10,1112,16,0,16,1128
08/06/2021,ANC,AK,AAL,WE,Towers with Radar,430,201,71,9,711,0,118,319,0,437,430,319,390,9,1148,30,0,30,1178
08/07/2021,ANC,AK,AAL,WE,Towers with Radar,421,121,34,11,587,0,133,350,0,483,421,254,384,11,1070,68,0,68,1138
08/08/2021,ANC,AK,AAL,WE,Towers with Radar,402,119,63,5,589,0,71,63,0,134,402,190,126,5,723,10,0,10,733
08/09/2021,ANC,AK,AAL,WE,Towers with Radar,408,135,36,9,588,0,157,295,2,454,408,292,331,11,1042,54,0,54,1096
08/10/2021,ANC,AK,AAL,WE,Towers with Radar,402,182,70,8,662,0,103,201,0,304,402,285,271,8,966,24,0,24,990
08/11/2021,ANC,AK,AAL,WE,Towers with Radar,399,157,48,6,610,1,127,218,0,346,400,284,266,6,956,6,0,6,962
08/12/2021,ANC,AK,AAL,WE,Towers with Radar,428,174,58,6,666,0,108,137,0,245,428,282,195,6,911,16,0,16,927
08/13/2021,ANC,AK,AAL,WE,Towers with Radar,448,172,69,11,700,0,134,438,0,572,448,306,507,11,1272,18,0,18,1290
08/14/2021,ANC,AK,AAL,WE,Towers with Radar,417,119,35,14,585,1,167,407,1,576,418,286,442,15,1161,16,0,16,1177
08/15/2021,ANC,AK,AAL,WE,Towers with Radar,374,103,49,1,527,0,132,429,1,562,374,235,478,2,1089,4,0,4,1093
08/16/2021,ANC,AK,AAL,WE,Towers with Radar,430,142,51,4,627,0,133,222,1,356,430,275,273,5,983,70,0,70,1053
08/17/2021,ANC,AK,AAL,WE,Towers with Radar,395,141,50,3,589,2,125,256,6,389,397,266,306,9,978,52,0,52,1030
08/18/2021,ANC,AK,AAL,WE,Towers with Radar,413,197,83,9,702,0,139,322,5,466,413,336,405,14,1168,32,0,32,1200
08/19/2021,ANC,AK,AAL,WE,Towers with Radar,444,162,46,5,657,0,157,400,3,560,444,319,446,8,1217,10,0,10,1227
08/20/2021,ANC,AK,AAL,WE,Towers with Radar,425,180,61,5,671,0,135,253,0,388,425,315,314,5,1059,72,0,72,1131
08/21/2021,ANC,AK,AAL,WE,Towers with Radar,412,116,38,8,574,0,154,478,0,632,412,270,516,8,1206,50,0,50,1256
08/22/2021,ANC,AK,AAL,WE,Towers with Radar,395,107,66,2,570,0,145,317,2,464,395,252,383,4,1034,30,0,30,1064
08/23/2021,ANC,AK,AAL,WE,Towers with Radar,422,157,54,7,640,0,55,155,4,214,422,212,209,11,854,134,0,134,988
08/24/2021,ANC,AK,AAL,WE,Towers with Radar,406,154,57,4,621,0,94,257,0,351,406,248,314,4,972,120,0,120,1092
08/25/2021,ANC,AK,AAL,WE,Towers with Radar,409,167,49,9,634,0,119,171,1,291,409,286,220,10,925,74,0,74,999
08/26/2021,ANC,AK,AAL,WE,Towers with Radar,431,169,59,4,663,0,128,186,4,318,431,297,245,8,981,34,0,34,1015
08/27/2021,ANC,AK,AAL,WE,Towers with Radar,441,163,68,4,676,0,86,168,0,254,441,249,236,4,930,44,0,44,974
08/28/2021,ANC,AK,AAL,WE,Towers with Radar,427,119,47,11,604,0,125,508,0,633,427,244,555,11,1237,4,0,4,1241
08/29/2021,ANC,AK,AAL,WE,Towers with Radar,382,77,53,5,517,0,134,499,0,633,382,211,552,5,1150,26,0,26,1176
08/30/2021,ANC,AK,AAL,WE,Towers with Radar,427,144,51,7,629,0,129,400,3,532,427,273,451,10,1161,38,0,38,1199
08/31/2021,ANC,AK,AAL,WE,Towers with Radar,410,134,69,7,620,1,136,464,2,603,411,270,533,9,1223,72,0,72,1295
09/01/2021,ANC,AK,AAL,WE,Towers with Radar,397,140,48,9,594,0,101,306,3,410,397,241,354,12,1004,32,0,32,1036
09/02/2021,ANC,AK,AAL,WE,Towers with Radar,431,170,63,8,672,0,91,136,0,227,431,261,199,8,899,30,0,30,929
09/03/2021,ANC,AK,AAL,WE,Towers with Radar,434,154,66,15,669,0,139,319,2,460,434,293,385,17,1129,72,0,72,1201
09/04/2021,ANC,AK,AAL,WE,Towers with Radar,425,149,57,11,642,0,82,197,0,279,425,231,254,11,921,18,0,18,939
09/05/2021,ANC,AK,AAL,WE,Towers with Radar,367,108,47,2,524,0,93,209,0,302,367,201,256,2,826,20,0,20,846
09/06/2021,ANC,AK,AAL,WE,Towers with Radar,386,104,45,2,537,0,138,386,0,524,386,242,431,2,1061,36,0,36,1097
09/07/2021,ANC,AK,AAL,WE,Towers with Radar,418,140,57,4,619,0,94,214,3,311,418,234,271,7,930,18,0,18,948
09/08/2021,ANC,AK,AAL,WE,Towers with Radar,394,141,80,7,622,0,82,174,0,256,394,223,254,7,878,80,0,80,958
09/09/2021,ANC,AK,AAL,WE,Towers with Radar,399,155,53,6,613,0,120,274,5,399,399,275,327,11,1012,28,0,28,1040
09/10/2021,ANC,AK,AAL,WE,Towers with Radar,437,148,62,8,655,0,132,293,3,428,437,280,355,11,1083,26,0,26,1109
09/11/2021,ANC,AK,AAL,WE,Towers with Radar,412,114,47,12,585,0,137,444,3,584,412,251,491,15,1169,48,0,48,1217
09/12/2021,ANC,AK,AAL,WE,Towers with Radar,354,65,37,1,457,0,101,164,0,265,354,166,201,1,722,12,0,12,734
09/13/2021,ANC,AK,AAL,WE,Towers with Radar,363,141,43,0,547,0,61,89,3,153,363,202,132,3,700,28,0,28,728
09/14/2021,ANC,AK,AAL,WE,Towers with Radar,395,144,60,11,610,0,93,213,5,311,395,237,273,16,921,30,0,30,951
09/15/2021,ANC,AK,AAL,WE,Towers with Radar,384,135,45,10,574,0,93,165,6,264,384,228,210,16,838,34,0,34,872
09/16/2021,ANC,AK,AAL,WE,Towers with Radar,418,155,68,14,655,0,67,187,5,259,418,222,255,19,914,88,0,88,1002
09/17/2021,ANC,AK,AAL,WE,Towers with Radar,439,146,61,7,653,0,118,399,4,521,439,264,460,11,1174,52,0,52,1226
09/18/2021,ANC,AK,AAL,WE,Towers with Radar,386,100,39,9,534,0,90,347,3,440,386,190,386,12,974,40,0,40,1014
09/19/2021,ANC,AK,AAL,WE,Towers with Radar,343,62,27,2,434,0,139,428,2,569,343,201,455,4,1003,24,0,24,1027
09/20/2021,ANC,AK,AAL,WE,Towers with Radar,411,116,31,1,559,0,115,223,3,341,411,231,254,4,900,18,0,18,918
09/21/2021,ANC,AK,AAL,WE,Towers with Radar,393,130,47,9,579,0,14,62,2,78,393,144,109,11,657,2,0,2,659
09/22/2021,ANC,AK,AAL,WE,Towers with Radar,398,126,42,6,572,2,127,481,5,615,400,253,523,11,1187,16,0,16,1203
09/23/2021,ANC,AK,AAL,WE,Towers with Radar,422,158,41,5,626,0,78,81,0,159,422,236,122,5,785,50,0,50,835
09/24/2021,ANC,AK,AAL,WE,Towers with Radar,413,173,68,7,661,0,56,42,0,98,413,229,110,7,759,54,0,54,813
09/25/2021,ANC,AK,AAL,WE,Towers with Radar,397,138,116,9,660,0,61,161,1,223,397,199,277,10,883,2,0,2,885
09/26/2021,ANC,AK,AAL,WE,Towers with Radar,342,58,32,3,435,0,100,426,4,530,342,158,458,7,965,38,0,38,1003
09/27/2021,ANC,AK,AAL,WE,Towers with Radar,405,111,30,5,551,0,154,159,2,315,405,265,189,7,866,54,0,54,920
09/28/2021,ANC,AK,AAL,WE,Towers with Radar,407,119,47,14,587,0,68,219,6,293,407,187,266,20,880,28,0,28,908
09/29/2021,ANC,AK,AAL,WE,Towers with Radar,391,124,36,8,559,0,70,341,7,418,391,194,377,15,977,60,0,60,1037
09/30/2021,ANC,AK,AAL,WE,Towers with Radar,409,124,54,5,592,0,45,193,9,247,409,169,247,14,839,6,0,6,845
10/01/2021,ANC,AK,AAL,WE,Towers with Radar,435,129,41,6,611,1,87,172,8,268,436,216,213,14,879,16,0,16,895
10/02/2021,ANC,AK,AAL,WE,Towers with Radar,392,92,25,8,517,0,8,39,0,47,392,100,64,8,564,18,0,18,582
10/03/2021,ANC,AK,AAL,WE,Towers with Radar,338,64,26,2,430,1,36,290,2,329,339,100,316,4,759,12,0,12,771
10/04/2021,ANC,AK,AAL,WE,Towers with Radar,382,101,32,6,521,0,29,272,4,305,382,130,304,10,826,46,0,46,872
10/05/2021,ANC,AK,AAL,WE,Towers with Radar,399,125,28,9,561,0,21,120,6,147,399,146,148,15,708,128,0,128,836
10/06/2021,ANC,AK,AAL,WE,Towers with Radar,373,132,28,6,539,0,19,31,0,50,373,151,59,6,589,2,0,2,591
10/07/2021,ANC,AK,AAL,WE,Towers with Radar,404,134,40,5,583,0,32,125,6,163,404,166,165,11,746,8,0,8,754
10/08/2021,ANC,AK,AAL,WE,Towers with Radar,373,160,41,7,581,0,13,18,1,32,373,173,59,8,613,0,0,0,613
10/09/2021,ANC,AK,AAL,WE,Towers with Radar,362,99,24,7,492,0,3,74,0,77,362,102,98,7,569,60,0,60,629
10/10/2021,ANC,AK,AAL,WE,Towers with Radar,323,61,21,4,409,0,9,264,5,278,323,70,285,9,687,90,0,90,777
10/11/2021,ANC,AK,AAL,WE,Towers with Radar,389,82,27,0,498,0,10,100,0,110,389,92,127,0,608,26,0,26,634
10/12/2021,ANC,AK,AAL,WE,Towers with Radar,370,117,31,7,525,0,29,134,4,167,370,146,165,11,692,4,0,4,696
10/13/2021,ANC,AK,AAL,WE,Towers with Radar,409,123,42,9,583,0,26,189,2,217,409,149,231,11,800,18,0,18,818
10/14/2021,ANC,AK,AAL,WE,Towers with Radar,381,144,45,8,578,0,2,7,0,9,381,146,52,8,587,6,0,6,593
10/15/2021,ANC,AK,AAL,WE,Towers with Radar,426,144,34,6,610,0,17,111,2,130,426,161,145,8,740,70,0,70,810
10/16/2021,ANC,AK,AAL,WE,Towers with Radar,390,78,25,7,500,0,21,136,0,157,390,99,161,7,657,36,0,36,693
10/17/2021,ANC,AK,AAL,WE,Towers with Radar,342,47,10,6,405,0,7,69,1,77,342,54,79,7,482,10,0,10,492
10/18/2021,ANC,AK,AAL,WE,Towers with Radar,395,99,31,2,527,0,21,197,0,218,395,120,228,2,745,58,0,58,803
10/19/2021,ANC,AK,AAL,WE,Towers with Radar,396,117,25,9,547,0,8,69,0,77,396,125,94,9,624,4,0,4,628
10/20/2021,ANC,AK,AAL,WE,Towers with Radar,397,140,18,8,563,0,14,104,2,120,397,154,122,10,683,126,0,126,809
10/21/2021,ANC,AK,AAL,WE,Towers with Radar,400,116,24,5,545,0,11,91,0,102,400,127,115,5,647,28,0,28,675
10/22/2021,ANC,AK,AAL,WE,Towers with Radar,428,131,25,8,592,0,21,132,1,154,428,152,157,9,746,22,0,22,768
10/23/2021,ANC,AK,AAL,WE,Towers with Radar,382,73,16,7,478,0,3,198,0,201,382,76,214,7,679,48,0,48,727
10/24/2021,ANC,AK,AAL,WE,Towers with Radar,350,71,15,3,439,1,7,186,0,194,351,78,201,3,633,44,0,44,677
10/25/2021,ANC,AK,AAL,WE,Towers with Radar,401,125,17,6,549,0,18,123,2,143,401,143,140,8,692,64,0,64,756
10/26/2021,ANC,AK,AAL,WE,Towers with Radar,373,114,22,10,519,0,19,136,3,158,373,133,158,13,677,58,0,58,735
10/27/2021,ANC,AK,AAL,WE,Towers with Radar,392,120,27,9,548,0,22,143,2,167,392,142,170,11,715,16,0,16,731
10/28/2021,ANC,AK,AAL,WE,Towers with Radar,400,146,36,10,592,0,10,22,0,32,400,156,58,10,624,0,0,0,624
10/29/2021,ANC,AK,AAL,WE,Towers with Radar,423,134,23,10,590,0,12,54,1,67,423,146,77,11,657,0,0,0,657
10/30/2021,ANC,AK,AAL,WE,Towers with Radar,384,53,14,9,460,0,4,10,0,14,384,57,24,9,474,0,0,0,474
10/31/2021,ANC,AK,AAL,WE,Towers with Radar,332,58,12,4,406,0,5,32,0,37,332,63,44,4,443,15,0,15,458
11/01/2021,ANC,AK,AAL,WE,Towers with Radar,370,144,25,3,542,0,8,51,2,61,370,152,76,5,603,29,0,29,632
11/02/2021,ANC,AK,AAL,WE,Towers with Radar,363,150,34,10,557,0,0,1,0,1,363,150,35,10,558,12,0,12,570
11/03/2021,ANC,AK,AAL,WE,Towers with Radar,400,135,25,8,568,0,19,101,2,122,400,154,126,10,690,24,0,24,714
11/04/2021,ANC,AK,AAL,WE,Towers with Radar,391,162,27,5,585,0,6,14,0,20,391,168,41,5,605,20,0,20,625
11/05/2021,ANC,AK,AAL,WE,Towers with Radar,408,131,33,8,580,0,5,33,0,38,408,136,66,8,618,10,0,10,628
11/06/2021,ANC,AK,AAL,WE,Towers with Radar,371,112,15,9,507,0,3,28,0,31,371,115,43,9,538,0,0,0,538
11/07/2021,ANC,AK,AAL,WE,Towers with Radar,338,93,11,0,442,0,1,42,0,43,338,94,53,0,485,30,0,30,515
11/08/2021,ANC,AK,AAL,WE,Towers with Radar,398,136,31,5,570,0,9,98,0,107,398,145,129,5,677,62,0,62,739
11/09/2021,ANC,AK,AAL,WE,Towers with Radar,363,136,35,7,541,0,12,92,2,106,363,148,127,9,647,7,0,7,654
11/10/2021,ANC,AK,AAL,WE,Towers with Radar,405,133,26,9,573,0,13,49,2,64,405,146,75,11,637,10,0,10,647
11/11/2021,ANC,AK,AAL,WE,Towers with Radar,379,157,31,8,575,0,0,2,0,2,379,157,33,8,577,0,0,0,577
11/12/2021,ANC,AK,AAL,WE,Towers with Radar,405,154,27,5,591,0,12,10,2,24,405,166,37,7,615,0,0,0,615
11/13/2021,ANC,AK,AAL,WE,Towers with Radar,394,75,21,11,501,0,9,68,0,77,394,84,89,11,578,0,0,0,578
11/14/2021,ANC,AK,AAL,WE,Towers with Radar,318,61,16,2,397,0,7,46,2,55,318,68,62,4,452,6,0,6,458
11/15/2021,ANC,AK,AAL,WE,Towers with Radar,374,142,45,8,569,0,1,3,0,4,374,143,48,8,573,0,0,0,573
11/16/2021,ANC,AK,AAL,WE,Towers with Radar,364,136,25,8,533,0,18,57,2,77,364,154,82,10,610,2,0,2,612
11/17/2021,ANC,AK,AAL,WE,Towers with Radar,384,116,21,8,529,0,10,66,0,76,384,126,87,8,605,6,0,6,611
11/18/2021,ANC,AK,AAL,WE,Towers with Radar,413,122,22,9,566,0,17,68,1,86,413,139,90,10,652,0,0,0,652
11/19/2021,ANC,AK,AAL,WE,Towers with Radar,403,129,24,6,562,0,23,60,3,86,403,152,84,9,648,8,0,8,656
11/20/2021,ANC,AK,AAL,WE,Towers with Radar,382,92,12,9,495,0,10,62,0,72,382,102,74,9,567,0,0,0,567
11/21/2021,ANC,AK,AAL,WE,Towers with Radar,344,54,14,1,413,0,14,63,0,77,344,68,77,1,490,10,0,10,500
11/22/2021,ANC,AK,AAL,WE,Towers with Radar,384,111,25,4,524,0,12,36,1,49,384,123,61,5,573,16,0,16,589
11/23/2021,ANC,AK,AAL,WE,Towers with Radar,383,126,27,7,543,0,16,54,0,70,383,142,81,7,613,22,0,22,635
11/24/2021,ANC,AK,AAL,WE,Towers with Radar,395,158,32,11,596,2,9,61,3,75,397,167,93,14,671,4,0,4,675
11/25/2021,ANC,AK,AAL,WE,Towers with Radar,294,28,13,2,337,0,0,1,0,1,294,28,14,2,338,0,0,0,338
11/26/2021,ANC,AK,AAL,WE,Towers with Radar,390,120,12,7,529,0,15,41,0,56,390,135,53,7,585,0,0,0,585
11/27/2021,ANC,AK,AAL,WE,Towers with Radar,381,76,12,8,477,0,17,40,0,57,381,93,52,8,534,8,0,8,542
11/28/2021,ANC,AK,AAL,WE,Towers with Radar,305,65,16,7,393,0,5,17,0,22,305,70,33,7,415,0,0,0,415
11/29/2021,ANC,AK,AAL,WE,Towers with Radar,361,115,19,6,501,0,15,34,0,49,361,130,53,6,550,6,0,6,556
11/30/2021,ANC,AK,AAL,WE,Towers with Radar,342,133,20,8,503,0,0,3,0,3,342,133,23,8,506,0,0,0,506
12/01/2021,ANC,AK,AAL,WE,Towers with Radar,370,163,28,7,568,0,0,2,0,2,370,163,30,7,570,0,0,0,570
12/02/2021,ANC,AK,AAL,WE,Towers with Radar,396,140,28,10,574,0,27,62,4,93,396,167,90,14,667,4,0,4,671
12/03/2021,ANC,AK,AAL,WE,Towers with Radar,372,158,26,6,562,0,5,28,0,33,372,163,54,6,595,0,0,0,595
12/04/2021,ANC,AK,AAL,WE,Towers with Radar,361,119,25,10,515,0,1,1,0,2,361,120,26,10,517,0,0,0,517
12/05/2021,ANC,AK,AAL,WE,Towers with Radar,317,64,15,4,400,0,7,27,0,34,317,71,42,4,434,20,0,20,454
12/06/2021,ANC,AK,AAL,WE,Towers with Radar,380,135,21,9,545,0,4,24,0,28,380,139,45,9,573,10,0,10,583
12/07/2021,ANC,AK,AAL,WE,Towers with Radar,369,133,24,9,535,0,9,9,0,18,369,142,33,9,553,0,0,0,553
12/08/2021,ANC,AK,AAL,WE,Towers with Radar,410,144,23,10,587,1,27,68,1,97,411,171,91,11,684,24,0,24,708
12/09/2021,ANC,AK,AAL,WE,Towers with Radar,380,149,22,10,561,0,10,14,2,26,380,159,36,12,587,0,0,0,587
12/10/2021,ANC,AK,AAL,WE,Towers with Radar,400,165,36,10,611,0,5,19,0,24,400,170,55,10,635,6,0,6,641
12/11/2021,ANC,AK,AAL,WE,Towers with Radar,369,96,14,11,490,0,5,48,0,53,369,101,62,11,543,0,0,0,543
12/12/2021,ANC,AK,AAL,WE,Towers with Radar,342,79,11,5,437,0,0,21,0,21,342,79,32,5,458,0,0,0,458
12/13/2021,ANC,AK,AAL,WE,Towers with Radar,363,104,24,2,493,0,14,62,6,82,363,118,86,8,575,12,0,12,587
12/14/2021,ANC,AK,AAL,WE,Towers with Radar,363,149,23,10,545,1,15,62,3,81,364,164,85,13,626,2,0,2,628
12/15/2021,ANC,AK,AAL,WE,Towers with Radar,375,140,30,11,556,0,13,34,8,55,375,153,64,19,611,0,0,0,611
12/16/2021,ANC,AK,AAL,WE,Towers with Radar,366,149,22,9,546,0,5,15,0,20,366,154,37,9,566,34,0,34,600
12/17/2021,ANC,AK,AAL,WE,Towers with Radar,375,189,46,13,623,0,4,27,1,32,375,193,73,14,655,44,0,44,699
12/18/2021,ANC,AK,AAL,WE,Towers with Radar,348,122,27,7,504,0,1,15,1,17,348,123,42,8,521,8,0,8,529
12/19/2021,ANC,AK,AAL,WE,Towers with Radar,314,87,18,5,424,0,5,47,0,52,314,92,65,5,476,8,0,8,484
12/20/2021,ANC,AK,AAL,WE,Towers with Radar,330,119,18,8,475,0,0,0,0,0,330,119,18,8,475,0,0,0,475
12/21/2021,ANC,AK,AAL,WE,Towers with Radar,351,167,35,10,563,0,0,0,0,0,351,167,35,10,563,0,0,0,563
12/22/2021,ANC,AK,AAL,WE,Towers with Radar,379,167,30,9,585,0,7,49,2,58,379,174,79,11,643,20,0,20,663
12/23/2021,ANC,AK,AAL,WE,Towers with Radar,360,126,14,11,511,0,30,90,0,120,360,156,104,11,631,14,0,14,645
12/24/2021,ANC,AK,AAL,WE,Towers with Radar,341,104,6,7,458,0,7,69,0,76,341,111,75,7,534,14,0,14,548
12/25/2021,ANC,AK,AAL,WE,Towers with Radar,242,13,3,0,258,0,1,11,0,12,242,14,14,0,270,0,0,0,270
12/26/2021,ANC,AK,AAL,WE,Towers with Radar,257,21,2,2,282,0,0,0,0,0,257,21,2,2,282,0,0,0,282
12/27/2021,ANC,AK,AAL,WE,Towers with Radar,316,122,9,2,449,0,12,64,0,76,316,134,73,2,525,10,0,10,535
12/28/2021,ANC,AK,AAL,WE,Towers with Radar,314,127,13,5,459,0,10,62,0,72,314,137,75,5,531,2,0,2,533
12/29/2021,ANC,AK,AAL,WE,Towers with Radar,356,129,23,6,514,0,8,116,0,124,356,137,139,6,638,22,0,22,660
12/30/2021,ANC,AK,AAL,WE,Towers with Radar,332,136,19,12,499,0,10,123,2,135,332,146,142,14,634,18,0,18,652
12/31/2021,ANC,AK,AAL,WE,Towers with Radar,323,126,14,13,476,0,1,3,0,4,323,127,17,13,480,0,0,0,480
01/01/2022,ANC,AK,AAL,WE,Towers with Radar,245,36,12,0,293,0,1,2,0,3,245,37,14,0,296,0,0,0,296
01/02/2022,ANC,AK,AAL,WE,Towers with Radar,272,31,7,4,314,0,1,6,0,7,272,32,13,4,321,0,0,0,321
01/03/2022,ANC,AK,AAL,WE,Towers with Radar,348,111,18,6,483,0,5,28,0,33,348,116,46,6,516,0,0,0,516
01/04/2022,ANC,AK,AAL,WE,Towers with Radar,303,121,29,9,462,0,10,70,1,81,303,131,99,10,543,10,0,10,553
01/05/2022,ANC,AK,AAL,WE,Towers with Radar,340,129,20,14,503,1,14,71,1,87,341,143,91,15,590,6,0,6,596
01/06/2022,ANC,AK,AAL,WE,Towers with Radar,341,145,43,9,538,0,12,38,2,52,341,157,81,11,590,0,0,0,590
01/07/2022,ANC,AK,AAL,WE,Towers with Radar,350,137,34,13,534,0,8,47,0,55,350,145,81,13,589,6,0,6,595
01/08/2022,ANC,AK,AAL,WE,Towers with Radar,328,92,22,9,451,0,2,17,0,19,328,94,39,9,470,0,0,0,470
01/09/2022,ANC,AK,AAL,WE,Towers with Radar,297,56,8,5,366,0,7,13,0,20,297,63,21,5,386,0,0,0,386
01/10/2022,ANC,AK,AAL,WE,Towers with Radar,348,138,22,7,515,0,6,35,0,41,348,144,57,7,556,6,0,6,562
01/11/2022,ANC,AK,AAL,WE,Towers with Radar,317,162,25,5,509,0,2,5,0,7,317,164,30,5,516,4,0,4,520
01/12/2022,ANC,AK,AAL,WE,Towers with Radar,361,155,31,12,559,0,12,42,0,54,361,167,73,12,613,0,0,0,613
01/13/2022,ANC,AK,AAL,WE,Towers with Radar,345,157,32,7,541,0,8,23,0,31,345,165,55,7,572,0,0,0,572
01/14/2022,ANC,AK,AAL,WE,Towers with Radar,361,132,18,11,522,0,12,60,0,72,361,144,78,11,594,8,0,8,602
01/15/2022,ANC,AK,AAL,WE,Towers with Radar,308,100,12,6,426,0,1,1,0,2,308,101,13,6,428,0,0,0,428
01/16/2022,ANC,AK,AAL,WE,Towers with Radar,293,85,13,7,398,0,5,33,2,40,293,90,46,9,438,26,0,26,464
01/17/2022,ANC,AK,AAL,WE,Towers with Radar,344,136,26,7,513,0,6,17,0,23,344,142,43,7,536,0,0,0,536
01/18/2022,ANC,AK,AAL,WE,Towers with Radar,309,130,32,10,481,0,22,67,0,89,309,152,99,10,570,52,0,52,622
01/19/2022,ANC,AK,AAL,WE,Towers with Radar,350,150,19,12,531,0,1,0,0,1,350,151,19,12,532,2,0,2,534
01/20/2022,ANC,AK,AAL,WE,Towers with Radar,353,126,26,6,511,0,1,4,0,5,353,127,30,6,516,0,0,0,516
01/21/2022,ANC,AK,AAL,WE,Towers with Radar,366,113,19,7,505,0,4,35,0,39,366,117,54,7,544,6,0,6,550
01/22/2022,ANC,AK,AAL,WE,Towers with Radar,326,97,21,7,451,0,8,19,0,27,326,105,40,7,478,8,0,8,486
01/23/2022,ANC,AK,AAL,WE,Towers with Radar,297,82,11,2,392,0,8,20,0,28,297,90,31,2,420,0,0,0,420
01/24/2022,ANC,AK,AAL,WE,Towers with Radar,357,128,23,7,515,0,2,30,5,37,357,130,53,12,552,0,0,0,552
01/25/2022,ANC,AK,AAL,WE,Towers with Radar,317,146,30,10,503,0,7,42,0,49,317,153,72,10,552,8,0,8,560
01/26/2022,ANC,AK,AAL,WE,Towers with Radar,360,164,39,10,573,0,13,90,2,105,360,177,129,12,678,6,0,6,684
01/27/2022,ANC,AK,AAL,WE,Towers with Radar,387,157,21,10,575,0,0,12,0,12,387,157,33,10,587,0,0,0,587
01/28/2022,ANC,AK,AAL,WE,Towers with Radar,354,137,22,11,524,0,8,22,0,30,354,145,44,11,554,0,0,0,554
01/29/2022,ANC,AK,AAL,WE,Towers with Radar,350,83,8,17,458,0,10,104,5,119,350,93,112,22,577,23,0,23,600
01/30/2022,ANC,AK,AAL,WE,Towers with Radar,289,52,9,3,353,0,4,62,0,66,289,56,71,3,419,12,0,12,431
01/31/2022,ANC,AK,AAL,WE,Towers with Radar,342,131,26,6,505,0,17,86,0,103,342,148,112,6,608,48,0,48,656
02/01/2022,ANC,AK,AAL,WE,Towers with Radar,315,118,19,8,460,0,3,19,0,22,315,121,38,8,482,8,0,8,490
02/02/2022,ANC,AK,AAL,WE,Towers with Radar,332,121,15,10,478,1,27,89,3,120,333,148,104,13,598,12,0,12,610
02/03/2022,ANC,AK,AAL,WE,Towers with Radar,307,108,22,9,446,0,4,15,0,19,307,112,37,9,465,0,0,0,465
02/04/2022,ANC,AK,AAL,WE,Towers with Radar,316,133,27,7,483,1,3,16,0,20,317,136,43,7,503,0,0,0,503
02/05/2022,ANC,AK,AAL,WE,Towers with Radar,293,89,23,11,416,0,5,47,0,52,293,94,70,11,468,32,0,32,500
02/06/2022,ANC,AK,AAL,WE,Towers with Radar,254,55,7,3,319,0,9,93,5,107,254,64,100,8,426,26,0,26,452
02/07/2022,ANC,AK,AAL,WE,Towers with Radar,304,94,20,1,419,0,32,71,2,105,304,126,91,3,524,32,0,32,556
02/08/2022,ANC,AK,AAL,WE,Towers with Radar,292,151,17,8,468,0,9,28,2,39,292,160,45,10,507,10,0,10,517
02/09/2022,ANC,AK,AAL,WE,Towers with Radar,330,151,17,7,505,0,5,19,0,24,330,156,36,7,529,0,0,0,529
02/10/2022,ANC,AK,AAL,WE,Towers with Radar,326,123,18,6,473,0,38,119,4,161,326,161,137,10,634,46,0,46,680
02/11/2022,ANC,AK,AAL,WE,Towers with Radar,342,128,25,8,503,0,30,62,2,94,342,158,87,10,597,28,0,28,625
02/12/2022,ANC,AK,AAL,WE,Towers with Radar,305,101,21,10,437,0,0,4,0,4,305,101,25,10,441,0,0,0,441
02/13/2022,ANC,AK,AAL,WE,Towers with Radar,257,68,18,0,343,0,0,2,0,2,257,68,20,0,345,0,0,0,345
02/14/2022,ANC,AK,AAL,WE,Towers with Radar,303,122,19,1,445,0,0,0,0,0,303,122,19,1,445,0,0,0,445
02/15/2022,ANC,AK,AAL,WE,Towers with Radar,302,98,18,8,426,0,0,0,0,0,302,98,18,8,426,0,0,0,426
02/16/2022,ANC,AK,AAL,WE,Towers with Radar,343,145,25,8,521,0,1,1,0,2,343,146,26,8,523,0,0,0,523
02/17/2022,ANC,AK,AAL,WE,Towers with Radar,357,147,30,10,544,0,1,6,0,7,357,148,36,10,551,0,0,0,551
02/18/2022,ANC,AK,AAL,WE,Towers with Radar,362,128,26,14,530,0,14,22,0,36,362,142,48,14,566,0,0,0,566
02/19/2022,ANC,AK,AAL,WE,Towers with Radar,330,76,15,6,427,0,75,50,0,125,330,151,65,6,552,14,0,14,566
02/20/2022,ANC,AK,AAL,WE,Towers with Radar,281,57,18,4,360,0,8,54,0,62,281,65,72,4,422,16,0,16,438
02/21/2022,ANC,AK,AAL,WE,Towers with Radar,313,134,24,2,473,0,0,1,0,1,313,134,25,2,474,10,0,10,484
02/22/2022,ANC,AK,AAL,WE,Towers with Radar,309,118,28,5,460,0,11,93,2,106,309,129,121,7,566,16,0,16,582
02/23/2022,ANC,AK,AAL,WE,Towers with Radar,365,137,28,13,543,0,23,80,1,104,365,160,108,14,647,0,0,0,647
02/24/2022,ANC,AK,AAL,WE,Towers with Radar,339,134,28,11,512,0,19,62,0,81,339,153,90,11,593,8,0,8,601
02/25/2022,ANC,AK,AAL,WE,Towers with Radar,383,113,18,8,522,0,16,29,2,47,383,129,47,10,569,0,0,0,569
02/26/2022,ANC,AK,AAL,WE,Towers with Radar,338,96,18,8,460,0,18,130,0,148,338,114,148,8,608,35,0,35,643
02/27/2022,ANC,AK,AAL,WE,Towers with Radar,291,66,16,5,378,0,20,133,1,154,291,86,149,6,532,4,0,4,536
02/28/2022,ANC,AK,AAL,WE,Towers with Radar,349,110,27,5,491,0,18,110,4,132,349,128,137,9,623,24,0,24,647
03/01/2022,ANC,AK,AAL,WE,Towers with Radar,349,111,29,11,500,0,25,120,2,147,349,136,149,13,647,16,0,16,663
03/02/2022,ANC,AK,AAL,WE,Towers with Radar,373,134,27,12,546,0,32,119,0,151,373,166,146,12,697,34,0,34,731
03/03/2022,ANC,AK,AAL,WE,Towers with Radar,356,115,33,9,513,0,29,59,0,88,356,144,92,9,601,4,0,4,605
03/04/2022,ANC,AK,AAL,WE,Towers with Radar,351,134,30,8,523,0,11,53,0,64,351,145,83,8,587,0,0,0,587
03/05/2022,ANC,AK,AAL,WE,Towers with Radar,317,77,27,6,427,0,1,0,0,1,317,78,27,6,428,0,0,0,428
03/06/2022,ANC,AK,AAL,WE,Towers with Radar,318,77,30,3,428,0,69,169,0,238,318,146,199,3,666,16,0,16,682
03/07/2022,ANC,AK,AAL,WE,Towers with Radar,344,102,22,3,471,0,56,186,3,245,344,158,208,6,716,38,0,38,754
03/08/2022,ANC,AK,AAL,WE,Towers with Radar,337,115,26,13,491,0,50,178,4,232,337,165,204,17,723,32,0,32,755
03/09/2022,ANC,AK,AAL,WE,Towers with Radar,379,156,28,8,571,0,0,1,0,1,379,156,29,8,572,10,0,10,582
03/10/2022,ANC,AK,AAL,WE,Towers with Radar,354,144,36,7,541,0,5,29,0,34,354,149,65,7,575,0,0,0,575
03/11/2022,ANC,AK,AAL,WE,Towers with Radar,369,154,37,12,572,0,14,41,0,55,369,168,78,12,627,4,0,4,631
03/12/2022,ANC,AK,AAL,WE,Towers with Radar,359,89,23,11,482,0,32,117,0,149,359,121,140,11,631,44,0,44,675
03/13/2022,ANC,AK,AAL,WE,Towers with Radar,298,61,14,4,377,0,16,55,2,73,298,77,69,6,450,2,0,2,452
03/14/2022,ANC,AK,AAL,WE,Towers with Radar,360,113,23,13,509,0,39,175,4,218,360,152,198,17,727,6,0,6,733
03/15/2022,ANC,AK,AAL,WE,Towers with Radar,340,130,29,17,516,0,35,171,7,213,340,165,200,24,729,16,0,16,745
03/16/2022,ANC,AK,AAL,WE,Towers with Radar,377,138,27,18,560,0,35,76,4,115,377,173,103,22,675,10,0,10,685
03/17/2022,ANC,AK,AAL,WE,Towers with Radar,375,157,34,13,579,0,9,11,0,20,375,166,45,13,599,0,0,0,599
03/18/2022,ANC,AK,AAL,WE,Towers with Radar,345,127,25,13,510,0,35,145,1,181,345,162,170,14,691,30,0,30,721
03/19/2022,ANC,AK,AAL,WE,Towers with Radar,342,98,14,6,460,0,31,156,0,187,342,129,170,6,647,44,0,44,691
03/20/2022,ANC,AK,AAL,WE,Towers with Radar,297,84,29,5,415,0,24,197,0,221,297,108,226,5,636,24,0,24,660
03/21/2022,ANC,AK,AAL,WE,Towers with Radar,355,137,26,20,538,0,47,164,4,215,355,184,190,24,753,30,0,30,783
03/22/2022,ANC,AK,AAL,WE,Towers with Radar,330,139,14,23,506,0,24,94,0,118,330,163,108,23,624,4,0,4,628
03/23/2022,ANC,AK,AAL,WE,Towers with Radar,354,142,21,20,537,0,24,110,2,136,354,166,131,22,673,8,0,8,681
03/24/2022,ANC,AK,AAL,WE,Towers with Radar,362,128,21,15,526,0,10,63,0,73,362,138,84,15,599,40,0,40,639
03/25/2022,ANC,AK,AAL,WE,Towers with Radar,366,153,28,7,554,0,36,147,2,185,366,189,175,9,739,38,0,38,777
03/26/2022,ANC,AK,AAL,WE,Towers with Radar,353,101,18,12,484,0,22,169,1,192,353,123,187,13,676,6,0,6,682
03/27/2022,ANC,AK,AAL,WE,Towers with Radar,288,41,7,4,340,0,24,119,0,143,288,65,126,4,483,24,0,24,507
03/28/2022,ANC,AK,AAL,WE,Towers with Radar,334,131,23,6,494,0,29,80,3,112,334,160,103,9,606,10,0,10,616
03/29/2022,ANC,AK,AAL,WE,Towers with Radar,342,133,18,6,499,0,37,147,5,189,342,170,165,11,688,70,0,70,758
03/30/2022,ANC,AK,AAL,WE,Towers with Radar,366,146,30,11,553,0,65,131,6,202,366,211,161,17,755,20,0,20,775
03/31/2022,ANC,AK,AAL,WE,Towers with Radar,342,133,22,12,509,0,30,116,2,148,342,163,138,14,657,32,0,32,689
04/01/2022,ANC,AK,AAL,WE,Towers with Radar,345,141,20,13,519,0,18,104,4,126,345,159,124,17,645,38,0,38,683
04/02/2022,ANC,AK,AAL,WE,Towers with Radar,345,100,15,17,477,0,25,167,2,194,345,125,182,19,671,24,0,24,695
04/03/2022,ANC,AK,AAL,WE,Towers with Radar,305,61,16,5,387,0,16,175,6,197,305,77,191,11,584,30,0,30,614
04/04/2022,ANC,AK,AAL,WE,Towers with Radar,349,132,21,8,510,0,17,61,0,78,349,149,82,8,588,22,0,22,610
04/05/2022,ANC,AK,AAL,WE,Towers with Radar,336,151,18,12,517,0,13,36,0,49,336,164,54,12,566,24,0,24,590
04/06/2022,ANC,AK,AAL,WE,Towers with Radar,375,147,28,11,561,0,25,72,6,103,375,172,100,17,664,50,0,50,714
04/07/2022,ANC,AK,AAL,WE,Towers with Radar,357,144,25,11,537,0,32,156,3,191,357,176,181,14,728,14,0,14,742
04/08/2022,ANC,AK,AAL,WE,Towers with Radar,360,178,38,10,586,0,13,36,0,49,360,191,74,10,635,42,0,42,677
04/09/2022,ANC,AK,AAL,WE,Towers with Radar,336,100,20,6,462,0,22,168,0,190,336,122,188,6,652,24,0,24,676
04/10/2022,ANC,AK,AAL,WE,Towers with Radar,306,67,17,2,392,0,17,143,0,160,306,84,160,2,552,16,0,16,568
04/11/2022,ANC,AK,AAL,WE,Towers with Radar,361,126,20,5,512,0,27,198,2,227,361,153,218,7,739,34,0,34,773
04/12/2022,ANC,AK,AAL,WE,Towers with Radar,352,137,22,9,520,0,33,182,2,217,352,170,204,11,737,36,0,36,773
04/13/2022,ANC,AK,AAL,WE,Towers with Radar,385,164,29,10,588,0,25,164,2,191,385,189,193,12,779,48,0,48,827
04/14/2022,ANC,AK,AAL,WE,Towers with Radar,367,125,38,10,540,0,30,228,2,260,367,155,266,12,800,36,0,36,836
04/15/2022,ANC,AK,AAL,WE,Towers with Radar,378,150,35,10,573,0,37,134,3,174,378,187,169,13,747,26,0,26,773
04/16/2022,ANC,AK,AAL,WE,Towers with Radar,343,117,19,7,486,0,26,140,1,167,343,143,159,8,653,0,0,0,653
04/17/2022,ANC,AK,AAL,WE,Towers with Radar,301,58,9,3,371,0,16,81,2,99,301,74,90,5,470,0,0,0,470
04/18/2022,ANC,AK,AAL,WE,Towers with Radar,343,121,26,6,496,0,32,161,2,195,343,153,187,8,691,110,0,110,801
04/19/2022,ANC,AK,AAL,WE,Towers with Radar,349,146,36,6,537,0,24,170,0,194,349,170,206,6,731,17,0,17,748
04/20/2022,ANC,AK,AAL,WE,Towers with Radar,392,162,34,8,596,0,50,169,0,219,392,212,203,8,815,50,0,50,865
04/21/2022,ANC,AK,AAL,WE,Towers with Radar,390,142,35,9,576,0,56,134,3,193,390,198,169,12,769,116,0,116,885
04/22/2022,ANC,AK,AAL,WE,Towers with Radar,384,172,25,6,587,0,29,40,2,71,384,201,65,8,658,14,0,14,672
04/23/2022,ANC,AK,AAL,WE,Towers with Radar,354,106,21,7,488,0,13,90,3,106,354,119,111,10,594,28,0,28,622
04/24/2022,ANC,AK,AAL,WE,Towers with Radar,326,57,28,2,413,0,27,209,4,240,326,84,237,6,653,16,0,16,669
04/25/2022,ANC,AK,AAL,WE,Towers with Radar,347,128,37,4,516,0,40,123,2,165,347,168,160,6,681,14,0,14,695
04/26/2022,ANC,AK,AAL,WE,Towers with Radar,354,126,27,12,519,0,50,189,1,240,354,176,216,13,759,22,0,22,781
04/27/2022,ANC,AK,AAL,WE,Towers with Radar,383,136,31,7,557,0,49,161,3,213,383,185,192,10,770,32,0,32,802
04/28/2022,ANC,AK,AAL,WE,Towers with Radar,382,145,31,8,566,0,34,136,0,170,382,179,167,8,736,34,0,34,770
04/29/2022,ANC,AK,AAL,WE,Towers with Radar,367,152,30,8,557,0,21,104,1,126,367,173,134,9,683,12,0,12,695
04/30/2022,ANC,AK,AAL,WE,Towers with Radar,341,88,10,7,446,0,18,170,2,190,341,106,180,9,636,8,0,8,644
05/01/2022,ANC,AK,AAL,WE,Towers with Radar,310,82,14,3,409,0,11,100,0,111,310,93,114,3,520,4,0,4,524
05/02/2022,ANC,AK,AAL,WE,Towers with Radar,325,123,38,2,488,0,38,43,0,81,325,161,81,2,569,0,0,0,569
05/03/2022,ANC,AK,AAL,WE,Towers with Radar,340,161,39,8,548,0,43,75,3,121,340,204,114,11,669,28,0,28,697
05/04/2022,ANC,AK,AAL,WE,Towers with Radar,359,151,34,10,554,0,41,76,2,119,359,192,110,12,673,0,0,0,673
05/05/2022,ANC,AK,AAL,WE,Towers with Radar,354,157,26,10,547,0,46,110,7,163,354,203,136,17,710,52,0,52,762
05/06/2022,ANC,AK,AAL,WE,Towers with Radar,367,147,42,9,565,0,67,123,5,195,367,214,165,14,760,94,0,94,854
05/07/2022,ANC,AK,AAL,WE,Towers with Radar,349,98,19,11,477,0,24,83,3,110,349,122,102,14,587,0,0,0,587
05/08/2022,ANC,AK,AAL,WE,Towers with Radar,306,50,18,5,379,0,21,82,0,103,306,71,100,5,482,12,0,12,494
05/09/2022,ANC,AK,AAL,WE,Towers with Radar,367,125,28,7,527,0,36,64,2,102,367,161,92,9,629,0,0,0,629
05/10/2022,ANC,AK,AAL,WE,Towers with Radar,337,140,31,13,521,0,49,37,2,88,337,189,68,15,609,0,0,0,609
05/11/2022,ANC,AK,AAL,WE,Towers with Radar,399,158,35,13,605,1,74,183,2,260,400,232,218,15,865,40,0,40,905
05/12/2022,ANC,AK,AAL,WE,Towers with Radar,398,148,30,14,590,0,44,98,1,143,398,192,128,15,733,0,0,0,733
05/13/2022,ANC,AK,AAL,WE,Towers with Radar,404,170,39,11,624,0,61,76,2,139,404,231,115,13,763,49,0,49,812
05/14/2022,ANC,AK,AAL,WE,Towers with Radar,367,107,20,10,504,0,33,114,0,147,367,140,134,10,651,10,0,10,661
05/15/2022,ANC,AK,AAL,WE,Towers with Radar,306,59,23,7,395,0,34,158,0,192,306,93,181,7,587,22,0,22,609
05/16/2022,ANC,AK,AAL,WE,Towers with Radar,362,128,33,7,530,0,57,189,6,252,362,185,222,13,782,29,0,29,811
05/17/2022,ANC,AK,AAL,WE,Towers with Radar,347,141,31,9,528,0,76,170,7,253,347,217,201,16,781,28,0,28,809
05/18/2022,ANC,AK,AAL,WE,Towers with Radar,415,147,36,10,608,0,85,177,0,262,415,232,213,10,870,6,0,6,876
05/19/2022,ANC,AK,AAL,WE,Towers with Radar,416,136,49,10,611,0,65,117,1,183,416,201,166,11,794,22,0,22,816
05/20/2022,ANC,AK,AAL,WE,Towers with Radar,404,158,29,6,597,0,100,207,4,311,404,258,236,10,908,16,0,16,924
05/21/2022,ANC,AK,AAL,WE,Towers with Radar,380,115,17,9,521,0,68,172,0,240,380,183,189,9,761,28,0,28,789
05/22/2022,ANC,AK,AAL,WE,Towers with Radar,325,82,18,5,430,0,56,252,0,308,325,138,270,5,738,68,0,68,806
05/23/2022,ANC,AK,AAL,WE,Towers with Radar,357,144,41,7,549,0,57,218,1,276,357,201,259,8,825,35,0,35,860
05/24/2022,ANC,AK,AAL,WE,Towers with Radar,379,150,32,14,575,0,48,217,2,267,379,198,249,16,842,33,0,33,875
05/25/2022,ANC,AK,AAL,WE,Towers with Radar,418,178,40,12,648,0,75,279,1,355,418,253,319,13,1003,64,0,64,1067
05/26/2022,ANC,AK,AAL,WE,Towers with Radar,413,137,49,15,614,0,106,324,3,433,413,243,373,18,1047,20,0,20,1067
05/27/2022,ANC,AK,AAL,WE,Towers with Radar,403,165,32,12,612,0,87,352,0,439,403,252,384,12,1051,50,0,50,1101
05/28/2022,ANC,AK,AAL,WE,Towers with Radar,346,111,11,12,480,0,112,289,0,401,346,223,300,12,881,28,0,28,909
05/29/2022,ANC,AK,AAL,WE,Towers with Radar,353,81,18,3,455,0,78,262,0,340,353,159,280,3,795,21,0,21,816
05/30/2022,ANC,AK,AAL,WE,Towers with Radar,351,94,25,2,472,0,99,374,2,475,351,193,399,4,947,10,0,10,957
05/31/2022,ANC,AK,AAL,WE,Towers with Radar,386,146,38,9,579,0,73,294,2,369,386,219,332,11,948,50,0,50,998
06/01/2022,ANC,AK,AAL,WE,Towers with Radar,395,160,41,11,607,0,127,319,2,448,395,287,360,13,1055,32,0,32,1087
06/02/2022,ANC,AK,AAL,WE,Towers with Radar,384,156,40,8,588,0,125,267,3,395,384,281,307,11,983,40,0,40,1023
06/03/2022,ANC,AK,AAL,WE,Towers with Radar,402,159,34,12,607,0,150,377,4,531,402,309,411,16,1138,58,0,58,1196
06/04/2022,ANC,AK,AAL,WE,Towers with Radar,416,113,26,8,563,0,103,278,0,381,416,216,304,8,944,14,0,14,958
06/05/2022,ANC,AK,AAL,WE,Towers with Radar,365,86,35,4,490,6,113,325,0,444,371,199,360,4,934,24,0,24,958
06/06/2022,ANC,AK,AAL,WE,Towers with Radar,414,173,45,13,645,0,128,267,1,396,414,301,312,14,1041,6,0,6,1047
06/07/2022,ANC,AK,AAL,WE,Towers with Radar,403,178,54,10,645,0,109,165,0,274,403,287,219,10,919,72,0,72,991
06/08/2022,ANC,AK,AAL,WE,Towers with Radar,432,175,58,12,677,0,121,340,3,464,432,296,398,15,1141,64,0,64,1205
06/09/2022,ANC,AK,AAL,WE,Towers with Radar,411,159,60,7,637,0,129,199,2,330,411,288,259,9,967,12,0,12,979
06/10/2022,ANC,AK,AAL,WE,Towers with Radar,417,187,67,10,681,0,135,295,2,432,417,322,362,12,1113,64,0,64,1177
06/11/2022,ANC,AK,AAL,WE,Towers with Radar,401,132,51,7,591,0,120,220,0,340,401,252,271,7,931,6,0,6,937
06/12/2022,ANC,AK,AAL,WE,Towers with Radar,390,107,45,5,547,0,128,358,1,487,390,235,403,6,1034,11,0,11,1045
06/13/2022,ANC,AK,AAL,WE,Towers with Radar,410,174,58,6,648,0,109,239,1,349,410,283,297,7,997,44,0,44,1041
06/14/2022,ANC,AK,AAL,WE,Towers with Radar,404,169,48,18,639,20,162,288,8,478,424,331,336,26,1117,38,0,38,1155
06/15/2022,ANC,AK,AAL,WE,Towers with Radar,433,178,58,12,681,0,153,418,9,580,433,331,476,21,1261,54,0,54,1315
06/16/2022,ANC,AK,AAL,WE,Towers with Radar,446,178,56,12,692,0,177,386,3,566,446,355,442,15,1258,38,0,38,1296
06/17/2022,ANC,AK,AAL,WE,Towers with Radar,447,182,52,11,692,0,168,418,2,588,447,350,470,13,1280,16,0,16,1296
06/18/2022,ANC,AK,AAL,WE,Towers with Radar,440,138,55,13,646,0,131,301,0,432,440,269,356,13,1078,20,0,20,1098
06/19/2022,ANC,AK,AAL,WE,Towers with Radar,376,104,53,6,539,0,150,272,1,423,376,254,325,7,962,52,0,52,1014
06/20/2022,ANC,AK,AAL,WE,Towers with Radar,404,151,45,7,607,0,174,311,1,486,404,325,356,8,1093,20,0,20,1113
06/21/2022,ANC,AK,AAL,WE,Towers with Radar,430,160,53,9,652,0,177,329,3,509,430,337,382,12,1161,20,0,20,1181
06/22/2022,ANC,AK,AAL,WE,Towers with Radar,430,168,59,12,669,1,140,318,1,460,431,308,377,13,1129,86,0,86,1215
06/23/2022,ANC,AK,AAL,WE,Towers with Radar,462,184,62,12,720,0,152,363,2,517,462,336,425,14,1237,32,0,32,1269
06/24/2022,ANC,AK,AAL,WE,Towers with Radar,406,186,64,9,665,0,164,390,0,554,406,350,454,9,1219,32,0,32,1251
06/25/2022,ANC,AK,AAL,WE,Towers with Radar,454,212,137,13,816,0,48,112,3,163,454,260,249,16,979,8,0,8,987
06/26/2022,ANC,AK,AAL,WE,Towers with Radar,384,107,65,8,564,0,92,274,0,366,384,199,339,8,930,36,0,36,966
06/27/2022,ANC,AK,AAL,WE,Towers with Radar,409,167,52,13,641,0,179,327,3,509,409,346,379,16,1150,92,0,92,1242
06/28/2022,ANC,AK,AAL,WE,Towers with Radar,421,165,49,11,646,0,167,416,3,586,421,332,465,14,1232,66,0,66,1298
06/29/2022,ANC,AK,AAL,WE,Towers with Radar,429,202,60,12,703,0,127,279,0,406,429,329,339,12,1109,92,0,92,1201
06/30/2022,ANC,AK,AAL,WE,Towers with Radar,448,183,61,11,703,0,197,327,5,529,448,380,388,16,1232,106,0,106,1338
07/01/2022,ANC,AK,AAL,WE,Towers with Radar,415,175,63,11,664,0,179,411,2,592,415,354,474,13,1256,14,0,14,1270
07/02/2022,ANC,AK,AAL,WE,Towers with Radar,428,113,41,13,595,0,147,350,1,498,428,260,391,14,1093,28,0,28,1121
07/03/2022,ANC,AK,AAL,WE,Towers with Radar,406,95,44,8,553,0,141,321,0,462,406,236,365,8,1015,48,0,48,1063
07/04/2022,ANC,AK,AAL,WE,Towers with Radar,422,95,32,0,549,0,145,347,1,493,422,240,379,1,1042,14,0,14,1056
07/05/2022,ANC,AK,AAL,WE,Towers with Radar,396,175,38,13,622,0,181,424,6,611,396,356,462,19,1233,16,0,16,1249
07/06/2022,ANC,AK,AAL,WE,Towers with Radar,429,184,58,13,684,0,176,320,0,496,429,360,378,13,1180,55,0,55,1235
07/07/2022,ANC,AK,AAL,WE,Towers with Radar,432,180,70,15,697,0,124,187,1,312,432,304,257,16,1009,68,0,68,1077
07/08/2022,ANC,AK,AAL,WE,Towers with Radar,427,167,71,15,680,0,176,281,0,457,427,343,352,15,1137,36,0,36,1173
07/09/2022,ANC,AK,AAL,WE,Towers with Radar,429,124,47,15,615,0,166,319,0,485,429,290,366,15,1100,8,0,8,1108
07/10/2022,ANC,AK,AAL,WE,Towers with Radar,391,111,55,19,576,0,171,364,1,536,391,282,419,20,1112,32,0,32,1144
07/11/2022,ANC,AK,AAL,WE,Towers with Radar,408,164,51,13,636,0,139,210,2,351,408,303,261,15,987,28,0,28,1015
07/12/2022,ANC,AK,AAL,WE,Towers with Radar,393,180,55,18,646,0,111,201,0,312,393,291,256,18,958,20,0,20,978
07/13/2022,ANC,AK,AAL,WE,Towers with Radar,410,199,77,14,700,0,150,297,0,447,410,349,374,14,1147,60,0,60,1207
07/14/2022,ANC,AK,AAL,WE,Towers with Radar,442,200,73,10,725,0,116,143,1,260,442,316,216,11,985,56,0,56,1041
07/15/2022,ANC,AK,AAL,WE,Towers with Radar,423,180,60,12,675,0,144,178,0,322,423,324,238,12,997,18,0,18,1015
07/16/2022,ANC,AK,AAL,WE,Towers with Radar,415,150,48,11,624,0,34,49,0,83,415,184,97,11,707,4,0,4,711
07/17/2022,ANC,AK,AAL,WE,Towers with Radar,365,119,74,8,566,0,70,83,1,154,365,189,157,9,720,2,0,2,722
07/18/2022,ANC,AK,AAL,WE,Towers with Radar,402,149,34,15,600,0,145,264,1,410,402,294,298,16,1010,50,0,50,1060
07/19/2022,ANC,AK,AAL,WE,Towers with Radar,402,217,76,11,706,0,78,38,2,118,402,295,114,13,824,2,0,2,826
07/20/2022,ANC,AK,AAL,WE,Towers with Radar,411,206,83,9,709,0,135,188,4,327,411,341,271,13,1036,64,0,64,1100
07/21/2022,ANC,AK,AAL,WE,Towers with Radar,422,200,77,9,708,1,123,174,7,305,423,323,251,16,1013,42,0,42,1055
07/22/2022,ANC,AK,AAL,WE,Towers with Radar,405,198,83,11,697,0,169,242,0,411,405,367,325,11,1108,37,0,37,1145
07/23/2022,ANC,AK,AAL,WE,Towers with Radar,426,125,48,9,608,0,183,293,0,476,426,308,341,9,1084,66,0,66,1150
07/24/2022,ANC,AK,AAL,WE,Towers with Radar,357,104,58,4,523,0,216,404,3,623,357,320,462,7,1146,109,0,109,1255
07/25/2022,ANC,AK,AAL,WE,Towers with Radar,399,167,61,6,633,0,56,46,1,103,399,223,107,7,736,0,0,0,736
07/26/2022,ANC,AK,AAL,WE,Towers with Radar,406,175,56,5,642,2,164,285,2,453,408,339,341,7,1095,18,0,18,1113
07/27/2022,ANC,AK,AAL,WE,Towers with Radar,418,192,70,8,688,0,157,460,6,623,418,349,530,14,1311,12,0,12,1323
07/28/2022,ANC,AK,AAL,WE,Towers with Radar,435,176,55,19,685,0,191,442,8,641,435,367,497,27,1326,19,0,19,1345
07/29/2022,ANC,AK,AAL,WE,Towers with Radar,415,167,48,18,648,0,214,469,6,689,415,381,517,24,1337,18,0,18,1355
07/30/2022,ANC,AK,AAL,WE,Towers with Radar,413,134,58,17,622,0,126,209,1,336,413,260,267,18,958,30,0,30,988
07/31/2022,ANC,AK,AAL,WE,Towers with Radar,359,101,61,9,530,0,185,301,1,487,359,286,362,10,1017,36,0,36,1053
08/01/2022,ANC,AK,AAL,WE,Towers with Radar,385,190,63,11,649,0,90,91,0,181,385,280,154,11,830,6,0,6,836
08/02/2022,ANC,AK,AAL,WE,Towers with Radar,398,167,54,14,633,0,184,258,7,449,398,351,312,21,1082,12,0,12,1094
08/03/2022,ANC,AK,AAL,WE,Towers with Radar,421,164,52,14,651,0,159,533,9,701,421,323,585,23,1352,46,0,46,1398
08/04/2022,ANC,AK,AAL,WE,Towers with Radar,414,138,60,11,623,0,168,288,5,461,414,306,348,16,1084,56,0,56,1140
08/05/2022,ANC,AK,AAL,WE,Towers with Radar,419,182,67,11,679,0,161,108,0,269,419,343,175,11,948,16,0,16,964
08/06/2022,ANC,AK,AAL,WE,Towers with Radar,413,119,52,9,593,0,183,275,2,460,413,302,327,11,1053,26,0,26,1079
08/07/2022,ANC,AK,AAL,WE,Towers with Radar,369,98,63,4,534,0,169,191,3,363,369,267,254,7,897,26,0,26,923
08/08/2022,ANC,AK,AAL,WE,Towers with Radar,411,147,61,7,626,0,84,74,0,158,411,231,135,7,784,2,0,2,786
08/09/2022,ANC,AK,AAL,WE,Towers with Radar,401,147,43,10,601,0,186,201,0,387,401,333,244,10,988,48,0,48,1036
08/10/2022,ANC,AK,AAL,WE,Towers with Radar,414,186,82,11,693,0,200,468,2,670,414,386,550,13,1363,20,0,20,1383
08/11/2022,ANC,AK,AAL,WE,Towers with Radar,427,163,56,11,657,0,182,257,0,439,427,345,313,11,1096,34,0,34,1130
08/12/2022,ANC,AK,AAL,WE,Towers with Radar,409,221,102,12,744,0,128,154,0,282,409,349,256,12,1026,14,0,14,1040
08/13/2022,ANC,AK,AAL,WE,Towers with Radar,404,144,60,7,615,0,41,70,0,111,404,185,130,7,726,2,0,2,728
08/14/2022,ANC,AK,AAL,WE,Towers with Radar,355,79,47,6,487,0,153,284,0,437,355,232,331,6,924,31,0,31,955
08/15/2022,ANC,AK,AAL,WE,Towers with Radar,388,156,51,7,602,0,150,285,3,438,388,306,336,10,1040,68,0,68,1108
08/16/2022,ANC,AK,AAL,WE,Towers with Radar,364,153,59,10,586,0,131,194,2,327,364,284,253,12,913,82,0,82,995
08/17/2022,ANC,AK,AAL,WE,Towers with Radar,393,178,70,9,650,0,103,123,1,227,393,281,193,10,877,44,0,44,921
08/18/2022,ANC,AK,AAL,WE,Towers with Radar,416,157,77,9,659,0,143,200,1,344,416,300,277,10,1003,11,0,11,1014
08/19/2022,ANC,AK,AAL,WE,Towers with Radar,410,189,76,7,682,0,68,90,0,158,410,257,166,7,840,64,0,64,904
08/20/2022,ANC,AK,AAL,WE,Towers with Radar,418,106,61,10,595,0,131,209,0,340,418,237,270,10,935,24,0,24,959
08/21/2022,ANC,AK,AAL,WE,Towers with Radar,347,85,69,4,505,0,139,266,2,407,347,224,335,6,912,6,0,6,918
08/22/2022,ANC,AK,AAL,WE,Towers with Radar,423,162,67,13,665,0,174,190,1,365,423,336,257,14,1030,10,0,10,1040
08/23/2022,ANC,AK,AAL,WE,Towers with Radar,380,157,59,11,607,0,175,283,6,464,380,332,342,17,1071,48,0,48,1119
08/24/2022,ANC,AK,AAL,WE,Towers with Radar,437,179,60,12,688,0,130,267,3,400,437,309,327,15,1088,82,0,82,1170
08/25/2022,ANC,AK,AAL,WE,Towers with Radar,423,182,65,12,682,0,135,245,0,380,423,317,310,12,1062,74,0,74,1136
08/26/2022,ANC,AK,AAL,WE,Towers with Radar,399,205,80,11,695,0,46,89,0,135,399,251,169,11,830,18,0,18,848
08/27/2022,ANC,AK,AAL,WE,Towers with Radar,407,134,52,9,602,0,215,338,1,554,407,349,390,10,1156,40,0,40,1196
08/28/2022,ANC,AK,AAL,WE,Towers with Radar,369,92,49,10,520,0,154,286,0,440,369,246,335,10,960,16,0,16,976
08/29/2022,ANC,AK,AAL,WE,Towers with Radar,412,195,117,6,730,0,112,255,2,369,412,307,372,8,1099,26,0,26,1125
08/30/2022,ANC,AK,AAL,WE,Towers with Radar,380,152,60,14,606,0,204,264,2,470,380,356,324,16,1076,14,0,14,1090
08/31/2022,ANC,AK,AAL,WE,Towers with Radar,410,177,64,11,662,0,85,112,0,197,410,262,176,11,859,26,0,26,885
09/01/2022,ANC,AK,AAL,WE,Towers with Radar,431,175,77,8,691,0,57,183,2,242,431,232,260,10,933,12,0,12,945
09/02/2022,ANC,AK,AAL,WE,Towers with Radar,408,183,84,9,684,0,178,413,0,591,408,361,497,9,1275,41,0,41,1316
09/03/2022,ANC,AK,AAL,WE,Towers with Radar,421,106,57,12,596,0,121,185,0,306,421,227,242,12,902,0,0,0,902
09/04/2022,ANC,AK,AAL,WE,Towers with Radar,365,72,45,3,485,0,140,314,0,454,365,212,359,3,939,4,0,4,943
09/05/2022,ANC,AK,AAL,WE,Towers with Radar,380,112,45,5,542,1,178,427,0,606,381,290,472,5,1148,2,0,2,1150
09/06/2022,ANC,AK,AAL,WE,Towers with Radar,365,144,55,7,571,0,104,196,3,303,365,248,251,10,874,99,0,99,973
09/07/2022,ANC,AK,AAL,WE,Towers with Radar,380,146,61,8,595,0,122,201,0,323,380,268,262,8,918,22,0,22,940
09/08/2022,ANC,AK,AAL,WE,Towers with Radar,394,150,60,8,612,0,11,34,0,45,394,161,94,8,657,0,0,0,657
09/09/2022,ANC,AK,AAL,WE,Towers with Radar,373,137,64,9,583,0,98,114,1,213,373,235,178,10,796,14,0,14,810
09/10/2022,ANC,AK,AAL,WE,Towers with Radar,338,116,57,9,520,0,104,324,2,430,338,220,381,11,950,6,0,6,956
09/11/2022,ANC,AK,AAL,WE,Towers with Radar,309,83,60,3,455,0,94,148,3,245,309,177,208,6,700,8,0,8,708
09/12/2022,ANC,AK,AAL,WE,Towers with Radar,339,132,57,5,533,0,89,173,1,263,339,221,230,6,796,0,0,0,796
09/13/2022,ANC,AK,AAL,WE,Towers with Radar,325,148,73,7,553,0,89,189,1,279,325,237,262,8,832,51,0,51,883
09/14/2022,ANC,AK,AAL,WE,Towers with Radar,373,166,60,10,609,0,140,272,0,412,373,306,332,10,1021,38,0,38,1059
09/15/2022,ANC,AK,AAL,WE,Towers with Radar,387,157,56,11,611,0,92,102,2,196,387,249,158,13,807,6,0,6,813
09/16/2022,ANC,AK,AAL,WE,Towers with Radar,363,152,68,11,594,0,100,216,1,317,363,252,284,12,911,34,0,34,945
09/17/2022,ANC,AK,AAL,WE,Towers with Radar,339,99,47,6,491,0,74,50,0,124,339,173,97,6,615,10,0,10,625
09/18/2022,ANC,AK,AAL,WE,Towers with Radar,303,82,46,8,439,0,117,303,2,422,303,199,349,10,861,4,0,4,865
09/19/2022,ANC,AK,AAL,WE,Towers with Radar,366,134,61,9,570,0,29,57,4,90,366,163,118,13,660,18,0,18,678
09/20/2022,ANC,AK,AAL,WE,Towers with Radar,363,148,78,12,601,0,98,135,1,234,363,246,213,13,835,2,0,2,837
09/21/2022,ANC,AK,AAL,WE,Towers with Radar,377,146,46,10,579,0,110,211,0,321,377,256,257,10,900,10,0,10,910
09/22/2022,ANC,AK,AAL,WE,Towers with Radar,388,165,62,13,628,0,93,185,3,281,388,258,247,16,909,12,0,12,921
09/23/2022,ANC,AK,AAL,WE,Towers with Radar,361,143,51,12,567,0,107,279,0,386,361,250,330,12,953,36,0,36,989
09/24/2022,ANC,AK,AAL,WE,Towers with Radar,375,88,50,13,526,0,73,293,0,366,375,161,343,13,892,46,0,46,938
09/25/2022,ANC,AK,AAL,WE,Towers with Radar,294,67,31,8,400,0,111,291,1,403,294,178,322,9,803,18,0,18,821
09/26/2022,ANC,AK,AAL,WE,Towers with Radar,353,124,46,7,530,0,84,265,8,357,353,208,311,15,887,63,0,63,950
09/27/2022,ANC,AK,AAL,WE,Towers with Radar,355,147,51,9,562,0,84,248,4,336,355,231,299,13,898,34,0,34,932
09/28/2022,ANC,AK,AAL,WE,Towers with Radar,376,142,47,10,575,0,55,104,2,161,376,197,151,12,736,50,0,50,786
09/29/2022,ANC,AK,AAL,WE,Towers with Radar,372,167,54,9,602,0,33,145,2,180,372,200,199,11,782,20,0,20,802
09/30/2022,ANC,AK,AAL,WE,Towers with Radar,365,156,51,7,579,0,55,210,0,265,365,211,261,7,844,22,0,22,866
10/01/2022,ANC,AK,AAL,WE,Towers with Radar,367,98,36,11,512,0,57,241,0,298,367,155,277,11,810,20,0,20,830
10/02/2022,ANC,AK,AAL,WE,Towers with Radar,299,86,33,4,422,0,21,157,0,178,299,107,190,4,600,28,0,28,628
10/03/2022,ANC,AK,AAL,WE,Towers with Radar,338,130,35,9,512,0,38,186,1,225,338,168,221,10,737,16,0,16,753
10/04/2022,ANC,AK,AAL,WE,Towers with Radar,341,131,43,8,523,0,47,174,4,225,341,178,217,12,748,12,0,12,760
10/05/2022,ANC,AK,AAL,WE,Towers with Radar,326,137,39,10,512,0,50,177,4,231,326,187,216,14,743,22,0,22,765
10/06/2022,ANC,AK,AAL,WE,Towers with Radar,298,140,23,6,467,0,41,56,3,100,298,181,79,9,567,12,0,12,579
10/07/2022,ANC,AK,AAL,WE,Towers with Radar,330,148,38,13,529,0,24,124,5,153,330,172,162,18,682,6,0,6,688
10/08/2022,ANC,AK,AAL,WE,Towers with Radar,301,86,23,7,417,0,8,5,1,14,301,94,28,8,431,0,0,0,431
10/09/2022,ANC,AK,AAL,WE,Towers with Radar,281,65,20,4,370,0,15,45,1,61,281,80,65,5,431,0,0,0,431
10/10/2022,ANC,AK,AAL,WE,Towers with Radar,296,115,43,3,457,0,41,79,0,120,296,156,122,3,577,0,0,0,577
10/11/2022,ANC,AK,AAL,WE,Towers with Radar,354,124,39,11,528,0,37,221,9,267,354,161,260,20,795,32,0,32,827
10/12/2022,ANC,AK,AAL,WE,Towers with Radar,387,129,29,11,556,0,55,75,5,135,387,184,104,16,691,70,0,70,761
10/13/2022,ANC,AK,AAL,WE,Towers with Radar,375,132,36,9,552,0,43,209,11,263,375,175,245,20,815,38,0,38,853
10/14/2022,ANC,AK,AAL,WE,Towers with Radar,382,140,42,11,575,0,37,155,3,195,382,177,197,14,770,62,0,62,832
10/15/2022,ANC,AK,AAL,WE,Towers with Radar,371,101,14,11,497,0,14,56,2,72,371,115,70,13,569,22,0,22,591
10/16/2022,ANC,AK,AAL,WE,Towers with Radar,302,67,14,14,397,0,11,108,1,120,302,78,122,15,517,40,0,40,557
10/17/2022,ANC,AK,AAL,WE,Towers with Radar,365,125,23,7,520,0,18,97,5,120,365,143,120,12,640,6,0,6,646
10/18/2022,ANC,AK,AAL,WE,Towers with Radar,346,141,23,18,528,0,39,137,4,180,346,180,160,22,708,6,0,6,714
10/19/2022,ANC,AK,AAL,WE,Towers with Radar,379,157,35,10,581,0,30,132,4,166,379,187,167,14,747,4,0,4,751
10/20/2022,ANC,AK,AAL,WE,Towers with Radar,380,156,39,11,586,0,6,11,1,18,380,162,50,12,604,0,0,0,604
10/21/2022,ANC,AK,AAL,WE,Towers with Radar,380,171,50,7,608,0,14,102,2,118,380,185,152,9,726,26,0,26,752
10/22/2022,ANC,AK,AAL,WE,Towers with Radar,366,103,23,9,501,0,22,115,4,141,366,125,138,13,642,6,0,6,648
10/23/2022,ANC,AK,AAL,WE,Towers with Radar,317,60,14,7,398,0,46,190,0,236,317,106,204,7,634,0,0,0,634
10/24/2022,ANC,AK,AAL,WE,Towers with Radar,340,129,41,10,520,0,22,90,5,117,340,151,131,15,637,18,0,18,655
10/25/2022,ANC,AK,AAL,WE,Towers with Radar,317,121,33,10,481,0,7,68,5,80,317,128,101,15,561,32,0,32,593
10/26/2022,ANC,AK,AAL,WE,Towers with Radar,396,133,34,12,575,0,25,44,7,76,396,158,78,19,651,0,0,0,651
10/27/2022,ANC,AK,AAL,WE,Towers with Radar,381,148,35,11,575,0,26,68,4,98,381,174,103,15,673,0,0,0,673
10/28/2022,ANC,AK,AAL,WE,Towers with Radar,388,128,33,8,557,0,54,116,12,182,388,182,149,20,739,87,0,87,826
10/29/2022,ANC,AK,AAL,WE,Towers with Radar,368,94,18,7,487,0,14,41,1,56,368,108,59,8,543,0,0,0,543
10/30/2022,ANC,AK,AAL,WE,Towers with Radar,308,52,18,6,384,0,15,27,3,45,308,67,45,9,429,0,0,0,429
10/31/2022,ANC,AK,AAL,WE,Towers with Radar,363,114,33,9,519,0,31,95,6,132,363,145,128,15,651,20,0,20,671
11/01/2022,ANC,AK,AAL,WE,Towers with Radar,330,127,25,8,490,0,46,79,4,129,330,173,104,12,619,4,0,4,623
11/02/2022,ANC,AK,AAL,WE,Towers with Radar,378,160,31,11,580,0,0,0,0,0,378,160,31,11,580,0,0,0,580
11/03/2022,ANC,AK,AAL,WE,Towers with Radar,378,147,31,9,565,0,19,20,4,43,378,166,51,13,608,0,0,0,608
11/04/2022,ANC,AK,AAL,WE,Towers with Radar,345,127,35,11,518,0,33,61,5,99,345,160,96,16,617,0,0,0,617
11/05/2022,ANC,AK,AAL,WE,Towers with Radar,344,95,30,10,479,0,13,18,0,31,344,108,48,10,510,18,0,18,528
11/06/2022,ANC,AK,AAL,WE,Towers with Radar,335,59,18,9,421,0,15,55,1,71,335,74,73,10,492,51,0,51,543
11/07/2022,ANC,AK,AAL,WE,Towers with Radar,311,102,21,5,439,0,13,30,0,43,311,115,51,5,482,12,0,12,494
11/08/2022,ANC,AK,AAL,WE,Towers with Radar,328,127,35,14,504,0,33,42,1,76,328,160,77,15,580,2,0,2,582
11/09/2022,ANC,AK,AAL,WE,Towers with Radar,360,144,30,15,549,1,13,28,2,44,361,157,58,17,593,28,0,28,621
11/10/2022,ANC,AK,AAL,WE,Towers with Radar,355,161,44,10,570,0,1,3,0,4,355,162,47,10,574,0,0,0,574
11/11/2022,ANC,AK,AAL,WE,Towers with Radar,365,128,26,7,526,0,20,17,1,38,365,148,43,8,564,2,0,2,566
11/12/2022,ANC,AK,AAL,WE,Towers with Radar,333,89,9,9,440,0,12,29,0,41,333,101,38,9,481,0,0,0,481
11/13/2022,ANC,AK,AAL,WE,Towers with Radar,291,78,26,7,402,0,2,4,0,6,291,80,30,7,408,0,0,0,408
11/14/2022,ANC,AK,AAL,WE,Towers with Radar,366,110,30,8,514,0,26,44,3,73,366,136,74,11,587,0,0,0,587
11/15/2022,ANC,AK,AAL,WE,Towers with Radar,315,136,30,14,495,0,30,89,9,128,315,166,119,23,623,14,0,14,637
11/16/2022,ANC,AK,AAL,WE,Towers with Radar,365,151,31,7,554,0,77,44,4,125,365,228,75,11,679,10,0,10,689
11/17/2022,ANC,AK,AAL,WE,Towers with Radar,359,153,30,5,547,0,36,38,4,78,359,189,68,9,625,0,0,0,625
11/18/2022,ANC,AK,AAL,WE,Towers with Radar,350,127,32,5,514,0,35,122,7,164,350,162,154,12,678,4,0,4,682
11/19/2022,ANC,AK,AAL,WE,Towers with Radar,337,78,13,8,436,0,32,48,0,80,337,110,61,8,516,0,0,0,516
11/20/2022,ANC,AK,AAL,WE,Towers with Radar,300,43,15,7,365,0,8,19,0,27,300,51,34,7,392,0,0,0,392
11/21/2022,ANC,AK,AAL,WE,Towers with Radar,347,111,29,6,493,0,13,23,3,39,347,124,52,9,532,0,0,0,532
11/22/2022,ANC,AK,AAL,WE,Towers with Radar,334,182,31,11,558,0,4,7,0,11,334,186,38,11,569,0,0,0,569
11/23/2022,ANC,AK,AAL,WE,Towers with Radar,372,164,22,11,569,0,19,30,3,52,372,183,52,14,621,6,0,6,627
11/24/2022,ANC,AK,AAL,WE,Towers with Radar,285,44,6,0,335,0,5,3,1,9,285,49,9,1,344,0,0,0,344
11/25/2022,ANC,AK,AAL,WE,Towers with Radar,324,148,21,3,496,1,12,45,0,58,325,160,66,3,554,12,0,12,566
11/26/2022,ANC,AK,AAL,WE,Towers with Radar,353,81,12,9,455,0,14,85,0,99,353,95,97,9,554,16,0,16,570
11/27/2022,ANC,AK,AAL,WE,Towers with Radar,312,57,9,4,382,0,9,16,0,25,312,66,25,4,407,0,0,0,407
11/28/2022,ANC,AK,AAL,WE,Towers with Radar,355,112,27,6,500,0,24,72,3,99,355,136,99,9,599,4,0,4,603
11/29/2022,ANC,AK,AAL,WE,Towers with Radar,323,126,15,8,472,0,44,55,5,104,323,170,70,13,576,4,0,4,580
11/30/2022,ANC,AK,AAL,WE,Towers with Radar,344,136,31,7,518,0,27,29,3,59,344,163,60,10,577,24,0,24,601
12/01/2022,ANC,AK,AAL,WE,Towers with Radar,357,134,28,10,529,0,31,55,3,89,357,165,83,13,618,0,0,0,618
12/02/2022,ANC,AK,AAL,WE,Towers with Radar,349,137,34,2,522,0,38,70,2,110,349,175,104,4,632,0,0,0,632
12/03/2022,ANC,AK,AAL,WE,Towers with Radar,339,126,19,12,496,0,10,57,0,67,339,136,76,12,563,34,0,34,597
12/04/2022,ANC,AK,AAL,WE,Towers with Radar,287,68,19,6,380,0,8,63,0,71,287,76,82,6,451,18,0,18,469
12/05/2022,ANC,AK,AAL,WE,Towers with Radar,335,140,27,8,510,0,0,0,0,0,335,140,27,8,510,0,0,0,510
12/06/2022,ANC,AK,AAL,WE,Towers with Radar,317,149,25,10,501,0,0,3,0,3,317,149,28,10,504,1,0,1,505
12/07/2022,ANC,AK,AAL,WE,Towers with Radar,334,138,24,12,508,0,15,16,4,35,334,153,40,16,543,0,0,0,543
12/08/2022,ANC,AK,AAL,WE,Towers with Radar,349,131,26,15,521,0,44,18,7,69,349,175,44,22,590,0,0,0,590
12/09/2022,ANC,AK,AAL,WE,Towers with Radar,352,130,27,7,516,0,52,87,6,145,352,182,114,13,661,18,0,18,679
12/10/2022,ANC,AK,AAL,WE,Towers with Radar,329,90,16,7,442,0,21,48,2,71,329,111,64,9,513,2,0,2,515
12/11/2022,ANC,AK,AAL,WE,Towers with Radar,247,47,11,4,309,0,0,0,0,0,247,47,11,4,309,0,0,0,309
12/12/2022,ANC,AK,AAL,WE,Towers with Radar,213,91,12,8,324,0,17,15,5,37,213,108,27,13,361,0,0,0,361
12/13/2022,ANC,AK,AAL,WE,Towers with Radar,340,159,39,6,544,0,2,0,0,2,340,161,39,6,546,0,0,0,546
12/14/2022,ANC,AK,AAL,WE,Towers with Radar,311,155,36,12,514,0,2,6,0,8,311,157,42,12,522,0,0,0,522
12/15/2022,ANC,AK,AAL,WE,Towers with Radar,303,140,40,3,486,0,9,8,0,17,303,149,48,3,503,0,0,0,503
12/16/2022,ANC,AK,AAL,WE,Towers with Radar,347,135,32,12,526,0,40,26,4,70,347,175,58,16,596,0,0,0,596
12/17/2022,ANC,AK,AAL,WE,Towers with Radar,310,88,22,11,431,0,0,2,0,2,310,88,24,11,433,0,0,0,433
12/18/2022,ANC,AK,AAL,WE,Towers with Radar,310,65,17,8,400,0,13,18,1,32,310,78,35,9,432,0,0,0,432
12/19/2022,ANC,AK,AAL,WE,Towers with Radar,358,122,25,9,514,0,18,17,4,39,358,140,42,13,553,0,0,0,553
12/20/2022,ANC,AK,AAL,WE,Towers with Radar,318,131,17,6,472,0,34,36,5,75,318,165,53,11,547,8,0,8,555
12/21/2022,ANC,AK,AAL,WE,Towers with Radar,355,116,20,12,503,0,46,29,6,81,355,162,49,18,584,0,0,0,584
12/22/2022,ANC,AK,AAL,WE,Towers with Radar,335,112,26,18,491,0,26,34,8,68,335,138,60,26,559,0,0,0,559
12/23/2022,ANC,AK,AAL,WE,Towers with Radar,179,59,7,3,248,0,12,4,4,20,179,71,11,7,268,0,0,0,268
12/24/2022,ANC,AK,AAL,WE,Towers with Radar,288,92,7,0,387,0,12,9,0,21,288,104,16,0,408,0,0,0,408
12/25/2022,ANC,AK,AAL,WE,Towers with Radar,199,15,4,0,218,0,0,2,0,2,199,15,6,0,220,0,0,0,220
12/26/2022,ANC,AK,AAL,WE,Towers with Radar,268,100,7,8,383,0,15,24,11,50,268,115,31,19,433,10,0,10,443
12/27/2022,ANC,AK,AAL,WE,Towers with Radar,312,141,22,21,496,0,8,21,1,30,312,149,43,22,526,44,0,44,570
12/28/2022,ANC,AK,AAL,WE,Towers with Radar,330,110,21,9,470,0,41,84,6,131,330,151,105,15,601,30,0,30,631
12/29/2022,ANC,AK,AAL,WE,Towers with Radar,332,139,26,9,506,0,41,69,9,119,332,180,95,18,625,20,0,20,645
12/30/2022,ANC,AK,AAL,WE,Towers with Radar,323,117,30,9,479,0,25,50,5,80,323,142,80,14,559,0,0,0,559
12/31/2022,ANC,AK,AAL,WE,Towers with Radar,305,78,8,11,402,0,9,38,0,47,305,87,46,11,449,12,0,12,461
01/01/2023,ANC,AK,AAL,WE,Towers with Radar,217,42,14,0,273,0,1,4,0,5,217,43,18,0,278,0,0,0,278
01/02/2023,ANC,AK,AAL,WE,Towers with Radar,257,91,19,8,375,0,24,17,11,52,257,115,36,19,427,0,0,0,427
01/03/2023,ANC,AK,AAL,WE,Towers with Radar,278,108,24,10,420,0,42,51,6,99,278,150,75,16,519,8,0,8,527
01/04/2023,ANC,AK,AAL,WE,Towers with Radar,312,132,24,5,473,0,47,35,8,90,312,179,59,13,563,4,0,4,567
01/05/2023,ANC,AK,AAL,WE,Towers with Radar,330,122,30,8,490,0,67,55,7,129,330,189,85,15,619,42,0,42,661
01/06/2023,ANC,AK,AAL,WE,Towers with Radar,327,141,32,15,515,0,10,40,1,51,327,151,72,16,566,0,0,0,566
01/07/2023,ANC,AK,AAL,WE,Towers with Radar,306,76,15,4,401,0,15,66,0,81,306,91,81,4,482,10,0,10,492
01/08/2023,ANC,AK,AAL,WE,Towers with Radar,280,67,14,2,363,0,6,13,0,19,280,73,27,2,382,26,0,26,408
01/09/2023,ANC,AK,AAL,WE,Towers with Radar,323,101,17,9,450,0,36,23,11,70,323,137,40,20,520,0,0,0,520
01/10/2023,ANC,AK,AAL,WE,Towers with Radar,289,110,16,9,424,0,36,64,8,108,289,146,80,17,532,36,0,36,568
01/11/2023,ANC,AK,AAL,WE,Towers with Radar,364,142,26,11,543,2,27,40,5,74,366,169,66,16,617,0,0,0,617
01/12/2023,ANC,AK,AAL,WE,Towers with Radar,338,122,24,11,495,0,52,80,8,140,338,174,104,19,635,18,0,18,653
01/13/2023,ANC,AK,AAL,WE,Towers with Radar,323,140,27,11,501,0,39,42,5,86,323,179,69,16,587,0,0,0,587
01/14/2023,ANC,AK,AAL,WE,Towers with Radar,310,93,19,4,426,0,3,35,0,38,310,96,54,4,464,26,0,26,490
01/15/2023,ANC,AK,AAL,WE,Towers with Radar,276,57,14,0,347,0,18,15,2,35,276,75,29,2,382,0,0,0,382
01/16/2023,ANC,AK,AAL,WE,Towers with Radar,331,113,19,2,465,0,32,59,0,91,331,145,78,2,556,24,0,24,580
01/17/2023,ANC,AK,AAL,WE,Towers with Radar,295,134,33,7,469,0,41,57,0,98,295,175,90,7,567,18,0,18,585
01/18/2023,ANC,AK,AAL,WE,Towers with Radar,347,145,30,10,532,0,33,27,2,62,347,178,57,12,594,8,0,8,602
01/19/2023,ANC,AK,AAL,WE,Towers with Radar,339,148,30,12,529,0,34,50,4,88,339,182,80,16,617,28,0,28,645
01/20/2023,ANC,AK,AAL,WE,Towers with Radar,316,165,40,14,535,0,18,18,5,41,316,183,58,19,576,2,0,2,578
01/21/2023,ANC,AK,AAL,WE,Towers with Radar,302,69,16,8,395,0,17,76,2,95,302,86,92,10,490,14,0,14,504
01/22/2023,ANC,AK,AAL,WE,Towers with Radar,230,82,8,0,320,0,10,8,0,18,230,92,16,0,338,0,0,0,338
01/23/2023,ANC,AK,AAL,WE,Towers with Radar,262,131,31,4,428,0,6,4,0,10,262,137,35,4,438,0,0,0,438
01/24/2023,ANC,AK,AAL,WE,Towers with Radar,248,127,20,6,401,0,38,28,3,69,248,165,48,9,470,4,0,4,474
01/25/2023,ANC,AK,AAL,WE,Towers with Radar,272,126,22,8,428,0,38,48,0,86,272,164,70,8,514,10,0,10,524
01/26/2023,ANC,AK,AAL,WE,Towers with Radar,266,131,26,8,431,0,36,48,0,84,266,167,74,8,515,2,0,2,517
01/27/2023,ANC,AK,AAL,WE,Towers with Radar,251,148,35,8,442,0,16,41,10,67,251,164,76,18,509,2,0,2,511
01/28/2023,ANC,AK,AAL,WE,Towers with Radar,237,75,19,5,336,0,14,30,1,45,237,89,49,6,381,16,0,16,397
01/29/2023,ANC,AK,AAL,WE,Towers with Radar,205,61,12,10,288,0,15,5,1,21,205,76,17,11,309,0,0,0,309
01/30/2023,ANC,AK,AAL,WE,Towers with Radar,261,136,44,8,449,0,13,30,3,46,261,149,74,11,495,40,0,40,535
01/31/2023,ANC,AK,AAL,WE,Towers with Radar,231,82,24,2,339,0,0,0,0,0,231,82,24,2,339,0,0,0,339
02/01/2023,ANC,AK,AAL,WE,Towers with Radar,289,192,44,8,533,0,0,0,0,0,289,192,44,8,533,0,0,0,533
02/02/2023,ANC,AK,AAL,WE,Towers with Radar,304,160,56,8,528,0,1,1,0,2,304,161,57,8,530,0,0,0,530
02/03/2023,ANC,AK,AAL,WE,Towers with Radar,285,154,40,11,490,0,0,1,0,1,285,154,41,11,491,0,0,0,491
02/04/2023,ANC,AK,AAL,WE,Towers with Radar,271,75,23,8,377,0,16,46,0,62,271,91,69,8,439,34,0,34,473
02/05/2023,ANC,AK,AAL,WE,Towers with Radar,224,51,19,2,296,0,16,9,1,26,224,67,28,3,322,0,0,0,322
02/06/2023,ANC,AK,AAL,WE,Towers with Radar,290,133,35,7,465,0,10,3,0,13,290,143,38,7,478,0,0,0,478
02/07/2023,ANC,AK,AAL,WE,Towers with Radar,264,149,37,13,463,0,21,9,2,32,264,170,46,15,495,0,0,0,495
02/08/2023,ANC,AK,AAL,WE,Towers with Radar,301,164,28,8,501,0,7,3,0,10,301,171,31,8,511,0,0,0,511
02/09/2023,ANC,AK,AAL,WE,Towers with Radar,322,157,38,9,526,0,7,7,0,14,322,164,45,9,540,0,0,0,540
02/10/2023,ANC,AK,AAL,WE,Towers with Radar,291,133,23,6,453,0,33,12,3,48,291,166,35,9,501,0,0,0,501
02/11/2023,ANC,AK,AAL,WE,Towers with Radar,300,93,16,8,417,0,2,0,0,2,300,95,16,8,419,0,0,0,419
02/12/2023,ANC,AK,AAL,WE,Towers with Radar,243,65,18,2,328,0,1,0,0,1,243,66,18,2,329,0,0,0,329
02/13/2023,ANC,AK,AAL,WE,Towers with Radar,300,117,36,5,458,0,27,12,1,40,300,144,48,6,498,0,0,0,498
02/14/2023,ANC,AK,AAL,WE,Towers with Radar,294,143,30,6,473,0,30,55,4,89,294,173,85,10,562,0,0,0,562
02/15/2023,ANC,AK,AAL,WE,Towers with Radar,328,162,36,10,536,0,31,71,3,105,328,193,107,13,641,2,0,2,643
02/16/2023,ANC,AK,AAL,WE,Towers with Radar,324,156,33,6,519,0,19,17,2,38,324,175,50,8,557,6,0,6,563
02/17/2023,ANC,AK,AAL,WE,Towers with Radar,309,151,22,9,491,0,15,14,0,29,309,166,36,9,520,6,0,6,526
02/18/2023,ANC,AK,AAL,WE,Towers with Radar,313,98,13,9,433,0,3,7,0,10,313,101,20,9,443,8,0,8,451
02/19/2023,ANC,AK,AAL,WE,Towers with Radar,242,70,16,5,333,0,3,54,0,57,242,73,70,5,390,12,0,12,402
02/20/2023,ANC,AK,AAL,WE,Towers with Radar,325,98,37,2,462,0,50,61,0,111,325,148,98,2,573,10,0,10,583
02/21/2023,ANC,AK,AAL,WE,Towers with Radar,287,132,30,6,455,0,90,128,10,228,287,222,158,16,683,40,0,40,723
02/22/2023,ANC,AK,AAL,WE,Towers with Radar,325,123,32,6,486,0,49,79,5,133,325,172,111,11,619,23,0,23,642
02/23/2023,ANC,AK,AAL,WE,Towers with Radar,310,137,32,13,492,0,6,1,0,7,310,143,33,13,499,0,0,0,499
02/24/2023,ANC,AK,AAL,WE,Towers with Radar,305,151,39,11,506,0,13,24,0,37,305,164,63,11,543,12,0,12,555
02/25/2023,ANC,AK,AAL,WE,Towers with Radar,320,79,21,14,434,0,17,65,1,83,320,96,86,15,517,12,0,12,529
02/26/2023,ANC,AK,AAL,WE,Towers with Radar,270,60,19,3,352,0,15,66,2,83,270,75,85,5,435,8,0,8,443
02/27/2023,ANC,AK,AAL,WE,Towers with Radar,316,128,25,7,476,0,72,161,4,237,316,200,186,11,713,28,0,28,741
02/28/2023,ANC,AK,AAL,WE,Towers with Radar,296,106,17,14,433,0,8,12,1,21,296,114,29,15,454,2,0,2,456
03/01/2023,ANC,AK,AAL,WE,Towers with Radar,337,131,18,17,503,0,28,29,4,61,337,159,47,21,564,0,0,0,564
03/02/2023,ANC,AK,AAL,WE,Towers with Radar,346,126,26,13,511,0,61,86,7,154,346,187,112,20,665,8,0,8,673
03/03/2023,ANC,AK,AAL,WE,Towers with Radar,318,122,26,15,481,0,65,107,8,180,318,187,133,23,661,10,0,10,671
03/04/2023,ANC,AK,AAL,WE,Towers with Radar,318,61,13,6,398,0,20,183,7,210,318,81,196,13,608,22,0,22,630
03/05/2023,ANC,AK,AAL,WE,Towers with Radar,288,59,21,9,377,0,39,168,6,213,288,98,189,15,590,39,0,39,629
03/06/2023,ANC,AK,AAL,WE,Towers with Radar,311,109,17,3,440,0,70,161,12,243,311,179,178,15,683,14,0,14,697
03/07/2023,ANC,AK,AAL,WE,Towers with Radar,316,118,23,11,468,0,74,196,7,277,316,192,219,18,745,62,0,62,807
03/08/2023,ANC,AK,AAL,WE,Towers with Radar,337,132,23,14,506,0,49,149,9,207,337,181,172,23,713,18,0,18,731
03/09/2023,ANC,AK,AAL,WE,Towers with Radar,350,124,29,12,515,0,73,124,6,203,350,197,153,18,718,28,0,28,746
03/10/2023,ANC,AK,AAL,WE,Towers with Radar,337,111,24,12,484,0,37,25,12,74,337,148,49,24,558,0,0,0,558
03/11/2023,ANC,AK,AAL,WE,Towers with Radar,346,77,15,11,449,0,35,154,1,190,346,112,169,12,639,8,0,8,647
03/12/2023,ANC,AK,AAL,WE,Towers with Radar,303,55,20,4,382,0,25,153,2,180,303,80,173,6,562,22,0,22,584
03/13/2023,ANC,AK,AAL,WE,Towers with Radar,349,103,24,3,479,0,43,61,1,105,349,146,85,4,584,46,0,46,630
03/14/2023,ANC,AK,AAL,WE,Towers with Radar,323,115,23,14,475,0,56,94,8,158,323,171,117,22,633,44,0,44,677
03/15/2023,ANC,AK,AAL,WE,Towers with Radar,360,110,24,11,505,0,51,128,10,189,360,161,152,21,694,60,0,60,754
03/16/2023,ANC,AK,AAL,WE,Towers with Radar,334,123,25,15,497,0,36,124,7,167,334,159,149,22,664,91,0,91,755
03/17/2023,ANC,AK,AAL,WE,Towers with Radar,334,122,40,13,509,0,13,32,0,45,334,135,72,13,554,30,0,30,584
03/18/2023,ANC,AK,AAL,WE,Towers with Radar,341,59,23,9,432,0,18,48,0,66,341,77,71,9,498,12,0,12,510
03/19/2023,ANC,AK,AAL,WE,Towers with Radar,295,71,32,3,401,0,32,101,0,133,295,103,133,3,534,62,0,62,596
03/20/2023,ANC,AK,AAL,WE,Towers with Radar,333,113,50,0,496,0,38,58,7,103,333,151,108,7,599,24,0,24,623
03/21/2023,ANC,AK,AAL,WE,Towers with Radar,315,125,35,8,483,0,65,78,4,147,315,190,113,12,630,58,0,58,688
03/22/2023,ANC,AK,AAL,WE,Towers with Radar,354,116,40,8,518,0,32,42,3,77,354,148,82,11,595,20,0,20,615
03/23/2023,ANC,AK,AAL,WE,Towers with Radar,348,136,34,9,527,0,28,47,8,83,348,164,81,17,610,0,0,0,610
03/24/2023,ANC,AK,AAL,WE,Towers with Radar,340,140,31,12,523,0,36,35,7,78,340,176,66,19,601,0,0,0,601
03/25/2023,ANC,AK,AAL,WE,Towers with Radar,328,70,19,5,422,0,28,106,1,135,328,98,125,6,557,2,0,2,559
03/26/2023,ANC,AK,AAL,WE,Towers with Radar,284,43,18,6,351,0,32,104,0,136,284,75,122,6,487,40,0,40,527
03/27/2023,ANC,AK,AAL,WE,Towers with Radar,346,126,19,9,500,0,45,62,3,110,346,171,81,12,610,42,0,42,652
03/28/2023,ANC,AK,AAL,WE,Towers with Radar,326,161,21,8,516,0,36,68,0,104,326,197,89,8,620,0,0,0,620
03/29/2023,ANC,AK,AAL,WE,Towers with Radar,360,130,27,4,521,0,45,82,5,132,360,175,109,9,653,48,0,48,701
03/30/2023,ANC,AK,AAL,WE,Towers with Radar,377,168,34,14,593,0,20,65,0,85,377,188,99,14,678,20,0,20,698
03/31/2023,ANC,AK,AAL,WE,Towers with Radar,333,142,36,21,532,0,46,122,8,176,333,188,158,29,708,30,0,30,738
04/01/2023,ANC,AK,AAL,WE,Towers with Radar,337,74,22,6,439,0,59,169,2,230,337,133,191,8,669,134,0,134,803
04/02/2023,ANC,AK,AAL,WE,Towers with Radar,290,48,17,6,361,0,29,126,1,156,290,77,143,7,517,45,0,45,562
04/03/2023,ANC,AK,AAL,WE,Towers with Radar,355,99,12,4,470,0,42,96,12,150,355,141,108,16,620,26,0,26,646
04/04/2023,ANC,AK,AAL,WE,Towers with Radar,325,143,22,9,499,0,42,103,3,148,325,185,125,12,647,18,0,18,665
04/05/2023,ANC,AK,AAL,WE,Towers with Radar,370,178,44,15,607,0,15,32,0,47,370,193,76,15,654,20,0,20,674
04/06/2023,ANC,AK,AAL,WE,Towers with Radar,367,161,37,11,576,0,36,113,4,153,367,197,150,15,729,28,0,28,757
04/07/2023,ANC,AK,AAL,WE,Towers with Radar,345,148,28,12,533,0,55,211,8,274,345,203,239,20,807,42,0,42,849
04/08/2023,ANC,AK,AAL,WE,Towers with Radar,355,102,30,6,493,0,20,14,0,34,355,122,44,6,527,0,0,0,527
04/09/2023,ANC,AK,AAL,WE,Towers with Radar,283,69,18,5,375,0,5,1,0,6,283,74,19,5,381,0,0,0,381
04/10/2023,ANC,AK,AAL,WE,Towers with Radar,332,169,22,11,534,0,8,7,0,15,332,177,29,11,549,0,0,0,549
04/11/2023,ANC,AK,AAL,WE,Towers with Radar,326,166,30,12,534,0,18,25,2,45,326,184,55,14,579,4,0,4,583
04/12/2023,ANC,AK,AAL,WE,Towers with Radar,333,142,30,11,516,0,30,44,3,77,333,172,74,14,593,10,0,10,603
04/13/2023,ANC,AK,AAL,WE,Towers with Radar,330,148,38,16,532,0,27,59,2,88,330,175,97,18,620,10,0,10,630
04/14/2023,ANC,AK,AAL,WE,Towers with Radar,296,142,25,19,482,0,21,62,0,83,296,163,87,19,565,48,0,48,613
04/15/2023,ANC,AK,AAL,WE,Towers with Radar,342,78,39,13,472,0,38,176,3,217,342,116,215,16,689,50,0,50,739
04/16/2023,ANC,AK,AAL,WE,Towers with Radar,301,72,20,3,396,0,24,153,0,177,301,96,173,3,573,148,0,148,721
04/17/2023,ANC,AK,AAL,WE,Towers with Radar,334,119,21,14,488,1,49,125,12,187,335,168,146,26,675,74,0,74,749
04/18/2023,ANC,AK,AAL,WE,Towers with Radar,332,136,20,10,498,0,61,176,8,245,332,197,196,18,743,60,0,60,803
04/19/2023,ANC,AK,AAL,WE,Towers with Radar,341,129,18,14,502,0,42,138,7,187,341,171,156,21,689,80,0,80,769
04/20/2023,ANC,AK,AAL,WE,Towers with Radar,378,117,28,8,531,0,54,159,8,221,378,171,187,16,752,102,0,102,854
04/21/2023,ANC,AK,AAL,WE,Towers with Radar,352,135,28,10,525,0,55,200,8,263,352,190,228,18,788,62,0,62,850
04/22/2023,ANC,AK,AAL,WE,Towers with Radar,370,81,25,10,486,0,36,115,3,154,370,117,140,13,640,36,0,36,676
04/23/2023,ANC,AK,AAL,WE,Towers with Radar,298,56,34,11,399,0,21,42,3,66,298,77,76,14,465,0,0,0,465
04/24/2023,ANC,AK,AAL,WE,Towers with Radar,337,101,21,8,467,0,36,132,20,188,337,137,153,28,655,30,0,30,685
04/25/2023,ANC,AK,AAL,WE,Towers with Radar,324,124,28,11,487,0,43,91,13,147,324,167,119,24,634,38,0,38,672
04/26/2023,ANC,AK,AAL,WE,Towers with Radar,365,139,27,12,543,0,43,79,9,131,365,182,106,21,674,36,0,36,710
04/27/2023,ANC,AK,AAL,WE,Towers with Radar,377,118,23,16,534,0,47,136,5,188,377,165,159,21,722,44,0,44,766
04/28/2023,ANC,AK,AAL,WE,Towers with Radar,350,133,20,8,511,0,40,145,11,196,350,173,165,19,707,18,0,18,725
04/29/2023,ANC,AK,AAL,WE,Towers with Radar,341,83,15,9,448,0,20,222,1,243,341,103,237,10,691,50,0,50,741
04/30/2023,ANC,AK,AAL,WE,Towers with Radar,313,57,13,4,387,1,36,127,1,165,314,93,140,5,552,20,0,20,572
05/01/2023,ANC,AK,AAL,WE,Towers with Radar,327,104,32,13,476,0,33,48,5,86,327,137,80,18,562,16,0,16,578
05/02/2023,ANC,AK,AAL,WE,Towers with Radar,279,125,30,20,454,0,52,112,5,169,279,177,142,25,623,70,0,70,693
05/03/2023,ANC,AK,AAL,WE,Towers with Radar,320,166,38,22,546,0,5,8,1,14,320,171,46,23,560,0,0,0,560
05/04/2023,ANC,AK,AAL,WE,Towers with Radar,336,146,39,21,542,0,43,159,9,211,336,189,198,30,753,42,0,42,795
05/05/2023,ANC,AK,AAL,WE,Towers with Radar,322,139,37,14,512,0,60,258,12,330,322,199,295,26,842,46,0,46,888
05/06/2023,ANC,AK,AAL,WE,Towers with Radar,316,109,26,8,459,0,17,149,7,173,316,126,175,15,632,32,0,32,664
05/07/2023,ANC,AK,AAL,WE,Towers with Radar,291,55,25,5,376,0,27,72,4,103,291,82,97,9,479,0,0,0,479
05/08/2023,ANC,AK,AAL,WE,Towers with Radar,330,104,37,14,485,0,39,124,12,175,330,143,161,26,660,20,0,20,680
05/09/2023,ANC,AK,AAL,WE,Towers with Radar,329,121,31,19,500,0,43,85,11,139,329,164,116,30,639,12,0,12,651
05/10/2023,ANC,AK,AAL,WE,Towers with Radar,366,123,31,12,532,0,49,151,6,206,366,172,182,18,738,88,0,88,826
05/11/2023,ANC,AK,AAL,WE,Towers with Radar,376,135,20,18,549,0,65,160,18,243,376,200,180,36,792,28,0,28,820
05/12/2023,ANC,AK,AAL,WE,Towers with Radar,359,139,43,15,556,0,61,234,19,314,359,200,277,34,870,140,0,140,1010
05/13/2023,ANC,AK,AAL,WE,Towers with Radar,362,94,14,8,478,0,21,56,15,92,362,115,70,23,570,38,0,38,608
05/14/2023,ANC,AK,AAL,WE,Towers with Radar,309,48,15,8,380,0,24,59,9,92,309,72,74,17,472,16,0,16,488
05/15/2023,ANC,AK,AAL,WE,Towers with Radar,351,108,47,6,512,0,59,134,19,212,351,167,181,25,724,66,0,66,790
05/16/2023,ANC,AK,AAL,WE,Towers with Radar,327,137,34,23,521,0,48,75,10,133,327,185,109,33,654,100,0,100,754
05/17/2023,ANC,AK,AAL,WE,Towers with Radar,362,124,32,23,541,0,65,284,11,360,362,189,316,34,901,100,0,100,1001
05/18/2023,ANC,AK,AAL,WE,Towers with Radar,400,126,49,16,591,0,97,277,24,398,400,223,326,40,989,80,0,80,1069
05/19/2023,ANC,AK,AAL,WE,Towers with Radar,369,134,45,15,563,0,68,213,11,292,369,202,258,26,855,30,0,30,885
05/20/2023,ANC,AK,AAL,WE,Towers with Radar,372,92,27,11,502,0,51,202,7,260,372,143,229,18,762,52,0,52,814
05/21/2023,ANC,AK,AAL,WE,Towers with Radar,354,61,24,10,449,0,41,189,9,239,354,102,213,19,688,56,0,56,744
05/22/2023,ANC,AK,AAL,WE,Towers with Radar,365,110,37,9,521,0,107,195,15,317,365,217,232,24,838,118,0,118,956
05/23/2023,ANC,AK,AAL,WE,Towers with Radar,339,130,44,14,527,0,90,224,14,328,339,220,268,28,855,62,0,62,917
05/24/2023,ANC,AK,AAL,WE,Towers with Radar,385,147,43,9,584,0,103,240,13,356,385,250,283,22,940,42,0,42,982
05/25/2023,ANC,AK,AAL,WE,Towers with Radar,406,163,47,19,635,0,64,169,8,241,406,227,216,27,876,36,0,36,912
05/26/2023,ANC,AK,AAL,WE,Towers with Radar,366,164,44,24,598,1,77,130,2,210,367,241,174,26,808,28,0,28,836
05/27/2023,ANC,AK,AAL,WE,Towers with Radar,384,114,17,15,530,0,71,285,4,360,384,185,302,19,890,14,0,14,904
05/28/2023,ANC,AK,AAL,WE,Towers with Radar,322,89,27,13,451,0,60,182,10,252,322,149,209,23,703,22,0,22,725
05/29/2023,ANC,AK,AAL,WE,Towers with Radar,340,67,28,6,441,0,104,281,10,395,340,171,309,16,836,10,0,10,846
05/30/2023,ANC,AK,AAL,WE,Towers with Radar,335,119,39,21,514,0,102,187,13,302,335,221,226,34,816,30,0,30,846
05/31/2023,ANC,AK,AAL,WE,Towers with Radar,384,137,51,17,589,0,108,250,22,380,384,245,301,39,969,58,0,58,1027
06/01/2023,ANC,AK,AAL,WE,Towers with Radar,392,162,56,14,624,0,146,201,17,364,392,308,257,31,988,54,0,54,1042
06/02/2023,ANC,AK,AAL,WE,Towers with Radar,384,150,43,10,587,0,92,144,9,245,384,242,187,19,832,18,0,18,850
06/03/2023,ANC,AK,AAL,WE,Towers with Radar,383,128,32,16,559,0,115,231,6,352,383,243,263,22,911,26,0,26,937
06/04/2023,ANC,AK,AAL,WE,Towers with Radar,333,90,29,9,461,0,106,329,12,447,333,196,358,21,908,20,0,20,928
06/05/2023,ANC,AK,AAL,WE,Towers with Radar,389,150,47,11,597,0,176,289,18,483,389,326,336,29,1080,15,0,15,1095
06/06/2023,ANC,AK,AAL,WE,Towers with Radar,333,147,35,10,525,0,143,228,17,388,333,290,263,27,913,8,0,8,921
06/07/2023,ANC,AK,AAL,WE,Towers with Radar,417,157,54,17,645,0,130,249,20,399,417,287,303,37,1044,67,0,67,1111
06/08/2023,ANC,AK,AAL,WE,Towers with Radar,414,173,51,28,666,0,148,261,20,429,414,321,312,48,1095,52,0,52,1147
06/09/2023,ANC,AK,AAL,WE,Towers with Radar,390,176,43,13,622,0,146,224,14,384,390,322,267,27,1006,24,0,24,1030
06/10/2023,ANC,AK,AAL,WE,Towers with Radar,382,125,48,14,569,0,148,191,12,351,382,273,239,26,920,20,0,20,940
06/11/2023,ANC,AK,AAL,WE,Towers with Radar,333,102,30,11,476,0,122,114,9,245,333,224,144,20,721,32,0,32,753
06/12/2023,ANC,AK,AAL,WE,Towers with Radar,401,143,37,17,598,0,152,149,16,317,401,295,186,33,915,22,0,22,937
06/13/2023,ANC,AK,AAL,WE,Towers with Radar,374,166,60,22,622,0,147,167,13,327,374,313,227,35,949,66,0,66,1015
06/14/2023,ANC,AK,AAL,WE,Towers with Radar,426,162,53,14,655,0,164,242,21,427,426,326,295,35,1082,36,0,36,1118
06/15/2023,ANC,AK,AAL,WE,Towers with Radar,426,189,58,19,692,0,160,280,24,464,426,349,338,43,1156,14,0,14,1170
06/16/2023,ANC,AK,AAL,WE,Towers with Radar,407,170,39,14,630,0,162,281,14,457,407,332,320,28,1087,30,0,30,1117
06/17/2023,ANC,AK,AAL,WE,Towers with Radar,395,128,39,10,572,0,138,348,12,498,395,266,387,22,1070,32,0,32,1102
06/18/2023,ANC,AK,AAL,WE,Towers with Radar,380,84,25,11,500,0,159,367,10,536,380,243,392,21,1036,8,0,8,1044
06/19/2023,ANC,AK,AAL,WE,Towers with Radar,417,122,34,9,582,0,165,360,18,543,417,287,394,27,1125,54,0,54,1179
06/20/2023,ANC,AK,AAL,WE,Towers with Radar,371,198,67,30,666,0,63,143,1,207,371,261,210,31,873,40,0,40,913
06/21/2023,ANC,AK,AAL,WE,Towers with Radar,422,188,54,25,689,0,102,100,0,202,422,290,154,25,891,44,0,44,935
06/22/2023,ANC,AK,AAL,WE,Towers with Radar,430,184,76,28,718,0,125,207,4,336,430,309,283,32,1054,16,0,16,1070
06/23/2023,ANC,AK,AAL,WE,Towers with Radar,413,171,69,20,673,0,182,301,11,494,413,353,370,31,1167,26,0,26,1193
06/24/2023,ANC,AK,AAL,WE,Towers with Radar,376,123,55,18,572,0,157,232,7,396,376,280,287,25,968,32,0,32,1000
06/25/2023,ANC,AK,AAL,WE,Towers with Radar,369,97,42,12,520,0,94,79,11,184,369,191,121,23,704,0,0,0,704
06/26/2023,ANC,AK,AAL,WE,Towers with Radar,405,154,42,10,611,0,173,255,11,439,405,327,297,21,1050,32,0,32,1082
06/27/2023,ANC,AK,AAL,WE,Towers with Radar,367,174,49,27,617,0,145,207,6,358,367,319,256,33,975,32,0,32,1007
06/28/2023,ANC,AK,AAL,WE,Towers with Radar,421,220,74,33,748,0,65,100,3,168,421,285,174,36,916,26,0,26,942
06/29/2023,ANC,AK,AAL,WE,Towers with Radar,426,194,72,29,721,0,120,160,7,287,426,314,232,36,1008,48,0,48,1056
06/30/2023,ANC,AK,AAL,WE,Towers with Radar,407,172,60,16,655,0,168,463,19,650,407,340,523,35,1305,69,0,69,1374
07/01/2023,ANC,AK,AAL,WE,Towers with Radar,419,120,53,12,604,0,148,380,11,539,419,268,433,23,1143,34,0,34,1177
07/02/2023,ANC,AK,AAL,WE,Towers with Radar,360,86,46,11,503,0,189,208,11,408,360,275,254,22,911,12,0,12,923
07/03/2023,ANC,AK,AAL,WE,Towers with Radar,396,152,48,15,611,0,162,176,7,345,396,314,224,22,956,38,0,38,994
07/04/2023,ANC,AK,AAL,WE,Towers with Radar,375,71,30,6,482,0,126,251,0,377,375,197,281,6,859,6,0,6,865
07/05/2023,ANC,AK,AAL,WE,Towers with Radar,406,169,58,26,659,0,158,248,19,425,406,327,306,45,1084,42,0,42,1126
07/06/2023,ANC,AK,AAL,WE,Towers with Radar,413,227,96,35,771,0,16,32,0,48,413,243,128,35,819,25,0,25,844
07/07/2023,ANC,AK,AAL,WE,Towers with Radar,413,192,68,30,703,0,128,111,7,246,413,320,179,37,949,0,0,0,949
07/08/2023,ANC,AK,AAL,WE,Towers with Radar,426,125,48,9,608,0,154,326,9,489,426,279,374,18,1097,34,0,34,1131
07/09/2023,ANC,AK,AAL,WE,Towers with Radar,365,84,47,7,503,0,185,385,10,580,365,269,432,17,1083,66,0,66,1149
07/10/2023,ANC,AK,AAL,WE,Towers with Radar,415,169,55,25,664,0,76,133,11,220,415,245,188,36,884,20,0,20,904
07/11/2023,ANC,AK,AAL,WE,Towers with Radar,392,163,53,17,625,0,126,201,20,347,392,289,254,37,972,20,0,20,992
07/12/2023,ANC,AK,AAL,WE,Towers with Radar,448,162,54,22,686,0,199,371,17,587,448,361,425,39,1273,40,0,40,1313
07/13/2023,ANC,AK,AAL,WE,Towers with Radar,415,152,54,12,633,0,173,425,25,623,415,325,479,37,1256,50,0,50,1306
07/14/2023,ANC,AK,AAL,WE,Towers with Radar,411,145,48,14,618,0,164,382,13,559,411,309,430,27,1177,30,0,30,1207
07/15/2023,ANC,AK,AAL,WE,Towers with Radar,404,135,55,26,620,0,14,27,1,42,404,149,82,27,662,20,0,20,682
07/16/2023,ANC,AK,AAL,WE,Towers with Radar,370,137,71,22,600,0,59,82,0,141,370,196,153,22,741,24,0,24,765
07/17/2023,ANC,AK,AAL,WE,Towers with Radar,404,181,61,15,661,0,142,178,8,328,404,323,239,23,989,20,0,20,1009
07/18/2023,ANC,AK,AAL,WE,Towers with Radar,389,166,56,19,630,0,195,418,23,636,389,361,474,42,1266,32,0,32,1298
07/19/2023,ANC,AK,AAL,WE,Towers with Radar,408,172,52,24,656,0,171,239,14,424,408,343,291,38,1080,48,0,48,1128
07/20/2023,ANC,AK,AAL,WE,Towers with Radar,410,189,76,26,701,0,117,233,16,366,410,306,309,42,1067,22,0,22,1089
07/21/2023,ANC,AK,AAL,WE,Towers with Radar,405,174,65,15,659,0,177,407,16,600,405,351,472,31,1259,26,0,26,1285
07/22/2023,ANC,AK,AAL,WE,Towers with Radar,424,134,53,12,623,1,183,363,21,568,425,317,416,33,1191,14,0,14,1205
07/23/2023,ANC,AK,AAL,WE,Towers with Radar,363,111,56,7,537,0,218,420,16,654,363,329,476,23,1191,6,0,6,1197
07/24/2023,ANC,AK,AAL,WE,Towers with Radar,414,139,38,11,602,0,213,318,19,550,414,352,356,30,1152,38,0,38,1190
07/25/2023,ANC,AK,AAL,WE,Towers with Radar,382,160,61,13,616,0,176,330,27,533,382,336,391,40,1149,24,0,24,1173
07/26/2023,ANC,AK,AAL,WE,Towers with Radar,453,208,63,26,750,0,185,331,16,532,453,393,394,42,1282,36,0,36,1318
07/27/2023,ANC,AK,AAL,WE,Towers with Radar,407,199,52,16,674,0,184,351,32,567,407,383,403,48,1241,8,0,8,1249
07/28/2023,ANC,AK,AAL,WE,Towers with Radar,409,192,69,16,686,0,158,293,9,460,409,350,362,25,1146,12,0,12,1158
07/29/2023,ANC,AK,AAL,WE,Towers with Radar,404,157,65,23,649,0,52,38,2,92,404,209,103,25,741,22,0,22,763
07/30/2023,ANC,AK,AAL,WE,Towers with Radar,368,129,82,15,594,3,101,232,10,346,371,230,314,25,940,6,0,6,946
07/31/2023,ANC,AK,AAL,WE,Towers with Radar,410,153,61,13,637,0,202,344,13,559,410,355,405,26,1196,22,0,22,1218
08/01/2023,ANC,AK,AAL,WE,Towers with Radar,386,154,49,16,605,0,221,405,29,655,386,375,454,45,1260,14,0,14,1274
08/02/2023,ANC,AK,AAL,WE,Towers with Radar,433,159,47,15,654,1,204,369,29,603,434,363,416,44,1257,40,0,40,1297
08/03/2023,ANC,AK,AAL,WE,Towers with Radar,433,178,70,14,695,0,145,314,20,479,433,323,384,34,1174,46,0,46,1220
08/04/2023,ANC,AK,AAL,WE,Towers with Radar,438,158,60,10,666,1,212,342,13,568,439,370,402,23,1234,14,0,14,1248
08/05/2023,ANC,AK,AAL,WE,Towers with Radar,435,120,85,11,651,0,171,337,19,527,435,291,422,30,1178,18,0,18,1196
08/06/2023,ANC,AK,AAL,WE,Towers with Radar,388,87,51,17,543,0,179,254,12,445,388,266,305,29,988,14,0,14,1002
08/07/2023,ANC,AK,AAL,WE,Towers with Radar,420,153,35,13,621,0,175,212,11,398,420,328,247,24,1019,8,0,8,1027
08/08/2023,ANC,AK,AAL,WE,Towers with Radar,411,255,59,6,731,0,150,200,8,358,411,405,259,14,1089,42,0,42,1131
08/09/2023,ANC,AK,AAL,WE,Towers with Radar,426,191,69,9,695,0,107,159,16,282,426,298,228,25,977,90,0,90,1067
08/10/2023,ANC,AK,AAL,WE,Towers with Radar,432,205,61,17,715,0,158,272,12,442,432,363,333,29,1157,72,0,72,1229
08/11/2023,ANC,AK,AAL,WE,Towers with Radar,437,164,68,9,678,0,214,362,13,589,437,378,430,22,1267,60,0,60,1327
08/12/2023,ANC,AK,AAL,WE,Towers with Radar,442,110,51,15,618,0,108,188,9,305,442,218,239,24,923,22,0,22,945
08/13/2023,ANC,AK,AAL,WE,Towers with Radar,368,87,51,3,509,0,184,251,6,441,368,271,302,9,950,6,0,6,956
08/14/2023,ANC,AK,AAL,WE,Towers with Radar,428,140,40,5,613,0,229,269,12,510,428,369,309,17,1123,20,0,20,1143
08/15/2023,ANC,AK,AAL,WE,Towers with Radar,388,160,51,12,611,0,142,239,13,394,388,302,290,25,1005,12,0,12,1017
08/16/2023,ANC,AK,AAL,WE,Towers with Radar,448,213,58,16,735,0,114,102,6,222,448,327,160,22,957,20,0,20,977
08/17/2023,ANC,AK,AAL,WE,Towers with Radar,426,149,38,21,634,0,205,451,25,681,426,354,489,46,1315,6,0,6,1321
08/18/2023,ANC,AK,AAL,WE,Towers with Radar,408,171,61,9,649,0,208,456,19,683,408,379,517,28,1332,28,0,28,1360
08/19/2023,ANC,AK,AAL,WE,Towers with Radar,424,104,66,10,604,0,147,348,9,504,424,251,414,19,1108,10,0,10,1118
08/20/2023,ANC,AK,AAL,WE,Towers with Radar,382,87,65,9,543,0,154,332,6,492,382,241,397,15,1035,8,0,8,1043
08/21/2023,ANC,AK,AAL,WE,Towers with Radar,408,137,47,9,601,0,199,286,9,494,408,336,333,18,1095,14,0,14,1109
08/22/2023,ANC,AK,AAL,WE,Towers with Radar,404,177,43,16,640,0,213,321,13,547,404,390,364,29,1187,2,0,2,1189
08/23/2023,ANC,AK,AAL,WE,Towers with Radar,448,193,61,13,715,0,199,360,9,568,448,392,421,22,1283,53,0,53,1336
08/24/2023,ANC,AK,AAL,WE,Towers with Radar,429,215,71,16,731,0,23,68,6,97,429,238,139,22,828,16,0,16,844
08/25/2023,ANC,AK,AAL,WE,Towers with Radar,410,207,74,10,701,0,118,166,1,285,410,325,240,11,986,52,0,52,1038
08/26/2023,ANC,AK,AAL,WE,Towers with Radar,431,122,43,6,602,0,26,23,4,53,431,148,66,10,655,0,0,0,655
08/27/2023,ANC,AK,AAL,WE,Towers with Radar,390,123,56,8,577,0,112,79,2,193,390,235,135,10,770,2,0,2,772
08/28/2023,ANC,AK,AAL,WE,Towers with Radar,415,232,83,10,740,0,56,32,3,91,415,288,115,13,831,4,0,4,835
08/29/2023,ANC,AK,AAL,WE,Towers with Radar,383,187,52,11,633,0,114,153,12,279,383,301,205,23,912,97,0,97,1009
08/30/2023,ANC,AK,AAL,WE,Towers with Radar,448,185,71,11,715,0,175,276,15,466,448,360,347,26,1181,42,0,42,1223
08/31/2023,ANC,AK,AAL,WE,Towers with Radar,415,162,50,10,637,0,43,48,8,99,415,205,98,18,736,8,0,8,744
